0 0 0 0 0 0 0 0 0 0 0 0 0 0 0 0 0 0 0 0 0 0 0 0 0 0 0 0 0 0 0 0 0 0 0 0 0 0 0 0 0 0 0 0 0 0 0 0 0 0 0 0 0 0 0 0 0 0 0 0 0 0 0 0 0 0 0 0 0 0 0 0 0 0 0 0 0 0 0 0 0 0 0 0 0 0 0 0 0 0 0 0 0 0 0 0 0 0 0 0 0 0 0 0 0 0 0 0 0 0 0 0 0 0 0 0 0 0 0 0 0 0 0 0 0 0 0 0 0 0 0 0 0 0 0 0 0 0 0 0 0 0 0 0 0 0 0 0 0 0 0 0 0 0 0 0 0 0 0 0 0 0 0 0 0 0 0 0 0 0 0 0 0 0 0 0 0 0 0 0 0 0 0 0 0 0 0 0 0 0 0 0 0 0 0 0 0 0 0 0 
0 1.08621e-61 2.13802e-59 2.7561e-57 2.61706e-55 1.95205e-53 1.19109e-51 6.1137e-50 2.69406e-48 1.03509e-46 3.50989e-45 1.06071e-43 2.87987e-42 7.07161e-41 1.57936e-39 3.22371e-38 6.03865e-37 1.04183e-35 1.66071e-34 2.45264e-33 3.36415e-32 4.29499e-31 5.11366e-30 5.68766e-29 5.91887e-28 5.771e-27 5.27854e-26 4.53439e-25 3.66193e-24 2.78287e-23 1.99175e-22 1.34362e-21 8.5493e-21 5.13435e-20 2.91215e-19 1.56089e-18 7.91066e-18 3.79292e-17 1.72145e-16 7.39977e-16 3.01432e-15 1.1643e-14 4.26696e-14 1.48469e-13 4.90824e-13 1.54286e-12 4.61531e-12 1.31506e-11 3.57261e-11 9.2637e-11 2.29529e-10 5.44093e-10 1.23552e-09 2.69125e-09 5.63112e-09 1.13345e-08 2.19796e-08 4.11239e-08 7.43504e-08 1.30088e-07 2.20599e-07 3.63091e-07 5.80893e-07 9.04586e-07 1.37298e-06 2.03376e-06 2.94379e-06 4.16874e-06 5.78218e-06 7.86401e-06 1.04982e-05 1.37699e-05 1.77626e-05 2.2554e-05 2.82128e-05 3.47954e-05 4.23421e-05 5.08749e-05 6.03949e-05 7.08812e-05 8.22897e-05 9.45534e-05 0.000107583 0.000121267 0.000135478 0.000150067 0.000164874 0.000179728 0.000194451 0.000208858 0.000222766 0.000235994 0.000248365 0.000259716 0.00026989 0.00027875 0.000286173 0.000292056 0.000296318 0.000298899 0.000299763 0.000298899 0.000296318 0.000292056 0.000286173 0.00027875 0.00026989 0.000259716 0.000248365 0.000235994 0.000222766 0.000208858 0.000194451 0.000179728 0.000164874 0.000150067 0.000135478 0.000121267 0.000107583 9.45534e-05 8.22897e-05 7.08812e-05 6.03949e-05 5.08749e-05 4.23421e-05 3.47954e-05 2.82128e-05 2.2554e-05 1.77626e-05 1.37699e-05 1.04982e-05 7.86401e-06 5.78218e-06 4.16874e-06 2.94379e-06 2.03376e-06 1.37298e-06 9.04586e-07 5.80893e-07 3.63091e-07 2.20599e-07 1.30088e-07 7.43504e-08 4.11239e-08 2.19796e-08 1.13345e-08 5.63112e-09 2.69125e-09 1.23552e-09 5.44093e-10 2.29529e-10 9.2637e-11 3.57261e-11 1.31506e-11 4.61531e-12 1.54286e-12 4.90824e-13 1.48469e-13 4.26696e-14 1.1643e-14 3.01432e-15 7.39977e-16 1.72145e-16 3.79292e-17 7.91066e-18 1.56089e-18 2.91215e-19 5.13435e-20 8.5493e-21 1.34362e-21 1.99175e-22 2.78287e-23 3.66193e-24 4.53439e-25 5.27854e-26 5.771e-27 5.91887e-28 5.68766e-29 5.11366e-30 4.29499e-31 3.36415e-32 2.45264e-33 1.66071e-34 1.04183e-35 6.03865e-37 3.22371e-38 1.57936e-39 7.07161e-41 2.87987e-42 1.06071e-43 3.50989e-45 1.03509e-46 2.69406e-48 6.1137e-50 1.19109e-51 1.95205e-53 2.61706e-55 2.7561e-57 2.138e-59 5.45149e-62 
0 2.13802e-59 2.78432e-57 2.67121e-55 2.01329e-53 1.24147e-51 6.44051e-50 2.86881e-48 1.11431e-46 3.82043e-45 1.16751e-43 3.2058e-42 7.96232e-41 1.79895e-39 3.71506e-38 7.04176e-37 1.2295e-35 1.9837e-34 2.96568e-33 4.11845e-32 5.3241e-31 6.41949e-30 7.23177e-29 7.62342e-28 7.5304e-27 6.97896e-26 6.07516e-25 4.97235e-24 3.83005e-23 2.77876e-22 1.90036e-21 1.22594e-20 7.46505e-20 4.29332e-19 2.33347e-18 1.19922e-17 5.83062e-17 2.68336e-16 1.16956e-15 4.83034e-15 1.89141e-14 7.02595e-14 2.47745e-13 8.29814e-13 2.64209e-12 8.00303e-12 2.30821e-11 6.34486e-11 1.66395e-10 4.1678e-10 9.98252e-10 2.28922e-09 5.03299e-09 1.06234e-08 2.15587e-08 4.21259e-08 7.93778e-08 1.44455e-07 2.54279e-07 4.336e-07 7.1733e-07 1.15301e-06 1.80324e-06 2.74777e-06 4.08501e-06 5.93272e-06 8.42747e-06 1.17229e-05 1.59868e-05 2.13964e-05 2.81328e-05 3.63748e-05 4.62914e-05 5.80345e-05 7.17321e-05 8.74809e-05 0.000105341 0.000125332 0.000147428 0.000171557 0.000197598 0.000225385 0.000254709 0.000285317 0.000316922 0.000349204 0.000381818 0.000414398 0.000446568 0.000477944 0.000508143 0.000536788 0.000563519 0.000587994 0.000609896 0.00062894 0.000644877 0.000657496 0.000666632 0.000672162 0.000674014 0.000672162 0.000666632 0.000657496 0.000644877 0.00062894 0.000609896 0.000587994 0.000563519 0.000536788 0.000508143 0.000477944 0.000446568 0.000414398 0.000381818 0.000349204 0.000316922 0.000285317 0.000254709 0.000225385 0.000197598 0.000171557 0.000147428 0.000125332 0.000105341 8.74809e-05 7.17321e-05 5.80345e-05 4.62914e-05 3.63748e-05 2.81328e-05 2.13964e-05 1.59868e-05 1.17229e-05 8.42747e-06 5.93272e-06 4.08501e-06 2.74777e-06 1.80324e-06 1.15301e-06 7.1733e-07 4.336e-07 2.54279e-07 1.44455e-07 7.93778e-08 4.21259e-08 2.15587e-08 1.06234e-08 5.03299e-09 2.28922e-09 9.98252e-10 4.1678e-10 1.66395e-10 6.34486e-11 2.30821e-11 8.00303e-12 2.64209e-12 8.29814e-13 2.47745e-13 7.02595e-14 1.89141e-14 4.83034e-15 1.16956e-15 2.68336e-16 5.83062e-17 1.19922e-17 2.33347e-18 4.29332e-19 7.46505e-20 1.22594e-20 1.90036e-21 2.77876e-22 3.83005e-23 4.97235e-24 6.07516e-25 6.97896e-26 7.5304e-27 7.62342e-28 7.23177e-29 6.41949e-30 5.3241e-31 4.11845e-32 2.96568e-33 1.9837e-34 1.2295e-35 7.04176e-37 3.71506e-38 1.79895e-39 7.96232e-41 3.2058e-42 1.16751e-43 3.82043e-45 1.11431e-46 2.86881e-48 6.44051e-50 1.24147e-51 2.01329e-53 2.67121e-55 2.78427e-57 1.08265e-59 
0 2.7561e-57 2.67121e-55 2.03404e-53 1.26732e-51 6.64377e-50 2.99079e-48 1.17416e-46 4.06923e-45 1.25716e-43 3.49012e-42 8.76527e-41 2.00269e-39 4.1829e-38 8.01967e-37 1.41649e-35 2.31216e-34 3.49759e-33 4.91503e-32 6.43029e-31 7.84728e-30 8.94828e-29 9.54904e-28 9.54949e-27 8.96067e-26 7.89818e-25 6.54603e-24 5.10612e-23 3.7517e-22 2.59847e-21 1.6977e-20 1.04697e-19 6.09815e-19 3.35654e-18 1.74681e-17 8.5996e-17 4.00689e-16 1.76786e-15 7.38953e-15 2.9278e-14 1.10016e-13 3.92299e-13 1.32829e-12 4.27352e-12 1.30742e-11 3.80662e-11 1.05572e-10 2.79169e-10 7.04628e-10 1.69952e-09 3.92198e-09 8.67091e-09 1.8391e-08 3.74764e-08 7.34797e-08 1.38835e-07 2.53176e-07 4.4629e-07 7.61654e-07 1.26041e-06 2.02552e-06 3.16573e-06 4.81891e-06 7.15429e-06 1.03731e-05 1.47074e-05 2.04167e-05 2.77821e-05 3.70991e-05 4.86679e-05 6.27828e-05 7.97207e-05 9.97296e-05 0.000123018 0.000149744 0.000180007 0.000213841 0.000251211 0.000292008 0.000336051 0.000383085 0.000432786 0.000484769 0.000538587 0.000593746 0.000649707 0.000705898 0.000761725 0.000816576 0.000869838 0.000920901 0.000969172 0.00101408 0.00105509 0.00109171 0.00112349 0.00115005 0.00117105 0.00118624 0.00119543 0.00119851 0.00119543 0.00118624 0.00117105 0.00115005 0.00112349 0.00109171 0.00105509 0.00101408 0.000969172 0.000920901 0.000869838 0.000816576 0.000761725 0.000705898 0.000649707 0.000593746 0.000538587 0.000484769 0.000432786 0.000383085 0.000336051 0.000292008 0.000251211 0.000213841 0.000180007 0.000149744 0.000123018 9.97296e-05 7.97207e-05 6.27828e-05 4.86679e-05 3.70991e-05 2.77821e-05 2.04167e-05 1.47074e-05 1.03731e-05 7.15429e-06 4.81891e-06 3.16573e-06 2.02552e-06 1.26041e-06 7.61654e-07 4.4629e-07 2.53176e-07 1.38835e-07 7.34797e-08 3.74764e-08 1.8391e-08 8.67091e-09 3.92198e-09 1.69952e-09 7.04628e-10 2.79169e-10 1.05572e-10 3.80662e-11 1.30742e-11 4.27352e-12 1.32829e-12 3.92299e-13 1.10016e-13 2.9278e-14 7.38953e-15 1.76786e-15 4.00689e-16 8.5996e-17 1.74681e-17 3.35654e-18 6.09815e-19 1.04697e-19 1.6977e-20 2.59847e-21 3.7517e-22 5.10612e-23 6.54603e-24 7.89818e-25 8.96067e-26 9.54949e-27 9.54904e-28 8.94828e-29 7.84728e-30 6.43029e-31 4.91503e-32 3.49759e-33 2.31216e-34 1.41649e-35 8.01967e-37 4.1829e-38 2.00269e-39 8.76527e-41 3.49012e-42 1.25716e-43 4.06923e-45 1.17416e-46 2.99079e-48 6.64377e-50 1.26732e-51 2.03404e-53 2.67111e-55 1.40832e-57 
0 2.61706e-55 2.01329e-53 1.26732e-51 6.71293e-50 3.0537e-48 1.21159e-46 4.244e-45 1.32536e-43 3.71972e-42 9.44514e-41 2.18211e-39 4.609e-38 8.93714e-37 1.59667e-35 2.63648e-34 4.03482e-33 5.73688e-32 7.59484e-31 9.37968e-30 1.08251e-28 1.16926e-27 1.18367e-26 1.12441e-25 1.0034e-24 8.4201e-24 6.65039e-23 4.94789e-22 3.47023e-21 2.29593e-20 1.4338e-19 8.45673e-19 4.71333e-18 2.48362e-17 1.23789e-16 5.83881e-16 2.60741e-15 1.10291e-14 4.42104e-14 1.68028e-13 6.05816e-13 2.07327e-12 6.73908e-12 2.08198e-11 6.11807e-11 1.71153e-10 4.56233e-10 1.16002e-09 2.81647e-09 6.5377e-09 1.45273e-08 3.09442e-08 6.32748e-08 1.24391e-07 2.35465e-07 4.29856e-07 7.58003e-07 1.29319e-06 2.13789e-06 3.43022e-06 5.3498e-06 8.12237e-06 1.20224e-05 1.73727e-05 2.45416e-05 3.39359e-05 4.59911e-05 6.11586e-05 7.98909e-05 0.000102625 0.000129767 0.000161672 0.000198636 0.000240875 0.000288519 0.000341605 0.000400068 0.000463742 0.000532359 0.000605551 0.000682858 0.000763728 0.000847533 0.000933572 0.00102108 0.00110926 0.00119725 0.00128419 0.00136919 0.00145136 0.00152983 0.00160376 0.00167234 0.0017348 0.00179045 0.00183866 0.00187888 0.00191066 0.00193362 0.0019475 0.00195215 0.0019475 0.00193362 0.00191066 0.00187888 0.00183866 0.00179045 0.0017348 0.00167234 0.00160376 0.00152983 0.00145136 0.00136919 0.00128419 0.00119725 0.00110926 0.00102108 0.000933572 0.000847533 0.000763728 0.000682858 0.000605551 0.000532359 0.000463742 0.000400068 0.000341605 0.000288519 0.000240875 0.000198636 0.000161672 0.000129767 0.000102625 7.98909e-05 6.11586e-05 4.59911e-05 3.39359e-05 2.45416e-05 1.73727e-05 1.20224e-05 8.12237e-06 5.3498e-06 3.43022e-06 2.13789e-06 1.29319e-06 7.58003e-07 4.29856e-07 2.35465e-07 1.24391e-07 6.32748e-08 3.09442e-08 1.45273e-08 6.5377e-09 2.81647e-09 1.16002e-09 4.56233e-10 1.71153e-10 6.11807e-11 2.08198e-11 6.73908e-12 2.07327e-12 6.05816e-13 1.68028e-13 4.42104e-14 1.10291e-14 2.60741e-15 5.83881e-16 1.23789e-16 2.48362e-17 4.71333e-18 8.45673e-19 1.4338e-19 2.29593e-20 3.47023e-21 4.94789e-22 6.65039e-23 8.4201e-24 1.0034e-24 1.12441e-25 1.18367e-26 1.16926e-27 1.08251e-28 9.37968e-30 7.59484e-31 5.73688e-32 4.03482e-33 2.63648e-34 1.59667e-35 8.93714e-37 4.609e-38 2.18211e-39 9.44514e-41 3.71972e-42 1.32536e-43 4.244e-45 1.21159e-46 3.0537e-48 6.71293e-50 1.26732e-51 2.01316e-53 1.34962e-55 
0 1.95205e-53 1.24147e-51 6.64377e-50 3.0537e-48 1.22433e-46 4.33417e-45 1.36803e-43 3.88109e-42 9.96269e-41 2.32711e-39 4.97008e-38 9.74582e-37 1.76094e-35 2.94109e-34 4.5531e-33 6.54943e-32 8.7727e-31 1.09631e-29 1.2804e-28 1.39971e-27 1.43418e-26 1.37904e-25 1.24578e-24 1.05835e-23 8.46304e-23 6.3751e-22 4.5272e-21 3.03278e-20 1.91773e-19 1.14527e-18 6.46289e-18 3.44788e-17 1.73973e-16 8.30624e-16 3.75411e-15 1.60685e-14 6.51629e-14 2.50484e-13 9.13117e-13 3.15841e-12 1.03719e-11 3.2357e-11 9.59649e-11 2.70788e-10 7.27614e-10 1.86357e-09 4.55435e-09 1.06328e-08 2.37438e-08 5.07833e-08 1.04179e-07 2.05292e-07 3.892e-07 7.1101e-07 1.25367e-06 2.13701e-06 3.52739e-06 5.64715e-06 8.78267e-06 1.32899e-05 1.95965e-05 2.8199e-05 3.96555e-05 5.45734e-05 7.35922e-05 9.73638e-05 0.000126529 0.000161696 0.000203415 0.00025216 0.000308309 0.000372128 0.000443764 0.000523234 0.000610422 0.000705078 0.000806824 0.000915153 0.00102944 0.00114894 0.00127282 0.00140015 0.00152991 0.00166101 0.00179232 0.00192267 0.00205085 0.00217564 0.00229584 0.00241026 0.00251774 0.0026172 0.00270759 0.00278799 0.00285753 0.00291548 0.00296121 0.00299424 0.0030142 0.00302087 0.0030142 0.00299424 0.00296121 0.00291548 0.00285753 0.00278799 0.00270759 0.0026172 0.00251774 0.00241026 0.00229584 0.00217564 0.00205085 0.00192267 0.00179232 0.00166101 0.00152991 0.00140015 0.00127282 0.00114894 0.00102944 0.000915153 0.000806824 0.000705078 0.000610422 0.000523234 0.000443764 0.000372128 0.000308309 0.00025216 0.000203415 0.000161696 0.000126529 9.73638e-05 7.35922e-05 5.45734e-05 3.96555e-05 2.8199e-05 1.95965e-05 1.32899e-05 8.78267e-06 5.64715e-06 3.52739e-06 2.13701e-06 1.25367e-06 7.1101e-07 3.892e-07 2.05292e-07 1.04179e-07 5.07833e-08 2.37438e-08 1.06328e-08 4.55435e-09 1.86357e-09 7.27614e-10 2.70788e-10 9.59649e-11 3.2357e-11 1.03719e-11 3.15841e-12 9.13117e-13 2.50484e-13 6.51629e-14 1.60685e-14 3.75411e-15 8.30624e-16 1.73973e-16 3.44788e-17 6.46289e-18 1.14527e-18 1.91773e-19 3.03278e-20 4.5272e-21 6.3751e-22 8.46304e-23 1.05835e-23 1.24578e-24 1.37904e-25 1.43418e-26 1.39971e-27 1.2804e-28 1.09631e-29 8.7727e-31 6.54943e-32 4.5531e-33 2.94109e-34 1.76094e-35 9.74582e-37 4.97008e-38 2.32711e-39 9.96269e-41 3.88109e-42 1.36803e-43 4.33417e-45 1.22433e-46 3.0537e-48 6.64377e-50 1.24135e-51 1.01611e-53 
0 1.19109e-51 6.44051e-50 2.99079e-48 1.21159e-46 4.33417e-45 1.38256e-43 3.96437e-42 1.02867e-40 2.42907e-39 5.24513e-38 1.03998e-36 1.90026e-35 3.20983e-34 5.02611e-33 7.31344e-32 9.91036e-31 1.25305e-29 1.48082e-28 1.63815e-27 1.69871e-26 1.6532e-25 1.51167e-24 1.29999e-23 1.05234e-22 8.02528e-22 5.7698e-21 3.91329e-20 2.5053e-19 1.51478e-18 8.65418e-18 4.67397e-17 2.38735e-16 1.1537e-15 5.27702e-15 2.28546e-14 9.37611e-14 3.64513e-13 1.34349e-12 4.69676e-12 1.55822e-11 4.9088e-11 1.46935e-10 4.18205e-10 1.13273e-09 2.92232e-09 7.18845e-09 1.68784e-08 3.78741e-08 8.13281e-08 1.67354e-07 3.30502e-07 6.27381e-07 1.14659e-06 2.02079e-06 3.44032e-06 5.66722e-06 9.04825e-06 1.4025e-05 2.11395e-05 3.10335e-05 4.44409e-05 6.21728e-05 8.5096e-05 0.000114106 0.000150096 0.000193928 0.000246398 0.000308209 0.000379949 0.00046207 0.000554875 0.000658507 0.000772948 0.000898013 0.00103336 0.00117848 0.00133272 0.00149529 0.00166524 0.00184151 0.00202291 0.00220815 0.00239585 0.00258454 0.00277268 0.00295869 0.00314096 0.00331787 0.00348779 0.00364915 0.00380041 0.00394012 0.0040669 0.00417949 0.00427678 0.00435776 0.00442163 0.00446773 0.00449558 0.00450489 0.00449558 0.00446773 0.00442163 0.00435776 0.00427678 0.00417949 0.0040669 0.00394012 0.00380041 0.00364915 0.00348779 0.00331787 0.00314096 0.00295869 0.00277268 0.00258454 0.00239585 0.00220815 0.00202291 0.00184151 0.00166524 0.00149529 0.00133272 0.00117848 0.00103336 0.000898013 0.000772948 0.000658507 0.000554875 0.00046207 0.000379949 0.000308209 0.000246398 0.000193928 0.000150096 0.000114106 8.5096e-05 6.21728e-05 4.44409e-05 3.10335e-05 2.11395e-05 1.4025e-05 9.04825e-06 5.66722e-06 3.44032e-06 2.02079e-06 1.14659e-06 6.27381e-07 3.30502e-07 1.67354e-07 8.13281e-08 3.78741e-08 1.68784e-08 7.18845e-09 2.92232e-09 1.13273e-09 4.18205e-10 1.46935e-10 4.9088e-11 1.55822e-11 4.69676e-12 1.34349e-12 3.64513e-13 9.37611e-14 2.28546e-14 5.27702e-15 1.1537e-15 2.38735e-16 4.67397e-17 8.65418e-18 1.51478e-18 2.5053e-19 3.91329e-20 5.7698e-21 8.02528e-22 1.05234e-22 1.29999e-23 1.51167e-24 1.6532e-25 1.69871e-26 1.63815e-27 1.48082e-28 1.25305e-29 9.91036e-31 7.31344e-32 5.02611e-33 3.20983e-34 1.90026e-35 1.03998e-36 5.24513e-38 2.42907e-39 1.02867e-40 3.96437e-42 1.38256e-43 4.33417e-45 1.21159e-46 2.99079e-48 6.43963e-50 6.25905e-52 
0 6.1137e-50 2.86881e-48 1.17416e-46 4.244e-45 1.36803e-43 3.96437e-42 1.0397e-40 2.4817e-39 5.41738e-38 1.08599e-36 2.00645e-35 3.42732e-34 5.42758e-33 7.98809e-32 1.09496e-30 1.40059e-29 1.67462e-28 1.87448e-27 1.96696e-26 1.93726e-25 1.79282e-24 1.56052e-23 1.27868e-22 9.87105e-22 7.18422e-21 4.93274e-20 3.19698e-19 1.95687e-18 1.13177e-17 6.18758e-17 3.19906e-16 1.56469e-15 7.24261e-15 3.1738e-14 1.31716e-13 5.17879e-13 1.92984e-12 6.81873e-12 2.28547e-11 7.27047e-11 2.19645e-10 6.30582e-10 1.72166e-09 4.47413e-09 1.10774e-08 2.61575e-08 5.89779e-08 1.27138e-07 2.62393e-07 5.1923e-07 9.86681e-07 1.80347e-06 3.17602e-06 5.39819e-06 8.87065e-06 1.41176e-05 2.1798e-05 3.27086e-05 4.77778e-05 6.80484e-05 9.46505e-05 0.000128768 0.000171595 0.000224299 0.000287977 0.000363615 0.000452067 0.000554021 0.000669992 0.000800306 0.000945101 0.00110432 0.00127773 0.00146491 0.00166523 0.00187794 0.00210206 0.00233649 0.00257993 0.00283094 0.00308793 0.00334918 0.00361283 0.00387693 0.00413944 0.00439824 0.00465119 0.00489613 0.00513092 0.00535347 0.00556175 0.00575382 0.00592789 0.00608231 0.0062156 0.00632647 0.00641384 0.00647687 0.00651494 0.00652767 0.00651494 0.00647687 0.00641384 0.00632647 0.0062156 0.00608231 0.00592789 0.00575382 0.00556175 0.00535347 0.00513092 0.00489613 0.00465119 0.00439824 0.00413944 0.00387693 0.00361283 0.00334918 0.00308793 0.00283094 0.00257993 0.00233649 0.00210206 0.00187794 0.00166523 0.00146491 0.00127773 0.00110432 0.000945101 0.000800306 0.000669992 0.000554021 0.000452067 0.000363615 0.000287977 0.000224299 0.000171595 0.000128768 9.46505e-05 6.80484e-05 4.77778e-05 3.27086e-05 2.1798e-05 1.41176e-05 8.87065e-06 5.39819e-06 3.17602e-06 1.80347e-06 9.86681e-07 5.1923e-07 2.62393e-07 1.27138e-07 5.89779e-08 2.61575e-08 1.10774e-08 4.47413e-09 1.72166e-09 6.30582e-10 2.19645e-10 7.27047e-11 2.28547e-11 6.81873e-12 1.92984e-12 5.17879e-13 1.31716e-13 3.1738e-14 7.24261e-15 1.56469e-15 3.19906e-16 6.18758e-17 1.13177e-17 1.95687e-18 3.19698e-19 4.93274e-20 7.18422e-21 9.87105e-22 1.27868e-22 1.56052e-23 1.79282e-24 1.93726e-25 1.96696e-26 1.87448e-27 1.67462e-28 1.40059e-29 1.09496e-30 7.98809e-32 5.42758e-33 3.42732e-34 2.00645e-35 1.08599e-36 5.41738e-38 2.4817e-39 1.0397e-40 3.96437e-42 1.36803e-43 4.244e-45 1.17416e-46 2.86829e-48 3.24374e-50 
0 2.69406e-48 1.11431e-46 4.06923e-45 1.32536e-43 3.88109e-42 1.02867e-40 2.4817e-39 5.47604e-38 1.10976e-36 2.07297e-35 3.5804e-34 5.73377e-33 8.53445e-32 1.18325e-30 1.53098e-29 1.85183e-28 2.09716e-27 2.22663e-26 2.21912e-25 2.07828e-24 1.83079e-23 1.51832e-22 1.18637e-21 8.73998e-21 6.07445e-20 3.98524e-19 2.46929e-18 1.44563e-17 8.00002e-17 4.18635e-16 2.07227e-15 9.70655e-15 4.30361e-14 1.80671e-13 7.1841e-13 2.70667e-12 9.66577e-12 3.27307e-11 1.05146e-10 3.20608e-10 9.28453e-10 2.55534e-09 6.68926e-09 1.66699e-08 3.95869e-08 8.96838e-08 1.94071e-07 4.01673e-07 7.9632e-07 1.51453e-06 2.76793e-06 4.86923e-06 8.25955e-06 1.35338e-05 2.14605e-05 3.29909e-05 4.92568e-05 7.15519e-05 0.0001013 0.000140013 0.000189233 0.000250485 0.000325217 0.000414759 0.000520279 0.000642765 0.000782999 0.000941559 0.00111881 0.00131492 0.00152985 0.00176335 0.00201499 0.00228413 0.00256992 0.00287131 0.00318702 0.00351555 0.00385521 0.00420407 0.00455999 0.00492066 0.00528359 0.00564617 0.00600565 0.00635922 0.00670404 0.00703723 0.00735598 0.00765754 0.00793927 0.00819867 0.00843342 0.00864139 0.0088207 0.0089697 0.00908705 0.00917164 0.00922271 0.00923979 0.00922271 0.00917164 0.00908705 0.0089697 0.0088207 0.00864139 0.00843342 0.00819867 0.00793927 0.00765754 0.00735598 0.00703723 0.00670404 0.00635922 0.00600565 0.00564617 0.00528359 0.00492066 0.00455999 0.00420407 0.00385521 0.00351555 0.00318702 0.00287131 0.00256992 0.00228413 0.00201499 0.00176335 0.00152985 0.00131492 0.00111881 0.000941559 0.000782999 0.000642765 0.000520279 0.000414759 0.000325217 0.000250485 0.000189233 0.000140013 0.0001013 7.15519e-05 4.92568e-05 3.29909e-05 2.14605e-05 1.35338e-05 8.25955e-06 4.86923e-06 2.76793e-06 1.51453e-06 7.9632e-07 4.01673e-07 1.94071e-07 8.96838e-08 3.95869e-08 1.66699e-08 6.68926e-09 2.55534e-09 9.28453e-10 3.20608e-10 1.05146e-10 3.27307e-11 9.66577e-12 2.70667e-12 7.1841e-13 1.80671e-13 4.30361e-14 9.70655e-15 2.07227e-15 4.18635e-16 8.00002e-17 1.44563e-17 2.46929e-18 3.98524e-19 6.07445e-20 8.73998e-21 1.18637e-21 1.51832e-22 1.83079e-23 2.07828e-24 2.21912e-25 2.22663e-26 2.09716e-27 1.85183e-28 1.53098e-29 1.18325e-30 8.53445e-32 5.73377e-33 3.5804e-34 2.07297e-35 1.10976e-36 5.47604e-38 2.4817e-39 1.02867e-40 3.88109e-42 1.32536e-43 4.06922e-45 1.11405e-46 1.44343e-48 
0 1.03509e-46 3.82043e-45 1.25716e-43 3.71972e-42 9.96269e-41 2.42907e-39 5.41738e-38 1.10976e-36 2.09564e-35 3.65948e-34 5.92568e-33 8.91922e-32 1.25061e-30 1.63665e-29 2.00248e-28 2.29413e-27 2.46429e-26 2.48497e-25 2.35489e-24 2.09926e-23 1.7619e-22 1.39332e-21 1.0389e-20 7.30838e-20 4.85319e-19 3.04374e-18 1.80364e-17 1.01024e-16 5.35043e-16 2.68029e-15 1.27038e-14 5.69864e-14 2.42e-13 9.73168e-13 3.70697e-12 1.33797e-11 4.57745e-11 1.48499e-10 4.5703e-10 1.33511e-09 3.70431e-09 9.76841e-09 2.45031e-08 5.85202e-08 1.3321e-07 2.89352e-07 6.00545e-07 1.19266e-06 2.2699e-06 4.14699e-06 7.2853e-06 1.23291e-05 2.01366e-05 3.18e-05 4.86495e-05 7.22371e-05 0.000104301 0.000146709 0.000201397 0.000270293 0.000355251 0.000457993 0.00058006 0.000722792 0.000887307 0.0010745 0.00128507 0.00151949 0.00177804 0.00206082 0.00236771 0.00269837 0.00305225 0.00342852 0.00382607 0.0042435 0.0046791 0.00513083 0.00559635 0.00607301 0.00655788 0.00704779 0.00753935 0.00802903 0.00851316 0.008988 0.00944981 0.00989488 0.0103196 0.0107204 0.011094 0.0114373 0.0117473 0.0120215 0.0122576 0.0124535 0.0126076 0.0127187 0.0127856 0.012808 0.0127856 0.0127187 0.0126076 0.0124535 0.0122576 0.0120215 0.0117473 0.0114373 0.011094 0.0107204 0.0103196 0.00989488 0.00944981 0.008988 0.00851316 0.00802903 0.00753935 0.00704779 0.00655788 0.00607301 0.00559635 0.00513083 0.0046791 0.0042435 0.00382607 0.00342852 0.00305225 0.00269837 0.00236771 0.00206082 0.00177804 0.00151949 0.00128507 0.0010745 0.000887307 0.000722792 0.00058006 0.000457993 0.000355251 0.000270293 0.000201397 0.000146709 0.000104301 7.22371e-05 4.86495e-05 3.18e-05 2.01366e-05 1.23291e-05 7.2853e-06 4.14699e-06 2.2699e-06 1.19266e-06 6.00545e-07 2.89352e-07 1.3321e-07 5.85202e-08 2.45031e-08 9.76841e-09 3.70431e-09 1.33511e-09 4.5703e-10 1.48499e-10 4.57745e-11 1.33797e-11 3.70697e-12 9.73168e-13 2.42e-13 5.69864e-14 1.27038e-14 2.68029e-15 5.35043e-16 1.01024e-16 1.80364e-17 3.04374e-18 4.85319e-19 7.30838e-20 1.0389e-20 1.39332e-21 1.7619e-22 2.09926e-23 2.35489e-24 2.48497e-25 2.46429e-26 2.29413e-27 2.00248e-28 1.63665e-29 1.25061e-30 8.91922e-32 5.92568e-33 3.65948e-34 2.09564e-35 1.10976e-36 5.41738e-38 2.42907e-39 9.96269e-41 3.71972e-42 1.25716e-43 3.81929e-45 5.60119e-47 
0 3.50989e-45 1.16751e-43 3.49012e-42 9.44514e-41 2.32711e-39 5.24513e-38 1.08599e-36 2.07297e-35 3.65948e-34 5.99106e-33 9.11804e-32 1.29285e-30 1.71111e-29 2.1175e-28 2.45385e-27 2.66648e-26 2.7203e-25 2.60828e-24 2.3527e-23 1.99815e-22 1.59909e-21 1.20668e-20 8.59115e-20 5.77407e-19 3.66514e-18 2.19816e-17 1.24609e-16 6.67895e-16 3.38581e-15 1.6238e-14 7.36933e-14 3.16558e-13 1.2874e-12 4.95813e-12 1.80876e-11 6.25214e-11 2.04838e-10 6.36347e-10 1.87534e-09 5.24565e-09 1.39357e-08 3.51879e-08 8.45211e-08 1.93318e-07 4.21508e-07 8.7723e-07 1.74503e-06 3.32304e-06 6.06778e-06 1.06426e-05 1.79632e-05 2.92331e-05 4.59586e-05 6.99399e-05 0.000103233 0.000148087 0.00020686 0.000281927 0.000375597 0.000490031 0.000627199 0.000788843 0.000976481 0.00119141 0.00143473 0.00170737 0.00201007 0.00234345 0.00270789 0.00310358 0.00353045 0.00398813 0.00447586 0.0049925 0.00553647 0.00610572 0.00669777 0.00730965 0.007938 0.00857905 0.00922871 0.00988262 0.0105362 0.0111848 0.0118235 0.0124476 0.0130523 0.0136331 0.0141854 0.014705 0.0151879 0.0156303 0.016029 0.0163808 0.0166831 0.0169336 0.0171305 0.0172721 0.0173575 0.0173861 0.0173575 0.0172721 0.0171305 0.0169336 0.0166831 0.0163808 0.016029 0.0156303 0.0151879 0.014705 0.0141854 0.0136331 0.0130523 0.0124476 0.0118235 0.0111848 0.0105362 0.00988262 0.00922871 0.00857905 0.007938 0.00730965 0.00669777 0.00610572 0.00553647 0.0049925 0.00447586 0.00398813 0.00353045 0.00310358 0.00270789 0.00234345 0.00201007 0.00170737 0.00143473 0.00119141 0.000976481 0.000788843 0.000627199 0.000490031 0.000375597 0.000281927 0.00020686 0.000148087 0.000103233 6.99399e-05 4.59586e-05 2.92331e-05 1.79632e-05 1.06426e-05 6.06778e-06 3.32304e-06 1.74503e-06 8.7723e-07 4.21508e-07 1.93318e-07 8.45211e-08 3.51879e-08 1.39357e-08 5.24565e-09 1.87534e-09 6.36347e-10 2.04838e-10 6.25214e-11 1.80876e-11 4.95813e-12 1.2874e-12 3.16558e-13 7.36933e-14 1.6238e-14 3.38581e-15 6.67895e-16 1.24609e-16 2.19816e-17 3.66514e-18 5.77407e-19 8.59115e-20 1.20668e-20 1.59909e-21 1.99815e-22 2.3527e-23 2.60828e-24 2.7203e-25 2.66648e-26 2.45385e-27 2.1175e-28 1.71111e-29 1.29285e-30 9.11804e-32 5.99106e-33 3.65948e-34 2.07297e-35 1.08599e-36 5.24513e-38 2.32711e-39 9.44514e-41 3.49012e-42 1.16708e-43 1.91859e-45 
0 1.06071e-43 3.2058e-42 8.76527e-41 2.18211e-39 4.97008e-38 1.03998e-36 2.00645e-35 3.5804e-34 5.92568e-33 9.11804e-32 1.30725e-30 1.74959e-29 2.18965e-28 2.56644e-27 2.82093e-26 2.91126e-25 2.82398e-24 2.57723e-23 2.21474e-22 1.7935e-21 1.36955e-20 9.86769e-20 6.71176e-19 4.31164e-18 2.61703e-17 1.50138e-16 8.14368e-16 4.17753e-15 2.02718e-14 9.30756e-14 4.04426e-13 1.66337e-12 6.47695e-12 2.38825e-11 8.341e-11 2.75997e-10 8.65525e-10 2.57341e-09 7.25764e-09 1.94257e-08 4.9379e-08 1.19297e-07 2.74182e-07 6.00107e-07 1.25234e-06 2.49522e-06 4.75381e-06 8.67435e-06 1.51867e-05 2.55588e-05 4.14311e-05 6.48203e-05 9.80859e-05 0.000143859 0.000204944 0.0002842 0.000384431 0.000508288 0.00065821 0.000836398 0.00104482 0.00128524 0.00155927 0.00186841 0.00221405 0.00259748 0.00301984 0.00348208 0.00398488 0.00452853 0.00511286 0.00573717 0.00640015 0.00709986 0.00783369 0.0085984 0.00939014 0.0102045 0.0110366 0.0118812 0.0127327 0.0135853 0.0144331 0.01527 0.0160902 0.0168878 0.0176572 0.0183928 0.0190896 0.0197427 0.0203476 0.0209001 0.0213966 0.0218336 0.0222083 0.0225183 0.0227615 0.0229364 0.0230417 0.0230769 0.0230417 0.0229364 0.0227615 0.0225183 0.0222083 0.0218336 0.0213966 0.0209001 0.0203476 0.0197427 0.0190896 0.0183928 0.0176572 0.0168878 0.0160902 0.01527 0.0144331 0.0135853 0.0127327 0.0118812 0.0110366 0.0102045 0.00939014 0.0085984 0.00783369 0.00709986 0.00640015 0.00573717 0.00511286 0.00452853 0.00398488 0.00348208 0.00301984 0.00259748 0.00221405 0.00186841 0.00155927 0.00128524 0.00104482 0.000836398 0.00065821 0.000508288 0.000384431 0.0002842 0.000204944 0.000143859 9.80859e-05 6.48203e-05 4.14311e-05 2.55588e-05 1.51867e-05 8.67435e-06 4.75381e-06 2.49522e-06 1.25234e-06 6.00107e-07 2.74182e-07 1.19297e-07 4.9379e-08 1.94257e-08 7.25764e-09 2.57341e-09 8.65525e-10 2.75997e-10 8.341e-11 2.38825e-11 6.47695e-12 1.66337e-12 4.04426e-13 9.30756e-14 2.02718e-14 4.17753e-15 8.14368e-16 1.50138e-16 2.61703e-17 4.31164e-18 6.71176e-19 9.86769e-20 1.36955e-20 1.7935e-21 2.21474e-22 2.57723e-23 2.82398e-24 2.91126e-25 2.82093e-26 2.56644e-27 2.18965e-28 1.74959e-29 1.30725e-30 9.11804e-32 5.92568e-33 3.5804e-34 2.00645e-35 1.03998e-36 4.97008e-38 2.18211e-39 8.76527e-41 3.20439e-42 5.858e-44 
0 2.87987e-42 7.96232e-41 2.00269e-39 4.609e-38 9.74582e-37 1.90026e-35 3.42732e-34 5.73377e-33 8.91922e-32 1.29285e-30 1.74959e-29 2.21424e-28 2.62466e-27 2.91785e-26 3.04592e-25 2.98885e-24 2.75952e-23 2.39924e-22 1.96584e-21 1.51897e-20 1.10746e-19 7.62269e-19 4.95544e-18 3.04382e-17 1.76712e-16 9.69949e-16 5.03472e-15 2.47195e-14 1.14821e-13 5.04663e-13 2.09914e-12 8.26442e-12 3.08024e-11 1.08701e-10 3.63291e-10 1.15015e-09 3.4504e-09 9.81212e-09 2.64631e-08 6.77257e-08 1.6459e-07 3.80145e-07 8.35259e-07 1.74789e-06 3.48814e-06 6.64817e-06 1.21213e-05 2.11794e-05 3.55328e-05 5.73576e-05 8.92749e-05 0.00013428 0.000195628 0.000276688 0.000380797 0.00051114 0.000670669 0.000862079 0.00108783 0.00135023 0.00165148 0.00199375 0.00237925 0.00281016 0.00328863 0.00381663 0.00439583 0.00502747 0.00571219 0.00644991 0.00723974 0.00807989 0.0089677 0.00989961 0.0108713 0.0118775 0.0129127 0.0139704 0.0150441 0.0161267 0.017211 0.0182899 0.0193561 0.0204026 0.0214225 0.022409 0.0233559 0.0242572 0.0251073 0.0259009 0.0266333 0.0273001 0.0278976 0.0284223 0.0288712 0.0292419 0.0295323 0.0297408 0.0298664 0.0299083 0.0298664 0.0297408 0.0295323 0.0292419 0.0288712 0.0284223 0.0278976 0.0273001 0.0266333 0.0259009 0.0251073 0.0242572 0.0233559 0.022409 0.0214225 0.0204026 0.0193561 0.0182899 0.017211 0.0161267 0.0150441 0.0139704 0.0129127 0.0118775 0.0108713 0.00989961 0.0089677 0.00807989 0.00723974 0.00644991 0.00571219 0.00502747 0.00439583 0.00381663 0.00328863 0.00281016 0.00237925 0.00199375 0.00165148 0.00135023 0.00108783 0.000862079 0.000670669 0.00051114 0.000380797 0.000276688 0.000195628 0.00013428 8.92749e-05 5.73576e-05 3.55328e-05 2.11794e-05 1.21213e-05 6.64817e-06 3.48814e-06 1.74789e-06 8.35259e-07 3.80145e-07 1.6459e-07 6.77257e-08 2.64631e-08 9.81212e-09 3.4504e-09 1.15015e-09 3.63291e-10 1.08701e-10 3.08024e-11 8.26442e-12 2.09914e-12 5.04663e-13 1.14821e-13 2.47195e-14 5.03472e-15 9.69949e-16 1.76712e-16 3.04382e-17 4.95544e-18 7.62269e-19 1.10746e-19 1.51897e-20 1.96584e-21 2.39924e-22 2.75952e-23 2.98885e-24 3.04592e-25 2.91785e-26 2.62466e-27 2.21424e-28 1.74959e-29 1.29285e-30 8.91922e-32 5.73377e-33 3.42732e-34 1.90026e-35 9.74582e-37 4.609e-38 2.00269e-39 7.95815e-41 1.60717e-42 
0 7.07161e-41 1.79895e-39 4.1829e-38 8.93714e-37 1.76094e-35 3.20983e-34 5.42758e-33 8.53445e-32 1.25061e-30 1.71111e-29 2.18965e-28 2.62466e-27 2.95089e-26 3.11557e-25 3.09234e-24 2.88813e-23 2.54032e-22 2.10584e-21 1.64632e-20 1.21452e-19 8.45885e-19 5.56448e-18 3.45866e-17 2.03188e-16 1.12853e-15 5.92722e-15 2.94439e-14 1.38361e-13 6.15131e-13 2.58765e-12 1.03009e-11 3.88087e-11 1.38394e-10 4.67201e-10 1.49337e-09 4.52077e-09 1.29648e-08 3.52366e-08 9.08051e-08 2.22011e-07 5.1536e-07 1.13686e-06 2.38578e-06 4.76892e-06 9.09279e-06 1.65641e-05 2.88811e-05 4.82938e-05 7.76119e-05 0.000120145 0.000179578 0.000259802 0.000364721 0.000498094 0.000663428 0.000863945 0.00110263 0.00138235 0.00170595 0.00207641 0.00249686 0.00297061 0.00350101 0.00409134 0.00474458 0.00546316 0.00624875 0.00710208 0.00802279 0.00900933 0.010059 0.0111679 0.0123311 0.0135427 0.014796 0.0160836 0.0173977 0.0187301 0.0200723 0.0214157 0.0227519 0.0240726 0.0253695 0.0266349 0.027861 0.029041 0.030168 0.0312358 0.0322388 0.0331715 0.0340293 0.0348079 0.0355035 0.0361129 0.0366332 0.037062 0.0373975 0.0376382 0.037783 0.0378314 0.037783 0.0376382 0.0373975 0.037062 0.0366332 0.0361129 0.0355035 0.0348079 0.0340293 0.0331715 0.0322388 0.0312358 0.030168 0.029041 0.027861 0.0266349 0.0253695 0.0240726 0.0227519 0.0214157 0.0200723 0.0187301 0.0173977 0.0160836 0.014796 0.0135427 0.0123311 0.0111679 0.010059 0.00900933 0.00802279 0.00710208 0.00624875 0.00546316 0.00474458 0.00409134 0.00350101 0.00297061 0.00249686 0.00207641 0.00170595 0.00138235 0.00110263 0.000863945 0.000663428 0.000498094 0.000364721 0.000259802 0.000179578 0.000120145 7.76119e-05 4.82938e-05 2.88811e-05 1.65641e-05 9.09279e-06 4.76892e-06 2.38578e-06 1.13686e-06 5.1536e-07 2.22011e-07 9.08051e-08 3.52366e-08 1.29648e-08 4.52077e-09 1.49337e-09 4.67201e-10 1.38394e-10 3.88087e-11 1.03009e-11 2.58765e-12 6.15131e-13 1.38361e-13 2.94439e-14 5.92722e-15 1.12853e-15 2.03188e-16 3.45866e-17 5.56448e-18 8.45885e-19 1.21452e-19 1.64632e-20 2.10584e-21 2.54032e-22 2.88813e-23 3.09234e-24 3.11557e-25 2.95089e-26 2.62466e-27 2.18965e-28 1.71111e-29 1.25061e-30 8.53445e-32 5.42758e-33 3.20983e-34 1.76094e-35 8.93714e-37 4.1829e-38 1.79784e-39 3.98863e-41 
0 1.57936e-39 3.71506e-38 8.01967e-37 1.59667e-35 2.94109e-34 5.02611e-33 7.98809e-32 1.18325e-30 1.63665e-29 2.1175e-28 2.56644e-27 2.91785e-26 3.11557e-25 3.12763e-24 2.95465e-23 2.62891e-22 2.20465e-21 1.74375e-20 1.30152e-19 9.17186e-19 6.10497e-18 3.83961e-17 2.28244e-16 1.28272e-15 6.81659e-15 3.42597e-14 1.62867e-13 7.32424e-13 3.11606e-12 1.25427e-11 4.77692e-11 1.72148e-10 5.87073e-10 1.89481e-09 5.78883e-09 1.67441e-08 4.58676e-08 1.1904e-07 2.92846e-07 6.83331e-07 1.51361e-06 3.18578e-06 6.37892e-06 1.21677e-05 2.21459e-05 3.85293e-05 6.4206e-05 0.00010271 0.000158102 0.000234779 0.000337237 0.000469851 0.000636723 0.000841634 0.00108811 0.00137957 0.00171954 0.00211182 0.0025606 0.00307046 0.00364622 0.00429272 0.0050145 0.00581547 0.00669858 0.00766553 0.00871662 0.00985062 0.0110648 0.0123549 0.0137154 0.0151396 0.0166198 0.0181476 0.0197137 0.0213089 0.0229232 0.0245469 0.0261702 0.0277833 0.0293768 0.0309416 0.0324688 0.0339503 0.0353781 0.0367451 0.0380445 0.0392702 0.0404165 0.0414785 0.0424518 0.0433323 0.0441168 0.0448022 0.0453861 0.0458666 0.0462419 0.0465108 0.0466725 0.0467265 0.0466725 0.0465108 0.0462419 0.0458666 0.0453861 0.0448022 0.0441168 0.0433323 0.0424518 0.0414785 0.0404165 0.0392702 0.0380445 0.0367451 0.0353781 0.0339503 0.0324688 0.0309416 0.0293768 0.0277833 0.0261702 0.0245469 0.0229232 0.0213089 0.0197137 0.0181476 0.0166198 0.0151396 0.0137154 0.0123549 0.0110648 0.00985062 0.00871662 0.00766553 0.00669858 0.00581547 0.0050145 0.00429272 0.00364622 0.00307046 0.0025606 0.00211182 0.00171954 0.00137957 0.00108811 0.000841634 0.000636723 0.000469851 0.000337237 0.000234779 0.000158102 0.00010271 6.4206e-05 3.85293e-05 2.21459e-05 1.21677e-05 6.37892e-06 3.18578e-06 1.51361e-06 6.83331e-07 2.92846e-07 1.1904e-07 4.58676e-08 1.67441e-08 5.78883e-09 1.89481e-09 5.87073e-10 1.72148e-10 4.77692e-11 1.25427e-11 3.11606e-12 7.32424e-13 1.62867e-13 3.42597e-14 6.81659e-15 1.28272e-15 2.28244e-16 3.83961e-17 6.10497e-18 9.17186e-19 1.30152e-19 1.74375e-20 2.20465e-21 2.62891e-22 2.95465e-23 3.12763e-24 3.11557e-25 2.91785e-26 2.56644e-27 2.1175e-28 1.63665e-29 1.18325e-30 7.98809e-32 5.02611e-33 2.94109e-34 1.59667e-35 8.01966e-37 3.71241e-38 9.00506e-40 
0 3.22371e-38 7.04176e-37 1.41649e-35 2.63648e-34 4.5531e-33 7.31344e-32 1.09496e-30 1.53098e-29 2.00248e-28 2.45385e-27 2.82093e-26 3.04592e-25 3.09234e-24 2.95465e-23 2.65911e-22 2.25578e-21 1.80494e-20 1.36295e-19 9.71751e-19 6.54438e-18 4.16457e-17 2.50487e-16 1.42435e-15 7.65843e-15 3.89421e-14 1.87283e-13 8.51939e-13 3.66579e-12 1.49206e-11 5.74472e-11 2.09229e-10 7.20869e-10 2.34957e-09 7.24525e-09 2.11401e-08 5.83765e-08 1.52606e-07 3.7782e-07 8.86363e-07 1.97177e-06 4.163e-06 8.35094e-06 1.59375e-05 2.89826e-05 5.03127e-05 8.35486e-05 0.000133023 0.000203584 0.000300317 0.000428257 0.000592153 0.000796381 0.001045 0.00134199 0.00169148 0.0020981 0.00256713 0.00310453 0.00371677 0.00441049 0.0051921 0.00606724 0.00704038 0.00811442 0.00929044 0.0105676 0.0119432 0.0134128 0.0149701 0.0166078 0.0183171 0.0200886 0.0219119 0.0237764 0.0256709 0.0275843 0.0295053 0.0314228 0.033326 0.0352041 0.0370472 0.0388455 0.0405901 0.0422724 0.0438848 0.0454202 0.0468722 0.0482352 0.0495042 0.0506748 0.0517434 0.0527066 0.053562 0.0543072 0.0549405 0.0554604 0.0558659 0.056156 0.0563304 0.0563885 0.0563304 0.056156 0.0558659 0.0554604 0.0549405 0.0543072 0.053562 0.0527066 0.0517434 0.0506748 0.0495042 0.0482352 0.0468722 0.0454202 0.0438848 0.0422724 0.0405901 0.0388455 0.0370472 0.0352041 0.033326 0.0314228 0.0295053 0.0275843 0.0256709 0.0237764 0.0219119 0.0200886 0.0183171 0.0166078 0.0149701 0.0134128 0.0119432 0.0105676 0.00929044 0.00811442 0.00704038 0.00606724 0.0051921 0.00441049 0.00371677 0.00310453 0.00256713 0.0020981 0.00169148 0.00134199 0.001045 0.000796381 0.000592153 0.000428257 0.000300317 0.000203584 0.000133023 8.35486e-05 5.03127e-05 2.89826e-05 1.59375e-05 8.35094e-06 4.163e-06 1.97177e-06 8.86363e-07 3.7782e-07 1.52606e-07 5.83765e-08 2.11401e-08 7.24525e-09 2.34957e-09 7.20869e-10 2.09229e-10 5.74472e-11 1.49206e-11 3.66579e-12 8.51939e-13 1.87283e-13 3.89421e-14 7.65843e-15 1.42435e-15 2.50487e-16 4.16457e-17 6.54438e-18 9.71751e-19 1.36295e-19 1.80494e-20 2.25578e-21 2.65911e-22 2.95465e-23 3.09234e-24 3.04592e-25 2.82093e-26 2.45385e-27 2.00248e-28 1.53098e-29 1.09496e-30 7.31344e-32 4.5531e-33 2.63648e-34 1.41649e-35 7.036e-37 1.85842e-38 
0 6.03865e-37 1.2295e-35 2.31216e-34 4.03482e-33 6.54943e-32 9.91036e-31 1.40059e-29 1.85183e-28 2.29413e-27 2.66648e-26 2.91126e-25 2.98885e-24 2.88813e-23 2.62891e-22 2.25578e-21 1.82581e-20 1.39474e-19 1.00603e-18 6.85469e-18 4.41333e-17 2.68575e-16 1.54518e-15 8.40584e-15 4.32434e-14 2.10391e-13 9.68108e-13 4.21318e-12 1.73412e-11 6.75022e-11 2.48489e-10 8.65028e-10 2.84758e-09 8.86427e-09 2.60948e-08 7.26528e-08 1.91348e-07 4.76863e-07 1.125e-06 2.51393e-06 5.32523e-06 1.07039e-05 2.04415e-05 3.71454e-05 6.43444e-05 0.000106475 0.000168721 0.000256715 0.000376172 0.000532557 0.0007309 0.000975821 0.00127178 0.00162345 0.0020362 0.00251632 0.00307118 0.003709 0.00443846 0.00526807 0.00620553 0.00725708 0.00842704 0.00971747 0.0111281 0.0126564 0.0142975 0.0160451 0.0178908 0.0198253 0.021838 0.0239177 0.0260523 0.0282295 0.0304366 0.0326607 0.0348891 0.0371092 0.0393086 0.0414754 0.0435985 0.0456672 0.0476718 0.0496032 0.0514535 0.0532155 0.0548829 0.0564504 0.0579134 0.0592682 0.0605116 0.0616413 0.0626553 0.0635522 0.0643309 0.0649906 0.0655309 0.0659514 0.0662518 0.0664321 0.0664922 0.0664321 0.0662518 0.0659514 0.0655309 0.0649906 0.0643309 0.0635522 0.0626553 0.0616413 0.0605116 0.0592682 0.0579134 0.0564504 0.0548829 0.0532155 0.0514535 0.0496032 0.0476718 0.0456672 0.0435985 0.0414754 0.0393086 0.0371092 0.0348891 0.0326607 0.0304366 0.0282295 0.0260523 0.0239177 0.021838 0.0198253 0.0178908 0.0160451 0.0142975 0.0126564 0.0111281 0.00971747 0.00842704 0.00725708 0.00620553 0.00526807 0.00443846 0.003709 0.00307118 0.00251632 0.0020362 0.00162345 0.00127178 0.000975821 0.0007309 0.000532557 0.000376172 0.000256715 0.000168721 0.000106475 6.43444e-05 3.71454e-05 2.04415e-05 1.07039e-05 5.32523e-06 2.51393e-06 1.125e-06 4.76863e-07 1.91348e-07 7.26528e-08 2.60948e-08 8.86427e-09 2.84758e-09 8.65028e-10 2.48489e-10 6.75022e-11 1.73412e-11 4.21318e-12 9.68108e-13 2.10391e-13 4.32434e-14 8.40584e-15 1.54518e-15 2.68575e-16 4.41333e-17 6.85469e-18 1.00603e-18 1.39474e-19 1.82581e-20 2.25578e-21 2.62891e-22 2.88813e-23 2.98885e-24 2.91126e-25 2.66648e-26 2.29413e-27 1.85183e-28 1.40059e-29 9.91036e-31 6.54943e-32 4.03482e-33 2.31216e-34 1.22836e-35 3.52047e-37 
0 1.04183e-35 1.9837e-34 3.49759e-33 5.73688e-32 8.7727e-31 1.25305e-29 1.67462e-28 2.09716e-27 2.46429e-26 2.7203e-25 2.82398e-24 2.75952e-23 2.54032e-22 2.20465e-21 1.80494e-20 1.39474e-19 1.01772e-18 7.0153e-18 4.56963e-17 2.81351e-16 1.6377e-15 9.0137e-15 4.69133e-14 2.30906e-13 1.07479e-12 4.73099e-12 1.96922e-11 7.7503e-11 2.88391e-10 1.01448e-09 3.37333e-09 1.06023e-08 3.14953e-08 8.84307e-08 2.34698e-07 5.88902e-07 1.39747e-06 3.13772e-06 6.67029e-06 1.34378e-05 2.56844e-05 4.66454e-05 8.06365e-05 0.000132978 0.000209725 0.000317255 0.000461812 0.000649174 0.000884576 0.00117294 0.00151937 0.00192974 0.00241121 0.00297244 0.00362343 0.00437502 0.0052381 0.00622268 0.00733712 0.00858742 0.00997688 0.011506 0.0131725 0.0149718 0.0168971 0.0189398 0.0210898 0.0233359 0.0256658 0.0280665 0.030524 0.033024 0.0355518 0.0380926 0.0406315 0.0431539 0.0456459 0.048094 0.0504858 0.0528096 0.0550553 0.0572135 0.0592762 0.0612367 0.0630894 0.0648296 0.066454 0.0679598 0.0693453 0.0706093 0.0717513 0.072771 0.0736689 0.0744452 0.0751006 0.0756357 0.0760511 0.0763474 0.076525 0.0765842 0.076525 0.0763474 0.0760511 0.0756357 0.0751006 0.0744452 0.0736689 0.072771 0.0717513 0.0706093 0.0693453 0.0679598 0.066454 0.0648296 0.0630894 0.0612367 0.0592762 0.0572135 0.0550553 0.0528096 0.0504858 0.048094 0.0456459 0.0431539 0.0406315 0.0380926 0.0355518 0.033024 0.030524 0.0280665 0.0256658 0.0233359 0.0210898 0.0189398 0.0168971 0.0149718 0.0131725 0.011506 0.00997688 0.00858742 0.00733712 0.00622268 0.0052381 0.00437502 0.00362343 0.00297244 0.00241121 0.00192974 0.00151937 0.00117294 0.000884576 0.000649174 0.000461812 0.000317255 0.000209725 0.000132978 8.06365e-05 4.66454e-05 2.56844e-05 1.34378e-05 6.67029e-06 3.13772e-06 1.39747e-06 5.88902e-07 2.34698e-07 8.84307e-08 3.14953e-08 1.06023e-08 3.37333e-09 1.01448e-09 2.88391e-10 7.7503e-11 1.96922e-11 4.73099e-12 1.07479e-12 2.30906e-13 4.69133e-14 9.0137e-15 1.6377e-15 2.81351e-16 4.56963e-17 7.0153e-18 1.01772e-18 1.39474e-19 1.80494e-20 2.20465e-21 2.54032e-22 2.75952e-23 2.82398e-24 2.7203e-25 2.46429e-26 2.09716e-27 1.67462e-28 1.25305e-29 8.7727e-31 5.73688e-32 3.49758e-33 1.98161e-34 6.14358e-36 
