0 0 0 0 0 0 0 0 0 0 0 0 0 0 0 0 0 0 0 0 0 0 0 0 0 0 0 0 0 0 0 0 0 0 0 0 0 0 0 0 0 0 0 0 0 0 0 0 0 0 0 0 0 0 0 0 0 0 0 0 0 0 0 0 0 0 0 0 0 0 0 0 0 0 0 0 0 0 0 0 0 0 0 0 0 0 0 0 0 0 0 0 0 0 0 0 0 0 0 0 0 0 0 0 0 0 0 0 0 0 0 0 0 0 0 0 0 0 0 0 0 0 0 0 0 0 0 0 0 0 0 0 0 0 0 0 0 0 0 0 0 0 0 0 0 0 0 0 0 0 0 0 0 0 0 0 0 0 0 0 0 0 0 0 0 0 0 0 0 0 0 0 0 0 0 0 0 0 0 0 0 0 0 0 0 0 0 0 0 0 0 0 0 0 0 0 0 0 0 0 
0 0 0 0 0 8.45464e-63 3.21799e-60 6.01326e-58 7.35362e-56 6.61914e-54 4.67656e-52 2.70078e-50 1.31101e-48 5.459e-47 1.98027e-45 6.33449e-44 1.8043e-42 4.61309e-41 1.06574e-39 2.23734e-38 4.28859e-37 7.53689e-36 1.21877e-34 1.81914e-33 2.51315e-32 3.22132e-31 3.83929e-30 4.26288e-29 4.4171e-28 4.27782e-27 3.8776e-26 3.29384e-25 2.62504e-24 1.96478e-23 1.38245e-22 9.15219e-22 5.70546e-21 3.3518e-20 1.85696e-19 9.7088e-19 4.79355e-18 2.2365e-17 9.86702e-17 4.11913e-16 1.62828e-15 6.09925e-15 2.1666e-14 7.3046e-14 2.33942e-13 7.12402e-13 2.06484e-12 5.7025e-12 1.50233e-11 3.78023e-11 9.09689e-11 2.09643e-10 4.63336e-10 9.83503e-10 2.00802e-09 3.94939e-09 7.49417e-09 1.37407e-08 2.43804e-08 4.1924e-08 6.99685e-08 1.13495e-07 1.79173e-07 2.75655e-07 4.13816e-07 6.06907e-07 8.70588e-07 1.22281e-06 1.68349e-06 2.27409e-06 3.01684e-06 3.93397e-06 5.04673e-06 6.37428e-06 7.93262e-06 9.73349e-06 1.17834e-05 1.40828e-05 1.66253e-05 1.93975e-05 2.23783e-05 2.55397e-05 2.88465e-05 3.22574e-05 3.57254e-05 3.91995e-05 4.2625e-05 4.59458e-05 4.91053e-05 5.20478e-05 5.47202e-05 5.70734e-05 5.90632e-05 6.06519e-05 6.18092e-05 6.25126e-05 6.27486e-05 6.25126e-05 6.18092e-05 6.06519e-05 5.90632e-05 5.70734e-05 5.47202e-05 5.20478e-05 4.91053e-05 4.59458e-05 4.2625e-05 3.91995e-05 3.57254e-05 3.22574e-05 2.88465e-05 2.55397e-05 2.23783e-05 1.93975e-05 1.66253e-05 1.40828e-05 1.17834e-05 9.73349e-06 7.93262e-06 6.37428e-06 5.04673e-06 3.93397e-06 3.01684e-06 2.27409e-06 1.68349e-06 1.22281e-06 8.70588e-07 6.06907e-07 4.13816e-07 2.75655e-07 1.79173e-07 1.13495e-07 6.99685e-08 4.1924e-08 2.43804e-08 1.37407e-08 7.49417e-09 3.94939e-09 2.00802e-09 9.83503e-10 4.63336e-10 2.09643e-10 9.09689e-11 3.78023e-11 1.50233e-11 5.7025e-12 2.06484e-12 7.12402e-13 2.33942e-13 7.3046e-14 2.1666e-14 6.09925e-15 1.62828e-15 4.11913e-16 9.86702e-17 2.2365e-17 4.79355e-18 9.7088e-19 1.85696e-19 3.3518e-20 5.70546e-21 9.15219e-22 1.38245e-22 1.96478e-23 2.62504e-24 3.29384e-25 3.8776e-26 4.27782e-27 4.4171e-28 4.26288e-29 3.83929e-30 3.22132e-31 2.51315e-32 1.81914e-33 1.21877e-34 7.53689e-36 4.28859e-37 2.23734e-38 1.06574e-39 4.61309e-41 1.8043e-42 6.33449e-44 1.98027e-45 5.459e-47 1.31101e-48 2.70078e-50 4.67656e-52 6.61914e-54 7.35362e-56 6.01326e-58 3.21799e-60 8.45464e-63 0 0 0 0 
0 0 0 0 8.71884e-63 3.35348e-60 6.33318e-58 7.82831e-56 7.12323e-54 5.08823e-52 2.97132e-50 1.45863e-48 6.14309e-47 2.25421e-45 7.29515e-44 2.10255e-42 5.44006e-41 1.27204e-39 2.7032e-38 5.24589e-37 9.33512e-36 1.52875e-34 2.31115e-33 3.23437e-32 4.20028e-31 5.07259e-30 5.70791e-29 5.99467e-28 5.88524e-27 5.40845e-26 4.65839e-25 3.76481e-24 2.85787e-23 2.03958e-22 1.36967e-21 8.66199e-21 5.16257e-20 2.90182e-19 1.53929e-18 7.71082e-18 3.64996e-17 1.63365e-16 6.91825e-16 2.77387e-15 1.05373e-14 3.79531e-14 1.29711e-13 4.21e-13 1.29883e-12 3.81254e-12 1.0659e-11 2.84153e-11 7.23164e-11 1.75925e-10 4.0964e-10 9.14268e-10 1.95871e-09 4.03405e-09 7.99921e-09 1.52951e-08 2.82441e-08 5.04468e-08 8.72825e-08 1.46504e-07 2.38906e-07 3.79026e-07 5.85816e-07 8.83218e-07 1.30056e-06 1.8727e-06 2.63979e-06 3.64675e-06 4.94222e-06 6.57714e-06 8.60301e-06 1.10697e-05 1.40232e-05 1.75033e-05 2.15407e-05 2.61556e-05 3.13548e-05 3.7131e-05 4.3461e-05 5.03053e-05 5.76082e-05 6.52982e-05 7.32892e-05 8.1482e-05 8.97663e-05 9.80233e-05 0.000106128 0.000113953 0.000121372 0.000128259 0.000134496 0.000139976 0.0001446 0.000148287 0.00015097 0.000152599 0.000153145 0.000152599 0.00015097 0.000148287 0.0001446 0.000139976 0.000134496 0.000128259 0.000121372 0.000113953 0.000106128 9.80233e-05 8.97663e-05 8.1482e-05 7.32892e-05 6.52982e-05 5.76082e-05 5.03053e-05 4.3461e-05 3.7131e-05 3.13548e-05 2.61556e-05 2.15407e-05 1.75033e-05 1.40232e-05 1.10697e-05 8.60301e-06 6.57714e-06 4.94222e-06 3.64675e-06 2.63979e-06 1.8727e-06 1.30056e-06 8.83218e-07 5.85816e-07 3.79026e-07 2.38906e-07 1.46504e-07 8.72825e-08 5.04468e-08 2.82441e-08 1.52951e-08 7.99921e-09 4.03405e-09 1.95871e-09 9.14268e-10 4.0964e-10 1.75925e-10 7.23164e-11 2.84153e-11 1.0659e-11 3.81254e-12 1.29883e-12 4.21e-13 1.29711e-13 3.79531e-14 1.05373e-14 2.77387e-15 6.91825e-16 1.63365e-16 3.64996e-17 7.71082e-18 1.53929e-18 2.90182e-19 5.16257e-20 8.66199e-21 1.36967e-21 2.03958e-22 2.85787e-23 3.76481e-24 4.65839e-25 5.40845e-26 5.88524e-27 5.99467e-28 5.70791e-29 5.07259e-30 4.20028e-31 3.23437e-32 2.31115e-33 1.52875e-34 9.33512e-36 5.24589e-37 2.7032e-38 1.27204e-39 5.44006e-41 2.10255e-42 7.29515e-44 2.25421e-45 6.14309e-47 1.45863e-48 2.97132e-50 5.08823e-52 7.12323e-54 7.82831e-56 6.33318e-58 3.35348e-60 8.71884e-63 0 0 0 
0 0 0 8.80873e-63 3.42335e-60 6.53317e-58 8.1614e-56 7.50614e-54 5.41997e-52 3.19978e-50 1.5882e-48 6.76374e-47 2.51005e-45 8.21606e-44 2.39534e-42 6.27e-41 1.4834e-39 3.18992e-38 6.26496e-37 1.12841e-35 1.87059e-34 2.86298e-33 4.05673e-32 5.33468e-31 6.52453e-30 7.43587e-29 7.91039e-28 7.86708e-27 7.32449e-26 6.39187e-25 5.23423e-24 4.02619e-23 2.91176e-22 1.98156e-21 1.26995e-20 7.67031e-20 4.369e-19 2.34842e-18 1.19197e-17 5.7163e-17 2.59171e-16 1.11159e-15 4.51299e-15 1.7355e-14 6.32598e-14 2.18721e-13 7.17888e-13 2.23871e-12 6.63917e-12 1.87431e-11 5.04253e-11 1.29432e-10 3.17365e-10 7.44347e-10 1.67221e-09 3.60359e-09 7.46031e-09 1.48601e-08 2.85235e-08 5.28424e-08 9.46317e-08 1.64073e-07 2.75834e-07 4.50311e-07 7.14924e-07 1.10534e-06 1.66653e-06 2.45339e-06 3.53099e-06 4.97412e-06 6.86615e-06 9.29717e-06 1.23614e-05 1.61538e-05 2.07666e-05 2.62851e-05 3.2783e-05 4.03191e-05 4.89327e-05 5.86403e-05 6.94336e-05 8.12764e-05 9.41048e-05 0.000107826 0.00012232 0.000137441 0.000153018 0.000168863 0.000184769 0.000200519 0.000215886 0.000230644 0.000244568 0.00025744 0.000269057 0.000279231 0.000287795 0.000294609 0.000299559 0.000302563 0.00030357 0.000302563 0.000299559 0.000294609 0.000287795 0.000279231 0.000269057 0.00025744 0.000244568 0.000230644 0.000215886 0.000200519 0.000184769 0.000168863 0.000153018 0.000137441 0.00012232 0.000107826 9.41048e-05 8.12764e-05 6.94336e-05 5.86403e-05 4.89327e-05 4.03191e-05 3.2783e-05 2.62851e-05 2.07666e-05 1.61538e-05 1.23614e-05 9.29717e-06 6.86615e-06 4.97412e-06 3.53099e-06 2.45339e-06 1.66653e-06 1.10534e-06 7.14924e-07 4.50311e-07 2.75834e-07 1.64073e-07 9.46317e-08 5.28424e-08 2.85235e-08 1.48601e-08 7.46031e-09 3.60359e-09 1.67221e-09 7.44347e-10 3.17365e-10 1.29432e-10 5.04253e-11 1.87431e-11 6.63917e-12 2.23871e-12 7.17888e-13 2.18721e-13 6.32598e-14 1.7355e-14 4.51299e-15 1.11159e-15 2.59171e-16 5.7163e-17 1.19197e-17 2.34842e-18 4.369e-19 7.67031e-20 1.26995e-20 1.98156e-21 2.91176e-22 4.02619e-23 5.23423e-24 6.39187e-25 7.32449e-26 7.86708e-27 7.91039e-28 7.43587e-29 6.52453e-30 5.33468e-31 4.05673e-32 2.86298e-33 1.87059e-34 1.12841e-35 6.26496e-37 3.18992e-38 1.4834e-39 6.27e-41 2.39534e-42 8.21606e-44 2.51005e-45 6.76374e-47 1.5882e-48 3.19978e-50 5.41997e-52 7.50614e-54 8.1614e-56 6.53317e-58 3.42335e-60 8.80873e-63 0 0 
0 0 8.71884e-63 3.42335e-60 6.60122e-58 8.3332e-56 7.74565e-54 5.65302e-52 3.3736e-50 1.69285e-48 7.28933e-47 2.7354e-45 9.05503e-44 2.67012e-42 7.07e-41 1.69219e-39 3.6818e-38 7.31709e-37 1.33375e-35 2.23784e-34 3.46701e-33 4.97337e-32 6.62166e-31 8.20046e-30 9.46443e-29 1.01971e-27 1.02719e-26 9.68738e-26 8.56414e-25 7.10501e-24 5.53716e-23 4.05741e-22 2.79778e-21 1.81683e-20 1.11188e-19 6.41701e-19 3.49471e-18 1.79701e-17 8.7298e-17 4.00884e-16 1.74118e-15 7.15702e-15 2.7858e-14 1.02749e-13 3.59341e-13 1.19252e-12 3.75836e-12 1.12586e-11 3.20879e-11 8.70992e-11 2.25419e-10 5.5692e-10 1.31517e-09 2.9727e-09 6.44053e-09 1.3395e-08 2.67843e-08 5.15727e-08 9.57742e-08 1.71814e-07 2.98223e-07 5.0162e-07 8.18891e-07 1.29941e-06 2.00709e-06 3.02201e-06 4.4414e-06 6.37968e-06 8.96748e-06 1.23493e-05 1.66802e-05 2.2121e-05 2.88328e-05 3.69707e-05 4.66768e-05 5.80738e-05 7.12583e-05 8.62948e-05 0.000103211 0.000121992 0.000142582 0.000164879 0.000188735 0.000213959 0.000240321 0.000267551 0.000295348 0.000323387 0.000351319 0.000378783 0.000405412 0.000430841 0.000454713 0.000476685 0.000496439 0.000513682 0.000528159 0.000539652 0.000547989 0.000553042 0.000554735 0.000553042 0.000547989 0.000539652 0.000528159 0.000513682 0.000496439 0.000476685 0.000454713 0.000430841 0.000405412 0.000378783 0.000351319 0.000323387 0.000295348 0.000267551 0.000240321 0.000213959 0.000188735 0.000164879 0.000142582 0.000121992 0.000103211 8.62948e-05 7.12583e-05 5.80738e-05 4.66768e-05 3.69707e-05 2.88328e-05 2.2121e-05 1.66802e-05 1.23493e-05 8.96748e-06 6.37968e-06 4.4414e-06 3.02201e-06 2.00709e-06 1.29941e-06 8.18891e-07 5.0162e-07 2.98223e-07 1.71814e-07 9.57742e-08 5.15727e-08 2.67843e-08 1.3395e-08 6.44053e-09 2.9727e-09 1.31517e-09 5.5692e-10 2.25419e-10 8.70992e-11 3.20879e-11 1.12586e-11 3.75836e-12 1.19252e-12 3.59341e-13 1.02749e-13 2.7858e-14 7.15702e-15 1.74118e-15 4.00884e-16 8.7298e-17 1.79701e-17 3.49471e-18 6.41701e-19 1.11188e-19 1.81683e-20 2.79778e-21 4.05741e-22 5.53716e-23 7.10501e-24 8.56414e-25 9.68738e-26 1.02719e-26 1.01971e-27 9.46443e-29 8.20046e-30 6.62166e-31 4.97337e-32 3.46701e-33 2.23784e-34 1.33375e-35 7.31709e-37 3.6818e-38 1.69219e-39 7.07e-41 2.67012e-42 9.05503e-44 2.7354e-45 7.28933e-47 1.69285e-48 3.3736e-50 5.65302e-52 7.74565e-54 8.3332e-56 6.60122e-58 3.42335e-60 8.71884e-63 0 
0 8.45464e-63 3.35348e-60 6.53317e-58 8.3332e-56 7.82717e-54 5.77326e-52 3.48238e-50 1.7664e-48 7.68948e-47 2.91755e-45 9.76612e-44 2.91239e-42 7.7996e-41 1.88837e-39 4.15656e-38 8.35788e-37 1.54159e-35 2.6176e-34 4.10453e-33 5.95989e-32 8.03307e-31 1.00722e-29 1.17706e-28 1.28422e-27 1.31012e-26 1.25142e-25 1.1206e-24 9.41743e-24 7.43499e-23 5.51936e-22 3.85579e-21 2.53677e-20 1.57287e-19 9.19657e-19 5.0739e-18 2.64295e-17 1.30049e-16 6.04819e-16 2.65999e-15 1.1069e-14 4.36068e-14 1.62734e-13 5.75643e-13 1.93144e-12 6.15156e-12 1.86132e-11 5.35527e-11 1.46653e-10 3.82661e-10 9.52486e-10 2.26447e-09 5.14896e-09 1.12133e-08 2.34234e-08 4.70045e-08 9.07591e-08 1.68889e-07 3.03373e-07 5.26896e-07 8.86221e-07 1.44583e-06 2.29153e-06 3.53364e-06 5.30934e-06 7.78379e-06 1.11496e-05 1.56246e-05 2.14472e-05 2.88705e-05 3.81541e-05 4.95548e-05 6.33169e-05 7.9661e-05 9.87747e-05 0.000120802 0.000145838 0.000173915 0.000205009 0.000239023 0.000275799 0.00031511 0.000356663 0.00040011 0.000445046 0.000491019 0.00053754 0.000584087 0.000630117 0.000675077 0.000718411 0.000759571 0.000798027 0.000833278 0.000864855 0.000892336 0.000915351 0.000933587 0.000946794 0.000954792 0.00095747 0.000954792 0.000946794 0.000933587 0.000915351 0.000892336 0.000864855 0.000833278 0.000798027 0.000759571 0.000718411 0.000675077 0.000630117 0.000584087 0.00053754 0.000491019 0.000445046 0.00040011 0.000356663 0.00031511 0.000275799 0.000239023 0.000205009 0.000173915 0.000145838 0.000120802 9.87747e-05 7.9661e-05 6.33169e-05 4.95548e-05 3.81541e-05 2.88705e-05 2.14472e-05 1.56246e-05 1.11496e-05 7.78379e-06 5.30934e-06 3.53364e-06 2.29153e-06 1.44583e-06 8.86221e-07 5.26896e-07 3.03373e-07 1.68889e-07 9.07591e-08 4.70045e-08 2.34234e-08 1.12133e-08 5.14896e-09 2.26447e-09 9.52486e-10 3.82661e-10 1.46653e-10 5.35527e-11 1.86132e-11 6.15156e-12 1.93144e-12 5.75643e-13 1.62734e-13 4.36068e-14 1.1069e-14 2.65999e-15 6.04819e-16 1.30049e-16 2.64295e-17 5.0739e-18 9.19657e-19 1.57287e-19 2.53677e-20 3.85579e-21 5.51936e-22 7.43499e-23 9.41743e-24 1.1206e-24 1.25142e-25 1.31012e-26 1.28422e-27 1.17706e-28 1.00722e-29 8.03307e-31 5.95989e-32 4.10453e-33 2.6176e-34 1.54159e-35 8.35788e-37 4.15656e-38 1.88837e-39 7.7996e-41 2.91239e-42 9.76612e-44 2.91755e-45 7.68948e-47 1.7664e-48 3.48238e-50 5.77326e-52 7.82717e-54 8.3332e-56 6.53317e-58 3.35348e-60 4.31448e-63 
0 3.21799e-60 6.33318e-58 8.1614e-56 7.74565e-54 5.77326e-52 3.51941e-50 1.80436e-48 7.94e-47 3.04564e-45 1.03079e-43 3.10835e-42 8.41854e-41 2.0615e-39 4.59e-38 9.33698e-37 1.74244e-35 2.9938e-34 4.75072e-33 6.98167e-32 9.5252e-31 1.20902e-29 1.43044e-28 1.5802e-27 1.6324e-26 1.57907e-25 1.43206e-24 1.21896e-23 9.74784e-23 7.3301e-22 5.18732e-21 3.45724e-20 2.1715e-19 1.28619e-18 7.18814e-18 3.79254e-17 1.89004e-16 8.90144e-16 3.96382e-15 1.66975e-14 6.65736e-14 2.51363e-13 8.99296e-13 3.05059e-12 9.81848e-12 3.00065e-11 8.71493e-11 2.40764e-10 6.33344e-10 1.58816e-09 3.80086e-09 8.69295e-09 1.90263e-08 3.99103e-08 8.03573e-08 1.55548e-07 2.89944e-07 5.21303e-07 9.05554e-07 1.52232e-06 2.48071e-06 3.92485e-06 6.03847e-06 9.04794e-06 1.3223e-05 1.88746e-05 2.63502e-05 3.60254e-05 4.82933e-05 6.3551e-05 8.21858e-05 0.000104559 0.000130991 0.000161748 0.000197028 0.000236951 0.000281551 0.000330771 0.000384458 0.000442368 0.000504162 0.000569416 0.000637623 0.000708202 0.000780509 0.000853844 0.000927466 0.0010006 0.00107245 0.00114223 0.00120913 0.00127238 0.00133123 0.00138498 0.00143299 0.00147466 0.00150949 0.00153703 0.00155696 0.00156902 0.00157305 0.00156902 0.00155696 0.00153703 0.00150949 0.00147466 0.00143299 0.00138498 0.00133123 0.00127238 0.00120913 0.00114223 0.00107245 0.0010006 0.000927466 0.000853844 0.000780509 0.000708202 0.000637623 0.000569416 0.000504162 0.000442368 0.000384458 0.000330771 0.000281551 0.000236951 0.000197028 0.000161748 0.000130991 0.000104559 8.21858e-05 6.3551e-05 4.82933e-05 3.60254e-05 2.63502e-05 1.88746e-05 1.3223e-05 9.04794e-06 6.03847e-06 3.92485e-06 2.48071e-06 1.52232e-06 9.05554e-07 5.21303e-07 2.89944e-07 1.55548e-07 8.03573e-08 3.99103e-08 1.90263e-08 8.69295e-09 3.80086e-09 1.58816e-09 6.33344e-10 2.40764e-10 8.71493e-11 3.00065e-11 9.81848e-12 3.05059e-12 8.99296e-13 2.51363e-13 6.65736e-14 1.66975e-14 3.96382e-15 8.90144e-16 1.89004e-16 3.79254e-17 7.18814e-18 1.28619e-18 2.1715e-19 3.45724e-20 5.18732e-21 7.3301e-22 9.74784e-23 1.21896e-23 1.43206e-24 1.57907e-25 1.6324e-26 1.5802e-27 1.43044e-28 1.20902e-29 9.5252e-31 6.98167e-32 4.75072e-33 2.9938e-34 1.74244e-35 9.33698e-37 4.59e-38 2.0615e-39 8.41854e-41 3.10835e-42 1.03079e-43 3.04564e-45 7.94e-47 1.80436e-48 3.51941e-50 5.77326e-52 7.74565e-54 8.1614e-56 6.33314e-58 1.65705e-60 
0 6.01326e-58 7.82831e-56 7.50614e-54 5.65302e-52 3.48238e-50 1.80436e-48 8.0253e-47 3.11177e-45 1.06472e-43 3.24623e-42 8.89037e-41 2.20165e-39 4.95801e-38 1.02019e-36 1.92602e-35 3.34812e-34 5.37602e-33 7.99524e-32 1.10399e-30 1.41836e-29 1.69874e-28 1.89985e-27 1.98711e-26 1.94635e-25 1.78749e-24 1.54086e-23 1.24797e-22 9.50488e-22 6.81302e-21 4.59933e-20 2.92616e-19 1.75554e-18 9.93748e-18 5.31027e-17 2.68008e-16 1.27813e-15 5.76232e-15 2.45709e-14 9.91407e-14 3.78711e-13 1.37032e-12 4.69941e-12 1.52845e-11 4.71789e-11 1.38317e-10 3.85487e-10 1.02228e-09 2.58233e-09 6.22082e-09 1.43095e-08 3.14725e-08 6.6283e-08 1.33875e-07 2.59727e-07 4.84808e-07 8.72144e-07 1.51464e-06 2.54374e-06 4.13823e-06 6.53216e-06 1.0021e-05 1.49645e-05 2.17862e-05 3.09679e-05 4.304e-05 5.85668e-05 7.81293e-05 0.000102304 0.000131642 0.000166647 0.000207754 0.000255313 0.000309573 0.00037067 0.00043862 0.000513313 0.000594514 0.000681864 0.000774884 0.000872981 0.000975459 0.00108152 0.0011903 0.00130083 0.00141212 0.0015231 0.0016327 0.00173981 0.00184333 0.00194216 0.00203526 0.00212161 0.00220026 0.00227033 0.00233104 0.00238169 0.0024217 0.00245061 0.0024681 0.00247395 0.0024681 0.00245061 0.0024217 0.00238169 0.00233104 0.00227033 0.00220026 0.00212161 0.00203526 0.00194216 0.00184333 0.00173981 0.0016327 0.0015231 0.00141212 0.00130083 0.0011903 0.00108152 0.000975459 0.000872981 0.000774884 0.000681864 0.000594514 0.000513313 0.00043862 0.00037067 0.000309573 0.000255313 0.000207754 0.000166647 0.000131642 0.000102304 7.81293e-05 5.85668e-05 4.304e-05 3.09679e-05 2.17862e-05 1.49645e-05 1.0021e-05 6.53216e-06 4.13823e-06 2.54374e-06 1.51464e-06 8.72144e-07 4.84808e-07 2.59727e-07 1.33875e-07 6.6283e-08 3.14725e-08 1.43095e-08 6.22082e-09 2.58233e-09 1.02228e-09 3.85487e-10 1.38317e-10 4.71789e-11 1.52845e-11 4.69941e-12 1.37032e-12 3.78711e-13 9.91407e-14 2.45709e-14 5.76232e-15 1.27813e-15 2.68008e-16 5.31027e-17 9.93748e-18 1.75554e-18 2.92616e-19 4.59933e-20 6.81302e-21 9.50488e-22 1.24797e-22 1.54086e-23 1.78749e-24 1.94635e-25 1.98711e-26 1.89985e-27 1.69874e-28 1.41836e-29 1.10399e-30 7.99524e-32 5.37602e-33 3.34812e-34 1.92602e-35 1.02019e-36 4.95801e-38 2.20165e-39 8.89037e-41 3.24623e-42 1.06472e-43 3.11177e-45 8.0253e-47 1.80436e-48 3.48238e-50 5.65302e-52 7.50614e-54 7.82816e-56 3.1249e-58 
0 7.35362e-56 7.12323e-54 5.41997e-52 3.3736e-50 1.7664e-48 7.94e-47 3.11177e-45 1.07627e-43 3.31745e-42 9.18602e-41 2.30032e-39 5.23874e-38 1.09025e-36 2.08201e-35 3.66141e-34 5.94812e-33 8.95095e-32 1.25073e-30 1.62629e-29 1.97147e-28 2.23193e-27 2.3633e-26 2.34365e-25 2.17934e-24 1.90232e-23 1.56025e-22 1.20345e-21 8.73643e-21 5.97328e-20 3.84898e-19 2.33875e-18 1.34079e-17 7.25591e-17 3.70833e-16 1.79065e-15 8.17292e-15 3.52747e-14 1.44031e-13 5.56616e-13 2.0369e-12 7.06196e-12 2.32099e-11 7.23593e-11 2.1414e-10 6.02054e-10 1.60952e-09 4.09561e-09 9.93075e-09 2.2973e-08 5.07691e-08 1.07337e-07 2.17431e-07 4.22683e-07 7.89853e-07 1.42121e-06 2.46663e-06 4.13663e-06 6.71493e-06 1.05692e-05 1.6158e-05 2.40326e-05 3.48323e-05 4.92728e-05 6.81286e-05 9.2209e-05 0.00012233 0.000159285 0.000203815 0.00025658 0.000318133 0.000388903 0.000469177 0.00055909 0.00065862 0.000767585 0.000885646 0.00101231 0.00114694 0.00128876 0.00143685 0.00159019 0.00174765 0.00190799 0.00206989 0.00223198 0.00239283 0.00255095 0.00270488 0.00285314 0.00299426 0.00312683 0.00324951 0.00336103 0.00346021 0.00354601 0.00361751 0.00367395 0.0037147 0.00373933 0.00374757 0.00373933 0.0037147 0.00367395 0.00361751 0.00354601 0.00346021 0.00336103 0.00324951 0.00312683 0.00299426 0.00285314 0.00270488 0.00255095 0.00239283 0.00223198 0.00206989 0.00190799 0.00174765 0.00159019 0.00143685 0.00128876 0.00114694 0.00101231 0.000885646 0.000767585 0.00065862 0.00055909 0.000469177 0.000388903 0.000318133 0.00025658 0.000203815 0.000159285 0.00012233 9.2209e-05 6.81286e-05 4.92728e-05 3.48323e-05 2.40326e-05 1.6158e-05 1.05692e-05 6.71493e-06 4.13663e-06 2.46663e-06 1.42121e-06 7.89853e-07 4.22683e-07 2.17431e-07 1.07337e-07 5.07691e-08 2.2973e-08 9.93075e-09 4.09561e-09 1.60952e-09 6.02054e-10 2.1414e-10 7.23593e-11 2.32099e-11 7.06196e-12 2.0369e-12 5.56616e-13 1.44031e-13 3.52747e-14 8.17292e-15 1.79065e-15 3.70833e-16 7.25591e-17 1.34079e-17 2.33875e-18 3.84898e-19 5.97328e-20 8.73643e-21 1.20345e-21 1.56025e-22 1.90232e-23 2.17934e-24 2.34365e-25 2.3633e-26 2.23193e-27 1.97147e-28 1.62629e-29 1.25073e-30 8.95095e-32 5.94812e-33 3.66141e-34 2.08201e-35 1.09025e-36 5.23874e-38 2.30032e-39 9.18602e-41 3.31745e-42 1.07627e-43 3.11177e-45 7.94e-47 1.7664e-48 3.3736e-50 5.41997e-52 7.12297e-54 3.85712e-56 
0 6.61914e-54 5.08823e-52 3.19978e-50 1.69285e-48 7.68948e-47 3.04564e-45 1.06472e-43 3.31745e-42 9.28673e-41 2.35129e-39 5.41472e-38 1.13961e-36 2.20109e-35 3.9154e-34 6.43469e-33 9.7968e-32 1.38514e-30 1.82257e-29 2.23604e-28 2.5622e-27 2.74622e-26 2.75697e-25 2.59552e-24 2.29391e-23 1.90505e-22 1.48795e-21 1.09385e-20 7.5738e-20 4.94233e-19 3.04127e-18 1.76566e-17 9.67596e-17 5.0073e-16 2.44802e-15 1.1311e-14 4.94114e-14 2.04159e-13 7.98174e-13 2.95396e-12 1.03536e-11 3.43859e-11 1.08274e-10 3.23453e-10 9.17392e-10 2.47241e-09 6.33747e-09 1.54667e-08 3.59807e-08 7.989e-08 1.69539e-07 3.44389e-07 6.70696e-07 1.25436e-06 2.25678e-06 3.91289e-06 6.54983e-06 1.0604e-05 1.66342e-05 2.53276e-05 3.7498e-05 5.40729e-05 7.60722e-05 0.000104577 0.000140694 0.000185512 0.000240067 0.0003053 0.000382026 0.000470908 0.000572439 0.000686929 0.0008145 0.000955082 0.00110842 0.00127408 0.00145143 0.00163969 0.00183791 0.00204497 0.0022596 0.00248039 0.00270582 0.00293421 0.00316382 0.00339279 0.00361921 0.00384113 0.00405658 0.00426358 0.0044602 0.00464457 0.00481489 0.00496948 0.00510681 0.00522548 0.00532429 0.00540222 0.00545847 0.00549246 0.00550382 0.00549246 0.00545847 0.00540222 0.00532429 0.00522548 0.00510681 0.00496948 0.00481489 0.00464457 0.0044602 0.00426358 0.00405658 0.00384113 0.00361921 0.00339279 0.00316382 0.00293421 0.00270582 0.00248039 0.0022596 0.00204497 0.00183791 0.00163969 0.00145143 0.00127408 0.00110842 0.000955082 0.0008145 0.000686929 0.000572439 0.000470908 0.000382026 0.0003053 0.000240067 0.000185512 0.000140694 0.000104577 7.60722e-05 5.40729e-05 3.7498e-05 2.53276e-05 1.66342e-05 1.0604e-05 6.54983e-06 3.91289e-06 2.25678e-06 1.25436e-06 6.70696e-07 3.44389e-07 1.69539e-07 7.989e-08 3.59807e-08 1.54667e-08 6.33747e-09 2.47241e-09 9.17392e-10 3.23453e-10 1.08274e-10 3.43859e-11 1.03536e-11 2.95396e-12 7.98174e-13 2.04159e-13 4.94114e-14 1.1311e-14 2.44802e-15 5.0073e-16 9.67596e-17 1.76566e-17 3.04127e-18 4.94233e-19 7.5738e-20 1.09385e-20 1.48795e-21 1.90505e-22 2.29391e-23 2.59552e-24 2.75697e-25 2.74622e-26 2.5622e-27 2.23604e-28 1.82257e-29 1.38514e-30 9.7968e-32 6.43469e-33 3.9154e-34 2.20109e-35 1.13961e-36 5.41472e-38 2.35129e-39 9.28673e-41 3.31745e-42 1.06472e-43 3.04564e-45 7.68948e-47 1.69285e-48 3.19978e-50 5.08791e-52 3.50477e-54 
0 4.67656e-52 2.97132e-50 1.5882e-48 7.28933e-47 2.91755e-45 1.03079e-43 3.24623e-42 9.18602e-41 2.35129e-39 5.47468e-38 1.16511e-36 2.27576e-35 4.0944e-34 6.80633e-33 1.0483e-31 1.49954e-30 1.99645e-29 2.47859e-28 2.8743e-27 3.11811e-26 3.16856e-25 3.0197e-24 2.70183e-23 2.27176e-22 1.79656e-21 1.33731e-20 9.37617e-20 6.19567e-19 3.86063e-18 2.2696e-17 1.25938e-16 6.59873e-16 3.26606e-15 1.52759e-14 6.75394e-14 2.82378e-13 1.11682e-12 4.18002e-12 1.48114e-11 4.97086e-11 1.58092e-10 4.76746e-10 1.36411e-09 3.7062e-09 9.56981e-09 2.35072e-08 5.49925e-08 1.22672e-07 2.61282e-07 5.32158e-07 1.03806e-06 1.94258e-06 3.49361e-06 6.04913e-06 1.01027e-05 1.63051e-05 2.54779e-05 3.86161e-05 5.68767e-05 8.15536e-05 0.000114039 0.000155777 0.000208207 0.000272714 0.00035058 0.000442939 0.000550747 0.000674762 0.000815534 0.000973397 0.00114847 0.00134068 0.00154972 0.0017751 0.00201614 0.00227194 0.00254143 0.00282329 0.00311606 0.00341804 0.00372735 0.00404196 0.00435965 0.00467805 0.00499472 0.00530708 0.00561253 0.00590845 0.00619221 0.00646126 0.00671312 0.00694545 0.00715604 0.00734288 0.00750417 0.00763834 0.00774409 0.00782038 0.00786645 0.00788186 0.00786645 0.00782038 0.00774409 0.00763834 0.00750417 0.00734288 0.00715604 0.00694545 0.00671312 0.00646126 0.00619221 0.00590845 0.00561253 0.00530708 0.00499472 0.00467805 0.00435965 0.00404196 0.00372735 0.00341804 0.00311606 0.00282329 0.00254143 0.00227194 0.00201614 0.0017751 0.00154972 0.00134068 0.00114847 0.000973397 0.000815534 0.000674762 0.000550747 0.000442939 0.00035058 0.000272714 0.000208207 0.000155777 0.000114039 8.15536e-05 5.68767e-05 3.86161e-05 2.54779e-05 1.63051e-05 1.01027e-05 6.04913e-06 3.49361e-06 1.94258e-06 1.03806e-06 5.32158e-07 2.61282e-07 1.22672e-07 5.49925e-08 2.35072e-08 9.56981e-09 3.7062e-09 1.36411e-09 4.76746e-10 1.58092e-10 4.97086e-11 1.48114e-11 4.18002e-12 1.11682e-12 2.82378e-13 6.75394e-14 1.52759e-14 3.26606e-15 6.59873e-16 1.25938e-16 2.2696e-17 3.86063e-18 6.19567e-19 9.37617e-20 1.33731e-20 1.79656e-21 2.27176e-22 2.70183e-23 3.0197e-24 3.16856e-25 3.11811e-26 2.8743e-27 2.47859e-28 1.99645e-29 1.49954e-30 1.0483e-31 6.80633e-33 4.0944e-34 2.27576e-35 1.16511e-36 5.47468e-38 2.35129e-39 9.18602e-41 3.24623e-42 1.03079e-43 2.91755e-45 7.28933e-47 1.5882e-48 2.97104e-50 2.50003e-52 
0 2.70078e-50 1.45863e-48 6.76374e-47 2.7354e-45 9.76612e-44 3.10835e-42 8.89037e-41 2.30032e-39 5.41472e-38 1.16511e-36 2.30121e-35 4.18693e-34 7.0395e-33 1.09669e-31 1.58698e-30 2.13762e-29 2.68522e-28 3.15104e-27 3.45938e-26 3.55791e-25 3.4321e-24 3.10851e-23 2.64596e-22 2.11845e-21 1.59656e-20 1.13337e-19 7.58301e-19 4.78432e-18 2.84785e-17 1.59998e-16 8.48757e-16 4.2528e-15 2.01341e-14 9.00935e-14 3.81145e-13 1.52496e-12 5.77222e-12 2.06774e-11 7.01273e-11 2.25275e-10 6.85798e-10 1.97968e-09 5.42258e-09 1.41051e-08 3.48741e-08 8.2042e-08 1.83859e-07 3.9302e-07 8.02513e-07 1.56774e-06 2.93497e-06 5.27486e-06 9.11796e-06 1.51876e-05 2.44249e-05 3.79991e-05 5.73015e-05 8.39173e-05 0.000119581 0.000166113 0.000225357 0.0002991 0.000389021 0.000496628 0.000623232 0.000769919 0.000937545 0.00112674 0.00133791 0.00157126 0.00182676 0.00210421 0.00240317 0.00272297 0.00306271 0.00342125 0.00379714 0.00418868 0.00459387 0.00501043 0.00543583 0.00586728 0.00630176 0.00673609 0.00716694 0.00759088 0.00800444 0.00840416 0.00878659 0.00914843 0.00948646 0.00979769 0.0100793 0.0103288 0.0105439 0.0107226 0.0108633 0.0109647 0.011026 0.0110464 0.011026 0.0109647 0.0108633 0.0107226 0.0105439 0.0103288 0.0100793 0.00979769 0.00948646 0.00914843 0.00878659 0.00840416 0.00800444 0.00759088 0.00716694 0.00673609 0.00630176 0.00586728 0.00543583 0.00501043 0.00459387 0.00418868 0.00379714 0.00342125 0.00306271 0.00272297 0.00240317 0.00210421 0.00182676 0.00157126 0.00133791 0.00112674 0.000937545 0.000769919 0.000623232 0.000496628 0.000389021 0.0002991 0.000225357 0.000166113 0.000119581 8.39173e-05 5.73015e-05 3.79991e-05 2.44249e-05 1.51876e-05 9.11796e-06 5.27486e-06 2.93497e-06 1.56774e-06 8.02513e-07 3.9302e-07 1.83859e-07 8.2042e-08 3.48741e-08 1.41051e-08 5.42258e-09 1.97968e-09 6.85798e-10 2.25275e-10 7.01273e-11 2.06774e-11 5.77222e-12 1.52496e-12 3.81145e-13 9.00935e-14 2.01341e-14 4.2528e-15 8.48757e-16 1.59998e-16 2.84785e-17 4.78432e-18 7.58301e-19 1.13337e-19 1.59656e-20 2.11845e-21 2.64596e-22 3.10851e-23 3.4321e-24 3.55791e-25 3.45938e-26 3.15104e-27 2.68522e-28 2.13762e-29 1.58698e-30 1.09669e-31 7.0395e-33 4.18693e-34 2.30121e-35 1.16511e-36 5.41472e-38 2.30032e-39 8.89037e-41 3.10835e-42 9.76612e-44 2.7354e-45 6.76374e-47 1.45844e-48 1.45792e-50 
0 1.31101e-48 6.14309e-47 2.51005e-45 9.05503e-44 2.91239e-42 8.41854e-41 2.20165e-39 5.23874e-38 1.13961e-36 2.27576e-35 4.18693e-34 7.11898e-33 1.12171e-31 1.64186e-30 2.23721e-29 2.84324e-28 3.37587e-27 3.75034e-26 3.90343e-25 3.81091e-24 3.49359e-23 3.01014e-22 2.43969e-21 1.86139e-20 1.33776e-19 9.06182e-19 5.78853e-18 3.48848e-17 1.98425e-16 1.06562e-15 5.40506e-15 2.5901e-14 1.17293e-13 5.02094e-13 2.03221e-12 7.77935e-12 2.81734e-11 9.65607e-11 3.13323e-10 9.62954e-10 2.80456e-09 7.74526e-09 2.02968e-08 5.05131e-08 1.19504e-07 2.69056e-07 5.77202e-07 1.18152e-06 2.31127e-06 4.32792e-06 7.7714e-06 1.34069e-05 2.22646e-05 3.56647e-05 5.52188e-05 8.28055e-05 0.000120518 0.000170589 0.000235303 0.000316905 0.000417522 0.000539095 0.000683341 0.000851738 0.00104552 0.0012657 0.00151308 0.00178828 0.00209173 0.00242365 0.00278409 0.00317281 0.00358932 0.00403279 0.00450202 0.00499544 0.00551104 0.00604642 0.00659873 0.00716478 0.00774099 0.00832348 0.00890812 0.00949061 0.0100665 0.0106312 0.0111804 0.0117094 0.012214 0.0126901 0.0131336 0.0135409 0.0139086 0.0142337 0.0145135 0.0147456 0.0149282 0.0150596 0.015139 0.0151655 0.015139 0.0150596 0.0149282 0.0147456 0.0145135 0.0142337 0.0139086 0.0135409 0.0131336 0.0126901 0.012214 0.0117094 0.0111804 0.0106312 0.0100665 0.00949061 0.00890812 0.00832348 0.00774099 0.00716478 0.00659873 0.00604642 0.00551104 0.00499544 0.00450202 0.00403279 0.00358932 0.00317281 0.00278409 0.00242365 0.00209173 0.00178828 0.00151308 0.0012657 0.00104552 0.000851738 0.000683341 0.000539095 0.000417522 0.000316905 0.000235303 0.000170589 0.000120518 8.28055e-05 5.52188e-05 3.56647e-05 2.22646e-05 1.34069e-05 7.7714e-06 4.32792e-06 2.31127e-06 1.18152e-06 5.77202e-07 2.69056e-07 1.19504e-07 5.05131e-08 2.02968e-08 7.74526e-09 2.80456e-09 9.62954e-10 3.13323e-10 9.65607e-11 2.81734e-11 7.77935e-12 2.03221e-12 5.02094e-13 1.17293e-13 2.5901e-14 5.40506e-15 1.06562e-15 1.98425e-16 3.48848e-17 5.78853e-18 9.06182e-19 1.33776e-19 1.86139e-20 2.43969e-21 3.01014e-22 3.49359e-23 3.81091e-24 3.90343e-25 3.75034e-26 3.37587e-27 2.84324e-28 2.23721e-29 1.64186e-30 1.12171e-31 7.11898e-33 4.18693e-34 2.27576e-35 1.13961e-36 5.23874e-38 2.20165e-39 8.41854e-41 2.91239e-42 9.05503e-44 2.51005e-45 6.142e-47 7.14736e-49 
0 5.459e-47 2.25421e-45 8.21606e-44 2.67012e-42 7.7996e-41 2.0615e-39 4.95801e-38 1.09025e-36 2.20109e-35 4.0944e-34 7.0395e-33 1.12171e-31 1.66057e-30 2.28873e-29 2.94246e-28 3.53456e-27 3.97297e-26 4.18433e-25 4.13409e-24 3.8356e-23 3.34494e-22 2.74414e-21 2.11936e-20 1.54193e-19 1.05738e-18 6.8379e-18 4.17188e-17 2.40228e-16 1.30601e-15 6.70549e-15 3.25229e-14 1.49049e-13 6.45581e-13 2.64331e-12 1.02334e-11 3.74691e-11 1.29784e-10 4.25406e-10 1.32001e-09 3.8791e-09 1.08018e-08 2.85197e-08 7.14501e-08 1.70002e-07 3.84543e-07 8.2792e-07 1.6989e-06 3.3276e-06 6.2316e-06 1.11776e-05 1.924e-05 3.18458e-05 5.07921e-05 7.82303e-05 0.000116611 0.000168597 0.000236951 0.000324418 0.000433626 0.000566996 0.000726708 0.000914682 0.0011326 0.00138195 0.00166405 0.00198008 0.0023311 0.00271801 0.00314155 0.00360219 0.00410007 0.00463494 0.00520605 0.00581211 0.00645125 0.00712099 0.00781827 0.00853944 0.00928034 0.0100363 0.0108024 0.0115733 0.0123434 0.0131071 0.0138586 0.0145924 0.0153028 0.0159843 0.0166319 0.0172406 0.0178058 0.0183233 0.0187892 0.0192001 0.0195529 0.0198452 0.0200747 0.0202398 0.0203394 0.0203726 0.0203394 0.0202398 0.0200747 0.0198452 0.0195529 0.0192001 0.0187892 0.0183233 0.0178058 0.0172406 0.0166319 0.0159843 0.0153028 0.0145924 0.0138586 0.0131071 0.0123434 0.0115733 0.0108024 0.0100363 0.00928034 0.00853944 0.00781827 0.00712099 0.00645125 0.00581211 0.00520605 0.00463494 0.00410007 0.00360219 0.00314155 0.00271801 0.0023311 0.00198008 0.00166405 0.00138195 0.0011326 0.000914682 0.000726708 0.000566996 0.000433626 0.000324418 0.000236951 0.000168597 0.000116611 7.82303e-05 5.07921e-05 3.18458e-05 1.924e-05 1.11776e-05 6.2316e-06 3.3276e-06 1.6989e-06 8.2792e-07 3.84543e-07 1.70002e-07 7.14501e-08 2.85197e-08 1.08018e-08 3.8791e-09 1.32001e-09 4.25406e-10 1.29784e-10 3.74691e-11 1.02334e-11 2.64331e-12 6.45581e-13 1.49049e-13 3.25229e-14 6.70549e-15 1.30601e-15 2.40228e-16 4.17188e-17 6.8379e-18 1.05738e-18 1.54193e-19 2.11936e-20 2.74414e-21 3.34494e-22 3.8356e-23 4.13409e-24 4.18433e-25 3.97297e-26 3.53456e-27 2.94246e-28 2.28873e-29 1.66057e-30 1.12171e-31 7.0395e-33 4.0944e-34 2.20109e-35 1.09025e-36 4.95801e-38 2.0615e-39 7.7996e-41 2.67012e-42 8.21606e-44 2.25369e-45 3.00619e-47 
0 1.98027e-45 7.29515e-44 2.39534e-42 7.07e-41 1.88837e-39 4.59e-38 1.02019e-36 2.08201e-35 3.9154e-34 6.80633e-33 1.09669e-31 1.64186e-30 2.28873e-29 2.97629e-28 3.61667e-27 4.11282e-26 4.3827e-25 4.38152e-24 4.11381e-23 3.63078e-22 3.01473e-21 2.35669e-20 1.73557e-19 1.20477e-18 7.88688e-18 4.87108e-17 2.83939e-16 1.56257e-15 8.12064e-15 3.98638e-14 1.84882e-13 8.10255e-13 3.35611e-12 1.31406e-11 4.86452e-11 1.70294e-10 5.63895e-10 1.76671e-09 5.23908e-09 1.47115e-08 3.9139e-08 9.87178e-08 2.36244e-07 5.36925e-07 1.16021e-06 2.38663e-06 4.68046e-06 8.76508e-06 1.57024e-05 2.69626e-05 4.4468e-05 7.0595e-05 0.000108125 0.000160149 0.000229928 0.000320749 0.000435784 0.000577986 0.00075004 0.000954359 0.00119313 0.00146838 0.00178206 0.00213607 0.00253229 0.00297255 0.00345854 0.00399171 0.00457313 0.00520337 0.00588234 0.00660923 0.00738241 0.00819941 0.00905694 0.00995091 0.0108765 0.0118282 0.0128001 0.0137858 0.0147786 0.0157715 0.0167575 0.0177298 0.0186813 0.0196054 0.0204956 0.0213457 0.02215 0.022903 0.0235996 0.0242353 0.024806 0.025308 0.0257381 0.0260937 0.0263726 0.026573 0.0266937 0.0267341 0.0266937 0.026573 0.0263726 0.0260937 0.0257381 0.025308 0.024806 0.0242353 0.0235996 0.022903 0.02215 0.0213457 0.0204956 0.0196054 0.0186813 0.0177298 0.0167575 0.0157715 0.0147786 0.0137858 0.0128001 0.0118282 0.0108765 0.00995091 0.00905694 0.00819941 0.00738241 0.00660923 0.00588234 0.00520337 0.00457313 0.00399171 0.00345854 0.00297255 0.00253229 0.00213607 0.00178206 0.00146838 0.00119313 0.000954359 0.00075004 0.000577986 0.000435784 0.000320749 0.000229928 0.000160149 0.000108125 7.0595e-05 4.4468e-05 2.69626e-05 1.57024e-05 8.76508e-06 4.68046e-06 2.38663e-06 1.16021e-06 5.36925e-07 2.36244e-07 9.87178e-08 3.9139e-08 1.47115e-08 5.23908e-09 1.76671e-09 5.63895e-10 1.70294e-10 4.86452e-11 1.31406e-11 3.35611e-12 8.10255e-13 1.84882e-13 3.98638e-14 8.12064e-15 1.56257e-15 2.83939e-16 4.87108e-17 7.88688e-18 1.20477e-18 1.73557e-19 2.35669e-20 3.01473e-21 3.63078e-22 4.11381e-23 4.38152e-24 4.3827e-25 4.11282e-26 3.61667e-27 2.97629e-28 2.28873e-29 1.64186e-30 1.09669e-31 6.80633e-33 3.9154e-34 2.08201e-35 1.02019e-36 4.59e-38 1.88837e-39 7.07e-41 2.39534e-42 7.29304e-44 1.1017e-45 
0 6.33449e-44 2.10255e-42 6.27e-41 1.69219e-39 4.15656e-38 9.33698e-37 1.92602e-35 3.66141e-34 6.43469e-33 1.0483e-31 1.58698e-30 2.23721e-29 2.94246e-28 3.61667e-27 4.16052e-26 4.48537e-25 4.53701e-24 4.31036e-23 3.84972e-22 3.23496e-21 2.55944e-20 1.90778e-19 1.34046e-18 8.88243e-18 5.5531e-17 3.27655e-16 1.82517e-15 9.60073e-15 4.7699e-14 2.2387e-13 9.92721e-13 4.15972e-12 1.64726e-11 6.16563e-11 2.18159e-10 7.29837e-10 2.30902e-09 6.91034e-09 1.95701e-08 5.2469e-08 1.33252e-07 3.20778e-07 7.32605e-07 1.58895e-06 3.2768e-06 6.43424e-06 1.20488e-05 2.15562e-05 3.69176e-05 6.06545e-05 9.58193e-05 0.000145899 0.000214657 0.000305949 0.000423536 0.000570952 0.000751425 0.000967895 0.00122309 0.00151964 0.0018602 0.00224752 0.00268452 0.00317417 0.0037194 0.00432294 0.00498709 0.00571348 0.00650293 0.00735526 0.00826918 0.00924229 0.0102711 0.0113509 0.0124764 0.013641 0.0148378 0.0160592 0.0172972 0.0185436 0.0197901 0.0210283 0.02225 0.0234472 0.0246122 0.0257374 0.0268159 0.027841 0.0288066 0.029707 0.030537 0.031292 0.0319678 0.0325608 0.0330678 0.0334862 0.0338139 0.0340491 0.0341907 0.034238 0.0341907 0.0340491 0.0338139 0.0334862 0.0330678 0.0325608 0.0319678 0.031292 0.030537 0.029707 0.0288066 0.027841 0.0268159 0.0257374 0.0246122 0.0234472 0.02225 0.0210283 0.0197901 0.0185436 0.0172972 0.0160592 0.0148378 0.013641 0.0124764 0.0113509 0.0102711 0.00924229 0.00826918 0.00735526 0.00650293 0.00571348 0.00498709 0.00432294 0.0037194 0.00317417 0.00268452 0.00224752 0.0018602 0.00151964 0.00122309 0.000967895 0.000751425 0.000570952 0.000423536 0.000305949 0.000214657 0.000145899 9.58193e-05 6.06545e-05 3.69176e-05 2.15562e-05 1.20488e-05 6.43424e-06 3.2768e-06 1.58895e-06 7.32605e-07 3.20778e-07 1.33252e-07 5.2469e-08 1.95701e-08 6.91034e-09 2.30902e-09 7.29837e-10 2.18159e-10 6.16563e-11 1.64726e-11 4.15972e-12 9.92721e-13 2.2387e-13 4.7699e-14 9.60073e-15 1.82517e-15 3.27655e-16 5.5531e-17 8.88243e-18 1.34046e-18 1.90778e-19 2.55944e-20 3.23496e-21 3.84972e-22 4.31036e-23 4.53701e-24 4.48537e-25 4.16052e-26 3.61667e-27 2.94246e-28 2.23721e-29 1.58698e-30 1.0483e-31 6.43469e-33 3.66141e-34 1.92602e-35 9.33698e-37 4.15656e-38 1.69219e-39 6.26999e-41 2.1018e-42 3.56092e-44 
0 1.8043e-42 5.44006e-41 1.4834e-39 3.6818e-38 8.35788e-37 1.74244e-35 3.34812e-34 5.94812e-33 9.7968e-32 1.49954e-30 2.13762e-29 2.84324e-28 3.53456e-27 4.11282e-26 4.48537e-25 4.59005e-24 4.41211e-23 3.98735e-22 3.39062e-21 2.71481e-20 2.04801e-19 1.45644e-18 9.76824e-18 6.18126e-17 3.69162e-16 2.08141e-15 1.10814e-14 5.57192e-14 2.6464e-13 1.18739e-12 5.0334e-12 2.01601e-11 7.62996e-11 2.72889e-10 9.22419e-10 2.94722e-09 8.90266e-09 2.54311e-08 6.87224e-08 1.7576e-07 4.25686e-07 9.7708e-07 2.12738e-06 4.39865e-06 8.64839e-06 1.61945e-05 2.89326e-05 4.9416e-05 8.08662e-05 0.000127095 0.000192341 0.000281036 0.000397578 0.000546122 0.00073049 0.00095417 0.00122044 0.00153255 0.0018939 0.00230821 0.00277955 0.00331227 0.00391083 0.00457953 0.00532218 0.00614177 0.00704023 0.00801817 0.00907477 0.0102077 0.0114133 0.0126864 0.0140208 0.0154091 0.0168432 0.0183143 0.0198133 0.0213304 0.0228561 0.0243806 0.0258943 0.0273879 0.0288522 0.0302786 0.0316588 0.0329849 0.0342497 0.0354465 0.036569 0.0376117 0.0385695 0.0394379 0.0402131 0.0408915 0.0414703 0.041947 0.0423198 0.0425871 0.042748 0.0428016 0.042748 0.0425871 0.0423198 0.041947 0.0414703 0.0408915 0.0402131 0.0394379 0.0385695 0.0376117 0.036569 0.0354465 0.0342497 0.0329849 0.0316588 0.0302786 0.0288522 0.0273879 0.0258943 0.0243806 0.0228561 0.0213304 0.0198133 0.0183143 0.0168432 0.0154091 0.0140208 0.0126864 0.0114133 0.0102077 0.00907477 0.00801817 0.00704023 0.00614177 0.00532218 0.00457953 0.00391083 0.00331227 0.00277955 0.00230821 0.0018939 0.00153255 0.00122044 0.00095417 0.00073049 0.000546122 0.000397578 0.000281036 0.000192341 0.000127095 8.08662e-05 4.9416e-05 2.89326e-05 1.61945e-05 8.64839e-06 4.39865e-06 2.12738e-06 9.7708e-07 4.25686e-07 1.7576e-07 6.87224e-08 2.54311e-08 8.90266e-09 2.94722e-09 9.22419e-10 2.72889e-10 7.62996e-11 2.01601e-11 5.0334e-12 1.18739e-12 2.6464e-13 5.57192e-14 1.10814e-14 2.08141e-15 3.69162e-16 6.18126e-17 9.76824e-18 1.45644e-18 2.04801e-19 2.71481e-20 3.39062e-21 3.98735e-22 4.41211e-23 4.59005e-24 4.48537e-25 4.11282e-26 3.53456e-27 2.84324e-28 2.13762e-29 1.49954e-30 9.7968e-32 5.94812e-33 3.34812e-34 1.74244e-35 8.35788e-37 3.6818e-38 1.4834e-39 5.43773e-41 1.02506e-42 
0 4.61309e-41 1.27204e-39 3.18992e-38 7.31709e-37 1.54159e-35 2.9938e-34 5.37602e-33 8.95095e-32 1.38514e-30 1.99645e-29 2.68522e-28 3.37587e-27 3.97297e-26 4.3827e-25 4.53701e-24 4.41211e-23 4.0343e-22 3.47122e-21 2.8125e-20 2.14716e-19 1.54534e-18 1.04899e-17 6.71836e-17 4.06108e-16 2.31748e-15 1.24874e-14 6.35454e-14 3.05419e-13 1.38658e-12 5.94638e-12 2.409e-11 9.21944e-11 3.33326e-10 1.13854e-09 3.67422e-09 1.12039e-08 3.22875e-08 8.79564e-08 2.26581e-07 5.52219e-07 1.27411e-06 2.7853e-06 5.77492e-06 1.13705e-05 2.12922e-05 3.79875e-05 6.47018e-05 0.000105449 0.00016486 0.000247931 0.000359718 0.000505063 0.000688427 0.000913875 0.00118523 0.00150631 0.00188128 0.00231481 0.00281225 0.0033795 0.00402279 0.00474826 0.00556155 0.0064673 0.00746877 0.00856755 0.00976338 0.0110541 0.0124359 0.0139032 0.0154488 0.0170647 0.0187416 0.0204695 0.022238 0.0240362 0.025853 0.0276772 0.0294979 0.0313042 0.0330856 0.034832 0.0365337 0.0381817 0.0397674 0.041283 0.0427214 0.0440759 0.0453409 0.046511 0.0475818 0.0485493 0.0494102 0.0501616 0.0508011 0.0513268 0.0517372 0.0520311 0.0522078 0.0522667 0.0522078 0.0520311 0.0517372 0.0513268 0.0508011 0.0501616 0.0494102 0.0485493 0.0475818 0.046511 0.0453409 0.0440759 0.0427214 0.041283 0.0397674 0.0381817 0.0365337 0.034832 0.0330856 0.0313042 0.0294979 0.0276772 0.025853 0.0240362 0.022238 0.0204695 0.0187416 0.0170647 0.0154488 0.0139032 0.0124359 0.0110541 0.00976338 0.00856755 0.00746877 0.0064673 0.00556155 0.00474826 0.00402279 0.0033795 0.00281225 0.00231481 0.00188128 0.00150631 0.00118523 0.000913875 0.000688427 0.000505063 0.000359718 0.000247931 0.00016486 0.000105449 6.47018e-05 3.79875e-05 2.12922e-05 1.13705e-05 5.77492e-06 2.7853e-06 1.27411e-06 5.52219e-07 2.26581e-07 8.79564e-08 3.22875e-08 1.12039e-08 3.67422e-09 1.13854e-09 3.33326e-10 9.21944e-11 2.409e-11 5.94638e-12 1.38658e-12 3.05419e-13 6.35454e-14 1.24874e-14 2.31748e-15 4.06108e-16 6.71836e-17 1.04899e-17 1.54534e-18 2.14716e-19 2.8125e-20 3.47122e-21 4.0343e-22 4.41211e-23 4.53701e-24 4.3827e-25 3.97297e-26 3.37587e-27 2.68522e-28 1.99645e-29 1.38514e-30 8.95095e-32 5.37602e-33 2.9938e-34 1.54159e-35 7.31709e-37 3.18992e-38 1.27139e-39 2.64912e-41 
