0 0 0 0 0 0 0 0 0 0 0 0 0 0 0 0 0 0 0 0 0 0 0 0 0 0 0 0 0 0 0 0 0 0 0 0 0 0 0 0 0 0 0 0 0 0 0 0 0 0 0 0 0 0 0 0 0 0 0 0 0 0 0 0 0 0 0 0 0 0 0 0 0 0 0 0 0 0 0 0 0 0 0 0 0 0 0 0 0 0 0 0 0 0 0 0 0 0 0 0 0 0 0 0 0 0 0 0 0 0 0 0 0 0 0 0 0 0 0 0 0 0 0 0 0 0 0 0 0 0 0 0 0 0 0 0 0 0 0 0 0 0 0 0 0 0 0 0 0 0 0 0 0 0 0 0 0 0 0 0 0 0 0 0 0 0 0 0 0 0 0 0 0 0 0 0 0 0 0 0 0 0 0 0 0 0 0 0 0 0 0 0 0 0 0 0 0 0 0 0 
0 0 0 0 0 0 0 0 0 0 2.30734e-61 8.32029e-59 1.47184e-56 1.70254e-54 1.4484e-52 9.66364e-51 5.26572e-49 2.40962e-47 9.45022e-46 3.22585e-44 9.701e-43 2.59531e-41 6.22623e-40 1.34838e-38 2.65084e-37 4.7535e-36 7.80711e-35 1.17859e-33 1.64054e-32 2.11131e-31 2.51831e-30 2.78992e-29 2.87629e-28 2.76426e-27 2.48027e-26 2.08066e-25 1.63394e-24 1.20255e-23 8.30369e-23 5.38473e-22 3.28234e-21 1.88238e-20 1.01648e-19 5.17254e-19 2.48238e-18 1.12444e-17 4.81113e-17 1.94608e-16 7.44803e-16 2.69944e-15 9.27389e-15 3.02299e-14 9.35957e-14 2.75552e-13 7.72322e-13 2.06341e-12 5.26187e-12 1.28253e-11 2.99218e-11 6.69194e-11 1.43687e-10 2.96658e-10 5.89845e-10 1.1312e-09 2.09568e-09 3.75624e-09 6.5233e-09 1.09924e-08 1.79983e-08 2.8673e-08 4.45013e-08 6.73704e-08 9.9603e-08 1.43969e-07 2.03667e-07 2.82269e-07 3.83626e-07 5.11734e-07 6.70563e-07 8.63844e-07 1.09485e-06 1.36615e-06 1.67938e-06 2.03503e-06 2.43222e-06 2.86864e-06 3.34039e-06 3.84203e-06 4.36659e-06 4.90573e-06 5.44996e-06 5.98883e-06 6.51131e-06 7.00615e-06 7.46217e-06 7.86875e-06 8.21612e-06 8.49578e-06 8.70075e-06 8.82586e-06 8.86792e-06 8.82586e-06 8.70075e-06 8.49578e-06 8.21612e-06 7.86875e-06 7.46217e-06 7.00615e-06 6.51131e-06 5.98883e-06 5.44996e-06 4.90573e-06 4.36659e-06 3.84203e-06 3.34039e-06 2.86864e-06 2.43222e-06 2.03503e-06 1.67938e-06 1.36615e-06 1.09485e-06 8.63844e-07 6.70563e-07 5.11734e-07 3.83626e-07 2.82269e-07 2.03667e-07 1.43969e-07 9.9603e-08 6.73704e-08 4.45013e-08 2.8673e-08 1.79983e-08 1.09924e-08 6.5233e-09 3.75624e-09 2.09568e-09 1.1312e-09 5.89845e-10 2.96658e-10 1.43687e-10 6.69194e-11 2.99218e-11 1.28253e-11 5.26187e-12 2.06341e-12 7.72322e-13 2.75552e-13 9.35957e-14 3.02299e-14 9.27389e-15 2.69944e-15 7.44803e-16 1.94608e-16 4.81113e-17 1.12444e-17 2.48238e-18 5.17254e-19 1.01648e-19 1.88238e-20 3.28234e-21 5.38473e-22 8.30369e-23 1.20255e-23 1.63394e-24 2.08066e-25 2.48027e-26 2.76426e-27 2.87629e-28 2.78992e-29 2.51831e-30 2.11131e-31 1.64054e-32 1.17859e-33 7.80711e-35 4.7535e-36 2.65084e-37 1.34838e-38 6.22623e-40 2.59531e-41 9.701e-43 3.22585e-44 9.45022e-46 2.40962e-47 5.26572e-49 9.66364e-51 1.4484e-52 1.70254e-54 1.47184e-56 8.32029e-59 2.30734e-61 0 0 0 0 0 0 0 0 0 
0 0 0 0 0 0 0 0 0 2.51018e-61 9.15232e-59 1.63723e-56 1.91542e-54 1.64827e-52 1.11254e-50 6.13379e-49 2.8404e-47 1.12744e-45 3.89567e-44 1.18606e-42 3.21288e-41 7.80571e-40 1.71217e-38 3.40984e-37 6.19507e-36 1.03103e-34 1.57747e-33 2.22571e-32 2.90392e-31 3.51201e-30 3.94565e-29 4.12575e-28 4.02209e-27 3.6613e-26 3.11641e-25 2.48347e-24 1.85501e-23 1.30009e-22 8.55783e-22 5.29555e-21 3.08308e-20 1.6902e-19 8.7319e-19 4.25433e-18 1.95629e-17 8.49663e-17 3.48828e-16 1.3548e-15 4.98207e-15 1.7362e-14 5.73924e-14 1.80142e-13 5.37465e-13 1.52601e-12 4.12829e-12 1.06549e-11 2.62715e-11 6.19717e-11 1.40061e-10 3.03746e-10 6.33061e-10 1.26998e-09 2.45611e-09 4.58638e-09 8.28193e-09 1.4484e-08 2.45684e-08 4.04778e-08 6.48648e-08 1.01234e-07 1.54071e-07 2.28938e-07 3.32522e-07 4.72606e-07 6.57973e-07 8.98198e-07 1.20335e-06 1.5836e-06 2.04875e-06 2.6077e-06 3.26783e-06 4.03451e-06 4.91045e-06 5.8953e-06 6.98523e-06 8.17266e-06 9.44618e-06 1.07906e-05 1.21871e-05 1.36137e-05 1.50458e-05 1.64567e-05 1.78187e-05 1.91036e-05 2.02836e-05 2.13327e-05 2.22268e-05 2.29452e-05 2.3471e-05 2.37917e-05 2.38994e-05 2.37917e-05 2.3471e-05 2.29452e-05 2.22268e-05 2.13327e-05 2.02836e-05 1.91036e-05 1.78187e-05 1.64567e-05 1.50458e-05 1.36137e-05 1.21871e-05 1.07906e-05 9.44618e-06 8.17266e-06 6.98523e-06 5.8953e-06 4.91045e-06 4.03451e-06 3.26783e-06 2.6077e-06 2.04875e-06 1.5836e-06 1.20335e-06 8.98198e-07 6.57973e-07 4.72606e-07 3.32522e-07 2.28938e-07 1.54071e-07 1.01234e-07 6.48648e-08 4.04778e-08 2.45684e-08 1.4484e-08 8.28193e-09 4.58638e-09 2.45611e-09 1.26998e-09 6.33061e-10 3.03746e-10 1.40061e-10 6.19717e-11 2.62715e-11 1.06549e-11 4.12829e-12 1.52601e-12 5.37465e-13 1.80142e-13 5.73924e-14 1.7362e-14 4.98207e-15 1.3548e-15 3.48828e-16 8.49663e-17 1.95629e-17 4.25433e-18 8.7319e-19 1.6902e-19 3.08308e-20 5.29555e-21 8.55783e-22 1.30009e-22 1.85501e-23 2.48347e-24 3.11641e-25 3.6613e-26 4.02209e-27 4.12575e-28 3.94565e-29 3.51201e-30 2.90392e-31 2.22571e-32 1.57747e-33 1.03103e-34 6.19507e-36 3.40984e-37 1.71217e-38 7.80571e-40 3.21288e-41 1.18606e-42 3.89567e-44 1.12744e-45 2.8404e-47 6.13379e-49 1.11254e-50 1.64827e-52 1.91542e-54 1.63723e-56 9.15232e-59 2.51018e-61 0 0 0 0 0 0 0 0 
0 0 0 0 0 0 0 0 2.67389e-61 9.85634e-59 1.78275e-56 2.10909e-54 1.83554e-52 1.25316e-50 6.98924e-49 3.2745e-47 1.31516e-45 4.59877e-44 1.41708e-42 3.8857e-41 9.55718e-40 2.12258e-38 4.28059e-37 7.87636e-36 1.32775e-34 2.05791e-33 2.94175e-32 3.88907e-31 4.76644e-30 5.42727e-29 5.75223e-28 5.6846e-27 5.24612e-26 4.5274e-25 3.65827e-24 2.77084e-23 1.96928e-22 1.31456e-21 8.24922e-21 4.87043e-20 2.70761e-19 1.41839e-18 7.00674e-18 3.26634e-17 1.43797e-16 5.98273e-16 2.35421e-15 8.76868e-15 3.0941e-14 1.03523e-13 3.28747e-13 9.91872e-13 2.84643e-12 7.77877e-12 2.02691e-11 5.04252e-11 1.1994e-10 2.73157e-10 5.96557e-10 1.25128e-09 2.52467e-09 4.90783e-09 9.20651e-09 1.66918e-08 2.92946e-08 4.98429e-08 8.23359e-08 1.3224e-07 2.06785e-07 3.15232e-07 4.69074e-07 6.82137e-07 9.70546e-07 1.35252e-06 1.84797e-06 2.47794e-06 3.2638e-06 4.22635e-06 5.38471e-06 6.75525e-06 8.35039e-06 1.01776e-05 1.22382e-05 1.4527e-05 1.70312e-05 1.97305e-05 2.2597e-05 2.55955e-05 2.8684e-05 3.18149e-05 3.49357e-05 3.7991e-05 4.09236e-05 4.36762e-05 4.61933e-05 4.84226e-05 5.03168e-05 5.18351e-05 5.29443e-05 5.36198e-05 5.38466e-05 5.36198e-05 5.29443e-05 5.18351e-05 5.03168e-05 4.84226e-05 4.61933e-05 4.36762e-05 4.09236e-05 3.7991e-05 3.49357e-05 3.18149e-05 2.8684e-05 2.55955e-05 2.2597e-05 1.97305e-05 1.70312e-05 1.4527e-05 1.22382e-05 1.01776e-05 8.35039e-06 6.75525e-06 5.38471e-06 4.22635e-06 3.2638e-06 2.47794e-06 1.84797e-06 1.35252e-06 9.70546e-07 6.82137e-07 4.69074e-07 3.15232e-07 2.06785e-07 1.3224e-07 8.23359e-08 4.98429e-08 2.92946e-08 1.66918e-08 9.20651e-09 4.90783e-09 2.52467e-09 1.25128e-09 5.96557e-10 2.73157e-10 1.1994e-10 5.04252e-11 2.02691e-11 7.77877e-12 2.84643e-12 9.91872e-13 3.28747e-13 1.03523e-13 3.0941e-14 8.76868e-15 2.35421e-15 5.98273e-16 1.43797e-16 3.26634e-17 7.00674e-18 1.41839e-18 2.70761e-19 4.87043e-20 8.24922e-21 1.31456e-21 1.96928e-22 2.77084e-23 3.65827e-24 4.5274e-25 5.24612e-26 5.6846e-27 5.75223e-28 5.42727e-29 4.76644e-30 3.88907e-31 2.94175e-32 2.05791e-33 1.32775e-34 7.87636e-36 4.28059e-37 2.12258e-38 9.55718e-40 3.8857e-41 1.41708e-42 4.59877e-44 1.31516e-45 3.2745e-47 6.98924e-49 1.25316e-50 1.83554e-52 2.10909e-54 1.78275e-56 9.85634e-59 2.67389e-61 0 0 0 0 0 0 0 
0 0 0 0 0 0 0 2.78889e-61 1.0392e-58 1.9003e-56 2.27312e-54 2.0005e-52 1.38128e-50 7.7922e-49 3.69303e-47 1.50065e-45 5.30954e-44 1.6557e-42 4.59495e-41 1.14399e-39 2.57212e-38 5.25198e-37 9.78568e-36 1.67064e-34 2.62268e-33 3.7978e-32 5.08663e-31 6.31665e-30 7.28838e-29 7.82868e-28 7.84149e-27 7.33537e-26 6.41734e-25 5.25697e-24 4.03693e-23 2.90902e-22 1.96893e-21 1.2528e-20 7.4998e-20 4.22733e-19 2.24516e-18 1.12435e-17 5.31281e-17 2.37039e-16 9.99286e-16 3.98337e-15 1.50255e-14 5.36749e-14 1.81739e-13 5.83792e-13 1.78085e-12 5.16435e-12 1.42534e-11 3.74858e-11 9.40645e-11 2.25524e-10 5.1736e-10 1.13731e-09 2.39954e-09 4.86655e-09 9.50294e-09 1.78952e-08 3.25501e-08 5.72787e-08 9.7664e-08 1.61598e-07 2.59857e-07 4.06674e-07 6.2025e-07 9.23128e-07 1.34237e-06 1.90947e-06 2.65995e-06 3.63259e-06 4.86831e-06 6.40871e-06 8.29434e-06 1.05627e-05 1.32463e-05 1.63703e-05 1.99508e-05 2.3993e-05 2.84898e-05 3.34207e-05 3.87511e-05 4.44327e-05 5.04033e-05 5.65886e-05 6.29029e-05 6.92516e-05 7.5533e-05 8.16413e-05 8.74689e-05 9.29099e-05 9.78622e-05 0.000102231 0.000105931 0.000108889 0.000111046 0.000112357 0.000112798 0.000112357 0.000111046 0.000108889 0.000105931 0.000102231 9.78622e-05 9.29099e-05 8.74689e-05 8.16413e-05 7.5533e-05 6.92516e-05 6.29029e-05 5.65886e-05 5.04033e-05 4.44327e-05 3.87511e-05 3.34207e-05 2.84898e-05 2.3993e-05 1.99508e-05 1.63703e-05 1.32463e-05 1.05627e-05 8.29434e-06 6.40871e-06 4.86831e-06 3.63259e-06 2.65995e-06 1.90947e-06 1.34237e-06 9.23128e-07 6.2025e-07 4.06674e-07 2.59857e-07 1.61598e-07 9.7664e-08 5.72787e-08 3.25501e-08 1.78952e-08 9.50294e-09 4.86655e-09 2.39954e-09 1.13731e-09 5.1736e-10 2.25524e-10 9.40645e-11 3.74858e-11 1.42534e-11 5.16435e-12 1.78085e-12 5.83792e-13 1.81739e-13 5.36749e-14 1.50255e-14 3.98337e-15 9.99286e-16 2.37039e-16 5.31281e-17 1.12435e-17 2.24516e-18 4.22733e-19 7.4998e-20 1.2528e-20 1.96893e-21 2.90902e-22 4.03693e-23 5.25697e-24 6.41734e-25 7.33537e-26 7.84149e-27 7.82868e-28 7.28838e-29 6.31665e-30 5.08663e-31 3.7978e-32 2.62268e-33 1.67064e-34 9.78568e-36 5.25198e-37 2.57212e-38 1.14399e-39 4.59495e-41 1.6557e-42 5.30954e-44 1.50065e-45 3.69303e-47 7.7922e-49 1.38128e-50 2.0005e-52 2.27312e-54 1.9003e-56 1.0392e-58 2.78889e-61 0 0 0 0 0 0 
0 0 0 0 0 0 2.84823e-61 1.07272e-58 1.98291e-56 2.398e-54 2.13384e-52 1.48989e-50 8.50024e-49 4.0748e-47 1.67497e-45 5.99576e-44 1.89183e-42 5.3131e-41 1.33879e-39 3.04688e-38 6.2982e-37 1.18814e-35 2.05399e-34 3.26551e-33 4.7894e-32 6.4979e-31 8.17472e-30 9.55671e-29 1.04017e-27 1.05583e-26 1.00101e-25 8.87622e-25 7.3705e-24 5.73758e-23 4.19142e-22 2.87605e-21 1.85526e-20 1.12597e-19 6.43405e-19 3.46405e-18 1.75839e-17 8.42109e-17 3.80737e-16 1.62619e-15 6.56607e-15 2.50804e-14 9.06948e-14 3.10741e-13 1.00962e-12 3.11361e-12 9.12342e-12 2.54279e-11 6.74895e-11 1.70798e-10 4.12697e-10 9.5346e-10 2.10931e-09 4.47526e-09 9.12061e-09 1.78839e-08 3.37939e-08 6.16404e-08 1.08704e-07 1.85642e-07 3.07491e-07 4.94739e-07 7.74366e-07 1.18075e-06 1.75631e-06 2.55176e-06 3.62587e-06 5.04462e-06 6.87971e-06 9.20654e-06 1.21015e-05 1.56387e-05 1.98868e-05 2.49053e-05 3.07408e-05 3.74236e-05 4.49655e-05 5.33563e-05 6.25632e-05 7.25292e-05 8.31732e-05 9.43912e-05 0.000106057 0.000118026 0.000130136 0.000142212 0.000154072 0.000165528 0.000176393 0.000186483 0.000195624 0.000203657 0.000210438 0.000215845 0.00021978 0.00022217 0.000222971 0.00022217 0.00021978 0.000215845 0.000210438 0.000203657 0.000195624 0.000186483 0.000176393 0.000165528 0.000154072 0.000142212 0.000130136 0.000118026 0.000106057 9.43912e-05 8.31732e-05 7.25292e-05 6.25632e-05 5.33563e-05 4.49655e-05 3.74236e-05 3.07408e-05 2.49053e-05 1.98868e-05 1.56387e-05 1.21015e-05 9.20654e-06 6.87971e-06 5.04462e-06 3.62587e-06 2.55176e-06 1.75631e-06 1.18075e-06 7.74366e-07 4.94739e-07 3.07491e-07 1.85642e-07 1.08704e-07 6.16404e-08 3.37939e-08 1.78839e-08 9.12061e-09 4.47526e-09 2.10931e-09 9.5346e-10 4.12697e-10 1.70798e-10 6.74895e-11 2.54279e-11 9.12342e-12 3.11361e-12 1.00962e-12 3.10741e-13 9.06948e-14 2.50804e-14 6.56607e-15 1.62619e-15 3.80737e-16 8.42109e-17 1.75839e-17 3.46405e-18 6.43405e-19 1.12597e-19 1.85526e-20 2.87605e-21 4.19142e-22 5.73758e-23 7.3705e-24 8.87622e-25 1.00101e-25 1.05583e-26 1.04017e-27 9.55671e-29 8.17472e-30 6.4979e-31 4.7894e-32 3.26551e-33 2.05399e-34 1.18814e-35 6.2982e-37 3.04688e-38 1.33879e-39 5.3131e-41 1.89183e-42 5.99576e-44 1.67497e-45 4.0748e-47 8.50024e-49 1.48989e-50 2.13384e-52 2.398e-54 1.98291e-56 1.07272e-58 2.84823e-61 0 0 0 0 0 
0 0 0 0 0 2.84823e-61 1.08414e-58 2.02556e-56 2.47619e-54 2.22762e-52 1.57263e-50 9.07301e-49 4.3987e-47 1.82884e-45 6.62241e-44 2.11402e-42 6.00739e-41 1.53184e-39 3.52837e-38 7.38252e-37 1.40987e-35 2.46766e-34 3.97254e-33 5.90036e-32 8.10778e-31 1.0332e-29 1.22362e-28 1.34932e-27 1.38779e-26 1.33329e-25 1.19814e-24 1.00833e-23 7.9559e-23 5.89112e-22 4.09755e-21 2.67936e-20 1.64836e-19 9.54766e-19 5.21028e-18 2.68055e-17 1.30094e-16 5.95981e-16 2.57879e-15 1.05459e-14 4.07876e-14 1.49297e-13 5.17577e-13 1.7008e-12 5.30237e-12 1.56977e-11 4.41781e-11 1.18323e-10 3.01964e-10 7.35246e-10 1.71043e-09 3.80727e-09 8.12125e-09 1.66274e-08 3.27285e-08 6.20364e-08 1.13425e-07 2.0037e-07 3.42555e-07 5.67679e-07 9.1334e-07 1.42884e-06 2.17666e-06 3.23351e-06 4.69049e-06 6.6525e-06 9.23652e-06 1.25688e-05 1.67811e-05 2.2006e-05 2.83712e-05 3.59945e-05 4.49767e-05 5.53968e-05 6.73066e-05 8.07257e-05 9.56385e-05 0.000111992 0.000129693 0.000148611 0.000168578 0.000189391 0.000210814 0.000232586 0.000254425 0.000276031 0.000297099 0.000317318 0.000336383 0.000353999 0.000369889 0.0003838 0.000395506 0.000404817 0.00041158 0.000415683 0.000417059 0.000415683 0.00041158 0.000404817 0.000395506 0.0003838 0.000369889 0.000353999 0.000336383 0.000317318 0.000297099 0.000276031 0.000254425 0.000232586 0.000210814 0.000189391 0.000168578 0.000148611 0.000129693 0.000111992 9.56385e-05 8.07257e-05 6.73066e-05 5.53968e-05 4.49767e-05 3.59945e-05 2.83712e-05 2.2006e-05 1.67811e-05 1.25688e-05 9.23652e-06 6.6525e-06 4.69049e-06 3.23351e-06 2.17666e-06 1.42884e-06 9.1334e-07 5.67679e-07 3.42555e-07 2.0037e-07 1.13425e-07 6.20364e-08 3.27285e-08 1.66274e-08 8.12125e-09 3.80727e-09 1.71043e-09 7.35246e-10 3.01964e-10 1.18323e-10 4.41781e-11 1.56977e-11 5.30237e-12 1.7008e-12 5.17577e-13 1.49297e-13 4.07876e-14 1.05459e-14 2.57879e-15 5.95981e-16 1.30094e-16 2.68055e-17 5.21028e-18 9.54766e-19 1.64836e-19 2.67936e-20 4.09755e-21 5.89112e-22 7.9559e-23 1.00833e-23 1.19814e-24 1.33329e-25 1.38779e-26 1.34932e-27 1.22362e-28 1.0332e-29 8.10778e-31 5.90036e-32 3.97254e-33 2.46766e-34 1.40987e-35 7.38252e-37 3.52837e-38 1.53184e-39 6.00739e-41 2.11402e-42 6.62241e-44 1.82884e-45 4.3987e-47 9.07301e-49 1.57263e-50 2.22762e-52 2.47619e-54 2.02556e-56 1.08414e-58 2.84823e-61 0 0 0 0 
0 0 0 0 2.78889e-61 1.07272e-58 2.02556e-56 2.50282e-54 2.27604e-52 1.62446e-50 9.47606e-49 4.64565e-47 1.95341e-45 7.15457e-44 2.31035e-42 6.64214e-41 1.71372e-39 3.99449e-38 8.45872e-37 1.6351e-35 2.89713e-34 4.72193e-33 7.10149e-32 9.88197e-31 1.27539e-29 1.52994e-28 1.70905e-27 1.78081e-26 1.73347e-25 1.57846e-24 1.34615e-23 1.0764e-22 8.07793e-22 5.69456e-21 3.77407e-20 2.35328e-19 1.38151e-18 7.64072e-18 3.98365e-17 1.95908e-16 9.09292e-16 3.98552e-15 1.65065e-14 6.46373e-14 2.39469e-13 8.39956e-13 2.79147e-12 8.79698e-12 2.63118e-11 7.47668e-11 2.02059e-10 5.19957e-10 1.27563e-09 2.98773e-09 6.69031e-09 1.43449e-08 2.94978e-08 5.82679e-08 1.1075e-07 2.02895e-07 3.58877e-07 6.13902e-07 1.01731e-06 1.63575e-06 2.55607e-06 3.88766e-06 5.76375e-06 8.34135e-06 1.17996e-05 1.63365e-05 2.21637e-05 2.94995e-05 3.85617e-05 4.95575e-05 6.26755e-05 7.80754e-05 9.588e-05 0.000116167 0.000138965 0.000164244 0.000191918 0.000221839 0.000253803 0.000287548 0.000322758 0.000359073 0.000396091 0.000433378 0.000470474 0.000506904 0.000542188 0.000575847 0.000607416 0.000636449 0.000662532 0.000685287 0.000704382 0.000719535 0.000730523 0.000737183 0.000739413 0.000737183 0.000730523 0.000719535 0.000704382 0.000685287 0.000662532 0.000636449 0.000607416 0.000575847 0.000542188 0.000506904 0.000470474 0.000433378 0.000396091 0.000359073 0.000322758 0.000287548 0.000253803 0.000221839 0.000191918 0.000164244 0.000138965 0.000116167 9.588e-05 7.80754e-05 6.26755e-05 4.95575e-05 3.85617e-05 2.94995e-05 2.21637e-05 1.63365e-05 1.17996e-05 8.34135e-06 5.76375e-06 3.88766e-06 2.55607e-06 1.63575e-06 1.01731e-06 6.13902e-07 3.58877e-07 2.02895e-07 1.1075e-07 5.82679e-08 2.94978e-08 1.43449e-08 6.69031e-09 2.98773e-09 1.27563e-09 5.19957e-10 2.02059e-10 7.47668e-11 2.63118e-11 8.79698e-12 2.79147e-12 8.39956e-13 2.39469e-13 6.46373e-14 1.65065e-14 3.98552e-15 9.09292e-16 1.95908e-16 3.98365e-17 7.64072e-18 1.38151e-18 2.35328e-19 3.77407e-20 5.69456e-21 8.07793e-22 1.0764e-22 1.34615e-23 1.57846e-24 1.73347e-25 1.78081e-26 1.70905e-27 1.52994e-28 1.27539e-29 9.88197e-31 7.10149e-32 4.72193e-33 2.89713e-34 1.6351e-35 8.45872e-37 3.99449e-38 1.71372e-39 6.64214e-41 2.31035e-42 7.15457e-44 1.95341e-45 4.64565e-47 9.47606e-49 1.62446e-50 2.27604e-52 2.50282e-54 2.02556e-56 1.07272e-58 2.78889e-61 0 0 0 
0 0 0 2.67389e-61 1.0392e-58 1.98291e-56 2.47619e-54 2.27604e-52 1.64212e-50 9.68423e-49 4.8004e-47 2.04113e-45 7.56057e-44 2.46943e-42 7.18167e-41 1.8746e-39 4.42112e-38 9.47396e-37 1.85344e-35 3.324e-34 5.48433e-33 8.35056e-32 1.17658e-30 1.53773e-29 1.86818e-28 2.11374e-27 2.23106e-26 2.20011e-25 2.02972e-24 1.7539e-23 1.42109e-22 1.0807e-21 7.7205e-21 5.18542e-20 3.27672e-19 1.94942e-18 1.09258e-17 5.77216e-17 2.87612e-16 1.35237e-15 6.00399e-15 2.51815e-14 9.98307e-14 3.74327e-13 1.32837e-12 4.46449e-12 1.42213e-11 4.29722e-11 1.23287e-10 3.36178e-10 8.72231e-10 2.15592e-09 5.08328e-09 1.14494e-08 2.46717e-08 5.09427e-08 1.00958e-07 1.9236e-07 3.52975e-07 6.24861e-07 1.06902e-06 1.77048e-06 2.84338e-06 4.43536e-06 6.73079e-06 9.95211e-06 1.43588e-05 2.02437e-05 2.79265e-05 3.77446e-05 5.00419e-05 6.51555e-05 8.34023e-05 0.000105065 0.000130377 0.000159515 0.000192584 0.00022961 0.00027054 0.000315231 0.000363456 0.000414905 0.000469187 0.000525837 0.000584323 0.00064406 0.000704412 0.000764709 0.000824257 0.000882348 0.000938277 0.000991347 0.00104089 0.00108626 0.00112688 0.00116222 0.00119179 0.00121522 0.00123218 0.00124245 0.00124589 0.00124245 0.00123218 0.00121522 0.00119179 0.00116222 0.00112688 0.00108626 0.00104089 0.000991347 0.000938277 0.000882348 0.000824257 0.000764709 0.000704412 0.00064406 0.000584323 0.000525837 0.000469187 0.000414905 0.000363456 0.000315231 0.00027054 0.00022961 0.000192584 0.000159515 0.000130377 0.000105065 8.34023e-05 6.51555e-05 5.00419e-05 3.77446e-05 2.79265e-05 2.02437e-05 1.43588e-05 9.95211e-06 6.73079e-06 4.43536e-06 2.84338e-06 1.77048e-06 1.06902e-06 6.24861e-07 3.52975e-07 1.9236e-07 1.00958e-07 5.09427e-08 2.46717e-08 1.14494e-08 5.08328e-09 2.15592e-09 8.72231e-10 3.36178e-10 1.23287e-10 4.29722e-11 1.42213e-11 4.46449e-12 1.32837e-12 3.74327e-13 9.98307e-14 2.51815e-14 6.00399e-15 1.35237e-15 2.87612e-16 5.77216e-17 1.09258e-17 1.94942e-18 3.27672e-19 5.18542e-20 7.7205e-21 1.0807e-21 1.42109e-22 1.7539e-23 2.02972e-24 2.20011e-25 2.23106e-26 2.11374e-27 1.86818e-28 1.53773e-29 1.17658e-30 8.35056e-32 5.48433e-33 3.324e-34 1.85344e-35 9.47396e-37 4.42112e-38 1.8746e-39 7.18167e-41 2.46943e-42 7.56057e-44 2.04113e-45 4.8004e-47 9.68423e-49 1.64212e-50 2.27604e-52 2.47619e-54 1.98291e-56 1.0392e-58 2.67389e-61 0 0 
0 0 2.51018e-61 9.85634e-59 1.9003e-56 2.398e-54 2.22762e-52 1.62446e-50 9.68423e-49 4.85311e-47 2.08644e-45 7.81511e-44 2.58149e-42 7.59357e-41 2.00506e-39 4.78409e-38 1.03728e-36 2.05351e-35 3.7272e-34 6.22441e-33 9.59389e-32 1.36853e-30 1.81099e-29 2.22793e-28 2.55288e-27 2.72915e-26 2.72609e-25 2.54769e-24 2.23031e-23 1.83089e-22 1.41076e-21 1.02122e-20 6.95013e-20 4.45031e-19 2.68283e-18 1.52358e-17 8.15541e-17 4.1169e-16 1.96093e-15 8.81733e-15 3.74472e-14 1.50292e-13 5.70323e-13 2.04754e-12 6.95903e-12 2.24064e-11 6.83973e-11 1.98118e-10 5.45061e-10 1.4258e-09 3.55038e-09 8.42642e-09 1.90881e-08 4.13311e-08 8.5677e-08 1.70309e-07 3.25188e-07 5.97466e-07 1.05813e-06 1.80962e-06 2.9938e-06 4.79958e-06 7.46913e-06 1.13017e-05 1.66544e-05 2.39384e-05 3.36116e-05 4.61664e-05 6.21147e-05 8.19693e-05 0.000106224 0.000135333 0.000169692 0.000209621 0.000255347 0.000306995 0.000364578 0.000427991 0.000497014 0.000571308 0.000650421 0.000733798 0.000820785 0.000910639 0.00100254 0.00109562 0.00118893 0.00128151 0.00137238 0.00146053 0.00154498 0.00162476 0.00169895 0.00176668 0.00182714 0.00187961 0.00192344 0.0019581 0.00198317 0.00199834 0.00200342 0.00199834 0.00198317 0.0019581 0.00192344 0.00187961 0.00182714 0.00176668 0.00169895 0.00162476 0.00154498 0.00146053 0.00137238 0.00128151 0.00118893 0.00109562 0.00100254 0.000910639 0.000820785 0.000733798 0.000650421 0.000571308 0.000497014 0.000427991 0.000364578 0.000306995 0.000255347 0.000209621 0.000169692 0.000135333 0.000106224 8.19693e-05 6.21147e-05 4.61664e-05 3.36116e-05 2.39384e-05 1.66544e-05 1.13017e-05 7.46913e-06 4.79958e-06 2.9938e-06 1.80962e-06 1.05813e-06 5.97466e-07 3.25188e-07 1.70309e-07 8.5677e-08 4.13311e-08 1.90881e-08 8.42642e-09 3.55038e-09 1.4258e-09 5.45061e-10 1.98118e-10 6.83973e-11 2.24064e-11 6.95903e-12 2.04754e-12 5.70323e-13 1.50292e-13 3.74472e-14 8.81733e-15 1.96093e-15 4.1169e-16 8.15541e-17 1.52358e-17 2.68283e-18 4.45031e-19 6.95013e-20 1.02122e-20 1.41076e-21 1.83089e-22 2.23031e-23 2.54769e-24 2.72609e-25 2.72915e-26 2.55288e-27 2.22793e-28 1.81099e-29 1.36853e-30 9.59389e-32 6.22441e-33 3.7272e-34 2.05351e-35 1.03728e-36 4.78409e-38 2.00506e-39 7.59357e-41 2.58149e-42 7.81511e-44 2.08644e-45 4.85311e-47 9.68423e-49 1.62446e-50 2.22762e-52 2.398e-54 1.9003e-56 9.85634e-59 2.51018e-61 0 
0 2.30734e-61 9.15232e-59 1.78275e-56 2.27312e-54 2.13384e-52 1.57263e-50 9.47606e-49 4.8004e-47 2.08644e-45 7.90184e-44 2.63941e-42 7.85192e-41 2.09701e-39 5.06138e-38 1.11023e-36 2.22388e-35 4.08455e-34 6.90333e-33 1.07697e-31 1.5551e-30 2.08337e-29 2.59506e-28 3.01102e-27 3.2598e-26 3.29781e-25 3.12172e-24 2.76827e-23 2.30214e-22 1.79711e-21 1.31799e-20 9.08813e-20 5.89611e-19 3.60131e-18 2.07209e-17 1.12369e-16 5.74634e-16 2.77237e-15 1.26249e-14 5.42909e-14 2.20573e-13 8.47075e-13 3.07656e-12 1.05738e-11 3.44115e-11 1.06117e-10 3.10329e-10 8.61395e-10 2.27174e-09 5.69861e-09 1.36133e-08 3.10117e-08 6.74651e-08 1.40377e-07 2.79823e-07 5.35287e-07 9.84396e-07 1.74348e-06 2.97932e-06 4.92111e-06 7.87117e-06 1.22129e-05 1.84144e-05 2.70262e-05 3.86735e-05 5.40407e-05 7.38514e-05 9.88434e-05 0.000129741 0.000167226 0.000211911 0.000264314 0.000324838 0.000393753 0.000471187 0.000557115 0.000651362 0.000753598 0.000863349 0.000979996 0.00110279 0.00123086 0.00136321 0.00149878 0.00163639 0.0017748 0.00191273 0.00204884 0.00218178 0.00231021 0.00243279 0.00254823 0.00265527 0.00275275 0.00283958 0.0029148 0.00297756 0.00302713 0.00306295 0.00308461 0.00309186 0.00308461 0.00306295 0.00302713 0.00297756 0.0029148 0.00283958 0.00275275 0.00265527 0.00254823 0.00243279 0.00231021 0.00218178 0.00204884 0.00191273 0.0017748 0.00163639 0.00149878 0.00136321 0.00123086 0.00110279 0.000979996 0.000863349 0.000753598 0.000651362 0.000557115 0.000471187 0.000393753 0.000324838 0.000264314 0.000211911 0.000167226 0.000129741 9.88434e-05 7.38514e-05 5.40407e-05 3.86735e-05 2.70262e-05 1.84144e-05 1.22129e-05 7.87117e-06 4.92111e-06 2.97932e-06 1.74348e-06 9.84396e-07 5.35287e-07 2.79823e-07 1.40377e-07 6.74651e-08 3.10117e-08 1.36133e-08 5.69861e-09 2.27174e-09 8.61395e-10 3.10329e-10 1.06117e-10 3.44115e-11 1.05738e-11 3.07656e-12 8.47075e-13 2.20573e-13 5.42909e-14 1.26249e-14 2.77237e-15 5.74634e-16 1.12369e-16 2.07209e-17 3.60131e-18 5.89611e-19 9.08813e-20 1.31799e-20 1.79711e-21 2.30214e-22 2.76827e-23 3.12172e-24 3.29781e-25 3.2598e-26 3.01102e-27 2.59506e-28 2.08337e-29 1.5551e-30 1.07697e-31 6.90333e-33 4.08455e-34 2.22388e-35 1.11023e-36 5.06138e-38 2.09701e-39 7.85192e-41 2.63941e-42 7.90184e-44 2.08644e-45 4.8004e-47 9.47606e-49 1.57263e-50 2.13384e-52 2.27312e-54 1.78275e-56 9.15232e-59 1.20861e-61 
0 8.32029e-59 1.63723e-56 2.10909e-54 2.0005e-52 1.48989e-50 9.07301e-49 4.64565e-47 2.04113e-45 7.81511e-44 2.63941e-42 7.93996e-41 2.14455e-39 5.23538e-38 1.16168e-36 2.35412e-35 4.37478e-34 7.48196e-33 1.18128e-31 1.72645e-30 2.34127e-29 2.95236e-28 3.46832e-27 3.80211e-26 3.89518e-25 3.73424e-24 3.35397e-23 2.82525e-22 2.23409e-21 1.65982e-20 1.15948e-19 7.62079e-19 4.71565e-18 2.74871e-17 1.51003e-16 7.82193e-16 3.82218e-15 1.76264e-14 7.67459e-14 3.15626e-13 1.22662e-12 4.50687e-12 1.56636e-11 5.15237e-11 1.6051e-10 4.73907e-10 1.32719e-09 3.52881e-09 8.91716e-09 2.14404e-08 4.9114e-08 1.07338e-07 2.24147e-07 4.47974e-07 8.58327e-07 1.57945e-06 2.79649e-06 4.77288e-06 7.86734e-06 1.25478e-05 1.94003e-05 2.913e-05 4.25533e-05 6.05807e-05 8.41905e-05 0.000114396 0.000152207 0.000198592 0.000254441 0.000320528 0.000397489 0.000485796 0.000585746 0.000697449 0.00082083 0.000955624 0.00110139 0.00125751 0.00142318 0.00159748 0.00177929 0.00196739 0.0021604 0.00235685 0.00255516 0.00275365 0.00295059 0.00314421 0.0033327 0.00351426 0.0036871 0.0038495 0.0039998 0.00413644 0.00425799 0.00436315 0.0044508 0.00451998 0.00456994 0.00460014 0.00461025 0.00460014 0.00456994 0.00451998 0.0044508 0.00436315 0.00425799 0.00413644 0.0039998 0.0038495 0.0036871 0.00351426 0.0033327 0.00314421 0.00295059 0.00275365 0.00255516 0.00235685 0.0021604 0.00196739 0.00177929 0.00159748 0.00142318 0.00125751 0.00110139 0.000955624 0.00082083 0.000697449 0.000585746 0.000485796 0.000397489 0.000320528 0.000254441 0.000198592 0.000152207 0.000114396 8.41905e-05 6.05807e-05 4.25533e-05 2.913e-05 1.94003e-05 1.25478e-05 7.86734e-06 4.77288e-06 2.79649e-06 1.57945e-06 8.58327e-07 4.47974e-07 2.24147e-07 1.07338e-07 4.9114e-08 2.14404e-08 8.91716e-09 3.52881e-09 1.32719e-09 4.73907e-10 1.6051e-10 5.15237e-11 1.56636e-11 4.50687e-12 1.22662e-12 3.15626e-13 7.67459e-14 1.76264e-14 3.82218e-15 7.82193e-16 1.51003e-16 2.74871e-17 4.71565e-18 7.62079e-19 1.15948e-19 1.65982e-20 2.23409e-21 2.82525e-22 3.35397e-23 3.73424e-24 3.89518e-25 3.80211e-26 3.46832e-27 2.95236e-28 2.34127e-29 1.72645e-30 1.18128e-31 7.48196e-33 4.37478e-34 2.35412e-35 1.16168e-36 5.23538e-38 2.14455e-39 7.93996e-41 2.63941e-42 7.81511e-44 2.04113e-45 4.64565e-47 9.07301e-49 1.48989e-50 2.0005e-52 2.10909e-54 1.63722e-56 4.39879e-59 
0 1.47184e-56 1.91542e-54 1.83554e-52 1.38128e-50 8.50024e-49 4.3987e-47 1.95341e-45 7.56057e-44 2.58149e-42 7.85192e-41 2.14455e-39 5.29469e-38 1.18829e-36 2.43588e-35 4.57959e-34 7.92461e-33 1.26607e-31 1.87261e-30 2.5703e-29 3.28085e-28 3.90181e-27 4.33056e-26 4.49224e-25 4.36106e-24 3.9668e-23 3.38424e-22 2.71055e-21 2.03982e-20 1.44339e-19 9.61005e-19 6.02383e-18 3.5568e-17 1.97923e-16 1.03843e-15 5.13906e-15 2.39986e-14 1.05792e-13 4.40399e-13 1.73198e-12 6.43759e-12 2.26249e-11 7.52231e-11 2.36738e-10 7.05699e-10 1.99402e-09 5.34526e-09 1.36068e-08 3.29281e-08 7.58461e-08 1.66511e-07 3.4893e-07 6.99062e-07 1.34127e-06 2.46899e-06 4.36854e-06 7.44383e-06 1.2239e-05 1.94548e-05 2.99562e-05 4.47665e-05 6.50491e-05 9.20751e-05 0.000127181 0.000171716 0.000226997 0.000294248 0.000374565 0.000468875 0.000577913 0.000702208 0.000842069 0.000997592 0.00116866 0.00135494 0.00155591 0.00177084 0.0019988 0.0022387 0.00248922 0.00274889 0.00301606 0.0032889 0.00356543 0.00384356 0.00412105 0.00439559 0.0046648 0.00492628 0.00517761 0.00541645 0.00564047 0.00584749 0.00603545 0.00620246 0.0063468 0.006467 0.00656181 0.00663025 0.0066716 0.00668543 0.0066716 0.00663025 0.00656181 0.006467 0.0063468 0.00620246 0.00603545 0.00584749 0.00564047 0.00541645 0.00517761 0.00492628 0.0046648 0.00439559 0.00412105 0.00384356 0.00356543 0.0032889 0.00301606 0.00274889 0.00248922 0.0022387 0.0019988 0.00177084 0.00155591 0.00135494 0.00116866 0.000997592 0.000842069 0.000702208 0.000577913 0.000468875 0.000374565 0.000294248 0.000226997 0.000171716 0.000127181 9.20751e-05 6.50491e-05 4.47665e-05 2.99562e-05 1.94548e-05 1.2239e-05 7.44383e-06 4.36854e-06 2.46899e-06 1.34127e-06 6.99062e-07 3.4893e-07 1.66511e-07 7.58461e-08 3.29281e-08 1.36068e-08 5.34526e-09 1.99402e-09 7.05699e-10 2.36738e-10 7.52231e-11 2.26249e-11 6.43759e-12 1.73198e-12 4.40399e-13 1.05792e-13 2.39986e-14 5.13906e-15 1.03843e-15 1.97923e-16 3.5568e-17 6.02383e-18 9.61005e-19 1.44339e-19 2.03982e-20 2.71055e-21 3.38424e-22 3.9668e-23 4.36106e-24 4.49224e-25 4.33056e-26 3.90181e-27 3.28085e-28 2.5703e-29 1.87261e-30 1.26607e-31 7.92461e-33 4.57959e-34 2.43588e-35 1.18829e-36 5.29469e-38 2.14455e-39 7.85192e-41 2.58149e-42 7.56057e-44 1.95341e-45 4.3987e-47 8.50024e-49 1.38128e-50 1.83554e-52 1.91538e-54 7.85481e-57 
0 1.70254e-54 1.64827e-52 1.25316e-50 7.7922e-49 4.0748e-47 1.82884e-45 7.15457e-44 2.46943e-42 7.59357e-41 2.09701e-39 5.23538e-38 1.18829e-36 2.46376e-35 4.68555e-34 8.20262e-33 1.32594e-31 1.9845e-30 2.7566e-29 3.5613e-28 4.28713e-27 4.8169e-26 5.05883e-25 4.9726e-24 4.58007e-23 3.95701e-22 3.20972e-21 2.44641e-20 1.75336e-19 1.18242e-18 7.50731e-18 4.48985e-17 2.53056e-16 1.34468e-15 6.73918e-15 3.18667e-14 1.42219e-13 5.99265e-13 2.38489e-12 8.96731e-12 3.18695e-11 1.07102e-10 3.40525e-10 1.02489e-09 2.92196e-09 7.8972e-09 2.02517e-08 4.93268e-08 1.14245e-07 2.51936e-07 5.29741e-07 1.06376e-06 2.04344e-06 3.76189e-06 6.64962e-06 1.1308e-05 1.85373e-05 2.93535e-05 4.49891e-05 6.68754e-05 9.66049e-05 0.000135878 0.000186437 0.000249998 0.000328186 0.000422475 0.000534147 0.000664263 0.00081365 0.000982892 0.00117235 0.00138214 0.00161217 0.00186214 0.00213153 0.00241958 0.00272534 0.00304758 0.00338485 0.00373544 0.00409738 0.00446846 0.00484624 0.00522804 0.00561103 0.00599221 0.00636845 0.00673657 0.00709336 0.00743563 0.00776024 0.00806419 0.0083446 0.0085988 0.00882434 0.00901905 0.00918103 0.00930869 0.00940079 0.00945641 0.00947501 0.00945641 0.00940079 0.00930869 0.00918103 0.00901905 0.00882434 0.0085988 0.0083446 0.00806419 0.00776024 0.00743563 0.00709336 0.00673657 0.00636845 0.00599221 0.00561103 0.00522804 0.00484624 0.00446846 0.00409738 0.00373544 0.00338485 0.00304758 0.00272534 0.00241958 0.00213153 0.00186214 0.00161217 0.00138214 0.00117235 0.000982892 0.00081365 0.000664263 0.000534147 0.000422475 0.000328186 0.000249998 0.000186437 0.000135878 9.66049e-05 6.68754e-05 4.49891e-05 2.93535e-05 1.85373e-05 1.1308e-05 6.64962e-06 3.76189e-06 2.04344e-06 1.06376e-06 5.29741e-07 2.51936e-07 1.14245e-07 4.93268e-08 2.02517e-08 7.8972e-09 2.92196e-09 1.02489e-09 3.40525e-10 1.07102e-10 3.18695e-11 8.96731e-12 2.38489e-12 5.99265e-13 1.42219e-13 3.18667e-14 6.73918e-15 1.34468e-15 2.53056e-16 4.48985e-17 7.50731e-18 1.18242e-18 1.75336e-19 2.44641e-20 3.20972e-21 3.95701e-22 4.58007e-23 4.9726e-24 5.05883e-25 4.8169e-26 4.28713e-27 3.5613e-28 2.7566e-29 1.9845e-30 1.32594e-31 8.20262e-33 4.68555e-34 2.46376e-35 1.18829e-36 5.23538e-38 2.09701e-39 7.59357e-41 2.46943e-42 7.15457e-44 1.82884e-45 4.0748e-47 7.7922e-49 1.25316e-50 1.64821e-52 9.17316e-55 
0 1.4484e-52 1.11254e-50 6.98924e-49 3.69303e-47 1.67497e-45 6.62241e-44 2.31035e-42 7.18167e-41 2.00506e-39 5.06138e-38 1.16168e-36 2.43588e-35 4.68555e-34 8.29744e-33 1.35692e-31 2.0548e-30 2.88821e-29 3.77612e-28 4.60079e-27 5.23246e-26 5.56292e-25 5.53594e-24 5.16265e-23 4.51642e-22 3.70982e-21 2.86351e-20 2.07847e-19 1.4196e-18 9.12859e-18 5.52938e-17 3.15628e-16 1.69852e-15 8.62021e-15 4.1272e-14 1.86474e-13 7.95306e-13 3.20281e-12 1.21827e-11 4.37838e-11 1.48733e-10 4.77761e-10 1.45191e-09 4.17682e-09 1.13823e-08 2.94066e-08 7.20929e-08 1.67898e-07 3.71908e-07 7.84633e-07 1.57908e-06 3.03651e-06 5.58942e-06 9.86761e-06 1.6741e-05 2.73514e-05 4.31246e-05 6.57577e-05 9.71788e-05 0.000139482 0.000194847 0.000265443 0.00035335 0.000460483 0.000588535 0.000738958 0.000912942 0.00111143 0.00133515 0.00158458 0.00186001 0.00216154 0.00248904 0.00284214 0.00322023 0.00362237 0.00404732 0.00449348 0.00495887 0.00544113 0.00593754 0.00644503 0.00696021 0.0074794 0.0079987 0.00851406 0.00902128 0.00951615 0.00999444 0.010452 0.0108849 0.0112892 0.0116614 0.011998 0.0122962 0.0125532 0.0127667 0.0129347 0.0130559 0.013129 0.0131535 0.013129 0.0130559 0.0129347 0.0127667 0.0125532 0.0122962 0.011998 0.0116614 0.0112892 0.0108849 0.010452 0.00999444 0.00951615 0.00902128 0.00851406 0.0079987 0.0074794 0.00696021 0.00644503 0.00593754 0.00544113 0.00495887 0.00449348 0.00404732 0.00362237 0.00322023 0.00284214 0.00248904 0.00216154 0.00186001 0.00158458 0.00133515 0.00111143 0.000912942 0.000738958 0.000588535 0.000460483 0.00035335 0.000265443 0.000194847 0.000139482 9.71788e-05 6.57577e-05 4.31246e-05 2.73514e-05 1.6741e-05 9.86761e-06 5.58942e-06 3.03651e-06 1.57908e-06 7.84633e-07 3.71908e-07 1.67898e-07 7.20929e-08 2.94066e-08 1.13823e-08 4.17682e-09 1.45191e-09 4.77761e-10 1.48733e-10 4.37838e-11 1.21827e-11 3.20281e-12 7.95306e-13 1.86474e-13 4.1272e-14 8.62021e-15 1.69852e-15 3.15628e-16 5.52938e-17 9.12859e-18 1.4196e-18 2.07847e-19 2.86351e-20 3.70982e-21 4.51642e-22 5.16265e-23 5.53594e-24 5.56292e-25 5.23246e-26 4.60079e-27 3.77612e-28 2.88821e-29 2.0548e-30 1.35692e-31 8.29744e-33 4.68555e-34 2.43588e-35 1.16168e-36 5.06138e-38 2.00506e-39 7.18167e-41 2.31035e-42 6.62241e-44 1.67497e-45 3.69303e-47 6.98924e-49 1.11247e-50 7.87986e-53 
0 9.66364e-51 6.13379e-49 3.2745e-47 1.50065e-45 5.99576e-44 2.11402e-42 6.64214e-41 1.8746e-39 4.78409e-38 1.11023e-36 2.35412e-35 4.57959e-34 8.20262e-33 1.35692e-31 2.07878e-30 2.95634e-29 3.91116e-28 4.82249e-27 5.55097e-26 5.97356e-25 6.01767e-24 5.68141e-23 5.03221e-22 4.18533e-21 3.27127e-20 2.40451e-19 1.66313e-18 1.08307e-17 6.64386e-17 3.84064e-16 2.09298e-15 1.07559e-14 5.21405e-14 2.38488e-13 1.02951e-12 4.19542e-12 1.61439e-11 5.86747e-11 2.01481e-10 6.53903e-10 2.00664e-09 5.82534e-09 1.60076e-08 4.16676e-08 1.02827e-07 2.40812e-07 5.3582e-07 1.13423e-06 2.28756e-06 4.40298e-06 8.10232e-06 1.42825e-05 2.4167e-05 3.93368e-05 6.173e-05 9.3604e-05 0.000137462 0.000195949 0.000271739 0.00036742 0.000485399 0.000627842 0.000796644 0.000993432 0.00121959 0.0014763 0.00176455 0.00208521 0.00243897 0.00282631 0.00324753 0.00370259 0.00419111 0.00471228 0.00526479 0.00584681 0.00645595 0.00708929 0.00774335 0.00841417 0.00909738 0.00978821 0.0104816 0.0111723 0.011855 0.0125241 0.0131744 0.0138005 0.0143973 0.0149599 0.0154838 0.0159645 0.0163983 0.0167816 0.0171112 0.0173846 0.0175995 0.0177543 0.0178476 0.0178788 0.0178476 0.0177543 0.0175995 0.0173846 0.0171112 0.0167816 0.0163983 0.0159645 0.0154838 0.0149599 0.0143973 0.0138005 0.0131744 0.0125241 0.011855 0.0111723 0.0104816 0.00978821 0.00909738 0.00841417 0.00774335 0.00708929 0.00645595 0.00584681 0.00526479 0.00471228 0.00419111 0.00370259 0.00324753 0.00282631 0.00243897 0.00208521 0.00176455 0.0014763 0.00121959 0.000993432 0.000796644 0.000627842 0.000485399 0.00036742 0.000271739 0.000195949 0.000137462 9.3604e-05 6.173e-05 3.93368e-05 2.4167e-05 1.42825e-05 8.10232e-06 4.40298e-06 2.28756e-06 1.13423e-06 5.3582e-07 2.40812e-07 1.02827e-07 4.16676e-08 1.60076e-08 5.82534e-09 2.00664e-09 6.53903e-10 2.01481e-10 5.86747e-11 1.61439e-11 4.19542e-12 1.02951e-12 2.38488e-13 5.21405e-14 1.07559e-14 2.09298e-15 3.84064e-16 6.64386e-17 1.08307e-17 1.66313e-18 2.40451e-19 3.27127e-20 4.18533e-21 5.03221e-22 5.68141e-23 6.01767e-24 5.97356e-25 5.55097e-26 4.82249e-27 3.91116e-28 2.95634e-29 2.07878e-30 1.35692e-31 8.20262e-33 4.57959e-34 2.35412e-35 1.11023e-36 4.78409e-38 1.8746e-39 6.64214e-41 2.11402e-42 5.99576e-44 1.50065e-45 3.2745e-47 6.13323e-49 5.3094e-51 
0 5.26572e-49 2.8404e-47 1.31516e-45 5.30954e-44 1.89183e-42 6.00739e-41 1.71372e-39 4.42112e-38 1.03728e-36 2.22388e-35 4.37478e-34 7.92461e-33 1.32594e-31 2.0548e-30 2.95634e-29 3.95723e-28 4.9373e-27 5.75127e-26 6.26395e-25 6.38712e-24 6.10426e-23 5.4736e-22 4.60908e-21 3.64754e-20 2.71477e-19 1.90141e-18 1.25389e-17 7.78906e-17 4.55957e-16 2.51609e-15 1.30925e-14 6.4258e-14 2.97535e-13 1.30001e-12 5.36092e-12 2.08691e-11 7.67066e-11 2.66274e-10 8.73201e-10 2.70604e-09 7.92813e-09 2.19706e-08 5.76259e-08 1.43161e-07 3.37175e-07 7.53657e-07 1.60074e-06 3.23532e-06 6.23254e-06 1.14642e-05 2.01744e-05 3.40372e-05 5.51786e-05 8.6151e-05 0.000129856 0.000189425 0.000268068 0.000368931 0.000494971 0.000648873 0.00083303 0.00104956 0.00130035 0.00158716 0.00191163 0.00227536 0.00267986 0.00312656 0.00361662 0.00415094 0.00472994 0.00535349 0.0060208 0.00673033 0.00747977 0.00826602 0.00908525 0.00993289 0.0108038 0.0116922 0.012592 0.0134968 0.0144 0.0152947 0.0161743 0.0170322 0.0178617 0.0186567 0.0194113 0.0201198 0.020777 0.0213782 0.021919 0.0223956 0.0228046 0.0231431 0.0234089 0.0236 0.0237152 0.0237537 0.0237152 0.0236 0.0234089 0.0231431 0.0228046 0.0223956 0.021919 0.0213782 0.020777 0.0201198 0.0194113 0.0186567 0.0178617 0.0170322 0.0161743 0.0152947 0.0144 0.0134968 0.012592 0.0116922 0.0108038 0.00993289 0.00908525 0.00826602 0.00747977 0.00673033 0.0060208 0.00535349 0.00472994 0.00415094 0.00361662 0.00312656 0.00267986 0.00227536 0.00191163 0.00158716 0.00130035 0.00104956 0.00083303 0.000648873 0.000494971 0.000368931 0.000268068 0.000189425 0.000129856 8.6151e-05 5.51786e-05 3.40372e-05 2.01744e-05 1.14642e-05 6.23254e-06 3.23532e-06 1.60074e-06 7.53657e-07 3.37175e-07 1.43161e-07 5.76259e-08 2.19706e-08 7.92813e-09 2.70604e-09 8.73201e-10 2.66274e-10 7.67066e-11 2.08691e-11 5.36092e-12 1.30001e-12 2.97535e-13 6.4258e-14 1.30925e-14 2.51609e-15 4.55957e-16 7.78906e-17 1.25389e-17 1.90141e-18 2.71477e-19 3.64754e-20 4.60908e-21 5.4736e-22 6.10426e-23 6.38712e-24 6.26395e-25 5.75127e-26 4.9373e-27 3.95723e-28 2.95634e-29 2.0548e-30 1.32594e-31 7.92461e-33 4.37478e-34 2.22388e-35 1.03728e-36 4.42112e-38 1.71372e-39 6.00739e-41 1.89183e-42 5.30954e-44 1.31516e-45 2.84004e-47 2.92218e-49 
0 2.40962e-47 1.12744e-45 4.59877e-44 1.6557e-42 5.3131e-41 1.53184e-39 3.99449e-38 9.47396e-37 2.05351e-35 4.08455e-34 7.48196e-33 1.26607e-31 1.9845e-30 2.88821e-29 3.91116e-28 4.9373e-27 5.81962e-26 6.41438e-25 6.61955e-24 6.40344e-23 5.8123e-22 4.9547e-21 3.96975e-20 2.99145e-19 2.12144e-18 1.41657e-17 8.91027e-17 5.28152e-16 2.95107e-15 1.5548e-14 7.7257e-14 3.62125e-13 1.60144e-12 6.68279e-12 2.63188e-11 9.78366e-11 3.4335e-10 1.1378e-09 3.56117e-09 1.05308e-08 2.94341e-08 7.78014e-08 1.94604e-07 4.60991e-07 1.03522e-06 2.20636e-06 4.46903e-06 8.61638e-06 1.5841e-05 2.78253e-05 4.6799e-05 7.55398e-05 0.000117306 0.000175705 0.000254508 0.000357463 0.000488126 0.000649755 0.000845279 0.00107734 0.00134841 0.00166087 0.00201714 0.00241974 0.00287127 0.00337429 0.00393125 0.00454421 0.00521472 0.00594361 0.00673078 0.00757516 0.0084746 0.00942587 0.0104247 0.011466 0.0125436 0.0136509 0.0147805 0.0159248 0.0170758 0.0182254 0.0193654 0.0204877 0.0215846 0.0226483 0.0236716 0.0246475 0.0255697 0.026432 0.0272289 0.0279554 0.028607 0.0291797 0.0296701 0.0300753 0.0303929 0.0306211 0.0307585 0.0308044 0.0307585 0.0306211 0.0303929 0.0300753 0.0296701 0.0291797 0.028607 0.0279554 0.0272289 0.026432 0.0255697 0.0246475 0.0236716 0.0226483 0.0215846 0.0204877 0.0193654 0.0182254 0.0170758 0.0159248 0.0147805 0.0136509 0.0125436 0.011466 0.0104247 0.00942587 0.0084746 0.00757516 0.00673078 0.00594361 0.00521472 0.00454421 0.00393125 0.00337429 0.00287127 0.00241974 0.00201714 0.00166087 0.00134841 0.00107734 0.000845279 0.000649755 0.000488126 0.000357463 0.000254508 0.000175705 0.000117306 7.55398e-05 4.6799e-05 2.78253e-05 1.5841e-05 8.61638e-06 4.46903e-06 2.20636e-06 1.03522e-06 4.60991e-07 1.94604e-07 7.78014e-08 2.94341e-08 1.05308e-08 3.56117e-09 1.1378e-09 3.4335e-10 9.78366e-11 2.63188e-11 6.68279e-12 1.60144e-12 3.62125e-13 7.7257e-14 1.5548e-14 2.95107e-15 5.28152e-16 8.91027e-17 1.41657e-17 2.12144e-18 2.99145e-19 3.96975e-20 4.9547e-21 5.8123e-22 6.40344e-23 6.61955e-24 6.41438e-25 5.81962e-26 4.9373e-27 3.91116e-28 2.88821e-29 1.9845e-30 1.26607e-31 7.48196e-33 4.08455e-34 2.05351e-35 9.47396e-37 3.99449e-38 1.53184e-39 5.3131e-41 1.6557e-42 4.59877e-44 1.12725e-45 1.35087e-47 
