0 0 0 0 0 0 0 0 0 0 0 0 0 0 0 0 0 0 0 0 0 0 0 0 0 0 0 0 0 0 0 0 0 0 0 0 0 0 0 0 0 0 0 0 0 0 0 0 0 0 0 0 0 0 0 0 0 0 0 0 0 0 0 0 0 0 0 0 0 0 0 0 0 0 0 0 0 0 0 0 0 0 0 0 0 0 0 0 0 0 0 0 0 0 0 0 0 0 0 0 0 0 0 0 0 0 0 0 0 0 0 0 0 0 0 0 0 0 0 0 0 0 0 0 0 0 0 0 0 0 0 0 0 0 0 0 0 0 0 0 0 0 0 0 0 0 0 0 0 0 0 0 0 0 0 0 0 0 0 0 0 0 0 0 0 0 0 0 0 0 0 0 0 0 0 0 0 0 0 0 0 0 0 0 0 0 0 0 0 0 0 0 0 0 0 0 0 0 0 0 
0 0 1.08994e-63 4.27941e-61 8.25262e-59 1.04199e-56 9.68811e-55 7.07367e-53 4.22373e-51 2.12087e-49 9.13986e-48 3.43313e-46 1.13774e-44 3.3592e-43 8.90737e-42 2.13541e-40 4.65451e-39 9.26869e-38 1.69321e-36 2.84782e-35 4.42373e-34 6.36408e-33 8.49991e-32 1.05624e-30 1.22355e-29 1.32352e-28 1.33897e-27 1.26863e-26 1.12713e-25 9.4011e-25 7.36873e-24 5.43282e-23 3.77093e-22 2.46607e-21 1.52061e-20 8.84666e-20 4.85932e-19 2.5216e-18 1.23692e-17 5.73897e-17 2.52005e-16 1.04793e-15 4.12931e-15 1.54287e-14 5.47001e-14 1.84154e-13 5.89192e-13 1.79304e-12 5.19502e-12 1.43446e-11 3.77889e-11 9.5087e-11 2.2882e-10 5.27292e-10 1.16516e-09 2.47235e-09 5.04503e-09 9.91492e-09 1.8795e-08 3.44175e-08 6.09752e-08 1.04667e-07 1.74337e-07 2.82169e-07 4.44398e-07 6.81968e-07 1.02105e-06 1.49336e-06 2.13615e-06 2.9919e-06 4.10751e-06 5.5332e-06 7.32093e-06 9.5225e-06 1.21874e-05 1.53606e-05 1.90801e-05 2.33748e-05 2.82624e-05 3.37478e-05 3.98218e-05 4.64601e-05 5.36232e-05 6.12565e-05 6.92909e-05 7.76437e-05 8.62208e-05 9.49177e-05 0.000103622 0.000112217 0.000120582 0.000128597 0.000136141 0.000143103 0.000149374 0.000154858 0.000159469 0.000163134 0.000165794 0.000167407 0.000167948 0.000167407 0.000165794 0.000163134 0.000159469 0.000154858 0.000149374 0.000143103 0.000136141 0.000128597 0.000120582 0.000112217 0.000103622 9.49177e-05 8.62208e-05 7.76437e-05 6.92909e-05 6.12565e-05 5.36232e-05 4.64601e-05 3.98218e-05 3.37478e-05 2.82624e-05 2.33748e-05 1.90801e-05 1.53606e-05 1.21874e-05 9.5225e-06 7.32093e-06 5.5332e-06 4.10751e-06 2.9919e-06 2.13615e-06 1.49336e-06 1.02105e-06 6.81968e-07 4.44398e-07 2.82169e-07 1.74337e-07 1.04667e-07 6.09752e-08 3.44175e-08 1.8795e-08 9.91492e-09 5.04503e-09 2.47235e-09 1.16516e-09 5.27292e-10 2.2882e-10 9.5087e-11 3.77889e-11 1.43446e-11 5.19502e-12 1.79304e-12 5.89192e-13 1.84154e-13 5.47001e-14 1.54287e-14 4.12931e-15 1.04793e-15 2.52005e-16 5.73897e-17 1.23692e-17 2.5216e-18 4.85932e-19 8.84666e-20 1.52061e-20 2.46607e-21 3.77093e-22 5.43282e-23 7.36873e-24 9.4011e-25 1.12713e-25 1.26863e-26 1.33897e-27 1.32352e-28 1.22355e-29 1.05624e-30 8.49991e-32 6.36408e-33 4.42373e-34 2.84782e-35 1.69321e-36 9.26869e-38 4.65451e-39 2.13541e-40 8.90737e-42 3.3592e-43 1.13774e-44 3.43313e-46 9.13986e-48 2.12087e-49 4.22373e-51 7.07367e-53 9.68811e-55 1.04199e-56 8.25262e-59 4.27941e-61 1.08994e-63 0 
0 1.08994e-63 4.32308e-61 8.42288e-59 1.07459e-56 1.00967e-54 7.45079e-53 4.497e-51 2.28279e-49 9.94646e-48 3.77794e-46 1.26619e-44 3.78129e-43 1.01429e-41 2.46012e-40 5.42594e-39 1.09346e-37 2.02181e-36 3.44228e-35 5.4136e-34 7.88604e-33 1.06665e-31 1.34251e-30 1.57536e-29 1.72645e-28 1.76976e-27 1.69925e-26 1.53013e-25 1.29364e-24 1.02792e-23 7.68369e-23 5.40771e-22 3.58615e-21 2.24248e-20 1.32314e-19 7.37115e-19 3.87953e-18 1.93015e-17 9.08273e-17 4.04488e-16 1.70572e-15 6.81529e-15 2.58168e-14 9.27791e-14 3.16544e-13 1.02609e-12 3.16271e-12 9.27785e-12 2.59281e-11 6.91006e-11 1.75822e-10 4.27627e-10 9.95442e-10 2.2208e-09 4.75508e-09 9.78567e-09 1.93846e-08 3.7018e-08 6.82534e-08 1.21689e-07 2.10114e-07 3.51867e-07 5.72348e-07 9.0556e-07 1.39556e-06 2.09764e-06 3.0791e-06 4.41933e-06 6.20928e-06 8.54992e-06 1.155e-05 1.53227e-05 1.99821e-05 2.56385e-05 3.23933e-05 4.0335e-05 4.95337e-05 6.00368e-05 7.1866e-05 8.50135e-05 9.94406e-05 0.000115076 0.000131818 0.00014953 0.000168051 0.00018719 0.000206734 0.000226451 0.000246096 0.000265414 0.000284146 0.000302033 0.000318824 0.000334277 0.000348168 0.000360293 0.000370472 0.000378553 0.000384413 0.000387966 0.000389156 0.000387966 0.000384413 0.000378553 0.000370472 0.000360293 0.000348168 0.000334277 0.000318824 0.000302033 0.000284146 0.000265414 0.000246096 0.000226451 0.000206734 0.00018719 0.000168051 0.00014953 0.000131818 0.000115076 9.94406e-05 8.50135e-05 7.1866e-05 6.00368e-05 4.95337e-05 4.0335e-05 3.23933e-05 2.56385e-05 1.99821e-05 1.53227e-05 1.155e-05 8.54992e-06 6.20928e-06 4.41933e-06 3.0791e-06 2.09764e-06 1.39556e-06 9.0556e-07 5.72348e-07 3.51867e-07 2.10114e-07 1.21689e-07 6.82534e-08 3.7018e-08 1.93846e-08 9.78567e-09 4.75508e-09 2.2208e-09 9.95442e-10 4.27627e-10 1.75822e-10 6.91006e-11 2.59281e-11 9.27785e-12 3.16271e-12 1.02609e-12 3.16544e-13 9.27791e-14 2.58168e-14 6.81529e-15 1.70572e-15 4.04488e-16 9.08273e-17 1.93015e-17 3.87953e-18 7.37115e-19 1.32314e-19 2.24248e-20 3.58615e-21 5.40771e-22 7.68369e-23 1.02792e-23 1.29364e-24 1.53013e-25 1.69925e-26 1.76976e-27 1.72645e-28 1.57536e-29 1.34251e-30 1.06665e-31 7.88604e-33 5.4136e-34 3.44228e-35 2.02181e-36 1.09346e-37 5.42594e-39 2.46012e-40 1.01429e-41 3.78129e-43 1.26619e-44 3.77794e-46 9.94646e-48 2.28279e-49 4.497e-51 7.45079e-53 1.00967e-54 1.07459e-56 8.42288e-59 4.32308e-61 5.47737e-64 
0 4.27941e-61 8.42288e-59 1.08566e-56 1.03071e-54 7.68601e-53 4.68828e-51 2.40544e-49 1.05946e-47 4.06821e-46 1.37857e-44 4.16295e-43 1.12927e-41 2.77028e-40 6.18041e-39 1.26e-37 2.35711e-36 4.06077e-35 6.46275e-34 9.52809e-33 1.30446e-31 1.66201e-30 1.97445e-29 2.19086e-28 2.27408e-27 2.21115e-26 2.01647e-25 1.72668e-24 1.3897e-23 1.05224e-22 7.5017e-22 5.03949e-21 3.19229e-20 1.90805e-19 1.07675e-18 5.74029e-18 2.89256e-17 1.37848e-16 6.21608e-16 2.65381e-15 1.07325e-14 4.11401e-14 1.49564e-13 5.16026e-13 1.69088e-12 5.26604e-12 1.56011e-11 4.40077e-11 1.18314e-10 3.03498e-10 7.4369e-10 1.74297e-09 3.91228e-09 8.42198e-09 1.74131e-08 3.46312e-08 6.6352e-08 1.22662e-07 2.19134e-07 3.78906e-07 6.35098e-07 1.03346e-06 1.63503e-06 2.51863e-06 3.78273e-06 5.54665e-06 7.95048e-06 1.11538e-05 1.53331e-05 2.06773e-05 2.73822e-05 3.56442e-05 4.56525e-05 5.75811e-05 7.1581e-05 8.77729e-05 0.00010624 0.000127021 0.00015011 0.000175446 0.000202921 0.000232369 0.000263579 0.000296289 0.000330194 0.000364951 0.000400185 0.000435497 0.000470467 0.000504667 0.000537668 0.000569044 0.000598385 0.000625298 0.000649421 0.000670426 0.000688025 0.000701973 0.000712077 0.000718197 0.000720247 0.000718197 0.000712077 0.000701973 0.000688025 0.000670426 0.000649421 0.000625298 0.000598385 0.000569044 0.000537668 0.000504667 0.000470467 0.000435497 0.000400185 0.000364951 0.000330194 0.000296289 0.000263579 0.000232369 0.000202921 0.000175446 0.00015011 0.000127021 0.00010624 8.77729e-05 7.1581e-05 5.75811e-05 4.56525e-05 3.56442e-05 2.73822e-05 2.06773e-05 1.53331e-05 1.11538e-05 7.95048e-06 5.54665e-06 3.78273e-06 2.51863e-06 1.63503e-06 1.03346e-06 6.35098e-07 3.78906e-07 2.19134e-07 1.22662e-07 6.6352e-08 3.46312e-08 1.74131e-08 8.42198e-09 3.91228e-09 1.74297e-09 7.4369e-10 3.03498e-10 1.18314e-10 4.40077e-11 1.56011e-11 5.26604e-12 1.69088e-12 5.16026e-13 1.49564e-13 4.11401e-14 1.07325e-14 2.65381e-15 6.21608e-16 1.37848e-16 2.89256e-17 5.74029e-18 1.07675e-18 1.90805e-19 3.19229e-20 5.03949e-21 7.5017e-22 1.05224e-22 1.3897e-23 1.72668e-24 2.01647e-25 2.21115e-26 2.27408e-27 2.19086e-28 1.97445e-29 1.66201e-30 1.30446e-31 9.52809e-33 6.46275e-34 4.06077e-35 2.35711e-36 1.26e-37 6.18041e-39 2.77028e-40 1.12927e-41 4.16295e-43 1.37857e-44 4.06821e-46 1.05946e-47 2.40544e-49 4.68828e-51 7.68601e-53 1.03071e-54 1.08566e-56 8.42283e-59 2.16976e-61 
0 8.25262e-59 1.07459e-56 1.03071e-54 7.76605e-53 4.78694e-51 2.48216e-49 1.10499e-47 4.28905e-46 1.46933e-44 4.48613e-43 1.23055e-41 3.05279e-40 6.88835e-39 1.4205e-37 2.68826e-36 4.68561e-35 7.54552e-34 1.12574e-32 1.55981e-31 2.01152e-30 2.41897e-29 2.71728e-28 2.85563e-27 2.81143e-26 2.59626e-25 2.25137e-24 1.8351e-23 1.40728e-22 1.01617e-21 6.91433e-21 4.43633e-20 2.68576e-19 1.5351e-18 8.28841e-18 4.22964e-17 2.04106e-16 9.31853e-16 4.02714e-15 1.64828e-14 6.39264e-14 2.35069e-13 8.20048e-13 2.71582e-12 8.54468e-12 2.55604e-11 7.27601e-11 1.97283e-10 5.10043e-10 1.25875e-09 2.96901e-09 6.70183e-09 1.44972e-08 3.0096e-08 6.00512e-08 1.15344e-07 2.13605e-07 3.81999e-07 6.6075e-07 1.1072e-06 1.80011e-06 2.84397e-06 4.37268e-06 6.55228e-06 9.58216e-06 1.36944e-05 1.91506e-05 2.6237e-05 3.5257e-05 4.65216e-05 6.03385e-05 7.7001e-05 9.6775e-05 0.000119888 0.000146519 0.000176787 0.000210745 0.000248374 0.000289581 0.000334195 0.000381968 0.000432582 0.000485648 0.000540713 0.000597272 0.00065477 0.000712614 0.000770186 0.000826845 0.000881947 0.000934849 0.000984922 0.00103156 0.0010742 0.0011123 0.0011454 0.00117307 0.00119497 0.00121082 0.0012204 0.00122361 0.0012204 0.00121082 0.00119497 0.00117307 0.0011454 0.0011123 0.0010742 0.00103156 0.000984922 0.000934849 0.000881947 0.000826845 0.000770186 0.000712614 0.00065477 0.000597272 0.000540713 0.000485648 0.000432582 0.000381968 0.000334195 0.000289581 0.000248374 0.000210745 0.000176787 0.000146519 0.000119888 9.6775e-05 7.7001e-05 6.03385e-05 4.65216e-05 3.5257e-05 2.6237e-05 1.91506e-05 1.36944e-05 9.58216e-06 6.55228e-06 4.37268e-06 2.84397e-06 1.80011e-06 1.1072e-06 6.6075e-07 3.81999e-07 2.13605e-07 1.15344e-07 6.00512e-08 3.0096e-08 1.44972e-08 6.70183e-09 2.96901e-09 1.25875e-09 5.10043e-10 1.97283e-10 7.27601e-11 2.55604e-11 8.54468e-12 2.71582e-12 8.20048e-13 2.35069e-13 6.39264e-14 1.64828e-14 4.02714e-15 9.31853e-16 2.04106e-16 4.22964e-17 8.28841e-18 1.5351e-18 2.68576e-19 4.43633e-20 6.91433e-21 1.01617e-21 1.40728e-22 1.8351e-23 2.25137e-24 2.59626e-25 2.81143e-26 2.85563e-27 2.71728e-28 2.41897e-29 2.01152e-30 1.55981e-31 1.12574e-32 7.54552e-34 4.68561e-35 2.68826e-36 1.4205e-37 6.88835e-39 3.05279e-40 1.23055e-41 4.48613e-43 1.46933e-44 4.28905e-46 1.10499e-47 2.48216e-49 4.78694e-51 7.76605e-53 1.03071e-54 1.07457e-56 4.22214e-59 
0 1.04199e-56 1.00967e-54 7.68601e-53 4.78694e-51 2.50827e-49 1.12848e-47 4.42725e-46 1.53312e-44 4.73216e-43 1.31239e-41 3.29222e-40 7.51244e-39 1.56685e-37 2.99933e-36 5.28854e-35 8.6163e-34 1.3007e-32 1.82375e-31 2.38021e-30 2.89709e-29 3.29419e-28 3.50459e-27 3.49319e-26 3.26615e-25 2.86787e-24 2.36715e-23 1.83833e-22 1.34433e-21 9.26389e-21 6.01977e-20 3.6909e-19 2.13649e-18 1.16819e-17 6.0366e-17 2.94948e-16 1.36326e-15 5.96343e-15 2.47005e-14 9.69215e-14 3.6047e-13 1.27144e-12 4.25564e-12 1.35259e-11 4.0853e-11 1.17351e-10 3.20886e-10 8.3607e-10 2.07795e-09 4.93218e-09 1.11945e-08 2.43291e-08 5.07014e-08 1.01471e-07 1.95328e-07 3.62227e-07 6.48178e-07 1.12102e-06 1.87689e-06 3.04702e-06 4.80404e-06 7.36725e-06 1.10059e-05 1.60396e-05 2.28361e-05 3.18048e-05 4.33872e-05 5.80447e-05 7.62428e-05 9.84349e-05 0.000125045 0.00015645 0.000192965 0.000234828 0.000282191 0.000335107 0.00039353 0.000457306 0.000526179 0.000599788 0.000677674 0.000759287 0.000843993 0.000931084 0.00101978 0.00110927 0.00119867 0.0012871 0.00137364 0.00145738 0.00153742 0.00161288 0.00168293 0.00174677 0.00180368 0.00185301 0.00189418 0.00192671 0.00195023 0.00196445 0.00196921 0.00196445 0.00195023 0.00192671 0.00189418 0.00185301 0.00180368 0.00174677 0.00168293 0.00161288 0.00153742 0.00145738 0.00137364 0.0012871 0.00119867 0.00110927 0.00101978 0.000931084 0.000843993 0.000759287 0.000677674 0.000599788 0.000526179 0.000457306 0.00039353 0.000335107 0.000282191 0.000234828 0.000192965 0.00015645 0.000125045 9.84349e-05 7.62428e-05 5.80447e-05 4.33872e-05 3.18048e-05 2.28361e-05 1.60396e-05 1.10059e-05 7.36725e-06 4.80404e-06 3.04702e-06 1.87689e-06 1.12102e-06 6.48178e-07 3.62227e-07 1.95328e-07 1.01471e-07 5.07014e-08 2.43291e-08 1.11945e-08 4.93218e-09 2.07795e-09 8.3607e-10 3.20886e-10 1.17351e-10 4.0853e-11 1.35259e-11 4.25564e-12 1.27144e-12 3.6047e-13 9.69215e-14 2.47005e-14 5.96343e-15 1.36326e-15 2.94948e-16 6.0366e-17 1.16819e-17 2.13649e-18 3.6909e-19 6.01977e-20 9.26389e-21 1.34433e-21 1.83833e-22 2.36715e-23 2.86787e-24 3.26615e-25 3.49319e-26 3.50459e-27 3.29419e-28 2.89709e-29 2.38021e-30 1.82375e-31 1.3007e-32 8.6163e-34 5.28854e-35 2.99933e-36 1.56685e-37 7.51244e-39 3.29222e-40 1.31239e-41 4.73216e-43 1.53312e-44 4.42725e-46 1.12848e-47 2.50827e-49 4.78694e-51 7.68601e-53 1.00964e-54 5.37991e-57 
0 9.68811e-55 7.45079e-53 4.68828e-51 2.48216e-49 1.12848e-47 4.4743e-46 1.56604e-44 4.88619e-43 1.36995e-41 3.47462e-40 8.01719e-39 1.69098e-37 3.27382e-36 5.83888e-35 9.62335e-34 1.46974e-32 2.08511e-31 2.75375e-30 3.39204e-29 3.9037e-28 4.20373e-27 4.24157e-26 4.01498e-25 3.56929e-24 2.98298e-23 2.34571e-22 1.73701e-21 1.21214e-20 7.97636e-20 4.9525e-19 2.90302e-18 1.60732e-17 8.40993e-17 4.1602e-16 1.94653e-15 8.61826e-15 3.61229e-14 1.43398e-13 5.39403e-13 1.92358e-12 6.50696e-12 2.08921e-11 6.37114e-11 1.84677e-10 5.09254e-10 1.33717e-09 3.34674e-09 7.99332e-09 1.82406e-08 3.98231e-08 8.32968e-08 1.67174e-07 3.22426e-07 5.98571e-07 1.07136e-06 1.85191e-06 3.09661e-06 5.01722e-06 7.88969e-06 1.20608e-05 1.79513e-05 2.60542e-05 3.69284e-05 5.11868e-05 6.94797e-05 9.24743e-05 0.000120831 0.000155182 0.000196102 0.000244093 0.000299557 0.000362788 0.000433956 0.000513098 0.000600115 0.000694774 0.000796703 0.000905404 0.00102025 0.0011405 0.00126532 0.00139375 0.00152477 0.00165727 0.00179012 0.00192209 0.00205197 0.00217851 0.00230047 0.00241663 0.00252582 0.0026269 0.00271882 0.00280059 0.00287135 0.00293033 0.00297688 0.00301051 0.00303083 0.00303763 0.00303083 0.00301051 0.00297688 0.00293033 0.00287135 0.00280059 0.00271882 0.0026269 0.00252582 0.00241663 0.00230047 0.00217851 0.00205197 0.00192209 0.00179012 0.00165727 0.00152477 0.00139375 0.00126532 0.0011405 0.00102025 0.000905404 0.000796703 0.000694774 0.000600115 0.000513098 0.000433956 0.000362788 0.000299557 0.000244093 0.000196102 0.000155182 0.000120831 9.24743e-05 6.94797e-05 5.11868e-05 3.69284e-05 2.60542e-05 1.79513e-05 1.20608e-05 7.88969e-06 5.01722e-06 3.09661e-06 1.85191e-06 1.07136e-06 5.98571e-07 3.22426e-07 1.67174e-07 8.32968e-08 3.98231e-08 1.82406e-08 7.99332e-09 3.34674e-09 1.33717e-09 5.09254e-10 1.84677e-10 6.37114e-11 2.08921e-11 6.50696e-12 1.92358e-12 5.39403e-13 1.43398e-13 3.61229e-14 8.61826e-15 1.94653e-15 4.1602e-16 8.40993e-17 1.60732e-17 2.90302e-18 4.9525e-19 7.97636e-20 1.21214e-20 1.73701e-21 2.34571e-22 2.98298e-23 3.56929e-24 4.01498e-25 4.24157e-26 4.20373e-27 3.9037e-28 3.39204e-29 2.75375e-30 2.08511e-31 1.46974e-32 9.62335e-34 5.83888e-35 3.27382e-36 1.69098e-37 8.01719e-39 3.47462e-40 1.36995e-41 4.88619e-43 1.56604e-44 4.4743e-46 1.12848e-47 2.48216e-49 4.68828e-51 7.45032e-53 5.04876e-55 
0 7.07367e-53 4.497e-51 2.40544e-49 1.10499e-47 4.42725e-46 1.56604e-44 4.93863e-43 1.39967e-41 3.58885e-40 8.37233e-39 1.7856e-37 3.49598e-36 6.30608e-35 1.05128e-33 1.62419e-32 2.33118e-31 3.11507e-30 3.88277e-29 4.52207e-28 4.9285e-27 5.03343e-26 4.82296e-25 4.34047e-24 3.67248e-23 2.9239e-22 2.19226e-21 1.54901e-20 1.03212e-19 6.48899e-19 3.85143e-18 2.15913e-17 1.14378e-16 5.72801e-16 2.71291e-15 1.21566e-14 5.15597e-14 2.07064e-13 7.87738e-13 2.84015e-12 9.70964e-12 3.14924e-11 9.69663e-11 2.83627e-10 7.88728e-10 2.08707e-09 5.26021e-09 1.26413e-08 2.90015e-08 6.35989e-08 1.335e-07 2.68634e-07 5.18997e-07 9.64264e-07 1.72577e-06 2.98031e-06 4.97485e-06 8.04054e-06 1.26043e-05 1.91958e-05 2.84488e-05 4.10949e-05 5.79493e-05 7.98903e-05 0.000107832 0.000142692 0.000185362 0.00023667 0.000297356 0.000368042 0.000449214 0.000541206 0.000644188 0.000758166 0.000882976 0.00101829 0.00116361 0.00131829 0.00148153 0.00165239 0.0018298 0.00201257 0.00219939 0.00238885 0.00257946 0.00276967 0.00295786 0.00314238 0.00332159 0.00349382 0.00365745 0.00381091 0.00395271 0.00408144 0.0041958 0.00429464 0.00437694 0.00444186 0.00448872 0.00451703 0.0045265 0.00451703 0.00448872 0.00444186 0.00437694 0.00429464 0.0041958 0.00408144 0.00395271 0.00381091 0.00365745 0.00349382 0.00332159 0.00314238 0.00295786 0.00276967 0.00257946 0.00238885 0.00219939 0.00201257 0.0018298 0.00165239 0.00148153 0.00131829 0.00116361 0.00101829 0.000882976 0.000758166 0.000644188 0.000541206 0.000449214 0.000368042 0.000297356 0.00023667 0.000185362 0.000142692 0.000107832 7.98903e-05 5.79493e-05 4.10949e-05 2.84488e-05 1.91958e-05 1.26043e-05 8.04054e-06 4.97485e-06 2.98031e-06 1.72577e-06 9.64264e-07 5.18997e-07 2.68634e-07 1.335e-07 6.35989e-08 2.90015e-08 1.26413e-08 5.26021e-09 2.08707e-09 7.88728e-10 2.83627e-10 9.69663e-11 3.14924e-11 9.70964e-12 2.84015e-12 7.87738e-13 2.07064e-13 5.15597e-14 1.21566e-14 2.71291e-15 5.72801e-16 1.14378e-16 2.15913e-17 3.85143e-18 6.48899e-19 1.03212e-19 1.54901e-20 2.19226e-21 2.9239e-22 3.67248e-23 4.34047e-24 4.82296e-25 5.03343e-26 4.9285e-27 4.52207e-28 3.88277e-29 3.11507e-30 2.33118e-31 1.62419e-32 1.05128e-33 6.30608e-35 3.49598e-36 1.7856e-37 8.37233e-39 3.58885e-40 1.39967e-41 4.93863e-43 1.56604e-44 4.42725e-46 1.10499e-47 2.40544e-49 4.49657e-51 3.72121e-53 
0 4.22373e-51 2.28279e-49 1.05946e-47 4.28905e-46 1.53312e-44 4.88619e-43 1.39967e-41 3.62775e-40 8.55573e-39 1.84489e-37 3.65238e-36 6.66242e-35 1.12331e-33 1.75541e-32 2.54871e-31 3.44554e-30 4.3453e-29 5.12089e-28 5.64799e-27 5.83783e-26 5.66168e-25 5.15758e-24 4.41749e-23 3.56051e-22 2.70269e-21 1.93344e-20 1.30434e-19 8.30275e-19 4.9894e-18 2.83187e-17 1.51874e-16 7.69934e-16 3.69102e-15 1.67387e-14 7.18351e-14 2.91843e-13 1.12286e-12 4.09303e-12 1.41416e-11 4.63346e-11 1.44047e-10 4.25177e-10 1.19237e-09 3.17968e-09 8.07012e-09 1.95139e-08 4.5006e-08 9.91289e-08 2.08797e-07 4.21189e-07 8.14953e-07 1.51496e-06 2.71029e-06 4.67448e-06 7.78614e-06 1.25474e-05 1.95974e-05 2.97181e-05 4.38298e-05 6.29763e-05 8.82987e-05 0.000121001 0.000162308 0.000213425 0.000275488 0.000349532 0.000436452 0.000536984 0.00065168 0.000780904 0.000924824 0.00108342 0.00125646 0.00144354 0.00164408 0.0018573 0.00208225 0.00231781 0.0025627 0.00281545 0.00307447 0.00333802 0.00360421 0.00387105 0.00413648 0.00439834 0.00465445 0.00490259 0.00514058 0.00536627 0.00557757 0.00577252 0.00594926 0.00610609 0.0062415 0.00635416 0.00644296 0.00650702 0.00654572 0.00655866 0.00654572 0.00650702 0.00644296 0.00635416 0.0062415 0.00610609 0.00594926 0.00577252 0.00557757 0.00536627 0.00514058 0.00490259 0.00465445 0.00439834 0.00413648 0.00387105 0.00360421 0.00333802 0.00307447 0.00281545 0.0025627 0.00231781 0.00208225 0.0018573 0.00164408 0.00144354 0.00125646 0.00108342 0.000924824 0.000780904 0.00065168 0.000536984 0.000436452 0.000349532 0.000275488 0.000213425 0.000162308 0.000121001 8.82987e-05 6.29763e-05 4.38298e-05 2.97181e-05 1.95974e-05 1.25474e-05 7.78614e-06 4.67448e-06 2.71029e-06 1.51496e-06 8.14953e-07 4.21189e-07 2.08797e-07 9.91289e-08 4.5006e-08 1.95139e-08 8.07012e-09 3.17968e-09 1.19237e-09 4.25177e-10 1.44047e-10 4.63346e-11 1.41416e-11 4.09303e-12 1.12286e-12 2.91843e-13 7.18351e-14 1.67387e-14 3.69102e-15 7.69934e-16 1.51874e-16 2.83187e-17 4.9894e-18 8.30275e-19 1.30434e-19 1.93344e-20 2.70269e-21 3.56051e-22 4.41749e-23 5.15758e-24 5.66168e-25 5.83783e-26 5.64799e-27 5.12089e-28 4.3453e-29 3.44554e-30 2.54871e-31 1.75541e-32 1.12331e-33 6.66242e-35 3.65238e-36 1.84489e-37 8.55573e-39 3.62775e-40 1.39967e-41 4.88619e-43 1.53312e-44 4.28905e-46 1.05946e-47 2.28248e-49 2.24334e-51 
0 2.12087e-49 9.94646e-48 4.06821e-46 1.46933e-44 4.73216e-43 1.36995e-41 3.58885e-40 8.55573e-39 1.86508e-37 3.73317e-36 6.88578e-35 1.17405e-33 1.85556e-32 2.72502e-31 3.72653e-30 4.75453e-29 5.66913e-28 6.32684e-27 6.61768e-26 6.49526e-25 5.98864e-24 5.19182e-23 4.2359e-22 3.25493e-21 2.35725e-20 1.60993e-19 1.0375e-18 6.31189e-18 3.62677e-17 1.969e-16 1.01041e-15 4.90264e-15 2.25001e-14 9.77016e-14 4.01535e-13 1.56241e-12 5.75801e-12 2.01059e-11 6.65488e-11 2.08898e-10 6.2223e-10 1.75983e-09 4.7295e-09 1.20879e-08 2.94098e-08 6.8188e-08 1.50841e-07 3.18786e-07 6.4457e-07 1.24883e-06 2.32224e-06 4.15172e-06 7.14887e-06 1.18775e-05 1.90761e-05 2.96712e-05 4.47779e-05 6.56848e-05 9.38239e-05 0.000130727 0.000177973 0.000237131 0.000309701 0.000397068 0.000500459 0.000620912 0.000759264 0.000916135 0.00109193 0.00128686 0.0015009 0.00173384 0.00198527 0.00225458 0.00254092 0.00284327 0.00316035 0.00349068 0.00383254 0.00418401 0.00454293 0.00490696 0.00527359 0.00564013 0.00600381 0.00636176 0.00671106 0.00704878 0.00737203 0.00767799 0.00796396 0.00822736 0.0084658 0.00867711 0.00885934 0.00901081 0.00913011 0.00921612 0.00926806 0.00928542 0.00926806 0.00921612 0.00913011 0.00901081 0.00885934 0.00867711 0.0084658 0.00822736 0.00796396 0.00767799 0.00737203 0.00704878 0.00671106 0.00636176 0.00600381 0.00564013 0.00527359 0.00490696 0.00454293 0.00418401 0.00383254 0.00349068 0.00316035 0.00284327 0.00254092 0.00225458 0.00198527 0.00173384 0.0015009 0.00128686 0.00109193 0.000916135 0.000759264 0.000620912 0.000500459 0.000397068 0.000309701 0.000237131 0.000177973 0.000130727 9.38239e-05 6.56848e-05 4.47779e-05 2.96712e-05 1.90761e-05 1.18775e-05 7.14887e-06 4.15172e-06 2.32224e-06 1.24883e-06 6.4457e-07 3.18786e-07 1.50841e-07 6.8188e-08 2.94098e-08 1.20879e-08 4.7295e-09 1.75983e-09 6.2223e-10 2.08898e-10 6.65488e-11 2.01059e-11 5.75801e-12 1.56241e-12 4.01535e-13 9.77016e-14 2.25001e-14 4.90264e-15 1.01041e-15 1.969e-16 3.62677e-17 6.31189e-18 1.0375e-18 1.60993e-19 2.35725e-20 3.25493e-21 4.2359e-22 5.19182e-23 5.98864e-24 6.49526e-25 6.61768e-26 6.32684e-27 5.66913e-28 4.75453e-29 3.72653e-30 2.72502e-31 1.85556e-32 1.17405e-33 6.88578e-35 3.73317e-36 1.86508e-37 8.55573e-39 3.58885e-40 1.36995e-41 4.73216e-43 1.46933e-44 4.06821e-46 9.94466e-48 1.13746e-49 
0 9.13986e-48 3.77794e-46 1.37857e-44 4.48613e-43 1.31239e-41 3.47462e-40 8.37233e-39 1.84489e-37 3.73317e-36 6.96188e-35 1.20027e-33 1.91836e-32 2.84926e-31 3.94111e-30 5.08646e-29 6.13564e-28 6.92798e-27 7.3323e-26 7.28254e-25 6.79518e-24 5.96225e-23 4.92359e-22 3.82955e-21 2.80738e-20 1.94092e-19 1.26619e-18 7.79799e-18 4.53574e-17 2.49264e-16 1.29471e-15 6.35799e-15 2.95282e-14 1.29731e-13 5.39347e-13 2.12243e-12 7.90808e-12 2.7908e-11 9.33182e-11 2.95782e-10 8.89118e-10 2.53616e-09 6.86934e-09 1.7681e-08 4.32851e-08 1.0089e-07 2.24148e-07 4.75278e-07 9.63155e-07 1.86828e-06 3.47455e-06 6.20604e-06 1.06654e-05 1.76686e-05 2.82696e-05 4.3769e-05 6.57035e-05 9.58122e-05 0.000135984 0.000188192 0.000254417 0.000336574 0.000436454 0.000555667 0.000695617 0.000857483 0.00104222 0.00125055 0.00148302 0.00173993 0.00202143 0.00232743 0.00265764 0.00301153 0.00338831 0.00378691 0.00420596 0.00464376 0.00509827 0.00556715 0.00604773 0.00653705 0.0070319 0.00752884 0.00802425 0.0085144 0.00899546 0.0094636 0.00991501 0.010346 0.0107529 0.0111323 0.0114811 0.0117962 0.0120749 0.0123149 0.0125142 0.0126709 0.0127839 0.012852 0.0128748 0.012852 0.0127839 0.0126709 0.0125142 0.0123149 0.0120749 0.0117962 0.0114811 0.0111323 0.0107529 0.010346 0.00991501 0.0094636 0.00899546 0.0085144 0.00802425 0.00752884 0.0070319 0.00653705 0.00604773 0.00556715 0.00509827 0.00464376 0.00420596 0.00378691 0.00338831 0.00301153 0.00265764 0.00232743 0.00202143 0.00173993 0.00148302 0.00125055 0.00104222 0.000857483 0.000695617 0.000555667 0.000436454 0.000336574 0.000254417 0.000188192 0.000135984 9.58122e-05 6.57035e-05 4.3769e-05 2.82696e-05 1.76686e-05 1.06654e-05 6.20604e-06 3.47455e-06 1.86828e-06 9.63155e-07 4.75278e-07 2.24148e-07 1.0089e-07 4.32851e-08 1.7681e-08 6.86934e-09 2.53616e-09 8.89118e-10 2.95782e-10 9.33182e-11 2.7908e-11 7.90808e-12 2.12243e-12 5.39347e-13 1.29731e-13 2.95282e-14 6.35799e-15 1.29471e-15 2.49264e-16 4.53574e-17 7.79799e-18 1.26619e-18 1.94092e-19 2.80738e-20 3.82955e-21 4.92359e-22 5.96225e-23 6.79518e-24 7.28254e-25 7.3323e-26 6.92798e-27 6.13564e-28 5.08646e-29 3.94111e-30 2.84926e-31 1.91836e-32 1.20027e-33 6.96188e-35 3.73317e-36 1.84489e-37 8.37233e-39 3.47462e-40 1.31239e-41 4.48613e-43 1.37857e-44 3.77705e-46 4.95056e-48 
0 3.43313e-46 1.26619e-44 4.16295e-43 1.23055e-41 3.29222e-40 8.01719e-39 1.7856e-37 3.65238e-36 6.88578e-35 1.20027e-33 1.93976e-32 2.91348e-31 4.07572e-30 5.32047e-29 6.4921e-28 7.41588e-27 7.94085e-26 7.98027e-25 7.53491e-24 6.69056e-23 5.59163e-22 4.40183e-21 3.26617e-20 2.28566e-19 1.50931e-18 9.40898e-18 5.53965e-17 3.08145e-16 1.61995e-15 8.05098e-15 3.78367e-14 1.68191e-13 7.07332e-13 2.81502e-12 1.06044e-11 3.78233e-11 1.27773e-10 4.08956e-10 1.24068e-09 3.56947e-09 9.7446e-09 2.52604e-08 6.22281e-08 1.45817e-07 3.25367e-07 6.92167e-07 1.40576e-06 2.72976e-06 5.07644e-06 9.05679e-06 1.553e-05 2.56441e-05 4.08589e-05 6.29435e-05 9.39439e-05 0.000136123 0.000191877 0.000263642 0.000353797 0.000464587 0.000598059 0.000756036 0.000940099 0.00115161 0.00139171 0.00166139 0.00196144 0.00229252 0.00265507 0.00304934 0.00347534 0.00393273 0.00442086 0.00493861 0.00548447 0.00605642 0.00665198 0.00726819 0.00790166 0.00854858 0.00920482 0.00986591 0.0105272 0.0111839 0.0118311 0.0124638 0.0130772 0.0136666 0.0142274 0.0147552 0.0152458 0.0156955 0.0161009 0.0164586 0.0167661 0.0170209 0.0172212 0.0173653 0.0174522 0.0174812 0.0174522 0.0173653 0.0172212 0.0170209 0.0167661 0.0164586 0.0161009 0.0156955 0.0152458 0.0147552 0.0142274 0.0136666 0.0130772 0.0124638 0.0118311 0.0111839 0.0105272 0.00986591 0.00920482 0.00854858 0.00790166 0.00726819 0.00665198 0.00605642 0.00548447 0.00493861 0.00442086 0.00393273 0.00347534 0.00304934 0.00265507 0.00229252 0.00196144 0.00166139 0.00139171 0.00115161 0.000940099 0.000756036 0.000598059 0.000464587 0.000353797 0.000263642 0.000191877 0.000136123 9.39439e-05 6.29435e-05 4.08589e-05 2.56441e-05 1.553e-05 9.05679e-06 5.07644e-06 2.72976e-06 1.40576e-06 6.92167e-07 3.25367e-07 1.45817e-07 6.22281e-08 2.52604e-08 9.7446e-09 3.56947e-09 1.24068e-09 4.08956e-10 1.27773e-10 3.78233e-11 1.06044e-11 2.81502e-12 7.07332e-13 1.68191e-13 3.78367e-14 8.05098e-15 1.61995e-15 3.08145e-16 5.53965e-17 9.40898e-18 1.50931e-18 2.28566e-19 3.26617e-20 4.40183e-21 5.59163e-22 6.69056e-23 7.53491e-24 7.98027e-25 7.94085e-26 7.41588e-27 6.4921e-28 5.32047e-29 4.07572e-30 2.91348e-31 1.93976e-32 1.20027e-33 6.88578e-35 3.65238e-36 1.7856e-37 8.01719e-39 3.29222e-40 1.23055e-41 4.16295e-43 1.26581e-44 1.87832e-46 
0 1.13774e-44 3.78129e-43 1.12927e-41 3.05279e-40 7.51244e-39 1.69098e-37 3.49598e-36 6.66242e-35 1.17405e-33 1.91836e-32 2.91348e-31 4.1216e-30 5.44147e-29 6.7158e-28 7.76002e-27 8.40609e-26 8.54691e-25 8.16527e-24 7.3365e-23 6.20482e-22 4.94328e-21 3.71222e-20 2.62928e-19 1.75731e-18 1.10882e-17 6.60764e-17 3.7201e-16 1.97932e-15 9.95507e-15 4.73417e-14 2.12915e-13 9.05779e-13 3.64566e-12 1.38854e-11 5.00569e-11 1.70845e-10 5.52206e-10 1.69088e-09 4.90703e-09 1.35033e-08 3.52565e-08 8.74044e-08 2.05919e-07 4.61488e-07 9.84983e-07 2.00479e-06 3.89689e-06 7.24567e-06 1.29096e-05 2.20819e-05 3.6334e-05 5.76295e-05 8.82993e-05 0.000130978 0.000188502 0.000263796 0.000359746 0.0004791 0.000624389 0.0007979 0.00100168 0.00123755 0.00150718 0.00181211 0.00215379 0.00253357 0.00295268 0.00341215 0.00391276 0.0044549 0.00503853 0.00566303 0.00632719 0.00702914 0.00776631 0.00853548 0.00933278 0.0101538 0.0109936 0.0118468 0.0127077 0.0135704 0.0144289 0.0152769 0.0161085 0.0169176 0.0176985 0.0184454 0.0191532 0.0198168 0.0204316 0.0209933 0.0214982 0.0219427 0.0223239 0.0226393 0.0228867 0.0230646 0.0231719 0.0232077 0.0231719 0.0230646 0.0228867 0.0226393 0.0223239 0.0219427 0.0214982 0.0209933 0.0204316 0.0198168 0.0191532 0.0184454 0.0176985 0.0169176 0.0161085 0.0152769 0.0144289 0.0135704 0.0127077 0.0118468 0.0109936 0.0101538 0.00933278 0.00853548 0.00776631 0.00702914 0.00632719 0.00566303 0.00503853 0.0044549 0.00391276 0.00341215 0.00295268 0.00253357 0.00215379 0.00181211 0.00150718 0.00123755 0.00100168 0.0007979 0.000624389 0.0004791 0.000359746 0.000263796 0.000188502 0.000130978 8.82993e-05 5.76295e-05 3.6334e-05 2.20819e-05 1.29096e-05 7.24567e-06 3.89689e-06 2.00479e-06 9.84983e-07 4.61488e-07 2.05919e-07 8.74044e-08 3.52565e-08 1.35033e-08 4.90703e-09 1.69088e-09 5.52206e-10 1.70845e-10 5.00569e-11 1.38854e-11 3.64566e-12 9.05779e-13 2.12915e-13 4.73417e-14 9.95507e-15 1.97932e-15 3.7201e-16 6.60764e-17 1.10882e-17 1.75731e-18 2.62928e-19 3.71222e-20 4.94328e-21 6.20482e-22 7.3365e-23 8.16527e-24 8.54691e-25 8.40609e-26 7.76002e-27 6.7158e-28 5.44147e-29 4.1216e-30 2.91348e-31 1.91836e-32 1.17405e-33 6.66242e-35 3.49598e-36 1.69098e-37 7.51244e-39 3.05279e-40 1.12927e-41 3.77993e-43 6.28864e-45 
0 3.3592e-43 1.01429e-41 2.77028e-40 6.88835e-39 1.56685e-37 3.27382e-36 6.30608e-35 1.12331e-33 1.85556e-32 2.84926e-31 4.07572e-30 5.44147e-29 6.79206e-28 7.93801e-27 8.69817e-26 8.94677e-25 8.64744e-24 7.86139e-23 6.72767e-22 5.42381e-21 4.12193e-20 2.95461e-19 1.99859e-18 1.27631e-17 7.69771e-17 4.38613e-16 2.36177e-15 1.20208e-14 5.78437e-14 2.63201e-13 1.13266e-12 4.61057e-12 1.77552e-11 6.46966e-11 2.23104e-10 7.28279e-10 2.25099e-09 6.58999e-09 1.82815e-08 4.8082e-08 1.1997e-07 2.84196e-07 6.39761e-07 1.37006e-06 2.79465e-06 5.4375e-06 1.01076e-05 1.7982e-05 3.06762e-05 5.02838e-05 7.93706e-05 0.000120914 0.000178191 0.000254636 0.000353678 0.000478612 0.000632499 0.000818131 0.00103805 0.00129462 0.00159008 0.00192667 0.00230662 0.00273222 0.00320568 0.00372911 0.00430432 0.00493273 0.00561513 0.0063516 0.00714139 0.00798284 0.00887336 0.00980946 0.0107868 0.0118002 0.0128438 0.0139114 0.014996 0.0160907 0.0171879 0.0182805 0.0193609 0.020422 0.0214565 0.0224578 0.0234193 0.0243347 0.0251985 0.0260051 0.0267497 0.0274278 0.0280356 0.0285693 0.029026 0.0294032 0.0296988 0.029911 0.0300388 0.0300815 0.0300388 0.029911 0.0296988 0.0294032 0.029026 0.0285693 0.0280356 0.0274278 0.0267497 0.0260051 0.0251985 0.0243347 0.0234193 0.0224578 0.0214565 0.020422 0.0193609 0.0182805 0.0171879 0.0160907 0.014996 0.0139114 0.0128438 0.0118002 0.0107868 0.00980946 0.00887336 0.00798284 0.00714139 0.0063516 0.00561513 0.00493273 0.00430432 0.00372911 0.00320568 0.00273222 0.00230662 0.00192667 0.00159008 0.00129462 0.00103805 0.000818131 0.000632499 0.000478612 0.000353678 0.000254636 0.000178191 0.000120914 7.93706e-05 5.02838e-05 3.06762e-05 1.7982e-05 1.01076e-05 5.4375e-06 2.79465e-06 1.37006e-06 6.39761e-07 2.84196e-07 1.1997e-07 4.8082e-08 1.82815e-08 6.58999e-09 2.25099e-09 7.28279e-10 2.23104e-10 6.46966e-11 1.77552e-11 4.61057e-12 1.13266e-12 2.63201e-13 5.78437e-14 1.20208e-14 2.36177e-15 4.38613e-16 7.69771e-17 1.27631e-17 1.99859e-18 2.95461e-19 4.12193e-20 5.42381e-21 6.72767e-22 7.86139e-23 8.64744e-24 8.94677e-25 8.69817e-26 7.93801e-27 6.79206e-28 5.44147e-29 4.07572e-30 2.84926e-31 1.85556e-32 1.12331e-33 6.30608e-35 3.27382e-36 1.56685e-37 6.88835e-39 2.77027e-40 1.01384e-41 1.87612e-43 
0 8.90737e-42 2.46012e-40 6.18041e-39 1.4205e-37 2.99933e-36 5.83888e-35 1.05128e-33 1.75541e-32 2.72502e-31 3.94111e-30 5.32047e-29 6.7158e-28 7.93801e-27 8.79776e-26 9.15364e-25 8.95025e-24 8.23194e-23 7.1278e-22 5.8145e-21 4.47148e-20 3.24352e-19 2.22034e-18 1.43497e-17 8.7588e-17 5.05075e-16 2.75225e-15 1.41754e-14 6.902e-14 3.17739e-13 1.38318e-12 5.69438e-12 2.21728e-11 8.16678e-11 2.84572e-10 9.38236e-10 2.92751e-09 8.64695e-09 2.41853e-08 6.40841e-08 1.60952e-07 3.83425e-07 8.67091e-07 1.86329e-06 3.80927e-06 7.41894e-06 1.37867e-05 2.44888e-05 4.16585e-05 6.80127e-05 0.00010681 0.000161738 0.000236742 0.000335827 0.000462876 0.000621523 0.000815101 0.00104668 0.00131917 0.00163547 0.00199856 0.00241163 0.00287805 0.0034013 0.00398482 0.00463177 0.00534482 0.00612587 0.0069759 0.00789474 0.00888105 0.00993224 0.0110445 0.012213 0.0134317 0.014694 0.0159923 0.0173187 0.0186648 0.020022 0.0213815 0.0227348 0.0240731 0.0253882 0.0266719 0.0279165 0.0291146 0.0302595 0.0313446 0.0323641 0.0333125 0.0341849 0.034977 0.0356847 0.0363048 0.0368343 0.0372708 0.0376124 0.0378574 0.0380048 0.038054 0.0380048 0.0378574 0.0376124 0.0372708 0.0368343 0.0363048 0.0356847 0.034977 0.0341849 0.0333125 0.0323641 0.0313446 0.0302595 0.0291146 0.0279165 0.0266719 0.0253882 0.0240731 0.0227348 0.0213815 0.020022 0.0186648 0.0173187 0.0159923 0.014694 0.0134317 0.012213 0.0110445 0.00993224 0.00888105 0.00789474 0.0069759 0.00612587 0.00534482 0.00463177 0.00398482 0.0034013 0.00287805 0.00241163 0.00199856 0.00163547 0.00131917 0.00104668 0.000815101 0.000621523 0.000462876 0.000335827 0.000236742 0.000161738 0.00010681 6.80127e-05 4.16585e-05 2.44888e-05 1.37867e-05 7.41894e-06 3.80927e-06 1.86329e-06 8.67091e-07 3.83425e-07 1.60952e-07 6.40841e-08 2.41853e-08 8.64695e-09 2.92751e-09 9.38236e-10 2.84572e-10 8.16678e-11 2.21728e-11 5.69438e-12 1.38318e-12 3.17739e-13 6.902e-14 1.41754e-14 2.75225e-15 5.05075e-16 8.7588e-17 1.43497e-17 2.22034e-18 3.24352e-19 4.47148e-20 5.8145e-21 7.1278e-22 8.23194e-23 8.95025e-24 9.15364e-25 8.79776e-26 7.93801e-27 6.7158e-28 5.32047e-29 3.94111e-30 2.72502e-31 1.75541e-32 1.05128e-33 5.83888e-35 2.99933e-36 1.4205e-37 6.18041e-39 2.45885e-40 5.02764e-42 
0 2.13541e-40 5.42594e-39 1.26e-37 2.68826e-36 5.28854e-35 9.62335e-34 1.62419e-32 2.54871e-31 3.72653e-30 5.08646e-29 6.4921e-28 7.76002e-27 8.69817e-26 9.15364e-25 9.05351e-24 8.42369e-23 7.37917e-22 6.09041e-21 4.7391e-20 3.47851e-19 2.40962e-18 1.57593e-17 9.73442e-17 5.68057e-16 3.13246e-15 1.63258e-14 8.04306e-14 3.74611e-13 1.64964e-12 6.86879e-12 2.70444e-11 1.00695e-10 3.54566e-10 1.18083e-09 3.71991e-09 1.10869e-08 3.12696e-08 8.34867e-08 2.111e-07 5.05804e-07 1.14926e-06 2.47848e-06 5.07884e-06 9.90194e-06 1.83958e-05 3.26228e-05 5.53334e-05 8.99638e-05 0.00014054 0.000211492 0.000307414 0.000432822 0.000591968 0.000788763 0.00102682 0.0013096 0.00164065 0.00202375 0.00246311 0.00296337 0.00352947 0.00416645 0.00487911 0.00567166 0.00654738 0.00750831 0.00855503 0.00968658 0.0109004 0.0121924 0.0135572 0.0149879 0.016477 0.0180158 0.0195952 0.0212054 0.0228367 0.0244788 0.0261218 0.0277557 0.0293708 0.0309577 0.0325075 0.0340115 0.0354618 0.0368508 0.0381716 0.0394178 0.0405838 0.0416642 0.0426545 0.0435506 0.0443491 0.0450469 0.0456414 0.0461306 0.0465128 0.0467866 0.0469513 0.0470062 0.0469513 0.0467866 0.0465128 0.0461306 0.0456414 0.0450469 0.0443491 0.0435506 0.0426545 0.0416642 0.0405838 0.0394178 0.0381716 0.0368508 0.0354618 0.0340115 0.0325075 0.0309577 0.0293708 0.0277557 0.0261218 0.0244788 0.0228367 0.0212054 0.0195952 0.0180158 0.016477 0.0149879 0.0135572 0.0121924 0.0109004 0.00968658 0.00855503 0.00750831 0.00654738 0.00567166 0.00487911 0.00416645 0.00352947 0.00296337 0.00246311 0.00202375 0.00164065 0.0013096 0.00102682 0.000788763 0.000591968 0.000432822 0.000307414 0.000211492 0.00014054 8.99638e-05 5.53334e-05 3.26228e-05 1.83958e-05 9.90194e-06 5.07884e-06 2.47848e-06 1.14926e-06 5.05804e-07 2.111e-07 8.34867e-08 3.12696e-08 1.10869e-08 3.71991e-09 1.18083e-09 3.54566e-10 1.00695e-10 2.70444e-11 6.86879e-12 1.64964e-12 3.74611e-13 8.04306e-14 1.63258e-14 3.13246e-15 5.68057e-16 9.73442e-17 1.57593e-17 2.40962e-18 3.47851e-19 4.7391e-20 6.09041e-21 7.37917e-22 8.42369e-23 9.05351e-24 9.15364e-25 8.69817e-26 7.76002e-27 6.4921e-28 5.08646e-29 3.72653e-30 2.54871e-31 1.62419e-32 9.62335e-34 5.28854e-35 2.68826e-36 1.26e-37 5.42264e-39 1.21833e-40 
0 4.65451e-39 1.09346e-37 2.35711e-36 4.68561e-35 8.6163e-34 1.46974e-32 2.33118e-31 3.44554e-30 4.75453e-29 6.13564e-28 7.41588e-27 8.40609e-26 8.94677e-25 8.95025e-24 8.42369e-23 7.46491e-22 6.23322e-21 4.90726e-20 3.64453e-19 2.55458e-18 1.69063e-17 1.05675e-16 6.24029e-16 3.48212e-15 1.83638e-14 9.15407e-14 4.31357e-13 1.92156e-12 8.09246e-12 3.22197e-11 1.21277e-10 4.31575e-10 1.45199e-09 4.61873e-09 1.38923e-08 3.95169e-08 1.06329e-07 2.70727e-07 6.52559e-07 1.49001e-06 3.22542e-06 6.62595e-06 1.29334e-05 2.40225e-05 4.2533e-05 7.19292e-05 0.000116451 0.000180938 0.00027056 0.000390497 0.000545679 0.000740639 0.000979549 0.0012664 0.00160533 0.00200091 0.00245836 0.00298369 0.00358346 0.00426457 0.00503373 0.00589698 0.00685923 0.0079238 0.00909219 0.0103639 0.0117366 0.0132058 0.0147656 0.0164086 0.018126 0.0199084 0.0217452 0.0236257 0.0255386 0.0274725 0.0294158 0.0313572 0.0332855 0.0351899 0.0370598 0.0388853 0.0406572 0.0423666 0.0440057 0.045567 0.047044 0.0484308 0.0497222 0.0509138 0.0520016 0.0529824 0.0538534 0.0546123 0.0552573 0.0557868 0.0561998 0.0564954 0.0566729 0.0567322 0.0566729 0.0564954 0.0561998 0.0557868 0.0552573 0.0546123 0.0538534 0.0529824 0.0520016 0.0509138 0.0497222 0.0484308 0.047044 0.045567 0.0440057 0.0423666 0.0406572 0.0388853 0.0370598 0.0351899 0.0332855 0.0313572 0.0294158 0.0274725 0.0255386 0.0236257 0.0217452 0.0199084 0.018126 0.0164086 0.0147656 0.0132058 0.0117366 0.0103639 0.00909219 0.0079238 0.00685923 0.00589698 0.00503373 0.00426457 0.00358346 0.00298369 0.00245836 0.00200091 0.00160533 0.0012664 0.000979549 0.000740639 0.000545679 0.000390497 0.00027056 0.000180938 0.000116451 7.19292e-05 4.2533e-05 2.40225e-05 1.29334e-05 6.62595e-06 3.22542e-06 1.49001e-06 6.52559e-07 2.70727e-07 1.06329e-07 3.95169e-08 1.38923e-08 4.61873e-09 1.45199e-09 4.31575e-10 1.21277e-10 3.22197e-11 8.09246e-12 1.92156e-12 4.31357e-13 9.15407e-14 1.83638e-14 3.48212e-15 6.24029e-16 1.05675e-16 1.69063e-17 2.55458e-18 3.64453e-19 4.90726e-20 6.23322e-21 7.46491e-22 8.42369e-23 8.95025e-24 8.94677e-25 8.40609e-26 7.41588e-27 6.13564e-28 4.75453e-29 3.44554e-30 2.33118e-31 1.46974e-32 8.6163e-34 4.68561e-35 2.35711e-36 1.09269e-37 2.68481e-39 
0 9.26869e-38 2.02181e-36 4.06077e-35 7.54552e-34 1.3007e-32 2.08511e-31 3.11507e-30 4.3453e-29 5.66913e-28 6.92798e-27 7.94085e-26 8.54691e-25 8.64744e-24 8.23194e-23 7.37917e-22 6.23322e-21 4.96463e-20 3.73047e-19 2.6457e-18 1.77168e-17 1.12056e-16 6.69584e-16 3.78074e-15 2.01752e-14 1.01758e-13 4.85129e-13 2.18621e-12 9.31256e-12 3.74953e-11 1.4269e-10 5.13216e-10 1.74452e-09 5.60414e-09 1.70139e-08 4.88191e-08 1.3241e-07 3.39549e-07 8.2354e-07 1.89011e-06 4.10781e-06 8.46145e-06 1.65383e-05 3.07159e-05 5.43014e-05 9.15624e-05 0.000147606 0.000228103 0.000338909 0.000485695 0.000673692 0.000907659 0.00119209 0.00153163 0.0019315 0.00239789 0.00293812 0.0035605 0.00427395 0.00508736 0.00600892 0.00704543 0.00820176 0.00948053 0.0108819 0.0124037 0.0140415 0.0157888 0.0176378 0.0195789 0.0216016 0.0236945 0.0258456 0.0280422 0.0302715 0.0325203 0.0347756 0.0370244 0.039254 0.0414523 0.0436074 0.0457086 0.0477457 0.0497093 0.0515911 0.0533837 0.0550805 0.056676 0.0581655 0.0595449 0.0608112 0.0619617 0.0629945 0.063908 0.0647012 0.0653733 0.0659236 0.0663519 0.066658 0.0668416 0.0669029 0.0668416 0.066658 0.0663519 0.0659236 0.0653733 0.0647012 0.063908 0.0629945 0.0619617 0.0608112 0.0595449 0.0581655 0.056676 0.0550805 0.0533837 0.0515911 0.0497093 0.0477457 0.0457086 0.0436074 0.0414523 0.039254 0.0370244 0.0347756 0.0325203 0.0302715 0.0280422 0.0258456 0.0236945 0.0216016 0.0195789 0.0176378 0.0157888 0.0140415 0.0124037 0.0108819 0.00948053 0.00820176 0.00704543 0.00600892 0.00508736 0.00427395 0.0035605 0.00293812 0.00239789 0.0019315 0.00153163 0.00119209 0.000907659 0.000673692 0.000485695 0.000338909 0.000228103 0.000147606 9.15624e-05 5.43014e-05 3.07159e-05 1.65383e-05 8.46145e-06 4.10781e-06 1.89011e-06 8.2354e-07 3.39549e-07 1.3241e-07 4.88191e-08 1.70139e-08 5.60414e-09 1.74452e-09 5.13216e-10 1.4269e-10 3.74953e-11 9.31256e-12 2.18621e-12 4.85129e-13 1.01758e-13 2.01752e-14 3.78074e-15 6.69584e-16 1.12056e-16 1.77168e-17 2.6457e-18 3.73047e-19 4.96463e-20 6.23322e-21 7.37917e-22 8.23194e-23 8.64744e-24 8.54691e-25 7.94085e-26 6.92798e-27 5.66913e-28 4.3453e-29 3.11507e-30 2.08511e-31 1.3007e-32 7.54552e-34 4.06076e-35 2.02018e-36 5.40628e-38 
