0 0 0 0 0 0 0 0 0 0 0 0 0 0 0 0 0 0 0 0 0 0 0 0 0 0 0 0 0 0 0 0 0 0 0 0 0 0 0 0 0 0 0 0 0 0 0 0 0 0 0 0 0 0 0 0 0 0 0 0 0 0 0 0 0 0 0 0 0 0 0 0 0 0 0 0 0 0 0 0 0 0 0 0 0 0 0 0 0 0 0 0 0 0 0 0 0 0 0 0 0 0 0 0 0 0 0 0 0 0 0 0 0 0 0 0 0 0 0 0 0 0 0 0 0 0 0 0 0 0 0 0 0 0 0 0 0 0 0 0 0 0 0 0 0 0 0 0 0 0 0 0 0 0 0 0 0 0 0 0 0 0 0 0 0 0 0 0 0 0 0 0 0 0 0 0 0 0 0 0 0 0 0 0 0 0 0 0 0 0 0 0 0 0 0 0 0 0 0 0 
0 0 0 0 4.29337e-63 1.65132e-60 3.11864e-58 3.85507e-56 3.50813e-54 2.50618e-52 1.46372e-50 7.18668e-49 3.02735e-47 1.11116e-45 3.59702e-44 1.03705e-42 2.68422e-41 6.27909e-40 1.33499e-38 2.59206e-37 4.61523e-36 7.56277e-35 1.14412e-33 1.60235e-32 2.08256e-31 2.51728e-30 2.83525e-29 2.98076e-28 2.92958e-27 2.69544e-26 2.32459e-25 1.88126e-24 1.43016e-23 1.02226e-22 6.87644e-22 4.35649e-21 2.60141e-20 1.46517e-19 7.78873e-19 3.91049e-18 1.8555e-17 8.32591e-17 3.53531e-16 1.42147e-15 5.41581e-15 1.95669e-14 6.70892e-14 2.18482e-13 6.76396e-13 1.99263e-12 5.5917e-12 1.49635e-11 3.82305e-11 9.33727e-11 2.18292e-10 4.89176e-10 1.05226e-09 2.17596e-09 4.33214e-09 8.31635e-09 1.54171e-08 2.7642e-08 4.80043e-08 8.08671e-08 1.32332e-07 2.10651e-07 3.26624e-07 4.93951e-07 7.29472e-07 1.05326e-06 1.48854e-06 2.06134e-06 2.79994e-06 3.73403e-06 4.89369e-06 6.30815e-06 8.00441e-06 1.00058e-05 1.23307e-05 1.4991e-05 1.7991e-05 2.13266e-05 2.49846e-05 2.8942e-05 3.31667e-05 3.7617e-05 4.22429e-05 4.69867e-05 5.17843e-05 5.65667e-05 6.12613e-05 6.57942e-05 7.00912e-05 7.40805e-05 7.76937e-05 8.08676e-05 8.35463e-05 8.56816e-05 8.72352e-05 8.81789e-05 8.84954e-05 8.81789e-05 8.72352e-05 8.56816e-05 8.35463e-05 8.08676e-05 7.76937e-05 7.40805e-05 7.00912e-05 6.57942e-05 6.12613e-05 5.65667e-05 5.17843e-05 4.69867e-05 4.22429e-05 3.7617e-05 3.31667e-05 2.8942e-05 2.49846e-05 2.13266e-05 1.7991e-05 1.4991e-05 1.23307e-05 1.00058e-05 8.00441e-06 6.30815e-06 4.89369e-06 3.73403e-06 2.79994e-06 2.06134e-06 1.48854e-06 1.05326e-06 7.29472e-07 4.93951e-07 3.26624e-07 2.10651e-07 1.32332e-07 8.08671e-08 4.80043e-08 2.7642e-08 1.54171e-08 8.31635e-09 4.33214e-09 2.17596e-09 1.05226e-09 4.89176e-10 2.18292e-10 9.33727e-11 3.82305e-11 1.49635e-11 5.5917e-12 1.99263e-12 6.76396e-13 2.18482e-13 6.70892e-14 1.95669e-14 5.41581e-15 1.42147e-15 3.53531e-16 8.32591e-17 1.8555e-17 3.91049e-18 7.78873e-19 1.46517e-19 2.60141e-20 4.35649e-21 6.87644e-22 1.02226e-22 1.43016e-23 1.88126e-24 2.32459e-25 2.69544e-26 2.92958e-27 2.98076e-28 2.83525e-29 2.51728e-30 2.08256e-31 1.60235e-32 1.14412e-33 7.56277e-35 4.61523e-36 2.59206e-37 1.33499e-38 6.27909e-40 2.68422e-41 1.03705e-42 3.59702e-44 1.11116e-45 3.02735e-47 7.18668e-49 1.46372e-50 2.50618e-52 3.50813e-54 3.85507e-56 3.11864e-58 1.65132e-60 4.29337e-63 0 0 0 
0 0 0 4.38189e-63 1.70293e-60 3.24999e-58 4.06027e-56 3.73471e-54 2.69716e-52 1.59265e-50 7.9071e-49 3.36848e-47 1.25051e-45 4.09499e-44 1.19444e-42 3.12826e-41 7.40559e-40 1.5936e-38 3.13218e-37 5.64621e-36 9.36847e-35 1.4353e-33 2.036e-32 2.68057e-31 3.28269e-30 3.74646e-29 3.99158e-28 3.97623e-27 3.70852e-26 3.24246e-25 2.66063e-24 2.05105e-23 1.48681e-22 1.01437e-21 6.51846e-21 3.94838e-20 2.25591e-19 1.21657e-18 6.19642e-18 2.98265e-17 1.35765e-16 5.84746e-16 2.3846e-15 9.21333e-15 3.37501e-14 1.17303e-13 3.87138e-13 1.21427e-12 3.62287e-12 1.02924e-11 2.78722e-11 7.20299e-11 1.77859e-10 4.20169e-10 9.50933e-10 2.06476e-09 4.30745e-09 8.64678e-09 1.67276e-08 3.12338e-08 5.63757e-08 9.85132e-08 1.66909e-07 2.7459e-07 4.39262e-07 6.84222e-07 1.03915e-06 1.54073e-06 2.23289e-06 3.16672e-06 4.3998e-06 5.99511e-06 8.0193e-06 1.05405e-05 1.36257e-05 1.7338e-05 2.17332e-05 2.68569e-05 3.27418e-05 3.94046e-05 4.68442e-05 5.504e-05 6.39507e-05 7.35143e-05 8.36486e-05 9.42516e-05 0.000105204 0.000116372 0.000127607 0.000138753 0.000149648 0.000160128 0.000170029 0.000179193 0.000187472 0.000194728 0.000200841 0.000205708 0.000209244 0.000211391 0.000212111 0.000211391 0.000209244 0.000205708 0.000200841 0.000194728 0.000187472 0.000179193 0.000170029 0.000160128 0.000149648 0.000138753 0.000127607 0.000116372 0.000105204 9.42516e-05 8.36486e-05 7.35143e-05 6.39507e-05 5.504e-05 4.68442e-05 3.94046e-05 3.27418e-05 2.68569e-05 2.17332e-05 1.7338e-05 1.36257e-05 1.05405e-05 8.0193e-06 5.99511e-06 4.3998e-06 3.16672e-06 2.23289e-06 1.54073e-06 1.03915e-06 6.84222e-07 4.39262e-07 2.7459e-07 1.66909e-07 9.85132e-08 5.63757e-08 3.12338e-08 1.67276e-08 8.64678e-09 4.30745e-09 2.06476e-09 9.50933e-10 4.20169e-10 1.77859e-10 7.20299e-11 2.78722e-11 1.02924e-11 3.62287e-12 1.21427e-12 3.87138e-13 1.17303e-13 3.37501e-14 9.21333e-15 2.3846e-15 5.84746e-16 1.35765e-16 2.98265e-17 6.19642e-18 1.21657e-18 2.25591e-19 3.94838e-20 6.51846e-21 1.01437e-21 1.48681e-22 2.05105e-23 2.66063e-24 3.24246e-25 3.70852e-26 3.97623e-27 3.99158e-28 3.74646e-29 3.28269e-30 2.68057e-31 2.036e-32 1.4353e-33 9.36847e-35 5.64621e-36 3.13218e-37 1.5936e-38 7.40559e-40 3.12826e-41 1.19444e-42 4.09499e-44 1.25051e-45 3.36848e-47 7.9071e-49 1.59265e-50 2.69716e-52 3.73471e-54 4.06027e-56 3.24999e-58 1.70293e-60 4.38189e-63 0 0 
0 0 4.38189e-63 1.72048e-60 3.3177e-58 4.18847e-56 3.8936e-54 2.84213e-52 1.69647e-50 8.51494e-49 3.66763e-47 1.37682e-45 4.55961e-44 1.34517e-42 3.5637e-41 8.53483e-40 1.85824e-38 3.69578e-37 6.74225e-36 1.13228e-34 1.75596e-33 2.52164e-32 3.36136e-31 4.16817e-30 4.81736e-29 5.19813e-28 5.24479e-27 4.95505e-26 4.38882e-25 3.64849e-24 2.84961e-23 2.09299e-22 1.44685e-21 9.42096e-21 5.78219e-20 3.3474e-19 1.82901e-18 9.4381e-18 4.60221e-17 2.12186e-16 9.25522e-16 3.82153e-15 1.49464e-14 5.54071e-14 1.94817e-13 6.50198e-13 2.06143e-12 6.21411e-12 1.78273e-11 4.87233e-11 1.27003e-10 3.1611e-10 7.52242e-10 1.71379e-09 3.74328e-09 7.85014e-09 1.58302e-08 3.07434e-08 5.75902e-08 1.04221e-07 1.82492e-07 3.09661e-07 5.09957e-07 8.16253e-07 1.27168e-06 1.93105e-06 2.86183e-06 4.14461e-06 5.87269e-06 8.15093e-06 1.10936e-05 1.48211e-05 1.94566e-05 2.51206e-05 3.19267e-05 3.99757e-05 4.93508e-05 6.01125e-05 7.22941e-05 8.58984e-05 0.000100895 0.000117218 0.000134767 0.000153407 0.000172968 0.000193252 0.000214032 0.000235061 0.000256071 0.000276785 0.000296919 0.000316186 0.000334308 0.000351016 0.000366058 0.000379205 0.000390254 0.000399032 0.000405404 0.000409267 0.000410562 0.000409267 0.000405404 0.000399032 0.000390254 0.000379205 0.000366058 0.000351016 0.000334308 0.000316186 0.000296919 0.000276785 0.000256071 0.000235061 0.000214032 0.000193252 0.000172968 0.000153407 0.000134767 0.000117218 0.000100895 8.58984e-05 7.22941e-05 6.01125e-05 4.93508e-05 3.99757e-05 3.19267e-05 2.51206e-05 1.94566e-05 1.48211e-05 1.10936e-05 8.15093e-06 5.87269e-06 4.14461e-06 2.86183e-06 1.93105e-06 1.27168e-06 8.16253e-07 5.09957e-07 3.09661e-07 1.82492e-07 1.04221e-07 5.75902e-08 3.07434e-08 1.58302e-08 7.85014e-09 3.74328e-09 1.71379e-09 7.52242e-10 3.1611e-10 1.27003e-10 4.87233e-11 1.78273e-11 6.21411e-12 2.06143e-12 6.50198e-13 1.94817e-13 5.54071e-14 1.49464e-14 3.82153e-15 9.25522e-16 2.12186e-16 4.60221e-17 9.4381e-18 1.82901e-18 3.3474e-19 5.78219e-20 9.42096e-21 1.44685e-21 2.09299e-22 2.84961e-23 3.64849e-24 4.38882e-25 4.95505e-26 5.24479e-27 5.19813e-28 4.81736e-29 4.16817e-30 3.36136e-31 2.52164e-32 1.75596e-33 1.13228e-34 6.74225e-36 3.69578e-37 1.85824e-38 8.53483e-40 3.5637e-41 1.34517e-42 4.55961e-44 1.37682e-45 3.66763e-47 8.51494e-49 1.69647e-50 2.84213e-52 3.8936e-54 4.18847e-56 3.3177e-58 1.72048e-60 4.38189e-63 0 
0 4.29337e-63 1.70293e-60 3.3177e-58 4.2321e-56 3.97556e-54 2.93281e-52 1.76941e-50 8.97741e-49 3.90923e-47 1.48378e-45 4.96883e-44 1.48248e-42 3.97233e-41 9.62326e-40 2.11964e-38 4.2653e-37 7.87371e-36 1.33816e-34 2.10039e-33 3.05313e-32 4.12003e-31 5.1725e-30 6.05308e-29 6.61409e-28 6.75842e-27 6.46692e-26 5.80179e-25 4.88566e-24 3.8656e-23 2.87634e-22 2.01443e-21 1.32889e-20 8.26321e-20 4.8464e-19 2.68265e-18 1.40229e-17 6.92603e-17 3.23401e-16 1.42839e-15 5.97094e-15 2.36363e-14 8.86588e-14 3.15318e-13 1.06405e-12 3.40948e-12 1.03821e-11 3.00707e-11 8.29258e-11 2.17964e-10 5.46674e-10 1.30996e-09 3.00296e-09 6.59484e-09 1.38949e-08 2.81297e-08 5.48025e-08 1.02908e-07 1.86555e-07 3.27008e-07 5.55125e-07 9.1407e-07 1.46212e-06 2.27535e-06 3.44978e-06 5.10286e-06 7.37382e-06 1.04226e-05 1.44275e-05 1.95811e-05 2.60847e-05 3.4142e-05 4.39509e-05 5.5696e-05 6.95397e-05 8.56145e-05 0.000104015 0.000124794 0.000147953 0.000173444 0.000201161 0.000230949 0.000262594 0.000295836 0.000330366 0.000365833 0.000401854 0.000438015 0.000473883 0.000509013 0.000542957 0.000575268 0.000605515 0.000633287 0.000658201 0.000679911 0.00069811 0.000712542 0.000723001 0.000729337 0.000731459 0.000729337 0.000723001 0.000712542 0.00069811 0.000679911 0.000658201 0.000633287 0.000605515 0.000575268 0.000542957 0.000509013 0.000473883 0.000438015 0.000401854 0.000365833 0.000330366 0.000295836 0.000262594 0.000230949 0.000201161 0.000173444 0.000147953 0.000124794 0.000104015 8.56145e-05 6.95397e-05 5.5696e-05 4.39509e-05 3.4142e-05 2.60847e-05 1.95811e-05 1.44275e-05 1.04226e-05 7.37382e-06 5.10286e-06 3.44978e-06 2.27535e-06 1.46212e-06 9.1407e-07 5.55125e-07 3.27008e-07 1.86555e-07 1.02908e-07 5.48025e-08 2.81297e-08 1.38949e-08 6.59484e-09 3.00296e-09 1.30996e-09 5.46674e-10 2.17964e-10 8.29258e-11 3.00707e-11 1.03821e-11 3.40948e-12 1.06405e-12 3.15318e-13 8.86588e-14 2.36363e-14 5.97094e-15 1.42839e-15 3.23401e-16 6.92603e-17 1.40229e-17 2.68265e-18 4.8464e-19 8.26321e-20 1.32889e-20 2.01443e-21 2.87634e-22 3.8656e-23 4.88566e-24 5.80179e-25 6.46692e-26 6.75842e-27 6.61409e-28 6.05308e-29 5.1725e-30 4.12003e-31 3.05313e-32 2.10039e-33 1.33816e-34 7.87371e-36 4.2653e-37 2.11964e-38 9.62326e-40 3.97233e-41 1.48248e-42 4.96883e-44 1.48378e-45 3.90923e-47 8.97741e-49 1.76941e-50 2.93281e-52 3.97556e-54 4.2321e-56 3.3177e-58 1.70293e-60 2.17971e-63 
0 1.65132e-60 3.24999e-58 4.18847e-56 3.97556e-54 2.96367e-52 1.80704e-50 9.26682e-49 4.07905e-47 1.56521e-45 5.29958e-44 1.59885e-42 4.33259e-41 1.06159e-39 2.36524e-38 4.81495e-37 8.99289e-36 1.54652e-34 2.45652e-33 3.61399e-32 4.93639e-31 6.27369e-30 7.43285e-29 8.22333e-28 8.50866e-27 8.24497e-26 7.49142e-25 6.38948e-24 5.12066e-23 3.85956e-22 2.73814e-21 1.8298e-20 1.1526e-19 6.84789e-19 3.83967e-18 2.03298e-17 1.01695e-16 4.80871e-16 2.15048e-15 9.10011e-15 3.64582e-14 1.38365e-13 4.97729e-13 1.69817e-12 5.49909e-12 1.69145e-11 4.94593e-11 1.37614e-10 3.64708e-10 9.21664e-10 2.22365e-09 5.12846e-09 1.13221e-08 2.39616e-08 4.86864e-08 9.51218e-08 1.78989e-07 3.24901e-07 5.69846e-07 9.67277e-07 1.59157e-06 2.54254e-06 3.94949e-06 5.97438e-06 8.81352e-06 1.26973e-05 1.78877e-05 2.46735e-05 3.33628e-05 4.4274e-05 5.77245e-05 7.40188e-05 9.34363e-05 0.000116218 0.000142558 0.000172588 0.000206376 0.000243915 0.00028512 0.000329829 0.0003778 0.000428715 0.000482187 0.000537759 0.000594919 0.000653104 0.000711709 0.000770102 0.000827627 0.000883623 0.000937428 0.000988394 0.0010359 0.00107935 0.0011182 0.00115197 0.0011802 0.00120256 0.00121874 0.00122853 0.0012318 0.00122853 0.00121874 0.00120256 0.0011802 0.00115197 0.0011182 0.00107935 0.0010359 0.000988394 0.000937428 0.000883623 0.000827627 0.000770102 0.000711709 0.000653104 0.000594919 0.000537759 0.000482187 0.000428715 0.0003778 0.000329829 0.00028512 0.000243915 0.000206376 0.000172588 0.000142558 0.000116218 9.34363e-05 7.40188e-05 5.77245e-05 4.4274e-05 3.33628e-05 2.46735e-05 1.78877e-05 1.26973e-05 8.81352e-06 5.97438e-06 3.94949e-06 2.54254e-06 1.59157e-06 9.67277e-07 5.69846e-07 3.24901e-07 1.78989e-07 9.51218e-08 4.86864e-08 2.39616e-08 1.13221e-08 5.12846e-09 2.22365e-09 9.21664e-10 3.64708e-10 1.37614e-10 4.94593e-11 1.69145e-11 5.49909e-12 1.69817e-12 4.97729e-13 1.38365e-13 3.64582e-14 9.10011e-15 2.15048e-15 4.80871e-16 1.01695e-16 2.03298e-17 3.83967e-18 6.84789e-19 1.1526e-19 1.8298e-20 2.73814e-21 3.85956e-22 5.12066e-23 6.38948e-24 7.49142e-25 8.24497e-26 8.50866e-27 8.22333e-28 7.43285e-29 6.27369e-30 4.93639e-31 3.61399e-32 2.45652e-33 1.54652e-34 8.99289e-36 4.81495e-37 2.36524e-38 1.06159e-39 4.33259e-41 1.59885e-42 5.29958e-44 1.56521e-45 4.07905e-47 9.26682e-49 1.80704e-50 2.96367e-52 3.97556e-54 4.18847e-56 3.24997e-58 8.45921e-61 
0 3.11864e-58 4.06027e-56 3.8936e-54 2.93281e-52 1.80704e-50 9.36534e-49 4.1667e-47 1.61619e-45 5.53218e-44 1.68751e-42 4.62399e-41 1.14579e-39 2.58197e-38 5.31673e-37 1.00456e-35 1.74786e-34 2.80926e-33 4.1824e-32 5.78179e-31 7.43762e-30 8.92008e-29 9.99091e-28 1.04665e-26 1.02696e-25 9.44894e-25 8.16153e-24 6.6244e-23 5.05702e-22 3.63384e-21 2.45968e-20 1.56936e-19 9.44417e-19 5.36352e-18 2.87615e-17 1.45703e-16 6.97638e-16 3.15869e-15 1.35303e-14 5.48585e-14 2.1064e-13 7.66361e-13 2.64351e-12 8.65092e-12 2.68774e-11 7.93408e-11 2.22724e-10 5.95139e-10 1.51532e-09 3.6807e-09 8.53958e-09 1.89498e-08 4.02769e-08 8.21184e-08 1.60856e-07 3.03214e-07 5.50917e-07 9.66431e-07 1.63955e-06 2.69444e-06 4.2964e-06 6.65777e-06 1.00419e-05 1.47643e-05 2.11912e-05 2.97336e-05 4.08381e-05 5.49746e-05 7.26205e-05 9.42444e-05 0.000120287 0.000151145 0.000187152 0.000228567 0.000275558 0.000328196 0.000386449 0.000450175 0.000519125 0.000592945 0.000671176 0.000753268 0.000838582 0.0009264 0.00101594 0.00110636 0.00119677 0.00128628 0.00137393 0.00145881 0.00153999 0.00161656 0.00168768 0.00175252 0.00181035 0.00186048 0.00190234 0.00193542 0.00195934 0.0019738 0.00197865 0.0019738 0.00195934 0.00193542 0.00190234 0.00186048 0.00181035 0.00175252 0.00168768 0.00161656 0.00153999 0.00145881 0.00137393 0.00128628 0.00119677 0.00110636 0.00101594 0.0009264 0.000838582 0.000753268 0.000671176 0.000592945 0.000519125 0.000450175 0.000386449 0.000328196 0.000275558 0.000228567 0.000187152 0.000151145 0.000120287 9.42444e-05 7.26205e-05 5.49746e-05 4.08381e-05 2.97336e-05 2.11912e-05 1.47643e-05 1.00419e-05 6.65777e-06 4.2964e-06 2.69444e-06 1.63955e-06 9.66431e-07 5.50917e-07 3.03214e-07 1.60856e-07 8.21184e-08 4.02769e-08 1.89498e-08 8.53958e-09 3.6807e-09 1.51532e-09 5.95139e-10 2.22724e-10 7.93408e-11 2.68774e-11 8.65092e-12 2.64351e-12 7.66361e-13 2.1064e-13 5.48585e-14 1.35303e-14 3.15869e-15 6.97638e-16 1.45703e-16 2.87615e-17 5.36352e-18 9.44417e-19 1.56936e-19 2.45968e-20 3.63384e-21 5.05702e-22 6.6244e-23 8.16153e-24 9.44894e-25 1.02696e-25 1.04665e-26 9.99091e-28 8.92008e-29 7.43762e-30 5.78179e-31 4.1824e-32 2.80926e-33 1.74786e-34 1.00456e-35 5.31673e-37 2.58197e-38 1.14579e-39 4.62399e-41 1.68751e-42 5.53218e-44 1.61619e-45 4.1667e-47 9.36534e-49 1.80704e-50 2.93281e-52 3.8936e-54 4.06019e-56 1.6122e-58 
0 3.85507e-56 3.73471e-54 2.84213e-52 1.76941e-50 9.26682e-49 4.1667e-47 1.63355e-45 5.65227e-44 1.74304e-42 4.82902e-41 1.20997e-39 2.75741e-38 5.74275e-37 1.09755e-35 1.93186e-34 3.14144e-33 4.73237e-32 6.62027e-31 8.61891e-30 1.04625e-28 1.18622e-27 1.25803e-26 1.24971e-25 1.16425e-24 1.01829e-23 8.36967e-23 6.47058e-22 4.7089e-21 3.22812e-20 2.08601e-19 1.27139e-18 7.31259e-18 3.97117e-17 2.03717e-16 9.87629e-16 4.52703e-15 1.9628e-14 8.0534e-14 3.12842e-13 1.15115e-12 4.01446e-12 1.32762e-11 4.16628e-11 1.24157e-10 3.51635e-10 9.47329e-10 2.43015e-09 5.94246e-09 1.38683e-08 3.09296e-08 6.60122e-08 1.35027e-07 2.65121e-07 5.0049e-07 9.09915e-07 1.59586e-06 2.70471e-06 4.43729e-06 7.05859e-06 1.09054e-05 1.63906e-05 2.40025e-05 3.42999e-05 4.79002e-05 6.54635e-05 8.76718e-05 0.000115206 0.000148719 0.000188813 0.000236016 0.000290759 0.000353359 0.000424011 0.000502772 0.000589561 0.000684157 0.000786199 0.000895193 0.00101051 0.00113142 0.00125706 0.00138648 0.00151863 0.00165241 0.00178664 0.00192009 0.0020515 0.00217962 0.00230318 0.00242092 0.00253164 0.00263419 0.00272747 0.00281049 0.00288234 0.00294225 0.00298954 0.00302371 0.00304436 0.00305127 0.00304436 0.00302371 0.00298954 0.00294225 0.00288234 0.00281049 0.00272747 0.00263419 0.00253164 0.00242092 0.00230318 0.00217962 0.0020515 0.00192009 0.00178664 0.00165241 0.00151863 0.00138648 0.00125706 0.00113142 0.00101051 0.000895193 0.000786199 0.000684157 0.000589561 0.000502772 0.000424011 0.000353359 0.000290759 0.000236016 0.000188813 0.000148719 0.000115206 8.76718e-05 6.54635e-05 4.79002e-05 3.42999e-05 2.40025e-05 1.63906e-05 1.09054e-05 7.05859e-06 4.43729e-06 2.70471e-06 1.59586e-06 9.09915e-07 5.0049e-07 2.65121e-07 1.35027e-07 6.60122e-08 3.09296e-08 1.38683e-08 5.94246e-09 2.43015e-09 9.47329e-10 3.51635e-10 1.24157e-10 4.16628e-11 1.32762e-11 4.01446e-12 1.15115e-12 3.12842e-13 8.0534e-14 1.9628e-14 4.52703e-15 9.87629e-16 2.03717e-16 3.97117e-17 7.31259e-18 1.27139e-18 2.08601e-19 3.22812e-20 4.7089e-21 6.47058e-22 8.36967e-23 1.01829e-23 1.16425e-24 1.24971e-25 1.25803e-26 1.18622e-27 1.04625e-28 8.61891e-30 6.62027e-31 4.73237e-32 3.14144e-33 1.93186e-34 1.09755e-35 5.74275e-37 2.75741e-38 1.20997e-39 4.82902e-41 1.74304e-42 5.65227e-44 1.63355e-45 4.1667e-47 9.26682e-49 1.76941e-50 2.84213e-52 3.73457e-54 2.0114e-56 
0 3.50813e-54 2.69716e-52 1.69647e-50 8.97741e-49 4.07905e-47 1.61619e-45 5.65227e-44 1.76195e-42 4.93491e-41 1.25019e-39 2.88092e-38 6.06772e-37 1.17288e-35 2.08821e-34 3.43514e-33 5.23549e-32 7.41078e-31 9.76326e-30 1.19943e-28 1.37639e-27 1.47758e-26 1.48589e-25 1.40144e-24 1.24104e-23 1.03285e-22 8.08559e-22 5.95863e-21 4.13665e-20 2.70704e-19 1.67084e-18 9.73188e-18 5.35172e-17 2.77984e-16 1.36446e-15 6.33136e-15 2.77845e-14 1.1536e-13 4.53352e-13 1.6871e-12 5.94815e-12 1.98787e-11 6.30107e-11 1.89562e-10 5.41652e-10 1.47125e-09 3.80239e-09 9.36018e-09 2.19721e-08 4.92455e-08 1.05527e-07 2.16523e-07 4.26049e-07 8.05268e-07 1.46446e-06 2.56698e-06 4.34447e-06 7.11184e-06 1.12803e-05 1.7366e-05 2.59932e-05 3.78894e-05 5.38727e-05 7.48314e-05 0.000101697 0.000135413 0.000176898 0.000227017 0.000286543 0.000356137 0.000436318 0.000527453 0.000629742 0.000743212 0.000867722 0.00100296 0.00114843 0.00130351 0.00146738 0.00163912 0.00181764 0.00200174 0.0021901 0.00238128 0.00257379 0.00276603 0.00295636 0.0031431 0.00332457 0.00349906 0.00366493 0.00382057 0.00396442 0.00409507 0.00421117 0.00431153 0.00439512 0.00446107 0.00450868 0.00453745 0.00454707 0.00453745 0.00450868 0.00446107 0.00439512 0.00431153 0.00421117 0.00409507 0.00396442 0.00382057 0.00366493 0.00349906 0.00332457 0.0031431 0.00295636 0.00276603 0.00257379 0.00238128 0.0021901 0.00200174 0.00181764 0.00163912 0.00146738 0.00130351 0.00114843 0.00100296 0.000867722 0.000743212 0.000629742 0.000527453 0.000436318 0.000356137 0.000286543 0.000227017 0.000176898 0.000135413 0.000101697 7.48314e-05 5.38727e-05 3.78894e-05 2.59932e-05 1.7366e-05 1.12803e-05 7.11184e-06 4.34447e-06 2.56698e-06 1.46446e-06 8.05268e-07 4.26049e-07 2.16523e-07 1.05527e-07 4.92455e-08 2.19721e-08 9.36018e-09 3.80239e-09 1.47125e-09 5.41652e-10 1.89562e-10 6.30107e-11 1.98787e-11 5.94815e-12 1.6871e-12 4.53352e-13 1.1536e-13 2.77845e-14 6.33136e-15 1.36446e-15 2.77984e-16 5.35172e-17 9.73188e-18 1.67084e-18 2.70704e-19 4.13665e-20 5.95863e-21 8.08559e-22 1.03285e-22 1.24104e-23 1.40144e-24 1.48589e-25 1.47758e-26 1.37639e-27 1.19943e-28 9.76326e-30 7.41078e-31 5.23549e-32 3.43514e-33 2.08821e-34 1.17288e-35 6.06772e-37 2.88092e-38 1.25019e-39 4.93491e-41 1.76195e-42 5.65227e-44 1.61619e-45 4.07905e-47 8.97741e-49 1.69647e-50 2.69699e-52 1.84764e-54 
0 2.50618e-52 1.59265e-50 8.51494e-49 3.90923e-47 1.56521e-45 5.53218e-44 1.74304e-42 4.93491e-41 1.26389e-39 2.94472e-38 6.27142e-37 1.22594e-35 2.20755e-34 3.67323e-33 5.66337e-32 8.11036e-31 1.08112e-29 1.34401e-28 1.56084e-27 1.69589e-26 1.72624e-25 1.64813e-24 1.47754e-23 1.24497e-22 9.86792e-22 7.36332e-21 5.17611e-20 3.42994e-19 2.14371e-18 1.26433e-17 7.03999e-17 3.70242e-16 1.83982e-15 8.64176e-15 3.83821e-14 1.61255e-13 6.41091e-13 2.4128e-12 8.60008e-12 2.90449e-11 9.29934e-11 2.82429e-10 8.14207e-10 2.22979e-09 5.80596e-09 1.43877e-08 3.397e-08 7.65087e-08 1.64595e-07 3.3872e-07 6.67809e-07 1.26346e-06 2.29776e-06 4.02392e-06 6.79793e-06 1.10987e-05 1.75441e-05 2.68988e-05 4.00731e-05 5.81092e-05 8.21574e-05 0.000113441 0.000153215 0.000202719 0.000263134 0.000335542 0.000420884 0.000519941 0.000633307 0.000761386 0.000904377 0.00106228 0.00123491 0.00142186 0.00162257 0.00183627 0.00206201 0.00229869 0.002545 0.00279948 0.00306053 0.00332637 0.00359511 0.00386472 0.00413309 0.00439804 0.00465733 0.00490871 0.00514993 0.00537879 0.00559317 0.00579103 0.00597047 0.00612975 0.0062673 0.00638177 0.00647201 0.00653713 0.00657646 0.00658962 0.00657646 0.00653713 0.00647201 0.00638177 0.0062673 0.00612975 0.00597047 0.00579103 0.00559317 0.00537879 0.00514993 0.00490871 0.00465733 0.00439804 0.00413309 0.00386472 0.00359511 0.00332637 0.00306053 0.00279948 0.002545 0.00229869 0.00206201 0.00183627 0.00162257 0.00142186 0.00123491 0.00106228 0.000904377 0.000761386 0.000633307 0.000519941 0.000420884 0.000335542 0.000263134 0.000202719 0.000153215 0.000113441 8.21574e-05 5.81092e-05 4.00731e-05 2.68988e-05 1.75441e-05 1.10987e-05 6.79793e-06 4.02392e-06 2.29776e-06 1.26346e-06 6.67809e-07 3.3872e-07 1.64595e-07 7.65087e-08 3.397e-08 1.43877e-08 5.80596e-09 2.22979e-09 8.14207e-10 2.82429e-10 9.29934e-11 2.90449e-11 8.60008e-12 2.4128e-12 6.41091e-13 1.61255e-13 3.83821e-14 8.64176e-15 1.83982e-15 3.70242e-16 7.03999e-17 1.26433e-17 2.14371e-18 3.42994e-19 5.17611e-20 7.36332e-21 9.86792e-22 1.24497e-22 1.47754e-23 1.64813e-24 1.72624e-25 1.69589e-26 1.56084e-27 1.34401e-28 1.08112e-29 8.11036e-31 5.66337e-32 3.67323e-33 2.20755e-34 1.22594e-35 6.27142e-37 2.94472e-38 1.26389e-39 4.93491e-41 1.74304e-42 5.53218e-44 1.56521e-45 3.90923e-47 8.51494e-49 1.5925e-50 1.33257e-52 
0 1.46372e-50 7.9071e-49 3.66763e-47 1.48378e-45 5.29958e-44 1.68751e-42 4.82902e-41 1.25019e-39 2.94472e-38 6.34083e-37 1.25336e-35 2.28239e-34 3.84102e-33 5.99016e-32 8.67789e-31 1.17032e-29 1.47207e-28 1.72992e-27 1.90215e-26 1.9596e-25 1.89373e-24 1.71852e-23 1.46587e-22 1.17627e-21 8.88639e-21 6.32473e-20 4.24348e-19 2.68535e-18 1.60359e-17 9.04039e-17 4.81348e-16 2.42141e-15 1.15124e-14 5.17485e-14 2.1999e-13 8.84762e-13 3.36759e-12 1.21351e-11 4.14169e-11 1.33945e-10 4.10691e-10 1.19457e-09 3.2985e-09 8.65325e-09 2.15871e-08 5.1264e-08 1.16021e-07 2.50566e-07 5.17113e-07 1.02138e-06 1.93389e-06 3.51616e-06 6.15e-06 1.0367e-05 1.68738e-05 2.65695e-05 4.05492e-05 6.0093e-05 8.66379e-05 0.000121735 0.000166997 0.000224036 0.000294406 0.00037955 0.000480753 0.00059911 0.00073551 0.000890622 0.0010649 0.00125856 0.00147165 0.00170397 0.00195513 0.00222454 0.00251139 0.00281466 0.00313308 0.00346518 0.00380924 0.00416332 0.00452526 0.00489268 0.00526303 0.0056336 0.00600154 0.00636393 0.00671779 0.00706013 0.00738797 0.00769843 0.00798872 0.00825621 0.00849844 0.00871317 0.00889839 0.00905238 0.00917368 0.00926115 0.00931397 0.00933163 0.00931397 0.00926115 0.00917368 0.00905238 0.00889839 0.00871317 0.00849844 0.00825621 0.00798872 0.00769843 0.00738797 0.00706013 0.00671779 0.00636393 0.00600154 0.0056336 0.00526303 0.00489268 0.00452526 0.00416332 0.00380924 0.00346518 0.00313308 0.00281466 0.00251139 0.00222454 0.00195513 0.00170397 0.00147165 0.00125856 0.0010649 0.000890622 0.00073551 0.00059911 0.000480753 0.00037955 0.000294406 0.000224036 0.000166997 0.000121735 8.66379e-05 6.0093e-05 4.05492e-05 2.65695e-05 1.68738e-05 1.0367e-05 6.15e-06 3.51616e-06 1.93389e-06 1.02138e-06 5.17113e-07 2.50566e-07 1.16021e-07 5.1264e-08 2.15871e-08 8.65325e-09 3.2985e-09 1.19457e-09 4.10691e-10 1.33945e-10 4.14169e-11 1.21351e-11 3.36759e-12 8.84762e-13 2.1999e-13 5.17485e-14 1.15124e-14 2.42141e-15 4.81348e-16 9.04039e-17 1.60359e-17 2.68535e-18 4.24348e-19 6.32473e-20 8.88639e-21 1.17627e-21 1.46587e-22 1.71852e-23 1.89373e-24 1.9596e-25 1.90215e-26 1.72992e-27 1.47207e-28 1.17032e-29 8.67789e-31 5.99016e-32 3.84102e-33 2.28239e-34 1.25336e-35 6.34083e-37 2.94472e-38 1.25019e-39 4.82902e-41 1.68751e-42 5.29958e-44 1.48378e-45 3.66763e-47 7.90605e-49 7.8585e-51 
0 7.18668e-49 3.36848e-47 1.37682e-45 4.96883e-44 1.59885e-42 4.62399e-41 1.20997e-39 2.88092e-38 6.27142e-37 1.25336e-35 2.3079e-34 3.92776e-33 6.19518e-32 9.07805e-31 1.23848e-29 1.57603e-28 1.87394e-27 2.08501e-26 2.17373e-25 2.126e-24 1.95274e-23 1.68601e-22 1.36955e-21 1.04743e-20 7.5472e-20 5.12654e-19 3.28449e-18 1.98574e-17 1.13336e-16 6.10901e-16 3.11085e-15 1.49702e-14 6.81001e-14 2.92929e-13 1.19178e-12 4.58756e-12 1.6713e-11 5.76457e-11 1.88319e-10 5.82956e-10 1.7109e-09 4.76352e-09 1.25911e-08 3.16222e-08 7.55326e-08 1.71777e-07 3.72408e-07 7.70707e-07 1.52485e-06 2.88892e-06 5.25007e-06 9.16867e-06 1.54163e-05 2.50054e-05 3.92031e-05 5.95257e-05 8.77095e-05 0.00012566 0.000175385 0.000238917 0.000318236 0.0004152 0.000531492 0.000668585 0.000827718 0.0010099 0.00121592 0.00144634 0.00170152 0.00198165 0.00228667 0.00261633 0.00297016 0.00334738 0.00374698 0.00416759 0.00460754 0.00506481 0.00553704 0.00602156 0.00651538 0.00701523 0.00751761 0.00801885 0.00851512 0.00900252 0.00947713 0.00993504 0.0103724 0.0107856 0.011171 0.0115254 0.0118456 0.012129 0.0123731 0.0125758 0.0127352 0.0128501 0.0129195 0.0129427 0.0129195 0.0128501 0.0127352 0.0125758 0.0123731 0.012129 0.0118456 0.0115254 0.011171 0.0107856 0.0103724 0.00993504 0.00947713 0.00900252 0.00851512 0.00801885 0.00751761 0.00701523 0.00651538 0.00602156 0.00553704 0.00506481 0.00460754 0.00416759 0.00374698 0.00334738 0.00297016 0.00261633 0.00228667 0.00198165 0.00170152 0.00144634 0.00121592 0.0010099 0.000827718 0.000668585 0.000531492 0.0004152 0.000318236 0.000238917 0.000175385 0.00012566 8.77095e-05 5.95257e-05 3.92031e-05 2.50054e-05 1.54163e-05 9.16867e-06 5.25007e-06 2.88892e-06 1.52485e-06 7.70707e-07 3.72408e-07 1.71777e-07 7.55326e-08 3.16222e-08 1.25911e-08 4.76352e-09 1.7109e-09 5.82956e-10 1.88319e-10 5.76457e-11 1.6713e-11 4.58756e-12 1.19178e-12 2.92929e-13 6.81001e-14 1.49702e-14 3.11085e-15 6.10901e-16 1.13336e-16 1.98574e-17 3.28449e-18 5.12654e-19 7.5472e-20 1.04743e-20 1.36955e-21 1.68601e-22 1.95274e-23 2.126e-24 2.17373e-25 2.08501e-26 1.87394e-27 1.57603e-28 1.23848e-29 9.07805e-31 6.19518e-32 3.92776e-33 2.3079e-34 1.25336e-35 6.27142e-37 2.88092e-38 1.20997e-39 4.62399e-41 1.59885e-42 4.96883e-44 1.37682e-45 3.36788e-47 3.89656e-49 
0 3.02735e-47 1.25051e-45 4.55961e-44 1.48248e-42 4.33259e-41 1.14579e-39 2.75741e-38 6.06772e-37 1.22594e-35 2.28239e-34 3.92776e-33 6.26506e-32 9.28497e-31 1.28126e-29 1.64937e-28 1.98406e-27 2.23355e-26 2.35625e-25 2.33209e-24 2.16784e-23 1.89442e-22 1.5576e-21 1.20583e-20 8.79541e-20 6.04806e-19 3.92275e-18 2.4009e-17 1.38721e-16 7.56922e-16 3.90152e-15 1.90028e-14 8.74808e-14 3.80742e-13 1.56702e-12 6.10034e-12 2.24689e-11 7.83228e-11 2.58473e-10 8.07854e-10 2.39243e-09 6.71696e-09 1.789e-08 4.52357e-08 1.08685e-07 2.48383e-07 5.40558e-07 1.12177e-06 2.22301e-06 4.2136e-06 7.65226e-06 1.334e-05 2.23661e-05 3.61386e-05 5.63891e-05 8.51473e-05 0.000124685 0.000177432 0.000245882 0.000332488 0.000439577 0.000569283 0.000723506 0.0009039 0.00111189 0.00134867 0.00161528 0.00191256 0.00224121 0.00260175 0.00299449 0.00341948 0.00387649 0.00436489 0.00488366 0.00543132 0.0060059 0.00660493 0.00722546 0.00786406 0.00851691 0.00917978 0.00984816 0.0105173 0.0111822 0.011838 0.0124796 0.0131019 0.0137002 0.0142696 0.0148058 0.0153044 0.0157615 0.0161737 0.0165376 0.0168503 0.0171096 0.0173134 0.01746 0.0175485 0.017578 0.0175485 0.01746 0.0173134 0.0171096 0.0168503 0.0165376 0.0161737 0.0157615 0.0153044 0.0148058 0.0142696 0.0137002 0.0131019 0.0124796 0.011838 0.0111822 0.0105173 0.00984816 0.00917978 0.00851691 0.00786406 0.00722546 0.00660493 0.0060059 0.00543132 0.00488366 0.00436489 0.00387649 0.00341948 0.00299449 0.00260175 0.00224121 0.00191256 0.00161528 0.00134867 0.00111189 0.0009039 0.000723506 0.000569283 0.000439577 0.000332488 0.000245882 0.000177432 0.000124685 8.51473e-05 5.63891e-05 3.61386e-05 2.23661e-05 1.334e-05 7.65226e-06 4.2136e-06 2.22301e-06 1.12177e-06 5.40558e-07 2.48383e-07 1.08685e-07 4.52357e-08 1.789e-08 6.71696e-09 2.39243e-09 8.07854e-10 2.58473e-10 7.83228e-11 2.24689e-11 6.10034e-12 1.56702e-12 3.80742e-13 8.74808e-14 1.90028e-14 3.90152e-15 7.56922e-16 1.38721e-16 2.4009e-17 3.92275e-18 6.04806e-19 8.79541e-20 1.20583e-20 1.5576e-21 1.89442e-22 2.16784e-23 2.33209e-24 2.35625e-25 2.23355e-26 1.98406e-27 1.64937e-28 1.28126e-29 9.28497e-31 6.26506e-32 3.92776e-33 2.28239e-34 1.22594e-35 6.06772e-37 2.75741e-38 1.14579e-39 4.33259e-41 1.48248e-42 4.55961e-44 1.25022e-45 1.65789e-47 
0 1.11116e-45 4.09499e-44 1.34517e-42 3.97233e-41 1.06159e-39 2.58197e-38 5.74275e-37 1.17288e-35 2.20755e-34 3.84102e-33 6.19518e-32 9.28497e-31 1.29585e-29 1.68731e-28 2.05321e-27 2.33839e-26 2.49589e-25 2.49961e-24 2.35132e-23 2.07947e-22 1.73043e-21 1.35591e-20 1.00108e-19 6.96814e-19 4.57496e-18 2.83447e-17 1.65782e-16 9.1564e-16 4.77709e-15 2.35485e-14 1.09705e-13 4.83103e-13 2.01138e-12 7.91905e-12 2.94898e-11 1.03893e-10 3.46369e-10 1.09311e-09 3.26682e-09 9.24965e-09 2.48259e-08 6.32058e-08 1.52766e-07 3.50854e-07 7.66529e-07 1.59507e-06 3.16592e-06 6.00303e-06 1.0893e-05 1.89513e-05 3.16749e-05 5.09662e-05 7.9119e-05 0.000118761 0.000172759 0.000244096 0.000335741 0.000450539 0.000591121 0.000759866 0.000958894 0.0011901 0.00145521 0.0017558 0.00209339 0.00246938 0.00288508 0.00334162 0.00383986 0.00438032 0.00496307 0.0055876 0.0062528 0.00695685 0.00769726 0.00847082 0.00927367 0.0101013 0.0109488 0.0118107 0.0126812 0.0135542 0.0144235 0.0152829 0.0161261 0.016947 0.0177396 0.0184981 0.0192171 0.0198915 0.0205165 0.0210877 0.0216012 0.0220534 0.0224412 0.0227622 0.023014 0.0231951 0.0233042 0.0233407 0.0233042 0.0231951 0.023014 0.0227622 0.0224412 0.0220534 0.0216012 0.0210877 0.0205165 0.0198915 0.0192171 0.0184981 0.0177396 0.016947 0.0161261 0.0152829 0.0144235 0.0135542 0.0126812 0.0118107 0.0109488 0.0101013 0.00927367 0.00847082 0.00769726 0.00695685 0.0062528 0.0055876 0.00496307 0.00438032 0.00383986 0.00334162 0.00288508 0.00246938 0.00209339 0.0017558 0.00145521 0.0011901 0.000958894 0.000759866 0.000591121 0.000450539 0.000335741 0.000244096 0.000172759 0.000118761 7.9119e-05 5.09662e-05 3.16749e-05 1.89513e-05 1.0893e-05 6.00303e-06 3.16592e-06 1.59507e-06 7.66529e-07 3.50854e-07 1.52766e-07 6.32058e-08 2.48259e-08 9.24965e-09 3.26682e-09 1.09311e-09 3.46369e-10 1.03893e-10 2.94898e-11 7.91905e-12 2.01138e-12 4.83103e-13 1.09705e-13 2.35485e-14 4.77709e-15 9.1564e-16 1.65782e-16 2.83447e-17 4.57496e-18 6.96814e-19 1.00108e-19 1.35591e-20 1.73043e-21 2.07947e-22 2.35132e-23 2.49961e-24 2.49589e-25 2.33839e-26 2.05321e-27 1.68731e-28 1.29585e-29 9.28497e-31 6.19518e-32 3.84102e-33 2.20755e-34 1.17288e-35 5.74275e-37 2.58197e-38 1.06159e-39 3.97233e-41 1.34517e-42 4.0938e-44 6.14727e-46 
0 3.59702e-44 1.19444e-42 3.5637e-41 9.62326e-40 2.36524e-38 5.31673e-37 1.09755e-35 2.08821e-34 3.67323e-33 5.99016e-32 9.07805e-31 1.28126e-29 1.68731e-28 2.07678e-27 2.39264e-26 2.58361e-25 2.6179e-24 2.49178e-23 2.22998e-22 1.87795e-21 1.48926e-20 1.11287e-19 7.84048e-19 5.21048e-18 3.26764e-17 1.93449e-16 1.08147e-15 5.71072e-15 2.84902e-14 1.34312e-13 5.98441e-13 2.5205e-12 1.00364e-11 3.77885e-11 1.34558e-10 4.53227e-10 1.44438e-09 4.35653e-09 1.24409e-08 3.36531e-08 8.62794e-08 2.09801e-07 4.84278e-07 1.06221e-06 2.21651e-06 4.40624e-06 8.35747e-06 1.5151e-05 2.63019e-05 4.38129e-05 7.01827e-05 0.000108358 0.000161631 0.000233491 0.00032746 0.000446945 0.00059512 0.000774884 0.000988865 0.00123948 0.00152904 0.0018598 0.00223406 0.00265416 0.00312243 0.00364108 0.00421208 0.00483701 0.00551683 0.0062518 0.00704132 0.00788386 0.00877691 0.00971705 0.0106999 0.0117204 0.0127726 0.01385 0.0149457 0.0160525 0.017163 0.0182694 0.0193643 0.0204402 0.0214898 0.0225062 0.0234825 0.0244126 0.0252903 0.0261103 0.0268675 0.0275572 0.0281754 0.0287185 0.0291833 0.0295672 0.029868 0.0300841 0.0302142 0.0302576 0.0302142 0.0300841 0.029868 0.0295672 0.0291833 0.0287185 0.0281754 0.0275572 0.0268675 0.0261103 0.0252903 0.0244126 0.0234825 0.0225062 0.0214898 0.0204402 0.0193643 0.0182694 0.017163 0.0160525 0.0149457 0.01385 0.0127726 0.0117204 0.0106999 0.00971705 0.00877691 0.00788386 0.00704132 0.0062518 0.00551683 0.00483701 0.00421208 0.00364108 0.00312243 0.00265416 0.00223406 0.0018598 0.00152904 0.00123948 0.000988865 0.000774884 0.00059512 0.000446945 0.00032746 0.000233491 0.000161631 0.000108358 7.01827e-05 4.38129e-05 2.63019e-05 1.5151e-05 8.35747e-06 4.40624e-06 2.21651e-06 1.06221e-06 4.84278e-07 2.09801e-07 8.62794e-08 3.36531e-08 1.24409e-08 4.35653e-09 1.44438e-09 4.53227e-10 1.34558e-10 3.77885e-11 1.00364e-11 2.5205e-12 5.98441e-13 1.34312e-13 2.84902e-14 5.71072e-15 1.08147e-15 1.93449e-16 3.26764e-17 5.21048e-18 7.84048e-19 1.11287e-19 1.48926e-20 1.87795e-21 2.22998e-22 2.49178e-23 2.6179e-24 2.58361e-25 2.39264e-26 2.07678e-27 1.68731e-28 1.28126e-29 9.07805e-31 5.99016e-32 3.67323e-33 2.08821e-34 1.09755e-35 5.31673e-37 2.36524e-38 9.62326e-40 3.5637e-41 1.19402e-42 2.01064e-44 
0 1.03705e-42 3.12826e-41 8.53483e-40 2.11964e-38 4.81495e-37 1.00456e-35 1.93186e-34 3.43514e-33 5.66337e-32 8.67789e-31 1.23848e-29 1.64937e-28 2.05321e-27 2.39264e-26 2.61352e-25 2.67912e-24 2.58003e-23 2.3363e-22 1.99093e-21 1.59778e-20 1.20834e-19 8.61602e-19 5.79532e-18 3.67855e-17 2.20422e-16 1.24721e-15 6.66558e-15 3.36538e-14 1.60547e-13 7.23773e-13 3.0838e-12 1.24193e-11 4.72808e-11 1.70175e-10 5.79147e-10 1.86397e-09 5.67468e-09 1.63464e-08 4.45702e-08 1.15085e-07 2.81583e-07 6.53341e-07 1.43886e-06 3.01107e-06 5.99537e-06 1.13751e-05 2.06008e-05 3.56803e-05 5.92248e-05 9.44263e-05 0.000144959 0.000214812 0.000308085 0.000428789 0.000580692 0.000767248 0.000991621 0.00125678 0.00156565 0.00192124 0.00232677 0.00278568 0.00330157 0.00387801 0.00451838 0.00522557 0.00600175 0.00684813 0.00776477 0.00875052 0.00980294 0.0109183 0.0120919 0.0133176 0.0145887 0.0158977 0.0172365 0.0185965 0.0199689 0.0213448 0.0227153 0.0240716 0.0254052 0.0267076 0.0279711 0.0291879 0.0303511 0.031454 0.0324905 0.033455 0.0343424 0.0351483 0.0358685 0.0364997 0.0370387 0.0374831 0.0378308 0.0380802 0.0382304 0.0382805 0.0382304 0.0380802 0.0378308 0.0374831 0.0370387 0.0364997 0.0358685 0.0351483 0.0343424 0.033455 0.0324905 0.031454 0.0303511 0.0291879 0.0279711 0.0267076 0.0254052 0.0240716 0.0227153 0.0213448 0.0199689 0.0185965 0.0172365 0.0158977 0.0145887 0.0133176 0.0120919 0.0109183 0.00980294 0.00875052 0.00776477 0.00684813 0.00600175 0.00522557 0.00451838 0.00387801 0.00330157 0.00278568 0.00232677 0.00192124 0.00156565 0.00125678 0.000991621 0.000767248 0.000580692 0.000428789 0.000308085 0.000214812 0.000144959 9.44263e-05 5.92248e-05 3.56803e-05 2.06008e-05 1.13751e-05 5.99537e-06 3.01107e-06 1.43886e-06 6.53341e-07 2.81583e-07 1.15085e-07 4.45702e-08 1.63464e-08 5.67468e-09 1.86397e-09 5.79147e-10 1.70175e-10 4.72808e-11 1.24193e-11 3.0838e-12 7.23773e-13 1.60547e-13 3.36538e-14 6.66558e-15 1.24721e-15 2.20422e-16 3.67855e-17 5.79532e-18 8.61602e-19 1.20834e-19 1.59778e-20 1.99093e-21 2.3363e-22 2.58003e-23 2.67912e-24 2.61352e-25 2.39264e-26 2.05321e-27 1.64937e-28 1.23848e-29 8.67789e-31 5.66337e-32 3.43514e-33 1.93186e-34 1.00456e-35 4.81495e-37 2.11964e-38 8.53482e-40 3.12692e-41 5.85805e-43 
0 2.68422e-41 7.40559e-40 1.85824e-38 4.2653e-37 8.99289e-36 1.74786e-34 3.14144e-33 5.23549e-32 8.11036e-31 1.17032e-29 1.57603e-28 1.98406e-27 2.33839e-26 2.58361e-25 2.67912e-24 2.61014e-23 2.39134e-22 2.06194e-21 1.67447e-20 1.28149e-19 9.24741e-19 6.29502e-18 4.04403e-17 2.45254e-16 1.40449e-15 7.59667e-15 3.88152e-14 1.87376e-13 8.5469e-13 3.68397e-12 1.5006e-11 5.77667e-11 2.10174e-10 7.22768e-10 2.34952e-09 7.22073e-09 2.09842e-08 5.76811e-08 1.50027e-07 3.69422e-07 8.61733e-07 1.90581e-06 4.0002e-06 7.97834e-06 1.51427e-05 2.73962e-05 4.73375e-05 7.82865e-05 0.000124212 0.000189561 0.000279015 0.000397228 0.000548612 0.000737221 0.000966772 0.00124078 0.0015628 0.0019366 0.0023664 0.00285688 0.00341309 0.00404026 0.00474345 0.00552719 0.00639509 0.00734952 0.0083914 0.00952003 0.0107331 0.0120266 0.0133953 0.0148324 0.0163301 0.0178799 0.0194724 0.0210979 0.0227461 0.0244068 0.0260698 0.0277249 0.029362 0.0309716 0.0325444 0.0340715 0.0355448 0.0369564 0.0382991 0.0395665 0.0407526 0.0418519 0.0428598 0.043772 0.0445849 0.0452954 0.0459008 0.046399 0.0467883 0.0470672 0.0472349 0.0472909 0.0472349 0.0470672 0.0467883 0.046399 0.0459008 0.0452954 0.0445849 0.043772 0.0428598 0.0418519 0.0407526 0.0395665 0.0382991 0.0369564 0.0355448 0.0340715 0.0325444 0.0309716 0.029362 0.0277249 0.0260698 0.0244068 0.0227461 0.0210979 0.0194724 0.0178799 0.0163301 0.0148324 0.0133953 0.0120266 0.0107331 0.00952003 0.0083914 0.00734952 0.00639509 0.00552719 0.00474345 0.00404026 0.00341309 0.00285688 0.0023664 0.0019366 0.0015628 0.00124078 0.000966772 0.000737221 0.000548612 0.000397228 0.000279015 0.000189561 0.000124212 7.82865e-05 4.73375e-05 2.73962e-05 1.51427e-05 7.97834e-06 4.0002e-06 1.90581e-06 8.61733e-07 3.69422e-07 1.50027e-07 5.76811e-08 2.09842e-08 7.22073e-09 2.34952e-09 7.22768e-10 2.10174e-10 5.77667e-11 1.5006e-11 3.68397e-12 8.5469e-13 1.87376e-13 3.88152e-14 7.59667e-15 1.40449e-15 2.45254e-16 4.04403e-17 6.29502e-18 9.24741e-19 1.28149e-19 1.67447e-20 2.06194e-21 2.39134e-22 2.61014e-23 2.67912e-24 2.58361e-25 2.33839e-26 1.98406e-27 1.57603e-28 1.17032e-29 8.11036e-31 5.23549e-32 3.14144e-33 1.74786e-34 8.99289e-36 4.2653e-37 1.85824e-38 7.40181e-40 1.53255e-41 
0 6.27909e-40 1.5936e-38 3.69578e-37 7.87371e-36 1.54652e-34 2.80926e-33 4.73237e-32 7.41078e-31 1.08112e-29 1.47207e-28 1.87394e-27 2.23355e-26 2.49589e-25 2.6179e-24 2.58003e-23 2.39134e-22 2.08616e-21 1.71417e-20 1.32747e-19 9.69374e-19 6.67801e-18 4.34168e-17 2.66478e-16 1.54442e-15 8.45401e-15 4.37134e-14 2.13536e-13 9.85507e-13 4.29736e-12 1.77053e-11 6.89237e-11 2.53509e-10 8.81014e-10 2.89298e-09 8.97652e-09 2.6322e-08 7.29551e-08 1.91179e-07 4.73852e-07 1.11147e-06 2.46898e-06 5.1987e-06 1.03879e-05 1.97249e-05 3.56517e-05 6.14559e-05 0.000101257 0.000159862 0.0002425 0.000354495 0.00050096 0.000686607 0.000915732 0.00119239 0.00152068 0.00190511 0.00235089 0.00286399 0.00345109 0.00411928 0.0048756 0.00572649 0.0066773 0.00773182 0.00889196 0.0101576 0.0115267 0.012995 0.0145568 0.0162047 0.0179299 0.0197229 0.0215732 0.0234697 0.025401 0.0273555 0.0293214 0.031287 0.0332409 0.0351719 0.0370693 0.0389227 0.0407225 0.0424598 0.0441262 0.0457141 0.0472168 0.048628 0.0499426 0.0511557 0.0522634 0.0532622 0.0541493 0.0549224 0.0555794 0.0561188 0.0565396 0.0568407 0.0570216 0.0570819 0.0570216 0.0568407 0.0565396 0.0561188 0.0555794 0.0549224 0.0541493 0.0532622 0.0522634 0.0511557 0.0499426 0.048628 0.0472168 0.0457141 0.0441262 0.0424598 0.0407225 0.0389227 0.0370693 0.0351719 0.0332409 0.031287 0.0293214 0.0273555 0.025401 0.0234697 0.0215732 0.0197229 0.0179299 0.0162047 0.0145568 0.012995 0.0115267 0.0101576 0.00889196 0.00773182 0.0066773 0.00572649 0.0048756 0.00411928 0.00345109 0.00286399 0.00235089 0.00190511 0.00152068 0.00119239 0.000915732 0.000686607 0.00050096 0.000354495 0.0002425 0.000159862 0.000101257 6.14559e-05 3.56517e-05 1.97249e-05 1.03879e-05 5.1987e-06 2.46898e-06 1.11147e-06 4.73852e-07 1.91179e-07 7.29551e-08 2.6322e-08 8.97652e-09 2.89298e-09 8.81014e-10 2.53509e-10 6.89237e-11 1.77053e-11 4.29736e-12 9.85507e-13 2.13536e-13 4.37134e-14 8.45401e-15 1.54442e-15 2.66478e-16 4.34168e-17 6.67801e-18 9.69374e-19 1.32747e-19 1.71417e-20 2.08616e-21 2.39134e-22 2.58003e-23 2.6179e-24 2.49589e-25 2.23355e-26 1.87394e-27 1.47207e-28 1.08112e-29 7.41078e-31 4.73237e-32 2.80926e-33 1.54652e-34 7.87371e-36 3.69578e-37 1.59264e-38 3.62426e-40 
