0 0 0 0 0 0 0 0 0 0 0 0 0 0 0 0 0 0 0 0 0 0 0 0 0 0 0 0 0 0 0 0 0 0 0 0 0 0 0 0 0 0 0 0 0 0 0 0 0 0 0 0 0 0 0 0 0 0 0 0 0 0 0 0 0 0 0 0 0 0 0 0 0 0 0 0 0 0 0 0 0 0 0 0 0 0 0 0 0 0 0 0 0 0 0 0 0 0 0 0 0 0 0 0 0 0 0 0 0 0 0 0 0 0 0 0 0 0 0 0 0 0 0 0 0 0 0 0 0 0 0 0 0 0 0 0 0 0 0 0 0 0 0 0 0 0 0 0 0 0 0 0 0 0 0 0 0 0 0 0 0 0 0 0 0 0 0 0 0 0 0 0 0 0 0 0 0 0 0 0 0 0 0 0 0 0 0 0 0 0 0 0 0 0 0 0 0 0 0 0 
0 0 0 0 0 0 0 0 0 1.20438e-61 4.39123e-59 7.85548e-57 9.19073e-55 7.90957e-53 5.33939e-51 2.94424e-49 1.36367e-47 5.41408e-46 1.87125e-44 5.69896e-43 1.54434e-41 3.75355e-40 8.2372e-39 1.64131e-37 2.98369e-36 4.96885e-35 7.60763e-34 1.07421e-32 1.4027e-31 1.69797e-30 1.9095e-29 1.99878e-28 1.9508e-27 1.778e-26 1.51541e-25 1.20935e-24 9.04699e-24 6.351e-23 4.18786e-22 2.59627e-21 1.51456e-20 8.32064e-20 4.30827e-19 2.10406e-18 9.69956e-18 4.22395e-17 1.73899e-16 6.77389e-16 2.49867e-15 8.73562e-15 2.89737e-14 9.1259e-14 2.73258e-13 7.7874e-13 2.11475e-12 5.47932e-12 1.35638e-11 3.21243e-11 7.28978e-11 1.58735e-10 3.32178e-10 6.69079e-10 1.29916e-09 2.43556e-09 4.41512e-09 7.75075e-09 1.31958e-08 2.18189e-08 3.50857e-08 5.49413e-08 8.38856e-08 1.25032e-07 1.82136e-07 2.5959e-07 3.62367e-07 4.95908e-07 6.65961e-07 8.78355e-07 1.13873e-06 1.45224e-06 1.82319e-06 2.25475e-06 2.7486e-06 3.30466e-06 3.92086e-06 4.59301e-06 5.31468e-06 6.07727e-06 6.87012e-06 7.68071e-06 8.495e-06 9.29778e-06 1.00731e-05 1.08049e-05 1.14772e-05 1.20752e-05 1.25849e-05 1.29946e-05 1.32945e-05 1.34774e-05 1.35388e-05 1.34774e-05 1.32945e-05 1.29946e-05 1.25849e-05 1.20752e-05 1.14772e-05 1.08049e-05 1.00731e-05 9.29778e-06 8.495e-06 7.68071e-06 6.87012e-06 6.07727e-06 5.31468e-06 4.59301e-06 3.92086e-06 3.30466e-06 2.7486e-06 2.25475e-06 1.82319e-06 1.45224e-06 1.13873e-06 8.78355e-07 6.65961e-07 4.95908e-07 3.62367e-07 2.5959e-07 1.82136e-07 1.25032e-07 8.38856e-08 5.49413e-08 3.50857e-08 2.18189e-08 1.31958e-08 7.75075e-09 4.41512e-09 2.43556e-09 1.29916e-09 6.69079e-10 3.32178e-10 1.58735e-10 7.28978e-11 3.21243e-11 1.35638e-11 5.47932e-12 2.11475e-12 7.7874e-13 2.73258e-13 9.1259e-14 2.89737e-14 8.73562e-15 2.49867e-15 6.77389e-16 1.73899e-16 4.22395e-17 9.69956e-18 2.10406e-18 4.30827e-19 8.32064e-20 1.51456e-20 2.59627e-21 4.18786e-22 6.351e-23 9.04699e-24 1.20935e-24 1.51541e-25 1.778e-26 1.9508e-27 1.99878e-28 1.9095e-29 1.69797e-30 1.4027e-31 1.07421e-32 7.60763e-34 4.96885e-35 2.98369e-36 1.64131e-37 8.2372e-39 3.75355e-40 1.54434e-41 5.69896e-43 1.87125e-44 5.41408e-46 1.36367e-47 2.94424e-49 5.33939e-51 7.90957e-53 9.19073e-55 7.85548e-57 4.39123e-59 1.20438e-61 0 0 0 0 0 0 0 0 
0 0 0 0 0 0 0 0 1.29602e-61 4.77727e-59 8.64112e-57 1.02237e-54 8.89877e-53 6.07641e-51 3.38975e-49 1.58856e-47 6.38237e-46 2.23262e-44 6.88281e-43 1.88828e-41 4.64711e-40 1.03277e-38 2.08432e-37 3.83832e-36 6.47626e-35 1.00476e-33 1.43786e-32 1.90314e-31 2.3355e-30 2.66304e-29 2.82678e-28 2.79814e-27 2.5869e-26 2.23677e-25 1.8111e-24 1.3748e-23 9.79417e-23 6.55459e-22 4.12442e-21 2.44222e-20 1.36193e-19 7.15827e-19 3.54867e-18 1.66053e-17 7.33953e-17 3.06661e-16 1.21213e-15 4.53623e-15 1.60865e-14 5.41052e-14 1.72762e-13 5.24244e-13 1.51347e-12 4.16178e-12 1.09141e-11 2.73322e-11 6.54543e-11 1.50108e-10 3.30151e-10 6.97478e-10 1.41751e-09 2.77571e-09 5.24509e-09 9.57922e-09 1.69343e-08 2.90207e-08 4.82817e-08 7.80906e-08 1.22954e-07 1.88704e-07 2.82649e-07 4.13675e-07 5.92248e-07 8.30319e-07 1.1411e-06 1.53869e-06 2.03761e-06 2.65216e-06 3.39575e-06 4.28009e-06 5.31441e-06 6.50469e-06 7.85295e-06 9.35665e-06 1.10083e-05 1.2795e-05 1.46988e-05 1.66964e-05 1.87599e-05 2.08572e-05 2.29528e-05 2.50088e-05 2.69859e-05 2.88449e-05 3.05474e-05 3.20571e-05 3.33412e-05 3.43713e-05 3.51243e-05 3.55831e-05 3.57372e-05 3.55831e-05 3.51243e-05 3.43713e-05 3.33412e-05 3.20571e-05 3.05474e-05 2.88449e-05 2.69859e-05 2.50088e-05 2.29528e-05 2.08572e-05 1.87599e-05 1.66964e-05 1.46988e-05 1.2795e-05 1.10083e-05 9.35665e-06 7.85295e-06 6.50469e-06 5.31441e-06 4.28009e-06 3.39575e-06 2.65216e-06 2.03761e-06 1.53869e-06 1.1411e-06 8.30319e-07 5.92248e-07 4.13675e-07 2.82649e-07 1.88704e-07 1.22954e-07 7.80906e-08 4.82817e-08 2.90207e-08 1.69343e-08 9.57922e-09 5.24509e-09 2.77571e-09 1.41751e-09 6.97478e-10 3.30151e-10 1.50108e-10 6.54543e-11 2.73322e-11 1.09141e-11 4.16178e-12 1.51347e-12 5.24244e-13 1.72762e-13 5.41052e-14 1.60865e-14 4.53623e-15 1.21213e-15 3.06661e-16 7.33953e-17 1.66053e-17 3.54867e-18 7.15827e-19 1.36193e-19 2.44222e-20 4.12442e-21 6.55459e-22 9.79417e-23 1.3748e-23 1.8111e-24 2.23677e-25 2.5869e-26 2.79814e-27 2.82678e-28 2.66304e-29 2.3355e-30 1.90314e-31 1.43786e-32 1.00476e-33 6.47626e-35 3.83832e-36 2.08432e-37 1.03277e-38 4.64711e-40 1.88828e-41 6.88281e-43 2.23262e-44 6.38237e-46 1.58856e-47 3.38975e-49 6.07641e-51 8.89877e-53 1.02237e-54 8.64112e-57 4.77727e-59 1.29602e-61 0 0 0 0 0 0 0 
0 0 0 0 0 0 0 1.3657e-61 5.08883e-59 9.3058e-57 1.11324e-54 9.79847e-53 6.76669e-51 3.81813e-49 1.81006e-47 7.35753e-46 2.60424e-44 8.12458e-43 2.25593e-41 5.6198e-40 1.26438e-38 2.5836e-37 4.81778e-36 8.23244e-35 1.29366e-33 1.87533e-32 2.51471e-31 3.12683e-30 3.61289e-29 3.88661e-28 3.89936e-27 3.65415e-26 3.20294e-25 2.6292e-24 2.02349e-23 1.4616e-22 9.91796e-22 6.32792e-21 3.79928e-20 2.14822e-19 1.14476e-18 5.75329e-18 2.72893e-17 1.22249e-16 5.17587e-16 2.07264e-15 7.85598e-15 2.82071e-14 9.60223e-14 3.10197e-13 9.5188e-13 2.77757e-12 7.71571e-12 2.04288e-11 5.16204e-11 1.24653e-10 2.88076e-10 6.38075e-10 1.35663e-09 2.773e-09 5.45786e-09 1.03601e-08 1.89958e-08 3.36961e-08 5.79154e-08 9.65934e-08 1.56555e-07 2.46924e-07 3.79502e-07 5.69092e-07 8.33682e-07 1.19447e-06 1.67568e-06 2.30411e-06 3.10845e-06 4.11833e-06 5.36312e-06 6.8706e-06 8.66545e-06 1.07677e-05 1.31914e-05 1.59428e-05 1.90199e-05 2.24109e-05 2.6094e-05 3.0037e-05 3.41978e-05 3.85247e-05 4.29575e-05 4.7429e-05 5.18662e-05 5.61927e-05 6.03305e-05 6.42019e-05 6.77322e-05 7.08514e-05 7.34967e-05 7.56136e-05 7.71583e-05 7.80983e-05 7.84138e-05 7.80983e-05 7.71583e-05 7.56136e-05 7.34967e-05 7.08514e-05 6.77322e-05 6.42019e-05 6.03305e-05 5.61927e-05 5.18662e-05 4.7429e-05 4.29575e-05 3.85247e-05 3.41978e-05 3.0037e-05 2.6094e-05 2.24109e-05 1.90199e-05 1.59428e-05 1.31914e-05 1.07677e-05 8.66545e-06 6.8706e-06 5.36312e-06 4.11833e-06 3.10845e-06 2.30411e-06 1.67568e-06 1.19447e-06 8.33682e-07 5.69092e-07 3.79502e-07 2.46924e-07 1.56555e-07 9.65934e-08 5.79154e-08 3.36961e-08 1.89958e-08 1.03601e-08 5.45786e-09 2.773e-09 1.35663e-09 6.38075e-10 2.88076e-10 1.24653e-10 5.16204e-11 2.04288e-11 7.71571e-12 2.77757e-12 9.5188e-13 3.10197e-13 9.60223e-14 2.82071e-14 7.85598e-15 2.07264e-15 5.17587e-16 1.22249e-16 2.72893e-17 5.75329e-18 1.14476e-18 2.14822e-19 3.79928e-20 6.32792e-21 9.91796e-22 1.4616e-22 2.02349e-23 2.6292e-24 3.20294e-25 3.65415e-26 3.89936e-27 3.88661e-28 3.61289e-29 3.12683e-30 2.51471e-31 1.87533e-32 1.29366e-33 8.23244e-35 4.81778e-36 2.5836e-37 1.26438e-38 5.6198e-40 2.25593e-41 8.12458e-43 2.60424e-44 7.35753e-46 1.81006e-47 3.81813e-49 6.76669e-51 9.79847e-53 1.11324e-54 9.3058e-57 5.08883e-59 1.3657e-61 0 0 0 0 0 0 
0 0 0 0 0 0 1.40928e-61 5.3077e-59 9.81153e-57 1.18663e-54 1.05604e-52 7.37474e-51 4.20843e-49 2.01797e-47 8.2977e-46 2.97141e-44 9.37984e-43 2.63563e-41 6.64509e-40 1.51332e-38 3.13045e-37 5.91031e-36 1.02265e-34 1.62745e-33 2.38948e-32 3.24568e-31 4.08847e-30 4.78631e-29 5.21735e-28 5.30456e-27 5.03801e-26 4.47585e-25 3.72422e-24 2.90552e-23 2.12758e-22 1.46362e-21 9.46718e-21 5.76253e-20 3.30317e-19 1.78436e-18 9.09008e-18 4.36994e-17 1.98379e-16 8.50978e-16 3.45179e-15 1.32491e-14 4.81582e-14 1.65901e-13 5.4212e-13 1.68197e-12 4.95967e-12 1.39146e-11 3.71861e-11 9.47816e-11 2.30716e-10 5.37095e-10 1.19751e-09 2.56108e-09 5.26209e-09 1.04035e-08 1.98233e-08 3.64627e-08 6.48469e-08 1.11681e-07 1.86544e-07 3.02654e-07 4.77644e-07 7.34277e-07 1.10101e-06 1.61235e-06 2.3088e-06 3.23654e-06 4.44649e-06 5.99305e-06 7.93227e-06 1.03197e-05 1.32081e-05 1.66442e-05 2.06667e-05 2.53033e-05 3.05682e-05 3.64602e-05 4.29612e-05 5.00353e-05 5.76283e-05 6.56677e-05 7.40645e-05 8.27138e-05 9.14976e-05 0.000100287 0.000108946 0.000117334 0.000125308 0.000132731 0.000139469 0.000145399 0.000150412 0.000154414 0.000157328 0.0001591 0.000159694 0.0001591 0.000157328 0.000154414 0.000150412 0.000145399 0.000139469 0.000132731 0.000125308 0.000117334 0.000108946 0.000100287 9.14976e-05 8.27138e-05 7.40645e-05 6.56677e-05 5.76283e-05 5.00353e-05 4.29612e-05 3.64602e-05 3.05682e-05 2.53033e-05 2.06667e-05 1.66442e-05 1.32081e-05 1.03197e-05 7.93227e-06 5.99305e-06 4.44649e-06 3.23654e-06 2.3088e-06 1.61235e-06 1.10101e-06 7.34277e-07 4.77644e-07 3.02654e-07 1.86544e-07 1.11681e-07 6.48469e-08 3.64627e-08 1.98233e-08 1.04035e-08 5.26209e-09 2.56108e-09 1.19751e-09 5.37095e-10 2.30716e-10 9.47816e-11 3.71861e-11 1.39146e-11 4.95967e-12 1.68197e-12 5.4212e-13 1.65901e-13 4.81582e-14 1.32491e-14 3.45179e-15 8.50978e-16 1.98379e-16 4.36994e-17 9.09008e-18 1.78436e-18 3.30317e-19 5.76253e-20 9.46718e-21 1.46362e-21 2.12758e-22 2.90552e-23 3.72422e-24 4.47585e-25 5.03801e-26 5.30456e-27 5.21735e-28 4.78631e-29 4.08847e-30 3.24568e-31 2.38948e-32 1.62745e-33 1.02265e-34 5.91031e-36 3.13045e-37 1.51332e-38 6.64509e-40 2.63563e-41 9.37984e-43 2.97141e-44 8.2977e-46 2.01797e-47 4.20843e-49 7.37474e-51 1.05604e-52 1.18663e-54 9.81153e-57 5.3077e-59 1.40928e-61 0 0 0 0 0 
0 0 0 0 0 1.42412e-61 5.42063e-59 1.0128e-56 1.23822e-54 1.11406e-52 7.86624e-51 4.53927e-49 2.20129e-47 9.15525e-46 3.31649e-44 1.05917e-42 3.01136e-41 7.68316e-40 1.77086e-38 3.70791e-37 7.08685e-36 1.24149e-34 2.00055e-33 2.97457e-32 4.09218e-31 5.22141e-30 6.1923e-29 6.83868e-28 7.04506e-27 6.78028e-26 6.10455e-25 5.14797e-24 4.07076e-23 3.02141e-22 2.10687e-21 1.38142e-20 8.52343e-20 4.95242e-19 2.71165e-18 1.40007e-17 6.82088e-17 3.13748e-16 1.36347e-15 5.60168e-15 2.17715e-14 8.01056e-14 2.79237e-13 9.22931e-13 2.89492e-12 8.62558e-12 2.44386e-11 6.59152e-11 1.6945e-10 4.15725e-10 9.74712e-10 2.18716e-09 4.70407e-09 9.71259e-09 1.92823e-08 3.68681e-08 6.80015e-08 1.21191e-07 2.09027e-07 3.49464e-07 5.67209e-07 8.95101e-07 1.37537e-06 2.06057e-06 3.01408e-06 4.30998e-06 6.03217e-06 8.27269e-06 1.11293e-05 1.47023e-05 1.90904e-05 2.43869e-05 3.06747e-05 3.80219e-05 4.64776e-05 5.60679e-05 6.67928e-05 7.86237e-05 9.15022e-05 0.000105339 0.000120016 0.000135385 0.000151273 0.000167485 0.000183806 0.000200009 0.000215856 0.000231106 0.000245521 0.000258869 0.000270933 0.00028151 0.000290424 0.000297521 0.00030268 0.000305811 0.000306861 0.000305811 0.00030268 0.000297521 0.000290424 0.00028151 0.000270933 0.000258869 0.000245521 0.000231106 0.000215856 0.000200009 0.000183806 0.000167485 0.000151273 0.000135385 0.000120016 0.000105339 9.15022e-05 7.86237e-05 6.67928e-05 5.60679e-05 4.64776e-05 3.80219e-05 3.06747e-05 2.43869e-05 1.90904e-05 1.47023e-05 1.11293e-05 8.27269e-06 6.03217e-06 4.30998e-06 3.01408e-06 2.06057e-06 1.37537e-06 8.95101e-07 5.67209e-07 3.49464e-07 2.09027e-07 1.21191e-07 6.80015e-08 3.68681e-08 1.92823e-08 9.71259e-09 4.70407e-09 2.18716e-09 9.74712e-10 4.15725e-10 1.6945e-10 6.59152e-11 2.44386e-11 8.62558e-12 2.89492e-12 9.22931e-13 2.79237e-13 8.01056e-14 2.17715e-14 5.60168e-15 1.36347e-15 3.13748e-16 6.82088e-17 1.40007e-17 2.71165e-18 4.95242e-19 8.52343e-20 1.38142e-20 2.10687e-21 3.02141e-22 4.07076e-23 5.14797e-24 6.10455e-25 6.78028e-26 7.04506e-27 6.83868e-28 6.1923e-29 5.22141e-30 4.09218e-31 2.97457e-32 2.00055e-33 1.24149e-34 7.08685e-36 3.70791e-37 1.77086e-38 7.68316e-40 3.01136e-41 1.05917e-42 3.31649e-44 9.15525e-46 2.20129e-47 4.53927e-49 7.86624e-51 1.11406e-52 1.23822e-54 1.0128e-56 5.42063e-59 1.42412e-61 0 0 0 0 
0 0 0 0 1.40928e-61 5.42063e-59 1.02358e-56 1.26485e-54 1.15038e-52 8.2119e-51 4.79133e-49 2.34959e-47 9.88282e-46 3.62106e-44 1.16983e-42 3.3649e-41 8.68669e-40 2.02607e-38 4.29349e-37 8.30611e-36 1.473e-34 2.40312e-33 3.61798e-32 5.04039e-31 6.51348e-30 7.82421e-29 8.75324e-28 9.1355e-27 8.90815e-26 8.12684e-25 6.94489e-24 5.56537e-23 4.18641e-22 2.95869e-21 1.9662e-20 1.22958e-19 7.24086e-19 4.01809e-18 2.10241e-17 1.03788e-16 4.83691e-16 2.1293e-15 8.85965e-15 3.48643e-14 1.29842e-13 4.57961e-13 1.53091e-12 4.85439e-12 1.46143e-11 4.18123e-11 1.1381e-10 2.95059e-10 7.29519e-10 1.72244e-09 3.88911e-09 8.41018e-09 1.74456e-08 3.47688e-08 6.66853e-08 1.2329e-07 2.2009e-07 3.79986e-07 6.35533e-07 1.03134e-06 1.62642e-06 2.49624e-06 3.73412e-06 5.45184e-06 7.77905e-06 1.08615e-05 1.48577e-05 1.99346e-05 2.62619e-05 3.40055e-05 4.33201e-05 5.43425e-05 6.71836e-05 8.19225e-05 9.86005e-05 0.000117216 0.000137723 0.000160026 0.000183984 0.000209408 0.000236064 0.000263681 0.000291948 0.000320529 0.000349063 0.000377175 0.000404479 0.000430594 0.000455142 0.000477765 0.000498123 0.00051591 0.000530855 0.000542726 0.00055134 0.000556563 0.000558313 0.000556563 0.00055134 0.000542726 0.000530855 0.00051591 0.000498123 0.000477765 0.000455142 0.000430594 0.000404479 0.000377175 0.000349063 0.000320529 0.000291948 0.000263681 0.000236064 0.000209408 0.000183984 0.000160026 0.000137723 0.000117216 9.86005e-05 8.19225e-05 6.71836e-05 5.43425e-05 4.33201e-05 3.40055e-05 2.62619e-05 1.99346e-05 1.48577e-05 1.08615e-05 7.77905e-06 5.45184e-06 3.73412e-06 2.49624e-06 1.62642e-06 1.03134e-06 6.35533e-07 3.79986e-07 2.2009e-07 1.2329e-07 6.66853e-08 3.47688e-08 1.74456e-08 8.41018e-09 3.88911e-09 1.72244e-09 7.29519e-10 2.95059e-10 1.1381e-10 4.18123e-11 1.46143e-11 4.85439e-12 1.53091e-12 4.57961e-13 1.29842e-13 3.48643e-14 8.85965e-15 2.1293e-15 4.83691e-16 1.03788e-16 2.10241e-17 4.01809e-18 7.24086e-19 1.22958e-19 1.9662e-20 2.95869e-21 4.18641e-22 5.56537e-23 6.94489e-24 8.12684e-25 8.90815e-26 9.1355e-27 8.75324e-28 7.82421e-29 6.51348e-30 5.04039e-31 3.61798e-32 2.40312e-33 1.473e-34 8.30611e-36 4.29349e-37 2.02607e-38 8.68669e-40 3.3649e-41 1.16983e-42 3.62106e-44 9.88282e-46 2.34959e-47 4.79133e-49 8.2119e-51 1.15038e-52 1.26485e-54 1.02358e-56 5.42063e-59 1.40928e-61 0 0 0 
0 0 0 1.3657e-61 5.3077e-59 1.0128e-56 1.26485e-54 1.16275e-52 8.39037e-51 4.94922e-49 2.45394e-47 1.04375e-45 3.86765e-44 1.2638e-42 3.67728e-41 9.60411e-40 2.26652e-38 4.86035e-37 9.51612e-36 1.70813e-34 2.82099e-33 4.29983e-32 6.06536e-31 7.9371e-30 9.65589e-29 1.09413e-27 1.15671e-26 1.14264e-25 1.05612e-24 9.1445e-24 7.42541e-23 5.66009e-22 4.05373e-21 2.73002e-20 1.73014e-19 1.03252e-18 5.80622e-18 3.07842e-17 1.53976e-16 7.26962e-16 3.24151e-15 1.36585e-14 5.44168e-14 2.05117e-13 7.3197e-13 2.47465e-12 7.93228e-12 2.41274e-11 6.97035e-11 1.91457e-10 5.00543e-10 1.24707e-09 2.96474e-09 6.73491e-09 1.4641e-08 3.05052e-08 6.10158e-08 1.17353e-07 2.174e-07 3.88576e-07 6.71239e-07 1.12251e-06 1.82027e-06 2.86687e-06 4.39223e-06 6.55578e-06 9.54673e-06 1.35825e-05 1.89049e-05 2.57742e-05 3.44613e-05 4.52383e-05 5.83675e-05 7.40905e-05 9.2617e-05 0.000114114 0.000138698 0.000166423 0.00019728 0.000231191 0.000268005 0.000307501 0.000349391 0.000393321 0.00043888 0.000485604 0.000532989 0.000580494 0.000627555 0.000673595 0.000718032 0.000760293 0.000799822 0.000836089 0.000868605 0.000896923 0.000920651 0.000939461 0.000953089 0.000961343 0.000964108 0.000961343 0.000953089 0.000939461 0.000920651 0.000896923 0.000868605 0.000836089 0.000799822 0.000760293 0.000718032 0.000673595 0.000627555 0.000580494 0.000532989 0.000485604 0.00043888 0.000393321 0.000349391 0.000307501 0.000268005 0.000231191 0.00019728 0.000166423 0.000138698 0.000114114 9.2617e-05 7.40905e-05 5.83675e-05 4.52383e-05 3.44613e-05 2.57742e-05 1.89049e-05 1.35825e-05 9.54673e-06 6.55578e-06 4.39223e-06 2.86687e-06 1.82027e-06 1.12251e-06 6.71239e-07 3.88576e-07 2.174e-07 1.17353e-07 6.10158e-08 3.05052e-08 1.4641e-08 6.73491e-09 2.96474e-09 1.24707e-09 5.00543e-10 1.91457e-10 6.97035e-11 2.41274e-11 7.93228e-12 2.47465e-12 7.3197e-13 2.05117e-13 5.44168e-14 1.36585e-14 3.24151e-15 7.26962e-16 1.53976e-16 3.07842e-17 5.80622e-18 1.03252e-18 1.73014e-19 2.73002e-20 4.05373e-21 5.66009e-22 7.42541e-23 9.1445e-24 1.05612e-24 1.14264e-25 1.15671e-26 1.09413e-27 9.65589e-29 7.9371e-30 6.06536e-31 4.29983e-32 2.82099e-33 1.70813e-34 9.51612e-36 4.86035e-37 2.26652e-38 9.60411e-40 3.67728e-41 1.2638e-42 3.86765e-44 1.04375e-45 2.45394e-47 4.94922e-49 8.39037e-51 1.16275e-52 1.26485e-54 1.0128e-56 5.3077e-59 1.3657e-61 0 0 
0 0 1.29602e-61 5.08883e-59 9.81153e-57 1.23822e-54 1.15038e-52 8.39037e-51 5.00299e-49 2.50784e-47 1.07851e-45 4.04126e-44 1.33549e-42 3.93037e-41 1.03839e-39 2.47918e-38 5.37916e-37 1.06575e-35 1.93605e-34 3.23629e-33 4.99343e-32 7.13105e-31 9.44838e-30 1.16395e-28 1.33567e-27 1.43017e-26 1.43103e-25 1.33987e-24 1.17531e-23 9.66918e-23 7.46779e-22 5.41929e-21 3.69816e-20 2.37486e-19 1.43611e-18 8.18277e-18 4.3957e-17 2.22745e-16 1.06529e-15 4.81101e-15 2.05276e-14 8.27954e-14 3.15854e-13 1.14035e-12 3.89889e-12 1.2633e-11 3.88217e-11 1.13245e-10 3.13876e-10 8.27461e-10 2.07725e-09 4.972e-09 1.13622e-08 2.48265e-08 5.19464e-08 1.04251e-07 2.0101e-07 3.72995e-07 6.6725e-07 1.15273e-06 1.9265e-06 3.11998e-06 4.9046e-06 7.496e-06 1.11561e-05 1.61925e-05 2.29542e-05 3.18247e-05 4.32111e-05 5.75308e-05 7.51964e-05 9.65992e-05 0.000122093 0.000151976 0.000186482 0.000225762 0.000269879 0.0003188 0.000372393 0.000430425 0.000492566 0.000558391 0.000627389 0.000698968 0.000772467 0.000847164 0.000922292 0.000997047 0.0010706 0.00114213 0.00121078 0.00127576 0.00133629 0.00139161 0.00144105 0.001484 0.0015199 0.00154832 0.00156888 0.00158132 0.00158548 0.00158132 0.00156888 0.00154832 0.0015199 0.001484 0.00144105 0.00139161 0.00133629 0.00127576 0.00121078 0.00114213 0.0010706 0.000997047 0.000922292 0.000847164 0.000772467 0.000698968 0.000627389 0.000558391 0.000492566 0.000430425 0.000372393 0.0003188 0.000269879 0.000225762 0.000186482 0.000151976 0.000122093 9.65992e-05 7.51964e-05 5.75308e-05 4.32111e-05 3.18247e-05 2.29542e-05 1.61925e-05 1.11561e-05 7.496e-06 4.9046e-06 3.11998e-06 1.9265e-06 1.15273e-06 6.6725e-07 3.72995e-07 2.0101e-07 1.04251e-07 5.19464e-08 2.48265e-08 1.13622e-08 4.972e-09 2.07725e-09 8.27461e-10 3.13876e-10 1.13245e-10 3.88217e-11 1.2633e-11 3.89889e-12 1.14035e-12 3.15854e-13 8.27954e-14 2.05276e-14 4.81101e-15 1.06529e-15 2.22745e-16 4.3957e-17 8.18277e-18 1.43611e-18 2.37486e-19 3.69816e-20 5.41929e-21 7.46779e-22 9.66918e-23 1.17531e-23 1.33987e-24 1.43103e-25 1.43017e-26 1.33567e-27 1.16395e-28 9.44838e-30 7.13105e-31 4.99343e-32 3.23629e-33 1.93605e-34 1.06575e-35 5.37916e-37 2.47918e-38 1.03839e-39 3.93037e-41 1.33549e-42 4.04126e-44 1.07851e-45 2.50784e-47 5.00299e-49 8.39037e-51 1.15038e-52 1.23822e-54 9.81153e-57 5.08883e-59 1.29602e-61 0 
0 1.20438e-61 4.77727e-59 9.3058e-57 1.18663e-54 1.11406e-52 8.2119e-51 4.94922e-49 2.50784e-47 1.09035e-45 4.13095e-44 1.38044e-42 4.10867e-41 1.09792e-39 2.65162e-38 5.82051e-37 1.1668e-35 2.14488e-34 3.62852e-33 5.66664e-32 8.1917e-31 1.0988e-29 1.37051e-28 1.59252e-27 1.72683e-26 1.74995e-25 1.65957e-24 1.47461e-23 1.22895e-22 9.61572e-22 7.06967e-21 4.88792e-20 3.18026e-19 1.94849e-18 1.12483e-17 6.12159e-17 3.14239e-16 1.52226e-15 6.96236e-15 3.00799e-14 1.22818e-13 4.74167e-13 1.73191e-12 5.98827e-12 1.96128e-11 6.08911e-11 1.79346e-10 5.0158e-10 1.33332e-09 3.37245e-09 8.12649e-09 1.868e-08 4.10191e-08 8.61763e-08 1.73491e-07 3.35258e-07 6.22935e-07 1.11489e-06 1.92539e-06 3.2142e-06 5.19592e-06 8.14779e-06 1.24148e-05 1.84112e-05 2.66166e-05 3.7568e-05 5.18458e-05 7.00562e-05 9.28098e-05 0.000120698 0.000154271 0.000194012 0.000240321 0.000293492 0.000353706 0.000421016 0.000495343 0.000576477 0.000664074 0.000757662 0.000856649 0.00096033 0.0010679 0.00117845 0.00129101 0.00140454 0.00151794 0.00163008 0.00173983 0.00184601 0.00194751 0.00204321 0.00213205 0.00221302 0.00228521 0.00234778 0.00240001 0.00244129 0.00247113 0.00248917 0.00249521 0.00248917 0.00247113 0.00244129 0.00240001 0.00234778 0.00228521 0.00221302 0.00213205 0.00204321 0.00194751 0.00184601 0.00173983 0.00163008 0.00151794 0.00140454 0.00129101 0.00117845 0.0010679 0.00096033 0.000856649 0.000757662 0.000664074 0.000576477 0.000495343 0.000421016 0.000353706 0.000293492 0.000240321 0.000194012 0.000154271 0.000120698 9.28098e-05 7.00562e-05 5.18458e-05 3.7568e-05 2.66166e-05 1.84112e-05 1.24148e-05 8.14779e-06 5.19592e-06 3.2142e-06 1.92539e-06 1.11489e-06 6.22935e-07 3.35258e-07 1.73491e-07 8.61763e-08 4.10191e-08 1.868e-08 8.12649e-09 3.37245e-09 1.33332e-09 5.0158e-10 1.79346e-10 6.08911e-11 1.96128e-11 5.98827e-12 1.73191e-12 4.74167e-13 1.22818e-13 3.00799e-14 6.96236e-15 1.52226e-15 3.14239e-16 6.12159e-17 1.12483e-17 1.94849e-18 3.18026e-19 4.88792e-20 7.06967e-21 9.61572e-22 1.22895e-22 1.47461e-23 1.65957e-24 1.74995e-25 1.72683e-26 1.59252e-27 1.37051e-28 1.0988e-29 8.1917e-31 5.66664e-32 3.62852e-33 2.14488e-34 1.1668e-35 5.82051e-37 2.65162e-38 1.09792e-39 4.10867e-41 1.38044e-42 4.13095e-44 1.09035e-45 2.50784e-47 4.94922e-49 8.2119e-51 1.11406e-52 1.18663e-54 9.3058e-57 4.77727e-59 6.27545e-62 
0 4.39123e-59 8.64112e-57 1.11324e-54 1.05604e-52 7.86624e-51 4.79133e-49 2.45394e-47 1.07851e-45 4.13095e-44 1.39575e-42 4.20081e-41 1.13525e-39 2.77316e-38 6.15768e-37 1.2488e-35 2.3227e-34 3.97613e-33 6.28414e-32 9.19462e-31 1.24843e-29 1.57639e-28 1.85456e-27 2.03624e-26 2.08963e-25 2.00696e-24 1.80616e-23 1.52469e-22 1.20844e-21 9.00031e-21 6.30396e-20 4.15522e-19 2.57911e-18 1.5083e-17 8.31533e-17 4.3237e-16 2.12137e-15 9.82559e-15 4.29806e-14 1.77644e-13 6.94059e-13 2.56462e-12 8.96729e-12 2.9687e-11 9.31159e-11 2.76919e-10 7.81465e-10 2.09459e-09 5.3379e-09 1.29486e-08 2.99371e-08 6.60583e-08 1.39324e-07 2.81314e-07 5.44695e-07 1.01313e-06 1.81343e-06 3.12935e-06 5.21576e-06 8.41172e-06 1.31504e-05 1.99641e-05 2.94827e-05 4.24246e-05 5.95802e-05 8.17884e-05 0.000109908 0.000144786 0.000187225 0.000237949 0.000297582 0.000366617 0.000445402 0.000534127 0.000632815 0.000741322 0.000859338 0.000986387 0.00112184 0.00126492 0.0014147 0.00157015 0.0017301 0.00189328 0.00205834 0.00222386 0.00238835 0.00255027 0.00270809 0.00286026 0.00300526 0.0031416 0.00326787 0.00338274 0.00348496 0.00357344 0.00364721 0.00370546 0.00374753 0.00377296 0.00378147 0.00377296 0.00374753 0.00370546 0.00364721 0.00357344 0.00348496 0.00338274 0.00326787 0.0031416 0.00300526 0.00286026 0.00270809 0.00255027 0.00238835 0.00222386 0.00205834 0.00189328 0.0017301 0.00157015 0.0014147 0.00126492 0.00112184 0.000986387 0.000859338 0.000741322 0.000632815 0.000534127 0.000445402 0.000366617 0.000297582 0.000237949 0.000187225 0.000144786 0.000109908 8.17884e-05 5.95802e-05 4.24246e-05 2.94827e-05 1.99641e-05 1.31504e-05 8.41172e-06 5.21576e-06 3.12935e-06 1.81343e-06 1.01313e-06 5.44695e-07 2.81314e-07 1.39324e-07 6.60583e-08 2.99371e-08 1.29486e-08 5.3379e-09 2.09459e-09 7.81465e-10 2.76919e-10 9.31159e-11 2.9687e-11 8.96729e-12 2.56462e-12 6.94059e-13 1.77644e-13 4.29806e-14 9.82559e-15 2.12137e-15 4.3237e-16 8.31533e-17 1.5083e-17 2.57911e-18 4.15522e-19 6.30396e-20 9.00031e-21 1.20844e-21 1.52469e-22 1.80616e-23 2.00696e-24 2.08963e-25 2.03624e-26 1.85456e-27 1.57639e-28 1.24843e-29 9.19462e-31 6.28414e-32 3.97613e-33 2.3227e-34 1.2488e-35 6.15768e-37 2.77316e-38 1.13525e-39 4.20081e-41 1.39575e-42 4.13095e-44 1.07851e-45 2.45394e-47 4.79133e-49 7.86624e-51 1.05604e-52 1.11324e-54 8.64106e-57 2.30923e-59 
0 7.85548e-57 1.02237e-54 9.79847e-53 7.37474e-51 4.53927e-49 2.34959e-47 1.04375e-45 4.04126e-44 1.38044e-42 4.20081e-41 1.14798e-39 2.836e-38 6.36925e-37 1.30664e-35 2.45863e-34 4.25842e-33 6.81039e-32 1.00843e-30 1.38583e-29 1.77128e-28 2.10956e-27 2.34502e-26 2.43667e-25 2.36982e-24 2.15982e-23 1.84653e-22 1.48233e-21 1.11827e-20 7.93392e-20 5.2974e-19 3.33071e-18 1.97309e-17 1.10183e-16 5.80276e-16 2.88337e-15 1.35235e-14 5.98925e-14 2.5057e-13 9.90688e-13 3.70328e-12 1.30943e-11 4.38184e-11 1.38855e-10 4.16949e-10 1.18728e-09 3.2088e-09 8.23892e-09 2.01191e-08 4.67827e-08 1.03724e-07 2.19594e-07 4.44624e-07 8.62418e-07 1.6053e-06 2.87273e-06 4.95157e-06 8.23605e-06 1.32448e-05 2.06317e-05 3.11888e-05 4.58377e-05 6.56107e-05 9.16212e-05 0.000125026 0.000166982 0.000218604 0.000280919 0.000354832 0.000441092 0.000540275 0.000652764 0.000778744 0.000918201 0.00107092 0.0012365 0.00141434 0.00160366 0.00180352 0.00201279 0.00223019 0.00245431 0.00268355 0.00291623 0.00315053 0.00338454 0.00361628 0.00384371 0.00406477 0.00427741 0.00447959 0.00466934 0.00484479 0.00500415 0.00514581 0.00526828 0.00537031 0.0054508 0.00550892 0.00554404 0.00555579 0.00554404 0.00550892 0.0054508 0.00537031 0.00526828 0.00514581 0.00500415 0.00484479 0.00466934 0.00447959 0.00427741 0.00406477 0.00384371 0.00361628 0.00338454 0.00315053 0.00291623 0.00268355 0.00245431 0.00223019 0.00201279 0.00180352 0.00160366 0.00141434 0.0012365 0.00107092 0.000918201 0.000778744 0.000652764 0.000540275 0.000441092 0.000354832 0.000280919 0.000218604 0.000166982 0.000125026 9.16212e-05 6.56107e-05 4.58377e-05 3.11888e-05 2.06317e-05 1.32448e-05 8.23605e-06 4.95157e-06 2.87273e-06 1.6053e-06 8.62418e-07 4.44624e-07 2.19594e-07 1.03724e-07 4.67827e-08 2.01191e-08 8.23892e-09 3.2088e-09 1.18728e-09 4.16949e-10 1.38855e-10 4.38184e-11 1.30943e-11 3.70328e-12 9.90688e-13 2.5057e-13 5.98925e-14 1.35235e-14 2.88337e-15 5.80276e-16 1.10183e-16 1.97309e-17 3.33071e-18 5.2974e-19 7.93392e-20 1.11827e-20 1.48233e-21 1.84653e-22 2.15982e-23 2.36982e-24 2.43667e-25 2.34502e-26 2.10956e-27 1.77128e-28 1.38583e-29 1.00843e-30 6.81039e-32 4.25842e-33 2.45863e-34 1.30664e-35 6.36925e-37 2.836e-38 1.14798e-39 4.20081e-41 1.38044e-42 4.04126e-44 1.04375e-45 2.34959e-47 4.53927e-49 7.37474e-51 9.79847e-53 1.02235e-54 4.16979e-57 
0 9.19073e-55 8.89877e-53 6.76669e-51 4.20843e-49 2.20129e-47 9.88282e-46 3.86765e-44 1.33549e-42 4.10867e-41 1.13525e-39 2.836e-38 6.44137e-37 1.33655e-35 2.54396e-34 4.45763e-33 7.21295e-32 1.08074e-30 1.50303e-29 1.94434e-28 2.34395e-27 2.63767e-26 2.77478e-25 2.7324e-24 2.52162e-23 2.18317e-22 1.77489e-21 1.3561e-20 9.74481e-20 6.59023e-19 4.19692e-18 2.51822e-17 1.42429e-16 7.59687e-16 3.82275e-15 1.81546e-14 8.13997e-14 3.44701e-13 1.37912e-12 5.2152e-12 1.86478e-11 6.30773e-11 2.01944e-10 6.12295e-10 1.75936e-09 4.79463e-09 1.24036e-08 3.04912e-08 7.13071e-08 1.58847e-07 3.37542e-07 6.85244e-07 1.33123e-06 2.47919e-06 4.43421e-06 7.63131e-06 1.2662e-05 2.02943e-05 3.14828e-05 4.73635e-05 6.92338e-05 9.85167e-05 0.000136712 0.000185342 0.00024589 0.000319745 0.000408154 0.000512187 0.000632705 0.000770351 0.000925542 0.00109847 0.00128911 0.00149723 0.00172237 0.00196388 0.00222089 0.00249234 0.00277695 0.00307322 0.00337946 0.00369377 0.00401406 0.00433804 0.00466331 0.00498729 0.00530734 0.00562073 0.0059247 0.00621653 0.0064935 0.00675303 0.00699262 0.00720996 0.00740291 0.00756956 0.00770825 0.0078176 0.00789651 0.00794418 0.00796012 0.00794418 0.00789651 0.0078176 0.00770825 0.00756956 0.00740291 0.00720996 0.00699262 0.00675303 0.0064935 0.00621653 0.0059247 0.00562073 0.00530734 0.00498729 0.00466331 0.00433804 0.00401406 0.00369377 0.00337946 0.00307322 0.00277695 0.00249234 0.00222089 0.00196388 0.00172237 0.00149723 0.00128911 0.00109847 0.000925542 0.000770351 0.000632705 0.000512187 0.000408154 0.000319745 0.00024589 0.000185342 0.000136712 9.85167e-05 6.92338e-05 4.73635e-05 3.14828e-05 2.02943e-05 1.2662e-05 7.63131e-06 4.43421e-06 2.47919e-06 1.33123e-06 6.85244e-07 3.37542e-07 1.58847e-07 7.13071e-08 3.04912e-08 1.24036e-08 4.79463e-09 1.75936e-09 6.12295e-10 2.01944e-10 6.30773e-11 1.86478e-11 5.2152e-12 1.37912e-12 3.44701e-13 8.13997e-14 1.81546e-14 3.82275e-15 7.59687e-16 1.42429e-16 2.51822e-17 4.19692e-18 6.59023e-19 9.74481e-20 1.3561e-20 1.77489e-21 2.18317e-22 2.52162e-23 2.7324e-24 2.77478e-25 2.63767e-26 2.34395e-27 1.94434e-28 1.50303e-29 1.08074e-30 7.21295e-32 4.45763e-33 2.54396e-34 1.33655e-35 6.44137e-37 2.836e-38 1.13525e-39 4.10867e-41 1.33549e-42 3.86765e-44 9.88282e-46 2.20129e-47 4.20843e-49 6.76669e-51 8.89844e-53 4.92508e-55 
0 7.90957e-53 6.07641e-51 3.81813e-49 2.01797e-47 9.15525e-46 3.62106e-44 1.2638e-42 3.93037e-41 1.09792e-39 2.77316e-38 6.36925e-37 1.33655e-35 2.57306e-34 4.56068e-33 7.46578e-32 1.13179e-30 1.59274e-29 2.08509e-28 2.54404e-27 2.89776e-26 3.08587e-25 3.0764e-24 2.87451e-23 2.51994e-22 2.07455e-21 1.60517e-20 1.16814e-19 8.00081e-19 5.16037e-18 3.13589e-17 1.79627e-16 9.70267e-16 4.94404e-15 2.37735e-14 1.07911e-13 4.62525e-13 1.87258e-12 7.16354e-12 2.59029e-11 8.85676e-11 2.86486e-10 8.77114e-10 2.54329e-09 6.9892e-09 1.82181e-08 4.50847e-08 1.06041e-07 2.37337e-07 5.06168e-07 1.03018e-06 2.00417e-06 3.73352e-06 6.67226e-06 1.14615e-05 1.89625e-05 3.02776e-05 4.67531e-05 6.99611e-05 0.000101658 0.000143726 0.000198097 0.000266681 0.000351287 0.000453565 0.000574961 0.00071669 0.00087972 0.00106478 0.00127237 0.00150276 0.00175602 0.00203198 0.00233029 0.00265034 0.00299129 0.00335204 0.00373118 0.00412704 0.00453762 0.00496062 0.00539348 0.00583332 0.00627706 0.00672139 0.00716285 0.00759786 0.00802278 0.00843398 0.00882783 0.00920083 0.00954961 0.00987098 0.010162 0.0104199 0.0106424 0.0108273 0.010973 0.0110781 0.0111415 0.0111627 0.0111415 0.0110781 0.010973 0.0108273 0.0106424 0.0104199 0.010162 0.00987098 0.00954961 0.00920083 0.00882783 0.00843398 0.00802278 0.00759786 0.00716285 0.00672139 0.00627706 0.00583332 0.00539348 0.00496062 0.00453762 0.00412704 0.00373118 0.00335204 0.00299129 0.00265034 0.00233029 0.00203198 0.00175602 0.00150276 0.00127237 0.00106478 0.00087972 0.00071669 0.000574961 0.000453565 0.000351287 0.000266681 0.000198097 0.000143726 0.000101658 6.99611e-05 4.67531e-05 3.02776e-05 1.89625e-05 1.14615e-05 6.67226e-06 3.73352e-06 2.00417e-06 1.03018e-06 5.06168e-07 2.37337e-07 1.06041e-07 4.50847e-08 1.82181e-08 6.9892e-09 2.54329e-09 8.77114e-10 2.86486e-10 8.85676e-11 2.59029e-11 7.16354e-12 1.87258e-12 4.62525e-13 1.07911e-13 2.37735e-14 4.94404e-15 9.70267e-16 1.79627e-16 3.13589e-17 5.16037e-18 8.00081e-19 1.16814e-19 1.60517e-20 2.07455e-21 2.51994e-22 2.87451e-23 3.0764e-24 3.08587e-25 2.89776e-26 2.54404e-27 2.08509e-28 1.59274e-29 1.13179e-30 7.46578e-32 4.56068e-33 2.57306e-34 1.33655e-35 6.36925e-37 2.77316e-38 1.09792e-39 3.93037e-41 1.2638e-42 3.62106e-44 9.15525e-46 2.01797e-47 3.81813e-49 6.07604e-51 4.27959e-53 
0 5.33939e-51 3.38975e-49 1.81006e-47 8.2977e-46 3.31649e-44 1.16983e-42 3.67728e-41 1.03839e-39 2.65162e-38 6.15768e-37 1.30664e-35 2.54396e-34 4.56068e-33 7.552e-32 1.15821e-30 1.6491e-29 2.18452e-28 2.6973e-27 3.10945e-26 3.35166e-25 3.3824e-24 3.19951e-23 2.83977e-22 2.36712e-21 1.85459e-20 1.36672e-19 9.47952e-19 6.19175e-18 3.81044e-17 2.21034e-16 1.20902e-15 6.23807e-15 3.03698e-14 1.39551e-13 6.05406e-13 2.48025e-12 9.59848e-12 3.50991e-11 1.21316e-10 3.96493e-10 1.22585e-09 3.58715e-09 9.94126e-09 2.61112e-08 6.50548e-08 1.53896e-07 3.46075e-07 7.40751e-07 1.51135e-06 2.94407e-06 5.48505e-06 9.79215e-06 1.67842e-05 2.76789e-05 4.4009e-05 6.76115e-05 0.000100584 0.000145215 0.000203889 0.000278989 0.000372801 0.000487435 0.000624773 0.000786438 0.000973798 0.00118798 0.00142989 0.00170023 0.00199952 0.00232812 0.00268613 0.00307346 0.00348972 0.00393419 0.00440577 0.00490298 0.00542386 0.00596603 0.00652665 0.00710246 0.00768981 0.0082847 0.00888286 0.00947978 0.0100708 0.0106512 0.0112163 0.0117613 0.0122817 0.012773 0.0132312 0.0136522 0.0140326 0.014369 0.0146586 0.014899 0.0150882 0.0152244 0.0153066 0.0153341 0.0153066 0.0152244 0.0150882 0.014899 0.0146586 0.014369 0.0140326 0.0136522 0.0132312 0.012773 0.0122817 0.0117613 0.0112163 0.0106512 0.0100708 0.00947978 0.00888286 0.0082847 0.00768981 0.00710246 0.00652665 0.00596603 0.00542386 0.00490298 0.00440577 0.00393419 0.00348972 0.00307346 0.00268613 0.00232812 0.00199952 0.00170023 0.00142989 0.00118798 0.000973798 0.000786438 0.000624773 0.000487435 0.000372801 0.000278989 0.000203889 0.000145215 0.000100584 6.76115e-05 4.4009e-05 2.76789e-05 1.67842e-05 9.79215e-06 5.48505e-06 2.94407e-06 1.51135e-06 7.40751e-07 3.46075e-07 1.53896e-07 6.50548e-08 2.61112e-08 9.94126e-09 3.58715e-09 1.22585e-09 3.96493e-10 1.21316e-10 3.50991e-11 9.59848e-12 2.48025e-12 6.05406e-13 1.39551e-13 3.03698e-14 6.23807e-15 1.20902e-15 2.21034e-16 3.81044e-17 6.19175e-18 9.47952e-19 1.36672e-19 1.85459e-20 2.36712e-21 2.83977e-22 3.19951e-23 3.3824e-24 3.35166e-25 3.10945e-26 2.6973e-27 2.18452e-28 1.6491e-29 1.15821e-30 7.552e-32 4.56068e-33 2.54396e-34 1.30664e-35 6.15768e-37 2.65162e-38 1.03839e-39 3.67728e-41 1.16983e-42 3.31649e-44 8.2977e-46 1.81006e-47 3.38944e-49 2.91738e-51 
0 2.94424e-49 1.58856e-47 7.35753e-46 2.97141e-44 1.05917e-42 3.3649e-41 9.60411e-40 2.47918e-38 5.82051e-37 1.2488e-35 2.45863e-34 4.45763e-33 7.46578e-32 1.15821e-30 1.66833e-29 2.236e-28 2.79363e-27 3.25907e-26 3.55536e-25 3.63163e-24 3.47738e-23 3.1245e-22 2.63681e-21 2.09168e-20 1.56077e-19 1.09617e-18 7.25019e-18 4.51813e-17 2.65392e-16 1.46992e-15 7.67912e-15 3.78501e-14 1.76063e-13 7.73063e-13 3.20484e-12 1.2547e-11 4.63999e-11 1.62127e-10 5.35409e-10 1.67173e-09 4.93728e-09 1.38e-08 3.6527e-08 9.16278e-08 2.18027e-07 4.92636e-07 1.0583e-06 2.16452e-06 4.22156e-06 7.86494e-06 1.40233e-05 2.39779e-05 3.94012e-05 6.23601e-05 9.52783e-05 0.000140857 0.00020196 0.000281489 0.000382257 0.000506887 0.000657749 0.000836932 0.00104627 0.00128735 0.00156161 0.00187032 0.00221467 0.00259569 0.00301426 0.00347104 0.00396635 0.00450015 0.00507186 0.00568037 0.00632394 0.00700019 0.00770607 0.00843795 0.00919157 0.0099622 0.0107447 0.0115334 0.0123227 0.0131067 0.0138792 0.0146343 0.0153662 0.0160692 0.0167376 0.0173665 0.0179508 0.0184861 0.0189683 0.0193937 0.0197592 0.020062 0.0202999 0.020471 0.0205742 0.0206087 0.0205742 0.020471 0.0202999 0.020062 0.0197592 0.0193937 0.0189683 0.0184861 0.0179508 0.0173665 0.0167376 0.0160692 0.0153662 0.0146343 0.0138792 0.0131067 0.0123227 0.0115334 0.0107447 0.0099622 0.00919157 0.00843795 0.00770607 0.00700019 0.00632394 0.00568037 0.00507186 0.00450015 0.00396635 0.00347104 0.00301426 0.00259569 0.00221467 0.00187032 0.00156161 0.00128735 0.00104627 0.000836932 0.000657749 0.000506887 0.000382257 0.000281489 0.00020196 0.000140857 9.52783e-05 6.23601e-05 3.94012e-05 2.39779e-05 1.40233e-05 7.86494e-06 4.22156e-06 2.16452e-06 1.0583e-06 4.92636e-07 2.18027e-07 9.16278e-08 3.6527e-08 1.38e-08 4.93728e-09 1.67173e-09 5.35409e-10 1.62127e-10 4.63999e-11 1.2547e-11 3.20484e-12 7.73063e-13 1.76063e-13 3.78501e-14 7.67912e-15 1.46992e-15 2.65392e-16 4.51813e-17 7.25019e-18 1.09617e-18 1.56077e-19 2.09168e-20 2.63681e-21 3.1245e-22 3.47738e-23 3.63163e-24 3.55536e-25 3.25907e-26 2.79363e-27 2.236e-28 1.66833e-29 1.15821e-30 7.46578e-32 4.45763e-33 2.45863e-34 1.2488e-35 5.82051e-37 2.47918e-38 9.60411e-40 3.3649e-41 1.05917e-42 2.97141e-44 7.35753e-46 1.58835e-47 1.62478e-49 
0 1.36367e-47 6.38237e-46 2.60424e-44 9.37984e-43 3.01136e-41 8.68669e-40 2.26652e-38 5.37916e-37 1.1668e-35 2.3227e-34 4.25842e-33 7.21295e-32 1.13179e-30 1.6491e-29 2.236e-28 2.8265e-27 3.33655e-26 3.68345e-25 3.80787e-24 3.69046e-23 3.35655e-22 2.86755e-21 2.30291e-20 1.73978e-19 1.23717e-18 8.28532e-18 5.228e-17 3.10942e-16 1.74377e-15 9.22342e-15 4.60252e-14 2.16718e-13 9.63103e-13 4.04025e-12 1.60021e-11 5.98486e-11 2.11412e-10 7.05514e-10 2.22486e-09 6.63248e-09 1.86987e-08 4.98824e-08 1.26e-07 3.01603e-07 6.84794e-07 1.47654e-06 3.0274e-06 5.91148e-06 1.10121e-05 1.96069e-05 3.34361e-05 5.47322e-05 8.61988e-05 0.00013093 0.00019228 0.000273701 0.000378579 0.000510102 0.000671178 0.000864408 0.00109213 0.00135649 0.00165951 0.00200321 0.00238959 0.00282064 0.00329825 0.00382414 0.00439967 0.00502571 0.00570249 0.00642946 0.00720524 0.00802753 0.00889315 0.00979803 0.0107373 0.0117054 0.0126963 0.0137031 0.014719 0.0157367 0.016749 0.0177484 0.0187277 0.0196798 0.0205979 0.0214754 0.0223062 0.0230846 0.0238052 0.0244631 0.025054 0.025574 0.0260197 0.0263883 0.0266774 0.0268852 0.0270104 0.0270522 0.0270104 0.0268852 0.0266774 0.0263883 0.0260197 0.025574 0.025054 0.0244631 0.0238052 0.0230846 0.0223062 0.0214754 0.0205979 0.0196798 0.0187277 0.0177484 0.016749 0.0157367 0.014719 0.0137031 0.0126963 0.0117054 0.0107373 0.00979803 0.00889315 0.00802753 0.00720524 0.00642946 0.00570249 0.00502571 0.00439967 0.00382414 0.00329825 0.00282064 0.00238959 0.00200321 0.00165951 0.00135649 0.00109213 0.000864408 0.000671178 0.000510102 0.000378579 0.000273701 0.00019228 0.00013093 8.61988e-05 5.47322e-05 3.34361e-05 1.96069e-05 1.10121e-05 5.91148e-06 3.0274e-06 1.47654e-06 6.84794e-07 3.01603e-07 1.26e-07 4.98824e-08 1.86987e-08 6.63248e-09 2.22486e-09 7.05514e-10 2.11412e-10 5.98486e-11 1.60021e-11 4.04025e-12 9.63103e-13 2.16718e-13 4.60252e-14 9.22342e-15 1.74377e-15 3.10942e-16 5.228e-17 8.28532e-18 1.23717e-18 1.73978e-19 2.30291e-20 2.86755e-21 3.35655e-22 3.69046e-23 3.80787e-24 3.68345e-25 3.33655e-26 2.8265e-27 2.236e-28 1.6491e-29 1.13179e-30 7.21295e-32 4.25842e-33 2.3227e-34 1.1668e-35 5.37916e-37 2.26652e-38 8.68669e-40 3.01136e-41 9.37984e-43 2.60423e-44 6.38126e-46 7.60187e-48 
0 5.41408e-46 2.23262e-44 8.12458e-43 2.63563e-41 7.68316e-40 2.02607e-38 4.86035e-37 1.06575e-35 2.14488e-34 3.97613e-33 6.81039e-32 1.08074e-30 1.59274e-29 2.18452e-28 2.79363e-27 3.33655e-26 3.72716e-25 3.89915e-24 3.8245e-23 3.52071e-22 3.04457e-21 2.47515e-20 1.89303e-19 1.36286e-18 9.24078e-18 5.90367e-17 3.55513e-16 2.01859e-15 1.08097e-14 5.46076e-14 2.60281e-13 1.17071e-12 4.96974e-12 1.99136e-11 7.53265e-11 2.69023e-10 9.07287e-10 2.89003e-09 8.69713e-09 2.47352e-08 6.65135e-08 1.69202e-07 4.07483e-07 9.29819e-07 2.01248e-06 4.13669e-06 8.08725e-06 1.50628e-05 2.67788e-05 4.55373e-05 7.4238e-05 0.000116313 0.000175585 0.000256074 0.000361783 0.000496517 0.000663768 0.000866688 0.00110815 0.00139089 0.00171761 0.00209115 0.00251451 0.00299087 0.00352342 0.00411525 0.00476905 0.00548692 0.00627013 0.00711892 0.00803238 0.00900839 0.0100436 0.0111336 0.0122728 0.0134548 0.0146723 0.0159175 0.0171822 0.0184577 0.0197355 0.0210066 0.0222625 0.0234947 0.024695 0.0258555 0.0269688 0.0280279 0.0290262 0.0299577 0.0308168 0.0315987 0.0322989 0.0329134 0.033439 0.0338729 0.0342127 0.0344567 0.0346036 0.0346526 0.0346036 0.0344567 0.0342127 0.0338729 0.033439 0.0329134 0.0322989 0.0315987 0.0308168 0.0299577 0.0290262 0.0280279 0.0269688 0.0258555 0.024695 0.0234947 0.0222625 0.0210066 0.0197355 0.0184577 0.0171822 0.0159175 0.0146723 0.0134548 0.0122728 0.0111336 0.0100436 0.00900839 0.00803238 0.00711892 0.00627013 0.00548692 0.00476905 0.00411525 0.00352342 0.00299087 0.00251451 0.00209115 0.00171761 0.00139089 0.00110815 0.000866688 0.000663768 0.000496517 0.000361783 0.000256074 0.000175585 0.000116313 7.4238e-05 4.55373e-05 2.67788e-05 1.50628e-05 8.08725e-06 4.13669e-06 2.01248e-06 9.29819e-07 4.07483e-07 1.69202e-07 6.65135e-08 2.47352e-08 8.69713e-09 2.89003e-09 9.07287e-10 2.69023e-10 7.53265e-11 1.99136e-11 4.96974e-12 1.17071e-12 2.60281e-13 5.46076e-14 1.08097e-14 2.01859e-15 3.55513e-16 5.90367e-17 9.24078e-18 1.36286e-18 1.89303e-19 2.47515e-20 3.04457e-21 3.52071e-22 3.8245e-23 3.89915e-24 3.72716e-25 3.33655e-26 2.79363e-27 2.18452e-28 1.59274e-29 1.08074e-30 6.81039e-32 3.97613e-33 2.14488e-34 1.06575e-35 4.86035e-37 2.02607e-38 7.68316e-40 2.63563e-41 8.12458e-43 2.23212e-44 3.0493e-46 
