0 0 0 0 0 0 0 0 0 0 0 0 0 0 0 0 0 0 0 0 0 0 0 0 0 0 0 0 0 0 0 0 0 0 0 0 0 0 0 0 0 0 0 0 0 0 0 0 0 0 0 0 0 0 0 0 0 0 0 0 0 0 0 0 0 0 0 0 0 0 0 0 0 0 0 0 0 0 0 0 0 0 0 0 0 0 0 0 0 0 0 0 0 0 0 0 0 0 0 0 0 0 0 0 0 0 0 0 0 0 0 0 0 0 0 0 0 0 0 0 0 0 0 0 0 0 0 0 0 0 0 0 0 0 0 0 0 0 0 0 0 0 0 0 0 0 0 0 0 0 0 0 0 0 0 0 0 0 0 0 0 0 0 0 0 0 0 0 0 0 0 0 0 0 0 0 0 0 0 0 0 0 0 0 0 0 0 0 0 0 0 0 0 0 0 0 0 0 0 0 
0 0 0 0 0 0 0 3.22632e-62 1.20216e-59 2.19848e-57 2.63034e-55 2.31564e-53 1.59961e-51 9.02919e-50 4.28243e-48 1.74169e-46 6.16882e-45 1.92597e-43 5.35242e-42 1.33466e-40 3.0061e-39 6.15013e-38 1.14841e-36 1.96529e-35 3.09339e-34 4.49235e-33 6.03584e-32 7.52111e-31 8.71045e-30 9.39394e-29 9.45037e-28 8.88207e-27 7.80992e-26 6.43271e-25 4.96881e-24 3.6031e-23 2.45519e-22 1.57349e-21 9.49243e-21 5.39468e-20 2.89038e-19 1.46104e-18 6.97266e-18 3.14392e-17 1.34028e-16 5.40615e-16 2.06484e-15 7.47376e-15 2.56577e-14 8.36215e-14 2.58978e-13 7.62961e-13 2.14053e-12 5.72578e-12 1.46213e-11 3.56904e-11 8.33933e-11 1.86788e-10 4.01647e-10 8.30376e-10 1.65312e-09 3.17392e-09 5.88593e-09 1.05589e-08 1.83507e-08 3.09421e-08 5.06897e-08 8.07903e-08 1.25441e-07 1.89979e-07 2.80988e-07 4.06335e-07 5.75137e-07 7.9763e-07 1.08493e-06 1.4487e-06 1.90071e-06 2.45228e-06 3.11373e-06 3.89375e-06 4.79876e-06 5.83232e-06 6.99466e-06 8.28224e-06 9.68746e-06 1.11986e-05 1.27997e-05 1.44709e-05 1.6189e-05 1.79273e-05 1.96572e-05 2.13482e-05 2.29689e-05 2.44883e-05 2.5876e-05 2.7104e-05 2.81465e-05 2.89816e-05 2.95914e-05 2.99626e-05 3.00873e-05 2.99626e-05 2.95914e-05 2.89816e-05 2.81465e-05 2.7104e-05 2.5876e-05 2.44883e-05 2.29689e-05 2.13482e-05 1.96572e-05 1.79273e-05 1.6189e-05 1.44709e-05 1.27997e-05 1.11986e-05 9.68746e-06 8.28224e-06 6.99466e-06 5.83232e-06 4.79876e-06 3.89375e-06 3.11373e-06 2.45228e-06 1.90071e-06 1.4487e-06 1.08493e-06 7.9763e-07 5.75137e-07 4.06335e-07 2.80988e-07 1.89979e-07 1.25441e-07 8.07903e-08 5.06897e-08 3.09421e-08 1.83507e-08 1.05589e-08 5.88593e-09 3.17392e-09 1.65312e-09 8.30376e-10 4.01647e-10 1.86788e-10 8.33933e-11 3.56904e-11 1.46213e-11 5.72578e-12 2.14053e-12 7.62961e-13 2.58978e-13 8.36215e-14 2.56577e-14 7.47376e-15 2.06484e-15 5.40615e-16 1.34028e-16 3.14392e-17 6.97266e-18 1.46104e-18 2.89038e-19 5.39468e-20 9.49243e-21 1.57349e-21 2.45519e-22 3.6031e-23 4.96881e-24 6.43271e-25 7.80992e-26 8.88207e-27 9.45037e-28 9.39394e-29 8.71045e-30 7.52111e-31 6.03584e-32 4.49235e-33 3.09339e-34 1.96529e-35 1.14841e-36 6.15013e-38 3.0061e-39 1.33466e-40 5.35242e-42 1.92597e-43 6.16882e-45 1.74169e-46 4.28243e-48 9.02919e-50 1.59961e-51 2.31564e-53 2.63034e-55 2.19848e-57 1.20216e-59 3.22632e-62 0 0 0 0 0 0 
0 0 0 0 0 0 3.39793e-62 1.27972e-59 2.36578e-57 2.86167e-55 2.54736e-53 1.77952e-51 1.01593e-49 4.87408e-48 2.00548e-46 7.18716e-45 2.27078e-43 6.38712e-42 1.6122e-40 3.67627e-39 7.61569e-38 1.44014e-36 2.49624e-35 3.9802e-34 5.85628e-33 7.97311e-32 1.00688e-30 1.18196e-29 1.29223e-28 1.31804e-27 1.25615e-26 1.12016e-25 9.35801e-25 7.33244e-24 5.39418e-23 3.7293e-22 2.42513e-21 1.48459e-20 8.56196e-20 4.65538e-19 2.38812e-18 1.15659e-17 5.29197e-17 2.28914e-16 9.36809e-16 3.62969e-15 1.33249e-14 4.63857e-14 1.53253e-13 4.80999e-13 1.43556e-12 4.07859e-12 1.10435e-11 2.85324e-11 7.0432e-11 1.66339e-10 3.76377e-10 8.17143e-10 1.70479e-09 3.42302e-09 6.62493e-09 1.23782e-08 2.2362e-08 3.91192e-08 6.63656e-08 1.09344e-07 1.7521e-07 2.7341e-07 4.16035e-07 6.18076e-07 8.9757e-07 1.27555e-06 1.77581e-06 2.42442e-06 3.24898e-06 4.27769e-06 5.53817e-06 7.05614e-06 8.85405e-06 1.09496e-05 1.33543e-05 1.60726e-05 1.91003e-05 2.24242e-05 2.60217e-05 2.98604e-05 3.38988e-05 3.80866e-05 4.23656e-05 4.66716e-05 5.09353e-05 5.50843e-05 5.90453e-05 6.27454e-05 6.61149e-05 6.90886e-05 7.16079e-05 7.36225e-05 7.50916e-05 7.59852e-05 7.62852e-05 7.59852e-05 7.50916e-05 7.36225e-05 7.16079e-05 6.90886e-05 6.61149e-05 6.27454e-05 5.90453e-05 5.50843e-05 5.09353e-05 4.66716e-05 4.23656e-05 3.80866e-05 3.38988e-05 2.98604e-05 2.60217e-05 2.24242e-05 1.91003e-05 1.60726e-05 1.33543e-05 1.09496e-05 8.85405e-06 7.05614e-06 5.53817e-06 4.27769e-06 3.24898e-06 2.42442e-06 1.77581e-06 1.27555e-06 8.9757e-07 6.18076e-07 4.16035e-07 2.7341e-07 1.7521e-07 1.09344e-07 6.63656e-08 3.91192e-08 2.2362e-08 1.23782e-08 6.62493e-09 3.42302e-09 1.70479e-09 8.17143e-10 3.76377e-10 1.66339e-10 7.0432e-11 2.85324e-11 1.10435e-11 4.07859e-12 1.43556e-12 4.80999e-13 1.53253e-13 4.63857e-14 1.33249e-14 3.62969e-15 9.36809e-16 2.28914e-16 5.29197e-17 1.15659e-17 2.38812e-18 4.65538e-19 8.56196e-20 1.48459e-20 2.42513e-21 3.7293e-22 5.39418e-23 7.33244e-24 9.35801e-25 1.12016e-25 1.25615e-26 1.31804e-27 1.29223e-28 1.18196e-29 1.00688e-30 7.97311e-32 5.85628e-33 3.9802e-34 2.49624e-35 1.44014e-36 7.61569e-38 3.67627e-39 1.6122e-40 6.38712e-42 2.27078e-43 7.18716e-45 2.00548e-46 4.87408e-48 1.01593e-49 1.77952e-51 2.54736e-53 2.86167e-55 2.36578e-57 1.27972e-59 3.39793e-62 0 0 0 0 0 
0 0 0 0 0 3.50524e-62 1.33418e-59 2.49297e-57 3.04828e-55 2.74328e-53 1.93765e-51 1.11862e-49 5.42757e-48 2.25881e-46 8.18875e-45 2.6175e-43 7.44943e-42 1.90281e-40 4.39132e-39 9.20791e-38 1.76268e-36 3.09332e-35 4.9942e-34 7.4414e-33 1.02609e-31 1.31252e-30 1.56081e-29 1.72883e-28 1.78669e-27 1.72548e-26 1.55931e-25 1.32024e-24 1.04849e-23 7.81827e-23 5.47896e-22 3.61162e-21 2.24115e-20 1.31017e-19 7.22073e-19 3.75428e-18 1.84268e-17 8.54347e-17 3.74424e-16 1.55213e-15 6.09014e-15 2.26347e-14 7.97455e-14 2.66549e-13 8.46003e-13 2.55214e-12 7.32523e-12 2.00264e-11 5.22113e-11 1.29973e-10 3.09353e-10 7.04973e-10 1.54044e-09 3.23241e-09 6.52359e-09 1.26825e-08 2.37883e-08 4.31163e-08 7.56336e-08 1.28601e-07 2.12263e-07 3.40593e-07 5.32027e-07 8.10126e-07 1.20408e-06 1.74893e-06 2.48551e-06 3.45997e-06 4.7228e-06 6.32751e-06 8.32881e-06 1.07804e-05 1.37328e-05 1.72302e-05 2.13086e-05 2.59925e-05 3.12935e-05 3.72079e-05 4.37152e-05 5.07777e-05 5.83401e-05 6.63297e-05 7.46576e-05 8.32202e-05 9.19015e-05 0.000100575 0.000109108 0.000117364 0.000125204 0.000132495 0.000139107 0.000144923 0.000149837 0.000153757 0.000156611 0.000158345 0.000158927 0.000158345 0.000156611 0.000153757 0.000149837 0.000144923 0.000139107 0.000132495 0.000125204 0.000117364 0.000109108 0.000100575 9.19015e-05 8.32202e-05 7.46576e-05 6.63297e-05 5.83401e-05 5.07777e-05 4.37152e-05 3.72079e-05 3.12935e-05 2.59925e-05 2.13086e-05 1.72302e-05 1.37328e-05 1.07804e-05 8.32881e-06 6.32751e-06 4.7228e-06 3.45997e-06 2.48551e-06 1.74893e-06 1.20408e-06 8.10126e-07 5.32027e-07 3.40593e-07 2.12263e-07 1.28601e-07 7.56336e-08 4.31163e-08 2.37883e-08 1.26825e-08 6.52359e-09 3.23241e-09 1.54044e-09 7.04973e-10 3.09353e-10 1.29973e-10 5.22113e-11 2.00264e-11 7.32523e-12 2.55214e-12 8.46003e-13 2.66549e-13 7.97455e-14 2.26347e-14 6.09014e-15 1.55213e-15 3.74424e-16 8.54347e-17 1.84268e-17 3.75428e-18 7.22073e-19 1.31017e-19 2.24115e-20 3.61162e-21 5.47896e-22 7.81827e-23 1.04849e-23 1.32024e-24 1.55931e-25 1.72548e-26 1.78669e-27 1.72883e-28 1.56081e-29 1.31252e-30 1.02609e-31 7.4414e-33 4.9942e-34 3.09332e-35 1.76268e-36 9.20791e-38 4.39132e-39 1.90281e-40 7.44943e-42 2.6175e-43 8.18875e-45 2.25881e-46 5.42757e-48 1.11862e-49 1.93765e-51 2.74328e-53 3.04828e-55 2.49297e-57 1.33418e-59 3.50524e-62 0 0 0 0 
0 0 0 0 3.54175e-62 1.36227e-59 2.57253e-57 3.17938e-55 2.89234e-53 2.06536e-51 1.20558e-49 5.91511e-48 2.48961e-46 9.12881e-45 2.95176e-43 8.49895e-42 2.19654e-40 5.12971e-39 1.08859e-37 2.10928e-36 3.7471e-35 6.12487e-34 9.24055e-33 1.29029e-31 1.67154e-30 2.01335e-29 2.25903e-28 2.36518e-27 2.31424e-26 2.11909e-25 1.81813e-24 1.46325e-23 1.10578e-22 7.85376e-22 5.24703e-21 3.30001e-20 1.95524e-19 1.09211e-18 5.75429e-18 2.86191e-17 1.34439e-16 5.96854e-16 2.50587e-15 9.95577e-15 3.74554e-14 1.33534e-13 4.51479e-13 1.44883e-12 4.41694e-12 1.28049e-11 3.5338e-11 9.29425e-11 2.33253e-10 5.59302e-10 1.28314e-09 2.82059e-09 5.9497e-09 1.20619e-08 2.35387e-08 4.42886e-08 8.04706e-08 1.41419e-07 2.40759e-07 3.97675e-07 6.38258e-07 9.96813e-07 1.51701e-06 2.25269e-06 3.26823e-06 4.63824e-06 6.44658e-06 8.78458e-06 1.17485e-05 1.54364e-05 1.99441e-05 2.53612e-05 3.17665e-05 3.92238e-05 4.77778e-05 5.74503e-05 6.82371e-05 8.01065e-05 9.29972e-05 0.000106818 0.000121451 0.000136747 0.000152535 0.000168622 0.000184797 0.000200836 0.000216507 0.000231574 0.000245804 0.000258973 0.000270866 0.00028129 0.000290069 0.000297058 0.000302136 0.000305218 0.000306252 0.000305218 0.000302136 0.000297058 0.000290069 0.00028129 0.000270866 0.000258973 0.000245804 0.000231574 0.000216507 0.000200836 0.000184797 0.000168622 0.000152535 0.000136747 0.000121451 0.000106818 9.29972e-05 8.01065e-05 6.82371e-05 5.74503e-05 4.77778e-05 3.92238e-05 3.17665e-05 2.53612e-05 1.99441e-05 1.54364e-05 1.17485e-05 8.78458e-06 6.44658e-06 4.63824e-06 3.26823e-06 2.25269e-06 1.51701e-06 9.96813e-07 6.38258e-07 3.97675e-07 2.40759e-07 1.41419e-07 8.04706e-08 4.42886e-08 2.35387e-08 1.20619e-08 5.9497e-09 2.82059e-09 1.28314e-09 5.59302e-10 2.33253e-10 9.29425e-11 3.5338e-11 1.28049e-11 4.41694e-12 1.44883e-12 4.51479e-13 1.33534e-13 3.74554e-14 9.95577e-15 2.50587e-15 5.96854e-16 1.34439e-16 2.86191e-17 5.75429e-18 1.09211e-18 1.95524e-19 3.30001e-20 5.24703e-21 7.85376e-22 1.10578e-22 1.46325e-23 1.81813e-24 2.11909e-25 2.31424e-26 2.36518e-27 2.25903e-28 2.01335e-29 1.67154e-30 1.29029e-31 9.24055e-33 6.12487e-34 3.7471e-35 2.10928e-36 1.08859e-37 5.12971e-39 2.19654e-40 8.49895e-42 2.95176e-43 9.12881e-45 2.48961e-46 5.91511e-48 1.20558e-49 2.06536e-51 2.89234e-53 3.17938e-55 2.57253e-57 1.36227e-59 3.54175e-62 0 0 0 
0 0 0 3.50524e-62 1.36227e-59 2.59961e-57 3.24702e-55 2.98563e-53 2.15514e-51 1.27179e-49 6.30919e-48 2.68524e-46 9.95768e-45 3.25662e-43 9.4852e-42 2.48008e-40 5.86026e-39 1.25845e-37 2.46779e-36 4.43731e-35 7.34216e-34 1.12144e-32 1.58551e-31 2.07992e-30 2.53714e-29 2.88329e-28 3.05783e-27 3.03096e-26 2.81179e-25 2.44428e-24 1.99327e-23 1.52638e-22 1.09859e-21 7.43788e-21 4.74057e-20 2.84636e-19 1.61107e-18 8.60152e-18 4.33445e-17 2.06274e-16 9.27603e-16 3.94403e-15 1.58651e-14 6.04146e-14 2.17938e-13 7.45294e-13 2.41805e-12 7.44928e-12 2.18111e-11 6.07566e-11 1.6119e-10 4.07779e-10 9.84934e-10 2.27444e-09 5.02859e-09 1.06604e-08 2.17035e-08 4.25016e-08 8.01865e-08 1.45991e-07 2.5691e-07 4.37692e-07 7.23061e-07 1.16004e-06 1.81013e-06 2.75119e-06 4.07861e-06 5.9056e-06 8.36244e-06 1.15944e-05 1.57584e-05 2.10186e-05 2.75403e-05 3.54842e-05 4.49989e-05 5.62141e-05 6.92337e-05 8.41295e-05 0.000100936 0.000119645 0.000140206 0.00016252 0.000186442 0.000211783 0.00023831 0.000265752 0.000293806 0.000322137 0.000350393 0.000378204 0.000405194 0.000430989 0.000455221 0.00047754 0.000497615 0.000515147 0.000529873 0.000541567 0.000550051 0.000555195 0.000556918 0.000555195 0.000550051 0.000541567 0.000529873 0.000515147 0.000497615 0.00047754 0.000455221 0.000430989 0.000405194 0.000378204 0.000350393 0.000322137 0.000293806 0.000265752 0.00023831 0.000211783 0.000186442 0.00016252 0.000140206 0.000119645 0.000100936 8.41295e-05 6.92337e-05 5.62141e-05 4.49989e-05 3.54842e-05 2.75403e-05 2.10186e-05 1.57584e-05 1.15944e-05 8.36244e-06 5.9056e-06 4.07861e-06 2.75119e-06 1.81013e-06 1.16004e-06 7.23061e-07 4.37692e-07 2.5691e-07 1.45991e-07 8.01865e-08 4.25016e-08 2.17035e-08 1.06604e-08 5.02859e-09 2.27444e-09 9.84934e-10 4.07779e-10 1.6119e-10 6.07566e-11 2.18111e-11 7.44928e-12 2.41805e-12 7.45294e-13 2.17938e-13 6.04146e-14 1.58651e-14 3.94403e-15 9.27603e-16 2.06274e-16 4.33445e-17 8.60152e-18 1.61107e-18 2.84636e-19 4.74057e-20 7.43788e-21 1.09859e-21 1.52638e-22 1.99327e-23 2.44428e-24 2.81179e-25 3.03096e-26 3.05783e-27 2.88329e-28 2.53714e-29 2.07992e-30 1.58551e-31 1.12144e-32 7.34216e-34 4.43731e-35 2.46779e-36 1.25845e-37 5.86026e-39 2.48008e-40 9.4852e-42 3.25662e-43 9.95768e-45 2.68524e-46 6.30919e-48 1.27179e-49 2.15514e-51 2.98563e-53 3.24702e-55 2.59961e-57 1.36227e-59 3.50524e-62 0 0 
0 0 3.39793e-62 1.33418e-59 2.57253e-57 3.24702e-55 3.01738e-53 2.20147e-51 1.31324e-49 6.58633e-48 2.83428e-46 1.06282e-44 3.51526e-43 1.03557e-41 2.73898e-40 6.5476e-39 1.42264e-37 2.823e-36 5.13709e-35 8.60333e-34 1.33019e-32 1.90392e-31 2.52882e-30 3.12358e-29 3.59482e-28 3.86124e-27 3.87668e-26 3.64303e-25 3.20824e-24 2.65062e-23 2.05653e-22 1.49974e-21 1.02885e-20 6.64448e-20 4.04245e-19 2.31835e-18 1.25409e-17 6.40234e-17 3.0864e-16 1.40574e-15 6.05255e-15 2.46487e-14 9.50008e-14 3.46744e-13 1.1993e-12 3.93372e-12 1.22455e-11 3.621e-11 1.01805e-10 2.72432e-10 6.9468e-10 1.69e-09 3.92768e-09 8.73265e-09 1.8602e-08 3.80232e-08 7.46977e-08 1.41269e-07 2.57621e-07 4.53771e-07 7.73264e-07 1.27692e-06 2.04663e-06 3.18882e-06 4.83718e-06 7.15418e-06 1.03309e-05 1.45852e-05 2.01573e-05 2.73041e-05 3.6291e-05 4.73823e-05 6.08315e-05 7.68696e-05 9.56951e-05 0.000117464 0.00014228 0.000170188 0.000201171 0.000235141 0.000271943 0.000311353 0.000353081 0.000396776 0.000442029 0.000488384 0.000535342 0.000582373 0.000628923 0.000674428 0.000718318 0.000760032 0.000799028 0.000834791 0.00086684 0.000894743 0.000918117 0.000936642 0.000950061 0.000958187 0.000960909 0.000958187 0.000950061 0.000936642 0.000918117 0.000894743 0.00086684 0.000834791 0.000799028 0.000760032 0.000718318 0.000674428 0.000628923 0.000582373 0.000535342 0.000488384 0.000442029 0.000396776 0.000353081 0.000311353 0.000271943 0.000235141 0.000201171 0.000170188 0.00014228 0.000117464 9.56951e-05 7.68696e-05 6.08315e-05 4.73823e-05 3.6291e-05 2.73041e-05 2.01573e-05 1.45852e-05 1.03309e-05 7.15418e-06 4.83718e-06 3.18882e-06 2.04663e-06 1.27692e-06 7.73264e-07 4.53771e-07 2.57621e-07 1.41269e-07 7.46977e-08 3.80232e-08 1.8602e-08 8.73265e-09 3.92768e-09 1.69e-09 6.9468e-10 2.72432e-10 1.01805e-10 3.621e-11 1.22455e-11 3.93372e-12 1.1993e-12 3.46744e-13 9.50008e-14 2.46487e-14 6.05255e-15 1.40574e-15 3.0864e-16 6.40234e-17 1.25409e-17 2.31835e-18 4.04245e-19 6.64448e-20 1.02885e-20 1.49974e-21 2.05653e-22 2.65062e-23 3.20824e-24 3.64303e-25 3.87668e-26 3.86124e-27 3.59482e-28 3.12358e-29 2.52882e-30 1.90392e-31 1.33019e-32 8.60333e-34 5.13709e-35 2.823e-36 1.42264e-37 6.5476e-39 2.73898e-40 1.03557e-41 3.51526e-43 1.06282e-44 2.83428e-46 6.58633e-48 1.31324e-49 2.20147e-51 3.01738e-53 3.24702e-55 2.57253e-57 1.33418e-59 3.39793e-62 0 
0 3.22632e-62 1.27972e-59 2.49297e-57 3.17938e-55 2.98563e-53 2.20147e-51 1.32736e-49 6.72942e-48 2.92763e-46 1.11e-44 3.71244e-43 1.10603e-41 2.95882e-40 7.15484e-39 1.57273e-37 3.15761e-36 5.81438e-35 9.85467e-34 1.54215e-32 2.23434e-31 3.00436e-30 3.75723e-29 4.37841e-28 4.76249e-27 4.84255e-26 4.60917e-25 4.11155e-24 3.44109e-23 2.70469e-22 1.99828e-21 1.38887e-20 9.08755e-20 5.60153e-19 3.25467e-18 1.78361e-17 9.22404e-17 4.504e-16 2.07756e-15 9.05754e-15 3.73415e-14 1.45658e-13 5.37881e-13 1.88155e-12 6.23894e-12 1.96243e-11 5.86026e-11 1.66291e-10 4.48828e-10 1.15351e-09 2.82622e-09 6.60986e-09 1.47768e-08 3.16231e-08 6.48832e-08 1.27838e-07 2.42273e-07 4.42381e-07 7.79596e-07 1.3282e-06 2.19131e-06 3.50682e-06 5.45249e-06 8.24956e-06 1.21641e-05 1.75058e-05 2.46232e-05 3.3896e-05 4.57244e-05 6.0516e-05 7.86705e-05 0.000100564 0.000126534 0.000156863 0.000191764 0.000231375 0.000275742 0.00032482 0.000378468 0.000436445 0.000498419 0.000563962 0.000632567 0.000703647 0.00077655 0.000850565 0.000924937 0.000998877 0.00107158 0.00114222 0.00120999 0.0012741 0.00133378 0.00138832 0.00143703 0.00147934 0.0015147 0.00154268 0.00156292 0.00157516 0.00157926 0.00157516 0.00156292 0.00154268 0.0015147 0.00147934 0.00143703 0.00138832 0.00133378 0.0012741 0.00120999 0.00114222 0.00107158 0.000998877 0.000924937 0.000850565 0.00077655 0.000703647 0.000632567 0.000563962 0.000498419 0.000436445 0.000378468 0.00032482 0.000275742 0.000231375 0.000191764 0.000156863 0.000126534 0.000100564 7.86705e-05 6.0516e-05 4.57244e-05 3.3896e-05 2.46232e-05 1.75058e-05 1.21641e-05 8.24956e-06 5.45249e-06 3.50682e-06 2.19131e-06 1.3282e-06 7.79596e-07 4.42381e-07 2.42273e-07 1.27838e-07 6.48832e-08 3.16231e-08 1.47768e-08 6.60986e-09 2.82622e-09 1.15351e-09 4.48828e-10 1.66291e-10 5.86026e-11 1.96243e-11 6.23894e-12 1.88155e-12 5.37881e-13 1.45658e-13 3.73415e-14 9.05754e-15 2.07756e-15 4.504e-16 9.22404e-17 1.78361e-17 3.25467e-18 5.60153e-19 9.08755e-20 1.38887e-20 1.99828e-21 2.70469e-22 3.44109e-23 4.11155e-24 4.60917e-25 4.84255e-26 4.76249e-27 4.37841e-28 3.75723e-29 3.00436e-30 2.23434e-31 1.54215e-32 9.85467e-34 5.81438e-35 3.15761e-36 1.57273e-37 7.15484e-39 2.95882e-40 1.10603e-41 3.71244e-43 1.11e-44 2.92763e-46 6.72942e-48 1.32736e-49 2.20147e-51 2.98563e-53 3.17938e-55 2.49297e-57 1.27972e-59 1.66357e-62 
0 1.20216e-59 2.36578e-57 3.04828e-55 2.89234e-53 2.15514e-51 1.31324e-49 6.72942e-48 2.95943e-46 1.13436e-44 3.836e-43 1.15565e-41 3.12652e-40 7.64681e-39 1.70028e-37 3.45351e-36 6.43417e-35 1.10348e-33 1.74757e-32 2.56264e-31 3.48795e-30 4.4158e-29 5.20988e-28 5.73795e-27 5.90812e-26 5.69492e-25 5.14513e-24 4.36156e-23 3.47254e-22 2.5989e-21 1.82984e-20 1.21291e-19 7.57385e-19 4.45798e-18 2.47476e-17 1.29636e-16 6.41111e-16 2.99474e-15 1.32194e-14 5.51688e-14 2.17783e-13 8.13635e-13 2.87841e-12 9.64847e-12 3.06649e-11 9.24759e-11 2.64838e-10 7.20944e-10 1.8674e-09 4.60767e-09 1.08435e-08 2.43717e-08 5.23908e-08 1.07879e-07 2.13124e-07 4.04629e-07 7.39526e-07 1.30339e-06 2.21907e-06 3.65595e-06 5.83857e-06 9.05359e-06 1.36538e-05 2.00586e-05 2.87492e-05 4.02597e-05 5.51628e-05 7.40522e-05 9.75218e-05 0.000126143 0.000160441 0.000200876 0.000247822 0.000301551 0.000362219 0.000429861 0.000504383 0.000585561 0.000673043 0.000766353 0.0008649 0.00096798 0.00107479 0.00118446 0.001296 0.0014084 0.00152058 0.00163144 0.00173986 0.0018447 0.00194485 0.00203924 0.00212682 0.00220661 0.00227773 0.00233936 0.00239079 0.00243143 0.0024608 0.00247856 0.0024845 0.00247856 0.0024608 0.00243143 0.00239079 0.00233936 0.00227773 0.00220661 0.00212682 0.00203924 0.00194485 0.0018447 0.00173986 0.00163144 0.00152058 0.0014084 0.001296 0.00118446 0.00107479 0.00096798 0.0008649 0.000766353 0.000673043 0.000585561 0.000504383 0.000429861 0.000362219 0.000301551 0.000247822 0.000200876 0.000160441 0.000126143 9.75218e-05 7.40522e-05 5.51628e-05 4.02597e-05 2.87492e-05 2.00586e-05 1.36538e-05 9.05359e-06 5.83857e-06 3.65595e-06 2.21907e-06 1.30339e-06 7.39526e-07 4.04629e-07 2.13124e-07 1.07879e-07 5.23908e-08 2.43717e-08 1.08435e-08 4.60767e-09 1.8674e-09 7.20944e-10 2.64838e-10 9.24759e-11 3.06649e-11 9.64847e-12 2.87841e-12 8.13635e-13 2.17783e-13 5.51688e-14 1.32194e-14 2.99474e-15 6.41111e-16 1.29636e-16 2.47476e-17 4.45798e-18 7.57385e-19 1.21291e-19 1.82984e-20 2.5989e-21 3.47254e-22 4.36156e-23 5.14513e-24 5.69492e-25 5.90812e-26 5.73795e-27 5.20988e-28 4.4158e-29 3.48795e-30 2.56264e-31 1.74757e-32 1.10348e-33 6.43417e-35 3.45351e-36 1.70028e-37 7.64681e-39 3.12652e-40 1.15565e-41 3.836e-43 1.13436e-44 2.95943e-46 6.72942e-48 1.31324e-49 2.15514e-51 2.89234e-53 3.04828e-55 2.36577e-57 6.25541e-60 
0 2.19848e-57 2.86167e-55 2.74328e-53 2.06536e-51 1.27179e-49 6.58633e-48 2.92763e-46 1.13436e-44 3.87809e-43 1.18128e-41 3.23166e-40 7.99337e-39 1.79765e-37 3.69343e-36 6.96137e-35 1.20795e-33 1.93575e-32 2.87263e-31 3.95719e-30 5.07105e-29 6.05663e-28 6.75333e-27 7.04058e-26 6.87202e-25 6.28731e-24 5.39777e-23 4.35262e-22 3.2995e-21 2.35311e-20 1.57993e-19 9.99337e-19 5.95816e-18 3.3502e-17 1.77746e-16 8.90227e-16 4.21083e-15 1.88186e-14 7.94972e-14 3.1758e-13 1.20032e-12 4.29443e-12 1.45518e-11 4.673e-11 1.42313e-10 4.11333e-10 1.12933e-09 2.9481e-09 7.32534e-09 1.73457e-08 3.91921e-08 8.46169e-08 1.74833e-07 3.4625e-07 6.58383e-07 1.20404e-06 2.12149e-06 3.60791e-06 5.93283e-06 9.45001e-06 1.46059e-05 2.19429e-05 3.20963e-05 4.5784e-05 6.3789e-05 8.69357e-05 0.000116062 0.000151988 0.000195484 0.000247244 0.000307854 0.000377774 0.000457322 0.00054666 0.000645786 0.000754538 0.000872591 0.000999459 0.00113451 0.00127696 0.0014259 0.0015803 0.001739 0.00190075 0.00206423 0.00222802 0.00239067 0.00255067 0.00270653 0.00285672 0.00299976 0.0031342 0.00325865 0.00337182 0.00347251 0.00355963 0.00363225 0.00368958 0.00373098 0.00375601 0.00376439 0.00375601 0.00373098 0.00368958 0.00363225 0.00355963 0.00347251 0.00337182 0.00325865 0.0031342 0.00299976 0.00285672 0.00270653 0.00255067 0.00239067 0.00222802 0.00206423 0.00190075 0.001739 0.0015803 0.0014259 0.00127696 0.00113451 0.000999459 0.000872591 0.000754538 0.000645786 0.00054666 0.000457322 0.000377774 0.000307854 0.000247244 0.000195484 0.000151988 0.000116062 8.69357e-05 6.3789e-05 4.5784e-05 3.20963e-05 2.19429e-05 1.46059e-05 9.45001e-06 5.93283e-06 3.60791e-06 2.12149e-06 1.20404e-06 6.58383e-07 3.4625e-07 1.74833e-07 8.46169e-08 3.91921e-08 1.73457e-08 7.32534e-09 2.9481e-09 1.12933e-09 4.11333e-10 1.42313e-10 4.673e-11 1.45518e-11 4.29443e-12 1.20032e-12 3.1758e-13 7.94972e-14 1.88186e-14 4.21083e-15 8.90227e-16 1.77746e-16 3.3502e-17 5.95816e-18 9.99337e-19 1.57993e-19 2.35311e-20 3.2995e-21 4.35262e-22 5.39777e-23 6.28731e-24 6.87202e-25 7.04058e-26 6.75333e-27 6.05663e-28 5.07105e-29 3.95719e-30 2.87263e-31 1.93575e-32 1.20795e-33 6.96137e-35 3.69343e-36 1.79765e-37 7.99337e-39 3.23166e-40 1.18128e-41 3.87809e-43 1.13436e-44 2.92763e-46 6.58633e-48 1.27179e-49 2.06536e-51 2.74328e-53 2.86162e-55 1.1546e-57 
0 2.63034e-55 2.54736e-53 1.93765e-51 1.20558e-49 6.30919e-48 2.83428e-46 1.11e-44 3.836e-43 1.18128e-41 3.26748e-40 8.17248e-39 1.85872e-37 3.86253e-36 7.36408e-35 1.29272e-33 2.09595e-32 3.1473e-31 4.38751e-30 5.69045e-29 6.87928e-28 7.7649e-27 8.19545e-26 8.09905e-25 7.503e-24 6.52286e-23 5.32668e-22 4.0894e-21 2.95379e-20 2.00869e-19 1.28685e-18 7.77079e-18 4.42536e-17 2.37782e-16 1.20599e-15 5.77595e-15 2.61331e-14 1.11742e-13 4.51725e-13 1.72722e-12 6.24933e-12 2.14065e-11 6.94583e-11 2.13618e-10 6.23144e-10 1.72554e-09 4.53976e-09 1.13594e-08 2.70632e-08 6.14679e-08 1.33277e-07 2.76277e-07 5.48403e-07 1.04411e-06 1.91005e-06 3.36336e-06 5.71117e-06 9.36925e-06 1.48769e-05 2.29059e-05 3.42598e-05 4.98646e-05 7.07471e-05 9.80055e-05 0.000132772 0.000176169 0.000229273 0.000293065 0.000368406 0.000456001 0.000556384 0.000669899 0.000796699 0.000936743 0.00108979 0.00125543 0.00143304 0.00162185 0.00182089 0.00202906 0.00224508 0.00246753 0.00269486 0.00292539 0.00315733 0.0033888 0.00361785 0.0038425 0.00406073 0.00427052 0.00446989 0.00465692 0.00482977 0.00498672 0.00512618 0.00524673 0.00534712 0.00542632 0.00548349 0.00551803 0.00552959 0.00551803 0.00548349 0.00542632 0.00534712 0.00524673 0.00512618 0.00498672 0.00482977 0.00465692 0.00446989 0.00427052 0.00406073 0.0038425 0.00361785 0.0033888 0.00315733 0.00292539 0.00269486 0.00246753 0.00224508 0.00202906 0.00182089 0.00162185 0.00143304 0.00125543 0.00108979 0.000936743 0.000796699 0.000669899 0.000556384 0.000456001 0.000368406 0.000293065 0.000229273 0.000176169 0.000132772 9.80055e-05 7.07471e-05 4.98646e-05 3.42598e-05 2.29059e-05 1.48769e-05 9.36925e-06 5.71117e-06 3.36336e-06 1.91005e-06 1.04411e-06 5.48403e-07 2.76277e-07 1.33277e-07 6.14679e-08 2.70632e-08 1.13594e-08 4.53976e-09 1.72554e-09 6.23144e-10 2.13618e-10 6.94583e-11 2.14065e-11 6.24933e-12 1.72722e-12 4.51725e-13 1.11742e-13 2.61331e-14 5.77595e-15 1.20599e-15 2.37782e-16 4.42536e-17 7.77079e-18 1.28685e-18 2.00869e-19 2.95379e-20 4.0894e-21 5.32668e-22 6.52286e-23 7.503e-24 8.09905e-25 8.19545e-26 7.7649e-27 6.87928e-28 5.69045e-29 4.38751e-30 3.1473e-31 2.09595e-32 1.29272e-33 7.36408e-35 3.86253e-36 1.85872e-37 8.17248e-39 3.26748e-40 1.18128e-41 3.836e-43 1.11e-44 2.83428e-46 6.30919e-48 1.20558e-49 1.93765e-51 2.54727e-53 1.39444e-55 
0 2.31564e-53 1.77952e-51 1.11862e-49 5.91511e-48 2.68524e-46 1.06282e-44 3.71244e-43 1.15565e-41 3.23166e-40 8.17248e-39 1.87953e-37 3.94995e-36 7.61676e-35 1.3525e-33 2.21841e-32 3.37033e-31 4.75417e-30 6.2398e-29 7.63447e-28 8.7222e-27 9.31879e-26 9.32299e-25 8.74436e-24 7.69725e-23 6.36485e-22 4.94824e-21 3.61951e-20 2.49273e-19 1.6173e-18 9.89075e-18 5.70429e-17 3.10384e-16 1.59404e-15 7.72979e-15 3.54046e-14 1.53225e-13 6.26807e-13 2.42455e-12 8.87143e-12 3.07193e-11 1.00715e-10 3.1281e-10 9.20971e-10 2.57218e-09 6.82034e-09 1.71857e-08 4.11954e-08 9.40516e-08 2.04782e-07 4.25848e-07 8.47092e-07 1.61453e-06 2.95367e-06 5.19603e-06 8.80627e-06 1.44063e-05 2.27921e-05 3.49399e-05 5.19978e-05 7.52629e-05 0.000106144 0.000146114 0.000196654 0.000259199 0.000335081 0.000425492 0.000531443 0.000653742 0.000792985 0.000949546 0.00112358 0.00131504 0.00152364 0.00174893 0.00199023 0.00224666 0.00251714 0.00280039 0.00309491 0.00339902 0.00371083 0.00402827 0.00434908 0.0046709 0.00499119 0.00530736 0.00561674 0.00591664 0.00620439 0.00647736 0.006733 0.00696892 0.00718283 0.00737269 0.00753662 0.00767302 0.00778055 0.00785813 0.00790499 0.00792066 0.00790499 0.00785813 0.00778055 0.00767302 0.00753662 0.00737269 0.00718283 0.00696892 0.006733 0.00647736 0.00620439 0.00591664 0.00561674 0.00530736 0.00499119 0.0046709 0.00434908 0.00402827 0.00371083 0.00339902 0.00309491 0.00280039 0.00251714 0.00224666 0.00199023 0.00174893 0.00152364 0.00131504 0.00112358 0.000949546 0.000792985 0.000653742 0.000531443 0.000425492 0.000335081 0.000259199 0.000196654 0.000146114 0.000106144 7.52629e-05 5.19978e-05 3.49399e-05 2.27921e-05 1.44063e-05 8.80627e-06 5.19603e-06 2.95367e-06 1.61453e-06 8.47092e-07 4.25848e-07 2.04782e-07 9.40516e-08 4.11954e-08 1.71857e-08 6.82034e-09 2.57218e-09 9.20971e-10 3.1281e-10 1.00715e-10 3.07193e-11 8.87143e-12 2.42455e-12 6.26807e-13 1.53225e-13 3.54046e-14 7.72979e-15 1.59404e-15 3.10384e-16 5.70429e-17 9.89075e-18 1.6173e-18 2.49273e-19 3.61951e-20 4.94824e-21 6.36485e-22 7.69725e-23 8.74436e-24 9.32299e-25 9.31879e-26 8.7222e-27 7.63447e-28 6.2398e-29 4.75417e-30 3.37033e-31 2.21841e-32 1.3525e-33 7.61676e-35 3.94995e-36 1.87953e-37 8.17248e-39 3.23166e-40 1.15565e-41 3.71244e-43 1.06282e-44 2.68524e-46 5.91511e-48 1.11862e-49 1.77941e-51 1.23937e-53 
0 1.59961e-51 1.01593e-49 5.42757e-48 2.48961e-46 9.95768e-45 3.51526e-43 1.10603e-41 3.12652e-40 7.99337e-39 1.85872e-37 3.94995e-36 7.70289e-35 1.38341e-33 2.29528e-32 3.5277e-31 5.03461e-30 6.68621e-29 8.27847e-28 9.572e-27 1.0351e-25 1.04825e-24 9.95316e-24 8.87006e-23 7.42621e-22 5.8458e-21 4.32991e-20 3.01965e-19 1.98396e-18 1.22867e-17 7.17565e-17 3.95364e-16 2.05592e-15 1.00934e-14 4.6799e-14 2.04993e-13 8.48551e-13 3.32043e-12 1.22867e-11 4.30097e-11 1.42484e-10 4.46934e-10 1.32813e-09 3.74141e-09 9.99893e-09 2.53729e-08 6.1195e-08 1.40436e-07 3.07048e-07 6.40484e-07 1.27659e-06 2.43531e-06 4.45434e-06 7.82611e-06 1.32336e-05 2.15792e-05 3.40007e-05 5.1869e-05 7.67652e-05 0.000110436 0.000154736 0.000211551 0.000282731 0.000370019 0.000474993 0.00059903 0.000743278 0.000908648 0.00109582 0.00130524 0.00153716 0.00179158 0.00206832 0.00236699 0.00268696 0.00302734 0.003387 0.00376454 0.00415825 0.00456614 0.00498592 0.00541504 0.00585066 0.00628974 0.00672903 0.00716514 0.00759456 0.00801375 0.00841913 0.00880721 0.00917456 0.0095179 0.00983413 0.0101204 0.010374 0.0105928 0.0107745 0.0109177 0.0110209 0.0110832 0.0111041 0.0110832 0.0110209 0.0109177 0.0107745 0.0105928 0.010374 0.0101204 0.00983413 0.0095179 0.00917456 0.00880721 0.00841913 0.00801375 0.00759456 0.00716514 0.00672903 0.00628974 0.00585066 0.00541504 0.00498592 0.00456614 0.00415825 0.00376454 0.003387 0.00302734 0.00268696 0.00236699 0.00206832 0.00179158 0.00153716 0.00130524 0.00109582 0.000908648 0.000743278 0.00059903 0.000474993 0.000370019 0.000282731 0.000211551 0.000154736 0.000110436 7.67652e-05 5.1869e-05 3.40007e-05 2.15792e-05 1.32336e-05 7.82611e-06 4.45434e-06 2.43531e-06 1.27659e-06 6.40484e-07 3.07048e-07 1.40436e-07 6.1195e-08 2.53729e-08 9.99893e-09 3.74141e-09 1.32813e-09 4.46934e-10 1.42484e-10 4.30097e-11 1.22867e-11 3.32043e-12 8.48551e-13 2.04993e-13 4.6799e-14 1.00934e-14 2.05592e-15 3.95364e-16 7.17565e-17 1.22867e-17 1.98396e-18 3.01965e-19 4.32991e-20 5.8458e-21 7.42621e-22 8.87006e-23 9.95316e-24 1.04825e-24 1.0351e-25 9.572e-27 8.27847e-28 6.68621e-29 5.03461e-30 3.5277e-31 2.29528e-32 1.38341e-33 7.70289e-35 3.94995e-36 1.85872e-37 7.99337e-39 3.12652e-40 1.10603e-41 3.51526e-43 9.95768e-45 2.48961e-46 5.42757e-48 1.01584e-49 8.64466e-52 
0 9.02919e-50 4.87408e-48 2.25881e-46 9.12881e-45 3.25662e-43 1.03557e-41 2.95882e-40 7.64681e-39 1.79765e-37 3.86253e-36 7.61676e-35 1.38341e-33 2.32148e-32 3.60911e-31 5.21073e-30 7.00134e-29 8.77133e-28 1.0263e-26 1.12319e-25 1.15127e-24 1.1065e-23 9.98221e-23 8.46079e-22 6.74309e-21 5.05694e-20 3.5709e-19 2.37562e-18 1.48972e-17 8.80959e-17 4.91473e-16 2.58756e-15 1.28608e-14 6.03611e-14 2.67596e-13 1.12085e-12 4.43696e-12 1.6604e-11 5.87577e-11 1.96697e-10 6.23141e-10 1.86913e-09 5.31132e-09 1.43075e-08 3.65646e-08 8.87341e-08 2.04696e-07 4.49404e-07 9.40287e-07 1.87772e-06 3.58474e-06 6.55408e-06 1.14977e-05 1.93914e-05 3.15062e-05 4.94175e-05 7.4986e-05 0.00011031 0.000157652 0.000219349 0.000297715 0.000394955 0.000513093 0.000653926 0.000819003 0.00100962 0.00122686 0.00147156 0.00174438 0.00204581 0.00237612 0.0027354 0.00312349 0.00353992 0.00398394 0.00445439 0.00494974 0.00546801 0.00600679 0.00656326 0.00713418 0.00771593 0.00830459 0.00889594 0.00948558 0.010069 0.0106415 0.0111985 0.0117354 0.0122478 0.0127314 0.0131821 0.0135962 0.0139702 0.0143009 0.0145855 0.0148217 0.0150075 0.0151413 0.015222 0.015249 0.015222 0.0151413 0.0150075 0.0148217 0.0145855 0.0143009 0.0139702 0.0135962 0.0131821 0.0127314 0.0122478 0.0117354 0.0111985 0.0106415 0.010069 0.00948558 0.00889594 0.00830459 0.00771593 0.00713418 0.00656326 0.00600679 0.00546801 0.00494974 0.00445439 0.00398394 0.00353992 0.00312349 0.0027354 0.00237612 0.00204581 0.00174438 0.00147156 0.00122686 0.00100962 0.000819003 0.000653926 0.000513093 0.000394955 0.000297715 0.000219349 0.000157652 0.00011031 7.4986e-05 4.94175e-05 3.15062e-05 1.93914e-05 1.14977e-05 6.55408e-06 3.58474e-06 1.87772e-06 9.40287e-07 4.49404e-07 2.04696e-07 8.87341e-08 3.65646e-08 1.43075e-08 5.31132e-09 1.86913e-09 6.23141e-10 1.96697e-10 5.87577e-11 1.6604e-11 4.43696e-12 1.12085e-12 2.67596e-13 6.03611e-14 1.28608e-14 2.58756e-15 4.91473e-16 8.80959e-17 1.48972e-17 2.37562e-18 3.5709e-19 5.05694e-20 6.74309e-21 8.46079e-22 9.98221e-23 1.1065e-23 1.15127e-24 1.12319e-25 1.0263e-26 8.77133e-28 7.00134e-29 5.21073e-30 3.60911e-31 2.32148e-32 1.38341e-33 7.61676e-35 3.86253e-36 1.79765e-37 7.64681e-39 2.95882e-40 1.03557e-41 3.25662e-43 9.12881e-45 2.25881e-46 4.87344e-48 4.92783e-50 
0 4.28243e-48 2.00548e-46 8.18875e-45 2.95176e-43 9.4852e-42 2.73898e-40 7.15484e-39 1.70028e-37 3.69343e-36 7.36408e-35 1.3525e-33 2.29528e-32 3.60911e-31 5.27079e-30 7.16442e-29 9.08097e-28 1.07511e-26 1.19065e-25 1.2351e-24 1.20145e-23 1.09711e-22 9.41314e-22 7.59473e-21 5.76627e-20 4.12249e-19 2.77681e-18 1.76306e-17 1.05563e-16 5.9626e-16 3.17824e-15 1.59915e-14 7.59721e-14 3.40868e-13 1.44472e-12 5.78552e-12 2.18959e-11 7.83348e-11 2.64998e-10 8.4795e-10 2.56751e-09 7.36001e-09 1.99856e-08 5.14437e-08 1.25626e-07 2.91326e-07 6.42275e-07 1.34792e-06 2.69672e-06 5.15161e-06 9.41346e-06 1.64848e-05 2.7722e-05 4.48632e-05 7.0022e-05 0.00010564 0.000154402 0.000219125 0.000302632 0.000407643 0.000536678 0.000692009 0.000875639 0.00108932 0.0013346 0.00161284 0.00192528 0.00227303 0.00265707 0.0030782 0.00353699 0.00403367 0.00456807 0.00513956 0.00574691 0.00638832 0.00706136 0.00776297 0.0084895 0.00923675 0.01 0.0107743 0.011554 0.0123336 0.0131073 0.0138693 0.0146136 0.0153346 0.0160267 0.0166846 0.0173033 0.0178779 0.0184042 0.0188781 0.0192962 0.0196553 0.0199527 0.0201863 0.0203544 0.0204558 0.0204896 0.0204558 0.0203544 0.0201863 0.0199527 0.0196553 0.0192962 0.0188781 0.0184042 0.0178779 0.0173033 0.0166846 0.0160267 0.0153346 0.0146136 0.0138693 0.0131073 0.0123336 0.011554 0.0107743 0.01 0.00923675 0.0084895 0.00776297 0.00706136 0.00638832 0.00574691 0.00513956 0.00456807 0.00403367 0.00353699 0.0030782 0.00265707 0.00227303 0.00192528 0.00161284 0.0013346 0.00108932 0.000875639 0.000692009 0.000536678 0.000407643 0.000302632 0.000219125 0.000154402 0.00010564 7.0022e-05 4.48632e-05 2.7722e-05 1.64848e-05 9.41346e-06 5.15161e-06 2.69672e-06 1.34792e-06 6.42275e-07 2.91326e-07 1.25626e-07 5.14437e-08 1.99856e-08 7.36001e-09 2.56751e-09 8.4795e-10 2.64998e-10 7.83348e-11 2.18959e-11 5.78552e-12 1.44472e-12 3.40868e-13 7.59721e-14 1.59915e-14 3.17824e-15 5.9626e-16 1.05563e-16 1.76306e-17 2.77681e-18 4.12249e-19 5.76627e-20 7.59473e-21 9.41314e-22 1.09711e-22 1.20145e-23 1.2351e-24 1.19065e-25 1.07511e-26 9.08097e-28 7.16442e-29 5.27079e-30 3.60911e-31 2.29528e-32 1.3525e-33 7.36408e-35 3.69343e-36 1.70028e-37 7.15484e-39 2.73898e-40 9.4852e-42 2.95176e-43 8.18875e-45 2.00513e-46 2.36069e-48 
0 1.74169e-46 7.18716e-45 2.6175e-43 8.49895e-42 2.48008e-40 6.5476e-39 1.57273e-37 3.45351e-36 6.96137e-35 1.29272e-33 2.21841e-32 3.5277e-31 5.21073e-30 7.16442e-29 9.18659e-28 1.10038e-26 1.23305e-25 1.29433e-24 1.2742e-23 1.17763e-22 1.02271e-21 8.35253e-21 6.41973e-20 4.64641e-19 3.16852e-18 2.03676e-17 1.23466e-16 7.06038e-16 3.80993e-15 1.94056e-14 9.33162e-14 4.23735e-13 1.81726e-12 7.36215e-12 2.81794e-11 1.01925e-10 3.48457e-10 1.12629e-09 3.44287e-09 9.95709e-09 2.72583e-08 7.06768e-08 1.73695e-07 4.04955e-07 8.96585e-07 1.88741e-06 3.78304e-06 7.23101e-06 1.3204e-05 2.30778e-05 3.86873e-05 6.23423e-05 9.67915e-05 0.000145132 0.000210677 0.000296797 0.00040677 0.000543665 0.000710275 0.000909103 0.00114241 0.00141228 0.0017207 0.00206963 0.00246101 0.00289675 0.00337865 0.00390828 0.00448687 0.00511513 0.00579311 0.00652015 0.00729473 0.00811446 0.00897609 0.00987556 0.010808 0.0117679 0.0127493 0.0137455 0.0147497 0.0157549 0.016754 0.0177396 0.0187049 0.0196428 0.0205468 0.0214105 0.0222279 0.0229934 0.0237018 0.0243485 0.0249291 0.02544 0.0258778 0.0262398 0.0265237 0.0267278 0.0268507 0.0268917 0.0268507 0.0267278 0.0265237 0.0262398 0.0258778 0.02544 0.0249291 0.0243485 0.0237018 0.0229934 0.0222279 0.0214105 0.0205468 0.0196428 0.0187049 0.0177396 0.016754 0.0157549 0.0147497 0.0137455 0.0127493 0.0117679 0.010808 0.00987556 0.00897609 0.00811446 0.00729473 0.00652015 0.00579311 0.00511513 0.00448687 0.00390828 0.00337865 0.00289675 0.00246101 0.00206963 0.0017207 0.00141228 0.00114241 0.000909103 0.000710275 0.000543665 0.00040677 0.000296797 0.000210677 0.000145132 9.67915e-05 6.23423e-05 3.86873e-05 2.30778e-05 1.3204e-05 7.23101e-06 3.78304e-06 1.88741e-06 8.96585e-07 4.04955e-07 1.73695e-07 7.06768e-08 2.72583e-08 9.95709e-09 3.44287e-09 1.12629e-09 3.48457e-10 1.01925e-10 2.81794e-11 7.36215e-12 1.81726e-12 4.23735e-13 9.33162e-14 1.94056e-14 3.80993e-15 7.06038e-16 1.23466e-16 2.03676e-17 3.16852e-18 4.64641e-19 6.41973e-20 8.35253e-21 1.02271e-21 1.17763e-22 1.2742e-23 1.29433e-24 1.23305e-25 1.10038e-26 9.18659e-28 7.16442e-29 5.21073e-30 3.5277e-31 2.21841e-32 1.29272e-33 6.96137e-35 3.45351e-36 1.57273e-37 6.5476e-39 2.48008e-40 8.49895e-42 2.6175e-43 7.18553e-45 9.69912e-47 
0 6.16882e-45 2.27078e-43 7.44943e-42 2.19654e-40 5.86026e-39 1.42264e-37 3.15761e-36 6.43417e-35 1.20795e-33 2.09595e-32 3.37033e-31 5.03461e-30 7.00134e-29 9.08097e-28 1.10038e-26 1.24752e-25 1.325e-24 1.31995e-23 1.23455e-22 1.0851e-21 8.96991e-21 6.97854e-20 5.1129e-19 3.52961e-18 2.2969e-17 1.40956e-16 8.16014e-16 4.45764e-15 2.29831e-14 1.11864e-13 5.14078e-13 2.23091e-12 9.14333e-12 3.53959e-11 1.29445e-10 4.47265e-10 1.46041e-09 4.50733e-09 1.31532e-08 3.6306e-08 9.48376e-08 2.34591e-07 5.49929e-07 1.22287e-06 2.5824e-06 5.18577e-06 9.91783e-06 1.80963e-05 3.1563e-05 5.27352e-05 8.45967e-05 0.000130615 0.00019459 0.000280463 0.000392117 0.000533218 0.000707121 0.000916868 0.00116526 0.00145496 0.00178867 0.00216918 0.00259945 0.00308255 0.00362156 0.00421938 0.0048785 0.00560079 0.00638728 0.007238 0.00815184 0.00912654 0.0101587 0.0112437 0.0123761 0.0135494 0.0147566 0.0159898 0.0172411 0.018502 0.019764 0.0210185 0.0222571 0.0234717 0.0246541 0.0257967 0.0268924 0.0279343 0.028916 0.0298317 0.0306761 0.0314443 0.0321322 0.0327358 0.033252 0.033678 0.0340116 0.0342511 0.0343953 0.0344435 0.0343953 0.0342511 0.0340116 0.033678 0.033252 0.0327358 0.0321322 0.0314443 0.0306761 0.0298317 0.028916 0.0279343 0.0268924 0.0257967 0.0246541 0.0234717 0.0222571 0.0210185 0.019764 0.018502 0.0172411 0.0159898 0.0147566 0.0135494 0.0123761 0.0112437 0.0101587 0.00912654 0.00815184 0.007238 0.00638728 0.00560079 0.0048785 0.00421938 0.00362156 0.00308255 0.00259945 0.00216918 0.00178867 0.00145496 0.00116526 0.000916868 0.000707121 0.000533218 0.000392117 0.000280463 0.00019459 0.000130615 8.45967e-05 5.27352e-05 3.1563e-05 1.80963e-05 9.91783e-06 5.18577e-06 2.5824e-06 1.22287e-06 5.49929e-07 2.34591e-07 9.48376e-08 3.6306e-08 1.31532e-08 4.50733e-09 1.46041e-09 4.47265e-10 1.29445e-10 3.53959e-11 9.14333e-12 2.23091e-12 5.14078e-13 1.11864e-13 2.29831e-14 4.45764e-15 8.16014e-16 1.40956e-16 2.2969e-17 3.52961e-18 5.1129e-19 6.97854e-20 8.96991e-21 1.0851e-21 1.23455e-22 1.31995e-23 1.325e-24 1.24752e-25 1.10038e-26 9.08097e-28 7.00134e-29 5.03461e-30 3.37033e-31 2.09595e-32 1.20795e-33 6.43417e-35 3.15761e-36 1.42264e-37 5.86026e-39 2.19654e-40 7.44942e-42 2.27013e-43 3.47097e-45 
0 1.92597e-43 6.38712e-42 1.90281e-40 5.12971e-39 1.25845e-37 2.823e-36 5.81438e-35 1.10348e-33 1.93575e-32 3.1473e-31 4.75417e-30 6.68621e-29 8.77133e-28 1.07511e-26 1.23305e-25 1.325e-24 1.33555e-23 1.26403e-22 1.12435e-21 9.40654e-21 7.40711e-20 5.49312e-19 3.83855e-18 2.52863e-17 1.57086e-16 9.20581e-16 5.09061e-15 2.65676e-14 1.30883e-13 6.08719e-13 2.67302e-12 1.10834e-11 4.33973e-11 1.60473e-10 5.60441e-10 1.84882e-09 5.76188e-09 1.69681e-08 4.72312e-08 1.24315e-07 3.09562e-07 7.29775e-07 1.63011e-06 3.45366e-06 6.94901e-06 1.32981e-05 2.42451e-05 4.21962e-05 7.02562e-05 0.000112175 0.000172195 0.00025483 0.000364605 0.000505834 0.000682486 0.000898168 0.00115623 0.00145994 0.00181271 0.00221827 0.00268072 0.00320453 0.0037943 0.00445456 0.0051894 0.00600212 0.00689497 0.00786884 0.00892318 0.0100559 0.0112634 0.0125406 0.0138814 0.0152784 0.0167233 0.0182072 0.0197209 0.0212544 0.0227979 0.0243415 0.0258753 0.0273898 0.0288755 0.0303235 0.0317253 0.0330728 0.0343586 0.0355756 0.0367174 0.0377784 0.0387532 0.0396372 0.0404265 0.0411173 0.0417068 0.0421924 0.0425721 0.0428445 0.0430083 0.043063 0.0430083 0.0428445 0.0425721 0.0421924 0.0417068 0.0411173 0.0404265 0.0396372 0.0387532 0.0377784 0.0367174 0.0355756 0.0343586 0.0330728 0.0317253 0.0303235 0.0288755 0.0273898 0.0258753 0.0243415 0.0227979 0.0212544 0.0197209 0.0182072 0.0167233 0.0152784 0.0138814 0.0125406 0.0112634 0.0100559 0.00892318 0.00786884 0.00689497 0.00600212 0.0051894 0.00445456 0.0037943 0.00320453 0.00268072 0.00221827 0.00181271 0.00145994 0.00115623 0.000898168 0.000682486 0.000505834 0.000364605 0.00025483 0.000172195 0.000112175 7.02562e-05 4.21962e-05 2.42451e-05 1.32981e-05 6.94901e-06 3.45366e-06 1.63011e-06 7.29775e-07 3.09562e-07 1.24315e-07 4.72312e-08 1.69681e-08 5.76188e-09 1.84882e-09 5.60441e-10 1.60473e-10 4.33973e-11 1.10834e-11 2.67302e-12 6.08719e-13 1.30883e-13 2.65676e-14 5.09061e-15 9.20581e-16 1.57086e-16 2.52863e-17 3.83855e-18 5.49312e-19 7.40711e-20 9.40654e-21 1.12435e-21 1.26403e-22 1.33555e-23 1.325e-24 1.23305e-25 1.07511e-26 8.77133e-28 6.68621e-29 4.75417e-30 3.1473e-31 1.93575e-32 1.10348e-33 5.81438e-35 2.823e-36 1.25845e-37 5.12971e-39 1.90281e-40 6.38488e-42 1.09512e-43 
