0 0 0 0 0 0 0 0 0 0 0 0 0 0 0 0 0 0 0 0 0 0 0 0 0 0 0 0 0 0 0 0 0 0 0 0 0 0 0 0 0 0 0 0 0 0 0 0 0 0 0 0 0 0 0 0 0 0 0 0 0 0 0 0 0 0 0 0 0 0 0 0 0 0 0 0 0 0 0 0 0 0 0 0 0 0 0 0 0 0 0 0 0 0 0 0 0 0 0 0 0 0 0 0 0 0 0 0 0 0 0 0 0 0 0 0 0 0 0 0 0 0 0 0 0 0 0 0 0 0 0 0 0 0 0 0 0 0 0 0 0 0 0 0 0 0 0 0 0 0 0 0 0 0 0 0 0 0 0 0 0 0 0 0 0 0 0 0 0 0 0 0 0 0 0 0 0 0 0 0 0 0 0 0 0 0 0 0 0 0 0 0 0 0 0 0 0 0 0 0 
0 0 0 0 0 0 0 0 6.25099e-62 2.30417e-59 4.16786e-57 4.93144e-55 4.29272e-53 2.93157e-51 1.63564e-49 7.66666e-48 3.08095e-46 1.07804e-44 3.32447e-43 9.12386e-42 2.24632e-40 4.99448e-39 1.00849e-37 1.85821e-36 3.13724e-35 4.87063e-34 6.97528e-33 9.23997e-32 1.13492e-30 1.29532e-29 1.3764e-28 1.36399e-27 1.26254e-26 1.09308e-25 8.86296e-25 6.73792e-24 4.80783e-23 3.22308e-22 2.0318e-21 1.20544e-20 6.73622e-20 3.54832e-19 1.76316e-18 8.27071e-18 3.66519e-17 1.5356e-16 6.08728e-16 2.28498e-15 8.12873e-15 2.74306e-14 8.7889e-14 2.67648e-13 7.7553e-13 2.14063e-12 5.63547e-12 1.41686e-11 3.40664e-11 7.84413e-11 1.73229e-10 3.67454e-10 7.49821e-10 1.47418e-09 2.79675e-09 5.12774e-09 9.09959e-09 1.56524e-08 2.61353e-08 4.24195e-08 6.7016e-08 1.03187e-07 1.5504e-07 2.27585e-07 3.2675e-07 4.59327e-07 6.32849e-07 8.55394e-07 1.1353e-06 1.48083e-06 1.89976e-06 2.3989e-06 2.98369e-06 3.65772e-06 4.4223e-06 5.27616e-06 6.21512e-06 7.23201e-06 8.31656e-06 9.45555e-06 1.0633e-05 1.18306e-05 1.30279e-05 1.42032e-05 1.5334e-05 1.63976e-05 1.73719e-05 1.82362e-05 1.89715e-05 1.95615e-05 1.99928e-05 2.02556e-05 2.03439e-05 2.02556e-05 1.99928e-05 1.95615e-05 1.89715e-05 1.82362e-05 1.73719e-05 1.63976e-05 1.5334e-05 1.42032e-05 1.30279e-05 1.18306e-05 1.0633e-05 9.45555e-06 8.31656e-06 7.23201e-06 6.21512e-06 5.27616e-06 4.4223e-06 3.65772e-06 2.98369e-06 2.3989e-06 1.89976e-06 1.48083e-06 1.1353e-06 8.55394e-07 6.32849e-07 4.59327e-07 3.2675e-07 2.27585e-07 1.5504e-07 1.03187e-07 6.7016e-08 4.24195e-08 2.61353e-08 1.56524e-08 9.09959e-09 5.12774e-09 2.79675e-09 1.47418e-09 7.49821e-10 3.67454e-10 1.73229e-10 7.84413e-11 3.40664e-11 1.41686e-11 5.63547e-12 2.14063e-12 7.7553e-13 2.67648e-13 8.7889e-14 2.74306e-14 8.12873e-15 2.28498e-15 6.08728e-16 1.5356e-16 3.66519e-17 8.27071e-18 1.76316e-18 3.54832e-19 6.73622e-20 1.20544e-20 2.0318e-21 3.22308e-22 4.80783e-23 6.73792e-24 8.86296e-25 1.09308e-25 1.26254e-26 1.36399e-27 1.3764e-28 1.29532e-29 1.13492e-30 9.23997e-32 6.97528e-33 4.87063e-34 3.13724e-35 1.85821e-36 1.00849e-37 4.99448e-39 2.24632e-40 9.12386e-42 3.32447e-43 1.07804e-44 3.08095e-46 7.66666e-48 1.63564e-49 2.93157e-51 4.29272e-53 4.93144e-55 4.16786e-57 2.30417e-59 6.25099e-62 0 0 0 0 0 0 0 
0 0 0 0 0 0 0 6.65428e-62 2.47948e-59 4.53431e-57 5.42474e-55 4.77532e-53 3.29833e-51 1.86151e-49 8.82725e-48 3.58928e-46 1.27094e-44 3.96678e-43 1.10201e-41 2.74684e-40 6.18402e-39 1.26455e-37 2.35998e-36 4.03622e-35 6.34879e-34 9.21324e-33 1.23689e-31 1.53992e-30 1.78176e-29 1.91961e-28 1.92903e-27 1.81088e-26 1.59027e-25 1.30805e-24 1.0089e-23 7.30451e-23 4.96904e-22 3.1789e-21 1.91409e-20 1.08561e-19 5.804e-19 2.92715e-18 1.39358e-17 6.26752e-17 2.66471e-16 1.0718e-15 4.0815e-15 1.47272e-14 5.0395e-14 1.63689e-13 5.0517e-13 1.48287e-12 4.14475e-12 1.10445e-11 2.80931e-11 6.83026e-11 1.58953e-10 3.54587e-10 7.59369e-10 1.56358e-09 3.10025e-09 5.92867e-09 1.09514e-08 1.95706e-08 3.3885e-08 5.69268e-08 9.29289e-08 1.47607e-07 2.28435e-07 3.44879e-07 5.08564e-07 7.33336e-07 1.03518e-06 1.43197e-06 1.94308e-06 2.58872e-06 3.38924e-06 4.36414e-06 5.53111e-06 6.90493e-06 8.49642e-06 1.03114e-05 1.235e-05 1.46055e-05 1.70647e-05 1.97066e-05 2.25036e-05 2.5421e-05 2.84182e-05 3.14491e-05 3.44638e-05 3.74093e-05 4.02315e-05 4.28764e-05 4.52916e-05 4.74282e-05 4.92419e-05 5.06945e-05 5.17551e-05 5.24008e-05 5.26175e-05 5.24008e-05 5.17551e-05 5.06945e-05 4.92419e-05 4.74282e-05 4.52916e-05 4.28764e-05 4.02315e-05 3.74093e-05 3.44638e-05 3.14491e-05 2.84182e-05 2.5421e-05 2.25036e-05 1.97066e-05 1.70647e-05 1.46055e-05 1.235e-05 1.03114e-05 8.49642e-06 6.90493e-06 5.53111e-06 4.36414e-06 3.38924e-06 2.58872e-06 1.94308e-06 1.43197e-06 1.03518e-06 7.33336e-07 5.08564e-07 3.44879e-07 2.28435e-07 1.47607e-07 9.29289e-08 5.69268e-08 3.3885e-08 1.95706e-08 1.09514e-08 5.92867e-09 3.10025e-09 1.56358e-09 7.59369e-10 3.54587e-10 1.58953e-10 6.83026e-11 2.80931e-11 1.10445e-11 4.14475e-12 1.48287e-12 5.0517e-13 1.63689e-13 5.0395e-14 1.47272e-14 4.0815e-15 1.0718e-15 2.66471e-16 6.26752e-17 1.39358e-17 2.92715e-18 5.804e-19 1.08561e-19 1.91409e-20 3.1789e-21 4.96904e-22 7.30451e-23 1.0089e-23 1.30805e-24 1.59027e-25 1.81088e-26 1.92903e-27 1.91961e-28 1.78176e-29 1.53992e-30 1.23689e-31 9.21324e-33 6.34879e-34 4.03622e-35 2.35998e-36 1.26455e-37 6.18402e-39 2.74684e-40 1.10201e-41 3.96678e-43 1.27094e-44 3.58928e-46 8.82725e-48 1.86151e-49 3.29833e-51 4.77532e-53 5.42474e-55 4.53431e-57 2.47948e-59 6.65428e-62 0 0 0 0 0 0 
0 0 0 0 0 0 6.93744e-62 2.61279e-59 4.83002e-57 5.84199e-55 5.19972e-53 3.63177e-51 2.07294e-49 9.94255e-48 4.08963e-46 1.46506e-44 4.62681e-43 1.30075e-41 3.2814e-40 7.47771e-39 1.54796e-37 2.9249e-36 5.06537e-35 8.06889e-34 1.18597e-32 1.6128e-31 2.03416e-30 2.38464e-29 2.60327e-28 2.65106e-27 2.52224e-26 2.24501e-25 1.87179e-24 1.4635e-23 1.07416e-22 7.40801e-22 4.80467e-21 2.93297e-20 1.68641e-19 9.14001e-19 4.67259e-18 2.25472e-17 1.02765e-16 4.427e-16 1.80381e-15 6.9567e-15 2.54143e-14 8.80172e-14 2.89234e-13 9.02668e-13 2.67818e-12 7.5623e-12 2.03458e-11 5.22199e-11 1.28029e-10 3.00259e-10 6.74559e-10 1.45389e-09 3.0109e-09 6.00058e-09 1.15267e-08 2.13753e-08 3.83263e-08 6.6547e-08 1.12063e-07 1.83287e-07 2.9158e-07 4.5179e-07 6.82713e-07 1.00742e-06 1.45336e-06 2.05223e-06 2.83946e-06 3.85347e-06 5.13443e-06 6.72289e-06 8.65797e-06 1.09755e-05 1.37059e-05 1.68725e-05 2.04893e-05 2.45593e-05 2.90737e-05 3.40104e-05 3.93339e-05 4.49951e-05 5.0932e-05 5.70705e-05 6.33263e-05 6.96061e-05 7.58107e-05 8.18365e-05 8.75791e-05 9.29352e-05 9.78062e-05 0.0001021 0.000105735 0.000108639 0.000110755 0.000112042 0.000112474 0.000112042 0.000110755 0.000108639 0.000105735 0.0001021 9.78062e-05 9.29352e-05 8.75791e-05 8.18365e-05 7.58107e-05 6.96061e-05 6.33263e-05 5.70705e-05 5.0932e-05 4.49951e-05 3.93339e-05 3.40104e-05 2.90737e-05 2.45593e-05 2.04893e-05 1.68725e-05 1.37059e-05 1.09755e-05 8.65797e-06 6.72289e-06 5.13443e-06 3.85347e-06 2.83946e-06 2.05223e-06 1.45336e-06 1.00742e-06 6.82713e-07 4.5179e-07 2.9158e-07 1.83287e-07 1.12063e-07 6.6547e-08 3.83263e-08 2.13753e-08 1.15267e-08 6.00058e-09 3.0109e-09 1.45389e-09 6.74559e-10 3.00259e-10 1.28029e-10 5.22199e-11 2.03458e-11 7.5623e-12 2.67818e-12 9.02668e-13 2.89234e-13 8.80172e-14 2.54143e-14 6.9567e-15 1.80381e-15 4.427e-16 1.02765e-16 2.25472e-17 4.67259e-18 9.14001e-19 1.68641e-19 2.93297e-20 4.80467e-21 7.40801e-22 1.07416e-22 1.4635e-23 1.87179e-24 2.24501e-25 2.52224e-26 2.65106e-27 2.60327e-28 2.38464e-29 2.03416e-30 1.6128e-31 1.18597e-32 8.06889e-34 5.06537e-35 2.9249e-36 1.54796e-37 7.47771e-39 3.2814e-40 1.30075e-41 4.62681e-43 1.46506e-44 4.08963e-46 9.94255e-48 2.07294e-49 3.63177e-51 5.19972e-53 5.84199e-55 4.83002e-57 2.61279e-59 6.93744e-62 0 0 0 0 0 
0 0 0 0 0 7.0835e-62 2.69618e-59 5.03776e-57 6.15946e-55 5.5425e-53 3.91415e-51 2.25918e-49 1.09587e-47 4.55925e-46 1.65222e-44 5.27893e-43 1.50163e-41 3.83344e-40 8.84122e-39 1.85255e-37 3.54356e-36 6.21315e-35 1.00216e-33 1.49167e-32 2.05449e-31 2.62472e-30 3.11703e-29 3.44751e-28 3.55725e-27 3.4295e-26 3.0935e-25 2.61401e-24 2.07151e-23 1.54111e-22 1.07733e-21 7.0828e-21 4.3827e-20 2.55436e-19 1.40323e-18 7.2706e-18 3.55542e-17 1.64199e-16 7.16611e-16 2.95747e-15 1.15498e-14 4.27128e-14 1.49693e-13 4.9758e-13 1.57008e-12 4.70757e-12 1.34256e-11 3.64599e-11 9.43982e-11 2.3331e-10 5.51204e-10 1.24658e-09 2.70273e-09 5.62633e-09 1.12634e-08 2.17185e-08 4.04017e-08 7.26228e-08 1.26338e-07 2.1304e-07 3.48744e-07 5.55027e-07 8.60001e-07 1.29914e-06 1.91582e-06 2.76144e-06 3.89512e-06 5.38268e-06 7.29518e-06 9.70674e-06 1.26919e-05 1.63224e-05 2.06642e-05 2.57733e-05 3.16931e-05 3.84507e-05 4.60543e-05 5.44911e-05 6.37258e-05 7.36995e-05 8.43303e-05 9.55137e-05 0.000107124 0.000119018 0.000131036 0.000143006 0.000154749 0.000166081 0.000176818 0.000186783 0.000195805 0.000203729 0.000210415 0.000215744 0.000219621 0.000221976 0.000222765 0.000221976 0.000219621 0.000215744 0.000210415 0.000203729 0.000195805 0.000186783 0.000176818 0.000166081 0.000154749 0.000143006 0.000131036 0.000119018 0.000107124 9.55137e-05 8.43303e-05 7.36995e-05 6.37258e-05 5.44911e-05 4.60543e-05 3.84507e-05 3.16931e-05 2.57733e-05 2.06642e-05 1.63224e-05 1.26919e-05 9.70674e-06 7.29518e-06 5.38268e-06 3.89512e-06 2.76144e-06 1.91582e-06 1.29914e-06 8.60001e-07 5.55027e-07 3.48744e-07 2.1304e-07 1.26338e-07 7.26228e-08 4.04017e-08 2.17185e-08 1.12634e-08 5.62633e-09 2.70273e-09 1.24658e-09 5.51204e-10 2.3331e-10 9.43982e-11 3.64599e-11 1.34256e-11 4.70757e-12 1.57008e-12 4.9758e-13 1.49693e-13 4.27128e-14 1.15498e-14 2.95747e-15 7.16611e-16 1.64199e-16 3.55542e-17 7.2706e-18 1.40323e-18 2.55436e-19 4.3827e-20 7.0828e-21 1.07733e-21 1.54111e-22 2.07151e-23 2.61401e-24 3.0935e-25 3.4295e-26 3.55725e-27 3.44751e-28 3.11703e-29 2.62472e-30 2.05449e-31 1.49167e-32 1.00216e-33 6.21315e-35 3.54356e-36 1.85255e-37 8.84122e-39 3.83344e-40 1.50163e-41 5.27893e-43 1.65222e-44 4.55925e-46 1.09587e-47 2.25918e-49 3.91415e-51 5.5425e-53 6.15946e-55 5.03776e-57 2.69618e-59 7.0835e-62 0 0 0 0 
0 0 0 0 7.0835e-62 2.72456e-59 5.14494e-57 6.35814e-55 5.78343e-53 4.12915e-51 2.40972e-49 1.182e-47 4.97333e-46 1.82292e-44 5.89176e-43 1.69556e-41 4.37967e-40 1.02216e-38 2.16763e-37 4.19677e-36 7.44903e-35 1.21643e-33 1.83332e-32 2.55701e-31 3.30846e-30 3.97963e-29 4.45874e-28 4.66089e-27 4.55274e-26 4.16117e-25 3.56311e-24 2.86152e-23 2.1575e-22 1.5286e-21 1.01855e-20 6.38788e-20 3.77334e-19 2.1008e-18 1.10308e-17 5.46599e-17 2.55757e-16 1.13071e-15 4.7261e-15 1.8688e-14 6.99558e-14 2.4808e-13 8.34067e-13 2.6608e-12 8.06153e-12 2.32189e-11 6.36427e-11 1.66203e-10 4.14047e-10 9.85274e-10 2.24269e-09 4.89021e-09 1.02305e-08 2.05664e-08 3.97937e-08 7.42285e-08 1.33701e-07 2.3292e-07 3.93081e-07 6.43636e-07 1.0241e-06 1.58573e-06 2.39286e-06 3.52371e-06 5.07043e-06 7.13823e-06 9.84357e-06 1.33112e-05 1.76705e-05 2.30503e-05 2.95744e-05 3.7355e-05 4.64879e-05 5.70463e-05 6.9076e-05 8.25917e-05 9.7573e-05 0.000113963 0.000131666 0.00015055 0.000170447 0.000191153 0.000212437 0.00023404 0.000255685 0.000277078 0.000297919 0.000317904 0.000336734 0.000354124 0.000369801 0.00038352 0.00039506 0.000404236 0.0004109 0.000414942 0.000416297 0.000414942 0.0004109 0.000404236 0.00039506 0.00038352 0.000369801 0.000354124 0.000336734 0.000317904 0.000297919 0.000277078 0.000255685 0.00023404 0.000212437 0.000191153 0.000170447 0.00015055 0.000131666 0.000113963 9.7573e-05 8.25917e-05 6.9076e-05 5.70463e-05 4.64879e-05 3.7355e-05 2.95744e-05 2.30503e-05 1.76705e-05 1.33112e-05 9.84357e-06 7.13823e-06 5.07043e-06 3.52371e-06 2.39286e-06 1.58573e-06 1.0241e-06 6.43636e-07 3.93081e-07 2.3292e-07 1.33701e-07 7.42285e-08 3.97937e-08 2.05664e-08 1.02305e-08 4.89021e-09 2.24269e-09 9.85274e-10 4.14047e-10 1.66203e-10 6.36427e-11 2.32189e-11 8.06153e-12 2.6608e-12 8.34067e-13 2.4808e-13 6.99558e-14 1.8688e-14 4.7261e-15 1.13071e-15 2.55757e-16 5.46599e-17 1.10308e-17 2.1008e-18 3.77334e-19 6.38788e-20 1.01855e-20 1.5286e-21 2.1575e-22 2.86152e-23 3.56311e-24 4.16117e-25 4.55274e-26 4.66089e-27 4.45874e-28 3.97963e-29 3.30846e-30 2.55701e-31 1.83332e-32 1.21643e-33 7.44903e-35 4.19677e-36 2.16763e-37 1.02216e-38 4.37967e-40 1.69556e-41 5.89176e-43 1.82292e-44 4.97333e-46 1.182e-47 2.40972e-49 4.12915e-51 5.78343e-53 6.35814e-55 5.14494e-57 2.72456e-59 7.0835e-62 0 0 0 
0 0 0 6.93744e-62 2.69618e-59 5.14494e-57 6.42577e-55 5.90778e-53 4.26376e-51 2.51559e-49 1.24763e-47 5.3083e-46 1.96774e-44 6.43266e-43 1.87264e-41 4.89362e-40 1.1556e-38 2.47984e-37 4.85911e-36 8.72962e-35 1.44308e-33 2.20187e-32 3.10952e-31 4.07416e-30 4.96313e-29 5.63208e-28 5.96365e-27 5.90125e-26 5.46451e-25 4.74092e-24 3.85795e-23 2.94756e-22 2.11628e-21 1.42903e-20 9.08238e-20 5.43685e-19 3.06738e-18 1.63202e-17 8.19373e-17 3.88402e-16 1.7393e-15 7.36221e-15 2.94743e-14 1.11674e-13 4.00697e-13 1.36254e-12 4.3943e-12 1.34525e-11 3.91282e-11 1.08241e-10 2.85095e-10 7.15815e-10 1.71548e-09 3.92951e-09 8.61575e-09 1.81097e-08 3.65491e-08 7.09405e-08 1.32642e-07 2.39308e-07 4.17294e-07 7.04448e-07 1.15313e-06 1.83323e-06 2.83484e-06 4.27026e-06 6.27501e-06 9.00739e-06 1.26466e-05 1.73892e-05 2.34435e-05 3.10234e-05 4.034e-05 5.15932e-05 6.49627e-05 8.05993e-05 9.86163e-05 0.000119083 0.000142018 0.000167386 0.000195095 0.000224993 0.000256873 0.000290474 0.000325482 0.00036154 0.000398252 0.000435191 0.000471905 0.00050793 0.000542794 0.000576031 0.000607184 0.000635821 0.000661537 0.000683963 0.000702776 0.000717703 0.000728524 0.000735082 0.000737278 0.000735082 0.000728524 0.000717703 0.000702776 0.000683963 0.000661537 0.000635821 0.000607184 0.000576031 0.000542794 0.00050793 0.000471905 0.000435191 0.000398252 0.00036154 0.000325482 0.000290474 0.000256873 0.000224993 0.000195095 0.000167386 0.000142018 0.000119083 9.86163e-05 8.05993e-05 6.49627e-05 5.15932e-05 4.034e-05 3.10234e-05 2.34435e-05 1.73892e-05 1.26466e-05 9.00739e-06 6.27501e-06 4.27026e-06 2.83484e-06 1.83323e-06 1.15313e-06 7.04448e-07 4.17294e-07 2.39308e-07 1.32642e-07 7.09405e-08 3.65491e-08 1.81097e-08 8.61575e-09 3.92951e-09 1.71548e-09 7.15815e-10 2.85095e-10 1.08241e-10 3.91282e-11 1.34525e-11 4.3943e-12 1.36254e-12 4.00697e-13 1.11674e-13 2.94743e-14 7.36221e-15 1.7393e-15 3.88402e-16 8.19373e-17 1.63202e-17 3.06738e-18 5.43685e-19 9.08238e-20 1.42903e-20 2.11628e-21 2.94756e-22 3.85795e-23 4.74092e-24 5.46451e-25 5.90125e-26 5.96365e-27 5.63208e-28 4.96313e-29 4.07416e-30 3.10952e-31 2.20187e-32 1.44308e-33 8.72962e-35 4.85911e-36 2.47984e-37 1.1556e-38 4.89362e-40 1.87264e-41 6.43266e-43 1.96774e-44 5.3083e-46 1.24763e-47 2.51559e-49 4.26376e-51 5.90778e-53 6.42577e-55 5.14494e-57 2.69618e-59 6.93744e-62 0 0 
0 0 6.65428e-62 2.61279e-59 5.03776e-57 6.35814e-55 5.90778e-53 4.30959e-51 2.57026e-49 1.28873e-47 5.54401e-46 2.07816e-44 6.87055e-43 2.02301e-41 5.3477e-40 1.27758e-38 2.77397e-37 5.50023e-36 1.00004e-34 1.67324e-33 2.58439e-32 3.69493e-31 4.90168e-30 6.04649e-29 6.94868e-28 7.45204e-27 7.46922e-26 7.0063e-25 6.15802e-24 5.07697e-23 3.93012e-22 2.8591e-21 1.95626e-20 1.25984e-19 7.64171e-19 4.36843e-18 2.35492e-17 1.1978e-16 5.75155e-16 2.60862e-15 1.11814e-14 4.53187e-14 1.73782e-13 6.30879e-13 2.16963e-12 7.0735e-12 2.18795e-11 6.42643e-11 1.7941e-10 4.7657e-10 1.20588e-09 2.9102e-09 6.70753e-09 1.47858e-08 3.12195e-08 6.32398e-08 1.23096e-07 2.3063e-07 4.16616e-07 7.26845e-07 1.22678e-06 2.00648e-06 3.18534e-06 4.91608e-06 7.38746e-06 1.0825e-05 1.54896e-05 2.16732e-05 2.96919e-05 3.98772e-05 5.25643e-05 6.80794e-05 8.67266e-05 0.000108775 0.000134443 0.000163894 0.000197218 0.00023443 0.000275467 0.000320178 0.000368332 0.000419615 0.000473636 0.000529935 0.000587986 0.00064721 0.000706982 0.000766646 0.000825521 0.000882913 0.000938132 0.000990499 0.00103936 0.00108409 0.00112412 0.00115893 0.00118806 0.00121112 0.00122782 0.00123793 0.00124132 0.00123793 0.00122782 0.00121112 0.00118806 0.00115893 0.00112412 0.00108409 0.00103936 0.000990499 0.000938132 0.000882913 0.000825521 0.000766646 0.000706982 0.00064721 0.000587986 0.000529935 0.000473636 0.000419615 0.000368332 0.000320178 0.000275467 0.00023443 0.000197218 0.000163894 0.000134443 0.000108775 8.67266e-05 6.80794e-05 5.25643e-05 3.98772e-05 2.96919e-05 2.16732e-05 1.54896e-05 1.0825e-05 7.38746e-06 4.91608e-06 3.18534e-06 2.00648e-06 1.22678e-06 7.26845e-07 4.16616e-07 2.3063e-07 1.23096e-07 6.32398e-08 3.12195e-08 1.47858e-08 6.70753e-09 2.9102e-09 1.20588e-09 4.7657e-10 1.7941e-10 6.42643e-11 2.18795e-11 7.0735e-12 2.16963e-12 6.30879e-13 1.73782e-13 4.53187e-14 1.11814e-14 2.60862e-15 5.75155e-16 1.1978e-16 2.35492e-17 4.36843e-18 7.64171e-19 1.25984e-19 1.95626e-20 2.8591e-21 3.93012e-22 5.07697e-23 6.15802e-24 7.0063e-25 7.46922e-26 7.45204e-27 6.94868e-28 6.04649e-29 4.90168e-30 3.69493e-31 2.58439e-32 1.67324e-33 1.00004e-34 5.50023e-36 2.77397e-37 1.27758e-38 5.3477e-40 2.02301e-41 6.87055e-43 2.07816e-44 5.54401e-46 1.28873e-47 2.57026e-49 4.30959e-51 5.90778e-53 6.35814e-55 5.03776e-57 2.61279e-59 6.65428e-62 0 
0 6.25099e-62 2.47948e-59 4.83002e-57 6.15946e-55 5.78343e-53 4.26376e-51 2.57026e-49 1.30273e-47 5.66574e-46 2.14734e-44 7.17886e-43 2.13773e-41 5.7156e-40 1.38126e-38 3.03409e-37 6.08695e-36 1.1199e-34 1.89632e-33 2.96452e-32 4.29033e-31 5.76193e-30 7.19632e-29 8.3741e-28 9.09458e-27 9.23199e-26 8.7712e-25 7.80901e-24 6.5219e-23 5.11465e-22 3.76965e-21 2.6132e-20 1.70508e-19 1.04785e-18 6.06882e-18 3.31437e-17 1.70774e-16 8.30595e-16 3.8152e-15 1.65586e-14 6.79399e-14 2.63666e-13 9.6839e-13 3.36805e-12 1.11001e-11 3.46901e-11 1.0289e-10 2.89875e-10 7.7652e-10 1.98004e-09 4.81164e-09 1.11577e-08 2.47245e-08 5.2432e-08 1.06577e-07 2.07989e-07 3.90351e-07 7.05762e-07 1.2314e-06 2.077e-06 3.39245e-06 5.37485e-06 8.274e-06 1.23953e-05 1.80997e-05 2.57989e-05 3.59479e-05 4.90321e-05 6.55522e-05 8.60062e-05 0.00011087 0.000140579 0.000175506 0.000215951 0.00026212 0.00031412 0.000371947 0.000435483 0.000504498 0.000578647 0.000657477 0.000740432 0.000826863 0.000916038 0.00100715 0.00109933 0.00119166 0.00128321 0.00137299 0.00146003 0.00154337 0.00162206 0.00169521 0.00176196 0.00182152 0.0018732 0.00191636 0.00195048 0.00197516 0.00199009 0.00199508 0.00199009 0.00197516 0.00195048 0.00191636 0.0018732 0.00182152 0.00176196 0.00169521 0.00162206 0.00154337 0.00146003 0.00137299 0.00128321 0.00119166 0.00109933 0.00100715 0.000916038 0.000826863 0.000740432 0.000657477 0.000578647 0.000504498 0.000435483 0.000371947 0.00031412 0.00026212 0.000215951 0.000175506 0.000140579 0.00011087 8.60062e-05 6.55522e-05 4.90321e-05 3.59479e-05 2.57989e-05 1.80997e-05 1.23953e-05 8.274e-06 5.37485e-06 3.39245e-06 2.077e-06 1.2314e-06 7.05762e-07 3.90351e-07 2.07989e-07 1.06577e-07 5.2432e-08 2.47245e-08 1.11577e-08 4.81164e-09 1.98004e-09 7.7652e-10 2.89875e-10 1.0289e-10 3.46901e-11 1.11001e-11 3.36805e-12 9.6839e-13 2.63666e-13 6.79399e-14 1.65586e-14 3.8152e-15 8.30595e-16 1.70774e-16 3.31437e-17 6.06882e-18 1.04785e-18 1.70508e-19 2.6132e-20 3.76965e-21 5.11465e-22 6.5219e-23 7.80901e-24 8.7712e-25 9.23199e-26 9.09458e-27 8.3741e-28 7.19632e-29 5.76193e-30 4.29033e-31 2.96452e-32 1.89632e-33 1.1199e-34 6.08695e-36 3.03409e-37 1.38126e-38 5.7156e-40 2.13773e-41 7.17886e-43 2.14734e-44 5.66574e-46 1.30273e-47 2.57026e-49 4.26376e-51 5.78343e-53 6.15946e-55 4.83002e-57 2.47948e-59 3.24004e-62 
0 2.30417e-59 4.53431e-57 5.84199e-55 5.5425e-53 4.12915e-51 2.51559e-49 1.28873e-47 5.66574e-46 2.17091e-44 7.33814e-43 2.20964e-41 5.97477e-40 1.4604e-38 3.245e-37 6.58605e-36 1.226e-34 2.1007e-33 3.32348e-32 4.86816e-31 6.61797e-30 8.36751e-29 9.8582e-28 1.08407e-26 1.11437e-25 1.07223e-24 9.66841e-24 8.17891e-23 6.49719e-22 4.85087e-21 3.40657e-20 2.25176e-19 1.40189e-18 8.22516e-18 4.55039e-17 2.3749e-16 1.16989e-15 5.4418e-15 2.39134e-14 9.93214e-14 3.90079e-13 1.44941e-12 5.09798e-12 1.69837e-11 5.36273e-11 1.60612e-10 4.56638e-10 1.23359e-09 3.1697e-09 7.75562e-09 1.80928e-08 4.02976e-08 8.58166e-08 1.75008e-07 3.42333e-07 6.434e-07 1.16389e-06 2.03009e-06 3.42028e-06 5.57602e-06 8.81185e-06 1.35219e-05 2.01823e-05 2.93475e-05 4.1641e-05 5.77404e-05 7.83558e-05 0.000104206 0.000135993 0.000174369 0.00021992 0.000273132 0.000334379 0.000403904 0.000481811 0.000568055 0.000662444 0.000764637 0.000874153 0.000990371 0.00111254 0.0012398 0.00137118 0.0015056 0.00164191 0.00177891 0.00191532 0.00204984 0.00218115 0.00230792 0.00242885 0.00254268 0.00264819 0.00274424 0.00282977 0.00290384 0.00296562 0.00301442 0.00304967 0.00307099 0.00307812 0.00307099 0.00304967 0.00301442 0.00296562 0.00290384 0.00282977 0.00274424 0.00264819 0.00254268 0.00242885 0.00230792 0.00218115 0.00204984 0.00191532 0.00177891 0.00164191 0.0015056 0.00137118 0.0012398 0.00111254 0.000990371 0.000874153 0.000764637 0.000662444 0.000568055 0.000481811 0.000403904 0.000334379 0.000273132 0.00021992 0.000174369 0.000135993 0.000104206 7.83558e-05 5.77404e-05 4.1641e-05 2.93475e-05 2.01823e-05 1.35219e-05 8.81185e-06 5.57602e-06 3.42028e-06 2.03009e-06 1.16389e-06 6.434e-07 3.42333e-07 1.75008e-07 8.58166e-08 4.02976e-08 1.80928e-08 7.75562e-09 3.1697e-09 1.23359e-09 4.56638e-10 1.60612e-10 5.36273e-11 1.69837e-11 5.09798e-12 1.44941e-12 3.90079e-13 9.93214e-14 2.39134e-14 5.4418e-15 1.16989e-15 2.3749e-16 4.55039e-17 8.22516e-18 1.40189e-18 2.25176e-19 3.40657e-20 4.85087e-21 6.49719e-22 8.17891e-23 9.66841e-24 1.07223e-24 1.11437e-25 1.08407e-26 9.8582e-28 8.36751e-29 6.61797e-30 4.86816e-31 3.32348e-32 2.1007e-33 1.226e-34 6.58605e-36 3.245e-37 1.4604e-38 5.97477e-40 2.20964e-41 7.33814e-43 2.17091e-44 5.66574e-46 1.28873e-47 2.51559e-49 4.12915e-51 5.5425e-53 5.84199e-55 4.53429e-57 1.2053e-59 
0 4.16786e-57 5.42474e-55 5.19972e-53 3.91415e-51 2.40972e-49 1.24763e-47 5.54401e-46 2.14734e-44 7.33814e-43 2.23415e-41 6.10871e-40 1.51004e-38 3.39366e-37 6.96732e-36 1.3121e-34 2.27471e-33 3.64157e-32 5.39812e-31 7.42731e-30 9.50557e-29 1.1337e-27 1.26219e-26 1.3137e-25 1.27997e-24 1.16881e-23 1.00137e-22 8.0568e-22 6.09281e-21 4.33404e-20 2.90193e-19 1.83007e-18 1.08764e-17 6.09476e-17 3.22177e-16 1.60728e-15 7.57065e-15 3.36824e-14 1.41606e-13 5.62805e-13 2.11558e-12 7.52501e-12 2.53412e-11 8.08447e-11 2.44496e-10 7.0149e-10 1.91105e-09 4.94816e-09 1.21901e-08 2.86076e-08 6.40381e-08 1.3693e-07 2.80113e-07 5.49091e-07 1.03318e-06 1.86937e-06 3.25828e-06 5.4809e-06 8.91425e-06 1.40436e-05 2.14694e-05 3.19059e-05 4.6172e-05 6.51722e-05 8.98706e-05 0.000121257 0.000160313 0.00020797 0.000265078 0.000332373 0.000410449 0.000499743 0.000600516 0.000712851 0.000836647 0.000971624 0.00111732 0.00127312 0.00143821 0.00161167 0.00179239 0.00197915 0.0021706 0.00236528 0.00256163 0.002758 0.0029527 0.00314399 0.00333009 0.00350924 0.00367971 0.0038398 0.0039879 0.00412249 0.00424218 0.0043457 0.00443196 0.00450004 0.00454919 0.0045789 0.00458884 0.0045789 0.00454919 0.00450004 0.00443196 0.0043457 0.00424218 0.00412249 0.0039879 0.0038398 0.00367971 0.00350924 0.00333009 0.00314399 0.0029527 0.002758 0.00256163 0.00236528 0.0021706 0.00197915 0.00179239 0.00161167 0.00143821 0.00127312 0.00111732 0.000971624 0.000836647 0.000712851 0.000600516 0.000499743 0.000410449 0.000332373 0.000265078 0.00020797 0.000160313 0.000121257 8.98706e-05 6.51722e-05 4.6172e-05 3.19059e-05 2.14694e-05 1.40436e-05 8.91425e-06 5.4809e-06 3.25828e-06 1.86937e-06 1.03318e-06 5.49091e-07 2.80113e-07 1.3693e-07 6.40381e-08 2.86076e-08 1.21901e-08 4.94816e-09 1.91105e-09 7.0149e-10 2.44496e-10 8.08447e-11 2.53412e-11 7.52501e-12 2.11558e-12 5.62805e-13 1.41606e-13 3.36824e-14 7.57065e-15 1.60728e-15 3.22177e-16 6.09476e-17 1.08764e-17 1.83007e-18 2.90193e-19 4.33404e-20 6.09281e-21 8.0568e-22 1.00137e-22 1.16881e-23 1.27997e-24 1.3137e-25 1.26219e-26 1.1337e-27 9.50557e-29 7.42731e-30 5.39812e-31 3.64157e-32 2.27471e-33 1.3121e-34 6.96732e-36 3.39366e-37 1.51004e-38 6.10871e-40 2.23415e-41 7.33814e-43 2.14734e-44 5.54401e-46 1.24763e-47 2.40972e-49 3.91415e-51 5.19972e-53 5.42464e-55 2.20056e-57 
0 4.93144e-55 4.77532e-53 3.63177e-51 2.25918e-49 1.182e-47 5.3083e-46 2.07816e-44 7.17886e-43 2.20964e-41 6.10871e-40 1.52696e-38 3.47052e-37 7.20656e-36 1.37283e-34 2.40772e-33 3.89988e-32 5.84973e-31 8.1452e-30 1.05504e-28 1.27368e-27 1.43547e-26 1.51259e-25 1.49216e-24 1.37971e-23 1.19701e-22 9.75334e-22 7.47002e-21 5.38181e-20 3.64977e-19 2.33129e-18 1.40332e-17 7.96456e-17 4.2639e-16 2.15414e-15 1.02738e-14 4.62755e-14 1.96921e-13 7.91995e-13 3.01174e-12 1.08334e-11 3.68784e-11 1.1887e-10 3.63018e-10 1.05109e-09 2.8877e-09 7.53442e-09 1.86885e-08 4.41187e-08 9.92521e-08 2.13074e-07 4.37169e-07 8.58617e-07 1.61705e-06 2.92549e-06 5.0936e-06 8.55112e-06 1.38682e-05 2.1769e-05 3.31361e-05 4.90019e-05 7.05278e-05 9.8971e-05 0.000135641 0.000181854 0.000238877 0.000307888 0.000389929 0.000485876 0.000596416 0.000722031 0.000862994 0.00101937 0.00119101 0.00137756 0.00157849 0.00179304 0.0020203 0.00225914 0.00250827 0.00276621 0.00303133 0.00330182 0.00357573 0.00385098 0.00412538 0.00439666 0.0046625 0.00492055 0.00516844 0.00540387 0.0056246 0.00582849 0.00601354 0.0061779 0.00631991 0.00643815 0.0065314 0.0065987 0.00663936 0.00665296 0.00663936 0.0065987 0.0065314 0.00643815 0.00631991 0.0061779 0.00601354 0.00582849 0.0056246 0.00540387 0.00516844 0.00492055 0.0046625 0.00439666 0.00412538 0.00385098 0.00357573 0.00330182 0.00303133 0.00276621 0.00250827 0.00225914 0.0020203 0.00179304 0.00157849 0.00137756 0.00119101 0.00101937 0.000862994 0.000722031 0.000596416 0.000485876 0.000389929 0.000307888 0.000238877 0.000181854 0.000135641 9.8971e-05 7.05278e-05 4.90019e-05 3.31361e-05 2.1769e-05 1.38682e-05 8.55112e-06 5.0936e-06 2.92549e-06 1.61705e-06 8.58617e-07 4.37169e-07 2.13074e-07 9.92521e-08 4.41187e-08 1.86885e-08 7.53442e-09 2.8877e-09 1.05109e-09 3.63018e-10 1.1887e-10 3.68784e-11 1.08334e-11 3.01174e-12 7.91995e-13 1.96921e-13 4.62755e-14 1.02738e-14 2.15414e-15 4.2639e-16 7.96456e-17 1.40332e-17 2.33129e-18 3.64977e-19 5.38181e-20 7.47002e-21 9.75334e-22 1.19701e-22 1.37971e-23 1.49216e-24 1.51259e-25 1.43547e-26 1.27368e-27 1.05504e-28 8.1452e-30 5.84973e-31 3.89988e-32 2.40772e-33 1.37283e-34 7.20656e-36 3.47052e-37 1.52696e-38 6.10871e-40 2.20964e-41 7.17886e-43 2.07816e-44 5.3083e-46 1.182e-47 2.25918e-49 3.63177e-51 4.77515e-53 2.62841e-55 
0 4.29272e-53 3.29833e-51 2.07294e-49 1.09587e-47 4.97333e-46 1.96774e-44 6.87055e-43 2.13773e-41 5.97477e-40 1.51004e-38 3.47052e-37 7.28811e-36 1.40423e-34 2.49122e-33 4.08215e-32 6.19516e-31 8.7286e-30 1.14416e-28 1.39795e-27 1.59473e-26 1.70104e-25 1.69883e-24 1.59038e-23 1.39708e-22 1.15271e-21 8.94038e-21 6.52304e-20 4.48012e-19 2.8982e-18 1.76684e-17 1.01554e-16 5.50578e-16 2.81661e-15 1.36013e-14 6.20196e-14 2.67127e-13 1.08716e-12 4.18223e-12 1.52134e-11 5.23511e-11 1.70495e-10 5.25797e-10 1.53642e-09 4.25693e-09 1.11927e-08 2.79532e-08 6.63821e-08 1.50078e-07 3.23451e-07 6.65531e-07 1.30945e-06 2.46781e-06 4.46295e-06 7.75955e-06 1.29956e-05 2.10068e-05 3.28389e-05 4.97439e-05 7.3159e-05 0.000104666 0.000145938 0.000198675 0.000264539 0.000345093 0.000441745 0.000555713 0.000687997 0.000839368 0.00101037 0.0012013 0.00141226 0.00164313 0.00189357 0.00216302 0.00245073 0.0027557 0.00307671 0.00341228 0.0037607 0.00412002 0.00448804 0.00486233 0.00524028 0.00561906 0.00599575 0.00636729 0.00673056 0.00708243 0.00741977 0.00773955 0.00803883 0.00831482 0.00856492 0.00878676 0.00897822 0.00913746 0.00926294 0.00935345 0.00940811 0.00942639 0.00940811 0.00935345 0.00926294 0.00913746 0.00897822 0.00878676 0.00856492 0.00831482 0.00803883 0.00773955 0.00741977 0.00708243 0.00673056 0.00636729 0.00599575 0.00561906 0.00524028 0.00486233 0.00448804 0.00412002 0.0037607 0.00341228 0.00307671 0.0027557 0.00245073 0.00216302 0.00189357 0.00164313 0.00141226 0.0012013 0.00101037 0.000839368 0.000687997 0.000555713 0.000441745 0.000345093 0.000264539 0.000198675 0.000145938 0.000104666 7.3159e-05 4.97439e-05 3.28389e-05 2.10068e-05 1.29956e-05 7.75955e-06 4.46295e-06 2.46781e-06 1.30945e-06 6.65531e-07 3.23451e-07 1.50078e-07 6.63821e-08 2.79532e-08 1.11927e-08 4.25693e-09 1.53642e-09 5.25797e-10 1.70495e-10 5.23511e-11 1.52134e-11 4.18223e-12 1.08716e-12 2.67127e-13 6.20196e-14 1.36013e-14 2.81661e-15 5.50578e-16 1.01554e-16 1.76684e-17 2.8982e-18 4.48012e-19 6.52304e-20 8.94038e-21 1.15271e-21 1.39708e-22 1.59038e-23 1.69883e-24 1.70104e-25 1.59473e-26 1.39795e-27 1.14416e-28 8.7286e-30 6.19516e-31 4.08215e-32 2.49122e-33 1.40423e-34 7.28811e-36 3.47052e-37 1.51004e-38 5.97477e-40 2.13773e-41 6.87055e-43 1.96774e-44 4.97333e-46 1.09587e-47 2.07294e-49 3.29813e-51 2.31001e-53 
0 2.93157e-51 1.86151e-49 9.94255e-48 4.55925e-46 1.82292e-44 6.43266e-43 2.02301e-41 5.7156e-40 1.4604e-38 3.39366e-37 7.20656e-36 1.40423e-34 2.51969e-33 4.17645e-32 6.4121e-31 9.14049e-30 1.21236e-28 1.49902e-27 1.73067e-26 1.86851e-25 1.88896e-24 1.79021e-23 1.59217e-22 1.3301e-21 1.04458e-20 7.71759e-20 5.36762e-19 3.51634e-18 2.17085e-17 1.26356e-16 6.93686e-16 3.59325e-15 1.75677e-14 8.10915e-14 3.53509e-13 1.45584e-12 5.66563e-12 2.08421e-11 7.25012e-11 2.3858e-10 7.43035e-10 2.19131e-09 6.12337e-09 1.62252e-08 4.08017e-08 9.74726e-08 2.21461e-07 4.79159e-07 9.88661e-07 1.94843e-06 3.67391e-06 6.64003e-06 1.1525e-05 1.92489e-05 3.09994e-05 4.82376e-05 7.2679e-05 0.000106249 0.000151018 0.000209115 0.000282651 0.000373627 0.000483879 0.000615023 0.000768436 0.000945247 0.00114634 0.00137239 0.00162384 0.00190093 0.00220372 0.00253204 0.00288547 0.00326335 0.00366472 0.00408828 0.00453242 0.00499513 0.00547406 0.0059665 0.0064694 0.00697941 0.00749292 0.0080061 0.00851498 0.00901546 0.00950342 0.00997476 0.0104254 0.0108516 0.0112494 0.0116155 0.0119465 0.0122397 0.0124922 0.012702 0.0128671 0.0129861 0.0130579 0.013082 0.0130579 0.0129861 0.0128671 0.012702 0.0124922 0.0122397 0.0119465 0.0116155 0.0112494 0.0108516 0.0104254 0.00997476 0.00950342 0.00901546 0.00851498 0.0080061 0.00749292 0.00697941 0.0064694 0.0059665 0.00547406 0.00499513 0.00453242 0.00408828 0.00366472 0.00326335 0.00288547 0.00253204 0.00220372 0.00190093 0.00162384 0.00137239 0.00114634 0.000945247 0.000768436 0.000615023 0.000483879 0.000373627 0.000282651 0.000209115 0.000151018 0.000106249 7.2679e-05 4.82376e-05 3.09994e-05 1.92489e-05 1.1525e-05 6.64003e-06 3.67391e-06 1.94843e-06 9.88661e-07 4.79159e-07 2.21461e-07 9.74726e-08 4.08017e-08 1.62252e-08 6.12337e-09 2.19131e-09 7.43035e-10 2.3858e-10 7.25012e-11 2.08421e-11 5.66563e-12 1.45584e-12 3.53509e-13 8.10915e-14 1.75677e-14 3.59325e-15 6.93686e-16 1.26356e-16 2.17085e-17 3.51634e-18 5.36762e-19 7.71759e-20 1.04458e-20 1.3301e-21 1.59217e-22 1.79021e-23 1.88896e-24 1.86851e-25 1.73067e-26 1.49902e-27 1.21236e-28 9.14049e-30 6.4121e-31 4.17645e-32 2.51969e-33 1.40423e-34 7.20656e-36 3.39366e-37 1.4604e-38 5.7156e-40 2.02301e-41 6.43266e-43 1.82292e-44 4.55925e-46 9.94255e-48 1.86133e-49 1.59299e-51 
0 1.63564e-49 8.82725e-48 4.08963e-46 1.65222e-44 5.89176e-43 1.87264e-41 5.3477e-40 1.38126e-38 3.245e-37 6.96732e-36 1.37283e-34 2.49122e-33 4.17645e-32 6.48608e-31 9.35363e-30 1.25522e-28 1.57041e-27 1.83478e-26 2.0048e-25 2.05137e-24 1.96793e-23 1.77181e-22 1.49852e-21 1.19152e-20 8.91338e-20 6.27717e-19 4.16396e-18 2.60306e-17 1.5342e-16 8.52841e-16 4.47286e-15 2.21393e-14 1.03449e-13 4.56433e-13 1.90207e-12 7.48829e-12 2.78586e-11 9.79676e-11 3.25758e-10 1.02463e-09 3.04994e-09 8.5963e-09 2.29566e-08 5.81322e-08 1.39711e-07 3.19016e-07 6.92923e-07 1.43366e-06 2.82985e-06 5.33787e-06 9.63944e-06 1.66979e-05 2.78027e-05 4.45915e-05 6.90404e-05 0.000103419 0.000150211 0.000212017 0.000291436 0.000390968 0.000512925 0.000659381 0.000832146 0.00103277 0.00126259 0.00152271 0.0018141 0.00213755 0.00249369 0.00288297 0.00330558 0.00376142 0.00425002 0.00477051 0.0053215 0.00590112 0.00650695 0.00713604 0.00778495 0.00844974 0.0091261 0.00980935 0.0104945 0.0111765 0.01185 0.0125098 0.0131505 0.0137671 0.0143546 0.0149081 0.0154233 0.015896 0.0163224 0.016699 0.0170229 0.0172914 0.0175025 0.0176545 0.0177461 0.0177768 0.0177461 0.0176545 0.0175025 0.0172914 0.0170229 0.016699 0.0163224 0.015896 0.0154233 0.0149081 0.0143546 0.0137671 0.0131505 0.0125098 0.01185 0.0111765 0.0104945 0.00980935 0.0091261 0.00844974 0.00778495 0.00713604 0.00650695 0.00590112 0.0053215 0.00477051 0.00425002 0.00376142 0.00330558 0.00288297 0.00249369 0.00213755 0.0018141 0.00152271 0.00126259 0.00103277 0.000832146 0.000659381 0.000512925 0.000390968 0.000291436 0.000212017 0.000150211 0.000103419 6.90404e-05 4.45915e-05 2.78027e-05 1.66979e-05 9.63944e-06 5.33787e-06 2.82985e-06 1.43366e-06 6.92923e-07 3.19016e-07 1.39711e-07 5.81322e-08 2.29566e-08 8.5963e-09 3.04994e-09 1.02463e-09 3.25758e-10 9.79676e-11 2.78586e-11 7.48829e-12 1.90207e-12 4.56433e-13 1.03449e-13 2.21393e-14 4.47286e-15 8.52841e-16 1.5342e-16 2.60306e-17 4.16396e-18 6.27717e-19 8.91338e-20 1.19152e-20 1.49852e-21 1.77181e-22 1.96793e-23 2.05137e-24 2.0048e-25 1.83478e-26 1.57041e-27 1.25522e-28 9.35363e-30 6.48608e-31 4.17645e-32 2.49122e-33 1.37283e-34 6.96732e-36 3.245e-37 1.38126e-38 5.3477e-40 1.87264e-41 5.89176e-43 1.65222e-44 4.08963e-46 8.8261e-48 8.97626e-50 
0 7.66666e-48 3.58928e-46 1.46506e-44 5.27893e-43 1.69556e-41 4.89362e-40 1.27758e-38 3.03409e-37 6.58605e-36 1.3121e-34 2.40772e-33 4.08215e-32 6.4121e-31 9.35363e-30 1.26983e-28 1.60736e-27 1.90021e-26 2.10111e-25 2.17582e-24 2.11266e-23 1.92536e-22 1.64842e-21 1.32692e-20 1.00496e-19 7.16565e-19 4.81279e-18 3.04634e-17 1.81795e-16 1.0232e-15 5.43309e-15 2.72247e-14 1.28769e-13 5.75019e-13 2.42475e-12 9.6572e-12 3.6335e-11 1.29177e-10 4.34057e-10 1.37894e-09 4.14324e-09 1.17797e-08 3.17081e-08 8.08617e-08 1.95527e-07 4.48729e-07 9.78514e-07 2.03013e-06 4.01331e-06 7.57222e-06 1.36609e-05 2.36119e-05 3.91826e-05 6.25644e-05 9.63454e-05 0.000143425 0.00020689 0.000289875 0.000395423 0.000526378 0.000685318 0.000874537 0.00109607 0.00135176 0.0016433 0.00197228 0.00234025 0.00274865 0.0031988 0.00369177 0.00422833 0.00480877 0.00543284 0.00609961 0.00680747 0.00755402 0.00833613 0.00914995 0.00999094 0.010854 0.0117335 0.0126234 0.0135174 0.0144091 0.0152918 0.0161591 0.0170043 0.0178212 0.0186038 0.0193462 0.020043 0.0206892 0.0212801 0.0218116 0.0222798 0.0226815 0.023014 0.023275 0.0234627 0.0235758 0.0236136 0.0235758 0.0234627 0.023275 0.023014 0.0226815 0.0222798 0.0218116 0.0212801 0.0206892 0.020043 0.0193462 0.0186038 0.0178212 0.0170043 0.0161591 0.0152918 0.0144091 0.0135174 0.0126234 0.0117335 0.010854 0.00999094 0.00914995 0.00833613 0.00755402 0.00680747 0.00609961 0.00543284 0.00480877 0.00422833 0.00369177 0.0031988 0.00274865 0.00234025 0.00197228 0.0016433 0.00135176 0.00109607 0.000874537 0.000685318 0.000526378 0.000395423 0.000289875 0.00020689 0.000143425 9.63454e-05 6.25644e-05 3.91826e-05 2.36119e-05 1.36609e-05 7.57222e-06 4.01331e-06 2.03013e-06 9.78514e-07 4.48729e-07 1.95527e-07 8.08617e-08 3.17081e-08 1.17797e-08 4.14324e-09 1.37894e-09 4.34057e-10 1.29177e-10 3.6335e-11 9.6572e-12 2.42475e-12 5.75019e-13 1.28769e-13 2.72247e-14 5.43309e-15 1.0232e-15 1.81795e-16 3.04634e-17 4.81279e-18 7.16565e-19 1.00496e-19 1.32692e-20 1.64842e-21 1.92536e-22 2.11266e-23 2.17582e-24 2.10111e-25 1.90021e-26 1.60736e-27 1.26983e-28 9.35363e-30 6.4121e-31 4.08215e-32 2.40772e-33 1.3121e-34 6.58605e-36 3.03409e-37 1.27758e-38 4.89362e-40 1.69556e-41 5.27893e-43 1.46506e-44 3.58865e-46 4.24991e-48 
0 3.08095e-46 1.27094e-44 4.62681e-43 1.50163e-41 4.37967e-40 1.1556e-38 2.77397e-37 6.08695e-36 1.226e-34 2.27471e-33 3.89988e-32 6.19516e-31 9.14049e-30 1.25522e-28 1.60736e-27 1.92253e-26 2.15098e-25 2.25408e-24 2.21498e-23 2.04309e-22 1.77056e-21 1.44274e-20 1.10616e-19 7.98496e-19 5.42973e-18 3.47964e-17 2.10239e-16 1.19801e-15 6.44019e-15 3.26689e-14 1.56408e-13 7.06882e-13 3.01626e-12 1.21532e-11 4.62462e-11 1.66226e-10 5.64468e-10 1.81135e-09 5.4943e-09 1.57591e-08 4.2762e-08 1.09837e-07 2.67248e-07 6.16502e-07 1.34978e-06 2.80826e-06 5.56005e-06 1.04928e-05 1.89092e-05 3.26054e-05 5.39117e-05 8.56763e-05 0.000131182 0.000194007 0.000277847 0.000386334 0.000522893 0.000690654 0.000892437 0.00113081 0.00140816 0.00172686 0.00208928 0.00249789 0.00295519 0.00346364 0.00402551 0.00464272 0.00531661 0.0060478 0.00683602 0.00768003 0.00857756 0.0095253 0.010519 0.0115534 0.0126225 0.0137198 0.0148381 0.0159697 0.017107 0.0182419 0.0193666 0.0204731 0.0215539 0.0226014 0.0236087 0.024569 0.0254759 0.0263237 0.027107 0.0278209 0.0284611 0.0290237 0.0295053 0.0299032 0.030215 0.030439 0.0305739 0.030619 0.0305739 0.030439 0.030215 0.0299032 0.0295053 0.0290237 0.0284611 0.0278209 0.027107 0.0263237 0.0254759 0.024569 0.0236087 0.0226014 0.0215539 0.0204731 0.0193666 0.0182419 0.017107 0.0159697 0.0148381 0.0137198 0.0126225 0.0115534 0.010519 0.0095253 0.00857756 0.00768003 0.00683602 0.0060478 0.00531661 0.00464272 0.00402551 0.00346364 0.00295519 0.00249789 0.00208928 0.00172686 0.00140816 0.00113081 0.000892437 0.000690654 0.000522893 0.000386334 0.000277847 0.000194007 0.000131182 8.56763e-05 5.39117e-05 3.26054e-05 1.89092e-05 1.04928e-05 5.56005e-06 2.80826e-06 1.34978e-06 6.16502e-07 2.67248e-07 1.09837e-07 4.2762e-08 1.57591e-08 5.4943e-09 1.81135e-09 5.64468e-10 1.66226e-10 4.62462e-11 1.21532e-11 3.01626e-12 7.06882e-13 1.56408e-13 3.26689e-14 6.44019e-15 1.19801e-15 2.10239e-16 3.47964e-17 5.42973e-18 7.98496e-19 1.10616e-19 1.44274e-20 1.77056e-21 2.04309e-22 2.21498e-23 2.25408e-24 2.15098e-25 1.92253e-26 1.60736e-27 1.25522e-28 9.14049e-30 6.19516e-31 3.89988e-32 2.27471e-33 1.226e-34 6.08695e-36 2.77397e-37 1.1556e-38 4.37967e-40 1.50163e-41 4.62681e-43 1.27065e-44 1.72543e-46 
0 1.07804e-44 3.96678e-43 1.30075e-41 3.83344e-40 1.02216e-38 2.47984e-37 5.50023e-36 1.1199e-34 2.1007e-33 3.64157e-32 5.84973e-31 8.7286e-30 1.21236e-28 1.57041e-27 1.90021e-26 2.15098e-25 2.28078e-24 2.26799e-23 2.11714e-22 1.85696e-21 1.53158e-20 1.18867e-19 8.68617e-19 5.97952e-18 3.87942e-17 2.37299e-16 1.36895e-15 7.45007e-15 3.82564e-14 1.85394e-13 8.48006e-13 3.66153e-12 1.49256e-11 5.74447e-11 2.08766e-10 7.16501e-10 2.32267e-09 7.11318e-09 2.05856e-08 5.63181e-08 1.45721e-07 3.56826e-07 8.27526e-07 1.81933e-06 3.79615e-06 7.52782e-06 1.42095e-05 2.55773e-05 4.39928e-05 7.24652e-05 0.000114591 0.000174406 0.000256177 0.000364168 0.000502435 0.000674706 0.000884361 0.00113451 0.00142815 0.00176834 0.00215834 0.00260171 0.00310221 0.00366374 0.00429007 0.00498458 0.00574996 0.00658794 0.00749909 0.00848268 0.00953662 0.0106575 0.0118404 0.0130797 0.0143683 0.0156986 0.0170622 0.0184502 0.0198536 0.0212629 0.0226689 0.0240622 0.0254339 0.0267752 0.0280777 0.0293333 0.0305345 0.0316743 0.0327462 0.0337443 0.0346631 0.0354978 0.0362441 0.0368983 0.0374572 0.0379181 0.0382787 0.0385375 0.0386933 0.0387453 0.0386933 0.0385375 0.0382787 0.0379181 0.0374572 0.0368983 0.0362441 0.0354978 0.0346631 0.0337443 0.0327462 0.0316743 0.0305345 0.0293333 0.0280777 0.0267752 0.0254339 0.0240622 0.0226689 0.0212629 0.0198536 0.0184502 0.0170622 0.0156986 0.0143683 0.0130797 0.0118404 0.0106575 0.00953662 0.00848268 0.00749909 0.00658794 0.00574996 0.00498458 0.00429007 0.00366374 0.00310221 0.00260171 0.00215834 0.00176834 0.00142815 0.00113451 0.000884361 0.000674706 0.000502435 0.000364168 0.000256177 0.000174406 0.000114591 7.24652e-05 4.39928e-05 2.55773e-05 1.42095e-05 7.52782e-06 3.79615e-06 1.81933e-06 8.27526e-07 3.56826e-07 1.45721e-07 5.63181e-08 2.05856e-08 7.11318e-09 2.32267e-09 7.16501e-10 2.08766e-10 5.74447e-11 1.49256e-11 3.66153e-12 8.48006e-13 1.85394e-13 3.82564e-14 7.45007e-15 1.36895e-15 2.37299e-16 3.87942e-17 5.97952e-18 8.68617e-19 1.18867e-19 1.53158e-20 1.85696e-21 2.11714e-22 2.26799e-23 2.28078e-24 2.15098e-25 1.90021e-26 1.57041e-27 1.21236e-28 8.7286e-30 5.84973e-31 3.64157e-32 2.1007e-33 1.1199e-34 5.50023e-36 2.47984e-37 1.02216e-38 3.83344e-40 1.30075e-41 3.96566e-43 6.10042e-45 
