0 0 0 0 0 0 0 0 0 0 0 0 0 0 0 0 0 0 0 0 0 0 0 0 0 0 0 0 0 0 0 0 0 0 0 0 0 0 0 0 0 0 0 0 0 0 0 0 0 0 0 0 0 0 0 0 0 0 0 0 0 0 0 0 0 0 0 0 0 0 0 0 0 0 0 0 0 0 0 0 0 0 0 0 0 0 0 0 0 0 0 0 0 0 0 0 0 0 0 0 0 0 0 0 0 0 0 0 0 0 0 0 0 0 0 0 0 0 0 0 0 0 0 0 0 0 0 0 0 0 0 0 0 0 0 0 0 0 0 0 0 0 0 0 0 0 0 0 0 0 0 0 0 0 0 0 0 0 0 0 0 0 0 0 0 0 0 0 0 0 0 0 0 0 0 0 0 0 0 0 0 0 0 0 0 0 0 0 0 0 0 0 0 0 0 0 0 0 0 0 
0 0 0 0 0 0 1.65606e-62 6.23698e-60 1.15303e-57 1.39479e-55 1.24169e-53 8.6751e-52 4.95337e-50 2.37689e-48 9.78208e-47 3.50657e-45 1.10823e-43 3.11824e-42 7.87397e-41 1.79627e-39 3.72294e-38 7.04395e-37 1.22168e-35 1.94922e-34 2.87004e-33 3.9105e-32 4.94253e-31 5.80732e-30 6.35541e-29 6.48934e-28 6.19179e-27 5.52831e-26 4.62462e-25 3.6288e-24 2.67365e-23 1.85148e-22 1.2061e-21 7.39715e-21 4.27456e-20 2.32909e-19 1.19745e-18 5.81311e-18 2.66645e-17 1.15647e-16 4.74592e-16 1.8442e-15 6.79092e-15 2.37158e-14 7.86161e-14 2.476e-13 7.41625e-13 2.11484e-12 5.74805e-12 1.49087e-11 3.69479e-11 8.76101e-11 1.99041e-10 4.33892e-10 9.08907e-10 1.83237e-09 3.5606e-09 6.67906e-09 1.21129e-08 2.12701e-08 3.62178e-08 5.98859e-08 9.629e-08 1.50756e-07 2.30126e-07 3.42919e-07 4.9942e-07 7.11669e-07 9.93331e-07 1.35942e-06 1.82591e-06 2.40914e-06 3.12519e-06 3.98909e-06 5.014e-06 6.21037e-06 7.58517e-06 9.1411e-06 1.08761e-05 1.27827e-05 1.4848e-05 1.70535e-05 1.93752e-05 2.17842e-05 2.42469e-05 2.67262e-05 2.91821e-05 3.15726e-05 3.38554e-05 3.59883e-05 3.79309e-05 3.96456e-05 4.10984e-05 4.22602e-05 4.31075e-05 4.3623e-05 4.3796e-05 4.3623e-05 4.31075e-05 4.22602e-05 4.10984e-05 3.96456e-05 3.79309e-05 3.59883e-05 3.38554e-05 3.15726e-05 2.91821e-05 2.67262e-05 2.42469e-05 2.17842e-05 1.93752e-05 1.70535e-05 1.4848e-05 1.27827e-05 1.08761e-05 9.1411e-06 7.58517e-06 6.21037e-06 5.014e-06 3.98909e-06 3.12519e-06 2.40914e-06 1.82591e-06 1.35942e-06 9.93331e-07 7.11669e-07 4.9942e-07 3.42919e-07 2.30126e-07 1.50756e-07 9.629e-08 5.98859e-08 3.62178e-08 2.12701e-08 1.21129e-08 6.67906e-09 3.5606e-09 1.83237e-09 9.08907e-10 4.33892e-10 1.99041e-10 8.76101e-11 3.69479e-11 1.49087e-11 5.74805e-12 2.11484e-12 7.41625e-13 2.476e-13 7.86161e-14 2.37158e-14 6.79092e-15 1.8442e-15 4.74592e-16 1.15647e-16 2.66645e-17 5.81311e-18 1.19745e-18 2.32909e-19 4.27456e-20 7.39715e-21 1.2061e-21 1.85148e-22 2.67365e-23 3.6288e-24 4.62462e-25 5.52831e-26 6.19179e-27 6.48934e-28 6.35541e-29 5.80732e-30 4.94253e-31 3.9105e-32 2.87004e-33 1.94922e-34 1.22168e-35 7.04395e-37 3.72294e-38 1.79627e-39 7.87397e-41 3.11824e-42 1.10823e-43 3.50657e-45 9.78208e-47 2.37689e-48 4.95337e-50 8.6751e-52 1.24169e-53 1.39479e-55 1.15303e-57 6.23698e-60 1.65606e-62 0 0 0 0 0 
0 0 0 0 0 1.72579e-62 6.56873e-60 1.22743e-57 1.50096e-55 1.35094e-53 9.54359e-52 5.51076e-50 2.67455e-48 1.11343e-46 4.03799e-45 1.29129e-43 3.67684e-42 9.39706e-41 2.17003e-39 4.55343e-38 8.72349e-37 1.5322e-35 2.4761e-34 3.69323e-33 5.09832e-32 6.52953e-31 7.77514e-30 8.62458e-29 8.92722e-28 8.63596e-27 7.81849e-26 6.63279e-25 5.27864e-24 3.94503e-23 2.77135e-22 1.83157e-21 1.13972e-20 6.68258e-20 3.69466e-19 1.92747e-18 9.49453e-18 4.41896e-17 1.94453e-16 8.09564e-16 3.19103e-15 1.19171e-14 4.21998e-14 1.41809e-13 4.52619e-13 1.37346e-12 3.96634e-12 1.09128e-11 2.86394e-11 7.17815e-11 1.7205e-10 3.94904e-10 8.69254e-10 1.83765e-09 3.73677e-09 7.32008e-09 1.38353e-08 2.52689e-08 4.46647e-08 7.65204e-08 1.2725e-07 2.05695e-07 3.23649e-07 4.96343e-07 7.4285e-07 1.08633e-06 1.55404e-06 2.17714e-06 2.99011e-06 4.02992e-06 5.33486e-06 6.94304e-06 8.89076e-06 1.12107e-05 1.39299e-05 1.70683e-05 2.06365e-05 2.46349e-05 2.90519e-05 3.38641e-05 3.90351e-05 4.4516e-05 5.02463e-05 5.61544e-05 6.21596e-05 6.81733e-05 7.41018e-05 7.98481e-05 8.53144e-05 9.04048e-05 9.50276e-05 9.90979e-05 0.00010254 0.000105287 0.000107289 0.000108506 0.000108914 0.000108506 0.000107289 0.000105287 0.00010254 9.90979e-05 9.50276e-05 9.04048e-05 8.53144e-05 7.98481e-05 7.41018e-05 6.81733e-05 6.21596e-05 5.61544e-05 5.02463e-05 4.4516e-05 3.90351e-05 3.38641e-05 2.90519e-05 2.46349e-05 2.06365e-05 1.70683e-05 1.39299e-05 1.12107e-05 8.89076e-06 6.94304e-06 5.33486e-06 4.02992e-06 2.99011e-06 2.17714e-06 1.55404e-06 1.08633e-06 7.4285e-07 4.96343e-07 3.23649e-07 2.05695e-07 1.2725e-07 7.65204e-08 4.46647e-08 2.52689e-08 1.38353e-08 7.32008e-09 3.73677e-09 1.83765e-09 8.69254e-10 3.94904e-10 1.7205e-10 7.17815e-11 2.86394e-11 1.09128e-11 3.96634e-12 1.37346e-12 4.52619e-13 1.41809e-13 4.21998e-14 1.19171e-14 3.19103e-15 8.09564e-16 1.94453e-16 4.41896e-17 9.49453e-18 1.92747e-18 3.69466e-19 6.68258e-20 1.13972e-20 1.83157e-21 2.77135e-22 3.94503e-23 5.27864e-24 6.63279e-25 7.81849e-26 8.63596e-27 8.92722e-28 8.62458e-29 7.77514e-30 6.52953e-31 5.09832e-32 3.69323e-33 2.4761e-34 1.5322e-35 8.72349e-37 4.55343e-38 2.17003e-39 9.39706e-41 3.67684e-42 1.29129e-43 4.03799e-45 1.11343e-46 2.67455e-48 5.51076e-50 9.54359e-52 1.35094e-53 1.50096e-55 1.22743e-57 6.56873e-60 1.72579e-62 0 0 0 0 
0 0 0 0 1.76175e-62 6.77617e-60 1.27966e-57 1.58165e-55 1.43903e-53 1.02775e-51 6.00038e-50 2.94483e-48 1.23984e-46 4.5479e-45 1.47118e-43 4.23804e-42 1.09593e-40 2.56099e-39 5.43856e-38 1.05461e-36 1.8751e-35 3.06786e-34 4.63323e-33 6.47683e-32 8.40088e-31 1.01322e-29 1.1385e-28 1.19386e-27 1.17012e-26 1.0734e-25 9.22755e-25 7.44207e-24 5.63673e-23 4.0132e-22 2.68817e-21 1.69539e-20 1.00751e-19 5.64546e-19 2.98473e-18 1.48986e-17 7.02582e-17 3.13205e-16 1.32075e-15 5.27174e-15 1.99311e-14 7.14277e-14 2.42828e-13 7.83772e-13 2.40399e-12 7.01376e-12 1.94851e-11 5.16035e-11 1.3044e-10 3.15103e-10 7.28453e-10 1.61389e-09 3.43175e-09 7.01428e-09 1.38023e-08 2.61878e-08 4.79852e-08 8.50457e-08 1.46017e-07 2.43226e-07 3.93655e-07 6.19918e-07 9.51181e-07 1.42389e-06 2.08219e-06 2.97798e-06 4.17041e-06 5.72485e-06 7.71129e-06 1.02022e-05 1.32696e-05 1.69827e-05 2.14037e-05 2.65851e-05 3.25663e-05 3.93705e-05 4.70022e-05 5.54455e-05 6.46622e-05 7.45917e-05 8.51511e-05 9.62357e-05 0.000107722 0.000119467 0.000131315 0.000143098 0.000154643 0.00016577 0.000176302 0.000186067 0.000194901 0.000202654 0.000209192 0.0002144 0.000218188 0.000220489 0.00022126 0.000220489 0.000218188 0.0002144 0.000209192 0.000202654 0.000194901 0.000186067 0.000176302 0.00016577 0.000154643 0.000143098 0.000131315 0.000119467 0.000107722 9.62357e-05 8.51511e-05 7.45917e-05 6.46622e-05 5.54455e-05 4.70022e-05 3.93705e-05 3.25663e-05 2.65851e-05 2.14037e-05 1.69827e-05 1.32696e-05 1.02022e-05 7.71129e-06 5.72485e-06 4.17041e-06 2.97798e-06 2.08219e-06 1.42389e-06 9.51181e-07 6.19918e-07 3.93655e-07 2.43226e-07 1.46017e-07 8.50457e-08 4.79852e-08 2.61878e-08 1.38023e-08 7.01428e-09 3.43175e-09 1.61389e-09 7.28453e-10 3.15103e-10 1.3044e-10 5.16035e-11 1.94851e-11 7.01376e-12 2.40399e-12 7.83772e-13 2.42828e-13 7.14277e-14 1.99311e-14 5.27174e-15 1.32075e-15 3.13205e-16 7.02582e-17 1.48986e-17 2.98473e-18 5.64546e-19 1.00751e-19 1.69539e-20 2.68817e-21 4.0132e-22 5.63673e-23 7.44207e-24 9.22755e-25 1.0734e-25 1.17012e-26 1.19386e-27 1.1385e-28 1.01322e-29 8.40088e-31 6.47683e-32 4.63323e-33 3.06786e-34 1.8751e-35 1.05461e-36 5.43856e-38 2.56099e-39 1.09593e-40 4.23804e-42 1.47118e-43 4.5479e-45 1.23984e-46 2.94483e-48 6.00038e-50 1.02775e-51 1.43903e-53 1.58165e-55 1.27966e-57 6.77617e-60 1.76175e-62 0 0 0 
0 0 0 1.76175e-62 6.84675e-60 1.3066e-57 1.63212e-55 1.50091e-53 1.08359e-51 6.39583e-50 3.17372e-48 1.35118e-46 5.01246e-45 1.64001e-43 4.77902e-42 1.25026e-40 2.95612e-39 6.3525e-38 1.24667e-36 2.24353e-35 3.71571e-34 5.6812e-33 8.04113e-32 1.05615e-30 1.29002e-29 1.46813e-28 1.55942e-27 1.54831e-26 1.43895e-25 1.25332e-24 1.0242e-23 7.8607e-23 5.67134e-22 3.84968e-21 2.46045e-20 1.48172e-19 8.41344e-19 4.50726e-18 2.27955e-17 1.08904e-16 4.9176e-16 2.1001e-15 8.48728e-15 3.24803e-14 1.17785e-13 4.05036e-13 1.32182e-12 4.09731e-12 1.20746e-11 3.38633e-11 9.0478e-11 2.30582e-10 5.61202e-10 1.30619e-09 2.91139e-09 6.22356e-09 1.27786e-08 2.52411e-08 4.80404e-08 8.82407e-08 1.5667e-07 2.69305e-07 4.48868e-07 7.26549e-07 1.14373e-06 1.75355e-06 2.62204e-06 3.82879e-06 5.46678e-06 7.64133e-06 1.04682e-05 1.40703e-05 1.85744e-05 2.41058e-05 3.07835e-05 3.8715e-05 4.79902e-05 5.86766e-05 7.08144e-05 8.44128e-05 9.9447e-05 0.000115856 0.000133542 0.000152371 0.000172174 0.00019275 0.000213869 0.000235276 0.000256699 0.000277851 0.000298436 0.000318159 0.000336729 0.000353866 0.000369307 0.000382812 0.000394169 0.000403196 0.00040975 0.000413725 0.000415057 0.000413725 0.00040975 0.000403196 0.000394169 0.000382812 0.000369307 0.000353866 0.000336729 0.000318159 0.000298436 0.000277851 0.000256699 0.000235276 0.000213869 0.00019275 0.000172174 0.000152371 0.000133542 0.000115856 9.9447e-05 8.44128e-05 7.08144e-05 5.86766e-05 4.79902e-05 3.8715e-05 3.07835e-05 2.41058e-05 1.85744e-05 1.40703e-05 1.04682e-05 7.64133e-06 5.46678e-06 3.82879e-06 2.62204e-06 1.75355e-06 1.14373e-06 7.26549e-07 4.48868e-07 2.69305e-07 1.5667e-07 8.82407e-08 4.80404e-08 2.52411e-08 1.27786e-08 6.22356e-09 2.91139e-09 1.30619e-09 5.61202e-10 2.30582e-10 9.0478e-11 3.38633e-11 1.20746e-11 4.09731e-12 1.32182e-12 4.05036e-13 1.17785e-13 3.24803e-14 8.48728e-15 2.1001e-15 4.9176e-16 1.08904e-16 2.27955e-17 4.50726e-18 8.41344e-19 1.48172e-19 2.46045e-20 3.84968e-21 5.67134e-22 7.8607e-23 1.0242e-23 1.25332e-24 1.43895e-25 1.54831e-26 1.55942e-27 1.46813e-28 1.29002e-29 1.05615e-30 8.04113e-32 5.6812e-33 3.71571e-34 2.24353e-35 1.24667e-36 6.3525e-38 2.95612e-39 1.25026e-40 4.77902e-42 1.64001e-43 5.01246e-45 1.35118e-46 3.17372e-48 6.39583e-50 1.08359e-51 1.50091e-53 1.63212e-55 1.3066e-57 6.84675e-60 1.76175e-62 0 0 
0 0 1.72579e-62 6.77617e-60 1.3066e-57 1.6493e-55 1.53284e-53 1.11853e-51 6.67378e-50 3.34799e-48 1.44118e-46 5.40622e-45 1.78887e-43 5.27242e-42 1.39528e-40 3.33751e-39 7.25667e-38 1.44107e-36 2.62457e-35 4.39958e-34 6.80927e-33 9.75702e-32 1.29752e-30 1.60479e-29 1.84954e-28 1.98968e-27 2.00096e-26 1.88375e-25 1.66214e-24 1.37612e-23 1.07008e-22 7.82249e-22 5.38024e-21 3.48429e-20 2.12612e-19 1.22321e-18 6.63938e-18 3.40185e-17 1.64631e-16 7.52942e-16 3.25617e-15 1.33229e-14 5.16053e-14 1.89352e-13 6.58599e-13 2.17302e-12 6.80688e-12 2.02605e-11 5.73566e-11 1.54597e-10 3.97185e-10 9.73842e-10 2.28168e-09 5.11553e-09 1.09909e-08 2.26642e-08 4.49254e-08 8.57403e-08 1.57806e-07 2.80551e-07 4.82564e-07 8.0435e-07 1.30126e-06 2.04632e-06 3.1327e-06 4.67539e-06 6.81193e-06 9.70162e-06 1.35234e-05 1.8472e-05 2.47525e-05 3.25737e-05 4.21406e-05 5.36452e-05 6.7259e-05 8.31235e-05 0.000101343 0.000121979 0.000145041 0.000170487 0.000198219 0.000228084 0.000259871 0.000293319 0.000328117 0.000363911 0.000400311 0.000436896 0.000473224 0.000508838 0.00054328 0.000576091 0.000606827 0.000635066 0.000660412 0.000682508 0.000701038 0.000715737 0.000726391 0.000732846 0.000735008 0.000732846 0.000726391 0.000715737 0.000701038 0.000682508 0.000660412 0.000635066 0.000606827 0.000576091 0.00054328 0.000508838 0.000473224 0.000436896 0.000400311 0.000363911 0.000328117 0.000293319 0.000259871 0.000228084 0.000198219 0.000170487 0.000145041 0.000121979 0.000101343 8.31235e-05 6.7259e-05 5.36452e-05 4.21406e-05 3.25737e-05 2.47525e-05 1.8472e-05 1.35234e-05 9.70162e-06 6.81193e-06 4.67539e-06 3.1327e-06 2.04632e-06 1.30126e-06 8.0435e-07 4.82564e-07 2.80551e-07 1.57806e-07 8.57403e-08 4.49254e-08 2.26642e-08 1.09909e-08 5.11553e-09 2.28168e-09 9.73842e-10 3.97185e-10 1.54597e-10 5.73566e-11 2.02605e-11 6.80688e-12 2.17302e-12 6.58599e-13 1.89352e-13 5.16053e-14 1.33229e-14 3.25617e-15 7.52942e-16 1.64631e-16 3.40185e-17 6.63938e-18 1.22321e-18 2.12612e-19 3.48429e-20 5.38024e-21 7.82249e-22 1.07008e-22 1.37612e-23 1.66214e-24 1.88375e-25 2.00096e-26 1.98968e-27 1.84954e-28 1.60479e-29 1.29752e-30 9.75702e-32 6.80927e-33 4.39958e-34 2.62457e-35 1.44107e-36 7.25667e-38 3.33751e-39 1.39528e-40 5.27242e-42 1.78887e-43 5.40622e-45 1.44118e-46 3.34799e-48 6.67378e-50 1.11853e-51 1.53284e-53 1.6493e-55 1.3066e-57 6.77617e-60 1.72579e-62 0 
0 1.65606e-62 6.56873e-60 1.27966e-57 1.63212e-55 1.53284e-53 1.13043e-51 6.81724e-50 3.45709e-48 1.50447e-46 5.7062e-45 1.90928e-43 5.69099e-42 1.52327e-40 3.68574e-39 8.1073e-38 1.62896e-36 3.00207e-35 5.09284e-34 7.97783e-33 1.15714e-31 1.5578e-30 1.95071e-29 2.27645e-28 2.47994e-27 2.5258e-26 2.40838e-25 2.15251e-24 1.80524e-23 1.42209e-22 1.05319e-21 7.33885e-21 4.81519e-20 2.97685e-19 1.73514e-18 9.54114e-18 4.95218e-17 2.42749e-16 1.12437e-15 4.92359e-15 2.03941e-14 7.99503e-14 2.96811e-13 1.04414e-12 3.48294e-12 1.10248e-11 3.31423e-11 9.47053e-11 2.57497e-10 6.66878e-10 1.64704e-09 3.88419e-09 8.7583e-09 1.89099e-08 3.91532e-08 7.78631e-08 1.48966e-07 2.74628e-07 4.88685e-07 8.4073e-07 1.4007e-06 2.26357e-06 3.55381e-06 5.42893e-06 8.08166e-06 1.17402e-05 1.66662e-05 2.31502e-05 3.15047e-05 4.20546e-05 5.51263e-05 7.10353e-05 9.00731e-05 0.000112495 0.000138507 0.000168255 0.00020182 0.000239205 0.000280336 0.000325055 0.000373127 0.000424236 0.000477992 0.000533937 0.000591552 0.000650266 0.000709464 0.000768502 0.000826711 0.000883414 0.000937935 0.000989611 0.0010378 0.0010819 0.00112135 0.00115564 0.00118433 0.00120704 0.00122349 0.00123344 0.00123677 0.00123344 0.00122349 0.00120704 0.00118433 0.00115564 0.00112135 0.0010819 0.0010378 0.000989611 0.000937935 0.000883414 0.000826711 0.000768502 0.000709464 0.000650266 0.000591552 0.000533937 0.000477992 0.000424236 0.000373127 0.000325055 0.000280336 0.000239205 0.00020182 0.000168255 0.000138507 0.000112495 9.00731e-05 7.10353e-05 5.51263e-05 4.20546e-05 3.15047e-05 2.31502e-05 1.66662e-05 1.17402e-05 8.08166e-06 5.42893e-06 3.55381e-06 2.26357e-06 1.4007e-06 8.4073e-07 4.88685e-07 2.74628e-07 1.48966e-07 7.78631e-08 3.91532e-08 1.89099e-08 8.7583e-09 3.88419e-09 1.64704e-09 6.66878e-10 2.57497e-10 9.47053e-11 3.31423e-11 1.10248e-11 3.48294e-12 1.04414e-12 2.96811e-13 7.99503e-14 2.03941e-14 4.92359e-15 1.12437e-15 2.42749e-16 4.95218e-17 9.54114e-18 1.73514e-18 2.97685e-19 4.81519e-20 7.33885e-21 1.05319e-21 1.42209e-22 1.80524e-23 2.15251e-24 2.40838e-25 2.5258e-26 2.47994e-27 2.27645e-28 1.95071e-29 1.5578e-30 1.15714e-31 7.97783e-33 5.09284e-34 3.00207e-35 1.62896e-36 8.1073e-38 3.68574e-39 1.52327e-40 5.69099e-42 1.90928e-43 5.7062e-45 1.50447e-46 3.45709e-48 6.81724e-50 1.13043e-51 1.53284e-53 1.63212e-55 1.27966e-57 6.56873e-60 8.49483e-63 
0 6.23698e-60 1.22743e-57 1.58165e-55 1.50091e-53 1.11853e-51 6.81724e-50 3.49424e-48 1.53715e-46 5.8941e-45 1.99401e-43 6.01009e-42 1.62687e-40 3.98142e-39 8.85877e-38 1.8007e-36 3.35765e-35 5.76376e-34 9.13715e-33 1.34134e-31 1.82785e-30 2.31709e-29 2.73761e-28 3.01969e-27 3.11436e-26 3.00732e-25 2.72219e-24 2.31238e-23 1.84513e-22 1.38422e-21 9.77107e-21 6.49457e-20 4.06742e-19 2.40166e-18 1.33775e-17 7.03301e-17 3.49163e-16 1.63776e-15 7.26139e-15 3.04473e-14 1.20798e-13 4.53716e-13 1.61425e-12 5.44368e-12 1.74118e-11 5.28636e-11 1.52473e-10 4.18173e-10 1.09167e-09 2.71572e-09 6.44572e-09 1.46158e-08 3.17071e-08 6.59052e-08 1.3146e-07 2.52051e-07 4.65287e-07 8.28381e-07 1.4248e-06 2.37151e-06 3.82624e-06 5.99392e-06 9.13137e-06 1.35495e-05 1.96121e-05 2.77311e-05 3.83574e-05 5.1969e-05 6.90552e-05 9.00991e-05 0.000115559 0.000145851 0.000181328 0.000222268 0.000268859 0.000321189 0.000379239 0.00044288 0.000511871 0.000585862 0.000664399 0.000746927 0.000832802 0.0009213 0.00101162 0.00110292 0.0011943 0.00128481 0.00137353 0.00145948 0.00154173 0.00161936 0.00169149 0.00175728 0.00181597 0.00186687 0.00190937 0.00194297 0.00196727 0.00198196 0.00198688 0.00198196 0.00196727 0.00194297 0.00190937 0.00186687 0.00181597 0.00175728 0.00169149 0.00161936 0.00154173 0.00145948 0.00137353 0.00128481 0.0011943 0.00110292 0.00101162 0.0009213 0.000832802 0.000746927 0.000664399 0.000585862 0.000511871 0.00044288 0.000379239 0.000321189 0.000268859 0.000222268 0.000181328 0.000145851 0.000115559 9.00991e-05 6.90552e-05 5.1969e-05 3.83574e-05 2.77311e-05 1.96121e-05 1.35495e-05 9.13137e-06 5.99392e-06 3.82624e-06 2.37151e-06 1.4248e-06 8.28381e-07 4.65287e-07 2.52051e-07 1.3146e-07 6.59052e-08 3.17071e-08 1.46158e-08 6.44572e-09 2.71572e-09 1.09167e-09 4.18173e-10 1.52473e-10 5.28636e-11 1.74118e-11 5.44368e-12 1.61425e-12 4.53716e-13 1.20798e-13 3.04473e-14 7.26139e-15 1.63776e-15 3.49163e-16 7.03301e-17 1.33775e-17 2.40166e-18 4.06742e-19 6.49457e-20 9.77107e-21 1.38422e-21 1.84513e-22 2.31238e-23 2.72219e-24 3.00732e-25 3.11436e-26 3.01969e-27 2.73761e-28 2.31709e-29 1.82785e-30 1.34134e-31 9.13715e-33 5.76376e-34 3.35765e-35 1.8007e-36 8.85877e-38 3.98142e-39 1.62687e-40 6.01009e-42 1.99401e-43 5.8941e-45 1.53715e-46 3.49424e-48 6.81724e-50 1.11853e-51 1.50091e-53 1.58165e-55 1.22743e-57 3.22842e-60 
0 1.15303e-57 1.50096e-55 1.43903e-53 1.08359e-51 6.67378e-50 3.45709e-48 1.53715e-46 5.95809e-45 2.03776e-43 6.21004e-42 1.69982e-40 4.20697e-39 9.46756e-38 1.94665e-36 3.67208e-35 6.37766e-34 1.02304e-32 1.51983e-31 2.09613e-30 2.6896e-29 3.21682e-28 3.59228e-27 3.7512e-26 3.66785e-25 3.36216e-24 2.89239e-23 2.3375e-22 1.77614e-21 1.26992e-20 8.54991e-20 5.42386e-19 3.24396e-18 1.83019e-17 9.74525e-17 4.89973e-16 2.3272e-15 1.04465e-14 4.43387e-14 1.7802e-13 6.76461e-13 2.43404e-12 8.29795e-12 2.68191e-11 8.22339e-11 2.39401e-10 6.62286e-10 1.74273e-09 4.36658e-09 1.04302e-08 2.37813e-08 5.18293e-08 1.08131e-07 2.16294e-07 4.1549e-07 7.67772e-07 1.36712e-06 2.34985e-06 3.90561e-06 6.28791e-06 9.8228e-06 1.49143e-05 2.20451e-05 3.17725e-05 4.47174e-05 6.15491e-05 8.29641e-05 0.000109662 0.00014232 0.000181567 0.000227957 0.000281948 0.000343887 0.000413991 0.00049234 0.00057887 0.000673375 0.000775504 0.000884768 0.00100054 0.00112209 0.00124854 0.00137893 0.00151222 0.00164726 0.00178286 0.00191778 0.00205073 0.00218043 0.00230558 0.00242491 0.00253717 0.00264118 0.00273583 0.00282009 0.00289304 0.00295387 0.00300191 0.00303661 0.00305759 0.00306461 0.00305759 0.00303661 0.00300191 0.00295387 0.00289304 0.00282009 0.00273583 0.00264118 0.00253717 0.00242491 0.00230558 0.00218043 0.00205073 0.00191778 0.00178286 0.00164726 0.00151222 0.00137893 0.00124854 0.00112209 0.00100054 0.000884768 0.000775504 0.000673375 0.00057887 0.00049234 0.000413991 0.000343887 0.000281948 0.000227957 0.000181567 0.00014232 0.000109662 8.29641e-05 6.15491e-05 4.47174e-05 3.17725e-05 2.20451e-05 1.49143e-05 9.8228e-06 6.28791e-06 3.90561e-06 2.34985e-06 1.36712e-06 7.67772e-07 4.1549e-07 2.16294e-07 1.08131e-07 5.18293e-08 2.37813e-08 1.04302e-08 4.36658e-09 1.74273e-09 6.62286e-10 2.39401e-10 8.22339e-11 2.68191e-11 8.29795e-12 2.43404e-12 6.76461e-13 1.7802e-13 4.43387e-14 1.04465e-14 2.3272e-15 4.89973e-16 9.74525e-17 1.83019e-17 3.24396e-18 5.42386e-19 8.54991e-20 1.26992e-20 1.77614e-21 2.3375e-22 2.89239e-23 3.36216e-24 3.66785e-25 3.7512e-26 3.59228e-27 3.21682e-28 2.6896e-29 2.09613e-30 1.51983e-31 1.02304e-32 6.37766e-34 3.67208e-35 1.94665e-36 9.46756e-38 4.20697e-39 1.69982e-40 6.21004e-42 2.03776e-43 5.95809e-45 1.53715e-46 3.45709e-48 6.67378e-50 1.08359e-51 1.43903e-53 1.50093e-55 6.02356e-58 
0 1.39479e-55 1.35094e-53 1.02775e-51 6.39583e-50 3.34799e-48 1.50447e-46 5.8941e-45 2.03776e-43 6.27816e-42 1.7375e-40 4.34837e-39 9.8964e-38 2.05806e-36 3.927e-35 6.89982e-34 1.11981e-32 1.68333e-31 2.34941e-30 3.051e-29 3.69352e-28 4.17526e-27 4.41393e-26 4.36965e-25 4.05571e-24 3.53308e-23 2.8915e-22 2.2251e-21 1.61127e-20 1.0987e-19 7.05931e-19 4.27622e-18 2.44343e-17 1.31763e-16 6.70859e-16 3.22628e-15 1.46617e-14 6.2988e-14 2.5592e-13 9.83812e-13 3.58003e-12 1.23381e-11 4.02941e-11 1.24779e-10 3.66653e-10 1.02313e-09 2.7137e-09 6.84826e-09 1.64617e-08 3.77383e-08 8.26201e-08 1.72988e-07 3.46932e-07 6.67544e-07 1.23442e-06 2.1976e-06 3.77326e-06 6.25956e-06 1.0051e-05 1.56491e-05 2.36668e-05 3.4826e-05 4.99459e-05 6.99239e-05 9.57081e-05 0.000128265 0.000168546 0.000217447 0.000275781 0.000344245 0.000423395 0.00051363 0.000615183 0.000728106 0.000852278 0.000987401 0.001133 0.00128845 0.00145295 0.00162555 0.00180517 0.0019906 0.0021805 0.00237342 0.00256784 0.00276213 0.00295463 0.00314362 0.00332738 0.00350418 0.00367232 0.00383016 0.00397611 0.00410871 0.00422658 0.0043285 0.00441341 0.00448041 0.00452878 0.00455801 0.00456779 0.00455801 0.00452878 0.00448041 0.00441341 0.0043285 0.00422658 0.00410871 0.00397611 0.00383016 0.00367232 0.00350418 0.00332738 0.00314362 0.00295463 0.00276213 0.00256784 0.00237342 0.0021805 0.0019906 0.00180517 0.00162555 0.00145295 0.00128845 0.001133 0.000987401 0.000852278 0.000728106 0.000615183 0.00051363 0.000423395 0.000344245 0.000275781 0.000217447 0.000168546 0.000128265 9.57081e-05 6.99239e-05 4.99459e-05 3.4826e-05 2.36668e-05 1.56491e-05 1.0051e-05 6.25956e-06 3.77326e-06 2.1976e-06 1.23442e-06 6.67544e-07 3.46932e-07 1.72988e-07 8.26201e-08 3.77383e-08 1.64617e-08 6.84826e-09 2.7137e-09 1.02313e-09 3.66653e-10 1.24779e-10 4.02941e-11 1.23381e-11 3.58003e-12 9.83812e-13 2.5592e-13 6.2988e-14 1.46617e-14 3.22628e-15 6.70859e-16 1.31763e-16 2.44343e-17 4.27622e-18 7.05931e-19 1.0987e-19 1.61127e-20 2.2251e-21 2.8915e-22 3.53308e-23 4.05571e-24 4.36965e-25 4.41393e-26 4.17526e-27 3.69352e-28 3.051e-29 2.34941e-30 1.68333e-31 1.11981e-32 6.89982e-34 3.927e-35 2.05806e-36 9.8964e-38 4.34837e-39 1.7375e-40 6.27816e-42 2.03776e-43 5.8941e-45 1.50447e-46 3.34799e-48 6.39583e-50 1.02775e-51 1.35089e-53 7.35489e-56 
0 1.24169e-53 9.54359e-52 6.00038e-50 3.17372e-48 1.44118e-46 5.7062e-45 1.99401e-43 6.21004e-42 1.7375e-40 4.39655e-39 1.0118e-37 2.12793e-36 4.10667e-35 7.29866e-34 1.19832e-32 1.82251e-31 2.57381e-30 3.38238e-29 4.14407e-28 4.74155e-27 5.07402e-26 5.08513e-25 4.77846e-24 4.21476e-23 3.49276e-22 2.72174e-21 1.99589e-20 1.37828e-19 8.96833e-19 5.50175e-18 3.18364e-17 1.73851e-16 8.96281e-16 4.36413e-15 2.00771e-14 8.73008e-14 3.5893e-13 1.39587e-12 5.13693e-12 1.78971e-11 5.90608e-11 1.84714e-10 5.47849e-10 1.54206e-09 4.12269e-09 1.04787e-08 2.53478e-08 5.84242e-08 1.28477e-07 2.69935e-07 5.42693e-07 1.04573e-06 1.93462e-06 3.44235e-06 5.90187e-06 9.76798e-06 1.56354e-05 2.42497e-05 3.65084e-05 5.34502e-05 7.62322e-05 0.000106095 0.000144323 0.000192192 0.000250927 0.000321657 0.000405373 0.000502901 0.000614883 0.000741759 0.000883765 0.00104093 0.00121309 0.00139987 0.00160071 0.00181485 0.00204137 0.00227913 0.00252686 0.00278307 0.00304615 0.00331431 0.00358561 0.00385803 0.00412939 0.00439748 0.00466001 0.00491469 0.00515921 0.00539132 0.00560883 0.00580967 0.00599188 0.00615366 0.00629342 0.00640975 0.00650147 0.00656766 0.00660765 0.00662103 0.00660765 0.00656766 0.00650147 0.00640975 0.00629342 0.00615366 0.00599188 0.00580967 0.00560883 0.00539132 0.00515921 0.00491469 0.00466001 0.00439748 0.00412939 0.00385803 0.00358561 0.00331431 0.00304615 0.00278307 0.00252686 0.00227913 0.00204137 0.00181485 0.00160071 0.00139987 0.00121309 0.00104093 0.000883765 0.000741759 0.000614883 0.000502901 0.000405373 0.000321657 0.000250927 0.000192192 0.000144323 0.000106095 7.62322e-05 5.34502e-05 3.65084e-05 2.42497e-05 1.56354e-05 9.76798e-06 5.90187e-06 3.44235e-06 1.93462e-06 1.04573e-06 5.42693e-07 2.69935e-07 1.28477e-07 5.84242e-08 2.53478e-08 1.04787e-08 4.12269e-09 1.54206e-09 5.47849e-10 1.84714e-10 5.90608e-11 1.78971e-11 5.13693e-12 1.39587e-12 3.5893e-13 8.73008e-14 2.00771e-14 4.36413e-15 8.96281e-16 1.73851e-16 3.18364e-17 5.50175e-18 8.96833e-19 1.37828e-19 1.99589e-20 2.72174e-21 3.49276e-22 4.21476e-23 4.77846e-24 5.08513e-25 5.07402e-26 4.74155e-27 4.14407e-28 3.38238e-29 2.57381e-30 1.82251e-31 1.19832e-32 7.29866e-34 4.10667e-35 2.12793e-36 1.0118e-37 4.39655e-39 1.7375e-40 6.21004e-42 1.99401e-43 5.7062e-45 1.44118e-46 3.17372e-48 6.00038e-50 9.543e-52 6.60999e-54 
0 8.6751e-52 5.51076e-50 2.94483e-48 1.35118e-46 5.40622e-45 1.90928e-43 6.01009e-42 1.69982e-40 4.34837e-39 1.0118e-37 2.15174e-36 4.19955e-35 7.5489e-34 1.25369e-32 1.92889e-31 2.75602e-30 3.66472e-29 4.54362e-28 5.26132e-27 5.69859e-26 5.78092e-25 5.49921e-24 4.9106e-23 4.12014e-22 3.25084e-21 2.41387e-20 1.68794e-19 1.1122e-18 6.90921e-18 4.04853e-17 2.23862e-16 1.16855e-15 5.7605e-15 2.68266e-14 1.18062e-13 4.91174e-13 1.93237e-12 7.19173e-12 2.53299e-11 8.44658e-11 2.66804e-10 7.98758e-10 2.26796e-09 6.11193e-09 1.56467e-08 3.8089e-08 8.82651e-08 1.94955e-07 4.10993e-07 8.28209e-07 1.59791e-06 2.95679e-06 5.25681e-06 8.99644e-06 1.48489e-05 2.36827e-05 3.657e-05 5.47788e-05 7.97479e-05 0.000113045 0.000156315 0.000211213 0.000279347 0.00036222 0.000461176 0.000577372 0.000711751 0.00086503 0.0010377 0.00123004 0.0014421 0.00167373 0.00192456 0.00219403 0.00248133 0.00278547 0.0031052 0.00343905 0.0037853 0.004142 0.00450697 0.00487781 0.00525193 0.00562658 0.00599886 0.00636578 0.0067243 0.00707134 0.00740388 0.00771895 0.00801367 0.00828536 0.00853147 0.00874971 0.00893801 0.00909458 0.00921794 0.00930691 0.00936064 0.0093786 0.00936064 0.00930691 0.00921794 0.00909458 0.00893801 0.00874971 0.00853147 0.00828536 0.00801367 0.00771895 0.00740388 0.00707134 0.0067243 0.00636578 0.00599886 0.00562658 0.00525193 0.00487781 0.00450697 0.004142 0.0037853 0.00343905 0.0031052 0.00278547 0.00248133 0.00219403 0.00192456 0.00167373 0.0014421 0.00123004 0.0010377 0.00086503 0.000711751 0.000577372 0.000461176 0.00036222 0.000279347 0.000211213 0.000156315 0.000113045 7.97479e-05 5.47788e-05 3.657e-05 2.36827e-05 1.48489e-05 8.99644e-06 5.25681e-06 2.95679e-06 1.59791e-06 8.28209e-07 4.10993e-07 1.94955e-07 8.82651e-08 3.8089e-08 1.56467e-08 6.11193e-09 2.26796e-09 7.98758e-10 2.66804e-10 8.44658e-11 2.53299e-11 7.19173e-12 1.93237e-12 4.91174e-13 1.18062e-13 2.68266e-14 5.7605e-15 1.16855e-15 2.23862e-16 4.04853e-17 6.90921e-18 1.1122e-18 1.68794e-19 2.41387e-20 3.25084e-21 4.12014e-22 4.9106e-23 5.49921e-24 5.78092e-25 5.69859e-26 5.26132e-27 4.54362e-28 3.66472e-29 2.75602e-30 1.92889e-31 1.25369e-32 7.5489e-34 4.19955e-35 2.15174e-36 1.0118e-37 4.34837e-39 1.69982e-40 6.01009e-42 1.90928e-43 5.40622e-45 1.35118e-46 2.94483e-48 5.51025e-50 4.66277e-52 
0 4.95337e-50 2.67455e-48 1.23984e-46 5.01246e-45 1.78887e-43 5.69099e-42 1.62687e-40 4.20697e-39 9.8964e-38 2.12793e-36 4.19955e-35 7.6342e-34 1.28232e-32 1.99566e-31 2.88457e-30 3.88064e-29 4.86826e-28 5.7045e-27 6.25293e-26 6.42016e-25 6.18185e-24 5.58801e-23 4.74646e-22 3.79155e-21 2.8505e-20 2.01821e-19 1.34651e-18 8.46974e-18 5.02519e-17 2.81342e-16 1.48688e-15 7.42033e-15 3.49793e-14 1.55801e-13 6.55875e-13 2.61033e-12 9.8248e-12 3.49826e-11 1.17881e-10 3.76084e-10 1.13655e-09 3.25545e-09 8.84386e-09 2.28048e-08 5.58673e-08 1.30165e-07 2.88765e-07 6.10785e-07 1.23357e-06 2.38265e-06 4.40889e-06 7.82994e-06 1.33714e-05 2.20009e-05 3.4948e-05 5.37039e-05 7.99972e-05 0.000115746 0.000162989 0.000223811 0.000300255 0.000394251 0.000507556 0.000641713 0.000798029 0.000977572 0.00118118 0.00140946 0.00166282 0.00194148 0.00224543 0.00257447 0.00292814 0.00330573 0.00370625 0.00412837 0.00457043 0.00503044 0.00550602 0.0059945 0.00649284 0.00699774 0.00750564 0.00801281 0.00851532 0.0090092 0.00949041 0.00995495 0.0103989 0.0108185 0.01121 0.0115702 0.0118957 0.0121839 0.0124322 0.0126384 0.0128006 0.0129175 0.0129881 0.0130117 0.0129881 0.0129175 0.0128006 0.0126384 0.0124322 0.0121839 0.0118957 0.0115702 0.01121 0.0108185 0.0103989 0.00995495 0.00949041 0.0090092 0.00851532 0.00801281 0.00750564 0.00699774 0.00649284 0.0059945 0.00550602 0.00503044 0.00457043 0.00412837 0.00370625 0.00330573 0.00292814 0.00257447 0.00224543 0.00194148 0.00166282 0.00140946 0.00118118 0.000977572 0.000798029 0.000641713 0.000507556 0.000394251 0.000300255 0.000223811 0.000162989 0.000115746 7.99972e-05 5.37039e-05 3.4948e-05 2.20009e-05 1.33714e-05 7.82994e-06 4.40889e-06 2.38265e-06 1.23357e-06 6.10785e-07 2.88765e-07 1.30165e-07 5.58673e-08 2.28048e-08 8.84386e-09 3.25545e-09 1.13655e-09 3.76084e-10 1.17881e-10 3.49826e-11 9.8248e-12 2.61033e-12 6.55875e-13 1.55801e-13 3.49793e-14 7.42033e-15 1.48688e-15 2.81342e-16 5.02519e-17 8.46974e-18 1.34651e-18 2.01821e-19 2.8505e-20 3.79155e-21 4.74646e-22 5.58801e-23 6.18185e-24 6.42016e-25 6.25293e-26 5.7045e-27 4.86826e-28 3.88064e-29 2.88457e-30 1.99566e-31 1.28232e-32 7.6342e-34 4.19955e-35 2.12793e-36 9.8964e-38 4.20697e-39 1.62687e-40 5.69099e-42 1.78887e-43 5.01246e-45 1.23984e-46 2.6742e-48 2.68856e-50 
0 2.37689e-48 1.11343e-46 4.5479e-45 1.64001e-43 5.27242e-42 1.52327e-40 3.98142e-39 9.46756e-38 2.05806e-36 4.10667e-35 7.5489e-34 1.28232e-32 2.01842e-31 2.95107e-30 4.01623e-29 5.09742e-28 6.04365e-27 6.70365e-26 6.96563e-25 6.78824e-24 6.21092e-23 5.34023e-22 4.31845e-21 3.28682e-20 2.35606e-19 1.59149e-18 1.01356e-17 6.08854e-17 3.45117e-16 1.84653e-15 9.32866e-15 4.45117e-14 2.00648e-13 8.54688e-13 3.44111e-12 1.30984e-11 4.71508e-11 1.60562e-10 5.1741e-10 1.57852e-09 4.56145e-09 1.24926e-08 3.24494e-08 8.0006e-08 1.87422e-07 4.17625e-07 8.86277e-07 1.79385e-06 3.46833e-06 6.41677e-06 1.13808e-05 1.93881e-05 3.17897e-05 5.02735e-05 7.68459e-05 0.000113781 0.000163539 0.000228667 0.000311693 0.000415029 0.000540896 0.000691279 0.000867907 0.00107227 0.00130562 0.00156904 0.00186344 0.00218955 0.00254796 0.00293903 0.0033629 0.00381938 0.00430795 0.00482763 0.00537701 0.00595414 0.0065566 0.00718142 0.00782517 0.00848397 0.00915355 0.00982931 0.0105064 0.0111798 0.0118443 0.0124949 0.0131263 0.0137337 0.014312 0.0148567 0.0153635 0.0158284 0.0162475 0.0166177 0.0169359 0.0171997 0.0174071 0.0175564 0.0176464 0.0176765 0.0176464 0.0175564 0.0174071 0.0171997 0.0169359 0.0166177 0.0162475 0.0158284 0.0153635 0.0148567 0.014312 0.0137337 0.0131263 0.0124949 0.0118443 0.0111798 0.0105064 0.00982931 0.00915355 0.00848397 0.00782517 0.00718142 0.0065566 0.00595414 0.00537701 0.00482763 0.00430795 0.00381938 0.0033629 0.00293903 0.00254796 0.00218955 0.00186344 0.00156904 0.00130562 0.00107227 0.000867907 0.000691279 0.000540896 0.000415029 0.000311693 0.000228667 0.000163539 0.000113781 7.68459e-05 5.02735e-05 3.17897e-05 1.93881e-05 1.13808e-05 6.41677e-06 3.46833e-06 1.79385e-06 8.86277e-07 4.17625e-07 1.87422e-07 8.0006e-08 3.24494e-08 1.24926e-08 4.56145e-09 1.57852e-09 5.1741e-10 1.60562e-10 4.71508e-11 1.30984e-11 3.44111e-12 8.54688e-13 2.00648e-13 4.45117e-14 9.32866e-15 1.84653e-15 3.45117e-16 6.08854e-17 1.01356e-17 1.59149e-18 2.35606e-19 3.28682e-20 4.31845e-21 5.34023e-22 6.21092e-23 6.78824e-24 6.96563e-25 6.70365e-26 6.04365e-27 5.09742e-28 4.01623e-29 2.95107e-30 2.01842e-31 1.28232e-32 7.5489e-34 4.10667e-35 2.05806e-36 9.46756e-38 3.98142e-39 1.52327e-40 5.27242e-42 1.64001e-43 4.5479e-45 1.11324e-46 1.303e-48 
0 9.78208e-47 4.03799e-45 1.47118e-43 4.77902e-42 1.39528e-40 3.68574e-39 8.85877e-38 1.94665e-36 3.927e-35 7.29866e-34 1.25369e-32 1.99566e-31 2.95107e-30 4.06247e-29 5.216e-28 6.2567e-27 7.02197e-26 7.38328e-25 7.2816e-24 6.74282e-23 5.86807e-22 4.80333e-21 3.70081e-20 2.68554e-19 1.83651e-18 1.1841e-17 7.20119e-17 4.13239e-16 2.2383e-15 1.14466e-14 5.52821e-14 2.52197e-13 1.087e-12 4.42732e-12 1.70437e-11 6.20282e-11 2.13465e-10 6.94863e-10 2.14021e-09 6.23994e-09 1.72302e-08 4.50873e-08 1.11891e-07 2.63566e-07 5.8992e-07 1.2561e-06 2.54785e-06 4.93077e-06 9.11973e-06 1.61503e-05 2.74396e-05 4.48211e-05 7.05422e-05 0.000107216 0.000157729 0.00022512 0.000312442 0.000422636 0.00055844 0.000722327 0.000916503 0.00114293 0.00140339 0.00169952 0.00203288 0.00240493 0.00281707 0.00327049 0.00376619 0.0043048 0.00488648 0.00551087 0.00617694 0.00688297 0.0076265 0.00840438 0.00921274 0.0100471 0.0109023 0.011773 0.0126531 0.0135365 0.0144169 0.0152879 0.016143 0.0169759 0.0177805 0.0185509 0.0192815 0.0199669 0.0206024 0.0211833 0.0217056 0.0221657 0.0225604 0.0228871 0.0231434 0.0233278 0.0234389 0.023476 0.0234389 0.0233278 0.0231434 0.0228871 0.0225604 0.0221657 0.0217056 0.0211833 0.0206024 0.0199669 0.0192815 0.0185509 0.0177805 0.0169759 0.016143 0.0152879 0.0144169 0.0135365 0.0126531 0.011773 0.0109023 0.0100471 0.00921274 0.00840438 0.0076265 0.00688297 0.00617694 0.00551087 0.00488648 0.0043048 0.00376619 0.00327049 0.00281707 0.00240493 0.00203288 0.00169952 0.00140339 0.00114293 0.000916503 0.000722327 0.00055844 0.000422636 0.000312442 0.00022512 0.000157729 0.000107216 7.05422e-05 4.48211e-05 2.74396e-05 1.61503e-05 9.11973e-06 4.93077e-06 2.54785e-06 1.2561e-06 5.8992e-07 2.63566e-07 1.11891e-07 4.50873e-08 1.72302e-08 6.23994e-09 2.14021e-09 6.94863e-10 2.13465e-10 6.20282e-11 1.70437e-11 4.42732e-12 1.087e-12 2.52197e-13 5.52821e-14 1.14466e-14 2.2383e-15 4.13239e-16 7.20119e-17 1.1841e-17 1.83651e-18 2.68554e-19 3.70081e-20 4.80333e-21 5.86807e-22 6.74282e-23 7.2816e-24 7.38328e-25 7.02197e-26 6.2567e-27 5.216e-28 4.06247e-29 2.95107e-30 1.99566e-31 1.25369e-32 7.29866e-34 3.927e-35 1.94665e-36 8.85877e-38 3.68574e-39 1.39528e-40 4.77902e-42 1.47118e-43 4.03707e-45 5.41697e-47 
0 3.50657e-45 1.29129e-43 4.23804e-42 1.25026e-40 3.33751e-39 8.1073e-38 1.8007e-36 3.67208e-35 6.89982e-34 1.19832e-32 1.92889e-31 2.88457e-30 4.01623e-29 5.216e-28 6.32937e-27 7.18673e-26 7.64576e-25 7.63019e-24 7.15031e-23 6.29778e-22 5.21765e-21 4.06908e-20 2.98898e-19 2.06914e-18 1.35053e-17 8.31467e-17 4.83015e-16 2.64839e-15 1.37095e-14 6.70147e-14 3.09394e-13 1.34933e-12 5.55976e-12 2.16467e-11 7.96515e-11 2.77039e-10 9.1102e-10 2.83314e-09 8.33506e-09 2.32075e-08 6.11864e-08 1.52851e-07 3.62084e-07 8.14122e-07 1.73938e-06 3.53582e-06 6.84895e-06 1.26627e-05 2.23876e-05 3.79269e-05 6.17009e-05 9.66137e-05 0.000145959 0.000213275 0.000302174 0.000416173 0.000558572 0.000732378 0.000940313 0.00118487 0.00146839 0.00179318 0.0021616 0.00257604 0.00303892 0.00355257 0.00411914 0.00474033 0.00541732 0.00615054 0.00693954 0.00778293 0.00867832 0.00962235 0.0106107 0.0116381 0.0126988 0.0137862 0.0148931 0.0160123 0.017136 0.0182566 0.0193662 0.0204573 0.0215223 0.0225541 0.0235457 0.0244906 0.0253828 0.0262165 0.0269866 0.0276882 0.0283173 0.0288699 0.029343 0.0297338 0.0300401 0.03026 0.0303925 0.0304367 0.0303925 0.03026 0.0300401 0.0297338 0.029343 0.0288699 0.0283173 0.0276882 0.0269866 0.0262165 0.0253828 0.0244906 0.0235457 0.0225541 0.0215223 0.0204573 0.0193662 0.0182566 0.017136 0.0160123 0.0148931 0.0137862 0.0126988 0.0116381 0.0106107 0.00962235 0.00867832 0.00778293 0.00693954 0.00615054 0.00541732 0.00474033 0.00411914 0.00355257 0.00303892 0.00257604 0.0021616 0.00179318 0.00146839 0.00118487 0.000940313 0.000732378 0.000558572 0.000416173 0.000302174 0.000213275 0.000145959 9.66137e-05 6.17009e-05 3.79269e-05 2.23876e-05 1.26627e-05 6.84895e-06 3.53582e-06 1.73938e-06 8.14122e-07 3.62084e-07 1.52851e-07 6.11864e-08 2.32075e-08 8.33506e-09 2.83314e-09 9.1102e-10 2.77039e-10 7.96515e-11 2.16467e-11 5.55976e-12 1.34933e-12 3.09394e-13 6.70147e-14 1.37095e-14 2.64839e-15 4.83015e-16 8.31467e-17 1.35053e-17 2.06914e-18 2.98898e-19 4.06908e-20 5.21765e-21 6.29778e-22 7.15031e-23 7.63019e-24 7.64576e-25 7.18673e-26 6.32937e-27 5.216e-28 4.01623e-29 2.88457e-30 1.92889e-31 1.19832e-32 6.89982e-34 3.67208e-35 1.8007e-36 8.1073e-38 3.33751e-39 1.25026e-40 4.23804e-42 1.29092e-43 1.96187e-45 
0 1.10823e-43 3.67684e-42 1.09593e-40 2.95612e-39 7.25667e-38 1.62896e-36 3.35765e-35 6.37766e-34 1.11981e-32 1.82251e-31 2.75602e-30 3.88064e-29 5.09742e-28 6.2567e-27 7.18673e-26 7.7353e-25 7.81067e-24 7.40649e-23 6.60153e-22 5.53521e-21 4.36904e-20 3.24839e-19 2.27621e-18 1.50389e-17 9.37244e-17 5.51143e-16 3.05894e-15 1.60278e-14 7.92965e-14 3.70492e-13 1.63495e-12 6.81516e-12 2.68374e-11 9.98485e-11 3.51019e-10 1.16619e-09 3.66218e-09 1.0873e-08 3.05307e-08 8.11127e-08 2.04005e-07 4.86058e-07 1.098e-06 2.3541e-06 4.79617e-06 9.29893e-06 1.71853e-05 3.03305e-05 5.12267e-05 8.29828e-05 0.000129243 0.000194028 0.000281526 0.000395874 0.000540981 0.000720434 0.000937498 0.00119521 0.00149652 0.00184448 0.00224232 0.00269355 0.00320185 0.00377096 0.00440446 0.00510548 0.00587644 0.0067188 0.00763288 0.00861773 0.00967108 0.0107893 0.0119677 0.0132003 0.0144802 0.0157999 0.017151 0.018525 0.0199128 0.0213053 0.0226934 0.024068 0.0254205 0.0267421 0.0280248 0.0292608 0.0304428 0.0315639 0.0326179 0.0335989 0.0345018 0.0353219 0.036055 0.0366975 0.0372463 0.0376988 0.0380529 0.0383069 0.0384598 0.0385109 0.0384598 0.0383069 0.0380529 0.0376988 0.0372463 0.0366975 0.036055 0.0353219 0.0345018 0.0335989 0.0326179 0.0315639 0.0304428 0.0292608 0.0280248 0.0267421 0.0254205 0.024068 0.0226934 0.0213053 0.0199128 0.018525 0.017151 0.0157999 0.0144802 0.0132003 0.0119677 0.0107893 0.00967108 0.00861773 0.00763288 0.0067188 0.00587644 0.00510548 0.00440446 0.00377096 0.00320185 0.00269355 0.00224232 0.00184448 0.00149652 0.00119521 0.000937498 0.000720434 0.000540981 0.000395874 0.000281526 0.000194028 0.000129243 8.29828e-05 5.12267e-05 3.03305e-05 1.71853e-05 9.29893e-06 4.79617e-06 2.3541e-06 1.098e-06 4.86058e-07 2.04005e-07 8.11127e-08 3.05307e-08 1.0873e-08 3.66218e-09 1.16619e-09 3.51019e-10 9.98485e-11 2.68374e-11 6.81516e-12 1.63495e-12 3.70492e-13 7.92965e-14 1.60278e-14 3.05894e-15 5.51143e-16 9.37244e-17 1.50389e-17 2.27621e-18 3.24839e-19 4.36904e-20 5.53521e-21 6.60153e-22 7.40649e-23 7.81067e-24 7.7353e-25 7.18673e-26 6.2567e-27 5.09742e-28 3.88064e-29 2.75602e-30 1.82251e-31 1.11981e-32 6.37766e-34 3.35765e-35 1.62896e-36 7.25667e-38 2.95612e-39 1.09593e-40 3.67555e-42 6.26549e-44 
0 3.11824e-42 9.39706e-41 2.56099e-39 6.3525e-38 1.44107e-36 3.00207e-35 5.76376e-34 1.02304e-32 1.68333e-31 2.57381e-30 3.66472e-29 4.86826e-28 6.04365e-27 7.02197e-26 7.64576e-25 7.81067e-24 7.49389e-23 6.75883e-22 5.73491e-21 4.58116e-20 3.44731e-19 2.44494e-18 1.63506e-17 1.03143e-16 6.13941e-16 3.44907e-15 1.82918e-14 9.15922e-14 4.33075e-13 1.93379e-12 8.15508e-12 3.24818e-11 1.22199e-10 4.34241e-10 1.45769e-09 4.62294e-09 1.38534e-08 3.92357e-08 1.05059e-07 2.66071e-07 6.37719e-07 1.4476e-06 3.11499e-06 6.36139e-06 1.2346e-05 2.28078e-05 4.0182e-05 6.76526e-05 0.000109109 0.000168995 0.000252064 0.000363109 0.000506704 0.000687063 0.00090802 0.00117316 0.00148604 0.00185043 0.00227053 0.00275105 0.00329715 0.00391424 0.00460762 0.00538214 0.00624176 0.00718922 0.00822577 0.009351 0.0105628 0.0118575 0.0132297 0.0146728 0.0161791 0.0177397 0.0193454 0.020986 0.0226514 0.0243309 0.0260142 0.0276907 0.0293503 0.030983 0.0325794 0.0341302 0.035627 0.0370618 0.0384271 0.0397162 0.040923 0.0420418 0.0430678 0.0439965 0.0448243 0.0455479 0.0461646 0.046672 0.0470686 0.0473527 0.0475236 0.0475807 0.0475236 0.0473527 0.0470686 0.046672 0.0461646 0.0455479 0.0448243 0.0439965 0.0430678 0.0420418 0.040923 0.0397162 0.0384271 0.0370618 0.035627 0.0341302 0.0325794 0.030983 0.0293503 0.0276907 0.0260142 0.0243309 0.0226514 0.020986 0.0193454 0.0177397 0.0161791 0.0146728 0.0132297 0.0118575 0.0105628 0.009351 0.00822577 0.00718922 0.00624176 0.00538214 0.00460762 0.00391424 0.00329715 0.00275105 0.00227053 0.00185043 0.00148604 0.00117316 0.00090802 0.000687063 0.000506704 0.000363109 0.000252064 0.000168995 0.000109109 6.76526e-05 4.0182e-05 2.28078e-05 1.2346e-05 6.36139e-06 3.11499e-06 1.4476e-06 6.37719e-07 2.66071e-07 1.05059e-07 3.92357e-08 1.38534e-08 4.62294e-09 1.45769e-09 4.34241e-10 1.22199e-10 3.24818e-11 8.15508e-12 1.93379e-12 4.33075e-13 9.15922e-14 1.82918e-14 3.44907e-15 6.13941e-16 1.03143e-16 1.63506e-17 2.44494e-18 3.44731e-19 4.58116e-20 5.73491e-21 6.75883e-22 7.49389e-23 7.81067e-24 7.64576e-25 7.02197e-26 6.04365e-27 4.86826e-28 3.66472e-29 2.57381e-30 1.68333e-31 1.02304e-32 5.76376e-34 3.00207e-35 1.44107e-36 6.3525e-38 2.56099e-39 9.39306e-41 1.78177e-42 
