0 0 0 0 0 0 0 0 0 0 0 0 0 0 0 0 0 0 0 0 0 0 0 0 0 0 0 0 0 0 0 0 0 0 0 0 0 0 0 0 0 0 0 0 0 0 0 0 0 0 0 0 0 0 0 0 0 0 0 0 0 0 0 0 0 0 0 0 0 0 0 0 0 0 0 0 0 0 0 0 0 0 0 0 0 0 0 0 0 0 0 0 0 0 0 0 0 0 0 0 0 0 0 0 0 0 0 0 0 0 0 0 0 0 0 0 0 0 0 0 0 0 0 0 0 0 0 0 0 0 0 0 0 0 0 0 0 0 0 0 0 0 0 0 0 0 0 0 0 0 0 0 0 0 0 0 0 0 0 0 0 0 0 0 0 0 0 0 0 0 0 0 0 0 0 0 0 0 0 0 0 0 0 0 0 0 0 0 0 0 0 0 0 0 0 0 0 0 0 0 
0 0 0 2.16882e-63 8.42856e-61 1.6086e-58 2.00974e-56 1.84874e-54 1.33528e-52 7.88579e-51 3.91577e-49 1.66849e-47 6.1956e-46 2.02942e-44 5.9214e-43 1.55139e-41 3.67414e-40 7.90996e-39 1.55547e-37 2.80553e-36 4.65793e-35 7.14099e-34 1.0137e-32 1.33569e-31 1.63712e-30 1.87015e-29 1.99451e-28 1.98899e-27 1.85723e-26 1.62585e-25 1.33589e-24 1.0313e-23 7.48737e-23 5.11658e-22 3.29369e-21 1.99877e-20 1.14425e-19 6.18363e-19 3.15653e-18 1.52297e-17 6.94951e-17 3.00102e-16 1.22719e-15 4.75523e-15 1.74721e-14 6.09197e-14 2.0172e-13 6.34874e-13 1.90095e-12 5.42036e-12 1.47339e-11 3.8224e-11 9.47561e-11 2.24744e-10 5.10694e-10 1.11336e-09 2.33207e-09 4.70025e-09 9.1291e-09 1.71127e-08 3.10065e-08 5.4385e-08 9.24785e-08 1.52675e-07 2.45058e-07 3.8295e-07 5.8339e-07 8.67503e-07 1.26068e-06 1.79254e-06 2.49656e-06 3.40944e-06 4.57011e-06 6.01848e-06 7.79383e-06 9.9332e-06 1.24695e-05 1.54296e-05 1.88328e-05 2.26891e-05 2.69981e-05 3.17477e-05 3.69141e-05 4.2461e-05 4.83403e-05 5.44926e-05 6.08484e-05 6.7329e-05 7.38489e-05 8.03169e-05 8.66386e-05 9.27184e-05 9.84618e-05 0.000103777 0.000108578 0.000112786 0.000116331 0.000119152 0.000121202 0.000122447 0.000122864 0.000122447 0.000121202 0.000119152 0.000116331 0.000112786 0.000108578 0.000103777 9.84618e-05 9.27184e-05 8.66386e-05 8.03169e-05 7.38489e-05 6.7329e-05 6.08484e-05 5.44926e-05 4.83403e-05 4.2461e-05 3.69141e-05 3.17477e-05 2.69981e-05 2.26891e-05 1.88328e-05 1.54296e-05 1.24695e-05 9.9332e-06 7.79383e-06 6.01848e-06 4.57011e-06 3.40944e-06 2.49656e-06 1.79254e-06 1.26068e-06 8.67503e-07 5.8339e-07 3.8295e-07 2.45058e-07 1.52675e-07 9.24785e-08 5.4385e-08 3.10065e-08 1.71127e-08 9.1291e-09 4.70025e-09 2.33207e-09 1.11336e-09 5.10694e-10 2.24744e-10 9.47561e-11 3.8224e-11 1.47339e-11 5.42036e-12 1.90095e-12 6.34874e-13 2.0172e-13 6.09197e-14 1.74721e-14 4.75523e-15 1.22719e-15 3.00102e-16 6.94951e-17 1.52297e-17 3.15653e-18 6.18363e-19 1.14425e-19 1.99877e-20 3.29369e-21 5.11658e-22 7.48737e-23 1.0313e-23 1.33589e-24 1.62585e-25 1.85723e-26 1.98899e-27 1.99451e-28 1.87015e-29 1.63712e-30 1.33569e-31 1.0137e-32 7.14099e-34 4.65793e-35 2.80553e-36 1.55547e-37 7.90996e-39 3.67414e-40 1.55139e-41 5.9214e-43 2.02942e-44 6.1956e-46 1.66849e-47 3.91577e-49 7.88579e-51 1.33528e-52 1.84874e-54 2.00974e-56 1.6086e-58 8.42856e-61 2.16882e-63 0 0 
0 0 2.19095e-63 8.60234e-61 1.65889e-58 2.09443e-56 1.94721e-54 1.42158e-52 8.48721e-51 4.26099e-49 1.83589e-47 6.89436e-46 2.28416e-44 6.7419e-43 1.78706e-41 4.28248e-40 9.33029e-39 1.85705e-37 3.39062e-36 5.69929e-35 8.8473e-34 1.27189e-32 1.69742e-31 2.10753e-30 2.43913e-29 2.63585e-28 2.66379e-27 2.521e-26 2.23708e-25 1.86345e-24 1.45856e-23 1.07376e-22 7.44112e-22 4.858e-21 2.99007e-20 1.73623e-19 9.51735e-19 4.92805e-18 2.41182e-17 1.1163e-16 4.88928e-16 2.02767e-15 7.96726e-15 2.96803e-14 1.049e-13 3.52013e-13 1.12245e-12 3.40392e-12 9.82664e-12 2.70326e-11 7.09425e-11 1.77816e-10 4.26211e-10 9.78234e-10 2.15292e-09 4.54991e-09 9.24725e-09 1.81013e-08 3.41791e-08 6.23488e-08 1.10046e-07 1.88213e-07 3.12393e-07 5.03908e-07 7.91062e-07 1.21022e-06 1.80669e-06 2.63516e-06 3.75973e-06 5.25324e-06 7.19599e-06 9.67375e-06 1.27751e-05 1.65883e-05 2.11974e-05 2.6679e-05 3.30975e-05 4.0502e-05 4.89227e-05 5.83679e-05 6.8822e-05 8.02438e-05 9.25662e-05 0.000105696 0.000119516 0.000133884 0.00014864 0.000163604 0.000178585 0.000193382 0.000207785 0.000221589 0.000234587 0.000246583 0.000257394 0.000266849 0.0002748 0.00028112 0.000285709 0.000288492 0.000289425 0.000288492 0.000285709 0.00028112 0.0002748 0.000266849 0.000257394 0.000246583 0.000234587 0.000221589 0.000207785 0.000193382 0.000178585 0.000163604 0.00014864 0.000133884 0.000119516 0.000105696 9.25662e-05 8.02438e-05 6.8822e-05 5.83679e-05 4.89227e-05 4.0502e-05 3.30975e-05 2.6679e-05 2.11974e-05 1.65883e-05 1.27751e-05 9.67375e-06 7.19599e-06 5.25324e-06 3.75973e-06 2.63516e-06 1.80669e-06 1.21022e-06 7.91062e-07 5.03908e-07 3.12393e-07 1.88213e-07 1.10046e-07 6.23488e-08 3.41791e-08 1.81013e-08 9.24725e-09 4.54991e-09 2.15292e-09 9.78234e-10 4.26211e-10 1.77816e-10 7.09425e-11 2.70326e-11 9.82664e-12 3.40392e-12 1.12245e-12 3.52013e-13 1.049e-13 2.96803e-14 7.96726e-15 2.02767e-15 4.88928e-16 1.1163e-16 2.41182e-17 4.92805e-18 9.51735e-19 1.73623e-19 2.99007e-20 4.858e-21 7.44112e-22 1.07376e-22 1.45856e-23 1.86345e-24 2.23708e-25 2.521e-26 2.66379e-27 2.63585e-28 2.43913e-29 2.10753e-30 1.69742e-31 1.27189e-32 8.8473e-34 5.69929e-35 3.39062e-36 1.85705e-37 9.33029e-39 4.28248e-40 1.78706e-41 6.7419e-43 2.28416e-44 6.89436e-46 1.83589e-47 4.26099e-49 8.48721e-51 1.42158e-52 1.94721e-54 2.09443e-56 1.65889e-58 8.60234e-61 2.19095e-63 0 
0 2.16882e-63 8.60234e-61 1.67599e-58 2.13806e-56 2.00869e-54 1.48206e-52 8.94331e-51 4.5387e-49 1.97699e-47 7.50647e-46 2.51479e-44 7.50654e-43 2.01247e-41 4.87829e-40 1.07522e-38 2.16525e-37 4.0003e-36 6.80475e-35 1.06913e-33 1.55576e-32 2.10186e-31 2.64213e-30 3.09618e-29 3.38817e-28 3.46766e-27 3.32384e-26 2.98754e-25 2.52083e-24 1.99881e-23 1.49072e-22 1.04661e-21 6.92263e-21 4.31682e-20 2.53952e-19 1.41028e-18 7.39745e-18 3.66717e-17 1.71908e-16 7.62462e-16 3.20145e-15 1.27332e-14 4.80014e-14 1.71626e-13 5.82408e-13 1.87723e-12 5.75193e-12 1.67688e-11 4.65597e-11 1.23252e-10 3.11423e-10 7.51988e-10 1.73756e-09 3.84708e-09 8.17353e-09 1.66885e-08 3.27958e-08 6.21272e-08 1.13628e-07 2.00959e-07 3.44206e-07 5.71846e-07 9.22859e-07 1.44884e-06 2.21584e-06 3.30585e-06 4.81746e-06 6.86568e-06 9.58068e-06 1.31053e-05 1.75916e-05 2.31958e-05 3.00732e-05 3.83717e-05 4.82255e-05 5.97481e-05 7.3027e-05 8.81173e-05 0.000105038 0.000123767 0.000144242 0.000166354 0.000189955 0.000214852 0.000240816 0.000267582 0.000294856 0.00032232 0.000349636 0.000376456 0.000402427 0.000427198 0.000450427 0.000471787 0.000490974 0.000507712 0.000521756 0.0005329 0.00054098 0.000545877 0.000547517 0.000545877 0.00054098 0.0005329 0.000521756 0.000507712 0.000490974 0.000471787 0.000450427 0.000427198 0.000402427 0.000376456 0.000349636 0.00032232 0.000294856 0.000267582 0.000240816 0.000214852 0.000189955 0.000166354 0.000144242 0.000123767 0.000105038 8.81173e-05 7.3027e-05 5.97481e-05 4.82255e-05 3.83717e-05 3.00732e-05 2.31958e-05 1.75916e-05 1.31053e-05 9.58068e-06 6.86568e-06 4.81746e-06 3.30585e-06 2.21584e-06 1.44884e-06 9.22859e-07 5.71846e-07 3.44206e-07 2.00959e-07 1.13628e-07 6.21272e-08 3.27958e-08 1.66885e-08 8.17353e-09 3.84708e-09 1.73756e-09 7.51988e-10 3.11423e-10 1.23252e-10 4.65597e-11 1.67688e-11 5.75193e-12 1.87723e-12 5.82408e-13 1.71626e-13 4.80014e-14 1.27332e-14 3.20145e-15 7.62462e-16 1.71908e-16 3.66717e-17 7.39745e-18 1.41028e-18 2.53952e-19 4.31682e-20 6.92263e-21 1.04661e-21 1.49072e-22 1.99881e-23 2.52083e-24 2.98754e-25 3.32384e-26 3.46766e-27 3.38817e-28 3.09618e-29 2.64213e-30 2.10186e-31 1.55576e-32 1.06913e-33 6.80475e-35 4.0003e-36 2.16525e-37 1.07522e-38 4.87829e-40 2.01247e-41 7.50654e-43 2.51479e-44 7.50647e-46 1.97699e-47 4.5387e-49 8.94331e-51 1.48206e-52 2.00869e-54 2.13806e-56 1.67599e-58 8.60234e-61 1.09547e-63 
0 8.42856e-61 1.65889e-58 2.13806e-56 2.02961e-54 1.51325e-52 9.22861e-51 4.73379e-49 2.08434e-47 8.00083e-46 2.71009e-44 8.18e-43 2.21781e-41 5.43738e-40 1.21227e-38 2.46964e-37 4.61631e-36 7.94581e-35 1.26336e-33 1.86062e-32 2.54439e-31 3.23775e-30 3.84122e-29 4.25601e-28 4.41071e-27 4.28137e-26 3.89728e-25 3.33064e-24 2.67497e-23 2.02082e-22 1.43719e-21 9.62963e-21 6.08294e-20 3.62499e-19 2.03915e-18 1.0834e-17 5.43951e-17 2.58223e-16 1.15964e-15 4.92916e-15 1.98419e-14 7.56832e-14 2.73708e-13 9.39139e-13 3.05938e-12 9.46966e-12 2.7874e-11 7.80962e-11 2.0848e-10 5.30861e-10 1.2909e-09 3.00159e-09 6.68257e-09 1.42655e-08 2.9243e-08 5.7652e-08 1.09483e-07 2.00586e-07 3.55119e-07 6.08487e-07 1.01069e-06 1.62981e-06 2.55545e-06 3.90157e-06 5.80854e-06 8.44384e-06 1.20012e-05 1.66978e-05 2.27698e-05 3.0466e-05 4.00398e-05 5.17398e-05 6.58008e-05 8.24328e-05 0.000101812 0.00012407 0.000149291 0.000177498 0.000208656 0.000242662 0.000279351 0.000318492 0.000359794 0.000402908 0.000447434 0.000492926 0.000538903 0.000584853 0.000630246 0.000674543 0.000717201 0.000757689 0.000795492 0.000830122 0.000861127 0.000888099 0.00091068 0.000928565 0.000941516 0.000949358 0.000951984 0.000949358 0.000941516 0.000928565 0.00091068 0.000888099 0.000861127 0.000830122 0.000795492 0.000757689 0.000717201 0.000674543 0.000630246 0.000584853 0.000538903 0.000492926 0.000447434 0.000402908 0.000359794 0.000318492 0.000279351 0.000242662 0.000208656 0.000177498 0.000149291 0.00012407 0.000101812 8.24328e-05 6.58008e-05 5.17398e-05 4.00398e-05 3.0466e-05 2.27698e-05 1.66978e-05 1.20012e-05 8.44384e-06 5.80854e-06 3.90157e-06 2.55545e-06 1.62981e-06 1.01069e-06 6.08487e-07 3.55119e-07 2.00586e-07 1.09483e-07 5.7652e-08 2.9243e-08 1.42655e-08 6.68257e-09 3.00159e-09 1.2909e-09 5.30861e-10 2.0848e-10 7.80962e-11 2.7874e-11 9.46966e-12 3.05938e-12 9.39139e-13 2.73708e-13 7.56832e-14 1.98419e-14 4.92916e-15 1.15964e-15 2.58223e-16 5.43951e-17 1.0834e-17 2.03915e-18 3.62499e-19 6.08294e-20 9.62963e-21 1.43719e-21 2.02082e-22 2.67497e-23 3.33064e-24 3.89728e-25 4.28137e-26 4.41071e-27 4.25601e-28 3.84122e-29 3.23775e-30 2.54439e-31 1.86062e-32 1.26336e-33 7.94581e-35 4.61631e-36 2.46964e-37 1.21227e-38 5.43738e-40 2.21781e-41 8.18e-43 2.71009e-44 8.00083e-46 2.08434e-47 4.73379e-49 9.22861e-51 1.51325e-52 2.02961e-54 2.13806e-56 1.65888e-58 4.29546e-61 
0 1.6086e-58 2.09443e-56 2.00869e-54 1.51325e-52 9.32571e-51 4.83445e-49 2.15152e-47 8.34829e-46 2.85877e-44 8.72431e-43 2.39183e-41 5.93027e-40 1.33724e-38 2.75562e-37 5.21077e-36 9.07435e-35 1.4599e-33 2.17578e-32 3.01129e-31 3.87853e-30 4.65791e-29 5.22474e-28 5.48214e-27 5.38817e-26 4.96674e-25 4.29853e-24 3.49639e-23 2.67522e-22 1.92707e-21 1.30783e-20 8.36793e-20 5.05091e-19 2.87777e-18 1.54852e-17 7.8736e-17 3.78481e-16 1.72085e-15 7.40433e-15 3.0164e-14 1.16408e-13 4.25804e-13 1.47717e-12 4.86329e-12 1.52062e-11 4.51901e-11 1.27755e-10 3.43906e-10 8.82437e-10 2.16076e-09 5.05526e-09 1.13154e-08 2.42656e-08 4.99287e-08 9.87217e-08 1.87872e-07 3.44665e-07 6.10555e-07 1.04604e-06 1.7361e-06 2.79569e-06 4.37493e-06 6.66318e-06 9.8914e-06 1.43324e-05 2.02979e-05 2.81338e-05 3.82108e-05 5.09144e-05 6.66316e-05 8.57365e-05 0.000108576 0.000135455 0.000166622 0.000202259 0.000242472 0.000287281 0.000336616 0.000390317 0.000448132 0.000509721 0.000574656 0.000642436 0.000712484 0.000784164 0.000856789 0.000929627 0.00100192 0.0010729 0.00114177 0.00120776 0.00127011 0.0013281 0.00138105 0.00142831 0.00146933 0.0015036 0.0015307 0.0015503 0.00156215 0.00156612 0.00156215 0.0015503 0.0015307 0.0015036 0.00146933 0.00142831 0.00138105 0.0013281 0.00127011 0.00120776 0.00114177 0.0010729 0.00100192 0.000929627 0.000856789 0.000784164 0.000712484 0.000642436 0.000574656 0.000509721 0.000448132 0.000390317 0.000336616 0.000287281 0.000242472 0.000202259 0.000166622 0.000135455 0.000108576 8.57365e-05 6.66316e-05 5.09144e-05 3.82108e-05 2.81338e-05 2.02979e-05 1.43324e-05 9.8914e-06 6.66318e-06 4.37493e-06 2.79569e-06 1.7361e-06 1.04604e-06 6.10555e-07 3.44665e-07 1.87872e-07 9.87217e-08 4.99287e-08 2.42656e-08 1.13154e-08 5.05526e-09 2.16076e-09 8.82437e-10 3.43906e-10 1.27755e-10 4.51901e-11 1.52062e-11 4.86329e-12 1.47717e-12 4.25804e-13 1.16408e-13 3.0164e-14 7.40433e-15 1.72085e-15 3.78481e-16 7.8736e-17 1.54852e-17 2.87777e-18 5.05091e-19 8.36793e-20 1.30783e-20 1.92707e-21 2.67522e-22 3.49639e-23 4.29853e-24 4.96674e-25 5.38817e-26 5.48214e-27 5.22474e-28 4.65791e-29 3.87853e-30 3.01129e-31 2.17578e-32 1.4599e-33 9.07435e-35 5.21077e-36 2.75562e-37 1.33724e-38 5.93027e-40 2.39183e-41 8.72431e-43 2.85877e-44 8.34829e-46 2.15152e-47 4.83445e-49 9.32571e-51 1.51325e-52 2.00869e-54 2.09439e-56 8.27254e-59 
0 2.00974e-56 1.94721e-54 1.48206e-52 9.22861e-51 4.83445e-49 2.17439e-47 8.52762e-46 2.95185e-44 9.10708e-43 2.5244e-41 6.32894e-40 1.44325e-38 3.00797e-37 5.75344e-36 1.01358e-34 1.6498e-33 2.48792e-32 3.48441e-31 4.54199e-30 5.52095e-29 6.26865e-28 6.65864e-27 6.62584e-26 6.18401e-25 5.41937e-24 4.46382e-23 3.45882e-22 2.52327e-21 1.73432e-20 1.12387e-19 6.87038e-19 3.96434e-18 2.16029e-17 1.11229e-16 5.41367e-16 2.49191e-15 1.08528e-14 4.47419e-14 1.74689e-13 6.46272e-13 2.26674e-12 7.54201e-12 2.38208e-11 7.14709e-11 2.03872e-10 5.53392e-10 1.43083e-09 3.52773e-09 8.30377e-09 1.86847e-08 4.02462e-08 8.31049e-08 1.64762e-07 3.14126e-07 5.76868e-07 1.0221e-06 1.75015e-06 2.901e-06 4.66257e-06 7.27799e-06 1.10508e-05 1.63469e-05 2.35932e-05 3.32712e-05 4.59066e-05 6.20549e-05 8.22836e-05 0.000107152 0.000137192 0.000172884 0.00021464 0.000262788 0.000317554 0.000379053 0.000447284 0.000522124 0.000603326 0.000690525 0.000783238 0.000880872 0.000982735 0.00108804 0.00119593 0.00130545 0.00141563 0.00152541 0.00163375 0.00173956 0.00184176 0.00193929 0.00203111 0.00211624 0.00219375 0.00226278 0.00232257 0.00237244 0.00241183 0.0024403 0.0024575 0.00246326 0.0024575 0.0024403 0.00241183 0.00237244 0.00232257 0.00226278 0.00219375 0.00211624 0.00203111 0.00193929 0.00184176 0.00173956 0.00163375 0.00152541 0.00141563 0.00130545 0.00119593 0.00108804 0.000982735 0.000880872 0.000783238 0.000690525 0.000603326 0.000522124 0.000447284 0.000379053 0.000317554 0.000262788 0.00021464 0.000172884 0.000137192 0.000107152 8.22836e-05 6.20549e-05 4.59066e-05 3.32712e-05 2.35932e-05 1.63469e-05 1.10508e-05 7.27799e-06 4.66257e-06 2.901e-06 1.75015e-06 1.0221e-06 5.76868e-07 3.14126e-07 1.64762e-07 8.31049e-08 4.02462e-08 1.86847e-08 8.30377e-09 3.52773e-09 1.43083e-09 5.53392e-10 2.03872e-10 7.14709e-11 2.38208e-11 7.54201e-12 2.26674e-12 6.46272e-13 1.74689e-13 4.47419e-14 1.08528e-14 2.49191e-15 5.41367e-16 1.11229e-16 2.16029e-17 3.96434e-18 6.87038e-19 1.12387e-19 1.73432e-20 2.52327e-21 3.45882e-22 4.46382e-23 5.41937e-24 6.18401e-25 6.62584e-26 6.65864e-27 6.26865e-28 5.52095e-29 4.54199e-30 3.48441e-31 2.48792e-32 1.6498e-33 1.01358e-34 5.75344e-36 3.00797e-37 1.44325e-38 6.32894e-40 2.5244e-41 9.10708e-43 2.95185e-44 8.52762e-46 2.17439e-47 4.83445e-49 9.22861e-51 1.48206e-52 1.94713e-54 1.0431e-56 
0 1.84874e-54 1.42158e-52 8.94331e-51 4.73379e-49 2.15152e-47 8.52762e-46 2.98355e-44 9.3047e-43 2.60743e-41 6.60943e-40 1.52405e-38 3.21223e-37 6.21413e-36 1.10734e-34 1.82333e-33 2.78183e-32 3.94212e-31 5.1999e-30 6.39671e-29 7.35108e-28 7.90383e-27 7.96169e-26 7.52284e-25 6.67484e-24 5.56681e-23 4.36778e-22 3.22663e-21 2.24585e-20 1.4738e-19 9.12382e-19 5.33127e-18 2.94182e-17 1.53368e-16 7.55755e-16 3.52157e-15 1.55233e-14 6.47605e-14 2.55801e-13 9.57112e-13 3.39396e-12 1.14122e-11 3.64096e-11 1.1029e-10 3.17435e-10 8.68837e-10 2.26357e-09 5.61915e-09 1.33066e-08 3.00971e-08 6.51069e-08 1.34897e-07 2.68109e-07 5.11971e-07 9.40851e-07 1.66674e-06 2.85122e-06 4.71793e-06 7.56433e-06 1.17711e-05 1.78079e-05 2.62334e-05 3.76893e-05 5.28884e-05 7.25952e-05 9.7603e-05 0.000128706 0.000166672 0.000212211 0.000265951 0.000328414 0.000399998 0.000480962 0.000571415 0.000671315 0.000780461 0.000898504 0.00102494 0.00115913 0.0013003 0.00144754 0.00159983 0.00175605 0.00191498 0.00207533 0.00223574 0.0023948 0.00255107 0.00270311 0.00284946 0.00298869 0.00311944 0.00324038 0.00335027 0.00344799 0.00353249 0.0036029 0.00365846 0.00369858 0.00372282 0.00373093 0.00372282 0.00369858 0.00365846 0.0036029 0.00353249 0.00344799 0.00335027 0.00324038 0.00311944 0.00298869 0.00284946 0.00270311 0.00255107 0.0023948 0.00223574 0.00207533 0.00191498 0.00175605 0.00159983 0.00144754 0.0013003 0.00115913 0.00102494 0.000898504 0.000780461 0.000671315 0.000571415 0.000480962 0.000399998 0.000328414 0.000265951 0.000212211 0.000166672 0.000128706 9.7603e-05 7.25952e-05 5.28884e-05 3.76893e-05 2.62334e-05 1.78079e-05 1.17711e-05 7.56433e-06 4.71793e-06 2.85122e-06 1.66674e-06 9.40851e-07 5.11971e-07 2.68109e-07 1.34897e-07 6.51069e-08 3.00971e-08 1.33066e-08 5.61915e-09 2.26357e-09 8.68837e-10 3.17435e-10 1.1029e-10 3.64096e-11 1.14122e-11 3.39396e-12 9.57112e-13 2.55801e-13 6.47605e-14 1.55233e-14 3.52157e-15 7.55755e-16 1.53368e-16 2.94182e-17 5.33127e-18 9.12382e-19 1.4738e-19 2.24585e-20 3.22663e-21 4.36778e-22 5.56681e-23 6.67484e-24 7.52284e-25 7.96169e-26 7.90383e-27 7.35108e-28 6.39671e-29 5.1999e-30 3.94212e-31 2.78183e-32 1.82333e-33 1.10734e-34 6.21413e-36 3.21223e-37 1.52405e-38 6.60943e-40 2.60743e-41 9.3047e-43 2.98355e-44 8.52762e-46 2.15152e-47 4.73379e-49 8.94331e-51 1.42149e-52 9.68529e-55 
0 1.33528e-52 8.48721e-51 4.5387e-49 2.08434e-47 8.34829e-46 2.95185e-44 9.3047e-43 2.63571e-41 6.75429e-40 1.57468e-38 3.35602e-37 6.56554e-36 1.18328e-34 1.97077e-33 3.04167e-32 4.3608e-31 5.82011e-30 7.24494e-29 8.42584e-28 9.16905e-27 9.34877e-26 8.94189e-25 8.03191e-24 6.7818e-23 5.38748e-22 4.02977e-21 2.8401e-20 1.88721e-19 1.18302e-18 6.99956e-18 3.9108e-17 2.06427e-16 1.0298e-15 4.85733e-15 2.16704e-14 9.14798e-14 3.65549e-13 1.38327e-12 4.95909e-12 1.68517e-11 5.43084e-11 1.66087e-10 4.82336e-10 1.3312e-09 3.49461e-09 8.73449e-09 2.08082e-08 4.73055e-08 1.02763e-07 2.13613e-07 4.25536e-07 8.13687e-07 1.49593e-06 2.64878e-06 4.52497e-06 7.47119e-06 1.19436e-05 1.85188e-05 2.78981e-05 4.09027e-05 5.84603e-05 8.15815e-05 0.00011133 0.000148784 0.000195002 0.000250979 0.000317614 0.000395682 0.000485803 0.000588434 0.000703849 0.000832141 0.000973218 0.0011268 0.00129244 0.00146951 0.0016572 0.00185457 0.0020605 0.00227374 0.00249288 0.00271642 0.0029427 0.00317001 0.00339652 0.00362035 0.00383959 0.00405231 0.00425658 0.00445051 0.00463228 0.00480012 0.00495242 0.00508766 0.00520451 0.00530177 0.00537847 0.00543382 0.00546726 0.00547844 0.00546726 0.00543382 0.00537847 0.00530177 0.00520451 0.00508766 0.00495242 0.00480012 0.00463228 0.00445051 0.00425658 0.00405231 0.00383959 0.00362035 0.00339652 0.00317001 0.0029427 0.00271642 0.00249288 0.00227374 0.0020605 0.00185457 0.0016572 0.00146951 0.00129244 0.0011268 0.000973218 0.000832141 0.000703849 0.000588434 0.000485803 0.000395682 0.000317614 0.000250979 0.000195002 0.000148784 0.00011133 8.15815e-05 5.84603e-05 4.09027e-05 2.78981e-05 1.85188e-05 1.19436e-05 7.47119e-06 4.52497e-06 2.64878e-06 1.49593e-06 8.13687e-07 4.25536e-07 2.13613e-07 1.02763e-07 4.73055e-08 2.08082e-08 8.73449e-09 3.49461e-09 1.3312e-09 4.82336e-10 1.66087e-10 5.43084e-11 1.68517e-11 4.95909e-12 1.38327e-12 3.65549e-13 9.14798e-14 2.16704e-14 4.85733e-15 1.0298e-15 2.06427e-16 3.9108e-17 6.99956e-18 1.18302e-18 1.88721e-19 2.8401e-20 4.02977e-21 5.38748e-22 6.7818e-23 8.03191e-24 8.94189e-25 9.34877e-26 9.16905e-27 8.42584e-28 7.24494e-29 5.82011e-30 4.3608e-31 3.04167e-32 1.97077e-33 1.18328e-34 6.56554e-36 3.35602e-37 1.57468e-38 6.75429e-40 2.63571e-41 9.3047e-43 2.95185e-44 8.34829e-46 2.08434e-47 4.5387e-49 8.4864e-51 7.06195e-53 
0 7.88579e-51 4.26099e-49 1.97699e-47 8.00083e-46 2.85877e-44 9.10708e-43 2.60743e-41 6.75429e-40 1.59193e-38 3.43031e-37 6.78581e-36 1.23677e-34 2.08331e-33 3.25229e-32 4.71682e-31 6.36891e-30 8.02162e-29 9.44009e-28 1.03959e-26 1.07277e-25 1.03856e-24 9.44289e-24 8.07132e-23 6.4912e-22 4.91566e-21 3.50763e-20 2.35989e-19 1.4978e-18 8.97269e-18 5.07566e-17 2.71235e-16 1.36977e-15 6.53969e-15 2.95274e-14 1.26126e-13 5.09848e-13 1.95118e-12 7.07203e-12 2.42866e-11 7.90629e-11 2.44118e-10 7.1535e-10 1.99083e-09 5.26616e-09 1.32525e-08 3.17608e-08 7.25727e-08 1.58304e-07 3.30102e-07 6.59008e-07 1.26157e-06 2.3197e-06 4.10406e-06 6.99892e-06 1.15259e-05 1.83629e-05 2.83547e-05 4.25123e-05 6.19984e-05 8.81009e-05 0.000122194 0.000165689 0.000219987 0.000286424 0.000366229 0.000460481 0.000570086 0.000695754 0.000837989 0.000997088 0.00117314 0.00136603 0.00157545 0.00180088 0.00204161 0.00229676 0.00256521 0.00284567 0.00313667 0.00343651 0.00374335 0.00405516 0.00436975 0.0046848 0.00499789 0.00530651 0.00560811 0.00590012 0.00617999 0.00644521 0.00669338 0.00692221 0.00712955 0.00731346 0.00747218 0.00760418 0.0077082 0.00778323 0.00782855 0.0078437 0.00782855 0.00778323 0.0077082 0.00760418 0.00747218 0.00731346 0.00712955 0.00692221 0.00669338 0.00644521 0.00617999 0.00590012 0.00560811 0.00530651 0.00499789 0.0046848 0.00436975 0.00405516 0.00374335 0.00343651 0.00313667 0.00284567 0.00256521 0.00229676 0.00204161 0.00180088 0.00157545 0.00136603 0.00117314 0.000997088 0.000837989 0.000695754 0.000570086 0.000460481 0.000366229 0.000286424 0.000219987 0.000165689 0.000122194 8.81009e-05 6.19984e-05 4.25123e-05 2.83547e-05 1.83629e-05 1.15259e-05 6.99892e-06 4.10406e-06 2.3197e-06 1.26157e-06 6.59008e-07 3.30102e-07 1.58304e-07 7.25727e-08 3.17608e-08 1.32525e-08 5.26616e-09 1.99083e-09 7.1535e-10 2.44118e-10 7.90629e-11 2.42866e-11 7.07203e-12 1.95118e-12 5.09848e-13 1.26126e-13 2.95274e-14 6.53969e-15 1.36977e-15 2.71235e-16 5.07566e-17 8.97269e-18 1.4978e-18 2.35989e-19 3.50763e-20 4.91566e-21 6.4912e-22 8.07132e-23 9.44289e-24 1.03856e-24 1.07277e-25 1.03959e-26 9.44009e-28 8.02162e-29 6.36891e-30 4.71682e-31 3.25229e-32 2.08331e-33 1.23677e-34 6.78581e-36 3.43031e-37 1.59193e-38 6.75429e-40 2.60743e-41 9.10708e-43 2.85877e-44 8.00083e-46 1.97699e-47 4.26042e-49 4.21095e-51 
0 3.91577e-49 1.83589e-47 7.50647e-46 2.71009e-44 8.72431e-43 2.5244e-41 6.60943e-40 1.57468e-38 3.43031e-37 6.86086e-36 1.26441e-34 2.15388e-33 3.40072e-32 4.98872e-31 6.81408e-30 8.6826e-29 1.03383e-27 1.15204e-26 1.20303e-25 1.17871e-24 1.08472e-23 9.3848e-23 7.64014e-22 5.85703e-21 4.23104e-20 2.88187e-19 1.8518e-18 1.12309e-17 6.43175e-17 3.4794e-16 1.77867e-15 8.59509e-15 3.92738e-14 1.69741e-13 6.9412e-13 2.68648e-12 9.84425e-12 3.41658e-11 1.12355e-10 3.50263e-10 1.0357e-09 2.90661e-09 7.74767e-09 1.96315e-08 4.73313e-08 1.087e-07 2.3808e-07 4.97982e-07 9.96177e-07 1.90888e-06 3.50968e-06 6.20258e-06 1.05557e-05 1.73311e-05 2.75055e-05 4.22763e-05 6.30503e-05 9.14134e-05 0.000129083 0.000177847 0.000239499 0.00031577 0.000408273 0.000518451 0.00064755 0.000796598 0.000966397 0.00115753 0.00137037 0.00160506 0.00186157 0.00213964 0.00243881 0.00275838 0.00309744 0.00345479 0.003829 0.00421834 0.00462082 0.00503417 0.00545588 0.00588319 0.00631313 0.00674257 0.00716826 0.00758683 0.00799489 0.00838906 0.00876599 0.00912244 0.0094553 0.00976165 0.0100388 0.0102842 0.0104957 0.0106714 0.0108098 0.0109095 0.0109697 0.0109898 0.0109697 0.0109095 0.0108098 0.0106714 0.0104957 0.0102842 0.0100388 0.00976165 0.0094553 0.00912244 0.00876599 0.00838906 0.00799489 0.00758683 0.00716826 0.00674257 0.00631313 0.00588319 0.00545588 0.00503417 0.00462082 0.00421834 0.003829 0.00345479 0.00309744 0.00275838 0.00243881 0.00213964 0.00186157 0.00160506 0.00137037 0.00115753 0.000966397 0.000796598 0.00064755 0.000518451 0.000408273 0.00031577 0.000239499 0.000177847 0.000129083 9.14134e-05 6.30503e-05 4.22763e-05 2.75055e-05 1.73311e-05 1.05557e-05 6.20258e-06 3.50968e-06 1.90888e-06 9.96177e-07 4.97982e-07 2.3808e-07 1.087e-07 4.73313e-08 1.96315e-08 7.74767e-09 2.90661e-09 1.0357e-09 3.50263e-10 1.12355e-10 3.41658e-11 9.84425e-12 2.68648e-12 6.9412e-13 1.69741e-13 3.92738e-14 8.59509e-15 1.77867e-15 3.4794e-16 6.43175e-17 1.12309e-17 1.8518e-18 2.88187e-19 4.23104e-20 5.85703e-21 7.64014e-22 9.3848e-23 1.08472e-23 1.17871e-24 1.20303e-25 1.15204e-26 1.03383e-27 8.6826e-29 6.81408e-30 4.98872e-31 3.40072e-32 2.15388e-33 1.26441e-34 6.86086e-36 3.43031e-37 1.57468e-38 6.60943e-40 2.5244e-41 8.72431e-43 2.71009e-44 7.50647e-46 1.83556e-47 2.11154e-49 
0 1.66849e-47 6.89436e-46 2.51479e-44 8.18e-43 2.39183e-41 6.32894e-40 1.52405e-38 3.35602e-37 6.78581e-36 1.26441e-34 2.17792e-33 3.47744e-32 5.1593e-31 7.12794e-30 9.18768e-29 1.10675e-27 1.2478e-26 1.31849e-25 1.30727e-24 1.2175e-23 1.06611e-22 8.78482e-22 6.8169e-21 4.98488e-20 3.43712e-19 2.23581e-18 1.37271e-17 7.958e-17 4.35787e-16 2.25493e-15 1.10284e-14 5.09957e-14 2.23004e-13 9.22499e-13 3.61084e-12 1.33772e-11 4.69217e-11 1.55878e-10 4.9066e-10 1.46408e-09 4.14363e-09 1.11305e-08 2.83985e-08 6.88826e-08 1.59001e-07 3.49676e-07 7.33618e-07 1.47039e-06 2.81992e-06 5.18332e-06 9.14796e-06 1.5531e-05 2.5414e-05 4.01616e-05 6.14162e-05 9.10683e-05 0.0001312 0.00018401 0.00025173 0.000336537 0.000440478 0.000565417 0.000712994 0.000884618 0.00108146 0.00130449 0.00155445 0.00183191 0.00213727 0.0024707 0.00283218 0.00322144 0.00363793 0.00408075 0.00454868 0.00504011 0.005553 0.00608493 0.0066331 0.00719429 0.007765 0.0083414 0.00891945 0.0094949 0.0100634 0.0106206 0.011162 0.0116833 0.0121804 0.012649 0.0130855 0.0134863 0.0138479 0.0141676 0.0144426 0.0146708 0.0148502 0.0149794 0.0150573 0.0150834 0.0150573 0.0149794 0.0148502 0.0146708 0.0144426 0.0141676 0.0138479 0.0134863 0.0130855 0.012649 0.0121804 0.0116833 0.011162 0.0106206 0.0100634 0.0094949 0.00891945 0.0083414 0.007765 0.00719429 0.0066331 0.00608493 0.005553 0.00504011 0.00454868 0.00408075 0.00363793 0.00322144 0.00283218 0.0024707 0.00213727 0.00183191 0.00155445 0.00130449 0.00108146 0.000884618 0.000712994 0.000565417 0.000440478 0.000336537 0.00025173 0.00018401 0.0001312 9.10683e-05 6.14162e-05 4.01616e-05 2.5414e-05 1.5531e-05 9.14796e-06 5.18332e-06 2.81992e-06 1.47039e-06 7.33618e-07 3.49676e-07 1.59001e-07 6.88826e-08 2.83985e-08 1.11305e-08 4.14363e-09 1.46408e-09 4.9066e-10 1.55878e-10 4.69217e-11 1.33772e-11 3.61084e-12 9.22499e-13 2.23004e-13 5.09957e-14 1.10284e-14 2.25493e-15 4.35787e-16 7.958e-17 1.37271e-17 2.23581e-18 3.43712e-19 4.98488e-20 6.8169e-21 8.78482e-22 1.06611e-22 1.2175e-23 1.30727e-24 1.31849e-25 1.2478e-26 1.10675e-27 9.18768e-29 7.12794e-30 5.1593e-31 3.47744e-32 2.17792e-33 1.26441e-34 6.78581e-36 3.35602e-37 1.52405e-38 6.32894e-40 2.39183e-41 8.18e-43 2.51479e-44 6.89276e-46 9.08701e-48 
0 6.1956e-46 2.28416e-44 7.50654e-43 2.21781e-41 5.93027e-40 1.44325e-38 3.21223e-37 6.56554e-36 1.23677e-34 2.15388e-33 3.47744e-32 5.21744e-31 7.29024e-30 9.50468e-29 1.15818e-27 1.32102e-26 1.41228e-25 1.41684e-24 1.33529e-23 1.18329e-22 9.86813e-22 7.75046e-21 5.73661e-20 4.00379e-19 2.63631e-18 1.63844e-17 9.61481e-17 5.32944e-16 2.79117e-15 1.38157e-14 6.46472e-14 2.86034e-13 1.19694e-12 4.73819e-12 1.77475e-11 6.29156e-11 2.11155e-10 6.71145e-10 2.02104e-09 5.76884e-09 1.56172e-08 4.01253e-08 9.79221e-08 2.27196e-07 5.01706e-07 1.05575e-06 2.12004e-06 4.06876e-06 7.47559e-06 1.31728e-05 2.23044e-05 3.63626e-05 5.71966e-05 8.69876e-05 0.000128188 0.00018343 0.000255419 0.000346823 0.000460177 0.000597811 0.000761814 0.000954032 0.00117608 0.00142939 0.00171522 0.00203471 0.00238885 0.0027785 0.0032043 0.00366664 0.00416557 0.00470075 0.00527134 0.00587598 0.00651275 0.00717912 0.00787203 0.00858782 0.00932239 0.0100712 0.0108292 0.0115913 0.012352 0.0131059 0.0138473 0.0145707 0.0152707 0.0159419 0.0165795 0.0171785 0.0177345 0.0182434 0.0187015 0.0191054 0.0194522 0.0197394 0.0199649 0.0201271 0.0202249 0.0202576 0.0202249 0.0201271 0.0199649 0.0197394 0.0194522 0.0191054 0.0187015 0.0182434 0.0177345 0.0171785 0.0165795 0.0159419 0.0152707 0.0145707 0.0138473 0.0131059 0.012352 0.0115913 0.0108292 0.0100712 0.00932239 0.00858782 0.00787203 0.00717912 0.00651275 0.00587598 0.00527134 0.00470075 0.00416557 0.00366664 0.0032043 0.0027785 0.00238885 0.00203471 0.00171522 0.00142939 0.00117608 0.000954032 0.000761814 0.000597811 0.000460177 0.000346823 0.000255419 0.00018343 0.000128188 8.69876e-05 5.71966e-05 3.63626e-05 2.23044e-05 1.31728e-05 7.47559e-06 4.06876e-06 2.12004e-06 1.05575e-06 5.01706e-07 2.27196e-07 9.79221e-08 4.01253e-08 1.56172e-08 5.76884e-09 2.02104e-09 6.71145e-10 2.11155e-10 6.29156e-11 1.77475e-11 4.73819e-12 1.19694e-12 2.86034e-13 6.46472e-14 1.38157e-14 2.79117e-15 5.32944e-16 9.61481e-17 1.63844e-17 2.63631e-18 4.00379e-19 5.73661e-20 7.75046e-21 9.86813e-22 1.18329e-22 1.33529e-23 1.41684e-24 1.41228e-25 1.32102e-26 1.15818e-27 9.50468e-29 7.29024e-30 5.21744e-31 3.47744e-32 2.15388e-33 1.23677e-34 6.56554e-36 3.21223e-37 1.44325e-38 5.93027e-40 2.21781e-41 7.50654e-43 2.28349e-44 3.40854e-46 
0 2.02942e-44 6.7419e-43 2.01247e-41 5.43738e-40 1.33724e-38 3.00797e-37 6.21413e-36 1.18328e-34 2.08331e-33 3.40072e-32 5.1593e-31 7.29024e-30 9.61275e-29 1.18478e-27 1.367e-26 1.47846e-25 1.50067e-24 1.43102e-23 1.28323e-22 1.08298e-21 8.60822e-21 6.44858e-20 4.55535e-19 3.036e-18 1.90983e-17 1.13439e-16 6.36429e-16 3.37349e-15 1.68989e-14 8.00168e-14 3.58206e-13 1.51632e-12 6.07061e-12 2.29899e-11 8.23741e-11 2.79313e-10 8.96512e-10 2.72475e-09 7.84471e-09 2.14051e-08 5.53871e-08 1.36007e-07 3.17209e-07 7.034e-07 1.48469e-06 2.98696e-06 5.73635e-06 1.05336e-05 1.85288e-05 3.1282e-05 5.0795e-05 7.95e-05 0.000120201 0.00017597 0.000250014 0.000345531 0.000465587 0.000613028 0.000790436 0.00100014 0.00124426 0.00152477 0.00184357 0.00220251 0.00260341 0.00304801 0.0035379 0.0040744 0.00465844 0.00529044 0.00597018 0.00669671 0.00746831 0.00828243 0.00913574 0.0100241 0.0109428 0.0118864 0.012849 0.0138242 0.0148056 0.0157864 0.0167598 0.0177188 0.0186569 0.0195675 0.0204442 0.0212812 0.0220726 0.0228134 0.0234985 0.0241235 0.0246845 0.0251779 0.0256006 0.02595 0.026224 0.0264209 0.0265395 0.0265791 0.0265395 0.0264209 0.026224 0.02595 0.0256006 0.0251779 0.0246845 0.0241235 0.0234985 0.0228134 0.0220726 0.0212812 0.0204442 0.0195675 0.0186569 0.0177188 0.0167598 0.0157864 0.0148056 0.0138242 0.012849 0.0118864 0.0109428 0.0100241 0.00913574 0.00828243 0.00746831 0.00669671 0.00597018 0.00529044 0.00465844 0.0040744 0.0035379 0.00304801 0.00260341 0.00220251 0.00184357 0.00152477 0.00124426 0.00100014 0.000790436 0.000613028 0.000465587 0.000345531 0.000250014 0.00017597 0.000120201 7.95e-05 5.0795e-05 3.1282e-05 1.85288e-05 1.05336e-05 5.73635e-06 2.98696e-06 1.48469e-06 7.034e-07 3.17209e-07 1.36007e-07 5.53871e-08 2.14051e-08 7.84471e-09 2.72475e-09 8.96512e-10 2.79313e-10 8.23741e-11 2.29899e-11 6.07061e-12 1.51632e-12 3.58206e-13 8.00168e-14 1.68989e-14 3.37349e-15 6.36429e-16 1.13439e-16 1.90983e-17 3.036e-18 4.55535e-19 6.44858e-20 8.60822e-21 1.08298e-21 1.28323e-22 1.43102e-23 1.50067e-24 1.47846e-25 1.367e-26 1.18478e-27 9.61275e-29 7.29024e-30 5.1593e-31 3.40072e-32 2.08331e-33 1.18328e-34 6.21413e-36 3.00797e-37 1.33724e-38 5.43738e-40 2.01247e-41 6.73947e-43 1.12802e-44 
0 5.9214e-43 1.78706e-41 4.87829e-40 1.21227e-38 2.75562e-37 5.75344e-36 1.10734e-34 1.97077e-33 3.25229e-32 4.98872e-31 7.12794e-30 9.50468e-29 1.18478e-27 1.38267e-26 1.51271e-25 1.55331e-24 1.49861e-23 1.35972e-22 1.16118e-21 9.34022e-21 7.08102e-20 5.06245e-19 3.41479e-18 2.17414e-17 1.30704e-16 7.42165e-16 3.98141e-15 2.01834e-14 9.67062e-14 4.38011e-13 1.87564e-12 7.59456e-12 2.90806e-11 1.0532e-10 3.60826e-10 1.16963e-09 3.58819e-09 1.0421e-08 2.86635e-08 7.47053e-08 1.84606e-07 4.32859e-07 9.63943e-07 2.04097e-06 4.11389e-06 7.90565e-06 1.4508e-05 2.54716e-05 4.28699e-05 6.93158e-05 0.000107916 0.000162161 0.000235769 0.000332503 0.000456004 0.000609676 0.000796634 0.00101972 0.00128161 0.00158488 0.00193214 0.00232614 0.00276969 0.00326567 0.00381689 0.0044259 0.00509478 0.00582497 0.00661706 0.00747068 0.0083844 0.00935567 0.0103809 0.0114555 0.0125738 0.0137297 0.0149162 0.0161258 0.0173506 0.0185827 0.019814 0.0210362 0.0222413 0.0234216 0.0245694 0.0256776 0.0267393 0.0277481 0.0286979 0.0295834 0.0303995 0.0311416 0.0318058 0.0323885 0.0328866 0.0332976 0.0336194 0.0338504 0.0339895 0.0340359 0.0339895 0.0338504 0.0336194 0.0332976 0.0328866 0.0323885 0.0318058 0.0311416 0.0303995 0.0295834 0.0286979 0.0277481 0.0267393 0.0256776 0.0245694 0.0234216 0.0222413 0.0210362 0.019814 0.0185827 0.0173506 0.0161258 0.0149162 0.0137297 0.0125738 0.0114555 0.0103809 0.00935567 0.0083844 0.00747068 0.00661706 0.00582497 0.00509478 0.0044259 0.00381689 0.00326567 0.00276969 0.00232614 0.00193214 0.00158488 0.00128161 0.00101972 0.000796634 0.000609676 0.000456004 0.000332503 0.000235769 0.000162161 0.000107916 6.93158e-05 4.28699e-05 2.54716e-05 1.4508e-05 7.90565e-06 4.11389e-06 2.04097e-06 9.63943e-07 4.32859e-07 1.84606e-07 7.47053e-08 2.86635e-08 1.0421e-08 3.58819e-09 1.16963e-09 3.60826e-10 1.0532e-10 2.90806e-11 7.59456e-12 1.87564e-12 4.38011e-13 9.67062e-14 2.01834e-14 3.98141e-15 7.42165e-16 1.30704e-16 2.17414e-17 3.41479e-18 5.06245e-19 7.08102e-20 9.34022e-21 1.16118e-21 1.35972e-22 1.49861e-23 1.55331e-24 1.51271e-25 1.38267e-26 1.18478e-27 9.50468e-29 7.12794e-30 4.98872e-31 3.25229e-32 1.97077e-33 1.10734e-34 5.75344e-36 2.75562e-37 1.21227e-38 4.87829e-40 1.78629e-41 3.32589e-43 
0 1.55139e-41 4.28248e-40 1.07522e-38 2.46964e-37 5.21077e-36 1.01358e-34 1.82333e-33 3.04167e-32 4.71682e-31 6.81408e-30 9.18768e-29 1.15818e-27 1.367e-26 1.51271e-25 1.57127e-24 1.53359e-23 1.40778e-22 1.21642e-21 9.90073e-21 7.59557e-20 5.49543e-19 3.75144e-18 2.41727e-17 1.47074e-16 8.45184e-16 4.58859e-15 2.35398e-14 1.14128e-13 5.23e-13 2.26556e-12 9.27796e-12 3.59226e-11 1.31509e-10 4.55265e-10 1.49054e-09 4.61608e-09 1.35254e-08 3.75067e-08 9.8475e-08 2.44923e-07 5.77441e-07 1.29157e-06 2.74348e-06 5.54082e-06 1.06549e-05 1.95405e-05 3.42395e-05 5.74399e-05 9.24623e-05 0.000143161 0.000213748 0.000308571 0.00043189 0.000587713 0.000779723 0.00101131 0.00128568 0.00160607 0.00197588 0.00239879 0.00287884 0.00342026 0.00402735 0.00470416 0.00545425 0.00628031 0.00718396 0.00816554 0.00922398 0.0103568 0.0115601 0.0128288 0.0141565 0.015536 0.0169593 0.0184176 0.0199019 0.0214028 0.0229108 0.0244165 0.0259105 0.0273837 0.0288271 0.0302324 0.0315914 0.0328967 0.0341411 0.0353182 0.0364219 0.0374468 0.0383881 0.0392413 0.0400028 0.0406691 0.0412375 0.0417057 0.0420718 0.0423342 0.0424921 0.0425448 0.0424921 0.0423342 0.0420718 0.0417057 0.0412375 0.0406691 0.0400028 0.0392413 0.0383881 0.0374468 0.0364219 0.0353182 0.0341411 0.0328967 0.0315914 0.0302324 0.0288271 0.0273837 0.0259105 0.0244165 0.0229108 0.0214028 0.0199019 0.0184176 0.0169593 0.015536 0.0141565 0.0128288 0.0115601 0.0103568 0.00922398 0.00816554 0.00718396 0.00628031 0.00545425 0.00470416 0.00402735 0.00342026 0.00287884 0.00239879 0.00197588 0.00160607 0.00128568 0.00101131 0.000779723 0.000587713 0.00043189 0.000308571 0.000213748 0.000143161 9.24623e-05 5.74399e-05 3.42395e-05 1.95405e-05 1.06549e-05 5.54082e-06 2.74348e-06 1.29157e-06 5.77441e-07 2.44923e-07 9.8475e-08 3.75067e-08 1.35254e-08 4.61608e-09 1.49054e-09 4.55265e-10 1.31509e-10 3.59226e-11 9.27796e-12 2.26556e-12 5.23e-13 1.14128e-13 2.35398e-14 4.58859e-15 8.45184e-16 1.47074e-16 2.41727e-17 3.75144e-18 5.49543e-19 7.59557e-20 9.90073e-21 1.21642e-21 1.40778e-22 1.53359e-23 1.57127e-24 1.51271e-25 1.367e-26 1.15818e-27 9.18768e-29 6.81408e-30 4.71682e-31 3.04167e-32 1.82333e-33 1.01358e-34 5.21077e-36 2.46964e-37 1.07522e-38 4.28028e-40 8.80684e-42 
0 3.67414e-40 9.33029e-39 2.16525e-37 4.61631e-36 9.07435e-35 1.6498e-33 2.78183e-32 4.3608e-31 6.36891e-30 8.6826e-29 1.10675e-27 1.32102e-26 1.47846e-25 1.55331e-24 1.53359e-23 1.42418e-22 1.24501e-21 1.0253e-20 7.95913e-20 5.8271e-19 4.02544e-18 2.62494e-17 1.61628e-16 9.39978e-16 5.16442e-15 2.68103e-14 1.31527e-13 6.09824e-13 2.67236e-12 1.1069e-11 4.33371e-11 1.60384e-10 5.61082e-10 1.85559e-09 5.80189e-09 1.71534e-08 4.79644e-08 1.26884e-07 3.17686e-07 7.53241e-07 1.69249e-06 3.60722e-06 7.30054e-06 1.40494e-05 2.57498e-05 4.50296e-05 7.52901e-05 0.000120643 0.000185739 0.000275502 0.000394851 0.000548453 0.000740601 0.000975239 0.00125613 0.0015871 0.00197233 0.00241654 0.00292505 0.00350367 0.00415842 0.00489517 0.0057192 0.00663475 0.00764467 0.00875017 0.00995066 0.0112438 0.0126254 0.0140898 0.0156299 0.0172376 0.0189037 0.0206183 0.0223711 0.0241515 0.0259485 0.0277513 0.0295491 0.0313314 0.0330879 0.0348089 0.0364848 0.038107 0.0396673 0.0411579 0.0425721 0.0439035 0.0451464 0.046296 0.0473477 0.0482979 0.0491432 0.0498809 0.0505087 0.0510248 0.0514276 0.0517161 0.0518895 0.0519474 0.0518895 0.0517161 0.0514276 0.0510248 0.0505087 0.0498809 0.0491432 0.0482979 0.0473477 0.046296 0.0451464 0.0439035 0.0425721 0.0411579 0.0396673 0.038107 0.0364848 0.0348089 0.0330879 0.0313314 0.0295491 0.0277513 0.0259485 0.0241515 0.0223711 0.0206183 0.0189037 0.0172376 0.0156299 0.0140898 0.0126254 0.0112438 0.00995066 0.00875017 0.00764467 0.00663475 0.0057192 0.00489517 0.00415842 0.00350367 0.00292505 0.00241654 0.00197233 0.0015871 0.00125613 0.000975239 0.000740601 0.000548453 0.000394851 0.000275502 0.000185739 0.000120643 7.52901e-05 4.50296e-05 2.57498e-05 1.40494e-05 7.30054e-06 3.60722e-06 1.69249e-06 7.53241e-07 3.17686e-07 1.26884e-07 4.79644e-08 1.71534e-08 5.80189e-09 1.85559e-09 5.61082e-10 1.60384e-10 4.33371e-11 1.1069e-11 2.67236e-12 6.09824e-13 1.31527e-13 2.68103e-14 5.16442e-15 9.39978e-16 1.61628e-16 2.62494e-17 4.02544e-18 5.8271e-19 7.95913e-20 1.0253e-20 1.24501e-21 1.42418e-22 1.53359e-23 1.55331e-24 1.47846e-25 1.32102e-26 1.10675e-27 8.6826e-29 6.36891e-30 4.3608e-31 2.78183e-32 1.6498e-33 9.07435e-35 4.61631e-36 2.16524e-37 9.32466e-39 2.1084e-40 
0 7.90996e-39 1.85705e-37 4.0003e-36 7.94581e-35 1.4599e-33 2.48792e-32 3.94212e-31 5.82011e-30 8.02162e-29 1.03383e-27 1.2478e-26 1.41228e-25 1.50067e-24 1.49861e-23 1.40778e-22 1.24501e-21 1.03732e-20 8.14736e-20 6.0356e-19 4.2191e-18 2.78408e-17 1.73477e-16 1.02097e-15 5.67648e-15 2.982e-14 1.48028e-13 6.94405e-13 3.07844e-12 1.28973e-11 5.10633e-11 1.91052e-10 6.75489e-10 2.25684e-09 7.12539e-09 2.12601e-08 5.99544e-08 1.59833e-07 4.02936e-07 9.60999e-07 2.16965e-06 4.64073e-06 9.41357e-06 1.8132e-05 3.32147e-05 5.79701e-05 9.66032e-05 0.00015408 0.000235857 0.000347524 0.00049447 0.000681664 0.000913634 0.00119466 0.00152911 0.00192186 0.00237861 0.002906 0.00351152 0.00420316 0.00498885 0.00587592 0.00687041 0.00797666 0.00919693 0.0105313 0.0119775 0.0135313 0.0151866 0.0169357 0.0187695 0.020678 0.0226501 0.0246743 0.0267386 0.0288307 0.0309383 0.0330491 0.0351507 0.0372313 0.0392796 0.0412845 0.0432358 0.0451239 0.0469401 0.0486764 0.0503257 0.0518816 0.0533386 0.054692 0.0559379 0.0570727 0.0580938 0.0589989 0.0597862 0.0604544 0.0610023 0.0614292 0.0617345 0.0619178 0.0619789 0.0619178 0.0617345 0.0614292 0.0610023 0.0604544 0.0597862 0.0589989 0.0580938 0.0570727 0.0559379 0.054692 0.0533386 0.0518816 0.0503257 0.0486764 0.0469401 0.0451239 0.0432358 0.0412845 0.0392796 0.0372313 0.0351507 0.0330491 0.0309383 0.0288307 0.0267386 0.0246743 0.0226501 0.020678 0.0187695 0.0169357 0.0151866 0.0135313 0.0119775 0.0105313 0.00919693 0.00797666 0.00687041 0.00587592 0.00498885 0.00420316 0.00351152 0.002906 0.00237861 0.00192186 0.00152911 0.00119466 0.000913634 0.000681664 0.00049447 0.000347524 0.000235857 0.00015408 9.66032e-05 5.79701e-05 3.32147e-05 1.8132e-05 9.41357e-06 4.64073e-06 2.16965e-06 9.60999e-07 4.02936e-07 1.59833e-07 5.99544e-08 2.12601e-08 7.12539e-09 2.25684e-09 6.75489e-10 1.91052e-10 5.10633e-11 1.28973e-11 3.07844e-12 6.94405e-13 1.48028e-13 2.982e-14 5.67648e-15 1.02097e-15 1.73477e-16 2.78408e-17 4.2191e-18 6.0356e-19 8.14736e-20 1.03732e-20 1.24501e-21 1.40778e-22 1.49861e-23 1.50067e-24 1.41228e-25 1.2478e-26 1.03383e-27 8.02162e-29 5.82011e-30 3.94212e-31 2.48792e-32 1.4599e-33 7.94581e-35 4.00029e-36 1.85575e-37 4.58937e-39 
