0 0 0 0 0 0 0 0 0 0 0 0 0 0 0 0 0 0 0 0 0 0 0 0 0 0 0 0 0 0 0 0 0 0 0 0 0 0 0 0 0 0 0 0 0 0 0 0 0 0 0 0 0 0 0 0 0 0 0 0 0 0 0 0 0 0 0 0 0 0 0 0 0 0 0 0 0 0 0 0 0 0 0 0 0 0 0 0 0 0 0 0 0 0 0 0 0 0 0 0 0 0 0 0 0 0 0 0 0 0 0 0 0 0 0 0 0 0 0 0 0 0 0 0 0 0 0 0 0 0 0 0 0 0 0 0 0 0 0 0 0 0 0 0 0 0 0 0 0 0 0 0 0 0 0 0 0 0 0 0 0 0 0 0 0 0 0 0 0 0 0 0 0 0 0 0 0 0 0 0 0 0 0 0 0 0 0 0 0 0 0 0 0 0 0 0 0 0 0 0 
0 0.000585513 0.00121737 0.00192522 0.00271241 0.00355932 0.0044394 0.00533868 0.00626317 0.0072258 0.00822166 0.00921317 0.01014 0.010946 0.0115984 0.0120849 0.0123934 0.0124968 0.0123582 0.0119481 0.0112611 0.0103187 0.0091588 0.00782193 0.00634324 0.00475413 0.00308897 0.00139033 -0.000291569 -0.00190497 -0.00340462 -0.00475756 -0.00594445 -0.00695703 -0.00779372 -0.00845604 -0.00894702 -0.00927167 -0.00943855 -0.00946095 -0.00935698 -0.00914831 -0.008858 -0.00850812 -0.008118 -0.00770321 -0.00727558 -0.0068439 -0.00641477 -0.00599363 -0.00558524 -0.00519403 -0.00482397 -0.00447836 -0.00415952 -0.00386863 -0.00360567 -0.00336952 -0.00315824 -0.00296934 -0.00280012 -0.00264793 -0.00251038 -0.00238546 -0.00227157 -0.00216749 -0.00207236 -0.0019855 -0.00190644 -0.00183474 -0.00177001 -0.00171182 -0.00165971 -0.00161319 -0.00157172 -0.00153479 -0.00150186 -0.00147241 -0.001446 -0.00142219 -0.00140062 -0.00138097 -0.00136299 -0.00134647 -0.00133124 -0.00131719 -0.00130421 -0.00129223 -0.00128122 -0.00127113 -0.00126194 -0.00125365 -0.00124624 -0.0012397 -0.00123404 -0.00122926 -0.00122534 -0.0012223 -0.00122012 -0.00121882 -0.00121838 -0.00121882 -0.00122012 -0.0012223 -0.00122534 -0.00122926 -0.00123404 -0.0012397 -0.00124624 -0.00125365 -0.00126194 -0.00127113 -0.00128122 -0.00129223 -0.00130421 -0.00131719 -0.00133124 -0.00134647 -0.00136299 -0.00138097 -0.00140062 -0.00142219 -0.001446 -0.00147241 -0.00150186 -0.00153479 -0.00157172 -0.00161319 -0.00165971 -0.00171182 -0.00177001 -0.00183474 -0.00190644 -0.0019855 -0.00207236 -0.00216749 -0.00227157 -0.00238546 -0.00251038 -0.00264793 -0.00280012 -0.00296934 -0.00315824 -0.00336952 -0.00360567 -0.00386863 -0.00415952 -0.00447836 -0.00482397 -0.00519403 -0.00558524 -0.00599363 -0.00641477 -0.0068439 -0.00727558 -0.00770321 -0.008118 -0.00850812 -0.008858 -0.00914831 -0.00935698 -0.00946095 -0.00943855 -0.00927167 -0.00894702 -0.00845604 -0.00779372 -0.00695703 -0.00594445 -0.00475756 -0.00340462 -0.00190497 -0.000291569 0.00139033 0.00308897 0.00475413 0.00634324 0.00782193 0.0091588 0.0103187 0.0112611 0.0119481 0.0123582 0.0124969 0.0123934 0.0120852 0.011599 0.0109477 0.0101445 0.00922376 0.00824506 0.00727414 0.00635661 0.00550777 0.00472606 0.00401514 0.00339405 0.00288876 0.00251599 0.00227566 
0 0.00121737 0.00251119 0.00393054 0.00548406 0.00714821 0.00889132 0.0106957 0.0125603 0.014481 0.0164261 0.018329 0.0201037 0.0216691 0.0229599 0.0239217 0.0245014 0.0246456 0.02431 0.0234699 0.0221269 0.0203074 0.0180578 0.015439 0.0125227 0.0093899 0.00612769 0.0028261 -0.000426852 -0.00354977 -0.00647162 -0.00913408 -0.0114927 -0.0135171 -0.0151911 -0.0165113 -0.0174863 -0.0181347 -0.0184829 -0.0185627 -0.0184091 -0.0180583 -0.0175463 -0.0169077 -0.016175 -0.0153776 -0.014542 -0.013691 -0.0128435 -0.0120148 -0.0112164 -0.0104568 -0.00974136 -0.00907313 -0.00845336 -0.00788191 -0.00735767 -0.00687883 -0.00644317 -0.00604816 -0.00569111 -0.00536923 -0.00507966 -0.00481956 -0.00458613 -0.00437667 -0.00418862 -0.00401957 -0.00386733 -0.00372991 -0.00360555 -0.00349271 -0.00339006 -0.00329645 -0.00321091 -0.0031326 -0.00306083 -0.00299499 -0.00293457 -0.00287911 -0.00282823 -0.00278157 -0.00273882 -0.00269972 -0.00266399 -0.00263142 -0.00260179 -0.00257493 -0.00255066 -0.00252883 -0.00250931 -0.00249197 -0.00247672 -0.00246347 -0.00245213 -0.00244264 -0.00243495 -0.00242901 -0.00242479 -0.00242227 -0.00242143 -0.00242227 -0.00242479 -0.00242901 -0.00243495 -0.00244264 -0.00245213 -0.00246347 -0.00247672 -0.00249197 -0.00250931 -0.00252883 -0.00255066 -0.00257493 -0.00260179 -0.00263142 -0.00266399 -0.00269972 -0.00273882 -0.00278157 -0.00282823 -0.00287911 -0.00293457 -0.00299499 -0.00306083 -0.0031326 -0.00321091 -0.00329645 -0.00339006 -0.00349271 -0.00360555 -0.00372991 -0.00386733 -0.00401957 -0.00418862 -0.00437667 -0.00458613 -0.00481956 -0.00507966 -0.00536923 -0.00569111 -0.00604816 -0.00644317 -0.00687883 -0.00735767 -0.00788191 -0.00845336 -0.00907313 -0.00974136 -0.0104568 -0.0112164 -0.0120148 -0.0128435 -0.013691 -0.014542 -0.0153776 -0.016175 -0.0169077 -0.0175463 -0.0180583 -0.0184091 -0.0185627 -0.0184829 -0.0181347 -0.0174863 -0.0165113 -0.0151911 -0.0135171 -0.0114927 -0.00913408 -0.00647162 -0.00354977 -0.000426852 0.0028261 0.00612769 0.0093899 0.0125227 0.015439 0.0180578 0.0203074 0.0221269 0.0234699 0.02431 0.0246457 0.0245016 0.0239224 0.0229618 0.021674 0.0201156 0.0183559 0.0164833 0.0145951 0.0127738 0.0110708 0.00951033 0.00811031 0.00689739 0.00590515 0.00515957 0.00466913 
0 0.00192522 0.00393054 0.00607065 0.00836577 0.0108117 0.0133959 0.0161021 0.0189018 0.0217434 0.0245549 0.0272562 0.0297673 0.0320015 0.0338566 0.03522 0.0359909 0.0361006 0.0355177 0.0342369 0.0322687 0.029637 0.0263875 0.0225963 0.0183706 0.0138395 0.00913866 0.00439771 -0.000267014 -0.00475298 -0.0089694 -0.0128362 -0.016286 -0.0192679 -0.0217516 -0.0237288 -0.0252118 -0.0262294 -0.026821 -0.0270319 -0.0269096 -0.0265013 -0.0258534 -0.0250114 -0.0240192 -0.0229188 -0.0217492 -0.0205452 -0.0193365 -0.0181471 -0.016995 -0.0158932 -0.0148498 -0.0138693 -0.0129539 -0.0121037 -0.0113178 -0.0105945 -0.00993179 -0.00932711 -0.00877759 -0.00828006 -0.00783104 -0.00742679 -0.00706344 -0.00673708 -0.00644386 -0.00618009 -0.00594235 -0.00572753 -0.00553286 -0.00535594 -0.0051947 -0.00504738 -0.00491251 -0.00478884 -0.00467534 -0.0045711 -0.00447537 -0.00438748 -0.00430685 -0.00423295 -0.00416531 -0.00410348 -0.00404708 -0.00399573 -0.00394909 -0.00390687 -0.00386879 -0.00383459 -0.00380405 -0.00377697 -0.00375318 -0.00373253 -0.00371488 -0.00370012 -0.00368816 -0.00367894 -0.00367239 -0.00366848 -0.00366717 -0.00366848 -0.00367239 -0.00367894 -0.00368816 -0.00370012 -0.00371488 -0.00373253 -0.00375318 -0.00377697 -0.00380405 -0.00383459 -0.00386879 -0.00390687 -0.00394909 -0.00399573 -0.00404708 -0.00410348 -0.00416531 -0.00423295 -0.00430685 -0.00438748 -0.00447537 -0.0045711 -0.00467534 -0.00478884 -0.00491251 -0.00504738 -0.0051947 -0.00535594 -0.00553286 -0.00572753 -0.00594235 -0.00618009 -0.00644386 -0.00673708 -0.00706344 -0.00742679 -0.00783104 -0.00828006 -0.00877759 -0.00932711 -0.00993179 -0.0105945 -0.0113178 -0.0121037 -0.0129539 -0.0138693 -0.0148498 -0.0158932 -0.016995 -0.0181471 -0.0193365 -0.0205452 -0.0217492 -0.0229188 -0.0240192 -0.0250114 -0.0258534 -0.0265013 -0.0269096 -0.0270319 -0.026821 -0.0262294 -0.0252118 -0.0237288 -0.0217516 -0.0192679 -0.016286 -0.0128362 -0.0089694 -0.00475298 -0.000267014 0.00439771 0.00913866 0.0138395 0.0183706 0.0225963 0.0263875 0.029637 0.0322687 0.034237 0.0355177 0.0361008 0.0359915 0.0352218 0.0338612 0.0320128 0.0297932 0.0273121 0.0246683 0.0219595 0.0192889 0.0167548 0.0144344 0.012376 0.0106091 0.00915759 0.00804716 0.0073022 
0 0.00271241 0.00548406 0.00836577 0.0113981 0.0146111 0.0180164 0.0215898 0.025263 0.0289378 0.0325154 0.0359119 0.0390453 0.0418094 0.0440684 0.0456811 0.0465335 0.0465543 0.0457094 0.0439908 0.041412 0.0380116 0.0338596 0.0290589 0.0237403 0.0180514 0.0121463 0.00617753 0.000290117 -0.00538242 -0.0107219 -0.0156291 -0.0200268 -0.0238609 -0.0271 -0.029734 -0.0317712 -0.0332357 -0.0341647 -0.0346052 -0.0346121 -0.0342441 -0.0335618 -0.0326246 -0.0314885 -0.030205 -0.0288196 -0.0273721 -0.0258964 -0.0244212 -0.0229699 -0.0215616 -0.020211 -0.0189289 -0.0177229 -0.016597 -0.0155528 -0.0145895 -0.0137047 -0.0128946 -0.0121548 -0.0114804 -0.0108664 -0.0103078 -0.00979998 -0.00933865 -0.00891976 -0.00853959 -0.00819472 -0.007882 -0.00759852 -0.00734155 -0.00710859 -0.00689731 -0.00670557 -0.00653142 -0.00637306 -0.0062289 -0.00609751 -0.0059776 -0.00586806 -0.00576791 -0.0056763 -0.0055925 -0.00551587 -0.00544586 -0.00538202 -0.00532393 -0.00527126 -0.0052237 -0.00518101 -0.00514297 -0.00510938 -0.00508009 -0.00505496 -0.00503389 -0.00501677 -0.00500353 -0.00499411 -0.00498848 -0.0049866 -0.00498848 -0.00499411 -0.00500353 -0.00501677 -0.00503389 -0.00505496 -0.00508009 -0.00510938 -0.00514297 -0.00518101 -0.0052237 -0.00527126 -0.00532393 -0.00538202 -0.00544586 -0.00551587 -0.0055925 -0.0056763 -0.00576791 -0.00586806 -0.0059776 -0.00609751 -0.0062289 -0.00637306 -0.00653142 -0.00670557 -0.00689731 -0.00710859 -0.00734155 -0.00759852 -0.007882 -0.00819472 -0.00853959 -0.00891976 -0.00933865 -0.00979998 -0.0103078 -0.0108664 -0.0114804 -0.0121548 -0.0128946 -0.0137047 -0.0145895 -0.0155528 -0.016597 -0.0177229 -0.0189289 -0.020211 -0.0215616 -0.0229699 -0.0244212 -0.0258964 -0.0273721 -0.0288196 -0.030205 -0.0314885 -0.0326246 -0.0335618 -0.0342441 -0.0346121 -0.0346052 -0.0341647 -0.0332357 -0.0317712 -0.029734 -0.0271 -0.0238609 -0.0200268 -0.0156291 -0.0107219 -0.00538242 0.000290117 0.00617753 0.0121463 0.0180514 0.0237403 0.0290589 0.0338596 0.0380116 0.041412 0.0439908 0.0457095 0.0465548 0.0465351 0.0456853 0.0440788 0.0418335 0.0390978 0.0360195 0.0327225 0.0293132 0.0259039 0.0226233 0.0195962 0.0169127 0.0146183 0.0127333 0.0112806 0.0102974 
0 0.00355932 0.00714821 0.0108117 0.0146111 0.0186023 0.0228018 0.0271651 0.0315961 0.0359824 0.0402198 0.0442074 0.0478267 0.0509367 0.0533951 0.0550802 0.0558962 0.0557656 0.0546322 0.0524737 0.049314 0.0452232 0.0403072 0.034693 0.0285191 0.0219328 0.0150914 0.00816126 0.00130955 -0.00530611 -0.0115489 -0.0173098 -0.0225083 -0.0270904 -0.0310231 -0.0342918 -0.0368974 -0.0388567 -0.0402014 -0.0409768 -0.0412396 -0.0410536 -0.0404856 -0.0396016 -0.0384638 -0.0371289 -0.0356476 -0.0340648 -0.0324197 -0.0307465 -0.0290749 -0.0274299 -0.025832 -0.0242974 -0.0228379 -0.0214614 -0.0201723 -0.018972 -0.0178596 -0.0168325 -0.015887 -0.0150184 -0.0142221 -0.0134932 -0.0128269 -0.0122184 -0.0116635 -0.0111579 -0.0106976 -0.0102788 -0.00989799 -0.00955184 -0.00923718 -0.00895111 -0.00869091 -0.0084541 -0.00823842 -0.00804184 -0.00786251 -0.0076988 -0.00754927 -0.00741263 -0.00728777 -0.00717369 -0.00706955 -0.00697459 -0.00688816 -0.00680968 -0.00673868 -0.0066747 -0.00661739 -0.00656641 -0.00652149 -0.00648237 -0.00644887 -0.00642079 -0.00639801 -0.00638041 -0.0063679 -0.00636042 -0.00635793 -0.00636042 -0.0063679 -0.00638041 -0.00639801 -0.00642079 -0.00644887 -0.00648237 -0.00652149 -0.00656641 -0.00661739 -0.0066747 -0.00673868 -0.00680968 -0.00688816 -0.00697459 -0.00706955 -0.00717369 -0.00728777 -0.00741263 -0.00754927 -0.0076988 -0.00786251 -0.00804184 -0.00823842 -0.0084541 -0.00869091 -0.00895111 -0.00923718 -0.00955184 -0.00989799 -0.0102788 -0.0106976 -0.0111579 -0.0116635 -0.0122184 -0.0128269 -0.0134932 -0.0142221 -0.0150184 -0.015887 -0.0168325 -0.0178596 -0.018972 -0.0201723 -0.0214614 -0.0228379 -0.0242974 -0.025832 -0.0274299 -0.0290749 -0.0307465 -0.0324197 -0.0340648 -0.0356476 -0.0371289 -0.0384638 -0.0396016 -0.0404856 -0.0410536 -0.0412396 -0.0409768 -0.0402014 -0.0388567 -0.0368974 -0.0342918 -0.0310231 -0.0270904 -0.0225083 -0.0173098 -0.0115489 -0.00530611 0.00130955 0.00816126 0.0150914 0.0219328 0.0285191 0.034693 0.0403072 0.0452232 0.049314 0.0524739 0.0546327 0.055767 0.0558999 0.0550896 0.0534171 0.0509852 0.0479269 0.0444022 0.0405761 0.0365967 0.0325964 0.028709 0.0250737 0.0218134 0.0190115 0.0167138 0.0149528 0.0137678 
0 0.0044394 0.00889132 0.0133959 0.0180164 0.0228018 0.027749 0.0327972 0.0378553 0.0428248 0.0475944 0.0520226 0.0559441 0.0592044 0.0616844 0.0632927 0.0639426 0.0635512 0.0620613 0.0594632 0.0558006 0.0511607 0.0456597 0.0394305 0.0326189 0.025383 0.0178907 0.0103128 0.00281517 -0.00445006 -0.0113497 -0.0177723 -0.0236289 -0.0288531 -0.0334013 -0.0372519 -0.0404035 -0.0428732 -0.0446925 -0.0459041 -0.046559 -0.0467131 -0.0464259 -0.0457582 -0.0447711 -0.0435244 -0.0420748 -0.0404752 -0.0387729 -0.0370095 -0.0352199 -0.0334334 -0.0316732 -0.0299578 -0.0283016 -0.0267155 -0.0252072 -0.0237824 -0.0224442 -0.0211943 -0.0200324 -0.0189569 -0.0179651 -0.0170532 -0.0162167 -0.0154508 -0.0147503 -0.01411 -0.0135248 -0.01299 -0.012501 -0.0120538 -0.0116446 -0.0112701 -0.0109271 -0.010613 -0.0103254 -0.010062 -0.00982097 -0.00960042 -0.00939875 -0.00921449 -0.00904629 -0.00889295 -0.00875334 -0.00862647 -0.00851143 -0.00840739 -0.00831363 -0.0082295 -0.00815442 -0.00808788 -0.00802944 -0.00797872 -0.00793538 -0.00789916 -0.00786982 -0.00784718 -0.00783111 -0.00782151 -0.00781831 -0.00782151 -0.00783111 -0.00784718 -0.00786982 -0.00789916 -0.00793538 -0.00797872 -0.00802944 -0.00808788 -0.00815442 -0.0082295 -0.00831363 -0.00840739 -0.00851143 -0.00862647 -0.00875334 -0.00889295 -0.00904629 -0.00921449 -0.00939875 -0.00960042 -0.00982097 -0.010062 -0.0103254 -0.010613 -0.0109271 -0.0112701 -0.0116446 -0.0120538 -0.012501 -0.01299 -0.0135248 -0.01411 -0.0147503 -0.0154508 -0.0162167 -0.0170532 -0.0179651 -0.0189569 -0.0200324 -0.0211943 -0.0224442 -0.0237824 -0.0252072 -0.0267155 -0.0283016 -0.0299578 -0.0316732 -0.0334334 -0.0352199 -0.0370095 -0.0387729 -0.0404752 -0.0420748 -0.0435244 -0.0447711 -0.0457582 -0.0464259 -0.0467131 -0.046559 -0.0459041 -0.0446925 -0.0428732 -0.0404035 -0.0372519 -0.0334013 -0.0288531 -0.0236289 -0.0177723 -0.0113497 -0.00445006 0.00281517 0.0103128 0.0178907 0.025383 0.0326189 0.0394305 0.0456597 0.0511608 0.0558008 0.0594637 0.0620625 0.0635546 0.063951 0.0633126 0.0617286 0.0592965 0.0561249 0.0523566 0.0481758 0.0437803 0.0393431 0.0350043 0.0308919 0.0271386 0.0238713 0.0211894 0.0191559 0.0178073 
0 0.00533868 0.0106957 0.0161021 0.0215898 0.0271651 0.0327972 0.038432 0.0440044 0.0494236 0.0545511 0.059209 0.063225 0.0664663 0.068832 0.0702281 0.0705668 0.0697895 0.0678813 0.0648668 0.0607995 0.0557587 0.0498503 0.0432084 0.0359921 0.0283739 0.020525 0.0126056 0.00476166 -0.00287365 -0.0101785 -0.0170425 -0.0233709 -0.0290893 -0.0341471 -0.0385181 -0.0421975 -0.0451978 -0.0475437 -0.0492687 -0.0504129 -0.0510216 -0.051145 -0.0508375 -0.0501561 -0.0491588 -0.0479029 -0.0464426 -0.0448278 -0.0431031 -0.0413074 -0.0394742 -0.0376319 -0.035804 -0.0340102 -0.0322665 -0.0305856 -0.0289772 -0.0274485 -0.0260041 -0.0246466 -0.0233766 -0.0221932 -0.0210942 -0.0200766 -0.0191364 -0.0182694 -0.0174713 -0.0167372 -0.0160629 -0.0154437 -0.0148757 -0.0143546 -0.0138769 -0.013439 -0.0130377 -0.0126701 -0.0123334 -0.0120251 -0.0117428 -0.0114846 -0.0112485 -0.0110327 -0.0108358 -0.0106563 -0.0104929 -0.0103446 -0.0102103 -0.010089 -0.00998011 -0.00988279 -0.00979646 -0.00972055 -0.00965461 -0.00959824 -0.00955109 -0.00951289 -0.0094834 -0.00946246 -0.00944994 -0.00944578 -0.00944994 -0.00946246 -0.0094834 -0.00951289 -0.00955109 -0.00959824 -0.00965461 -0.00972055 -0.00979646 -0.00988279 -0.00998011 -0.010089 -0.0102103 -0.0103446 -0.0104929 -0.0106563 -0.0108358 -0.0110327 -0.0112485 -0.0114846 -0.0117428 -0.0120251 -0.0123334 -0.0126701 -0.0130377 -0.013439 -0.0138769 -0.0143546 -0.0148757 -0.0154437 -0.0160629 -0.0167372 -0.0174713 -0.0182694 -0.0191364 -0.0200766 -0.0210942 -0.0221932 -0.0233766 -0.0246466 -0.0260041 -0.0274485 -0.0289772 -0.0305856 -0.0322665 -0.0340102 -0.035804 -0.0376319 -0.0394742 -0.0413074 -0.0431031 -0.0448278 -0.0464426 -0.0479029 -0.0491588 -0.0501561 -0.0508375 -0.051145 -0.0510216 -0.0504129 -0.0492687 -0.0475437 -0.0451978 -0.0421975 -0.0385181 -0.0341471 -0.0290893 -0.0233709 -0.0170425 -0.0101785 -0.00287365 0.00476166 0.0126056 0.020525 0.0283739 0.0359921 0.0432084 0.0498503 0.0557588 0.0607999 0.0648679 0.0678842 0.0697969 0.0705845 0.0702678 0.0689157 0.0666323 0.0635348 0.0597537 0.0554549 0.0508439 0.0461287 0.0414787 0.0370262 0.032903 0.0292616 0.0262522 0.0239804 0.0224899 
0 0.00626317 0.0125603 0.0189018 0.025263 0.0315961 0.0378553 0.0440044 0.049989 0.0556989 0.0609708 0.0656365 0.0695611 0.0726334 0.0747406 0.0757781 0.0756847 0.0744551 0.0721184 0.0687182 0.0643119 0.0589796 0.0528299 0.0460002 0.0386462 0.0309266 0.0229931 0.014989 0.00704741 -0.000708281 -0.00816542 -0.0152254 -0.0218063 -0.0278435 -0.033289 -0.0381109 -0.0422909 -0.0458244 -0.0487195 -0.050996 -0.0526842 -0.0538228 -0.0544561 -0.0546321 -0.0544003 -0.05381 -0.0529102 -0.0517484 -0.0503707 -0.0488215 -0.0471424 -0.0453723 -0.0435462 -0.0416951 -0.0398452 -0.0380185 -0.0362322 -0.0345 -0.0328319 -0.031235 -0.0297143 -0.0282728 -0.0269119 -0.0256322 -0.024433 -0.023313 -0.0222701 -0.0213018 -0.020405 -0.0195762 -0.0188117 -0.0181077 -0.0174602 -0.0168652 -0.0163189 -0.0158175 -0.0153574 -0.0149355 -0.0145485 -0.0141937 -0.0138685 -0.0135706 -0.0132978 -0.0130483 -0.0128204 -0.0126126 -0.0124235 -0.012252 -0.0120969 -0.0119574 -0.0118325 -0.0117216 -0.011624 -0.0115391 -0.0114665 -0.0114058 -0.0113565 -0.0113185 -0.0112915 -0.0112753 -0.01127 -0.0112753 -0.0112915 -0.0113185 -0.0113565 -0.0114058 -0.0114665 -0.0115391 -0.011624 -0.0117216 -0.0118325 -0.0119574 -0.0120969 -0.012252 -0.0124235 -0.0126126 -0.0128204 -0.0130483 -0.0132978 -0.0135706 -0.0138685 -0.0141937 -0.0145485 -0.0149355 -0.0153574 -0.0158175 -0.0163189 -0.0168652 -0.0174602 -0.0181077 -0.0188117 -0.0195762 -0.020405 -0.0213018 -0.0222701 -0.023313 -0.024433 -0.0256322 -0.0269119 -0.0282728 -0.0297143 -0.031235 -0.0328319 -0.0345 -0.0362322 -0.0380185 -0.0398452 -0.0416951 -0.0435462 -0.0453723 -0.0471424 -0.0488215 -0.0503707 -0.0517484 -0.0529102 -0.05381 -0.0544003 -0.0546321 -0.0544561 -0.0538228 -0.0526842 -0.050996 -0.0487195 -0.0458244 -0.0422909 -0.0381109 -0.033289 -0.0278435 -0.0218063 -0.0152254 -0.00816542 -0.000708281 0.00704741 0.014989 0.0229931 0.0309266 0.0386462 0.0460002 0.05283 0.0589799 0.0643128 0.0687207 0.0721248 0.0744706 0.07572 0.0758532 0.0748913 0.0729176 0.0700662 0.0664835 0.0623149 0.0577273 0.0529205 0.0480987 0.0434371 0.0390879 0.0352097 0.0319691 0.0295015 0.0278778 
0 0.0072258 0.014481 0.0217434 0.0289378 0.0359824 0.0428248 0.0494236 0.0556989 0.0615173 0.0667334 0.0712294 0.0749029 0.0776369 0.079315 0.0798683 0.0792901 0.0776069 0.0748562 0.0710928 0.0663989 0.0608799 0.0546558 0.0478539 0.0406002 0.0330184 0.0252361 0.0173823 0.00958028 0.0019419 -0.00543757 -0.0124813 -0.0191264 -0.0253195 -0.0310152 -0.036175 -0.0407688 -0.0447789 -0.0481997 -0.051038 -0.0533119 -0.0550471 -0.0562752 -0.0570316 -0.0573536 -0.0572807 -0.056854 -0.0561153 -0.0551076 -0.0538733 -0.052454 -0.0508892 -0.0492155 -0.0474663 -0.0456714 -0.0438564 -0.0420437 -0.0402518 -0.0384961 -0.0367892 -0.035141 -0.0335589 -0.0320483 -0.030613 -0.029255 -0.0279749 -0.0267724 -0.025646 -0.0245938 -0.0236132 -0.0227011 -0.0218542 -0.0210692 -0.0203426 -0.0196707 -0.0190503 -0.018478 -0.0179507 -0.0174652 -0.0170187 -0.0166085 -0.0162321 -0.0158871 -0.0155715 -0.0152832 -0.0150203 -0.0147813 -0.0145646 -0.0143689 -0.014193 -0.0140357 -0.0138961 -0.0137734 -0.0136668 -0.0135756 -0.0134993 -0.0134375 -0.0133898 -0.013356 -0.0133357 -0.013329 -0.0133357 -0.013356 -0.0133898 -0.0134375 -0.0134993 -0.0135756 -0.0136668 -0.0137734 -0.0138961 -0.0140357 -0.014193 -0.0143689 -0.0145646 -0.0147813 -0.0150203 -0.0152832 -0.0155715 -0.0158871 -0.0162321 -0.0166085 -0.0170187 -0.0174652 -0.0179507 -0.018478 -0.0190503 -0.0196707 -0.0203426 -0.0210692 -0.0218542 -0.0227011 -0.0236132 -0.0245938 -0.025646 -0.0267724 -0.0279749 -0.029255 -0.030613 -0.0320483 -0.0335589 -0.035141 -0.0367892 -0.0384961 -0.0402518 -0.0420437 -0.0438564 -0.0456714 -0.0474663 -0.0492155 -0.0508892 -0.052454 -0.0538733 -0.0551076 -0.0561153 -0.056854 -0.0572807 -0.0573536 -0.0570316 -0.0562752 -0.0550471 -0.0533119 -0.051038 -0.0481997 -0.0447789 -0.0407688 -0.036175 -0.0310152 -0.0253195 -0.0191264 -0.0124813 -0.00543757 0.0019419 0.00958028 0.0173823 0.0252361 0.0330184 0.0406002 0.047854 0.054656 0.0608806 0.0664011 0.0710983 0.0748696 0.0776378 0.0793567 0.0800034 0.0795728 0.0781004 0.075689 0.0724904 0.0686549 0.0643177 0.0596369 0.0548201 0.0500961 0.0456684 0.0417054 0.0383571 0.035761 0.0340266 
0 0.00822166 0.0164261 0.0245549 0.0325154 0.0402198 0.0475944 0.0545511 0.0609708 0.0667334 0.0717489 0.075938 0.0791969 0.0814138 0.0825257 0.082532 0.0814553 0.0793184 0.0761684 0.0720935 0.0672077 0.0616298 0.0554758 0.0488529 0.0418607 0.0346024 0.0271854 0.019712 0.0122758 0.00496065 -0.00216234 -0.00903072 -0.0155873 -0.0217819 -0.0275716 -0.0329199 -0.0377996 -0.0421904 -0.0460784 -0.049456 -0.0523219 -0.0546806 -0.0565445 -0.0579327 -0.0588709 -0.0593906 -0.0595267 -0.0593166 -0.0587982 -0.058009 -0.0569857 -0.0557636 -0.0543765 -0.052857 -0.0512358 -0.049542 -0.0478021 -0.0460404 -0.0442783 -0.0425339 -0.0408227 -0.0391569 -0.037546 -0.035997 -0.0345148 -0.0331026 -0.0317618 -0.0304932 -0.0292962 -0.0281697 -0.0271123 -0.0261219 -0.0251962 -0.0243328 -0.0235289 -0.0227818 -0.0220888 -0.0214469 -0.0208534 -0.0203055 -0.0198004 -0.0193357 -0.0189088 -0.0185173 -0.0181591 -0.017832 -0.0175343 -0.0172641 -0.0170198 -0.0168 -0.0166034 -0.0164288 -0.0162753 -0.0161418 -0.0160276 -0.0159321 -0.0158547 -0.0157949 -0.0157525 -0.0157271 -0.0157187 -0.0157271 -0.0157525 -0.0157949 -0.0158547 -0.0159321 -0.0160276 -0.0161418 -0.0162753 -0.0164288 -0.0166034 -0.0168 -0.0170198 -0.0172641 -0.0175343 -0.017832 -0.0181591 -0.0185173 -0.0189088 -0.0193357 -0.0198004 -0.0203055 -0.0208534 -0.0214469 -0.0220888 -0.0227818 -0.0235289 -0.0243328 -0.0251962 -0.0261219 -0.0271123 -0.0281697 -0.0292962 -0.0304932 -0.0317618 -0.0331026 -0.0345148 -0.035997 -0.037546 -0.0391569 -0.0408227 -0.0425339 -0.0442783 -0.0460404 -0.0478021 -0.049542 -0.0512358 -0.052857 -0.0543765 -0.0557636 -0.0569857 -0.058009 -0.0587982 -0.0593166 -0.0595267 -0.0593906 -0.0588709 -0.0579327 -0.0565445 -0.0546806 -0.0523219 -0.049456 -0.0460784 -0.0421904 -0.0377996 -0.0329199 -0.0275716 -0.0217819 -0.0155873 -0.00903072 -0.00216234 0.00496065 0.0122758 0.019712 0.0271854 0.0346024 0.0418607 0.0488531 0.0554765 0.0616316 0.0672123 0.0721051 0.0761951 0.0793767 0.081575 0.0827634 0.0829467 0.0821363 0.0803692 0.0777435 0.0744045 0.0704961 0.0661565 0.061568 0.0569735 0.0526241 0.0487154 0.0453854 0.0427602 0.0409788 
0 0.00921317 0.018329 0.0272562 0.0359119 0.0442074 0.0520226 0.059209 0.0656365 0.0712294 0.075938 0.0796846 0.0823734 0.0839549 0.0844454 0.0838773 0.0822712 0.0796719 0.0761731 0.0718909 0.0669359 0.0614159 0.0554362 0.0490949 0.0424871 0.0357042 0.0288211 0.0218981 0.0149909 0.00815278 0.00143604 -0.00510459 -0.0114186 -0.0174642 -0.0232053 -0.0286124 -0.0336609 -0.038326 -0.0425847 -0.0464171 -0.0498061 -0.0527421 -0.055223 -0.0572537 -0.0588471 -0.0600211 -0.0607981 -0.0612045 -0.0612685 -0.0610203 -0.0604918 -0.0597148 -0.0587225 -0.0575471 -0.0562199 -0.0547713 -0.0532292 -0.0516197 -0.0499663 -0.0482898 -0.0466089 -0.0449393 -0.0432946 -0.0416863 -0.0401234 -0.0386135 -0.0371621 -0.0357735 -0.0344503 -0.0331941 -0.0320054 -0.030884 -0.0298288 -0.0288383 -0.0279107 -0.0270435 -0.0262345 -0.0254809 -0.0247802 -0.0241299 -0.0235272 -0.0229698 -0.0224551 -0.021981 -0.0215452 -0.0211457 -0.0207805 -0.020448 -0.0201464 -0.0198743 -0.0196303 -0.0194132 -0.0192218 -0.0190552 -0.0189126 -0.0187931 -0.0186961 -0.0186213 -0.0185681 -0.0185362 -0.0185257 -0.0185362 -0.0185681 -0.0186213 -0.0186961 -0.0187931 -0.0189126 -0.0190552 -0.0192218 -0.0194132 -0.0196303 -0.0198743 -0.0201464 -0.020448 -0.0207805 -0.0211457 -0.0215452 -0.021981 -0.0224551 -0.0229698 -0.0235272 -0.0241299 -0.0247802 -0.0254809 -0.0262345 -0.0270435 -0.0279107 -0.0288383 -0.0298288 -0.030884 -0.0320054 -0.0331941 -0.0344503 -0.0357735 -0.0371621 -0.0386135 -0.0401234 -0.0416863 -0.0432946 -0.0449393 -0.0466089 -0.0482898 -0.0499663 -0.0516197 -0.0532292 -0.0547713 -0.0562199 -0.0575471 -0.0587225 -0.0597148 -0.0604918 -0.0610203 -0.0612685 -0.0612045 -0.0607981 -0.0600211 -0.0588471 -0.0572537 -0.055223 -0.0527421 -0.0498061 -0.0464171 -0.0425847 -0.038326 -0.0336609 -0.0286124 -0.0232053 -0.0174642 -0.0114186 -0.00510459 0.00143604 0.00815278 0.0149909 0.0218981 0.0288211 0.0357042 0.0424873 0.0490954 0.0554377 0.0614198 0.0669457 0.0719137 0.0762235 0.0797767 0.0824763 0.0842554 0.0851028 0.0850346 0.0840553 0.0821837 0.0795086 0.076182 0.0723691 0.0682408 0.0640086 0.0599197 0.056197 0.0530026 0.0504697 0.0487452 
0 0.01014 0.0201037 0.0297673 0.0390453 0.0478267 0.0559441 0.063225 0.0695611 0.0749029 0.0791969 0.0823734 0.0844035 0.0853233 0.0851809 0.0840053 0.081852 0.078834 0.0750782 0.0706861 0.0657526 0.0603821 0.0546749 0.048723 0.0426113 0.0364022 0.0301345 0.0238427 0.0175605 0.0113174 0.00514626 -0.000919888 -0.00685352 -0.0126256 -0.0182046 -0.0235609 -0.0286619 -0.0334757 -0.0379752 -0.0421356 -0.0459362 -0.049362 -0.0523997 -0.0550406 -0.0572812 -0.0591209 -0.0605668 -0.0616313 -0.0623316 -0.0626914 -0.0627367 -0.0624965 -0.0620009 -0.0612793 -0.0603618 -0.0592762 -0.0580494 -0.0567074 -0.0552736 -0.0537712 -0.0522206 -0.0506413 -0.0490507 -0.047464 -0.0458951 -0.044355 -0.0428534 -0.041398 -0.0399944 -0.0386473 -0.0373593 -0.0361326 -0.0349678 -0.0338652 -0.0328242 -0.0318436 -0.0309223 -0.0300584 -0.0292502 -0.0284954 -0.0277924 -0.0271387 -0.0265325 -0.0259716 -0.025454 -0.0249779 -0.0245413 -0.0241425 -0.0237799 -0.0234521 -0.0231574 -0.0228947 -0.0226627 -0.0224606 -0.0222871 -0.0221419 -0.0220238 -0.0219326 -0.0218677 -0.021829 -0.021816 -0.021829 -0.0218677 -0.0219326 -0.0220238 -0.0221419 -0.0222871 -0.0224606 -0.0226627 -0.0228947 -0.0231574 -0.0234521 -0.0237799 -0.0241425 -0.0245413 -0.0249779 -0.025454 -0.0259716 -0.0265325 -0.0271387 -0.0277924 -0.0284954 -0.0292502 -0.0300584 -0.0309223 -0.0318436 -0.0328242 -0.0338652 -0.0349678 -0.0361326 -0.0373593 -0.0386473 -0.0399944 -0.041398 -0.0428534 -0.044355 -0.0458951 -0.047464 -0.0490507 -0.0506413 -0.0522206 -0.0537712 -0.0552736 -0.0567074 -0.0580494 -0.0592762 -0.0603618 -0.0612793 -0.0620009 -0.0624965 -0.0627367 -0.0626914 -0.0623316 -0.0616313 -0.0605668 -0.0591209 -0.0572812 -0.0550406 -0.0523997 -0.049362 -0.0459362 -0.0421356 -0.0379752 -0.0334757 -0.0286619 -0.0235609 -0.0182046 -0.0126256 -0.00685352 -0.000919888 0.00514626 0.0113174 0.0175605 0.0238428 0.0301346 0.0364024 0.0426118 0.0487242 0.0546781 0.0603902 0.0657719 0.0707292 0.0751688 0.0790139 0.082188 0.0845971 0.0861657 0.0868764 0.0867367 0.0857376 0.0838966 0.0813251 0.0782104 0.0747442 0.0711024 0.0674793 0.0640951 0.0611594 0.0588443 0.0572888 
0 0.010946 0.0216691 0.0320015 0.0418094 0.0509367 0.0592044 0.0664663 0.0726334 0.0776369 0.0814138 0.0839549 0.0853233 0.0855923 0.0848042 0.0830252 0.0803901 0.0770478 0.0731053 0.0686572 0.0638172 0.0586904 0.0533574 0.0478894 0.0423406 0.0367408 0.0311176 0.0254996 0.0199001 0.0143256 0.00878427 0.00327888 -0.0021816 -0.00757433 -0.0128737 -0.0180494 -0.0230668 -0.0278966 -0.0325111 -0.0368815 -0.0409841 -0.0447942 -0.0482875 -0.0514461 -0.0542531 -0.0566982 -0.0587784 -0.0604939 -0.0618527 -0.0628668 -0.0635514 -0.0639266 -0.0640134 -0.0638356 -0.0634189 -0.0627883 -0.0619711 -0.0609927 -0.0598786 -0.0586535 -0.0573393 -0.0559581 -0.0545284 -0.0530679 -0.0515921 -0.0501142 -0.0486468 -0.0471993 -0.0457811 -0.044399 -0.0430593 -0.0417668 -0.0405248 -0.0393366 -0.0382034 -0.037127 -0.0361073 -0.0351445 -0.0342379 -0.0333865 -0.0325893 -0.0318445 -0.031151 -0.0305066 -0.0299101 -0.0293593 -0.0288529 -0.0283889 -0.0279661 -0.0275825 -0.0272373 -0.0269287 -0.0266559 -0.0264175 -0.0262129 -0.0260412 -0.0259016 -0.0257936 -0.0257167 -0.0256707 -0.0256554 -0.0256707 -0.0257167 -0.0257936 -0.0259016 -0.0260412 -0.0262129 -0.0264175 -0.0266559 -0.0269287 -0.0272373 -0.0275825 -0.0279661 -0.0283889 -0.0288529 -0.0293593 -0.0299101 -0.0305066 -0.031151 -0.0318445 -0.0325893 -0.0333865 -0.0342379 -0.0351445 -0.0361073 -0.037127 -0.0382034 -0.0393366 -0.0405248 -0.0417668 -0.0430593 -0.044399 -0.0457811 -0.0471993 -0.0486468 -0.0501142 -0.0515921 -0.0530679 -0.0545284 -0.0559581 -0.0573393 -0.0586535 -0.0598786 -0.0609927 -0.0619711 -0.0627883 -0.0634189 -0.0638356 -0.0640134 -0.0639266 -0.0635514 -0.0628668 -0.0618527 -0.0604939 -0.0587784 -0.0566982 -0.0542531 -0.0514461 -0.0482875 -0.0447942 -0.0409841 -0.0368815 -0.0325111 -0.0278966 -0.0230668 -0.0180494 -0.0128737 -0.00757433 -0.0021816 0.00327888 0.00878427 0.0143256 0.0199001 0.0254996 0.0311177 0.0367411 0.0423416 0.047892 0.053364 0.0587064 0.0638535 0.0687346 0.073261 0.0773428 0.0809173 0.0839145 0.0862251 0.0877524 0.0884697 0.0883854 0.0875035 0.0858735 0.0836437 0.0810118 0.0781454 0.0751893 0.0723304 0.0698044 0.0678252 0.0665232 
0 0.0115984 0.0229599 0.0338566 0.0440684 0.0533951 0.0616844 0.068832 0.0747406 0.079315 0.0825257 0.0844454 0.0851809 0.0848042 0.0833972 0.0811107 0.0781125 0.07452 0.0704379 0.0660046 0.0613458 0.0565369 0.0516349 0.0466891 0.0417226 0.0367534 0.0318063 0.0268854 0.0219781 0.0170784 0.0121763 0.00726153 0.00234081 -0.00257613 -0.00747988 -0.0123483 -0.0171586 -0.0218865 -0.026497 -0.0309574 -0.0352355 -0.0392962 -0.0431135 -0.0466637 -0.0499249 -0.052884 -0.0555276 -0.0578463 -0.0598372 -0.0614972 -0.062831 -0.0638472 -0.0645569 -0.0649788 -0.0651312 -0.0650369 -0.06472 -0.0642033 -0.0635124 -0.0626693 -0.0616971 -0.0606172 -0.0594485 -0.058211 -0.0569205 -0.0555937 -0.0542446 -0.0528859 -0.0515299 -0.0501856 -0.0488631 -0.0475686 -0.0463095 -0.0450901 -0.0439147 -0.0427867 -0.0417077 -0.0406803 -0.0397041 -0.0387809 -0.0379094 -0.0370904 -0.0363222 -0.0356047 -0.0349365 -0.0343166 -0.033744 -0.033217 -0.032735 -0.0322961 -0.0319 -0.0315447 -0.0312301 -0.0309544 -0.0307176 -0.0305181 -0.0303562 -0.0302303 -0.0301411 -0.0300874 -0.0300698 -0.0300874 -0.0301411 -0.0302303 -0.0303562 -0.0305181 -0.0307176 -0.0309544 -0.0312301 -0.0315447 -0.0319 -0.0322961 -0.032735 -0.033217 -0.033744 -0.0343166 -0.0349365 -0.0356047 -0.0363222 -0.0370904 -0.0379094 -0.0387809 -0.0397041 -0.0406803 -0.0417077 -0.0427867 -0.0439147 -0.0450901 -0.0463095 -0.0475686 -0.0488631 -0.0501856 -0.0515299 -0.0528859 -0.0542446 -0.0555937 -0.0569205 -0.058211 -0.0594485 -0.0606172 -0.0616971 -0.0626693 -0.0635124 -0.0642033 -0.06472 -0.0650369 -0.0651312 -0.0649788 -0.0645569 -0.0638472 -0.062831 -0.0614972 -0.0598372 -0.0578463 -0.0555276 -0.052884 -0.0499249 -0.0466637 -0.0431135 -0.0392962 -0.0352355 -0.0309574 -0.026497 -0.0218865 -0.0171586 -0.0123483 -0.00747988 -0.00257613 0.00234081 0.00726153 0.0121763 0.0170784 0.0219781 0.0268855 0.0318066 0.0367541 0.0417247 0.0466945 0.051648 0.056567 0.0614111 0.0661377 0.0706939 0.0749843 0.0789072 0.0823982 0.0853796 0.0877239 0.0893288 0.0901843 0.0903249 0.0897813 0.0886229 0.0869908 0.085047 0.0829305 0.080797 0.078858 0.0773258 0.0763269 
0 0.0120849 0.0239217 0.03522 0.0456811 0.0550802 0.0632927 0.0702281 0.0757781 0.0798683 0.082532 0.0838773 0.0840053 0.0830252 0.0811107 0.0784526 0.0751799 0.0714031 0.0672823 0.0629717 0.0585534 0.0540833 0.0496233 0.0452026 0.0408259 0.0365064 0.0322377 0.027988 0.0237425 0.0194923 0.0152164 0.0109075 0.00656296 0.00216857 -0.00227453 -0.00675432 -0.0112606 -0.0157649 -0.0202337 -0.0246393 -0.028944 -0.0331156 -0.037128 -0.0409482 -0.0445525 -0.0479182 -0.0510207 -0.0538469 -0.0563817 -0.0586162 -0.0605495 -0.0621791 -0.0635121 -0.0645566 -0.0653222 -0.0658258 -0.0660808 -0.0661068 -0.0659232 -0.0655486 -0.0650064 -0.0643149 -0.0634967 -0.0625709 -0.0615559 -0.0604711 -0.0593306 -0.0581518 -0.0569462 -0.055727 -0.0545046 -0.0532876 -0.0520856 -0.0509037 -0.0497498 -0.048627 -0.0475412 -0.0464946 -0.0454905 -0.044531 -0.0436172 -0.0427511 -0.0419323 -0.0411625 -0.0404402 -0.0397669 -0.0391406 -0.0385624 -0.0380303 -0.0375448 -0.0371041 -0.0367085 -0.0363564 -0.0360478 -0.0357816 -0.0355574 -0.0353748 -0.0352331 -0.0351323 -0.0350717 -0.0350517 -0.0350717 -0.0351323 -0.0352331 -0.0353748 -0.0355574 -0.0357816 -0.0360478 -0.0363564 -0.0367085 -0.0371041 -0.0375448 -0.0380303 -0.0385624 -0.0391406 -0.0397669 -0.0404402 -0.0411625 -0.0419323 -0.0427511 -0.0436172 -0.044531 -0.0454905 -0.0464946 -0.0475412 -0.048627 -0.0497498 -0.0509037 -0.0520856 -0.0532876 -0.0545046 -0.055727 -0.0569462 -0.0581518 -0.0593306 -0.0604711 -0.0615559 -0.0625709 -0.0634967 -0.0643149 -0.0650064 -0.0655486 -0.0659232 -0.0661068 -0.0660808 -0.0658258 -0.0653222 -0.0645566 -0.0635121 -0.0621791 -0.0605495 -0.0586162 -0.0563817 -0.0538469 -0.0510207 -0.0479182 -0.0445525 -0.0409482 -0.037128 -0.0331156 -0.028944 -0.0246393 -0.0202337 -0.0157649 -0.0112606 -0.00675432 -0.00227453 0.00216857 0.00656296 0.0109075 0.0152164 0.0194924 0.0237426 0.0279882 0.0322383 0.0365081 0.0408302 0.0452133 0.0496481 0.0541377 0.0586659 0.0631912 0.0676865 0.0721056 0.0763349 0.0802553 0.0837979 0.0868806 0.0893791 0.0912194 0.0924263 0.0930454 0.0930937 0.0926175 0.091737 0.090607 0.0893758 0.0881943 0.0872154 0.086558 
0 0.0123934 0.0245014 0.0359909 0.0465335 0.0558962 0.0639426 0.0705668 0.0756847 0.0792901 0.0814553 0.0822712 0.081852 0.0803901 0.0781125 0.0751799 0.0717128 0.0678815 0.0638603 0.0597399 0.0555798 0.0514676 0.047458 0.0435508 0.0397494 0.0360464 0.0323963 0.0287707 0.0251619 0.0215381 0.0178731 0.0141593 0.0103711 0.00649342 0.00253484 -0.00150707 -0.00562345 -0.00978961 -0.0139938 -0.0182116 -0.0224091 -0.0265633 -0.0306363 -0.0345922 -0.0384049 -0.0420387 -0.0454708 -0.0486827 -0.0516519 -0.0543709 -0.056827 -0.0590123 -0.0609271 -0.0625656 -0.063934 -0.0650371 -0.0658818 -0.066484 -0.0668533 -0.0670096 -0.0669689 -0.0667489 -0.066371 -0.0658502 -0.0652083 -0.0644603 -0.0636239 -0.0627156 -0.0617476 -0.060737 -0.0596923 -0.0586285 -0.057553 -0.0564766 -0.0554071 -0.0543507 -0.0533156 -0.0523044 -0.0513248 -0.0503774 -0.0494683 -0.0485976 -0.047769 -0.0469832 -0.0462416 -0.0455453 -0.044894 -0.0442895 -0.0437301 -0.0432178 -0.0427502 -0.0423296 -0.041953 -0.0416231 -0.0413365 -0.041096 -0.0408982 -0.040746 -0.0406362 -0.0405714 -0.040549 -0.0405714 -0.0406362 -0.040746 -0.0408982 -0.041096 -0.0413365 -0.0416231 -0.041953 -0.0423296 -0.0427502 -0.0432178 -0.0437301 -0.0442895 -0.044894 -0.0455453 -0.0462416 -0.0469832 -0.047769 -0.0485976 -0.0494683 -0.0503774 -0.0513248 -0.0523044 -0.0533156 -0.0543507 -0.0554071 -0.0564766 -0.057553 -0.0586285 -0.0596923 -0.060737 -0.0617476 -0.0627156 -0.0636239 -0.0644603 -0.0652083 -0.0658502 -0.066371 -0.0667489 -0.0669689 -0.0670096 -0.0668533 -0.066484 -0.0658818 -0.0650371 -0.063934 -0.0625656 -0.0609271 -0.0590123 -0.056827 -0.0543709 -0.0516519 -0.0486827 -0.0454708 -0.0420387 -0.0384049 -0.0345922 -0.0306363 -0.0265633 -0.0224091 -0.0182116 -0.0139938 -0.00978961 -0.00562345 -0.00150707 0.00253484 0.00649342 0.0103711 0.0141593 0.0178731 0.0215381 0.0251621 0.0287711 0.0323976 0.0360498 0.0397578 0.0435708 0.0475027 0.0515614 0.0557658 0.0600878 0.0644744 0.0689067 0.0733365 0.0776319 0.0816688 0.0853886 0.0887227 0.0915723 0.0938944 0.0957118 0.0970282 0.0978245 0.09815 0.0981433 0.0979472 0.0976501 0.0973217 0.0970594 
0 0.0124968 0.0246456 0.0361006 0.0465543 0.0557656 0.0635512 0.0697895 0.0744551 0.0776069 0.0793184 0.0796719 0.078834 0.0770478 0.07452 0.0714031 0.0678815 0.0641474 0.0603013 0.0564008 0.0525523 0.0488415 0.0452709 0.0418405 0.0385613 0.0353935 0.0322955 0.0292597 0.0262452 0.0231985 0.0201057 0.0169409 0.0136737 0.0103116 0.006849 0.00327212 -0.000403646 -0.00417701 -0.00804493 -0.0119762 -0.0159547 -0.0199547 -0.0239355 -0.0278762 -0.0317429 -0.0355019 -0.0391354 -0.0426092 -0.0459034 -0.049001 -0.0518766 -0.0545244 -0.0569299 -0.0590858 -0.060995 -0.0626504 -0.064062 -0.0652329 -0.0661698 -0.0668879 -0.067392 -0.0677015 -0.0678264 -0.0677825 -0.0675878 -0.0672534 -0.0668012 -0.0662411 -0.065593 -0.0648693 -0.0640835 -0.0632511 -0.0623799 -0.0614859 -0.0605735 -0.0596566 -0.0587392 -0.0578305 -0.056936 -0.05606 -0.0552095 -0.0543849 -0.0535939 -0.0528346 -0.0521142 -0.0514299 -0.0507878 -0.0501851 -0.0496265 -0.0491098 -0.0486378 -0.0482095 -0.0478262 -0.0474877 -0.047194 -0.0469458 -0.0467422 -0.0465844 -0.0464711 -0.0464037 -0.0463807 -0.0464037 -0.0464711 -0.0465844 -0.0467422 -0.0469458 -0.047194 -0.0474877 -0.0478262 -0.0482095 -0.0486378 -0.0491098 -0.0496265 -0.0501851 -0.0507878 -0.0514299 -0.0521142 -0.0528346 -0.0535939 -0.0543849 -0.0552095 -0.05606 -0.056936 -0.0578305 -0.0587392 -0.0596566 -0.0605735 -0.0614859 -0.0623799 -0.0632511 -0.0640835 -0.0648693 -0.065593 -0.0662411 -0.0668012 -0.0672534 -0.0675878 -0.0677825 -0.0678264 -0.0677015 -0.067392 -0.0668879 -0.0661698 -0.0652329 -0.064062 -0.0626504 -0.060995 -0.0590858 -0.0569299 -0.0545244 -0.0518766 -0.049001 -0.0459034 -0.0426092 -0.0391354 -0.0355019 -0.0317429 -0.0278762 -0.0239355 -0.0199547 -0.0159547 -0.0119762 -0.00804493 -0.00417701 -0.000403646 0.00327212 0.00684901 0.0103116 0.0136737 0.0169409 0.0201057 0.0231986 0.0262455 0.0292607 0.0322981 0.0354002 0.0385773 0.0418766 0.0453481 0.0489971 0.052848 0.0569314 0.0612015 0.0655951 0.0700984 0.074657 0.0791367 0.0834374 0.0875277 0.0913494 0.0948066 0.0978434 0.100442 0.102571 0.104221 0.105462 0.106391 0.10705 0.107451 0.107654 
0 0.0123582 0.02431 0.0355177 0.0457094 0.0546322 0.0620613 0.0678813 0.0721184 0.0748562 0.0761684 0.0761731 0.0750782 0.0731053 0.0704379 0.0672823 0.0638603 0.0603013 0.0566666 0.0530661 0.0496064 0.0462945 0.0431256 0.040138 0.037317 0.0346128 0.0320189 0.0295014 0.0269856 0.0244487 0.0218738 0.0192114 0.0164548 0.0136013 0.0106154 0.00750213 0.00426899 0.00090099 -0.00257708 -0.00614952 -0.0098156 -0.0135401 -0.0173088 -0.0211056 -0.0248888 -0.0286434 -0.0323365 -0.0359314 -0.0394144 -0.0427489 -0.0459182 -0.0489096 -0.0516978 -0.0542838 -0.0566519 -0.058797 -0.0607227 -0.0624177 -0.0638944 -0.0651499 -0.0661917 -0.0670326 -0.0676738 -0.0681371 -0.0684259 -0.0685593 -0.0685499 -0.0684086 -0.068156 -0.0677973 -0.0673547 -0.0668334 -0.0662509 -0.0656164 -0.0649397 -0.0642347 -0.0635044 -0.0627648 -0.0620153 -0.0612708 -0.0605305 -0.0598054 -0.0590966 -0.0584102 -0.05775 -0.0571175 -0.0565187 -0.0559514 -0.0554232 -0.0549295 -0.0544786 -0.0540643 -0.0536952 -0.0533644 -0.0530802 -0.0528356 -0.0526382 -0.0524813 -0.052372 -0.0523036 -0.0522831 -0.0523036 -0.052372 -0.0524813 -0.0526382 -0.0528356 -0.0530802 -0.0533644 -0.0536952 -0.0540643 -0.0544786 -0.0549295 -0.0554232 -0.0559514 -0.0565187 -0.0571175 -0.05775 -0.0584102 -0.0590966 -0.0598054 -0.0605305 -0.0612708 -0.0620153 -0.0627648 -0.0635044 -0.0642347 -0.0649397 -0.0656164 -0.0662509 -0.0668334 -0.0673547 -0.0677973 -0.068156 -0.0684086 -0.0685499 -0.0685593 -0.0684259 -0.0681371 -0.0676738 -0.0670326 -0.0661917 -0.0651499 -0.0638944 -0.0624177 -0.0607227 -0.058797 -0.0566519 -0.0542838 -0.0516978 -0.0489096 -0.0459182 -0.0427489 -0.0394144 -0.0359314 -0.0323365 -0.0286434 -0.0248888 -0.0211056 -0.0173088 -0.0135401 -0.0098156 -0.00614952 -0.00257708 0.00090099 0.00426899 0.00750213 0.0106154 0.0136013 0.0164548 0.0192115 0.0218739 0.0244489 0.0269863 0.0295034 0.032024 0.0346254 0.0373459 0.0402006 0.043254 0.0465427 0.0500594 0.0538476 0.0579439 0.0622866 0.0668122 0.0715146 0.0763415 0.0811835 0.0859793 0.0906996 0.0952494 0.0995002 0.103379 0.106858 0.109898 0.112471 0.11458 0.116229 0.117411 0.118142 
