0 0 0 0 0 0 0 0 0 0 0 0 0 0 0 0 0 0 0 0 0 0 0 0 0 0 0 0 0 0 0 0 0 0 0 0 0 0 0 0 0 0 0 0 0 0 0 0 0 0 0 0 0 0 0 0 0 0 0 0 0 0 0 0 0 0 0 0 0 0 0 0 0 0 0 0 0 0 0 0 0 0 0 0 0 0 0 0 0 0 0 0 0 0 0 0 0 0 0 0 0 0 0 0 0 0 0 0 0 0 0 0 0 0 0 0 0 0 0 0 0 0 0 0 0 0 0 0 0 0 0 0 0 0 0 0 0 0 0 0 0 0 0 0 0 0 0 0 0 0 0 0 0 0 0 0 0 0 0 0 0 0 0 0 0 0 0 0 0 0 0 0 0 0 0 0 0 0 0 0 0 0 0 0 0 0 0 0 0 0 0 0 0 0 0 0 0 0 0 0 
0 3.75979e-45 1.04516e-43 2.64472e-42 6.1274e-41 1.30523e-39 2.56561e-38 4.66842e-37 7.88565e-36 1.23957e-34 1.81728e-33 2.48968e-32 3.19296e-31 3.83934e-30 4.33452e-29 4.60042e-28 4.59538e-27 4.32472e-26 3.83805e-25 3.2147e-24 2.54318e-23 1.90159e-22 1.3447e-21 8.9981e-21 5.70046e-20 3.42063e-19 1.94502e-18 1.04842e-17 5.35923e-17 2.59882e-16 1.19592e-15 5.22429e-15 2.16719e-14 8.54003e-14 3.19797e-13 1.13844e-12 3.85438e-12 1.24167e-11 3.80799e-11 1.11243e-10 3.09761e-10 8.22752e-10 2.0862e-09 5.05446e-09 1.17127e-08 2.59879e-08 5.52738e-08 1.12835e-07 2.21367e-07 4.17956e-07 7.60527e-07 1.3357e-06 2.26756e-06 3.72674e-06 5.9385e-06 9.18885e-06 1.38271e-05 2.02643e-05 2.89661e-05 4.04406e-05 5.52222e-05 7.38508e-05 9.68506e-05 0.000124708 0.00015785 0.000196632 0.000241319 0.000292085 0.000349004 0.000412058 0.000481138 0.000556053 0.000636539 0.000722266 0.000812849 0.000907853 0.0010068 0.00110917 0.00121442 0.00132195 0.00143115 0.00154136 0.00165193 0.00176215 0.00187131 0.00197867 0.0020835 0.00218506 0.00228262 0.00237546 0.00246288 0.00254421 0.00261882 0.00268613 0.0027456 0.00279676 0.0028392 0.00287257 0.00289661 0.00291111 0.00291595 0.00291111 0.00289661 0.00287257 0.0028392 0.00279676 0.0027456 0.00268613 0.00261882 0.00254421 0.00246288 0.00237546 0.00228262 0.00218506 0.0020835 0.00197867 0.00187131 0.00176215 0.00165193 0.00154136 0.00143115 0.00132195 0.00121442 0.00110917 0.0010068 0.000907853 0.000812849 0.000722266 0.000636539 0.000556053 0.000481138 0.000412058 0.000349004 0.000292085 0.000241319 0.000196632 0.00015785 0.000124708 9.68506e-05 7.38508e-05 5.52222e-05 4.04406e-05 2.89661e-05 2.02643e-05 1.38271e-05 9.18885e-06 5.9385e-06 3.72674e-06 2.26756e-06 1.3357e-06 7.60527e-07 4.17956e-07 2.21367e-07 1.12835e-07 5.52738e-08 2.59879e-08 1.17127e-08 5.05446e-09 2.0862e-09 8.22752e-10 3.09761e-10 1.11243e-10 3.80799e-11 1.24167e-11 3.85438e-12 1.13844e-12 3.19797e-13 8.54003e-14 2.16719e-14 5.22429e-15 1.19592e-15 2.59882e-16 5.35923e-17 1.04842e-17 1.94502e-18 3.42063e-19 5.70046e-20 8.9981e-21 1.3447e-21 1.90159e-22 2.54318e-23 3.2147e-24 3.83805e-25 4.32472e-26 4.59538e-27 4.60042e-28 4.33452e-29 3.83934e-30 3.19296e-31 2.48968e-32 1.81728e-33 1.23957e-34 7.88565e-36 4.66842e-37 2.56561e-38 1.30523e-39 6.1274e-41 2.64472e-42 1.04458e-43 1.97567e-45 
0 1.04516e-43 2.67528e-42 6.26335e-41 1.34837e-39 2.6789e-38 4.92755e-37 8.41487e-36 1.33746e-34 1.98284e-33 2.74736e-32 3.56393e-31 4.33517e-30 4.95177e-29 5.31789e-28 5.37575e-27 5.1204e-26 4.59976e-25 3.90028e-24 3.124e-23 2.36525e-22 1.69378e-21 1.14788e-20 7.36558e-20 4.47704e-19 2.57886e-18 1.40827e-17 7.29318e-17 3.58318e-16 1.67063e-15 7.39409e-15 3.10758e-14 1.24059e-13 4.706e-13 1.69686e-12 5.81813e-12 1.8978e-11 5.89194e-11 1.74197e-10 4.90759e-10 1.31837e-09 3.37973e-09 8.27521e-09 1.93705e-08 4.33933e-08 9.31364e-08 1.91762e-07 3.79244e-07 7.21417e-07 1.32188e-06 2.33657e-06 3.99034e-06 6.59407e-06 1.05605e-05 1.64165e-05 2.48089e-05 3.65028e-05 5.23701e-05 7.3369e-05 0.000100515 0.000134844 0.000177374 0.000229069 0.000290796 0.0003633 0.000447177 0.000542864 0.000650626 0.000770562 0.00090261 0.00104655 0.00120203 0.00136857 0.00154556 0.00173229 0.00192795 0.00213163 0.00234233 0.00255897 0.00278037 0.00300529 0.00323239 0.00346028 0.00368752 0.00391261 0.00413403 0.00435023 0.00455967 0.00476084 0.00495222 0.00513239 0.00529996 0.00545363 0.00559223 0.00571465 0.00581993 0.00590723 0.00597587 0.00602529 0.0060551 0.00606507 0.0060551 0.00602529 0.00597587 0.00590723 0.00581993 0.00571465 0.00559223 0.00545363 0.00529996 0.00513239 0.00495222 0.00476084 0.00455967 0.00435023 0.00413403 0.00391261 0.00368752 0.00346028 0.00323239 0.00300529 0.00278037 0.00255897 0.00234233 0.00213163 0.00192795 0.00173229 0.00154556 0.00136857 0.00120203 0.00104655 0.00090261 0.000770562 0.000650626 0.000542864 0.000447177 0.0003633 0.000290796 0.000229069 0.000177374 0.000134844 0.000100515 7.3369e-05 5.23701e-05 3.65028e-05 2.48089e-05 1.64165e-05 1.05605e-05 6.59407e-06 3.99034e-06 2.33657e-06 1.32188e-06 7.21417e-07 3.79244e-07 1.91762e-07 9.31364e-08 4.33933e-08 1.93705e-08 8.27521e-09 3.37973e-09 1.31837e-09 4.90759e-10 1.74197e-10 5.89194e-11 1.8978e-11 5.81813e-12 1.69686e-12 4.706e-13 1.24059e-13 3.10758e-14 7.39409e-15 1.67063e-15 3.58318e-16 7.29318e-17 1.40827e-17 2.57886e-18 4.47704e-19 7.36558e-20 1.14788e-20 1.69378e-21 2.36525e-22 3.124e-23 3.90028e-24 4.59976e-25 5.1204e-26 5.37575e-27 5.31789e-28 4.95177e-29 4.33517e-30 3.56393e-31 2.74736e-32 1.98284e-33 1.33746e-34 8.41487e-36 4.92755e-37 2.6789e-38 1.34837e-39 6.26335e-41 2.67353e-42 5.54711e-44 
0 2.64472e-42 6.26335e-41 1.36222e-39 2.73447e-38 5.08235e-37 8.77078e-36 1.40886e-34 2.11112e-33 2.95677e-32 3.87743e-31 4.7684e-30 5.50699e-29 5.98021e-28 6.11325e-27 5.88877e-26 5.35025e-25 4.58858e-24 3.7176e-23 2.84719e-22 2.06255e-21 1.41403e-20 9.17901e-20 5.64425e-19 3.289e-18 1.81689e-17 9.51796e-17 4.72986e-16 2.23033e-15 9.98229e-15 4.24183e-14 1.71184e-13 6.56281e-13 2.39095e-12 8.28049e-12 2.72718e-11 8.54544e-11 2.54877e-10 7.24011e-10 1.96e-09 5.06029e-09 1.24698e-08 2.93562e-08 6.60906e-08 1.42449e-07 2.94296e-07 5.83553e-07 1.11211e-06 2.03995e-06 3.60706e-06 6.15788e-06 1.01659e-05 1.62555e-05 2.52173e-05 3.80141e-05 5.57743e-05 7.97721e-05 0.000111395 0.000152101 0.000203368 0.000266642 0.000343287 0.000434541 0.00054148 0.000664995 0.000805779 0.00096432 0.0011409 0.00133561 0.00154836 0.00177885 0.00202664 0.00229111 0.00257145 0.0028667 0.00317573 0.00349721 0.00382967 0.00417145 0.00452074 0.00487555 0.00523378 0.00559321 0.00595151 0.00630627 0.00665507 0.00699544 0.00732493 0.00764115 0.00794174 0.00822446 0.00848719 0.00872794 0.00894489 0.00913637 0.00930093 0.00943732 0.00954449 0.00962163 0.00966815 0.0096837 0.00966815 0.00962163 0.00954449 0.00943732 0.00930093 0.00913637 0.00894489 0.00872794 0.00848719 0.00822446 0.00794174 0.00764115 0.00732493 0.00699544 0.00665507 0.00630627 0.00595151 0.00559321 0.00523378 0.00487555 0.00452074 0.00417145 0.00382967 0.00349721 0.00317573 0.0028667 0.00257145 0.00229111 0.00202664 0.00177885 0.00154836 0.00133561 0.0011409 0.00096432 0.000805779 0.000664995 0.00054148 0.000434541 0.000343287 0.000266642 0.000203368 0.000152101 0.000111395 7.97721e-05 5.57743e-05 3.80141e-05 2.52173e-05 1.62555e-05 1.01659e-05 6.15788e-06 3.60706e-06 2.03995e-06 1.11211e-06 5.83553e-07 2.94296e-07 1.42449e-07 6.60906e-08 2.93562e-08 1.24698e-08 5.06029e-09 1.96e-09 7.24011e-10 2.54877e-10 8.54544e-11 2.72718e-11 8.28049e-12 2.39095e-12 6.56281e-13 1.71184e-13 4.24183e-14 9.98229e-15 2.23033e-15 4.72986e-16 9.51796e-17 1.81689e-17 3.289e-18 5.64425e-19 9.17901e-20 1.41403e-20 2.06255e-21 2.84719e-22 3.7176e-23 4.58858e-24 5.35025e-25 5.88877e-26 6.11325e-27 5.98021e-28 5.50699e-29 4.7684e-30 3.87743e-31 2.95677e-32 2.11112e-33 1.40886e-34 8.77078e-36 5.08235e-37 2.73447e-38 1.36222e-39 6.2586e-41 1.41801e-42 
0 6.1274e-41 1.34837e-39 2.73447e-38 5.13501e-37 8.9543e-36 1.45351e-34 2.20118e-33 3.11598e-32 4.13041e-31 5.13489e-30 5.99538e-29 6.58261e-28 6.80404e-27 6.62772e-26 6.08957e-25 5.28193e-24 4.32814e-23 3.35275e-22 2.45669e-21 1.70365e-20 1.11866e-19 6.9581e-19 4.10133e-18 2.29167e-17 1.21425e-16 6.1027e-16 2.9101e-15 1.31697e-14 5.65769e-14 2.30782e-13 8.94081e-13 3.29067e-12 1.15094e-11 3.82676e-11 1.20999e-10 3.63993e-10 1.04228e-09 2.84253e-09 7.38828e-09 1.83158e-08 4.33438e-08 9.80082e-08 2.11981e-07 4.3908e-07 8.72083e-07 1.66318e-06 3.05015e-06 5.38737e-06 9.17909e-06 1.51115e-05 2.40786e-05 3.71972e-05 5.58064e-05 8.14501e-05 0.000115841 0.00016081 0.000218247 0.000290032 0.000377979 0.000483777 0.000608954 0.000754845 0.000922582 0.00111309 0.0013271 0.00156512 0.0018275 0.00211438 0.0024257 0.00276122 0.00312045 0.00350268 0.00390692 0.00433192 0.00477615 0.00523777 0.00571466 0.00620441 0.00670437 0.00721163 0.00772312 0.00823556 0.00874558 0.00924973 0.00974452 0.0102265 0.0106922 0.0111383 0.0115616 0.011959 0.0123277 0.0126651 0.0129686 0.0132362 0.0134659 0.0136561 0.0138054 0.0139128 0.0139776 0.0139992 0.0139776 0.0139128 0.0138054 0.0136561 0.0134659 0.0132362 0.0129686 0.0126651 0.0123277 0.011959 0.0115616 0.0111383 0.0106922 0.0102265 0.00974452 0.00924973 0.00874558 0.00823556 0.00772312 0.00721163 0.00670437 0.00620441 0.00571466 0.00523777 0.00477615 0.00433192 0.00390692 0.00350268 0.00312045 0.00276122 0.0024257 0.00211438 0.0018275 0.00156512 0.0013271 0.00111309 0.000922582 0.000754845 0.000608954 0.000483777 0.000377979 0.000290032 0.000218247 0.00016081 0.000115841 8.14501e-05 5.58064e-05 3.71972e-05 2.40786e-05 1.51115e-05 9.17909e-06 5.38737e-06 3.05015e-06 1.66318e-06 8.72083e-07 4.3908e-07 2.11981e-07 9.80082e-08 4.33438e-08 1.83158e-08 7.38828e-09 2.84253e-09 1.04228e-09 3.63993e-10 1.20999e-10 3.82676e-11 1.15094e-11 3.29067e-12 8.94081e-13 2.30782e-13 5.65769e-14 1.31697e-14 2.9101e-15 6.1027e-16 1.21425e-16 2.29167e-17 4.10133e-18 6.9581e-19 1.11866e-19 1.70365e-20 2.45669e-21 3.35275e-22 4.32814e-23 5.28193e-24 6.08957e-25 6.62772e-26 6.80404e-27 6.58261e-28 5.99538e-29 5.13489e-30 4.13041e-31 3.11598e-32 2.20118e-33 1.45351e-34 8.9543e-36 5.13501e-37 2.73446e-38 1.3472e-39 3.31947e-41 
0 1.30523e-39 2.6789e-38 5.08235e-37 8.9543e-36 1.4687e-34 2.24764e-33 3.21558e-32 4.30814e-31 5.41372e-30 6.38979e-29 7.09264e-28 7.41225e-27 7.30051e-26 6.78284e-25 5.9495e-24 4.93035e-23 3.86267e-22 2.86263e-21 2.00788e-20 1.33354e-19 8.38979e-19 5.0019e-18 2.82684e-17 1.51488e-16 7.69981e-16 3.71292e-15 1.69895e-14 7.37861e-14 3.04218e-13 1.191e-12 4.42843e-12 1.56427e-11 5.25073e-11 1.67538e-10 5.08346e-10 1.46739e-09 4.03173e-09 1.05502e-08 2.63118e-08 6.25904e-08 1.42143e-07 3.08492e-07 6.40562e-07 1.27415e-06 2.43114e-06 4.45627e-06 7.85921e-06 1.33581e-05 2.19183e-05 3.47796e-05 5.34653e-05 7.97685e-05 0.000115714 0.0001635 0.000225422 0.000303793 0.000400868 0.000518778 0.000659486 0.00082476 0.00101617 0.00123509 0.00148271 0.00176008 0.00206806 0.00240738 0.00277857 0.00318196 0.00361763 0.00408536 0.00458458 0.00511433 0.00567326 0.00625954 0.00687091 0.00750469 0.00815776 0.00882662 0.00950745 0.0101962 0.0108884 0.0115797 0.0122655 0.0129412 0.0136022 0.014244 0.0148623 0.0154527 0.0160115 0.0165347 0.0170189 0.0174609 0.0178579 0.0182072 0.0185065 0.0187541 0.0189483 0.0190878 0.0191719 0.0192 0.0191719 0.0190878 0.0189483 0.0187541 0.0185065 0.0182072 0.0178579 0.0174609 0.0170189 0.0165347 0.0160115 0.0154527 0.0148623 0.014244 0.0136022 0.0129412 0.0122655 0.0115797 0.0108884 0.0101962 0.00950745 0.00882662 0.00815776 0.00750469 0.00687091 0.00625954 0.00567326 0.00511433 0.00458458 0.00408536 0.00361763 0.00318196 0.00277857 0.00240738 0.00206806 0.00176008 0.00148271 0.00123509 0.00101617 0.00082476 0.000659486 0.000518778 0.000400868 0.000303793 0.000225422 0.0001635 0.000115714 7.97685e-05 5.34653e-05 3.47796e-05 2.19183e-05 1.33581e-05 7.85921e-06 4.45627e-06 2.43114e-06 1.27415e-06 6.40562e-07 3.08492e-07 1.42143e-07 6.25904e-08 2.63118e-08 1.05502e-08 4.03173e-09 1.46739e-09 5.08346e-10 1.67538e-10 5.25073e-11 1.56427e-11 4.42843e-12 1.191e-12 3.04218e-13 7.37861e-14 1.69895e-14 3.71292e-15 7.69981e-16 1.51488e-16 2.82684e-17 5.0019e-18 8.38979e-19 1.33354e-19 2.00788e-20 2.86263e-21 3.86267e-22 4.93035e-23 5.9495e-24 6.78284e-25 7.30051e-26 7.41225e-27 7.09264e-28 6.38979e-29 5.41372e-30 4.30814e-31 3.21558e-32 2.24764e-33 1.4687e-34 8.9543e-36 5.08234e-37 2.67624e-38 7.14582e-40 
0 2.56561e-38 4.92755e-37 8.77078e-36 1.45351e-34 2.24764e-33 3.24948e-32 4.39984e-31 5.58821e-30 6.66699e-29 7.48088e-28 7.9037e-27 7.87049e-26 7.39366e-25 6.55776e-24 5.49548e-23 4.35403e-22 3.26335e-21 2.31497e-20 1.55502e-19 9.89481e-19 5.96645e-18 3.41034e-17 1.84831e-16 9.50057e-16 4.63257e-15 2.14327e-14 9.41012e-14 3.92152e-13 1.55144e-12 5.82792e-12 2.07913e-11 7.04597e-11 2.26884e-10 6.94399e-10 2.02078e-09 5.59402e-09 1.47386e-08 3.69814e-08 8.84346e-08 2.01715e-07 4.39288e-07 9.14387e-07 1.82141e-06 3.47669e-06 6.36853e-06 1.12127e-05 1.90066e-05 3.1073e-05 4.90837e-05 7.50548e-05 0.00011131 0.000160415 0.000225083 0.000308081 0.000412125 0.000539809 0.000693547 0.000875553 0.00108785 0.00133229 0.00161061 0.00192441 0.00227522 0.00266448 0.00309348 0.00356332 0.00407484 0.00462853 0.00522443 0.00586207 0.0065404 0.00725777 0.00801186 0.00879976 0.00961794 0.0104623 0.0113284 0.0122111 0.0131052 0.0140052 0.0149054 0.0158 0.0166832 0.0175494 0.018393 0.0192087 0.0199913 0.0207359 0.0214381 0.0220935 0.0226982 0.0232488 0.023742 0.0241752 0.0245457 0.0248517 0.0250914 0.0252636 0.0253672 0.0254018 0.0253672 0.0252636 0.0250914 0.0248517 0.0245457 0.0241752 0.023742 0.0232488 0.0226982 0.0220935 0.0214381 0.0207359 0.0199913 0.0192087 0.018393 0.0175494 0.0166832 0.0158 0.0149054 0.0140052 0.0131052 0.0122111 0.0113284 0.0104623 0.00961794 0.00879976 0.00801186 0.00725777 0.0065404 0.00586207 0.00522443 0.00462853 0.00407484 0.00356332 0.00309348 0.00266448 0.00227522 0.00192441 0.00161061 0.00133229 0.00108785 0.000875553 0.000693547 0.000539809 0.000412125 0.000308081 0.000225083 0.000160415 0.00011131 7.50548e-05 4.90837e-05 3.1073e-05 1.90066e-05 1.12127e-05 6.36853e-06 3.47669e-06 1.82141e-06 9.14387e-07 4.39288e-07 2.01715e-07 8.84346e-08 3.69814e-08 1.47386e-08 5.59402e-09 2.02078e-09 6.94399e-10 2.26884e-10 7.04597e-11 2.07913e-11 5.82792e-12 1.55144e-12 3.92152e-13 9.41012e-14 2.14327e-14 4.63257e-15 9.50057e-16 1.84831e-16 3.41034e-17 5.96645e-18 9.89481e-19 1.55502e-19 2.31497e-20 3.26335e-21 4.35403e-22 5.49548e-23 6.55776e-24 7.39366e-25 7.87049e-26 7.9037e-27 7.48088e-28 6.66699e-29 5.58821e-30 4.39984e-31 3.24948e-32 2.24764e-33 1.45351e-34 8.77076e-36 4.92201e-37 1.41975e-38 
0 4.66842e-37 8.41487e-36 1.40886e-34 2.20118e-33 3.21558e-32 4.39984e-31 5.64761e-30 6.81005e-29 7.72392e-28 8.24925e-27 8.30457e-26 7.88746e-25 7.07336e-24 5.9937e-23 4.80202e-22 3.63965e-21 2.61109e-20 1.7738e-19 1.1415e-18 6.96122e-18 4.02404e-17 2.20556e-16 1.14645e-15 5.65264e-15 2.64415e-14 1.17362e-13 4.94355e-13 1.97642e-12 7.50087e-12 2.70274e-11 9.24775e-11 3.00536e-10 9.27885e-10 2.72248e-09 7.59395e-09 2.01467e-08 5.08637e-08 1.22283e-07 2.80164e-07 6.12262e-07 1.27759e-06 2.54848e-06 4.86611e-06 8.90681e-06 1.56527e-05 2.64559e-05 4.30833e-05 6.77284e-05 0.000102983 0.000151767 0.000217219 0.000302579 0.000411055 0.000545734 0.00070951 0.000905072 0.00113493 0.00140145 0.00170695 0.00205373 0.00244408 0.00288031 0.00336467 0.00389924 0.00448582 0.00512581 0.00582005 0.00656868 0.00737109 0.00822584 0.0091306 0.0100822 0.0110767 0.0121094 0.013175 0.0142675 0.0153807 0.016508 0.0176424 0.018777 0.019905 0.0210194 0.0221135 0.0231808 0.024215 0.0252102 0.0261609 0.0270617 0.0279079 0.0286951 0.0294191 0.0300764 0.0306638 0.0311785 0.031618 0.0319803 0.0322638 0.0324672 0.0325896 0.0326304 0.0325896 0.0324672 0.0322638 0.0319803 0.031618 0.0311785 0.0306638 0.0300764 0.0294191 0.0286951 0.0279079 0.0270617 0.0261609 0.0252102 0.024215 0.0231808 0.0221135 0.0210194 0.019905 0.018777 0.0176424 0.016508 0.0153807 0.0142675 0.013175 0.0121094 0.0110767 0.0100822 0.0091306 0.00822584 0.00737109 0.00656868 0.00582005 0.00512581 0.00448582 0.00389924 0.00336467 0.00288031 0.00244408 0.00205373 0.00170695 0.00140145 0.00113493 0.000905072 0.00070951 0.000545734 0.000411055 0.000302579 0.000217219 0.000151767 0.000102983 6.77284e-05 4.30833e-05 2.64559e-05 1.56527e-05 8.90681e-06 4.86611e-06 2.54848e-06 1.27759e-06 6.12262e-07 2.80164e-07 1.22283e-07 5.08637e-08 2.01467e-08 7.59395e-09 2.72248e-09 9.27885e-10 3.00536e-10 9.24775e-11 2.70274e-11 7.50087e-12 1.97642e-12 4.94355e-13 1.17362e-13 2.64415e-14 5.65264e-15 1.14645e-15 2.20556e-16 4.02404e-17 6.96122e-18 1.1415e-18 1.7738e-19 2.61109e-20 3.63965e-21 4.80202e-22 5.9937e-23 7.07336e-24 7.88746e-25 8.30457e-26 8.24925e-27 7.72392e-28 6.81005e-29 5.64761e-30 4.39984e-31 3.21558e-32 2.20118e-33 1.40886e-34 8.40422e-36 2.61174e-37 
0 7.88565e-36 1.33746e-34 2.11112e-33 3.11598e-32 4.30814e-31 5.58821e-30 6.81005e-29 7.80667e-28 8.42762e-27 8.57638e-26 8.23479e-25 7.4662e-24 6.39668e-23 5.18197e-22 3.97159e-21 2.88123e-20 1.97936e-19 1.28816e-18 7.94435e-18 4.64419e-17 2.57414e-16 1.35304e-15 6.74565e-15 3.19033e-14 1.43152e-13 6.09486e-13 2.46249e-12 9.44223e-12 3.43647e-11 1.18725e-10 3.89433e-10 1.213e-09 3.58868e-09 1.00875e-08 2.69508e-08 6.84704e-08 1.65511e-07 3.80931e-07 8.35451e-07 1.74772e-06 3.4913e-06 6.6684e-06 1.21955e-05 2.13901e-05 3.60425e-05 5.84542e-05 9.14281e-05 0.000138202 0.00020233 0.000287534 0.000397546 0.000535973 0.000706223 0.000911483 0.00115477 0.001439 0.00176714 0.00214224 0.0025675 0.00304627 0.00358196 0.00417784 0.00483693 0.00556174 0.00635407 0.00721483 0.00814394 0.00914018 0.0102012 0.0113236 0.012503 0.0137338 0.0150099 0.0163244 0.01767 0.0190388 0.0204228 0.0218138 0.0232038 0.0245846 0.0259484 0.0272875 0.0285946 0.0298626 0.0310851 0.0322558 0.0333691 0.0344197 0.0354027 0.0363139 0.0371494 0.0379057 0.0385797 0.039169 0.0396713 0.0400846 0.0404076 0.0406392 0.0407784 0.0408249 0.0407784 0.0406392 0.0404076 0.0400846 0.0396713 0.039169 0.0385797 0.0379057 0.0371494 0.0363139 0.0354027 0.0344197 0.0333691 0.0322558 0.0310851 0.0298626 0.0285946 0.0272875 0.0259484 0.0245846 0.0232038 0.0218138 0.0204228 0.0190388 0.01767 0.0163244 0.0150099 0.0137338 0.012503 0.0113236 0.0102012 0.00914018 0.00814394 0.00721483 0.00635407 0.00556174 0.00483693 0.00417784 0.00358196 0.00304627 0.0025675 0.00214224 0.00176714 0.001439 0.00115477 0.000911483 0.000706223 0.000535973 0.000397546 0.000287534 0.00020233 0.000138202 9.14281e-05 5.84542e-05 3.60425e-05 2.13901e-05 1.21955e-05 6.6684e-06 3.4913e-06 1.74772e-06 8.35451e-07 3.80931e-07 1.65511e-07 6.84704e-08 2.69508e-08 1.00875e-08 3.58868e-09 1.213e-09 3.89433e-10 1.18725e-10 3.43647e-11 9.44223e-12 2.46249e-12 6.09486e-13 1.43152e-13 3.19033e-14 6.74565e-15 1.35304e-15 2.57414e-16 4.64419e-17 7.94435e-18 1.28816e-18 1.97936e-19 2.88123e-20 3.97159e-21 5.18197e-22 6.39668e-23 7.4662e-24 8.23479e-25 8.57638e-26 8.42762e-27 7.80667e-28 6.81005e-29 5.58821e-30 4.30814e-31 3.11598e-32 2.11111e-33 1.33557e-34 4.46095e-36 
0 1.23957e-34 1.98284e-33 2.95677e-32 4.13041e-31 5.41372e-30 6.66699e-29 7.72392e-28 8.42762e-27 8.66894e-26 8.41413e-25 7.71226e-24 6.68023e-23 5.47157e-22 4.24018e-21 3.11044e-20 2.16077e-19 1.42202e-18 8.86848e-18 5.24273e-17 2.93851e-16 1.56185e-15 7.87335e-15 3.7648e-14 1.70777e-13 7.34943e-13 3.00086e-12 1.1626e-11 4.27404e-11 1.49107e-10 4.93688e-10 1.55151e-09 4.62893e-09 1.31138e-08 3.52878e-08 9.02282e-08 2.19327e-07 5.07156e-07 1.11639e-06 2.34155e-06 4.68456e-06 8.95052e-06 1.63552e-05 2.86275e-05 4.8084e-05 7.76508e-05 0.000120817 0.000181513 0.00026394 0.000372368 0.000510963 0.000683675 0.00089421 0.0011461 0.00144282 0.001788 0.0021855 0.00263953 0.00315463 0.00373555 0.00438703 0.0051135 0.00591881 0.00680593 0.00777669 0.00883159 0.00996971 0.0111887 0.0124849 0.0138531 0.0152873 0.0167803 0.0183242 0.0199105 0.0215302 0.023174 0.0248326 0.0264966 0.0281566 0.0298037 0.0314289 0.0330237 0.0345802 0.0360908 0.0375482 0.038946 0.0402782 0.0415391 0.0427238 0.043828 0.0448476 0.0457794 0.0466201 0.0473674 0.0480191 0.0485733 0.0490287 0.049384 0.0496384 0.0497913 0.0498423 0.0497913 0.0496384 0.049384 0.0490287 0.0485733 0.0480191 0.0473674 0.0466201 0.0457794 0.0448476 0.043828 0.0427238 0.0415391 0.0402782 0.038946 0.0375482 0.0360908 0.0345802 0.0330237 0.0314289 0.0298037 0.0281566 0.0264966 0.0248326 0.023174 0.0215302 0.0199105 0.0183242 0.0167803 0.0152873 0.0138531 0.0124849 0.0111887 0.00996971 0.00883159 0.00777669 0.00680593 0.00591881 0.0051135 0.00438703 0.00373555 0.00315463 0.00263953 0.0021855 0.001788 0.00144282 0.0011461 0.00089421 0.000683675 0.000510963 0.000372368 0.00026394 0.000181513 0.000120817 7.76508e-05 4.8084e-05 2.86275e-05 1.63552e-05 8.95052e-06 4.68456e-06 2.34155e-06 1.11639e-06 5.07156e-07 2.19327e-07 9.02282e-08 3.52878e-08 1.31138e-08 4.62893e-09 1.55151e-09 4.93688e-10 1.49107e-10 4.27404e-11 1.1626e-11 3.00086e-12 7.34943e-13 1.70777e-13 3.7648e-14 7.87335e-15 1.56185e-15 2.93851e-16 5.24273e-17 8.86848e-18 1.42202e-18 2.16077e-19 3.11044e-20 4.24018e-21 5.47157e-22 6.68023e-23 7.71226e-24 8.41413e-25 8.66894e-26 8.42762e-27 7.72392e-28 6.66699e-29 5.41372e-30 4.13041e-31 2.95675e-32 1.97972e-33 7.09221e-35 
0 1.81728e-33 2.74736e-32 3.87743e-31 5.13489e-30 6.38979e-29 7.48088e-28 8.24925e-27 8.57638e-26 8.41413e-25 7.79606e-24 6.82666e-23 5.65301e-22 4.42923e-21 3.2852e-20 2.30762e-19 1.53564e-18 9.68431e-18 5.78916e-17 3.2811e-16 1.76341e-15 8.98823e-15 4.34536e-14 1.99268e-13 8.66822e-13 3.57699e-12 1.40026e-11 5.20008e-11 1.83203e-10 6.1234e-10 1.94185e-09 5.84316e-09 1.6686e-08 4.52299e-08 1.16412e-07 2.84606e-07 6.6129e-07 1.46126e-06 3.07335e-06 6.15846e-06 1.17713e-05 2.14918e-05 3.7541e-05 6.28503e-05 0.000101053 0.000156382 0.000233481 0.000337168 0.000472198 0.000643098 0.000854114 0.00110929 0.00141265 0.00176843 0.00218133 0.00265661 0.00320012 0.00381811 0.00451697 0.00530283 0.00618111 0.00715614 0.00823082 0.00940638 0.0106822 0.0120561 0.0135239 0.01508 0.0167176 0.0184285 0.0202039 0.022034 0.0239088 0.0258176 0.02775 0.029695 0.0316421 0.0335809 0.0355011 0.0373931 0.0392475 0.0410555 0.0428091 0.0445006 0.0461232 0.0476707 0.0491375 0.0505189 0.0518106 0.0530089 0.0541107 0.0551136 0.0560153 0.0568141 0.0575086 0.0580979 0.0585809 0.0589572 0.0592263 0.0593879 0.0594417 0.0593879 0.0592263 0.0589572 0.0585809 0.0580979 0.0575086 0.0568141 0.0560153 0.0551136 0.0541107 0.0530089 0.0518106 0.0505189 0.0491375 0.0476707 0.0461232 0.0445006 0.0428091 0.0410555 0.0392475 0.0373931 0.0355011 0.0335809 0.0316421 0.029695 0.02775 0.0258176 0.0239088 0.022034 0.0202039 0.0184285 0.0167176 0.01508 0.0135239 0.0120561 0.0106822 0.00940638 0.00823082 0.00715614 0.00618111 0.00530283 0.00451697 0.00381811 0.00320012 0.00265661 0.00218133 0.00176843 0.00141265 0.00110929 0.000854114 0.000643098 0.000472198 0.000337168 0.000233481 0.000156382 0.000101053 6.28503e-05 3.7541e-05 2.14918e-05 1.17713e-05 6.15846e-06 3.07335e-06 1.46126e-06 6.6129e-07 2.84606e-07 1.16412e-07 4.52299e-08 1.6686e-08 5.84316e-09 1.94185e-09 6.1234e-10 1.83203e-10 5.20008e-11 1.40026e-11 3.57699e-12 8.66822e-13 1.99268e-13 4.34536e-14 8.98823e-15 1.76341e-15 3.2811e-16 5.78916e-17 9.68431e-18 1.53564e-18 2.30762e-19 3.2852e-20 4.42923e-21 5.65301e-22 6.82666e-23 7.79606e-24 8.41413e-25 8.57638e-26 8.24925e-27 7.48088e-28 6.38979e-29 5.13489e-30 3.8774e-31 2.7426e-32 1.05184e-33 
0 2.48968e-32 3.56393e-31 4.7684e-30 5.99538e-29 7.09264e-28 7.9037e-27 8.30457e-26 8.23479e-25 7.71226e-24 6.82666e-23 5.71481e-22 4.52687e-21 3.39472e-20 2.411e-19 1.62229e-18 1.03449e-17 6.25308e-17 3.5836e-16 1.94745e-15 1.00365e-14 4.9057e-14 2.27427e-13 1.00003e-12 4.17071e-12 1.64979e-11 6.18947e-11 2.2023e-10 7.43165e-10 2.37838e-09 7.21903e-09 2.0783e-08 5.67584e-08 1.47074e-07 3.6171e-07 8.44674e-07 1.874e-06 3.95295e-06 7.9349e-06 1.51746e-05 2.76845e-05 4.82601e-05 8.05322e-05 0.00012891 0.000198402 0.000294352 0.000422127 0.00058688 0.000793433 0.00104634 0.00135011 0.00170955 0.0021301 0.00261805 0.00318057 0.00382557 0.00456128 0.00539573 0.00633618 0.00738855 0.008557 0.00984362 0.0112483 0.0127689 0.014401 0.0161387 0.0179743 0.0198989 0.0219027 0.0239749 0.0261042 0.0282788 0.0304866 0.0327154 0.0349531 0.0371874 0.0394067 0.0415996 0.0437552 0.0458633 0.0479145 0.0499001 0.0518122 0.0536439 0.0553891 0.0570427 0.0586002 0.060058 0.0614133 0.0626637 0.0638076 0.0648437 0.0657712 0.0665897 0.0672989 0.0678986 0.0683891 0.0687703 0.0690425 0.0692058 0.0692602 0.0692058 0.0690425 0.0687703 0.0683891 0.0678986 0.0672989 0.0665897 0.0657712 0.0648437 0.0638076 0.0626637 0.0614133 0.060058 0.0586002 0.0570427 0.0553891 0.0536439 0.0518122 0.0499001 0.0479145 0.0458633 0.0437552 0.0415996 0.0394067 0.0371874 0.0349531 0.0327154 0.0304866 0.0282788 0.0261042 0.0239749 0.0219027 0.0198989 0.0179743 0.0161387 0.014401 0.0127689 0.0112483 0.00984362 0.008557 0.00738855 0.00633618 0.00539573 0.00456128 0.00382557 0.00318057 0.00261805 0.0021301 0.00170955 0.00135011 0.00104634 0.000793433 0.00058688 0.000422127 0.000294352 0.000198402 0.00012891 8.05322e-05 4.82601e-05 2.76845e-05 1.51746e-05 7.9349e-06 3.95295e-06 1.874e-06 8.44674e-07 3.6171e-07 1.47074e-07 5.67584e-08 2.0783e-08 7.21903e-09 2.37838e-09 7.43165e-10 2.2023e-10 6.18947e-11 1.64979e-11 4.17071e-12 1.00003e-12 2.27427e-13 4.9057e-14 1.00365e-14 1.94745e-15 3.5836e-16 6.25308e-17 1.03449e-17 1.62229e-18 2.411e-19 3.39472e-20 4.52687e-21 5.71481e-22 6.82666e-23 7.71226e-24 8.23479e-25 8.30457e-26 7.9037e-27 7.09264e-28 5.99538e-29 4.76836e-30 3.55713e-31 1.45811e-32 
0 3.19296e-31 4.33517e-30 5.50699e-29 6.58261e-28 7.41225e-27 7.87049e-26 7.88746e-25 7.4662e-24 6.68023e-23 5.65301e-22 4.52687e-21 3.43203e-20 2.46441e-19 1.6766e-18 1.081e-17 6.60697e-17 3.82857e-16 2.10371e-15 1.09621e-14 5.41727e-14 2.53896e-13 1.12853e-12 4.75708e-12 1.90156e-11 7.20762e-11 2.59031e-10 8.8259e-10 2.85092e-09 8.72997e-09 2.5342e-08 6.97418e-08 1.81979e-07 4.50314e-07 1.05712e-06 2.35529e-06 4.98374e-06 1.00235e-05 1.91819e-05 3.49735e-05 6.08482e-05 0.000101211 0.000161296 0.000246893 0.000363988 0.000518408 0.000715612 0.000960683 0.00125858 0.00161455 0.00203464 0.00252601 0.00309715 0.00375761 0.00451762 0.00538734 0.00637612 0.00749174 0.00873985 0.0101236 0.0116436 0.0132979 0.0150821 0.0169899 0.0190131 0.0211424 0.0233669 0.0256749 0.028054 0.030491 0.0329722 0.0354836 0.0380112 0.0405408 0.0430584 0.0455507 0.0480048 0.0504086 0.0527511 0.0550221 0.0572127 0.0593152 0.0613228 0.0632301 0.0650327 0.0667273 0.0683113 0.0697833 0.0711422 0.0723877 0.0735202 0.0745402 0.0754485 0.0762462 0.0769344 0.0775144 0.0779873 0.0783539 0.0786151 0.0787716 0.0788238 0.0787716 0.0786151 0.0783539 0.0779873 0.0775144 0.0769344 0.0762462 0.0754485 0.0745402 0.0735202 0.0723877 0.0711422 0.0697833 0.0683113 0.0667273 0.0650327 0.0632301 0.0613228 0.0593152 0.0572127 0.0550221 0.0527511 0.0504086 0.0480048 0.0455507 0.0430584 0.0405408 0.0380112 0.0354836 0.0329722 0.030491 0.028054 0.0256749 0.0233669 0.0211424 0.0190131 0.0169899 0.0150821 0.0132979 0.0116436 0.0101236 0.00873985 0.00749174 0.00637612 0.00538734 0.00451762 0.00375761 0.00309715 0.00252601 0.00203464 0.00161455 0.00125858 0.000960683 0.000715612 0.000518408 0.000363988 0.000246893 0.000161296 0.000101211 6.08482e-05 3.49735e-05 1.91819e-05 1.00235e-05 4.98374e-06 2.35529e-06 1.05712e-06 4.50314e-07 1.81979e-07 6.97418e-08 2.5342e-08 8.72997e-09 2.85092e-09 8.8259e-10 2.59031e-10 7.20762e-11 1.90156e-11 4.75708e-12 1.12853e-12 2.53896e-13 5.41727e-14 1.09621e-14 2.10371e-15 3.82857e-16 6.60697e-17 1.081e-17 1.6766e-18 2.46441e-19 3.43203e-20 4.52687e-21 5.65301e-22 6.68023e-23 7.4662e-24 7.88746e-25 7.87049e-26 7.41225e-27 6.58261e-28 5.50693e-29 4.32611e-30 1.89261e-31 
0 3.83934e-30 4.95177e-29 5.98021e-28 6.80404e-27 7.30051e-26 7.39366e-25 7.07336e-24 6.39668e-23 5.47157e-22 4.42923e-21 3.39472e-20 2.46441e-19 1.6951e-18 1.10503e-17 6.82881e-17 4.00108e-16 2.22293e-15 1.17117e-14 5.85163e-14 2.77264e-13 1.24581e-12 5.30795e-12 2.14424e-11 8.21191e-11 2.98116e-10 1.02575e-09 3.3447e-09 1.03344e-08 3.02547e-08 8.39196e-08 2.20551e-07 5.49264e-07 1.29651e-06 2.90167e-06 6.16072e-06 1.24178e-05 2.37853e-05 4.33478e-05 7.52834e-05 0.000124833 0.000198081 0.000301567 0.000441837 0.000625069 0.00085695 0.00114287 0.00148841 0.00189998 0.00238542 0.00295428 0.00361773 0.00438803 0.00527766 0.00629832 0.00745996 0.00877006 0.0102331 0.0118506 0.0136211 0.0155404 0.0176022 0.0197981 0.0221184 0.0245516 0.0270852 0.0297055 0.0323979 0.0351469 0.0379363 0.0407494 0.0435697 0.0463805 0.0491657 0.0519099 0.0545988 0.0572194 0.0597597 0.0622096 0.0645603 0.0668047 0.068937 0.0709529 0.0728495 0.0746251 0.0762789 0.077811 0.0792226 0.0805152 0.0816908 0.0827519 0.083701 0.084541 0.0852745 0.0859041 0.0864324 0.0868614 0.087193 0.0874288 0.0875699 0.0876168 0.0875699 0.0874288 0.087193 0.0868614 0.0864324 0.0859041 0.0852745 0.084541 0.083701 0.0827519 0.0816908 0.0805152 0.0792226 0.077811 0.0762789 0.0746251 0.0728495 0.0709529 0.068937 0.0668047 0.0645603 0.0622096 0.0597597 0.0572194 0.0545988 0.0519099 0.0491657 0.0463805 0.0435697 0.0407494 0.0379363 0.0351469 0.0323979 0.0297055 0.0270852 0.0245516 0.0221184 0.0197981 0.0176022 0.0155404 0.0136211 0.0118506 0.0102331 0.00877006 0.00745996 0.00629832 0.00527766 0.00438803 0.00361773 0.00295428 0.00238542 0.00189998 0.00148841 0.00114287 0.00085695 0.000625069 0.000441837 0.000301567 0.000198081 0.000124833 7.52834e-05 4.33478e-05 2.37853e-05 1.24178e-05 6.16072e-06 2.90167e-06 1.29651e-06 5.49264e-07 2.20551e-07 8.39196e-08 3.02547e-08 1.03344e-08 3.3447e-09 1.02575e-09 2.98116e-10 8.21191e-11 2.14424e-11 5.30795e-12 1.24581e-12 2.77264e-13 5.85163e-14 1.17117e-14 2.22293e-15 4.00108e-16 6.82881e-17 1.10503e-17 1.6951e-18 2.46441e-19 3.39472e-20 4.42923e-21 5.47157e-22 6.39668e-23 7.07336e-24 7.39366e-25 7.30051e-26 6.80404e-27 5.98013e-28 4.94047e-29 2.30385e-30 
0 4.33452e-29 5.31789e-28 6.11325e-27 6.62772e-26 6.78284e-25 6.55776e-24 5.9937e-23 5.18197e-22 4.24018e-21 3.2852e-20 2.411e-19 1.6766e-18 1.10503e-17 6.90439e-17 4.09022e-16 2.29766e-15 1.22396e-14 6.18296e-14 2.96185e-13 1.34536e-12 5.79402e-12 2.36555e-11 9.15437e-11 3.35734e-10 1.16669e-09 3.84082e-09 1.19765e-08 3.53672e-08 9.88977e-08 2.61853e-07 6.5648e-07 1.55857e-06 3.50493e-06 7.46903e-06 1.50922e-05 2.89421e-05 5.27364e-05 9.14453e-05 0.00015119 0.000238904 0.000361819 0.00052693 0.000740659 0.0010089 0.00133748 0.00173296 0.00220349 0.00275935 0.00341307 0.00417886 0.00507165 0.00610577 0.00729368 0.00864502 0.010166 0.0118594 0.0137245 0.0157578 0.0179532 0.0203025 0.0227959 0.0254218 0.0281668 0.0310162 0.0339536 0.0369613 0.0400204 0.0431114 0.0462143 0.0493092 0.0523768 0.0553987 0.0583578 0.0612387 0.0640277 0.066713 0.0692849 0.0717355 0.0740591 0.0762513 0.0783099 0.0802339 0.0820234 0.0836802 0.0852065 0.0866055 0.0878811 0.0890374 0.0900789 0.0910103 0.0918363 0.0925613 0.0931897 0.0937255 0.0941723 0.0945334 0.0948113 0.0950083 0.0951259 0.095165 0.0951259 0.0950083 0.0948113 0.0945334 0.0941723 0.0937255 0.0931897 0.0925613 0.0918363 0.0910103 0.0900789 0.0890374 0.0878811 0.0866055 0.0852065 0.0836802 0.0820234 0.0802339 0.0783099 0.0762513 0.0740591 0.0717355 0.0692849 0.066713 0.0640277 0.0612387 0.0583578 0.0553987 0.0523768 0.0493092 0.0462143 0.0431114 0.0400204 0.0369613 0.0339536 0.0310162 0.0281668 0.0254218 0.0227959 0.0203025 0.0179532 0.0157578 0.0137245 0.0118594 0.010166 0.00864502 0.00729368 0.00610577 0.00507165 0.00417886 0.00341307 0.00275935 0.00220349 0.00173296 0.00133748 0.0010089 0.000740659 0.00052693 0.000361819 0.000238904 0.00015119 9.14453e-05 5.27364e-05 2.89421e-05 1.50922e-05 7.46903e-06 3.50493e-06 1.55857e-06 6.5648e-07 2.61853e-07 9.88977e-08 3.53672e-08 1.19765e-08 3.84082e-09 1.16669e-09 3.35734e-10 9.15437e-11 2.36555e-11 5.79402e-12 1.34536e-12 2.96185e-13 6.18296e-14 1.22396e-14 2.29766e-15 4.09022e-16 6.90439e-17 1.10503e-17 1.6766e-18 2.411e-19 3.2852e-20 4.24018e-21 5.18197e-22 5.9937e-23 6.55776e-24 6.78284e-25 6.62772e-26 6.11315e-27 5.30471e-28 2.63378e-29 
0 4.60042e-28 5.37575e-27 5.88877e-26 6.08957e-25 5.9495e-24 5.49548e-23 4.80202e-22 3.97159e-21 3.11044e-20 2.30762e-19 1.62229e-18 1.081e-17 6.82881e-17 4.09022e-16 2.32312e-15 1.25123e-14 6.39066e-14 3.09508e-13 1.42128e-12 6.18743e-12 2.55328e-11 9.98525e-11 3.69998e-10 1.29873e-09 4.31729e-09 1.35885e-08 4.04853e-08 1.14157e-07 3.0459e-07 7.6895e-07 1.83675e-06 4.15172e-06 8.88307e-06 1.80003e-05 3.45712e-05 6.30021e-05 0.000109107 0.000179913 0.000283177 0.000426735 0.000617915 0.000863295 0.00116901 0.00154161 0.00198912 0.00252208 0.00315387 0.00390043 0.0047791 0.00580705 0.00699965 0.00836916 0.00992396 0.0116684 0.013603 0.0157253 0.0180298 0.0205093 0.023154 0.0259524 0.0288908 0.0319533 0.0351216 0.0383755 0.041693 0.0450509 0.0484255 0.0517929 0.0551302 0.0584154 0.0616283 0.0647509 0.0677673 0.0706641 0.0734304 0.0760576 0.0785396 0.0808723 0.0830537 0.0850836 0.0869632 0.0886954 0.090284 0.091734 0.0930509 0.0942409 0.0953107 0.0962669 0.0971163 0.0978658 0.0985218 0.0990906 0.0995778 0.0999889 0.100328 0.100601 0.100809 0.100955 0.101042 0.101071 0.101042 0.100955 0.100809 0.100601 0.100328 0.0999889 0.0995778 0.0990906 0.0985218 0.0978658 0.0971163 0.0962669 0.0953107 0.0942409 0.0930509 0.091734 0.090284 0.0886954 0.0869632 0.0850836 0.0830537 0.0808723 0.0785396 0.0760576 0.0734304 0.0706641 0.0677673 0.0647509 0.0616283 0.0584154 0.0551302 0.0517929 0.0484255 0.0450509 0.041693 0.0383755 0.0351216 0.0319533 0.0288908 0.0259524 0.023154 0.0205093 0.0180298 0.0157253 0.013603 0.0116684 0.00992396 0.00836916 0.00699965 0.00580705 0.0047791 0.00390043 0.00315387 0.00252208 0.00198912 0.00154161 0.00116901 0.000863295 0.000617915 0.000426735 0.000283177 0.000179913 0.000109107 6.30021e-05 3.45712e-05 1.80003e-05 8.88307e-06 4.15172e-06 1.83675e-06 7.6895e-07 3.0459e-07 1.14157e-07 4.04853e-08 1.35885e-08 4.31729e-09 1.29873e-09 3.69998e-10 9.98525e-11 2.55328e-11 6.18743e-12 1.42128e-12 3.09508e-13 6.39066e-14 1.25123e-14 2.32312e-15 4.09022e-16 6.82881e-17 1.081e-17 1.62229e-18 2.30762e-19 3.11044e-20 3.97159e-21 4.80202e-22 5.49548e-23 5.9495e-24 6.08957e-25 5.88866e-26 5.36132e-27 2.83136e-28 
0 4.59538e-27 5.1204e-26 5.35025e-25 5.28193e-24 4.93035e-23 4.35403e-22 3.63965e-21 2.88123e-20 2.16077e-19 1.53564e-18 1.03449e-17 6.60697e-17 4.00108e-16 2.29766e-15 1.25123e-14 6.46143e-14 3.16392e-13 1.46886e-12 6.46438e-12 2.69638e-11 1.06573e-10 3.99034e-10 1.41498e-09 4.75046e-09 1.50951e-08 4.53852e-08 1.29077e-07 3.47158e-07 8.82805e-07 2.12233e-06 4.82366e-06 1.03665e-05 2.1074e-05 4.05523e-05 7.39408e-05 0.000127935 0.000210473 0.000330089 0.000495123 0.000713117 0.000990761 0.00133458 0.00175218 0.00225371 0.00285274 0.00356636 0.00441406 0.00541598 0.00659076 0.00795379 0.00951613 0.0112842 0.0132604 0.0154433 0.017829 0.0204112 0.0231813 0.0261281 0.0292377 0.0324934 0.0358748 0.039359 0.0429205 0.046532 0.0501654 0.0537925 0.0573862 0.0609207 0.0643725 0.0677205 0.0709464 0.0740349 0.0769735 0.0797528 0.0823658 0.0848083 0.0870784 0.0891764 0.0911045 0.0928666 0.0944681 0.0959156 0.0972165 0.0983793 0.0994126 0.100326 0.101128 0.101828 0.102435 0.102957 0.103404 0.103782 0.104098 0.104359 0.10457 0.104737 0.104862 0.104949 0.105001 0.105018 0.105001 0.104949 0.104862 0.104737 0.10457 0.104359 0.104098 0.103782 0.103404 0.102957 0.102435 0.101828 0.101128 0.100326 0.0994126 0.0983793 0.0972165 0.0959156 0.0944681 0.0928666 0.0911045 0.0891764 0.0870784 0.0848083 0.0823658 0.0797528 0.0769735 0.0740349 0.0709464 0.0677205 0.0643725 0.0609207 0.0573862 0.0537925 0.0501654 0.046532 0.0429205 0.039359 0.0358748 0.0324934 0.0292377 0.0261281 0.0231813 0.0204112 0.017829 0.0154433 0.0132604 0.0112842 0.00951613 0.00795379 0.00659076 0.00541598 0.00441406 0.00356636 0.00285274 0.00225371 0.00175218 0.00133458 0.000990761 0.000713117 0.000495123 0.000330089 0.000210473 0.000127935 7.39408e-05 4.05523e-05 2.1074e-05 1.03665e-05 4.82366e-06 2.12233e-06 8.82805e-07 3.47158e-07 1.29077e-07 4.53852e-08 1.50951e-08 4.75046e-09 1.41498e-09 3.99034e-10 1.06573e-10 2.69638e-11 6.46438e-12 1.46886e-12 3.16392e-13 6.46143e-14 1.25123e-14 2.29766e-15 4.00108e-16 6.60697e-17 1.03449e-17 1.53564e-18 2.16077e-19 2.88123e-20 3.63965e-21 4.35403e-22 4.93035e-23 5.28193e-24 5.35013e-25 5.10556e-26 2.86549e-27 
0 4.32472e-26 4.59976e-25 4.58858e-24 4.32814e-23 3.86267e-22 3.26335e-21 2.61109e-20 1.97936e-19 1.42202e-18 9.68431e-18 6.25308e-17 3.82857e-16 2.22293e-15 1.22396e-14 6.39066e-14 3.16392e-13 1.48507e-12 6.60744e-12 2.78605e-11 1.11301e-10 4.21152e-10 1.5089e-09 5.11701e-09 1.64188e-08 4.98282e-08 1.42973e-07 3.8773e-07 9.93506e-07 2.4048e-06 5.49798e-06 1.18731e-05 2.42256e-05 4.6728e-05 8.52853e-05 0.000147497 0.0002422 0.000378645 0.000565568 0.000810625 0.00112063 0.0015027 0.00196604 0.00252352 0.00319245 0.0039939 0.0049508 0.00608535 0.00741664 0.00895902 0.0107217 0.012709 0.0149216 0.0173572 0.0200112 0.0228765 0.0259431 0.0291976 0.0326222 0.0361951 0.0398902 0.0436784 0.047528 0.0514062 0.0552802 0.0591183 0.0628907 0.06657 0.0701319 0.0735553 0.0768222 0.0799183 0.0828324 0.0855563 0.0880852 0.0904168 0.0925517 0.0944927 0.0962447 0.0978146 0.0992108 0.100443 0.101521 0.102458 0.103263 0.10395 0.10453 0.105015 0.105416 0.105743 0.106007 0.106217 0.106381 0.106508 0.106603 0.106674 0.106725 0.106761 0.106784 0.106797 0.106801 0.106797 0.106784 0.106761 0.106725 0.106674 0.106603 0.106508 0.106381 0.106217 0.106007 0.105743 0.105416 0.105015 0.10453 0.10395 0.103263 0.102458 0.101521 0.100443 0.0992108 0.0978146 0.0962447 0.0944927 0.0925517 0.0904168 0.0880852 0.0855563 0.0828324 0.0799183 0.0768222 0.0735553 0.0701319 0.06657 0.0628907 0.0591183 0.0552802 0.0514062 0.047528 0.0436784 0.0398902 0.0361951 0.0326222 0.0291976 0.0259431 0.0228765 0.0200112 0.0173572 0.0149216 0.012709 0.0107217 0.00895902 0.00741664 0.00608535 0.0049508 0.0039939 0.00319245 0.00252352 0.00196604 0.0015027 0.00112063 0.000810625 0.000565568 0.000378645 0.0002422 0.000147497 8.52853e-05 4.6728e-05 2.42256e-05 1.18731e-05 5.49798e-06 2.4048e-06 9.93506e-07 3.8773e-07 1.42973e-07 4.98282e-08 1.64188e-08 5.11701e-09 1.5089e-09 4.21152e-10 1.11301e-10 2.78605e-11 6.60744e-12 1.48507e-12 3.16392e-13 6.39066e-14 1.22396e-14 2.22293e-15 3.82857e-16 6.25308e-17 9.68431e-18 1.42202e-18 1.97936e-19 2.61109e-20 3.26335e-21 3.86267e-22 4.32814e-23 4.58846e-24 4.58543e-25 2.73302e-26 
