0 0 0 0 0 0 0 0 0 0 0 0 0 0 0 0 0 0 0 0 0 0 0 0 0 0 0 0 0 0 0 0 0 0 0 0 0 0 0 0 0 0 0 0 0 0 0 0 0 0 0 0 0 0 0 0 0 0 0 0 0 0 0 0 0 0 0 0 0 0 0 0 0 0 0 0 0 0 0 0 0 0 0 0 0 0 0 0 0 0 0 0 0 0 0 0 0 0 0 0 0 0 0 0 0 0 0 0 0 0 0 0 0 0 0 0 0 0 0 0 0 0 0 0 0 0 0 0 0 0 0 0 0 0 0 0 0 0 0 0 0 0 0 0 0 0 0 0 0 0 0 0 0 0 0 0 0 0 0 0 0 0 0 0 0 0 0 0 0 0 0 0 0 0 0 0 0 0 0 0 0 0 0 0 0 0 0 0 0 0 0 0 0 0 0 0 0 0 0 0 
0 2.40578e-16 1.27562e-15 6.26047e-15 2.93159e-14 1.31095e-13 5.59754e-13 2.28171e-12 8.87736e-12 3.29583e-11 1.16733e-10 3.94322e-10 1.27002e-09 3.89893e-09 1.14056e-08 3.17831e-08 8.43439e-08 2.13092e-07 5.12422e-07 1.1726e-06 2.55313e-06 5.28903e-06 1.04254e-05 1.95577e-05 3.49336e-05 5.94524e-05 9.6503e-05 0.000149618 0.000221999 0.000316055 0.00043317 0.00057387 0.000738485 0.000928143 0.00114579 0.00139682 0.00168898 0.00203144 0.00243316 0.00290116 0.00343894 0.00404572 0.00471651 0.00544302 0.00621499 0.00702155 0.0078523 0.00869771 0.00954911 0.0103981 0.011236 0.0120531 0.0128385 0.01358 0.0142648 0.0148803 0.0154143 0.0158564 0.0161984 0.0164348 0.0165627 0.0165819 0.0164946 0.016305 0.0160192 0.0156441 0.0151879 0.0146589 0.0140661 0.0134182 0.0127241 0.0119925 0.0112317 0.0104498 0.00965443 0.00885285 0.00805178 0.00725741 0.00647538 0.00571074 0.00496796 0.0042509 0.00356287 0.0029066 0.00228433 0.0016978 0.00114834 0.000636876 0.000164025 -0.000269882 -0.000664736 -0.00102061 -0.0013377 -0.00161631 -0.00185677 -0.00205946 -0.00222472 -0.00235289 -0.00244423 -0.00249895 -0.00251718 -0.00249895 -0.00244423 -0.00235289 -0.00222472 -0.00205946 -0.00185677 -0.00161631 -0.0013377 -0.00102061 -0.000664736 -0.000269882 0.000164025 0.000636876 0.00114834 0.0016978 0.00228433 0.0029066 0.00356287 0.0042509 0.00496796 0.00571074 0.00647538 0.00725741 0.00805178 0.00885285 0.00965443 0.0104498 0.0112317 0.0119925 0.0127241 0.0134182 0.0140661 0.0146589 0.0151879 0.0156441 0.0160192 0.016305 0.0164946 0.0165819 0.0165627 0.0164348 0.0161984 0.0158564 0.0154143 0.0148803 0.0142648 0.01358 0.0128385 0.0120531 0.011236 0.0103981 0.00954911 0.00869771 0.0078523 0.00702155 0.00621499 0.00544302 0.00471651 0.00404572 0.00343894 0.00290116 0.00243316 0.00203144 0.00168898 0.00139682 0.00114579 0.000928143 0.000738485 0.00057387 0.00043317 0.000316055 0.000221999 0.000149618 9.6503e-05 5.94524e-05 3.49336e-05 1.95577e-05 1.04254e-05 5.28903e-06 2.55313e-06 1.1726e-06 5.12422e-07 2.13092e-07 8.43439e-08 3.17831e-08 1.14056e-08 3.89893e-09 1.27002e-09 3.94322e-10 1.16733e-10 3.29583e-11 8.87736e-12 2.28171e-12 5.59754e-13 1.31095e-13 2.93154e-14 6.2578e-15 1.26085e-15 1.62855e-16 
0 1.27562e-15 6.55339e-15 3.1099e-14 1.40797e-13 6.08732e-13 2.51296e-12 9.90331e-12 3.72487e-11 1.3368e-10 4.57648e-10 1.4941e-09 4.65029e-09 1.37944e-08 3.89868e-08 1.04953e-07 2.6904e-07 6.56565e-07 1.52509e-06 3.37143e-06 7.09284e-06 1.42022e-05 2.70724e-05 4.91513e-05 8.50539e-05 0.00014043 0.000221545 0.000334615 0.000485061 0.000676995 0.000913212 0.00119588 0.00152782 0.00191396 0.00236249 0.00288502 0.00349572 0.00420936 0.00503887 0.00599307 0.00707507 0.00828181 0.00960457 0.0110302 0.0125427 0.0141246 0.0157574 0.0174226 0.0191008 0.020772 0.0224147 0.0240063 0.0255231 0.0269413 0.0282373 0.0293892 0.0303775 0.0311861 0.0318026 0.0322189 0.0324309 0.0324388 0.0322465 0.0318611 0.0312926 0.0305534 0.0296578 0.0286212 0.0274602 0.0261921 0.0248339 0.0234031 0.0219164 0.02039 0.0188393 0.0172788 0.0157216 0.0141801 0.0126649 0.0111858 0.00975121 0.00836821 0.00704285 0.00578008 0.00458385 0.00345721 0.00240242 0.00142106 0.000514098 -0.000317964 -0.00107503 -0.00175732 -0.00236526 -0.00289944 -0.00336052 -0.0037492 -0.00406615 -0.00431197 -0.00448718 -0.00459215 -0.00462711 -0.00459215 -0.00448718 -0.00431197 -0.00406615 -0.0037492 -0.00336052 -0.00289944 -0.00236526 -0.00175732 -0.00107503 -0.000317964 0.000514098 0.00142106 0.00240242 0.00345721 0.00458385 0.00578008 0.00704285 0.00836821 0.00975121 0.0111858 0.0126649 0.0141801 0.0157216 0.0172788 0.0188393 0.02039 0.0219164 0.0234031 0.0248339 0.0261921 0.0274602 0.0286212 0.0296578 0.0305534 0.0312926 0.0318611 0.0322465 0.0324388 0.0324309 0.0322189 0.0318026 0.0311861 0.0303775 0.0293892 0.0282373 0.0269413 0.0255231 0.0240063 0.0224147 0.020772 0.0191008 0.0174226 0.0157574 0.0141246 0.0125427 0.0110302 0.00960457 0.00828181 0.00707507 0.00599307 0.00503887 0.00420936 0.00349572 0.00288502 0.00236249 0.00191396 0.00152782 0.00119588 0.000913212 0.000676995 0.000485061 0.000334615 0.000221545 0.00014043 8.50539e-05 4.91513e-05 2.70724e-05 1.42022e-05 7.09284e-06 3.37143e-06 1.52509e-06 6.56565e-07 2.6904e-07 1.04953e-07 3.89868e-08 1.37944e-08 4.65029e-09 1.4941e-09 4.57648e-10 1.3368e-10 3.72487e-11 9.90331e-12 2.51296e-12 6.08732e-13 1.40794e-13 3.10843e-14 6.47514e-15 8.78475e-16 
0 6.26047e-15 3.1099e-14 1.42343e-13 6.21351e-13 2.58957e-12 1.03023e-11 3.91151e-11 1.41692e-10 4.89559e-10 1.61284e-09 5.06482e-09 1.51557e-08 4.32003e-08 1.1726e-07 3.02997e-07 7.45122e-07 1.74351e-06 3.88115e-06 8.21901e-06 1.65591e-05 3.17493e-05 5.79599e-05 0.000100825 0.000167327 0.000265358 0.000403003 0.00058776 0.000826034 0.00112322 0.00148448 0.00191615 0.00242703 0.00302931 0.0037383 0.00457114 0.00554474 0.00667345 0.00796727 0.00943082 0.0110632 0.0128585 0.0148065 0.0168931 0.0191006 0.0214078 0.0237896 0.0262171 0.0286582 0.0310777 0.0334392 0.0357058 0.0378416 0.0398131 0.0415902 0.0431464 0.04446 0.0455137 0.0462951 0.0467962 0.0470139 0.0469494 0.0466083 0.0460002 0.0451382 0.044039 0.0427218 0.0412083 0.0395216 0.0376862 0.0357267 0.0336681 0.0315346 0.0293494 0.0271345 0.0249104 0.0226957 0.0205075 0.0183606 0.0162681 0.0142415 0.0122902 0.0104222 0.00864401 0.00696064 0.00537603 0.00389304 0.00251361 0.00123892 6.95174e-05 -0.000994544 -0.00195361 -0.00280831 -0.00355944 -0.00420791 -0.00475467 -0.00520061 -0.00554653 -0.00579311 -0.00594085 -0.00599006 -0.00594085 -0.00579311 -0.00554653 -0.00520061 -0.00475467 -0.00420791 -0.00355944 -0.00280831 -0.00195361 -0.000994544 6.95174e-05 0.00123892 0.00251361 0.00389304 0.00537603 0.00696064 0.00864401 0.0104222 0.0122902 0.0142415 0.0162681 0.0183606 0.0205075 0.0226957 0.0249104 0.0271345 0.0293494 0.0315346 0.0336681 0.0357267 0.0376862 0.0395216 0.0412083 0.0427218 0.044039 0.0451382 0.0460002 0.0466083 0.0469494 0.0470139 0.0467962 0.0462951 0.0455137 0.04446 0.0431464 0.0415902 0.0398131 0.0378416 0.0357058 0.0334392 0.0310777 0.0286582 0.0262171 0.0237896 0.0214078 0.0191006 0.0168931 0.0148065 0.0128585 0.0110632 0.00943082 0.00796727 0.00667345 0.00554474 0.00457114 0.0037383 0.00302931 0.00242703 0.00191615 0.00148448 0.00112322 0.000826034 0.00058776 0.000403003 0.000265358 0.000167327 0.000100825 5.79599e-05 3.17493e-05 1.65591e-05 8.21901e-06 3.88115e-06 1.74351e-06 7.45122e-07 3.02997e-07 1.1726e-07 4.32003e-08 1.51557e-08 5.06482e-09 1.61284e-09 4.89559e-10 1.41692e-10 3.91151e-11 1.03023e-11 2.58957e-12 6.21337e-13 1.42268e-13 3.07164e-14 4.39339e-15 
0 2.93159e-14 1.40797e-13 6.21351e-13 2.61395e-12 1.04957e-11 4.02148e-11 1.46992e-10 5.12383e-10 1.7027e-09 5.39222e-09 1.62674e-08 4.67334e-08 1.27799e-07 3.32552e-07 8.23151e-07 1.93758e-06 4.33615e-06 9.22496e-06 1.86575e-05 3.58812e-05 6.56471e-05 0.000114356 0.000189905 0.000301181 0.000457279 0.000666747 0.000937236 0.00127592 0.00169067 0.00219167 0.00279269 0.00351133 0.00436791 0.00538321 0.00657576 0.00795964 0.00954339 0.0113301 0.0133183 0.0155032 0.0178769 0.0204285 0.0231428 0.0259989 0.0289696 0.0320205 0.0351113 0.0381965 0.0412282 0.0441581 0.0469394 0.0495289 0.051888 0.0539833 0.055787 0.0572769 0.0584361 0.0592533 0.0597224 0.0598427 0.0596182 0.0590582 0.0581765 0.0569911 0.0555239 0.0537998 0.0518462 0.0496919 0.0473671 0.0449019 0.0423261 0.0396688 0.0369575 0.0342182 0.0314746 0.0287487 0.02606 0.0234259 0.0208615 0.0183799 0.015992 0.0137071 0.0115325 0.00947425 0.00753677 0.00572338 0.00403635 0.00247708 0.00104623 -0.000256117 -0.00143032 -0.00247708 -0.00339728 -0.00419196 -0.00486216 -0.00540892 -0.00583313 -0.00613556 -0.00631678 -0.00637715 -0.00631678 -0.00613556 -0.00583313 -0.00540892 -0.00486216 -0.00419196 -0.00339728 -0.00247708 -0.00143032 -0.000256117 0.00104623 0.00247708 0.00403635 0.00572338 0.00753677 0.00947425 0.0115325 0.0137071 0.015992 0.0183799 0.0208615 0.0234259 0.02606 0.0287487 0.0314746 0.0342182 0.0369575 0.0396688 0.0423261 0.0449019 0.0473671 0.0496919 0.0518462 0.0537998 0.0555239 0.0569911 0.0581765 0.0590582 0.0596182 0.0598427 0.0597224 0.0592533 0.0584361 0.0572769 0.055787 0.0539833 0.051888 0.0495289 0.0469394 0.0441581 0.0412282 0.0381965 0.0351113 0.0320205 0.0289696 0.0259989 0.0231428 0.0204285 0.0178769 0.0155032 0.0133183 0.0113301 0.00954339 0.00795964 0.00657576 0.00538321 0.00436791 0.00351133 0.00279269 0.00219167 0.00169067 0.00127592 0.000937236 0.000666747 0.000457279 0.000301181 0.000189905 0.000114356 6.56471e-05 3.58812e-05 1.86575e-05 9.22496e-06 4.33615e-06 1.93758e-06 8.23151e-07 3.32552e-07 1.27799e-07 4.67334e-08 1.62674e-08 5.39222e-09 1.7027e-09 5.12383e-10 1.46992e-10 4.02148e-11 1.04957e-11 2.61388e-12 6.20989e-13 1.39019e-13 2.09799e-14 
0 1.31095e-13 6.08732e-13 2.58957e-12 1.04957e-11 4.05866e-11 1.49705e-10 5.26524e-10 1.76508e-09 5.63771e-09 1.71493e-08 4.96606e-08 1.36838e-07 3.58628e-07 8.93607e-07 2.11619e-06 4.76141e-06 1.01766e-05 2.06597e-05 3.98444e-05 7.30319e-05 0.000127321 0.00021139 0.00033487 0.000507472 0.00073823 0.00103536 0.00140709 0.00186335 0.00241773 0.00308869 0.00389922 0.00487471 0.0060397 0.00741459 0.00901347 0.0108437 0.012907 0.0152012 0.0177212 0.0204599 0.0234067 0.0265459 0.0298551 0.0333038 0.0368535 0.0404584 0.0440678 0.0476281 0.0510852 0.0543866 0.057483 0.0603293 0.0628854 0.0651168 0.066995 0.0684975 0.0696086 0.0703191 0.0706263 0.0705344 0.0700535 0.0691992 0.0679923 0.0664576 0.0646233 0.0625197 0.0601793 0.0576349 0.0549198 0.0520667 0.0491075 0.0460725 0.0429906 0.0398886 0.0367912 0.0337209 0.0306981 0.0277407 0.0248644 0.0220829 0.0194077 0.0168485 0.0144131 0.0121079 0.00993758 0.00790584 0.00601513 0.00426701 0.00266228 0.0012011 -0.000116829 -0.00129216 -0.00232578 -0.00321871 -0.00397203 -0.00458675 -0.0050638 -0.00540396 -0.00560782 -0.00567573 -0.00560782 -0.00540396 -0.0050638 -0.00458675 -0.00397203 -0.00321871 -0.00232578 -0.00129216 -0.000116829 0.0012011 0.00266228 0.00426701 0.00601513 0.00790584 0.00993758 0.0121079 0.0144131 0.0168485 0.0194077 0.0220829 0.0248644 0.0277407 0.0306981 0.0337209 0.0367912 0.0398886 0.0429906 0.0460725 0.0491075 0.0520667 0.0549198 0.0576349 0.0601793 0.0625197 0.0646233 0.0664576 0.0679923 0.0691992 0.0700535 0.0705344 0.0706263 0.0703191 0.0696086 0.0684975 0.066995 0.0651168 0.0628854 0.0603293 0.057483 0.0543866 0.0510852 0.0476281 0.0440678 0.0404584 0.0368535 0.0333038 0.0298551 0.0265459 0.0234067 0.0204599 0.0177212 0.0152012 0.012907 0.0108437 0.00901347 0.00741459 0.0060397 0.00487471 0.00389922 0.00308869 0.00241773 0.00186335 0.00140709 0.00103536 0.00073823 0.000507472 0.00033487 0.00021139 0.000127321 7.30319e-05 3.98444e-05 2.06597e-05 1.01766e-05 4.76141e-06 2.11619e-06 8.93607e-07 3.58628e-07 1.36838e-07 4.96606e-08 1.71493e-08 5.63771e-09 1.76508e-09 5.26524e-10 1.49705e-10 4.05865e-11 1.04953e-11 2.58791e-12 6.00877e-13 9.57428e-14 
0 5.59754e-13 2.51296e-12 1.03023e-11 4.02148e-11 1.49705e-10 5.31323e-10 1.79711e-09 5.79024e-09 1.77632e-08 5.1861e-08 1.44025e-07 3.8028e-07 9.54166e-07 2.27408e-06 5.1461e-06 1.10538e-05 2.25342e-05 4.35998e-05 8.00916e-05 0.000139787 0.000232096 0.000367308 0.000555599 0.000806274 0.00112785 0.00152935 0.00202246 0.00262387 0.00335624 0.00424717 0.00532607 0.00662009 0.00815063 0.00993168 0.0119703 0.0142684 0.0168246 0.0196351 0.0226929 0.0259858 0.0294946 0.033191 0.0370382 0.040991 0.0449988 0.049007 0.0529599 0.0568022 0.0604803 0.0639432 0.0671429 0.0700353 0.0725814 0.0747476 0.076507 0.0778403 0.0787359 0.0791905 0.0792085 0.0788015 0.0779875 0.0767899 0.0752362 0.0733572 0.0711858 0.0687562 0.0661031 0.0632612 0.0602645 0.0571459 0.0539369 0.0506676 0.0473658 0.0440575 0.0407666 0.0375147 0.0343212 0.0312032 0.0281759 0.025252 0.0224427 0.0197571 0.0172027 0.0147854 0.0125099 0.0103794 0.00839655 0.00656267 0.0048786 0.00334455 0.00196026 0.000725168 -0.000361517 -0.00130071 -0.00209338 -0.00274045 -0.00324277 -0.00360103 -0.00381577 -0.00388731 -0.00381577 -0.00360103 -0.00324277 -0.00274045 -0.00209338 -0.00130071 -0.000361517 0.000725168 0.00196026 0.00334455 0.0048786 0.00656267 0.00839655 0.0103794 0.0125099 0.0147854 0.0172027 0.0197571 0.0224427 0.025252 0.0281759 0.0312032 0.0343212 0.0375147 0.0407666 0.0440575 0.0473658 0.0506676 0.0539369 0.0571459 0.0602645 0.0632612 0.0661031 0.0687562 0.0711858 0.0733572 0.0752362 0.0767899 0.0779875 0.0788015 0.0792085 0.0791905 0.0787359 0.0778403 0.076507 0.0747476 0.0725814 0.0700353 0.0671429 0.0639432 0.0604803 0.0568022 0.0529599 0.049007 0.0449988 0.040991 0.0370382 0.033191 0.0294946 0.0259858 0.0226929 0.0196351 0.0168246 0.0142684 0.0119703 0.00993168 0.00815063 0.00662009 0.00532607 0.00424717 0.00335624 0.00262387 0.00202246 0.00152935 0.00112785 0.000806274 0.000555599 0.000367308 0.000232096 0.000139787 8.00916e-05 4.35998e-05 2.25342e-05 1.10538e-05 5.1461e-06 2.27408e-06 9.54166e-07 3.8028e-07 1.44025e-07 5.1861e-08 1.77632e-08 5.79024e-09 1.79711e-09 5.31322e-10 1.49705e-10 4.02133e-11 1.0295e-11 2.48e-12 4.1752e-13 
0 2.28171e-12 9.90331e-12 3.91151e-11 1.46992e-10 5.26524e-10 1.79711e-09 5.84199e-09 1.80783e-08 5.32272e-08 1.49023e-07 3.9653e-07 1.00222e-06 2.4048e-06 5.4755e-06 1.18256e-05 2.42196e-05 4.70361e-05 8.66411e-05 0.000151472 0.000251645 0.000398064 0.000601307 0.000870883 0.00121557 0.00164518 0.00217325 0.00281955 0.00361069 0.00457818 0.00575425 0.00716712 0.00883783 0.0107796 0.0129993 0.0155002 0.0182833 0.0213468 0.0246839 0.02828 0.0321103 0.0361393 0.0403216 0.0446047 0.0489323 0.0532461 0.0574886 0.0616036 0.0655369 0.0692366 0.0726537 0.0757429 0.0784635 0.0807815 0.0826699 0.0841099 0.0850916 0.0856134 0.0856819 0.0853107 0.0845197 0.0833337 0.0817816 0.0798951 0.0777076 0.075254 0.0725694 0.069689 0.0666471 0.0634771 0.0602109 0.0568786 0.0535086 0.0501269 0.0467574 0.0434219 0.0401396 0.0369278 0.0338015 0.0307736 0.0278552 0.0250555 0.0223824 0.019842 0.0174392 0.0151779 0.0130609 0.0110901 0.00926674 0.00759158 0.00606479 0.00468622 0.00345545 0.00237187 0.00143478 0.000643445 -2.86046e-06 -0.000504791 -0.000862895 -0.00107759 -0.00114912 -0.00107759 -0.000862895 -0.000504791 -2.86046e-06 0.000643445 0.00143478 0.00237187 0.00345545 0.00468622 0.00606479 0.00759158 0.00926674 0.0110901 0.0130609 0.0151779 0.0174392 0.019842 0.0223824 0.0250555 0.0278552 0.0307736 0.0338015 0.0369278 0.0401396 0.0434219 0.0467574 0.0501269 0.0535086 0.0568786 0.0602109 0.0634771 0.0666471 0.069689 0.0725694 0.075254 0.0777076 0.0798951 0.0817816 0.0833337 0.0845197 0.0853107 0.0856819 0.0856134 0.0850916 0.0841099 0.0826699 0.0807815 0.0784635 0.0757429 0.0726537 0.0692366 0.0655369 0.0616036 0.0574886 0.0532461 0.0489323 0.0446047 0.0403216 0.0361393 0.0321103 0.02828 0.0246839 0.0213468 0.0182833 0.0155002 0.0129993 0.0107796 0.00883783 0.00716712 0.00575425 0.00457818 0.00361069 0.00281955 0.00217325 0.00164518 0.00121557 0.000870883 0.000601307 0.000398064 0.000251645 0.000151472 8.66411e-05 4.70361e-05 2.42196e-05 1.18256e-05 5.4755e-06 2.4048e-06 1.00222e-06 3.9653e-07 1.49023e-07 5.32272e-08 1.80783e-08 5.84199e-09 1.79711e-09 5.26523e-10 1.46986e-10 3.9085e-11 9.77211e-12 1.73965e-12 
0 8.87736e-12 3.72487e-11 1.41692e-10 5.12383e-10 1.76508e-09 5.79024e-09 1.80783e-08 5.36905e-08 1.51586e-07 4.06607e-07 1.03556e-06 2.50266e-06 5.73595e-06 1.24617e-05 2.56544e-05 5.0037e-05 9.24764e-05 0.000162045 0.000269541 0.000426453 0.00064373 0.00093107 0.00129755 0.00175387 0.00231562 0.00300578 0.00385486 0.00489779 0.00616861 0.00769543 0.00949786 0.0115878 0.0139723 0.0166565 0.0196438 0.0229339 0.0265195 0.0303817 0.0344894 0.0387992 0.0432582 0.047808 0.0523876 0.0569356 0.0613919 0.0656975 0.0697954 0.0736312 0.0771538 0.0803174 0.0830829 0.085419 0.0873035 0.0887233 0.0896743 0.0901602 0.0901922 0.0897875 0.0889682 0.0877604 0.0861935 0.0842993 0.0821111 0.0796635 0.0769912 0.0741289 0.0711109 0.0679699 0.0647372 0.0614423 0.0581125 0.0547728 0.0514459 0.048152 0.044909 0.0417329 0.0386373 0.035634 0.032733 0.0299429 0.0272706 0.024722 0.0223018 0.0200137 0.0178605 0.0158444 0.0139669 0.0122291 0.0106316 0.00917449 0.0078579 0.00668158 0.00564519 0.00474829 0.0039904 0.00337107 0.00288986 0.00254642 0.00234047 0.00227184 0.00234047 0.00254642 0.00288986 0.00337107 0.0039904 0.00474829 0.00564519 0.00668158 0.0078579 0.00917449 0.0106316 0.0122291 0.0139669 0.0158444 0.0178605 0.0200137 0.0223018 0.024722 0.0272706 0.0299429 0.032733 0.035634 0.0386373 0.0417329 0.044909 0.048152 0.0514459 0.0547728 0.0581125 0.0614423 0.0647372 0.0679699 0.0711109 0.0741289 0.0769912 0.0796635 0.0821111 0.0842993 0.0861935 0.0877604 0.0889682 0.0897875 0.0901922 0.0901602 0.0896743 0.0887233 0.0873035 0.085419 0.0830829 0.0803174 0.0771538 0.0736312 0.0697954 0.0656975 0.0613919 0.0569356 0.0523876 0.047808 0.0432582 0.0387992 0.0344894 0.0303817 0.0265195 0.0229339 0.0196438 0.0166565 0.0139723 0.0115878 0.00949786 0.00769543 0.00616861 0.00489779 0.00385486 0.00300578 0.00231562 0.00175387 0.00129755 0.00093107 0.00064373 0.000426453 0.000269541 0.000162045 9.24764e-05 5.0037e-05 2.56544e-05 1.24617e-05 5.73595e-06 2.50266e-06 1.03556e-06 4.06607e-07 1.51586e-07 5.36905e-08 1.80783e-08 5.79024e-09 1.76508e-09 5.12356e-10 1.41573e-10 3.67541e-11 6.92457e-12 
0 3.29583e-11 1.3368e-10 4.89559e-10 1.7027e-09 5.63771e-09 1.77632e-08 5.32272e-08 1.51586e-07 4.10022e-07 1.05264e-06 2.56324e-06 5.91626e-06 1.29362e-05 2.67836e-05 5.24953e-05 9.74057e-05 0.00017119 0.000285299 0.000451787 0.000681963 0.000985722 0.00137248 0.00185398 0.00244801 0.00318093 0.00408709 0.00520441 0.00656801 0.00820506 0.0101333 0.0123635 0.0149034 0.0177602 0.0209394 0.024441 0.0282543 0.0323545 0.0367027 0.0412483 0.0459327 0.0506936 0.0554673 0.0601897 0.0647973 0.0692268 0.0734165 0.0773079 0.0808477 0.0839902 0.0866994 0.0889494 0.090725 0.092021 0.0928407 0.093195 0.093101 0.0925806 0.0916598 0.0903674 0.088735 0.086796 0.0845847 0.0821361 0.0794851 0.0766659 0.0737114 0.0706527 0.0675192 0.0643377 0.0611326 0.0579262 0.054738 0.0515854 0.0484837 0.0454461 0.0424842 0.0396078 0.0368252 0.0341436 0.0315691 0.0291065 0.02676 0.0245329 0.0224279 0.020447 0.018592 0.0168639 0.0152636 0.0137915 0.0124481 0.0112335 0.0101474 0.00918998 0.00836087 0.00765986 0.00708673 0.00664123 0.00632317 0.00613239 0.00606881 0.00613239 0.00632317 0.00664123 0.00708673 0.00765986 0.00836087 0.00918998 0.0101474 0.0112335 0.0124481 0.0137915 0.0152636 0.0168639 0.018592 0.020447 0.0224279 0.0245329 0.02676 0.0291065 0.0315691 0.0341436 0.0368252 0.0396078 0.0424842 0.0454461 0.0484837 0.0515854 0.054738 0.0579262 0.0611326 0.0643377 0.0675192 0.0706527 0.0737114 0.0766659 0.0794851 0.0821361 0.0845847 0.086796 0.088735 0.0903674 0.0916598 0.0925806 0.093101 0.093195 0.0928407 0.092021 0.090725 0.0889494 0.0866994 0.0839902 0.0808477 0.0773079 0.0734165 0.0692268 0.0647973 0.0601897 0.0554673 0.0506936 0.0459327 0.0412483 0.0367027 0.0323545 0.0282543 0.024441 0.0209394 0.0177602 0.0149034 0.0123635 0.0101333 0.00820506 0.00656801 0.00520441 0.00408709 0.00318093 0.00244801 0.00185398 0.00137248 0.000985722 0.000681963 0.000451787 0.000285299 0.00017119 9.74057e-05 5.24953e-05 2.67836e-05 1.29362e-05 5.91626e-06 2.56324e-06 1.05264e-06 4.10022e-07 1.51586e-07 5.32272e-08 1.77632e-08 5.63768e-09 1.7026e-09 4.89117e-10 1.31918e-10 2.6327e-11 
0 1.16733e-10 4.57648e-10 1.61284e-09 5.39222e-09 1.71493e-08 5.1861e-08 1.49023e-07 4.06607e-07 1.05264e-06 2.58375e-06 6.00847e-06 1.32292e-05 2.75627e-05 5.43208e-05 0.000101262 0.000178623 0.00029848 0.00047344 0.000715176 0.0010338 0.00143914 0.00194404 0.00256863 0.00334273 0.0043044 0.00549417 0.00694765 0.00869058 0.0107388 0.0131027 0.0157914 0.0188147 0.0221793 0.0258833 0.0299104 0.0342278 0.0387886 0.0435357 0.0484063 0.0533358 0.058258 0.0631058 0.0678109 0.0723047 0.0765205 0.0803966 0.0838793 0.0869253 0.0895033 0.0915941 0.0931894 0.0942912 0.0949095 0.0950615 0.09477 0.0940623 0.0929697 0.0915262 0.0897681 0.0877327 0.0854576 0.0829798 0.0803349 0.0775565 0.0746759 0.0717216 0.0687195 0.0656923 0.0626606 0.059642 0.056652 0.0537043 0.0508105 0.0479806 0.0452234 0.0425463 0.0399555 0.0374565 0.0350537 0.032751 0.0305515 0.0284578 0.0264719 0.0245957 0.0228303 0.0211769 0.0196362 0.0182089 0.0168953 0.0156958 0.0146105 0.0136396 0.012783 0.0120407 0.0114128 0.0108992 0.0104998 0.0102145 0.0100434 0.00998634 0.0100434 0.0102145 0.0104998 0.0108992 0.0114128 0.0120407 0.012783 0.0136396 0.0146105 0.0156958 0.0168953 0.0182089 0.0196362 0.0211769 0.0228303 0.0245957 0.0264719 0.0284578 0.0305515 0.032751 0.0350537 0.0374565 0.0399555 0.0425463 0.0452234 0.0479806 0.0508105 0.0537043 0.056652 0.059642 0.0626606 0.0656923 0.0687195 0.0717216 0.0746759 0.0775565 0.0803349 0.0829798 0.0854576 0.0877327 0.0897681 0.0915262 0.0929697 0.0940623 0.09477 0.0950615 0.0949095 0.0942912 0.0931894 0.0915941 0.0895033 0.0869253 0.0838793 0.0803966 0.0765205 0.0723047 0.0678109 0.0631058 0.058258 0.0533358 0.0484063 0.0435357 0.0387886 0.0342278 0.0299104 0.0258833 0.0221793 0.0188147 0.0157914 0.0131027 0.0107388 0.00869058 0.00694765 0.00549417 0.0043044 0.00334273 0.00256863 0.00194404 0.00143914 0.0010338 0.000715176 0.00047344 0.00029848 0.000178623 0.000101262 5.43208e-05 2.75627e-05 1.32292e-05 6.00847e-06 2.58375e-06 1.05264e-06 4.06607e-07 1.49023e-07 5.18609e-08 1.71492e-08 5.39183e-09 1.61128e-09 4.51732e-10 9.55892e-11 
0 3.94322e-10 1.4941e-09 5.06482e-09 1.62674e-08 4.96606e-08 1.44025e-07 3.9653e-07 1.03556e-06 2.56324e-06 6.00847e-06 1.33283e-05 2.79603e-05 5.54447e-05 0.00010391 0.000184109 0.000308711 0.000490871 0.000742648 0.00107441 0.00149642 0.0020227 0.00267574 0.00348881 0.00450353 0.00576267 0.00730188 0.00914523 0.0113071 0.0137981 0.0166299 0.0198149 0.0233599 0.0272589 0.0314882 0.0360062 0.0407583 0.0456823 0.0507127 0.0557822 0.0608212 0.0657571 0.0705155 0.0750219 0.079206 0.0830055 0.0863694 0.0892594 0.0916506 0.0935302 0.0948962 0.0957561 0.0961251 0.0960258 0.0954866 0.0945413 0.0932276 0.0915863 0.0896596 0.0874899 0.0851186 0.0825848 0.0799248 0.0771715 0.0743541 0.0714983 0.0686261 0.0657568 0.0629065 0.0600889 0.0573157 0.0545965 0.0519394 0.0493512 0.0468373 0.0444024 0.0420502 0.0397835 0.0376048 0.0355161 0.0335189 0.0316144 0.0298037 0.0280875 0.0264666 0.0249414 0.0235126 0.0221805 0.0209456 0.0198082 0.0187686 0.0178271 0.016984 0.0162395 0.0155938 0.0150472 0.0145997 0.0142515 0.0140028 0.0138535 0.0138037 0.0138535 0.0140028 0.0142515 0.0145997 0.0150472 0.0155938 0.0162395 0.016984 0.0178271 0.0187686 0.0198082 0.0209456 0.0221805 0.0235126 0.0249414 0.0264666 0.0280875 0.0298037 0.0316144 0.0335189 0.0355161 0.0376048 0.0397835 0.0420502 0.0444024 0.0468373 0.0493512 0.0519394 0.0545965 0.0573157 0.0600889 0.0629065 0.0657568 0.0686261 0.0714983 0.0743541 0.0771715 0.0799248 0.0825848 0.0851186 0.0874899 0.0896596 0.0915863 0.0932276 0.0945413 0.0954866 0.0960258 0.0961251 0.0957561 0.0948962 0.0935302 0.0916506 0.0892594 0.0863694 0.0830055 0.079206 0.0750219 0.0705155 0.0657571 0.0608212 0.0557822 0.0507127 0.0456823 0.0407583 0.0360062 0.0314882 0.0272589 0.0233599 0.0198149 0.0166299 0.0137981 0.0113071 0.00914523 0.00730188 0.00576267 0.00450353 0.00348881 0.00267574 0.0020227 0.00149642 0.00107441 0.000742648 0.000490871 0.000308711 0.000184109 0.00010391 5.54447e-05 2.79603e-05 1.33283e-05 6.00847e-06 2.56324e-06 1.03556e-06 3.9653e-07 1.44025e-07 4.96602e-08 1.62661e-08 5.05964e-09 1.47546e-09 3.31385e-10 
0 1.27002e-09 4.65029e-09 1.51557e-08 4.67334e-08 1.36838e-07 3.8028e-07 1.00222e-06 2.50266e-06 5.91626e-06 1.32292e-05 2.79603e-05 5.58241e-05 0.000105259 0.000187473 0.0003157 0.000503644 0.000763786 0.0011068 0.00154339 0.00208878 0.00276774 0.00361691 0.00468127 0.00600554 0.00762511 0.00956239 0.0118307 0.0144421 0.0174112 0.0207527 0.0244724 0.0285583 0.032978 0.0376814 0.0426079 0.0476918 0.052865 0.0580563 0.0631902 0.0681866 0.0729634 0.0774413 0.0815486 0.0852254 0.0884256 0.0911175 0.0932823 0.0949128 0.0960123 0.096593 0.0966757 0.0962891 0.0954687 0.0942558 0.0926956 0.0908356 0.0887232 0.0864048 0.0839239 0.0813205 0.0786305 0.0758854 0.0731125 0.0703352 0.0675731 0.0648426 0.0621571 0.0595273 0.0569618 0.0544668 0.0520473 0.0497065 0.0474466 0.045269 0.0431741 0.041162 0.0392325 0.0373852 0.0356194 0.0339348 0.0323308 0.0308072 0.0293636 0.0280001 0.0267166 0.0255133 0.0243904 0.0233483 0.0223874 0.0215081 0.0207108 0.0199959 0.019364 0.0188154 0.0183505 0.0179697 0.0176731 0.0174612 0.0173339 0.0172915 0.0173339 0.0174612 0.0176731 0.0179697 0.0183505 0.0188154 0.019364 0.0199959 0.0207108 0.0215081 0.0223874 0.0233483 0.0243904 0.0255133 0.0267166 0.0280001 0.0293636 0.0308072 0.0323308 0.0339348 0.0356194 0.0373852 0.0392325 0.041162 0.0431741 0.045269 0.0474466 0.0497065 0.0520473 0.0544668 0.0569618 0.0595273 0.0621571 0.0648426 0.0675731 0.0703352 0.0731125 0.0758854 0.0786305 0.0813205 0.0839239 0.0864048 0.0887232 0.0908356 0.0926956 0.0942558 0.0954687 0.0962891 0.0966757 0.096593 0.0960123 0.0949128 0.0932823 0.0911175 0.0884256 0.0852254 0.0815486 0.0774413 0.0729634 0.0681866 0.0631902 0.0580563 0.052865 0.0476918 0.0426079 0.0376814 0.032978 0.0285583 0.0244724 0.0207527 0.0174112 0.0144421 0.0118307 0.00956239 0.00762511 0.00600554 0.00468127 0.00361691 0.00276774 0.00208878 0.00154339 0.0011068 0.000763786 0.000503644 0.0003157 0.000187473 0.000105259 5.58241e-05 2.79603e-05 1.32292e-05 5.91626e-06 2.50266e-06 1.00222e-06 3.8028e-07 1.36837e-07 4.67289e-08 1.51396e-08 4.59551e-09 1.0967e-09 
0 3.89893e-09 1.37944e-08 4.32003e-08 1.27799e-07 3.58628e-07 9.54166e-07 2.4048e-06 5.73595e-06 1.29362e-05 2.75627e-05 5.54447e-05 0.000105259 0.000188607 0.000319245 0.000511439 0.000778134 0.00113036 0.0015793 0.00214126 0.0028432 0.00372492 0.0048346 0.00621868 0.00791219 0.00993604 0.0123032 0.0150276 0.0181276 0.0216198 0.0255069 0.0297699 0.0343673 0.039242 0.044329 0.0495604 0.054865 0.0601654 0.0653776 0.0704123 0.0751806 0.0796001 0.0836004 0.0871259 0.0901362 0.0926048 0.0945178 0.0958725 0.0966768 0.096949 0.0967173 0.096019 0.0948985 0.0934053 0.0915918 0.0895104 0.0872123 0.0847451 0.0821529 0.0794751 0.0767464 0.0739973 0.0712537 0.0685375 0.0658669 0.0632564 0.0607172 0.0582575 0.0558829 0.0535969 0.0514007 0.0492944 0.0472769 0.045346 0.0434994 0.0417345 0.0400484 0.0384385 0.0369025 0.0354383 0.034044 0.0327183 0.03146 0.0302683 0.0291427 0.0280829 0.0270889 0.0261608 0.0252987 0.0245032 0.0237745 0.0231132 0.0225198 0.0219948 0.0215387 0.0211519 0.0208348 0.0205878 0.0204112 0.0203052 0.0202698 0.0203052 0.0204112 0.0205878 0.0208348 0.0211519 0.0215387 0.0219948 0.0225198 0.0231132 0.0237745 0.0245032 0.0252987 0.0261608 0.0270889 0.0280829 0.0291427 0.0302683 0.03146 0.0327183 0.034044 0.0354383 0.0369025 0.0384385 0.0400484 0.0417345 0.0434994 0.045346 0.0472769 0.0492944 0.0514007 0.0535969 0.0558829 0.0582575 0.0607172 0.0632564 0.0658669 0.0685375 0.0712537 0.0739973 0.0767464 0.0794751 0.0821529 0.0847451 0.0872123 0.0895104 0.0915918 0.0934053 0.0948985 0.096019 0.0967173 0.096949 0.0966768 0.0958725 0.0945178 0.0926048 0.0901362 0.0871259 0.0836004 0.0796001 0.0751806 0.0704123 0.0653776 0.0601654 0.054865 0.0495604 0.044329 0.039242 0.0343673 0.0297699 0.0255069 0.0216198 0.0181276 0.0150276 0.0123032 0.00993604 0.00791219 0.00621868 0.0048346 0.00372492 0.0028432 0.00214126 0.0015793 0.00113036 0.000778134 0.000511439 0.000319245 0.000188607 0.000105259 5.54447e-05 2.75627e-05 1.29362e-05 5.73595e-06 2.4048e-06 9.54165e-07 3.58624e-07 1.27785e-07 4.31535e-08 1.36457e-08 3.46407e-09 
0 1.14056e-08 3.89868e-08 1.1726e-07 3.32552e-07 8.93607e-07 2.27408e-06 5.4755e-06 1.24617e-05 2.67836e-05 5.43208e-05 0.00010391 0.000187473 0.000319245 0.000514059 0.000785386 0.00114467 0.00160356 0.00217933 0.00290091 0.00381102 0.0049608 0.0063984 0.00815855 0.0102609 0.0127187 0.0155484 0.0187722 0.0224076 0.0264534 0.0308822 0.0356442 0.040677 0.0459135 0.0512834 0.0567105 0.0621092 0.0673847 0.0724389 0.0771782 0.0815199 0.0853968 0.0887577 0.0915661 0.0937989 0.0954452 0.0965065 0.0969969 0.0969431 0.096383 0.0953642 0.0939402 0.0921683 0.0901058 0.0878086 0.0853291 0.0827157 0.080012 0.0772573 0.0744859 0.0717276 0.0690074 0.0663461 0.0637599 0.061261 0.0588578 0.0565555 0.0543562 0.0522601 0.0502652 0.0483685 0.0465662 0.0448537 0.0432265 0.0416801 0.0402102 0.0388126 0.0374838 0.0362205 0.0350199 0.0338796 0.0327977 0.0317725 0.030803 0.0298881 0.0290273 0.0282202 0.0274666 0.0267667 0.0261207 0.0255287 0.0249912 0.0245087 0.0240815 0.0237102 0.0233951 0.0231368 0.0229354 0.0227914 0.0227049 0.0226761 0.0227049 0.0227914 0.0229354 0.0231368 0.0233951 0.0237102 0.0240815 0.0245087 0.0249912 0.0255287 0.0261207 0.0267667 0.0274666 0.0282202 0.0290273 0.0298881 0.030803 0.0317725 0.0327977 0.0338796 0.0350199 0.0362205 0.0374838 0.0388126 0.0402102 0.0416801 0.0432265 0.0448537 0.0465662 0.0483685 0.0502652 0.0522601 0.0543562 0.0565555 0.0588578 0.061261 0.0637599 0.0663461 0.0690074 0.0717276 0.0744859 0.0772573 0.080012 0.0827157 0.0853291 0.0878086 0.0901058 0.0921683 0.0939402 0.0953642 0.096383 0.0969431 0.0969969 0.0965065 0.0954452 0.0937989 0.0915661 0.0887577 0.0853968 0.0815199 0.0771782 0.0724389 0.0673847 0.0621092 0.0567105 0.0512834 0.0459135 0.040677 0.0356442 0.0308822 0.0264534 0.0224076 0.0187722 0.0155484 0.0127187 0.0102609 0.00815855 0.0063984 0.0049608 0.00381102 0.00290091 0.00217933 0.00160356 0.00114467 0.000785386 0.000514059 0.000319245 0.000187473 0.00010391 5.43208e-05 2.67836e-05 1.24617e-05 5.4755e-06 2.27408e-06 8.93596e-07 3.32513e-07 1.17135e-07 3.86198e-08 1.04411e-08 
0 3.17831e-08 1.04953e-07 3.02997e-07 8.23151e-07 2.11619e-06 5.1461e-06 1.18256e-05 2.56544e-05 5.24953e-05 0.000101262 0.000184109 0.0003157 0.000511439 0.000785386 0.00114947 0.00161579 0.00220242 0.00293993 0.00387366 0.00505758 0.00654157 0.00836032 0.0105327 0.0130723 0.015999 0.0193384 0.0231083 0.0273024 0.0318848 0.0367985 0.041978 0.0473549 0.0528561 0.058398 0.063884 0.0692088 0.0742672 0.0789637 0.0832177 0.0869652 0.0901576 0.0927602 0.094751 0.0961223 0.0968815 0.0970513 0.0966689 0.0957833 0.0944514 0.0927344 0.0906947 0.0883929 0.0858868 0.0832302 0.0804726 0.0776588 0.0748285 0.0720165 0.0692519 0.0665584 0.0639542 0.0614524 0.0590617 0.0567867 0.0546288 0.0525868 0.0506578 0.0488373 0.0471204 0.0455013 0.0439743 0.0425336 0.0411737 0.0398892 0.0386752 0.037527 0.0364405 0.0354119 0.0344381 0.0335161 0.0326436 0.0318187 0.0310397 0.0303055 0.0296151 0.0289681 0.0283641 0.027803 0.0272848 0.0268099 0.0263784 0.0259908 0.0256474 0.0253488 0.0250952 0.0248872 0.0247251 0.024609 0.0245393 0.0245161 0.0245393 0.024609 0.0247251 0.0248872 0.0250952 0.0253488 0.0256474 0.0259908 0.0263784 0.0268099 0.0272848 0.027803 0.0283641 0.0289681 0.0296151 0.0303055 0.0310397 0.0318187 0.0326436 0.0335161 0.0344381 0.0354119 0.0364405 0.037527 0.0386752 0.0398892 0.0411737 0.0425336 0.0439743 0.0455013 0.0471204 0.0488373 0.0506578 0.0525868 0.0546288 0.0567867 0.0590617 0.0614524 0.0639542 0.0665584 0.0692519 0.0720165 0.0748285 0.0776588 0.0804726 0.0832302 0.0858868 0.0883929 0.0906947 0.0927344 0.0944514 0.0957833 0.0966689 0.0970513 0.0968815 0.0961223 0.094751 0.0927602 0.0901576 0.0869652 0.0832177 0.0789637 0.0742672 0.0692088 0.063884 0.058398 0.0528561 0.0473549 0.041978 0.0367985 0.0318848 0.0273024 0.0231083 0.0193384 0.015999 0.0130723 0.0105327 0.00836032 0.00654157 0.00505758 0.00387366 0.00293993 0.00220242 0.00161579 0.00114947 0.000785386 0.000511439 0.0003157 0.000184109 0.000101262 5.24953e-05 2.56544e-05 1.18256e-05 5.1461e-06 2.11616e-06 8.23047e-07 3.02693e-07 1.04158e-07 3.00255e-08 
0 8.43439e-08 2.6904e-07 7.45122e-07 1.93758e-06 4.76141e-06 1.10538e-05 2.42196e-05 5.0037e-05 9.74057e-05 0.000178623 0.000308711 0.000503644 0.000778134 0.00114467 0.00161579 0.00221016 0.00295961 0.00391171 0.00512313 0.00664567 0.00851438 0.0107477 0.0133601 0.0163746 0.0198202 0.0237146 0.0280454 0.0327687 0.037822 0.0431383 0.0486485 0.0542747 0.0599234 0.065486 0.0708477 0.0758995 0.0805464 0.0847103 0.0883288 0.0913533 0.0937486 0.0954944 0.0965881 0.0970456 0.0969006 0.0962013 0.0950061 0.0933791 0.0913864 0.0890936 0.0865639 0.0838576 0.0810314 0.0781371 0.0752215 0.0723252 0.0694825 0.0667204 0.0640596 0.0615146 0.0590944 0.0568036 0.0546433 0.0526118 0.0507055 0.0489196 0.0472481 0.0456847 0.0442226 0.0428551 0.0415753 0.0403767 0.0392528 0.0381978 0.0372059 0.0362722 0.035392 0.0345614 0.0337769 0.0330355 0.0323348 0.0316728 0.031048 0.0304593 0.0299057 0.0293868 0.0289022 0.0284519 0.028036 0.0276546 0.0273079 0.0269965 0.0267205 0.0264803 0.0262764 0.0261091 0.0259787 0.0258853 0.0258292 0.0258105 0.0258292 0.0258853 0.0259787 0.0261091 0.0262764 0.0264803 0.0267205 0.0269965 0.0273079 0.0276546 0.028036 0.0284519 0.0289022 0.0293868 0.0299057 0.0304593 0.031048 0.0316728 0.0323348 0.0330355 0.0337769 0.0345614 0.035392 0.0362722 0.0372059 0.0381978 0.0392528 0.0403767 0.0415753 0.0428551 0.0442226 0.0456847 0.0472481 0.0489196 0.0507055 0.0526118 0.0546433 0.0568036 0.0590944 0.0615146 0.0640596 0.0667204 0.0694825 0.0723252 0.0752215 0.0781371 0.0810314 0.0838576 0.0865639 0.0890936 0.0913864 0.0933791 0.0950061 0.0962013 0.0969006 0.0970456 0.0965881 0.0954944 0.0937486 0.0913533 0.0883288 0.0847103 0.0805464 0.0758995 0.0708477 0.065486 0.0599234 0.0542747 0.0486485 0.0431383 0.037822 0.0327687 0.0280454 0.0237146 0.0198202 0.0163746 0.0133601 0.0107477 0.00851438 0.00664567 0.00512313 0.00391171 0.00295961 0.00221016 0.00161579 0.00114467 0.000778134 0.000503644 0.000308711 0.000178623 9.74057e-05 5.0037e-05 2.42196e-05 1.10538e-05 4.76132e-06 1.93733e-06 7.44479e-07 2.67648e-07 8.23656e-08 
0 2.13092e-07 6.56565e-07 1.74351e-06 4.33615e-06 1.01766e-05 2.25342e-05 4.70361e-05 9.24764e-05 0.00017119 0.00029848 0.000490871 0.000763786 0.00113036 0.00160356 0.00220242 0.00295961 0.00392448 0.00515622 0.00670888 0.0086184 0.0109032 0.0135788 0.0166711 0.0202125 0.0242198 0.028675 0.0335268 0.0387085 0.044153 0.0497903 0.0555354 0.0612828 0.066912 0.0723017 0.0773415 0.0819383 0.086015 0.0895078 0.0923658 0.0945535 0.0960546 0.0968746 0.0970403 0.0965964 0.0956005 0.0941174 0.0922157 0.0899649 0.087434 0.0846903 0.0817981 0.078818 0.0758043 0.0728049 0.0698594 0.0669992 0.064248 0.0616224 0.0591328 0.0567849 0.0545804 0.0525182 0.0505949 0.0488055 0.0471438 0.0456025 0.044174 0.04285 0.0416222 0.0404825 0.0394229 0.0384359 0.0375147 0.0366528 0.0358446 0.0350853 0.0343705 0.0336966 0.0330605 0.0324598 0.0318924 0.0313566 0.0308512 0.0303753 0.0299282 0.0295094 0.0291186 0.0287557 0.0284208 0.0281138 0.027835 0.0275847 0.0273629 0.0271701 0.0270064 0.0268721 0.0267674 0.0266925 0.0266475 0.0266325 0.0266475 0.0266925 0.0267674 0.0268721 0.0270064 0.0271701 0.0273629 0.0275847 0.027835 0.0281138 0.0284208 0.0287557 0.0291186 0.0295094 0.0299282 0.0303753 0.0308512 0.0313566 0.0318924 0.0324598 0.0330605 0.0336966 0.0343705 0.0350853 0.0358446 0.0366528 0.0375147 0.0384359 0.0394229 0.0404825 0.0416222 0.04285 0.044174 0.0456025 0.0471438 0.0488055 0.0505949 0.0525182 0.0545804 0.0567849 0.0591328 0.0616224 0.064248 0.0669992 0.0698594 0.0728049 0.0758043 0.078818 0.0817981 0.0846903 0.087434 0.0899649 0.0922157 0.0941174 0.0956005 0.0965964 0.0970403 0.0968746 0.0960546 0.0945535 0.0923658 0.0895078 0.086015 0.0819383 0.0773415 0.0723017 0.066912 0.0612828 0.0555354 0.0497903 0.044153 0.0387085 0.0335268 0.028675 0.0242198 0.0202125 0.0166711 0.0135788 0.0109032 0.0086184 0.00670888 0.00515622 0.00392448 0.00295961 0.00220242 0.00160356 0.00113036 0.000763786 0.000490871 0.00029848 0.00017119 9.24764e-05 4.70361e-05 2.25341e-05 1.01764e-05 4.33564e-06 1.74243e-06 6.55212e-07 2.15505e-07 
0 5.12422e-07 1.52509e-06 3.88115e-06 9.22496e-06 2.06597e-05 4.35998e-05 8.66411e-05 0.000162045 0.000285299 0.00047344 0.000742648 0.0011068 0.0015793 0.00217933 0.00293993 0.00391171 0.00515622 0.00673007 0.00867079 0.0109973 0.0137259 0.0168853 0.0205107 0.0246185 0.0291855 0.0341535 0.0394532 0.0450183 0.0507768 0.0566346 0.0624728 0.0681609 0.0735737 0.0786019 0.083153 0.0871479 0.0905189 0.0932122 0.0951944 0.0964564 0.0970142 0.0969057 0.0961844 0.0949137 0.0931629 0.0910042 0.0885117 0.0857596 0.082821 0.0797652 0.0766553 0.0735465 0.0704846 0.0675063 0.0646389 0.0619024 0.0593099 0.0568694 0.0545847 0.0524561 0.050481 0.0486547 0.0469705 0.0454203 0.0439949 0.0426846 0.0414794 0.0403695 0.0393455 0.0383986 0.0375208 0.0367049 0.0359446 0.0352342 0.0345691 0.0339451 0.0333586 0.0328067 0.0322868 0.0317968 0.031335 0.0308998 0.0304901 0.0301051 0.0297439 0.0294061 0.0290914 0.0287994 0.0285301 0.0282836 0.0280598 0.0278589 0.027681 0.0275264 0.0273951 0.0272875 0.0272036 0.0271435 0.0271075 0.0270954 0.0271075 0.0271435 0.0272036 0.0272875 0.0273951 0.0275264 0.027681 0.0278589 0.0280598 0.0282836 0.0285301 0.0287994 0.0290914 0.0294061 0.0297439 0.0301051 0.0304901 0.0308998 0.031335 0.0317968 0.0322868 0.0328067 0.0333586 0.0339451 0.0345691 0.0352342 0.0359446 0.0367049 0.0375208 0.0383986 0.0393455 0.0403695 0.0414794 0.0426846 0.0439949 0.0454203 0.0469705 0.0486547 0.050481 0.0524561 0.0545847 0.0568694 0.0593099 0.0619024 0.0646389 0.0675063 0.0704846 0.0735465 0.0766553 0.0797652 0.082821 0.0857596 0.0885117 0.0910042 0.0931629 0.0949137 0.0961844 0.0969057 0.0970142 0.0964564 0.0951944 0.0932122 0.0905189 0.0871479 0.083153 0.0786019 0.0735737 0.0681609 0.0624728 0.0566346 0.0507768 0.0450183 0.0394532 0.0341535 0.0291855 0.0246185 0.0205107 0.0168853 0.0137259 0.0109973 0.00867079 0.00673007 0.00515622 0.00391171 0.00293993 0.00217933 0.0015793 0.0011068 0.000742648 0.00047344 0.000285299 0.000162045 8.66411e-05 4.35996e-05 2.06593e-05 9.22415e-06 3.8803e-06 1.52803e-06 5.37758e-07 
