0 0 0 0 0 0 0 0 0 0 0 0 0 0 0 0 0 0 0 0 0 0 0 0 0 0 0 0 0 0 0 0 0 0 0 0 0 0 0 0 0 0 0 0 0 0 0 0 0 0 0 0 0 0 0 0 0 0 0 0 0 0 0 0 0 0 0 0 0 0 0 0 0 0 0 0 0 0 0 0 0 0 0 0 0 0 0 0 0 0 0 0 0 0 0 0 0 0 0 0 0 0 0 0 0 0 0 0 0 0 0 0 0 0 0 0 0 0 0 0 0 0 0 0 0 0 0 0 0 0 0 0 0 0 0 0 0 0 0 0 0 0 0 0 0 0 0 0 0 0 0 0 0 0 0 0 0 0 0 0 0 0 0 0 0 0 0 0 0 0 0 0 0 0 0 0 0 0 0 0 0 0 0 0 0 0 0 0 0 0 0 0 0 0 0 0 0 0 0 0 
0 8.59496e-07 2.31475e-06 5.21709e-06 1.09491e-05 2.17078e-05 4.07236e-05 7.22762e-05 0.000121342 0.000192796 0.000290324 0.000415562 0.000568217 0.000747757 0.000956513 0.00120282 0.00150209 0.00187402 0.00233638 0.00289788 0.00355443 0.00429121 0.00508962 0.00593504 0.00682027 0.00774272 0.00869696 0.00966751 0.010626 0.0115343 0.0123517 0.0130422 0.0135797 0.0139474 0.0141355 0.014137 0.0139454 0.0135549 0.0129621 0.0121696 0.011188 0.0100368 0.00874302 0.00733868 0.00585766 0.00433289 0.00279447 0.00126882 -0.000221259 -0.00165615 -0.00301878 -0.00429428 -0.00546992 -0.00653529 -0.00748269 -0.00830749 -0.00900829 -0.00958688 -0.010048 -0.0103987 -0.010648 -0.0108059 -0.0108831 -0.01089 -0.0108368 -0.0107331 -0.0105875 -0.0104078 -0.010201 -0.00997322 -0.00972976 -0.00947537 -0.00921419 -0.00894981 -0.00868536 -0.00842353 -0.00816662 -0.00791654 -0.00767486 -0.00744286 -0.00722151 -0.00701152 -0.00681341 -0.00662746 -0.00645383 -0.00629251 -0.00614341 -0.00600635 -0.00588107 -0.00576731 -0.00566476 -0.0055731 -0.00549204 -0.00542128 -0.00536054 -0.00530959 -0.00526819 -0.00523619 -0.00521343 -0.00519982 -0.00519529 -0.00519982 -0.00521343 -0.00523619 -0.00526819 -0.00530959 -0.00536054 -0.00542128 -0.00549204 -0.0055731 -0.00566476 -0.00576731 -0.00588107 -0.00600635 -0.00614341 -0.00629251 -0.00645383 -0.00662746 -0.00681341 -0.00701152 -0.00722151 -0.00744286 -0.00767486 -0.00791654 -0.00816662 -0.00842353 -0.00868536 -0.00894981 -0.00921419 -0.00947537 -0.00972976 -0.00997322 -0.010201 -0.0104078 -0.0105875 -0.0107331 -0.0108368 -0.01089 -0.0108831 -0.0108059 -0.010648 -0.0103987 -0.010048 -0.00958688 -0.00900829 -0.00830749 -0.00748269 -0.00653529 -0.00546992 -0.00429428 -0.00301878 -0.00165615 -0.000221259 0.00126882 0.00279447 0.00433289 0.00585766 0.00733868 0.00874302 0.0100368 0.011188 0.0121696 0.0129621 0.0135549 0.0139454 0.014137 0.0141355 0.0139474 0.0135797 0.0130422 0.0123517 0.0115343 0.010626 0.00966751 0.00869696 0.00774272 0.00682027 0.00593504 0.00508962 0.00429121 0.00355443 0.00289788 0.00233638 0.00187402 0.00150209 0.00120282 0.000956513 0.000747757 0.000568217 0.000415562 0.000290324 0.000192796 0.000121342 7.22759e-05 4.0723e-05 2.17063e-05 1.09464e-05 5.21418e-06 2.31956e-06 9.04756e-07 
0 2.31475e-06 6.09383e-06 1.33437e-05 2.71603e-05 5.22242e-05 9.50825e-05 0.000163973 0.00026798 0.000415552 0.00061289 0.000863182 0.00116777 0.00152965 0.00195815 0.00247236 0.00310031 0.00387279 0.00481399 0.00593352 0.00722419 0.00866675 0.0102381 0.0119177 0.0136884 0.0155311 0.0174181 0.0193083 0.0211478 0.0228746 0.0244258 0.0257433 0.026778 0.0274897 0.0278472 0.0278271 0.0274142 0.0266029 0.0253981 0.0238166 0.0218867 0.0196476 0.017147 0.0144385 0.0115786 0.00862476 0.00563296 0.00265609 -0.000257209 -0.00306358 -0.00572559 -0.00821223 -0.0104992 -0.0125688 -0.0144099 -0.0160177 -0.0173925 -0.0185397 -0.0194685 -0.0201916 -0.0207237 -0.0210814 -0.0212821 -0.0213437 -0.0212839 -0.0211199 -0.0208682 -0.020544 -0.0201618 -0.0197343 -0.0192731 -0.0187885 -0.0182895 -0.0177838 -0.0172779 -0.0167773 -0.0162865 -0.0158093 -0.0153485 -0.0149063 -0.0144845 -0.0140842 -0.0137062 -0.013351 -0.0130188 -0.0127095 -0.0124231 -0.0121591 -0.0119172 -0.011697 -0.011498 -0.0113197 -0.0111617 -0.0110234 -0.0109045 -0.0108045 -0.0107233 -0.0106603 -0.0106155 -0.0105887 -0.0105798 -0.0105887 -0.0106155 -0.0106603 -0.0107233 -0.0108045 -0.0109045 -0.0110234 -0.0111617 -0.0113197 -0.011498 -0.011697 -0.0119172 -0.0121591 -0.0124231 -0.0127095 -0.0130188 -0.013351 -0.0137062 -0.0140842 -0.0144845 -0.0149063 -0.0153485 -0.0158093 -0.0162865 -0.0167773 -0.0172779 -0.0177838 -0.0182895 -0.0187885 -0.0192731 -0.0197343 -0.0201618 -0.020544 -0.0208682 -0.0211199 -0.0212839 -0.0213437 -0.0212821 -0.0210814 -0.0207237 -0.0201916 -0.0194685 -0.0185397 -0.0173925 -0.0160177 -0.0144099 -0.0125688 -0.0104992 -0.00821223 -0.00572559 -0.00306358 -0.000257209 0.00265609 0.00563296 0.00862476 0.0115786 0.0144385 0.017147 0.0196476 0.0218867 0.0238166 0.0253981 0.0266029 0.0274142 0.0278271 0.0278472 0.0274897 0.026778 0.0257433 0.0244258 0.0228746 0.0211478 0.0193083 0.0174181 0.0155311 0.0136884 0.0119177 0.0102381 0.00866675 0.00722419 0.00593352 0.00481399 0.00387279 0.00310031 0.00247236 0.00195815 0.00152965 0.00116777 0.000863182 0.000612889 0.000415552 0.00026798 0.000163973 9.50809e-05 5.22212e-05 2.71567e-05 1.33476e-05 6.14038e-06 2.52217e-06 
0 5.21709e-06 1.33437e-05 2.81444e-05 5.50149e-05 0.000101524 0.000177478 0.000294258 0.000463429 0.000695047 0.000996642 0.00137401 0.00183428 0.00239031 0.00306399 0.00388566 0.00488872 0.00610171 0.00754173 0.00921302 0.0111101 0.0132222 0.0155339 0.0180227 0.0206532 0.0233757 0.0261273 0.0288379 0.0314349 0.0338468 0.0360025 0.0378317 0.0392648 0.0402364 0.0406914 0.0405899 0.0399119 0.038658 0.036848 0.0345172 0.0317131 0.0284918 0.0249159 0.0210539 0.0169784 0.0127654 0.00849168 0.0042328 5.98469e-05 -0.00396318 -0.00778151 -0.0113509 -0.014638 -0.0176199 -0.0202836 -0.0226241 -0.0246434 -0.0263492 -0.0277538 -0.028873 -0.0297254 -0.0303316 -0.0307137 -0.0308947 -0.030898 -0.0307469 -0.030464 -0.0300709 -0.0295879 -0.0290338 -0.0284254 -0.0277779 -0.0271046 -0.026417 -0.0257248 -0.0250362 -0.0243579 -0.0236955 -0.0230533 -0.0224348 -0.0218426 -0.0212786 -0.0207442 -0.0202403 -0.0197675 -0.0193259 -0.0189156 -0.0185364 -0.0181879 -0.0178699 -0.0175817 -0.017323 -0.0170931 -0.0168917 -0.0167182 -0.0165721 -0.0164532 -0.016361 -0.0162954 -0.0162561 -0.016243 -0.0162561 -0.0162954 -0.016361 -0.0164532 -0.0165721 -0.0167182 -0.0168917 -0.0170931 -0.017323 -0.0175817 -0.0178699 -0.0181879 -0.0185364 -0.0189156 -0.0193259 -0.0197675 -0.0202403 -0.0207442 -0.0212786 -0.0218426 -0.0224348 -0.0230533 -0.0236955 -0.0243579 -0.0250362 -0.0257248 -0.026417 -0.0271046 -0.0277779 -0.0284254 -0.0290338 -0.0295879 -0.0300709 -0.030464 -0.0307469 -0.030898 -0.0308947 -0.0307137 -0.0303316 -0.0297254 -0.028873 -0.0277538 -0.0263492 -0.0246434 -0.0226241 -0.0202836 -0.0176199 -0.014638 -0.0113509 -0.00778151 -0.00396318 5.98469e-05 0.0042328 0.00849168 0.0127654 0.0169784 0.0210539 0.0249159 0.0284918 0.0317131 0.0345172 0.036848 0.038658 0.0399119 0.0405899 0.0406914 0.0402364 0.0392648 0.0378317 0.0360025 0.0338468 0.0314349 0.0288379 0.0261273 0.0233757 0.0206532 0.0180227 0.0155339 0.0132222 0.0111101 0.00921302 0.00754173 0.00610171 0.00488872 0.00388566 0.00306399 0.00239031 0.00183428 0.00137401 0.000996642 0.000695046 0.000463428 0.000294256 0.000177475 0.000101522 5.50203e-05 2.8194e-05 1.35589e-05 5.95086e-06 
0 1.09491e-05 2.71603e-05 5.50149e-05 0.000102879 0.000181431 0.000303201 0.000481316 0.000727927 0.00105334 0.00146698 0.00198067 0.00261287 0.00339132 0.00435113 0.00552814 0.00695062 0.00863468 0.0105861 0.0128068 0.0152991 0.0180626 0.021085 0.0243318 0.0277431 0.0312387 0.0347293 0.0381254 0.0413419 0.0442967 0.0469068 0.0490873 0.0507536 0.0518288 0.0522505 0.0519779 0.0509942 0.0493063 0.0469417 0.0439453 0.0403757 0.0363024 0.0318039 0.0269656 0.021878 0.0166336 0.0113243 0.00603824 0.000856922 -0.00414689 -0.00891082 -0.0133837 -0.0175258 -0.0213082 -0.0247126 -0.0277301 -0.03036 -0.0326091 -0.0344901 -0.0360209 -0.0372232 -0.0381217 -0.0387429 -0.0391143 -0.0392638 -0.0392189 -0.0390062 -0.0386508 -0.0381765 -0.0376051 -0.0369565 -0.0362486 -0.0354976 -0.0347175 -0.0339207 -0.0331178 -0.0323179 -0.0315286 -0.0307564 -0.0300065 -0.0292832 -0.0285897 -0.0279287 -0.0273022 -0.0267114 -0.0261574 -0.0256407 -0.0251616 -0.0247201 -0.024316 -0.023949 -0.0236188 -0.023325 -0.0230671 -0.0228446 -0.0226572 -0.0225044 -0.0223859 -0.0223015 -0.0222509 -0.0222341 -0.0222509 -0.0223015 -0.0223859 -0.0225044 -0.0226572 -0.0228446 -0.0230671 -0.023325 -0.0236188 -0.023949 -0.024316 -0.0247201 -0.0251616 -0.0256407 -0.0261574 -0.0267114 -0.0273022 -0.0279287 -0.0285897 -0.0292832 -0.0300065 -0.0307564 -0.0315286 -0.0323179 -0.0331178 -0.0339207 -0.0347175 -0.0354976 -0.0362486 -0.0369565 -0.0376051 -0.0381765 -0.0386508 -0.0390062 -0.0392189 -0.0392638 -0.0391143 -0.0387429 -0.0381217 -0.0372232 -0.0360209 -0.0344901 -0.0326091 -0.03036 -0.0277301 -0.0247126 -0.0213082 -0.0175258 -0.0133837 -0.00891082 -0.00414689 0.000856922 0.00603824 0.0113243 0.0166336 0.021878 0.0269656 0.0318039 0.0363024 0.0403757 0.0439453 0.0469417 0.0493063 0.0509942 0.0519779 0.0522505 0.0518288 0.0507536 0.0490873 0.0469068 0.0442967 0.0413419 0.0381254 0.0347293 0.0312387 0.0277431 0.0243318 0.021085 0.0180626 0.0152991 0.0128068 0.0105861 0.00863468 0.00695062 0.00552814 0.00435113 0.00339132 0.00261287 0.00198067 0.00146698 0.00105334 0.000727926 0.000481314 0.000303199 0.000181438 0.000102932 5.52363e-05 2.79072e-05 1.31566e-05 
0 2.17078e-05 5.22242e-05 0.000101524 0.000181431 0.000305442 0.000487655 0.000741312 0.00107808 0.00150937 0.00205003 0.00272308 0.00356222 0.00460895 0.00590423 0.00747875 0.00934831 0.0115177 0.0139897 0.016771 0.0198684 0.0232768 0.0269672 0.0308825 0.0349427 0.0390554 0.0431236 0.0470485 0.0507294 0.0540628 0.0569452 0.0592789 0.0609781 0.0619742 0.0622183 0.0616817 0.0603549 0.0582471 0.0553867 0.0518211 0.0476156 0.042852 0.0376243 0.0320342 0.0261864 0.0201838 0.0141242 0.00809817 0.00218787 -0.00353384 -0.0090035 -0.0141673 -0.0189814 -0.0234119 -0.0274352 -0.0310376 -0.034215 -0.0369716 -0.0393193 -0.0412761 -0.0428647 -0.0441112 -0.0450436 -0.0456912 -0.0460833 -0.0462488 -0.0462155 -0.0460101 -0.0456574 -0.0451808 -0.0446017 -0.04394 -0.0432136 -0.0424386 -0.0416297 -0.0407995 -0.0399594 -0.0391192 -0.0382873 -0.0374709 -0.0366758 -0.0359072 -0.0351689 -0.0344642 -0.0337957 -0.0331652 -0.0325741 -0.0320234 -0.0315137 -0.0310455 -0.0306189 -0.0302338 -0.0298902 -0.0295879 -0.0293265 -0.0291059 -0.0289259 -0.0287861 -0.0286864 -0.0286266 -0.0286067 -0.0286266 -0.0286864 -0.0287861 -0.0289259 -0.0291059 -0.0293265 -0.0295879 -0.0298902 -0.0302338 -0.0306189 -0.0310455 -0.0315137 -0.0320234 -0.0325741 -0.0331652 -0.0337957 -0.0344642 -0.0351689 -0.0359072 -0.0366758 -0.0374709 -0.0382873 -0.0391192 -0.0399594 -0.0407995 -0.0416297 -0.0424386 -0.0432136 -0.04394 -0.0446017 -0.0451808 -0.0456574 -0.0460101 -0.0462155 -0.0462488 -0.0460833 -0.0456912 -0.0450436 -0.0441112 -0.0428647 -0.0412761 -0.0393193 -0.0369716 -0.034215 -0.0310376 -0.0274352 -0.0234119 -0.0189814 -0.0141673 -0.0090035 -0.00353384 0.00218787 0.00809817 0.0141242 0.0201838 0.0261864 0.0320342 0.0376243 0.042852 0.0476156 0.0518211 0.0553867 0.0582471 0.0603549 0.0616817 0.0622183 0.0619742 0.0609781 0.0592789 0.0569452 0.0540628 0.0507294 0.0470485 0.0431236 0.0390554 0.0349427 0.0308825 0.0269672 0.0232768 0.0198684 0.016771 0.0139897 0.0115177 0.00934831 0.00747875 0.00590423 0.00460895 0.00356222 0.00272308 0.00205003 0.00150937 0.00107808 0.000741311 0.000487663 0.000305497 0.000181655 0.000102272 5.44308e-05 2.76172e-05 
0 4.07236e-05 9.50825e-05 0.000177478 0.000303201 0.000487655 0.000745092 0.00108806 0.00152898 0.00208431 0.00277986 0.00365351 0.00475201 0.00612143 0.00779635 0.00979499 0.012124 0.0147887 0.0177985 0.0211617 0.0248717 0.0288967 0.0331784 0.0376413 0.0422006 0.0467661 0.051239 0.0555085 0.0594538 0.0629518 0.0658883 0.0681672 0.0697148 0.0704794 0.0704279 0.0695437 0.0678261 0.0652915 0.0619758 0.0579347 0.0532428 0.0479896 0.042275 0.036204 0.0298819 0.0234104 0.0168862 0.0103983 0.00402791 -0.00215241 -0.00807945 -0.0136996 -0.0189695 -0.0238556 -0.0283346 -0.0323926 -0.0360241 -0.0392317 -0.0420243 -0.0444165 -0.0464271 -0.0480783 -0.0493948 -0.0504027 -0.0511292 -0.0516016 -0.0518471 -0.0518924 -0.0517628 -0.0514828 -0.0510751 -0.050561 -0.04996 -0.0492899 -0.0485668 -0.0478052 -0.0470178 -0.0462159 -0.0454094 -0.0446069 -0.0438158 -0.0430422 -0.0422915 -0.0415683 -0.040876 -0.0402179 -0.0395964 -0.0390133 -0.0384703 -0.0379686 -0.0375091 -0.0370923 -0.0367189 -0.0363891 -0.0361031 -0.035861 -0.0356629 -0.0355089 -0.0353989 -0.0353329 -0.0353109 -0.0353329 -0.0353989 -0.0355089 -0.0356629 -0.035861 -0.0361031 -0.0363891 -0.0367189 -0.0370923 -0.0375091 -0.0379686 -0.0384703 -0.0390133 -0.0395964 -0.0402179 -0.040876 -0.0415683 -0.0422915 -0.0430422 -0.0438158 -0.0446069 -0.0454094 -0.0462159 -0.0470178 -0.0478052 -0.0485668 -0.0492899 -0.04996 -0.050561 -0.0510751 -0.0514828 -0.0517628 -0.0518924 -0.0518471 -0.0516016 -0.0511292 -0.0504027 -0.0493948 -0.0480783 -0.0464271 -0.0444165 -0.0420243 -0.0392317 -0.0360241 -0.0323926 -0.0283346 -0.0238556 -0.0189695 -0.0136996 -0.00807945 -0.00215241 0.00402791 0.0103983 0.0168862 0.0234104 0.0298819 0.036204 0.042275 0.0479896 0.0532428 0.0579347 0.0619758 0.0652915 0.0678261 0.0695437 0.0704279 0.0704794 0.0697148 0.0681672 0.0658883 0.0629518 0.0594538 0.0555085 0.051239 0.0467661 0.0422006 0.0376413 0.0331784 0.0288967 0.0248717 0.0211617 0.0177985 0.0147887 0.012124 0.00979499 0.00779635 0.00612143 0.00475201 0.00365351 0.00277986 0.00208431 0.00152898 0.00108807 0.000745148 0.000487876 0.000303936 0.000179647 0.000100907 5.51339e-05 
0 7.22762e-05 0.000163973 0.000294258 0.000481316 0.000741312 0.00108806 0.0015349 0.0020993 0.00280871 0.00370374 0.00483472 0.00625139 0.00799141 0.0100755 0.0125136 0.0153157 0.0184965 0.0220668 0.0260174 0.0303092 0.0348776 0.0396451 0.044531 0.0494514 0.0543112 0.0589988 0.0633888 0.0673525 0.0707695 0.0735376 0.0755753 0.076822 0.0772352 0.0767909 0.0754842 0.0733304 0.0703653 0.0666437 0.0622352 0.0572209 0.0516891 0.0457326 0.0394461 0.0329249 0.0262631 0.0195517 0.0128764 0.0063157 -6.08391e-05 -0.00619392 -0.0120348 -0.0175452 -0.0226964 -0.0274683 -0.0318483 -0.0358303 -0.0394137 -0.0426029 -0.0454066 -0.0478374 -0.0499111 -0.0516467 -0.0530651 -0.0541893 -0.0550434 -0.0556518 -0.0560394 -0.0562305 -0.0562487 -0.0561164 -0.0558547 -0.0554835 -0.055021 -0.0544838 -0.0538873 -0.0532452 -0.0525697 -0.051872 -0.0511619 -0.0504481 -0.0497381 -0.0490388 -0.0483559 -0.0476944 -0.0470587 -0.0464524 -0.0458787 -0.0453402 -0.0448391 -0.0443772 -0.043956 -0.0435767 -0.0432402 -0.0429473 -0.0426987 -0.0424947 -0.0423357 -0.042222 -0.0421537 -0.0421309 -0.0421537 -0.042222 -0.0423357 -0.0424947 -0.0426987 -0.0429473 -0.0432402 -0.0435767 -0.043956 -0.0443772 -0.0448391 -0.0453402 -0.0458787 -0.0464524 -0.0470587 -0.0476944 -0.0483559 -0.0490388 -0.0497381 -0.0504481 -0.0511619 -0.051872 -0.0525697 -0.0532452 -0.0538873 -0.0544838 -0.055021 -0.0554835 -0.0558547 -0.0561164 -0.0562487 -0.0562305 -0.0560394 -0.0556518 -0.0550434 -0.0541893 -0.0530651 -0.0516467 -0.0499111 -0.0478374 -0.0454066 -0.0426029 -0.0394137 -0.0358303 -0.0318483 -0.0274683 -0.0226964 -0.0175452 -0.0120348 -0.00619392 -6.08391e-05 0.0063157 0.0128764 0.0195517 0.0262631 0.0329249 0.0394461 0.0457326 0.0516891 0.0572209 0.0622352 0.0666437 0.0703653 0.0733304 0.0754842 0.0767909 0.0772352 0.076822 0.0755753 0.0735376 0.0707695 0.0673525 0.0633888 0.0589988 0.0543112 0.0494514 0.044531 0.0396451 0.0348776 0.0303092 0.0260174 0.0220668 0.0184965 0.0153157 0.0125136 0.0100755 0.00799141 0.00625139 0.00483471 0.00370374 0.00280871 0.00209931 0.00153496 0.00108828 0.000742022 0.000483414 0.000299909 0.000178022 0.000104704 
0 0.000121342 0.00026798 0.000463429 0.000727927 0.00107808 0.00152898 0.0020993 0.00281778 0.003727 0.00487987 0.00632887 0.00811364 0.0102565 0.0127697 0.0156676 0.0189707 0.0226937 0.0268267 0.0313253 0.0361193 0.0411281 0.0462713 0.0514636 0.0566062 0.061583 0.0662676 0.0705352 0.0742732 0.0773854 0.0797908 0.0814223 0.0822281 0.0821746 0.0812518 0.0794747 0.0768818 0.0735304 0.0694903 0.0648382 0.0596546 0.0540214 0.048022 0.0417408 0.0352623 0.0286696 0.022042 0.0154536 0.00897082 0.00265169 -0.00345447 -0.00930684 -0.0148724 -0.0201254 -0.025046 -0.0296205 -0.0338401 -0.0377007 -0.0412027 -0.0443505 -0.0471521 -0.0496184 -0.0517634 -0.0536028 -0.0551543 -0.0564367 -0.0574696 -0.0582729 -0.0588669 -0.0592715 -0.0595062 -0.0595901 -0.0595415 -0.0593776 -0.059115 -0.0587691 -0.0583543 -0.0578838 -0.0573699 -0.0568236 -0.0562551 -0.0556735 -0.0550868 -0.0545022 -0.0539262 -0.0533644 -0.0528216 -0.0523021 -0.0518096 -0.0513474 -0.050918 -0.0505237 -0.0501666 -0.0498482 -0.0495698 -0.0493326 -0.0491375 -0.048985 -0.0488757 -0.04881 -0.0487881 -0.04881 -0.0488757 -0.048985 -0.0491375 -0.0493326 -0.0495698 -0.0498482 -0.0501666 -0.0505237 -0.050918 -0.0513474 -0.0518096 -0.0523021 -0.0528216 -0.0533644 -0.0539262 -0.0545022 -0.0550868 -0.0556735 -0.0562551 -0.0568236 -0.0573699 -0.0578838 -0.0583543 -0.0587691 -0.059115 -0.0593776 -0.0595415 -0.0595901 -0.0595062 -0.0592715 -0.0588669 -0.0582729 -0.0574696 -0.0564367 -0.0551543 -0.0536028 -0.0517634 -0.0496184 -0.0471521 -0.0443505 -0.0412027 -0.0377007 -0.0338401 -0.0296205 -0.025046 -0.0201254 -0.0148724 -0.00930684 -0.00345447 0.00265169 0.00897082 0.0154536 0.022042 0.0286696 0.0352623 0.0417408 0.048022 0.0540214 0.0596546 0.0648382 0.0694903 0.0735304 0.0768818 0.0794747 0.0812518 0.0821746 0.0822281 0.0814223 0.0797908 0.0773854 0.0742732 0.0705352 0.0662676 0.061583 0.0566062 0.0514636 0.0462713 0.0411281 0.0361193 0.0313253 0.0268267 0.0226937 0.0189707 0.0156676 0.0127697 0.0102565 0.00811364 0.00632886 0.00487987 0.00372701 0.00281784 0.0020995 0.00152966 0.00108008 0.000733324 0.000476921 0.000299317 0.000189206 
0 0.000192796 0.000415552 0.000695047 0.00105334 0.00150937 0.00208431 0.00280871 0.003727 0.00489448 0.00636607 0.00818321 0.0103692 0.0129376 0.0159057 0.0192984 0.0231337 0.0274013 0.0320534 0.0370167 0.042211 0.0475563 0.052964 0.0583261 0.0635163 0.0684031 0.0728652 0.0767987 0.0801165 0.0827439 0.0846162 0.0856818 0.0859084 0.0852874 0.0838357 0.0815917 0.0786104 0.074957 0.0707034 0.0659253 0.060701 0.0551101 0.0492319 0.0431429 0.0369155 0.030616 0.0243041 0.018033 0.0118501 0.00579755 -8.69932e-05 -0.00577015 -0.0112228 -0.0164204 -0.0213429 -0.0259753 -0.030307 -0.0343321 -0.0380484 -0.0414572 -0.0445625 -0.0473706 -0.0498898 -0.05213 -0.0541021 -0.0558186 -0.0572925 -0.0585381 -0.0595702 -0.0604041 -0.0610555 -0.0615404 -0.0618747 -0.062074 -0.0621538 -0.0621287 -0.062013 -0.0618201 -0.0615624 -0.0612517 -0.0608989 -0.0605138 -0.0601055 -0.0596823 -0.0592515 -0.0588198 -0.0583932 -0.057977 -0.0575758 -0.0571937 -0.0568344 -0.056501 -0.0561961 -0.0559221 -0.055681 -0.0554744 -0.0553036 -0.0551697 -0.0550734 -0.0550155 -0.0549961 -0.0550155 -0.0550734 -0.0551697 -0.0553036 -0.0554744 -0.055681 -0.0559221 -0.0561961 -0.056501 -0.0568344 -0.0571937 -0.0575758 -0.057977 -0.0583932 -0.0588198 -0.0592515 -0.0596823 -0.0601055 -0.0605138 -0.0608989 -0.0612517 -0.0615624 -0.0618201 -0.062013 -0.0621287 -0.0621538 -0.062074 -0.0618747 -0.0615404 -0.0610555 -0.0604041 -0.0595702 -0.0585381 -0.0572925 -0.0558186 -0.0541021 -0.05213 -0.0498898 -0.0473706 -0.0445625 -0.0414572 -0.0380484 -0.0343321 -0.030307 -0.0259753 -0.0213429 -0.0164204 -0.0112228 -0.00577015 -8.69932e-05 0.00579755 0.0118501 0.018033 0.0243041 0.030616 0.0369155 0.0431429 0.0492319 0.0551101 0.060701 0.0659253 0.0707034 0.074957 0.0786104 0.0815917 0.0838357 0.0852874 0.0859084 0.0856818 0.0846162 0.0827439 0.0801165 0.0767987 0.0728652 0.0684031 0.0635163 0.0583261 0.052964 0.0475563 0.042211 0.0370167 0.0320534 0.0274013 0.0231337 0.0192984 0.0159057 0.0129376 0.0103692 0.00818321 0.00636608 0.00489453 0.00372719 0.00280934 0.00208618 0.00151445 0.0010661 0.000724904 0.000480678 0.000325566 
0 0.000290324 0.00061289 0.000996642 0.00146698 0.00205003 0.00277986 0.00370374 0.00487987 0.00636607 0.00820604 0.0104243 0.0130351 0.0160577 0.0195199 0.0234419 0.0278123 0.03258 0.0376695 0.0430022 0.0485003 0.0540724 0.059601 0.0649497 0.0699819 0.0745774 0.078636 0.0820735 0.0848168 0.0868045 0.0879928 0.0883615 0.0879156 0.0866816 0.084702 0.0820293 0.0787229 0.0748482 0.0704763 0.065683 0.0605456 0.0551403 0.0495378 0.0438009 0.0379842 0.0321338 0.0262893 0.0204855 0.0147539 0.00912329 0.00362043 -0.00173033 -0.00690722 -0.0118913 -0.0166667 -0.0212203 -0.0255418 -0.0296232 -0.0334588 -0.0370448 -0.0403793 -0.0434621 -0.0462947 -0.0488806 -0.0512246 -0.0533333 -0.0552146 -0.056878 -0.0583337 -0.0595931 -0.0606683 -0.0615718 -0.0623164 -0.0629151 -0.0633809 -0.0637265 -0.0639645 -0.064107 -0.0641656 -0.0641515 -0.0640753 -0.063947 -0.0637758 -0.0635704 -0.063339 -0.0630889 -0.0628268 -0.062559 -0.0622909 -0.0620276 -0.0617736 -0.0615328 -0.0613086 -0.0611041 -0.0609219 -0.0607642 -0.0606327 -0.060529 -0.0604541 -0.0604088 -0.0603937 -0.0604088 -0.0604541 -0.060529 -0.0606327 -0.0607642 -0.0609219 -0.0611041 -0.0613086 -0.0615328 -0.0617736 -0.0620276 -0.0622909 -0.062559 -0.0628268 -0.0630889 -0.063339 -0.0635704 -0.0637758 -0.063947 -0.0640753 -0.0641515 -0.0641656 -0.064107 -0.0639645 -0.0637265 -0.0633809 -0.0629151 -0.0623164 -0.0615718 -0.0606683 -0.0595931 -0.0583337 -0.056878 -0.0552146 -0.0533333 -0.0512246 -0.0488806 -0.0462947 -0.0434621 -0.0403793 -0.0370448 -0.0334588 -0.0296232 -0.0255418 -0.0212203 -0.0166667 -0.0118913 -0.00690722 -0.00173033 0.00362043 0.00912329 0.0147539 0.0204855 0.0262893 0.0321338 0.0379842 0.0438009 0.0495378 0.0551403 0.0605456 0.065683 0.0704763 0.0748482 0.0787229 0.0820293 0.084702 0.0866816 0.0879156 0.0883615 0.0879928 0.0868045 0.0848168 0.0820735 0.078636 0.0745774 0.0699819 0.0649497 0.059601 0.0540724 0.0485003 0.0430022 0.0376695 0.03258 0.0278123 0.0234419 0.0195199 0.0160577 0.0130351 0.0104243 0.00820609 0.00636624 0.00488045 0.00370546 0.00278456 0.00206193 0.00149503 0.0010583 0.00073961 0.000534098 
0 0.000415562 0.000863182 0.00137401 0.00198067 0.00272308 0.00365351 0.00483472 0.00632887 0.00818321 0.0104243 0.0130673 0.0161326 0.0196503 0.0236421 0.0280953 0.0329554 0.0381442 0.0435842 0.0491993 0.0548947 0.0605445 0.066004 0.0711353 0.0758207 0.0799613 0.0834696 0.0862682 0.088296 0.0895173 0.0899259 0.0895429 0.0884081 0.0865722 0.0840921 0.0810293 0.0774506 0.0734276 0.0690345 0.0643446 0.0594262 0.05434 0.0491379 0.0438638 0.0385545 0.0332411 0.0279506 0.0227058 0.0175264 0.012429 0.00742722 0.00253319 -0.00224244 -0.00688947 -0.0113977 -0.0157566 -0.0199556 -0.0239842 -0.0278323 -0.0314912 -0.0349534 -0.0382133 -0.041267 -0.0441128 -0.046751 -0.0491833 -0.0514131 -0.0534453 -0.0552857 -0.0569414 -0.05842 -0.0597301 -0.0608806 -0.061881 -0.0627413 -0.0634714 -0.0640816 -0.0645823 -0.0649835 -0.0652953 -0.0655275 -0.0656896 -0.0657907 -0.0658394 -0.0658439 -0.0658119 -0.0657506 -0.0656665 -0.0655656 -0.0654536 -0.0653355 -0.0652157 -0.0650982 -0.0649866 -0.0648839 -0.0647926 -0.0647151 -0.064653 -0.0646077 -0.0645801 -0.0645708 -0.0645801 -0.0646077 -0.064653 -0.0647151 -0.0647926 -0.0648839 -0.0649866 -0.0650982 -0.0652157 -0.0653355 -0.0654536 -0.0655656 -0.0656665 -0.0657506 -0.0658119 -0.0658439 -0.0658394 -0.0657907 -0.0656896 -0.0655275 -0.0652953 -0.0649835 -0.0645823 -0.0640816 -0.0634714 -0.0627413 -0.061881 -0.0608806 -0.0597301 -0.05842 -0.0569414 -0.0552857 -0.0534453 -0.0514131 -0.0491833 -0.046751 -0.0441128 -0.041267 -0.0382133 -0.0349534 -0.0314912 -0.0278323 -0.0239842 -0.0199556 -0.0157566 -0.0113977 -0.00688947 -0.00224244 0.00253319 0.00742722 0.012429 0.0175264 0.0227058 0.0279506 0.0332411 0.0385545 0.0438638 0.0491379 0.05434 0.0594262 0.0643446 0.0690345 0.0734276 0.0774506 0.0810293 0.0840921 0.0865722 0.0884081 0.0895429 0.0899259 0.0895173 0.088296 0.0862682 0.0834696 0.0799613 0.0758207 0.0711353 0.066004 0.0605445 0.0548947 0.0491993 0.0435842 0.0381442 0.0329554 0.0280953 0.0236421 0.0196503 0.0161326 0.0130673 0.0104244 0.00818373 0.00633042 0.004839 0.00366444 0.00274906 0.00203827 0.00149342 0.00109491 0.000837073 
0 0.000568217 0.00116777 0.00183428 0.00261287 0.00356222 0.00475201 0.00625139 0.00811364 0.0103692 0.0130351 0.0161326 0.0196936 0.0237414 0.0282632 0.0332008 0.0384734 0.0440033 0.0497144 0.0555076 0.0612481 0.0667844 0.0719795 0.0767201 0.0809073 0.0844482 0.0872605 0.0892839 0.0904904 0.0908851 0.0904999 0.0893825 0.0875903 0.0851883 0.0822485 0.0788488 0.0750697 0.070989 0.0666772 0.0621945 0.0575905 0.052906 0.0481748 0.0434254 0.038682 0.0339642 0.029287 0.0246608 0.020092 0.0155842 0.0111396 0.0067604 0.00245 -0.00178656 -0.00594234 -0.0100088 -0.0139761 -0.0178341 -0.0215724 -0.025181 -0.0286507 -0.0319733 -0.0351416 -0.0381498 -0.0409932 -0.0436684 -0.0461735 -0.0485078 -0.0506721 -0.0526684 -0.0544998 -0.0561707 -0.0576866 -0.0590537 -0.060279 -0.0613701 -0.0623352 -0.0631825 -0.0639207 -0.0645583 -0.065104 -0.0655662 -0.0659531 -0.0662727 -0.0665327 -0.0667404 -0.0669026 -0.0670258 -0.0671161 -0.0671789 -0.0672195 -0.0672424 -0.0672518 -0.0672515 -0.0672447 -0.0672342 -0.0672224 -0.0672113 -0.0672022 -0.0671964 -0.0671944 -0.0671964 -0.0672022 -0.0672113 -0.0672224 -0.0672342 -0.0672447 -0.0672515 -0.0672518 -0.0672424 -0.0672195 -0.0671789 -0.0671161 -0.0670258 -0.0669026 -0.0667404 -0.0665327 -0.0662727 -0.0659531 -0.0655662 -0.065104 -0.0645583 -0.0639207 -0.0631825 -0.0623352 -0.0613701 -0.060279 -0.0590537 -0.0576866 -0.0561707 -0.0544998 -0.0526684 -0.0506721 -0.0485078 -0.0461735 -0.0436684 -0.0409932 -0.0381498 -0.0351416 -0.0319733 -0.0286507 -0.025181 -0.0215724 -0.0178341 -0.0139761 -0.0100088 -0.00594234 -0.00178656 0.00245 0.0067604 0.0111396 0.0155842 0.020092 0.0246608 0.029287 0.0339642 0.038682 0.0434254 0.0481748 0.052906 0.0575905 0.0621945 0.0666772 0.070989 0.0750697 0.0788488 0.0822485 0.0851883 0.0875903 0.0893825 0.0904999 0.0908851 0.0904904 0.0892839 0.0872605 0.0844482 0.0809073 0.0767201 0.0719795 0.0667844 0.0612481 0.0555076 0.0497144 0.0440033 0.0384734 0.0332008 0.0282632 0.0237414 0.0196936 0.0161328 0.0130355 0.0103706 0.00811749 0.00626129 0.00477573 0.0036153 0.00272396 0.00205191 0.00156738 0.00125706 
0 0.000747757 0.00152965 0.00239031 0.00339132 0.00460895 0.00612143 0.00799141 0.0102565 0.0129376 0.0160577 0.0196503 0.0237414 0.028319 0.0333229 0.038669 0.0442783 0.0500741 0.0559521 0.0617681 0.0673644 0.0726045 0.0773793 0.0815882 0.0851314 0.0879236 0.0899097 0.0910711 0.0914219 0.0909989 0.0898523 0.0880432 0.0856448 0.0827418 0.0794255 0.0757873 0.0719105 0.0678661 0.0637116 0.0594927 0.0552454 0.0509984 0.0467738 0.042587 0.0384474 0.0343585 0.0303193 0.026326 0.0223739 0.0184585 0.014577 0.010728 0.00691233 0.00313219 -0.000608848 -0.00430598 -0.00795337 -0.0115442 -0.0150704 -0.0185234 -0.0218937 -0.0251713 -0.0283465 -0.0314095 -0.0343517 -0.0371653 -0.0398437 -0.0423821 -0.044777 -0.0470265 -0.0491302 -0.0510889 -0.0529048 -0.054581 -0.0561218 -0.0575318 -0.0588167 -0.0599823 -0.061035 -0.0619813 -0.0628281 -0.0635821 -0.0642502 -0.0648391 -0.0653555 -0.0658059 -0.0661964 -0.066533 -0.0668213 -0.0670666 -0.0672738 -0.0674475 -0.0675917 -0.0677101 -0.0678061 -0.0678825 -0.0679417 -0.0679857 -0.0680161 -0.0680338 -0.0680397 -0.0680338 -0.0680161 -0.0679857 -0.0679417 -0.0678825 -0.0678061 -0.0677101 -0.0675917 -0.0674475 -0.0672738 -0.0670666 -0.0668213 -0.066533 -0.0661964 -0.0658059 -0.0653555 -0.0648391 -0.0642502 -0.0635821 -0.0628281 -0.0619813 -0.061035 -0.0599823 -0.0588167 -0.0575318 -0.0561218 -0.054581 -0.0529048 -0.0510889 -0.0491302 -0.0470265 -0.044777 -0.0423821 -0.0398437 -0.0371653 -0.0343517 -0.0314095 -0.0283465 -0.0251713 -0.0218937 -0.0185234 -0.0150704 -0.0115442 -0.00795337 -0.00430598 -0.000608848 0.00313219 0.00691233 0.010728 0.014577 0.0184585 0.0223739 0.026326 0.0303193 0.0343585 0.0384474 0.042587 0.0467738 0.0509984 0.0552454 0.0594927 0.0637116 0.0678661 0.0719105 0.0757873 0.0794255 0.0827418 0.0856448 0.0880432 0.0898523 0.0909989 0.0914219 0.0910711 0.0899097 0.0879236 0.0851314 0.0815882 0.0773793 0.0726045 0.0673644 0.0617681 0.0559521 0.0500741 0.0442783 0.038669 0.0333229 0.028319 0.0237415 0.0196507 0.0160589 0.012941 0.0102653 0.00801275 0.00616968 0.00471096 0.00359324 0.00276486 0.00218174 0.00181612 
0 0.000956513 0.00195815 0.00306399 0.00435113 0.00590423 0.00779635 0.0100755 0.0127697 0.0159057 0.0195199 0.0236421 0.0282632 0.0333229 0.038734 0.0444152 0.0502883 0.0562446 0.0621312 0.0677831 0.0730642 0.0778673 0.0820875 0.085617 0.0883688 0.0902966 0.0913925 0.0916769 0.0911886 0.0899794 0.0881149 0.085678 0.0827652 0.0794773 0.0759108 0.0721517 0.0682722 0.0643323 0.0603815 0.0564589 0.052594 0.0488056 0.0451019 0.0414817 0.0379374 0.0344572 0.0310284 0.0276391 0.0242791 0.0209405 0.017617 0.0143037 0.0109973 0.00769552 0.00439767 0.00110498 -0.00217942 -0.00545023 -0.00870038 -0.0119212 -0.0151028 -0.0182348 -0.0213065 -0.0243075 -0.027228 -0.0300587 -0.0327917 -0.0354198 -0.0379372 -0.0403391 -0.0426219 -0.0447831 -0.0468212 -0.048736 -0.050528 -0.0521987 -0.0537506 -0.0551867 -0.0565107 -0.0577268 -0.0588397 -0.0598544 -0.0607762 -0.0616103 -0.0623623 -0.0630375 -0.0636412 -0.0641787 -0.0646549 -0.0650745 -0.065442 -0.0657615 -0.0660369 -0.0662716 -0.0664687 -0.0666308 -0.0667604 -0.0668591 -0.0669286 -0.0669699 -0.0669836 -0.0669699 -0.0669286 -0.0668591 -0.0667604 -0.0666308 -0.0664687 -0.0662716 -0.0660369 -0.0657615 -0.065442 -0.0650745 -0.0646549 -0.0641787 -0.0636412 -0.0630375 -0.0623623 -0.0616103 -0.0607762 -0.0598544 -0.0588397 -0.0577268 -0.0565107 -0.0551867 -0.0537506 -0.0521987 -0.050528 -0.048736 -0.0468212 -0.0447831 -0.0426219 -0.0403391 -0.0379372 -0.0354198 -0.0327917 -0.0300587 -0.027228 -0.0243075 -0.0213065 -0.0182348 -0.0151028 -0.0119212 -0.00870038 -0.00545023 -0.00217942 0.00110498 0.00439767 0.00769552 0.0109973 0.0143037 0.017617 0.0209405 0.0242791 0.0276391 0.0310284 0.0344572 0.0379374 0.0414817 0.0451019 0.0488056 0.052594 0.0564589 0.0603815 0.0643323 0.0682722 0.0721517 0.0759108 0.0794773 0.0827652 0.085678 0.0881149 0.0899794 0.0911886 0.0916769 0.0913925 0.0902966 0.0883688 0.085617 0.0820875 0.0778673 0.0730642 0.0677831 0.0621312 0.0562446 0.0502883 0.0444152 0.038734 0.033323 0.0282635 0.0236431 0.0195229 0.0159134 0.0127886 0.0101188 0.00788881 0.00608926 0.00469815 0.00367473 0.00296916 0.00253702 
0 0.00120282 0.00247236 0.00388566 0.00552814 0.00747875 0.00979499 0.0125136 0.0156676 0.0192984 0.0234419 0.0280953 0.0332008 0.038669 0.0444152 0.0503596 0.0563903 0.062347 0.0680574 0.0733839 0.0782194 0.082453 0.0859675 0.0886754 0.0905401 0.0915634 0.0917679 0.0911925 0.0898934 0.0879451 0.0854418 0.0824909 0.0791976 0.0756586 0.0719595 0.0681745 0.0643678 0.0605949 0.0568999 0.0533134 0.0498523 0.0465202 0.0433105 0.0402104 0.0372038 0.0342733 0.0314023 0.0285745 0.0257745 0.0229882 0.0202026 0.0174074 0.0145945 0.0117589 0.0088987 0.00601492 0.00311101 0.000192368 -0.00273434 -0.00566129 -0.00858027 -0.0114826 -0.0143592 -0.0172013 -0.0199996 -0.0227454 -0.0254297 -0.0280443 -0.0305815 -0.033034 -0.0353956 -0.0376609 -0.0398257 -0.0418866 -0.0438415 -0.0456891 -0.0474291 -0.0490621 -0.0505895 -0.0520132 -0.0533359 -0.0545606 -0.0556907 -0.0567299 -0.0576821 -0.0585513 -0.0593416 -0.0600569 -0.0607012 -0.0612784 -0.061792 -0.0622456 -0.0626424 -0.0629853 -0.063277 -0.0635197 -0.0637155 -0.0638661 -0.0639727 -0.0640363 -0.0640574 -0.0640363 -0.0639727 -0.0638661 -0.0637155 -0.0635197 -0.063277 -0.0629853 -0.0626424 -0.0622456 -0.061792 -0.0612784 -0.0607012 -0.0600569 -0.0593416 -0.0585513 -0.0576821 -0.0567299 -0.0556907 -0.0545606 -0.0533359 -0.0520132 -0.0505895 -0.0490621 -0.0474291 -0.0456891 -0.0438415 -0.0418866 -0.0398257 -0.0376609 -0.0353956 -0.033034 -0.0305815 -0.0280443 -0.0254297 -0.0227454 -0.0199996 -0.0172013 -0.0143592 -0.0114826 -0.00858027 -0.00566129 -0.00273434 0.000192368 0.00311101 0.00601492 0.0088987 0.0117589 0.0145945 0.0174074 0.0202026 0.0229882 0.0257745 0.0285745 0.0314023 0.0342733 0.0372038 0.0402104 0.0433105 0.0465202 0.0498523 0.0533134 0.0568999 0.0605949 0.0643678 0.0681745 0.0719595 0.0756586 0.0791976 0.0824909 0.0854418 0.0879451 0.0898934 0.0911925 0.0917679 0.0915634 0.0905401 0.0886754 0.0859675 0.082453 0.0782194 0.0733839 0.0680574 0.062347 0.0563903 0.0503596 0.0444153 0.0386693 0.0332017 0.0280979 0.0234486 0.019315 0.0157059 0.0125963 0.00996243 0.0077965 0.00609392 0.00483285 0.00396876 0.00344686 
0 0.00150209 0.00310031 0.00488872 0.00695062 0.00934831 0.012124 0.0153157 0.0189707 0.0231337 0.0278123 0.0329554 0.0384734 0.0442783 0.0502883 0.0563903 0.0624187 0.0681936 0.0735734 0.0784501 0.0827063 0.0862154 0.0888888 0.0906996 0.0916566 0.0917797 0.0911069 0.0897024 0.0876533 0.0850655 0.0820538 0.078726 0.0751772 0.0714946 0.067757 0.0640333 0.0603828 0.0568503 0.0534635 0.0502359 0.0471693 0.0442567 0.0414867 0.0388447 0.0363129 0.033872 0.0315006 0.0291761 0.0268774 0.0245845 0.0222812 0.0199551 0.0175973 0.015203 0.0127699 0.010298 0.00778938 0.00524689 0.00267488 7.86283e-05 -0.00253581 -0.00516112 -0.00778955 -0.0104124 -0.0130208 -0.0156054 -0.018157 -0.0206669 -0.0231263 -0.0255276 -0.0278636 -0.0301279 -0.032315 -0.0344202 -0.0364396 -0.0383703 -0.0402099 -0.0419569 -0.0436105 -0.0451706 -0.0466374 -0.0480119 -0.0492953 -0.0504895 -0.0515964 -0.0526183 -0.0535578 -0.0544174 -0.0551998 -0.0559076 -0.0565436 -0.0571103 -0.0576102 -0.0580455 -0.0584182 -0.0587304 -0.0589835 -0.0591789 -0.0593178 -0.0594008 -0.0594284 -0.0594008 -0.0593178 -0.0591789 -0.0589835 -0.0587304 -0.0584182 -0.0580455 -0.0576102 -0.0571103 -0.0565436 -0.0559076 -0.0551998 -0.0544174 -0.0535578 -0.0526183 -0.0515964 -0.0504895 -0.0492953 -0.0480119 -0.0466374 -0.0451706 -0.0436105 -0.0419569 -0.0402099 -0.0383703 -0.0364396 -0.0344202 -0.032315 -0.0301279 -0.0278636 -0.0255276 -0.0231263 -0.0206669 -0.018157 -0.0156054 -0.0130208 -0.0104124 -0.00778955 -0.00516112 -0.00253581 7.86283e-05 0.00267488 0.00524689 0.00778938 0.010298 0.0127699 0.015203 0.0175973 0.0199551 0.0222812 0.0245845 0.0268774 0.0291761 0.0315006 0.033872 0.0363129 0.0388447 0.0414867 0.0442567 0.0471693 0.0502359 0.0534635 0.0568503 0.0603828 0.0640333 0.067757 0.0714946 0.0751772 0.078726 0.0820538 0.0850655 0.0876533 0.0897024 0.0911069 0.0917797 0.0916566 0.0906996 0.0888888 0.0862154 0.0827063 0.0784501 0.0735734 0.0681936 0.0624187 0.0563904 0.0502885 0.0442791 0.0384756 0.0329611 0.0278266 0.0231671 0.0190437 0.0154653 0.0124115 0.0098666 0.00782891 0.00629224 0.0052269 0.00458188 
0 0.00187402 0.00387279 0.00610171 0.00863468 0.0115177 0.0147887 0.0184965 0.0226937 0.0274013 0.03258 0.0381442 0.0440033 0.0500741 0.0562446 0.062347 0.0681936 0.0736363 0.0785646 0.0828563 0.0863755 0.0890316 0.0908057 0.0917109 0.0917615 0.0909935 0.0894829 0.0873311 0.0846516 0.081563 0.0781751 0.0745839 0.0708821 0.0671568 0.063481 0.0599132 0.0564953 0.0532496 0.0501861 0.0473073 0.0446079 0.0420793 0.0397087 0.0374775 0.0353639 0.033344 0.031392 0.0294845 0.0276003 0.0257211 0.0238327 0.0219226 0.0199815 0.0180021 0.0159785 0.0139073 0.0117868 0.00961736 0.00740171 0.00514373 0.00284947 0.000525817 -0.00181964 -0.0041784 -0.00654239 -0.00890297 -0.0112521 -0.0135817 -0.0158841 -0.0181523 -0.0203788 -0.0225575 -0.0246822 -0.0267471 -0.0287475 -0.0306785 -0.0325364 -0.0343177 -0.03602 -0.0376409 -0.0391791 -0.0406335 -0.0420037 -0.0432896 -0.0444917 -0.0456108 -0.0466476 -0.0476038 -0.0484804 -0.0492792 -0.0500017 -0.0506495 -0.0512241 -0.0517272 -0.05216 -0.0525239 -0.05282 -0.0530494 -0.0532126 -0.0533103 -0.0533428 -0.0533103 -0.0532126 -0.0530494 -0.05282 -0.0525239 -0.05216 -0.0517272 -0.0512241 -0.0506495 -0.0500017 -0.0492792 -0.0484804 -0.0476038 -0.0466476 -0.0456108 -0.0444917 -0.0432896 -0.0420037 -0.0406335 -0.0391791 -0.0376409 -0.03602 -0.0343177 -0.0325364 -0.0306785 -0.0287475 -0.0267471 -0.0246822 -0.0225575 -0.0203788 -0.0181523 -0.0158841 -0.0135817 -0.0112521 -0.00890297 -0.00654239 -0.0041784 -0.00181964 0.000525817 0.00284947 0.00514373 0.00740171 0.00961736 0.0117868 0.0139073 0.0159785 0.0180021 0.0199815 0.0219226 0.0238327 0.0257211 0.0276003 0.0294845 0.031392 0.033344 0.0353639 0.0374775 0.0397087 0.0420793 0.0446079 0.0473073 0.0501861 0.0532496 0.0564953 0.0599132 0.063481 0.0671568 0.0708821 0.0745839 0.0781751 0.081563 0.0846516 0.0873311 0.0894829 0.0909935 0.0917615 0.0917109 0.0908057 0.0890316 0.0863755 0.0828563 0.0785646 0.0736364 0.0681937 0.0623472 0.0562452 0.0500758 0.0440081 0.0381563 0.0326087 0.0274648 0.0228257 0.0187535 0.0152581 0.0123235 0.00993836 0.00809944 0.00679403 0.00599115 
0 0.00233638 0.00481399 0.00754173 0.0105861 0.0139897 0.0177985 0.0220668 0.0268267 0.0320534 0.0376695 0.0435842 0.0497144 0.0559521 0.0621312 0.0680574 0.0735734 0.0785646 0.082906 0.0864543 0.0891142 0.0908718 0.0917436 0.0917369 0.0908856 0.0892795 0.0870348 0.0842666 0.0810928 0.0776277 0.0739729 0.0702281 0.0664898 0.0628329 0.0593112 0.0559632 0.0528089 0.0498568 0.0471123 0.044572 0.0422254 0.0400585 0.0380494 0.0361733 0.0344068 0.0327254 0.0311078 0.0295361 0.0279919 0.0264603 0.0249267 0.0233766 0.021799 0.0201831 0.0185212 0.016809 0.0150433 0.0132245 0.0113542 0.00943541 0.00747297 0.00547125 0.00343638 0.00137412 -0.000709253 -0.00280667 -0.00491176 -0.00701682 -0.00911506 -0.011199 -0.0132614 -0.0152957 -0.0172947 -0.0192526 -0.0211631 -0.0230214 -0.0248224 -0.0265619 -0.0282363 -0.0298424 -0.0313777 -0.0328397 -0.0342272 -0.0355385 -0.036773 -0.03793 -0.0390092 -0.0400107 -0.0409346 -0.0417813 -0.0425513 -0.0432453 -0.0438637 -0.0444075 -0.044877 -0.0452732 -0.0455963 -0.0458472 -0.046026 -0.0461333 -0.0461689 -0.0461333 -0.046026 -0.0458472 -0.0455963 -0.0452732 -0.044877 -0.0444075 -0.0438637 -0.0432453 -0.0425513 -0.0417813 -0.0409346 -0.0400107 -0.0390092 -0.03793 -0.036773 -0.0355385 -0.0342272 -0.0328397 -0.0313777 -0.0298424 -0.0282363 -0.0265619 -0.0248224 -0.0230214 -0.0211631 -0.0192526 -0.0172947 -0.0152957 -0.0132614 -0.011199 -0.00911506 -0.00701682 -0.00491176 -0.00280667 -0.000709253 0.00137412 0.00343638 0.00547125 0.00747297 0.00943541 0.0113542 0.0132245 0.0150433 0.016809 0.0185212 0.0201831 0.021799 0.0233766 0.0249267 0.0264603 0.0279919 0.0295361 0.0311078 0.0327254 0.0344068 0.0361733 0.0380494 0.0400585 0.0422254 0.044572 0.0471123 0.0498568 0.0528089 0.0559632 0.0593112 0.0628329 0.0664898 0.0702281 0.0739729 0.0776277 0.0810928 0.0842666 0.0870348 0.0892795 0.0908856 0.0917369 0.0917436 0.0908718 0.0891142 0.0864543 0.082906 0.0785647 0.0735736 0.0680579 0.0621326 0.0559561 0.0497245 0.0436085 0.037724 0.0321683 0.0270534 0.0224868 0.0185297 0.0151885 0.0124457 0.0102901 0.00872066 0.00773631 
