0 0 0 0 0 0 0 0 0 0 0 0 0 0 0 0 0 0 0 0 0 0 0 0 0 0 0 0 0 0 0 0 0 0 0 0 0 0 0 0 0 0 0 0 0 0 0 0 0 0 0 0 0 0 0 0 0 0 0 0 0 0 0 0 0 0 0 0 0 0 0 0 0 0 0 0 0 0 0 0 0 0 0 0 0 0 0 0 0 0 0 0 0 0 0 0 0 0 0 0 0 0 0 0 0 0 0 0 0 0 0 0 0 0 0 0 0 0 0 0 0 0 0 0 0 0 0 0 0 0 0 0 0 0 0 0 0 0 0 0 0 0 0 0 0 0 0 0 0 0 0 0 0 0 0 0 0 0 0 0 0 0 0 0 0 0 0 0 0 0 0 0 0 0 0 0 0 0 0 0 0 0 0 0 0 0 0 0 0 0 0 0 0 0 0 0 0 0 0 0 
0 1.16101e-35 1.77005e-34 2.52106e-33 3.37166e-32 4.24027e-31 5.02102e-30 5.60458e-29 5.90339e-28 5.87321e-27 5.52376e-26 4.91484e-25 4.13999e-24 3.30349e-23 2.49844e-22 1.79186e-21 1.21918e-20 7.87291e-20 4.82677e-19 2.81039e-18 1.55449e-17 8.17013e-17 4.08117e-16 1.93796e-15 8.74968e-15 3.75667e-14 1.5341e-13 5.95968e-13 2.20288e-12 7.74905e-12 2.59474e-11 8.27258e-11 2.51202e-10 7.2677e-10 2.00421e-09 5.27074e-09 1.32261e-08 3.16889e-08 7.25478e-08 1.58836e-07 3.32889e-07 6.68543e-07 1.28808e-06 2.38387e-06 4.24361e-06 7.27641e-06 1.20359e-05 1.92352e-05 2.97488e-05 4.45975e-05 6.49154e-05 9.19001e-05 0.000126752 0.000170612 0.000224502 0.000289279 0.00036562 0.000454012 0.000554783 0.000668133 0.000794186 0.000933032 0.00108477 0.00124953 0.00142748 0.0016188 0.00182366 0.00204219 0.00227441 0.0025202 0.00277924 0.00305097 0.00333463 0.00362917 0.00393331 0.00424555 0.00456421 0.00488744 0.00521329 0.00553974 0.00586473 0.00618625 0.0065023 0.00681097 0.00711047 0.00739912 0.00767534 0.00793774 0.00818503 0.00841608 0.0086299 0.00882562 0.00900249 0.00915987 0.00929724 0.00941415 0.00951026 0.00958528 0.00963901 0.00967131 0.00968208 0.00967131 0.00963901 0.00958528 0.00951026 0.00941415 0.00929724 0.00915987 0.00900249 0.00882562 0.0086299 0.00841608 0.00818503 0.00793774 0.00767534 0.00739912 0.00711047 0.00681097 0.0065023 0.00618625 0.00586473 0.00553974 0.00521329 0.00488744 0.00456421 0.00424555 0.00393331 0.00362917 0.00333463 0.00305097 0.00277924 0.0025202 0.00227441 0.00204219 0.00182366 0.0016188 0.00142748 0.00124953 0.00108477 0.000933032 0.000794186 0.000668133 0.000554783 0.000454012 0.00036562 0.000289279 0.000224502 0.000170612 0.000126752 9.19001e-05 6.49154e-05 4.45975e-05 2.97488e-05 1.92352e-05 1.20359e-05 7.27641e-06 4.24361e-06 2.38387e-06 1.28808e-06 6.68543e-07 3.32889e-07 1.58836e-07 7.25478e-08 3.16889e-08 1.32261e-08 5.27074e-09 2.00421e-09 7.2677e-10 2.51202e-10 8.27258e-11 2.59474e-11 7.74905e-12 2.20288e-12 5.95968e-13 1.5341e-13 3.75667e-14 8.74968e-15 1.93796e-15 4.08117e-16 8.17013e-17 1.55449e-17 2.81039e-18 4.82677e-19 7.87291e-20 1.21918e-20 1.79186e-21 2.49844e-22 3.30349e-23 4.13999e-24 4.91484e-25 5.52376e-26 5.87321e-27 5.90339e-28 5.60458e-29 5.02102e-30 4.24027e-31 3.37166e-32 2.52105e-33 1.76683e-34 6.38331e-36 
0 1.77005e-34 2.55782e-33 3.45747e-32 4.39522e-31 5.26142e-30 5.93786e-29 6.32435e-28 6.36311e-27 6.05284e-26 5.44775e-25 4.64238e-24 3.74798e-23 2.86832e-22 2.08182e-21 1.43363e-20 9.37085e-20 5.8159e-19 3.42835e-18 1.92e-17 1.02181e-16 5.16872e-16 2.48556e-15 1.1365e-14 4.94189e-14 2.0439e-13 8.04154e-13 3.01026e-12 1.07234e-11 3.63589e-11 1.17366e-10 3.60782e-10 1.05648e-09 2.94816e-09 7.8436e-09 1.9906e-08 4.82196e-08 1.1157e-07 2.46779e-07 5.22288e-07 1.05877e-06 2.05815e-06 3.84134e-06 6.89291e-06 1.19087e-05 1.98392e-05 3.19211e-05 4.96866e-05 7.4945e-05 0.000109734 0.000156239 0.000216698 0.000293293 0.000388054 0.00050278 0.000638996 0.000797946 0.000980618 0.0011878 0.00142012 0.00167818 0.0019625 0.00227363 0.00261213 0.00297851 0.00337319 0.00379643 0.00424825 0.00472834 0.00523601 0.00577012 0.00632907 0.0069108 0.00751278 0.00813209 0.00876545 0.0094093 0.0100599 0.0107133 0.0113655 0.0120127 0.012651 0.0132767 0.0138861 0.0144761 0.0150434 0.0155853 0.0160992 0.0165829 0.0170341 0.0174513 0.0178327 0.0181771 0.0184833 0.0187505 0.0189777 0.0191644 0.0193101 0.0194145 0.0194772 0.0194981 0.0194772 0.0194145 0.0193101 0.0191644 0.0189777 0.0187505 0.0184833 0.0181771 0.0178327 0.0174513 0.0170341 0.0165829 0.0160992 0.0155853 0.0150434 0.0144761 0.0138861 0.0132767 0.012651 0.0120127 0.0113655 0.0107133 0.0100599 0.0094093 0.00876545 0.00813209 0.00751278 0.0069108 0.00632907 0.00577012 0.00523601 0.00472834 0.00424825 0.00379643 0.00337319 0.00297851 0.00261213 0.00227363 0.0019625 0.00167818 0.00142012 0.0011878 0.000980618 0.000797946 0.000638996 0.00050278 0.000388054 0.000293293 0.000216698 0.000156239 0.000109734 7.4945e-05 4.96866e-05 3.19211e-05 1.98392e-05 1.19087e-05 6.89291e-06 3.84134e-06 2.05815e-06 1.05877e-06 5.22288e-07 2.46779e-07 1.1157e-07 4.82196e-08 1.9906e-08 7.8436e-09 2.94816e-09 1.05648e-09 3.60782e-10 1.17366e-10 3.63589e-11 1.07234e-11 3.01026e-12 8.04154e-13 2.0439e-13 4.94189e-14 1.1365e-14 2.48556e-15 5.16872e-16 1.02181e-16 1.92e-17 3.42835e-18 5.8159e-19 9.37085e-20 1.43363e-20 2.08182e-21 2.86832e-22 3.74798e-23 4.64238e-24 5.44775e-25 6.05284e-26 6.36311e-27 6.32435e-28 5.93786e-29 5.26142e-30 4.39522e-31 3.45744e-32 2.55269e-33 9.84046e-35 
0 2.52106e-33 3.45747e-32 4.44012e-31 5.36978e-30 6.1229e-29 6.58943e-28 6.69943e-27 6.44011e-26 5.85795e-25 5.04533e-24 4.11709e-23 3.18483e-22 2.33661e-21 1.62659e-20 1.0748e-19 6.74346e-19 4.01853e-18 2.27507e-17 1.22394e-16 6.25827e-16 3.04191e-15 1.40574e-14 6.17718e-14 2.58142e-13 1.02604e-12 3.87939e-12 1.39547e-11 4.77641e-11 1.55593e-10 4.82487e-10 1.42464e-09 4.00672e-09 1.07377e-08 2.74336e-08 6.68567e-08 1.55521e-07 3.45583e-07 7.34212e-07 1.49292e-06 2.90864e-06 5.43659e-06 9.76212e-06 1.6865e-05 2.80762e-05 4.51158e-05 7.00992e-05 0.000105506 0.000154109 0.000218867 0.000302805 0.000408885 0.000539904 0.000698419 0.000886723 0.00110685 0.00136063 0.00164973 0.00197576 0.00234028 0.0027448 0.00319081 0.00367968 0.00421257 0.00479036 0.00541349 0.00608187 0.00679483 0.00755099 0.00834829 0.00918397 0.0100546 0.0109561 0.011884 0.0128333 0.0137986 0.0147743 0.0157549 0.0167345 0.0177077 0.0186687 0.0196125 0.0205338 0.0214281 0.0222909 0.0231181 0.0239061 0.0246516 0.0253516 0.0260035 0.0266051 0.0271543 0.0276495 0.0280894 0.0284727 0.0287985 0.029066 0.0292747 0.029424 0.0295137 0.0295437 0.0295137 0.029424 0.0292747 0.029066 0.0287985 0.0284727 0.0280894 0.0276495 0.0271543 0.0266051 0.0260035 0.0253516 0.0246516 0.0239061 0.0231181 0.0222909 0.0214281 0.0205338 0.0196125 0.0186687 0.0177077 0.0167345 0.0157549 0.0147743 0.0137986 0.0128333 0.011884 0.0109561 0.0100546 0.00918397 0.00834829 0.00755099 0.00679483 0.00608187 0.00541349 0.00479036 0.00421257 0.00367968 0.00319081 0.0027448 0.00234028 0.00197576 0.00164973 0.00136063 0.00110685 0.000886723 0.000698419 0.000539904 0.000408885 0.000302805 0.000218867 0.000154109 0.000105506 7.00992e-05 4.51158e-05 2.80762e-05 1.6865e-05 9.76212e-06 5.43659e-06 2.90864e-06 1.49292e-06 7.34212e-07 3.45583e-07 1.55521e-07 6.68567e-08 2.74336e-08 1.07377e-08 4.00672e-09 1.42464e-09 4.82487e-10 1.55593e-10 4.77641e-11 1.39547e-11 3.87939e-12 1.02604e-12 2.58142e-13 6.17718e-14 1.40574e-14 3.04191e-15 6.25827e-16 1.22394e-16 2.27507e-17 4.01853e-18 6.74346e-19 1.0748e-19 1.62659e-20 2.33661e-21 3.18483e-22 4.11709e-23 5.04533e-24 5.85795e-25 6.44011e-26 6.69943e-27 6.58943e-28 6.1229e-29 5.36978e-30 4.44007e-31 3.44986e-32 1.41762e-33 
0 3.37166e-32 4.39522e-31 5.36978e-30 6.18577e-29 6.72594e-28 6.90944e-27 6.71163e-26 6.16931e-25 5.36987e-24 4.42866e-23 3.46255e-22 2.56769e-21 1.80674e-20 1.20675e-19 7.65327e-19 4.61008e-18 2.63819e-17 1.4346e-16 7.41416e-16 3.64218e-15 1.70093e-14 7.55243e-14 3.18863e-13 1.2802e-12 4.88824e-12 1.77528e-11 6.13302e-11 2.01573e-10 6.30399e-10 1.87636e-09 5.3168e-09 1.4347e-08 3.68832e-08 9.03789e-08 2.11222e-07 4.71146e-07 1.00387e-06 2.04516e-06 3.98827e-06 7.45395e-06 1.337e-05 2.30503e-05 3.82589e-05 6.1243e-05 9.47224e-05 0.000141828 0.000205994 0.000290821 0.000399926 0.000536825 0.000704837 0.000907068 0.00114643 0.0014257 0.00174762 0.00211498 0.00253064 0.00299751 0.00351852 0.00409648 0.0047339 0.00543283 0.00619469 0.00702006 0.00790862 0.00885904 0.00986895 0.010935 0.0120529 0.0132175 0.014423 0.0156629 0.0169304 0.0182183 0.0195194 0.0208261 0.0221312 0.0234276 0.0247083 0.0259666 0.0271963 0.0283915 0.0295468 0.0306572 0.031718 0.0327253 0.0336754 0.0345651 0.0353916 0.0361526 0.036846 0.0374701 0.0380235 0.0385051 0.038914 0.0392494 0.0395107 0.0396977 0.03981 0.0398474 0.03981 0.0396977 0.0395107 0.0392494 0.038914 0.0385051 0.0380235 0.0374701 0.036846 0.0361526 0.0353916 0.0345651 0.0336754 0.0327253 0.031718 0.0306572 0.0295468 0.0283915 0.0271963 0.0259666 0.0247083 0.0234276 0.0221312 0.0208261 0.0195194 0.0182183 0.0169304 0.0156629 0.014423 0.0132175 0.0120529 0.010935 0.00986895 0.00885904 0.00790862 0.00702006 0.00619469 0.00543283 0.0047339 0.00409648 0.00351852 0.00299751 0.00253064 0.00211498 0.00174762 0.0014257 0.00114643 0.000907068 0.000704837 0.000536825 0.000399926 0.000290821 0.000205994 0.000141828 9.47224e-05 6.1243e-05 3.82589e-05 2.30503e-05 1.337e-05 7.45395e-06 3.98827e-06 2.04516e-06 1.00387e-06 4.71146e-07 2.11222e-07 9.03789e-08 3.68832e-08 1.4347e-08 5.3168e-09 1.87636e-09 6.30399e-10 2.01573e-10 6.13302e-11 1.77528e-11 4.88824e-12 1.2802e-12 3.18863e-13 7.55243e-14 1.70093e-14 3.64218e-15 7.41416e-16 1.4346e-16 2.63819e-17 4.61008e-18 7.65327e-19 1.20675e-19 1.80674e-20 2.56769e-21 3.46255e-22 4.42866e-23 5.36987e-24 6.16931e-25 6.71163e-26 6.90944e-27 6.72594e-28 6.18577e-29 5.36971e-30 4.38465e-31 1.91806e-32 
0 4.24027e-31 5.26142e-30 6.1229e-29 6.72594e-28 6.98089e-27 6.85163e-26 6.364e-25 5.59771e-24 4.66549e-23 3.68656e-22 2.76304e-21 1.96506e-20 1.32662e-19 8.50416e-19 5.17787e-18 2.99505e-17 1.64617e-16 8.59864e-16 4.26903e-15 2.01473e-14 9.03924e-14 3.8557e-13 1.56371e-12 6.03e-12 2.21111e-11 7.71017e-11 2.55692e-10 8.06528e-10 2.42012e-09 6.90963e-09 1.87754e-08 4.85722e-08 1.19683e-07 2.8103e-07 6.29259e-07 1.34461e-06 2.74441e-06 5.35607e-06 1.00073e-05 1.79248e-05 3.08265e-05 5.09861e-05 8.12512e-05 0.000124999 0.000186029 0.000268408 0.000376294 0.000513775 0.000684768 0.000892987 0.00114199 0.00143527 0.00177646 0.00216935 0.00261804 0.00312692 0.00370052 0.00434333 0.00505958 0.00585291 0.00672612 0.00768091 0.00871771 0.00983559 0.0110322 0.0123038 0.0136456 0.0150513 0.0165141 0.0180262 0.0195793 0.0211646 0.0227734 0.0243965 0.0260249 0.02765 0.0292631 0.0308559 0.0324207 0.0339502 0.0354374 0.0368761 0.0382604 0.0395852 0.0408459 0.0420385 0.0431592 0.0442052 0.045174 0.0460633 0.0468714 0.0475971 0.0482391 0.0487968 0.0492694 0.0496566 0.049958 0.0501734 0.0503027 0.0503458 0.0503027 0.0501734 0.049958 0.0496566 0.0492694 0.0487968 0.0482391 0.0475971 0.0468714 0.0460633 0.045174 0.0442052 0.0431592 0.0420385 0.0408459 0.0395852 0.0382604 0.0368761 0.0354374 0.0339502 0.0324207 0.0308559 0.0292631 0.02765 0.0260249 0.0243965 0.0227734 0.0211646 0.0195793 0.0180262 0.0165141 0.0150513 0.0136456 0.0123038 0.0110322 0.00983559 0.00871771 0.00768091 0.00672612 0.00585291 0.00505958 0.00434333 0.00370052 0.00312692 0.00261804 0.00216935 0.00177646 0.00143527 0.00114199 0.000892987 0.000684768 0.000513775 0.000376294 0.000268408 0.000186029 0.000124999 8.12512e-05 5.09861e-05 3.08265e-05 1.79248e-05 1.00073e-05 5.35607e-06 2.74441e-06 1.34461e-06 6.29259e-07 2.8103e-07 1.19683e-07 4.85722e-08 1.87754e-08 6.90963e-09 2.42012e-09 8.06528e-10 2.55692e-10 7.71017e-11 2.21111e-11 6.03e-12 1.56371e-12 3.8557e-13 9.03924e-14 2.01473e-14 4.26903e-15 8.59864e-16 1.64617e-16 2.99505e-17 5.17787e-18 8.50416e-19 1.32662e-19 1.96506e-20 2.76304e-21 3.68656e-22 4.66549e-23 5.59771e-24 6.364e-25 6.85163e-26 6.98089e-27 6.72594e-28 6.1228e-29 5.24765e-30 2.44096e-31 
0 5.02102e-30 5.93786e-29 6.58943e-28 6.90944e-27 6.85163e-26 6.43024e-25 5.71522e-24 4.8136e-23 3.84387e-22 2.91159e-21 2.09281e-20 1.42799e-19 9.25225e-19 5.69387e-18 3.32889e-17 1.84928e-16 9.76283e-16 4.89857e-15 2.33625e-14 1.05914e-13 4.56441e-13 1.86995e-12 7.28277e-12 2.69644e-11 9.49124e-11 3.17621e-10 1.01058e-09 3.05741e-09 8.79653e-09 2.40729e-08 6.26783e-08 1.55321e-07 3.66489e-07 8.23862e-07 1.76569e-06 3.61084e-06 7.05298e-06 1.3174e-05 2.35631e-05 4.0419e-05 6.66077e-05 0.000105651 0.000161632 0.000239031 0.00034251 0.000476713 0.00064611 0.000854953 0.00110733 0.00140732 0.0017592 0.00216767 0.00263791 0.00317567 0.00378706 0.00447833 0.00525552 0.00612401 0.00708818 0.00815103 0.00931396 0.0105766 0.011937 0.0133911 0.0149338 0.0165581 0.0182564 0.0200197 0.0218385 0.0237028 0.0256022 0.0275262 0.0294642 0.0314058 0.0333408 0.0352592 0.0371516 0.0390091 0.0408232 0.0425862 0.0442911 0.0459314 0.0475016 0.0489967 0.0504125 0.0517454 0.0529926 0.0541515 0.0552205 0.0561981 0.0570835 0.0578759 0.0585749 0.0591805 0.0596927 0.0601114 0.0604369 0.0606692 0.0608085 0.060855 0.0608085 0.0606692 0.0604369 0.0601114 0.0596927 0.0591805 0.0585749 0.0578759 0.0570835 0.0561981 0.0552205 0.0541515 0.0529926 0.0517454 0.0504125 0.0489967 0.0475016 0.0459314 0.0442911 0.0425862 0.0408232 0.0390091 0.0371516 0.0352592 0.0333408 0.0314058 0.0294642 0.0275262 0.0256022 0.0237028 0.0218385 0.0200197 0.0182564 0.0165581 0.0149338 0.0133911 0.011937 0.0105766 0.00931396 0.00815103 0.00708818 0.00612401 0.00525552 0.00447833 0.00378706 0.00317567 0.00263791 0.00216767 0.0017592 0.00140732 0.00110733 0.000854953 0.00064611 0.000476713 0.00034251 0.000239031 0.000161632 0.000105651 6.66077e-05 4.0419e-05 2.35631e-05 1.3174e-05 7.05298e-06 3.61084e-06 1.76569e-06 8.23862e-07 3.66489e-07 1.55321e-07 6.26783e-08 2.40729e-08 8.79653e-09 3.05741e-09 1.01058e-09 3.17621e-10 9.49124e-11 2.69644e-11 7.28277e-12 1.86995e-12 4.56441e-13 1.05914e-13 2.33625e-14 4.89857e-15 9.76283e-16 1.84928e-16 3.32889e-17 5.69387e-18 9.25225e-19 1.42799e-19 2.09281e-20 2.91159e-21 3.84387e-22 4.8136e-23 5.71522e-24 6.43024e-25 6.85163e-26 6.90944e-27 6.5893e-28 5.92099e-29 2.9256e-30 
0 5.60458e-29 6.32435e-28 6.69943e-27 6.71163e-26 6.364e-25 5.71522e-24 4.86401e-23 3.92501e-22 3.0045e-21 2.18255e-20 1.5051e-19 9.85604e-19 6.13037e-18 3.62247e-17 2.03389e-16 1.08521e-15 5.50296e-15 2.65221e-14 1.21496e-13 5.29015e-13 2.18937e-12 8.61217e-12 3.21985e-11 1.14414e-10 3.864e-10 1.24025e-09 3.78364e-09 1.09715e-08 3.02434e-08 7.92652e-08 1.97577e-07 4.68545e-07 1.05764e-06 2.27384e-06 4.65967e-06 9.11032e-06 1.70133e-05 3.03876e-05 5.19916e-05 8.53616e-05 0.000134756 0.000204993 0.000301216 0.000428627 0.000592274 0.000796947 0.00104723 0.0013477 0.0017032 0.00211914 0.00260171 0.00315792 0.00379546 0.00452237 0.00534655 0.00627524 0.00731446 0.0084686 0.0097401 0.0111293 0.0126344 0.0142516 0.0159752 0.0177981 0.0197116 0.0217061 0.0237711 0.0258955 0.0280676 0.0302754 0.0325068 0.0347498 0.0369922 0.0392225 0.0414293 0.0436018 0.0457299 0.0478044 0.0498165 0.0517588 0.0536244 0.0554075 0.0571034 0.058708 0.0602181 0.0616313 0.062946 0.0641612 0.0652762 0.066291 0.0672058 0.0680212 0.0687379 0.0693567 0.0698785 0.0703041 0.0706342 0.0708695 0.0710105 0.0710575 0.0710105 0.0708695 0.0706342 0.0703041 0.0698785 0.0693567 0.0687379 0.0680212 0.0672058 0.066291 0.0652762 0.0641612 0.062946 0.0616313 0.0602181 0.058708 0.0571034 0.0554075 0.0536244 0.0517588 0.0498165 0.0478044 0.0457299 0.0436018 0.0414293 0.0392225 0.0369922 0.0347498 0.0325068 0.0302754 0.0280676 0.0258955 0.0237711 0.0217061 0.0197116 0.0177981 0.0159752 0.0142516 0.0126344 0.0111293 0.0097401 0.0084686 0.00731446 0.00627524 0.00534655 0.00452237 0.00379546 0.00315792 0.00260171 0.00211914 0.0017032 0.0013477 0.00104723 0.000796947 0.000592274 0.000428627 0.000301216 0.000204993 0.000134756 8.53616e-05 5.19916e-05 3.03876e-05 1.70133e-05 9.11032e-06 4.65967e-06 2.27384e-06 1.05764e-06 4.68545e-07 1.97577e-07 7.92652e-08 3.02434e-08 1.09715e-08 3.78364e-09 1.24025e-09 3.864e-10 1.14414e-10 3.21985e-11 8.61217e-12 2.18937e-12 5.29015e-13 1.21496e-13 2.65221e-14 5.50296e-15 1.08521e-15 2.03389e-16 3.62247e-17 6.13037e-18 9.85604e-19 1.5051e-19 2.18255e-20 3.0045e-21 3.92501e-22 4.86401e-23 5.71522e-24 6.364e-25 6.71163e-26 6.69927e-27 6.30491e-28 3.30624e-29 
0 5.90339e-28 6.36311e-27 6.44011e-26 6.16931e-25 5.59771e-24 4.8136e-23 3.92501e-22 3.03613e-21 2.22884e-20 1.55333e-19 1.02802e-18 6.46242e-18 3.85946e-17 2.19009e-16 1.181e-15 6.05231e-15 2.94779e-14 1.36452e-13 6.00299e-13 2.50982e-12 9.97205e-12 3.76501e-11 1.35069e-10 4.60395e-10 1.49095e-09 4.58713e-09 1.34079e-08 3.72346e-08 9.82516e-08 2.46388e-07 5.8736e-07 1.33158e-06 2.87234e-06 5.89945e-06 1.15471e-05 2.15622e-05 3.84623e-05 6.56415e-05 0.000107376 0.000168704 0.00025518 0.000372562 0.00052651 0.000722397 0.000965313 0.00126027 0.00161256 0.00202818 0.00251418 0.00307875 0.00373113 0.00448121 0.00533889 0.00631338 0.00741252 0.00864223 0.0100061 0.0115051 0.0131379 0.0149007 0.0167877 0.0187914 0.0209026 0.023111 0.0254052 0.0277731 0.0302018 0.0326778 0.0351874 0.0377166 0.0402514 0.042778 0.0452829 0.0477533 0.0501771 0.052543 0.0548408 0.0570617 0.0591976 0.0612419 0.0631892 0.0650351 0.0667766 0.0684113 0.0699381 0.0713564 0.0726665 0.0738692 0.0749657 0.0759576 0.0768469 0.0776354 0.0783252 0.0789183 0.0794166 0.0798218 0.0801354 0.0803585 0.080492 0.0805364 0.080492 0.0803585 0.0801354 0.0798218 0.0794166 0.0789183 0.0783252 0.0776354 0.0768469 0.0759576 0.0749657 0.0738692 0.0726665 0.0713564 0.0699381 0.0684113 0.0667766 0.0650351 0.0631892 0.0612419 0.0591976 0.0570617 0.0548408 0.052543 0.0501771 0.0477533 0.0452829 0.042778 0.0402514 0.0377166 0.0351874 0.0326778 0.0302018 0.0277731 0.0254052 0.023111 0.0209026 0.0187914 0.0167877 0.0149007 0.0131379 0.0115051 0.0100061 0.00864223 0.00741252 0.00631338 0.00533889 0.00448121 0.00373113 0.00307875 0.00251418 0.00202818 0.00161256 0.00126027 0.000965313 0.000722397 0.00052651 0.000372562 0.00025518 0.000168704 0.000107376 6.56415e-05 3.84623e-05 2.15622e-05 1.15471e-05 5.89945e-06 2.87234e-06 1.33158e-06 5.8736e-07 2.46388e-07 9.82516e-08 3.72346e-08 1.34079e-08 4.58713e-09 1.49095e-09 4.60395e-10 1.35069e-10 3.76501e-11 9.97205e-12 2.50982e-12 6.00299e-13 1.36452e-13 2.94779e-14 6.05231e-15 1.181e-15 2.19009e-16 3.85946e-17 6.46242e-18 1.02802e-18 1.55333e-19 2.22884e-20 3.03613e-21 3.92501e-22 4.8136e-23 5.59771e-24 6.16931e-25 6.43994e-26 6.34202e-27 3.52677e-28 
0 5.87321e-27 6.05284e-26 5.85795e-25 5.36987e-24 4.66549e-23 3.84387e-22 3.0045e-21 2.22884e-20 1.56975e-19 1.04991e-18 6.67019e-18 4.02597e-17 2.30892e-16 1.25833e-15 6.51708e-15 3.2077e-14 1.50043e-13 6.66955e-13 2.81718e-12 1.13065e-11 4.31122e-11 1.56163e-10 5.37297e-10 1.75575e-09 5.44853e-09 1.6056e-08 4.49284e-08 1.19383e-07 3.01259e-07 7.22094e-07 1.6445e-06 3.55999e-06 7.32994e-06 1.4366e-05 2.68284e-05 4.78009e-05 8.1383e-05 0.000132647 0.000207429 0.000311994 0.000452636 0.000635379 0.000865863 0.00114952 0.00149199 0.00189967 0.00238023 0.00294289 0.00359837 0.0043584 0.00523503 0.00623966 0.0073822 0.00867029 0.0101088 0.0116998 0.0134423 0.0153328 0.0173655 0.0195326 0.0218247 0.0242309 0.0267391 0.0293361 0.0320076 0.0347386 0.0375133 0.0403155 0.0431287 0.0459365 0.0487229 0.0514726 0.054171 0.0568049 0.0593623 0.0618327 0.064207 0.0664779 0.0686393 0.070687 0.0726177 0.0744298 0.0761226 0.0776966 0.079153 0.0804938 0.0817215 0.0828391 0.08385 0.0847577 0.0855656 0.0862774 0.0868963 0.0874257 0.0878683 0.0882268 0.0885033 0.0886996 0.0888168 0.0888558 0.0888168 0.0886996 0.0885033 0.0882268 0.0878683 0.0874257 0.0868963 0.0862774 0.0855656 0.0847577 0.08385 0.0828391 0.0817215 0.0804938 0.079153 0.0776966 0.0761226 0.0744298 0.0726177 0.070687 0.0686393 0.0664779 0.064207 0.0618327 0.0593623 0.0568049 0.054171 0.0514726 0.0487229 0.0459365 0.0431287 0.0403155 0.0375133 0.0347386 0.0320076 0.0293361 0.0267391 0.0242309 0.0218247 0.0195326 0.0173655 0.0153328 0.0134423 0.0116998 0.0101088 0.00867029 0.0073822 0.00623966 0.00523503 0.0043584 0.00359837 0.00294289 0.00238023 0.00189967 0.00149199 0.00114952 0.000865863 0.000635379 0.000452636 0.000311994 0.000207429 0.000132647 8.1383e-05 4.78009e-05 2.68284e-05 1.4366e-05 7.32994e-06 3.55999e-06 1.6445e-06 7.22094e-07 3.01259e-07 1.19383e-07 4.49284e-08 1.6056e-08 5.44853e-09 1.75575e-09 5.37297e-10 1.56163e-10 4.31122e-11 1.13065e-11 2.81718e-12 6.66955e-13 1.50043e-13 3.2077e-14 6.51708e-15 1.25833e-15 2.30892e-16 4.02597e-17 6.67019e-18 1.04991e-18 1.56975e-19 2.22884e-20 3.0045e-21 3.84387e-22 4.66549e-23 5.36987e-24 5.85776e-25 6.03127e-26 3.55433e-27 
0 5.52376e-26 5.44775e-25 5.04533e-24 4.42866e-23 3.68656e-22 2.91159e-21 2.18255e-20 1.55333e-19 1.04991e-18 6.74092e-18 4.1119e-17 2.38328e-16 1.31267e-15 6.87067e-15 3.41751e-14 1.61538e-13 7.25549e-13 3.09632e-12 1.25534e-11 4.83454e-11 1.76832e-10 6.14199e-10 2.02548e-09 6.34095e-09 1.88419e-08 5.31367e-08 1.42213e-07 3.61207e-07 8.7074e-07 1.9926e-06 4.33009e-06 8.94003e-06 1.75491e-05 3.27837e-05 5.83561e-05 9.9132e-05 0.000161017 0.000250645 0.000374927 0.000540601 0.00075396 0.0010209 0.00134733 0.00173985 0.00220647 0.00275712 0.00340376 0.00415994 0.0050399 0.00605749 0.00722494 0.00855197 0.0100451 0.0117075 0.0135392 0.015537 0.0176955 0.0200069 0.0224617 0.0250488 0.0277554 0.0305673 0.0334686 0.0364423 0.0394703 0.0425334 0.0456123 0.0486874 0.0517396 0.0547505 0.057703 0.0605814 0.0633717 0.0660619 0.0686417 0.071103 0.0734394 0.0756467 0.0777219 0.0796639 0.081473 0.0831505 0.084699 0.0861217 0.0874229 0.088607 0.0896791 0.0906443 0.0915081 0.0922757 0.0929522 0.0935428 0.0940519 0.094484 0.0948428 0.0951317 0.0953535 0.0955103 0.0956037 0.0956347 0.0956037 0.0955103 0.0953535 0.0951317 0.0948428 0.094484 0.0940519 0.0935428 0.0929522 0.0922757 0.0915081 0.0906443 0.0896791 0.088607 0.0874229 0.0861217 0.084699 0.0831505 0.081473 0.0796639 0.0777219 0.0756467 0.0734394 0.071103 0.0686417 0.0660619 0.0633717 0.0605814 0.057703 0.0547505 0.0517396 0.0486874 0.0456123 0.0425334 0.0394703 0.0364423 0.0334686 0.0305673 0.0277554 0.0250488 0.0224617 0.0200069 0.0176955 0.015537 0.0135392 0.0117075 0.0100451 0.00855197 0.00722494 0.00605749 0.0050399 0.00415994 0.00340376 0.00275712 0.00220647 0.00173985 0.00134733 0.0010209 0.00075396 0.000540601 0.000374927 0.000250645 0.000161017 9.9132e-05 5.83561e-05 3.27837e-05 1.75491e-05 8.94003e-06 4.33009e-06 1.9926e-06 8.7074e-07 3.61207e-07 1.42213e-07 5.31367e-08 1.88419e-08 6.34095e-09 2.02548e-09 6.14199e-10 1.76832e-10 4.83454e-11 1.25534e-11 3.09632e-12 7.25549e-13 1.61538e-13 3.41751e-14 6.87067e-15 1.31267e-15 2.38328e-16 4.1119e-17 6.74092e-18 1.04991e-18 1.55333e-19 2.18255e-20 2.91159e-21 3.68656e-22 4.42866e-23 5.04514e-24 5.42693e-25 3.38727e-26 
0 4.91484e-25 4.64238e-24 4.11709e-23 3.46255e-22 2.76304e-21 2.09281e-20 1.5051e-19 1.02802e-18 6.67019e-18 4.1119e-17 2.4086e-16 1.34071e-15 7.09194e-15 3.56493e-14 1.70283e-13 7.72835e-13 3.33234e-12 1.36487e-11 5.30939e-11 1.9612e-10 6.87755e-10 2.28922e-09 7.2309e-09 2.16699e-08 6.16035e-08 1.66101e-07 4.24742e-07 1.03004e-06 2.36922e-06 5.16983e-06 1.07064e-05 2.10557e-05 3.93588e-05 7.00118e-05 0.000118695 0.000192168 0.00029783 0.000443161 0.000635233 0.000880543 0.0011853 0.00155613 0.00200104 0.00253027 0.00315661 0.00389516 0.00476237 0.00577467 0.00694699 0.00829148 0.00981674 0.0115275 0.0134248 0.0155066 0.0177679 0.0202014 0.0227981 0.0255467 0.028434 0.0314447 0.0345615 0.0377648 0.0410338 0.044346 0.0476783 0.0510075 0.0543109 0.0575668 0.0607548 0.0638567 0.0668564 0.0697401 0.0724963 0.075116 0.0775925 0.0799215 0.0821003 0.0841284 0.0860069 0.0877383 0.0893264 0.0907759 0.0920927 0.0932829 0.0943534 0.0953114 0.0961642 0.0969189 0.097583 0.0981632 0.0986664 0.0990986 0.0994658 0.099773 0.100025 0.100226 0.100378 0.100485 0.100549 0.10057 0.100549 0.100485 0.100378 0.100226 0.100025 0.099773 0.0994658 0.0990986 0.0986664 0.0981632 0.097583 0.0969189 0.0961642 0.0953114 0.0943534 0.0932829 0.0920927 0.0907759 0.0893264 0.0877383 0.0860069 0.0841284 0.0821003 0.0799215 0.0775925 0.075116 0.0724963 0.0697401 0.0668564 0.0638567 0.0607548 0.0575668 0.0543109 0.0510075 0.0476783 0.044346 0.0410338 0.0377648 0.0345615 0.0314447 0.028434 0.0255467 0.0227981 0.0202014 0.0177679 0.0155066 0.0134248 0.0115275 0.00981674 0.00829148 0.00694699 0.00577467 0.00476237 0.00389516 0.00315661 0.00253027 0.00200104 0.00155613 0.0011853 0.000880543 0.000635233 0.000443161 0.00029783 0.000192168 0.000118695 7.00118e-05 3.93588e-05 2.10557e-05 1.07064e-05 5.16983e-06 2.36922e-06 1.03004e-06 4.24742e-07 1.66101e-07 6.16035e-08 2.16699e-08 7.2309e-09 2.28922e-09 6.87755e-10 1.9612e-10 5.30939e-11 1.36487e-11 3.33234e-12 7.72835e-13 1.70283e-13 3.56493e-14 7.09194e-15 1.34071e-15 2.4086e-16 4.1119e-17 6.67019e-18 1.02802e-18 1.5051e-19 2.09281e-20 2.76304e-21 3.46255e-22 4.11691e-23 4.62341e-24 3.05487e-25 
0 4.13999e-24 3.74798e-23 3.18483e-22 2.56769e-21 1.96506e-20 1.42799e-19 9.85604e-19 6.46242e-18 4.02597e-17 2.38328e-16 1.34071e-15 7.16726e-15 3.641e-14 1.75754e-13 8.06052e-13 3.51181e-12 1.45323e-11 5.71059e-11 2.13046e-10 7.54406e-10 2.53489e-09 8.08009e-09 2.44265e-08 7.00141e-08 1.90234e-07 4.89884e-07 1.19551e-06 2.7648e-06 6.06005e-06 1.25927e-05 2.48206e-05 4.6441e-05 8.25803e-05 0.000139768 0.000225616 0.000348242 0.000515594 0.000734981 0.00101308 0.00135653 0.00177306 0.00227265 0.00286837 0.00357638 0.00441511 0.00540365 0.00655992 0.00789899 0.00943197 0.0111656 0.0131026 0.015242 0.01758 0.0201104 0.0228246 0.025712 0.0287591 0.0319498 0.035265 0.0386828 0.0421789 0.0457272 0.0493004 0.0528712 0.0564128 0.0598996 0.0633082 0.0666172 0.0698081 0.0728652 0.0757756 0.0785291 0.0811186 0.0835391 0.0857883 0.087866 0.089774 0.0915158 0.0930965 0.0945223 0.0958007 0.0969399 0.0979487 0.0988362 0.099612 0.100286 0.100866 0.101363 0.101786 0.102142 0.102439 0.102685 0.102886 0.103048 0.103176 0.103275 0.103349 0.103399 0.103428 0.103438 0.103428 0.103399 0.103349 0.103275 0.103176 0.103048 0.102886 0.102685 0.102439 0.102142 0.101786 0.101363 0.100866 0.100286 0.099612 0.0988362 0.0979487 0.0969399 0.0958007 0.0945223 0.0930965 0.0915158 0.089774 0.087866 0.0857883 0.0835391 0.0811186 0.0785291 0.0757756 0.0728652 0.0698081 0.0666172 0.0633082 0.0598996 0.0564128 0.0528712 0.0493004 0.0457272 0.0421789 0.0386828 0.035265 0.0319498 0.0287591 0.025712 0.0228246 0.0201104 0.01758 0.015242 0.0131026 0.0111656 0.00943197 0.00789899 0.00655992 0.00540365 0.00441511 0.00357638 0.00286837 0.00227265 0.00177306 0.00135653 0.00101308 0.000734981 0.000515594 0.000348242 0.000225616 0.000139768 8.25803e-05 4.6441e-05 2.48206e-05 1.25927e-05 6.06005e-06 2.7648e-06 1.19551e-06 4.89884e-07 1.90234e-07 7.00141e-08 2.44265e-08 8.08009e-09 2.53489e-09 7.54406e-10 2.13046e-10 5.71059e-11 1.45323e-11 3.51181e-12 8.06052e-13 1.75754e-13 3.641e-14 7.16726e-15 1.34071e-15 2.38328e-16 4.02597e-17 6.46242e-18 9.85604e-19 1.42799e-19 1.96506e-20 2.56769e-21 3.18466e-22 3.73165e-23 2.60909e-24 
0 3.30349e-23 2.86832e-22 2.33661e-21 1.80674e-20 1.32662e-19 9.25225e-19 6.13037e-18 3.85946e-17 2.30892e-16 1.31267e-15 7.09194e-15 3.641e-14 1.77617e-13 8.2319e-13 3.62408e-12 1.51527e-11 6.01549e-11 2.26688e-10 8.10655e-10 2.75014e-09 8.84801e-09 2.69875e-08 7.80126e-08 2.13658e-07 5.54251e-07 1.36156e-06 3.1671e-06 6.97559e-06 1.45503e-05 2.87545e-05 5.38752e-05 9.58036e-05 0.000161937 0.000260726 0.000400937 0.000590887 0.000838037 0.00114926 0.00153189 0.00199518 0.00255172 0.00321797 0.00401382 0.00496086 0.00608025 0.00739042 0.00890558 0.0106351 0.0125836 0.0147518 0.0171376 0.019736 0.02254 0.0255397 0.0287221 0.0320704 0.0355639 0.0391782 0.0428855 0.0466555 0.0504567 0.0542571 0.0580256 0.0617326 0.0653509 0.068856 0.0722267 0.0754447 0.0784953 0.0813668 0.0840507 0.0865414 0.0888364 0.0909354 0.0928408 0.0945571 0.0960904 0.0974488 0.0986415 0.0996787 0.100572 0.101332 0.101971 0.102501 0.102934 0.103281 0.103553 0.103762 0.103917 0.104026 0.1041 0.104145 0.104168 0.104176 0.104174 0.104166 0.104157 0.104147 0.104141 0.104139 0.104141 0.104147 0.104157 0.104166 0.104174 0.104176 0.104168 0.104145 0.1041 0.104026 0.103917 0.103762 0.103553 0.103281 0.102934 0.102501 0.101971 0.101332 0.100572 0.0996787 0.0986415 0.0974488 0.0960904 0.0945571 0.0928408 0.0909354 0.0888364 0.0865414 0.0840507 0.0813668 0.0784953 0.0754447 0.0722267 0.068856 0.0653509 0.0617326 0.0580256 0.0542571 0.0504567 0.0466555 0.0428855 0.0391782 0.0355639 0.0320704 0.0287221 0.0255397 0.02254 0.019736 0.0171376 0.0147518 0.0125836 0.0106351 0.00890558 0.00739042 0.00608025 0.00496086 0.00401382 0.00321797 0.00255172 0.00199518 0.00153189 0.00114926 0.000838037 0.000590887 0.000400937 0.000260726 0.000161937 9.58036e-05 5.38752e-05 2.87545e-05 1.45503e-05 6.97559e-06 3.1671e-06 1.36156e-06 5.54251e-07 2.13658e-07 7.80126e-08 2.69875e-08 8.84801e-09 2.75014e-09 8.10655e-10 2.26688e-10 6.01549e-11 1.51527e-11 3.62408e-12 8.2319e-13 1.77617e-13 3.641e-14 7.09194e-15 1.31267e-15 2.30892e-16 3.85946e-17 6.13037e-18 9.25225e-19 1.32662e-19 1.80674e-20 2.33647e-21 2.85503e-22 2.11161e-23 
0 2.49844e-22 2.08182e-21 1.62659e-20 1.20675e-19 8.50416e-19 5.69387e-18 3.62247e-17 2.19009e-16 1.25833e-15 6.87067e-15 3.56493e-14 1.75754e-13 8.2319e-13 3.66229e-12 1.54727e-11 6.20616e-11 2.36262e-10 8.53368e-10 2.92342e-09 9.49503e-09 2.92267e-08 8.52252e-08 2.35339e-07 6.15181e-07 1.52181e-06 3.56175e-06 7.8862e-06 1.65195e-05 3.27469e-05 6.1468e-05 0.000109361 0.000184697 0.000296734 0.000454813 0.000667524 0.000942425 0.00128668 0.00170861 0.00221955 0.00283528 0.00357615 0.0044658 0.00552857 0.00678673 0.00825822 0.00995558 0.0118861 0.0140525 0.0164547 0.0190896 0.0219521 0.025034 0.028323 0.0318025 0.0354505 0.0392401 0.0431401 0.0471159 0.0511315 0.0551502 0.0591363 0.063056 0.0668781 0.0705743 0.0741201 0.0774943 0.0806793 0.0836612 0.0864296 0.0889779 0.0913023 0.0934027 0.0952817 0.0969446 0.0983991 0.099655 0.100724 0.101618 0.102351 0.102937 0.103391 0.103727 0.103961 0.104105 0.104173 0.104178 0.104132 0.104046 0.10393 0.103794 0.103646 0.103494 0.103345 0.103204 0.103076 0.102966 0.102877 0.102812 0.102772 0.102758 0.102772 0.102812 0.102877 0.102966 0.103076 0.103204 0.103345 0.103494 0.103646 0.103794 0.10393 0.104046 0.104132 0.104178 0.104173 0.104105 0.103961 0.103727 0.103391 0.102937 0.102351 0.101618 0.100724 0.099655 0.0983991 0.0969446 0.0952817 0.0934027 0.0913023 0.0889779 0.0864296 0.0836612 0.0806793 0.0774943 0.0741201 0.0705743 0.0668781 0.063056 0.0591363 0.0551502 0.0511315 0.0471159 0.0431401 0.0392401 0.0354505 0.0318025 0.028323 0.025034 0.0219521 0.0190896 0.0164547 0.0140525 0.0118861 0.00995558 0.00825822 0.00678673 0.00552857 0.0044658 0.00357615 0.00283528 0.00221955 0.00170861 0.00128668 0.000942425 0.000667524 0.000454813 0.000296734 0.000184697 0.000109361 6.1468e-05 3.27469e-05 1.65195e-05 7.8862e-06 3.56175e-06 1.52181e-06 6.15181e-07 2.35339e-07 8.52252e-08 2.92267e-08 9.49503e-09 2.92342e-09 8.53368e-10 2.36262e-10 6.20616e-11 1.54727e-11 3.66229e-12 8.2319e-13 1.75754e-13 3.56493e-14 6.87067e-15 1.25833e-15 2.19009e-16 3.62247e-17 5.69387e-18 8.50416e-19 1.20675e-19 1.62648e-20 2.07159e-21 1.62037e-22 
0 1.79186e-21 1.43363e-20 1.0748e-19 7.65327e-19 5.17787e-18 3.32889e-17 2.03389e-16 1.181e-15 6.51708e-15 3.41751e-14 1.70283e-13 8.06052e-13 3.62408e-12 1.54727e-11 6.27105e-11 2.41199e-10 8.80062e-10 3.04493e-09 9.98576e-09 3.10261e-08 9.12884e-08 2.5424e-07 6.69912e-07 1.6694e-06 3.93299e-06 8.75802e-06 1.84323e-05 3.66704e-05 6.8995e-05 0.00012288 0.000207465 0.000332775 0.000508654 0.000743877 0.00104609 0.00142288 0.00188395 0.00244324 0.0031203 0.00393965 0.00492842 0.00611293 0.00751556 0.00915283 0.0110352 0.0131681 0.0155535 0.0181909 0.0210775 0.0242075 0.0275705 0.0311506 0.0349251 0.0388651 0.0429362 0.0470999 0.0513155 0.0555416 0.0597379 0.063866 0.0678901 0.0717779 0.0755006 0.0790331 0.0823543 0.085447 0.0882983 0.0908994 0.0932455 0.095336 0.0971738 0.0987653 0.10012 0.101249 0.102168 0.10289 0.103433 0.103815 0.104051 0.104161 0.10416 0.104065 0.103892 0.103655 0.103369 0.103047 0.1027 0.102339 0.101974 0.101613 0.101265 0.100936 0.100632 0.100359 0.100121 0.099921 0.0997626 0.099648 0.0995785 0.0995553 0.0995785 0.099648 0.0997626 0.099921 0.100121 0.100359 0.100632 0.100936 0.101265 0.101613 0.101974 0.102339 0.1027 0.103047 0.103369 0.103655 0.103892 0.104065 0.10416 0.104161 0.104051 0.103815 0.103433 0.10289 0.102168 0.101249 0.10012 0.0987653 0.0971738 0.095336 0.0932455 0.0908994 0.0882983 0.085447 0.0823543 0.0790331 0.0755006 0.0717779 0.0678901 0.063866 0.0597379 0.0555416 0.0513155 0.0470999 0.0429362 0.0388651 0.0349251 0.0311506 0.0275705 0.0242075 0.0210775 0.0181909 0.0155535 0.0131681 0.0110352 0.00915283 0.00751556 0.00611293 0.00492842 0.00393965 0.0031203 0.00244324 0.00188395 0.00142288 0.00104609 0.000743877 0.000508654 0.000332775 0.000207465 0.00012288 6.8995e-05 3.66704e-05 1.84323e-05 8.75802e-06 3.93299e-06 1.6694e-06 6.69912e-07 2.5424e-07 9.12884e-08 3.10261e-08 9.98576e-09 3.04493e-09 8.80062e-10 2.41199e-10 6.27105e-11 1.54727e-11 3.62408e-12 8.06052e-13 1.70283e-13 3.41751e-14 6.51708e-15 1.181e-15 2.03389e-16 3.32889e-17 5.17787e-18 7.65326e-19 1.07472e-19 1.42618e-20 1.17954e-21 
0 1.21918e-20 9.37085e-20 6.74346e-19 4.61008e-18 2.99505e-17 1.84928e-16 1.08521e-15 6.05231e-15 3.2077e-14 1.61538e-13 7.72835e-13 3.51181e-12 1.51527e-11 6.20616e-11 2.41199e-10 8.89144e-10 3.10755e-09 1.02922e-08 3.22864e-08 9.58791e-08 2.69393e-07 7.15776e-07 1.79753e-06 4.26467e-06 9.55558e-06 2.02164e-05 4.03869e-05 7.62115e-05 0.000135956 0.00022961 0.000367927 0.000561183 0.000818281 0.00114696 0.00155546 0.00205521 0.00266336 0.00340362 0.00430471 0.00539677 0.00670716 0.00825731 0.0100617 0.012129 0.0144636 0.0170677 0.0199415 0.0230822 0.0264824 0.0301278 0.0339963 0.0380576 0.0422748 0.0466057 0.0510052 0.0554274 0.0598272 0.0641613 0.0683893 0.0724735 0.0763803 0.0800796 0.0835454 0.0867566 0.0896967 0.0923544 0.0947233 0.0968023 0.0985948 0.100108 0.101354 0.102347 0.103102 0.10364 0.103979 0.10414 0.104142 0.104007 0.103753 0.1034 0.102966 0.102467 0.101919 0.101337 0.100733 0.100121 0.09951 0.0989107 0.0983316 0.0977803 0.0972635 0.096787 0.0963558 0.0959742 0.0956456 0.095373 0.0951586 0.0950043 0.0949112 0.0948801 0.0949112 0.0950043 0.0951586 0.095373 0.0956456 0.0959742 0.0963558 0.096787 0.0972635 0.0977803 0.0983316 0.0989107 0.09951 0.100121 0.100733 0.101337 0.101919 0.102467 0.102966 0.1034 0.103753 0.104007 0.104142 0.10414 0.103979 0.10364 0.103102 0.102347 0.101354 0.100108 0.0985948 0.0968023 0.0947233 0.0923544 0.0896967 0.0867566 0.0835454 0.0800796 0.0763803 0.0724735 0.0683893 0.0641613 0.0598272 0.0554274 0.0510052 0.0466057 0.0422748 0.0380576 0.0339963 0.0301278 0.0264824 0.0230822 0.0199415 0.0170677 0.0144636 0.012129 0.0100617 0.00825731 0.00670716 0.00539677 0.00430471 0.00340362 0.00266336 0.00205521 0.00155546 0.00114696 0.000818281 0.000561183 0.000367927 0.00022961 0.000135956 7.62115e-05 4.03869e-05 2.02164e-05 9.55558e-06 4.26467e-06 1.79753e-06 7.15776e-07 2.69393e-07 9.58791e-08 3.22864e-08 1.02922e-08 3.10755e-09 8.89144e-10 2.41199e-10 6.20616e-11 1.51527e-11 3.51181e-12 7.72835e-13 1.61538e-13 3.2077e-14 6.05231e-15 1.08521e-15 1.84928e-16 2.99505e-17 4.61007e-18 6.74284e-19 9.31948e-20 8.14905e-21 
0 7.87291e-20 5.8159e-19 4.01853e-18 2.63819e-17 1.64617e-16 9.76283e-16 5.50296e-15 2.94779e-14 1.50043e-13 7.25549e-13 3.33234e-12 1.45323e-11 6.01549e-11 2.36262e-10 8.80062e-10 3.10755e-09 1.03964e-08 3.29355e-08 9.87426e-08 2.79989e-07 7.50419e-07 1.89992e-06 4.54143e-06 1.02441e-05 2.17989e-05 4.37557e-05 8.2865e-05 0.000148167 0.00025048 0.000401246 0.000611119 0.000889095 0.00124306 0.0016821 0.00221982 0.002877 0.00368182 0.00466701 0.00586498 0.00730307 0.00900104 0.0109713 0.0132212 0.0157556 0.0185779 0.0216892 0.0250859 0.028757 0.032682 0.0368308 0.0411645 0.0456381 0.0502025 0.0548075 0.0594034 0.0639419 0.0683771 0.0726657 0.0767678 0.0806473 0.0842723 0.0876166 0.0906593 0.0933861 0.0957889 0.0978657 0.0996204 0.101062 0.102204 0.103062 0.103657 0.104011 0.104144 0.104082 0.103847 0.103462 0.102949 0.102331 0.101626 0.100855 0.100035 0.0991811 0.0983093 0.0974324 0.0965625 0.0957101 0.0948846 0.0940941 0.0933459 0.0926459 0.0919995 0.0914111 0.0908842 0.0904222 0.0900273 0.0897017 0.0894469 0.0892642 0.0891542 0.0891174 0.0891542 0.0892642 0.0894469 0.0897017 0.0900273 0.0904222 0.0908842 0.0914111 0.0919995 0.0926459 0.0933459 0.0940941 0.0948846 0.0957101 0.0965625 0.0974324 0.0983093 0.0991811 0.100035 0.100855 0.101626 0.102331 0.102949 0.103462 0.103847 0.104082 0.104144 0.104011 0.103657 0.103062 0.102204 0.101062 0.0996204 0.0978657 0.0957889 0.0933861 0.0906593 0.0876166 0.0842723 0.0806473 0.0767678 0.0726657 0.0683771 0.0639419 0.0594034 0.0548075 0.0502025 0.0456381 0.0411645 0.0368308 0.032682 0.028757 0.0250859 0.0216892 0.0185779 0.0157556 0.0132212 0.0109713 0.00900104 0.00730307 0.00586498 0.00466701 0.00368182 0.002877 0.00221982 0.0016821 0.00124306 0.000889095 0.000611119 0.000401246 0.00025048 0.000148167 8.2865e-05 4.37557e-05 2.17989e-05 1.02441e-05 4.54143e-06 1.89992e-06 7.50419e-07 2.79989e-07 9.87426e-08 3.29355e-08 1.03964e-08 3.10755e-09 8.80062e-10 2.36262e-10 6.01549e-11 1.45323e-11 3.33234e-12 7.25549e-13 1.50043e-13 2.94779e-14 5.50296e-15 9.76283e-16 1.64617e-16 2.63819e-17 4.01811e-18 5.78238e-19 5.34539e-20 
0 4.82677e-19 3.42835e-18 2.27507e-17 1.4346e-16 8.59864e-16 4.89857e-15 2.65221e-14 1.36452e-13 6.66955e-13 3.09632e-12 1.36487e-11 5.71059e-11 2.26688e-10 8.53368e-10 3.04493e-09 1.02922e-08 3.29355e-08 9.97158e-08 2.8544e-07 7.71994e-07 1.97135e-06 4.74981e-06 1.07919e-05 2.31117e-05 4.66417e-05 8.87094e-05 0.000159102 0.000269435 0.000431808 0.000657224 0.00095476 0.00133252 0.00180066 0.00237531 0.00308125 0.00395124 0.00502162 0.00632622 0.00789148 0.009735 0.0118675 0.0142965 0.0170284 0.0200684 0.0234179 0.0270707 0.0310099 0.0352068 0.0396222 0.0442088 0.0489147 0.0536857 0.0584677 0.0632074 0.0678531 0.072355 0.0766662 0.080743 0.084547 0.0880454 0.0912125 0.0940301 0.0964879 0.0985831 0.10032 0.101708 0.102762 0.103503 0.103951 0.104131 0.104068 0.10379 0.103322 0.10269 0.10192 0.101036 0.100061 0.0990164 0.0979218 0.0967955 0.095654 0.0945118 0.0933821 0.0922763 0.0912043 0.0901745 0.0891943 0.0882699 0.0874062 0.0866075 0.0858773 0.0852184 0.0846329 0.0841227 0.0836891 0.0833331 0.0830555 0.0828568 0.0827375 0.0826977 0.0827375 0.0828568 0.0830555 0.0833331 0.0836891 0.0841227 0.0846329 0.0852184 0.0858773 0.0866075 0.0874062 0.0882699 0.0891943 0.0901745 0.0912043 0.0922763 0.0933821 0.0945118 0.095654 0.0967955 0.0979218 0.0990164 0.100061 0.101036 0.10192 0.10269 0.103322 0.10379 0.104068 0.104131 0.103951 0.103503 0.102762 0.101708 0.10032 0.0985831 0.0964879 0.0940301 0.0912125 0.0880454 0.084547 0.080743 0.0766662 0.072355 0.0678531 0.0632074 0.0584677 0.0536857 0.0489147 0.0442088 0.0396222 0.0352068 0.0310099 0.0270707 0.0234179 0.0200684 0.0170284 0.0142965 0.0118675 0.009735 0.00789148 0.00632622 0.00502162 0.00395124 0.00308125 0.00237531 0.00180066 0.00133252 0.00095476 0.000657224 0.000431808 0.000269435 0.000159102 8.87094e-05 4.66417e-05 2.31117e-05 1.07919e-05 4.74981e-06 1.97135e-06 7.71994e-07 2.8544e-07 9.97158e-08 3.29355e-08 1.02922e-08 3.04493e-09 8.53368e-10 2.26688e-10 5.71059e-11 1.36487e-11 3.09632e-12 6.66955e-13 1.36452e-13 2.65221e-14 4.89857e-15 8.59864e-16 1.4346e-16 2.2748e-17 3.40764e-18 3.33034e-19 
