0 0 0 0 0 0 0 0 0 0 0 0 0 0 0 0 0 0 0 0 0 0 0 0 0 0 0 0 0 0 0 0 0 0 0 0 0 0 0 0 0 0 0 0 0 0 0 0 0 0 0 0 0 0 0 0 0 0 0 0 0 0 0 0 0 0 0 0 0 0 0 0 0 0 0 0 0 0 0 0 0 0 0 0 0 0 0 0 0 0 0 0 0 0 0 0 0 0 0 0 0 0 0 0 0 0 0 0 0 0 0 0 0 0 0 0 0 0 0 0 0 0 0 0 0 0 0 0 0 0 0 0 0 0 0 0 0 0 0 0 0 0 0 0 0 0 0 0 0 0 0 0 0 0 0 0 0 0 0 0 0 0 0 0 0 0 0 0 0 0 0 0 0 0 0 0 0 0 0 0 0 0 0 0 0 0 0 0 0 0 0 0 0 0 0 0 0 0 0 0 
0 3.26324e-31 3.88143e-30 4.33428e-29 4.57517e-28 4.5693e-27 4.32098e-26 3.87176e-25 3.28925e-24 2.6509e-23 2.02775e-22 1.47283e-21 1.0162e-20 6.66255e-20 4.15215e-19 2.46031e-18 1.3864e-17 7.43117e-17 3.78937e-16 1.83858e-15 8.48897e-15 3.73022e-14 1.56014e-13 6.21127e-13 2.35411e-12 8.49467e-12 2.91869e-11 9.55011e-11 2.97632e-10 8.83667e-10 2.50002e-09 6.7418e-09 1.7336e-08 4.25265e-08 9.95731e-08 2.22675e-07 4.75961e-07 9.73222e-07 1.90552e-06 3.57644e-06 6.44237e-06 1.11525e-05 1.85802e-05 2.98365e-05 4.62565e-05 6.93542e-05 0.000100746 0.000142055 0.000194803 0.000260322 0.000339694 0.000433732 0.000543019 0.000667974 0.000808964 0.000966408 0.00114087 0.0013331 0.00154408 0.00177493 0.00202686 0.002301 0.00259832 0.00291943 0.00326453 0.00363328 0.00402475 0.00443746 0.00486941 0.0053181 0.00578067 0.00625398 0.00673473 0.00721955 0.0077051 0.00818816 0.00866567 0.00913479 0.00959297 0.0100379 0.0104676 0.0108802 0.0112745 0.0116491 0.0120032 0.0123361 0.0126471 0.0129361 0.0132027 0.013447 0.013669 0.0138689 0.0140467 0.0142028 0.0143374 0.0144508 0.0145432 0.0146148 0.0146658 0.0146964 0.0147065 0.0146964 0.0146658 0.0146148 0.0145432 0.0144508 0.0143374 0.0142028 0.0140467 0.0138689 0.013669 0.013447 0.0132027 0.0129361 0.0126471 0.0123361 0.0120032 0.0116491 0.0112745 0.0108802 0.0104676 0.0100379 0.00959297 0.00913479 0.00866567 0.00818816 0.0077051 0.00721955 0.00673473 0.00625398 0.00578067 0.0053181 0.00486941 0.00443746 0.00402475 0.00363328 0.00326453 0.00291943 0.00259832 0.002301 0.00202686 0.00177493 0.00154408 0.0013331 0.00114087 0.000966408 0.000808964 0.000667974 0.000543019 0.000433732 0.000339694 0.000260322 0.000194803 0.000142055 0.000100746 6.93542e-05 4.62565e-05 2.98365e-05 1.85802e-05 1.11525e-05 6.44237e-06 3.57644e-06 1.90552e-06 9.73222e-07 4.75961e-07 2.22675e-07 9.95731e-08 4.25265e-08 1.7336e-08 6.7418e-09 2.50002e-09 8.83667e-10 2.97632e-10 9.55011e-11 2.91869e-11 8.49467e-12 2.35411e-12 6.21127e-13 1.56014e-13 3.73022e-14 8.48897e-15 1.83858e-15 3.78937e-16 7.43117e-17 1.3864e-17 2.46031e-18 4.15215e-19 6.66255e-20 1.0162e-20 1.47283e-21 2.02775e-22 2.6509e-23 3.28925e-24 3.87176e-25 4.32098e-26 4.5693e-27 4.57517e-28 4.3342e-29 3.8701e-30 1.84692e-31 
0 3.88143e-30 4.40953e-29 4.70524e-28 4.7507e-27 4.54229e-26 4.11563e-25 3.53601e-24 2.88237e-23 2.23029e-22 1.63885e-21 1.14408e-20 7.5903e-20 4.78716e-19 2.87096e-18 1.63758e-17 8.88561e-17 4.58724e-16 2.25349e-15 1.05353e-14 4.68782e-14 1.98546e-13 8.00489e-13 3.07244e-12 1.12275e-11 3.90651e-11 1.29435e-10 4.08444e-10 1.22773e-09 3.5161e-09 9.5967e-09 2.49709e-08 6.197e-08 1.46751e-07 3.31818e-07 7.16877e-07 1.48107e-06 2.92895e-06 5.5503e-06 1.00906e-05 1.76234e-05 2.96121e-05 4.79437e-05 7.49214e-05 0.000113203 0.000165691 0.000235376 0.000325173 0.000437764 0.000575495 0.000740329 0.000933883 0.00115752 0.00141251 0.00170016 0.00202195 0.00237961 0.00277512 0.00321064 0.00368832 0.00421018 0.00477781 0.00539221 0.0060536 0.00676129 0.00751359 0.00830785 0.00914046 0.010007 0.0109024 0.0118209 0.0127566 0.0137034 0.014655 0.0156053 0.0165484 0.0174789 0.0183916 0.0192819 0.0201455 0.0209788 0.0217786 0.0225421 0.0232673 0.0239524 0.024596 0.0251972 0.0257553 0.0262701 0.0267415 0.0271696 0.0275547 0.0278973 0.0281978 0.0284569 0.028675 0.0288526 0.0289902 0.0290882 0.0291469 0.0291665 0.0291469 0.0290882 0.0289902 0.0288526 0.028675 0.0284569 0.0281978 0.0278973 0.0275547 0.0271696 0.0267415 0.0262701 0.0257553 0.0251972 0.024596 0.0239524 0.0232673 0.0225421 0.0217786 0.0209788 0.0201455 0.0192819 0.0183916 0.0174789 0.0165484 0.0156053 0.014655 0.0137034 0.0127566 0.0118209 0.0109024 0.010007 0.00914046 0.00830785 0.00751359 0.00676129 0.0060536 0.00539221 0.00477781 0.00421018 0.00368832 0.00321064 0.00277512 0.00237961 0.00202195 0.00170016 0.00141251 0.00115752 0.000933883 0.000740329 0.000575495 0.000437764 0.000325173 0.000235376 0.000165691 0.000113203 7.49214e-05 4.79437e-05 2.96121e-05 1.76234e-05 1.00906e-05 5.5503e-06 2.92895e-06 1.48107e-06 7.16877e-07 3.31818e-07 1.46751e-07 6.197e-08 2.49709e-08 9.5967e-09 3.5161e-09 1.22773e-09 4.08444e-10 1.29435e-10 3.90651e-11 1.12275e-11 3.07244e-12 8.00489e-13 1.98546e-13 4.68782e-14 1.05353e-14 2.25349e-15 4.58724e-16 8.88561e-17 1.63758e-17 2.87096e-18 4.78716e-19 7.5903e-20 1.14408e-20 1.63885e-21 2.23029e-22 2.88237e-23 3.53601e-24 4.11563e-25 4.54229e-26 4.7507e-27 4.70513e-28 4.3956e-29 2.22298e-30 
0 4.33428e-29 4.70524e-28 4.79908e-27 4.63536e-26 4.24307e-25 3.68315e-24 3.03348e-23 2.37171e-22 1.76103e-21 1.24231e-20 8.32892e-20 5.30855e-19 3.21734e-18 1.85458e-17 1.01694e-16 5.30535e-16 2.63361e-15 1.24408e-14 5.59294e-14 2.39304e-13 9.74545e-13 3.77759e-12 1.39383e-11 4.89561e-11 1.63696e-10 5.2113e-10 1.57972e-09 4.56056e-09 1.25416e-08 3.28629e-08 8.20808e-08 1.95503e-07 4.44311e-07 9.64124e-07 1.99912e-06 3.96469e-06 7.52861e-06 1.37052e-05 2.39505e-05 4.02407e-05 6.51108e-05 0.000101638 0.000153355 0.000224108 0.000317866 0.000438535 0.000589796 0.000775013 0.000997232 0.00125925 0.00156375 0.00191347 0.00231131 0.00276041 0.00326416 0.00382608 0.00444961 0.0051379 0.00589353 0.00671823 0.00761273 0.00857652 0.00960784 0.0107036 0.0118596 0.0130704 0.0143297 0.0156303 0.0169645 0.0183242 0.0197011 0.0210868 0.022473 0.0238516 0.0252151 0.026556 0.0278677 0.0291441 0.0303796 0.0315694 0.0327093 0.0337958 0.0348259 0.0357975 0.0367088 0.0375587 0.0383465 0.0390721 0.0397355 0.0403371 0.0408776 0.0413577 0.0417784 0.0421406 0.0424452 0.042693 0.042885 0.0430216 0.0431033 0.0431306 0.0431033 0.0430216 0.042885 0.042693 0.0424452 0.0421406 0.0417784 0.0413577 0.0408776 0.0403371 0.0397355 0.0390721 0.0383465 0.0375587 0.0367088 0.0357975 0.0348259 0.0337958 0.0327093 0.0315694 0.0303796 0.0291441 0.0278677 0.026556 0.0252151 0.0238516 0.022473 0.0210868 0.0197011 0.0183242 0.0169645 0.0156303 0.0143297 0.0130704 0.0118596 0.0107036 0.00960784 0.00857652 0.00761273 0.00671823 0.00589353 0.0051379 0.00444961 0.00382608 0.00326416 0.00276041 0.00231131 0.00191347 0.00156375 0.00125925 0.000997232 0.000775013 0.000589796 0.000438535 0.000317866 0.000224108 0.000153355 0.000101638 6.51108e-05 4.02407e-05 2.39505e-05 1.37052e-05 7.52861e-06 3.96469e-06 1.99912e-06 9.64124e-07 4.44311e-07 1.95503e-07 8.20808e-08 3.28629e-08 1.25416e-08 4.56056e-09 1.57972e-09 5.2113e-10 1.63696e-10 4.89561e-11 1.39383e-11 3.77759e-12 9.74545e-13 2.39304e-13 5.59294e-14 1.24408e-14 2.63361e-15 5.30535e-16 1.01694e-16 1.85458e-17 3.21734e-18 5.30855e-19 8.32892e-20 1.24231e-20 1.76103e-21 2.37171e-22 3.03348e-23 3.68315e-24 4.24307e-25 4.63535e-26 4.79895e-27 4.6892e-28 2.51291e-29 
0 4.57517e-28 4.7507e-27 4.63536e-26 4.28629e-25 3.75879e-24 3.12767e-23 2.47067e-22 1.85359e-21 1.32124e-20 8.95087e-20 5.76478e-19 3.53052e-18 2.05646e-17 1.13946e-16 6.00659e-16 3.0127e-15 1.43785e-14 6.53013e-14 2.82227e-13 1.16078e-12 4.54342e-12 1.69239e-11 5.9994e-11 2.02402e-10 6.49888e-10 1.98614e-09 5.77795e-09 1.6003e-08 4.22069e-08 1.06035e-07 2.53845e-07 5.79361e-07 1.26141e-06 2.62189e-06 5.20723e-06 9.89211e-06 1.79965e-05 3.13983e-05 5.26167e-05 8.48383e-05 0.000131868 0.000197997 0.000287812 0.000405975 0.000557031 0.000745294 0.00097483 0.00124955 0.0015734 0.00195051 0.00238541 0.00288308 0.00344889 0.00408839 0.00480705 0.00560989 0.00650106 0.00748351 0.00855876 0.00972667 0.0109854 0.0123315 0.01376 0.0152644 0.0168373 0.0184702 0.020154 0.0218789 0.0236349 0.0254119 0.0271996 0.0289881 0.0307673 0.0325279 0.0342608 0.0359577 0.0376107 0.0392128 0.0407577 0.04224 0.043655 0.044999 0.0462689 0.0474626 0.0485785 0.049616 0.0505746 0.0514548 0.0522572 0.0529829 0.0536331 0.0542093 0.054713 0.0551458 0.0555091 0.0558043 0.0560327 0.056195 0.0562921 0.0563245 0.0562921 0.056195 0.0560327 0.0558043 0.0555091 0.0551458 0.054713 0.0542093 0.0536331 0.0529829 0.0522572 0.0514548 0.0505746 0.049616 0.0485785 0.0474626 0.0462689 0.044999 0.043655 0.04224 0.0407577 0.0392128 0.0376107 0.0359577 0.0342608 0.0325279 0.0307673 0.0289881 0.0271996 0.0254119 0.0236349 0.0218789 0.020154 0.0184702 0.0168373 0.0152644 0.01376 0.0123315 0.0109854 0.00972667 0.00855876 0.00748351 0.00650106 0.00560989 0.00480705 0.00408839 0.00344889 0.00288308 0.00238541 0.00195051 0.0015734 0.00124955 0.00097483 0.000745294 0.000557031 0.000405975 0.000287812 0.000197997 0.000131868 8.48383e-05 5.26167e-05 3.13983e-05 1.79965e-05 9.89211e-06 5.20723e-06 2.62189e-06 1.26141e-06 5.79361e-07 2.53845e-07 1.06035e-07 4.22069e-08 1.6003e-08 5.77795e-09 1.98614e-09 6.49888e-10 2.02402e-10 5.9994e-11 1.69239e-11 4.54342e-12 1.16078e-12 2.82227e-13 6.53013e-14 1.43785e-14 3.0127e-15 6.00659e-16 1.13946e-16 2.05646e-17 3.53052e-18 5.76478e-19 8.95087e-20 1.32124e-20 1.85359e-21 2.47067e-22 3.12767e-23 3.75879e-24 4.28629e-25 4.6352e-26 4.73326e-27 2.68595e-28 
0 4.5693e-27 4.54229e-26 4.24307e-25 3.75879e-24 3.15971e-23 2.52168e-22 1.91143e-21 1.37663e-20 9.42324e-20 6.13239e-19 3.79494e-18 2.2336e-17 1.25055e-16 6.66093e-16 3.37558e-15 1.62766e-14 7.46783e-14 3.26019e-13 1.35428e-12 5.35275e-12 2.01298e-11 7.20247e-11 2.45185e-10 7.94091e-10 2.44691e-09 7.17386e-09 2.00132e-08 5.31339e-08 1.3428e-07 3.23126e-07 7.40675e-07 1.61812e-06 3.37139e-06 6.7048e-06 1.27401e-05 2.31572e-05 4.03207e-05 6.73583e-05 0.000108158 0.000167265 0.000249687 0.000360638 0.000505299 0.000688645 0.000915415 0.00119022 0.00151778 0.00190321 0.0023523 0.00287159 0.00346838 0.00415042 0.00492554 0.0058011 0.00678342 0.00787732 0.00908571 0.0104094 0.011847 0.013395 0.015048 0.0167989 0.0186393 0.0205593 0.0225486 0.024596 0.0266898 0.0288179 0.0309685 0.0331292 0.0352882 0.0374338 0.0395546 0.04164 0.0436799 0.0456651 0.0475872 0.0494389 0.0512139 0.0529069 0.0545137 0.056031 0.0574566 0.0587893 0.0600285 0.0611744 0.0622281 0.0631908 0.0640643 0.0648509 0.0655528 0.0661725 0.0667123 0.0671746 0.0675618 0.0678756 0.0681178 0.0682898 0.0683926 0.0684268 0.0683926 0.0682898 0.0681178 0.0678756 0.0675618 0.0671746 0.0667123 0.0661725 0.0655528 0.0648509 0.0640643 0.0631908 0.0622281 0.0611744 0.0600285 0.0587893 0.0574566 0.056031 0.0545137 0.0529069 0.0512139 0.0494389 0.0475872 0.0456651 0.0436799 0.04164 0.0395546 0.0374338 0.0352882 0.0331292 0.0309685 0.0288179 0.0266898 0.024596 0.0225486 0.0205593 0.0186393 0.0167989 0.015048 0.013395 0.011847 0.0104094 0.00908571 0.00787732 0.00678342 0.0058011 0.00492554 0.00415042 0.00346838 0.00287159 0.0023523 0.00190321 0.00151778 0.00119022 0.000915415 0.000688645 0.000505299 0.000360638 0.000249687 0.000167265 0.000108158 6.73583e-05 4.03207e-05 2.31572e-05 1.27401e-05 6.7048e-06 3.37139e-06 1.61812e-06 7.40675e-07 3.23126e-07 1.3428e-07 5.31339e-08 2.00132e-08 7.17386e-09 2.44691e-09 7.94091e-10 2.45185e-10 7.20247e-11 2.01298e-11 5.35275e-12 1.35428e-12 3.26019e-13 7.46783e-14 1.62766e-14 3.37558e-15 6.66093e-16 1.25055e-16 2.2336e-17 3.79494e-18 6.13239e-19 9.42324e-20 1.37663e-20 1.91143e-21 2.52168e-22 3.15971e-23 3.75879e-24 4.2429e-25 4.52439e-26 2.71703e-27 
0 4.32098e-26 4.11563e-25 3.68315e-24 3.12767e-23 2.52168e-22 1.93111e-21 1.40518e-20 9.7185e-20 6.39036e-19 3.99581e-18 2.37637e-17 1.34436e-16 7.23518e-16 3.70464e-15 1.80477e-14 8.36527e-14 3.68903e-13 1.54776e-12 6.17777e-12 2.34567e-11 8.47186e-11 2.91029e-10 9.50855e-10 2.95455e-09 8.73094e-09 2.45375e-08 6.55891e-08 1.66773e-07 4.03465e-07 9.29003e-07 2.03681e-06 4.25467e-06 8.47398e-06 1.61075e-05 2.9254e-05 5.08344e-05 8.46547e-05 0.000135356 0.000208241 0.000308995 0.000443378 0.000616971 0.000835075 0.00110281 0.00142538 0.0018085 0.00225876 0.00278388 0.00339273 0.00409501 0.00490081 0.00581986 0.00686081 0.00803059 0.00933388 0.0107728 0.0123469 0.0140531 0.0158862 0.0178389 0.0199022 0.0220657 0.0243181 0.0266468 0.0290387 0.0314801 0.0339569 0.0364548 0.0389593 0.0414561 0.0439314 0.0463717 0.0487646 0.0510985 0.0533627 0.0555479 0.0576462 0.0596509 0.0615565 0.0633593 0.0650562 0.0666459 0.0681278 0.0695024 0.070771 0.0719355 0.0729987 0.0739635 0.0748334 0.0756117 0.0763023 0.0769087 0.0774343 0.0778826 0.0782564 0.0785584 0.0787909 0.0789556 0.079054 0.0790867 0.079054 0.0789556 0.0787909 0.0785584 0.0782564 0.0778826 0.0774343 0.0769087 0.0763023 0.0756117 0.0748334 0.0739635 0.0729987 0.0719355 0.070771 0.0695024 0.0681278 0.0666459 0.0650562 0.0633593 0.0615565 0.0596509 0.0576462 0.0555479 0.0533627 0.0510985 0.0487646 0.0463717 0.0439314 0.0414561 0.0389593 0.0364548 0.0339569 0.0314801 0.0290387 0.0266468 0.0243181 0.0220657 0.0199022 0.0178389 0.0158862 0.0140531 0.0123469 0.0107728 0.00933388 0.00803059 0.00686081 0.00581986 0.00490081 0.00409501 0.00339273 0.00278388 0.00225876 0.0018085 0.00142538 0.00110281 0.000835075 0.000616971 0.000443378 0.000308995 0.000208241 0.000135356 8.46547e-05 5.08344e-05 2.9254e-05 1.61075e-05 8.47398e-06 4.25467e-06 2.03681e-06 9.29003e-07 4.03465e-07 1.66773e-07 6.55891e-08 2.45375e-08 8.73094e-09 2.95455e-09 9.50855e-10 2.91029e-10 8.47186e-11 2.34567e-11 6.17777e-12 1.54776e-12 3.68903e-13 8.36527e-14 1.80477e-14 3.70464e-15 7.23518e-16 1.34436e-16 2.37637e-17 3.99581e-18 6.39036e-19 9.7185e-20 1.40518e-20 1.93111e-21 2.52168e-22 3.12767e-23 3.68298e-24 4.09827e-25 2.60319e-26 
0 3.87176e-25 3.53601e-24 3.03348e-23 2.47067e-22 1.91143e-21 1.40518e-20 9.81896e-20 6.52337e-19 4.12138e-18 2.47657e-17 1.41563e-16 7.69801e-16 3.98252e-15 1.96018e-14 9.17887e-14 4.08901e-13 1.73283e-12 6.98497e-12 2.67795e-11 9.76382e-11 3.38507e-10 1.11583e-09 3.49676e-09 1.04168e-08 2.94975e-08 7.93991e-08 2.03165e-07 4.9425e-07 1.14343e-06 2.51648e-06 5.27129e-06 1.05166e-05 2.00007e-05 3.63006e-05 6.29608e-05 0.000104528 0.000166434 0.000254735 0.000375742 0.000535666 0.000740405 0.000995553 0.00130669 0.00167989 0.00212222 0.00264221 0.00324997 0.00395691 0.00477521 0.00571691 0.006793 0.00801255 0.00938209 0.0109052 0.0125825 0.0144117 0.016388 0.0185043 0.0207516 0.0231195 0.0255959 0.0281675 0.0308201 0.0335383 0.036306 0.0391063 0.0419221 0.0447363 0.0475319 0.0502925 0.0530026 0.055648 0.0582156 0.0606941 0.0630737 0.0653464 0.0675057 0.0695471 0.0714675 0.0732653 0.0749401 0.0764931 0.077926 0.0792419 0.0804444 0.0815376 0.0825261 0.0834149 0.0842089 0.0849134 0.0855332 0.0860732 0.086538 0.0869317 0.0872581 0.0875205 0.0877217 0.0878638 0.0879484 0.0879765 0.0879484 0.0878638 0.0877217 0.0875205 0.0872581 0.0869317 0.086538 0.0860732 0.0855332 0.0849134 0.0842089 0.0834149 0.0825261 0.0815376 0.0804444 0.0792419 0.077926 0.0764931 0.0749401 0.0732653 0.0714675 0.0695471 0.0675057 0.0653464 0.0630737 0.0606941 0.0582156 0.055648 0.0530026 0.0502925 0.0475319 0.0447363 0.0419221 0.0391063 0.036306 0.0335383 0.0308201 0.0281675 0.0255959 0.0231195 0.0207516 0.0185043 0.016388 0.0144117 0.0125825 0.0109052 0.00938209 0.00801255 0.006793 0.00571691 0.00477521 0.00395691 0.00324997 0.00264221 0.00212222 0.00167989 0.00130669 0.000995553 0.000740405 0.000535666 0.000375742 0.000254735 0.000166434 0.000104528 6.29608e-05 3.63006e-05 2.00007e-05 1.05166e-05 5.27129e-06 2.51648e-06 1.14343e-06 4.9425e-07 2.03165e-07 7.93991e-08 2.94975e-08 1.04168e-08 3.49676e-09 1.11583e-09 3.38507e-10 9.76382e-11 2.67795e-11 6.98497e-12 1.73283e-12 4.08901e-13 9.17887e-14 1.96018e-14 3.98252e-15 7.69801e-16 1.41563e-16 2.47657e-17 4.12138e-18 6.52337e-19 9.81896e-20 1.40518e-20 1.91143e-21 2.47067e-22 3.03332e-23 3.52008e-24 2.36398e-25 
0 3.28925e-24 2.88237e-23 2.37171e-22 1.85359e-21 1.37663e-20 9.7185e-20 6.52337e-19 4.16411e-18 2.52824e-17 1.46019e-16 8.02283e-16 4.19363e-15 2.08543e-14 9.86579e-14 4.43987e-13 1.90052e-12 7.73727e-12 2.99543e-11 1.10261e-10 3.85841e-10 1.28335e-09 4.05664e-09 1.21845e-08 3.47713e-08 9.42689e-08 2.42796e-07 5.94098e-07 1.38128e-06 3.0523e-06 6.41316e-06 1.28195e-05 2.43993e-05 4.42637e-05 7.66422e-05 0.000126871 0.000201195 0.00030639 0.000449318 0.000636549 0.000874229 0.0011683 0.00152501 0.00195168 0.00245728 0.00305282 0.00375118 0.0045665 0.00551316 0.00660457 0.00785212 0.0092643 0.0108463 0.0125999 0.0145237 0.0166135 0.0188627 0.0212626 0.0238028 0.0264711 0.0292537 0.0321351 0.0350983 0.0381252 0.0411963 0.0442915 0.0473903 0.0504724 0.0535183 0.0565092 0.059428 0.0622592 0.0649892 0.0676066 0.0701018 0.0724678 0.0746991 0.0767926 0.0787467 0.0805616 0.0822387 0.0837808 0.0851919 0.0864768 0.0876409 0.0886902 0.0896311 0.0904703 0.0912144 0.0918701 0.092444 0.0929423 0.0933709 0.0937353 0.0940406 0.094291 0.0944906 0.0946425 0.0947491 0.0948124 0.0948334 0.0948124 0.0947491 0.0946425 0.0944906 0.094291 0.0940406 0.0937353 0.0933709 0.0929423 0.092444 0.0918701 0.0912144 0.0904703 0.0896311 0.0886902 0.0876409 0.0864768 0.0851919 0.0837808 0.0822387 0.0805616 0.0787467 0.0767926 0.0746991 0.0724678 0.0701018 0.0676066 0.0649892 0.0622592 0.059428 0.0565092 0.0535183 0.0504724 0.0473903 0.0442915 0.0411963 0.0381252 0.0350983 0.0321351 0.0292537 0.0264711 0.0238028 0.0212626 0.0188627 0.0166135 0.0145237 0.0125999 0.0108463 0.0092643 0.00785212 0.00660457 0.00551316 0.0045665 0.00375118 0.00305282 0.00245728 0.00195168 0.00152501 0.0011683 0.000874229 0.000636549 0.000449318 0.00030639 0.000201195 0.000126871 7.66422e-05 4.42637e-05 2.43993e-05 1.28195e-05 6.41316e-06 3.0523e-06 1.38128e-06 5.94098e-07 2.42796e-07 9.42689e-08 3.47713e-08 1.21845e-08 4.05664e-09 1.28335e-09 3.85841e-10 1.10261e-10 2.99543e-11 7.73727e-12 1.90052e-12 4.43987e-13 9.86579e-14 2.08543e-14 4.19363e-15 8.02283e-16 1.46019e-16 2.52824e-17 4.16411e-18 6.52337e-19 9.7185e-20 1.37663e-20 1.85359e-21 2.37156e-22 2.86854e-23 2.03603e-24 
0 2.6509e-23 2.23029e-22 1.76103e-21 1.32124e-20 9.42324e-20 6.39036e-19 4.12138e-18 2.52824e-17 1.47535e-16 8.19033e-16 4.32561e-15 2.17333e-14 1.03876e-13 4.72255e-13 2.04204e-12 8.39678e-12 3.28286e-11 1.22012e-10 4.30996e-10 1.44669e-09 4.61336e-09 1.39736e-08 4.01948e-08 1.09782e-07 2.84674e-07 7.00808e-07 1.63797e-06 3.63529e-06 7.66361e-06 1.53534e-05 2.92529e-05 5.30587e-05 9.17371e-05 0.00015145 0.000239251 0.000362586 0.000528774 0.000744648 0.00101659 0.00135101 0.00175519 0.00223817 0.00281142 0.00348894 0.00428663 0.00522123 0.00630877 0.00756322 0.00899539 0.0106123 0.0124172 0.0144098 0.0165867 0.018942 0.0214677 0.0241535 0.0269873 0.0299547 0.0330393 0.0362222 0.0394829 0.0427989 0.0461468 0.0495025 0.0528421 0.0561424 0.0593814 0.0625391 0.0655973 0.0685403 0.0713551 0.0740309 0.0765595 0.0789351 0.0811543 0.0832157 0.0851196 0.0868684 0.0884655 0.0899161 0.0912259 0.092402 0.0934518 0.0943833 0.0952048 0.0959249 0.0965519 0.0970943 0.0975602 0.0979573 0.0982929 0.0985739 0.0988066 0.0989965 0.0991487 0.0992673 0.0993558 0.0994171 0.0994531 0.099465 0.0994531 0.0994171 0.0993558 0.0992673 0.0991487 0.0989965 0.0988066 0.0985739 0.0982929 0.0979573 0.0975602 0.0970943 0.0965519 0.0959249 0.0952048 0.0943833 0.0934518 0.092402 0.0912259 0.0899161 0.0884655 0.0868684 0.0851196 0.0832157 0.0811543 0.0789351 0.0765595 0.0740309 0.0713551 0.0685403 0.0655973 0.0625391 0.0593814 0.0561424 0.0528421 0.0495025 0.0461468 0.0427989 0.0394829 0.0362222 0.0330393 0.0299547 0.0269873 0.0241535 0.0214677 0.018942 0.0165867 0.0144098 0.0124172 0.0106123 0.00899539 0.00756322 0.00630877 0.00522123 0.00428663 0.00348894 0.00281142 0.00223817 0.00175519 0.00135101 0.00101659 0.000744648 0.000528774 0.000362586 0.000239251 0.00015145 9.17371e-05 5.30587e-05 2.92529e-05 1.53534e-05 7.66361e-06 3.63529e-06 1.63797e-06 7.00808e-07 2.84674e-07 1.09782e-07 4.01948e-08 1.39736e-08 4.61336e-09 1.44669e-09 4.30996e-10 1.22012e-10 3.28286e-11 8.39678e-12 2.04204e-12 4.72255e-13 1.03876e-13 2.17333e-14 4.32561e-15 8.19033e-16 1.47535e-16 2.52824e-17 4.12138e-18 6.39036e-19 9.42324e-20 1.32124e-20 1.76091e-21 2.21892e-22 1.6641e-23 
0 2.02775e-22 1.63885e-21 1.24231e-20 8.95087e-20 6.13239e-19 3.99581e-18 2.47657e-17 1.46019e-16 8.19033e-16 4.37052e-15 2.21865e-14 1.07138e-13 4.9209e-13 2.1495e-12 8.92789e-12 3.52526e-11 1.32303e-10 4.71823e-10 1.59848e-09 5.14328e-09 1.57131e-08 4.55683e-08 1.25413e-07 3.27503e-07 8.1138e-07 1.90698e-06 4.25215e-06 8.99702e-06 1.80713e-05 3.44792e-05 6.25468e-05 0.000108018 0.0001779 0.000280032 0.000422461 0.00061286 0.000858258 0.00116531 0.00154113 0.00199444 0.00253662 0.00318221 0.00394852 0.00485451 0.005919 0.0071589 0.00858775 0.0102149 0.0120454 0.0140804 0.0163177 0.0187525 0.0213775 0.0241834 0.0271581 0.030287 0.0335525 0.0369339 0.0404078 0.0439484 0.0475285 0.05112 0.054695 0.0582263 0.0616888 0.065059 0.0683163 0.0714428 0.0744235 0.0772463 0.0799021 0.0823844 0.0846895 0.0868157 0.088764 0.0905371 0.0921394 0.0935771 0.0948573 0.0959885 0.0969799 0.0978412 0.0985826 0.0992146 0.0997477 0.100192 0.100558 0.100855 0.101092 0.101279 0.101422 0.101531 0.10161 0.101667 0.101706 0.101732 0.101748 0.101758 0.101763 0.101765 0.101763 0.101758 0.101748 0.101732 0.101706 0.101667 0.10161 0.101531 0.101422 0.101279 0.101092 0.100855 0.100558 0.100192 0.0997477 0.0992146 0.0985826 0.0978412 0.0969799 0.0959885 0.0948573 0.0935771 0.0921394 0.0905371 0.088764 0.0868157 0.0846895 0.0823844 0.0799021 0.0772463 0.0744235 0.0714428 0.0683163 0.065059 0.0616888 0.0582263 0.054695 0.05112 0.0475285 0.0439484 0.0404078 0.0369339 0.0335525 0.030287 0.0271581 0.0241834 0.0213775 0.0187525 0.0163177 0.0140804 0.0120454 0.0102149 0.00858775 0.0071589 0.005919 0.00485451 0.00394852 0.00318221 0.00253662 0.00199444 0.00154113 0.00116531 0.000858258 0.00061286 0.000422461 0.000280032 0.0001779 0.000108018 6.25468e-05 3.44792e-05 1.80713e-05 8.99702e-06 4.25215e-06 1.90698e-06 8.1138e-07 3.27503e-07 1.25413e-07 4.55683e-08 1.57131e-08 5.14328e-09 1.59848e-09 4.71823e-10 1.32303e-10 3.52526e-11 8.92789e-12 2.1495e-12 4.9209e-13 1.07138e-13 2.21865e-14 4.37052e-15 8.19033e-16 1.46019e-16 2.47657e-17 3.99581e-18 6.13239e-19 8.95086e-20 1.2422e-20 1.63e-21 1.29136e-22 
0 1.47283e-21 1.14408e-20 8.32892e-20 5.76478e-19 3.79494e-18 2.37637e-17 1.41563e-16 8.02283e-16 4.32561e-15 2.21865e-14 1.08247e-13 5.02316e-13 2.21667e-12 9.30042e-12 3.70924e-11 1.40584e-10 5.06218e-10 1.73123e-09 5.6215e-09 1.73256e-08 5.06672e-08 1.4055e-07 3.69729e-07 9.22112e-07 2.18005e-06 4.88553e-06 1.03791e-05 2.09092e-05 3.99649e-05 7.25362e-05 0.000125173 0.000205732 0.0003228 0.000484943 0.00070009 0.000975425 0.00131799 0.00173591 0.0022399 0.00284426 0.00356704 0.00442905 0.0054519 0.00665577 0.00805746 0.00966917 0.0114983 0.0135477 0.0158169 0.0183026 0.0209989 0.0238975 0.0269872 0.0302534 0.0336773 0.0372366 0.0409047 0.0446523 0.0484481 0.0522595 0.0560543 0.0598014 0.0634716 0.0670383 0.0704778 0.0737697 0.0768969 0.0798455 0.0826049 0.0851676 0.0875292 0.089688 0.0916448 0.0934031 0.0949682 0.0963473 0.0975495 0.0985847 0.0994642 0.1002 0.100804 0.10129 0.101669 0.101955 0.102159 0.102294 0.102369 0.102397 0.102387 0.102347 0.102287 0.102212 0.102132 0.10205 0.101972 0.101903 0.101845 0.101803 0.101776 0.101767 0.101776 0.101803 0.101845 0.101903 0.101972 0.10205 0.102132 0.102212 0.102287 0.102347 0.102387 0.102397 0.102369 0.102294 0.102159 0.101955 0.101669 0.10129 0.100804 0.1002 0.0994642 0.0985847 0.0975495 0.0963473 0.0949682 0.0934031 0.0916448 0.089688 0.0875292 0.0851676 0.0826049 0.0798455 0.0768969 0.0737697 0.0704778 0.0670383 0.0634716 0.0598014 0.0560543 0.0522595 0.0484481 0.0446523 0.0409047 0.0372366 0.0336773 0.0302534 0.0269872 0.0238975 0.0209989 0.0183026 0.0158169 0.0135477 0.0114983 0.00966917 0.00805746 0.00665577 0.0054519 0.00442905 0.00356704 0.00284426 0.0022399 0.00173591 0.00131799 0.000975425 0.00070009 0.000484943 0.0003228 0.000205732 0.000125173 7.25362e-05 3.99649e-05 2.09092e-05 1.03791e-05 4.88553e-06 2.18005e-06 9.22112e-07 3.69729e-07 1.4055e-07 5.06672e-08 1.73256e-08 5.6215e-09 1.73123e-09 5.06218e-10 1.40584e-10 3.70924e-11 9.30042e-12 2.21667e-12 5.02316e-13 1.08247e-13 2.21865e-14 4.32561e-15 8.02283e-16 1.41563e-16 2.37637e-17 3.79494e-18 5.76477e-19 8.32815e-20 1.13754e-20 9.51908e-22 
0 1.0162e-20 7.5903e-20 5.30855e-19 3.53052e-18 2.2336e-17 1.34436e-16 7.69801e-16 4.19363e-15 2.17333e-14 1.07138e-13 5.02316e-13 2.23952e-12 9.49244e-12 3.82418e-11 1.4639e-10 5.32302e-10 1.83794e-09 6.02378e-09 1.87331e-08 5.52566e-08 1.54536e-07 4.09626e-07 1.02878e-06 2.44749e-06 5.51464e-06 1.1768e-05 2.37879e-05 4.55684e-05 8.27868e-05 0.000142815 0.000234351 0.000366677 0.000548791 0.000788801 0.00109404 0.00147212 0.0019326 0.0024887 0.00315822 0.00396304 0.00492725 0.00607449 0.00742533 0.00899549 0.0107952 0.0128298 0.0151008 0.0176065 0.0203432 0.0233043 0.0264799 0.029856 0.0334134 0.0371278 0.0409702 0.0449073 0.0489035 0.0529219 0.0569255 0.0608789 0.0647489 0.068505 0.0721201 0.0755707 0.0788367 0.0819018 0.0847534 0.0873823 0.089783 0.0919531 0.0938937 0.0956086 0.0971043 0.0983897 0.0994756 0.100374 0.101099 0.101665 0.102087 0.102379 0.102558 0.102637 0.102632 0.102555 0.102421 0.10224 0.102025 0.101786 0.101533 0.101274 0.101018 0.10077 0.100538 0.100326 0.100139 0.0999813 0.0998554 0.0997639 0.0997082 0.0996896 0.0997082 0.0997639 0.0998554 0.0999813 0.100139 0.100326 0.100538 0.10077 0.101018 0.101274 0.101533 0.101786 0.102025 0.10224 0.102421 0.102555 0.102632 0.102637 0.102558 0.102379 0.102087 0.101665 0.101099 0.100374 0.0994756 0.0983897 0.0971043 0.0956086 0.0938937 0.0919531 0.089783 0.0873823 0.0847534 0.0819018 0.0788367 0.0755707 0.0721201 0.068505 0.0647489 0.0608789 0.0569255 0.0529219 0.0489035 0.0449073 0.0409702 0.0371278 0.0334134 0.029856 0.0264799 0.0233043 0.0203432 0.0176065 0.0151008 0.0128298 0.0107952 0.00899549 0.00742533 0.00607449 0.00492725 0.00396304 0.00315822 0.0024887 0.0019326 0.00147212 0.00109404 0.000788801 0.000548791 0.000366677 0.000234351 0.000142815 8.27868e-05 4.55684e-05 2.37879e-05 1.1768e-05 5.51464e-06 2.44749e-06 1.02878e-06 4.09626e-07 1.54536e-07 5.52566e-08 1.87331e-08 6.02378e-09 1.83794e-09 5.32302e-10 1.4639e-10 3.82418e-11 9.49244e-12 2.23952e-12 5.02316e-13 1.07138e-13 2.17333e-14 4.19363e-15 7.69801e-16 1.34436e-16 2.2336e-17 3.53051e-18 5.30798e-19 7.54457e-20 6.66802e-21 
0 6.66255e-20 4.78716e-19 3.21734e-18 2.05646e-17 1.25055e-16 7.23518e-16 3.98252e-15 2.08543e-14 1.03876e-13 4.9209e-13 2.21667e-12 9.49244e-12 3.86328e-11 1.49382e-10 5.4859e-10 1.91268e-09 6.32851e-09 1.98626e-08 5.9109e-08 1.66708e-07 4.45407e-07 1.12687e-06 2.69871e-06 6.11626e-06 1.31161e-05 2.66159e-05 5.11248e-05 9.3019e-05 0.000160496 0.000263073 0.000410678 0.000612656 0.000877231 0.00121195 0.0016252 0.00212843 0.00273797 0.00347551 0.00436681 0.00543883 0.00671633 0.00821926 0.00996152 0.0119513 0.0141924 0.0166856 0.0194294 0.0224195 0.0256484 0.0291033 0.0327652 0.0366089 0.0406026 0.0447099 0.0488908 0.0531038 0.0573073 0.0614614 0.0655284 0.0694735 0.0732656 0.076877 0.080284 0.0834668 0.0864098 0.0891016 0.091535 0.0937068 0.095618 0.0972732 0.0986801 0.0998496 0.100795 0.101531 0.102074 0.102441 0.102651 0.10272 0.102667 0.10251 0.102263 0.101944 0.101567 0.101146 0.100694 0.100222 0.0997414 0.0992615 0.0987912 0.0983381 0.0979093 0.0975106 0.0971473 0.0968238 0.096544 0.096311 0.0961272 0.0959945 0.0959144 0.0958876 0.0959144 0.0959945 0.0961272 0.096311 0.096544 0.0968238 0.0971473 0.0975106 0.0979093 0.0983381 0.0987912 0.0992615 0.0997414 0.100222 0.100694 0.101146 0.101567 0.101944 0.102263 0.10251 0.102667 0.10272 0.102651 0.102441 0.102074 0.101531 0.100795 0.0998496 0.0986801 0.0972732 0.095618 0.0937068 0.091535 0.0891016 0.0864098 0.0834668 0.080284 0.076877 0.0732656 0.0694735 0.0655284 0.0614614 0.0573073 0.0531038 0.0488908 0.0447099 0.0406026 0.0366089 0.0327652 0.0291033 0.0256484 0.0224195 0.0194294 0.0166856 0.0141924 0.0119513 0.00996152 0.00821926 0.00671633 0.00543883 0.00436681 0.00347551 0.00273797 0.00212843 0.0016252 0.00121195 0.000877231 0.000612656 0.000410678 0.000263073 0.000160496 9.3019e-05 5.11248e-05 2.66159e-05 1.31161e-05 6.11626e-06 2.69871e-06 1.12687e-06 4.45407e-07 1.66708e-07 5.9109e-08 1.98626e-08 6.32851e-09 1.91268e-09 5.4859e-10 1.49382e-10 3.86328e-11 9.49244e-12 2.21667e-12 4.9209e-13 1.03876e-13 2.08543e-14 3.98252e-15 7.23518e-16 1.25055e-16 2.05645e-17 3.21695e-18 4.75683e-19 4.44031e-20 
0 4.15215e-19 2.87096e-18 1.85458e-17 1.13946e-16 6.66093e-16 3.70464e-15 1.96018e-14 9.86579e-14 4.72255e-13 2.1495e-12 9.30042e-12 3.82418e-11 1.49382e-10 5.54129e-10 1.95118e-09 6.51864e-09 2.06529e-08 6.20226e-08 1.76456e-07 4.75356e-07 1.21193e-06 2.92293e-06 6.66614e-06 1.43727e-05 2.92942e-05 5.64538e-05 0.000102926 0.000177726 0.000291163 0.000453756 0.000675128 0.000963591 0.00132698 0.00177476 0.00232073 0.00298479 0.00379284 0.00477434 0.00595836 0.00736983 0.0090272 0.0109423 0.0131216 0.0155685 0.0182841 0.0212671 0.024513 0.0280115 0.0317449 0.0356876 0.0398063 0.0440614 0.048409 0.0528034 0.0571983 0.0615492 0.0658134 0.0699516 0.0739274 0.0777083 0.0812657 0.0845755 0.087618 0.090379 0.092849 0.0950239 0.0969046 0.0984964 0.0998089 0.100855 0.10165 0.102213 0.102562 0.102719 0.102703 0.102535 0.102237 0.101827 0.101324 0.100746 0.100109 0.0994302 0.0987222 0.0979984 0.0972705 0.0965491 0.0958435 0.0951621 0.0945123 0.0939004 0.0933322 0.0928123 0.0923449 0.0919334 0.0915808 0.0912892 0.0910606 0.0908963 0.0907974 0.0907643 0.0907974 0.0908963 0.0910606 0.0912892 0.0915808 0.0919334 0.0923449 0.0928123 0.0933322 0.0939004 0.0945123 0.0951621 0.0958435 0.0965491 0.0972705 0.0979984 0.0987222 0.0994302 0.100109 0.100746 0.101324 0.101827 0.102237 0.102535 0.102703 0.102719 0.102562 0.102213 0.10165 0.100855 0.0998089 0.0984964 0.0969046 0.0950239 0.092849 0.090379 0.087618 0.0845755 0.0812657 0.0777083 0.0739274 0.0699516 0.0658134 0.0615492 0.0571983 0.0528034 0.048409 0.0440614 0.0398063 0.0356876 0.0317449 0.0280115 0.024513 0.0212671 0.0182841 0.0155685 0.0131216 0.0109423 0.0090272 0.00736983 0.00595836 0.00477434 0.00379284 0.00298479 0.00232073 0.00177476 0.00132698 0.000963591 0.000675128 0.000453756 0.000291163 0.000177726 0.000102926 5.64538e-05 2.92942e-05 1.43727e-05 6.66614e-06 2.92293e-06 1.21193e-06 4.75356e-07 1.76456e-07 6.20226e-08 2.06529e-08 6.51864e-09 1.95118e-09 5.54129e-10 1.49382e-10 3.82418e-11 9.30042e-12 2.1495e-12 4.72255e-13 9.86579e-14 1.96018e-14 3.70464e-15 6.66093e-16 1.13945e-16 1.85432e-17 2.85188e-18 2.81179e-19 
0 2.46031e-18 1.63758e-17 1.01694e-16 6.00659e-16 3.37558e-15 1.80477e-14 9.17887e-14 4.43987e-13 2.04204e-12 8.92789e-12 3.70924e-11 1.4639e-10 5.4859e-10 1.95118e-09 6.58328e-09 2.10597e-08 6.38386e-08 1.83266e-07 4.97957e-07 1.27985e-06 3.10985e-06 7.14049e-06 1.54868e-05 3.17217e-05 6.13692e-05 0.000112188 0.000193993 0.000317858 0.000494843 0.000734802 0.00104612 0.00143705 0.00191843 0.00250683 0.00322616 0.00410659 0.00518085 0.0064793 0.00802603 0.00983749 0.0119236 0.0142903 0.0169415 0.0198793 0.023103 0.0266059 0.030373 0.0343799 0.0385924 0.0429689 0.0474621 0.0520222 0.0565987 0.0611421 0.0656051 0.0699425 0.0741123 0.0780759 0.0817988 0.0852512 0.0884091 0.091254 0.0937743 0.0959645 0.0978253 0.099363 0.100589 0.101518 0.102168 0.102562 0.10272 0.102666 0.102424 0.102018 0.101471 0.100804 0.100039 0.0991966 0.0982945 0.0973501 0.0963792 0.095396 0.0944132 0.0934424 0.0924935 0.0915754 0.0906958 0.0898614 0.0890777 0.0883496 0.0876811 0.0870756 0.0865358 0.0860641 0.0856622 0.0853316 0.0850734 0.0848885 0.0847773 0.0847402 0.0847773 0.0848885 0.0850734 0.0853316 0.0856622 0.0860641 0.0865358 0.0870756 0.0876811 0.0883496 0.0890777 0.0898614 0.0906958 0.0915754 0.0924935 0.0934424 0.0944132 0.095396 0.0963792 0.0973501 0.0982945 0.0991966 0.100039 0.100804 0.101471 0.102018 0.102424 0.102666 0.10272 0.102562 0.102168 0.101518 0.100589 0.099363 0.0978253 0.0959645 0.0937743 0.091254 0.0884091 0.0852512 0.0817988 0.0780759 0.0741123 0.0699425 0.0656051 0.0611421 0.0565987 0.0520222 0.0474621 0.0429689 0.0385924 0.0343799 0.030373 0.0266059 0.023103 0.0198793 0.0169415 0.0142903 0.0119236 0.00983749 0.00802603 0.0064793 0.00518085 0.00410659 0.00322616 0.00250683 0.00191843 0.00143705 0.00104612 0.000734802 0.000494843 0.000317858 0.000193993 0.000112188 6.13692e-05 3.17217e-05 1.54868e-05 7.14049e-06 3.10985e-06 1.27985e-06 4.97957e-07 1.83266e-07 6.38386e-08 2.10597e-08 6.58328e-09 1.95118e-09 5.4859e-10 1.4639e-10 3.70924e-11 8.92789e-12 2.04204e-12 4.43987e-13 9.17887e-14 1.80477e-14 3.37558e-15 6.00657e-16 1.01678e-16 1.6262e-17 1.69368e-18 
0 1.3864e-17 8.88561e-17 5.30535e-16 3.0127e-15 1.62766e-14 8.36527e-14 4.08901e-13 1.90052e-12 8.39678e-12 3.52526e-11 1.40584e-10 5.32302e-10 1.91268e-09 6.51864e-09 2.10597e-08 6.44556e-08 1.86768e-07 5.12023e-07 1.32719e-06 3.25049e-06 7.51769e-06 1.64106e-05 3.38013e-05 6.56885e-05 0.000120489 0.000208792 0.000342405 0.000532896 0.000790321 0.00112317 0.00154022 0.00205398 0.00268416 0.00345895 0.00441271 0.00558086 0.00699411 0.00867499 0.0106378 0.0128914 0.0154423 0.018296 0.0214561 0.0249209 0.0286796 0.0327107 0.0369808 0.041447 0.0460599 0.050766 0.055511 0.0602407 0.0649026 0.0694457 0.0738212 0.0779835 0.0818911 0.0855077 0.0888033 0.0917553 0.0943489 0.096577 0.0984398 0.0999444 0.101103 0.101934 0.102456 0.102695 0.102674 0.102421 0.101962 0.101323 0.100531 0.099611 0.0985868 0.0974809 0.0963144 0.0951065 0.0938746 0.0926347 0.0914005 0.0901845 0.0889973 0.0878481 0.0867448 0.085694 0.0847011 0.0837705 0.0829061 0.0821106 0.0813865 0.0807354 0.0801587 0.0796574 0.0792324 0.078884 0.0786128 0.0784189 0.0783025 0.0782637 0.0783025 0.0784189 0.0786128 0.078884 0.0792324 0.0796574 0.0801587 0.0807354 0.0813865 0.0821106 0.0829061 0.0837705 0.0847011 0.085694 0.0867448 0.0878481 0.0889973 0.0901845 0.0914005 0.0926347 0.0938746 0.0951065 0.0963144 0.0974809 0.0985868 0.099611 0.100531 0.101323 0.101962 0.102421 0.102674 0.102695 0.102456 0.101934 0.101103 0.0999444 0.0984398 0.096577 0.0943489 0.0917553 0.0888033 0.0855077 0.0818911 0.0779835 0.0738212 0.0694457 0.0649026 0.0602407 0.055511 0.050766 0.0460599 0.041447 0.0369808 0.0327107 0.0286796 0.0249209 0.0214561 0.018296 0.0154423 0.0128914 0.0106378 0.00867499 0.00699411 0.00558086 0.00441271 0.00345895 0.00268416 0.00205398 0.00154022 0.00112317 0.000790321 0.000532896 0.000342405 0.000208792 0.000120489 6.56885e-05 3.38013e-05 1.64106e-05 7.51769e-06 3.25049e-06 1.32719e-06 5.12023e-07 1.86768e-07 6.44556e-08 2.10597e-08 6.51864e-09 1.91268e-09 5.32302e-10 1.40584e-10 3.52526e-11 8.39678e-12 1.90052e-12 4.08901e-13 8.36527e-14 1.62766e-14 3.01268e-15 5.30441e-16 8.82128e-17 9.70666e-18 
0 7.43117e-17 4.58724e-16 2.63361e-15 1.43785e-14 7.46783e-14 3.68903e-13 1.73283e-12 7.73727e-12 3.28286e-11 1.32303e-10 5.06218e-10 1.83794e-09 6.32851e-09 2.06529e-08 6.38386e-08 1.86768e-07 5.16799e-07 1.3515e-06 3.33785e-06 7.77987e-06 1.71029e-05 3.54459e-05 6.92445e-05 0.000127535 0.000221645 0.000364092 0.000566934 0.000840427 0.0011932 0.00163468 0.00217928 0.00285016 0.00367989 0.00470681 0.00596832 0.00749468 0.00930636 0.0114159 0.0138323 0.0165637 0.0196183 0.023 0.0267044 0.0307146 0.0350002 0.0395187 0.0442193 0.0490461 0.0539413 0.0588467 0.0637045 0.0684576 0.07305 0.0774282 0.0815424 0.0853488 0.0888106 0.0919001 0.0945987 0.096897 0.0987943 0.100297 0.101419 0.102179 0.1026 0.102706 0.102526 0.10209 0.101427 0.100568 0.0995417 0.0983771 0.0971016 0.0957409 0.0943188 0.092857 0.0913751 0.0898904 0.0884183 0.0869717 0.0855619 0.0841983 0.0828887 0.0816394 0.0804554 0.0793407 0.0782983 0.0773304 0.0764386 0.0756239 0.074887 0.0742281 0.0736475 0.0731449 0.0727202 0.0723732 0.0721036 0.0719113 0.0717959 0.0717575 0.0717959 0.0719113 0.0721036 0.0723732 0.0727202 0.0731449 0.0736475 0.0742281 0.074887 0.0756239 0.0764386 0.0773304 0.0782983 0.0793407 0.0804554 0.0816394 0.0828887 0.0841983 0.0855619 0.0869717 0.0884183 0.0898904 0.0913751 0.092857 0.0943188 0.0957409 0.0971016 0.0983771 0.0995417 0.100568 0.101427 0.10209 0.102526 0.102706 0.1026 0.102179 0.101419 0.100297 0.0987943 0.096897 0.0945987 0.0919001 0.0888106 0.0853488 0.0815424 0.0774282 0.07305 0.0684576 0.0637045 0.0588467 0.0539413 0.0490461 0.0442193 0.0395187 0.0350002 0.0307146 0.0267044 0.023 0.0196183 0.0165637 0.0138323 0.0114159 0.00930636 0.00749468 0.00596832 0.00470681 0.00367989 0.00285016 0.00217928 0.00163468 0.0011932 0.000840427 0.000566934 0.000364092 0.000221645 0.000127535 6.92445e-05 3.54459e-05 1.71029e-05 7.77987e-06 3.33785e-06 1.3515e-06 5.16799e-07 1.86768e-07 6.38386e-08 2.06529e-08 6.32851e-09 1.83794e-09 5.06218e-10 1.32303e-10 3.28286e-11 7.73727e-12 1.73283e-12 3.68903e-13 7.46783e-14 1.43784e-14 2.63308e-15 4.55276e-16 5.29408e-17 
0 3.78937e-16 2.25349e-15 1.24408e-14 6.53013e-14 3.26019e-13 1.54776e-12 6.98497e-12 2.99543e-11 1.22012e-10 4.71823e-10 1.73123e-09 6.02378e-09 1.98626e-08 6.20226e-08 1.83266e-07 5.12023e-07 1.3515e-06 3.36748e-06 7.91428e-06 1.75317e-05 3.65845e-05 7.18947e-05 0.000133066 0.000232126 0.00038228 0.000596076 0.000883991 0.00125484 0.00171881 0.00229239 0.00300232 0.0038856 0.00498419 0.00633682 0.00797261 0.00990987 0.0121602 0.0147339 0.0176422 0.0208954 0.0244967 0.0284365 0.0326896 0.0372164 0.0419659 0.0468808 0.051901 0.0569648 0.0620098 0.0669729 0.0717906 0.0764007 0.0807444 0.084769 0.0884302 0.0916939 0.0945368 0.0969461 0.0989189 0.100461 0.101585 0.102311 0.102662 0.102665 0.102352 0.101755 0.100908 0.0998444 0.0985989 0.0972041 0.0956916 0.0940907 0.0924283 0.090729 0.0890143 0.0873032 0.0856122 0.083955 0.0823432 0.0807863 0.0792918 0.0778656 0.0765123 0.0752352 0.0740365 0.0729178 0.0718798 0.0709227 0.0700464 0.0692504 0.0685339 0.0678962 0.0673363 0.0668533 0.0664463 0.0661145 0.0658572 0.0656739 0.065564 0.0655274 0.065564 0.0656739 0.0658572 0.0661145 0.0664463 0.0668533 0.0673363 0.0678962 0.0685339 0.0692504 0.0700464 0.0709227 0.0718798 0.0729178 0.0740365 0.0752352 0.0765123 0.0778656 0.0792918 0.0807863 0.0823432 0.083955 0.0856122 0.0873032 0.0890143 0.090729 0.0924283 0.0940907 0.0956916 0.0972041 0.0985989 0.0998444 0.100908 0.101755 0.102352 0.102665 0.102662 0.102311 0.101585 0.100461 0.0989189 0.0969461 0.0945368 0.0916939 0.0884302 0.084769 0.0807444 0.0764007 0.0717906 0.0669729 0.0620098 0.0569648 0.051901 0.0468808 0.0419659 0.0372164 0.0326896 0.0284365 0.0244967 0.0208954 0.0176422 0.0147339 0.0121602 0.00990987 0.00797261 0.00633682 0.00498419 0.0038856 0.00300232 0.00229239 0.00171881 0.00125484 0.000883991 0.000596076 0.00038228 0.000232126 0.000133066 7.18947e-05 3.65845e-05 1.75317e-05 7.91428e-06 3.36748e-06 1.3515e-06 5.12023e-07 1.83266e-07 6.20226e-08 1.98626e-08 6.02378e-09 1.73123e-09 4.71823e-10 1.22012e-10 2.99543e-11 6.98497e-12 1.54776e-12 3.26019e-13 6.53009e-14 1.2438e-14 2.23596e-15 2.7484e-16 
