0 0 0 0 0 0 0 0 0 0 0 0 0 0 0 0 0 0 0 0 0 0 0 0 0 0 0 0 0 0 0 0 0 0 0 0 0 0 0 0 0 0 0 0 0 0 0 0 0 0 0 0 0 0 0 0 0 0 0 0 0 0 0 0 0 0 0 0 0 0 0 0 0 0 0 0 0 0 0 0 0 0 0 0 0 0 0 0 0 0 0 0 0 0 0 0 0 0 0 0 0 0 0 0 0 0 0 0 0 0 0 0 0 0 0 0 0 0 0 0 0 0 0 0 0 0 0 0 0 0 0 0 0 0 0 0 0 0 0 0 0 0 0 0 0 0 0 0 0 0 0 0 0 0 0 0 0 0 0 0 0 0 0 0 0 0 0 0 0 0 0 0 0 0 0 0 0 0 0 0 0 0 0 0 0 0 0 0 0 0 0 0 0 0 0 0 0 0 0 0 
0 8.08718e-16 4.15815e-15 1.97502e-14 8.94995e-14 3.87315e-13 1.60044e-12 6.31325e-12 2.37686e-11 8.53836e-11 2.92581e-10 9.5606e-10 2.97822e-09 8.84134e-09 2.5005e-08 6.73508e-08 1.72714e-07 4.21558e-07 9.79085e-07 2.16338e-06 4.54719e-06 9.09175e-06 1.72944e-05 3.13081e-05 5.39699e-05 8.86707e-05 0.00013903 0.000208414 0.000299434 0.000413641 0.000551629 0.000713658 0.000900688 0.00111549 0.00136342 0.00165237 0.00199186 0.0023914 0.00285846 0.00339688 0.00400595 0.00468051 0.00541194 0.00618961 0.00700241 0.0078398 0.00869227 0.00955116 0.010408 0.0112536 0.0120778 0.0128687 0.013613 0.0142968 0.0149064 0.0154289 0.0158534 0.0161716 0.016378 0.0164703 0.0164488 0.0163165 0.0160782 0.0157406 0.0153112 0.0147986 0.0142117 0.0135596 0.0128517 0.012097 0.0113048 0.0104836 0.00964211 0.00878831 0.00792984 0.00707381 0.00622674 0.00539454 0.00458245 0.00379506 0.00303629 0.00230939 0.00161702 0.000961234 0.000343561 -0.00023494 -0.00077363 -0.00127222 -0.00173072 -0.00214938 -0.0025286 -0.00286895 -0.00317105 -0.00343558 -0.0036632 -0.00385456 -0.00401025 -0.00413078 -0.00421657 -0.00426791 -0.00428501 -0.00426791 -0.00421657 -0.00413078 -0.00401025 -0.00385456 -0.0036632 -0.00343558 -0.00317105 -0.00286895 -0.0025286 -0.00214938 -0.00173072 -0.00127222 -0.00077363 -0.00023494 0.000343561 0.000961234 0.00161702 0.00230939 0.00303629 0.00379506 0.00458245 0.00539454 0.00622674 0.00707381 0.00792984 0.00878831 0.00964211 0.0104836 0.0113048 0.012097 0.0128517 0.0135596 0.0142117 0.0147986 0.0153112 0.0157406 0.0160782 0.0163165 0.0164488 0.0164703 0.016378 0.0161716 0.0158534 0.0154289 0.0149064 0.0142968 0.013613 0.0128687 0.0120778 0.0112536 0.010408 0.00955116 0.00869227 0.0078398 0.00700241 0.00618961 0.00541194 0.00468051 0.00400595 0.00339688 0.00285846 0.0023914 0.00199186 0.00165237 0.00136342 0.00111549 0.000900688 0.000713658 0.000551629 0.000413641 0.000299434 0.000208414 0.00013903 8.86707e-05 5.39699e-05 3.13081e-05 1.72944e-05 9.09175e-06 4.54719e-06 2.16338e-06 9.79085e-07 4.21558e-07 1.72714e-07 6.73508e-08 2.5005e-08 8.84134e-09 2.97822e-09 9.5606e-10 2.92581e-10 8.53836e-11 2.37686e-11 6.31325e-12 1.60044e-12 3.87315e-13 8.94978e-14 1.97408e-14 4.10794e-15 5.5355e-16 
0 4.15815e-15 2.07218e-14 9.5188e-14 4.1711e-13 1.74545e-12 6.97396e-12 2.65992e-11 9.68192e-11 3.3623e-10 1.11369e-09 3.51732e-09 1.05886e-08 3.0374e-08 8.29978e-08 2.15972e-07 5.35021e-07 1.26149e-06 2.83047e-06 6.04297e-06 1.22762e-05 2.37341e-05 4.36846e-05 7.65936e-05 0.000128046 0.000204373 0.000311993 0.000456632 0.000642704 0.000873194 0.00115027 0.00147658 0.00185681 0.00229898 0.00281485 0.00341901 0.00412696 0.00495245 0.005905 0.0069882 0.00819909 0.00952877 0.0109638 0.0124877 0.0140826 0.0157298 0.0174105 0.0191047 0.0207916 0.0224488 0.0240523 0.025577 0.0269973 0.0282881 0.0294262 0.0303911 0.0311658 0.0317378 0.032099 0.0322456 0.0321783 0.0319018 0.0314242 0.0307563 0.0299116 0.0289054 0.0277543 0.0264761 0.025089 0.0236113 0.0220614 0.0204571 0.0188156 0.017153 0.0154844 0.0138238 0.0121838 0.0105755 0.00900865 0.00749178 0.00603193 0.00463493 0.00330542 0.00204698 0.000862197 -0.000247167 -0.00128009 -0.00223618 -0.00311555 -0.0039187 -0.00464646 -0.00529986 -0.00588006 -0.0063883 -0.00682582 -0.00719377 -0.00749323 -0.00772513 -0.00789021 -0.00798904 -0.00802194 -0.00798904 -0.00789021 -0.00772513 -0.00749323 -0.00719377 -0.00682582 -0.0063883 -0.00588006 -0.00529986 -0.00464646 -0.0039187 -0.00311555 -0.00223618 -0.00128009 -0.000247167 0.000862197 0.00204698 0.00330542 0.00463493 0.00603193 0.00749178 0.00900865 0.0105755 0.0121838 0.0138238 0.0154844 0.017153 0.0188156 0.0204571 0.0220614 0.0236113 0.025089 0.0264761 0.0277543 0.0289054 0.0299116 0.0307563 0.0314242 0.0319018 0.0321783 0.0322456 0.032099 0.0317378 0.0311658 0.0303911 0.0294262 0.0282881 0.0269973 0.025577 0.0240523 0.0224488 0.0207916 0.0191047 0.0174105 0.0157298 0.0140826 0.0124877 0.0109638 0.00952877 0.00819909 0.0069882 0.005905 0.00495245 0.00412696 0.00341901 0.00281485 0.00229898 0.00185681 0.00147658 0.00115027 0.000873194 0.000642704 0.000456632 0.000311993 0.000204373 0.000128046 7.65936e-05 4.36846e-05 2.37341e-05 1.22762e-05 6.04297e-06 2.83047e-06 1.26149e-06 5.35021e-07 2.15972e-07 8.29978e-08 3.0374e-08 1.05886e-08 3.51732e-09 1.11369e-09 3.3623e-10 9.68192e-11 2.65992e-11 6.97396e-12 1.74544e-12 4.17101e-13 9.5138e-14 2.04644e-14 2.89657e-15 
0 1.97502e-14 9.5188e-14 4.21754e-13 1.78186e-12 7.18722e-12 2.76719e-11 1.01669e-10 3.56355e-10 1.19118e-09 3.79604e-09 1.15289e-08 3.33581e-08 9.19212e-08 2.41148e-07 6.02105e-07 1.43042e-06 3.2327e-06 6.94914e-06 1.4209e-05 2.76399e-05 5.11712e-05 9.02241e-05 0.000151663 0.000243413 0.00037376 0.000550523 0.000780432 0.00106908 0.00142165 0.00184426 0.00234551 0.00293746 0.00363565 0.00445777 0.00542155 0.00654226 0.00783074 0.00929225 0.0109263 0.0127272 0.0146848 0.0167849 0.0190097 0.0213374 0.0237422 0.0261943 0.0286598 0.0311022 0.0334829 0.0357634 0.037906 0.0398758 0.0416411 0.0431744 0.044453 0.0454587 0.0461786 0.0466044 0.0467327 0.0465651 0.0461077 0.0453708 0.0443689 0.0431201 0.0416454 0.0399683 0.038114 0.0361089 0.0339795 0.0317525 0.0294536 0.0271074 0.024737 0.0223636 0.0200067 0.0176836 0.0154093 0.0131971 0.0110581 0.0090017 0.00703535 0.00516507 0.00339538 0.00172956 0.000169784 -0.00128273 -0.00262755 -0.0038649 -0.00499549 -0.00602044 -0.00694112 -0.0077591 -0.00847599 -0.0090934 -0.00961288 -0.0100358 -0.0103634 -0.0105967 -0.0107364 -0.0107829 -0.0107364 -0.0105967 -0.0103634 -0.0100358 -0.00961288 -0.0090934 -0.00847599 -0.0077591 -0.00694112 -0.00602044 -0.00499549 -0.0038649 -0.00262755 -0.00128273 0.000169784 0.00172956 0.00339538 0.00516507 0.00703535 0.0090017 0.0110581 0.0131971 0.0154093 0.0176836 0.0200067 0.0223636 0.024737 0.0271074 0.0294536 0.0317525 0.0339795 0.0361089 0.038114 0.0399683 0.0416454 0.0431201 0.0443689 0.0453708 0.0461077 0.0465651 0.0467327 0.0466044 0.0461786 0.0454587 0.044453 0.0431744 0.0416411 0.0398758 0.037906 0.0357634 0.0334829 0.0311022 0.0286598 0.0261943 0.0237422 0.0213374 0.0190097 0.0167849 0.0146848 0.0127272 0.0109263 0.00929225 0.00783074 0.00654226 0.00542155 0.00445777 0.00363565 0.00293746 0.00234551 0.00184426 0.00142165 0.00106908 0.000780432 0.000550523 0.00037376 0.000243413 0.000151663 9.02241e-05 5.11712e-05 2.76399e-05 1.4209e-05 6.94914e-06 3.2327e-06 1.43042e-06 6.02105e-07 2.41148e-07 9.19212e-08 3.33581e-08 1.15289e-08 3.79604e-09 1.19118e-09 3.56355e-10 1.01669e-10 2.76719e-11 7.18721e-12 1.78181e-12 4.21508e-13 9.39731e-14 1.40267e-14 
0 8.94995e-14 4.1711e-13 1.78186e-12 7.25449e-12 2.81878e-11 1.04505e-10 3.69566e-10 1.24616e-09 4.0052e-09 1.22651e-08 3.57719e-08 9.93259e-08 2.6246e-07 6.59751e-07 1.57713e-06 3.58435e-06 7.74326e-06 1.58996e-05 3.10352e-05 5.7608e-05 0.000101759 0.000171238 0.000274957 0.000422229 0.000621929 0.000882015 0.00120978 0.00161298 0.00210148 0.00268878 0.00339245 0.00423323 0.0052327 0.00641044 0.0077816 0.00935556 0.0111361 0.0131221 0.0153094 0.0176904 0.0202546 0.0229869 0.0258663 0.0288647 0.0319465 0.0350692 0.0381854 0.0412448 0.0441967 0.0469925 0.0495873 0.0519408 0.0540184 0.0557911 0.0572354 0.0583337 0.0590739 0.0594492 0.0594588 0.0591071 0.0584041 0.0573647 0.0560086 0.0543597 0.0524449 0.0502939 0.047938 0.0454095 0.0427407 0.0399633 0.0371081 0.0342041 0.0312782 0.0283554 0.0254581 0.0226064 0.0198177 0.0171074 0.0144883 0.0119711 0.00956461 0.00727572 0.00510968 0.00307031 0.00116017 -0.000619318 -0.0022676 -0.00378488 -0.00517196 -0.00643009 -0.00756083 -0.00856594 -0.00944726 -0.0102066 -0.0108458 -0.0113664 -0.0117698 -0.012057 -0.0122291 -0.0122864 -0.0122291 -0.012057 -0.0117698 -0.0113664 -0.0108458 -0.0102066 -0.00944726 -0.00856594 -0.00756083 -0.00643009 -0.00517196 -0.00378488 -0.0022676 -0.000619318 0.00116017 0.00307031 0.00510968 0.00727572 0.00956461 0.0119711 0.0144883 0.0171074 0.0198177 0.0226064 0.0254581 0.0283554 0.0312782 0.0342041 0.0371081 0.0399633 0.0427407 0.0454095 0.047938 0.0502939 0.0524449 0.0543597 0.0560086 0.0573647 0.0584041 0.0591071 0.0594588 0.0594492 0.0590739 0.0583337 0.0572354 0.0557911 0.0540184 0.0519408 0.0495873 0.0469925 0.0441967 0.0412448 0.0381854 0.0350692 0.0319465 0.0288647 0.0258663 0.0229869 0.0202546 0.0176904 0.0153094 0.0131221 0.0111361 0.00935556 0.0077816 0.00641044 0.0052327 0.00423323 0.00339245 0.00268878 0.00210148 0.00161298 0.00120978 0.000882015 0.000621929 0.000422229 0.000274957 0.000171238 0.000101759 5.7608e-05 3.10352e-05 1.58996e-05 7.74326e-06 3.58435e-06 1.57713e-06 6.59751e-07 2.6246e-07 9.93259e-08 3.57719e-08 1.22651e-08 4.0052e-09 1.24616e-09 3.69566e-10 1.04505e-10 2.81878e-11 7.25426e-12 1.78071e-12 4.11662e-13 6.48553e-14 
0 3.87315e-13 1.74545e-12 7.18722e-12 2.81878e-11 1.05463e-10 3.7632e-10 1.28019e-09 4.15019e-09 1.28161e-08 3.76827e-08 1.05446e-07 2.80685e-07 7.10428e-07 1.70905e-06 3.90629e-06 8.4808e-06 1.74866e-05 3.42445e-05 6.37116e-05 0.000112685 0.000189675 0.000304356 0.000466691 0.000686072 0.000970989 0.00132968 0.00177175 0.00231027 0.00296332 0.0037539 0.00470804 0.00585138 0.00720567 0.00878624 0.0106014 0.0126536 0.0149409 0.0174592 0.0202017 0.0231585 0.0263144 0.0296467 0.0331244 0.0367075 0.0403485 0.0439945 0.0475895 0.0510771 0.0544027 0.0575146 0.0603657 0.0629141 0.0651234 0.0669634 0.0684104 0.0694477 0.0700656 0.0702616 0.0700403 0.0694127 0.0683959 0.0670123 0.0652887 0.0632551 0.0609443 0.0583905 0.0556289 0.0526945 0.0496221 0.046445 0.0431953 0.0399033 0.0365968 0.0333017 0.0300413 0.0268364 0.0237054 0.0206642 0.0177265 0.0149037 0.0122049 0.00963768 0.00720766 0.00491897 0.0027744 0.000775581 -0.00107683 -0.00278296 -0.00434359 -0.00575995 -0.00703365 -0.00816646 -0.00916029 -0.010017 -0.0107385 -0.0113263 -0.0117819 -0.0121065 -0.0123009 -0.0123657 -0.0123009 -0.0121065 -0.0117819 -0.0113263 -0.0107385 -0.010017 -0.00916029 -0.00816646 -0.00703365 -0.00575995 -0.00434359 -0.00278296 -0.00107683 0.000775581 0.0027744 0.00491897 0.00720766 0.00963768 0.0122049 0.0149037 0.0177265 0.0206642 0.0237054 0.0268364 0.0300413 0.0333017 0.0365968 0.0399033 0.0431953 0.046445 0.0496221 0.0526945 0.0556289 0.0583905 0.0609443 0.0632551 0.0652887 0.0670123 0.0683959 0.0694127 0.0700403 0.0702616 0.0700656 0.0694477 0.0684104 0.0669634 0.0651234 0.0629141 0.0603657 0.0575146 0.0544027 0.0510771 0.0475895 0.0439945 0.0403485 0.0367075 0.0331244 0.0296467 0.0263144 0.0231585 0.0202017 0.0174592 0.0149409 0.0126536 0.0106014 0.00878624 0.00720567 0.00585138 0.00470804 0.0037539 0.00296332 0.00231027 0.00177175 0.00132968 0.000970989 0.000686072 0.000466691 0.000304356 0.000189675 0.000112685 6.37116e-05 3.42445e-05 1.74866e-05 8.4808e-06 3.90629e-06 1.70905e-06 7.10428e-07 2.80685e-07 1.05446e-07 3.76827e-08 1.28161e-08 4.15019e-09 1.28019e-09 3.7632e-10 1.05462e-10 2.81868e-11 7.18213e-12 1.72224e-12 2.86593e-13 
0 1.60044e-12 6.97396e-12 2.76719e-11 1.04505e-10 3.7632e-10 1.29173e-09 4.2246e-09 1.31583e-08 3.90118e-08 1.10041e-07 2.95158e-07 7.52439e-07 1.82219e-06 4.19016e-06 9.14586e-06 1.8944e-05 3.72347e-05 6.9461e-05 0.000123055 0.000207247 0.000332393 0.00050897 0.00074668 0.00105429 0.00144066 0.00191697 0.00249912 0.00320924 0.00407502 0.00512673 0.00639293 0.00789663 0.00965322 0.0116708 0.0139519 0.0164959 0.0192997 0.0223571 0.0256567 0.0291796 0.0328977 0.0367731 0.0407597 0.0448049 0.0488525 0.0528447 0.0567241 0.0604349 0.0639234 0.0671393 0.0700359 0.0725715 0.0747104 0.0764242 0.0776923 0.0785028 0.0788527 0.0787471 0.0781989 0.0772277 0.0758585 0.0741206 0.0720468 0.0696716 0.0670312 0.0641619 0.0611003 0.0578819 0.0545413 0.0511116 0.0476242 0.0441084 0.0405913 0.0370978 0.0336502 0.0302686 0.0269706 0.0237713 0.0206838 0.0177188 0.0148853 0.0121901 0.00963878 0.00723516 0.00498193 0.00288067 0.000932019 -0.00086409 -0.00250833 -0.00400182 -0.00534599 -0.00654247 -0.00759298 -0.00849924 -0.00926292 -0.00988549 -0.0103683 -0.0107124 -0.0109185 -0.0109871 -0.0109185 -0.0107124 -0.0103683 -0.00988549 -0.00926292 -0.00849924 -0.00759298 -0.00654247 -0.00534599 -0.00400182 -0.00250833 -0.00086409 0.000932019 0.00288067 0.00498193 0.00723516 0.00963878 0.0121901 0.0148853 0.0177188 0.0206838 0.0237713 0.0269706 0.0302686 0.0336502 0.0370978 0.0405913 0.0441084 0.0476242 0.0511116 0.0545413 0.0578819 0.0611003 0.0641619 0.0670312 0.0696716 0.0720468 0.0741206 0.0758585 0.0772277 0.0781989 0.0787471 0.0788527 0.0785028 0.0776923 0.0764242 0.0747104 0.0725715 0.0700359 0.0671393 0.0639234 0.0604349 0.0567241 0.0528447 0.0488525 0.0448049 0.0407597 0.0367731 0.0328977 0.0291796 0.0256567 0.0223571 0.0192997 0.0164959 0.0139519 0.0116708 0.00965322 0.00789663 0.00639293 0.00512673 0.00407502 0.00320924 0.00249912 0.00191697 0.00144066 0.00105429 0.00074668 0.00050897 0.000332393 0.000207247 0.000123055 6.9461e-05 3.72347e-05 1.8944e-05 9.14586e-06 4.19016e-06 1.82219e-06 7.52439e-07 2.95158e-07 1.10041e-07 3.90118e-08 1.31583e-08 4.2246e-09 1.29173e-09 3.76319e-10 1.045e-10 2.76505e-11 6.88011e-12 1.21024e-12 
0 6.31325e-12 2.65992e-11 1.01669e-10 3.69566e-10 1.28019e-09 4.2246e-09 1.32743e-08 3.96936e-08 1.12893e-07 3.05213e-07 7.83933e-07 1.91183e-06 4.42475e-06 9.71401e-06 2.02224e-05 3.99137e-05 7.46994e-05 0.000132627 0.000223618 0.000358674 0.000548733 0.00080374 0.00113267 0.00154503 0.00205354 0.00267695 0.00344123 0.0043781 0.00552089 0.00689961 0.00853708 0.0104479 0.0126402 0.0151177 0.0178823 0.0209332 0.0242648 0.0278636 0.0317051 0.0357535 0.0399629 0.0442794 0.0486451 0.0530002 0.0572853 0.0614423 0.0654147 0.069148 0.0725903 0.0756934 0.0784142 0.0807161 0.0825706 0.0839579 0.0848675 0.0852982 0.0852572 0.0847592 0.0838253 0.0824818 0.0807591 0.0786903 0.076311 0.0736574 0.0707666 0.0676755 0.0644202 0.0610357 0.0575554 0.0540111 0.0504323 0.046846 0.0432772 0.0397482 0.0362789 0.0328868 0.029587 0.0263924 0.0233142 0.0203612 0.0175409 0.014859 0.01232 0.00992723 0.00768278 0.00558805 0.00364362 0.00184952 0.00020526 -0.00128998 -0.00263728 -0.00383791 -0.00489321 -0.00580451 -0.00657311 -0.00720019 -0.00768679 -0.00803374 -0.00824165 -0.00831091 -0.00824165 -0.00803374 -0.00768679 -0.00720019 -0.00657311 -0.00580451 -0.00489321 -0.00383791 -0.00263728 -0.00128998 0.00020526 0.00184952 0.00364362 0.00558805 0.00768278 0.00992723 0.01232 0.014859 0.0175409 0.0203612 0.0233142 0.0263924 0.029587 0.0328868 0.0362789 0.0397482 0.0432772 0.046846 0.0504323 0.0540111 0.0575554 0.0610357 0.0644202 0.0676755 0.0707666 0.0736574 0.076311 0.0786903 0.0807591 0.0824818 0.0838253 0.0847592 0.0852572 0.0852982 0.0848675 0.0839579 0.0825706 0.0807161 0.0784142 0.0756934 0.0725903 0.069148 0.0654147 0.0614423 0.0572853 0.0530002 0.0486451 0.0442794 0.0399629 0.0357535 0.0317051 0.0278636 0.0242648 0.0209332 0.0178823 0.0151177 0.0126402 0.0104479 0.00853708 0.00689961 0.00552089 0.0043781 0.00344123 0.00267695 0.00205354 0.00154503 0.00113267 0.00080374 0.000548733 0.000358674 0.000223618 0.000132627 7.46994e-05 3.99137e-05 2.02224e-05 9.71401e-06 4.42475e-06 1.91183e-06 7.83933e-07 3.05213e-07 1.12893e-07 3.96936e-08 1.32743e-08 4.2246e-09 1.28018e-09 3.69547e-10 1.01584e-10 2.62395e-11 4.88318e-12 
0 2.37686e-11 9.68192e-11 3.56355e-10 1.24616e-09 4.15019e-09 1.31583e-08 3.96936e-08 1.1386e-07 3.10367e-07 8.0345e-07 1.97399e-06 4.60012e-06 1.01624e-05 2.12736e-05 4.21879e-05 7.92579e-05 0.000141118 0.000238357 0.000382593 0.000585198 0.000856344 0.00120524 0.00164209 0.00218135 0.00284472 0.00366199 0.00466846 0.00589969 0.00738588 0.00914861 0.0112012 0.0135515 0.0162053 0.0191672 0.0224384 0.0260128 0.029873 0.0339883 0.0383151 0.0427999 0.0473829 0.0520016 0.0565933 0.0610958 0.0654481 0.0695906 0.073466 0.0770204 0.0802052 0.0829788 0.0853082 0.0871699 0.08855 0.0894439 0.0898557 0.0897967 0.0892845 0.088342 0.0869965 0.0852785 0.0832212 0.0808595 0.0782299 0.075369 0.0723135 0.0690994 0.0657612 0.0623317 0.0588417 0.0553194 0.0517909 0.0482792 0.0448052 0.0413871 0.0380408 0.0347801 0.0316167 0.0285606 0.0256201 0.0228019 0.0201117 0.0175537 0.0151315 0.0128476 0.0107036 0.0087007 0.00683953 0.00512022 0.00354256 0.00210608 0.000810104 -0.000346181 -0.00136365 -0.00224321 -0.00298574 -0.00359204 -0.00406282 -0.00439866 -0.00459998 -0.00466706 -0.00459998 -0.00439866 -0.00406282 -0.00359204 -0.00298574 -0.00224321 -0.00136365 -0.000346181 0.000810104 0.00210608 0.00354256 0.00512022 0.00683953 0.0087007 0.0107036 0.0128476 0.0151315 0.0175537 0.0201117 0.0228019 0.0256201 0.0285606 0.0316167 0.0347801 0.0380408 0.0413871 0.0448052 0.0482792 0.0517909 0.0553194 0.0588417 0.0623317 0.0657612 0.0690994 0.0723135 0.075369 0.0782299 0.0808595 0.0832212 0.0852785 0.0869965 0.088342 0.0892845 0.0897967 0.0898557 0.0894439 0.08855 0.0871699 0.0853082 0.0829788 0.0802052 0.0770204 0.073466 0.0695906 0.0654481 0.0610958 0.0565933 0.0520016 0.0473829 0.0427999 0.0383151 0.0339883 0.029873 0.0260128 0.0224384 0.0191672 0.0162053 0.0135515 0.0112012 0.00914861 0.00738588 0.00589969 0.00466846 0.00366199 0.00284472 0.00218135 0.00164209 0.00120524 0.000856344 0.000585198 0.000382593 0.000238357 0.000141118 7.92579e-05 4.21879e-05 2.12736e-05 1.01624e-05 4.60012e-06 1.97399e-06 8.0345e-07 3.10367e-07 1.1386e-07 3.96936e-08 1.31583e-08 4.15017e-09 1.24609e-09 3.56029e-10 9.55153e-11 1.88227e-11 
0 8.53836e-11 3.3623e-10 1.19118e-09 4.0052e-09 1.28161e-08 3.90118e-08 1.12893e-07 3.10367e-07 8.10061e-07 2.0058e-06 4.70858e-06 1.04725e-05 2.20565e-05 4.39738e-05 8.29818e-05 0.000148266 0.00025105 0.00040355 0.000617562 0.000903489 0.00127081 0.00173053 0.00229896 0.00300091 0.00386995 0.00494467 0.00626213 0.00785197 0.00973397 0.0119201 0.0144187 0.0172379 0.0203845 0.0238603 0.0276564 0.0317498 0.0361019 0.0406621 0.045371 0.0501653 0.0549797 0.0597488 0.0644069 0.0688882 0.073128 0.0770648 0.0806422 0.0838123 0.0865367 0.0887885 0.0905514 0.0918196 0.0925962 0.0928921 0.0927243 0.092115 0.0910906 0.0896811 0.0879191 0.0858393 0.083478 0.0808718 0.0780574 0.0750707 0.0719462 0.0687165 0.0654119 0.0620601 0.0586865 0.0553136 0.0519615 0.0486479 0.0453881 0.0421956 0.0390819 0.0360569 0.0331291 0.0303054 0.0275919 0.0249933 0.0225136 0.0201561 0.0179232 0.0158167 0.013838 0.0119881 0.0102675 0.00867639 0.0072148 0.00588252 0.00467924 0.0036045 0.00265782 0.00183869 0.00114659 0.000581046 0.000141649 -0.000171949 -0.000360002 -0.000422669 -0.000360002 -0.000171949 0.000141649 0.000581046 0.00114659 0.00183869 0.00265782 0.0036045 0.00467924 0.00588252 0.0072148 0.00867639 0.0102675 0.0119881 0.013838 0.0158167 0.0179232 0.0201561 0.0225136 0.0249933 0.0275919 0.0303054 0.0331291 0.0360569 0.0390819 0.0421956 0.0453881 0.0486479 0.0519615 0.0553136 0.0586865 0.0620601 0.0654119 0.0687165 0.0719462 0.0750707 0.0780574 0.0808718 0.083478 0.0858393 0.0879191 0.0896811 0.0910906 0.092115 0.0927243 0.0928921 0.0925962 0.0918196 0.0905514 0.0887885 0.0865367 0.0838123 0.0806422 0.0770648 0.073128 0.0688882 0.0644069 0.0597488 0.0549797 0.0501653 0.045371 0.0406621 0.0361019 0.0317498 0.0276564 0.0238603 0.0203845 0.0172379 0.0144187 0.0119201 0.00973397 0.00785197 0.00626213 0.00494467 0.00386995 0.00300091 0.00229896 0.00173053 0.00127081 0.000903489 0.000617562 0.00040355 0.00025105 0.000148266 8.29818e-05 4.39738e-05 2.20565e-05 1.04725e-05 4.70858e-06 2.0058e-06 8.10061e-07 3.10367e-07 1.12893e-07 3.90118e-08 1.2816e-08 4.00491e-09 1.19001e-09 3.31772e-10 6.92992e-11 
0 2.92581e-10 1.11369e-09 3.79604e-09 1.22651e-08 3.76827e-08 1.10041e-07 3.05213e-07 8.0345e-07 2.0058e-06 4.74529e-06 1.06309e-05 2.25395e-05 4.52041e-05 8.57411e-05 0.000153841 0.000261332 0.000421009 0.000645095 0.000944253 0.00132827 0.00180902 0.00240475 0.00314345 0.00406243 0.0052032 0.00660385 0.00829291 0.0102883 0.0126011 0.0152412 0.0182191 0.0215434 0.0252146 0.0292186 0.0335246 0.0380859 0.0428454 0.0477397 0.0527031 0.0576683 0.0625663 0.0673266 0.0718777 0.0761495 0.0800772 0.0836042 0.086685 0.0892865 0.0913881 0.0929809 0.094066 0.0946532 0.0947594 0.0944075 0.0936255 0.0924456 0.0909029 0.0890354 0.0868819 0.0844817 0.0818734 0.0790939 0.0761781 0.0731582 0.0700635 0.0669202 0.0637519 0.0605791 0.05742 0.0542904 0.0512042 0.0481732 0.0452077 0.0423165 0.0395073 0.0367864 0.0341592 0.0316302 0.0292033 0.0268814 0.024667 0.0225622 0.0205684 0.0186869 0.0169185 0.0152639 0.0137236 0.0122977 0.0109864 0.00978978 0.00870776 0.00774023 0.00688706 0.0061481 0.00552317 0.00501211 0.00461479 0.00433108 0.00416089 0.00410417 0.00416089 0.00433108 0.00461479 0.00501211 0.00552317 0.0061481 0.00688706 0.00774023 0.00870776 0.00978978 0.0109864 0.0122977 0.0137236 0.0152639 0.0169185 0.0186869 0.0205684 0.0225622 0.024667 0.0268814 0.0292033 0.0316302 0.0341592 0.0367864 0.0395073 0.0423165 0.0452077 0.0481732 0.0512042 0.0542904 0.05742 0.0605791 0.0637519 0.0669202 0.0700635 0.0731582 0.0761781 0.0790939 0.0818734 0.0844817 0.0868819 0.0890354 0.0909029 0.0924456 0.0936255 0.0944075 0.0947594 0.0946532 0.094066 0.0929809 0.0913881 0.0892865 0.086685 0.0836042 0.0800772 0.0761495 0.0718777 0.0673266 0.0625663 0.0576683 0.0527031 0.0477397 0.0428454 0.0380859 0.0335246 0.0292186 0.0252146 0.0215434 0.0182191 0.0152412 0.0126011 0.0102883 0.00829291 0.00660385 0.0052032 0.00406243 0.00314345 0.00240475 0.00180902 0.00132827 0.000944253 0.000645095 0.000421009 0.000261332 0.000153841 8.57411e-05 4.52041e-05 2.25395e-05 1.06309e-05 4.74529e-06 2.0058e-06 8.0345e-07 3.05213e-07 1.10041e-07 3.76824e-08 1.22641e-08 3.79209e-09 1.09936e-09 2.43644e-10 
0 9.5606e-10 3.51732e-09 1.15289e-08 3.57719e-08 1.05446e-07 2.95158e-07 7.83933e-07 1.97399e-06 4.70858e-06 1.06309e-05 2.27027e-05 4.58314e-05 8.74375e-05 0.000157664 0.000268902 0.000434516 0.000667179 0.000977843 0.00137665 0.00187635 0.00249718 0.00327027 0.00423651 0.00544008 0.00691967 0.00870246 0.0108047 0.0132375 0.0160128 0.019144 0.0226407 0.0265 0.0307006 0.0352029 0.0399526 0.0448875 0.0499413 0.055046 0.0601308 0.0651212 0.0699399 0.0745095 0.0787561 0.0826144 0.0860305 0.088964 0.0913881 0.0932887 0.0946625 0.095516 0.0958642 0.0957294 0.0951406 0.0941327 0.092745 0.09102 0.0890017 0.0867344 0.0842609 0.0816216 0.0788536 0.0759906 0.0730621 0.0700943 0.0671096 0.0641273 0.0611638 0.0582331 0.055347 0.0525154 0.0497465 0.0470471 0.0444229 0.0418783 0.0394171 0.0370422 0.0347559 0.03256 0.0304561 0.0284452 0.0265284 0.0247063 0.0229797 0.0213491 0.019815 0.0183778 0.017038 0.0157959 0.0146519 0.0136063 0.0126594 0.0118115 0.0110628 0.0104135 0.00986374 0.00941377 0.00906367 0.00881353 0.00866342 0.00861338 0.00866342 0.00881353 0.00906367 0.00941377 0.00986374 0.0104135 0.0110628 0.0118115 0.0126594 0.0136063 0.0146519 0.0157959 0.017038 0.0183778 0.019815 0.0213491 0.0229797 0.0247063 0.0265284 0.0284452 0.0304561 0.03256 0.0347559 0.0370422 0.0394171 0.0418783 0.0444229 0.0470471 0.0497465 0.0525154 0.055347 0.0582331 0.0611638 0.0641273 0.0671096 0.0700943 0.0730621 0.0759906 0.0788536 0.0816216 0.0842609 0.0867344 0.0890017 0.09102 0.092745 0.0941327 0.0951406 0.0957294 0.0958642 0.095516 0.0946625 0.0932887 0.0913881 0.088964 0.0860305 0.0826144 0.0787561 0.0745095 0.0699399 0.0651212 0.0601308 0.055046 0.0499413 0.0448875 0.0399526 0.0352029 0.0307006 0.0265 0.0226407 0.019144 0.0160128 0.0132375 0.0108047 0.00870246 0.00691967 0.00544008 0.00423651 0.00327027 0.00249718 0.00187635 0.00137665 0.000977843 0.000667179 0.000434516 0.000268902 0.000157664 8.74375e-05 4.58314e-05 2.27027e-05 1.06309e-05 4.70858e-06 1.97399e-06 7.83933e-07 2.95158e-07 1.05445e-07 3.57684e-08 1.15164e-08 3.47426e-09 8.17851e-10 
0 2.97822e-09 1.05886e-08 3.33581e-08 9.93259e-08 2.80685e-07 7.52439e-07 1.91183e-06 4.60012e-06 1.04725e-05 2.25395e-05 4.58314e-05 8.80099e-05 0.000159608 0.000273535 0.000443722 0.000683317 0.00100361 0.00141513 0.0019315 0.00257487 0.00337938 0.00438937 0.00565142 0.00720456 0.00907456 0.0112764 0.0138219 0.0167261 0.0200053 0.0236685 0.0277078 0.0320936 0.0367776 0.0416993 0.0467928 0.0519898 0.0572185 0.0624018 0.0674577 0.0723009 0.0768488 0.0810262 0.08477 0.0880316 0.0907768 0.0929847 0.0946465 0.0957636 0.0963474 0.0964183 0.0960054 0.0951453 0.0938809 0.0922592 0.0903296 0.0881416 0.0857428 0.0831783 0.0804888 0.0777111 0.0748773 0.0720153 0.0691489 0.066298 0.0634794 0.0607066 0.0579904 0.0553393 0.0527596 0.0502559 0.0478313 0.0454875 0.0432256 0.0410459 0.0389481 0.0369319 0.0349967 0.0331418 0.0313668 0.0296713 0.028055 0.0265178 0.0250598 0.0236812 0.0223822 0.0211634 0.0200252 0.0189683 0.017993 0.0171002 0.0162903 0.015564 0.0149217 0.014364 0.0138914 0.0135041 0.0132025 0.012987 0.0128575 0.0128144 0.0128575 0.012987 0.0132025 0.0135041 0.0138914 0.014364 0.0149217 0.015564 0.0162903 0.0171002 0.017993 0.0189683 0.0200252 0.0211634 0.0223822 0.0236812 0.0250598 0.0265178 0.028055 0.0296713 0.0313668 0.0331418 0.0349967 0.0369319 0.0389481 0.0410459 0.0432256 0.0454875 0.0478313 0.0502559 0.0527596 0.0553393 0.0579904 0.0607066 0.0634794 0.066298 0.0691489 0.0720153 0.0748773 0.0777111 0.0804888 0.0831783 0.0857428 0.0881416 0.0903296 0.0922592 0.0938809 0.0951453 0.0960054 0.0964183 0.0963474 0.0957636 0.0946465 0.0929847 0.0907768 0.0880316 0.08477 0.0810262 0.0768488 0.0723009 0.0674577 0.0624018 0.0572185 0.0519898 0.0467928 0.0416993 0.0367776 0.0320936 0.0277078 0.0236685 0.0200053 0.0167261 0.0138219 0.0112764 0.00907456 0.00720456 0.00565142 0.00438937 0.00337938 0.00257487 0.0019315 0.00141513 0.00100361 0.000683317 0.000443722 0.000273535 0.000159608 8.80099e-05 4.58314e-05 2.25395e-05 1.04725e-05 4.60012e-06 1.91183e-06 7.52438e-07 2.80682e-07 9.93152e-08 3.3321e-08 1.04686e-08 2.62054e-09 
0 8.84134e-09 3.0374e-08 9.19212e-08 2.6246e-07 7.10428e-07 1.82219e-06 4.42475e-06 1.01624e-05 2.20565e-05 4.52041e-05 8.74375e-05 0.000159608 0.000275096 0.000448385 0.000693146 0.00102107 0.00144308 0.00197362 0.00263661 0.00346902 0.0045184 0.00583359 0.00745387 0.00940372 0.0116973 0.014348 0.0173742 0.020795 0.0246175 0.0288273 0.033386 0.0382378 0.0433179 0.0485583 0.0538876 0.0592283 0.0644946 0.0695949 0.0744369 0.0789345 0.0830139 0.0866162 0.089698 0.0922304 0.0941968 0.0955923 0.0964232 0.0967071 0.0964723 0.0957568 0.0946065 0.0930728 0.0912097 0.0890716 0.086711 0.084177 0.0815147 0.0787647 0.0759628 0.0731402 0.070324 0.0675366 0.0647967 0.0621191 0.059515 0.0569924 0.0545565 0.0522102 0.0499544 0.0477882 0.0457101 0.0437176 0.0418078 0.0399777 0.0382244 0.0365453 0.0349378 0.0334001 0.0319303 0.0305273 0.02919 0.027918 0.0267108 0.0255685 0.0244912 0.0234792 0.022533 0.0216531 0.0208403 0.0200951 0.0194183 0.0188105 0.0182725 0.0178049 0.0174082 0.0170829 0.0168294 0.0166481 0.0165392 0.0165029 0.0165392 0.0166481 0.0168294 0.0170829 0.0174082 0.0178049 0.0182725 0.0188105 0.0194183 0.0200951 0.0208403 0.0216531 0.022533 0.0234792 0.0244912 0.0255685 0.0267108 0.027918 0.02919 0.0305273 0.0319303 0.0334001 0.0349378 0.0365453 0.0382244 0.0399777 0.0418078 0.0437176 0.0457101 0.0477882 0.0499544 0.0522102 0.0545565 0.0569924 0.059515 0.0621191 0.0647967 0.0675366 0.070324 0.0731402 0.0759628 0.0787647 0.0815147 0.084177 0.086711 0.0890716 0.0912097 0.0930728 0.0946065 0.0957568 0.0964723 0.0967071 0.0964232 0.0955923 0.0941968 0.0922304 0.089698 0.0866162 0.0830139 0.0789345 0.0744369 0.0695949 0.0644946 0.0592283 0.0538876 0.0485583 0.0433179 0.0382378 0.033386 0.0288273 0.0246175 0.020795 0.0173742 0.014348 0.0116973 0.00940372 0.00745387 0.00583359 0.0045184 0.00346902 0.00263661 0.00197362 0.00144308 0.00102107 0.000693146 0.000448385 0.000275096 0.000159608 8.74375e-05 4.52041e-05 2.20565e-05 1.01624e-05 4.42475e-06 1.82219e-06 7.10419e-07 2.62428e-07 9.1819e-08 3.00684e-08 8.01332e-09 
0 2.5005e-08 8.29978e-08 2.41148e-07 6.59751e-07 1.70905e-06 4.19016e-06 9.71401e-06 2.12736e-05 4.39738e-05 8.57411e-05 0.000157664 0.000273535 0.000448385 0.000696447 0.00102988 0.00146003 0.00200207 0.00268144 0.00353767 0.00462131 0.0059834 0.00766355 0.0096852 0.0120621 0.0148099 0.0179507 0.0215053 0.0254784 0.0298478 0.0345666 0.0395732 0.0448007 0.0501792 0.0556328 0.0610754 0.0664109 0.0715382 0.0763597 0.0807892 0.0847555 0.0882041 0.0910953 0.0934026 0.0951123 0.0962236 0.0967492 0.0967155 0.0961608 0.0951339 0.0936899 0.0918874 0.0897856 0.0874416 0.0849094 0.0822387 0.0794747 0.0766581 0.0738246 0.0710053 0.0682262 0.0655087 0.0628693 0.0603203 0.0578697 0.0555221 0.0532792 0.0511403 0.0491028 0.0471633 0.0453173 0.0435599 0.0418865 0.040292 0.0387722 0.0373228 0.0359402 0.034621 0.0333626 0.0321626 0.0310191 0.0299306 0.0288961 0.0279148 0.0269862 0.0261102 0.025287 0.0245167 0.0237997 0.0231367 0.0225282 0.0219749 0.0214775 0.0210367 0.0206532 0.0203276 0.0200603 0.019852 0.0197028 0.0196133 0.0195834 0.0196133 0.0197028 0.019852 0.0200603 0.0203276 0.0206532 0.0210367 0.0214775 0.0219749 0.0225282 0.0231367 0.0237997 0.0245167 0.025287 0.0261102 0.0269862 0.0279148 0.0288961 0.0299306 0.0310191 0.0321626 0.0333626 0.034621 0.0359402 0.0373228 0.0387722 0.040292 0.0418865 0.0435599 0.0453173 0.0471633 0.0491028 0.0511403 0.0532792 0.0555221 0.0578697 0.0603203 0.0628693 0.0655087 0.0682262 0.0710053 0.0738246 0.0766581 0.0794747 0.0822387 0.0849094 0.0874416 0.0897856 0.0918874 0.0936899 0.0951339 0.0961608 0.0967155 0.0967492 0.0962236 0.0951123 0.0934026 0.0910953 0.0882041 0.0847555 0.0807892 0.0763597 0.0715382 0.0664109 0.0610754 0.0556328 0.0501792 0.0448007 0.0395732 0.0345666 0.0298478 0.0254784 0.0215053 0.0179507 0.0148099 0.0120621 0.0096852 0.00766355 0.0059834 0.00462131 0.00353767 0.00268144 0.00200207 0.00146003 0.00102988 0.000696447 0.000448385 0.000273535 0.000157664 8.57411e-05 4.39738e-05 2.12736e-05 9.714e-06 4.19015e-06 1.70902e-06 6.59666e-07 2.40892e-07 8.23046e-08 2.33804e-08 
0 6.73508e-08 2.15972e-07 6.02105e-07 1.57713e-06 3.90629e-06 9.14586e-06 2.02224e-05 4.21879e-05 8.29818e-05 0.000153841 0.000268902 0.000443722 0.000693146 0.00102988 0.00146571 0.00201641 0.00270863 0.00358412 0.00469622 0.00609819 0.0078302 0.00991505 0.0123666 0.0152027 0.0184494 0.0221291 0.0262425 0.0307596 0.0356258 0.0407758 0.0461416 0.0516512 0.0572218 0.0627566 0.0681484 0.0732884 0.0780771 0.0824296 0.0862781 0.0895703 0.0922673 0.0943437 0.0957887 0.0966073 0.0968212 0.0964676 0.0955961 0.0942647 0.092536 0.0904735 0.0881396 0.0855933 0.0828905 0.0800823 0.0772157 0.0743321 0.0714678 0.0686532 0.0659124 0.0632641 0.0607214 0.0582925 0.0559815 0.0537894 0.0517146 0.0497535 0.0479015 0.0461532 0.0445026 0.0429437 0.0414705 0.0400772 0.0387581 0.0375081 0.0363224 0.0351965 0.0341266 0.0331093 0.0321418 0.0312217 0.030347 0.0295163 0.0287286 0.0279832 0.0272796 0.026618 0.0259983 0.0254209 0.0248864 0.0243953 0.0239483 0.0235459 0.023189 0.0228782 0.022614 0.0223971 0.0222279 0.0221067 0.0220339 0.0220096 0.0220339 0.0221067 0.0222279 0.0223971 0.022614 0.0228782 0.023189 0.0235459 0.0239483 0.0243953 0.0248864 0.0254209 0.0259983 0.026618 0.0272796 0.0279832 0.0287286 0.0295163 0.030347 0.0312217 0.0321418 0.0331093 0.0341266 0.0351965 0.0363224 0.0375081 0.0387581 0.0400772 0.0414705 0.0429437 0.0445026 0.0461532 0.0479015 0.0497535 0.0517146 0.0537894 0.0559815 0.0582925 0.0607214 0.0632641 0.0659124 0.0686532 0.0714678 0.0743321 0.0772157 0.0800823 0.0828905 0.0855933 0.0881396 0.0904735 0.092536 0.0942647 0.0955961 0.0964676 0.0968212 0.0966073 0.0957887 0.0943437 0.0922673 0.0895703 0.0862781 0.0824296 0.0780771 0.0732884 0.0681484 0.0627566 0.0572218 0.0516512 0.0461416 0.0407758 0.0356258 0.0307596 0.0262425 0.0221291 0.0184494 0.0152027 0.0123666 0.00991505 0.0078302 0.00609819 0.00469622 0.00358412 0.00270863 0.00201641 0.00146571 0.00102988 0.000693146 0.000443722 0.000268902 0.000153841 8.29818e-05 4.21879e-05 2.02224e-05 9.14584e-06 3.90622e-06 1.57692e-06 6.01536e-07 2.14655e-07 6.50767e-08 
0 1.72714e-07 5.35021e-07 1.43042e-06 3.58435e-06 8.4808e-06 1.8944e-05 3.99137e-05 7.92579e-05 0.000148266 0.000261332 0.000434516 0.000683317 0.00102107 0.00146003 0.00201641 0.00271775 0.00360756 0.00474175 0.00617588 0.00795116 0.0100902 0.012607 0.0155222 0.0188653 0.0226598 0.0269022 0.0315544 0.0365558 0.041839 0.0473358 0.0529705 0.058651 0.0642682 0.0697049 0.0748479 0.0795977 0.083872 0.0876041 0.090741 0.0932432 0.0950863 0.0962644 0.0967913 0.0966999 0.0960384 0.0948656 0.0932466 0.0912484 0.088938 0.0863805 0.0836383 0.0807703 0.0778308 0.0748688 0.0719266 0.0690396 0.0662357 0.0635359 0.0609546 0.0585006 0.0561784 0.0539887 0.0519298 0.0499977 0.0481876 0.0464931 0.0449078 0.0434245 0.0420361 0.0407352 0.0395149 0.0383684 0.0372893 0.0362716 0.0353101 0.0344001 0.0335374 0.0327184 0.0319405 0.031201 0.0304984 0.0298311 0.0291982 0.0285992 0.0280336 0.0275015 0.027003 0.0265384 0.026108 0.0257125 0.0253523 0.025028 0.0247403 0.0244896 0.0242765 0.0241015 0.023965 0.0238672 0.0238084 0.0237888 0.0238084 0.0238672 0.023965 0.0241015 0.0242765 0.0244896 0.0247403 0.025028 0.0253523 0.0257125 0.026108 0.0265384 0.027003 0.0275015 0.0280336 0.0285992 0.0291982 0.0298311 0.0304984 0.031201 0.0319405 0.0327184 0.0335374 0.0344001 0.0353101 0.0362716 0.0372893 0.0383684 0.0395149 0.0407352 0.0420361 0.0434245 0.0449078 0.0464931 0.0481876 0.0499977 0.0519298 0.0539887 0.0561784 0.0585006 0.0609546 0.0635359 0.0662357 0.0690396 0.0719266 0.0748688 0.0778308 0.0807703 0.0836383 0.0863805 0.088938 0.0912484 0.0932466 0.0948656 0.0960384 0.0966999 0.0967913 0.0962644 0.0950863 0.0932432 0.090741 0.0876041 0.083872 0.0795977 0.0748479 0.0697049 0.0642682 0.058651 0.0529705 0.0473358 0.041839 0.0365558 0.0315544 0.0269022 0.0226598 0.0188653 0.0155222 0.012607 0.0100902 0.00795116 0.00617588 0.00474175 0.00360756 0.00271775 0.00201641 0.00146003 0.00102107 0.000683317 0.000434516 0.000261332 0.000148266 7.92579e-05 3.99137e-05 1.89439e-05 8.48063e-06 3.58389e-06 1.42937e-06 5.33329e-07 1.72768e-07 
0 4.21558e-07 1.26149e-06 3.2327e-06 7.74326e-06 1.74866e-05 3.72347e-05 7.46994e-05 0.000141118 0.00025105 0.000421009 0.000667179 0.00100361 0.00144308 0.00200207 0.00270863 0.00360756 0.00475702 0.00621509 0.0080245 0.0102082 0.0127807 0.015765 0.0191938 0.0230917 0.0274507 0.0322257 0.0373508 0.0427582 0.0483796 0.0541336 0.0599165 0.0656071 0.0710805 0.0762218 0.080933 0.0851326 0.0887524 0.0917364 0.0940441 0.0956547 0.0965706 0.0968165 0.0964362 0.0954867 0.0940334 0.0921455 0.0898935 0.0873484 0.0845798 0.0816549 0.0786367 0.0755823 0.0725413 0.0695548 0.0666551 0.0638664 0.0612054 0.0586829 0.0563047 0.0540726 0.0519855 0.0500402 0.0482314 0.0465525 0.044996 0.0435534 0.0422162 0.0409753 0.0398219 0.0387478 0.037745 0.0368062 0.0359251 0.0350958 0.0343135 0.0335738 0.0328733 0.0322089 0.0315783 0.0309796 0.0304112 0.029872 0.0293612 0.0288782 0.0284228 0.0279947 0.0275939 0.0272208 0.0268754 0.0265581 0.0262694 0.0260095 0.025779 0.0255783 0.0254077 0.0252675 0.0251582 0.0250799 0.0250329 0.0250172 0.0250329 0.0250799 0.0251582 0.0252675 0.0254077 0.0255783 0.025779 0.0260095 0.0262694 0.0265581 0.0268754 0.0272208 0.0275939 0.0279947 0.0284228 0.0288782 0.0293612 0.029872 0.0304112 0.0309796 0.0315783 0.0322089 0.0328733 0.0335738 0.0343135 0.0350958 0.0359251 0.0368062 0.037745 0.0387478 0.0398219 0.0409753 0.0422162 0.0435534 0.044996 0.0465525 0.0482314 0.0500402 0.0519855 0.0540726 0.0563047 0.0586829 0.0612054 0.0638664 0.0666551 0.0695548 0.0725413 0.0755823 0.0786367 0.0816549 0.0845798 0.0873484 0.0898935 0.0921455 0.0940334 0.0954867 0.0964362 0.0968165 0.0965706 0.0956547 0.0940441 0.0917364 0.0887524 0.0851326 0.080933 0.0762218 0.0710805 0.0656071 0.0599165 0.0541336 0.0483796 0.0427582 0.0373508 0.0322257 0.0274507 0.0230917 0.0191938 0.015765 0.0127807 0.0102082 0.0080245 0.00621509 0.00475702 0.00360756 0.00270863 0.00200207 0.00144308 0.00100361 0.000667179 0.000421009 0.00025105 0.000141118 7.46994e-05 3.72345e-05 1.74863e-05 7.74245e-06 3.2315e-06 1.26226e-06 4.37434e-07 
0 9.79085e-07 2.83047e-06 6.94914e-06 1.58996e-05 3.42445e-05 6.9461e-05 0.000132627 0.000238357 0.00040355 0.000645095 0.000977843 0.00141513 0.00197362 0.00268144 0.00358412 0.00474175 0.00621509 0.00804907 0.0102676 0.0128858 0.0159283 0.0194312 0.0234198 0.0278827 0.0327682 0.0380064 0.0435298 0.0492695 0.0551369 0.0610153 0.0667721 0.0722776 0.0774177 0.0820951 0.0862264 0.0897386 0.0925723 0.0946882 0.0960728 0.0967386 0.0967214 0.0960733 0.0948572 0.0931424 0.0910019 0.0885114 0.0857479 0.082787 0.0797012 0.0765563 0.0734095 0.0703084 0.0672907 0.0643848 0.0616113 0.0589842 0.0565121 0.0541992 0.0520461 0.0500503 0.0482067 0.0465082 0.044946 0.0435101 0.0421902 0.0409757 0.0398561 0.0388217 0.0378634 0.0369732 0.0361438 0.0353688 0.0346427 0.0339607 0.0333187 0.0327132 0.0321411 0.0315999 0.0310876 0.0306023 0.0301426 0.0297073 0.0292957 0.028907 0.0285408 0.0281969 0.0278753 0.0275758 0.0272988 0.0270443 0.0268127 0.0266043 0.0264194 0.0262584 0.0261215 0.0260091 0.0259214 0.0258586 0.0258208 0.0258082 0.0258208 0.0258586 0.0259214 0.0260091 0.0261215 0.0262584 0.0264194 0.0266043 0.0268127 0.0270443 0.0272988 0.0275758 0.0278753 0.0281969 0.0285408 0.028907 0.0292957 0.0297073 0.0301426 0.0306023 0.0310876 0.0315999 0.0321411 0.0327132 0.0333187 0.0339607 0.0346427 0.0353688 0.0361438 0.0369732 0.0378634 0.0388217 0.0398561 0.0409757 0.0421902 0.0435101 0.044946 0.0465082 0.0482067 0.0500503 0.0520461 0.0541992 0.0565121 0.0589842 0.0616113 0.0643848 0.0672907 0.0703084 0.0734095 0.0765563 0.0797012 0.082787 0.0857479 0.0885114 0.0910019 0.0931424 0.0948572 0.0960733 0.0967214 0.0967386 0.0960728 0.0946882 0.0925723 0.0897386 0.0862264 0.0820951 0.0774177 0.0722776 0.0667721 0.0610153 0.0551369 0.0492695 0.0435298 0.0380064 0.0327682 0.0278827 0.0234198 0.0194312 0.0159283 0.0128858 0.0102676 0.00804907 0.00621509 0.00474175 0.00358412 0.00268144 0.00197362 0.00141513 0.000977843 0.000645095 0.00040355 0.000238357 0.000132626 6.94607e-05 3.42439e-05 1.58988e-05 6.9504e-06 2.84583e-06 1.05619e-06 
