0 0 0 0 0 0 0 0 0 0 0 0 0 0 0 0 0 0 0 0 0 0 0 0 0 0 0 0 0 0 0 0 0 0 0 0 0 0 0 0 0 0 0 0 0 0 0 0 0 0 0 0 0 0 0 0 0 0 0 0 0 0 0 0 0 0 0 0 0 0 0 0 0 0 0 0 0 0 0 0 0 0 0 0 0 0 0 0 0 0 0 0 0 0 0 0 0 0 0 0 0 0 0 0 0 0 0 0 0 0 0 0 0 0 0 0 0 0 0 0 0 0 0 0 0 0 0 0 0 0 0 0 0 0 0 0 0 0 0 0 0 0 0 0 0 0 0 0 0 0 0 0 0 0 0 0 0 0 0 0 0 0 0 0 0 0 0 0 0 0 0 0 0 0 0 0 0 0 0 0 0 0 0 0 0 0 0 0 0 0 0 0 0 0 0 0 0 0 0 0 
0 1.38192e-38 2.50217e-37 4.20988e-36 6.61247e-35 9.71538e-34 1.33759e-32 1.72841e-31 2.09915e-30 2.39923e-29 2.58364e-28 2.62407e-27 2.51598e-26 2.27925e-25 1.95238e-24 1.5824e-23 1.21427e-22 8.82686e-22 6.08134e-21 3.97274e-20 2.46179e-19 1.44757e-18 8.07975e-18 4.28205e-17 2.15535e-16 1.03064e-15 4.68298e-15 2.02237e-14 8.30273e-14 3.2412e-13 1.20343e-12 4.25088e-12 1.42893e-11 4.57255e-11 1.39344e-10 4.0456e-10 1.1196e-09 2.95512e-09 7.4439e-09 1.79086e-08 4.11832e-08 9.06106e-08 1.90934e-07 3.85765e-07 7.48209e-07 1.39492e-06 2.50321e-06 4.33009e-06 7.23097e-06 1.16752e-05 1.82552e-05 2.76854e-05 4.07899e-05 5.84777e-05 8.17063e-05 0.000111439 0.000148597 0.000194019 0.000248424 0.000312388 0.000386335 0.000470541 0.000565153 0.000670207 0.000785663 0.000911422 0.00104735 0.0011933 0.0013491 0.00151455 0.00168942 0.00187341 0.00206616 0.00226721 0.00247597 0.00269173 0.00291366 0.00314078 0.00337197 0.00360604 0.00384165 0.00407741 0.00431189 0.00454359 0.00477103 0.00499274 0.00520728 0.00541328 0.0056094 0.00579442 0.00596718 0.00612663 0.00627183 0.00640191 0.00651614 0.00661386 0.00669455 0.00675776 0.00680315 0.00683047 0.0068396 0.00683047 0.00680315 0.00675776 0.00669455 0.00661386 0.00651614 0.00640191 0.00627183 0.00612663 0.00596718 0.00579442 0.0056094 0.00541328 0.00520728 0.00499274 0.00477103 0.00454359 0.00431189 0.00407741 0.00384165 0.00360604 0.00337197 0.00314078 0.00291366 0.00269173 0.00247597 0.00226721 0.00206616 0.00187341 0.00168942 0.00151455 0.0013491 0.0011933 0.00104735 0.000911422 0.000785663 0.000670207 0.000565153 0.000470541 0.000386335 0.000312388 0.000248424 0.000194019 0.000148597 0.000111439 8.17063e-05 5.84777e-05 4.07899e-05 2.76854e-05 1.82552e-05 1.16752e-05 7.23097e-06 4.33009e-06 2.50321e-06 1.39492e-06 7.48209e-07 3.85765e-07 1.90934e-07 9.06106e-08 4.11832e-08 1.79086e-08 7.4439e-09 2.95512e-09 1.1196e-09 4.0456e-10 1.39344e-10 4.57255e-11 1.42893e-11 4.25088e-12 1.20343e-12 3.2412e-13 8.30273e-14 2.02237e-14 4.68298e-15 1.03064e-15 2.15535e-16 4.28205e-17 8.07975e-18 1.44757e-18 2.46179e-19 3.97274e-20 6.08134e-21 8.82686e-22 1.21427e-22 1.5824e-23 1.95238e-24 2.27925e-25 2.51598e-26 2.62407e-27 2.58364e-28 2.39923e-29 2.09915e-30 1.72841e-31 1.33759e-32 9.71538e-34 6.61247e-35 4.20986e-36 2.4989e-37 7.47738e-39 
0 2.50217e-37 4.26597e-36 6.77184e-35 1.00565e-33 1.3996e-32 1.8284e-31 2.24526e-30 2.59504e-29 2.82622e-28 2.90338e-27 2.81605e-26 2.58098e-25 2.23699e-24 1.83475e-23 1.4249e-22 1.04841e-21 7.31181e-21 4.83572e-20 3.03396e-19 1.80644e-18 1.02104e-17 5.48008e-17 2.79364e-16 1.353e-15 6.22675e-15 2.72368e-14 1.13259e-13 4.47816e-13 1.68397e-12 6.02395e-12 2.05047e-11 6.64326e-11 2.04934e-10 6.02173e-10 1.68619e-09 4.5019e-09 1.14672e-08 2.78868e-08 6.47981e-08 1.43992e-07 3.06312e-07 6.24474e-07 1.22156e-06 2.29575e-06 4.15095e-06 7.23126e-06 1.21558e-05 1.97489e-05 3.1059e-05 4.73617e-05 7.01423e-05 0.000101057 0.000141871 0.000194394 0.00026039 0.000341516 0.000439249 0.000554849 0.00068934 0.000843508 0.00101792 0.00121297 0.00142888 0.0016658 0.00192375 0.0022027 0.00250253 0.00282304 0.00316388 0.00352457 0.00390444 0.00430258 0.00471782 0.00514875 0.00559365 0.00605058 0.00651729 0.00699135 0.00747011 0.0079508 0.00843052 0.00890633 0.00937526 0.00983438 0.0102808 0.0107118 0.0111247 0.011517 0.0118863 0.0122306 0.0125479 0.0128364 0.0130946 0.013321 0.0135146 0.0136743 0.0137993 0.013889 0.0139431 0.0139611 0.0139431 0.013889 0.0137993 0.0136743 0.0135146 0.013321 0.0130946 0.0128364 0.0125479 0.0122306 0.0118863 0.011517 0.0111247 0.0107118 0.0102808 0.00983438 0.00937526 0.00890633 0.00843052 0.0079508 0.00747011 0.00699135 0.00651729 0.00605058 0.00559365 0.00514875 0.00471782 0.00430258 0.00390444 0.00352457 0.00316388 0.00282304 0.00250253 0.0022027 0.00192375 0.0016658 0.00142888 0.00121297 0.00101792 0.000843508 0.00068934 0.000554849 0.000439249 0.000341516 0.00026039 0.000194394 0.000141871 0.000101057 7.01423e-05 4.73617e-05 3.1059e-05 1.97489e-05 1.21558e-05 7.23126e-06 4.15095e-06 2.29575e-06 1.22156e-06 6.24474e-07 3.06312e-07 1.43992e-07 6.47981e-08 2.78868e-08 1.14672e-08 4.5019e-09 1.68619e-09 6.02173e-10 2.04934e-10 6.64326e-11 2.05047e-11 6.02395e-12 1.68397e-12 4.47816e-13 1.13259e-13 2.72368e-14 6.22675e-15 1.353e-15 2.79364e-16 5.48008e-17 1.02104e-17 1.80644e-18 3.03396e-19 4.83572e-20 7.31181e-21 1.04841e-21 1.4249e-22 1.83475e-23 2.23699e-24 2.58098e-25 2.81605e-26 2.90338e-27 2.82622e-28 2.59504e-29 2.24526e-30 1.8284e-31 1.3996e-32 1.00565e-33 6.77181e-35 4.25975e-36 1.36844e-37 
0 4.20988e-36 6.77184e-35 1.01594e-33 1.4285e-32 1.88556e-31 2.3397e-30 2.73275e-29 3.00785e-28 3.12305e-27 3.06177e-26 2.83663e-25 2.4854e-24 2.06085e-23 1.61813e-22 1.20376e-21 8.48842e-21 5.67634e-20 3.60104e-19 2.16798e-18 1.23902e-17 6.72382e-17 3.46555e-16 1.69684e-15 7.89421e-15 3.49023e-14 1.46675e-13 5.85992e-13 2.22608e-12 8.04247e-12 2.76398e-11 9.03826e-11 2.81299e-10 8.33559e-10 2.35268e-09 6.32786e-09 1.62279e-08 3.97062e-08 9.27628e-08 2.071e-07 4.42283e-07 9.04482e-07 1.77337e-06 3.33783e-06 6.03952e-06 1.05212e-05 1.76738e-05 2.86759e-05 4.50149e-05 6.84861e-05 0.000101162 0.000145334 0.000203434 0.000277937 0.000371267 0.000485715 0.000623374 0.000786099 0.000975505 0.00119297 0.00143968 0.00171664 0.00202473 0.00236468 0.00273714 0.00314256 0.00358125 0.00405327 0.00455838 0.00509602 0.00566522 0.00626458 0.00689224 0.0075459 0.00822281 0.00891979 0.00963333 0.0103596 0.0110944 0.0118336 0.0125727 0.0133074 0.014033 0.0147454 0.0154402 0.0161134 0.0167611 0.0173796 0.0179656 0.0185158 0.0190274 0.0194978 0.0199247 0.0203061 0.0206401 0.0209252 0.0211602 0.021344 0.0214759 0.0215552 0.0215817 0.0215552 0.0214759 0.021344 0.0211602 0.0209252 0.0206401 0.0203061 0.0199247 0.0194978 0.0190274 0.0185158 0.0179656 0.0173796 0.0167611 0.0161134 0.0154402 0.0147454 0.014033 0.0133074 0.0125727 0.0118336 0.0110944 0.0103596 0.00963333 0.00891979 0.00822281 0.0075459 0.00689224 0.00626458 0.00566522 0.00509602 0.00455838 0.00405327 0.00358125 0.00314256 0.00273714 0.00236468 0.00202473 0.00171664 0.00143968 0.00119297 0.000975505 0.000786099 0.000623374 0.000485715 0.000371267 0.000277937 0.000203434 0.000145334 0.000101162 6.84861e-05 4.50149e-05 2.86759e-05 1.76738e-05 1.05212e-05 6.03952e-06 3.33783e-06 1.77337e-06 9.04482e-07 4.42283e-07 2.071e-07 9.27628e-08 3.97062e-08 1.62279e-08 6.32786e-09 2.35268e-09 8.33559e-10 2.81299e-10 9.03826e-11 2.76398e-11 8.04247e-12 2.22608e-12 5.85992e-13 1.46675e-13 3.49023e-14 7.89421e-15 1.69684e-15 3.46555e-16 6.72382e-17 1.23902e-17 2.16798e-18 3.60104e-19 5.67634e-20 8.48842e-21 1.20376e-21 1.61813e-22 2.06085e-23 2.4854e-24 2.83663e-25 3.06177e-26 3.12305e-27 3.00785e-28 2.73275e-29 2.3397e-30 1.88556e-31 1.4285e-32 1.01593e-33 6.76086e-35 2.32772e-36 
0 6.61247e-35 1.00565e-33 1.4285e-32 1.90499e-31 2.38837e-30 2.81879e-29 3.13527e-28 3.28992e-27 3.25985e-26 3.05264e-25 2.7036e-24 2.26616e-23 1.79879e-22 1.35283e-21 9.64465e-21 6.52068e-20 4.18238e-19 2.54578e-18 1.47099e-17 8.0705e-17 4.20521e-16 2.0814e-15 9.78768e-15 4.3735e-14 1.85724e-13 7.49648e-13 2.87648e-12 1.04942e-11 3.64077e-11 1.20139e-10 3.7716e-10 1.12678e-09 3.20464e-09 8.68001e-09 2.24016e-08 5.51202e-08 1.29394e-07 2.90024e-07 6.2126e-07 1.27315e-06 2.49899e-06 4.70418e-06 8.50452e-06 1.47884e-05 2.47745e-05 4.00533e-05 6.26031e-05 9.47712e-05 0.000139218 0.000198832 0.000276617 0.000375585 0.000498651 0.000648564 0.000827865 0.00103889 0.00128378 0.00156457 0.00188315 0.00224139 0.00264107 0.00308387 0.00357134 0.00410479 0.00468517 0.00531301 0.00598829 0.00671035 0.00747787 0.00828882 0.00914044 0.0100293 0.0109514 0.0119022 0.0128765 0.0138689 0.0148739 0.0158854 0.0168975 0.0179043 0.0189 0.0198788 0.0208352 0.0217639 0.02266 0.0235188 0.024336 0.0251075 0.0258299 0.0264996 0.027114 0.0276702 0.0281661 0.0285997 0.0289693 0.0292735 0.0295113 0.0296817 0.0297842 0.0298184 0.0297842 0.0296817 0.0295113 0.0292735 0.0289693 0.0285997 0.0281661 0.0276702 0.027114 0.0264996 0.0258299 0.0251075 0.024336 0.0235188 0.02266 0.0217639 0.0208352 0.0198788 0.0189 0.0179043 0.0168975 0.0158854 0.0148739 0.0138689 0.0128765 0.0119022 0.0109514 0.0100293 0.00914044 0.00828882 0.00747787 0.00671035 0.00598829 0.00531301 0.00468517 0.00410479 0.00357134 0.00308387 0.00264107 0.00224139 0.00188315 0.00156457 0.00128378 0.00103889 0.000827865 0.000648564 0.000498651 0.000375585 0.000276617 0.000198832 0.000139218 9.47712e-05 6.26031e-05 4.00533e-05 2.47745e-05 1.47884e-05 8.50452e-06 4.70418e-06 2.49899e-06 1.27315e-06 6.2126e-07 2.90024e-07 1.29394e-07 5.51202e-08 2.24016e-08 8.68001e-09 3.20464e-09 1.12678e-09 3.7716e-10 1.20139e-10 3.64077e-11 1.04942e-11 2.87648e-12 7.49648e-13 1.85724e-13 4.3735e-14 9.78768e-15 2.0814e-15 4.20521e-16 8.0705e-17 1.47099e-17 2.54578e-18 4.18238e-19 6.52068e-20 9.64465e-21 1.35283e-21 1.79879e-22 2.26616e-23 2.7036e-24 3.05264e-25 3.25985e-26 3.28992e-27 3.13527e-28 2.81879e-29 2.38837e-30 1.90499e-31 1.42849e-32 1.00384e-33 3.69715e-35 
0 9.71538e-34 1.3996e-32 1.88556e-31 2.38837e-30 2.84807e-29 3.20098e-28 3.39427e-27 3.39895e-26 3.21689e-25 2.87969e-24 2.43984e-23 1.95767e-22 1.48838e-21 1.07271e-20 7.33212e-20 4.75453e-19 2.92586e-18 1.70918e-17 9.48012e-17 4.99363e-16 2.49846e-15 1.18754e-14 5.36287e-14 2.3013e-13 9.38472e-13 3.6374e-12 1.34007e-11 4.69346e-11 1.56296e-10 4.9496e-10 1.49094e-09 4.27307e-09 1.16562e-08 3.02761e-08 7.49183e-08 1.76722e-07 3.97675e-07 8.54418e-07 1.75448e-06 3.44708e-06 6.48826e-06 1.17163e-05 2.03282e-05 3.39453e-05 5.46511e-05 8.49899e-05 0.000127918 0.000186711 0.000264837 0.000365817 0.000493106 0.000650002 0.000839605 0.00106484 0.00132849 0.0016333 0.00198205 0.00237757 0.00282278 0.00332059 0.00387388 0.00448524 0.00515688 0.00589045 0.00668681 0.00754599 0.00846702 0.00944795 0.0104858 0.0115767 0.0127158 0.0138976 0.0151158 0.0163638 0.0176345 0.0189207 0.0202147 0.0215094 0.0227972 0.024071 0.0253238 0.0265492 0.0277407 0.0288924 0.0299989 0.0310552 0.0320565 0.0329986 0.0338779 0.0346908 0.0354344 0.0361062 0.0367038 0.0372253 0.0376692 0.0380341 0.0383189 0.038523 0.0386456 0.0386865 0.0386456 0.038523 0.0383189 0.0380341 0.0376692 0.0372253 0.0367038 0.0361062 0.0354344 0.0346908 0.0338779 0.0329986 0.0320565 0.0310552 0.0299989 0.0288924 0.0277407 0.0265492 0.0253238 0.024071 0.0227972 0.0215094 0.0202147 0.0189207 0.0176345 0.0163638 0.0151158 0.0138976 0.0127158 0.0115767 0.0104858 0.00944795 0.00846702 0.00754599 0.00668681 0.00589045 0.00515688 0.00448524 0.00387388 0.00332059 0.00282278 0.00237757 0.00198205 0.0016333 0.00132849 0.00106484 0.000839605 0.000650002 0.000493106 0.000365817 0.000264837 0.000186711 0.000127918 8.49899e-05 5.46511e-05 3.39453e-05 2.03282e-05 1.17163e-05 6.48826e-06 3.44708e-06 1.75448e-06 8.54418e-07 3.97675e-07 1.76722e-07 7.49183e-08 3.02761e-08 1.16562e-08 4.27307e-09 1.49094e-09 4.9496e-10 1.56296e-10 4.69346e-11 1.34007e-11 3.6374e-12 9.38472e-13 2.3013e-13 5.36287e-14 1.18754e-14 2.49846e-15 4.99363e-16 9.48012e-17 1.70918e-17 2.92586e-18 4.75453e-19 7.33212e-20 1.07271e-20 1.48838e-21 1.95767e-22 2.43984e-23 2.87969e-24 3.21689e-25 3.39895e-26 3.39427e-27 3.20098e-28 2.84807e-29 2.38837e-30 1.88554e-31 1.39683e-32 5.49415e-34 
0 1.33759e-32 1.8284e-31 2.3397e-30 2.81879e-29 3.20098e-28 3.42979e-27 3.4707e-26 3.31964e-25 3.00338e-24 2.57195e-23 2.08595e-22 1.6031e-21 1.16797e-20 8.0703e-20 5.29044e-19 3.2913e-18 1.9437e-17 1.08987e-16 5.80337e-16 2.93505e-15 1.41005e-14 6.43554e-14 2.79062e-13 1.14979e-12 4.50159e-12 1.67485e-11 5.92221e-11 1.99036e-10 6.35878e-10 1.93145e-09 5.57891e-09 1.53283e-08 4.00746e-08 9.97392e-08 2.36439e-07 5.34213e-07 1.15132e-06 2.36901e-06 4.65905e-06 8.76841e-06 1.5814e-05 2.73737e-05 4.55546e-05 7.30186e-05 0.000112951 0.000168968 0.000244974 0.00034499 0.000473 0.00063283 0.000828102 0.00106226 0.00133866 0.00166071 0.00203194 0.00245617 0.00293745 0.00348002 0.00408815 0.00476592 0.00551695 0.00634418 0.00724958 0.00823398 0.00929695 0.0104367 0.0116503 0.0129333 0.0142804 0.015685 0.0171401 0.0186378 0.0201697 0.0217271 0.0233013 0.0248835 0.0264648 0.0280366 0.0295907 0.031119 0.032614 0.0340685 0.035476 0.0368301 0.0381254 0.0393566 0.0405193 0.0416093 0.0426231 0.0435575 0.0444097 0.0451775 0.045859 0.0464525 0.0469568 0.0473706 0.0476934 0.0479243 0.048063 0.0481093 0.048063 0.0479243 0.0476934 0.0473706 0.0469568 0.0464525 0.045859 0.0451775 0.0444097 0.0435575 0.0426231 0.0416093 0.0405193 0.0393566 0.0381254 0.0368301 0.035476 0.0340685 0.032614 0.031119 0.0295907 0.0280366 0.0264648 0.0248835 0.0233013 0.0217271 0.0201697 0.0186378 0.0171401 0.015685 0.0142804 0.0129333 0.0116503 0.0104367 0.00929695 0.00823398 0.00724958 0.00634418 0.00551695 0.00476592 0.00408815 0.00348002 0.00293745 0.00245617 0.00203194 0.00166071 0.00133866 0.00106226 0.000828102 0.00063283 0.000473 0.00034499 0.000244974 0.000168968 0.000112951 7.30186e-05 4.55546e-05 2.73737e-05 1.5814e-05 8.76841e-06 4.65905e-06 2.36901e-06 1.15132e-06 5.34213e-07 2.36439e-07 9.97392e-08 4.00746e-08 1.53283e-08 5.57891e-09 1.93145e-09 6.35878e-10 1.99036e-10 5.92221e-11 1.67485e-11 4.50159e-12 1.14979e-12 2.79062e-13 6.43554e-14 1.41005e-14 2.93505e-15 5.80337e-16 1.08987e-16 1.9437e-17 3.2913e-18 5.29044e-19 8.0703e-20 1.16797e-20 1.6031e-21 2.08595e-22 2.57195e-23 3.00338e-24 3.31964e-25 3.4707e-26 3.42979e-27 3.20098e-28 2.81879e-29 2.33968e-30 1.82444e-31 7.65245e-33 
0 1.72841e-31 2.24526e-30 2.73275e-29 3.13527e-28 3.39427e-27 3.4707e-26 3.35461e-25 3.0672e-24 2.65462e-23 2.17609e-22 1.69039e-21 1.24489e-20 8.69527e-20 5.76218e-19 3.62386e-18 2.16344e-17 1.22629e-16 6.60074e-16 3.37443e-15 1.63856e-14 7.55808e-14 3.31188e-13 1.3787e-12 5.45273e-12 2.04889e-11 7.31472e-11 2.48127e-10 7.99791e-10 2.44991e-09 7.13275e-09 1.97418e-08 5.19583e-08 1.30083e-07 3.09946e-07 7.03234e-07 1.52045e-06 3.13531e-06 6.17258e-06 1.16158e-05 2.09232e-05 3.61307e-05 5.99166e-05 9.56026e-05 0.000147076 0.00021864 0.000314812 0.000440119 0.000598935 0.000795412 0.0010335 0.00131708 0.00165016 0.00203703 0.00248243 0.00299161 0.00357017 0.00422392 0.00495855 0.00577924 0.00669034 0.00769501 0.00879499 0.00999041 0.0112797 0.0126599 0.0141261 0.0156725 0.0172918 0.0189759 0.0207159 0.0225022 0.0243251 0.0261743 0.0280399 0.0299114 0.0317791 0.0336332 0.0354643 0.0372635 0.0390223 0.040733 0.0423881 0.0439812 0.0455061 0.0469576 0.0483309 0.0496219 0.0508271 0.0519435 0.0529686 0.0539005 0.0547373 0.055478 0.0561213 0.0566667 0.0571136 0.0574615 0.0577102 0.0578594 0.0579092 0.0578594 0.0577102 0.0574615 0.0571136 0.0566667 0.0561213 0.055478 0.0547373 0.0539005 0.0529686 0.0519435 0.0508271 0.0496219 0.0483309 0.0469576 0.0455061 0.0439812 0.0423881 0.040733 0.0390223 0.0372635 0.0354643 0.0336332 0.0317791 0.0299114 0.0280399 0.0261743 0.0243251 0.0225022 0.0207159 0.0189759 0.0172918 0.0156725 0.0141261 0.0126599 0.0112797 0.00999041 0.00879499 0.00769501 0.00669034 0.00577924 0.00495855 0.00422392 0.00357017 0.00299161 0.00248243 0.00203703 0.00165016 0.00131708 0.0010335 0.000795412 0.000598935 0.000440119 0.000314812 0.00021864 0.000147076 9.56026e-05 5.99166e-05 3.61307e-05 2.09232e-05 1.16158e-05 6.17258e-06 3.13531e-06 1.52045e-06 7.03234e-07 3.09946e-07 1.30083e-07 5.19583e-08 1.97418e-08 7.13275e-09 2.44991e-09 7.99791e-10 2.48127e-10 7.31472e-11 2.04889e-11 5.45273e-12 1.3787e-12 3.31188e-13 7.55808e-14 1.63856e-14 3.37443e-15 6.60074e-16 1.22629e-16 2.16344e-17 3.62386e-18 5.76218e-19 8.69527e-20 1.24489e-20 1.69039e-21 2.17609e-22 2.65462e-23 3.0672e-24 3.35461e-25 3.4707e-26 3.39427e-27 3.13527e-28 2.73271e-29 2.23995e-30 1.0006e-31 
0 2.09915e-30 2.59504e-29 3.00785e-28 3.28992e-27 3.39895e-26 3.31964e-25 3.0672e-24 2.68276e-23 2.2226e-22 1.74503e-21 1.29897e-20 9.17098e-20 6.1433e-19 3.9055e-18 2.35691e-17 1.35047e-16 7.34798e-16 3.79701e-15 1.86356e-14 8.6875e-14 3.84691e-13 1.61808e-12 6.46483e-12 2.45346e-11 8.84428e-11 3.02834e-10 9.84947e-10 3.043e-09 8.93116e-09 2.49049e-08 6.5996e-08 1.66237e-07 3.98177e-07 9.07361e-07 1.9684e-06 4.06833e-06 8.01875e-06 1.50898e-05 2.71478e-05 4.67665e-05 7.72782e-05 0.000122734 0.000187763 0.000277349 0.000396578 0.000550404 0.000743533 0.000980425 0.00126546 0.00160317 0.00199854 0.00245725 0.00298569 0.00359093 0.00428045 0.00506169 0.00594159 0.00692608 0.00801963 0.00922496 0.0105428 0.0119719 0.0135091 0.0151494 0.0168862 0.0187115 0.0206164 0.022591 0.0246246 0.0267064 0.0288248 0.0309683 0.0331253 0.0352845 0.0374343 0.0395641 0.0416633 0.0437221 0.0457311 0.0476819 0.0495668 0.0513788 0.0531119 0.0547607 0.0563207 0.0577882 0.0591603 0.0604344 0.0616088 0.0626822 0.0636537 0.0645227 0.0652891 0.0659528 0.0665138 0.0669723 0.0673287 0.067583 0.0677356 0.0677864 0.0677356 0.067583 0.0673287 0.0669723 0.0665138 0.0659528 0.0652891 0.0645227 0.0636537 0.0626822 0.0616088 0.0604344 0.0591603 0.0577882 0.0563207 0.0547607 0.0531119 0.0513788 0.0495668 0.0476819 0.0457311 0.0437221 0.0416633 0.0395641 0.0374343 0.0352845 0.0331253 0.0309683 0.0288248 0.0267064 0.0246246 0.022591 0.0206164 0.0187115 0.0168862 0.0151494 0.0135091 0.0119719 0.0105428 0.00922496 0.00801963 0.00692608 0.00594159 0.00506169 0.00428045 0.00359093 0.00298569 0.00245725 0.00199854 0.00160317 0.00126546 0.000980425 0.000743533 0.000550404 0.000396578 0.000277349 0.000187763 0.000122734 7.72782e-05 4.67665e-05 2.71478e-05 1.50898e-05 8.01875e-06 4.06833e-06 1.9684e-06 9.07361e-07 3.98177e-07 1.66237e-07 6.5996e-08 2.49049e-08 8.93116e-09 3.043e-09 9.84947e-10 3.02834e-10 8.84428e-11 2.45346e-11 6.46483e-12 1.61808e-12 3.84691e-13 8.6875e-14 1.86356e-14 3.79701e-15 7.34798e-16 1.35047e-16 2.35691e-17 3.9055e-18 6.1433e-19 9.17098e-20 1.29897e-20 1.74503e-21 2.2226e-22 2.68276e-23 3.0672e-24 3.31964e-25 3.39895e-26 3.28992e-27 3.0078e-28 2.58836e-29 1.22999e-30 
0 2.39923e-29 2.82622e-28 3.12305e-27 3.25985e-26 3.21689e-25 3.00338e-24 2.65462e-23 2.2226e-22 1.76363e-21 1.32687e-20 9.46877e-20 6.41123e-19 4.11993e-18 2.51325e-17 1.45565e-16 8.00599e-16 4.18167e-15 2.07439e-14 9.77346e-14 4.3735e-13 1.85876e-12 7.50263e-12 2.87595e-11 1.04689e-10 3.6187e-10 1.18772e-09 3.70149e-09 1.09533e-08 3.0778e-08 8.21323e-08 2.08184e-07 5.0138e-07 1.14775e-06 2.49874e-06 5.17722e-06 1.02178e-05 1.92302e-05 3.45576e-05 5.93905e-05 9.77899e-05 0.000154588 0.000235168 0.000345158 0.00049013 0.000675387 0.000905921 0.00118657 0.00152234 0.00191879 0.00238239 0.00292068 0.00354221 0.00425621 0.00507206 0.00599867 0.00704376 0.00821332 0.00951121 0.0109389 0.0124955 0.0141779 0.0159807 0.0178969 0.019918 0.0220342 0.0242348 0.026508 0.0288416 0.0312229 0.0336388 0.036076 0.0385212 0.0409613 0.0433834 0.0457753 0.0481252 0.0504223 0.0526567 0.0548193 0.0569022 0.0588986 0.0608026 0.0626095 0.0643157 0.0659181 0.0674149 0.0688049 0.0700872 0.0712621 0.0723297 0.0732908 0.0741465 0.0748976 0.0755456 0.0760915 0.0765364 0.0768814 0.0771272 0.0772744 0.0773234 0.0772744 0.0771272 0.0768814 0.0765364 0.0760915 0.0755456 0.0748976 0.0741465 0.0732908 0.0723297 0.0712621 0.0700872 0.0688049 0.0674149 0.0659181 0.0643157 0.0626095 0.0608026 0.0588986 0.0569022 0.0548193 0.0526567 0.0504223 0.0481252 0.0457753 0.0433834 0.0409613 0.0385212 0.036076 0.0336388 0.0312229 0.0288416 0.026508 0.0242348 0.0220342 0.019918 0.0178969 0.0159807 0.0141779 0.0124955 0.0109389 0.00951121 0.00821332 0.00704376 0.00599867 0.00507206 0.00425621 0.00354221 0.00292068 0.00238239 0.00191879 0.00152234 0.00118657 0.000905921 0.000675387 0.00049013 0.000345158 0.000235168 0.000154588 9.77899e-05 5.93905e-05 3.45576e-05 1.92302e-05 1.02178e-05 5.17722e-06 2.49874e-06 1.14775e-06 5.0138e-07 2.08184e-07 8.21323e-08 3.0778e-08 1.09533e-08 3.70149e-09 1.18772e-09 3.6187e-10 1.04689e-10 2.87595e-11 7.50263e-12 1.85876e-12 4.3735e-13 9.77346e-14 2.07439e-14 4.18167e-15 8.00599e-16 1.45565e-16 2.51325e-17 4.11993e-18 6.41123e-19 9.46877e-20 1.32687e-20 1.76363e-21 2.2226e-22 2.65462e-23 3.00338e-24 3.21689e-25 3.25985e-26 3.12299e-27 2.81833e-28 1.42325e-29 
0 2.58364e-28 2.90338e-27 3.06177e-26 3.05264e-25 2.87969e-24 2.57195e-23 2.17609e-22 1.74503e-21 1.32687e-20 9.57016e-20 6.54953e-19 4.25417e-18 2.62318e-17 1.53574e-16 8.53774e-16 4.50749e-15 2.26003e-14 1.07618e-13 4.86674e-13 2.09004e-12 8.52318e-12 3.30023e-11 1.21322e-10 4.2339e-10 1.40252e-09 4.40967e-09 1.31585e-08 3.72647e-08 1.00161e-07 2.55533e-07 6.18917e-07 1.42359e-06 3.11101e-06 6.46315e-06 1.27751e-05 2.40499e-05 4.31761e-05 7.40348e-05 0.000121478 0.00019115 0.000289166 0.000421731 0.000594807 0.000813972 0.00108452 0.00141184 0.00180191 0.00226181 0.00280006 0.00342661 0.00415249 0.00498919 0.00594777 0.00703802 0.00826771 0.00964209 0.0111636 0.0128318 0.0146438 0.0165942 0.0186758 0.0208796 0.0231951 0.0256109 0.0281142 0.0306916 0.0333286 0.0360104 0.0387215 0.0414464 0.0441696 0.0468758 0.0495504 0.0521795 0.0547502 0.0572508 0.0596708 0.0620014 0.0642347 0.0663647 0.0683863 0.0702962 0.0720917 0.0737717 0.0753357 0.0767841 0.0781181 0.0793392 0.0804497 0.0814518 0.0823481 0.0831413 0.0838338 0.0844283 0.084927 0.0853321 0.0856452 0.0858678 0.0860009 0.0860452 0.0860009 0.0858678 0.0856452 0.0853321 0.084927 0.0844283 0.0838338 0.0831413 0.0823481 0.0814518 0.0804497 0.0793392 0.0781181 0.0767841 0.0753357 0.0737717 0.0720917 0.0702962 0.0683863 0.0663647 0.0642347 0.0620014 0.0596708 0.0572508 0.0547502 0.0521795 0.0495504 0.0468758 0.0441696 0.0414464 0.0387215 0.0360104 0.0333286 0.0306916 0.0281142 0.0256109 0.0231951 0.0208796 0.0186758 0.0165942 0.0146438 0.0128318 0.0111636 0.00964209 0.00826771 0.00703802 0.00594777 0.00498919 0.00415249 0.00342661 0.00280006 0.00226181 0.00180191 0.00141184 0.00108452 0.000813972 0.000594807 0.000421731 0.000289166 0.00019115 0.000121478 7.40348e-05 4.31761e-05 2.40499e-05 1.27751e-05 6.46315e-06 3.11101e-06 1.42359e-06 6.18917e-07 2.55533e-07 1.00161e-07 3.72647e-08 1.31585e-08 4.40967e-09 1.40252e-09 4.2339e-10 1.21322e-10 3.30023e-11 8.52318e-12 2.09004e-12 4.86674e-13 1.07618e-13 2.26003e-14 4.50749e-15 8.53774e-16 1.53574e-16 2.62318e-17 4.25417e-18 6.54953e-19 9.57016e-20 1.32687e-20 1.74503e-21 2.17609e-22 2.57195e-23 2.87969e-24 3.05264e-25 3.0617e-26 2.89461e-27 1.55207e-28 
0 2.62407e-27 2.81605e-26 2.83663e-25 2.7036e-24 2.43984e-23 2.08595e-22 1.69039e-21 1.29897e-20 9.46877e-20 6.54953e-19 4.29988e-18 2.67992e-17 1.58589e-16 8.91165e-16 4.7556e-15 2.41004e-14 1.15988e-13 5.30093e-13 2.30042e-12 9.47842e-12 3.70752e-11 1.37655e-10 4.85057e-10 1.6219e-09 5.1454e-09 1.54855e-08 4.42077e-08 1.19706e-07 3.07456e-07 7.49104e-07 1.73174e-06 3.79973e-06 7.9173e-06 1.56771e-05 2.95281e-05 5.29692e-05 9.06372e-05 0.000148222 0.000232183 0.000349322 0.000506322 0.000709439 0.000964486 0.00127717 0.00165372 0.00210157 0.00262991 0.00324991 0.00397431 0.00481677 0.00579073 0.00690835 0.0081795 0.0096111 0.0112068 0.0129671 0.0148895 0.0169689 0.019198 0.0215678 0.0240675 0.0266849 0.0294064 0.032217 0.0351006 0.0380399 0.0410171 0.0440137 0.0470112 0.0499912 0.0529364 0.05583 0.058657 0.0614034 0.0640574 0.0666086 0.0690487 0.071371 0.0735706 0.0756443 0.0775901 0.0794076 0.0810975 0.0826614 0.0841019 0.0854222 0.0866259 0.0877171 0.0887 0.0895792 0.090359 0.0910436 0.0916371 0.0921433 0.0925655 0.0929067 0.0931695 0.0933557 0.0934669 0.0935038 0.0934669 0.0933557 0.0931695 0.0929067 0.0925655 0.0921433 0.0916371 0.0910436 0.090359 0.0895792 0.0887 0.0877171 0.0866259 0.0854222 0.0841019 0.0826614 0.0810975 0.0794076 0.0775901 0.0756443 0.0735706 0.071371 0.0690487 0.0666086 0.0640574 0.0614034 0.058657 0.05583 0.0529364 0.0499912 0.0470112 0.0440137 0.0410171 0.0380399 0.0351006 0.032217 0.0294064 0.0266849 0.0240675 0.0215678 0.019198 0.0169689 0.0148895 0.0129671 0.0112068 0.0096111 0.0081795 0.00690835 0.00579073 0.00481677 0.00397431 0.00324991 0.00262991 0.00210157 0.00165372 0.00127717 0.000964486 0.000709439 0.000506322 0.000349322 0.000232183 0.000148222 9.06372e-05 5.29692e-05 2.95281e-05 1.56771e-05 7.9173e-06 3.79973e-06 1.73174e-06 7.49104e-07 3.07456e-07 1.19706e-07 4.42077e-08 1.54855e-08 5.1454e-09 1.6219e-09 4.85057e-10 1.37655e-10 3.70752e-11 9.47842e-12 2.30042e-12 5.30093e-13 1.15988e-13 2.41004e-14 4.7556e-15 8.91165e-16 1.58589e-16 2.67992e-17 4.29988e-18 6.54953e-19 9.46877e-20 1.29897e-20 1.69039e-21 2.08595e-22 2.43984e-23 2.7036e-24 2.83656e-25 2.80689e-26 1.59678e-27 
0 2.51598e-26 2.58098e-25 2.4854e-24 2.26616e-23 1.95767e-22 1.6031e-21 1.24489e-20 9.17098e-20 6.41123e-19 4.25417e-18 2.67992e-17 1.60297e-16 9.10468e-16 4.91094e-15 2.51553e-14 1.22361e-13 5.65171e-13 2.47853e-12 1.03188e-11 4.0777e-11 1.52924e-10 5.44161e-10 1.83687e-09 5.8809e-09 1.7854e-08 5.139e-08 1.40222e-07 3.62669e-07 8.89125e-07 2.06641e-06 4.55379e-06 9.5194e-06 1.88884e-05 3.5605e-05 6.38367e-05 0.00010903 0.000177739 0.000277222 0.000414887 0.000597789 0.000832393 0.00112478 0.00148127 0.00190936 0.00241854 0.00302076 0.00373026 0.0045628 0.00553439 0.00665983 0.00795149 0.00941836 0.0110657 0.0128952 0.0149052 0.0170912 0.0194463 0.0219618 0.0246268 0.0274289 0.0303534 0.033384 0.0365023 0.0396887 0.0429218 0.04618 0.049441 0.052683 0.0558852 0.0590278 0.062093 0.0650646 0.067929 0.0706745 0.0732919 0.075774 0.0781159 0.0803146 0.0823688 0.0842789 0.0860468 0.0876753 0.0891686 0.0905314 0.0917693 0.0928881 0.0938941 0.0947937 0.0955932 0.0962991 0.0969173 0.0974536 0.0979133 0.0983014 0.0986222 0.0988793 0.0990761 0.0992148 0.0992973 0.0993247 0.0992973 0.0992148 0.0990761 0.0988793 0.0986222 0.0983014 0.0979133 0.0974536 0.0969173 0.0962991 0.0955932 0.0947937 0.0938941 0.0928881 0.0917693 0.0905314 0.0891686 0.0876753 0.0860468 0.0842789 0.0823688 0.0803146 0.0781159 0.075774 0.0732919 0.0706745 0.067929 0.0650646 0.062093 0.0590278 0.0558852 0.052683 0.049441 0.04618 0.0429218 0.0396887 0.0365023 0.033384 0.0303534 0.0274289 0.0246268 0.0219618 0.0194463 0.0170912 0.0149052 0.0128952 0.0110657 0.00941836 0.00795149 0.00665983 0.00553439 0.0045628 0.00373026 0.00302076 0.00241854 0.00190936 0.00148127 0.00112478 0.000832393 0.000597789 0.000414887 0.000277222 0.000177739 0.00010903 6.38367e-05 3.5605e-05 1.88884e-05 9.5194e-06 4.55379e-06 2.06641e-06 8.89125e-07 3.62669e-07 1.40222e-07 5.139e-08 1.7854e-08 5.8809e-09 1.83687e-09 5.44161e-10 1.52924e-10 4.0777e-11 1.03188e-11 2.47853e-12 5.65171e-13 1.22361e-13 2.51553e-14 4.91094e-15 9.10468e-16 1.60297e-16 2.67992e-17 4.25417e-18 6.41123e-19 9.17098e-20 1.24489e-20 1.6031e-21 1.95767e-22 2.26616e-23 2.48532e-24 2.57196e-25 1.55128e-26 
0 2.27925e-25 2.23699e-24 2.06085e-23 1.79879e-22 1.48838e-21 1.16797e-20 8.69527e-20 6.1433e-19 4.11993e-18 2.62318e-17 1.58589e-16 9.10468e-16 4.96384e-15 2.56998e-14 1.26351e-13 5.89831e-13 2.61409e-12 1.09974e-11 4.39086e-11 1.66345e-10 5.97807e-10 2.0375e-09 6.58418e-09 2.0168e-08 5.85427e-08 1.61004e-07 4.19448e-07 1.03503e-06 2.41913e-06 5.35611e-06 1.1237e-05 2.23504e-05 4.21789e-05 7.56081e-05 0.000128934 0.000209585 0.000325572 0.000484819 0.00069464 0.000961664 0.00129234 0.00169394 0.00217578 0.00275003 0.00343195 0.00423918 0.00519029 0.00630305 0.00759272 0.00907086 0.0107448 0.0126178 0.0146894 0.0169562 0.0194122 0.0220493 0.0248573 0.0278233 0.0309323 0.0341663 0.0375047 0.0409246 0.0444014 0.0479092 0.0514218 0.0549134 0.0583591 0.061736 0.0650231 0.0682019 0.0712565 0.074174 0.0769438 0.0795583 0.0820122 0.0843025 0.0864284 0.0883912 0.0901934 0.0918396 0.0933351 0.0946865 0.0959011 0.0969869 0.0979522 0.0988056 0.0995557 0.100211 0.10078 0.10127 0.10169 0.102045 0.102343 0.102589 0.102789 0.102946 0.103064 0.103147 0.103196 0.103212 0.103196 0.103147 0.103064 0.102946 0.102789 0.102589 0.102343 0.102045 0.10169 0.10127 0.10078 0.100211 0.0995557 0.0988056 0.0979522 0.0969869 0.0959011 0.0946865 0.0933351 0.0918396 0.0901934 0.0883912 0.0864284 0.0843025 0.0820122 0.0795583 0.0769438 0.074174 0.0712565 0.0682019 0.0650231 0.061736 0.0583591 0.0549134 0.0514218 0.0479092 0.0444014 0.0409246 0.0375047 0.0341663 0.0309323 0.0278233 0.0248573 0.0220493 0.0194122 0.0169562 0.0146894 0.0126178 0.0107448 0.00907086 0.00759272 0.00630305 0.00519029 0.00423918 0.00343195 0.00275003 0.00217578 0.00169394 0.00129234 0.000961664 0.00069464 0.000484819 0.000325572 0.000209585 0.000128934 7.56081e-05 4.21789e-05 2.23504e-05 1.1237e-05 5.35611e-06 2.41913e-06 1.03503e-06 4.19448e-07 1.61004e-07 5.85427e-08 2.0168e-08 6.58418e-09 2.0375e-09 5.97807e-10 1.66345e-10 4.39086e-11 1.09974e-11 2.61409e-12 5.89831e-13 1.26351e-13 2.56998e-14 4.96384e-15 9.10468e-16 1.58589e-16 2.62318e-17 4.11993e-18 6.1433e-19 8.69527e-20 1.16797e-20 1.48838e-21 1.79879e-22 2.06077e-23 2.22862e-24 1.42437e-25 
0 1.95238e-24 1.83475e-23 1.61813e-22 1.35283e-21 1.07271e-20 8.0703e-20 5.76218e-19 3.9055e-18 2.51325e-17 1.53574e-16 8.91165e-16 4.91094e-15 2.56998e-14 1.2771e-13 6.0256e-13 2.69895e-12 1.14743e-11 4.6291e-11 1.77173e-10 6.43141e-10 2.21356e-09 7.22127e-09 2.2322e-08 6.53598e-08 1.81224e-07 4.75698e-07 1.18187e-06 2.77895e-06 6.18397e-06 1.30258e-05 2.59814e-05 4.91069e-05 8.8044e-05 0.000149964 0.000243159 0.000376335 0.000557824 0.000795108 0.00109498 0.00146445 0.00191219 0.00244994 0.00309319 0.00386092 0.0047741 0.00585364 0.00711813 0.00858225 0.0102559 0.0121445 0.0142491 0.0165679 0.0190963 0.0218274 0.0247519 0.0278576 0.0311286 0.0345458 0.0380863 0.0417237 0.0454297 0.0491738 0.0529256 0.0566547 0.0603322 0.0639315 0.0674281 0.0708009 0.0740317 0.0771053 0.0800099 0.0827366 0.0852795 0.0876353 0.0898034 0.0917852 0.0935846 0.095207 0.0966594 0.0979501 0.0990885 0.100085 0.10095 0.101694 0.102328 0.102865 0.103313 0.103684 0.103987 0.104232 0.104427 0.10458 0.104698 0.104787 0.104854 0.104902 0.104935 0.104957 0.104969 0.104973 0.104969 0.104957 0.104935 0.104902 0.104854 0.104787 0.104698 0.10458 0.104427 0.104232 0.103987 0.103684 0.103313 0.102865 0.102328 0.101694 0.10095 0.100085 0.0990885 0.0979501 0.0966594 0.095207 0.0935846 0.0917852 0.0898034 0.0876353 0.0852795 0.0827366 0.0800099 0.0771053 0.0740317 0.0708009 0.0674281 0.0639315 0.0603322 0.0566547 0.0529256 0.0491738 0.0454297 0.0417237 0.0380863 0.0345458 0.0311286 0.0278576 0.0247519 0.0218274 0.0190963 0.0165679 0.0142491 0.0121445 0.0102559 0.00858225 0.00711813 0.00585364 0.0047741 0.00386092 0.00309319 0.00244994 0.00191219 0.00146445 0.00109498 0.000795108 0.000557824 0.000376335 0.000243159 0.000149964 8.8044e-05 4.91069e-05 2.59814e-05 1.30258e-05 6.18397e-06 2.77895e-06 1.18187e-06 4.75698e-07 1.81224e-07 6.53598e-08 2.2322e-08 7.22127e-09 2.21356e-09 6.43141e-10 1.77173e-10 4.6291e-11 1.14743e-11 2.69895e-12 6.0256e-13 1.2771e-13 2.56998e-14 4.91094e-15 8.91165e-16 1.53574e-16 2.51325e-17 3.9055e-18 5.76218e-19 8.0703e-20 1.07271e-20 1.35283e-21 1.61806e-22 1.82741e-23 1.23702e-24 
0 1.5824e-23 1.4249e-22 1.20376e-21 9.64465e-21 7.33212e-20 5.29044e-19 3.62386e-18 2.35691e-17 1.45565e-16 8.53774e-16 4.7556e-15 2.51553e-14 1.26351e-13 6.0256e-13 2.72784e-12 1.17204e-11 4.77818e-11 1.84779e-10 6.77602e-10 2.35546e-09 7.75881e-09 2.42083e-08 7.15181e-08 1.99978e-07 5.29064e-07 1.32392e-06 3.13287e-06 7.00975e-06 1.48308e-05 2.96786e-05 5.62077e-05 0.000100841 0.000171637 0.000277728 0.00042844 0.000632415 0.000897231 0.0012299 0.0016383 0.00213301 0.00272881 0.00344507 0.00430462 0.00533143 0.00654784 0.00797225 0.00961785 0.0114925 0.0135996 0.0159391 0.0185084 0.0213023 0.0243132 0.0275298 0.0309364 0.0345128 0.0382338 0.0420699 0.0459884 0.0499546 0.0539331 0.0578891 0.0617893 0.0656028 0.0693019 0.0728618 0.0762614 0.0794831 0.0825127 0.0853396 0.0879566 0.0903595 0.0925475 0.0945223 0.0962885 0.0978528 0.0992238 0.100412 0.101429 0.102287 0.103 0.103581 0.104044 0.104402 0.104669 0.104858 0.10498 0.105048 0.105071 0.10506 0.105023 0.104969 0.104904 0.104836 0.104769 0.104708 0.104657 0.104618 0.104594 0.104586 0.104594 0.104618 0.104657 0.104708 0.104769 0.104836 0.104904 0.104969 0.105023 0.10506 0.105071 0.105048 0.10498 0.104858 0.104669 0.104402 0.104044 0.103581 0.103 0.102287 0.101429 0.100412 0.0992238 0.0978528 0.0962885 0.0945223 0.0925475 0.0903595 0.0879566 0.0853396 0.0825127 0.0794831 0.0762614 0.0728618 0.0693019 0.0656028 0.0617893 0.0578891 0.0539331 0.0499546 0.0459884 0.0420699 0.0382338 0.0345128 0.0309364 0.0275298 0.0243132 0.0213023 0.0185084 0.0159391 0.0135996 0.0114925 0.00961785 0.00797225 0.00654784 0.00533143 0.00430462 0.00344507 0.00272881 0.00213301 0.0016383 0.0012299 0.000897231 0.000632415 0.00042844 0.000277728 0.000171637 0.000100841 5.62077e-05 2.96786e-05 1.48308e-05 7.00975e-06 3.13287e-06 1.32392e-06 5.29064e-07 1.99978e-07 7.15181e-08 2.42083e-08 7.75881e-09 2.35546e-09 6.77602e-10 1.84779e-10 4.77818e-11 1.17204e-11 2.72784e-12 6.0256e-13 1.26351e-13 2.51553e-14 4.7556e-15 8.53774e-16 1.45565e-16 2.35691e-17 3.62386e-18 5.29044e-19 7.33212e-20 9.64465e-21 1.20369e-21 1.41883e-22 1.01684e-23 
0 1.21427e-22 1.04841e-21 8.48842e-21 6.52068e-20 4.75453e-19 3.2913e-18 2.16344e-17 1.35047e-16 8.00599e-16 4.50749e-15 2.41004e-14 1.22361e-13 5.89831e-13 2.69895e-12 1.17204e-11 4.82893e-11 1.88703e-10 6.99153e-10 2.45505e-09 8.16693e-09 2.57262e-08 7.67025e-08 2.16353e-07 5.77088e-07 1.45502e-06 3.46656e-06 7.80236e-06 1.6589e-05 3.33228e-05 6.32691e-05 0.000113646 0.000193394 0.000312453 0.000480695 0.00070698 0.000998947 0.00136396 0.00181109 0.0023534 0.00300933 0.00380246 0.00475932 0.00590618 0.00726579 0.00885537 0.0106861 0.0127638 0.0150909 0.017667 0.0204893 0.0235526 0.0268473 0.0303587 0.034066 0.0379422 0.0419548 0.046067 0.0502397 0.0544326 0.0586063 0.0627227 0.0667468 0.0706464 0.0743929 0.0779612 0.0813303 0.0844829 0.0874059 0.0900899 0.0925296 0.0947234 0.0966734 0.0983848 0.0998659 0.101127 0.102181 0.103043 0.103727 0.10425 0.104628 0.104878 0.105016 0.105058 0.105019 0.104913 0.104754 0.104555 0.104327 0.104081 0.103826 0.10357 0.103322 0.103088 0.102874 0.102685 0.102525 0.102396 0.102303 0.102247 0.102228 0.102247 0.102303 0.102396 0.102525 0.102685 0.102874 0.103088 0.103322 0.10357 0.103826 0.104081 0.104327 0.104555 0.104754 0.104913 0.105019 0.105058 0.105016 0.104878 0.104628 0.10425 0.103727 0.103043 0.102181 0.101127 0.0998659 0.0983848 0.0966734 0.0947234 0.0925296 0.0900899 0.0874059 0.0844829 0.0813303 0.0779612 0.0743929 0.0706464 0.0667468 0.0627227 0.0586063 0.0544326 0.0502397 0.046067 0.0419548 0.0379422 0.034066 0.0303587 0.0268473 0.0235526 0.0204893 0.017667 0.0150909 0.0127638 0.0106861 0.00885537 0.00726579 0.00590618 0.00475932 0.00380246 0.00300933 0.0023534 0.00181109 0.00136396 0.000998947 0.00070698 0.000480695 0.000312453 0.000193394 0.000113646 6.32691e-05 3.33228e-05 1.6589e-05 7.80236e-06 3.46656e-06 1.45502e-06 5.77088e-07 2.16353e-07 7.67025e-08 2.57262e-08 8.16693e-09 2.45505e-09 6.99153e-10 1.88703e-10 4.82893e-11 1.17204e-11 2.69895e-12 5.89831e-13 1.22361e-13 2.41004e-14 4.50749e-15 8.00599e-16 1.35047e-16 2.16344e-17 3.2913e-18 4.75453e-19 6.52068e-20 8.48792e-21 1.04366e-21 7.91643e-23 
0 8.82686e-22 7.31181e-21 5.67634e-20 4.18238e-19 2.92586e-18 1.9437e-17 1.22629e-16 7.34798e-16 4.18167e-15 2.26003e-14 1.15988e-13 5.65171e-13 2.61409e-12 1.14743e-11 4.77818e-11 1.88703e-10 7.06487e-10 2.5064e-09 8.42196e-09 2.67901e-08 8.06321e-08 2.29499e-07 6.17394e-07 1.56904e-06 3.76527e-06 8.52901e-06 1.82326e-05 3.67836e-05 7.0058e-05 0.000126066 0.00021462 0.000346427 0.000531836 0.000779854 0.00109818 0.0014947 0.00198009 0.00257044 0.00328834 0.00416169 0.00522031 0.00649184 0.00799838 0.00975523 0.0117715 0.0140521 0.0165992 0.019413 0.0224911 0.025827 0.0294077 0.033213 0.0372147 0.0413779 0.0456621 0.0500239 0.0544183 0.0588011 0.0631297 0.0673638 0.0714667 0.0754046 0.0791478 0.0826707 0.0859518 0.0889744 0.0917266 0.0942013 0.0963962 0.0983135 0.0999594 0.101344 0.10248 0.103382 0.104069 0.104558 0.104869 0.10502 0.105033 0.104925 0.104715 0.104421 0.104059 0.103644 0.103191 0.102712 0.102221 0.101727 0.101241 0.100771 0.100325 0.099909 0.0995293 0.0991908 0.0988976 0.0986532 0.0984603 0.0983211 0.098237 0.0982088 0.098237 0.0983211 0.0984603 0.0986532 0.0988976 0.0991908 0.0995293 0.099909 0.100325 0.100771 0.101241 0.101727 0.102221 0.102712 0.103191 0.103644 0.104059 0.104421 0.104715 0.104925 0.105033 0.10502 0.104869 0.104558 0.104069 0.103382 0.10248 0.101344 0.0999594 0.0983135 0.0963962 0.0942013 0.0917266 0.0889744 0.0859518 0.0826707 0.0791478 0.0754046 0.0714667 0.0673638 0.0631297 0.0588011 0.0544183 0.0500239 0.0456621 0.0413779 0.0372147 0.033213 0.0294077 0.025827 0.0224911 0.019413 0.0165992 0.0140521 0.0117715 0.00975523 0.00799838 0.00649184 0.00522031 0.00416169 0.00328834 0.00257044 0.00198009 0.0014947 0.00109818 0.000779854 0.000531836 0.000346427 0.00021462 0.000126066 7.0058e-05 3.67836e-05 1.82326e-05 8.52901e-06 3.76527e-06 1.56904e-06 6.17394e-07 2.29499e-07 8.06321e-08 2.67901e-08 8.42196e-09 2.5064e-09 7.06487e-10 1.88703e-10 4.77818e-11 1.14743e-11 2.61409e-12 5.65171e-13 1.15988e-13 2.26003e-14 4.18167e-15 7.34798e-16 1.22629e-16 1.9437e-17 2.92586e-18 4.18238e-19 5.67595e-20 7.27677e-21 5.8405e-22 
0 6.08134e-21 4.83572e-20 3.60104e-19 2.54578e-18 1.70918e-17 1.08987e-16 6.60074e-16 3.79701e-15 2.07439e-14 1.07618e-13 5.30093e-13 2.47853e-12 1.09974e-11 4.6291e-11 1.84779e-10 6.99153e-10 2.5064e-09 8.50872e-09 2.73384e-08 8.3085e-08 2.38699e-07 6.47872e-07 1.66027e-06 4.0149e-06 9.1574e-06 1.96934e-05 3.99274e-05 7.63321e-05 0.000137695 0.000234679 0.000378717 0.000580583 0.000849385 0.00119292 0.00161978 0.00214267 0.0027812 0.00356246 0.00451855 0.0056819 0.00708046 0.00873482 0.0106581 0.0128581 0.0153398 0.0181063 0.0211591 0.0244954 0.0281055 0.0319709 0.0360636 0.0403469 0.0447775 0.049308 0.0538892 0.0584722 0.0630092 0.067455 0.0717669 0.0759055 0.0798351 0.0835241 0.086946 0.0900797 0.09291 0.0954277 0.0976295 0.0995178 0.1011 0.102388 0.103396 0.104144 0.104651 0.104939 0.10503 0.104947 0.104712 0.104347 0.103873 0.103309 0.102675 0.101988 0.101263 0.100516 0.0997602 0.099007 0.0982675 0.0975511 0.0968661 0.0962199 0.0956188 0.0950682 0.0945727 0.0941362 0.0937618 0.0934521 0.0932093 0.0930347 0.0929296 0.0928944 0.0929296 0.0930347 0.0932093 0.0934521 0.0937618 0.0941362 0.0945727 0.0950682 0.0956188 0.0962199 0.0968661 0.0975511 0.0982675 0.099007 0.0997602 0.100516 0.101263 0.101988 0.102675 0.103309 0.103873 0.104347 0.104712 0.104947 0.10503 0.104939 0.104651 0.104144 0.103396 0.102388 0.1011 0.0995178 0.0976295 0.0954277 0.09291 0.0900797 0.086946 0.0835241 0.0798351 0.0759055 0.0717669 0.067455 0.0630092 0.0584722 0.0538892 0.049308 0.0447775 0.0403469 0.0360636 0.0319709 0.0281055 0.0244954 0.0211591 0.0181063 0.0153398 0.0128581 0.0106581 0.00873482 0.00708046 0.0056819 0.00451855 0.00356246 0.0027812 0.00214267 0.00161978 0.00119292 0.000849385 0.000580583 0.000378717 0.000234679 0.000137695 7.63321e-05 3.99274e-05 1.96934e-05 9.1574e-06 4.0149e-06 1.66027e-06 6.47872e-07 2.38699e-07 8.3085e-08 2.73384e-08 8.50872e-09 2.5064e-09 6.99153e-10 1.84779e-10 4.6291e-11 1.09974e-11 2.47853e-12 5.30093e-13 1.07618e-13 2.07439e-14 3.79701e-15 6.60074e-16 1.08987e-16 1.70918e-17 2.54578e-18 3.60076e-19 4.81125e-20 4.08543e-21 
