0 0 0 0 0 0 0 0 0 0 0 0 0 0 0 0 0 0 0 0 0 0 0 0 0 0 0 0 0 0 0 0 0 0 0 0 0 0 0 0 0 0 0 0 0 0 0 0 0 0 0 0 0 0 0 0 0 0 0 0 0 0 0 0 0 0 0 0 0 0 0 0 0 0 0 0 0 0 0 0 0 0 0 0 0 0 0 0 0 0 0 0 0 0 0 0 0 0 0 0 0 0 0 0 0 0 0 0 0 0 0 0 0 0 0 0 0 0 0 0 0 0 0 0 0 0 0 0 0 0 0 0 0 0 0 0 0 0 0 0 0 0 0 0 0 0 0 0 0 0 0 0 0 0 0 0 0 0 0 0 0 0 0 0 0 0 0 0 0 0 0 0 0 0 0 0 0 0 0 0 0 0 0 0 0 0 0 0 0 0 0 0 0 0 0 0 0 0 0 0 
0 1.23517e-07 3.60072e-07 8.96892e-07 2.09558e-06 4.64058e-06 9.74541e-06 1.93964e-05 3.65637e-05 6.525e-05 0.00011022 0.000176311 0.000267438 0.000385682 0.000531154 0.000703218 0.000903092 0.00113688 0.00141721 0.00176185 0.00218892 0.00271048 0.00332777 0.00403092 0.00480334 0.00562854 0.0064952 0.00739769 0.00833184 0.00928859 0.0102491 0.0111839 0.0120568 0.0128308 0.0134739 0.0139627 0.0142823 0.0144244 0.014384 0.0141575 0.0137425 0.0131387 0.01235 0.0113866 0.0102653 0.00900946 0.00764722 0.00620907 0.00472565 0.00322576 0.00173515 0.000275973 -0.00113315 -0.00247678 -0.00374215 -0.00491885 -0.00599854 -0.00697493 -0.00784382 -0.0086032 -0.00925324 -0.00979629 -0.0102367 -0.0105804 -0.0108347 -0.011008 -0.0111089 -0.0111465 -0.0111294 -0.011066 -0.0109642 -0.010831 -0.0106727 -0.010495 -0.0103028 -0.0101005 -0.00989173 -0.00967964 -0.00946694 -0.00925593 -0.00904856 -0.00884645 -0.00865095 -0.00846317 -0.00828404 -0.00811427 -0.00795443 -0.00780497 -0.00766621 -0.00753838 -0.00742163 -0.00731607 -0.00722172 -0.00713859 -0.00706668 -0.00700593 -0.00695631 -0.00691777 -0.00689027 -0.00687379 -0.0068683 -0.00687379 -0.00689027 -0.00691777 -0.00695631 -0.00700593 -0.00706668 -0.00713859 -0.00722172 -0.00731607 -0.00742163 -0.00753838 -0.00766621 -0.00780497 -0.00795443 -0.00811427 -0.00828404 -0.00846317 -0.00865095 -0.00884645 -0.00904856 -0.00925593 -0.00946694 -0.00967964 -0.00989173 -0.0101005 -0.0103028 -0.010495 -0.0106727 -0.010831 -0.0109642 -0.011066 -0.0111294 -0.0111465 -0.0111089 -0.011008 -0.0108347 -0.0105804 -0.0102367 -0.00979629 -0.00925324 -0.0086032 -0.00784382 -0.00697493 -0.00599854 -0.00491885 -0.00374215 -0.00247678 -0.00113315 0.000275973 0.00173515 0.00322576 0.00472565 0.00620907 0.00764722 0.00900946 0.0102653 0.0113866 0.01235 0.0131387 0.0137425 0.0141575 0.014384 0.0144244 0.0142823 0.0139627 0.0134739 0.0128308 0.0120568 0.0111839 0.0102491 0.00928859 0.00833184 0.00739769 0.0064952 0.00562854 0.00480334 0.00403092 0.00332777 0.00271048 0.00218892 0.00176185 0.00141721 0.00113688 0.000903092 0.000703218 0.000531154 0.000385682 0.000267438 0.000176311 0.00011022 6.525e-05 3.65637e-05 1.93964e-05 9.74532e-06 4.64034e-06 2.09495e-06 8.95413e-07 3.57091e-07 1.19127e-07 
0 3.60072e-07 1.02423e-06 2.47517e-06 5.60247e-06 1.20161e-05 2.4445e-05 4.71525e-05 8.62094e-05 0.000149387 0.000245451 0.000382842 0.000568122 0.000805035 0.00109517 0.00144073 0.00184878 0.00233481 0.00292319 0.00364291 0.00451983 0.0055687 0.00678909 0.00816722 0.00968205 0.0113119 0.0130378 0.0148413 0.0167 0.018582 0.0204437 0.0222317 0.0238873 0.0253526 0.0265753 0.0275115 0.028126 0.0283925 0.028293 0.0278171 0.0269634 0.0257398 0.0241639 0.0222634 0.020075 0.0176423 0.0150142 0.0122425 0.0093795 0.00647608 0.00358037 0.000736512 -0.00201619 -0.00464376 -0.00711791 -0.0094161 -0.0115216 -0.0134231 -0.0151147 -0.0165951 -0.0178672 -0.0189377 -0.019816 -0.0205138 -0.0210447 -0.0214231 -0.0216642 -0.0217834 -0.0217956 -0.0217155 -0.0215569 -0.0213328 -0.0210552 -0.0207351 -0.0203822 -0.0200055 -0.0196127 -0.0192106 -0.018805 -0.0184011 -0.018003 -0.0176142 -0.0172378 -0.016876 -0.0165309 -0.0162038 -0.015896 -0.0156083 -0.0153413 -0.0150954 -0.014871 -0.0146681 -0.0144868 -0.0143272 -0.014189 -0.0140724 -0.0139771 -0.0139031 -0.0138503 -0.0138187 -0.0138081 -0.0138187 -0.0138503 -0.0139031 -0.0139771 -0.0140724 -0.014189 -0.0143272 -0.0144868 -0.0146681 -0.014871 -0.0150954 -0.0153413 -0.0156083 -0.015896 -0.0162038 -0.0165309 -0.016876 -0.0172378 -0.0176142 -0.018003 -0.0184011 -0.018805 -0.0192106 -0.0196127 -0.0200055 -0.0203822 -0.0207351 -0.0210552 -0.0213328 -0.0215569 -0.0217155 -0.0217956 -0.0217834 -0.0216642 -0.0214231 -0.0210447 -0.0205138 -0.019816 -0.0189377 -0.0178672 -0.0165951 -0.0151147 -0.0134231 -0.0115216 -0.0094161 -0.00711791 -0.00464376 -0.00201619 0.000736512 0.00358037 0.00647608 0.0093795 0.0122425 0.0150142 0.0176423 0.020075 0.0222634 0.0241639 0.0257398 0.0269634 0.0278171 0.028293 0.0283925 0.028126 0.0275115 0.0265753 0.0253526 0.0238873 0.0222317 0.0204437 0.018582 0.0167 0.0148413 0.0130378 0.0113119 0.00968205 0.00816722 0.00678909 0.0055687 0.00451983 0.00364291 0.00292319 0.00233481 0.00184878 0.00144073 0.00109517 0.000805035 0.000568122 0.000382842 0.000245451 0.000149387 8.62094e-05 4.71524e-05 2.44448e-05 1.20155e-05 5.60087e-06 2.47186e-06 1.01908e-06 3.58136e-07 
0 8.96892e-07 2.47517e-06 5.75795e-06 1.25132e-05 2.57449e-05 5.02239e-05 9.29063e-05 0.000162986 0.000271328 0.00042921 0.000646718 0.000931625 0.00128978 0.00172761 0.00225602 0.0028938 0.00366804 0.00461021 0.00574935 0.00710555 0.00868708 0.010492 0.0125115 0.0147325 0.0171362 0.019694 0.0223651 0.0250957 0.0278221 0.030476 0.032988 0.0352904 0.0373171 0.0390036 0.0402881 0.0411146 0.041437 0.0412236 0.0404601 0.0391507 0.0373165 0.0349934 0.0322279 0.0290745 0.0255935 0.0218486 0.0179062 0.0138341 0.00969993 0.00556991 0.00150662 -0.0024328 -0.0061983 -0.00974822 -0.0130499 -0.0160798 -0.018823 -0.0212724 -0.0234277 -0.0252942 -0.0268817 -0.0282035 -0.0292754 -0.030115 -0.0307412 -0.0311735 -0.0314317 -0.0315355 -0.0315042 -0.0313563 -0.0311095 -0.0307805 -0.0303847 -0.0299362 -0.0294478 -0.0289309 -0.0283956 -0.0278507 -0.0273039 -0.0267616 -0.0262293 -0.0257115 -0.025212 -0.0247337 -0.0242792 -0.0238502 -0.0234483 -0.0230744 -0.0227295 -0.0224141 -0.0221285 -0.021873 -0.0216476 -0.0214524 -0.0212874 -0.0211525 -0.0210477 -0.0209728 -0.020928 -0.020913 -0.020928 -0.0209728 -0.0210477 -0.0211525 -0.0212874 -0.0214524 -0.0216476 -0.021873 -0.0221285 -0.0224141 -0.0227295 -0.0230744 -0.0234483 -0.0238502 -0.0242792 -0.0247337 -0.025212 -0.0257115 -0.0262293 -0.0267616 -0.0273039 -0.0278507 -0.0283956 -0.0289309 -0.0294478 -0.0299362 -0.0303847 -0.0307805 -0.0311095 -0.0313563 -0.0315042 -0.0315355 -0.0314317 -0.0311735 -0.0307412 -0.030115 -0.0292754 -0.0282035 -0.0268817 -0.0252942 -0.0234277 -0.0212724 -0.018823 -0.0160798 -0.0130499 -0.00974822 -0.0061983 -0.0024328 0.00150662 0.00556991 0.00969993 0.0138341 0.0179062 0.0218486 0.0255935 0.0290745 0.0322279 0.0349934 0.0373165 0.0391507 0.0404601 0.0412236 0.041437 0.0411146 0.0402881 0.0390036 0.0373171 0.0352904 0.032988 0.030476 0.0278221 0.0250957 0.0223651 0.019694 0.0171362 0.0147325 0.0125115 0.010492 0.00868708 0.00710555 0.00574935 0.00461021 0.00366804 0.0028938 0.00225602 0.00172761 0.00128978 0.000931625 0.000646718 0.00042921 0.000271328 0.000162986 9.29061e-05 5.02233e-05 2.57434e-05 1.25102e-05 5.75348e-06 2.47479e-06 9.27983e-07 
0 2.09558e-06 5.60247e-06 1.25132e-05 2.60226e-05 5.11639e-05 9.53215e-05 0.000168372 0.000282189 0.000449443 0.000682067 0.000990266 0.00138315 0.00187148 0.00247163 0.00320843 0.00411436 0.00522415 0.00656725 0.00816243 0.0100178 0.0121357 0.0145175 0.0171634 0.0200662 0.0232026 0.0265267 0.0299715 0.0334554 0.0368921 0.0401967 0.0432887 0.0460903 0.0485243 0.0505137 0.0519847 0.0528719 0.0531243 0.0527104 0.0516199 0.0498639 0.0474722 0.0444903 0.0409757 0.0369953 0.0326229 0.0279372 0.0230203 0.0179548 0.0128225 0.00770171 0.00266527 -0.00222139 -0.0069015 -0.0113278 -0.0154629 -0.019279 -0.0227575 -0.0258882 -0.0286684 -0.0311019 -0.033198 -0.0349703 -0.0364363 -0.0376159 -0.0385312 -0.0392051 -0.0396613 -0.0399235 -0.0400148 -0.0399576 -0.0397731 -0.0394813 -0.0391006 -0.038648 -0.0381387 -0.0375866 -0.0370039 -0.0364016 -0.035789 -0.0351745 -0.0345651 -0.0339668 -0.0333849 -0.0328235 -0.0322862 -0.031776 -0.0312952 -0.0308457 -0.0304291 -0.0300464 -0.0296986 -0.0293864 -0.0291103 -0.0288705 -0.0286674 -0.028501 -0.0283716 -0.0282791 -0.0282236 -0.0282051 -0.0282236 -0.0282791 -0.0283716 -0.028501 -0.0286674 -0.0288705 -0.0291103 -0.0293864 -0.0296986 -0.0300464 -0.0304291 -0.0308457 -0.0312952 -0.031776 -0.0322862 -0.0328235 -0.0333849 -0.0339668 -0.0345651 -0.0351745 -0.035789 -0.0364016 -0.0370039 -0.0375866 -0.0381387 -0.038648 -0.0391006 -0.0394813 -0.0397731 -0.0399576 -0.0400148 -0.0399235 -0.0396613 -0.0392051 -0.0385312 -0.0376159 -0.0364363 -0.0349703 -0.033198 -0.0311019 -0.0286684 -0.0258882 -0.0227575 -0.019279 -0.0154629 -0.0113278 -0.0069015 -0.00222139 0.00266527 0.00770171 0.0128225 0.0179548 0.0230203 0.0279372 0.0326229 0.0369953 0.0409757 0.0444903 0.0474722 0.0498639 0.0516199 0.0527104 0.0531243 0.0528719 0.0519847 0.0505137 0.0485243 0.0460903 0.0432887 0.0401967 0.0368921 0.0334554 0.0299715 0.0265267 0.0232026 0.0200662 0.0171634 0.0145175 0.0121357 0.0100178 0.00816243 0.00656725 0.00522415 0.00411436 0.00320843 0.00247163 0.00187148 0.00138315 0.000990266 0.000682067 0.000449443 0.000282189 0.000168371 9.53202e-05 5.11613e-05 2.60191e-05 1.25148e-05 5.63792e-06 2.26568e-06 
0 4.64058e-06 1.20161e-05 2.57449e-05 5.11639e-05 9.59849e-05 0.000170527 0.000287262 0.000459611 0.00070041 0.00102101 0.00143222 0.00194754 0.00258765 0.0033832 0.0043731 0.00559755 0.0070889 0.00886603 0.0109359 0.0133009 0.0159653 0.0189351 0.0222092 0.025769 0.0295715 0.0335499 0.0376211 0.0416938 0.0456741 0.0494669 0.0529762 0.0561055 0.0587611 0.0608567 0.0623189 0.0630911 0.0631351 0.0624318 0.0609798 0.0587951 0.0559097 0.0523717 0.0482438 0.0436017 0.0385312 0.0331245 0.0274766 0.021681 0.0158271 0.00999732 0.00426622 -0.00130058 -0.00664651 -0.011724 -0.0164943 -0.0209273 -0.0250011 -0.0287019 -0.0320235 -0.0349666 -0.0375383 -0.0397509 -0.0416213 -0.04317 -0.0444198 -0.0453951 -0.0461211 -0.0466233 -0.0469264 -0.0470545 -0.0470305 -0.0468757 -0.0466102 -0.0462524 -0.0458191 -0.0453256 -0.0447857 -0.0442118 -0.0436149 -0.0430048 -0.0423901 -0.0417784 -0.0411761 -0.040589 -0.0400217 -0.0394785 -0.0389628 -0.0384774 -0.0380248 -0.0376069 -0.0372253 -0.0368814 -0.036576 -0.0363101 -0.0360842 -0.0358989 -0.0357544 -0.035651 -0.0355889 -0.0355682 -0.0355889 -0.035651 -0.0357544 -0.0358989 -0.0360842 -0.0363101 -0.036576 -0.0368814 -0.0372253 -0.0376069 -0.0380248 -0.0384774 -0.0389628 -0.0394785 -0.0400217 -0.040589 -0.0411761 -0.0417784 -0.0423901 -0.0430048 -0.0436149 -0.0442118 -0.0447857 -0.0453256 -0.0458191 -0.0462524 -0.0466102 -0.0468757 -0.0470305 -0.0470545 -0.0469264 -0.0466233 -0.0461211 -0.0453951 -0.0444198 -0.04317 -0.0416213 -0.0397509 -0.0375383 -0.0349666 -0.0320235 -0.0287019 -0.0250011 -0.0209273 -0.0164943 -0.011724 -0.00664651 -0.00130058 0.00426622 0.00999732 0.0158271 0.021681 0.0274766 0.0331245 0.0385312 0.0436017 0.0482438 0.0523717 0.0559097 0.0587951 0.0609798 0.0624318 0.0631351 0.0630911 0.0623189 0.0608567 0.0587611 0.0561055 0.0529762 0.0494669 0.0456741 0.0416938 0.0376211 0.0335499 0.0295715 0.025769 0.0222092 0.0189351 0.0159653 0.0133009 0.0109359 0.00886603 0.0070889 0.00559755 0.0043731 0.0033832 0.00258765 0.00194754 0.00143222 0.00102101 0.000700409 0.000459611 0.000287261 0.000170525 9.59822e-05 5.11673e-05 2.57838e-05 1.21931e-05 5.26208e-06 
0 9.74541e-06 2.4445e-05 5.02239e-05 9.53215e-05 0.000170527 0.000288829 0.000464227 0.000710145 0.00103855 0.00146109 0.00199275 0.00265689 0.00348831 0.00453106 0.00583032 0.00742213 0.00932757 0.0115553 0.0141099 0.0169989 0.0202302 0.023802 0.0276921 0.0318539 0.036221 0.040715 0.0452513 0.0497395 0.0540809 0.0581677 0.0618865 0.0651258 0.0677854 0.069783 0.0710578 0.0715692 0.071295 0.0702288 0.0683786 0.0657677 0.0624349 0.0584353 0.053839 0.0487282 0.0431942 0.0373322 0.0312382 0.0250048 0.0187196 0.012463 0.0063076 0.000317741 -0.00545075 -0.0109506 -0.0161432 -0.0209982 -0.0254938 -0.0296157 -0.0333571 -0.0367178 -0.0397034 -0.0423244 -0.0445955 -0.0465343 -0.0481611 -0.0494977 -0.0505668 -0.051392 -0.0519964 -0.0524031 -0.0526344 -0.0527117 -0.0526554 -0.0524846 -0.0522172 -0.0518696 -0.0514571 -0.0509934 -0.0504909 -0.049961 -0.0494135 -0.0488574 -0.0483006 -0.0477498 -0.0472111 -0.0466895 -0.0461897 -0.0457154 -0.0452699 -0.0448558 -0.0444756 -0.0441312 -0.0438241 -0.0435556 -0.0433268 -0.0431386 -0.0429916 -0.0428863 -0.0428229 -0.0428018 -0.0428229 -0.0428863 -0.0429916 -0.0431386 -0.0433268 -0.0435556 -0.0438241 -0.0441312 -0.0444756 -0.0448558 -0.0452699 -0.0457154 -0.0461897 -0.0466895 -0.0472111 -0.0477498 -0.0483006 -0.0488574 -0.0494135 -0.049961 -0.0504909 -0.0509934 -0.0514571 -0.0518696 -0.0522172 -0.0524846 -0.0526554 -0.0527117 -0.0526344 -0.0524031 -0.0519964 -0.051392 -0.0505668 -0.0494977 -0.0481611 -0.0465343 -0.0445955 -0.0423244 -0.0397034 -0.0367178 -0.0333571 -0.0296157 -0.0254938 -0.0209982 -0.0161432 -0.0109506 -0.00545075 0.000317741 0.0063076 0.012463 0.0187196 0.0250048 0.0312382 0.0373322 0.0431942 0.0487282 0.053839 0.0584353 0.0624349 0.0657677 0.0683786 0.0702288 0.071295 0.0715692 0.0710578 0.069783 0.0677854 0.0651258 0.0618865 0.0581677 0.0540809 0.0497395 0.0452513 0.040715 0.036221 0.0318539 0.0276921 0.023802 0.0202302 0.0169989 0.0141099 0.0115553 0.00932757 0.00742213 0.00583032 0.00453106 0.00348831 0.00265689 0.00199275 0.00146109 0.00103855 0.000710144 0.000464225 0.000288827 0.000170532 9.53628e-05 5.04038e-05 2.50693e-05 1.16345e-05 
0 1.93964e-05 4.71525e-05 9.29063e-05 0.000168372 0.000287262 0.000464227 0.000713287 0.00104693 0.00147732 0.00202034 0.00270107 0.0035571 0.0046361 0.00598676 0.00764775 0.00964201 0.0119807 0.0146728 0.0177312 0.0211674 0.0249784 0.0291356 0.0335845 0.0382539 0.0430659 0.0479403 0.0527908 0.0575198 0.0620167 0.066163 0.069842 0.0729483 0.0753948 0.077114 0.0780585 0.0781984 0.077521 0.0760309 0.0737504 0.0707187 0.066991 0.0626349 0.0577276 0.0523519 0.0465938 0.0405397 0.0342751 0.0278833 0.0214441 0.0150325 0.00871725 0.00256005 -0.00338579 -0.00907572 -0.014474 -0.0195536 -0.0242953 -0.0286868 -0.0327222 -0.0364007 -0.0397258 -0.0427049 -0.0453484 -0.0476692 -0.0496826 -0.0514054 -0.052856 -0.0540537 -0.0550186 -0.0557708 -0.0563309 -0.0567187 -0.0569538 -0.0570548 -0.0570394 -0.0569244 -0.0567253 -0.0564566 -0.0561314 -0.0557618 -0.0553587 -0.0549319 -0.0544903 -0.0540417 -0.0535931 -0.0531506 -0.0527197 -0.0523052 -0.0519112 -0.0515412 -0.0511984 -0.0508854 -0.0506045 -0.0503575 -0.0501461 -0.0499715 -0.0498346 -0.0497364 -0.0496772 -0.0496574 -0.0496772 -0.0497364 -0.0498346 -0.0499715 -0.0501461 -0.0503575 -0.0506045 -0.0508854 -0.0511984 -0.0515412 -0.0519112 -0.0523052 -0.0527197 -0.0531506 -0.0535931 -0.0540417 -0.0544903 -0.0549319 -0.0553587 -0.0557618 -0.0561314 -0.0564566 -0.0567253 -0.0569244 -0.0570394 -0.0570548 -0.0569538 -0.0567187 -0.0563309 -0.0557708 -0.0550186 -0.0540537 -0.052856 -0.0514054 -0.0496826 -0.0476692 -0.0453484 -0.0427049 -0.0397258 -0.0364007 -0.0327222 -0.0286868 -0.0242953 -0.0195536 -0.014474 -0.00907572 -0.00338579 0.00256005 0.00871725 0.0150325 0.0214441 0.0278833 0.0342751 0.0405397 0.0465938 0.0523519 0.0577276 0.0626349 0.066991 0.0707187 0.0737504 0.0760309 0.077521 0.0781984 0.0780585 0.077114 0.0753948 0.0729483 0.069842 0.066163 0.0620167 0.0575198 0.0527908 0.0479403 0.0430659 0.0382539 0.0335845 0.0291356 0.0249784 0.0211674 0.0177312 0.0146728 0.0119807 0.00964201 0.00764775 0.00598676 0.0046361 0.0035571 0.00270107 0.00202034 0.00147732 0.00104692 0.000713286 0.000464233 0.000287304 0.000168551 9.35216e-05 4.90118e-05 2.44836e-05 
0 3.65637e-05 8.62094e-05 0.000162986 0.000282189 0.000459611 0.000710145 0.00104693 0.00148264 0.00203381 0.0027267 0.00360099 0.00470704 0.00609611 0.00780846 0.00986792 0.0122873 0.0150795 0.0182631 0.0218539 0.025849 0.0302148 0.0348904 0.0398003 0.0448654 0.0500047 0.0551286 0.0601346 0.0649079 0.0693303 0.0732899 0.0766886 0.0794446 0.0814909 0.0827752 0.08326 0.0829254 0.0817719 0.0798214 0.0771159 0.0737132 0.0696818 0.0650964 0.0600342 0.0545723 0.0487875 0.0427556 0.0365506 0.0302449 0.0239074 0.0176025 0.0113886 0.00531743 -0.000566639 -0.00622672 -0.011633 -0.0167623 -0.0215971 -0.0261252 -0.0303391 -0.034235 -0.0378129 -0.041076 -0.0440304 -0.0466846 -0.0490494 -0.0511374 -0.0529627 -0.0545407 -0.0558874 -0.0570195 -0.057954 -0.0587078 -0.0592977 -0.0597399 -0.0600505 -0.0602444 -0.0603364 -0.0603401 -0.0602683 -0.0601331 -0.0599457 -0.0597164 -0.0594547 -0.0591692 -0.0588677 -0.0585575 -0.0582447 -0.0579353 -0.0576342 -0.0573459 -0.0570744 -0.056823 -0.0565948 -0.0563922 -0.0562173 -0.056072 -0.0559576 -0.0558751 -0.0558253 -0.0558087 -0.0558253 -0.0558751 -0.0559576 -0.056072 -0.0562173 -0.0563922 -0.0565948 -0.056823 -0.0570744 -0.0573459 -0.0576342 -0.0579353 -0.0582447 -0.0585575 -0.0588677 -0.0591692 -0.0594547 -0.0597164 -0.0599457 -0.0601331 -0.0602683 -0.0603401 -0.0603364 -0.0602444 -0.0600505 -0.0597399 -0.0592977 -0.0587078 -0.057954 -0.0570195 -0.0558874 -0.0545407 -0.0529627 -0.0511374 -0.0490494 -0.0466846 -0.0440304 -0.041076 -0.0378129 -0.034235 -0.0303391 -0.0261252 -0.0215971 -0.0167623 -0.011633 -0.00622672 -0.000566639 0.00531743 0.0113886 0.0176025 0.0239074 0.0302449 0.0365506 0.0427556 0.0487875 0.0545723 0.0600342 0.0650964 0.0696818 0.0737132 0.0771159 0.0798214 0.0817719 0.0829254 0.08326 0.0827752 0.0814909 0.0794446 0.0766886 0.0732899 0.0693303 0.0649079 0.0601346 0.0551286 0.0500047 0.0448654 0.0398003 0.0348904 0.0302148 0.025849 0.0218539 0.0182631 0.0150795 0.0122873 0.00986792 0.00780846 0.00609611 0.00470704 0.00360099 0.0027267 0.00203381 0.00148264 0.00104693 0.000710188 0.000459786 0.000282784 0.000164785 9.11464e-05 4.903e-05 
0 6.525e-05 0.000149387 0.000271328 0.000449443 0.00070041 0.00103855 0.00147732 0.00203381 0.00273519 0.00362274 0.0047491 0.00616774 0.00792025 0.0100309 0.0125133 0.0153831 0.0186633 0.0223732 0.0265091 0.0310335 0.0358814 0.0409761 0.0462396 0.0515889 0.0569276 0.0621426 0.067111 0.0717125 0.0758405 0.0794059 0.0823352 0.0845674 0.0860525 0.0867548 0.0866561 0.0857596 0.0840898 0.0816896 0.0786154 0.0749324 0.0707107 0.0660223 0.0609403 0.0555368 0.0498831 0.0440473 0.0380937 0.0320812 0.0260631 0.0200863 0.0141923 0.00841702 0.00279217 -0.00265472 -0.00789975 -0.0129225 -0.0177059 -0.0222365 -0.0265044 -0.030503 -0.0342292 -0.0376828 -0.0408664 -0.0437847 -0.0464446 -0.0488544 -0.0510237 -0.0529632 -0.0546842 -0.0561987 -0.0575192 -0.0586584 -0.0596292 -0.0604448 -0.0611181 -0.0616619 -0.0620889 -0.0624115 -0.0626415 -0.0627903 -0.0628687 -0.0628872 -0.0628552 -0.0627818 -0.0626752 -0.0625432 -0.0623927 -0.0622301 -0.0620611 -0.0618908 -0.0617239 -0.0615644 -0.0614157 -0.061281 -0.0611628 -0.0610633 -0.0609841 -0.0609266 -0.0608917 -0.06088 -0.0608917 -0.0609266 -0.0609841 -0.0610633 -0.0611628 -0.061281 -0.0614157 -0.0615644 -0.0617239 -0.0618908 -0.0620611 -0.0622301 -0.0623927 -0.0625432 -0.0626752 -0.0627818 -0.0628552 -0.0628872 -0.0628687 -0.0627903 -0.0626415 -0.0624115 -0.0620889 -0.0616619 -0.0611181 -0.0604448 -0.0596292 -0.0586584 -0.0575192 -0.0561987 -0.0546842 -0.0529632 -0.0510237 -0.0488544 -0.0464446 -0.0437847 -0.0408664 -0.0376828 -0.0342292 -0.030503 -0.0265044 -0.0222365 -0.0177059 -0.0129225 -0.00789975 -0.00265472 0.00279217 0.00841702 0.0141923 0.0200863 0.0260631 0.0320812 0.0380937 0.0440473 0.0498831 0.0555368 0.0609403 0.0660223 0.0707107 0.0749324 0.0786154 0.0816896 0.0840898 0.0857596 0.0866561 0.0867548 0.0860525 0.0845674 0.0823352 0.0794059 0.0758405 0.0717125 0.067111 0.0621426 0.0569276 0.0515889 0.0462396 0.0409761 0.0358814 0.0310335 0.0265091 0.0223732 0.0186633 0.0153831 0.0125133 0.0100309 0.00792025 0.00616774 0.0047491 0.00362274 0.00273519 0.00203382 0.00147736 0.00103872 0.000700975 0.000451154 0.000276043 0.000161356 9.34334e-05 
0 0.00011022 0.000245451 0.00042921 0.000682067 0.00102101 0.00146109 0.00202034 0.0027267 0.00362274 0.00476311 0.00620352 0.00798711 0.0101387 0.0126724 0.0156058 0.0189651 0.0227716 0.0270203 0.0316689 0.036649 0.0418845 0.0472995 0.0528098 0.0583115 0.0636809 0.0687874 0.0735091 0.0777421 0.0814011 0.0844155 0.0867266 0.0882891 0.089076 0.0890813 0.088321 0.0868296 0.0846544 0.0818511 0.0784802 0.0746056 0.0702943 0.0656152 0.0606377 0.0554295 0.0500539 0.0445678 0.0390206 0.0334541 0.0279036 0.0223988 0.0169656 0.0116271 0.00640416 0.00131614 -0.00361942 -0.00838682 -0.0129724 -0.0173648 -0.0215546 -0.0255347 -0.0293 -0.0328473 -0.036175 -0.039283 -0.0421727 -0.0448468 -0.0473093 -0.0495653 -0.051621 -0.0534836 -0.0551612 -0.0566625 -0.0579972 -0.059175 -0.0602063 -0.0611016 -0.0618715 -0.0625265 -0.0630769 -0.063533 -0.0639046 -0.0642011 -0.0644316 -0.0646046 -0.0647282 -0.0648099 -0.0648567 -0.0648751 -0.064871 -0.0648499 -0.0648165 -0.0647753 -0.0647301 -0.0646843 -0.0646407 -0.0646018 -0.0645695 -0.0645454 -0.0645305 -0.0645255 -0.0645305 -0.0645454 -0.0645695 -0.0646018 -0.0646407 -0.0646843 -0.0647301 -0.0647753 -0.0648165 -0.0648499 -0.064871 -0.0648751 -0.0648567 -0.0648099 -0.0647282 -0.0646046 -0.0644316 -0.0642011 -0.0639046 -0.063533 -0.0630769 -0.0625265 -0.0618715 -0.0611016 -0.0602063 -0.059175 -0.0579972 -0.0566625 -0.0551612 -0.0534836 -0.051621 -0.0495653 -0.0473093 -0.0448468 -0.0421727 -0.039283 -0.036175 -0.0328473 -0.0293 -0.0255347 -0.0215546 -0.0173648 -0.0129724 -0.00838682 -0.00361942 0.00131614 0.00640416 0.0116271 0.0169656 0.0223988 0.0279036 0.0334541 0.0390206 0.0445678 0.0500539 0.0554295 0.0606377 0.0656152 0.0702943 0.0746056 0.0784802 0.0818511 0.0846544 0.0868296 0.088321 0.0890813 0.089076 0.0882891 0.0867266 0.0844155 0.0814011 0.0777421 0.0735091 0.0687874 0.0636809 0.0583115 0.0528098 0.0472995 0.0418845 0.036649 0.0316689 0.0270203 0.0227716 0.0189651 0.0156058 0.0126724 0.0101387 0.00798711 0.00620352 0.00476311 0.00362275 0.00272674 0.0020205 0.00146162 0.00102261 0.000686498 0.000440529 0.000272286 0.00016948 
0 0.000176311 0.000382842 0.000646718 0.000990266 0.00143222 0.00199275 0.00270107 0.00360099 0.0047491 0.00620352 0.00800943 0.0101926 0.0127677 0.0157538 0.0191794 0.0230674 0.0274107 0.0321623 0.0372501 0.0425982 0.0481327 0.053767 0.0593889 0.0648656 0.0700625 0.0748589 0.0791536 0.0828616 0.0859092 0.0882357 0.089799 0.0905813 0.0905915 0.089861 0.0884367 0.0863743 0.0837337 0.0805773 0.0769701 0.0729789 0.0686711 0.0641124 0.059364 0.0544803 0.0495077 0.044485 0.039444 0.0344111 0.0294083 0.0244541 0.0195646 0.0147535 0.0100325 0.00541177 0.00090002 -0.00349477 -0.00776514 -0.0119038 -0.0159035 -0.0197571 -0.0234573 -0.0269977 -0.0303721 -0.0335756 -0.0366044 -0.0394559 -0.0421291 -0.0446244 -0.0469437 -0.04909 -0.0510676 -0.0528817 -0.0545382 -0.056044 -0.0574064 -0.0586329 -0.0597316 -0.0607106 -0.0615782 -0.0623426 -0.0630121 -0.0635946 -0.0640981 -0.0645301 -0.0648979 -0.0652086 -0.0654686 -0.0656843 -0.0658613 -0.0660051 -0.0661204 -0.0662118 -0.0662832 -0.066338 -0.0663793 -0.0664096 -0.066431 -0.0664452 -0.0664532 -0.0664558 -0.0664532 -0.0664452 -0.066431 -0.0664096 -0.0663793 -0.066338 -0.0662832 -0.0662118 -0.0661204 -0.0660051 -0.0658613 -0.0656843 -0.0654686 -0.0652086 -0.0648979 -0.0645301 -0.0640981 -0.0635946 -0.0630121 -0.0623426 -0.0615782 -0.0607106 -0.0597316 -0.0586329 -0.0574064 -0.056044 -0.0545382 -0.0528817 -0.0510676 -0.04909 -0.0469437 -0.0446244 -0.0421291 -0.0394559 -0.0366044 -0.0335756 -0.0303721 -0.0269977 -0.0234573 -0.0197571 -0.0159035 -0.0119038 -0.00776514 -0.00349477 0.00090002 0.00541177 0.0100325 0.0147535 0.0195646 0.0244541 0.0294083 0.0344111 0.039444 0.044485 0.0495077 0.0544803 0.059364 0.0641124 0.0686711 0.0729789 0.0769701 0.0805773 0.0837337 0.0863743 0.0884367 0.089861 0.0905915 0.0905813 0.089799 0.0882357 0.0859092 0.0828616 0.0791536 0.0748589 0.0700625 0.0648656 0.0593889 0.053767 0.0481327 0.0425982 0.0372501 0.0321623 0.0274107 0.0230674 0.0191794 0.0157538 0.0127677 0.0101926 0.00800943 0.00620353 0.00474913 0.00360113 0.00270155 0.00199423 0.00143632 0.00100081 0.000671902 0.000438898 0.000292825 
0 0.000267438 0.000568122 0.000931625 0.00138315 0.00194754 0.00265689 0.0035571 0.00470704 0.00616774 0.00798711 0.0101926 0.0127996 0.015828 0.0193082 0.0232648 0.027689 0.0325295 0.0377103 0.0431553 0.0487912 0.0545271 0.0602416 0.0657934 0.0710459 0.0758826 0.080205 0.0839256 0.0869666 0.0892654 0.0907837 0.0915135 0.0914756 0.0907118 0.0892771 0.087234 0.0846497 0.0815956 0.0781461 0.0743757 0.0703553 0.066149 0.0618112 0.0573863 0.0529096 0.0484093 0.0439079 0.039424 0.0349727 0.0305659 0.0262125 0.0219184 0.0176873 0.0135212 0.00942124 0.00538907 0.00142701 -0.00246124 -0.00627064 -0.00999485 -0.0136266 -0.0171581 -0.0205813 -0.0238887 -0.0270732 -0.0301285 -0.0330493 -0.0358314 -0.0384717 -0.040968 -0.0433196 -0.0455263 -0.0475894 -0.0495108 -0.0512934 -0.0529409 -0.0544577 -0.0558486 -0.0571191 -0.0582752 -0.0593228 -0.0602685 -0.0611188 -0.06188 -0.0625587 -0.0631611 -0.0636936 -0.064162 -0.0645719 -0.0649287 -0.0652373 -0.0655023 -0.0657281 -0.0659182 -0.0660761 -0.0662048 -0.0663066 -0.0663838 -0.0664377 -0.0664696 -0.0664802 -0.0664696 -0.0664377 -0.0663838 -0.0663066 -0.0662048 -0.0660761 -0.0659182 -0.0657281 -0.0655023 -0.0652373 -0.0649287 -0.0645719 -0.064162 -0.0636936 -0.0631611 -0.0625587 -0.06188 -0.0611188 -0.0602685 -0.0593228 -0.0582752 -0.0571191 -0.0558486 -0.0544577 -0.0529409 -0.0512934 -0.0495108 -0.0475894 -0.0455263 -0.0433196 -0.040968 -0.0384717 -0.0358314 -0.0330493 -0.0301285 -0.0270732 -0.0238887 -0.0205813 -0.0171581 -0.0136266 -0.00999485 -0.00627064 -0.00246124 0.00142701 0.00538907 0.00942124 0.0135212 0.0176873 0.0219184 0.0262125 0.0305659 0.0349727 0.039424 0.0439079 0.0484093 0.0529096 0.0573863 0.0618112 0.066149 0.0703553 0.0743757 0.0781461 0.0815956 0.0846497 0.087234 0.0892771 0.0907118 0.0914756 0.0915135 0.0907837 0.0892654 0.0869666 0.0839256 0.080205 0.0758826 0.0710459 0.0657934 0.0602416 0.0545271 0.0487912 0.0431553 0.0377103 0.0325295 0.027689 0.0232648 0.0193082 0.015828 0.0127996 0.0101926 0.00798714 0.00616787 0.00470748 0.00355843 0.00266063 0.00195722 0.00140645 0.000983924 0.000677788 0.000482506 
0 0.000385682 0.000805035 0.00128978 0.00187148 0.00258765 0.00348831 0.0046361 0.00609611 0.00792025 0.0101387 0.0127677 0.015828 0.0193513 0.0233638 0.0278564 0.0327743 0.0380378 0.0435701 0.0492973 0.0551234 0.0609165 0.066527 0.0718179 0.0766766 0.0810051 0.0847115 0.0877138 0.0899508 0.0913918 0.0920396 0.0919238 0.0910916 0.089601 0.087519 0.0849207 0.0818888 0.0785092 0.0748658 0.0710347 0.0670801 0.0630536 0.0589948 0.0549337 0.050893 0.046889 0.0429332 0.0390323 0.0351885 0.0314008 0.0276653 0.023977 0.0203306 0.0167219 0.0131482 0.00960836 0.00610329 0.00263532 -0.000791944 -0.00417387 -0.00750506 -0.0107795 -0.0139907 -0.0171319 -0.020196 -0.0231759 -0.0260646 -0.0288555 -0.0315423 -0.0341196 -0.0365828 -0.0389283 -0.0411533 -0.0432564 -0.045237 -0.0470955 -0.0488334 -0.0504528 -0.0519566 -0.0533484 -0.0546322 -0.0558123 -0.0568934 -0.0578804 -0.0587783 -0.0595921 -0.0603266 -0.0609869 -0.0615775 -0.062103 -0.0625676 -0.0629754 -0.06333 -0.0636348 -0.0638927 -0.0641064 -0.0642781 -0.0644097 -0.0645027 -0.0645581 -0.0645765 -0.0645581 -0.0645027 -0.0644097 -0.0642781 -0.0641064 -0.0638927 -0.0636348 -0.06333 -0.0629754 -0.0625676 -0.062103 -0.0615775 -0.0609869 -0.0603266 -0.0595921 -0.0587783 -0.0578804 -0.0568934 -0.0558123 -0.0546322 -0.0533484 -0.0519566 -0.0504528 -0.0488334 -0.0470955 -0.045237 -0.0432564 -0.0411533 -0.0389283 -0.0365828 -0.0341196 -0.0315423 -0.0288555 -0.0260646 -0.0231759 -0.020196 -0.0171319 -0.0139907 -0.0107795 -0.00750506 -0.00417387 -0.000791944 0.00263532 0.00610329 0.00960836 0.0131482 0.0167219 0.0203306 0.023977 0.0276653 0.0314008 0.0351885 0.0390323 0.0429332 0.046889 0.050893 0.0549337 0.0589948 0.0630536 0.0670801 0.0710347 0.0748658 0.0785092 0.0818888 0.0849207 0.087519 0.089601 0.0910916 0.0919238 0.0920396 0.0913918 0.0899508 0.0877138 0.0847115 0.0810051 0.0766766 0.0718179 0.066527 0.0609165 0.0551234 0.0492973 0.0435701 0.0380378 0.0327743 0.0278564 0.0233638 0.0193513 0.015828 0.0127678 0.0101388 0.00792063 0.0060973 0.00463945 0.00349705 0.00260889 0.0019196 0.00139166 0.00100675 0.000759696 
0 0.000531154 0.00109517 0.00172761 0.00247163 0.0033832 0.00453106 0.00598676 0.00780846 0.0100309 0.0126724 0.0157538 0.0193082 0.0233638 0.0279123 0.0328969 0.0382344 0.0438465 0.0496581 0.055568 0.0614341 0.0670985 0.0724242 0.0773011 0.0816288 0.0853082 0.0882533 0.090408 0.091752 0.0922981 0.0920823 0.0911543 0.0895747 0.0874162 0.0847638 0.0817102 0.07835 0.0747719 0.0710534 0.0672589 0.0634406 0.0596395 0.0558872 0.052207 0.048613 0.0451114 0.0417008 0.0383737 0.0351187 0.0319229 0.0287734 0.0256589 0.0225704 0.019501 0.0164458 0.0134018 0.0103673 0.00734193 0.0043264 0.00132281 -0.00166555 -0.00463406 -0.007577 -0.0104876 -0.0133584 -0.0161814 -0.0189485 -0.0216516 -0.0242833 -0.0268364 -0.0293046 -0.0316825 -0.0339655 -0.0361498 -0.0382328 -0.0402124 -0.0420876 -0.0438581 -0.0455242 -0.047087 -0.0485481 -0.0499095 -0.0511736 -0.0523435 -0.053422 -0.0544125 -0.0553184 -0.0561431 -0.0568902 -0.0575631 -0.0581649 -0.0586991 -0.0591684 -0.0595756 -0.0599233 -0.0602136 -0.0604485 -0.0606295 -0.0607579 -0.0608345 -0.06086 -0.0608345 -0.0607579 -0.0606295 -0.0604485 -0.0602136 -0.0599233 -0.0595756 -0.0591684 -0.0586991 -0.0581649 -0.0575631 -0.0568902 -0.0561431 -0.0553184 -0.0544125 -0.053422 -0.0523435 -0.0511736 -0.0499095 -0.0485481 -0.047087 -0.0455242 -0.0438581 -0.0420876 -0.0402124 -0.0382328 -0.0361498 -0.0339655 -0.0316825 -0.0293046 -0.0268364 -0.0242833 -0.0216516 -0.0189485 -0.0161814 -0.0133584 -0.0104876 -0.007577 -0.00463406 -0.00166555 0.00132281 0.0043264 0.00734193 0.0103673 0.0134018 0.0164458 0.019501 0.0225704 0.0256589 0.0287734 0.0319229 0.0351187 0.0383737 0.0417008 0.0451114 0.048613 0.052207 0.0558872 0.0596395 0.0634406 0.0672589 0.0710534 0.0747719 0.07835 0.0817102 0.0847638 0.0874162 0.0895747 0.0911543 0.0920823 0.0922981 0.091752 0.090408 0.0882533 0.0853082 0.0816288 0.0773011 0.0724242 0.0670985 0.0614341 0.055568 0.0496581 0.0438465 0.0382344 0.0328969 0.0279123 0.0233638 0.0193083 0.0157539 0.0126727 0.0100319 0.00781141 0.00599454 0.00455014 0.00342686 0.00256502 0.00191446 0.00144521 0.00114611 
0 0.000703218 0.00144073 0.00225602 0.00320843 0.0043731 0.00583032 0.00764775 0.00986792 0.0125133 0.0156058 0.0191794 0.0232648 0.0278564 0.0328969 0.0383 0.0439847 0.0498747 0.0558641 0.0618016 0.0675216 0.072886 0.0777863 0.082117 0.0857691 0.088654 0.0907229 0.0919659 0.0924026 0.092072 0.0910262 0.0893309 0.0870685 0.0843359 0.0812344 0.0778626 0.0743096 0.0706513 0.0669524 0.0632675 0.0596415 0.0561094 0.052696 0.0494138 0.0462651 0.0432432 0.0403351 0.0375246 0.0347943 0.0321272 0.0295079 0.026922 0.0243569 0.0218016 0.0192467 0.0166846 0.0141101 0.0115201 0.00891385 0.00629284 0.00366043 0.00102156 -0.00161772 -0.0042505 -0.00686946 -0.00946704 -0.0120357 -0.0145679 -0.0170566 -0.0194947 -0.0218758 -0.0241937 -0.0264429 -0.0286181 -0.0307149 -0.0327294 -0.0346583 -0.0364991 -0.0382499 -0.0399093 -0.0414768 -0.0429523 -0.0443361 -0.0456292 -0.0468328 -0.0479486 -0.0489784 -0.0499242 -0.0507882 -0.0515727 -0.0522799 -0.052912 -0.0534711 -0.0539593 -0.0543783 -0.05473 -0.0550156 -0.0552365 -0.0553936 -0.0554876 -0.0555188 -0.0554876 -0.0553936 -0.0552365 -0.0550156 -0.05473 -0.0543783 -0.0539593 -0.0534711 -0.052912 -0.0522799 -0.0515727 -0.0507882 -0.0499242 -0.0489784 -0.0479486 -0.0468328 -0.0456292 -0.0443361 -0.0429523 -0.0414768 -0.0399093 -0.0382499 -0.0364991 -0.0346583 -0.0327294 -0.0307149 -0.0286181 -0.0264429 -0.0241937 -0.0218758 -0.0194947 -0.0170566 -0.0145679 -0.0120357 -0.00946704 -0.00686946 -0.0042505 -0.00161772 0.00102156 0.00366043 0.00629284 0.00891385 0.0115201 0.0141101 0.0166846 0.0192467 0.0218016 0.0243569 0.026922 0.0295079 0.0321272 0.0347943 0.0375246 0.0403351 0.0432432 0.0462651 0.0494138 0.052696 0.0561094 0.0596415 0.0632675 0.0669524 0.0706513 0.0743096 0.0778626 0.0812344 0.0843359 0.0870685 0.0893309 0.0910262 0.092072 0.0924026 0.0919659 0.0907229 0.088654 0.0857691 0.082117 0.0777863 0.072886 0.0675216 0.0618016 0.0558641 0.0498747 0.0439847 0.0383 0.0328969 0.0278564 0.0232649 0.0191797 0.0156067 0.0125158 0.00987473 0.00766464 0.00586938 0.00445758 0.00337933 0.00257978 0.00201579 0.00166301 
0 0.000903092 0.00184878 0.0028938 0.00411436 0.00559755 0.00742213 0.00964201 0.0122873 0.0153831 0.0189651 0.0230674 0.027689 0.0327743 0.0382344 0.0439847 0.0499469 0.0560122 0.0620216 0.0678017 0.0732123 0.0781451 0.0824879 0.0861214 0.0889545 0.0909475 0.0920992 0.0924309 0.0919812 0.0908062 0.0889803 0.0865984 0.0837688 0.0805992 0.0771887 0.0736256 0.0699866 0.0663383 0.0627393 0.0592373 0.0558673 0.0526517 0.0495996 0.0467096 0.0439733 0.0413773 0.0389061 0.0365428 0.0342694 0.0320675 0.0299185 0.0278038 0.0257064 0.0236109 0.0215049 0.0193792 0.0172273 0.0150461 0.0128347 0.0105942 0.00832731 0.00603779 0.00373027 0.00140999 -0.000917366 -0.00324553 -0.00556807 -0.00787811 -0.0101687 -0.0124328 -0.0146634 -0.0168537 -0.0189972 -0.0210878 -0.0231199 -0.0250884 -0.0269888 -0.0288173 -0.0305705 -0.0322459 -0.0338413 -0.0353551 -0.0367863 -0.0381343 -0.0393987 -0.0405798 -0.041678 -0.0426938 -0.0436282 -0.0444821 -0.0452565 -0.0459527 -0.0465718 -0.047115 -0.0475832 -0.0479776 -0.048299 -0.0485481 -0.0487256 -0.048832 -0.0488674 -0.048832 -0.0487256 -0.0485481 -0.048299 -0.0479776 -0.0475832 -0.047115 -0.0465718 -0.0459527 -0.0452565 -0.0444821 -0.0436282 -0.0426938 -0.041678 -0.0405798 -0.0393987 -0.0381343 -0.0367863 -0.0353551 -0.0338413 -0.0322459 -0.0305705 -0.0288173 -0.0269888 -0.0250884 -0.0231199 -0.0210878 -0.0189972 -0.0168537 -0.0146634 -0.0124328 -0.0101687 -0.00787811 -0.00556807 -0.00324553 -0.000917366 0.00140999 0.00373027 0.00603779 0.00832731 0.0105942 0.0128347 0.0150461 0.0172273 0.0193792 0.0215049 0.0236109 0.0257064 0.0278038 0.0299185 0.0320675 0.0342694 0.0365428 0.0389061 0.0413773 0.0439733 0.0467096 0.0495996 0.0526517 0.0558673 0.0592373 0.0627393 0.0663383 0.0699866 0.0736256 0.0771887 0.0805992 0.0837688 0.0865984 0.0889803 0.0908062 0.0919812 0.0924309 0.0920992 0.0909475 0.0889545 0.0861214 0.0824879 0.0781451 0.0732123 0.0678017 0.0620216 0.0560122 0.0499469 0.0439847 0.0382344 0.0327744 0.0276892 0.0230681 0.0189673 0.015389 0.012302 0.00967647 0.00749753 0.00575188 0.00441022 0.00342555 0.00274653 0.0023318 
0 0.00113688 0.00233481 0.00366804 0.00522415 0.0070889 0.00932757 0.0119807 0.0150795 0.0186633 0.0227716 0.0274107 0.0325295 0.0380378 0.0438465 0.0498747 0.0560122 0.0620949 0.0679412 0.073407 0.0783826 0.0827495 0.0863779 0.0891748 0.0911094 0.0921873 0.0924261 0.0918625 0.0905594 0.0886032 0.0861 0.0831668 0.0799141 0.0764404 0.0728361 0.0691826 0.0655516 0.0620052 0.0585911 0.0553403 0.0522699 0.0493852 0.0466823 0.0441537 0.0417881 0.039571 0.0374867 0.0355158 0.0336376 0.0318308 0.0300741 0.0283481 0.0266362 0.024924 0.0232007 0.0214575 0.0196879 0.0178875 0.0160531 0.0141832 0.0122776 0.0103374 0.00836528 0.0063647 0.00434064 0.00229873 0.000245266 -0.00181281 -0.00386864 -0.00591499 -0.00794501 -0.00995191 -0.0119292 -0.013871 -0.0157714 -0.0176253 -0.0194277 -0.0211744 -0.0228614 -0.0244851 -0.0260424 -0.0275306 -0.0289474 -0.030291 -0.0315597 -0.0327524 -0.0338681 -0.0349063 -0.0358665 -0.0367486 -0.0375526 -0.0382786 -0.0389268 -0.0394976 -0.0399914 -0.0404084 -0.040749 -0.0410136 -0.0412024 -0.0413155 -0.0413533 -0.0413155 -0.0412024 -0.0410136 -0.040749 -0.0404084 -0.0399914 -0.0394976 -0.0389268 -0.0382786 -0.0375526 -0.0367486 -0.0358665 -0.0349063 -0.0338681 -0.0327524 -0.0315597 -0.030291 -0.0289474 -0.0275306 -0.0260424 -0.0244851 -0.0228614 -0.0211744 -0.0194277 -0.0176253 -0.0157714 -0.013871 -0.0119292 -0.00995191 -0.00794501 -0.00591499 -0.00386864 -0.00181281 0.000245266 0.00229873 0.00434064 0.0063647 0.00836528 0.0103374 0.0122776 0.0141832 0.0160531 0.0178875 0.0196879 0.0214575 0.0232007 0.024924 0.0266362 0.0283481 0.0300741 0.0318308 0.0336376 0.0355158 0.0374867 0.039571 0.0417881 0.0441537 0.0466823 0.0493852 0.0522699 0.0553403 0.0585911 0.0620052 0.0655516 0.0691826 0.0728361 0.0764404 0.0799141 0.0831668 0.0861 0.0886032 0.0905594 0.0918625 0.0924261 0.0921873 0.0911094 0.0891748 0.0863779 0.0827495 0.0783826 0.073407 0.0679412 0.0620949 0.0560122 0.0498747 0.0438465 0.038038 0.0325301 0.0274125 0.0227766 0.018676 0.0151095 0.012047 0.00946513 0.00735597 0.00571025 0.00449892 0.00367267 0.00317686 
0 0.00141721 0.00292319 0.00461021 0.00656725 0.00886603 0.0115553 0.0146728 0.0182631 0.0223732 0.0270203 0.0321623 0.0377103 0.0435701 0.0496581 0.0558641 0.0620216 0.0679412 0.0734717 0.0785009 0.0829053 0.0865455 0.0893257 0.0912229 0.092247 0.0924093 0.0917434 0.0903232 0.0882487 0.0856331 0.0825972 0.0792531 0.0756998 0.072033 0.0683433 0.0647069 0.0611863 0.0578271 0.0546549 0.0516824 0.0489143 0.046347 0.0439738 0.0417844 0.0397626 0.0378898 0.036145 0.0345048 0.0329483 0.0314554 0.0300081 0.028592 0.0271932 0.0258001 0.0244023 0.0229897 0.0215546 0.0200898 0.01859 0.0170521 0.0154743 0.0138571 0.0122022 0.0105125 0.00879227 0.00704594 0.00527905 0.00349687 0.0017052 -9.00423e-05 -0.00188323 -0.0036682 -0.00543945 -0.00719098 -0.0089174 -0.0106132 -0.0122732 -0.0138926 -0.0154665 -0.0169909 -0.0184617 -0.0198754 -0.0212288 -0.022519 -0.0237436 -0.0249005 -0.0259878 -0.0270039 -0.0279478 -0.0288183 -0.0296147 -0.0303362 -0.0309826 -0.0315533 -0.0320482 -0.0324671 -0.0328099 -0.0330765 -0.0332671 -0.0333813 -0.0334195 -0.0333813 -0.0332671 -0.0330765 -0.0328099 -0.0324671 -0.0320482 -0.0315533 -0.0309826 -0.0303362 -0.0296147 -0.0288183 -0.0279478 -0.0270039 -0.0259878 -0.0249005 -0.0237436 -0.022519 -0.0212288 -0.0198754 -0.0184617 -0.0169909 -0.0154665 -0.0138926 -0.0122732 -0.0106132 -0.0089174 -0.00719098 -0.00543945 -0.0036682 -0.00188323 -9.00423e-05 0.0017052 0.00349687 0.00527905 0.00704594 0.00879227 0.0105125 0.0122022 0.0138571 0.0154743 0.0170521 0.01859 0.0200898 0.0215546 0.0229897 0.0244023 0.0258001 0.0271932 0.028592 0.0300081 0.0314554 0.0329483 0.0345048 0.036145 0.0378898 0.0397626 0.0417844 0.0439738 0.046347 0.0489143 0.0516824 0.0546549 0.0578271 0.0611863 0.0647069 0.0683433 0.072033 0.0756998 0.0792531 0.0825972 0.0856331 0.0882487 0.0903232 0.0917434 0.0924093 0.092247 0.0912229 0.0893257 0.0865455 0.0829053 0.0785009 0.0734717 0.0679412 0.0620216 0.0558642 0.0496582 0.0435706 0.0377118 0.0321665 0.027031 0.0223989 0.0183207 0.0147938 0.0117933 0.00930522 0.00732791 0.00585058 0.00483656 0.00422983 
