0 0 0 0 0 0 0 0 0 0 0 0 0 0 0 0 0 0 0 0 0 0 0 0 0 0 0 0 0 0 0 0 0 0 0 0 0 0 0 0 0 0 0 0 0 0 0 0 0 0 0 0 0 0 0 0 0 0 0 0 0 0 0 0 0 0 0 0 0 0 0 0 0 0 0 0 0 0 0 0 0 0 0 0 0 0 0 0 0 0 0 0 0 0 0 0 0 0 0 0 0 0 0 0 0 0 0 0 0 0 0 0 0 0 0 0 0 0 0 0 0 0 0 0 0 0 0 0 0 0 0 0 0 0 0 0 0 0 0 0 0 0 0 0 0 0 0 0 0 0 0 0 0 0 0 0 0 0 0 0 0 0 0 0 0 0 0 0 0 0 0 0 0 0 0 0 0 0 0 0 0 0 0 0 0 0 0 0 0 0 0 0 0 0 0 0 0 0 0 0 
0 2.82096e-22 2.07887e-21 1.43645e-20 9.45665e-20 5.93422e-19 3.55006e-18 2.0249e-17 1.10129e-16 5.71159e-16 2.82471e-15 1.33214e-14 5.99065e-14 2.56875e-13 1.05018e-12 4.09318e-12 1.52079e-11 5.38571e-11 1.81775e-10 5.84647e-10 1.79176e-09 5.23187e-09 1.45546e-08 3.85743e-08 9.74009e-08 2.34332e-07 5.37242e-07 1.17405e-06 2.44646e-06 4.86327e-06 9.22848e-06 1.67297e-05 2.90021e-05 4.81362e-05 7.66014e-05 0.000117074 0.00017219 0.000244272 0.000335118 0.000445929 0.00057743 0.000730185 0.000905036 0.00110355 0.00132837 0.00158322 0.0018728 0.0022022 0.00257628 0.0029989 0.00347234 0.00399686 0.00457053 0.00518941 0.00584781 0.00653888 0.00725503 0.00798848 0.0087316 0.00947714 0.0102184 0.0109491 0.0116636 0.0123565 0.0130229 0.0136579 0.0142571 0.0148165 0.0153324 0.0158016 0.0162215 0.0165904 0.0169072 0.0171715 0.0173839 0.0175457 0.0176589 0.0177261 0.0177504 0.0177357 0.0176857 0.0176046 0.0174969 0.0173669 0.017219 0.0170574 0.0168863 0.0167096 0.0165311 0.0163541 0.0161819 0.0160174 0.0158633 0.0157218 0.0155951 0.015485 0.0153928 0.0153199 0.0152672 0.0152352 0.0152246 0.0152352 0.0152672 0.0153199 0.0153928 0.015485 0.0155951 0.0157218 0.0158633 0.0160174 0.0161819 0.0163541 0.0165311 0.0167096 0.0168863 0.0170574 0.017219 0.0173669 0.0174969 0.0176046 0.0176857 0.0177357 0.0177504 0.0177261 0.0176589 0.0175457 0.0173839 0.0171715 0.0169072 0.0165904 0.0162215 0.0158016 0.0153324 0.0148165 0.0142571 0.0136579 0.0130229 0.0123565 0.0116636 0.0109491 0.0102184 0.00947714 0.0087316 0.00798848 0.00725503 0.00653888 0.00584781 0.00518941 0.00457053 0.00399686 0.00347234 0.0029989 0.00257628 0.0022022 0.0018728 0.00158322 0.00132837 0.00110355 0.000905036 0.000730185 0.00057743 0.000445929 0.000335118 0.000244272 0.00017219 0.000117074 7.66014e-05 4.81362e-05 2.90021e-05 1.67297e-05 9.22848e-06 4.86327e-06 2.44646e-06 1.17405e-06 5.37242e-07 2.34332e-07 9.74009e-08 3.85743e-08 1.45546e-08 5.23187e-09 1.79176e-09 5.84647e-10 1.81775e-10 5.38571e-11 1.52079e-11 4.09318e-12 1.05018e-12 2.56875e-13 5.99065e-14 1.33214e-14 2.82471e-15 5.71159e-16 1.10129e-16 2.0249e-17 3.55006e-18 5.93422e-19 9.45662e-20 1.43626e-20 2.06451e-21 1.73777e-22 
0 2.07887e-21 1.47793e-20 9.8433e-20 6.24787e-19 3.78114e-18 2.18205e-17 1.20087e-16 6.30283e-16 3.15495e-15 1.50613e-14 6.85699e-14 2.977e-13 1.23244e-12 4.86464e-12 1.83059e-11 6.56652e-11 2.24508e-10 7.31519e-10 2.27128e-09 6.71931e-09 1.8939e-08 5.08567e-08 1.30108e-07 3.17142e-07 7.36645e-07 1.63087e-06 3.44258e-06 6.93203e-06 1.33235e-05 2.44627e-05 4.29488e-05 7.21918e-05 0.000116346 0.000180089 0.000268273 0.0003855 0.000535758 0.000722231 0.00094739 0.00121337 0.00152256 0.00187825 0.00228513 0.00274948 0.00327892 0.0038818 0.00456625 0.00533917 0.00620525 0.00716626 0.00822074 0.00936393 0.0105882 0.0118833 0.0132377 0.0146381 0.0160712 0.0175231 0.0189803 0.0204295 0.0218579 0.0232532 0.0246037 0.0258982 0.0271267 0.0282797 0.0293491 0.0303279 0.0312108 0.0319935 0.0326738 0.0332506 0.0337247 0.0340981 0.0343745 0.0345583 0.0346554 0.0346723 0.0346163 0.0344951 0.0343169 0.0340898 0.0338222 0.0335224 0.0331983 0.0328576 0.0325078 0.0321557 0.0318079 0.0314704 0.0311486 0.0308476 0.0305717 0.0303248 0.0301102 0.0299309 0.0297891 0.0296865 0.0296244 0.0296036 0.0296244 0.0296865 0.0297891 0.0299309 0.0301102 0.0303248 0.0305717 0.0308476 0.0311486 0.0314704 0.0318079 0.0321557 0.0325078 0.0328576 0.0331983 0.0335224 0.0338222 0.0340898 0.0343169 0.0344951 0.0346163 0.0346723 0.0346554 0.0345583 0.0343745 0.0340981 0.0337247 0.0332506 0.0326738 0.0319935 0.0312108 0.0303279 0.0293491 0.0282797 0.0271267 0.0258982 0.0246037 0.0232532 0.0218579 0.0204295 0.0189803 0.0175231 0.0160712 0.0146381 0.0132377 0.0118833 0.0105882 0.00936393 0.00822074 0.00716626 0.00620525 0.00533917 0.00456625 0.0038818 0.00327892 0.00274948 0.00228513 0.00187825 0.00152256 0.00121337 0.00094739 0.000722231 0.000535758 0.0003855 0.000268273 0.000180089 0.000116346 7.21918e-05 4.29488e-05 2.44627e-05 1.33235e-05 6.93203e-06 3.44258e-06 1.63087e-06 7.36645e-07 3.17142e-07 1.30108e-07 5.08567e-08 1.8939e-08 6.71931e-09 2.27128e-09 7.31519e-10 2.24508e-10 6.56652e-11 1.83059e-11 4.86464e-12 1.23244e-12 2.977e-13 6.85699e-14 1.50613e-14 3.15495e-15 6.30283e-16 1.20087e-16 2.18205e-17 3.78114e-18 6.24785e-19 9.8419e-20 1.46719e-20 1.29897e-21 
0 1.43645e-20 9.8433e-20 6.31193e-19 3.85784e-18 2.24846e-17 1.24973e-16 6.6246e-16 3.34899e-15 1.61463e-14 7.42355e-14 3.25462e-13 1.3605e-12 5.42192e-12 2.05972e-11 7.45766e-11 2.57317e-10 8.45941e-10 2.64944e-09 7.90404e-09 2.24583e-08 6.07714e-08 1.56603e-07 3.84319e-07 8.98279e-07 2.00007e-06 4.24352e-06 8.58325e-06 1.65611e-05 3.05068e-05 5.37063e-05 9.04776e-05 0.000146095 0.000226533 0.000338062 0.000486796 0.000678321 0.000917566 0.00120899 0.00155706 0.00196689 0.00244482 0.00299877 0.00363813 0.00437325 0.0052146 0.00617168 0.00725204 0.00846049 0.00979858 0.0112644 0.012853 0.014556 0.016363 0.0182608 0.0202349 0.0222689 0.0243452 0.0264451 0.0285493 0.0306379 0.0326911 0.0346896 0.0366148 0.0384495 0.040178 0.041787 0.0432651 0.0446035 0.045796 0.0468387 0.0477301 0.0484712 0.0490649 0.0495161 0.0498312 0.0500182 0.0500861 0.0500448 0.0499053 0.0496785 0.049376 0.0490094 0.0485903 0.0481299 0.0476393 0.0471291 0.0466095 0.0460898 0.045579 0.0450853 0.0446162 0.0441784 0.0437781 0.0434204 0.0431101 0.042851 0.0426463 0.0424983 0.0424088 0.0423788 0.0424088 0.0424983 0.0426463 0.042851 0.0431101 0.0434204 0.0437781 0.0441784 0.0446162 0.0450853 0.045579 0.0460898 0.0466095 0.0471291 0.0476393 0.0481299 0.0485903 0.0490094 0.049376 0.0496785 0.0499053 0.0500448 0.0500861 0.0500182 0.0498312 0.0495161 0.0490649 0.0484712 0.0477301 0.0468387 0.045796 0.0446035 0.0432651 0.041787 0.040178 0.0384495 0.0366148 0.0346896 0.0326911 0.0306379 0.0285493 0.0264451 0.0243452 0.0222689 0.0202349 0.0182608 0.016363 0.014556 0.012853 0.0112644 0.00979858 0.00846049 0.00725204 0.00617168 0.0052146 0.00437325 0.00363813 0.00299877 0.00244482 0.00196689 0.00155706 0.00120899 0.000917566 0.000678321 0.000486796 0.000338062 0.000226533 0.000146095 9.04776e-05 5.37063e-05 3.05068e-05 1.65611e-05 8.58325e-06 4.24352e-06 2.00007e-06 8.98279e-07 3.84319e-07 1.56603e-07 6.07714e-08 2.24583e-08 7.90404e-09 2.64944e-09 8.45941e-10 2.57317e-10 7.45766e-11 2.05972e-11 5.42192e-12 1.3605e-12 3.25462e-13 7.42355e-14 1.61463e-14 3.34899e-15 6.6246e-16 1.24973e-16 2.24846e-17 3.85783e-18 6.3109e-19 9.768e-20 9.11175e-21 
0 9.45665e-20 6.24787e-19 3.85784e-18 2.27063e-17 1.2745e-16 6.82245e-16 3.48293e-15 1.69565e-14 7.87208e-14 3.48466e-13 1.47061e-12 5.91619e-12 2.26841e-11 8.28823e-11 2.88522e-10 9.5673e-10 3.0214e-09 9.08559e-09 2.60105e-08 7.08817e-08 1.83849e-07 4.53844e-07 1.06631e-06 2.38472e-06 5.07781e-06 1.02983e-05 1.99046e-05 3.66928e-05 6.4581e-05 0.00010867 0.000175118 0.000270812 0.000402897 0.000578313 0.000803516 0.00108454 0.00142744 0.00183901 0.00232748 0.00290304 0.00357775 0.004365 0.00527839 0.00633046 0.00753146 0.00888845 0.0104048 0.0120803 0.0139113 0.0158912 0.0180112 0.0202599 0.022624 0.025088 0.0276343 0.0302427 0.0328911 0.0355555 0.0382106 0.0408302 0.0433884 0.0458602 0.0482222 0.0504532 0.0525348 0.0544518 0.0561922 0.0577475 0.0591122 0.0602844 0.0612647 0.0620566 0.0626658 0.0631001 0.0633693 0.0634842 0.0634572 0.0633013 0.0630304 0.0626584 0.0621999 0.0616692 0.0610804 0.0604474 0.0597835 0.0591015 0.0584136 0.0577311 0.0570645 0.0564237 0.0558174 0.0552538 0.05474 0.0542822 0.0538858 0.0535553 0.0532945 0.0531062 0.0529924 0.0529543 0.0529924 0.0531062 0.0532945 0.0535553 0.0538858 0.0542822 0.05474 0.0552538 0.0558174 0.0564237 0.0570645 0.0577311 0.0584136 0.0591015 0.0597835 0.0604474 0.0610804 0.0616692 0.0621999 0.0626584 0.0630304 0.0633013 0.0634572 0.0634842 0.0633693 0.0631001 0.0626658 0.0620566 0.0612647 0.0602844 0.0591122 0.0577475 0.0561922 0.0544518 0.0525348 0.0504532 0.0482222 0.0458602 0.0433884 0.0408302 0.0382106 0.0355555 0.0328911 0.0302427 0.0276343 0.025088 0.022624 0.0202599 0.0180112 0.0158912 0.0139113 0.0120803 0.0104048 0.00888845 0.00753146 0.00633046 0.00527839 0.004365 0.00357775 0.00290304 0.00232748 0.00183901 0.00142744 0.00108454 0.000803516 0.000578313 0.000402897 0.000270812 0.000175118 0.00010867 6.4581e-05 3.66928e-05 1.99046e-05 1.02983e-05 5.07781e-06 2.38472e-06 1.06631e-06 4.53844e-07 1.83849e-07 7.08817e-08 2.60105e-08 9.08559e-09 3.0214e-09 9.5673e-10 2.88522e-10 8.28823e-11 2.26841e-11 5.91619e-12 1.47061e-12 3.48466e-13 7.87208e-14 1.69565e-14 3.48293e-15 6.82245e-16 1.2745e-16 2.27062e-17 3.85713e-18 6.19768e-19 6.09225e-20 
0 5.93422e-19 3.78114e-18 2.24846e-17 1.2745e-16 6.88966e-16 3.55185e-15 1.74618e-14 8.18582e-14 3.65871e-13 1.55892e-12 6.33112e-12 2.45027e-11 9.03508e-11 3.1735e-10 1.06153e-09 3.38067e-09 1.02483e-08 2.95646e-08 8.11477e-08 2.11878e-07 5.26191e-07 1.24286e-06 2.79214e-06 5.96689e-06 1.21336e-05 2.34895e-05 4.33229e-05 7.62015e-05 0.000127998 0.000205683 0.000316895 0.000469379 0.000670531 0.000927243 0.00124624 0.00163488 0.00210208 0.00265922 0.00332037 0.00410181 0.00502082 0.00609407 0.00733587 0.00875689 0.0103635 0.0121575 0.0141369 0.0162964 0.0186279 0.0211211 0.0237636 0.0265404 0.029434 0.0324241 0.0354871 0.0385969 0.0417251 0.0448417 0.0479159 0.0509175 0.0538175 0.0565886 0.0592068 0.0616508 0.0639031 0.0659499 0.0677811 0.0693902 0.0707742 0.0719335 0.0728715 0.0735942 0.0741102 0.07443 0.0745663 0.0745326 0.0743442 0.0740169 0.0735669 0.0730111 0.0723661 0.0716485 0.0708744 0.0700595 0.0692187 0.0683662 0.0675155 0.066679 0.0658681 0.0650935 0.0643646 0.06369 0.0630773 0.0625332 0.0620634 0.0616725 0.0613645 0.0611424 0.0610083 0.0609635 0.0610083 0.0611424 0.0613645 0.0616725 0.0620634 0.0625332 0.0630773 0.06369 0.0643646 0.0650935 0.0658681 0.066679 0.0675155 0.0683662 0.0692187 0.0700595 0.0708744 0.0716485 0.0723661 0.0730111 0.0735669 0.0740169 0.0743442 0.0745326 0.0745663 0.07443 0.0741102 0.0735942 0.0728715 0.0719335 0.0707742 0.0693902 0.0677811 0.0659499 0.0639031 0.0616508 0.0592068 0.0565886 0.0538175 0.0509175 0.0479159 0.0448417 0.0417251 0.0385969 0.0354871 0.0324241 0.029434 0.0265404 0.0237636 0.0211211 0.0186279 0.0162964 0.0141369 0.0121575 0.0103635 0.00875689 0.00733587 0.00609407 0.00502082 0.00410181 0.00332037 0.00265922 0.00210208 0.00163488 0.00124624 0.000927243 0.000670531 0.000469379 0.000316895 0.000205683 0.000127998 7.62015e-05 4.33229e-05 2.34895e-05 1.21336e-05 5.96689e-06 2.79214e-06 1.24286e-06 5.26191e-07 2.11878e-07 8.11477e-08 2.95646e-08 1.02483e-08 3.38067e-09 1.06153e-09 3.1735e-10 9.03508e-11 2.45027e-11 6.33112e-12 1.55892e-12 3.65871e-13 8.18582e-14 1.74618e-14 3.55185e-15 6.88966e-16 1.27449e-16 2.24799e-17 3.74933e-18 3.88441e-19 
0 3.55006e-18 2.18205e-17 1.24973e-16 6.82245e-16 3.55185e-15 1.76335e-14 8.34733e-14 3.76727e-13 1.62071e-12 6.64512e-12 2.59611e-11 9.66192e-11 3.4246e-10 1.15569e-09 3.71223e-09 1.13465e-08 3.2991e-08 9.12255e-08 2.39836e-07 5.99374e-07 1.42365e-06 3.21369e-06 6.89478e-06 1.40619e-05 2.72742e-05 5.03418e-05 8.85108e-05 0.000148438 0.000237885 0.000365156 0.000538461 0.000765472 0.00105337 0.00140949 0.0018425 0.0023636 0.00298735 0.00373157 0.0046163 0.00566191 0.00688705 0.00830674 0.00993134 0.0117662 0.0138121 0.016066 0.0185219 0.0211711 0.0240022 0.027001 0.0301498 0.0334273 0.036808 0.0402633 0.0437615 0.0472688 0.0507509 0.0541733 0.0575031 0.0607094 0.0637638 0.0666415 0.069321 0.0717845 0.0740179 0.0760109 0.077757 0.079253 0.0804993 0.0814994 0.08226 0.0827903 0.0831018 0.0832082 0.0831248 0.0828682 0.082456 0.0819064 0.081238 0.0804691 0.079618 0.0787027 0.0777403 0.0767473 0.0757391 0.0747306 0.0737351 0.0727654 0.0718328 0.070948 0.0701202 0.0693578 0.0686683 0.0680582 0.0675327 0.0670967 0.0667538 0.0665068 0.0663578 0.066308 0.0663578 0.0665068 0.0667538 0.0670967 0.0675327 0.0680582 0.0686683 0.0693578 0.0701202 0.070948 0.0718328 0.0727654 0.0737351 0.0747306 0.0757391 0.0767473 0.0777403 0.0787027 0.079618 0.0804691 0.081238 0.0819064 0.082456 0.0828682 0.0831248 0.0832082 0.0831018 0.0827903 0.08226 0.0814994 0.0804993 0.079253 0.077757 0.0760109 0.0740179 0.0717845 0.069321 0.0666415 0.0637638 0.0607094 0.0575031 0.0541733 0.0507509 0.0472688 0.0437615 0.0402633 0.036808 0.0334273 0.0301498 0.027001 0.0240022 0.0211711 0.0185219 0.016066 0.0138121 0.0117662 0.00993134 0.00830674 0.00688705 0.00566191 0.0046163 0.00373157 0.00298735 0.0023636 0.0018425 0.00140949 0.00105337 0.000765472 0.000538461 0.000365156 0.000237885 0.000148438 8.85108e-05 5.03418e-05 2.72742e-05 1.40619e-05 6.89478e-06 3.21369e-06 1.42365e-06 5.99374e-07 2.39836e-07 9.12255e-08 3.2991e-08 1.13465e-08 3.71223e-09 1.15569e-09 3.4246e-10 9.66192e-11 2.59611e-11 6.64512e-12 1.62071e-12 3.76727e-13 8.34733e-14 1.76335e-14 3.55185e-15 6.82241e-16 1.24944e-16 2.16288e-17 2.36222e-18 
0 2.0249e-17 1.20087e-16 6.6246e-16 3.48293e-15 1.74618e-14 8.34733e-14 3.80417e-13 1.65252e-12 6.84092e-12 2.69811e-11 1.0136e-10 3.62581e-10 1.23464e-09 4.00059e-09 1.23314e-08 3.6145e-08 1.00714e-07 2.66679e-07 6.70851e-07 1.60286e-06 3.63689e-06 7.83628e-06 1.60355e-05 3.11731e-05 5.76046e-05 0.000101277 0.000169641 0.000271224 0.000414935 0.000609353 0.000862345 0.00118137 0.00157452 0.00205207 0.00262784 0.0033198 0.00414945 0.00513997 0.00631377 0.00769012 0.00928346 0.0111029 0.0131525 0.0154323 0.0179391 0.020667 0.0236071 0.0267469 0.0300699 0.0335542 0.0371732 0.0408953 0.0446851 0.0485047 0.0523153 0.0560781 0.059756 0.0633141 0.0667207 0.0699475 0.0729698 0.0757668 0.0783216 0.0806208 0.0826553 0.0844194 0.0859115 0.0871333 0.0880899 0.0887896 0.0892435 0.0894651 0.0894699 0.089275 0.0888989 0.0883606 0.0876798 0.0868762 0.0859694 0.0849787 0.0839225 0.0828187 0.0816842 0.080535 0.079386 0.0782509 0.0771427 0.0760729 0.0750521 0.07409 0.0731951 0.072375 0.0716363 0.0709849 0.0704256 0.0699626 0.069599 0.0693376 0.06918 0.0691273 0.06918 0.0693376 0.069599 0.0699626 0.0704256 0.0709849 0.0716363 0.072375 0.0731951 0.07409 0.0750521 0.0760729 0.0771427 0.0782509 0.079386 0.080535 0.0816842 0.0828187 0.0839225 0.0849787 0.0859694 0.0868762 0.0876798 0.0883606 0.0888989 0.089275 0.0894699 0.0894651 0.0892435 0.0887896 0.0880899 0.0871333 0.0859115 0.0844194 0.0826553 0.0806208 0.0783216 0.0757668 0.0729698 0.0699475 0.0667207 0.0633141 0.059756 0.0560781 0.0523153 0.0485047 0.0446851 0.0408953 0.0371732 0.0335542 0.0300699 0.0267469 0.0236071 0.020667 0.0179391 0.0154323 0.0131525 0.0111029 0.00928346 0.00769012 0.00631377 0.00513997 0.00414945 0.0033198 0.00262784 0.00205207 0.00157452 0.00118137 0.000862345 0.000609353 0.000414935 0.000271224 0.000169641 0.000101277 5.76046e-05 3.11731e-05 1.60355e-05 7.83628e-06 3.63689e-06 1.60286e-06 6.70851e-07 2.66679e-07 1.00714e-07 3.6145e-08 1.23314e-08 4.00059e-09 1.23464e-09 3.62581e-10 1.0136e-10 2.69811e-11 6.84092e-12 1.65252e-12 3.80417e-13 8.34733e-14 1.74618e-14 3.4829e-15 6.62284e-16 1.18987e-16 1.37034e-17 
0 1.10129e-16 6.30283e-16 3.34899e-15 1.69565e-14 8.18582e-14 3.76727e-13 1.65252e-12 6.90745e-12 2.7506e-11 1.04315e-10 3.76644e-10 1.29429e-09 4.23137e-09 1.31556e-08 3.8882e-08 1.09198e-07 2.91301e-07 7.37845e-07 1.77397e-06 4.0474e-06 8.76173e-06 1.79966e-05 3.50808e-05 6.49295e-05 0.000114204 0.000191145 0.000305018 0.000465278 0.000680791 0.000959582 0.00130946 0.00173954 0.0022621 0.00289403 0.00365698 0.00457597 0.00567669 0.0069825 0.00851208 0.0102783 0.0122886 0.0145457 0.0170494 0.0197968 0.022782 0.0259956 0.0294229 0.0330434 0.0368297 0.0407487 0.0447621 0.0488282 0.0529038 0.0569456 0.060912 0.0647638 0.0684649 0.071983 0.0752896 0.0783599 0.0811738 0.083715 0.0859716 0.0879365 0.0896063 0.0909822 0.0920693 0.0928761 0.0934144 0.0936987 0.0937457 0.0935737 0.0932022 0.0926517 0.0919428 0.0910963 0.0901326 0.0890717 0.0879329 0.0867347 0.0854945 0.0842289 0.0829532 0.0816818 0.0804279 0.0792038 0.0780204 0.0768879 0.0758154 0.074811 0.0738819 0.0730345 0.0722743 0.0716062 0.0710343 0.0705619 0.0701916 0.0699257 0.0697656 0.0697121 0.0697656 0.0699257 0.0701916 0.0705619 0.0710343 0.0716062 0.0722743 0.0730345 0.0738819 0.074811 0.0758154 0.0768879 0.0780204 0.0792038 0.0804279 0.0816818 0.0829532 0.0842289 0.0854945 0.0867347 0.0879329 0.0890717 0.0901326 0.0910963 0.0919428 0.0926517 0.0932022 0.0935737 0.0937457 0.0936987 0.0934144 0.0928761 0.0920693 0.0909822 0.0896063 0.0879365 0.0859716 0.083715 0.0811738 0.0783599 0.0752896 0.071983 0.0684649 0.0647638 0.060912 0.0569456 0.0529038 0.0488282 0.0447621 0.0407487 0.0368297 0.0330434 0.0294229 0.0259956 0.022782 0.0197968 0.0170494 0.0145457 0.0122886 0.0102783 0.00851208 0.0069825 0.00567669 0.00457597 0.00365698 0.00289403 0.0022621 0.00173954 0.00130946 0.000959582 0.000680791 0.000465278 0.000305018 0.000191145 0.000114204 6.49295e-05 3.50808e-05 1.79966e-05 8.76173e-06 4.0474e-06 1.77397e-06 7.37845e-07 2.91301e-07 1.09198e-07 3.8882e-08 1.31556e-08 4.23137e-09 1.29429e-09 3.76644e-10 1.04315e-10 2.7506e-11 6.90745e-12 1.65252e-12 3.76727e-13 8.18581e-14 1.69564e-14 3.348e-15 6.24288e-16 7.58394e-17 
0 5.71159e-16 3.15495e-15 1.61463e-14 7.87208e-14 3.65871e-13 1.62071e-12 6.84092e-12 2.7506e-11 1.05319e-10 3.83878e-10 1.33144e-09 4.39252e-09 1.37777e-08 4.10687e-08 1.16283e-07 3.12603e-07 7.97527e-07 1.93016e-06 4.42985e-06 9.63878e-06 1.98815e-05 3.88793e-05 7.21111e-05 0.000126953 0.000212429 0.000338507 0.000515124 0.000751378 0.00105544 0.00143561 0.0019023 0.00247024 0.00315983 0.00399655 0.00500865 0.00622358 0.00766463 0.00934902 0.0112876 0.0134862 0.0159471 0.0186701 0.0216527 0.0248887 0.0283662 0.0320664 0.0359628 0.0400212 0.0442012 0.0484581 0.052745 0.0570149 0.0612219 0.0653223 0.0692758 0.0730451 0.0765969 0.0799019 0.0829353 0.0856771 0.0881125 0.0902318 0.0920307 0.09351 0.0946751 0.095536 0.096106 0.0964017 0.0964417 0.0962467 0.0958381 0.095238 0.0944689 0.0935526 0.092511 0.0913646 0.0901337 0.088837 0.0874925 0.0861168 0.0847255 0.083333 0.0819526 0.0805963 0.0792752 0.0779993 0.0767774 0.0756178 0.0745275 0.0735129 0.0725796 0.0717325 0.0709759 0.0703132 0.0697475 0.0692814 0.0689169 0.0686554 0.0684981 0.0684456 0.0684981 0.0686554 0.0689169 0.0692814 0.0697475 0.0703132 0.0709759 0.0717325 0.0725796 0.0735129 0.0745275 0.0756178 0.0767774 0.0779993 0.0792752 0.0805963 0.0819526 0.083333 0.0847255 0.0861168 0.0874925 0.088837 0.0901337 0.0913646 0.092511 0.0935526 0.0944689 0.095238 0.0958381 0.0962467 0.0964417 0.0964017 0.096106 0.095536 0.0946751 0.09351 0.0920307 0.0902318 0.0881125 0.0856771 0.0829353 0.0799019 0.0765969 0.0730451 0.0692758 0.0653223 0.0612219 0.0570149 0.052745 0.0484581 0.0442012 0.0400212 0.0359628 0.0320664 0.0283662 0.0248887 0.0216527 0.0186701 0.0159471 0.0134862 0.0112876 0.00934902 0.00766463 0.00622358 0.00500865 0.00399655 0.00315983 0.00247024 0.0019023 0.00143561 0.00105544 0.000751378 0.000515124 0.000338507 0.000212429 0.000126953 7.21111e-05 3.88793e-05 1.98815e-05 9.63878e-06 4.42985e-06 1.93016e-06 7.97527e-07 3.12603e-07 1.16283e-07 4.10687e-08 1.37777e-08 4.39252e-09 1.33144e-09 3.83878e-10 1.05319e-10 2.7506e-11 6.84092e-12 1.62071e-12 3.65871e-13 7.87199e-14 1.61409e-14 3.12388e-15 4.00458e-16 
0 2.82471e-15 1.50613e-14 7.42355e-14 3.48466e-13 1.55892e-12 6.64512e-12 2.69811e-11 1.04315e-10 3.83878e-10 1.34406e-09 4.47537e-09 1.41648e-08 4.25938e-08 1.21621e-07 3.29584e-07 8.47212e-07 2.06477e-06 4.76884e-06 1.04343e-05 2.16237e-05 4.24439e-05 7.89311e-05 0.000139168 0.000232942 0.000370888 0.000563378 0.000819694 0.00114818 0.00155777 0.00206049 0.00267398 0.00342242 0.00433516 0.0054432 0.00677488 0.00835259 0.0101915 0.0123007 0.0146851 0.0173472 0.0202878 0.0235042 0.026988 0.0307232 0.0346847 0.0388379 0.0431411 0.0475469 0.0520052 0.0564652 0.0608773 0.0651937 0.0693691 0.0733614 0.077132 0.0806463 0.0838743 0.0867916 0.0893796 0.0916262 0.0935257 0.0950784 0.0962906 0.0971733 0.0977419 0.0980152 0.0980142 0.097762 0.0972823 0.0965997 0.0957385 0.0947227 0.0935754 0.0923189 0.0909745 0.089562 0.0881001 0.086606 0.0850955 0.0835831 0.0820821 0.0806043 0.0791604 0.07776 0.0764114 0.0751222 0.073899 0.0727475 0.0716728 0.0706791 0.0697703 0.0689495 0.0682195 0.0675825 0.0670406 0.0665951 0.0662474 0.0659984 0.0658488 0.0657988 0.0658488 0.0659984 0.0662474 0.0665951 0.0670406 0.0675825 0.0682195 0.0689495 0.0697703 0.0706791 0.0716728 0.0727475 0.073899 0.0751222 0.0764114 0.07776 0.0791604 0.0806043 0.0820821 0.0835831 0.0850955 0.086606 0.0881001 0.089562 0.0909745 0.0923189 0.0935754 0.0947227 0.0957385 0.0965997 0.0972823 0.097762 0.0980142 0.0980152 0.0977419 0.0971733 0.0962906 0.0950784 0.0935257 0.0916262 0.0893796 0.0867916 0.0838743 0.0806463 0.077132 0.0733614 0.0693691 0.0651937 0.0608773 0.0564652 0.0520052 0.0475469 0.0431411 0.0388379 0.0346847 0.0307232 0.026988 0.0235042 0.0202878 0.0173472 0.0146851 0.0123007 0.0101915 0.00835259 0.00677488 0.0054432 0.00433516 0.00342242 0.00267398 0.00206049 0.00155777 0.00114818 0.000819694 0.000563378 0.000370888 0.000232942 0.000139168 7.89311e-05 4.24439e-05 2.16237e-05 1.04343e-05 4.76884e-06 2.06477e-06 8.47212e-07 3.29584e-07 1.21621e-07 4.25938e-08 1.41648e-08 4.47537e-09 1.34406e-09 3.83878e-10 1.04315e-10 2.69811e-11 6.64512e-12 1.55892e-12 3.48461e-13 7.42079e-14 1.49083e-14 2.01761e-15 
0 1.33214e-14 6.85699e-14 3.25462e-13 1.47061e-12 6.33112e-12 2.59611e-11 1.0136e-10 3.76644e-10 1.33144e-09 4.47537e-09 1.42963e-08 4.33773e-08 1.24939e-07 3.41407e-07 8.84556e-07 2.17173e-06 5.04989e-06 1.11162e-05 2.31575e-05 4.56496e-05 8.51685e-05 0.000150484 0.000252123 0.000401359 0.000608953 0.000884351 0.00123611 0.00167397 0.00221189 0.00287074 0.00367872 0.00466886 0.00587431 0.00732346 0.00903706 0.0110283 0.0133049 0.0158721 0.0187337 0.0218911 0.0253403 0.0290694 0.0330556 0.0372655 0.0416563 0.0461786 0.0507793 0.0554041 0.0599993 0.0645126 0.068894 0.0730957 0.077073 0.0807852 0.0841968 0.0872783 0.0900073 0.092369 0.094356 0.0959686 0.0972134 0.0981028 0.0986539 0.0988875 0.0988269 0.0984975 0.0979256 0.097138 0.0961616 0.0950225 0.0937463 0.0923575 0.0908789 0.0893324 0.0877377 0.0861133 0.0844756 0.0828398 0.0812189 0.0796249 0.0780679 0.076557 0.0750997 0.0737028 0.0723719 0.0711117 0.0699263 0.068819 0.0677926 0.0668496 0.0659918 0.0652208 0.064538 0.0639444 0.0634408 0.0630279 0.0627062 0.0624762 0.0623381 0.0622921 0.0623381 0.0624762 0.0627062 0.0630279 0.0634408 0.0639444 0.064538 0.0652208 0.0659918 0.0668496 0.0677926 0.068819 0.0699263 0.0711117 0.0723719 0.0737028 0.0750997 0.076557 0.0780679 0.0796249 0.0812189 0.0828398 0.0844756 0.0861133 0.0877377 0.0893324 0.0908789 0.0923575 0.0937463 0.0950225 0.0961616 0.097138 0.0979256 0.0984975 0.0988269 0.0988875 0.0986539 0.0981028 0.0972134 0.0959686 0.094356 0.092369 0.0900073 0.0872783 0.0841968 0.0807852 0.077073 0.0730957 0.068894 0.0645126 0.0599993 0.0554041 0.0507793 0.0461786 0.0416563 0.0372655 0.0330556 0.0290694 0.0253403 0.0218911 0.0187337 0.0158721 0.0133049 0.0110283 0.00903706 0.00732346 0.00587431 0.00466886 0.00367872 0.00287074 0.00221189 0.00167397 0.00123611 0.000884351 0.000608953 0.000401359 0.000252123 0.000150484 8.51685e-05 4.56496e-05 2.31575e-05 1.11162e-05 5.04989e-06 2.17173e-06 8.84556e-07 3.41407e-07 1.24939e-07 4.33773e-08 1.42963e-08 4.47537e-09 1.33144e-09 3.76644e-10 1.0136e-10 2.59611e-11 6.33112e-12 1.47059e-12 3.25328e-13 6.78542e-14 9.69952e-15 
0 5.99065e-14 2.977e-13 1.3605e-12 5.91619e-12 2.45027e-11 9.66192e-11 3.62581e-10 1.29429e-09 4.39252e-09 1.41648e-08 4.33773e-08 1.26065e-07 3.47475e-07 9.07736e-07 2.24604e-06 5.26048e-06 1.16558e-05 2.44222e-05 4.83784e-05 9.06109e-05 0.000160549 0.000269431 0.00042914 0.000650808 0.000944039 0.00131767 0.00178238 0.00235435 0.00305795 0.00392546 0.00499329 0.00629606 0.00786142 0.00970812 0.0118476 0.0142875 0.0170345 0.0200938 0.023467 0.0271473 0.0311166 0.035344 0.0397871 0.0443951 0.0491124 0.0538816 0.058645 0.0633457 0.0679282 0.0723384 0.0765246 0.0804392 0.0840399 0.0872914 0.0901668 0.0926482 0.0947266 0.0964014 0.0976798 0.098575 0.0991056 0.0992942 0.0991664 0.0987496 0.098073 0.0971661 0.0960587 0.09478 0.0933585 0.0918214 0.0901943 0.0885011 0.0867636 0.0850016 0.0832325 0.0814721 0.0797338 0.0780291 0.076368 0.0747586 0.0732079 0.0717214 0.0703037 0.0689584 0.0676883 0.0664957 0.0653823 0.0643492 0.0633975 0.0625277 0.0617404 0.0610357 0.0604139 0.059875 0.0594191 0.0590462 0.0587561 0.058549 0.0584247 0.0583833 0.0584247 0.058549 0.0587561 0.0590462 0.0594191 0.059875 0.0604139 0.0610357 0.0617404 0.0625277 0.0633975 0.0643492 0.0653823 0.0664957 0.0676883 0.0689584 0.0703037 0.0717214 0.0732079 0.0747586 0.076368 0.0780291 0.0797338 0.0814721 0.0832325 0.0850016 0.0867636 0.0885011 0.0901943 0.0918214 0.0933585 0.09478 0.0960587 0.0971661 0.098073 0.0987496 0.0991664 0.0992942 0.0991056 0.098575 0.0976798 0.0964014 0.0947266 0.0926482 0.0901668 0.0872914 0.0840399 0.0804392 0.0765246 0.0723384 0.0679282 0.0633457 0.058645 0.0538816 0.0491124 0.0443951 0.0397871 0.035344 0.0311166 0.0271473 0.023467 0.0200938 0.0170345 0.0142875 0.0118476 0.00970812 0.00786142 0.00629606 0.00499329 0.00392546 0.00305795 0.00235435 0.00178238 0.00131767 0.000944039 0.000650808 0.00042914 0.000269431 0.000160549 9.06109e-05 4.83784e-05 2.44222e-05 1.16558e-05 5.26048e-06 2.24604e-06 9.07736e-07 3.47475e-07 1.26065e-07 4.33773e-08 1.41648e-08 4.39252e-09 1.29429e-09 3.62581e-10 9.66192e-11 2.45026e-11 5.91607e-12 1.35988e-12 2.94523e-13 4.44939e-14 
0 2.56875e-13 1.23244e-12 5.42192e-12 2.26841e-11 9.03508e-11 3.4246e-10 1.23464e-09 4.23137e-09 1.37777e-08 4.25938e-08 1.24939e-07 3.47475e-07 9.15595e-07 2.28413e-06 5.39093e-06 1.20296e-05 2.53659e-05 5.05257e-05 9.50662e-05 0.000169037 0.00028436 0.00045351 0.000687983 0.000997558 0.0013914 0.0018813 0.00248582 0.003233 0.00415918 0.00530374 0.00670209 0.00838056 0.0103558 0.0126384 0.0152369 0.0181602 0.0214152 0.0250021 0.0289093 0.0331107 0.0375661 0.0422249 0.0470298 0.0519207 0.0568366 0.0617162 0.0664983 0.071122 0.0755281 0.0796606 0.0834692 0.086912 0.0899563 0.0925802 0.0947721 0.0965298 0.0978599 0.0987761 0.0992977 0.0994487 0.0992567 0.0987518 0.0979662 0.0969329 0.0956855 0.0942571 0.09268 0.090985 0.0892008 0.087354 0.0854686 0.0835659 0.0816645 0.0797806 0.0779278 0.0761175 0.0743592 0.0726602 0.0710267 0.0694632 0.0679732 0.0665592 0.065223 0.0639655 0.0627875 0.0616889 0.0606698 0.0597297 0.0588681 0.0580845 0.0573781 0.0567482 0.0561942 0.0557155 0.0553115 0.0549817 0.0547256 0.0545429 0.0544334 0.0543969 0.0544334 0.0545429 0.0547256 0.0549817 0.0553115 0.0557155 0.0561942 0.0567482 0.0573781 0.0580845 0.0588681 0.0597297 0.0606698 0.0616889 0.0627875 0.0639655 0.065223 0.0665592 0.0679732 0.0694632 0.0710267 0.0726602 0.0743592 0.0761175 0.0779278 0.0797806 0.0816645 0.0835659 0.0854686 0.087354 0.0892008 0.090985 0.09268 0.0942571 0.0956855 0.0969329 0.0979662 0.0987518 0.0992567 0.0994487 0.0992977 0.0987761 0.0978599 0.0965298 0.0947721 0.0925802 0.0899563 0.086912 0.0834692 0.0796606 0.0755281 0.071122 0.0664983 0.0617162 0.0568366 0.0519207 0.0470298 0.0422249 0.0375661 0.0331107 0.0289093 0.0250021 0.0214152 0.0181602 0.0152369 0.0126384 0.0103558 0.00838056 0.00670209 0.00530374 0.00415918 0.003233 0.00248582 0.0018813 0.0013914 0.000997558 0.000687983 0.00045351 0.00028436 0.000169037 9.50662e-05 5.05257e-05 2.53659e-05 1.20296e-05 5.39093e-06 2.28413e-06 9.15595e-07 3.47475e-07 1.24939e-07 4.25938e-08 1.37777e-08 4.23137e-09 1.23464e-09 3.4246e-10 9.03507e-11 2.26836e-11 5.41919e-12 1.21906e-12 1.94752e-13 
0 1.05018e-12 4.86464e-12 2.05972e-11 8.28823e-11 3.1735e-10 1.15569e-09 4.00059e-09 1.31556e-08 4.10687e-08 1.21621e-07 3.41407e-07 9.07736e-07 2.28413e-06 5.43511e-06 1.22208e-05 2.59488e-05 5.20072e-05 9.83725e-05 0.000175668 0.000296468 0.000473829 0.000719625 0.00104384 0.00145604 0.00196918 0.00260435 0.00339331 0.00437633 0.00559534 0.00708594 0.00887276 0.0109707 0.0133902 0.0161423 0.0192384 0.0226862 0.0264829 0.0306097 0.0350316 0.0396996 0.0445563 0.0495397 0.0545862 0.059631 0.0646077 0.0694488 0.0740867 0.0784565 0.0824989 0.0861636 0.0894113 0.0922143 0.094557 0.0964345 0.0978512 0.0988197 0.0993593 0.0994947 0.0992552 0.0986739 0.0977864 0.0966301 0.0952431 0.0936635 0.0919281 0.0900719 0.0881272 0.0861237 0.0840876 0.0820419 0.0800064 0.077998 0.0760304 0.074115 0.0722608 0.0704749 0.0687626 0.0671277 0.0655728 0.0640994 0.0627083 0.0613995 0.0601725 0.0590265 0.0579602 0.0569723 0.0560611 0.0552252 0.0544629 0.0537726 0.053153 0.0526024 0.0521198 0.0517039 0.0513537 0.0510684 0.0508472 0.0506896 0.0505952 0.0505638 0.0505952 0.0506896 0.0508472 0.0510684 0.0513537 0.0517039 0.0521198 0.0526024 0.053153 0.0537726 0.0544629 0.0552252 0.0560611 0.0569723 0.0579602 0.0590265 0.0601725 0.0613995 0.0627083 0.0640994 0.0655728 0.0671277 0.0687626 0.0704749 0.0722608 0.074115 0.0760304 0.077998 0.0800064 0.0820419 0.0840876 0.0861237 0.0881272 0.0900719 0.0919281 0.0936635 0.0952431 0.0966301 0.0977864 0.0986739 0.0992552 0.0994947 0.0993593 0.0988197 0.0978512 0.0964345 0.094557 0.0922143 0.0894113 0.0861636 0.0824989 0.0784565 0.0740867 0.0694488 0.0646077 0.059631 0.0545862 0.0495397 0.0445563 0.0396996 0.0350316 0.0306097 0.0264829 0.0226862 0.0192384 0.0161423 0.0133902 0.0109707 0.00887276 0.00708594 0.00559534 0.00437633 0.00339331 0.00260435 0.00196918 0.00145604 0.00104384 0.000719625 0.000473829 0.000296468 0.000175668 9.83725e-05 5.20072e-05 2.59488e-05 1.22208e-05 5.43511e-06 2.28413e-06 9.07736e-07 3.41407e-07 1.21621e-07 4.10687e-08 1.31556e-08 4.00059e-09 1.15569e-09 3.17349e-10 8.288e-11 2.05859e-11 4.81134e-12 8.13366e-13 
0 4.09318e-12 1.83059e-11 7.45766e-11 2.88522e-10 1.06153e-09 3.71223e-09 1.23314e-08 3.8882e-08 1.16283e-07 3.29584e-07 8.84556e-07 2.24604e-06 5.39093e-06 1.22208e-05 2.6146e-05 5.27633e-05 0.000100407 0.000180219 0.00030539 0.00048956 0.000745012 0.00108199 0.00151047 0.00204464 0.00270813 0.00353638 0.00457336 0.0058632 0.00744124 0.00933028 0.011544 0.0140938 0.016994 0.0202587 0.023895 0.027895 0.0322315 0.0368601 0.0417246 0.0467627 0.0519092 0.0570969 0.0622554 0.0673111 0.0721884 0.0768128 0.0811152 0.0850357 0.0885265 0.091553 0.0940936 0.0961388 0.0976891 0.0987546 0.0993528 0.0995085 0.0992523 0.09862 0.0976511 0.096388 0.0948741 0.0931526 0.0912655 0.0892523 0.0871493 0.0849893 0.082801 0.0806094 0.0784359 0.0762982 0.0742108 0.0721856 0.0702316 0.0683559 0.0665635 0.0648576 0.0632404 0.0617124 0.0602735 0.0589229 0.0576587 0.0564792 0.0553819 0.0543643 0.0534237 0.0525576 0.0517633 0.0510383 0.0503802 0.0497867 0.0492559 0.0487858 0.0483749 0.0480217 0.0477249 0.0474835 0.0472966 0.0471635 0.0470839 0.0470574 0.0470839 0.0471635 0.0472966 0.0474835 0.0477249 0.0480217 0.0483749 0.0487858 0.0492559 0.0497867 0.0503802 0.0510383 0.0517633 0.0525576 0.0534237 0.0543643 0.0553819 0.0564792 0.0576587 0.0589229 0.0602735 0.0617124 0.0632404 0.0648576 0.0665635 0.0683559 0.0702316 0.0721856 0.0742108 0.0762982 0.0784359 0.0806094 0.082801 0.0849893 0.0871493 0.0892523 0.0912655 0.0931526 0.0948741 0.096388 0.0976511 0.09862 0.0992523 0.0995085 0.0993528 0.0987546 0.0976891 0.0961388 0.0940936 0.091553 0.0885265 0.0850357 0.0811152 0.0768128 0.0721884 0.0673111 0.0622554 0.0570969 0.0519092 0.0467627 0.0417246 0.0368601 0.0322315 0.027895 0.023895 0.0202587 0.016994 0.0140938 0.011544 0.00933028 0.00744124 0.0058632 0.00457336 0.00353638 0.00270813 0.00204464 0.00151047 0.00108199 0.000745012 0.00048956 0.00030539 0.000180219 0.000100407 5.27633e-05 2.6146e-05 1.22208e-05 5.39093e-06 2.24604e-06 8.84556e-07 3.29584e-07 1.16283e-07 3.8882e-08 1.23314e-08 3.71223e-09 1.06152e-09 2.88513e-10 7.45317e-11 1.8105e-11 3.24112e-12 
0 1.52079e-11 6.56652e-11 2.57317e-10 9.5673e-10 3.38067e-09 1.13465e-08 3.6145e-08 1.09198e-07 3.12603e-07 8.47212e-07 2.17173e-06 5.26048e-06 1.20296e-05 2.59488e-05 5.27633e-05 0.000101094 0.000182534 0.000310855 0.000500285 0.000763567 0.00111125 0.00155378 0.00210652 0.00279553 0.00365981 0.00474684 0.00610262 0.00776202 0.00974608 0.0120678 0.0147409 0.0177832 0.0212113 0.02503 0.0292244 0.0337581 0.0385786 0.0436245 0.0488303 0.0541278 0.0594445 0.0647021 0.0698179 0.0747079 0.0792922 0.0835004 0.0872746 0.0905716 0.0933618 0.095629 0.0973681 0.0985843 0.0992922 0.0995153 0.099285 0.0986394 0.0976223 0.0962807 0.0946638 0.0928202 0.0907969 0.0886381 0.0863841 0.0840712 0.081731 0.0793911 0.0770749 0.074802 0.0725885 0.0704471 0.0683879 0.0664181 0.0645428 0.0627652 0.0610865 0.0595069 0.0580249 0.0566387 0.0553454 0.0541417 0.0530241 0.0519888 0.0510321 0.0501502 0.0493396 0.0485968 0.0479185 0.0473018 0.046744 0.0462425 0.0457952 0.0454 0.0450551 0.0447592 0.044511 0.0443092 0.0441532 0.0440422 0.0439758 0.0439537 0.0439758 0.0440422 0.0441532 0.0443092 0.044511 0.0447592 0.0450551 0.0454 0.0457952 0.0462425 0.046744 0.0473018 0.0479185 0.0485968 0.0493396 0.0501502 0.0510321 0.0519888 0.0530241 0.0541417 0.0553454 0.0566387 0.0580249 0.0595069 0.0610865 0.0627652 0.0645428 0.0664181 0.0683879 0.0704471 0.0725885 0.074802 0.0770749 0.0793911 0.081731 0.0840712 0.0863841 0.0886381 0.0907969 0.0928202 0.0946638 0.0962807 0.0976223 0.0986394 0.099285 0.0995153 0.0992922 0.0985843 0.0973681 0.095629 0.0933618 0.0905716 0.0872746 0.0835004 0.0792922 0.0747079 0.0698179 0.0647021 0.0594445 0.0541278 0.0488303 0.0436245 0.0385786 0.0337581 0.0292244 0.02503 0.0212113 0.0177832 0.0147409 0.0120678 0.00974608 0.00776202 0.00610262 0.00474684 0.00365981 0.00279553 0.00210652 0.00155378 0.00111125 0.000763567 0.000500285 0.000310855 0.000182534 0.000101094 5.27633e-05 2.59488e-05 1.20296e-05 5.26048e-06 2.17173e-06 8.47212e-07 3.12603e-07 1.09198e-07 3.6145e-08 1.13465e-08 3.38066e-09 9.56693e-10 2.5715e-10 6.49507e-11 1.23222e-11 
0 5.38571e-11 2.24508e-10 8.45941e-10 3.0214e-09 1.02483e-08 3.2991e-08 1.00714e-07 2.91301e-07 7.97527e-07 2.06477e-06 5.04989e-06 1.16558e-05 2.53659e-05 5.20072e-05 0.000100407 0.000182534 0.000312695 0.00050572 0.00077487 0.00113107 0.00158523 0.00215381 0.00286511 0.00376144 0.0048936 0.00630931 0.00804289 0.0101139 0.0125354 0.0153241 0.0185018 0.0220866 0.0260795 0.0304571 0.0351744 0.0401725 0.0453867 0.0507495 0.0561882 0.0616225 0.0669642 0.0721205 0.0770007 0.0815226 0.0856169 0.0892299 0.0923223 0.0948689 0.0968566 0.0982839 0.0991605 0.0995071 0.0993549 0.098744 0.0977217 0.09634 0.094653 0.0927148 0.0905774 0.0882895 0.0858958 0.0834365 0.080947 0.0784582 0.0759968 0.0735849 0.0712409 0.0689793 0.0668113 0.064745 0.0627854 0.0609353 0.0591954 0.0575648 0.0560411 0.0546211 0.0533006 0.0520751 0.05094 0.0498904 0.0489215 0.0480287 0.0472074 0.0464535 0.0457631 0.0451326 0.0445586 0.0440382 0.0435685 0.0431473 0.0427722 0.0424415 0.0421533 0.0419064 0.0416994 0.0415315 0.0414016 0.0413093 0.0412541 0.0412358 0.0412541 0.0413093 0.0414016 0.0415315 0.0416994 0.0419064 0.0421533 0.0424415 0.0427722 0.0431473 0.0435685 0.0440382 0.0445586 0.0451326 0.0457631 0.0464535 0.0472074 0.0480287 0.0489215 0.0498904 0.05094 0.0520751 0.0533006 0.0546211 0.0560411 0.0575648 0.0591954 0.0609353 0.0627854 0.064745 0.0668113 0.0689793 0.0712409 0.0735849 0.0759968 0.0784582 0.080947 0.0834365 0.0858958 0.0882895 0.0905774 0.0927148 0.094653 0.09634 0.0977217 0.098744 0.0993549 0.0995071 0.0991605 0.0982839 0.0968566 0.0948689 0.0923223 0.0892299 0.0856169 0.0815226 0.0770007 0.0721205 0.0669642 0.0616225 0.0561882 0.0507495 0.0453867 0.0401725 0.0351744 0.0304571 0.0260795 0.0220866 0.0185018 0.0153241 0.0125354 0.0101139 0.00804289 0.00630931 0.0048936 0.00376144 0.00286511 0.00215381 0.00158523 0.00113107 0.00077487 0.00050572 0.000312695 0.000182534 0.000100407 5.20072e-05 2.53659e-05 1.16558e-05 5.04989e-06 2.06477e-06 7.97527e-07 2.91301e-07 1.00714e-07 3.2991e-08 1.02482e-08 3.02126e-09 8.45354e-10 2.22116e-10 4.46938e-11 
0 1.81775e-10 7.31519e-10 2.64944e-09 9.08559e-09 2.95646e-08 9.12255e-08 2.66679e-07 7.37845e-07 1.93016e-06 4.76884e-06 1.11162e-05 2.44222e-05 5.05257e-05 9.83725e-05 0.000180219 0.000310855 0.00050572 0.000778665 0.00114108 0.00160432 0.00218577 0.00291569 0.00383941 0.00501085 0.00647945 0.00827915 0.0104284 0.0129409 0.0158369 0.0191423 0.0228756 0.0270324 0.0315807 0.0364675 0.0416301 0.0470022 0.0525135 0.0580845 0.0636247 0.0690346 0.0742128 0.0790648 0.0835087 0.0874784 0.0909233 0.0938069 0.0961057 0.097809 0.0989196 0.0994536 0.0994403 0.0989208 0.0979452 0.0965695 0.0948525 0.0928531 0.0906282 0.0882313 0.0857121 0.0831155 0.0804818 0.0778463 0.0752398 0.0726882 0.0702126 0.0678296 0.0655518 0.0633876 0.0613423 0.059418 0.0576147 0.0559303 0.0543615 0.0529038 0.0515521 0.0503009 0.0491445 0.0480773 0.0470937 0.0461884 0.0453562 0.0445923 0.0438923 0.0432519 0.0426673 0.0421351 0.0416519 0.0412149 0.0408216 0.0404696 0.0401567 0.0398814 0.0396419 0.0394369 0.0392653 0.0391261 0.0390186 0.0389423 0.0388966 0.0388814 0.0388966 0.0389423 0.0390186 0.0391261 0.0392653 0.0394369 0.0396419 0.0398814 0.0401567 0.0404696 0.0408216 0.0412149 0.0416519 0.0421351 0.0426673 0.0432519 0.0438923 0.0445923 0.0453562 0.0461884 0.0470937 0.0480773 0.0491445 0.0503009 0.0515521 0.0529038 0.0543615 0.0559303 0.0576147 0.059418 0.0613423 0.0633876 0.0655518 0.0678296 0.0702126 0.0726882 0.0752398 0.0778463 0.0804818 0.0831155 0.0857121 0.0882313 0.0906282 0.0928531 0.0948525 0.0965695 0.0979452 0.0989208 0.0994403 0.0994536 0.0989196 0.097809 0.0961057 0.0938069 0.0909233 0.0874784 0.0835087 0.0790648 0.0742128 0.0690346 0.0636247 0.0580845 0.0525135 0.0470022 0.0416301 0.0364675 0.0315807 0.0270324 0.0228756 0.0191423 0.0158369 0.0129409 0.0104284 0.00827915 0.00647945 0.00501085 0.00383941 0.00291569 0.00218577 0.00160432 0.00114108 0.000778665 0.00050572 0.000310855 0.000180219 9.83725e-05 5.05257e-05 2.44222e-05 1.11162e-05 4.76884e-06 1.93016e-06 7.37845e-07 2.66679e-07 9.12254e-08 2.95645e-08 9.08511e-09 2.64749e-09 7.24017e-10 1.5465e-10 
