0 0 0 0 0 0 0 0 0 0 0 0 0 0 0 0 0 0 0 0 0 0 0 0 0 0 0 0 0 0 0 0 0 0 0 0 0 0 0 0 0 0 0 0 0 0 0 0 0 0 0 0 0 0 0 0 0 0 0 0 0 0 0 0 0 0 0 0 0 0 0 0 0 0 0 0 0 0 0 0 0 0 0 0 0 0 0 0 0 0 0 0 0 0 0 0 0 0 0 0 0 0 0 0 0 0 0 0 0 0 0 0 0 0 0 0 0 0 0 0 0 0 0 0 0 0 0 0 0 0 0 0 0 0 0 0 0 0 0 0 0 0 0 0 0 0 0 0 0 0 0 0 0 0 0 0 0 0 0 0 0 0 0 0 0 0 0 0 0 0 0 0 0 0 0 0 0 0 0 0 0 0 0 0 0 0 0 0 0 0 0 0 0 0 0 0 0 0 0 0 
0 2.98408e-05 6.74879e-05 0.000120403 0.000195058 0.000296008 0.000425183 0.000582282 0.000767009 0.000982873 0.00124077 0.00155956 0.00196156 0.00246394 0.00307046 0.00376935 0.00453962 0.00536233 0.0062288 0.0071393 0.00809273 0.00907456 0.0100518 0.010978 0.0118057 0.0124968 0.0130268 0.0133815 0.0135498 0.0135185 0.0132723 0.012798 0.0120913 0.0111609 0.0100294 0.00872954 0.00729952 0.00577763 0.00419931 0.00259638 0.000997838 -0.000568779 -0.00207661 -0.00349974 -0.00481442 -0.0060008 -0.00704446 -0.00793731 -0.00867764 -0.00926929 -0.0097204 -0.0100419 -0.010246 -0.0103455 -0.0103527 -0.0102794 -0.0101366 -0.00993491 -0.00968446 -0.00939493 -0.0090756 -0.00873525 -0.00838195 -0.00802296 -0.00766458 -0.00731208 -0.00696961 -0.00664033 -0.00632642 -0.00602924 -0.00574948 -0.00548725 -0.00524231 -0.0050141 -0.00480191 -0.00460492 -0.00442229 -0.00425319 -0.00409678 -0.00395231 -0.00381906 -0.00369635 -0.00358355 -0.00348009 -0.00338541 -0.00329902 -0.00322044 -0.00314922 -0.00308494 -0.00302724 -0.00297574 -0.00293013 -0.00289011 -0.00285542 -0.00282582 -0.00280112 -0.00278114 -0.00276575 -0.00275483 -0.00274831 -0.00274614 -0.00274831 -0.00275483 -0.00276575 -0.00278114 -0.00280112 -0.00282582 -0.00285542 -0.00289011 -0.00293013 -0.00297574 -0.00302724 -0.00308494 -0.00314922 -0.00322044 -0.00329902 -0.00338541 -0.00348009 -0.00358355 -0.00369635 -0.00381906 -0.00395231 -0.00409678 -0.00425319 -0.00442229 -0.00460492 -0.00480191 -0.0050141 -0.00524231 -0.00548725 -0.00574948 -0.00602924 -0.00632642 -0.00664033 -0.00696961 -0.00731208 -0.00766458 -0.00802296 -0.00838195 -0.00873525 -0.0090756 -0.00939493 -0.00968446 -0.00993491 -0.0101366 -0.0102794 -0.0103527 -0.0103455 -0.010246 -0.0100419 -0.0097204 -0.00926929 -0.00867764 -0.00793731 -0.00704446 -0.0060008 -0.00481442 -0.00349974 -0.00207661 -0.000568779 0.000997838 0.00259638 0.00419931 0.00577763 0.00729952 0.00872954 0.0100294 0.0111609 0.0120913 0.012798 0.0132723 0.0135185 0.0135498 0.0133815 0.0130268 0.0124968 0.0118057 0.010978 0.0100518 0.00907456 0.00809273 0.0071393 0.0062288 0.00536233 0.00453962 0.00376935 0.00307046 0.00246394 0.00196156 0.00155956 0.00124077 0.000982871 0.000767009 0.000582294 0.000425245 0.000296237 0.000195777 0.000122417 7.26376e-05 4.19833e-05 
0 6.74879e-05 0.000150349 0.000262904 0.000417102 0.000621174 0.000879226 0.00119301 0.00156638 0.00201104 0.00255031 0.00321715 0.00404536 0.00505738 0.00625575 0.00762393 0.00913599 0.0107684 0.0125046 0.0143301 0.0162204 0.0181332 0.0200073 0.021771 0.0233527 0.0246882 0.0257238 0.0264148 0.0267236 0.0266197 0.0260823 0.0251032 0.0236902 0.0218676 0.0196752 0.0171647 0.0143966 0.0114366 0.0083527 0.00521245 0.00208138 -0.00097913 -0.0039135 -0.00667352 -0.0092195 -0.011521 -0.0135569 -0.0153152 -0.0167925 -0.0179923 -0.0189249 -0.0196051 -0.020052 -0.0202872 -0.0203341 -0.0202167 -0.0199592 -0.0195851 -0.0191165 -0.018574 -0.0179763 -0.0173399 -0.0166794 -0.0160072 -0.0153336 -0.0146675 -0.0140156 -0.0133834 -0.0127752 -0.0121939 -0.0116416 -0.0111196 -0.0106284 -0.0101681 -0.0097383 -0.00933827 -0.00896702 -0.00862336 -0.008306 -0.00801357 -0.00774467 -0.00749788 -0.00727186 -0.00706526 -0.00687684 -0.00670541 -0.00654986 -0.00640918 -0.00628242 -0.00616873 -0.00606736 -0.0059776 -0.00589885 -0.00583057 -0.0057723 -0.00572365 -0.00568428 -0.00565393 -0.0056324 -0.00561954 -0.00561526 -0.00561954 -0.0056324 -0.00565393 -0.00568428 -0.00572365 -0.0057723 -0.00583057 -0.00589885 -0.0059776 -0.00606736 -0.00616873 -0.00628242 -0.00640918 -0.00654986 -0.00670541 -0.00687684 -0.00706526 -0.00727186 -0.00749788 -0.00774467 -0.00801357 -0.008306 -0.00862336 -0.00896702 -0.00933827 -0.0097383 -0.0101681 -0.0106284 -0.0111196 -0.0116416 -0.0121939 -0.0127752 -0.0133834 -0.0140156 -0.0146675 -0.0153336 -0.0160072 -0.0166794 -0.0173399 -0.0179763 -0.018574 -0.0191165 -0.0195851 -0.0199592 -0.0202167 -0.0203341 -0.0202872 -0.020052 -0.0196051 -0.0189249 -0.0179923 -0.0167925 -0.0153152 -0.0135569 -0.011521 -0.0092195 -0.00667352 -0.0039135 -0.00097913 0.00208138 0.00521245 0.0083527 0.0114366 0.0143966 0.0171647 0.0196752 0.0218676 0.0236902 0.0251032 0.0260823 0.0266197 0.0267236 0.0264148 0.0257238 0.0246882 0.0233527 0.021771 0.0200073 0.0181332 0.0162204 0.0143301 0.0125046 0.0107684 0.00913599 0.00762393 0.00625575 0.00505738 0.00404536 0.00321715 0.00255031 0.00201104 0.00156639 0.00119307 0.000879467 0.000621953 0.000419343 0.000268778 0.000164551 9.938e-05 
0 0.000120403 0.000262904 0.000447453 0.000690018 0.00100184 0.0013908 0.00186549 0.00244075 0.00314183 0.00400349 0.00506301 0.00634999 0.00787902 0.00964951 0.0116516 0.0138717 0.0162913 0.0188804 0.0215914 0.0243588 0.0271068 0.0297566 0.0322298 0.0344471 0.0363252 0.0377786 0.0387266 0.0391031 0.038865 0.0379953 0.0365009 0.0344082 0.0317576 0.0286017 0.025004 0.0210403 0.0167975 0.0123712 0.00786116 0.00336541 -0.00102546 -0.00523233 -0.00918988 -0.012847 -0.0161659 -0.0191206 -0.0216957 -0.0238848 -0.0256899 -0.0271208 -0.0281944 -0.0289337 -0.0293668 -0.0295253 -0.0294432 -0.0291549 -0.0286943 -0.0280934 -0.0273817 -0.0265854 -0.025728 -0.0248295 -0.0239071 -0.0229753 -0.0220462 -0.0211297 -0.020234 -0.0193656 -0.0185297 -0.01773 -0.0169692 -0.0162493 -0.0155711 -0.0149348 -0.0143401 -0.0137861 -0.0132716 -0.0127952 -0.012355 -0.0119493 -0.0115763 -0.0112339 -0.0109204 -0.0106341 -0.0103731 -0.0101359 -0.00992113 -0.00972731 -0.00955324 -0.00939781 -0.00926003 -0.00913901 -0.00903397 -0.00894425 -0.00886928 -0.00880857 -0.00876174 -0.00872851 -0.00870865 -0.00870204 -0.00870865 -0.00872851 -0.00876174 -0.00880857 -0.00886928 -0.00894425 -0.00903397 -0.00913901 -0.00926003 -0.00939781 -0.00955324 -0.00972731 -0.00992113 -0.0101359 -0.0103731 -0.0106341 -0.0109204 -0.0112339 -0.0115763 -0.0119493 -0.012355 -0.0127952 -0.0132716 -0.0137861 -0.0143401 -0.0149348 -0.0155711 -0.0162493 -0.0169692 -0.01773 -0.0185297 -0.0193656 -0.020234 -0.0211297 -0.0220462 -0.0229753 -0.0239071 -0.0248295 -0.025728 -0.0265854 -0.0273817 -0.0280934 -0.0286943 -0.0291549 -0.0294432 -0.0295253 -0.0293668 -0.0289337 -0.0281944 -0.0271208 -0.0256899 -0.0238848 -0.0216957 -0.0191206 -0.0161659 -0.012847 -0.00918988 -0.00523233 -0.00102546 0.00336541 0.00786116 0.0123712 0.0167975 0.0210403 0.025004 0.0286017 0.0317576 0.0344082 0.0365009 0.0379953 0.038865 0.0391031 0.0387266 0.0377786 0.0363252 0.0344471 0.0322298 0.0297566 0.0271068 0.0243588 0.0215914 0.0188804 0.0162913 0.0138717 0.0116516 0.00964951 0.00787902 0.00634999 0.00506301 0.00400349 0.00314184 0.00244081 0.00186573 0.00139157 0.00100407 0.000695901 0.000461809 0.000295476 0.00018938 
0 0.000195058 0.000417102 0.000690018 0.00103293 0.00146125 0.00199066 0.00264272 0.00344857 0.00444726 0.00567797 0.00717031 0.0089394 0.0109896 0.0133232 0.0159439 0.0188501 0.0220189 0.0253957 0.0288974 0.0324262 0.0358853 0.0391843 0.0422341 0.0449396 0.047197 0.0489007 0.0499553 0.0502879 0.0498548 0.0486417 0.0466604 0.0439441 0.040544 0.036528 0.0319795 0.0269959 0.0216858 0.0161639 0.0105464 0.00494505 -0.000536515 -0.00580634 -0.0107858 -0.0154107 -0.0196313 -0.023412 -0.0267312 -0.0295798 -0.0319603 -0.0338854 -0.0353761 -0.0364601 -0.03717 -0.0375415 -0.0376122 -0.0374201 -0.0370027 -0.0363962 -0.0356346 -0.0347495 -0.03377 -0.0327219 -0.0316283 -0.0305091 -0.0293814 -0.0282595 -0.0271552 -0.0260779 -0.025035 -0.0240319 -0.0230727 -0.0221599 -0.0212952 -0.0204791 -0.0197116 -0.018992 -0.0183194 -0.0176923 -0.0171091 -0.0165681 -0.0160675 -0.0156053 -0.0151797 -0.0147889 -0.014431 -0.0141044 -0.0138074 -0.0135386 -0.0132964 -0.0130796 -0.012887 -0.0127175 -0.0125702 -0.0124442 -0.0123389 -0.0122535 -0.0121876 -0.0121408 -0.0121128 -0.0121035 -0.0121128 -0.0121408 -0.0121876 -0.0122535 -0.0123389 -0.0124442 -0.0125702 -0.0127175 -0.012887 -0.0130796 -0.0132964 -0.0135386 -0.0138074 -0.0141044 -0.014431 -0.0147889 -0.0151797 -0.0156053 -0.0160675 -0.0165681 -0.0171091 -0.0176923 -0.0183194 -0.018992 -0.0197116 -0.0204791 -0.0212952 -0.0221599 -0.0230727 -0.0240319 -0.025035 -0.0260779 -0.0271552 -0.0282595 -0.0293814 -0.0305091 -0.0316283 -0.0327219 -0.03377 -0.0347495 -0.0356346 -0.0363962 -0.0370027 -0.0374201 -0.0376122 -0.0375415 -0.03717 -0.0364601 -0.0353761 -0.0338854 -0.0319603 -0.0295798 -0.0267312 -0.023412 -0.0196313 -0.0154107 -0.0107858 -0.00580634 -0.000536515 0.00494505 0.0105464 0.0161639 0.0216858 0.0269959 0.0319795 0.036528 0.040544 0.0439441 0.0466604 0.0486417 0.0498548 0.0502879 0.0499553 0.0489007 0.047197 0.0449396 0.0422341 0.0391843 0.0358853 0.0324262 0.0288974 0.0253957 0.0220189 0.0188501 0.0159439 0.0133232 0.0109896 0.0089394 0.00717031 0.00567798 0.00444732 0.00344881 0.00264347 0.00199283 0.001467 0.00104705 0.000722228 0.00048576 0.000332061 
0 0.000296008 0.000621174 0.00100184 0.00146125 0.00202291 0.00271615 0.00357996 0.00466088 0.00600399 0.00764193 0.00958991 0.0118517 0.0144313 0.0173392 0.0205842 0.0241542 0.0280028 0.0320501 0.0361965 0.0403375 0.0443672 0.0481757 0.0516454 0.0546546 0.0570865 0.0588386 0.0598289 0.0599974 0.0593056 0.0577364 0.0552971 0.0520217 0.0479722 0.0432355 0.0379179 0.032138 0.0260186 0.0196825 0.013248 0.00682825 0.000529088 -0.00555185 -0.0113274 -0.0167233 -0.0216801 -0.0261546 -0.0301203 -0.0335659 -0.036494 -0.0389182 -0.0408606 -0.0423497 -0.0434182 -0.0441016 -0.0444369 -0.044462 -0.0442148 -0.0437328 -0.0430525 -0.0422085 -0.0412337 -0.040158 -0.0390087 -0.0378102 -0.0365834 -0.0353464 -0.0341142 -0.0328991 -0.031711 -0.0305576 -0.0294449 -0.028377 -0.027357 -0.0263867 -0.0254673 -0.024599 -0.0237816 -0.0230144 -0.0222964 -0.0216263 -0.0210027 -0.020424 -0.0198885 -0.0193945 -0.0189402 -0.018524 -0.0181443 -0.0177994 -0.0174878 -0.0172082 -0.0169592 -0.0167396 -0.0165484 -0.0163846 -0.0162475 -0.0161362 -0.0160503 -0.0159892 -0.0159527 -0.0159405 -0.0159527 -0.0159892 -0.0160503 -0.0161362 -0.0162475 -0.0163846 -0.0165484 -0.0167396 -0.0169592 -0.0172082 -0.0174878 -0.0177994 -0.0181443 -0.018524 -0.0189402 -0.0193945 -0.0198885 -0.020424 -0.0210027 -0.0216263 -0.0222964 -0.0230144 -0.0237816 -0.024599 -0.0254673 -0.0263867 -0.027357 -0.028377 -0.0294449 -0.0305576 -0.031711 -0.0328991 -0.0341142 -0.0353464 -0.0365834 -0.0378102 -0.0390087 -0.040158 -0.0412337 -0.0422085 -0.0430525 -0.0437328 -0.0442148 -0.044462 -0.0444369 -0.0441016 -0.0434182 -0.0423497 -0.0408606 -0.0389182 -0.036494 -0.0335659 -0.0301203 -0.0261546 -0.0216801 -0.0167233 -0.0113274 -0.00555185 0.000529088 0.00682825 0.013248 0.0196825 0.0260186 0.032138 0.0379179 0.0432355 0.0479722 0.0520217 0.0552971 0.0577364 0.0593056 0.0599974 0.0598289 0.0588386 0.0570865 0.0546546 0.0516454 0.0481757 0.0443672 0.0403375 0.0361965 0.0320501 0.0280028 0.0241542 0.0205842 0.0173392 0.0144313 0.0118517 0.00958993 0.00764199 0.00600421 0.00466159 0.00358204 0.00272169 0.00203657 0.00149262 0.00106912 0.000756254 0.000550375 
0 0.000425183 0.000879226 0.0013908 0.00199066 0.00271615 0.00361467 0.00474125 0.00614894 0.00787675 0.00994406 0.012357 0.0151215 0.0182501 0.0217527 0.0256181 0.029801 0.0342266 0.0388058 0.0434443 0.0480393 0.0524703 0.0565987 0.0602795 0.0633784 0.0657837 0.0674095 0.0681912 0.0680808 0.0670464 0.0650768 0.0621873 0.0584236 0.0538604 0.0485958 0.0427436 0.0364259 0.0297672 0.022891 0.0159174 0.00896082 0.00212866 -0.00448145 -0.0107837 -0.016706 -0.022191 -0.0271961 -0.0316932 -0.0356675 -0.0391157 -0.0420449 -0.0444707 -0.0464158 -0.0479087 -0.0489823 -0.0496722 -0.0500161 -0.0500525 -0.0498192 -0.0493535 -0.0486904 -0.0478632 -0.0469025 -0.0458364 -0.0446901 -0.0434863 -0.042245 -0.0409837 -0.0397175 -0.0384594 -0.0372202 -0.0360088 -0.0348326 -0.0336972 -0.0326069 -0.031565 -0.0305735 -0.0296337 -0.0287462 -0.0279109 -0.0271273 -0.0263944 -0.0257112 -0.0250762 -0.0244881 -0.0239451 -0.0234459 -0.0229887 -0.022572 -0.0221945 -0.0218546 -0.0215512 -0.021283 -0.0210489 -0.0208479 -0.0206793 -0.0205424 -0.0204364 -0.0203611 -0.020316 -0.020301 -0.020316 -0.0203611 -0.0204364 -0.0205424 -0.0206793 -0.0208479 -0.0210489 -0.021283 -0.0215512 -0.0218546 -0.0221945 -0.022572 -0.0229887 -0.0234459 -0.0239451 -0.0244881 -0.0250762 -0.0257112 -0.0263944 -0.0271273 -0.0279109 -0.0287462 -0.0296337 -0.0305735 -0.031565 -0.0326069 -0.0336972 -0.0348326 -0.0360088 -0.0372202 -0.0384594 -0.0397175 -0.0409837 -0.042245 -0.0434863 -0.0446901 -0.0458364 -0.0469025 -0.0478632 -0.0486904 -0.0493535 -0.0498192 -0.0500525 -0.0500161 -0.0496722 -0.0489823 -0.0479087 -0.0464158 -0.0444707 -0.0420449 -0.0391157 -0.0356675 -0.0316932 -0.0271961 -0.022191 -0.016706 -0.0107837 -0.00448145 0.00212866 0.00896082 0.0159174 0.022891 0.0297672 0.0364259 0.0427436 0.0485958 0.0538604 0.0584236 0.0621873 0.0650768 0.0670464 0.0680808 0.0681912 0.0674095 0.0657837 0.0633784 0.0602795 0.0565987 0.0524703 0.0480393 0.0434443 0.0388058 0.0342266 0.029801 0.0256181 0.0217527 0.0182501 0.0151215 0.0123571 0.00994427 0.00787743 0.00615091 0.0047465 0.00362771 0.00274628 0.00205572 0.00152232 0.0011285 0.000868995 
0 0.000582282 0.00119301 0.00186549 0.00264272 0.00357996 0.00474125 0.00618862 0.00796898 0.010108 0.0126172 0.0155073 0.0187955 0.0224939 0.0265885 0.0310286 0.0357362 0.0406256 0.0456119 0.0506011 0.0554752 0.0600916 0.0642981 0.0679518 0.0709315 0.0731389 0.0744963 0.074944 0.0744427 0.0729788 0.0705665 0.0672472 0.063085 0.0581612 0.0525703 0.0464169 0.039814 0.0328809 0.0257394 0.0185097 0.011305 0.00422793 -0.0026323 -0.00920035 -0.0154143 -0.0212243 -0.0265913 -0.0314861 -0.0358891 -0.0397898 -0.0431867 -0.0460873 -0.0485067 -0.0504673 -0.0519966 -0.0531261 -0.0538897 -0.0543225 -0.0544594 -0.0543347 -0.0539812 -0.0534303 -0.0527114 -0.0518522 -0.0508782 -0.049813 -0.0486784 -0.0474938 -0.046277 -0.0450434 -0.0438067 -0.0425787 -0.0413693 -0.0401868 -0.0390379 -0.037928 -0.0368613 -0.0358407 -0.0348686 -0.0339461 -0.0330742 -0.0322529 -0.0314822 -0.0307615 -0.0300901 -0.0294669 -0.0288911 -0.0283613 -0.0278765 -0.0274355 -0.0270372 -0.0266804 -0.0263641 -0.0260874 -0.0258494 -0.0256493 -0.0254865 -0.0253605 -0.0252708 -0.0252171 -0.0251992 -0.0252171 -0.0252708 -0.0253605 -0.0254865 -0.0256493 -0.0258494 -0.0260874 -0.0263641 -0.0266804 -0.0270372 -0.0274355 -0.0278765 -0.0283613 -0.0288911 -0.0294669 -0.0300901 -0.0307615 -0.0314822 -0.0322529 -0.0330742 -0.0339461 -0.0348686 -0.0358407 -0.0368613 -0.037928 -0.0390379 -0.0401868 -0.0413693 -0.0425787 -0.0438067 -0.0450434 -0.046277 -0.0474938 -0.0486784 -0.049813 -0.0508782 -0.0518522 -0.0527114 -0.0534303 -0.0539812 -0.0543347 -0.0544594 -0.0543225 -0.0538897 -0.0531261 -0.0519966 -0.0504673 -0.0485067 -0.0460873 -0.0431867 -0.0397898 -0.0358891 -0.0314861 -0.0265913 -0.0212243 -0.0154143 -0.00920035 -0.0026323 0.00422793 0.011305 0.0185097 0.0257394 0.0328809 0.039814 0.0464169 0.0525703 0.0581612 0.063085 0.0672472 0.0705665 0.0729788 0.0744427 0.074944 0.0744963 0.0731389 0.0709315 0.0679518 0.0642981 0.0600916 0.0554752 0.0506011 0.0456119 0.0406256 0.0357362 0.0310286 0.0265885 0.0224939 0.0187956 0.0155075 0.0126178 0.0101099 0.0079739 0.00620089 0.0047698 0.00364207 0.0027692 0.00210697 0.00162596 0.00131273 
0 0.000767009 0.00156638 0.00244075 0.00344857 0.00466088 0.00614894 0.00796898 0.0101545 0.0127234 0.0156927 0.019086 0.0229203 0.0271826 0.0318185 0.0367454 0.0418758 0.047126 0.0524022 0.0575846 0.0625303 0.0670923 0.0711365 0.0745468 0.0772205 0.0790667 0.08001 0.0800004 0.0790206 0.0770871 0.074244 0.0705538 0.0660905 0.0609361 0.0551799 0.04892 0.0422618 0.0353157 0.0281921 0.0209967 0.0138271 0.00676997 -9.87261e-05 -0.00671383 -0.01302 -0.0189709 -0.0245292 -0.0296661 -0.0343611 -0.038602 -0.0423845 -0.0457108 -0.0485896 -0.0510347 -0.0530639 -0.0546988 -0.0559634 -0.0568841 -0.0574886 -0.0578055 -0.0578639 -0.0576928 -0.0573205 -0.0567744 -0.0560807 -0.0552637 -0.0543462 -0.0533488 -0.0522906 -0.0511883 -0.0500571 -0.0489102 -0.0477594 -0.0466146 -0.0454846 -0.0443768 -0.0432974 -0.0422514 -0.0412431 -0.0402758 -0.0393521 -0.038474 -0.0376428 -0.0368594 -0.0361243 -0.0354376 -0.0347993 -0.034209 -0.0336662 -0.0331703 -0.0327207 -0.0323166 -0.0319574 -0.0316423 -0.0313707 -0.031142 -0.0309556 -0.0308111 -0.0307082 -0.0306465 -0.030626 -0.0306465 -0.0307082 -0.0308111 -0.0309556 -0.031142 -0.0313707 -0.0316423 -0.0319574 -0.0323166 -0.0327207 -0.0331703 -0.0336662 -0.034209 -0.0347993 -0.0354376 -0.0361243 -0.0368594 -0.0376428 -0.038474 -0.0393521 -0.0402758 -0.0412431 -0.0422514 -0.0432974 -0.0443768 -0.0454846 -0.0466146 -0.0477594 -0.0489102 -0.0500571 -0.0511883 -0.0522906 -0.0533488 -0.0543462 -0.0552637 -0.0560807 -0.0567744 -0.0573205 -0.0576928 -0.0578639 -0.0578055 -0.0574886 -0.0568841 -0.0559634 -0.0546988 -0.0530639 -0.0510347 -0.0485896 -0.0457108 -0.0423845 -0.038602 -0.0343611 -0.0296661 -0.0245292 -0.0189709 -0.01302 -0.00671383 -9.87261e-05 0.00676997 0.0138271 0.0209967 0.0281921 0.0353157 0.0422618 0.04892 0.0551799 0.0609361 0.0660905 0.0705538 0.074244 0.0770871 0.0790206 0.0800004 0.08001 0.0790667 0.0772205 0.0745468 0.0711365 0.0670923 0.0625303 0.0575846 0.0524022 0.047126 0.0418758 0.0367454 0.0318185 0.0271826 0.0229205 0.0190866 0.0156944 0.0127279 0.0101659 0.00799567 0.00620746 0.00478102 0.00367981 0.0028586 0.00227658 0.00190585 
0 0.000982873 0.00201104 0.00314183 0.00444726 0.00600399 0.00787675 0.010108 0.0127234 0.0157469 0.019209 0.0231329 0.0275093 0.0322836 0.0373717 0.0426862 0.0481431 0.0536439 0.0590598 0.0642409 0.0690423 0.0733407 0.0770308 0.080015 0.0822016 0.083513 0.0838973 0.0833363 0.0818443 0.0794606 0.0762414 0.0722549 0.0675795 0.0623025 0.0565187 0.0503258 0.0438205 0.0370949 0.0302343 0.0233176 0.0164178 0.00960291 0.00293577 -0.00352644 -0.00973371 -0.0156441 -0.0212243 -0.0264492 -0.0313013 -0.0357687 -0.039845 -0.0435273 -0.0468163 -0.049716 -0.0522334 -0.054379 -0.0561666 -0.0576131 -0.0587382 -0.0595639 -0.0601138 -0.0604126 -0.0604851 -0.0603561 -0.0600496 -0.0595887 -0.0589953 -0.05829 -0.0574917 -0.0566183 -0.0556857 -0.0547088 -0.053701 -0.0526743 -0.0516394 -0.0506059 -0.0495821 -0.0485752 -0.0475915 -0.0466363 -0.0457139 -0.0448282 -0.0439819 -0.0431775 -0.0424167 -0.0417009 -0.0410312 -0.040408 -0.0398319 -0.0393029 -0.038821 -0.0383862 -0.0379983 -0.0376569 -0.0373618 -0.0371127 -0.0369093 -0.0367513 -0.0366387 -0.0365712 -0.0365487 -0.0365712 -0.0366387 -0.0367513 -0.0369093 -0.0371127 -0.0373618 -0.0376569 -0.0379983 -0.0383862 -0.038821 -0.0393029 -0.0398319 -0.040408 -0.0410312 -0.0417009 -0.0424167 -0.0431775 -0.0439819 -0.0448282 -0.0457139 -0.0466363 -0.0475915 -0.0485752 -0.0495821 -0.0506059 -0.0516394 -0.0526743 -0.053701 -0.0547088 -0.0556857 -0.0566183 -0.0574917 -0.05829 -0.0589953 -0.0595887 -0.0600496 -0.0603561 -0.0604851 -0.0604126 -0.0601138 -0.0595639 -0.0587382 -0.0576131 -0.0561666 -0.054379 -0.0522334 -0.049716 -0.0468163 -0.0435273 -0.039845 -0.0357687 -0.0313013 -0.0264492 -0.0212243 -0.0156441 -0.00973371 -0.00352644 0.00293577 0.00960291 0.0164178 0.0233176 0.0302343 0.0370949 0.0438205 0.0503258 0.0565187 0.0623025 0.0675795 0.0722549 0.0762414 0.0794606 0.0818443 0.0833363 0.0838973 0.083513 0.0822016 0.080015 0.0770308 0.0733407 0.0690423 0.0642409 0.0590598 0.0536439 0.0481431 0.0426862 0.0373718 0.0322837 0.0275098 0.0231344 0.0192131 0.0157573 0.012748 0.0101625 0.00798946 0.00622286 0.00484618 0.0038255 0.00311584 0.00267384 
0 0.00124077 0.00255031 0.00400349 0.00567797 0.00764193 0.00994406 0.0126172 0.0156927 0.019209 0.0231968 0.027652 0.0325221 0.0377234 0.0431702 0.0487804 0.0544525 0.0600488 0.0654101 0.0703894 0.0748676 0.0787431 0.0819191 0.0843065 0.0858366 0.086471 0.0862032 0.0850519 0.0830523 0.0802515 0.0767096 0.072501 0.0677128 0.0624395 0.0567759 0.0508106 0.0446222 0.0382797 0.0318446 0.0253735 0.0189195 0.0125328 0.00625977 0.000142154 -0.00578368 -0.0114867 -0.0169407 -0.0221239 -0.0270176 -0.0316064 -0.0358777 -0.0398219 -0.0434325 -0.0467066 -0.0496444 -0.0522494 -0.0545282 -0.0564903 -0.0581473 -0.0595129 -0.0606026 -0.0614332 -0.0620228 -0.06239 -0.0625542 -0.0625352 -0.0623525 -0.0620257 -0.0615734 -0.061014 -0.0603646 -0.0596414 -0.0588593 -0.0580323 -0.0571727 -0.0562918 -0.0553998 -0.0545057 -0.0536172 -0.0527412 -0.0518838 -0.05105 -0.0502444 -0.0494705 -0.0487315 -0.04803 -0.0473682 -0.0467478 -0.0461703 -0.0456367 -0.0451478 -0.0447045 -0.044307 -0.0439559 -0.0436513 -0.0433934 -0.0431824 -0.0430182 -0.0429009 -0.0428305 -0.042807 -0.0428305 -0.0429009 -0.0430182 -0.0431824 -0.0433934 -0.0436513 -0.0439559 -0.044307 -0.0447045 -0.0451478 -0.0456367 -0.0461703 -0.0467478 -0.0473682 -0.04803 -0.0487315 -0.0494705 -0.0502444 -0.05105 -0.0518838 -0.0527412 -0.0536172 -0.0545057 -0.0553998 -0.0562918 -0.0571727 -0.0580323 -0.0588593 -0.0596414 -0.0603646 -0.061014 -0.0615734 -0.0620257 -0.0623525 -0.0625352 -0.0625542 -0.06239 -0.0620228 -0.0614332 -0.0606026 -0.0595129 -0.0581473 -0.0564903 -0.0545282 -0.0522494 -0.0496444 -0.0467066 -0.0434325 -0.0398219 -0.0358777 -0.0316064 -0.0270176 -0.0221239 -0.0169407 -0.0114867 -0.00578368 0.000142154 0.00625977 0.0125328 0.0189195 0.0253735 0.0318446 0.0382797 0.0446222 0.0508106 0.0567759 0.0624395 0.0677128 0.072501 0.0767096 0.0802515 0.0830523 0.0850519 0.0862032 0.086471 0.0858366 0.0843065 0.0819191 0.0787431 0.0748676 0.0703894 0.0654101 0.0600488 0.0544525 0.0487804 0.0431704 0.0377238 0.0325234 0.0276557 0.0232061 0.0192313 0.0157427 0.0127216 0.0101488 0.00801862 0.00632948 0.00506544 0.00418852 0.00364795 
0 0.00155956 0.00321715 0.00506301 0.00717031 0.00958991 0.012357 0.0155073 0.019086 0.0231329 0.027652 0.0325951 0.03788 0.0434229 0.0491438 0.0549406 0.0606695 0.0661645 0.0712777 0.0758918 0.0799031 0.0832076 0.0857137 0.0873611 0.088128 0.0880235 0.087077 0.0853288 0.0828276 0.0796351 0.0758271 0.0714895 0.0667117 0.0615795 0.0561705 0.050553 0.0447877 0.0389284 0.0330229 0.027113 0.0212337 0.0154139 0.00967752 0.00404516 -0.00146361 -0.00682898 -0.0120304 -0.0170469 -0.0218577 -0.0264439 -0.0307889 -0.0348789 -0.0387035 -0.0422552 -0.0455291 -0.0485224 -0.0512346 -0.053667 -0.0558227 -0.0577069 -0.0593267 -0.0606914 -0.0618122 -0.0627018 -0.0633749 -0.063847 -0.0641345 -0.0642545 -0.0642239 -0.0640596 -0.0637781 -0.0633952 -0.0629259 -0.0623844 -0.0617838 -0.0611366 -0.0604538 -0.0597458 -0.0590219 -0.0582905 -0.0575592 -0.0568347 -0.0561231 -0.0554294 -0.0547584 -0.054114 -0.0534998 -0.0529186 -0.052373 -0.0518652 -0.051397 -0.0509698 -0.0505849 -0.0502434 -0.0499459 -0.0496933 -0.049486 -0.0493243 -0.0492087 -0.0491392 -0.0491161 -0.0491392 -0.0492087 -0.0493243 -0.049486 -0.0496933 -0.0499459 -0.0502434 -0.0505849 -0.0509698 -0.051397 -0.0518652 -0.052373 -0.0529186 -0.0534998 -0.054114 -0.0547584 -0.0554294 -0.0561231 -0.0568347 -0.0575592 -0.0582905 -0.0590219 -0.0597458 -0.0604538 -0.0611366 -0.0617838 -0.0623844 -0.0629259 -0.0633952 -0.0637781 -0.0640596 -0.0642239 -0.0642545 -0.0641345 -0.063847 -0.0633749 -0.0627018 -0.0618122 -0.0606914 -0.0593267 -0.0577069 -0.0558227 -0.053667 -0.0512346 -0.0485224 -0.0455291 -0.0422552 -0.0387035 -0.0348789 -0.0307889 -0.0264439 -0.0218577 -0.0170469 -0.0120304 -0.00682898 -0.00146361 0.00404516 0.00967752 0.0154139 0.0212337 0.027113 0.0330229 0.0389284 0.0447877 0.050553 0.0561705 0.0615795 0.0667117 0.0714895 0.0758271 0.0796351 0.0828276 0.0853288 0.087077 0.0880235 0.088128 0.0873611 0.0857137 0.0832076 0.0799031 0.0758918 0.0712777 0.0661645 0.0606695 0.0549408 0.0491442 0.043424 0.0378833 0.0326034 0.0276721 0.0231782 0.0191815 0.0156965 0.0127088 0.0102044 0.00818153 0.0066367 0.00554743 0.00487108 
0 0.00196156 0.00404536 0.00634999 0.0089394 0.0118517 0.0151215 0.0187955 0.0229203 0.0275093 0.0325221 0.03788 0.0435012 0.049308 0.0551989 0.0610256 0.0666177 0.0718272 0.07654 0.0806493 0.0840426 0.0866232 0.0883375 0.089175 0.0891535 0.0883084 0.0866873 0.0843504 0.0813735 0.0778451 0.0738567 0.0694938 0.0648325 0.0599389 0.0548708 0.0496816 0.0444192 0.0391242 0.033829 0.0285564 0.0233206 0.0181309 0.0129941 0.00791725 0.00290989 -0.00201625 -0.00684726 -0.0115677 -0.0161616 -0.0206131 -0.0249063 -0.0290259 -0.0329575 -0.0366872 -0.0402029 -0.0434939 -0.0465517 -0.0493702 -0.0519459 -0.0542781 -0.0563683 -0.0582206 -0.0598411 -0.0612378 -0.0624199 -0.0633983 -0.0641847 -0.0647915 -0.0652319 -0.0655193 -0.0656676 -0.0656904 -0.0656016 -0.0654144 -0.065142 -0.0647969 -0.064391 -0.0639355 -0.0634409 -0.0629169 -0.0623725 -0.0618158 -0.0612542 -0.0606943 -0.0601421 -0.0596029 -0.0590813 -0.0585815 -0.058107 -0.057661 -0.0572462 -0.056865 -0.0565192 -0.0562105 -0.0559405 -0.0557102 -0.0555205 -0.0553723 -0.055266 -0.0552021 -0.0551807 -0.0552021 -0.055266 -0.0553723 -0.0555205 -0.0557102 -0.0559405 -0.0562105 -0.0565192 -0.056865 -0.0572462 -0.057661 -0.058107 -0.0585815 -0.0590813 -0.0596029 -0.0601421 -0.0606943 -0.0612542 -0.0618158 -0.0623725 -0.0629169 -0.0634409 -0.0639355 -0.064391 -0.0647969 -0.065142 -0.0654144 -0.0656016 -0.0656904 -0.0656676 -0.0655193 -0.0652319 -0.0647915 -0.0641847 -0.0633983 -0.0624199 -0.0612378 -0.0598411 -0.0582206 -0.0563683 -0.0542781 -0.0519459 -0.0493702 -0.0465517 -0.0434939 -0.0402029 -0.0366872 -0.0329575 -0.0290259 -0.0249063 -0.0206131 -0.0161616 -0.0115677 -0.00684726 -0.00201625 0.00290989 0.00791725 0.0129941 0.0181309 0.0233206 0.0285564 0.033829 0.0391242 0.0444192 0.0496816 0.0548708 0.0599389 0.0648325 0.0694938 0.0738567 0.0778451 0.0813735 0.0843504 0.0866873 0.0883084 0.0891535 0.089175 0.0883375 0.0866232 0.0840426 0.0806493 0.07654 0.0718273 0.0666178 0.061026 0.0551999 0.0493108 0.0435084 0.0378978 0.0325625 0.0275956 0.0230931 0.0191203 0.0156951 0.0128054 0.010438 0.00858825 0.00724909 0.00640165 
0 0.00246394 0.00505738 0.00787902 0.0109896 0.0144313 0.0182501 0.0224939 0.0271826 0.0322836 0.0377234 0.0434229 0.049308 0.0552796 0.0611877 0.0668574 0.0721399 0.0769237 0.0811003 0.0845496 0.0871721 0.0889219 0.0897975 0.0898181 0.0890175 0.0874484 0.0851837 0.0823154 0.0789473 0.0751804 0.0711026 0.0667889 0.0623039 0.0577028 0.0530342 0.048338 0.0436431 0.0389676 0.034321 0.0297062 0.0251233 0.0205723 0.016053 0.0115663 0.00711378 0.00269751 -0.00167875 -0.00600937 -0.0102859 -0.0144966 -0.0186269 -0.0226599 -0.0265771 -0.0303606 -0.0339929 -0.0374585 -0.0407442 -0.0438395 -0.0467361 -0.0494284 -0.0519128 -0.054188 -0.0562542 -0.0581138 -0.0597703 -0.0612292 -0.0624971 -0.0635822 -0.0644936 -0.0652414 -0.0658367 -0.0662908 -0.0666156 -0.0668232 -0.0669255 -0.0669343 -0.0668612 -0.0667171 -0.0665127 -0.0662579 -0.0659622 -0.0656343 -0.0652822 -0.0649135 -0.064535 -0.0641529 -0.0637729 -0.0633999 -0.0630387 -0.0626931 -0.0623668 -0.062063 -0.0617844 -0.0615333 -0.0613119 -0.0611218 -0.0609644 -0.0608408 -0.0607519 -0.0606984 -0.0606805 -0.0606984 -0.0607519 -0.0608408 -0.0609644 -0.0611218 -0.0613119 -0.0615333 -0.0617844 -0.062063 -0.0623668 -0.0626931 -0.0630387 -0.0633999 -0.0637729 -0.0641529 -0.064535 -0.0649135 -0.0652822 -0.0656343 -0.0659622 -0.0662579 -0.0665127 -0.0667171 -0.0668612 -0.0669343 -0.0669255 -0.0668232 -0.0666156 -0.0662908 -0.0658367 -0.0652414 -0.0644936 -0.0635822 -0.0624971 -0.0612292 -0.0597703 -0.0581138 -0.0562542 -0.054188 -0.0519128 -0.0494284 -0.0467361 -0.0438395 -0.0407442 -0.0374585 -0.0339929 -0.0303606 -0.0265771 -0.0226599 -0.0186269 -0.0144966 -0.0102859 -0.00600937 -0.00167875 0.00269751 0.00711378 0.0115663 0.016053 0.0205723 0.0251233 0.0297062 0.034321 0.0389676 0.0436431 0.048338 0.0530342 0.0577028 0.0623039 0.0667889 0.0711026 0.0751804 0.0789473 0.0823154 0.0851837 0.0874484 0.0890175 0.0898181 0.0897975 0.0889219 0.0871721 0.0845496 0.0811004 0.0769238 0.0721402 0.0668582 0.0611901 0.0552859 0.0493235 0.0434585 0.0378003 0.0324395 0.027479 0.0230235 0.0191407 0.0158456 0.0131222 0.0109561 0.00934902 0.00831195 
0 0.00307046 0.00625575 0.00964951 0.0133232 0.0173392 0.0217527 0.0265885 0.0318185 0.0373717 0.0431702 0.0491438 0.0551989 0.0611877 0.0669323 0.0722817 0.077125 0.0813525 0.0848377 0.0874797 0.0892411 0.0901295 0.0901628 0.0893708 0.0878116 0.0855711 0.0827526 0.0794684 0.0758251 0.071914 0.0678164 0.0636065 0.0593467 0.0550867 0.0508617 0.0466893 0.0425743 0.038514 0.0345015 0.0305291 0.02659 0.0226766 0.0187809 0.014895 0.0110108 0.00712259 0.003228 -0.000671734 -0.00457048 -0.00845852 -0.0123233 -0.0161496 -0.0199216 -0.0236226 -0.0272361 -0.0307459 -0.0341364 -0.0373933 -0.0405035 -0.0434553 -0.0462392 -0.0488474 -0.0512748 -0.0535181 -0.0555765 -0.0574511 -0.0591448 -0.0606622 -0.0620092 -0.063193 -0.0642216 -0.0651036 -0.0658483 -0.0664652 -0.0669642 -0.0673553 -0.0676482 -0.067853 -0.0679791 -0.0680359 -0.0680325 -0.0679776 -0.0678793 -0.0677455 -0.0675834 -0.0673998 -0.067201 -0.0669928 -0.0667805 -0.0665688 -0.066362 -0.066164 -0.0659783 -0.0658076 -0.0656547 -0.0655217 -0.0654105 -0.0653225 -0.0652589 -0.0652203 -0.0652075 -0.0652203 -0.0652589 -0.0653225 -0.0654105 -0.0655217 -0.0656547 -0.0658076 -0.0659783 -0.066164 -0.066362 -0.0665688 -0.0667805 -0.0669928 -0.067201 -0.0673998 -0.0675834 -0.0677455 -0.0678793 -0.0679776 -0.0680325 -0.0680359 -0.0679791 -0.067853 -0.0676482 -0.0673553 -0.0669642 -0.0664652 -0.0658483 -0.0651036 -0.0642216 -0.063193 -0.0620092 -0.0606622 -0.0591448 -0.0574511 -0.0555765 -0.0535181 -0.0512748 -0.0488474 -0.0462392 -0.0434553 -0.0405035 -0.0373933 -0.0341364 -0.0307459 -0.0272361 -0.0236226 -0.0199216 -0.0161496 -0.0123233 -0.00845852 -0.00457048 -0.000671734 0.003228 0.00712259 0.0110108 0.014895 0.0187809 0.0226766 0.02659 0.0305291 0.0345015 0.038514 0.0425743 0.0466893 0.0508617 0.0550867 0.0593467 0.0636065 0.0678164 0.071914 0.0758251 0.0794684 0.0827526 0.0855711 0.0878116 0.0893708 0.0901628 0.0901295 0.0892411 0.0874797 0.0848378 0.0813527 0.0771257 0.0722837 0.0669377 0.061201 0.0552298 0.0492115 0.0433091 0.0376391 0.0323022 0.0274118 0.0230752 0.0193543 0.0162567 0.0137699 0.0118998 0.0106801 
0 0.00376935 0.00762393 0.0116516 0.0159439 0.0205842 0.0256181 0.0310286 0.0367454 0.0426862 0.0487804 0.0549406 0.0610256 0.0668574 0.0722817 0.0771878 0.0814657 0.0849842 0.0876395 0.0894014 0.0902859 0.0903089 0.0894966 0.0879166 0.0856699 0.0828672 0.0796214 0.0760406 0.0722196 0.0682469 0.0642083 0.0601753 0.0561995 0.0523148 0.0485356 0.0448617 0.0412873 0.0378015 0.0343892 0.0310345 0.0277188 0.0244213 0.0211242 0.0178114 0.014471 0.011097 0.00768646 0.00424042 0.000762996 -0.00274065 -0.00626261 -0.00979354 -0.0133225 -0.0168356 -0.0203184 -0.0237543 -0.0271261 -0.0304173 -0.0336113 -0.0366934 -0.0396507 -0.0424718 -0.0451482 -0.0476729 -0.0500414 -0.0522507 -0.0542998 -0.0561892 -0.0579204 -0.059497 -0.0609229 -0.0622034 -0.0633446 -0.0643531 -0.0652365 -0.0660024 -0.0666591 -0.0672147 -0.0676781 -0.0680572 -0.0683608 -0.0685967 -0.068773 -0.0688972 -0.0689764 -0.0690176 -0.069027 -0.0690108 -0.0689743 -0.0689228 -0.0688607 -0.0687924 -0.0687214 -0.0686513 -0.0685846 -0.0685242 -0.0684719 -0.0684295 -0.0683983 -0.0683792 -0.0683727 -0.0683792 -0.0683983 -0.0684295 -0.0684719 -0.0685242 -0.0685846 -0.0686513 -0.0687214 -0.0687924 -0.0688607 -0.0689228 -0.0689743 -0.0690108 -0.069027 -0.0690176 -0.0689764 -0.0688972 -0.068773 -0.0685967 -0.0683608 -0.0680572 -0.0676781 -0.0672147 -0.0666591 -0.0660024 -0.0652365 -0.0643531 -0.0633446 -0.0622034 -0.0609229 -0.059497 -0.0579204 -0.0561892 -0.0542998 -0.0522507 -0.0500414 -0.0476729 -0.0451482 -0.0424718 -0.0396507 -0.0366934 -0.0336113 -0.0304173 -0.0271261 -0.0237543 -0.0203184 -0.0168356 -0.0133225 -0.00979354 -0.00626261 -0.00274065 0.000762996 0.00424042 0.00768646 0.011097 0.014471 0.0178114 0.0211242 0.0244213 0.0277188 0.0310345 0.0343892 0.0378015 0.0412873 0.0448617 0.0485356 0.0523148 0.0561995 0.0601753 0.0642083 0.0682469 0.0722196 0.0760406 0.0796214 0.0828672 0.0856699 0.0879166 0.0894966 0.0903089 0.0902859 0.0894015 0.0876397 0.0849848 0.0814674 0.0771923 0.0722929 0.0668839 0.0610844 0.0550628 0.0490187 0.043123 0.0374985 0.0322535 0.0275056 0.0233592 0.0198725 0.0170645 0.0149529 0.0135787 
0 0.00453962 0.00913599 0.0138717 0.0188501 0.0241542 0.029801 0.0357362 0.0418758 0.0481431 0.0544525 0.0606695 0.0666177 0.0721399 0.077125 0.0814657 0.0850291 0.0877076 0.0894742 0.0903517 0.0903541 0.0895051 0.0878832 0.0856071 0.0827922 0.0795476 0.0759843 0.0722045 0.0683028 0.0643725 0.0604897 0.0567027 0.0530441 0.049532 0.0461691 0.0429536 0.0398773 0.0369206 0.0340596 0.0312666 0.0285108 0.025766 0.0230109 0.0202274 0.0174045 0.0145338 0.0116089 0.0086276 0.00558807 0.00249177 -0.000656152 -0.0038493 -0.00707705 -0.0103272 -0.0135864 -0.0168393 -0.0200712 -0.0232668 -0.0264114 -0.0294912 -0.0324924 -0.0354031 -0.0382118 -0.0409082 -0.0434842 -0.0459319 -0.0482462 -0.0504229 -0.0524597 -0.054356 -0.0561121 -0.0577305 -0.0592138 -0.0605667 -0.0617939 -0.0629013 -0.063895 -0.0647815 -0.0655679 -0.0662608 -0.0668676 -0.067395 -0.0678504 -0.0682399 -0.0685706 -0.0688484 -0.0690796 -0.0692696 -0.0694239 -0.0695474 -0.0696448 -0.0697202 -0.0697774 -0.0698199 -0.0698506 -0.0698723 -0.069887 -0.0698966 -0.0699024 -0.0699055 -0.0699064 -0.0699055 -0.0699024 -0.0698966 -0.069887 -0.0698723 -0.0698506 -0.0698199 -0.0697774 -0.0697202 -0.0696448 -0.0695474 -0.0694239 -0.0692696 -0.0690796 -0.0688484 -0.0685706 -0.0682399 -0.0678504 -0.067395 -0.0668676 -0.0662608 -0.0655679 -0.0647815 -0.063895 -0.0629013 -0.0617939 -0.0605667 -0.0592138 -0.0577305 -0.0561121 -0.054356 -0.0524597 -0.0504229 -0.0482462 -0.0459319 -0.0434842 -0.0409082 -0.0382118 -0.0354031 -0.0324924 -0.0294912 -0.0264114 -0.0232668 -0.0200712 -0.0168393 -0.0135864 -0.0103272 -0.00707705 -0.0038493 -0.000656152 0.00249177 0.00558807 0.0086276 0.0116089 0.0145338 0.0174045 0.0202274 0.0230109 0.025766 0.0285108 0.0312666 0.0340596 0.0369206 0.0398773 0.0429536 0.0461691 0.049532 0.0530441 0.0567027 0.0604897 0.0643725 0.0683028 0.0722045 0.0759843 0.0795476 0.0827922 0.0856071 0.0878832 0.0895051 0.0903542 0.0903518 0.0894747 0.0877089 0.0850328 0.0814751 0.0771475 0.0721903 0.0667239 0.0608793 0.0548424 0.0488246 0.0429989 0.0374883 0.0324049 0.027873 0.0240077 0.020888 0.0185615 0.0170663 
0 0.00536233 0.0107684 0.0162913 0.0220189 0.0280028 0.0342266 0.0406256 0.047126 0.0536439 0.0600488 0.0661645 0.0718272 0.0769237 0.0813525 0.0849842 0.0877076 0.0894952 0.0903749 0.0903615 0.0894755 0.0878054 0.0854869 0.0826384 0.0793634 0.0757795 0.072003 0.0681341 0.0642679 0.0604812 0.0568174 0.0533062 0.0499726 0.0468248 0.0438626 0.0410809 0.0384576 0.035964 0.0335719 0.031249 0.0289663 0.0267015 0.0244307 0.0221345 0.0197971 0.017402 0.0149394 0.0124026 0.00978776 0.00709781 0.0043365 0.00151046 -0.00137067 -0.0042989 -0.00726318 -0.0102529 -0.0132574 -0.0162635 -0.0192596 -0.0222319 -0.025167 -0.0280522 -0.0308739 -0.033621 -0.0362821 -0.0388479 -0.0413107 -0.0436632 -0.0459015 -0.0480209 -0.05002 -0.0518973 -0.0536531 -0.0552889 -0.0568061 -0.0582083 -0.0594984 -0.0606811 -0.0617604 -0.0627418 -0.0636302 -0.0644312 -0.0651504 -0.0657932 -0.0663656 -0.0668725 -0.0673198 -0.0677121 -0.0680549 -0.0683521 -0.0686089 -0.0688285 -0.0690152 -0.0691719 -0.0693018 -0.0694073 -0.0694907 -0.0695536 -0.0695976 -0.0696235 -0.0696322 -0.0696235 -0.0695976 -0.0695536 -0.0694907 -0.0694073 -0.0693018 -0.0691719 -0.0690152 -0.0688285 -0.0686089 -0.0683521 -0.0680549 -0.0677121 -0.0673198 -0.0668725 -0.0663656 -0.0657932 -0.0651504 -0.0644312 -0.0636302 -0.0627418 -0.0617604 -0.0606811 -0.0594984 -0.0582083 -0.0568061 -0.0552889 -0.0536531 -0.0518973 -0.05002 -0.0480209 -0.0459015 -0.0436632 -0.0413107 -0.0388479 -0.0362821 -0.033621 -0.0308739 -0.0280522 -0.025167 -0.0222319 -0.0192596 -0.0162635 -0.0132574 -0.0102529 -0.00726318 -0.0042989 -0.00137067 0.00151046 0.0043365 0.00709781 0.00978776 0.0124026 0.0149394 0.017402 0.0197971 0.0221345 0.0244307 0.0267015 0.0289663 0.031249 0.0335719 0.035964 0.0384576 0.0410809 0.0438626 0.0468248 0.0499726 0.0533062 0.0568174 0.0604812 0.0642679 0.0681341 0.072003 0.0757795 0.0793634 0.0826384 0.0854869 0.0878054 0.0894756 0.0903618 0.090376 0.0894982 0.0877153 0.0850029 0.0813951 0.0770147 0.0720097 0.0665084 0.0606587 0.0546632 0.0487373 0.0430483 0.0377206 0.0328845 0.0286948 0.0252953 0.0227795 0.0211859 
0 0.0062288 0.0125046 0.0188804 0.0253957 0.0320501 0.0388058 0.0456119 0.0524022 0.0590598 0.0654101 0.0712777 0.07654 0.0811003 0.0848377 0.0876395 0.0894742 0.0903749 0.0903611 0.0894518 0.0877409 0.0853786 0.0824866 0.0791616 0.0755305 0.0717292 0.0678622 0.0640197 0.0602805 0.0566875 0.0532685 0.0500558 0.047062 0.0442812 0.0417064 0.0393156 0.0370767 0.0349673 0.0329609 0.0310287 0.0291496 0.0272969 0.025443 0.0235681 0.0216494 0.0196709 0.0176242 0.0154998 0.0132959 0.0110128 0.00864927 0.00621046 0.00369922 0.00112075 -0.0015159 -0.00420419 -0.00693227 -0.00968936 -0.0124644 -0.0152433 -0.0180159 -0.0207687 -0.0234908 -0.0261717 -0.0287999 -0.0313675 -0.0338642 -0.0362833 -0.0386173 -0.0408599 -0.0430069 -0.045053 -0.0469969 -0.0488351 -0.0505678 -0.0521945 -0.0537161 -0.0551347 -0.0564519 -0.0576716 -0.0587961 -0.0598303 -0.0607771 -0.0616418 -0.0624278 -0.0631403 -0.0637832 -0.0643608 -0.0648775 -0.0653369 -0.0657432 -0.0660994 -0.0664094 -0.0666753 -0.0669008 -0.0670871 -0.0672373 -0.0673519 -0.0674333 -0.0674813 -0.0674977 -0.0674813 -0.0674333 -0.0673519 -0.0672373 -0.0670871 -0.0669008 -0.0666753 -0.0664094 -0.0660994 -0.0657432 -0.0653369 -0.0648775 -0.0643608 -0.0637832 -0.0631403 -0.0624278 -0.0616418 -0.0607771 -0.0598303 -0.0587961 -0.0576716 -0.0564519 -0.0551347 -0.0537161 -0.0521945 -0.0505678 -0.0488351 -0.0469969 -0.045053 -0.0430069 -0.0408599 -0.0386173 -0.0362833 -0.0338642 -0.0313675 -0.0287999 -0.0261717 -0.0234908 -0.0207687 -0.0180159 -0.0152433 -0.0124644 -0.00968936 -0.00693227 -0.00420419 -0.0015159 0.00112075 0.00369922 0.00621046 0.00864927 0.0110128 0.0132959 0.0154998 0.0176242 0.0196709 0.0216494 0.0235681 0.025443 0.0272969 0.0291496 0.0310287 0.0329609 0.0349673 0.0370767 0.0393156 0.0417064 0.0442812 0.047062 0.0500558 0.0532685 0.0566875 0.0602805 0.0640197 0.0678622 0.0717292 0.0755305 0.0791616 0.0824866 0.0853787 0.0877412 0.0894527 0.0903635 0.0903812 0.0894897 0.087675 0.0849146 0.0812569 0.0768397 0.0718172 0.0663252 0.0605269 0.0546365 0.0488689 0.0433943 0.0383625 0.0339465 0.030331 0.0276536 0.0259694 
