0 0 0 0 0 0 0 0 0 0 0 0 0 0 0 0 0 0 0 0 0 0 0 0 0 0 0 0 0 0 0 0 0 0 0 0 0 0 0 0 0 0 0 0 0 0 0 0 0 0 0 0 0 0 0 0 0 0 0 0 0 0 0 0 0 0 0 0 0 0 0 0 0 0 0 0 0 0 0 0 0 0 0 0 0 0 0 0 0 0 0 0 0 0 0 0 0 0 0 0 0 0 0 0 0 0 0 0 0 0 0 0 0 0 0 0 0 0 0 0 0 0 0 0 0 0 0 0 0 0 0 0 0 0 0 0 0 0 0 0 0 0 0 0 0 0 0 0 0 0 0 0 0 0 0 0 0 0 0 0 0 0 0 0 0 0 0 0 0 0 0 0 0 0 0 0 0 0 0 0 0 0 0 0 0 0 0 0 0 0 0 0 0 0 0 0 0 0 0 0 
0 1.40036e-08 4.42534e-08 1.21646e-07 3.15389e-07 7.76937e-07 1.81868e-06 4.04257e-06 8.52642e-06 1.70522e-05 3.23179e-05 5.80209e-05 9.86687e-05 0.00015901 0.000243137 0.000353582 0.000490955 0.000654721 0.000845277 0.00106671 0.00132882 0.00164688 0.00203832 0.00251741 0.00309019 0.00375231 0.00449095 0.0052899 0.00613496 0.0070167 0.00792948 0.00886713 0.00981805 0.0107621 0.0116706 0.0125103 0.0132477 0.0138541 0.0143081 0.0145962 0.0147109 0.014649 0.0144094 0.0139925 0.0134003 0.012638 0.0117149 0.0106454 0.00944894 0.00814905 0.00677213 0.00534552 0.00389589 0.00244783 0.00102301 -0.000360168 -0.00168664 -0.00294435 -0.00412392 -0.00521826 -0.00622223 -0.00713246 -0.00794719 -0.00866618 -0.00929064 -0.00982314 -0.0102675 -0.0106286 -0.0109122 -0.0111247 -0.0112731 -0.0113643 -0.0114055 -0.0114035 -0.0113648 -0.0112956 -0.0112016 -0.0110879 -0.0109589 -0.0108189 -0.0106713 -0.0105192 -0.0103652 -0.0102117 -0.0100605 -0.00991327 -0.0097714 -0.00963602 -0.00950807 -0.00938833 -0.00927746 -0.00917597 -0.00908429 -0.00900276 -0.00893166 -0.00887118 -0.00882151 -0.00878276 -0.00875502 -0.00873835 -0.00873279 -0.00873835 -0.00875502 -0.00878276 -0.00882151 -0.00887118 -0.00893166 -0.00900276 -0.00908429 -0.00917597 -0.00927746 -0.00938833 -0.00950807 -0.00963602 -0.0097714 -0.00991327 -0.0100605 -0.0102117 -0.0103652 -0.0105192 -0.0106713 -0.0108189 -0.0109589 -0.0110879 -0.0112016 -0.0112956 -0.0113648 -0.0114035 -0.0114055 -0.0113643 -0.0112731 -0.0111247 -0.0109122 -0.0106286 -0.0102675 -0.00982314 -0.00929064 -0.00866618 -0.00794719 -0.00713246 -0.00622223 -0.00521826 -0.00412392 -0.00294435 -0.00168664 -0.000360168 0.00102301 0.00244783 0.00389589 0.00534552 0.00677213 0.00814905 0.00944894 0.0106454 0.0117149 0.012638 0.0134003 0.0139925 0.0144094 0.014649 0.0147109 0.0145962 0.0143081 0.0138541 0.0132477 0.0125103 0.0116706 0.0107621 0.00981805 0.00886713 0.00792948 0.0070167 0.00613496 0.0052899 0.00449095 0.00375231 0.00309019 0.00251741 0.00203832 0.00164688 0.00132882 0.00106671 0.000845277 0.000654721 0.000490955 0.000353582 0.000243137 0.00015901 9.86687e-05 5.80209e-05 3.23179e-05 1.70522e-05 8.52642e-06 4.04256e-06 1.81867e-06 7.76913e-07 3.15313e-07 1.21425e-07 4.36585e-08 1.25483e-08 
0 4.42534e-08 1.36271e-07 3.63132e-07 9.11577e-07 2.17369e-06 4.92508e-06 1.05973e-05 2.16414e-05 4.1924e-05 7.70193e-05 0.000134181 0.000221787 0.000348194 0.000520287 0.000742407 0.00101656 0.0013445 0.00173133 0.00218908 0.00273814 0.00340482 0.00421526 0.0051882 0.00632972 0.00763248 0.00907947 0.0106497 0.0123226 0.0140792 0.0158995 0.0177583 0.0196216 0.0214457 0.0231794 0.0247685 0.0261603 0.0273075 0.0281708 0.0287198 0.0289322 0.0287941 0.028299 0.0274484 0.0262518 0.0247268 0.0228994 0.0208026 0.0184757 0.0159623 0.0133086 0.0105615 0.00776694 0.00496841 0.002206 -0.000484469 -0.00307187 -0.00553007 -0.00783796 -0.00997937 -0.0119429 -0.0137217 -0.0153127 -0.0167169 -0.017938 -0.0189828 -0.0198599 -0.0205798 -0.021154 -0.0215949 -0.0219152 -0.0221278 -0.0222453 -0.0222798 -0.0222431 -0.022146 -0.0219987 -0.0218104 -0.0215898 -0.0213444 -0.0210811 -0.020806 -0.0205242 -0.0202406 -0.0199591 -0.0196831 -0.0194157 -0.0191594 -0.0189161 -0.0186878 -0.0184757 -0.0182812 -0.0181052 -0.0179484 -0.0178115 -0.017695 -0.0175992 -0.0175244 -0.0174709 -0.0174387 -0.017428 -0.0174387 -0.0174709 -0.0175244 -0.0175992 -0.017695 -0.0178115 -0.0179484 -0.0181052 -0.0182812 -0.0184757 -0.0186878 -0.0189161 -0.0191594 -0.0194157 -0.0196831 -0.0199591 -0.0202406 -0.0205242 -0.020806 -0.0210811 -0.0213444 -0.0215898 -0.0218104 -0.0219987 -0.022146 -0.0222431 -0.0222798 -0.0222453 -0.0221278 -0.0219152 -0.0215949 -0.021154 -0.0205798 -0.0198599 -0.0189828 -0.017938 -0.0167169 -0.0153127 -0.0137217 -0.0119429 -0.00997937 -0.00783796 -0.00553007 -0.00307187 -0.000484469 0.002206 0.00496841 0.00776694 0.0105615 0.0133086 0.0159623 0.0184757 0.0208026 0.0228994 0.0247268 0.0262518 0.0274484 0.028299 0.0287941 0.0289322 0.0287198 0.0281708 0.0273075 0.0261603 0.0247685 0.0231794 0.0214457 0.0196216 0.0177583 0.0158995 0.0140792 0.0123226 0.0106497 0.00907947 0.00763248 0.00632972 0.0051882 0.00421526 0.00340482 0.00273814 0.00218908 0.00173133 0.0013445 0.00101656 0.000742407 0.000520287 0.000348194 0.000221787 0.000134181 7.70193e-05 4.1924e-05 2.16413e-05 1.05973e-05 4.92506e-06 2.17361e-06 9.11345e-07 3.62496e-07 1.34687e-07 4.07696e-08 
0 1.21646e-07 3.63132e-07 9.316e-07 2.24671e-06 5.1422e-06 1.11762e-05 2.3057e-05 4.51337e-05 8.38109e-05 0.000147659 0.000246972 0.000392682 0.00059487 0.00086157 0.00119881 0.00161247 0.00211171 0.00271232 0.00343786 0.00431725 0.00537925 0.00664627 0.00813056 0.00983403 0.0117508 0.0138699 0.0161754 0.0186445 0.0212442 0.0239301 0.0266471 0.0293326 0.0319213 0.0343476 0.0365485 0.0384631 0.0400337 0.0412064 0.0419336 0.0421771 0.0419116 0.0411267 0.039828 0.0380364 0.0357858 0.0331202 0.0300911 0.0267547 0.0231703 0.0193981 0.0154988 0.0115318 0.0075549 0.00362259 -0.000214933 -0.00391293 -0.00743302 -0.0107439 -0.0138215 -0.0166491 -0.0192168 -0.021521 -0.0235634 -0.0253501 -0.0268911 -0.0281989 -0.0292882 -0.0301748 -0.0308755 -0.0314072 -0.031787 -0.0320316 -0.0321572 -0.0321792 -0.0321123 -0.0319702 -0.0317656 -0.0315103 -0.031215 -0.0308893 -0.0305421 -0.0301811 -0.029813 -0.029444 -0.0290792 -0.0287232 -0.0283798 -0.0280523 -0.0277435 -0.0274557 -0.0271908 -0.0269504 -0.0267358 -0.0265481 -0.026388 -0.0262562 -0.0261532 -0.0260795 -0.0260351 -0.0260203 -0.0260351 -0.0260795 -0.0261532 -0.0262562 -0.026388 -0.0265481 -0.0267358 -0.0269504 -0.0271908 -0.0274557 -0.0277435 -0.0280523 -0.0283798 -0.0287232 -0.0290792 -0.029444 -0.029813 -0.0301811 -0.0305421 -0.0308893 -0.031215 -0.0315103 -0.0317656 -0.0319702 -0.0321123 -0.0321792 -0.0321572 -0.0320316 -0.031787 -0.0314072 -0.0308755 -0.0301748 -0.0292882 -0.0281989 -0.0268911 -0.0253501 -0.0235634 -0.021521 -0.0192168 -0.0166491 -0.0138215 -0.0107439 -0.00743302 -0.00391293 -0.000214933 0.00362259 0.0075549 0.0115318 0.0154988 0.0193981 0.0231703 0.0267547 0.0300911 0.0331202 0.0357858 0.0380364 0.039828 0.0411267 0.0419116 0.0421771 0.0419336 0.0412064 0.0400337 0.0384631 0.0365485 0.0343476 0.0319213 0.0293326 0.0266471 0.0239301 0.0212442 0.0186445 0.0161754 0.0138699 0.0117508 0.00983403 0.00813056 0.00664627 0.00537925 0.00431725 0.00343786 0.00271232 0.00211171 0.00161247 0.00119881 0.00086157 0.00059487 0.000392682 0.000246972 0.000147659 8.38109e-05 4.51337e-05 2.3057e-05 1.11761e-05 5.14199e-06 2.24612e-06 9.30121e-07 3.59895e-07 1.15996e-07 
0 3.15389e-07 9.11577e-07 2.24671e-06 5.19144e-06 1.13697e-05 2.3623e-05 4.65525e-05 8.69956e-05 0.000154197 0.000259412 0.000414848 0.000632217 0.000921669 0.00129208 0.00175326 0.00231954 0.00301274 0.00386231 0.00490132 0.00615987 0.00765931 0.00941062 0.0114174 0.0136804 0.0161996 0.0189709 0.0219791 0.0251917 0.0285557 0.0320013 0.0354487 0.0388153 0.0420213 0.0449908 0.0476516 0.0499332 0.0517676 0.0530915 0.0538499 0.0540014 0.0535212 0.0524034 0.0506609 0.0483231 0.0454339 0.0420478 0.0382276 0.0340416 0.0295616 0.0248612 0.0200142 0.0150927 0.0101657 0.00529763 0.000546918 -0.00403508 -0.00840482 -0.0125269 -0.0163742 -0.0199273 -0.0231744 -0.0261103 -0.0287355 -0.0310557 -0.0330806 -0.0348234 -0.0362998 -0.0375275 -0.0385253 -0.0393128 -0.03991 -0.0403366 -0.0406119 -0.0407547 -0.0407826 -0.0407123 -0.0405595 -0.0403383 -0.040062 -0.0397426 -0.0393906 -0.0390158 -0.0386267 -0.0382308 -0.0378347 -0.0374442 -0.0370643 -0.0366993 -0.0363529 -0.0360282 -0.0357279 -0.0354542 -0.035209 -0.0349937 -0.0348097 -0.0346579 -0.034539 -0.0344538 -0.0344024 -0.0343853 -0.0344024 -0.0344538 -0.034539 -0.0346579 -0.0348097 -0.0349937 -0.035209 -0.0354542 -0.0357279 -0.0360282 -0.0363529 -0.0366993 -0.0370643 -0.0374442 -0.0378347 -0.0382308 -0.0386267 -0.0390158 -0.0393906 -0.0397426 -0.040062 -0.0403383 -0.0405595 -0.0407123 -0.0407826 -0.0407547 -0.0406119 -0.0403366 -0.03991 -0.0393128 -0.0385253 -0.0375275 -0.0362998 -0.0348234 -0.0330806 -0.0310557 -0.0287355 -0.0261103 -0.0231744 -0.0199273 -0.0163742 -0.0125269 -0.00840482 -0.00403508 0.000546918 0.00529763 0.0101657 0.0150927 0.0200142 0.0248612 0.0295616 0.0340416 0.0382276 0.0420478 0.0454339 0.0483231 0.0506609 0.0524034 0.0535212 0.0540014 0.0538499 0.0530915 0.0517676 0.0499332 0.0476516 0.0449908 0.0420213 0.0388153 0.0354487 0.0320013 0.0285557 0.0251917 0.0219791 0.0189709 0.0161996 0.0136804 0.0114174 0.00941062 0.00765931 0.00615987 0.00490132 0.00386231 0.00301274 0.00231954 0.00175326 0.00129208 0.000921669 0.000632217 0.000414848 0.000259412 0.000154197 8.69955e-05 4.65524e-05 2.36228e-05 1.13692e-05 5.1901e-06 2.24383e-06 9.06764e-07 3.12291e-07 
0 7.76937e-07 2.17369e-06 5.1422e-06 1.13697e-05 2.37916e-05 4.71807e-05 8.86693e-05 0.000157952 0.000266887 0.000428403 0.000655021 0.000957866 0.00134725 0.00183541 0.00244061 0.00319024 0.00412017 0.00526925 0.00667107 0.00834767 0.010309 0.0125579 0.0150968 0.01793 0.0210583 0.0244712 0.0281384 0.0320073 0.0360069 0.040054 0.0440602 0.0479353 0.0515895 0.054933 0.0578777 0.0603402 0.0622454 0.0635309 0.06415 0.0640734 0.0632889 0.0618011 0.0596295 0.0568078 0.0533829 0.0494132 0.0449676 0.0401226 0.0349605 0.0295656 0.0240218 0.0184096 0.0128038 0.00727237 0.00187514 -0.00333637 -0.008319 -0.0130377 -0.017465 -0.0215807 -0.0253714 -0.0288297 -0.031954 -0.0347477 -0.0372186 -0.0393786 -0.0412423 -0.0428273 -0.0441526 -0.0452386 -0.0461062 -0.0467766 -0.0472705 -0.0476082 -0.0478089 -0.0478911 -0.0478717 -0.0477666 -0.0475905 -0.0473566 -0.047077 -0.0467626 -0.0464232 -0.0460675 -0.0457032 -0.0453373 -0.0449757 -0.0446236 -0.0442858 -0.0439661 -0.043668 -0.0433943 -0.0431477 -0.0429301 -0.0427433 -0.0425887 -0.0424673 -0.04238 -0.0423274 -0.0423098 -0.0423274 -0.04238 -0.0424673 -0.0425887 -0.0427433 -0.0429301 -0.0431477 -0.0433943 -0.043668 -0.0439661 -0.0442858 -0.0446236 -0.0449757 -0.0453373 -0.0457032 -0.0460675 -0.0464232 -0.0467626 -0.047077 -0.0473566 -0.0475905 -0.0477666 -0.0478717 -0.0478911 -0.0478089 -0.0476082 -0.0472705 -0.0467766 -0.0461062 -0.0452386 -0.0441526 -0.0428273 -0.0412423 -0.0393786 -0.0372186 -0.0347477 -0.031954 -0.0288297 -0.0253714 -0.0215807 -0.017465 -0.0130377 -0.008319 -0.00333637 0.00187514 0.00727237 0.0128038 0.0184096 0.0240218 0.0295656 0.0349605 0.0401226 0.0449676 0.0494132 0.0533829 0.0568078 0.0596295 0.0618011 0.0632889 0.0640734 0.06415 0.0635309 0.0622454 0.0603402 0.0578777 0.054933 0.0515895 0.0479353 0.0440602 0.040054 0.0360069 0.0320073 0.0281384 0.0244712 0.0210583 0.01793 0.0150968 0.0125579 0.010309 0.00834767 0.00667107 0.00526925 0.00412017 0.00319024 0.00244061 0.00183541 0.00134725 0.000957866 0.000655021 0.000428403 0.000266887 0.000157952 8.86691e-05 4.71802e-05 2.37905e-05 1.13672e-05 5.13825e-06 2.17252e-06 8.01043e-07 
0 1.81868e-06 4.92508e-06 1.11762e-05 2.3623e-05 4.71807e-05 8.92129e-05 0.000159773 0.000271203 0.000436983 0.000670177 0.000982439 0.00138479 0.00189084 0.00252139 0.00330787 0.0042912 0.00551515 0.00701697 0.00882072 0.0109376 0.0133727 0.0161313 0.0192202 0.0226407 0.0263789 0.0303999 0.034648 0.039053 0.043536 0.0480135 0.0523964 0.056589 0.0604897 0.0639946 0.0670045 0.069432 0.0712071 0.0722793 0.0726176 0.0722082 0.0710522 0.0691641 0.0665712 0.0633137 0.0594439 0.0550262 0.0501346 0.0448503 0.0392584 0.0334447 0.0274927 0.0214815 0.0154836 0.00956473 0.00378255 -0.00181297 -0.00717964 -0.0122828 -0.017095 -0.0215957 -0.025771 -0.0296128 -0.0331187 -0.0362912 -0.0391369 -0.0416663 -0.0438927 -0.0458319 -0.0475013 -0.0489196 -0.050106 -0.0510803 -0.0518621 -0.0524705 -0.0529243 -0.0532413 -0.0534385 -0.0535321 -0.0535369 -0.053467 -0.0533352 -0.0531532 -0.0529318 -0.0526808 -0.052409 -0.0521241 -0.0518333 -0.0515428 -0.051258 -0.0509839 -0.0507246 -0.0504838 -0.0502646 -0.0500696 -0.0499011 -0.0497609 -0.0496503 -0.0495706 -0.0495225 -0.0495064 -0.0495225 -0.0495706 -0.0496503 -0.0497609 -0.0499011 -0.0500696 -0.0502646 -0.0504838 -0.0507246 -0.0509839 -0.051258 -0.0515428 -0.0518333 -0.0521241 -0.052409 -0.0526808 -0.0529318 -0.0531532 -0.0533352 -0.053467 -0.0535369 -0.0535321 -0.0534385 -0.0532413 -0.0529243 -0.0524705 -0.0518621 -0.0510803 -0.050106 -0.0489196 -0.0475013 -0.0458319 -0.0438927 -0.0416663 -0.0391369 -0.0362912 -0.0331187 -0.0296128 -0.025771 -0.0215957 -0.017095 -0.0122828 -0.00717964 -0.00181297 0.00378255 0.00956473 0.0154836 0.0214815 0.0274927 0.0334447 0.0392584 0.0448503 0.0501346 0.0550262 0.0594439 0.0633137 0.0665712 0.0691641 0.0710522 0.0722082 0.0726176 0.0722793 0.0712071 0.069432 0.0670045 0.0639946 0.0604897 0.056589 0.0523964 0.0480135 0.043536 0.039053 0.034648 0.0303999 0.0263789 0.0226407 0.0192202 0.0161313 0.0133727 0.0109376 0.00882072 0.00701697 0.00551515 0.0042912 0.00330787 0.00252139 0.00189084 0.00138479 0.000982439 0.000670177 0.000436983 0.000271203 0.000159772 8.92118e-05 4.71785e-05 2.36199e-05 1.11767e-05 4.95261e-06 1.95815e-06 
0 4.04257e-06 1.05973e-05 2.3057e-05 4.65525e-05 8.86693e-05 0.000159773 0.000272636 0.000441249 0.000679174 0.0009985 0.00141073 0.00193035 0.00257994 0.00339385 0.00441665 0.00569561 0.00727032 0.00916619 0.0113962 0.0139688 0.0168947 0.0201852 0.023842 0.0278463 0.032155 0.0367053 0.0414239 0.0462336 0.051054 0.0557984 0.0603702 0.0646641 0.0685714 0.0719881 0.0748229 0.0770017 0.0784696 0.07919 0.0791434 0.078326 0.0767492 0.0744393 0.0714367 0.0677947 0.0635773 0.058856 0.0537073 0.0482094 0.042441 0.0364785 0.0303958 0.0242627 0.0181445 0.0121011 0.00618652 0.000447997 -0.00507414 -0.0103468 -0.015344 -0.0200467 -0.0244419 -0.0285226 -0.0322866 -0.0357358 -0.0388758 -0.0417148 -0.0442637 -0.0465348 -0.0485422 -0.050301 -0.0518268 -0.0531362 -0.0542457 -0.0551719 -0.0559315 -0.0565407 -0.0570152 -0.0573702 -0.0576203 -0.0577792 -0.0578598 -0.0578742 -0.0578334 -0.0577477 -0.0576266 -0.0574786 -0.0573114 -0.0571319 -0.0569464 -0.0567604 -0.0565786 -0.0564055 -0.0562446 -0.0560991 -0.0559717 -0.0558645 -0.0557794 -0.0557176 -0.0556802 -0.0556677 -0.0556802 -0.0557176 -0.0557794 -0.0558645 -0.0559717 -0.0560991 -0.0562446 -0.0564055 -0.0565786 -0.0567604 -0.0569464 -0.0571319 -0.0573114 -0.0574786 -0.0576266 -0.0577477 -0.0578334 -0.0578742 -0.0578598 -0.0577792 -0.0576203 -0.0573702 -0.0570152 -0.0565407 -0.0559315 -0.0551719 -0.0542457 -0.0531362 -0.0518268 -0.050301 -0.0485422 -0.0465348 -0.0442637 -0.0417148 -0.0388758 -0.0357358 -0.0322866 -0.0285226 -0.0244419 -0.0200467 -0.015344 -0.0103468 -0.00507414 0.000447997 0.00618652 0.0121011 0.0181445 0.0242627 0.0303958 0.0364785 0.042441 0.0482094 0.0537073 0.058856 0.0635773 0.0677947 0.0714367 0.0744393 0.0767492 0.078326 0.0791434 0.07919 0.0784696 0.0770017 0.0748229 0.0719881 0.0685714 0.0646641 0.0603702 0.0557984 0.051054 0.0462336 0.0414239 0.0367053 0.032155 0.0278463 0.023842 0.0201852 0.0168947 0.0139688 0.0113962 0.00916619 0.00727032 0.00569561 0.00441665 0.00339385 0.00257994 0.00193035 0.00141073 0.0009985 0.000679174 0.000441249 0.000272636 0.000159771 8.86669e-05 4.65545e-05 2.3087e-05 1.07402e-05 4.56004e-06 
0 8.52642e-06 2.16414e-05 4.51337e-05 8.69956e-05 0.000157952 0.000271203 0.000441249 0.000682178 0.00100653 0.00142626 0.00195652 0.00262126 0.00345713 0.00451163 0.00583456 0.00746689 0.00943434 0.0117508 0.0144279 0.0174817 0.0209282 0.0247702 0.0289848 0.0335222 0.0383137 0.0432833 0.0483526 0.053439 0.0584513 0.0632875 0.0678389 0.0719978 0.0756654 0.0787572 0.0812045 0.0829535 0.0839648 0.0842132 0.0836893 0.0824013 0.0803748 0.0776525 0.0742903 0.0703536 0.0659135 0.0610426 0.0558132 0.0502958 0.0445585 0.0386666 0.0326827 0.0266661 0.0206722 0.0147515 0.00894958 0.00330585 -0.0021462 -0.00737912 -0.0123713 -0.0171063 -0.0215727 -0.0257632 -0.029674 -0.0333048 -0.0366578 -0.0397377 -0.0425512 -0.0451068 -0.0474144 -0.0494852 -0.0513314 -0.052966 -0.0544025 -0.0556546 -0.0567364 -0.0576617 -0.0584444 -0.0590978 -0.0596351 -0.0600686 -0.0604103 -0.0606715 -0.0608629 -0.0609943 -0.061075 -0.0611136 -0.0611179 -0.0610951 -0.0610517 -0.0609935 -0.0609259 -0.0608534 -0.0607802 -0.0607098 -0.0606453 -0.0605891 -0.0605433 -0.0605095 -0.0604888 -0.0604818 -0.0604888 -0.0605095 -0.0605433 -0.0605891 -0.0606453 -0.0607098 -0.0607802 -0.0608534 -0.0609259 -0.0609935 -0.0610517 -0.0610951 -0.0611179 -0.0611136 -0.061075 -0.0609943 -0.0608629 -0.0606715 -0.0604103 -0.0600686 -0.0596351 -0.0590978 -0.0584444 -0.0576617 -0.0567364 -0.0556546 -0.0544025 -0.052966 -0.0513314 -0.0494852 -0.0474144 -0.0451068 -0.0425512 -0.0397377 -0.0366578 -0.0333048 -0.029674 -0.0257632 -0.0215727 -0.0171063 -0.0123713 -0.00737912 -0.0021462 0.00330585 0.00894958 0.0147515 0.0206722 0.0266661 0.0326827 0.0386666 0.0445585 0.0502958 0.0558132 0.0610426 0.0659135 0.0703536 0.0742903 0.0776525 0.0803748 0.0824013 0.0836893 0.0842132 0.0839648 0.0829535 0.0812045 0.0787572 0.0756654 0.0719978 0.0678389 0.0632875 0.0584513 0.053439 0.0483526 0.0432833 0.0383137 0.0335222 0.0289848 0.0247702 0.0209282 0.0174817 0.0144279 0.0117508 0.00943434 0.00746689 0.00583456 0.00451163 0.00345713 0.00262126 0.00195652 0.00142626 0.00100653 0.000682177 0.000441247 0.000271201 0.000157955 8.7027e-05 4.52767e-05 2.21527e-05 1.01126e-05 
0 1.70522e-05 4.1924e-05 8.38109e-05 0.000154197 0.000266887 0.000436983 0.000679174 0.00100653 0.00143145 0.00196964 0.00264614 0.00349948 0.00457966 0.00593874 0.00761873 0.00964529 0.0120326 0.0147946 0.0179517 0.0215236 0.0255128 0.0298921 0.0346065 0.0395846 0.0447505 0.0500252 0.0553218 0.0605401 0.0655682 0.0702914 0.0746021 0.0784076 0.0816323 0.0842155 0.0861094 0.0872778 0.087698 0.0873632 0.0862847 0.0844914 0.0820276 0.0789493 0.0753196 0.0712055 0.0666748 0.0617949 0.0566314 0.0512477 0.045704 0.0400571 0.0343589 0.0286567 0.0229922 0.0174021 0.0119178 0.00656663 0.0013717 -0.00364722 -0.00847343 -0.0130931 -0.0174949 -0.0216703 -0.025613 -0.0293194 -0.0327883 -0.0360203 -0.0390186 -0.0417877 -0.044334 -0.0466649 -0.0487891 -0.0507159 -0.0524554 -0.054018 -0.0554144 -0.0566556 -0.0577524 -0.0587157 -0.0595561 -0.0602842 -0.0609101 -0.0614437 -0.0618944 -0.0622713 -0.0625828 -0.0628371 -0.0630416 -0.0632034 -0.063329 -0.0634243 -0.0634946 -0.0635448 -0.0635791 -0.0636014 -0.0636149 -0.0636222 -0.0636256 -0.0636268 -0.0636271 -0.0636271 -0.0636271 -0.0636268 -0.0636256 -0.0636222 -0.0636149 -0.0636014 -0.0635791 -0.0635448 -0.0634946 -0.0634243 -0.063329 -0.0632034 -0.0630416 -0.0628371 -0.0625828 -0.0622713 -0.0618944 -0.0614437 -0.0609101 -0.0602842 -0.0595561 -0.0587157 -0.0577524 -0.0566556 -0.0554144 -0.054018 -0.0524554 -0.0507159 -0.0487891 -0.0466649 -0.044334 -0.0417877 -0.0390186 -0.0360203 -0.0327883 -0.0293194 -0.025613 -0.0216703 -0.0174949 -0.0130931 -0.00847343 -0.00364722 0.0013717 0.00656663 0.0119178 0.0174021 0.0229922 0.0286567 0.0343589 0.0400571 0.045704 0.0512477 0.0566314 0.0617949 0.0666748 0.0712055 0.0753196 0.0789493 0.0820276 0.0844914 0.0862847 0.0873632 0.087698 0.0872778 0.0861094 0.0842155 0.0816323 0.0784076 0.0746021 0.0702914 0.0655682 0.0605401 0.0553218 0.0500252 0.0447505 0.0395846 0.0346065 0.0298921 0.0255128 0.0215236 0.0179517 0.0147946 0.0120326 0.00964529 0.00761873 0.00593874 0.00457966 0.00349948 0.00264614 0.00196964 0.00143145 0.00100653 0.000679173 0.000436987 0.000266919 0.000154337 8.43066e-05 4.346e-05 2.13505e-05 
0 3.23179e-05 7.70193e-05 0.000147659 0.000259412 0.000428403 0.000670177 0.0009985 0.00142626 0.00196964 0.00265446 0.00352077 0.00462081 0.00600881 0.00772799 0.0098041 0.0122514 0.0150859 0.0183312 0.0220094 0.0261213 0.0306347 0.0354894 0.0406129 0.0459308 0.0513644 0.0568215 0.0621923 0.0673557 0.0721917 0.0765932 0.0804712 0.0837541 0.0863847 0.0883183 0.0895245 0.0899892 0.0897176 0.088733 0.0870745 0.0847921 0.0819423 0.0785851 0.0747821 0.0705954 0.0660872 0.0613192 0.0563509 0.0512383 0.0460322 0.0407774 0.0355123 0.0302688 0.0250736 0.0199489 0.0149135 0.009984 0.00517519 0.000500455 -0.00402805 -0.00839945 -0.0126043 -0.0166345 -0.0204838 -0.0241472 -0.0276217 -0.0309053 -0.0339978 -0.0369001 -0.0396143 -0.0421436 -0.0444919 -0.0466642 -0.0486661 -0.050504 -0.0521848 -0.0537158 -0.0551046 -0.0563594 -0.0574882 -0.0584994 -0.0594013 -0.060202 -0.0609096 -0.0615321 -0.0620769 -0.0625513 -0.0629623 -0.0633163 -0.0636194 -0.0638772 -0.0640949 -0.064277 -0.064428 -0.0645513 -0.0646502 -0.0647275 -0.0647853 -0.0648253 -0.0648489 -0.0648566 -0.0648489 -0.0648253 -0.0647853 -0.0647275 -0.0646502 -0.0645513 -0.064428 -0.064277 -0.0640949 -0.0638772 -0.0636194 -0.0633163 -0.0629623 -0.0625513 -0.0620769 -0.0615321 -0.0609096 -0.060202 -0.0594013 -0.0584994 -0.0574882 -0.0563594 -0.0551046 -0.0537158 -0.0521848 -0.050504 -0.0486661 -0.0466642 -0.0444919 -0.0421436 -0.0396143 -0.0369001 -0.0339978 -0.0309053 -0.0276217 -0.0241472 -0.0204838 -0.0166345 -0.0126043 -0.00839945 -0.00402805 0.000500455 0.00517519 0.009984 0.0149135 0.0199489 0.0250736 0.0302688 0.0355123 0.0407774 0.0460322 0.0512383 0.0563509 0.0613192 0.0660872 0.0705954 0.0747821 0.0785851 0.0819423 0.0847921 0.0870745 0.088733 0.0897176 0.0899892 0.0895245 0.0883183 0.0863847 0.0837541 0.0804712 0.0765932 0.0721917 0.0673557 0.0621923 0.0568215 0.0513644 0.0459308 0.0406129 0.0354894 0.0306347 0.0261213 0.0220094 0.0183312 0.0150859 0.0122514 0.0098041 0.00772799 0.00600881 0.00462081 0.00352077 0.00265446 0.00196964 0.00142626 0.000998504 0.000670209 0.000428537 0.000259884 0.00014912 8.11241e-05 4.29074e-05 
0 5.80209e-05 0.000134181 0.000246972 0.000414848 0.000655021 0.000982439 0.00141073 0.00195652 0.00264614 0.00352077 0.00463459 0.00604409 0.00779407 0.00991077 0.0124088 0.0153055 0.0186275 0.0223984 0.026617 0.0312451 0.0362176 0.0414608 0.0469022 0.0524617 0.0580403 0.0635187 0.0687689 0.0736697 0.0781166 0.0820232 0.0853179 0.0879421 0.0898509 0.0910184 0.0914412 0.0911384 0.0901483 0.088522 0.0863178 0.0835969 0.0804211 0.0768522 0.0729518 0.0687805 0.0643966 0.0598544 0.0552022 0.0504819 0.0457282 0.0409695 0.0362285 0.0315238 0.0268704 0.0222812 0.017767 0.0133375 0.00900079 0.0047643 0.000634481 -0.00338281 -0.00728221 -0.0110587 -0.0147073 -0.0182236 -0.0216031 -0.0248418 -0.0279361 -0.0308831 -0.0336806 -0.0363273 -0.0388227 -0.0411673 -0.0433628 -0.0454115 -0.0473168 -0.0490827 -0.0507138 -0.0522154 -0.0535932 -0.0548531 -0.0560014 -0.0570444 -0.0579884 -0.0588398 -0.0596047 -0.0602893 -0.0608994 -0.0614405 -0.0619179 -0.0623367 -0.0627013 -0.0630159 -0.0632844 -0.0635102 -0.0636962 -0.0638449 -0.0639585 -0.0640384 -0.0640859 -0.0641016 -0.0640859 -0.0640384 -0.0639585 -0.0638449 -0.0636962 -0.0635102 -0.0632844 -0.0630159 -0.0627013 -0.0623367 -0.0619179 -0.0614405 -0.0608994 -0.0602893 -0.0596047 -0.0588398 -0.0579884 -0.0570444 -0.0560014 -0.0548531 -0.0535932 -0.0522154 -0.0507138 -0.0490827 -0.0473168 -0.0454115 -0.0433628 -0.0411673 -0.0388227 -0.0363273 -0.0336806 -0.0308831 -0.0279361 -0.0248418 -0.0216031 -0.0182236 -0.0147073 -0.0110587 -0.00728221 -0.00338281 0.000634481 0.0047643 0.00900079 0.0133375 0.017767 0.0222812 0.0268704 0.0315238 0.0362285 0.0409695 0.0457282 0.0504819 0.0552022 0.0598544 0.0643966 0.0687805 0.0729518 0.0768522 0.0804211 0.0835969 0.0863178 0.088522 0.0901483 0.0911384 0.0914412 0.0910184 0.0898509 0.0879421 0.0853179 0.0820232 0.0781166 0.0736697 0.0687689 0.0635187 0.0580403 0.0524617 0.0469022 0.0414608 0.0362176 0.0312451 0.026617 0.0223984 0.0186275 0.0153055 0.0124088 0.00991077 0.00779407 0.00604409 0.00463459 0.00352077 0.00264614 0.00195652 0.00141076 0.000982565 0.000655462 0.000416215 0.000250829 0.00014419 8.20839e-05 
0 9.86687e-05 0.000221787 0.000392682 0.000632217 0.000957866 0.00138479 0.00193035 0.00262126 0.00349948 0.00462081 0.00604409 0.0078162 0.00996441 0.0125037 0.0154529 0.0188407 0.0226925 0.0270047 0.0317338 0.0368098 0.0421582 0.0477072 0.0533736 0.0590493 0.0646051 0.0699082 0.0748393 0.0792976 0.0831982 0.0864675 0.0890439 0.0908835 0.0919663 0.0922997 0.0919147 0.09086 0.0891952 0.0869851 0.084297 0.0812001 0.0777638 0.074056 0.0701409 0.0660764 0.0619116 0.0576868 0.0534335 0.0491758 0.044932 0.0407164 0.03654 0.0324119 0.0283388 0.0243259 0.0203766 0.0164931 0.0126769 0.00892893 0.00525027 0.00164261 -0.00189159 -0.00534896 -0.00872523 -0.0120155 -0.0152142 -0.0183159 -0.0213151 -0.0242065 -0.0269855 -0.0296483 -0.0321918 -0.0346135 -0.0369121 -0.0390871 -0.0411386 -0.0430676 -0.0448757 -0.0465653 -0.0481391 -0.0496005 -0.0509531 -0.0522008 -0.053348 -0.0543989 -0.0553581 -0.0562301 -0.0570193 -0.0577301 -0.0583668 -0.0589334 -0.0594337 -0.0598713 -0.0602494 -0.0605709 -0.0608386 -0.0610545 -0.0612205 -0.061338 -0.0614081 -0.0614314 -0.0614081 -0.061338 -0.0612205 -0.0610545 -0.0608386 -0.0605709 -0.0602494 -0.0598713 -0.0594337 -0.0589334 -0.0583668 -0.0577301 -0.0570193 -0.0562301 -0.0553581 -0.0543989 -0.053348 -0.0522008 -0.0509531 -0.0496005 -0.0481391 -0.0465653 -0.0448757 -0.0430676 -0.0411386 -0.0390871 -0.0369121 -0.0346135 -0.0321918 -0.0296483 -0.0269855 -0.0242065 -0.0213151 -0.0183159 -0.0152142 -0.0120155 -0.00872523 -0.00534896 -0.00189159 0.00164261 0.00525027 0.00892893 0.0126769 0.0164931 0.0203766 0.0243259 0.0283388 0.0324119 0.03654 0.0407164 0.044932 0.0491758 0.0534335 0.0576868 0.0619116 0.0660764 0.0701409 0.074056 0.0777638 0.0812001 0.084297 0.0869851 0.0891952 0.09086 0.0919147 0.0922997 0.0919663 0.0908835 0.0890439 0.0864675 0.0831982 0.0792976 0.0748393 0.0699082 0.0646051 0.0590493 0.0533736 0.0477072 0.0421582 0.0368098 0.0317338 0.0270047 0.0226925 0.0188407 0.0154529 0.0125037 0.00996441 0.0078162 0.00604409 0.00462081 0.00349948 0.00262129 0.00193046 0.0013852 0.000959123 0.000635782 0.000401996 0.000244348 0.000149528 
0 0.00015901 0.000348194 0.00059487 0.000921669 0.00134725 0.00189084 0.00257994 0.00345713 0.00457966 0.00600881 0.00779407 0.00996441 0.0125355 0.0155269 0.0189695 0.02289 0.0272836 0.0321021 0.037271 0.0427152 0.0483627 0.0541258 0.0598858 0.0655032 0.0708423 0.0757864 0.0802376 0.0841093 0.0873244 0.0898199 0.091556 0.0925226 0.0927378 0.092242 0.0910897 0.0893441 0.0870745 0.0843552 0.0812646 0.0778818 0.074283 0.0705371 0.0667025 0.0628258 0.0589422 0.0550773 0.0512493 0.0474705 0.0437488 0.0400886 0.036491 0.0329549 0.0294769 0.0260525 0.0226766 0.0193445 0.0160524 0.0127978 0.0095799 0.00639919 0.00325771 0.000158618 -0.00289406 -0.00589567 -0.00884115 -0.0117252 -0.0145425 -0.0172876 -0.0199555 -0.0225412 -0.02504 -0.0274479 -0.029761 -0.0319763 -0.0340913 -0.0361041 -0.0380134 -0.0398188 -0.0415203 -0.0431185 -0.0446146 -0.0460105 -0.047308 -0.0485097 -0.0496183 -0.0506365 -0.0515676 -0.0524144 -0.0531801 -0.0538677 -0.0544801 -0.05502 -0.0554899 -0.0558923 -0.0562291 -0.0565021 -0.0567129 -0.0568627 -0.0569521 -0.0569819 -0.0569521 -0.0568627 -0.0567129 -0.0565021 -0.0562291 -0.0558923 -0.0554899 -0.05502 -0.0544801 -0.0538677 -0.0531801 -0.0524144 -0.0515676 -0.0506365 -0.0496183 -0.0485097 -0.047308 -0.0460105 -0.0446146 -0.0431185 -0.0415203 -0.0398188 -0.0380134 -0.0361041 -0.0340913 -0.0319763 -0.029761 -0.0274479 -0.02504 -0.0225412 -0.0199555 -0.0172876 -0.0145425 -0.0117252 -0.00884115 -0.00589567 -0.00289406 0.000158618 0.00325771 0.00639919 0.0095799 0.0127978 0.0160524 0.0193445 0.0226766 0.0260525 0.0294769 0.0329549 0.036491 0.0400886 0.0437488 0.0474705 0.0512493 0.0550773 0.0589422 0.0628258 0.0667025 0.0705371 0.074283 0.0778818 0.0812646 0.0843552 0.0870745 0.0893441 0.0910897 0.092242 0.0927378 0.0925226 0.091556 0.0898199 0.0873244 0.0841093 0.0802376 0.0757864 0.0708423 0.0655032 0.0598858 0.0541258 0.0483627 0.0427152 0.037271 0.0321021 0.0272836 0.02289 0.0189695 0.0155269 0.0125355 0.00996441 0.00779407 0.00600881 0.00457969 0.00345724 0.00258031 0.00189197 0.00135049 0.000930203 0.000615712 0.000395587 0.000259554 
0 0.000243137 0.000520287 0.00086157 0.00129208 0.00183541 0.00252139 0.00339385 0.00451163 0.00593874 0.00772799 0.00991077 0.0125037 0.0155269 0.0190125 0.0229893 0.0274518 0.0323486 0.0376013 0.0431337 0.0488733 0.0547269 0.0605647 0.0662378 0.0716083 0.0765627 0.0810025 0.0848362 0.0879816 0.0903766 0.0919892 0.0928205 0.0928991 0.0922715 0.0909954 0.0891377 0.0867734 0.0839852 0.0808609 0.0774871 0.0739443 0.0703026 0.0666196 0.0629407 0.0593004 0.0557245 0.0522307 0.0488301 0.0455271 0.0423202 0.0392033 0.0361664 0.0331975 0.0302842 0.0274147 0.024579 0.021769 0.018979 0.0162054 0.0134461 0.0107006 0.00796969 0.00525498 0.00255901 -0.000114952 -0.0027629 -0.00538022 -0.00796176 -0.010502 -0.012995 -0.015435 -0.0178161 -0.0201327 -0.0223795 -0.0245516 -0.0266449 -0.0286556 -0.0305807 -0.0324178 -0.0341651 -0.0358214 -0.0373861 -0.0388589 -0.0402403 -0.0415308 -0.0427315 -0.0438436 -0.0448686 -0.0458081 -0.046664 -0.0474379 -0.0481316 -0.0487469 -0.0492854 -0.0497487 -0.0501382 -0.0504551 -0.0507005 -0.0508752 -0.0509798 -0.0510146 -0.0509798 -0.0508752 -0.0507005 -0.0504551 -0.0501382 -0.0497487 -0.0492854 -0.0487469 -0.0481316 -0.0474379 -0.046664 -0.0458081 -0.0448686 -0.0438436 -0.0427315 -0.0415308 -0.0402403 -0.0388589 -0.0373861 -0.0358214 -0.0341651 -0.0324178 -0.0305807 -0.0286556 -0.0266449 -0.0245516 -0.0223795 -0.0201327 -0.0178161 -0.015435 -0.012995 -0.010502 -0.00796176 -0.00538022 -0.0027629 -0.000114952 0.00255901 0.00525498 0.00796969 0.0107006 0.0134461 0.0162054 0.018979 0.021769 0.024579 0.0274147 0.0302842 0.0331975 0.0361664 0.0392033 0.0423202 0.0455271 0.0488301 0.0522307 0.0557245 0.0593004 0.0629407 0.0666196 0.0703026 0.0739443 0.0774871 0.0808609 0.0839852 0.0867734 0.0891377 0.0909954 0.0922715 0.0928991 0.0928205 0.0919892 0.0903766 0.0879816 0.0848362 0.0810025 0.0765627 0.0716083 0.0662378 0.0605647 0.0547269 0.0488733 0.0431337 0.0376013 0.0323486 0.0274518 0.0229893 0.0190125 0.0155269 0.0125037 0.00991078 0.00772801 0.00593884 0.00451195 0.00339486 0.00252429 0.00184311 0.00131105 0.000905111 0.000613553 0.000429823 
0 0.000353582 0.000742407 0.00119881 0.00175326 0.00244061 0.00330787 0.00441665 0.00583456 0.00761873 0.0098041 0.0124088 0.0154529 0.0189695 0.0229893 0.027508 0.0324722 0.0378 0.0434133 0.0492389 0.0551783 0.0610911 0.0668193 0.072224 0.0771938 0.0816273 0.0854243 0.0884975 0.0907884 0.0922745 0.0929668 0.0929011 0.0921273 0.0907062 0.0887109 0.0862263 0.0833455 0.080164 0.0767725 0.0732513 0.0696686 0.0660806 0.0625327 0.0590613 0.0556945 0.052451 0.0493412 0.0463666 0.0435214 0.040794 0.0381694 0.035631 0.0331622 0.0307477 0.0283737 0.0260286 0.0237021 0.0213862 0.0190742 0.016761 0.0144433 0.0121194 0.00978932 0.00745443 0.00511764 0.00278301 0.000455497 -0.00185922 -0.00415508 -0.00642579 -0.00866506 -0.0108667 -0.0130248 -0.0151338 -0.0171884 -0.0191838 -0.0211156 -0.0229799 -0.0247733 -0.0264928 -0.0281357 -0.0297 -0.031184 -0.0325865 -0.0339064 -0.0351433 -0.0362968 -0.037367 -0.0383542 -0.0392586 -0.040081 -0.0408219 -0.0414821 -0.0420623 -0.0425634 -0.042986 -0.0433308 -0.0435983 -0.0437891 -0.0439034 -0.0439415 -0.0439034 -0.0437891 -0.0435983 -0.0433308 -0.042986 -0.0425634 -0.0420623 -0.0414821 -0.0408219 -0.040081 -0.0392586 -0.0383542 -0.037367 -0.0362968 -0.0351433 -0.0339064 -0.0325865 -0.031184 -0.0297 -0.0281357 -0.0264928 -0.0247733 -0.0229799 -0.0211156 -0.0191838 -0.0171884 -0.0151338 -0.0130248 -0.0108667 -0.00866506 -0.00642579 -0.00415508 -0.00185922 0.000455497 0.00278301 0.00511764 0.00745443 0.00978932 0.0121194 0.0144433 0.016761 0.0190742 0.0213862 0.0237021 0.0260286 0.0283737 0.0307477 0.0331622 0.035631 0.0381694 0.040794 0.0435214 0.0463666 0.0493412 0.052451 0.0556945 0.0590613 0.0625327 0.0660806 0.0696686 0.0732513 0.0767725 0.080164 0.0833455 0.0862263 0.0887109 0.0907062 0.0921273 0.0929011 0.0929668 0.0922745 0.0907884 0.0884975 0.0854243 0.0816273 0.0771938 0.072224 0.0668193 0.0610911 0.0551783 0.0492389 0.0434133 0.0378 0.0324722 0.027508 0.0229893 0.0189695 0.0154529 0.0124088 0.00980418 0.00761901 0.00583545 0.00441921 0.00331471 0.00245762 0.0017927 0.00128416 0.000915051 0.000680301 
0 0.000490955 0.00101656 0.00161247 0.00231954 0.00319024 0.0042912 0.00569561 0.00746689 0.00964529 0.0122514 0.0153055 0.0188407 0.02289 0.0274518 0.0324722 0.0378663 0.0435534 0.0494588 0.0554797 0.0614664 0.0672523 0.0726975 0.0776917 0.0821281 0.0858961 0.0889039 0.0910995 0.0924698 0.0930322 0.0928248 0.0918997 0.0903224 0.0881758 0.0855572 0.0825696 0.0793136 0.0758809 0.0723505 0.0687893 0.0652544 0.0617931 0.0584439 0.0552348 0.0521829 0.049295 0.0465689 0.0439953 0.0415609 0.0392498 0.0370456 0.0349317 0.0328918 0.0309099 0.0289709 0.0270602 0.0251649 0.0232734 0.0213764 0.019467 0.0175404 0.0155943 0.0136285 0.0116442 0.00964419 0.00763214 0.00561255 0.00359032 0.0015707 -0.000440816 -0.00243871 -0.00441733 -0.00637115 -0.00829463 -0.0101824 -0.0120293 -0.0138303 -0.0155808 -0.0172764 -0.018913 -0.0204872 -0.0219955 -0.0234353 -0.0248039 -0.0260994 -0.0273201 -0.0284644 -0.0295314 -0.0305202 -0.0314303 -0.0322611 -0.0330126 -0.0336846 -0.034277 -0.0347901 -0.0352239 -0.0355785 -0.0358542 -0.036051 -0.036169 -0.0362083 -0.036169 -0.036051 -0.0358542 -0.0355785 -0.0352239 -0.0347901 -0.034277 -0.0336846 -0.0330126 -0.0322611 -0.0314303 -0.0305202 -0.0295314 -0.0284644 -0.0273201 -0.0260994 -0.0248039 -0.0234353 -0.0219955 -0.0204872 -0.018913 -0.0172764 -0.0155808 -0.0138303 -0.0120293 -0.0101824 -0.00829463 -0.00637115 -0.00441733 -0.00243871 -0.000440816 0.0015707 0.00359032 0.00561255 0.00763214 0.00964419 0.0116442 0.0136285 0.0155943 0.0175404 0.019467 0.0213764 0.0232734 0.0251649 0.0270602 0.0289709 0.0309099 0.0328918 0.0349317 0.0370456 0.0392498 0.0415609 0.0439953 0.0465689 0.049295 0.0521829 0.0552348 0.0584439 0.0617931 0.0652544 0.0687893 0.0723505 0.0758809 0.0793136 0.0825696 0.0855572 0.0881758 0.0903224 0.0918997 0.0928248 0.0930322 0.0924698 0.0910995 0.0889039 0.0858961 0.0821281 0.0776917 0.0726975 0.0672523 0.0614664 0.0554797 0.0494588 0.0435534 0.0378663 0.0324722 0.0274518 0.02289 0.0188407 0.0153056 0.0122517 0.00964605 0.0074691 0.0057016 0.00430623 0.00322545 0.00239659 0.00177008 0.00131821 0.00103178 
0 0.000654721 0.0013445 0.00211171 0.00301274 0.00412017 0.00551515 0.00727032 0.00943434 0.0120326 0.0150859 0.0186275 0.0226925 0.0272836 0.0323486 0.0378 0.0435534 0.0495321 0.0556306 0.0616913 0.0675396 0.0730332 0.0780619 0.0825125 0.0862629 0.0892184 0.0913351 0.0926082 0.0930564 0.0927167 0.0916441 0.0899119 0.0876147 0.0848617 0.0817626 0.0784195 0.0749241 0.0713561 0.0677848 0.0642713 0.0608659 0.0576062 0.0545177 0.0516123 0.0488917 0.0463505 0.0439779 0.0417611 0.0396857 0.0377362 0.0358963 0.0341487 0.0324754 0.0308589 0.0292823 0.0277302 0.0261896 0.0246494 0.0231013 0.0215389 0.019958 0.0183559 0.016731 0.0150834 0.0134136 0.0117234 0.0100153 0.00829253 0.00655905 0.00481931 0.00307832 0.00134142 -0.00038591 -0.00209793 -0.00378912 -0.00545386 -0.0070869 -0.00868313 -0.0102378 -0.0117464 -0.0132048 -0.0146095 -0.0159568 -0.0172437 -0.0184676 -0.019626 -0.0207168 -0.0217382 -0.0226886 -0.0235666 -0.0243711 -0.0251011 -0.0257559 -0.0263349 -0.0268375 -0.0272633 -0.0276121 -0.0278836 -0.0280776 -0.0281941 -0.0282329 -0.0281941 -0.0280776 -0.0278836 -0.0276121 -0.0272633 -0.0268375 -0.0263349 -0.0257559 -0.0251011 -0.0243711 -0.0235666 -0.0226886 -0.0217382 -0.0207168 -0.019626 -0.0184676 -0.0172437 -0.0159568 -0.0146095 -0.0132048 -0.0117464 -0.0102378 -0.00868313 -0.0070869 -0.00545386 -0.00378912 -0.00209793 -0.00038591 0.00134142 0.00307832 0.00481931 0.00655905 0.00829253 0.0100153 0.0117234 0.0134136 0.0150834 0.016731 0.0183559 0.019958 0.0215389 0.0231013 0.0246494 0.0261896 0.0277302 0.0292823 0.0308589 0.0324754 0.0341487 0.0358963 0.0377362 0.0396857 0.0417611 0.0439779 0.0463505 0.0488917 0.0516123 0.0545177 0.0576062 0.0608659 0.0642713 0.0677848 0.0713561 0.0749241 0.0784195 0.0817626 0.0848617 0.0876147 0.0899119 0.0916441 0.0927167 0.0930564 0.0926082 0.0913351 0.0892184 0.0862629 0.0825125 0.0780619 0.0730332 0.0675396 0.0616913 0.0556306 0.0495321 0.0435534 0.0378 0.0323486 0.0272836 0.0226926 0.0186277 0.0150865 0.0120345 0.0094395 0.00728341 0.00554614 0.00418878 0.00315476 0.00238681 0.00184367 0.00150475 
0 0.000845277 0.00173133 0.00271232 0.00386231 0.00526925 0.00701697 0.00916619 0.0117508 0.0147946 0.0183312 0.0223984 0.0270047 0.0321021 0.0376013 0.0434133 0.0494588 0.0556306 0.0617662 0.0676828 0.0732336 0.0783075 0.0827846 0.0865319 0.0894521 0.0915101 0.0927076 0.0930597 0.0926005 0.0913911 0.0895158 0.0870799 0.0842014 0.0809927 0.0775548 0.0739812 0.0703565 0.066755 0.0632423 0.0598697 0.0566712 0.0536674 0.050866 0.0482651 0.0458586 0.0436368 0.0415868 0.0396946 0.0379432 0.0363139 0.0347877 0.033345 0.0319678 0.0306399 0.0293467 0.0280768 0.0268198 0.025567 0.0243113 0.0230462 0.0217664 0.0204675 0.0191461 0.0178004 0.0164291 0.015033 0.0136133 0.0121724 0.0107138 0.0092412 0.00775927 0.00627256 0.00478615 0.003305 0.00183415 0.000378639 -0.00105678 -0.00246723 -0.00384832 -0.00519551 -0.0065048 -0.00777214 -0.0089939 -0.0101666 -0.0112871 -0.0123523 -0.0133597 -0.0143068 -0.0151913 -0.0160114 -0.0167652 -0.0174514 -0.0180685 -0.0186155 -0.0190912 -0.0194951 -0.0198264 -0.0200846 -0.0202693 -0.0203803 -0.0204172 -0.0203803 -0.0202693 -0.0200846 -0.0198264 -0.0194951 -0.0190912 -0.0186155 -0.0180685 -0.0174514 -0.0167652 -0.0160114 -0.0151913 -0.0143068 -0.0133597 -0.0123523 -0.0112871 -0.0101666 -0.0089939 -0.00777214 -0.0065048 -0.00519551 -0.00384832 -0.00246723 -0.00105678 0.000378639 0.00183415 0.003305 0.00478615 0.00627256 0.00775927 0.0092412 0.0107138 0.0121724 0.0136133 0.015033 0.0164291 0.0178004 0.0191461 0.0204675 0.0217664 0.0230462 0.0243113 0.025567 0.0268198 0.0280768 0.0293467 0.0306399 0.0319678 0.033345 0.0347877 0.0363139 0.0379432 0.0396946 0.0415868 0.0436368 0.0458586 0.0482651 0.050866 0.0536674 0.0566712 0.0598697 0.0632423 0.066755 0.0703565 0.0739812 0.0775548 0.0809927 0.0842014 0.0870799 0.0895158 0.0913911 0.0926005 0.0930597 0.0927076 0.0915101 0.0894521 0.0865319 0.0827846 0.0783075 0.0732336 0.0676828 0.0617662 0.0556306 0.0494588 0.0434133 0.0376014 0.0321021 0.0270049 0.022399 0.0183328 0.014799 0.011762 0.00919307 0.00707721 0.00539552 0.00411006 0.00316766 0.00251653 0.00211947 
