0 0 0 0 0 0 0 0 0 0 0 0 0 0 0 0 0 0 0 0 0 0 0 0 0 0 0 0 0 0 0 0 0 0 0 0 0 0 0 0 0 0 0 0 0 0 0 0 0 0 0 0 0 0 0 0 0 0 0 0 0 0 0 0 0 0 0 0 0 0 0 0 0 0 0 0 0 0 0 0 0 0 0 0 0 0 0 0 0 0 0 0 0 0 0 0 0 0 0 0 0 0 0 0 0 0 0 0 0 0 0 0 0 0 0 0 0 0 0 0 0 0 0 0 0 0 0 0 0 0 0 0 0 0 0 0 0 0 0 0 0 0 0 0 0 0 0 0 0 0 0 0 0 0 0 0 0 0 0 0 0 0 0 0 0 0 0 0 0 0 0 0 0 0 0 0 0 0 0 0 0 0 0 0 0 0 0 0 0 0 0 0 0 0 0 0 0 0 0 0 
0 3.72393e-19 2.31516e-18 1.34278e-17 7.4292e-17 3.92308e-16 1.97724e-15 9.51088e-15 4.36598e-14 1.91249e-13 7.99327e-13 3.18708e-12 1.21209e-11 4.39618e-11 1.5203e-10 5.01199e-10 1.57481e-09 4.71519e-09 1.34504e-08 3.65481e-08 9.45842e-08 2.33105e-07 5.47067e-07 1.22262e-06 2.60222e-06 5.27592e-06 1.0193e-05 1.87753e-05 3.29963e-05 5.53807e-05 8.88824e-05 0.000136627 0.000201555 0.000286061 0.000391768 0.000519549 0.000669884 0.000843476 0.00104197 0.00126856 0.00152817 0.00182724 0.00217287 0.00257178 0.00302911 0.00354743 0.00412624 0.00476191 0.00544817 0.00617682 0.00693866 0.00772427 0.00852456 0.00933103 0.0101358 0.0109314 0.0117105 0.0124658 0.0131894 0.0138736 0.0145104 0.015092 0.0156113 0.0160617 0.0164383 0.0167373 0.0169566 0.0170957 0.0171556 0.0171389 0.0170493 0.0168915 0.0166711 0.0163943 0.0160676 0.0156977 0.0152915 0.0148555 0.0143964 0.0139202 0.0134329 0.0129402 0.012447 0.0119583 0.0114783 0.0110111 0.0105602 0.0101288 0.00971987 0.00933579 0.00897881 0.00865084 0.00835352 0.00808825 0.00785619 0.00765832 0.00749541 0.0073681 0.00727684 0.00722195 0.00720363 0.00722195 0.00727684 0.0073681 0.00749541 0.00765832 0.00785619 0.00808825 0.00835352 0.00865084 0.00897881 0.00933579 0.00971987 0.0101288 0.0105602 0.0110111 0.0114783 0.0119583 0.012447 0.0129402 0.0134329 0.0139202 0.0143964 0.0148555 0.0152915 0.0156977 0.0160676 0.0163943 0.0166711 0.0168915 0.0170493 0.0171389 0.0171556 0.0170957 0.0169566 0.0167373 0.0164383 0.0160617 0.0156113 0.015092 0.0145104 0.0138736 0.0131894 0.0124658 0.0117105 0.0109314 0.0101358 0.00933103 0.00852456 0.00772427 0.00693866 0.00617682 0.00544817 0.00476191 0.00412624 0.00354743 0.00302911 0.00257178 0.00217287 0.00182724 0.00152817 0.00126856 0.00104197 0.000843476 0.000669884 0.000519549 0.000391768 0.000286061 0.000201555 0.000136627 8.88824e-05 5.53807e-05 3.29963e-05 1.87753e-05 1.0193e-05 5.27592e-06 2.60222e-06 1.22262e-06 5.47067e-07 2.33105e-07 9.45842e-08 3.65481e-08 1.34504e-08 4.71519e-09 1.57481e-09 5.01199e-10 1.5203e-10 4.39618e-11 1.21209e-11 3.18708e-12 7.99327e-13 1.91249e-13 4.36598e-14 9.51088e-15 1.97724e-15 3.92308e-16 7.42915e-17 1.34246e-17 2.29402e-18 2.39657e-19 
0 2.31516e-18 1.39191e-17 7.79604e-17 4.16568e-16 2.12472e-15 1.03445e-14 4.80705e-14 2.1319e-13 9.02245e-13 3.64323e-12 1.40341e-11 5.15628e-11 1.80659e-10 6.03487e-10 1.92162e-09 5.83134e-09 1.68611e-08 4.6445e-08 1.2186e-07 3.04513e-07 7.24673e-07 1.64239e-06 3.5453e-06 7.29063e-06 1.4288e-05 2.66994e-05 4.76079e-05 8.10845e-05 0.00013208 0.000206102 0.000308713 0.000444955 0.000618916 0.000833616 0.00109136 0.00139451 0.0017465 0.00215271 0.00262099 0.00316138 0.00378529 0.00450395 0.00532684 0.00626018 0.00730589 0.00846126 0.00971919 0.0110689 0.012497 0.0139882 0.0155264 0.0170952 0.018678 0.020258 0.0218185 0.0233426 0.0248133 0.026214 0.0275281 0.0287404 0.0298368 0.030805 0.031635 0.0323193 0.0328531 0.0332344 0.0334636 0.033544 0.0334808 0.0332813 0.0329545 0.0325108 0.0319613 0.031318 0.0305933 0.0297996 0.0289496 0.0280552 0.0271284 0.0261805 0.025222 0.024263 0.0233127 0.0223796 0.0214714 0.0205951 0.019757 0.0189626 0.0182168 0.0175238 0.0168873 0.0163104 0.0157958 0.0153458 0.0149622 0.0146464 0.0143997 0.0142229 0.0141165 0.014081 0.0141165 0.0142229 0.0143997 0.0146464 0.0149622 0.0153458 0.0157958 0.0163104 0.0168873 0.0175238 0.0182168 0.0189626 0.019757 0.0205951 0.0214714 0.0223796 0.0233127 0.024263 0.025222 0.0261805 0.0271284 0.0280552 0.0289496 0.0297996 0.0305933 0.031318 0.0319613 0.0325108 0.0329545 0.0332813 0.0334808 0.033544 0.0334636 0.0332344 0.0328531 0.0323193 0.031635 0.030805 0.0298368 0.0287404 0.0275281 0.026214 0.0248133 0.0233426 0.0218185 0.020258 0.018678 0.0170952 0.0155264 0.0139882 0.012497 0.0110689 0.00971919 0.00846126 0.00730589 0.00626018 0.00532684 0.00450395 0.00378529 0.00316138 0.00262099 0.00215271 0.0017465 0.00139451 0.00109136 0.000833616 0.000618916 0.000444955 0.000308713 0.000206102 0.00013208 8.10845e-05 4.76079e-05 2.66994e-05 1.4288e-05 7.29063e-06 3.5453e-06 1.64239e-06 7.24673e-07 3.04513e-07 1.2186e-07 4.6445e-08 1.68611e-08 5.83134e-09 1.92162e-09 6.03487e-10 1.80659e-10 5.15628e-11 1.40341e-11 3.64323e-12 9.02245e-13 2.1319e-13 4.80705e-14 1.03445e-14 2.12472e-15 4.16565e-16 7.79395e-17 1.37866e-17 1.5133e-18 
0 1.34278e-17 7.79604e-17 4.20931e-16 2.16798e-15 1.06582e-14 5.00106e-14 2.23949e-13 9.56936e-13 3.90116e-12 1.51706e-11 5.62628e-11 1.98954e-10 6.70655e-10 2.15454e-09 6.59501e-09 1.923e-08 5.34011e-08 1.41203e-07 3.55463e-07 8.51836e-07 1.9432e-06 4.21997e-06 8.72608e-06 1.7187e-05 3.22619e-05 5.77609e-05 9.87418e-05 0.000161401 0.000252717 0.000379894 0.000549757 0.000768324 0.00104078 0.00137195 0.00176715 0.00223321 0.00277919 0.00341653 0.00415851 0.00501901 0.00601096 0.00714478 0.00842727 0.00986087 0.0114436 0.0131694 0.0150285 0.0170079 0.0190919 0.0212621 0.0234978 0.0257759 0.0280714 0.0303574 0.0326065 0.0347907 0.0368828 0.038857 0.0406897 0.0423599 0.0438501 0.0451463 0.0462378 0.0471181 0.0477837 0.0482347 0.0484743 0.0485086 0.0483461 0.0479976 0.0474757 0.0467946 0.0459699 0.0450178 0.0439551 0.0427991 0.0415668 0.0402751 0.0389404 0.0375783 0.0362038 0.0348307 0.033472 0.0321395 0.0308441 0.0295955 0.0284023 0.0272724 0.0262123 0.025228 0.0243246 0.0235062 0.0227767 0.0221389 0.0215954 0.0211482 0.0207988 0.0205484 0.0203979 0.0203477 0.0203979 0.0205484 0.0207988 0.0211482 0.0215954 0.0221389 0.0227767 0.0235062 0.0243246 0.025228 0.0262123 0.0272724 0.0284023 0.0295955 0.0308441 0.0321395 0.033472 0.0348307 0.0362038 0.0375783 0.0389404 0.0402751 0.0415668 0.0427991 0.0439551 0.0450178 0.0459699 0.0467946 0.0474757 0.0479976 0.0483461 0.0485086 0.0484743 0.0482347 0.0477837 0.0471181 0.0462378 0.0451463 0.0438501 0.0423599 0.0406897 0.038857 0.0368828 0.0347907 0.0326065 0.0303574 0.0280714 0.0257759 0.0234978 0.0212621 0.0190919 0.0170079 0.0150285 0.0131694 0.0114436 0.00986087 0.00842727 0.00714478 0.00601096 0.00501901 0.00415851 0.00341653 0.00277919 0.00223321 0.00176715 0.00137195 0.00104078 0.000768324 0.000549757 0.000379894 0.000252717 0.000161401 9.87418e-05 5.77609e-05 3.22619e-05 1.7187e-05 8.72608e-06 4.21997e-06 1.9432e-06 8.51836e-07 3.55463e-07 1.41203e-07 5.34011e-08 1.923e-08 6.59501e-09 2.15454e-09 6.70655e-10 1.98954e-10 5.62628e-11 1.51706e-11 3.90116e-12 9.56936e-13 2.23949e-13 5.00106e-14 1.06582e-14 2.16796e-15 4.20805e-16 7.71869e-17 8.9251e-18 
0 7.4292e-17 4.16568e-16 2.16798e-15 1.07611e-14 5.09786e-14 2.30465e-13 9.94125e-13 4.09088e-12 1.60561e-11 6.00917e-11 2.14401e-10 7.29063e-10 2.36213e-09 7.28989e-09 2.14236e-08 5.99374e-08 1.59597e-07 4.04371e-07 9.74734e-07 2.23512e-06 4.87554e-06 1.01183e-05 1.99841e-05 3.75817e-05 6.73473e-05 0.000115133 0.000188049 0.00029403 0.000441215 0.000637347 0.00088949 0.00120427 0.00158867 0.00205117 0.00260269 0.00325708 0.00403055 0.00494038 0.00600309 0.00723253 0.00863857 0.0102265 0.011997 0.0139471 0.0160703 0.0183576 0.0207972 0.0233741 0.0260699 0.0288619 0.0317233 0.0346232 0.0375275 0.0403998 0.0432033 0.0459016 0.0484603 0.0508483 0.0530382 0.0550072 0.0567368 0.0582134 0.0594279 0.0603754 0.0610553 0.0614703 0.0616268 0.0615344 0.061205 0.0606534 0.0598961 0.0589513 0.0578385 0.056578 0.0551909 0.0536979 0.0521201 0.0504777 0.0487904 0.0470769 0.0453549 0.0436409 0.0419502 0.0402965 0.0386926 0.0371497 0.035678 0.0342864 0.0329825 0.0317732 0.0306643 0.0296607 0.0287666 0.0279855 0.0273201 0.0267728 0.0263454 0.0260391 0.025855 0.0257936 0.025855 0.0260391 0.0263454 0.0267728 0.0273201 0.0279855 0.0287666 0.0296607 0.0306643 0.0317732 0.0329825 0.0342864 0.035678 0.0371497 0.0386926 0.0402965 0.0419502 0.0436409 0.0453549 0.0470769 0.0487904 0.0504777 0.0521201 0.0536979 0.0551909 0.056578 0.0578385 0.0589513 0.0598961 0.0606534 0.061205 0.0615344 0.0616268 0.0614703 0.0610553 0.0603754 0.0594279 0.0582134 0.0567368 0.0550072 0.0530382 0.0508483 0.0484603 0.0459016 0.0432033 0.0403998 0.0375275 0.0346232 0.0317233 0.0288619 0.0260699 0.0233741 0.0207972 0.0183576 0.0160703 0.0139471 0.011997 0.0102265 0.00863857 0.00723253 0.00600309 0.00494038 0.00403055 0.00325708 0.00260269 0.00205117 0.00158867 0.00120427 0.00088949 0.000637347 0.000441215 0.00029403 0.000188049 0.000115133 6.73473e-05 3.75817e-05 1.99841e-05 1.01183e-05 4.87554e-06 2.23512e-06 9.74734e-07 4.04371e-07 1.59597e-07 5.99374e-08 2.14236e-08 7.28989e-09 2.36213e-09 7.29063e-10 2.14401e-10 6.00917e-11 1.60561e-11 4.09088e-12 9.94125e-13 2.30465e-13 5.09786e-14 1.0761e-14 2.16725e-15 4.12272e-16 5.02408e-17 
0 3.92308e-16 2.12472e-15 1.06582e-14 5.09786e-14 2.32675e-13 1.01323e-12 4.20891e-12 1.66739e-11 6.29795e-11 2.26742e-10 7.77862e-10 2.54199e-09 7.91043e-09 2.34334e-08 6.60593e-08 1.77156e-07 4.51829e-07 1.09566e-06 2.52573e-06 5.53431e-06 1.15272e-05 2.28274e-05 4.29985e-05 7.70961e-05 0.000131726 0.000214804 0.000335012 0.00050108 0.000721205 0.00100294 0.00135381 0.00178252 0.00230038 0.00292235 0.00366698 0.00455525 0.00560841 0.00684545 0.00828107 0.00992458 0.0117798 0.013846 0.0161188 0.0185911 0.0212534 0.0240932 0.0270946 0.0302369 0.0334944 0.036836 0.0402259 0.0436248 0.046991 0.0502823 0.0534575 0.0564774 0.0593065 0.0619132 0.0642705 0.0663562 0.0681532 0.0696493 0.0708373 0.0717146 0.0722832 0.0725493 0.072523 0.0722178 0.0716503 0.0708395 0.0698064 0.0685737 0.0671648 0.0656038 0.0639149 0.0621218 0.0602478 0.0583155 0.056346 0.0543594 0.0523746 0.0504088 0.0484779 0.0465963 0.0447771 0.0430319 0.041371 0.0398036 0.0383375 0.0369796 0.035736 0.0346116 0.0336107 0.0327369 0.0319929 0.0313813 0.0309037 0.0305617 0.0303561 0.0302875 0.0303561 0.0305617 0.0309037 0.0313813 0.0319929 0.0327369 0.0336107 0.0346116 0.035736 0.0369796 0.0383375 0.0398036 0.041371 0.0430319 0.0447771 0.0465963 0.0484779 0.0504088 0.0523746 0.0543594 0.056346 0.0583155 0.0602478 0.0621218 0.0639149 0.0656038 0.0671648 0.0685737 0.0698064 0.0708395 0.0716503 0.0722178 0.072523 0.0725493 0.0722832 0.0717146 0.0708373 0.0696493 0.0681532 0.0663562 0.0642705 0.0619132 0.0593065 0.0564774 0.0534575 0.0502823 0.046991 0.0436248 0.0402259 0.036836 0.0334944 0.0302369 0.0270946 0.0240932 0.0212534 0.0185911 0.0161188 0.013846 0.0117798 0.00992458 0.00828107 0.00684545 0.00560841 0.00455525 0.00366698 0.00292235 0.00230038 0.00178252 0.00135381 0.00100294 0.000721205 0.00050108 0.000335012 0.000214804 0.000131726 7.70961e-05 4.29985e-05 2.28274e-05 1.15272e-05 5.53431e-06 2.52573e-06 1.09566e-06 4.51829e-07 1.77156e-07 6.60593e-08 2.34334e-08 7.91043e-09 2.54199e-09 7.77862e-10 2.26742e-10 6.29795e-11 1.66739e-11 4.20891e-12 1.01323e-12 2.32675e-13 5.09779e-14 1.06541e-14 2.10201e-15 2.70078e-16 
0 1.97724e-15 1.03445e-14 5.00106e-14 2.30465e-13 1.01323e-12 4.249e-12 1.69916e-11 6.47779e-11 2.35358e-10 8.1469e-10 2.68573e-09 8.429e-09 2.51746e-08 7.15243e-08 1.93232e-07 4.96227e-07 1.21091e-06 2.8071e-06 6.18068e-06 1.29247e-05 2.56722e-05 4.84523e-05 8.69487e-05 0.000148516 0.000241841 0.000376261 0.000560952 0.000804364 0.00111435 0.00149917 0.00196915 0.00253839 0.00322566 0.00405376 0.00504763 0.00623132 0.00762523 0.00924416 0.0110968 0.0131862 0.0155115 0.0180683 0.0208497 0.0238455 0.0270417 0.0304185 0.0339504 0.0376056 0.0413468 0.0451323 0.0489179 0.0526583 0.0563087 0.0598264 0.0631711 0.0663061 0.0691984 0.0718193 0.0741446 0.076155 0.0778361 0.079179 0.0801799 0.0808402 0.0811664 0.0811695 0.0808644 0.0802698 0.079407 0.0782996 0.0769725 0.0754518 0.0737637 0.0719345 0.0699899 0.067955 0.0658535 0.0637081 0.0615401 0.0593692 0.0572138 0.0550905 0.0530146 0.0509998 0.0490586 0.047202 0.0454396 0.04378 0.0422308 0.0407982 0.039488 0.0383048 0.0372526 0.0363347 0.0355538 0.0349121 0.0344113 0.0340527 0.0338372 0.0337653 0.0338372 0.0340527 0.0344113 0.0349121 0.0355538 0.0363347 0.0372526 0.0383048 0.039488 0.0407982 0.0422308 0.04378 0.0454396 0.047202 0.0490586 0.0509998 0.0530146 0.0550905 0.0572138 0.0593692 0.0615401 0.0637081 0.0658535 0.067955 0.0699899 0.0719345 0.0737637 0.0754518 0.0769725 0.0782996 0.079407 0.0802698 0.0808644 0.0811695 0.0811664 0.0808402 0.0801799 0.079179 0.0778361 0.076155 0.0741446 0.0718193 0.0691984 0.0663061 0.0631711 0.0598264 0.0563087 0.0526583 0.0489179 0.0451323 0.0413468 0.0376056 0.0339504 0.0304185 0.0270417 0.0238455 0.0208497 0.0180683 0.0155115 0.0131862 0.0110968 0.00924416 0.00762523 0.00623132 0.00504763 0.00405376 0.00322566 0.00253839 0.00196915 0.00149917 0.00111435 0.000804364 0.000560952 0.000376261 0.000241841 0.000148516 8.69487e-05 4.84523e-05 2.56722e-05 1.29247e-05 6.18068e-06 2.8071e-06 1.21091e-06 4.96227e-07 1.93232e-07 7.15243e-08 2.51746e-08 8.429e-09 2.68573e-09 8.1469e-10 2.35358e-10 6.47779e-11 1.69916e-11 4.249e-12 1.01323e-12 2.30461e-13 4.99896e-14 1.02303e-14 1.38653e-15 
0 9.51088e-15 4.80705e-14 2.23949e-13 9.94125e-13 4.20891e-12 1.69916e-11 6.53887e-11 2.39787e-10 8.37614e-10 2.78602e-09 8.81994e-09 2.65642e-08 7.60824e-08 2.07124e-07 5.35731e-07 1.31599e-06 3.06897e-06 6.79272e-06 1.42672e-05 2.84369e-05 5.38008e-05 9.66743e-05 0.000165157 0.000268681 0.000417186 0.000620209 0.000886383 0.00122384 0.00164167 0.00215204 0.00277204 0.00352421 0.00443523 0.00553297 0.00684294 0.00838547 0.0101744 0.0122174 0.0145174 0.0170741 0.0198844 0.0229422 0.0262367 0.0297506 0.0334595 0.0373309 0.0413256 0.0453987 0.0495026 0.0535881 0.057607 0.0615128 0.0652618 0.0688135 0.0721309 0.075181 0.0779349 0.0803684 0.0824623 0.084203 0.0855824 0.0865983 0.087254 0.0875582 0.087524 0.0871689 0.0865135 0.085581 0.0843967 0.082987 0.0813789 0.0795996 0.0776759 0.075634 0.0734992 0.0712955 0.0690457 0.0667712 0.0644917 0.0622256 0.0599897 0.0577991 0.0556677 0.0536078 0.0516304 0.0497453 0.0479611 0.0462852 0.0447241 0.0432835 0.041968 0.0407818 0.0397282 0.03881 0.0380295 0.0373886 0.0368888 0.0365309 0.036316 0.0362443 0.036316 0.0365309 0.0368888 0.0373886 0.0380295 0.03881 0.0397282 0.0407818 0.041968 0.0432835 0.0447241 0.0462852 0.0479611 0.0497453 0.0516304 0.0536078 0.0556677 0.0577991 0.0599897 0.0622256 0.0644917 0.0667712 0.0690457 0.0712955 0.0734992 0.075634 0.0776759 0.0795996 0.0813789 0.082987 0.0843967 0.085581 0.0865135 0.0871689 0.087524 0.0875582 0.087254 0.0865983 0.0855824 0.084203 0.0824623 0.0803684 0.0779349 0.075181 0.0721309 0.0688135 0.0652618 0.0615128 0.057607 0.0535881 0.0495026 0.0453987 0.0413256 0.0373309 0.0334595 0.0297506 0.0262367 0.0229422 0.0198844 0.0170741 0.0145174 0.0122174 0.0101744 0.00838547 0.00684294 0.00553297 0.00443523 0.00352421 0.00277204 0.00215204 0.00164167 0.00122384 0.000886383 0.000620209 0.000417186 0.000268681 0.000165157 9.66743e-05 5.38008e-05 2.84369e-05 1.42672e-05 6.79272e-06 3.06897e-06 1.31599e-06 5.35731e-07 2.07124e-07 7.60824e-08 2.65642e-08 8.81994e-09 2.78602e-09 8.37614e-10 2.39787e-10 6.53887e-11 1.69916e-11 4.20891e-12 9.94106e-13 2.23844e-13 4.75243e-14 6.79782e-15 
0 4.36598e-14 2.1319e-13 9.56936e-13 4.09088e-12 1.66739e-11 6.47779e-11 2.39787e-10 8.45397e-10 2.83756e-09 9.0631e-09 2.75326e-08 7.95132e-08 2.18187e-07 5.68586e-07 1.40646e-06 3.30088e-06 7.34749e-06 1.55075e-05 3.10314e-05 5.88825e-05 0.000106002 0.000181223 0.000294697 0.000456922 0.000677742 0.000965942 0.00132999 0.00178002 0.00233036 0.00300138 0.0038195 0.00481488 0.00601744 0.00745295 0.00914051 0.0110923 0.0133149 0.0158116 0.0185832 0.021628 0.02494 0.0285061 0.032305 0.0363057 0.0404682 0.044746 0.049088 0.0534415 0.0577537 0.0619738 0.0660533 0.0699469 0.0736127 0.0770124 0.0801126 0.0828847 0.0853058 0.0873593 0.0890352 0.0903298 0.0912456 0.0917907 0.0919785 0.0918262 0.0913544 0.0905866 0.0895476 0.088264 0.0867627 0.0850707 0.083215 0.081222 0.0791172 0.0769251 0.074669 0.0723709 0.0700512 0.0677289 0.0654215 0.063145 0.0609137 0.0587405 0.0566372 0.054614 0.0526799 0.0508428 0.0491097 0.0474865 0.0459784 0.0445896 0.043324 0.0421846 0.041174 0.0402943 0.0395473 0.0389344 0.0384567 0.0381148 0.0379095 0.0378411 0.0379095 0.0381148 0.0384567 0.0389344 0.0395473 0.0402943 0.041174 0.0421846 0.043324 0.0445896 0.0459784 0.0474865 0.0491097 0.0508428 0.0526799 0.054614 0.0566372 0.0587405 0.0609137 0.063145 0.0654215 0.0677289 0.0700512 0.0723709 0.074669 0.0769251 0.0791172 0.081222 0.083215 0.0850707 0.0867627 0.088264 0.0895476 0.0905866 0.0913544 0.0918262 0.0919785 0.0917907 0.0912456 0.0903298 0.0890352 0.0873593 0.0853058 0.0828847 0.0801126 0.0770124 0.0736127 0.0699469 0.0660533 0.0619738 0.0577537 0.0534415 0.049088 0.044746 0.0404682 0.0363057 0.032305 0.0285061 0.02494 0.021628 0.0185832 0.0158116 0.0133149 0.0110923 0.00914051 0.00745295 0.00601744 0.00481488 0.0038195 0.00300138 0.00233036 0.00178002 0.00132999 0.000965942 0.000677742 0.000456922 0.000294697 0.000181223 0.000106002 5.88825e-05 3.10314e-05 1.55075e-05 7.34749e-06 3.30088e-06 1.40646e-06 5.68586e-07 2.18187e-07 7.95132e-08 2.75326e-08 9.0631e-09 2.83756e-09 8.45397e-10 2.39787e-10 6.47779e-11 1.66739e-11 4.09078e-12 9.56441e-13 2.10709e-13 3.18275e-14 
0 1.91249e-13 9.02245e-13 3.90116e-12 1.60561e-11 6.29795e-11 2.35358e-10 8.37614e-10 2.83756e-09 9.14562e-09 2.80299e-08 8.16448e-08 2.25885e-07 5.93263e-07 1.4783e-06 3.49304e-06 7.82284e-06 1.65992e-05 3.3365e-05 6.35326e-05 0.000114653 0.000196273 0.000319238 0.000494564 0.000732367 0.00104158 0.00143112 0.00191236 0.00250211 0.00322433 0.00410934 0.00519035 0.00649854 0.00805897 0.00988889 0.0119987 0.0143946 0.0170807 0.0200591 0.0233287 0.0268818 0.0307012 0.034759 0.0390166 0.0434267 0.0479367 0.0524908 0.0570331 0.0615086 0.0658639 0.0700481 0.0740131 0.0777145 0.0811122 0.0841721 0.0868669 0.0891764 0.0910887 0.0925993 0.093711 0.094433 0.0947797 0.09477 0.094426 0.0937725 0.0928356 0.0916427 0.0902215 0.0885998 0.0868051 0.0848641 0.0828027 0.0806457 0.0784166 0.0761372 0.0738282 0.0715083 0.0691947 0.0669032 0.0646478 0.0624411 0.0602942 0.0582171 0.0562184 0.0543057 0.0524855 0.0507636 0.0491447 0.047633 0.0462322 0.0449451 0.0437745 0.0427222 0.0417903 0.04098 0.0402925 0.0397289 0.0392898 0.0389758 0.0387872 0.0387243 0.0387872 0.0389758 0.0392898 0.0397289 0.0402925 0.04098 0.0417903 0.0427222 0.0437745 0.0449451 0.0462322 0.047633 0.0491447 0.0507636 0.0524855 0.0543057 0.0562184 0.0582171 0.0602942 0.0624411 0.0646478 0.0669032 0.0691947 0.0715083 0.0738282 0.0761372 0.0784166 0.0806457 0.0828027 0.0848641 0.0868051 0.0885998 0.0902215 0.0916427 0.0928356 0.0937725 0.094426 0.09477 0.0947797 0.094433 0.093711 0.0925993 0.0910887 0.0891764 0.0868669 0.0841721 0.0811122 0.0777145 0.0740131 0.0700481 0.0658639 0.0615086 0.0570331 0.0524908 0.0479367 0.0434267 0.0390166 0.034759 0.0307012 0.0268818 0.0233287 0.0200591 0.0170807 0.0143946 0.0119987 0.00988889 0.00805897 0.00649854 0.00519035 0.00410934 0.00322433 0.00250211 0.00191236 0.00143112 0.00104158 0.000732367 0.000494564 0.000319238 0.000196273 0.000114653 6.35326e-05 3.3365e-05 1.65992e-05 7.82284e-06 3.49304e-06 1.4783e-06 5.93263e-07 2.25885e-07 8.16448e-08 2.80299e-08 9.14562e-09 2.83756e-09 8.37614e-10 2.35358e-10 6.29794e-11 1.60557e-11 3.89894e-12 8.91537e-13 1.42301e-13 
0 7.99327e-13 3.64323e-12 1.51706e-11 6.00917e-11 2.26742e-10 8.1469e-10 2.78602e-09 9.0631e-09 2.80299e-08 8.23678e-08 2.29834e-07 6.08573e-07 1.52819e-06 3.63696e-06 8.19884e-06 1.74993e-05 3.53515e-05 6.75921e-05 0.000122356 0.000209875 0.000341663 0.000529229 0.000782941 0.00111191 0.00152556 0.00203676 0.00266506 0.00343821 0.00439036 0.00555725 0.00697058 0.00865399 0.0106227 0.012886 0.0154504 0.0183215 0.0215029 0.0249925 0.0287787 0.0328379 0.0371337 0.0416196 0.0462418 0.0509427 0.0556636 0.0603462 0.0649328 0.0693672 0.0735951 0.077565 0.08123 0.0845493 0.0874898 0.0900272 0.0921466 0.0938418 0.0951152 0.0959763 0.0964409 0.0965292 0.0962653 0.095676 0.0947897 0.0936361 0.0922454 0.0906477 0.0888725 0.0869487 0.0849037 0.0827635 0.0805523 0.0782926 0.0760048 0.0737074 0.0714168 0.0691478 0.0669133 0.0647247 0.0625918 0.0605231 0.0585261 0.056607 0.0547714 0.0530239 0.0513685 0.0498085 0.048347 0.0469863 0.0457285 0.0445753 0.0435283 0.0425887 0.0417576 0.0410357 0.0404238 0.0399224 0.0395321 0.039253 0.0390855 0.0390296 0.0390855 0.039253 0.0395321 0.0399224 0.0404238 0.0410357 0.0417576 0.0425887 0.0435283 0.0445753 0.0457285 0.0469863 0.048347 0.0498085 0.0513685 0.0530239 0.0547714 0.056607 0.0585261 0.0605231 0.0625918 0.0647247 0.0669133 0.0691478 0.0714168 0.0737074 0.0760048 0.0782926 0.0805523 0.0827635 0.0849037 0.0869487 0.0888725 0.0906477 0.0922454 0.0936361 0.0947897 0.095676 0.0962653 0.0965292 0.0964409 0.0959763 0.0951152 0.0938418 0.0921466 0.0900272 0.0874898 0.0845493 0.08123 0.077565 0.0735951 0.0693672 0.0649328 0.0603462 0.0556636 0.0509427 0.0462418 0.0416196 0.0371337 0.0328379 0.0287787 0.0249925 0.0215029 0.0183215 0.0154504 0.012886 0.0106227 0.00865399 0.00697058 0.00555725 0.00439036 0.00343821 0.00266506 0.00203676 0.00152556 0.00111191 0.000782941 0.000529229 0.000341663 0.000209875 0.000122356 6.75921e-05 3.53515e-05 1.74993e-05 8.19884e-06 3.63696e-06 1.52819e-06 6.08573e-07 2.29834e-07 8.23678e-08 2.80299e-08 9.0631e-09 2.78602e-09 8.1469e-10 2.26741e-10 6.00897e-11 1.51611e-11 3.59941e-12 6.07505e-13 
0 3.18708e-12 1.40341e-11 5.62628e-11 2.14401e-10 7.77862e-10 2.68573e-09 8.81994e-09 2.75326e-08 8.16448e-08 2.29834e-07 6.13762e-07 1.55375e-06 3.72607e-06 8.45922e-06 1.81708e-05 3.6915e-05 7.09168e-05 0.000128857 0.000221625 0.000361374 0.000560094 0.000828405 0.00117562 0.00161179 0.00215141 0.002817 0.00364018 0.00465873 0.00591044 0.00742678 0.0092296 0.0113323 0.0137439 0.0164724 0.0195255 0.0229073 0.026613 0.030625 0.0349111 0.0394265 0.044117 0.0489236 0.0537852 0.0586402 0.0634272 0.0680847 0.072552 0.0767704 0.0806855 0.0842495 0.087423 0.090177 0.0924928 0.0943619 0.0957853 0.0967719 0.0973373 0.0975028 0.0972935 0.0967381 0.0958677 0.094715 0.0933134 0.0916967 0.0898981 0.0879498 0.0858822 0.0837238 0.0815007 0.0792365 0.076952 0.0746659 0.0723939 0.0701499 0.0679456 0.0657908 0.0636937 0.0616612 0.0596991 0.057812 0.0560039 0.0542778 0.0526365 0.051082 0.0496163 0.0482406 0.0469562 0.0457641 0.0446652 0.04366 0.0427492 0.0419332 0.0412124 0.0405871 0.0400576 0.0396242 0.0392868 0.0390458 0.0389011 0.0388529 0.0389011 0.0390458 0.0392868 0.0396242 0.0400576 0.0405871 0.0412124 0.0419332 0.0427492 0.04366 0.0446652 0.0457641 0.0469562 0.0482406 0.0496163 0.051082 0.0526365 0.0542778 0.0560039 0.057812 0.0596991 0.0616612 0.0636937 0.0657908 0.0679456 0.0701499 0.0723939 0.0746659 0.076952 0.0792365 0.0815007 0.0837238 0.0858822 0.0879498 0.0898981 0.0916967 0.0933134 0.094715 0.0958677 0.0967381 0.0972935 0.0975028 0.0973373 0.0967719 0.0957853 0.0943619 0.0924928 0.090177 0.087423 0.0842495 0.0806855 0.0767704 0.072552 0.0680847 0.0634272 0.0586402 0.0537852 0.0489236 0.044117 0.0394265 0.0349111 0.030625 0.026613 0.0229073 0.0195255 0.0164724 0.0137439 0.0113323 0.0092296 0.00742678 0.00591044 0.00465873 0.00364018 0.002817 0.00215141 0.00161179 0.00117562 0.000828405 0.000560094 0.000361374 0.000221625 0.000128857 7.09168e-05 3.6915e-05 1.81708e-05 8.45922e-06 3.72607e-06 1.55375e-06 6.13762e-07 2.29834e-07 8.16448e-08 2.75326e-08 8.81994e-09 2.68573e-09 7.7786e-10 2.14393e-10 5.62243e-11 1.38642e-11 2.47625e-12 
0 1.21209e-11 5.15628e-11 1.98954e-10 7.29063e-10 2.54199e-09 8.429e-09 2.65642e-08 7.95132e-08 2.25885e-07 6.08573e-07 1.55375e-06 3.75625e-06 8.59241e-06 1.85855e-05 3.79937e-05 7.3385e-05 0.00013394 0.000231166 0.000377837 0.000586422 0.000867811 0.00123156 0.00168841 0.00225461 0.00295574 0.00382731 0.00491046 0.00624451 0.00786017 0.00977733 0.0120082 0.0145624 0.0174506 0.0206825 0.0242614 0.028178 0.0324066 0.036906 0.0416232 0.0464983 0.0514683 0.0564691 0.0614353 0.0663003 0.0709968 0.0754584 0.0796222 0.0834325 0.0868429 0.0898185 0.0923363 0.0943844 0.0959616 0.0970753 0.0977403 0.0979778 0.0978138 0.0972788 0.0964064 0.0952328 0.0937956 0.0921328 0.0902819 0.0882792 0.0861587 0.083952 0.0816875 0.0793903 0.0770825 0.0747829 0.0725075 0.0702696 0.0680802 0.0659479 0.06388 0.0618819 0.059958 0.0581114 0.0563445 0.0546589 0.0530558 0.0515359 0.0500994 0.0487466 0.0474774 0.0462915 0.0451888 0.044169 0.0432318 0.042377 0.0416042 0.0409133 0.0403041 0.0397764 0.03933 0.038965 0.0386811 0.0384784 0.0383568 0.0383162 0.0383568 0.0384784 0.0386811 0.038965 0.03933 0.0397764 0.0403041 0.0409133 0.0416042 0.042377 0.0432318 0.044169 0.0451888 0.0462915 0.0474774 0.0487466 0.0500994 0.0515359 0.0530558 0.0546589 0.0563445 0.0581114 0.059958 0.0618819 0.06388 0.0659479 0.0680802 0.0702696 0.0725075 0.0747829 0.0770825 0.0793903 0.0816875 0.083952 0.0861587 0.0882792 0.0902819 0.0921328 0.0937956 0.0952328 0.0964064 0.0972788 0.0978138 0.0979778 0.0977403 0.0970753 0.0959616 0.0943844 0.0923363 0.0898185 0.0868429 0.0834325 0.0796222 0.0754584 0.0709968 0.0663003 0.0614353 0.0564691 0.0514683 0.0464983 0.0416232 0.036906 0.0324066 0.028178 0.0242614 0.0206825 0.0174506 0.0145624 0.0120082 0.00977733 0.00786017 0.00624451 0.00491046 0.00382731 0.00295574 0.00225461 0.00168841 0.00123156 0.000867811 0.000586422 0.000377837 0.000231166 0.00013394 7.3385e-05 3.79937e-05 1.85855e-05 8.59241e-06 3.75625e-06 1.55375e-06 6.08573e-07 2.25885e-07 7.95132e-08 2.65642e-08 8.429e-09 2.54198e-09 7.29029e-10 1.98807e-10 5.09404e-11 9.63598e-12 
0 4.39618e-11 1.80659e-10 6.70655e-10 2.36213e-09 7.91043e-09 2.51746e-08 7.60824e-08 2.18187e-07 5.93263e-07 1.52819e-06 3.72607e-06 8.59241e-06 1.87258e-05 3.85443e-05 7.49043e-05 0.00013743 0.000238202 0.0003906 0.000607582 0.000900346 0.00127873 0.00175421 0.00234482 0.00307923 0.00399671 0.00514152 0.00655407 0.00826393 0.0102892 0.0126414 0.0153323 0.0183755 0.0217823 0.0255535 0.0296733 0.034107 0.0388048 0.0437072 0.0487503 0.053868 0.0589921 0.0640516 0.0689726 0.0736804 0.0781032 0.0821756 0.085843 0.0890629 0.0918065 0.0940572 0.0958099 0.0970693 0.0978483 0.0981673 0.0980531 0.0975379 0.0966585 0.0954551 0.09397 0.0922462 0.0903261 0.0882501 0.0860564 0.0837793 0.0814498 0.0790951 0.0767383 0.0743993 0.0720945 0.0698375 0.067639 0.0655077 0.0634501 0.0614709 0.0595734 0.0577598 0.0560312 0.0543877 0.0528291 0.0513544 0.0499625 0.0486521 0.0474215 0.0462692 0.0451938 0.0441937 0.0432675 0.042414 0.0416322 0.040921 0.0402796 0.0397072 0.0392034 0.0387676 0.0383994 0.0380985 0.0378647 0.0376978 0.0375977 0.0375644 0.0375977 0.0376978 0.0378647 0.0380985 0.0383994 0.0387676 0.0392034 0.0397072 0.0402796 0.040921 0.0416322 0.042414 0.0432675 0.0441937 0.0451938 0.0462692 0.0474215 0.0486521 0.0499625 0.0513544 0.0528291 0.0543877 0.0560312 0.0577598 0.0595734 0.0614709 0.0634501 0.0655077 0.067639 0.0698375 0.0720945 0.0743993 0.0767383 0.0790951 0.0814498 0.0837793 0.0860564 0.0882501 0.0903261 0.0922462 0.09397 0.0954551 0.0966585 0.0975379 0.0980531 0.0981673 0.0978483 0.0970693 0.0958099 0.0940572 0.0918065 0.0890629 0.085843 0.0821756 0.0781032 0.0736804 0.0689726 0.0640516 0.0589921 0.053868 0.0487503 0.0437072 0.0388048 0.034107 0.0296733 0.0255535 0.0217823 0.0183755 0.0153323 0.0126414 0.0102892 0.00826393 0.00655407 0.00514152 0.00399671 0.00307923 0.00234482 0.00175421 0.00127873 0.000900346 0.000607582 0.0003906 0.000238202 0.00013743 7.49043e-05 3.85443e-05 1.87258e-05 8.59241e-06 3.72607e-06 1.52819e-06 5.93263e-07 2.18187e-07 7.60824e-08 2.51746e-08 7.9104e-09 2.36201e-09 6.70121e-10 1.78508e-10 3.57936e-11 
0 1.5203e-10 6.03487e-10 2.15454e-09 7.28989e-09 2.34334e-08 7.15243e-08 2.07124e-07 5.68586e-07 1.4783e-06 3.63696e-06 8.45922e-06 1.85855e-05 3.85443e-05 7.54172e-05 0.000139207 0.000242515 0.000399311 0.000623069 0.000925342 0.00131629 0.00180814 0.00242066 0.00318551 0.00414559 0.00534801 0.00683393 0.00863169 0.0107577 0.0132241 0.0160452 0.0192381 0.0228146 0.0267713 0.0310843 0.0357099 0.0405911 0.0456641 0.050862 0.0561152 0.0613496 0.0664861 0.071442 0.0761358 0.0804916 0.0844446 0.0879435 0.0909512 0.0934445 0.0954124 0.0968548 0.0977811 0.0982098 0.0981675 0.0976882 0.0968121 0.0955839 0.0940511 0.0922621 0.0902645 0.0881037 0.0858215 0.0834559 0.0810408 0.0786055 0.0761752 0.0737713 0.0714115 0.0691103 0.0668791 0.0647267 0.0626596 0.060682 0.0587966 0.0570044 0.0553053 0.0536982 0.0521811 0.0507517 0.0494072 0.0481447 0.0469611 0.0458535 0.0448192 0.0438553 0.0429596 0.0421296 0.0413636 0.0406597 0.0400165 0.0394326 0.038907 0.0384387 0.0380269 0.0376712 0.0373709 0.0371257 0.0369352 0.0367994 0.0367179 0.0366907 0.0367179 0.0367994 0.0369352 0.0371257 0.0373709 0.0376712 0.0380269 0.0384387 0.038907 0.0394326 0.0400165 0.0406597 0.0413636 0.0421296 0.0429596 0.0438553 0.0448192 0.0458535 0.0469611 0.0481447 0.0494072 0.0507517 0.0521811 0.0536982 0.0553053 0.0570044 0.0587966 0.060682 0.0626596 0.0647267 0.0668791 0.0691103 0.0714115 0.0737713 0.0761752 0.0786055 0.0810408 0.0834559 0.0858215 0.0881037 0.0902645 0.0922621 0.0940511 0.0955839 0.0968121 0.0976882 0.0981675 0.0982098 0.0977811 0.0968548 0.0954124 0.0934445 0.0909512 0.0879435 0.0844446 0.0804916 0.0761358 0.071442 0.0664861 0.0613496 0.0561152 0.050862 0.0456641 0.0405911 0.0357099 0.0310843 0.0267713 0.0228146 0.0192381 0.0160452 0.0132241 0.0107577 0.00863169 0.00683393 0.00534801 0.00414559 0.00318551 0.00242066 0.00180814 0.00131629 0.000925342 0.000623069 0.000399311 0.000242515 0.000139207 7.54172e-05 3.85443e-05 1.85855e-05 8.45922e-06 3.63696e-06 1.4783e-06 5.68586e-07 2.07124e-07 7.15243e-08 2.34333e-08 7.28944e-09 2.15272e-09 5.96498e-10 1.26903e-10 
0 5.01199e-10 1.92162e-09 6.59501e-09 2.14236e-08 6.60593e-08 1.93232e-07 5.35731e-07 1.40646e-06 3.49304e-06 8.19884e-06 1.81708e-05 3.79937e-05 7.49043e-05 0.000139207 0.000243968 0.000403728 0.000632511 0.000942291 0.0013436 0.00184935 0.00248095 0.00327285 0.00427136 0.00552626 0.00707934 0.00895769 0.0111766 0.0137493 0.0166937 0.0200301 0.0237694 0.0279028 0.0323972 0.0372008 0.0422515 0.0474829 0.0528253 0.0582039 0.0635363 0.0687332 0.0737036 0.0783606 0.0826278 0.086443 0.0897593 0.0925445 0.0947793 0.0964566 0.0975801 0.0981647 0.0982354 0.0978272 0.0969832 0.0957525 0.0941878 0.092343 0.0902709 0.0880219 0.0856423 0.0831743 0.0806552 0.0781179 0.0755906 0.0730973 0.0706581 0.068289 0.0660027 0.0638086 0.0617131 0.0597202 0.0578317 0.0560473 0.0543657 0.052784 0.0512989 0.0499065 0.0486025 0.0473824 0.0462421 0.0451774 0.0441843 0.0432591 0.0423986 0.0415996 0.0408594 0.0401757 0.0395462 0.0389692 0.038443 0.0379662 0.0375377 0.0371565 0.0368218 0.0365329 0.0362893 0.0360904 0.0359361 0.0358261 0.0357601 0.0357382 0.0357601 0.0358261 0.0359361 0.0360904 0.0362893 0.0365329 0.0368218 0.0371565 0.0375377 0.0379662 0.038443 0.0389692 0.0395462 0.0401757 0.0408594 0.0415996 0.0423986 0.0432591 0.0441843 0.0451774 0.0462421 0.0473824 0.0486025 0.0499065 0.0512989 0.052784 0.0543657 0.0560473 0.0578317 0.0597202 0.0617131 0.0638086 0.0660027 0.068289 0.0706581 0.0730973 0.0755906 0.0781179 0.0806552 0.0831743 0.0856423 0.0880219 0.0902709 0.092343 0.0941878 0.0957525 0.0969832 0.0978272 0.0982354 0.0981647 0.0975801 0.0964566 0.0947793 0.0925445 0.0897593 0.086443 0.0826278 0.0783606 0.0737036 0.0687332 0.0635363 0.0582039 0.0528253 0.0474829 0.0422515 0.0372008 0.0323972 0.0279028 0.0237694 0.0200301 0.0166937 0.0137493 0.0111766 0.00895769 0.00707934 0.00552626 0.00427136 0.00327285 0.00248095 0.00184935 0.0013436 0.000942291 0.000632511 0.000403728 0.000243968 0.000139207 7.49043e-05 3.79937e-05 1.81708e-05 8.19884e-06 3.49304e-06 1.40646e-06 5.35731e-07 1.93232e-07 6.60589e-08 2.14221e-08 6.58915e-09 1.90038e-09 4.29376e-10 
0 1.57481e-09 5.83134e-09 1.923e-08 5.99374e-08 1.77156e-07 4.96227e-07 1.31599e-06 3.30088e-06 7.82284e-06 1.74993e-05 3.6915e-05 7.3385e-05 0.00013743 0.000242515 0.000403728 0.000635684 0.000950851 0.00136017 0.0018772 0.00252473 0.00333975 0.00437175 0.00567305 0.0072861 0.00923696 0.0115403 0.014211 0.017271 0.0207433 0.0246372 0.0289364 0.0335992 0.0385674 0.0437756 0.0491557 0.0546344 0.060129 0.0655464 0.0707872 0.0757534 0.0803562 0.0845209 0.088189 0.0913172 0.0938758 0.095848 0.0972296 0.0980293 0.0982692 0.0979836 0.0972175 0.0960234 0.0944587 0.0925822 0.0904518 0.0881227 0.0856465 0.08307 0.0804355 0.0777806 0.0751377 0.0725348 0.0699951 0.0675372 0.0651752 0.0629194 0.0607762 0.0587491 0.0568389 0.0550442 0.0533622 0.0517888 0.0503191 0.048948 0.0476699 0.0464793 0.0453709 0.0443397 0.0433807 0.0424894 0.0416618 0.0408939 0.0401825 0.0395242 0.0389165 0.0383568 0.0378429 0.0373731 0.0369456 0.036559 0.0362123 0.0359042 0.0356341 0.0354013 0.0352051 0.0350451 0.034921 0.0348325 0.0347795 0.0347619 0.0347795 0.0348325 0.034921 0.0350451 0.0352051 0.0354013 0.0356341 0.0359042 0.0362123 0.036559 0.0369456 0.0373731 0.0378429 0.0383568 0.0389165 0.0395242 0.0401825 0.0408939 0.0416618 0.0424894 0.0433807 0.0443397 0.0453709 0.0464793 0.0476699 0.048948 0.0503191 0.0517888 0.0533622 0.0550442 0.0568389 0.0587491 0.0607762 0.0629194 0.0651752 0.0675372 0.0699951 0.0725348 0.0751377 0.0777806 0.0804355 0.08307 0.0856465 0.0881227 0.0904518 0.0925822 0.0944587 0.0960234 0.0972175 0.0979836 0.0982692 0.0980293 0.0972296 0.095848 0.0938758 0.0913172 0.088189 0.0845209 0.0803562 0.0757534 0.0707872 0.0655464 0.060129 0.0546344 0.0491557 0.0437756 0.0385674 0.0335992 0.0289364 0.0246372 0.0207433 0.017271 0.014211 0.0115403 0.00923696 0.0072861 0.00567305 0.00437175 0.00333975 0.00252473 0.0018772 0.00136017 0.000950851 0.000635684 0.000403728 0.000242515 0.00013743 7.3385e-05 3.6915e-05 1.74993e-05 7.82284e-06 3.30088e-06 1.31599e-06 4.96227e-07 1.77155e-07 5.99326e-08 1.92124e-08 5.77146e-09 1.38629e-09 
0 4.71519e-09 1.68611e-08 5.34011e-08 1.59597e-07 4.51829e-07 1.21091e-06 3.06897e-06 7.34749e-06 1.65992e-05 3.53515e-05 7.09168e-05 0.00013394 0.000238202 0.000399311 0.000632511 0.000950851 0.00136572 0.00189123 0.00255129 0.00338503 0.00444487 0.00578563 0.00745065 0.00946533 0.011844 0.0146039 0.0177709 0.0213704 0.0254086 0.0298618 0.0346798 0.0397998 0.0451555 0.0506769 0.0562845 0.0618853 0.0673746 0.072644 0.0775918 0.0821298 0.0861862 0.0897048 0.0926435 0.0949734 0.0966797 0.0977624 0.0982381 0.0981387 0.097509 0.0964041 0.0948845 0.0930132 0.0908527 0.0884634 0.085902 0.0832214 0.0804698 0.0776906 0.0749221 0.0721969 0.0695421 0.066979 0.0645237 0.0621872 0.0599762 0.0578938 0.05594 0.0541126 0.0524078 0.0508207 0.0493454 0.0479759 0.0467058 0.0455288 0.0444387 0.0434295 0.0424955 0.0416313 0.040832 0.0400927 0.0394093 0.038778 0.0381951 0.0376577 0.0371629 0.0367083 0.0362919 0.0359118 0.0355664 0.0352545 0.0349749 0.0347268 0.0345094 0.034322 0.0341642 0.0340355 0.0339357 0.0338646 0.033822 0.0338078 0.033822 0.0338646 0.0339357 0.0340355 0.0341642 0.034322 0.0345094 0.0347268 0.0349749 0.0352545 0.0355664 0.0359118 0.0362919 0.0367083 0.0371629 0.0376577 0.0381951 0.038778 0.0394093 0.0400927 0.040832 0.0416313 0.0424955 0.0434295 0.0444387 0.0455288 0.0467058 0.0479759 0.0493454 0.0508207 0.0524078 0.0541126 0.05594 0.0578938 0.0599762 0.0621872 0.0645237 0.066979 0.0695421 0.0721969 0.0749221 0.0776906 0.0804698 0.0832214 0.085902 0.0884634 0.0908527 0.0930132 0.0948845 0.0964041 0.097509 0.0981387 0.0982381 0.0977624 0.0966797 0.0949734 0.0926435 0.0897048 0.0861862 0.0821298 0.0775918 0.072644 0.0673746 0.0618853 0.0562845 0.0506769 0.0451555 0.0397998 0.0346798 0.0298618 0.0254086 0.0213704 0.0177709 0.0146039 0.011844 0.00946533 0.00745065 0.00578563 0.00444487 0.00338503 0.00255129 0.00189123 0.00136572 0.000950851 0.000632511 0.000399311 0.000238202 0.00013394 7.09168e-05 3.53515e-05 1.65992e-05 7.34749e-06 3.06897e-06 1.21091e-06 4.51825e-07 1.59583e-07 5.33522e-08 1.67063e-08 4.27046e-09 
0 1.34504e-08 4.6445e-08 1.41203e-07 4.04371e-07 1.09566e-06 2.8071e-06 6.79272e-06 1.55075e-05 3.3365e-05 6.75921e-05 0.000128857 0.000231166 0.0003906 0.000623069 0.000942291 0.00136017 0.00189123 0.00256019 0.00340788 0.00448932 0.0058619 0.00757021 0.00963947 0.0120841 0.0149236 0.018188 0.0219044 0.0260756 0.0306699 0.0356301 0.0408909 0.0463858 0.0520419 0.0577711 0.063468 0.0690168 0.0743031 0.0792243 0.0836941 0.0876423 0.0910125 0.0937616 0.095861 0.0972994 0.0980848 0.0982438 0.0978193 0.0968665 0.0954479 0.0936294 0.0914776 0.0890577 0.0864326 0.0836618 0.0808007 0.0778999 0.0750039 0.072151 0.0693724 0.0666926 0.0641294 0.0616952 0.059397 0.057238 0.0552184 0.0533357 0.0515858 0.0499635 0.0484626 0.0470763 0.0457977 0.0446196 0.0435348 0.0425364 0.0416175 0.0407718 0.0399932 0.0392761 0.0386153 0.0380061 0.0374444 0.0369266 0.0364492 0.0360095 0.035605 0.0352336 0.0348934 0.0345829 0.0343009 0.0340461 0.0338178 0.0336152 0.0334376 0.0332846 0.0331557 0.0330506 0.0329691 0.032911 0.0328763 0.0328647 0.0328763 0.032911 0.0329691 0.0330506 0.0331557 0.0332846 0.0334376 0.0336152 0.0338178 0.0340461 0.0343009 0.0345829 0.0348934 0.0352336 0.035605 0.0360095 0.0364492 0.0369266 0.0374444 0.0380061 0.0386153 0.0392761 0.0399932 0.0407718 0.0416175 0.0425364 0.0435348 0.0446196 0.0457977 0.0470763 0.0484626 0.0499635 0.0515858 0.0533357 0.0552184 0.057238 0.059397 0.0616952 0.0641294 0.0666926 0.0693724 0.072151 0.0750039 0.0778999 0.0808007 0.0836618 0.0864326 0.0890577 0.0914776 0.0936294 0.0954479 0.0968665 0.0978193 0.0982438 0.0980848 0.0972994 0.095861 0.0937616 0.0910125 0.0876423 0.0836941 0.0792243 0.0743031 0.0690168 0.063468 0.0577711 0.0520419 0.0463858 0.0408909 0.0356301 0.0306699 0.0260756 0.0219044 0.018188 0.0149236 0.0120841 0.00963947 0.00757021 0.0058619 0.00448932 0.00340788 0.00256019 0.00189123 0.00136017 0.000942291 0.000623069 0.0003906 0.000231166 0.000128857 6.75921e-05 3.3365e-05 1.55075e-05 6.79272e-06 2.8071e-06 1.09565e-06 4.04332e-07 1.41079e-07 4.60869e-08 1.25503e-08 
