0 0 0 0 0 0 0 0 0 0 0 0 0 0 0 0 0 0 0 0 0 0 0 0 0 0 0 0 0 0 0 0 0 0 0 0 0 0 0 0 0 0 0 0 0 0 0 0 0 0 0 0 0 0 0 0 0 0 0 0 0 0 0 0 0 0 0 0 0 0 0 0 0 0 0 0 0 0 0 0 0 0 0 0 0 0 0 0 0 0 0 0 0 0 0 0 0 0 0 0 0 0 0 0 0 0 0 0 0 0 0 0 0 0 0 0 0 0 0 0 0 0 0 0 0 0 0 0 0 0 0 0 0 0 0 0 0 0 0 0 0 0 0 0 0 0 0 0 0 0 0 0 0 0 0 0 0 0 0 0 0 0 0 0 0 0 0 0 0 0 0 0 0 0 0 0 0 0 0 0 0 0 0 0 0 0 0 0 0 0 0 0 0 0 0 0 0 0 0 0 
0 3.53017e-56 2.71681e-54 1.71104e-52 9.06894e-51 4.12856e-49 1.6395e-47 5.7488e-46 1.7974e-44 5.05122e-43 1.28452e-41 2.97254e-40 6.29004e-39 1.22214e-37 2.18828e-36 3.62213e-35 5.55791e-34 7.9252e-33 1.05246e-31 1.30418e-30 1.51064e-29 1.63812e-28 1.66533e-27 1.58915e-26 1.42506e-25 1.20212e-24 9.54797e-24 7.14643e-23 5.04446e-22 3.36041e-21 2.11399e-20 1.25663e-19 7.06235e-19 3.75455e-18 1.8891e-17 9.00022e-17 4.06224e-16 1.73783e-15 7.05006e-15 2.71364e-14 9.91577e-14 3.4417e-13 1.13545e-12 3.56303e-12 1.06428e-11 3.02856e-11 8.21787e-11 2.1284e-10 5.26724e-10 1.24695e-09 2.82735e-09 6.14811e-09 1.28388e-08 2.57832e-08 4.98671e-08 9.30244e-08 1.67623e-07 2.922e-07 4.93494e-07 8.08691e-07 1.28769e-06 1.99521e-06 3.01239e-06 4.43773e-06 6.38701e-06 8.99214e-06 1.23986e-05 1.67619e-05 2.22427e-05 2.9001e-05 3.71904e-05 4.69511e-05 5.84039e-05 7.16445e-05 8.67383e-05 0.000103717 0.000122575 0.000143268 0.000165714 0.000189792 0.000215346 0.000242186 0.000270093 0.00029882 0.000328101 0.000357651 0.000387174 0.000416366 0.00044492 0.000472531 0.000498901 0.000523741 0.000546777 0.000567753 0.000586436 0.000602616 0.000616111 0.000626768 0.000634468 0.000639124 0.000640681 0.000639124 0.000634468 0.000626768 0.000616111 0.000602616 0.000586436 0.000567753 0.000546777 0.000523741 0.000498901 0.000472531 0.00044492 0.000416366 0.000387174 0.000357651 0.000328101 0.00029882 0.000270093 0.000242186 0.000215346 0.000189792 0.000165714 0.000143268 0.000122575 0.000103717 8.67383e-05 7.16445e-05 5.84039e-05 4.69511e-05 3.71904e-05 2.9001e-05 2.22427e-05 1.67619e-05 1.23986e-05 8.99214e-06 6.38701e-06 4.43773e-06 3.01239e-06 1.99521e-06 1.28769e-06 8.08691e-07 4.93494e-07 2.922e-07 1.67623e-07 9.30244e-08 4.98671e-08 2.57832e-08 1.28388e-08 6.14811e-09 2.82735e-09 1.24695e-09 5.26724e-10 2.1284e-10 8.21787e-11 3.02856e-11 1.06428e-11 3.56303e-12 1.13545e-12 3.4417e-13 9.91577e-14 2.71364e-14 7.05006e-15 1.73783e-15 4.06224e-16 9.00022e-17 1.8891e-17 3.75455e-18 7.06235e-19 1.25663e-19 2.11399e-20 3.36041e-21 5.04446e-22 7.14643e-23 9.54797e-24 1.20212e-24 1.42506e-25 1.58915e-26 1.66533e-27 1.63812e-28 1.51064e-29 1.30418e-30 1.05246e-31 7.9252e-33 5.55791e-34 3.62213e-35 2.18828e-36 1.22214e-37 6.29004e-39 2.97254e-40 1.28452e-41 5.05122e-43 1.7974e-44 5.7488e-46 1.6395e-47 4.12856e-49 9.06894e-51 1.71104e-52 2.71663e-54 1.7925e-56 
0 2.71681e-54 1.72883e-52 9.25843e-51 4.25909e-49 1.70931e-47 6.058e-46 1.91466e-44 5.43996e-43 1.39876e-41 3.27334e-40 7.0054e-39 1.37681e-37 2.49392e-36 4.17666e-35 6.48513e-34 9.35875e-33 1.25797e-31 1.57804e-30 1.85059e-29 2.032e-28 2.09199e-27 2.02191e-26 1.83662e-25 1.56955e-24 1.26308e-23 9.57955e-23 6.85253e-22 4.62645e-21 2.94994e-20 1.77747e-19 1.01264e-18 5.45744e-18 2.78369e-17 1.34449e-16 6.15172e-16 2.66774e-15 1.09699e-14 4.27948e-14 1.58464e-13 5.57272e-13 1.86234e-12 5.91826e-12 1.78972e-11 5.15434e-11 1.41494e-10 3.70589e-10 9.27009e-10 2.21716e-09 5.07638e-09 1.11406e-08 2.34661e-08 4.75077e-08 9.2578e-08 1.73907e-07 3.15392e-07 5.53053e-07 9.39131e-07 1.54662e-06 2.47392e-06 3.84911e-06 5.83347e-06 8.62344e-06 1.24508e-05 1.75807e-05 2.43066e-05 3.2944e-05 4.38203e-05 5.72646e-05 7.35951e-05 9.31065e-05 0.000116058 0.000142661 0.00017307 0.000207375 0.000245594 0.000287671 0.000333471 0.000382789 0.000435343 0.000490786 0.000548706 0.000608638 0.000670069 0.000732446 0.000795185 0.000857681 0.000919316 0.000979467 0.00103752 0.00109286 0.00114492 0.00119314 0.001237 0.00127603 0.00130981 0.00133797 0.00136019 0.00137625 0.00138595 0.00138919 0.00138595 0.00137625 0.00136019 0.00133797 0.00130981 0.00127603 0.001237 0.00119314 0.00114492 0.00109286 0.00103752 0.000979467 0.000919316 0.000857681 0.000795185 0.000732446 0.000670069 0.000608638 0.000548706 0.000490786 0.000435343 0.000382789 0.000333471 0.000287671 0.000245594 0.000207375 0.00017307 0.000142661 0.000116058 9.31065e-05 7.35951e-05 5.72646e-05 4.38203e-05 3.2944e-05 2.43066e-05 1.75807e-05 1.24508e-05 8.62344e-06 5.83347e-06 3.84911e-06 2.47392e-06 1.54662e-06 9.39131e-07 5.53053e-07 3.15392e-07 1.73907e-07 9.2578e-08 4.75077e-08 2.34661e-08 1.11406e-08 5.07638e-09 2.21716e-09 9.27009e-10 3.70589e-10 1.41494e-10 5.15434e-11 1.78972e-11 5.91826e-12 1.86234e-12 5.57272e-13 1.58464e-13 4.27948e-14 1.09699e-14 2.66774e-15 6.15172e-16 1.34449e-16 2.78369e-17 5.45744e-18 1.01264e-18 1.77747e-19 2.94994e-20 4.62645e-21 6.85253e-22 9.57955e-23 1.26308e-23 1.56955e-24 1.83662e-25 2.02191e-26 2.09199e-27 2.032e-28 1.85059e-29 1.57804e-30 1.25797e-31 9.35875e-33 6.48513e-34 4.17666e-35 2.49392e-36 1.37681e-37 7.0054e-39 3.27334e-40 1.39876e-41 5.43996e-43 1.91466e-44 6.058e-46 1.70931e-47 4.25909e-49 9.25843e-51 1.72866e-52 1.39223e-54 
0 1.71104e-52 9.25843e-51 4.30297e-49 1.74488e-47 6.24905e-46 1.996e-44 5.7318e-43 1.48975e-41 3.52434e-40 7.62575e-39 1.51541e-37 2.77583e-36 4.7015e-35 7.38359e-34 1.07783e-32 1.46565e-31 1.86015e-30 2.20725e-29 2.45252e-28 2.55526e-27 2.49953e-26 2.29811e-25 1.98797e-24 1.61947e-23 1.24342e-22 9.00477e-22 6.15503e-21 3.97339e-20 2.4239e-19 1.39804e-18 7.62768e-18 3.93851e-17 1.92546e-16 8.91642e-16 3.91278e-15 1.62784e-14 6.42343e-14 2.40524e-13 8.55082e-13 2.88774e-12 9.26986e-12 2.83038e-11 8.22612e-11 2.27761e-10 6.01302e-10 1.51517e-09 3.64803e-09 8.40214e-09 1.85353e-08 3.92163e-08 7.96894e-08 1.55752e-07 2.93238e-07 5.32632e-07 9.34829e-07 1.58786e-06 2.61424e-06 4.17828e-06 6.49269e-06 9.82355e-06 1.44928e-05 2.08775e-05 2.94054e-05 4.05469e-05 5.48027e-05 7.26893e-05 9.47215e-05 0.000121394 0.000153161 0.000190421 0.0002335 0.000282636 0.000337969 0.000399534 0.000467257 0.000540952 0.000620324 0.000704971 0.000794391 0.000887989 0.000985088 0.00108493 0.00118671 0.00128954 0.00139253 0.00149473 0.00159519 0.00169295 0.00178706 0.0018766 0.00196066 0.00203839 0.00210901 0.00217178 0.00222605 0.00227126 0.00230692 0.00233267 0.00234823 0.00235344 0.00234823 0.00233267 0.00230692 0.00227126 0.00222605 0.00217178 0.00210901 0.00203839 0.00196066 0.0018766 0.00178706 0.00169295 0.00159519 0.00149473 0.00139253 0.00128954 0.00118671 0.00108493 0.000985088 0.000887989 0.000794391 0.000704971 0.000620324 0.000540952 0.000467257 0.000399534 0.000337969 0.000282636 0.0002335 0.000190421 0.000153161 0.000121394 9.47215e-05 7.26893e-05 5.48027e-05 4.05469e-05 2.94054e-05 2.08775e-05 1.44928e-05 9.82355e-06 6.49269e-06 4.17828e-06 2.61424e-06 1.58786e-06 9.34829e-07 5.32632e-07 2.93238e-07 1.55752e-07 7.96894e-08 3.92163e-08 1.85353e-08 8.40214e-09 3.64803e-09 1.51517e-09 6.01302e-10 2.27761e-10 8.22612e-11 2.83038e-11 9.26986e-12 2.88774e-12 8.55082e-13 2.40524e-13 6.42343e-14 1.62784e-14 3.91278e-15 8.91642e-16 1.92546e-16 3.93851e-17 7.62768e-18 1.39804e-18 2.4239e-19 3.97339e-20 6.15503e-21 9.00477e-22 1.24342e-22 1.61947e-23 1.98797e-24 2.29811e-25 2.49953e-26 2.55526e-27 2.45252e-28 2.20725e-29 1.86015e-30 1.46565e-31 1.07783e-32 7.38359e-34 4.7015e-35 2.77583e-36 1.51541e-37 7.62575e-39 3.52434e-40 1.48975e-41 5.7318e-43 1.996e-44 6.24905e-46 1.74488e-47 4.30297e-49 9.25715e-51 8.85036e-53 
0 9.06894e-51 4.25909e-49 1.74488e-47 6.31405e-46 2.03795e-44 5.91434e-43 1.55365e-41 3.71528e-40 8.12665e-39 1.63275e-37 3.02403e-36 5.1794e-35 8.22627e-34 1.21457e-32 1.67063e-31 2.14494e-30 2.57501e-29 2.89493e-28 3.05208e-27 3.02127e-26 2.81127e-25 2.46136e-24 2.02953e-23 1.57732e-22 1.1563e-21 8.0009e-21 5.2286e-20 3.22889e-19 1.88523e-18 1.04117e-17 5.44151e-17 2.69241e-16 1.26171e-15 5.60215e-15 2.35774e-14 9.40946e-14 3.56247e-13 1.28014e-12 4.36818e-12 1.4162e-11 4.36515e-11 1.28003e-10 3.5737e-10 9.50745e-10 2.4125e-09 5.84488e-09 1.35357e-08 2.99994e-08 6.37148e-08 1.29858e-07 2.54349e-07 4.79495e-07 8.71381e-07 1.52894e-06 2.59436e-06 4.26405e-06 6.79924e-06 1.05348e-05 1.58851e-05 2.33457e-05 3.34892e-05 4.69568e-05 6.44429e-05 8.6676e-05 0.000114395 0.000148326 0.000189152 0.000237493 0.000293881 0.00035874 0.000432373 0.00051495 0.000606501 0.000706913 0.000815928 0.000933151 0.00105805 0.00118996 0.0013281 0.00147158 0.0016194 0.00177048 0.00192366 0.00207771 0.00223135 0.00238326 0.00253212 0.00267659 0.00281533 0.00294706 0.00307051 0.00318451 0.00328794 0.00337977 0.00345911 0.00352514 0.00357721 0.00361478 0.00363748 0.00364507 0.00363748 0.00361478 0.00357721 0.00352514 0.00345911 0.00337977 0.00328794 0.00318451 0.00307051 0.00294706 0.00281533 0.00267659 0.00253212 0.00238326 0.00223135 0.00207771 0.00192366 0.00177048 0.0016194 0.00147158 0.0013281 0.00118996 0.00105805 0.000933151 0.000815928 0.000706913 0.000606501 0.00051495 0.000432373 0.00035874 0.000293881 0.000237493 0.000189152 0.000148326 0.000114395 8.6676e-05 6.44429e-05 4.69568e-05 3.34892e-05 2.33457e-05 1.58851e-05 1.05348e-05 6.79924e-06 4.26405e-06 2.59436e-06 1.52894e-06 8.71381e-07 4.79495e-07 2.54349e-07 1.29858e-07 6.37148e-08 2.99994e-08 1.35357e-08 5.84488e-09 2.4125e-09 9.50745e-10 3.5737e-10 1.28003e-10 4.36515e-11 1.4162e-11 4.36818e-12 1.28014e-12 3.56247e-13 9.40946e-14 2.35774e-14 5.60215e-15 1.26171e-15 2.69241e-16 5.44151e-17 1.04117e-17 1.88523e-18 3.22889e-19 5.2286e-20 8.0009e-21 1.1563e-21 1.57732e-22 2.02953e-23 2.46136e-24 2.81127e-25 3.02127e-26 3.05208e-27 2.89493e-28 2.57501e-29 2.14494e-30 1.67063e-31 1.21457e-32 8.22627e-34 5.1794e-35 3.02403e-36 1.63275e-37 8.12665e-39 3.71528e-40 1.55365e-41 5.91434e-43 2.03795e-44 6.31405e-46 1.74488e-47 4.2583e-49 4.73556e-51 
0 4.12856e-49 1.70931e-47 6.24905e-46 2.03795e-44 5.97647e-43 1.58663e-41 3.83475e-40 8.47867e-39 1.72207e-37 3.22459e-36 5.58431e-35 8.96889e-34 1.3392e-32 1.86309e-31 2.41959e-30 2.93843e-29 3.34215e-28 3.56509e-27 3.57098e-26 3.36246e-25 2.9793e-24 2.48626e-23 1.95573e-22 1.45115e-21 1.01636e-20 6.72309e-20 4.20254e-19 2.48365e-18 1.38836e-17 7.34391e-17 3.67738e-16 1.74381e-15 7.83372e-15 3.33508e-14 1.34609e-13 5.15283e-13 1.87154e-12 6.45256e-12 2.11283e-11 6.57411e-11 1.94503e-10 5.47563e-10 1.46794e-09 3.75086e-09 9.14387e-09 2.129e-08 4.74004e-08 1.01043e-07 2.06511e-07 4.05251e-07 7.64736e-07 1.38992e-06 2.43702e-06 4.12894e-06 6.77085e-06 1.07644e-05 1.66186e-05 2.49547e-05 3.65049e-05 5.2102e-05 7.26624e-05 9.91606e-05 0.000132599 0.000173975 0.000224244 0.00028429 0.000354893 0.000436707 0.000530239 0.000635835 0.000753676 0.000883768 0.00102595 0.00117988 0.00134507 0.00152085 0.0017064 0.00190078 0.00210286 0.00231142 0.00252509 0.0027424 0.00296179 0.00318159 0.00340009 0.00361552 0.00382607 0.00402996 0.0042254 0.00441063 0.00458397 0.00474382 0.00488868 0.00501718 0.0051281 0.00522035 0.00529306 0.00534551 0.00537718 0.00538777 0.00537718 0.00534551 0.00529306 0.00522035 0.0051281 0.00501718 0.00488868 0.00474382 0.00458397 0.00441063 0.0042254 0.00402996 0.00382607 0.00361552 0.00340009 0.00318159 0.00296179 0.0027424 0.00252509 0.00231142 0.00210286 0.00190078 0.0017064 0.00152085 0.00134507 0.00117988 0.00102595 0.000883768 0.000753676 0.000635835 0.000530239 0.000436707 0.000354893 0.00028429 0.000224244 0.000173975 0.000132599 9.91606e-05 7.26624e-05 5.2102e-05 3.65049e-05 2.49547e-05 1.66186e-05 1.07644e-05 6.77085e-06 4.12894e-06 2.43702e-06 1.38992e-06 7.64736e-07 4.05251e-07 2.06511e-07 1.01043e-07 4.74004e-08 2.129e-08 9.14387e-09 3.75086e-09 1.46794e-09 5.47563e-10 1.94503e-10 6.57411e-11 2.11283e-11 6.45256e-12 1.87154e-12 5.15283e-13 1.34609e-13 3.33508e-14 7.83372e-15 1.74381e-15 3.67738e-16 7.34391e-17 1.38836e-17 2.48365e-18 4.20254e-19 6.72309e-20 1.01636e-20 1.45115e-21 1.95573e-22 2.48626e-23 2.9793e-24 3.36246e-25 3.57098e-26 3.56509e-27 3.34215e-28 2.93843e-29 2.41959e-30 1.86309e-31 1.3392e-32 8.96889e-34 5.58431e-35 3.22459e-36 1.72207e-37 8.47867e-39 3.83475e-40 1.58663e-41 5.97647e-43 2.03795e-44 6.24905e-46 1.7089e-47 2.17666e-49 
0 1.6395e-47 6.058e-46 1.996e-44 5.91434e-43 1.58663e-41 3.87542e-40 8.66033e-39 1.77798e-37 3.36561e-36 5.8927e-35 9.56935e-34 1.44488e-32 2.03284e-31 2.67015e-30 3.28001e-29 3.7739e-28 4.07264e-27 4.12734e-26 3.93233e-25 3.52572e-24 2.97749e-23 2.3703e-22 1.78e-21 1.26178e-20 8.44773e-20 5.34469e-19 3.19695e-18 1.8087e-17 9.68256e-17 4.90642e-16 2.3542e-15 1.06997e-14 4.60776e-14 1.88082e-13 7.2794e-13 2.67235e-12 9.30928e-12 3.07864e-11 9.67028e-11 2.88671e-10 8.19467e-10 2.21381e-09 5.6962e-09 1.39724e-08 3.27074e-08 7.31481e-08 1.56489e-07 3.20682e-07 6.30379e-07 1.19049e-06 2.1634e-06 3.78926e-06 6.40775e-06 1.04794e-05 1.66029e-05 2.55269e-05 3.81511e-05 5.55179e-05 7.87917e-05 0.000109228 0.000148134 0.000196824 0.000256576 0.000328586 0.000413933 0.000513549 0.000628193 0.000758441 0.000904679 0.0010671 0.00124569 0.00144027 0.00165046 0.00187568 0.00211518 0.00236804 0.00263312 0.00290914 0.00319461 0.00348788 0.00378714 0.00409043 0.00439564 0.00470058 0.00500294 0.00530036 0.00559044 0.0058708 0.00613904 0.00639287 0.00663005 0.00684848 0.00704619 0.00722138 0.00737246 0.00749802 0.00759691 0.00766822 0.00771126 0.00772566 0.00771126 0.00766822 0.00759691 0.00749802 0.00737246 0.00722138 0.00704619 0.00684848 0.00663005 0.00639287 0.00613904 0.0058708 0.00559044 0.00530036 0.00500294 0.00470058 0.00439564 0.00409043 0.00378714 0.00348788 0.00319461 0.00290914 0.00263312 0.00236804 0.00211518 0.00187568 0.00165046 0.00144027 0.00124569 0.0010671 0.000904679 0.000758441 0.000628193 0.000513549 0.000413933 0.000328586 0.000256576 0.000196824 0.000148134 0.000109228 7.87917e-05 5.55179e-05 3.81511e-05 2.55269e-05 1.66029e-05 1.04794e-05 6.40775e-06 3.78926e-06 2.1634e-06 1.19049e-06 6.30379e-07 3.20682e-07 1.56489e-07 7.31481e-08 3.27074e-08 1.39724e-08 5.6962e-09 2.21381e-09 8.19467e-10 2.88671e-10 9.67028e-11 3.07864e-11 9.30928e-12 2.67235e-12 7.2794e-13 1.88082e-13 4.60776e-14 1.06997e-14 2.3542e-15 4.90642e-16 9.68256e-17 1.8087e-17 3.19695e-18 5.34469e-19 8.44773e-20 1.26178e-20 1.78e-21 2.3703e-22 2.97749e-23 3.52572e-24 3.93233e-25 4.12734e-26 4.07264e-27 3.7739e-28 3.28001e-29 2.67015e-30 2.03284e-31 1.44488e-32 9.56935e-34 5.8927e-35 3.36561e-36 1.77798e-37 8.66033e-39 3.87542e-40 1.58663e-41 5.91434e-43 1.996e-44 6.05617e-46 8.72868e-48 
0 5.7488e-46 1.91466e-44 5.7318e-43 1.55365e-41 3.83475e-40 8.66033e-39 1.79702e-37 3.4384e-36 6.08582e-35 9.99175e-34 1.52541e-32 2.17019e-31 2.88277e-30 3.58154e-29 4.16815e-28 4.55016e-27 4.66501e-26 4.49676e-25 4.07939e-24 3.48597e-23 2.8082e-22 2.13411e-21 1.53097e-20 1.03735e-19 6.64217e-19 4.02091e-18 2.30222e-17 1.24721e-16 6.3952e-16 3.10477e-15 1.42757e-14 6.2185e-14 2.56699e-13 1.00449e-12 3.72724e-12 1.31191e-11 4.38195e-11 1.38952e-10 4.18525e-10 1.19807e-09 3.26167e-09 8.45124e-09 2.08593e-08 4.9091e-08 1.1028e-07 2.36762e-07 4.86424e-07 9.5769e-07 1.80968e-06 3.28734e-06 5.75013e-06 9.70177e-06 1.58172e-05 2.49626e-05 3.82035e-05 5.67992e-05 8.21807e-05 0.000115913 0.000159646 0.000215058 0.000283795 0.000367419 0.000467358 0.000584874 0.000721036 0.000876708 0.00105255 0.00124901 0.00146635 0.00170462 0.00196367 0.00224317 0.00254255 0.00286106 0.00319768 0.00355119 0.0039201 0.00430268 0.00469693 0.00510063 0.00551134 0.00592639 0.00634296 0.00675807 0.00716865 0.00757156 0.00796363 0.00834169 0.00870267 0.00904355 0.00936148 0.00965376 0.00991789 0.0101516 0.0103529 0.01052 0.0106516 0.0107463 0.0108035 0.0108226 0.0108035 0.0107463 0.0106516 0.01052 0.0103529 0.0101516 0.00991789 0.00965376 0.00936148 0.00904355 0.00870267 0.00834169 0.00796363 0.00757156 0.00716865 0.00675807 0.00634296 0.00592639 0.00551134 0.00510063 0.00469693 0.00430268 0.0039201 0.00355119 0.00319768 0.00286106 0.00254255 0.00224317 0.00196367 0.00170462 0.00146635 0.00124901 0.00105255 0.000876708 0.000721036 0.000584874 0.000467358 0.000367419 0.000283795 0.000215058 0.000159646 0.000115913 8.21807e-05 5.67992e-05 3.82035e-05 2.49626e-05 1.58172e-05 9.70177e-06 5.75013e-06 3.28734e-06 1.80968e-06 9.5769e-07 4.86424e-07 2.36762e-07 1.1028e-07 4.9091e-08 2.08593e-08 8.45124e-09 3.26167e-09 1.19807e-09 4.18525e-10 1.38952e-10 4.38195e-11 1.31191e-11 3.72724e-12 1.00449e-12 2.56699e-13 6.2185e-14 1.42757e-14 3.10477e-15 6.3952e-16 1.24721e-16 2.30222e-17 4.02091e-18 6.64217e-19 1.03735e-19 1.53097e-20 2.13411e-21 2.8082e-22 3.48597e-23 4.07939e-24 4.49676e-25 4.66501e-26 4.55016e-27 4.16815e-28 3.58154e-29 2.88277e-30 2.17019e-31 1.52541e-32 9.99175e-34 6.08582e-35 3.4384e-36 1.79702e-37 8.66033e-39 3.83475e-40 1.55365e-41 5.7318e-43 1.91395e-44 3.09122e-46 
0 1.7974e-44 5.43996e-43 1.48975e-41 3.71528e-40 8.47867e-39 1.77798e-37 3.4384e-36 6.15158e-35 1.02099e-33 1.57586e-32 2.26686e-31 3.04489e-30 3.82568e-29 4.50295e-28 4.97203e-27 5.15643e-26 5.02828e-25 4.61499e-24 3.9901e-23 3.25237e-22 2.50105e-21 1.81561e-20 1.24492e-19 8.06675e-19 4.94177e-18 2.8633e-17 1.56966e-16 8.14397e-16 4.00027e-15 1.86073e-14 8.19841e-14 3.42249e-13 1.35405e-12 5.07839e-12 1.80612e-11 6.09314e-11 1.95063e-10 5.92844e-10 1.71143e-09 4.69554e-09 1.22524e-08 3.04308e-08 7.20033e-08 1.62475e-07 3.50042e-07 7.2095e-07 1.42151e-06 2.68728e-06 4.87856e-06 8.51972e-06 1.43377e-05 2.32943e-05 3.66046e-05 5.57385e-05 8.23987e-05 0.000118479 0.000166002 0.000227048 0.000303681 0.000397874 0.000511458 0.000646073 0.000803156 0.000983925 0.00118939 0.00142035 0.00167745 0.0019611 0.00227156 0.00260888 0.00297289 0.00336316 0.003779 0.00421938 0.00468297 0.00516805 0.00567255 0.00619404 0.00672973 0.00727652 0.00783102 0.00838958 0.00894836 0.00950339 0.0100506 0.0105859 0.0111051 0.0116043 0.0120796 0.0125271 0.0129435 0.0133254 0.0136698 0.013974 0.0142355 0.0144523 0.0146228 0.0147455 0.0148195 0.0148442 0.0148195 0.0147455 0.0146228 0.0144523 0.0142355 0.013974 0.0136698 0.0133254 0.0129435 0.0125271 0.0120796 0.0116043 0.0111051 0.0105859 0.0100506 0.00950339 0.00894836 0.00838958 0.00783102 0.00727652 0.00672973 0.00619404 0.00567255 0.00516805 0.00468297 0.00421938 0.003779 0.00336316 0.00297289 0.00260888 0.00227156 0.0019611 0.00167745 0.00142035 0.00118939 0.000983925 0.000803156 0.000646073 0.000511458 0.000397874 0.000303681 0.000227048 0.000166002 0.000118479 8.23987e-05 5.57385e-05 3.66046e-05 2.32943e-05 1.43377e-05 8.51972e-06 4.87856e-06 2.68728e-06 1.42151e-06 7.2095e-07 3.50042e-07 1.62475e-07 7.20033e-08 3.04308e-08 1.22524e-08 4.69554e-09 1.71143e-09 5.92844e-10 1.95063e-10 6.09314e-11 1.80612e-11 5.07839e-12 1.35405e-12 3.42249e-13 8.19841e-14 1.86073e-14 4.00027e-15 8.14397e-16 1.56966e-16 2.8633e-17 4.94177e-18 8.06675e-19 1.24492e-19 1.81561e-20 2.50105e-21 3.25237e-22 3.9901e-23 4.61499e-24 5.02828e-25 5.15643e-26 4.97203e-27 4.50295e-28 3.82568e-29 3.04489e-30 2.26686e-31 1.57586e-32 1.02099e-33 6.15158e-35 3.4384e-36 1.77798e-37 8.47867e-39 3.71528e-40 1.48975e-41 5.43752e-43 9.763e-45 
0 5.05122e-43 1.39876e-41 3.52434e-40 8.12665e-39 1.72207e-37 3.36561e-36 6.08582e-35 1.02099e-33 1.59305e-32 2.31679e-31 3.14649e-30 3.99757e-29 4.75837e-28 5.3138e-27 5.57402e-26 5.49821e-25 5.10491e-24 4.46525e-23 3.68242e-22 2.86518e-21 2.10459e-20 1.46021e-19 9.57436e-19 5.93518e-18 3.47978e-17 1.93024e-16 1.0133e-15 5.03561e-15 2.36951e-14 1.05598e-13 4.45798e-13 1.78322e-12 6.76005e-12 2.42932e-11 8.27807e-11 2.6756e-10 8.20581e-10 2.38904e-09 6.6062e-09 1.73609e-08 4.33912e-08 1.03228e-07 2.33984e-07 5.05869e-07 1.04446e-06 2.06223e-06 3.89968e-06 7.07401e-06 1.23309e-05 2.06922e-05 3.34901e-05 5.238e-05 7.93251e-05 0.000116551 0.000166472 0.000231606 0.000314469 0.000417496 0.000542963 0.000692944 0.00086929 0.00107364 0.00130742 0.00157191 0.00186823 0.00219734 0.00256008 0.0029571 0.00338882 0.00385538 0.0043566 0.00489187 0.00546014 0.00605985 0.00668894 0.0073448 0.00802434 0.00872398 0.00943971 0.0101671 0.0109016 0.0116382 0.0123718 0.0130972 0.0138093 0.0145029 0.0151731 0.0158149 0.0164236 0.016995 0.0175249 0.0180094 0.0184453 0.0188293 0.0191589 0.0194317 0.0196459 0.0197999 0.0198927 0.0199237 0.0198927 0.0197999 0.0196459 0.0194317 0.0191589 0.0188293 0.0184453 0.0180094 0.0175249 0.016995 0.0164236 0.0158149 0.0151731 0.0145029 0.0138093 0.0130972 0.0123718 0.0116382 0.0109016 0.0101671 0.00943971 0.00872398 0.00802434 0.0073448 0.00668894 0.00605985 0.00546014 0.00489187 0.0043566 0.00385538 0.00338882 0.0029571 0.00256008 0.00219734 0.00186823 0.00157191 0.00130742 0.00107364 0.00086929 0.000692944 0.000542963 0.000417496 0.000314469 0.000231606 0.000166472 0.000116551 7.93251e-05 5.238e-05 3.34901e-05 2.06922e-05 1.23309e-05 7.07401e-06 3.89968e-06 2.06223e-06 1.04446e-06 5.05869e-07 2.33984e-07 1.03228e-07 4.33912e-08 1.73609e-08 6.6062e-09 2.38904e-09 8.20581e-10 2.6756e-10 8.27807e-11 2.42932e-11 6.76005e-12 1.78322e-12 4.45798e-13 1.05598e-13 2.36951e-14 5.03561e-15 1.0133e-15 1.93024e-16 3.47978e-17 5.93518e-18 9.57436e-19 1.46021e-19 2.10459e-20 2.86518e-21 3.68242e-22 4.46525e-23 5.10491e-24 5.49821e-25 5.57402e-26 5.3138e-27 4.75837e-28 3.99757e-29 3.14649e-30 2.31679e-31 1.59305e-32 1.02099e-33 6.08582e-35 3.36561e-36 1.72207e-37 8.12665e-39 3.52434e-40 1.39802e-41 2.77203e-43 
0 1.28452e-41 3.27334e-40 7.62575e-39 1.63275e-37 3.22459e-36 5.8927e-35 9.99175e-34 1.57586e-32 2.31679e-31 3.18111e-30 4.08639e-29 4.9185e-28 5.55456e-27 5.89277e-26 5.87915e-25 5.52149e-24 4.88564e-23 4.07609e-22 3.20864e-21 2.3846e-20 1.67402e-19 1.11061e-18 6.96622e-18 4.13261e-17 2.31942e-16 1.23193e-15 6.19361e-15 2.94816e-14 1.3289e-13 5.67341e-13 2.29449e-12 8.79221e-12 3.19273e-11 1.09895e-10 3.58634e-10 1.10999e-09 3.25942e-09 9.08464e-09 2.40466e-08 6.04861e-08 1.44692e-07 3.29464e-07 7.14815e-07 1.47949e-06 2.92512e-06 5.53253e-06 1.00266e-05 1.7442e-05 2.91777e-05 4.70294e-05 7.31865e-05 0.00011019 0.00016085 0.000228139 0.000315065 0.000424563 0.000559398 0.000722119 0.00091504 0.00114027 0.00139974 0.00169528 0.00202865 0.00240152 0.0028155 0.00327209 0.00377254 0.00431782 0.00490847 0.0055445 0.00622533 0.00694967 0.00771554 0.0085202 0.00936023 0.0102315 0.0111294 0.0120486 0.0129836 0.0139284 0.0148767 0.0158223 0.0167588 0.0176799 0.0185793 0.019451 0.0202893 0.0210885 0.0218435 0.0225494 0.0232018 0.0237965 0.02433 0.0247989 0.0252004 0.0255322 0.0257923 0.0259791 0.0260917 0.0261293 0.0260917 0.0259791 0.0257923 0.0255322 0.0252004 0.0247989 0.02433 0.0237965 0.0232018 0.0225494 0.0218435 0.0210885 0.0202893 0.019451 0.0185793 0.0176799 0.0167588 0.0158223 0.0148767 0.0139284 0.0129836 0.0120486 0.0111294 0.0102315 0.00936023 0.0085202 0.00771554 0.00694967 0.00622533 0.0055445 0.00490847 0.00431782 0.00377254 0.00327209 0.0028155 0.00240152 0.00202865 0.00169528 0.00139974 0.00114027 0.00091504 0.000722119 0.000559398 0.000424563 0.000315065 0.000228139 0.00016085 0.00011019 7.31865e-05 4.70294e-05 2.91777e-05 1.7442e-05 1.00266e-05 5.53253e-06 2.92512e-06 1.47949e-06 7.14815e-07 3.29464e-07 1.44692e-07 6.04861e-08 2.40466e-08 9.08464e-09 3.25942e-09 1.10999e-09 3.58634e-10 1.09895e-10 3.19273e-11 8.79221e-12 2.29449e-12 5.67341e-13 1.3289e-13 2.94816e-14 6.19361e-15 1.23193e-15 2.31942e-16 4.13261e-17 6.96622e-18 1.11061e-18 1.67402e-19 2.3846e-20 3.20864e-21 4.07609e-22 4.88564e-23 5.52149e-24 5.87915e-25 5.89277e-26 5.55456e-27 4.9185e-28 4.08639e-29 3.18111e-30 2.31679e-31 1.57586e-32 9.99175e-34 5.8927e-35 3.22459e-36 1.63275e-37 7.62574e-39 3.27129e-40 7.12328e-42 
0 2.97254e-40 7.0054e-39 1.51541e-37 3.02403e-36 5.58431e-35 9.56935e-34 1.52541e-32 2.26686e-31 3.14649e-30 4.08639e-29 4.97306e-28 5.67898e-27 6.09267e-26 6.14761e-25 5.83963e-24 5.22661e-23 4.41103e-22 3.51271e-21 2.64109e-20 1.87583e-19 1.25913e-18 7.99081e-18 4.79625e-17 2.72354e-16 1.46352e-15 7.4437e-15 3.58417e-14 1.63406e-13 7.05489e-13 2.8848e-12 1.11739e-11 4.10032e-11 1.42569e-10 4.69803e-10 1.46753e-09 4.34679e-09 1.22129e-08 3.25639e-08 8.24444e-08 1.98329e-07 4.53697e-07 9.87902e-07 2.04982e-06 4.05814e-06 7.67669e-06 1.38981e-05 2.41233e-05 4.02201e-05 6.4544e-05 9.9908e-05 0.000149499 0.000216749 0.000305185 0.000418276 0.000559321 0.000731378 0.000937261 0.00117959 0.00146085 0.00178352 0.0021501 0.00256315 0.00302528 0.00353905 0.00410684 0.00473067 0.00541208 0.0061519 0.00695016 0.00780598 0.00871749 0.00968184 0.0106952 0.011753 0.0128497 0.0139792 0.0151348 0.0163095 0.0174957 0.0186861 0.019873 0.0210488 0.0222061 0.0233376 0.0244364 0.0254958 0.0265096 0.0274718 0.0283769 0.0292199 0.0299963 0.0307019 0.031333 0.0318864 0.0323593 0.0327493 0.0330547 0.0332738 0.0334057 0.0334498 0.0334057 0.0332738 0.0330547 0.0327493 0.0323593 0.0318864 0.031333 0.0307019 0.0299963 0.0292199 0.0283769 0.0274718 0.0265096 0.0254958 0.0244364 0.0233376 0.0222061 0.0210488 0.019873 0.0186861 0.0174957 0.0163095 0.0151348 0.0139792 0.0128497 0.011753 0.0106952 0.00968184 0.00871749 0.00780598 0.00695016 0.0061519 0.00541208 0.00473067 0.00410684 0.00353905 0.00302528 0.00256315 0.0021501 0.00178352 0.00146085 0.00117959 0.000937261 0.000731378 0.000559321 0.000418276 0.000305185 0.000216749 0.000149499 9.9908e-05 6.4544e-05 4.02201e-05 2.41233e-05 1.38981e-05 7.67669e-06 4.05814e-06 2.04982e-06 9.87902e-07 4.53697e-07 1.98329e-07 8.24444e-08 3.25639e-08 1.22129e-08 4.34679e-09 1.46753e-09 4.69803e-10 1.42569e-10 4.10032e-11 1.11739e-11 2.8848e-12 7.05489e-13 1.63406e-13 3.58417e-14 7.4437e-15 1.46352e-15 2.72354e-16 4.79625e-17 7.99081e-18 1.25913e-18 1.87583e-19 2.64109e-20 3.51271e-21 4.41103e-22 5.22661e-23 5.83963e-24 6.14761e-25 6.09267e-26 5.67898e-27 4.97306e-28 4.08639e-29 3.14649e-30 2.26686e-31 1.52541e-32 9.56935e-34 5.58431e-35 3.02403e-36 1.51541e-37 7.00031e-39 1.66604e-40 
0 6.29004e-39 1.37681e-37 2.77583e-36 5.1794e-35 8.96889e-34 1.44488e-32 2.17019e-31 3.04489e-30 3.99757e-29 4.9185e-28 5.67898e-27 6.16079e-26 6.28638e-25 6.03922e-24 5.46699e-23 4.66694e-22 3.75945e-21 2.85944e-20 2.05459e-19 1.39525e-18 8.95838e-18 5.44004e-17 3.12529e-16 1.69902e-15 8.74194e-15 4.25786e-14 1.96339e-13 8.5724e-13 3.54422e-12 1.38772e-11 5.14617e-11 1.80766e-10 6.01526e-10 1.89658e-09 5.66713e-09 1.60528e-08 4.31217e-08 1.09901e-07 2.65901e-07 6.11177e-07 1.33574e-06 2.77869e-06 5.50869e-06 1.04222e-05 1.8848e-05 3.2639e-05 5.42278e-05 8.66236e-05 0.000133339 0.000198249 0.000285408 0.000398857 0.000542465 0.000719836 0.00093431 0.00118903 0.00148709 0.00183163 0.00222602 0.00267384 0.0031789 0.00374506 0.00437609 0.00507536 0.00584561 0.00668874 0.00760555 0.00859562 0.00965728 0.0107876 0.0119823 0.0132361 0.0145428 0.0158952 0.0172855 0.0187054 0.0201465 0.0215997 0.0230562 0.0245072 0.025944 0.0273582 0.0287415 0.0300861 0.0313848 0.0326305 0.0338168 0.0349378 0.035988 0.0369625 0.0378569 0.0386672 0.0393899 0.0400221 0.0405611 0.041005 0.041352 0.0416008 0.0417504 0.0418004 0.0417504 0.0416008 0.041352 0.041005 0.0405611 0.0400221 0.0393899 0.0386672 0.0378569 0.0369625 0.035988 0.0349378 0.0338168 0.0326305 0.0313848 0.0300861 0.0287415 0.0273582 0.025944 0.0245072 0.0230562 0.0215997 0.0201465 0.0187054 0.0172855 0.0158952 0.0145428 0.0132361 0.0119823 0.0107876 0.00965728 0.00859562 0.00760555 0.00668874 0.00584561 0.00507536 0.00437609 0.00374506 0.0031789 0.00267384 0.00222602 0.00183163 0.00148709 0.00118903 0.00093431 0.000719836 0.000542465 0.000398857 0.000285408 0.000198249 0.000133339 8.66236e-05 5.42278e-05 3.2639e-05 1.8848e-05 1.04222e-05 5.50869e-06 2.77869e-06 1.33574e-06 6.11177e-07 2.65901e-07 1.09901e-07 4.31217e-08 1.60528e-08 5.66713e-09 1.89658e-09 6.01526e-10 1.80766e-10 5.14617e-11 1.38772e-11 3.54422e-12 8.5724e-13 1.96339e-13 4.25786e-14 8.74194e-15 1.69902e-15 3.12529e-16 5.44004e-17 8.95838e-18 1.39525e-18 2.05459e-19 2.85944e-20 3.75945e-21 4.66694e-22 5.46699e-23 6.03922e-24 6.28638e-25 6.16079e-26 5.67898e-27 4.9185e-28 3.99757e-29 3.04489e-30 2.17019e-31 1.44488e-32 8.96889e-34 5.1794e-35 2.77582e-36 1.37566e-37 3.5638e-39 
0 1.22214e-37 2.49392e-36 4.7015e-35 8.22627e-34 1.3392e-32 2.03284e-31 2.88277e-30 3.82568e-29 4.75837e-28 5.55456e-27 6.09267e-26 6.28638e-25 6.10724e-24 5.59128e-23 4.82753e-22 3.93346e-21 3.02632e-20 2.19971e-19 1.51117e-18 9.8158e-18 6.03028e-17 3.50481e-16 1.92752e-15 1.00327e-14 4.94289e-14 2.30532e-13 1.0179e-12 4.25526e-12 1.68429e-11 6.31239e-11 2.24017e-10 7.52852e-10 2.39618e-09 7.22394e-09 2.06329e-08 5.58468e-08 1.43302e-07 3.48767e-07 8.05597e-07 1.76743e-06 3.68659e-06 7.31927e-06 1.38503e-05 2.50199e-05 4.32235e-05 7.1554e-05 0.000113758 0.0001741 0.000257153 0.00036755 0.000509775 0.000688019 0.000906166 0.00116789 0.00147686 0.00183693 0.00225234 0.00272782 0.00326852 0.00387986 0.00456722 0.00533559 0.00618922 0.00713123 0.00816335 0.00928579 0.0104971 0.0117942 0.0131724 0.014626 0.0161476 0.0177291 0.0193618 0.021036 0.0227419 0.0244695 0.0262084 0.0279485 0.0296798 0.0313926 0.0330773 0.0347251 0.0363273 0.0378758 0.0393634 0.040783 0.0421285 0.0433941 0.0445747 0.0456659 0.0466638 0.0475648 0.048366 0.0490651 0.0496598 0.0501486 0.0505301 0.0508033 0.0509675 0.0510222 0.0509675 0.0508033 0.0505301 0.0501486 0.0496598 0.0490651 0.048366 0.0475648 0.0466638 0.0456659 0.0445747 0.0433941 0.0421285 0.040783 0.0393634 0.0378758 0.0363273 0.0347251 0.0330773 0.0313926 0.0296798 0.0279485 0.0262084 0.0244695 0.0227419 0.021036 0.0193618 0.0177291 0.0161476 0.014626 0.0131724 0.0117942 0.0104971 0.00928579 0.00816335 0.00713123 0.00618922 0.00533559 0.00456722 0.00387986 0.00326852 0.00272782 0.00225234 0.00183693 0.00147686 0.00116789 0.000906166 0.000688019 0.000509775 0.00036755 0.000257153 0.0001741 0.000113758 7.1554e-05 4.32235e-05 2.50199e-05 1.38503e-05 7.31927e-06 3.68659e-06 1.76743e-06 8.05597e-07 3.48767e-07 1.43302e-07 5.58468e-08 2.06329e-08 7.22394e-09 2.39618e-09 7.52852e-10 2.24017e-10 6.31239e-11 1.68429e-11 4.25526e-12 1.0179e-12 2.30532e-13 4.94289e-14 1.00327e-14 1.92752e-15 3.50481e-16 6.03028e-17 9.8158e-18 1.51117e-18 2.19971e-19 3.02632e-20 3.93346e-21 4.82753e-22 5.59128e-23 6.10724e-24 6.28638e-25 6.09267e-26 5.55456e-27 4.75837e-28 3.82568e-29 2.88277e-30 2.03284e-31 1.3392e-32 8.22627e-34 4.70149e-35 2.49155e-36 7.00115e-38 
0 2.18828e-36 4.17666e-35 7.38359e-34 1.21457e-32 1.86309e-31 2.67015e-30 3.58154e-29 4.50295e-28 5.3138e-27 5.89277e-26 6.14761e-25 6.03922e-24 5.59128e-23 4.88227e-22 4.02346e-21 3.13107e-20 2.30208e-19 1.5998e-18 1.05121e-17 6.53312e-17 3.84121e-16 2.13707e-15 1.12522e-14 5.60756e-14 2.64522e-13 1.18119e-12 4.99293e-12 1.99791e-11 7.5679e-11 2.71365e-10 9.21119e-10 2.95986e-09 9.00428e-09 2.59359e-08 7.0747e-08 1.82806e-07 4.4763e-07 1.03925e-06 2.28924e-06 4.78862e-06 9.52235e-06 1.80243e-05 3.25254e-05 5.60556e-05 9.24566e-05 0.000146278 0.000222559 0.000326534 0.000463342 0.000637812 0.000854403 0.00111732 0.00143074 0.00179919 0.00222778 0.00272237 0.00328959 0.00393658 0.00467058 0.0054985 0.0064263 0.0074586 0.00859825 0.00984618 0.0112012 0.0126603 0.0142185 0.0158693 0.0176046 0.0194154 0.0212918 0.0232231 0.0251982 0.0272057 0.0292339 0.0312713 0.0333063 0.0353277 0.0373246 0.0392864 0.0412034 0.0430661 0.044866 0.0465951 0.0482464 0.0498135 0.0512907 0.0526731 0.0539564 0.0551372 0.0562124 0.0571796 0.0580366 0.0587821 0.0594146 0.0599332 0.0603372 0.0606261 0.0607996 0.0608575 0.0607996 0.0606261 0.0603372 0.0599332 0.0594146 0.0587821 0.0580366 0.0571796 0.0562124 0.0551372 0.0539564 0.0526731 0.0512907 0.0498135 0.0482464 0.0465951 0.044866 0.0430661 0.0412034 0.0392864 0.0373246 0.0353277 0.0333063 0.0312713 0.0292339 0.0272057 0.0251982 0.0232231 0.0212918 0.0194154 0.0176046 0.0158693 0.0142185 0.0126603 0.0112012 0.00984618 0.00859825 0.0074586 0.0064263 0.0054985 0.00467058 0.00393658 0.00328959 0.00272237 0.00222778 0.00179919 0.00143074 0.00111732 0.000854403 0.000637812 0.000463342 0.000326534 0.000222559 0.000146278 9.24566e-05 5.60556e-05 3.25254e-05 1.80243e-05 9.52235e-06 4.78862e-06 2.28924e-06 1.03925e-06 4.4763e-07 1.82806e-07 7.0747e-08 2.59359e-08 9.00428e-09 2.95986e-09 9.21119e-10 2.71365e-10 7.5679e-11 1.99791e-11 4.99293e-12 1.18119e-12 2.64522e-13 5.60756e-14 1.12522e-14 2.13707e-15 3.84121e-16 6.53312e-17 1.05121e-17 1.5998e-18 2.30208e-19 3.13107e-20 4.02346e-21 4.88227e-22 5.59128e-23 6.03922e-24 6.14761e-25 5.89277e-26 5.3138e-27 4.50295e-28 3.58154e-29 2.67015e-30 1.86309e-31 1.21457e-32 7.38357e-34 4.17217e-35 1.26773e-36 
0 3.62213e-35 6.48513e-34 1.07783e-32 1.67063e-31 2.41959e-30 3.28001e-29 4.16815e-28 4.97203e-27 5.57402e-26 5.87915e-25 5.83963e-24 5.46699e-23 4.82753e-22 4.02346e-21 3.16679e-20 2.35503e-19 1.65545e-18 1.10034e-17 6.91766e-17 4.11446e-16 2.31561e-15 1.23332e-14 6.21706e-14 2.96627e-13 1.33956e-12 5.72571e-12 2.31633e-11 8.86858e-11 3.21339e-10 1.10181e-09 3.57489e-09 1.09757e-08 3.18878e-08 8.76766e-08 2.28184e-07 5.62283e-07 1.31242e-06 2.90326e-06 6.0916e-06 1.21349e-05 2.29793e-05 4.14272e-05 7.12309e-05 0.000117057 0.000184299 0.000278754 0.000406249 0.000572319 0.000782053 0.00104018 0.00135135 0.00172063 0.00215386 0.002658 0.00324115 0.00391229 0.00468075 0.00555557 0.00654476 0.00765465 0.00888948 0.0102511 0.0117387 0.0133495 0.0150782 0.0169178 0.0188597 0.0208941 0.0230101 0.025196 0.0274394 0.0297274 0.032047 0.0343849 0.0367276 0.0390622 0.0413758 0.0436562 0.0458917 0.0480714 0.0501852 0.0522242 0.0541801 0.0560458 0.0578153 0.0594834 0.0610457 0.0624988 0.0638401 0.0650675 0.0661795 0.0671751 0.0680537 0.068815 0.0694589 0.0699855 0.0703948 0.070687 0.0708622 0.0709207 0.0708622 0.070687 0.0703948 0.0699855 0.0694589 0.068815 0.0680537 0.0671751 0.0661795 0.0650675 0.0638401 0.0624988 0.0610457 0.0594834 0.0578153 0.0560458 0.0541801 0.0522242 0.0501852 0.0480714 0.0458917 0.0436562 0.0413758 0.0390622 0.0367276 0.0343849 0.032047 0.0297274 0.0274394 0.025196 0.0230101 0.0208941 0.0188597 0.0169178 0.0150782 0.0133495 0.0117387 0.0102511 0.00888948 0.00765465 0.00654476 0.00555557 0.00468075 0.00391229 0.00324115 0.002658 0.00215386 0.00172063 0.00135135 0.00104018 0.000782053 0.000572319 0.000406249 0.000278754 0.000184299 0.000117057 7.12309e-05 4.14272e-05 2.29793e-05 1.21349e-05 6.0916e-06 2.90326e-06 1.31242e-06 5.62283e-07 2.28184e-07 8.76766e-08 3.18878e-08 1.09757e-08 3.57489e-09 1.10181e-09 3.21339e-10 8.86858e-11 2.31633e-11 5.72571e-12 1.33956e-12 2.96627e-13 6.21706e-14 1.23332e-14 2.31561e-15 4.11446e-16 6.91766e-17 1.10034e-17 1.65545e-18 2.35503e-19 3.16679e-20 4.02346e-21 4.82753e-22 5.46699e-23 5.83963e-24 5.87915e-25 5.57402e-26 4.97203e-27 4.16815e-28 3.28001e-29 2.41959e-30 1.67063e-31 1.07783e-32 6.47732e-34 2.12254e-35 
0 5.55791e-34 9.35875e-33 1.46565e-31 2.14494e-30 2.93843e-29 3.7739e-28 4.55016e-27 5.15643e-26 5.49821e-25 5.52149e-24 5.22661e-23 4.66694e-22 3.93346e-21 3.13107e-20 2.35503e-19 1.67442e-18 1.12576e-17 7.15912e-17 4.30729e-16 2.45217e-15 1.32114e-14 6.73637e-14 3.25083e-13 1.48473e-12 6.41748e-12 2.62491e-11 1.0159e-10 3.71992e-10 1.28857e-09 4.22211e-09 1.30846e-08 3.8351e-08 1.06311e-07 2.78742e-07 6.91387e-07 1.6228e-06 3.60609e-06 7.59136e-06 1.5153e-05 2.87128e-05 5.17232e-05 8.87379e-05 0.000145307 0.000227676 0.000342352 0.000495644 0.00069337 0.000940829 0.0012431 0.00160562 0.00203478 0.00253842 0.00312599 0.00380833 0.00459699 0.00550342 0.00653794 0.00770896 0.00902234 0.010481 0.0120851 0.0138319 0.0157163 0.017731 0.0198671 0.0221142 0.0244607 0.0268938 0.0294 0.0319649 0.0345736 0.0372106 0.0398605 0.0425076 0.0451369 0.0477337 0.0502842 0.0527753 0.0551954 0.0575339 0.0597816 0.0619306 0.0639743 0.0659074 0.0677258 0.0694264 0.0710072 0.0724669 0.0738051 0.0750217 0.0761175 0.0770933 0.0779501 0.0786894 0.0793122 0.0798199 0.0802135 0.080494 0.080662 0.0807179 0.080662 0.080494 0.0802135 0.0798199 0.0793122 0.0786894 0.0779501 0.0770933 0.0761175 0.0750217 0.0738051 0.0724669 0.0710072 0.0694264 0.0677258 0.0659074 0.0639743 0.0619306 0.0597816 0.0575339 0.0551954 0.0527753 0.0502842 0.0477337 0.0451369 0.0425076 0.0398605 0.0372106 0.0345736 0.0319649 0.0294 0.0268938 0.0244607 0.0221142 0.0198671 0.017731 0.0157163 0.0138319 0.0120851 0.010481 0.00902234 0.00770896 0.00653794 0.00550342 0.00459699 0.00380833 0.00312599 0.00253842 0.00203478 0.00160562 0.0012431 0.000940829 0.00069337 0.000495644 0.000342352 0.000227676 0.000145307 8.87379e-05 5.17232e-05 2.87128e-05 1.5153e-05 7.59136e-06 3.60609e-06 1.6228e-06 6.91387e-07 2.78742e-07 1.06311e-07 3.8351e-08 1.30846e-08 4.22211e-09 1.28857e-09 3.71992e-10 1.0159e-10 2.62491e-11 6.41748e-12 1.48473e-12 3.25083e-13 6.73637e-14 1.32114e-14 2.45217e-15 4.30729e-16 7.15912e-17 1.12576e-17 1.67442e-18 2.35503e-19 3.13107e-20 3.93346e-21 4.66694e-22 5.22661e-23 5.52149e-24 5.49821e-25 5.15643e-26 4.55016e-27 3.7739e-28 2.93843e-29 2.14494e-30 1.46565e-31 9.34617e-33 3.29509e-34 
0 7.9252e-33 1.25797e-31 1.86015e-30 2.57501e-29 3.34215e-28 4.07264e-27 4.66501e-26 5.02828e-25 5.10491e-24 4.88564e-23 4.41103e-22 3.75945e-21 3.02632e-20 2.30208e-19 1.65545e-18 1.12576e-17 7.24146e-17 4.40706e-16 2.53792e-15 1.38311e-14 7.13354e-14 3.48195e-13 1.60839e-12 7.03033e-12 2.90756e-11 1.1376e-10 4.21005e-10 1.4735e-09 4.87641e-09 1.5257e-08 4.51231e-08 1.26138e-07 3.33274e-07 8.32318e-07 1.96512e-06 4.38783e-06 9.27049e-06 1.85474e-05 3.51769e-05 6.33332e-05 0.000108439 0.000176962 0.000275982 0.000412624 0.000593559 0.000824783 0.00111182 0.00146035 0.00187701 0.00237019 0.00295043 0.00363025 0.00442348 0.00534418 0.00640532 0.00761773 0.00898926 0.0105244 0.0122241 0.0140865 0.0161067 0.0182778 0.0205906 0.0230347 0.0255979 0.0282667 0.031026 0.0338599 0.0367512 0.039682 0.0426337 0.0455881 0.0485267 0.051432 0.0542874 0.0570775 0.0597885 0.0624082 0.0649261 0.0673335 0.0696233 0.0717901 0.0738302 0.0757411 0.0775216 0.0791716 0.0806918 0.0820839 0.0833498 0.0844922 0.0855138 0.0864177 0.0872067 0.0878839 0.0884518 0.0889129 0.0892693 0.0895226 0.0896741 0.0897245 0.0896741 0.0895226 0.0892693 0.0889129 0.0884518 0.0878839 0.0872067 0.0864177 0.0855138 0.0844922 0.0833498 0.0820839 0.0806918 0.0791716 0.0775216 0.0757411 0.0738302 0.0717901 0.0696233 0.0673335 0.0649261 0.0624082 0.0597885 0.0570775 0.0542874 0.051432 0.0485267 0.0455881 0.0426337 0.039682 0.0367512 0.0338599 0.031026 0.0282667 0.0255979 0.0230347 0.0205906 0.0182778 0.0161067 0.0140865 0.0122241 0.0105244 0.00898926 0.00761773 0.00640532 0.00534418 0.00442348 0.00363025 0.00295043 0.00237019 0.00187701 0.00146035 0.00111182 0.000824783 0.000593559 0.000412624 0.000275982 0.000176962 0.000108439 6.33332e-05 3.51769e-05 1.85474e-05 9.27049e-06 4.38783e-06 1.96512e-06 8.32318e-07 3.33274e-07 1.26138e-07 4.51231e-08 1.5257e-08 4.87641e-09 1.4735e-09 4.21005e-10 1.1376e-10 2.90756e-11 7.03033e-12 1.60839e-12 3.48195e-13 7.13354e-14 1.38311e-14 2.53792e-15 4.40706e-16 7.24146e-17 1.12576e-17 1.65545e-18 2.30208e-19 3.02632e-20 3.75945e-21 4.41103e-22 4.88564e-23 5.10491e-24 5.02828e-25 4.66501e-26 4.07264e-27 3.34215e-28 2.57501e-29 1.86014e-30 1.25609e-31 4.75477e-33 
