0 0 0 0 0 0 0 0 0 0 0 0 0 0 0 0 0 0 0 0 0 0 0 0 0 0 0 0 0 0 0 0 0 0 0 0 0 0 0 0 0 0 0 0 0 0 0 0 0 0 0 0 0 0 0 0 0 0 0 0 0 0 0 0 0 0 0 0 0 0 0 0 0 0 0 0 0 0 0 0 0 0 0 0 0 0 0 0 0 0 0 0 0 0 0 0 0 0 0 0 0 0 0 0 0 0 0 0 0 0 0 0 0 0 0 0 0 0 0 0 0 0 0 0 0 0 0 0 0 0 0 0 0 0 0 0 0 0 0 0 0 0 0 0 0 0 0 0 0 0 0 0 0 0 0 0 0 0 0 0 0 0 0 0 0 0 0 0 0 0 0 0 0 0 0 0 0 0 0 0 0 0 0 0 0 0 0 0 0 0 0 0 0 0 0 0 0 0 0 0 
0 9.79192e-42 2.15837e-40 4.38517e-39 8.25133e-38 1.44198e-36 2.34625e-35 3.56225e-34 5.05666e-33 6.7229e-32 8.38472e-31 9.82365e-30 1.08259e-28 1.12345e-27 1.099e-26 1.01438e-25 8.84132e-25 7.28255e-24 5.67275e-23 4.18133e-22 2.91801e-21 1.92898e-20 1.20846e-19 7.17768e-19 4.04334e-18 2.16099e-17 1.09612e-16 5.2782e-16 2.41358e-15 1.04835e-14 4.32657e-14 1.69706e-13 6.32845e-13 2.24433e-12 7.57222e-12 2.43152e-11 7.43442e-11 2.16547e-10 6.01229e-10 1.5922e-09 4.02474e-09 9.71901e-09 2.24411e-08 4.95952e-08 1.05024e-07 2.13353e-07 4.1632e-07 7.81367e-07 1.41251e-06 2.46304e-06 4.14901e-06 6.762e-06 1.06791e-05 1.63679e-05 2.43849e-05 3.53663e-05 5.00092e-05 6.9048e-05 9.32233e-05 0.00012325 0.000159785 0.000203402 0.000254569 0.000313634 0.000380825 0.000456249 0.000539905 0.000631695 0.00073144 0.000838893 0.000953756 0.00107568 0.00120428 0.00133912 0.00147973 0.00162559 0.00177612 0.0019307 0.00208863 0.00224915 0.00241144 0.00257461 0.00273773 0.00289983 0.00305988 0.00321684 0.00336966 0.00351731 0.00365874 0.00379297 0.00391902 0.00403601 0.00414307 0.00423944 0.00432441 0.00439738 0.00445781 0.00450526 0.00453941 0.00456 0.00456687 0.00456 0.00453941 0.00450526 0.00445781 0.00439738 0.00432441 0.00423944 0.00414307 0.00403601 0.00391902 0.00379297 0.00365874 0.00351731 0.00336966 0.00321684 0.00305988 0.00289983 0.00273773 0.00257461 0.00241144 0.00224915 0.00208863 0.0019307 0.00177612 0.00162559 0.00147973 0.00133912 0.00120428 0.00107568 0.000953756 0.000838893 0.00073144 0.000631695 0.000539905 0.000456249 0.000380825 0.000313634 0.000254569 0.000203402 0.000159785 0.00012325 9.32233e-05 6.9048e-05 5.00092e-05 3.53663e-05 2.43849e-05 1.63679e-05 1.06791e-05 6.762e-06 4.14901e-06 2.46304e-06 1.41251e-06 7.81367e-07 4.1632e-07 2.13353e-07 1.05024e-07 4.95952e-08 2.24411e-08 9.71901e-09 4.02474e-09 1.5922e-09 6.01229e-10 2.16547e-10 7.43442e-11 2.43152e-11 7.57222e-12 2.24433e-12 6.32845e-13 1.69706e-13 4.32657e-14 1.04835e-14 2.41358e-15 5.2782e-16 1.09612e-16 2.16099e-17 4.04334e-18 7.17768e-19 1.20846e-19 1.92898e-20 2.91801e-21 4.18133e-22 5.67275e-23 7.28255e-24 8.84132e-25 1.01438e-25 1.099e-26 1.12345e-27 1.08259e-28 9.82365e-30 8.38472e-31 6.7229e-32 5.05666e-33 3.56225e-34 2.34625e-35 1.44198e-36 8.25133e-38 4.38516e-39 2.15646e-40 5.21905e-42 
0 2.15837e-40 4.43922e-39 8.44133e-38 1.49095e-36 2.45213e-35 3.76368e-34 5.40161e-33 7.26174e-32 9.15902e-31 1.08533e-29 1.20986e-28 1.27017e-27 1.25717e-26 1.17418e-25 1.03572e-24 8.63475e-24 6.80847e-23 5.08051e-22 3.58973e-21 2.40286e-20 1.5244e-19 9.16964e-19 5.23171e-18 2.83217e-17 1.45516e-16 7.09808e-16 3.28798e-15 1.44673e-14 6.04825e-14 2.40309e-13 9.0767e-13 3.26013e-12 1.11386e-11 3.62138e-11 1.12085e-10 3.30408e-10 9.28153e-10 2.4861e-09 6.354e-09 1.55077e-08 3.61741e-08 8.07279e-08 1.72539e-07 3.53589e-07 6.95667e-07 1.31576e-06 2.39573e-06 4.20556e-06 7.12847e-06 1.1685e-05 1.85529e-05 2.85779e-05 4.27737e-05 6.2307e-05 8.84687e-05 0.000122631 0.000166196 0.000220541 0.00028696 0.000366619 0.000460515 0.000569454 0.000694039 0.000834672 0.000991566 0.00116476 0.00135415 0.00155948 0.0017804 0.00201644 0.00226701 0.00253144 0.00280891 0.00309849 0.00339913 0.00370961 0.00402856 0.0043545 0.00468575 0.00502054 0.00535696 0.00569301 0.0060266 0.0063556 0.00667785 0.0069912 0.0072935 0.00758269 0.00785677 0.00811382 0.00835208 0.00856988 0.00876571 0.00893823 0.00908624 0.00920874 0.00930489 0.00937404 0.00941572 0.00942964 0.00941572 0.00937404 0.00930489 0.00920874 0.00908624 0.00893823 0.00876571 0.00856988 0.00835208 0.00811382 0.00785677 0.00758269 0.0072935 0.0069912 0.00667785 0.0063556 0.0060266 0.00569301 0.00535696 0.00502054 0.00468575 0.0043545 0.00402856 0.00370961 0.00339913 0.00309849 0.00280891 0.00253144 0.00226701 0.00201644 0.0017804 0.00155948 0.00135415 0.00116476 0.000991566 0.000834672 0.000694039 0.000569454 0.000460515 0.000366619 0.00028696 0.000220541 0.000166196 0.000122631 8.84687e-05 6.2307e-05 4.27737e-05 2.85779e-05 1.85529e-05 1.1685e-05 7.12847e-06 4.20556e-06 2.39573e-06 1.31576e-06 6.95667e-07 3.53589e-07 1.72539e-07 8.07279e-08 3.61741e-08 1.55077e-08 6.354e-09 2.4861e-09 9.28153e-10 3.30408e-10 1.12085e-10 3.62138e-11 1.11386e-11 3.26013e-12 9.0767e-13 2.40309e-13 6.04825e-14 1.44673e-14 3.28798e-15 7.09808e-16 1.45516e-16 2.83217e-17 5.23171e-18 9.16964e-19 1.5244e-19 2.40286e-20 3.58973e-21 5.08051e-22 6.80847e-23 8.63475e-24 1.03572e-24 1.17418e-25 1.25717e-26 1.27017e-27 1.20986e-28 1.08533e-29 9.15902e-31 7.26174e-32 5.40161e-33 3.76368e-34 2.45213e-35 1.49095e-36 8.44131e-38 4.43474e-39 1.16234e-40 
0 4.38517e-39 8.44133e-38 1.50624e-36 2.50289e-35 3.88165e-34 5.62951e-33 7.64837e-32 9.74977e-31 1.16778e-29 1.3159e-28 1.3966e-27 1.39752e-26 1.31971e-25 1.17707e-24 9.92306e-24 7.91236e-23 5.97096e-22 4.26673e-21 2.88848e-20 1.85334e-19 1.12752e-18 6.50613e-18 3.562e-17 1.8508e-16 9.1292e-16 4.27585e-15 1.90208e-14 8.03808e-14 3.2277e-13 1.23184e-12 4.46939e-12 1.54205e-11 5.06109e-11 1.58067e-10 4.69974e-10 1.33091e-09 3.59181e-09 9.24359e-09 2.27014e-08 5.32486e-08 1.19403e-07 2.56229e-07 5.26794e-07 1.03896e-06 1.96826e-06 3.58688e-06 6.2973e-06 1.06678e-05 1.74656e-05 2.76819e-05 4.25439e-05 6.35093e-05 9.22411e-05 0.000130563 0.0001804 0.000243707 0.000322399 0.000418286 0.000533017 0.00066804 0.000824586 0.00100366 0.00120604 0.00143232 0.00168289 0.00195796 0.00225758 0.00258163 0.0029298 0.00330161 0.00369633 0.00411301 0.00455045 0.00500716 0.00548137 0.00597106 0.00647389 0.0069873 0.00750849 0.00803447 0.00856209 0.00908808 0.0096091 0.0101218 0.0106228 0.0111087 0.0115765 0.0120229 0.012445 0.0128401 0.0132056 0.0135391 0.0138385 0.0141018 0.0143275 0.014514 0.0146603 0.0147655 0.0148288 0.01485 0.0148288 0.0147655 0.0146603 0.014514 0.0143275 0.0141018 0.0138385 0.0135391 0.0132056 0.0128401 0.012445 0.0120229 0.0115765 0.0111087 0.0106228 0.0101218 0.0096091 0.00908808 0.00856209 0.00803447 0.00750849 0.0069873 0.00647389 0.00597106 0.00548137 0.00500716 0.00455045 0.00411301 0.00369633 0.00330161 0.0029298 0.00258163 0.00225758 0.00195796 0.00168289 0.00143232 0.00120604 0.00100366 0.000824586 0.00066804 0.000533017 0.000418286 0.000322399 0.000243707 0.0001804 0.000130563 9.22411e-05 6.35093e-05 4.25439e-05 2.76819e-05 1.74656e-05 1.06678e-05 6.2973e-06 3.58688e-06 1.96826e-06 1.03896e-06 5.26794e-07 2.56229e-07 1.19403e-07 5.32486e-08 2.27014e-08 9.24359e-09 3.59181e-09 1.33091e-09 4.69974e-10 1.58067e-10 5.06109e-11 1.54205e-11 4.46939e-12 1.23184e-12 3.2277e-13 8.03808e-14 1.90208e-14 4.27585e-15 9.1292e-16 1.8508e-16 3.562e-17 6.50613e-18 1.12752e-18 1.85334e-19 2.88848e-20 4.26673e-21 5.97096e-22 7.91236e-23 9.92306e-24 1.17707e-24 1.31971e-25 1.39752e-26 1.3966e-27 1.3159e-28 1.16778e-29 9.74977e-31 7.64837e-32 5.62951e-33 3.88165e-34 2.50289e-35 1.50623e-36 8.43168e-38 2.38654e-39 
0 8.25133e-38 1.49095e-36 2.50289e-35 3.92177e-34 5.74699e-33 7.89005e-32 1.01644e-30 1.23045e-29 1.40143e-28 1.50349e-27 1.52089e-26 1.45199e-25 1.30935e-24 1.11609e-23 8.99866e-23 6.86681e-22 4.96205e-21 3.39704e-20 2.20424e-19 1.35613e-18 7.91348e-18 4.38118e-17 2.30191e-16 1.14805e-15 5.43635e-15 2.44464e-14 1.04417e-13 4.23702e-13 1.63369e-12 5.98673e-12 2.08558e-11 6.90869e-11 2.17686e-10 6.52662e-10 1.86274e-09 5.06333e-09 1.31157e-08 3.23976e-08 7.63718e-08 1.71963e-07 3.70215e-07 7.62906e-07 1.50667e-06 2.85544e-06 5.20072e-06 9.11701e-06 1.54077e-05 2.51448e-05 3.96947e-05 6.07234e-05 9.01766e-05 0.000130234 0.000183241 0.000251627 0.00033782 0.000444165 0.000572863 0.000725923 0.000905153 0.00111215 0.00134831 0.00161488 0.00191293 0.00224337 0.00260699 0.00300435 0.00343584 0.00390154 0.00440126 0.0049344 0.00549997 0.00609652 0.00672215 0.00737449 0.00805071 0.00874756 0.00946142 0.0101883 0.010924 0.0116641 0.012404 0.0131391 0.0138646 0.0145761 0.0152688 0.0159386 0.0165812 0.0171926 0.017769 0.0183071 0.0188036 0.0192556 0.0196605 0.020016 0.0203202 0.0205714 0.0207682 0.0209095 0.0209946 0.021023 0.0209946 0.0209095 0.0207682 0.0205714 0.0203202 0.020016 0.0196605 0.0192556 0.0188036 0.0183071 0.017769 0.0171926 0.0165812 0.0159386 0.0152688 0.0145761 0.0138646 0.0131391 0.012404 0.0116641 0.010924 0.0101883 0.00946142 0.00874756 0.00805071 0.00737449 0.00672215 0.00609652 0.00549997 0.0049344 0.00440126 0.00390154 0.00343584 0.00300435 0.00260699 0.00224337 0.00191293 0.00161488 0.00134831 0.00111215 0.000905153 0.000725923 0.000572863 0.000444165 0.00033782 0.000251627 0.000183241 0.000130234 9.01766e-05 6.07234e-05 3.96947e-05 2.51448e-05 1.54077e-05 9.11701e-06 5.20072e-06 2.85544e-06 1.50667e-06 7.62906e-07 3.70215e-07 1.71963e-07 7.63718e-08 3.23976e-08 1.31157e-08 5.06333e-09 1.86274e-09 6.52662e-10 2.17686e-10 6.90869e-11 2.08558e-11 5.98673e-12 1.63369e-12 4.23702e-13 1.04417e-13 2.44464e-14 5.43635e-15 1.14805e-15 2.30191e-16 4.38118e-17 7.91348e-18 1.35613e-18 2.20424e-19 3.39704e-20 4.96205e-21 6.86681e-22 8.99866e-23 1.11609e-23 1.30935e-24 1.45199e-25 1.52089e-26 1.50349e-27 1.40143e-28 1.23045e-29 1.01644e-30 7.89005e-32 5.74699e-33 3.92177e-34 2.50288e-35 1.48903e-36 4.53906e-38 
0 1.44198e-36 2.45213e-35 3.88165e-34 5.74699e-33 7.97229e-32 1.03783e-30 1.26964e-29 1.4615e-28 1.5848e-27 1.6205e-26 1.56394e-25 1.42577e-24 1.22872e-23 1.00166e-22 7.72864e-22 5.64719e-21 3.9094e-20 2.56515e-19 1.59588e-18 9.417e-18 5.27192e-17 2.80078e-16 1.41233e-15 6.76128e-15 3.07349e-14 1.32683e-13 5.44069e-13 2.11941e-12 7.84463e-12 2.75937e-11 9.22612e-11 2.933e-10 8.86783e-10 2.55089e-09 6.98426e-09 1.82107e-08 4.52449e-08 1.07191e-07 2.42355e-07 5.23425e-07 1.08101e-06 2.13746e-06 4.05159e-06 7.37292e-06 1.29006e-05 2.17396e-05 3.53439e-05 5.55369e-05 8.45007e-05 0.000124731 0.000178959 0.000250057 0.000340928 0.000454412 0.000593206 0.000759823 0.00095658 0.00118561 0.00144892 0.00174838 0.00208581 0.00246295 0.00288146 0.00334284 0.00384839 0.00439911 0.00499559 0.00563792 0.00632561 0.00705751 0.00783181 0.00864599 0.00949687 0.0103806 0.0112929 0.0122287 0.0131829 0.0141499 0.0151238 0.0160986 0.0170685 0.0180275 0.0189696 0.0198893 0.0207811 0.0216398 0.0224604 0.0232385 0.0239696 0.02465 0.0252761 0.0258446 0.0263528 0.0267982 0.0271786 0.0274923 0.0277377 0.0279138 0.0280198 0.0280552 0.0280198 0.0279138 0.0277377 0.0274923 0.0271786 0.0267982 0.0263528 0.0258446 0.0252761 0.02465 0.0239696 0.0232385 0.0224604 0.0216398 0.0207811 0.0198893 0.0189696 0.0180275 0.0170685 0.0160986 0.0151238 0.0141499 0.0131829 0.0122287 0.0112929 0.0103806 0.00949687 0.00864599 0.00783181 0.00705751 0.00632561 0.00563792 0.00499559 0.00439911 0.00384839 0.00334284 0.00288146 0.00246295 0.00208581 0.00174838 0.00144892 0.00118561 0.00095658 0.000759823 0.000593206 0.000454412 0.000340928 0.000250057 0.000178959 0.000124731 8.45007e-05 5.55369e-05 3.53439e-05 2.17396e-05 1.29006e-05 7.37292e-06 4.05159e-06 2.13746e-06 1.08101e-06 5.23425e-07 2.42355e-07 1.07191e-07 4.52449e-08 1.82107e-08 6.98426e-09 2.55089e-09 8.86783e-10 2.933e-10 9.22612e-11 2.75937e-11 7.84463e-12 2.11941e-12 5.44069e-13 1.32683e-13 3.07349e-14 6.76128e-15 1.41233e-15 2.80078e-16 5.27192e-17 9.417e-18 1.59588e-18 2.56515e-19 3.9094e-20 5.64719e-21 7.72864e-22 1.00166e-22 1.22872e-23 1.42577e-24 1.56394e-25 1.6205e-26 1.5848e-27 1.4615e-28 1.26964e-29 1.03783e-30 7.97229e-32 5.74699e-33 3.88163e-34 2.44861e-35 8.01952e-37 
0 2.34625e-35 3.76368e-34 5.62951e-33 7.89005e-32 1.03783e-30 1.28298e-29 1.49249e-28 1.63567e-27 1.69048e-26 1.64913e-25 1.5198e-24 1.32409e-23 1.09129e-22 8.51332e-22 6.2896e-21 4.4026e-20 2.921e-19 1.83757e-18 1.09642e-17 6.20651e-17 3.33392e-16 1.69975e-15 8.22648e-15 3.78012e-14 1.64938e-13 6.83457e-13 2.68988e-12 1.00564e-11 3.5719e-11 1.20552e-10 3.86683e-10 1.17908e-09 3.41875e-09 9.42934e-09 2.47501e-08 6.18566e-08 1.47293e-07 3.34422e-07 7.24607e-07 1.49984e-06 2.96909e-06 5.62856e-06 1.02326e-05 1.78675e-05 3.00166e-05 4.86024e-05 7.5992e-05 0.00011496 0.000168604 0.000240232 0.000333229 0.000450933 0.000596544 0.000773064 0.000983307 0.00122993 0.0015155 0.00184258 0.00221374 0.00263164 0.00309893 0.0036182 0.00419188 0.00482206 0.00551032 0.00625763 0.00706416 0.00792921 0.00885118 0.00982748 0.0108547 0.0119284 0.0130435 0.0141942 0.0153744 0.0165771 0.0177955 0.0190222 0.0202501 0.0214718 0.0226803 0.0238686 0.02503 0.0261582 0.027247 0.0282908 0.0292844 0.0302229 0.0311018 0.031917 0.032665 0.0333425 0.0339468 0.0344752 0.0349258 0.0352967 0.0355867 0.0357946 0.0359196 0.0359613 0.0359196 0.0357946 0.0355867 0.0352967 0.0349258 0.0344752 0.0339468 0.0333425 0.032665 0.031917 0.0311018 0.0302229 0.0292844 0.0282908 0.027247 0.0261582 0.02503 0.0238686 0.0226803 0.0214718 0.0202501 0.0190222 0.0177955 0.0165771 0.0153744 0.0141942 0.0130435 0.0119284 0.0108547 0.00982748 0.00885118 0.00792921 0.00706416 0.00625763 0.00551032 0.00482206 0.00419188 0.0036182 0.00309893 0.00263164 0.00221374 0.00184258 0.0015155 0.00122993 0.000983307 0.000773064 0.000596544 0.000450933 0.000333229 0.000240232 0.000168604 0.00011496 7.5992e-05 4.86024e-05 3.00166e-05 1.78675e-05 1.02326e-05 5.62856e-06 2.96909e-06 1.49984e-06 7.24607e-07 3.34422e-07 1.47293e-07 6.18566e-08 2.47501e-08 9.42934e-09 3.41875e-09 1.17908e-09 3.86683e-10 1.20552e-10 3.5719e-11 1.00564e-11 2.68988e-12 6.83457e-13 1.64938e-13 3.78012e-14 8.22648e-15 1.69975e-15 3.33392e-16 6.20651e-17 1.09642e-17 1.83757e-18 2.921e-19 4.4026e-20 6.2896e-21 8.51332e-22 1.09129e-22 1.32409e-23 1.5198e-24 1.64913e-25 1.69048e-26 1.63567e-27 1.49249e-28 1.28298e-29 1.03783e-30 7.89005e-32 5.62948e-33 3.75767e-34 1.31947e-35 
0 3.56225e-34 5.40161e-33 7.64837e-32 1.01644e-30 1.26964e-29 1.49249e-28 1.65299e-27 1.7266e-26 1.70245e-25 1.58589e-24 1.3967e-23 1.16372e-22 9.17811e-22 6.85557e-21 4.8519e-20 3.25483e-19 2.07033e-18 1.24904e-17 7.14896e-17 3.8827e-16 2.00136e-15 9.79226e-15 4.54843e-14 2.00588e-13 8.39957e-13 3.34004e-12 1.26133e-11 4.52407e-11 1.54135e-10 4.98889e-10 1.53432e-09 4.48468e-09 1.24618e-08 3.29319e-08 8.28021e-08 1.98196e-07 4.51929e-07 9.82473e-07 2.03825e-06 4.03979e-06 7.65897e-06 1.39093e-05 2.42351e-05 4.05819e-05 6.54295e-05 0.000101771 0.000153035 0.000222953 0.000315399 0.000434237 0.000583184 0.000765757 0.000985267 0.00124489 0.00154779 0.0018972 0.00229654 0.00274945 0.00325973 0.00383122 0.00446764 0.00517237 0.00594816 0.00679699 0.00771979 0.00871639 0.0097854 0.0109242 0.012129 0.0133949 0.0147161 0.0160858 0.0174968 0.0189413 0.0204109 0.0218972 0.0233919 0.0248862 0.026372 0.0278409 0.0292851 0.0306972 0.0320698 0.0333965 0.0346708 0.035887 0.0370398 0.0381244 0.0391365 0.0400723 0.0409282 0.0417014 0.0423892 0.0429895 0.0435004 0.0439203 0.0442482 0.044483 0.0446242 0.0446713 0.0446242 0.044483 0.0442482 0.0439203 0.0435004 0.0429895 0.0423892 0.0417014 0.0409282 0.0400723 0.0391365 0.0381244 0.0370398 0.035887 0.0346708 0.0333965 0.0320698 0.0306972 0.0292851 0.0278409 0.026372 0.0248862 0.0233919 0.0218972 0.0204109 0.0189413 0.0174968 0.0160858 0.0147161 0.0133949 0.012129 0.0109242 0.0097854 0.00871639 0.00771979 0.00679699 0.00594816 0.00517237 0.00446764 0.00383122 0.00325973 0.00274945 0.00229654 0.0018972 0.00154779 0.00124489 0.000985267 0.000765757 0.000583184 0.000434237 0.000315399 0.000222953 0.000153035 0.000101771 6.54295e-05 4.05819e-05 2.42351e-05 1.39093e-05 7.65897e-06 4.03979e-06 2.03825e-06 9.82473e-07 4.51929e-07 1.98196e-07 8.28021e-08 3.29319e-08 1.24618e-08 4.48468e-09 1.53432e-09 4.98889e-10 1.54135e-10 4.52407e-11 1.26133e-11 3.34004e-12 8.39957e-13 2.00588e-13 4.54843e-14 9.79226e-15 2.00136e-15 3.8827e-16 7.14896e-17 1.24904e-17 2.07033e-18 3.25483e-19 4.8519e-20 6.85557e-21 9.17811e-22 1.16372e-22 1.3967e-23 1.58589e-24 1.70245e-25 1.7266e-26 1.65299e-27 1.49249e-28 1.26964e-29 1.01644e-30 7.64831e-32 5.39208e-33 2.02617e-34 
0 5.05666e-33 7.26174e-32 9.74977e-31 1.23045e-29 1.4615e-28 1.63567e-27 1.7266e-26 1.72061e-25 1.62001e-24 1.44216e-23 1.21465e-22 9.6844e-22 7.3131e-21 5.2327e-20 3.54905e-19 2.28246e-18 1.39227e-17 8.05692e-17 4.42415e-16 2.30554e-15 1.14039e-14 5.35448e-14 2.38668e-13 1.00998e-12 4.05786e-12 1.54797e-11 5.60702e-11 1.92855e-10 6.29934e-10 1.95422e-09 5.75884e-09 1.6124e-08 4.29052e-08 1.08545e-07 2.61205e-07 5.98245e-07 1.30504e-06 2.7139e-06 5.38576e-06 1.0212e-05 1.85261e-05 3.22075e-05 5.37511e-05 8.62797e-05 0.000133482 0.000199479 0.000288631 0.000405343 0.000553887 0.000738314 0.000962447 0.00122998 0.00154465 0.00191038 0.00233149 0.00281266 0.00335898 0.00397572 0.00466812 0.00544101 0.00629853 0.0072438 0.00827864 0.00940343 0.010617 0.0119167 0.0132983 0.0147565 0.0162845 0.0178747 0.0195189 0.0212079 0.0229325 0.0246829 0.0264494 0.0282222 0.0299917 0.0317485 0.0334835 0.0351879 0.0368535 0.0384725 0.0400377 0.0415423 0.0429804 0.0443463 0.0456352 0.0468427 0.0479649 0.0489986 0.0499409 0.0507895 0.0515422 0.0521975 0.052754 0.0532106 0.0535666 0.0538213 0.0539742 0.0540253 0.0539742 0.0538213 0.0535666 0.0532106 0.052754 0.0521975 0.0515422 0.0507895 0.0499409 0.0489986 0.0479649 0.0468427 0.0456352 0.0443463 0.0429804 0.0415423 0.0400377 0.0384725 0.0368535 0.0351879 0.0334835 0.0317485 0.0299917 0.0282222 0.0264494 0.0246829 0.0229325 0.0212079 0.0195189 0.0178747 0.0162845 0.0147565 0.0132983 0.0119167 0.010617 0.00940343 0.00827864 0.0072438 0.00629853 0.00544101 0.00466812 0.00397572 0.00335898 0.00281266 0.00233149 0.00191038 0.00154465 0.00122998 0.000962447 0.000738314 0.000553887 0.000405343 0.000288631 0.000199479 0.000133482 8.62797e-05 5.37511e-05 3.22075e-05 1.85261e-05 1.0212e-05 5.38576e-06 2.7139e-06 1.30504e-06 5.98245e-07 2.61205e-07 1.08545e-07 4.29052e-08 1.6124e-08 5.75884e-09 1.95422e-09 6.29934e-10 1.92855e-10 5.60702e-11 1.54797e-11 4.05786e-12 1.00998e-12 2.38668e-13 5.35448e-14 1.14039e-14 2.30554e-15 4.42415e-16 8.05692e-17 1.39227e-17 2.28246e-18 3.54905e-19 5.2327e-20 7.3131e-21 9.6844e-22 1.21465e-22 1.44216e-23 1.62001e-24 1.72061e-25 1.7266e-26 1.63567e-27 1.4615e-28 1.23045e-29 9.74969e-31 7.24763e-32 2.90966e-33 
0 6.7229e-32 9.15902e-31 1.16778e-29 1.40143e-28 1.5848e-27 1.69048e-26 1.70245e-25 1.62001e-24 1.45764e-23 1.24094e-22 1.00014e-21 7.6349e-21 5.5228e-20 3.78699e-19 2.46232e-18 1.51854e-17 8.8846e-17 4.93237e-16 2.59862e-15 1.2994e-14 6.16724e-14 2.77848e-13 1.18824e-12 4.82382e-12 1.85895e-11 6.8004e-11 2.36155e-10 7.78511e-10 2.43647e-09 7.23974e-09 2.04273e-08 5.47416e-08 1.39369e-07 3.37228e-07 7.75915e-07 1.6987e-06 3.54146e-06 7.03775e-06 1.33468e-05 2.41883e-05 4.19571e-05 6.97834e-05 0.000111509 0.000171569 0.00025478 0.000366099 0.000510384 0.000692252 0.000916053 0.00118599 0.00150632 0.00188165 0.00231713 0.00281858 0.00339246 0.00404564 0.00478504 0.00561722 0.0065479 0.00758151 0.0087209 0.00996711 0.0113193 0.0127746 0.0143287 0.0159754 0.0177073 0.0195161 0.0213921 0.0233255 0.0253055 0.0273213 0.0293618 0.0314159 0.0334725 0.0355209 0.0375505 0.0395512 0.0415134 0.0434282 0.0452871 0.0470825 0.0488076 0.050456 0.0520224 0.0535019 0.0548906 0.0561849 0.0573822 0.05848 0.0594767 0.0603707 0.0611611 0.0618471 0.0624281 0.0629038 0.0632739 0.0635384 0.0636971 0.06375 0.0636971 0.0635384 0.0632739 0.0629038 0.0624281 0.0618471 0.0611611 0.0603707 0.0594767 0.05848 0.0573822 0.0561849 0.0548906 0.0535019 0.0520224 0.050456 0.0488076 0.0470825 0.0452871 0.0434282 0.0415134 0.0395512 0.0375505 0.0355209 0.0334725 0.0314159 0.0293618 0.0273213 0.0253055 0.0233255 0.0213921 0.0195161 0.0177073 0.0159754 0.0143287 0.0127746 0.0113193 0.00996711 0.0087209 0.00758151 0.0065479 0.00561722 0.00478504 0.00404564 0.00339246 0.00281858 0.00231713 0.00188165 0.00150632 0.00118599 0.000916053 0.000692252 0.000510384 0.000366099 0.00025478 0.000171569 0.000111509 6.97834e-05 4.19571e-05 2.41883e-05 1.33468e-05 7.03775e-06 3.54146e-06 1.6987e-06 7.75915e-07 3.37228e-07 1.39369e-07 5.47416e-08 2.04273e-08 7.23974e-09 2.43647e-09 7.78511e-10 2.36155e-10 6.8004e-11 1.85895e-11 4.82382e-12 1.18824e-12 2.77848e-13 6.16724e-14 1.2994e-14 2.59862e-15 4.93237e-16 8.8846e-17 1.51854e-17 2.46232e-18 3.78699e-19 5.5228e-20 7.6349e-21 1.00014e-21 1.24094e-22 1.45764e-23 1.62001e-24 1.70245e-25 1.69048e-26 1.5848e-27 1.40143e-28 1.16777e-29 9.13952e-31 3.91438e-32 
0 8.38472e-31 1.08533e-29 1.3159e-28 1.50349e-27 1.6205e-26 1.64913e-25 1.58589e-24 1.44216e-23 1.24094e-22 1.01094e-21 7.80105e-21 5.7045e-20 3.95437e-19 2.59936e-18 1.62068e-17 9.58647e-17 5.38052e-16 2.8658e-15 1.44865e-14 6.95019e-14 3.16489e-13 1.36788e-12 5.61119e-12 2.18457e-11 8.07165e-11 2.83026e-10 9.41771e-10 2.97381e-09 8.91122e-09 2.53424e-08 6.84062e-08 1.75295e-07 4.26581e-07 9.86208e-07 2.16727e-06 4.53051e-06 9.01698e-06 1.71056e-05 3.09711e-05 5.36043e-05 8.88507e-05 0.000141333 0.000216251 0.000319095 0.000455341 0.000630218 0.000848631 0.00111526 0.00143486 0.00181259 0.00225439 0.00276714 0.00335872 0.00403769 0.00481287 0.00569277 0.00668491 0.00779529 0.00902794 0.0103847 0.0118651 0.0134664 0.015184 0.0170112 0.01894 0.020961 0.023064 0.0252378 0.0274705 0.0297501 0.0320638 0.0343991 0.0367432 0.0390836 0.0414079 0.0437044 0.0459619 0.0481697 0.0503182 0.0523986 0.0544029 0.0563243 0.0581566 0.0598951 0.0615354 0.0630744 0.0645096 0.065839 0.0670615 0.0681765 0.0691835 0.0700827 0.0708743 0.0715587 0.0721366 0.0726084 0.0729747 0.073236 0.0733926 0.0734448 0.0733926 0.073236 0.0729747 0.0726084 0.0721366 0.0715587 0.0708743 0.0700827 0.0691835 0.0681765 0.0670615 0.065839 0.0645096 0.0630744 0.0615354 0.0598951 0.0581566 0.0563243 0.0544029 0.0523986 0.0503182 0.0481697 0.0459619 0.0437044 0.0414079 0.0390836 0.0367432 0.0343991 0.0320638 0.0297501 0.0274705 0.0252378 0.023064 0.020961 0.01894 0.0170112 0.015184 0.0134664 0.0118651 0.0103847 0.00902794 0.00779529 0.00668491 0.00569277 0.00481287 0.00403769 0.00335872 0.00276714 0.00225439 0.00181259 0.00143486 0.00111526 0.000848631 0.000630218 0.000455341 0.000319095 0.000216251 0.000141333 8.88507e-05 5.36043e-05 3.09711e-05 1.71056e-05 9.01698e-06 4.53051e-06 2.16727e-06 9.86208e-07 4.26581e-07 1.75295e-07 6.84062e-08 2.53424e-08 8.91122e-09 2.97381e-09 9.41771e-10 2.83026e-10 8.07165e-11 2.18457e-11 5.61119e-12 1.36788e-12 3.16489e-13 6.95019e-14 1.44865e-14 2.8658e-15 5.38052e-16 9.58647e-17 1.62068e-17 2.59936e-18 3.95437e-19 5.7045e-20 7.80105e-21 1.01094e-21 1.24094e-22 1.44216e-23 1.58589e-24 1.64913e-25 1.6205e-26 1.50349e-27 1.31588e-28 1.08281e-29 4.94113e-31 
0 9.82365e-30 1.20986e-28 1.3966e-27 1.52089e-26 1.56394e-25 1.5198e-24 1.3967e-23 1.21465e-22 1.00014e-21 7.80105e-21 5.76638e-20 4.04081e-19 2.68521e-18 1.69255e-17 1.01214e-16 5.74305e-16 3.09239e-15 1.58025e-14 7.66387e-14 3.52747e-13 1.54083e-12 6.38711e-12 2.51233e-11 9.37643e-11 3.32006e-10 1.11523e-09 3.55355e-09 1.07403e-08 3.0791e-08 8.37333e-08 2.16018e-07 5.28796e-07 1.22865e-06 2.7109e-06 5.68341e-06 1.13311e-05 2.15059e-05 3.89066e-05 6.71973e-05 0.000111008 0.00017578 0.000267473 0.000392187 0.000555821 0.000763891 0.00102158 0.00133405 0.00170689 0.00214664 0.00266113 0.00325957 0.00395226 0.00475008 0.00566367 0.00670264 0.00787481 0.00918566 0.010638 0.012232 0.0139652 0.0158327 0.0178277 0.0199417 0.0221648 0.0244857 0.0268924 0.0293719 0.0319104 0.0344938 0.0371073 0.0397361 0.0423655 0.0449809 0.0475684 0.0501145 0.0526067 0.0550338 0.0573854 0.0596524 0.0618273 0.0639035 0.0658758 0.0677402 0.0694938 0.0711346 0.0726616 0.0740746 0.0753739 0.0765603 0.0776353 0.0786003 0.0794572 0.0802077 0.0808538 0.081397 0.0818391 0.0821815 0.0824252 0.0825711 0.0826196 0.0825711 0.0824252 0.0821815 0.0818391 0.081397 0.0808538 0.0802077 0.0794572 0.0786003 0.0776353 0.0765603 0.0753739 0.0740746 0.0726616 0.0711346 0.0694938 0.0677402 0.0658758 0.0639035 0.0618273 0.0596524 0.0573854 0.0550338 0.0526067 0.0501145 0.0475684 0.0449809 0.0423655 0.0397361 0.0371073 0.0344938 0.0319104 0.0293719 0.0268924 0.0244857 0.0221648 0.0199417 0.0178277 0.0158327 0.0139652 0.012232 0.010638 0.00918566 0.00787481 0.00670264 0.00566367 0.00475008 0.00395226 0.00325957 0.00266113 0.00214664 0.00170689 0.00133405 0.00102158 0.000763891 0.000555821 0.000392187 0.000267473 0.00017578 0.000111008 6.71973e-05 3.89066e-05 2.15059e-05 1.13311e-05 5.68341e-06 2.7109e-06 1.22865e-06 5.28796e-07 2.16018e-07 8.37333e-08 3.0791e-08 1.07403e-08 3.55355e-09 1.11523e-09 3.32006e-10 9.37643e-11 2.51233e-11 6.38711e-12 1.54083e-12 3.52747e-13 7.66387e-14 1.58025e-14 3.09239e-15 5.74305e-16 1.01214e-16 1.69255e-17 2.68521e-18 4.04081e-19 5.76638e-20 7.80105e-21 1.00014e-21 1.21465e-22 1.3967e-23 1.5198e-24 1.56394e-25 1.52089e-26 1.39658e-27 1.2068e-28 5.86072e-30 
0 1.08259e-28 1.27017e-27 1.39752e-26 1.45199e-25 1.42577e-24 1.32409e-23 1.16372e-22 9.6844e-22 7.6349e-21 5.7045e-20 4.04081e-19 2.71445e-18 1.72966e-17 1.04565e-16 5.99816e-16 3.26509e-15 1.68671e-14 8.26905e-14 3.84709e-13 1.69842e-12 7.1147e-12 2.82761e-11 1.06606e-10 3.81222e-10 1.29286e-09 4.15759e-09 1.26765e-08 3.66423e-08 1.00409e-07 2.60846e-07 6.42473e-07 1.50066e-06 3.32519e-06 6.99338e-06 1.39703e-05 2.65336e-05 4.79728e-05 8.26949e-05 0.000136168 0.000214669 0.000324875 0.000473405 0.000666478 0.00090984 0.00120903 0.00156992 0.00199942 0.00250604 0.00310011 0.00379361 0.00459951 0.00553081 0.00659947 0.00781546 0.00918601 0.0107152 0.0124041 0.0142507 0.0162503 0.0183962 0.0206796 0.0230903 0.0256164 0.0282451 0.0309619 0.0337515 0.0365976 0.0394833 0.0423909 0.045303 0.0482021 0.0510715 0.0538951 0.0566582 0.0593472 0.0619504 0.0644574 0.0668596 0.06915 0.0713234 0.073376 0.0753053 0.0771102 0.0787906 0.0803475 0.0817826 0.0830983 0.0842974 0.0853832 0.0863591 0.0872287 0.0879955 0.0886628 0.089234 0.089712 0.0900993 0.0903982 0.0906104 0.0907372 0.0907794 0.0907372 0.0906104 0.0903982 0.0900993 0.089712 0.089234 0.0886628 0.0879955 0.0872287 0.0863591 0.0853832 0.0842974 0.0830983 0.0817826 0.0803475 0.0787906 0.0771102 0.0753053 0.073376 0.0713234 0.06915 0.0668596 0.0644574 0.0619504 0.0593472 0.0566582 0.0538951 0.0510715 0.0482021 0.045303 0.0423909 0.0394833 0.0365976 0.0337515 0.0309619 0.0282451 0.0256164 0.0230903 0.0206796 0.0183962 0.0162503 0.0142507 0.0124041 0.0107152 0.00918601 0.00781546 0.00659947 0.00553081 0.00459951 0.00379361 0.00310011 0.00250604 0.00199942 0.00156992 0.00120903 0.00090984 0.000666478 0.000473405 0.000324875 0.000214669 0.000136168 8.26949e-05 4.79728e-05 2.65336e-05 1.39703e-05 6.99338e-06 3.32519e-06 1.50066e-06 6.42473e-07 2.60846e-07 1.00409e-07 3.66423e-08 1.26765e-08 4.15759e-09 1.29286e-09 3.81222e-10 1.06606e-10 2.82761e-11 7.1147e-12 1.69842e-12 3.84709e-13 8.26905e-14 1.68671e-14 3.26509e-15 5.99816e-16 1.04565e-16 1.72966e-17 2.71445e-18 4.04081e-19 5.7045e-20 7.6349e-21 9.6844e-22 1.16372e-22 1.32409e-23 1.42577e-24 1.45199e-25 1.39749e-26 1.26669e-27 6.54027e-29 
0 1.12345e-27 1.25717e-26 1.31971e-25 1.30935e-24 1.22872e-23 1.09129e-22 9.17811e-22 7.3131e-21 5.5228e-20 3.95437e-19 2.68521e-18 1.72966e-17 1.05707e-16 6.12992e-16 3.37329e-15 1.76162e-14 8.73025e-14 4.1056e-13 1.832e-12 7.75574e-12 3.11464e-11 1.18633e-10 4.2849e-10 1.46732e-09 4.76295e-09 1.46525e-08 4.27132e-08 1.17969e-07 3.08677e-07 7.65184e-07 1.79723e-06 4.00055e-06 8.44297e-06 1.69044e-05 3.21379e-05 5.80845e-05 9.99534e-05 0.000164087 0.000257586 0.000387778 0.000561691 0.000785768 0.00106598 0.0014084 0.00182002 0.00230964 0.00288836 0.00356959 0.00436833 0.00530007 0.00637943 0.00761886 0.00902774 0.0106118 0.0123733 0.014311 0.016421 0.0186967 0.0211297 0.0237096 0.0264245 0.0292604 0.0322018 0.0352314 0.0383305 0.0414792 0.0446567 0.0478421 0.0510145 0.0541537 0.0572408 0.0602581 0.0631899 0.0660225 0.0687441 0.0713452 0.0738184 0.0761581 0.0783608 0.0804247 0.0823494 0.0841361 0.0857869 0.087305 0.0886946 0.0899601 0.0911067 0.0921398 0.0930648 0.0938873 0.0946127 0.0952462 0.0957927 0.0962566 0.096642 0.0969524 0.0971907 0.0973592 0.0974597 0.097493 0.0974597 0.0973592 0.0971907 0.0969524 0.096642 0.0962566 0.0957927 0.0952462 0.0946127 0.0938873 0.0930648 0.0921398 0.0911067 0.0899601 0.0886946 0.087305 0.0857869 0.0841361 0.0823494 0.0804247 0.0783608 0.0761581 0.0738184 0.0713452 0.0687441 0.0660225 0.0631899 0.0602581 0.0572408 0.0541537 0.0510145 0.0478421 0.0446567 0.0414792 0.0383305 0.0352314 0.0322018 0.0292604 0.0264245 0.0237096 0.0211297 0.0186967 0.016421 0.014311 0.0123733 0.0106118 0.00902774 0.00761886 0.00637943 0.00530007 0.00436833 0.00356959 0.00288836 0.00230964 0.00182002 0.0014084 0.00106598 0.000785768 0.000561691 0.000387778 0.000257586 0.000164087 9.99534e-05 5.80845e-05 3.21379e-05 1.69044e-05 8.44297e-06 4.00055e-06 1.79723e-06 7.65184e-07 3.08677e-07 1.17969e-07 4.27132e-08 1.46525e-08 4.76295e-09 1.46732e-09 4.2849e-10 1.18633e-10 3.11464e-11 7.75574e-12 1.832e-12 4.1056e-13 8.73025e-14 1.76162e-14 3.37329e-15 6.12992e-16 1.05707e-16 1.72966e-17 2.68521e-18 3.95437e-19 5.5228e-20 7.3131e-21 9.17811e-22 1.09129e-22 1.22872e-23 1.30935e-24 1.31968e-25 1.25345e-26 6.87483e-28 
0 1.099e-26 1.17418e-25 1.17707e-24 1.11609e-23 1.00166e-22 8.51332e-22 6.85557e-21 5.2327e-20 3.78699e-19 2.59936e-18 1.69255e-17 1.04565e-16 6.12992e-16 3.41014e-15 1.80031e-14 9.01917e-14 4.28748e-13 1.93377e-12 8.27397e-12 3.35778e-11 1.2922e-10 4.71467e-10 1.63045e-09 5.34303e-09 1.65877e-08 4.87747e-08 1.35808e-07 3.58015e-07 8.93476e-07 2.1109e-06 4.72185e-06 1.00033e-05 2.0081e-05 3.82276e-05 6.90883e-05 0.00011872 0.000194357 0.000303889 0.000455203 0.000655622 0.000911741 0.00122984 0.00161681 0.00208129 0.00263462 0.00329115 0.00406765 0.00498213 0.0060521 0.00729293 0.00871655 0.0103309 0.0121396 0.014143 0.0163378 0.0187185 0.0212774 0.0240044 0.0268876 0.0299124 0.0330621 0.0363172 0.0396563 0.0430561 0.0464921 0.0499392 0.0533727 0.0567685 0.0601043 0.0633594 0.0665154 0.0695565 0.0724695 0.0752436 0.0778707 0.080345 0.0826632 0.0848237 0.0868269 0.0886751 0.0903717 0.0919213 0.0933298 0.0946035 0.0957496 0.0967755 0.0976889 0.0984976 0.099209 0.0998308 0.10037 0.100833 0.101227 0.101556 0.101826 0.102041 0.102204 0.102319 0.102387 0.102409 0.102387 0.102319 0.102204 0.102041 0.101826 0.101556 0.101227 0.100833 0.10037 0.0998308 0.099209 0.0984976 0.0976889 0.0967755 0.0957496 0.0946035 0.0933298 0.0919213 0.0903717 0.0886751 0.0868269 0.0848237 0.0826632 0.080345 0.0778707 0.0752436 0.0724695 0.0695565 0.0665154 0.0633594 0.0601043 0.0567685 0.0533727 0.0499392 0.0464921 0.0430561 0.0396563 0.0363172 0.0330621 0.0299124 0.0268876 0.0240044 0.0212774 0.0187185 0.0163378 0.014143 0.0121396 0.0103309 0.00871655 0.00729293 0.0060521 0.00498213 0.00406765 0.00329115 0.00263462 0.00208129 0.00161681 0.00122984 0.000911741 0.000655622 0.000455203 0.000303889 0.000194357 0.00011872 6.90883e-05 3.82276e-05 2.0081e-05 1.00033e-05 4.72185e-06 2.1109e-06 8.93476e-07 3.58015e-07 1.35808e-07 4.87747e-08 1.65877e-08 5.34303e-09 1.63045e-09 4.71467e-10 1.2922e-10 3.35778e-11 8.27397e-12 1.93377e-12 4.28748e-13 9.01917e-14 1.80031e-14 3.41014e-15 6.12992e-16 1.04565e-16 1.69255e-17 2.59936e-18 3.78699e-19 5.2327e-20 6.85557e-21 8.51332e-22 1.00166e-22 1.11609e-23 1.17703e-24 1.17043e-25 6.81402e-27 
0 1.01438e-25 1.03572e-24 9.92306e-24 8.99866e-23 7.72864e-22 6.2896e-21 4.8519e-20 3.54905e-19 2.46232e-18 1.62068e-17 1.01214e-16 5.99816e-16 3.37329e-15 1.80031e-14 9.11758e-14 4.3814e-13 1.99752e-12 8.63848e-12 3.54294e-11 1.37773e-10 5.07835e-10 1.77383e-09 5.86946e-09 1.83926e-08 5.45646e-08 1.53205e-07 4.07024e-07 1.02296e-06 2.43189e-06 5.46861e-06 1.16341e-05 2.34253e-05 4.46711e-05 8.07624e-05 0.000138636 0.000226414 0.000352723 0.000525906 0.000753471 0.00104215 0.00139869 0.00183121 0.00235062 0.00297147 0.00371179 0.00459186 0.00563223 0.00685157 0.00826496 0.00988292 0.0117113 0.0137519 0.0160031 0.0184605 0.0211177 0.0239657 0.0269927 0.0301842 0.0335221 0.0369848 0.0405479 0.0441842 0.0478652 0.0515612 0.0552432 0.058883 0.0624544 0.0659333 0.0692987 0.0725322 0.0756186 0.0785457 0.0813044 0.0838881 0.0862933 0.0885185 0.0905648 0.0924349 0.0941337 0.0956674 0.0970433 0.0982699 0.0993565 0.100313 0.101149 0.101874 0.1025 0.103035 0.10349 0.103873 0.104193 0.104457 0.104673 0.104847 0.104985 0.105091 0.10517 0.105224 0.105256 0.105266 0.105256 0.105224 0.10517 0.105091 0.104985 0.104847 0.104673 0.104457 0.104193 0.103873 0.10349 0.103035 0.1025 0.101874 0.101149 0.100313 0.0993565 0.0982699 0.0970433 0.0956674 0.0941337 0.0924349 0.0905648 0.0885185 0.0862933 0.0838881 0.0813044 0.0785457 0.0756186 0.0725322 0.0692987 0.0659333 0.0624544 0.058883 0.0552432 0.0515612 0.0478652 0.0441842 0.0405479 0.0369848 0.0335221 0.0301842 0.0269927 0.0239657 0.0211177 0.0184605 0.0160031 0.0137519 0.0117113 0.00988292 0.00826496 0.00685157 0.00563223 0.00459186 0.00371179 0.00297147 0.00235062 0.00183121 0.00139869 0.00104215 0.000753471 0.000525906 0.000352723 0.000226414 0.000138636 8.07624e-05 4.46711e-05 2.34253e-05 1.16341e-05 5.46861e-06 2.43189e-06 1.02296e-06 4.07024e-07 1.53205e-07 5.45646e-08 1.83926e-08 5.86946e-09 1.77383e-09 5.07835e-10 1.37773e-10 3.54294e-11 8.63848e-12 1.99752e-12 4.3814e-13 9.11758e-14 1.80031e-14 3.37329e-15 5.99816e-16 1.01214e-16 1.62068e-17 2.46232e-18 3.54905e-19 4.8519e-20 6.2896e-21 7.72864e-22 8.99866e-23 9.92274e-24 1.03218e-24 6.37424e-26 
0 8.84132e-25 8.63475e-24 7.91236e-23 6.86681e-22 5.64719e-21 4.4026e-20 3.25483e-19 2.28246e-18 1.51854e-17 9.58647e-17 5.74305e-16 3.26509e-15 1.76162e-14 9.01917e-14 4.3814e-13 2.01923e-12 8.82668e-12 3.65887e-11 1.43786e-10 5.35509e-10 1.88954e-09 6.31426e-09 1.99758e-08 5.98047e-08 1.69376e-07 4.53626e-07 1.14854e-06 2.74848e-06 6.21573e-06 1.3285e-05 2.68424e-05 5.12996e-05 9.28221e-05 0.000159243 0.000259556 0.000403055 0.000598433 0.000853302 0.00117456 0.00156968 0.00204852 0.00262492 0.0033172 0.00414735 0.00513886 0.00631405 0.00769171 0.00928564 0.0111044 0.0131517 0.015428 0.0179308 0.0206553 0.023594 0.0267364 0.030068 0.0335699 0.0372186 0.0409864 0.0448423 0.0487531 0.0526848 0.0566035 0.0604765 0.0642736 0.0679671 0.0715326 0.0749487 0.0781978 0.0812657 0.0841413 0.086817 0.0892883 0.0915535 0.093614 0.0954732 0.0971369 0.0986131 0.0999108 0.101041 0.102015 0.102845 0.103544 0.104124 0.104599 0.10498 0.10528 0.105511 0.105682 0.105805 0.105888 0.105939 0.105967 0.105978 0.105977 0.10597 0.105961 0.105952 0.105946 0.105943 0.105946 0.105952 0.105961 0.10597 0.105977 0.105978 0.105967 0.105939 0.105888 0.105805 0.105682 0.105511 0.10528 0.10498 0.104599 0.104124 0.103544 0.102845 0.102015 0.101041 0.0999108 0.0986131 0.0971369 0.0954732 0.093614 0.0915535 0.0892883 0.086817 0.0841413 0.0812657 0.0781978 0.0749487 0.0715326 0.0679671 0.0642736 0.0604765 0.0566035 0.0526848 0.0487531 0.0448423 0.0409864 0.0372186 0.0335699 0.030068 0.0267364 0.023594 0.0206553 0.0179308 0.015428 0.0131517 0.0111044 0.00928564 0.00769171 0.00631405 0.00513886 0.00414735 0.0033172 0.00262492 0.00204852 0.00156968 0.00117456 0.000853302 0.000598433 0.000403055 0.000259556 0.000159243 9.28221e-05 5.12996e-05 2.68424e-05 1.3285e-05 6.21573e-06 2.74848e-06 1.14854e-06 4.53626e-07 1.69376e-07 5.98047e-08 1.99758e-08 6.31426e-09 1.88954e-09 5.35509e-10 1.43786e-10 3.65887e-11 8.82668e-12 2.01923e-12 4.3814e-13 9.01917e-14 1.76162e-14 3.26509e-15 5.74305e-16 9.58647e-17 1.51854e-17 2.28246e-18 3.25483e-19 4.4026e-20 5.64719e-21 6.86681e-22 7.91207e-23 8.60314e-24 5.63257e-25 
0 7.28255e-24 6.80847e-23 5.97096e-22 4.96205e-21 3.9094e-20 2.921e-19 2.07033e-18 1.39227e-17 8.8846e-17 5.38052e-16 3.09239e-15 1.68671e-14 8.73025e-14 4.28748e-13 1.99752e-12 8.82668e-12 3.69835e-11 1.46889e-10 5.52828e-10 1.97081e-09 6.65233e-09 2.12514e-08 6.42227e-08 1.83519e-07 4.95645e-07 1.26469e-06 3.04768e-06 6.93469e-06 1.48977e-05 3.02207e-05 5.79127e-05 0.00010493 0.000180003 0.000292969 0.000453716 0.00067119 0.000953052 0.00130646 0.00173996 0.0022657 0.00290106 0.00366861 0.00459421 0.00570396 0.00702093 0.00856297 0.0103419 0.0123643 0.0146326 0.0171467 0.019904 0.0228995 0.0261244 0.0295652 0.0332026 0.0370115 0.0409613 0.0450172 0.0491414 0.0532951 0.0574395 0.0615376 0.0655544 0.0694583 0.0732207 0.0768169 0.0802256 0.0834297 0.0864156 0.0891738 0.0916982 0.0939867 0.0960404 0.0978635 0.0994632 0.100849 0.102032 0.103026 0.103845 0.104504 0.105019 0.105405 0.105677 0.105852 0.105943 0.105964 0.105929 0.105849 0.105735 0.105599 0.105448 0.105292 0.105137 0.104991 0.104858 0.104743 0.10465 0.104582 0.10454 0.104526 0.10454 0.104582 0.10465 0.104743 0.104858 0.104991 0.105137 0.105292 0.105448 0.105599 0.105735 0.105849 0.105929 0.105964 0.105943 0.105852 0.105677 0.105405 0.105019 0.104504 0.103845 0.103026 0.102032 0.100849 0.0994632 0.0978635 0.0960404 0.0939867 0.0916982 0.0891738 0.0864156 0.0834297 0.0802256 0.0768169 0.0732207 0.0694583 0.0655544 0.0615376 0.0574395 0.0532951 0.0491414 0.0450172 0.0409613 0.0370115 0.0332026 0.0295652 0.0261244 0.0228995 0.019904 0.0171467 0.0146326 0.0123643 0.0103419 0.00856297 0.00702093 0.00570396 0.00459421 0.00366861 0.00290106 0.0022657 0.00173996 0.00130646 0.000953052 0.00067119 0.000453716 0.000292969 0.000180003 0.00010493 5.79127e-05 3.02207e-05 1.48977e-05 6.93469e-06 3.04768e-06 1.26469e-06 4.95645e-07 1.83519e-07 6.42227e-08 2.12514e-08 6.65233e-09 1.97081e-09 5.52828e-10 1.46889e-10 3.69835e-11 8.82668e-12 1.99752e-12 4.28748e-13 8.73025e-14 1.68671e-14 3.09239e-15 5.38052e-16 8.8846e-17 1.39227e-17 2.07033e-18 2.921e-19 3.9094e-20 4.96204e-21 5.9707e-22 6.78187e-23 4.70515e-24 
0 5.67275e-23 5.08051e-22 4.26673e-21 3.39704e-20 2.56515e-19 1.83757e-18 1.24904e-17 8.05692e-17 4.93237e-16 2.8658e-15 1.58025e-14 8.26905e-14 4.1056e-13 1.93377e-12 8.63848e-12 3.65887e-11 1.46889e-10 5.58724e-10 2.01274e-09 6.86375e-09 2.21463e-08 6.75751e-08 1.94887e-07 5.30963e-07 1.36587e-06 3.31605e-06 7.59525e-06 1.64089e-05 3.34374e-05 6.42885e-05 0.00011671 0.000200322 0.000325766 0.000503458 0.000742515 0.00105063 0.00143538 0.00190674 0.00247975 0.00317587 0.00402211 0.00504787 0.00628096 0.0077441 0.00945337 0.0114185 0.0136447 0.0161343 0.0188875 0.0219023 0.0251726 0.0286868 0.0324265 0.0363654 0.0404707 0.0447038 0.0490228 0.053384 0.057744 0.0620608 0.0662949 0.0704095 0.0743716 0.0781516 0.081724 0.0850674 0.0881648 0.091004 0.0935771 0.0958808 0.0979162 0.0996884 0.101206 0.10248 0.103526 0.104358 0.104994 0.105453 0.105752 0.105912 0.105949 0.105882 0.105727 0.105501 0.10522 0.104896 0.104543 0.104173 0.103796 0.103422 0.10306 0.102717 0.1024 0.102114 0.101864 0.101654 0.101488 0.101368 0.101295 0.10127 0.101295 0.101368 0.101488 0.101654 0.101864 0.102114 0.1024 0.102717 0.10306 0.103422 0.103796 0.104173 0.104543 0.104896 0.10522 0.105501 0.105727 0.105882 0.105949 0.105912 0.105752 0.105453 0.104994 0.104358 0.103526 0.10248 0.101206 0.0996884 0.0979162 0.0958808 0.0935771 0.091004 0.0881648 0.0850674 0.081724 0.0781516 0.0743716 0.0704095 0.0662949 0.0620608 0.057744 0.053384 0.0490228 0.0447038 0.0404707 0.0363654 0.0324265 0.0286868 0.0251726 0.0219023 0.0188875 0.0161343 0.0136447 0.0114185 0.00945337 0.0077441 0.00628096 0.00504787 0.00402211 0.00317587 0.00247975 0.00190674 0.00143538 0.00105063 0.000742515 0.000503458 0.000325766 0.000200322 0.00011671 6.42885e-05 3.34374e-05 1.64089e-05 7.59525e-06 3.31605e-06 1.36587e-06 5.30963e-07 1.94887e-07 6.75751e-08 2.21463e-08 6.86375e-09 2.01274e-09 5.58724e-10 1.46889e-10 3.65887e-11 8.63848e-12 1.93377e-12 4.1056e-13 8.26905e-14 1.58025e-14 2.8658e-15 4.93237e-16 8.05692e-17 1.24904e-17 1.83757e-18 2.56515e-19 3.39704e-20 4.26651e-21 5.0594e-22 3.71818e-23 
