0 0 0 0 0 0 0 0 0 0 0 0 0 0 0 0 0 0 0 0 0 0 0 0 0 0 0 0 0 0 0 0 0 0 0 0 0 0 0 0 0 0 0 0 0 0 0 0 0 0 0 0 0 0 0 0 0 0 0 0 0 0 0 0 0 0 0 0 0 0 0 0 0 0 0 0 0 0 0 0 0 0 0 0 0 0 0 0 0 0 0 0 0 0 0 0 0 0 0 0 0 0 0 0 0 0 0 0 0 0 0 0 0 0 0 0 0 0 0 0 0 0 0 0 0 0 0 0 0 0 0 0 0 0 0 0 0 0 0 0 0 0 0 0 0 0 0 0 0 0 0 0 0 0 0 0 0 0 0 0 0 0 0 0 0 0 0 0 0 0 0 0 0 0 0 0 0 0 0 0 0 0 0 0 0 0 0 0 0 0 0 0 0 0 0 0 0 0 0 0 
0 6.12186e-23 4.67501e-22 3.34978e-21 2.286e-20 1.48647e-19 9.21172e-19 5.44118e-18 3.06383e-17 1.64471e-16 8.41769e-16 4.10754e-15 1.91099e-14 8.47632e-14 3.58436e-13 1.44491e-12 5.55219e-12 2.03349e-11 7.09798e-11 2.36103e-10 7.48349e-10 2.26002e-09 6.50285e-09 1.78266e-08 4.65603e-08 1.15872e-07 2.74797e-07 6.2118e-07 1.33884e-06 2.75254e-06 5.40098e-06 1.01217e-05 1.81326e-05 3.10853e-05 5.10611e-05 8.04862e-05 0.000121958 0.000178008 0.00025085 0.000342191 0.000453182 0.000584534 0.000736818 0.000910868 0.00110819 0.00133122 0.00158347 0.00186923 0.00219323 0.00255997 0.00297311 0.00343487 0.00394567 0.0045039 0.00510606 0.00574702 0.00642042 0.00711916 0.00783583 0.00856308 0.00929386 0.0100216 0.0107403 0.0114443 0.0121286 0.0127884 0.0134195 0.0140178 0.0145796 0.0151017 0.0155814 0.0160164 0.0164051 0.0167464 0.01704 0.0172864 0.0174865 0.017642 0.0177552 0.0178287 0.0178657 0.0178696 0.0178442 0.0177932 0.0177206 0.0176303 0.0175261 0.0174119 0.017291 0.017167 0.017043 0.0169219 0.0168064 0.0166988 0.0166014 0.0165158 0.0164437 0.0163863 0.0163446 0.0163193 0.0163108 0.0163193 0.0163446 0.0163863 0.0164437 0.0165158 0.0166014 0.0166988 0.0168064 0.0169219 0.017043 0.017167 0.017291 0.0174119 0.0175261 0.0176303 0.0177206 0.0177932 0.0178442 0.0178696 0.0178657 0.0178287 0.0177552 0.017642 0.0174865 0.0172864 0.01704 0.0167464 0.0164051 0.0160164 0.0155814 0.0151017 0.0145796 0.0140178 0.0134195 0.0127884 0.0121286 0.0114443 0.0107403 0.0100216 0.00929386 0.00856308 0.00783583 0.00711916 0.00642042 0.00574702 0.00510606 0.0045039 0.00394567 0.00343487 0.00297311 0.00255997 0.00219323 0.00186923 0.00158347 0.00133122 0.00110819 0.000910868 0.000736818 0.000584534 0.000453182 0.000342191 0.00025085 0.000178008 0.000121958 8.04862e-05 5.10611e-05 3.10853e-05 1.81326e-05 1.01217e-05 5.40098e-06 2.75254e-06 1.33884e-06 6.2118e-07 2.74797e-07 1.15872e-07 4.65603e-08 1.78266e-08 6.50285e-09 2.26002e-09 7.48349e-10 2.36103e-10 7.09798e-11 2.03349e-11 5.55219e-12 1.44491e-12 3.58436e-13 8.47632e-14 1.91099e-14 4.10754e-15 8.41769e-16 1.64471e-16 3.06383e-17 5.44118e-18 9.21172e-19 1.48647e-19 2.286e-20 3.34942e-21 4.64463e-22 3.74091e-23 
0 4.67501e-22 3.44219e-21 2.37623e-20 1.56281e-19 9.79678e-19 5.85441e-18 3.33547e-17 1.81192e-16 9.3854e-16 4.6356e-15 2.18321e-14 9.80412e-14 4.19782e-13 1.7136e-12 6.66852e-12 2.47367e-11 8.74584e-11 2.94689e-10 9.46209e-10 2.89488e-09 8.43855e-09 2.34359e-08 6.20113e-08 1.56337e-07 3.75583e-07 8.59984e-07 1.87736e-06 3.9089e-06 7.76702e-06 1.47385e-05 2.67324e-05 4.63954e-05 7.7149e-05 0.000123104 0.000188834 0.00027903 0.000398105 0.000549869 0.000737371 0.000963005 0.00122887 0.00153731 0.0018915 0.00229591 0.00275641 0.00328013 0.00387479 0.00454798 0.00530614 0.00615369 0.00709246 0.00812121 0.00923571 0.0104289 0.0116915 0.0130124 0.0143793 0.0157793 0.0171994 0.0186266 0.0200482 0.021452 0.0228265 0.0241605 0.0254439 0.0266672 0.0278218 0.0289003 0.0298962 0.0308045 0.0316215 0.0323447 0.0329731 0.0335073 0.033949 0.0343009 0.0345673 0.034753 0.0348639 0.0349064 0.0348874 0.0348141 0.0346939 0.0345344 0.0343431 0.0341271 0.0338935 0.0336491 0.0334002 0.0331527 0.0329121 0.0326834 0.032471 0.0322789 0.0321106 0.0319689 0.0318562 0.0317745 0.0317249 0.0317082 0.0317249 0.0317745 0.0318562 0.0319689 0.0321106 0.0322789 0.032471 0.0326834 0.0329121 0.0331527 0.0334002 0.0336491 0.0338935 0.0341271 0.0343431 0.0345344 0.0346939 0.0348141 0.0348874 0.0349064 0.0348639 0.034753 0.0345673 0.0343009 0.033949 0.0335073 0.0329731 0.0323447 0.0316215 0.0308045 0.0298962 0.0289003 0.0278218 0.0266672 0.0254439 0.0241605 0.0228265 0.021452 0.0200482 0.0186266 0.0171994 0.0157793 0.0143793 0.0130124 0.0116915 0.0104289 0.00923571 0.00812121 0.00709246 0.00615369 0.00530614 0.00454798 0.00387479 0.00328013 0.00275641 0.00229591 0.0018915 0.00153731 0.00122887 0.000963005 0.000737371 0.000549869 0.000398105 0.00027903 0.000188834 0.000123104 7.7149e-05 4.63954e-05 2.67324e-05 1.47385e-05 7.76702e-06 3.9089e-06 1.87736e-06 8.59984e-07 3.75583e-07 1.56337e-07 6.20113e-08 2.34359e-08 8.43855e-09 2.89488e-09 9.46209e-10 2.94689e-10 8.74584e-11 2.47367e-11 6.66852e-12 1.7136e-12 4.19782e-13 9.80412e-14 2.18321e-14 4.6356e-15 9.3854e-16 1.81192e-16 3.33547e-17 5.85441e-18 9.79678e-19 1.56281e-19 2.37594e-20 3.41859e-21 2.89703e-22 
0 3.34978e-21 2.37623e-20 1.5788e-19 9.99555e-19 6.0328e-18 3.47145e-17 1.90465e-16 9.96433e-16 4.97064e-15 2.36429e-14 1.07224e-13 4.63612e-13 1.91096e-12 7.50814e-12 2.81156e-11 1.00332e-10 3.4115e-10 1.10512e-09 3.4102e-09 1.00232e-08 2.80576e-08 7.47994e-08 1.8991e-07 4.59235e-07 1.05785e-06 2.32184e-06 4.85761e-06 9.69237e-06 1.8457e-05 3.35746e-05 5.84081e-05 9.73093e-05 0.000155518 0.000238894 0.000353524 0.000505295 0.000699576 0.000941116 0.00123425 0.00158336 0.00199343 0.0024706 0.00302245 0.00365788 0.00438662 0.00521848 0.00616234 0.00722527 0.00841178 0.00972333 0.0111582 0.0127115 0.0143756 0.0161403 0.0179933 0.0199208 0.0219071 0.0239358 0.0259892 0.0280493 0.0300976 0.0321158 0.0340857 0.0359902 0.0378133 0.0395403 0.0411587 0.0426578 0.0440291 0.0452664 0.046366 0.0473261 0.0481471 0.0488315 0.0493835 0.0498086 0.0501139 0.0503076 0.0503987 0.050397 0.0503124 0.0501557 0.0499372 0.0496676 0.0493573 0.0490163 0.0486544 0.0482808 0.0479042 0.0475328 0.0471739 0.0468345 0.0465206 0.0462375 0.0459901 0.0457823 0.0456173 0.0454977 0.0454252 0.0454009 0.0454252 0.0454977 0.0456173 0.0457823 0.0459901 0.0462375 0.0465206 0.0468345 0.0471739 0.0475328 0.0479042 0.0482808 0.0486544 0.0490163 0.0493573 0.0496676 0.0499372 0.0501557 0.0503124 0.050397 0.0503987 0.0503076 0.0501139 0.0498086 0.0493835 0.0488315 0.0481471 0.0473261 0.046366 0.0452664 0.0440291 0.0426578 0.0411587 0.0395403 0.0378133 0.0359902 0.0340857 0.0321158 0.0300976 0.0280493 0.0259892 0.0239358 0.0219071 0.0199208 0.0179933 0.0161403 0.0143756 0.0127115 0.0111582 0.00972333 0.00841178 0.00722527 0.00616234 0.00521848 0.00438662 0.00365788 0.00302245 0.0024706 0.00199343 0.00158336 0.00123425 0.000941116 0.000699576 0.000505295 0.000353524 0.000238894 0.000155518 9.73093e-05 5.84081e-05 3.35746e-05 1.8457e-05 9.69237e-06 4.85761e-06 2.32184e-06 1.05785e-06 4.59235e-07 1.8991e-07 7.47994e-08 2.80576e-08 1.00232e-08 3.4102e-09 1.10512e-09 3.4115e-10 1.00332e-10 2.81156e-11 7.50814e-12 1.91096e-12 4.63612e-13 1.07224e-13 2.36429e-14 4.97064e-15 9.96433e-16 1.90465e-16 3.47145e-17 6.03279e-18 9.99553e-19 1.57858e-19 2.35906e-20 2.10669e-21 
0 2.286e-20 1.56281e-19 9.99555e-19 6.0925e-18 3.54052e-17 1.96178e-16 1.03647e-15 5.2214e-15 2.50796e-14 1.1485e-13 5.01393e-13 2.08648e-12 8.27518e-12 3.12755e-11 1.12621e-10 3.86323e-10 1.26217e-09 3.92686e-09 1.16322e-08 3.28027e-08 8.80514e-08 2.24966e-07 5.47079e-07 1.26641e-06 2.79103e-06 5.85818e-06 1.17158e-05 2.23399e-05 4.06516e-05 7.06738e-05 0.000117559 0.000187434 0.000287058 0.000423369 0.000603066 0.000832379 0.00111717 0.00146339 0.0018777 0.00236819 0.00294473 0.00361889 0.00440341 0.00531115 0.00635393 0.00754138 0.00888012 0.0103733 0.0120206 0.0138183 0.0157602 0.0178373 0.0200387 0.0223515 0.0247607 0.0272496 0.0297993 0.0323892 0.0349969 0.037599 0.0401716 0.0426905 0.0451325 0.0474758 0.0497006 0.0517894 0.0537277 0.0555039 0.0571095 0.0585392 0.0597903 0.0608632 0.0617607 0.0624877 0.0630512 0.0634598 0.0637236 0.0638537 0.063862 0.0637612 0.0635644 0.0632846 0.0629351 0.062529 0.0620789 0.0615972 0.0610956 0.0605853 0.0600768 0.0595796 0.0591029 0.0586546 0.058242 0.0578715 0.0575486 0.0572781 0.0570637 0.0569085 0.0568145 0.056783 0.0568145 0.0569085 0.0570637 0.0572781 0.0575486 0.0578715 0.058242 0.0586546 0.0591029 0.0595796 0.0600768 0.0605853 0.0610956 0.0615972 0.0620789 0.062529 0.0629351 0.0632846 0.0635644 0.0637612 0.063862 0.0638537 0.0637236 0.0634598 0.0630512 0.0624877 0.0617607 0.0608632 0.0597903 0.0585392 0.0571095 0.0555039 0.0537277 0.0517894 0.0497006 0.0474758 0.0451325 0.0426905 0.0401716 0.037599 0.0349969 0.0323892 0.0297993 0.0272496 0.0247607 0.0223515 0.0200387 0.0178373 0.0157602 0.0138183 0.0120206 0.0103733 0.00888012 0.00754138 0.00635393 0.00531115 0.00440341 0.00361889 0.00294473 0.00236819 0.0018777 0.00146339 0.00111717 0.000832379 0.000603066 0.000423369 0.000287058 0.000187434 0.000117559 7.06738e-05 4.06516e-05 2.23399e-05 1.17158e-05 5.85818e-06 2.79103e-06 1.26641e-06 5.47079e-07 2.24966e-07 8.80514e-08 3.28027e-08 1.16322e-08 3.92686e-09 1.26217e-09 3.86323e-10 1.12621e-10 3.12755e-11 8.27518e-12 2.08648e-12 5.01393e-13 1.1485e-13 2.50796e-14 5.2214e-15 1.03647e-15 1.96178e-16 3.54052e-17 6.09248e-18 9.99393e-19 1.55094e-19 1.45966e-20 
0 1.48647e-19 9.79678e-19 6.0328e-18 3.54052e-17 1.9812e-16 1.05708e-15 5.37779e-15 2.60849e-14 1.20623e-13 5.31712e-13 2.23393e-12 8.94414e-12 3.41197e-11 1.23988e-10 4.29115e-10 1.41412e-09 4.43632e-09 1.32461e-08 3.76348e-08 1.01731e-07 2.6159e-07 6.39817e-07 1.48852e-06 3.2943e-06 6.93709e-06 1.39049e-05 2.65455e-05 4.83071e-05 8.38921e-05 0.00013924 0.000221285 0.000337515 0.000495442 0.000702202 0.000964478 0.00128887 0.00168266 0.00215473 0.00271626 0.00338091 0.00416436 0.00508307 0.00615282 0.00738711 0.00879599 0.0103853 0.0121568 0.0141082 0.0162342 0.0185267 0.0209755 0.0235682 0.0262901 0.0291246 0.0320521 0.0350505 0.0380955 0.0411606 0.0442178 0.0472388 0.0501954 0.0530602 0.0558081 0.0584161 0.0608641 0.0631356 0.0652172 0.067099 0.0687747 0.0702412 0.0714984 0.0725491 0.0733987 0.0740549 0.0745273 0.0748272 0.0749672 0.0749611 0.0748234 0.0745692 0.0742137 0.0737724 0.0732606 0.0726931 0.0720844 0.0714484 0.0707983 0.0701464 0.0695042 0.0688825 0.0682909 0.0677383 0.0672324 0.0667802 0.0663875 0.0660595 0.0658002 0.0656127 0.0654993 0.0654614 0.0654993 0.0656127 0.0658002 0.0660595 0.0663875 0.0667802 0.0672324 0.0677383 0.0682909 0.0688825 0.0695042 0.0701464 0.0707983 0.0714484 0.0720844 0.0726931 0.0732606 0.0737724 0.0742137 0.0745692 0.0748234 0.0749611 0.0749672 0.0748272 0.0745273 0.0740549 0.0733987 0.0725491 0.0714984 0.0702412 0.0687747 0.067099 0.0652172 0.0631356 0.0608641 0.0584161 0.0558081 0.0530602 0.0501954 0.0472388 0.0442178 0.0411606 0.0380955 0.0350505 0.0320521 0.0291246 0.0262901 0.0235682 0.0209755 0.0185267 0.0162342 0.0141082 0.0121568 0.0103853 0.00879599 0.00738711 0.00615282 0.00508307 0.00416436 0.00338091 0.00271626 0.00215473 0.00168266 0.00128887 0.000964478 0.000702202 0.000495442 0.000337515 0.000221285 0.00013924 8.38921e-05 4.83071e-05 2.65455e-05 1.39049e-05 6.93709e-06 3.2943e-06 1.48852e-06 6.39817e-07 2.6159e-07 1.01731e-07 3.76348e-08 1.32461e-08 4.43632e-09 1.41412e-09 4.29115e-10 1.23988e-10 3.41197e-11 8.94414e-12 2.23393e-12 5.31712e-13 1.20623e-13 2.60849e-14 5.37779e-15 1.05708e-15 1.9812e-16 3.54051e-17 6.03168e-18 9.71864e-19 9.64075e-20 
0 9.21172e-19 5.85441e-18 3.47145e-17 1.96178e-16 1.05708e-15 5.43096e-15 2.66025e-14 1.24224e-13 5.52932e-13 2.34556e-12 9.48096e-12 3.65086e-11 1.33898e-10 4.67608e-10 1.55454e-09 4.91829e-09 1.48048e-08 4.23886e-08 1.15411e-07 2.98751e-07 7.35121e-07 1.71932e-06 3.82214e-06 8.07727e-06 1.62316e-05 3.10324e-05 5.64895e-05 9.80155e-05 0.000162347 0.000257196 0.000390687 0.00057076 0.000804818 0.00109986 0.00146317 0.00190345 0.00243191 0.00306291 0.00381383 0.00470394 0.00575267 0.00697765 0.00839303 0.0100085 0.0118288 0.0138546 0.0160825 0.0185062 0.021117 0.0239034 0.0268513 0.0299436 0.0331597 0.0364757 0.0398644 0.043296 0.046739 0.050161 0.0535297 0.056814 0.0599846 0.0630149 0.0658812 0.0685633 0.0710441 0.0733105 0.0753527 0.0771645 0.0787427 0.0800878 0.0812028 0.0820936 0.0827687 0.0832385 0.0835156 0.0836139 0.0835485 0.0833356 0.082992 0.0825345 0.0819803 0.0813463 0.080649 0.0799045 0.079128 0.0783342 0.0775367 0.0767482 0.0759805 0.0752444 0.0745497 0.0739051 0.0733184 0.0727965 0.0723451 0.0719692 0.0716727 0.0714587 0.0713295 0.0712863 0.0713295 0.0714587 0.0716727 0.0719692 0.0723451 0.0727965 0.0733184 0.0739051 0.0745497 0.0752444 0.0759805 0.0767482 0.0775367 0.0783342 0.079128 0.0799045 0.080649 0.0813463 0.0819803 0.0825345 0.082992 0.0833356 0.0835485 0.0836139 0.0835156 0.0832385 0.0827687 0.0820936 0.0812028 0.0800878 0.0787427 0.0771645 0.0753527 0.0733105 0.0710441 0.0685633 0.0658812 0.0630149 0.0599846 0.056814 0.0535297 0.050161 0.046739 0.043296 0.0398644 0.0364757 0.0331597 0.0299436 0.0268513 0.0239034 0.021117 0.0185062 0.0160825 0.0138546 0.0118288 0.0100085 0.00839303 0.00697765 0.00575267 0.00470394 0.00381383 0.00306291 0.00243191 0.00190345 0.00146317 0.00109986 0.000804818 0.00057076 0.000390687 0.000257196 0.000162347 9.80155e-05 5.64895e-05 3.10324e-05 1.62316e-05 8.07727e-06 3.82214e-06 1.71932e-06 7.35121e-07 2.98751e-07 1.15411e-07 4.23886e-08 1.48048e-08 4.91829e-09 1.55454e-09 4.67608e-10 1.33898e-10 3.65086e-11 9.48096e-12 2.34556e-12 5.52932e-13 1.24224e-13 2.66025e-14 5.43096e-15 1.05708e-15 1.96177e-16 3.47073e-17 5.80553e-18 6.0711e-19 
0 5.44118e-18 3.33547e-17 1.90465e-16 1.03647e-15 5.37779e-15 2.66025e-14 1.25449e-13 5.63856e-13 2.41519e-12 9.85654e-12 3.83163e-11 1.41844e-10 4.99905e-10 1.67678e-09 5.35104e-09 1.62418e-08 4.68726e-08 1.28576e-07 3.35142e-07 8.2989e-07 1.95189e-06 4.36008e-06 9.25018e-06 1.86428e-05 3.57077e-05 6.50437e-05 0.000112799 0.000186513 0.000294646 0.000445886 0.000648503 0.000910091 0.00123798 0.00164034 0.00212757 0.00271361 0.00341624 0.00425641 0.0052564 0.00643755 0.007818 0.00941127 0.0112257 0.0132649 0.0155284 0.0180125 0.020711 0.0236146 0.0267108 0.0299832 0.033411 0.0369684 0.0406257 0.0443494 0.0481036 0.0518515 0.0555564 0.0591828 0.0626977 0.0660709 0.0692753 0.0722876 0.0750882 0.0776611 0.079994 0.0820782 0.0839086 0.0854837 0.086805 0.0878772 0.088708 0.0893073 0.0896877 0.0898632 0.0898497 0.089664 0.0893238 0.0888472 0.0882527 0.0875584 0.0867823 0.0859417 0.0850535 0.0841335 0.0831967 0.0822574 0.0813285 0.0804223 0.0795496 0.0787207 0.0779446 0.0772292 0.0765818 0.0760086 0.0755147 0.0751047 0.0747822 0.0745498 0.0744096 0.0743628 0.0744096 0.0745498 0.0747822 0.0751047 0.0755147 0.0760086 0.0765818 0.0772292 0.0779446 0.0787207 0.0795496 0.0804223 0.0813285 0.0822574 0.0831967 0.0841335 0.0850535 0.0859417 0.0867823 0.0875584 0.0882527 0.0888472 0.0893238 0.089664 0.0898497 0.0898632 0.0896877 0.0893073 0.088708 0.0878772 0.086805 0.0854837 0.0839086 0.0820782 0.079994 0.0776611 0.0750882 0.0722876 0.0692753 0.0660709 0.0626977 0.0591828 0.0555564 0.0518515 0.0481036 0.0443494 0.0406257 0.0369684 0.033411 0.0299832 0.0267108 0.0236146 0.020711 0.0180125 0.0155284 0.0132649 0.0112257 0.00941127 0.007818 0.00643755 0.0052564 0.00425641 0.00341624 0.00271361 0.00212757 0.00164034 0.00123798 0.000910091 0.000648503 0.000445886 0.000294646 0.000186513 0.000112799 6.50437e-05 3.57077e-05 1.86428e-05 9.25018e-06 4.36008e-06 1.95189e-06 8.2989e-07 3.35142e-07 1.28576e-07 4.68726e-08 1.62418e-08 5.35104e-09 1.67678e-09 4.99905e-10 1.41844e-10 3.83163e-11 9.85654e-12 2.41519e-12 5.63856e-13 1.25449e-13 2.66025e-14 5.37779e-15 1.03647e-15 1.9042e-16 3.30639e-17 3.64584e-18 
0 3.06383e-17 1.81192e-16 9.96433e-16 5.2214e-15 2.60849e-14 1.24224e-13 5.63856e-13 2.43886e-12 1.00498e-11 3.94433e-11 1.47401e-10 5.24324e-10 1.77469e-09 5.71361e-09 1.74903e-08 5.08885e-08 1.40673e-07 3.69328e-07 9.20624e-07 2.17822e-06 4.89091e-06 1.04211e-05 2.10727e-05 4.04529e-05 7.37687e-05 0.000127917 0.000211238 0.000332902 0.000502092 0.000727326 0.00101637 0.00137699 0.00181851 0.00235353 0.00299912 0.00377673 0.00471071 0.00582568 0.00714375 0.00868241 0.0104536 0.0124639 0.0147155 0.0172077 0.0199367 0.0228962 0.0260763 0.0294623 0.0330341 0.0367655 0.0406246 0.0445751 0.0485773 0.0525899 0.0565718 0.060483 0.0642861 0.0679466 0.0714338 0.0747206 0.0777838 0.0806043 0.083167 0.085461 0.0874793 0.0892189 0.090681 0.0918698 0.0927934 0.0934625 0.0938904 0.0940925 0.0940859 0.0938886 0.0935199 0.0929989 0.0923453 0.0915783 0.0907169 0.0897793 0.088783 0.0877447 0.08668 0.0856038 0.0845296 0.0834702 0.0824372 0.0814412 0.0804918 0.0795977 0.0787666 0.0780055 0.0773204 0.0767164 0.076198 0.075769 0.0754322 0.0751901 0.0750441 0.0749953 0.0750441 0.0751901 0.0754322 0.075769 0.076198 0.0767164 0.0773204 0.0780055 0.0787666 0.0795977 0.0804918 0.0814412 0.0824372 0.0834702 0.0845296 0.0856038 0.08668 0.0877447 0.088783 0.0897793 0.0907169 0.0915783 0.0923453 0.0929989 0.0935199 0.0938886 0.0940859 0.0940925 0.0938904 0.0934625 0.0927934 0.0918698 0.090681 0.0892189 0.0874793 0.085461 0.083167 0.0806043 0.0777838 0.0747206 0.0714338 0.0679466 0.0642861 0.060483 0.0565718 0.0525899 0.0485773 0.0445751 0.0406246 0.0367655 0.0330341 0.0294623 0.0260763 0.0228962 0.0199367 0.0172077 0.0147155 0.0124639 0.0104536 0.00868241 0.00714375 0.00582568 0.00471071 0.00377673 0.00299912 0.00235353 0.00181851 0.00137699 0.00101637 0.000727326 0.000502092 0.000332902 0.000211238 0.000127917 7.37687e-05 4.04529e-05 2.10727e-05 1.04211e-05 4.89091e-06 2.17822e-06 9.20624e-07 3.69328e-07 1.40673e-07 5.08885e-08 1.74903e-08 5.71361e-09 1.77469e-09 5.24324e-10 1.47401e-10 3.94433e-11 1.00498e-11 2.43886e-12 5.63856e-13 1.24224e-13 2.60849e-14 5.22136e-15 9.96169e-16 1.79548e-16 2.08816e-17 
0 1.64471e-16 9.3854e-16 4.97064e-15 2.50796e-14 1.20623e-13 5.52932e-13 2.41519e-12 1.00498e-11 3.98263e-11 1.5026e-10 5.39542e-10 1.8431e-09 5.98742e-09 1.84889e-08 5.42463e-08 1.51156e-07 3.99842e-07 1.00364e-06 2.38969e-06 5.39572e-06 1.15512e-05 2.34463e-05 4.51323e-05 8.24327e-05 0.000142997 0.000235952 0.000371136 0.000558159 0.00080573 0.00112179 0.00151473 0.00199536 0.00257892 0.00328608 0.00414206 0.00517426 0.00640882 0.00786764 0.00956666 0.0115158 0.01372 0.016181 0.0188978 0.021867 0.0250815 0.0285293 0.0321916 0.0360424 0.0400487 0.0441719 0.0483691 0.0525952 0.0568051 0.0609546 0.0650022 0.068909 0.0726398 0.076163 0.0794511 0.0824809 0.0852336 0.0876954 0.0898571 0.0917145 0.0932681 0.0945227 0.0954873 0.0961741 0.0965984 0.0967777 0.096731 0.0964788 0.0960419 0.0954415 0.0946985 0.0938336 0.0928668 0.091817 0.0907026 0.0895406 0.0883472 0.0871372 0.0859246 0.0847221 0.0835414 0.082393 0.0812868 0.0802313 0.0792344 0.0783029 0.0774431 0.0766603 0.0759593 0.0753439 0.0748177 0.0743835 0.0740434 0.0737993 0.0736523 0.0736033 0.0736523 0.0737993 0.0740434 0.0743835 0.0748177 0.0753439 0.0759593 0.0766603 0.0774431 0.0783029 0.0792344 0.0802313 0.0812868 0.082393 0.0835414 0.0847221 0.0859246 0.0871372 0.0883472 0.0895406 0.0907026 0.091817 0.0928668 0.0938336 0.0946985 0.0954415 0.0960419 0.0964788 0.096731 0.0967777 0.0965984 0.0961741 0.0954873 0.0945227 0.0932681 0.0917145 0.0898571 0.0876954 0.0852336 0.0824809 0.0794511 0.076163 0.0726398 0.068909 0.0650022 0.0609546 0.0568051 0.0525952 0.0483691 0.0441719 0.0400487 0.0360424 0.0321916 0.0285293 0.0250815 0.021867 0.0188978 0.016181 0.01372 0.0115158 0.00956666 0.00786764 0.00640882 0.00517426 0.00414206 0.00328608 0.00257892 0.00199536 0.00151473 0.00112179 0.00080573 0.000558159 0.000371136 0.000235952 0.000142997 8.24327e-05 4.51323e-05 2.34463e-05 1.15512e-05 5.39572e-06 2.38969e-06 1.00364e-06 3.99842e-07 1.51156e-07 5.42463e-08 1.84889e-08 5.98742e-09 1.8431e-09 5.39542e-10 1.5026e-10 3.98263e-11 1.00498e-11 2.41519e-12 5.52932e-13 1.20623e-13 2.50793e-14 4.96917e-15 9.29697e-16 1.14081e-16 
0 8.41769e-16 4.6356e-15 2.36429e-14 1.1485e-13 5.31712e-13 2.34556e-12 9.85654e-12 3.94433e-11 1.5026e-10 5.44711e-10 1.87828e-09 6.15793e-09 1.91858e-08 5.67782e-08 1.59522e-07 4.25284e-07 1.07533e-06 2.57757e-06 5.85493e-06 1.25995e-05 2.56834e-05 4.95991e-05 9.07839e-05 0.000157633 0.000260038 0.000408467 0.000612894 0.000882181 0.0012245 0.00164902 0.00216846 0.00280114 0.00357159 0.00450878 0.00564261 0.00699985 0.00860131 0.0104609 0.0125867 0.0149829 0.0176512 0.0205913 0.0237995 0.0272668 0.0309766 0.034904 0.0390153 0.0432701 0.0476226 0.0520243 0.0564264 0.0607809 0.0650417 0.0691658 0.0731131 0.076847 0.0803352 0.0835495 0.086467 0.0890704 0.0913481 0.0932943 0.0949092 0.0961981 0.0971712 0.0978427 0.0982298 0.0983527 0.0982327 0.0978928 0.097356 0.0966458 0.0957849 0.0947956 0.0936995 0.0925166 0.0912664 0.0899666 0.088634 0.0872838 0.0859302 0.0845859 0.0832625 0.0819705 0.0807192 0.0795169 0.0783712 0.0772884 0.0762743 0.0753339 0.0744715 0.073691 0.0729954 0.0723875 0.0718695 0.0714433 0.0711104 0.0708717 0.0707283 0.0706804 0.0707283 0.0708717 0.0711104 0.0714433 0.0718695 0.0723875 0.0729954 0.073691 0.0744715 0.0753339 0.0762743 0.0772884 0.0783712 0.0795169 0.0807192 0.0819705 0.0832625 0.0845859 0.0859302 0.0872838 0.088634 0.0899666 0.0912664 0.0925166 0.0936995 0.0947956 0.0957849 0.0966458 0.097356 0.0978928 0.0982327 0.0983527 0.0982298 0.0978427 0.0971712 0.0961981 0.0949092 0.0932943 0.0913481 0.0890704 0.086467 0.0835495 0.0803352 0.076847 0.0731131 0.0691658 0.0650417 0.0607809 0.0564264 0.0520243 0.0476226 0.0432701 0.0390153 0.034904 0.0309766 0.0272668 0.0237995 0.0205913 0.0176512 0.0149829 0.0125867 0.0104609 0.00860131 0.00699985 0.00564261 0.00450878 0.00357159 0.00280114 0.00216846 0.00164902 0.0012245 0.000882181 0.000612894 0.000408467 0.000260038 0.000157633 9.07839e-05 4.95991e-05 2.56834e-05 1.25995e-05 5.85493e-06 2.57757e-06 1.07533e-06 4.25284e-07 1.59522e-07 5.67782e-08 1.91858e-08 6.15793e-09 1.87828e-09 5.44711e-10 1.5026e-10 3.94433e-11 9.85654e-12 2.34556e-12 5.31711e-13 1.14849e-13 2.3635e-14 4.59042e-15 5.94548e-16 
0 4.10754e-15 2.18321e-14 1.07224e-13 5.01393e-13 2.23393e-12 9.48096e-12 3.83163e-11 1.47401e-10 5.39542e-10 1.87828e-09 6.21583e-09 1.95439e-08 5.83532e-08 1.65353e-07 4.44428e-07 1.13238e-06 2.73365e-06 6.24955e-06 1.35251e-05 2.77027e-05 5.37026e-05 9.85623e-05 0.000171406 0.000282866 0.000443997 0.000665101 0.000955168 0.00132266 0.00177779 0.00233546 0.00301748 0.00385244 0.00487278 0.0061102 0.00759124 0.00933495 0.0113532 0.013653 0.0162386 0.0191129 0.022276 0.0257229 0.0294405 0.0334058 0.0375857 0.0419385 0.0464158 0.0509661 0.0555368 0.0600757 0.0645326 0.0688594 0.0730106 0.0769441 0.0806216 0.0840098 0.0870809 0.0898138 0.0921942 0.0942152 0.0958764 0.097184 0.0981492 0.0987882 0.0991206 0.0991685 0.0989561 0.0985084 0.0978512 0.09701 0.09601 0.0948756 0.0936301 0.0922956 0.0908928 0.089441 0.0879578 0.0864593 0.0849601 0.0834733 0.0820103 0.0805814 0.0791955 0.0778605 0.0765831 0.0753689 0.0742231 0.0731497 0.0721522 0.0712338 0.0703968 0.0696433 0.0689751 0.0683934 0.0678996 0.0674944 0.0671786 0.0669526 0.0668169 0.0667716 0.0668169 0.0669526 0.0671786 0.0674944 0.0678996 0.0683934 0.0689751 0.0696433 0.0703968 0.0712338 0.0721522 0.0731497 0.0742231 0.0753689 0.0765831 0.0778605 0.0791955 0.0805814 0.0820103 0.0834733 0.0849601 0.0864593 0.0879578 0.089441 0.0908928 0.0922956 0.0936301 0.0948756 0.09601 0.09701 0.0978512 0.0985084 0.0989561 0.0991685 0.0991206 0.0987882 0.0981492 0.097184 0.0958764 0.0942152 0.0921942 0.0898138 0.0870809 0.0840098 0.0806216 0.0769441 0.0730106 0.0688594 0.0645326 0.0600757 0.0555368 0.0509661 0.0464158 0.0419385 0.0375857 0.0334058 0.0294405 0.0257229 0.022276 0.0191129 0.0162386 0.013653 0.0113532 0.00933495 0.00759124 0.0061102 0.00487278 0.00385244 0.00301748 0.00233546 0.00177779 0.00132266 0.000955168 0.000665101 0.000443997 0.000282866 0.000171406 9.85623e-05 5.37026e-05 2.77027e-05 1.35251e-05 6.24955e-06 2.73365e-06 1.13238e-06 4.44428e-07 1.65353e-07 5.83532e-08 1.95439e-08 6.21583e-09 1.87828e-09 5.39542e-10 1.47401e-10 3.83163e-11 9.48096e-12 2.23393e-12 5.01386e-13 1.07184e-13 2.16128e-14 2.956e-15 
0 1.91099e-14 9.80412e-14 4.63612e-13 2.08648e-12 8.94414e-12 3.65086e-11 1.41844e-10 5.24324e-10 1.8431e-09 6.15793e-09 1.95439e-08 5.88878e-08 1.68346e-07 4.56321e-07 1.17205e-06 2.85077e-06 6.56242e-06 1.42903e-05 2.9427e-05 5.7297e-05 0.000105512 0.000183902 0.00030381 0.000476852 0.000713624 0.00102325 0.00141458 0.00189903 0.00249406 0.00322521 0.00412514 0.00522939 0.0065707 0.0081746 0.010058 0.0122313 0.0147014 0.0174739 0.0205529 0.0239385 0.0276224 0.0315855 0.0357965 0.0402135 0.0447868 0.0494618 0.0541824 0.0588926 0.0635373 0.0680632 0.0724185 0.0765546 0.0804262 0.0839937 0.0872239 0.0900911 0.0925782 0.0946766 0.0963856 0.0977115 0.0986672 0.0992703 0.0995423 0.0995079 0.0991934 0.0986267 0.097836 0.0968496 0.0956956 0.094401 0.0929917 0.0914923 0.0899256 0.0883125 0.0866722 0.0850218 0.0833766 0.08175 0.0801534 0.078597 0.077089 0.0756366 0.0742457 0.072921 0.0716665 0.0704854 0.0693801 0.0683526 0.0674043 0.0665365 0.0657499 0.0650452 0.0644229 0.0638831 0.0634262 0.0630523 0.0627614 0.0625536 0.0624289 0.0623873 0.0624289 0.0625536 0.0627614 0.0630523 0.0634262 0.0638831 0.0644229 0.0650452 0.0657499 0.0665365 0.0674043 0.0683526 0.0693801 0.0704854 0.0716665 0.072921 0.0742457 0.0756366 0.077089 0.078597 0.0801534 0.08175 0.0833766 0.0850218 0.0866722 0.0883125 0.0899256 0.0914923 0.0929917 0.094401 0.0956956 0.0968496 0.097836 0.0986267 0.0991934 0.0995079 0.0995423 0.0992703 0.0986672 0.0977115 0.0963856 0.0946766 0.0925782 0.0900911 0.0872239 0.0839937 0.0804262 0.0765546 0.0724185 0.0680632 0.0635373 0.0588926 0.0541824 0.0494618 0.0447868 0.0402135 0.0357965 0.0315855 0.0276224 0.0239385 0.0205529 0.0174739 0.0147014 0.0122313 0.010058 0.0081746 0.0065707 0.00522939 0.00412514 0.00322521 0.00249406 0.00189903 0.00141458 0.00102325 0.000713624 0.000476852 0.00030381 0.000183902 0.000105512 5.7297e-05 2.9427e-05 1.42903e-05 6.56242e-06 2.85077e-06 1.17205e-06 4.56321e-07 1.68346e-07 5.88878e-08 1.95439e-08 6.15793e-09 1.8431e-09 5.24324e-10 1.41844e-10 3.65086e-11 8.94414e-12 2.08644e-12 4.63421e-13 9.7031e-14 1.40211e-14 
0 8.47632e-14 4.19782e-13 1.91096e-12 8.27518e-12 3.41197e-11 1.33898e-10 4.99905e-10 1.77469e-09 5.98742e-09 1.91858e-08 5.83532e-08 1.68346e-07 4.60355e-07 1.1924e-06 2.92338e-06 6.77942e-06 1.48623e-05 3.07871e-05 6.02484e-05 0.000111397 0.000194731 0.000322282 0.000506206 0.000757387 0.00108511 0.00149867 0.0020109 0.00264202 0.00342151 0.00438597 0.00557353 0.00701728 0.00874111 0.01076 0.0130835 0.0157196 0.0186761 0.0219584 0.0255647 0.0294816 0.0336818 0.0381252 0.0427613 0.0475339 0.0523839 0.0572516 0.0620774 0.0668023 0.071368 0.075718 0.0797995 0.0835651 0.0869749 0.089998 0.0926135 0.0948102 0.0965863 0.0979481 0.0989087 0.099487 0.0997063 0.0995932 0.0991767 0.0984875 0.0975572 0.0964176 0.0951004 0.0936361 0.092054 0.0903818 0.0886449 0.0868664 0.0850672 0.0832656 0.0814774 0.0797164 0.0779941 0.07632 0.074702 0.0731462 0.0716578 0.0702404 0.0688969 0.0676294 0.0664393 0.0653273 0.064294 0.0633394 0.0624636 0.0616661 0.0609466 0.0603046 0.0597396 0.0592511 0.0588387 0.0585019 0.0582403 0.0580537 0.0579419 0.0579046 0.0579419 0.0580537 0.0582403 0.0585019 0.0588387 0.0592511 0.0597396 0.0603046 0.0609466 0.0616661 0.0624636 0.0633394 0.064294 0.0653273 0.0664393 0.0676294 0.0688969 0.0702404 0.0716578 0.0731462 0.074702 0.07632 0.0779941 0.0797164 0.0814774 0.0832656 0.0850672 0.0868664 0.0886449 0.0903818 0.092054 0.0936361 0.0951004 0.0964176 0.0975572 0.0984875 0.0991767 0.0995932 0.0997063 0.099487 0.0989087 0.0979481 0.0965863 0.0948102 0.0926135 0.089998 0.0869749 0.0835651 0.0797995 0.075718 0.071368 0.0668023 0.0620774 0.0572516 0.0523839 0.0475339 0.0427613 0.0381252 0.0336818 0.0294816 0.0255647 0.0219584 0.0186761 0.0157196 0.0130835 0.01076 0.00874111 0.00701728 0.00557353 0.00438597 0.00342151 0.00264202 0.0020109 0.00149867 0.00108511 0.000757387 0.000506206 0.000322282 0.000194731 0.000111397 6.02484e-05 3.07871e-05 1.48623e-05 6.77942e-06 2.92338e-06 1.1924e-06 4.60355e-07 1.68346e-07 5.83532e-08 1.91858e-08 5.98742e-09 1.77469e-09 4.99905e-10 1.33898e-10 3.41197e-11 8.27502e-12 1.91009e-12 4.15366e-13 6.34493e-14 
0 3.58436e-13 1.7136e-12 7.50814e-12 3.12755e-11 1.23988e-10 4.67608e-10 1.67678e-09 5.71361e-09 1.84889e-08 5.67782e-08 1.65353e-07 4.56321e-07 1.1924e-06 2.94799e-06 6.89054e-06 1.52161e-05 3.17271e-05 6.24439e-05 0.000116008 0.000203546 0.000337753 0.000531317 0.000795422 0.00113954 0.00157351 0.00211168 0.00277721 0.00360351 0.004631 0.00589988 0.00744289 0.00928202 0.0114306 0.0138986 0.0166962 0.0198339 0.0233169 0.0271401 0.0312827 0.0357084 0.0403681 0.0452048 0.0501574 0.0551632 0.0601587 0.0650797 0.069861 0.0744382 0.0787495 0.0827388 0.0863583 0.0895707 0.0923499 0.0946809 0.0965596 0.0979907 0.0989868 0.099567 0.0997553 0.0995804 0.0990738 0.0982696 0.0972035 0.0959117 0.0944302 0.0927942 0.0910371 0.08919 0.0872815 0.085337 0.0833793 0.0814279 0.0794993 0.0776076 0.0757642 0.0739783 0.0722571 0.0706063 0.06903 0.0675311 0.0661114 0.064772 0.0635132 0.0623349 0.0612365 0.0602171 0.0592756 0.0584107 0.0576212 0.0569057 0.0562628 0.0556914 0.0551902 0.0547581 0.0543941 0.0540975 0.0538676 0.0537037 0.0536055 0.0535728 0.0536055 0.0537037 0.0538676 0.0540975 0.0543941 0.0547581 0.0551902 0.0556914 0.0562628 0.0569057 0.0576212 0.0584107 0.0592756 0.0602171 0.0612365 0.0623349 0.0635132 0.064772 0.0661114 0.0675311 0.06903 0.0706063 0.0722571 0.0739783 0.0757642 0.0776076 0.0794993 0.0814279 0.0833793 0.085337 0.0872815 0.08919 0.0910371 0.0927942 0.0944302 0.0959117 0.0972035 0.0982696 0.0990738 0.0995804 0.0997553 0.099567 0.0989868 0.0979907 0.0965596 0.0946809 0.0923499 0.0895707 0.0863583 0.0827388 0.0787495 0.0744382 0.069861 0.0650797 0.0601587 0.0551632 0.0501574 0.0452048 0.0403681 0.0357084 0.0312827 0.0271401 0.0233169 0.0198339 0.0166962 0.0138986 0.0114306 0.00928202 0.00744289 0.00589988 0.004631 0.00360351 0.00277721 0.00211168 0.00157351 0.00113954 0.000795422 0.000531317 0.000337753 0.000203546 0.000116008 6.24439e-05 3.17271e-05 1.52161e-05 6.89054e-06 2.94799e-06 1.1924e-06 4.56321e-07 1.65353e-07 5.67782e-08 1.84889e-08 5.71361e-09 1.67678e-09 4.67608e-10 1.23988e-10 3.12747e-11 7.50439e-12 1.69531e-12 2.73928e-13 
0 1.44491e-12 6.66852e-12 2.81156e-11 1.12621e-10 4.29115e-10 1.55454e-09 5.35104e-09 1.74903e-08 5.42463e-08 1.59522e-07 4.44428e-07 1.17205e-06 2.92338e-06 6.89054e-06 1.53358e-05 3.22073e-05 6.37971e-05 0.000119179 0.000210061 0.000349773 0.000551544 0.000826891 0.00118552 0.00163786 0.00219983 0.00289756 0.0037684 0.00485627 0.00620301 0.00784057 0.00978896 0.0120606 0.0146669 0.0176212 0.0209363 0.0246161 0.0286497 0.0330077 0.0376445 0.042504 0.0475241 0.0526403 0.0577863 0.0628933 0.0678899 0.0727036 0.0772633 0.0815031 0.0853661 0.088807 0.0917932 0.0943044 0.0963322 0.0978783 0.0989531 0.0995745 0.0997668 0.0995598 0.0989879 0.0980888 0.0969028 0.0954713 0.0938354 0.0920352 0.0901087 0.088091 0.0860138 0.0839054 0.0817901 0.0796891 0.0776198 0.0755969 0.073632 0.0717343 0.0699111 0.0681673 0.0665068 0.0649316 0.0634429 0.0620408 0.0607247 0.0594936 0.0583456 0.057279 0.0562915 0.0553808 0.0545447 0.0537809 0.053087 0.0524609 0.0519007 0.0514045 0.0509707 0.0505976 0.0502842 0.0500292 0.0498318 0.0496913 0.0496073 0.0495793 0.0496073 0.0496913 0.0498318 0.0500292 0.0502842 0.0505976 0.0509707 0.0514045 0.0519007 0.0524609 0.053087 0.0537809 0.0545447 0.0553808 0.0562915 0.057279 0.0583456 0.0594936 0.0607247 0.0620408 0.0634429 0.0649316 0.0665068 0.0681673 0.0699111 0.0717343 0.073632 0.0755969 0.0776198 0.0796891 0.0817901 0.0839054 0.0860138 0.088091 0.0901087 0.0920352 0.0938354 0.0954713 0.0969028 0.0980888 0.0989879 0.0995598 0.0997668 0.0995745 0.0989531 0.0978783 0.0963322 0.0943044 0.0917932 0.088807 0.0853661 0.0815031 0.0772633 0.0727036 0.0678899 0.0628933 0.0577863 0.0526403 0.0475241 0.042504 0.0376445 0.0330077 0.0286497 0.0246161 0.0209363 0.0176212 0.0146669 0.0120606 0.00978896 0.00784057 0.00620301 0.00485627 0.0037684 0.00289756 0.00219983 0.00163786 0.00118552 0.000826891 0.000551544 0.000349773 0.000210061 0.000119179 6.37971e-05 3.22073e-05 1.53358e-05 6.89054e-06 2.92338e-06 1.17205e-06 4.44428e-07 1.59522e-07 5.42463e-08 1.74903e-08 5.35104e-09 1.55454e-09 4.29115e-10 1.12618e-10 2.81002e-11 6.59681e-12 1.12824e-12 
0 5.55219e-12 2.47367e-11 1.00332e-10 3.86323e-10 1.41412e-09 4.91829e-09 1.62418e-08 5.08885e-08 1.51156e-07 4.25284e-07 1.13238e-06 2.85077e-06 6.77942e-06 1.52161e-05 3.22073e-05 6.42543e-05 0.000120795 0.000214059 0.00035799 0.000566372 0.000851108 0.00122219 0.00169064 0.00227396 0.00300118 0.00391342 0.0050579 0.00647771 0.00820375 0.0102542 0.0126415 0.0153794 0.0184852 0.0219728 0.0258434 0.0300783 0.0346389 0.0394717 0.0445153 0.0497044 0.0549712 0.0602442 0.0654469 0.0704991 0.0753203 0.0798341 0.0839735 0.0876834 0.0909232 0.0936654 0.0958956 0.0976104 0.098816 0.099528 0.0997695 0.0995713 0.0989701 0.0980078 0.0967293 0.0951815 0.0934109 0.0914629 0.08938 0.0872014 0.0849622 0.0826935 0.080422 0.0781707 0.0759586 0.0738016 0.0717123 0.0697004 0.0677734 0.0659366 0.0641931 0.0625449 0.0609923 0.0595346 0.0581701 0.0568967 0.0557115 0.0546115 0.0535934 0.0526538 0.0517892 0.0509964 0.0502722 0.0496135 0.0490177 0.0484821 0.0480043 0.0475823 0.0472142 0.0468985 0.0466336 0.0464184 0.046252 0.0461337 0.0460629 0.0460393 0.0460629 0.0461337 0.046252 0.0464184 0.0466336 0.0468985 0.0472142 0.0475823 0.0480043 0.0484821 0.0490177 0.0496135 0.0502722 0.0509964 0.0517892 0.0526538 0.0535934 0.0546115 0.0557115 0.0568967 0.0581701 0.0595346 0.0609923 0.0625449 0.0641931 0.0659366 0.0677734 0.0697004 0.0717123 0.0738016 0.0759586 0.0781707 0.080422 0.0826935 0.0849622 0.0872014 0.08938 0.0914629 0.0934109 0.0951815 0.0967293 0.0980078 0.0989701 0.0995713 0.0997695 0.099528 0.098816 0.0976104 0.0958956 0.0936654 0.0909232 0.0876834 0.0839735 0.0798341 0.0753203 0.0704991 0.0654469 0.0602442 0.0549712 0.0497044 0.0445153 0.0394717 0.0346389 0.0300783 0.0258434 0.0219728 0.0184852 0.0153794 0.0126415 0.0102542 0.00820375 0.00647771 0.0050579 0.00391342 0.00300118 0.00227396 0.00169064 0.00122219 0.000851108 0.000566372 0.00035799 0.000214059 0.000120795 6.42543e-05 3.22073e-05 1.52161e-05 6.77942e-06 2.85077e-06 1.13238e-06 4.25284e-07 1.51156e-07 5.08885e-08 1.62418e-08 4.91829e-09 1.41412e-09 3.86311e-10 1.00272e-10 2.4471e-11 4.43318e-12 
0 2.03349e-11 8.74584e-11 3.4115e-10 1.26217e-09 4.43632e-09 1.48048e-08 4.68726e-08 1.40673e-07 3.99842e-07 1.07533e-06 2.73365e-06 6.56242e-06 1.48623e-05 3.17271e-05 6.37971e-05 0.000120795 0.000215406 0.000362159 0.000575423 0.000867548 0.00124887 0.00173101 0.00233291 0.00308634 0.00403602 0.00523222 0.00671909 0.00852643 0.010671 0.0131658 0.0160283 0.0192793 0.0229332 0.0269862 0.031411 0.0361602 0.0411743 0.0463886 0.0517354 0.0571423 0.0625299 0.0678119 0.0728988 0.0777034 0.0821471 0.0861642 0.0897037 0.0927296 0.0952189 0.097161 0.0985563 0.0994158 0.0997605 0.099621 0.0990364 0.098052 0.0967177 0.0950856 0.0932077 0.0911344 0.0889129 0.0865865 0.0841941 0.0817701 0.0793445 0.0769427 0.0745865 0.0722933 0.0700776 0.0679502 0.0659192 0.06399 0.0621658 0.0604478 0.0588355 0.0573272 0.0559202 0.0546111 0.0533959 0.0522702 0.0512296 0.0502697 0.0493862 0.0485747 0.0478314 0.0471524 0.0465343 0.045974 0.0454685 0.0450151 0.0446116 0.0442559 0.0439461 0.0436807 0.0434583 0.0432779 0.0431384 0.0430393 0.0429801 0.0429603 0.0429801 0.0430393 0.0431384 0.0432779 0.0434583 0.0436807 0.0439461 0.0442559 0.0446116 0.0450151 0.0454685 0.045974 0.0465343 0.0471524 0.0478314 0.0485747 0.0493862 0.0502697 0.0512296 0.0522702 0.0533959 0.0546111 0.0559202 0.0573272 0.0588355 0.0604478 0.0621658 0.06399 0.0659192 0.0679502 0.0700776 0.0722933 0.0745865 0.0769427 0.0793445 0.0817701 0.0841941 0.0865865 0.0889129 0.0911344 0.0932077 0.0950856 0.0967177 0.098052 0.0990364 0.099621 0.0997605 0.0994158 0.0985563 0.097161 0.0952189 0.0927296 0.0897037 0.0861642 0.0821471 0.0777034 0.0728988 0.0678119 0.0625299 0.0571423 0.0517354 0.0463886 0.0411743 0.0361602 0.031411 0.0269862 0.0229332 0.0192793 0.0160283 0.0131658 0.010671 0.00852643 0.00671909 0.00523222 0.00403602 0.00308634 0.00233291 0.00173101 0.00124887 0.000867548 0.000575423 0.000362159 0.000215406 0.000120795 6.37971e-05 3.17271e-05 1.48623e-05 6.56242e-06 2.73365e-06 1.07533e-06 3.99842e-07 1.40673e-07 4.68726e-08 1.48048e-08 4.43631e-09 1.26212e-09 3.40932e-10 8.65305e-11 1.66172e-11 
0 7.09798e-11 2.94689e-10 1.10512e-09 3.92686e-09 1.32461e-08 4.23886e-08 1.28576e-07 3.69328e-07 1.00364e-06 2.57757e-06 6.24955e-06 1.42903e-05 3.07871e-05 6.24439e-05 0.000119179 0.000214059 0.000362159 0.000578466 0.000875856 0.00126507 0.00175829 0.00237572 0.00315159 0.00413394 0.00537595 0.00692281 0.00880337 0.0110334 0.0136273 0.0166064 0.0199953 0.0238075 0.0280326 0.0326343 0.0375578 0.04274 0.0481144 0.05361 0.0591474 0.0646367 0.069981 0.0750824 0.0798502 0.0842064 0.0880884 0.0914491 0.0942552 0.0964865 0.0981351 0.0992056 0.099715 0.0996928 0.099179 0.0982221 0.0968764 0.0951987 0.0932463 0.0910744 0.0887349 0.0862757 0.0837403 0.0811674 0.0785909 0.0760402 0.0735401 0.0711111 0.0687694 0.0665273 0.0643936 0.0623737 0.0604704 0.0586843 0.0570138 0.0554562 0.0540076 0.0526634 0.0514185 0.0502675 0.0492052 0.0482262 0.0473253 0.0464978 0.0457389 0.0450443 0.0444101 0.0438324 0.043308 0.0428337 0.0424068 0.0420248 0.0416854 0.0413866 0.0411269 0.0409047 0.0407187 0.0405679 0.0404514 0.0403687 0.0403193 0.0403028 0.0403193 0.0403687 0.0404514 0.0405679 0.0407187 0.0409047 0.0411269 0.0413866 0.0416854 0.0420248 0.0424068 0.0428337 0.043308 0.0438324 0.0444101 0.0450443 0.0457389 0.0464978 0.0473253 0.0482262 0.0492052 0.0502675 0.0514185 0.0526634 0.0540076 0.0554562 0.0570138 0.0586843 0.0604704 0.0623737 0.0643936 0.0665273 0.0687694 0.0711111 0.0735401 0.0760402 0.0785909 0.0811674 0.0837403 0.0862757 0.0887349 0.0910744 0.0932463 0.0951987 0.0968764 0.0982221 0.099179 0.0996928 0.099715 0.0992056 0.0981351 0.0964865 0.0942552 0.0914491 0.0880884 0.0842064 0.0798502 0.0750824 0.069981 0.0646367 0.0591474 0.05361 0.0481144 0.04274 0.0375578 0.0326343 0.0280326 0.0238075 0.0199953 0.0166064 0.0136273 0.0110334 0.00880337 0.00692281 0.00537595 0.00413394 0.00315159 0.00237572 0.00175829 0.00126507 0.000875856 0.000578466 0.000362159 0.000214059 0.000119179 6.24439e-05 3.07871e-05 1.42903e-05 6.24955e-06 2.57757e-06 1.00364e-06 3.69328e-07 1.28576e-07 4.23886e-08 1.3246e-08 3.92669e-09 1.10437e-09 2.91643e-10 5.94179e-11 
