0 0 0 0 0 0 0 0 0 0 0 0 0 0 0 0 0 0 0 0 0 0 0 0 0 0 0 0 0 0 0 0 0 0 0 0 0 0 0 0 0 0 0 0 0 0 0 0 0 0 0 0 0 0 0 0 0 0 0 0 0 0 0 0 0 0 0 0 0 0 0 0 0 0 0 0 0 0 0 0 0 0 0 0 0 0 0 0 0 0 0 0 0 0 0 0 0 0 0 0 0 0 0 0 0 0 0 0 0 0 0 0 0 0 0 0 0 0 0 0 0 0 0 0 0 0 0 0 0 0 0 0 0 0 0 0 0 0 0 0 0 0 0 0 0 0 0 0 0 0 0 0 0 0 0 0 0 0 0 0 0 0 0 0 0 0 0 0 0 0 0 0 0 0 0 0 0 0 0 0 0 0 0 0 0 0 0 0 0 0 0 0 0 0 0 0 0 0 0 0 
0 1.25983e-09 4.32163e-09 1.3093e-08 3.7564e-08 1.02591e-07 2.66676e-07 6.59358e-07 1.54962e-06 3.45934e-06 7.33062e-06 1.4737e-05 2.80921e-05 5.07624e-05 8.69528e-05 0.000141258 0.000217885 0.00031978 0.000448113 0.000602648 0.000783292 0.000992458 0.00123724 0.00153004 0.00188666 0.00232226 0.0028466 0.00346076 0.00415694 0.00492142 0.00573913 0.0065975 0.00748789 0.00840387 0.00933767 0.0102765 0.0112004 0.0120829 0.0128939 0.0136035 0.0141855 0.0146201 0.0148946 0.0150021 0.0149403 0.0147099 0.0143132 0.0137543 0.0130394 0.0121773 0.0111801 0.0100637 0.00884724 0.0075524 0.00620242 0.00482076 0.00342991 0.00205051 0.000700613 -0.000604536 -0.00185262 -0.00303406 -0.00414175 -0.00517076 -0.00611795 -0.00698175 -0.00776193 -0.00845936 -0.00907592 -0.00961432 -0.010078 -0.0104712 -0.0107983 -0.0110645 -0.011275 -0.0114351 -0.0115503 -0.0116259 -0.0116672 -0.0116791 -0.0116662 -0.0116329 -0.0115832 -0.0115206 -0.0114484 -0.0113695 -0.0112865 -0.0112016 -0.0111168 -0.0110337 -0.0109539 -0.0108785 -0.0108086 -0.0107451 -0.0106888 -0.0106402 -0.0105998 -0.010568 -0.0105451 -0.0105312 -0.0105266 -0.0105312 -0.0105451 -0.010568 -0.0105998 -0.0106402 -0.0106888 -0.0107451 -0.0108086 -0.0108785 -0.0109539 -0.0110337 -0.0111168 -0.0112016 -0.0112865 -0.0113695 -0.0114484 -0.0115206 -0.0115832 -0.0116329 -0.0116662 -0.0116791 -0.0116672 -0.0116259 -0.0115503 -0.0114351 -0.011275 -0.0110645 -0.0107983 -0.0104712 -0.010078 -0.00961432 -0.00907592 -0.00845936 -0.00776193 -0.00698175 -0.00611795 -0.00517076 -0.00414175 -0.00303406 -0.00185262 -0.000604536 0.000700613 0.00205051 0.00342991 0.00482076 0.00620242 0.0075524 0.00884724 0.0100637 0.0111801 0.0121773 0.0130394 0.0137543 0.0143132 0.0147099 0.0149403 0.0150021 0.0148946 0.0146201 0.0141855 0.0136035 0.0128939 0.0120829 0.0112004 0.0102765 0.00933767 0.00840387 0.00748789 0.0065975 0.00573913 0.00492142 0.00415694 0.00346076 0.0028466 0.00232226 0.00188666 0.00153004 0.00123724 0.000992458 0.000783292 0.000602648 0.000448113 0.00031978 0.000217885 0.000141258 8.69528e-05 5.07624e-05 2.80921e-05 1.4737e-05 7.33062e-06 3.45934e-06 1.54962e-06 6.59358e-07 2.66675e-07 1.02589e-07 3.75577e-08 1.30716e-08 4.25413e-09 1.0601e-09 
0 4.32163e-09 1.44295e-08 4.23576e-08 1.17637e-07 3.10916e-07 7.82026e-07 1.87079e-06 4.25387e-06 9.18844e-06 1.88439e-05 3.66771e-05 6.77358e-05 0.000118705 0.000197495 0.000312284 0.000470202 0.000676189 0.000932822 0.00124172 0.00160645 0.00203595 0.00254653 0.003161 0.00390447 0.0047981 0.00585357 0.00707038 0.00843711 0.00993551 0.0115451 0.0132457 0.0150181 0.0168406 0.0186864 0.0205214 0.0223036 0.0239855 0.0255176 0.0268521 0.0279466 0.0287661 0.0292836 0.0294803 0.0293452 0.0288745 0.0280716 0.0269466 0.0255164 0.0238045 0.0218402 0.0196578 0.0172952 0.014793 0.0121924 0.00953399 0.00685686 0.00419714 0.00158752 -0.000943347 -0.00337104 -0.00567549 -0.00784093 -0.0098557 -0.011712 -0.0134054 -0.0149349 -0.0163021 -0.0175109 -0.0185673 -0.019479 -0.0202545 -0.0209035 -0.0214363 -0.0218632 -0.0221947 -0.0224413 -0.022613 -0.0227194 -0.0227696 -0.0227722 -0.0227351 -0.0226654 -0.0225699 -0.0224545 -0.0223247 -0.0221851 -0.0220402 -0.0218935 -0.0217484 -0.0216079 -0.0214742 -0.0213496 -0.0212359 -0.0211345 -0.0210468 -0.0209737 -0.020916 -0.0208744 -0.0208492 -0.0208408 -0.0208492 -0.0208744 -0.020916 -0.0209737 -0.0210468 -0.0211345 -0.0212359 -0.0213496 -0.0214742 -0.0216079 -0.0217484 -0.0218935 -0.0220402 -0.0221851 -0.0223247 -0.0224545 -0.0225699 -0.0226654 -0.0227351 -0.0227722 -0.0227696 -0.0227194 -0.022613 -0.0224413 -0.0221947 -0.0218632 -0.0214363 -0.0209035 -0.0202545 -0.019479 -0.0185673 -0.0175109 -0.0163021 -0.0149349 -0.0134054 -0.011712 -0.0098557 -0.00784093 -0.00567549 -0.00337104 -0.000943347 0.00158752 0.00419714 0.00685686 0.00953399 0.0121924 0.014793 0.0172952 0.0196578 0.0218402 0.0238045 0.0255164 0.0269466 0.0280716 0.0288745 0.0293452 0.0294803 0.0292836 0.0287661 0.0279466 0.0268521 0.0255176 0.0239855 0.0223036 0.0205214 0.0186864 0.0168406 0.0150181 0.0132457 0.0115451 0.00993551 0.00843711 0.00707038 0.00585357 0.0047981 0.00390447 0.003161 0.00254653 0.00203595 0.00160645 0.00124172 0.000932822 0.000676189 0.000470202 0.000312284 0.000197495 0.000118705 6.77358e-05 3.66771e-05 1.88439e-05 9.18844e-06 4.25387e-06 1.87079e-06 7.82024e-07 3.10909e-07 1.17615e-07 4.2287e-08 1.42174e-08 3.72921e-09 
0 1.3093e-08 4.23576e-08 1.19758e-07 3.19805e-07 8.12088e-07 1.96112e-06 4.50146e-06 9.81539e-06 2.03215e-05 3.99346e-05 7.4478e-05 0.000131848 0.000221701 0.00035454 0.000540371 0.000787483 0.00110216 0.00149 0.00195866 0.0025211 0.00319727 0.004013 0.00499586 0.00616968 0.00755024 0.00914364 0.0109475 0.0129534 0.015148 0.0175126 0.0200212 0.022638 0.0253173 0.0280045 0.0306398 0.0331614 0.0355083 0.0376223 0.0394483 0.0409353 0.0420369 0.042713 0.0429323 0.0426742 0.0419308 0.040708 0.0390244 0.0369106 0.0344064 0.0315587 0.028419 0.0250412 0.0214801 0.0177898 0.0140232 0.0102307 0.00645986 0.00275428 -0.000846643 -0.00430851 -0.00760227 -0.0107045 -0.0135976 -0.0162694 -0.0187131 -0.0209265 -0.0229118 -0.0246747 -0.0262236 -0.0275694 -0.0287245 -0.0297025 -0.0305175 -0.0311839 -0.0317163 -0.0321288 -0.0324349 -0.0326478 -0.0327797 -0.0328423 -0.0328461 -0.0328013 -0.0327167 -0.0326007 -0.0324608 -0.0323037 -0.0321355 -0.0319615 -0.0317863 -0.0316143 -0.031449 -0.0312935 -0.0311505 -0.0310224 -0.0309109 -0.0308177 -0.0307439 -0.0306906 -0.0306584 -0.0306476 -0.0306584 -0.0306906 -0.0307439 -0.0308177 -0.0309109 -0.0310224 -0.0311505 -0.0312935 -0.031449 -0.0316143 -0.0317863 -0.0319615 -0.0321355 -0.0323037 -0.0324608 -0.0326007 -0.0327167 -0.0328013 -0.0328461 -0.0328423 -0.0327797 -0.0326478 -0.0324349 -0.0321288 -0.0317163 -0.0311839 -0.0305175 -0.0297025 -0.0287245 -0.0275694 -0.0262236 -0.0246747 -0.0229118 -0.0209265 -0.0187131 -0.0162694 -0.0135976 -0.0107045 -0.00760227 -0.00430851 -0.000846643 0.00275428 0.00645986 0.0102307 0.0140232 0.0177898 0.0214801 0.0250412 0.028419 0.0315587 0.0344064 0.0369106 0.0390244 0.040708 0.0419308 0.0426742 0.0429323 0.042713 0.0420369 0.0409353 0.0394483 0.0376223 0.0355083 0.0331614 0.0306398 0.0280045 0.0253173 0.022638 0.0200212 0.0175126 0.015148 0.0129534 0.0109475 0.00914364 0.00755024 0.00616968 0.00499586 0.004013 0.00319727 0.0025211 0.00195866 0.00149 0.00110216 0.000787483 0.000540371 0.00035454 0.000221701 0.000131848 7.4478e-05 3.99346e-05 2.03215e-05 9.81539e-06 4.50146e-06 1.96111e-06 8.12067e-07 3.19738e-07 1.19557e-07 4.1795e-08 1.16469e-08 
0 3.7564e-08 1.17637e-07 3.19805e-07 8.19455e-07 1.99441e-06 4.61174e-06 1.01263e-05 2.11033e-05 4.17257e-05 7.82618e-05 0.000139278 0.000235353 0.000378165 0.000579172 0.000848481 0.00119482 0.00162723 0.00215811 0.00280628 0.00359784 0.00456358 0.00573351 0.00713118 0.00877073 0.0106579 0.0127939 0.015178 0.0178072 0.0206721 0.0237506 0.0270039 0.0303758 0.033797 0.0371908 0.0404793 0.0435877 0.0464454 0.0489863 0.0511473 0.0528695 0.0540991 0.0547905 0.05491 0.054438 0.0533709 0.0517214 0.0495167 0.046797 0.0436122 0.0400196 0.0360814 0.0318625 0.0274286 0.0228452 0.0181758 0.013481 0.00881735 0.00423662 -0.000215268 -0.00449858 -0.00858018 -0.0124336 -0.0160391 -0.019383 -0.0224574 -0.0252597 -0.027792 -0.0300598 -0.0320723 -0.033841 -0.0353793 -0.0367022 -0.0378253 -0.0387651 -0.039538 -0.0401604 -0.0406482 -0.0410169 -0.041281 -0.0414546 -0.0415506 -0.0415811 -0.0415572 -0.0414892 -0.0413862 -0.0412567 -0.0411083 -0.0409475 -0.0407805 -0.0406124 -0.0404479 -0.0402909 -0.040145 -0.0400129 -0.0398973 -0.0398 -0.0397228 -0.0396667 -0.0396327 -0.0396214 -0.0396327 -0.0396667 -0.0397228 -0.0398 -0.0398973 -0.0400129 -0.040145 -0.0402909 -0.0404479 -0.0406124 -0.0407805 -0.0409475 -0.0411083 -0.0412567 -0.0413862 -0.0414892 -0.0415572 -0.0415811 -0.0415506 -0.0414546 -0.041281 -0.0410169 -0.0406482 -0.0401604 -0.039538 -0.0387651 -0.0378253 -0.0367022 -0.0353793 -0.033841 -0.0320723 -0.0300598 -0.027792 -0.0252597 -0.0224574 -0.019383 -0.0160391 -0.0124336 -0.00858018 -0.00449858 -0.000215268 0.00423662 0.00881735 0.013481 0.0181758 0.0228452 0.0274286 0.0318625 0.0360814 0.0400196 0.0436122 0.046797 0.0495167 0.0517214 0.0533709 0.054438 0.05491 0.0547905 0.0540991 0.0528695 0.0511473 0.0489863 0.0464454 0.0435877 0.0404793 0.0371908 0.033797 0.0303758 0.0270039 0.0237506 0.0206721 0.0178072 0.015178 0.0127939 0.0106579 0.00877073 0.00713118 0.00573351 0.00456358 0.00359784 0.00280628 0.00215811 0.00162723 0.00119482 0.000848481 0.000579172 0.000378165 0.000235353 0.000139278 7.82618e-05 4.17257e-05 2.11033e-05 1.01263e-05 4.61172e-06 1.99435e-06 8.1927e-07 3.19286e-07 1.16303e-07 3.45297e-08 
0 1.02591e-07 3.10916e-07 8.12088e-07 1.99441e-06 4.64642e-06 1.02731e-05 2.15458e-05 4.28467e-05 8.07748e-05 0.000144381 0.000244867 0.000394622 0.000605841 0.00088946 0.0012554 0.00171474 0.00228342 0.00298545 0.0038532 0.00492349 0.00623048 0.00779914 0.00964285 0.0117663 0.014171 0.0168591 0.0198318 0.0230834 0.0265944 0.0303262 0.0342213 0.0382077 0.0422042 0.0461265 0.0498894 0.053409 0.0566031 0.0593928 0.0617046 0.0634737 0.0646475 0.0651874 0.0650706 0.06429 0.0628533 0.0607818 0.0581087 0.0548784 0.0511442 0.0469677 0.0424163 0.0375619 0.0324784 0.0272394 0.0219163 0.0165761 0.0112804 0.0060839 0.00103427 -0.00382835 -0.00847109 -0.012868 -0.0169998 -0.0208528 -0.0244189 -0.0276949 -0.0306816 -0.0333837 -0.035809 -0.0379679 -0.0398732 -0.0415391 -0.0429813 -0.0442161 -0.0452605 -0.0461314 -0.0468458 -0.0474201 -0.0478701 -0.048211 -0.048457 -0.0486214 -0.0487167 -0.0487543 -0.0487446 -0.0486971 -0.0486203 -0.0485221 -0.0484091 -0.0482876 -0.048163 -0.0480398 -0.0479221 -0.0478136 -0.0477169 -0.0476347 -0.0475688 -0.0475206 -0.0474914 -0.0474815 -0.0474914 -0.0475206 -0.0475688 -0.0476347 -0.0477169 -0.0478136 -0.0479221 -0.0480398 -0.048163 -0.0482876 -0.0484091 -0.0485221 -0.0486203 -0.0486971 -0.0487446 -0.0487543 -0.0487167 -0.0486214 -0.048457 -0.048211 -0.0478701 -0.0474201 -0.0468458 -0.0461314 -0.0452605 -0.0442161 -0.0429813 -0.0415391 -0.0398732 -0.0379679 -0.035809 -0.0333837 -0.0306816 -0.0276949 -0.0244189 -0.0208528 -0.0169998 -0.012868 -0.00847109 -0.00382835 0.00103427 0.0060839 0.0112804 0.0165761 0.0219163 0.0272394 0.0324784 0.0375619 0.0424163 0.0469677 0.0511442 0.0548784 0.0581087 0.0607818 0.0628533 0.06429 0.0650706 0.0651874 0.0646475 0.0634737 0.0617046 0.0593928 0.0566031 0.053409 0.0498894 0.0461265 0.0422042 0.0382077 0.0342213 0.0303262 0.0265944 0.0230834 0.0198318 0.0168591 0.014171 0.0117663 0.00964285 0.00779914 0.00623048 0.00492349 0.0038532 0.00298545 0.00228342 0.00171474 0.0012554 0.00088946 0.000605841 0.000394622 0.000244867 0.000144381 8.07748e-05 4.28467e-05 2.15458e-05 1.0273e-05 4.64625e-06 1.99394e-06 8.10882e-07 3.08201e-07 9.76522e-08 
0 2.66676e-07 7.82026e-07 1.96112e-06 4.61174e-06 1.02731e-05 2.16929e-05 4.34069e-05 8.22825e-05 0.000147775 0.000251608 0.000406736 0.000625874 0.000920417 0.00130087 0.00177953 0.00237468 0.00311415 0.00403529 0.00517985 0.00658572 0.00827988 0.0102767 0.0125824 0.0152012 0.018138 0.0213954 0.0249659 0.0288251 0.0329294 0.0372183 0.0416206 0.0460588 0.0504512 0.0547122 0.0587514 0.0624755 0.0657912 0.0686114 0.0708602 0.0724778 0.0734226 0.0736704 0.0732137 0.0720586 0.0702238 0.0677387 0.064643 0.0609857 0.0568249 0.052226 0.0472599 0.0420011 0.0365251 0.0309056 0.0252134 0.0195137 0.013866 0.00832262 0.00292916 -0.00227594 -0.00726095 -0.0120005 -0.0164754 -0.0206718 -0.0245809 -0.0281988 -0.0315253 -0.0345642 -0.0373221 -0.0398086 -0.0420351 -0.0440148 -0.0457623 -0.0472929 -0.0486226 -0.0497674 -0.0507433 -0.0515662 -0.0522514 -0.0528136 -0.0532668 -0.0536244 -0.0538987 -0.0541014 -0.0542433 -0.0543342 -0.054383 -0.0543982 -0.054387 -0.054356 -0.0543114 -0.0542581 -0.0542009 -0.0541437 -0.0540898 -0.0540419 -0.0540025 -0.053973 -0.0539549 -0.0539488 -0.0539549 -0.053973 -0.0540025 -0.0540419 -0.0540898 -0.0541437 -0.0542009 -0.0542581 -0.0543114 -0.054356 -0.054387 -0.0543982 -0.054383 -0.0543342 -0.0542433 -0.0541014 -0.0538987 -0.0536244 -0.0532668 -0.0528136 -0.0522514 -0.0515662 -0.0507433 -0.0497674 -0.0486226 -0.0472929 -0.0457623 -0.0440148 -0.0420351 -0.0398086 -0.0373221 -0.0345642 -0.0315253 -0.0281988 -0.0245809 -0.0206718 -0.0164754 -0.0120005 -0.00726095 -0.00227594 0.00292916 0.00832262 0.013866 0.0195137 0.0252134 0.0309056 0.0365251 0.0420011 0.0472599 0.052226 0.0568249 0.0609857 0.064643 0.0677387 0.0702238 0.0720586 0.0732137 0.0736704 0.0734226 0.0724778 0.0708602 0.0686114 0.0657912 0.0624755 0.0587514 0.0547122 0.0504512 0.0460588 0.0416206 0.0372183 0.0329294 0.0288251 0.0249659 0.0213954 0.018138 0.0152012 0.0125824 0.0102767 0.00827988 0.00658572 0.00517985 0.00403529 0.00311415 0.00237468 0.00177953 0.00130087 0.000920417 0.000625874 0.000406736 0.000251608 0.000147775 8.22825e-05 4.34068e-05 2.16927e-05 1.02727e-05 4.61067e-06 1.95874e-06 7.77872e-07 2.63437e-07 
0 6.59358e-07 1.87079e-06 4.50146e-06 1.01263e-05 2.15458e-05 4.34069e-05 8.27887e-05 0.00014949 0.000255699 0.000414897 0.000640281 0.00094363 0.00133588 0.00183015 0.0024465 0.00321573 0.00417892 0.00538139 0.00686333 0.0086527 0.0107649 0.0132085 0.0159925 0.0191267 0.0226158 0.0264495 0.0305962 0.0350036 0.0396055 0.0443285 0.0490964 0.0538299 0.0584439 0.0628464 0.06694 0.070627 0.0738162 0.0764287 0.0784022 0.0796916 0.0802696 0.0801244 0.0792586 0.0776881 0.0754411 0.0725576 0.0690876 0.0650899 0.0606295 0.0557755 0.0505986 0.0451693 0.0395561 0.0338245 0.028036 0.0222477 0.0165117 0.010875 0.00537897 5.95248e-05 -0.00505325 -0.00993498 -0.0145668 -0.0189352 -0.0230315 -0.0268514 -0.0303945 -0.0336638 -0.036665 -0.0394061 -0.041897 -0.044149 -0.0461743 -0.0479859 -0.0495974 -0.0510226 -0.0522751 -0.0533689 -0.0543173 -0.0551335 -0.0558302 -0.0564197 -0.0569135 -0.0573226 -0.0576575 -0.0579277 -0.0581422 -0.0583093 -0.0584364 -0.0585305 -0.0585978 -0.0586437 -0.0586731 -0.0586903 -0.0586988 -0.0587017 -0.0587014 -0.0586999 -0.0586985 -0.0586979 -0.0586985 -0.0586999 -0.0587014 -0.0587017 -0.0586988 -0.0586903 -0.0586731 -0.0586437 -0.0585978 -0.0585305 -0.0584364 -0.0583093 -0.0581422 -0.0579277 -0.0576575 -0.0573226 -0.0569135 -0.0564197 -0.0558302 -0.0551335 -0.0543173 -0.0533689 -0.0522751 -0.0510226 -0.0495974 -0.0479859 -0.0461743 -0.044149 -0.041897 -0.0394061 -0.036665 -0.0336638 -0.0303945 -0.0268514 -0.0230315 -0.0189352 -0.0145668 -0.00993498 -0.00505325 5.95248e-05 0.00537897 0.010875 0.0165117 0.0222477 0.028036 0.0338245 0.0395561 0.0451693 0.0505986 0.0557755 0.0606295 0.0650899 0.0690876 0.0725576 0.0754411 0.0776881 0.0792586 0.0801244 0.0802696 0.0796916 0.0784022 0.0764287 0.0738162 0.070627 0.06694 0.0628464 0.0584439 0.0538299 0.0490964 0.0443285 0.0396055 0.0350036 0.0305962 0.0264495 0.0226158 0.0191267 0.0159925 0.0132085 0.0107649 0.0086527 0.00686333 0.00538139 0.00417892 0.00321573 0.0024465 0.00183015 0.00133588 0.00094363 0.000640281 0.000414897 0.000255699 0.00014949 8.27886e-05 4.34065e-05 2.15449e-05 1.01243e-05 4.49807e-06 1.86917e-06 6.77652e-07 
0 1.54962e-06 4.25387e-06 9.81539e-06 2.11033e-05 4.28467e-05 8.22825e-05 0.00014949 0.000257074 0.000419021 0.000649024 0.000959272 0.0013611 0.00186834 0.00250252 0.00329693 0.00429579 0.0055471 0.00709236 0.0089595 0.011164 0.0137167 0.0166312 0.0199225 0.0235973 0.0276425 0.0320201 0.036671 0.0415242 0.046504 0.0515324 0.0565269 0.0613973 0.0660463 0.0703738 0.0742834 0.0776889 0.0805182 0.0827143 0.084235 0.0850518 0.0851495 0.0845267 0.0831965 0.0811862 0.0785371 0.0753015 0.07154 0.0673185 0.0627045 0.0577648 0.0525642 0.0471644 0.0416236 0.0359965 0.0303341 0.0246836 0.0190885 0.0135878 0.00821601 0.0030031 -0.00202592 -0.00685074 -0.0114556 -0.0158288 -0.0199627 -0.0238529 -0.0274979 -0.0308989 -0.0340592 -0.0369838 -0.0396794 -0.0421539 -0.0444161 -0.0464756 -0.048343 -0.0500288 -0.0515442 -0.0529004 -0.0541087 -0.0551802 -0.0561259 -0.0569564 -0.0576821 -0.058313 -0.0588583 -0.0593271 -0.0597277 -0.0600678 -0.0603546 -0.0605949 -0.0607944 -0.0609587 -0.0610925 -0.0612001 -0.061285 -0.0613504 -0.0613987 -0.0614318 -0.0614511 -0.0614575 -0.0614511 -0.0614318 -0.0613987 -0.0613504 -0.061285 -0.0612001 -0.0610925 -0.0609587 -0.0607944 -0.0605949 -0.0603546 -0.0600678 -0.0597277 -0.0593271 -0.0588583 -0.058313 -0.0576821 -0.0569564 -0.0561259 -0.0551802 -0.0541087 -0.0529004 -0.0515442 -0.0500288 -0.048343 -0.0464756 -0.0444161 -0.0421539 -0.0396794 -0.0369838 -0.0340592 -0.0308989 -0.0274979 -0.0238529 -0.0199627 -0.0158288 -0.0114556 -0.00685074 -0.00202592 0.0030031 0.00821601 0.0135878 0.0190885 0.0246836 0.0303341 0.0359965 0.0416236 0.0471644 0.0525642 0.0577648 0.0627045 0.0673185 0.07154 0.0753015 0.0785371 0.0811862 0.0831965 0.0845267 0.0851495 0.0850518 0.084235 0.0827143 0.0805182 0.0776889 0.0742834 0.0703738 0.0660463 0.0613973 0.0565269 0.0515324 0.046504 0.0415242 0.036671 0.0320201 0.0276425 0.0235973 0.0199225 0.0166312 0.0137167 0.011164 0.0089595 0.00709236 0.0055471 0.00429579 0.00329693 0.00250252 0.00186834 0.0013611 0.000959272 0.000649024 0.000419021 0.000257074 0.00014949 8.22817e-05 4.2845e-05 2.11006e-05 9.8152e-06 4.27465e-06 1.66147e-06 
0 3.45934e-06 9.18844e-06 2.03215e-05 4.17257e-05 8.07748e-05 0.000147775 0.000255699 0.000419021 0.000651957 0.000967159 0.00137637 0.00189405 0.00254299 0.00335864 0.00438797 0.00568138 0.00728131 0.00921526 0.0114984 0.0141433 0.0171675 0.0205899 0.0244178 0.0286343 0.0331953 0.0380371 0.0430872 0.0482697 0.0535043 0.058702 0.0637635 0.0685829 0.0730556 0.0770866 0.0805962 0.0835208 0.0858116 0.0874328 0.08836 0.0885814 0.0880985 0.0869278 0.0851003 0.0826596 0.0796591 0.0761585 0.0722207 0.0679088 0.0632848 0.0584083 0.0533359 0.048121 0.0428131 0.037458 0.0320971 0.0267675 0.0215016 0.0163276 0.0112695 0.00634768 0.00157901 -0.0030225 -0.00744541 -0.0116806 -0.015721 -0.0195614 -0.0231986 -0.0266309 -0.0298582 -0.0328822 -0.0357055 -0.0383326 -0.0407685 -0.0430196 -0.045093 -0.0469962 -0.0487375 -0.0503254 -0.0517687 -0.053076 -0.0542562 -0.0553181 -0.0562701 -0.0571205 -0.0578773 -0.0585481 -0.0591402 -0.0596603 -0.0601149 -0.06051 -0.0608508 -0.0611424 -0.0613892 -0.0615952 -0.0617637 -0.0618976 -0.0619993 -0.0620706 -0.0621129 -0.0621269 -0.0621129 -0.0620706 -0.0619993 -0.0618976 -0.0617637 -0.0615952 -0.0613892 -0.0611424 -0.0608508 -0.06051 -0.0601149 -0.0596603 -0.0591402 -0.0585481 -0.0578773 -0.0571205 -0.0562701 -0.0553181 -0.0542562 -0.053076 -0.0517687 -0.0503254 -0.0487375 -0.0469962 -0.045093 -0.0430196 -0.0407685 -0.0383326 -0.0357055 -0.0328822 -0.0298582 -0.0266309 -0.0231986 -0.0195614 -0.015721 -0.0116806 -0.00744541 -0.0030225 0.00157901 0.00634768 0.0112695 0.0163276 0.0215016 0.0267675 0.0320971 0.037458 0.0428131 0.048121 0.0533359 0.0584083 0.0632848 0.0679088 0.0722207 0.0761585 0.0796591 0.0826596 0.0851003 0.0869278 0.0880985 0.0885814 0.08836 0.0874328 0.0858116 0.0835208 0.0805962 0.0770866 0.0730556 0.0685829 0.0637635 0.058702 0.0535043 0.0482697 0.0430872 0.0380371 0.0331953 0.0286343 0.0244178 0.0205899 0.0171675 0.0141433 0.0114984 0.00921526 0.00728131 0.00568138 0.00438797 0.00335864 0.00254299 0.00189405 0.00137637 0.000967159 0.000651957 0.000419021 0.000255699 0.000147774 8.07728e-05 4.17267e-05 2.0344e-05 9.30127e-06 3.88124e-06 
0 7.33062e-06 1.88439e-05 3.99346e-05 7.82618e-05 0.000144381 0.000251608 0.000414897 0.000649024 0.000967159 0.00138149 0.001907 0.00256749 0.00340029 0.00445485 0.00578382 0.00743067 0.00942257 0.0117744 0.0145004 0.0176213 0.0211588 0.0251193 0.0294805 0.034192 0.0391865 0.0443919 0.0497329 0.0551266 0.0604765 0.0656736 0.0706043 0.0751609 0.0792503 0.0827969 0.0857418 0.0880405 0.0896612 0.0905855 0.09081 0.0903473 0.0892254 0.0874852 0.0851772 0.0823571 0.0790833 0.0754141 0.0714072 0.0671188 0.0626034 0.057913 0.0530964 0.0481985 0.0432594 0.038314 0.033392 0.0285178 0.0237117 0.0189903 0.0143674 0.00985463 0.00546216 0.00119892 -0.00292712 -0.00690891 -0.0107403 -0.0144161 -0.0179321 -0.0212854 -0.0244739 -0.0274968 -0.0303543 -0.0330475 -0.0355786 -0.0379504 -0.0401665 -0.0422313 -0.0441494 -0.0459261 -0.0475669 -0.0490779 -0.0504649 -0.0517342 -0.0528921 -0.0539447 -0.0548983 -0.0557588 -0.0565321 -0.0572238 -0.0578393 -0.0583835 -0.0588613 -0.0592767 -0.0596339 -0.0599363 -0.0601869 -0.0603883 -0.0605428 -0.0606519 -0.0607169 -0.0607384 -0.0607169 -0.0606519 -0.0605428 -0.0603883 -0.0601869 -0.0599363 -0.0596339 -0.0592767 -0.0588613 -0.0583835 -0.0578393 -0.0572238 -0.0565321 -0.0557588 -0.0548983 -0.0539447 -0.0528921 -0.0517342 -0.0504649 -0.0490779 -0.0475669 -0.0459261 -0.0441494 -0.0422313 -0.0401665 -0.0379504 -0.0355786 -0.0330475 -0.0303543 -0.0274968 -0.0244739 -0.0212854 -0.0179321 -0.0144161 -0.0107403 -0.00690891 -0.00292712 0.00119892 0.00546216 0.00985463 0.0143674 0.0189903 0.0237117 0.0285178 0.033392 0.038314 0.0432594 0.0481985 0.0530964 0.057913 0.0626034 0.0671188 0.0714072 0.0754141 0.0790833 0.0823571 0.0851772 0.0874852 0.0892254 0.0903473 0.09081 0.0905855 0.0896612 0.0880405 0.0857418 0.0827969 0.0792503 0.0751609 0.0706043 0.0656736 0.0604765 0.0551266 0.0497329 0.0443919 0.0391865 0.034192 0.0294805 0.0251193 0.0211588 0.0176213 0.0145004 0.0117744 0.00942257 0.00743067 0.00578382 0.00445485 0.00340029 0.00256749 0.001907 0.00138149 0.000967158 0.000649023 0.000414896 0.000251607 0.000144383 7.82851e-05 4.00457e-05 1.92539e-05 8.63587e-06 
0 1.4737e-05 3.66771e-05 7.4478e-05 0.000139278 0.000244867 0.000406736 0.000640281 0.000959272 0.00137637 0.001907 0.00257571 0.00342128 0.00449543 0.00585306 0.00753891 0.00958019 0.0119917 0.0147892 0.0179966 0.0216377 0.0257166 0.0302051 0.0350461 0.0401698 0.0455045 0.0509749 0.0564931 0.0619539 0.0672395 0.0722318 0.0768236 0.0809252 0.0844638 0.0873815 0.0896335 0.0911895 0.0920368 0.092182 0.0916511 0.0904861 0.0887401 0.0864718 0.0837421 0.0806112 0.0771376 0.0733777 0.0693859 0.0652134 0.0609079 0.0565122 0.0520637 0.047594 0.0431287 0.0386886 0.0342899 0.0299455 0.0256657 0.0214593 0.0173334 0.0132944 0.00934818 0.00549979 0.0017539 -0.00188524 -0.00541379 -0.00882826 -0.0121255 -0.0153025 -0.0183569 -0.0212863 -0.0240889 -0.0267633 -0.0293086 -0.0317244 -0.0340107 -0.0361683 -0.0381986 -0.0401033 -0.0418849 -0.0435462 -0.0450906 -0.0465216 -0.0478431 -0.0490594 -0.0501745 -0.051193 -0.052119 -0.0529568 -0.0537106 -0.0543843 -0.0549817 -0.0555063 -0.0559612 -0.0563495 -0.0566735 -0.0569356 -0.0571376 -0.0572808 -0.0573663 -0.0573948 -0.0573663 -0.0572808 -0.0571376 -0.0569356 -0.0566735 -0.0563495 -0.0559612 -0.0555063 -0.0549817 -0.0543843 -0.0537106 -0.0529568 -0.052119 -0.051193 -0.0501745 -0.0490594 -0.0478431 -0.0465216 -0.0450906 -0.0435462 -0.0418849 -0.0401033 -0.0381986 -0.0361683 -0.0340107 -0.0317244 -0.0293086 -0.0267633 -0.0240889 -0.0212863 -0.0183569 -0.0153025 -0.0121255 -0.00882826 -0.00541379 -0.00188524 0.0017539 0.00549979 0.00934818 0.0132944 0.0173334 0.0214593 0.0256657 0.0299455 0.0342899 0.0386886 0.0431287 0.047594 0.0520637 0.0565122 0.0609079 0.0652134 0.0693859 0.0733777 0.0771376 0.0806112 0.0837421 0.0864718 0.0887401 0.0904861 0.0916511 0.092182 0.0920368 0.0911895 0.0896335 0.0873815 0.0844638 0.0809252 0.0768236 0.0722318 0.0672395 0.0619539 0.0564931 0.0509749 0.0455045 0.0401698 0.0350461 0.0302051 0.0257166 0.0216377 0.0179966 0.0147892 0.0119917 0.00958019 0.00753891 0.00585306 0.00449543 0.00342128 0.00257571 0.00190699 0.00137637 0.000959271 0.00064028 0.000406739 0.00024489 0.000139385 7.48688e-05 3.792e-05 1.82979e-05 
0 2.80921e-05 6.77358e-05 0.000131848 0.000235353 0.000394622 0.000625874 0.00094363 0.0013611 0.00189405 0.00256749 0.00342128 0.00450903 0.00588797 0.0076045 0.00968637 0.0121486 0.0150083 0.0182922 0.0220258 0.0262112 0.0308136 0.0357701 0.0410088 0.0464584 0.0520419 0.0576637 0.0632081 0.0685497 0.0735687 0.0781611 0.0822406 0.0857361 0.0885881 0.0907512 0.0921977 0.0929218 0.0929414 0.0922943 0.0910331 0.0892192 0.0869177 0.084195 0.0811165 0.0777463 0.0741462 0.0703734 0.0664798 0.0625101 0.0585009 0.054481 0.0504723 0.0464905 0.0425472 0.0386507 0.034807 0.031021 0.0272961 0.0236352 0.0200404 0.0165131 0.0130545 0.00966544 0.00634706 0.00310057 -7.23515e-05 -0.00316956 -0.0061884 -0.00912579 -0.0119783 -0.0147424 -0.0174145 -0.0199911 -0.022469 -0.0248455 -0.0271183 -0.0292856 -0.0313463 -0.0332998 -0.0351459 -0.0368853 -0.0385188 -0.0400478 -0.0414742 -0.0427998 -0.0440272 -0.0451587 -0.0461969 -0.0471446 -0.0480045 -0.0487792 -0.0494713 -0.0500832 -0.0506173 -0.0510756 -0.0514601 -0.0517724 -0.0520139 -0.0521856 -0.0522882 -0.0523224 -0.0522882 -0.0521856 -0.0520139 -0.0517724 -0.0514601 -0.0510756 -0.0506173 -0.0500832 -0.0494713 -0.0487792 -0.0480045 -0.0471446 -0.0461969 -0.0451587 -0.0440272 -0.0427998 -0.0414742 -0.0400478 -0.0385188 -0.0368853 -0.0351459 -0.0332998 -0.0313463 -0.0292856 -0.0271183 -0.0248455 -0.022469 -0.0199911 -0.0174145 -0.0147424 -0.0119783 -0.00912579 -0.0061884 -0.00316956 -7.23515e-05 0.00310057 0.00634706 0.00966544 0.0130545 0.0165131 0.0200404 0.0236352 0.0272961 0.031021 0.034807 0.0386507 0.0425472 0.0464905 0.0504723 0.054481 0.0585009 0.0625101 0.0664798 0.0703734 0.0741462 0.0777463 0.0811165 0.084195 0.0869177 0.0892192 0.0910331 0.0922943 0.0929414 0.0929218 0.0921977 0.0907512 0.0885881 0.0857361 0.0822406 0.0781611 0.0735687 0.0685497 0.0632081 0.0576637 0.0520419 0.0464584 0.0410088 0.0357701 0.0308136 0.0262112 0.0220258 0.0182922 0.0150083 0.0121486 0.00968637 0.0076045 0.00588797 0.00450903 0.00342128 0.00256749 0.00189405 0.0013611 0.000943633 0.000625897 0.000394722 0.000235718 0.000133011 7.10805e-05 3.69165e-05 
0 5.07624e-05 0.000118705 0.000221701 0.000378165 0.000605841 0.000920417 0.00133588 0.00186834 0.00254299 0.00340029 0.00449543 0.00588797 0.00762648 0.0097398 0.0122434 0.0151556 0.0185055 0.0223203 0.0266002 0.0313047 0.0363657 0.0417096 0.0472657 0.0529533 0.0586671 0.0642799 0.0696602 0.0746884 0.0792638 0.0833019 0.0867298 0.0894863 0.0915266 0.0928293 0.0933993 0.0932656 0.0924756 0.0910884 0.0891697 0.0867885 0.0840167 0.0809268 0.0775909 0.0740773 0.0704481 0.0667561 0.0630441 0.0593442 0.0556794 0.0520653 0.0485114 0.0450231 0.0416027 0.0382504 0.0349644 0.0317419 0.028579 0.0254714 0.0224147 0.0194051 0.0164392 0.0135151 0.0106317 0.00778938 0.00498948 0.00223436 -0.000472882 -0.00312856 -0.00572863 -0.00826889 -0.0107451 -0.013153 -0.0154888 -0.0177486 -0.0199291 -0.0220272 -0.0240402 -0.0259661 -0.0278027 -0.0295489 -0.0312035 -0.032766 -0.0342361 -0.0356138 -0.0368997 -0.0380944 -0.0391988 -0.040214 -0.0411412 -0.0419817 -0.0427369 -0.0434082 -0.0439968 -0.0445042 -0.0449313 -0.0452793 -0.045549 -0.0457411 -0.0458562 -0.0458945 -0.0458562 -0.0457411 -0.045549 -0.0452793 -0.0449313 -0.0445042 -0.0439968 -0.0434082 -0.0427369 -0.0419817 -0.0411412 -0.040214 -0.0391988 -0.0380944 -0.0368997 -0.0356138 -0.0342361 -0.032766 -0.0312035 -0.0295489 -0.0278027 -0.0259661 -0.0240402 -0.0220272 -0.0199291 -0.0177486 -0.0154888 -0.013153 -0.0107451 -0.00826889 -0.00572863 -0.00312856 -0.000472882 0.00223436 0.00498948 0.00778938 0.0106317 0.0135151 0.0164392 0.0194051 0.0224147 0.0254714 0.028579 0.0317419 0.0349644 0.0382504 0.0416027 0.0450231 0.0485114 0.0520653 0.0556794 0.0593442 0.0630441 0.0667561 0.0704481 0.0740773 0.0775909 0.0809268 0.0840167 0.0867885 0.0891697 0.0910884 0.0924756 0.0932656 0.0933993 0.0928293 0.0915266 0.0894863 0.0867298 0.0833019 0.0792638 0.0746884 0.0696602 0.0642799 0.0586671 0.0529533 0.0472657 0.0417096 0.0363657 0.0313047 0.0266002 0.0223203 0.0185055 0.0151556 0.0122434 0.0097398 0.00762648 0.00588797 0.00449543 0.00340029 0.00254299 0.00186834 0.0013359 0.00092051 0.000606176 0.000379235 0.000224791 0.00012691 7.0926e-05 
0 8.69528e-05 0.000197495 0.00035454 0.000579172 0.00088946 0.00130087 0.00183015 0.00250252 0.00335864 0.00445485 0.00585306 0.0076045 0.0097398 0.0122751 0.0152296 0.0186343 0.0225184 0.0268805 0.0316758 0.0368313 0.0422725 0.0479287 0.0537145 0.0595134 0.0651872 0.0705997 0.0756332 0.0801886 0.0841794 0.0875283 0.0901719 0.0920692 0.0932085 0.0936065 0.0933026 0.0923509 0.0908145 0.0887627 0.0862699 0.0834149 0.0802781 0.0769382 0.0734678 0.0699298 0.066376 0.0628469 0.0593722 0.0559734 0.0526643 0.0494532 0.0463431 0.0433327 0.0404169 0.0375878 0.0348354 0.0321486 0.0295165 0.0269289 0.024377 0.021854 0.019355 0.0168768 0.014418 0.0119787 0.00955972 0.0071632 0.00479173 0.0024485 0.000137074 -0.00213866 -0.00437459 -0.00656647 -0.00870995 -0.0108007 -0.0128345 -0.0148072 -0.0167151 -0.0185543 -0.0203218 -0.0220146 -0.0236302 -0.0251664 -0.0266214 -0.0279939 -0.0292829 -0.0304875 -0.0316074 -0.0326423 -0.0335924 -0.0344576 -0.0352385 -0.0359354 -0.0365487 -0.0370789 -0.0375266 -0.0378922 -0.0381761 -0.0383787 -0.0385001 -0.0385405 -0.0385001 -0.0383787 -0.0381761 -0.0378922 -0.0375266 -0.0370789 -0.0365487 -0.0359354 -0.0352385 -0.0344576 -0.0335924 -0.0326423 -0.0316074 -0.0304875 -0.0292829 -0.0279939 -0.0266214 -0.0251664 -0.0236302 -0.0220146 -0.0203218 -0.0185543 -0.0167151 -0.0148072 -0.0128345 -0.0108007 -0.00870995 -0.00656647 -0.00437459 -0.00213866 0.000137074 0.0024485 0.00479173 0.0071632 0.00955972 0.0119787 0.014418 0.0168768 0.019355 0.021854 0.024377 0.0269289 0.0295165 0.0321486 0.0348354 0.0375878 0.0404169 0.0433327 0.0463431 0.0494532 0.0526643 0.0559734 0.0593722 0.0628469 0.066376 0.0699298 0.0734678 0.0769382 0.0802781 0.0834149 0.0862699 0.0887627 0.0908145 0.0923509 0.0933026 0.0936065 0.0932085 0.0920692 0.0901719 0.0875283 0.0841794 0.0801886 0.0756332 0.0705997 0.0651872 0.0595134 0.0537145 0.0479287 0.0422725 0.0368313 0.0316758 0.0268805 0.0225184 0.0186343 0.0152296 0.0122751 0.0097398 0.0076045 0.00585305 0.00445485 0.00335864 0.00250254 0.00183023 0.00130118 0.000890426 0.00058198 0.000362049 0.000216099 0.000129811 
0 0.000141258 0.000312284 0.000540371 0.000848481 0.0012554 0.00177953 0.0024465 0.00329693 0.00438797 0.00578382 0.00753891 0.00968637 0.0122434 0.0152296 0.0186774 0.0226179 0.0270497 0.0319244 0.0371652 0.0426962 0.0484465 0.0543254 0.0602051 0.065937 0.071382 0.0764247 0.0809656 0.084912 0.0881806 0.0907073 0.0924578 0.0934309 0.0936541 0.0931734 0.0920471 0.0903423 0.0881346 0.085507 0.0825474 0.0793436 0.0759781 0.0725234 0.0690405 0.0655782 0.0621752 0.0588609 0.0556571 0.0525784 0.0496328 0.0468217 0.0441405 0.04158 0.0391274 0.0367679 0.0344864 0.032268 0.0300994 0.0279691 0.0258672 0.0237859 0.0217192 0.0196623 0.0176121 0.0155666 0.0135252 0.0114882 0.00945706 0.00743418 0.00542269 0.00342643 0.00144975 -0.00050266 -0.00242585 -0.00431485 -0.00616468 -0.00797053 -0.00972779 -0.0114321 -0.0130796 -0.0146664 -0.0161893 -0.0176453 -0.0190317 -0.0203464 -0.0215872 -0.0227526 -0.0238411 -0.0248516 -0.0257831 -0.026635 -0.0274066 -0.0280975 -0.0287075 -0.0292364 -0.0296839 -0.0300502 -0.030335 -0.0305385 -0.0306605 -0.0307012 -0.0306605 -0.0305385 -0.030335 -0.0300502 -0.0296839 -0.0292364 -0.0287075 -0.0280975 -0.0274066 -0.026635 -0.0257831 -0.0248516 -0.0238411 -0.0227526 -0.0215872 -0.0203464 -0.0190317 -0.0176453 -0.0161893 -0.0146664 -0.0130796 -0.0114321 -0.00972779 -0.00797053 -0.00616468 -0.00431485 -0.00242585 -0.00050266 0.00144975 0.00342643 0.00542269 0.00743418 0.00945706 0.0114882 0.0135252 0.0155666 0.0176121 0.0196623 0.0217192 0.0237859 0.0258672 0.0279691 0.0300994 0.032268 0.0344864 0.0367679 0.0391274 0.04158 0.0441405 0.0468217 0.0496328 0.0525784 0.0556571 0.0588609 0.0621752 0.0655782 0.0690405 0.0725234 0.0759781 0.0793436 0.0825474 0.085507 0.0881346 0.0903423 0.0920471 0.0931734 0.0936541 0.0934309 0.0924578 0.0907073 0.0881806 0.084912 0.0809656 0.0764247 0.071382 0.065937 0.0602051 0.0543254 0.0484465 0.0426962 0.0371652 0.0319244 0.0270497 0.0226179 0.0186774 0.0152296 0.0122434 0.00968637 0.00753891 0.00578383 0.00438799 0.00329701 0.00244677 0.00178039 0.00125791 0.000855246 0.000557279 0.0003516 0.000226489 
0 0.000217885 0.000470202 0.000787483 0.00119482 0.00171474 0.00237468 0.00321573 0.00429579 0.00568138 0.00743067 0.00958019 0.0121486 0.0151556 0.0186343 0.0226179 0.0271063 0.0320492 0.0373661 0.0429795 0.0488177 0.0547849 0.0607427 0.0665327 0.0720143 0.0770744 0.0816099 0.0855193 0.0887129 0.0911292 0.092742 0.0935598 0.0936166 0.0929617 0.0916561 0.0897729 0.0873974 0.0846235 0.0815482 0.0782644 0.074855 0.0713909 0.0679308 0.0645226 0.0612049 0.058008 0.0549539 0.052056 0.0493196 0.0467424 0.0443162 0.0420285 0.0398645 0.0378083 0.0358443 0.0339574 0.0321337 0.0303602 0.0286249 0.0269169 0.0252266 0.0235458 0.0218677 0.0201871 0.0185006 0.0168063 0.0151041 0.0133949 0.0116809 0.00996519 0.00825161 0.00654435 0.00484799 0.00316726 0.00150694 -0.000128197 -0.00173348 -0.00330435 -0.00483644 -0.00632556 -0.00776775 -0.0091593 -0.0104967 -0.0117768 -0.0129966 -0.0141534 -0.0152447 -0.0162685 -0.0172227 -0.0181058 -0.0189161 -0.0196524 -0.0203138 -0.0208991 -0.0214078 -0.0218392 -0.0221927 -0.0224681 -0.022665 -0.0227832 -0.0228226 -0.0227832 -0.022665 -0.0224681 -0.0221927 -0.0218392 -0.0214078 -0.0208991 -0.0203138 -0.0196524 -0.0189161 -0.0181058 -0.0172227 -0.0162685 -0.0152447 -0.0141534 -0.0129966 -0.0117768 -0.0104967 -0.0091593 -0.00776775 -0.00632556 -0.00483644 -0.00330435 -0.00173348 -0.000128197 0.00150694 0.00316726 0.00484799 0.00654435 0.00825161 0.00996519 0.0116809 0.0133949 0.0151041 0.0168063 0.0185006 0.0201871 0.0218677 0.0235458 0.0252266 0.0269169 0.0286249 0.0303602 0.0321337 0.0339574 0.0358443 0.0378083 0.0398645 0.0420285 0.0443162 0.0467424 0.0493196 0.052056 0.0549539 0.058008 0.0612049 0.0645226 0.0679308 0.0713909 0.074855 0.0782644 0.0815482 0.0846235 0.0873974 0.0897729 0.0916561 0.0929617 0.0936166 0.0935598 0.092742 0.0911292 0.0887129 0.0855193 0.0816099 0.0770744 0.0720143 0.0665327 0.0607427 0.0547849 0.0488177 0.0429795 0.0373661 0.0320492 0.0271063 0.0226179 0.0186343 0.0151556 0.0121486 0.00958019 0.00743069 0.00568145 0.00429602 0.00321648 0.00237688 0.00172074 0.00120996 0.00082303 0.000548065 0.00037715 
0 0.00031978 0.000676189 0.00110216 0.00162723 0.00228342 0.00311415 0.00417892 0.0055471 0.00728131 0.00942257 0.0119917 0.0150083 0.0185055 0.0225184 0.0270497 0.0320492 0.0374332 0.0431214 0.049041 0.0550919 0.0611263 0.0669768 0.0725015 0.0775885 0.0821294 0.0860116 0.0891404 0.0914596 0.0929523 0.0936328 0.0935373 0.0927166 0.0912351 0.0891752 0.0866341 0.0837156 0.0805228 0.0771503 0.07368 0.0701822 0.0667165 0.0633327 0.0600712 0.0569627 0.0540265 0.0512723 0.0487001 0.0463033 0.0440707 0.0419886 0.0400422 0.0382167 0.0364971 0.0348689 0.0333173 0.031828 0.0303872 0.0289819 0.0276003 0.0262324 0.0248699 0.0235061 0.0221365 0.0207579 0.0193685 0.0179679 0.0165566 0.0151358 0.0137074 0.012274 0.0108385 0.0094043 0.00797502 0.00655464 0.00514729 0.00375724 0.00238885 0.00104644 -0.000265651 -0.00154328 -0.00278235 -0.00397905 -0.00512969 -0.00623088 -0.00727943 -0.00827244 -0.00920725 -0.0100814 -0.0108929 -0.0116396 -0.0123199 -0.0129322 -0.0134754 -0.0139483 -0.0143499 -0.0146795 -0.0149365 -0.0151204 -0.0152309 -0.0152677 -0.0152309 -0.0151204 -0.0149365 -0.0146795 -0.0143499 -0.0139483 -0.0134754 -0.0129322 -0.0123199 -0.0116396 -0.0108929 -0.0100814 -0.00920725 -0.00827244 -0.00727943 -0.00623088 -0.00512969 -0.00397905 -0.00278235 -0.00154328 -0.000265651 0.00104644 0.00238885 0.00375724 0.00514729 0.00655464 0.00797502 0.0094043 0.0108385 0.012274 0.0137074 0.0151358 0.0165566 0.0179679 0.0193685 0.0207579 0.0221365 0.0235061 0.0248699 0.0262324 0.0276003 0.0289819 0.0303872 0.031828 0.0333173 0.0348689 0.0364971 0.0382167 0.0400422 0.0419886 0.0440707 0.0463033 0.0487001 0.0512723 0.0540265 0.0569627 0.0600712 0.0633327 0.0667165 0.0701822 0.07368 0.0771503 0.0805228 0.0837156 0.0866341 0.0891752 0.0912351 0.0927166 0.0935373 0.0936328 0.0929523 0.0914596 0.0891404 0.0860116 0.0821294 0.0775885 0.0725015 0.0669768 0.0611263 0.0550919 0.049041 0.0431214 0.0374332 0.0320492 0.0270497 0.0225184 0.0185055 0.0150083 0.0119918 0.00942262 0.00728151 0.00554774 0.00418083 0.00311939 0.00229677 0.0016589 0.00117231 0.000821304 0.000600432 
0 0.000448113 0.000932822 0.00149 0.00215811 0.00298545 0.00403529 0.00538139 0.00709236 0.00921526 0.0117744 0.0147892 0.0182922 0.0223203 0.0268805 0.0319244 0.0373661 0.0431214 0.0491155 0.0552456 0.0613562 0.0672716 0.0728471 0.0779712 0.082529 0.0863961 0.0894739 0.0917142 0.0931082 0.0936716 0.0934392 0.0924641 0.0908174 0.0885926 0.0858986 0.0828461 0.0795393 0.076073 0.0725294 0.0689808 0.0654912 0.0621135 0.0588887 0.0558451 0.0529977 0.0503504 0.0478999 0.0456367 0.0435491 0.0416239 0.0398465 0.0382021 0.0366749 0.0352485 0.0339067 0.0326338 0.0314149 0.0302373 0.0290893 0.0279619 0.026847 0.0257385 0.0246314 0.0235215 0.0224058 0.0212817 0.0201475 0.0190023 0.0178458 0.0166785 0.0155016 0.0143171 0.0131273 0.0119353 0.0107445 0.00955845 0.00838126 0.00721687 0.00606944 0.00494302 0.00384163 0.0027692 0.00172944 0.000726008 -0.000237767 -0.00115859 -0.00203356 -0.00285978 -0.00363477 -0.0043561 -0.00502167 -0.00562949 -0.00617786 -0.00666523 -0.00709027 -0.00745183 -0.00774894 -0.00798083 -0.00814688 -0.00824669 -0.00827999 -0.00824669 -0.00814688 -0.00798083 -0.00774894 -0.00745183 -0.00709027 -0.00666523 -0.00617786 -0.00562949 -0.00502167 -0.0043561 -0.00363477 -0.00285978 -0.00203356 -0.00115859 -0.000237767 0.000726008 0.00172944 0.0027692 0.00384163 0.00494302 0.00606944 0.00721687 0.00838126 0.00955845 0.0107445 0.0119353 0.0131273 0.0143171 0.0155016 0.0166785 0.0178458 0.0190023 0.0201475 0.0212817 0.0224058 0.0235215 0.0246314 0.0257385 0.026847 0.0279619 0.0290893 0.0302373 0.0314149 0.0326338 0.0339067 0.0352485 0.0366749 0.0382021 0.0398465 0.0416239 0.0435491 0.0456367 0.0478999 0.0503504 0.0529977 0.0558451 0.0588887 0.0621135 0.0654912 0.0689808 0.0725294 0.076073 0.0795393 0.0828461 0.0858986 0.0885926 0.0908174 0.0924641 0.0934392 0.0936716 0.0931082 0.0917142 0.0894739 0.0863961 0.082529 0.0779712 0.0728471 0.0672716 0.0613562 0.0552456 0.0491155 0.0431214 0.0373661 0.0319244 0.0268805 0.0223203 0.0182922 0.0147893 0.0117746 0.0092158 0.00709398 0.00538589 0.00404688 0.00301326 0.00222042 0.00162046 0.00118823 0.000916111 
