0 0 0 0 0 0 0 0 0 0 0 0 0 0 0 0 0 0 0 0 0 0 0 0 0 0 0 0 0 0 0 0 0 0 0 0 0 0 0 0 0 0 0 0 0 0 0 0 0 0 0 0 0 0 0 0 0 0 0 0 0 0 0 0 0 0 0 0 0 0 0 0 0 0 0 0 0 0 0 0 0 0 0 0 0 0 0 0 0 0 0 0 0 0 0 0 0 0 0 0 0 0 0 0 0 0 0 0 0 0 0 0 0 0 0 0 0 0 0 0 0 0 0 0 0 0 0 0 0 0 0 0 0 0 0 0 0 0 0 0 0 0 0 0 0 0 0 0 0 0 0 0 0 0 0 0 0 0 0 0 0 0 0 0 0 0 0 0 0 0 0 0 0 0 0 0 0 0 0 0 0 0 0 0 0 0 0 0 0 0 0 0 0 0 0 0 0 0 0 0 
0 3.22137e-27 3.09056e-26 2.78757e-25 2.38702e-24 1.94171e-23 1.5011e-22 1.10332e-21 7.71287e-21 5.12959e-20 3.2465e-19 1.95574e-18 1.12163e-17 6.12488e-17 3.18499e-16 1.57733e-15 7.43998e-15 3.34254e-14 1.43038e-13 5.83051e-13 2.26384e-12 8.37286e-12 2.94982e-11 9.89966e-11 3.16492e-10 9.63943e-10 2.79721e-09 7.73469e-09 2.03839e-08 5.12115e-08 1.22695e-07 2.80442e-07 6.11849e-07 1.27497e-06 2.53943e-06 4.83876e-06 8.82955e-06 1.54474e-05 2.59451e-05 4.18965e-05 6.51519e-05 9.77408e-05 0.000141731 0.000199067 0.000271424 0.000360116 0.000466085 0.000589982 0.000732332 0.000893745 0.00107512 0.0012778 0.00150364 0.00175493 0.00203424 0.00234418 0.00268705 0.00306459 0.00347769 0.00392621 0.00440894 0.00492357 0.00546685 0.00603472 0.00662253 0.00722528 0.00783784 0.0084551 0.00907217 0.00968444 0.0102877 0.0108782 0.0114525 0.0120078 0.0125416 0.0130519 0.0135369 0.0139955 0.0144267 0.01483 0.015205 0.0155517 0.0158706 0.0161621 0.016427 0.0166663 0.0168811 0.0170727 0.0172424 0.0173916 0.0175218 0.0176345 0.0177309 0.0178125 0.0178805 0.017936 0.01798 0.0180134 0.0180367 0.0180505 0.0180551 0.0180505 0.0180367 0.0180134 0.01798 0.017936 0.0178805 0.0178125 0.0177309 0.0176345 0.0175218 0.0173916 0.0172424 0.0170727 0.0168811 0.0166663 0.016427 0.0161621 0.0158706 0.0155517 0.015205 0.01483 0.0144267 0.0139955 0.0135369 0.0130519 0.0125416 0.0120078 0.0114525 0.0108782 0.0102877 0.00968444 0.00907217 0.0084551 0.00783784 0.00722528 0.00662253 0.00603472 0.00546685 0.00492357 0.00440894 0.00392621 0.00347769 0.00306459 0.00268705 0.00234418 0.00203424 0.00175493 0.00150364 0.0012778 0.00107512 0.000893745 0.000732332 0.000589982 0.000466085 0.000360116 0.000271424 0.000199067 0.000141731 9.77408e-05 6.51519e-05 4.18965e-05 2.59451e-05 1.54474e-05 8.82955e-06 4.83876e-06 2.53943e-06 1.27497e-06 6.11849e-07 2.80442e-07 1.22695e-07 5.12115e-08 2.03839e-08 7.73469e-09 2.79721e-09 9.63943e-10 3.16492e-10 9.89966e-11 2.94982e-11 8.37286e-12 2.26384e-12 5.83051e-13 1.43038e-13 3.34254e-14 7.43998e-15 1.57733e-15 3.18499e-16 6.12488e-17 1.12163e-17 1.95574e-18 3.2465e-19 5.12959e-20 7.71287e-21 1.10332e-21 1.5011e-22 1.94171e-23 2.38702e-24 2.78745e-25 3.07715e-26 1.88321e-27 
0 3.09056e-26 2.84665e-25 2.46471e-24 2.02723e-23 1.58486e-22 1.17815e-21 8.33069e-21 5.60489e-20 3.58898e-19 2.1877e-18 1.26969e-17 7.01718e-17 3.69349e-16 1.85165e-15 8.8421e-15 4.02203e-14 1.74277e-13 7.19353e-13 2.82848e-12 1.05943e-11 3.78002e-11 1.28476e-10 4.15972e-10 1.28303e-09 3.77024e-09 1.05563e-08 2.81662e-08 7.16347e-08 1.7371e-07 4.01791e-07 8.86878e-07 1.8693e-06 3.76498e-06 7.2526e-06 1.33756e-05 2.36448e-05 4.01177e-05 6.54287e-05 0.000102743 0.000155628 0.000227839 0.000323075 0.000444736 0.000595752 0.000778532 0.000995051 0.00124707 0.00153641 0.00186527 0.00223645 0.00265341 0.00312022 0.00364132 0.0042211 0.00486351 0.00557152 0.00634682 0.00718945 0.0080977 0.0090681 0.0100955 0.0111734 0.0122941 0.0134491 0.0146294 0.0158259 0.0170294 0.018231 0.0194223 0.0205956 0.0217434 0.0228594 0.0239378 0.0249736 0.0259626 0.0269014 0.0277872 0.0286183 0.0293935 0.0301122 0.0307746 0.0313816 0.0319343 0.0324345 0.0328844 0.0332864 0.0336433 0.0339579 0.0342332 0.0344722 0.034678 0.0348532 0.0350008 0.0351233 0.0352228 0.0353014 0.0353608 0.0354022 0.0354267 0.0354347 0.0354267 0.0354022 0.0353608 0.0353014 0.0352228 0.0351233 0.0350008 0.0348532 0.034678 0.0344722 0.0342332 0.0339579 0.0336433 0.0332864 0.0328844 0.0324345 0.0319343 0.0313816 0.0307746 0.0301122 0.0293935 0.0286183 0.0277872 0.0269014 0.0259626 0.0249736 0.0239378 0.0228594 0.0217434 0.0205956 0.0194223 0.018231 0.0170294 0.0158259 0.0146294 0.0134491 0.0122941 0.0111734 0.0100955 0.0090681 0.0080977 0.00718945 0.00634682 0.00557152 0.00486351 0.0042211 0.00364132 0.00312022 0.00265341 0.00223645 0.00186527 0.00153641 0.00124707 0.000995051 0.000778532 0.000595752 0.000444736 0.000323075 0.000227839 0.000155628 0.000102743 6.54287e-05 4.01177e-05 2.36448e-05 1.33756e-05 7.2526e-06 3.76498e-06 1.8693e-06 8.86878e-07 4.01791e-07 1.7371e-07 7.16347e-08 2.81662e-08 1.05563e-08 3.77024e-09 1.28303e-09 4.15972e-10 1.28476e-10 3.78002e-11 1.05943e-11 2.82848e-12 7.19353e-13 1.74277e-13 4.02203e-14 8.8421e-15 1.85165e-15 3.69349e-16 7.01718e-17 1.26969e-17 2.1877e-18 3.58898e-19 5.60489e-20 8.33069e-21 1.17815e-21 1.58486e-22 2.02723e-23 2.46457e-24 2.83345e-25 1.82988e-26 
0 2.78757e-25 2.46471e-24 2.04786e-23 1.61716e-22 1.21436e-21 8.67431e-21 5.89579e-20 3.81399e-19 2.34876e-18 1.3772e-17 7.68969e-17 4.08907e-16 2.07098e-15 9.99041e-15 4.59047e-14 2.00909e-13 8.37533e-13 3.32549e-12 1.25761e-11 4.52956e-11 1.55372e-10 5.07555e-10 1.57902e-09 4.6784e-09 1.32019e-08 3.54859e-08 9.08716e-08 2.21749e-07 5.15827e-07 1.14432e-06 2.42238e-06 4.89658e-06 9.45962e-06 1.74836e-05 3.09523e-05 5.25612e-05 8.57512e-05 0.000134647 0.000203891 0.000298393 0.000423043 0.000582468 0.000780878 0.00102208 0.00130961 0.00164706 0.0020383 0.0024878 0.00300071 0.00358282 0.00424027 0.00497915 0.00580503 0.0067224 0.00773425 0.00884173 0.010044 0.011338 0.012719 0.01418 0.0157129 0.017308 0.0189548 0.020642 0.0223577 0.0240901 0.025827 0.0275567 0.0292678 0.0309493 0.032591 0.0341837 0.035719 0.0371896 0.0385895 0.0399135 0.0411582 0.0423208 0.0433999 0.0443954 0.0453079 0.046139 0.0468912 0.0475674 0.0481714 0.0487072 0.0491793 0.0495922 0.0499507 0.0502594 0.0505228 0.0507454 0.0509313 0.0510843 0.0512077 0.0513045 0.0513772 0.0514277 0.0514575 0.0514673 0.0514575 0.0514277 0.0513772 0.0513045 0.0512077 0.0510843 0.0509313 0.0507454 0.0505228 0.0502594 0.0499507 0.0495922 0.0491793 0.0487072 0.0481714 0.0475674 0.0468912 0.046139 0.0453079 0.0443954 0.0433999 0.0423208 0.0411582 0.0399135 0.0385895 0.0371896 0.035719 0.0341837 0.032591 0.0309493 0.0292678 0.0275567 0.025827 0.0240901 0.0223577 0.020642 0.0189548 0.017308 0.0157129 0.01418 0.012719 0.011338 0.010044 0.00884173 0.00773425 0.0067224 0.00580503 0.00497915 0.00424027 0.00358282 0.00300071 0.0024878 0.0020383 0.00164706 0.00130961 0.00102208 0.000780878 0.000582468 0.000423043 0.000298393 0.000203891 0.000134647 8.57512e-05 5.25612e-05 3.09523e-05 1.74836e-05 9.45962e-06 4.89658e-06 2.42238e-06 1.14432e-06 5.15827e-07 2.21749e-07 9.08716e-08 3.54859e-08 1.32019e-08 4.6784e-09 1.57902e-09 5.07555e-10 1.55372e-10 4.52956e-11 1.25761e-11 3.32549e-12 8.37533e-13 2.00909e-13 4.59047e-14 9.99041e-15 2.07098e-15 4.08907e-16 7.68969e-17 1.3772e-17 2.34876e-18 3.81399e-19 5.89579e-20 8.67431e-21 1.21436e-21 1.61716e-22 2.04773e-23 2.45252e-24 1.6725e-25 
0 2.38702e-24 2.02723e-23 1.61716e-22 1.2266e-21 8.85034e-21 6.07651e-20 3.9709e-19 2.47033e-18 1.46326e-17 8.25357e-17 4.43361e-16 2.26827e-15 1.10526e-14 5.12946e-14 2.26728e-13 9.54438e-13 3.82628e-12 1.46071e-11 5.30974e-11 1.8377e-10 6.05536e-10 1.89951e-09 5.67243e-09 1.61257e-08 4.36427e-08 1.12458e-07 2.75953e-07 6.44996e-07 1.43655e-06 3.05029e-06 6.17878e-06 1.19497e-05 2.20873e-05 3.90648e-05 6.62079e-05 0.000107706 0.000168506 0.000254079 0.000370124 0.000522265 0.000715842 0.000955878 0.00124723 0.00159492 0.00200447 0.00248228 0.00303569 0.00367292 0.00440268 0.00523362 0.0061736 0.00722908 0.00840454 0.00970216 0.0111216 0.0126601 0.0143127 0.0160723 0.0179302 0.0198763 0.0218993 0.0239869 0.0261259 0.0283027 0.030503 0.0327124 0.0349162 0.0371001 0.03925 0.0413524 0.043395 0.0453664 0.0472565 0.0490567 0.0507602 0.0523615 0.0538569 0.0552442 0.0565228 0.0576933 0.0587578 0.0597194 0.060582 0.0613505 0.0620302 0.0626272 0.0631475 0.0635974 0.0639834 0.0643116 0.0645882 0.0648188 0.0650087 0.065163 0.0652858 0.0653811 0.0654518 0.0655006 0.0655291 0.0655385 0.0655291 0.0655006 0.0654518 0.0653811 0.0652858 0.065163 0.0650087 0.0648188 0.0645882 0.0643116 0.0639834 0.0635974 0.0631475 0.0626272 0.0620302 0.0613505 0.060582 0.0597194 0.0587578 0.0576933 0.0565228 0.0552442 0.0538569 0.0523615 0.0507602 0.0490567 0.0472565 0.0453664 0.043395 0.0413524 0.03925 0.0371001 0.0349162 0.0327124 0.030503 0.0283027 0.0261259 0.0239869 0.0218993 0.0198763 0.0179302 0.0160723 0.0143127 0.0126601 0.0111216 0.00970216 0.00840454 0.00722908 0.0061736 0.00523362 0.00440268 0.00367292 0.00303569 0.00248228 0.00200447 0.00159492 0.00124723 0.000955878 0.000715842 0.000522265 0.000370124 0.000254079 0.000168506 0.000107706 6.62079e-05 3.90648e-05 2.20873e-05 1.19497e-05 6.17878e-06 3.05029e-06 1.43655e-06 6.44996e-07 2.75953e-07 1.12458e-07 4.36427e-08 1.61257e-08 5.67243e-09 1.89951e-09 6.05536e-10 1.8377e-10 5.30974e-11 1.46071e-11 3.82628e-12 9.54438e-13 2.26728e-13 5.12946e-14 1.10526e-14 2.26827e-15 4.43361e-16 8.25357e-17 1.46326e-17 2.47033e-18 3.9709e-19 6.07651e-20 8.85034e-21 1.2266e-21 1.61704e-22 2.01657e-23 1.45175e-24 
0 1.94171e-23 1.58486e-22 1.21436e-21 8.85034e-21 6.13795e-20 4.05175e-19 2.54625e-18 1.52358e-17 8.68133e-17 4.71083e-16 2.43454e-15 1.19826e-14 5.6169e-14 2.50744e-13 1.06593e-12 4.3147e-12 1.66286e-11 6.1009e-11 2.13067e-10 7.08229e-10 2.24036e-09 6.74385e-09 1.9316e-08 5.26426e-08 1.36514e-07 3.36882e-07 7.91264e-07 1.76942e-06 3.76868e-06 7.64971e-06 1.48089e-05 2.73679e-05 4.83412e-05 8.17297e-05 0.00013249 0.000206351 0.000309506 0.000448242 0.000628648 0.000856485 0.00113732 0.00147691 0.00188167 0.00235923 0.00291861 0.00357027 0.00432559 0.00519619 0.00619297 0.00732524 0.0085999 0.010021 0.0115894 0.0133032 0.0151575 0.0171453 0.0192574 0.0214832 0.0238105 0.026226 0.0287153 0.0312632 0.0338533 0.0364688 0.0390923 0.0417063 0.0442935 0.0468367 0.0493201 0.0517287 0.054049 0.0562692 0.0583793 0.0603714 0.0622394 0.0639792 0.0655887 0.0670674 0.0684166 0.0696389 0.0707385 0.0717202 0.0725903 0.0733553 0.0740225 0.0745996 0.0750943 0.0755145 0.075868 0.0761623 0.0764046 0.0766018 0.07676 0.0768851 0.0769821 0.0770554 0.0771086 0.0771445 0.0771652 0.077172 0.0771652 0.0771445 0.0771086 0.0770554 0.0769821 0.0768851 0.07676 0.0766018 0.0764046 0.0761623 0.075868 0.0755145 0.0750943 0.0745996 0.0740225 0.0733553 0.0725903 0.0717202 0.0707385 0.0696389 0.0684166 0.0670674 0.0655887 0.0639792 0.0622394 0.0603714 0.0583793 0.0562692 0.054049 0.0517287 0.0493201 0.0468367 0.0442935 0.0417063 0.0390923 0.0364688 0.0338533 0.0312632 0.0287153 0.026226 0.0238105 0.0214832 0.0192574 0.0171453 0.0151575 0.0133032 0.0115894 0.010021 0.0085999 0.00732524 0.00619297 0.00519619 0.00432559 0.00357027 0.00291861 0.00235923 0.00188167 0.00147691 0.00113732 0.000856485 0.000628648 0.000448242 0.000309506 0.000206351 0.00013249 8.17297e-05 4.83412e-05 2.73679e-05 1.48089e-05 7.64971e-06 3.76868e-06 1.76942e-06 7.91264e-07 3.36882e-07 1.36514e-07 5.26426e-08 1.9316e-08 6.74385e-09 2.24036e-09 7.08229e-10 2.13067e-10 6.1009e-11 1.66286e-11 4.3147e-12 1.06593e-12 2.50744e-13 5.6169e-14 1.19826e-14 2.43454e-15 4.71083e-16 8.68133e-17 1.52358e-17 2.54625e-18 4.05175e-19 6.13795e-20 8.85033e-21 1.21426e-21 1.57601e-22 1.19746e-23 
0 1.5011e-22 1.17815e-21 8.67431e-21 6.07651e-20 4.05175e-19 2.57207e-18 1.55467e-17 8.94853e-17 4.90517e-16 2.56069e-15 1.2731e-14 6.02771e-14 2.71769e-13 1.16673e-12 4.76879e-12 1.8555e-11 6.87174e-11 2.42189e-10 8.12183e-10 2.59118e-09 7.86356e-09 2.26968e-08 6.23008e-08 1.62623e-07 4.03681e-07 9.53021e-07 2.14023e-06 4.57359e-06 9.30469e-06 1.80339e-05 3.33283e-05 5.87996e-05 9.9176e-05 0.000160209 0.000248396 0.000370575 0.0005335 0.00074358 0.00100689 0.00132953 0.00171825 0.00218114 0.00272813 0.00337115 0.00412368 0.00500002 0.00601405 0.00717811 0.00850198 0.00999216 0.0116516 0.0134798 0.015473 0.017625 0.0199269 0.0223682 0.0249364 0.0276174 0.0303957 0.033254 0.0361738 0.0391353 0.042118 0.0451008 0.0480626 0.0509829 0.0538421 0.0566218 0.0593055 0.0618787 0.0643289 0.0666461 0.0688225 0.0708526 0.072733 0.0744625 0.0760419 0.0774735 0.0787612 0.0799103 0.0809273 0.0818194 0.0825948 0.083262 0.0838301 0.0843081 0.0847054 0.085031 0.0852939 0.0855025 0.0856649 0.0857888 0.085881 0.0859478 0.0859947 0.0860265 0.0860472 0.0860597 0.0860663 0.0860683 0.0860663 0.0860597 0.0860472 0.0860265 0.0859947 0.0859478 0.085881 0.0857888 0.0856649 0.0855025 0.0852939 0.085031 0.0847054 0.0843081 0.0838301 0.083262 0.0825948 0.0818194 0.0809273 0.0799103 0.0787612 0.0774735 0.0760419 0.0744625 0.072733 0.0708526 0.0688225 0.0666461 0.0643289 0.0618787 0.0593055 0.0566218 0.0538421 0.0509829 0.0480626 0.0451008 0.042118 0.0391353 0.0361738 0.033254 0.0303957 0.0276174 0.0249364 0.0223682 0.0199269 0.017625 0.015473 0.0134798 0.0116516 0.00999216 0.00850198 0.00717811 0.00601405 0.00500002 0.00412368 0.00337115 0.00272813 0.00218114 0.00171825 0.00132953 0.00100689 0.00074358 0.0005335 0.000370575 0.000248396 0.000160209 9.9176e-05 5.87996e-05 3.33283e-05 1.80339e-05 9.30469e-06 4.57359e-06 2.14023e-06 9.53021e-07 4.03681e-07 1.62623e-07 6.23008e-08 2.26968e-08 7.86356e-09 2.59118e-09 8.12183e-10 2.42189e-10 6.87174e-11 1.8555e-11 4.76879e-12 1.16673e-12 2.71769e-13 6.02771e-14 1.2731e-14 2.56069e-15 4.90517e-16 8.94853e-17 1.55467e-17 2.57207e-18 4.05175e-19 6.0765e-20 8.67349e-21 1.17118e-21 9.39033e-23 
0 1.10332e-21 8.33069e-21 5.89579e-20 3.9709e-19 2.54625e-18 1.55467e-17 9.0394e-17 5.00531e-16 2.63949e-15 1.32556e-14 6.33934e-14 2.88683e-13 1.25164e-12 5.16609e-12 2.02954e-11 7.58762e-11 2.699e-10 9.13274e-10 2.93905e-09 8.9936e-09 2.61636e-08 7.23477e-08 1.90135e-07 4.74876e-07 1.12715e-06 2.54277e-06 5.45337e-06 1.1123e-05 2.15895e-05 3.99101e-05 7.03451e-05 0.000118394 0.000190619 0.000294261 0.000436726 0.000625132 0.000866128 0.00116612 0.00153192 0.00197161 0.00249539 0.00311594 0.00384826 0.00470882 0.00571422 0.00687974 0.00821801 0.00973811 0.0114452 0.0133406 0.0154223 0.0176851 0.0201214 0.0227216 0.0254736 0.0283633 0.0313743 0.034488 0.0376834 0.0409378 0.0442271 0.0475262 0.05081 0.0540539 0.0572342 0.0603291 0.063319 0.0661865 0.068917 0.0714984 0.0739216 0.0761798 0.078269 0.0801873 0.0819352 0.0835151 0.0849309 0.0861884 0.0872945 0.0882572 0.0890856 0.0897892 0.0903782 0.090863 0.0912543 0.0915625 0.0917982 0.0919715 0.0920921 0.0921692 0.0922115 0.092227 0.092223 0.092206 0.0921818 0.0921553 0.0921304 0.0921104 0.0920975 0.092093 0.0920975 0.0921104 0.0921304 0.0921553 0.0921818 0.092206 0.092223 0.092227 0.0922115 0.0921692 0.0920921 0.0919715 0.0917982 0.0915625 0.0912543 0.090863 0.0903782 0.0897892 0.0890856 0.0882572 0.0872945 0.0861884 0.0849309 0.0835151 0.0819352 0.0801873 0.078269 0.0761798 0.0739216 0.0714984 0.068917 0.0661865 0.063319 0.0603291 0.0572342 0.0540539 0.05081 0.0475262 0.0442271 0.0409378 0.0376834 0.034488 0.0313743 0.0283633 0.0254736 0.0227216 0.0201214 0.0176851 0.0154223 0.0133406 0.0114452 0.00973811 0.00821801 0.00687974 0.00571422 0.00470882 0.00384826 0.00311594 0.00249539 0.00197161 0.00153192 0.00116612 0.000866128 0.000625132 0.000436726 0.000294261 0.000190619 0.000118394 7.03451e-05 3.99101e-05 2.15895e-05 1.1123e-05 5.45337e-06 2.54277e-06 1.12715e-06 4.74876e-07 1.90135e-07 7.23477e-08 2.61636e-08 8.9936e-09 2.93905e-09 9.13274e-10 2.699e-10 7.58762e-11 2.02954e-11 5.16609e-12 1.25164e-12 2.88683e-13 6.33934e-14 1.32556e-14 2.63949e-15 5.00531e-16 9.0394e-17 1.55467e-17 2.54625e-18 3.9709e-19 5.89515e-20 8.2786e-21 7.0037e-22 
0 7.71287e-21 5.60489e-20 3.81399e-19 2.47033e-18 1.52358e-17 8.94853e-17 5.00531e-16 2.66629e-15 1.35259e-14 6.53397e-14 3.00537e-13 1.31604e-12 5.48555e-12 2.17605e-11 8.2134e-11 2.94903e-10 1.00701e-09 3.2694e-09 1.00896e-08 2.95897e-08 8.2445e-08 2.18202e-07 5.48472e-07 1.30923e-06 2.96787e-06 6.39003e-06 1.30713e-05 2.5416e-05 4.70117e-05 8.28092e-05 0.000139111 0.000223292 0.000343292 0.000506997 0.000721799 0.00099456 0.00133213 0.00174232 0.00223504 0.00282313 0.00352246 0.00435124 0.00532859 0.00647272 0.00779923 0.00931994 0.0110423 0.0129697 0.0151016 0.0174344 0.019962 0.0226759 0.0255652 0.0286161 0.031812 0.035133 0.0385562 0.042056 0.0456047 0.0491732 0.0527322 0.0562529 0.0597076 0.0630709 0.0663198 0.0694341 0.0723966 0.0751933 0.0778134 0.0802488 0.0824945 0.084548 0.0864096 0.0880815 0.0895681 0.0908756 0.0920117 0.0929855 0.0938071 0.0944874 0.0950381 0.095471 0.0957983 0.0960322 0.0961847 0.0962676 0.0962922 0.0962693 0.0962092 0.0961214 0.0960149 0.0958975 0.0957767 0.0956589 0.0955496 0.0954537 0.0953751 0.0953168 0.0952809 0.0952688 0.0952809 0.0953168 0.0953751 0.0954537 0.0955496 0.0956589 0.0957767 0.0958975 0.0960149 0.0961214 0.0962092 0.0962693 0.0962922 0.0962676 0.0961847 0.0960322 0.0957983 0.095471 0.0950381 0.0944874 0.0938071 0.0929855 0.0920117 0.0908756 0.0895681 0.0880815 0.0864096 0.084548 0.0824945 0.0802488 0.0778134 0.0751933 0.0723966 0.0694341 0.0663198 0.0630709 0.0597076 0.0562529 0.0527322 0.0491732 0.0456047 0.042056 0.0385562 0.035133 0.031812 0.0286161 0.0255652 0.0226759 0.019962 0.0174344 0.0151016 0.0129697 0.0110423 0.00931994 0.00779923 0.00647272 0.00532859 0.00435124 0.00352246 0.00282313 0.00223504 0.00174232 0.00133213 0.00099456 0.000721799 0.000506997 0.000343292 0.000223292 0.000139111 8.28092e-05 4.70117e-05 2.5416e-05 1.30713e-05 6.39003e-06 2.96787e-06 1.30923e-06 5.48472e-07 2.18202e-07 8.2445e-08 2.95897e-08 1.00896e-08 3.2694e-09 1.00701e-09 2.94903e-10 8.2134e-11 2.17605e-11 5.48555e-12 1.31604e-12 3.00537e-13 6.53397e-14 1.35259e-14 2.66629e-15 5.00531e-16 8.94853e-17 1.52358e-17 2.47032e-18 3.81352e-19 5.56794e-20 4.97008e-21 
0 5.12959e-20 3.58898e-19 2.34876e-18 1.46326e-17 8.68133e-17 4.90517e-16 2.63949e-15 1.35259e-14 6.60017e-14 3.06645e-13 1.35625e-12 5.70938e-12 2.28711e-11 8.71621e-11 3.15932e-10 1.08883e-09 3.56693e-09 1.11035e-08 3.28337e-08 9.22023e-08 2.45813e-07 6.2202e-07 1.4937e-06 3.40362e-06 7.35959e-06 1.51037e-05 2.94314e-05 5.44913e-05 9.59581e-05 0.000160954 0.000257656 0.000394639 0.000580184 0.000821879 0.00112682 0.00150248 0.0019581 0.00250595 0.00316203 0.00394572 0.00487835 0.00598113 0.00727294 0.00876873 0.0104786 0.0124081 0.0145586 0.0169281 0.0195122 0.0223039 0.0252935 0.0284681 0.031811 0.0353013 0.0389142 0.0426211 0.0463909 0.0501905 0.0539863 0.0577455 0.0614366 0.0650304 0.0685007 0.0718241 0.074981 0.077955 0.0807331 0.0833058 0.0856667 0.0878123 0.0897424 0.0914592 0.0929674 0.0942737 0.0953871 0.0963179 0.0970776 0.0976791 0.0981356 0.098461 0.0986694 0.0987746 0.0987907 0.098731 0.0986084 0.0984354 0.0982236 0.097984 0.0977266 0.0974609 0.0971952 0.0969373 0.0966939 0.0964711 0.0962739 0.0961067 0.0959731 0.0958757 0.0958164 0.0957966 0.0958164 0.0958757 0.0959731 0.0961067 0.0962739 0.0964711 0.0966939 0.0969373 0.0971952 0.0974609 0.0977266 0.097984 0.0982236 0.0984354 0.0986084 0.098731 0.0987907 0.0987746 0.0986694 0.098461 0.0981356 0.0976791 0.0970776 0.0963179 0.0953871 0.0942737 0.0929674 0.0914592 0.0897424 0.0878123 0.0856667 0.0833058 0.0807331 0.077955 0.074981 0.0718241 0.0685007 0.0650304 0.0614366 0.0577455 0.0539863 0.0501905 0.0463909 0.0426211 0.0389142 0.0353013 0.031811 0.0284681 0.0252935 0.0223039 0.0195122 0.0169281 0.0145586 0.0124081 0.0104786 0.00876873 0.00727294 0.00598113 0.00487835 0.00394572 0.00316203 0.00250595 0.0019581 0.00150248 0.00112682 0.000821879 0.000580184 0.000394639 0.000257656 0.000160954 9.59581e-05 5.44913e-05 2.94314e-05 1.51037e-05 7.35959e-06 3.40362e-06 1.4937e-06 6.2202e-07 2.45813e-07 9.22023e-08 3.28337e-08 1.11035e-08 3.56693e-09 1.08883e-09 3.15932e-10 8.71621e-11 2.28711e-11 5.70938e-12 1.35625e-12 3.06645e-13 6.60017e-14 1.35259e-14 2.63949e-15 4.90517e-16 8.68133e-17 1.46325e-17 2.34843e-18 3.5641e-19 3.35682e-20 
0 3.2465e-19 2.1877e-18 1.3772e-17 8.25357e-17 4.71083e-16 2.56069e-15 1.32556e-14 6.53397e-14 3.06645e-13 1.36993e-12 5.82468e-12 2.35643e-11 9.06832e-11 3.3186e-10 1.15451e-09 3.81682e-09 1.19869e-08 3.57483e-08 1.01201e-07 2.71854e-07 6.92741e-07 1.67407e-06 3.83582e-06 8.33286e-06 1.7164e-05 3.35323e-05 6.21709e-05 0.000109498 0.000183464 0.000293017 0.000447303 0.00065491 0.000923573 0.00126069 0.00167464 0.00217654 0.00278158 0.00350938 0.00438291 0.00542624 0.00666186 0.00810836 0.00977915 0.0116823 0.0138214 0.0161965 0.018805 0.0216419 0.024699 0.0279648 0.0314228 0.0350514 0.038824 0.042709 0.0466715 0.0506746 0.0546804 0.0586517 0.0625533 0.0663521 0.0700185 0.0735259 0.0768516 0.0799765 0.0828851 0.0855657 0.0880104 0.0902146 0.0921773 0.0939007 0.0953899 0.0966528 0.0976996 0.0985424 0.0991948 0.0996716 0.0999884 0.100161 0.100206 0.10014 0.0999773 0.099734 0.0994246 0.0990628 0.0986617 0.0982333 0.0977887 0.0973384 0.0968916 0.0964569 0.0960417 0.0956529 0.0952964 0.0949773 0.0947 0.0944683 0.094285 0.0941525 0.0940723 0.0940455 0.0940723 0.0941525 0.094285 0.0944683 0.0947 0.0949773 0.0952964 0.0956529 0.0960417 0.0964569 0.0968916 0.0973384 0.0977887 0.0982333 0.0986617 0.0990628 0.0994246 0.099734 0.0999773 0.10014 0.100206 0.100161 0.0999884 0.0996716 0.0991948 0.0985424 0.0976996 0.0966528 0.0953899 0.0939007 0.0921773 0.0902146 0.0880104 0.0855657 0.0828851 0.0799765 0.0768516 0.0735259 0.0700185 0.0663521 0.0625533 0.0586517 0.0546804 0.0506746 0.0466715 0.042709 0.038824 0.0350514 0.0314228 0.0279648 0.024699 0.0216419 0.018805 0.0161965 0.0138214 0.0116823 0.00977915 0.00810836 0.00666186 0.00542624 0.00438291 0.00350938 0.00278158 0.00217654 0.00167464 0.00126069 0.000923573 0.00065491 0.000447303 0.000293017 0.000183464 0.000109498 6.21709e-05 3.35323e-05 1.7164e-05 8.33286e-06 3.83582e-06 1.67407e-06 6.92741e-07 2.71854e-07 1.01201e-07 3.57483e-08 1.19869e-08 3.81682e-09 1.15451e-09 3.3186e-10 9.06832e-11 2.35643e-11 5.82468e-12 1.36993e-12 3.06645e-13 6.53397e-14 1.32556e-14 2.56069e-15 4.71083e-16 8.25354e-17 1.37697e-17 2.17179e-18 2.15846e-19 
0 1.95574e-18 1.26969e-17 7.68969e-17 4.43361e-16 2.43454e-15 1.2731e-14 6.33934e-14 3.00537e-13 1.35625e-12 5.82468e-12 2.38e-11 9.24965e-11 3.41798e-10 1.20047e-09 4.00589e-09 1.2695e-08 3.81915e-08 1.09021e-07 2.95173e-07 7.57686e-07 1.84327e-06 4.24865e-06 9.27671e-06 1.9187e-05 3.75989e-05 6.98418e-05 0.000123088 0.000206108 0.000328587 0.000500175 0.000729691 0.001025 0.00139391 0.00184606 0.00239492 0.00305911 0.00386216 0.00483046 0.00599018 0.00736414 0.00896973 0.0108183 0.0129161 0.0152654 0.0178658 0.0207145 0.0238061 0.0271305 0.0306724 0.0344101 0.0383152 0.0423536 0.0464868 0.0506735 0.0548717 0.0590399 0.0631383 0.0671301 0.0709814 0.0746619 0.0781452 0.0814087 0.0844337 0.0872059 0.0897153 0.091956 0.0939265 0.0956291 0.0970699 0.0982581 0.0992059 0.0999275 0.100439 0.100758 0.100902 0.100891 0.100741 0.100473 0.100103 0.0996486 0.0991258 0.0985497 0.0979345 0.0972933 0.0966382 0.0959802 0.0953293 0.0946944 0.0940837 0.0935042 0.0929624 0.0924639 0.0920133 0.0916149 0.0912721 0.0909879 0.0907644 0.0906036 0.0905066 0.0904742 0.0905066 0.0906036 0.0907644 0.0909879 0.0912721 0.0916149 0.0920133 0.0924639 0.0929624 0.0935042 0.0940837 0.0946944 0.0953293 0.0959802 0.0966382 0.0972933 0.0979345 0.0985497 0.0991258 0.0996486 0.100103 0.100473 0.100741 0.100891 0.100902 0.100758 0.100439 0.0999275 0.0992059 0.0982581 0.0970699 0.0956291 0.0939265 0.091956 0.0897153 0.0872059 0.0844337 0.0814087 0.0781452 0.0746619 0.0709814 0.0671301 0.0631383 0.0590399 0.0548717 0.0506735 0.0464868 0.0423536 0.0383152 0.0344101 0.0306724 0.0271305 0.0238061 0.0207145 0.0178658 0.0152654 0.0129161 0.0108183 0.00896973 0.00736414 0.00599018 0.00483046 0.00386216 0.00305911 0.00239492 0.00184606 0.00139391 0.001025 0.000729691 0.000500175 0.000328587 0.000206108 0.000123088 6.98418e-05 3.75989e-05 1.9187e-05 9.27671e-06 4.24865e-06 1.84327e-06 7.57686e-07 2.95173e-07 1.09021e-07 3.81915e-08 1.2695e-08 4.00589e-09 1.20047e-09 3.41798e-10 9.24965e-11 2.38e-11 5.82468e-12 1.35625e-12 3.00537e-13 6.33934e-14 1.2731e-14 2.43454e-15 4.43359e-16 7.68829e-17 1.26003e-17 1.32166e-18 
0 1.12163e-17 7.01718e-17 4.08907e-16 2.26827e-15 1.19826e-14 6.02771e-14 2.88683e-13 1.31604e-12 5.70938e-12 2.35643e-11 9.24965e-11 3.45176e-10 1.22413e-09 4.12377e-09 1.319e-08 4.00373e-08 1.15276e-07 3.14667e-07 8.13931e-07 1.99411e-06 4.6256e-06 1.01558e-05 2.11022e-05 4.14997e-05 7.72744e-05 0.000136351 0.000228304 0.000363517 0.000552084 0.000802992 0.00112425 0.00152426 0.00201424 0.00261053 0.00333559 0.00421693 0.00528396 0.00656412 0.00807959 0.00984591 0.0118724 0.014164 0.0167228 0.0195488 0.0226392 0.0259872 0.0295792 0.0333943 0.0374034 0.0415702 0.0458529 0.0502062 0.0545838 0.0589397 0.0632297 0.0674122 0.0714486 0.0753039 0.078947 0.0823506 0.0854922 0.088354 0.0909236 0.0931936 0.0951618 0.096831 0.0982085 0.0993054 0.100136 0.100718 0.101069 0.101211 0.101163 0.100948 0.100586 0.100097 0.0995019 0.098819 0.0980661 0.0972597 0.0964152 0.0955468 0.0946672 0.0937882 0.0929203 0.0920728 0.0912541 0.0904715 0.0897316 0.08904 0.0884014 0.0878202 0.0872999 0.0868434 0.0864532 0.0861313 0.0858794 0.0856987 0.0855899 0.0855536 0.0855899 0.0856987 0.0858794 0.0861313 0.0864532 0.0868434 0.0872999 0.0878202 0.0884014 0.08904 0.0897316 0.0904715 0.0912541 0.0920728 0.0929203 0.0937882 0.0946672 0.0955468 0.0964152 0.0972597 0.0980661 0.098819 0.0995019 0.100097 0.100586 0.100948 0.101163 0.101211 0.101069 0.100718 0.100136 0.0993054 0.0982085 0.096831 0.0951618 0.0931936 0.0909236 0.088354 0.0854922 0.0823506 0.078947 0.0753039 0.0714486 0.0674122 0.0632297 0.0589397 0.0545838 0.0502062 0.0458529 0.0415702 0.0374034 0.0333943 0.0295792 0.0259872 0.0226392 0.0195488 0.0167228 0.014164 0.0118724 0.00984591 0.00807959 0.00656412 0.00528396 0.00421693 0.00333559 0.00261053 0.00201424 0.00152426 0.00112425 0.000802992 0.000552084 0.000363517 0.000228304 0.000136351 7.72744e-05 4.14997e-05 2.11022e-05 1.01558e-05 4.6256e-06 1.99411e-06 8.13931e-07 3.14667e-07 1.15276e-07 4.00373e-08 1.319e-08 4.12377e-09 1.22413e-09 3.45176e-10 9.24965e-11 2.35643e-11 5.70938e-12 1.31604e-12 2.88683e-13 6.02771e-14 1.19826e-14 2.26826e-15 4.08824e-16 6.96152e-17 7.70808e-18 
0 6.12488e-17 3.69349e-16 2.07098e-15 1.10526e-14 5.6169e-14 2.71769e-13 1.25164e-12 5.48555e-12 2.28711e-11 9.06832e-11 3.41798e-10 1.22413e-09 4.16382e-09 1.34446e-08 4.11869e-08 1.19642e-07 3.29365e-07 8.58797e-07 2.11976e-06 4.95052e-06 1.09348e-05 2.28377e-05 4.50983e-05 8.42285e-05 0.000148891 0.000249444 0.000396933 0.000601839 0.000873288 0.00121946 0.00164957 0.00217676 0.00282065 0.00360786 0.00456974 0.00573813 0.00714078 0.00879845 0.0107246 0.012927 0.0154103 0.0181775 0.0212294 0.0245627 0.0281672 0.0320241 0.0361048 0.0403715 0.0447801 0.0492816 0.0538256 0.0583616 0.0628408 0.0672165 0.0714447 0.0754845 0.079299 0.0828553 0.0861258 0.0890887 0.0917282 0.0940352 0.096007 0.0976467 0.0989629 0.0999688 0.100681 0.10112 0.101307 0.101266 0.10102 0.100593 0.100009 0.0992907 0.0984605 0.0975392 0.0965465 0.0955005 0.0944181 0.0933146 0.0922038 0.0910982 0.0900089 0.0889455 0.0879165 0.0869295 0.0859906 0.0851053 0.0842783 0.0835133 0.0828137 0.082182 0.0816204 0.0811307 0.0807142 0.0803722 0.0801053 0.0799143 0.0797995 0.0797612 0.0797995 0.0799143 0.0801053 0.0803722 0.0807142 0.0811307 0.0816204 0.082182 0.0828137 0.0835133 0.0842783 0.0851053 0.0859906 0.0869295 0.0879165 0.0889455 0.0900089 0.0910982 0.0922038 0.0933146 0.0944181 0.0955005 0.0965465 0.0975392 0.0984605 0.0992907 0.100009 0.100593 0.10102 0.101266 0.101307 0.10112 0.100681 0.0999688 0.0989629 0.0976467 0.096007 0.0940352 0.0917282 0.0890887 0.0861258 0.0828553 0.079299 0.0754845 0.0714447 0.0672165 0.0628408 0.0583616 0.0538256 0.0492816 0.0447801 0.0403715 0.0361048 0.0320241 0.0281672 0.0245627 0.0212294 0.0181775 0.0154103 0.012927 0.0107246 0.00879845 0.00714078 0.00573813 0.00456974 0.00360786 0.00282065 0.00217676 0.00164957 0.00121946 0.000873288 0.000601839 0.000396933 0.000249444 0.000148891 8.42285e-05 4.50983e-05 2.28377e-05 1.09348e-05 4.95052e-06 2.11976e-06 8.58797e-07 3.29365e-07 1.19642e-07 4.11869e-08 1.34446e-08 4.16382e-09 1.22413e-09 3.41798e-10 9.06832e-11 2.28711e-11 5.48555e-12 1.25164e-12 2.71769e-13 5.6169e-14 1.10525e-14 2.0705e-15 3.66304e-16 4.28252e-17 
0 3.18499e-16 1.85165e-15 9.99041e-15 5.12946e-14 2.50744e-13 1.16673e-12 5.16609e-12 2.17605e-11 8.71621e-11 3.3186e-10 1.20047e-09 4.12377e-09 1.34446e-08 4.15774e-08 1.21887e-07 3.38508e-07 8.90053e-07 2.21423e-06 5.20875e-06 1.15804e-05 2.43241e-05 4.82613e-05 9.04658e-05 0.000160315 0.000268925 0.000427968 0.000648282 0.000939113 0.00130889 0.0017678 0.00233127 0.00302256 0.00387254 0.00491614 0.00618688 0.00771194 0.00951012 0.011593 0.0139678 0.0166402 0.0196148 0.0228927 0.0264685 0.0303272 0.0344419 0.0387754 0.0432816 0.0479088 0.052603 0.0573095 0.0619748 0.0665468 0.0709755 0.0752134 0.0792164 0.0829451 0.0863657 0.0894512 0.0921824 0.0945477 0.0965432 0.0981724 0.0994449 0.100376 0.100984 0.101291 0.101323 0.101105 0.100665 0.100028 0.0992221 0.0982728 0.0972049 0.0960421 0.0948065 0.0935184 0.0921965 0.0908577 0.089517 0.0881877 0.0868815 0.0856084 0.084377 0.0831945 0.082067 0.0809994 0.0799958 0.0790594 0.0781928 0.0773978 0.0766761 0.0760287 0.0754564 0.0749598 0.0745392 0.0741948 0.073927 0.0737356 0.0736207 0.0735824 0.0736207 0.0737356 0.073927 0.0741948 0.0745392 0.0749598 0.0754564 0.0760287 0.0766761 0.0773978 0.0781928 0.0790594 0.0799958 0.0809994 0.082067 0.0831945 0.084377 0.0856084 0.0868815 0.0881877 0.089517 0.0908577 0.0921965 0.0935184 0.0948065 0.0960421 0.0972049 0.0982728 0.0992221 0.100028 0.100665 0.101105 0.101323 0.101291 0.100984 0.100376 0.0994449 0.0981724 0.0965432 0.0945477 0.0921824 0.0894512 0.0863657 0.0829451 0.0792164 0.0752134 0.0709755 0.0665468 0.0619748 0.0573095 0.052603 0.0479088 0.0432816 0.0387754 0.0344419 0.0303272 0.0264685 0.0228927 0.0196148 0.0166402 0.0139678 0.011593 0.00951012 0.00771194 0.00618688 0.00491614 0.00387254 0.00302256 0.00233127 0.0017678 0.00130889 0.000939113 0.000648282 0.000427968 0.000268925 0.000160315 9.04658e-05 4.82613e-05 2.43241e-05 1.15804e-05 5.20875e-06 2.21423e-06 8.90053e-07 3.38508e-07 1.21887e-07 4.15774e-08 1.34446e-08 4.12377e-09 1.20047e-09 3.3186e-10 8.71621e-11 2.17605e-11 5.16609e-12 1.16673e-12 2.50744e-13 5.12941e-14 9.98782e-15 1.83583e-15 2.26697e-16 
0 1.57733e-15 8.8421e-15 4.59047e-14 2.26728e-13 1.06593e-12 4.76879e-12 2.02954e-11 8.2134e-11 3.15932e-10 1.15451e-09 4.00589e-09 1.319e-08 4.11869e-08 1.21887e-07 3.41611e-07 9.06098e-07 2.27288e-06 5.38816e-06 1.20641e-05 2.54995e-05 5.08658e-05 9.57632e-05 0.000170249 0.000286169 0.0004558 0.000690319 0.000999104 0.0013909 0.00187705 0.00247552 0.00321347 0.00412601 0.00525122 0.00662352 0.0082688 0.0102037 0.0124387 0.0149817 0.0178404 0.021021 0.024524 0.02834 0.0324463 0.0368075 0.0413772 0.0461021 0.0509249 0.0557877 0.0606323 0.0654013 0.0700381 0.074488 0.078699 0.0826238 0.0862215 0.0894592 0.0923129 0.0947682 0.0968194 0.0984694 0.0997282 0.100612 0.101141 0.10134 0.101236 0.100857 0.100235 0.0993981 0.0983777 0.097203 0.0959024 0.0945027 0.093029 0.0915044 0.0899498 0.0883838 0.0868228 0.085281 0.0837707 0.0823021 0.0808837 0.0795225 0.078224 0.0769926 0.0758314 0.0747431 0.0737292 0.0727909 0.0719287 0.0711431 0.0704339 0.069801 0.0692439 0.0687624 0.0683559 0.068024 0.0677664 0.0675826 0.0674724 0.0674357 0.0674724 0.0675826 0.0677664 0.068024 0.0683559 0.0687624 0.0692439 0.069801 0.0704339 0.0711431 0.0719287 0.0727909 0.0737292 0.0747431 0.0758314 0.0769926 0.078224 0.0795225 0.0808837 0.0823021 0.0837707 0.085281 0.0868228 0.0883838 0.0899498 0.0915044 0.093029 0.0945027 0.0959024 0.097203 0.0983777 0.0993981 0.100235 0.100857 0.101236 0.10134 0.101141 0.100612 0.0997282 0.0984694 0.0968194 0.0947682 0.0923129 0.0894592 0.0862215 0.0826238 0.078699 0.074488 0.0700381 0.0654013 0.0606323 0.0557877 0.0509249 0.0461021 0.0413772 0.0368075 0.0324463 0.02834 0.024524 0.021021 0.0178404 0.0149817 0.0124387 0.0102037 0.0082688 0.00662352 0.00525122 0.00412601 0.00321347 0.00247552 0.00187705 0.0013909 0.000999104 0.000690319 0.0004558 0.000286169 0.000170249 9.57632e-05 5.08658e-05 2.54995e-05 1.20641e-05 5.38816e-06 2.27288e-06 9.06098e-07 3.41611e-07 1.21887e-07 4.11869e-08 1.319e-08 4.00589e-09 1.15451e-09 3.15932e-10 8.2134e-11 2.02954e-11 4.76879e-12 1.06593e-12 2.26725e-13 4.58914e-14 8.76417e-15 1.14351e-15 
0 7.43998e-15 4.02203e-14 2.00909e-13 9.54438e-13 4.3147e-12 1.8555e-11 7.58762e-11 2.94903e-10 1.08883e-09 3.81682e-09 1.2695e-08 4.00373e-08 1.19642e-07 3.38508e-07 9.06098e-07 2.29277e-06 5.48012e-06 1.23637e-05 2.63133e-05 5.28072e-05 9.99242e-05 0.000178358 0.000300654 0.000479681 0.000726961 0.00105203 0.00146403 0.00197557 0.00260738 0.0033906 0.00436447 0.00556975 0.00704101 0.00880242 0.0108687 0.0132501 0.0159565 0.0189985 0.0223832 0.0261087 0.0301591 0.034503 0.0390956 0.043883 0.0488062 0.0538042 0.0588152 0.0637766 0.0686255 0.0732994 0.0777375 0.0818839 0.0856893 0.0891138 0.0921279 0.094713 0.0968607 0.0985724 0.0998571 0.100731 0.101215 0.101336 0.101123 0.100607 0.0998219 0.098802 0.0975816 0.0961946 0.0946735 0.0930491 0.0913499 0.0896019 0.0878283 0.0860496 0.0842837 0.0825456 0.0808479 0.0792011 0.0776135 0.0760917 0.0746406 0.0732641 0.0719647 0.0707439 0.0696026 0.0685411 0.0675592 0.0666563 0.0658314 0.0650835 0.0644116 0.0638144 0.0632906 0.0628393 0.0624593 0.0621498 0.0619098 0.0617389 0.0616366 0.0616025 0.0616366 0.0617389 0.0619098 0.0621498 0.0624593 0.0628393 0.0632906 0.0638144 0.0644116 0.0650835 0.0658314 0.0666563 0.0675592 0.0685411 0.0696026 0.0707439 0.0719647 0.0732641 0.0746406 0.0760917 0.0776135 0.0792011 0.0808479 0.0825456 0.0842837 0.0860496 0.0878283 0.0896019 0.0913499 0.0930491 0.0946735 0.0961946 0.0975816 0.098802 0.0998219 0.100607 0.101123 0.101336 0.101215 0.100731 0.0998571 0.0985724 0.0968607 0.094713 0.0921279 0.0891138 0.0856893 0.0818839 0.0777375 0.0732994 0.0686255 0.0637766 0.0588152 0.0538042 0.0488062 0.043883 0.0390956 0.034503 0.0301591 0.0261087 0.0223832 0.0189985 0.0159565 0.0132501 0.0108687 0.00880242 0.00704101 0.00556975 0.00436447 0.0033906 0.00260738 0.00197557 0.00146403 0.00105203 0.000726961 0.000479681 0.000300654 0.000178358 9.99242e-05 5.28072e-05 2.63133e-05 1.23637e-05 5.48012e-06 2.29277e-06 9.06098e-07 3.38508e-07 1.19642e-07 4.00373e-08 1.2695e-08 3.81682e-09 1.08883e-09 2.94903e-10 7.58762e-11 1.8555e-11 4.31469e-12 9.54427e-13 2.00844e-13 3.98562e-14 5.49697e-15 
0 3.34254e-14 1.74277e-13 8.37533e-13 3.82628e-12 1.66286e-11 6.87174e-11 2.699e-10 1.00701e-09 3.56693e-09 1.19869e-08 3.81915e-08 1.15276e-07 3.29365e-07 8.90053e-07 2.27288e-06 5.48012e-06 1.24651e-05 2.67294e-05 5.40056e-05 0.000102791 0.000184363 0.000311933 0.000498965 0.000757351 0.00109683 0.00152699 0.00206181 0.00272482 0.00355116 0.00458403 0.00586635 0.00743233 0.00930412 0.0114951 0.0140165 0.0168815 0.0201033 0.0236888 0.0276315 0.0319072 0.0364751 0.0412825 0.0462695 0.0513735 0.0565297 0.0616715 0.0667302 0.0716352 0.0763169 0.0807094 0.0847544 0.0884035 0.0916206 0.0943813 0.0966734 0.0984947 0.0998524 0.100761 0.101242 0.101323 0.101033 0.100409 0.0994873 0.0983072 0.0969079 0.0953282 0.0936052 0.091774 0.0898667 0.0879124 0.0859367 0.0839619 0.0820071 0.0800883 0.0782186 0.0764087 0.0746668 0.0729995 0.0714112 0.0699053 0.0684837 0.0671474 0.0658964 0.0647303 0.0636479 0.0626478 0.0617283 0.0608874 0.0601231 0.0594335 0.0588164 0.05827 0.0577924 0.057382 0.0570374 0.0567572 0.0565404 0.0563861 0.0562938 0.0562631 0.0562938 0.0563861 0.0565404 0.0567572 0.0570374 0.057382 0.0577924 0.05827 0.0588164 0.0594335 0.0601231 0.0608874 0.0617283 0.0626478 0.0636479 0.0647303 0.0658964 0.0671474 0.0684837 0.0699053 0.0714112 0.0729995 0.0746668 0.0764087 0.0782186 0.0800883 0.0820071 0.0839619 0.0859367 0.0879124 0.0898667 0.091774 0.0936052 0.0953282 0.0969079 0.0983072 0.0994873 0.100409 0.101033 0.101323 0.101242 0.100761 0.0998524 0.0984947 0.0966734 0.0943813 0.0916206 0.0884035 0.0847544 0.0807094 0.0763169 0.0716352 0.0667302 0.0616715 0.0565297 0.0513735 0.0462695 0.0412825 0.0364751 0.0319072 0.0276315 0.0236888 0.0201033 0.0168815 0.0140165 0.0114951 0.00930412 0.00743233 0.00586635 0.00458403 0.00355116 0.00272482 0.00206181 0.00152699 0.00109683 0.000757351 0.000498965 0.000311933 0.000184363 0.000102791 5.40056e-05 2.67294e-05 1.24651e-05 5.48012e-06 2.27288e-06 8.90053e-07 3.29365e-07 1.15276e-07 3.81915e-08 1.19869e-08 3.56693e-09 1.00701e-09 2.699e-10 6.87174e-11 1.66286e-11 3.82623e-12 8.37234e-13 1.72664e-13 2.51847e-14 
0 1.43038e-13 7.19353e-13 3.32549e-12 1.46071e-11 6.1009e-11 2.42189e-10 9.13274e-10 3.2694e-09 1.11035e-08 3.57483e-08 1.09021e-07 3.14667e-07 8.58797e-07 2.21423e-06 5.38816e-06 1.23637e-05 2.67294e-05 5.44107e-05 0.000104253 0.000188053 0.000319656 0.000513127 0.000780779 0.00113262 0.00157869 0.00213437 0.00282594 0.00369247 0.00478083 0.00613575 0.00779068 0.00976586 0.012074 0.0147286 0.0177467 0.0211438 0.0249249 0.0290767 0.0335656 0.0383424 0.043348 0.0485191 0.0537895 0.05909 0.0643469 0.0694828 0.0744187 0.0790785 0.0833934 0.0873056 0.0907704 0.0937566 0.0962458 0.0982308 0.0997149 0.10071 0.101236 0.101319 0.100994 0.100297 0.0992714 0.0979605 0.0964091 0.0946612 0.0927589 0.0907417 0.0886453 0.0865019 0.0843396 0.0821827 0.0800518 0.0779641 0.0759337 0.0739717 0.0720869 0.0702857 0.0685728 0.0669511 0.065422 0.0639859 0.0626423 0.0613898 0.0602263 0.0591495 0.0581567 0.0572451 0.0564117 0.0556535 0.0549676 0.0543512 0.0538018 0.053317 0.0528945 0.0525323 0.0522288 0.0519825 0.0517922 0.0516569 0.051576 0.0515491 0.051576 0.0516569 0.0517922 0.0519825 0.0522288 0.0525323 0.0528945 0.053317 0.0538018 0.0543512 0.0549676 0.0556535 0.0564117 0.0572451 0.0581567 0.0591495 0.0602263 0.0613898 0.0626423 0.0639859 0.065422 0.0669511 0.0685728 0.0702857 0.0720869 0.0739717 0.0759337 0.0779641 0.0800518 0.0821827 0.0843396 0.0865019 0.0886453 0.0907417 0.0927589 0.0946612 0.0964091 0.0979605 0.0992714 0.100297 0.100994 0.101319 0.101236 0.10071 0.0997149 0.0982308 0.0962458 0.0937566 0.0907704 0.0873056 0.0833934 0.0790785 0.0744187 0.0694828 0.0643469 0.05909 0.0537895 0.0485191 0.043348 0.0383424 0.0335656 0.0290767 0.0249249 0.0211438 0.0177467 0.0147286 0.012074 0.00976586 0.00779068 0.00613575 0.00478083 0.00369247 0.00282594 0.00213437 0.00157869 0.00113262 0.000780779 0.000513127 0.000319656 0.000188053 0.000104253 5.44107e-05 2.67294e-05 1.23637e-05 5.38816e-06 2.21423e-06 8.58797e-07 3.14667e-07 1.09021e-07 3.57483e-08 1.11035e-08 3.2694e-09 9.13274e-10 2.42189e-10 6.1009e-11 1.46068e-11 3.32418e-12 7.12592e-13 1.09978e-13 
