0 0 0 0 0 0 0 0 0 0 0 0 0 0 0 0 0 0 0 0 0 0 0 0 0 0 0 0 0 0 0 0 0 0 0 0 0 0 0 0 0 0 0 0 0 0 0 0 0 0 0 0 0 0 0 0 0 0 0 0 0 0 0 0 0 0 0 0 0 0 0 0 0 0 0 0 0 0 0 0 0 0 0 0 0 0 0 0 0 0 0 0 0 0 0 0 0 0 0 0 0 0 0 0 0 0 0 0 0 0 0 0 0 0 0 0 0 0 0 0 0 0 0 0 0 0 0 0 0 0 0 0 0 0 0 0 0 0 0 0 0 0 0 0 0 0 0 0 0 0 0 0 0 0 0 0 0 0 0 0 0 0 0 0 0 0 0 0 0 0 0 0 0 0 0 0 0 0 0 0 0 0 0 0 0 0 0 0 0 0 0 0 0 0 0 0 0 0 0 0 
0 0.000227079 0.000455618 0.000689455 0.000937874 0.00121834 0.00155613 0.00197852 0.00250446 0.00313556 0.00385544 0.00464002 0.00547237 0.00635016 0.00727846 0.00825213 0.00924227 0.0101982 0.0110639 0.0117954 0.0123676 0.0127673 0.0129805 0.0129854 0.0127561 0.0122729 0.0115327 0.0105527 0.00936564 0.00801152 0.00652999 0.00495684 0.0033251 0.00166817 2.22025e-05 -0.00157411 -0.00308242 -0.00446884 -0.00570763 -0.00678303 -0.00768893 -0.0084269 -0.00900353 -0.00942805 -0.00971078 -0.00986253 -0.00989482 -0.00982021 -0.00965263 -0.00940727 -0.00910009 -0.00874703 -0.00836308 -0.00796156 -0.00755357 -0.00714779 -0.00675058 -0.00636628 -0.00599765 -0.00564632 -0.0053132 -0.00499876 -0.00470328 -0.00442689 -0.00416963 -0.00393143 -0.00371207 -0.00351113 -0.003328 -0.00316183 -0.00301165 -0.00287631 -0.00275457 -0.00264517 -0.00254685 -0.0024584 -0.00237869 -0.00230669 -0.00224148 -0.00218227 -0.00212838 -0.00207923 -0.00203433 -0.00199327 -0.00195574 -0.00192144 -0.00189014 -0.00186167 -0.00183584 -0.00181253 -0.00179161 -0.00177298 -0.00175655 -0.00174223 -0.00172996 -0.00171968 -0.00171134 -0.00170489 -0.00170031 -0.00169757 -0.00169665 -0.00169757 -0.00170031 -0.00170489 -0.00171134 -0.00171968 -0.00172996 -0.00174223 -0.00175655 -0.00177298 -0.00179161 -0.00181253 -0.00183584 -0.00186167 -0.00189014 -0.00192144 -0.00195574 -0.00199327 -0.00203433 -0.00207923 -0.00212838 -0.00218227 -0.00224148 -0.00230669 -0.00237869 -0.0024584 -0.00254685 -0.00264517 -0.00275457 -0.00287631 -0.00301165 -0.00316183 -0.003328 -0.00351113 -0.00371207 -0.00393143 -0.00416963 -0.00442689 -0.00470328 -0.00499876 -0.0053132 -0.00564632 -0.00599765 -0.00636628 -0.00675058 -0.00714779 -0.00755357 -0.00796156 -0.00836308 -0.00874703 -0.00910009 -0.00940727 -0.00965263 -0.00982021 -0.00989482 -0.00986253 -0.00971078 -0.00942805 -0.00900353 -0.0084269 -0.00768893 -0.00678303 -0.00570763 -0.00446884 -0.00308242 -0.00157411 2.22025e-05 0.00166817 0.0033251 0.00495684 0.00652999 0.00801152 0.00936564 0.0105527 0.0115327 0.0122729 0.0127561 0.0129854 0.0129805 0.0127673 0.0123676 0.0117954 0.0110639 0.0101982 0.00924227 0.00825213 0.00727846 0.00635017 0.00547238 0.00464009 0.00385567 0.00313627 0.00250644 0.00198354 0.00156796 0.00124429 0.000991014 0.000791137 0.000637634 0.000532217 
0 0.000455618 0.000916363 0.00139314 0.00190787 0.00249587 0.00320197 0.00406913 0.00512376 0.00636649 0.00777572 0.00932225 0.0109842 0.0127498 0.0146047 0.0165154 0.018422 0.0202458 0.0219054 0.0233288 0.0244567 0.025238 0.0256265 0.025581 0.025071 0.0240832 0.0226254 0.0207262 0.0184317 0.0158014 0.0129036 0.00981292 0.00660703 0.00336456 0.000161926 -0.0029297 -0.00584728 -0.00853811 -0.0109611 -0.0130872 -0.014899 -0.0163901 -0.0175638 -0.0184319 -0.019013 -0.0193312 -0.0194142 -0.0192921 -0.0189956 -0.018555 -0.0179993 -0.0173552 -0.0166472 -0.0158969 -0.015123 -0.0143416 -0.0135662 -0.0128074 -0.0120739 -0.0113721 -0.0107065 -0.0100799 -0.00949388 -0.00894879 -0.00844406 -0.00797846 -0.00755026 -0.00715742 -0.00679774 -0.00646891 -0.00616866 -0.00589475 -0.00564507 -0.00541761 -0.0052105 -0.00502201 -0.00485052 -0.00469457 -0.0045528 -0.00442397 -0.00430696 -0.00420073 -0.00410436 -0.00401701 -0.00393791 -0.00386638 -0.00380182 -0.00374369 -0.00369151 -0.00364484 -0.00360333 -0.00356665 -0.00353451 -0.00350668 -0.00348294 -0.00346313 -0.00344711 -0.00343477 -0.00342601 -0.00342078 -0.00341904 -0.00342078 -0.00342601 -0.00343477 -0.00344711 -0.00346313 -0.00348294 -0.00350668 -0.00353451 -0.00356665 -0.00360333 -0.00364484 -0.00369151 -0.00374369 -0.00380182 -0.00386638 -0.00393791 -0.00401701 -0.00410436 -0.00420073 -0.00430696 -0.00442397 -0.0045528 -0.00469457 -0.00485052 -0.00502201 -0.0052105 -0.00541761 -0.00564507 -0.00589475 -0.00616866 -0.00646891 -0.00679774 -0.00715742 -0.00755026 -0.00797846 -0.00844406 -0.00894879 -0.00949388 -0.0100799 -0.0107065 -0.0113721 -0.0120739 -0.0128074 -0.0135662 -0.0143416 -0.015123 -0.0158969 -0.0166472 -0.0173552 -0.0179993 -0.018555 -0.0189956 -0.0192921 -0.0194142 -0.0193312 -0.019013 -0.0184319 -0.0175638 -0.0163901 -0.014899 -0.0130872 -0.0109611 -0.00853811 -0.00584728 -0.0029297 0.000161926 0.00336456 0.00660703 0.00981292 0.0129036 0.0158014 0.0184317 0.0207262 0.0226254 0.0240832 0.025071 0.025581 0.0256265 0.025238 0.0244567 0.0233288 0.0219054 0.0202458 0.018422 0.0165154 0.0146047 0.0127498 0.0109843 0.0093225 0.00777648 0.00636864 0.00512934 0.00408265 0.00323244 0.00256006 0.00203446 0.00162709 0.00132205 0.00111674 
0 0.000689455 0.00139314 0.00213453 0.00295156 0.00389467 0.00501688 0.0063602 0.00794602 0.00977537 0.0118375 0.0141175 0.0165949 0.019234 0.0219766 0.0247454 0.0274559 0.0300242 0.0323653 0.0343871 0.0359892 0.0370737 0.0375602 0.0373973 0.0365648 0.0350673 0.032927 0.0301801 0.0268783 0.0230931 0.0189169 0.0144596 0.00984081 0.00517927 0.000585045 -0.00384576 -0.00803237 -0.0119084 -0.0154207 -0.0185281 -0.021202 -0.0234273 -0.0252028 -0.0265409 -0.0274662 -0.0280127 -0.0282209 -0.028134 -0.0277958 -0.0272484 -0.0265309 -0.0256792 -0.0247257 -0.0236997 -0.0226272 -0.0215314 -0.0204323 -0.019347 -0.0182897 -0.0172714 -0.0163002 -0.0153817 -0.0145191 -0.0137135 -0.0129647 -0.0122711 -0.0116305 -0.01104 -0.0104967 -0.00999732 -0.00953892 -0.00911849 -0.00873324 -0.00838055 -0.00805795 -0.00776316 -0.00749404 -0.00724859 -0.00702495 -0.00682138 -0.00663625 -0.00646807 -0.00631543 -0.00617708 -0.00605184 -0.00593864 -0.00583653 -0.00574465 -0.00566223 -0.00558858 -0.00552311 -0.0054653 -0.00541467 -0.00537086 -0.00533351 -0.00530236 -0.00527717 -0.00525776 -0.005244 -0.00523578 -0.00523304 -0.00523578 -0.005244 -0.00525776 -0.00527717 -0.00530236 -0.00533351 -0.00537086 -0.00541467 -0.0054653 -0.00552311 -0.00558858 -0.00566223 -0.00574465 -0.00583653 -0.00593864 -0.00605184 -0.00617708 -0.00631543 -0.00646807 -0.00663625 -0.00682138 -0.00702495 -0.00724859 -0.00749404 -0.00776316 -0.00805795 -0.00838055 -0.00873324 -0.00911849 -0.00953892 -0.00999732 -0.0104967 -0.01104 -0.0116305 -0.0122711 -0.0129647 -0.0137135 -0.0145191 -0.0153817 -0.0163002 -0.0172714 -0.0182897 -0.019347 -0.0204323 -0.0215314 -0.0226272 -0.0236997 -0.0247257 -0.0256792 -0.0265309 -0.0272484 -0.0277958 -0.028134 -0.0282209 -0.0280127 -0.0274662 -0.0265409 -0.0252028 -0.0234273 -0.021202 -0.0185281 -0.0154207 -0.0119084 -0.00803237 -0.00384576 0.000585045 0.00517927 0.00984081 0.0144596 0.0189169 0.0230931 0.0268783 0.0301801 0.032927 0.0350673 0.0365648 0.0373973 0.0375602 0.0370737 0.0359892 0.0343871 0.0323653 0.0300242 0.0274559 0.0247454 0.0219766 0.0192341 0.0165951 0.0141182 0.0118395 0.00978078 0.00795926 0.0063904 0.00508136 0.00402369 0.00319382 0.002562 0.00210324 0.00180291 
0 0.000937874 0.00190787 0.00295156 0.004122 0.00547587 0.00706061 0.00890596 0.0110265 0.0134314 0.0161293 0.0191185 0.0223684 0.0258084 0.0293384 0.0328512 0.0362493 0.0394413 0.0423267 0.0447876 0.0466966 0.0479366 0.0484184 0.0480887 0.0469273 0.0449403 0.0421558 0.0386235 0.0344158 0.0296292 0.0243802 0.0187998 0.0130251 0.00719157 0.00142758 -0.0041501 -0.00943889 -0.0143523 -0.0188214 -0.0227953 -0.0262417 -0.0291457 -0.0315085 -0.0333451 -0.0346818 -0.0355537 -0.0360024 -0.0360736 -0.0358154 -0.0352766 -0.0345051 -0.0335467 -0.0324443 -0.0312365 -0.0299579 -0.0286383 -0.027303 -0.0259729 -0.0246649 -0.0233924 -0.0221656 -0.0209921 -0.0198771 -0.018824 -0.0178347 -0.0169096 -0.0160482 -0.015249 -0.0145099 -0.0138282 -0.013201 -0.012625 -0.0120967 -0.0116129 -0.0111702 -0.0107653 -0.0103952 -0.010057 -0.0097481 -0.00946598 -0.00920844 -0.00897344 -0.00875916 -0.00856395 -0.00838632 -0.00822497 -0.0080787 -0.00794647 -0.00782733 -0.00772046 -0.00762511 -0.00754065 -0.00746651 -0.00740218 -0.00734725 -0.00730136 -0.00726421 -0.00723556 -0.00721523 -0.00720308 -0.00719904 -0.00720308 -0.00721523 -0.00723556 -0.00726421 -0.00730136 -0.00734725 -0.00740218 -0.00746651 -0.00754065 -0.00762511 -0.00772046 -0.00782733 -0.00794647 -0.0080787 -0.00822497 -0.00838632 -0.00856395 -0.00875916 -0.00897344 -0.00920844 -0.00946598 -0.0097481 -0.010057 -0.0103952 -0.0107653 -0.0111702 -0.0116129 -0.0120967 -0.012625 -0.013201 -0.0138282 -0.0145099 -0.015249 -0.0160482 -0.0169096 -0.0178347 -0.018824 -0.0198771 -0.0209921 -0.0221656 -0.0233924 -0.0246649 -0.0259729 -0.027303 -0.0286383 -0.0299579 -0.0312365 -0.0324443 -0.0335467 -0.0345051 -0.0352766 -0.0358154 -0.0360736 -0.0360024 -0.0355537 -0.0346818 -0.0333451 -0.0315085 -0.0291457 -0.0262417 -0.0227953 -0.0188214 -0.0143523 -0.00943889 -0.0041501 0.00142758 0.00719157 0.0130251 0.0187998 0.0243802 0.0296292 0.0344158 0.0386235 0.0421558 0.0449403 0.0469273 0.0480887 0.0484184 0.0479366 0.0466966 0.0447876 0.0423267 0.0394413 0.0362493 0.0328512 0.0293385 0.0258086 0.022369 0.0191205 0.0161344 0.013444 0.0110554 0.00896822 0.00718626 0.00571399 0.0045463 0.00366376 0.00303726 0.00263716 
0 0.00121834 0.00249587 0.00389467 0.00547587 0.00729001 0.00937006 0.0117353 0.0144032 0.0173964 0.0207319 0.0243973 0.0283351 0.0324481 0.0366231 0.040748 0.0447105 0.0483875 0.0516426 0.0543382 0.0563507 0.0575791 0.0579452 0.0573924 0.055888 0.0534302 0.0500535 0.0458298 0.0408613 0.0352703 0.0291894 0.0227553 0.0161063 0.00938128 0.00271716 -0.003755 -0.00991606 -0.0156647 -0.0209217 -0.0256311 -0.0297593 -0.033292 -0.0362305 -0.0385885 -0.0403895 -0.041665 -0.0424534 -0.0427992 -0.0427508 -0.0423598 -0.0416786 -0.0407584 -0.039648 -0.0383922 -0.0370307 -0.0355985 -0.0341253 -0.0326358 -0.0311508 -0.0296873 -0.0282587 -0.026876 -0.0255476 -0.0242797 -0.0230769 -0.0219418 -0.0208757 -0.0198787 -0.0189498 -0.018087 -0.017288 -0.0165496 -0.0158685 -0.0152413 -0.0146643 -0.0141342 -0.0136474 -0.0132008 -0.0127913 -0.012416 -0.0120723 -0.0117578 -0.0114703 -0.0112078 -0.0109686 -0.0107509 -0.0105532 -0.0103744 -0.010213 -0.0100682 -0.00993888 -0.00982426 -0.0097236 -0.00963623 -0.0095616 -0.00949923 -0.00944873 -0.00940978 -0.00938213 -0.00936561 -0.00936012 -0.00936561 -0.00938213 -0.00940978 -0.00944873 -0.00949923 -0.0095616 -0.00963623 -0.0097236 -0.00982426 -0.00993888 -0.0100682 -0.010213 -0.0103744 -0.0105532 -0.0107509 -0.0109686 -0.0112078 -0.0114703 -0.0117578 -0.0120723 -0.012416 -0.0127913 -0.0132008 -0.0136474 -0.0141342 -0.0146643 -0.0152413 -0.0158685 -0.0165496 -0.017288 -0.018087 -0.0189498 -0.0198787 -0.0208757 -0.0219418 -0.0230769 -0.0242797 -0.0255476 -0.026876 -0.0282587 -0.0296873 -0.0311508 -0.0326358 -0.0341253 -0.0355985 -0.0370307 -0.0383922 -0.039648 -0.0407584 -0.0416786 -0.0423598 -0.0427508 -0.0427992 -0.0424534 -0.041665 -0.0403895 -0.0385885 -0.0362305 -0.033292 -0.0297593 -0.0256311 -0.0209217 -0.0156647 -0.00991606 -0.003755 0.00271716 0.00938128 0.0161063 0.0227553 0.0291894 0.0352703 0.0408613 0.0458298 0.0500535 0.0534302 0.055888 0.0573924 0.0579452 0.0575791 0.0563507 0.0543382 0.0516426 0.0483875 0.0447105 0.0407481 0.0366233 0.0324487 0.0283369 0.0244021 0.0207436 0.0174237 0.0144624 0.0118556 0.00959987 0.00770272 0.00617403 0.00501035 0.0041875 0.00366754 
0 0.00155613 0.00320197 0.00501688 0.00706061 0.00937006 0.0119668 0.014872 0.0181141 0.0217188 0.025684 0.0299635 0.0344742 0.0391174 0.0437906 0.0483781 0.0527373 0.0567047 0.0601207 0.0628518 0.0647942 0.0658646 0.0659923 0.0651219 0.0632246 0.0603093 0.0564266 0.0516637 0.0461333 0.0399634 0.0332907 0.0262566 0.0190055 0.0116812 0.00442296 -0.00263947 -0.00939082 -0.0157334 -0.0215887 -0.0268976 -0.0316194 -0.0357307 -0.0392239 -0.0421057 -0.0443955 -0.0461228 -0.0473256 -0.0480477 -0.0483365 -0.0482413 -0.0478116 -0.0470958 -0.0461407 -0.0449905 -0.0436863 -0.0422662 -0.0407646 -0.0392119 -0.0376349 -0.0360563 -0.0344951 -0.0329664 -0.0314825 -0.0300522 -0.0286823 -0.027377 -0.026139 -0.0249694 -0.0238685 -0.0228353 -0.0218685 -0.0209661 -0.0201257 -0.0193449 -0.0186208 -0.0179507 -0.0173315 -0.0167604 -0.0162344 -0.0157507 -0.0153066 -0.0148995 -0.0145268 -0.0141863 -0.0138757 -0.013593 -0.0133364 -0.0131042 -0.0128948 -0.0127068 -0.012539 -0.0123903 -0.0122597 -0.0121464 -0.0120496 -0.0119687 -0.0119032 -0.0118527 -0.0118168 -0.0117954 -0.0117882 -0.0117954 -0.0118168 -0.0118527 -0.0119032 -0.0119687 -0.0120496 -0.0121464 -0.0122597 -0.0123903 -0.012539 -0.0127068 -0.0128948 -0.0131042 -0.0133364 -0.013593 -0.0138757 -0.0141863 -0.0145268 -0.0148995 -0.0153066 -0.0157507 -0.0162344 -0.0167604 -0.0173315 -0.0179507 -0.0186208 -0.0193449 -0.0201257 -0.0209661 -0.0218685 -0.0228353 -0.0238685 -0.0249694 -0.026139 -0.027377 -0.0286823 -0.0300522 -0.0314825 -0.0329664 -0.0344951 -0.0360563 -0.0376349 -0.0392119 -0.0407646 -0.0422662 -0.0436863 -0.0449905 -0.0461407 -0.0470958 -0.0478116 -0.0482413 -0.0483365 -0.0480477 -0.0473256 -0.0461228 -0.0443955 -0.0421057 -0.0392239 -0.0357307 -0.0316194 -0.0268976 -0.0215887 -0.0157334 -0.00939082 -0.00263947 0.00442296 0.0116812 0.0190055 0.0262566 0.0332907 0.0399634 0.0461333 0.0516637 0.0564266 0.0603093 0.0632246 0.0651219 0.0659923 0.0658646 0.0647942 0.0628518 0.0601207 0.0567047 0.0527374 0.0483783 0.0437912 0.039119 0.0344785 0.0299744 0.0257093 0.0217743 0.0182279 0.0150911 0.0123635 0.0100463 0.00814919 0.00667865 0.00562294 0.00495081 
0 0.00197852 0.00406913 0.0063602 0.00890596 0.0117353 0.014872 0.018348 0.0221937 0.0264123 0.0309618 0.0357648 0.0407342 0.0457834 0.0508092 0.0556719 0.0602003 0.0642228 0.0675929 0.0701922 0.0719215 0.0726964 0.0724547 0.0711648 0.0688311 0.0654913 0.0612096 0.0560706 0.0501774 0.0436516 0.0366303 0.0292609 0.0216928 0.0140685 0.00651784 -0.000844544 -0.00791894 -0.014619 -0.0208708 -0.0266131 -0.0317983 -0.0363946 -0.0403859 -0.0437721 -0.0465663 -0.0487932 -0.050485 -0.0516795 -0.0524175 -0.0527413 -0.052694 -0.0523189 -0.0516588 -0.0507562 -0.0496519 -0.0483851 -0.0469924 -0.0455075 -0.0439605 -0.0423779 -0.0407824 -0.039193 -0.0376256 -0.0360926 -0.0346042 -0.0331678 -0.031789 -0.0304719 -0.0292191 -0.0280319 -0.0269108 -0.0258554 -0.0248649 -0.0239376 -0.0230718 -0.0222651 -0.0215152 -0.0208193 -0.0201749 -0.0195793 -0.0190296 -0.0185234 -0.0180579 -0.0176308 -0.0172398 -0.0168827 -0.0165575 -0.0162623 -0.0159954 -0.0157553 -0.0155405 -0.0153498 -0.0151821 -0.0150363 -0.0149117 -0.0148074 -0.0147229 -0.0146577 -0.0146114 -0.0145837 -0.0145745 -0.0145837 -0.0146114 -0.0146577 -0.0147229 -0.0148074 -0.0149117 -0.0150363 -0.0151821 -0.0153498 -0.0155405 -0.0157553 -0.0159954 -0.0162623 -0.0165575 -0.0168827 -0.0172398 -0.0176308 -0.0180579 -0.0185234 -0.0190296 -0.0195793 -0.0201749 -0.0208193 -0.0215152 -0.0222651 -0.0230718 -0.0239376 -0.0248649 -0.0258554 -0.0269108 -0.0280319 -0.0292191 -0.0304719 -0.031789 -0.0331678 -0.0346042 -0.0360926 -0.0376256 -0.039193 -0.0407824 -0.0423779 -0.0439605 -0.0455075 -0.0469924 -0.0483851 -0.0496519 -0.0507562 -0.0516588 -0.0523189 -0.052694 -0.0527413 -0.0524175 -0.0516795 -0.050485 -0.0487932 -0.0465663 -0.0437721 -0.0403859 -0.0363946 -0.0317983 -0.0266131 -0.0208708 -0.014619 -0.00791894 -0.000844544 0.00651784 0.0140685 0.0216928 0.0292609 0.0366303 0.0436516 0.0501774 0.0560706 0.0612096 0.0654913 0.0688311 0.0711648 0.0724547 0.0726964 0.0719215 0.0701922 0.0675929 0.0642229 0.0602005 0.0556724 0.0508107 0.0457873 0.0407441 0.0357881 0.0310132 0.0265186 0.0224003 0.0187251 0.0155205 0.0127875 0.0105238 0.00873226 0.00741335 0.00655779 
0 0.00250446 0.00512376 0.00794602 0.0110265 0.0144032 0.0181141 0.0221937 0.0266489 0.0314406 0.0364936 0.0417253 0.0470564 0.0523924 0.0575996 0.0625132 0.0669695 0.0708286 0.0739683 0.0762718 0.0776333 0.0779761 0.0772662 0.0755107 0.072748 0.069035 0.0644411 0.0590494 0.0529612 0.0462957 0.0391848 0.0317655 0.024171 0.0165252 0.00894087 0.00151937 -0.00564902 -0.0124848 -0.0189199 -0.0248988 -0.0303789 -0.0353302 -0.0397347 -0.0435851 -0.0468836 -0.0496407 -0.0518741 -0.053608 -0.0548723 -0.0557009 -0.0561314 -0.0562032 -0.0559562 -0.0554305 -0.0546645 -0.0536951 -0.0525569 -0.0512819 -0.0499 -0.0484382 -0.0469211 -0.045371 -0.0438075 -0.0422476 -0.0407061 -0.0391953 -0.0377252 -0.0363038 -0.0349372 -0.0336295 -0.0323836 -0.0312011 -0.0300824 -0.0290272 -0.0280346 -0.0271032 -0.026231 -0.025416 -0.0246561 -0.0239488 -0.023292 -0.0226831 -0.0221201 -0.0216006 -0.0211224 -0.0206837 -0.0202823 -0.0199165 -0.0195847 -0.0192851 -0.0190165 -0.0187773 -0.0185665 -0.018383 -0.0182259 -0.0180942 -0.0179875 -0.017905 -0.0178464 -0.0178114 -0.0177997 -0.0178114 -0.0178464 -0.017905 -0.0179875 -0.0180942 -0.0182259 -0.018383 -0.0185665 -0.0187773 -0.0190165 -0.0192851 -0.0195847 -0.0199165 -0.0202823 -0.0206837 -0.0211224 -0.0216006 -0.0221201 -0.0226831 -0.023292 -0.0239488 -0.0246561 -0.025416 -0.026231 -0.0271032 -0.0280346 -0.0290272 -0.0300824 -0.0312011 -0.0323836 -0.0336295 -0.0349372 -0.0363038 -0.0377252 -0.0391953 -0.0407061 -0.0422476 -0.0438075 -0.045371 -0.0469211 -0.0484382 -0.0499 -0.0512819 -0.0525569 -0.0536951 -0.0546645 -0.0554305 -0.0559562 -0.0562032 -0.0561314 -0.0557009 -0.0548723 -0.053608 -0.0518741 -0.0496407 -0.0468836 -0.0435851 -0.0397347 -0.0353302 -0.0303789 -0.0248988 -0.0189199 -0.0124848 -0.00564902 0.00151937 0.00894087 0.0165252 0.024171 0.0317655 0.0391848 0.0462957 0.0529612 0.0590494 0.0644411 0.069035 0.072748 0.0755107 0.0772662 0.0779761 0.0776333 0.0762718 0.0739683 0.0708287 0.0669699 0.0625145 0.0576031 0.0524013 0.0470775 0.0417722 0.0365918 0.031633 0.0270037 0.0228094 0.0191219 0.0159653 0.0133331 0.0112172 0.00962438 0.00857222 
0 0.00313556 0.00636649 0.00977537 0.0134314 0.0173964 0.0217188 0.0264123 0.0314406 0.0367294 0.0421984 0.0477727 0.0533613 0.058831 0.0640183 0.0687688 0.0729577 0.0764734 0.0791986 0.08102 0.0818547 0.0816643 0.0804497 0.0782403 0.0750852 0.0710491 0.0662139 0.0606786 0.0545539 0.0479533 0.0409886 0.0337667 0.0263903 0.0189591 0.0115696 0.00431253 -0.0027309 -0.00949134 -0.0159128 -0.0219514 -0.0275731 -0.0327515 -0.0374659 -0.041701 -0.0454471 -0.0487013 -0.0514675 -0.0537573 -0.0555888 -0.0569861 -0.0579775 -0.0585939 -0.0588681 -0.058833 -0.0585217 -0.0579666 -0.0571993 -0.0562504 -0.0551491 -0.0539233 -0.0525993 -0.0512014 -0.049752 -0.048271 -0.0467763 -0.0452834 -0.0438055 -0.0423536 -0.0409368 -0.0395625 -0.0382362 -0.0369621 -0.0357434 -0.034582 -0.033479 -0.0324347 -0.031449 -0.0305211 -0.02965 -0.0288342 -0.0280723 -0.0273625 -0.0267029 -0.0260918 -0.025527 -0.0250069 -0.0245295 -0.0240932 -0.0236961 -0.0233368 -0.0230138 -0.0227256 -0.0224712 -0.0222493 -0.0220589 -0.0218993 -0.0217697 -0.0216695 -0.0215983 -0.0215557 -0.0215415 -0.0215557 -0.0215983 -0.0216695 -0.0217697 -0.0218993 -0.0220589 -0.0222493 -0.0224712 -0.0227256 -0.0230138 -0.0233368 -0.0236961 -0.0240932 -0.0245295 -0.0250069 -0.025527 -0.0260918 -0.0267029 -0.0273625 -0.0280723 -0.0288342 -0.02965 -0.0305211 -0.031449 -0.0324347 -0.033479 -0.034582 -0.0357434 -0.0369621 -0.0382362 -0.0395625 -0.0409368 -0.0423536 -0.0438055 -0.0452834 -0.0467763 -0.048271 -0.049752 -0.0512014 -0.0525993 -0.0539233 -0.0551491 -0.0562504 -0.0571993 -0.0579666 -0.0585217 -0.058833 -0.0588681 -0.0585939 -0.0579775 -0.0569861 -0.0555888 -0.0537573 -0.0514675 -0.0487013 -0.0454471 -0.041701 -0.0374659 -0.0327515 -0.0275731 -0.0219514 -0.0159128 -0.00949134 -0.0027309 0.00431253 0.0115696 0.0189591 0.0263903 0.0337667 0.0409886 0.0479533 0.0545539 0.0606786 0.0662139 0.0710491 0.0750852 0.0782403 0.0804497 0.0816643 0.0818547 0.08102 0.0791987 0.0764738 0.0729588 0.0687719 0.0640262 0.0588498 0.0534037 0.0478622 0.0423757 0.0370596 0.0320193 0.0273687 0.0232145 0.0196224 0.0166094 0.0141707 0.0123163 0.0110817 
0 0.00385544 0.00777572 0.0118375 0.0161293 0.0207319 0.025684 0.0309618 0.0364936 0.0421984 0.0480034 0.0538213 0.0595197 0.0649337 0.0699115 0.0743368 0.0781063 0.0811069 0.0832306 0.0844068 0.0846083 0.0838364 0.082109 0.0794617 0.0759513 0.0716584 0.0666848 0.0611405 0.0551315 0.0487542 0.0420966 0.0352407 0.0282664 0.0212521 0.0142719 0.00739319 0.000675212 -0.00583141 -0.0120832 -0.0180421 -0.0236749 -0.0289526 -0.0338509 -0.0383506 -0.0424377 -0.046104 -0.0493461 -0.0521652 -0.0545671 -0.0565613 -0.0581612 -0.0593838 -0.0602499 -0.0607829 -0.0610093 -0.0609569 -0.0606549 -0.0601325 -0.0594186 -0.0585408 -0.0575254 -0.0563969 -0.0551781 -0.0538896 -0.0525504 -0.0511775 -0.0497861 -0.0483899 -0.0470009 -0.0456294 -0.0442844 -0.0429733 -0.0417024 -0.0404766 -0.0392997 -0.0381745 -0.0371028 -0.0360859 -0.0351242 -0.0342176 -0.0333655 -0.0325672 -0.0318215 -0.0311272 -0.0304827 -0.0298866 -0.0293374 -0.0288334 -0.0283734 -0.0279557 -0.0275792 -0.0272424 -0.0269443 -0.0266838 -0.0264599 -0.0262719 -0.026119 -0.0260007 -0.0259165 -0.0258661 -0.0258494 -0.0258661 -0.0259165 -0.0260007 -0.026119 -0.0262719 -0.0264599 -0.0266838 -0.0269443 -0.0272424 -0.0275792 -0.0279557 -0.0283734 -0.0288334 -0.0293374 -0.0298866 -0.0304827 -0.0311272 -0.0318215 -0.0325672 -0.0333655 -0.0342176 -0.0351242 -0.0360859 -0.0371028 -0.0381745 -0.0392997 -0.0404766 -0.0417024 -0.0429733 -0.0442844 -0.0456294 -0.0470009 -0.0483899 -0.0497861 -0.0511775 -0.0525504 -0.0538896 -0.0551781 -0.0563969 -0.0575254 -0.0585408 -0.0594186 -0.0601325 -0.0606549 -0.0609569 -0.0610093 -0.0607829 -0.0602499 -0.0593838 -0.0581612 -0.0565613 -0.0545671 -0.0521652 -0.0493461 -0.046104 -0.0424377 -0.0383506 -0.0338509 -0.0289526 -0.0236749 -0.0180421 -0.0120832 -0.00583141 0.000675212 0.00739319 0.0142719 0.0212521 0.0282664 0.0352407 0.0420966 0.0487542 0.0551315 0.0611405 0.0666848 0.0716584 0.0759513 0.0794617 0.082109 0.0838364 0.0846083 0.0844069 0.083231 0.0811079 0.078109 0.0743436 0.0699281 0.0649715 0.0596002 0.0539827 0.0483073 0.0427368 0.0373927 0.0323816 0.0278156 0.0237977 0.0203947 0.017637 0.0155479 0.014165 
0 0.00464002 0.00932225 0.0141175 0.0191185 0.0243973 0.0299635 0.0357648 0.0417253 0.0477727 0.0538213 0.0597403 0.0653646 0.070544 0.0751672 0.0791343 0.0823306 0.0846511 0.08604 0.0864906 0.0860149 0.0846315 0.0823751 0.0793035 0.0754966 0.0710514 0.0660699 0.0606473 0.0548709 0.0488229 0.04258 0.036212 0.029781 0.0233383 0.0169257 0.0105792 0.0043328 -0.00177985 -0.00772342 -0.0134632 -0.0189671 -0.0242065 -0.0291577 -0.0338017 -0.0381224 -0.0421068 -0.0457434 -0.0490231 -0.0519394 -0.0544891 -0.0566731 -0.0584971 -0.0599712 -0.0611098 -0.061931 -0.0624554 -0.0627058 -0.0627058 -0.06248 -0.0620528 -0.0614481 -0.0606895 -0.0597994 -0.0587995 -0.05771 -0.0565499 -0.0553368 -0.0540867 -0.0528142 -0.0515321 -0.050252 -0.0489837 -0.0477357 -0.0465153 -0.0453284 -0.0441799 -0.0430737 -0.0420128 -0.0409993 -0.040035 -0.0391207 -0.0382571 -0.0374442 -0.036682 -0.0359699 -0.0353073 -0.0346936 -0.0341276 -0.0336087 -0.0331357 -0.0327077 -0.0323237 -0.0319828 -0.0316842 -0.0314271 -0.0312108 -0.0310347 -0.0308982 -0.030801 -0.0307428 -0.0307234 -0.0307428 -0.030801 -0.0308982 -0.0310347 -0.0312108 -0.0314271 -0.0316842 -0.0319828 -0.0323237 -0.0327077 -0.0331357 -0.0336087 -0.0341276 -0.0346936 -0.0353073 -0.0359699 -0.036682 -0.0374442 -0.0382571 -0.0391207 -0.040035 -0.0409993 -0.0420128 -0.0430737 -0.0441799 -0.0453284 -0.0465153 -0.0477357 -0.0489837 -0.050252 -0.0515321 -0.0528142 -0.0540867 -0.0553368 -0.0565499 -0.05771 -0.0587995 -0.0597994 -0.0606895 -0.0614481 -0.0620528 -0.06248 -0.0627058 -0.0627058 -0.0624554 -0.061931 -0.0611098 -0.0599712 -0.0584971 -0.0566731 -0.0544891 -0.0519394 -0.0490231 -0.0457434 -0.0421068 -0.0381224 -0.0338017 -0.0291577 -0.0242065 -0.0189671 -0.0134632 -0.00772342 -0.00177985 0.0043328 0.0105792 0.0169257 0.0233383 0.029781 0.036212 0.04258 0.0488229 0.0548709 0.0606473 0.0660699 0.0710514 0.0754966 0.0793035 0.0823751 0.0846315 0.086015 0.0864909 0.0860408 0.0846533 0.0823365 0.0791487 0.0752004 0.0706156 0.0655097 0.0600168 0.0543169 0.0486097 0.0430612 0.0377899 0.0329002 0.0285098 0.0247377 0.021676 0.0193804 0.0178832 
0 0.00547237 0.0109842 0.0165949 0.0223684 0.0283351 0.0344742 0.0407342 0.0470564 0.0533613 0.0595197 0.0653646 0.0707448 0.0755536 0.0796957 0.0830557 0.0855277 0.0870654 0.0876766 0.0873821 0.0862049 0.0841914 0.0814177 0.0779749 0.0739597 0.0694653 0.0645746 0.0593638 0.0539101 0.0482872 0.0425583 0.0367744 0.0309721 0.0251746 0.0194001 0.0136655 0.00798791 0.00238763 -0.00311382 -0.00849524 -0.0137346 -0.0188097 -0.0236987 -0.0283783 -0.0328258 -0.0370197 -0.0409398 -0.0445697 -0.0478962 -0.0509098 -0.0536052 -0.0559802 -0.0580359 -0.0597767 -0.0612096 -0.0623448 -0.0631949 -0.0637755 -0.0641041 -0.0642002 -0.0640848 -0.0637794 -0.0633059 -0.0626861 -0.0619408 -0.0610901 -0.0601526 -0.0591456 -0.058085 -0.0569852 -0.0558593 -0.0547186 -0.0535738 -0.0524337 -0.0513065 -0.0501991 -0.0491174 -0.0480665 -0.0470506 -0.0460733 -0.0451373 -0.0442449 -0.0433977 -0.0425971 -0.0418438 -0.0411383 -0.0404808 -0.0398713 -0.0393097 -0.0387955 -0.0383284 -0.0379079 -0.0375334 -0.0372044 -0.0369205 -0.0366812 -0.036486 -0.0363345 -0.0362266 -0.0361619 -0.0361403 -0.0361619 -0.0362266 -0.0363345 -0.036486 -0.0366812 -0.0369205 -0.0372044 -0.0375334 -0.0379079 -0.0383284 -0.0387955 -0.0393097 -0.0398713 -0.0404808 -0.0411383 -0.0418438 -0.0425971 -0.0433977 -0.0442449 -0.0451373 -0.0460733 -0.0470506 -0.0480665 -0.0491174 -0.0501991 -0.0513065 -0.0524337 -0.0535738 -0.0547186 -0.0558593 -0.0569852 -0.058085 -0.0591456 -0.0601526 -0.0610901 -0.0619408 -0.0626861 -0.0633059 -0.0637794 -0.0640848 -0.0642002 -0.0641041 -0.0637755 -0.0631949 -0.0623448 -0.0612096 -0.0597767 -0.0580359 -0.0559802 -0.0536052 -0.0509098 -0.0478962 -0.0445697 -0.0409398 -0.0370197 -0.0328258 -0.0283783 -0.0236987 -0.0188097 -0.0137346 -0.00849524 -0.00311382 0.00238763 0.00798791 0.0136655 0.0194001 0.0251746 0.0309721 0.0367744 0.0425583 0.0482872 0.0539101 0.0593638 0.0645746 0.0694653 0.0739597 0.0779749 0.0814177 0.0841915 0.0862051 0.0873827 0.0876785 0.0870704 0.0855401 0.0830845 0.0797586 0.0756826 0.0709936 0.0658159 0.0602911 0.0546068 0.0489644 0.0435263 0.0384129 0.0337464 0.0296767 0.0263527 0.0238752 0.0222804 
0 0.00635016 0.0127498 0.019234 0.0258084 0.0324481 0.0391174 0.0457834 0.0523924 0.058831 0.0649337 0.070544 0.0755536 0.0798722 0.0833875 0.0859953 0.0876564 0.0883896 0.0882192 0.0871674 0.0852922 0.0826925 0.0794771 0.075748 0.071601 0.0671202 0.0623799 0.0574543 0.0524106 0.0472983 0.0421527 0.0369983 0.0318485 0.0267137 0.0216035 0.0165231 0.0114756 0.00646396 0.00148985 -0.00344077 -0.00831585 -0.0131188 -0.0178268 -0.0224142 -0.0268553 -0.0311243 -0.0351985 -0.039058 -0.0426846 -0.0460635 -0.0491818 -0.0520286 -0.0545965 -0.0568801 -0.0588779 -0.0605918 -0.0620267 -0.0631914 -0.0640971 -0.0647577 -0.065189 -0.0654077 -0.065432 -0.0652802 -0.0649708 -0.0645222 -0.0639521 -0.063278 -0.0625161 -0.0616823 -0.0607909 -0.0598556 -0.0588887 -0.0579013 -0.0569039 -0.0559053 -0.0549137 -0.0539359 -0.0529781 -0.0520455 -0.0511425 -0.0502729 -0.0494397 -0.0486455 -0.0478922 -0.0471817 -0.0465149 -0.0458929 -0.0453164 -0.0447859 -0.0443015 -0.0438636 -0.0434721 -0.043127 -0.0428283 -0.0425758 -0.0423694 -0.042209 -0.0420945 -0.0420259 -0.042003 -0.0420259 -0.0420945 -0.042209 -0.0423694 -0.0425758 -0.0428283 -0.043127 -0.0434721 -0.0438636 -0.0443015 -0.0447859 -0.0453164 -0.0458929 -0.0465149 -0.0471817 -0.0478922 -0.0486455 -0.0494397 -0.0502729 -0.0511425 -0.0520455 -0.0529781 -0.0539359 -0.0549137 -0.0559053 -0.0569039 -0.0579013 -0.0588887 -0.0598556 -0.0607909 -0.0616823 -0.0625161 -0.063278 -0.0639521 -0.0645222 -0.0649708 -0.0652802 -0.065432 -0.0654077 -0.065189 -0.0647577 -0.0640971 -0.0631914 -0.0620267 -0.0605918 -0.0588779 -0.0568801 -0.0545965 -0.0520286 -0.0491818 -0.0460635 -0.0426846 -0.039058 -0.0351985 -0.0311243 -0.0268553 -0.0224142 -0.0178268 -0.0131188 -0.00831585 -0.00344077 0.00148985 0.00646396 0.0114756 0.0165231 0.0216035 0.0267137 0.0318485 0.0369983 0.0421527 0.0472983 0.0524106 0.0574543 0.0623799 0.0671202 0.071601 0.075748 0.0794771 0.0826926 0.0852927 0.087169 0.0882234 0.0884001 0.087681 0.0860498 0.0835007 0.0800933 0.0759601 0.0712477 0.066084 0.0606132 0.0550267 0.0495297 0.044296 0.0394734 0.0352216 0.0317128 0.0290827 0.0273918 
0 0.00727846 0.0146047 0.0219766 0.0293384 0.0366231 0.0437906 0.0508092 0.0575996 0.0640183 0.0699115 0.0751672 0.0796957 0.0833875 0.0861398 0.0879197 0.0887581 0.088685 0.0877216 0.0859336 0.0834395 0.0803602 0.0767995 0.0728602 0.0686418 0.0642305 0.0597053 0.0551323 0.0505493 0.0459753 0.0414243 0.0369016 0.0324088 0.0279484 0.0235154 0.0190989 0.014689 0.0102751 0.00585024 0.00141612 -0.00302144 -0.00745127 -0.0118565 -0.0162194 -0.0205192 -0.0247324 -0.0288361 -0.032805 -0.0366147 -0.040243 -0.0436683 -0.0468739 -0.0498457 -0.0525732 -0.0550504 -0.0572735 -0.0592422 -0.0609588 -0.0624273 -0.0636549 -0.0646495 -0.065422 -0.0659843 -0.0663496 -0.0665332 -0.0665499 -0.0664164 -0.0661486 -0.0657627 -0.0652747 -0.0646996 -0.0640521 -0.0633453 -0.0625923 -0.0618042 -0.0609916 -0.0601641 -0.0593301 -0.0584974 -0.0576725 -0.0568616 -0.0560697 -0.0553015 -0.0545608 -0.0538511 -0.0531752 -0.0525355 -0.0519342 -0.0513728 -0.050853 -0.0503756 -0.0499419 -0.0495522 -0.0492076 -0.048908 -0.0486542 -0.0484461 -0.0482843 -0.0481684 -0.048099 -0.0480758 -0.048099 -0.0481684 -0.0482843 -0.0484461 -0.0486542 -0.048908 -0.0492076 -0.0495522 -0.0499419 -0.0503756 -0.050853 -0.0513728 -0.0519342 -0.0525355 -0.0531752 -0.0538511 -0.0545608 -0.0553015 -0.0560697 -0.0568616 -0.0576725 -0.0584974 -0.0593301 -0.0601641 -0.0609916 -0.0618042 -0.0625923 -0.0633453 -0.0640521 -0.0646996 -0.0652747 -0.0657627 -0.0661486 -0.0664164 -0.0665499 -0.0665332 -0.0663496 -0.0659843 -0.065422 -0.0646495 -0.0636549 -0.0624273 -0.0609588 -0.0592422 -0.0572735 -0.0550504 -0.0525732 -0.0498457 -0.0468739 -0.0436683 -0.040243 -0.0366147 -0.032805 -0.0288361 -0.0247324 -0.0205192 -0.0162194 -0.0118565 -0.00745127 -0.00302144 0.00141612 0.00585024 0.0102751 0.014689 0.0190989 0.0235154 0.0279484 0.0324088 0.0369016 0.0414243 0.0459753 0.0505493 0.0551323 0.0597053 0.0642305 0.0686418 0.0728602 0.0767997 0.0803606 0.0834407 0.0859371 0.0877303 0.0887058 0.0888047 0.0880178 0.086334 0.0837494 0.0803309 0.0762191 0.0715615 0.0664838 0.0611377 0.0557336 0.050504 0.0456525 0.0413512 0.0377616 0.0350279 0.0332498 
0 0.00825213 0.0165154 0.0247454 0.0328512 0.040748 0.0483781 0.0556719 0.0625132 0.0687688 0.0743368 0.0791343 0.0830557 0.0859953 0.0879197 0.0888693 0.0888852 0.087993 0.0862669 0.0838428 0.080851 0.0773906 0.0735688 0.0695046 0.0652993 0.0610369 0.0567878 0.0525901 0.0484578 0.0444037 0.0404312 0.0365302 0.0326896 0.0288915 0.0251096 0.0213249 0.0175223 0.0136879 0.00981692 0.00590659 0.00195375 -0.00203773 -0.00606241 -0.010111 -0.0141656 -0.0182068 -0.0222103 -0.0261487 -0.0299973 -0.03373 -0.0373239 -0.0407595 -0.0440177 -0.0470847 -0.0499476 -0.052596 -0.0550234 -0.0572241 -0.0591965 -0.0609412 -0.0624606 -0.063761 -0.064849 -0.0657348 -0.0664288 -0.0669429 -0.0672905 -0.0674842 -0.0675386 -0.0674667 -0.0672827 -0.0669999 -0.0666312 -0.0661894 -0.0656858 -0.0651325 -0.0645391 -0.0639163 -0.0632724 -0.062616 -0.0619546 -0.0612948 -0.060643 -0.060004 -0.0593834 -0.0587845 -0.0582118 -0.0576678 -0.0571559 -0.0566779 -0.0562362 -0.0558321 -0.0554676 -0.0551433 -0.0548607 -0.0546202 -0.0544227 -0.0542685 -0.0541582 -0.0540919 -0.0540698 -0.0540919 -0.0541582 -0.0542685 -0.0544227 -0.0546202 -0.0548607 -0.0551433 -0.0554676 -0.0558321 -0.0562362 -0.0566779 -0.0571559 -0.0576678 -0.0582118 -0.0587845 -0.0593834 -0.060004 -0.060643 -0.0612948 -0.0619546 -0.062616 -0.0632724 -0.0639163 -0.0645391 -0.0651325 -0.0656858 -0.0661894 -0.0666312 -0.0669999 -0.0672827 -0.0674667 -0.0675386 -0.0674842 -0.0672905 -0.0669429 -0.0664288 -0.0657348 -0.064849 -0.063761 -0.0624606 -0.0609412 -0.0591965 -0.0572241 -0.0550234 -0.052596 -0.0499476 -0.0470847 -0.0440177 -0.0407595 -0.0373239 -0.03373 -0.0299973 -0.0261487 -0.0222103 -0.0182068 -0.0141656 -0.010111 -0.00606241 -0.00203773 0.00195375 0.00590659 0.00981692 0.0136879 0.0175223 0.0213249 0.0251096 0.0288915 0.0326896 0.0365302 0.0404312 0.0444037 0.0484578 0.0525901 0.0567878 0.0610369 0.0652993 0.0695047 0.0735691 0.0773916 0.0808538 0.08385 0.0862842 0.0880323 0.0889691 0.0890378 0.0882382 0.0865623 0.0840079 0.0806476 0.076625 0.0720852 0.0671647 0.0620485 0.05699 0.0522478 0.0480231 0.0444635 0.0417038 0.0398801 
0 0.00924227 0.018422 0.0274559 0.0362493 0.0447105 0.0527373 0.0602003 0.0669695 0.0729577 0.0781063 0.0823306 0.0855277 0.0876564 0.0887581 0.0888852 0.0880715 0.0864 0.0840243 0.0810875 0.077686 0.07393 0.0699584 0.0658837 0.0617862 0.0577386 0.0537884 0.0499543 0.0462557 0.0427035 0.0392799 0.0359607 0.0327201 0.0295205 0.026333 0.0231392 0.0199165 0.0166493 0.0133279 0.00993755 0.00647227 0.0029324 -0.000681872 -0.00435934 -0.00808638 -0.0118491 -0.0156263 -0.0193992 -0.0231474 -0.0268464 -0.030476 -0.034012 -0.0374321 -0.0407172 -0.0438467 -0.0468065 -0.0495833 -0.0521669 -0.0545523 -0.056734 -0.0587125 -0.060488 -0.0620633 -0.0634441 -0.0646349 -0.0656447 -0.0664808 -0.0671531 -0.0676722 -0.0680481 -0.0682933 -0.0684184 -0.0684363 -0.0683578 -0.0681951 -0.0679594 -0.067661 -0.0673111 -0.0669183 -0.0664928 -0.0660419 -0.0655744 -0.0650965 -0.0646155 -0.0641365 -0.0636652 -0.0632061 -0.0627634 -0.0623411 -0.0619419 -0.0615695 -0.0612254 -0.0609127 -0.0606324 -0.060387 -0.0601768 -0.0600039 -0.0598681 -0.0597711 -0.0597123 -0.059693 -0.0597123 -0.0597711 -0.0598681 -0.0600039 -0.0601768 -0.060387 -0.0606324 -0.0609127 -0.0612254 -0.0615695 -0.0619419 -0.0623411 -0.0627634 -0.0632061 -0.0636652 -0.0641365 -0.0646155 -0.0650965 -0.0655744 -0.0660419 -0.0664928 -0.0669183 -0.0673111 -0.067661 -0.0679594 -0.0681951 -0.0683578 -0.0684363 -0.0684184 -0.0682933 -0.0680481 -0.0676722 -0.0671531 -0.0664808 -0.0656447 -0.0646349 -0.0634441 -0.0620633 -0.060488 -0.0587125 -0.056734 -0.0545523 -0.0521669 -0.0495833 -0.0468065 -0.0438467 -0.0407172 -0.0374321 -0.034012 -0.030476 -0.0268464 -0.0231474 -0.0193992 -0.0156263 -0.0118491 -0.00808638 -0.00435934 -0.000681872 0.0029324 0.00647227 0.00993755 0.0133279 0.0166493 0.0199165 0.0231392 0.026333 0.0295205 0.0327201 0.0359607 0.0392799 0.0427035 0.0462557 0.0499543 0.0537884 0.0577386 0.0617863 0.065884 0.0699592 0.0739323 0.0776918 0.0811017 0.0840571 0.0864708 0.0882159 0.0891622 0.0892586 0.0885093 0.0869023 0.0844356 0.0811908 0.0773211 0.0729888 0.0683666 0.0636844 0.0592124 0.055184 0.0517606 0.0490773 0.0472886 
0 0.0101982 0.0202458 0.0300242 0.0394413 0.0483875 0.0567047 0.0642228 0.0708286 0.0764734 0.0811069 0.0846511 0.0870654 0.0883896 0.088685 0.087993 0.0864 0.0840731 0.0811736 0.0778035 0.0740785 0.0701576 0.0661649 0.0621702 0.0582439 0.0544486 0.050809 0.047347 0.0440824 0.0409961 0.038056 0.0352405 0.0325136 0.0298379 0.0271924 0.0245447 0.0218621 0.0191267 0.016316 0.0134145 0.0104225 0.00733485 0.00415431 0.000890428 -0.00245479 -0.00586997 -0.00934214 -0.0128609 -0.0164045 -0.0199548 -0.0234911 -0.0269875 -0.0304253 -0.0337811 -0.0370354 -0.0401727 -0.0431744 -0.0460303 -0.0487278 -0.0512578 -0.0536154 -0.0557932 -0.0577915 -0.0596081 -0.0612449 -0.062706 -0.0639945 -0.0651191 -0.0660847 -0.0669018 -0.0675782 -0.0681237 -0.068549 -0.0688628 -0.0690771 -0.0691999 -0.0692431 -0.0692145 -0.0691247 -0.068982 -0.0687948 -0.0685717 -0.0683192 -0.0680457 -0.0677559 -0.0674579 -0.0671552 -0.0668546 -0.066559 -0.066274 -0.066002 -0.0657473 -0.0655118 -0.0652988 -0.0651098 -0.0649472 -0.064812 -0.0647056 -0.064629 -0.0645828 -0.0645674 -0.0645828 -0.064629 -0.0647056 -0.064812 -0.0649472 -0.0651098 -0.0652988 -0.0655118 -0.0657473 -0.066002 -0.066274 -0.066559 -0.0668546 -0.0671552 -0.0674579 -0.0677559 -0.0680457 -0.0683192 -0.0685717 -0.0687948 -0.068982 -0.0691247 -0.0692145 -0.0692431 -0.0691999 -0.0690771 -0.0688628 -0.068549 -0.0681237 -0.0675782 -0.0669018 -0.0660847 -0.0651191 -0.0639945 -0.062706 -0.0612449 -0.0596081 -0.0577915 -0.0557932 -0.0536154 -0.0512578 -0.0487278 -0.0460303 -0.0431744 -0.0401727 -0.0370354 -0.0337811 -0.0304253 -0.0269875 -0.0234911 -0.0199548 -0.0164045 -0.0128609 -0.00934214 -0.00586997 -0.00245479 0.000890428 0.00415431 0.00733485 0.0104225 0.0134145 0.016316 0.0191267 0.0218621 0.0245447 0.0271924 0.0298379 0.0325136 0.0352405 0.038056 0.0409961 0.0440824 0.047347 0.050809 0.0544486 0.0582442 0.0621708 0.0661667 0.0701622 0.07409 0.0778304 0.0812327 0.0841953 0.0866379 0.0884296 0.0894405 0.0896255 0.0889841 0.0874962 0.0851706 0.0821191 0.0785269 0.0745848 0.0704888 0.0664703 0.0627706 0.0595924 0.0570992 0.0554463 
0 0.0110639 0.0219054 0.0323653 0.0423267 0.0516426 0.0601207 0.0675929 0.0739683 0.0791986 0.0832306 0.08604 0.0876766 0.0882192 0.0877216 0.0862669 0.0840243 0.0811736 0.0778313 0.0741203 0.0702188 0.0662672 0.0623272 0.0584661 0.0547655 0.0512575 0.0479541 0.0448786 0.0420164 0.0393291 0.0368049 0.0344209 0.0321335 0.0299185 0.0277433 0.02556 0.0233456 0.0210775 0.0187282 0.0162938 0.013765 0.0111292 0.00839166 0.00554783 0.00259826 -0.000443144 -0.00357287 -0.00677554 -0.0100333 -0.0133363 -0.0166618 -0.0199952 -0.0233205 -0.0266147 -0.0298651 -0.0330498 -0.0361516 -0.0391565 -0.0420447 -0.0448078 -0.0474311 -0.049907 -0.0522305 -0.054394 -0.0563996 -0.0582431 -0.0599287 -0.0614582 -0.0628346 -0.0640656 -0.0651534 -0.0661087 -0.066935 -0.0676428 -0.0682388 -0.0687311 -0.0691297 -0.0694406 -0.0696753 -0.0698388 -0.0699426 -0.0699913 -0.0699951 -0.0699591 -0.0698914 -0.0697978 -0.0696839 -0.0695561 -0.069418 -0.0692759 -0.0691319 -0.0689921 -0.0688571 -0.0687328 -0.0686186 -0.0685198 -0.0684352 -0.0683692 -0.0683199 -0.0682913 -0.0682807 -0.0682913 -0.0683199 -0.0683692 -0.0684352 -0.0685198 -0.0686186 -0.0687328 -0.0688571 -0.0689921 -0.0691319 -0.0692759 -0.069418 -0.0695561 -0.0696839 -0.0697978 -0.0698914 -0.0699591 -0.0699951 -0.0699913 -0.0699426 -0.0698388 -0.0696753 -0.0694406 -0.0691297 -0.0687311 -0.0682388 -0.0676428 -0.066935 -0.0661087 -0.0651534 -0.0640656 -0.0628346 -0.0614582 -0.0599287 -0.0582431 -0.0563996 -0.054394 -0.0522305 -0.049907 -0.0474311 -0.0448078 -0.0420447 -0.0391565 -0.0361516 -0.0330498 -0.0298651 -0.0266147 -0.0233205 -0.0199952 -0.0166618 -0.0133363 -0.0100333 -0.00677554 -0.00357287 -0.000443144 0.00259826 0.00554783 0.00839166 0.0111292 0.013765 0.0162938 0.0187282 0.0210775 0.0233456 0.02556 0.0277433 0.0299185 0.0321335 0.0344209 0.0368049 0.0393291 0.0420164 0.0448787 0.0479542 0.0512577 0.054766 0.0584675 0.0623309 0.0662764 0.0702406 0.0741688 0.0779332 0.0813754 0.0844006 0.0869286 0.088821 0.0899512 0.0902782 0.0897957 0.0884905 0.0864121 0.0837205 0.080621 0.0772938 0.0739154 0.0707034 0.0678987 0.0657097 0.0642833 
