0 0 0 0 0 0 0 0 0 0 0 0 0 0 0 0 0 0 0 0 0 0 0 0 0 0 0 0 0 0 0 0 0 0 0 0 0 0 0 0 0 0 0 0 0 0 0 0 0 0 0 0 0 0 0 0 0 0 0 0 0 0 0 0 0 0 0 0 0 0 0 0 0 0 0 0 0 0 0 0 0 0 0 0 0 0 0 0 0 0 0 0 0 0 0 0 0 0 0 0 0 0 0 0 0 0 0 0 0 0 0 0 0 0 0 0 0 0 0 0 0 0 0 0 0 0 0 0 0 0 0 0 0 0 0 0 0 0 0 0 0 0 0 0 0 0 0 0 0 0 0 0 0 0 0 0 0 0 0 0 0 0 0 0 0 0 0 0 0 0 0 0 0 0 0 0 0 0 0 0 0 0 0 0 0 0 0 0 0 0 0 0 0 0 0 0 0 0 0 0 
0 7.77073e-06 1.8892e-05 3.72151e-05 6.73676e-05 0.000114598 0.000184083 0.00027983 0.000403723 0.000555525 0.000734601 0.000943262 0.00119032 0.00149234 0.00187054 0.00234349 0.00291903 0.00359041 0.0043398 0.00514738 0.00600029 0.0068948 0.00783038 0.00879924 0.00977872 0.0107312 0.0116118 0.012378 0.0129979 0.0134512 0.0137258 0.0138121 0.0136995 0.0133767 0.0128356 0.0120753 0.0111065 0.00995086 0.00863949 0.00720841 0.00569455 0.00413266 0.00255386 0.000985736 -0.000546863 -0.002021 -0.00341526 -0.00471013 -0.00588875 -0.00693802 -0.0078494 -0.00861931 -0.00924903 -0.00974403 -0.010113 -0.0103669 -0.0105175 -0.0105773 -0.0105579 -0.0104707 -0.0103259 -0.010133 -0.00990051 -0.0096365 -0.00934822 -0.00904238 -0.00872509 -0.00840186 -0.00807756 -0.00775643 -0.00744201 -0.00713717 -0.00684416 -0.00656462 -0.00629965 -0.00604989 -0.00581559 -0.00559671 -0.00539295 -0.00520384 -0.0050288 -0.00486717 -0.00471828 -0.00458141 -0.0044559 -0.0043411 -0.00423639 -0.00414121 -0.00405504 -0.0039774 -0.00390787 -0.00384605 -0.00379162 -0.00374427 -0.00370374 -0.00366981 -0.0036423 -0.00362106 -0.00360597 -0.00359695 -0.00359395 -0.00359695 -0.00360597 -0.00362106 -0.0036423 -0.00366981 -0.00370374 -0.00374427 -0.00379162 -0.00384605 -0.00390787 -0.0039774 -0.00405504 -0.00414121 -0.00423639 -0.0043411 -0.0044559 -0.00458141 -0.00471828 -0.00486717 -0.0050288 -0.00520384 -0.00539295 -0.00559671 -0.00581559 -0.00604989 -0.00629965 -0.00656462 -0.00684416 -0.00713717 -0.00744201 -0.00775643 -0.00807756 -0.00840186 -0.00872509 -0.00904238 -0.00934822 -0.0096365 -0.00990051 -0.010133 -0.0103259 -0.0104707 -0.0105579 -0.0105773 -0.0105175 -0.0103669 -0.010113 -0.00974403 -0.00924903 -0.00861931 -0.0078494 -0.00693802 -0.00588875 -0.00471013 -0.00341526 -0.002021 -0.000546863 0.000985736 0.00255386 0.00413266 0.00569455 0.00720841 0.00863949 0.00995086 0.0111065 0.0120753 0.0128356 0.0133767 0.0136995 0.0138121 0.0137258 0.0134512 0.0129979 0.012378 0.0116118 0.0107312 0.00977872 0.00879924 0.00783038 0.0068948 0.00600029 0.00514738 0.0043398 0.00359041 0.00291903 0.00234349 0.00187054 0.00149234 0.00119032 0.000943262 0.000734601 0.000555525 0.000403722 0.000279828 0.000184081 0.000114605 6.74127e-05 3.73962e-05 1.94851e-05 9.47599e-06 
0 1.8892e-05 4.50571e-05 8.6544e-05 0.000152503 0.000252722 0.000396333 0.000590168 0.00083781 0.00114062 0.0015014 0.00192957 0.00244523 0.00307843 0.00386223 0.00482181 0.00596536 0.00728234 0.00875015 0.0103445 0.0120462 0.0138397 0.0157053 0.0176096 0.0195027 0.0213209 0.0229953 0.0244601 0.0256579 0.0265411 0.027071 0.0272164 0.0269538 0.0262696 0.0251627 0.0236458 0.0217465 0.0195052 0.0169729 0.0142081 0.011273 0.0082313 0.0051457 0.00207606 -0.000922085 -0.00379887 -0.00651118 -0.00902347 -0.0113083 -0.0133465 -0.0151267 -0.016645 -0.0179041 -0.0189124 -0.0196825 -0.0202309 -0.0205763 -0.0207391 -0.0207407 -0.0206024 -0.0203452 -0.0199891 -0.0195531 -0.0190544 -0.0185086 -0.0179299 -0.0173302 -0.0167201 -0.0161084 -0.0155025 -0.0149084 -0.0143307 -0.0137731 -0.0132383 -0.0127284 -0.0122445 -0.0117873 -0.0113572 -0.010954 -0.0105772 -0.0102264 -0.00990062 -0.00959911 -0.00932088 -0.00906492 -0.00883022 -0.00861579 -0.00842064 -0.00824385 -0.00808453 -0.00794186 -0.00781509 -0.00770351 -0.00760652 -0.00752356 -0.00745417 -0.00739793 -0.00735453 -0.00732371 -0.00730529 -0.00729916 -0.00730529 -0.00732371 -0.00735453 -0.00739793 -0.00745417 -0.00752356 -0.00760652 -0.00770351 -0.00781509 -0.00794186 -0.00808453 -0.00824385 -0.00842064 -0.00861579 -0.00883022 -0.00906492 -0.00932088 -0.00959911 -0.00990062 -0.0102264 -0.0105772 -0.010954 -0.0113572 -0.0117873 -0.0122445 -0.0127284 -0.0132383 -0.0137731 -0.0143307 -0.0149084 -0.0155025 -0.0161084 -0.0167201 -0.0173302 -0.0179299 -0.0185086 -0.0190544 -0.0195531 -0.0199891 -0.0203452 -0.0206024 -0.0207407 -0.0207391 -0.0205763 -0.0202309 -0.0196825 -0.0189124 -0.0179041 -0.016645 -0.0151267 -0.0133465 -0.0113083 -0.00902347 -0.00651118 -0.00379887 -0.000922085 0.00207606 0.0051457 0.0082313 0.011273 0.0142081 0.0169729 0.0195052 0.0217465 0.0236458 0.0251627 0.0262696 0.0269538 0.0272164 0.027071 0.0265411 0.0256579 0.0244601 0.0229953 0.0213209 0.0195027 0.0176096 0.0157053 0.0138397 0.0120462 0.0103445 0.00875015 0.00728234 0.00596536 0.00482181 0.00386223 0.00307843 0.00244523 0.00192957 0.0015014 0.00114062 0.000837808 0.000590167 0.000396339 0.000252767 0.000152695 8.71918e-05 4.69686e-05 2.39906e-05 
0 3.72151e-05 8.6544e-05 0.000160693 0.000272956 0.000436331 0.000662043 0.000958464 0.00133172 0.00178881 0.00234242 0.00301495 0.00383837 0.00484853 0.00607593 0.00753821 0.0092385 0.0111697 0.0133198 0.0156725 0.018203 0.0208711 0.0236201 0.0263803 0.0290762 0.0316317 0.0339712 0.0360181 0.0376938 0.0389207 0.0396295 0.0397665 0.0393003 0.0382232 0.0365494 0.0343105 0.0315516 0.028328 0.0247041 0.0207533 0.0165568 0.012202 0.00777885 0.00337578 -0.000924855 -0.00505039 -0.00894023 -0.0125468 -0.0158352 -0.0187821 -0.0213745 -0.0236077 -0.0254845 -0.0270142 -0.0282112 -0.029095 -0.0296887 -0.0300184 -0.0301126 -0.0300005 -0.0297118 -0.0292752 -0.0287178 -0.0280649 -0.0273392 -0.0265609 -0.0257473 -0.0249135 -0.0240719 -0.0232331 -0.0224054 -0.0215957 -0.0208095 -0.020051 -0.0193233 -0.0186286 -0.0179686 -0.0173442 -0.0167557 -0.0162033 -0.0156864 -0.0152045 -0.0147568 -0.0143421 -0.0139595 -0.0136076 -0.0132853 -0.0129914 -0.0127245 -0.0124836 -0.0122676 -0.0120754 -0.011906 -0.0117586 -0.0116324 -0.0115268 -0.0114412 -0.011375 -0.0113281 -0.0113 -0.0112907 -0.0113 -0.0113281 -0.011375 -0.0114412 -0.0115268 -0.0116324 -0.0117586 -0.011906 -0.0120754 -0.0122676 -0.0124836 -0.0127245 -0.0129914 -0.0132853 -0.0136076 -0.0139595 -0.0143421 -0.0147568 -0.0152045 -0.0156864 -0.0162033 -0.0167557 -0.0173442 -0.0179686 -0.0186286 -0.0193233 -0.020051 -0.0208095 -0.0215957 -0.0224054 -0.0232331 -0.0240719 -0.0249135 -0.0257473 -0.0265609 -0.0273392 -0.0280649 -0.0287178 -0.0292752 -0.0297118 -0.0300005 -0.0301126 -0.0300184 -0.0296887 -0.029095 -0.0282112 -0.0270142 -0.0254845 -0.0236077 -0.0213745 -0.0187821 -0.0158352 -0.0125468 -0.00894023 -0.00505039 -0.000924855 0.00337578 0.00777885 0.012202 0.0165568 0.0207533 0.0247041 0.028328 0.0315516 0.0343105 0.0365494 0.0382232 0.0393003 0.0397665 0.0396295 0.0389207 0.0376938 0.0360181 0.0339712 0.0316317 0.0290762 0.0263803 0.0236201 0.0208711 0.018203 0.0156725 0.0133198 0.0111697 0.0092385 0.00753821 0.00607593 0.00484853 0.00383837 0.00301495 0.00234242 0.00178881 0.00133172 0.000958471 0.00066209 0.000436524 0.000273608 0.000162622 9.17243e-05 5.0007e-05 
0 6.73676e-05 0.000152503 0.000272956 0.00044538 0.000684441 0.00100213 0.00140871 0.00191603 0.00254231 0.00331553 0.0042722 0.00545048 0.00688088 0.00858056 0.0105554 0.0128074 0.0153398 0.0181531 0.0212324 0.0245359 0.0279934 0.0315151 0.0350059 0.0383746 0.0415343 0.0443974 0.0468712 0.0488585 0.0502655 0.0510121 0.051041 0.050322 0.0488519 0.0466514 0.0437604 0.0402351 0.0361457 0.031575 0.0266161 0.0213704 0.0159436 0.0104414 0.00496553 -0.000390311 -0.00554293 -0.0104215 -0.0149682 -0.0191386 -0.022901 -0.0262359 -0.0291348 -0.0315992 -0.0336394 -0.0352729 -0.0365234 -0.0374187 -0.0379899 -0.03827 -0.0382925 -0.0380909 -0.0376975 -0.0371434 -0.0364572 -0.0356656 -0.0347928 -0.0338605 -0.0328877 -0.0318913 -0.0308854 -0.0298824 -0.0288923 -0.0279235 -0.0269825 -0.0260745 -0.0252034 -0.024372 -0.023582 -0.0228347 -0.0221303 -0.021469 -0.0208501 -0.0202729 -0.0197365 -0.0192396 -0.0187811 -0.0183595 -0.0179737 -0.0176224 -0.0173041 -0.0170178 -0.0167624 -0.0165367 -0.0163398 -0.016171 -0.0160293 -0.0159143 -0.0158254 -0.0157622 -0.0157244 -0.0157118 -0.0157244 -0.0157622 -0.0158254 -0.0159143 -0.0160293 -0.016171 -0.0163398 -0.0165367 -0.0167624 -0.0170178 -0.0173041 -0.0176224 -0.0179737 -0.0183595 -0.0187811 -0.0192396 -0.0197365 -0.0202729 -0.0208501 -0.021469 -0.0221303 -0.0228347 -0.023582 -0.024372 -0.0252034 -0.0260745 -0.0269825 -0.0279235 -0.0288923 -0.0298824 -0.0308854 -0.0318913 -0.0328877 -0.0338605 -0.0347928 -0.0356656 -0.0364572 -0.0371434 -0.0376975 -0.0380909 -0.0382925 -0.03827 -0.0379899 -0.0374187 -0.0365234 -0.0352729 -0.0336394 -0.0315992 -0.0291348 -0.0262359 -0.022901 -0.0191386 -0.0149682 -0.0104215 -0.00554293 -0.000390311 0.00496553 0.0104414 0.0159436 0.0213704 0.0266161 0.031575 0.0361457 0.0402351 0.0437604 0.0466514 0.0488519 0.050322 0.051041 0.0510121 0.0502655 0.0488585 0.0468712 0.0443974 0.0415343 0.0383746 0.0350059 0.0315151 0.0279934 0.0245359 0.0212324 0.0181531 0.0153398 0.0128074 0.0105554 0.00858056 0.00688088 0.00545048 0.0042722 0.00331553 0.00254231 0.00191604 0.00140875 0.00100232 0.000685086 0.000447292 0.000278102 0.000165263 9.67382e-05 
0 0.000114598 0.000252722 0.000436331 0.000684441 0.0010126 0.00143431 0.00196503 0.00262758 0.00345577 0.0044925 0.00578139 0.00735585 0.00923314 0.0114182 0.013914 0.0167289 0.0198719 0.0233377 0.0270916 0.0310672 0.035175 0.0393151 0.0433854 0.0472816 0.0508946 0.0541109 0.0568176 0.0589112 0.0603047 0.0609317 0.0607467 0.0597252 0.0578636 0.0551805 0.0517179 0.0475415 0.0427378 0.0374095 0.031669 0.0256323 0.0194139 0.0131234 0.0068633 0.000728353 -0.0051958 -0.0108334 -0.0161197 -0.0210023 -0.0254423 -0.0294141 -0.0329054 -0.035916 -0.038456 -0.040544 -0.0422048 -0.0434678 -0.0443651 -0.0449302 -0.0451974 -0.0452005 -0.0449726 -0.0445456 -0.0439502 -0.0432151 -0.042367 -0.0414306 -0.0404284 -0.0393805 -0.0383044 -0.0372157 -0.0361274 -0.0350506 -0.0339943 -0.0329659 -0.0319711 -0.0310143 -0.0300987 -0.0292267 -0.0283995 -0.0276181 -0.0268827 -0.0261931 -0.0255488 -0.024949 -0.024393 -0.0238796 -0.0234078 -0.0229764 -0.0225843 -0.0222305 -0.0219139 -0.0216334 -0.0213881 -0.0211773 -0.0210003 -0.0208563 -0.0207448 -0.0206655 -0.020618 -0.0206022 -0.020618 -0.0206655 -0.0207448 -0.0208563 -0.0210003 -0.0211773 -0.0213881 -0.0216334 -0.0219139 -0.0222305 -0.0225843 -0.0229764 -0.0234078 -0.0238796 -0.024393 -0.024949 -0.0255488 -0.0261931 -0.0268827 -0.0276181 -0.0283995 -0.0292267 -0.0300987 -0.0310143 -0.0319711 -0.0329659 -0.0339943 -0.0350506 -0.0361274 -0.0372157 -0.0383044 -0.0393805 -0.0404284 -0.0414306 -0.042367 -0.0432151 -0.0439502 -0.0445456 -0.0449726 -0.0452005 -0.0451974 -0.0449302 -0.0443651 -0.0434678 -0.0422048 -0.040544 -0.038456 -0.035916 -0.0329054 -0.0294141 -0.0254423 -0.0210023 -0.0161197 -0.0108334 -0.0051958 0.000728353 0.0068633 0.0131234 0.0194139 0.0256323 0.031669 0.0374095 0.0427378 0.0475415 0.0517179 0.0551805 0.0578636 0.0597252 0.0607467 0.0609317 0.0603047 0.0589112 0.0568176 0.0541109 0.0508946 0.0472816 0.0433854 0.0393151 0.035175 0.0310672 0.0270916 0.0233377 0.0198719 0.0167289 0.013914 0.0114182 0.00923314 0.00735585 0.00578139 0.0044925 0.00345578 0.00262763 0.00196522 0.00143494 0.00101446 0.000689475 0.000448869 0.000281727 0.000177178 
0 0.000184083 0.000396333 0.000662043 0.00100213 0.00143431 0.00197751 0.0026581 0.00351426 0.0045943 0.00594753 0.00761221 0.00960885 0.0119445 0.0146241 0.0176586 0.0210584 0.0248175 0.0289006 0.033243 0.0377622 0.0423687 0.0469667 0.0514478 0.0556875 0.0595507 0.0629044 0.0656313 0.0676376 0.0688532 0.069228 0.0687285 0.0673377 0.0650587 0.0619182 0.0579687 0.0532871 0.0479696 0.0421256 0.0358707 0.0293218 0.0225932 0.0157942 0.00902792 0.00238936 -0.00403553 -0.0101715 -0.0159549 -0.021335 -0.0262736 -0.0307452 -0.0347358 -0.038242 -0.0412692 -0.0438306 -0.0459457 -0.0476386 -0.0489376 -0.0498734 -0.0504786 -0.0507864 -0.0508301 -0.0506427 -0.0502556 -0.0496988 -0.0490005 -0.0481865 -0.0472806 -0.046304 -0.0452759 -0.0442132 -0.0431306 -0.0420411 -0.0409556 -0.0398835 -0.0388327 -0.0378096 -0.0368195 -0.0358666 -0.0349541 -0.0340846 -0.0332596 -0.0324804 -0.0317476 -0.0310615 -0.0304219 -0.0298285 -0.0292808 -0.0287782 -0.0283197 -0.0279047 -0.0275322 -0.0272015 -0.0269118 -0.0266623 -0.0264524 -0.0262814 -0.026149 -0.0260547 -0.0259982 -0.0259794 -0.0259982 -0.0260547 -0.026149 -0.0262814 -0.0264524 -0.0266623 -0.0269118 -0.0272015 -0.0275322 -0.0279047 -0.0283197 -0.0287782 -0.0292808 -0.0298285 -0.0304219 -0.0310615 -0.0317476 -0.0324804 -0.0332596 -0.0340846 -0.0349541 -0.0358666 -0.0368195 -0.0378096 -0.0388327 -0.0398835 -0.0409556 -0.0420411 -0.0431306 -0.0442132 -0.0452759 -0.046304 -0.0472806 -0.0481865 -0.0490005 -0.0496988 -0.0502556 -0.0506427 -0.0508301 -0.0507864 -0.0504786 -0.0498734 -0.0489376 -0.0476386 -0.0459457 -0.0438306 -0.0412692 -0.038242 -0.0347358 -0.0307452 -0.0262736 -0.021335 -0.0159549 -0.0101715 -0.00403553 0.00238936 0.00902792 0.0157942 0.0225932 0.0293218 0.0358707 0.0421256 0.0479696 0.0532871 0.0579687 0.0619182 0.0650587 0.0673377 0.0687285 0.069228 0.0688532 0.0676376 0.0656313 0.0629044 0.0595507 0.0556875 0.0514478 0.0469667 0.0423687 0.0377622 0.033243 0.0289006 0.0248175 0.0210584 0.0176586 0.0146241 0.0119445 0.00960885 0.00761221 0.00594754 0.00459434 0.00351444 0.0026587 0.0019793 0.00143916 0.00101427 0.000690289 0.000457639 0.000308525 
0 0.00027983 0.000590168 0.000958464 0.00140871 0.00196503 0.0026581 0.00353018 0.00463398 0.00602346 0.00774117 0.00981132 0.0122446 0.0150506 0.018245 0.0218409 0.0258303 0.0301716 0.0347944 0.039617 0.0445565 0.0495251 0.0544184 0.05911 0.0634592 0.067326 0.0705855 0.0731349 0.0748929 0.0757978 0.0758064 0.0748963 0.0730687 0.0703497 0.0667888 0.0624546 0.0574301 0.0518086 0.0456906 0.0391817 0.0323912 0.0254287 0.0184015 0.0114109 0.00454889 -0.00210418 -0.00848051 -0.0145249 -0.0201937 -0.0254538 -0.0302812 -0.0346603 -0.0385827 -0.0420473 -0.0450596 -0.0476312 -0.0497794 -0.0515261 -0.0528972 -0.0539211 -0.0546279 -0.0550485 -0.0552136 -0.0551531 -0.0548958 -0.0544687 -0.0538972 -0.0532049 -0.0524133 -0.0515422 -0.0506095 -0.0496316 -0.0486229 -0.0475963 -0.0465633 -0.0455339 -0.0445167 -0.0435191 -0.0425472 -0.0416063 -0.0407006 -0.0398334 -0.0390074 -0.0382246 -0.0374864 -0.0367938 -0.0361474 -0.0355475 -0.0349942 -0.0344872 -0.0340264 -0.0336114 -0.0332417 -0.0329168 -0.0326363 -0.0323999 -0.032207 -0.0320573 -0.0319506 -0.0318867 -0.0318654 -0.0318867 -0.0319506 -0.0320573 -0.032207 -0.0323999 -0.0326363 -0.0329168 -0.0332417 -0.0336114 -0.0340264 -0.0344872 -0.0349942 -0.0355475 -0.0361474 -0.0367938 -0.0374864 -0.0382246 -0.0390074 -0.0398334 -0.0407006 -0.0416063 -0.0425472 -0.0435191 -0.0445167 -0.0455339 -0.0465633 -0.0475963 -0.0486229 -0.0496316 -0.0506095 -0.0515422 -0.0524133 -0.0532049 -0.0538972 -0.0544687 -0.0548958 -0.0551531 -0.0552136 -0.0550485 -0.0546279 -0.0539211 -0.0528972 -0.0515261 -0.0497794 -0.0476312 -0.0450596 -0.0420473 -0.0385827 -0.0346603 -0.0302812 -0.0254538 -0.0201937 -0.0145249 -0.00848051 -0.00210418 0.00454889 0.0114109 0.0184015 0.0254287 0.0323912 0.0391817 0.0456906 0.0518086 0.0574301 0.0624546 0.0667888 0.0703497 0.0730687 0.0748963 0.0758064 0.0757978 0.0748929 0.0731349 0.0705855 0.067326 0.0634592 0.05911 0.0544184 0.0495251 0.0445565 0.039617 0.0347944 0.0301716 0.0258303 0.0218409 0.018245 0.0150506 0.0122446 0.00981132 0.00774122 0.00602363 0.00463455 0.00353187 0.0026627 0.00197662 0.00143583 0.00101773 0.000711278 0.000511703 
0 0.000403723 0.00083781 0.00133172 0.00191603 0.00262758 0.00351426 0.00463398 0.0060455 0.00779539 0.00991093 0.0124058 0.0152939 0.0185965 0.0223312 0.0264906 0.031029 0.0358708 0.0409318 0.0461293 0.0513755 0.0565631 0.0615628 0.0662356 0.070449 0.0740858 0.0770452 0.0792398 0.0805956 0.0810567 0.0805928 0.0792036 0.076918 0.0737879 0.0698809 0.0652736 0.0600486 0.0542932 0.0480997 0.0415647 0.0347875 0.0278666 0.0208964 0.0139639 0.00714668 0.000512256 -0.00588201 -0.0119881 -0.0177666 -0.0231859 -0.0282217 -0.0328565 -0.0370799 -0.0408873 -0.0442803 -0.0472655 -0.0498543 -0.0520618 -0.0539061 -0.0554078 -0.0565894 -0.0574745 -0.0580875 -0.0584533 -0.0585966 -0.058542 -0.0583133 -0.0579333 -0.057424 -0.0568059 -0.0560981 -0.0553183 -0.0544825 -0.0536053 -0.0526999 -0.0517777 -0.0508491 -0.049923 -0.0490072 -0.0481084 -0.0472324 -0.046384 -0.0455673 -0.0447856 -0.0440417 -0.0433378 -0.0426757 -0.0420568 -0.0414822 -0.0409525 -0.0404684 -0.0400302 -0.0396381 -0.0392923 -0.0389927 -0.0387394 -0.0385323 -0.0383713 -0.0382564 -0.0381874 -0.0381645 -0.0381874 -0.0382564 -0.0383713 -0.0385323 -0.0387394 -0.0389927 -0.0392923 -0.0396381 -0.0400302 -0.0404684 -0.0409525 -0.0414822 -0.0420568 -0.0426757 -0.0433378 -0.0440417 -0.0447856 -0.0455673 -0.046384 -0.0472324 -0.0481084 -0.0490072 -0.049923 -0.0508491 -0.0517777 -0.0526999 -0.0536053 -0.0544825 -0.0553183 -0.0560981 -0.0568059 -0.057424 -0.0579333 -0.0583133 -0.058542 -0.0585966 -0.0584533 -0.0580875 -0.0574745 -0.0565894 -0.0554078 -0.0539061 -0.0520618 -0.0498543 -0.0472655 -0.0442803 -0.0408873 -0.0370799 -0.0328565 -0.0282217 -0.0231859 -0.0177666 -0.0119881 -0.00588201 0.000512256 0.00714668 0.0139639 0.0208964 0.0278666 0.0347875 0.0415647 0.0480997 0.0542932 0.0600486 0.0652736 0.0698809 0.0737879 0.076918 0.0792036 0.0805928 0.0810567 0.0805956 0.0792398 0.0770452 0.0740858 0.070449 0.0662356 0.0615628 0.0565631 0.0513755 0.0461293 0.0409318 0.0358708 0.031029 0.0264906 0.0223312 0.0185965 0.015294 0.0124059 0.00991109 0.00779592 0.00604707 0.00463828 0.00352515 0.00265327 0.00197256 0.00144811 0.0010623 0.000809952 
0 0.000555525 0.00114062 0.00178881 0.00254231 0.00345577 0.0045943 0.00602346 0.00779539 0.00994116 0.0124771 0.01542 0.0187955 0.0226254 0.026904 0.0315839 0.0365873 0.0418299 0.0472295 0.0526948 0.0581091 0.0633339 0.0682281 0.0726659 0.0765411 0.0797609 0.082241 0.0839067 0.0847011 0.084594 0.0835856 0.0817033 0.0789953 0.0755235 0.0713594 0.0665815 0.0612744 0.055527 0.0494294 0.0430698 0.0365317 0.0298917 0.0232199 0.0165797 0.0100292 0.00362138 -0.0025957 -0.00857945 -0.0142934 -0.0197078 -0.0247996 -0.0295524 -0.0339557 -0.0380038 -0.0416952 -0.0450316 -0.0480175 -0.05066 -0.0529681 -0.0549534 -0.0566293 -0.0580113 -0.0591168 -0.0599645 -0.0605744 -0.0609671 -0.0611635 -0.0611844 -0.0610502 -0.0607805 -0.0603942 -0.0599087 -0.0593406 -0.0587049 -0.0580158 -0.0572858 -0.0565265 -0.0557483 -0.0549604 -0.0541712 -0.053388 -0.0526172 -0.0518644 -0.0511347 -0.0504322 -0.0497605 -0.0491227 -0.0485215 -0.047959 -0.0474369 -0.0469569 -0.04652 -0.0461272 -0.0457792 -0.0454768 -0.0452202 -0.0450099 -0.0448461 -0.044729 -0.0446587 -0.0446352 -0.0446587 -0.044729 -0.0448461 -0.0450099 -0.0452202 -0.0454768 -0.0457792 -0.0461272 -0.04652 -0.0469569 -0.0474369 -0.047959 -0.0485215 -0.0491227 -0.0497605 -0.0504322 -0.0511347 -0.0518644 -0.0526172 -0.053388 -0.0541712 -0.0549604 -0.0557483 -0.0565265 -0.0572858 -0.0580158 -0.0587049 -0.0593406 -0.0599087 -0.0603942 -0.0607805 -0.0610502 -0.0611844 -0.0611635 -0.0609671 -0.0605744 -0.0599645 -0.0591168 -0.0580113 -0.0566293 -0.0549534 -0.0529681 -0.05066 -0.0480175 -0.0450316 -0.0416952 -0.0380038 -0.0339557 -0.0295524 -0.0247996 -0.0197078 -0.0142934 -0.00857945 -0.0025957 0.00362138 0.0100292 0.0165797 0.0232199 0.0298917 0.0365317 0.0430698 0.0494294 0.055527 0.0612744 0.0665815 0.0713594 0.0755235 0.0789953 0.0817033 0.0835856 0.084594 0.0847011 0.0839067 0.082241 0.0797609 0.0765411 0.0726659 0.0682281 0.0633339 0.0581091 0.0526948 0.0472295 0.0418299 0.0365873 0.0315839 0.026904 0.0226254 0.0187955 0.0154202 0.0124776 0.0099426 0.00779935 0.00603355 0.00461828 0.00350898 0.00265277 0.00200359 0.00153238 0.00122704 
0 0.000734601 0.0015014 0.00234242 0.00331553 0.0044925 0.00594753 0.00774117 0.00991093 0.0124771 0.0154594 0.0188866 0.0227842 0.0271477 0.0319287 0.0370481 0.0424226 0.0479727 0.0536045 0.0591925 0.064588 0.0696457 0.0742425 0.0782762 0.0816554 0.0842973 0.0861325 0.0871152 0.0872288 0.0864843 0.0849126 0.082558 0.0794752 0.0757284 0.0713922 0.06655 0.0612897 0.0556983 0.0498565 0.043836 0.0376988 0.031499 0.0252848 0.0191005 0.0129874 0.00698396 0.00112529 -0.00455734 -0.0100369 -0.0152907 -0.0202997 -0.0250483 -0.0295239 -0.0337163 -0.0376179 -0.0412233 -0.0445298 -0.0475371 -0.0502477 -0.0526663 -0.0548003 -0.0566591 -0.0582538 -0.0595973 -0.0607035 -0.0615876 -0.0622651 -0.0627524 -0.0630656 -0.0632214 -0.0632359 -0.0631253 -0.0629049 -0.0625897 -0.062194 -0.0617312 -0.0612138 -0.0606536 -0.0600612 -0.0594464 -0.0588183 -0.0581848 -0.057553 -0.0569294 -0.0563196 -0.0557285 -0.0551605 -0.0546192 -0.0541081 -0.0536297 -0.0531866 -0.0527806 -0.0524136 -0.0520868 -0.0518016 -0.0515588 -0.0513591 -0.0512032 -0.0510916 -0.0510245 -0.0510021 -0.0510245 -0.0510916 -0.0512032 -0.0513591 -0.0515588 -0.0518016 -0.0520868 -0.0524136 -0.0527806 -0.0531866 -0.0536297 -0.0541081 -0.0546192 -0.0551605 -0.0557285 -0.0563196 -0.0569294 -0.057553 -0.0581848 -0.0588183 -0.0594464 -0.0600612 -0.0606536 -0.0612138 -0.0617312 -0.062194 -0.0625897 -0.0629049 -0.0631253 -0.0632359 -0.0632214 -0.0630656 -0.0627524 -0.0622651 -0.0615876 -0.0607035 -0.0595973 -0.0582538 -0.0566591 -0.0548003 -0.0526663 -0.0502477 -0.0475371 -0.0445298 -0.0412233 -0.0376179 -0.0337163 -0.0295239 -0.0250483 -0.0202997 -0.0152907 -0.0100369 -0.00455734 0.00112529 0.00698396 0.0129874 0.0191005 0.0252848 0.031499 0.0376988 0.043836 0.0498565 0.0556983 0.0612897 0.06655 0.0713922 0.0757284 0.0794752 0.082558 0.0849126 0.0864843 0.0872288 0.0871152 0.0861325 0.0842973 0.0816554 0.0782762 0.0742425 0.0696457 0.064588 0.0591925 0.0536045 0.0479727 0.0424226 0.0370481 0.0319287 0.0271478 0.0227843 0.0188871 0.0154607 0.0124807 0.00992014 0.00776325 0.00599695 0.004596 0.00351859 0.00271604 0.00214725 0.00178629 
0 0.000943262 0.00192957 0.00301495 0.0042722 0.00578139 0.00761221 0.00981132 0.0124058 0.01542 0.0188866 0.0228348 0.0272622 0.0321196 0.037326 0.0427987 0.0484599 0.0542143 0.0599291 0.065448 0.0706241 0.075337 0.079484 0.0829683 0.0857021 0.0876196 0.0886872 0.0889047 0.0882977 0.0869066 0.0847799 0.0819743 0.0785559 0.0746004 0.0701897 0.065407 0.0603304 0.0550298 0.0495662 0.043992 0.0383528 0.0326887 0.0270343 0.0214194 0.0158685 0.0104019 0.00503703 -0.000210804 -0.00532662 -0.0102951 -0.0151003 -0.019726 -0.0241564 -0.028377 -0.0323748 -0.0361397 -0.0396639 -0.0429421 -0.0459719 -0.0487526 -0.0512857 -0.0535743 -0.0556231 -0.0574383 -0.0590272 -0.0603987 -0.0615629 -0.0625308 -0.0633144 -0.0639267 -0.064381 -0.0646909 -0.0648704 -0.0649333 -0.0648929 -0.0647625 -0.0645546 -0.0642812 -0.0639534 -0.0635817 -0.0631759 -0.0627449 -0.0622968 -0.0618391 -0.0613785 -0.0609211 -0.0604724 -0.060037 -0.0596193 -0.0592232 -0.0588518 -0.0585081 -0.0581945 -0.0579132 -0.0576661 -0.0574545 -0.0572798 -0.057143 -0.0570447 -0.0569855 -0.0569657 -0.0569855 -0.0570447 -0.057143 -0.0572798 -0.0574545 -0.0576661 -0.0579132 -0.0581945 -0.0585081 -0.0588518 -0.0592232 -0.0596193 -0.060037 -0.0604724 -0.0609211 -0.0613785 -0.0618391 -0.0622968 -0.0627449 -0.0631759 -0.0635817 -0.0639534 -0.0642812 -0.0645546 -0.0647625 -0.0648929 -0.0649333 -0.0648704 -0.0646909 -0.064381 -0.0639267 -0.0633144 -0.0625308 -0.0615629 -0.0603987 -0.0590272 -0.0574383 -0.0556231 -0.0535743 -0.0512857 -0.0487526 -0.0459719 -0.0429421 -0.0396639 -0.0361397 -0.0323748 -0.028377 -0.0241564 -0.019726 -0.0151003 -0.0102951 -0.00532662 -0.000210804 0.00503703 0.0104019 0.0158685 0.0214194 0.0270343 0.0326887 0.0383528 0.043992 0.0495662 0.0550298 0.0603304 0.065407 0.0701897 0.0746004 0.0785559 0.0819743 0.0847799 0.0869066 0.0882977 0.0889047 0.0886872 0.0876196 0.0857021 0.0829683 0.079484 0.075337 0.0706241 0.065448 0.0599291 0.0542143 0.0484599 0.0427987 0.037326 0.0321197 0.0272626 0.0228359 0.0188898 0.0154283 0.0124259 0.0098566 0.00770796 0.00597106 0.00462456 0.00362973 0.00293948 0.00251165 
0 0.00119032 0.00244523 0.00383837 0.00545048 0.00735585 0.00960885 0.0122446 0.0152939 0.0187955 0.0227842 0.0272622 0.0321811 0.0374583 0.04301 0.0487588 0.0546074 0.0604166 0.0660236 0.0712817 0.0760745 0.0802983 0.0838487 0.0866321 0.0885857 0.0896858 0.0899427 0.0893902 0.0880754 0.0860548 0.0833964 0.0801799 0.0764916 0.0724175 0.0680374 0.0634199 0.0586233 0.053698 0.0486878 0.0436313 0.0385618 0.0335055 0.0284815 0.0235024 0.0185753 0.013705 0.00889573 0.00415296 -0.000515502 -0.00509958 -0.00958737 -0.0139657 -0.0182209 -0.0223395 -0.0263083 -0.0301152 -0.0337487 -0.0371987 -0.0404562 -0.0435138 -0.046366 -0.0490089 -0.0514409 -0.0536622 -0.055675 -0.0574834 -0.0590931 -0.0605114 -0.0617466 -0.0628083 -0.0637065 -0.064452 -0.065056 -0.0655297 -0.0658846 -0.0661321 -0.0662833 -0.0663491 -0.0663402 -0.0662667 -0.0661382 -0.065964 -0.0657526 -0.0655122 -0.0652501 -0.0649733 -0.0646882 -0.0644003 -0.0641151 -0.063837 -0.0635703 -0.0633188 -0.0630856 -0.0628735 -0.0626851 -0.0625223 -0.0623869 -0.0622801 -0.0622032 -0.0621567 -0.0621412 -0.0621567 -0.0622032 -0.0622801 -0.0623869 -0.0625223 -0.0626851 -0.0628735 -0.0630856 -0.0633188 -0.0635703 -0.063837 -0.0641151 -0.0644003 -0.0646882 -0.0649733 -0.0652501 -0.0655122 -0.0657526 -0.065964 -0.0661382 -0.0662667 -0.0663402 -0.0663491 -0.0662833 -0.0661321 -0.0658846 -0.0655297 -0.065056 -0.064452 -0.0637065 -0.0628083 -0.0617466 -0.0605114 -0.0590931 -0.0574834 -0.055675 -0.0536622 -0.0514409 -0.0490089 -0.046366 -0.0435138 -0.0404562 -0.0371987 -0.0337487 -0.0301152 -0.0263083 -0.0223395 -0.0182209 -0.0139657 -0.00958737 -0.00509958 -0.000515502 0.00415296 0.00889573 0.013705 0.0185753 0.0235024 0.0284815 0.0335055 0.0385618 0.0436313 0.0486878 0.053698 0.0586233 0.0634199 0.0680374 0.0724175 0.0764916 0.0801799 0.0833964 0.0860548 0.0880754 0.0893902 0.0899427 0.0896858 0.0885857 0.0866321 0.0838487 0.0802983 0.0760745 0.0712817 0.0660236 0.0604166 0.0546074 0.0487589 0.0430101 0.0374587 0.0321821 0.027265 0.0227915 0.0188134 0.0153349 0.012332 0.00978389 0.00768439 0.00602955 0.00479889 0.00395034 0.00343159 
0 0.00149234 0.00307843 0.00484853 0.00688088 0.00923314 0.0119445 0.0150506 0.0185965 0.0226254 0.0271477 0.0321196 0.0374583 0.0430786 0.0489025 0.0548307 0.0607179 0.066395 0.0717142 0.0765625 0.0808351 0.08442 0.0872194 0.0891771 0.0902794 0.0905419 0.0899992 0.0887006 0.0867096 0.0841071 0.080989 0.0774545 0.0735967 0.0694966 0.0652216 0.0608269 0.0563592 0.0518577 0.0473535 0.0428691 0.0384184 0.0340071 0.0296359 0.0253025 0.021004 0.0167385 0.0125051 0.00830458 0.00413902 1.15251e-05 -0.00407322 -0.00810884 -0.012087 -0.0159973 -0.0198273 -0.0235632 -0.0271903 -0.0306943 -0.0340614 -0.037279 -0.0403369 -0.0432264 -0.0459415 -0.0484781 -0.0508341 -0.0530092 -0.055005 -0.0568241 -0.0584708 -0.0599504 -0.061269 -0.0624337 -0.0634524 -0.0643334 -0.0650857 -0.0657185 -0.0662411 -0.0666631 -0.0669941 -0.0672433 -0.0674201 -0.0675331 -0.067591 -0.0676019 -0.0675734 -0.0675127 -0.0674265 -0.0673209 -0.0672017 -0.067074 -0.0669425 -0.0668115 -0.0666846 -0.0665651 -0.066456 -0.0663596 -0.066278 -0.0662128 -0.0661654 -0.0661365 -0.0661269 -0.0661365 -0.0661654 -0.0662128 -0.066278 -0.0663596 -0.066456 -0.0665651 -0.0666846 -0.0668115 -0.0669425 -0.067074 -0.0672017 -0.0673209 -0.0674265 -0.0675127 -0.0675734 -0.0676019 -0.067591 -0.0675331 -0.0674201 -0.0672433 -0.0669941 -0.0666631 -0.0662411 -0.0657185 -0.0650857 -0.0643334 -0.0634524 -0.0624337 -0.061269 -0.0599504 -0.0584708 -0.0568241 -0.055005 -0.0530092 -0.0508341 -0.0484781 -0.0459415 -0.0432264 -0.0403369 -0.037279 -0.0340614 -0.0306943 -0.0271903 -0.0235632 -0.0198273 -0.0159973 -0.012087 -0.00810884 -0.00407322 1.15251e-05 0.00413902 0.00830458 0.0125051 0.0167385 0.021004 0.0253025 0.0296359 0.0340071 0.0384184 0.0428691 0.0473535 0.0518577 0.0563592 0.0608269 0.0652216 0.0694966 0.0735967 0.0774545 0.080989 0.0841071 0.0867096 0.0887006 0.0899992 0.0905419 0.0902794 0.0891771 0.0872194 0.08442 0.0808351 0.0765625 0.0717142 0.066395 0.060718 0.0548308 0.0489028 0.0430795 0.0374608 0.032126 0.0271636 0.0226619 0.0186753 0.0152102 0.0122473 0.00977275 0.00778547 0.00628007 0.0052291 0.00458454 
0 0.00187054 0.00386223 0.00607593 0.00858056 0.0114182 0.0146241 0.018245 0.0223312 0.026904 0.0319287 0.037326 0.04301 0.0489025 0.0549035 0.0608634 0.0666059 0.0719807 0.0768759 0.0811841 0.0847854 0.0875796 0.0895191 0.0906009 0.090843 0.0902781 0.0889577 0.0869538 0.0843589 0.0812802 0.0778247 0.0740881 0.0701548 0.0660975 0.0619779 0.0578479 0.0537482 0.0497048 0.0457305 0.0418269 0.0379875 0.0342024 0.0304614 0.0267548 0.0230744 0.0194127 0.0157625 0.012118 0.00847401 0.00482769 0.00117921 -0.00246836 -0.00610842 -0.00973151 -0.0133261 -0.0168789 -0.0203761 -0.0238036 -0.0271475 -0.0303949 -0.0335335 -0.0365523 -0.0394416 -0.0421928 -0.0447992 -0.0472554 -0.0495577 -0.0517041 -0.0536941 -0.055529 -0.0572111 -0.0587443 -0.0601334 -0.0613842 -0.0625032 -0.0634976 -0.0643751 -0.0651432 -0.0658103 -0.0663841 -0.0668729 -0.0672845 -0.0676265 -0.0679065 -0.0681316 -0.0683085 -0.0684439 -0.0685437 -0.0686135 -0.0686588 -0.0686841 -0.068694 -0.0686924 -0.0686828 -0.0686682 -0.0686515 -0.0686347 -0.0686198 -0.0686081 -0.0686008 -0.0685982 -0.0686008 -0.0686081 -0.0686198 -0.0686347 -0.0686515 -0.0686682 -0.0686828 -0.0686924 -0.068694 -0.0686841 -0.0686588 -0.0686135 -0.0685437 -0.0684439 -0.0683085 -0.0681316 -0.0679065 -0.0676265 -0.0672845 -0.0668729 -0.0663841 -0.0658103 -0.0651432 -0.0643751 -0.0634976 -0.0625032 -0.0613842 -0.0601334 -0.0587443 -0.0572111 -0.055529 -0.0536941 -0.0517041 -0.0495577 -0.0472554 -0.0447992 -0.0421928 -0.0394416 -0.0365523 -0.0335335 -0.0303949 -0.0271475 -0.0238036 -0.0203761 -0.0168789 -0.0133261 -0.00973151 -0.00610842 -0.00246836 0.00117921 0.00482769 0.00847401 0.012118 0.0157625 0.0194127 0.0230744 0.0267548 0.0304614 0.0342024 0.0379875 0.0418269 0.0457305 0.0497048 0.0537482 0.0578479 0.0619779 0.0660975 0.0701548 0.0740881 0.0778247 0.0812802 0.0843589 0.0869538 0.0889577 0.0902781 0.090843 0.0906009 0.0895191 0.0875796 0.0847854 0.0811841 0.0768759 0.0719808 0.066606 0.0608636 0.0549042 0.0489046 0.0430156 0.0373398 0.0319608 0.0269741 0.0224748 0.0185209 0.0151215 0.0122615 0.00992969 0.00812265 0.00682954 0.00602306 
0 0.00234349 0.00482181 0.00753821 0.0105554 0.013914 0.0176586 0.0218409 0.0264906 0.0315839 0.0370481 0.0427987 0.0487588 0.0548307 0.0608634 0.0666747 0.0721092 0.0770538 0.081398 0.0850141 0.0877987 0.0897125 0.0907621 0.0909655 0.0903521 0.08898 0.0869339 0.084317 0.0812425 0.0778195 0.0741435 0.0703012 0.0663734 0.0624305 0.0585303 0.0547161 0.0510116 0.0474247 0.0439526 0.0405846 0.0373061 0.0341022 0.0309554 0.0278482 0.0247632 0.0216831 0.0185931 0.0154819 0.0123416 0.00916916 0.00596454 0.00273074 -0.000526607 -0.0038008 -0.00708349 -0.0103653 -0.013636 -0.016884 -0.0200973 -0.023263 -0.0263678 -0.029399 -0.0323439 -0.0351911 -0.0379303 -0.0405529 -0.0430518 -0.0454216 -0.0476586 -0.0497605 -0.0517268 -0.053558 -0.0552559 -0.0568233 -0.0582637 -0.0595817 -0.0607821 -0.0618705 -0.0628526 -0.0637346 -0.0645229 -0.0652238 -0.0658438 -0.0663894 -0.0668668 -0.0672821 -0.0676413 -0.06795 -0.0682137 -0.0684372 -0.0686254 -0.0687825 -0.0689124 -0.0690187 -0.0691045 -0.0691725 -0.069225 -0.0692639 -0.0692906 -0.0693062 -0.0693113 -0.0693062 -0.0692906 -0.0692639 -0.069225 -0.0691725 -0.0691045 -0.0690187 -0.0689124 -0.0687825 -0.0686254 -0.0684372 -0.0682137 -0.06795 -0.0676413 -0.0672821 -0.0668668 -0.0663894 -0.0658438 -0.0652238 -0.0645229 -0.0637346 -0.0628526 -0.0618705 -0.0607821 -0.0595817 -0.0582637 -0.0568233 -0.0552559 -0.053558 -0.0517268 -0.0497605 -0.0476586 -0.0454216 -0.0430518 -0.0405529 -0.0379303 -0.0351911 -0.0323439 -0.029399 -0.0263678 -0.023263 -0.0200973 -0.016884 -0.013636 -0.0103653 -0.00708349 -0.0038008 -0.000526607 0.00273074 0.00596454 0.00916916 0.0123416 0.0154819 0.0185931 0.0216831 0.0247632 0.0278482 0.0309554 0.0341022 0.0373061 0.0405846 0.0439526 0.0474247 0.0510116 0.0547161 0.0585303 0.0624305 0.0663734 0.0703012 0.0741435 0.0778195 0.0812425 0.084317 0.0869339 0.08898 0.0903521 0.0909655 0.0907621 0.0897125 0.0877987 0.0850141 0.081398 0.0770538 0.0721094 0.0666753 0.0608651 0.0548354 0.0487706 0.0428266 0.0371096 0.0317115 0.0267389 0.0222942 0.0184367 0.0151734 0.0124866 0.0103639 0.00880538 0.00781356 
0 0.00291903 0.00596536 0.0092385 0.0128074 0.0167289 0.0210584 0.0258303 0.031029 0.0365873 0.0424226 0.0484599 0.0546074 0.0607179 0.0666059 0.0721092 0.0771118 0.0815009 0.0851419 0.0879267 0.0898216 0.0908409 0.0909999 0.0903244 0.088882 0.0867742 0.0841125 0.081012 0.0775833 0.0739234 0.070123 0.0662716 0.0624453 0.0587019 0.0550831 0.0516111 0.0482928 0.0451283 0.0421104 0.0392254 0.0364564 0.0337807 0.0311718 0.0286038 0.0260513 0.0234926 0.0209118 0.0182961 0.0156381 0.0129333 0.010179 0.0073755 0.00452417 0.00162818 -0.00130664 -0.00427346 -0.00726293 -0.0102643 -0.0132663 -0.0162559 -0.019221 -0.022149 -0.0250278 -0.0278464 -0.0305939 -0.0332614 -0.0358399 -0.0383223 -0.0407022 -0.0429744 -0.045135 -0.0471809 -0.0491107 -0.0509235 -0.0526197 -0.0542007 -0.0556686 -0.0570264 -0.0582775 -0.0594263 -0.060477 -0.0614346 -0.062304 -0.0630905 -0.0637992 -0.0644353 -0.065004 -0.06551 -0.0659583 -0.0663531 -0.0666989 -0.0669994 -0.0672584 -0.067479 -0.0676643 -0.0678167 -0.0679385 -0.0680312 -0.0680966 -0.0681353 -0.0681482 -0.0681353 -0.0680966 -0.0680312 -0.0679385 -0.0678167 -0.0676643 -0.067479 -0.0672584 -0.0669994 -0.0666989 -0.0663531 -0.0659583 -0.06551 -0.065004 -0.0644353 -0.0637992 -0.0630905 -0.062304 -0.0614346 -0.060477 -0.0594263 -0.0582775 -0.0570264 -0.0556686 -0.0542007 -0.0526197 -0.0509235 -0.0491107 -0.0471809 -0.045135 -0.0429744 -0.0407022 -0.0383223 -0.0358399 -0.0332614 -0.0305939 -0.0278464 -0.0250278 -0.022149 -0.019221 -0.0162559 -0.0132663 -0.0102643 -0.00726293 -0.00427346 -0.00130664 0.00162818 0.00452417 0.0073755 0.010179 0.0129333 0.0156381 0.0182961 0.0209118 0.0234926 0.0260513 0.0286038 0.0311718 0.0337807 0.0364564 0.0392254 0.0421104 0.0451283 0.0482928 0.0516111 0.0550831 0.0587019 0.0624453 0.0662716 0.070123 0.0739234 0.0775833 0.081012 0.0841125 0.0867742 0.088882 0.0903244 0.0909999 0.0908409 0.0898216 0.0879267 0.0851419 0.081501 0.0771123 0.0721106 0.0666098 0.0607279 0.0546312 0.0485133 0.0425346 0.036808 0.0314373 0.0265406 0.0222226 0.018535 0.015477 0.0130329 0.0112076 0.0100301 
0 0.00359041 0.00728234 0.0111697 0.0153398 0.0198719 0.0248175 0.0301716 0.0358708 0.0418299 0.0479727 0.0542143 0.0604166 0.066395 0.0719807 0.0770538 0.0815009 0.0851832 0.0879866 0.0898787 0.0908795 0.0910011 0.090265 0.0887492 0.0865728 0.0838527 0.0807012 0.0772329 0.0735526 0.0697575 0.0659442 0.062192 0.0585534 0.0550652 0.0517504 0.0486167 0.045668 0.0429022 0.0403053 0.0378583 0.0355367 0.03331 0.0311504 0.0290319 0.0269299 0.0248259 0.0227029 0.0205455 0.0183429 0.0160844 0.0137636 0.0113774 0.00892466 0.00640875 0.00383473 0.00120932 -0.0014583 -0.00415974 -0.00688489 -0.00962394 -0.0123673 -0.0151042 -0.0178251 -0.0205195 -0.0231772 -0.0257885 -0.0283436 -0.030834 -0.033251 -0.0355876 -0.0378375 -0.0399954 -0.0420573 -0.0440198 -0.0458814 -0.0476405 -0.0492975 -0.0508526 -0.0523074 -0.0536638 -0.0549241 -0.0560915 -0.0571689 -0.0581601 -0.0590683 -0.0598978 -0.0606519 -0.0613348 -0.0619499 -0.0625011 -0.0629917 -0.063425 -0.063804 -0.0641316 -0.0644102 -0.0646421 -0.0648293 -0.0649731 -0.065075 -0.0651357 -0.065156 -0.0651357 -0.065075 -0.0649731 -0.0648293 -0.0646421 -0.0644102 -0.0641316 -0.063804 -0.063425 -0.0629917 -0.0625011 -0.0619499 -0.0613348 -0.0606519 -0.0598978 -0.0590683 -0.0581601 -0.0571689 -0.0560915 -0.0549241 -0.0536638 -0.0523074 -0.0508526 -0.0492975 -0.0476405 -0.0458814 -0.0440198 -0.0420573 -0.0399954 -0.0378375 -0.0355876 -0.033251 -0.030834 -0.0283436 -0.0257885 -0.0231772 -0.0205195 -0.0178251 -0.0151042 -0.0123673 -0.00962394 -0.00688489 -0.00415974 -0.0014583 0.00120932 0.00383473 0.00640875 0.00892466 0.0113774 0.0137636 0.0160844 0.0183429 0.0205455 0.0227029 0.0248259 0.0269299 0.0290319 0.0311504 0.03331 0.0355367 0.0378583 0.0403053 0.0429022 0.045668 0.0486167 0.0517504 0.0550652 0.0585534 0.062192 0.0659442 0.0697575 0.0735526 0.0772329 0.0807012 0.0838527 0.0865728 0.0887492 0.090265 0.0910011 0.0908795 0.0898788 0.0879867 0.0851836 0.081502 0.077057 0.071989 0.066415 0.0604621 0.0543113 0.0481665 0.0421934 0.036512 0.0312368 0.026491 0.0223732 0.0189275 0.0161605 0.0140855 0.0127444 
0 0.0043398 0.00875015 0.0133198 0.0181531 0.0233377 0.0289006 0.0347944 0.0409318 0.0472295 0.0536045 0.0599291 0.0660236 0.0717142 0.0768759 0.081398 0.0851419 0.0879866 0.0898967 0.0908958 0.0909953 0.0902119 0.0886322 0.0863918 0.0836103 0.0803934 0.0768625 0.0731371 0.0693207 0.0655132 0.0617958 0.0582153 0.0548051 0.0515928 0.048589 0.0457972 0.0432163 0.0408287 0.0386105 0.0365387 0.0345842 0.0327214 0.0309295 0.0291843 0.027465 0.0257522 0.0240239 0.0222639 0.0204576 0.0185926 0.0166635 0.0146654 0.0125975 0.0104621 0.00826042 0.00599776 0.00367859 0.0013083 -0.00110515 -0.00355533 -0.00603268 -0.00852827 -0.0110327 -0.0135351 -0.0160265 -0.0184962 -0.0209354 -0.0233352 -0.0256869 -0.0279839 -0.0302183 -0.0323852 -0.0344786 -0.0364943 -0.0384287 -0.0402784 -0.0420417 -0.0437164 -0.0453022 -0.0467982 -0.0482053 -0.0495237 -0.050755 -0.0519007 -0.0529626 -0.0539431 -0.0548444 -0.0556692 -0.0564197 -0.057099 -0.057709 -0.0582529 -0.0587323 -0.0591501 -0.0595076 -0.0598073 -0.0600501 -0.0602378 -0.0603709 -0.0604507 -0.060477 -0.0604507 -0.0603709 -0.0602378 -0.0600501 -0.0598073 -0.0595076 -0.0591501 -0.0587323 -0.0582529 -0.057709 -0.057099 -0.0564197 -0.0556692 -0.0548444 -0.0539431 -0.0529626 -0.0519007 -0.050755 -0.0495237 -0.0482053 -0.0467982 -0.0453022 -0.0437164 -0.0420417 -0.0402784 -0.0384287 -0.0364943 -0.0344786 -0.0323852 -0.0302183 -0.0279839 -0.0256869 -0.0233352 -0.0209354 -0.0184962 -0.0160265 -0.0135351 -0.0110327 -0.00852827 -0.00603268 -0.00355533 -0.00110515 0.0013083 0.00367859 0.00599776 0.00826042 0.0104621 0.0125975 0.0146654 0.0166635 0.0185926 0.0204576 0.0222639 0.0240239 0.0257522 0.027465 0.0291843 0.0309295 0.0327214 0.0345842 0.0365387 0.0386105 0.0408287 0.0432163 0.0457972 0.048589 0.0515928 0.0548051 0.0582153 0.0617958 0.0655132 0.0693207 0.0731371 0.0768625 0.0803934 0.0836103 0.0863918 0.0886322 0.0902119 0.0909953 0.0908959 0.089897 0.0879875 0.0851445 0.0814048 0.0768926 0.0717526 0.0661065 0.060097 0.0539243 0.0478018 0.0418962 0.0363302 0.0312239 0.0267039 0.0228721 0.0197879 0.0174889 0.0160168 
