0 0 0 0 0 0 0 0 0 0 0 0 0 0 0 0 0 0 0 0 0 0 0 0 0 0 0 0 0 0 0 0 0 0 0 0 0 0 0 0 0 0 0 0 0 0 0 0 0 0 0 0 0 0 0 0 0 0 0 0 0 0 0 0 0 0 0 0 0 0 0 0 0 0 0 0 0 0 0 0 0 0 0 0 0 0 0 0 0 0 0 0 0 0 0 0 0 0 0 0 0 0 0 0 0 0 0 0 0 0 0 0 0 0 0 0 0 0 0 0 0 0 0 0 0 0 0 0 0 0 0 0 0 0 0 0 0 0 0 0 0 0 0 0 0 0 0 0 0 0 0 0 0 0 0 0 0 0 0 0 0 0 0 0 0 0 0 0 0 0 0 0 0 0 0 0 0 0 0 0 0 0 0 0 0 0 0 0 0 0 0 0 0 0 0 0 0 0 0 0 
0 6.20838e-33 8.11656e-32 9.94734e-31 1.14974e-29 1.25462e-28 1.29379e-27 1.2619e-26 1.165e-25 1.01876e-24 8.44367e-24 6.63659e-23 4.94914e-22 3.5033e-21 2.35482e-20 1.50357e-19 9.1223e-19 5.2604e-18 2.88382e-17 1.50328e-16 7.45275e-16 3.5145e-15 1.57668e-14 6.72998e-14 2.73357e-13 1.05669e-12 3.88796e-12 1.36181e-11 4.54157e-11 1.44236e-10 4.36339e-10 1.2577e-09 3.45525e-09 9.05127e-09 2.26191e-08 5.3954e-08 1.22926e-07 2.67711e-07 5.5779e-07 1.11297e-06 2.12902e-06 3.90913e-06 6.8985e-06 1.17169e-05 1.91826e-05 3.03194e-05 4.63419e-05 6.86137e-05 9.85826e-05 0.000137699 0.000187328 0.000248678 0.000322741 0.00041028 0.000511839 0.000627801 0.000758452 0.000904068 0.00106498 0.00124164 0.0014346 0.00164456 0.00187223 0.00211835 0.00238351 0.0026681 0.00297225 0.00329568 0.00363773 0.00399732 0.00437295 0.00476273 0.00516448 0.00557573 0.00599385 0.0064161 0.0068397 0.00726191 0.00768008 0.00809169 0.0084944 0.00888606 0.00926473 0.00962871 0.00997649 0.0103068 0.0106185 0.0109108 0.011183 0.0114343 0.0116645 0.0118732 0.0120601 0.0122251 0.0123682 0.0124892 0.0125882 0.0126652 0.0127202 0.0127532 0.0127642 0.0127532 0.0127202 0.0126652 0.0125882 0.0124892 0.0123682 0.0122251 0.0120601 0.0118732 0.0116645 0.0114343 0.011183 0.0109108 0.0106185 0.0103068 0.00997649 0.00962871 0.00926473 0.00888606 0.0084944 0.00809169 0.00768008 0.00726191 0.0068397 0.0064161 0.00599385 0.00557573 0.00516448 0.00476273 0.00437295 0.00399732 0.00363773 0.00329568 0.00297225 0.0026681 0.00238351 0.00211835 0.00187223 0.00164456 0.0014346 0.00124164 0.00106498 0.000904068 0.000758452 0.000627801 0.000511839 0.00041028 0.000322741 0.000248678 0.000187328 0.000137699 9.85826e-05 6.86137e-05 4.63419e-05 3.03194e-05 1.91826e-05 1.17169e-05 6.8985e-06 3.90913e-06 2.12902e-06 1.11297e-06 5.5779e-07 2.67711e-07 1.22926e-07 5.3954e-08 2.26191e-08 9.05127e-09 3.45525e-09 1.2577e-09 4.36339e-10 1.44236e-10 4.54157e-11 1.36181e-11 3.88796e-12 1.05669e-12 2.73357e-13 6.72998e-14 1.57668e-14 3.5145e-15 7.45275e-16 1.50328e-16 2.88382e-17 5.2604e-18 9.1223e-19 1.50357e-19 2.35482e-20 3.5033e-21 4.94914e-22 6.63659e-23 8.44367e-24 1.01876e-24 1.165e-25 1.2619e-26 1.29379e-27 1.25462e-28 1.14974e-29 9.9472e-31 8.09672e-32 3.47201e-33 
0 8.11656e-32 1.01078e-30 1.18091e-29 1.30269e-28 1.35816e-27 1.33943e-26 1.2505e-25 1.10597e-24 9.27187e-24 7.3722e-23 5.56221e-22 3.98391e-21 2.70991e-20 1.75117e-19 1.07539e-18 6.27736e-18 3.48388e-17 1.8387e-16 9.22981e-16 4.40732e-15 2.00223e-14 8.65485e-14 3.5601e-13 1.3937e-12 5.19308e-12 1.84199e-11 6.2204e-11 2.00027e-10 6.12618e-10 1.78742e-09 4.96977e-09 1.31727e-08 3.32998e-08 8.03274e-08 1.8502e-07 4.07213e-07 8.57122e-07 1.72703e-06 3.33473e-06 6.17802e-06 1.0996e-05 1.88293e-05 3.1068e-05 4.94734e-05 7.61635e-05 0.000113555 0.000164264 0.000230978 0.00031631 0.00042268 0.00055221 0.000706689 0.000887586 0.00109611 0.00133331 0.00160021 0.00189786 0.00222744 0.00259028 0.00298779 0.0034214 0.0038924 0.00440185 0.00495035 0.00553795 0.00616407 0.00682736 0.00752574 0.00825639 0.00901583 0.0098 0.0106043 0.011424 0.0122538 0.0130886 0.0139232 0.0147525 0.0155718 0.0163763 0.0171619 0.0179247 0.0186611 0.0193681 0.0200429 0.0206833 0.0212872 0.0218531 0.0223796 0.0228658 0.0233108 0.023714 0.0240751 0.0243938 0.02467 0.0249037 0.0250947 0.0252433 0.0253493 0.0254129 0.0254341 0.0254129 0.0253493 0.0252433 0.0250947 0.0249037 0.02467 0.0243938 0.0240751 0.023714 0.0233108 0.0228658 0.0223796 0.0218531 0.0212872 0.0206833 0.0200429 0.0193681 0.0186611 0.0179247 0.0171619 0.0163763 0.0155718 0.0147525 0.0139232 0.0130886 0.0122538 0.011424 0.0106043 0.0098 0.00901583 0.00825639 0.00752574 0.00682736 0.00616407 0.00553795 0.00495035 0.00440185 0.0038924 0.0034214 0.00298779 0.00259028 0.00222744 0.00189786 0.00160021 0.00133331 0.00109611 0.000887586 0.000706689 0.00055221 0.00042268 0.00031631 0.000230978 0.000164264 0.000113555 7.61635e-05 4.94734e-05 3.1068e-05 1.88293e-05 1.0996e-05 6.17802e-06 3.33473e-06 1.72703e-06 8.57122e-07 4.07213e-07 1.8502e-07 8.03274e-08 3.32998e-08 1.31727e-08 4.96977e-09 1.78742e-09 6.12618e-10 2.00027e-10 6.2204e-11 1.84199e-11 5.19308e-12 1.3937e-12 3.5601e-13 8.65485e-14 2.00223e-14 4.40732e-15 9.22981e-16 1.8387e-16 3.48388e-17 6.27736e-18 1.07539e-18 1.75117e-19 2.70991e-20 3.98391e-21 5.56221e-22 7.3722e-23 9.27187e-24 1.10597e-24 1.2505e-25 1.33943e-26 1.35816e-27 1.30269e-28 1.18089e-29 1.0081e-30 4.59179e-32 
0 9.94734e-31 1.18091e-29 1.31597e-28 1.38605e-27 1.38102e-26 1.3027e-25 1.16415e-24 9.86206e-24 7.92416e-23 6.04201e-22 4.3736e-21 3.00672e-20 1.96376e-19 1.21885e-18 7.19103e-18 4.03368e-17 2.15159e-16 1.09153e-15 5.26727e-15 2.41799e-14 1.05605e-13 4.38848e-13 1.73529e-12 6.52977e-12 2.33844e-11 7.97076e-11 2.58628e-10 7.98952e-10 2.35029e-09 6.58551e-09 1.75817e-08 4.4741e-08 1.08576e-07 2.5142e-07 5.55904e-07 1.1746e-06 2.37397e-06 4.59434e-06 8.5243e-06 1.51832e-05 2.60003e-05 4.28741e-05 6.8196e-05 0.000104823 0.000155995 0.000225209 0.000316052 0.000432046 0.000576514 0.000752494 0.000962727 0.0012097 0.00149574 0.00182314 0.00219423 0.00261145 0.00307738 0.00359462 0.00416571 0.00479295 0.00547818 0.00622263 0.00702672 0.00788994 0.00881077 0.00978668 0.0108141 0.0118886 0.0130049 0.0141569 0.0153382 0.016542 0.0177609 0.018988 0.0202159 0.0214377 0.0226467 0.0238364 0.0250008 0.0261343 0.027232 0.0282894 0.0293023 0.0302673 0.0311815 0.0320423 0.0328478 0.0335963 0.0342865 0.0349176 0.0354889 0.036 0.0364508 0.0368411 0.0371711 0.0374408 0.0376504 0.0377999 0.0378896 0.0379195 0.0378896 0.0377999 0.0376504 0.0374408 0.0371711 0.0368411 0.0364508 0.036 0.0354889 0.0349176 0.0342865 0.0335963 0.0328478 0.0320423 0.0311815 0.0302673 0.0293023 0.0282894 0.027232 0.0261343 0.0250008 0.0238364 0.0226467 0.0214377 0.0202159 0.018988 0.0177609 0.016542 0.0153382 0.0141569 0.0130049 0.0118886 0.0108141 0.00978668 0.00881077 0.00788994 0.00702672 0.00622263 0.00547818 0.00479295 0.00416571 0.00359462 0.00307738 0.00261145 0.00219423 0.00182314 0.00149574 0.0012097 0.000962727 0.000752494 0.000576514 0.000432046 0.000316052 0.000225209 0.000155995 0.000104823 6.8196e-05 4.28741e-05 2.60003e-05 1.51832e-05 8.5243e-06 4.59434e-06 2.37397e-06 1.1746e-06 5.55904e-07 2.5142e-07 1.08576e-07 4.4741e-08 1.75817e-08 6.58551e-09 2.35029e-09 7.98952e-10 2.58628e-10 7.97076e-11 2.33844e-11 6.52977e-12 1.73529e-12 4.38848e-13 1.05605e-13 2.41799e-14 5.26727e-15 1.09153e-15 2.15159e-16 4.03368e-17 7.19103e-18 1.21885e-18 1.96376e-19 3.00672e-20 4.3736e-21 6.04201e-22 7.92416e-23 9.86206e-24 1.16415e-24 1.3027e-25 1.38102e-26 1.38605e-27 1.31594e-28 1.1775e-29 5.69477e-31 
0 1.14974e-29 1.30269e-28 1.38605e-27 1.39513e-26 1.32955e-25 1.20045e-24 1.02754e-23 8.3427e-23 6.428e-22 4.7021e-21 3.26677e-20 2.15624e-19 1.35254e-18 8.06452e-18 4.57164e-17 2.46436e-16 1.26337e-15 6.16032e-15 2.85731e-14 1.26073e-13 5.29201e-13 2.11336e-12 8.02972e-12 2.90281e-11 9.98509e-11 3.2684e-10 1.01815e-09 3.01885e-09 8.52136e-09 2.29046e-08 5.86437e-08 1.43082e-07 3.32842e-07 7.38669e-07 1.56512e-06 3.16898e-06 6.13785e-06 1.13855e-05 2.02544e-05 3.46071e-05 5.68868e-05 9.01244e-05 0.000137879 0.000204114 0.000293026 0.000408858 0.000555736 0.000737575 0.000958053 0.00122068 0.00152894 0.00188638 0.0022968 0.00276428 0.00329314 0.00388781 0.00455262 0.00529152 0.0061078 0.00700381 0.0079807 0.00903835 0.0101752 0.0113883 0.0126733 0.0140249 0.0154364 0.0169007 0.0184095 0.0199545 0.0215269 0.0231176 0.0247177 0.0263183 0.0279108 0.0294869 0.0310386 0.0325587 0.0340401 0.0354765 0.0368624 0.0381926 0.0394628 0.0406692 0.0418086 0.0428786 0.0438772 0.0448028 0.0456544 0.0464313 0.0471332 0.04776 0.0483119 0.0487891 0.0491919 0.0495208 0.0497762 0.0499583 0.0500675 0.0501038 0.0500675 0.0499583 0.0497762 0.0495208 0.0491919 0.0487891 0.0483119 0.04776 0.0471332 0.0464313 0.0456544 0.0448028 0.0438772 0.0428786 0.0418086 0.0406692 0.0394628 0.0381926 0.0368624 0.0354765 0.0340401 0.0325587 0.0310386 0.0294869 0.0279108 0.0263183 0.0247177 0.0231176 0.0215269 0.0199545 0.0184095 0.0169007 0.0154364 0.0140249 0.0126733 0.0113883 0.0101752 0.00903835 0.0079807 0.00700381 0.0061078 0.00529152 0.00455262 0.00388781 0.00329314 0.00276428 0.0022968 0.00188638 0.00152894 0.00122068 0.000958053 0.000737575 0.000555736 0.000408858 0.000293026 0.000204114 0.000137879 9.01244e-05 5.68868e-05 3.46071e-05 2.02544e-05 1.13855e-05 6.13785e-06 3.16898e-06 1.56512e-06 7.38669e-07 3.32842e-07 1.43082e-07 5.86437e-08 2.29046e-08 8.52136e-09 3.01885e-09 1.01815e-09 3.2684e-10 9.98509e-11 2.90281e-11 8.02972e-12 2.11336e-12 5.29201e-13 1.26073e-13 2.85731e-14 6.16032e-15 1.26337e-15 2.46436e-16 4.57164e-17 8.06452e-18 1.35254e-18 2.15624e-19 3.26677e-20 4.7021e-21 6.428e-22 8.3427e-23 1.02754e-23 1.20045e-24 1.32955e-25 1.39513e-26 1.38601e-27 1.29862e-28 6.66249e-30 
0 1.25462e-28 1.35816e-27 1.38102e-26 1.32955e-25 1.2128e-24 1.04885e-23 8.60432e-23 6.69887e-22 4.95169e-21 3.47641e-20 2.31885e-19 1.46993e-18 8.85723e-18 5.07414e-17 2.7641e-16 1.43194e-15 7.05532e-15 3.30639e-14 1.47386e-13 6.24935e-13 2.52055e-12 9.67027e-12 3.52914e-11 1.22515e-10 4.04586e-10 1.27102e-09 3.79885e-09 1.08034e-08 2.92386e-08 7.5327e-08 1.84793e-07 4.31869e-07 9.62029e-07 2.04405e-06 4.14591e-06 8.03533e-06 1.48987e-05 2.64625e-05 4.50938e-05 7.38493e-05 0.00011645 0.000177172 0.000260659 0.000371707 0.000515057 0.000695256 0.000916634 0.00118339 0.00149976 0.00187027 0.00229989 0.00279417 0.00335916 0.00400128 0.00472695 0.00554221 0.00645229 0.00746118 0.00857135 0.0097835 0.0110965 0.0125073 0.0140113 0.0156023 0.0172728 0.0190141 0.0208168 0.0226711 0.0245664 0.026492 0.0284373 0.0303914 0.032344 0.0342847 0.0362038 0.0380919 0.0399402 0.0417407 0.043486 0.0451695 0.0467854 0.0483287 0.0497953 0.0511817 0.0524853 0.0537041 0.0548368 0.0558825 0.056841 0.0577123 0.058497 0.0591956 0.059809 0.0603381 0.0607838 0.0611471 0.0614287 0.0616293 0.0617495 0.0617895 0.0617495 0.0616293 0.0614287 0.0611471 0.0607838 0.0603381 0.059809 0.0591956 0.058497 0.0577123 0.056841 0.0558825 0.0548368 0.0537041 0.0524853 0.0511817 0.0497953 0.0483287 0.0467854 0.0451695 0.043486 0.0417407 0.0399402 0.0380919 0.0362038 0.0342847 0.032344 0.0303914 0.0284373 0.026492 0.0245664 0.0226711 0.0208168 0.0190141 0.0172728 0.0156023 0.0140113 0.0125073 0.0110965 0.0097835 0.00857135 0.00746118 0.00645229 0.00554221 0.00472695 0.00400128 0.00335916 0.00279417 0.00229989 0.00187027 0.00149976 0.00118339 0.000916634 0.000695256 0.000515057 0.000371707 0.000260659 0.000177172 0.00011645 7.38493e-05 4.50938e-05 2.64625e-05 1.48987e-05 8.03533e-06 4.14591e-06 2.04405e-06 9.62029e-07 4.31869e-07 1.84793e-07 7.5327e-08 2.92386e-08 1.08034e-08 3.79885e-09 1.27102e-09 4.04586e-10 1.22515e-10 3.52914e-11 9.67027e-12 2.52055e-12 6.24935e-13 1.47386e-13 3.30639e-14 7.05532e-15 1.43194e-15 2.7641e-16 5.07414e-17 8.85723e-18 1.46993e-18 2.31885e-19 3.47641e-20 4.95169e-21 6.69887e-22 8.60432e-23 1.04885e-23 1.2128e-24 1.32955e-25 1.38098e-26 1.35358e-27 7.36095e-29 
0 1.29379e-27 1.33943e-26 1.3027e-25 1.20045e-24 1.04885e-23 8.69333e-23 6.83855e-22 5.10774e-21 3.62357e-20 2.44243e-19 1.56458e-18 9.52707e-18 5.51547e-17 3.03617e-16 1.58941e-15 7.91306e-15 3.74686e-14 1.68739e-13 7.22743e-13 2.9442e-12 1.14065e-11 4.20266e-11 1.47254e-10 4.90646e-10 1.55463e-09 4.68434e-09 1.34233e-08 3.65853e-08 9.48558e-08 2.34015e-07 5.49536e-07 1.22893e-06 2.61878e-06 5.32158e-06 1.03218e-05 1.91305e-05 3.3926e-05 5.76551e-05 9.40603e-05 0.000147604 0.000223288 0.000326404 0.000462261 0.000635993 0.000852477 0.00111643 0.00143263 0.00180625 0.00224313 0.00274999 0.00333439 0.00400459 0.00476906 0.00563598 0.00661268 0.00770502 0.00891702 0.0102506 0.0117052 0.0132783 0.0149653 0.0167595 0.0186528 0.020636 0.0226984 0.024829 0.0270158 0.0292467 0.031509 0.0337902 0.0360777 0.0383591 0.0406224 0.0428562 0.0450494 0.0471921 0.049275 0.0512898 0.0532293 0.0550871 0.0568582 0.0585383 0.0601242 0.0616138 0.0630056 0.0642989 0.0654938 0.0665909 0.0675911 0.0684959 0.0693069 0.0700259 0.0706548 0.0711954 0.0716495 0.0720186 0.0723042 0.0725073 0.0726288 0.0726693 0.0726288 0.0725073 0.0723042 0.0720186 0.0716495 0.0711954 0.0706548 0.0700259 0.0693069 0.0684959 0.0675911 0.0665909 0.0654938 0.0642989 0.0630056 0.0616138 0.0601242 0.0585383 0.0568582 0.0550871 0.0532293 0.0512898 0.049275 0.0471921 0.0450494 0.0428562 0.0406224 0.0383591 0.0360777 0.0337902 0.031509 0.0292467 0.0270158 0.024829 0.0226984 0.020636 0.0186528 0.0167595 0.0149653 0.0132783 0.0117052 0.0102506 0.00891702 0.00770502 0.00661268 0.00563598 0.00476906 0.00400459 0.00333439 0.00274999 0.00224313 0.00180625 0.00143263 0.00111643 0.000852477 0.000635993 0.000462261 0.000326404 0.000223288 0.000147604 9.40603e-05 5.76551e-05 3.3926e-05 1.91305e-05 1.03218e-05 5.32158e-06 2.61878e-06 1.22893e-06 5.49536e-07 2.34015e-07 9.48558e-08 3.65853e-08 1.34233e-08 4.68434e-09 1.55463e-09 4.90646e-10 1.47254e-10 4.20266e-11 1.14065e-11 2.9442e-12 7.22743e-13 1.68739e-13 3.74686e-14 7.91306e-15 1.58941e-15 3.03617e-16 5.51547e-17 9.52707e-18 1.56458e-18 2.44243e-19 3.62357e-20 5.10774e-21 6.83855e-22 8.69333e-23 1.04885e-23 1.20045e-24 1.30266e-25 1.33457e-26 7.68752e-28 
0 1.2619e-26 1.2505e-25 1.16415e-24 1.02754e-23 8.60432e-23 6.83855e-22 5.16084e-21 3.69946e-20 2.51971e-19 1.63104e-18 1.00362e-17 5.87139e-17 3.2661e-16 1.72772e-15 8.69156e-15 4.15825e-14 1.89195e-13 8.18622e-13 3.36829e-12 1.31784e-11 4.90236e-11 1.73384e-10 5.82957e-10 1.86321e-09 5.66069e-09 1.63475e-08 4.48768e-08 1.17118e-07 2.90624e-07 6.85898e-07 1.54019e-06 3.2923e-06 6.70395e-06 1.3015e-05 2.41158e-05 4.27041e-05 7.238e-05 0.000117635 0.000183705 0.000276311 0.000401328 0.000564495 0.000771257 0.00102681 0.00133636 0.00170553 0.00214078 0.00264975 0.00324132 0.0039254 0.00471246 0.00561282 0.00663594 0.00778961 0.00907948 0.0105087 0.0120776 0.0137843 0.0156241 0.0175906 0.0196754 0.0218686 0.0241592 0.0265351 0.0289832 0.03149 0.0340411 0.036622 0.0392177 0.0418137 0.0443953 0.0469484 0.0494599 0.0519172 0.054309 0.0566251 0.0588566 0.0609961 0.0630373 0.0649754 0.0668069 0.0685293 0.0701416 0.0716434 0.0730353 0.0743187 0.0754955 0.0765682 0.0775395 0.0784124 0.0791902 0.0798758 0.0804725 0.080983 0.0814102 0.0817562 0.0820232 0.0822127 0.0823259 0.0823636 0.0823259 0.0822127 0.0820232 0.0817562 0.0814102 0.080983 0.0804725 0.0798758 0.0791902 0.0784124 0.0775395 0.0765682 0.0754955 0.0743187 0.0730353 0.0716434 0.0701416 0.0685293 0.0668069 0.0649754 0.0630373 0.0609961 0.0588566 0.0566251 0.054309 0.0519172 0.0494599 0.0469484 0.0443953 0.0418137 0.0392177 0.036622 0.0340411 0.03149 0.0289832 0.0265351 0.0241592 0.0218686 0.0196754 0.0175906 0.0156241 0.0137843 0.0120776 0.0105087 0.00907948 0.00778961 0.00663594 0.00561282 0.00471246 0.0039254 0.00324132 0.00264975 0.00214078 0.00170553 0.00133636 0.00102681 0.000771257 0.000564495 0.000401328 0.000276311 0.000183705 0.000117635 7.238e-05 4.27041e-05 2.41158e-05 1.3015e-05 6.70395e-06 3.2923e-06 1.54019e-06 6.85898e-07 2.90624e-07 1.17118e-07 4.48768e-08 1.63475e-08 5.66069e-09 1.86321e-09 5.82957e-10 1.73384e-10 4.90236e-11 1.31784e-11 3.36829e-12 8.18622e-13 1.89195e-13 4.15825e-14 8.69156e-15 1.72772e-15 3.2661e-16 5.87139e-17 1.00362e-17 1.63104e-18 2.51971e-19 3.69946e-20 5.16084e-21 6.83855e-22 8.60432e-23 1.02754e-23 1.16411e-24 1.24563e-25 7.59575e-27 
0 1.165e-25 1.10597e-24 9.86206e-24 8.3427e-23 6.69887e-22 5.10774e-21 3.69946e-20 2.546e-19 1.66531e-18 1.03546e-17 6.1213e-17 3.44088e-16 1.83927e-15 9.34943e-15 4.51952e-14 2.07756e-13 9.08127e-13 3.7743e-12 1.49136e-11 5.60185e-11 2.00003e-10 6.78639e-10 2.18822e-09 6.70418e-09 1.95151e-08 5.39694e-08 1.41802e-07 3.54009e-07 8.39877e-07 1.89415e-06 4.06251e-06 8.29114e-06 1.61144e-05 2.98564e-05 5.28e-05 8.92645e-05 0.000144538 0.000224643 0.000335977 0.00048492 0.000677547 0.000919573 0.00121658 0.0015745 0.00200019 0.00250194 0.00308971 0.00377494 0.00457007 0.00548762 0.00653927 0.00773493 0.009082 0.010585 0.0122453 0.0140614 0.0160293 0.0181424 0.0203926 0.0227696 0.0252622 0.0278573 0.0305411 0.0332984 0.0361132 0.0389686 0.0418473 0.0447319 0.0476049 0.0504495 0.0532496 0.0559902 0.0586575 0.0612395 0.0637256 0.066107 0.0683766 0.070529 0.0725605 0.0744688 0.076253 0.0779134 0.0794515 0.0808696 0.0821707 0.0833587 0.0844376 0.0854118 0.0862862 0.0870652 0.0877536 0.088356 0.0888764 0.0893189 0.089687 0.0899838 0.0902119 0.0903733 0.0904696 0.0905015 0.0904696 0.0903733 0.0902119 0.0899838 0.089687 0.0893189 0.0888764 0.088356 0.0877536 0.0870652 0.0862862 0.0854118 0.0844376 0.0833587 0.0821707 0.0808696 0.0794515 0.0779134 0.076253 0.0744688 0.0725605 0.070529 0.0683766 0.066107 0.0637256 0.0612395 0.0586575 0.0559902 0.0532496 0.0504495 0.0476049 0.0447319 0.0418473 0.0389686 0.0361132 0.0332984 0.0305411 0.0278573 0.0252622 0.0227696 0.0203926 0.0181424 0.0160293 0.0140614 0.0122453 0.010585 0.009082 0.00773493 0.00653927 0.00548762 0.00457007 0.00377494 0.00308971 0.00250194 0.00200019 0.0015745 0.00121658 0.000919573 0.000677547 0.00048492 0.000335977 0.000224643 0.000144538 8.92645e-05 5.28e-05 2.98564e-05 1.61144e-05 8.29114e-06 4.06251e-06 1.89415e-06 8.39877e-07 3.54009e-07 1.41802e-07 5.39694e-08 1.95151e-08 6.70418e-09 2.18822e-09 6.78639e-10 2.00003e-10 5.60185e-11 1.49136e-11 3.7743e-12 9.08127e-13 2.07756e-13 4.51952e-14 9.34943e-15 1.83927e-15 3.44088e-16 6.1213e-17 1.03546e-17 1.66531e-18 2.546e-19 3.69946e-20 5.10774e-21 6.69887e-22 8.3427e-23 9.86162e-24 1.10136e-24 7.10602e-26 
0 1.01876e-24 9.27187e-24 7.92416e-23 6.428e-22 4.95169e-21 3.62357e-20 2.51971e-19 1.66531e-18 1.0463e-17 6.2502e-17 3.55019e-16 1.91759e-15 9.8495e-15 4.81085e-14 2.23438e-13 9.86699e-13 4.14247e-12 1.6532e-11 6.27074e-11 2.26031e-10 7.74101e-10 2.51846e-09 7.78231e-09 2.28379e-08 6.36394e-08 1.6838e-07 4.23008e-07 1.0091e-06 2.2863e-06 4.92136e-06 1.00695e-05 1.95978e-05 3.6316e-05 6.41525e-05 0.000108201 0.000174577 0.000270075 0.000401706 0.000576254 0.000800052 0.00107909 0.00141951 0.00182834 0.00231418 0.00288774 0.00356178 0.00435059 0.00526899 0.00633111 0.00754919 0.0089327 0.0104877 0.0122169 0.0141196 0.0161922 0.0184288 0.0208211 0.0233592 0.0260314 0.0288243 0.0317227 0.0347099 0.0377679 0.0408771 0.0440175 0.0471682 0.0503087 0.0534187 0.0564793 0.0594726 0.0623824 0.0651947 0.0678972 0.0704799 0.072935 0.0752566 0.0774408 0.0794856 0.0813905 0.0831567 0.0847863 0.086283 0.0876511 0.0888956 0.0900222 0.0910371 0.0919464 0.0927566 0.0934742 0.0941054 0.0946563 0.0951325 0.0955393 0.0958817 0.0961639 0.0963895 0.0965618 0.096683 0.0967551 0.096779 0.0967551 0.096683 0.0965618 0.0963895 0.0961639 0.0958817 0.0955393 0.0951325 0.0946563 0.0941054 0.0934742 0.0927566 0.0919464 0.0910371 0.0900222 0.0888956 0.0876511 0.086283 0.0847863 0.0831567 0.0813905 0.0794856 0.0774408 0.0752566 0.072935 0.0704799 0.0678972 0.0651947 0.0623824 0.0594726 0.0564793 0.0534187 0.0503087 0.0471682 0.0440175 0.0408771 0.0377679 0.0347099 0.0317227 0.0288243 0.0260314 0.0233592 0.0208211 0.0184288 0.0161922 0.0141196 0.0122169 0.0104877 0.0089327 0.00754919 0.00633111 0.00526899 0.00435059 0.00356178 0.00288774 0.00231418 0.00182834 0.00141951 0.00107909 0.000800052 0.000576254 0.000401706 0.000270075 0.000174577 0.000108201 6.41525e-05 3.6316e-05 1.95978e-05 1.00695e-05 4.92136e-06 2.2863e-06 1.0091e-06 4.23008e-07 1.6838e-07 6.36394e-08 2.28379e-08 7.78231e-09 2.51846e-09 7.74101e-10 2.26031e-10 6.27074e-11 1.6532e-11 4.14247e-12 9.86699e-13 2.23438e-13 4.81085e-14 9.8495e-15 1.91759e-15 3.55019e-16 6.2502e-17 1.0463e-17 1.66531e-18 2.51971e-19 3.62357e-20 4.95169e-21 6.42799e-22 7.92375e-23 9.23063e-24 6.29885e-25 
0 8.44367e-24 7.3722e-23 6.04201e-22 4.7021e-21 3.47641e-20 2.44243e-19 1.63104e-18 1.03546e-17 6.2502e-17 3.58739e-16 1.95799e-15 1.01622e-14 5.01539e-14 2.35356e-13 1.05004e-12 4.45338e-12 1.79518e-11 6.87671e-11 2.50276e-10 8.65229e-10 2.84065e-09 8.85488e-09 2.6202e-08 7.35857e-08 1.96106e-07 4.95896e-07 1.18983e-06 2.709e-06 5.85418e-06 1.20123e-05 2.34185e-05 4.34151e-05 7.66289e-05 0.000128971 0.000207394 0.00031943 0.000472613 0.000674034 0.00093023 0.00124756 0.00163299 0.00209511 0.0026449 0.00329603 0.00406441 0.00496713 0.00602098 0.00724088 0.00863874 0.0102227 0.0119968 0.0139617 0.0161147 0.0184505 0.0209614 0.023638 0.0264683 0.0294386 0.0325327 0.0357319 0.0390159 0.042362 0.0457466 0.0491453 0.0525338 0.0558882 0.0591861 0.0624068 0.0655314 0.0685439 0.0714302 0.0741793 0.0767824 0.0792332 0.0815278 0.0836642 0.0856426 0.0874647 0.0891338 0.0906547 0.0920329 0.0932751 0.0943885 0.0953811 0.0962608 0.0970361 0.0977152 0.0983064 0.0988176 0.0992566 0.0996304 0.0999459 0.100209 0.100426 0.100601 0.100738 0.100841 0.100913 0.100955 0.100969 0.100955 0.100913 0.100841 0.100738 0.100601 0.100426 0.100209 0.0999459 0.0996304 0.0992566 0.0988176 0.0983064 0.0977152 0.0970361 0.0962608 0.0953811 0.0943885 0.0932751 0.0920329 0.0906547 0.0891338 0.0874647 0.0856426 0.0836642 0.0815278 0.0792332 0.0767824 0.0741793 0.0714302 0.0685439 0.0655314 0.0624068 0.0591861 0.0558882 0.0525338 0.0491453 0.0457466 0.042362 0.0390159 0.0357319 0.0325327 0.0294386 0.0264683 0.023638 0.0209614 0.0184505 0.0161147 0.0139617 0.0119968 0.0102227 0.00863874 0.00724088 0.00602098 0.00496713 0.00406441 0.00329603 0.0026449 0.00209511 0.00163299 0.00124756 0.00093023 0.000674034 0.000472613 0.00031943 0.000207394 0.000128971 7.66289e-05 4.34151e-05 2.34185e-05 1.20123e-05 5.85418e-06 2.709e-06 1.18983e-06 4.95896e-07 1.96106e-07 7.35857e-08 2.6202e-08 8.85488e-09 2.84065e-09 8.65229e-10 2.50276e-10 6.87671e-11 1.79518e-11 4.45338e-12 1.05004e-12 2.35356e-13 5.01539e-14 1.01622e-14 1.95799e-15 3.58739e-16 6.2502e-17 1.03546e-17 1.63104e-18 2.44243e-19 3.47641e-20 4.7021e-21 6.04164e-22 7.33729e-23 5.29359e-24 
0 6.63659e-23 5.56221e-22 4.3736e-21 3.26677e-20 2.31885e-19 1.56458e-18 1.00362e-17 6.1213e-17 3.55019e-16 1.95799e-15 1.02687e-14 5.12088e-14 2.42808e-13 1.0945e-12 4.68958e-12 1.90957e-11 7.38802e-11 2.71522e-10 9.47665e-10 3.1402e-09 9.87624e-09 2.94739e-08 8.34417e-08 2.2404e-07 5.70412e-07 1.37696e-06 3.15149e-06 6.83954e-06 1.40792e-05 2.7504e-05 5.10297e-05 9.00235e-05 0.000151241 0.000242469 0.000371913 0.000547541 0.000776654 0.00106599 0.00142243 0.00185419 0.00237197 0.00298973 0.00372453 0.00459553 0.00562227 0.00682273 0.00821169 0.00979976 0.0115931 0.0135938 0.0158005 0.0182089 0.0208127 0.0236028 0.026568 0.0296941 0.0329639 0.0363571 0.0398502 0.0434175 0.0470314 0.0506632 0.0542845 0.0578675 0.061386 0.064816 0.068136 0.0713275 0.0743747 0.0772649 0.0799885 0.0825383 0.0849102 0.0871022 0.0891148 0.0909505 0.0926134 0.0941095 0.0954458 0.0966307 0.0976733 0.0985832 0.0993708 0.100046 0.10062 0.101103 0.101505 0.101835 0.102103 0.102317 0.102486 0.102618 0.102717 0.102792 0.102846 0.102884 0.10291 0.102927 0.102936 0.102939 0.102936 0.102927 0.10291 0.102884 0.102846 0.102792 0.102717 0.102618 0.102486 0.102317 0.102103 0.101835 0.101505 0.101103 0.10062 0.100046 0.0993708 0.0985832 0.0976733 0.0966307 0.0954458 0.0941095 0.0926134 0.0909505 0.0891148 0.0871022 0.0849102 0.0825383 0.0799885 0.0772649 0.0743747 0.0713275 0.068136 0.064816 0.061386 0.0578675 0.0542845 0.0506632 0.0470314 0.0434175 0.0398502 0.0363571 0.0329639 0.0296941 0.026568 0.0236028 0.0208127 0.0182089 0.0158005 0.0135938 0.0115931 0.00979976 0.00821169 0.00682273 0.00562227 0.00459553 0.00372453 0.00298973 0.00237197 0.00185419 0.00142243 0.00106599 0.000776654 0.000547541 0.000371913 0.000242469 0.000151241 9.00235e-05 5.10297e-05 2.7504e-05 1.40792e-05 6.83954e-06 3.15149e-06 1.37696e-06 5.70412e-07 2.2404e-07 8.34417e-08 2.94739e-08 9.87624e-09 3.1402e-09 9.47665e-10 2.71522e-10 7.38802e-11 1.90957e-11 4.68958e-12 1.0945e-12 2.42808e-13 5.12088e-14 1.02687e-14 1.95799e-15 3.55019e-16 6.1213e-17 1.00362e-17 1.56458e-18 2.31885e-19 3.26677e-20 4.37329e-21 5.53424e-22 4.2203e-23 
0 4.94914e-22 3.98391e-21 3.00672e-20 2.15624e-19 1.46993e-18 9.52707e-18 5.87139e-17 3.44088e-16 1.91759e-15 1.01622e-14 5.12088e-14 2.45344e-13 1.11743e-12 4.83725e-12 1.98984e-11 7.77625e-11 2.88626e-10 1.01714e-09 3.40228e-09 1.07983e-08 3.25078e-08 9.27949e-08 2.51091e-07 6.43854e-07 1.56424e-06 3.60017e-06 7.84969e-06 1.62169e-05 3.17575e-05 5.89922e-05 0.00010406 0.000174574 0.000279131 0.000426544 0.000625108 0.000882272 0.00120502 0.00160104 0.00208023 0.00265604 0.00334592 0.00417058 0.00515222 0.00631209 0.00766842 0.00923487 0.0110201 0.0130283 0.0152597 0.0177118 0.0203795 0.0232552 0.0263287 0.0295859 0.0330089 0.0365756 0.0402599 0.0440321 0.0478607 0.0517124 0.0555544 0.0593545 0.0630827 0.0667113 0.0702158 0.0735747 0.07677 0.0797871 0.0826146 0.0852443 0.0876713 0.0898932 0.0919106 0.0937266 0.0953463 0.0967769 0.0980272 0.0991075 0.100029 0.100803 0.101444 0.101962 0.102372 0.102686 0.102916 0.103074 0.103172 0.10322 0.103227 0.103204 0.103158 0.103097 0.103028 0.102956 0.102887 0.102824 0.102772 0.102733 0.102709 0.102701 0.102709 0.102733 0.102772 0.102824 0.102887 0.102956 0.103028 0.103097 0.103158 0.103204 0.103227 0.10322 0.103172 0.103074 0.102916 0.102686 0.102372 0.101962 0.101444 0.100803 0.100029 0.0991075 0.0980272 0.0967769 0.0953463 0.0937266 0.0919106 0.0898932 0.0876713 0.0852443 0.0826146 0.0797871 0.07677 0.0735747 0.0702158 0.0667113 0.0630827 0.0593545 0.0555544 0.0517124 0.0478607 0.0440321 0.0402599 0.0365756 0.0330089 0.0295859 0.0263287 0.0232552 0.0203795 0.0177118 0.0152597 0.0130283 0.0110201 0.00923487 0.00766842 0.00631209 0.00515222 0.00417058 0.00334592 0.00265604 0.00208023 0.00160104 0.00120502 0.000882272 0.000625108 0.000426544 0.000279131 0.000174574 0.00010406 5.89922e-05 3.17575e-05 1.62169e-05 7.84969e-06 3.60017e-06 1.56424e-06 6.43854e-07 2.51091e-07 9.27949e-08 3.25078e-08 1.07983e-08 3.40228e-09 1.01714e-09 2.88626e-10 7.77625e-11 1.98984e-11 4.83725e-12 1.11743e-12 2.45344e-13 5.12088e-14 1.01622e-14 1.91759e-15 3.44088e-16 5.87139e-17 9.52707e-18 1.46993e-18 2.15624e-19 3.00648e-20 3.9627e-21 3.19346e-22 
0 3.5033e-21 2.70991e-20 1.96376e-19 1.35254e-18 8.85723e-18 5.51547e-17 3.2661e-16 1.83927e-15 9.8495e-15 5.01539e-14 2.42808e-13 1.11743e-12 4.88749e-12 2.03122e-11 8.01887e-11 3.0062e-10 1.06985e-09 3.613e-09 1.15741e-08 3.51562e-08 1.01214e-07 2.7608e-07 7.13223e-07 1.74452e-06 4.03916e-06 8.85155e-06 1.83607e-05 3.60602e-05 6.70965e-05 0.000118398 0.000198439 0.000316587 0.000482186 0.000703772 0.000988899 0.00134493 0.00178065 0.00230822 0.00294439 0.00371053 0.00463096 0.00573032 0.00703072 0.00854956 0.0102987 0.0122848 0.0145102 0.0169745 0.0196744 0.0226045 0.025756 0.0291158 0.0326658 0.0363824 0.0402369 0.0441961 0.048224 0.0522829 0.0563353 0.0603446 0.0642764 0.0680991 0.0717845 0.0753078 0.0786478 0.0817872 0.0847122 0.0874128 0.0898827 0.0921188 0.0941217 0.0958949 0.0974445 0.0987794 0.0999104 0.10085 0.101612 0.10221 0.102661 0.102979 0.10318 0.10328 0.103292 0.103231 0.103109 0.102941 0.102736 0.102506 0.102261 0.102009 0.101759 0.101516 0.101288 0.101081 0.100897 0.100742 0.100618 0.100528 0.100473 0.100455 0.100473 0.100528 0.100618 0.100742 0.100897 0.101081 0.101288 0.101516 0.101759 0.102009 0.102261 0.102506 0.102736 0.102941 0.103109 0.103231 0.103292 0.10328 0.10318 0.102979 0.102661 0.10221 0.101612 0.10085 0.0999104 0.0987794 0.0974445 0.0958949 0.0941217 0.0921188 0.0898827 0.0874128 0.0847122 0.0817872 0.0786478 0.0753078 0.0717845 0.0680991 0.0642764 0.0603446 0.0563353 0.0522829 0.048224 0.0441961 0.0402369 0.0363824 0.0326658 0.0291158 0.025756 0.0226045 0.0196744 0.0169745 0.0145102 0.0122848 0.0102987 0.00854956 0.00703072 0.00573032 0.00463096 0.00371053 0.00294439 0.00230822 0.00178065 0.00134493 0.000988899 0.000703772 0.000482186 0.000316587 0.000198439 0.000118398 6.70965e-05 3.60602e-05 1.83607e-05 8.85155e-06 4.03916e-06 1.74452e-06 7.13223e-07 2.7608e-07 1.01214e-07 3.51562e-08 1.15741e-08 3.613e-09 1.06985e-09 3.0062e-10 8.01887e-11 2.03122e-11 4.88749e-12 1.11743e-12 2.42808e-13 5.01539e-14 9.8495e-15 1.83927e-15 3.2661e-16 5.51547e-17 8.85723e-18 1.35254e-18 1.96358e-19 2.69466e-20 2.2946e-21 
0 2.35482e-20 1.75117e-19 1.21885e-18 8.06452e-18 5.07414e-17 3.03617e-16 1.72772e-15 9.34943e-15 4.81085e-14 2.35356e-13 1.0945e-12 4.83725e-12 2.03122e-11 8.1014e-11 3.06802e-10 1.10277e-09 3.76064e-09 1.21619e-08 3.7282e-08 1.08282e-07 2.97829e-07 7.7542e-07 1.91024e-06 4.45117e-06 9.80839e-06 2.04377e-05 4.02765e-05 7.5106e-05 0.00013265 0.000222232 0.00035395 0.000537604 0.000781894 0.00109448 0.00148327 0.00195856 0.00253528 0.00323404 0.00408025 0.00510155 0.00632425 0.00777022 0.00945527 0.0113892 0.0135769 0.0160201 0.0187183 0.0216684 0.024864 0.0282938 0.0319404 0.0357793 0.0397796 0.043905 0.0481153 0.0523683 0.0566217 0.0608344 0.0649673 0.0689845 0.0728534 0.0765449 0.0800339 0.0832992 0.0863239 0.0890953 0.0916052 0.0938496 0.0958288 0.0975467 0.099011 0.100232 0.101224 0.102 0.102578 0.102976 0.103211 0.103303 0.103268 0.103124 0.10289 0.10258 0.10221 0.101794 0.101345 0.100875 0.100396 0.0999164 0.0994461 0.0989927 0.0985631 0.0981636 0.0977994 0.097475 0.0971944 0.0969606 0.0967762 0.0966431 0.0965628 0.0965359 0.0965628 0.0966431 0.0967762 0.0969606 0.0971944 0.097475 0.0977994 0.0981636 0.0985631 0.0989927 0.0994461 0.0999164 0.100396 0.100875 0.101345 0.101794 0.10221 0.10258 0.10289 0.103124 0.103268 0.103303 0.103211 0.102976 0.102578 0.102 0.101224 0.100232 0.099011 0.0975467 0.0958288 0.0938496 0.0916052 0.0890953 0.0863239 0.0832992 0.0800339 0.0765449 0.0728534 0.0689845 0.0649673 0.0608344 0.0566217 0.0523683 0.0481153 0.043905 0.0397796 0.0357793 0.0319404 0.0282938 0.024864 0.0216684 0.0187183 0.0160201 0.0135769 0.0113892 0.00945527 0.00777022 0.00632425 0.00510155 0.00408025 0.00323404 0.00253528 0.00195856 0.00148327 0.00109448 0.000781894 0.000537604 0.00035395 0.000222232 0.00013265 7.5106e-05 4.02765e-05 2.04377e-05 9.80839e-06 4.45117e-06 1.91024e-06 7.7542e-07 2.97829e-07 1.08282e-07 3.7282e-08 1.21619e-08 3.76064e-09 1.10277e-09 3.06802e-10 8.1014e-11 2.03122e-11 4.83725e-12 1.0945e-12 2.35356e-13 4.81085e-14 9.34943e-15 1.72772e-15 3.03617e-16 5.07414e-17 8.06451e-18 1.21872e-18 1.7408e-19 1.56623e-20 
0 1.50357e-19 1.07539e-18 7.19103e-18 4.57164e-17 2.7641e-16 1.58941e-15 8.69156e-15 4.51952e-14 2.23438e-13 1.05004e-12 4.68958e-12 1.98984e-11 8.01887e-11 3.06802e-10 1.11396e-09 3.8367e-09 1.25287e-08 3.87696e-08 1.13628e-07 3.15244e-07 8.27466e-07 2.05387e-06 4.81861e-06 1.06819e-05 2.23703e-05 4.42604e-05 8.27645e-05 0.000146396 0.000245306 0.00039028 0.000591511 0.00085781 0.00119699 0.00161768 0.00213214 0.00275857 0.00352178 0.00445123 0.00557729 0.00692693 0.00852088 0.0103729 0.0124909 0.0148792 0.0175398 0.0204729 0.0236753 0.0271385 0.0308468 0.0347759 0.0388938 0.0431612 0.0475342 0.0519666 0.0564112 0.0608223 0.0651561 0.0693715 0.0734309 0.0772998 0.0809481 0.0843499 0.087484 0.0903344 0.0928905 0.095147 0.0971039 0.0987658 0.100142 0.101245 0.10209 0.102697 0.103083 0.103271 0.10328 0.103133 0.10285 0.102451 0.101956 0.101382 0.100748 0.100068 0.0993577 0.0986302 0.0978976 0.0971706 0.0964589 0.0957713 0.0951152 0.0944972 0.0939231 0.0933977 0.0929254 0.0925094 0.0921529 0.0918582 0.0916271 0.091461 0.091361 0.0913276 0.091361 0.091461 0.0916271 0.0918582 0.0921529 0.0925094 0.0929254 0.0933977 0.0939231 0.0944972 0.0951152 0.0957713 0.0964589 0.0971706 0.0978976 0.0986302 0.0993577 0.100068 0.100748 0.101382 0.101956 0.102451 0.10285 0.103133 0.10328 0.103271 0.103083 0.102697 0.10209 0.101245 0.100142 0.0987658 0.0971039 0.095147 0.0928905 0.0903344 0.087484 0.0843499 0.0809481 0.0772998 0.0734309 0.0693715 0.0651561 0.0608223 0.0564112 0.0519666 0.0475342 0.0431612 0.0388938 0.0347759 0.0308468 0.0271385 0.0236753 0.0204729 0.0175398 0.0148792 0.0124909 0.0103729 0.00852088 0.00692693 0.00557729 0.00445123 0.00352178 0.00275857 0.00213214 0.00161768 0.00119699 0.00085781 0.000591511 0.00039028 0.000245306 0.000146396 8.27645e-05 4.42604e-05 2.23703e-05 1.06819e-05 4.81861e-06 2.05387e-06 8.27466e-07 3.15244e-07 1.13628e-07 3.87696e-08 1.25287e-08 3.8367e-09 1.11396e-09 3.06802e-10 8.01887e-11 1.98984e-11 4.68958e-12 1.05004e-12 2.23438e-13 4.51952e-14 8.69156e-15 1.58941e-15 2.7641e-16 4.57163e-17 7.19016e-18 1.0687e-18 1.01594e-19 
0 9.1223e-19 6.27736e-18 4.03368e-17 2.46436e-16 1.43194e-15 7.91306e-15 4.15825e-14 2.07756e-13 9.86699e-13 4.45338e-12 1.90957e-11 7.77625e-11 3.0062e-10 1.10277e-09 3.8367e-09 1.26534e-08 3.95353e-08 1.16959e-07 3.2741e-07 8.66735e-07 2.1685e-06 5.12474e-06 1.14347e-05 2.40814e-05 4.7864e-05 8.98094e-05 0.000159201 0.000266995 0.000424625 0.000642624 0.000929892 0.00129445 0.00174591 0.00229885 0.0029752 0.00380417 0.00481904 0.00605208 0.00752999 0.00927164 0.0112887 0.0135883 0.0161752 0.0190527 0.0222218 0.0256778 0.0294084 0.0333909 0.037593 0.0419737 0.0464862 0.0510801 0.0557043 0.0603081 0.0648428 0.0692618 0.0735214 0.077581 0.081404 0.0849588 0.088219 0.0911647 0.0937822 0.0960647 0.0980119 0.0996291 0.100927 0.10192 0.102627 0.103069 0.103268 0.103248 0.103034 0.102648 0.102115 0.101458 0.100699 0.099857 0.0989527 0.0980034 0.0970253 0.0960332 0.0950403 0.0940585 0.0930982 0.0921686 0.0912774 0.0904317 0.0896373 0.0888991 0.0882212 0.0876072 0.0870598 0.0865814 0.0861738 0.0858386 0.0855767 0.0853891 0.0852763 0.0852387 0.0852763 0.0853891 0.0855767 0.0858386 0.0861738 0.0865814 0.0870598 0.0876072 0.0882212 0.0888991 0.0896373 0.0904317 0.0912774 0.0921686 0.0930982 0.0940585 0.0950403 0.0960332 0.0970253 0.0980034 0.0989527 0.099857 0.100699 0.101458 0.102115 0.102648 0.103034 0.103248 0.103268 0.103069 0.102627 0.10192 0.100927 0.0996291 0.0980119 0.0960647 0.0937822 0.0911647 0.088219 0.0849588 0.081404 0.077581 0.0735214 0.0692618 0.0648428 0.0603081 0.0557043 0.0510801 0.0464862 0.0419737 0.037593 0.0333909 0.0294084 0.0256778 0.0222218 0.0190527 0.0161752 0.0135883 0.0112887 0.00927164 0.00752999 0.00605208 0.00481904 0.00380417 0.0029752 0.00229885 0.00174591 0.00129445 0.000929892 0.000642624 0.000424625 0.000266995 0.000159201 8.98094e-05 4.7864e-05 2.40814e-05 1.14347e-05 5.12474e-06 2.1685e-06 8.66735e-07 3.2741e-07 1.16959e-07 3.95353e-08 1.26534e-08 3.8367e-09 1.10277e-09 3.0062e-10 7.77625e-11 1.90957e-11 4.45338e-12 9.86699e-13 2.07756e-13 4.15825e-14 7.91306e-15 1.43194e-15 2.46435e-16 4.03312e-17 6.23645e-18 6.26446e-19 
0 5.2604e-18 3.48388e-17 2.15159e-16 1.26337e-15 7.05532e-15 3.74686e-14 1.89195e-13 9.08127e-13 4.14247e-12 1.79518e-11 7.38802e-11 2.88626e-10 1.06985e-09 3.76064e-09 1.25287e-08 3.95353e-08 1.18092e-07 3.33666e-07 8.91173e-07 2.24839e-06 5.35497e-06 1.20328e-05 2.54986e-05 5.09459e-05 9.59857e-05 0.000170643 0.000286649 0.000456057 0.000689712 0.000996601 0.00138504 0.00186584 0.00245623 0.00318223 0.00407748 0.00517861 0.00651898 0.00812414 0.0100108 0.0121892 0.0146667 0.0174498 0.0205437 0.0239491 0.0276582 0.0316521 0.0358998 0.0403598 0.0449832 0.0497165 0.0545047 0.0592928 0.0640268 0.0686544 0.0731248 0.0773905 0.0814074 0.0851368 0.0885464 0.0916113 0.0943146 0.0966474 0.0986085 0.100204 0.101445 0.102349 0.102936 0.10323 0.103256 0.10304 0.10261 0.101994 0.101217 0.100305 0.0992844 0.0981771 0.0970052 0.0957887 0.0945457 0.0932926 0.0920439 0.0908124 0.0896092 0.0884439 0.0873246 0.0862582 0.0852503 0.0843056 0.0834278 0.0826201 0.0818846 0.0812234 0.0806377 0.0801287 0.079697 0.0793432 0.0790678 0.0788709 0.0787527 0.0787133 0.0787527 0.0788709 0.0790678 0.0793432 0.079697 0.0801287 0.0806377 0.0812234 0.0818846 0.0826201 0.0834278 0.0843056 0.0852503 0.0862582 0.0873246 0.0884439 0.0896092 0.0908124 0.0920439 0.0932926 0.0945457 0.0957887 0.0970052 0.0981771 0.0992844 0.100305 0.101217 0.101994 0.10261 0.10304 0.103256 0.10323 0.102936 0.102349 0.101445 0.100204 0.0986085 0.0966474 0.0943146 0.0916113 0.0885464 0.0851368 0.0814074 0.0773905 0.0731248 0.0686544 0.0640268 0.0592928 0.0545047 0.0497165 0.0449832 0.0403598 0.0358998 0.0316521 0.0276582 0.0239491 0.0205437 0.0174498 0.0146667 0.0121892 0.0100108 0.00812414 0.00651898 0.00517861 0.00407748 0.00318223 0.00245623 0.00186584 0.00138504 0.000996601 0.000689712 0.000456057 0.000286649 0.000170643 9.59857e-05 5.09459e-05 2.54986e-05 1.20328e-05 5.35497e-06 2.24839e-06 8.91173e-07 3.33666e-07 1.18092e-07 3.95353e-08 1.25287e-08 3.76064e-09 1.06985e-09 2.88626e-10 7.38802e-11 1.79518e-11 4.14247e-12 9.08127e-13 1.89195e-13 3.74686e-14 7.05532e-15 1.26337e-15 2.15126e-16 3.46018e-17 3.67308e-18 
0 2.88382e-17 1.8387e-16 1.09153e-15 6.16032e-15 3.30639e-14 1.68739e-13 8.18622e-13 3.7743e-12 1.6532e-11 6.87671e-11 2.71522e-10 1.01714e-09 3.613e-09 1.21619e-08 3.87696e-08 1.16959e-07 3.33666e-07 8.99469e-07 2.28941e-06 5.49792e-06 1.24484e-05 2.65596e-05 5.33799e-05 0.000101061 0.000180329 0.000303662 0.000483712 0.000731637 0.00105653 0.00146708 0.00197549 0.00260194 0.00337667 0.00433769 0.00552442 0.00697049 0.00869965 0.0107266 0.0130611 0.0157123 0.0186893 0.0219986 0.025639 0.0295974 0.0338463 0.0383455 0.0430451 0.0478895 0.0528205 0.0577794 0.0627072 0.0675455 0.0722364 0.076724 0.0809561 0.0848858 0.0884737 0.0916891 0.094511 0.0969277 0.0989367 0.100543 0.10176 0.102605 0.103099 0.103269 0.103142 0.102749 0.102119 0.101284 0.100274 0.0991176 0.0978443 0.0964803 0.0950503 0.093577 0.0920806 0.0905793 0.0890888 0.0876229 0.0861933 0.0848097 0.0834802 0.0822114 0.0810087 0.079876 0.0788167 0.0778329 0.0769264 0.0760983 0.0753492 0.0746794 0.0740891 0.0735782 0.0731465 0.0727937 0.0725197 0.0723241 0.0722069 0.0721678 0.0722069 0.0723241 0.0725197 0.0727937 0.0731465 0.0735782 0.0740891 0.0746794 0.0753492 0.0760983 0.0769264 0.0778329 0.0788167 0.079876 0.0810087 0.0822114 0.0834802 0.0848097 0.0861933 0.0876229 0.0890888 0.0905793 0.0920806 0.093577 0.0950503 0.0964803 0.0978443 0.0991176 0.100274 0.101284 0.102119 0.102749 0.103142 0.103269 0.103099 0.102605 0.10176 0.100543 0.0989367 0.0969277 0.094511 0.0916891 0.0884737 0.0848858 0.0809561 0.076724 0.0722364 0.0675455 0.0627072 0.0577794 0.0528205 0.0478895 0.0430451 0.0383455 0.0338463 0.0295974 0.025639 0.0219986 0.0186893 0.0157123 0.0130611 0.0107266 0.00869965 0.00697049 0.00552442 0.00433769 0.00337667 0.00260194 0.00197549 0.00146708 0.00105653 0.000731637 0.000483712 0.000303662 0.000180329 0.000101061 5.33799e-05 2.65596e-05 1.24484e-05 5.49792e-06 2.28941e-06 8.99469e-07 3.33666e-07 1.16959e-07 3.87696e-08 1.21619e-08 3.613e-09 1.01714e-09 2.71522e-10 6.87671e-11 1.6532e-11 3.7743e-12 8.18622e-13 1.68739e-13 3.30639e-14 6.16029e-15 1.09134e-15 1.82569e-16 2.04843e-17 
