0 0 0 0 0 0 0 0 0 0 0 0 0 0 0 0 0 0 0 0 0 0 0 0 0 0 0 0 0 0 0 0 0 0 0 0 0 0 0 0 0 0 0 0 0 0 0 0 0 0 0 0 0 0 0 0 0 0 0 0 0 0 0 0 0 0 0 0 0 0 0 0 0 0 0 0 0 0 0 0 0 0 0 0 0 0 0 0 0 0 0 0 0 0 0 0 0 0 0 0 0 0 0 0 0 0 0 0 0 0 0 0 0 0 0 0 0 0 0 0 0 0 0 0 0 0 0 0 0 0 0 0 0 0 0 0 0 0 0 0 0 0 0 0 0 0 0 0 0 0 0 0 0 0 0 0 0 0 0 0 0 0 0 0 0 0 0 0 0 0 0 0 0 0 0 0 0 0 0 0 0 0 0 0 0 0 0 0 0 0 0 0 0 0 0 0 0 0 0 0 
0 0.000964099 0.00194256 0.00293912 0.00394872 0.0049696 0.00600984 0.00707627 0.00815303 0.0091923 0.0101307 0.0109191 0.0115372 0.0119808 0.0122357 0.0122675 0.0120359 0.011519 0.010726 0.00969092 0.00845484 0.00705373 0.00551739 0.0038778 0.00217731 0.000469406 -0.00118845 -0.002745 -0.00416261 -0.00541879 -0.00650253 -0.00740894 -0.00813546 -0.00868103 -0.00904792 -0.00924412 -0.00928458 -0.00919047 -0.00898669 -0.00869855 -0.008349 -0.00795699 -0.00753717 -0.00710075 -0.00665671 -0.00621296 -0.00577693 -0.00535572 -0.00495568 -0.00458194 -0.0042379 -0.00392503 -0.00364301 -0.00339003 -0.00316334 -0.00295979 -0.00277627 -0.0026101 -0.00245912 -0.00232179 -0.00219702 -0.00208406 -0.00198237 -0.00189138 -0.00181052 -0.00173904 -0.0016761 -0.00162075 -0.00157199 -0.00152881 -0.00149027 -0.0014555 -0.00142378 -0.00139451 -0.0013672 -0.00134152 -0.00131724 -0.0012942 -0.00127233 -0.00125158 -0.00123195 -0.00121345 -0.0011961 -0.00117991 -0.00116487 -0.001151 -0.00113826 -0.00112664 -0.00111611 -0.00110663 -0.00109815 -0.00109064 -0.00108405 -0.00107834 -0.00107348 -0.00106942 -0.00106615 -0.00106363 -0.00106184 -0.00106078 -0.00106042 -0.00106078 -0.00106184 -0.00106363 -0.00106615 -0.00106942 -0.00107348 -0.00107834 -0.00108405 -0.00109064 -0.00109815 -0.00110663 -0.00111611 -0.00112664 -0.00113826 -0.001151 -0.00116487 -0.00117991 -0.0011961 -0.00121345 -0.00123195 -0.00125158 -0.00127233 -0.0012942 -0.00131724 -0.00134152 -0.0013672 -0.00139451 -0.00142378 -0.0014555 -0.00149027 -0.00152881 -0.00157199 -0.00162075 -0.0016761 -0.00173904 -0.00181052 -0.00189138 -0.00198237 -0.00208406 -0.00219702 -0.00232179 -0.00245912 -0.0026101 -0.00277627 -0.00295979 -0.00316334 -0.00339003 -0.00364301 -0.00392503 -0.0042379 -0.00458194 -0.00495568 -0.00535572 -0.00577693 -0.00621296 -0.00665671 -0.00710075 -0.00753717 -0.00795699 -0.008349 -0.00869855 -0.00898669 -0.00919047 -0.00928458 -0.00924412 -0.00904792 -0.00868103 -0.00813546 -0.00740894 -0.00650253 -0.00541879 -0.00416261 -0.002745 -0.00118845 0.000469406 0.00217731 0.0038778 0.00551739 0.00705373 0.00845485 0.00969094 0.0107261 0.0115192 0.0120366 0.0122694 0.0122404 0.0119919 0.0115616 0.0109692 0.0102273 0.00936653 0.00844752 0.00754327 0.00670653 0.00595253 0.00527196 0.00466132 0.00414432 0.00376896 
0 0.00194256 0.00390174 0.00588685 0.00790184 0.00995209 0.0120421 0.014159 0.016256 0.0182535 0.0200629 0.0216106 0.0228434 0.0237153 0.0241754 0.0241715 0.0236637 0.0226372 0.0211049 0.0191034 0.0166865 0.013921 0.010885 0.00766606 0.00435774 0.0010544 -0.00215444 -0.00518863 -0.00798051 -0.0104765 -0.0126382 -0.014442 -0.0158795 -0.0169555 -0.0176866 -0.0180987 -0.0182239 -0.0180984 -0.0177604 -0.0172482 -0.0165995 -0.0158495 -0.0150311 -0.0141731 -0.0133004 -0.0124335 -0.0115884 -0.0107769 -0.0100073 -0.00928488 -0.00861255 -0.00799145 -0.00742142 -0.00690135 -0.00642938 -0.00600311 -0.00561969 -0.00527597 -0.00496856 -0.00469398 -0.00444879 -0.00422964 -0.00403343 -0.00385732 -0.0036988 -0.00355568 -0.0034261 -0.00330848 -0.00320152 -0.00310408 -0.00301523 -0.00293417 -0.00286016 -0.0027926 -0.00273088 -0.0026745 -0.00262297 -0.00257585 -0.00253272 -0.00249322 -0.00245702 -0.00242383 -0.00239336 -0.00236541 -0.00233976 -0.00231625 -0.00229474 -0.00227508 -0.00225719 -0.00224098 -0.00222637 -0.00221329 -0.00220171 -0.00219158 -0.00218286 -0.00217552 -0.00216955 -0.00216492 -0.00216162 -0.00215965 -0.00215899 -0.00215965 -0.00216162 -0.00216492 -0.00216955 -0.00217552 -0.00218286 -0.00219158 -0.00220171 -0.00221329 -0.00222637 -0.00224098 -0.00225719 -0.00227508 -0.00229474 -0.00231625 -0.00233976 -0.00236541 -0.00239336 -0.00242383 -0.00245702 -0.00249322 -0.00253272 -0.00257585 -0.00262297 -0.0026745 -0.00273088 -0.0027926 -0.00286016 -0.00293417 -0.00301523 -0.00310408 -0.00320152 -0.00330848 -0.0034261 -0.00355568 -0.0036988 -0.00385732 -0.00403343 -0.00422964 -0.00444879 -0.00469398 -0.00496856 -0.00527597 -0.00561969 -0.00600311 -0.00642938 -0.00690135 -0.00742142 -0.00799145 -0.00861255 -0.00928488 -0.0100073 -0.0107769 -0.0115884 -0.0124335 -0.0133004 -0.0141731 -0.0150311 -0.0158495 -0.0165995 -0.0172482 -0.0177604 -0.0180984 -0.0182239 -0.0180987 -0.0176866 -0.0169555 -0.0158795 -0.014442 -0.0126382 -0.0104765 -0.00798051 -0.00518863 -0.00215444 0.0010544 0.00435774 0.00766606 0.010885 0.0139211 0.0166866 0.0191035 0.0211052 0.0226379 0.0236657 0.0241766 0.0241878 0.0237431 0.0229025 0.0217281 0.0202822 0.0186379 0.0168893 0.0151418 0.0134837 0.0119642 0.0105994 0.009404 0.0084209 0.0077222 
0 0.00293912 0.00588685 0.00885977 0.0118806 0.0149627 0.0180898 0.0212066 0.0242306 0.0270743 0.0296554 0.0318886 0.0336738 0.034904 0.0354909 0.0353837 0.0345656 0.0330382 0.0308131 0.0279192 0.0244161 0.0204003 0.0159987 0.0113514 0.00659568 0.0018566 -0.00275353 -0.00713237 -0.0111863 -0.0148336 -0.0180105 -0.0206768 -0.0228182 -0.0244436 -0.0255801 -0.0262662 -0.0265462 -0.0264672 -0.0260778 -0.0254274 -0.024566 -0.0235434 -0.0224074 -0.021202 -0.0199652 -0.0187284 -0.0175156 -0.0163443 -0.0152264 -0.0141694 -0.013178 -0.0122546 -0.0114002 -0.0106148 -0.00989729 -0.00924567 -0.00865701 -0.00812756 -0.00765289 -0.0072281 -0.0068481 -0.00650786 -0.00620259 -0.00592793 -0.00568002 -0.00545555 -0.00525173 -0.00506626 -0.00489723 -0.00474303 -0.00460231 -0.00447392 -0.0043568 -0.00425 -0.00415265 -0.00406392 -0.00398303 -0.00390926 -0.00384194 -0.00378045 -0.00372424 -0.00367281 -0.00362571 -0.00358257 -0.00354306 -0.00350688 -0.00347379 -0.0034436 -0.00341614 -0.00339125 -0.00336883 -0.00334878 -0.00333102 -0.00331548 -0.00330211 -0.00329086 -0.0032817 -0.00327461 -0.00326955 -0.00326653 -0.00326552 -0.00326653 -0.00326955 -0.00327461 -0.0032817 -0.00329086 -0.00330211 -0.00331548 -0.00333102 -0.00334878 -0.00336883 -0.00339125 -0.00341614 -0.0034436 -0.00347379 -0.00350688 -0.00354306 -0.00358257 -0.00362571 -0.00367281 -0.00372424 -0.00378045 -0.00384194 -0.00390926 -0.00398303 -0.00406392 -0.00415265 -0.00425 -0.0043568 -0.00447392 -0.00460231 -0.00474303 -0.00489723 -0.00506626 -0.00525173 -0.00545555 -0.00568002 -0.00592793 -0.00620259 -0.00650786 -0.0068481 -0.0072281 -0.00765289 -0.00812756 -0.00865701 -0.00924567 -0.00989729 -0.0106148 -0.0114002 -0.0122546 -0.013178 -0.0141694 -0.0152264 -0.0163443 -0.0175156 -0.0187284 -0.0199652 -0.021202 -0.0224074 -0.0235434 -0.024566 -0.0254274 -0.0260778 -0.0264672 -0.0265462 -0.0262662 -0.0255801 -0.0244436 -0.0228182 -0.0206768 -0.0180105 -0.0148336 -0.0111863 -0.00713237 -0.00275353 0.0018566 0.00659568 0.0113514 0.0159987 0.0204004 0.0244162 0.0279194 0.0308137 0.03304 0.0345704 0.0353953 0.0355175 0.0349613 0.0337897 0.0321091 0.0300499 0.0277389 0.0252875 0.022798 0.0203717 0.018103 0.01607 0.0143361 0.0129628 0.0120169 
0 0.00394872 0.00790184 0.0118806 0.0159135 0.0200043 0.0241059 0.02813 0.031979 0.0355674 0.0388094 0.041593 0.0437798 0.0452365 0.0458687 0.045627 0.0444926 0.0424651 0.0395648 0.035842 0.0313842 0.0263133 0.0207756 0.0149294 0.00893478 0.00294802 -0.00288357 -0.00842634 -0.0135651 -0.018207 -0.0222845 -0.0257545 -0.0285977 -0.0308154 -0.0324275 -0.0334695 -0.0339895 -0.0340448 -0.0336986 -0.0330159 -0.0320607 -0.0308931 -0.0295683 -0.0281354 -0.0266375 -0.0251118 -0.0235898 -0.0220977 -0.0206565 -0.0192818 -0.0179848 -0.0167722 -0.0156469 -0.014609 -0.0136563 -0.0127849 -0.0119902 -0.011267 -0.0106104 -0.0100151 -0.00947635 -0.00898959 -0.00855043 -0.00815468 -0.00779836 -0.00747763 -0.00718885 -0.00692861 -0.00669371 -0.00648123 -0.00628852 -0.00611324 -0.00595333 -0.00580703 -0.00567281 -0.0055494 -0.00543572 -0.00533086 -0.00523406 -0.00514468 -0.00506218 -0.00498607 -0.00491593 -0.0048514 -0.00479215 -0.00473787 -0.00468829 -0.00464315 -0.00460224 -0.00456533 -0.00453224 -0.00450279 -0.00447685 -0.00445426 -0.00443492 -0.00441871 -0.00440557 -0.00439542 -0.0043882 -0.00438389 -0.00438246 -0.00438389 -0.0043882 -0.00439542 -0.00440557 -0.00441871 -0.00443492 -0.00445426 -0.00447685 -0.00450279 -0.00453224 -0.00456533 -0.00460224 -0.00464315 -0.00468829 -0.00473787 -0.00479215 -0.0048514 -0.00491593 -0.00498607 -0.00506218 -0.00514468 -0.00523406 -0.00533086 -0.00543572 -0.0055494 -0.00567281 -0.00580703 -0.00595333 -0.00611324 -0.00628852 -0.00648123 -0.00669371 -0.00692861 -0.00718885 -0.00747763 -0.00779836 -0.00815468 -0.00855043 -0.00898959 -0.00947635 -0.0100151 -0.0106104 -0.011267 -0.0119902 -0.0127849 -0.0136563 -0.014609 -0.0156469 -0.0167722 -0.0179848 -0.0192818 -0.0206565 -0.0220977 -0.0235898 -0.0251118 -0.0266375 -0.0281354 -0.0295683 -0.0308931 -0.0320607 -0.0330159 -0.0336986 -0.0340448 -0.0339895 -0.0334695 -0.0324275 -0.0308154 -0.0285977 -0.0257545 -0.0222845 -0.018207 -0.0135651 -0.00842634 -0.00288357 0.00294802 0.00893478 0.0149294 0.0207756 0.0263133 0.0313844 0.0358425 0.0395664 0.0424694 0.0445032 0.0456514 0.0459219 0.0453454 0.0439893 0.0419725 0.0394575 0.0366129 0.0335782 0.0304619 0.0273718 0.024438 0.021804 0.019596 0.0179019 0.0167706 
0 0.0049696 0.00995209 0.0149627 0.0200043 0.0250459 0.030019 0.0348363 0.0394089 0.043639 0.0474023 0.0505523 0.0529495 0.054485 0.0550776 0.0546618 0.0531939 0.0506703 0.0471386 0.0426901 0.0374439 0.0315343 0.0251068 0.0183203 0.0113488 0.00437343 -0.00243066 -0.00890852 -0.014934 -0.0204117 -0.0252734 -0.0294731 -0.0329842 -0.0357985 -0.0379269 -0.0393996 -0.0402642 -0.0405815 -0.0404206 -0.0398531 -0.038949 -0.0377738 -0.0363876 -0.0348448 -0.0331943 -0.03148 -0.0297406 -0.0280095 -0.0263146 -0.024678 -0.023116 -0.0216395 -0.0202552 -0.0189655 -0.0177702 -0.0166671 -0.0156526 -0.0147223 -0.0138716 -0.0130956 -0.0123893 -0.0117477 -0.011166 -0.0106393 -0.010163 -0.00973235 -0.00934308 -0.008991 -0.00867222 -0.0083832 -0.0081207 -0.00788182 -0.00766402 -0.00746505 -0.00728295 -0.00711602 -0.00696281 -0.00682203 -0.0066926 -0.00657356 -0.00646408 -0.00636342 -0.00627095 -0.00618607 -0.00610829 -0.00603715 -0.00597223 -0.00591318 -0.00585967 -0.00581141 -0.00576813 -0.00572962 -0.00569566 -0.0056661 -0.00564076 -0.00561953 -0.0056023 -0.00558899 -0.00557952 -0.00557386 -0.00557198 -0.00557386 -0.00557952 -0.00558899 -0.0056023 -0.00561953 -0.00564076 -0.0056661 -0.00569566 -0.00572962 -0.00576813 -0.00581141 -0.00585967 -0.00591318 -0.00597223 -0.00603715 -0.00610829 -0.00618607 -0.00627095 -0.00636342 -0.00646408 -0.00657356 -0.0066926 -0.00682203 -0.00696281 -0.00711602 -0.00728295 -0.00746505 -0.00766402 -0.00788182 -0.0081207 -0.0083832 -0.00867222 -0.008991 -0.00934308 -0.00973235 -0.010163 -0.0106393 -0.011166 -0.0117477 -0.0123893 -0.0130956 -0.0138716 -0.0147223 -0.0156526 -0.0166671 -0.0177702 -0.0189655 -0.0202552 -0.0216395 -0.023116 -0.024678 -0.0263146 -0.0280095 -0.0297406 -0.03148 -0.0331943 -0.0348448 -0.0363876 -0.0377738 -0.038949 -0.0398531 -0.0404206 -0.0405815 -0.0402642 -0.0393996 -0.0379269 -0.0357985 -0.0329842 -0.0294731 -0.0252734 -0.0204117 -0.014934 -0.00890852 -0.00243066 0.00437343 0.0113488 0.0183203 0.0251068 0.0315345 0.0374444 0.0426915 0.0471424 0.0506797 0.053216 0.0547104 0.0551779 0.0546801 0.0533065 0.0511683 0.0484067 0.045192 0.041698 0.0380774 0.0344682 0.0310225 0.0279177 0.0253242 0.0233593 0.0220687 
0 0.00600984 0.0120421 0.0180898 0.0241059 0.030019 0.035758 0.0412583 0.0464354 0.0511581 0.0552611 0.0585919 0.0610402 0.0625241 0.0629627 0.0622803 0.060438 0.0574544 0.0534003 0.0483815 0.0425253 0.0359737 0.0288841 0.0214287 0.0137896 0.00614731 -0.00132897 -0.00848787 -0.0152 -0.0213593 -0.0268839 -0.0317165 -0.0358255 -0.0392021 -0.0418587 -0.0438246 -0.0451419 -0.0458624 -0.0460448 -0.0457527 -0.0450527 -0.0440124 -0.0426982 -0.0411728 -0.0394941 -0.0377128 -0.035873 -0.0340112 -0.0321578 -0.0303372 -0.0285691 -0.0268691 -0.0252491 -0.0237179 -0.0222812 -0.0209419 -0.0197007 -0.0185557 -0.0175038 -0.01654 -0.0156589 -0.0148544 -0.0141204 -0.013451 -0.0128404 -0.0122834 -0.0117754 -0.011312 -0.0108894 -0.0105041 -0.0101528 -0.00983274 -0.0095411 -0.0092754 -0.00903331 -0.00881269 -0.00861154 -0.00842804 -0.00826054 -0.00810753 -0.00796768 -0.00783979 -0.00772282 -0.00761582 -0.007518 -0.00742867 -0.00734721 -0.00727311 -0.00720591 -0.00714525 -0.00709078 -0.00704222 -0.00699935 -0.00696195 -0.00692986 -0.00690293 -0.00688105 -0.00686412 -0.00685208 -0.00684487 -0.00684247 -0.00684487 -0.00685208 -0.00686412 -0.00688105 -0.00690293 -0.00692986 -0.00696195 -0.00699935 -0.00704222 -0.00709078 -0.00714525 -0.00720591 -0.00727311 -0.00734721 -0.00742867 -0.007518 -0.00761582 -0.00772282 -0.00783979 -0.00796768 -0.00810753 -0.00826054 -0.00842804 -0.00861154 -0.00881269 -0.00903331 -0.0092754 -0.0095411 -0.00983274 -0.0101528 -0.0105041 -0.0108894 -0.011312 -0.0117754 -0.0122834 -0.0128404 -0.013451 -0.0141204 -0.0148544 -0.0156589 -0.01654 -0.0175038 -0.0185557 -0.0197007 -0.0209419 -0.0222812 -0.0237179 -0.0252491 -0.0268691 -0.0285691 -0.0303372 -0.0321578 -0.0340112 -0.035873 -0.0377128 -0.0394941 -0.0411728 -0.0426982 -0.0440124 -0.0450527 -0.0457527 -0.0460448 -0.0458624 -0.0451419 -0.0438246 -0.0418587 -0.0392021 -0.0358255 -0.0317165 -0.0268839 -0.0213593 -0.0152 -0.00848787 -0.00132897 0.00614732 0.0137896 0.0214287 0.0288842 0.0359742 0.0425265 0.0483848 0.0534086 0.0574741 0.0604818 0.0623717 0.063142 0.0628558 0.0616184 0.0595441 0.0567472 0.0533679 0.04959 0.0456211 0.0416598 0.0378877 0.0344835 0.0316193 0.0294292 0.0279825 
0 0.00707627 0.014159 0.0212066 0.02813 0.0348363 0.0412583 0.0473324 0.0529534 0.0579675 0.0622166 0.0655772 0.0679544 0.069257 0.0694034 0.0683521 0.0661132 0.0627325 0.0582785 0.0528454 0.0465594 0.0395768 0.0320744 0.024235 0.016232 0.00822492 0.000362194 -0.00721685 -0.0143837 -0.0210255 -0.027052 -0.0324011 -0.0370379 -0.0409517 -0.0441503 -0.0466546 -0.0484955 -0.0497124 -0.0503525 -0.0504702 -0.0501261 -0.0493843 -0.0483097 -0.0469656 -0.0454107 -0.0436986 -0.0418764 -0.0399855 -0.0380614 -0.0361343 -0.0342302 -0.0323703 -0.0305719 -0.0288488 -0.0272107 -0.0256642 -0.0242131 -0.0228586 -0.0215996 -0.0204338 -0.0193576 -0.0183665 -0.0174556 -0.0166198 -0.0158539 -0.0151529 -0.0145117 -0.0139257 -0.0133902 -0.0129011 -0.0124544 -0.0120464 -0.0116737 -0.0113331 -0.0110217 -0.010737 -0.0104766 -0.0102382 -0.01002 -0.00982023 -0.0096373 -0.00946984 -0.0093166 -0.00917649 -0.00904852 -0.00893182 -0.00882562 -0.00872922 -0.00864205 -0.00856354 -0.00849326 -0.00843078 -0.00837576 -0.00832787 -0.00828688 -0.00825254 -0.00822469 -0.00820317 -0.00818789 -0.00817874 -0.0081757 -0.00817874 -0.00818789 -0.00820317 -0.00822469 -0.00825254 -0.00828688 -0.00832787 -0.00837576 -0.00843078 -0.00849326 -0.00856354 -0.00864205 -0.00872922 -0.00882562 -0.00893182 -0.00904852 -0.00917649 -0.0093166 -0.00946984 -0.0096373 -0.00982023 -0.01002 -0.0102382 -0.0104766 -0.010737 -0.0110217 -0.0113331 -0.0116737 -0.0120464 -0.0124544 -0.0129011 -0.0133902 -0.0139257 -0.0145117 -0.0151529 -0.0158539 -0.0166198 -0.0174556 -0.0183665 -0.0193576 -0.0204338 -0.0215996 -0.0228586 -0.0242131 -0.0256642 -0.0272107 -0.0288488 -0.0305719 -0.0323703 -0.0342302 -0.0361343 -0.0380614 -0.0399855 -0.0418764 -0.0436986 -0.0454107 -0.0469656 -0.0483097 -0.0493843 -0.0501261 -0.0504702 -0.0503525 -0.0497124 -0.0484955 -0.0466546 -0.0441503 -0.0409517 -0.0370379 -0.0324011 -0.027052 -0.0210255 -0.0143837 -0.00721685 0.000362197 0.00822493 0.0162321 0.0242351 0.0320748 0.0395778 0.0465623 0.0528527 0.0582959 0.0627715 0.0661953 0.0685151 0.0697082 0.0697942 0.0688481 0.0669856 0.0643297 0.0610073 0.0571845 0.0530867 0.0489666 0.0450507 0.0415171 0.0385115 0.036163 0.0345804 
0 0.00815303 0.016256 0.0242306 0.031979 0.0394089 0.0464354 0.0529534 0.0588303 0.0639353 0.0681632 0.0714176 0.0735881 0.074573 0.0743265 0.0728677 0.0702451 0.0665121 0.0617384 0.0560258 0.0495084 0.0423444 0.034703 0.0267489 0.018637 0.0105146 0.00252153 -0.00521378 -0.0125768 -0.0194701 -0.0258164 -0.0315566 -0.036648 -0.0410652 -0.0447978 -0.0478507 -0.0502437 -0.0520085 -0.053186 -0.0538236 -0.0539723 -0.0536845 -0.0530136 -0.0520129 -0.0507354 -0.0492334 -0.047557 -0.0457535 -0.0438658 -0.0419318 -0.0399841 -0.0380491 -0.0361485 -0.0342991 -0.0325135 -0.0308015 -0.0291702 -0.0276244 -0.0261675 -0.0248009 -0.0235249 -0.0223384 -0.0212391 -0.0202239 -0.0192888 -0.0184293 -0.0176403 -0.0169169 -0.0162538 -0.0156462 -0.0150893 -0.0145786 -0.0141103 -0.0136806 -0.0132861 -0.0129239 -0.0125913 -0.0122859 -0.0120055 -0.0117482 -0.0115123 -0.0112961 -0.0110982 -0.0109173 -0.0107522 -0.0106018 -0.0104651 -0.0103413 -0.0102295 -0.010129 -0.0100392 -0.00995958 -0.00988956 -0.00982874 -0.00977674 -0.00973325 -0.00969802 -0.00967083 -0.00965152 -0.00963998 -0.00963614 -0.00963998 -0.00965152 -0.00967083 -0.00969802 -0.00973325 -0.00977674 -0.00982874 -0.00988956 -0.00995958 -0.0100392 -0.010129 -0.0102295 -0.0103413 -0.0104651 -0.0106018 -0.0107522 -0.0109173 -0.0110982 -0.0112961 -0.0115123 -0.0117482 -0.0120055 -0.0122859 -0.0125913 -0.0129239 -0.0132861 -0.0136806 -0.0141103 -0.0145786 -0.0150893 -0.0156462 -0.0162538 -0.0169169 -0.0176403 -0.0184293 -0.0192888 -0.0202239 -0.0212391 -0.0223384 -0.0235249 -0.0248009 -0.0261675 -0.0276244 -0.0291702 -0.0308015 -0.0325135 -0.0342991 -0.0361485 -0.0380491 -0.0399841 -0.0419318 -0.0438658 -0.0457535 -0.047557 -0.0492334 -0.0507354 -0.0520129 -0.0530136 -0.0536845 -0.0539723 -0.0538236 -0.053186 -0.0520085 -0.0502437 -0.0478507 -0.0447978 -0.0410652 -0.036648 -0.0315566 -0.0258164 -0.0194701 -0.0125768 -0.00521378 0.00252154 0.0105146 0.0186371 0.0267492 0.0347039 0.0423469 0.0495147 0.0560409 0.0617727 0.0665851 0.0703916 0.0731449 0.0748204 0.0754039 0.0749114 0.0734219 0.0710702 0.0680086 0.0643984 0.0604425 0.056396 0.0525148 0.0489957 0.0459733 0.0435684 0.0419196 
0 0.0091923 0.0182535 0.0270743 0.0355674 0.043639 0.0511581 0.0579675 0.0639353 0.0689822 0.073046 0.0760341 0.0778401 0.078406 0.0777425 0.0758918 0.0729019 0.0688438 0.0638248 0.0579729 0.0514215 0.0443061 0.0367624 0.0289264 0.0209395 0.0129427 0.005063 -0.0025912 -0.00992952 -0.016878 -0.023373 -0.0293569 -0.0347811 -0.0396086 -0.0438159 -0.0473956 -0.0503552 -0.0527129 -0.0544957 -0.0557362 -0.0564705 -0.0567388 -0.0565836 -0.0560506 -0.0551874 -0.0540427 -0.0526646 -0.0510997 -0.0493913 -0.0475795 -0.0456999 -0.0437837 -0.0418583 -0.0399466 -0.0380681 -0.0362386 -0.0344708 -0.0327744 -0.0311564 -0.0296216 -0.0281728 -0.0268109 -0.0255354 -0.0243446 -0.0232362 -0.0222069 -0.0212532 -0.0203712 -0.0195567 -0.0188057 -0.018114 -0.0174776 -0.0168924 -0.0163547 -0.015861 -0.0154077 -0.0149918 -0.0146101 -0.0142602 -0.0139393 -0.0136452 -0.0133758 -0.0131293 -0.0129038 -0.0126979 -0.0125102 -0.0123394 -0.0121846 -0.0120445 -0.0119186 -0.0118058 -0.0117057 -0.0116175 -0.0115409 -0.0114753 -0.0114204 -0.0113758 -0.0113415 -0.011317 -0.0113025 -0.0112976 -0.0113025 -0.011317 -0.0113415 -0.0113758 -0.0114204 -0.0114753 -0.0115409 -0.0116175 -0.0117057 -0.0118058 -0.0119186 -0.0120445 -0.0121846 -0.0123394 -0.0125102 -0.0126979 -0.0129038 -0.0131293 -0.0133758 -0.0136452 -0.0139393 -0.0142602 -0.0146101 -0.0149918 -0.0154077 -0.015861 -0.0163547 -0.0168924 -0.0174776 -0.018114 -0.0188057 -0.0195567 -0.0203712 -0.0212532 -0.0222069 -0.0232362 -0.0243446 -0.0255354 -0.0268109 -0.0281728 -0.0296216 -0.0311564 -0.0327744 -0.0344708 -0.0362386 -0.0380681 -0.0399466 -0.0418583 -0.0437837 -0.0456999 -0.0475795 -0.0493913 -0.0510997 -0.0526646 -0.0540427 -0.0551874 -0.0560506 -0.0565836 -0.0567388 -0.0564705 -0.0557362 -0.0544957 -0.0527129 -0.0503552 -0.0473956 -0.0438159 -0.0396086 -0.0347811 -0.0293569 -0.023373 -0.016878 -0.00992952 -0.0025912 0.00506303 0.0129427 0.0209398 0.0289271 0.0367644 0.0443114 0.0514344 0.0580026 0.0638888 0.068974 0.0731511 0.0763413 0.0785076 0.0796382 0.0797259 0.078794 0.0769414 0.0743365 0.0711668 0.0676187 0.0639011 0.060249 0.0568795 0.0539587 0.0516248 0.0500231 
0 0.0101307 0.0200629 0.0296554 0.0388094 0.0474023 0.0552611 0.0622166 0.0681632 0.073046 0.0768036 0.0793622 0.0806861 0.0807936 0.0797158 0.0774801 0.0741487 0.0698395 0.0646931 0.0588394 0.0523992 0.045489 0.0382218 0.0307144 0.0230868 0.0154478 0.00789109 0.000500923 -0.00664848 -0.0134921 -0.0199696 -0.0260291 -0.0316298 -0.036738 -0.0413284 -0.045384 -0.0488929 -0.0518509 -0.054263 -0.0561421 -0.0575108 -0.0583991 -0.0588419 -0.0588785 -0.0585492 -0.0578943 -0.0569545 -0.0557694 -0.0543782 -0.0528196 -0.0511303 -0.0493461 -0.0474997 -0.0456209 -0.0437357 -0.0418661 -0.0400302 -0.0382423 -0.0365132 -0.0348512 -0.0332617 -0.0317487 -0.0303142 -0.0289593 -0.0276839 -0.0264871 -0.0253676 -0.0243231 -0.0233512 -0.0224488 -0.0216127 -0.0208394 -0.0201251 -0.0194664 -0.0188593 -0.0183005 -0.0177863 -0.0173135 -0.0168791 -0.01648 -0.0161137 -0.0157776 -0.0154696 -0.0151877 -0.01493 -0.0146948 -0.0144807 -0.0142863 -0.0141106 -0.0139524 -0.0138108 -0.013685 -0.0135742 -0.0134778 -0.0133954 -0.0133264 -0.0132704 -0.0132272 -0.0131965 -0.0131781 -0.013172 -0.0131781 -0.0131965 -0.0132272 -0.0132704 -0.0133264 -0.0133954 -0.0134778 -0.0135742 -0.013685 -0.0138108 -0.0139524 -0.0141106 -0.0142863 -0.0144807 -0.0146948 -0.01493 -0.0151877 -0.0154696 -0.0157776 -0.0161137 -0.01648 -0.0168791 -0.0173135 -0.0177863 -0.0183005 -0.0188593 -0.0194664 -0.0201251 -0.0208394 -0.0216127 -0.0224488 -0.0233512 -0.0243231 -0.0253676 -0.0264871 -0.0276839 -0.0289593 -0.0303142 -0.0317487 -0.0332617 -0.0348512 -0.0365132 -0.0382423 -0.0400302 -0.0418661 -0.0437357 -0.0456209 -0.0474997 -0.0493461 -0.0511303 -0.0528196 -0.0543782 -0.0557694 -0.0569545 -0.0578943 -0.0585492 -0.0588785 -0.0588419 -0.0583991 -0.0575108 -0.0561421 -0.054263 -0.0518509 -0.0488929 -0.045384 -0.0413284 -0.036738 -0.0316298 -0.0260291 -0.0199696 -0.0134921 -0.00664848 0.000500942 0.00789115 0.015448 0.0230874 0.0307161 0.0382262 0.0455 0.0524246 0.058895 0.0648074 0.0700611 0.0745533 0.0781776 0.0808529 0.0825533 0.0832867 0.0830624 0.081921 0.0799888 0.0774621 0.0745369 0.0713811 0.0681705 0.0651143 0.0624292 0.060299 0.0588613 
0 0.0109191 0.0216106 0.0318886 0.041593 0.0505523 0.0585919 0.0655772 0.0714176 0.0760341 0.0793622 0.0813984 0.0822025 0.081832 0.0803146 0.0777022 0.0741102 0.069678 0.0645279 0.0587778 0.052552 0.0459659 0.0391223 0.0321164 0.0250252 0.01791 0.0108342 0.00386392 -0.00294005 -0.00951966 -0.0158242 -0.0218159 -0.027462 -0.0327308 -0.0375942 -0.0420237 -0.045993 -0.0494843 -0.0524866 -0.0549976 -0.0570257 -0.0585843 -0.0596937 -0.0603791 -0.0606682 -0.0605925 -0.0601861 -0.059484 -0.0585238 -0.0573421 -0.0559755 -0.0544598 -0.0528275 -0.05111 -0.0493351 -0.0475279 -0.0457111 -0.0439035 -0.0421221 -0.0403806 -0.0386902 -0.03706 -0.0354964 -0.0340044 -0.0325866 -0.0312446 -0.0299787 -0.0287877 -0.0276705 -0.0266245 -0.0256474 -0.0247361 -0.0238877 -0.0230991 -0.0223669 -0.0216883 -0.0210599 -0.020479 -0.0199425 -0.0194478 -0.0189921 -0.0185731 -0.0181883 -0.0178356 -0.0175129 -0.0172184 -0.0169503 -0.016707 -0.0164872 -0.0162893 -0.0161124 -0.0159553 -0.0158171 -0.015697 -0.0155943 -0.0155083 -0.0154387 -0.0153849 -0.0153468 -0.0153239 -0.0153164 -0.0153239 -0.0153468 -0.0153849 -0.0154387 -0.0155083 -0.0155943 -0.015697 -0.0158171 -0.0159553 -0.0161124 -0.0162893 -0.0164872 -0.016707 -0.0169503 -0.0172184 -0.0175129 -0.0178356 -0.0181883 -0.0185731 -0.0189921 -0.0194478 -0.0199425 -0.020479 -0.0210599 -0.0216883 -0.0223669 -0.0230991 -0.0238877 -0.0247361 -0.0256474 -0.0266245 -0.0276705 -0.0287877 -0.0299787 -0.0312446 -0.0325866 -0.0340044 -0.0354964 -0.03706 -0.0386902 -0.0403806 -0.0421221 -0.0439035 -0.0457111 -0.0475279 -0.0493351 -0.05111 -0.0528275 -0.0544598 -0.0559755 -0.0573421 -0.0585238 -0.059484 -0.0601861 -0.0605925 -0.0606682 -0.0603791 -0.0596937 -0.0585843 -0.0570257 -0.0549976 -0.0524866 -0.0494843 -0.045993 -0.0420237 -0.0375942 -0.0327308 -0.027462 -0.0218159 -0.0158242 -0.00951966 -0.00294003 0.00386397 0.0108344 0.0179105 0.0250266 0.03212 0.0391315 0.0459874 0.0525996 0.058877 0.0647226 0.0700384 0.0747397 0.0787416 0.0819425 0.0842636 0.0856932 0.0862592 0.0859896 0.0849446 0.0832652 0.0811384 0.0787248 0.0761602 0.0736213 0.0713421 0.0695421 0.0683514 
0 0.0115372 0.0228434 0.0336738 0.0437798 0.0529495 0.0610402 0.0679544 0.0735881 0.0778401 0.0806861 0.0822025 0.0824895 0.0816128 0.079648 0.076725 0.0729837 0.0685291 0.0634646 0.0579209 0.0520249 0.0458778 0.0395656 0.0331533 0.0266807 0.0201873 0.0137187 0.00731197 0.00100159 -0.00517476 -0.0111858 -0.0169995 -0.0225773 -0.027884 -0.0328869 -0.0375527 -0.0418562 -0.0457756 -0.0492898 -0.0523848 -0.0550492 -0.0572758 -0.0590672 -0.0604313 -0.0613838 -0.0619485 -0.0621516 -0.0620243 -0.0615992 -0.0609079 -0.059984 -0.0588583 -0.0575617 -0.0561247 -0.0545753 -0.0529416 -0.051249 -0.0495213 -0.0477802 -0.0460439 -0.0443291 -0.0426487 -0.0410137 -0.0394326 -0.0379111 -0.0364544 -0.0350646 -0.0337439 -0.0324924 -0.0313101 -0.0301961 -0.0291487 -0.0281665 -0.0272469 -0.0263881 -0.0255871 -0.0248417 -0.0241491 -0.0235064 -0.0229115 -0.0223612 -0.0218536 -0.0213857 -0.0209558 -0.0205611 -0.0202002 -0.0198708 -0.0195713 -0.0193 -0.0190556 -0.0188366 -0.0186419 -0.0184705 -0.0183213 -0.0181937 -0.0180867 -0.0180001 -0.0179331 -0.0178856 -0.0178571 -0.0178477 -0.0178571 -0.0178856 -0.0179331 -0.0180001 -0.0180867 -0.0181937 -0.0183213 -0.0184705 -0.0186419 -0.0188366 -0.0190556 -0.0193 -0.0195713 -0.0198708 -0.0202002 -0.0205611 -0.0209558 -0.0213857 -0.0218536 -0.0223612 -0.0229115 -0.0235064 -0.0241491 -0.0248417 -0.0255871 -0.0263881 -0.0272469 -0.0281665 -0.0291487 -0.0301961 -0.0313101 -0.0324924 -0.0337439 -0.0350646 -0.0364544 -0.0379111 -0.0394326 -0.0410137 -0.0426487 -0.0443291 -0.0460439 -0.0477802 -0.0495213 -0.051249 -0.0529416 -0.0545753 -0.0561247 -0.0575617 -0.0588583 -0.059984 -0.0609079 -0.0615992 -0.0620243 -0.0621516 -0.0619485 -0.0613838 -0.0604313 -0.0590672 -0.0572758 -0.0550492 -0.0523848 -0.0492898 -0.0457756 -0.0418562 -0.0375527 -0.0328869 -0.027884 -0.0225773 -0.0169995 -0.0111858 -0.00517475 0.00100163 0.0073121 0.0137191 0.0201884 0.0266837 0.0331608 0.0395835 0.045918 0.0521098 0.0580899 0.063782 0.0690912 0.0739244 0.0782173 0.0819031 0.0848819 0.0870766 0.088492 0.0891774 0.0891718 0.0885304 0.0873712 0.0858482 0.0841057 0.0822971 0.0806183 0.0792685 0.0783744 
0 0.0119808 0.0237153 0.034904 0.0452365 0.054485 0.0625241 0.069257 0.074573 0.078406 0.0807936 0.081832 0.0816128 0.0802494 0.0779144 0.0747799 0.0709551 0.0665344 0.0616506 0.0564343 0.050975 0.0453479 0.0396216 0.0338369 0.0280247 0.0222199 0.0164366 0.0106754 0.00494808 -0.000731012 -0.00634445 -0.0118577 -0.0172352 -0.0224474 -0.0274589 -0.0322394 -0.0367628 -0.0409965 -0.0449123 -0.0484853 -0.0516895 -0.0545096 -0.0569357 -0.0589622 -0.0605945 -0.0618408 -0.0627144 -0.0632357 -0.063425 -0.0633083 -0.0629137 -0.062269 -0.0614061 -0.0603538 -0.0591419 -0.0577995 -0.0563517 -0.0548247 -0.05324 -0.0516184 -0.0499789 -0.0483365 -0.0467069 -0.0451014 -0.0435311 -0.0420046 -0.0405285 -0.0391091 -0.0377493 -0.0364529 -0.0352206 -0.0340535 -0.0329511 -0.0319124 -0.0309365 -0.0300207 -0.0291641 -0.0283633 -0.0276168 -0.0269216 -0.0262758 -0.0256768 -0.0251222 -0.0246102 -0.0241382 -0.0237049 -0.0233077 -0.0229457 -0.0226163 -0.0223191 -0.0220517 -0.0218139 -0.0216036 -0.0214207 -0.0212636 -0.0211323 -0.0210253 -0.020943 -0.0208842 -0.0208492 -0.0208374 -0.0208492 -0.0208842 -0.020943 -0.0210253 -0.0211323 -0.0212636 -0.0214207 -0.0216036 -0.0218139 -0.0220517 -0.0223191 -0.0226163 -0.0229457 -0.0233077 -0.0237049 -0.0241382 -0.0246102 -0.0251222 -0.0256768 -0.0262758 -0.0269216 -0.0276168 -0.0283633 -0.0291641 -0.0300207 -0.0309365 -0.0319124 -0.0329511 -0.0340535 -0.0352206 -0.0364529 -0.0377493 -0.0391091 -0.0405285 -0.0420046 -0.0435311 -0.0451014 -0.0467069 -0.0483365 -0.0499789 -0.0516184 -0.05324 -0.0548247 -0.0563517 -0.0577995 -0.0591419 -0.0603538 -0.0614061 -0.062269 -0.0629137 -0.0633083 -0.063425 -0.0632357 -0.0627144 -0.0618408 -0.0605945 -0.0589622 -0.0569357 -0.0545096 -0.0516895 -0.0484853 -0.0449123 -0.0409965 -0.0367628 -0.0322394 -0.0274589 -0.0224474 -0.0172352 -0.0118577 -0.00634444 -0.000730981 0.00494818 0.0106757 0.0164375 0.0222223 0.0280309 0.0338516 0.0396552 0.0454198 0.0511201 0.0567106 0.062147 0.0673772 0.0723105 0.0768536 0.0809528 0.0845493 0.0875457 0.0898787 0.0915734 0.0926775 0.0932019 0.0931714 0.0926926 0.0919276 0.0910287 0.0901247 0.0893399 0.0887896 
0 0.0122357 0.0241754 0.0354909 0.0458687 0.0550776 0.0629627 0.0694034 0.0743265 0.0777425 0.0797158 0.0803146 0.079648 0.0779144 0.0753341 0.0720549 0.0681899 0.0638892 0.0592942 0.0544807 0.0495062 0.0444425 0.039336 0.0342102 0.0290947 0.0239974 0.0188991 0.0137947 0.00868691 0.00357012 -0.00154485 -0.00663786 -0.0116973 -0.0166972 -0.0216023 -0.0263834 -0.0310007 -0.0354139 -0.0395942 -0.0435084 -0.0471299 -0.0504409 -0.0534187 -0.0560498 -0.0583248 -0.0602341 -0.0617807 -0.0629692 -0.0638104 -0.0643245 -0.0645299 -0.0644527 -0.0641195 -0.0635551 -0.062789 -0.0618454 -0.0607506 -0.0595298 -0.0582045 -0.0567991 -0.0553321 -0.053824 -0.0522922 -0.0507512 -0.0492168 -0.0476989 -0.0462096 -0.0447562 -0.0433458 -0.0419843 -0.0406747 -0.0394215 -0.0382248 -0.0370874 -0.0360082 -0.034988 -0.0340258 -0.0331203 -0.0322709 -0.0314748 -0.030732 -0.0300389 -0.0293953 -0.0287979 -0.0282462 -0.0277372 -0.0272701 -0.0268425 -0.0264532 -0.0261006 -0.0257833 -0.0255003 -0.0252498 -0.0250317 -0.024844 -0.024687 -0.024559 -0.0244605 -0.0243899 -0.0243482 -0.0243339 -0.0243482 -0.0243899 -0.0244605 -0.024559 -0.024687 -0.024844 -0.0250317 -0.0252498 -0.0255003 -0.0257833 -0.0261006 -0.0264532 -0.0268425 -0.0272701 -0.0277372 -0.0282462 -0.0287979 -0.0293953 -0.0300389 -0.030732 -0.0314748 -0.0322709 -0.0331203 -0.0340258 -0.034988 -0.0360082 -0.0370874 -0.0382248 -0.0394215 -0.0406747 -0.0419843 -0.0433458 -0.0447562 -0.0462096 -0.0476989 -0.0492168 -0.0507512 -0.0522922 -0.053824 -0.0553321 -0.0567991 -0.0582045 -0.0595298 -0.0607506 -0.0618454 -0.062789 -0.0635551 -0.0641195 -0.0644527 -0.0645299 -0.0643245 -0.0638104 -0.0629692 -0.0617807 -0.0602341 -0.0583248 -0.0560498 -0.0534187 -0.0504409 -0.0471299 -0.0435084 -0.0395942 -0.0354139 -0.0310007 -0.0263834 -0.0216023 -0.0166972 -0.0116973 -0.00663786 -0.00154483 0.0035702 0.00868715 0.0137954 0.018901 0.0240024 0.0291066 0.0342378 0.039396 0.0445655 0.0497439 0.0549143 0.0600413 0.065108 0.0700798 0.0748565 0.0793364 0.083476 0.0872299 0.0905136 0.0932735 0.0955211 0.0972628 0.0984781 0.0992023 0.0995645 0.0997033 0.0996915 0.0995735 0.0994364 
0 0.0122675 0.0241715 0.0353837 0.045627 0.0546618 0.0622803 0.0683521 0.0728677 0.0758918 0.0774801 0.0777022 0.076725 0.0747799 0.0720549 0.0687004 0.0649022 0.0608332 0.0565745 0.0521738 0.047711 0.0432418 0.0387745 0.0343245 0.0299005 0.0254751 0.0210348 0.0165853 0.0121071 0.00758415 0.00301993 -0.00159499 -0.00625772 -0.0109384 -0.0156149 -0.0202564 -0.0248183 -0.029272 -0.0335835 -0.0377133 -0.0416368 -0.0453209 -0.0487354 -0.0518627 -0.0546785 -0.0571705 -0.0593339 -0.0611601 -0.062656 -0.0638263 -0.0646793 -0.0652334 -0.0655009 -0.0655045 -0.0652662 -0.064807 -0.0641554 -0.0633322 -0.062364 -0.0612743 -0.0600831 -0.0588144 -0.0574834 -0.0561103 -0.054709 -0.053293 -0.0518766 -0.0504674 -0.0490784 -0.0477144 -0.0463847 -0.0450938 -0.0438463 -0.0426471 -0.0414968 -0.0404002 -0.0393556 -0.0383664 -0.0374303 -0.0365488 -0.0357202 -0.0349438 -0.0342188 -0.033543 -0.0329164 -0.0323357 -0.0318016 -0.0313101 -0.0308626 -0.0304548 -0.0300883 -0.0297593 -0.0294689 -0.0292142 -0.0289961 -0.028812 -0.0286631 -0.0285472 -0.0284652 -0.0284157 -0.0283996 -0.0284157 -0.0284652 -0.0285472 -0.0286631 -0.028812 -0.0289961 -0.0292142 -0.0294689 -0.0297593 -0.0300883 -0.0304548 -0.0308626 -0.0313101 -0.0318016 -0.0323357 -0.0329164 -0.033543 -0.0342188 -0.0349438 -0.0357202 -0.0365488 -0.0374303 -0.0383664 -0.0393556 -0.0404002 -0.0414968 -0.0426471 -0.0438463 -0.0450938 -0.0463847 -0.0477144 -0.0490784 -0.0504674 -0.0518766 -0.053293 -0.054709 -0.0561103 -0.0574834 -0.0588144 -0.0600831 -0.0612743 -0.062364 -0.0633322 -0.0641554 -0.064807 -0.0652662 -0.0655045 -0.0655009 -0.0652334 -0.0646793 -0.0638263 -0.062656 -0.0611601 -0.0593339 -0.0571705 -0.0546785 -0.0518627 -0.0487354 -0.0453209 -0.0416368 -0.0377133 -0.0335835 -0.029272 -0.0248183 -0.0202564 -0.0156149 -0.0109384 -0.00625771 -0.00159497 0.00301999 0.00758433 0.0121076 0.0165867 0.0210387 0.0254847 0.0299229 0.034374 0.0388774 0.0434438 0.0480853 0.0528289 0.0576595 0.0625395 0.0674636 0.0723983 0.0772345 0.0818821 0.0863211 0.0905121 0.0943562 0.097776 0.100752 0.103271 0.10532 0.106941 0.108204 0.109145 0.109771 0.110127 
0 0.0120359 0.0236637 0.0345656 0.0444926 0.0531939 0.060438 0.0661132 0.0702451 0.0729019 0.0741487 0.0741102 0.0729837 0.0709551 0.0681899 0.0649022 0.0613098 0.0575261 0.0536072 0.0496496 0.0457289 0.0418434 0.0379916 0.0341895 0.030409 0.0266221 0.0228349 0.0190233 0.0151477 0.0112053 0.00718341 0.00306284 -0.00113816 -0.00540909 -0.00974711 -0.0141188 -0.0185004 -0.0228691 -0.0271765 -0.0313899 -0.0354755 -0.0393875 -0.043104 -0.0465963 -0.0498364 -0.0528151 -0.0555099 -0.05791 -0.0600118 -0.0618029 -0.0632901 -0.0644753 -0.0653647 -0.0659773 -0.0663222 -0.0664229 -0.0662986 -0.0659675 -0.065457 -0.0647822 -0.0639692 -0.0630362 -0.0620017 -0.0608878 -0.0597064 -0.0584792 -0.0572163 -0.0559336 -0.0546431 -0.0533531 -0.052077 -0.0508179 -0.0495876 -0.0483875 -0.0472256 -0.0461039 -0.0450255 -0.0439942 -0.0430087 -0.0420741 -0.0411864 -0.0403506 -0.0395621 -0.0388247 -0.0381344 -0.0374932 -0.0368984 -0.0363503 -0.0358475 -0.0353888 -0.0349743 -0.0346014 -0.0342714 -0.033981 -0.0337322 -0.0335214 -0.0333513 -0.0332178 -0.0331244 -0.0330669 -0.033049 -0.0330669 -0.0331244 -0.0332178 -0.0333513 -0.0335214 -0.0337322 -0.033981 -0.0342714 -0.0346014 -0.0349743 -0.0353888 -0.0358475 -0.0363503 -0.0368984 -0.0374932 -0.0381344 -0.0388247 -0.0395621 -0.0403506 -0.0411864 -0.0420741 -0.0430087 -0.0439942 -0.0450255 -0.0461039 -0.0472256 -0.0483875 -0.0495876 -0.0508179 -0.052077 -0.0533531 -0.0546431 -0.0559336 -0.0572163 -0.0584792 -0.0597064 -0.0608878 -0.0620017 -0.0630362 -0.0639692 -0.0647822 -0.065457 -0.0659675 -0.0662986 -0.0664229 -0.0663222 -0.0659773 -0.0653647 -0.0644753 -0.0632901 -0.0618029 -0.0600118 -0.05791 -0.0555099 -0.0528151 -0.0498364 -0.0465963 -0.043104 -0.0393875 -0.0354755 -0.0313899 -0.0271765 -0.0228691 -0.0185004 -0.0141188 -0.00974711 -0.00540909 -0.00113815 0.00306288 0.00718355 0.0112057 0.0151489 0.0190263 0.0228425 0.0266401 0.0304493 0.0342745 0.0381612 0.0421626 0.0462968 0.0506051 0.0551327 0.0598473 0.0646996 0.0696931 0.0748025 0.0799335 0.0850208 0.0900426 0.0949181 0.0995102 0.103735 0.107576 0.111004 0.113958 0.1164 0.118326 0.11974 0.120645 
0 0.011519 0.0226372 0.0330382 0.0424651 0.0506703 0.0574544 0.0627325 0.0665121 0.0688438 0.0698395 0.069678 0.0685291 0.0665344 0.0638892 0.0608332 0.0575261 0.0540533 0.0505335 0.0470711 0.0436673 0.0403099 0.0370321 0.0338216 0.0306325 0.0274631 0.024291 0.021055 0.0177441 0.0143568 0.0108582 0.00725101 0.00354447 -0.000284629 -0.00422209 -0.00824491 -0.0123514 -0.0165016 -0.0206596 -0.0248073 -0.0288955 -0.0328947 -0.0367815 -0.04051 -0.0440617 -0.0474098 -0.0505219 -0.0533923 -0.0559968 -0.0583271 -0.0603843 -0.0621553 -0.0636521 -0.0648744 -0.0658276 -0.0665298 -0.066983 -0.0672108 -0.0672254 -0.067043 -0.066689 -0.0661737 -0.0655256 -0.0647571 -0.0638892 -0.0629412 -0.0619237 -0.0608596 -0.0597539 -0.0586264 -0.0574832 -0.0563358 -0.0551943 -0.0540621 -0.0529521 -0.0518625 -0.0508058 -0.0497792 -0.0487916 -0.0478421 -0.0469346 -0.0460711 -0.0452508 -0.0444783 -0.0437492 -0.0430697 -0.0424334 -0.0418469 -0.0413032 -0.0408086 -0.0403562 -0.0399517 -0.0395889 -0.0392724 -0.0389972 -0.0387669 -0.0385776 -0.038432 -0.038327 -0.0382651 -0.0382437 -0.0382651 -0.038327 -0.038432 -0.0385776 -0.0387669 -0.0389972 -0.0392724 -0.0395889 -0.0399517 -0.0403562 -0.0408086 -0.0413032 -0.0418469 -0.0424334 -0.0430697 -0.0437492 -0.0444783 -0.0452508 -0.0460711 -0.0469346 -0.0478421 -0.0487916 -0.0497792 -0.0508058 -0.0518625 -0.0529521 -0.0540621 -0.0551943 -0.0563358 -0.0574832 -0.0586264 -0.0597539 -0.0608596 -0.0619237 -0.0629412 -0.0638892 -0.0647571 -0.0655256 -0.0661737 -0.066689 -0.067043 -0.0672254 -0.0672108 -0.066983 -0.0665298 -0.0658276 -0.0648744 -0.0636521 -0.0621553 -0.0603843 -0.0583271 -0.0559968 -0.0533923 -0.0505219 -0.0474098 -0.0440617 -0.04051 -0.0367815 -0.0328947 -0.0288955 -0.0248073 -0.0206596 -0.0165016 -0.0123514 -0.00824491 -0.00422209 -0.00028462 0.0035445 0.00725111 0.0108585 0.0143577 0.0177464 0.0210609 0.0243052 0.0274954 0.0307018 0.0339621 0.0373011 0.0407964 0.0444995 0.0484208 0.0526174 0.0571349 0.0619255 0.066951 0.0722412 0.0777829 0.083488 0.0892823 0.0950984 0.10081 0.106281 0.111442 0.116231 0.120516 0.124156 0.127087 0.129302 0.130759 
0 0.010726 0.0211049 0.0308131 0.0395648 0.0471386 0.0534003 0.0582785 0.0617384 0.0638248 0.0646931 0.0645279 0.0634646 0.0616506 0.0592942 0.0565745 0.0536072 0.0505335 0.0474924 0.0445082 0.0415656 0.0387146 0.0359706 0.0332782 0.0306261 0.0280092 0.025358 0.0226443 0.0198786 0.0170136 0.0140242 0.0109263 0.00768808 0.00430189 0.000800087 -0.00282968 -0.00657405 -0.010395 -0.0142967 -0.0182475 -0.022207 -0.0261661 -0.0300742 -0.0338971 -0.0376174 -0.0411851 -0.0445872 -0.0478027 -0.0507994 -0.0535804 -0.0561198 -0.0584112 -0.0604569 -0.0622382 -0.063771 -0.065049 -0.0660787 -0.0668782 -0.0674447 -0.067806 -0.0679669 -0.0679461 -0.0677647 -0.0674289 -0.0669685 -0.0663871 -0.0657099 -0.0649482 -0.0641145 -0.0632296 -0.0622954 -0.0613361 -0.0603504 -0.0593578 -0.0583606 -0.0573689 -0.0563913 -0.0554282 -0.0544931 -0.05358 -0.052704 -0.0518567 -0.0510513 -0.0502808 -0.0495539 -0.0488669 -0.0482238 -0.0476243 -0.047068 -0.046558 -0.0460901 -0.0456701 -0.0452913 -0.0449612 -0.0446714 -0.0444307 -0.0442296 -0.0440777 -0.043965 -0.0439015 -0.0438769 -0.0439015 -0.043965 -0.0440777 -0.0442296 -0.0444307 -0.0446714 -0.0449612 -0.0452913 -0.0456701 -0.0460901 -0.046558 -0.047068 -0.0476243 -0.0482238 -0.0488669 -0.0495539 -0.0502808 -0.0510513 -0.0518567 -0.052704 -0.05358 -0.0544931 -0.0554282 -0.0563913 -0.0573689 -0.0583606 -0.0593578 -0.0603504 -0.0613361 -0.0622954 -0.0632296 -0.0641145 -0.0649482 -0.0657099 -0.0663871 -0.0669685 -0.0674289 -0.0677647 -0.0679461 -0.0679669 -0.067806 -0.0674447 -0.0668782 -0.0660787 -0.065049 -0.063771 -0.0622382 -0.0604569 -0.0584112 -0.0561198 -0.0535804 -0.0507994 -0.0478027 -0.0445872 -0.0411851 -0.0376174 -0.0338971 -0.0300742 -0.0261661 -0.022207 -0.0182475 -0.0142967 -0.010395 -0.00657405 -0.00282968 0.000800094 0.00430191 0.00768815 0.0109265 0.0140248 0.0170153 0.0198831 0.0226554 0.0253836 0.028065 0.0307411 0.033502 0.0363823 0.039431 0.042747 0.0463606 0.0502693 0.0545425 0.0592295 0.0642977 0.0697468 0.0756174 0.0818668 0.0883773 0.0950515 0.101794 0.108462 0.114906 0.120989 0.126535 0.131344 0.135281 0.138275 0.140243 
