0 0 0 0 0 0 0 0 0 0 0 0 0 0 0 0 0 0 0 0 0 0 0 0 0 0 0 0 0 0 0 0 0 0 0 0 0 0 0 0 0 0 0 0 0 0 0 0 0 0 0 0 0 0 0 0 0 0 0 0 0 0 0 0 0 0 0 0 0 0 0 0 0 0 0 0 0 0 0 0 0 0 0 0 0 0 0 0 0 0 0 0 0 0 0 0 0 0 0 0 0 0 0 0 0 0 0 0 0 0 0 0 0 0 0 0 0 0 0 0 0 0 0 0 0 0 0 0 0 0 0 0 0 0 0 0 0 0 0 0 0 0 0 0 0 0 0 0 0 0 0 0 0 0 0 0 0 0 0 0 0 0 0 0 0 0 0 0 0 0 0 0 0 0 0 0 0 0 0 0 0 0 0 0 0 0 0 0 0 0 0 0 0 0 0 0 0 0 0 0 
0 0.00126383 0.00249051 0.00366619 0.00480823 0.00594957 0.00710664 0.0082542 0.00932953 0.0102652 0.0110216 0.01159 0.0119664 0.0121268 0.0120304 0.0116451 0.0109699 0.0100341 0.00887971 0.00754439 0.00605744 0.00444834 0.00275758 0.00103958 -0.000644629 -0.00223932 -0.00370302 -0.00501044 -0.00614831 -0.00710908 -0.007887 -0.00847792 -0.008882 -0.00910673 -0.0091681 -0.00908913 -0.00889642 -0.00861625 -0.00827162 -0.00788096 -0.00745854 -0.00701575 -0.0065626 -0.00610867 -0.0056633 -0.00523518 -0.00483159 -0.00445768 -0.00411613 -0.00380724 -0.00352936 -0.00327964 -0.00305473 -0.00285143 -0.00266704 -0.00249959 -0.00234775 -0.00221064 -0.00208767 -0.00197825 -0.00188165 -0.00179694 -0.00172295 -0.00165834 -0.00160171 -0.00155163 -0.00150681 -0.0014661 -0.00142859 -0.00139355 -0.00136052 -0.00132917 -0.00129934 -0.00127099 -0.00124412 -0.0012188 -0.00119506 -0.00117296 -0.00115252 -0.00113374 -0.00111658 -0.00110099 -0.00108689 -0.00107419 -0.00106279 -0.00105259 -0.00104348 -0.00103537 -0.00102816 -0.00102177 -0.00101614 -0.00101119 -0.00100688 -0.00100317 -0.00100001 -0.000997383 -0.00099526 -0.000993625 -0.000992466 -0.000991773 -0.000991543 -0.000991773 -0.000992466 -0.000993625 -0.00099526 -0.000997383 -0.00100001 -0.00100317 -0.00100688 -0.00101119 -0.00101614 -0.00102177 -0.00102816 -0.00103537 -0.00104348 -0.00105259 -0.00106279 -0.00107419 -0.00108689 -0.00110099 -0.00111658 -0.00113374 -0.00115252 -0.00117296 -0.00119506 -0.0012188 -0.00124412 -0.00127099 -0.00129934 -0.00132917 -0.00136052 -0.00139355 -0.00142859 -0.0014661 -0.00150681 -0.00155163 -0.00160171 -0.00165834 -0.00172295 -0.00179694 -0.00188165 -0.00197825 -0.00208767 -0.00221064 -0.00234775 -0.00249959 -0.00266704 -0.00285143 -0.00305473 -0.00327964 -0.00352936 -0.00380724 -0.00411613 -0.00445768 -0.00483159 -0.00523518 -0.0056633 -0.00610867 -0.0065626 -0.00701575 -0.00745854 -0.00788096 -0.00827162 -0.00861625 -0.00889642 -0.00908913 -0.0091681 -0.00910673 -0.008882 -0.00847792 -0.007887 -0.00710908 -0.00614831 -0.00501044 -0.00370302 -0.00223932 -0.000644629 0.00103958 0.00275758 0.00444835 0.00605747 0.00754451 0.00888006 0.0100351 0.0109726 0.0116516 0.0120452 0.0121586 0.0120303 0.0117103 0.0112335 0.0106153 0.00987266 0.00904818 0.00820746 0.00741235 0.00669842 0.00607969 0.00557261 0.00521119 
0 0.00249051 0.0049286 0.00729528 0.00961162 0.011911 0.0141968 0.0164187 0.0184865 0.0203065 0.0218083 0.0229427 0.0236638 0.0239213 0.0236706 0.0228883 0.0215798 0.0197755 0.0175245 0.0148899 0.0119464 0.00878053 0.00548685 0.0021632 -0.00109575 -0.00420369 -0.00708622 -0.00968308 -0.0119493 -0.0138557 -0.015389 -0.016551 -0.0173558 -0.0178282 -0.018 -0.0179078 -0.0175909 -0.0170892 -0.0164422 -0.0156878 -0.0148607 -0.0139919 -0.0131076 -0.0122293 -0.0113735 -0.0105525 -0.00977466 -0.00904558 -0.00836837 -0.00774441 -0.00717372 -0.00665523 -0.00618697 -0.00576622 -0.00538969 -0.00505368 -0.00475428 -0.00448752 -0.0042496 -0.00403697 -0.00384644 -0.00367524 -0.003521 -0.00338172 -0.00325573 -0.00314164 -0.00303825 -0.0029445 -0.00285946 -0.00278228 -0.00271218 -0.00264843 -0.00259034 -0.0025373 -0.00248875 -0.00244417 -0.00240313 -0.00236524 -0.00233017 -0.00229765 -0.00226744 -0.00223937 -0.00221327 -0.00218902 -0.00216653 -0.00214569 -0.00212646 -0.00210877 -0.00209257 -0.00207781 -0.00206446 -0.00205249 -0.00204187 -0.00203256 -0.00202454 -0.00201779 -0.0020123 -0.00200804 -0.00200501 -0.00200319 -0.00200258 -0.00200319 -0.00200501 -0.00200804 -0.0020123 -0.00201779 -0.00202454 -0.00203256 -0.00204187 -0.00205249 -0.00206446 -0.00207781 -0.00209257 -0.00210877 -0.00212646 -0.00214569 -0.00216653 -0.00218902 -0.00221327 -0.00223937 -0.00226744 -0.00229765 -0.00233017 -0.00236524 -0.00240313 -0.00244417 -0.00248875 -0.0025373 -0.00259034 -0.00264843 -0.00271218 -0.00278228 -0.00285946 -0.0029445 -0.00303825 -0.00314164 -0.00325573 -0.00338172 -0.003521 -0.00367524 -0.00384644 -0.00403697 -0.0042496 -0.00448752 -0.00475428 -0.00505368 -0.00538969 -0.00576622 -0.00618697 -0.00665523 -0.00717372 -0.00774441 -0.00836837 -0.00904558 -0.00977466 -0.0105525 -0.0113735 -0.0122293 -0.0131076 -0.0139919 -0.0148607 -0.0156878 -0.0164422 -0.0170892 -0.0175909 -0.0179078 -0.018 -0.0178282 -0.0173558 -0.016551 -0.015389 -0.0138557 -0.0119493 -0.00968308 -0.00708622 -0.00420369 -0.00109575 0.0021632 0.00548686 0.00878056 0.0119465 0.0148902 0.0175256 0.0197783 0.0215869 0.022905 0.0237073 0.0239973 0.0238114 0.0232121 0.0222705 0.0210521 0.0196207 0.0180531 0.0164444 0.0148927 0.0134775 0.0122559 0.0112775 0.0105976 
0 0.00366619 0.00729528 0.0108702 0.0143907 0.0178482 0.0212053 0.0243963 0.0273424 0.0299569 0.0321401 0.0337801 0.0347744 0.0350572 0.0346053 0.0334204 0.031513 0.0289041 0.0256413 0.021811 0.0175358 0.0129574 0.00821782 0.00344776 -0.00123445 -0.00571897 -0.00990304 -0.0136946 -0.01702 -0.0198309 -0.0221073 -0.0238545 -0.0250971 -0.0258715 -0.0262205 -0.0261907 -0.0258312 -0.0251939 -0.0243324 -0.0233009 -0.0221511 -0.0209298 -0.0196769 -0.0184245 -0.0171967 -0.0160109 -0.014879 -0.0138091 -0.0128069 -0.0118756 -0.0110172 -0.0102321 -0.00951921 -0.00887589 -0.00829828 -0.00778147 -0.00731985 -0.00690755 -0.00653881 -0.00620821 -0.00591096 -0.00564291 -0.00540058 -0.00518111 -0.00498215 -0.00480171 -0.00463811 -0.00448985 -0.00435554 -0.0042339 -0.00412368 -0.00402373 -0.00393293 -0.00385027 -0.0037748 -0.00370569 -0.00364219 -0.00358366 -0.00352957 -0.00347945 -0.00343294 -0.00338973 -0.00334958 -0.00331228 -0.00327768 -0.00324564 -0.00321606 -0.00318886 -0.00316395 -0.00314126 -0.00312074 -0.00310234 -0.00308601 -0.0030717 -0.00305938 -0.00304901 -0.00304057 -0.00303403 -0.00302937 -0.00302659 -0.00302566 -0.00302659 -0.00302937 -0.00303403 -0.00304057 -0.00304901 -0.00305938 -0.0030717 -0.00308601 -0.00310234 -0.00312074 -0.00314126 -0.00316395 -0.00318886 -0.00321606 -0.00324564 -0.00327768 -0.00331228 -0.00334958 -0.00338973 -0.00343294 -0.00347945 -0.00352957 -0.00358366 -0.00364219 -0.00370569 -0.0037748 -0.00385027 -0.00393293 -0.00402373 -0.00412368 -0.0042339 -0.00435554 -0.00448985 -0.00463811 -0.00480171 -0.00498215 -0.00518111 -0.00540058 -0.00564291 -0.00591096 -0.00620821 -0.00653881 -0.00690755 -0.00731985 -0.00778147 -0.00829828 -0.00887589 -0.00951921 -0.0102321 -0.0110172 -0.0118756 -0.0128069 -0.0138091 -0.014879 -0.0160109 -0.0171967 -0.0184245 -0.0196769 -0.0209298 -0.0221511 -0.0233009 -0.0243324 -0.0251939 -0.0258312 -0.0261907 -0.0262205 -0.0258715 -0.0250971 -0.0238545 -0.0221073 -0.0198309 -0.01702 -0.0136946 -0.00990304 -0.00571897 -0.00123444 0.00344776 0.00821785 0.0129575 0.0175361 0.021812 0.0256438 0.0289106 0.0315287 0.0334554 0.0346789 0.0352031 0.035046 0.0342561 0.0329265 0.0311844 0.0291599 0.0269652 0.0247014 0.022478 0.0204186 0.0186446 0.017254 0.0163128 
0 0.00480823 0.00961162 0.0143907 0.0190999 0.0236684 0.0280189 0.0320852 0.035805 0.0390898 0.0418088 0.0438124 0.0449796 0.0452439 0.0445829 0.0429952 0.0404951 0.0371227 0.0329547 0.0281056 0.0227188 0.0169539 0.0109754 0.00494563 -0.00097928 -0.00665512 -0.0119552 -0.0167755 -0.0210373 -0.0246884 -0.0277014 -0.0300715 -0.0318143 -0.0329631 -0.0335655 -0.0336804 -0.0333729 -0.0327109 -0.0317611 -0.0305864 -0.0292447 -0.0277879 -0.0262621 -0.0247071 -0.0231573 -0.0216406 -0.0201794 -0.0187898 -0.0174829 -0.0162646 -0.0151372 -0.0140998 -0.0131495 -0.0122823 -0.0114932 -0.0107774 -0.0101297 -0.00954514 -0.00901888 -0.00854607 -0.00812193 -0.00774177 -0.00740103 -0.00709531 -0.00682052 -0.00657284 -0.00634888 -0.00614561 -0.00596045 -0.0057912 -0.00563601 -0.00549338 -0.00536203 -0.00524095 -0.00512924 -0.00502619 -0.00493114 -0.00484352 -0.00476281 -0.00468853 -0.00462024 -0.00455752 -0.00449999 -0.00444727 -0.00439905 -0.00435501 -0.00431488 -0.00427842 -0.0042454 -0.00421562 -0.00418892 -0.00416515 -0.00414419 -0.00412591 -0.00411024 -0.0040971 -0.00408643 -0.00407817 -0.0040723 -0.00406879 -0.00406762 -0.00406879 -0.0040723 -0.00407817 -0.00408643 -0.0040971 -0.00411024 -0.00412591 -0.00414419 -0.00416515 -0.00418892 -0.00421562 -0.0042454 -0.00427842 -0.00431488 -0.00435501 -0.00439905 -0.00444727 -0.00449999 -0.00455752 -0.00462024 -0.00468853 -0.00476281 -0.00484352 -0.00493114 -0.00502619 -0.00512924 -0.00524095 -0.00536203 -0.00549338 -0.00563601 -0.0057912 -0.00596045 -0.00614561 -0.00634888 -0.00657284 -0.00682052 -0.00709531 -0.00740103 -0.00774177 -0.00812193 -0.00854607 -0.00901888 -0.00954514 -0.0101297 -0.0107774 -0.0114932 -0.0122823 -0.0131495 -0.0140998 -0.0151372 -0.0162646 -0.0174829 -0.0187898 -0.0201794 -0.0216406 -0.0231573 -0.0247071 -0.0262621 -0.0277879 -0.0292447 -0.0305864 -0.0317611 -0.0327109 -0.0333729 -0.0336804 -0.0335655 -0.0329631 -0.0318143 -0.0300715 -0.0277014 -0.0246884 -0.0210373 -0.0167755 -0.0119552 -0.00665511 -0.000979273 0.00494566 0.0109755 0.0169542 0.0227196 0.0281078 0.0329605 0.0371368 0.0405271 0.0430634 0.0447194 0.0455015 0.0454371 0.0445794 0.0430248 0.0409206 0.0384389 0.0357355 0.0329382 0.0301736 0.0275948 0.0253699 0.0236387 0.0224811 
0 0.00594957 0.011911 0.0178482 0.0236684 0.0292563 0.0345164 0.0393787 0.043765 0.0475594 0.0506196 0.0528149 0.0540477 0.0542462 0.0533574 0.0513622 0.0482941 0.0442373 0.0393083 0.0336399 0.0273763 0.0206763 0.013716 0.00668454 -0.000231326 -0.00686367 -0.0130737 -0.0187543 -0.0238264 -0.0282336 -0.0319396 -0.0349283 -0.0372056 -0.0387995 -0.039758 -0.0401441 -0.0400293 -0.0394875 -0.0385911 -0.0374079 -0.0360006 -0.0344269 -0.0327394 -0.0309858 -0.0292084 -0.0274432 -0.0257197 -0.0240606 -0.022482 -0.020994 -0.0196023 -0.0183087 -0.0171124 -0.016011 -0.0150007 -0.0140774 -0.0132364 -0.0124726 -0.0117809 -0.0111558 -0.0105919 -0.0100838 -0.00962609 -0.00921358 -0.00884142 -0.00850513 -0.00820063 -0.00792429 -0.00767293 -0.00744375 -0.00723436 -0.0070427 -0.006867 -0.00670573 -0.00655756 -0.00642133 -0.00629602 -0.00618074 -0.00607465 -0.00597706 -0.00588729 -0.00580477 -0.00572895 -0.00565937 -0.00559559 -0.00553723 -0.00548394 -0.00543543 -0.00539143 -0.00535169 -0.00531601 -0.00528421 -0.00525614 -0.00523166 -0.00521066 -0.00519304 -0.00517873 -0.00516766 -0.00515978 -0.00515507 -0.0051535 -0.00515507 -0.00515978 -0.00516766 -0.00517873 -0.00519304 -0.00521066 -0.00523166 -0.00525614 -0.00528421 -0.00531601 -0.00535169 -0.00539143 -0.00543543 -0.00548394 -0.00553723 -0.00559559 -0.00565937 -0.00572895 -0.00580477 -0.00588729 -0.00597706 -0.00607465 -0.00618074 -0.00629602 -0.00642133 -0.00655756 -0.00670573 -0.006867 -0.0070427 -0.00723436 -0.00744375 -0.00767293 -0.00792429 -0.00820063 -0.00850513 -0.00884142 -0.00921358 -0.00962609 -0.0100838 -0.0105919 -0.0111558 -0.0117809 -0.0124726 -0.0132364 -0.0140774 -0.0150007 -0.016011 -0.0171124 -0.0183087 -0.0196023 -0.020994 -0.022482 -0.0240606 -0.0257197 -0.0274432 -0.0292084 -0.0309858 -0.0327394 -0.0344269 -0.0360006 -0.0374079 -0.0385911 -0.0394875 -0.0400293 -0.0401441 -0.039758 -0.0387995 -0.0372056 -0.0349283 -0.0319396 -0.0282336 -0.0238264 -0.0187543 -0.0130737 -0.00686367 -0.000231305 0.00668462 0.0137163 0.020677 0.0273783 0.0336451 0.0393209 0.0442661 0.0483561 0.0514877 0.0535966 0.0546758 0.0547757 0.053982 0.0523968 0.0501455 0.0473903 0.0443208 0.0411261 0.0379813 0.0350577 0.032527 0.0305407 0.0292029 
0 0.00710664 0.0141968 0.0212053 0.0280189 0.0345164 0.040594 0.0461497 0.0510591 0.0551856 0.0584139 0.0606588 0.061841 0.0618746 0.0606961 0.0583015 0.0547523 0.0501528 0.0446296 0.0383252 0.0313972 0.0240196 0.0163801 0.00866923 0.00106777 -0.00626059 -0.0131732 -0.0195512 -0.0253007 -0.0303538 -0.0346699 -0.0382341 -0.0410539 -0.0431554 -0.0445794 -0.0453774 -0.0456094 -0.0453418 -0.0446451 -0.0435914 -0.0422515 -0.0406921 -0.038974 -0.0371504 -0.0352668 -0.0333616 -0.0314664 -0.0296072 -0.0278055 -0.0260781 -0.024438 -0.0228943 -0.0214525 -0.0201149 -0.0188806 -0.0177467 -0.0167083 -0.0157596 -0.014894 -0.0141051 -0.0133864 -0.012732 -0.0121365 -0.0115949 -0.0111026 -0.0106555 -0.0102497 -0.00988157 -0.00954769 -0.00924483 -0.00896998 -0.00872028 -0.00849314 -0.00828614 -0.00809715 -0.00792422 -0.00776567 -0.00762002 -0.00748599 -0.00736251 -0.00724861 -0.00714354 -0.0070466 -0.00695723 -0.00687494 -0.0067993 -0.00672996 -0.00666659 -0.00660892 -0.00655669 -0.00650969 -0.00646773 -0.00643063 -0.00639824 -0.00637043 -0.00634709 -0.00632812 -0.00631345 -0.00630301 -0.00629676 -0.00629469 -0.00629676 -0.00630301 -0.00631345 -0.00632812 -0.00634709 -0.00637043 -0.00639824 -0.00643063 -0.00646773 -0.00650969 -0.00655669 -0.00660892 -0.00666659 -0.00672996 -0.0067993 -0.00687494 -0.00695723 -0.0070466 -0.00714354 -0.00724861 -0.00736251 -0.00748599 -0.00762002 -0.00776567 -0.00792422 -0.00809715 -0.00828614 -0.00849314 -0.00872028 -0.00896998 -0.00924483 -0.00954769 -0.00988157 -0.0102497 -0.0106555 -0.0111026 -0.0115949 -0.0121365 -0.012732 -0.0133864 -0.0141051 -0.014894 -0.0157596 -0.0167083 -0.0177467 -0.0188806 -0.0201149 -0.0214525 -0.0228943 -0.024438 -0.0260781 -0.0278055 -0.0296072 -0.0314664 -0.0333616 -0.0352668 -0.0371504 -0.038974 -0.0406921 -0.0422515 -0.0435914 -0.0446451 -0.0453418 -0.0456094 -0.0453774 -0.0445794 -0.0431554 -0.0410539 -0.0382341 -0.0346699 -0.0303538 -0.0253007 -0.0195512 -0.0131732 -0.00626057 0.00106784 0.00866943 0.0163807 0.0240213 0.0314017 0.0383363 0.0446553 0.0502085 0.0548662 0.0585209 0.0610943 0.0625565 0.0629454 0.062357 0.0609076 0.0587106 0.0559013 0.0526727 0.049267 0.0459232 0.0428352 0.0401555 0.0380203 0.0365587 
0 0.0082542 0.0164187 0.0243963 0.0320852 0.0393787 0.0461497 0.052243 0.0575006 0.0618039 0.0650779 0.0672545 0.0682498 0.0679936 0.0664689 0.0637124 0.0597908 0.0547938 0.0488442 0.0420999 0.0347424 0.0269622 0.0189437 0.0108566 0.00285881 -0.00489842 -0.0122732 -0.0191398 -0.0253959 -0.0309691 -0.0358176 -0.0399249 -0.0432937 -0.0459414 -0.047896 -0.0491957 -0.0498889 -0.0500329 -0.0496922 -0.0489357 -0.0478326 -0.0464494 -0.044848 -0.0430842 -0.0412074 -0.0392608 -0.0372822 -0.0353041 -0.0333541 -0.0314551 -0.0296253 -0.0278785 -0.0262246 -0.0246695 -0.0232159 -0.0218642 -0.0206124 -0.0194572 -0.0183943 -0.0174187 -0.0165251 -0.0157079 -0.0149617 -0.0142809 -0.0136604 -0.0130951 -0.0125803 -0.0121114 -0.0116843 -0.011295 -0.01094 -0.0106161 -0.0103203 -0.0100499 -0.00980257 -0.00957607 -0.00936855 -0.00917826 -0.00900371 -0.00884353 -0.00869654 -0.00856165 -0.00843792 -0.00832453 -0.00822072 -0.00812584 -0.0080393 -0.0079606 -0.00788927 -0.00782493 -0.00776721 -0.00771582 -0.00767049 -0.007631 -0.00759713 -0.00756876 -0.0075457 -0.0075279 -0.00751522 -0.00750765 -0.00750513 -0.00750765 -0.00751522 -0.0075279 -0.0075457 -0.00756876 -0.00759713 -0.007631 -0.00767049 -0.00771582 -0.00776721 -0.00782493 -0.00788927 -0.0079606 -0.0080393 -0.00812584 -0.00822072 -0.00832453 -0.00843792 -0.00856165 -0.00869654 -0.00884353 -0.00900371 -0.00917826 -0.00936855 -0.00957607 -0.00980257 -0.0100499 -0.0103203 -0.0106161 -0.01094 -0.011295 -0.0116843 -0.0121114 -0.0125803 -0.0130951 -0.0136604 -0.0142809 -0.0149617 -0.0157079 -0.0165251 -0.0174187 -0.0183943 -0.0194572 -0.0206124 -0.0218642 -0.0232159 -0.0246695 -0.0262246 -0.0278785 -0.0296253 -0.0314551 -0.0333541 -0.0353041 -0.0372822 -0.0392608 -0.0412074 -0.0430842 -0.044848 -0.0464494 -0.0478326 -0.0489357 -0.0496922 -0.0500329 -0.0498889 -0.0491957 -0.047896 -0.0459414 -0.0432937 -0.0399249 -0.0358176 -0.0309691 -0.0253959 -0.0191398 -0.0122732 -0.00489837 0.00285899 0.0108571 0.0189452 0.0269661 0.034752 0.0421224 0.0488936 0.0548959 0.0599897 0.0640775 0.0671011 0.0690285 0.0698568 0.0696354 0.0684693 0.0664922 0.0638498 0.0607259 0.0573631 0.0540264 0.0509369 0.048249 0.0460901 0.0446 
0 0.00932953 0.0184865 0.0273424 0.035805 0.043765 0.0510591 0.0575006 0.0629433 0.0673023 0.0705115 0.0724912 0.0731768 0.0725613 0.0706865 0.0676052 0.0633776 0.0580975 0.0519015 0.0449549 0.0374355 0.029521 0.021378 0.0131631 0.00502693 -0.00288892 -0.0104588 -0.0175747 -0.0241478 -0.0301107 -0.0354131 -0.040022 -0.0439228 -0.0471176 -0.0496245 -0.0514757 -0.0527131 -0.0533849 -0.0535438 -0.0532441 -0.0525417 -0.0514939 -0.0501578 -0.0485901 -0.0468454 -0.0449741 -0.0430218 -0.0410277 -0.0390248 -0.03704 -0.0350946 -0.0332057 -0.0313864 -0.029647 -0.0279952 -0.0264363 -0.0249738 -0.023609 -0.0223414 -0.0211692 -0.0200887 -0.0190956 -0.0181846 -0.0173499 -0.0165857 -0.0158862 -0.015246 -0.0146597 -0.0141226 -0.0136305 -0.0131795 -0.012766 -0.0123869 -0.0120394 -0.011721 -0.0114291 -0.0111618 -0.0109169 -0.0106928 -0.0104876 -0.0103 -0.0101283 -0.00997152 -0.00982831 -0.00969771 -0.00957874 -0.00947061 -0.00937256 -0.00928395 -0.00920421 -0.00913283 -0.0090694 -0.00901353 -0.00896493 -0.00892329 -0.00888843 -0.00886013 -0.00883829 -0.00882274 -0.00881347 -0.00881036 -0.00881347 -0.00882274 -0.00883829 -0.00886013 -0.00888843 -0.00892329 -0.00896493 -0.00901353 -0.0090694 -0.00913283 -0.00920421 -0.00928395 -0.00937256 -0.00947061 -0.00957874 -0.00969771 -0.00982831 -0.00997152 -0.0101283 -0.0103 -0.0104876 -0.0106928 -0.0109169 -0.0111618 -0.0114291 -0.011721 -0.0120394 -0.0123869 -0.012766 -0.0131795 -0.0136305 -0.0141226 -0.0146597 -0.015246 -0.0158862 -0.0165857 -0.0173499 -0.0181846 -0.0190956 -0.0200887 -0.0211692 -0.0223414 -0.023609 -0.0249738 -0.0264363 -0.0279952 -0.029647 -0.0313864 -0.0332057 -0.0350946 -0.03704 -0.0390248 -0.0410277 -0.0430218 -0.0449741 -0.0468454 -0.0485901 -0.0501578 -0.0514939 -0.0525417 -0.0532441 -0.0535438 -0.0533849 -0.0527131 -0.0514757 -0.0496245 -0.0471176 -0.0439228 -0.040022 -0.0354131 -0.0301107 -0.0241478 -0.0175746 -0.0104588 -0.00288878 0.00502737 0.0131643 0.0213813 0.0295292 0.037455 0.0449981 0.051992 0.0582758 0.0637089 0.0681855 0.0716471 0.074069 0.0754319 0.0757295 0.0750169 0.0734338 0.0711682 0.0684144 0.0653761 0.0622796 0.0593522 0.0567862 0.0547347 0.053332 
0 0.0102652 0.0203065 0.0299569 0.0390898 0.0475594 0.0551856 0.0618039 0.0673023 0.0715982 0.0746076 0.0762702 0.0765906 0.0756212 0.0734152 0.0700259 0.065544 0.0601024 0.0538471 0.0469228 0.0394778 0.0316622 0.0236271 0.0155251 0.00749849 -0.000333529 -0.00787244 -0.0150341 -0.0217464 -0.0279446 -0.0335713 -0.0385833 -0.042954 -0.0466731 -0.0497471 -0.0521945 -0.0540413 -0.0553202 -0.0560683 -0.0563265 -0.0561405 -0.0555593 -0.0546344 -0.0534186 -0.0519635 -0.0503188 -0.0485305 -0.0466404 -0.0446858 -0.0426996 -0.0407098 -0.0387409 -0.0368128 -0.0349418 -0.0331409 -0.0314193 -0.0297841 -0.0282392 -0.0267867 -0.0254269 -0.0241584 -0.022979 -0.0218855 -0.0208742 -0.019941 -0.0190812 -0.0182905 -0.0175641 -0.0168974 -0.016286 -0.0157255 -0.0152117 -0.0147408 -0.0143093 -0.0139135 -0.0135506 -0.0132177 -0.0129122 -0.0126319 -0.0123746 -0.0121386 -0.0119221 -0.0117236 -0.0115419 -0.0113758 -0.0112241 -0.0110859 -0.0109605 -0.010847 -0.0107448 -0.0106533 -0.0105719 -0.0105003 -0.010438 -0.0103846 -0.0103399 -0.0103037 -0.0102757 -0.0102559 -0.010244 -0.01024 -0.010244 -0.0102559 -0.0102757 -0.0103037 -0.0103399 -0.0103846 -0.010438 -0.0105003 -0.0105719 -0.0106533 -0.0107448 -0.010847 -0.0109605 -0.0110859 -0.0112241 -0.0113758 -0.0115419 -0.0117236 -0.0119221 -0.0121386 -0.0123746 -0.0126319 -0.0129122 -0.0132177 -0.0135506 -0.0139135 -0.0143093 -0.0147408 -0.0152117 -0.0157255 -0.016286 -0.0168974 -0.0175641 -0.0182905 -0.0190812 -0.019941 -0.0208742 -0.0218855 -0.022979 -0.0241584 -0.0254269 -0.0267867 -0.0282392 -0.0297841 -0.0314193 -0.0331409 -0.0349418 -0.0368128 -0.0387409 -0.0407098 -0.0426996 -0.0446858 -0.0466404 -0.0485305 -0.0503188 -0.0519635 -0.0534186 -0.0546344 -0.0555593 -0.0561405 -0.0563265 -0.0560683 -0.0553202 -0.0540413 -0.0521945 -0.0497471 -0.0466731 -0.042954 -0.0385833 -0.0335713 -0.0279446 -0.0217463 -0.015034 -0.00787232 -0.000333173 0.00749951 0.0155279 0.0236341 0.0316788 0.0395152 0.0470021 0.0540052 0.0603998 0.0660713 0.0709094 0.0748176 0.0777405 0.0796607 0.0805716 0.0804921 0.0795231 0.0778548 0.0756982 0.0732284 0.0706083 0.068037 0.0657427 0.0639237 0.0627068 
0 0.0110216 0.0218083 0.0321401 0.0418088 0.0506196 0.0584139 0.0650779 0.0705115 0.0746076 0.0772935 0.0785809 0.0785396 0.0772306 0.0747045 0.0710547 0.0664247 0.0609606 0.0547906 0.0480426 0.0408492 0.0333404 0.0256473 0.0178964 0.0101942 0.0026311 -0.00470844 -0.0117501 -0.0184291 -0.0246869 -0.0304759 -0.0357604 -0.0405106 -0.0447045 -0.048329 -0.0513772 -0.0538528 -0.0557711 -0.0571554 -0.058038 -0.0584569 -0.0584519 -0.0580654 -0.0573397 -0.0563168 -0.0550399 -0.0535515 -0.0518935 -0.0501072 -0.0482307 -0.0462996 -0.0443447 -0.0423924 -0.0404648 -0.0385792 -0.0367492 -0.0349853 -0.0332947 -0.0316833 -0.0301543 -0.0287101 -0.0273515 -0.0260783 -0.0248896 -0.023783 -0.0227561 -0.0218053 -0.0209269 -0.0201167 -0.0193702 -0.0186834 -0.0180515 -0.0174707 -0.0169366 -0.0164457 -0.0159945 -0.0155796 -0.0151983 -0.0148477 -0.0145257 -0.0142298 -0.0139583 -0.0137092 -0.0134811 -0.0132724 -0.013082 -0.0129086 -0.0127511 -0.0126088 -0.0124806 -0.0123659 -0.0122639 -0.0121742 -0.0120962 -0.0120295 -0.0119735 -0.0119283 -0.0118933 -0.0118685 -0.0118536 -0.0118487 -0.0118536 -0.0118685 -0.0118933 -0.0119283 -0.0119735 -0.0120295 -0.0120962 -0.0121742 -0.0122639 -0.0123659 -0.0124806 -0.0126088 -0.0127511 -0.0129086 -0.013082 -0.0132724 -0.0134811 -0.0137092 -0.0139583 -0.0142298 -0.0145257 -0.0148477 -0.0151983 -0.0155796 -0.0159945 -0.0164457 -0.0169366 -0.0174707 -0.0180515 -0.0186834 -0.0193702 -0.0201167 -0.0209269 -0.0218053 -0.0227561 -0.023783 -0.0248896 -0.0260783 -0.0273515 -0.0287101 -0.0301543 -0.0316833 -0.0332947 -0.0349853 -0.0367492 -0.0385792 -0.0404648 -0.0423924 -0.0443447 -0.0462996 -0.0482307 -0.0501072 -0.0518935 -0.0535515 -0.0550399 -0.0563168 -0.0573397 -0.0580654 -0.0584519 -0.0584569 -0.058038 -0.0571554 -0.0557711 -0.0538528 -0.0513772 -0.048329 -0.0447045 -0.0405106 -0.0357604 -0.0304759 -0.0246869 -0.0184291 -0.01175 -0.00470816 0.00263194 0.0101964 0.0179022 0.0256614 0.0333724 0.0409178 0.0481812 0.0550544 0.0614347 0.0672293 0.0723475 0.07668 0.0801202 0.0826194 0.0841948 0.0848862 0.0847537 0.083919 0.0825586 0.0808405 0.0789026 0.0769063 0.0750689 0.0736022 0.0726323 
0 0.01159 0.0229427 0.0337801 0.0438124 0.0528149 0.0606588 0.0672545 0.0724912 0.0762702 0.0785809 0.079496 0.0790942 0.0774407 0.0746402 0.0708462 0.0662029 0.060827 0.054844 0.0483933 0.0415997 0.0345704 0.0274031 0.0201763 0.0129578 0.00582242 -0.00115598 -0.0079165 -0.0144046 -0.0205752 -0.0263948 -0.0318293 -0.0368434 -0.0414069 -0.0454909 -0.0490731 -0.052144 -0.0547016 -0.0567529 -0.0583144 -0.0594057 -0.0600528 -0.0602863 -0.0601382 -0.0596459 -0.0588481 -0.0577839 -0.0564945 -0.0550186 -0.0533937 -0.0516558 -0.0498367 -0.0479667 -0.0460719 -0.0441756 -0.0422985 -0.040457 -0.0386654 -0.0369348 -0.0352732 -0.033687 -0.0321795 -0.0307533 -0.0294083 -0.0281441 -0.0269592 -0.0258511 -0.0248175 -0.0238548 -0.0229603 -0.0221301 -0.021361 -0.0206496 -0.0199921 -0.0193855 -0.0188261 -0.0183111 -0.017837 -0.0174012 -0.0170009 -0.0166335 -0.0162966 -0.0159879 -0.0157056 -0.0154476 -0.0152126 -0.0149985 -0.0148046 -0.0146291 -0.0144714 -0.0143301 -0.0142047 -0.0140943 -0.0139983 -0.0139161 -0.0138474 -0.0137916 -0.0137486 -0.013718 -0.0136997 -0.0136936 -0.0136997 -0.013718 -0.0137486 -0.0137916 -0.0138474 -0.0139161 -0.0139983 -0.0140943 -0.0142047 -0.0143301 -0.0144714 -0.0146291 -0.0148046 -0.0149985 -0.0152126 -0.0154476 -0.0157056 -0.0159879 -0.0162966 -0.0166335 -0.0170009 -0.0174012 -0.017837 -0.0183111 -0.0188261 -0.0193855 -0.0199921 -0.0206496 -0.021361 -0.0221301 -0.0229603 -0.0238548 -0.0248175 -0.0258511 -0.0269592 -0.0281441 -0.0294083 -0.0307533 -0.0321795 -0.033687 -0.0352732 -0.0369348 -0.0386654 -0.040457 -0.0422985 -0.0441756 -0.0460719 -0.0479667 -0.0498367 -0.0516558 -0.0533937 -0.0550186 -0.0564945 -0.0577839 -0.0588481 -0.0596459 -0.0601382 -0.0602863 -0.0600528 -0.0594057 -0.0583144 -0.0567529 -0.0547016 -0.052144 -0.0490731 -0.0454909 -0.0414069 -0.0368434 -0.0318293 -0.0263948 -0.0205751 -0.0144045 -0.00791628 -0.00115531 0.00582427 0.0129625 0.020188 0.02743 0.034629 0.0417196 0.0486249 0.0552657 0.0615524 0.0673836 0.0726722 0.0773392 0.0812844 0.0844175 0.0867296 0.0882835 0.0891387 0.0893375 0.0889624 0.0881533 0.0870659 0.0858491 0.084662 0.0836678 0.0829901 
0 0.0119664 0.0236638 0.0347744 0.0449796 0.0540477 0.061841 0.0682498 0.0731768 0.0765906 0.0785396 0.0790942 0.0783281 0.0763696 0.0734017 0.0695817 0.0650155 0.0598209 0.0541463 0.0481206 0.0418405 0.0353921 0.0288425 0.0222379 0.01563 0.00907329 0.00260577 -0.00373613 -0.00991117 -0.0158852 -0.0216215 -0.0270769 -0.0322171 -0.037011 -0.0414271 -0.0454427 -0.049037 -0.0521892 -0.0548881 -0.0571268 -0.0589052 -0.0602363 -0.0611372 -0.061633 -0.0617552 -0.0615345 -0.0610058 -0.0602035 -0.0591601 -0.057911 -0.0564886 -0.0549255 -0.0532544 -0.051504 -0.0497036 -0.0478779 -0.0460491 -0.0442369 -0.0424562 -0.0407207 -0.0390397 -0.0374208 -0.0358698 -0.0343895 -0.0329832 -0.0316508 -0.0303932 -0.0292093 -0.0280976 -0.0270568 -0.0260839 -0.025177 -0.0243326 -0.0235483 -0.0228205 -0.0221462 -0.0215226 -0.020946 -0.0204141 -0.0199234 -0.0194719 -0.0190562 -0.0186748 -0.0183248 -0.0180045 -0.017712 -0.0174454 -0.0172034 -0.0169844 -0.0167873 -0.0166106 -0.0164539 -0.0163157 -0.0161957 -0.0160928 -0.0160069 -0.015937 -0.0158833 -0.0158448 -0.0158221 -0.0158144 -0.0158221 -0.0158448 -0.0158833 -0.015937 -0.0160069 -0.0160928 -0.0161957 -0.0163157 -0.0164539 -0.0166106 -0.0167873 -0.0169844 -0.0172034 -0.0174454 -0.017712 -0.0180045 -0.0183248 -0.0186748 -0.0190562 -0.0194719 -0.0199234 -0.0204141 -0.020946 -0.0215226 -0.0221462 -0.0228205 -0.0235483 -0.0243326 -0.025177 -0.0260839 -0.0270568 -0.0280976 -0.0292093 -0.0303932 -0.0316508 -0.0329832 -0.0343895 -0.0358698 -0.0374208 -0.0390397 -0.0407207 -0.0424562 -0.0442369 -0.0460491 -0.0478779 -0.0497036 -0.051504 -0.0532544 -0.0549255 -0.0564886 -0.057911 -0.0591601 -0.0602035 -0.0610058 -0.0615345 -0.0617552 -0.061633 -0.0611372 -0.0602363 -0.0589052 -0.0571268 -0.0548881 -0.0521892 -0.049037 -0.0454427 -0.0414271 -0.037011 -0.0322171 -0.0270769 -0.0216215 -0.0158852 -0.00991099 -0.0037356 0.00260725 0.00907718 0.0156396 0.0222603 0.0288919 0.0354947 0.0420414 0.0484917 0.0547935 0.0608889 0.0666885 0.0720828 0.0769973 0.0813856 0.0851803 0.0883223 0.090825 0.0927405 0.0940825 0.0948494 0.0951146 0.0950322 0.0947515 0.0943685 0.0939633 0.0936418 
0 0.0121268 0.0239213 0.0350572 0.0452439 0.0542462 0.0618746 0.0679936 0.0725613 0.0756212 0.0772306 0.0774407 0.0763696 0.0742221 0.0711919 0.0674061 0.0629899 0.0581003 0.0528625 0.0473534 0.0416517 0.0358347 0.0299486 0.0240317 0.0181216 0.0122291 0.00635767 0.000531617 -0.00522399 -0.0108822 -0.0164009 -0.0217446 -0.0268859 -0.0317886 -0.0364216 -0.0407565 -0.0447567 -0.0483942 -0.0516464 -0.0544913 -0.0569207 -0.058932 -0.0605261 -0.0617161 -0.0625158 -0.0629444 -0.0630287 -0.062794 -0.0622721 -0.0614955 -0.0604951 -0.0593057 -0.0579571 -0.0564797 -0.0549026 -0.0532498 -0.0515472 -0.049815 -0.048073 -0.046339 -0.0446265 -0.0429501 -0.0413188 -0.0397419 -0.0382258 -0.0367745 -0.0353923 -0.0340793 -0.0328375 -0.0316652 -0.0305619 -0.0295258 -0.0285541 -0.0276454 -0.0267958 -0.0260041 -0.0252661 -0.0245803 -0.0239433 -0.0233527 -0.0228062 -0.022301 -0.0218355 -0.0214065 -0.0210131 -0.0206523 -0.0203234 -0.0200236 -0.0197525 -0.0195076 -0.0192885 -0.0190934 -0.0189218 -0.0187722 -0.0186444 -0.0185372 -0.0184505 -0.0183833 -0.0183357 -0.0183072 -0.0182978 -0.0183072 -0.0183357 -0.0183833 -0.0184505 -0.0185372 -0.0186444 -0.0187722 -0.0189218 -0.0190934 -0.0192885 -0.0195076 -0.0197525 -0.0200236 -0.0203234 -0.0206523 -0.0210131 -0.0214065 -0.0218355 -0.022301 -0.0228062 -0.0233527 -0.0239433 -0.0245803 -0.0252661 -0.0260041 -0.0267958 -0.0276454 -0.0285541 -0.0295258 -0.0305619 -0.0316652 -0.0328375 -0.0340793 -0.0353923 -0.0367745 -0.0382258 -0.0397419 -0.0413188 -0.0429501 -0.0446265 -0.046339 -0.048073 -0.049815 -0.0515472 -0.0532498 -0.0549026 -0.0564797 -0.0579571 -0.0593057 -0.0604951 -0.0614955 -0.0622721 -0.062794 -0.0630287 -0.0629444 -0.0625158 -0.0617161 -0.0605261 -0.058932 -0.0569207 -0.0544913 -0.0516464 -0.0483942 -0.0447567 -0.0407565 -0.0364216 -0.0317886 -0.0268859 -0.0217446 -0.0164008 -0.0108821 -0.00522357 0.000532789 0.00636078 0.0122369 0.0181401 0.0240728 0.0300352 0.0360068 0.0419744 0.0479246 0.0538188 0.0596189 0.0652883 0.0707448 0.0758876 0.0806747 0.0850982 0.0891067 0.092631 0.0956509 0.0981702 0.100172 0.101665 0.102738 0.103503 0.104016 0.104299 0.104422 
0 0.0120304 0.0236706 0.0346053 0.0445829 0.0533574 0.0606961 0.0664689 0.0706865 0.0734152 0.0747045 0.0746402 0.0734017 0.0711919 0.0681658 0.064481 0.0603289 0.0558506 0.0511059 0.0461572 0.0410884 0.0359475 0.0307612 0.0255637 0.0203609 0.0151366 0.00989962 0.00466167 -0.000578644 -0.00580225 -0.0109838 -0.0161074 -0.0211372 -0.0260305 -0.0307555 -0.0352693 -0.0395334 -0.0435236 -0.0472073 -0.0505602 -0.053566 -0.0562015 -0.0584569 -0.0603274 -0.0618093 -0.0629151 -0.0636578 -0.064056 -0.0641379 -0.0639263 -0.0634513 -0.0627422 -0.0618246 -0.0607301 -0.059483 -0.0581111 -0.0566405 -0.0550928 -0.0534935 -0.0518605 -0.0502137 -0.0485696 -0.0469407 -0.0453416 -0.0437792 -0.0422638 -0.0408003 -0.0393934 -0.0380475 -0.0367627 -0.0355426 -0.0343851 -0.0332921 -0.0322612 -0.0312917 -0.0303821 -0.0295298 -0.028734 -0.0279908 -0.0272999 -0.0266568 -0.0260615 -0.0255098 -0.025001 -0.024532 -0.0241014 -0.0237073 -0.0233475 -0.0230211 -0.0227257 -0.0224611 -0.0222246 -0.0220168 -0.0218348 -0.0216797 -0.0215488 -0.0214434 -0.0213611 -0.0213035 -0.0212682 -0.0212571 -0.0212682 -0.0213035 -0.0213611 -0.0214434 -0.0215488 -0.0216797 -0.0218348 -0.0220168 -0.0222246 -0.0224611 -0.0227257 -0.0230211 -0.0233475 -0.0237073 -0.0241014 -0.024532 -0.025001 -0.0255098 -0.0260615 -0.0266568 -0.0272999 -0.0279908 -0.028734 -0.0295298 -0.0303821 -0.0312917 -0.0322612 -0.0332921 -0.0343851 -0.0355426 -0.0367627 -0.0380475 -0.0393934 -0.0408003 -0.0422638 -0.0437792 -0.0453416 -0.0469407 -0.0485696 -0.0502137 -0.0518605 -0.0534935 -0.0550928 -0.0566405 -0.0581111 -0.059483 -0.0607301 -0.0618246 -0.0627422 -0.0634513 -0.0639263 -0.0641379 -0.064056 -0.0636578 -0.0629151 -0.0618093 -0.0603274 -0.0584569 -0.0562015 -0.053566 -0.0505602 -0.0472073 -0.0435236 -0.0395334 -0.0352693 -0.0307555 -0.0260305 -0.0211372 -0.0161074 -0.0109837 -0.00580193 -0.000577729 0.00466413 0.00990585 0.0151516 0.0203948 0.025636 0.0309069 0.0362249 0.041587 0.0470046 0.0524711 0.0579443 0.063405 0.0688467 0.0742054 0.0794019 0.0844197 0.0892475 0.0937944 0.0979475 0.101662 0.104936 0.107752 0.110096 0.111985 0.113443 0.114483 0.11513 
0 0.0116451 0.0228883 0.0334204 0.0429952 0.0513622 0.0583015 0.0637124 0.0676052 0.0700259 0.0710547 0.0708462 0.0695817 0.0674061 0.064481 0.0610311 0.0572434 0.0531983 0.0489595 0.0446206 0.0402269 0.0357786 0.0313001 0.0268068 0.0222785 0.0177181 0.0131375 0.00851296 0.00383275 -0.000891048 -0.00566144 -0.0104613 -0.0152476 -0.0199949 -0.0246679 -0.0292195 -0.0336234 -0.0378428 -0.0418359 -0.0455794 -0.0490384 -0.0521846 -0.055006 -0.0574808 -0.0596035 -0.0613747 -0.0627899 -0.0638627 -0.0646024 -0.0650224 -0.065148 -0.064996 -0.064595 -0.0639717 -0.0631498 -0.0621617 -0.0610283 -0.0597775 -0.0584324 -0.0570117 -0.0555395 -0.0540287 -0.0524991 -0.0509636 -0.0494341 -0.0479246 -0.0464408 -0.0449953 -0.0435911 -0.0422361 -0.0409336 -0.039686 -0.0384976 -0.037366 -0.0362957 -0.0352825 -0.034329 -0.0334315 -0.0325901 -0.0318027 -0.0310669 -0.0303823 -0.0297447 -0.029155 -0.028608 -0.0281056 -0.0276422 -0.0272198 -0.0268335 -0.0264849 -0.0261699 -0.0258896 -0.025641 -0.0254246 -0.0252384 -0.0250824 -0.0249555 -0.0248574 -0.0247876 -0.0247458 -0.0247319 -0.0247458 -0.0247876 -0.0248574 -0.0249555 -0.0250824 -0.0252384 -0.0254246 -0.025641 -0.0258896 -0.0261699 -0.0264849 -0.0268335 -0.0272198 -0.0276422 -0.0281056 -0.028608 -0.029155 -0.0297447 -0.0303823 -0.0310669 -0.0318027 -0.0325901 -0.0334315 -0.034329 -0.0352825 -0.0362957 -0.037366 -0.0384976 -0.039686 -0.0409336 -0.0422361 -0.0435911 -0.0449953 -0.0464408 -0.0479246 -0.0494341 -0.0509636 -0.0524991 -0.0540287 -0.0555395 -0.0570117 -0.0584324 -0.0597775 -0.0610283 -0.0621617 -0.0631498 -0.0639717 -0.064595 -0.064996 -0.065148 -0.0650224 -0.0646024 -0.0638627 -0.0627899 -0.0613747 -0.0596035 -0.0574808 -0.055006 -0.0521846 -0.0490384 -0.0455794 -0.0418359 -0.0378428 -0.0336234 -0.0292195 -0.0246679 -0.0199949 -0.0152476 -0.0104612 -0.0056612 -0.000890345 0.00383466 0.00851787 0.0131495 0.0177455 0.022338 0.0269286 0.0315357 0.0362088 0.0409697 0.0458355 0.0508492 0.0560092 0.0612731 0.0666482 0.0721588 0.0777553 0.0833621 0.0889435 0.0944352 0.0997013 0.10463 0.10919 0.113348 0.117005 0.120066 0.122505 0.124334 0.125537 
0 0.0109699 0.0215798 0.031513 0.0404951 0.0482941 0.0547523 0.0597908 0.0633776 0.065544 0.0664247 0.0662029 0.0650155 0.0629899 0.0603289 0.0572434 0.0538535 0.0502533 0.0465694 0.042865 0.0391193 0.0353392 0.03155 0.027728 0.0238609 0.0199658 0.0160146 0.0119741 0.00785547 0.00365001 -0.000654293 -0.00502838 -0.00946115 -0.013945 -0.0184349 -0.0229023 -0.0273168 -0.0316214 -0.0357851 -0.0397745 -0.0435448 -0.0470805 -0.0503538 -0.0533376 -0.0560264 -0.0583967 -0.0604413 -0.0621616 -0.0635486 -0.0646178 -0.0653769 -0.0658384 -0.0660291 -0.0659611 -0.0656631 -0.0651573 -0.0644631 -0.0636113 -0.0626164 -0.0615067 -0.0603007 -0.0590164 -0.0576777 -0.0562945 -0.0548892 -0.0534706 -0.0520534 -0.050649 -0.049263 -0.0479089 -0.0465865 -0.0453074 -0.0440708 -0.0428831 -0.0417456 -0.0406587 -0.0396268 -0.0386454 -0.0377204 -0.0368453 -0.0360253 -0.0352543 -0.0345354 -0.0338643 -0.0332416 -0.0326652 -0.0321332 -0.0316459 -0.0311992 -0.0307952 -0.0304288 -0.0301032 -0.0298124 -0.0295607 -0.0293418 -0.0291604 -0.0290105 -0.0288968 -0.0288136 -0.0287659 -0.0287483 -0.0287659 -0.0288136 -0.0288968 -0.0290105 -0.0291604 -0.0293418 -0.0295607 -0.0298124 -0.0301032 -0.0304288 -0.0307952 -0.0311992 -0.0316459 -0.0321332 -0.0326652 -0.0332416 -0.0338643 -0.0345354 -0.0352543 -0.0360253 -0.0368453 -0.0377204 -0.0386454 -0.0396268 -0.0406587 -0.0417456 -0.0428831 -0.0440708 -0.0453074 -0.0465865 -0.0479089 -0.049263 -0.050649 -0.0520534 -0.0534706 -0.0548892 -0.0562945 -0.0576777 -0.0590164 -0.0603007 -0.0615067 -0.0626164 -0.0636113 -0.0644631 -0.0651573 -0.0656631 -0.0659611 -0.0660291 -0.0658384 -0.0653769 -0.0646178 -0.0635486 -0.0621616 -0.0604413 -0.0583967 -0.0560264 -0.0533376 -0.0503538 -0.0470805 -0.0435448 -0.0397745 -0.0357851 -0.0316214 -0.0273168 -0.0229023 -0.0184349 -0.013945 -0.00946109 -0.0050282 -0.000653761 0.00365148 0.00785929 0.0119835 0.0160365 0.0200142 0.0239614 0.0279256 0.0319168 0.035983 0.0401892 0.0445541 0.0491157 0.0539444 0.059043 0.0643811 0.069996 0.0759194 0.082079 0.0883683 0.0947139 0.101019 0.107146 0.112985 0.118445 0.123378 0.127614 0.131056 0.133674 0.135409 
0 0.0100341 0.0197755 0.0289041 0.0371227 0.0442373 0.0501528 0.0547938 0.0580975 0.0601024 0.0609606 0.060827 0.0598209 0.0581003 0.0558506 0.0531983 0.0502533 0.0471771 0.044079 0.0409525 0.0378005 0.0346652 0.0315238 0.0283352 0.0251127 0.0218355 0.0184538 0.01498 0.011417 0.00772854 0.00392607 1.84805e-05 -0.00401632 -0.0081488 -0.012348 -0.0166069 -0.020874 -0.0251123 -0.0293033 -0.033392 -0.0373502 -0.0411533 -0.0447515 -0.0481308 -0.0512643 -0.054122 -0.0567055 -0.0589921 -0.0609787 -0.0626718 -0.0640592 -0.0651594 -0.0659748 -0.0665144 -0.0668032 -0.0668454 -0.0666713 -0.066297 -0.0657416 -0.0650356 -0.0641889 -0.0632332 -0.0621807 -0.0610516 -0.0598664 -0.0586323 -0.0573737 -0.0560926 -0.0548084 -0.0535264 -0.0522558 -0.0510077 -0.0497818 -0.0485927 -0.0474352 -0.0463224 -0.0452496 -0.0442245 -0.0432461 -0.0423154 -0.041436 -0.040603 -0.0398231 -0.0390881 -0.038406 -0.0377673 -0.0371797 -0.0366344 -0.0361376 -0.0356819 -0.0352719 -0.0349022 -0.0345753 -0.034288 -0.0340411 -0.0338332 -0.0336637 -0.0335328 -0.033439 -0.0333834 -0.0333644 -0.0333834 -0.033439 -0.0335328 -0.0336637 -0.0338332 -0.0340411 -0.034288 -0.0345753 -0.0349022 -0.0352719 -0.0356819 -0.0361376 -0.0366344 -0.0371797 -0.0377673 -0.038406 -0.0390881 -0.0398231 -0.040603 -0.041436 -0.0423154 -0.0432461 -0.0442245 -0.0452496 -0.0463224 -0.0474352 -0.0485927 -0.0497818 -0.0510077 -0.0522558 -0.0535264 -0.0548084 -0.0560926 -0.0573737 -0.0586323 -0.0598664 -0.0610516 -0.0621807 -0.0632332 -0.0641889 -0.0650356 -0.0657416 -0.066297 -0.0666713 -0.0668454 -0.0668032 -0.0665144 -0.0659748 -0.0651594 -0.0640592 -0.0626718 -0.0609787 -0.0589921 -0.0567055 -0.054122 -0.0512643 -0.0481308 -0.0447515 -0.0411533 -0.0373502 -0.033392 -0.0293033 -0.0251123 -0.020874 -0.0166069 -0.012348 -0.00814875 -0.00401619 1.88773e-05 0.00392718 0.00773147 0.0114243 0.0149973 0.0184926 0.0219174 0.0252764 0.0286442 0.0320752 0.035597 0.039295 0.043238 0.0474326 0.0519377 0.0568478 0.0621771 0.0679151 0.0741008 0.080721 0.0876564 0.0947896 0.102043 0.109295 0.116357 0.12304 0.129158 0.134518 0.138946 0.142318 0.144525 
0 0.00887971 0.0175245 0.0256413 0.0329547 0.0393083 0.0446296 0.0488442 0.0519015 0.0538471 0.0547906 0.054844 0.0541463 0.0528625 0.0511059 0.0489595 0.0465694 0.044079 0.0415242 0.0389285 0.0363632 0.0338257 0.0312523 0.0286466 0.0260067 0.0232713 0.0204384 0.0175264 0.0144832 0.011297 0.00799163 0.00453392 0.000929739 -0.00278184 -0.00661756 -0.0105555 -0.0145526 -0.0186129 -0.0226913 -0.0267409 -0.0307508 -0.0346619 -0.0384428 -0.042079 -0.0455189 -0.0487567 -0.0517719 -0.0545323 -0.0570467 -0.0592875 -0.0612522 -0.0629482 -0.0643577 -0.0655049 -0.0663866 -0.0670139 -0.0674121 -0.0675789 -0.0675489 -0.0673285 -0.0669382 -0.0664038 -0.0657295 -0.0649502 -0.0640681 -0.0631099 -0.0620882 -0.0610133 -0.0599092 -0.0587738 -0.0576335 -0.0564843 -0.0553449 -0.0542179 -0.0531094 -0.0520302 -0.0509756 -0.0499619 -0.0489782 -0.0480412 -0.0471399 -0.0462869 -0.0454749 -0.0447099 -0.0439904 -0.0433157 -0.0426894 -0.0421054 -0.0415715 -0.0410776 -0.0406342 -0.0402291 -0.0398743 -0.0395564 -0.039288 -0.0390557 -0.038872 -0.0387238 -0.0386236 -0.0385585 -0.038541 -0.0385585 -0.0386236 -0.0387238 -0.038872 -0.0390557 -0.039288 -0.0395564 -0.0398743 -0.0402291 -0.0406342 -0.0410776 -0.0415715 -0.0421054 -0.0426894 -0.0433157 -0.0439904 -0.0447099 -0.0454749 -0.0462869 -0.0471399 -0.0480412 -0.0489782 -0.0499619 -0.0509756 -0.0520302 -0.0531094 -0.0542179 -0.0553449 -0.0564843 -0.0576335 -0.0587738 -0.0599092 -0.0610133 -0.0620882 -0.0631099 -0.0640681 -0.0649502 -0.0657295 -0.0664038 -0.0669382 -0.0673285 -0.0675489 -0.0675789 -0.0674121 -0.0670139 -0.0663866 -0.0655049 -0.0643577 -0.0629482 -0.0612522 -0.0592875 -0.0570467 -0.0545323 -0.0517719 -0.0487567 -0.0455189 -0.042079 -0.0384428 -0.0346619 -0.0307508 -0.0267409 -0.0226913 -0.0186129 -0.0145526 -0.0105555 -0.00661752 -0.00278175 0.000930031 0.00453475 0.00799384 0.0113026 0.0144967 0.017557 0.0205042 0.0234051 0.0262637 0.0291133 0.0320546 0.0351339 0.0383946 0.0419493 0.0458588 0.0501321 0.0548602 0.0601541 0.0660264 0.0724607 0.0794562 0.0869449 0.0947998 0.102918 0.111174 0.119337 0.127128 0.134315 0.140693 0.146026 0.15008 0.152695 
