0 0 0 0 0 0 0 0 0 0 0 0 0 0 0 0 0 0 0 0 0 0 0 0 0 0 0 0 0 0 0 0 0 0 0 0 0 0 0 0 0 0 0 0 0 0 0 0 0 0 0 0 0 0 0 0 0 0 0 0 0 0 0 0 0 0 0 0 0 0 0 0 0 0 0 0 0 0 0 0 0 0 0 0 0 0 0 0 0 0 0 0 0 0 0 0 0 0 0 0 0 0 0 0 0 0 0 0 0 0 0 0 0 0 0 0 0 0 0 0 0 0 0 0 0 0 0 0 0 0 0 0 0 0 0 0 0 0 0 0 0 0 0 0 0 0 0 0 0 0 0 0 0 0 0 0 0 0 0 0 0 0 0 0 0 0 0 0 0 0 0 0 0 0 0 0 0 0 0 0 0 0 0 0 0 0 0 0 0 0 0 0 0 0 0 0 0 0 0 0 
0 1.25405e-05 2.9745e-05 5.66656e-05 9.88183e-05 0.000161731 0.000249988 0.000366188 0.000510607 0.00068244 0.000882853 0.00111878 0.00140512 0.00176279 0.00221211 0.00276422 0.00341554 0.00414961 0.00494579 0.00578919 0.00667489 0.00760306 0.00856819 0.00954998 0.0105119 0.0114081 0.0121946 0.0128375 0.0133154 0.0136155 0.0137275 0.0136401 0.0133405 0.0128189 0.0120737 0.0111149 0.00996463 0.00865473 0.007222 0.00570391 0.00413547 0.00254805 0.000969638 -0.000574124 -0.00205911 -0.0034625 -0.0047634 -0.00594393 -0.00699046 -0.0078945 -0.00865306 -0.00926825 -0.00974651 -0.0100974 -0.0103325 -0.0104641 -0.0105047 -0.010466 -0.0103593 -0.0101948 -0.00998207 -0.00972995 -0.00944667 -0.00913994 -0.00881686 -0.00848394 -0.008147 -0.00781114 -0.00748067 -0.00715912 -0.00684925 -0.00655309 -0.00627201 -0.00600682 -0.00575787 -0.00552512 -0.00530826 -0.00510677 -0.00492 -0.00474722 -0.00458767 -0.00444058 -0.00430521 -0.00418085 -0.00406684 -0.00396256 -0.00386744 -0.00378097 -0.00370268 -0.00363213 -0.00356895 -0.00351279 -0.00346335 -0.00342034 -0.00338354 -0.00335274 -0.00332777 -0.0033085 -0.0032948 -0.00328662 -0.0032839 -0.00328662 -0.0032948 -0.0033085 -0.00332777 -0.00335274 -0.00338354 -0.00342034 -0.00346335 -0.00351279 -0.00356895 -0.00363213 -0.00370268 -0.00378097 -0.00386744 -0.00396256 -0.00406684 -0.00418085 -0.00430521 -0.00444058 -0.00458767 -0.00474722 -0.00492 -0.00510677 -0.00530826 -0.00552512 -0.00575787 -0.00600682 -0.00627201 -0.00655309 -0.00684925 -0.00715912 -0.00748067 -0.00781114 -0.008147 -0.00848394 -0.00881686 -0.00913994 -0.00944667 -0.00972995 -0.00998207 -0.0101948 -0.0103593 -0.010466 -0.0105047 -0.0104641 -0.0103325 -0.0100974 -0.00974651 -0.00926825 -0.00865306 -0.0078945 -0.00699046 -0.00594393 -0.0047634 -0.0034625 -0.00205911 -0.000574124 0.000969638 0.00254805 0.00413547 0.00570391 0.007222 0.00865473 0.00996463 0.0111149 0.0120737 0.0128189 0.0133405 0.0136401 0.0137275 0.0136155 0.0133154 0.0128375 0.0121946 0.0114081 0.0105119 0.00954998 0.00856819 0.00760306 0.00667489 0.00578919 0.00494579 0.00414961 0.00341554 0.00276422 0.00221211 0.00176279 0.00140512 0.00111878 0.000882852 0.000682439 0.000510605 0.000366186 0.000249992 0.000161761 9.89467e-05 5.71018e-05 3.10351e-05 1.59797e-05 
0 2.9745e-05 6.92946e-05 0.000128901 0.000219166 0.000350116 0.000529693 0.000762545 0.00105046 0.00139536 0.00180446 0.00229509 0.00289555 0.00363963 0.00455595 0.00565743 0.00693728 0.00837416 0.00994291 0.0116231 0.0133994 0.0152539 0.0171562 0.0190582 0.0208968 0.0226018 0.0241054 0.0253481 0.0262803 0.0268612 0.0270576 0.0268438 0.0262038 0.0251343 0.0236468 0.0217678 0.0195379 0.0170084 0.0142387 0.0112923 0.00823421 0.00512891 0.00203807 -0.000980865 -0.00387622 -0.00660325 -0.00912512 -0.0114134 -0.0134485 -0.0152188 -0.0167206 -0.0179571 -0.0189371 -0.0196743 -0.0201859 -0.0204916 -0.0206129 -0.0205719 -0.020391 -0.0200919 -0.0196955 -0.0192211 -0.0186865 -0.0181078 -0.0174991 -0.0168727 -0.016239 -0.0156067 -0.0149832 -0.0143742 -0.0137842 -0.0132167 -0.0126741 -0.0121583 -0.0116701 -0.0112101 -0.0107783 -0.0103744 -0.00999784 -0.00964778 -0.00932328 -0.0090233 -0.00874672 -0.00849241 -0.00825923 -0.00804606 -0.00785183 -0.00767551 -0.00751613 -0.00737278 -0.00724465 -0.00713096 -0.00703104 -0.00694428 -0.00687015 -0.00680819 -0.00675801 -0.00671931 -0.00669184 -0.00667542 -0.00666996 -0.00667542 -0.00669184 -0.00671931 -0.00675801 -0.00680819 -0.00687015 -0.00694428 -0.00703104 -0.00713096 -0.00724465 -0.00737278 -0.00751613 -0.00767551 -0.00785183 -0.00804606 -0.00825923 -0.00849241 -0.00874672 -0.0090233 -0.00932328 -0.00964778 -0.00999784 -0.0103744 -0.0107783 -0.0112101 -0.0116701 -0.0121583 -0.0126741 -0.0132167 -0.0137842 -0.0143742 -0.0149832 -0.0156067 -0.016239 -0.0168727 -0.0174991 -0.0181078 -0.0186865 -0.0192211 -0.0196955 -0.0200919 -0.020391 -0.0205719 -0.0206129 -0.0204916 -0.0201859 -0.0196743 -0.0189371 -0.0179571 -0.0167206 -0.0152188 -0.0134485 -0.0114134 -0.00912512 -0.00660325 -0.00387622 -0.000980865 0.00203807 0.00512891 0.00823421 0.0112923 0.0142387 0.0170084 0.0195379 0.0217678 0.0236468 0.0251343 0.0262038 0.0268438 0.0270576 0.0268612 0.0262803 0.0253481 0.0241054 0.0226018 0.0208968 0.0190582 0.0171562 0.0152539 0.0133994 0.0116231 0.00994291 0.00837416 0.00693728 0.00565743 0.00455595 0.00363963 0.00289555 0.00229509 0.00180446 0.00139536 0.00105046 0.000762548 0.000529722 0.000350251 0.000219637 0.000130331 7.32039e-05 3.95361e-05 
0 5.66656e-05 0.000128901 0.000232197 0.000381354 0.00058925 0.000865687 0.00121752 0.00165121 0.00217747 0.00281605 0.00359707 0.00455671 0.00572833 0.00713358 0.00877893 0.0106589 0.0127621 0.0150734 0.0175702 0.0202158 0.022956 0.0257219 0.0284378 0.0310266 0.0334117 0.0355155 0.0372574 0.0385571 0.0393415 0.039553 0.0391565 0.0381416 0.0365203 0.0343228 0.0315928 0.0283849 0.0247636 0.0208032 0.0165868 0.0122047 0.00775026 0.00331498 -0.00101598 -0.00516781 -0.00907843 -0.0126992 -0.0159945 -0.0189405 -0.0215233 -0.0237381 -0.0255875 -0.0270809 -0.0282335 -0.0290656 -0.0296021 -0.0298708 -0.029902 -0.0297266 -0.0293759 -0.0288798 -0.0282663 -0.0275612 -0.0267876 -0.0259655 -0.0251124 -0.024243 -0.0233696 -0.0225024 -0.0216496 -0.0208179 -0.0200126 -0.0192376 -0.018496 -0.0177898 -0.0171206 -0.0164889 -0.0158951 -0.0153388 -0.0148194 -0.0143362 -0.0138879 -0.0134732 -0.013091 -0.0127396 -0.0124177 -0.0121239 -0.0118567 -0.0116148 -0.0113969 -0.011202 -0.0110288 -0.0108765 -0.0107442 -0.010631 -0.0105364 -0.0104597 -0.0104006 -0.0103586 -0.0103335 -0.0103251 -0.0103335 -0.0103586 -0.0104006 -0.0104597 -0.0105364 -0.010631 -0.0107442 -0.0108765 -0.0110288 -0.011202 -0.0113969 -0.0116148 -0.0118567 -0.0121239 -0.0124177 -0.0127396 -0.013091 -0.0134732 -0.0138879 -0.0143362 -0.0148194 -0.0153388 -0.0158951 -0.0164889 -0.0171206 -0.0177898 -0.018496 -0.0192376 -0.0200126 -0.0208179 -0.0216496 -0.0225024 -0.0233696 -0.024243 -0.0251124 -0.0259655 -0.0267876 -0.0275612 -0.0282663 -0.0288798 -0.0293759 -0.0297266 -0.029902 -0.0298708 -0.0296021 -0.0290656 -0.0282335 -0.0270809 -0.0255875 -0.0237381 -0.0215233 -0.0189405 -0.0159945 -0.0126992 -0.00907843 -0.00516781 -0.00101598 0.00331498 0.00775026 0.0122047 0.0165868 0.0208032 0.0247636 0.0283849 0.0315928 0.0343228 0.0365203 0.0381416 0.0391565 0.039553 0.0393415 0.0385571 0.0372574 0.0355155 0.0334117 0.0310266 0.0284378 0.0257219 0.022956 0.0202158 0.0175702 0.0150734 0.0127621 0.0106589 0.00877893 0.00713358 0.00572833 0.00455671 0.00359707 0.00281605 0.00217747 0.00165121 0.00121755 0.000865821 0.000589721 0.000382787 0.00023614 0.000138855 7.99432e-05 
0 9.88183e-05 0.000219166 0.000381354 0.00060319 0.000899077 0.00128054 0.00175907 0.00235095 0.00308157 0.00398594 0.00510322 0.00646729 0.00809929 0.0100075 0.0121942 0.0146624 0.0174144 0.0204402 0.0237041 0.0271402 0.03066 0.0341672 0.0375689 0.0407771 0.0437036 0.0462544 0.0483299 0.049832 0.0506758 0.050799 0.0501672 0.0487741 0.0466375 0.0437955 0.040303 0.0362297 0.0316588 0.0266851 0.0214126 0.01595 0.0104066 0.00488748 -0.000510506 -0.0057013 -0.0106116 -0.0151818 -0.0193656 -0.0231304 -0.0264561 -0.0293339 -0.031766 -0.0337633 -0.0353447 -0.036535 -0.0373639 -0.0378639 -0.0380696 -0.038016 -0.037738 -0.0372691 -0.0366413 -0.0358843 -0.0350256 -0.0340898 -0.033099 -0.0320728 -0.0310279 -0.0299788 -0.0289374 -0.0279137 -0.0269158 -0.02595 -0.0250209 -0.0241321 -0.0232859 -0.0224838 -0.0217265 -0.0210139 -0.0203458 -0.0197213 -0.0191393 -0.0185985 -0.0180976 -0.0176351 -0.0172095 -0.0168192 -0.0164629 -0.016139 -0.0158462 -0.0155832 -0.0153489 -0.0151423 -0.0149622 -0.0148079 -0.0146786 -0.0145737 -0.0144926 -0.014435 -0.0144005 -0.0143891 -0.0144005 -0.014435 -0.0144926 -0.0145737 -0.0146786 -0.0148079 -0.0149622 -0.0151423 -0.0153489 -0.0155832 -0.0158462 -0.016139 -0.0164629 -0.0168192 -0.0172095 -0.0176351 -0.0180976 -0.0185985 -0.0191393 -0.0197213 -0.0203458 -0.0210139 -0.0217265 -0.0224838 -0.0232859 -0.0241321 -0.0250209 -0.02595 -0.0269158 -0.0279137 -0.0289374 -0.0299788 -0.0310279 -0.0320728 -0.033099 -0.0340898 -0.0350256 -0.0358843 -0.0366413 -0.0372691 -0.037738 -0.038016 -0.0380696 -0.0378639 -0.0373639 -0.036535 -0.0353447 -0.0337633 -0.031766 -0.0293339 -0.0264561 -0.0231304 -0.0193656 -0.0151818 -0.0106116 -0.0057013 -0.000510506 0.00488748 0.0104066 0.01595 0.0214126 0.0266851 0.0316588 0.0362297 0.040303 0.0437955 0.0466375 0.0487741 0.0501672 0.050799 0.0506758 0.049832 0.0483299 0.0462544 0.0437036 0.0407771 0.0375689 0.0341672 0.03066 0.0271402 0.0237041 0.0204402 0.0174144 0.0146624 0.0121942 0.0100075 0.00809929 0.00646729 0.00510322 0.00398594 0.00308157 0.00235098 0.00175921 0.001281 0.000900488 0.00060708 0.000391217 0.000242352 0.000149604 
0 0.000161731 0.000350116 0.00058925 0.000899077 0.00129588 0.00179561 0.00241942 0.00319851 0.00417438 0.00539217 0.00688959 0.00868867 0.0107968 0.0132164 0.0159546 0.019022 0.0224186 0.0261172 0.030057 0.0341506 0.038298 0.0423963 0.0463405 0.050021 0.0533225 0.0561289 0.0583322 0.0598403 0.0605817 0.0605065 0.0595856 0.0578114 0.0551989 0.051788 0.0476436 0.0428527 0.0375195 0.0317586 0.0256885 0.0194265 0.0130852 0.00677042 0.000580459 -0.00539525 -0.0110773 -0.0163979 -0.0213025 -0.0257506 -0.0297164 -0.033188 -0.0361661 -0.0386623 -0.0406965 -0.0422949 -0.0434881 -0.0443094 -0.0447937 -0.0449761 -0.0448919 -0.0445753 -0.0440598 -0.043377 -0.0425571 -0.0416278 -0.0406149 -0.0395413 -0.0384277 -0.037292 -0.0361495 -0.0350132 -0.0338938 -0.0328 -0.0317387 -0.0307151 -0.029733 -0.0287953 -0.0279038 -0.0270594 -0.0262625 -0.0255131 -0.0248107 -0.0241544 -0.0235433 -0.0229762 -0.0224518 -0.021969 -0.0215262 -0.0211223 -0.0207559 -0.0204259 -0.0201309 -0.0198701 -0.0196423 -0.0194468 -0.0192827 -0.0191493 -0.0190461 -0.0189728 -0.0189289 -0.0189143 -0.0189289 -0.0189728 -0.0190461 -0.0191493 -0.0192827 -0.0194468 -0.0196423 -0.0198701 -0.0201309 -0.0204259 -0.0207559 -0.0211223 -0.0215262 -0.021969 -0.0224518 -0.0229762 -0.0235433 -0.0241544 -0.0248107 -0.0255131 -0.0262625 -0.0270594 -0.0279038 -0.0287953 -0.029733 -0.0307151 -0.0317387 -0.0328 -0.0338938 -0.0350132 -0.0361495 -0.037292 -0.0384277 -0.0395413 -0.0406149 -0.0416278 -0.0425571 -0.043377 -0.0440598 -0.0445753 -0.0448919 -0.0449761 -0.0447937 -0.0443094 -0.0434881 -0.0422949 -0.0406965 -0.0386623 -0.0361661 -0.033188 -0.0297164 -0.0257506 -0.0213025 -0.0163979 -0.0110773 -0.00539525 0.000580459 0.00677042 0.0130852 0.0194265 0.0256885 0.0317586 0.0375195 0.0428527 0.0476436 0.051788 0.0551989 0.0578114 0.0595856 0.0605065 0.0605817 0.0598403 0.0583322 0.0561289 0.0533225 0.050021 0.0463405 0.0423963 0.038298 0.0341506 0.030057 0.0261172 0.0224186 0.019022 0.0159546 0.0132164 0.0107968 0.00868867 0.00688959 0.00539218 0.00417441 0.00319864 0.00241986 0.00179698 0.00129966 0.000908704 0.000611999 0.00040022 0.000264894 
0 0.000249988 0.000529693 0.000865687 0.00128054 0.00179561 0.00243687 0.00324052 0.00425378 0.00552788 0.00710607 0.00901435 0.0112625 0.013855 0.0168011 0.0201132 0.0237917 0.0278088 0.032105 0.0365996 0.041203 0.0458202 0.0503445 0.054652 0.0586057 0.0620682 0.0649168 0.0670517 0.068398 0.0689007 0.0685218 0.0672394 0.0650523 0.0619839 0.0580849 0.0534318 0.048122 0.0422664 0.0359831 0.0293916 0.0226092 0.015749 0.00891754 0.00221389 -0.00427227 -0.0104623 -0.0162899 -0.0217021 -0.0266595 -0.0311359 -0.035117 -0.0385997 -0.0415899 -0.0441019 -0.046156 -0.0477781 -0.0489976 -0.0498472 -0.0503608 -0.0505736 -0.0505204 -0.0502354 -0.0497516 -0.0490998 -0.0483092 -0.0474063 -0.0464153 -0.045358 -0.0442538 -0.0431198 -0.0419708 -0.0408197 -0.0396775 -0.0385534 -0.0374551 -0.0363888 -0.0353595 -0.0343711 -0.0334265 -0.0325278 -0.0316763 -0.0308728 -0.0301177 -0.0294106 -0.0287513 -0.028139 -0.0275729 -0.0270519 -0.0265751 -0.0261413 -0.0257494 -0.0253985 -0.0250874 -0.0248153 -0.0245813 -0.0243846 -0.0242246 -0.0241007 -0.0240125 -0.0239597 -0.0239422 -0.0239597 -0.0240125 -0.0241007 -0.0242246 -0.0243846 -0.0245813 -0.0248153 -0.0250874 -0.0253985 -0.0257494 -0.0261413 -0.0265751 -0.0270519 -0.0275729 -0.028139 -0.0287513 -0.0294106 -0.0301177 -0.0308728 -0.0316763 -0.0325278 -0.0334265 -0.0343711 -0.0353595 -0.0363888 -0.0374551 -0.0385534 -0.0396775 -0.0408197 -0.0419708 -0.0431198 -0.0442538 -0.045358 -0.0464153 -0.0474063 -0.0483092 -0.0490998 -0.0497516 -0.0502354 -0.0505204 -0.0505736 -0.0503608 -0.0498472 -0.0489976 -0.0477781 -0.046156 -0.0441019 -0.0415899 -0.0385997 -0.035117 -0.0311359 -0.0266595 -0.0217021 -0.0162899 -0.0104623 -0.00427227 0.00221389 0.00891754 0.015749 0.0226092 0.0293916 0.0359831 0.0422664 0.048122 0.0534318 0.0580849 0.0619839 0.0650523 0.0672394 0.0685218 0.0689007 0.068398 0.0670517 0.0649168 0.0620682 0.0586057 0.054652 0.0503445 0.0458202 0.041203 0.0365996 0.032105 0.0278088 0.0237917 0.0201132 0.0168011 0.013855 0.0112625 0.00901435 0.0071061 0.00552801 0.00425421 0.00324183 0.00244049 0.00180487 0.00130255 0.000914456 0.000630735 0.000446086 
0 0.000366188 0.000762545 0.00121752 0.00175907 0.00241942 0.00324052 0.00427523 0.00558039 0.00720446 0.00917786 0.0115143 0.0142226 0.0173169 0.0208131 0.0247108 0.0289771 0.0335467 0.0383379 0.0432671 0.0482481 0.0531799 0.0579378 0.0623796 0.0663607 0.0697503 0.0724397 0.0743422 0.0753907 0.0755367 0.0747526 0.0730349 0.0704063 0.0669142 0.0626258 0.0576241 0.052003 0.0458645 0.039317 0.0324729 0.0254461 0.0183481 0.0112841 0.00434964 -0.0023721 -0.00881096 -0.0149097 -0.0206229 -0.0259157 -0.0307626 -0.0351467 -0.039059 -0.0424983 -0.0454704 -0.0479882 -0.0500704 -0.0517409 -0.0530273 -0.0539601 -0.0545711 -0.0548927 -0.0549569 -0.0547946 -0.0544354 -0.0539073 -0.0532361 -0.0524461 -0.0515593 -0.0505961 -0.0495749 -0.0485124 -0.0474234 -0.0463211 -0.045217 -0.0441212 -0.0430424 -0.0419876 -0.0409629 -0.0399733 -0.0390226 -0.0381138 -0.0372492 -0.0364304 -0.0356584 -0.0349338 -0.0342569 -0.0336276 -0.0330455 -0.0325103 -0.0320213 -0.0315778 -0.0311793 -0.030825 -0.0305142 -0.0302462 -0.0300206 -0.0298367 -0.0296941 -0.0295926 -0.0295317 -0.0295114 -0.0295317 -0.0295926 -0.0296941 -0.0298367 -0.0300206 -0.0302462 -0.0305142 -0.030825 -0.0311793 -0.0315778 -0.0320213 -0.0325103 -0.0330455 -0.0336276 -0.0342569 -0.0349338 -0.0356584 -0.0364304 -0.0372492 -0.0381138 -0.0390226 -0.0399733 -0.0409629 -0.0419876 -0.0430424 -0.0441212 -0.045217 -0.0463211 -0.0474234 -0.0485124 -0.0495749 -0.0505961 -0.0515593 -0.0524461 -0.0532361 -0.0539073 -0.0544354 -0.0547946 -0.0549569 -0.0548927 -0.0545711 -0.0539601 -0.0530273 -0.0517409 -0.0500704 -0.0479882 -0.0454704 -0.0424983 -0.039059 -0.0351467 -0.0307626 -0.0259157 -0.0206229 -0.0149097 -0.00881096 -0.0023721 0.00434964 0.0112841 0.0183481 0.0254461 0.0324729 0.039317 0.0458645 0.052003 0.0576241 0.0626258 0.0669142 0.0704063 0.0730349 0.0747526 0.0755367 0.0753907 0.0743422 0.0724397 0.0697503 0.0663607 0.0623796 0.0579378 0.0531799 0.0482481 0.0432671 0.0383379 0.0335467 0.0289771 0.0247108 0.0208131 0.0173169 0.0142226 0.0115143 0.00917797 0.00720486 0.00558161 0.00427864 0.0032493 0.00244041 0.00180591 0.00131524 0.000953495 0.000716242 
0 0.000510607 0.00105046 0.00165121 0.00235095 0.00319851 0.00425378 0.00558039 0.00723262 0.00924539 0.0116361 0.0144175 0.0176094 0.0212327 0.0252895 0.0297439 0.0345255 0.0395491 0.0447312 0.0499862 0.0552109 0.060278 0.0650462 0.0693778 0.0731503 0.0762578 0.0786078 0.0801205 0.0807338 0.0804111 0.0791472 0.0769673 0.073921 0.0700747 0.0655045 0.0602927 0.0545278 0.0483041 0.0417212 0.0348821 0.0278893 0.0208409 0.0138274 0.00692944 0.00021702 -0.00625003 -0.0124215 -0.0182558 -0.0237195 -0.0287869 -0.0334396 -0.0376666 -0.0414633 -0.0448317 -0.0477791 -0.0503176 -0.0524633 -0.0542354 -0.0556558 -0.0567481 -0.0575373 -0.058049 -0.0583095 -0.0583449 -0.058181 -0.0578427 -0.0573541 -0.0567379 -0.0560153 -0.0552062 -0.0543286 -0.053399 -0.052432 -0.0514409 -0.0504374 -0.0494315 -0.0484322 -0.0474471 -0.0464827 -0.0455446 -0.0446374 -0.0437648 -0.0429301 -0.0421357 -0.0413836 -0.0406752 -0.0400118 -0.0393939 -0.0388222 -0.038297 -0.0378182 -0.037386 -0.0370001 -0.0366605 -0.0363667 -0.0361187 -0.0359162 -0.0357589 -0.0356467 -0.0355794 -0.035557 -0.0355794 -0.0356467 -0.0357589 -0.0359162 -0.0361187 -0.0363667 -0.0366605 -0.0370001 -0.037386 -0.0378182 -0.038297 -0.0388222 -0.0393939 -0.0400118 -0.0406752 -0.0413836 -0.0421357 -0.0429301 -0.0437648 -0.0446374 -0.0455446 -0.0464827 -0.0474471 -0.0484322 -0.0494315 -0.0504374 -0.0514409 -0.052432 -0.053399 -0.0543286 -0.0552062 -0.0560153 -0.0567379 -0.0573541 -0.0578427 -0.058181 -0.0583449 -0.0583095 -0.058049 -0.0575373 -0.0567481 -0.0556558 -0.0542354 -0.0524633 -0.0503176 -0.0477791 -0.0448317 -0.0414633 -0.0376666 -0.0334396 -0.0287869 -0.0237195 -0.0182558 -0.0124215 -0.00625003 0.00021702 0.00692944 0.0138274 0.0208409 0.0278893 0.0348821 0.0417212 0.0483041 0.0545278 0.0602927 0.0655045 0.0700747 0.073921 0.0769673 0.0791472 0.0804111 0.0807338 0.0801205 0.0786078 0.0762578 0.0731503 0.0693778 0.0650462 0.060278 0.0552109 0.0499862 0.0447312 0.0395491 0.0345255 0.0297439 0.0252895 0.0212328 0.0176094 0.0144176 0.0116364 0.00924652 0.00723578 0.00558858 0.00427352 0.00324288 0.00244425 0.00183493 0.00138978 0.00109945 
0 0.00068244 0.00139536 0.00217747 0.00308157 0.00417438 0.00552788 0.00720446 0.00924539 0.0116724 0.0145019 0.017758 0.0214665 0.0256324 0.0302197 0.0351557 0.0403545 0.0457332 0.0512041 0.0566562 0.0619523 0.0669471 0.0715088 0.0755258 0.0789012 0.0815459 0.0833794 0.0843382 0.0843852 0.0835151 0.0817515 0.0791399 0.0757408 0.0716248 0.0668707 0.0615643 0.0557964 0.0496599 0.0432459 0.0366405 0.0299235 0.0231675 0.0164391 0.00979939 0.0033046 -0.00299431 -0.00905231 -0.0148311 -0.0202997 -0.0254345 -0.0302187 -0.0346415 -0.0386973 -0.042384 -0.0457034 -0.0486598 -0.05126 -0.0535137 -0.0554328 -0.0570319 -0.0583276 -0.0593388 -0.0600857 -0.0605898 -0.0608733 -0.0609583 -0.0608669 -0.0606204 -0.0602394 -0.0597431 -0.0591498 -0.0584763 -0.057738 -0.0569492 -0.0561227 -0.0552703 -0.0544023 -0.0535282 -0.0526562 -0.0517935 -0.0509467 -0.0501213 -0.049322 -0.0485528 -0.0478174 -0.0471184 -0.0464584 -0.0458392 -0.0452624 -0.0447292 -0.0442406 -0.0437974 -0.0434 -0.0430488 -0.0427442 -0.0424863 -0.0422751 -0.0421109 -0.0419936 -0.0419232 -0.0418997 -0.0419232 -0.0419936 -0.0421109 -0.0422751 -0.0424863 -0.0427442 -0.0430488 -0.0434 -0.0437974 -0.0442406 -0.0447292 -0.0452624 -0.0458392 -0.0464584 -0.0471184 -0.0478174 -0.0485528 -0.049322 -0.0501213 -0.0509467 -0.0517935 -0.0526562 -0.0535282 -0.0544023 -0.0552703 -0.0561227 -0.0569492 -0.057738 -0.0584763 -0.0591498 -0.0597431 -0.0602394 -0.0606204 -0.0608669 -0.0609583 -0.0608733 -0.0605898 -0.0600857 -0.0593388 -0.0583276 -0.0570319 -0.0554328 -0.0535137 -0.05126 -0.0486598 -0.0457034 -0.042384 -0.0386973 -0.0346415 -0.0302187 -0.0254345 -0.0202997 -0.0148311 -0.00905231 -0.00299431 0.0033046 0.00979939 0.0164391 0.0231675 0.0299235 0.0366405 0.0432459 0.0496599 0.0557964 0.0615643 0.0668707 0.0716248 0.0757408 0.0791399 0.0817515 0.0835151 0.0843852 0.0843382 0.0833794 0.0815459 0.0789012 0.0755258 0.0715088 0.0669471 0.0619523 0.0566562 0.0512041 0.0457332 0.0403545 0.0351557 0.0302197 0.0256324 0.0214666 0.0177583 0.014503 0.0116753 0.00925293 0.00722276 0.00556937 0.00426234 0.00325622 0.00250272 0.00196427 0.00161944 
0 0.000882853 0.00180446 0.00281605 0.00398594 0.00539217 0.00710607 0.00917786 0.0116361 0.0145019 0.0178037 0.0215716 0.0258137 0.0304944 0.0355398 0.0408646 0.0463881 0.0520222 0.0576487 0.0631198 0.0682843 0.0730119 0.0771952 0.0807395 0.0835565 0.0855704 0.0867281 0.087006 0.0864101 0.0849675 0.0827199 0.0797197 0.0760302 0.0717263 0.0668928 0.06162 0.0559976 0.0501088 0.0440276 0.0378183 0.0315372 0.0252352 0.0189594 0.0127539 0.00665977 0.000714316 -0.00504953 -0.0106035 -0.0159236 -0.0209902 -0.0257867 -0.0302997 -0.0345182 -0.038434 -0.0420413 -0.0453372 -0.0483216 -0.0509973 -0.0533697 -0.0554466 -0.0572384 -0.058757 -0.0600162 -0.0610309 -0.061817 -0.0623913 -0.0627708 -0.0629729 -0.0630151 -0.0629147 -0.0626886 -0.0623531 -0.0619239 -0.0614159 -0.0608432 -0.0602188 -0.0595546 -0.0588617 -0.05815 -0.0574286 -0.0567055 -0.0559877 -0.0552815 -0.0545926 -0.0539255 -0.0532846 -0.0526734 -0.0520948 -0.0515515 -0.0510457 -0.0505793 -0.0501536 -0.0497701 -0.0494296 -0.0491332 -0.0488813 -0.0486746 -0.0485135 -0.0483982 -0.0483289 -0.0483058 -0.0483289 -0.0483982 -0.0485135 -0.0486746 -0.0488813 -0.0491332 -0.0494296 -0.0497701 -0.0501536 -0.0505793 -0.0510457 -0.0515515 -0.0520948 -0.0526734 -0.0532846 -0.0539255 -0.0545926 -0.0552815 -0.0559877 -0.0567055 -0.0574286 -0.05815 -0.0588617 -0.0595546 -0.0602188 -0.0608432 -0.0614159 -0.0619239 -0.0623531 -0.0626886 -0.0629147 -0.0630151 -0.0629729 -0.0627708 -0.0623913 -0.061817 -0.0610309 -0.0600162 -0.058757 -0.0572384 -0.0554466 -0.0533697 -0.0509973 -0.0483216 -0.0453372 -0.0420413 -0.038434 -0.0345182 -0.0302997 -0.0257867 -0.0209902 -0.0159236 -0.0106035 -0.00504953 0.000714316 0.00665977 0.0127539 0.0189594 0.0252352 0.0315372 0.0378183 0.0440276 0.0501088 0.0559976 0.06162 0.0668928 0.0717263 0.0760302 0.0797197 0.0827199 0.0849675 0.0864101 0.087006 0.0867281 0.0855704 0.0835565 0.0807395 0.0771952 0.0730119 0.0682843 0.0631198 0.0576487 0.0520222 0.0463881 0.0408646 0.0355398 0.0304945 0.025814 0.0215725 0.0178063 0.0145088 0.0116528 0.00921612 0.00718792 0.0055562 0.00429418 0.00335997 0.00270781 0.00230007 
0 0.00111878 0.00229509 0.00359707 0.00510322 0.00688959 0.00901435 0.0115143 0.0144175 0.017758 0.0215716 0.0258707 0.0306212 0.035748 0.0411655 0.0467951 0.0525487 0.0583028 0.0639017 0.0691903 0.0740404 0.0783457 0.0820061 0.0849276 0.087036 0.0882895 0.0886811 0.0882315 0.0869779 0.0849663 0.082251 0.0788972 0.0749809 0.0705857 0.0657968 0.060695 0.0553527 0.0498333 0.0441917 0.0384763 0.0327294 0.0269881 0.0212837 0.0156423 0.0100852 0.00463082 -0.000704287 -0.00590368 -0.0109504 -0.0158268 -0.0205153 -0.0249988 -0.029262 -0.0332916 -0.0370772 -0.0406113 -0.0438888 -0.0469073 -0.0496662 -0.0521671 -0.0544132 -0.0564092 -0.0581617 -0.0596785 -0.060969 -0.0620442 -0.062916 -0.0635977 -0.064103 -0.0644466 -0.0646433 -0.064708 -0.0646554 -0.0644997 -0.0642549 -0.063934 -0.0635496 -0.0631132 -0.0626356 -0.0621267 -0.0615957 -0.0610508 -0.0604995 -0.0599486 -0.0594041 -0.0588714 -0.0583553 -0.05786 -0.0573892 -0.0569462 -0.0565337 -0.0561543 -0.0558098 -0.0555022 -0.0552329 -0.0550031 -0.0548138 -0.0546658 -0.0545596 -0.0544958 -0.0544745 -0.0544958 -0.0545596 -0.0546658 -0.0548138 -0.0550031 -0.0552329 -0.0555022 -0.0558098 -0.0561543 -0.0565337 -0.0569462 -0.0573892 -0.05786 -0.0583553 -0.0588714 -0.0594041 -0.0599486 -0.0604995 -0.0610508 -0.0615957 -0.0621267 -0.0626356 -0.0631132 -0.0635496 -0.063934 -0.0642549 -0.0644997 -0.0646554 -0.064708 -0.0646433 -0.0644466 -0.064103 -0.0635977 -0.062916 -0.0620442 -0.060969 -0.0596785 -0.0581617 -0.0564092 -0.0544132 -0.0521671 -0.0496662 -0.0469073 -0.0438888 -0.0406113 -0.0370772 -0.0332916 -0.029262 -0.0249988 -0.0205153 -0.0158268 -0.0109504 -0.00590368 -0.000704287 0.00463082 0.0100852 0.0156423 0.0212837 0.0269881 0.0327294 0.0384763 0.0441917 0.0498333 0.0553527 0.060695 0.0657968 0.0705857 0.0749809 0.0788972 0.082251 0.0849663 0.0869779 0.0882315 0.0886811 0.0882895 0.087036 0.0849276 0.0820061 0.0783457 0.0740404 0.0691903 0.0639017 0.0583028 0.0525487 0.0467951 0.0411656 0.0357482 0.030622 0.025873 0.0215777 0.017773 0.0144523 0.0115895 0.00916652 0.00717838 0.00561777 0.00445954 0.00365982 0.00316845 
0 0.00140512 0.00289555 0.00455671 0.00646729 0.00868867 0.0112625 0.0142226 0.0176094 0.0214665 0.0258137 0.0306212 0.0358143 0.0413064 0.0470194 0.0528647 0.0587143 0.0644057 0.0697818 0.0747178 0.0791083 0.0828466 0.0858311 0.0879883 0.0892857 0.0897272 0.0893416 0.0881726 0.0862741 0.0837117 0.0805646 0.0769201 0.0728662 0.0684844 0.0638462 0.0590121 0.054035 0.0489618 0.043834 0.0386873 0.0335499 0.0284418 0.0233763 0.0183611 0.0134014 0.0085023 0.00367055 -0.00108484 -0.00575239 -0.010319 -0.0147706 -0.0190926 -0.0232708 -0.0272915 -0.0311416 -0.0348092 -0.0382834 -0.0415546 -0.0446151 -0.0474591 -0.0500828 -0.0524846 -0.0546654 -0.0566278 -0.0583767 -0.0599184 -0.0612611 -0.0624138 -0.0633867 -0.0641909 -0.0648378 -0.0653393 -0.0657075 -0.0659545 -0.0660925 -0.0661332 -0.0660883 -0.0659689 -0.0657858 -0.0655492 -0.0652687 -0.0649534 -0.0646116 -0.0642511 -0.063879 -0.0635018 -0.0631254 -0.0627551 -0.0623957 -0.0620513 -0.0617257 -0.0614222 -0.0611436 -0.0608925 -0.0606708 -0.0604804 -0.0603227 -0.0601989 -0.0601098 -0.0600561 -0.0600382 -0.0600561 -0.0601098 -0.0601989 -0.0603227 -0.0604804 -0.0606708 -0.0608925 -0.0611436 -0.0614222 -0.0617257 -0.0620513 -0.0623957 -0.0627551 -0.0631254 -0.0635018 -0.063879 -0.0642511 -0.0646116 -0.0649534 -0.0652687 -0.0655492 -0.0657858 -0.0659689 -0.0660883 -0.0661332 -0.0660925 -0.0659545 -0.0657075 -0.0653393 -0.0648378 -0.0641909 -0.0633867 -0.0624138 -0.0612611 -0.0599184 -0.0583767 -0.0566278 -0.0546654 -0.0524846 -0.0500828 -0.0474591 -0.0446151 -0.0415546 -0.0382834 -0.0348092 -0.0311416 -0.0272915 -0.0232708 -0.0190926 -0.0147706 -0.010319 -0.00575239 -0.00108484 0.00367055 0.0085023 0.0134014 0.0183611 0.0233763 0.0284418 0.0335499 0.0386873 0.043834 0.0489618 0.054035 0.0590121 0.0638462 0.0684844 0.0728662 0.0769201 0.0805646 0.0837117 0.0862741 0.0881726 0.0893416 0.0897272 0.0892857 0.0879883 0.0858311 0.0828466 0.0791083 0.0747178 0.0697818 0.0644057 0.0587143 0.0528647 0.0470196 0.0413071 0.0358163 0.0306265 0.0258271 0.0214977 0.0176776 0.014362 0.01153 0.00917019 0.00728261 0.00585913 0.00486841 0.0042604 
0 0.00176279 0.00363963 0.00572833 0.00809929 0.0107968 0.013855 0.0173169 0.0212327 0.0256324 0.0304944 0.035748 0.0413064 0.0470914 0.0530142 0.0589431 0.0647091 0.070152 0.0751498 0.0795977 0.0833827 0.0863969 0.0885705 0.0898813 0.0903395 0.0899742 0.0888304 0.0869687 0.0844674 0.0814219 0.0779338 0.0740982 0.0699985 0.065705 0.0612755 0.0567597 0.0521998 0.0476296 0.0430735 0.0385469 0.0340564 0.0296032 0.0251861 0.0208026 0.0164516 0.0121328 0.00784721 0.0035971 -0.000614242 -0.00478197 -0.00889902 -0.0129562 -0.0169417 -0.0208416 -0.0246408 -0.0283233 -0.0318736 -0.0352771 -0.0385211 -0.041595 -0.0444905 -0.0472015 -0.0497244 -0.0520572 -0.0542 -0.0561547 -0.0579243 -0.0595135 -0.0609278 -0.062174 -0.0632599 -0.064194 -0.0649853 -0.0656435 -0.0661788 -0.0666012 -0.0669211 -0.0671489 -0.0672945 -0.0673678 -0.0673783 -0.0673351 -0.0672467 -0.0671212 -0.0669661 -0.0667884 -0.0665947 -0.0663908 -0.0661821 -0.0659735 -0.0657694 -0.0655736 -0.0653897 -0.0652206 -0.0650689 -0.064937 -0.0648266 -0.0647392 -0.0646759 -0.0646377 -0.0646249 -0.0646377 -0.0646759 -0.0647392 -0.0648266 -0.064937 -0.0650689 -0.0652206 -0.0653897 -0.0655736 -0.0657694 -0.0659735 -0.0661821 -0.0663908 -0.0665947 -0.0667884 -0.0669661 -0.0671212 -0.0672467 -0.0673351 -0.0673783 -0.0673678 -0.0672945 -0.0671489 -0.0669211 -0.0666012 -0.0661788 -0.0656435 -0.0649853 -0.064194 -0.0632599 -0.062174 -0.0609278 -0.0595135 -0.0579243 -0.0561547 -0.0542 -0.0520572 -0.0497244 -0.0472015 -0.0444905 -0.041595 -0.0385211 -0.0352771 -0.0318736 -0.0283233 -0.0246408 -0.0208416 -0.0169417 -0.0129562 -0.00889902 -0.00478197 -0.000614242 0.0035971 0.00784721 0.0121328 0.0164516 0.0208026 0.0251861 0.0296032 0.0340564 0.0385469 0.0430735 0.0476296 0.0521998 0.0567597 0.0612755 0.065705 0.0699985 0.0740982 0.0779338 0.0814219 0.0844674 0.0869687 0.0888304 0.0899742 0.0903395 0.0898813 0.0885705 0.0863969 0.0833827 0.0795977 0.0751498 0.0701521 0.0647091 0.0589433 0.0530148 0.0470931 0.0413111 0.0357597 0.030522 0.0256934 0.0213589 0.0175617 0.0143007 0.0115597 0.0093308 0.00761152 0.00638742 0.00562534 
0 0.00221211 0.00455595 0.00713358 0.0100075 0.0132164 0.0168011 0.0208131 0.0252895 0.0302197 0.0355398 0.0411655 0.0470194 0.0530142 0.059017 0.064853 0.0703576 0.0754087 0.0799012 0.0837155 0.0867384 0.0889058 0.090207 0.0906564 0.0902801 0.0891239 0.0872566 0.0847681 0.0817652 0.0783575 0.074644 0.0707111 0.066635 0.0624812 0.0583049 0.0541498 0.0500447 0.0460035 0.042029 0.0381158 0.0342545 0.030436 0.0266514 0.0228925 0.019152 0.0154225 0.0116972 0.00797099 0.00424085 0.000507334 -0.00322549 -0.00695019 -0.010656 -0.0143303 -0.0179589 -0.0215267 -0.0250192 -0.0284216 -0.0317203 -0.0349022 -0.0379558 -0.0408707 -0.0436381 -0.0462507 -0.0487033 -0.0509921 -0.0531155 -0.0550734 -0.0568676 -0.0585011 -0.0599784 -0.0613053 -0.0624882 -0.0635344 -0.0644518 -0.0652487 -0.0659336 -0.066515 -0.0670018 -0.0674026 -0.0677257 -0.0679794 -0.0681718 -0.0683104 -0.0684026 -0.0684552 -0.0684748 -0.0684673 -0.0684385 -0.0683934 -0.0683369 -0.0682732 -0.0682062 -0.0681391 -0.0680751 -0.0680167 -0.067966 -0.0679248 -0.0678944 -0.0678758 -0.0678695 -0.0678758 -0.0678944 -0.0679248 -0.067966 -0.0680167 -0.0680751 -0.0681391 -0.0682062 -0.0682732 -0.0683369 -0.0683934 -0.0684385 -0.0684673 -0.0684748 -0.0684552 -0.0684026 -0.0683104 -0.0681718 -0.0679794 -0.0677257 -0.0674026 -0.0670018 -0.066515 -0.0659336 -0.0652487 -0.0644518 -0.0635344 -0.0624882 -0.0613053 -0.0599784 -0.0585011 -0.0568676 -0.0550734 -0.0531155 -0.0509921 -0.0487033 -0.0462507 -0.0436381 -0.0408707 -0.0379558 -0.0349022 -0.0317203 -0.0284216 -0.0250192 -0.0215267 -0.0179589 -0.0143303 -0.010656 -0.00695019 -0.00322549 0.000507334 0.00424085 0.00797099 0.0116972 0.0154225 0.019152 0.0228925 0.0266514 0.030436 0.0342545 0.0381158 0.042029 0.0460035 0.0500447 0.0541498 0.0583049 0.0624812 0.066635 0.0707111 0.074644 0.0783575 0.0817652 0.0847681 0.0872566 0.0891239 0.0902801 0.0906564 0.090207 0.0889058 0.0867384 0.0837155 0.0799012 0.0754088 0.0703578 0.0648535 0.0590185 0.0530182 0.0470295 0.0411897 0.0355937 0.0303324 0.0255108 0.0212209 0.0175077 0.0143698 0.0117897 0.00975765 0.00827175 0.00732755 
0 0.00276422 0.00565743 0.00877893 0.0121942 0.0159546 0.0201132 0.0247108 0.0297439 0.0351557 0.0408646 0.0467951 0.0528647 0.0589431 0.064853 0.0704239 0.0755314 0.080069 0.0839113 0.086939 0.0890929 0.0903729 0.0907957 0.0903834 0.0891849 0.0872821 0.0847768 0.0817813 0.0784077 0.0747554 0.0709129 0.0669647 0.0629864 0.0590392 0.0551696 0.0514047 0.0477534 0.0442142 0.0407779 0.0374305 0.0341572 0.0309414 0.0277644 0.0246084 0.0214556 0.0182905 0.015102 0.0118826 0.00862906 0.00534237 0.00202552 -0.00131566 -0.004674 -0.00804119 -0.011407 -0.0147606 -0.0180894 -0.0213799 -0.0246181 -0.0277894 -0.0308799 -0.033876 -0.0367657 -0.0395384 -0.0421851 -0.044699 -0.0470748 -0.0493092 -0.0514003 -0.0533478 -0.055153 -0.0568179 -0.0583459 -0.0597412 -0.0610085 -0.0621537 -0.0631825 -0.0641016 -0.0649176 -0.0656376 -0.0662685 -0.0668176 -0.0672918 -0.0676981 -0.0680431 -0.0683334 -0.0685751 -0.0687741 -0.068936 -0.0690659 -0.0691686 -0.0692483 -0.0693092 -0.0693545 -0.0693877 -0.0694111 -0.0694272 -0.0694378 -0.0694444 -0.0694479 -0.0694491 -0.0694479 -0.0694444 -0.0694378 -0.0694272 -0.0694111 -0.0693877 -0.0693545 -0.0693092 -0.0692483 -0.0691686 -0.0690659 -0.068936 -0.0687741 -0.0685751 -0.0683334 -0.0680431 -0.0676981 -0.0672918 -0.0668176 -0.0662685 -0.0656376 -0.0649176 -0.0641016 -0.0631825 -0.0621537 -0.0610085 -0.0597412 -0.0583459 -0.0568179 -0.055153 -0.0533478 -0.0514003 -0.0493092 -0.0470748 -0.044699 -0.0421851 -0.0395384 -0.0367657 -0.033876 -0.0308799 -0.0277894 -0.0246181 -0.0213799 -0.0180894 -0.0147606 -0.011407 -0.00804119 -0.004674 -0.00131566 0.00202552 0.00534237 0.00862906 0.0118826 0.015102 0.0182905 0.0214556 0.0246084 0.0277644 0.0309414 0.0341572 0.0374305 0.0407779 0.0442142 0.0477534 0.0514047 0.0551696 0.0590392 0.0629864 0.0669647 0.0709129 0.0747554 0.0784077 0.0817813 0.0847768 0.0872821 0.0891849 0.0903834 0.0907957 0.0903729 0.0890929 0.086939 0.0839113 0.0800691 0.0755318 0.0704251 0.0648563 0.0589518 0.0528854 0.0468421 0.040964 0.0353534 0.030113 0.0253582 0.021183 0.0176263 0.0146801 0.0123281 0.0105739 0.00944126 
0 0.00341554 0.00693728 0.0106589 0.0146624 0.019022 0.0237917 0.0289771 0.0345255 0.0403545 0.0463881 0.0525487 0.0587143 0.0647091 0.0703576 0.0755314 0.0801231 0.0840031 0.087046 0.0891939 0.0904548 0.0908466 0.0903857 0.0891265 0.087168 0.0846232 0.0816055 0.0782276 0.0745919 0.0707909 0.0669168 0.0630528 0.0592607 0.0555842 0.0520503 0.0486677 0.0454374 0.0423549 0.0394071 0.0365761 0.0338397 0.0311699 0.0285395 0.0259232 0.0232984 0.0206491 0.0179635 0.0152331 0.0124537 0.00962252 0.00673888 0.00380483 0.000823377 -0.0021992 -0.00525476 -0.00833358 -0.0114234 -0.0145119 -0.0175856 -0.0206309 -0.023635 -0.0265847 -0.0294687 -0.0322756 -0.0349954 -0.0376195 -0.0401396 -0.0425496 -0.0448438 -0.0470182 -0.0490702 -0.050998 -0.0528016 -0.0544815 -0.05604 -0.0574794 -0.0588037 -0.0600169 -0.0611239 -0.06213 -0.0630404 -0.0638612 -0.0645979 -0.0652567 -0.0658429 -0.0663626 -0.0668209 -0.0672234 -0.067575 -0.0678804 -0.068144 -0.0683699 -0.0685619 -0.0687233 -0.0688571 -0.0689658 -0.0690518 -0.0691167 -0.0691622 -0.069189 -0.0691979 -0.069189 -0.0691622 -0.0691167 -0.0690518 -0.0689658 -0.0688571 -0.0687233 -0.0685619 -0.0683699 -0.068144 -0.0678804 -0.067575 -0.0672234 -0.0668209 -0.0663626 -0.0658429 -0.0652567 -0.0645979 -0.0638612 -0.0630404 -0.06213 -0.0611239 -0.0600169 -0.0588037 -0.0574794 -0.05604 -0.0544815 -0.0528016 -0.050998 -0.0490702 -0.0470182 -0.0448438 -0.0425496 -0.0401396 -0.0376195 -0.0349954 -0.0322756 -0.0294687 -0.0265847 -0.023635 -0.0206309 -0.0175856 -0.0145119 -0.0114234 -0.00833358 -0.00525476 -0.0021992 0.000823377 0.00380483 0.00673888 0.00962252 0.0124537 0.0152331 0.0179635 0.0206491 0.0232984 0.0259232 0.0285395 0.0311699 0.0338397 0.0365761 0.0394071 0.0423549 0.0454374 0.0486677 0.0520503 0.0555842 0.0592607 0.0630528 0.0669168 0.0707909 0.0745919 0.0782276 0.0816055 0.0846232 0.087168 0.0891265 0.0903857 0.0908466 0.0904548 0.0891939 0.0870461 0.0840034 0.0801241 0.0755342 0.0703648 0.0647267 0.0587546 0.0526353 0.0465625 0.0406845 0.0351121 0.0299592 0.0253453 0.0213577 0.0180274 0.0153529 0.0133441 0.0120409 
0 0.00414961 0.00837416 0.0127621 0.0174144 0.0224186 0.0278088 0.0335467 0.0395491 0.0457332 0.0520222 0.0583028 0.0644057 0.070152 0.0754087 0.080069 0.0840031 0.0870798 0.0892388 0.0904932 0.0908615 0.0903549 0.0890325 0.0870111 0.0844137 0.0813501 0.0779342 0.074278 0.0704816 0.0666431 0.0628501 0.0591604 0.0556117 0.0522318 0.0490327 0.0460181 0.0431885 0.040532 0.0380271 0.0356498 0.0333693 0.0311553 0.0289827 0.0268265 0.0246663 0.0224855 0.0202674 0.0179999 0.0156731 0.013279 0.0108155 0.00828229 0.00568249 0.00302286 0.000310041 -0.00244644 -0.00523712 -0.00805257 -0.0108817 -0.0137148 -0.0165406 -0.019348 -0.0221265 -0.0248641 -0.0275509 -0.0301758 -0.0327296 -0.0352035 -0.0375897 -0.0398822 -0.0420751 -0.0441651 -0.0461488 -0.048025 -0.0497928 -0.0514524 -0.0530052 -0.0544528 -0.055798 -0.0570433 -0.0581928 -0.0592498 -0.0602185 -0.0611032 -0.0619081 -0.0626379 -0.0632965 -0.0638887 -0.0644182 -0.0648895 -0.0653059 -0.0656715 -0.0659892 -0.0662623 -0.0664932 -0.0666847 -0.0668383 -0.0669563 -0.0670394 -0.067089 -0.0671054 -0.067089 -0.0670394 -0.0669563 -0.0668383 -0.0666847 -0.0664932 -0.0662623 -0.0659892 -0.0656715 -0.0653059 -0.0648895 -0.0644182 -0.0638887 -0.0632965 -0.0626379 -0.0619081 -0.0611032 -0.0602185 -0.0592498 -0.0581928 -0.0570433 -0.055798 -0.0544528 -0.0530052 -0.0514524 -0.0497928 -0.048025 -0.0461488 -0.0441651 -0.0420751 -0.0398822 -0.0375897 -0.0352035 -0.0327296 -0.0301758 -0.0275509 -0.0248641 -0.0221265 -0.019348 -0.0165406 -0.0137148 -0.0108817 -0.00805257 -0.00523712 -0.00244644 0.000310041 0.00302286 0.00568249 0.00828229 0.0108155 0.013279 0.0156731 0.0179999 0.0202674 0.0224855 0.0246663 0.0268265 0.0289827 0.0311553 0.0333693 0.0356498 0.0380271 0.040532 0.0431885 0.0460181 0.0490327 0.0522318 0.0556117 0.0591604 0.0628501 0.0666431 0.0704816 0.074278 0.0779342 0.0813501 0.0844137 0.0870111 0.0890325 0.0903549 0.0908615 0.0904932 0.0892391 0.0870806 0.0840054 0.080075 0.0754235 0.0701862 0.06448 0.0584548 0.0523137 0.0462588 0.0404413 0.0349767 0.0299843 0.0255845 0.0218651 0.0188712 0.0166326 0.0151911 
0 0.00494579 0.00994291 0.0150734 0.0204402 0.0261172 0.032105 0.0383379 0.0447312 0.0512041 0.0576487 0.0639017 0.0697818 0.0751498 0.0799012 0.0839113 0.087046 0.0892388 0.0905046 0.0908647 0.0903266 0.0889516 0.0868721 0.0842198 0.0810978 0.0776213 0.0739188 0.0701007 0.0662657 0.0625032 0.0588691 0.0553956 0.0521144 0.0490434 0.0461849 0.0435389 0.0410921 0.0388174 0.0366914 0.0346875 0.032777 0.0309391 0.0291504 0.0273862 0.0256269 0.0238501 0.0220364 0.0201729 0.0182464 0.0162509 0.0141836 0.0120422 0.00982974 0.00754816 0.0052011 0.00279503 0.000334498 -0.0021719 -0.00471606 -0.00728919 -0.00987988 -0.0124789 -0.0150745 -0.0176563 -0.0202143 -0.0227377 -0.0252184 -0.0276467 -0.0300156 -0.0323176 -0.0345464 -0.0366971 -0.0387642 -0.0407449 -0.0426351 -0.0444336 -0.0461383 -0.0477488 -0.0492652 -0.0506879 -0.0520186 -0.0532583 -0.05441 -0.0554754 -0.056458 -0.0573601 -0.0581854 -0.0589366 -0.0596171 -0.06023 -0.0607782 -0.0612648 -0.0616922 -0.0620633 -0.06238 -0.0626446 -0.0628585 -0.0630236 -0.0631405 -0.0632105 -0.0632336 -0.0632105 -0.0631405 -0.0630236 -0.0628585 -0.0626446 -0.06238 -0.0620633 -0.0616922 -0.0612648 -0.0607782 -0.06023 -0.0596171 -0.0589366 -0.0581854 -0.0573601 -0.056458 -0.0554754 -0.05441 -0.0532583 -0.0520186 -0.0506879 -0.0492652 -0.0477488 -0.0461383 -0.0444336 -0.0426351 -0.0407449 -0.0387642 -0.0366971 -0.0345464 -0.0323176 -0.0300156 -0.0276467 -0.0252184 -0.0227377 -0.0202143 -0.0176563 -0.0150745 -0.0124789 -0.00987988 -0.00728919 -0.00471606 -0.0021719 0.000334498 0.00279503 0.0052011 0.00754816 0.00982974 0.0120422 0.0141836 0.0162509 0.0182464 0.0201729 0.0220364 0.0238501 0.0256269 0.0273862 0.0291504 0.0309391 0.032777 0.0346875 0.0366914 0.0388174 0.0410921 0.0435389 0.0461849 0.0490434 0.0521144 0.0553956 0.0588691 0.0625032 0.0662657 0.0701007 0.0739188 0.0776213 0.0810978 0.0842198 0.0868722 0.0889516 0.0903267 0.0908649 0.0905052 0.0892407 0.0870508 0.0839234 0.0799297 0.0752128 0.0699124 0.064156 0.0581141 0.0520058 0.0460342 0.0403459 0.0350597 0.0303074 0.0262281 0.0229332 0.0204913 0.0189411 
