0 0 0 0 0 0 0 0 0 0 0 0 0 0 0 0 0 0 0 0 0 0 0 0 0 0 0 0 0 0 0 0 0 0 0 0 0 0 0 0 0 0 0 0 0 0 0 0 0 0 0 0 0 0 0 0 0 0 0 0 0 0 0 0 0 0 0 0 0 0 0 0 0 0 0 0 0 0 0 0 0 0 0 0 0 0 0 0 0 0 0 0 0 0 0 0 0 0 0 0 0 0 0 0 0 0 0 0 0 0 0 0 0 0 0 0 0 0 0 0 0 0 0 0 0 0 0 0 0 0 0 0 0 0 0 0 0 0 0 0 0 0 0 0 0 0 0 0 0 0 0 0 0 0 0 0 0 0 0 0 0 0 0 0 0 0 0 0 0 0 0 0 0 0 0 0 0 0 0 0 0 0 0 0 0 0 0 0 0 0 0 0 0 0 0 0 0 0 0 0 
0 9.84234e-26 8.72444e-25 7.26882e-24 5.7568e-23 4.33628e-22 3.1076e-21 2.11953e-20 1.37617e-19 8.50785e-19 5.00916e-18 2.80912e-17 1.50069e-16 7.63764e-16 3.70344e-15 1.71099e-14 7.53163e-14 3.15888e-13 1.26233e-12 4.80619e-12 1.74344e-11 6.0253e-11 1.98386e-10 6.22309e-10 1.85983e-09 5.29585e-09 1.43694e-08 3.71574e-08 9.15908e-08 2.1527e-07 4.82624e-07 1.03261e-06 2.10975e-06 4.11915e-06 7.69215e-06 1.3753e-05 2.35705e-05 3.87753e-05 6.13231e-05 9.33946e-05 0.000137239 0.000194986 0.000268471 0.000359118 0.000467924 0.000595563 0.00074259 0.000909712 0.00109804 0.0013093 0.00154585 0.00181064 0.0021069 0.00243786 0.00280629 0.00321413 0.0036622 0.00415002 0.00467571 0.00523615 0.00582709 0.00644346 0.00707963 0.00772974 0.00838789 0.00904836 0.00970578 0.0103552 0.0109921 0.0116126 0.0122131 0.0127905 0.0133422 0.013866 0.0143602 0.0148232 0.0152542 0.0156524 0.0160177 0.0163502 0.0166504 0.0169191 0.0171575 0.017367 0.0175491 0.0177059 0.0178391 0.0179511 0.0180438 0.0181195 0.0181803 0.0182282 0.0182653 0.0182934 0.0183141 0.018329 0.0183393 0.0183462 0.0183505 0.0183529 0.0183536 0.0183529 0.0183505 0.0183462 0.0183393 0.018329 0.0183141 0.0182934 0.0182653 0.0182282 0.0181803 0.0181195 0.0180438 0.0179511 0.0178391 0.0177059 0.0175491 0.017367 0.0171575 0.0169191 0.0166504 0.0163502 0.0160177 0.0156524 0.0152542 0.0148232 0.0143602 0.013866 0.0133422 0.0127905 0.0122131 0.0116126 0.0109921 0.0103552 0.00970578 0.00904836 0.00838789 0.00772974 0.00707963 0.00644346 0.00582709 0.00523615 0.00467571 0.00415002 0.0036622 0.00321413 0.00280629 0.00243786 0.0021069 0.00181064 0.00154585 0.0013093 0.00109804 0.000909712 0.00074259 0.000595563 0.000467924 0.000359118 0.000268471 0.000194986 0.000137239 9.33946e-05 6.13231e-05 3.87753e-05 2.35705e-05 1.3753e-05 7.69215e-06 4.11915e-06 2.10975e-06 1.03261e-06 4.82624e-07 2.1527e-07 9.15908e-08 3.71574e-08 1.43694e-08 5.29585e-09 1.85983e-09 6.22309e-10 1.98386e-10 6.0253e-11 1.74344e-11 4.80619e-12 1.26233e-12 3.15888e-13 7.53163e-14 1.71099e-14 3.70344e-15 7.63764e-16 1.50069e-16 2.80912e-17 5.00916e-18 8.50785e-19 1.37617e-19 2.11953e-20 3.1076e-21 4.33628e-22 5.7568e-23 7.26836e-24 8.68077e-25 5.83519e-26 
0 8.72444e-25 7.43657e-24 5.95588e-23 4.5366e-22 3.28805e-21 2.26833e-20 1.48986e-19 9.31866e-19 5.55148e-18 3.15048e-17 1.70336e-16 8.77475e-16 4.30711e-15 2.01453e-14 8.97851e-14 3.81305e-13 1.54302e-12 5.94955e-12 2.18573e-11 7.65053e-11 2.55127e-10 8.1056e-10 2.45345e-09 7.07537e-09 1.94416e-08 5.09077e-08 1.27053e-07 3.02309e-07 6.86026e-07 1.48544e-06 3.07076e-06 6.06499e-06 1.14547e-05 2.07086e-05 3.58806e-05 5.96632e-05 9.53621e-05 0.000146768 0.000217934 0.000312886 0.000435341 0.00058849 0.000774935 0.000996787 0.00125594 0.00155444 0.00189484 0.00228051 0.00271571 0.0032055 0.00375534 0.00437066 0.00505618 0.00581541 0.00665013 0.00756008 0.00854281 0.0095938 0.0107066 0.0118732 0.0130843 0.0143301 0.0156001 0.0168837 0.0181708 0.0194514 0.020716 0.0219561 0.0231634 0.024331 0.0254522 0.0265216 0.0275345 0.0284872 0.0293768 0.0302013 0.0309597 0.0316517 0.032278 0.0328398 0.0333394 0.0337792 0.0341626 0.034493 0.0347744 0.0350111 0.0352072 0.0353673 0.0354956 0.0355965 0.0356741 0.0357321 0.0357743 0.035804 0.0358239 0.0358367 0.0358445 0.0358488 0.035851 0.0358516 0.035851 0.0358488 0.0358445 0.0358367 0.0358239 0.035804 0.0357743 0.0357321 0.0356741 0.0355965 0.0354956 0.0353673 0.0352072 0.0350111 0.0347744 0.034493 0.0341626 0.0337792 0.0333394 0.0328398 0.032278 0.0316517 0.0309597 0.0302013 0.0293768 0.0284872 0.0275345 0.0265216 0.0254522 0.024331 0.0231634 0.0219561 0.020716 0.0194514 0.0181708 0.0168837 0.0156001 0.0143301 0.0130843 0.0118732 0.0107066 0.0095938 0.00854281 0.00756008 0.00665013 0.00581541 0.00505618 0.00437066 0.00375534 0.0032055 0.00271571 0.00228051 0.00189484 0.00155444 0.00125594 0.000996787 0.000774935 0.00058849 0.000435341 0.000312886 0.000217934 0.000146768 9.53621e-05 5.96632e-05 3.58806e-05 2.07086e-05 1.14547e-05 6.06499e-06 3.07076e-06 1.48544e-06 6.86026e-07 3.02309e-07 1.27053e-07 5.09077e-08 1.94416e-08 7.07537e-09 2.45345e-09 8.1056e-10 2.55127e-10 7.65053e-11 2.18573e-11 5.94955e-12 1.54302e-12 3.81305e-13 8.97851e-14 2.01453e-14 4.30711e-15 8.77475e-16 1.70336e-16 3.15048e-17 5.55148e-18 9.31866e-19 1.48986e-19 2.26833e-20 3.28805e-21 4.53659e-22 5.95546e-23 7.397e-24 5.24072e-25 
0 7.26882e-24 5.95588e-23 4.58278e-22 3.35494e-21 2.33784e-20 1.55108e-19 9.80014e-19 5.89776e-18 3.3811e-17 1.84667e-16 9.60975e-16 4.76482e-15 2.25111e-14 1.01336e-13 4.34638e-13 1.77614e-12 6.91482e-12 2.56456e-11 9.06031e-11 3.04889e-10 9.77201e-10 2.983e-09 8.67254e-09 2.40145e-08 6.33383e-08 1.59143e-07 3.81007e-07 8.69432e-07 1.89182e-06 3.92741e-06 7.78433e-06 1.47435e-05 2.67117e-05 4.6352e-05 7.71508e-05 0.000123381 0.000189945 0.000282104 0.000405154 0.000564122 0.000763581 0.00100764 0.00130012 0.0016449 0.0020463 0.00250942 0.00304023 0.00364557 0.00433273 0.00510901 0.005981 0.00695402 0.00803153 0.00921479 0.0105026 0.0118915 0.0133755 0.0149468 0.0165958 0.0183114 0.0200815 0.0218933 0.023733 0.0255871 0.0274416 0.0292829 0.0310977 0.0328733 0.0345978 0.0362605 0.0378518 0.0393633 0.0407882 0.0421211 0.0433582 0.0444971 0.0455369 0.0464781 0.0473224 0.0480725 0.0487323 0.0493064 0.0498002 0.0502194 0.0505704 0.0508595 0.0510935 0.0512789 0.0514222 0.0515296 0.0516071 0.0516605 0.0516947 0.0517145 0.0517241 0.0517269 0.0517261 0.0517238 0.0517217 0.0517209 0.0517217 0.0517238 0.0517261 0.0517269 0.0517241 0.0517145 0.0516947 0.0516605 0.0516071 0.0515296 0.0514222 0.0512789 0.0510935 0.0508595 0.0505704 0.0502194 0.0498002 0.0493064 0.0487323 0.0480725 0.0473224 0.0464781 0.0455369 0.0444971 0.0433582 0.0421211 0.0407882 0.0393633 0.0378518 0.0362605 0.0345978 0.0328733 0.0310977 0.0292829 0.0274416 0.0255871 0.023733 0.0218933 0.0200815 0.0183114 0.0165958 0.0149468 0.0133755 0.0118915 0.0105026 0.00921479 0.00803153 0.00695402 0.005981 0.00510901 0.00433273 0.00364557 0.00304023 0.00250942 0.0020463 0.0016449 0.00130012 0.00100764 0.000763581 0.000564122 0.000405154 0.000282104 0.000189945 0.000123381 7.71508e-05 4.6352e-05 2.67117e-05 1.47435e-05 7.78433e-06 3.92741e-06 1.89182e-06 8.69432e-07 3.81007e-07 1.59143e-07 6.33383e-08 2.40145e-08 8.67254e-09 2.983e-09 9.77201e-10 3.04889e-10 9.06031e-11 2.56456e-11 6.91482e-12 1.77614e-12 4.34638e-13 1.01336e-13 2.25111e-14 4.76482e-15 9.60975e-16 1.84667e-16 3.3811e-17 5.89776e-18 9.80014e-19 1.55108e-19 2.33784e-20 3.35493e-21 4.5824e-22 5.92222e-23 4.42665e-24 
0 5.7568e-23 4.5366e-22 3.35494e-21 2.36127e-20 1.58237e-19 1.00986e-18 6.13872e-18 3.55478e-17 1.96112e-16 1.03081e-15 5.16238e-15 2.46328e-14 1.11985e-13 4.85023e-13 2.00122e-12 7.86531e-12 2.94431e-11 1.04967e-10 3.56345e-10 1.15185e-09 3.5448e-09 1.03854e-08 2.89653e-08 7.69058e-08 1.944e-07 4.67897e-07 1.07257e-06 2.34249e-06 4.87655e-06 9.6831e-06 1.83545e-05 3.32466e-05 5.7621e-05 9.56987e-05 0.000152582 0.000234032 0.000346139 0.000494968 0.000686293 0.000925521 0.00121786 0.00156868 0.00198398 0.00247083 0.00303749 0.00369335 0.00444847 0.00531284 0.00629558 0.00740413 0.00864363 0.0100165 0.0115223 0.013158 0.0149179 0.0167943 0.0187777 0.0208569 0.0230193 0.0252514 0.0275384 0.0298646 0.0322136 0.0345684 0.0369118 0.0392267 0.0414964 0.0437049 0.0458375 0.047881 0.0498238 0.0516562 0.0533706 0.0549615 0.0564253 0.0577605 0.0589673 0.0600479 0.0610057 0.0618454 0.0625732 0.0631958 0.0637207 0.0641561 0.0645105 0.0647923 0.0650103 0.0651729 0.0652884 0.0653649 0.0654097 0.06543 0.0654321 0.0654219 0.0654044 0.065384 0.0653643 0.0653482 0.0653378 0.0653341 0.0653378 0.0653482 0.0653643 0.065384 0.0654044 0.0654219 0.0654321 0.06543 0.0654097 0.0653649 0.0652884 0.0651729 0.0650103 0.0647923 0.0645105 0.0641561 0.0637207 0.0631958 0.0625732 0.0618454 0.0610057 0.0600479 0.0589673 0.0577605 0.0564253 0.0549615 0.0533706 0.0516562 0.0498238 0.047881 0.0458375 0.0437049 0.0414964 0.0392267 0.0369118 0.0345684 0.0322136 0.0298646 0.0275384 0.0252514 0.0230193 0.0208569 0.0187777 0.0167943 0.0149179 0.013158 0.0115223 0.0100165 0.00864363 0.00740413 0.00629558 0.00531284 0.00444847 0.00369335 0.00303749 0.00247083 0.00198398 0.00156868 0.00121786 0.000925521 0.000686293 0.000494968 0.000346139 0.000234032 0.000152582 9.56987e-05 5.7621e-05 3.32466e-05 1.83545e-05 9.6831e-06 4.87655e-06 2.34249e-06 1.07257e-06 4.67897e-07 1.944e-07 7.69058e-08 2.89653e-08 1.03854e-08 3.5448e-09 1.15185e-09 3.56345e-10 1.04967e-10 2.94431e-11 7.86531e-12 2.00122e-12 4.85023e-13 1.11985e-13 2.46328e-14 5.16238e-15 1.03081e-15 1.96112e-16 3.55478e-17 6.13872e-18 1.00986e-18 1.58237e-19 2.36127e-20 3.35462e-21 4.50942e-22 3.55551e-23 
0 4.33628e-22 3.28805e-21 2.33784e-20 1.58237e-19 1.02001e-18 6.26284e-18 3.66321e-17 2.04131e-16 1.08376e-15 5.48202e-15 2.64193e-14 1.21298e-13 5.30529e-13 2.21025e-12 8.77006e-12 3.31385e-11 1.19225e-10 4.08363e-10 1.33137e-09 4.1311e-09 1.2198e-08 3.42708e-08 9.16109e-08 2.32998e-07 5.63853e-07 1.29854e-06 2.84666e-06 5.94268e-06 1.18207e-05 2.24208e-05 4.05919e-05 7.02356e-05 0.000116327 0.000184768 0.000282076 0.000414974 0.000590014 0.000813388 0.00109102 0.001429 0.00183412 0.00231457 0.00288027 0.00354285 0.00431518 0.00521048 0.00624119 0.00741792 0.00874849 0.0102375 0.0118859 0.0136916 0.0156494 0.0177517 0.0199888 0.0223494 0.0248204 0.0273875 0.0300346 0.0327446 0.0354989 0.038278 0.0410614 0.0438285 0.0465586 0.0492319 0.0518293 0.0543334 0.0567287 0.0590017 0.0611413 0.0631389 0.0649882 0.0666853 0.0682289 0.0696194 0.0708594 0.0719532 0.0729066 0.0737267 0.0744216 0.0750003 0.0754724 0.0758479 0.076137 0.0763501 0.0764974 0.0765888 0.0766341 0.0766425 0.0766224 0.0765821 0.0765286 0.0764688 0.0764082 0.0763518 0.0763036 0.076267 0.0762441 0.0762363 0.0762441 0.076267 0.0763036 0.0763518 0.0764082 0.0764688 0.0765286 0.0765821 0.0766224 0.0766425 0.0766341 0.0765888 0.0764974 0.0763501 0.076137 0.0758479 0.0754724 0.0750003 0.0744216 0.0737267 0.0729066 0.0719532 0.0708594 0.0696194 0.0682289 0.0666853 0.0649882 0.0631389 0.0611413 0.0590017 0.0567287 0.0543334 0.0518293 0.0492319 0.0465586 0.0438285 0.0410614 0.038278 0.0354989 0.0327446 0.0300346 0.0273875 0.0248204 0.0223494 0.0199888 0.0177517 0.0156494 0.0136916 0.0118859 0.0102375 0.00874849 0.00741792 0.00624119 0.00521048 0.00431518 0.00354285 0.00288027 0.00231457 0.00183412 0.001429 0.00109102 0.000813388 0.000590014 0.000414974 0.000282076 0.000184768 0.000116327 7.02356e-05 4.05919e-05 2.24208e-05 1.18207e-05 5.94268e-06 2.84666e-06 1.29854e-06 5.63853e-07 2.32998e-07 9.16109e-08 3.42708e-08 1.2198e-08 4.1311e-09 1.33137e-09 4.08363e-10 1.19225e-10 3.31385e-11 8.77006e-12 2.21025e-12 5.30529e-13 1.21298e-13 2.64193e-14 5.48202e-15 1.08376e-15 2.04131e-16 3.66321e-17 6.26284e-18 1.02001e-18 1.58237e-19 2.33759e-20 3.26722e-21 2.71709e-22 
0 3.1076e-21 2.26833e-20 1.55108e-19 1.00986e-18 6.26284e-18 3.70008e-17 2.08262e-16 1.11682e-15 5.706e-15 2.77739e-14 1.28787e-13 5.68842e-13 2.39303e-12 9.58683e-12 3.6568e-11 1.32785e-10 4.58918e-10 1.50929e-09 4.72252e-09 1.4056e-08 3.97888e-08 1.07106e-07 2.74149e-07 6.67211e-07 1.5441e-06 3.39856e-06 7.11642e-06 1.41835e-05 2.69256e-05 4.87323e-05 8.41932e-05 0.00013907 0.000220059 0.000334371 0.000489242 0.000691562 0.000947807 0.00126437 0.00164826 0.00210793 0.00265395 0.00329928 0.00405886 0.00494865 0.00598437 0.00717998 0.00854656 0.0100915 0.0118182 0.0137264 0.0158123 0.0180694 0.0204887 0.0230591 0.0257676 0.028599 0.0315362 0.03456 0.0376493 0.0407814 0.0439324 0.0470777 0.0501929 0.053254 0.0562384 0.0591252 0.0618955 0.064533 0.067024 0.0693574 0.071525 0.0735212 0.075343 0.0769897 0.0784629 0.0797662 0.080905 0.0818864 0.0827184 0.0834106 0.0839732 0.084417 0.0847536 0.0849945 0.0851515 0.085236 0.0852597 0.0852333 0.0851676 0.0850724 0.084957 0.0848301 0.0846994 0.0845718 0.0844534 0.0843494 0.0842641 0.0842007 0.0841618 0.0841486 0.0841618 0.0842007 0.0842641 0.0843494 0.0844534 0.0845718 0.0846994 0.0848301 0.084957 0.0850724 0.0851676 0.0852333 0.0852597 0.085236 0.0851515 0.0849945 0.0847536 0.084417 0.0839732 0.0834106 0.0827184 0.0818864 0.080905 0.0797662 0.0784629 0.0769897 0.075343 0.0735212 0.071525 0.0693574 0.067024 0.064533 0.0618955 0.0591252 0.0562384 0.053254 0.0501929 0.0470777 0.0439324 0.0407814 0.0376493 0.03456 0.0315362 0.028599 0.0257676 0.0230591 0.0204887 0.0180694 0.0158123 0.0137264 0.0118182 0.0100915 0.00854656 0.00717998 0.00598437 0.00494865 0.00405886 0.00329928 0.00265395 0.00210793 0.00164826 0.00126437 0.000947807 0.000691562 0.000489242 0.000334371 0.000220059 0.00013907 8.41932e-05 4.87323e-05 2.69256e-05 1.41835e-05 7.11642e-06 3.39856e-06 1.5441e-06 6.67211e-07 2.74149e-07 1.07106e-07 3.97888e-08 1.4056e-08 4.72252e-09 1.50929e-09 4.58918e-10 1.32785e-10 3.6568e-11 9.58683e-12 2.39303e-12 5.68842e-13 1.28787e-13 2.77739e-14 5.706e-15 1.11682e-15 2.08262e-16 3.70008e-17 6.26284e-18 1.00986e-18 1.55088e-19 2.25317e-20 1.97626e-21 
0 2.11953e-20 1.48986e-19 9.80014e-19 6.13872e-18 3.66321e-17 2.08262e-16 1.12807e-15 5.82139e-15 2.86196e-14 1.34033e-13 5.97885e-13 2.53992e-12 1.02741e-11 3.95643e-11 1.45013e-10 5.05768e-10 1.67815e-09 5.29591e-09 1.58917e-08 4.5334e-08 1.22916e-07 3.16704e-07 7.75375e-07 1.80372e-06 3.98715e-06 8.3769e-06 1.67342e-05 3.18048e-05 5.75615e-05 9.93236e-05 0.000163662 0.000258055 0.000390343 0.000568178 0.000798695 0.00108863 0.00144498 0.00187598 0.00239212 0.00300682 0.00373625 0.00459853 0.00561218 0.00679436 0.00815937 0.00971756 0.011475 0.0134335 0.0155913 0.0179437 0.0204832 0.0232 0.0260819 0.0291138 0.032278 0.0355535 0.0389168 0.0423418 0.0458006 0.0492644 0.0527045 0.0560925 0.0594018 0.0626079 0.0656888 0.0686253 0.0714014 0.074004 0.0764233 0.0786522 0.0806867 0.0825251 0.0841686 0.0856202 0.0868853 0.0879709 0.0888855 0.089639 0.0902424 0.0907076 0.0910468 0.0912731 0.0913994 0.0914386 0.0914037 0.0913072 0.0911611 0.0909772 0.0907663 0.0905386 0.0903035 0.0900698 0.0898451 0.0896363 0.0894495 0.0892897 0.0891611 0.0890669 0.0890095 0.0889902 0.0890095 0.0890669 0.0891611 0.0892897 0.0894495 0.0896363 0.0898451 0.0900698 0.0903035 0.0905386 0.0907663 0.0909772 0.0911611 0.0913072 0.0914037 0.0914386 0.0913994 0.0912731 0.0910468 0.0907076 0.0902424 0.089639 0.0888855 0.0879709 0.0868853 0.0856202 0.0841686 0.0825251 0.0806867 0.0786522 0.0764233 0.074004 0.0714014 0.0686253 0.0656888 0.0626079 0.0594018 0.0560925 0.0527045 0.0492644 0.0458006 0.0423418 0.0389168 0.0355535 0.032278 0.0291138 0.0260819 0.0232 0.0204832 0.0179437 0.0155913 0.0134335 0.011475 0.00971756 0.00815937 0.00679436 0.00561218 0.00459853 0.00373625 0.00300682 0.00239212 0.00187598 0.00144498 0.00108863 0.000798695 0.000568178 0.000390343 0.000258055 0.000163662 9.93236e-05 5.75615e-05 3.18048e-05 1.67342e-05 8.3769e-06 3.98715e-06 1.80372e-06 7.75375e-07 3.16704e-07 1.22916e-07 4.5334e-08 1.58917e-08 5.29591e-09 1.67815e-09 5.05768e-10 1.45013e-10 3.95643e-11 1.02741e-11 2.53992e-12 5.97885e-13 1.34033e-13 2.86196e-14 5.82139e-15 1.12807e-15 2.08262e-16 3.66321e-17 6.13871e-18 9.79874e-19 1.47938e-19 1.36855e-20 
0 1.37617e-19 9.31866e-19 5.89776e-18 3.55478e-17 2.04131e-16 1.11682e-15 5.82139e-15 2.89072e-14 1.36735e-13 6.16015e-13 2.6428e-12 1.07948e-11 4.19709e-11 1.55293e-10 5.46649e-10 1.83019e-09 5.82618e-09 1.76296e-08 5.06922e-08 1.38472e-07 3.5925e-07 8.85038e-07 2.07016e-06 4.59741e-06 9.69484e-06 1.94185e-05 3.69629e-05 6.69189e-05 0.000115366 0.000189695 0.000298135 0.00044909 0.000650532 0.000909784 0.00123391 0.00163075 0.00211017 0.00268529 0.00337274 0.00419213 0.00516445 0.00630997 0.00764631 0.00918691 0.0109405 0.0129113 0.0150994 0.0175021 0.0201138 0.0229264 0.0259292 0.0291078 0.0324444 0.0359172 0.0395003 0.0431645 0.0468784 0.0506089 0.0543227 0.0579872 0.0615717 0.0650478 0.0683901 0.0715763 0.0745877 0.077409 0.0800282 0.0824368 0.0846294 0.0866036 0.0883598 0.0899011 0.0912328 0.0923626 0.0932997 0.0940551 0.094641 0.0950704 0.0953574 0.0955162 0.0955612 0.0955072 0.0953683 0.0951586 0.0948915 0.0945801 0.0942365 0.0938722 0.0934979 0.0931234 0.0927578 0.092409 0.0920844 0.0917903 0.0915323 0.0913149 0.0911419 0.0910162 0.09094 0.0909145 0.09094 0.0910162 0.0911419 0.0913149 0.0915323 0.0917903 0.0920844 0.092409 0.0927578 0.0931234 0.0934979 0.0938722 0.0942365 0.0945801 0.0948915 0.0951586 0.0953683 0.0955072 0.0955612 0.0955162 0.0953574 0.0950704 0.094641 0.0940551 0.0932997 0.0923626 0.0912328 0.0899011 0.0883598 0.0866036 0.0846294 0.0824368 0.0800282 0.077409 0.0745877 0.0715763 0.0683901 0.0650478 0.0615717 0.0579872 0.0543227 0.0506089 0.0468784 0.0431645 0.0395003 0.0359172 0.0324444 0.0291078 0.0259292 0.0229264 0.0201138 0.0175021 0.0150994 0.0129113 0.0109405 0.00918691 0.00764631 0.00630997 0.00516445 0.00419213 0.00337274 0.00268529 0.00211017 0.00163075 0.00123391 0.000909784 0.000650532 0.00044909 0.000298135 0.000189695 0.000115366 6.69189e-05 3.69629e-05 1.94185e-05 9.69484e-06 4.59741e-06 2.07016e-06 8.85038e-07 3.5925e-07 1.38472e-07 5.06922e-08 1.76296e-08 5.82618e-09 1.83019e-09 5.46649e-10 1.55293e-10 4.19709e-11 1.07948e-11 2.6428e-12 6.16015e-13 1.36735e-13 2.89072e-14 5.82139e-15 1.11682e-15 2.04131e-16 3.55477e-17 5.8968e-18 9.24982e-19 9.02566e-20 
0 8.50785e-19 5.55148e-18 3.3811e-17 1.96112e-16 1.08376e-15 5.706e-15 2.86196e-14 1.36735e-13 6.22179e-13 2.69579e-12 1.11198e-11 4.36556e-11 1.63076e-10 5.79453e-10 1.95784e-09 6.28811e-09 1.91907e-08 5.56334e-08 1.53145e-07 4.00176e-07 9.92335e-07 2.3347e-06 5.21093e-06 1.10336e-05 2.21677e-05 4.22777e-05 7.65977e-05 0.000131986 0.000216652 0.000339535 0.000509522 0.000734827 0.00102294 0.00138138 0.00181914 0.00234827 0.00298498 0.00374953 0.00466488 0.00575437 0.00703919 0.00853629 0.0102575 0.0122094 0.0143946 0.016812 0.0194582 0.0223271 0.0254095 0.0286926 0.0321588 0.0357853 0.0395447 0.0434049 0.0473307 0.0512852 0.0552309 0.059131 0.0629509 0.0666583 0.0702242 0.0736231 0.0768331 0.0798361 0.0826175 0.0851667 0.0874765 0.0895433 0.0913671 0.0929505 0.0942996 0.0954227 0.0963303 0.0970351 0.0975509 0.0978928 0.0980768 0.098119 0.0980358 0.0978436 0.0975584 0.0971957 0.0967703 0.0962963 0.0957871 0.0952551 0.094712 0.0941683 0.0936338 0.0931174 0.092627 0.0921698 0.0917521 0.0913792 0.091056 0.0907863 0.0905732 0.0904193 0.0903263 0.0902951 0.0903263 0.0904193 0.0905732 0.0907863 0.091056 0.0913792 0.0917521 0.0921698 0.092627 0.0931174 0.0936338 0.0941683 0.094712 0.0952551 0.0957871 0.0962963 0.0967703 0.0971957 0.0975584 0.0978436 0.0980358 0.098119 0.0980768 0.0978928 0.0975509 0.0970351 0.0963303 0.0954227 0.0942996 0.0929505 0.0913671 0.0895433 0.0874765 0.0851667 0.0826175 0.0798361 0.0768331 0.0736231 0.0702242 0.0666583 0.0629509 0.059131 0.0552309 0.0512852 0.0473307 0.0434049 0.0395447 0.0357853 0.0321588 0.0286926 0.0254095 0.0223271 0.0194582 0.016812 0.0143946 0.0122094 0.0102575 0.00853629 0.00703919 0.00575437 0.00466488 0.00374953 0.00298498 0.00234827 0.00181914 0.00138138 0.00102294 0.000734827 0.000509522 0.000339535 0.000216652 0.000131986 7.65977e-05 4.22777e-05 2.21677e-05 1.10336e-05 5.21093e-06 2.3347e-06 9.92335e-07 4.00176e-07 1.53145e-07 5.56334e-08 1.91907e-08 6.28811e-09 1.95784e-09 5.79453e-10 1.63076e-10 4.36556e-11 1.11198e-11 2.69579e-12 6.22179e-13 1.36735e-13 2.86196e-14 5.706e-15 1.08376e-15 1.96111e-16 3.38048e-17 5.50854e-18 5.6703e-19 
0 5.00916e-18 3.15048e-17 1.84667e-16 1.03081e-15 5.48202e-15 2.77739e-14 1.34033e-13 6.16015e-13 2.69579e-12 1.12303e-11 4.45231e-11 1.67932e-10 6.02403e-10 2.05441e-09 6.65828e-09 2.04991e-08 5.99277e-08 1.66286e-07 4.37771e-07 1.09305e-06 2.58762e-06 5.80673e-06 1.23507e-05 2.49009e-05 4.76044e-05 8.63527e-05 0.000148791 0.000243932 0.000381379 0.000570427 0.000819462 0.00113616 0.00152869 0.00200757 0.00258756 0.00328843 0.00413422 0.00515096 0.00636362 0.00779325 0.00945537 0.0113597 0.0135111 0.0159109 0.0185577 0.0214479 0.0245745 0.0279263 0.0314865 0.0352321 0.0391339 0.0431572 0.0472633 0.0514113 0.0555595 0.0596672 0.0636954 0.0676082 0.0713727 0.0749598 0.0783438 0.0815033 0.0844206 0.0870826 0.08948 0.0916078 0.0934652 0.0950551 0.0963842 0.0974619 0.0983008 0.0989153 0.0993216 0.0995372 0.0995802 0.0994693 0.099223 0.0988595 0.0983966 0.0978514 0.0972401 0.096578 0.0958794 0.0951575 0.0944247 0.0936922 0.0929702 0.0922679 0.0915939 0.0909554 0.0903591 0.0898109 0.0893159 0.0888783 0.0885021 0.0881901 0.087945 0.0877685 0.0876621 0.0876265 0.0876621 0.0877685 0.087945 0.0881901 0.0885021 0.0888783 0.0893159 0.0898109 0.0903591 0.0909554 0.0915939 0.0922679 0.0929702 0.0936922 0.0944247 0.0951575 0.0958794 0.096578 0.0972401 0.0978514 0.0983966 0.0988595 0.099223 0.0994693 0.0995802 0.0995372 0.0993216 0.0989153 0.0983008 0.0974619 0.0963842 0.0950551 0.0934652 0.0916078 0.08948 0.0870826 0.0844206 0.0815033 0.0783438 0.0749598 0.0713727 0.0676082 0.0636954 0.0596672 0.0555595 0.0514113 0.0472633 0.0431572 0.0391339 0.0352321 0.0314865 0.0279263 0.0245745 0.0214479 0.0185577 0.0159109 0.0135111 0.0113597 0.00945537 0.00779325 0.00636362 0.00515096 0.00413422 0.00328843 0.00258756 0.00200757 0.00152869 0.00113616 0.000819462 0.000570427 0.000381379 0.000243932 0.000148791 8.63527e-05 4.76044e-05 2.49009e-05 1.23507e-05 5.80673e-06 2.58762e-06 1.09305e-06 4.37771e-07 1.66286e-07 5.99277e-08 2.04991e-08 6.65828e-09 2.05441e-09 6.02403e-10 1.67932e-10 4.45231e-11 1.12303e-11 2.69579e-12 6.16015e-13 1.34033e-13 2.77739e-14 5.48202e-15 1.03081e-15 1.84629e-16 3.12503e-17 3.39416e-18 
0 2.80912e-17 1.70336e-16 9.60975e-16 5.16238e-15 2.64193e-14 1.28787e-13 5.97885e-13 2.6428e-12 1.11198e-11 4.45231e-11 1.69582e-10 6.14214e-10 2.1146e-09 6.91699e-09 2.14876e-08 6.33624e-08 1.77273e-07 4.70339e-07 1.18288e-06 2.81876e-06 6.36235e-06 1.35998e-05 2.75287e-05 5.27814e-05 9.59098e-05 0.000165343 0.000270873 0.000422721 0.000630519 0.000902784 0.00124744 0.00167351 0.00219349 0.0028253 0.00359263 0.00452325 0.00564574 0.00698576 0.00856335 0.010392 0.0124796 0.0148298 0.0174438 0.0203205 0.0234559 0.0268412 0.0304614 0.0342939 0.0383082 0.0424674 0.0467294 0.0510493 0.0553813 0.0596803 0.0639031 0.0680095 0.0719622 0.0757274 0.0792753 0.0825803 0.085621 0.088381 0.0908489 0.0930184 0.094888 0.0964611 0.0977454 0.0987522 0.0994962 0.0999942 0.100265 0.100329 0.100207 0.099919 0.0994868 0.0989305 0.0982695 0.0975227 0.0967075 0.0958405 0.0949371 0.0940113 0.0930759 0.0921429 0.0912228 0.090325 0.0894582 0.0886299 0.0878468 0.0871146 0.0864386 0.0858232 0.085272 0.0847883 0.0843747 0.0840335 0.0837664 0.0835747 0.0834593 0.0834208 0.0834593 0.0835747 0.0837664 0.0840335 0.0843747 0.0847883 0.085272 0.0858232 0.0864386 0.0871146 0.0878468 0.0886299 0.0894582 0.090325 0.0912228 0.0921429 0.0930759 0.0940113 0.0949371 0.0958405 0.0967075 0.0975227 0.0982695 0.0989305 0.0994868 0.099919 0.100207 0.100329 0.100265 0.0999942 0.0994962 0.0987522 0.0977454 0.0964611 0.094888 0.0930184 0.0908489 0.088381 0.085621 0.0825803 0.0792753 0.0757274 0.0719622 0.0680095 0.0639031 0.0596803 0.0553813 0.0510493 0.0467294 0.0424674 0.0383082 0.0342939 0.0304614 0.0268412 0.0234559 0.0203205 0.0174438 0.0148298 0.0124796 0.010392 0.00856335 0.00698576 0.00564574 0.00452325 0.00359263 0.0028253 0.00219349 0.00167351 0.00124744 0.000902784 0.000630519 0.000422721 0.000270873 0.000165343 9.59098e-05 5.27814e-05 2.75287e-05 1.35998e-05 6.36235e-06 2.81876e-06 1.18288e-06 4.70339e-07 1.77273e-07 6.33624e-08 2.14876e-08 6.91699e-09 2.1146e-09 6.14214e-10 1.69582e-10 4.45231e-11 1.11198e-11 2.6428e-12 5.97885e-13 1.28787e-13 2.64193e-14 5.16235e-15 9.60752e-16 1.68903e-16 1.93613e-17 
0 1.50069e-16 8.77475e-16 4.76482e-15 2.46328e-14 1.21298e-13 5.68842e-13 2.53992e-12 1.07948e-11 4.36556e-11 1.67932e-10 6.14214e-10 2.13505e-09 7.05007e-09 2.21032e-08 6.576e-08 1.85557e-07 4.96324e-07 1.25774e-06 3.01814e-06 6.85521e-06 1.47333e-05 2.99581e-05 5.76385e-05 0.000104979 0.000181177 0.000296781 0.000462581 0.000688494 0.000983149 0.00135479 0.00181358 0.00237438 0.00305869 0.00389429 0.00491245 0.00614354 0.007613 0.00933914 0.0113334 0.0136024 0.0161497 0.0189772 0.0220844 0.025466 0.0291097 0.0329946 0.0370901 0.0413577 0.0457524 0.0502256 0.0547274 0.0592083 0.0636207 0.0679191 0.0720611 0.0760077 0.0797236 0.0831777 0.0863444 0.0892033 0.0917405 0.093948 0.0958241 0.0973727 0.098603 0.0995283 0.100166 0.100535 0.100658 0.100556 0.100255 0.0997763 0.0991444 0.0983813 0.0975089 0.0965475 0.0955165 0.0944337 0.0933157 0.0921776 0.091033 0.0898943 0.0887724 0.0876772 0.0866171 0.0855997 0.0846314 0.0837178 0.0828637 0.0820731 0.0813495 0.0806957 0.0801141 0.0796066 0.0791748 0.0788199 0.078543 0.0783446 0.0782255 0.0781857 0.0782255 0.0783446 0.078543 0.0788199 0.0791748 0.0796066 0.0801141 0.0806957 0.0813495 0.0820731 0.0828637 0.0837178 0.0846314 0.0855997 0.0866171 0.0876772 0.0887724 0.0898943 0.091033 0.0921776 0.0933157 0.0944337 0.0955165 0.0965475 0.0975089 0.0983813 0.0991444 0.0997763 0.100255 0.100556 0.100658 0.100535 0.100166 0.0995283 0.098603 0.0973727 0.0958241 0.093948 0.0917405 0.0892033 0.0863444 0.0831777 0.0797236 0.0760077 0.0720611 0.0679191 0.0636207 0.0592083 0.0547274 0.0502256 0.0457524 0.0413577 0.0370901 0.0329946 0.0291097 0.025466 0.0220844 0.0189772 0.0161497 0.0136024 0.0113334 0.00933914 0.007613 0.00614354 0.00491245 0.00389429 0.00305869 0.00237438 0.00181358 0.00135479 0.000983149 0.000688494 0.000462581 0.000296781 0.000181177 0.000104979 5.76385e-05 2.99581e-05 1.47333e-05 6.85521e-06 3.01814e-06 1.25774e-06 4.96324e-07 1.85557e-07 6.576e-08 2.21032e-08 7.05007e-09 2.13505e-09 6.14214e-10 1.67932e-10 4.36556e-11 1.07948e-11 2.53992e-12 5.68842e-13 1.21298e-13 2.46326e-14 4.76357e-15 8.69813e-16 1.05263e-16 
0 7.63764e-16 4.30711e-15 2.25111e-14 1.11985e-13 5.30529e-13 2.39303e-12 1.02741e-11 4.19709e-11 1.63076e-10 6.02403e-10 2.1146e-09 7.05007e-09 2.23122e-08 6.69923e-08 1.90711e-07 5.1443e-07 1.31405e-06 3.17667e-06 7.26409e-06 1.57055e-05 3.20973e-05 6.20057e-05 0.000113267 0.000195826 0.000320958 0.000499985 0.000743075 0.00105897 0.00145636 0.00194676 0.00254778 0.00328482 0.00418979 0.00529699 0.00663777 0.00823651 0.0101094 0.0122664 0.0147136 0.0174558 0.0204963 0.0238342 0.0274616 0.0313604 0.0355017 0.0398465 0.0443476 0.0489536 0.0536105 0.0582648 0.062864 0.0673573 0.0716963 0.0758357 0.0797333 0.0833521 0.0866605 0.0896338 0.0922546 0.0945133 0.0964074 0.0979413 0.0991256 0.0999754 0.10051 0.100752 0.100726 0.100458 0.0999727 0.0992977 0.0984588 0.0974811 0.0963888 0.0952048 0.0939505 0.0926457 0.0913085 0.0899552 0.0886005 0.0872575 0.0859375 0.0846504 0.0834048 0.0822078 0.0810655 0.0799831 0.0789645 0.0780133 0.0771321 0.076323 0.0755878 0.0749277 0.0743438 0.0738367 0.0734069 0.0730549 0.0727809 0.0725851 0.0724676 0.0724284 0.0724676 0.0725851 0.0727809 0.0730549 0.0734069 0.0738367 0.0743438 0.0749277 0.0755878 0.076323 0.0771321 0.0780133 0.0789645 0.0799831 0.0810655 0.0822078 0.0834048 0.0846504 0.0859375 0.0872575 0.0886005 0.0899552 0.0913085 0.0926457 0.0939505 0.0952048 0.0963888 0.0974811 0.0984588 0.0992977 0.0999727 0.100458 0.100726 0.100752 0.10051 0.0999754 0.0991256 0.0979413 0.0964074 0.0945133 0.0922546 0.0896338 0.0866605 0.0833521 0.0797333 0.0758357 0.0716963 0.0673573 0.062864 0.0582648 0.0536105 0.0489536 0.0443476 0.0398465 0.0355017 0.0313604 0.0274616 0.0238342 0.0204963 0.0174558 0.0147136 0.0122664 0.0101094 0.00823651 0.00663777 0.00529699 0.00418979 0.00328482 0.00254778 0.00194676 0.00145636 0.00105897 0.000743075 0.000499985 0.000320958 0.000195826 0.000113267 6.20057e-05 3.20973e-05 1.57055e-05 7.26409e-06 3.17667e-06 1.31405e-06 5.1443e-07 1.90711e-07 6.69923e-08 2.23122e-08 7.05007e-09 2.1146e-09 6.02403e-10 1.63076e-10 4.19709e-11 1.02741e-11 2.39303e-12 5.30529e-13 1.11984e-13 2.25045e-14 4.26822e-15 5.45512e-16 
0 3.70344e-15 2.01453e-14 1.01336e-13 4.85023e-13 2.21025e-12 9.58683e-12 3.95643e-11 1.55293e-10 5.79453e-10 2.05441e-09 6.91699e-09 2.21032e-08 6.69923e-08 1.9246e-07 5.23726e-07 1.34901e-06 3.28687e-06 7.57059e-06 1.6475e-05 3.38613e-05 6.57221e-05 0.000120493 0.000208839 0.000342731 0.000534002 0.000793053 0.00112877 0.00155038 0.002071 0.00271128 0.0035007 0.00447518 0.00567151 0.00712118 0.00884689 0.0108628 0.013178 0.0157998 0.0187348 0.0219873 0.0255551 0.0294251 0.0335717 0.037957 0.0425332 0.0472463 0.0520396 0.0568554 0.0616366 0.0663271 0.0708719 0.0752184 0.0793169 0.0831228 0.0865979 0.0897121 0.0924439 0.0947809 0.0967197 0.0982643 0.0994261 0.100222 0.100672 0.100803 0.10064 0.100212 0.0995482 0.098679 0.0976333 0.0964399 0.0951261 0.0937178 0.0922392 0.0907124 0.0891577 0.0875929 0.0860339 0.0844943 0.0829861 0.0815191 0.0801017 0.0787407 0.0774414 0.0762083 0.0750446 0.0739529 0.072935 0.071992 0.0711249 0.070334 0.0696194 0.0689811 0.0684189 0.0679326 0.0675218 0.0671863 0.0669256 0.0667396 0.0666281 0.066591 0.0666281 0.0667396 0.0669256 0.0671863 0.0675218 0.0679326 0.0684189 0.0689811 0.0696194 0.070334 0.0711249 0.071992 0.072935 0.0739529 0.0750446 0.0762083 0.0774414 0.0787407 0.0801017 0.0815191 0.0829861 0.0844943 0.0860339 0.0875929 0.0891577 0.0907124 0.0922392 0.0937178 0.0951261 0.0964399 0.0976333 0.098679 0.0995482 0.100212 0.10064 0.100803 0.100672 0.100222 0.0994261 0.0982643 0.0967197 0.0947809 0.0924439 0.0897121 0.0865979 0.0831228 0.0793169 0.0752184 0.0708719 0.0663271 0.0616366 0.0568554 0.0520396 0.0472463 0.0425332 0.037957 0.0335717 0.0294251 0.0255551 0.0219873 0.0187348 0.0157998 0.013178 0.0108628 0.00884689 0.00712118 0.00567151 0.00447518 0.0035007 0.00271128 0.002071 0.00155038 0.00112877 0.000793053 0.000534002 0.000342731 0.000208839 0.000120493 6.57221e-05 3.38613e-05 1.6475e-05 7.57059e-06 3.28687e-06 1.34901e-06 5.23726e-07 1.9246e-07 6.69923e-08 2.21032e-08 6.91699e-09 2.05441e-09 5.79453e-10 1.55293e-10 3.95643e-11 9.58683e-12 2.21025e-12 4.85018e-13 1.01302e-13 1.9958e-14 2.69504e-15 
0 1.71099e-14 8.97851e-14 4.34638e-13 2.00122e-12 8.77006e-12 3.6568e-11 1.45013e-10 5.46649e-10 1.95784e-09 6.65828e-09 2.14876e-08 6.576e-08 1.90711e-07 5.23726e-07 1.36087e-06 3.34336e-06 7.7605e-06 1.70081e-05 3.51777e-05 6.86462e-05 0.000126405 0.000219801 0.00036148 0.000563774 0.000837328 0.0011912 0.00163526 0.00218441 0.00286252 0.00370324 0.00474627 0.00603025 0.00758614 0.0094346 0.0115883 0.0140565 0.0168488 0.0199741 0.023437 0.0272315 0.0313378 0.035721 0.0403343 0.0451227 0.0500269 0.0549863 0.0599397 0.0648256 0.0695825 0.0741498 0.0784695 0.0824883 0.0861605 0.0894493 0.0923282 0.0947812 0.0968026 0.0983954 0.0995704 0.100345 0.100741 0.100785 0.100507 0.0999371 0.0991094 0.098057 0.0968135 0.0954116 0.0938827 0.0922565 0.0905605 0.0888195 0.0870559 0.0852893 0.0835368 0.0818128 0.0801295 0.0784967 0.0769224 0.0754131 0.0739735 0.0726071 0.0713165 0.0701033 0.0689683 0.0679119 0.0669339 0.0660337 0.0652108 0.0644641 0.0637926 0.0631954 0.0626713 0.0622193 0.0618386 0.0615283 0.0612877 0.0611162 0.0610135 0.0609793 0.0610135 0.0611162 0.0612877 0.0615283 0.0618386 0.0622193 0.0626713 0.0631954 0.0637926 0.0644641 0.0652108 0.0660337 0.0669339 0.0679119 0.0689683 0.0701033 0.0713165 0.0726071 0.0739735 0.0754131 0.0769224 0.0784967 0.0801295 0.0818128 0.0835368 0.0852893 0.0870559 0.0888195 0.0905605 0.0922565 0.0938827 0.0954116 0.0968135 0.098057 0.0991094 0.0999371 0.100507 0.100785 0.100741 0.100345 0.0995704 0.0983954 0.0968026 0.0947812 0.0923282 0.0894493 0.0861605 0.0824883 0.0784695 0.0741498 0.0695825 0.0648256 0.0599397 0.0549863 0.0500269 0.0451227 0.0403343 0.035721 0.0313378 0.0272315 0.023437 0.0199741 0.0168488 0.0140565 0.0115883 0.0094346 0.00758614 0.00603025 0.00474627 0.00370324 0.00286252 0.00218441 0.00163526 0.0011912 0.000837328 0.000563774 0.00036148 0.000219801 0.000126405 6.86462e-05 3.51777e-05 1.70081e-05 7.7605e-06 3.34336e-06 1.36087e-06 5.23726e-07 1.90711e-07 6.576e-08 2.14876e-08 6.65828e-09 1.95784e-09 5.46649e-10 1.45013e-10 3.6568e-11 8.77005e-12 2.00119e-12 4.34481e-13 8.89291e-14 1.26937e-14 
0 7.53163e-14 3.81305e-13 1.77614e-12 7.86531e-12 3.31385e-11 1.32785e-10 5.05768e-10 1.83019e-09 6.28811e-09 2.04991e-08 6.33624e-08 1.85557e-07 5.1443e-07 1.34901e-06 3.34336e-06 7.82483e-06 1.72809e-05 3.59908e-05 7.06631e-05 0.000130791 0.000228357 0.000376665 0.000588549 0.000874929 0.00124509 0.0017096 0.00228525 0.00299922 0.00388932 0.00499869 0.0063673 0.00802502 0.00999047 0.0122754 0.0148909 0.0178494 0.0211622 0.024832 0.0288476 0.0331801 0.0377856 0.0426096 0.0475917 0.052669 0.057777 0.0628498 0.0678195 0.0726176 0.077177 0.081435 0.0853369 0.0888382 0.0919062 0.09452 0.0966701 0.098357 0.0995899 0.100385 0.100765 0.100757 0.100393 0.0997078 0.0987379 0.0975217 0.0960973 0.0945025 0.0927731 0.090943 0.0890429 0.0871009 0.0851414 0.0831859 0.0812524 0.0793562 0.0775098 0.0757233 0.0740044 0.0723593 0.0707921 0.069306 0.0679027 0.066583 0.065347 0.0641942 0.0631236 0.0621336 0.0612228 0.0603893 0.0596311 0.0589465 0.0583334 0.0577902 0.0573151 0.0569067 0.0565634 0.0562843 0.0560682 0.0559144 0.0558223 0.0557917 0.0558223 0.0559144 0.0560682 0.0562843 0.0565634 0.0569067 0.0573151 0.0577902 0.0583334 0.0589465 0.0596311 0.0603893 0.0612228 0.0621336 0.0631236 0.0641942 0.065347 0.066583 0.0679027 0.069306 0.0707921 0.0723593 0.0740044 0.0757233 0.0775098 0.0793562 0.0812524 0.0831859 0.0851414 0.0871009 0.0890429 0.090943 0.0927731 0.0945025 0.0960973 0.0975217 0.0987379 0.0997078 0.100393 0.100757 0.100765 0.100385 0.0995899 0.098357 0.0966701 0.09452 0.0919062 0.0888382 0.0853369 0.081435 0.077177 0.0726176 0.0678195 0.0628498 0.057777 0.052669 0.0475917 0.0426096 0.0377856 0.0331801 0.0288476 0.024832 0.0211622 0.0178494 0.0148909 0.0122754 0.00999047 0.00802502 0.0063673 0.00499869 0.00388932 0.00299922 0.00228525 0.0017096 0.00124509 0.000874929 0.000588549 0.000376665 0.000228357 0.000130791 7.06631e-05 3.59908e-05 1.72809e-05 7.82483e-06 3.34336e-06 1.34901e-06 5.1443e-07 1.85557e-07 6.33624e-08 2.04991e-08 6.28811e-09 1.83019e-09 5.05768e-10 1.32785e-10 3.31384e-11 7.86518e-12 1.77542e-12 3.77599e-13 5.70028e-14 
0 3.15888e-13 1.54302e-12 6.91482e-12 2.94431e-11 1.19225e-10 4.58918e-10 1.67815e-09 5.82618e-09 1.91907e-08 5.99277e-08 1.77273e-07 4.96324e-07 1.31405e-06 3.28687e-06 7.7605e-06 1.72809e-05 3.62658e-05 7.16923e-05 0.000133489 0.000234225 0.000387841 0.0006077 0.000905042 0.00128942 0.00177216 0.00237193 0.00311921 0.00405583 0.00522809 0.00667682 0.0084305 0.0105059 0.012915 0.0156715 0.0187916 0.0222875 0.0261589 0.0303866 0.0349326 0.0397448 0.0447629 0.049923 0.0551586 0.0604006 0.0655758 0.070608 0.0754208 0.0799415 0.0841052 0.0878584 0.0911607 0.0939846 0.0963153 0.0981488 0.0994909 0.100356 0.100765 0.100746 0.100334 0.0995662 0.0984839 0.0971304 0.0955494 0.0937836 0.0918738 0.089858 0.0877706 0.0856424 0.0835004 0.0813677 0.0792638 0.0772051 0.0752048 0.0732733 0.0714187 0.069647 0.0679625 0.0663676 0.0648638 0.0634512 0.0621291 0.0608961 0.0597502 0.0586893 0.0577105 0.0568112 0.0559884 0.0552395 0.0545616 0.0539521 0.0534084 0.0529283 0.0525097 0.0521508 0.0518498 0.0516055 0.0514166 0.0512824 0.0512021 0.0511753 0.0512021 0.0512824 0.0514166 0.0516055 0.0518498 0.0521508 0.0525097 0.0529283 0.0534084 0.0539521 0.0545616 0.0552395 0.0559884 0.0568112 0.0577105 0.0586893 0.0597502 0.0608961 0.0621291 0.0634512 0.0648638 0.0663676 0.0679625 0.069647 0.0714187 0.0732733 0.0752048 0.0772051 0.0792638 0.0813677 0.0835004 0.0856424 0.0877706 0.089858 0.0918738 0.0937836 0.0955494 0.0971304 0.0984839 0.0995662 0.100334 0.100746 0.100765 0.100356 0.0994909 0.0981488 0.0963153 0.0939846 0.0911607 0.0878584 0.0841052 0.0799415 0.0754208 0.070608 0.0655758 0.0604006 0.0551586 0.049923 0.0447629 0.0397448 0.0349326 0.0303866 0.0261589 0.0222875 0.0187916 0.0156715 0.012915 0.0105059 0.0084305 0.00667682 0.00522809 0.00405583 0.00311921 0.00237193 0.00177216 0.00128942 0.000905042 0.0006077 0.000387841 0.000234225 0.000133489 7.16923e-05 3.62658e-05 1.72809e-05 7.7605e-06 3.28687e-06 1.31405e-06 4.96324e-07 1.77273e-07 5.99277e-08 1.91907e-08 5.82618e-09 1.67815e-09 4.58918e-10 1.19225e-10 2.94425e-11 6.91177e-12 1.52782e-12 2.44066e-13 
0 1.26233e-12 5.94955e-12 2.56456e-11 1.04967e-10 4.08363e-10 1.50929e-09 5.29591e-09 1.76296e-08 5.56334e-08 1.66286e-07 4.70339e-07 1.25774e-06 3.17667e-06 7.57059e-06 1.70081e-05 3.59908e-05 7.16923e-05 0.000134399 0.000237209 0.000394681 0.000620743 0.000927019 0.00132339 0.00182191 0.00244306 0.00322048 0.00419982 0.00543029 0.00695329 0.00879583 0.0109733 0.0134988 0.0163896 0.0196657 0.023339 0.0274039 0.0318324 0.0365775 0.0415808 0.0467786 0.052104 0.0574863 0.0628487 0.0681087 0.0731809 0.077982 0.0824361 0.0864793 0.0900615 0.0931472 0.0957139 0.0977514 0.09926 0.10025 0.100741 0.10076 0.100344 0.0995342 0.0983761 0.0969185 0.0952104 0.0932999 0.0912326 0.0890507 0.0867924 0.0844916 0.082178 0.079877 0.0776104 0.0753958 0.073248 0.0711783 0.0691955 0.067306 0.0655138 0.0638214 0.0622295 0.0607375 0.059344 0.0580464 0.0568419 0.0557269 0.054698 0.0537512 0.0528828 0.0520889 0.0513661 0.0507107 0.0501197 0.04959 0.0491189 0.0487039 0.0483429 0.0480338 0.047775 0.0475652 0.0474032 0.0472881 0.0472193 0.0471964 0.0472193 0.0472881 0.0474032 0.0475652 0.047775 0.0480338 0.0483429 0.0487039 0.0491189 0.04959 0.0501197 0.0507107 0.0513661 0.0520889 0.0528828 0.0537512 0.054698 0.0557269 0.0568419 0.0580464 0.059344 0.0607375 0.0622295 0.0638214 0.0655138 0.067306 0.0691955 0.0711783 0.073248 0.0753958 0.0776104 0.079877 0.082178 0.0844916 0.0867924 0.0890507 0.0912326 0.0932999 0.0952104 0.0969185 0.0983761 0.0995342 0.100344 0.10076 0.100741 0.10025 0.09926 0.0977514 0.0957139 0.0931472 0.0900615 0.0864793 0.0824361 0.077982 0.0731809 0.0681087 0.0628487 0.0574863 0.052104 0.0467786 0.0415808 0.0365775 0.0318324 0.0274039 0.023339 0.0196657 0.0163896 0.0134988 0.0109733 0.00879583 0.00695329 0.00543029 0.00419982 0.00322048 0.00244306 0.00182191 0.00132339 0.000927019 0.000620743 0.000394681 0.000237209 0.000134399 7.16923e-05 3.59908e-05 1.70081e-05 7.57059e-06 3.17667e-06 1.25774e-06 4.70339e-07 1.66286e-07 5.56334e-08 1.76296e-08 5.29591e-09 1.50929e-09 4.08363e-10 1.04964e-10 2.56333e-11 5.89062e-12 9.96405e-13 
