0 0 0 0 0 0 0 0 0 0 0 0 0 0 0 0 0 0 0 0 0 0 0 0 0 0 0 0 0 0 0 0 0 0 0 0 0 0 0 0 0 0 0 0 0 0 0 0 0 0 0 0 0 0 0 0 0 0 0 0 0 0 0 0 0 0 0 0 0 0 0 0 0 0 0 0 0 0 0 0 0 0 0 0 0 0 0 0 0 0 0 0 0 0 0 0 0 0 0 0 0 0 0 0 0 0 0 0 0 0 0 0 0 0 0 0 0 0 0 0 0 0 0 0 0 0 0 0 0 0 0 0 0 0 0 0 0 0 0 0 0 0 0 0 0 0 0 0 0 0 0 0 0 0 0 0 0 0 0 0 0 0 0 0 0 0 0 0 0 0 0 0 0 0 0 0 0 0 0 0 0 0 0 0 0 0 0 0 0 0 0 0 0 0 0 0 0 0 0 0 
0 2.88408e-09 9.62502e-09 2.82336e-08 7.83344e-08 2.06775e-07 5.19236e-07 1.23956e-06 2.81121e-06 6.05256e-06 1.23628e-05 2.39433e-05 4.39506e-05 7.64539e-05 0.00012607 0.000197238 0.000293312 0.000415884 0.000564911 0.00074004 0.000942945 0.00117976 0.00146219 0.00180607 0.00222747 0.00273764 0.00333915 0.00402512 0.00478198 0.00559426 0.00644891 0.00733714 0.00825281 0.00918863 0.010132 0.0110629 0.011954 0.0127739 0.0134917 0.0140804 0.0145198 0.0147967 0.0149043 0.0148401 0.0146041 0.0141982 0.0136259 0.0128929 0.0120083 0.0109849 0.00983952 0.00859288 0.00726825 0.00589029 0.00448362 0.00307156 0.00167521 0.000312786 -0.00100051 -0.00225252 -0.00343382 -0.00453744 -0.00555852 -0.00649394 -0.00734215 -0.00810292 -0.00877721 -0.00936706 -0.00987546 -0.0103062 -0.0106639 -0.0109537 -0.011181 -0.0113517 -0.0114717 -0.0115469 -0.0115832 -0.0115861 -0.0115607 -0.0115121 -0.0114447 -0.0113625 -0.0112691 -0.0111679 -0.0110618 -0.0109531 -0.010844 -0.0107365 -0.0106321 -0.0105322 -0.010438 -0.0103503 -0.0102701 -0.0101979 -0.0101344 -0.01008 -0.0100351 -0.00999984 -0.00997453 -0.00995928 -0.00995419 -0.00995928 -0.00997453 -0.00999984 -0.0100351 -0.01008 -0.0101344 -0.0101979 -0.0102701 -0.0103503 -0.010438 -0.0105322 -0.0106321 -0.0107365 -0.010844 -0.0109531 -0.0110618 -0.0111679 -0.0112691 -0.0113625 -0.0114447 -0.0115121 -0.0115607 -0.0115861 -0.0115832 -0.0115469 -0.0114717 -0.0113517 -0.011181 -0.0109537 -0.0106639 -0.0103062 -0.00987546 -0.00936706 -0.00877721 -0.00810292 -0.00734215 -0.00649394 -0.00555852 -0.00453744 -0.00343382 -0.00225252 -0.00100051 0.000312786 0.00167521 0.00307156 0.00448362 0.00589029 0.00726825 0.00859288 0.00983952 0.0109849 0.0120083 0.0128929 0.0136259 0.0141982 0.0146041 0.0148401 0.0149043 0.0147967 0.0145198 0.0140804 0.0134917 0.0127739 0.011954 0.0110629 0.010132 0.00918863 0.00825281 0.00733714 0.00644891 0.00559426 0.00478198 0.00402512 0.00333915 0.00273764 0.00222747 0.00180607 0.00146219 0.00117976 0.000942945 0.00074004 0.000564911 0.000415884 0.000293312 0.000197238 0.00012607 7.64539e-05 4.39506e-05 2.39433e-05 1.23628e-05 6.05256e-06 2.81121e-06 1.23956e-06 5.19235e-07 2.06771e-07 7.83193e-08 2.81852e-08 9.47934e-09 2.47572e-09 
0 9.62502e-09 3.12763e-08 8.89063e-08 2.38794e-07 6.10039e-07 1.48238e-06 3.42436e-06 7.51519e-06 1.566e-05 3.09687e-05 5.81027e-05 0.000103414 0.000174666 0.000280194 0.000427605 0.000622492 0.000867926 0.00116549 0.00151802 0.00193312 0.00242586 0.00301854 0.00373693 0.004604 0.00563367 0.00682738 0.0081748 0.00965795 0.0112561 0.0129492 0.0147179 0.0165412 0.0183927 0.0202379 0.0220343 0.0237329 0.0252827 0.0266343 0.0277437 0.0285745 0.0290987 0.0292963 0.0291556 0.028672 0.0278483 0.0266945 0.025228 0.023473 0.02146 0.019225 0.016808 0.0142513 0.0115981 0.00889078 0.00616991 0.00347292 0.000833549 -0.00171876 -0.00415905 -0.00646693 -0.00862655 -0.0106263 -0.0124587 -0.0141199 -0.0156093 -0.0169294 -0.0180848 -0.0190826 -0.019931 -0.0206399 -0.0212197 -0.0216814 -0.0220363 -0.0222957 -0.0224704 -0.0225712 -0.0226081 -0.0225906 -0.0225275 -0.022427 -0.0222964 -0.0221425 -0.0219715 -0.0217885 -0.0215985 -0.0214056 -0.0212136 -0.0210257 -0.0208445 -0.0206726 -0.0205119 -0.0203642 -0.0202308 -0.0201131 -0.020012 -0.0199282 -0.0198625 -0.0198152 -0.0197867 -0.0197772 -0.0197867 -0.0198152 -0.0198625 -0.0199282 -0.020012 -0.0201131 -0.0202308 -0.0203642 -0.0205119 -0.0206726 -0.0208445 -0.0210257 -0.0212136 -0.0214056 -0.0215985 -0.0217885 -0.0219715 -0.0221425 -0.0222964 -0.022427 -0.0225275 -0.0225906 -0.0226081 -0.0225712 -0.0224704 -0.0222957 -0.0220363 -0.0216814 -0.0212197 -0.0206399 -0.019931 -0.0190826 -0.0180848 -0.0169294 -0.0156093 -0.0141199 -0.0124587 -0.0106263 -0.00862655 -0.00646693 -0.00415905 -0.00171876 0.000833549 0.00347292 0.00616991 0.00889078 0.0115981 0.0142513 0.016808 0.019225 0.02146 0.023473 0.025228 0.0266945 0.0278483 0.028672 0.0291556 0.0292963 0.0290987 0.0285745 0.0277437 0.0266343 0.0252827 0.0237329 0.0220343 0.0202379 0.0183927 0.0165412 0.0147179 0.0129492 0.0112561 0.00965795 0.0081748 0.00682738 0.00563367 0.004604 0.00373693 0.00301854 0.00242586 0.00193312 0.00151802 0.00116549 0.000867926 0.000622492 0.000427605 0.000280194 0.000174666 0.000103414 5.81027e-05 3.09687e-05 1.566e-05 7.51519e-06 3.42436e-06 1.48238e-06 6.10023e-07 2.38744e-07 8.87531e-08 3.08397e-08 8.47965e-09 
0 2.82336e-08 8.89063e-08 2.43374e-07 6.28351e-07 1.54173e-06 3.59574e-06 7.96751e-06 1.6764e-05 3.34786e-05 6.34439e-05 0.000114094 0.000194801 0.000316102 0.000488404 0.000720614 0.00101952 0.00139068 0.00184103 0.00238222 0.00303297 0.00381867 0.00476763 0.00590547 0.00725006 0.00880936 0.0105823 0.0125611 0.0147332 0.0170809 0.0195791 0.0221928 0.0248764 0.027575 0.0302278 0.0327716 0.0351439 0.0372849 0.0391375 0.0406486 0.0417692 0.0424569 0.0426783 0.0424112 0.0416471 0.0403919 0.0386652 0.0364987 0.0339338 0.0310192 0.027808 0.0243559 0.0207195 0.0169551 0.0131176 0.00925972 0.00543108 0.00167748 -0.00195997 -0.00544548 -0.00874916 -0.0118473 -0.0147223 -0.0173628 -0.0197628 -0.0219215 -0.0238424 -0.0255325 -0.0270018 -0.0282624 -0.029328 -0.0302134 -0.0309336 -0.031504 -0.0319399 -0.032256 -0.0324667 -0.0325854 -0.032625 -0.0325973 -0.0325135 -0.0323837 -0.0322172 -0.0320224 -0.0318069 -0.0315775 -0.0313404 -0.0311008 -0.0308635 -0.0306326 -0.0304117 -0.0302039 -0.0300117 -0.0298375 -0.0296831 -0.02955 -0.0294395 -0.0293525 -0.0292899 -0.0292522 -0.0292395 -0.0292522 -0.0292899 -0.0293525 -0.0294395 -0.02955 -0.0296831 -0.0298375 -0.0300117 -0.0302039 -0.0304117 -0.0306326 -0.0308635 -0.0311008 -0.0313404 -0.0315775 -0.0318069 -0.0320224 -0.0322172 -0.0323837 -0.0325135 -0.0325973 -0.032625 -0.0325854 -0.0324667 -0.032256 -0.0319399 -0.031504 -0.0309336 -0.0302134 -0.029328 -0.0282624 -0.0270018 -0.0255325 -0.0238424 -0.0219215 -0.0197628 -0.0173628 -0.0147223 -0.0118473 -0.00874916 -0.00544548 -0.00195997 0.00167748 0.00543108 0.00925972 0.0131176 0.0169551 0.0207195 0.0243559 0.027808 0.0310192 0.0339338 0.0364987 0.0386652 0.0403919 0.0416471 0.0424112 0.0426783 0.0424569 0.0417692 0.0406486 0.0391375 0.0372849 0.0351439 0.0327716 0.0302278 0.027575 0.0248764 0.0221928 0.0195791 0.0170809 0.0147332 0.0125611 0.0105823 0.00880936 0.00725006 0.00590547 0.00476763 0.00381867 0.00303297 0.00238222 0.00184103 0.00139068 0.00101952 0.000720614 0.000488404 0.000316102 0.000194801 0.000114094 6.34439e-05 3.34786e-05 1.6764e-05 7.96751e-06 3.59573e-06 1.54168e-06 6.28207e-07 2.42962e-07 8.78233e-08 2.56736e-08 
0 7.83344e-08 2.38794e-07 6.28351e-07 1.55589e-06 3.65693e-06 8.16208e-06 1.72916e-05 3.47557e-05 6.62628e-05 0.000119837 0.000205695 0.00033549 0.000521028 0.000772977 0.00110044 0.00151221 0.00201967 0.00264013 0.00339853 0.00432556 0.00545258 0.00680538 0.00840031 0.0102446 0.0123401 0.0146867 0.0172825 0.0201199 0.0231788 0.0264222 0.0297947 0.0332265 0.0366396 0.0399546 0.0430949 0.0459883 0.0485663 0.0507637 0.0525183 0.0537732 0.0544801 0.0546027 0.0541198 0.0530274 0.0513382 0.0490805 0.0462958 0.0430359 0.0393598 0.0353321 0.0310197 0.0264911 0.0218144 0.0170558 0.0122787 0.00754212 0.00289997 -0.0016 -0.00591675 -0.0100164 -0.0138721 -0.0174643 -0.0207798 -0.0238116 -0.0265582 -0.0290227 -0.0312123 -0.0331373 -0.0348107 -0.0362472 -0.0374631 -0.0384755 -0.0393019 -0.0399598 -0.0404666 -0.0408391 -0.0410936 -0.0412454 -0.041309 -0.0412979 -0.0412245 -0.0411003 -0.0409358 -0.0407403 -0.0405224 -0.0402897 -0.0400489 -0.0398059 -0.039566 -0.0393339 -0.0391134 -0.0389079 -0.0387204 -0.0385534 -0.0384088 -0.0382883 -0.0381933 -0.0381247 -0.0380833 -0.0380695 -0.0380833 -0.0381247 -0.0381933 -0.0382883 -0.0384088 -0.0385534 -0.0387204 -0.0389079 -0.0391134 -0.0393339 -0.039566 -0.0398059 -0.0400489 -0.0402897 -0.0405224 -0.0407403 -0.0409358 -0.0411003 -0.0412245 -0.0412979 -0.041309 -0.0412454 -0.0410936 -0.0408391 -0.0404666 -0.0399598 -0.0393019 -0.0384755 -0.0374631 -0.0362472 -0.0348107 -0.0331373 -0.0312123 -0.0290227 -0.0265582 -0.0238116 -0.0207798 -0.0174643 -0.0138721 -0.0100164 -0.00591675 -0.0016 0.00289997 0.00754212 0.0122787 0.0170558 0.0218144 0.0264911 0.0310197 0.0353321 0.0393598 0.0430359 0.0462958 0.0490805 0.0513382 0.0530274 0.0541198 0.0546027 0.0544801 0.0537732 0.0525183 0.0507637 0.0485663 0.0459883 0.0430949 0.0399546 0.0366396 0.0332265 0.0297947 0.0264222 0.0231788 0.0201199 0.0172825 0.0146867 0.0123401 0.0102446 0.00840031 0.00680538 0.00545258 0.00432556 0.00339853 0.00264013 0.00201967 0.00151221 0.00110044 0.000772977 0.000521028 0.00033549 0.000205695 0.000119837 6.62628e-05 3.47557e-05 1.72916e-05 8.16204e-06 3.6568e-06 1.55551e-06 6.27358e-07 2.36462e-07 7.37177e-08 
0 2.06775e-07 6.10039e-07 1.54173e-06 3.65693e-06 8.22234e-06 1.75363e-05 3.54641e-05 6.79859e-05 0.000123547 0.000212937 0.000348494 0.000542772 0.000807252 0.00115213 0.001588 0.00212939 0.00279839 0.00362606 0.0046494 0.0059045 0.00741923 0.00920955 0.0112815 0.0136371 0.0162785 0.0192082 0.0224229 0.0259057 0.0296205 0.033511 0.0375051 0.041521 0.0454726 0.0492731 0.0528366 0.0560781 0.0589157 0.0612727 0.0630808 0.0642845 0.0648425 0.0647303 0.0639391 0.0624758 0.0603615 0.0576298 0.0543257 0.0505047 0.0462305 0.0415737 0.0366095 0.0314154 0.0260684 0.0206428 0.0152085 0.00982907 0.00456098 -0.000546938 -0.00545363 -0.0101256 -0.0145366 -0.0186671 -0.0225036 -0.0260382 -0.0292683 -0.0321955 -0.0348254 -0.0371669 -0.039232 -0.0410345 -0.0425905 -0.0439169 -0.0450317 -0.0459532 -0.0466996 -0.047289 -0.0477389 -0.048066 -0.0482862 -0.0484143 -0.0484642 -0.0484488 -0.0483796 -0.0482674 -0.0481218 -0.0479516 -0.0477644 -0.0475672 -0.0473661 -0.0471666 -0.0469734 -0.0467904 -0.0466214 -0.0464692 -0.0463364 -0.046225 -0.0461367 -0.0460727 -0.046034 -0.0460211 -0.046034 -0.0460727 -0.0461367 -0.046225 -0.0463364 -0.0464692 -0.0466214 -0.0467904 -0.0469734 -0.0471666 -0.0473661 -0.0475672 -0.0477644 -0.0479516 -0.0481218 -0.0482674 -0.0483796 -0.0484488 -0.0484642 -0.0484143 -0.0482862 -0.048066 -0.0477389 -0.047289 -0.0466996 -0.0459532 -0.0450317 -0.0439169 -0.0425905 -0.0410345 -0.039232 -0.0371669 -0.0348254 -0.0321955 -0.0292683 -0.0260382 -0.0225036 -0.0186671 -0.0145366 -0.0101256 -0.00545363 -0.000546938 0.00456098 0.00982907 0.0152085 0.0206428 0.0260684 0.0314154 0.0366095 0.0415737 0.0462305 0.0505047 0.0543257 0.0576298 0.0603615 0.0624758 0.0639391 0.0647303 0.0648425 0.0642845 0.0630808 0.0612727 0.0589157 0.0560781 0.0528366 0.0492731 0.0454726 0.041521 0.0375051 0.033511 0.0296205 0.0259057 0.0224229 0.0192082 0.0162785 0.0136371 0.0112815 0.00920955 0.00741923 0.0059045 0.0046494 0.00362606 0.00279839 0.00212939 0.001588 0.00115213 0.000807252 0.000542772 0.000348494 0.000212937 0.000123547 6.79858e-05 3.5464e-05 1.75362e-05 8.222e-06 3.65603e-06 1.53965e-06 6.06029e-07 2.01839e-07 
0 5.19236e-07 1.48238e-06 3.59574e-06 8.16208e-06 1.75363e-05 3.56981e-05 6.88405e-05 0.000125752 0.000217695 0.000357561 0.000558448 0.000832324 0.00118993 0.00164284 0.00220755 0.0029096 0.00378476 0.00487512 0.00622099 0.00785277 0.00978767 0.0120331 0.0145934 0.017474 0.0206791 0.0242043 0.0280283 0.0321099 0.0363899 0.0407971 0.0452535 0.0496766 0.0539794 0.0580696 0.0618508 0.0652262 0.0681047 0.0704068 0.0720695 0.0730483 0.073317 0.0728664 0.0717011 0.0698386 0.067308 0.064149 0.0604121 0.0561573 0.0514528 0.046373 0.0409961 0.0354007 0.0296642 0.0238599 0.0180556 0.0123126 0.00668515 0.00122004 -0.00404314 -0.00907182 -0.0138401 -0.0183283 -0.0225225 -0.0264144 -0.0300002 -0.0332807 -0.0362606 -0.0389476 -0.0413525 -0.0434881 -0.045369 -0.0470111 -0.048431 -0.0496459 -0.0506731 -0.0515297 -0.0522325 -0.0527976 -0.0532407 -0.0535764 -0.0538187 -0.0539805 -0.0540739 -0.0541101 -0.0540992 -0.0540506 -0.0539727 -0.0538731 -0.0537588 -0.0536358 -0.0535095 -0.0533846 -0.0532654 -0.0531552 -0.0530571 -0.0529735 -0.0529065 -0.0528576 -0.0528278 -0.0528178 -0.0528278 -0.0528576 -0.0529065 -0.0529735 -0.0530571 -0.0531552 -0.0532654 -0.0533846 -0.0535095 -0.0536358 -0.0537588 -0.0538731 -0.0539727 -0.0540506 -0.0540992 -0.0541101 -0.0540739 -0.0539805 -0.0538187 -0.0535764 -0.0532407 -0.0527976 -0.0522325 -0.0515297 -0.0506731 -0.0496459 -0.048431 -0.0470111 -0.045369 -0.0434881 -0.0413525 -0.0389476 -0.0362606 -0.0332807 -0.0300002 -0.0264144 -0.0225225 -0.0183283 -0.0138401 -0.00907182 -0.00404314 0.00122004 0.00668515 0.0123126 0.0180556 0.0238599 0.0296642 0.0354007 0.0409961 0.046373 0.0514528 0.0561573 0.0604121 0.064149 0.067308 0.0698386 0.0717011 0.0728664 0.073317 0.0730483 0.0720695 0.0704068 0.0681047 0.0652262 0.0618508 0.0580696 0.0539794 0.0496766 0.0452535 0.0407971 0.0363899 0.0321099 0.0280283 0.0242043 0.0206791 0.017474 0.0145934 0.0120331 0.00978767 0.00785277 0.00622099 0.00487512 0.00378476 0.0029096 0.00220755 0.00164284 0.00118993 0.000832324 0.000558448 0.000357561 0.000217695 0.000125752 6.88404e-05 3.56978e-05 1.75355e-05 8.16026e-06 3.59235e-06 1.47882e-06 5.27003e-07 
0 1.23956e-06 3.42436e-06 7.96751e-06 1.72916e-05 3.54641e-05 6.88405e-05 0.00012649 0.000220089 0.000363035 0.000568932 0.000850176 0.0012179 0.00168436 0.00226747 0.00299532 0.00390725 0.00504906 0.00646383 0.00818336 0.0102258 0.0126008 0.015317 0.0183851 0.0218123 0.0255922 0.0296971 0.0340772 0.0386671 0.0433931 0.0481789 0.0529444 0.0576038 0.0620633 0.0662225 0.0699801 0.0732407 0.0759214 0.077956 0.0792966 0.079913 0.079791 0.0789313 0.0773486 0.0750708 0.0721379 0.0686014 0.0645218 0.0599663 0.0550066 0.049716 0.0441676 0.0384326 0.032579 0.026671 0.0207682 0.0149253 0.00919131 0.00360969 -0.00178227 -0.00695341 -0.0118788 -0.0165393 -0.0209217 -0.0250178 -0.0288239 -0.0323406 -0.0355717 -0.0385238 -0.041206 -0.0436291 -0.0458051 -0.0477474 -0.0494699 -0.050987 -0.0523133 -0.0534636 -0.0544525 -0.0552943 -0.0560029 -0.056592 -0.0570745 -0.0574626 -0.057768 -0.0580018 -0.058174 -0.0582941 -0.0583709 -0.0584123 -0.0584254 -0.0584169 -0.0583926 -0.0583576 -0.0583165 -0.0582732 -0.058231 -0.0581928 -0.0581608 -0.0581367 -0.0581217 -0.0581167 -0.0581217 -0.0581367 -0.0581608 -0.0581928 -0.058231 -0.0582732 -0.0583165 -0.0583576 -0.0583926 -0.0584169 -0.0584254 -0.0584123 -0.0583709 -0.0582941 -0.058174 -0.0580018 -0.057768 -0.0574626 -0.0570745 -0.056592 -0.0560029 -0.0552943 -0.0544525 -0.0534636 -0.0523133 -0.050987 -0.0494699 -0.0477474 -0.0458051 -0.0436291 -0.041206 -0.0385238 -0.0355717 -0.0323406 -0.0288239 -0.0250178 -0.0209217 -0.0165393 -0.0118788 -0.00695341 -0.00178227 0.00360969 0.00919131 0.0149253 0.0207682 0.026671 0.032579 0.0384326 0.0441676 0.049716 0.0550066 0.0599663 0.0645218 0.0686014 0.0721379 0.0750708 0.0773486 0.0789313 0.079791 0.079913 0.0792966 0.077956 0.0759214 0.0732407 0.0699801 0.0662225 0.0620633 0.0576038 0.0529444 0.0481789 0.0433931 0.0386671 0.0340772 0.0296971 0.0255922 0.0218123 0.0183851 0.015317 0.0126008 0.0102258 0.00818336 0.00646383 0.00504906 0.00390725 0.00299532 0.00226747 0.00168436 0.0012179 0.000850176 0.000568932 0.000363035 0.000220089 0.00012649 6.88398e-05 3.54625e-05 1.72888e-05 7.96521e-06 3.4346e-06 1.31168e-06 
0 2.81121e-06 7.51519e-06 1.6764e-05 3.47557e-05 6.79859e-05 0.000125752 0.000220089 0.000364871 0.000574216 0.000860973 0.00123667 0.00171412 0.00231239 0.00306169 0.00400428 0.00518888 0.00666037 0.00845091 0.0105787 0.0130551 0.0158929 0.0191083 0.0227116 0.0266948 0.0310243 0.0356435 0.0404817 0.0454632 0.0505098 0.0555386 0.0604588 0.0651712 0.0695726 0.073563 0.0770518 0.0799631 0.0822361 0.0838249 0.0846977 0.0848362 0.0842366 0.0829104 0.0808849 0.0782018 0.0749148 0.0710863 0.066784 0.0620773 0.0570348 0.0517232 0.0462062 0.0405442 0.0347943 0.02901 0.0232412 0.0175335 0.0119282 0.00646154 0.00116451 -0.00393696 -0.00882207 -0.0134749 -0.0178838 -0.0220414 -0.0259435 -0.0295891 -0.0329798 -0.0361193 -0.0390133 -0.0416691 -0.0440951 -0.0463009 -0.0482971 -0.0500948 -0.0517055 -0.0531413 -0.0544142 -0.0555363 -0.0565197 -0.0573761 -0.058117 -0.0587535 -0.0592961 -0.059755 -0.0601397 -0.060459 -0.0607213 -0.0609344 -0.0611052 -0.0612402 -0.0613453 -0.0614257 -0.0614859 -0.0615301 -0.0615617 -0.0615837 -0.0615983 -0.0616075 -0.0616124 -0.061614 -0.0616124 -0.0616075 -0.0615983 -0.0615837 -0.0615617 -0.0615301 -0.0614859 -0.0614257 -0.0613453 -0.0612402 -0.0611052 -0.0609344 -0.0607213 -0.060459 -0.0601397 -0.059755 -0.0592961 -0.0587535 -0.058117 -0.0573761 -0.0565197 -0.0555363 -0.0544142 -0.0531413 -0.0517055 -0.0500948 -0.0482971 -0.0463009 -0.0440951 -0.0416691 -0.0390133 -0.0361193 -0.0329798 -0.0295891 -0.0259435 -0.0220414 -0.0178838 -0.0134749 -0.00882207 -0.00393696 0.00116451 0.00646154 0.0119282 0.0175335 0.0232412 0.02901 0.0347943 0.0405442 0.0462062 0.0517232 0.0570348 0.0620773 0.066784 0.0710863 0.0749148 0.0782018 0.0808849 0.0829104 0.0842366 0.0848362 0.0846977 0.0838249 0.0822361 0.0799631 0.0770518 0.073563 0.0695726 0.0651712 0.0604588 0.0555386 0.0505098 0.0454632 0.0404817 0.0356435 0.0310243 0.0266948 0.0227116 0.0191083 0.0158929 0.0130551 0.0105787 0.00845091 0.00666037 0.00518888 0.00400428 0.00306169 0.00231239 0.00171412 0.00123667 0.000860973 0.000574216 0.000364871 0.000220088 0.000125751 6.79836e-05 3.47546e-05 1.67761e-05 7.58993e-06 3.11077e-06 
0 6.05256e-06 1.566e-05 3.34786e-05 6.62628e-05 0.000123547 0.000217695 0.000363035 0.000574216 0.000864591 0.00124612 0.00173211 0.00234259 0.00310956 0.00407783 0.0052987 0.00681851 0.00866943 0.0108693 0.0134305 0.0163695 0.0197066 0.023454 0.027601 0.0321082 0.0369142 0.0419463 0.047129 0.0523821 0.0576172 0.062734 0.0676244 0.0721801 0.0763023 0.0799068 0.0829262 0.085308 0.0870124 0.0880114 0.0882899 0.0878468 0.0866972 0.0848715 0.0824139 0.0793788 0.0758271 0.0718233 0.067432 0.0627171 0.0577399 0.0525594 0.0472309 0.0418065 0.0363337 0.030856 0.0254119 0.0200353 0.0147553 0.00959698 0.0045814 -0.000273707 -0.00495357 -0.00944606 -0.0137414 -0.0178321 -0.0217125 -0.0253792 -0.0288306 -0.0320668 -0.0350897 -0.0379027 -0.0405107 -0.0429196 -0.0451365 -0.0471691 -0.0490261 -0.0507163 -0.052249 -0.0536337 -0.05488 -0.0559973 -0.056995 -0.0578824 -0.0586682 -0.0593613 -0.0599697 -0.0605013 -0.0609635 -0.0613632 -0.0617071 -0.0620009 -0.0622502 -0.06246 -0.0626347 -0.0627781 -0.0628938 -0.0629845 -0.0630526 -0.0631 -0.0631279 -0.0631371 -0.0631279 -0.0631 -0.0630526 -0.0629845 -0.0628938 -0.0627781 -0.0626347 -0.06246 -0.0622502 -0.0620009 -0.0617071 -0.0613632 -0.0609635 -0.0605013 -0.0599697 -0.0593613 -0.0586682 -0.0578824 -0.056995 -0.0559973 -0.05488 -0.0536337 -0.052249 -0.0507163 -0.0490261 -0.0471691 -0.0451365 -0.0429196 -0.0405107 -0.0379027 -0.0350897 -0.0320668 -0.0288306 -0.0253792 -0.0217125 -0.0178321 -0.0137414 -0.00944606 -0.00495357 -0.000273707 0.0045814 0.00959698 0.0147553 0.0200353 0.0254119 0.030856 0.0363337 0.0418065 0.0472309 0.0525594 0.0577399 0.0627171 0.067432 0.0718233 0.0758271 0.0793788 0.0824139 0.0848715 0.0866972 0.0878468 0.0882899 0.0880114 0.0870124 0.085308 0.0829262 0.0799068 0.0763023 0.0721801 0.0676244 0.062734 0.0576172 0.0523821 0.047129 0.0419463 0.0369142 0.0321082 0.027601 0.023454 0.0197066 0.0163695 0.0134305 0.0108693 0.00866943 0.00681851 0.0052987 0.00407783 0.00310956 0.00234259 0.00173211 0.00124612 0.000864591 0.000574216 0.000363034 0.000217693 0.000123547 6.62762e-05 3.3554e-05 1.59555e-05 7.0272e-06 
0 1.23628e-05 3.09687e-05 6.34439e-05 0.000119837 0.000212937 0.000357561 0.000568932 0.000860973 0.00124612 0.00173814 0.00235779 0.00313855 0.00412748 0.00537826 0.00693878 0.00884134 0.0111034 0.0137383 0.0167656 0.0202089 0.0240804 0.0283653 0.033018 0.0379729 0.0431574 0.048497 0.05391 0.0593007 0.0645594 0.0695695 0.0742191 0.0784107 0.0820642 0.0851168 0.0875198 0.0892372 0.090247 0.0905424 0.090134 0.0890485 0.0873264 0.0850183 0.0821803 0.0788714 0.0751512 0.0710787 0.0667122 0.0621082 0.0573212 0.0524024 0.0473987 0.0423517 0.0372975 0.0322665 0.0272839 0.0223704 0.0175431 0.0128166 0.00820341 0.00371456 -0.000640028 -0.00485144 -0.0089118 -0.0128143 -0.0165533 -0.0201243 -0.0235241 -0.0267509 -0.029804 -0.0326837 -0.0353916 -0.03793 -0.0403024 -0.0425128 -0.0445659 -0.046467 -0.048222 -0.0498368 -0.051318 -0.0526724 -0.0539066 -0.0550276 -0.0560423 -0.0569576 -0.05778 -0.0585162 -0.0591724 -0.0597545 -0.0602682 -0.0607189 -0.0611114 -0.0614502 -0.0617395 -0.0619827 -0.0621832 -0.0623435 -0.0624659 -0.0625521 -0.0626034 -0.0626203 -0.0626034 -0.0625521 -0.0624659 -0.0623435 -0.0621832 -0.0619827 -0.0617395 -0.0614502 -0.0611114 -0.0607189 -0.0602682 -0.0597545 -0.0591724 -0.0585162 -0.05778 -0.0569576 -0.0560423 -0.0550276 -0.0539066 -0.0526724 -0.051318 -0.0498368 -0.048222 -0.046467 -0.0445659 -0.0425128 -0.0403024 -0.03793 -0.0353916 -0.0326837 -0.029804 -0.0267509 -0.0235241 -0.0201243 -0.0165533 -0.0128143 -0.0089118 -0.00485144 -0.000640028 0.00371456 0.00820341 0.0128166 0.0175431 0.0223704 0.0272839 0.0322665 0.0372975 0.0423517 0.0473987 0.0524024 0.0573212 0.0621082 0.0667122 0.0710787 0.0751512 0.0788714 0.0821803 0.0850183 0.0873264 0.0890485 0.090134 0.0905424 0.090247 0.0892372 0.0875198 0.0851168 0.0820642 0.0784107 0.0742191 0.0695695 0.0645594 0.0593007 0.05391 0.048497 0.0431574 0.0379729 0.033018 0.0283653 0.0240804 0.0202089 0.0167656 0.0137383 0.0111034 0.00884134 0.00693878 0.00537826 0.00412748 0.00313855 0.00235779 0.00173814 0.00124612 0.000860972 0.000568931 0.000357562 0.000212951 0.000119911 6.37296e-05 3.19075e-05 1.51164e-05 
0 2.39433e-05 5.81027e-05 0.000114094 0.000205695 0.000348494 0.000558448 0.000850176 0.00123667 0.00173211 0.00235779 0.00314827 0.0041525 0.00542652 0.00701995 0.00896562 0.0112809 0.0139801 0.0170854 0.0206231 0.0246049 0.0290107 0.0337886 0.038869 0.0441801 0.0496478 0.0551866 0.0606925 0.0660466 0.0711271 0.0758222 0.0800373 0.0836954 0.0867339 0.0891036 0.0907695 0.0917149 0.0919435 0.0914793 0.0903635 0.0886486 0.0863935 0.0836594 0.0805069 0.0769957 0.073184 0.0691281 0.0648815 0.0604939 0.0560102 0.051469 0.0469031 0.0423389 0.0377976 0.0332961 0.028848 0.0244642 0.0201541 0.0159257 0.0117859 0.00774111 0.00379688 -4.17256e-05 -0.00377012 -0.00738414 -0.0108799 -0.0142539 -0.0175029 -0.0206238 -0.0236141 -0.0264716 -0.0291947 -0.0317822 -0.0342336 -0.0365492 -0.0387299 -0.0407772 -0.0426935 -0.0444816 -0.0461449 -0.0476872 -0.049113 -0.0504267 -0.0516331 -0.0527372 -0.0537441 -0.0546586 -0.0554857 -0.0562302 -0.0568966 -0.0574895 -0.0580128 -0.0584704 -0.0588657 -0.0592019 -0.0594816 -0.0597072 -0.0598807 -0.0600035 -0.0600768 -0.0601012 -0.0600768 -0.0600035 -0.0598807 -0.0597072 -0.0594816 -0.0592019 -0.0588657 -0.0584704 -0.0580128 -0.0574895 -0.0568966 -0.0562302 -0.0554857 -0.0546586 -0.0537441 -0.0527372 -0.0516331 -0.0504267 -0.049113 -0.0476872 -0.0461449 -0.0444816 -0.0426935 -0.0407772 -0.0387299 -0.0365492 -0.0342336 -0.0317822 -0.0291947 -0.0264716 -0.0236141 -0.0206238 -0.0175029 -0.0142539 -0.0108799 -0.00738414 -0.00377012 -4.17256e-05 0.00379688 0.00774111 0.0117859 0.0159257 0.0201541 0.0244642 0.028848 0.0332961 0.0377976 0.0423389 0.0469031 0.051469 0.0560102 0.0604939 0.0648815 0.0691281 0.073184 0.0769957 0.0805069 0.0836594 0.0863935 0.0886486 0.0903635 0.0914793 0.0919435 0.0917149 0.0907695 0.0891036 0.0867339 0.0836954 0.0800373 0.0758222 0.0711271 0.0660466 0.0606925 0.0551866 0.0496478 0.0441801 0.038869 0.0337886 0.0290107 0.0246049 0.0206231 0.0170854 0.0139801 0.0112809 0.00896562 0.00701995 0.00542652 0.0041525 0.00314827 0.00235779 0.00173211 0.00123667 0.000850177 0.000558463 0.000348565 0.000205966 0.000114982 6.07142e-05 3.09596e-05 
0 4.39506e-05 0.000103414 0.000194801 0.00033549 0.000542772 0.000832324 0.0012179 0.00171412 0.00234259 0.00313855 0.0041525 0.00544269 0.00706085 0.00904084 0.0114003 0.0141544 0.0173278 0.020949 0.025029 0.0295427 0.0344316 0.0396235 0.0450466 0.0506263 0.0562708 0.0618656 0.0672834 0.0723997 0.0771057 0.0813104 0.0849379 0.0879243 0.0902187 0.0917883 0.0926233 0.0927383 0.0921692 0.0909678 0.089195 0.086916 0.0841978 0.0811069 0.0777094 0.0740688 0.0702449 0.0662915 0.0622546 0.0581721 0.0540736 0.0499814 0.0459121 0.0418779 0.0378879 0.033949 0.0300667 0.0262451 0.0224873 0.0187955 0.0151712 0.0116155 0.00812926 0.00471369 0.00137026 -0.00189894 -0.00509121 -0.00820325 -0.0112313 -0.0141712 -0.0170188 -0.0197699 -0.0224206 -0.0249675 -0.0274076 -0.0297386 -0.0319587 -0.034067 -0.0360631 -0.0379473 -0.0397203 -0.0413837 -0.0429393 -0.0443892 -0.0457361 -0.0469829 -0.0481326 -0.0491883 -0.0501534 -0.0510311 -0.0518246 -0.0525372 -0.0531718 -0.0537312 -0.0542182 -0.0546352 -0.0549843 -0.0552673 -0.0554857 -0.0556409 -0.0557337 -0.0557645 -0.0557337 -0.0556409 -0.0554857 -0.0552673 -0.0549843 -0.0546352 -0.0542182 -0.0537312 -0.0531718 -0.0525372 -0.0518246 -0.0510311 -0.0501534 -0.0491883 -0.0481326 -0.0469829 -0.0457361 -0.0443892 -0.0429393 -0.0413837 -0.0397203 -0.0379473 -0.0360631 -0.034067 -0.0319587 -0.0297386 -0.0274076 -0.0249675 -0.0224206 -0.0197699 -0.0170188 -0.0141712 -0.0112313 -0.00820325 -0.00509121 -0.00189894 0.00137026 0.00471369 0.00812926 0.0116155 0.0151712 0.0187955 0.0224873 0.0262451 0.0300667 0.033949 0.0378879 0.0418779 0.0459121 0.0499814 0.0540736 0.0581721 0.0622546 0.0662915 0.0702449 0.0740688 0.0777094 0.0811069 0.0841978 0.086916 0.089195 0.0909678 0.0921692 0.0927383 0.0926233 0.0917883 0.0902187 0.0879243 0.0849379 0.0813104 0.0771057 0.0723997 0.0672834 0.0618656 0.0562708 0.0506263 0.0450466 0.0396235 0.0344316 0.0295427 0.025029 0.020949 0.0173278 0.0141544 0.0114003 0.00904084 0.00706085 0.00544269 0.0041525 0.00313855 0.00234259 0.00171413 0.00121792 0.000832391 0.000543024 0.000336315 0.000197236 0.000109994 6.0371e-05 
0 7.64539e-05 0.000174666 0.000316102 0.000521028 0.000807252 0.00118993 0.00168436 0.00231239 0.00310956 0.00412748 0.00542652 0.00706085 0.00906602 0.0114603 0.0142597 0.0174907 0.0211841 0.0253503 0.0299599 0.0349488 0.040242 0.0457684 0.0514513 0.0571904 0.0628598 0.0683243 0.0734592 0.0781588 0.0823339 0.085907 0.0888116 0.0909971 0.0924362 0.0931295 0.0931028 0.0924015 0.0910834 0.0892138 0.086862 0.0841007 0.0810046 0.077648 0.074102 0.0704308 0.0666892 0.0629209 0.0591591 0.0554276 0.0517424 0.0481138 0.0445481 0.041048 0.0376142 0.0342452 0.0309378 0.0276881 0.0244915 0.0213435 0.0182399 0.0151779 0.0121556 0.00917251 0.00622942 0.00332832 0.000472141 -0.00233546 -0.00509032 -0.00778796 -0.0104238 -0.0129932 -0.0154918 -0.0179153 -0.0202598 -0.0225217 -0.0246977 -0.0267851 -0.0287817 -0.0306854 -0.0324951 -0.0342097 -0.035829 -0.0373528 -0.0387816 -0.0401161 -0.0413575 -0.0425071 -0.0435665 -0.0445373 -0.0454214 -0.0462206 -0.0469369 -0.0475721 -0.0481279 -0.048606 -0.0490079 -0.0493348 -0.049588 -0.0497681 -0.0498759 -0.0499118 -0.0498759 -0.0497681 -0.049588 -0.0493348 -0.0490079 -0.048606 -0.0481279 -0.0475721 -0.0469369 -0.0462206 -0.0454214 -0.0445373 -0.0435665 -0.0425071 -0.0413575 -0.0401161 -0.0387816 -0.0373528 -0.035829 -0.0342097 -0.0324951 -0.0306854 -0.0287817 -0.0267851 -0.0246977 -0.0225217 -0.0202598 -0.0179153 -0.0154918 -0.0129932 -0.0104238 -0.00778796 -0.00509032 -0.00233546 0.000472141 0.00332832 0.00622942 0.00917251 0.0121556 0.0151779 0.0182399 0.0213435 0.0244915 0.0276881 0.0309378 0.0342452 0.0376142 0.041048 0.0445481 0.0481138 0.0517424 0.0554276 0.0591591 0.0629209 0.0666892 0.0704308 0.074102 0.077648 0.0810046 0.0841007 0.086862 0.0892138 0.0910834 0.0924015 0.0931028 0.0931295 0.0924362 0.0909971 0.0888116 0.085907 0.0823339 0.0781588 0.0734592 0.0683243 0.0628598 0.0571904 0.0514513 0.0457684 0.040242 0.0349488 0.0299599 0.0253503 0.0211841 0.0174907 0.0142597 0.0114603 0.00906602 0.00706085 0.00542652 0.00412748 0.00310956 0.00231241 0.00168443 0.00119016 0.000808006 0.000523262 0.000322175 0.000189935 0.000112113 
0 0.00012607 0.000280194 0.000488404 0.000772977 0.00115213 0.00164284 0.00226747 0.00306169 0.00407783 0.00537826 0.00701995 0.00904084 0.0114603 0.0142949 0.0175725 0.0213261 0.0255662 0.03026 0.0353386 0.0407248 0.0463477 0.0521277 0.0579551 0.063692 0.069197 0.0743464 0.0790367 0.0831769 0.0866849 0.089491 0.0915475 0.0928363 0.0933697 0.0931838 0.0923305 0.0908715 0.0888756 0.0864177 0.083578 0.0804396 0.0770837 0.0735855 0.0700105 0.0664121 0.0628322 0.0593022 0.0558445 0.0524743 0.0492006 0.0460269 0.0429519 0.0399702 0.0370731 0.0342499 0.031489 0.0287791 0.0261098 0.0234727 0.0208611 0.0182705 0.0156983 0.0131434 0.0106062 0.00808796 0.00559091 0.00311788 0.000672284 -0.00174204 -0.0041209 -0.00645981 -0.0087541 -0.010999 -0.0131898 -0.0153217 -0.0173904 -0.0193916 -0.0213216 -0.0231768 -0.0249543 -0.0266515 -0.0282663 -0.0297972 -0.0312429 -0.0326027 -0.033876 -0.0350628 -0.0361633 -0.0371777 -0.0381067 -0.038951 -0.0397114 -0.0403888 -0.0409839 -0.0414977 -0.0419309 -0.0422843 -0.0425585 -0.0427539 -0.0428711 -0.0429101 -0.0428711 -0.0427539 -0.0425585 -0.0422843 -0.0419309 -0.0414977 -0.0409839 -0.0403888 -0.0397114 -0.038951 -0.0381067 -0.0371777 -0.0361633 -0.0350628 -0.033876 -0.0326027 -0.0312429 -0.0297972 -0.0282663 -0.0266515 -0.0249543 -0.0231768 -0.0213216 -0.0193916 -0.0173904 -0.0153217 -0.0131898 -0.010999 -0.0087541 -0.00645981 -0.0041209 -0.00174204 0.000672284 0.00311788 0.00559091 0.00808796 0.0106062 0.0131434 0.0156983 0.0182705 0.0208611 0.0234727 0.0261098 0.0287791 0.031489 0.0342499 0.0370731 0.0399702 0.0429519 0.0460269 0.0492006 0.0524743 0.0558445 0.0593022 0.0628322 0.0664121 0.0700105 0.0735855 0.0770837 0.0804396 0.083578 0.0864177 0.0888756 0.0908715 0.0923305 0.0931838 0.0933697 0.0928363 0.0915475 0.089491 0.0866849 0.0831769 0.0790367 0.0743464 0.069197 0.063692 0.0579551 0.0521277 0.0463477 0.0407248 0.0353386 0.03026 0.0255662 0.0213261 0.0175725 0.0142949 0.0114603 0.00904084 0.00701995 0.00537826 0.00407785 0.00306175 0.00226767 0.00164351 0.00115414 0.000778494 0.000502387 0.000313138 0.000198392 
0 0.000197238 0.000427605 0.000720614 0.00110044 0.001588 0.00220755 0.00299532 0.00400428 0.0052987 0.00693878 0.00896562 0.0114003 0.0142597 0.0175725 0.0213736 0.0256747 0.0304409 0.0355994 0.0410707 0.0467837 0.0526556 0.0585669 0.0643684 0.0699139 0.0750814 0.079768 0.0838772 0.0873195 0.0900235 0.0919472 0.0930829 0.0934531 0.093101 0.0920822 0.0904623 0.0883164 0.0857283 0.0827879 0.0795859 0.0762073 0.0727272 0.0692089 0.0657036 0.0622518 0.0588852 0.0556274 0.0524945 0.0494952 0.0466307 0.0438963 0.0412818 0.0387736 0.0363563 0.0340139 0.0317315 0.0294956 0.0272946 0.0251186 0.0229599 0.0208121 0.0186706 0.0165321 0.0143947 0.0122579 0.0101223 0.00798972 0.00586302 0.0037459 0.00164275 -0.000441482 -0.00250157 -0.0045321 -0.00652765 -0.0084829 -0.0103927 -0.0122524 -0.0140572 -0.0158033 -0.0174866 -0.0191041 -0.0206525 -0.0221295 -0.0235326 -0.0248601 -0.0261104 -0.0272823 -0.0283746 -0.0293868 -0.0303182 -0.0311685 -0.0319375 -0.0326252 -0.0332315 -0.0337566 -0.0342005 -0.0345634 -0.0348455 -0.0350469 -0.0351677 -0.035208 -0.0351677 -0.0350469 -0.0348455 -0.0345634 -0.0342005 -0.0337566 -0.0332315 -0.0326252 -0.0319375 -0.0311685 -0.0303182 -0.0293868 -0.0283746 -0.0272823 -0.0261104 -0.0248601 -0.0235326 -0.0221295 -0.0206525 -0.0191041 -0.0174866 -0.0158033 -0.0140572 -0.0122524 -0.0103927 -0.0084829 -0.00652765 -0.0045321 -0.00250157 -0.000441482 0.00164275 0.0037459 0.00586302 0.00798972 0.0101223 0.0122579 0.0143947 0.0165321 0.0186706 0.0208121 0.0229599 0.0251186 0.0272946 0.0294956 0.0317315 0.0340139 0.0363563 0.0387736 0.0412818 0.0438963 0.0466307 0.0494952 0.0524945 0.0556274 0.0588852 0.0622518 0.0657036 0.0692089 0.0727272 0.0762073 0.0795859 0.0827879 0.0857283 0.0883164 0.0904623 0.0920822 0.093101 0.0934531 0.0930829 0.0919472 0.0900235 0.0873195 0.0838772 0.079768 0.0750814 0.0699139 0.0643684 0.0585669 0.0526556 0.0467837 0.0410707 0.0355994 0.0304409 0.0256747 0.0213736 0.0175725 0.0142597 0.0114003 0.00896562 0.00693879 0.00529875 0.00400446 0.00299592 0.00220934 0.00159294 0.00111305 0.000750609 0.000494101 0.000334865 
0 0.000293312 0.000622492 0.00101952 0.00151221 0.00212939 0.0029096 0.00390725 0.00518888 0.00681851 0.00884134 0.0112809 0.0141544 0.0174907 0.0213261 0.0256747 0.0305013 0.0357301 0.0412787 0.0470752 0.0530338 0.0590259 0.0648919 0.0704814 0.0756745 0.0803668 0.084453 0.0878358 0.0904443 0.0922444 0.0932376 0.0934532 0.0929375 0.0917482 0.0899567 0.0876481 0.0849177 0.0818645 0.0785843 0.0751629 0.0716736 0.0681779 0.0647265 0.0613606 0.0581133 0.0550083 0.0520603 0.0492749 0.0466497 0.0441762 0.0418414 0.03963 0.0375259 0.0355131 0.0335763 0.031701 0.0298735 0.0280811 0.0263123 0.0245567 0.0228058 0.0210524 0.0192916 0.0175201 0.0157365 0.0139411 0.0121355 0.0103225 0.00850561 0.00668908 0.00487759 0.003076 0.00128935 -0.000477315 -0.00221898 -0.00393074 -0.00560783 -0.00724564 -0.00883979 -0.0103861 -0.0118807 -0.0133199 -0.0147004 -0.0160192 -0.0172733 -0.0184605 -0.0195785 -0.0206253 -0.0215995 -0.0224994 -0.023324 -0.0240723 -0.0247435 -0.0253369 -0.025852 -0.0262884 -0.0266458 -0.026924 -0.0271229 -0.0272422 -0.027282 -0.0272422 -0.0271229 -0.026924 -0.0266458 -0.0262884 -0.025852 -0.0253369 -0.0247435 -0.0240723 -0.023324 -0.0224994 -0.0215995 -0.0206253 -0.0195785 -0.0184605 -0.0172733 -0.0160192 -0.0147004 -0.0133199 -0.0118807 -0.0103861 -0.00883979 -0.00724564 -0.00560783 -0.00393074 -0.00221898 -0.000477315 0.00128935 0.003076 0.00487759 0.00668908 0.00850561 0.0103225 0.0121355 0.0139411 0.0157365 0.0175201 0.0192916 0.0210524 0.0228058 0.0245567 0.0263123 0.0280811 0.0298735 0.031701 0.0335763 0.0355131 0.0375259 0.03963 0.0418414 0.0441762 0.0466497 0.0492749 0.0520603 0.0550083 0.0581133 0.0613606 0.0647265 0.0681779 0.0716736 0.0751629 0.0785843 0.0818645 0.0849177 0.0876481 0.0899567 0.0917482 0.0929375 0.0934532 0.0932376 0.0922444 0.0904443 0.0878358 0.084453 0.0803668 0.0756745 0.0704814 0.0648919 0.0590259 0.0530338 0.0470752 0.0412787 0.0357301 0.0305013 0.0256747 0.0213261 0.0174907 0.0141544 0.0112809 0.00884139 0.00681866 0.0051894 0.00390881 0.00291394 0.00214059 0.00153912 0.00107981 0.00074862 0.000539963 
0 0.000415884 0.000867926 0.00139068 0.00201967 0.00279839 0.00378476 0.00504906 0.00666037 0.00866943 0.0111034 0.0139801 0.0173278 0.0211841 0.0255662 0.0304409 0.0357301 0.0413482 0.0472212 0.0532611 0.059332 0.0652643 0.0709036 0.0761314 0.0808401 0.084914 0.0882477 0.0907737 0.0924675 0.0933367 0.0934122 0.0927412 0.0913851 0.0894234 0.0869538 0.0840821 0.0809131 0.0775447 0.0740618 0.0705374 0.0670346 0.0636068 0.0602973 0.0571391 0.0541534 0.0513503 0.0487307 0.0462877 0.0440103 0.041885 0.039897 0.0380314 0.0362729 0.0346059 0.0330151 0.0314849 0.0300005 0.0285481 0.0271153 0.0256917 0.0242689 0.0228405 0.0214018 0.01995 0.0184835 0.0170021 0.0155062 0.0139973 0.0124776 0.0109497 0.00941684 0.00788268 0.00635127 0.00482689 0.00331416 0.0018177 0.000342336 -0.00110725 -0.00252637 -0.00391052 -0.00525539 -0.00655686 -0.00781113 -0.00901458 -0.010164 -0.0112563 -0.0122888 -0.0132591 -0.014165 -0.0150045 -0.015776 -0.0164779 -0.0171091 -0.0176683 -0.0181547 -0.0185675 -0.018906 -0.0191698 -0.0193585 -0.0194719 -0.0195097 -0.0194719 -0.0193585 -0.0191698 -0.018906 -0.0185675 -0.0181547 -0.0176683 -0.0171091 -0.0164779 -0.015776 -0.0150045 -0.014165 -0.0132591 -0.0122888 -0.0112563 -0.010164 -0.00901458 -0.00781113 -0.00655686 -0.00525539 -0.00391052 -0.00252637 -0.00110725 0.000342336 0.0018177 0.00331416 0.00482689 0.00635127 0.00788268 0.00941684 0.0109497 0.0124776 0.0139973 0.0155062 0.0170021 0.0184835 0.01995 0.0214018 0.0228405 0.0242689 0.0256917 0.0271153 0.0285481 0.0300005 0.0314849 0.0330151 0.0346059 0.0362729 0.0380314 0.039897 0.041885 0.0440103 0.0462877 0.0487307 0.0513503 0.0541534 0.0571391 0.0602973 0.0636068 0.0670346 0.0705374 0.0740618 0.0775447 0.0809131 0.0840821 0.0869538 0.0894234 0.0913851 0.0927412 0.0934122 0.0933367 0.0924675 0.0907737 0.0882477 0.084914 0.0808401 0.0761314 0.0709036 0.0652643 0.059332 0.0532611 0.0472212 0.0413482 0.0357301 0.0304409 0.0255662 0.0211841 0.0173278 0.0139801 0.0111035 0.00866987 0.00666171 0.00505282 0.00379456 0.00282218 0.00207356 0.00150473 0.00109356 0.000833628 
0 0.000564911 0.00116549 0.00184103 0.00264013 0.00362606 0.00487512 0.00646383 0.00845091 0.0108693 0.0137383 0.0170854 0.020949 0.0253503 0.03026 0.0355994 0.0412787 0.0472212 0.053337 0.059485 0.065487 0.0711835 0.0764556 0.0811922 0.0852662 0.0885647 0.0910259 0.0926346 0.0934007 0.0933522 0.0925377 0.0910253 0.0889053 0.0862871 0.0832839 0.080002 0.076539 0.0729811 0.0694039 0.0658751 0.0624519 0.059178 0.0560837 0.0531859 0.0504891 0.0479905 0.0456817 0.0435511 0.0415859 0.0397719 0.0380931 0.0365334 0.0350753 0.0337014 0.0323952 0.0311413 0.0299264 0.0287388 0.027569 0.0264092 0.0252527 0.0240943 0.0229295 0.0217547 0.0205673 0.0193652 0.0181476 0.0169141 0.0156656 0.0144036 0.0131302 0.0118486 0.0105621 0.00927454 0.00799016 0.00671325 0.00544827 0.00419958 0.00297165 0.00176864 0.000594815 -0.000545974 -0.00164985 -0.00271331 -0.00373293 -0.00470558 -0.00562834 -0.00649848 -0.00731356 -0.00807125 -0.00876959 -0.00940664 -0.00998087 -0.0104907 -0.0109351 -0.0113128 -0.0116231 -0.0118651 -0.0120384 -0.0121425 -0.0121772 -0.0121425 -0.0120384 -0.0118651 -0.0116231 -0.0113128 -0.0109351 -0.0104907 -0.00998087 -0.00940664 -0.00876959 -0.00807125 -0.00731356 -0.00649848 -0.00562834 -0.00470558 -0.00373293 -0.00271331 -0.00164985 -0.000545974 0.000594815 0.00176864 0.00297165 0.00419958 0.00544827 0.00671325 0.00799016 0.00927454 0.0105621 0.0118486 0.0131302 0.0144036 0.0156656 0.0169141 0.0181476 0.0193652 0.0205673 0.0217547 0.0229295 0.0240943 0.0252527 0.0264092 0.027569 0.0287388 0.0299264 0.0311413 0.0323952 0.0337014 0.0350753 0.0365334 0.0380931 0.0397719 0.0415859 0.0435511 0.0456817 0.0479905 0.0504891 0.0531859 0.0560837 0.059178 0.0624519 0.0658751 0.0694039 0.0729811 0.076539 0.080002 0.0832839 0.0862871 0.0889053 0.0910253 0.0925377 0.0933522 0.0934007 0.0926346 0.0910259 0.0885647 0.0852662 0.0811922 0.0764556 0.0711835 0.065487 0.059485 0.053337 0.0472212 0.0412787 0.0355994 0.03026 0.0253503 0.020949 0.0170855 0.0137387 0.0108704 0.00845411 0.00647228 0.00489585 0.00367356 0.00274187 0.00204481 0.00154748 0.00123596 
