0 0 0 0 0 0 0 0 0 0 0 0 0 0 0 0 0 0 0 0 0 0 0 0 0 0 0 0 0 0 0 0 0 0 0 0 0 0 0 0 0 0 0 0 0 0 0 0 0 0 0 0 0 0 0 0 0 0 0 0 0 0 0 0 0 0 0 0 0 0 0 0 0 0 0 0 0 0 0 0 0 0 0 0 0 0 0 0 0 0 0 0 0 0 0 0 0 0 0 0 0 0 0 0 0 0 0 0 0 0 0 0 0 0 0 0 0 0 0 0 0 0 0 0 0 0 0 0 0 0 0 0 0 0 0 0 0 0 0 0 0 0 0 0 0 0 0 0 0 0 0 0 0 0 0 0 0 0 0 0 0 0 0 0 0 0 0 0 0 0 0 0 0 0 0 0 0 0 0 0 0 0 0 0 0 0 0 0 0 0 0 0 0 0 0 0 0 0 0 0 
0 9.38476e-20 6.03043e-19 3.61952e-18 2.07203e-17 1.13189e-16 5.90042e-16 2.93516e-15 1.39326e-14 6.31033e-14 2.72681e-13 1.12406e-12 4.41972e-12 1.65732e-11 5.92588e-11 2.02001e-10 6.56342e-10 2.03237e-09 5.99645e-09 1.68552e-08 4.51291e-08 1.15086e-07 2.7951e-07 6.46523e-07 1.42435e-06 2.9893e-06 5.97821e-06 1.13975e-05 2.0728e-05 3.5989e-05 5.9719e-05 9.48373e-05 0.000144381 0.000211161 0.000297432 0.000404706 0.000533809 0.000685238 0.000859749 0.00105902 0.00128617 0.00154595 0.00184444 0.00218834 0.00258397 0.00303617 0.00354745 0.00411743 0.00474282 0.00541779 0.00613464 0.00688457 0.00765846 0.00844739 0.00924299 0.0100375 0.0108235 0.0115942 0.0123424 0.0130613 0.0137436 0.0143822 0.0149701 0.0155009 0.0159687 0.0163688 0.0166974 0.0169525 0.0171332 0.0172402 0.0172753 0.0172416 0.0171432 0.0169851 0.0167728 0.0165122 0.0162095 0.0158711 0.0155031 0.0151117 0.0147029 0.0142822 0.0138552 0.0134266 0.0130012 0.0125832 0.0121764 0.0117845 0.0114106 0.0110574 0.0107275 0.010423 0.010146 0.00989795 0.00968036 0.00949436 0.00934093 0.00922083 0.00913463 0.00908275 0.00906543 0.00908275 0.00913463 0.00922083 0.00934093 0.00949436 0.00968036 0.00989795 0.010146 0.010423 0.0107275 0.0110574 0.0114106 0.0117845 0.0121764 0.0125832 0.0130012 0.0134266 0.0138552 0.0142822 0.0147029 0.0151117 0.0155031 0.0158711 0.0162095 0.0165122 0.0167728 0.0169851 0.0171432 0.0172416 0.0172753 0.0172402 0.0171332 0.0169525 0.0166974 0.0163688 0.0159687 0.0155009 0.0149701 0.0143822 0.0137436 0.0130613 0.0123424 0.0115942 0.0108235 0.0100375 0.00924299 0.00844739 0.00765846 0.00688457 0.00613464 0.00541779 0.00474282 0.00411743 0.00354745 0.00303617 0.00258397 0.00218834 0.00184444 0.00154595 0.00128617 0.00105902 0.000859749 0.000685238 0.000533809 0.000404706 0.000297432 0.000211161 0.000144381 9.48373e-05 5.9719e-05 3.5989e-05 2.0728e-05 1.13975e-05 5.97821e-06 2.9893e-06 1.42435e-06 6.46523e-07 2.7951e-07 1.15086e-07 4.51291e-08 1.68552e-08 5.99645e-09 2.03237e-09 6.56342e-10 2.02001e-10 5.92588e-11 1.65732e-11 4.41972e-12 1.12406e-12 2.72681e-13 6.31033e-14 1.39326e-14 2.93516e-15 5.90042e-16 1.13189e-16 2.07202e-17 3.61876e-18 5.97819e-19 5.98409e-20 
0 6.03043e-19 3.74575e-18 2.1704e-17 1.1996e-16 6.32793e-16 3.18578e-15 1.53067e-14 7.0183e-14 3.07059e-13 1.28175e-12 5.10403e-12 1.93859e-11 7.02179e-11 2.42503e-10 7.98385e-10 2.50525e-09 7.49122e-09 2.13424e-08 5.79236e-08 1.49741e-07 3.68696e-07 8.64639e-07 1.93139e-06 4.11008e-06 8.33495e-06 1.61146e-05 2.9722e-05 5.23407e-05 8.81016e-05 0.000141943 0.000219271 0.000325459 0.000465321 0.000642728 0.000860559 0.00112108 0.00142668 0.00178083 0.00218886 0.00265836 0.00319894 0.00382138 0.00453628 0.00535253 0.00627599 0.0073085 0.00844755 0.00968648 0.0110151 0.0124205 0.0138883 0.0154027 0.0169479 0.0185078 0.0200664 0.0216076 0.0231155 0.0245743 0.0259684 0.0272827 0.0285029 0.0296162 0.030611 0.031478 0.03221 0.0328022 0.0332523 0.0335604 0.033729 0.0337626 0.0336677 0.0334521 0.0331252 0.0326973 0.0321793 0.0315826 0.0309188 0.0301996 0.0294364 0.0286403 0.0278221 0.0269917 0.0261588 0.0253323 0.0245202 0.0237302 0.022969 0.0222428 0.021557 0.0209165 0.0203255 0.0197877 0.0193064 0.0188841 0.0185232 0.0182255 0.0179925 0.0178253 0.0177247 0.0176911 0.0177247 0.0178253 0.0179925 0.0182255 0.0185232 0.0188841 0.0193064 0.0197877 0.0203255 0.0209165 0.021557 0.0222428 0.022969 0.0237302 0.0245202 0.0253323 0.0261588 0.0269917 0.0278221 0.0286403 0.0294364 0.0301996 0.0309188 0.0315826 0.0321793 0.0326973 0.0331252 0.0334521 0.0336677 0.0337626 0.033729 0.0335604 0.0332523 0.0328022 0.03221 0.031478 0.030611 0.0296162 0.0285029 0.0272827 0.0259684 0.0245743 0.0231155 0.0216076 0.0200664 0.0185078 0.0169479 0.0154027 0.0138883 0.0124205 0.0110151 0.00968648 0.00844755 0.0073085 0.00627599 0.00535253 0.00453628 0.00382138 0.00319894 0.00265836 0.00218886 0.00178083 0.00142668 0.00112108 0.000860559 0.000642728 0.000465321 0.000325459 0.000219271 0.000141943 8.81016e-05 5.23407e-05 2.9722e-05 1.61146e-05 8.33495e-06 4.11008e-06 1.93139e-06 8.64639e-07 3.68696e-07 1.49741e-07 5.79236e-08 2.13424e-08 7.49122e-09 2.50525e-09 7.98385e-10 2.42503e-10 7.02179e-11 1.93859e-11 5.10403e-12 1.28175e-12 3.07059e-13 7.0183e-14 1.53067e-14 3.18578e-15 6.32793e-16 1.19959e-16 2.16988e-17 3.71185e-18 3.90441e-19 
0 3.61952e-18 2.1704e-17 1.21209e-16 6.45657e-16 3.28241e-15 1.59254e-14 7.37322e-14 3.25724e-13 1.3728e-12 5.51906e-12 2.11613e-11 7.73666e-11 2.69656e-10 8.9581e-10 2.83579e-09 8.55242e-09 2.4568e-08 6.721e-08 1.7507e-07 4.34168e-07 1.02505e-06 2.30407e-06 4.93135e-06 1.00526e-05 1.95265e-05 3.61649e-05 6.39231e-05 0.000107957 0.000174476 0.000270357 0.0004026 0.000577767 0.000801626 0.00107919 0.00141522 0.00181504 0.00228545 0.00283539 0.00347596 0.0042199 0.00508038 0.00606961 0.00719738 0.00846999 0.00988962 0.0114543 0.0131579 0.0149911 0.0169412 0.018993 0.0211289 0.0233289 0.0255712 0.027832 0.0300863 0.0323081 0.0344712 0.03655 0.0385203 0.0403598 0.0420486 0.04357 0.0449103 0.0460596 0.047011 0.0477612 0.0483099 0.0486599 0.0488166 0.0487877 0.0485831 0.0482145 0.0476949 0.0470385 0.0462604 0.0453762 0.0444018 0.0433531 0.0422458 0.0410952 0.0399161 0.0387224 0.0375274 0.0363434 0.0351818 0.034053 0.0329666 0.031931 0.0309539 0.0300419 0.029201 0.0284362 0.027752 0.0271521 0.0266395 0.0262169 0.0258861 0.0256488 0.025506 0.0254583 0.025506 0.0256488 0.0258861 0.0262169 0.0266395 0.0271521 0.027752 0.0284362 0.029201 0.0300419 0.0309539 0.031931 0.0329666 0.034053 0.0351818 0.0363434 0.0375274 0.0387224 0.0399161 0.0410952 0.0422458 0.0433531 0.0444018 0.0453762 0.0462604 0.0470385 0.0476949 0.0482145 0.0485831 0.0487877 0.0488166 0.0486599 0.0483099 0.0477612 0.047011 0.0460596 0.0449103 0.04357 0.0420486 0.0403598 0.0385203 0.03655 0.0344712 0.0323081 0.0300863 0.027832 0.0255712 0.0233289 0.0211289 0.018993 0.0169412 0.0149911 0.0131579 0.0114543 0.00988962 0.00846999 0.00719738 0.00606961 0.00508038 0.0042199 0.00347596 0.00283539 0.00228545 0.00181504 0.00141522 0.00107919 0.000801626 0.000577767 0.0004026 0.000270357 0.000174476 0.000107957 6.39231e-05 3.61649e-05 1.95265e-05 1.00526e-05 4.93135e-06 2.30407e-06 1.02505e-06 4.34168e-07 1.7507e-07 6.721e-08 2.4568e-08 8.55242e-09 2.83579e-09 8.9581e-10 2.69656e-10 7.73666e-11 2.11613e-11 5.51906e-12 1.3728e-12 3.25724e-13 7.37322e-14 1.59254e-14 3.2824e-15 6.45652e-16 1.21177e-16 2.14989e-17 2.38212e-18 
0 2.07203e-17 1.1996e-16 6.45657e-16 3.31425e-15 1.62352e-14 7.58901e-14 3.38464e-13 1.44004e-12 5.84372e-12 2.26137e-11 8.34301e-11 2.93384e-10 9.83111e-10 3.13837e-09 9.5417e-09 2.76219e-08 7.61163e-08 1.9962e-07 4.98141e-07 1.18269e-06 2.67142e-06 5.74112e-06 1.17415e-05 2.2861e-05 4.24012e-05 7.49829e-05 0.000126586 0.000204341 0.000316075 0.000469698 0.000672677 0.000931838 0.00125368 0.00164517 0.00211482 0.00267353 0.00333491 0.00411468 0.00502941 0.00609477 0.00732382 0.00872576 0.0103054 0.0120632 0.0139958 0.0160968 0.018357 0.0207646 0.0233049 0.02596 0.0287083 0.0315244 0.0343792 0.0372409 0.0400754 0.042848 0.0455246 0.0480726 0.0504624 0.0526678 0.0546667 0.0564415 0.0579788 0.0592697 0.0603094 0.0610969 0.0616348 0.0619289 0.0619878 0.061823 0.0614478 0.0608777 0.0601294 0.059221 0.0581714 0.0569999 0.055726 0.0543691 0.0529482 0.0514818 0.0499875 0.0484819 0.0469809 0.0454989 0.0440495 0.0426447 0.0412957 0.0400123 0.0388036 0.0376771 0.0366397 0.0356974 0.0348551 0.0341171 0.033487 0.0329677 0.0325615 0.0322702 0.0320949 0.0320364 0.0320949 0.0322702 0.0325615 0.0329677 0.033487 0.0341171 0.0348551 0.0356974 0.0366397 0.0376771 0.0388036 0.0400123 0.0412957 0.0426447 0.0440495 0.0454989 0.0469809 0.0484819 0.0499875 0.0514818 0.0529482 0.0543691 0.055726 0.0569999 0.0581714 0.059221 0.0601294 0.0608777 0.0614478 0.061823 0.0619878 0.0619289 0.0616348 0.0610969 0.0603094 0.0592697 0.0579788 0.0564415 0.0546667 0.0526678 0.0504624 0.0480726 0.0455246 0.042848 0.0400754 0.0372409 0.0343792 0.0315244 0.0287083 0.02596 0.0233049 0.0207646 0.018357 0.0160968 0.0139958 0.0120632 0.0103054 0.00872576 0.00732382 0.00609477 0.00502941 0.00411468 0.00333491 0.00267353 0.00211482 0.00164517 0.00125368 0.000931838 0.000672677 0.000469698 0.000316075 0.000204341 0.000126586 7.49829e-05 4.24012e-05 2.2861e-05 1.17415e-05 5.74112e-06 2.67142e-06 1.18269e-06 4.98141e-07 1.9962e-07 7.61163e-08 2.76219e-08 9.5417e-09 3.13837e-09 9.83111e-10 2.93384e-10 8.34301e-11 2.26137e-11 5.84372e-12 1.44004e-12 3.38464e-13 7.58901e-14 1.62352e-14 3.31422e-15 6.45463e-16 1.18779e-16 1.3869e-17 
0 1.13189e-16 6.32793e-16 3.28241e-15 1.62352e-14 7.66224e-14 3.45011e-13 1.48189e-12 6.07037e-12 2.371e-11 8.82787e-11 3.13232e-10 1.05885e-09 3.40903e-09 1.04499e-08 3.0489e-08 8.46425e-08 2.23523e-07 5.61348e-07 1.34039e-06 3.04273e-06 6.56629e-06 1.34727e-05 2.62904e-05 4.88192e-05 8.63387e-05 0.000145607 0.000234561 0.000361746 0.000535633 0.000764125 0.00105457 0.00141444 0.00185255 0.00238036 0.0030128 0.00376813 0.00466668 0.00572876 0.00697233 0.00841119 0.0100539 0.0119039 0.0139599 0.0162173 0.0186688 0.0213045 0.0241119 0.0270752 0.0301741 0.0333842 0.0366759 0.0400154 0.0433656 0.0466873 0.0499407 0.0530867 0.0560882 0.0589115 0.0615263 0.0639071 0.0660327 0.0678867 0.0694574 0.0707379 0.0717256 0.0724221 0.0728331 0.0729677 0.0728384 0.0724602 0.0718509 0.0710297 0.0700176 0.0688363 0.0675083 0.0660561 0.064502 0.062868 0.0611752 0.0594438 0.0576929 0.0559405 0.0542032 0.0524963 0.050834 0.0492288 0.0476923 0.0462346 0.0448648 0.043591 0.0424199 0.0413577 0.0404094 0.0395795 0.0388715 0.0382884 0.0378325 0.0375057 0.0373091 0.0372435 0.0373091 0.0375057 0.0378325 0.0382884 0.0388715 0.0395795 0.0404094 0.0413577 0.0424199 0.043591 0.0448648 0.0462346 0.0476923 0.0492288 0.050834 0.0524963 0.0542032 0.0559405 0.0576929 0.0594438 0.0611752 0.062868 0.064502 0.0660561 0.0675083 0.0688363 0.0700176 0.0710297 0.0718509 0.0724602 0.0728384 0.0729677 0.0728331 0.0724221 0.0717256 0.0707379 0.0694574 0.0678867 0.0660327 0.0639071 0.0615263 0.0589115 0.0560882 0.0530867 0.0499407 0.0466873 0.0433656 0.0400154 0.0366759 0.0333842 0.0301741 0.0270752 0.0241119 0.0213045 0.0186688 0.0162173 0.0139599 0.0119039 0.0100539 0.00841119 0.00697233 0.00572876 0.00466668 0.00376813 0.0030128 0.00238036 0.00185255 0.00141444 0.00105457 0.000764125 0.000535633 0.000361746 0.000234561 0.000145607 8.63387e-05 4.88192e-05 2.62904e-05 1.34727e-05 6.56629e-06 3.04273e-06 1.34039e-06 5.61348e-07 2.23523e-07 8.46425e-08 3.0489e-08 1.04499e-08 3.40903e-09 1.05885e-09 3.13232e-10 8.82787e-11 2.371e-11 6.07037e-12 1.48189e-12 3.45011e-13 7.66223e-14 1.6235e-14 3.2813e-15 6.26322e-16 7.70933e-17 
0 5.90042e-16 3.18578e-15 1.59254e-14 7.58901e-14 3.45011e-13 1.49611e-12 6.18695e-12 2.4393e-11 9.16656e-11 3.28221e-10 1.11944e-09 3.63544e-09 1.12377e-08 3.30524e-08 9.24631e-08 2.45935e-07 6.21747e-07 1.49356e-06 3.40845e-06 7.3886e-06 1.52142e-05 2.97655e-05 5.53551e-05 9.79329e-05 0.000165028 0.000265342 0.000408039 0.000601988 0.000855334 0.00117576 0.00157162 0.00205349 0.00263576 0.0033372 0.00418028 0.00518907 0.0063865 0.00779177 0.00941865 0.011275 0.0133634 0.0156823 0.018227 0.02099 0.023961 0.0271255 0.0304642 0.0339522 0.0375591 0.0412493 0.0449829 0.048718 0.0524114 0.0560204 0.0595043 0.0628249 0.0659471 0.06884 0.0714764 0.0738337 0.0758939 0.0776435 0.0790741 0.080182 0.0809684 0.0814389 0.0816034 0.0814755 0.0810722 0.0804131 0.0795199 0.0784158 0.0771249 0.0756721 0.0740818 0.0723785 0.0705858 0.0687265 0.0668221 0.0648931 0.0629584 0.0610358 0.0591414 0.0572902 0.0554955 0.0537694 0.0521229 0.0505656 0.0491061 0.0477517 0.0465091 0.0453838 0.0443806 0.0435037 0.0427563 0.0421412 0.0416607 0.0413163 0.0411092 0.0410401 0.0411092 0.0413163 0.0416607 0.0421412 0.0427563 0.0435037 0.0443806 0.0453838 0.0465091 0.0477517 0.0491061 0.0505656 0.0521229 0.0537694 0.0554955 0.0572902 0.0591414 0.0610358 0.0629584 0.0648931 0.0668221 0.0687265 0.0705858 0.0723785 0.0740818 0.0756721 0.0771249 0.0784158 0.0795199 0.0804131 0.0810722 0.0814755 0.0816034 0.0814389 0.0809684 0.080182 0.0790741 0.0776435 0.0758939 0.0738337 0.0714764 0.06884 0.0659471 0.0628249 0.0595043 0.0560204 0.0524114 0.048718 0.0449829 0.0412493 0.0375591 0.0339522 0.0304642 0.0271255 0.023961 0.02099 0.018227 0.0156823 0.0133634 0.011275 0.00941865 0.00779177 0.0063865 0.00518907 0.00418028 0.0033372 0.00263576 0.00205349 0.00157162 0.00117576 0.000855334 0.000601988 0.000408039 0.000265342 0.000165028 9.79329e-05 5.53551e-05 2.97655e-05 1.52142e-05 7.3886e-06 3.40845e-06 1.49356e-06 6.21747e-07 2.45935e-07 9.24631e-08 3.30524e-08 1.12377e-08 3.63544e-09 1.11944e-09 3.28221e-10 9.16656e-11 2.4393e-11 6.18695e-12 1.49611e-12 3.45011e-13 7.58891e-14 1.59194e-14 3.15205e-15 4.09173e-16 
0 2.93516e-15 1.53067e-14 7.37322e-14 3.38464e-13 1.48189e-12 6.18695e-12 2.4625e-11 9.34072e-11 3.37554e-10 1.16173e-09 3.80625e-09 1.1867e-08 3.51928e-08 9.92311e-08 2.65912e-07 6.76936e-07 1.6365e-06 3.75587e-06 8.18155e-06 1.69146e-05 3.31921e-05 6.18479e-05 0.000109509 0.000184471 0.000296167 0.000454318 0.000668107 0.000945846 0.00129558 0.00172663 0.00225165 0.00288812 0.00365867 0.00458947 0.00570733 0.00703645 0.0085958 0.0103981 0.0124502 0.0147543 0.0173095 0.0201121 0.0231552 0.0264275 0.0299117 0.0335836 0.037412 0.0413589 0.0453814 0.0494337 0.0534686 0.0574398 0.0613026 0.0650153 0.0685393 0.0718397 0.0748853 0.0776492 0.0801089 0.0822466 0.0840495 0.0855103 0.0866266 0.0874013 0.0878421 0.0879612 0.0877743 0.0873007 0.0865619 0.0855813 0.0843839 0.0829949 0.0814401 0.0797448 0.0779341 0.0760318 0.074061 0.0720436 0.07 0.0679492 0.065909 0.0638956 0.0619238 0.060007 0.0581574 0.0563858 0.0547019 0.0531143 0.0516303 0.0502567 0.048999 0.0478621 0.0468502 0.0459668 0.0452147 0.0445963 0.0441135 0.0437677 0.0435598 0.0434904 0.0435598 0.0437677 0.0441135 0.0445963 0.0452147 0.0459668 0.0468502 0.0478621 0.048999 0.0502567 0.0516303 0.0531143 0.0547019 0.0563858 0.0581574 0.060007 0.0619238 0.0638956 0.065909 0.0679492 0.07 0.0720436 0.074061 0.0760318 0.0779341 0.0797448 0.0814401 0.0829949 0.0843839 0.0855813 0.0865619 0.0873007 0.0877743 0.0879612 0.0878421 0.0874013 0.0866266 0.0855103 0.0840495 0.0822466 0.0801089 0.0776492 0.0748853 0.0718397 0.0685393 0.0650153 0.0613026 0.0574398 0.0534686 0.0494337 0.0453814 0.0413589 0.037412 0.0335836 0.0299117 0.0264275 0.0231552 0.0201121 0.0173095 0.0147543 0.0124502 0.0103981 0.0085958 0.00703645 0.00570733 0.00458947 0.00365867 0.00288812 0.00225165 0.00172663 0.00129558 0.000945846 0.000668107 0.000454318 0.000296167 0.000184471 0.000109509 6.18479e-05 3.31921e-05 1.69146e-05 8.18155e-06 3.75587e-06 1.6365e-06 6.76936e-07 2.65912e-07 9.92311e-08 3.51928e-08 1.1867e-08 3.80625e-09 1.16173e-09 3.37554e-10 9.34072e-11 2.4625e-11 6.18695e-12 1.48189e-12 3.38459e-13 7.37013e-14 1.51395e-14 2.07361e-15 
0 1.39326e-14 7.0183e-14 3.25724e-13 1.44004e-12 6.07037e-12 2.4393e-11 9.34072e-11 3.40723e-10 1.18347e-09 3.91254e-09 1.23059e-08 3.68053e-08 1.04627e-07 2.82551e-07 7.24541e-07 1.76337e-06 4.07163e-06 8.91661e-06 1.85166e-05 3.64634e-05 6.81105e-05 0.000120759 0.000203458 0.000326344 0.000499641 0.000732786 0.00103425 0.00141252 0.00187815 0.00244619 0.00313757 0.00397879 0.00499928 0.00622768 0.00768819 0.00939846 0.0113695 0.0136072 0.0161139 0.0188897 0.0219319 0.0252336 0.0287813 0.0325534 0.0365195 0.0406408 0.0448723 0.0491647 0.053467 0.0577284 0.0618998 0.0659348 0.0697901 0.0734258 0.0768061 0.0798994 0.0826791 0.0851237 0.0872179 0.0889518 0.0903221 0.0913308 0.0919855 0.0922983 0.0922855 0.0919665 0.0913633 0.0904997 0.0894007 0.0880919 0.0865991 0.084948 0.0831638 0.0812706 0.079292 0.0772502 0.0751661 0.0730593 0.0709482 0.0688495 0.0667786 0.0647496 0.0627751 0.0608666 0.0590341 0.0572867 0.0556323 0.0540778 0.0526294 0.0512923 0.0500709 0.0489691 0.0479902 0.0471368 0.0464112 0.0458153 0.0453503 0.0450175 0.0448175 0.0447508 0.0448175 0.0450175 0.0453503 0.0458153 0.0464112 0.0471368 0.0479902 0.0489691 0.0500709 0.0512923 0.0526294 0.0540778 0.0556323 0.0572867 0.0590341 0.0608666 0.0627751 0.0647496 0.0667786 0.0688495 0.0709482 0.0730593 0.0751661 0.0772502 0.079292 0.0812706 0.0831638 0.084948 0.0865991 0.0880919 0.0894007 0.0904997 0.0913633 0.0919665 0.0922855 0.0922983 0.0919855 0.0913308 0.0903221 0.0889518 0.0872179 0.0851237 0.0826791 0.0798994 0.0768061 0.0734258 0.0697901 0.0659348 0.0618998 0.0577284 0.053467 0.0491647 0.0448723 0.0406408 0.0365195 0.0325534 0.0287813 0.0252336 0.0219319 0.0188897 0.0161139 0.0136072 0.0113695 0.00939846 0.00768819 0.00622768 0.00499928 0.00397879 0.00313757 0.00244619 0.00187815 0.00141252 0.00103425 0.000732786 0.000499641 0.000326344 0.000203458 0.000120759 6.81105e-05 3.64634e-05 1.85166e-05 8.91661e-06 4.07163e-06 1.76337e-06 7.24541e-07 2.82551e-07 1.04627e-07 3.68053e-08 1.23059e-08 3.91254e-09 1.18347e-09 3.40723e-10 9.34072e-11 2.4393e-11 6.07037e-12 1.44001e-12 3.25573e-13 6.93946e-14 1.0034e-14 
0 6.31033e-14 3.07059e-13 1.3728e-12 5.84372e-12 2.371e-11 9.16656e-11 3.37554e-10 1.18347e-09 3.94862e-09 1.25313e-08 3.78078e-08 1.08385e-07 2.95062e-07 7.62395e-07 1.86868e-06 4.3428e-06 9.56539e-06 1.99624e-05 3.94693e-05 7.39475e-05 0.000131359 0.000221489 0.000355143 0.000543008 0.000794737 0.00111897 0.00152476 0.00202418 0.00263501 0.00338194 0.00429527 0.00540724 0.00674741 0.00833905 0.0101979 0.0123333 0.0147506 0.0174531 0.0204419 0.0237146 0.0272626 0.0310679 0.0351026 0.0393286 0.0437 0.0481654 0.0526709 0.057162 0.0615857 0.0658907 0.0700282 0.0739526 0.0776219 0.0809986 0.0840505 0.0867518 0.0890835 0.0910341 0.0925992 0.0937811 0.0945883 0.0950344 0.0951373 0.0949183 0.0944008 0.0936102 0.0925726 0.0913147 0.089863 0.088244 0.0864833 0.0846054 0.0826343 0.0805921 0.0785001 0.0763778 0.0742433 0.0721135 0.0700033 0.0679266 0.0658957 0.0639217 0.0620142 0.0601819 0.0584325 0.0567726 0.0552079 0.0537434 0.0523833 0.0511315 0.049991 0.0489644 0.048054 0.0472616 0.0465887 0.0460367 0.0456063 0.0452985 0.0451135 0.0450519 0.0451135 0.0452985 0.0456063 0.0460367 0.0465887 0.0472616 0.048054 0.0489644 0.049991 0.0511315 0.0523833 0.0537434 0.0552079 0.0567726 0.0584325 0.0601819 0.0620142 0.0639217 0.0658957 0.0679266 0.0700033 0.0721135 0.0742433 0.0763778 0.0785001 0.0805921 0.0826343 0.0846054 0.0864833 0.088244 0.089863 0.0913147 0.0925726 0.0936102 0.0944008 0.0949183 0.0951373 0.0950344 0.0945883 0.0937811 0.0925992 0.0910341 0.0890835 0.0867518 0.0840505 0.0809986 0.0776219 0.0739526 0.0700282 0.0658907 0.0615857 0.057162 0.0526709 0.0481654 0.0437 0.0393286 0.0351026 0.0310679 0.0272626 0.0237146 0.0204419 0.0174531 0.0147506 0.0123333 0.0101979 0.00833905 0.00674741 0.00540724 0.00429527 0.00338194 0.00263501 0.00202418 0.00152476 0.00111897 0.000794737 0.000543008 0.000355143 0.000221489 0.000131359 7.39475e-05 3.94693e-05 1.99624e-05 9.56539e-06 4.3428e-06 1.86868e-06 7.62395e-07 2.95062e-07 1.08385e-07 3.78078e-08 1.25313e-08 3.94862e-09 1.18347e-09 3.37554e-10 9.16656e-11 2.371e-11 5.84359e-12 1.3721e-12 3.0353e-13 4.63598e-14 
0 2.72681e-13 1.28175e-12 5.51906e-12 2.26137e-11 8.82787e-11 3.28221e-10 1.16173e-09 3.91254e-09 1.25313e-08 3.81479e-08 1.10313e-07 3.0283e-07 7.88707e-07 1.94766e-06 4.55768e-06 1.01015e-05 2.11967e-05 4.21026e-05 7.91665e-05 0.000140988 0.000238064 0.000381841 0.000583436 0.000852699 0.00119847 0.00163051 0.00216267 0.00281576 0.00361839 0.00460454 0.00580867 0.00726044 0.00898153 0.0109857 0.0132811 0.0158738 0.0187682 0.0219666 0.0254655 0.029252 0.0333016 0.0375781 0.0420356 0.0466214 0.0512792 0.0559518 0.0605825 0.0651157 0.0694976 0.0736764 0.0776034 0.0812344 0.084531 0.087462 0.0900041 0.0921431 0.0938729 0.0951957 0.0961204 0.0966619 0.0968398 0.0966772 0.0962 0.0954355 0.0944123 0.0931593 0.0917054 0.0900789 0.0883073 0.0864169 0.0844327 0.0823781 0.0802745 0.0781419 0.0759981 0.0738595 0.0717405 0.0696538 0.0676108 0.0656213 0.063694 0.0618361 0.0600543 0.0583541 0.0567401 0.0552165 0.0537867 0.0524537 0.0512201 0.0500879 0.0490591 0.048135 0.047317 0.0466062 0.0460033 0.0455092 0.0451243 0.0448492 0.0446839 0.0446288 0.0446839 0.0448492 0.0451243 0.0455092 0.0460033 0.0466062 0.047317 0.048135 0.0490591 0.0500879 0.0512201 0.0524537 0.0537867 0.0552165 0.0567401 0.0583541 0.0600543 0.0618361 0.063694 0.0656213 0.0676108 0.0696538 0.0717405 0.0738595 0.0759981 0.0781419 0.0802745 0.0823781 0.0844327 0.0864169 0.0883073 0.0900789 0.0917054 0.0931593 0.0944123 0.0954355 0.0962 0.0966772 0.0968398 0.0966619 0.0961204 0.0951957 0.0938729 0.0921431 0.0900041 0.087462 0.084531 0.0812344 0.0776034 0.0736764 0.0694976 0.0651157 0.0605825 0.0559518 0.0512792 0.0466214 0.0420356 0.0375781 0.0333016 0.029252 0.0254655 0.0219666 0.0187682 0.0158738 0.0132811 0.0109857 0.00898153 0.00726044 0.00580867 0.00460454 0.00361839 0.00281576 0.00216267 0.00163051 0.00119847 0.000852699 0.000583436 0.000381841 0.000238064 0.000140988 7.91665e-05 4.21026e-05 2.11967e-05 1.01015e-05 4.55768e-06 1.94766e-06 7.88707e-07 3.0283e-07 1.10313e-07 3.81479e-08 1.25313e-08 3.91254e-09 1.16173e-09 3.28221e-10 8.82785e-11 2.26131e-11 5.51592e-12 1.26675e-12 2.04506e-13 
0 1.12406e-12 5.10403e-12 2.11613e-11 8.34301e-11 3.13232e-10 1.11944e-09 3.80625e-09 1.23059e-08 3.78078e-08 1.10313e-07 3.05463e-07 8.02196e-07 1.99661e-06 4.70667e-06 1.05021e-05 2.21704e-05 4.42654e-05 8.35878e-05 0.000149342 0.000252707 0.000405748 0.000619996 0.000905497 0.00127134 0.00172811 0.00229164 0.00298602 0.00384384 0.00490248 0.00619802 0.0077595 0.00960665 0.0117515 0.0142023 0.0169664 0.0200502 0.0234561 0.0271774 0.031195 0.0354761 0.0399757 0.0446405 0.0494123 0.0542314 0.0590375 0.063771 0.0683728 0.0727848 0.0769515 0.0808214 0.0843491 0.0874976 0.0902391 0.0925559 0.0944399 0.0958921 0.0969212 0.0975426 0.0977766 0.0976479 0.0971842 0.0964152 0.0953723 0.0940875 0.092593 0.0909204 0.0891005 0.0871624 0.0851335 0.083039 0.0809019 0.0787427 0.0765797 0.0744288 0.0723036 0.0702161 0.0681762 0.0661923 0.0642716 0.0624198 0.0606418 0.0589417 0.0573228 0.0557878 0.0543389 0.052978 0.0517065 0.0505258 0.0494367 0.0484402 0.047537 0.0467276 0.0460124 0.0453919 0.0448665 0.0444362 0.0441013 0.0438621 0.0437185 0.0436706 0.0437185 0.0438621 0.0441013 0.0444362 0.0448665 0.0453919 0.0460124 0.0467276 0.047537 0.0484402 0.0494367 0.0505258 0.0517065 0.052978 0.0543389 0.0557878 0.0573228 0.0589417 0.0606418 0.0624198 0.0642716 0.0661923 0.0681762 0.0702161 0.0723036 0.0744288 0.0765797 0.0787427 0.0809019 0.083039 0.0851335 0.0871624 0.0891005 0.0909204 0.092593 0.0940875 0.0953723 0.0964152 0.0971842 0.0976479 0.0977766 0.0975426 0.0969212 0.0958921 0.0944399 0.0925559 0.0902391 0.0874976 0.0843491 0.0808214 0.0769515 0.0727848 0.0683728 0.063771 0.0590375 0.0542314 0.0494123 0.0446405 0.0399757 0.0354761 0.031195 0.0271774 0.0234561 0.0200502 0.0169664 0.0142023 0.0117515 0.00960665 0.0077595 0.00619802 0.00490248 0.00384384 0.00298602 0.00229164 0.00172811 0.00127134 0.000905497 0.000619996 0.000405748 0.000252707 0.000149342 8.35878e-05 4.42654e-05 2.21704e-05 1.05021e-05 4.70667e-06 1.99661e-06 8.02196e-07 3.05463e-07 1.10313e-07 3.78078e-08 1.23059e-08 3.80625e-09 1.11944e-09 3.13232e-10 8.34274e-11 2.11481e-11 5.04364e-12 8.61265e-13 
0 4.41972e-12 1.93859e-11 7.73666e-11 2.93384e-10 1.05885e-09 3.63544e-09 1.1867e-08 3.68053e-08 1.08385e-07 3.0283e-07 8.02196e-07 2.0132e-06 4.78294e-06 1.07499e-05 2.28432e-05 4.58745e-05 8.7054e-05 0.000156149 0.000264988 0.00042624 0.000651845 0.000952067 0.00133629 0.00181603 0.00240923 0.0031434 0.00405507 0.00518472 0.00656941 0.00823704 0.0102053 0.0124853 0.0150862 0.0180179 0.0212884 0.0248987 0.0288372 0.0330767 0.0375751 0.0422796 0.0471309 0.0520669 0.0570245 0.0619399 0.0667488 0.0713865 0.0757895 0.0798985 0.0836602 0.087031 0.0899775 0.0924779 0.0945215 0.0961072 0.0972428 0.0979432 0.0982291 0.0981262 0.0976638 0.0968744 0.0957924 0.0944536 0.0928942 0.09115 0.0892555 0.0872436 0.0851446 0.082986 0.0807927 0.0785862 0.0763854 0.0742062 0.072062 0.0699639 0.067921 0.0659404 0.0640281 0.0621885 0.0604249 0.05874 0.0571356 0.0556131 0.0541731 0.0528164 0.051543 0.050353 0.0492465 0.0482231 0.0472828 0.0464252 0.0456501 0.0449573 0.0443465 0.0438175 0.0433702 0.0430045 0.0427201 0.042517 0.0423952 0.0423546 0.0423952 0.042517 0.0427201 0.0430045 0.0433702 0.0438175 0.0443465 0.0449573 0.0456501 0.0464252 0.0472828 0.0482231 0.0492465 0.050353 0.051543 0.0528164 0.0541731 0.0556131 0.0571356 0.05874 0.0604249 0.0621885 0.0640281 0.0659404 0.067921 0.0699639 0.072062 0.0742062 0.0763854 0.0785862 0.0807927 0.082986 0.0851446 0.0872436 0.0892555 0.09115 0.0928942 0.0944536 0.0957924 0.0968744 0.0976638 0.0981262 0.0982291 0.0979432 0.0972428 0.0961072 0.0945215 0.0924779 0.0899775 0.087031 0.0836602 0.0798985 0.0757895 0.0713865 0.0667488 0.0619399 0.0570245 0.0520669 0.0471309 0.0422796 0.0375751 0.0330767 0.0288372 0.0248987 0.0212884 0.0180179 0.0150862 0.0124853 0.0102053 0.00823704 0.00656941 0.00518472 0.00405507 0.0031434 0.00240923 0.00181603 0.00133629 0.000952067 0.000651845 0.00042624 0.000264988 0.000156149 8.7054e-05 4.58745e-05 2.28432e-05 1.07499e-05 4.78294e-06 2.0132e-06 8.02196e-07 3.0283e-07 1.08385e-07 3.68053e-08 1.1867e-08 3.63544e-09 1.05885e-09 2.93373e-10 7.73141e-11 1.91557e-11 3.4626e-12 
0 1.65732e-11 7.02179e-11 2.69656e-10 9.83111e-10 3.40903e-09 1.12377e-08 3.51928e-08 1.04627e-07 2.95062e-07 7.88707e-07 1.99661e-06 4.78294e-06 1.08337e-05 2.31869e-05 4.68664e-05 8.94388e-05 0.000161183 0.000274542 0.000442774 0.000678249 0.00099148 0.00139219 0.00189288 0.00251369 0.00328557 0.00424886 0.00544679 0.00691691 0.00868563 0.0107689 0.0131776 0.0159231 0.0190182 0.0224718 0.026282 0.03043 0.0348794 0.0395799 0.044472 0.0494923 0.0545756 0.0596548 0.0646606 0.0695217 0.0741665 0.0785263 0.0825392 0.0861531 0.0893279 0.0920363 0.0942632 0.0960044 0.0972655 0.0980597 0.0984077 0.0983356 0.0978747 0.0970605 0.0959313 0.0945274 0.0928897 0.0910589 0.0890738 0.086971 0.084784 0.0825429 0.0802744 0.0780014 0.0757435 0.073517 0.0713353 0.0692095 0.067148 0.0651577 0.0632434 0.0614087 0.0596559 0.0579864 0.0564008 0.0548991 0.0534807 0.0521447 0.05089 0.0497153 0.0486192 0.0476005 0.0466577 0.0457896 0.0449949 0.0442727 0.0436219 0.0430416 0.0425313 0.0420901 0.0417177 0.0414135 0.0411772 0.0410086 0.0409076 0.0408739 0.0409076 0.0410086 0.0411772 0.0414135 0.0417177 0.0420901 0.0425313 0.0430416 0.0436219 0.0442727 0.0449949 0.0457896 0.0466577 0.0476005 0.0486192 0.0497153 0.05089 0.0521447 0.0534807 0.0548991 0.0564008 0.0579864 0.0596559 0.0614087 0.0632434 0.0651577 0.067148 0.0692095 0.0713353 0.073517 0.0757435 0.0780014 0.0802744 0.0825429 0.084784 0.086971 0.0890738 0.0910589 0.0928897 0.0945274 0.0959313 0.0970605 0.0978747 0.0983356 0.0984077 0.0980597 0.0972655 0.0960044 0.0942632 0.0920363 0.0893279 0.0861531 0.0825392 0.0785263 0.0741665 0.0695217 0.0646606 0.0596548 0.0545756 0.0494923 0.044472 0.0395799 0.0348794 0.03043 0.026282 0.0224718 0.0190182 0.0159231 0.0131776 0.0107689 0.00868563 0.00691691 0.00544679 0.00424886 0.00328557 0.00251369 0.00189288 0.00139219 0.00099148 0.000678249 0.000442774 0.000274542 0.000161183 8.94388e-05 4.68664e-05 2.31869e-05 1.08337e-05 4.78294e-06 1.99661e-06 7.88707e-07 2.95062e-07 1.04627e-07 3.51928e-08 1.12377e-08 3.40902e-09 9.83066e-10 2.69458e-10 6.93887e-11 1.3288e-11 
0 5.92588e-11 2.42503e-10 8.9581e-10 3.13837e-09 1.04499e-08 3.30524e-08 9.92311e-08 2.82551e-07 7.62395e-07 1.94766e-06 4.70667e-06 1.07499e-05 2.31869e-05 4.72016e-05 9.06539e-05 0.000164273 0.000281078 0.000454911 0.000698599 0.00102296 0.00143808 0.00195747 0.00260344 0.00341029 0.00442203 0.0056843 0.0072348 0.00909832 0.0112894 0.0138199 0.0167041 0.0199579 0.0235898 0.0275929 0.03194 0.0365859 0.0414728 0.0465373 0.0517128 0.0569303 0.0621169 0.0671956 0.0720866 0.0767117 0.0809986 0.0848855 0.0883238 0.0912788 0.093729 0.0956653 0.0970889 0.0980102 0.0984481 0.098429 0.0979858 0.0971574 0.0959864 0.0945183 0.0927996 0.0908758 0.0887908 0.0865851 0.0842959 0.081956 0.0795941 0.077235 0.0748995 0.0726051 0.0703659 0.0681932 0.0660958 0.0640801 0.0621509 0.0603108 0.0585614 0.0569029 0.0553347 0.0538553 0.0524628 0.0511549 0.0499291 0.0487825 0.0477126 0.0467166 0.0457922 0.044937 0.0441487 0.0434256 0.0427657 0.0421677 0.0416301 0.0411518 0.0407318 0.0403693 0.0400636 0.0398143 0.0396207 0.0394827 0.0393999 0.0393724 0.0393999 0.0394827 0.0396207 0.0398143 0.0400636 0.0403693 0.0407318 0.0411518 0.0416301 0.0421677 0.0427657 0.0434256 0.0441487 0.044937 0.0457922 0.0467166 0.0477126 0.0487825 0.0499291 0.0511549 0.0524628 0.0538553 0.0553347 0.0569029 0.0585614 0.0603108 0.0621509 0.0640801 0.0660958 0.0681932 0.0703659 0.0726051 0.0748995 0.077235 0.0795941 0.081956 0.0842959 0.0865851 0.0887908 0.0908758 0.0927996 0.0945183 0.0959864 0.0971574 0.0979858 0.098429 0.0984481 0.0980102 0.0970889 0.0956653 0.093729 0.0912788 0.0883238 0.0848855 0.0809986 0.0767117 0.0720866 0.0671956 0.0621169 0.0569303 0.0517128 0.0465373 0.0414728 0.0365859 0.03194 0.0275929 0.0235898 0.0199579 0.0167041 0.0138199 0.0112894 0.00909832 0.0072348 0.0056843 0.00442203 0.00341029 0.00260344 0.00195747 0.00143808 0.00102296 0.000698599 0.000454911 0.000281078 0.000164273 9.06539e-05 4.72016e-05 2.31869e-05 1.07499e-05 4.70667e-06 1.94766e-06 7.62395e-07 2.82551e-07 9.92311e-08 3.30524e-08 1.04499e-08 3.1382e-09 8.95105e-10 2.3969e-10 4.86705e-11 
0 2.02001e-10 7.98385e-10 2.83579e-09 9.5417e-09 3.0489e-08 9.24631e-08 2.65912e-07 7.24541e-07 1.86868e-06 4.55768e-06 1.05021e-05 2.28432e-05 4.68664e-05 9.06539e-05 0.000165316 0.000284396 0.000462325 0.000712431 0.00104589 0.00147319 0.0020088 0.00267707 0.0035155 0.00457157 0.0058931 0.00751776 0.00946879 0.0117599 0.0144047 0.0174213 0.0208278 0.0246314 0.0288184 0.0333525 0.0381804 0.0432397 0.0484639 0.0537837 0.0591244 0.0644051 0.0695389 0.0744379 0.079019 0.0832093 0.0869498 0.0901963 0.0929194 0.0951022 0.0967395 0.0978368 0.0984098 0.0984837 0.0980926 0.0972781 0.0960875 0.0945714 0.0927819 0.0907699 0.0885841 0.0862698 0.0838678 0.0814144 0.0789415 0.0764765 0.0740426 0.0716592 0.0693419 0.0671032 0.0649524 0.0628961 0.0609385 0.059082 0.0573268 0.0556721 0.0541157 0.0526548 0.0512859 0.0500052 0.0488087 0.0476924 0.0466524 0.0456849 0.0447864 0.0439537 0.0431836 0.0424735 0.0418211 0.0412241 0.0406806 0.040189 0.039748 0.0393562 0.0390126 0.0387165 0.038467 0.0382636 0.0381058 0.0379934 0.037926 0.0379036 0.037926 0.0379934 0.0381058 0.0382636 0.038467 0.0387165 0.0390126 0.0393562 0.039748 0.040189 0.0406806 0.0412241 0.0418211 0.0424735 0.0431836 0.0439537 0.0447864 0.0456849 0.0466524 0.0476924 0.0488087 0.0500052 0.0512859 0.0526548 0.0541157 0.0556721 0.0573268 0.059082 0.0609385 0.0628961 0.0649524 0.0671032 0.0693419 0.0716592 0.0740426 0.0764765 0.0789415 0.0814144 0.0838678 0.0862698 0.0885841 0.0907699 0.0927819 0.0945714 0.0960875 0.0972781 0.0980926 0.0984837 0.0984098 0.0978368 0.0967395 0.0951022 0.0929194 0.0901963 0.0869498 0.0832093 0.079019 0.0744379 0.0695389 0.0644051 0.0591244 0.0537837 0.0484639 0.0432397 0.0381804 0.0333525 0.0288184 0.0246314 0.0208278 0.0174213 0.0144047 0.0117599 0.00946879 0.00751776 0.0058931 0.00457157 0.0035155 0.00267707 0.0020088 0.00147319 0.00104589 0.000712431 0.000462325 0.000284396 0.000165316 9.06539e-05 4.68664e-05 2.28432e-05 1.05021e-05 4.55768e-06 1.86868e-06 7.24541e-07 2.65912e-07 9.24631e-08 3.04889e-08 9.54112e-09 2.83343e-09 7.89426e-10 1.70127e-10 
0 6.56342e-10 2.50525e-09 8.55242e-09 2.76219e-08 8.46425e-08 2.45935e-07 6.76936e-07 1.76337e-06 4.3428e-06 1.01015e-05 2.21704e-05 4.58745e-05 8.94388e-05 0.000164273 0.000284396 0.000464818 0.000719426 0.00105982 0.00149693 0.00204606 0.00273339 0.00359939 0.00469477 0.00606944 0.00776105 0.00979152 0.0121743 0.0149254 0.0180671 0.0216194 0.0255862 0.029946 0.0346538 0.0396501 0.0448695 0.0502437 0.0556988 0.0611525 0.0665131 0.0716841 0.0765711 0.081089 0.0851671 0.08875 0.0917977 0.0942837 0.0961941 0.0975271 0.0982929 0.0985142 0.0982248 0.0974685 0.0962964 0.0947637 0.0929276 0.0908444 0.0885678 0.0861475 0.0836292 0.0810536 0.0784568 0.07587 0.0733202 0.0708295 0.068416 0.0660937 0.0638729 0.0617603 0.0597599 0.057873 0.0560989 0.0544354 0.0528789 0.0514252 0.0500693 0.0488061 0.0476305 0.0465374 0.0455217 0.0445789 0.0437045 0.0428944 0.0421451 0.041453 0.0408152 0.0402288 0.0396916 0.0392012 0.0387559 0.038354 0.0379941 0.0376749 0.0373954 0.0371548 0.0369524 0.0367875 0.0366596 0.0365686 0.036514 0.0364959 0.036514 0.0365686 0.0366596 0.0367875 0.0369524 0.0371548 0.0373954 0.0376749 0.0379941 0.038354 0.0387559 0.0392012 0.0396916 0.0402288 0.0408152 0.041453 0.0421451 0.0428944 0.0437045 0.0445789 0.0455217 0.0465374 0.0476305 0.0488061 0.0500693 0.0514252 0.0528789 0.0544354 0.0560989 0.057873 0.0597599 0.0617603 0.0638729 0.0660937 0.068416 0.0708295 0.0733202 0.07587 0.0784568 0.0810536 0.0836292 0.0861475 0.0885678 0.0908444 0.0929276 0.0947637 0.0962964 0.0974685 0.0982248 0.0985142 0.0982929 0.0975271 0.0961941 0.0942837 0.0917977 0.08875 0.0851671 0.081089 0.0765711 0.0716841 0.0665131 0.0611525 0.0556988 0.0502437 0.0448695 0.0396501 0.0346538 0.029946 0.0255862 0.0216194 0.0180671 0.0149254 0.0121743 0.00979152 0.00776105 0.00606944 0.00469477 0.00359939 0.00273339 0.00204606 0.00149693 0.00105982 0.000719426 0.000464818 0.000284396 0.000164273 8.94388e-05 4.58745e-05 2.21704e-05 1.01015e-05 4.3428e-06 1.76337e-06 6.76936e-07 2.45935e-07 8.4642e-08 2.76199e-08 8.54499e-09 2.47862e-09 5.67458e-10 
0 2.03237e-09 7.49122e-09 2.4568e-08 7.61163e-08 2.23523e-07 6.21747e-07 1.6365e-06 4.07163e-06 9.56539e-06 2.11967e-05 4.42654e-05 8.7054e-05 0.000161183 0.000281078 0.000462325 0.000719426 0.0010645 0.0015089 0.00206865 0.00277148 0.00366045 0.00478932 0.0062101 0.00796062 0.0100618 0.0125274 0.0153763 0.0186348 0.0223244 0.0264443 0.0309646 0.0358325 0.0409846 0.0463543 0.0518706 0.0574532 0.0630091 0.0684353 0.073627 0.0784862 0.082929 0.0868873 0.0903089 0.0931554 0.0954016 0.0970358 0.0980608 0.0984941 0.0983678 0.0977262 0.0966231 0.0951175 0.093271 0.0911446 0.0887969 0.0862829 0.0836535 0.0809552 0.0782293 0.0755124 0.0728358 0.0702255 0.0677024 0.0652823 0.0629764 0.0607918 0.058732 0.0567977 0.0549871 0.0532969 0.0517226 0.0502587 0.0488994 0.0476386 0.0464703 0.0453885 0.0443875 0.0434617 0.0426059 0.0418155 0.0410858 0.0404128 0.0397928 0.0392222 0.0386982 0.038218 0.0377793 0.0373798 0.0370177 0.0366916 0.0363999 0.0361417 0.0359158 0.0357215 0.0355581 0.0354251 0.0353221 0.0352487 0.0352048 0.0351901 0.0352048 0.0352487 0.0353221 0.0354251 0.0355581 0.0357215 0.0359158 0.0361417 0.0363999 0.0366916 0.0370177 0.0373798 0.0377793 0.038218 0.0386982 0.0392222 0.0397928 0.0404128 0.0410858 0.0418155 0.0426059 0.0434617 0.0443875 0.0453885 0.0464703 0.0476386 0.0488994 0.0502587 0.0517226 0.0532969 0.0549871 0.0567977 0.058732 0.0607918 0.0629764 0.0652823 0.0677024 0.0702255 0.0728358 0.0755124 0.0782293 0.0809552 0.0836535 0.0862829 0.0887969 0.0911446 0.093271 0.0951175 0.0966231 0.0977262 0.0983678 0.0984941 0.0980608 0.0970358 0.0954016 0.0931554 0.0903089 0.0868873 0.082929 0.0784862 0.073627 0.0684353 0.0630091 0.0574532 0.0518706 0.0463543 0.0409846 0.0358325 0.0309646 0.0264443 0.0223244 0.0186348 0.0153763 0.0125274 0.0100618 0.00796062 0.0062101 0.00478932 0.00366045 0.00277148 0.00206865 0.0015089 0.0010645 0.000719426 0.000462325 0.000281078 0.000161183 8.7054e-05 4.42654e-05 2.11967e-05 9.56539e-06 4.07163e-06 1.6365e-06 6.21746e-07 2.23521e-07 7.61102e-08 2.45462e-08 7.41799e-09 1.80595e-09 
0 5.99645e-09 2.13424e-08 6.721e-08 1.9962e-07 5.61348e-07 1.49356e-06 3.75587e-06 8.91661e-06 1.99624e-05 4.21026e-05 8.35878e-05 0.000156149 0.000274542 0.000454911 0.000712431 0.00105982 0.0015089 0.00207622 0.00279068 0.00369755 0.0048534 0.00631248 0.00811318 0.0102759 0.0128149 0.0157523 0.0191184 0.022935 0.0271964 0.0318642 0.0368794 0.0421764 0.0476882 0.05334 0.0590419 0.0646889 0.0701673 0.0753668 0.080189 0.0845519 0.0883896 0.0916499 0.0942942 0.0962982 0.0976538 0.0983712 0.0984781 0.0980176 0.0970442 0.0956195 0.0938083 0.0916759 0.0892857 0.0866985 0.0839716 0.081158 0.0783058 0.0754577 0.0726503 0.0699138 0.0672721 0.064743 0.0623387 0.0600666 0.0579303 0.05593 0.0540637 0.0523275 0.0507164 0.0492243 0.0478449 0.0465716 0.0453974 0.0443155 0.0433195 0.0424029 0.0415595 0.0407837 0.0400701 0.0394138 0.0388102 0.0382553 0.0377454 0.0372772 0.0368481 0.0364553 0.0360967 0.0357705 0.0354751 0.035209 0.0349712 0.0347606 0.0345764 0.034418 0.0342848 0.0341764 0.0340923 0.0340325 0.0339967 0.0339848 0.0339967 0.0340325 0.0340923 0.0341764 0.0342848 0.034418 0.0345764 0.0347606 0.0349712 0.035209 0.0354751 0.0357705 0.0360967 0.0364553 0.0368481 0.0372772 0.0377454 0.0382553 0.0388102 0.0394138 0.0400701 0.0407837 0.0415595 0.0424029 0.0433195 0.0443155 0.0453974 0.0465716 0.0478449 0.0492243 0.0507164 0.0523275 0.0540637 0.05593 0.0579303 0.0600666 0.0623387 0.064743 0.0672721 0.0699138 0.0726503 0.0754577 0.0783058 0.081158 0.0839716 0.0866985 0.0892857 0.0916759 0.0938083 0.0956195 0.0970442 0.0980176 0.0984781 0.0983712 0.0976538 0.0962982 0.0942942 0.0916499 0.0883896 0.0845519 0.080189 0.0753668 0.0701673 0.0646889 0.0590419 0.05334 0.0476882 0.0421764 0.0368794 0.0318642 0.0271964 0.022935 0.0191184 0.0157523 0.0128149 0.0102759 0.00811318 0.00631248 0.0048534 0.00369755 0.00279068 0.00207622 0.0015089 0.00105982 0.000712431 0.000454911 0.000274542 0.000156149 8.35878e-05 4.21026e-05 1.99624e-05 8.91661e-06 3.75587e-06 1.49356e-06 5.61343e-07 1.99602e-07 6.71509e-08 2.11588e-08 5.48341e-09 
