0 0 0 0 0 0 0 0 0 0 0 0 0 0 0 0 0 0 0 0 0 0 0 0 0 0 0 0 0 0 0 0 0 0 0 0 0 0 0 0 0 0 0 0 0 0 0 0 0 0 0 0 0 0 0 0 0 0 0 0 0 0 0 0 0 0 0 0 0 0 0 0 0 0 0 0 0 0 0 0 0 0 0 0 0 0 0 0 0 0 0 0 0 0 0 0 0 0 0 0 0 0 0 0 0 0 0 0 0 0 0 0 0 0 0 0 0 0 0 0 0 0 0 0 0 0 0 0 0 0 0 0 0 0 0 0 0 0 0 0 0 0 0 0 0 0 0 0 0 0 0 0 0 0 0 0 0 0 0 0 0 0 0 0 0 0 0 0 0 0 0 0 0 0 0 0 0 0 0 0 0 0 0 0 0 0 0 0 0 0 0 0 0 0 0 0 0 0 0 0 
0 0.00149491 0.0029429 0.00432686 0.00565831 0.0069459 0.00816643 0.00926824 0.0102022 0.0109455 0.0114919 0.0118241 0.0119025 0.0116853 0.0111584 0.0103452 0.00928996 0.00803479 0.00661067 0.00504497 0.00337518 0.00165526 -5.0659e-05 -0.00168195 -0.0031926 -0.00455398 -0.00575018 -0.00677084 -0.00760675 -0.0082503 -0.00869923 -0.00896023 -0.00905007 -0.00899331 -0.00881788 -0.00855061 -0.00821427 -0.00782681 -0.00740243 -0.00695333 -0.00649119 -0.00602772 -0.00557428 -0.00514089 -0.00473517 -0.00436172 -0.00402207 -0.00371517 -0.00343834 -0.00318819 -0.00296151 -0.00275568 -0.00256894 -0.00240021 -0.00224883 -0.00211425 -0.00199575 -0.0018923 -0.00180246 -0.00172452 -0.00165658 -0.00159674 -0.00154325 -0.00149459 -0.00144962 -0.00140748 -0.00136765 -0.00132989 -0.00129412 -0.0012604 -0.00122883 -0.00119952 -0.00117256 -0.00114797 -0.00112572 -0.00110572 -0.00108782 -0.00107185 -0.00105762 -0.00104492 -0.00103356 -0.00102336 -0.00101413 -0.00100576 -0.000998105 -0.000991083 -0.000984618 -0.000978656 -0.00097316 -0.000968106 -0.000963478 -0.000959272 -0.000955487 -0.000952126 -0.000949195 -0.0009467 -0.000944648 -0.000943045 -0.000941896 -0.000941205 -0.000940974 -0.000941205 -0.000941896 -0.000943045 -0.000944648 -0.0009467 -0.000949195 -0.000952126 -0.000955487 -0.000959272 -0.000963478 -0.000968106 -0.00097316 -0.000978656 -0.000984618 -0.000991083 -0.000998105 -0.00100576 -0.00101413 -0.00102336 -0.00103356 -0.00104492 -0.00105762 -0.00107185 -0.00108782 -0.00110572 -0.00112572 -0.00114797 -0.00117256 -0.00119952 -0.00122883 -0.0012604 -0.00129412 -0.00132989 -0.00136765 -0.00140748 -0.00144962 -0.00149459 -0.00154325 -0.00159674 -0.00165658 -0.00172452 -0.00180246 -0.0018923 -0.00199575 -0.00211425 -0.00224883 -0.00240021 -0.00256894 -0.00275568 -0.00296151 -0.00318819 -0.00343834 -0.00371517 -0.00402207 -0.00436172 -0.00473517 -0.00514089 -0.00557428 -0.00602772 -0.00649119 -0.00695333 -0.00740243 -0.00782681 -0.00821427 -0.00855061 -0.00881788 -0.00899331 -0.00905007 -0.00896023 -0.00869923 -0.0082503 -0.00760675 -0.00677084 -0.00575018 -0.00455398 -0.0031926 -0.00168195 -5.0644e-05 0.00165532 0.00337536 0.0050455 0.00661212 0.00803848 0.00929875 0.0103649 0.0111995 0.0117658 0.0120504 0.0120788 0.0119033 0.0115705 0.0110987 0.0104919 0.00977513 0.00901481 0.00830131 0.00771102 0.00728061 0.00700963 
0 0.0029429 0.00582237 0.00860263 0.0112729 0.013818 0.0161945 0.0183357 0.0201749 0.0216575 0.0227328 0.0233438 0.023434 0.0229672 0.0219396 0.0203783 0.0183309 0.0158592 0.0130366 0.009948 0.00668874 0.00335958 6.01649e-05 -0.00311705 -0.00609075 -0.00879335 -0.0111727 -0.0131933 -0.0148362 -0.0160988 -0.0169925 -0.0175398 -0.0177719 -0.0177253 -0.01744 -0.0169577 -0.01632 -0.015567 -0.0147358 -0.0138593 -0.0129652 -0.0120762 -0.0112094 -0.0103778 -0.00959024 -0.00885279 -0.0081691 -0.00754096 -0.00696857 -0.0064508 -0.00598537 -0.00556907 -0.00519799 -0.00486783 -0.00457417 -0.0043127 -0.00407946 -0.00387092 -0.00368403 -0.00351623 -0.00336536 -0.00322961 -0.00310742 -0.00299742 -0.00289834 -0.00280904 -0.00272841 -0.00265545 -0.0025892 -0.0025288 -0.00247349 -0.00242259 -0.00237554 -0.00233185 -0.00229114 -0.00225312 -0.00221752 -0.00218418 -0.00215295 -0.00212371 -0.00209638 -0.00207088 -0.00204713 -0.00202509 -0.0020047 -0.00198589 -0.0019686 -0.00195279 -0.0019384 -0.00192537 -0.00191366 -0.00190321 -0.00189399 -0.00188594 -0.00187904 -0.00187326 -0.00186857 -0.00186494 -0.00186236 -0.00186081 -0.0018603 -0.00186081 -0.00186236 -0.00186494 -0.00186857 -0.00187326 -0.00187904 -0.00188594 -0.00189399 -0.00190321 -0.00191366 -0.00192537 -0.0019384 -0.00195279 -0.0019686 -0.00198589 -0.0020047 -0.00202509 -0.00204713 -0.00207088 -0.00209638 -0.00212371 -0.00215295 -0.00218418 -0.00221752 -0.00225312 -0.00229114 -0.00233185 -0.00237554 -0.00242259 -0.00247349 -0.0025288 -0.0025892 -0.00265545 -0.00272841 -0.00280904 -0.00289834 -0.00299742 -0.00310742 -0.00322961 -0.00336536 -0.00351623 -0.00368403 -0.00387092 -0.00407946 -0.0043127 -0.00457417 -0.00486783 -0.00519799 -0.00556907 -0.00598537 -0.0064508 -0.00696857 -0.00754096 -0.0081691 -0.00885279 -0.00959024 -0.0103778 -0.0112094 -0.0120762 -0.0129652 -0.0138593 -0.0147358 -0.015567 -0.01632 -0.0169577 -0.01744 -0.0177253 -0.0177719 -0.0175398 -0.0169925 -0.0160988 -0.0148362 -0.0131933 -0.0111727 -0.00879335 -0.00609074 -0.00311704 6.02173e-05 0.00335976 0.00668927 0.00994949 0.0130405 0.0158688 0.018353 0.0204258 0.0220359 0.0231503 0.0237612 0.0238932 0.0236014 0.0229542 0.0220128 0.0208304 0.0194755 0.0180558 0.0167095 0.0155654 0.0147036 0.0141461 
0 0.00432686 0.00860263 0.0127693 0.0167606 0.0205093 0.0239566 0.0270502 0.029725 0.0318861 0.0334204 0.0342324 0.0342732 0.033536 0.0320315 0.0297785 0.0268164 0.0232232 0.0191172 0.0146421 0.00994586 0.00516554 0.000425528 -0.00415753 -0.00847178 -0.0124144 -0.0159008 -0.0188731 -0.0213041 -0.0231943 -0.0245643 -0.0254476 -0.0258848 -0.0259212 -0.0256067 -0.0249956 -0.0241455 -0.0231148 -0.021959 -0.0207277 -0.0194623 -0.0181956 -0.016952 -0.0157494 -0.0146007 -0.0135155 -0.0125005 -0.0115604 -0.0106979 -0.00991337 -0.00920502 -0.0085692 -0.00800073 -0.00749343 -0.00704074 -0.00663621 -0.00627388 -0.00594854 -0.00565581 -0.00539203 -0.00515424 -0.00493991 -0.00474688 -0.00457318 -0.00441696 -0.00427645 -0.00414992 -0.00403573 -0.00393235 -0.00383835 -0.00375245 -0.00367357 -0.00360074 -0.00353321 -0.00347034 -0.00341165 -0.00335674 -0.00330534 -0.0032572 -0.00321215 -0.00317006 -0.00313081 -0.00309429 -0.0030604 -0.00302906 -0.00300017 -0.00297363 -0.00294937 -0.0029273 -0.00290732 -0.00288937 -0.00287336 -0.00285923 -0.00284691 -0.00283635 -0.0028275 -0.00282031 -0.00281475 -0.0028108 -0.00280844 -0.00280766 -0.00280844 -0.0028108 -0.00281475 -0.00282031 -0.0028275 -0.00283635 -0.00284691 -0.00285923 -0.00287336 -0.00288937 -0.00290732 -0.0029273 -0.00294937 -0.00297363 -0.00300017 -0.00302906 -0.0030604 -0.00309429 -0.00313081 -0.00317006 -0.00321215 -0.0032572 -0.00330534 -0.00335674 -0.00341165 -0.00347034 -0.00353321 -0.00360074 -0.00367357 -0.00375245 -0.00383835 -0.00393235 -0.00403573 -0.00414992 -0.00427645 -0.00441696 -0.00457318 -0.00474688 -0.00493991 -0.00515424 -0.00539203 -0.00565581 -0.00594854 -0.00627388 -0.00663621 -0.00704074 -0.00749343 -0.00800073 -0.0085692 -0.00920502 -0.00991337 -0.0106979 -0.0115604 -0.0125005 -0.0135155 -0.0146007 -0.0157494 -0.016952 -0.0181956 -0.0194623 -0.0207277 -0.021959 -0.0231148 -0.0241455 -0.0249956 -0.0256067 -0.0259212 -0.0258848 -0.0254476 -0.0245643 -0.0231943 -0.0213041 -0.0188731 -0.0159008 -0.0124144 -0.00847177 -0.00415748 0.000425682 0.00516601 0.00994721 0.0146457 0.019126 0.0232439 0.0268618 0.029872 0.0322128 0.0338667 0.0348416 0.0351538 0.0348334 0.0339456 0.032598 0.0309227 0.0290541 0.0271262 0.0252819 0.0236656 0.022396 0.0215448 
0 0.00565831 0.0112729 0.0167606 0.0220024 0.0268852 0.0313334 0.0352921 0.0386808 0.0413755 0.0432418 0.044183 0.0441556 0.0431493 0.0411709 0.0382504 0.0344559 0.0298973 0.0247176 0.0190795 0.0131528 0.00710669 0.00110571 -0.00469518 -0.0101572 -0.015164 -0.0196249 -0.0234768 -0.026683 -0.029231 -0.0311307 -0.0324121 -0.0331218 -0.0333189 -0.0330705 -0.0324467 -0.0315167 -0.0303463 -0.0289964 -0.0275221 -0.0259729 -0.0243922 -0.0228169 -0.0212772 -0.0197966 -0.0183918 -0.0170733 -0.0158467 -0.0147136 -0.0136726 -0.0127208 -0.0118542 -0.0110681 -0.0103578 -0.0097182 -0.00914414 -0.00863027 -0.00817111 -0.00776114 -0.00739492 -0.00706721 -0.00677316 -0.00650835 -0.00626893 -0.00605157 -0.00585353 -0.00567252 -0.0055067 -0.00535456 -0.00521487 -0.00508658 -0.00496877 -0.00486062 -0.00476137 -0.00467032 -0.00458678 -0.00451012 -0.00443973 -0.00437506 -0.00431558 -0.00426084 -0.00421042 -0.00416396 -0.00412113 -0.00408167 -0.00404535 -0.00401197 -0.00398136 -0.00395341 -0.00392798 -0.00390501 -0.00388439 -0.00386609 -0.00385004 -0.0038362 -0.00382455 -0.00381505 -0.00380768 -0.00380243 -0.00379928 -0.00379823 -0.00379928 -0.00380243 -0.00380768 -0.00381505 -0.00382455 -0.0038362 -0.00385004 -0.00386609 -0.00388439 -0.00390501 -0.00392798 -0.00395341 -0.00398136 -0.00401197 -0.00404535 -0.00408167 -0.00412113 -0.00416396 -0.00421042 -0.00426084 -0.00431558 -0.00437506 -0.00443973 -0.00451012 -0.00458678 -0.00467032 -0.00476137 -0.00486062 -0.00496877 -0.00508658 -0.00521487 -0.00535456 -0.0055067 -0.00567252 -0.00585353 -0.00605157 -0.00626893 -0.00650835 -0.00677316 -0.00706721 -0.00739492 -0.00776114 -0.00817111 -0.00863027 -0.00914414 -0.0097182 -0.0103578 -0.0110681 -0.0118542 -0.0127208 -0.0136726 -0.0147136 -0.0158467 -0.0170733 -0.0183918 -0.0197966 -0.0212772 -0.0228169 -0.0243922 -0.0259729 -0.0275221 -0.0289964 -0.0303463 -0.0315167 -0.0324467 -0.0330705 -0.0333189 -0.0331218 -0.0324121 -0.0311307 -0.029231 -0.026683 -0.0234768 -0.0196249 -0.015164 -0.0101572 -0.00469505 0.00110612 0.00710787 0.0131559 0.0190874 0.0247363 0.0299387 0.0345422 0.0384199 0.0414843 0.0436957 0.0450551 0.0455855 0.0453225 0.0443324 0.0427406 0.040729 0.0384951 0.036211 0.0340193 0.0320546 0.0304542 0.0293451 
0 0.0069459 0.013818 0.0205093 0.0268852 0.0328165 0.0381944 0.0429135 0.0468559 0.0499045 0.0519643 0.0529638 0.0528418 0.0515563 0.0491135 0.0455825 0.0410787 0.0357384 0.029709 0.0231518 0.0162469 0.00919058 0.00218207 -0.00459614 -0.0109915 -0.016884 -0.0221822 -0.0268182 -0.0307446 -0.033936 -0.0363919 -0.0381368 -0.0392181 -0.0396999 -0.0396553 -0.0391603 -0.038289 -0.0371116 -0.0356941 -0.034098 -0.0323804 -0.0305934 -0.0287828 -0.0269872 -0.0252374 -0.0235564 -0.02196 -0.0204581 -0.0190556 -0.0177542 -0.0165532 -0.0154502 -0.0144419 -0.0135241 -0.0126919 -0.01194 -0.0112623 -0.0106529 -0.0101054 -0.00961364 -0.00917157 -0.00877362 -0.00841467 -0.00809015 -0.00779605 -0.0075289 -0.00728569 -0.00706388 -0.00686125 -0.00667591 -0.00650619 -0.00635063 -0.00620794 -0.00607693 -0.00595657 -0.00584589 -0.00574405 -0.00565025 -0.00556382 -0.00548412 -0.00541062 -0.00534282 -0.0052803 -0.00522267 -0.00516962 -0.00512085 -0.00507612 -0.00503523 -0.00499796 -0.00496418 -0.00493373 -0.00490651 -0.0048824 -0.00486132 -0.00484319 -0.00482795 -0.00481555 -0.00480595 -0.00479911 -0.00479502 -0.00479365 -0.00479502 -0.00479911 -0.00480595 -0.00481555 -0.00482795 -0.00484319 -0.00486132 -0.0048824 -0.00490651 -0.00493373 -0.00496418 -0.00499796 -0.00503523 -0.00507612 -0.00512085 -0.00516962 -0.00522267 -0.0052803 -0.00534282 -0.00541062 -0.00548412 -0.00556382 -0.00565025 -0.00574405 -0.00584589 -0.00595657 -0.00607693 -0.00620794 -0.00635063 -0.00650619 -0.00667591 -0.00686125 -0.00706388 -0.00728569 -0.0075289 -0.00779605 -0.00809015 -0.00841467 -0.00877362 -0.00917157 -0.00961364 -0.0101054 -0.0106529 -0.0112623 -0.01194 -0.0126919 -0.0135241 -0.0144419 -0.0154502 -0.0165532 -0.0177542 -0.0190556 -0.0204581 -0.02196 -0.0235564 -0.0252374 -0.0269872 -0.0287828 -0.0305934 -0.0323804 -0.034098 -0.0356941 -0.0371116 -0.038289 -0.0391603 -0.0396553 -0.0396999 -0.0392181 -0.0381368 -0.0363919 -0.033936 -0.0307446 -0.0268182 -0.0221822 -0.016884 -0.0109914 -0.00459579 0.00218308 0.00919333 0.0162538 0.0231684 0.0297461 0.0358167 0.041234 0.0458729 0.0496255 0.0524091 0.0541871 0.0549835 0.0548691 0.0539408 0.0523257 0.050201 0.0477861 0.0452957 0.0428999 0.0407334 0.038936 0.0376679 
0 0.00816643 0.0161945 0.0239566 0.0313334 0.0381944 0.0443795 0.0497138 0.0540536 0.0573163 0.0594548 0.0604107 0.0601123 0.0585217 0.0556722 0.0516582 0.0466054 0.0406576 0.0339769 0.0267438 0.0191536 0.0114086 0.00370373 -0.00378347 -0.0108966 -0.0175022 -0.023493 -0.0287892 -0.0333395 -0.0371209 -0.0401351 -0.0424036 -0.0439644 -0.0448684 -0.045176 -0.0449565 -0.0442842 -0.0432354 -0.0418855 -0.040305 -0.0385573 -0.0366984 -0.0347757 -0.0328296 -0.0308941 -0.0289976 -0.0271634 -0.02541 -0.0237513 -0.0221963 -0.02075 -0.0194133 -0.0181839 -0.0170576 -0.0160283 -0.0150895 -0.0142344 -0.0134565 -0.0127496 -0.0121081 -0.0115267 -0.0110006 -0.0105249 -0.0100954 -0.00970766 -0.00935754 -0.00904113 -0.00875471 -0.00849484 -0.00825843 -0.00804266 -0.00784514 -0.00766374 -0.00749671 -0.00734252 -0.00719994 -0.00706792 -0.00694559 -0.00683223 -0.0067272 -0.00662997 -0.00654005 -0.00645704 -0.00638053 -0.00631017 -0.00624563 -0.00618661 -0.00613283 -0.00608403 -0.00603997 -0.00600043 -0.00596523 -0.00593418 -0.00590713 -0.00588395 -0.00586453 -0.00584876 -0.00583659 -0.00582792 -0.00582275 -0.00582102 -0.00582275 -0.00582792 -0.00583659 -0.00584876 -0.00586453 -0.00588395 -0.00590713 -0.00593418 -0.00596523 -0.00600043 -0.00603997 -0.00608403 -0.00613283 -0.00618661 -0.00624563 -0.00631017 -0.00638053 -0.00645704 -0.00654005 -0.00662997 -0.0067272 -0.00683223 -0.00694559 -0.00706792 -0.00719994 -0.00734252 -0.00749671 -0.00766374 -0.00784514 -0.00804266 -0.00825843 -0.00849484 -0.00875471 -0.00904113 -0.00935754 -0.00970766 -0.0100954 -0.0105249 -0.0110006 -0.0115267 -0.0121081 -0.0127496 -0.0134565 -0.0142344 -0.0150895 -0.0160283 -0.0170576 -0.0181839 -0.0194133 -0.02075 -0.0221963 -0.0237513 -0.02541 -0.0271634 -0.0289976 -0.0308941 -0.0328296 -0.0347757 -0.0366984 -0.0385573 -0.040305 -0.0418855 -0.0432354 -0.0442842 -0.0449565 -0.045176 -0.0448684 -0.0439644 -0.0424036 -0.0401351 -0.0371209 -0.0333395 -0.0287892 -0.0234929 -0.0175021 -0.0108963 -0.0037826 0.0037061 0.0114146 0.0191682 0.0267767 0.034047 0.0407982 0.0468711 0.0521318 0.0564697 0.0597931 0.0620402 0.0632091 0.0633764 0.0626721 0.0612426 0.059247 0.05688 0.0543655 0.0519143 0.0496979 0.0478681 0.0465841 
0 0.00926824 0.0183357 0.0270502 0.0352921 0.0429135 0.0497138 0.0554905 0.0601066 0.0634947 0.0656077 0.0663939 0.065826 0.0639272 0.0607579 0.0563969 0.0509534 0.0445819 0.0374726 0.0298284 0.0218489 0.0137197 0.00561194 -0.00231137 -0.00989326 -0.0169928 -0.0234945 -0.0293143 -0.0344008 -0.0387308 -0.0423009 -0.0451228 -0.0472215 -0.0486333 -0.049407 -0.049603 -0.0492895 -0.0485395 -0.0474262 -0.0460194 -0.0443838 -0.0425779 -0.0406536 -0.0386569 -0.0366283 -0.0346029 -0.0326105 -0.0306754 -0.0288166 -0.0270482 -0.0253794 -0.0238156 -0.0223587 -0.0210081 -0.0197614 -0.0186145 -0.0175627 -0.0166005 -0.0157222 -0.014922 -0.0141938 -0.013532 -0.0129308 -0.0123848 -0.011889 -0.0114386 -0.0110293 -0.0106568 -0.0103177 -0.0100085 -0.00972633 -0.00946847 -0.00923253 -0.00901644 -0.00881825 -0.00863635 -0.0084692 -0.00831552 -0.00817411 -0.00804396 -0.00792415 -0.00781386 -0.0077124 -0.00761909 -0.00753343 -0.00745488 -0.00738306 -0.00731753 -0.00725801 -0.00720417 -0.00715579 -0.0071126 -0.00707445 -0.00704115 -0.00701257 -0.00698857 -0.00696907 -0.00695398 -0.00694325 -0.00693683 -0.00693469 -0.00693683 -0.00694325 -0.00695398 -0.00696907 -0.00698857 -0.00701257 -0.00704115 -0.00707445 -0.0071126 -0.00715579 -0.00720417 -0.00725801 -0.00731753 -0.00738306 -0.00745488 -0.00753343 -0.00761909 -0.0077124 -0.00781386 -0.00792415 -0.00804396 -0.00817411 -0.00831552 -0.0084692 -0.00863635 -0.00881825 -0.00901644 -0.00923253 -0.00946847 -0.00972633 -0.0100085 -0.0103177 -0.0106568 -0.0110293 -0.0114386 -0.011889 -0.0123848 -0.0129308 -0.013532 -0.0141938 -0.014922 -0.0157222 -0.0166005 -0.0175627 -0.0186145 -0.0197614 -0.0210081 -0.0223587 -0.0238156 -0.0253794 -0.0270482 -0.0288166 -0.0306754 -0.0326105 -0.0346029 -0.0366283 -0.0386569 -0.0406536 -0.0425779 -0.0443838 -0.0460194 -0.0474262 -0.0485395 -0.0492895 -0.049603 -0.049407 -0.0486333 -0.0472215 -0.0451228 -0.0423009 -0.0387308 -0.0344008 -0.0293143 -0.0234945 -0.0169925 -0.00989253 -0.00230936 0.00561712 0.0137323 0.0218776 0.0298904 0.0375983 0.0448223 0.0513869 0.057135 0.0619474 0.0657492 0.0684943 0.0701615 0.0707854 0.0704815 0.0694183 0.0677666 0.0656913 0.0633825 0.0610639 0.05896 0.0572573 0.0560942 
0 0.0102022 0.0201749 0.029725 0.0386808 0.0468559 0.0540536 0.0601066 0.0648925 0.068314 0.0702977 0.0708301 0.0699668 0.0677858 0.0643503 0.0597329 0.0540551 0.0474853 0.0402117 0.0324259 0.0243142 0.0160501 0.00779731 -0.000287032 -0.00806144 -0.0154059 -0.0222204 -0.0284253 -0.0339622 -0.0387905 -0.0428884 -0.046255 -0.0489065 -0.0508737 -0.0521991 -0.0529316 -0.0531241 -0.0528337 -0.0521188 -0.0510406 -0.0496614 -0.0480423 -0.0462419 -0.0443141 -0.0423061 -0.0402586 -0.038205 -0.0361725 -0.0341837 -0.032256 -0.0304039 -0.0286388 -0.0269689 -0.0254003 -0.0239358 -0.0225762 -0.0213198 -0.0201631 -0.0191013 -0.0181284 -0.0172381 -0.016424 -0.0156796 -0.0149991 -0.0143768 -0.0138079 -0.0132877 -0.0128123 -0.0123778 -0.0119809 -0.0116185 -0.0112874 -0.0109852 -0.0107092 -0.010457 -0.0102265 -0.0100156 -0.00982264 -0.00964578 -0.00948368 -0.00933492 -0.00919843 -0.00907311 -0.00895813 -0.00885268 -0.00875611 -0.00866785 -0.00858736 -0.00851426 -0.00844812 -0.00838869 -0.00833562 -0.00828875 -0.00824779 -0.00821266 -0.00818312 -0.00815915 -0.00814057 -0.00812738 -0.00811946 -0.00811685 -0.00811946 -0.00812738 -0.00814057 -0.00815915 -0.00818312 -0.00821266 -0.00824779 -0.00828875 -0.00833562 -0.00838869 -0.00844812 -0.00851426 -0.00858736 -0.00866785 -0.00875611 -0.00885268 -0.00895813 -0.00907311 -0.00919843 -0.00933492 -0.00948368 -0.00964578 -0.00982264 -0.0100156 -0.0102265 -0.010457 -0.0107092 -0.0109852 -0.0112874 -0.0116185 -0.0119809 -0.0123778 -0.0128123 -0.0132877 -0.0138079 -0.0143768 -0.0149991 -0.0156796 -0.016424 -0.0172381 -0.0181284 -0.0191013 -0.0201631 -0.0213198 -0.0225762 -0.0239358 -0.0254003 -0.0269689 -0.0286388 -0.0304039 -0.032256 -0.0341837 -0.0361725 -0.038205 -0.0402586 -0.0423061 -0.0443141 -0.0462419 -0.0480423 -0.0496614 -0.0510406 -0.0521188 -0.0528337 -0.0531241 -0.0529316 -0.0521991 -0.0508737 -0.0489065 -0.046255 -0.0428884 -0.0387905 -0.0339622 -0.0284252 -0.0222202 -0.0154053 -0.00805976 -0.000282656 0.00780806 0.0160749 0.0243683 0.0325371 0.0404268 0.047878 0.0547316 0.0608358 0.0660576 0.0703099 0.0735589 0.0757971 0.0770319 0.077325 0.0768202 0.0757019 0.0741363 0.0722794 0.0703291 0.0685271 0.0670879 0.0661341 
0 0.0109455 0.0216575 0.0318861 0.0413755 0.0499045 0.0573163 0.0634947 0.068314 0.0716457 0.0734297 0.0737116 0.0725893 0.0701485 0.0664743 0.0616901 0.0559487 0.0494014 0.0421999 0.0345094 0.026501 0.0183429 0.0101964 0.00220073 -0.00553363 -0.0129132 -0.0198537 -0.0262815 -0.0321316 -0.037352 -0.0419115 -0.0457981 -0.0490148 -0.0515794 -0.0535176 -0.0548604 -0.0556457 -0.0559164 -0.05572 -0.0551097 -0.0541411 -0.0528702 -0.051353 -0.0496413 -0.0477838 -0.0458247 -0.0438028 -0.0417531 -0.0397051 -0.0376842 -0.0357115 -0.0338035 -0.0319732 -0.0302302 -0.0285805 -0.0270278 -0.0255734 -0.024217 -0.0229568 -0.0217898 -0.0207123 -0.0197198 -0.0188078 -0.017971 -0.0172042 -0.0165024 -0.0158602 -0.0152728 -0.0147355 -0.0142438 -0.0137937 -0.0133814 -0.0130035 -0.0126568 -0.0123388 -0.0120467 -0.0117785 -0.0115321 -0.0113057 -0.0110978 -0.0109069 -0.0107318 -0.0105711 -0.010424 -0.0102895 -0.0101667 -0.0100548 -0.00995327 -0.00986134 -0.0097786 -0.00970446 -0.00963859 -0.00958054 -0.00953005 -0.0094868 -0.0094506 -0.00942122 -0.00939853 -0.00938241 -0.00937277 -0.00936956 -0.00937277 -0.00938241 -0.00939853 -0.00942122 -0.0094506 -0.0094868 -0.00953005 -0.00958054 -0.00963859 -0.00970446 -0.0097786 -0.00986134 -0.00995327 -0.0100548 -0.0101667 -0.0102895 -0.010424 -0.0105711 -0.0107318 -0.0109069 -0.0110978 -0.0113057 -0.0115321 -0.0117785 -0.0120467 -0.0123388 -0.0126568 -0.0130035 -0.0133814 -0.0137937 -0.0142438 -0.0147355 -0.0152728 -0.0158602 -0.0165024 -0.0172042 -0.017971 -0.0188078 -0.0197198 -0.0207123 -0.0217898 -0.0229568 -0.024217 -0.0255734 -0.0270278 -0.0285805 -0.0302302 -0.0319732 -0.0338035 -0.0357115 -0.0376842 -0.0397051 -0.0417531 -0.0438028 -0.0458247 -0.0477838 -0.0496413 -0.051353 -0.0528702 -0.0541411 -0.0551097 -0.05572 -0.0559164 -0.0556457 -0.0548604 -0.0535176 -0.0515794 -0.0490148 -0.0457981 -0.0419115 -0.037352 -0.0321316 -0.0262813 -0.0198532 -0.0129118 -0.00552998 0.00220978 0.0102176 0.0183897 0.0265981 0.0346997 0.0425518 0.0500153 0.0569618 0.0632765 0.0688438 0.0735496 0.0773235 0.080162 0.0820942 0.0831559 0.0834231 0.0830376 0.0821716 0.0809863 0.0796483 0.0783557 0.0773 0.0765995 
0 0.0114919 0.0227328 0.0334204 0.0432418 0.0519643 0.0594548 0.0656077 0.0702977 0.0734297 0.0750005 0.0750749 0.0737298 0.0710644 0.0672338 0.062416 0.0567571 0.0503806 0.0434244 0.0360386 0.0283698 0.020562 0.012747 0.00503135 -0.00249202 -0.00973471 -0.0166217 -0.0230903 -0.0290851 -0.0345639 -0.0394952 -0.0438512 -0.0476141 -0.050777 -0.0533415 -0.0553228 -0.0567477 -0.0576485 -0.0580648 -0.058039 -0.057613 -0.0568318 -0.0557405 -0.0543847 -0.0528118 -0.0510677 -0.0491968 -0.047241 -0.0452364 -0.0432155 -0.0412046 -0.039225 -0.0372944 -0.0354255 -0.0336289 -0.0319125 -0.0302815 -0.0287405 -0.027291 -0.0259342 -0.0246692 -0.0234942 -0.0224063 -0.0214014 -0.0204754 -0.0196231 -0.0188396 -0.0181199 -0.0174588 -0.0168517 -0.016294 -0.0157818 -0.015311 -0.0148783 -0.0144807 -0.014115 -0.0137791 -0.0134702 -0.0131865 -0.0129259 -0.0126868 -0.0124674 -0.0122665 -0.0120825 -0.0119145 -0.0117612 -0.0116217 -0.0114952 -0.0113808 -0.0112779 -0.0111857 -0.011104 -0.0110319 -0.0109693 -0.0109156 -0.0108708 -0.0108344 -0.0108064 -0.0107863 -0.0107745 -0.0107704 -0.0107745 -0.0107863 -0.0108064 -0.0108344 -0.0108708 -0.0109156 -0.0109693 -0.0110319 -0.011104 -0.0111857 -0.0112779 -0.0113808 -0.0114952 -0.0116217 -0.0117612 -0.0119145 -0.0120825 -0.0122665 -0.0124674 -0.0126868 -0.0129259 -0.0131865 -0.0134702 -0.0137791 -0.014115 -0.0144807 -0.0148783 -0.015311 -0.0157818 -0.016294 -0.0168517 -0.0174588 -0.0181199 -0.0188396 -0.0196231 -0.0204754 -0.0214014 -0.0224063 -0.0234942 -0.0246692 -0.0259342 -0.027291 -0.0287405 -0.0302815 -0.0319125 -0.0336289 -0.0354255 -0.0372944 -0.039225 -0.0412046 -0.0432155 -0.0452364 -0.047241 -0.0491968 -0.0510677 -0.0528118 -0.0543847 -0.0557405 -0.0568318 -0.057613 -0.058039 -0.0580648 -0.0576485 -0.0567477 -0.0553228 -0.0533415 -0.050777 -0.0476141 -0.0438512 -0.0394952 -0.0345639 -0.029085 -0.0230899 -0.0166205 -0.00973172 -0.00248449 0.00504918 0.0127868 0.0206458 0.0285363 0.0363505 0.0439758 0.0513024 0.0582182 0.0646226 0.070431 0.075548 0.0798722 0.0833595 0.0860455 0.0879833 0.0892024 0.0897584 0.089784 0.0894553 0.0889288 0.0883286 0.0877711 0.0873679 
0 0.0118241 0.0233438 0.0342324 0.044183 0.0529638 0.0604107 0.0663939 0.0708301 0.0737116 0.0750749 0.0749562 0.0734248 0.0706381 0.0668004 0.0620775 0.0565977 0.0505033 0.0439428 0.0370385 0.029898 0.0226255 0.0153103 0.00803503 0.00088948 -0.00604889 -0.0127235 -0.0190838 -0.0250873 -0.0307002 -0.0358831 -0.0405974 -0.0448143 -0.0485097 -0.0516699 -0.0542959 -0.0563939 -0.0579786 -0.0590732 -0.0597023 -0.0598976 -0.0596958 -0.0591343 -0.0582561 -0.0571043 -0.0557207 -0.0541488 -0.0524276 -0.0505948 -0.0486856 -0.0467303 -0.0447579 -0.0427927 -0.0408552 -0.0389635 -0.0371306 -0.0353678 -0.0336825 -0.0320795 -0.0305622 -0.0291312 -0.027787 -0.0265278 -0.0253516 -0.0242561 -0.0232377 -0.0222936 -0.0214195 -0.0206121 -0.0198672 -0.0191808 -0.0185492 -0.0179681 -0.0174344 -0.0169437 -0.0164933 -0.0160794 -0.0156995 -0.0153506 -0.0150302 -0.0147362 -0.0144662 -0.014219 -0.0139921 -0.0137849 -0.0135953 -0.0134228 -0.0132658 -0.0131238 -0.0129957 -0.0128811 -0.012779 -0.0126891 -0.0126108 -0.0125438 -0.0124876 -0.0124421 -0.0124069 -0.0123819 -0.0123669 -0.0123619 -0.0123669 -0.0123819 -0.0124069 -0.0124421 -0.0124876 -0.0125438 -0.0126108 -0.0126891 -0.012779 -0.0128811 -0.0129957 -0.0131238 -0.0132658 -0.0134228 -0.0135953 -0.0137849 -0.0139921 -0.014219 -0.0144662 -0.0147362 -0.0150302 -0.0153506 -0.0156995 -0.0160794 -0.0164933 -0.0169437 -0.0174344 -0.0179681 -0.0185492 -0.0191808 -0.0198672 -0.0206121 -0.0214195 -0.0222936 -0.0232377 -0.0242561 -0.0253516 -0.0265278 -0.027787 -0.0291312 -0.0305622 -0.0320795 -0.0336825 -0.0353678 -0.0371306 -0.0389635 -0.0408552 -0.0427927 -0.0447579 -0.0467303 -0.0486856 -0.0505948 -0.0524276 -0.0541488 -0.0557207 -0.0571043 -0.0582561 -0.0591343 -0.0596958 -0.0598976 -0.0597023 -0.0590732 -0.0579786 -0.0563939 -0.0542959 -0.0516699 -0.0485097 -0.0448143 -0.0405974 -0.0358831 -0.0307001 -0.025087 -0.0190829 -0.012721 -0.00604271 0.000904289 0.00806852 0.0153818 0.0227694 0.0301713 0.0375286 0.0447732 0.0518368 0.0586357 0.0650609 0.0710187 0.0764525 0.0813023 0.0854979 0.0890188 0.0919022 0.0941746 0.0958385 0.0969498 0.0976462 0.0980664 0.0982798 0.0983279 0.0982983 
0 0.0119025 0.023434 0.0342732 0.0441556 0.0528418 0.0601123 0.065826 0.0699668 0.0725893 0.0737298 0.0734248 0.0717959 0.0690369 0.0653202 0.0607845 0.0555937 0.0499193 0.043881 0.0375634 0.0310536 0.0244255 0.0177374 0.0110578 0.00444968 -0.00204664 -0.00838839 -0.0145271 -0.020425 -0.0260408 -0.0313302 -0.0362624 -0.0408082 -0.0449362 -0.0486252 -0.0518541 -0.0546044 -0.0568721 -0.0586585 -0.0599743 -0.0608434 -0.0612913 -0.0613495 -0.0610539 -0.0604371 -0.0595361 -0.0583873 -0.0570254 -0.0554892 -0.0538133 -0.0520326 -0.050181 -0.0482865 -0.0463772 -0.044475 -0.0425984 -0.0407639 -0.038982 -0.0372635 -0.0356143 -0.0340395 -0.0325429 -0.0311252 -0.0297885 -0.0285312 -0.0273528 -0.0262515 -0.0252242 -0.0242689 -0.0233813 -0.022559 -0.0217973 -0.0210932 -0.0204429 -0.0198425 -0.019289 -0.0187785 -0.0183088 -0.0178758 -0.017478 -0.0171119 -0.016776 -0.0164676 -0.0161851 -0.0159266 -0.0156906 -0.0154758 -0.0152805 -0.0151041 -0.0149449 -0.0148029 -0.0146762 -0.0145651 -0.014468 -0.0143853 -0.0143157 -0.0142597 -0.014216 -0.0141854 -0.0141667 -0.0141608 -0.0141667 -0.0141854 -0.014216 -0.0142597 -0.0143157 -0.0143853 -0.014468 -0.0145651 -0.0146762 -0.0148029 -0.0149449 -0.0151041 -0.0152805 -0.0154758 -0.0156906 -0.0159266 -0.0161851 -0.0164676 -0.016776 -0.0171119 -0.017478 -0.0178758 -0.0183088 -0.0187785 -0.019289 -0.0198425 -0.0204429 -0.0210932 -0.0217973 -0.022559 -0.0233813 -0.0242689 -0.0252242 -0.0262515 -0.0273528 -0.0285312 -0.0297885 -0.0311252 -0.0325429 -0.0340395 -0.0356143 -0.0372635 -0.038982 -0.0407639 -0.0425984 -0.044475 -0.0463772 -0.0482865 -0.050181 -0.0520326 -0.0538133 -0.0554892 -0.0570254 -0.0583873 -0.0595361 -0.0604371 -0.0610539 -0.0613495 -0.0612913 -0.0608434 -0.0599743 -0.0586585 -0.0568721 -0.0546044 -0.0518541 -0.0486252 -0.0449362 -0.0408082 -0.0362624 -0.0313301 -0.0260405 -0.0204242 -0.0145252 -0.00838339 -0.0020345 0.0044775 0.011118 0.0178603 0.0246623 0.0314843 0.0383039 0.0450865 0.0517854 0.0583562 0.0647261 0.0707906 0.0764855 0.0818032 0.0867139 0.0911422 0.0950412 0.0984171 0.101277 0.103622 0.10549 0.106949 0.108041 0.108781 0.109218 
0 0.0116853 0.0229672 0.033536 0.0431493 0.0515563 0.0585217 0.0639272 0.0677858 0.0701485 0.0710644 0.0706381 0.0690369 0.0664136 0.0628976 0.0586643 0.0539134 0.048776 0.043327 0.0376536 0.0318368 0.025921 0.0199494 0.0139651 0.00798275 0.00202148 -0.00387494 -0.0096711 -0.015334 -0.0208178 -0.0260903 -0.0311245 -0.0358794 -0.0403217 -0.0444205 -0.0481372 -0.051448 -0.054336 -0.0567849 -0.0587954 -0.0603714 -0.0615197 -0.0622611 -0.0626152 -0.0626076 -0.0622723 -0.0616388 -0.0607439 -0.0596234 -0.0583093 -0.0568382 -0.0552395 -0.0535434 -0.0517789 -0.0499689 -0.0481392 -0.0463088 -0.0444959 -0.0427173 -0.0409836 -0.0393075 -0.0376948 -0.036152 -0.0346827 -0.0332877 -0.0319695 -0.0307253 -0.0295558 -0.0284577 -0.0274291 -0.0264679 -0.02557 -0.0247343 -0.0239558 -0.0232335 -0.0225628 -0.0219419 -0.0213674 -0.0208366 -0.0203472 -0.0198958 -0.0194812 -0.0190997 -0.0187506 -0.0184304 -0.0181387 -0.0178725 -0.0176313 -0.0174128 -0.0172165 -0.0170405 -0.0168844 -0.0167469 -0.0166274 -0.0165252 -0.0164395 -0.0163703 -0.0163166 -0.0162787 -0.0162558 -0.0162484 -0.0162558 -0.0162787 -0.0163166 -0.0163703 -0.0164395 -0.0165252 -0.0166274 -0.0167469 -0.0168844 -0.0170405 -0.0172165 -0.0174128 -0.0176313 -0.0178725 -0.0181387 -0.0184304 -0.0187506 -0.0190997 -0.0194812 -0.0198958 -0.0203472 -0.0208366 -0.0213674 -0.0219419 -0.0225628 -0.0232335 -0.0239558 -0.0247343 -0.02557 -0.0264679 -0.0274291 -0.0284577 -0.0295558 -0.0307253 -0.0319695 -0.0332877 -0.0346827 -0.036152 -0.0376948 -0.0393075 -0.0409836 -0.0427173 -0.0444959 -0.0463088 -0.0481392 -0.0499689 -0.0517789 -0.0535434 -0.0552395 -0.0568382 -0.0583093 -0.0596234 -0.0607439 -0.0616388 -0.0622723 -0.0626076 -0.0626152 -0.0622611 -0.0615197 -0.0603714 -0.0587954 -0.0567849 -0.054336 -0.051448 -0.0481372 -0.0444205 -0.0403217 -0.0358794 -0.0311244 -0.0260901 -0.0208173 -0.0153324 -0.00966711 -0.00386512 0.00204429 0.00803279 0.0140687 0.0201521 0.0262953 0.03249 0.0387327 0.0450202 0.051313 0.0575699 0.0637784 0.0699 0.0758623 0.0816347 0.0872181 0.0925483 0.0975068 0.10203 0.10612 0.109759 0.112884 0.115449 0.117464 0.118951 0.11992 
0 0.0111584 0.0219396 0.0320315 0.0411709 0.0491135 0.0556722 0.0607579 0.0643503 0.0664743 0.0672338 0.0668004 0.0653202 0.0628976 0.059689 0.0559053 0.0516967 0.047141 0.0423337 0.0373721 0.0322943 0.0271224 0.0218947 0.0166191 0.0112926 0.00594489 0.000597021 -0.00474688 -0.0100562 -0.015298 -0.0204502 -0.0254656 -0.0302978 -0.0349168 -0.0392789 -0.0433495 -0.0471071 -0.0505176 -0.0535577 -0.0562128 -0.0584616 -0.0603019 -0.0617375 -0.0627731 -0.0634321 -0.0637345 -0.063705 -0.063377 -0.062775 -0.061932 -0.0608791 -0.0596425 -0.058257 -0.0567474 -0.0551429 -0.053471 -0.0517523 -0.0500127 -0.0482681 -0.0465365 -0.0448328 -0.0431658 -0.0415486 -0.0399849 -0.0384828 -0.0370452 -0.0356741 -0.034373 -0.0331394 -0.0319764 -0.0308798 -0.0298505 -0.0288853 -0.0279822 -0.0271395 -0.0263527 -0.0256218 -0.024941 -0.0243107 -0.0237254 -0.0231848 -0.0226848 -0.0222242 -0.0218001 -0.0214104 -0.021054 -0.0207277 -0.0204316 -0.0201621 -0.0199202 -0.019702 -0.0195092 -0.019338 -0.0191902 -0.0190624 -0.0189566 -0.0188696 -0.0188034 -0.0187554 -0.0187277 -0.0187177 -0.0187277 -0.0187554 -0.0188034 -0.0188696 -0.0189566 -0.0190624 -0.0191902 -0.019338 -0.0195092 -0.019702 -0.0199202 -0.0201621 -0.0204316 -0.0207277 -0.021054 -0.0214104 -0.0218001 -0.0222242 -0.0226848 -0.0231848 -0.0237254 -0.0243107 -0.024941 -0.0256218 -0.0263527 -0.0271395 -0.0279822 -0.0288853 -0.0298505 -0.0308798 -0.0319764 -0.0331394 -0.034373 -0.0356741 -0.0370452 -0.0384828 -0.0399849 -0.0415486 -0.0431658 -0.0448328 -0.0465365 -0.0482681 -0.0500127 -0.0517523 -0.053471 -0.0551429 -0.0567474 -0.058257 -0.0596425 -0.0608791 -0.061932 -0.062775 -0.063377 -0.063705 -0.0637345 -0.0634321 -0.0627731 -0.0617375 -0.0603019 -0.0584616 -0.0562128 -0.0535577 -0.0505176 -0.0471071 -0.0433495 -0.0392789 -0.0349168 -0.0302978 -0.0254655 -0.0204497 -0.0152968 -0.010053 -0.00473905 0.00061547 0.00598596 0.0113789 0.0167905 0.0222163 0.0276924 0.0332502 0.0388938 0.0446437 0.0505073 0.0564457 0.0624494 0.068561 0.074776 0.0810238 0.0872513 0.0934129 0.0994023 0.105095 0.110427 0.115344 0.119725 0.123432 0.126411 0.128668 0.130172 
0 0.0103452 0.0203783 0.0297785 0.0382504 0.0455825 0.0516582 0.0563969 0.0597329 0.0616901 0.062416 0.0620775 0.0607845 0.0586643 0.0559053 0.0526609 0.0490174 0.0450868 0.0409945 0.0367806 0.0324429 0.0280164 0.0235196 0.0189386 0.0142927 0.00959918 0.00483464 3.06015e-06 -0.00486754 -0.00977036 -0.0146731 -0.0195243 -0.0242997 -0.0289607 -0.0334575 -0.0377656 -0.0418434 -0.0456474 -0.0491575 -0.052339 -0.0551685 -0.0576406 -0.0597366 -0.0614576 -0.0628101 -0.0637935 -0.0644293 -0.0647325 -0.0647225 -0.0644326 -0.063883 -0.0631079 -0.0621369 -0.0609941 -0.0597142 -0.0583165 -0.0568289 -0.0552742 -0.053669 -0.0520382 -0.050393 -0.0487528 -0.0471299 -0.0455341 -0.0439796 -0.0424688 -0.0410137 -0.0396145 -0.0382772 -0.0370037 -0.0357928 -0.0346485 -0.0335655 -0.0325476 -0.0315885 -0.0306902 -0.0298481 -0.0290609 -0.028327 -0.027642 -0.0270069 -0.0264154 -0.0258699 -0.0253635 -0.024899 -0.02447 -0.0240787 -0.0237202 -0.0233954 -0.0231011 -0.0228372 -0.0226018 -0.022394 -0.0222132 -0.0220576 -0.0219279 -0.0218218 -0.0217407 -0.0216821 -0.021648 -0.0216358 -0.021648 -0.0216821 -0.0217407 -0.0218218 -0.0219279 -0.0220576 -0.0222132 -0.022394 -0.0226018 -0.0228372 -0.0231011 -0.0233954 -0.0237202 -0.0240787 -0.02447 -0.024899 -0.0253635 -0.0258699 -0.0264154 -0.0270069 -0.027642 -0.028327 -0.0290609 -0.0298481 -0.0306902 -0.0315885 -0.0325476 -0.0335655 -0.0346485 -0.0357928 -0.0370037 -0.0382772 -0.0396145 -0.0410137 -0.0424688 -0.0439796 -0.0455341 -0.0471299 -0.0487528 -0.050393 -0.0520382 -0.053669 -0.0552742 -0.0568289 -0.0583165 -0.0597142 -0.0609941 -0.0621369 -0.0631079 -0.063883 -0.0644326 -0.0647225 -0.0647325 -0.0644293 -0.0637935 -0.0628101 -0.0614576 -0.0597366 -0.0576406 -0.0551685 -0.052339 -0.0491575 -0.0456474 -0.0418434 -0.0377656 -0.0334575 -0.0289606 -0.0242996 -0.019524 -0.0146722 -0.00976792 -0.00486138 1.77834e-05 0.0048679 0.0096702 0.014436 0.0192116 0.0240113 0.0288542 0.033797 0.0388649 0.0440687 0.049466 0.0550953 0.0609445 0.0670448 0.073458 0.080149 0.0870014 0.09393 0.100867 0.107689 0.114239 0.120377 0.125948 0.130779 0.134739 0.137755 0.139749 
0 0.00928996 0.0183309 0.0268164 0.0344559 0.0410787 0.0466054 0.0509534 0.0540551 0.0559487 0.0567571 0.0565977 0.0555937 0.0539134 0.0516967 0.0490174 0.0459847 0.0427523 0.0393878 0.0358833 0.0322726 0.0285881 0.0248017 0.0209126 0.0169456 0.0128727 0.00867898 0.00439556 1.79182e-05 -0.00445669 -0.00898759 -0.0135624 -0.018164 -0.0227335 -0.027239 -0.0316446 -0.0358894 -0.0399487 -0.0437905 -0.047371 -0.0506798 -0.0536871 -0.0563667 -0.0587173 -0.0607161 -0.0623632 -0.0636677 -0.0646259 -0.0652632 -0.065593 -0.0656327 -0.0654156 -0.0649547 -0.0642833 -0.0634254 -0.0624009 -0.0612441 -0.0599687 -0.0586048 -0.0571714 -0.055685 -0.054171 -0.0526363 -0.0511037 -0.0495797 -0.0480768 -0.0466064 -0.0451701 -0.0437819 -0.0424381 -0.0411499 -0.0399145 -0.0387363 -0.0376169 -0.0365532 -0.0355506 -0.0346016 -0.0337126 -0.032875 -0.0320938 -0.0313621 -0.0306816 -0.0300488 -0.0294617 -0.0289201 -0.0284191 -0.0279614 -0.0275398 -0.027159 -0.0268108 -0.0265007 -0.0262206 -0.0259763 -0.0257599 -0.0255772 -0.0254209 -0.0252968 -0.0251981 -0.0251304 -0.0250876 -0.0250752 -0.0250876 -0.0251304 -0.0251981 -0.0252968 -0.0254209 -0.0255772 -0.0257599 -0.0259763 -0.0262206 -0.0265007 -0.0268108 -0.027159 -0.0275398 -0.0279614 -0.0284191 -0.0289201 -0.0294617 -0.0300488 -0.0306816 -0.0313621 -0.0320938 -0.032875 -0.0337126 -0.0346016 -0.0355506 -0.0365532 -0.0376169 -0.0387363 -0.0399145 -0.0411499 -0.0424381 -0.0437819 -0.0451701 -0.0466064 -0.0480768 -0.0495797 -0.0511037 -0.0526363 -0.054171 -0.055685 -0.0571714 -0.0586048 -0.0599687 -0.0612441 -0.0624009 -0.0634254 -0.0642833 -0.0649547 -0.0654156 -0.0656327 -0.065593 -0.0652632 -0.0646259 -0.0636677 -0.0623632 -0.0607161 -0.0587173 -0.0563667 -0.0536871 -0.0506798 -0.047371 -0.0437905 -0.0399487 -0.0358894 -0.0316446 -0.027239 -0.0227334 -0.0181638 -0.0135617 -0.00898572 -0.00445191 2.95078e-05 0.00442215 0.00873662 0.0129909 0.0171745 0.0213317 0.0255278 0.0297805 0.0341355 0.038667 0.0433959 0.0483607 0.053674 0.0594066 0.0655574 0.0721503 0.0791989 0.0866116 0.0942591 0.10206 0.109906 0.117584 0.124854 0.131519 0.1374 0.142297 0.146023 0.148447 
0 0.00803479 0.0158592 0.0232232 0.0298973 0.0357384 0.0406576 0.0445819 0.0474853 0.0494014 0.0503806 0.0505033 0.0499193 0.048776 0.047141 0.0450868 0.0427523 0.0402297 0.0375309 0.0347078 0.0318219 0.0288408 0.0257304 0.0225162 0.0191786 0.0156857 0.0120743 0.00834832 0.00447399 0.000477649 -0.003628 -0.0078573 -0.0121617 -0.0165054 -0.0208782 -0.0252188 -0.0294918 -0.033678 -0.0377149 -0.041577 -0.0452387 -0.0486479 -0.0517981 -0.054664 -0.0572188 -0.059472 -0.061401 -0.0630082 -0.0643052 -0.0652806 -0.0659614 -0.0663537 -0.0664718 -0.0663489 -0.0659913 -0.0654361 -0.064702 -0.0638092 -0.0627919 -0.0616574 -0.0604393 -0.0591485 -0.0578034 -0.0564258 -0.055019 -0.0536094 -0.0521959 -0.050798 -0.0494205 -0.0480696 -0.0467583 -0.0454817 -0.0442562 -0.0430729 -0.0419448 -0.0408658 -0.039841 -0.0388704 -0.0379508 -0.037088 -0.0362724 -0.0355135 -0.0347988 -0.0341383 -0.0335199 -0.0329518 -0.0324245 -0.031943 -0.0315012 -0.0311008 -0.0307393 -0.0304153 -0.0301294 -0.0298779 -0.0296636 -0.0294812 -0.0293354 -0.0292198 -0.0291403 -0.02909 -0.0290756 -0.02909 -0.0291403 -0.0292198 -0.0293354 -0.0294812 -0.0296636 -0.0298779 -0.0301294 -0.0304153 -0.0307393 -0.0311008 -0.0315012 -0.031943 -0.0324245 -0.0329518 -0.0335199 -0.0341383 -0.0347988 -0.0355135 -0.0362724 -0.037088 -0.0379508 -0.0388704 -0.039841 -0.0408658 -0.0419448 -0.0430729 -0.0442562 -0.0454817 -0.0467583 -0.0480696 -0.0494205 -0.050798 -0.0521959 -0.0536094 -0.055019 -0.0564258 -0.0578034 -0.0591485 -0.0604393 -0.0616574 -0.0627919 -0.0638092 -0.064702 -0.0654361 -0.0659913 -0.0663489 -0.0664718 -0.0663537 -0.0659614 -0.0652806 -0.0643052 -0.0630082 -0.061401 -0.059472 -0.0572188 -0.054664 -0.0517981 -0.0486479 -0.0452387 -0.041577 -0.0377149 -0.033678 -0.0294918 -0.0252188 -0.0208781 -0.0165052 -0.0121612 -0.00785589 -0.00362435 0.000486646 0.00449494 0.00839448 0.0121705 0.0158752 0.0195316 0.0231382 0.026769 0.0304891 0.0343198 0.0383472 0.0426706 0.0473241 0.0523875 0.0580023 0.064222 0.0710123 0.0783599 0.0862351 0.0945299 0.103115 0.111849 0.120502 0.128777 0.136421 0.143227 0.148942 0.15329 0.156093 
0 0.00661067 0.0130366 0.0191172 0.0247176 0.029709 0.0339769 0.0374726 0.0402117 0.0421999 0.0434244 0.0439428 0.043881 0.043327 0.0423337 0.0409945 0.0393878 0.0375309 0.0354853 0.0333519 0.0311288 0.0287682 0.0262956 0.0237071 0.0209479 0.0180398 0.0150045 0.0117921 0.00841449 0.0049065 0.0012361 -0.00257536 -0.00648551 -0.010515 -0.0146286 -0.0187767 -0.0229602 -0.0271192 -0.0312042 -0.0352061 -0.0390602 -0.0427415 -0.0462391 -0.0494986 -0.0525208 -0.0552843 -0.0577567 -0.0599537 -0.061847 -0.0634405 -0.0647486 -0.0657552 -0.0664941 -0.066965 -0.0671831 -0.0671804 -0.0669543 -0.0665457 -0.0659621 -0.0652254 -0.064366 -0.0633858 -0.0623243 -0.061182 -0.0599858 -0.0587503 -0.0574812 -0.0562062 -0.0549177 -0.053644 -0.0523783 -0.0511373 -0.0499245 -0.0487408 -0.0476006 -0.0464928 -0.045437 -0.0444178 -0.043453 -0.0425301 -0.0416595 -0.0408358 -0.0400604 -0.0393355 -0.0386545 -0.038026 -0.0374374 -0.0369016 -0.0364026 -0.0359555 -0.035543 -0.0351805 -0.0348512 -0.0345697 -0.0343207 -0.0341172 -0.0339458 -0.0338183 -0.0337226 -0.0336697 -0.0336484 -0.0336697 -0.0337226 -0.0338183 -0.0339458 -0.0341172 -0.0343207 -0.0345697 -0.0348512 -0.0351805 -0.035543 -0.0359555 -0.0364026 -0.0369016 -0.0374374 -0.038026 -0.0386545 -0.0393355 -0.0400604 -0.0408358 -0.0416595 -0.0425301 -0.043453 -0.0444178 -0.045437 -0.0464928 -0.0476006 -0.0487408 -0.0499245 -0.0511373 -0.0523783 -0.053644 -0.0549177 -0.0562062 -0.0574812 -0.0587503 -0.0599858 -0.061182 -0.0623243 -0.0633858 -0.064366 -0.0652254 -0.0659621 -0.0665457 -0.0669543 -0.0671804 -0.0671831 -0.066965 -0.0664941 -0.0657552 -0.0647486 -0.0634405 -0.061847 -0.0599537 -0.0577567 -0.0552843 -0.0525208 -0.0494986 -0.0462391 -0.0427415 -0.0390602 -0.0352061 -0.0312042 -0.0271192 -0.0229601 -0.0187766 -0.0146285 -0.0105146 -0.00648447 -0.0025726 0.00124299 0.00492278 0.00845097 0.0118694 0.0151594 0.0183333 0.0214744 0.0246015 0.0277386 0.0309884 0.0344057 0.0380276 0.0419895 0.0464153 0.0513558 0.056904 0.0631653 0.0701352 0.0777612 0.0860262 0.0948691 0.10413 0.113603 0.123044 0.132158 0.140636 0.148202 0.154562 0.159413 0.16254 
