0 0 0 0 0 0 0 0 0 0 0 0 0 0 0 0 0 0 0 0 0 0 0 0 0 0 0 0 0 0 0 0 0 0 0 0 0 0 0 0 0 0 0 0 0 0 0 0 0 0 0 0 0 0 0 0 0 0 0 0 0 0 0 0 0 0 0 0 0 0 0 0 0 0 0 0 0 0 0 0 0 0 0 0 0 0 0 0 0 0 0 0 0 0 0 0 0 0 0 0 0 0 0 0 0 0 0 0 0 0 0 0 0 0 0 0 0 0 0 0 0 0 0 0 0 0 0 0 0 0 0 0 0 0 0 0 0 0 0 0 0 0 0 0 0 0 0 0 0 0 0 0 0 0 0 0 0 0 0 0 0 0 0 0 0 0 0 0 0 0 0 0 0 0 0 0 0 0 0 0 0 0 0 0 0 0 0 0 0 0 0 0 0 0 0 0 0 0 0 0 
0 1.26031e-21 8.96784e-21 5.97843e-20 3.7985e-19 2.30121e-18 1.32946e-17 7.32495e-17 3.84914e-16 1.92913e-15 9.22141e-15 4.20391e-14 1.82771e-13 7.57743e-13 2.99542e-12 1.12893e-11 4.05596e-11 1.38895e-10 4.53301e-10 1.40975e-09 4.17737e-09 1.17932e-08 3.17174e-08 8.12636e-08 1.98353e-07 4.61282e-07 1.02226e-06 2.15944e-06 4.34995e-06 8.36034e-06 1.53414e-05 2.69028e-05 4.51339e-05 7.25381e-05 0.000111865 0.000165854 0.000236944 0.00032703 0.000437376 0.000568722 0.000721619 0.000896908 0.00109622 0.00132232 0.00157924 0.00187202 0.00220614 0.00258681 0.00301812 0.00350239 0.00403973 0.00462789 0.00526242 0.00593714 0.00664467 0.00737699 0.00812598 0.00888376 0.00964293 0.0103966 0.0111385 0.0118625 0.0125631 0.0132348 0.0138725 0.0144711 0.0150261 0.0155334 0.0159893 0.016391 0.0167365 0.0170246 0.0172553 0.0174291 0.0175477 0.0176136 0.0176299 0.0176002 0.0175288 0.0174201 0.0172788 0.0171099 0.0169181 0.0167083 0.0164851 0.016253 0.0160163 0.0157791 0.0155449 0.0153173 0.0150993 0.0148939 0.0147036 0.0145305 0.0143766 0.0142437 0.0141331 0.0140459 0.013983 0.013945 0.0139323 0.013945 0.013983 0.0140459 0.0141331 0.0142437 0.0143766 0.0145305 0.0147036 0.0148939 0.0150993 0.0153173 0.0155449 0.0157791 0.0160163 0.016253 0.0164851 0.0167083 0.0169181 0.0171099 0.0172788 0.0174201 0.0175288 0.0176002 0.0176299 0.0176136 0.0175477 0.0174291 0.0172553 0.0170246 0.0167365 0.016391 0.0159893 0.0155334 0.0150261 0.0144711 0.0138725 0.0132348 0.0125631 0.0118625 0.0111385 0.0103966 0.00964293 0.00888376 0.00812598 0.00737699 0.00664467 0.00593714 0.00526242 0.00462789 0.00403973 0.00350239 0.00301812 0.00258681 0.00220614 0.00187202 0.00157924 0.00132232 0.00109622 0.000896908 0.000721619 0.000568722 0.000437376 0.00032703 0.000236944 0.000165854 0.000111865 7.25381e-05 4.51339e-05 2.69028e-05 1.53414e-05 8.36034e-06 4.34995e-06 2.15944e-06 1.02226e-06 4.61282e-07 1.98353e-07 8.12636e-08 3.17174e-08 1.17932e-08 4.17737e-09 1.40975e-09 4.53301e-10 1.38895e-10 4.05596e-11 1.12893e-11 2.99542e-12 7.57743e-13 1.82771e-13 4.20391e-14 9.22141e-15 1.92913e-15 3.84914e-16 7.32495e-17 1.32946e-17 2.30121e-18 3.79849e-19 5.97757e-20 8.90212e-21 7.82827e-22 
0 8.96784e-21 6.15931e-20 3.95952e-19 2.4265e-18 1.41823e-17 7.9064e-17 4.20436e-16 2.13263e-15 1.03187e-14 4.7622e-14 2.09624e-13 8.80011e-13 3.52294e-12 1.34475e-11 4.89373e-11 1.69763e-10 5.61295e-10 1.76858e-09 5.30995e-09 1.51895e-08 4.13952e-08 1.07472e-07 2.6582e-07 6.26413e-07 1.40666e-06 3.01088e-06 6.14527e-06 1.19665e-05 2.22477e-05 3.95259e-05 6.71819e-05 0.000109394 0.000170934 0.000256806 0.000371804 0.000520106 0.000705045 0.000929176 0.00119467 0.00150393 0.00186035 0.00226882 0.00273598 0.00326999 0.00387978 0.00457408 0.00536026 0.00624325 0.00722484 0.00830326 0.00947329 0.0107266 0.0120524 0.013438 0.01487 0.0163339 0.0178156 0.0193008 0.0207756 0.0222265 0.0236404 0.0250049 0.0263079 0.0275383 0.0286862 0.0297424 0.0306995 0.0315516 0.0322943 0.0329252 0.0334435 0.0338502 0.0341478 0.0343406 0.0344338 0.0344341 0.0343487 0.034186 0.0339544 0.033663 0.0333209 0.0329371 0.0325207 0.0320803 0.0316244 0.0311609 0.0306974 0.0302407 0.0297975 0.0293736 0.0289744 0.0286047 0.0282687 0.0279702 0.0277123 0.0274978 0.0273287 0.0272067 0.0271331 0.0271085 0.0271331 0.0272067 0.0273287 0.0274978 0.0277123 0.0279702 0.0282687 0.0286047 0.0289744 0.0293736 0.0297975 0.0302407 0.0306974 0.0311609 0.0316244 0.0320803 0.0325207 0.0329371 0.0333209 0.033663 0.0339544 0.034186 0.0343487 0.0344341 0.0344338 0.0343406 0.0341478 0.0338502 0.0334435 0.0329252 0.0322943 0.0315516 0.0306995 0.0297424 0.0286862 0.0275383 0.0263079 0.0250049 0.0236404 0.0222265 0.0207756 0.0193008 0.0178156 0.0163339 0.01487 0.013438 0.0120524 0.0107266 0.00947329 0.00830326 0.00722484 0.00624325 0.00536026 0.00457408 0.00387978 0.00326999 0.00273598 0.00226882 0.00186035 0.00150393 0.00119467 0.000929176 0.000705045 0.000520106 0.000371804 0.000256806 0.000170934 0.000109394 6.71819e-05 3.95259e-05 2.22477e-05 1.19665e-05 6.14527e-06 3.01088e-06 1.40666e-06 6.26413e-07 2.6582e-07 1.07472e-07 4.13952e-08 1.51895e-08 5.30995e-09 1.76858e-09 5.61295e-10 1.69763e-10 4.89373e-11 1.34475e-11 3.52294e-12 8.80011e-13 2.09624e-13 4.7622e-14 1.03187e-14 2.13263e-15 4.20436e-16 7.9064e-17 1.41823e-17 2.42649e-18 3.95887e-19 6.11189e-20 5.65147e-21 
0 5.97843e-20 3.95952e-19 2.45145e-18 1.447e-17 8.14674e-17 4.37512e-16 2.24124e-15 1.09514e-14 5.10407e-14 2.26877e-13 9.61718e-13 3.88721e-12 1.49795e-11 5.50254e-11 1.92646e-10 6.42714e-10 2.04296e-09 6.18608e-09 1.78412e-08 4.90042e-08 1.28176e-07 3.19252e-07 7.57233e-07 1.71061e-06 3.68128e-06 7.5498e-06 1.47636e-05 2.75475e-05 4.90928e-05 8.3661e-05 0.000136536 0.000213789 0.000321865 0.000467101 0.000655316 0.000891626 0.00118062 0.00152684 0.0019355 0.00241311 0.00296789 0.00360972 0.00434956 0.00519854 0.00616681 0.00726242 0.00849051 0.00985274 0.0113472 0.0129684 0.0147079 0.0165545 0.0184946 0.0205129 0.022592 0.0247134 0.0268572 0.0290026 0.0311285 0.0332136 0.035237 0.0371787 0.0390204 0.0407453 0.0423392 0.0437903 0.0450893 0.0462299 0.0472082 0.0480232 0.0486762 0.0491707 0.0495122 0.0497082 0.0497673 0.0496996 0.0495161 0.0492285 0.048849 0.0483902 0.0478648 0.0472851 0.0466636 0.0460121 0.0453422 0.0446648 0.0439901 0.0433278 0.0426866 0.0420748 0.0414997 0.0409678 0.0404851 0.0400567 0.0396869 0.0393794 0.0391372 0.0389625 0.0388571 0.0388218 0.0388571 0.0389625 0.0391372 0.0393794 0.0396869 0.0400567 0.0404851 0.0409678 0.0414997 0.0420748 0.0426866 0.0433278 0.0439901 0.0446648 0.0453422 0.0460121 0.0466636 0.0472851 0.0478648 0.0483902 0.048849 0.0492285 0.0495161 0.0496996 0.0497673 0.0497082 0.0495122 0.0491707 0.0486762 0.0480232 0.0472082 0.0462299 0.0450893 0.0437903 0.0423392 0.0407453 0.0390204 0.0371787 0.035237 0.0332136 0.0311285 0.0290026 0.0268572 0.0247134 0.022592 0.0205129 0.0184946 0.0165545 0.0147079 0.0129684 0.0113472 0.00985274 0.00849051 0.00726242 0.00616681 0.00519854 0.00434956 0.00360972 0.00296789 0.00241311 0.0019355 0.00152684 0.00118062 0.000891626 0.000655316 0.000467101 0.000321865 0.000213789 0.000136536 8.3661e-05 4.90928e-05 2.75475e-05 1.47636e-05 7.5498e-06 3.68128e-06 1.71061e-06 7.57233e-07 3.19252e-07 1.28176e-07 4.90042e-08 1.78412e-08 6.18608e-09 2.04296e-09 6.42714e-10 1.92646e-10 5.50254e-11 1.49795e-11 3.88721e-12 9.61718e-13 2.26877e-13 5.10407e-14 1.09514e-14 2.24124e-15 4.37512e-16 8.14674e-17 1.44699e-17 2.451e-18 3.9275e-19 3.82589e-20 
0 3.7985e-19 2.4265e-18 1.447e-17 8.22678e-17 4.46145e-16 2.30787e-15 1.13872e-14 5.35879e-14 2.40501e-13 1.02924e-12 4.19953e-12 1.63342e-11 6.05518e-11 2.13895e-10 7.1983e-10 2.30738e-09 7.04336e-09 2.04702e-08 5.6633e-08 1.49128e-07 3.73719e-07 8.91283e-07 2.02298e-06 4.37064e-06 8.99095e-06 1.7619e-05 3.29131e-05 5.86649e-05 9.98963e-05 0.000162768 0.000254272 0.00038175 0.000552386 0.000772873 0.00104942 0.0013882 0.00179607 0.00228141 0.00285465 0.00352833 0.00431645 0.00523335 0.00629234 0.00750431 0.00887677 0.0104134 0.0121141 0.0139752 0.0159902 0.0181499 0.0204429 0.0228555 0.0253715 0.0279723 0.0306367 0.0333409 0.0360589 0.0387634 0.0414264 0.0440197 0.0465166 0.048892 0.0511235 0.0531917 0.0550808 0.0567784 0.0582759 0.0595681 0.0606532 0.0615325 0.06221 0.0626923 0.062988 0.0631077 0.0630635 0.0628687 0.0625376 0.062085 0.0615263 0.0608772 0.060153 0.0593692 0.0585406 0.0576817 0.0568063 0.0559275 0.0550574 0.0542074 0.0533882 0.0526092 0.0518791 0.0512057 0.0505959 0.0500556 0.0495899 0.0492032 0.0488988 0.0486795 0.0485472 0.048503 0.0485472 0.0486795 0.0488988 0.0492032 0.0495899 0.0500556 0.0505959 0.0512057 0.0518791 0.0526092 0.0533882 0.0542074 0.0550574 0.0559275 0.0568063 0.0576817 0.0585406 0.0593692 0.060153 0.0608772 0.0615263 0.062085 0.0625376 0.0628687 0.0630635 0.0631077 0.062988 0.0626923 0.06221 0.0615325 0.0606532 0.0595681 0.0582759 0.0567784 0.0550808 0.0531917 0.0511235 0.048892 0.0465166 0.0440197 0.0414264 0.0387634 0.0360589 0.0333409 0.0306367 0.0279723 0.0253715 0.0228555 0.0204429 0.0181499 0.0159902 0.0139752 0.0121141 0.0104134 0.00887677 0.00750431 0.00629234 0.00523335 0.00431645 0.00352833 0.00285465 0.00228141 0.00179607 0.0013882 0.00104942 0.000772873 0.000552386 0.00038175 0.000254272 0.000162768 9.98963e-05 5.86649e-05 3.29131e-05 1.7619e-05 8.99095e-06 4.37064e-06 2.02298e-06 8.91283e-07 3.73719e-07 1.49128e-07 5.6633e-08 2.04702e-08 7.04336e-09 2.30738e-09 7.1983e-10 2.13895e-10 6.05518e-11 1.63342e-11 4.19953e-12 1.02924e-12 2.40501e-13 5.35879e-14 1.13872e-14 2.30787e-15 4.46145e-16 8.22674e-17 1.4467e-17 2.40594e-18 2.4696e-19 
0 2.30121e-18 1.41823e-17 8.14674e-17 4.46145e-16 2.3305e-15 1.16114e-14 5.51755e-14 2.50027e-13 1.0803e-12 4.44986e-12 1.74705e-11 6.53628e-11 2.3298e-10 7.90974e-10 2.5571e-09 7.8698e-09 2.30514e-08 6.42453e-08 1.70335e-07 4.29546e-07 1.03016e-06 2.34951e-06 5.09632e-06 1.05157e-05 2.06486e-05 3.86087e-05 6.8804e-05 0.000117007 0.000190193 0.000296123 0.00044277 0.000637792 0.00088831 0.00120119 0.0015838 0.00204512 0.00259664 0.00325275 0.00403032 0.00494743 0.00602164 0.00726811 0.00869822 0.0103188 0.0121319 0.0141359 0.0163253 0.0186922 0.0212264 0.0239153 0.0267437 0.0296934 0.032743 0.0358676 0.0390392 0.0422274 0.0453998 0.0485236 0.0515663 0.0544969 0.0572867 0.0599099 0.0623444 0.0645716 0.0665774 0.0683511 0.0698863 0.0711801 0.0722333 0.0730497 0.0736362 0.0740022 0.0741594 0.0741213 0.0739031 0.0735212 0.0729927 0.0723355 0.0715676 0.0707071 0.0697718 0.0687792 0.067746 0.0666883 0.0656213 0.0645594 0.0635157 0.0625026 0.0615313 0.060612 0.0597539 0.0589651 0.0582529 0.0576233 0.0570819 0.056633 0.0562801 0.0560261 0.055873 0.0558218 0.055873 0.0560261 0.0562801 0.056633 0.0570819 0.0576233 0.0582529 0.0589651 0.0597539 0.060612 0.0615313 0.0625026 0.0635157 0.0645594 0.0656213 0.0666883 0.067746 0.0687792 0.0697718 0.0707071 0.0715676 0.0723355 0.0729927 0.0735212 0.0739031 0.0741213 0.0741594 0.0740022 0.0736362 0.0730497 0.0722333 0.0711801 0.0698863 0.0683511 0.0665774 0.0645716 0.0623444 0.0599099 0.0572867 0.0544969 0.0515663 0.0485236 0.0453998 0.0422274 0.0390392 0.0358676 0.032743 0.0296934 0.0267437 0.0239153 0.0212264 0.0186922 0.0163253 0.0141359 0.0121319 0.0103188 0.00869822 0.00726811 0.00602164 0.00494743 0.00403032 0.00325275 0.00259664 0.00204512 0.0015838 0.00120119 0.00088831 0.000637792 0.00044277 0.000296123 0.000190193 0.000117007 6.8804e-05 3.86087e-05 2.06486e-05 1.05157e-05 5.09632e-06 2.34951e-06 1.03016e-06 4.29546e-07 1.70335e-07 6.42453e-08 2.30514e-08 7.8698e-09 2.5571e-09 7.90974e-10 2.3298e-10 6.53628e-11 1.74705e-11 4.44986e-12 1.0803e-12 2.50027e-13 5.51755e-14 1.16114e-14 2.3305e-15 4.46143e-16 8.14482e-17 1.40567e-17 1.5207e-18 
0 1.32946e-17 7.9064e-17 4.37512e-16 2.30787e-15 1.16114e-14 5.57151e-14 2.5493e-13 1.11214e-12 4.62494e-12 1.833e-11 6.9219e-11 2.48987e-10 8.52886e-10 2.78124e-09 8.63147e-09 2.54854e-08 7.15697e-08 1.91105e-07 4.85074e-07 1.17018e-06 2.68257e-06 5.84376e-06 1.20984e-05 2.38119e-05 4.45781e-05 7.94473e-05 0.000134957 0.000218878 0.000339669 0.000505805 0.00072524 0.00100536 0.00135355 0.00177843 0.00229112 0.00290628 0.00364212 0.00451937 0.00555937 0.00678179 0.00820262 0.00983293 0.0116786 0.0137409 0.0160169 0.0185011 0.0211847 0.0240567 0.0271027 0.0303045 0.0336398 0.037082 0.0406007 0.0441622 0.0477307 0.0512697 0.0547427 0.0581147 0.0613532 0.0644283 0.0673137 0.0699867 0.0724284 0.0746239 0.0765622 0.0782365 0.0796434 0.0807834 0.0816606 0.0822822 0.0826584 0.0828019 0.0827277 0.0824525 0.0819945 0.0813728 0.0806072 0.0797176 0.078724 0.0776461 0.0765029 0.0753129 0.0740935 0.0728613 0.0716317 0.0704192 0.0692369 0.0680971 0.0670107 0.0659876 0.0650368 0.0641661 0.0633823 0.0626915 0.0620986 0.061608 0.0612229 0.060946 0.0607791 0.0607234 0.0607791 0.060946 0.0612229 0.061608 0.0620986 0.0626915 0.0633823 0.0641661 0.0650368 0.0659876 0.0670107 0.0680971 0.0692369 0.0704192 0.0716317 0.0728613 0.0740935 0.0753129 0.0765029 0.0776461 0.078724 0.0797176 0.0806072 0.0813728 0.0819945 0.0824525 0.0827277 0.0828019 0.0826584 0.0822822 0.0816606 0.0807834 0.0796434 0.0782365 0.0765622 0.0746239 0.0724284 0.0699867 0.0673137 0.0644283 0.0613532 0.0581147 0.0547427 0.0512697 0.0477307 0.0441622 0.0406007 0.037082 0.0336398 0.0303045 0.0271027 0.0240567 0.0211847 0.0185011 0.0160169 0.0137409 0.0116786 0.00983293 0.00820262 0.00678179 0.00555937 0.00451937 0.00364212 0.00290628 0.00229112 0.00177843 0.00135355 0.00100536 0.00072524 0.000505805 0.000339669 0.000218878 0.000134957 7.94473e-05 4.45781e-05 2.38119e-05 1.20984e-05 5.84376e-06 2.68257e-06 1.17018e-06 4.85074e-07 1.91105e-07 7.15697e-08 2.54854e-08 8.63147e-09 2.78124e-09 8.52886e-10 2.48987e-10 6.9219e-11 1.833e-11 4.62494e-12 1.11214e-12 2.5493e-13 5.57151e-14 1.16114e-14 2.30785e-15 4.37395e-16 7.8334e-17 8.93397e-18 
0 7.32495e-17 4.20436e-16 2.24124e-15 1.13872e-14 5.51755e-14 2.5493e-13 1.12296e-12 4.71504e-12 1.88658e-11 7.19148e-11 2.61086e-10 9.02462e-10 2.96898e-09 9.29314e-09 2.76653e-08 7.83007e-08 2.1062e-07 5.38263e-07 1.30655e-06 3.0116e-06 6.59113e-06 1.36969e-05 2.70315e-05 5.06881e-05 9.0379e-05 0.000153417 0.00024835 0.000384284 0.000570102 0.000813971 0.0011235 0.00150674 0.00197376 0.0025382 0.0032181 0.00403541 0.00501416 0.00617788 0.00754698 0.00913693 0.0109576 0.0130137 0.0153058 0.0178311 0.0205841 0.0235564 0.0267358 0.0301052 0.0336424 0.0373192 0.0411026 0.0449553 0.0488373 0.0527077 0.0565258 0.0602526 0.0638516 0.0672895 0.0705365 0.0735666 0.0763575 0.0788912 0.0811534 0.0831342 0.0848274 0.0862312 0.0873476 0.0881822 0.088744 0.0890452 0.0891006 0.0889271 0.0885432 0.0879689 0.087225 0.0863324 0.0853123 0.0841858 0.0829732 0.0816942 0.0803677 0.0790116 0.0776426 0.0762764 0.0749275 0.0736093 0.072334 0.0711126 0.0699552 0.0688708 0.0678673 0.0669517 0.0661301 0.0654079 0.0647895 0.0642786 0.0638782 0.0635906 0.0634174 0.0633596 0.0634174 0.0635906 0.0638782 0.0642786 0.0647895 0.0654079 0.0661301 0.0669517 0.0678673 0.0688708 0.0699552 0.0711126 0.072334 0.0736093 0.0749275 0.0762764 0.0776426 0.0790116 0.0803677 0.0816942 0.0829732 0.0841858 0.0853123 0.0863324 0.087225 0.0879689 0.0885432 0.0889271 0.0891006 0.0890452 0.088744 0.0881822 0.0873476 0.0862312 0.0848274 0.0831342 0.0811534 0.0788912 0.0763575 0.0735666 0.0705365 0.0672895 0.0638516 0.0602526 0.0565258 0.0527077 0.0488373 0.0449553 0.0411026 0.0373192 0.0336424 0.0301052 0.0267358 0.0235564 0.0205841 0.0178311 0.0153058 0.0130137 0.0109576 0.00913693 0.00754698 0.00617788 0.00501416 0.00403541 0.0032181 0.0025382 0.00197376 0.00150674 0.0011235 0.000813971 0.000570102 0.000384284 0.00024835 0.000153417 9.0379e-05 5.06881e-05 2.70315e-05 1.36969e-05 6.59113e-06 3.0116e-06 1.30655e-06 5.38263e-07 2.1062e-07 7.83007e-08 2.76653e-08 9.29314e-09 2.96898e-09 9.02462e-10 2.61086e-10 7.19148e-11 1.88658e-11 4.71504e-12 1.12296e-12 2.5493e-13 5.51755e-14 1.13871e-14 2.24057e-15 4.164e-16 5.0082e-17 
0 3.84914e-16 2.13263e-15 1.09514e-14 5.35879e-14 2.50027e-13 1.11214e-12 4.71504e-12 1.90479e-11 7.33016e-11 2.68624e-10 9.37094e-10 3.11074e-09 9.82223e-09 2.94877e-08 8.41338e-08 2.28042e-07 5.86949e-07 1.43405e-06 3.32483e-06 7.31351e-06 1.52614e-05 3.0215e-05 5.67762e-05 0.000101329 0.000171962 0.000277979 0.000429077 0.000634478 0.000902509 0.00124106 0.00165904 0.00216834 0.00278556 0.00353242 0.00443449 0.0055185 0.00680911 0.00832626 0.0100839 0.0120901 0.0143486 0.0168596 0.0196208 0.0226273 0.0258698 0.029334 0.0329989 0.0368362 0.0408114 0.0448843 0.0490113 0.0531471 0.0572466 0.0612664 0.0651653 0.0689058 0.0724538 0.075779 0.0788555 0.0816613 0.0841793 0.0863967 0.0883055 0.0899027 0.0911893 0.092171 0.0928573 0.0932609 0.0933976 0.0932853 0.0929437 0.0923939 0.0916574 0.0907562 0.0897124 0.0885475 0.0872827 0.0859381 0.0845331 0.0830862 0.0816145 0.0801341 0.0786601 0.0772061 0.075785 0.0744082 0.0730862 0.0718284 0.0706433 0.0695383 0.0685203 0.0675948 0.0667672 0.0660415 0.0654216 0.0649104 0.0645103 0.0642232 0.0640505 0.0639928 0.0640505 0.0642232 0.0645103 0.0649104 0.0654216 0.0660415 0.0667672 0.0675948 0.0685203 0.0695383 0.0706433 0.0718284 0.0730862 0.0744082 0.075785 0.0772061 0.0786601 0.0801341 0.0816145 0.0830862 0.0845331 0.0859381 0.0872827 0.0885475 0.0897124 0.0907562 0.0916574 0.0923939 0.0929437 0.0932853 0.0933976 0.0932609 0.0928573 0.092171 0.0911893 0.0899027 0.0883055 0.0863967 0.0841793 0.0816613 0.0788555 0.075779 0.0724538 0.0689058 0.0651653 0.0612664 0.0572466 0.0531471 0.0490113 0.0448843 0.0408114 0.0368362 0.0329989 0.029334 0.0258698 0.0226273 0.0196208 0.0168596 0.0143486 0.0120901 0.0100839 0.00832626 0.00680911 0.0055185 0.00443449 0.00353242 0.00278556 0.00216834 0.00165904 0.00124106 0.000902509 0.000634478 0.000429077 0.000277979 0.000171962 0.000101329 5.67762e-05 3.0215e-05 1.52614e-05 7.31351e-06 3.32483e-06 1.43405e-06 5.86949e-07 2.28042e-07 8.41338e-08 2.94877e-08 9.82223e-09 3.11074e-09 9.37094e-10 2.68624e-10 7.33016e-11 1.90479e-11 4.71504e-12 1.11214e-12 2.50027e-13 5.35873e-14 1.09478e-14 2.11142e-15 2.67909e-16 
0 1.92913e-15 1.03187e-14 5.10407e-14 2.40501e-13 1.0803e-12 4.62494e-12 1.88658e-11 7.33016e-11 2.71184e-10 9.54903e-10 3.199e-09 1.01915e-08 3.08619e-08 8.87893e-08 2.42572e-07 6.29003e-07 1.54739e-06 3.61003e-06 7.98446e-06 1.67387e-05 3.32612e-05 6.26631e-05 0.000111999 0.000190123 0.00030707 0.000473074 0.000697637 0.000989226 0.0013561 0.00180827 0.00235989 0.00303091 0.00384692 0.0048369 0.00602959 0.00744978 0.00911601 0.0110402 0.013229 0.0156855 0.0184102 0.0214015 0.024654 0.0281565 0.0318901 0.0358277 0.0399341 0.0441673 0.0484809 0.0528262 0.0571541 0.0614169 0.0655693 0.0695689 0.0733764 0.0769567 0.0802786 0.0833156 0.0860462 0.0884548 0.090531 0.0922706 0.0936747 0.0947494 0.0955056 0.0959579 0.0961241 0.096024 0.0956796 0.0951136 0.0943492 0.09341 0.092319 0.0910988 0.0897711 0.0883568 0.0868755 0.0853459 0.0837854 0.0822101 0.0806349 0.0790736 0.0775387 0.0760416 0.0745926 0.0732009 0.0718748 0.0706216 0.0694478 0.0683593 0.0673609 0.0664571 0.0656515 0.0649473 0.0643472 0.0638533 0.0634675 0.0631909 0.0630247 0.0629692 0.0630247 0.0631909 0.0634675 0.0638533 0.0643472 0.0649473 0.0656515 0.0664571 0.0673609 0.0683593 0.0694478 0.0706216 0.0718748 0.0732009 0.0745926 0.0760416 0.0775387 0.0790736 0.0806349 0.0822101 0.0837854 0.0853459 0.0868755 0.0883568 0.0897711 0.0910988 0.092319 0.09341 0.0943492 0.0951136 0.0956796 0.096024 0.0961241 0.0959579 0.0955056 0.0947494 0.0936747 0.0922706 0.090531 0.0884548 0.0860462 0.0833156 0.0802786 0.0769567 0.0733764 0.0695689 0.0655693 0.0614169 0.0571541 0.0528262 0.0484809 0.0441673 0.0399341 0.0358277 0.0318901 0.0281565 0.024654 0.0214015 0.0184102 0.0156855 0.013229 0.0110402 0.00911601 0.00744978 0.00602959 0.0048369 0.00384692 0.00303091 0.00235989 0.00180827 0.0013561 0.000989226 0.000697637 0.000473074 0.00030707 0.000190123 0.000111999 6.26631e-05 3.32612e-05 1.67387e-05 7.98446e-06 3.61003e-06 1.54739e-06 6.29003e-07 2.42572e-07 8.87893e-08 3.08619e-08 1.01915e-08 3.199e-09 9.54903e-10 2.71184e-10 7.33016e-11 1.88658e-11 4.62494e-12 1.0803e-12 2.40498e-13 5.10216e-14 1.02127e-14 1.36769e-15 
0 9.22141e-15 4.7622e-14 2.26877e-13 1.02924e-12 4.44986e-12 1.833e-11 7.19148e-11 2.68624e-10 9.54903e-10 3.22897e-09 1.03812e-08 3.17167e-08 9.20337e-08 2.53506e-07 6.6248e-07 1.6416e-06 3.85531e-06 8.57762e-06 1.80743e-05 3.60658e-05 6.81617e-05 0.000122076 0.000207411 0.000334901 0.000515275 0.000758272 0.0010725 0.0014667 0.00195227 0.00254599 0.00327151 0.00415834 0.00523851 0.00654193 0.00809265 0.00990729 0.0119959 0.0143642 0.0170157 0.0199519 0.0231713 0.0266667 0.0304224 0.0344132 0.038604 0.0429517 0.0474075 0.0519196 0.0564357 0.0609042 0.0652754 0.0695021 0.0735399 0.0773478 0.080889 0.0841317 0.0870496 0.0896233 0.0918398 0.0936935 0.0951852 0.0963218 0.0971155 0.0975827 0.0977433 0.0976199 0.0972366 0.0966184 0.0957908 0.0947795 0.0936092 0.0923043 0.0908879 0.089382 0.0878075 0.0861835 0.084528 0.0828574 0.0811866 0.0795291 0.0778971 0.0763016 0.0747521 0.0732573 0.0718246 0.0704607 0.0691712 0.0679613 0.0668352 0.0657966 0.0648488 0.0639943 0.0632356 0.0625744 0.0620125 0.0615511 0.0611913 0.0609337 0.0607789 0.0607273 0.0607789 0.0609337 0.0611913 0.0615511 0.0620125 0.0625744 0.0632356 0.0639943 0.0648488 0.0657966 0.0668352 0.0679613 0.0691712 0.0704607 0.0718246 0.0732573 0.0747521 0.0763016 0.0778971 0.0795291 0.0811866 0.0828574 0.084528 0.0861835 0.0878075 0.089382 0.0908879 0.0923043 0.0936092 0.0947795 0.0957908 0.0966184 0.0972366 0.0976199 0.0977433 0.0975827 0.0971155 0.0963218 0.0951852 0.0936935 0.0918398 0.0896233 0.0870496 0.0841317 0.080889 0.0773478 0.0735399 0.0695021 0.0652754 0.0609042 0.0564357 0.0519196 0.0474075 0.0429517 0.038604 0.0344132 0.0304224 0.0266667 0.0231713 0.0199519 0.0170157 0.0143642 0.0119959 0.00990729 0.00809265 0.00654193 0.00523851 0.00415834 0.00327151 0.00254599 0.00195227 0.0014667 0.0010725 0.000758272 0.000515275 0.000334901 0.000207411 0.000122076 6.81617e-05 3.60658e-05 1.80743e-05 8.57762e-06 3.85531e-06 1.6416e-06 6.6248e-07 2.53506e-07 9.20337e-08 3.17167e-08 1.03812e-08 3.22897e-09 9.54903e-10 2.68624e-10 7.19148e-11 1.833e-11 4.44986e-12 1.02922e-12 2.26782e-13 4.71188e-14 6.66335e-15 
0 4.20391e-14 2.09624e-13 9.61718e-13 4.19953e-12 1.74705e-11 6.9219e-11 2.61086e-10 9.37094e-10 3.199e-09 1.03812e-08 3.20068e-08 9.36997e-08 2.60299e-07 6.85768e-07 1.71232e-06 4.04989e-06 9.06838e-06 1.92162e-05 3.85269e-05 7.3087e-05 0.000131248 0.000223336 0.000360755 0.000554699 0.000815115 0.00115078 0.00157105 0.00208894 0.00272422 0.00350443 0.00446296 0.0056343 0.00704876 0.00872894 0.0106894 0.0129388 0.0154833 0.0183274 0.0214739 0.0249203 0.0286555 0.0326575 0.0368926 0.0413173 0.0458809 0.050529 0.0552057 0.0598557 0.064425 0.0688611 0.073114 0.0771363 0.0808849 0.0843218 0.0874158 0.0901432 0.0924885 0.0944443 0.096011 0.097196 0.0980126 0.0984788 0.0986165 0.0984502 0.0980063 0.0973125 0.0963967 0.0952869 0.0940107 0.0925948 0.0910645 0.0894442 0.0877561 0.0860211 0.0842581 0.0824841 0.0807146 0.0789628 0.0772408 0.0755588 0.0739256 0.0723489 0.0708352 0.0693898 0.0680174 0.0667218 0.0655062 0.0643732 0.0633251 0.0623637 0.0614903 0.0607063 0.0600126 0.05941 0.0588991 0.0584806 0.0581546 0.0579216 0.0577817 0.0577351 0.0577817 0.0579216 0.0581546 0.0584806 0.0588991 0.05941 0.0600126 0.0607063 0.0614903 0.0623637 0.0633251 0.0643732 0.0655062 0.0667218 0.0680174 0.0693898 0.0708352 0.0723489 0.0739256 0.0755588 0.0772408 0.0789628 0.0807146 0.0824841 0.0842581 0.0860211 0.0877561 0.0894442 0.0910645 0.0925948 0.0940107 0.0952869 0.0963967 0.0973125 0.0980063 0.0984502 0.0986165 0.0984788 0.0980126 0.097196 0.096011 0.0944443 0.0924885 0.0901432 0.0874158 0.0843218 0.0808849 0.0771363 0.073114 0.0688611 0.064425 0.0598557 0.0552057 0.050529 0.0458809 0.0413173 0.0368926 0.0326575 0.0286555 0.0249203 0.0214739 0.0183274 0.0154833 0.0129388 0.0106894 0.00872894 0.00704876 0.0056343 0.00446296 0.00350443 0.00272422 0.00208894 0.00157105 0.00115078 0.000815115 0.000554699 0.000360755 0.000223336 0.000131248 7.3087e-05 3.85269e-05 1.92162e-05 9.06838e-06 4.04989e-06 1.71232e-06 6.85768e-07 2.60299e-07 9.36997e-08 3.20068e-08 1.03812e-08 3.199e-09 9.37094e-10 2.61086e-10 6.9219e-11 1.74705e-11 4.19945e-12 9.61276e-13 2.07356e-13 3.09817e-14 
0 1.82771e-13 8.80011e-13 3.88721e-12 1.63342e-11 6.53628e-11 2.48987e-10 9.02462e-10 3.11074e-09 1.01915e-08 3.17167e-08 9.36997e-08 2.62603e-07 6.97713e-07 1.75618e-06 4.18492e-06 9.43552e-06 2.0118e-05 4.05509e-05 7.72656e-05 0.000139217 0.000237429 0.00038395 0.000590416 0.00086698 0.00122262 0.00166743 0.00221629 0.00289215 0.00372661 0.00475668 0.00601873 0.0075427 0.0093493 0.0114512 0.013857 0.0165738 0.0196084 0.0229639 0.0266351 0.0306051 0.0348437 0.039308 0.0439467 0.048703 0.0535181 0.0583329 0.0630888 0.067728 0.0721937 0.0764317 0.0803913 0.0840277 0.0873036 0.0901907 0.0926701 0.0947325 0.0963775 0.0976126 0.0984517 0.0989141 0.0990232 0.0988056 0.09829 0.0975067 0.0964867 0.0952611 0.0938607 0.0923155 0.0906539 0.0889027 0.087087 0.0852291 0.0833496 0.0814663 0.0795952 0.0777496 0.0759412 0.0741796 0.0724729 0.0708277 0.0692492 0.0677418 0.0663087 0.0649525 0.0636752 0.0624781 0.0613624 0.0603288 0.0593776 0.0585092 0.0577238 0.0570213 0.0564018 0.0558651 0.0554113 0.0550401 0.0547515 0.0545454 0.0544218 0.0543806 0.0544218 0.0545454 0.0547515 0.0550401 0.0554113 0.0558651 0.0564018 0.0570213 0.0577238 0.0585092 0.0593776 0.0603288 0.0613624 0.0624781 0.0636752 0.0649525 0.0663087 0.0677418 0.0692492 0.0708277 0.0724729 0.0741796 0.0759412 0.0777496 0.0795952 0.0814663 0.0833496 0.0852291 0.087087 0.0889027 0.0906539 0.0923155 0.0938607 0.0952611 0.0964867 0.0975067 0.09829 0.0988056 0.0990232 0.0989141 0.0984517 0.0976126 0.0963775 0.0947325 0.0926701 0.0901907 0.0873036 0.0840277 0.0803913 0.0764317 0.0721937 0.067728 0.0630888 0.0583329 0.0535181 0.048703 0.0439467 0.039308 0.0348437 0.0306051 0.0266351 0.0229639 0.0196084 0.0165738 0.013857 0.0114512 0.0093493 0.0075427 0.00601873 0.00475668 0.00372661 0.00289215 0.00221629 0.00166743 0.00122262 0.00086698 0.000590416 0.00038395 0.000237429 0.000139217 7.72656e-05 4.05509e-05 2.0118e-05 9.43552e-06 4.18492e-06 1.75618e-06 6.97713e-07 2.62603e-07 9.36997e-08 3.17167e-08 1.01915e-08 3.11074e-09 9.02462e-10 2.48987e-10 6.53628e-11 1.63338e-11 3.88523e-12 8.70314e-13 1.37474e-13 
0 7.57743e-13 3.52294e-12 1.49795e-11 6.05518e-11 2.3298e-10 8.52886e-10 2.96898e-09 9.82223e-09 3.08619e-08 9.20337e-08 2.60299e-07 6.97713e-07 1.77104e-06 4.25407e-06 9.66269e-06 2.07417e-05 4.20582e-05 8.05453e-05 0.00014572 0.000249267 0.000403861 0.000621577 0.000912789 0.00128673 0.00175431 0.00233244 0.00304742 0.0039349 0.00503518 0.00638594 0.00801615 0.00994445 0.0121824 0.0147392 0.0176246 0.0208471 0.024409 0.0283008 0.0324975 0.0369597 0.0416364 0.0464696 0.0513982 0.0563599 0.0612919 0.0661309 0.0708133 0.0752769 0.0794626 0.0833174 0.0867968 0.0898667 0.0925037 0.0946958 0.0964406 0.0977445 0.0986216 0.0990915 0.099179 0.0989125 0.0983235 0.0974454 0.0963131 0.0949616 0.0934261 0.0917404 0.0899367 0.0880451 0.0860931 0.0841054 0.0821039 0.0801075 0.0781324 0.0761922 0.0742983 0.0724596 0.0706836 0.0689759 0.0673408 0.0657814 0.0643001 0.0628981 0.0615763 0.060335 0.059174 0.058093 0.0570913 0.0561683 0.0553232 0.054555 0.053863 0.0532462 0.052704 0.0522356 0.0518403 0.0515177 0.0512672 0.0510886 0.0509815 0.0509458 0.0509815 0.0510886 0.0512672 0.0515177 0.0518403 0.0522356 0.052704 0.0532462 0.053863 0.054555 0.0553232 0.0561683 0.0570913 0.058093 0.059174 0.060335 0.0615763 0.0628981 0.0643001 0.0657814 0.0673408 0.0689759 0.0706836 0.0724596 0.0742983 0.0761922 0.0781324 0.0801075 0.0821039 0.0841054 0.0860931 0.0880451 0.0899367 0.0917404 0.0934261 0.0949616 0.0963131 0.0974454 0.0983235 0.0989125 0.099179 0.0990915 0.0986216 0.0977445 0.0964406 0.0946958 0.0925037 0.0898667 0.0867968 0.0833174 0.0794626 0.0752769 0.0708133 0.0661309 0.0612919 0.0563599 0.0513982 0.0464696 0.0416364 0.0369597 0.0324975 0.0283008 0.024409 0.0208471 0.0176246 0.0147392 0.0121824 0.00994445 0.00801615 0.00638594 0.00503518 0.0039349 0.00304742 0.00233244 0.00175431 0.00128673 0.000912789 0.000621577 0.000403861 0.000249267 0.00014572 8.05453e-05 4.20582e-05 2.07417e-05 9.66269e-06 4.25407e-06 1.77104e-06 6.97713e-07 2.60299e-07 9.20337e-08 3.08619e-08 9.82223e-09 2.96898e-09 8.52886e-10 2.3298e-10 6.05501e-11 1.49712e-11 3.48365e-12 5.82133e-13 
0 2.99542e-12 1.34475e-11 5.50254e-11 2.13895e-10 7.90974e-10 2.78124e-09 9.29314e-09 2.94877e-08 8.87893e-08 2.53506e-07 6.85768e-07 1.75618e-06 4.25407e-06 9.73959e-06 2.10605e-05 4.2988e-05 8.28037e-05 0.000150534 0.000258485 0.000419946 0.000647442 0.000951601 0.00134195 0.0018303 0.00243565 0.00318771 0.00412607 0.00529403 0.00673001 0.00846159 0.0105055 0.012873 0.0155753 0.0186251 0.0220322 0.0257965 0.0299016 0.0343138 0.0389848 0.0438566 0.0488668 0.0539509 0.0590428 0.0640742 0.0689752 0.073675 0.0781054 0.0822041 0.0859181 0.0892058 0.0920382 0.0943984 0.0962808 0.0976893 0.0986363 0.0991412 0.0992291 0.0989304 0.0982793 0.0973131 0.0960713 0.0945939 0.0929209 0.0910909 0.0891404 0.0871031 0.0850093 0.082886 0.0807567 0.0786414 0.0765569 0.0745172 0.0725333 0.0706143 0.068767 0.0669963 0.065306 0.0636983 0.0621745 0.060735 0.0593796 0.0581073 0.056917 0.0558072 0.0547762 0.0538221 0.0529432 0.0521375 0.0514032 0.0507387 0.0501424 0.0496128 0.0491485 0.0487485 0.0484118 0.0481374 0.0479247 0.0477731 0.0476823 0.0476521 0.0476823 0.0477731 0.0479247 0.0481374 0.0484118 0.0487485 0.0491485 0.0496128 0.0501424 0.0507387 0.0514032 0.0521375 0.0529432 0.0538221 0.0547762 0.0558072 0.056917 0.0581073 0.0593796 0.060735 0.0621745 0.0636983 0.065306 0.0669963 0.068767 0.0706143 0.0725333 0.0745172 0.0765569 0.0786414 0.0807567 0.082886 0.0850093 0.0871031 0.0891404 0.0910909 0.0929209 0.0945939 0.0960713 0.0973131 0.0982793 0.0989304 0.0992291 0.0991412 0.0986363 0.0976893 0.0962808 0.0943984 0.0920382 0.0892058 0.0859181 0.0822041 0.0781054 0.073675 0.0689752 0.0640742 0.0590428 0.0539509 0.0488668 0.0438566 0.0389848 0.0343138 0.0299016 0.0257965 0.0220322 0.0186251 0.0155753 0.012873 0.0105055 0.00846159 0.00673001 0.00529403 0.00412607 0.00318771 0.00243565 0.0018303 0.00134195 0.000951601 0.000647442 0.000419946 0.000258485 0.000150534 8.28037e-05 4.2988e-05 2.10605e-05 9.73959e-06 4.25407e-06 1.75618e-06 6.85768e-07 2.53506e-07 8.87893e-08 2.94877e-08 9.29314e-09 2.78124e-09 7.90973e-10 2.13888e-10 5.4992e-11 1.32969e-11 2.3523e-12 
0 1.12893e-11 4.89373e-11 1.92646e-10 7.1983e-10 2.5571e-09 8.63147e-09 2.76653e-08 8.41338e-08 2.42572e-07 6.6248e-07 1.71232e-06 4.18492e-06 9.66269e-06 2.10605e-05 4.33023e-05 8.3955e-05 0.000153491 0.000264796 0.000431762 0.000667396 0.000982625 0.00138732 0.00189419 0.00252433 0.00331081 0.00429699 0.00552884 0.00704516 0.00887195 0.0110244 0.0135144 0.0163562 0.0195656 0.0231527 0.0271129 0.0314216 0.0360359 0.0409 0.0459513 0.051124 0.0563502 0.0615582 0.0666721 0.0716135 0.0763044 0.0806723 0.0846543 0.0882 0.0912727 0.0938491 0.0959182 0.0974797 0.0985425 0.0991241 0.0992495 0.09895 0.098263 0.0972299 0.095895 0.094304 0.0925022 0.0905333 0.0884382 0.0862545 0.0840158 0.0817516 0.0794874 0.0772447 0.0750417 0.072893 0.0708105 0.0688034 0.0668784 0.0650404 0.0632927 0.0616367 0.060073 0.0586009 0.057219 0.0559254 0.0547176 0.0535929 0.0525483 0.0515809 0.0506877 0.0498658 0.0491124 0.048425 0.0478011 0.0472386 0.0467353 0.0462896 0.0458999 0.0455648 0.0452832 0.045054 0.0448766 0.0447502 0.0446746 0.0446494 0.0446746 0.0447502 0.0448766 0.045054 0.0452832 0.0455648 0.0458999 0.0462896 0.0467353 0.0472386 0.0478011 0.048425 0.0491124 0.0498658 0.0506877 0.0515809 0.0525483 0.0535929 0.0547176 0.0559254 0.057219 0.0586009 0.060073 0.0616367 0.0632927 0.0650404 0.0668784 0.0688034 0.0708105 0.072893 0.0750417 0.0772447 0.0794874 0.0817516 0.0840158 0.0862545 0.0884382 0.0905333 0.0925022 0.094304 0.095895 0.0972299 0.098263 0.09895 0.0992495 0.0991241 0.0985425 0.0974797 0.0959182 0.0938491 0.0912727 0.0882 0.0846543 0.0806723 0.0763044 0.0716135 0.0666721 0.0615582 0.0563502 0.051124 0.0459513 0.0409 0.0360359 0.0314216 0.0271129 0.0231527 0.0195656 0.0163562 0.0135144 0.0110244 0.00887195 0.00704516 0.00552884 0.00429699 0.00331081 0.00252433 0.00189419 0.00138732 0.000982625 0.000667396 0.000431762 0.000264796 0.000153491 8.3955e-05 4.33023e-05 2.10605e-05 9.66269e-06 4.18492e-06 1.71232e-06 6.6248e-07 2.42572e-07 8.41338e-08 2.76653e-08 8.63146e-09 2.5571e-09 7.19802e-10 1.9252e-10 4.83919e-11 9.06997e-12 
0 4.05596e-11 1.69763e-10 6.42714e-10 2.30738e-09 7.8698e-09 2.54854e-08 7.83007e-08 2.28042e-07 6.29003e-07 1.6416e-06 4.04989e-06 9.43552e-06 2.07417e-05 4.2988e-05 8.3955e-05 0.000154489 0.000268003 0.000438986 0.000680966 0.00100524 0.00142204 0.00194498 0.00259709 0.00341467 0.00444465 0.00573545 0.007326 0.00924076 0.0114939 0.0140989 0.0170736 0.020437 0.0241978 0.028345 0.0328453 0.0376474 0.0426899 0.0479074 0.0532313 0.0585884 0.0638991 0.0690779 0.0740376 0.0786947 0.0829754 0.0868187 0.0901786 0.0930234 0.0953346 0.0971053 0.0983393 0.0990504 0.0992621 0.0990063 0.0983228 0.0972571 0.0958585 0.0941782 0.0922668 0.0901733 0.087943 0.0856177 0.0832345 0.0808261 0.0784208 0.0760426 0.0737117 0.0714444 0.069254 0.0671504 0.065141 0.0632306 0.061422 0.0597162 0.0581126 0.0566095 0.0552043 0.0538936 0.0526737 0.0515407 0.0504902 0.0495182 0.0486208 0.0477939 0.0470339 0.0463375 0.0457015 0.0451231 0.0445996 0.0441287 0.0437085 0.043337 0.0430128 0.0427343 0.0425006 0.0423106 0.0421636 0.0420591 0.0419965 0.0419756 0.0419965 0.0420591 0.0421636 0.0423106 0.0425006 0.0427343 0.0430128 0.043337 0.0437085 0.0441287 0.0445996 0.0451231 0.0457015 0.0463375 0.0470339 0.0477939 0.0486208 0.0495182 0.0504902 0.0515407 0.0526737 0.0538936 0.0552043 0.0566095 0.0581126 0.0597162 0.061422 0.0632306 0.065141 0.0671504 0.069254 0.0714444 0.0737117 0.0760426 0.0784208 0.0808261 0.0832345 0.0856177 0.087943 0.0901733 0.0922668 0.0941782 0.0958585 0.0972571 0.0983228 0.0990063 0.0992621 0.0990504 0.0983393 0.0971053 0.0953346 0.0930234 0.0901786 0.0868187 0.0829754 0.0786947 0.0740376 0.0690779 0.0638991 0.0585884 0.0532313 0.0479074 0.0426899 0.0376474 0.0328453 0.028345 0.0241978 0.020437 0.0170736 0.0140989 0.0114939 0.00924076 0.007326 0.00573545 0.00444465 0.00341467 0.00259709 0.00194498 0.00142204 0.00100524 0.000680966 0.000438986 0.000268003 0.000154489 8.3955e-05 4.2988e-05 2.07417e-05 9.43552e-06 4.04989e-06 1.6416e-06 6.29003e-07 2.28042e-07 7.83007e-08 2.54854e-08 7.86978e-09 2.30728e-09 6.4226e-10 1.67903e-10 3.33684e-11 
0 1.38895e-10 5.61295e-10 2.04296e-09 7.04336e-09 2.30514e-08 7.15697e-08 2.1062e-07 5.86949e-07 1.54739e-06 3.85531e-06 9.06838e-06 2.0118e-05 4.20582e-05 8.28037e-05 0.000153491 0.000268003 0.000441416 0.000687832 0.00101899 0.00144552 0.00198184 0.00265276 0.00349749 0.00456637 0.00591008 0.0075677 0.00956235 0.0119078 0.0146196 0.0177201 0.0212303 0.0251566 0.0294802 0.0341587 0.0391344 0.0443426 0.049716 0.0551819 0.0606595 0.0660589 0.0712843 0.0762415 0.0808443 0.0850202 0.0887119 0.0918774 0.0944884 0.0965292 0.0979963 0.0988978 0.099254 0.0990965 0.0984666 0.0974133 0.0959907 0.0942549 0.0922617 0.0900649 0.0877147 0.0852573 0.0827341 0.0801818 0.0776325 0.0751139 0.0726489 0.0702567 0.0679521 0.0657464 0.0636475 0.0616602 0.0597869 0.0580276 0.0563807 0.0548435 0.0534118 0.0520812 0.0508467 0.0497031 0.0486453 0.0476681 0.0467667 0.0459364 0.0451729 0.044472 0.04383 0.0432436 0.0427096 0.0422251 0.0417878 0.0413954 0.0410458 0.0407373 0.0404684 0.0402379 0.0400446 0.0398877 0.0397664 0.0396801 0.0396285 0.0396113 0.0396285 0.0396801 0.0397664 0.0398877 0.0400446 0.0402379 0.0404684 0.0407373 0.0410458 0.0413954 0.0417878 0.0422251 0.0427096 0.0432436 0.04383 0.044472 0.0451729 0.0459364 0.0467667 0.0476681 0.0486453 0.0497031 0.0508467 0.0520812 0.0534118 0.0548435 0.0563807 0.0580276 0.0597869 0.0616602 0.0636475 0.0657464 0.0679521 0.0702567 0.0726489 0.0751139 0.0776325 0.0801818 0.0827341 0.0852573 0.0877147 0.0900649 0.0922617 0.0942549 0.0959907 0.0974133 0.0984666 0.0990965 0.099254 0.0988978 0.0979963 0.0965292 0.0944884 0.0918774 0.0887119 0.0850202 0.0808443 0.0762415 0.0712843 0.0660589 0.0606595 0.0551819 0.049716 0.0443426 0.0391344 0.0341587 0.0294802 0.0251566 0.0212303 0.0177201 0.0146196 0.0119078 0.00956235 0.0075677 0.00591008 0.00456637 0.00349749 0.00265276 0.00198184 0.00144552 0.00101899 0.000687832 0.000441416 0.000268003 0.000153491 8.28037e-05 4.20582e-05 2.0118e-05 9.06838e-06 3.85531e-06 1.54739e-06 5.86949e-07 2.1062e-07 7.15697e-08 2.30513e-08 7.04299e-09 2.04143e-09 5.55339e-10 1.17126e-10 
0 4.53301e-10 1.76858e-09 6.18608e-09 2.04702e-08 6.42453e-08 1.91105e-07 5.38263e-07 1.43405e-06 3.61003e-06 8.57762e-06 1.92162e-05 4.05509e-05 8.05453e-05 0.000150534 0.000264796 0.000438986 0.000687832 0.0010236 0.00145737 0.0020042 0.0026904 0.00355778 0.00465982 0.00604946 0.00776613 0.00983191 0.0122606 0.0150707 0.0182886 0.0219373 0.026019 0.0305066 0.0353497 0.0404859 0.0458494 0.0513704 0.0569702 0.0625577 0.0680311 0.073286 0.0782238 0.0827586 0.0868206 0.0903556 0.0933235 0.0956974 0.0974636 0.0986227 0.0991895 0.0991934 0.0986763 0.0976895 0.0962908 0.0945407 0.0924998 0.0902266 0.0877764 0.0852005 0.0825455 0.0798535 0.0771615 0.0745015 0.0719007 0.0693808 0.0669589 0.0646475 0.0624549 0.0603857 0.0584418 0.0566225 0.0549251 0.0533456 0.0518793 0.0505206 0.0492635 0.0481022 0.0470308 0.0460433 0.0451342 0.0442983 0.0435305 0.0428261 0.0421809 0.0415908 0.0410521 0.0405616 0.0401162 0.0397132 0.0393504 0.0390254 0.0387364 0.0384819 0.0382604 0.0380707 0.0379118 0.0377829 0.0376833 0.0376125 0.0375701 0.037556 0.0375701 0.0376125 0.0376833 0.0377829 0.0379118 0.0380707 0.0382604 0.0384819 0.0387364 0.0390254 0.0393504 0.0397132 0.0401162 0.0405616 0.0410521 0.0415908 0.0421809 0.0428261 0.0435305 0.0442983 0.0451342 0.0460433 0.0470308 0.0481022 0.0492635 0.0505206 0.0518793 0.0533456 0.0549251 0.0566225 0.0584418 0.0603857 0.0624549 0.0646475 0.0669589 0.0693808 0.0719007 0.0745015 0.0771615 0.0798535 0.0825455 0.0852005 0.0877764 0.0902266 0.0924998 0.0945407 0.0962908 0.0976895 0.0986763 0.0991934 0.0991895 0.0986227 0.0974636 0.0956974 0.0933235 0.0903556 0.0868206 0.0827586 0.0782238 0.073286 0.0680311 0.0625577 0.0569702 0.0513704 0.0458494 0.0404859 0.0353497 0.0305066 0.026019 0.0219373 0.0182886 0.0150707 0.0122606 0.00983191 0.00776613 0.00604946 0.00465982 0.00355778 0.0026904 0.0020042 0.00145737 0.0010236 0.000687832 0.000438986 0.000264796 0.000150534 8.05453e-05 4.05509e-05 1.92162e-05 8.57762e-06 3.61003e-06 1.43405e-06 5.38262e-07 1.91104e-07 6.4245e-08 2.0469e-08 6.18125e-09 1.75078e-09 3.92223e-10 
