0 0 0 0 0 0 0 0 0 0 0 0 0 0 0 0 0 0 0 0 0 0 0 0 0 0 0 0 0 0 0 0 0 0 0 0 0 0 0 0 0 0 0 0 0 0 0 0 0 0 0 0 0 0 0 0 0 0 0 0 0 0 0 0 0 0 0 0 0 0 0 0 0 0 0 0 0 0 0 0 0 0 0 0 0 0 0 0 0 0 0 0 0 0 0 0 0 0 0 0 0 0 0 0 0 0 0 0 0 0 0 0 0 0 0 0 0 0 0 0 0 0 0 0 0 0 0 0 0 0 0 0 0 0 0 0 0 0 0 0 0 0 0 0 0 0 0 0 0 0 0 0 0 0 0 0 0 0 0 0 0 0 0 0 0 0 0 0 0 0 0 0 0 0 0 0 0 0 0 0 0 0 0 0 0 0 0 0 0 0 0 0 0 0 0 0 0 0 0 0 
0 1.55443e-06 4.07884e-06 8.88929e-06 1.79867e-05 3.43384e-05 6.19862e-05 0.000105817 0.00017088 0.000261326 0.000379396 0.000525199 0.000697991 0.000899057 0.00113514 0.00142026 0.00177396 0.00221544 0.00275608 0.00339442 0.00411693 0.00490468 0.00574169 0.00661976 0.00753647 0.00848773 0.00945969 0.0104249 0.0113449 0.0121777 0.0128861 0.0134425 0.0138295 0.0140367 0.0140565 0.0138812 0.0135039 0.01292 0.0121315 0.0111491 0.0099929 0.00869119 0.0072771 0.0057854 0.00424961 0.00270012 0.0011636 -0.000336821 -0.0017809 -0.00315072 -0.0044304 -0.00560623 -0.00666707 -0.00760487 -0.00841505 -0.00909672 -0.00965247 -0.010088 -0.0104115 -0.0106328 -0.0107627 -0.0108124 -0.0107927 -0.0107141 -0.0105859 -0.0104169 -0.0102148 -0.00998644 -0.00973794 -0.00947471 -0.00920155 -0.00892268 -0.0086418 -0.00836216 -0.00808652 -0.00781723 -0.00755622 -0.00730503 -0.00706487 -0.00683663 -0.00662089 -0.00641801 -0.00622815 -0.00605127 -0.00588724 -0.00573578 -0.00559659 -0.00546927 -0.00535343 -0.00524865 -0.00515452 -0.00507064 -0.00499665 -0.00493221 -0.00487699 -0.00483074 -0.00479321 -0.00476423 -0.00474363 -0.00473131 -0.00472721 -0.00473131 -0.00474363 -0.00476423 -0.00479321 -0.00483074 -0.00487699 -0.00493221 -0.00499665 -0.00507064 -0.00515452 -0.00524865 -0.00535343 -0.00546927 -0.00559659 -0.00573578 -0.00588724 -0.00605127 -0.00622815 -0.00641801 -0.00662089 -0.00683663 -0.00706487 -0.00730503 -0.00755622 -0.00781723 -0.00808652 -0.00836216 -0.0086418 -0.00892268 -0.00920155 -0.00947471 -0.00973794 -0.00998644 -0.0102148 -0.0104169 -0.0105859 -0.0107141 -0.0107927 -0.0108124 -0.0107627 -0.0106328 -0.0104115 -0.010088 -0.00965247 -0.00909672 -0.00841505 -0.00760487 -0.00666707 -0.00560623 -0.0044304 -0.00315072 -0.0017809 -0.000336821 0.0011636 0.00270012 0.00424961 0.0057854 0.0072771 0.00869119 0.0099929 0.0111491 0.0121315 0.01292 0.0135039 0.0138812 0.0140565 0.0140367 0.0138295 0.0134425 0.0128861 0.0121777 0.0113449 0.0104249 0.00945969 0.00848773 0.00753647 0.00661976 0.00574169 0.00490468 0.00411693 0.00339442 0.00275608 0.00221544 0.00177396 0.00142026 0.00113514 0.000899057 0.000697991 0.000525199 0.000379396 0.000261326 0.00017088 0.000105817 6.19851e-05 3.43362e-05 1.79839e-05 8.89112e-06 4.10863e-06 1.69127e-06 
0 4.07884e-06 1.04701e-05 2.21835e-05 4.35605e-05 8.07129e-05 0.000141544 0.000235116 0.000370311 0.000554143 0.00079062 0.00108132 0.00142834 0.00183905 0.00233024 0.00292859 0.00366563 0.0045684 0.00565039 0.00690758 0.00832203 0.00987033 0.0115312 0.0132872 0.0151207 0.0170055 0.0189023 0.0207573 0.0225079 0.0240894 0.025442 0.0265145 0.027265 0.0276604 0.0276755 0.0272933 0.0265063 0.0253181 0.0237449 0.0218151 0.0195684 0.0170536 0.0143255 0.0114423 0.00846313 0.00544553 0.00244411 -0.000490879 -0.00331457 -0.00598822 -0.00847979 -0.0107643 -0.0128236 -0.0146469 -0.0162292 -0.0175718 -0.0186807 -0.0195662 -0.0202417 -0.0207231 -0.021028 -0.0211746 -0.0211819 -0.0210682 -0.0208515 -0.0205489 -0.0201763 -0.0197482 -0.0192778 -0.0187769 -0.0182558 -0.0177236 -0.0171878 -0.0166549 -0.0161302 -0.015618 -0.0151219 -0.0146443 -0.0141874 -0.0137526 -0.0133407 -0.0129525 -0.012588 -0.0122473 -0.0119302 -0.0116363 -0.0113651 -0.0111161 -0.0108887 -0.0106823 -0.0104962 -0.0103299 -0.0101827 -0.0100542 -0.00994389 -0.00985128 -0.00977603 -0.00971783 -0.00967643 -0.00965166 -0.00964342 -0.00965166 -0.00967643 -0.00971783 -0.00977603 -0.00985128 -0.00994389 -0.0100542 -0.0101827 -0.0103299 -0.0104962 -0.0106823 -0.0108887 -0.0111161 -0.0113651 -0.0116363 -0.0119302 -0.0122473 -0.012588 -0.0129525 -0.0133407 -0.0137526 -0.0141874 -0.0146443 -0.0151219 -0.015618 -0.0161302 -0.0166549 -0.0171878 -0.0177236 -0.0182558 -0.0187769 -0.0192778 -0.0197482 -0.0201763 -0.0205489 -0.0208515 -0.0210682 -0.0211819 -0.0211746 -0.021028 -0.0207231 -0.0202417 -0.0195662 -0.0186807 -0.0175718 -0.0162292 -0.0146469 -0.0128236 -0.0107643 -0.00847979 -0.00598822 -0.00331457 -0.000490879 0.00244411 0.00544553 0.00846313 0.0114423 0.0143255 0.0170536 0.0195684 0.0218151 0.0237449 0.0253181 0.0265063 0.0272933 0.0276755 0.0276604 0.027265 0.0265145 0.025442 0.0240894 0.0225079 0.0207573 0.0189023 0.0170055 0.0151207 0.0132872 0.0115312 0.00987033 0.00832203 0.00690758 0.00565039 0.0045684 0.00366563 0.00292859 0.00233024 0.00183905 0.00142834 0.00108132 0.00079062 0.000554143 0.000370311 0.000235115 0.000141542 8.07096e-05 4.35615e-05 2.22135e-05 1.06158e-05 4.60008e-06 
0 8.88929e-06 2.21835e-05 4.52963e-05 8.54569e-05 0.000152063 0.000256319 0.000410053 0.000624018 0.000906549 0.00126375 0.001702 0.00223232 0.00287434 0.00365702 0.00461431 0.00577722 0.00716626 0.00878844 0.0106399 0.0127104 0.0149858 0.0174452 0.0200558 0.0227697 0.0255251 0.0282515 0.0308754 0.0333241 0.0355252 0.0374066 0.0388962 0.0399256 0.0404361 0.040385 0.0397496 0.038529 0.0367418 0.0344231 0.0316199 0.0283883 0.024792 0.0209004 0.0167886 0.0125352 0.00822044 0.00392293 -0.000283358 -0.00433222 -0.0081674 -0.0117439 -0.015028 -0.0179972 -0.0206385 -0.0229475 -0.0249265 -0.0265839 -0.0279325 -0.0289888 -0.0297725 -0.0303054 -0.0306108 -0.0307133 -0.0306376 -0.0304085 -0.0300496 -0.0295837 -0.029032 -0.0284136 -0.0277457 -0.0270438 -0.0263209 -0.0255884 -0.0248557 -0.0241306 -0.0234196 -0.0227277 -0.022059 -0.0214164 -0.0208024 -0.0202184 -0.0196657 -0.0191448 -0.018656 -0.0181993 -0.0177745 -0.0173812 -0.0170189 -0.016687 -0.0163848 -0.0161118 -0.0158671 -0.0156502 -0.0154605 -0.0152973 -0.0151601 -0.0150485 -0.0149622 -0.0149007 -0.0148639 -0.0148516 -0.0148639 -0.0149007 -0.0149622 -0.0150485 -0.0151601 -0.0152973 -0.0154605 -0.0156502 -0.0158671 -0.0161118 -0.0163848 -0.016687 -0.0170189 -0.0173812 -0.0177745 -0.0181993 -0.018656 -0.0191448 -0.0196657 -0.0202184 -0.0208024 -0.0214164 -0.022059 -0.0227277 -0.0234196 -0.0241306 -0.0248557 -0.0255884 -0.0263209 -0.0270438 -0.0277457 -0.0284136 -0.029032 -0.0295837 -0.0300496 -0.0304085 -0.0306376 -0.0307133 -0.0306108 -0.0303054 -0.0297725 -0.0289888 -0.0279325 -0.0265839 -0.0249265 -0.0229475 -0.0206385 -0.0179972 -0.015028 -0.0117439 -0.0081674 -0.00433222 -0.000283358 0.00392293 0.00822044 0.0125352 0.0167886 0.0209004 0.024792 0.0283883 0.0316199 0.0344231 0.0367418 0.038529 0.0397496 0.040385 0.0404361 0.0399256 0.0388962 0.0374066 0.0355252 0.0333241 0.0308754 0.0282515 0.0255251 0.0227697 0.0200558 0.0174452 0.0149858 0.0127104 0.0106399 0.00878844 0.00716626 0.00577722 0.00461431 0.00365702 0.00287434 0.00223232 0.001702 0.00126375 0.000906549 0.000624016 0.000410051 0.000256317 0.000152065 8.5489e-05 4.54468e-05 2.27181e-05 1.05204e-05 
0 1.79867e-05 4.35605e-05 8.54569e-05 0.000154293 0.000262535 0.000423561 0.000650149 0.000953283 0.00134252 0.00182869 0.00242818 0.00316646 0.0040776 0.00519861 0.00656087 0.00818385 0.0100754 0.0122378 0.0146734 0.0173835 0.0203596 0.0235716 0.0269632 0.0304557 0.0339591 0.0373825 0.0406393 0.0436461 0.0463184 0.048569 0.0503099 0.0514599 0.0519527 0.0517436 0.0508132 0.0491661 0.0468288 0.0438453 0.0402739 0.0361849 0.0316578 0.0267804 0.0216458 0.0163499 0.0109881 0.00565171 0.000425414 -0.0046156 -0.00940698 -0.0138961 -0.0180422 -0.021816 -0.0251989 -0.0281823 -0.0307662 -0.0329582 -0.0347722 -0.0362276 -0.0373476 -0.0381584 -0.0386881 -0.0389659 -0.039021 -0.0388821 -0.0385768 -0.0381315 -0.0375704 -0.036916 -0.0361886 -0.0354066 -0.0345862 -0.0337414 -0.0328847 -0.0320266 -0.031176 -0.0303404 -0.0295258 -0.0287373 -0.0279787 -0.027253 -0.0265624 -0.0259086 -0.0252926 -0.0247149 -0.0241758 -0.0236752 -0.0232129 -0.0227884 -0.0224011 -0.0220504 -0.0217356 -0.0214561 -0.0212113 -0.0210004 -0.020823 -0.0206786 -0.0205667 -0.020487 -0.0204393 -0.0204234 -0.0204393 -0.020487 -0.0205667 -0.0206786 -0.020823 -0.0210004 -0.0212113 -0.0214561 -0.0217356 -0.0220504 -0.0224011 -0.0227884 -0.0232129 -0.0236752 -0.0241758 -0.0247149 -0.0252926 -0.0259086 -0.0265624 -0.027253 -0.0279787 -0.0287373 -0.0295258 -0.0303404 -0.031176 -0.0320266 -0.0328847 -0.0337414 -0.0345862 -0.0354066 -0.0361886 -0.036916 -0.0375704 -0.0381315 -0.0385768 -0.0388821 -0.039021 -0.0389659 -0.0386881 -0.0381584 -0.0373476 -0.0362276 -0.0347722 -0.0329582 -0.0307662 -0.0281823 -0.0251989 -0.021816 -0.0180422 -0.0138961 -0.00940698 -0.0046156 0.000425414 0.00565171 0.0109881 0.0163499 0.0216458 0.0267804 0.0316578 0.0361849 0.0402739 0.0438453 0.0468288 0.0491661 0.0508132 0.0517436 0.0519527 0.0514599 0.0503099 0.048569 0.0463184 0.0436461 0.0406393 0.0373825 0.0339591 0.0304557 0.0269632 0.0235716 0.0203596 0.0173835 0.0146734 0.0122378 0.0100754 0.00818385 0.00656087 0.00519861 0.0040776 0.00316646 0.00242818 0.00182869 0.00134252 0.000953281 0.000650147 0.000423565 0.000262569 0.000154447 8.5998e-05 4.52066e-05 2.24967e-05 
0 3.43384e-05 8.07129e-05 0.000152063 0.000262535 0.000426864 0.000659105 0.000971649 0.0013759 0.0018854 0.00252066 0.00331275 0.00430214 0.0055315 0.00703548 0.00883389 0.0109335 0.0133369 0.01605 0.0190811 0.0224296 0.0260719 0.0299555 0.0340028 0.0381212 0.042213 0.0461785 0.0499156 0.0533192 0.0562828 0.0587048 0.0604949 0.0615805 0.0619084 0.0614461 0.0601808 0.0581191 0.0552874 0.0517322 0.0475195 0.0427326 0.0374678 0.03183 0.0259268 0.0198639 0.0137423 0.00765532 0.00168786 -0.00408431 -0.00959496 -0.0147878 -0.019617 -0.0240475 -0.028055 -0.0316261 -0.0347575 -0.0374549 -0.0397321 -0.0416088 -0.0431095 -0.044262 -0.0450961 -0.0456423 -0.0459311 -0.0459923 -0.0458548 -0.045546 -0.0450916 -0.0445156 -0.0438403 -0.0430858 -0.0422708 -0.0414117 -0.0405234 -0.0396189 -0.0387094 -0.0378048 -0.0369133 -0.0360417 -0.0351959 -0.0343803 -0.0335987 -0.0328538 -0.0321478 -0.0314821 -0.0308578 -0.0302754 -0.0297352 -0.0292372 -0.0287814 -0.0283673 -0.0279945 -0.0276627 -0.0273713 -0.0271199 -0.026908 -0.0267352 -0.0266012 -0.0265057 -0.0264485 -0.0264294 -0.0264485 -0.0265057 -0.0266012 -0.0267352 -0.026908 -0.0271199 -0.0273713 -0.0276627 -0.0279945 -0.0283673 -0.0287814 -0.0292372 -0.0297352 -0.0302754 -0.0308578 -0.0314821 -0.0321478 -0.0328538 -0.0335987 -0.0343803 -0.0351959 -0.0360417 -0.0369133 -0.0378048 -0.0387094 -0.0396189 -0.0405234 -0.0414117 -0.0422708 -0.0430858 -0.0438403 -0.0445156 -0.0450916 -0.045546 -0.0458548 -0.0459923 -0.0459311 -0.0456423 -0.0450961 -0.044262 -0.0431095 -0.0416088 -0.0397321 -0.0374549 -0.0347575 -0.0316261 -0.028055 -0.0240475 -0.019617 -0.0147878 -0.00959496 -0.00408431 0.00168786 0.00765532 0.0137423 0.0198639 0.0259268 0.03183 0.0374678 0.0427326 0.0475195 0.0517322 0.0552874 0.0581191 0.0601808 0.0614461 0.0619084 0.0615805 0.0604949 0.0587048 0.0562828 0.0533192 0.0499156 0.0461785 0.042213 0.0381212 0.0340028 0.0299555 0.0260719 0.0224296 0.0190811 0.01605 0.0133369 0.0109335 0.00883389 0.00703548 0.0055315 0.00430214 0.00331275 0.00252066 0.00188539 0.00137589 0.000971654 0.000659141 0.00042702 0.000263074 0.000153698 8.51991e-05 4.56424e-05 
0 6.19862e-05 0.000141544 0.000256319 0.000423561 0.000659105 0.000976658 0.00138878 0.00191049 0.00256468 0.00338618 0.0044205 0.00571565 0.00731073 0.00922853 0.0114778 0.0140633 0.0169937 0.0202792 0.0239187 0.0278861 0.0321278 0.0365695 0.0411269 0.0457101 0.0502206 0.0545477 0.0585687 0.0621571 0.0651938 0.0675778 0.0692308 0.0700965 0.0701382 0.0693352 0.0676831 0.0651958 0.0619072 0.0578729 0.0531683 0.0478852 0.0421262 0.035999 0.0296118 0.0230698 0.0164724 0.00991203 0.00347313 -0.00276873 -0.00874751 -0.0144073 -0.0197029 -0.0245998 -0.0290741 -0.0331119 -0.0367085 -0.0398671 -0.0425979 -0.0449167 -0.0468436 -0.0484024 -0.0496192 -0.0505216 -0.0511384 -0.0514982 -0.0516297 -0.0515606 -0.0513176 -0.0509259 -0.0504093 -0.0497895 -0.0490866 -0.0483189 -0.0475025 -0.0466522 -0.0457807 -0.0448993 -0.0440176 -0.0431443 -0.0422862 -0.0414496 -0.0406394 -0.0398599 -0.0391143 -0.0384055 -0.0377356 -0.0371063 -0.0365187 -0.0359739 -0.0354723 -0.0350145 -0.0346005 -0.0342306 -0.0339046 -0.0336225 -0.0333841 -0.0331894 -0.033038 -0.0329301 -0.0328653 -0.0328438 -0.0328653 -0.0329301 -0.033038 -0.0331894 -0.0333841 -0.0336225 -0.0339046 -0.0342306 -0.0346005 -0.0350145 -0.0354723 -0.0359739 -0.0365187 -0.0371063 -0.0377356 -0.0384055 -0.0391143 -0.0398599 -0.0406394 -0.0414496 -0.0422862 -0.0431443 -0.0440176 -0.0448993 -0.0457807 -0.0466522 -0.0475025 -0.0483189 -0.0490866 -0.0497895 -0.0504093 -0.0509259 -0.0513176 -0.0515606 -0.0516297 -0.0514982 -0.0511384 -0.0505216 -0.0496192 -0.0484024 -0.0468436 -0.0449167 -0.0425979 -0.0398671 -0.0367085 -0.0331119 -0.0290741 -0.0245998 -0.0197029 -0.0144073 -0.00874751 -0.00276873 0.00347313 0.00991203 0.0164724 0.0230698 0.0296118 0.035999 0.0421262 0.0478852 0.0531683 0.0578729 0.0619072 0.0651958 0.0676831 0.0693352 0.0701382 0.0700965 0.0692308 0.0675778 0.0651938 0.0621571 0.0585687 0.0545477 0.0502206 0.0457101 0.0411269 0.0365695 0.0321278 0.0278861 0.0239187 0.0202792 0.0169937 0.0140633 0.0114778 0.00922853 0.00731073 0.00571565 0.00442049 0.00338618 0.00256468 0.00191049 0.00138881 0.000976811 0.000659632 0.000425158 0.000260712 0.000152656 8.8048e-05 
0 0.000105817 0.000235116 0.000410053 0.000650149 0.000971649 0.00138878 0.00191783 0.00258324 0.00342219 0.00448356 0.00581921 0.0074717 0.00946666 0.0118159 0.0145285 0.0176185 0.0210996 0.0249693 0.0291956 0.0337177 0.0384586 0.0433376 0.0482714 0.0531664 0.0579119 0.0623813 0.0664421 0.069969 0.0728543 0.0750116 0.0763751 0.0768982 0.0765521 0.0753283 0.073239 0.0703184 0.0666201 0.0622143 0.0571828 0.0516155 0.0456071 0.0392554 0.0326589 0.0259155 0.0191202 0.0123626 0.00572438 -0.000722207 -0.00691583 -0.0128063 -0.0183543 -0.0235302 -0.0283134 -0.0326907 -0.0366557 -0.0402077 -0.0433512 -0.0460956 -0.0484543 -0.0504446 -0.0520867 -0.0534035 -0.0544195 -0.0551607 -0.0556532 -0.0559233 -0.0559964 -0.0558972 -0.0556489 -0.0552734 -0.054791 -0.0542203 -0.0535782 -0.0528801 -0.05214 -0.0513703 -0.050582 -0.049785 -0.048988 -0.0481985 -0.047423 -0.0466674 -0.0459364 -0.0452342 -0.0445643 -0.0439296 -0.0433324 -0.0427749 -0.0422584 -0.0417843 -0.0413535 -0.0409668 -0.0406248 -0.0403278 -0.0400761 -0.03987 -0.0397096 -0.039595 -0.0395262 -0.0395032 -0.0395262 -0.039595 -0.0397096 -0.03987 -0.0400761 -0.0403278 -0.0406248 -0.0409668 -0.0413535 -0.0417843 -0.0422584 -0.0427749 -0.0433324 -0.0439296 -0.0445643 -0.0452342 -0.0459364 -0.0466674 -0.047423 -0.0481985 -0.048988 -0.049785 -0.050582 -0.0513703 -0.05214 -0.0528801 -0.0535782 -0.0542203 -0.054791 -0.0552734 -0.0556489 -0.0558972 -0.0559964 -0.0559233 -0.0556532 -0.0551607 -0.0544195 -0.0534035 -0.0520867 -0.0504446 -0.0484543 -0.0460956 -0.0433512 -0.0402077 -0.0366557 -0.0326907 -0.0283134 -0.0235302 -0.0183543 -0.0128063 -0.00691583 -0.000722207 0.00572438 0.0123626 0.0191202 0.0259155 0.0326589 0.0392554 0.0456071 0.0516155 0.0571828 0.0622143 0.0666201 0.0703184 0.073239 0.0753283 0.0765521 0.0768982 0.0763751 0.0750116 0.0728543 0.069969 0.0664421 0.0623813 0.0579119 0.0531664 0.0482714 0.0433376 0.0384586 0.0337177 0.0291956 0.0249693 0.0210996 0.0176185 0.0145285 0.0118159 0.00946666 0.0074717 0.00581921 0.00448356 0.0034222 0.00258327 0.00191798 0.00138928 0.000973183 0.000654382 0.000420813 0.000260494 0.000161577 
0 0.00017088 0.000370311 0.000624018 0.000953283 0.0013759 0.00191049 0.00258324 0.0034333 0.00451207 0.0058743 0.007565 0.00961166 0.0120282 0.0148275 0.0180293 0.021652 0.0256939 0.030119 0.0348605 0.039838 0.0449703 0.0501737 0.0553517 0.0603891 0.0651576 0.0695286 0.0733843 0.0766235 0.0791604 0.0809229 0.0818536 0.0819141 0.0810899 0.0793928 0.0768597 0.0735468 0.069524 0.0648683 0.0596608 0.053985 0.0479268 0.0415733 0.0350128 0.0283321 0.0216143 0.0149366 0.00836814 0.00196919 -0.00420911 -0.0101244 -0.0157424 -0.0210359 -0.0259844 -0.0305732 -0.0347931 -0.03864 -0.0421143 -0.0452211 -0.047969 -0.0503701 -0.0524393 -0.0541935 -0.0556517 -0.0568337 -0.0577605 -0.058453 -0.0589326 -0.0592203 -0.0593367 -0.0593016 -0.0591342 -0.0588526 -0.0584739 -0.0580143 -0.0574885 -0.0569101 -0.0562918 -0.0556448 -0.0549792 -0.0543043 -0.0536281 -0.0529578 -0.0522996 -0.051659 -0.0510408 -0.050449 -0.0498872 -0.0493582 -0.0488647 -0.0484086 -0.0479919 -0.0476158 -0.0472817 -0.0469904 -0.0467428 -0.0465395 -0.0463809 -0.0462674 -0.0461992 -0.0461765 -0.0461992 -0.0462674 -0.0463809 -0.0465395 -0.0467428 -0.0469904 -0.0472817 -0.0476158 -0.0479919 -0.0484086 -0.0488647 -0.0493582 -0.0498872 -0.050449 -0.0510408 -0.051659 -0.0522996 -0.0529578 -0.0536281 -0.0543043 -0.0549792 -0.0556448 -0.0562918 -0.0569101 -0.0574885 -0.0580143 -0.0584739 -0.0588526 -0.0591342 -0.0593016 -0.0593367 -0.0592203 -0.0589326 -0.058453 -0.0577605 -0.0568337 -0.0556517 -0.0541935 -0.0524393 -0.0503701 -0.047969 -0.0452211 -0.0421143 -0.03864 -0.0347931 -0.0305732 -0.0259844 -0.0210359 -0.0157424 -0.0101244 -0.00420911 0.00196919 0.00836814 0.0149366 0.0216143 0.0283321 0.0350128 0.0415733 0.0479268 0.053985 0.0596608 0.0648683 0.069524 0.0735468 0.0768597 0.0793928 0.0810899 0.0819141 0.0818536 0.0809229 0.0791604 0.0766235 0.0733843 0.0695286 0.0651576 0.0603891 0.0553517 0.0501737 0.0449703 0.039838 0.0348605 0.030119 0.0256939 0.021652 0.0180293 0.0148275 0.0120282 0.00961166 0.007565 0.0058743 0.00451211 0.00343344 0.00258371 0.00191194 0.00137991 0.000963546 0.000648376 0.000424191 0.000282227 
0 0.000261326 0.000554143 0.000906549 0.00134252 0.0018854 0.00256468 0.00342219 0.00451207 0.00589189 0.00760905 0.00969248 0.0121573 0.0150189 0.0183008 0.0220258 0.0261931 0.0307641 0.0356689 0.0408265 0.0461566 0.0515736 0.0569727 0.0622282 0.0672057 0.0717787 0.0758382 0.0792924 0.0820621 0.0840775 0.0852815 0.0856359 0.0851278 0.0837704 0.0816002 0.0786707 0.0750469 0.0708008 0.0660092 0.0607522 0.0551116 0.0491695 0.0430054 0.0366943 0.0303051 0.0238998 0.017534 0.0112575 0.00511482 -0.000853988 -0.00661336 -0.0121324 -0.017385 -0.0223505 -0.0270134 -0.0313632 -0.035394 -0.0391041 -0.0424949 -0.045571 -0.0483388 -0.050807 -0.0529857 -0.0548865 -0.0565223 -0.0579071 -0.0590559 -0.0599846 -0.0607097 -0.0612481 -0.0616169 -0.0618332 -0.0619136 -0.0618744 -0.0617313 -0.0614991 -0.0611917 -0.0608221 -0.0604023 -0.0599436 -0.0594559 -0.0589484 -0.0584294 -0.0579064 -0.0573859 -0.0568739 -0.0563756 -0.0558956 -0.055438 -0.0550062 -0.0546033 -0.0542319 -0.0538943 -0.0535924 -0.0533277 -0.0531017 -0.0529154 -0.0527697 -0.0526651 -0.0526022 -0.0525812 -0.0526022 -0.0526651 -0.0527697 -0.0529154 -0.0531017 -0.0533277 -0.0535924 -0.0538943 -0.0542319 -0.0546033 -0.0550062 -0.055438 -0.0558956 -0.0563756 -0.0568739 -0.0573859 -0.0579064 -0.0584294 -0.0589484 -0.0594559 -0.0599436 -0.0604023 -0.0608221 -0.0611917 -0.0614991 -0.0617313 -0.0618744 -0.0619136 -0.0618332 -0.0616169 -0.0612481 -0.0607097 -0.0599846 -0.0590559 -0.0579071 -0.0565223 -0.0548865 -0.0529857 -0.050807 -0.0483388 -0.045571 -0.0424949 -0.0391041 -0.035394 -0.0313632 -0.0270134 -0.0223505 -0.017385 -0.0121324 -0.00661336 -0.000853988 0.00511482 0.0112575 0.017534 0.0238998 0.0303051 0.0366943 0.0430054 0.0491695 0.0551116 0.0607522 0.0660092 0.0708008 0.0750469 0.0786707 0.0816002 0.0837704 0.0851278 0.0856359 0.0852815 0.0840775 0.0820621 0.0792924 0.0758382 0.0717787 0.0672057 0.0622282 0.0569727 0.0515736 0.0461566 0.0408265 0.0356689 0.0307641 0.0261931 0.0220258 0.0183008 0.0150189 0.0121573 0.00969248 0.00760908 0.00589202 0.00451252 0.00342354 0.00256843 0.00189504 0.00136557 0.000957907 0.000661078 0.00046972 
0 0.000379396 0.00079062 0.00126375 0.00182869 0.00252066 0.00338618 0.00448356 0.0058743 0.00760905 0.00971876 0.0122196 0.0151283 0.0184712 0.0222737 0.0265355 0.0312154 0.0362408 0.0415317 0.0470103 0.0525897 0.0581573 0.0635767 0.0687068 0.0734216 0.0776156 0.0812001 0.0840973 0.0862402 0.0875791 0.0880878 0.0877668 0.0866394 0.0847457 0.0821365 0.0788706 0.0750134 0.0706373 0.0658199 0.0606416 0.055181 0.0495115 0.043698 0.0377967 0.0318556 0.0259161 0.0200152 0.0141864 0.00846093 0.0028675 -0.00256777 -0.00782178 -0.0128746 -0.0177096 -0.0223133 -0.0266747 -0.0307856 -0.0346398 -0.0382333 -0.0415639 -0.0446314 -0.0474373 -0.0499855 -0.0522812 -0.0543315 -0.0561454 -0.0577328 -0.0591051 -0.0602746 -0.0612541 -0.0620571 -0.0626973 -0.0631886 -0.0635446 -0.0637789 -0.0639046 -0.0639347 -0.0638813 -0.0637562 -0.0635704 -0.0633344 -0.0630579 -0.0627498 -0.0624185 -0.0620717 -0.0617163 -0.0613586 -0.0610042 -0.0606584 -0.0603255 -0.0600096 -0.0597142 -0.0594424 -0.0591968 -0.0589796 -0.0587928 -0.058638 -0.0585163 -0.0584287 -0.0583758 -0.0583582 -0.0583758 -0.0584287 -0.0585163 -0.058638 -0.0587928 -0.0589796 -0.0591968 -0.0594424 -0.0597142 -0.0600096 -0.0603255 -0.0606584 -0.0610042 -0.0613586 -0.0617163 -0.0620717 -0.0624185 -0.0627498 -0.0630579 -0.0633344 -0.0635704 -0.0637562 -0.0638813 -0.0639347 -0.0639046 -0.0637789 -0.0635446 -0.0631886 -0.0626973 -0.0620571 -0.0612541 -0.0602746 -0.0591051 -0.0577328 -0.0561454 -0.0543315 -0.0522812 -0.0499855 -0.0474373 -0.0446314 -0.0415639 -0.0382333 -0.0346398 -0.0307856 -0.0266747 -0.0223133 -0.0177096 -0.0128746 -0.00782178 -0.00256777 0.0028675 0.00846093 0.0141864 0.0200152 0.0259161 0.0318556 0.0377967 0.043698 0.0495115 0.055181 0.0606416 0.0658199 0.0706373 0.0750134 0.0788706 0.0821365 0.0847457 0.0866394 0.0877668 0.0880878 0.0875791 0.0862402 0.0840973 0.0812001 0.0776156 0.0734216 0.0687068 0.0635767 0.0581573 0.0525897 0.0470103 0.0415317 0.0362408 0.0312154 0.0265355 0.0222737 0.0184712 0.0151283 0.0122196 0.00971888 0.00760945 0.00587553 0.00448701 0.00339511 0.00254216 0.00187698 0.00136513 0.000989825 0.000746237 
0 0.000525199 0.00108132 0.001702 0.00242818 0.00331275 0.0044205 0.00581921 0.007565 0.00969248 0.0122196 0.0151642 0.0185546 0.0224181 0.0267549 0.0315208 0.0366406 0.0420341 0.0476257 0.053327 0.0590181 0.0645539 0.06979 0.0746028 0.0788885 0.0825555 0.0855209 0.0877171 0.0891013 0.0896613 0.0894138 0.0883957 0.0866553 0.084248 0.0812346 0.0776821 0.0736634 0.0692549 0.0645323 0.0595664 0.0544201 0.0491474 0.0437942 0.038399 0.0329953 0.0276115 0.0222723 0.0169985 0.0118076 0.00671412 0.00173074 -0.00313097 -0.00785978 -0.0124442 -0.0168726 -0.0211328 -0.0252134 -0.0291034 -0.0327934 -0.0362757 -0.0395448 -0.0425972 -0.0454313 -0.0480479 -0.0504492 -0.0526391 -0.0546229 -0.0564068 -0.0579983 -0.0594056 -0.0606378 -0.0617044 -0.0626157 -0.0633823 -0.0640149 -0.0645245 -0.0649224 -0.0652193 -0.0654261 -0.0655533 -0.0656111 -0.065609 -0.0655564 -0.0654618 -0.0653334 -0.0651785 -0.0650043 -0.0648169 -0.0646222 -0.0644253 -0.064231 -0.0640435 -0.0638663 -0.0637028 -0.0635557 -0.0634273 -0.0633197 -0.0632343 -0.0631725 -0.0631351 -0.0631226 -0.0631351 -0.0631725 -0.0632343 -0.0633197 -0.0634273 -0.0635557 -0.0637028 -0.0638663 -0.0640435 -0.064231 -0.0644253 -0.0646222 -0.0648169 -0.0650043 -0.0651785 -0.0653334 -0.0654618 -0.0655564 -0.065609 -0.0656111 -0.0655533 -0.0654261 -0.0652193 -0.0649224 -0.0645245 -0.0640149 -0.0633823 -0.0626157 -0.0617044 -0.0606378 -0.0594056 -0.0579983 -0.0564068 -0.0546229 -0.0526391 -0.0504492 -0.0480479 -0.0454313 -0.0425972 -0.0395448 -0.0362757 -0.0327934 -0.0291034 -0.0252134 -0.0211328 -0.0168726 -0.0124442 -0.00785978 -0.00313097 0.00173074 0.00671412 0.0118076 0.0169985 0.0222723 0.0276115 0.0329953 0.038399 0.0437942 0.0491474 0.0544201 0.0595664 0.0645323 0.0692549 0.0736634 0.0776821 0.0812346 0.084248 0.0866553 0.0883957 0.0894138 0.0896613 0.0891013 0.0877171 0.0855209 0.0825555 0.0788885 0.0746028 0.06979 0.0645539 0.0590181 0.053327 0.0476257 0.0420341 0.0366406 0.0315208 0.0267549 0.0224182 0.0185546 0.0151643 0.01222 0.00969358 0.00756812 0.00582735 0.00444026 0.00335754 0.00252306 0.00189012 0.00143082 0.0011347 
0 0.000697991 0.00142834 0.00223232 0.00316646 0.00430214 0.00571565 0.0074717 0.00961166 0.0121573 0.0151283 0.0185546 0.0224659 0.0268631 0.0317003 0.0368989 0.0423777 0.0480616 0.0538599 0.0596447 0.0652632 0.07057 0.0754455 0.0797876 0.0834995 0.0864921 0.0886975 0.0900796 0.0906373 0.0903979 0.0894064 0.0877179 0.0853958 0.0825117 0.0791444 0.0753762 0.0712871 0.0669497 0.0624263 0.0577686 0.0530194 0.0482149 0.0433859 0.0385586 0.0337542 0.0289888 0.0242732 0.019614 0.0150149 0.0104784 0.00600727 0.00160583 -0.00271971 -0.00696115 -0.0111087 -0.0151517 -0.0190787 -0.0228789 -0.0265415 -0.0300571 -0.0334168 -0.0366133 -0.0396403 -0.0424929 -0.0451677 -0.0476628 -0.0499775 -0.0521129 -0.0540714 -0.0558568 -0.0574739 -0.058929 -0.0602291 -0.0613819 -0.0623958 -0.0632797 -0.0640428 -0.0646943 -0.0652435 -0.0656997 -0.0660719 -0.0663691 -0.0665996 -0.0667718 -0.0668934 -0.0669716 -0.0670135 -0.0670254 -0.0670133 -0.0669827 -0.0669385 -0.0668853 -0.0668271 -0.0667675 -0.0667097 -0.0666562 -0.0666094 -0.0665712 -0.0665428 -0.0665254 -0.0665196 -0.0665254 -0.0665428 -0.0665712 -0.0666094 -0.0666562 -0.0667097 -0.0667675 -0.0668271 -0.0668853 -0.0669385 -0.0669827 -0.0670133 -0.0670254 -0.0670135 -0.0669716 -0.0668934 -0.0667718 -0.0665996 -0.0663691 -0.0660719 -0.0656997 -0.0652435 -0.0646943 -0.0640428 -0.0632797 -0.0623958 -0.0613819 -0.0602291 -0.058929 -0.0574739 -0.0558568 -0.0540714 -0.0521129 -0.0499775 -0.0476628 -0.0451677 -0.0424929 -0.0396403 -0.0366133 -0.0334168 -0.0300571 -0.0265415 -0.0228789 -0.0190787 -0.0151517 -0.0111087 -0.00696115 -0.00271971 0.00160583 0.00600727 0.0104784 0.0150149 0.019614 0.0242732 0.0289888 0.0337542 0.0385586 0.0433859 0.0482149 0.0530194 0.0577686 0.0624263 0.0669497 0.0712871 0.0753762 0.0791444 0.0825117 0.0853958 0.0877179 0.0894064 0.0903979 0.0906373 0.0900796 0.0886975 0.0864921 0.0834995 0.0797876 0.0754455 0.07057 0.0652632 0.0596447 0.0538599 0.0480616 0.0423777 0.0368989 0.0317003 0.0268631 0.022466 0.0185549 0.0151293 0.0121601 0.00961897 0.00748962 0.00575662 0.00438978 0.00334193 0.0025615 0.00200783 0.00165758 
0 0.000899057 0.00183905 0.00287434 0.0040776 0.0055315 0.00731073 0.00946666 0.0120282 0.0150189 0.0184712 0.0224181 0.0268631 0.0317597 0.0370267 0.0425804 0.0483453 0.0542275 0.0600913 0.0657757 0.0711344 0.0760517 0.0804257 0.0841528 0.0871393 0.0893206 0.0906701 0.0911953 0.0909287 0.0899174 0.0882198 0.0859073 0.0830648 0.0797851 0.0761614 0.07228 0.068214 0.0640232 0.0597556 0.0554497 0.0511364 0.04684 0.0425774 0.0383591 0.0341889 0.0300662 0.0259874 0.0219479 0.0179439 0.0139729 0.0100343 0.00612924 0.00226031 -0.00156864 -0.00535248 -0.00908489 -0.0127583 -0.016364 -0.0198921 -0.023332 -0.0266727 -0.0299031 -0.033013 -0.0359929 -0.0388346 -0.0415317 -0.0440792 -0.0464741 -0.0487148 -0.0508014 -0.0527353 -0.0545192 -0.056157 -0.0576533 -0.0590136 -0.0602439 -0.0613507 -0.0623411 -0.0632221 -0.0640012 -0.0646858 -0.0652834 -0.0658013 -0.0662468 -0.0666269 -0.0669484 -0.0672178 -0.0674412 -0.0676246 -0.0677732 -0.067892 -0.0679858 -0.0680585 -0.068114 -0.0681555 -0.0681858 -0.0682073 -0.0682221 -0.0682315 -0.0682367 -0.0682384 -0.0682367 -0.0682315 -0.0682221 -0.0682073 -0.0681858 -0.0681555 -0.068114 -0.0680585 -0.0679858 -0.067892 -0.0677732 -0.0676246 -0.0674412 -0.0672178 -0.0669484 -0.0666269 -0.0662468 -0.0658013 -0.0652834 -0.0646858 -0.0640012 -0.0632221 -0.0623411 -0.0613507 -0.0602439 -0.0590136 -0.0576533 -0.056157 -0.0545192 -0.0527353 -0.0508014 -0.0487148 -0.0464741 -0.0440792 -0.0415317 -0.0388346 -0.0359929 -0.033013 -0.0299031 -0.0266727 -0.023332 -0.0198921 -0.016364 -0.0127583 -0.00908489 -0.00535248 -0.00156864 0.00226031 0.00612924 0.0100343 0.0139729 0.0179439 0.0219479 0.0259874 0.0300662 0.0341889 0.0383591 0.0425774 0.04684 0.0511364 0.0554497 0.0597556 0.0640232 0.068214 0.07228 0.0761614 0.0797851 0.0830648 0.0859073 0.0882198 0.0899174 0.0909287 0.0911953 0.0906701 0.0893206 0.0871393 0.0841528 0.0804257 0.0760517 0.0711344 0.0657757 0.0600913 0.0542275 0.0483453 0.0425804 0.0370267 0.0317598 0.0268633 0.022419 0.0184736 0.0150253 0.0120442 0.00950363 0.00739063 0.00569316 0.00438405 0.00341941 0.00275058 0.00233753 
0 0.00113514 0.00233024 0.00365702 0.00519861 0.00703548 0.00922853 0.0118159 0.0148275 0.0183008 0.0222737 0.0267549 0.0317003 0.0370267 0.0426477 0.048486 0.0544451 0.0603823 0.0661283 0.0715348 0.0764881 0.0808841 0.0846114 0.0875718 0.0897077 0.0910036 0.0914741 0.0911529 0.0900885 0.0883434 0.0859983 0.0831499 0.0799014 0.0763513 0.0725886 0.0686885 0.0647136 0.0607165 0.0567396 0.0528143 0.0489614 0.0451899 0.0414991 0.0378813 0.0343252 0.0308181 0.027349 0.023908 0.0204873 0.0170808 0.0136834 0.0102913 0.00690212 0.00351513 0.000131931 -0.00324369 -0.00660559 -0.00994553 -0.0132538 -0.0165194 -0.0197309 -0.0228769 -0.0259462 -0.0289284 -0.031814 -0.0345946 -0.0372628 -0.0398124 -0.0422387 -0.044538 -0.0467079 -0.0487471 -0.0506555 -0.0524342 -0.0540851 -0.0556111 -0.0570159 -0.0583038 -0.0594797 -0.060549 -0.0615175 -0.062391 -0.0631756 -0.0638774 -0.0645024 -0.0650567 -0.0655459 -0.0659758 -0.0663515 -0.066678 -0.0669601 -0.067202 -0.0674077 -0.0675808 -0.0677243 -0.0678411 -0.0679334 -0.0680033 -0.0680521 -0.068081 -0.0680905 -0.068081 -0.0680521 -0.0680033 -0.0679334 -0.0678411 -0.0677243 -0.0675808 -0.0674077 -0.067202 -0.0669601 -0.066678 -0.0663515 -0.0659758 -0.0655459 -0.0650567 -0.0645024 -0.0638774 -0.0631756 -0.062391 -0.0615175 -0.060549 -0.0594797 -0.0583038 -0.0570159 -0.0556111 -0.0540851 -0.0524342 -0.0506555 -0.0487471 -0.0467079 -0.044538 -0.0422387 -0.0398124 -0.0372628 -0.0345946 -0.031814 -0.0289284 -0.0259462 -0.0228769 -0.0197309 -0.0165194 -0.0132538 -0.00994553 -0.00660559 -0.00324369 0.000131931 0.00351513 0.00690212 0.0102913 0.0136834 0.0170808 0.0204873 0.023908 0.027349 0.0308181 0.0343252 0.0378813 0.0414991 0.0451899 0.0489614 0.0528143 0.0567396 0.0607165 0.0647136 0.0686885 0.0725886 0.0763513 0.0799014 0.0831499 0.0859983 0.0883434 0.0900885 0.0911529 0.0914741 0.0910036 0.0897077 0.0875718 0.0846114 0.0808841 0.0764881 0.0715348 0.0661283 0.0603823 0.0544451 0.048486 0.0426477 0.0370269 0.031701 0.026757 0.0222794 0.0183149 0.0148605 0.0118878 0.00937559 0.00731742 0.00570569 0.0045142 0.0036967 0.00320048 
0 0.00142026 0.00292859 0.00461431 0.00656087 0.00883389 0.0114778 0.0145285 0.0180293 0.0220258 0.0265355 0.0315208 0.0368989 0.0425804 0.048486 0.0545174 0.0605266 0.0663366 0.0717948 0.076788 0.0812085 0.0849354 0.0878665 0.089952 0.0911874 0.0915902 0.0911933 0.0900484 0.0882269 0.0858208 0.0829377 0.0796861 0.0761646 0.0724617 0.0686554 0.0648131 0.0609942 0.0572462 0.0536021 0.0500803 0.0466854 0.0434111 0.040245 0.0371714 0.034173 0.0312333 0.0283358 0.0254643 0.0226043 0.0197422 0.0168672 0.0139714 0.0110498 0.00810138 0.00512764 0.00213254 -0.000877866 -0.00389648 -0.00691513 -0.00992506 -0.0129172 -0.0158819 -0.0188095 -0.0216901 -0.0245139 -0.0272714 -0.0299533 -0.0325514 -0.0350577 -0.0374659 -0.0397703 -0.0419667 -0.0440519 -0.046024 -0.0478822 -0.0496266 -0.0512585 -0.0527796 -0.0541926 -0.0555008 -0.0567078 -0.0578177 -0.0588347 -0.0597634 -0.0606083 -0.0613742 -0.0620656 -0.0626871 -0.0632431 -0.0637377 -0.0641751 -0.0645588 -0.0648926 -0.0651793 -0.065422 -0.065623 -0.0657846 -0.0659084 -0.0659959 -0.0660479 -0.0660652 -0.0660479 -0.0659959 -0.0659084 -0.0657846 -0.065623 -0.065422 -0.0651793 -0.0648926 -0.0645588 -0.0641751 -0.0637377 -0.0632431 -0.0626871 -0.0620656 -0.0613742 -0.0606083 -0.0597634 -0.0588347 -0.0578177 -0.0567078 -0.0555008 -0.0541926 -0.0527796 -0.0512585 -0.0496266 -0.0478822 -0.046024 -0.0440519 -0.0419667 -0.0397703 -0.0374659 -0.0350577 -0.0325514 -0.0299533 -0.0272714 -0.0245139 -0.0216901 -0.0188095 -0.0158819 -0.0129172 -0.00992506 -0.00691513 -0.00389648 -0.000877866 0.00213254 0.00512764 0.00810138 0.0110498 0.0139714 0.0168672 0.0197422 0.0226043 0.0254643 0.0283358 0.0312333 0.034173 0.0371714 0.040245 0.0434111 0.0466854 0.0500803 0.0536021 0.0572462 0.0609942 0.0648131 0.0686554 0.0724617 0.0761646 0.0796861 0.0829377 0.0858208 0.0882269 0.0900484 0.0911933 0.0915902 0.0911874 0.089952 0.0878665 0.0849354 0.0812085 0.076788 0.0717948 0.0663366 0.0605266 0.0545175 0.0484862 0.042581 0.0369007 0.0315257 0.0265477 0.0220546 0.0180931 0.0146606 0.0117341 0.00930037 0.00735865 0.00590018 0.00489172 0.00428047 
0 0.00177396 0.00366563 0.00577722 0.00818385 0.0109335 0.0140633 0.0176185 0.021652 0.0261931 0.0312154 0.0366406 0.0423777 0.0483453 0.0544451 0.0605266 0.0664056 0.0719234 0.076965 0.0814189 0.0851552 0.0880668 0.0901108 0.091292 0.091627 0.0911449 0.0899039 0.0879888 0.0855033 0.0825625 0.079278 0.0757475 0.0720603 0.0682999 0.0645396 0.0608418 0.0572554 0.0538108 0.0505227 0.0473947 0.0444209 0.0415903 0.0388892 0.0362996 0.033801 0.0313715 0.0289871 0.0266254 0.0242664 0.0218932 0.0194937 0.0170596 0.0145858 0.0120707 0.00951411 0.00691808 0.00428575 0.00162132 -0.00106937 -0.0037798 -0.00650203 -0.00922729 -0.0119462 -0.0146488 -0.0173251 -0.019965 -0.0225592 -0.0250986 -0.0275749 -0.0299807 -0.0323095 -0.0345555 -0.0367141 -0.0387813 -0.0407543 -0.0426308 -0.0444096 -0.0460899 -0.0476721 -0.0491567 -0.0505452 -0.0518392 -0.0530412 -0.0541536 -0.0551792 -0.0561213 -0.0569829 -0.0577674 -0.058478 -0.059118 -0.0596904 -0.0601985 -0.0606448 -0.0610322 -0.0613629 -0.061639 -0.0618624 -0.0620346 -0.0621567 -0.0622297 -0.0622539 -0.0622297 -0.0621567 -0.0620346 -0.0618624 -0.061639 -0.0613629 -0.0610322 -0.0606448 -0.0601985 -0.0596904 -0.059118 -0.058478 -0.0577674 -0.0569829 -0.0561213 -0.0551792 -0.0541536 -0.0530412 -0.0518392 -0.0505452 -0.0491567 -0.0476721 -0.0460899 -0.0444096 -0.0426308 -0.0407543 -0.0387813 -0.0367141 -0.0345555 -0.0323095 -0.0299807 -0.0275749 -0.0250986 -0.0225592 -0.019965 -0.0173251 -0.0146488 -0.0119462 -0.00922729 -0.00650203 -0.0037798 -0.00106937 0.00162132 0.00428575 0.00691808 0.00951411 0.0120707 0.0145858 0.0170596 0.0194937 0.0218932 0.0242664 0.0266254 0.0289871 0.0313715 0.033801 0.0362996 0.0388892 0.0415903 0.0444209 0.0473947 0.0505227 0.0538108 0.0572554 0.0608418 0.0645396 0.0682999 0.0720603 0.0757475 0.079278 0.0825625 0.0855033 0.0879888 0.0899039 0.0911449 0.091627 0.091292 0.0901108 0.0880668 0.0851552 0.0814189 0.076965 0.0719234 0.0664056 0.0605267 0.0544456 0.0483468 0.0423818 0.0366511 0.0312403 0.0262489 0.0217691 0.0178486 0.0144875 0.0116682 0.00938218 0.00762688 0.00638628 0.00562411 
0 0.00221544 0.0045684 0.00716626 0.0100754 0.0133369 0.0169937 0.0210996 0.0256939 0.0307641 0.0362408 0.0420341 0.0480616 0.0542275 0.0603823 0.0663366 0.0719234 0.0770237 0.081523 0.0852838 0.0881931 0.090213 0.0913549 0.0916319 0.0910681 0.0897301 0.087719 0.0851474 0.0821329 0.0787895 0.0752173 0.0715099 0.0677597 0.0640454 0.0604283 0.0569541 0.0536487 0.0505233 0.0475824 0.0448234 0.0422374 0.0398124 0.0375298 0.035366 0.0332962 0.0312938 0.0293341 0.027396 0.0254606 0.023513 0.021541 0.0195339 0.0174844 0.0153863 0.0132357 0.0110315 0.0087742 0.00646713 0.00411528 0.00172491 -0.000695913 -0.00313929 -0.00559624 -0.00805802 -0.0105161 -0.0129615 -0.0153863 -0.0177821 -0.0201413 -0.0224564 -0.0247204 -0.026927 -0.0290697 -0.0311435 -0.0331434 -0.0350655 -0.0369064 -0.0386634 -0.0403347 -0.0419188 -0.0434153 -0.0448238 -0.0461452 -0.0473798 -0.0485293 -0.049595 -0.0505787 -0.0514824 -0.0523081 -0.0530579 -0.0537339 -0.0543384 -0.0548731 -0.0553401 -0.055741 -0.0560776 -0.0563509 -0.0565624 -0.0567127 -0.0568027 -0.0568326 -0.0568027 -0.0567127 -0.0565624 -0.0563509 -0.0560776 -0.055741 -0.0553401 -0.0548731 -0.0543384 -0.0537339 -0.0530579 -0.0523081 -0.0514824 -0.0505787 -0.049595 -0.0485293 -0.0473798 -0.0461452 -0.0448238 -0.0434153 -0.0419188 -0.0403347 -0.0386634 -0.0369064 -0.0350655 -0.0331434 -0.0311435 -0.0290697 -0.026927 -0.0247204 -0.0224564 -0.0201413 -0.0177821 -0.0153863 -0.0129615 -0.0105161 -0.00805802 -0.00559624 -0.00313929 -0.000695913 0.00172491 0.00411528 0.00646713 0.0087742 0.0110315 0.0132357 0.0153863 0.0174844 0.0195339 0.021541 0.023513 0.0254606 0.027396 0.0293341 0.0312938 0.0332962 0.035366 0.0375298 0.0398124 0.0422374 0.0448234 0.0475824 0.0505233 0.0536487 0.0569541 0.0604283 0.0640454 0.0677597 0.0715099 0.0752173 0.0787895 0.0821329 0.0851474 0.087719 0.0897301 0.0910681 0.0916319 0.0913549 0.090213 0.0881931 0.0852838 0.081523 0.0770237 0.0719235 0.066337 0.0603835 0.0542309 0.0480704 0.0420554 0.0362891 0.0308665 0.025898 0.0214809 0.0176628 0.0144425 0.0118023 0.00973313 0.00823203 0.0072914 
0 0.00275608 0.00565039 0.00878844 0.0122378 0.01605 0.0202792 0.0249693 0.030119 0.0356689 0.0415317 0.0476257 0.0538599 0.0600913 0.0661283 0.0717948 0.076965 0.081523 0.0853262 0.0882546 0.090271 0.0913921 0.0916271 0.0909945 0.0895703 0.0874726 0.0848188 0.0817234 0.078304 0.0746684 0.070917 0.0671507 0.0634526 0.0598791 0.0564712 0.0532544 0.0502388 0.0474311 0.0448315 0.0424292 0.0402093 0.0381514 0.0362287 0.0344168 0.0326921 0.0310315 0.0294169 0.0278299 0.026253 0.0246715 0.0230698 0.0214351 0.0197576 0.0180286 0.0162444 0.0144026 0.0125032 0.0105491 0.00854315 0.00649039 0.00439589 0.00226518 0.000105211 -0.00207803 -0.00427675 -0.00648379 -0.00869142 -0.0108914 -0.0130765 -0.0152382 -0.0173698 -0.0194636 -0.0215133 -0.0235129 -0.0254566 -0.0273399 -0.0291581 -0.030908 -0.032586 -0.0341901 -0.0357179 -0.0371681 -0.0385397 -0.0398318 -0.0410445 -0.0421774 -0.0432313 -0.0442063 -0.0451035 -0.0459235 -0.0466677 -0.0473366 -0.0479317 -0.0484538 -0.0489041 -0.0492832 -0.0495924 -0.0498319 -0.0500027 -0.050105 -0.0501391 -0.050105 -0.0500027 -0.0498319 -0.0495924 -0.0492832 -0.0489041 -0.0484538 -0.0479317 -0.0473366 -0.0466677 -0.0459235 -0.0451035 -0.0442063 -0.0432313 -0.0421774 -0.0410445 -0.0398318 -0.0385397 -0.0371681 -0.0357179 -0.0341901 -0.032586 -0.030908 -0.0291581 -0.0273399 -0.0254566 -0.0235129 -0.0215133 -0.0194636 -0.0173698 -0.0152382 -0.0130765 -0.0108914 -0.00869142 -0.00648379 -0.00427675 -0.00207803 0.000105211 0.00226518 0.00439589 0.00649039 0.00854315 0.0105491 0.0125032 0.0144026 0.0162444 0.0180286 0.0197576 0.0214351 0.0230698 0.0246715 0.026253 0.0278299 0.0294169 0.0310315 0.0326921 0.0344168 0.0362287 0.0381514 0.0402093 0.0424292 0.0448315 0.0474311 0.0502388 0.0532544 0.0564712 0.0598791 0.0634526 0.0671507 0.070917 0.0746684 0.078304 0.0817234 0.0848188 0.0874726 0.0895703 0.0909945 0.0916271 0.0913921 0.090271 0.0882546 0.0853262 0.0815231 0.0769654 0.0717958 0.0661311 0.0600986 0.0538778 0.0476668 0.0416202 0.0358475 0.0304575 0.0255719 0.0212886 0.0176471 0.0146391 0.0122483 0.0104786 0.00935148 
