0 0 0 0 0 0 0 0 0 0 0 0 0 0 0 0 0 0 0 0 0 0 0 0 0 0 0 0 0 0 0 0 0 0 0 0 0 0 0 0 0 0 0 0 0 0 0 0 0 0 0 0 0 0 0 0 0 0 0 0 0 0 0 0 0 0 0 0 0 0 0 0 0 0 0 0 0 0 0 0 0 0 0 0 0 0 0 0 0 0 0 0 0 0 0 0 0 0 0 0 0 0 0 0 0 0 0 0 0 0 0 0 0 0 0 0 0 0 0 0 0 0 0 0 0 0 0 0 0 0 0 0 0 0 0 0 0 0 0 0 0 0 0 0 0 0 0 0 0 0 0 0 0 0 0 0 0 0 0 0 0 0 0 0 0 0 0 0 0 0 0 0 0 0 0 0 0 0 0 0 0 0 0 0 0 0 0 0 0 0 0 0 0 0 0 0 0 0 0 0 
0 0.000115669 0.000240898 0.000382931 0.000545867 0.000732303 0.000947261 0.00120246 0.00151771 0.00191679 0.00241825 0.00302618 0.00372751 0.00449942 0.00532249 0.00618995 0.00710476 0.00806584 0.00905386 0.0100278 0.0109349 0.0117266 0.0123695 0.0128449 0.0131407 0.013242 0.0131286 0.0127801 0.0121844 0.0113453 0.0102836 0.00903295 0.00763308 0.00612324 0.00453929 0.00291388 0.00127854 -0.000334447 -0.00189171 -0.00336042 -0.00471104 -0.00592025 -0.00697278 -0.00786187 -0.00858823 -0.00915818 -0.00958154 -0.00986978 -0.0100349 -0.010089 -0.0100439 -0.00991196 -0.00970554 -0.00943758 -0.0091211 -0.00876888 -0.00839297 -0.00800421 -0.00761188 -0.0072235 -0.00684481 -0.00647987 -0.00613132 -0.00580066 -0.00548852 -0.00519498 -0.00491973 -0.0046623 -0.00442211 -0.00419858 -0.00399109 -0.00379904 -0.00362184 -0.00345884 -0.00330938 -0.00317275 -0.0030482 -0.00293497 -0.00283227 -0.0027393 -0.00265529 -0.00257948 -0.00251114 -0.00244961 -0.00239426 -0.00234453 -0.0022999 -0.00225992 -0.0022242 -0.00219238 -0.00216417 -0.0021393 -0.00211756 -0.00209876 -0.00208274 -0.00206939 -0.0020586 -0.00205028 -0.00204439 -0.00204086 -0.00203969 -0.00204086 -0.00204439 -0.00205028 -0.0020586 -0.00206939 -0.00208274 -0.00209876 -0.00211756 -0.0021393 -0.00216417 -0.00219238 -0.0022242 -0.00225992 -0.0022999 -0.00234453 -0.00239426 -0.00244961 -0.00251114 -0.00257948 -0.00265529 -0.0027393 -0.00283227 -0.00293497 -0.0030482 -0.00317275 -0.00330938 -0.00345884 -0.00362184 -0.00379904 -0.00399109 -0.00419858 -0.00442211 -0.0046623 -0.00491973 -0.00519498 -0.00548852 -0.00580066 -0.00613132 -0.00647987 -0.00684481 -0.0072235 -0.00761188 -0.00800421 -0.00839297 -0.00876888 -0.0091211 -0.00943758 -0.00970554 -0.00991196 -0.0100439 -0.010089 -0.0100349 -0.00986978 -0.00958154 -0.00915818 -0.00858823 -0.00786187 -0.00697278 -0.00592025 -0.00471104 -0.00336042 -0.00189171 -0.000334447 0.00127854 0.00291388 0.00453929 0.00612324 0.00763308 0.00903295 0.0102836 0.0113453 0.0121844 0.0127801 0.0131286 0.013242 0.0131407 0.0128449 0.0123695 0.0117266 0.0109349 0.0100278 0.00905386 0.00806584 0.00710476 0.00618995 0.00532249 0.00449942 0.00372751 0.00302618 0.00241826 0.00191684 0.00151791 0.00120308 0.000949014 0.000736818 0.000556617 0.000406717 0.000289955 0.000210164 
0 0.000240898 0.000498536 0.000786505 0.00111469 0.00149258 0.00193526 0.00246839 0.00312748 0.00394939 0.00495901 0.00615933 0.00753197 0.00904872 0.0106854 0.0124273 0.014261 0.0161602 0.0180755 0.0199374 0.0216678 0.0231927 0.0244487 0.0253832 0.0259507 0.0261111 0.0258319 0.0250933 0.0238925 0.0222464 0.0201898 0.0177729 0.0150567 0.0121097 0.00900408 0.00581385 0.00261215 -0.000531149 -0.00355191 -0.00639395 -0.00901077 -0.0113666 -0.0134365 -0.0152062 -0.0166714 -0.017836 -0.0187115 -0.0193155 -0.0196699 -0.0198 -0.0197331 -0.0194971 -0.0191198 -0.0186278 -0.018046 -0.0173971 -0.0167014 -0.0159765 -0.0152378 -0.0144981 -0.0137678 -0.0130554 -0.0123676 -0.0117093 -0.0110839 -0.0104938 -0.00994008 -0.00942308 -0.00894241 -0.00849713 -0.00808588 -0.00770703 -0.00735875 -0.00703913 -0.0067462 -0.00647806 -0.00623282 -0.00600871 -0.00580405 -0.00561729 -0.00544699 -0.00529181 -0.00515055 -0.00502212 -0.0049055 -0.00479981 -0.00470422 -0.004618 -0.0045405 -0.00447114 -0.0044094 -0.00435482 -0.00430699 -0.00426557 -0.00423026 -0.00420079 -0.00417696 -0.00415861 -0.00414559 -0.00413781 -0.00413522 -0.00413781 -0.00414559 -0.00415861 -0.00417696 -0.00420079 -0.00423026 -0.00426557 -0.00430699 -0.00435482 -0.0044094 -0.00447114 -0.0045405 -0.004618 -0.00470422 -0.00479981 -0.0049055 -0.00502212 -0.00515055 -0.00529181 -0.00544699 -0.00561729 -0.00580405 -0.00600871 -0.00623282 -0.00647806 -0.0067462 -0.00703913 -0.00735875 -0.00770703 -0.00808588 -0.00849713 -0.00894241 -0.00942308 -0.00994008 -0.0104938 -0.0110839 -0.0117093 -0.0123676 -0.0130554 -0.0137678 -0.0144981 -0.0152378 -0.0159765 -0.0167014 -0.0173971 -0.018046 -0.0186278 -0.0191198 -0.0194971 -0.0197331 -0.0198 -0.0196699 -0.0193155 -0.0187115 -0.017836 -0.0166714 -0.0152062 -0.0134365 -0.0113666 -0.00901077 -0.00639395 -0.00355191 -0.000531149 0.00261215 0.00581385 0.00900408 0.0121097 0.0150567 0.0177729 0.0201898 0.0222464 0.0238925 0.0250933 0.0258319 0.0261111 0.0259507 0.0253832 0.0244487 0.0231927 0.0216678 0.0199374 0.0180755 0.0161602 0.014261 0.0124273 0.0106854 0.00904872 0.00753198 0.00615934 0.00495906 0.00394959 0.00312814 0.0024703 0.00194032 0.00150494 0.00114277 0.000846046 0.000616621 0.000460276 
0 0.000382931 0.000786505 0.00123001 0.00173259 0.00231727 0.00301539 0.00386692 0.00491422 0.0061915 0.00771612 0.00948784 0.0114956 0.0137247 0.016156 0.0187583 0.0214804 0.0242517 0.0269916 0.0296181 0.0320498 0.0342011 0.0359802 0.0372928 0.0380544 0.0382019 0.0377011 0.0365453 0.03475 0.0323466 0.0293796 0.0259082 0.0220076 0.0177697 0.0132996 0.00870922 0.00410864 -0.000400467 -0.00472976 -0.00880598 -0.0125706 -0.0159786 -0.0189969 -0.0216036 -0.0237881 -0.0255506 -0.0269023 -0.0278643 -0.0284659 -0.0287426 -0.0287336 -0.0284792 -0.0280192 -0.0273912 -0.0266294 -0.0257648 -0.0248249 -0.0238335 -0.0228117 -0.0217775 -0.0207463 -0.0197311 -0.0187427 -0.0177897 -0.0168784 -0.0160137 -0.0151983 -0.0144338 -0.0137203 -0.0130572 -0.0124427 -0.0118749 -0.0113513 -0.0108691 -0.0104257 -0.0100184 -0.0096444 -0.00930134 -0.00898685 -0.00869874 -0.00843503 -0.00819388 -0.00797361 -0.00777269 -0.00758973 -0.00742347 -0.00727275 -0.00713654 -0.00701389 -0.00690396 -0.00680597 -0.00671926 -0.00664322 -0.00657732 -0.0065211 -0.00647418 -0.00643622 -0.00640697 -0.00638622 -0.00637383 -0.00636971 -0.00637383 -0.00638622 -0.00640697 -0.00643622 -0.00647418 -0.0065211 -0.00657732 -0.00664322 -0.00671926 -0.00680597 -0.00690396 -0.00701389 -0.00713654 -0.00727275 -0.00742347 -0.00758973 -0.00777269 -0.00797361 -0.00819388 -0.00843503 -0.00869874 -0.00898685 -0.00930134 -0.0096444 -0.0100184 -0.0104257 -0.0108691 -0.0113513 -0.0118749 -0.0124427 -0.0130572 -0.0137203 -0.0144338 -0.0151983 -0.0160137 -0.0168784 -0.0177897 -0.0187427 -0.0197311 -0.0207463 -0.0217775 -0.0228117 -0.0238335 -0.0248249 -0.0257648 -0.0266294 -0.0273912 -0.0280192 -0.0284792 -0.0287336 -0.0287426 -0.0284659 -0.0278643 -0.0269023 -0.0255506 -0.0237881 -0.0216036 -0.0189969 -0.0159786 -0.0125706 -0.00880598 -0.00472976 -0.000400467 0.00410864 0.00870922 0.0132996 0.0177697 0.0220076 0.0259082 0.0293796 0.0323466 0.03475 0.0365453 0.0377011 0.0382019 0.0380544 0.0372928 0.0359802 0.0342011 0.0320498 0.0296181 0.0269916 0.0242517 0.0214804 0.0187583 0.016156 0.0137247 0.0114956 0.00948789 0.00771632 0.00619214 0.00491608 0.00387188 0.00302764 0.00234541 0.00179299 0.00135144 0.00101543 0.000788365 
0 0.000545867 0.00111469 0.00173259 0.00243234 0.00325584 0.0042522 0.00547006 0.00694718 0.00870414 0.0107477 0.0130805 0.0157069 0.0186259 0.0218136 0.0252103 0.0287252 0.0322546 0.0356996 0.0389691 0.0419698 0.044596 0.046731 0.0482592 0.0490833 0.0491357 0.0483824 0.0468189 0.0444648 0.0413601 0.0375645 0.0331579 0.0282394 0.022924 0.0173372 0.0116076 0.00586105 0.000214788 -0.0052257 -0.0103691 -0.0151398 -0.0194783 -0.0233415 -0.0267028 -0.0295507 -0.0318879 -0.0337291 -0.035099 -0.0360302 -0.0365606 -0.0367319 -0.0365877 -0.0361719 -0.0355278 -0.0346967 -0.0337176 -0.0326262 -0.0314547 -0.0302315 -0.028981 -0.0277239 -0.0264772 -0.0252548 -0.0240673 -0.0229229 -0.0218277 -0.0207855 -0.019799 -0.0188693 -0.0179968 -0.0171807 -0.0164199 -0.0157127 -0.0150569 -0.0144502 -0.0138901 -0.0133739 -0.0128991 -0.012463 -0.012063 -0.0116967 -0.0113616 -0.0110556 -0.0107765 -0.0105225 -0.0102917 -0.0100825 -0.00989342 -0.00972317 -0.00957054 -0.00943444 -0.00931394 -0.00920821 -0.00911652 -0.00903825 -0.00897289 -0.00891999 -0.0088792 -0.00885025 -0.00883296 -0.00882721 -0.00883296 -0.00885025 -0.0088792 -0.00891999 -0.00897289 -0.00903825 -0.00911652 -0.00920821 -0.00931394 -0.00943444 -0.00957054 -0.00972317 -0.00989342 -0.0100825 -0.0102917 -0.0105225 -0.0107765 -0.0110556 -0.0113616 -0.0116967 -0.012063 -0.012463 -0.0128991 -0.0133739 -0.0138901 -0.0144502 -0.0150569 -0.0157127 -0.0164199 -0.0171807 -0.0179968 -0.0188693 -0.019799 -0.0207855 -0.0218277 -0.0229229 -0.0240673 -0.0252548 -0.0264772 -0.0277239 -0.028981 -0.0302315 -0.0314547 -0.0326262 -0.0337176 -0.0346967 -0.0355278 -0.0361719 -0.0365877 -0.0367319 -0.0365606 -0.0360302 -0.035099 -0.0337291 -0.0318879 -0.0295507 -0.0267028 -0.0233415 -0.0194783 -0.0151398 -0.0103691 -0.0052257 0.000214788 0.00586105 0.0116076 0.0173372 0.022924 0.0282394 0.0331579 0.0375645 0.0413601 0.0444648 0.0468189 0.0483824 0.0491357 0.0490833 0.0482592 0.046731 0.044596 0.0419698 0.0389691 0.0356996 0.0322546 0.0287252 0.0252103 0.0218136 0.0186259 0.015707 0.0130806 0.0107483 0.00870592 0.00695192 0.00548185 0.00427948 0.00331485 0.00255189 0.00195986 0.00152075 0.00122902 
0 0.000732303 0.00149258 0.00231727 0.00325584 0.00436825 0.00571453 0.00734142 0.00927455 0.0115231 0.0140933 0.0169975 0.0202472 0.0238324 0.027704 0.031775 0.0359384 0.0400848 0.0441047 0.0478822 0.0512904 0.0541976 0.0564803 0.0580335 0.0587747 0.0586438 0.057602 0.055636 0.0527623 0.0490307 0.0445229 0.0393456 0.0336211 0.0274797 0.0210528 0.0144711 0.0078621 0.00134919 -0.00495172 -0.0109361 -0.016515 -0.0216184 -0.0261971 -0.0302215 -0.0336801 -0.0365766 -0.038926 -0.0407525 -0.0420869 -0.0429652 -0.0434273 -0.043516 -0.0432761 -0.0427532 -0.0419926 -0.0410379 -0.03993 -0.0387066 -0.0374012 -0.0360429 -0.0346568 -0.0332635 -0.0318803 -0.0305209 -0.0291962 -0.0279145 -0.0266824 -0.0255045 -0.0243839 -0.0233227 -0.0223217 -0.021381 -0.0205 -0.0196774 -0.0189114 -0.0182 -0.0175408 -0.0169312 -0.0163686 -0.0158503 -0.0153737 -0.014936 -0.0145349 -0.0141679 -0.0138328 -0.0135275 -0.0132501 -0.0129988 -0.012772 -0.0125683 -0.0123864 -0.012225 -0.0120833 -0.0119603 -0.0118551 -0.0117672 -0.0116961 -0.0116411 -0.0116022 -0.0115789 -0.0115711 -0.0115789 -0.0116022 -0.0116411 -0.0116961 -0.0117672 -0.0118551 -0.0119603 -0.0120833 -0.012225 -0.0123864 -0.0125683 -0.012772 -0.0129988 -0.0132501 -0.0135275 -0.0138328 -0.0141679 -0.0145349 -0.014936 -0.0153737 -0.0158503 -0.0163686 -0.0169312 -0.0175408 -0.0182 -0.0189114 -0.0196774 -0.0205 -0.021381 -0.0223217 -0.0233227 -0.0243839 -0.0255045 -0.0266824 -0.0279145 -0.0291962 -0.0305209 -0.0318803 -0.0332635 -0.0346568 -0.0360429 -0.0374012 -0.0387066 -0.03993 -0.0410379 -0.0419926 -0.0427532 -0.0432761 -0.043516 -0.0434273 -0.0429652 -0.0420869 -0.0407525 -0.038926 -0.0365766 -0.0336801 -0.0302215 -0.0261971 -0.0216184 -0.016515 -0.0109361 -0.00495172 0.00134919 0.0078621 0.0144711 0.0210528 0.0274797 0.0336211 0.0393456 0.0445229 0.0490307 0.0527623 0.055636 0.057602 0.0586438 0.0587747 0.0580335 0.0564803 0.0541976 0.0512904 0.0478822 0.0441047 0.0400848 0.0359384 0.031775 0.027704 0.0238325 0.0202474 0.0169981 0.014095 0.0115276 0.00928574 0.00736746 0.00577127 0.00448402 0.00347752 0.00271612 0.00216826 0.0018132 
0 0.000947261 0.00193526 0.00301539 0.0042522 0.00571453 0.00746034 0.00952588 0.0119283 0.0146793 0.0177954 0.0212917 0.0251619 0.0293614 0.0338114 0.0384171 0.0430796 0.0476906 0.05212 0.056216 0.0598231 0.0628027 0.065044 0.0664614 0.0669865 0.0665652 0.0651623 0.0627708 0.0594195 0.0551731 0.0501265 0.0443952 0.0381064 0.0313932 0.0243901 0.0172315 0.0100487 0.00296688 -0.00389873 -0.0104464 -0.0165905 -0.0222629 -0.0274128 -0.0320065 -0.0360253 -0.0394645 -0.0423318 -0.0446452 -0.0464316 -0.0477252 -0.0485651 -0.0489942 -0.0490569 -0.048798 -0.0482617 -0.0474904 -0.046524 -0.0454001 -0.0441529 -0.0428139 -0.0414109 -0.0399689 -0.0385095 -0.0370512 -0.0356098 -0.0341979 -0.0328257 -0.0315012 -0.0302302 -0.0290166 -0.0278631 -0.0267709 -0.0257403 -0.0247707 -0.023861 -0.0230096 -0.0222146 -0.0214739 -0.0207851 -0.0201459 -0.0195539 -0.0190068 -0.0185022 -0.0180379 -0.0176117 -0.0172217 -0.0168657 -0.0165421 -0.0162491 -0.0159852 -0.0157489 -0.015539 -0.0153542 -0.0151936 -0.0150562 -0.0149413 -0.0148481 -0.0147762 -0.0147252 -0.0146946 -0.0146845 -0.0146946 -0.0147252 -0.0147762 -0.0148481 -0.0149413 -0.0150562 -0.0151936 -0.0153542 -0.015539 -0.0157489 -0.0159852 -0.0162491 -0.0165421 -0.0168657 -0.0172217 -0.0176117 -0.0180379 -0.0185022 -0.0190068 -0.0195539 -0.0201459 -0.0207851 -0.0214739 -0.0222146 -0.0230096 -0.023861 -0.0247707 -0.0257403 -0.0267709 -0.0278631 -0.0290166 -0.0302302 -0.0315012 -0.0328257 -0.0341979 -0.0356098 -0.0370512 -0.0385095 -0.0399689 -0.0414109 -0.0428139 -0.0441529 -0.0454001 -0.046524 -0.0474904 -0.0482617 -0.048798 -0.0490569 -0.0489942 -0.0485651 -0.0477252 -0.0464316 -0.0446452 -0.0423318 -0.0394645 -0.0360253 -0.0320065 -0.0274128 -0.0222629 -0.0165905 -0.0104464 -0.00389873 0.00296688 0.0100487 0.0172315 0.0243901 0.0313932 0.0381064 0.0443952 0.0501265 0.0551731 0.0594195 0.0627708 0.0651623 0.0665652 0.0669865 0.0664614 0.065044 0.0628027 0.0598231 0.056216 0.05212 0.0476906 0.0430796 0.0384171 0.0338114 0.0293615 0.0251624 0.0212932 0.0177995 0.0146898 0.0119528 0.00957972 0.00757106 0.00592813 0.00463933 0.00367583 0.00299869 0.0025705 
0 0.00120246 0.00246839 0.00386692 0.00547006 0.00734142 0.00952588 0.0120508 0.014938 0.0182133 0.0218981 0.0259877 0.0304357 0.0351624 0.0400781 0.0450952 0.0501165 0.0550151 0.0596341 0.0638082 0.0673883 0.0702513 0.0722965 0.0734411 0.0736206 0.0727952 0.0709561 0.0681273 0.0643606 0.0597302 0.0543274 0.0482584 0.041643 0.0346122 0.0273036 0.019854 0.0123935 0.00503961 -0.00210481 -0.00895177 -0.0154269 -0.0214683 -0.0270256 -0.03206 -0.0365454 -0.0404682 -0.0438277 -0.0466347 -0.0489103 -0.0506833 -0.0519881 -0.0528623 -0.0533453 -0.053477 -0.0532968 -0.0528431 -0.0521534 -0.0512636 -0.0502079 -0.0490185 -0.0477255 -0.0463565 -0.0449361 -0.0434865 -0.0420266 -0.0405727 -0.0391383 -0.0377344 -0.0363698 -0.0350511 -0.0337836 -0.0325706 -0.0314145 -0.0303166 -0.0292775 -0.0282969 -0.0273742 -0.0265082 -0.0256975 -0.0249405 -0.0242354 -0.0235801 -0.0229728 -0.0224114 -0.0218939 -0.0214184 -0.0209829 -0.0205857 -0.0202249 -0.019899 -0.0196066 -0.0193461 -0.0191164 -0.0189164 -0.018745 -0.0186014 -0.018485 -0.018395 -0.018331 -0.0182928 -0.0182801 -0.0182928 -0.018331 -0.018395 -0.018485 -0.0186014 -0.018745 -0.0189164 -0.0191164 -0.0193461 -0.0196066 -0.019899 -0.0202249 -0.0205857 -0.0209829 -0.0214184 -0.0218939 -0.0224114 -0.0229728 -0.0235801 -0.0242354 -0.0249405 -0.0256975 -0.0265082 -0.0273742 -0.0282969 -0.0292775 -0.0303166 -0.0314145 -0.0325706 -0.0337836 -0.0350511 -0.0363698 -0.0377344 -0.0391383 -0.0405727 -0.0420266 -0.0434865 -0.0449361 -0.0463565 -0.0477255 -0.0490185 -0.0502079 -0.0512636 -0.0521534 -0.0528431 -0.0532968 -0.053477 -0.0533453 -0.0528623 -0.0519881 -0.0506833 -0.0489103 -0.0466347 -0.0438277 -0.0404682 -0.0365454 -0.03206 -0.0270256 -0.0214683 -0.0154269 -0.00895177 -0.00210481 0.00503961 0.0123935 0.019854 0.0273036 0.0346122 0.041643 0.0482584 0.0543274 0.0597302 0.0643606 0.0681273 0.0709561 0.0727952 0.0736206 0.0734411 0.0722965 0.0702513 0.0673883 0.0638082 0.0596341 0.0550151 0.0501165 0.0450953 0.0400782 0.0351629 0.0304371 0.0259915 0.0219077 0.0182361 0.0149885 0.0121554 0.00972932 0.00771314 0.00610911 0.00490333 0.00406071 0.00353449 
0 0.00151771 0.00312748 0.00491422 0.00694718 0.00927455 0.0119283 0.014938 0.01834 0.0221669 0.0264219 0.031061 0.0360029 0.0411571 0.0464384 0.0517522 0.0569731 0.0619463 0.066513 0.0705329 0.0738843 0.0764561 0.0781466 0.0788747 0.0785923 0.077291 0.0749976 0.0717635 0.0676546 0.0627477 0.0571313 0.0509074 0.0441911 0.0371064 0.0297791 0.0223306 0.0148733 0.00750791 0.000323835 -0.00660047 -0.013197 -0.0194082 -0.025187 -0.0304973 -0.035314 -0.0396222 -0.0434165 -0.0466999 -0.0494826 -0.0517809 -0.0536162 -0.0550146 -0.0560054 -0.0566211 -0.0568959 -0.0568648 -0.0565633 -0.0560262 -0.0552869 -0.0543772 -0.0533266 -0.0521625 -0.0509099 -0.0495914 -0.0482274 -0.0468358 -0.0454328 -0.0440321 -0.042646 -0.0412845 -0.0399563 -0.0386682 -0.0374257 -0.036233 -0.0350932 -0.0340082 -0.0329793 -0.0320067 -0.0310904 -0.0302297 -0.0294234 -0.0286704 -0.027969 -0.0273177 -0.0267147 -0.0261583 -0.0256467 -0.0251783 -0.0247515 -0.0243646 -0.0240164 -0.0237054 -0.0234305 -0.0231905 -0.0229844 -0.0228115 -0.022671 -0.0225624 -0.0224851 -0.0224388 -0.0224235 -0.0224388 -0.0224851 -0.0225624 -0.022671 -0.0228115 -0.0229844 -0.0231905 -0.0234305 -0.0237054 -0.0240164 -0.0243646 -0.0247515 -0.0251783 -0.0256467 -0.0261583 -0.0267147 -0.0273177 -0.027969 -0.0286704 -0.0294234 -0.0302297 -0.0310904 -0.0320067 -0.0329793 -0.0340082 -0.0350932 -0.036233 -0.0374257 -0.0386682 -0.0399563 -0.0412845 -0.042646 -0.0440321 -0.0454328 -0.0468358 -0.0482274 -0.0495914 -0.0509099 -0.0521625 -0.0533266 -0.0543772 -0.0552869 -0.0560262 -0.0565633 -0.0568648 -0.0568959 -0.0566211 -0.0560054 -0.0550146 -0.0536162 -0.0517809 -0.0494826 -0.0466999 -0.0434165 -0.0396222 -0.035314 -0.0304973 -0.025187 -0.0194082 -0.013197 -0.00660047 0.000323835 0.00750791 0.0148733 0.0223306 0.0297791 0.0371064 0.0441911 0.0509074 0.0571313 0.0627477 0.0676546 0.0717635 0.0749976 0.077291 0.0785923 0.0788747 0.0781466 0.0764561 0.0738843 0.0705329 0.0665131 0.0619463 0.0569731 0.0517523 0.0464388 0.0411583 0.0360063 0.0310698 0.0264428 0.0222135 0.0184376 0.0151296 0.0122814 0.00988676 0.00794807 0.00646328 0.00541075 0.00474968 
0 0.00191679 0.00394939 0.0061915 0.00870414 0.0115231 0.0146793 0.0182133 0.0221669 0.0265541 0.0313391 0.0364451 0.0417844 0.047273 0.0528148 0.0582781 0.0635032 0.0683353 0.0726462 0.076326 0.0792662 0.0813612 0.082525 0.0827065 0.0818937 0.0801075 0.0773918 0.0738056 0.0694219 0.064328 0.058623 0.0524131 0.0458058 0.0389044 0.0318064 0.0246042 0.0173854 0.0102336 0.00322669 -0.00356476 -0.0100803 -0.0162704 -0.0220965 -0.0275294 -0.0325477 -0.0371359 -0.0412832 -0.0449835 -0.048235 -0.0510412 -0.0534109 -0.0553583 -0.0569027 -0.0580675 -0.0588791 -0.0593663 -0.0595586 -0.0594861 -0.0591781 -0.0586632 -0.0579691 -0.0571218 -0.056146 -0.055065 -0.0539004 -0.0526722 -0.0513986 -0.0500963 -0.0487799 -0.0474625 -0.0461554 -0.0448682 -0.0436091 -0.0423848 -0.0412005 -0.0400605 -0.0389679 -0.037925 -0.0369334 -0.0359938 -0.0351066 -0.0342718 -0.0334889 -0.0327571 -0.0320756 -0.0314434 -0.0308592 -0.0303219 -0.0298303 -0.0293831 -0.0289792 -0.0286174 -0.0282967 -0.0280162 -0.0277748 -0.027572 -0.027407 -0.0272792 -0.0271882 -0.0271338 -0.0271157 -0.0271338 -0.0271882 -0.0272792 -0.027407 -0.027572 -0.0277748 -0.0280162 -0.0282967 -0.0286174 -0.0289792 -0.0293831 -0.0298303 -0.0303219 -0.0308592 -0.0314434 -0.0320756 -0.0327571 -0.0334889 -0.0342718 -0.0351066 -0.0359938 -0.0369334 -0.037925 -0.0389679 -0.0400605 -0.0412005 -0.0423848 -0.0436091 -0.0448682 -0.0461554 -0.0474625 -0.0487799 -0.0500963 -0.0513986 -0.0526722 -0.0539004 -0.055065 -0.056146 -0.0571218 -0.0579691 -0.0586632 -0.0591781 -0.0594861 -0.0595586 -0.0593663 -0.0588791 -0.0580675 -0.0569027 -0.0553583 -0.0534109 -0.0510412 -0.048235 -0.0449835 -0.0412832 -0.0371359 -0.0325477 -0.0275294 -0.0220965 -0.0162704 -0.0100803 -0.00356476 0.00322669 0.0102336 0.0173854 0.0246042 0.0318064 0.0389044 0.0458058 0.0524131 0.058623 0.064328 0.0694219 0.0738056 0.0773918 0.0801075 0.0818937 0.0827065 0.082525 0.0813612 0.0792662 0.076326 0.0726462 0.0683353 0.0635033 0.0582785 0.0528159 0.0472761 0.0417922 0.036464 0.0313817 0.026644 0.0223451 0.018545 0.0152599 0.0124808 0.0101985 0.0084102 0.0071091 0.00627662 
0 0.00241825 0.00495901 0.00771612 0.0107477 0.0140933 0.0177954 0.0218981 0.0264219 0.0313391 0.03658 0.0420635 0.0477118 0.0534311 0.0590851 0.0645066 0.0695385 0.0740571 0.0779577 0.0811335 0.083482 0.0849279 0.0854339 0.0849951 0.0836291 0.0813692 0.0782639 0.0743802 0.0698055 0.0646407 0.0589898 0.0529515 0.0466149 0.0400591 0.0333573 0.0265789 0.0197909 0.0130564 0.00643361 -2.65821e-05 -0.00628011 -0.0122895 -0.0180228 -0.0234523 -0.0285539 -0.0333076 -0.0376968 -0.0417095 -0.0453383 -0.0485801 -0.0514362 -0.0539116 -0.0560149 -0.0577579 -0.0591551 -0.0602237 -0.0609834 -0.0614555 -0.0616633 -0.061631 -0.0613836 -0.060946 -0.0603429 -0.059598 -0.0587338 -0.0577716 -0.0567309 -0.0556294 -0.0544835 -0.0533075 -0.0521145 -0.0509159 -0.0497216 -0.0485405 -0.04738 -0.0462466 -0.0451456 -0.0440817 -0.0430582 -0.0420782 -0.0411438 -0.0402567 -0.0394179 -0.0386281 -0.0378876 -0.0371964 -0.0365542 -0.0359606 -0.035415 -0.0349167 -0.034465 -0.0340592 -0.0336984 -0.0333821 -0.0331094 -0.0328797 -0.0326926 -0.0325476 -0.0324443 -0.0323824 -0.0323618 -0.0323824 -0.0324443 -0.0325476 -0.0326926 -0.0328797 -0.0331094 -0.0333821 -0.0336984 -0.0340592 -0.034465 -0.0349167 -0.035415 -0.0359606 -0.0365542 -0.0371964 -0.0378876 -0.0386281 -0.0394179 -0.0402567 -0.0411438 -0.0420782 -0.0430582 -0.0440817 -0.0451456 -0.0462466 -0.04738 -0.0485405 -0.0497216 -0.0509159 -0.0521145 -0.0533075 -0.0544835 -0.0556294 -0.0567309 -0.0577716 -0.0587338 -0.059598 -0.0603429 -0.060946 -0.0613836 -0.061631 -0.0616633 -0.0614555 -0.0609834 -0.0602237 -0.0591551 -0.0577579 -0.0560149 -0.0539116 -0.0514362 -0.0485801 -0.0453383 -0.0417095 -0.0376968 -0.0333076 -0.0285539 -0.0234523 -0.0180228 -0.0122895 -0.00628011 -2.65821e-05 0.00643361 0.0130564 0.0197909 0.0265789 0.0333573 0.0400591 0.0466149 0.0529515 0.0589898 0.0646407 0.0698055 0.0743802 0.0782639 0.0813692 0.0836291 0.0849951 0.0854339 0.0849279 0.083482 0.0811335 0.0779577 0.0740572 0.0695388 0.0645076 0.0590877 0.053438 0.0477287 0.0421018 0.0366619 0.031503 0.0267301 0.022443 0.018703 0.0155226 0.0128871 0.0107838 0.00921495 0.00819105 
0 0.00302618 0.00615933 0.00948784 0.0130805 0.0169975 0.0212917 0.0259877 0.031061 0.0364451 0.0420635 0.0478457 0.0537051 0.0595073 0.0650825 0.0702716 0.0749526 0.0790198 0.0823602 0.0848694 0.0864827 0.0871818 0.086976 0.0858887 0.083955 0.0812241 0.0777638 0.0736609 0.0690117 0.0639109 0.0584463 0.052698 0.0467382 0.040633 0.0344429 0.0282201 0.0220081 0.0158428 0.00975408 0.0037691 -0.00208487 -0.00777998 -0.0132877 -0.0185801 -0.0236319 -0.0284211 -0.0329294 -0.0371427 -0.0410495 -0.0446411 -0.0479111 -0.0508548 -0.0534702 -0.0557579 -0.0577215 -0.0593683 -0.0607087 -0.0617564 -0.0625278 -0.0630413 -0.063317 -0.0633759 -0.0632394 -0.0629286 -0.0624646 -0.0618674 -0.0611564 -0.0603497 -0.0594646 -0.0585168 -0.057521 -0.0564908 -0.0554383 -0.0543745 -0.0533092 -0.052251 -0.0512075 -0.0501851 -0.0491894 -0.0482251 -0.0472961 -0.0464057 -0.0455562 -0.0447498 -0.0439879 -0.0432717 -0.0426019 -0.0419791 -0.0414035 -0.0408751 -0.0403939 -0.0399598 -0.0395724 -0.0392316 -0.038937 -0.0386883 -0.0384853 -0.0383276 -0.0382152 -0.0381478 -0.0381253 -0.0381478 -0.0382152 -0.0383276 -0.0384853 -0.0386883 -0.038937 -0.0392316 -0.0395724 -0.0399598 -0.0403939 -0.0408751 -0.0414035 -0.0419791 -0.0426019 -0.0432717 -0.0439879 -0.0447498 -0.0455562 -0.0464057 -0.0472961 -0.0482251 -0.0491894 -0.0501851 -0.0512075 -0.052251 -0.0533092 -0.0543745 -0.0554383 -0.0564908 -0.057521 -0.0585168 -0.0594646 -0.0603497 -0.0611564 -0.0618674 -0.0624646 -0.0629286 -0.0632394 -0.0633759 -0.063317 -0.0630413 -0.0625278 -0.0617564 -0.0607087 -0.0593683 -0.0577215 -0.0557579 -0.0534702 -0.0508548 -0.0479111 -0.0446411 -0.0410495 -0.0371427 -0.0329294 -0.0284211 -0.0236319 -0.0185801 -0.0132877 -0.00777998 -0.00208487 0.0037691 0.00975408 0.0158428 0.0220081 0.0282201 0.0344429 0.040633 0.0467382 0.052698 0.0584463 0.0639109 0.0690117 0.0736609 0.0777638 0.0812241 0.083955 0.0858887 0.086976 0.0871818 0.0864827 0.0848694 0.0823603 0.0790201 0.0749535 0.0702739 0.0650885 0.0595222 0.0537392 0.0479193 0.0422124 0.0367283 0.0315671 0.0268397 0.0226468 0.0190441 0.0160376 0.0136156 0.011784 0.0105757 
0 0.00372751 0.00753197 0.0114956 0.0157069 0.0202472 0.0251619 0.0304357 0.0360029 0.0417844 0.0477118 0.0537051 0.059636 0.0653367 0.0706499 0.0754575 0.0796539 0.0831193 0.0857435 0.0874678 0.0882863 0.0882166 0.0872861 0.085539 0.0830398 0.0798712 0.0761275 0.071904 0.0672851 0.0623462 0.0571578 0.0517862 0.0462926 0.0407309 0.0351425 0.0295564 0.023992 0.0184624 0.012979 0.00755493 0.0022053 -0.00305275 -0.00820037 -0.0132186 -0.0180882 -0.0227896 -0.0273036 -0.031611 -0.035693 -0.0395326 -0.0431145 -0.0464264 -0.0494592 -0.0522069 -0.0546673 -0.056841 -0.0587316 -0.060345 -0.0616897 -0.0627762 -0.0636167 -0.0642252 -0.0646171 -0.0648089 -0.064818 -0.0646624 -0.0643602 -0.0639293 -0.0633873 -0.062751 -0.0620363 -0.0612582 -0.0604304 -0.0595657 -0.0586754 -0.0577697 -0.056858 -0.0559483 -0.0550479 -0.0541628 -0.0532986 -0.05246 -0.051651 -0.050875 -0.0501348 -0.0494329 -0.0487712 -0.0481513 -0.0475744 -0.0470418 -0.046554 -0.0461117 -0.0457154 -0.0453653 -0.0450616 -0.0448046 -0.0445942 -0.0444306 -0.0443137 -0.0442436 -0.0442202 -0.0442436 -0.0443137 -0.0444306 -0.0445942 -0.0448046 -0.0450616 -0.0453653 -0.0457154 -0.0461117 -0.046554 -0.0470418 -0.0475744 -0.0481513 -0.0487712 -0.0494329 -0.0501348 -0.050875 -0.051651 -0.05246 -0.0532986 -0.0541628 -0.0550479 -0.0559483 -0.056858 -0.0577697 -0.0586754 -0.0595657 -0.0604304 -0.0612582 -0.0620363 -0.062751 -0.0633873 -0.0639293 -0.0643602 -0.0646624 -0.064818 -0.0648089 -0.0646171 -0.0642252 -0.0636167 -0.0627762 -0.0616897 -0.060345 -0.0587316 -0.056841 -0.0546673 -0.0522069 -0.0494592 -0.0464264 -0.0431145 -0.0395326 -0.035693 -0.031611 -0.0273036 -0.0227896 -0.0180882 -0.0132186 -0.00820037 -0.00305275 0.0022053 0.00755493 0.012979 0.0184624 0.023992 0.0295564 0.0351425 0.0407309 0.0462926 0.0517862 0.0571578 0.0623462 0.0672851 0.071904 0.0761275 0.0798712 0.0830398 0.085539 0.0872861 0.0882166 0.0882863 0.0874679 0.0857438 0.08312 0.0796559 0.0754627 0.0706628 0.0653666 0.0597013 0.0538387 0.0479689 0.0422494 0.0367947 0.0317089 0.0271037 0.0230771 0.0196838 0.0169426 0.014871 0.0135077 
0 0.00449942 0.00904872 0.0137247 0.0186259 0.0238324 0.0293614 0.0351624 0.0411571 0.047273 0.0534311 0.0595073 0.0653367 0.0707643 0.0756773 0.0799748 0.0835346 0.0862433 0.0880468 0.0889482 0.0889662 0.0881248 0.0864748 0.0840994 0.0810992 0.0775802 0.0736434 0.0693744 0.0648464 0.0601294 0.0552865 0.0503695 0.0454196 0.0404641 0.0355178 0.0305899 0.0256861 0.0208098 0.0159646 0.0111533 0.00637682 0.00163803 -0.00305857 -0.00770496 -0.0122876 -0.0167891 -0.0211885 -0.0254625 -0.0295886 -0.033545 -0.0373124 -0.0408745 -0.0442173 -0.0473297 -0.0502031 -0.0528308 -0.0552089 -0.0573354 -0.0592113 -0.0608397 -0.0622262 -0.0633791 -0.0643085 -0.0650264 -0.0655463 -0.0658826 -0.0660508 -0.0660663 -0.065945 -0.0657021 -0.0653528 -0.0649118 -0.0643928 -0.063809 -0.0631725 -0.062495 -0.0617869 -0.0610579 -0.0603167 -0.0595713 -0.0588288 -0.0580956 -0.0573773 -0.0566788 -0.0560046 -0.0553582 -0.054743 -0.0541616 -0.0536166 -0.0531097 -0.0526428 -0.0522171 -0.0518338 -0.0514939 -0.051198 -0.0509467 -0.0507406 -0.0505799 -0.050465 -0.050396 -0.050373 -0.050396 -0.050465 -0.0505799 -0.0507406 -0.0509467 -0.051198 -0.0514939 -0.0518338 -0.0522171 -0.0526428 -0.0531097 -0.0536166 -0.0541616 -0.054743 -0.0553582 -0.0560046 -0.0566788 -0.0573773 -0.0580956 -0.0588288 -0.0595713 -0.0603167 -0.0610579 -0.0617869 -0.062495 -0.0631725 -0.063809 -0.0643928 -0.0649118 -0.0653528 -0.0657021 -0.065945 -0.0660663 -0.0660508 -0.0658826 -0.0655463 -0.0650264 -0.0643085 -0.0633791 -0.0622262 -0.0608397 -0.0592113 -0.0573354 -0.0552089 -0.0528308 -0.0502031 -0.0473297 -0.0442173 -0.0408745 -0.0373124 -0.033545 -0.0295886 -0.0254625 -0.0211885 -0.0167891 -0.0122876 -0.00770496 -0.00305857 0.00163803 0.00637682 0.0111533 0.0159646 0.0208098 0.0256861 0.0305899 0.0355178 0.0404641 0.0454196 0.0503695 0.0552865 0.0601294 0.0648464 0.0693744 0.0736434 0.0775802 0.0810992 0.0840994 0.0864748 0.0881248 0.0889663 0.0889484 0.0880474 0.0862449 0.083539 0.0799858 0.0757032 0.0708214 0.0654551 0.0597381 0.0538536 0.0480014 0.042342 0.0369894 0.0320488 0.0276381 0.0238681 0.0208173 0.0185327 0.0170492 
0 0.00532249 0.0106854 0.016156 0.0218136 0.027704 0.0338114 0.0400781 0.0464384 0.0528148 0.0590851 0.0650825 0.0706499 0.0756773 0.0800705 0.0837108 0.0864847 0.0883441 0.0893013 0.0893757 0.0885857 0.0869868 0.0846787 0.081774 0.0783828 0.0746115 0.0705549 0.0662964 0.0619157 0.0574814 0.0530395 0.0486186 0.0442335 0.0398864 0.0355766 0.0313037 0.027063 0.0228482 0.0186516 0.0144618 0.0102694 0.00606907 0.00185875 -0.0023567 -0.00656745 -0.0107606 -0.0149191 -0.0190246 -0.023058 -0.0269982 -0.0308251 -0.034518 -0.038057 -0.0414244 -0.0446036 -0.0475816 -0.0503479 -0.0528951 -0.0552192 -0.0573187 -0.0591948 -0.0608511 -0.0622926 -0.0635267 -0.0645614 -0.0654067 -0.0660732 -0.0665721 -0.066916 -0.0671172 -0.067189 -0.0671442 -0.0669961 -0.0667574 -0.0664404 -0.0660573 -0.0656192 -0.065137 -0.0646203 -0.0640785 -0.0635199 -0.0629523 -0.0623824 -0.0618166 -0.0612604 -0.0607187 -0.0601959 -0.0596958 -0.0592219 -0.0587768 -0.0583634 -0.0579837 -0.0576396 -0.0573326 -0.0570642 -0.0568353 -0.056647 -0.0564997 -0.0563942 -0.0563307 -0.0563095 -0.0563307 -0.0563942 -0.0564997 -0.056647 -0.0568353 -0.0570642 -0.0573326 -0.0576396 -0.0579837 -0.0583634 -0.0587768 -0.0592219 -0.0596958 -0.0601959 -0.0607187 -0.0612604 -0.0618166 -0.0623824 -0.0629523 -0.0635199 -0.0640785 -0.0646203 -0.065137 -0.0656192 -0.0660573 -0.0664404 -0.0667574 -0.0669961 -0.0671442 -0.067189 -0.0671172 -0.066916 -0.0665721 -0.0660732 -0.0654067 -0.0645614 -0.0635267 -0.0622926 -0.0608511 -0.0591948 -0.0573187 -0.0552192 -0.0528951 -0.0503479 -0.0475816 -0.0446036 -0.0414244 -0.038057 -0.034518 -0.0308251 -0.0269982 -0.023058 -0.0190246 -0.0149191 -0.0107606 -0.00656745 -0.0023567 0.00185875 0.00606907 0.0102694 0.0144618 0.0186516 0.0228482 0.027063 0.0313037 0.0355766 0.0398864 0.0442335 0.0486186 0.0530395 0.0574814 0.0619157 0.0662964 0.0705549 0.0746115 0.0783828 0.081774 0.0846787 0.0869869 0.0885858 0.0893761 0.0893026 0.0883477 0.086494 0.0837329 0.0801199 0.075781 0.0708546 0.0654621 0.0597481 0.0539071 0.0481422 0.0426102 0.0374275 0.032717 0.0286275 0.0253003 0.0228278 0.0212454 
0 0.00618995 0.0124273 0.0187583 0.0252103 0.031775 0.0384171 0.0450952 0.0517522 0.0582781 0.0645066 0.0702716 0.0754575 0.0799748 0.0837108 0.0865545 0.0884628 0.0894584 0.0895651 0.0887986 0.08722 0.0849455 0.0820957 0.0787762 0.075095 0.0711587 0.0670627 0.0628966 0.0587373 0.0546309 0.0506009 0.046661 0.0428114 0.039045 0.0353541 0.0317227 0.0281289 0.0245531 0.0209742 0.0173749 0.0137457 0.0100794 0.00637348 0.00262963 -0.00115026 -0.00496029 -0.00879107 -0.0126313 -0.0164642 -0.0202705 -0.0240294 -0.0277174 -0.0313131 -0.0347952 -0.0381444 -0.0413449 -0.0443818 -0.0472443 -0.0499233 -0.0524118 -0.054706 -0.0568028 -0.0587024 -0.0604061 -0.0619173 -0.0632414 -0.0643845 -0.0653553 -0.0661624 -0.0668161 -0.067327 -0.067706 -0.067965 -0.0681148 -0.0681673 -0.0681332 -0.0680235 -0.0678485 -0.0676182 -0.0673419 -0.0670283 -0.0666859 -0.0663219 -0.0659439 -0.0655578 -0.0651701 -0.0647856 -0.0644095 -0.0640459 -0.0636988 -0.0633716 -0.0630673 -0.0627886 -0.0625376 -0.0623165 -0.0621266 -0.0619696 -0.0618463 -0.0617578 -0.0617043 -0.0616866 -0.0617043 -0.0617578 -0.0618463 -0.0619696 -0.0621266 -0.0623165 -0.0625376 -0.0627886 -0.0630673 -0.0633716 -0.0636988 -0.0640459 -0.0644095 -0.0647856 -0.0651701 -0.0655578 -0.0659439 -0.0663219 -0.0666859 -0.0670283 -0.0673419 -0.0676182 -0.0678485 -0.0680235 -0.0681332 -0.0681673 -0.0681148 -0.067965 -0.067706 -0.067327 -0.0668161 -0.0661624 -0.0653553 -0.0643845 -0.0632414 -0.0619173 -0.0604061 -0.0587024 -0.0568028 -0.054706 -0.0524118 -0.0499233 -0.0472443 -0.0443818 -0.0413449 -0.0381444 -0.0347952 -0.0313131 -0.0277174 -0.0240294 -0.0202705 -0.0164642 -0.0126313 -0.00879107 -0.00496029 -0.00115026 0.00262963 0.00637348 0.0100794 0.0137457 0.0173749 0.0209742 0.0245531 0.0281289 0.0317227 0.0353541 0.039045 0.0428114 0.046661 0.0506009 0.0546309 0.0587373 0.0628966 0.0670627 0.0711587 0.075095 0.0787762 0.0820957 0.0849456 0.0872204 0.0887997 0.0895681 0.0894661 0.0884814 0.0865966 0.0838004 0.080154 0.0757947 0.0708686 0.0655033 0.0598525 0.0541185 0.0485061 0.0431796 0.0382818 0.0339765 0.0304403 0.027807 0.0261308 
0 0.00710476 0.014261 0.0214804 0.0287252 0.0359384 0.0430796 0.0501165 0.0569731 0.0635032 0.0695385 0.0749526 0.0796539 0.0835346 0.0864847 0.0884628 0.089501 0.0896324 0.0888744 0.0872949 0.0850267 0.082199 0.0789107 0.0752705 0.0714002 0.0674046 0.0633748 0.0593907 0.0555003 0.0517274 0.0480935 0.0446075 0.041261 0.0380415 0.0349254 0.0318776 0.0288684 0.0258711 0.02286 0.0198199 0.0167377 0.0136004 0.0104019 0.00713622 0.00380024 0.000398567 -0.0030634 -0.00657473 -0.0101202 -0.0136854 -0.0172516 -0.0208005 -0.0243144 -0.0277731 -0.0311591 -0.0344539 -0.0376396 -0.0407014 -0.0436236 -0.0463951 -0.0490055 -0.0514473 -0.0537164 -0.0558091 -0.0577261 -0.0594683 -0.0610392 -0.0624435 -0.0636866 -0.064776 -0.0657185 -0.066523 -0.0671976 -0.0677517 -0.0681947 -0.0685355 -0.0687842 -0.0689494 -0.0690412 -0.0690677 -0.0690382 -0.0689607 -0.0688432 -0.0686931 -0.0685173 -0.0683226 -0.0681144 -0.067899 -0.0676806 -0.0674644 -0.067254 -0.0670536 -0.0668657 -0.0666939 -0.06654 -0.0664066 -0.0662949 -0.0662069 -0.066143 -0.0661046 -0.0660916 -0.0661046 -0.066143 -0.0662069 -0.0662949 -0.0664066 -0.06654 -0.0666939 -0.0668657 -0.0670536 -0.067254 -0.0674644 -0.0676806 -0.067899 -0.0681144 -0.0683226 -0.0685173 -0.0686931 -0.0688432 -0.0689607 -0.0690382 -0.0690677 -0.0690412 -0.0689494 -0.0687842 -0.0685355 -0.0681947 -0.0677517 -0.0671976 -0.066523 -0.0657185 -0.064776 -0.0636866 -0.0624435 -0.0610392 -0.0594683 -0.0577261 -0.0558091 -0.0537164 -0.0514473 -0.0490055 -0.0463951 -0.0436236 -0.0407014 -0.0376396 -0.0344539 -0.0311591 -0.0277731 -0.0243144 -0.0208005 -0.0172516 -0.0136854 -0.0101202 -0.00657473 -0.0030634 0.000398567 0.00380024 0.00713622 0.0104019 0.0136004 0.0167377 0.0198199 0.02286 0.0258711 0.0288684 0.0318776 0.0349254 0.0380415 0.041261 0.0446075 0.0480935 0.0517274 0.0555003 0.0593907 0.0633748 0.0674046 0.0714002 0.0752705 0.0789108 0.0821993 0.0850276 0.0872973 0.0888807 0.0896479 0.0895364 0.0885392 0.0866398 0.0838306 0.0801855 0.0758527 0.0709795 0.0656954 0.0601658 0.0546104 0.0492551 0.0442935 0.0399008 0.0362526 0.0335006 0.0317355 
0 0.00806584 0.0161602 0.0242517 0.0322546 0.0400848 0.0476906 0.0550151 0.0619463 0.0683353 0.0740571 0.0790198 0.0831193 0.0862433 0.0883441 0.0894584 0.0896324 0.0888906 0.0873065 0.0850283 0.0821963 0.0789057 0.0752674 0.0714224 0.0674852 0.0635392 0.0596627 0.0559088 0.0523022 0.0488711 0.045635 0.0425839 0.0397009 0.0369643 0.0343359 0.0317834 0.0292818 0.0267987 0.0243088 0.0217913 0.0192204 0.0165802 0.0138607 0.0110519 0.00815548 0.00517448 0.00211223 -0.00102059 -0.00421711 -0.00746728 -0.0107573 -0.014076 -0.0174062 -0.0207308 -0.0240332 -0.0272924 -0.0304923 -0.0336146 -0.036643 -0.0395648 -0.042366 -0.045038 -0.0475714 -0.0499601 -0.0522001 -0.0542873 -0.0562219 -0.0580027 -0.0596324 -0.0611136 -0.06245 -0.0636478 -0.0647115 -0.0656495 -0.0664676 -0.0671747 -0.067778 -0.0682859 -0.0687069 -0.0690485 -0.0693195 -0.0695267 -0.0696788 -0.0697817 -0.0698435 -0.0698695 -0.0698668 -0.0698401 -0.0697953 -0.0697369 -0.0696693 -0.0695966 -0.0695222 -0.0694494 -0.0693806 -0.0693188 -0.0692652 -0.0692222 -0.0691902 -0.069171 -0.0691643 -0.069171 -0.0691902 -0.0692222 -0.0692652 -0.0693188 -0.0693806 -0.0694494 -0.0695222 -0.0695966 -0.0696693 -0.0697369 -0.0697953 -0.0698401 -0.0698668 -0.0698695 -0.0698435 -0.0697817 -0.0696788 -0.0695267 -0.0693195 -0.0690485 -0.0687069 -0.0682859 -0.067778 -0.0671747 -0.0664676 -0.0656495 -0.0647115 -0.0636478 -0.06245 -0.0611136 -0.0596324 -0.0580027 -0.0562219 -0.0542873 -0.0522001 -0.0499601 -0.0475714 -0.045038 -0.042366 -0.0395648 -0.036643 -0.0336146 -0.0304923 -0.0272924 -0.0240332 -0.0207308 -0.0174062 -0.014076 -0.0107573 -0.00746728 -0.00421711 -0.00102059 0.00211223 0.00517448 0.00815548 0.0110519 0.0138607 0.0165802 0.0192204 0.0217913 0.0243088 0.0267987 0.0292818 0.0317834 0.0343359 0.0369643 0.0397009 0.0425839 0.045635 0.0488711 0.0523022 0.0559088 0.0596627 0.0635392 0.0674852 0.0714225 0.0752677 0.0789064 0.0821983 0.0850335 0.0873192 0.08892 0.0896967 0.0895908 0.0886006 0.0867111 0.0839234 0.0803256 0.0760698 0.0712999 0.0661566 0.060839 0.0556072 0.0507152 0.0463637 0.042713 0.0399102 0.0380852 
0 0.00905386 0.0180755 0.0269916 0.0356996 0.0441047 0.05212 0.0596341 0.066513 0.0726462 0.0779577 0.0823602 0.0857435 0.0880468 0.0893013 0.0895651 0.0888744 0.0873065 0.0850209 0.0821729 0.0788602 0.075197 0.0713439 0.0674274 0.0635199 0.0596963 0.0560223 0.0525254 0.0492319 0.0461678 0.0433196 0.0406626 0.0381828 0.035849 0.0336286 0.031503 0.0294384 0.0273985 0.0253597 0.0232894 0.0211627 0.018969 0.016692 0.0143251 0.0118683 0.00931447 0.00666697 0.00392918 0.00110235 -0.00180099 -0.00477311 -0.00780204 -0.0108708 -0.0139687 -0.0170777 -0.0201834 -0.0232724 -0.0263267 -0.0293351 -0.0322812 -0.0351522 -0.0379367 -0.0406205 -0.0431967 -0.0456539 -0.0479868 -0.0501901 -0.0522591 -0.0541941 -0.0559924 -0.0576574 -0.0591897 -0.0605936 -0.0618732 -0.0630327 -0.0640793 -0.0650166 -0.0658534 -0.0665939 -0.0672466 -0.0678168 -0.0683121 -0.0687386 -0.0691026 -0.069411 -0.0696687 -0.069883 -0.0700575 -0.0701992 -0.0703109 -0.0703991 -0.0704657 -0.0705165 -0.0705527 -0.070579 -0.0705964 -0.0706084 -0.0706153 -0.0706199 -0.0706217 -0.0706227 -0.0706217 -0.0706199 -0.0706153 -0.0706084 -0.0705964 -0.070579 -0.0705527 -0.0705165 -0.0704657 -0.0703991 -0.0703109 -0.0701992 -0.0700575 -0.069883 -0.0696687 -0.069411 -0.0691026 -0.0687386 -0.0683121 -0.0678168 -0.0672466 -0.0665939 -0.0658534 -0.0650166 -0.0640793 -0.0630327 -0.0618732 -0.0605936 -0.0591897 -0.0576574 -0.0559924 -0.0541941 -0.0522591 -0.0501901 -0.0479868 -0.0456539 -0.0431967 -0.0406205 -0.0379367 -0.0351522 -0.0322812 -0.0293351 -0.0263267 -0.0232724 -0.0201834 -0.0170777 -0.0139687 -0.0108708 -0.00780204 -0.00477311 -0.00180099 0.00110235 0.00392918 0.00666697 0.00931447 0.0118683 0.0143251 0.016692 0.018969 0.0211627 0.0232894 0.0253597 0.0273985 0.0294384 0.031503 0.0336286 0.035849 0.0381828 0.0406626 0.0433196 0.0461678 0.0492319 0.0525254 0.0560223 0.0596963 0.0635199 0.0674276 0.0713444 0.0751985 0.0788643 0.0821831 0.0850449 0.0873599 0.088986 0.0897848 0.0897081 0.0887571 0.0869146 0.0841907 0.0806873 0.0765616 0.0719694 0.0670902 0.0621739 0.0575042 0.0533154 0.0497704 0.0470099 0.0451907 
