0 0 0 0 0 0 0 0 0 0 0 0 0 0 0 0 0 0 0 0 0 0 0 0 0 0 0 0 0 0 0 0 0 0 0 0 0 0 0 0 0 0 0 0 0 0 0 0 0 0 0 0 0 0 0 0 0 0 0 0 0 0 0 0 0 0 0 0 0 0 0 0 0 0 0 0 0 0 0 0 0 0 0 0 0 0 0 0 0 0 0 0 0 0 0 0 0 0 0 0 0 0 0 0 0 0 0 0 0 0 0 0 0 0 0 0 0 0 0 0 0 0 0 0 0 0 0 0 0 0 0 0 0 0 0 0 0 0 0 0 0 0 0 0 0 0 0 0 0 0 0 0 0 0 0 0 0 0 0 0 0 0 0 0 0 0 0 0 0 0 0 0 0 0 0 0 0 0 0 0 0 0 0 0 0 0 0 0 0 0 0 0 0 0 0 0 0 0 0 0 
0 2.2976e-20 1.52667e-19 9.48592e-19 5.62039e-18 3.17699e-17 1.71337e-16 8.8162e-16 4.32815e-15 2.0272e-14 9.05808e-14 3.86085e-13 1.5696e-12 6.0855e-12 2.2498e-11 7.92987e-11 2.66434e-10 8.53183e-10 2.60348e-09 7.56938e-09 2.09653e-08 5.53138e-08 1.39004e-07 3.32721e-07 7.58605e-07 1.64776e-06 3.41055e-06 6.72927e-06 1.26635e-05 2.27455e-05 3.90289e-05 6.4053e-05 0.00010069 0.000151883 0.000220313 0.000308107 0.000416681 0.000546822 0.000699048 0.000874156 0.00107383 0.0013011 0.00156048 0.00185772 0.00219912 0.00259059 0.00303674 0.00353997 0.00410008 0.00471411 0.0053767 0.00608063 0.00681756 0.0075787 0.00835536 0.00913928 0.0099228 0.0106988 0.0114604 0.0122012 0.0129147 0.0135943 0.0142337 0.0148267 0.0153673 0.0158505 0.0162717 0.0166276 0.0169159 0.0171356 0.0172871 0.0173716 0.0173918 0.0173512 0.0172539 0.0171049 0.0169095 0.0166734 0.0164023 0.0161021 0.0157785 0.0154371 0.0150833 0.0147221 0.0143584 0.0139965 0.0136407 0.0132947 0.0129619 0.0126453 0.0123479 0.0120719 0.0118196 0.0115929 0.0113933 0.0112222 0.0110807 0.0109697 0.01089 0.010842 0.0108259 0.010842 0.01089 0.0109697 0.0110807 0.0112222 0.0113933 0.0115929 0.0118196 0.0120719 0.0123479 0.0126453 0.0129619 0.0132947 0.0136407 0.0139965 0.0143584 0.0147221 0.0150833 0.0154371 0.0157785 0.0161021 0.0164023 0.0166734 0.0169095 0.0171049 0.0172539 0.0173512 0.0173918 0.0173716 0.0172871 0.0171356 0.0169159 0.0166276 0.0162717 0.0158505 0.0153673 0.0148267 0.0142337 0.0135943 0.0129147 0.0122012 0.0114604 0.0106988 0.0099228 0.00913928 0.00835536 0.0075787 0.00681756 0.00608063 0.0053767 0.00471411 0.00410008 0.00353997 0.00303674 0.00259059 0.00219912 0.00185772 0.00156048 0.0013011 0.00107383 0.000874156 0.000699048 0.000546822 0.000416681 0.000308107 0.000220313 0.000151883 0.00010069 6.4053e-05 3.90289e-05 2.27455e-05 1.26635e-05 6.72927e-06 3.41055e-06 1.64776e-06 7.58605e-07 3.32721e-07 1.39004e-07 5.53138e-08 2.09653e-08 7.56938e-09 2.60348e-09 8.53183e-10 2.66434e-10 7.92987e-11 2.2498e-11 6.0855e-12 1.5696e-12 3.86085e-13 9.05808e-14 2.0272e-14 4.32815e-15 8.8162e-16 1.71337e-16 3.17699e-17 5.62037e-18 9.48415e-19 1.51415e-19 1.45194e-20 
0 1.52667e-19 9.8013e-19 5.87711e-18 3.361e-17 1.83406e-16 9.55025e-16 4.74531e-15 2.24982e-14 1.01773e-13 4.3922e-13 1.8082e-12 7.10018e-12 2.65879e-11 9.49341e-11 3.23154e-10 1.04851e-09 3.24214e-09 9.55263e-09 2.68153e-08 7.17069e-08 1.82652e-07 4.43166e-07 1.02425e-06 2.25527e-06 4.7321e-06 9.4653e-06 1.80581e-05 3.28835e-05 5.7209e-05 9.52027e-05 0.000151767 0.000232189 0.000341649 0.000484739 0.000665133 0.000885589 0.00114833 0.00145579 0.00181141 0.00222044 0.00269017 0.00322975 0.00384935 0.00455891 0.00536681 0.00627855 0.00729594 0.0084167 0.00963463 0.0109401 0.012321 0.0137634 0.0152522 0.0167721 0.0183076 0.0198433 0.021364 0.0228544 0.0242999 0.025686 0.0269986 0.0282247 0.0293524 0.030371 0.0312718 0.032048 0.0326949 0.03321 0.0335932 0.0338462 0.033973 0.033979 0.0338713 0.0336583 0.0333491 0.0329539 0.032483 0.0319472 0.0313573 0.030724 0.0300576 0.0293683 0.0286656 0.0279586 0.0272557 0.0265648 0.0258931 0.0252471 0.0246329 0.0240557 0.0235203 0.0230309 0.022591 0.0222038 0.0218719 0.0215975 0.0213823 0.0212276 0.0211345 0.0211033 0.0211345 0.0212276 0.0213823 0.0215975 0.0218719 0.0222038 0.022591 0.0230309 0.0235203 0.0240557 0.0246329 0.0252471 0.0258931 0.0265648 0.0272557 0.0279586 0.0286656 0.0293683 0.0300576 0.030724 0.0313573 0.0319472 0.032483 0.0329539 0.0333491 0.0336583 0.0338713 0.033979 0.033973 0.0338462 0.0335932 0.03321 0.0326949 0.032048 0.0312718 0.030371 0.0293524 0.0282247 0.0269986 0.025686 0.0242999 0.0228544 0.021364 0.0198433 0.0183076 0.0167721 0.0152522 0.0137634 0.012321 0.0109401 0.00963463 0.0084167 0.00729594 0.00627855 0.00536681 0.00455891 0.00384935 0.00322975 0.00269017 0.00222044 0.00181141 0.00145579 0.00114833 0.000885589 0.000665133 0.000484739 0.000341649 0.000232189 0.000151767 9.52027e-05 5.7209e-05 3.28835e-05 1.80581e-05 9.4653e-06 4.7321e-06 2.25527e-06 1.02425e-06 4.43166e-07 1.82652e-07 7.17069e-08 2.68153e-08 9.55263e-09 3.24214e-09 1.04851e-09 3.23154e-10 9.49341e-11 2.65879e-11 7.10018e-12 1.8082e-12 4.3922e-13 1.01773e-13 2.24982e-14 4.74531e-15 9.55025e-16 1.83406e-16 3.36098e-17 5.87588e-18 9.71711e-19 9.79336e-20 
0 9.48592e-19 5.87711e-18 3.39582e-17 1.87131e-16 9.84005e-16 4.93738e-15 2.36385e-14 1.07977e-13 4.70532e-13 1.95583e-12 7.75344e-12 2.93091e-11 1.05627e-10 3.62848e-10 1.18786e-09 3.70515e-09 1.10094e-08 3.11568e-08 8.39678e-08 2.15471e-07 5.26444e-07 1.22464e-06 2.71266e-06 5.72284e-06 1.1503e-05 2.20407e-05 4.02888e-05 7.03268e-05 0.000117381 0.000187641 0.000287861 0.000424824 0.000604835 0.000833432 0.00111547 0.00145565 0.00185927 0.00233309 0.00288583 0.00352825 0.00427249 0.00513106 0.00611543 0.00723479 0.00849501 0.00989806 0.0114419 0.0131207 0.0149253 0.0168435 0.0188607 0.0209598 0.0231219 0.0253261 0.0275503 0.0297706 0.0319629 0.0341026 0.0361658 0.0381298 0.0399733 0.0416778 0.0432273 0.0446088 0.0458124 0.0468315 0.0476626 0.0483053 0.0487616 0.0490365 0.0491369 0.0490718 0.0488519 0.0484891 0.0479966 0.0473883 0.0466785 0.0458821 0.0450137 0.0440879 0.0431191 0.042121 0.0411068 0.0400889 0.0390792 0.0380884 0.0371265 0.0362026 0.0353249 0.034501 0.0337373 0.0330395 0.0324128 0.0318614 0.0313889 0.0309984 0.0306923 0.0304723 0.0303398 0.0302956 0.0303398 0.0304723 0.0306923 0.0309984 0.0313889 0.0318614 0.0324128 0.0330395 0.0337373 0.034501 0.0353249 0.0362026 0.0371265 0.0380884 0.0390792 0.0400889 0.0411068 0.042121 0.0431191 0.0440879 0.0450137 0.0458821 0.0466785 0.0473883 0.0479966 0.0484891 0.0488519 0.0490718 0.0491369 0.0490365 0.0487616 0.0483053 0.0476626 0.0468315 0.0458124 0.0446088 0.0432273 0.0416778 0.0399733 0.0381298 0.0361658 0.0341026 0.0319629 0.0297706 0.0275503 0.0253261 0.0231219 0.0209598 0.0188607 0.0168435 0.0149253 0.0131207 0.0114419 0.00989806 0.00849501 0.00723479 0.00611543 0.00513106 0.00427249 0.00352825 0.00288583 0.00233309 0.00185927 0.00145565 0.00111547 0.000833432 0.000604835 0.000424824 0.000287861 0.000187641 0.000117381 7.03268e-05 4.02888e-05 2.20407e-05 1.1503e-05 5.72284e-06 2.71266e-06 1.22464e-06 5.26444e-07 2.15471e-07 8.39678e-08 3.11568e-08 1.10094e-08 3.70515e-09 1.18786e-09 3.62848e-10 1.05627e-10 2.93091e-11 7.75344e-12 1.95583e-12 4.70532e-13 1.07977e-13 2.36385e-14 4.93738e-15 9.84005e-16 1.8713e-16 3.39501e-17 5.82429e-18 6.18328e-19 
0 5.62039e-18 3.361e-17 1.87131e-16 9.93594e-16 5.03392e-15 2.43341e-14 1.12226e-13 4.9373e-13 2.07173e-12 8.28989e-12 3.16265e-11 1.15012e-10 3.98589e-10 1.31611e-09 4.13935e-09 1.23977e-08 3.5352e-08 9.59525e-08 2.47849e-07 6.09187e-07 1.42467e-06 3.17023e-06 6.71336e-06 1.35329e-05 2.59812e-05 4.75394e-05 8.29887e-05 0.000138402 0.000220897 0.000338159 0.000497863 0.000707208 0.000972797 0.00130101 0.0016988 0.00217468 0.00273945 0.00340641 0.00419076 0.00510832 0.00617396 0.00739996 0.00879493 0.0103632 0.0121051 0.0140171 0.0160927 0.0183225 0.020695 0.0231957 0.0258072 0.0285091 0.0312772 0.0340845 0.0369011 0.0396951 0.0424343 0.0450864 0.0476209 0.0500096 0.0522276 0.0542536 0.0560707 0.0576657 0.05903 0.0601585 0.0610502 0.0617071 0.0621345 0.0623405 0.0623354 0.0621318 0.0617437 0.0611869 0.060478 0.0596344 0.0586742 0.0576153 0.0564759 0.0552736 0.0540257 0.0527488 0.0514586 0.0501699 0.0488967 0.0476517 0.0464466 0.0452922 0.0441981 0.0431729 0.0422242 0.0413588 0.0405824 0.0399 0.0393159 0.0388334 0.0384553 0.0381838 0.0380203 0.0379657 0.0380203 0.0381838 0.0384553 0.0388334 0.0393159 0.0399 0.0405824 0.0413588 0.0422242 0.0431729 0.0441981 0.0452922 0.0464466 0.0476517 0.0488967 0.0501699 0.0514586 0.0527488 0.0540257 0.0552736 0.0564759 0.0576153 0.0586742 0.0596344 0.060478 0.0611869 0.0617437 0.0621318 0.0623354 0.0623405 0.0621345 0.0617071 0.0610502 0.0601585 0.05903 0.0576657 0.0560707 0.0542536 0.0522276 0.0500096 0.0476209 0.0450864 0.0424343 0.0396951 0.0369011 0.0340845 0.0312772 0.0285091 0.0258072 0.0231957 0.020695 0.0183225 0.0160927 0.0140171 0.0121051 0.0103632 0.00879493 0.00739996 0.00617396 0.00510832 0.00419076 0.00340641 0.00273945 0.00217468 0.0016988 0.00130101 0.000972797 0.000707208 0.000497863 0.000338159 0.000220897 0.000138402 8.29887e-05 4.75394e-05 2.59812e-05 1.35329e-05 6.71336e-06 3.17023e-06 1.42467e-06 6.09187e-07 2.47849e-07 9.59525e-08 3.5352e-08 1.23977e-08 4.13935e-09 1.31611e-09 3.98589e-10 1.15012e-10 3.16265e-11 8.28989e-12 2.07173e-12 4.9373e-13 1.12226e-13 2.43341e-14 5.03392e-15 9.93587e-16 1.87081e-16 3.32947e-17 3.72459e-18 
0 3.17699e-17 1.83406e-16 9.84005e-16 5.03392e-15 2.45703e-14 1.14411e-13 5.08178e-13 2.15268e-12 8.6951e-12 3.34811e-11 1.22871e-10 4.29638e-10 1.431e-09 4.53869e-09 1.3704e-08 3.93784e-08 1.07657e-07 2.79957e-07 6.92323e-07 1.62791e-06 3.63938e-06 7.73611e-06 1.5639e-05 3.00788e-05 5.50768e-05 9.61086e-05 0.000160043 0.000254797 0.000388748 0.000570098 0.00080647 0.00110503 0.00147322 0.00191994 0.00245672 0.0030984 0.00386285 0.00476968 0.00583826 0.00708562 0.00852464 0.0101633 0.0120044 0.0140467 0.0162851 0.0187121 0.0213176 0.024089 0.0270106 0.030063 0.0332226 0.0364615 0.0397479 0.0430469 0.0463217 0.0495347 0.0526492 0.0556301 0.0584452 0.0610661 0.0634681 0.0656311 0.0675395 0.069182 0.0705519 0.0716465 0.0724671 0.0730189 0.0733101 0.0733521 0.0731588 0.0727464 0.0721328 0.0713372 0.0703798 0.0692815 0.0680632 0.0667457 0.0653497 0.0638951 0.0624008 0.0608851 0.059365 0.0578565 0.0563744 0.054932 0.0535418 0.0522148 0.0509612 0.0497897 0.0487082 0.0477236 0.0468419 0.046068 0.0454063 0.0448603 0.0444328 0.044126 0.0439413 0.0438796 0.0439413 0.044126 0.0444328 0.0448603 0.0454063 0.046068 0.0468419 0.0477236 0.0487082 0.0497897 0.0509612 0.0522148 0.0535418 0.054932 0.0563744 0.0578565 0.059365 0.0608851 0.0624008 0.0638951 0.0653497 0.0667457 0.0680632 0.0692815 0.0703798 0.0713372 0.0721328 0.0727464 0.0731588 0.0733521 0.0733101 0.0730189 0.0724671 0.0716465 0.0705519 0.069182 0.0675395 0.0656311 0.0634681 0.0610661 0.0584452 0.0556301 0.0526492 0.0495347 0.0463217 0.0430469 0.0397479 0.0364615 0.0332226 0.030063 0.0270106 0.024089 0.0213176 0.0187121 0.0162851 0.0140467 0.0120044 0.0101633 0.00852464 0.00708562 0.00583826 0.00476968 0.00386285 0.0030984 0.00245672 0.00191994 0.00147322 0.00110503 0.00080647 0.000570098 0.000388748 0.000254797 0.000160043 9.61086e-05 5.50768e-05 3.00788e-05 1.5639e-05 7.73611e-06 3.63938e-06 1.62791e-06 6.92323e-07 2.79957e-07 1.07657e-07 3.93784e-08 1.3704e-08 4.53869e-09 1.431e-09 4.29638e-10 1.22871e-10 3.34811e-11 8.6951e-12 2.15268e-12 5.08178e-13 1.14411e-13 2.45703e-14 5.03388e-15 9.8371e-16 1.81615e-16 2.14151e-17 
0 1.71337e-16 9.55025e-16 4.93738e-15 2.43341e-14 1.14411e-13 5.13086e-13 2.19433e-12 8.94762e-12 3.47772e-11 1.28808e-10 4.5449e-10 1.5272e-09 4.88549e-09 1.48735e-08 4.3078e-08 1.18655e-07 3.10715e-07 7.73314e-07 1.8288e-06 4.10887e-06 8.77018e-06 1.77857e-05 3.42808e-05 6.28354e-05 0.000109632 0.000182328 0.000289587 0.000440366 0.000643226 0.000906027 0.00123634 0.00164258 0.00213558 0.00272991 0.00344426 0.00430059 0.0053221 0.00653062 0.0079442 0.00957564 0.0114321 0.0135156 0.0158241 0.0183527 0.0210933 0.0240353 0.0271642 0.0304609 0.0339016 0.0374569 0.041093 0.0447721 0.0484543 0.0520986 0.0556645 0.0591132 0.0624083 0.0655167 0.068409 0.0710597 0.0734476 0.0755557 0.0773716 0.0788872 0.0800991 0.0810082 0.0816194 0.0819417 0.0819874 0.081772 0.0813133 0.0806314 0.0797476 0.0786845 0.0774651 0.0761124 0.0746493 0.0730982 0.0714807 0.0698172 0.0681274 0.0664293 0.0647401 0.0630754 0.0614496 0.0598757 0.0583657 0.0569301 0.0555784 0.0543192 0.0531596 0.0521063 0.0511648 0.0503398 0.0496353 0.0490546 0.0486003 0.0482744 0.0480783 0.0480129 0.0480783 0.0482744 0.0486003 0.0490546 0.0496353 0.0503398 0.0511648 0.0521063 0.0531596 0.0543192 0.0555784 0.0569301 0.0583657 0.0598757 0.0614496 0.0630754 0.0647401 0.0664293 0.0681274 0.0698172 0.0714807 0.0730982 0.0746493 0.0761124 0.0774651 0.0786845 0.0797476 0.0806314 0.0813133 0.081772 0.0819874 0.0819417 0.0816194 0.0810082 0.0800991 0.0788872 0.0773716 0.0755557 0.0734476 0.0710597 0.068409 0.0655167 0.0624083 0.0591132 0.0556645 0.0520986 0.0484543 0.0447721 0.041093 0.0374569 0.0339016 0.0304609 0.0271642 0.0240353 0.0210933 0.0183527 0.0158241 0.0135156 0.0114321 0.00957564 0.0079442 0.00653062 0.0053221 0.00430059 0.00344426 0.00272991 0.00213558 0.00164258 0.00123634 0.000906027 0.000643226 0.000440366 0.000289587 0.000182328 0.000109632 6.28354e-05 3.42808e-05 1.77857e-05 8.77018e-06 4.10887e-06 1.8288e-06 7.73314e-07 3.10715e-07 1.18655e-07 4.3078e-08 1.48735e-08 4.88549e-09 1.5272e-09 4.5449e-10 1.28808e-10 3.47772e-11 8.94762e-12 2.19433e-12 5.13086e-13 1.14411e-13 2.43339e-14 4.93572e-15 9.45344e-16 1.17539e-16 
0 8.8162e-16 4.74531e-15 2.36385e-14 1.12226e-13 5.08178e-13 2.19433e-12 9.0334e-12 3.54439e-11 1.32507e-10 4.71848e-10 1.59982e-09 5.16275e-09 1.58511e-08 4.6284e-08 1.28474e-07 3.38877e-07 8.49079e-07 2.0202e-06 4.56322e-06 9.78404e-06 1.99131e-05 3.84798e-05 7.06351e-05 0.000123278 0.000204845 0.000324709 0.000492337 0.000716557 0.00100541 0.00136689 0.00181059 0.00234956 0.0030016 0.00378922 0.00473799 0.00587364 0.00721906 0.00879196 0.010604 0.0126614 0.0149656 0.0175151 0.0203055 0.0233294 0.026575 0.0300252 0.0336562 0.0374378 0.0413335 0.0453025 0.0493007 0.053283 0.057205 0.0610239 0.0646998 0.0681959 0.0714791 0.0745203 0.077294 0.0797796 0.0819603 0.0838246 0.0853653 0.0865804 0.0874722 0.0880477 0.088318 0.0882975 0.0880039 0.087457 0.0866788 0.0856922 0.0845213 0.08319 0.0817225 0.0801422 0.0784721 0.0767341 0.074949 0.0731365 0.0713148 0.069501 0.0677109 0.0659587 0.0642576 0.0626194 0.0610547 0.059573 0.0581828 0.0568915 0.0557056 0.0546308 0.0536719 0.0528331 0.0521178 0.0515288 0.0510685 0.0507385 0.05054 0.0504737 0.05054 0.0507385 0.0510685 0.0515288 0.0521178 0.0528331 0.0536719 0.0546308 0.0557056 0.0568915 0.0581828 0.059573 0.0610547 0.0626194 0.0642576 0.0659587 0.0677109 0.069501 0.0713148 0.0731365 0.074949 0.0767341 0.0784721 0.0801422 0.0817225 0.08319 0.0845213 0.0856922 0.0866788 0.087457 0.0880039 0.0882975 0.088318 0.0880477 0.0874722 0.0865804 0.0853653 0.0838246 0.0819603 0.0797796 0.077294 0.0745203 0.0714791 0.0681959 0.0646998 0.0610239 0.057205 0.053283 0.0493007 0.0453025 0.0413335 0.0374378 0.0336562 0.0300252 0.026575 0.0233294 0.0203055 0.0175151 0.0149656 0.0126614 0.010604 0.00879196 0.00721906 0.00587364 0.00473799 0.00378922 0.0030016 0.00234956 0.00181059 0.00136689 0.00100541 0.000716557 0.000492337 0.000324709 0.000204845 0.000123278 7.06351e-05 3.84798e-05 1.99131e-05 9.78404e-06 4.56322e-06 2.0202e-06 8.49079e-07 3.38877e-07 1.28474e-07 4.6284e-08 1.58511e-08 5.16275e-09 1.59982e-09 4.71848e-10 1.32507e-10 3.54439e-11 9.0334e-12 2.19433e-12 5.08177e-13 1.12225e-13 2.36296e-14 4.69554e-15 6.15866e-16 
0 4.32815e-15 2.24982e-14 1.07977e-13 4.9373e-13 2.15268e-12 8.94762e-12 3.54439e-11 1.33764e-10 4.80773e-10 1.64503e-09 5.35622e-09 1.65882e-08 4.88427e-08 1.36663e-07 3.63209e-07 9.16468e-07 2.19461e-06 4.9857e-06 1.07428e-05 2.19531e-05 4.25513e-05 7.8262e-05 0.0001367 0.000227067 0.000359408 0.000543638 0.000788797 0.0011031 0.00149512 0.00197589 0.00256104 0.00327196 0.00413498 0.00517873 0.00643051 0.00791303 0.00964261 0.0116292 0.0138779 0.0163904 0.0191658 0.0222008 0.0254875 0.029012 0.0327527 0.03668 0.0407564 0.0449383 0.0491783 0.0534274 0.0576365 0.0617584 0.0657487 0.0695659 0.0731722 0.0765339 0.0796213 0.0824095 0.0848786 0.087014 0.0888066 0.0902531 0.0913552 0.0921198 0.092558 0.092685 0.092519 0.0920805 0.0913922 0.0904775 0.0893609 0.0880669 0.0866199 0.0850437 0.0833618 0.0815962 0.0797683 0.0778982 0.0760046 0.0741051 0.0722159 0.0703518 0.0685264 0.0667521 0.06504 0.0634001 0.0618411 0.0603711 0.058997 0.0577247 0.0565597 0.0555064 0.0545687 0.0537499 0.0530528 0.0524795 0.0520318 0.0517111 0.0515183 0.051454 0.0515183 0.0517111 0.0520318 0.0524795 0.0530528 0.0537499 0.0545687 0.0555064 0.0565597 0.0577247 0.058997 0.0603711 0.0618411 0.0634001 0.06504 0.0667521 0.0685264 0.0703518 0.0722159 0.0741051 0.0760046 0.0778982 0.0797683 0.0815962 0.0833618 0.0850437 0.0866199 0.0880669 0.0893609 0.0904775 0.0913922 0.0920805 0.092519 0.092685 0.092558 0.0921198 0.0913552 0.0902531 0.0888066 0.087014 0.0848786 0.0824095 0.0796213 0.0765339 0.0731722 0.0695659 0.0657487 0.0617584 0.0576365 0.0534274 0.0491783 0.0449383 0.0407564 0.03668 0.0327527 0.029012 0.0254875 0.0222008 0.0191658 0.0163904 0.0138779 0.0116292 0.00964261 0.00791303 0.00643051 0.00517873 0.00413498 0.00327196 0.00256104 0.00197589 0.00149512 0.0011031 0.000788797 0.000543638 0.000359408 0.000227067 0.0001367 7.8262e-05 4.25513e-05 2.19531e-05 1.07428e-05 4.9857e-06 2.19461e-06 9.16468e-07 3.63209e-07 1.36663e-07 4.88427e-08 1.65882e-08 5.35622e-09 1.64503e-09 4.80773e-10 1.33764e-10 3.54439e-11 8.94762e-12 2.15268e-12 4.93722e-13 1.07932e-13 2.22549e-14 3.08067e-15 
0 2.0272e-14 1.01773e-13 4.70532e-13 2.07173e-12 8.6951e-12 3.47772e-11 1.32507e-10 4.80773e-10 1.66038e-09 5.45564e-09 1.70467e-08 5.06259e-08 1.42827e-07 3.82583e-07 9.72497e-07 2.34469e-06 5.35955e-06 1.16109e-05 2.38349e-05 4.63638e-05 8.5488e-05 0.000149527 0.000248428 0.000392873 0.000593174 0.000858545 0.00119741 0.00161909 0.00213636 0.00276785 0.00353877 0.00447917 0.00562021 0.00698982 0.00860957 0.0104938 0.012651 0.0150856 0.0178 0.0207944 0.0240654 0.0276031 0.0313893 0.0353962 0.0395865 0.0439154 0.0483333 0.0527877 0.0572261 0.0615972 0.0658517 0.069943 0.0738278 0.0774665 0.0808238 0.0838695 0.0865793 0.0889353 0.0909265 0.0925484 0.0938029 0.0946978 0.0952458 0.0954638 0.0953718 0.0949923 0.0943495 0.0934684 0.0923746 0.0910937 0.0896509 0.0880706 0.0863766 0.0845916 0.0827369 0.0808328 0.0788981 0.0769502 0.0750053 0.073078 0.0711817 0.0693284 0.067529 0.0657931 0.0641292 0.0625449 0.0610469 0.059641 0.0583323 0.057125 0.0560229 0.0550294 0.054147 0.053378 0.0527244 0.0521877 0.051769 0.0514693 0.0512892 0.0512292 0.0512892 0.0514693 0.051769 0.0521877 0.0527244 0.053378 0.054147 0.0550294 0.0560229 0.057125 0.0583323 0.059641 0.0610469 0.0625449 0.0641292 0.0657931 0.067529 0.0693284 0.0711817 0.073078 0.0750053 0.0769502 0.0788981 0.0808328 0.0827369 0.0845916 0.0863766 0.0880706 0.0896509 0.0910937 0.0923746 0.0934684 0.0943495 0.0949923 0.0953718 0.0954638 0.0952458 0.0946978 0.0938029 0.0925484 0.0909265 0.0889353 0.0865793 0.0838695 0.0808238 0.0774665 0.0738278 0.069943 0.0658517 0.0615972 0.0572261 0.0527877 0.0483333 0.0439154 0.0395865 0.0353962 0.0313893 0.0276031 0.0240654 0.0207944 0.0178 0.0150856 0.012651 0.0104938 0.00860957 0.00698982 0.00562021 0.00447917 0.00353877 0.00276785 0.00213636 0.00161909 0.00119741 0.000858545 0.000593174 0.000392873 0.000248428 0.000149527 8.5488e-05 4.63638e-05 2.38349e-05 1.16109e-05 5.35955e-06 2.34469e-06 9.72497e-07 3.82583e-07 1.42827e-07 5.06259e-08 1.70467e-08 5.45564e-09 1.66038e-09 4.80773e-10 1.32507e-10 3.47772e-11 8.69509e-12 2.07169e-12 4.70314e-13 1.00643e-13 1.47115e-14 
0 9.05808e-14 4.3922e-13 1.95583e-12 8.28989e-12 3.34811e-11 1.28808e-10 4.71848e-10 1.64503e-09 5.45564e-09 1.72023e-08 5.15415e-08 1.46657e-07 3.96062e-07 1.01457e-06 2.46382e-06 5.66911e-06 1.23539e-05 2.54888e-05 4.97862e-05 9.20835e-05 0.000161385 0.000268358 0.00042429 0.000639855 0.000924424 0.00128669 0.00173687 0.00228982 0.00296748 0.00379904 0.00481803 0.00605747 0.00754507 0.00930068 0.0113367 0.0136604 0.0162771 0.0191902 0.0224007 0.0259036 0.029685 0.0337199 0.0379725 0.0423974 0.0469433 0.0515552 0.0561776 0.0607553 0.0652348 0.0695646 0.0736954 0.0775813 0.0811806 0.0844571 0.0873814 0.0899315 0.0920936 0.0938618 0.0952378 0.09623 0.0968524 0.0971236 0.0970659 0.0967039 0.0960641 0.0951737 0.0940607 0.0927526 0.0912767 0.0896592 0.0879255 0.0860993 0.0842032 0.0822579 0.0802826 0.0782949 0.0763104 0.0743434 0.0724066 0.070511 0.0686667 0.0668821 0.0651647 0.0635212 0.0619571 0.0604773 0.0590858 0.0577864 0.0565821 0.0554753 0.0544684 0.0535632 0.0527613 0.0520639 0.0514722 0.0509869 0.0506088 0.0503383 0.0501759 0.0501218 0.0501759 0.0503383 0.0506088 0.0509869 0.0514722 0.0520639 0.0527613 0.0535632 0.0544684 0.0554753 0.0565821 0.0577864 0.0590858 0.0604773 0.0619571 0.0635212 0.0651647 0.0668821 0.0686667 0.070511 0.0724066 0.0743434 0.0763104 0.0782949 0.0802826 0.0822579 0.0842032 0.0860993 0.0879255 0.0896592 0.0912767 0.0927526 0.0940607 0.0951737 0.0960641 0.0967039 0.0970659 0.0971236 0.0968524 0.09623 0.0952378 0.0938618 0.0920936 0.0899315 0.0873814 0.0844571 0.0811806 0.0775813 0.0736954 0.0695646 0.0652348 0.0607553 0.0561776 0.0515552 0.0469433 0.0423974 0.0379725 0.0337199 0.029685 0.0259036 0.0224007 0.0191902 0.0162771 0.0136604 0.0113367 0.00930068 0.00754507 0.00605747 0.00481803 0.00379904 0.00296748 0.00228982 0.00173687 0.00128669 0.000924424 0.000639855 0.00042429 0.000268358 0.000161385 9.20835e-05 4.97862e-05 2.54888e-05 1.23539e-05 5.66911e-06 2.46382e-06 1.01457e-06 3.96062e-07 1.46657e-07 5.15415e-08 1.72023e-08 5.45564e-09 1.64503e-09 4.71848e-10 1.28808e-10 3.34811e-11 8.2897e-12 1.95483e-12 4.34239e-13 6.70678e-14 
0 3.86085e-13 1.8082e-12 7.75344e-12 3.16265e-11 1.22871e-10 4.5449e-10 1.59982e-09 5.35622e-09 1.70467e-08 5.15415e-08 1.47956e-07 4.02976e-07 1.04067e-06 2.54652e-06 5.90083e-06 1.29412e-05 2.68508e-05 5.26951e-05 9.7829e-05 0.000171912 0.000286307 0.000452879 0.000682644 0.000985136 0.00136938 0.00184666 0.00243415 0.00315736 0.00404945 0.00514712 0.00648456 0.00808852 0.0099768 0.0121603 0.0146463 0.0174416 0.0205513 0.023976 0.0277074 0.0317252 0.035996 0.0404752 0.0451102 0.0498439 0.0546178 0.0593734 0.0640528 0.0685991 0.072957 0.0770739 0.080901 0.0843957 0.0875228 0.090256 0.0925783 0.094482 0.095968 0.0970447 0.0977268 0.0980341 0.0979903 0.0976221 0.0969582 0.0960286 0.0948639 0.0934948 0.0919515 0.0902633 0.0884581 0.0865622 0.0845998 0.0825933 0.0805628 0.0785261 0.076499 0.0744953 0.0725268 0.0706036 0.0687344 0.0669264 0.0651857 0.0635174 0.0619256 0.0604138 0.0589849 0.0576411 0.0563845 0.0552166 0.0541387 0.0531519 0.052257 0.0514548 0.0507458 0.0501305 0.0496092 0.0491824 0.0488502 0.0486128 0.0484703 0.0484228 0.0484703 0.0486128 0.0488502 0.0491824 0.0496092 0.0501305 0.0507458 0.0514548 0.052257 0.0531519 0.0541387 0.0552166 0.0563845 0.0576411 0.0589849 0.0604138 0.0619256 0.0635174 0.0651857 0.0669264 0.0687344 0.0706036 0.0725268 0.0744953 0.076499 0.0785261 0.0805628 0.0825933 0.0845998 0.0865622 0.0884581 0.0902633 0.0919515 0.0934948 0.0948639 0.0960286 0.0969582 0.0976221 0.0979903 0.0980341 0.0977268 0.0970447 0.095968 0.094482 0.0925783 0.090256 0.0875228 0.0843957 0.080901 0.0770739 0.072957 0.0685991 0.0640528 0.0593734 0.0546178 0.0498439 0.0451102 0.0404752 0.035996 0.0317252 0.0277074 0.023976 0.0205513 0.0174416 0.0146463 0.0121603 0.0099768 0.00808852 0.00648456 0.00514712 0.00404945 0.00315736 0.00243415 0.00184666 0.00136938 0.000985136 0.000682644 0.000452879 0.000286307 0.000171912 9.7829e-05 5.26951e-05 2.68508e-05 1.29412e-05 5.90083e-06 2.54652e-06 1.04067e-06 4.02976e-07 1.47956e-07 5.15415e-08 1.70467e-08 5.35622e-09 1.59982e-09 4.5449e-10 1.2287e-10 3.16256e-11 7.74906e-12 1.78737e-12 2.91875e-13 
0 1.5696e-12 7.10018e-12 2.93091e-11 1.15012e-10 4.29638e-10 1.5272e-09 5.16275e-09 1.65882e-08 5.06259e-08 1.46657e-07 4.02976e-07 1.04951e-06 2.58888e-06 6.04427e-06 1.33477e-05 2.78661e-05 5.49816e-05 0.000102526 0.000180778 0.000301766 0.000477917 0.000720589 0.0010395 0.00144405 0.00194676 0.00256729 0.00333485 0.00428652 0.0054617 0.0068951 0.008612 0.0106282 0.0129538 0.0155975 0.0185682 0.0218722 0.0255084 0.0294631 0.0337078 0.0382 0.042887 0.0477104 0.0526091 0.0575212 0.0623846 0.067137 0.0717166 0.0760629 0.0801195 0.0838362 0.0871715 0.0900937 0.0925822 0.0946268 0.0962269 0.0973903 0.0981317 0.0984714 0.0984345 0.0980494 0.0973473 0.096361 0.0951247 0.0936729 0.0920394 0.0902575 0.0883582 0.086371 0.0843225 0.0822368 0.0801353 0.0780364 0.0759563 0.0739083 0.0719038 0.069952 0.0680604 0.066235 0.0644806 0.062801 0.0611987 0.059676 0.0582343 0.0568746 0.0555975 0.0544035 0.0532928 0.0522653 0.051321 0.0504597 0.0496812 0.0489854 0.048372 0.0478409 0.0473917 0.0470245 0.046739 0.0465352 0.0464129 0.0463721 0.0464129 0.0465352 0.046739 0.0470245 0.0473917 0.0478409 0.048372 0.0489854 0.0496812 0.0504597 0.051321 0.0522653 0.0532928 0.0544035 0.0555975 0.0568746 0.0582343 0.059676 0.0611987 0.062801 0.0644806 0.066235 0.0680604 0.069952 0.0719038 0.0739083 0.0759563 0.0780364 0.0801353 0.0822368 0.0843225 0.086371 0.0883582 0.0902575 0.0920394 0.0936729 0.0951247 0.096361 0.0973473 0.0980494 0.0984345 0.0984714 0.0981317 0.0973903 0.0962269 0.0946268 0.0925822 0.0900937 0.0871715 0.0838362 0.0801195 0.0760629 0.0717166 0.067137 0.0623846 0.0575212 0.0526091 0.0477104 0.042887 0.0382 0.0337078 0.0294631 0.0255084 0.0218722 0.0185682 0.0155975 0.0129538 0.0106282 0.008612 0.0068951 0.0054617 0.00428652 0.00333485 0.00256729 0.00194676 0.00144405 0.0010395 0.000720589 0.000477917 0.000301766 0.000180778 0.000102526 5.49816e-05 2.78661e-05 1.33477e-05 6.04427e-06 2.58888e-06 1.04951e-06 4.02976e-07 1.46657e-07 5.06259e-08 1.65882e-08 5.16275e-09 1.5272e-09 4.29637e-10 1.15008e-10 2.9291e-11 7.01761e-12 1.21249e-12 
0 6.0855e-12 2.65879e-11 1.05627e-10 3.98589e-10 1.431e-09 4.88549e-09 1.58511e-08 4.88427e-08 1.42827e-07 3.96062e-07 1.04067e-06 2.58888e-06 6.09284e-06 1.35556e-05 2.84929e-05 5.65577e-05 0.000106008 0.000187696 0.000314287 0.000498766 0.000752845 0.00108646 0.00150946 0.00203565 0.00268731 0.00349735 0.00450663 0.00575684 0.00728263 0.0091075 0.0112456 0.0137073 0.0165037 0.0196461 0.0231413 0.0269845 0.0311546 0.035614 0.0403117 0.0451887 0.0501822 0.0552279 0.0602599 0.0652109 0.0700121 0.0745951 0.0788945 0.0828513 0.0864161 0.089551 0.09223 0.0944393 0.0961755 0.0974447 0.0982605 0.0986434 0.0986191 0.098218 0.0974741 0.096424 0.095106 0.0935593 0.0918224 0.0899326 0.087925 0.0858321 0.0836833 0.0815044 0.0793182 0.077144 0.0749982 0.0728942 0.070843 0.0688533 0.0669321 0.0650845 0.0633142 0.0616238 0.0600151 0.0584889 0.0570453 0.0556842 0.0544049 0.0532066 0.0520882 0.0510486 0.0500865 0.0492009 0.0483904 0.0476541 0.0469909 0.0464 0.0458804 0.0454315 0.0450527 0.0447434 0.0445032 0.0443319 0.0442292 0.044195 0.0442292 0.0443319 0.0445032 0.0447434 0.0450527 0.0454315 0.0458804 0.0464 0.0469909 0.0476541 0.0483904 0.0492009 0.0500865 0.0510486 0.0520882 0.0532066 0.0544049 0.0556842 0.0570453 0.0584889 0.0600151 0.0616238 0.0633142 0.0650845 0.0669321 0.0688533 0.070843 0.0728942 0.0749982 0.077144 0.0793182 0.0815044 0.0836833 0.0858321 0.087925 0.0899326 0.0918224 0.0935593 0.095106 0.096424 0.0974741 0.098218 0.0986191 0.0986434 0.0982605 0.0974447 0.0961755 0.0944393 0.09223 0.089551 0.0864161 0.0828513 0.0788945 0.0745951 0.0700121 0.0652109 0.0602599 0.0552279 0.0501822 0.0451887 0.0403117 0.035614 0.0311546 0.0269845 0.0231413 0.0196461 0.0165037 0.0137073 0.0112456 0.0091075 0.00728263 0.00575684 0.00450663 0.00349735 0.00268731 0.00203565 0.00150946 0.00108646 0.000752845 0.000498766 0.000314287 0.000187696 0.000106008 5.65577e-05 2.84929e-05 1.35556e-05 6.09284e-06 2.58888e-06 1.04067e-06 3.96062e-07 1.42827e-07 4.88427e-08 1.58511e-08 4.88549e-09 1.431e-09 3.98574e-10 1.05556e-10 2.62784e-11 4.80761e-12 
0 2.2498e-11 9.49341e-11 3.62848e-10 1.31611e-09 4.53869e-09 1.48735e-08 4.6284e-08 1.36663e-07 3.82583e-07 1.01457e-06 2.54652e-06 6.04427e-06 1.35556e-05 2.87048e-05 5.73616e-05 0.00010815 0.00019244 0.000323504 0.00051489 0.000778697 0.00112512 0.00156451 0.00211196 0.00279238 0.00364233 0.00470623 0.00602767 0.00764085 0.00956743 0.0118205 0.0144118 0.0173554 0.0206653 0.0243471 0.0283904 0.0327654 0.0374254 0.0423126 0.0473636 0.0525124 0.0576909 0.0628276 0.0678476 0.0726741 0.0772323 0.0814533 0.0852784 0.0886613 0.0915695 0.0939833 0.0958949 0.0973066 0.0982299 0.0986837 0.0986941 0.0982933 0.0975184 0.0964103 0.0950124 0.093369 0.0915239 0.0895192 0.0873942 0.0851849 0.0829233 0.0806376 0.0783521 0.0760873 0.0738603 0.0716851 0.069573 0.0675327 0.0655707 0.0636919 0.0618992 0.0601946 0.0585785 0.0570509 0.0556106 0.0542561 0.0529856 0.0517967 0.0506873 0.0496547 0.0486968 0.0478111 0.0469955 0.0462479 0.0455664 0.0449495 0.0443955 0.043903 0.0434711 0.0430986 0.0427848 0.0425289 0.0423305 0.042189 0.0421042 0.042076 0.0421042 0.042189 0.0423305 0.0425289 0.0427848 0.0430986 0.0434711 0.043903 0.0443955 0.0449495 0.0455664 0.0462479 0.0469955 0.0478111 0.0486968 0.0496547 0.0506873 0.0517967 0.0529856 0.0542561 0.0556106 0.0570509 0.0585785 0.0601946 0.0618992 0.0636919 0.0655707 0.0675327 0.069573 0.0716851 0.0738603 0.0760873 0.0783521 0.0806376 0.0829233 0.0851849 0.0873942 0.0895192 0.0915239 0.093369 0.0950124 0.0964103 0.0975184 0.0982933 0.0986941 0.0986837 0.0982299 0.0973066 0.0958949 0.0939833 0.0915695 0.0886613 0.0852784 0.0814533 0.0772323 0.0726741 0.0678476 0.0628276 0.0576909 0.0525124 0.0473636 0.0423126 0.0374254 0.0327654 0.0283904 0.0243471 0.0206653 0.0173554 0.0144118 0.0118205 0.00956743 0.00764085 0.00602767 0.00470623 0.00364233 0.00279238 0.00211196 0.00156451 0.00112512 0.000778697 0.00051489 0.000323504 0.00019244 0.00010815 5.73616e-05 2.87048e-05 1.35556e-05 6.04427e-06 2.54652e-06 1.01457e-06 3.82583e-07 1.36663e-07 4.6284e-08 1.48735e-08 4.53868e-09 1.31605e-09 3.62585e-10 9.3839e-11 1.81932e-11 
0 7.92987e-11 3.23154e-10 1.18786e-09 4.13935e-09 1.3704e-08 4.3078e-08 1.28474e-07 3.63209e-07 9.72497e-07 2.46382e-06 5.90083e-06 1.33477e-05 2.84929e-05 5.73616e-05 0.000108873 0.000194852 0.000329147 0.000525875 0.000797578 0.00115476 0.00160828 0.00217452 0.00288085 0.00376739 0.00488185 0.0062695 0.00796385 0.0099849 0.0123453 0.0150591 0.0181442 0.0216162 0.0254781 0.0297121 0.0342793 0.0391253 0.0441874 0.0493993 0.0546918 0.0599913 0.0652181 0.070288 0.0751164 0.0796239 0.0837409 0.0874115 0.0905942 0.0932617 0.0953996 0.0970043 0.0980829 0.0986517 0.0987359 0.0983688 0.0975904 0.0964462 0.0949848 0.0932559 0.0913089 0.0891908 0.0869455 0.0846126 0.0822277 0.0798216 0.077421 0.0750485 0.0727229 0.0704595 0.0682705 0.0661651 0.0641501 0.0622299 0.0604071 0.0586827 0.0570562 0.055526 0.0540898 0.0527446 0.0514871 0.0503138 0.0492209 0.0482048 0.0472619 0.046389 0.0455828 0.0448404 0.0441593 0.043537 0.0429713 0.0424604 0.0420026 0.0415965 0.0412408 0.0409345 0.0406767 0.0404667 0.040304 0.040188 0.0401186 0.0400955 0.0401186 0.040188 0.040304 0.0404667 0.0406767 0.0409345 0.0412408 0.0415965 0.0420026 0.0424604 0.0429713 0.043537 0.0441593 0.0448404 0.0455828 0.046389 0.0472619 0.0482048 0.0492209 0.0503138 0.0514871 0.0527446 0.0540898 0.055526 0.0570562 0.0586827 0.0604071 0.0622299 0.0641501 0.0661651 0.0682705 0.0704595 0.0727229 0.0750485 0.077421 0.0798216 0.0822277 0.0846126 0.0869455 0.0891908 0.0913089 0.0932559 0.0949848 0.0964462 0.0975904 0.0983688 0.0987359 0.0986517 0.0980829 0.0970043 0.0953996 0.0932617 0.0905942 0.0874115 0.0837409 0.0796239 0.0751164 0.070288 0.0652181 0.0599913 0.0546918 0.0493993 0.0441874 0.0391253 0.0342793 0.0297121 0.0254781 0.0216162 0.0181442 0.0150591 0.0123453 0.0099849 0.00796385 0.0062695 0.00488185 0.00376739 0.00288085 0.00217452 0.00160828 0.00115476 0.000797578 0.000525875 0.000329147 0.000194852 0.000108873 5.73616e-05 2.84929e-05 1.33477e-05 5.90083e-06 2.46382e-06 9.72497e-07 3.63209e-07 1.28474e-07 4.3078e-08 1.37039e-08 4.13914e-09 1.18694e-09 3.19508e-10 6.57024e-11 
0 2.66434e-10 1.04851e-09 3.70515e-09 1.23977e-08 3.93784e-08 1.18655e-07 3.38877e-07 9.16468e-07 2.34469e-06 5.66911e-06 1.29412e-05 2.78661e-05 5.65577e-05 0.00010815 0.000194852 0.000331046 0.00053144 0.000809074 0.00117483 0.00164007 0.00222232 0.00295128 0.00387033 0.00503034 0.00647806 0.00824636 0.0103538 0.0128134 0.0156422 0.018862 0.0224893 0.0265228 0.0309362 0.035682 0.0407 0.0459245 0.0512871 0.0567139 0.062123 0.0674246 0.0725252 0.077334 0.0817697 0.0857651 0.0892681 0.0922417 0.0946623 0.0965186 0.0978108 0.0985508 0.0987612 0.0984757 0.0977366 0.0965932 0.095099 0.0933091 0.0912781 0.089058 0.0866973 0.0842401 0.0817259 0.0791894 0.0766609 0.074166 0.0717263 0.0693593 0.0670786 0.0648946 0.0628141 0.0608417 0.0589791 0.0572262 0.0555815 0.0540419 0.0526038 0.0512626 0.0500138 0.0488525 0.0477738 0.046773 0.0458456 0.0449873 0.0441943 0.0434628 0.0427896 0.0421717 0.0416062 0.041091 0.0406238 0.0402027 0.0398261 0.0394925 0.0392009 0.03895 0.0387392 0.0385675 0.0384346 0.03834 0.0382833 0.0382644 0.0382833 0.03834 0.0384346 0.0385675 0.0387392 0.03895 0.0392009 0.0394925 0.0398261 0.0402027 0.0406238 0.041091 0.0416062 0.0421717 0.0427896 0.0434628 0.0441943 0.0449873 0.0458456 0.046773 0.0477738 0.0488525 0.0500138 0.0512626 0.0526038 0.0540419 0.0555815 0.0572262 0.0589791 0.0608417 0.0628141 0.0648946 0.0670786 0.0693593 0.0717263 0.074166 0.0766609 0.0791894 0.0817259 0.0842401 0.0866973 0.089058 0.0912781 0.0933091 0.095099 0.0965932 0.0977366 0.0984757 0.0987612 0.0985508 0.0978108 0.0965186 0.0946623 0.0922417 0.0892681 0.0857651 0.0817697 0.077334 0.0725252 0.0674246 0.062123 0.0567139 0.0512871 0.0459245 0.0407 0.035682 0.0309362 0.0265228 0.0224893 0.018862 0.0156422 0.0128134 0.0103538 0.00824636 0.00647806 0.00503034 0.00387033 0.00295128 0.00222232 0.00164007 0.00117483 0.000809074 0.00053144 0.000331046 0.000194852 0.00010815 5.65577e-05 2.78661e-05 1.29412e-05 5.66911e-06 2.34469e-06 9.16468e-07 3.38877e-07 1.18655e-07 3.93783e-08 1.23969e-08 3.70212e-09 1.03713e-09 2.26414e-10 
0 8.53183e-10 3.24214e-09 1.10094e-08 3.5352e-08 1.07657e-07 3.10715e-07 8.49079e-07 2.19461e-06 5.35955e-06 1.23539e-05 2.68508e-05 5.49816e-05 0.000106008 0.00019244 0.000329147 0.00053144 0.000812933 0.00118496 0.00165935 0.00225463 0.00300248 0.00394929 0.00514892 0.00664961 0.0084838 0.010669 0.0132191 0.0161547 0.0195014 0.0232756 0.0274704 0.0320506 0.0369613 0.0421387 0.0475158 0.0530209 0.0585732 0.0640801 0.069441 0.0745544 0.0793263 0.0836767 0.0875414 0.0908715 0.0936326 0.0958027 0.0973732 0.0983487 0.0987481 0.0986033 0.0979578 0.096864 0.0953794 0.0935638 0.0914765 0.0891747 0.0867116 0.0841365 0.0814939 0.0788236 0.0761603 0.0735342 0.0709703 0.0684888 0.0661053 0.0638311 0.0616736 0.0596368 0.057722 0.055928 0.0542521 0.05269 0.051237 0.0498874 0.0486356 0.0474757 0.046402 0.045409 0.0444912 0.0436439 0.0428622 0.0421419 0.041479 0.0408699 0.0403112 0.0398001 0.0393339 0.0389102 0.0385269 0.0381823 0.0378746 0.0376027 0.0373652 0.0371612 0.0369899 0.0368506 0.0367428 0.0366661 0.0366201 0.0366048 0.0366201 0.0366661 0.0367428 0.0368506 0.0369899 0.0371612 0.0373652 0.0376027 0.0378746 0.0381823 0.0385269 0.0389102 0.0393339 0.0398001 0.0403112 0.0408699 0.041479 0.0421419 0.0428622 0.0436439 0.0444912 0.045409 0.046402 0.0474757 0.0486356 0.0498874 0.051237 0.05269 0.0542521 0.055928 0.057722 0.0596368 0.0616736 0.0638311 0.0661053 0.0684888 0.0709703 0.0735342 0.0761603 0.0788236 0.0814939 0.0841365 0.0867116 0.0891747 0.0914765 0.0935638 0.0953794 0.096864 0.0979578 0.0986033 0.0987481 0.0983487 0.0973732 0.0958027 0.0936326 0.0908715 0.0875414 0.0836767 0.0793263 0.0745544 0.069441 0.0640801 0.0585732 0.0530209 0.0475158 0.0421387 0.0369613 0.0320506 0.0274704 0.0232756 0.0195014 0.0161547 0.0132191 0.010669 0.0084838 0.00664961 0.00514892 0.00394929 0.00300248 0.00225463 0.00165935 0.00118496 0.000812933 0.00053144 0.000329147 0.00019244 0.000106008 5.49816e-05 2.68508e-05 1.23539e-05 5.35955e-06 2.19461e-06 8.49079e-07 3.10714e-07 1.07657e-07 3.53495e-08 1.1e-08 3.20909e-09 7.44452e-10 
0 2.60348e-09 9.55263e-09 3.11568e-08 9.59525e-08 2.79957e-07 7.73314e-07 2.0202e-06 4.9857e-06 1.16109e-05 2.54888e-05 5.26951e-05 0.000102526 0.000187696 0.000323504 0.000525875 0.000809074 0.00118496 0.00166582 0.00227091 0.00303357 0.00400279 0.00523531 0.00678107 0.00867238 0.0109262 0.0135576 0.016591 0.0200555 0.0239667 0.0283109 0.0330447 0.0381073 0.0434334 0.0489551 0.0545957 0.0602646 0.0658572 0.0712628 0.0763748 0.0810992 0.0853583 0.08909 0.0922465 0.0947932 0.0967098 0.0979912 0.0986496 0.0987135 0.0982256 0.0972398 0.0958165 0.0940192 0.0919118 0.0895559 0.0870106 0.0843309 0.0815674 0.0787662 0.075968 0.0732078 0.0705147 0.0679122 0.0654176 0.0630435 0.0607974 0.0586833 0.0567019 0.0548515 0.0531284 0.0515281 0.0500448 0.0486723 0.0474042 0.046234 0.0451553 0.0441618 0.0432473 0.0424061 0.0416326 0.040922 0.0402693 0.0396702 0.0391209 0.0386178 0.0381576 0.0377375 0.0373551 0.0370082 0.0366947 0.0364132 0.036162 0.0359402 0.0357466 0.0355803 0.0354407 0.0353273 0.0352395 0.035177 0.0351396 0.0351271 0.0351396 0.035177 0.0352395 0.0353273 0.0354407 0.0355803 0.0357466 0.0359402 0.036162 0.0364132 0.0366947 0.0370082 0.0373551 0.0377375 0.0381576 0.0386178 0.0391209 0.0396702 0.0402693 0.040922 0.0416326 0.0424061 0.0432473 0.0441618 0.0451553 0.046234 0.0474042 0.0486723 0.0500448 0.0515281 0.0531284 0.0548515 0.0567019 0.0586833 0.0607974 0.0630435 0.0654176 0.0679122 0.0705147 0.0732078 0.075968 0.0787662 0.0815674 0.0843309 0.0870106 0.0895559 0.0919118 0.0940192 0.0958165 0.0972398 0.0982256 0.0987135 0.0986496 0.0979912 0.0967098 0.0947932 0.0922465 0.08909 0.0853583 0.0810992 0.0763748 0.0712628 0.0658572 0.0602646 0.0545957 0.0489551 0.0434334 0.0381073 0.0330447 0.0283109 0.0239667 0.0200555 0.016591 0.0135576 0.0109262 0.00867238 0.00678107 0.00523531 0.00400279 0.00303357 0.00227091 0.00166582 0.00118496 0.000809074 0.000525875 0.000323504 0.000187696 0.000102526 5.26951e-05 2.54888e-05 1.16109e-05 4.9857e-06 2.0202e-06 7.73314e-07 2.79955e-07 9.5945e-08 3.11301e-08 9.46412e-09 2.33532e-09 
