0 0 0 0 0 0 0 0 0 0 0 0 0 0 0 0 0 0 0 0 0 0 0 0 0 0 0 0 0 0 0 0 0 0 0 0 0 0 0 0 0 0 0 0 0 0 0 0 0 0 0 0 0 0 0 0 0 0 0 0 0 0 0 0 0 0 0 0 0 0 0 0 0 0 0 0 0 0 0 0 0 0 0 0 0 0 0 0 0 0 0 0 0 0 0 0 0 0 0 0 0 0 0 0 0 0 0 0 0 0 0 0 0 0 0 0 0 0 0 0 0 0 0 0 0 0 0 0 0 0 0 0 0 0 0 0 0 0 0 0 0 0 0 0 0 0 0 0 0 0 0 0 0 0 0 0 0 0 0 0 0 0 0 0 0 0 0 0 0 0 0 0 0 0 0 0 0 0 0 0 0 0 0 0 0 0 0 0 0 0 0 0 0 0 0 0 0 0 0 0 
0 1.07982e-59 1.4063e-57 1.34926e-55 1.01704e-53 6.27221e-52 3.25442e-50 1.4499e-48 5.63302e-47 1.93178e-45 5.90523e-44 1.62203e-42 4.03019e-41 9.10934e-40 1.88207e-38 3.56922e-37 6.23541e-36 1.00665e-34 1.50597e-33 2.09286e-32 2.70766e-31 3.26752e-30 3.68435e-29 3.88771e-28 3.84434e-27 3.56688e-26 3.10875e-25 2.54774e-24 1.96518e-23 1.42789e-22 9.7807e-22 6.32027e-21 3.85548e-20 2.22161e-19 1.20992e-18 6.23137e-18 3.03658e-17 1.40085e-16 6.12115e-16 2.5348e-15 9.95334e-15 3.70819e-14 1.31158e-13 4.4072e-13 1.40792e-12 4.27942e-12 1.23868e-11 3.41744e-11 8.99611e-11 2.262e-10 5.43906e-10 1.25224e-09 2.76408e-09 5.85751e-09 1.19341e-08 2.34107e-08 4.42827e-08 8.08909e-08 1.42911e-07 2.44556e-07 4.05958e-07 6.54639e-07 1.02697e-06 1.56943e-06 2.33955e-06 3.40635e-06 4.85002e-06 6.76098e-06 9.23798e-06 1.23854e-05 1.63102e-05 2.11173e-05 2.69061e-05 3.37657e-05 4.17705e-05 5.09763e-05 6.14171e-05 7.31022e-05 8.60142e-05 0.000100108 0.000115312 0.000131525 0.000148622 0.000166455 0.000184853 0.000203629 0.000222581 0.000241497 0.000260158 0.000278343 0.000295831 0.000312406 0.000327862 0.000342005 0.000354653 0.000365645 0.000374839 0.000382117 0.000387384 0.000390572 0.000391639 0.000390572 0.000387384 0.000382117 0.000374839 0.000365645 0.000354653 0.000342005 0.000327862 0.000312406 0.000295831 0.000278343 0.000260158 0.000241497 0.000222581 0.000203629 0.000184853 0.000166455 0.000148622 0.000131525 0.000115312 0.000100108 8.60142e-05 7.31022e-05 6.14171e-05 5.09763e-05 4.17705e-05 3.37657e-05 2.69061e-05 2.11173e-05 1.63102e-05 1.23854e-05 9.23798e-06 6.76098e-06 4.85002e-06 3.40635e-06 2.33955e-06 1.56943e-06 1.02697e-06 6.54639e-07 4.05958e-07 2.44556e-07 1.42911e-07 8.08909e-08 4.42827e-08 2.34107e-08 1.19341e-08 5.85751e-09 2.76408e-09 1.25224e-09 5.43906e-10 2.262e-10 8.99611e-11 3.41744e-11 1.23868e-11 4.27942e-12 1.40792e-12 4.4072e-13 1.31158e-13 3.70819e-14 9.95334e-15 2.5348e-15 6.12115e-16 1.40085e-16 3.03658e-17 6.23137e-18 1.20992e-18 2.22161e-19 3.85548e-20 6.32027e-21 9.7807e-22 1.42789e-22 1.96518e-23 2.54774e-24 3.10875e-25 3.56688e-26 3.84434e-27 3.88771e-28 3.68435e-29 3.26752e-30 2.70766e-31 2.09286e-32 1.50597e-33 1.00665e-34 6.23541e-36 3.56922e-37 1.88207e-38 9.10934e-40 4.03019e-41 1.62203e-42 5.90523e-44 1.93178e-45 5.63302e-47 1.4499e-48 3.25442e-50 6.27221e-52 1.01704e-53 1.34926e-55 1.40627e-57 5.44014e-60 
0 1.4063e-57 1.36313e-55 1.03814e-53 6.46942e-52 3.39232e-50 1.52754e-48 5.99903e-47 2.07988e-45 6.42851e-44 1.78559e-42 4.48697e-41 1.02584e-39 2.1441e-38 4.11397e-37 7.27257e-36 1.18821e-34 1.79922e-33 2.53116e-32 3.31545e-31 4.05128e-30 4.62615e-29 4.94417e-28 4.95244e-27 4.65518e-26 4.1109e-25 3.41398e-24 2.66877e-23 1.9654e-22 1.36463e-21 8.93933e-21 5.52847e-20 3.22981e-19 1.78347e-18 9.31339e-18 4.60177e-17 2.15248e-16 9.53608e-16 4.0035e-15 1.59359e-14 6.01763e-14 2.15695e-13 7.34333e-13 2.37622e-12 7.31381e-12 2.14299e-11 5.9828e-11 1.59301e-10 4.04967e-10 9.84015e-10 2.2882e-09 5.09864e-09 1.09012e-08 2.23957e-08 4.42754e-08 8.43558e-08 1.55124e-07 2.75752e-07 4.7456e-07 7.91863e-07 1.28304e-06 2.02156e-06 3.10173e-06 4.64072e-06 6.77958e-06 9.68291e-06 1.3537e-05 1.85462e-05 2.49278e-05 3.29055e-05 4.27013e-05 5.45272e-05 6.85761e-05 8.50134e-05 0.000103969 0.000125529 0.000149731 0.000176563 0.000205952 0.000237775 0.00027185 0.000307942 0.000345768 0.000385001 0.000425272 0.000466182 0.000507306 0.0005482 0.000588411 0.000627481 0.000664957 0.000700398 0.000733381 0.000763508 0.000790413 0.000813768 0.000833284 0.00084872 0.000859885 0.00086664 0.000868901 0.00086664 0.000859885 0.00084872 0.000833284 0.000813768 0.000790413 0.000763508 0.000733381 0.000700398 0.000664957 0.000627481 0.000588411 0.0005482 0.000507306 0.000466182 0.000425272 0.000385001 0.000345768 0.000307942 0.00027185 0.000237775 0.000205952 0.000176563 0.000149731 0.000125529 0.000103969 8.50134e-05 6.85761e-05 5.45272e-05 4.27013e-05 3.29055e-05 2.49278e-05 1.85462e-05 1.3537e-05 9.68291e-06 6.77958e-06 4.64072e-06 3.10173e-06 2.02156e-06 1.28304e-06 7.91863e-07 4.7456e-07 2.75752e-07 1.55124e-07 8.43558e-08 4.42754e-08 2.23957e-08 1.09012e-08 5.09864e-09 2.2882e-09 9.84015e-10 4.04967e-10 1.59301e-10 5.9828e-11 2.14299e-11 7.31381e-12 2.37622e-12 7.34333e-13 2.15695e-13 6.01763e-14 1.59359e-14 4.0035e-15 9.53608e-16 2.15248e-16 4.60177e-17 9.31339e-18 1.78347e-18 3.22981e-19 5.52847e-20 8.93933e-21 1.36463e-21 1.9654e-22 2.66877e-23 3.41398e-24 4.1109e-25 4.65518e-26 4.95244e-27 4.94417e-28 4.62615e-29 4.05128e-30 3.31545e-31 2.53116e-32 1.79922e-33 1.18821e-34 7.27257e-36 4.11397e-37 2.1441e-38 1.02584e-39 4.48697e-41 1.78559e-42 6.42851e-44 2.07988e-45 5.99903e-47 1.52754e-48 3.39232e-50 6.46942e-52 1.03814e-53 1.36308e-55 7.14905e-58 
0 1.34926e-55 1.03814e-53 6.53609e-52 3.46295e-50 1.57574e-48 6.25403e-47 2.19154e-45 6.84701e-44 1.92264e-42 4.88473e-41 1.12923e-39 2.38679e-38 4.6317e-37 8.28179e-36 1.36878e-34 2.09687e-33 2.98468e-32 3.95601e-31 4.89199e-30 5.65369e-29 6.11596e-28 6.20134e-27 5.90112e-26 5.27591e-25 4.43623e-24 3.51139e-23 2.61852e-22 1.84107e-21 1.22129e-20 7.64861e-20 4.52491e-19 2.53012e-18 1.33782e-17 6.69261e-17 3.16915e-16 1.42116e-15 6.03818e-15 2.43189e-14 9.28922e-14 3.36705e-13 1.15881e-12 3.78913e-12 1.17799e-11 3.48455e-11 9.81582e-11 2.63561e-10 6.75229e-10 1.65239e-09 3.86709e-09 8.66588e-09 1.86202e-08 3.84157e-08 7.62124e-08 1.45609e-07 2.68328e-07 4.77675e-07 8.22748e-07 1.37322e-06 2.22443e-06 3.50229e-06 5.36757e-06 8.01886e-06 1.16937e-05 1.66676e-05 2.325e-05 3.17782e-05 4.26083e-05 5.61043e-05 7.26252e-05 9.25117e-05 0.000116073 0.000143571 0.000175214 0.00021114 0.000251414 0.000296017 0.000344848 0.000397721 0.000454363 0.000514423 0.000577473 0.000643017 0.000710497 0.000779303 0.000848781 0.000918247 0.000986992 0.0010543 0.00111945 0.00118173 0.00124046 0.00129497 0.00134466 0.00138895 0.00142733 0.00145937 0.00148468 0.00150298 0.00151405 0.00151775 0.00151405 0.00150298 0.00148468 0.00145937 0.00142733 0.00138895 0.00134466 0.00129497 0.00124046 0.00118173 0.00111945 0.0010543 0.000986992 0.000918247 0.000848781 0.000779303 0.000710497 0.000643017 0.000577473 0.000514423 0.000454363 0.000397721 0.000344848 0.000296017 0.000251414 0.00021114 0.000175214 0.000143571 0.000116073 9.25117e-05 7.26252e-05 5.61043e-05 4.26083e-05 3.17782e-05 2.325e-05 1.66676e-05 1.16937e-05 8.01886e-06 5.36757e-06 3.50229e-06 2.22443e-06 1.37322e-06 8.22748e-07 4.77675e-07 2.68328e-07 1.45609e-07 7.62124e-08 3.84157e-08 1.86202e-08 8.66588e-09 3.86709e-09 1.65239e-09 6.75229e-10 2.63561e-10 9.81582e-11 3.48455e-11 1.17799e-11 3.78913e-12 1.15881e-12 3.36705e-13 9.28922e-14 2.43189e-14 6.03818e-15 1.42116e-15 3.16915e-16 6.69261e-17 1.33782e-17 2.53012e-18 4.52491e-19 7.64861e-20 1.22129e-20 1.84107e-21 2.61852e-22 3.51139e-23 4.43623e-24 5.27591e-25 5.90112e-26 6.20134e-27 6.11596e-28 5.65369e-29 4.89199e-30 3.95601e-31 2.98468e-32 2.09687e-33 1.36878e-34 8.28179e-36 4.6317e-37 2.38679e-38 1.12923e-39 4.88473e-41 1.92264e-42 6.84701e-44 2.19154e-45 6.25403e-47 1.57574e-48 3.46295e-50 6.53609e-52 1.03807e-53 6.92209e-56 
0 1.01704e-53 6.46942e-52 3.46295e-50 1.59214e-48 6.38555e-47 2.26138e-45 7.14098e-44 2.0269e-42 5.20593e-41 1.21677e-39 2.6005e-38 5.10321e-37 9.22855e-36 1.54275e-34 2.39072e-33 3.44268e-32 4.61677e-31 5.77687e-30 6.75624e-29 7.3968e-28 7.59115e-27 7.31196e-26 6.61769e-25 5.63326e-24 4.51428e-23 3.40838e-22 2.42638e-21 1.62973e-20 1.03345e-19 6.19041e-19 3.50461e-18 1.87612e-17 9.50142e-17 4.55424e-16 2.06697e-15 8.88666e-15 3.62095e-14 1.39891e-13 5.12697e-13 1.78347e-12 5.89201e-12 1.84983e-11 5.5231e-11 1.56949e-10 4.24855e-10 1.09659e-09 2.70167e-09 6.36061e-09 1.43279e-08 3.09213e-08 6.40223e-08 1.27362e-07 2.43805e-07 4.49796e-07 8.01029e-07 1.37922e-06 2.29966e-06 3.71901e-06 5.8425e-06 8.92981e-06 1.32984e-05 1.93241e-05 2.74372e-05 3.81154e-05 5.18725e-05 6.92432e-05 9.07661e-05 0.000116965 0.000148328 0.000185291 0.000228217 0.000277386 0.000332978 0.000395064 0.000463606 0.000538448 0.000619318 0.000705833 0.000797499 0.000893724 0.00099382 0.00109702 0.00120247 0.00130928 0.00141648 0.00152309 0.0016281 0.00173047 0.00182919 0.00192327 0.00201171 0.00209362 0.00216811 0.00223439 0.00229174 0.00233956 0.0023773 0.00240456 0.00242104 0.00242655 0.00242104 0.00240456 0.0023773 0.00233956 0.00229174 0.00223439 0.00216811 0.00209362 0.00201171 0.00192327 0.00182919 0.00173047 0.0016281 0.00152309 0.00141648 0.00130928 0.00120247 0.00109702 0.00099382 0.000893724 0.000797499 0.000705833 0.000619318 0.000538448 0.000463606 0.000395064 0.000332978 0.000277386 0.000228217 0.000185291 0.000148328 0.000116965 9.07661e-05 6.92432e-05 5.18725e-05 3.81154e-05 2.74372e-05 1.93241e-05 1.32984e-05 8.92981e-06 5.8425e-06 3.71901e-06 2.29966e-06 1.37922e-06 8.01029e-07 4.49796e-07 2.43805e-07 1.27362e-07 6.40223e-08 3.09213e-08 1.43279e-08 6.36061e-09 2.70167e-09 1.09659e-09 4.24855e-10 1.56949e-10 5.5231e-11 1.84983e-11 5.89201e-12 1.78347e-12 5.12697e-13 1.39891e-13 3.62095e-14 8.88666e-15 2.06697e-15 4.55424e-16 9.50142e-17 1.87612e-17 3.50461e-18 6.19041e-19 1.03345e-19 1.62973e-20 2.42638e-21 3.40838e-22 4.51428e-23 5.63326e-24 6.61769e-25 7.31196e-26 7.59115e-27 7.3968e-28 6.75624e-29 5.77687e-30 4.61677e-31 3.44268e-32 2.39072e-33 1.54275e-34 9.22855e-36 5.10321e-37 2.6005e-38 1.21677e-39 5.20593e-41 2.0269e-42 7.14098e-44 2.26138e-45 6.38555e-47 1.59214e-48 3.46295e-50 6.46879e-52 5.26633e-54 
0 6.27221e-52 3.39232e-50 1.57574e-48 6.38555e-47 2.28516e-45 7.29265e-44 2.09214e-42 5.43167e-41 1.28341e-39 2.7732e-38 5.50275e-37 1.0063e-35 1.70134e-34 2.66669e-33 3.88446e-32 5.26996e-31 6.67171e-30 7.89526e-29 8.74703e-28 9.08485e-27 8.8567e-26 8.11343e-25 6.99114e-24 5.67142e-23 4.33498e-22 3.12429e-21 2.12457e-20 1.36399e-19 8.2719e-19 4.74107e-18 2.56938e-17 1.3172e-16 6.39044e-16 2.93523e-15 1.27692e-14 5.26349e-14 2.05664e-13 7.62106e-13 2.67952e-12 8.94362e-12 2.83559e-11 8.54538e-11 2.44961e-10 6.68489e-10 1.73827e-09 4.31126e-09 1.02102e-08 2.31165e-08 5.00999e-08 1.04082e-07 2.07572e-07 3.97997e-07 7.34841e-07 1.30861e-06 2.25131e-06 3.74788e-06 6.04741e-06 9.47305e-06 1.4429e-05 2.14034e-05 3.0966e-05 4.37597e-05 6.04869e-05 8.18901e-05 0.000108728 0.000141752 0.000181675 0.000229149 0.000284742 0.000348913 0.000422002 0.000504212 0.000595604 0.000696094 0.000805449 0.000923294 0.00104911 0.00118225 0.00132193 0.00146726 0.00161723 0.00177075 0.00192664 0.00208363 0.00224041 0.00239563 0.00254792 0.00269587 0.00283812 0.0029733 0.0031001 0.00321729 0.00332368 0.00341822 0.00349992 0.00356796 0.00362163 0.00366037 0.00368378 0.00369161 0.00368378 0.00366037 0.00362163 0.00356796 0.00349992 0.00341822 0.00332368 0.00321729 0.0031001 0.0029733 0.00283812 0.00269587 0.00254792 0.00239563 0.00224041 0.00208363 0.00192664 0.00177075 0.00161723 0.00146726 0.00132193 0.00118225 0.00104911 0.000923294 0.000805449 0.000696094 0.000595604 0.000504212 0.000422002 0.000348913 0.000284742 0.000229149 0.000181675 0.000141752 0.000108728 8.18901e-05 6.04869e-05 4.37597e-05 3.0966e-05 2.14034e-05 1.4429e-05 9.47305e-06 6.04741e-06 3.74788e-06 2.25131e-06 1.30861e-06 7.34841e-07 3.97997e-07 2.07572e-07 1.04082e-07 5.00999e-08 2.31165e-08 1.02102e-08 4.31126e-09 1.73827e-09 6.68489e-10 2.44961e-10 8.54538e-11 2.83559e-11 8.94362e-12 2.67952e-12 7.62106e-13 2.05664e-13 5.26349e-14 1.27692e-14 2.93523e-15 6.39044e-16 1.3172e-16 2.56938e-17 4.74107e-18 8.2719e-19 1.36399e-19 2.12457e-20 3.12429e-21 4.33498e-22 5.67142e-23 6.99114e-24 8.11343e-25 8.8567e-26 9.08485e-27 8.74703e-28 7.89526e-29 6.67171e-30 5.26996e-31 3.88446e-32 2.66669e-33 1.70134e-34 1.0063e-35 5.50275e-37 2.7732e-38 1.28341e-39 5.43167e-41 2.09214e-42 7.29265e-44 2.28516e-45 6.38555e-47 1.57574e-48 3.39186e-50 3.27857e-52 
0 3.25442e-50 1.52754e-48 6.25403e-47 2.26138e-45 7.29265e-44 2.11435e-42 5.54817e-41 1.32513e-39 2.89463e-38 5.80708e-37 1.07378e-35 1.83584e-34 2.91014e-33 4.28761e-32 5.88406e-31 7.53588e-30 9.02259e-29 1.01142e-27 1.063e-26 1.04874e-25 9.72332e-25 8.4801e-24 6.96328e-23 5.38767e-22 3.93074e-21 2.70593e-20 1.75866e-19 1.0797e-18 6.26453e-18 3.43666e-17 1.78331e-16 8.75648e-16 4.07014e-15 1.79155e-14 7.4705e-14 2.95215e-13 1.10605e-12 3.93047e-12 1.32544e-11 4.24377e-11 1.29086e-10 3.73282e-10 1.02696e-09 2.69025e-09 6.71692e-09 1.60008e-08 3.64092e-08 7.92361e-08 1.65145e-07 3.30118e-07 6.3386e-07 1.17092e-06 2.08441e-06 3.58165e-06 5.95065e-06 9.57545e-06 1.49485e-05 2.26778e-05 3.3487e-05 4.82069e-05 6.77594e-05 9.31326e-05 0.00012535 0.000165438 0.000214385 0.000273112 0.00034244 0.000423062 0.000515522 0.000620204 0.000737321 0.000866909 0.00100883 0.00116277 0.00132825 0.00150462 0.00169107 0.00188665 0.00209025 0.00230062 0.00251641 0.00273611 0.00295813 0.0031808 0.00340236 0.003621 0.00383487 0.00404213 0.00424094 0.0044295 0.00460606 0.00476897 0.00491668 0.00504777 0.00516095 0.00525513 0.00532937 0.00538293 0.00541528 0.0054261 0.00541528 0.00538293 0.00532937 0.00525513 0.00516095 0.00504777 0.00491668 0.00476897 0.00460606 0.0044295 0.00424094 0.00404213 0.00383487 0.003621 0.00340236 0.0031808 0.00295813 0.00273611 0.00251641 0.00230062 0.00209025 0.00188665 0.00169107 0.00150462 0.00132825 0.00116277 0.00100883 0.000866909 0.000737321 0.000620204 0.000515522 0.000423062 0.00034244 0.000273112 0.000214385 0.000165438 0.00012535 9.31326e-05 6.77594e-05 4.82069e-05 3.3487e-05 2.26778e-05 1.49485e-05 9.57545e-06 5.95065e-06 3.58165e-06 2.08441e-06 1.17092e-06 6.3386e-07 3.30118e-07 1.65145e-07 7.92361e-08 3.64092e-08 1.60008e-08 6.71692e-09 2.69025e-09 1.02696e-09 3.73282e-10 1.29086e-10 4.24377e-11 1.32544e-11 3.93047e-12 1.10605e-12 2.95215e-13 7.4705e-14 1.79155e-14 4.07014e-15 8.75648e-16 1.78331e-16 3.43666e-17 6.26453e-18 1.0797e-18 1.75866e-19 2.70593e-20 3.93074e-21 5.38767e-22 6.96328e-23 8.4801e-24 9.72332e-25 1.04874e-25 1.063e-26 1.01142e-27 9.02259e-29 7.53588e-30 5.88406e-31 4.28761e-32 2.91014e-33 1.83584e-34 1.07378e-35 5.80708e-37 2.89463e-38 1.32513e-39 5.54817e-41 2.11435e-42 7.29265e-44 2.26138e-45 6.25403e-47 1.52726e-48 1.71749e-50 
0 1.4499e-48 5.99903e-47 2.19154e-45 7.14098e-44 2.09214e-42 5.54817e-41 1.33933e-39 2.95732e-38 5.99767e-37 1.12126e-35 1.93834e-34 3.10715e-33 4.62977e-32 6.42627e-31 8.32523e-30 1.00836e-28 1.1436e-27 1.21612e-26 1.21407e-25 1.13908e-24 1.0054e-23 8.3556e-23 6.54354e-22 4.83229e-21 3.36725e-20 2.21528e-19 1.3767e-18 8.08549e-18 4.48972e-17 2.35801e-16 1.17179e-15 5.51158e-15 2.45457e-14 1.03536e-13 4.13787e-13 1.56742e-12 5.62969e-12 1.91806e-11 6.20185e-11 1.90414e-10 5.55464e-10 1.54062e-09 4.06592e-09 1.02195e-08 2.44873e-08 5.59979e-08 1.22363e-07 2.55832e-07 5.1251e-07 9.85265e-07 1.82054e-06 3.23865e-06 5.55631e-06 9.2092e-06 1.47717e-05 2.29706e-05 3.46899e-05 5.0964e-05 7.29593e-05 0.000101944 0.000139249 0.000186223 0.000244184 0.000314374 0.00039792 0.000495802 0.000608826 0.000737613 0.000882584 0.00104397 0.00122179 0.00141588 0.00162588 0.00185125 0.00209124 0.00234495 0.00261124 0.00288883 0.00317624 0.00347181 0.0037737 0.00407994 0.0043884 0.00469684 0.0050029 0.00530419 0.00559825 0.00588263 0.00615489 0.00641265 0.00665363 0.00687565 0.00707669 0.0072549 0.00740861 0.00753641 0.00763708 0.00770967 0.0077535 0.00776816 0.0077535 0.00770967 0.00763708 0.00753641 0.00740861 0.0072549 0.00707669 0.00687565 0.00665363 0.00641265 0.00615489 0.00588263 0.00559825 0.00530419 0.0050029 0.00469684 0.0043884 0.00407994 0.0037737 0.00347181 0.00317624 0.00288883 0.00261124 0.00234495 0.00209124 0.00185125 0.00162588 0.00141588 0.00122179 0.00104397 0.000882584 0.000737613 0.000608826 0.000495802 0.00039792 0.000314374 0.000244184 0.000186223 0.000139249 0.000101944 7.29593e-05 5.0964e-05 3.46899e-05 2.29706e-05 1.47717e-05 9.2092e-06 5.55631e-06 3.23865e-06 1.82054e-06 9.85265e-07 5.1251e-07 2.55832e-07 1.22363e-07 5.59979e-08 2.44873e-08 1.02195e-08 4.06592e-09 1.54062e-09 5.55464e-10 1.90414e-10 6.20185e-11 1.91806e-11 5.62969e-12 1.56742e-12 4.13787e-13 1.03536e-13 2.45457e-14 5.51158e-15 1.17179e-15 2.35801e-16 4.48972e-17 8.08549e-18 1.3767e-18 2.21528e-19 3.36725e-20 4.83229e-21 6.54354e-22 8.3556e-23 1.0054e-23 1.13908e-24 1.21407e-25 1.21612e-26 1.1436e-27 1.00836e-28 8.32523e-30 6.42627e-31 4.62977e-32 3.10715e-33 1.93834e-34 1.12126e-35 5.99767e-37 2.95732e-38 1.33933e-39 5.54817e-41 2.09214e-42 7.14098e-44 2.19154e-45 5.9976e-47 7.72649e-49 
0 5.63302e-47 2.07988e-45 6.84701e-44 2.0269e-42 5.43167e-41 1.32513e-39 2.95732e-38 6.06258e-37 1.14577e-35 2.00257e-34 3.24582e-33 4.8907e-32 6.86535e-31 8.99567e-30 1.10211e-28 1.26445e-27 1.36036e-26 1.37408e-25 1.3045e-24 1.16515e-23 9.79948e-23 7.76684e-22 5.80512e-21 4.09426e-20 2.72634e-19 1.71491e-18 1.01943e-17 5.72936e-17 3.0454e-16 1.53152e-15 7.28916e-15 3.28429e-14 1.40134e-13 5.66393e-13 2.16918e-12 7.87458e-12 2.71064e-11 8.85137e-11 2.74315e-10 8.07279e-10 2.25738e-09 6.00212e-09 1.51872e-08 3.66043e-08 8.4124e-08 1.84565e-07 3.87062e-07 7.76999e-07 1.49529e-06 2.76305e-06 4.91069e-06 8.40898e-06 1.38985e-05 2.22128e-05 3.4391e-05 5.16753e-05 7.54923e-05 0.000107417 0.000149125 0.000202331 0.000268733 0.000349946 0.000447459 0.000562591 0.000696468 0.000850007 0.00102391 0.00121868 0.0014346 0.00167175 0.00193004 0.00220913 0.00250852 0.00282745 0.00316495 0.00351981 0.00389054 0.00427541 0.00467244 0.00507939 0.00549379 0.00591294 0.00633397 0.00675385 0.00716946 0.00757757 0.00797495 0.00835836 0.00872462 0.00907067 0.00939355 0.00969049 0.00995893 0.0101965 0.0104012 0.0105712 0.010705 0.0108014 0.0108596 0.010879 0.0108596 0.0108014 0.010705 0.0105712 0.0104012 0.0101965 0.00995893 0.00969049 0.00939355 0.00907067 0.00872462 0.00835836 0.00797495 0.00757757 0.00716946 0.00675385 0.00633397 0.00591294 0.00549379 0.00507939 0.00467244 0.00427541 0.00389054 0.00351981 0.00316495 0.00282745 0.00250852 0.00220913 0.00193004 0.00167175 0.0014346 0.00121868 0.00102391 0.000850007 0.000696468 0.000562591 0.000447459 0.000349946 0.000268733 0.000202331 0.000149125 0.000107417 7.54923e-05 5.16753e-05 3.4391e-05 2.22128e-05 1.38985e-05 8.40898e-06 4.91069e-06 2.76305e-06 1.49529e-06 7.76999e-07 3.87062e-07 1.84565e-07 8.4124e-08 3.66043e-08 1.51872e-08 6.00212e-09 2.25738e-09 8.07279e-10 2.74315e-10 8.85137e-11 2.71064e-11 7.87458e-12 2.16918e-12 5.66393e-13 1.40134e-13 3.28429e-14 7.28916e-15 1.53152e-15 3.0454e-16 5.72936e-17 1.01943e-17 1.71491e-18 2.72634e-19 4.09426e-20 5.80512e-21 7.76684e-22 9.79948e-23 1.16515e-23 1.3045e-24 1.37408e-25 1.36036e-26 1.26445e-27 1.10211e-28 8.99567e-30 6.86535e-31 4.8907e-32 3.24582e-33 2.00257e-34 1.14577e-35 6.06258e-37 2.95732e-38 1.32513e-39 5.43167e-41 2.0269e-42 6.84701e-44 2.07926e-45 3.03163e-47 
0 1.93178e-45 6.42851e-44 1.92264e-42 5.20593e-41 1.28341e-39 2.89463e-38 5.99767e-37 1.14577e-35 2.02444e-34 3.31745e-33 5.05423e-32 7.17455e-31 9.50725e-30 1.17809e-28 1.36717e-27 1.48793e-26 1.52049e-25 1.46049e-24 1.31992e-23 1.12333e-22 9.00978e-22 6.81503e-21 4.86448e-20 3.27835e-19 2.08708e-18 1.25566e-17 7.14211e-17 3.84194e-16 1.95516e-15 9.41559e-15 4.29203e-14 1.85243e-13 7.57181e-13 2.93191e-12 1.07577e-11 3.74147e-11 1.23388e-10 3.86006e-10 1.14606e-09 3.23111e-09 8.65589e-09 2.205e-08 5.34589e-08 1.23473e-07 2.71985e-07 5.72114e-07 1.15074e-06 2.21654e-06 4.09519e-06 7.26961e-06 1.24211e-05 2.04652e-05 3.25765e-05 5.01942e-05 7.50061e-05 0.00010891 0.000153952 0.000212255 0.000285938 0.000377042 0.000487468 0.000618928 0.000772923 0.000950731 0.00115341 0.00138183 0.00163664 0.00191833 0.00222719 0.00256332 0.00292659 0.00331662 0.00373276 0.00417405 0.00463916 0.00512641 0.00563375 0.00615875 0.0066986 0.00725018 0.00781005 0.0083745 0.00893963 0.00950138 0.0100556 0.010598 0.0111245 0.011631 0.0121134 0.0125678 0.0129908 0.0133788 0.0137289 0.0140381 0.014304 0.0145246 0.0146979 0.0148227 0.014898 0.0149232 0.014898 0.0148227 0.0146979 0.0145246 0.014304 0.0140381 0.0137289 0.0133788 0.0129908 0.0125678 0.0121134 0.011631 0.0111245 0.010598 0.0100556 0.00950138 0.00893963 0.0083745 0.00781005 0.00725018 0.0066986 0.00615875 0.00563375 0.00512641 0.00463916 0.00417405 0.00373276 0.00331662 0.00292659 0.00256332 0.00222719 0.00191833 0.00163664 0.00138183 0.00115341 0.000950731 0.000772923 0.000618928 0.000487468 0.000377042 0.000285938 0.000212255 0.000153952 0.00010891 7.50061e-05 5.01942e-05 3.25765e-05 2.04652e-05 1.24211e-05 7.26961e-06 4.09519e-06 2.21654e-06 1.15074e-06 5.72114e-07 2.71985e-07 1.23473e-07 5.34589e-08 2.205e-08 8.65589e-09 3.23111e-09 1.14606e-09 3.86006e-10 1.23388e-10 3.74147e-11 1.07577e-11 2.93191e-12 7.57181e-13 1.85243e-13 4.29203e-14 9.41559e-15 1.95516e-15 3.84194e-16 7.14211e-17 1.25566e-17 2.08708e-18 3.27835e-19 4.86448e-20 6.81503e-21 9.00978e-22 1.12333e-22 1.31992e-23 1.46049e-24 1.52049e-25 1.48793e-26 1.36717e-27 1.17809e-28 9.50725e-30 7.17455e-31 5.05423e-32 3.31745e-33 2.02444e-34 1.14577e-35 5.99767e-37 2.89463e-38 1.28341e-39 5.20593e-41 1.92263e-42 6.42614e-44 1.05016e-45 
0 5.90523e-44 1.78559e-42 4.88473e-41 1.21677e-39 2.7732e-38 5.80708e-37 1.12126e-35 2.00257e-34 3.31745e-33 5.10995e-32 7.33431e-31 9.828e-30 1.23161e-28 1.44559e-27 1.59137e-26 1.64503e-25 1.59855e-24 1.46165e-23 1.25865e-22 1.0215e-21 7.81883e-21 5.64778e-20 3.85193e-19 2.4817e-18 1.51102e-17 8.6977e-17 4.73469e-16 2.43813e-15 1.188e-14 5.47862e-14 2.39178e-13 9.88692e-13 3.87068e-12 1.4355e-11 5.04451e-11 1.68021e-10 5.30627e-10 1.58953e-09 4.51866e-09 1.21972e-08 3.12832e-08 7.62965e-08 1.77108e-07 3.9171e-07 8.26421e-07 1.66543e-06 3.21051e-06 5.92979e-06 1.05116e-05 1.79161e-05 2.94168e-05 4.66204e-05 7.14588e-05 0.00010615 0.000153127 0.000214949 0.000294199 0.000393387 0.000514873 0.000660813 0.000833133 0.00103354 0.00126351 0.00152439 0.00181733 0.00214336 0.00250336 0.00289806 0.00332794 0.00379324 0.00429384 0.00482921 0.00539838 0.00599984 0.00663157 0.007291 0.00797503 0.00868006 0.00940204 0.0101365 0.0108788 0.0116237 0.0123662 0.013101 0.0138226 0.014526 0.0152059 0.0158573 0.0164754 0.0170558 0.0175941 0.0180866 0.0185297 0.0189202 0.0192554 0.0195329 0.0197507 0.0199074 0.0200018 0.0200334 0.0200018 0.0199074 0.0197507 0.0195329 0.0192554 0.0189202 0.0185297 0.0180866 0.0175941 0.0170558 0.0164754 0.0158573 0.0152059 0.014526 0.0138226 0.013101 0.0123662 0.0116237 0.0108788 0.0101365 0.00940204 0.00868006 0.00797503 0.007291 0.00663157 0.00599984 0.00539838 0.00482921 0.00429384 0.00379324 0.00332794 0.00289806 0.00250336 0.00214336 0.00181733 0.00152439 0.00126351 0.00103354 0.000833133 0.000660813 0.000514873 0.000393387 0.000294199 0.000214949 0.000153127 0.00010615 7.14588e-05 4.66204e-05 2.94168e-05 1.79161e-05 1.05116e-05 5.92979e-06 3.21051e-06 1.66543e-06 8.26421e-07 3.9171e-07 1.77108e-07 7.62965e-08 3.12832e-08 1.21972e-08 4.51866e-09 1.58953e-09 5.30627e-10 1.68021e-10 5.04451e-11 1.4355e-11 3.87068e-12 9.88692e-13 2.39178e-13 5.47862e-14 1.188e-14 2.43813e-15 4.73469e-16 8.6977e-17 1.51102e-17 2.4817e-18 3.85193e-19 5.64778e-20 7.81883e-21 1.0215e-21 1.25865e-22 1.46165e-23 1.59855e-24 1.64503e-25 1.59137e-26 1.44559e-27 1.23161e-28 9.828e-30 7.33431e-31 5.10995e-32 3.31745e-33 2.00257e-34 1.12126e-35 5.80708e-37 2.7732e-38 1.21677e-39 4.88473e-41 1.7848e-42 3.24318e-44 
0 1.62203e-42 4.48697e-41 1.12923e-39 2.6005e-38 5.50275e-37 1.07378e-35 1.93834e-34 3.24582e-33 5.05423e-32 7.33431e-31 9.93729e-30 1.25928e-28 1.49478e-27 1.66428e-26 1.74017e-25 1.71056e-24 1.58229e-23 1.3785e-22 1.13196e-21 8.76692e-21 6.4079e-20 4.42246e-19 2.88332e-18 1.77654e-17 1.03481e-16 5.7002e-16 2.97011e-15 1.46423e-14 6.83119e-14 3.01656e-13 1.26106e-12 4.99164e-12 1.87119e-11 6.64424e-11 2.23527e-10 7.12671e-10 2.15411e-09 6.17508e-09 1.67967e-08 4.33779e-08 1.06434e-07 2.48329e-07 5.5148e-07 1.16701e-06 2.35625e-06 4.54559e-06 8.39212e-06 1.4853e-05 2.52475e-05 4.12991e-05 6.51431e-05 9.92938e-05 0.000146569 0.00020998 0.000292605 0.000397466 0.000527427 0.000685129 0.000872971 0.00109313 0.0013476 0.00163825 0.00196689 0.00233526 0.00274505 0.00319781 0.00369492 0.00423747 0.00482612 0.00546101 0.00614167 0.00686692 0.00763485 0.0084428 0.00928734 0.0101644 0.0110692 0.0119965 0.0129406 0.0138954 0.0148547 0.0158118 0.0167603 0.0176938 0.0186059 0.0194903 0.020341 0.0211525 0.0219194 0.0226366 0.0232996 0.0239042 0.0244466 0.0249234 0.0253318 0.0256693 0.0259339 0.026124 0.0262385 0.0262768 0.0262385 0.026124 0.0259339 0.0256693 0.0253318 0.0249234 0.0244466 0.0239042 0.0232996 0.0226366 0.0219194 0.0211525 0.020341 0.0194903 0.0186059 0.0176938 0.0167603 0.0158118 0.0148547 0.0138954 0.0129406 0.0119965 0.0110692 0.0101644 0.00928734 0.0084428 0.00763485 0.00686692 0.00614167 0.00546101 0.00482612 0.00423747 0.00369492 0.00319781 0.00274505 0.00233526 0.00196689 0.00163825 0.0013476 0.00109313 0.000872971 0.000685129 0.000527427 0.000397466 0.000292605 0.00020998 0.000146569 9.92938e-05 6.51431e-05 4.12991e-05 2.52475e-05 1.4853e-05 8.39212e-06 4.54559e-06 2.35625e-06 1.16701e-06 5.5148e-07 2.48329e-07 1.06434e-07 4.33779e-08 1.67967e-08 6.17508e-09 2.15411e-09 7.12671e-10 2.23527e-10 6.64424e-11 1.87119e-11 4.99164e-12 1.26106e-12 3.01656e-13 6.83119e-14 1.46423e-14 2.97011e-15 5.7002e-16 1.03481e-16 1.77654e-17 2.88332e-18 4.42246e-19 6.4079e-20 8.76692e-21 1.13196e-21 1.3785e-22 1.58229e-23 1.71056e-24 1.74017e-25 1.66428e-26 1.49478e-27 1.25928e-28 9.93729e-30 7.33431e-31 5.05423e-32 3.24582e-33 1.93834e-34 1.07378e-35 5.50275e-37 2.6005e-38 1.12923e-39 4.48461e-41 9.00128e-43 
0 4.03019e-41 1.02584e-39 2.38679e-38 5.10321e-37 1.0063e-35 1.83584e-34 3.10715e-33 4.8907e-32 7.17455e-31 9.828e-30 1.25928e-28 1.51155e-27 1.70197e-26 1.79986e-25 1.78955e-24 1.67449e-23 1.4758e-22 1.22603e-21 9.60718e-21 7.10501e-20 4.96169e-19 3.2733e-18 2.0408e-17 1.20287e-16 6.70452e-16 3.53467e-15 1.76301e-14 8.32079e-14 3.71658e-13 1.57128e-12 6.28858e-12 2.38287e-11 8.54993e-11 2.90545e-10 9.35281e-10 2.85274e-09 8.24737e-09 2.26087e-08 5.87982e-08 1.4516e-07 3.40447e-07 7.5921e-07 1.61154e-06 3.26001e-06 6.29358e-06 1.16134e-05 2.05191e-05 3.47785e-05 5.66627e-05 8.89303e-05 0.000134754 0.000197597 0.000281055 0.000388697 0.000523933 0.00068993 0.000889594 0.00112561 0.00140053 0.00171686 0.00207714 0.00248399 0.00294011 0.00344816 0.00401065 0.0046298 0.0053073 0.00604419 0.00684069 0.00769604 0.00860854 0.00957541 0.0105929 0.0116564 0.0127604 0.0138988 0.0150646 0.0162508 0.0174498 0.0186539 0.0198553 0.0210463 0.0222193 0.0233667 0.0244815 0.0255568 0.0265861 0.0275634 0.0284831 0.0293399 0.0301292 0.0308466 0.0314885 0.0320513 0.0325324 0.0329292 0.0332399 0.0334629 0.0335971 0.0336419 0.0335971 0.0334629 0.0332399 0.0329292 0.0325324 0.0320513 0.0314885 0.0308466 0.0301292 0.0293399 0.0284831 0.0275634 0.0265861 0.0255568 0.0244815 0.0233667 0.0222193 0.0210463 0.0198553 0.0186539 0.0174498 0.0162508 0.0150646 0.0138988 0.0127604 0.0116564 0.0105929 0.00957541 0.00860854 0.00769604 0.00684069 0.00604419 0.0053073 0.0046298 0.00401065 0.00344816 0.00294011 0.00248399 0.00207714 0.00171686 0.00140053 0.00112561 0.000889594 0.00068993 0.000523933 0.000388697 0.000281055 0.000197597 0.000134754 8.89303e-05 5.66627e-05 3.47785e-05 2.05191e-05 1.16134e-05 6.29358e-06 3.26001e-06 1.61154e-06 7.5921e-07 3.40447e-07 1.4516e-07 5.87982e-08 2.26087e-08 8.24737e-09 2.85274e-09 9.35281e-10 2.90545e-10 8.54993e-11 2.38287e-11 6.28858e-12 1.57128e-12 3.71658e-13 8.32079e-14 1.76301e-14 3.53467e-15 6.70452e-16 1.20287e-16 2.0408e-17 3.2733e-18 4.96169e-19 7.10501e-20 9.60718e-21 1.22603e-21 1.4758e-22 1.67449e-23 1.78955e-24 1.79986e-25 1.70197e-26 1.51155e-27 1.25928e-28 9.828e-30 7.17455e-31 4.8907e-32 3.10715e-33 1.83584e-34 1.0063e-35 5.10321e-37 2.38679e-38 1.0252e-39 2.26028e-41 
0 9.10934e-40 2.1441e-38 4.6317e-37 9.22855e-36 1.70134e-34 2.91014e-33 4.62977e-32 6.86535e-31 9.50725e-30 1.23161e-28 1.49478e-27 1.70197e-26 1.8202e-25 1.83039e-24 1.73236e-23 1.54443e-22 1.29796e-21 1.02896e-20 7.69902e-20 5.43985e-19 3.63114e-18 2.29069e-17 1.36614e-16 7.70448e-16 4.1097e-15 2.07383e-14 9.90145e-14 4.47343e-13 1.91268e-12 7.74007e-12 2.96474e-11 1.075e-10 3.69025e-10 1.19948e-09 3.69235e-09 1.07668e-08 2.97498e-08 7.79246e-08 1.93592e-07 4.56463e-07 1.02231e-06 2.17689e-06 4.41236e-06 8.5245e-06 1.57217e-05 2.77279e-05 4.68548e-05 7.6019e-05 0.000118686 0.00017874 0.0002603 0.000367512 0.000504374 0.000674616 0.000881682 0.00112879 0.00141905 0.00175566 0.00214199 0.00258166 0.00307857 0.00363672 0.00426004 0.00495214 0.00571603 0.00655384 0.00746665 0.00845428 0.00951524 0.0106467 0.0118446 0.0131036 0.0144175 0.015779 0.0171803 0.018613 0.0200684 0.0215373 0.0230108 0.0244798 0.0259353 0.0273687 0.0287716 0.030136 0.0314543 0.0327194 0.0339246 0.0350638 0.0361314 0.0371223 0.0380318 0.038856 0.0395913 0.0402345 0.0407831 0.0412348 0.041588 0.0418412 0.0419935 0.0420443 0.0419935 0.0418412 0.041588 0.0412348 0.0407831 0.0402345 0.0395913 0.038856 0.0380318 0.0371223 0.0361314 0.0350638 0.0339246 0.0327194 0.0314543 0.030136 0.0287716 0.0273687 0.0259353 0.0244798 0.0230108 0.0215373 0.0200684 0.018613 0.0171803 0.015779 0.0144175 0.0131036 0.0118446 0.0106467 0.00951524 0.00845428 0.00746665 0.00655384 0.00571603 0.00495214 0.00426004 0.00363672 0.00307857 0.00258166 0.00214199 0.00175566 0.00141905 0.00112879 0.000881682 0.000674616 0.000504374 0.000367512 0.0002603 0.00017874 0.000118686 7.6019e-05 4.68548e-05 2.77279e-05 1.57217e-05 8.5245e-06 4.41236e-06 2.17689e-06 1.02231e-06 4.56463e-07 1.93592e-07 7.79246e-08 2.97498e-08 1.07668e-08 3.69235e-09 1.19948e-09 3.69025e-10 1.075e-10 2.96474e-11 7.74007e-12 1.91268e-12 4.47343e-13 9.90145e-14 2.07383e-14 4.1097e-15 7.70448e-16 1.36614e-16 2.29069e-17 3.63114e-18 5.43985e-19 7.69902e-20 1.02896e-20 1.29796e-21 1.54443e-22 1.73236e-23 1.83039e-24 1.8202e-25 1.70197e-26 1.49478e-27 1.23161e-28 9.50725e-30 6.86535e-31 4.62977e-32 2.91014e-33 1.70134e-34 9.22855e-36 4.6317e-37 2.14257e-38 5.1641e-40 
0 1.88207e-38 4.11397e-37 8.28179e-36 1.54275e-34 2.66669e-33 4.28761e-32 6.42627e-31 8.99567e-30 1.17809e-28 1.44559e-27 1.66428e-26 1.79986e-25 1.83039e-24 1.75209e-23 1.57993e-22 1.34312e-21 1.07712e-20 8.15336e-20 5.82836e-19 3.93619e-18 2.51237e-17 1.516e-16 8.65032e-16 4.66842e-15 2.38332e-14 1.15112e-13 5.26049e-13 2.27472e-12 9.30782e-12 3.60415e-11 1.32072e-10 4.58033e-10 1.50345e-09 4.67129e-09 1.37408e-08 3.82746e-08 1.00989e-07 2.52516e-07 5.98681e-07 1.3468e-06 2.87734e-06 5.84428e-06 1.13e-05 2.08299e-05 3.66699e-05 6.17723e-05 9.97894e-05 0.000154958 0.000231893 0.000335338 0.000469921 0.000639981 0.000849524 0.0011023 0.001402 0.00175246 0.00215792 0.00262311 0.00315326 0.00375393 0.00443072 0.00518893 0.00603312 0.00696679 0.00799203 0.00910934 0.0103175 0.0116138 0.0129936 0.0144511 0.0159792 0.0175697 0.0192136 0.0209014 0.0226229 0.024368 0.026126 0.0278868 0.0296399 0.0313755 0.0330837 0.0347553 0.0363815 0.037954 0.0394652 0.0409079 0.0422756 0.0435625 0.0447634 0.0458735 0.0468888 0.0478057 0.0486212 0.0493328 0.0499382 0.0504358 0.0508242 0.0511023 0.0512695 0.0513253 0.0512695 0.0511023 0.0508242 0.0504358 0.0499382 0.0493328 0.0486212 0.0478057 0.0468888 0.0458735 0.0447634 0.0435625 0.0422756 0.0409079 0.0394652 0.037954 0.0363815 0.0347553 0.0330837 0.0313755 0.0296399 0.0278868 0.026126 0.024368 0.0226229 0.0209014 0.0192136 0.0175697 0.0159792 0.0144511 0.0129936 0.0116138 0.0103175 0.00910934 0.00799203 0.00696679 0.00603312 0.00518893 0.00443072 0.00375393 0.00315326 0.00262311 0.00215792 0.00175246 0.001402 0.0011023 0.000849524 0.000639981 0.000469921 0.000335338 0.000231893 0.000154958 9.97894e-05 6.17723e-05 3.66699e-05 2.08299e-05 1.13e-05 5.84428e-06 2.87734e-06 1.3468e-06 5.98681e-07 2.52516e-07 1.00989e-07 3.82746e-08 1.37408e-08 4.67129e-09 1.50345e-09 4.58033e-10 1.32072e-10 3.60415e-11 9.30782e-12 2.27472e-12 5.26049e-13 1.15112e-13 2.38332e-14 4.66842e-15 8.65032e-16 1.516e-16 2.51237e-17 3.93619e-18 5.82836e-19 8.15336e-20 1.07712e-20 1.34312e-21 1.57993e-22 1.75209e-23 1.83039e-24 1.79986e-25 1.66428e-26 1.44559e-27 1.17809e-28 8.99567e-30 6.42627e-31 4.28761e-32 2.66669e-33 1.54275e-34 8.28178e-36 4.11058e-37 1.0787e-38 
0 3.56922e-37 7.27257e-36 1.36878e-34 2.39072e-33 3.88446e-32 5.88406e-31 8.32523e-30 1.10211e-28 1.36717e-27 1.59137e-26 1.74017e-25 1.78955e-24 1.73236e-23 1.57993e-22 1.35851e-21 1.10203e-20 8.43869e-20 6.1026e-19 4.16959e-18 2.69254e-17 1.64379e-16 9.4896e-16 5.18137e-15 2.67607e-14 1.30752e-13 6.04394e-13 2.64321e-12 1.09367e-11 4.28133e-11 1.58565e-10 5.55608e-10 1.84189e-09 5.77708e-09 1.71451e-08 4.81521e-08 1.28007e-07 3.22206e-07 7.68271e-07 1.73635e-06 3.72254e-06 7.57797e-06 1.46657e-05 2.70223e-05 4.74854e-05 7.97408e-05 0.000128252 0.000198061 0.000294498 0.000422858 0.000588148 0.000794978 0.00104764 0.00135032 0.0017075 0.0021242 0.00260627 0.00316036 0.00379375 0.00451394 0.0053282 0.00624293 0.00726321 0.00839237 0.00963174 0.0109806 0.012436 0.0139934 0.0156462 0.0173866 0.0192055 0.0210928 0.0230379 0.0250295 0.0270559 0.0291053 0.0311658 0.0332257 0.0352734 0.0372977 0.0392878 0.0412334 0.0431249 0.0449535 0.0467109 0.0483898 0.0499835 0.0514862 0.0528928 0.0541989 0.0554007 0.0564952 0.0574798 0.0583524 0.0591114 0.0597554 0.0602835 0.060695 0.0609892 0.0611658 0.0612248 0.0611658 0.0609892 0.060695 0.0602835 0.0597554 0.0591114 0.0583524 0.0574798 0.0564952 0.0554007 0.0541989 0.0528928 0.0514862 0.0499835 0.0483898 0.0467109 0.0449535 0.0431249 0.0412334 0.0392878 0.0372977 0.0352734 0.0332257 0.0311658 0.0291053 0.0270559 0.0250295 0.0230379 0.0210928 0.0192055 0.0173866 0.0156462 0.0139934 0.012436 0.0109806 0.00963174 0.00839237 0.00726321 0.00624293 0.0053282 0.00451394 0.00379375 0.00316036 0.00260627 0.0021242 0.0017075 0.00135032 0.00104764 0.000794978 0.000588148 0.000422858 0.000294498 0.000198061 0.000128252 7.97408e-05 4.74854e-05 2.70223e-05 1.46657e-05 7.57797e-06 3.72254e-06 1.73635e-06 7.68271e-07 3.22206e-07 1.28007e-07 4.81521e-08 1.71451e-08 5.77708e-09 1.84189e-09 5.55608e-10 1.58565e-10 4.28133e-11 1.09367e-11 2.64321e-12 6.04394e-13 1.30752e-13 2.67607e-14 5.18137e-15 9.4896e-16 1.64379e-16 2.69254e-17 4.16959e-18 6.1026e-19 8.43869e-20 1.10203e-20 1.35851e-21 1.57993e-22 1.73236e-23 1.78955e-24 1.74017e-25 1.59137e-26 1.36717e-27 1.10211e-28 8.32523e-30 5.88406e-31 3.88446e-32 2.39072e-33 1.36878e-34 7.26575e-36 2.06862e-37 
0 6.23541e-36 1.18821e-34 2.09687e-33 3.44268e-32 5.26996e-31 7.53588e-30 1.00836e-28 1.26445e-27 1.48793e-26 1.64503e-25 1.71056e-24 1.67449e-23 1.54443e-22 1.34312e-21 1.10203e-20 8.536e-20 6.2445e-19 4.31619e-18 2.81975e-17 1.74159e-16 1.01719e-15 5.61884e-15 2.93585e-14 1.45109e-13 6.78485e-13 3.00104e-12 1.25568e-11 4.96978e-11 1.86046e-10 6.5872e-10 2.20573e-09 6.98488e-09 2.09179e-08 5.92451e-08 1.58714e-07 4.02253e-07 9.64838e-07 2.19126e-06 4.71529e-06 9.62242e-06 1.86429e-05 3.43403e-05 6.02417e-05 0.000100849 0.00016149 0.000248017 0.000366411 0.000522413 0.00072131 0.000967944 0.00126699 0.0016234 0.0020429 0.0025323 0.00309968 0.00375413 0.00450525 0.0053625 0.00633445 0.00742802 0.00864805 0.00999689 0.0114744 0.0130778 0.0148024 0.0166414 0.0185861 0.0206269 0.0227529 0.0249522 0.0272123 0.0295203 0.0318628 0.0342261 0.0365968 0.0389612 0.0413064 0.0436194 0.0458884 0.0481021 0.0502499 0.0523226 0.0543115 0.0562094 0.0580099 0.0597075 0.0612978 0.0627771 0.0641427 0.0653924 0.0665248 0.0675386 0.0684333 0.0692086 0.0698644 0.0704006 0.0708174 0.071115 0.0712934 0.0713529 0.0712934 0.071115 0.0708174 0.0704006 0.0698644 0.0692086 0.0684333 0.0675386 0.0665248 0.0653924 0.0641427 0.0627771 0.0612978 0.0597075 0.0580099 0.0562094 0.0543115 0.0523226 0.0502499 0.0481021 0.0458884 0.0436194 0.0413064 0.0389612 0.0365968 0.0342261 0.0318628 0.0295203 0.0272123 0.0249522 0.0227529 0.0206269 0.0185861 0.0166414 0.0148024 0.0130778 0.0114744 0.00999689 0.00864805 0.00742802 0.00633445 0.0053625 0.00450525 0.00375413 0.00309968 0.0025323 0.0020429 0.0016234 0.00126699 0.000967944 0.00072131 0.000522413 0.000366411 0.000248017 0.00016149 0.000100849 6.02417e-05 3.43403e-05 1.86429e-05 9.62242e-06 4.71529e-06 2.19126e-06 9.64838e-07 4.02253e-07 1.58714e-07 5.92451e-08 2.09179e-08 6.98488e-09 2.20573e-09 6.5872e-10 1.86046e-10 4.96978e-11 1.25568e-11 3.00104e-12 6.78485e-13 1.45109e-13 2.93585e-14 5.61884e-15 1.01719e-15 1.74159e-16 2.81975e-17 4.31619e-18 6.2445e-19 8.536e-20 1.10203e-20 1.34312e-21 1.54443e-22 1.67449e-23 1.71056e-24 1.64503e-25 1.48793e-26 1.26445e-27 1.00836e-28 7.53588e-30 5.26996e-31 3.44268e-32 2.09686e-33 1.18695e-34 3.65517e-36 
0 1.00665e-34 1.79922e-33 2.98468e-32 4.61677e-31 6.67171e-30 9.02259e-29 1.1436e-27 1.36036e-26 1.52049e-25 1.59855e-24 1.58229e-23 1.4758e-22 1.29796e-21 1.07712e-20 8.43869e-20 6.2445e-19 4.36619e-18 2.88558e-17 1.80303e-16 1.06536e-15 5.95366e-15 3.14704e-14 1.57352e-13 7.44216e-13 3.3294e-12 1.40879e-11 5.63764e-11 2.13341e-10 7.63347e-10 2.58219e-09 8.25702e-09 2.49569e-08 7.12974e-08 1.92522e-07 4.91424e-07 1.18605e-06 2.70755e-06 5.84953e-06 1.19694e-05 2.32211e-05 4.27695e-05 7.49123e-05 0.000125035 0.000199359 0.000304507 0.000447016 0.000632953 0.000867796 0.00115667 0.00150489 0.00191862 0.00240547 0.00297474 0.00363729 0.00440494 0.00528962 0.00630231 0.00745215 0.00874574 0.0101868 0.0117759 0.0135108 0.015387 0.0173973 0.019533 0.021784 0.0241385 0.0265839 0.0291065 0.0316918 0.0343246 0.0369893 0.0396698 0.0423504 0.0450153 0.0476494 0.0502383 0.0527687 0.0552282 0.057606 0.0598924 0.0620791 0.0641593 0.0661273 0.0679789 0.0697108 0.0713207 0.0728075 0.0741706 0.0754099 0.0765261 0.07752 0.0783927 0.0791457 0.07978 0.0802971 0.080698 0.0809836 0.0811547 0.0812117 0.0811547 0.0809836 0.080698 0.0802971 0.07978 0.0791457 0.0783927 0.07752 0.0765261 0.0754099 0.0741706 0.0728075 0.0713207 0.0697108 0.0679789 0.0661273 0.0641593 0.0620791 0.0598924 0.057606 0.0552282 0.0527687 0.0502383 0.0476494 0.0450153 0.0423504 0.0396698 0.0369893 0.0343246 0.0316918 0.0291065 0.0265839 0.0241385 0.021784 0.019533 0.0173973 0.015387 0.0135108 0.0117759 0.0101868 0.00874574 0.00745215 0.00630231 0.00528962 0.00440494 0.00363729 0.00297474 0.00240547 0.00191862 0.00150489 0.00115667 0.000867796 0.000632953 0.000447016 0.000304507 0.000199359 0.000125035 7.49123e-05 4.27695e-05 2.32211e-05 1.19694e-05 5.84953e-06 2.70755e-06 1.18605e-06 4.91424e-07 1.92522e-07 7.12974e-08 2.49569e-08 8.25702e-09 2.58219e-09 7.63347e-10 2.13341e-10 5.63764e-11 1.40879e-11 3.3294e-12 7.44216e-13 1.57352e-13 3.14704e-14 5.95366e-15 1.06536e-15 1.80303e-16 2.88558e-17 4.36619e-18 6.2445e-19 8.43869e-20 1.07712e-20 1.29796e-21 1.4758e-22 1.58229e-23 1.59855e-24 1.52049e-25 1.36036e-26 1.1436e-27 9.02259e-29 6.67171e-30 4.61677e-31 2.98467e-32 1.79708e-33 5.96966e-35 
