0 0 0 0 0 0 0 0 0 0 0 0 0 0 0 0 0 0 0 0 0 0 0 0 0 0 0 0 0 0 0 0 0 0 0 0 0 0 0 0 0 0 0 0 0 0 0 0 0 0 0 0 0 0 0 0 0 0 0 0 0 0 0 0 0 0 0 0 0 0 0 0 0 0 0 0 0 0 0 0 0 0 0 0 0 0 0 0 0 0 0 0 0 0 0 0 0 0 0 0 0 0 0 0 0 0 0 0 0 0 0 0 0 0 0 0 0 0 0 0 0 0 0 0 0 0 0 0 0 0 0 0 0 0 0 0 0 0 0 0 0 0 0 0 0 0 0 0 0 0 0 0 0 0 0 0 0 0 0 0 0 0 0 0 0 0 0 0 0 0 0 0 0 0 0 0 0 0 0 0 0 0 0 0 0 0 0 0 0 0 0 0 0 0 0 0 0 0 0 0 
0 6.13559e-08 1.8371e-07 4.72956e-07 1.14445e-06 2.62708e-06 5.72288e-06 1.18233e-05 2.31487e-05 4.29264e-05 7.53666e-05 0.000125289 0.000197346 0.000295015 0.000419846 0.000571616 0.000749889 0.000956759 0.00119963 0.00149225 0.00185254 0.00229751 0.00283716 0.00347062 0.00418676 0.00496896 0.00580151 0.0066739 0.00758062 0.00851682 0.00947246 0.010428 0.0113542 0.0122157 0.0129766 0.0136062 0.0140817 0.0143889 0.0145197 0.0144698 0.0142365 0.0138184 0.0132159 0.0124336 0.0114813 0.0103749 0.00913646 0.00779269 0.00637277 0.00490635 0.00342164 0.00194407 0.000495653 -0.000905109 -0.00224301 -0.00350568 -0.00468319 -0.00576776 -0.00675356 -0.00763666 -0.00841508 -0.00908875 -0.0096595 -0.0101309 -0.0105081 -0.0107976 -0.0110067 -0.0111434 -0.0112161 -0.0112329 -0.011202 -0.0111308 -0.0110264 -0.0108952 -0.0107429 -0.0105745 -0.0103945 -0.0102066 -0.0100142 -0.0098201 -0.00962666 -0.00943591 -0.00924954 -0.00906897 -0.00889537 -0.00872972 -0.00857279 -0.00842524 -0.00828755 -0.00816012 -0.00804326 -0.00793719 -0.00784207 -0.00775802 -0.0076851 -0.00762338 -0.00757286 -0.00753357 -0.00750551 -0.00748867 -0.00748306 -0.00748867 -0.00750551 -0.00753357 -0.00757286 -0.00762338 -0.0076851 -0.00775802 -0.00784207 -0.00793719 -0.00804326 -0.00816012 -0.00828755 -0.00842524 -0.00857279 -0.00872972 -0.00889537 -0.00906897 -0.00924954 -0.00943591 -0.00962666 -0.0098201 -0.0100142 -0.0102066 -0.0103945 -0.0105745 -0.0107429 -0.0108952 -0.0110264 -0.0111308 -0.011202 -0.0112329 -0.0112161 -0.0111434 -0.0110067 -0.0107976 -0.0105081 -0.0101309 -0.0096595 -0.00908875 -0.00841508 -0.00763666 -0.00675356 -0.00576776 -0.00468319 -0.00350568 -0.00224301 -0.000905109 0.000495653 0.00194407 0.00342164 0.00490635 0.00637277 0.00779269 0.00913646 0.0103749 0.0114813 0.0124336 0.0132159 0.0138184 0.0142365 0.0144698 0.0145197 0.0143889 0.0140817 0.0136062 0.0129766 0.0122157 0.0113542 0.010428 0.00947246 0.00851682 0.00758062 0.0066739 0.00580151 0.00496896 0.00418676 0.00347062 0.00283716 0.00229751 0.00185254 0.00149225 0.00119963 0.000956759 0.000749889 0.000571616 0.000419846 0.000295015 0.000197346 0.000125289 7.53666e-05 4.29264e-05 2.31487e-05 1.18232e-05 5.72285e-06 2.62696e-06 1.14412e-06 4.72118e-07 1.81792e-07 5.76634e-08 
0 1.8371e-07 5.36464e-07 1.33952e-06 3.13933e-06 6.97785e-06 1.47201e-05 2.94582e-05 5.58986e-05 0.000100549 0.000171467 0.000277387 0.000426313 0.000624063 0.00087368 0.0011766 0.0015358 0.00196 0.00246654 0.00308082 0.00383124 0.00474141 0.00582299 0.00707292 0.008476 0.0100111 0.011657 0.0133948 0.0152057 0.0170661 0.0189432 0.0207931 0.022563 0.0241956 0.0256348 0.02683 0.0277388 0.0283278 0.0285722 0.0284551 0.027968 0.0271103 0.0258906 0.0243267 0.0224458 0.0202834 0.0178817 0.015288 0.0125522 0.00972474 0.00685502 0.00398957 0.00117112 -0.00156222 -0.00417751 -0.00664721 -0.00894932 -0.0110673 -0.0129899 -0.0147107 -0.0162281 -0.017544 -0.0186643 -0.0195974 -0.020354 -0.0209466 -0.0213888 -0.0216947 -0.0218788 -0.0219555 -0.0219386 -0.0218416 -0.0216769 -0.0214563 -0.0211904 -0.0208889 -0.0205606 -0.0202133 -0.0198536 -0.0194877 -0.0191206 -0.0187568 -0.0183999 -0.0180532 -0.0177191 -0.0173998 -0.0170971 -0.0168123 -0.0165464 -0.0163003 -0.0160746 -0.0158698 -0.0156861 -0.0155239 -0.0153832 -0.0152641 -0.0151666 -0.0150908 -0.0150367 -0.0150042 -0.0149934 -0.0150042 -0.0150367 -0.0150908 -0.0151666 -0.0152641 -0.0153832 -0.0155239 -0.0156861 -0.0158698 -0.0160746 -0.0163003 -0.0165464 -0.0168123 -0.0170971 -0.0173998 -0.0177191 -0.0180532 -0.0183999 -0.0187568 -0.0191206 -0.0194877 -0.0198536 -0.0202133 -0.0205606 -0.0208889 -0.0211904 -0.0214563 -0.0216769 -0.0218416 -0.0219386 -0.0219555 -0.0218788 -0.0216947 -0.0213888 -0.0209466 -0.020354 -0.0195974 -0.0186643 -0.017544 -0.0162281 -0.0147107 -0.0129899 -0.0110673 -0.00894932 -0.00664721 -0.00417751 -0.00156222 0.00117112 0.00398957 0.00685502 0.00972474 0.0125522 0.015288 0.0178817 0.0202834 0.0224458 0.0243267 0.0258906 0.0271103 0.027968 0.0284551 0.0285722 0.0283278 0.0277388 0.02683 0.0256348 0.0241956 0.022563 0.0207931 0.0189432 0.0170661 0.0152057 0.0133948 0.011657 0.0100111 0.008476 0.00707292 0.00582299 0.00474141 0.00383124 0.00308082 0.00246654 0.00196 0.0015358 0.0011766 0.00087368 0.000624063 0.000426313 0.000277387 0.000171467 0.000100549 5.58986e-05 2.94581e-05 1.472e-05 6.97751e-06 3.13844e-06 1.33742e-06 5.32308e-07 1.77862e-07 
0 4.72956e-07 1.33952e-06 3.21961e-06 7.24571e-06 1.5451e-05 3.12562e-05 5.99718e-05 0.000109129 0.000188376 0.000308721 0.000481149 0.000715082 0.0010176 0.00139436 0.00185249 0.0024045 0.00307099 0.00388006 0.00486263 0.00604566 0.00744647 0.00907094 0.0109156 0.0129709 0.0152229 0.0176513 0.020226 0.0229047 0.0256329 0.0283471 0.0309798 0.033463 0.0357303 0.0377173 0.0393619 0.0406048 0.041393 0.041683 0.0414455 0.0406678 0.0393546 0.0375273 0.0352211 0.0324821 0.0293639 0.0259255 0.0222292 0.0183393 0.014321 0.0102393 0.00615733 0.00213488 -0.00177319 -0.00551856 -0.00906058 -0.0123669 -0.0154138 -0.0181856 -0.0206744 -0.0228787 -0.0248029 -0.0264556 -0.027849 -0.028998 -0.0299193 -0.0306308 -0.031151 -0.0314988 -0.0316928 -0.0317514 -0.0316924 -0.0315325 -0.0312877 -0.0309728 -0.0306015 -0.0301863 -0.0297384 -0.0292678 -0.0287833 -0.0282927 -0.0278027 -0.0273189 -0.0268463 -0.0263888 -0.0259499 -0.0255322 -0.025138 -0.0247691 -0.0244268 -0.0241123 -0.0238263 -0.0235695 -0.0233422 -0.0231449 -0.0229778 -0.0228409 -0.0227344 -0.0226582 -0.0226126 -0.0225973 -0.0226126 -0.0226582 -0.0227344 -0.0228409 -0.0229778 -0.0231449 -0.0233422 -0.0235695 -0.0238263 -0.0241123 -0.0244268 -0.0247691 -0.025138 -0.0255322 -0.0259499 -0.0263888 -0.0268463 -0.0273189 -0.0278027 -0.0282927 -0.0287833 -0.0292678 -0.0297384 -0.0301863 -0.0306015 -0.0309728 -0.0312877 -0.0315325 -0.0316924 -0.0317514 -0.0316928 -0.0314988 -0.031151 -0.0306308 -0.0299193 -0.028998 -0.027849 -0.0264556 -0.0248029 -0.0228787 -0.0206744 -0.0181856 -0.0154138 -0.0123669 -0.00906058 -0.00551856 -0.00177319 0.00213488 0.00615733 0.0102393 0.014321 0.0183393 0.0222292 0.0259255 0.0293639 0.0324821 0.0352211 0.0375273 0.0393546 0.0406678 0.0414455 0.041683 0.041393 0.0406048 0.0393619 0.0377173 0.0357303 0.033463 0.0309798 0.0283471 0.0256329 0.0229047 0.020226 0.0176513 0.0152229 0.0129709 0.0109156 0.00907094 0.00744647 0.00604566 0.00486263 0.00388006 0.00307099 0.0024045 0.00185249 0.00139436 0.0010176 0.000715082 0.000481149 0.000308721 0.000188376 0.000109129 5.99717e-05 3.12559e-05 1.54502e-05 7.24378e-06 3.21583e-06 1.33454e-06 4.75473e-07 
0 1.14445e-06 3.13933e-06 7.24571e-06 1.56097e-05 3.18212e-05 6.1488e-05 0.000112643 0.000195711 0.000322805 0.000506394 0.000757837 0.00108677 0.00150231 0.0020162 0.00264663 0.00342029 0.00437032 0.00553028 0.00692697 0.00857625 0.0104844 0.0126532 0.0150836 0.0177746 0.0207165 0.0238824 0.0272237 0.030672 0.0341461 0.0375608 0.0408329 0.0438834 0.0466362 0.0490163 0.0509497 0.052366 0.0532034 0.0534145 0.0529701 0.0518618 0.0501012 0.0477186 0.044759 0.0412791 0.0373446 0.0330276 0.0284046 0.0235546 0.0185573 0.0134912 0.00843137 0.00344784 -0.00139631 -0.00604614 -0.0104556 -0.014588 -0.0184158 -0.0219201 -0.0250903 -0.0279227 -0.0304202 -0.0325908 -0.034447 -0.0360047 -0.0372824 -0.0383005 -0.0390809 -0.0396456 -0.0400172 -0.0402176 -0.0402682 -0.0401893 -0.0400003 -0.0397189 -0.0393618 -0.0389439 -0.0384789 -0.0379789 -0.0374549 -0.0369164 -0.0363718 -0.0358283 -0.0352923 -0.0347691 -0.0342632 -0.0337785 -0.0333182 -0.032885 -0.032481 -0.0321081 -0.0317676 -0.0314607 -0.0311884 -0.0309512 -0.0307498 -0.0305845 -0.0304557 -0.0303636 -0.0303083 -0.0302898 -0.0303083 -0.0303636 -0.0304557 -0.0305845 -0.0307498 -0.0309512 -0.0311884 -0.0314607 -0.0317676 -0.0321081 -0.032481 -0.032885 -0.0333182 -0.0337785 -0.0342632 -0.0347691 -0.0352923 -0.0358283 -0.0363718 -0.0369164 -0.0374549 -0.0379789 -0.0384789 -0.0389439 -0.0393618 -0.0397189 -0.0400003 -0.0401893 -0.0402682 -0.0402176 -0.0400172 -0.0396456 -0.0390809 -0.0383005 -0.0372824 -0.0360047 -0.034447 -0.0325908 -0.0304202 -0.0279227 -0.0250903 -0.0219201 -0.0184158 -0.014588 -0.0104556 -0.00604614 -0.00139631 0.00344784 0.00843137 0.0134912 0.0185573 0.0235546 0.0284046 0.0330276 0.0373446 0.0412791 0.044759 0.0477186 0.0501012 0.0518618 0.0529701 0.0534145 0.0532034 0.052366 0.0509497 0.0490163 0.0466362 0.0438834 0.0408329 0.0375608 0.0341461 0.030672 0.0272237 0.0238824 0.0207165 0.0177746 0.0150836 0.0126532 0.0104844 0.00857625 0.00692697 0.00553028 0.00437032 0.00342029 0.00264663 0.0020162 0.00150231 0.00108677 0.000757837 0.000506394 0.000322805 0.00019571 0.000112643 6.14873e-05 3.18195e-05 1.56065e-05 7.2419e-06 3.14448e-06 1.19952e-06 
0 2.62708e-06 6.97785e-06 1.5451e-05 3.18212e-05 6.19171e-05 0.000114103 0.00019929 0.000330239 0.000520195 0.000781442 0.00112483 0.00156137 0.00210591 0.0027814 0.00362064 0.00466312 0.00594728 0.00750203 0.00934282 0.0114748 0.0139004 0.0166239 0.0196501 0.022975 0.0265755 0.0304049 0.0343947 0.0384613 0.0425143 0.046461 0.0502077 0.0536605 0.0567256 0.0593126 0.061339 0.0627353 0.0634483 0.0634432 0.0627033 0.0612296 0.0590393 0.0561655 0.0526559 0.048572 0.0439871 0.0389842 0.0336522 0.0280825 0.0223655 0.0165876 0.0108288 0.00516134 -0.000351269 -0.00565429 -0.0107018 -0.0154565 -0.0198893 -0.0239788 -0.0277115 -0.0310806 -0.0340859 -0.0367331 -0.039033 -0.0410006 -0.0426543 -0.0440152 -0.0451059 -0.0459501 -0.0465717 -0.0469945 -0.0472414 -0.0473346 -0.0472949 -0.0471418 -0.0468932 -0.0465657 -0.0461744 -0.0457329 -0.0452535 -0.0447472 -0.0442238 -0.0436918 -0.043159 -0.042632 -0.0421165 -0.0416175 -0.0411395 -0.0406859 -0.04026 -0.0398643 -0.0395011 -0.0391722 -0.038879 -0.0386228 -0.0384046 -0.0382251 -0.038085 -0.0379845 -0.0379242 -0.037904 -0.0379242 -0.0379845 -0.038085 -0.0382251 -0.0384046 -0.0386228 -0.038879 -0.0391722 -0.0395011 -0.0398643 -0.04026 -0.0406859 -0.0411395 -0.0416175 -0.0421165 -0.042632 -0.043159 -0.0436918 -0.0442238 -0.0447472 -0.0452535 -0.0457329 -0.0461744 -0.0465657 -0.0468932 -0.0471418 -0.0472949 -0.0473346 -0.0472414 -0.0469945 -0.0465717 -0.0459501 -0.0451059 -0.0440152 -0.0426543 -0.0410006 -0.039033 -0.0367331 -0.0340859 -0.0310806 -0.0277115 -0.0239788 -0.0198893 -0.0154565 -0.0107018 -0.00565429 -0.000351269 0.00516134 0.0108288 0.0165876 0.0223655 0.0280825 0.0336522 0.0389842 0.0439871 0.048572 0.0526559 0.0561655 0.0590393 0.0612296 0.0627033 0.0634432 0.0634483 0.0627353 0.061339 0.0593126 0.0567256 0.0536605 0.0502077 0.046461 0.0425143 0.0384613 0.0343947 0.0304049 0.0265755 0.022975 0.0196501 0.0166239 0.0139004 0.0114748 0.00934282 0.00750203 0.00594728 0.00466312 0.00362064 0.0027814 0.00210591 0.00156137 0.00112483 0.000781442 0.000520195 0.000330239 0.00019929 0.000114101 6.19143e-05 3.18185e-05 1.54585e-05 7.0378e-06 2.88029e-06 
0 5.72288e-06 1.47201e-05 3.12562e-05 6.1488e-05 0.000114103 0.00020042 0.000333708 0.00052778 0.000795486 0.0011483 0.00159817 0.00216176 0.00286514 0.00374564 0.00484797 0.00621521 0.00787935 0.00985764 0.0121569 0.0147821 0.0177408 0.0210391 0.0246714 0.0286106 0.0328066 0.0371912 0.0416859 0.0462061 0.0506617 0.0549547 0.0589792 0.0626246 0.0657836 0.0683603 0.0702769 0.071476 0.0719206 0.0715916 0.0704852 0.068612 0.0659968 0.0626791 0.0587133 0.0541675 0.0491215 0.043663 0.0378842 0.0318776 0.0257329 0.0195347 0.0133608 0.00728125 0.0013581 -0.00435499 -0.0098126 -0.0149775 -0.0198204 -0.02432 -0.0284619 -0.032239 -0.0356501 -0.0386999 -0.0413976 -0.0437562 -0.0457921 -0.0475239 -0.048972 -0.0501579 -0.0511036 -0.0518311 -0.0523623 -0.0527186 -0.0529203 -0.0529872 -0.0529375 -0.0527885 -0.0525563 -0.0522557 -0.0519001 -0.0515017 -0.0510718 -0.0506203 -0.0501561 -0.049687 -0.0492201 -0.0487614 -0.0483163 -0.0478895 -0.047485 -0.0471062 -0.046756 -0.0464369 -0.0461511 -0.0459002 -0.0456857 -0.0455088 -0.0453703 -0.0452709 -0.045211 -0.0451911 -0.045211 -0.0452709 -0.0453703 -0.0455088 -0.0456857 -0.0459002 -0.0461511 -0.0464369 -0.046756 -0.0471062 -0.047485 -0.0478895 -0.0483163 -0.0487614 -0.0492201 -0.049687 -0.0501561 -0.0506203 -0.0510718 -0.0515017 -0.0519001 -0.0522557 -0.0525563 -0.0527885 -0.0529375 -0.0529872 -0.0529203 -0.0527186 -0.0523623 -0.0518311 -0.0511036 -0.0501579 -0.048972 -0.0475239 -0.0457921 -0.0437562 -0.0413976 -0.0386999 -0.0356501 -0.032239 -0.0284619 -0.02432 -0.0198204 -0.0149775 -0.0098126 -0.00435499 0.0013581 0.00728125 0.0133608 0.0195347 0.0257329 0.0318776 0.0378842 0.043663 0.0491215 0.0541675 0.0587133 0.0626791 0.0659968 0.068612 0.0704852 0.0715916 0.0719206 0.071476 0.0702769 0.0683603 0.0657836 0.0626246 0.0589792 0.0549547 0.0506617 0.0462061 0.0416859 0.0371912 0.0328066 0.0286106 0.0246714 0.0210391 0.0177408 0.0147821 0.0121569 0.00985764 0.00787935 0.00621521 0.00484797 0.00374564 0.00286514 0.00216176 0.00159817 0.0011483 0.000795486 0.000527779 0.000333707 0.000200418 0.000114101 6.14975e-05 3.13194e-05 1.49784e-05 6.58643e-06 
0 1.18233e-05 2.94582e-05 5.99718e-05 0.000112643 0.00019929 0.000333708 0.000530259 0.00080231 0.0011618 0.00162128 0.00219851 0.00292167 0.00383129 0.00497576 0.00640138 0.00814229 0.0102174 0.0126364 0.0154089 0.0185478 0.0220619 0.0259429 0.0301567 0.0346454 0.0393365 0.0441527 0.0490133 0.0538319 0.0585107 0.0629405 0.0670058 0.0705942 0.0736051 0.0759558 0.0775835 0.0784444 0.0785123 0.0777779 0.0762484 0.0739474 0.0709151 0.067206 0.0628868 0.058033 0.0527253 0.0470472 0.0410824 0.0349134 0.0286202 0.0222791 0.0159616 0.00973362 0.00365409 -0.00222564 -0.0078624 -0.0132213 -0.0182757 -0.0230064 -0.027401 -0.0314533 -0.0351621 -0.0385307 -0.0415657 -0.044277 -0.0466768 -0.0487792 -0.0506002 -0.0521568 -0.0534671 -0.0545497 -0.0554237 -0.0561079 -0.0566214 -0.0569823 -0.0572084 -0.0573167 -0.0573231 -0.0572428 -0.0570896 -0.0568764 -0.0566152 -0.0563166 -0.0559905 -0.0556456 -0.0552897 -0.0549301 -0.0545728 -0.0542234 -0.0538867 -0.0535671 -0.053268 -0.0529928 -0.0527442 -0.0525243 -0.0523353 -0.0521786 -0.0520554 -0.0519668 -0.0519133 -0.0518955 -0.0519133 -0.0519668 -0.0520554 -0.0521786 -0.0523353 -0.0525243 -0.0527442 -0.0529928 -0.053268 -0.0535671 -0.0538867 -0.0542234 -0.0545728 -0.0549301 -0.0552897 -0.0556456 -0.0559905 -0.0563166 -0.0566152 -0.0568764 -0.0570896 -0.0572428 -0.0573231 -0.0573167 -0.0572084 -0.0569823 -0.0566214 -0.0561079 -0.0554237 -0.0545497 -0.0534671 -0.0521568 -0.0506002 -0.0487792 -0.0466768 -0.044277 -0.0415657 -0.0385307 -0.0351621 -0.0314533 -0.027401 -0.0230064 -0.0182757 -0.0132213 -0.0078624 -0.00222564 0.00365409 0.00973362 0.0159616 0.0222791 0.0286202 0.0349134 0.0410824 0.0470472 0.0527253 0.058033 0.0628868 0.067206 0.0709151 0.0739474 0.0762484 0.0777779 0.0785123 0.0784444 0.0775835 0.0759558 0.0736051 0.0705942 0.0670058 0.0629405 0.0585107 0.0538319 0.0490133 0.0441527 0.0393365 0.0346454 0.0301567 0.0259429 0.0220619 0.0185478 0.0154089 0.0126364 0.0102174 0.00814229 0.00640138 0.00497576 0.00383129 0.00292167 0.00219851 0.00162128 0.0011618 0.000802309 0.000530257 0.000333707 0.000199301 0.000112708 6.02297e-05 3.03142e-05 1.43393e-05 
0 2.31487e-05 5.58986e-05 0.000109129 0.000195711 0.000330239 0.00052778 0.00080231 0.00116627 0.00163268 0.00222012 0.00295831 0.00389019 0.00506698 0.0065372 0.00833615 0.0104835 0.0129908 0.0158724 0.0191467 0.0228261 0.0269005 0.0313302 0.0360509 0.0409866 0.0460586 0.0511853 0.0562762 0.0612285 0.065929 0.0702628 0.0741226 0.0774147 0.0800619 0.0820019 0.0831866 0.0835831 0.0831752 0.0819663 0.0799799 0.0772584 0.0738592 0.0698502 0.0653048 0.0602988 0.0549079 0.0492066 0.0432679 0.0371631 0.0309608 0.0247267 0.0185221 0.0124028 0.00641848 0.000611832 -0.00498139 -0.0103322 -0.015418 -0.0202218 -0.0247318 -0.0289405 -0.0328444 -0.0364433 -0.03974 -0.0427402 -0.0454517 -0.0478845 -0.0500501 -0.0519617 -0.0536335 -0.0550804 -0.0563181 -0.0573624 -0.0582293 -0.0589346 -0.0594938 -0.0599219 -0.0602335 -0.0604423 -0.0605616 -0.0606036 -0.0605801 -0.0605017 -0.0603786 -0.0602197 -0.0600337 -0.0598282 -0.0596101 -0.0593857 -0.0591607 -0.0589399 -0.0587279 -0.0585286 -0.0583452 -0.0581807 -0.0580376 -0.0579178 -0.057823 -0.0577544 -0.0577129 -0.057699 -0.0577129 -0.0577544 -0.057823 -0.0579178 -0.0580376 -0.0581807 -0.0583452 -0.0585286 -0.0587279 -0.0589399 -0.0591607 -0.0593857 -0.0596101 -0.0598282 -0.0600337 -0.0602197 -0.0603786 -0.0605017 -0.0605801 -0.0606036 -0.0605616 -0.0604423 -0.0602335 -0.0599219 -0.0594938 -0.0589346 -0.0582293 -0.0573624 -0.0563181 -0.0550804 -0.0536335 -0.0519617 -0.0500501 -0.0478845 -0.0454517 -0.0427402 -0.03974 -0.0364433 -0.0328444 -0.0289405 -0.0247318 -0.0202218 -0.015418 -0.0103322 -0.00498139 0.000611832 0.00641848 0.0124028 0.0185221 0.0247267 0.0309608 0.0371631 0.0432679 0.0492066 0.0549079 0.0602988 0.0653048 0.0698502 0.0738592 0.0772584 0.0799799 0.0819663 0.0831752 0.0835831 0.0831866 0.0820019 0.0800619 0.0774147 0.0741226 0.0702628 0.065929 0.0612285 0.0562762 0.0511853 0.0460586 0.0409866 0.0360509 0.0313302 0.0269005 0.0228261 0.0191467 0.0158724 0.0129908 0.0104835 0.00833615 0.0065372 0.00506698 0.00389019 0.00295831 0.00222012 0.00163268 0.00116627 0.00080231 0.000527792 0.000330304 0.000195963 0.000109962 5.83491e-05 2.97133e-05 
0 4.29264e-05 0.000100549 0.000188376 0.000322805 0.000520195 0.000795486 0.0011618 0.00163268 0.00222731 0.00297657 0.00392536 0.00512731 0.00663292 0.00847827 0.0106832 0.0132606 0.016228 0.0196084 0.0234165 0.0276403 0.0322354 0.0371336 0.0422584 0.0475318 0.0528694 0.058173 0.0633292 0.0682175 0.0727218 0.0767402 0.0801882 0.0829969 0.0851094 0.0864808 0.0870798 0.0868926 0.0859252 0.0842039 0.0817725 0.0786873 0.0750133 0.0708194 0.0661765 0.0611554 0.0558265 0.0502579 0.0445153 0.0386603 0.0327495 0.026834 0.0209592 0.0151645 0.00948452 0.0039491 -0.0014158 -0.00658781 -0.0115478 -0.0162799 -0.0207712 -0.0250123 -0.0289965 -0.0327205 -0.0361836 -0.0393878 -0.0423372 -0.045038 -0.0474979 -0.0497259 -0.0517319 -0.0535268 -0.0551219 -0.0565289 -0.0577601 -0.0588275 -0.0597435 -0.0605203 -0.0611699 -0.0617043 -0.0621349 -0.062473 -0.0627293 -0.062914 -0.0630368 -0.0631069 -0.0631328 -0.0631223 -0.0630829 -0.0630212 -0.0629434 -0.0628549 -0.0627606 -0.0626651 -0.062572 -0.0624849 -0.0624064 -0.062339 -0.0622846 -0.0622447 -0.0622204 -0.0622122 -0.0622204 -0.0622447 -0.0622846 -0.062339 -0.0624064 -0.0624849 -0.062572 -0.0626651 -0.0627606 -0.0628549 -0.0629434 -0.0630212 -0.0630829 -0.0631223 -0.0631328 -0.0631069 -0.0630368 -0.062914 -0.0627293 -0.062473 -0.0621349 -0.0617043 -0.0611699 -0.0605203 -0.0597435 -0.0588275 -0.0577601 -0.0565289 -0.0551219 -0.0535268 -0.0517319 -0.0497259 -0.0474979 -0.045038 -0.0423372 -0.0393878 -0.0361836 -0.0327205 -0.0289965 -0.0250123 -0.0207712 -0.0162799 -0.0115478 -0.00658781 -0.0014158 0.0039491 0.00948452 0.0151645 0.0209592 0.026834 0.0327495 0.0386603 0.0445153 0.0502579 0.0558265 0.0611554 0.0661765 0.0708194 0.0750133 0.0786873 0.0817725 0.0842039 0.0859252 0.0868926 0.0870798 0.0864808 0.0851094 0.0829969 0.0801882 0.0767402 0.0727218 0.0682175 0.0633292 0.058173 0.0528694 0.0475318 0.0422584 0.0371336 0.0322354 0.0276403 0.0234165 0.0196084 0.016228 0.0132606 0.0106832 0.00847827 0.00663292 0.00512731 0.00392536 0.00297657 0.0022273 0.00163268 0.00116181 0.000795549 0.000520437 0.000323602 0.000190723 0.000106862 5.85948e-05 
0 7.53666e-05 0.000171467 0.000308721 0.000506394 0.000781442 0.0011483 0.00162128 0.00222012 0.00297657 0.0039371 0.00515756 0.00669047 0.00857297 0.0108251 0.0134605 0.0164993 0.0199678 0.0238815 0.0282258 0.032951 0.0379861 0.0432559 0.048684 0.0541834 0.0596473 0.0649522 0.0699707 0.0745858 0.0786988 0.082229 0.0851104 0.087289 0.0887247 0.0893952 0.0892985 0.0884537 0.0868967 0.0846763 0.0818485 0.0784739 0.0746157 0.0703393 0.0657113 0.0607984 0.0556657 0.0503739 0.0449779 0.0395257 0.0340578 0.0286081 0.0232054 0.0178739 0.0126352 0.00750854 0.00251167 -0.00233931 -0.00702988 -0.0115473 -0.0158806 -0.0200209 -0.0239614 -0.027697 -0.0312245 -0.0345422 -0.0376502 -0.0405496 -0.0432431 -0.0457343 -0.0480279 -0.0501297 -0.0520464 -0.0537854 -0.0553547 -0.0567631 -0.0580198 -0.0591342 -0.060116 -0.060975 -0.0617209 -0.0623635 -0.0629122 -0.0633762 -0.0637643 -0.0640851 -0.0643465 -0.0645561 -0.0647211 -0.064848 -0.0649428 -0.0650112 -0.0650582 -0.0650882 -0.0651055 -0.0651134 -0.065115 -0.0651128 -0.065109 -0.0651052 -0.0651024 -0.0651014 -0.0651024 -0.0651052 -0.065109 -0.0651128 -0.065115 -0.0651134 -0.0651055 -0.0650882 -0.0650582 -0.0650112 -0.0649428 -0.064848 -0.0647211 -0.0645561 -0.0643465 -0.0640851 -0.0637643 -0.0633762 -0.0629122 -0.0623635 -0.0617209 -0.060975 -0.060116 -0.0591342 -0.0580198 -0.0567631 -0.0553547 -0.0537854 -0.0520464 -0.0501297 -0.0480279 -0.0457343 -0.0432431 -0.0405496 -0.0376502 -0.0345422 -0.0312245 -0.027697 -0.0239614 -0.0200209 -0.0158806 -0.0115473 -0.00702988 -0.00233931 0.00251167 0.00750854 0.0126352 0.0178739 0.0232054 0.0286081 0.0340578 0.0395257 0.0449779 0.0503739 0.0556657 0.0607984 0.0657113 0.0703393 0.0746157 0.0784739 0.0818485 0.0846763 0.0868967 0.0884537 0.0892985 0.0893952 0.0887247 0.087289 0.0851104 0.082229 0.0786988 0.0745858 0.0699707 0.0649522 0.0596473 0.0541834 0.048684 0.0432559 0.0379861 0.032951 0.0282258 0.0238815 0.0199678 0.0164993 0.0134605 0.0108251 0.00857297 0.00669047 0.00515756 0.0039371 0.00297657 0.00222013 0.00162134 0.00114853 0.00078219 0.000508604 0.000314697 0.000186389 0.000109975 
0 0.000125289 0.000277387 0.000481149 0.000757837 0.00112483 0.00159817 0.00219851 0.00295831 0.00392536 0.00515756 0.00670972 0.00862049 0.0109105 0.013594 0.016693 0.0202364 0.0242403 0.0286866 0.0335202 0.0386672 0.0440537 0.0496042 0.0552278 0.0608086 0.0662147 0.0713155 0.075996 0.0801602 0.0837273 0.0866288 0.0888095 0.0902327 0.0908862 0.0907826 0.0899559 0.0884548 0.086336 0.0836602 0.0804896 0.0768882 0.0729212 0.0686536 0.0641487 0.0594653 0.0546558 0.0497649 0.0448301 0.0398819 0.0349451 0.0300406 0.0251857 0.0203951 0.0156818 0.0110566 0.00652916 0.0021077 -0.00220036 -0.00638819 -0.0104493 -0.0143773 -0.0181658 -0.0218088 -0.0253003 -0.028635 -0.0318084 -0.0348168 -0.0376577 -0.0403299 -0.0428334 -0.0451695 -0.0473407 -0.0493506 -0.0512037 -0.0529055 -0.054462 -0.0558799 -0.0571661 -0.058328 -0.0593732 -0.0603093 -0.0611439 -0.0618845 -0.0625387 -0.0631138 -0.0636166 -0.0640539 -0.0644323 -0.0647576 -0.0650356 -0.0652715 -0.0654702 -0.0656361 -0.0657731 -0.0658848 -0.0659741 -0.0660437 -0.0660957 -0.0661316 -0.0661527 -0.0661596 -0.0661527 -0.0661316 -0.0660957 -0.0660437 -0.0659741 -0.0658848 -0.0657731 -0.0656361 -0.0654702 -0.0652715 -0.0650356 -0.0647576 -0.0644323 -0.0640539 -0.0636166 -0.0631138 -0.0625387 -0.0618845 -0.0611439 -0.0603093 -0.0593732 -0.058328 -0.0571661 -0.0558799 -0.054462 -0.0529055 -0.0512037 -0.0493506 -0.0473407 -0.0451695 -0.0428334 -0.0403299 -0.0376577 -0.0348168 -0.0318084 -0.028635 -0.0253003 -0.0218088 -0.0181658 -0.0143773 -0.0104493 -0.00638819 -0.00220036 0.0021077 0.00652916 0.0110566 0.0156818 0.0203951 0.0251857 0.0300406 0.0349451 0.0398819 0.0448301 0.0497649 0.0546558 0.0594653 0.0641487 0.0686536 0.0729212 0.0768882 0.0804896 0.0836602 0.086336 0.0884548 0.0899559 0.0907826 0.0908862 0.0902327 0.0888095 0.0866288 0.0837273 0.0801602 0.075996 0.0713155 0.0662147 0.0608086 0.0552278 0.0496042 0.0440537 0.0386672 0.0335202 0.0286866 0.0242403 0.0202364 0.016693 0.013594 0.0109105 0.00862049 0.00670972 0.00515756 0.00392537 0.00295837 0.00219872 0.00159886 0.00112688 0.000763404 0.000495147 0.000310097 0.000196534 
0 0.000197346 0.000426313 0.000715082 0.00108677 0.00156137 0.00216176 0.00292167 0.00389019 0.00512731 0.00669047 0.00862049 0.010939 0.0136609 0.0168096 0.0204162 0.0244974 0.0290319 0.0339597 0.0392041 0.0446914 0.050346 0.056071 0.0617402 0.0672144 0.072363 0.0770748 0.0812558 0.0848233 0.0877047 0.0898437 0.0912086 0.0917972 0.091634 0.0907636 0.0892428 0.0871351 0.084508 0.0814322 0.0779806 0.0742255 0.0702357 0.066073 0.0617901 0.0574299 0.0530262 0.0486057 0.0441894 0.0397941 0.0354337 0.031119 0.0268582 0.0226571 0.0185192 0.0144468 0.0104409 0.0065029 0.00263449 -0.00116146 -0.0048809 -0.00851859 -0.0120683 -0.0155232 -0.0188761 -0.02212 -0.0252483 -0.028255 -0.0311351 -0.0338844 -0.0364997 -0.038979 -0.0413212 -0.043526 -0.0455944 -0.0475279 -0.0493292 -0.0510012 -0.052548 -0.0539737 -0.0552833 -0.0564819 -0.0575751 -0.0585685 -0.0594678 -0.060279 -0.0610077 -0.0616598 -0.0622406 -0.0627555 -0.0632095 -0.0636075 -0.0639537 -0.0642523 -0.0645069 -0.0647209 -0.064897 -0.0650378 -0.0651451 -0.0652207 -0.0652656 -0.0652805 -0.0652656 -0.0652207 -0.0651451 -0.0650378 -0.064897 -0.0647209 -0.0645069 -0.0642523 -0.0639537 -0.0636075 -0.0632095 -0.0627555 -0.0622406 -0.0616598 -0.0610077 -0.060279 -0.0594678 -0.0585685 -0.0575751 -0.0564819 -0.0552833 -0.0539737 -0.052548 -0.0510012 -0.0493292 -0.0475279 -0.0455944 -0.043526 -0.0413212 -0.038979 -0.0364997 -0.0338844 -0.0311351 -0.028255 -0.0252483 -0.02212 -0.0188761 -0.0155232 -0.0120683 -0.00851859 -0.0048809 -0.00116146 0.00263449 0.0065029 0.0104409 0.0144468 0.0185192 0.0226571 0.0268582 0.031119 0.0354337 0.0397941 0.0441894 0.0486057 0.0530262 0.0574299 0.0617901 0.066073 0.0702357 0.0742255 0.0779806 0.0814322 0.084508 0.0871351 0.0892428 0.0907636 0.091634 0.0917972 0.0912086 0.0898437 0.0877047 0.0848233 0.0812558 0.0770748 0.072363 0.0672144 0.0617402 0.056071 0.050346 0.0446914 0.0392041 0.0339597 0.0290319 0.0244974 0.0204162 0.0168096 0.0136609 0.010939 0.00862049 0.00669048 0.00512737 0.00389038 0.0029223 0.00216362 0.00156648 0.00109971 0.000745557 0.000493255 0.000334699 
0 0.000295015 0.000624063 0.0010176 0.00150231 0.00210591 0.00286514 0.00383129 0.00506698 0.00663292 0.00857297 0.0109105 0.0136609 0.0168486 0.0205065 0.0246523 0.0292629 0.0342739 0.0396056 0.0451842 0.050933 0.0567474 0.0624906 0.0680164 0.0731954 0.0779201 0.0820963 0.0856365 0.0884651 0.0905284 0.0918029 0.0922973 0.0920452 0.0910965 0.0895113 0.0873578 0.0847109 0.0816522 0.0782654 0.0746318 0.0708251 0.0669076 0.062929 0.0589273 0.0549309 0.0509606 0.0470314 0.0431534 0.0393326 0.0355709 0.0318671 0.0282176 0.0246173 0.0210611 0.0175445 0.0140642 0.0106186 0.00720809 0.00383437 0.000500594 -0.00278905 -0.00602961 -0.00921552 -0.0123408 -0.0153993 -0.0183846 -0.0212904 -0.0241102 -0.0268382 -0.0294688 -0.0319969 -0.0344182 -0.0367292 -0.0389272 -0.0410105 -0.0429782 -0.0448303 -0.0465678 -0.0481921 -0.0497057 -0.0511113 -0.0524124 -0.0536125 -0.0547158 -0.0557264 -0.0566486 -0.0574868 -0.0582453 -0.0589284 -0.0595402 -0.0600846 -0.0605652 -0.0609856 -0.0613489 -0.0616578 -0.0619149 -0.0621222 -0.0622817 -0.0623946 -0.062462 -0.0624843 -0.062462 -0.0623946 -0.0622817 -0.0621222 -0.0619149 -0.0616578 -0.0613489 -0.0609856 -0.0605652 -0.0600846 -0.0595402 -0.0589284 -0.0582453 -0.0574868 -0.0566486 -0.0557264 -0.0547158 -0.0536125 -0.0524124 -0.0511113 -0.0497057 -0.0481921 -0.0465678 -0.0448303 -0.0429782 -0.0410105 -0.0389272 -0.0367292 -0.0344182 -0.0319969 -0.0294688 -0.0268382 -0.0241102 -0.0212904 -0.0183846 -0.0153993 -0.0123408 -0.00921552 -0.00602961 -0.00278905 0.000500594 0.00383437 0.00720809 0.0106186 0.0140642 0.0175445 0.0210611 0.0246173 0.0282176 0.0318671 0.0355709 0.0393326 0.0431534 0.0470314 0.0509606 0.0549309 0.0589273 0.062929 0.0669076 0.0708251 0.0746318 0.0782654 0.0816522 0.0847109 0.0873578 0.0895113 0.0910965 0.0920452 0.0922973 0.0918029 0.0905284 0.0884651 0.0856365 0.0820963 0.0779201 0.0731954 0.0680164 0.0624906 0.0567474 0.050933 0.0451842 0.0396056 0.0342739 0.0292629 0.0246523 0.0205065 0.0168486 0.0136609 0.0109105 0.00857301 0.00663309 0.00506754 0.00383296 0.00286975 0.00211769 0.0015303 0.00107965 0.000752563 0.000543953 
0 0.000419846 0.00087368 0.00139436 0.0020162 0.0027814 0.00374564 0.00497576 0.0065372 0.00847827 0.0108251 0.013594 0.0168096 0.0205065 0.0247041 0.0293788 0.0344628 0.0398735 0.0455363 0.0513726 0.0572704 0.0630817 0.0686544 0.0738604 0.0785945 0.0827581 0.0862572 0.0890142 0.0909813 0.092146 0.0925268 0.0921639 0.0911099 0.0894276 0.0871913 0.0844853 0.0814009 0.0780303 0.0744593 0.0707628 0.0670031 0.0632297 0.0594812 0.0557874 0.0521693 0.04864 0.0452052 0.0418632 0.038607 0.0354257 0.0323064 0.0292364 0.026204 0.0231997 0.0202164 0.017249 0.0142943 0.0113507 0.00841773 0.00549627 0.00258817 -0.00030362 -0.00317506 -0.00602115 -0.00883596 -0.0116129 -0.0143449 -0.0170246 -0.0196448 -0.0221984 -0.0246787 -0.0270799 -0.0293965 -0.0316241 -0.0337589 -0.0357981 -0.0377396 -0.0395819 -0.0413245 -0.0429675 -0.0445114 -0.0459573 -0.0473069 -0.0485621 -0.0497252 -0.0507987 -0.0517853 -0.0526878 -0.0535092 -0.0542522 -0.0549196 -0.0555143 -0.0560388 -0.0564955 -0.0568866 -0.057214 -0.0574795 -0.0576846 -0.0578302 -0.0579172 -0.0579462 -0.0579172 -0.0578302 -0.0576846 -0.0574795 -0.057214 -0.0568866 -0.0564955 -0.0560388 -0.0555143 -0.0549196 -0.0542522 -0.0535092 -0.0526878 -0.0517853 -0.0507987 -0.0497252 -0.0485621 -0.0473069 -0.0459573 -0.0445114 -0.0429675 -0.0413245 -0.0395819 -0.0377396 -0.0357981 -0.0337589 -0.0316241 -0.0293965 -0.0270799 -0.0246787 -0.0221984 -0.0196448 -0.0170246 -0.0143449 -0.0116129 -0.00883596 -0.00602115 -0.00317506 -0.00030362 0.00258817 0.00549627 0.00841773 0.0113507 0.0142943 0.017249 0.0202164 0.0231997 0.026204 0.0292364 0.0323064 0.0354257 0.038607 0.0418632 0.0452052 0.04864 0.0521693 0.0557874 0.0594812 0.0632297 0.0670031 0.0707628 0.0744593 0.0780303 0.0814009 0.0844853 0.0871913 0.0894276 0.0911099 0.0921639 0.0925268 0.092146 0.0909813 0.0890142 0.0862572 0.0827581 0.0785945 0.0738604 0.0686544 0.0630817 0.0572704 0.0513726 0.0455363 0.0398735 0.0344628 0.0293788 0.0247041 0.0205065 0.0168096 0.013594 0.0108252 0.00847876 0.00653868 0.00497986 0.0037562 0.00280673 0.00207292 0.00151302 0.0011059 0.000845461 
0 0.000571616 0.0011766 0.00185249 0.00264663 0.00362064 0.00484797 0.00640138 0.00833615 0.0106832 0.0134605 0.016693 0.0204162 0.0246523 0.0293788 0.0345258 0.0400076 0.0457478 0.051666 0.0576434 0.0635219 0.0691434 0.0743809 0.0791295 0.0832838 0.0867408 0.0894227 0.0912904 0.0923413 0.0926008 0.0921123 0.090931 0.0891252 0.0867793 0.0839888 0.0808534 0.0774693 0.0739224 0.070286 0.0666218 0.0629813 0.0594062 0.0559293 0.052573 0.049349 0.0462595 0.0432979 0.0404514 0.0377042 0.035039 0.0324389 0.0298884 0.0273736 0.0248821 0.0224033 0.0199283 0.0174499 0.0149628 0.0124637 0.00995152 0.00742706 0.00489305 0.00235368 -0.000185621 -0.00271855 -0.00523832 -0.00773777 -0.0102098 -0.0126473 -0.0150434 -0.0173917 -0.0196859 -0.0219204 -0.0240897 -0.0261893 -0.0282147 -0.0301622 -0.0320288 -0.0338119 -0.0355093 -0.0371198 -0.0386424 -0.0400766 -0.0414226 -0.0426806 -0.0438516 -0.0449366 -0.0459369 -0.0468539 -0.0476894 -0.048445 -0.0491223 -0.0497231 -0.050249 -0.0507014 -0.0510818 -0.0513913 -0.0516309 -0.0518014 -0.0519035 -0.0519375 -0.0519035 -0.0518014 -0.0516309 -0.0513913 -0.0510818 -0.0507014 -0.050249 -0.0497231 -0.0491223 -0.048445 -0.0476894 -0.0468539 -0.0459369 -0.0449366 -0.0438516 -0.0426806 -0.0414226 -0.0400766 -0.0386424 -0.0371198 -0.0355093 -0.0338119 -0.0320288 -0.0301622 -0.0282147 -0.0261893 -0.0240897 -0.0219204 -0.0196859 -0.0173917 -0.0150434 -0.0126473 -0.0102098 -0.00773777 -0.00523832 -0.00271855 -0.000185621 0.00235368 0.00489305 0.00742706 0.00995152 0.0124637 0.0149628 0.0174499 0.0199283 0.0224033 0.0248821 0.0273736 0.0298884 0.0324389 0.035039 0.0377042 0.0404514 0.0432979 0.0462595 0.049349 0.052573 0.0559293 0.0594062 0.0629813 0.0666218 0.070286 0.0739224 0.0774693 0.0808534 0.0839888 0.0867793 0.0891252 0.090931 0.0921123 0.0926008 0.0923413 0.0912904 0.0894227 0.0867408 0.0832838 0.0791295 0.0743809 0.0691434 0.0635219 0.0576434 0.051666 0.0457478 0.0400076 0.0345258 0.0293788 0.0246523 0.0204162 0.0166931 0.013461 0.0106845 0.00833973 0.0064107 0.00487057 0.00367177 0.00275477 0.00206645 0.00157302 0.00126057 
0 0.000749889 0.0015358 0.0024045 0.00342029 0.00466312 0.00621521 0.00814229 0.0104835 0.0132606 0.0164993 0.0202364 0.0244974 0.0292629 0.0344628 0.0400076 0.0458184 0.0518129 0.0578672 0.0638143 0.0694897 0.0747666 0.0795392 0.083693 0.0871158 0.0897311 0.0915097 0.0924563 0.0925981 0.0919793 0.0906593 0.0887155 0.0862448 0.083354 0.0801482 0.0767244 0.0731678 0.0695514 0.0659388 0.0623848 0.0589334 0.0556174 0.0524575 0.0494614 0.0466276 0.0439472 0.0414065 0.03899 0.0366808 0.0344614 0.0323145 0.0302221 0.028167 0.026133 0.0241054 0.022072 0.0200233 0.0179528 0.0158566 0.0137335 0.0115842 0.00941092 0.00721723 0.00500758 0.00278687 0.000560625 -0.00166535 -0.00388498 -0.00609194 -0.00827987 -0.0104422 -0.0125727 -0.014665 -0.016713 -0.018711 -0.0206538 -0.0225365 -0.0243547 -0.0261046 -0.027783 -0.0293869 -0.0309142 -0.0323632 -0.0337324 -0.0350209 -0.0362282 -0.037354 -0.0383985 -0.0393617 -0.0402442 -0.0410466 -0.0417695 -0.0424136 -0.0429797 -0.0434686 -0.0438809 -0.0442173 -0.0444784 -0.0446645 -0.044776 -0.0448132 -0.044776 -0.0446645 -0.0444784 -0.0442173 -0.0438809 -0.0434686 -0.0429797 -0.0424136 -0.0417695 -0.0410466 -0.0402442 -0.0393617 -0.0383985 -0.037354 -0.0362282 -0.0350209 -0.0337324 -0.0323632 -0.0309142 -0.0293869 -0.027783 -0.0261046 -0.0243547 -0.0225365 -0.0206538 -0.018711 -0.016713 -0.014665 -0.0125727 -0.0104422 -0.00827987 -0.00609194 -0.00388498 -0.00166535 0.000560625 0.00278687 0.00500758 0.00721723 0.00941092 0.0115842 0.0137335 0.0158566 0.0179528 0.0200233 0.022072 0.0241054 0.026133 0.028167 0.0302221 0.0323145 0.0344614 0.0366808 0.03899 0.0414065 0.0439472 0.0466276 0.0494614 0.0524575 0.0556174 0.0589334 0.0623848 0.0659388 0.0695514 0.0731678 0.0767244 0.0801482 0.083354 0.0862448 0.0887155 0.0906593 0.0919793 0.0925981 0.0924563 0.0915097 0.0897311 0.0871158 0.083693 0.0795392 0.0747666 0.0694897 0.0638143 0.0578672 0.0518129 0.0458184 0.0400076 0.0344628 0.029263 0.0244975 0.0202367 0.0165004 0.0132637 0.0104916 0.00816216 0.00626067 0.00476036 0.00361495 0.00276941 0.00217733 0.00181011 
0 0.000956759 0.00196 0.00307099 0.00437032 0.00594728 0.00787935 0.0102174 0.0129908 0.016228 0.0199678 0.0242403 0.0290319 0.0342739 0.0398735 0.0457478 0.0518129 0.0579418 0.0639601 0.0696964 0.0750221 0.0798294 0.0839948 0.0873968 0.0899611 0.0916686 0.0925281 0.0925633 0.0918185 0.0903611 0.0882796 0.0856826 0.0826854 0.0793949 0.0759076 0.0723109 0.0686816 0.0650877 0.0615876 0.0582252 0.0550292 0.0520153 0.0491869 0.0465396 0.0440648 0.0417502 0.0395818 0.0375437 0.0356176 0.0337843 0.0320233 0.0303146 0.0286398 0.0269822 0.0253281 0.0236666 0.0219889 0.0202889 0.0185623 0.0168059 0.0150186 0.0131999 0.0113509 0.00947364 0.00757134 0.00564829 0.00370934 0.00176033 -0.000192661 -0.00214314 -0.00408445 -0.00601013 -0.00791364 -0.00978894 -0.0116301 -0.0134316 -0.0151884 -0.0168958 -0.0185496 -0.0201457 -0.0216809 -0.0231519 -0.0245562 -0.0258912 -0.0271553 -0.0283465 -0.0294636 -0.0305054 -0.0314712 -0.0323604 -0.0331723 -0.0339069 -0.034564 -0.0351435 -0.0356453 -0.0360698 -0.0364168 -0.0366866 -0.0368792 -0.0369947 -0.0370332 -0.0369947 -0.0368792 -0.0366866 -0.0364168 -0.0360698 -0.0356453 -0.0351435 -0.034564 -0.0339069 -0.0331723 -0.0323604 -0.0314712 -0.0305054 -0.0294636 -0.0283465 -0.0271553 -0.0258912 -0.0245562 -0.0231519 -0.0216809 -0.0201457 -0.0185496 -0.0168958 -0.0151884 -0.0134316 -0.0116301 -0.00978894 -0.00791364 -0.00601013 -0.00408445 -0.00214314 -0.000192661 0.00176033 0.00370934 0.00564829 0.00757134 0.00947364 0.0113509 0.0131999 0.0150186 0.0168059 0.0185623 0.0202889 0.0219889 0.0236666 0.0253281 0.0269822 0.0286398 0.0303146 0.0320233 0.0337843 0.0356176 0.0375437 0.0395818 0.0417502 0.0440648 0.0465396 0.0491869 0.0520153 0.0550292 0.0582252 0.0615876 0.0650877 0.0686816 0.0723109 0.0759076 0.0793949 0.0826854 0.0856826 0.0882796 0.0903611 0.0918185 0.0925633 0.0925281 0.0916686 0.0899611 0.0873968 0.0839948 0.0798294 0.0750221 0.0696964 0.0639601 0.0579418 0.0518129 0.0457478 0.0398735 0.034274 0.0290322 0.0242412 0.0199704 0.016235 0.013008 0.0102573 0.00796563 0.00612214 0.00470222 0.00366172 0.00294802 0.00251559 
0 0.00119963 0.00246654 0.00388006 0.00553028 0.00750203 0.00985764 0.0126364 0.0158724 0.0196084 0.0238815 0.0286866 0.0339597 0.0396056 0.0455363 0.051666 0.0578672 0.0639601 0.0697652 0.0751494 0.0800027 0.0841938 0.087592 0.0901249 0.0917825 0.0925747 0.0925182 0.0916586 0.0900749 0.0878679 0.0851533 0.0820506 0.0786673 0.0751002 0.0714428 0.0677795 0.0641821 0.0607104 0.0574054 0.0542901 0.0513764 0.0486659 0.0461539 0.0438332 0.041692 0.0397149 0.0378845 0.0361797 0.034579 0.0330619 0.0316085 0.0302019 0.0288274 0.027472 0.0261249 0.0247761 0.0234169 0.0220399 0.0206382 0.0192071 0.0177432 0.0162443 0.0147107 0.0131431 0.0115444 0.00991797 0.00826808 0.00659976 0.00491795 0.00322838 0.00153636 -0.000152378 -0.00183232 -0.00349804 -0.00514399 -0.00676515 -0.00835619 -0.00991248 -0.0114292 -0.0129021 -0.014327 -0.0157002 -0.0170182 -0.0182779 -0.0194764 -0.0206113 -0.0216803 -0.0226816 -0.0236135 -0.0244745 -0.0252636 -0.0259797 -0.0266221 -0.0271901 -0.0276832 -0.028101 -0.0284432 -0.0287095 -0.0288999 -0.0290141 -0.0290522 -0.0290141 -0.0288999 -0.0287095 -0.0284432 -0.028101 -0.0276832 -0.0271901 -0.0266221 -0.0259797 -0.0252636 -0.0244745 -0.0236135 -0.0226816 -0.0216803 -0.0206113 -0.0194764 -0.0182779 -0.0170182 -0.0157002 -0.014327 -0.0129021 -0.0114292 -0.00991248 -0.00835619 -0.00676515 -0.00514399 -0.00349804 -0.00183232 -0.000152378 0.00153636 0.00322838 0.00491795 0.00659976 0.00826808 0.00991797 0.0115444 0.0131431 0.0147107 0.0162443 0.0177432 0.0192071 0.0206382 0.0220399 0.0234169 0.0247761 0.0261249 0.027472 0.0288274 0.0302019 0.0316085 0.0330619 0.034579 0.0361797 0.0378845 0.0397149 0.041692 0.0438332 0.0461539 0.0486659 0.0513764 0.0542901 0.0574054 0.0607104 0.0641821 0.0677795 0.0714428 0.0751002 0.0786673 0.0820506 0.0851533 0.0878679 0.0900749 0.0916586 0.0925182 0.0925747 0.0917825 0.0901249 0.087592 0.0841938 0.0800027 0.0751494 0.0697652 0.0639601 0.0578672 0.051666 0.0455364 0.0396058 0.0339605 0.0286888 0.0238874 0.0196231 0.0159068 0.0127119 0.0100127 0.00780021 0.00606804 0.00479111 0.00392147 0.00340227 
