0 0 0 0 0 0 0 0 0 0 0 0 0 0 0 0 0 0 0 0 0 0 0 0 0 0 0 0 0 0 0 0 0 0 0 0 0 0 0 0 0 0 0 0 0 0 0 0 0 0 0 0 0 0 0 0 0 0 0 0 0 0 0 0 0 0 0 0 0 0 0 0 0 0 0 0 0 0 0 0 0 0 0 0 0 0 0 0 0 0 0 0 0 0 0 0 0 0 0 0 0 0 0 0 0 0 0 0 0 0 0 0 0 0 0 0 0 0 0 0 0 0 0 0 0 0 0 0 0 0 0 0 0 0 0 0 0 0 0 0 0 0 0 0 0 0 0 0 0 0 0 0 0 0 0 0 0 0 0 0 0 0 0 0 0 0 0 0 0 0 0 0 0 0 0 0 0 0 0 0 0 0 0 0 0 0 0 0 0 0 0 0 0 0 0 0 0 0 0 0 
0 1.43612e-18 8.64194e-18 4.84501e-17 2.59148e-16 1.32318e-15 6.44911e-15 3.00026e-14 1.33215e-13 5.64454e-13 2.28204e-12 8.80161e-12 3.23791e-11 1.13591e-10 3.79933e-10 1.21131e-09 3.6804e-09 1.06544e-08 2.93811e-08 7.71667e-08 1.92997e-07 4.59601e-07 1.04209e-06 2.24974e-06 4.62517e-06 9.05743e-06 1.69025e-05 3.00771e-05 5.10784e-05 8.28813e-05 0.000128691 0.000191577 0.000274085 0.00037796 0.000504142 0.000653096 0.000825459 0.00102283 0.00124841 0.00150732 0.0018063 0.00215287 0.00255418 0.00301565 0.00353999 0.00412657 0.00477144 0.00546788 0.00620726 0.00697997 0.00777634 0.00858712 0.00940374 0.0102182 0.0110229 0.0118101 0.0125719 0.0132999 0.0139853 0.0146194 0.0151934 0.0156995 0.0161308 0.0164819 0.0167492 0.0169306 0.017026 0.0170372 0.0169671 0.0168202 0.016602 0.0163186 0.015977 0.0155842 0.0151473 0.0146736 0.0141702 0.0136438 0.013101 0.0125479 0.0119903 0.0114334 0.0108822 0.0103412 0.00981439 0.00930542 0.00881753 0.0083536 0.00791612 0.00750728 0.00712894 0.00678271 0.00646992 0.00619169 0.00594894 0.00574241 0.0055727 0.00544026 0.00534543 0.00528844 0.00526943 0.00528844 0.00534543 0.00544026 0.0055727 0.00574241 0.00594894 0.00619169 0.00646992 0.00678271 0.00712894 0.00750728 0.00791612 0.0083536 0.00881753 0.00930542 0.00981439 0.0103412 0.0108822 0.0114334 0.0119903 0.0125479 0.013101 0.0136438 0.0141702 0.0146736 0.0151473 0.0155842 0.015977 0.0163186 0.016602 0.0168202 0.0169671 0.0170372 0.017026 0.0169306 0.0167492 0.0164819 0.0161308 0.0156995 0.0151934 0.0146194 0.0139853 0.0132999 0.0125719 0.0118101 0.0110229 0.0102182 0.00940374 0.00858712 0.00777634 0.00697997 0.00620726 0.00546788 0.00477144 0.00412657 0.00353999 0.00301565 0.00255418 0.00215287 0.0018063 0.00150732 0.00124841 0.00102283 0.000825459 0.000653096 0.000504142 0.00037796 0.000274085 0.000191577 0.000128691 8.28813e-05 5.10784e-05 3.00771e-05 1.69025e-05 9.05743e-06 4.62517e-06 2.24974e-06 1.04209e-06 4.59601e-07 1.92997e-07 7.71667e-08 2.93811e-08 1.06544e-08 3.6804e-09 1.21131e-09 3.79933e-10 1.13591e-10 3.23791e-11 8.80161e-12 2.28204e-12 5.64454e-13 1.33215e-13 3.00026e-14 6.44911e-15 1.32318e-15 2.59146e-16 4.84371e-17 8.55891e-18 9.33063e-19 
0 8.64194e-18 5.03112e-17 2.72468e-16 1.40785e-15 6.94481e-15 3.27045e-14 1.47012e-13 6.30735e-13 2.5824e-12 1.00881e-11 3.7594e-11 1.33619e-10 4.52858e-10 1.4632e-09 4.50599e-09 1.3223e-08 3.6968e-08 9.84465e-08 2.49679e-07 6.03011e-07 1.38678e-06 3.037e-06 6.33433e-06 1.25862e-05 2.3835e-05 4.30472e-05 7.42112e-05 0.000122265 0.000192799 0.000291552 0.000423803 0.000593873 0.000804948 0.00105939 0.00135951 0.00170867 0.00211229 0.00257838 0.00311742 0.00374139 0.00446223 0.00529001 0.00623136 0.00728832 0.00845802 0.00973295 0.0111018 0.0125505 0.0140633 0.0156237 0.0172145 0.0188187 0.020419 0.0219976 0.0235368 0.0250183 0.0264241 0.0277366 0.0289391 0.0300165 0.0309557 0.0317461 0.0323799 0.0328525 0.0331619 0.0333093 0.0332985 0.0331358 0.0328293 0.0323892 0.0318267 0.031154 0.0303843 0.0295307 0.0286066 0.0276254 0.0266001 0.025543 0.0244661 0.0233806 0.0222968 0.0212244 0.020172 0.0191478 0.0181586 0.0172109 0.0163102 0.0154613 0.0146684 0.013935 0.0132641 0.0126584 0.0121198 0.01165 0.0112505 0.0109223 0.0106662 0.0104829 0.0103728 0.010336 0.0103728 0.0104829 0.0106662 0.0109223 0.0112505 0.01165 0.0121198 0.0126584 0.0132641 0.013935 0.0146684 0.0154613 0.0163102 0.0172109 0.0181586 0.0191478 0.020172 0.0212244 0.0222968 0.0233806 0.0244661 0.025543 0.0266001 0.0276254 0.0286066 0.0295307 0.0303843 0.031154 0.0318267 0.0323892 0.0328293 0.0331358 0.0332985 0.0333093 0.0331619 0.0328525 0.0323799 0.0317461 0.0309557 0.0300165 0.0289391 0.0277366 0.0264241 0.0250183 0.0235368 0.0219976 0.020419 0.0188187 0.0172145 0.0156237 0.0140633 0.0125505 0.0111018 0.00973295 0.00845802 0.00728832 0.00623136 0.00529001 0.00446223 0.00374139 0.00311742 0.00257838 0.00211229 0.00170867 0.00135951 0.00105939 0.000804948 0.000593873 0.000423803 0.000291552 0.000192799 0.000122265 7.42112e-05 4.30472e-05 2.3835e-05 1.25862e-05 6.33433e-06 3.037e-06 1.38678e-06 6.03011e-07 2.49679e-07 9.84465e-08 3.6968e-08 1.3223e-08 4.50599e-09 1.4632e-09 4.52858e-10 1.33619e-10 3.7594e-11 1.00881e-11 2.5824e-12 6.30735e-13 1.47012e-13 3.27045e-14 6.94481e-15 1.40783e-15 2.72386e-16 4.98082e-17 5.70449e-18 
0 4.84501e-17 2.72468e-16 1.42269e-15 7.08651e-15 3.36962e-14 1.52939e-13 6.62502e-13 2.73851e-12 1.07998e-11 4.06263e-11 1.45742e-10 4.98474e-10 1.62507e-09 5.04849e-09 1.49417e-08 4.21188e-08 1.13056e-07 2.88913e-07 7.02801e-07 1.62724e-06 3.58615e-06 7.5234e-06 1.50288e-05 2.85995e-05 5.18812e-05 8.98051e-05 0.000148523 0.000235087 0.000356889 0.000521019 0.000733763 0.0010005 0.00132612 0.00171593 0.00217673 0.00271765 0.00335043 0.00408884 0.00494746 0.00593996 0.00707749 0.00836733 0.00981226 0.0114104 0.0131556 0.0150379 0.017044 0.0191577 0.0213599 0.0236291 0.0259409 0.0282689 0.0305849 0.0328593 0.0350627 0.037166 0.039142 0.0409657 0.0426151 0.0440719 0.0453214 0.0463529 0.0471593 0.0477376 0.048088 0.0482142 0.0481229 0.0478234 0.0473275 0.046649 0.0458032 0.044807 0.0436781 0.0424346 0.041095 0.0396778 0.038201 0.0366821 0.0351377 0.0335835 0.0320342 0.0305032 0.0290029 0.0275442 0.0261371 0.0247903 0.0235115 0.0223073 0.0211833 0.0201446 0.019195 0.0183381 0.0175765 0.0169126 0.0163482 0.0158847 0.0155231 0.0152643 0.0151088 0.0150569 0.0151088 0.0152643 0.0155231 0.0158847 0.0163482 0.0169126 0.0175765 0.0183381 0.019195 0.0201446 0.0211833 0.0223073 0.0235115 0.0247903 0.0261371 0.0275442 0.0290029 0.0305032 0.0320342 0.0335835 0.0351377 0.0366821 0.038201 0.0396778 0.041095 0.0424346 0.0436781 0.044807 0.0458032 0.046649 0.0473275 0.0478234 0.0481229 0.0482142 0.048088 0.0477376 0.0471593 0.0463529 0.0453214 0.0440719 0.0426151 0.0409657 0.039142 0.037166 0.0350627 0.0328593 0.0305849 0.0282689 0.0259409 0.0236291 0.0213599 0.0191577 0.017044 0.0150379 0.0131556 0.0114104 0.00981226 0.00836733 0.00707749 0.00593996 0.00494746 0.00408884 0.00335043 0.00271765 0.00217673 0.00171593 0.00132612 0.0010005 0.000733763 0.000521019 0.000356889 0.000235087 0.000148523 8.98051e-05 5.18812e-05 2.85995e-05 1.50288e-05 7.5234e-06 3.58615e-06 1.62724e-06 7.02801e-07 2.88913e-07 1.13056e-07 4.21188e-08 1.49417e-08 5.04849e-09 1.62507e-09 4.98474e-10 1.45742e-10 4.06263e-11 1.07998e-11 2.73851e-12 6.62502e-13 1.52939e-13 3.36962e-14 7.08643e-15 1.42221e-15 2.69635e-16 3.25335e-17 
0 2.59148e-16 1.40785e-15 7.08651e-15 3.40201e-14 1.55883e-13 6.8166e-13 2.84421e-12 1.13211e-11 4.29782e-11 1.5557e-10 5.36791e-10 1.76505e-09 5.52903e-09 1.64949e-08 4.68523e-08 1.26667e-07 3.25866e-07 7.97551e-07 1.85676e-06 4.11153e-06 8.66006e-06 1.73539e-05 3.30987e-05 6.01243e-05 0.000104122 0.00017214 0.000272193 0.000412625 0.000601465 0.000846035 0.00115311 0.00152968 0.00198415 0.00252742 0.00317347 0.00393897 0.0048419 0.00589961 0.0071268 0.00853407 0.0101272 0.0119073 0.0138715 0.0160137 0.0183249 0.0207933 0.0234039 0.0261375 0.0289706 0.0318748 0.0348173 0.0377617 0.0406696 0.0435016 0.0462193 0.0487865 0.0511705 0.0533429 0.0552798 0.0569622 0.058376 0.059512 0.0603651 0.0609347 0.061224 0.0612399 0.0609925 0.0604951 0.0597632 0.0588149 0.0576699 0.0563493 0.0548751 0.0532698 0.0515559 0.049756 0.0478916 0.0459838 0.0440524 0.0421158 0.0401915 0.0382951 0.0364411 0.0346422 0.03291 0.0312546 0.0296847 0.0282081 0.0268313 0.0255598 0.0243982 0.0233506 0.02242 0.021609 0.0209197 0.0203538 0.0199125 0.0195966 0.0194068 0.0193435 0.0194068 0.0195966 0.0199125 0.0203538 0.0209197 0.021609 0.02242 0.0233506 0.0243982 0.0255598 0.0268313 0.0282081 0.0296847 0.0312546 0.03291 0.0346422 0.0364411 0.0382951 0.0401915 0.0421158 0.0440524 0.0459838 0.0478916 0.049756 0.0515559 0.0532698 0.0548751 0.0563493 0.0576699 0.0588149 0.0597632 0.0604951 0.0609925 0.0612399 0.061224 0.0609347 0.0603651 0.059512 0.058376 0.0569622 0.0552798 0.0533429 0.0511705 0.0487865 0.0462193 0.0435016 0.0406696 0.0377617 0.0348173 0.0318748 0.0289706 0.0261375 0.0234039 0.0207933 0.0183249 0.0160137 0.0138715 0.0119073 0.0101272 0.00853407 0.0071268 0.00589961 0.0048419 0.00393897 0.00317347 0.00252742 0.00198415 0.00152968 0.00115311 0.000846035 0.000601465 0.000412625 0.000272193 0.00017214 0.000104122 6.01243e-05 3.30987e-05 1.73539e-05 8.66006e-06 4.11153e-06 1.85676e-06 7.97551e-07 3.25866e-07 1.26667e-07 4.68523e-08 1.64949e-08 5.52903e-09 1.76505e-09 5.36791e-10 1.5557e-10 4.29782e-11 1.13211e-11 2.84421e-12 6.8166e-13 1.55883e-13 3.40197e-14 7.08383e-15 1.39267e-15 1.77121e-16 
0 1.32318e-15 6.94481e-15 3.36962e-14 1.55883e-13 6.88156e-13 2.89848e-12 1.16452e-11 4.46179e-11 1.62977e-10 5.67369e-10 1.88185e-09 5.94472e-09 1.78794e-08 5.11795e-08 1.39382e-07 3.61027e-07 8.89139e-07 2.08158e-06 4.63169e-06 9.79477e-06 1.96882e-05 3.76288e-05 6.84222e-05 0.000118482 0.000195659 0.00030873 0.000466672 0.000677986 0.000950468 0.0012917 0.00171027 0.0022173 0.00282764 0.00356007 0.00443616 0.00547807 0.00670584 0.0081352 0.00977621 0.0116333 0.0137061 0.0159905 0.0184799 0.021165 0.0240337 0.0270697 0.0302521 0.0335539 0.0369426 0.0403804 0.0438256 0.0472341 0.0505613 0.0537637 0.0568003 0.0596337 0.0622306 0.0645629 0.0666072 0.0683455 0.0697651 0.0708583 0.0716228 0.0720607 0.072179 0.0719886 0.0715044 0.0707444 0.0697292 0.0684817 0.067026 0.0653876 0.0635922 0.0616656 0.0596332 0.0575196 0.0553485 0.0531424 0.0509221 0.0487073 0.0465159 0.0443643 0.0422672 0.0402378 0.038288 0.0364281 0.034667 0.0330127 0.0314717 0.0300499 0.028752 0.027582 0.0265432 0.0256383 0.0248695 0.0242383 0.0237462 0.023394 0.0231824 0.0231119 0.0231824 0.023394 0.0237462 0.0242383 0.0248695 0.0256383 0.0265432 0.027582 0.028752 0.0300499 0.0314717 0.0330127 0.034667 0.0364281 0.038288 0.0402378 0.0422672 0.0443643 0.0465159 0.0487073 0.0509221 0.0531424 0.0553485 0.0575196 0.0596332 0.0616656 0.0635922 0.0653876 0.067026 0.0684817 0.0697292 0.0707444 0.0715044 0.0719886 0.072179 0.0720607 0.0716228 0.0708583 0.0697651 0.0683455 0.0666072 0.0645629 0.0622306 0.0596337 0.0568003 0.0537637 0.0505613 0.0472341 0.0438256 0.0403804 0.0369426 0.0335539 0.0302521 0.0270697 0.0240337 0.021165 0.0184799 0.0159905 0.0137061 0.0116333 0.00977621 0.0081352 0.00670584 0.00547807 0.00443616 0.00356007 0.00282764 0.0022173 0.00171027 0.0012917 0.000950468 0.000677986 0.000466672 0.00030873 0.000195659 0.000118482 6.84222e-05 3.76288e-05 1.96882e-05 9.79477e-06 4.63169e-06 2.08158e-06 8.89139e-07 3.61027e-07 1.39382e-07 5.11795e-08 1.78794e-08 5.94472e-09 1.88185e-09 5.67369e-10 1.62977e-10 4.46179e-11 1.16452e-11 2.89848e-12 6.88156e-13 1.55881e-13 3.3682e-14 6.86738e-15 9.21047e-16 
0 6.44911e-15 3.27045e-14 1.52939e-13 6.8166e-13 2.89848e-12 1.17553e-11 4.54608e-11 1.67588e-10 5.88708e-10 1.96993e-09 6.27667e-09 1.90352e-08 5.49235e-08 1.50713e-07 3.93155e-07 9.74615e-07 2.2952e-06 5.13353e-06 1.09034e-05 2.19921e-05 4.21342e-05 7.67174e-05 0.000132874 0.000219225 0.000345235 0.000520371 0.000753418 0.00105243 0.00142562 0.00188302 0.00243838 0.00311029 0.00392184 0.00489871 0.0060661 0.00744565 0.00905329 0.0108986 0.0129853 0.015313 0.0178778 0.0206734 0.02369 0.0269138 0.0303249 0.0338971 0.0375973 0.0413866 0.0452214 0.0490553 0.0528409 0.0565313 0.0600817 0.0634499 0.066597 0.0694882 0.072093 0.0743855 0.076345 0.0779562 0.0792096 0.0801014 0.0806334 0.080813 0.0806522 0.0801678 0.07938 0.0783119 0.0769889 0.075438 0.0736868 0.0717634 0.0696955 0.0675103 0.065234 0.0628917 0.0605069 0.0581017 0.0556968 0.0533109 0.0509613 0.0486637 0.0464321 0.044279 0.0422155 0.0402514 0.0383952 0.0366542 0.0350347 0.033542 0.0321807 0.0309546 0.0298666 0.0289193 0.0281148 0.0274546 0.0269399 0.0265717 0.0263505 0.0262768 0.0263505 0.0265717 0.0269399 0.0274546 0.0281148 0.0289193 0.0298666 0.0309546 0.0321807 0.033542 0.0350347 0.0366542 0.0383952 0.0402514 0.0422155 0.044279 0.0464321 0.0486637 0.0509613 0.0533109 0.0556968 0.0581017 0.0605069 0.0628917 0.065234 0.0675103 0.0696955 0.0717634 0.0736868 0.075438 0.0769889 0.0783119 0.07938 0.0801678 0.0806522 0.080813 0.0806334 0.0801014 0.0792096 0.0779562 0.076345 0.0743855 0.072093 0.0694882 0.066597 0.0634499 0.0600817 0.0565313 0.0528409 0.0490553 0.0452214 0.0413866 0.0375973 0.0338971 0.0303249 0.0269138 0.02369 0.0206734 0.0178778 0.015313 0.0129853 0.0108986 0.00905329 0.00744565 0.0060661 0.00489871 0.00392184 0.00311029 0.00243838 0.00188302 0.00142562 0.00105243 0.000753418 0.000520371 0.000345235 0.000219225 0.000132874 7.67174e-05 4.21342e-05 2.19921e-05 1.09034e-05 5.13353e-06 2.2952e-06 9.74615e-07 3.93155e-07 1.50713e-07 5.49235e-08 1.90352e-08 6.27667e-09 1.96993e-09 5.88708e-10 1.67588e-10 4.54608e-11 1.17553e-11 2.89848e-12 6.81647e-13 1.52868e-13 3.23288e-14 4.57482e-15 
0 3.00026e-14 1.47012e-13 6.62502e-13 2.84421e-12 1.16452e-11 4.54608e-11 1.69153e-10 5.99674e-10 2.02474e-09 6.50813e-09 1.99058e-08 5.79083e-08 1.60152e-07 4.20874e-07 1.05052e-06 2.48951e-06 5.59925e-06 1.19496e-05 2.41961e-05 4.64912e-05 8.48051e-05 0.000146985 0.000242398 0.000381155 0.000573138 0.000827334 0.00115202 0.0015561 0.00205123 0.00265396 0.00338662 0.00427622 0.00535163 0.00663972 0.00816225 0.00993425 0.0119643 0.0142562 0.01681 0.0196237 0.0226918 0.026004 0.0295433 0.033285 0.0371957 0.0412347 0.0453556 0.0495087 0.053643 0.0577084 0.0616564 0.0654415 0.0690211 0.072356 0.0754111 0.0781555 0.080563 0.0826132 0.0842913 0.0855888 0.0865036 0.0870396 0.0872062 0.087018 0.0864939 0.0856561 0.0845296 0.0831413 0.0815193 0.0796922 0.0776886 0.0755369 0.0732645 0.0708979 0.0684623 0.0659814 0.0634776 0.0609712 0.0584814 0.0560253 0.0536187 0.0512756 0.0490086 0.0468287 0.0447459 0.0427685 0.0409041 0.0391589 0.0375383 0.0360468 0.0346884 0.0334661 0.0323826 0.0314399 0.0306398 0.0299835 0.0294721 0.0291064 0.0288867 0.0288134 0.0288867 0.0291064 0.0294721 0.0299835 0.0306398 0.0314399 0.0323826 0.0334661 0.0346884 0.0360468 0.0375383 0.0391589 0.0409041 0.0427685 0.0447459 0.0468287 0.0490086 0.0512756 0.0536187 0.0560253 0.0584814 0.0609712 0.0634776 0.0659814 0.0684623 0.0708979 0.0732645 0.0755369 0.0776886 0.0796922 0.0815193 0.0831413 0.0845296 0.0856561 0.0864939 0.087018 0.0872062 0.0870396 0.0865036 0.0855888 0.0842913 0.0826132 0.080563 0.0781555 0.0754111 0.072356 0.0690211 0.0654415 0.0616564 0.0577084 0.053643 0.0495087 0.0453556 0.0412347 0.0371957 0.033285 0.0295433 0.026004 0.0226918 0.0196237 0.01681 0.0142562 0.0119643 0.00993425 0.00816225 0.00663972 0.00535163 0.00427622 0.00338662 0.00265396 0.00205123 0.0015561 0.00115202 0.000827334 0.000573138 0.000381155 0.000242398 0.000146985 8.48051e-05 4.64912e-05 2.41961e-05 1.19496e-05 5.59925e-06 2.48951e-06 1.05052e-06 4.20874e-07 1.60152e-07 5.79083e-08 1.99058e-08 6.50813e-09 2.02474e-09 5.99674e-10 1.69153e-10 4.54608e-11 1.16452e-11 2.84415e-12 6.62158e-13 1.4528e-13 2.17037e-14 
0 1.33215e-13 6.30735e-13 2.73851e-12 1.13211e-11 4.46179e-11 1.67588e-10 5.99674e-10 2.04334e-09 6.62702e-09 2.04471e-08 5.9987e-08 1.6725e-07 4.42921e-07 1.11355e-06 2.65648e-06 6.01071e-06 1.2895e-05 2.62251e-05 5.05623e-05 9.24502e-05 0.000160437 0.000264617 0.000415705 0.00062395 0.000898509 0.00124792 0.00168192 0.00221408 0.00286405 0.003658 0.00462659 0.00580101 0.00720867 0.00887022 0.0107991 0.0130027 0.0154851 0.0182481 0.0212907 0.0246081 0.028188 0.0320091 0.03604 0.0402399 0.0445607 0.0489497 0.0533523 0.0577141 0.0619822 0.0661062 0.0700387 0.0737354 0.0771559 0.0802644 0.0830303 0.0854292 0.0874436 0.0890628 0.090283 0.0911071 0.0915441 0.091608 0.0913173 0.0906938 0.089762 0.0885485 0.0870807 0.0853871 0.0834961 0.081436 0.0792344 0.0769183 0.0745133 0.0720438 0.0695328 0.0670017 0.0644702 0.0619564 0.0594767 0.057046 0.0546774 0.0523827 0.0501723 0.048055 0.046039 0.0441307 0.0423362 0.0406603 0.0391071 0.0376801 0.0363823 0.035216 0.0341832 0.0332853 0.0325238 0.0318996 0.0314133 0.0310656 0.0308568 0.0307872 0.0308568 0.0310656 0.0314133 0.0318996 0.0325238 0.0332853 0.0341832 0.035216 0.0363823 0.0376801 0.0391071 0.0406603 0.0423362 0.0441307 0.046039 0.048055 0.0501723 0.0523827 0.0546774 0.057046 0.0594767 0.0619564 0.0644702 0.0670017 0.0695328 0.0720438 0.0745133 0.0769183 0.0792344 0.081436 0.0834961 0.0853871 0.0870807 0.0885485 0.089762 0.0906938 0.0913173 0.091608 0.0915441 0.0911071 0.090283 0.0890628 0.0874436 0.0854292 0.0830303 0.0802644 0.0771559 0.0737354 0.0700387 0.0661062 0.0619822 0.0577141 0.0533523 0.0489497 0.0445607 0.0402399 0.03604 0.0320091 0.028188 0.0246081 0.0212907 0.0182481 0.0154851 0.0130027 0.0107991 0.00887022 0.00720867 0.00580101 0.00462659 0.003658 0.00286405 0.00221408 0.00168192 0.00124792 0.000898509 0.00062395 0.000415705 0.000264617 0.000160437 9.24502e-05 5.05623e-05 2.62251e-05 1.2895e-05 6.01071e-06 2.65648e-06 1.11355e-06 4.42921e-07 1.6725e-07 5.9987e-08 2.04471e-08 6.62702e-09 2.04334e-09 5.99674e-10 1.67588e-10 4.46178e-11 1.13208e-11 2.73694e-12 6.23146e-13 9.83413e-14 
0 5.64454e-13 2.5824e-12 1.07998e-11 4.29782e-11 1.62977e-10 5.88708e-10 2.02474e-09 6.62702e-09 2.06307e-08 6.10539e-08 1.71657e-07 4.58249e-07 1.16084e-06 2.78887e-06 6.35097e-06 1.37031e-05 2.80055e-05 5.42105e-05 9.94147e-05 0.000172847 0.000285304 0.000448071 0.000671731 0.000965603 0.00133855 0.00180131 0.00236967 0.00306666 0.00392235 0.00497073 0.00624457 0.00777085 0.00956846 0.011649 0.0140194 0.0166846 0.0196479 0.0229094 0.0264625 0.0302911 0.0343673 0.038652 0.0430972 0.0476485 0.052249 0.0568409 0.0613673 0.065773 0.0700045 0.0740114 0.0777464 0.0811673 0.0842375 0.0869282 0.0892183 0.0910952 0.0925544 0.093599 0.0942389 0.0944893 0.0943699 0.0939037 0.0931164 0.0920352 0.0906885 0.0891053 0.0873146 0.085345 0.0832246 0.0809805 0.0786387 0.0762237 0.0737585 0.0712644 0.0687609 0.0662659 0.0637954 0.0613638 0.0589839 0.056667 0.054423 0.0522605 0.0501871 0.0482092 0.0463324 0.0445614 0.0429001 0.0413521 0.0399201 0.0386065 0.0374134 0.0363424 0.0353948 0.0345716 0.0338738 0.033302 0.0328568 0.0325385 0.0323475 0.0322838 0.0323475 0.0325385 0.0328568 0.033302 0.0338738 0.0345716 0.0353948 0.0363424 0.0374134 0.0386065 0.0399201 0.0413521 0.0429001 0.0445614 0.0463324 0.0482092 0.0501871 0.0522605 0.054423 0.056667 0.0589839 0.0613638 0.0637954 0.0662659 0.0687609 0.0712644 0.0737585 0.0762237 0.0786387 0.0809805 0.0832246 0.085345 0.0873146 0.0891053 0.0906885 0.0920352 0.0931164 0.0939037 0.0943699 0.0944893 0.0942389 0.093599 0.0925544 0.0910952 0.0892183 0.0869282 0.0842375 0.0811673 0.0777464 0.0740114 0.0700045 0.065773 0.0613673 0.0568409 0.052249 0.0476485 0.0430972 0.038652 0.0343673 0.0302911 0.0264625 0.0229094 0.0196479 0.0166846 0.0140194 0.011649 0.00956846 0.00777085 0.00624457 0.00497073 0.00392235 0.00306666 0.00236967 0.00180131 0.00133855 0.000965603 0.000671731 0.000448071 0.000285304 0.000172847 9.94147e-05 5.42105e-05 2.80055e-05 1.37031e-05 6.35097e-06 2.78887e-06 1.16084e-06 4.58249e-07 1.71657e-07 6.10539e-08 2.06307e-08 6.62702e-09 2.02474e-09 5.88708e-10 1.62977e-10 4.29768e-11 1.0793e-11 2.55085e-12 4.2555e-13 
0 2.28204e-12 1.00881e-11 4.06263e-11 1.5557e-10 5.67369e-10 1.96993e-09 6.50813e-09 2.04471e-08 6.10539e-08 1.73152e-07 4.66108e-07 1.19016e-06 2.8807e-06 6.60543e-06 1.43412e-05 2.94698e-05 5.73066e-05 0.000105472 0.000183845 0.000303899 0.000477467 0.000715449 0.00102733 0.00142237 0.00191251 0.00251593 0.00325927 0.00417651 0.00530452 0.00667698 0.00831971 0.0102496 0.0124769 0.0150089 0.0178522 0.0210116 0.0244866 0.0282673 0.0323308 0.0366411 0.041151 0.045806 0.0505471 0.0553144 0.0600476 0.0646873 0.0691749 0.0734532 0.0774679 0.0811693 0.0845143 0.0874677 0.0900042 0.0921079 0.0937728 0.0950012 0.0958033 0.0961952 0.096198 0.0958366 0.0951386 0.0941337 0.0928526 0.0913267 0.0895875 0.087666 0.0855922 0.0833948 0.0811009 0.0787357 0.0763223 0.0738817 0.0714329 0.0689927 0.0665759 0.0641956 0.0618631 0.0595882 0.0573796 0.0552445 0.0531891 0.051219 0.0493385 0.0475517 0.045862 0.044272 0.0427842 0.0414007 0.0401231 0.0389529 0.0378912 0.0369391 0.0360974 0.0353667 0.0347476 0.0342405 0.0338458 0.0335636 0.0333943 0.0333378 0.0333943 0.0335636 0.0338458 0.0342405 0.0347476 0.0353667 0.0360974 0.0369391 0.0378912 0.0389529 0.0401231 0.0414007 0.0427842 0.044272 0.045862 0.0475517 0.0493385 0.051219 0.0531891 0.0552445 0.0573796 0.0595882 0.0618631 0.0641956 0.0665759 0.0689927 0.0714329 0.0738817 0.0763223 0.0787357 0.0811009 0.0833948 0.0855922 0.087666 0.0895875 0.0913267 0.0928526 0.0941337 0.0951386 0.0958366 0.096198 0.0961952 0.0958033 0.0950012 0.0937728 0.0921079 0.0900042 0.0874677 0.0845143 0.0811693 0.0774679 0.0734532 0.0691749 0.0646873 0.0600476 0.0553144 0.0505471 0.045806 0.041151 0.0366411 0.0323308 0.0282673 0.0244866 0.0210116 0.0178522 0.0150089 0.0124769 0.0102496 0.00831971 0.00667698 0.00530452 0.00417651 0.00325927 0.00251593 0.00191251 0.00142237 0.00102733 0.000715449 0.000477467 0.000303899 0.000183845 0.000105472 5.73066e-05 2.94698e-05 1.43412e-05 6.60543e-06 2.8807e-06 1.19016e-06 4.66108e-07 1.73152e-07 6.10539e-08 2.04471e-08 6.50813e-09 1.96993e-09 5.67368e-10 1.55564e-10 4.05983e-11 9.96375e-12 1.75848e-12 
0 8.80161e-12 3.7594e-11 1.45742e-10 5.36791e-10 1.88185e-09 6.27667e-09 1.99058e-08 5.9987e-08 1.71657e-07 4.66108e-07 1.20009e-06 2.92771e-06 6.76285e-06 1.47824e-05 3.05603e-05 5.97376e-05 0.000110417 0.000193094 0.000319889 0.000503171 0.000754159 0.00108253 0.00149801 0.00201383 0.00265082 0.00343927 0.00441697 0.00562323 0.00709197 0.00884742 0.0109046 0.0132731 0.0159619 0.0189796 0.022332 0.0260166 0.0300174 0.0343033 0.0388295 0.0435414 0.0483793 0.0532808 0.058183 0.0630227 0.0677361 0.0722597 0.0765317 0.0804948 0.0840984 0.0873011 0.0900722 0.0923919 0.0942513 0.0956512 0.0966006 0.0971154 0.097217 0.0969317 0.0962889 0.095321 0.094062 0.0925472 0.0908118 0.0888908 0.0868177 0.0846243 0.0823401 0.0799919 0.0776039 0.0751973 0.0727907 0.0704002 0.0680394 0.0657199 0.0634514 0.0612419 0.0590983 0.0570261 0.0550299 0.0531135 0.05128 0.0495319 0.0478713 0.0463 0.0448195 0.0434307 0.0421348 0.0409326 0.0398246 0.0388115 0.0378937 0.0370716 0.0363455 0.0357157 0.0351825 0.0347459 0.0344063 0.0341636 0.0340179 0.0339694 0.0340179 0.0341636 0.0344063 0.0347459 0.0351825 0.0357157 0.0363455 0.0370716 0.0378937 0.0388115 0.0398246 0.0409326 0.0421348 0.0434307 0.0448195 0.0463 0.0478713 0.0495319 0.05128 0.0531135 0.0550299 0.0570261 0.0590983 0.0612419 0.0634514 0.0657199 0.0680394 0.0704002 0.0727907 0.0751973 0.0776039 0.0799919 0.0823401 0.0846243 0.0868177 0.0888908 0.0908118 0.0925472 0.094062 0.095321 0.0962889 0.0969317 0.097217 0.0971154 0.0966006 0.0956512 0.0942513 0.0923919 0.0900722 0.0873011 0.0840984 0.0804948 0.0765317 0.0722597 0.0677361 0.0630227 0.058183 0.0532808 0.0483793 0.0435414 0.0388295 0.0343033 0.0300174 0.0260166 0.022332 0.0189796 0.0159619 0.0132731 0.0109046 0.00884742 0.00709197 0.00562323 0.00441697 0.00343927 0.00265082 0.00201383 0.00149801 0.00108253 0.000754159 0.000503171 0.000319889 0.000193094 0.000110417 5.97376e-05 3.05603e-05 1.47824e-05 6.76285e-06 2.92771e-06 1.20009e-06 4.66108e-07 1.71657e-07 5.9987e-08 1.99058e-08 6.27667e-09 1.88184e-09 5.36767e-10 1.45633e-10 3.71307e-11 6.93823e-12 
0 3.23791e-11 1.33619e-10 4.98474e-10 1.76505e-09 5.94472e-09 1.90352e-08 5.79083e-08 1.6725e-07 4.58249e-07 1.19016e-06 2.92771e-06 6.81613e-06 1.50079e-05 3.12331e-05 6.14119e-05 0.00011408 0.000200304 0.000332826 0.000524547 0.000787023 0.00113017 0.0015642 0.00210377 0.00277237 0.00360403 0.00464009 0.0059219 0.00748311 0.00934613 0.0115244 0.0140283 0.0168688 0.0200572 0.0235991 0.0274879 0.0316998 0.0361948 0.0409197 0.0458144 0.0508151 0.0558565 0.0608719 0.0657926 0.0705486 0.0750703 0.0792917 0.0831541 0.0866087 0.0896185 0.0921591 0.0942178 0.0957926 0.0968904 0.0975259 0.0977204 0.0975005 0.0968977 0.0959471 0.0946863 0.093155 0.0913931 0.0894398 0.0873331 0.0851083 0.082798 0.0804312 0.0780336 0.0756275 0.0732319 0.0708627 0.068533 0.0662538 0.0640336 0.0618793 0.0597963 0.0577887 0.0558594 0.0540108 0.0522442 0.0505606 0.0489605 0.0474441 0.0460114 0.0446623 0.0433964 0.0422136 0.0411134 0.0400956 0.0391599 0.038306 0.0375339 0.0368432 0.036234 0.0357061 0.0352594 0.0348939 0.0346097 0.0344067 0.0342849 0.0342443 0.0342849 0.0344067 0.0346097 0.0348939 0.0352594 0.0357061 0.036234 0.0368432 0.0375339 0.038306 0.0391599 0.0400956 0.0411134 0.0422136 0.0433964 0.0446623 0.0460114 0.0474441 0.0489605 0.0505606 0.0522442 0.0540108 0.0558594 0.0577887 0.0597963 0.0618793 0.0640336 0.0662538 0.068533 0.0708627 0.0732319 0.0756275 0.0780336 0.0804312 0.082798 0.0851083 0.0873331 0.0894398 0.0913931 0.093155 0.0946863 0.0959471 0.0968977 0.0975005 0.0977204 0.0975259 0.0968904 0.0957926 0.0942178 0.0921591 0.0896185 0.0866087 0.0831541 0.0792917 0.0750703 0.0705486 0.0657926 0.0608719 0.0558565 0.0508151 0.0458144 0.0409197 0.0361948 0.0316998 0.0274879 0.0235991 0.0200572 0.0168688 0.0140283 0.0115244 0.00934613 0.00748311 0.0059219 0.00464009 0.00360403 0.00277237 0.00210377 0.0015642 0.00113017 0.000787023 0.000524547 0.000332826 0.000200304 0.00011408 6.14119e-05 3.12331e-05 1.50079e-05 6.81613e-06 2.92771e-06 1.19016e-06 4.58249e-07 1.6725e-07 5.79083e-08 1.90352e-08 5.9447e-09 1.76495e-09 4.98071e-10 1.31988e-10 2.61355e-11 
0 1.13591e-10 4.52858e-10 1.62507e-09 5.52903e-09 1.78794e-08 5.49235e-08 1.60152e-07 4.42921e-07 1.16084e-06 2.8807e-06 6.76285e-06 1.50079e-05 3.14604e-05 6.22656e-05 0.000116332 0.000205243 0.00034234 0.000541063 0.000813339 0.00116935 0.00161987 0.00218096 0.00287878 0.00375097 0.00484226 0.00619566 0.00784418 0.00980839 0.0121009 0.0147335 0.0177205 0.0210753 0.0248018 0.0288873 0.0332992 0.0379888 0.0428965 0.0479581 0.0531067 0.0582732 0.063385 0.0683658 0.0731378 0.0776257 0.0817611 0.0854863 0.0887567 0.0915414 0.0938224 0.0955933 0.0968577 0.097628 0.0979243 0.0977739 0.0972098 0.0962706 0.0949982 0.0934369 0.0916318 0.089627 0.0874647 0.085184 0.0828206 0.080406 0.0779679 0.07553 0.0731122 0.0707312 0.0684006 0.0661313 0.0639318 0.0618084 0.0597659 0.0578071 0.0559341 0.0541474 0.052447 0.0508321 0.0493016 0.0478541 0.0464877 0.0452007 0.0439915 0.0428583 0.0417995 0.0408138 0.0398998 0.0390566 0.0382831 0.0375786 0.0369425 0.0363743 0.0358736 0.03544 0.0350735 0.0347737 0.0345407 0.0343742 0.0342744 0.0342411 0.0342744 0.0343742 0.0345407 0.0347737 0.0350735 0.03544 0.0358736 0.0363743 0.0369425 0.0375786 0.0382831 0.0390566 0.0398998 0.0408138 0.0417995 0.0428583 0.0439915 0.0452007 0.0464877 0.0478541 0.0493016 0.0508321 0.052447 0.0541474 0.0559341 0.0578071 0.0597659 0.0618084 0.0639318 0.0661313 0.0684006 0.0707312 0.0731122 0.07553 0.0779679 0.080406 0.0828206 0.085184 0.0874647 0.089627 0.0916318 0.0934369 0.0949982 0.0962706 0.0972098 0.0977739 0.0979243 0.097628 0.0968577 0.0955933 0.0938224 0.0915414 0.0887567 0.0854863 0.0817611 0.0776257 0.0731378 0.0683658 0.063385 0.0582732 0.0531067 0.0479581 0.0428965 0.0379888 0.0332992 0.0288873 0.0248018 0.0210753 0.0177205 0.0147335 0.0121009 0.00980839 0.00784418 0.00619566 0.00484226 0.00375097 0.00287878 0.00218096 0.00161987 0.00116935 0.000813339 0.000541063 0.00034234 0.000205243 0.000116332 6.22656e-05 3.14604e-05 1.50079e-05 6.76285e-06 2.8807e-06 1.16084e-06 4.42921e-07 1.60152e-07 5.49234e-08 1.78794e-08 5.52869e-09 1.62367e-09 4.47458e-10 9.39778e-11 
0 3.79933e-10 1.4632e-09 5.04849e-09 1.64949e-08 5.11795e-08 1.50713e-07 4.20874e-07 1.11355e-06 2.78887e-06 6.60543e-06 1.47824e-05 3.12331e-05 6.22656e-05 0.000117091 0.000207754 0.00034816 0.000552307 0.000832544 0.00119938 0.00166413 0.00224422 0.00296836 0.00387768 0.00502005 0.00643987 0.00816936 0.0102275 0.0126267 0.0153812 0.0185088 0.0220244 0.0259286 0.0302011 0.0348003 0.03967 0.0447462 0.049962 0.0552473 0.0605269 0.0657199 0.070741 0.0755049 0.0799326 0.0839559 0.0875205 0.090587 0.09313 0.0951365 0.0966049 0.0975433 0.0979697 0.0979109 0.0974018 0.0964841 0.0952045 0.0936125 0.0917585 0.0896919 0.0874595 0.0851045 0.0826659 0.0801784 0.077672 0.0751726 0.0727023 0.070279 0.0679177 0.0656299 0.0634244 0.0613076 0.0592837 0.0573547 0.0555213 0.0537828 0.0521377 0.0505835 0.0491173 0.047736 0.0464363 0.0452147 0.0440683 0.0429939 0.0419889 0.0410506 0.0401769 0.0393658 0.0386156 0.037925 0.0372926 0.0367176 0.036199 0.0357363 0.0353289 0.0349764 0.0346786 0.0344352 0.034246 0.0341109 0.0340299 0.0340029 0.0340299 0.0341109 0.034246 0.0344352 0.0346786 0.0349764 0.0353289 0.0357363 0.036199 0.0367176 0.0372926 0.037925 0.0386156 0.0393658 0.0401769 0.0410506 0.0419889 0.0429939 0.0440683 0.0452147 0.0464363 0.047736 0.0491173 0.0505835 0.0521377 0.0537828 0.0555213 0.0573547 0.0592837 0.0613076 0.0634244 0.0656299 0.0679177 0.070279 0.0727023 0.0751726 0.077672 0.0801784 0.0826659 0.0851045 0.0874595 0.0896919 0.0917585 0.0936125 0.0952045 0.0964841 0.0974018 0.0979109 0.0979697 0.0975433 0.0966049 0.0951365 0.09313 0.090587 0.0875205 0.0839559 0.0799326 0.0755049 0.070741 0.0657199 0.0605269 0.0552473 0.049962 0.0447462 0.03967 0.0348003 0.0302011 0.0259286 0.0220244 0.0185088 0.0153812 0.0126267 0.0102275 0.00816936 0.00643987 0.00502005 0.00387768 0.00296836 0.00224422 0.00166413 0.00119938 0.000832544 0.000552307 0.00034816 0.000207754 0.000117091 6.22656e-05 3.12331e-05 1.47824e-05 6.60543e-06 2.78887e-06 1.11355e-06 4.20874e-07 1.50713e-07 5.11792e-08 1.64938e-08 5.04391e-09 1.44644e-09 3.22534e-10 
0 1.21131e-09 4.50599e-09 1.49417e-08 4.68523e-08 1.39382e-07 3.93155e-07 1.05052e-06 2.65648e-06 6.35097e-06 1.43412e-05 3.05603e-05 6.14119e-05 0.000116332 0.000207754 0.000350119 0.000558001 0.000844231 0.0012197 0.00169626 0.00229255 0.00303967 0.00398196 0.00517027 0.00665029 0.00845348 0.0105975 0.0130953 0.0159642 0.0192258 0.0228952 0.0269684 0.0314164 0.0361894 0.0412255 0.0464585 0.0518188 0.0572313 0.0626127 0.0678717 0.0729138 0.0776487 0.0819962 0.0858909 0.0892827 0.0921365 0.0944307 0.0961554 0.0973128 0.0979164 0.0979914 0.0975732 0.0967065 0.0954421 0.0938348 0.0919402 0.0898129 0.0875047 0.0850634 0.0825323 0.0799499 0.0773503 0.0747626 0.0722119 0.0697187 0.0672997 0.0649677 0.0627321 0.0605992 0.0585725 0.0566531 0.0548405 0.0531324 0.0515256 0.0500162 0.0485997 0.0472714 0.0460268 0.0448612 0.0437703 0.0427501 0.0417967 0.0409068 0.0400772 0.0393053 0.0385887 0.0379252 0.037313 0.0367507 0.0362368 0.0357703 0.0353503 0.034976 0.0346468 0.0343623 0.0341221 0.0339259 0.0337735 0.0336648 0.0335996 0.0335778 0.0335996 0.0336648 0.0337735 0.0339259 0.0341221 0.0343623 0.0346468 0.034976 0.0353503 0.0357703 0.0362368 0.0367507 0.037313 0.0379252 0.0385887 0.0393053 0.0400772 0.0409068 0.0417967 0.0427501 0.0437703 0.0448612 0.0460268 0.0472714 0.0485997 0.0500162 0.0515256 0.0531324 0.0548405 0.0566531 0.0585725 0.0605992 0.0627321 0.0649677 0.0672997 0.0697187 0.0722119 0.0747626 0.0773503 0.0799499 0.0825323 0.0850634 0.0875047 0.0898129 0.0919402 0.0938348 0.0954421 0.0967065 0.0975732 0.0979914 0.0979164 0.0973128 0.0961554 0.0944307 0.0921365 0.0892827 0.0858909 0.0819962 0.0776487 0.0729138 0.0678717 0.0626127 0.0572313 0.0518188 0.0464585 0.0412255 0.0361894 0.0314164 0.0269684 0.0228952 0.0192258 0.0159642 0.0130953 0.0105975 0.00845348 0.00665029 0.00517027 0.00398196 0.00303967 0.00229255 0.00169626 0.0012197 0.000844231 0.000558001 0.000350119 0.000207754 0.000116332 6.14119e-05 3.05603e-05 1.43412e-05 6.35097e-06 2.65648e-06 1.05052e-06 3.93154e-07 1.39381e-07 4.68485e-08 1.49276e-08 4.45758e-09 1.05638e-09 
0 3.6804e-09 1.3223e-08 4.21188e-08 1.26667e-07 3.61027e-07 9.74615e-07 2.48951e-06 6.01071e-06 1.37031e-05 2.94698e-05 5.97376e-05 0.00011408 0.000205243 0.00034816 0.000558001 0.000848155 0.00122995 0.00171574 0.00232522 0.00309151 0.00406193 0.00529017 0.00682324 0.00869206 0.0109133 0.0135011 0.0164764 0.0198641 0.0236789 0.0279106 0.0325216 0.0374548 0.0426455 0.0480257 0.0535227 0.059054 0.0645254 0.0698349 0.074881 0.0795709 0.0838261 0.0875845 0.0907993 0.0934375 0.0954792 0.0969173 0.0977591 0.0980257 0.0977518 0.0969833 0.0957744 0.094184 0.0922727 0.0901 0.0877228 0.085194 0.0825621 0.0798711 0.0771601 0.0744631 0.0718091 0.0692222 0.0667216 0.0643215 0.062032 0.0598592 0.0578061 0.0558729 0.0540576 0.0523568 0.0507658 0.0492795 0.0478923 0.0465983 0.0453918 0.0442674 0.0432196 0.0422436 0.0413347 0.0404887 0.0397016 0.0389698 0.0382903 0.0376603 0.0370771 0.0365388 0.0360434 0.0355892 0.035175 0.0347997 0.0344621 0.0341618 0.0338978 0.0336699 0.0334776 0.0333206 0.0331987 0.0331118 0.0330596 0.0330422 0.0330596 0.0331118 0.0331987 0.0333206 0.0334776 0.0336699 0.0338978 0.0341618 0.0344621 0.0347997 0.035175 0.0355892 0.0360434 0.0365388 0.0370771 0.0376603 0.0382903 0.0389698 0.0397016 0.0404887 0.0413347 0.0422436 0.0432196 0.0442674 0.0453918 0.0465983 0.0478923 0.0492795 0.0507658 0.0523568 0.0540576 0.0558729 0.0578061 0.0598592 0.062032 0.0643215 0.0667216 0.0692222 0.0718091 0.0744631 0.0771601 0.0798711 0.0825621 0.085194 0.0877228 0.0901 0.0922727 0.094184 0.0957744 0.0969833 0.0977518 0.0980257 0.0977591 0.0969173 0.0954792 0.0934375 0.0907993 0.0875845 0.0838261 0.0795709 0.074881 0.0698349 0.0645254 0.059054 0.0535227 0.0480257 0.0426455 0.0374548 0.0325216 0.0279106 0.0236789 0.0198641 0.0164764 0.0135011 0.0109133 0.00869206 0.00682324 0.00529017 0.00406193 0.00309151 0.00232522 0.00171574 0.00122995 0.000848155 0.000558001 0.00034816 0.000205243 0.00011408 5.97376e-05 2.94698e-05 1.37031e-05 6.0107e-06 2.48951e-06 9.74615e-07 3.61024e-07 1.26656e-07 4.20788e-08 1.30942e-08 3.30142e-09 
0 1.06544e-08 3.6968e-08 1.13056e-07 3.25866e-07 8.89139e-07 2.2952e-06 5.59925e-06 1.2895e-05 2.80055e-05 5.73066e-05 0.000110417 0.000200304 0.00034234 0.000552307 0.000844231 0.00122995 0.00172227 0.00234168 0.00312298 0.0041161 0.00537749 0.00695568 0.00888142 0.0111709 0.0138396 0.0169123 0.020417 0.0243671 0.0287456 0.0335064 0.0385874 0.0439224 0.0494424 0.0550693 0.0607104 0.0662597 0.0716059 0.076643 0.0812787 0.0854371 0.0890581 0.0920955 0.0945167 0.096303 0.0974522 0.097979 0.0979149 0.0973053 0.0962063 0.0946795 0.0927895 0.0906002 0.0881736 0.0855685 0.0828395 0.0800371 0.0772069 0.0743887 0.0716167 0.0689189 0.0663171 0.0638275 0.0614609 0.0592237 0.0571185 0.0551448 0.0533 0.05158 0.0499794 0.0484922 0.0471119 0.0458321 0.0446461 0.0435474 0.0425298 0.0415873 0.0407143 0.0399055 0.039156 0.0384614 0.0378178 0.0372214 0.0366692 0.0361584 0.0356865 0.0352516 0.0348517 0.0344856 0.0341519 0.0338496 0.0335779 0.0333361 0.0331237 0.0329403 0.0327856 0.0326593 0.0325612 0.0324913 0.0324493 0.0324353 0.0324493 0.0324913 0.0325612 0.0326593 0.0327856 0.0329403 0.0331237 0.0333361 0.0335779 0.0338496 0.0341519 0.0344856 0.0348517 0.0352516 0.0356865 0.0361584 0.0366692 0.0372214 0.0378178 0.0384614 0.039156 0.0399055 0.0407143 0.0415873 0.0425298 0.0435474 0.0446461 0.0458321 0.0471119 0.0484922 0.0499794 0.05158 0.0533 0.0551448 0.0571185 0.0592237 0.0614609 0.0638275 0.0663171 0.0689189 0.0716167 0.0743887 0.0772069 0.0800371 0.0828395 0.0855685 0.0881736 0.0906002 0.0927895 0.0946795 0.0962063 0.0973053 0.0979149 0.097979 0.0974522 0.096303 0.0945167 0.0920955 0.0890581 0.0854371 0.0812787 0.076643 0.0716059 0.0662597 0.0607104 0.0550693 0.0494424 0.0439224 0.0385874 0.0335064 0.0287456 0.0243671 0.020417 0.0169123 0.0138396 0.0111709 0.00888142 0.00695568 0.00537749 0.0041161 0.00312298 0.00234168 0.00172227 0.00122995 0.000844231 0.000552307 0.00034234 0.000200304 0.000110417 5.73066e-05 2.80055e-05 1.2895e-05 5.59925e-06 2.2952e-06 8.8913e-07 3.25833e-07 1.12951e-07 3.66585e-08 9.84393e-09 
0 2.93811e-08 9.84465e-08 2.88913e-07 7.97551e-07 2.08158e-06 5.13353e-06 1.19496e-05 2.62251e-05 5.42105e-05 0.000105472 0.000193094 0.000332826 0.000541063 0.000832544 0.0012197 0.00171574 0.00234168 0.00313353 0.00414345 0.00543057 0.00704528 0.00901871 0.011367 0.014107 0.0172671 0.0208784 0.0249524 0.0294651 0.0343629 0.0395802 0.0450509 0.0507042 0.0564543 0.0621961 0.0678121 0.073184 0.0782048 0.0827839 0.0868467 0.0903324 0.0931932 0.0953961 0.0969261 0.0977885 0.0980087 0.0976291 0.0967052 0.0953003 0.0934811 0.0913157 0.088871 0.0862119 0.0834005 0.0804948 0.0775476 0.0746056 0.0717087 0.0688891 0.0661717 0.0635748 0.0611103 0.0587855 0.0566033 0.0545636 0.0526638 0.0508998 0.0492659 0.0477559 0.0463627 0.0450788 0.0438967 0.0428088 0.0418077 0.0408861 0.0400373 0.0392548 0.0385329 0.0378662 0.03725 0.0366799 0.0361523 0.0356639 0.0352119 0.0347939 0.0344078 0.0340521 0.0337251 0.0334256 0.0331528 0.0329056 0.0326836 0.032486 0.0323125 0.0321628 0.0320364 0.0319333 0.0318533 0.0317962 0.031762 0.0317505 0.031762 0.0317962 0.0318533 0.0319333 0.0320364 0.0321628 0.0323125 0.032486 0.0326836 0.0329056 0.0331528 0.0334256 0.0337251 0.0340521 0.0344078 0.0347939 0.0352119 0.0356639 0.0361523 0.0366799 0.03725 0.0378662 0.0385329 0.0392548 0.0400373 0.0408861 0.0418077 0.0428088 0.0438967 0.0450788 0.0463627 0.0477559 0.0492659 0.0508998 0.0526638 0.0545636 0.0566033 0.0587855 0.0611103 0.0635748 0.0661717 0.0688891 0.0717087 0.0746056 0.0775476 0.0804948 0.0834005 0.0862119 0.088871 0.0913157 0.0934811 0.0953003 0.0967052 0.0976291 0.0980087 0.0977885 0.0969261 0.0953961 0.0931932 0.0903324 0.0868467 0.0827839 0.0782048 0.073184 0.0678121 0.0621961 0.0564543 0.0507042 0.0450509 0.0395802 0.0343629 0.0294651 0.0249524 0.0208784 0.0172671 0.014107 0.011367 0.00901871 0.00704528 0.00543057 0.00414345 0.00313353 0.00234168 0.00171574 0.0012197 0.000832544 0.000541063 0.000332826 0.000193094 0.000105472 5.42105e-05 2.62251e-05 1.19496e-05 5.13353e-06 2.08155e-06 7.97467e-07 2.88666e-07 9.7801e-08 2.80014e-08 
0 7.71667e-08 2.49679e-07 7.02801e-07 1.85676e-06 4.63169e-06 1.09034e-05 2.41961e-05 5.05623e-05 9.94147e-05 0.000183845 0.000319889 0.000524547 0.000813339 0.00119938 0.00169626 0.00232522 0.00312298 0.00414345 0.00544837 0.00709048 0.0091019 0.011499 0.0143001 0.0175369 0.0212431 0.0254284 0.0300623 0.0350846 0.0404278 0.0460267 0.0518073 0.0576735 0.0635071 0.0691805 0.0745721 0.0795755 0.084101 0.0880726 0.0914258 0.0941105 0.0960957 0.0973732 0.0979585 0.0978883 0.0972146 0.0959999 0.0943121 0.0922218 0.0898007 0.0871205 0.084251 0.0812587 0.0782048 0.0751434 0.0721202 0.0691724 0.0663285 0.0636094 0.0610293 0.0585969 0.0563168 0.0541899 0.0522145 0.0503868 0.0487013 0.0471512 0.0457284 0.0444246 0.0432309 0.0421383 0.041138 0.0402216 0.0393812 0.0386096 0.0379 0.0372466 0.0366441 0.0360879 0.0355738 0.0350985 0.0346586 0.0342518 0.0338755 0.0335279 0.0332072 0.032912 0.032641 0.0323932 0.0321677 0.0319637 0.0317806 0.031618 0.0314752 0.0313521 0.0312484 0.0311637 0.0310981 0.0310512 0.0310232 0.0310138 0.0310232 0.0310512 0.0310981 0.0311637 0.0312484 0.0313521 0.0314752 0.031618 0.0317806 0.0319637 0.0321677 0.0323932 0.032641 0.032912 0.0332072 0.0335279 0.0338755 0.0342518 0.0346586 0.0350985 0.0355738 0.0360879 0.0366441 0.0372466 0.0379 0.0386096 0.0393812 0.0402216 0.041138 0.0421383 0.0432309 0.0444246 0.0457284 0.0471512 0.0487013 0.0503868 0.0522145 0.0541899 0.0563168 0.0585969 0.0610293 0.0636094 0.0663285 0.0691724 0.0721202 0.0751434 0.0782048 0.0812587 0.084251 0.0871205 0.0898007 0.0922218 0.0943121 0.0959999 0.0972146 0.0978883 0.0979585 0.0973732 0.0960957 0.0941105 0.0914258 0.0880726 0.084101 0.0795755 0.0745721 0.0691805 0.0635071 0.0576735 0.0518073 0.0460267 0.0404278 0.0350846 0.0300623 0.0254284 0.0212431 0.0175369 0.0143001 0.011499 0.0091019 0.00709048 0.00544837 0.00414345 0.00312298 0.00232522 0.00169626 0.00119938 0.000813339 0.000524547 0.000319889 0.000183845 9.94147e-05 5.05623e-05 2.41961e-05 1.09034e-05 4.63163e-06 1.85657e-06 7.02298e-07 2.48633e-07 7.59812e-08 
