0 0 0 0 0 0 0 0 0 0 0 0 0 0 0 0 0 0 0 0 0 0 0 0 0 0 0 0 0 0 0 0 0 0 0 0 0 0 0 0 0 0 0 0 0 0 0 0 0 0 0 0 0 0 0 0 0 0 0 0 0 0 0 0 0 0 0 0 0 0 0 0 0 0 0 0 0 0 0 0 0 0 0 0 0 0 0 0 0 0 0 0 0 0 0 0 0 0 0 0 0 0 0 0 0 0 0 0 0 0 0 0 0 0 0 0 0 0 0 0 0 0 0 0 0 0 0 0 0 0 0 0 0 0 0 0 0 0 0 0 0 0 0 0 0 0 0 0 0 0 0 0 0 0 0 0 0 0 0 0 0 0 0 0 0 0 0 0 0 0 0 0 0 0 0 0 0 0 0 0 0 0 0 0 0 0 0 0 0 0 0 0 0 0 0 0 0 0 0 0 
0 1.16944e-40 2.40622e-39 4.57753e-38 8.08896e-37 1.33107e-35 2.04416e-34 2.93555e-33 3.94903e-32 4.9843e-31 5.91079e-30 6.5943e-29 6.92901e-28 6.86441e-27 6.41755e-26 5.66674e-25 4.72961e-24 3.73371e-23 2.78962e-22 1.9737e-21 1.32301e-20 8.40601e-20 5.06447e-19 2.8944e-18 1.56966e-17 8.08007e-17 3.94919e-16 1.83318e-15 8.08386e-15 3.38739e-14 1.34915e-13 5.10882e-13 1.83984e-12 6.30343e-12 2.05528e-11 6.38024e-11 1.88659e-10 5.31646e-10 1.42866e-09 3.66347e-09 8.97109e-09 2.0997e-08 4.70156e-08 1.00821e-07 2.0729e-07 4.09123e-07 7.76147e-07 1.41725e-06 2.49451e-06 4.23841e-06 6.96245e-06 1.10748e-05 1.70843e-05 2.55994e-05 3.73171e-05 5.30033e-05 7.34643e-05 9.95129e-05 0.000131931 0.000171437 0.000218651 0.000274079 0.000338096 0.000410946 0.000492748 0.00058351 0.000683146 0.000791494 0.000908334 0.0010334 0.00116638 0.00130694 0.00145469 0.0016092 0.00176999 0.00193652 0.00210816 0.00228421 0.0024639 0.00264635 0.00283063 0.0030157 0.00320051 0.00338391 0.00356475 0.00374184 0.00391402 0.0040801 0.00423895 0.00438947 0.00453063 0.00466143 0.00478098 0.00488845 0.00498311 0.00506431 0.0051315 0.00518424 0.00522216 0.00524501 0.00525265 0.00524501 0.00522216 0.00518424 0.0051315 0.00506431 0.00498311 0.00488845 0.00478098 0.00466143 0.00453063 0.00438947 0.00423895 0.0040801 0.00391402 0.00374184 0.00356475 0.00338391 0.00320051 0.0030157 0.00283063 0.00264635 0.0024639 0.00228421 0.00210816 0.00193652 0.00176999 0.0016092 0.00145469 0.00130694 0.00116638 0.0010334 0.000908334 0.000791494 0.000683146 0.00058351 0.000492748 0.000410946 0.000338096 0.000274079 0.000218651 0.000171437 0.000131931 9.95129e-05 7.34643e-05 5.30033e-05 3.73171e-05 2.55994e-05 1.70843e-05 1.10748e-05 6.96245e-06 4.23841e-06 2.49451e-06 1.41725e-06 7.76147e-07 4.09123e-07 2.0729e-07 1.00821e-07 4.70156e-08 2.0997e-08 8.97109e-09 3.66347e-09 1.42866e-09 5.31646e-10 1.88659e-10 6.38024e-11 2.05528e-11 6.30343e-12 1.83984e-12 5.10882e-13 1.34915e-13 3.38739e-14 8.08386e-15 1.83318e-15 3.94919e-16 8.08007e-17 1.56966e-17 2.8944e-18 5.06447e-19 8.40601e-20 1.32301e-20 1.9737e-21 2.78962e-22 3.73371e-23 4.72961e-24 5.66674e-25 6.41755e-26 6.86441e-27 6.92901e-28 6.5943e-29 5.91079e-30 4.9843e-31 3.94903e-32 2.93555e-33 2.04416e-34 1.33107e-35 8.08896e-37 4.57752e-38 2.40378e-39 6.26385e-41 
0 2.40622e-39 4.63536e-38 8.27789e-37 1.37674e-35 2.13718e-34 3.10272e-33 4.22012e-32 5.38605e-31 6.45946e-30 7.28881e-29 7.74729e-28 7.76469e-27 7.34488e-26 6.56288e-25 5.54347e-24 4.42938e-23 3.34997e-22 2.39948e-21 1.62848e-20 1.04769e-19 6.39208e-19 3.69968e-18 2.03209e-17 1.05951e-16 5.24532e-16 2.46636e-15 1.1017e-14 4.67628e-14 1.88657e-13 7.23583e-13 2.63916e-12 9.15662e-12 3.02299e-11 9.50026e-11 2.84324e-10 8.10745e-10 2.20389e-09 5.71488e-09 1.41466e-08 3.34563e-08 7.56632e-08 1.63799e-07 3.39816e-07 6.76403e-07 1.29348e-06 2.3796e-06 4.21761e-06 7.21277e-06 1.19202e-05 1.90675e-05 2.95687e-05 4.4524e-05 6.52046e-05 9.302e-05 0.000129471 0.00017609 0.000234381 0.000305757 0.000391486 0.000492653 0.000610135 0.000744594 0.000896483 0.00106607 0.00125344 0.00145855 0.00168122 0.00192119 0.00217806 0.00245136 0.00274049 0.00304471 0.00336318 0.00369486 0.00403855 0.00439288 0.00475628 0.00512701 0.00550315 0.00588263 0.00626328 0.00664278 0.00701879 0.0073889 0.00775069 0.00810178 0.00843985 0.00876264 0.00906799 0.00935388 0.00961842 0.00985987 0.0100767 0.0102674 0.0104309 0.0105661 0.0106721 0.0107483 0.0107942 0.0108095 0.0107942 0.0107483 0.0106721 0.0105661 0.0104309 0.0102674 0.0100767 0.00985987 0.00961842 0.00935388 0.00906799 0.00876264 0.00843985 0.00810178 0.00775069 0.0073889 0.00701879 0.00664278 0.00626328 0.00588263 0.00550315 0.00512701 0.00475628 0.00439288 0.00403855 0.00369486 0.00336318 0.00304471 0.00274049 0.00245136 0.00217806 0.00192119 0.00168122 0.00145855 0.00125344 0.00106607 0.000896483 0.000744594 0.000610135 0.000492653 0.000391486 0.000305757 0.000234381 0.00017609 0.000129471 9.302e-05 6.52046e-05 4.4524e-05 2.95687e-05 1.90675e-05 1.19202e-05 7.21277e-06 4.21761e-06 2.3796e-06 1.29348e-06 6.76403e-07 3.39816e-07 1.63799e-07 7.56632e-08 3.34563e-08 1.41466e-08 5.71488e-09 2.20389e-09 8.10745e-10 2.84324e-10 9.50026e-11 3.02299e-11 9.15662e-12 2.63916e-12 7.23583e-13 1.88657e-13 4.67628e-14 1.1017e-14 2.46636e-15 5.24532e-16 1.05951e-16 2.03209e-17 3.69968e-18 6.39208e-19 1.04769e-19 1.62848e-20 2.39948e-21 3.34997e-22 4.42938e-23 5.54347e-24 6.56288e-25 7.34488e-26 7.76469e-27 7.74729e-28 7.28881e-29 6.45946e-30 5.38605e-31 4.22012e-32 3.10272e-33 2.13718e-34 1.37674e-35 8.27786e-37 4.63003e-38 1.30236e-39 
0 4.57753e-38 8.27789e-37 1.39085e-35 2.18138e-34 3.1999e-33 4.398e-32 5.67251e-31 6.87562e-30 7.84182e-29 8.42535e-28 8.53637e-27 8.16346e-26 7.37485e-25 6.2985e-24 5.08881e-23 3.89184e-22 2.81895e-21 1.93474e-20 1.25878e-19 7.76676e-19 4.54609e-18 2.52512e-17 1.33135e-16 6.66468e-16 3.16844e-15 1.43083e-14 6.13897e-14 2.50302e-13 9.70031e-13 3.57406e-12 1.25228e-11 4.1738e-11 1.3237e-10 3.99613e-10 1.14887e-09 3.14703e-09 8.21838e-09 2.04748e-08 4.87007e-08 1.10691e-07 2.40647e-07 5.00968e-07 9.99817e-07 1.91547e-06 3.52762e-06 6.25428e-06 1.06915e-05 1.76506e-05 2.81876e-05 4.36184e-05 6.55131e-05 9.56702e-05 0.000136067 0.000188793 0.000255972 0.000339688 0.000441905 0.000564417 0.000708806 0.000876424 0.00106839 0.00128562 0.00152882 0.00179851 0.00209506 0.0024187 0.00276945 0.00314718 0.00355156 0.00398201 0.00443768 0.00491743 0.00541981 0.00594302 0.00648495 0.00704314 0.00761487 0.00819709 0.00878658 0.00937989 0.00997343 0.0105635 0.0111465 0.0117186 0.0122763 0.0128158 0.0133339 0.0138273 0.0142928 0.0147276 0.015129 0.0154948 0.0158225 0.0161105 0.0163569 0.0165605 0.01672 0.0168345 0.0169035 0.0169265 0.0169035 0.0168345 0.01672 0.0165605 0.0163569 0.0161105 0.0158225 0.0154948 0.015129 0.0147276 0.0142928 0.0138273 0.0133339 0.0128158 0.0122763 0.0117186 0.0111465 0.0105635 0.00997343 0.00937989 0.00878658 0.00819709 0.00761487 0.00704314 0.00648495 0.00594302 0.00541981 0.00491743 0.00443768 0.00398201 0.00355156 0.00314718 0.00276945 0.0024187 0.00209506 0.00179851 0.00152882 0.00128562 0.00106839 0.000876424 0.000708806 0.000564417 0.000441905 0.000339688 0.000255972 0.000188793 0.000136067 9.56702e-05 6.55131e-05 4.36184e-05 2.81876e-05 1.76506e-05 1.06915e-05 6.25428e-06 3.52762e-06 1.91547e-06 9.99817e-07 5.00968e-07 2.40647e-07 1.10691e-07 4.87007e-08 2.04748e-08 8.21838e-09 3.14703e-09 1.14887e-09 3.99613e-10 1.3237e-10 4.1738e-11 1.25228e-11 3.57406e-12 9.70031e-13 2.50302e-13 6.13897e-14 1.43083e-14 3.16844e-15 6.66468e-16 1.33135e-16 2.52512e-17 4.54609e-18 7.76676e-19 1.25878e-19 1.93474e-20 2.81895e-21 3.89184e-22 5.08881e-23 6.2985e-24 7.37485e-25 8.16346e-26 8.53637e-27 8.42535e-28 7.84182e-29 6.87562e-30 5.67251e-31 4.398e-32 3.1999e-33 2.18138e-34 1.39084e-35 8.2672e-37 2.50415e-38 
0 8.08896e-37 1.37674e-35 2.18138e-34 3.23294e-33 4.48969e-32 5.85156e-31 7.16767e-30 8.26206e-29 8.97218e-28 9.18868e-27 8.8829e-26 8.11266e-25 7.0049e-24 5.72216e-23 4.42484e-22 3.24075e-21 2.24911e-20 1.47971e-19 9.23214e-19 5.46432e-18 3.06905e-17 1.63613e-16 8.281e-16 3.98004e-15 1.81684e-14 7.87859e-14 3.2461e-13 1.27097e-12 4.72987e-12 1.67339e-11 5.62958e-11 1.80139e-10 5.4844e-10 1.58929e-09 4.3855e-09 1.15294e-08 2.88957e-08 6.90881e-08 1.57715e-07 3.44071e-07 7.18098e-07 1.43544e-06 2.75176e-06 5.06601e-06 8.97011e-06 1.53001e-05 2.51815e-05 4.00593e-05 6.17067e-05 9.22046e-05 0.000133893 0.000189295 0.00026103 0.000351716 0.000463885 0.000599916 0.000761994 0.000952092 0.00117198 0.00142326 0.00170737 0.0020256 0.00237915 0.00276906 0.00319618 0.00366117 0.00416439 0.00470584 0.00528511 0.00590132 0.00655308 0.00723844 0.00795493 0.00869955 0.00946881 0.0102588 0.0110652 0.0118835 0.0127087 0.013536 0.0143602 0.0151763 0.0159793 0.0167641 0.0175261 0.0182608 0.0189637 0.0196308 0.0202583 0.0208428 0.0213811 0.0218703 0.0223078 0.0226914 0.0230193 0.0232897 0.0235014 0.0236533 0.0237447 0.0237753 0.0237447 0.0236533 0.0235014 0.0232897 0.0230193 0.0226914 0.0223078 0.0218703 0.0213811 0.0208428 0.0202583 0.0196308 0.0189637 0.0182608 0.0175261 0.0167641 0.0159793 0.0151763 0.0143602 0.013536 0.0127087 0.0118835 0.0110652 0.0102588 0.00946881 0.00869955 0.00795493 0.00723844 0.00655308 0.00590132 0.00528511 0.00470584 0.00416439 0.00366117 0.00319618 0.00276906 0.00237915 0.0020256 0.00170737 0.00142326 0.00117198 0.000952092 0.000761994 0.000599916 0.000463885 0.000351716 0.00026103 0.000189295 0.000133893 9.22046e-05 6.17067e-05 4.00593e-05 2.51815e-05 1.53001e-05 8.97011e-06 5.06601e-06 2.75176e-06 1.43544e-06 7.18098e-07 3.44071e-07 1.57715e-07 6.90881e-08 2.88957e-08 1.15294e-08 4.3855e-09 1.58929e-09 5.4844e-10 1.80139e-10 5.62958e-11 1.67339e-11 4.72987e-12 1.27097e-12 3.2461e-13 7.87859e-14 1.81684e-14 3.98004e-15 8.281e-16 1.63613e-16 3.06905e-17 5.46432e-18 9.23214e-19 1.47971e-19 2.24911e-20 3.24075e-21 4.42484e-22 5.72216e-23 7.0049e-24 8.11266e-25 8.8829e-26 9.18868e-27 8.97218e-28 8.26206e-29 7.16767e-30 5.85156e-31 4.48969e-32 3.23294e-33 2.18137e-34 1.37475e-35 4.47343e-37 
0 1.33107e-35 2.13718e-34 3.1999e-33 4.48969e-32 5.91248e-31 7.3183e-30 8.5249e-29 9.35624e-28 9.68481e-27 9.46365e-26 8.73699e-25 7.62644e-24 6.29834e-23 4.92415e-22 3.64641e-21 2.55876e-20 1.70217e-19 1.07385e-18 6.42673e-18 3.64974e-17 1.96727e-16 1.00668e-15 4.89128e-15 2.257e-14 9.892e-14 4.11855e-13 1.62919e-12 6.124e-12 2.18776e-11 7.42933e-11 2.3987e-10 7.36533e-10 2.15146e-09 5.98086e-09 1.58299e-08 3.99131e-08 9.59293e-08 2.19945e-07 4.81485e-07 1.00737e-06 2.01663e-06 3.86753e-06 7.11569e-06 1.25785e-05 2.13977e-05 3.50895e-05 5.557e-05 8.51465e-05 0.000126471 0.000182456 0.00025617 0.000350722 0.000469152 0.000614356 0.000789038 0.000995711 0.00123672 0.0015143 0.00183061 0.00218777 0.00258789 0.00303299 0.00352501 0.00406564 0.00465625 0.00529776 0.00599052 0.00673419 0.00752772 0.00836926 0.00925618 0.0101851 0.0111518 0.0121517 0.0131794 0.0142293 0.0152951 0.0163708 0.0174497 0.0185256 0.0195918 0.0206423 0.0216708 0.0226715 0.0236389 0.0245677 0.0254529 0.0262901 0.027075 0.0278038 0.0284731 0.0290799 0.0296214 0.0300954 0.0304997 0.0308327 0.0310931 0.0312799 0.0313922 0.0314297 0.0313922 0.0312799 0.0310931 0.0308327 0.0304997 0.0300954 0.0296214 0.0290799 0.0284731 0.0278038 0.027075 0.0262901 0.0254529 0.0245677 0.0236389 0.0226715 0.0216708 0.0206423 0.0195918 0.0185256 0.0174497 0.0163708 0.0152951 0.0142293 0.0131794 0.0121517 0.0111518 0.0101851 0.00925618 0.00836926 0.00752772 0.00673419 0.00599052 0.00529776 0.00465625 0.00406564 0.00352501 0.00303299 0.00258789 0.00218777 0.00183061 0.0015143 0.00123672 0.000995711 0.000789038 0.000614356 0.000469152 0.000350722 0.00025617 0.000182456 0.000126471 8.51465e-05 5.557e-05 3.50895e-05 2.13977e-05 1.25785e-05 7.11569e-06 3.86753e-06 2.01663e-06 1.00737e-06 4.81485e-07 2.19945e-07 9.59293e-08 3.99131e-08 1.58299e-08 5.98086e-09 2.15146e-09 7.36533e-10 2.3987e-10 7.42933e-11 2.18776e-11 6.124e-12 1.62919e-12 4.11855e-13 9.892e-14 2.257e-14 4.89128e-15 1.00668e-15 1.96727e-16 3.64974e-17 6.42673e-18 1.07385e-18 1.70217e-19 2.55876e-20 3.64641e-21 4.92415e-22 6.29834e-23 7.62644e-24 8.73699e-25 9.46365e-26 9.68481e-27 9.35624e-28 8.5249e-29 7.3183e-30 5.91248e-31 4.48969e-32 3.19988e-33 2.13375e-34 7.44314e-36 
0 2.04416e-34 3.10272e-33 4.398e-32 5.85156e-31 7.3183e-30 8.61435e-29 9.55437e-28 9.99521e-27 9.87168e-26 9.21203e-25 8.12839e-24 6.78615e-23 5.36372e-22 4.01565e-21 2.849e-20 1.91624e-19 1.22231e-18 7.39637e-18 4.24693e-17 2.31446e-16 1.19736e-15 5.88133e-15 2.74322e-14 1.21516e-13 5.11263e-13 2.04333e-12 7.75822e-12 2.79877e-11 9.59423e-11 3.12581e-10 9.68076e-10 2.85074e-09 7.98442e-09 2.1278e-08 5.39788e-08 1.30427e-07 3.00373e-07 6.59861e-07 1.38404e-06 2.77473e-06 5.32348e-06 9.78747e-06 1.72703e-05 2.92951e-05 4.78546e-05 7.54223e-05 0.000114915 0.000169608 0.000243007 0.00033871 0.000460266 0.000611082 0.000794366 0.00101314 0.00127028 0.00156863 0.00191106 0.00230054 0.00274014 0.00323301 0.00378226 0.00439085 0.00506133 0.00579573 0.00659534 0.00746055 0.00839078 0.00938439 0.0104387 0.0115499 0.0127134 0.0139237 0.0151746 0.0164592 0.0177703 0.0191003 0.0204415 0.0217862 0.0231265 0.024455 0.025764 0.0270467 0.0282961 0.0295059 0.03067 0.0317829 0.0328394 0.0338349 0.0347651 0.0356262 0.0364147 0.0371277 0.0377625 0.038317 0.0387893 0.0391777 0.0394811 0.0396985 0.0398292 0.0398728 0.0398292 0.0396985 0.0394811 0.0391777 0.0387893 0.038317 0.0377625 0.0371277 0.0364147 0.0356262 0.0347651 0.0338349 0.0328394 0.0317829 0.03067 0.0295059 0.0282961 0.0270467 0.025764 0.024455 0.0231265 0.0217862 0.0204415 0.0191003 0.0177703 0.0164592 0.0151746 0.0139237 0.0127134 0.0115499 0.0104387 0.00938439 0.00839078 0.00746055 0.00659534 0.00579573 0.00506133 0.00439085 0.00378226 0.00323301 0.00274014 0.00230054 0.00191106 0.00156863 0.00127028 0.00101314 0.000794366 0.000611082 0.000460266 0.00033871 0.000243007 0.000169608 0.000114915 7.54223e-05 4.78546e-05 2.92951e-05 1.72703e-05 9.78747e-06 5.32348e-06 2.77473e-06 1.38404e-06 6.59861e-07 3.00373e-07 1.30427e-07 5.39788e-08 2.1278e-08 7.98442e-09 2.85074e-09 9.68076e-10 3.12581e-10 9.59423e-11 2.79877e-11 7.75822e-12 2.04333e-12 5.11263e-13 1.21516e-13 2.74322e-14 5.88133e-15 1.19736e-15 2.31446e-16 4.24693e-17 7.39637e-18 1.22231e-18 1.91624e-19 2.849e-20 4.01565e-21 5.36372e-22 6.78615e-23 8.12839e-24 9.21203e-25 9.87168e-26 9.99521e-27 9.55437e-28 8.61435e-29 7.3183e-30 5.85156e-31 4.39797e-32 3.09722e-33 1.15603e-34 
0 2.93555e-33 4.22012e-32 5.67251e-31 7.16767e-30 8.5249e-29 9.55437e-28 1.01009e-26 1.00822e-25 9.50933e-25 8.48119e-24 7.15747e-23 5.71886e-22 4.32841e-21 3.10464e-20 2.1112e-19 1.36153e-18 8.32981e-18 4.8357e-17 2.66435e-16 1.3935e-15 6.91938e-15 3.2623e-14 1.46056e-13 6.20992e-13 2.50759e-12 9.61745e-12 3.5037e-11 1.21253e-10 3.98663e-10 1.24544e-09 3.69766e-09 1.04356e-08 2.80046e-08 7.1488e-08 1.73676e-07 4.01805e-07 8.85878e-07 1.86293e-06 3.74046e-06 7.17917e-06 1.31895e-05 2.32296e-05 3.92862e-05 6.39166e-05 0.000100234 0.000151826 0.000222619 0.000316703 0.000438159 0.000590924 0.000778724 0.00100508 0.00127341 0.00158715 0.00194987 0.00236541 0.00283793 0.00337179 0.00397145 0.00464126 0.00538517 0.00620645 0.00710745 0.00808941 0.00915224 0.0102946 0.0115136 0.0128052 0.0141643 0.0155845 0.0170587 0.0185789 0.020137 0.0217239 0.0233309 0.0249489 0.0265687 0.0281815 0.0297787 0.0313519 0.0328932 0.0343949 0.03585 0.037252 0.0385948 0.0398728 0.041081 0.042215 0.0432707 0.0442447 0.0451338 0.0459356 0.0466477 0.0472683 0.0477958 0.0482291 0.048567 0.0488088 0.0489542 0.0490026 0.0489542 0.0488088 0.048567 0.0482291 0.0477958 0.0472683 0.0466477 0.0459356 0.0451338 0.0442447 0.0432707 0.042215 0.041081 0.0398728 0.0385948 0.037252 0.03585 0.0343949 0.0328932 0.0313519 0.0297787 0.0281815 0.0265687 0.0249489 0.0233309 0.0217239 0.020137 0.0185789 0.0170587 0.0155845 0.0141643 0.0128052 0.0115136 0.0102946 0.00915224 0.00808941 0.00710745 0.00620645 0.00538517 0.00464126 0.00397145 0.00337179 0.00283793 0.00236541 0.00194987 0.00158715 0.00127341 0.00100508 0.000778724 0.000590924 0.000438159 0.000316703 0.000222619 0.000151826 0.000100234 6.39166e-05 3.92862e-05 2.32296e-05 1.31895e-05 7.17917e-06 3.74046e-06 1.86293e-06 8.85878e-07 4.01805e-07 1.73676e-07 7.1488e-08 2.80046e-08 1.04356e-08 3.69766e-09 1.24544e-09 3.98663e-10 1.21253e-10 3.5037e-11 9.61745e-12 2.50759e-12 6.20992e-13 1.46056e-13 3.2623e-14 6.91938e-15 1.3935e-15 2.66435e-16 4.8357e-17 8.32981e-18 1.36153e-18 2.1112e-19 3.10464e-20 4.32841e-21 5.71886e-22 7.15747e-23 8.48119e-24 9.50933e-25 1.00822e-25 1.01009e-26 9.55437e-28 8.5249e-29 7.16767e-30 5.67246e-31 4.21187e-32 1.67935e-33 
0 3.94903e-32 5.38605e-31 6.87562e-30 8.26206e-29 9.35624e-28 9.99521e-27 1.00822e-25 9.61053e-25 8.66327e-24 7.38991e-23 5.96855e-22 4.56657e-21 3.31126e-20 2.27639e-19 1.4842e-18 9.18018e-18 5.38799e-17 3.00126e-16 1.58689e-15 7.96549e-15 3.79612e-14 1.71775e-13 7.38059e-13 3.01129e-12 1.16669e-11 4.29249e-11 1.49979e-10 4.97671e-10 1.56847e-09 4.69553e-09 1.33548e-08 3.60941e-08 9.27288e-08 2.26543e-07 5.26586e-07 1.16535e-06 2.45727e-06 4.94173e-06 9.48913e-06 1.74207e-05 3.06233e-05 5.16322e-05 8.36543e-05 0.000130511 0.000196501 0.000286197 0.000404228 0.000555095 0.000743062 0.000972167 0.00124634 0.00156957 0.00194615 0.00238083 0.00287885 0.00344594 0.00408807 0.00481117 0.00562077 0.00652159 0.00751718 0.00860967 0.00979958 0.0110857 0.0124653 0.0139338 0.0154855 0.0171132 0.0188089 0.0205638 0.0223682 0.0242123 0.0260859 0.0279786 0.0298801 0.0317802 0.0336689 0.0355365 0.0373739 0.0391723 0.0409233 0.0426195 0.0442539 0.0458199 0.047312 0.0487251 0.0500546 0.0512969 0.0524486 0.0535068 0.0544695 0.0553345 0.0561005 0.0567663 0.057331 0.0577937 0.0581541 0.0584118 0.0585665 0.058618 0.0585665 0.0584118 0.0581541 0.0577937 0.057331 0.0567663 0.0561005 0.0553345 0.0544695 0.0535068 0.0524486 0.0512969 0.0500546 0.0487251 0.047312 0.0458199 0.0442539 0.0426195 0.0409233 0.0391723 0.0373739 0.0355365 0.0336689 0.0317802 0.0298801 0.0279786 0.0260859 0.0242123 0.0223682 0.0205638 0.0188089 0.0171132 0.0154855 0.0139338 0.0124653 0.0110857 0.00979958 0.00860967 0.00751718 0.00652159 0.00562077 0.00481117 0.00408807 0.00344594 0.00287885 0.00238083 0.00194615 0.00156957 0.00124634 0.000972167 0.000743062 0.000555095 0.000404228 0.000286197 0.000196501 0.000130511 8.36543e-05 5.16322e-05 3.06233e-05 1.74207e-05 9.48913e-06 4.94173e-06 2.45727e-06 1.16535e-06 5.26586e-07 2.26543e-07 9.27288e-08 3.60941e-08 1.33548e-08 4.69553e-09 1.56847e-09 4.97671e-10 1.49979e-10 4.29249e-11 1.16669e-11 3.01129e-12 7.38059e-13 1.71775e-13 3.79612e-14 7.96549e-15 1.58689e-15 3.00126e-16 5.38799e-17 9.18018e-18 1.4842e-18 2.27639e-19 3.31126e-20 4.56657e-21 5.96855e-22 7.38991e-23 8.66327e-24 9.61053e-25 1.00822e-25 9.99521e-27 9.35624e-28 8.26206e-29 6.87554e-30 5.37451e-31 2.2858e-32 
0 4.9843e-31 6.45946e-30 7.84182e-29 8.97218e-28 9.68481e-27 9.87168e-26 9.50933e-25 8.66327e-24 7.46905e-23 6.09744e-22 4.71568e-21 3.45656e-20 2.40221e-19 1.58337e-18 9.90093e-18 5.87473e-17 3.30824e-16 1.76832e-15 8.97278e-15 4.32239e-14 1.97684e-13 8.5838e-13 3.53872e-12 1.38506e-11 5.14682e-11 1.81573e-10 6.08142e-10 1.93377e-09 5.83815e-09 1.67361e-08 4.55624e-08 1.17824e-07 2.89516e-07 6.76259e-07 1.50244e-06 3.17716e-06 6.4006e-06 1.22973e-05 2.25612e-05 3.95849e-05 6.65362e-05 0.000107348 0.0001666 0.000249308 0.000360653 0.000505731 0.000689385 0.000916177 0.00119053 0.00151695 0.00190038 0.00234641 0.00286143 0.00345257 0.00412747 0.00489385 0.00575903 0.00672938 0.00780984 0.00900359 0.0103118 0.0117337 0.0132662 0.0149048 0.0166428 0.0184727 0.0203854 0.022371 0.0244189 0.0265181 0.0286569 0.0308239 0.033007 0.0351947 0.0373755 0.0395381 0.0416718 0.0437664 0.0458123 0.0478007 0.0497235 0.0515735 0.0533442 0.0550301 0.0566263 0.058129 0.0595347 0.0608409 0.0620455 0.0631471 0.0641446 0.0650373 0.0658249 0.0665071 0.067084 0.0675557 0.0679223 0.0681841 0.068341 0.0683933 0.068341 0.0681841 0.0679223 0.0675557 0.067084 0.0665071 0.0658249 0.0650373 0.0641446 0.0631471 0.0620455 0.0608409 0.0595347 0.058129 0.0566263 0.0550301 0.0533442 0.0515735 0.0497235 0.0478007 0.0458123 0.0437664 0.0416718 0.0395381 0.0373755 0.0351947 0.033007 0.0308239 0.0286569 0.0265181 0.0244189 0.022371 0.0203854 0.0184727 0.0166428 0.0149048 0.0132662 0.0117337 0.0103118 0.00900359 0.00780984 0.00672938 0.00575903 0.00489385 0.00412747 0.00345257 0.00286143 0.00234641 0.00190038 0.00151695 0.00119053 0.000916177 0.000689385 0.000505731 0.000360653 0.000249308 0.0001666 0.000107348 6.65362e-05 3.95849e-05 2.25612e-05 1.22973e-05 6.4006e-06 3.17716e-06 1.50244e-06 6.76259e-07 2.89516e-07 1.17824e-07 4.55624e-08 1.67361e-08 5.83815e-09 1.93377e-09 6.08142e-10 1.81573e-10 5.14682e-11 1.38506e-11 3.53872e-12 8.5838e-13 1.97684e-13 4.32239e-14 8.97278e-15 1.76832e-15 3.30824e-16 5.87473e-17 9.90093e-18 1.58337e-18 2.40221e-19 3.45656e-20 4.71568e-21 6.09744e-22 7.46905e-23 8.66327e-24 9.50933e-25 9.87168e-26 9.68481e-27 8.97218e-28 7.84172e-29 6.44436e-30 2.91979e-31 
0 5.91079e-30 7.28881e-29 8.42535e-28 9.18868e-27 9.46365e-26 9.21203e-25 8.48119e-24 7.38991e-23 6.09744e-22 4.76646e-21 3.53158e-20 2.481e-19 1.65313e-18 1.045e-17 6.26832e-17 3.56846e-16 1.92823e-15 9.89058e-15 4.81605e-14 2.22625e-13 9.76938e-13 4.06965e-12 1.60925e-11 6.04006e-11 2.1517e-10 7.27483e-10 2.33423e-09 7.10781e-09 2.05404e-08 5.6337e-08 1.46674e-07 3.62562e-07 8.512e-07 1.89891e-06 4.02785e-06 8.12991e-06 1.56308e-05 2.86614e-05 5.01969e-05 8.41161e-05 0.000135139 0.000208629 0.000310292 0.000445848 0.000620766 0.000840171 0.00110896 0.00143209 0.00181503 0.0022641 0.00278676 0.00339155 0.00408787 0.0048854 0.00579347 0.00682034 0.00797259 0.00925465 0.0106686 0.0122138 0.0138877 0.0156852 0.0175995 0.0196222 0.0217435 0.0239528 0.0262384 0.0285879 0.0309885 0.0334269 0.0358896 0.038363 0.0408337 0.0432886 0.045715 0.0481008 0.0504347 0.0527066 0.054907 0.0570276 0.0590613 0.061002 0.0628447 0.0645855 0.0662212 0.0677498 0.0691697 0.0704803 0.0716814 0.0727733 0.0737566 0.0746321 0.0754011 0.0760644 0.0766234 0.0770791 0.0774325 0.0776843 0.0778351 0.0778853 0.0778351 0.0776843 0.0774325 0.0770791 0.0766234 0.0760644 0.0754011 0.0746321 0.0737566 0.0727733 0.0716814 0.0704803 0.0691697 0.0677498 0.0662212 0.0645855 0.0628447 0.061002 0.0590613 0.0570276 0.054907 0.0527066 0.0504347 0.0481008 0.045715 0.0432886 0.0408337 0.038363 0.0358896 0.0334269 0.0309885 0.0285879 0.0262384 0.0239528 0.0217435 0.0196222 0.0175995 0.0156852 0.0138877 0.0122138 0.0106686 0.00925465 0.00797259 0.00682034 0.00579347 0.0048854 0.00408787 0.00339155 0.00278676 0.0022641 0.00181503 0.00143209 0.00110896 0.000840171 0.000620766 0.000445848 0.000310292 0.000208629 0.000135139 8.41161e-05 5.01969e-05 2.86614e-05 1.56308e-05 8.12991e-06 4.02785e-06 1.89891e-06 8.512e-07 3.62562e-07 1.46674e-07 5.6337e-08 2.05404e-08 7.10781e-09 2.33423e-09 7.27483e-10 2.1517e-10 6.04006e-11 1.60925e-11 4.06965e-12 9.76938e-13 2.22625e-13 4.81605e-14 9.89058e-15 1.92823e-15 3.56846e-16 6.26832e-17 1.045e-17 1.65313e-18 2.481e-19 3.53158e-20 4.76646e-21 6.09744e-22 7.38991e-23 8.48119e-24 9.21203e-25 9.46365e-26 9.18868e-27 8.42522e-28 7.27027e-29 3.50511e-30 
0 6.5943e-29 7.74729e-28 8.53637e-27 8.8829e-26 8.73699e-25 8.12839e-24 7.15747e-23 5.96855e-22 4.71568e-21 3.53158e-20 2.50784e-19 1.68914e-18 1.07939e-17 6.54521e-17 3.76673e-16 2.05755e-15 1.06686e-14 5.2511e-14 2.45344e-13 1.0881e-12 4.58037e-12 1.82994e-11 6.93801e-11 2.49601e-10 8.51967e-10 2.75881e-09 8.4743e-09 2.46915e-08 6.82414e-08 1.78907e-07 4.44986e-07 1.05029e-06 2.35327e-06 5.00805e-06 1.013e-05 1.94938e-05 3.57313e-05 6.24739e-05 0.00010438 0.000166998 0.000256471 0.000379138 0.000541157 0.000748283 0.00100591 0.00131938 0.00169453 0.00213823 0.00265878 0.00326606 0.00397121 0.00478599 0.00572198 0.0067896 0.00799735 0.00935116 0.0108541 0.0125065 0.0143056 0.0162467 0.0183227 0.0205249 0.0228429 0.0252653 0.0277795 0.0303718 0.0330278 0.0357323 0.0384698 0.0412243 0.04398 0.0467211 0.0494325 0.0521 0.05471 0.0572506 0.0597109 0.0620814 0.0643541 0.0665226 0.0685816 0.0705275 0.0723575 0.0740702 0.0756651 0.0771425 0.0785035 0.0797497 0.0808832 0.0819062 0.0828213 0.0836313 0.0843386 0.0849458 0.0854553 0.0858691 0.086189 0.0864165 0.0865525 0.0865978 0.0865525 0.0864165 0.086189 0.0858691 0.0854553 0.0849458 0.0843386 0.0836313 0.0828213 0.0819062 0.0808832 0.0797497 0.0785035 0.0771425 0.0756651 0.0740702 0.0723575 0.0705275 0.0685816 0.0665226 0.0643541 0.0620814 0.0597109 0.0572506 0.05471 0.0521 0.0494325 0.0467211 0.04398 0.0412243 0.0384698 0.0357323 0.0330278 0.0303718 0.0277795 0.0252653 0.0228429 0.0205249 0.0183227 0.0162467 0.0143056 0.0125065 0.0108541 0.00935116 0.00799735 0.0067896 0.00572198 0.00478599 0.00397121 0.00326606 0.00265878 0.00213823 0.00169453 0.00131938 0.00100591 0.000748283 0.000541157 0.000379138 0.000256471 0.000166998 0.00010438 6.24739e-05 3.57313e-05 1.94938e-05 1.013e-05 5.00805e-06 2.35327e-06 1.05029e-06 4.44986e-07 1.78907e-07 6.82414e-08 2.46915e-08 8.4743e-09 2.75881e-09 8.51967e-10 2.49601e-10 6.93801e-11 1.82994e-11 4.58037e-12 1.0881e-12 2.45344e-13 5.2511e-14 1.06686e-14 2.05755e-15 3.76673e-16 6.54521e-17 1.07939e-17 1.68914e-18 2.50784e-19 3.53158e-20 4.71568e-21 5.96855e-22 7.15747e-23 8.12839e-24 8.73699e-25 8.8829e-26 8.5362e-27 7.72592e-28 3.95954e-29 
0 6.92901e-28 7.76469e-27 8.16346e-26 8.11266e-25 7.62644e-24 6.78615e-23 5.71886e-22 4.56657e-21 3.45656e-20 2.481e-19 1.68914e-18 1.0911e-17 6.68819e-17 3.89093e-16 2.14853e-15 1.12614e-14 5.6029e-14 2.646e-13 1.18603e-12 5.04534e-12 2.03669e-11 7.80078e-11 2.83441e-10 9.76851e-10 3.19276e-09 9.89489e-09 2.90741e-08 8.09866e-08 2.13853e-07 5.35341e-07 1.27063e-06 2.86017e-06 6.10853e-06 1.23857e-05 2.38622e-05 4.37317e-05 7.63487e-05 0.000127205 0.000202699 0.000309718 0.000455146 0.000645474 0.000886677 0.00118447 0.00154491 0.00197513 0.002484 0.00308244 0.00378322 0.00460022 0.00554745 0.00663778 0.00788194 0.00928774 0.0108596 0.0125988 0.0145033 0.0165686 0.0187877 0.0211519 0.0236507 0.0262719 0.0290022 0.0318265 0.0347287 0.0376913 0.0406961 0.0437242 0.0467568 0.0497749 0.0527605 0.0556964 0.0585668 0.0613575 0.0640558 0.066651 0.0691344 0.0714989 0.0737393 0.0758521 0.0778351 0.0796878 0.0814108 0.0830056 0.0844748 0.0858215 0.0870494 0.0881626 0.0891655 0.0900625 0.0908581 0.0915567 0.0921623 0.0926788 0.0931096 0.0934578 0.0937259 0.0939159 0.0940293 0.094067 0.0940293 0.0939159 0.0937259 0.0934578 0.0931096 0.0926788 0.0921623 0.0915567 0.0908581 0.0900625 0.0891655 0.0881626 0.0870494 0.0858215 0.0844748 0.0830056 0.0814108 0.0796878 0.0778351 0.0758521 0.0737393 0.0714989 0.0691344 0.066651 0.0640558 0.0613575 0.0585668 0.0556964 0.0527605 0.0497749 0.0467568 0.0437242 0.0406961 0.0376913 0.0347287 0.0318265 0.0290022 0.0262719 0.0236507 0.0211519 0.0187877 0.0165686 0.0145033 0.0125988 0.0108596 0.00928774 0.00788194 0.00663778 0.00554745 0.00460022 0.00378322 0.00308244 0.002484 0.00197513 0.00154491 0.00118447 0.000886677 0.000645474 0.000455146 0.000309718 0.000202699 0.000127205 7.63487e-05 4.37317e-05 2.38622e-05 1.23857e-05 6.10853e-06 2.86017e-06 1.27063e-06 5.35341e-07 2.13853e-07 8.09866e-08 2.90741e-08 9.89489e-09 3.19276e-09 9.76851e-10 2.83441e-10 7.80078e-11 2.03669e-11 5.04534e-12 1.18603e-12 2.646e-13 5.6029e-14 1.12614e-14 2.14853e-15 3.89093e-16 6.68819e-17 1.0911e-17 1.68914e-18 2.481e-19 3.45656e-20 4.56657e-21 5.71886e-22 6.78615e-23 7.62644e-24 8.11266e-25 8.16327e-26 7.74155e-27 4.21392e-28 
0 6.86441e-27 7.34488e-26 7.37485e-25 7.0049e-24 6.29834e-23 5.36372e-22 4.32841e-21 3.31126e-20 2.40221e-19 1.65313e-18 1.07939e-17 6.68819e-17 3.93323e-16 2.19551e-15 1.16327e-14 5.85037e-14 2.79268e-13 1.26519e-12 5.43924e-12 2.21871e-11 8.5855e-11 3.15101e-10 1.09663e-09 3.61829e-09 1.13158e-08 3.35366e-08 9.41739e-08 2.50532e-07 6.31385e-07 1.50742e-06 3.40999e-06 7.3111e-06 1.48644e-05 2.86796e-05 5.25677e-05 9.16628e-05 0.000152329 0.00024181 0.000367677 0.000537254 0.00075726 0.00103387 0.00137329 0.00178265 0.00227095 0.00284975 0.0035331 0.00433691 0.0052777 0.00637111 0.00763049 0.00906591 0.0106836 0.0124861 0.0144724 0.0166385 0.0189783 0.0214833 0.024143 0.0269452 0.0298756 0.032918 0.0360539 0.0392635 0.0425252 0.0458169 0.0491157 0.0523994 0.0556461 0.0588357 0.0619493 0.0649703 0.0678844 0.0706793 0.0733451 0.0758745 0.078262 0.0805043 0.0825999 0.084549 0.0863533 0.0880157 0.0895401 0.0909314 0.0921952 0.0933375 0.0943645 0.0952828 0.096099 0.0968194 0.0974503 0.0979975 0.0984665 0.0988624 0.0991896 0.0994518 0.0996525 0.0997939 0.0998781 0.099906 0.0998781 0.0997939 0.0996525 0.0994518 0.0991896 0.0988624 0.0984665 0.0979975 0.0974503 0.0968194 0.096099 0.0952828 0.0943645 0.0933375 0.0921952 0.0909314 0.0895401 0.0880157 0.0863533 0.084549 0.0825999 0.0805043 0.078262 0.0758745 0.0733451 0.0706793 0.0678844 0.0649703 0.0619493 0.0588357 0.0556461 0.0523994 0.0491157 0.0458169 0.0425252 0.0392635 0.0360539 0.032918 0.0298756 0.0269452 0.024143 0.0214833 0.0189783 0.0166385 0.0144724 0.0124861 0.0106836 0.00906591 0.00763049 0.00637111 0.0052777 0.00433691 0.0035331 0.00284975 0.00227095 0.00178265 0.00137329 0.00103387 0.00075726 0.000537254 0.000367677 0.00024181 0.000152329 9.16628e-05 5.25677e-05 2.86796e-05 1.48644e-05 7.3111e-06 3.40999e-06 1.50742e-06 6.31385e-07 2.50532e-07 9.41739e-08 3.35366e-08 1.13158e-08 3.61829e-09 1.09663e-09 3.15101e-10 8.5855e-11 2.21871e-11 5.43924e-12 1.26519e-12 2.79268e-13 5.85037e-14 1.16327e-14 2.19551e-15 3.93323e-16 6.68819e-17 1.07939e-17 1.65313e-18 2.40221e-19 3.31126e-20 4.32841e-21 5.36372e-22 6.29834e-23 7.0049e-24 7.37466e-25 7.3213e-26 4.22941e-27 
0 6.41755e-26 6.56288e-25 6.2985e-24 5.72216e-23 4.92415e-22 4.01565e-21 3.10464e-20 2.27639e-19 1.58337e-18 1.045e-17 6.54521e-17 3.89093e-16 2.19551e-15 1.17592e-14 5.97816e-14 2.88455e-13 1.32087e-12 5.7392e-12 2.36577e-11 9.24974e-11 3.42943e-10 1.20541e-09 4.01561e-09 1.26751e-08 3.7898e-08 1.07309e-07 2.87686e-07 7.30116e-07 1.75398e-06 3.98874e-06 8.58831e-06 1.75151e-05 3.38557e-05 6.20855e-05 0.000108163 0.000179345 0.000283695 0.000429386 0.00062407 0.000874614 0.00118745 0.00156952 0.00202954 0.00257905 0.00323287 0.00400858 0.00492518 0.00600129 0.00725333 0.00869409 0.0103321 0.0121716 0.0142129 0.0164534 0.0188877 0.0215083 0.0243054 0.0272668 0.0303777 0.0336204 0.0369745 0.0404169 0.0439227 0.0474656 0.0510186 0.0545553 0.05805 0.0614789 0.06482 0.0680541 0.0711647 0.0741379 0.0769626 0.0796305 0.082136 0.0844756 0.0866481 0.0886546 0.0904976 0.0921812 0.093711 0.0950934 0.096336 0.0974468 0.0984342 0.099307 0.100074 0.100744 0.101325 0.101826 0.102255 0.102618 0.102922 0.103173 0.103376 0.103537 0.103657 0.103742 0.103791 0.103808 0.103791 0.103742 0.103657 0.103537 0.103376 0.103173 0.102922 0.102618 0.102255 0.101826 0.101325 0.100744 0.100074 0.099307 0.0984342 0.0974468 0.096336 0.0950934 0.093711 0.0921812 0.0904976 0.0886546 0.0866481 0.0844756 0.082136 0.0796305 0.0769626 0.0741379 0.0711647 0.0680541 0.06482 0.0614789 0.05805 0.0545553 0.0510186 0.0474656 0.0439227 0.0404169 0.0369745 0.0336204 0.0303777 0.0272668 0.0243054 0.0215083 0.0188877 0.0164534 0.0142129 0.0121716 0.0103321 0.00869409 0.00725333 0.00600129 0.00492518 0.00400858 0.00323287 0.00257905 0.00202954 0.00156952 0.00118745 0.000874614 0.00062407 0.000429386 0.000283695 0.000179345 0.000108163 6.20855e-05 3.38557e-05 1.75151e-05 8.58831e-06 3.98874e-06 1.75398e-06 7.30116e-07 2.87686e-07 1.07309e-07 3.7898e-08 1.26751e-08 4.01561e-09 1.20541e-09 3.42943e-10 9.24974e-11 2.36577e-11 5.7392e-12 1.32087e-12 2.88455e-13 5.97816e-14 1.17592e-14 2.19551e-15 3.89093e-16 6.54521e-17 1.045e-17 1.58337e-18 2.27639e-19 3.10464e-20 4.01565e-21 4.92415e-22 5.72216e-23 6.2983e-24 6.54026e-25 4.00713e-26 
0 5.66674e-25 5.54347e-24 5.08881e-23 4.42484e-22 3.64641e-21 2.849e-20 2.1112e-19 1.4842e-18 9.90093e-18 6.26832e-17 3.76673e-16 2.14853e-15 1.16327e-14 5.97816e-14 2.91584e-13 1.34962e-12 5.92703e-12 2.46916e-11 9.75529e-11 3.65418e-10 1.29738e-09 4.36446e-09 1.39069e-08 4.19589e-08 1.19829e-07 3.2383e-07 8.27892e-07 2.00195e-06 4.57845e-06 9.90388e-06 2.02689e-05 3.92669e-05 7.20741e-05 0.000125504 0.000207711 0.000327534 0.000493655 0.000713944 0.000995375 0.00134476 0.00177018 0.00228249 0.00289645 0.00363062 0.00450621 0.0055449 0.00676656 0.00818731 0.00981849 0.0116666 0.0137338 0.016019 0.0185185 0.021226 0.0241329 0.0272277 0.0304953 0.033917 0.03747 0.0411282 0.0448628 0.0486429 0.0524373 0.0562149 0.0599457 0.0636022 0.0671589 0.0705937 0.0738873 0.0770239 0.0799907 0.0827782 0.0853797 0.0877914 0.0900122 0.0920434 0.0938884 0.0955525 0.0970427 0.0983674 0.099536 0.100559 0.101446 0.10221 0.102862 0.103412 0.103872 0.104253 0.104564 0.104815 0.105015 0.105171 0.105292 0.105384 0.105452 0.105501 0.105535 0.105557 0.10557 0.105574 0.10557 0.105557 0.105535 0.105501 0.105452 0.105384 0.105292 0.105171 0.105015 0.104815 0.104564 0.104253 0.103872 0.103412 0.102862 0.10221 0.101446 0.100559 0.099536 0.0983674 0.0970427 0.0955525 0.0938884 0.0920434 0.0900122 0.0877914 0.0853797 0.0827782 0.0799907 0.0770239 0.0738873 0.0705937 0.0671589 0.0636022 0.0599457 0.0562149 0.0524373 0.0486429 0.0448628 0.0411282 0.03747 0.033917 0.0304953 0.0272277 0.0241329 0.021226 0.0185185 0.016019 0.0137338 0.0116666 0.00981849 0.00818731 0.00676656 0.0055449 0.00450621 0.00363062 0.00289645 0.00228249 0.00177018 0.00134476 0.000995375 0.000713944 0.000493655 0.000327534 0.000207711 0.000125504 7.20741e-05 3.92669e-05 2.02689e-05 9.90388e-06 4.57845e-06 2.00195e-06 8.27892e-07 3.2383e-07 1.19829e-07 4.19589e-08 1.39069e-08 4.36446e-09 1.29738e-09 3.65418e-10 9.75529e-11 2.46916e-11 5.92703e-12 1.34962e-12 2.91584e-13 5.97816e-14 1.16327e-14 2.14853e-15 3.76673e-16 6.26832e-17 9.90093e-18 1.4842e-18 2.1112e-19 2.849e-20 3.64641e-21 4.42484e-22 5.08862e-23 5.52302e-24 3.58691e-25 
0 4.72961e-24 4.42938e-23 3.89184e-22 3.24075e-21 2.55876e-20 1.91624e-19 1.36153e-18 9.18018e-18 5.87473e-17 3.56846e-16 2.05755e-15 1.12614e-14 5.85037e-14 2.88455e-13 1.34962e-12 5.99099e-12 2.52253e-11 1.00717e-10 3.81211e-10 1.36731e-09 4.6457e-09 1.49466e-08 4.5516e-08 1.31141e-07 3.57352e-07 9.20624e-07 2.24165e-06 5.15786e-06 1.1214e-05 2.30414e-05 4.47602e-05 8.22716e-05 0.000143261 0.000236769 0.000372356 0.000559115 0.000805042 0.00111723 0.00150308 0.00197225 0.00253841 0.00322009 0.00403991 0.00502244 0.00619131 0.00756654 0.009163 0.01099 0.0130521 0.0153501 0.0178823 0.0206444 0.0236297 0.0268279 0.0302243 0.0337994 0.0375285 0.0413822 0.0453278 0.04933 0.0533527 0.05736 0.0613177 0.0651938 0.0689592 0.0725882 0.0760585 0.0793512 0.0824513 0.0853472 0.0880307 0.0904972 0.092745 0.0947755 0.0965929 0.0982038 0.0996166 0.100842 0.101891 0.102778 0.103515 0.104116 0.104595 0.104967 0.105245 0.105442 0.105571 0.105643 0.105669 0.105659 0.105623 0.105569 0.105504 0.105435 0.105367 0.105306 0.105254 0.105214 0.10519 0.105182 0.10519 0.105214 0.105254 0.105306 0.105367 0.105435 0.105504 0.105569 0.105623 0.105659 0.105669 0.105643 0.105571 0.105442 0.105245 0.104967 0.104595 0.104116 0.103515 0.102778 0.101891 0.100842 0.0996166 0.0982038 0.0965929 0.0947755 0.092745 0.0904972 0.0880307 0.0853472 0.0824513 0.0793512 0.0760585 0.0725882 0.0689592 0.0651938 0.0613177 0.05736 0.0533527 0.04933 0.0453278 0.0413822 0.0375285 0.0337994 0.0302243 0.0268279 0.0236297 0.0206444 0.0178823 0.0153501 0.0130521 0.01099 0.009163 0.00756654 0.00619131 0.00502244 0.00403991 0.00322009 0.00253841 0.00197225 0.00150308 0.00111723 0.000805042 0.000559115 0.000372356 0.000236769 0.000143261 8.22716e-05 4.47602e-05 2.30414e-05 1.1214e-05 5.15786e-06 2.24165e-06 9.20624e-07 3.57352e-07 1.31141e-07 4.5516e-08 1.49466e-08 4.6457e-09 1.36731e-09 3.81211e-10 1.00717e-10 2.52253e-11 5.99099e-12 1.34962e-12 2.88455e-13 5.85037e-14 1.12614e-14 2.05755e-15 3.56846e-16 5.87473e-17 9.18018e-18 1.36153e-18 1.91624e-19 2.55876e-20 3.24075e-21 3.89167e-22 4.41193e-23 3.0358e-24 
0 3.73371e-23 3.34997e-22 2.81895e-21 2.24911e-20 1.70217e-19 1.22231e-18 8.32981e-18 5.38799e-17 3.30824e-16 1.92823e-15 1.06686e-14 5.6029e-14 2.79268e-13 1.32087e-12 5.92703e-12 2.52253e-11 1.01795e-10 3.89359e-10 1.41106e-09 4.84314e-09 1.57361e-08 4.83786e-08 1.40665e-07 3.8662e-07 1.00405e-06 2.46277e-06 5.70362e-06 1.24697e-05 2.57365e-05 5.01592e-05 9.23753e-05 0.000160944 0.000265773 0.000417079 0.000624281 0.000895434 0.00123781 0.00165968 0.00217278 0.00279422 0.00354676 0.00445707 0.00555255 0.00685771 0.00839174 0.0101675 0.0121924 0.0144697 0.0169999 0.0197813 0.0228097 0.026077 0.0295698 0.0332683 0.0371464 0.041172 0.0453083 0.0495158 0.0537533 0.0579804 0.0621581 0.0662498 0.0702222 0.0740451 0.0776924 0.0811414 0.0843737 0.0873749 0.0901345 0.0926463 0.094908 0.096921 0.0986901 0.100223 0.101531 0.102626 0.103523 0.104238 0.104786 0.105185 0.105452 0.105603 0.105655 0.105623 0.105522 0.105365 0.105167 0.104938 0.10469 0.104433 0.104174 0.103923 0.103686 0.103469 0.103276 0.103114 0.102983 0.102889 0.102831 0.102812 0.102831 0.102889 0.102983 0.103114 0.103276 0.103469 0.103686 0.103923 0.104174 0.104433 0.10469 0.104938 0.105167 0.105365 0.105522 0.105623 0.105655 0.105603 0.105452 0.105185 0.104786 0.104238 0.103523 0.102626 0.101531 0.100223 0.0986901 0.096921 0.094908 0.0926463 0.0901345 0.0873749 0.0843737 0.0811414 0.0776924 0.0740451 0.0702222 0.0662498 0.0621581 0.0579804 0.0537533 0.0495158 0.0453083 0.041172 0.0371464 0.0332683 0.0295698 0.026077 0.0228097 0.0197813 0.0169999 0.0144697 0.0121924 0.0101675 0.00839174 0.00685771 0.00555255 0.00445707 0.00354676 0.00279422 0.00217278 0.00165968 0.00123781 0.000895434 0.000624281 0.000417079 0.000265773 0.000160944 9.23753e-05 5.01592e-05 2.57365e-05 1.24697e-05 5.70362e-06 2.46277e-06 1.00405e-06 3.8662e-07 1.40665e-07 4.83786e-08 1.57361e-08 4.84314e-09 1.41106e-09 3.89359e-10 1.01795e-10 2.52253e-11 5.92703e-12 1.32087e-12 2.79268e-13 5.6029e-14 1.06686e-14 1.92823e-15 3.30824e-16 5.38799e-17 8.32981e-18 1.22231e-18 1.70217e-19 2.24911e-20 2.81881e-21 3.33593e-22 2.43105e-23 
0 2.78962e-22 2.39948e-21 1.93474e-20 1.47971e-19 1.07385e-18 7.39637e-18 4.8357e-17 3.00126e-16 1.76832e-15 9.89058e-15 5.2511e-14 2.646e-13 1.26519e-12 5.7392e-12 2.46916e-11 1.00717e-10 3.89359e-10 1.42595e-09 4.94496e-09 1.62296e-08 5.03855e-08 1.47883e-07 4.10114e-07 1.07405e-06 2.65496e-06 6.19176e-06 1.36194e-05 2.82513e-05 5.52736e-05 0.000102056 0.000178023 0.000293918 0.000460562 0.00068762 0.000983178 0.00135478 0.0018119 0.00236889 0.00304681 0.00387292 0.00487768 0.00609044 0.00753558 0.00923054 0.0111861 0.0134084 0.0159003 0.0186634 0.0216965 0.0249945 0.0285465 0.0323336 0.0363292 0.0404988 0.0448023 0.0491958 0.0536339 0.0580711 0.0624636 0.0667699 0.0709517 0.0749737 0.0788045 0.0824168 0.0857876 0.0888986 0.0917366 0.0942932 0.0965651 0.0985539 0.100265 0.101708 0.102897 0.103845 0.104571 0.105093 0.105432 0.105606 0.105636 0.105541 0.10534 0.105051 0.104692 0.104277 0.103822 0.103341 0.102845 0.102345 0.101853 0.101376 0.100924 0.100501 0.100115 0.0997714 0.0994733 0.0992247 0.0990286 0.0988869 0.0988013 0.0987727 0.0988013 0.0988869 0.0990286 0.0992247 0.0994733 0.0997714 0.100115 0.100501 0.100924 0.101376 0.101853 0.102345 0.102845 0.103341 0.103822 0.104277 0.104692 0.105051 0.10534 0.105541 0.105636 0.105606 0.105432 0.105093 0.104571 0.103845 0.102897 0.101708 0.100265 0.0985539 0.0965651 0.0942932 0.0917366 0.0888986 0.0857876 0.0824168 0.0788045 0.0749737 0.0709517 0.0667699 0.0624636 0.0580711 0.0536339 0.0491958 0.0448023 0.0404988 0.0363292 0.0323336 0.0285465 0.0249945 0.0216965 0.0186634 0.0159003 0.0134084 0.0111861 0.00923054 0.00753558 0.00609044 0.00487768 0.00387292 0.00304681 0.00236889 0.0018119 0.00135478 0.000983178 0.00068762 0.000460562 0.000293918 0.000178023 0.000102056 5.52736e-05 2.82513e-05 1.36194e-05 6.19176e-06 2.65496e-06 1.07405e-06 4.10114e-07 1.47883e-07 5.03855e-08 1.62296e-08 4.94496e-09 1.42595e-09 3.89359e-10 1.00717e-10 2.46916e-11 5.7392e-12 1.26519e-12 2.646e-13 5.2511e-14 9.89058e-15 1.76832e-15 3.00126e-16 4.8357e-17 7.39637e-18 1.07385e-18 1.4797e-19 1.93463e-20 2.38881e-21 1.84314e-22 
