0 0 0 0 0 0 0 0 0 0 0 0 0 0 0 0 0 0 0 0 0 0 0 0 0 0 0 0 0 0 0 0 0 0 0 0 0 0 0 0 0 0 0 0 0 0 0 0 0 0 0 0 0 0 0 0 0 0 0 0 0 0 0 0 0 0 0 0 0 0 0 0 0 0 0 0 0 0 0 0 0 0 0 0 0 0 0 0 0 0 0 0 0 0 0 0 0 0 0 0 0 0 0 0 0 0 0 0 0 0 0 0 0 0 0 0 0 0 0 0 0 0 0 0 0 0 0 0 0 0 0 0 0 0 0 0 0 0 0 0 0 0 0 0 0 0 0 0 0 0 0 0 0 0 0 0 0 0 0 0 0 0 0 0 0 0 0 0 0 0 0 0 0 0 0 0 0 0 0 0 0 0 0 0 0 0 0 0 0 0 0 0 0 0 0 0 0 0 0 0 
0 2.96936e-08 9.13318e-08 2.42983e-07 6.08708e-07 1.44779e-06 3.27008e-06 7.00927e-06 1.4247e-05 2.74425e-05 5.00676e-05 8.65024e-05 0.000141562 0.000219647 0.000323769 0.000454981 0.000612841 0.000797264 0.00101131 0.00126364 0.00156887 0.00194481 0.00240717 0.00296392 0.00361231 0.00434026 0.00513129 0.00597046 0.00684788 0.00775803 0.00869539 0.00964905 0.0105991 0.0115165 0.0123669 0.0131156 0.0137329 0.0141968 0.0144934 0.0146151 0.014558 0.0143204 0.0139016 0.0133031 0.0125296 0.0115907 0.0105015 0.00928292 0.00795992 0.00656038 0.00511285 0.00364481 0.00218133 0.000744274 -0.000647928 -0.00198018 -0.00324035 -0.00441885 -0.00550832 -0.00650331 -0.00740021 -0.00819712 -0.00889383 -0.00949182 -0.00999408 -0.010405 -0.0107303 -0.0109764 -0.0111505 -0.0112603 -0.0113133 -0.0113173 -0.0112794 -0.0112066 -0.011105 -0.0109805 -0.0108382 -0.0106824 -0.0105174 -0.0103463 -0.0101723 -0.00999771 -0.00982479 -0.00965531 -0.00949078 -0.00933245 -0.00918138 -0.00903842 -0.00890428 -0.00877952 -0.00866461 -0.0085599 -0.00846569 -0.00838219 -0.00830957 -0.00824796 -0.00819745 -0.0081581 -0.00812997 -0.00811308 -0.00810745 -0.00811308 -0.00812997 -0.0081581 -0.00819745 -0.00824796 -0.00830957 -0.00838219 -0.00846569 -0.0085599 -0.00866461 -0.00877952 -0.00890428 -0.00903842 -0.00918138 -0.00933245 -0.00949078 -0.00965531 -0.00982479 -0.00999771 -0.0101723 -0.0103463 -0.0105174 -0.0106824 -0.0108382 -0.0109805 -0.011105 -0.0112066 -0.0112794 -0.0113173 -0.0113133 -0.0112603 -0.0111505 -0.0109764 -0.0107303 -0.010405 -0.00999408 -0.00949182 -0.00889383 -0.00819712 -0.00740021 -0.00650331 -0.00550832 -0.00441885 -0.00324035 -0.00198018 -0.000647928 0.000744274 0.00218133 0.00364481 0.00511285 0.00656038 0.00795992 0.00928292 0.0105015 0.0115907 0.0125296 0.0133031 0.0139016 0.0143204 0.014558 0.0146151 0.0144934 0.0141968 0.0137329 0.0131156 0.0123669 0.0115165 0.0105991 0.00964905 0.00869539 0.00775803 0.00684788 0.00597046 0.00513129 0.00434026 0.00361231 0.00296392 0.00240717 0.00194481 0.00156887 0.00126364 0.00101131 0.000797264 0.000612841 0.000454981 0.000323769 0.000219647 0.000141562 8.65024e-05 5.00676e-05 2.74425e-05 1.4247e-05 7.00926e-06 3.27007e-06 1.44774e-06 6.08547e-07 2.42541e-07 9.02233e-08 2.72319e-08 
0 9.13318e-08 2.73851e-07 7.06437e-07 1.71374e-06 3.9461e-06 8.62885e-06 1.79091e-05 3.52605e-05 6.58296e-05 0.000116523 0.0001956 0.00031166 0.00047218 0.000682229 0.000944261 0.00125977 0.00163271 0.00207348 0.00260107 0.00324152 0.00402227 0.00496451 0.006077 0.00735437 0.0087804 0.010334 0.0119942 0.0137423 0.0155587 0.0174191 0.0192899 0.0211272 0.022879 0.0244894 0.025904 0.027074 0.0279585 0.0285256 0.0287519 0.028622 0.0281284 0.0272718 0.0260611 0.0245143 0.0226577 0.0205258 0.0181594 0.0156039 0.0129073 0.0101185 0.00728495 0.00445179 0.00166037 -0.00105235 -0.00365438 -0.0061189 -0.00842439 -0.0105545 -0.0124979 -0.014248 -0.0158023 -0.0171625 -0.0183332 -0.0193219 -0.0201385 -0.0207943 -0.0213018 -0.0216745 -0.0219258 -0.0220693 -0.0221185 -0.0220859 -0.0219838 -0.0218234 -0.0216152 -0.0213687 -0.0210925 -0.0207943 -0.020481 -0.0201586 -0.0198324 -0.0195068 -0.0191857 -0.0188725 -0.01857 -0.0182804 -0.0180057 -0.0177474 -0.0175068 -0.017285 -0.0170827 -0.0169006 -0.0167391 -0.0165986 -0.0164794 -0.0163817 -0.0163055 -0.0162511 -0.0162184 -0.0162075 -0.0162184 -0.0162511 -0.0163055 -0.0163817 -0.0164794 -0.0165986 -0.0167391 -0.0169006 -0.0170827 -0.017285 -0.0175068 -0.0177474 -0.0180057 -0.0182804 -0.01857 -0.0188725 -0.0191857 -0.0195068 -0.0198324 -0.0201586 -0.020481 -0.0207943 -0.0210925 -0.0213687 -0.0216152 -0.0218234 -0.0219838 -0.0220859 -0.0221185 -0.0220693 -0.0219258 -0.0216745 -0.0213018 -0.0207943 -0.0201385 -0.0193219 -0.0183332 -0.0171625 -0.0158023 -0.014248 -0.0124979 -0.0105545 -0.00842439 -0.0061189 -0.00365438 -0.00105235 0.00166037 0.00445179 0.00728495 0.0101185 0.0129073 0.0156039 0.0181594 0.0205258 0.0226577 0.0245143 0.0260611 0.0272718 0.0281284 0.028622 0.0287519 0.0285256 0.0279585 0.027074 0.025904 0.0244894 0.022879 0.0211272 0.0192899 0.0174191 0.0155587 0.0137423 0.0119942 0.010334 0.0087804 0.00735437 0.006077 0.00496451 0.00402227 0.00324152 0.00260107 0.00207348 0.00163271 0.00125977 0.000944261 0.000682229 0.00047218 0.00031166 0.0001956 0.000116523 6.58296e-05 3.52605e-05 1.79091e-05 8.6288e-06 3.94593e-06 1.71328e-06 7.05242e-07 2.71136e-07 8.61984e-08 
0 2.42983e-07 7.06437e-07 1.75428e-06 4.08743e-06 9.03138e-06 1.894e-05 3.7687e-05 7.11321e-05 0.000127349 0.000216358 0.000349188 0.000536416 0.000786773 0.00110674 0.001502 0.00198059 0.00255667 0.00325246 0.00409666 0.00511926 0.006345 0.00778855 0.00945369 0.0113357 0.0134242 0.0157043 0.0181545 0.0207432 0.0234268 0.0261503 0.0288508 0.0314617 0.0339162 0.0361496 0.0380993 0.0397051 0.0409107 0.0416657 0.0419294 0.0416746 0.0408897 0.0395802 0.0377671 0.0354851 0.0327793 0.0297025 0.0263124 0.0226695 0.0188363 0.0148756 0.0108495 0.00681846 0.00283956 -0.0010347 -0.00475776 -0.00829006 -0.0115997 -0.0146628 -0.017463 -0.0199916 -0.0222458 -0.0242288 -0.0259481 -0.0274148 -0.0286426 -0.0296472 -0.0304455 -0.0310553 -0.0314943 -0.0317805 -0.0319312 -0.0319635 -0.0318934 -0.0317363 -0.0315062 -0.0312166 -0.0308794 -0.0305056 -0.0301052 -0.0296869 -0.0292584 -0.0288267 -0.0283976 -0.0279762 -0.0275667 -0.0271729 -0.0267977 -0.0264437 -0.0261129 -0.0258071 -0.0255275 -0.0252753 -0.0250513 -0.0248561 -0.0246903 -0.0245542 -0.0244481 -0.0243722 -0.0243266 -0.0243114 -0.0243266 -0.0243722 -0.0244481 -0.0245542 -0.0246903 -0.0248561 -0.0250513 -0.0252753 -0.0255275 -0.0258071 -0.0261129 -0.0264437 -0.0267977 -0.0271729 -0.0275667 -0.0279762 -0.0283976 -0.0288267 -0.0292584 -0.0296869 -0.0301052 -0.0305056 -0.0308794 -0.0312166 -0.0315062 -0.0317363 -0.0318934 -0.0319635 -0.0319312 -0.0317805 -0.0314943 -0.0310553 -0.0304455 -0.0296472 -0.0286426 -0.0274148 -0.0259481 -0.0242288 -0.0222458 -0.0199916 -0.017463 -0.0146628 -0.0115997 -0.00829006 -0.00475776 -0.0010347 0.00283956 0.00681846 0.0108495 0.0148756 0.0188363 0.0226695 0.0263124 0.0297025 0.0327793 0.0354851 0.0377671 0.0395802 0.0408897 0.0416746 0.0419294 0.0416657 0.0409107 0.0397051 0.0380993 0.0361496 0.0339162 0.0314617 0.0288508 0.0261503 0.0234268 0.0207432 0.0181545 0.0157043 0.0134242 0.0113357 0.00945369 0.00778855 0.006345 0.00511926 0.00409666 0.00325246 0.00255667 0.00198059 0.001502 0.00110674 0.000786773 0.000536416 0.000349188 0.000216358 0.000127349 7.1132e-05 3.76869e-05 1.89398e-05 9.03095e-06 4.08632e-06 1.75177e-06 7.01775e-07 2.37728e-07 
0 6.08708e-07 1.71374e-06 4.08743e-06 9.12058e-06 1.92738e-05 3.86223e-05 7.33861e-05 0.000132226 0.000226031 0.000367029 0.000567358 0.000837772 0.00118745 0.00162575 0.00216561 0.00282708 0.00363839 0.00463288 0.00584253 0.0072914 0.00899278 0.0109514 0.0131686 0.0156449 0.0183778 0.0213548 0.024546 0.0279005 0.0313491 0.0348109 0.0382021 0.0414413 0.0444508 0.0471566 0.0494858 0.0513674 0.0527346 0.0535291 0.0537065 0.05324 0.0521226 0.0503666 0.048002 0.0450732 0.0416362 0.0377551 0.0335003 0.0289457 0.0241679 0.0192434 0.0142474 0.00925205 0.0043245 -0.000474531 -0.00509188 -0.00948275 -0.0136111 -0.0174495 -0.020979 -0.0241882 -0.0270728 -0.0296345 -0.0318801 -0.0338207 -0.0354709 -0.0368478 -0.0379703 -0.0388589 -0.0395343 -0.0400178 -0.0403302 -0.0404919 -0.0405223 -0.0404401 -0.0402625 -0.0400055 -0.0396838 -0.0393109 -0.0388989 -0.0384586 -0.0379995 -0.0375302 -0.0370581 -0.0365897 -0.0361305 -0.0356853 -0.0352583 -0.0348529 -0.034472 -0.034118 -0.033793 -0.0334987 -0.0332364 -0.0330072 -0.032812 -0.0326514 -0.032526 -0.0324362 -0.0323822 -0.0323641 -0.0323822 -0.0324362 -0.032526 -0.0326514 -0.032812 -0.0330072 -0.0332364 -0.0334987 -0.033793 -0.034118 -0.034472 -0.0348529 -0.0352583 -0.0356853 -0.0361305 -0.0365897 -0.0370581 -0.0375302 -0.0379995 -0.0384586 -0.0388989 -0.0393109 -0.0396838 -0.0400055 -0.0402625 -0.0404401 -0.0405223 -0.0404919 -0.0403302 -0.0400178 -0.0395343 -0.0388589 -0.0379703 -0.0368478 -0.0354709 -0.0338207 -0.0318801 -0.0296345 -0.0270728 -0.0241882 -0.020979 -0.0174495 -0.0136111 -0.00948275 -0.00509188 -0.000474531 0.0043245 0.00925205 0.0142474 0.0192434 0.0241679 0.0289457 0.0335003 0.0377551 0.0416362 0.0450732 0.048002 0.0503666 0.0521226 0.05324 0.0537065 0.0535291 0.0527346 0.0513674 0.0494858 0.0471566 0.0444508 0.0414413 0.0382021 0.0348109 0.0313491 0.0279005 0.024546 0.0213548 0.0183778 0.0156449 0.0131686 0.0109514 0.00899278 0.0072914 0.00584253 0.00463288 0.00363839 0.00282708 0.00216561 0.00162575 0.00118745 0.000837772 0.000567358 0.000367029 0.000226031 0.000132226 7.3386e-05 3.86219e-05 1.92728e-05 9.11835e-06 4.08342e-06 1.71001e-06 6.19608e-07 
0 1.44779e-06 3.9461e-06 9.03138e-06 1.92738e-05 3.88943e-05 7.4355e-05 0.000134702 0.000231372 0.000377279 0.000585363 0.00086732 0.00123365 0.00169582 0.0022703 0.00298232 0.00386642 0.00496209 0.00630551 0.00792209 0.00982431 0.012016 0.0144996 0.0172794 0.0203586 0.0237297 0.027366 0.0312175 0.0352142 0.0392727 0.0433035 0.0472149 0.0509153 0.0543127 0.0573162 0.0598387 0.0618015 0.0631389 0.0638008 0.0637555 0.0629886 0.0615029 0.059317 0.0564645 0.0529927 0.0489615 0.0444422 0.0395145 0.0342639 0.0287785 0.0231453 0.0174479 0.0117636 0.00616245 0.000706158 -0.00455226 -0.00956837 -0.0143061 -0.0187371 -0.0228409 -0.0266037 -0.0300187 -0.0330847 -0.0358062 -0.0381926 -0.0402571 -0.0420163 -0.0434893 -0.0446971 -0.0456616 -0.0464054 -0.0469509 -0.04732 -0.047534 -0.047613 -0.0475758 -0.0474402 -0.0472222 -0.0469368 -0.0465974 -0.0462163 -0.0458043 -0.0453713 -0.0449259 -0.0444759 -0.044028 -0.043588 -0.0431612 -0.042752 -0.0423643 -0.0420013 -0.0416658 -0.0413603 -0.0410866 -0.0408465 -0.0406413 -0.040472 -0.0403395 -0.0402444 -0.0401872 -0.0401681 -0.0401872 -0.0402444 -0.0403395 -0.040472 -0.0406413 -0.0408465 -0.0410866 -0.0413603 -0.0416658 -0.0420013 -0.0423643 -0.042752 -0.0431612 -0.043588 -0.044028 -0.0444759 -0.0449259 -0.0453713 -0.0458043 -0.0462163 -0.0465974 -0.0469368 -0.0472222 -0.0474402 -0.0475758 -0.047613 -0.047534 -0.04732 -0.0469509 -0.0464054 -0.0456616 -0.0446971 -0.0434893 -0.0420163 -0.0402571 -0.0381926 -0.0358062 -0.0330847 -0.0300187 -0.0266037 -0.0228409 -0.0187371 -0.0143061 -0.00956837 -0.00455226 0.000706158 0.00616245 0.0117636 0.0174479 0.0231453 0.0287785 0.0342639 0.0395145 0.0444422 0.0489615 0.0529927 0.0564645 0.059317 0.0615029 0.0629886 0.0637555 0.0638008 0.0631389 0.0618015 0.0598387 0.0573162 0.0543127 0.0509153 0.0472149 0.0433035 0.0392727 0.0352142 0.0312175 0.027366 0.0237297 0.0203586 0.0172794 0.0144996 0.012016 0.00982431 0.00792209 0.00630551 0.00496209 0.00386642 0.00298232 0.0022703 0.00169582 0.00123365 0.00086732 0.000585362 0.000377279 0.000231372 0.000134702 7.43541e-05 3.88924e-05 1.92704e-05 9.02912e-06 3.96017e-06 1.53788e-06 
0 3.27008e-06 8.62885e-06 1.894e-05 3.86223e-05 7.4355e-05 0.000135496 0.000233918 0.00038307 0.000596451 0.000886303 0.00126377 0.00174145 0.00233797 0.00308215 0.00401337 0.00517625 0.00661116 0.00834605 0.0103949 0.0127633 0.0154565 0.0184819 0.0218434 0.0255312 0.029514 0.0337387 0.0381359 0.0426267 0.0471272 0.0515476 0.0557909 0.0597532 0.0633272 0.0664095 0.0689088 0.0707511 0.0718826 0.0722695 0.0718954 0.0707591 0.0688733 0.0662642 0.0629717 0.0590492 0.054563 0.04959 0.0442148 0.038526 0.0326128 0.0265618 0.0204548 0.014367 0.00836612 0.00251202 -0.00314359 -0.00855699 -0.0136923 -0.0185212 -0.0230227 -0.0271827 -0.0309935 -0.0344534 -0.0375658 -0.0403387 -0.0427837 -0.0449158 -0.0467521 -0.0483115 -0.0496141 -0.0506805 -0.0515316 -0.0521882 -0.0526705 -0.0529981 -0.0531896 -0.053263 -0.0532347 -0.0531204 -0.0529343 -0.0526897 -0.0523986 -0.052072 -0.0517197 -0.0513506 -0.0509727 -0.0505929 -0.0502174 -0.0498518 -0.0495008 -0.0491684 -0.0488584 -0.0485738 -0.0483172 -0.0480907 -0.0478962 -0.0477351 -0.0476087 -0.0475177 -0.047463 -0.0474446 -0.047463 -0.0475177 -0.0476087 -0.0477351 -0.0478962 -0.0480907 -0.0483172 -0.0485738 -0.0488584 -0.0491684 -0.0495008 -0.0498518 -0.0502174 -0.0505929 -0.0509727 -0.0513506 -0.0517197 -0.052072 -0.0523986 -0.0526897 -0.0529343 -0.0531204 -0.0532347 -0.053263 -0.0531896 -0.0529981 -0.0526705 -0.0521882 -0.0515316 -0.0506805 -0.0496141 -0.0483115 -0.0467521 -0.0449158 -0.0427837 -0.0403387 -0.0375658 -0.0344534 -0.0309935 -0.0271827 -0.0230227 -0.0185212 -0.0136923 -0.00855699 -0.00314359 0.00251202 0.00836612 0.014367 0.0204548 0.0265618 0.0326128 0.038526 0.0442148 0.04959 0.054563 0.0590492 0.0629717 0.0662642 0.0688733 0.0707591 0.0718954 0.0722695 0.0718826 0.0707511 0.0689088 0.0664095 0.0633272 0.0597532 0.0557909 0.0515476 0.0471272 0.0426267 0.0381359 0.0337387 0.029514 0.0255312 0.0218434 0.0184819 0.0154565 0.0127633 0.0103949 0.00834605 0.00661116 0.00517625 0.00401337 0.00308215 0.00233797 0.00174145 0.00126377 0.000886303 0.000596451 0.00038307 0.000233918 0.000135494 7.43523e-05 3.86214e-05 1.89566e-05 8.72359e-06 3.63639e-06 
0 7.00927e-06 1.79091e-05 3.7687e-05 7.33861e-05 0.000134702 0.000233918 0.000384981 0.000601911 0.000897422 0.00128311 0.0017723 0.00238501 0.00315258 0.00411788 0.00532917 0.00682964 0.00864896 0.0108027 0.0132997 0.0161502 0.0193666 0.0229543 0.0268998 0.0311641 0.0356864 0.0403939 0.0452092 0.0500518 0.0548348 0.0594611 0.063823 0.0678085 0.0713093 0.0742295 0.0764909 0.0780347 0.0788209 0.0788267 0.0780456 0.0764872 0.0741765 0.0711539 0.0674735 0.0632007 0.0584089 0.0531768 0.0475855 0.0417159 0.0356476 0.0294574 0.0232182 0.0169985 0.010861 0.0048622 -0.000948612 -0.00652967 -0.011847 -0.0168742 -0.0215921 -0.0259883 -0.030056 -0.0337936 -0.0372037 -0.0402925 -0.0430692 -0.0455451 -0.0477337 -0.0496498 -0.0513094 -0.0527294 -0.0539273 -0.0549207 -0.0557276 -0.0563654 -0.0568516 -0.0572028 -0.0574351 -0.0575638 -0.0576034 -0.0575672 -0.0574677 -0.0573166 -0.0571244 -0.0569006 -0.056654 -0.0563925 -0.056123 -0.0558519 -0.0555846 -0.0553261 -0.0550806 -0.0548518 -0.054643 -0.0544569 -0.0542957 -0.0541614 -0.0540554 -0.0539789 -0.0539327 -0.0539172 -0.0539327 -0.0539789 -0.0540554 -0.0541614 -0.0542957 -0.0544569 -0.054643 -0.0548518 -0.0550806 -0.0553261 -0.0555846 -0.0558519 -0.056123 -0.0563925 -0.056654 -0.0569006 -0.0571244 -0.0573166 -0.0574677 -0.0575672 -0.0576034 -0.0575638 -0.0574351 -0.0572028 -0.0568516 -0.0563654 -0.0557276 -0.0549207 -0.0539273 -0.0527294 -0.0513094 -0.0496498 -0.0477337 -0.0455451 -0.0430692 -0.0402925 -0.0372037 -0.0337936 -0.030056 -0.0259883 -0.0215921 -0.0168742 -0.011847 -0.00652967 -0.000948612 0.0048622 0.010861 0.0169985 0.0232182 0.0294574 0.0356476 0.0417159 0.0475855 0.0531768 0.0584089 0.0632007 0.0674735 0.0711539 0.0741765 0.0764872 0.0780456 0.0788267 0.0788209 0.0780347 0.0764909 0.0742295 0.0713093 0.0678085 0.063823 0.0594611 0.0548348 0.0500518 0.0452092 0.0403939 0.0356864 0.0311641 0.0268998 0.0229543 0.0193666 0.0161502 0.0132997 0.0108027 0.00864896 0.00682964 0.00532917 0.00411788 0.00315258 0.00238501 0.0017723 0.00128311 0.000897422 0.00060191 0.000384979 0.000233916 0.000134702 7.34046e-05 3.7784e-05 1.82765e-05 8.18869e-06 
0 1.4247e-05 3.52605e-05 7.11321e-05 0.000132226 0.000231372 0.00038307 0.000601911 0.00090112 0.00129274 0.00179062 0.00241587 0.00320172 0.00419377 0.00544304 0.00699454 0.00887864 0.0111116 0.0137049 0.0166738 0.0200359 0.0237991 0.0279468 0.0324336 0.0371929 0.0421484 0.0472217 0.0523306 0.0573842 0.0622797 0.066906 0.0711518 0.0749141 0.0781038 0.0806479 0.0824887 0.0835824 0.0839 0.0834291 0.0821754 0.0801637 0.0774367 0.0740511 0.0700737 0.0655768 0.0606346 0.0553213 0.0497092 0.0438687 0.0378682 0.0317732 0.0256461 0.019545 0.0135234 0.00762869 0.00190199 -0.00362208 -0.00891532 -0.0139556 -0.0187264 -0.023216 -0.0274171 -0.0313261 -0.0349428 -0.0382697 -0.041312 -0.0440768 -0.0465735 -0.0488126 -0.0508063 -0.0525679 -0.0541112 -0.0554507 -0.0566013 -0.0575779 -0.0583955 -0.0590685 -0.0596114 -0.0600378 -0.0603609 -0.0605933 -0.0607469 -0.0608327 -0.0608611 -0.0608418 -0.0607836 -0.0606948 -0.0605828 -0.0604543 -0.0603154 -0.0601717 -0.0600279 -0.0598884 -0.0597568 -0.0596366 -0.0595303 -0.0594403 -0.0593685 -0.0593162 -0.0592844 -0.0592737 -0.0592844 -0.0593162 -0.0593685 -0.0594403 -0.0595303 -0.0596366 -0.0597568 -0.0598884 -0.0600279 -0.0601717 -0.0603154 -0.0604543 -0.0605828 -0.0606948 -0.0607836 -0.0608418 -0.0608611 -0.0608327 -0.0607469 -0.0605933 -0.0603609 -0.0600378 -0.0596114 -0.0590685 -0.0583955 -0.0575779 -0.0566013 -0.0554507 -0.0541112 -0.0525679 -0.0508063 -0.0488126 -0.0465735 -0.0440768 -0.041312 -0.0382697 -0.0349428 -0.0313261 -0.0274171 -0.023216 -0.0187264 -0.0139556 -0.00891532 -0.00362208 0.00190199 0.00762869 0.0135234 0.019545 0.0256461 0.0317732 0.0378682 0.0438687 0.0497092 0.0553213 0.0606346 0.0655768 0.0700737 0.0740511 0.0774367 0.0801637 0.0821754 0.0834291 0.0839 0.0835824 0.0824887 0.0806479 0.0781038 0.0749141 0.0711518 0.066906 0.0622797 0.0573842 0.0523306 0.0472217 0.0421484 0.0371929 0.0324336 0.0279468 0.0237991 0.0200359 0.0166738 0.0137049 0.0111116 0.00887864 0.00699454 0.00544304 0.00419377 0.00320172 0.00241587 0.00179062 0.00129274 0.000901119 0.000601909 0.000383071 0.000231391 0.000132323 7.14932e-05 3.64156e-05 1.75554e-05 
0 2.74425e-05 6.58296e-05 0.000127349 0.000226031 0.000377279 0.000596451 0.000897422 0.00129274 0.00179673 0.0024313 0.0032312 0.00424431 0.00552405 0.00711699 0.00905383 0.011351 0.0140216 0.0170849 0.0205627 0.024464 0.0287691 0.0334274 0.0383689 0.0435174 0.0487945 0.0541144 0.0593776 0.0644713 0.0692776 0.0736848 0.0775955 0.0809298 0.0836229 0.0856226 0.0868884 0.0873934 0.0871274 0.0860994 0.084337 0.0818845 0.0787981 0.0751419 0.0709839 0.0663936 0.0614401 0.0561912 0.0507126 0.0450674 0.0393146 0.0335086 0.0276984 0.0219276 0.0162342 0.0106511 0.00520684 -7.41466e-05 -0.00517085 -0.0100654 -0.014743 -0.0191916 -0.0234019 -0.0273678 -0.0310854 -0.0345539 -0.0377746 -0.0407509 -0.0434885 -0.0459941 -0.0482762 -0.050344 -0.0522077 -0.053878 -0.055366 -0.0566831 -0.0578408 -0.0588508 -0.0597245 -0.0604733 -0.0611084 -0.0616406 -0.0620804 -0.0624379 -0.0627226 -0.0629438 -0.0631099 -0.0632292 -0.0633089 -0.0633562 -0.0633772 -0.0633778 -0.0633632 -0.0633381 -0.0633064 -0.0632719 -0.0632377 -0.0632061 -0.0631795 -0.0631593 -0.0631467 -0.0631425 -0.0631467 -0.0631593 -0.0631795 -0.0632061 -0.0632377 -0.0632719 -0.0633064 -0.0633381 -0.0633632 -0.0633778 -0.0633772 -0.0633562 -0.0633089 -0.0632292 -0.0631099 -0.0629438 -0.0627226 -0.0624379 -0.0620804 -0.0616406 -0.0611084 -0.0604733 -0.0597245 -0.0588508 -0.0578408 -0.0566831 -0.055366 -0.053878 -0.0522077 -0.050344 -0.0482762 -0.0459941 -0.0434885 -0.0407509 -0.0377746 -0.0345539 -0.0310854 -0.0273678 -0.0234019 -0.0191916 -0.014743 -0.0100654 -0.00517085 -7.41466e-05 0.00520684 0.0106511 0.0162342 0.0219276 0.0276984 0.0335086 0.0393146 0.0450674 0.0507126 0.0561912 0.0614401 0.0663936 0.0709839 0.0751419 0.0787981 0.0818845 0.084337 0.0860994 0.0871274 0.0873934 0.0868884 0.0856226 0.0836229 0.0809298 0.0775955 0.0736848 0.0692776 0.0644713 0.0593776 0.0541144 0.0487945 0.0435174 0.0383689 0.0334274 0.0287691 0.024464 0.0205627 0.0170849 0.0140216 0.011351 0.00905383 0.00711699 0.00552405 0.00424431 0.0032312 0.0024313 0.00179673 0.00129274 0.000897424 0.000596471 0.000377373 0.00022638 0.000128461 6.90196e-05 3.58231e-05 
0 5.00676e-05 0.000116523 0.000216358 0.000367029 0.000585363 0.000886303 0.00128311 0.00179062 0.0024313 0.00324106 0.00426971 0.00557294 0.00719903 0.00917917 0.0115299 0.0142656 0.0174084 0.0209834 0.0249992 0.0294318 0.0342256 0.0393084 0.0446056 0.0500399 0.0555214 0.0609414 0.0661774 0.0711055 0.0756136 0.079608 0.0830127 0.085766 0.0878187 0.0891356 0.0896986 0.0895097 0.0885901 0.0869775 0.0847214 0.0818782 0.0785083 0.0746741 0.0704393 0.0658684 0.0610254 0.0559727 0.0507686 0.045466 0.0401112 0.0347437 0.0293964 0.0240969 0.0188682 0.0137305 0.00870174 0.00379793 -0.000966135 -0.00557713 -0.0100232 -0.0142941 -0.0183814 -0.0222785 -0.0259803 -0.0294836 -0.0327869 -0.0358899 -0.0387937 -0.0415007 -0.0440142 -0.0463388 -0.0484797 -0.050443 -0.0522356 -0.053865 -0.0553392 -0.0566666 -0.0578558 -0.0589158 -0.0598556 -0.0606843 -0.0614108 -0.0620438 -0.0625919 -0.0630634 -0.063466 -0.0638073 -0.0640943 -0.0643336 -0.0645313 -0.0646932 -0.0648242 -0.0649291 -0.065012 -0.0650766 -0.0651259 -0.0651627 -0.0651891 -0.0652067 -0.0652168 -0.0652201 -0.0652168 -0.0652067 -0.0651891 -0.0651627 -0.0651259 -0.0650766 -0.065012 -0.0649291 -0.0648242 -0.0646932 -0.0645313 -0.0643336 -0.0640943 -0.0638073 -0.063466 -0.0630634 -0.0625919 -0.0620438 -0.0614108 -0.0606843 -0.0598556 -0.0589158 -0.0578558 -0.0566666 -0.0553392 -0.053865 -0.0522356 -0.050443 -0.0484797 -0.0463388 -0.0440142 -0.0415007 -0.0387937 -0.0358899 -0.0327869 -0.0294836 -0.0259803 -0.0222785 -0.0183814 -0.0142941 -0.0100232 -0.00557713 -0.000966135 0.00379793 0.00870174 0.0137305 0.0188682 0.0240969 0.0293964 0.0347437 0.0401112 0.045466 0.0507686 0.0559727 0.0610254 0.0658684 0.0704393 0.0746741 0.0785083 0.0818782 0.0847214 0.0869775 0.0885901 0.0895097 0.0896986 0.0891356 0.0878187 0.085766 0.0830127 0.079608 0.0756136 0.0711055 0.0661774 0.0609414 0.0555214 0.0500399 0.0446056 0.0393084 0.0342256 0.0294318 0.0249992 0.0209834 0.0174084 0.0142656 0.0115299 0.00917917 0.00719903 0.00557294 0.0042697 0.00324106 0.0024313 0.00179063 0.00128313 0.000886393 0.000585692 0.000368079 0.000219383 0.000124511 6.95743e-05 
0 8.65024e-05 0.0001956 0.000349188 0.000567358 0.00086732 0.00126377 0.0017723 0.00241587 0.0032312 0.00426971 0.00558931 0.00724028 0.00925481 0.0116497 0.0144404 0.0176515 0.0213103 0.0254247 0.029966 0.034873 0.0400718 0.0454893 0.0510482 0.0566531 0.0621858 0.067516 0.0725179 0.0770817 0.0811162 0.0845455 0.0873057 0.0893469 0.0906382 0.0911718 0.0909638 0.0900506 0.0884823 0.0863164 0.0836138 0.0804369 0.0768484 0.0729117 0.0686898 0.0642433 0.0596287 0.0548963 0.0500896 0.0452445 0.0403904 0.035551 0.0307459 0.0259912 0.0213008 0.0166864 0.0121584 0.00772557 0.00339581 -0.000823974 -0.00492749 -0.00890885 -0.0127624 -0.0164826 -0.0200643 -0.0235021 -0.0267916 -0.0299287 -0.0329099 -0.0357329 -0.0383964 -0.0409002 -0.043245 -0.0454329 -0.0474668 -0.0493507 -0.0510892 -0.0526879 -0.0541525 -0.0554894 -0.0567054 -0.0578073 -0.058802 -0.0596967 -0.0604983 -0.0612135 -0.0618491 -0.0624116 -0.0629069 -0.0633411 -0.0637196 -0.0640476 -0.0643297 -0.0645703 -0.0647733 -0.0649422 -0.06508 -0.0651892 -0.065272 -0.0653299 -0.0653642 -0.0653756 -0.0653642 -0.0653299 -0.065272 -0.0651892 -0.06508 -0.0649422 -0.0647733 -0.0645703 -0.0643297 -0.0640476 -0.0637196 -0.0633411 -0.0629069 -0.0624116 -0.0618491 -0.0612135 -0.0604983 -0.0596967 -0.058802 -0.0578073 -0.0567054 -0.0554894 -0.0541525 -0.0526879 -0.0510892 -0.0493507 -0.0474668 -0.0454329 -0.043245 -0.0409002 -0.0383964 -0.0357329 -0.0329099 -0.0299287 -0.0267916 -0.0235021 -0.0200643 -0.0164826 -0.0127624 -0.00890885 -0.00492749 -0.000823974 0.00339581 0.00772557 0.0121584 0.0166864 0.0213008 0.0259912 0.0307459 0.035551 0.0403904 0.0452445 0.0500896 0.0548963 0.0596287 0.0642433 0.0686898 0.0729117 0.0768484 0.0804369 0.0836138 0.0863164 0.0884823 0.0900506 0.0909638 0.0911718 0.0906382 0.0893469 0.0873057 0.0845455 0.0811162 0.0770817 0.0725179 0.067516 0.0621858 0.0566531 0.0510482 0.0454893 0.0400718 0.034873 0.029966 0.0254247 0.0213103 0.0176515 0.0144404 0.0116497 0.00925481 0.00724028 0.00558931 0.0042697 0.00323121 0.00241589 0.00177238 0.00126407 0.000868296 0.00057018 0.000356684 0.000214031 0.000128634 
0 0.000141562 0.00031166 0.000536416 0.000837772 0.00123365 0.00174145 0.00238501 0.00320172 0.00424431 0.00557294 0.00724028 0.00928012 0.0117099 0.0145458 0.0178145 0.0215452 0.0257453 0.0303815 0.0353877 0.0406878 0.0462097 0.0518746 0.0575792 0.0631953 0.0685863 0.0736275 0.0782129 0.0822531 0.0856699 0.0883962 0.090382 0.0916017 0.0920581 0.0917792 0.090812 0.0892145 0.0870512 0.0843896 0.0812997 0.0778526 0.0741185 0.0701639 0.0660485 0.0618234 0.0575299 0.0532008 0.0488613 0.0445309 0.0402251 0.0359564 0.0317345 0.0275672 0.0234597 0.0194158 0.0154376 0.0115263 0.00768303 0.00390912 0.000206765 -0.00342087 -0.00696952 -0.010434 -0.0138084 -0.0170864 -0.0202618 -0.0233283 -0.0262805 -0.0291135 -0.0318231 -0.0344063 -0.0368608 -0.0391854 -0.0413798 -0.0434444 -0.0453806 -0.0471904 -0.0488766 -0.0504424 -0.0518918 -0.0532289 -0.0544582 -0.0555847 -0.0566133 -0.0575492 -0.0583976 -0.0591634 -0.0598518 -0.0604676 -0.0610155 -0.0615 -0.0619252 -0.0622948 -0.0626125 -0.0628814 -0.0631041 -0.0632831 -0.0634203 -0.0635173 -0.063575 -0.0635941 -0.063575 -0.0635173 -0.0634203 -0.0632831 -0.0631041 -0.0628814 -0.0626125 -0.0622948 -0.0619252 -0.0615 -0.0610155 -0.0604676 -0.0598518 -0.0591634 -0.0583976 -0.0575492 -0.0566133 -0.0555847 -0.0544582 -0.0532289 -0.0518918 -0.0504424 -0.0488766 -0.0471904 -0.0453806 -0.0434444 -0.0413798 -0.0391854 -0.0368608 -0.0344063 -0.0318231 -0.0291135 -0.0262805 -0.0233283 -0.0202618 -0.0170864 -0.0138084 -0.010434 -0.00696952 -0.00342087 0.000206765 0.00390912 0.00768303 0.0115263 0.0154376 0.0194158 0.0234597 0.0275672 0.0317345 0.0359564 0.0402251 0.0445309 0.0488613 0.0532008 0.0575299 0.0618234 0.0660485 0.0701639 0.0741185 0.0778526 0.0812997 0.0843896 0.0870512 0.0892145 0.090812 0.0917792 0.0920581 0.0916017 0.090382 0.0883962 0.0856699 0.0822531 0.0782129 0.0736275 0.0685863 0.0631953 0.0575792 0.0518746 0.0462097 0.0406878 0.0353877 0.0303815 0.0257453 0.0215452 0.0178145 0.0145458 0.0117099 0.00928012 0.00724028 0.00557295 0.00424433 0.0032018 0.00238529 0.00174234 0.00123624 0.000844697 0.000553572 0.000351196 0.00022653 
0 0.000219647 0.00047218 0.000786773 0.00118745 0.00169582 0.00233797 0.00315258 0.00419377 0.00552405 0.00719903 0.00925481 0.0117099 0.014581 0.0178963 0.021687 0.0259602 0.0306796 0.035774 0.0411658 0.0467829 0.0525437 0.0583359 0.0640201 0.0694551 0.0745183 0.079107 0.0831305 0.0865067 0.0891662 0.0910623 0.0921786 0.0925288 0.09215 0.0910947 0.0894246 0.0872086 0.0845216 0.0814434 0.0780556 0.0744371 0.0706589 0.0667815 0.0628528 0.0589096 0.0549787 0.0510794 0.0472253 0.0434254 0.0396849 0.0360053 0.0323853 0.0288216 0.0253094 0.0218434 0.0184191 0.0150327 0.0116823 0.00836755 0.00508964 0.00185115 -0.00134421 -0.00449194 -0.00758692 -0.0106237 -0.0135964 -0.0164994 -0.0193269 -0.022073 -0.0247325 -0.0273003 -0.0297717 -0.0321428 -0.0344103 -0.0365716 -0.0386247 -0.0405686 -0.042403 -0.0441284 -0.0457459 -0.047257 -0.0486642 -0.04997 -0.0511776 -0.0522902 -0.0533115 -0.0542449 -0.0550944 -0.0558635 -0.0565559 -0.0571751 -0.0577244 -0.0582069 -0.0586255 -0.0589829 -0.0592813 -0.0595226 -0.0597086 -0.0598405 -0.0599193 -0.0599455 -0.0599193 -0.0598405 -0.0597086 -0.0595226 -0.0592813 -0.0589829 -0.0586255 -0.0582069 -0.0577244 -0.0571751 -0.0565559 -0.0558635 -0.0550944 -0.0542449 -0.0533115 -0.0522902 -0.0511776 -0.04997 -0.0486642 -0.047257 -0.0457459 -0.0441284 -0.042403 -0.0405686 -0.0386247 -0.0365716 -0.0344103 -0.0321428 -0.0297717 -0.0273003 -0.0247325 -0.022073 -0.0193269 -0.0164994 -0.0135964 -0.0106237 -0.00758692 -0.00449194 -0.00134421 0.00185115 0.00508964 0.00836755 0.0116823 0.0150327 0.0184191 0.0218434 0.0253094 0.0288216 0.0323853 0.0360053 0.0396849 0.0434254 0.0472253 0.0510794 0.0549787 0.0589096 0.0628528 0.0667815 0.0706589 0.0744371 0.0780556 0.0814434 0.0845216 0.0872086 0.0894246 0.0910947 0.09215 0.0925288 0.0921786 0.0910623 0.0891662 0.0865067 0.0831305 0.079107 0.0745183 0.0694551 0.0640201 0.0583359 0.0525437 0.0467829 0.0411658 0.035774 0.0306796 0.0259602 0.021687 0.0178963 0.014581 0.0117099 0.00925482 0.00719905 0.00552412 0.00419402 0.00315338 0.00234031 0.00170212 0.00120319 0.000823347 0.000551498 0.000380361 
0 0.000323769 0.000682229 0.00110674 0.00162575 0.0022703 0.00308215 0.00411788 0.00544304 0.00711699 0.00917917 0.0116497 0.0145458 0.0178963 0.0217344 0.0260682 0.0308591 0.0360322 0.0415077 0.0472132 0.0530636 0.0589371 0.0646836 0.070158 0.07524 0.0798281 0.0838267 0.0871476 0.089721 0.0915072 0.0925008 0.0927258 0.0922257 0.0910556 0.0892808 0.086976 0.0842249 0.0811171 0.077742 0.0741829 0.0705122 0.0667898 0.0630628 0.0593681 0.0557331 0.0521772 0.0487124 0.0453438 0.0420697 0.0388837 0.0357751 0.0327315 0.0297403 0.0267896 0.0238697 0.020973 0.018094 0.0152295 0.0123776 0.00953797 0.00671138 0.00389958 0.00110529 -0.00166791 -0.00441556 -0.00713248 -0.00981286 -0.0124504 -0.0150386 -0.0175709 -0.0200408 -0.0224422 -0.0247694 -0.0270174 -0.0291817 -0.0312586 -0.0332451 -0.035139 -0.0369387 -0.0386432 -0.0402523 -0.0417661 -0.0431854 -0.0445113 -0.0457452 -0.0468889 -0.0479444 -0.0489139 -0.0497995 -0.0506037 -0.0513287 -0.0519768 -0.0525501 -0.0530507 -0.0534805 -0.0538411 -0.0541341 -0.0543607 -0.0545218 -0.0546182 -0.0546502 -0.0546182 -0.0545218 -0.0543607 -0.0541341 -0.0538411 -0.0534805 -0.0530507 -0.0525501 -0.0519768 -0.0513287 -0.0506037 -0.0497995 -0.0489139 -0.0479444 -0.0468889 -0.0457452 -0.0445113 -0.0431854 -0.0417661 -0.0402523 -0.0386432 -0.0369387 -0.035139 -0.0332451 -0.0312586 -0.0291817 -0.0270174 -0.0247694 -0.0224422 -0.0200408 -0.0175709 -0.0150386 -0.0124504 -0.00981286 -0.00713248 -0.00441556 -0.00166791 0.00110529 0.00389958 0.00671138 0.00953797 0.0123776 0.0152295 0.018094 0.020973 0.0238697 0.0267896 0.0297403 0.0327315 0.0357751 0.0388837 0.0420697 0.0453438 0.0487124 0.0521772 0.0557331 0.0593681 0.0630628 0.0667898 0.0705122 0.0741829 0.077742 0.0811171 0.0842249 0.086976 0.0892808 0.0910556 0.0922257 0.0927258 0.0925008 0.0915072 0.089721 0.0871476 0.0838267 0.0798281 0.07524 0.070158 0.0646836 0.0589371 0.0530636 0.0472132 0.0415077 0.0360322 0.0308591 0.0260682 0.0217344 0.0178963 0.0145458 0.0116497 0.00917924 0.00711721 0.00544374 0.00411995 0.00308779 0.00228451 0.0016591 0.00117979 0.000831704 0.000609919 
0 0.000454981 0.000944261 0.001502 0.00216561 0.00298232 0.00401337 0.00532917 0.00699454 0.00905383 0.0115299 0.0144404 0.0178145 0.021687 0.0260682 0.030919 0.0361616 0.0417131 0.0475005 0.0534354 0.059387 0.0651952 0.0707112 0.075817 0.0804098 0.0843857 0.0876494 0.0901331 0.0918063 0.0926735 0.0927655 0.0921293 0.0908229 0.0889173 0.0864975 0.0836578 0.0804958 0.0771053 0.0735691 0.069958 0.066331 0.0627362 0.0592128 0.0557909 0.0524913 0.0493248 0.0462934 0.0433906 0.0406045 0.0379193 0.0353181 0.0327841 0.030302 0.0278578 0.0254397 0.0230373 0.020642 0.018247 0.015847 0.0134388 0.0110209 0.0085935 0.00615881 0.00372026 0.00128265 -0.00114843 -0.0035667 -0.00596553 -0.00833821 -0.010678 -0.0129785 -0.0152333 -0.0174368 -0.0195833 -0.0216679 -0.0236861 -0.0256338 -0.0275074 -0.0293038 -0.0310205 -0.0326555 -0.0342071 -0.0356743 -0.0370563 -0.0383529 -0.039564 -0.0406902 -0.0417319 -0.04269 -0.0435655 -0.0443596 -0.0450734 -0.045708 -0.0462647 -0.0467446 -0.0471487 -0.047478 -0.0477332 -0.0479151 -0.048024 -0.0480603 -0.048024 -0.0479151 -0.0477332 -0.047478 -0.0471487 -0.0467446 -0.0462647 -0.045708 -0.0450734 -0.0443596 -0.0435655 -0.04269 -0.0417319 -0.0406902 -0.039564 -0.0383529 -0.0370563 -0.0356743 -0.0342071 -0.0326555 -0.0310205 -0.0293038 -0.0275074 -0.0256338 -0.0236861 -0.0216679 -0.0195833 -0.0174368 -0.0152333 -0.0129785 -0.010678 -0.00833821 -0.00596553 -0.0035667 -0.00114843 0.00128265 0.00372026 0.00615881 0.0085935 0.0110209 0.0134388 0.015847 0.018247 0.020642 0.0230373 0.0254397 0.0278578 0.030302 0.0327841 0.0353181 0.0379193 0.0406045 0.0433906 0.0462934 0.0493248 0.0524913 0.0557909 0.0592128 0.0627362 0.066331 0.069958 0.0735691 0.0771053 0.0804958 0.0836578 0.0864975 0.0889173 0.0908229 0.0921293 0.0927655 0.0926735 0.0918063 0.0901331 0.0876494 0.0843857 0.0804098 0.075817 0.0707112 0.0651952 0.059387 0.0534354 0.0475005 0.0417131 0.0361616 0.030919 0.0260682 0.021687 0.0178145 0.0144404 0.0115301 0.00905444 0.00699636 0.00533415 0.00402602 0.0030123 0.00223196 0.00163923 0.0012098 0.000936238 
0 0.000612841 0.00125977 0.00198059 0.00282708 0.00386642 0.00517625 0.00682964 0.00887864 0.011351 0.0142656 0.0176515 0.0215452 0.0259602 0.0308591 0.0361616 0.0417817 0.0476445 0.0536589 0.0596868 0.0655586 0.0711219 0.0762601 0.0808669 0.0848285 0.0880424 0.090445 0.0920158 0.0927658 0.0927279 0.0919507 0.0904965 0.088446 0.0858966 0.0829533 0.0797188 0.0762878 0.0727423 0.0691519 0.0655773 0.0620692 0.0586688 0.0554066 0.0523012 0.0493599 0.0465808 0.0439546 0.0414678 0.0391047 0.0368486 0.0346824 0.0325894 0.0305528 0.0285563 0.0265846 0.0246237 0.0226619 0.0206896 0.0187 0.0166889 0.0146544 0.0125967 0.0105177 0.00842062 0.00630948 0.00418903 0.00206453 -5.85608e-05 -0.00217444 -0.00427725 -0.00636103 -0.00841978 -0.0104476 -0.0124388 -0.0143876 -0.0162889 -0.0181375 -0.0199289 -0.0216589 -0.0233237 -0.0249201 -0.0264452 -0.0278967 -0.0292726 -0.0305712 -0.0317916 -0.0329327 -0.0339941 -0.0349755 -0.0358767 -0.0366978 -0.0374391 -0.0381009 -0.0386834 -0.0391872 -0.0396127 -0.0399602 -0.04023 -0.0404226 -0.040538 -0.0405765 -0.040538 -0.0404226 -0.04023 -0.0399602 -0.0396127 -0.0391872 -0.0386834 -0.0381009 -0.0374391 -0.0366978 -0.0358767 -0.0349755 -0.0339941 -0.0329327 -0.0317916 -0.0305712 -0.0292726 -0.0278967 -0.0264452 -0.0249201 -0.0233237 -0.0216589 -0.0199289 -0.0181375 -0.0162889 -0.0143876 -0.0124388 -0.0104476 -0.00841978 -0.00636103 -0.00427725 -0.00217444 -5.85608e-05 0.00206453 0.00418903 0.00630948 0.00842062 0.0105177 0.0125967 0.0146544 0.0166889 0.0187 0.0206896 0.0226619 0.0246237 0.0265846 0.0285563 0.0305528 0.0325894 0.0346824 0.0368486 0.0391047 0.0414678 0.0439546 0.0465808 0.0493599 0.0523012 0.0554066 0.0586688 0.0620692 0.0655773 0.0691519 0.0727423 0.0762878 0.0797188 0.0829533 0.0858966 0.088446 0.0904965 0.0919507 0.0927279 0.0927658 0.0920158 0.090445 0.0880424 0.0848285 0.0808669 0.0762601 0.0711219 0.0655586 0.0596868 0.0536589 0.0476445 0.0417817 0.0361616 0.0308591 0.0259602 0.0215453 0.0176517 0.0142661 0.0113525 0.00888296 0.00684073 0.00520282 0.00392586 0.00295142 0.00222397 0.00170594 0.00138024 
0 0.000797264 0.00163271 0.00255667 0.00363839 0.00496209 0.00661116 0.00864896 0.0111116 0.0140216 0.0174084 0.0213103 0.0257453 0.0306796 0.0360322 0.0417131 0.0476445 0.0537335 0.0598366 0.0657759 0.0713941 0.0765742 0.0812063 0.0851654 0.0883425 0.09068 0.0921669 0.0928162 0.0926585 0.0917442 0.0901437 0.0879486 0.0852687 0.0822163 0.0788958 0.0754015 0.0718171 0.0682153 0.0646607 0.0612078 0.0578968 0.054755 0.0517962 0.0490225 0.0464291 0.0440063 0.0417413 0.0396201 0.037627 0.0357446 0.0339547 0.0322383 0.0305764 0.0289514 0.0273471 0.0257503 0.0241499 0.0225374 0.0209066 0.0192531 0.0175742 0.0158686 0.0141359 0.0123771 0.010594 0.00878939 0.00696692 0.005131 0.00328678 0.0014397 -0.000404222 -0.00223902 -0.0040585 -0.00585663 -0.00762759 -0.00936569 -0.0110657 -0.0127227 -0.014332 -0.0158895 -0.0173914 -0.0188342 -0.0202148 -0.0215307 -0.0227793 -0.0239587 -0.025067 -0.0261029 -0.0270649 -0.0279523 -0.0287641 -0.0294997 -0.0301587 -0.0307406 -0.0312452 -0.0316724 -0.032022 -0.032294 -0.0324882 -0.0326048 -0.0326437 -0.0326048 -0.0324882 -0.032294 -0.032022 -0.0316724 -0.0312452 -0.0307406 -0.0301587 -0.0294997 -0.0287641 -0.0279523 -0.0270649 -0.0261029 -0.025067 -0.0239587 -0.0227793 -0.0215307 -0.0202148 -0.0188342 -0.0173914 -0.0158895 -0.014332 -0.0127227 -0.0110657 -0.00936569 -0.00762759 -0.00585663 -0.0040585 -0.00223902 -0.000404222 0.0014397 0.00328678 0.005131 0.00696692 0.00878939 0.010594 0.0123771 0.0141359 0.0158686 0.0175742 0.0192531 0.0209066 0.0225374 0.0241499 0.0257503 0.0273471 0.0289514 0.0305764 0.0322383 0.0339547 0.0357446 0.037627 0.0396201 0.0417413 0.0440063 0.0464291 0.0490225 0.0517962 0.054755 0.0578968 0.0612078 0.0646607 0.0682153 0.0718171 0.0754015 0.0788958 0.0822163 0.0852687 0.0879486 0.0901437 0.0917442 0.0926585 0.0928162 0.0921669 0.09068 0.0883425 0.0851654 0.0812063 0.0765742 0.0713941 0.0657759 0.0598366 0.0537335 0.0476445 0.0417131 0.0360322 0.0306796 0.0257454 0.0213108 0.0174098 0.0140253 0.0111212 0.00867216 0.00666368 0.00507327 0.00385868 0.00296549 0.00234437 0.00196243 
0 0.00101131 0.00207348 0.00325246 0.00463288 0.00630551 0.00834605 0.0108027 0.0137049 0.0170849 0.0209834 0.0254247 0.0303815 0.035774 0.0415077 0.0475005 0.0536589 0.0598366 0.0658482 0.0715296 0.0767619 0.081431 0.0854022 0.0885597 0.0908518 0.0922762 0.0928439 0.0925801 0.0915395 0.0898041 0.0874767 0.0846748 0.0815148 0.0781002 0.0745267 0.0708836 0.0672497 0.0636938 0.0602715 0.0570201 0.053961 0.0511044 0.0484496 0.0459913 0.043721 0.0416262 0.0396924 0.0379024 0.0362361 0.0346734 0.0331943 0.0317794 0.0304127 0.0290792 0.0277668 0.0264651 0.0251646 0.0238578 0.0225373 0.0211974 0.0198334 0.0184417 0.0170204 0.0155688 0.0140878 0.0125793 0.0110461 0.0094923 0.00792216 0.00634058 0.00475272 0.00316372 0.00157909 3.90194e-06 -0.00155641 -0.0030969 -0.00461251 -0.00609845 -0.0075502 -0.00896325 -0.0103336 -0.0116573 -0.0129307 -0.0141505 -0.0153137 -0.0164175 -0.0174594 -0.0184371 -0.0193488 -0.0201927 -0.0209673 -0.0216713 -0.0223037 -0.0228636 -0.0233502 -0.0237628 -0.0241011 -0.0243645 -0.0245529 -0.024666 -0.0247037 -0.024666 -0.0245529 -0.0243645 -0.0241011 -0.0237628 -0.0233502 -0.0228636 -0.0223037 -0.0216713 -0.0209673 -0.0201927 -0.0193488 -0.0184371 -0.0174594 -0.0164175 -0.0153137 -0.0141505 -0.0129307 -0.0116573 -0.0103336 -0.00896325 -0.0075502 -0.00609845 -0.00461251 -0.0030969 -0.00155641 3.90194e-06 0.00157909 0.00316372 0.00475272 0.00634058 0.00792216 0.0094923 0.0110461 0.0125793 0.0140878 0.0155688 0.0170204 0.0184417 0.0198334 0.0211974 0.0225373 0.0238578 0.0251646 0.0264651 0.0277668 0.0290792 0.0304127 0.0317794 0.0331943 0.0346734 0.0362361 0.0379024 0.0396924 0.0416262 0.043721 0.0459913 0.0484496 0.0511044 0.053961 0.0570201 0.0602715 0.0636938 0.0672497 0.0708836 0.0745267 0.0781002 0.0815148 0.0846748 0.0874767 0.0898041 0.0915395 0.0925801 0.0928439 0.0922762 0.0908518 0.0885597 0.0854022 0.081431 0.0767619 0.0715296 0.0658482 0.0598366 0.0536589 0.0475006 0.0415077 0.0357741 0.0303819 0.0254258 0.0209865 0.017093 0.0137249 0.0108484 0.00844413 0.00650237 0.00500301 0.00390512 0.00315541 0.00270451 
