0 0 0 0 0 0 0 0 0 0 0 0 0 0 0 0 0 0 0 0 0 0 0 0 0 0 0 0 0 0 0 0 0 0 0 0 0 0 0 0 0 0 0 0 0 0 0 0 0 0 0 0 0 0 0 0 0 0 0 0 0 0 0 0 0 0 0 0 0 0 0 0 0 0 0 0 0 0 0 0 0 0 0 0 0 0 0 0 0 0 0 0 0 0 0 0 0 0 0 0 0 0 0 0 0 0 0 0 0 0 0 0 0 0 0 0 0 0 0 0 0 0 0 0 0 0 0 0 0 0 0 0 0 0 0 0 0 0 0 0 0 0 0 0 0 0 0 0 0 0 0 0 0 0 0 0 0 0 0 0 0 0 0 0 0 0 0 0 0 0 0 0 0 0 0 0 0 0 0 0 0 0 0 0 0 0 0 0 0 0 0 0 0 0 0 0 0 0 0 0 
0 6.79377e-49 2.51453e-47 8.30079e-46 2.46494e-44 6.62869e-43 1.62347e-41 3.63881e-40 7.49519e-39 1.42393e-37 2.50296e-36 4.08217e-35 6.19257e-34 8.75678e-33 1.15653e-31 1.42912e-30 1.65484e-29 1.79815e-28 1.83581e-27 1.763e-26 1.59421e-25 1.35865e-24 1.09221e-23 8.28821e-23 5.94123e-22 4.02552e-21 2.57956e-20 1.56413e-19 8.97877e-19 4.88169e-18 2.51488e-17 1.2281e-16 5.68711e-16 2.49839e-15 1.04162e-14 4.12299e-14 1.55009e-13 5.53786e-13 1.88096e-12 6.07719e-12 1.86884e-11 5.4736e-11 1.528e-10 4.06886e-10 1.03445e-09 2.51335e-09 5.84211e-09 1.30063e-08 2.77674e-08 5.6922e-08 1.12196e-07 2.12933e-07 3.8968e-07 6.88677e-07 1.17712e-06 1.94883e-06 3.1299e-06 4.88351e-06 7.41338e-06 1.09649e-05 1.58233e-05 2.23095e-05 3.07713e-05 4.15733e-05 5.5084e-05 7.16611e-05 9.16374e-05 0.000115307 0.000142913 0.000174638 0.000210596 0.000250831 0.000295312 0.000343938 0.000396537 0.000452876 0.00051266 0.000575546 0.000641143 0.000709022 0.00077872 0.000849747 0.000921591 0.000993723 0.0010656 0.00113668 0.0012064 0.00127422 0.00133959 0.001402 0.00146091 0.00151586 0.00156637 0.00161202 0.00165241 0.00168721 0.0017161 0.00173884 0.00175523 0.00176512 0.00176843 0.00176512 0.00175523 0.00173884 0.0017161 0.00168721 0.00165241 0.00161202 0.00156637 0.00151586 0.00146091 0.001402 0.00133959 0.00127422 0.0012064 0.00113668 0.0010656 0.000993723 0.000921591 0.000849747 0.00077872 0.000709022 0.000641143 0.000575546 0.00051266 0.000452876 0.000396537 0.000343938 0.000295312 0.000250831 0.000210596 0.000174638 0.000142913 0.000115307 9.16374e-05 7.16611e-05 5.5084e-05 4.15733e-05 3.07713e-05 2.23095e-05 1.58233e-05 1.09649e-05 7.41338e-06 4.88351e-06 3.1299e-06 1.94883e-06 1.17712e-06 6.88677e-07 3.8968e-07 2.12933e-07 1.12196e-07 5.6922e-08 2.77674e-08 1.30063e-08 5.84211e-09 2.51335e-09 1.03445e-09 4.06886e-10 1.528e-10 5.4736e-11 1.86884e-11 6.07719e-12 1.88096e-12 5.53786e-13 1.55009e-13 4.12299e-14 1.04162e-14 2.49839e-15 5.68711e-16 1.2281e-16 2.51488e-17 4.88169e-18 8.97877e-19 1.56413e-19 2.57956e-20 4.02552e-21 5.94123e-22 8.28821e-23 1.09221e-23 1.35865e-24 1.59421e-25 1.763e-26 1.83581e-27 1.79815e-28 1.65484e-29 1.42912e-30 1.15653e-31 8.75678e-33 6.19257e-34 4.08217e-35 2.50296e-36 1.42393e-37 7.49519e-39 3.63881e-40 1.62347e-41 6.62869e-43 2.46494e-44 8.30079e-46 2.51375e-47 3.52229e-49 
0 2.51453e-47 8.39195e-46 2.51807e-44 6.84322e-43 1.69395e-41 3.83786e-40 7.9917e-39 1.53506e-37 2.72851e-36 4.5004e-35 6.90516e-34 9.87745e-33 1.31981e-31 1.65018e-30 1.93366e-29 2.1265e-28 2.19755e-27 2.13642e-26 1.95594e-25 1.6879e-24 1.3741e-23 1.05608e-22 7.668e-22 5.26306e-21 3.41673e-20 2.09905e-19 1.2209e-18 6.72619e-18 3.51133e-17 1.73762e-16 8.15416e-16 3.63001e-15 1.53355e-14 6.15058e-14 2.34279e-13 8.47875e-13 2.91684e-12 9.54314e-12 2.97106e-11 8.80724e-11 2.48758e-10 6.69971e-10 1.72205e-09 4.22818e-09 9.92716e-09 2.23124e-08 4.80659e-08 9.93699e-08 1.97418e-07 3.7744e-07 6.95458e-07 1.23683e-06 2.12628e-06 3.53896e-06 5.71132e-06 8.95085e-06 1.3643e-05 2.02541e-05 2.93289e-05 4.14824e-05 5.73858e-05 7.77465e-05 0.000103285 0.000134709 0.000172685 0.000217815 0.000270611 0.000331478 0.000400702 0.000478436 0.000564701 0.000659385 0.000762244 0.000872915 0.000990916 0.00111566 0.00124648 0.00138259 0.00152317 0.00166729 0.00181399 0.00196225 0.00211102 0.00225921 0.00240572 0.00254941 0.00268917 0.0028239 0.0029525 0.00307393 0.00318717 0.00329128 0.00338537 0.00346864 0.00354037 0.00359993 0.00364681 0.0036806 0.00370099 0.0037078 0.00370099 0.0036806 0.00364681 0.00359993 0.00354037 0.00346864 0.00338537 0.00329128 0.00318717 0.00307393 0.0029525 0.0028239 0.00268917 0.00254941 0.00240572 0.00225921 0.00211102 0.00196225 0.00181399 0.00166729 0.00152317 0.00138259 0.00124648 0.00111566 0.000990916 0.000872915 0.000762244 0.000659385 0.000564701 0.000478436 0.000400702 0.000331478 0.000270611 0.000217815 0.000172685 0.000134709 0.000103285 7.77465e-05 5.73858e-05 4.14824e-05 2.93289e-05 2.02541e-05 1.3643e-05 8.95085e-06 5.71132e-06 3.53896e-06 2.12628e-06 1.23683e-06 6.95458e-07 3.7744e-07 1.97418e-07 9.93699e-08 4.80659e-08 2.23124e-08 9.92716e-09 4.22818e-09 1.72205e-09 6.69971e-10 2.48758e-10 8.80724e-11 2.97106e-11 9.54314e-12 2.91684e-12 8.47875e-13 2.34279e-13 6.15058e-14 1.53355e-14 3.63001e-15 8.15416e-16 1.73762e-16 3.51133e-17 6.72619e-18 1.2209e-18 2.09905e-19 3.41673e-20 5.26306e-21 7.668e-22 1.05608e-22 1.3741e-23 1.6879e-24 1.95594e-25 2.13642e-26 2.19755e-27 2.1265e-28 1.93366e-29 1.65018e-30 1.31981e-31 9.87745e-33 6.90516e-34 4.5004e-35 2.72851e-36 1.53506e-37 7.9917e-39 3.83786e-40 1.69395e-41 6.84322e-43 2.51807e-44 8.38874e-46 1.31634e-47 
0 8.30079e-46 2.51807e-44 6.91361e-43 1.72914e-41 3.95864e-40 8.33039e-39 1.6172e-37 2.90546e-36 4.84435e-35 7.51439e-34 1.08678e-32 1.46833e-31 1.85651e-30 2.20009e-29 2.44713e-28 2.55796e-27 2.51559e-26 2.32991e-25 2.03417e-24 1.67549e-23 1.30295e-22 9.57271e-22 6.64856e-21 4.36761e-20 2.7152e-19 1.59808e-18 8.90873e-18 4.70568e-17 2.35601e-16 1.11849e-15 5.03655e-15 2.15193e-14 8.72695e-14 3.36043e-13 1.22911e-12 4.27194e-12 1.41156e-11 4.43643e-11 1.32701e-10 3.78003e-10 1.02615e-09 2.65687e-09 6.56686e-09 1.55097e-08 3.50413e-08 7.58224e-08 1.57328e-07 3.13466e-07 6.00578e-07 1.10812e-06 1.97199e-06 3.39002e-06 5.63856e-06 9.0885e-06 1.42188e-05 2.16251e-05 3.20221e-05 4.62374e-05 6.51967e-05 8.99011e-05 0.000121397 0.000160741 0.000208965 0.000267036 0.000335827 0.000416086 0.000508414 0.000613249 0.00073086 0.000861338 0.0010046 0.00116039 0.0013283 0.00150774 0.001698 0.0018982 0.00210735 0.00232432 0.00254786 0.00277662 0.00300915 0.00324391 0.00347928 0.00371359 0.00394512 0.00417213 0.00439288 0.00460562 0.00480864 0.0050003 0.00517901 0.00534327 0.00549171 0.00562305 0.00573616 0.00583008 0.00590399 0.00595725 0.00598939 0.00600014 0.00598939 0.00595725 0.00590399 0.00583008 0.00573616 0.00562305 0.00549171 0.00534327 0.00517901 0.0050003 0.00480864 0.00460562 0.00439288 0.00417213 0.00394512 0.00371359 0.00347928 0.00324391 0.00300915 0.00277662 0.00254786 0.00232432 0.00210735 0.0018982 0.001698 0.00150774 0.0013283 0.00116039 0.0010046 0.000861338 0.00073086 0.000613249 0.000508414 0.000416086 0.000335827 0.000267036 0.000208965 0.000160741 0.000121397 8.99011e-05 6.51967e-05 4.62374e-05 3.20221e-05 2.16251e-05 1.42188e-05 9.0885e-06 5.63856e-06 3.39002e-06 1.97199e-06 1.10812e-06 6.00578e-07 3.13466e-07 1.57328e-07 7.58224e-08 3.50413e-08 1.55097e-08 6.56686e-09 2.65687e-09 1.02615e-09 3.78003e-10 1.32701e-10 4.43643e-11 1.41156e-11 4.27194e-12 1.22911e-12 3.36043e-13 8.72695e-14 2.15193e-14 5.03655e-15 1.11849e-15 2.35601e-16 4.70568e-17 8.90873e-18 1.59808e-18 2.7152e-19 4.36761e-20 6.64856e-21 9.57271e-22 1.30295e-22 1.67549e-23 2.03417e-24 2.32991e-25 2.51559e-26 2.55796e-27 2.44713e-28 2.20009e-29 1.85651e-30 1.46833e-31 1.08678e-32 7.51439e-34 4.84435e-35 2.90546e-36 1.6172e-37 8.33039e-39 3.95864e-40 1.72914e-41 6.9136e-43 2.51691e-44 4.38832e-46 
0 2.46494e-44 6.84322e-43 1.72914e-41 3.99973e-40 8.50505e-39 1.66856e-37 3.02973e-36 5.10593e-35 8.00616e-34 1.17059e-32 1.59903e-31 2.04428e-30 2.4498e-29 2.75569e-28 2.91331e-27 2.89792e-26 2.71499e-25 2.39788e-24 1.99811e-23 1.57204e-22 1.16855e-21 8.21167e-21 5.45816e-20 3.43324e-19 2.04454e-18 1.15317e-17 6.16255e-17 3.12135e-16 1.49892e-15 6.82662e-15 2.94954e-14 1.20936e-13 4.70707e-13 1.73974e-12 6.10819e-12 2.03805e-11 6.46523e-11 1.95094e-10 5.60335e-10 1.53277e-09 3.99631e-09 9.9393e-09 2.36034e-08 5.35755e-08 1.16366e-07 2.42156e-07 4.83448e-07 9.27275e-07 1.71127e-06 3.04336e-06 5.22407e-06 8.66947e-06 1.39322e-05 2.17175e-05 3.28908e-05 4.84753e-05 6.96371e-05 9.76589e-05 0.000133904 0.000179771 0.000236649 0.00030587 0.000388666 0.000486136 0.000599212 0.000728651 0.000875015 0.00103867 0.00121979 0.00141835 0.00163413 0.00186674 0.00211559 0.00237991 0.00265873 0.00295091 0.00325511 0.00356982 0.00389334 0.00422381 0.00455921 0.00489738 0.00523605 0.00557284 0.00590532 0.00623101 0.00654743 0.00685211 0.00714264 0.00741668 0.00767201 0.00790652 0.00811829 0.00830555 0.00846674 0.00860052 0.00870575 0.00878155 0.00882729 0.00884258 0.00882729 0.00878155 0.00870575 0.00860052 0.00846674 0.00830555 0.00811829 0.00790652 0.00767201 0.00741668 0.00714264 0.00685211 0.00654743 0.00623101 0.00590532 0.00557284 0.00523605 0.00489738 0.00455921 0.00422381 0.00389334 0.00356982 0.00325511 0.00295091 0.00265873 0.00237991 0.00211559 0.00186674 0.00163413 0.00141835 0.00121979 0.00103867 0.000875015 0.000728651 0.000599212 0.000486136 0.000388666 0.00030587 0.000236649 0.000179771 0.000133904 9.76589e-05 6.96371e-05 4.84753e-05 3.28908e-05 2.17175e-05 1.39322e-05 8.66947e-06 5.22407e-06 3.04336e-06 1.71127e-06 9.27275e-07 4.83448e-07 2.42156e-07 1.16366e-07 5.35755e-08 2.36034e-08 9.9393e-09 3.99631e-09 1.53277e-09 5.60335e-10 1.95094e-10 6.46523e-11 2.03805e-11 6.10819e-12 1.73974e-12 4.70707e-13 1.20936e-13 2.94954e-14 6.82662e-15 1.49892e-15 3.12135e-16 6.16255e-17 1.15317e-17 2.04454e-18 3.43324e-19 5.45816e-20 8.21167e-21 1.16855e-21 1.57204e-22 1.99811e-23 2.39788e-24 2.71499e-25 2.89792e-26 2.91331e-27 2.75569e-28 2.4498e-29 2.04428e-30 1.59903e-31 1.17059e-32 8.00616e-34 5.10593e-35 3.02973e-36 1.66856e-37 8.50505e-39 3.99973e-40 1.72914e-41 6.83947e-43 1.31621e-44 
0 6.62869e-43 1.69395e-41 3.95864e-40 8.50505e-39 1.68604e-37 3.09384e-36 5.26959e-35 8.3517e-34 1.23436e-32 1.70461e-31 2.20331e-30 2.66974e-29 3.03677e-28 3.24672e-27 3.26629e-26 3.09513e-25 2.76509e-24 2.33077e-23 1.85509e-22 1.39504e-21 9.918e-21 6.66964e-20 4.24451e-19 2.55731e-18 1.45927e-17 7.88923e-17 4.04222e-16 1.96345e-15 9.04393e-15 3.95136e-14 1.63798e-13 6.44407e-13 2.40675e-12 8.53603e-12 2.87601e-11 9.20884e-11 2.80347e-10 8.11876e-10 2.23791e-09 5.87562e-09 1.47047e-08 3.51105e-08 8.00611e-08 1.74537e-07 3.64214e-07 7.28453e-07 1.3984e-06 2.58047e-06 4.58441e-06 7.85408e-06 1.29976e-05 2.08127e-05 3.23028e-05 4.86795e-05 7.13497e-05 0.000101886 0.000141981 0.000193395 0.000257896 0.000337198 0.000432912 0.000546502 0.000679256 0.000832267 0.00100643 0.00120243 0.00142077 0.00166174 0.00192546 0.00221184 0.00252059 0.0028512 0.00320293 0.00357482 0.0039656 0.00437378 0.00479756 0.00523489 0.00568344 0.00614066 0.00660374 0.00706972 0.00753546 0.00799771 0.00845316 0.00889845 0.00933024 0.00974523 0.0101402 0.0105122 0.0108582 0.0111755 0.0114616 0.0117143 0.0119316 0.0121117 0.0122534 0.0123553 0.0124168 0.0124373 0.0124168 0.0123553 0.0122534 0.0121117 0.0119316 0.0117143 0.0114616 0.0111755 0.0108582 0.0105122 0.0101402 0.00974523 0.00933024 0.00889845 0.00845316 0.00799771 0.00753546 0.00706972 0.00660374 0.00614066 0.00568344 0.00523489 0.00479756 0.00437378 0.0039656 0.00357482 0.00320293 0.0028512 0.00252059 0.00221184 0.00192546 0.00166174 0.00142077 0.00120243 0.00100643 0.000832267 0.000679256 0.000546502 0.000432912 0.000337198 0.000257896 0.000193395 0.000141981 0.000101886 7.13497e-05 4.86795e-05 3.23028e-05 2.08127e-05 1.29976e-05 7.85408e-06 4.58441e-06 2.58047e-06 1.3984e-06 7.28453e-07 3.64214e-07 1.74537e-07 8.00611e-08 3.51105e-08 1.47047e-08 5.87562e-09 2.23791e-09 8.11876e-10 2.80347e-10 9.20884e-11 2.87601e-11 8.53603e-12 2.40675e-12 6.44407e-13 1.63798e-13 3.95136e-14 9.04393e-15 1.96345e-15 4.04222e-16 7.88923e-17 1.45927e-17 2.55731e-18 4.24451e-19 6.66964e-20 9.918e-21 1.39504e-21 1.85509e-22 2.33077e-23 2.76509e-24 3.09513e-25 3.26629e-26 3.24672e-27 3.03677e-28 2.66974e-29 2.20331e-30 1.70461e-31 1.23436e-32 8.3517e-34 5.26959e-35 3.09384e-36 1.68604e-37 8.50505e-39 3.95863e-40 1.69286e-41 3.5757e-43 
0 1.62347e-41 3.83786e-40 8.33039e-39 1.66856e-37 3.09384e-36 5.32529e-35 8.53e-34 1.27428e-32 1.77882e-31 2.32439e-30 2.84752e-29 3.27499e-28 3.54062e-27 3.60213e-26 3.45211e-25 3.11923e-24 2.65947e-23 2.14113e-22 1.62881e-21 1.17145e-20 7.96955e-20 5.13091e-19 3.12741e-18 1.80536e-17 9.87355e-17 5.11732e-16 2.51414e-15 1.17117e-14 5.17421e-14 2.1685e-13 8.62319e-13 3.25447e-12 1.16603e-11 3.96726e-11 1.28223e-10 3.9383e-10 1.15005e-09 3.19459e-09 8.44649e-09 2.12719e-08 5.10695e-08 1.16989e-07 2.55981e-07 5.35622e-07 1.07313e-06 2.06157e-06 3.80312e-06 6.74793e-06 1.15348e-05 1.90288e-05 3.03487e-05 4.68793e-05 7.02623e-05 0.000102365 0.000145229 0.000201 0.000271857 0.000359931 0.000467248 0.000595671 0.000746876 0.000922334 0.00112332 0.00135091 0.001606 0.00188932 0.00220144 0.00254274 0.00291338 0.00331332 0.00374223 0.00419947 0.00468405 0.00519463 0.00572946 0.00628638 0.00686284 0.00745591 0.00806232 0.00867848 0.00930054 0.00992443 0.0105459 0.0111608 0.0117646 0.012353 0.0129218 0.0134669 0.0139842 0.01447 0.0149208 0.0153333 0.0157045 0.0160317 0.0163126 0.0165452 0.0167278 0.0168592 0.0169384 0.0169649 0.0169384 0.0168592 0.0167278 0.0165452 0.0163126 0.0160317 0.0157045 0.0153333 0.0149208 0.01447 0.0139842 0.0134669 0.0129218 0.012353 0.0117646 0.0111608 0.0105459 0.00992443 0.00930054 0.00867848 0.00806232 0.00745591 0.00686284 0.00628638 0.00572946 0.00519463 0.00468405 0.00419947 0.00374223 0.00331332 0.00291338 0.00254274 0.00220144 0.00188932 0.001606 0.00135091 0.00112332 0.000922334 0.000746876 0.000595671 0.000467248 0.000359931 0.000271857 0.000201 0.000145229 0.000102365 7.02623e-05 4.68793e-05 3.03487e-05 1.90288e-05 1.15348e-05 6.74793e-06 3.80312e-06 2.06157e-06 1.07313e-06 5.35622e-07 2.55981e-07 1.16989e-07 5.10695e-08 2.12719e-08 8.44649e-09 3.19459e-09 1.15005e-09 3.9383e-10 1.28223e-10 3.96726e-11 1.16603e-11 3.25447e-12 8.62319e-13 2.1685e-13 5.17421e-14 1.17117e-14 2.51414e-15 5.11732e-16 9.87355e-17 1.80536e-17 3.12741e-18 5.13091e-19 7.96955e-20 1.17145e-20 1.62881e-21 2.14113e-22 2.65947e-23 3.11923e-24 3.45211e-25 3.60213e-26 3.54062e-27 3.27499e-28 2.84752e-29 2.32439e-30 1.77882e-31 1.27428e-32 8.53e-34 5.32529e-35 3.09384e-36 1.66856e-37 8.33038e-39 3.83499e-40 8.84847e-42 
0 3.63881e-40 7.9917e-39 1.6172e-37 3.02973e-36 5.26959e-35 8.53e-34 1.28787e-32 1.81713e-31 2.4002e-30 2.97255e-29 3.45646e-28 3.7783e-27 3.88694e-26 3.76701e-25 3.44233e-24 2.9684e-23 2.41722e-22 1.85999e-21 1.35317e-20 9.31234e-20 6.06493e-19 3.73958e-18 2.18375e-17 1.20809e-16 6.33336e-16 3.14711e-15 1.48262e-14 6.62333e-14 2.80635e-13 1.128e-12 4.302e-12 1.55711e-11 5.35008e-11 1.7455e-10 5.40926e-10 1.59289e-09 4.45926e-09 1.18742e-08 3.00948e-08 7.26516e-08 1.67203e-07 3.67208e-07 7.7044e-07 1.54619e-06 2.9722e-06 5.48066e-06 9.71006e-06 1.6557e-05 2.72197e-05 4.32243e-05 6.64254e-05 9.89772e-05 0.000143275 0.000201873 0.000277391 0.000372416 0.000489425 0.000630724 0.000798416 0.000994399 0.00122038 0.0014779 0.00176838 0.00209309 0.0024532 0.00284975 0.00328358 0.00375528 0.00426514 0.00481305 0.00539848 0.00602035 0.00667705 0.00736641 0.00808569 0.00883159 0.00960033 0.0103877 0.011189 0.0119993 0.0128134 0.0136261 0.0144318 0.0152251 0.0160008 0.0167534 0.017478 0.0181696 0.0188236 0.0194357 0.0200019 0.0205185 0.0209823 0.0213902 0.0217397 0.0220286 0.0222552 0.0224181 0.0225162 0.0225489 0.0225162 0.0224181 0.0222552 0.0220286 0.0217397 0.0213902 0.0209823 0.0205185 0.0200019 0.0194357 0.0188236 0.0181696 0.017478 0.0167534 0.0160008 0.0152251 0.0144318 0.0136261 0.0128134 0.0119993 0.011189 0.0103877 0.00960033 0.00883159 0.00808569 0.00736641 0.00667705 0.00602035 0.00539848 0.00481305 0.00426514 0.00375528 0.00328358 0.00284975 0.0024532 0.00209309 0.00176838 0.0014779 0.00122038 0.000994399 0.000798416 0.000630724 0.000489425 0.000372416 0.000277391 0.000201873 0.000143275 9.89772e-05 6.64254e-05 4.32243e-05 2.72197e-05 1.6557e-05 9.71006e-06 5.48066e-06 2.9722e-06 1.54619e-06 7.7044e-07 3.67208e-07 1.67203e-07 7.26516e-08 3.00948e-08 1.18742e-08 4.45926e-09 1.59289e-09 5.40926e-10 1.7455e-10 5.35008e-11 1.55711e-11 4.302e-12 1.128e-12 2.80635e-13 6.62333e-14 1.48262e-14 3.14711e-15 6.33336e-16 1.20809e-16 2.18375e-17 3.73958e-18 6.06493e-19 9.31234e-20 1.35317e-20 1.85999e-21 2.41722e-22 2.9684e-23 3.44233e-24 3.76701e-25 3.88694e-26 3.7783e-27 3.45646e-28 2.97255e-29 2.4002e-30 1.81713e-31 1.28787e-32 8.53e-34 5.26959e-35 3.02973e-36 1.61719e-37 7.98483e-39 2.00425e-40 
0 7.49519e-39 1.53506e-37 2.90546e-36 5.10593e-35 8.3517e-34 1.27428e-32 1.81713e-31 2.42601e-30 3.03709e-29 3.57012e-28 3.94553e-27 4.10401e-26 4.02182e-25 3.7165e-24 3.24108e-23 2.66929e-22 2.07742e-21 1.52869e-20 1.06413e-19 7.01032e-19 4.37236e-18 2.5827e-17 1.44523e-16 7.66335e-16 3.85134e-15 1.83487e-14 8.28843e-14 3.55048e-13 1.44251e-12 5.55952e-12 2.03291e-11 7.05411e-11 2.32332e-10 7.265e-10 2.15754e-09 6.08766e-09 1.63273e-08 4.16479e-08 1.01107e-07 2.33789e-07 5.15371e-07 1.08425e-06 2.17958e-06 4.19211e-06 7.72596e-06 1.36657e-05 2.3239e-05 3.80633e-05 6.01634e-05 9.19513e-05 0.000136165 0.000195776 0.000273866 0.000373513 0.000497685 0.000649165 0.000830526 0.00104413 0.00129218 0.00157676 0.00189989 0.00226355 0.00266969 0.00312021 0.00361682 0.00416102 0.00475393 0.00539619 0.00608785 0.00682826 0.00761604 0.00844902 0.00932428 0.0102381 0.0111862 0.0121635 0.0131645 0.0141834 0.0152139 0.0162495 0.0172836 0.0183098 0.0193214 0.020312 0.0212754 0.0222057 0.0230971 0.0239443 0.0247422 0.0254863 0.0261722 0.0267962 0.0273548 0.0278451 0.0282642 0.0286102 0.0288812 0.0290757 0.0291928 0.0292319 0.0291928 0.0290757 0.0288812 0.0286102 0.0282642 0.0278451 0.0273548 0.0267962 0.0261722 0.0254863 0.0247422 0.0239443 0.0230971 0.0222057 0.0212754 0.020312 0.0193214 0.0183098 0.0172836 0.0162495 0.0152139 0.0141834 0.0131645 0.0121635 0.0111862 0.0102381 0.00932428 0.00844902 0.00761604 0.00682826 0.00608785 0.00539619 0.00475393 0.00416102 0.00361682 0.00312021 0.00266969 0.00226355 0.00189989 0.00157676 0.00129218 0.00104413 0.000830526 0.000649165 0.000497685 0.000373513 0.000273866 0.000195776 0.000136165 9.19513e-05 6.01634e-05 3.80633e-05 2.3239e-05 1.36657e-05 7.72596e-06 4.19211e-06 2.17958e-06 1.08425e-06 5.15371e-07 2.33789e-07 1.01107e-07 4.16479e-08 1.63273e-08 6.08766e-09 2.15754e-09 7.265e-10 2.32332e-10 7.05411e-11 2.03291e-11 5.55952e-12 1.44251e-12 3.55048e-13 8.28843e-14 1.83487e-14 3.85134e-15 7.66335e-16 1.44523e-16 2.5827e-17 4.37236e-18 7.01032e-19 1.06413e-19 1.52869e-20 2.07742e-21 2.66929e-22 3.24108e-23 3.7165e-24 4.02182e-25 4.10401e-26 3.94553e-27 3.57012e-28 3.03709e-29 2.42601e-30 1.81713e-31 1.27428e-32 8.3517e-34 5.10593e-35 2.90546e-36 1.53356e-37 4.17278e-39 
0 1.42393e-37 2.72851e-36 4.84435e-35 8.00616e-34 1.23436e-32 1.77882e-31 2.4002e-30 3.03709e-29 3.60883e-28 4.03189e-27 4.24e-26 4.20116e-25 3.92557e-24 3.46185e-23 2.88331e-22 2.26945e-21 1.68903e-20 1.18919e-19 7.92402e-19 4.99897e-18 2.98671e-17 1.69046e-16 9.06601e-16 4.60801e-15 2.2201e-14 1.01404e-13 4.3916e-13 1.80353e-12 7.02446e-12 2.59503e-11 9.09441e-11 3.02399e-10 9.5422e-10 2.85818e-09 8.12903e-09 2.19619e-08 5.63885e-08 1.37677e-07 3.19881e-07 7.07856e-07 1.49334e-06 3.00698e-06 5.78664e-06 1.06581e-05 1.88189e-05 3.19102e-05 5.20607e-05 8.18849e-05 0.000124429 0.000183068 0.000261361 0.000362903 0.000491187 0.000649511 0.000840947 0.00106836 0.00133447 0.00164197 0.00199358 0.00239212 0.0028405 0.00334167 0.00389848 0.00451358 0.00518914 0.00592677 0.00672727 0.00759056 0.00851553 0.00950007 0.010541 0.0116342 0.0127747 0.0139566 0.0151735 0.0164184 0.0176839 0.0189625 0.0202463 0.0215275 0.0227984 0.0240514 0.0252792 0.0264747 0.0276311 0.028742 0.0298016 0.0308041 0.0317446 0.0326184 0.0334213 0.0341494 0.0347995 0.0353686 0.0358543 0.0362545 0.0365674 0.0367919 0.0369269 0.036972 0.0369269 0.0367919 0.0365674 0.0362545 0.0358543 0.0353686 0.0347995 0.0341494 0.0334213 0.0326184 0.0317446 0.0308041 0.0298016 0.028742 0.0276311 0.0264747 0.0252792 0.0240514 0.0227984 0.0215275 0.0202463 0.0189625 0.0176839 0.0164184 0.0151735 0.0139566 0.0127747 0.0116342 0.010541 0.00950007 0.00851553 0.00759056 0.00672727 0.00592677 0.00518914 0.00451358 0.00389848 0.00334167 0.0028405 0.00239212 0.00199358 0.00164197 0.00133447 0.00106836 0.000840947 0.000649511 0.000491187 0.000362903 0.000261361 0.000183068 0.000124429 8.18849e-05 5.20607e-05 3.19102e-05 1.88189e-05 1.06581e-05 5.78664e-06 3.00698e-06 1.49334e-06 7.07856e-07 3.19881e-07 1.37677e-07 5.63885e-08 2.19619e-08 8.12903e-09 2.85818e-09 9.5422e-10 3.02399e-10 9.09441e-11 2.59503e-11 7.02446e-12 1.80353e-12 4.3916e-13 1.01404e-13 2.2201e-14 4.60801e-15 9.06601e-16 1.69046e-16 2.98671e-17 4.99897e-18 7.92402e-19 1.18919e-19 1.68903e-20 2.26945e-21 2.88331e-22 3.46185e-23 3.92557e-24 4.20116e-25 4.24e-26 4.03189e-27 3.60883e-28 3.03709e-29 2.4002e-30 1.77882e-31 1.23436e-32 8.00616e-34 4.84434e-35 2.72549e-36 8.01432e-38 
0 2.50296e-36 4.5004e-35 7.51439e-34 1.17059e-32 1.70461e-31 2.32439e-30 2.97255e-29 3.57012e-28 4.03189e-27 4.28633e-26 4.2938e-25 4.05659e-24 3.61729e-23 3.04657e-22 2.425e-21 1.82524e-20 1.2997e-19 8.75916e-19 5.58894e-18 3.37736e-17 1.93338e-16 1.04868e-15 5.39057e-15 2.62636e-14 1.21297e-13 5.31096e-13 2.20472e-12 8.67814e-12 3.23912e-11 1.14655e-10 3.84921e-10 1.22581e-09 3.70361e-09 1.0619e-08 2.89027e-08 7.47066e-08 1.83471e-07 4.28387e-07 9.51702e-07 2.01354e-06 4.06148e-06 7.82028e-06 1.43945e-05 2.53695e-05 4.28886e-05 6.96843e-05 0.000109044 0.000164708 0.000240706 0.000341167 0.000470144 0.000631487 0.000828789 0.00106543 0.00134469 0.00166986 0.00204445 0.00247221 0.00295715 0.0035035 0.00411549 0.00479714 0.00555196 0.00638271 0.00729115 0.00827783 0.00934202 0.0104816 0.0116933 0.0129724 0.0143131 0.0157088 0.017152 0.0186346 0.020148 0.0216834 0.0232318 0.0247841 0.0263313 0.0278646 0.0293755 0.0308559 0.0322978 0.0336939 0.0350372 0.0363213 0.0375403 0.0386888 0.0397618 0.040755 0.0416645 0.0424868 0.0432189 0.0438583 0.0444028 0.0448506 0.0452004 0.0454509 0.0456016 0.0456519 0.0456016 0.0454509 0.0452004 0.0448506 0.0444028 0.0438583 0.0432189 0.0424868 0.0416645 0.040755 0.0397618 0.0386888 0.0375403 0.0363213 0.0350372 0.0336939 0.0322978 0.0308559 0.0293755 0.0278646 0.0263313 0.0247841 0.0232318 0.0216834 0.020148 0.0186346 0.017152 0.0157088 0.0143131 0.0129724 0.0116933 0.0104816 0.00934202 0.00827783 0.00729115 0.00638271 0.00555196 0.00479714 0.00411549 0.0035035 0.00295715 0.00247221 0.00204445 0.00166986 0.00134469 0.00106543 0.000828789 0.000631487 0.000470144 0.000341167 0.000240706 0.000164708 0.000109044 6.96843e-05 4.28886e-05 2.53695e-05 1.43945e-05 7.82028e-06 4.06148e-06 2.01354e-06 9.51702e-07 4.28387e-07 1.83471e-07 7.47066e-08 2.89027e-08 1.0619e-08 3.70361e-09 1.22581e-09 3.84921e-10 1.14655e-10 3.23912e-11 8.67814e-12 2.20472e-12 5.31096e-13 1.21297e-13 2.62636e-14 5.39057e-15 1.04868e-15 1.93338e-16 3.37736e-17 5.58894e-18 8.75916e-19 1.2997e-19 1.82524e-20 2.425e-21 3.04657e-22 3.61729e-23 4.05659e-24 4.2938e-25 4.28633e-26 4.03189e-27 3.57012e-28 2.97255e-29 2.32439e-30 1.70461e-31 1.17059e-32 7.51437e-34 4.4948e-35 1.42448e-36 
0 4.08217e-35 6.90516e-34 1.08678e-32 1.59903e-31 2.20331e-30 2.84752e-29 3.45646e-28 3.94553e-27 4.24e-26 4.2938e-25 4.10122e-24 3.6976e-23 3.14891e-22 2.53455e-21 1.92919e-20 1.38925e-19 9.46887e-19 6.11047e-18 3.73453e-17 2.16217e-16 1.18609e-15 6.16586e-15 3.03785e-14 1.41866e-13 6.27999e-13 2.63529e-12 1.04835e-11 3.95366e-11 1.41361e-10 4.79203e-10 1.54027e-09 4.69478e-09 1.3572e-08 3.72206e-08 9.68656e-08 2.39323e-07 5.61647e-07 1.25285e-06 2.65863e-06 5.37253e-06 1.03511e-05 1.9041e-05 3.34959e-05 5.64521e-05 9.1334e-05 0.00014217 0.000213423 0.00030976 0.000435827 0.000596057 0.000794601 0.00103536 0.00132214 0.00165887 0.00204981 0.0024997 0.0030138 0.00359775 0.0042574 0.00499839 0.00582582 0.00674383 0.00775528 0.00886155 0.0100623 0.0113556 0.0127377 0.0142036 0.0157467 0.0173595 0.0190335 0.0207594 0.0225275 0.0243276 0.0261495 0.0279829 0.0298173 0.0316428 0.0334495 0.0352279 0.036969 0.0386642 0.0403057 0.041886 0.0433984 0.0448366 0.0461953 0.0474693 0.0486546 0.0497471 0.0507438 0.0516419 0.052439 0.0531332 0.053723 0.0542071 0.0545846 0.0548547 0.055017 0.0550711 0.055017 0.0548547 0.0545846 0.0542071 0.053723 0.0531332 0.052439 0.0516419 0.0507438 0.0497471 0.0486546 0.0474693 0.0461953 0.0448366 0.0433984 0.041886 0.0403057 0.0386642 0.036969 0.0352279 0.0334495 0.0316428 0.0298173 0.0279829 0.0261495 0.0243276 0.0225275 0.0207594 0.0190335 0.0173595 0.0157467 0.0142036 0.0127377 0.0113556 0.0100623 0.00886155 0.00775528 0.00674383 0.00582582 0.00499839 0.0042574 0.00359775 0.0030138 0.0024997 0.00204981 0.00165887 0.00132214 0.00103536 0.000794601 0.000596057 0.000435827 0.00030976 0.000213423 0.00014217 9.1334e-05 5.64521e-05 3.34959e-05 1.9041e-05 1.03511e-05 5.37253e-06 2.65863e-06 1.25285e-06 5.61647e-07 2.39323e-07 9.68656e-08 3.72206e-08 1.3572e-08 4.69478e-09 1.54027e-09 4.79203e-10 1.41361e-10 3.95366e-11 1.04835e-11 2.63529e-12 6.27999e-13 1.41866e-13 3.03785e-14 6.16586e-15 1.18609e-15 2.16217e-16 3.73453e-17 6.11047e-18 9.46887e-19 1.38925e-19 1.92919e-20 2.53455e-21 3.14891e-22 3.6976e-23 4.10122e-24 4.2938e-25 4.24e-26 3.94553e-27 3.45646e-28 2.84752e-29 2.20331e-30 1.59903e-31 1.08677e-32 6.89558e-34 2.34968e-35 
0 6.19257e-34 9.87745e-33 1.46833e-31 2.04428e-30 2.66974e-29 3.27499e-28 3.7783e-27 4.10401e-26 4.20116e-25 4.05659e-24 3.6976e-23 3.18378e-22 2.59116e-21 1.99436e-20 1.45234e-19 1.00106e-18 6.53319e-18 4.03815e-17 2.36446e-16 1.31176e-15 6.8961e-15 3.4358e-14 1.62239e-13 7.26109e-13 3.08016e-12 1.23843e-11 4.7194e-11 1.70458e-10 5.83522e-10 1.89327e-09 5.82241e-09 1.69732e-08 4.69095e-08 1.22939e-07 3.05628e-07 7.21043e-07 1.61528e-06 3.43857e-06 6.96238e-06 1.3424e-05 2.46801e-05 4.33356e-05 7.28083e-05 0.000117291 0.000181596 0.000270904 0.00039047 0.000545362 0.000740322 0.000979785 0.00126806 0.00160964 0.00200949 0.00247332 0.00300766 0.00361974 0.00431716 0.00510747 0.00599757 0.00699324 0.00809866 0.00931615 0.0106459 0.0120862 0.0136331 0.0152811 0.017023 0.0188505 0.020754 0.0227232 0.0247473 0.0268147 0.028914 0.0310333 0.0331608 0.0352849 0.0373943 0.039478 0.0415254 0.0435268 0.0454728 0.047355 0.0491656 0.0508976 0.0525451 0.0541026 0.0555655 0.05693 0.0581928 0.0593513 0.0604035 0.0613476 0.0621826 0.0629074 0.0635214 0.0640242 0.0644155 0.0646951 0.0648629 0.0649188 0.0648629 0.0646951 0.0644155 0.0640242 0.0635214 0.0629074 0.0621826 0.0613476 0.0604035 0.0593513 0.0581928 0.05693 0.0555655 0.0541026 0.0525451 0.0508976 0.0491656 0.047355 0.0454728 0.0435268 0.0415254 0.039478 0.0373943 0.0352849 0.0331608 0.0310333 0.028914 0.0268147 0.0247473 0.0227232 0.020754 0.0188505 0.017023 0.0152811 0.0136331 0.0120862 0.0106459 0.00931615 0.00809866 0.00699324 0.00599757 0.00510747 0.00431716 0.00361974 0.00300766 0.00247332 0.00200949 0.00160964 0.00126806 0.000979785 0.000740322 0.000545362 0.00039047 0.000270904 0.000181596 0.000117291 7.28083e-05 4.33356e-05 2.46801e-05 1.3424e-05 6.96238e-06 3.43857e-06 1.61528e-06 7.21043e-07 3.05628e-07 1.22939e-07 4.69095e-08 1.69732e-08 5.82241e-09 1.89327e-09 5.83522e-10 1.70458e-10 4.7194e-11 1.23843e-11 3.08016e-12 7.26109e-13 1.62239e-13 3.4358e-14 6.8961e-15 1.31176e-15 2.36446e-16 4.03815e-17 6.53319e-18 1.00106e-18 1.45234e-19 1.99436e-20 2.59116e-21 3.18378e-22 3.6976e-23 4.05659e-24 4.20116e-25 4.10401e-26 3.7783e-27 3.27499e-28 2.66974e-29 2.04428e-30 1.46832e-31 9.86223e-33 3.60578e-34 
0 8.75678e-33 1.31981e-31 1.85651e-30 2.4498e-29 3.03677e-28 3.54062e-27 3.88694e-26 4.02182e-25 3.92557e-24 3.61729e-23 3.14891e-22 2.59116e-21 2.01657e-20 1.48495e-19 1.03504e-18 6.83107e-18 4.26997e-17 2.52847e-16 1.41859e-15 7.54183e-15 3.79971e-14 1.81425e-13 8.20951e-13 3.52052e-12 1.43069e-11 5.5095e-11 2.01038e-10 6.95048e-10 2.27668e-09 7.06523e-09 2.07727e-08 5.78663e-08 1.52751e-07 3.82178e-07 9.06606e-07 2.04009e-06 4.35756e-06 8.84228e-06 1.70639e-05 3.13585e-05 5.4965e-05 9.20632e-05 0.000147672 0.000227404 0.000337115 0.000482557 0.000669126 0.000901818 0.00118542 0.00152488 0.00192576 0.00239464 0.00293924 0.00356842 0.0042917 0.00511871 0.00605846 0.0071186 0.0083049 0.00962081 0.0110673 0.0126428 0.0143435 0.0161635 0.0180952 0.0201295 0.0222561 0.0244637 0.0267403 0.0290731 0.0314491 0.0338549 0.0362768 0.0387014 0.0411154 0.0435059 0.0458604 0.0481674 0.050416 0.0525964 0.0546996 0.056718 0.0586446 0.0604739 0.0622011 0.0638224 0.065335 0.0667366 0.0680259 0.0692019 0.0702643 0.071213 0.0720482 0.0727705 0.0733802 0.0738781 0.0742647 0.0745404 0.0747057 0.0747607 0.0747057 0.0745404 0.0742647 0.0738781 0.0733802 0.0727705 0.0720482 0.071213 0.0702643 0.0692019 0.0680259 0.0667366 0.065335 0.0638224 0.0622011 0.0604739 0.0586446 0.056718 0.0546996 0.0525964 0.050416 0.0481674 0.0458604 0.0435059 0.0411154 0.0387014 0.0362768 0.0338549 0.0314491 0.0290731 0.0267403 0.0244637 0.0222561 0.0201295 0.0180952 0.0161635 0.0143435 0.0126428 0.0110673 0.00962081 0.0083049 0.0071186 0.00605846 0.00511871 0.0042917 0.00356842 0.00293924 0.00239464 0.00192576 0.00152488 0.00118542 0.000901818 0.000669126 0.000482557 0.000337115 0.000227404 0.000147672 9.20632e-05 5.4965e-05 3.13585e-05 1.70639e-05 8.84228e-06 4.35756e-06 2.04009e-06 9.06606e-07 3.82178e-07 1.52751e-07 5.78663e-08 2.07727e-08 7.06523e-09 2.27668e-09 6.95048e-10 2.01038e-10 5.5095e-11 1.43069e-11 3.52052e-12 8.20951e-13 1.81425e-13 3.79971e-14 7.54183e-15 1.41859e-15 2.52847e-16 4.26997e-17 6.83107e-18 1.03504e-18 1.48495e-19 2.01657e-20 2.59116e-21 3.14891e-22 3.61729e-23 3.92557e-24 4.02182e-25 3.88694e-26 3.54062e-27 3.03677e-28 2.4498e-29 1.8565e-30 1.31756e-31 5.15919e-33 
0 1.15653e-31 1.65018e-30 2.20009e-29 2.75569e-28 3.24672e-27 3.60213e-26 3.76701e-25 3.7165e-24 3.46185e-23 3.04657e-22 2.53455e-21 1.99436e-20 1.48495e-19 1.04662e-18 6.98505e-18 4.41537e-17 2.64405e-16 1.50017e-15 8.06536e-15 4.10909e-14 1.98387e-13 9.07653e-13 3.93498e-12 1.6164e-11 6.29066e-11 2.31919e-10 8.09878e-10 2.67853e-09 8.38924e-09 2.48811e-08 6.98759e-08 1.85828e-07 4.68031e-07 1.11666e-06 2.52468e-06 5.41218e-06 1.10088e-05 2.12684e-05 3.90756e-05 6.83806e-05 0.000114194 0.000182397 0.000279381 0.000411604 0.000585202 0.000805809 0.00107869 0.00140916 0.00180319 0.00226798 0.00281232 0.00344657 0.00418224 0.00503123 0.00600489 0.00711309 0.00836345 0.00976082 0.0113071 0.0130014 0.01484 0.0168169 0.0189244 0.0211529 0.0234915 0.0259281 0.0284495 0.0310418 0.03369 0.0363789 0.0390925 0.041815 0.0445307 0.047224 0.0498802 0.0524855 0.0550271 0.0574933 0.0598741 0.0621606 0.0643454 0.0664225 0.0683872 0.070236 0.0719665 0.0735774 0.0750683 0.0764394 0.0776915 0.0788259 0.0798442 0.0807483 0.0815401 0.0822216 0.0827946 0.0832609 0.0836219 0.0838789 0.0840327 0.0840839 0.0840327 0.0838789 0.0836219 0.0832609 0.0827946 0.0822216 0.0815401 0.0807483 0.0798442 0.0788259 0.0776915 0.0764394 0.0750683 0.0735774 0.0719665 0.070236 0.0683872 0.0664225 0.0643454 0.0621606 0.0598741 0.0574933 0.0550271 0.0524855 0.0498802 0.047224 0.0445307 0.041815 0.0390925 0.0363789 0.03369 0.0310418 0.0284495 0.0259281 0.0234915 0.0211529 0.0189244 0.0168169 0.01484 0.0130014 0.0113071 0.00976082 0.00836345 0.00711309 0.00600489 0.00503123 0.00418224 0.00344657 0.00281232 0.00226798 0.00180319 0.00140916 0.00107869 0.000805809 0.000585202 0.000411604 0.000279381 0.000182397 0.000114194 6.83806e-05 3.90756e-05 2.12684e-05 1.10088e-05 5.41218e-06 2.52468e-06 1.11666e-06 4.68031e-07 1.85828e-07 6.98759e-08 2.48811e-08 8.38924e-09 2.67853e-09 8.09878e-10 2.31919e-10 6.29066e-11 1.6164e-11 3.93498e-12 9.07653e-13 1.98387e-13 4.10909e-14 8.06536e-15 1.50017e-15 2.64405e-16 4.41537e-17 6.98505e-18 1.04662e-18 1.48495e-19 1.99436e-20 2.53455e-21 3.04657e-22 3.46185e-23 3.7165e-24 3.76701e-25 3.60213e-26 3.24672e-27 2.75569e-28 2.20007e-29 1.64709e-30 6.89616e-32 
0 1.42912e-30 1.93366e-29 2.44713e-28 2.91331e-27 3.26629e-26 3.45211e-25 3.44233e-24 3.24108e-23 2.88331e-22 2.425e-21 1.92919e-20 1.45234e-19 1.03504e-18 6.98505e-18 4.46493e-17 2.7038e-16 1.55134e-15 8.43433e-15 4.34532e-14 2.12138e-13 9.81343e-13 4.30126e-12 1.78605e-11 7.02515e-11 2.61706e-10 9.23197e-10 3.08334e-09 9.74818e-09 2.917e-08 8.2606e-08 2.21373e-07 5.61416e-07 1.34755e-06 3.06206e-06 6.58992e-06 1.34406e-05 2.60025e-05 4.77737e-05 8.34844e-05 0.000139028 0.000221158 0.000336996 0.000493494 0.000697057 0.000953509 0.00126848 0.00164815 0.00210003 0.00263363 0.00326058 0.0039943 0.00484907 0.00583883 0.00697599 0.00827037 0.00972862 0.0113539 0.0131461 0.0151022 0.0172164 0.0194811 0.0218866 0.0244217 0.0270737 0.0298285 0.0326704 0.0355827 0.0385476 0.0415464 0.0445602 0.0475702 0.0505578 0.0535052 0.056396 0.0592151 0.0619488 0.0645854 0.0671151 0.0695297 0.071823 0.0739903 0.0760285 0.0779361 0.0797127 0.081359 0.0828766 0.0842679 0.0855359 0.0866838 0.0877153 0.0886341 0.0894441 0.0901489 0.090752 0.0912565 0.0916652 0.0919805 0.0922044 0.0923381 0.0923826 0.0923381 0.0922044 0.0919805 0.0916652 0.0912565 0.090752 0.0901489 0.0894441 0.0886341 0.0877153 0.0866838 0.0855359 0.0842679 0.0828766 0.081359 0.0797127 0.0779361 0.0760285 0.0739903 0.071823 0.0695297 0.0671151 0.0645854 0.0619488 0.0592151 0.056396 0.0535052 0.0505578 0.0475702 0.0445602 0.0415464 0.0385476 0.0355827 0.0326704 0.0298285 0.0270737 0.0244217 0.0218866 0.0194811 0.0172164 0.0151022 0.0131461 0.0113539 0.00972862 0.00827037 0.00697599 0.00583883 0.00484907 0.0039943 0.00326058 0.00263363 0.00210003 0.00164815 0.00126848 0.000953509 0.000697057 0.000493494 0.000336996 0.000221158 0.000139028 8.34844e-05 4.77737e-05 2.60025e-05 1.34406e-05 6.58992e-06 3.06206e-06 1.34755e-06 5.61416e-07 2.21373e-07 8.2606e-08 2.917e-08 9.74818e-09 3.08334e-09 9.23197e-10 2.61706e-10 7.02515e-11 1.78605e-11 4.30126e-12 9.81343e-13 2.12138e-13 4.34532e-14 8.43433e-15 1.55134e-15 2.7038e-16 4.46493e-17 6.98505e-18 1.03504e-18 1.45234e-19 1.92919e-20 2.425e-21 2.88331e-22 3.24108e-23 3.44233e-24 3.45211e-25 3.26629e-26 2.91331e-27 2.4471e-28 1.92969e-29 8.62654e-31 
0 1.65484e-29 2.1265e-28 2.55796e-27 2.89792e-26 3.09513e-25 3.11923e-24 2.9684e-23 2.66929e-22 2.26945e-21 1.82524e-20 1.38925e-19 1.00106e-18 6.83107e-18 4.41537e-17 2.7038e-16 1.56878e-15 8.62508e-15 4.4935e-14 2.21828e-13 1.0376e-12 4.59807e-12 1.93016e-11 7.67372e-11 2.88886e-10 1.02958e-09 3.47299e-09 1.10855e-08 3.34753e-08 9.56134e-08 2.58271e-07 6.59714e-07 1.59354e-06 3.64049e-06 7.86819e-06 1.60966e-05 3.11946e-05 5.73312e-05 0.000100074 0.000166233 0.000263418 0.000399402 0.00058151 0.000816314 0.00110984 0.00146832 0.00189923 0.00241231 0.00302003 0.00373744 0.00458113 0.00556786 0.00671292 0.00802879 0.0095243 0.0112043 0.0130699 0.015119 0.0173466 0.0197455 0.0223065 0.0250185 0.0278684 0.0308409 0.033919 0.0370835 0.0403136 0.0435876 0.0468827 0.0501764 0.0534464 0.0566715 0.0598321 0.0629104 0.0658907 0.0687594 0.0715055 0.07412 0.0765963 0.0789298 0.081118 0.0831598 0.0850559 0.0868083 0.0884201 0.0898953 0.0912387 0.0924555 0.0935514 0.0945323 0.0954041 0.0961725 0.0968432 0.0974213 0.0979119 0.0983193 0.0986472 0.0988988 0.0990767 0.0991828 0.099218 0.0991828 0.0990767 0.0988988 0.0986472 0.0983193 0.0979119 0.0974213 0.0968432 0.0961725 0.0954041 0.0945323 0.0935514 0.0924555 0.0912387 0.0898953 0.0884201 0.0868083 0.0850559 0.0831598 0.081118 0.0789298 0.0765963 0.07412 0.0715055 0.0687594 0.0658907 0.0629104 0.0598321 0.0566715 0.0534464 0.0501764 0.0468827 0.0435876 0.0403136 0.0370835 0.033919 0.0308409 0.0278684 0.0250185 0.0223065 0.0197455 0.0173466 0.015119 0.0130699 0.0112043 0.0095243 0.00802879 0.00671292 0.00556786 0.00458113 0.00373744 0.00302003 0.00241231 0.00189923 0.00146832 0.00110984 0.000816314 0.00058151 0.000399402 0.000263418 0.000166233 0.000100074 5.73312e-05 3.11946e-05 1.60966e-05 7.86819e-06 3.64049e-06 1.59354e-06 6.59714e-07 2.58271e-07 9.56134e-08 3.34753e-08 1.10855e-08 3.47299e-09 1.02958e-09 2.88886e-10 7.67372e-11 1.93016e-11 4.59807e-12 1.0376e-12 2.21828e-13 4.4935e-14 8.62508e-15 1.56878e-15 2.7038e-16 4.41537e-17 6.83107e-18 1.00106e-18 1.38925e-19 1.82524e-20 2.26945e-21 2.66929e-22 2.9684e-23 3.11923e-24 3.09513e-25 2.89792e-26 2.55793e-27 2.12175e-28 1.01147e-29 
0 1.79815e-28 2.19755e-27 2.51559e-26 2.71499e-25 2.76509e-24 2.65947e-23 2.41722e-22 2.07742e-21 1.68903e-20 1.2997e-19 9.46887e-19 6.53319e-18 4.26997e-17 2.64405e-16 1.55134e-15 8.62508e-15 4.544e-14 2.26838e-13 1.07288e-12 4.80719e-12 2.04013e-11 8.19896e-11 3.11953e-10 1.12339e-09 3.8279e-09 1.23381e-08 3.76065e-08 1.08364e-07 2.95125e-07 7.59527e-07 1.84692e-06 4.24355e-06 9.21427e-06 1.89153e-05 3.67348e-05 6.7561e-05 0.000117842 0.000195318 0.000308417 0.000465465 0.000674035 0.000940799 0.00127209 0.00167506 0.00215912 0.00273691 0.00342452 0.00424063 0.00520485 0.0063357 0.0076488 0.0091557 0.0108634 0.0127747 0.0148889 0.0172021 0.0197083 0.0223991 0.025264 0.0282898 0.0314604 0.0347571 0.0381582 0.0416396 0.0451757 0.0487394 0.0523041 0.0558432 0.0593317 0.0627466 0.0660669 0.0692746 0.0723541 0.0752928 0.0780808 0.0807107 0.0831779 0.0854799 0.0876163 0.0895886 0.0914 0.093055 0.0945593 0.0959195 0.0971431 0.0982379 0.099212 0.100074 0.100831 0.101493 0.102065 0.102557 0.102974 0.103323 0.103609 0.103836 0.104009 0.10413 0.104202 0.104225 0.104202 0.10413 0.104009 0.103836 0.103609 0.103323 0.102974 0.102557 0.102065 0.101493 0.100831 0.100074 0.099212 0.0982379 0.0971431 0.0959195 0.0945593 0.093055 0.0914 0.0895886 0.0876163 0.0854799 0.0831779 0.0807107 0.0780808 0.0752928 0.0723541 0.0692746 0.0660669 0.0627466 0.0593317 0.0558432 0.0523041 0.0487394 0.0451757 0.0416396 0.0381582 0.0347571 0.0314604 0.0282898 0.025264 0.0223991 0.0197083 0.0172021 0.0148889 0.0127747 0.0108634 0.0091557 0.0076488 0.0063357 0.00520485 0.00424063 0.00342452 0.00273691 0.00215912 0.00167506 0.00127209 0.000940799 0.000674035 0.000465465 0.000308417 0.000195318 0.000117842 6.7561e-05 3.67348e-05 1.89153e-05 9.21427e-06 4.24355e-06 1.84692e-06 7.59527e-07 2.95125e-07 1.08364e-07 3.76065e-08 1.23381e-08 3.8279e-09 1.12339e-09 3.11953e-10 8.19896e-11 2.04013e-11 4.80719e-12 1.07288e-12 2.26838e-13 4.544e-14 8.62508e-15 1.55134e-15 2.64405e-16 4.26997e-17 6.53319e-18 9.46887e-19 1.2997e-19 1.68903e-20 2.07742e-21 2.41722e-22 2.65947e-23 2.76509e-24 2.71499e-25 2.51556e-26 2.19221e-27 1.11318e-28 
