0 0 0 0 0 0 0 0 0 0 0 0 0 0 0 0 0 0 0 0 0 0 0 0 0 0 0 0 0 0 0 0 0 0 0 0 0 0 0 0 0 0 0 0 0 0 0 0 0 0 0 0 0 0 0 0 0 0 0 0 0 0 0 0 0 0 0 0 0 0 0 0 0 0 0 0 0 0 0 0 0 0 0 0 0 0 0 0 0 0 0 0 0 0 0 0 0 0 0 0 0 0 0 0 0 0 0 0 0 0 0 0 0 0 0 0 0 0 0 0 0 0 0 0 0 0 0 0 0 0 0 0 0 0 0 0 0 0 0 0 0 0 0 0 0 0 0 0 0 0 0 0 0 0 0 0 0 0 0 0 0 0 0 0 0 0 0 0 0 0 0 0 0 0 0 0 0 0 0 0 0 0 0 0 0 0 0 0 0 0 0 0 0 0 0 0 0 0 0 0 
0 8.0157e-34 1.10113e-32 1.41662e-31 1.71652e-30 1.96129e-29 2.11538e-28 2.15575e-27 2.0775e-26 1.89476e-25 1.63656e-24 1.33952e-23 1.03954e-22 7.65299e-22 5.34693e-21 3.54678e-20 2.23445e-19 1.33736e-18 7.6065e-18 4.11228e-17 2.11365e-16 1.03304e-15 4.80188e-15 2.12314e-14 8.93064e-14 3.57426e-13 1.36129e-12 4.93454e-12 1.70273e-11 5.59414e-11 1.7503e-10 5.21673e-10 1.48161e-09 4.01134e-09 1.03576e-08 2.55201e-08 6.00384e-08 1.34963e-07 2.90133e-07 5.97016e-07 1.17715e-06 2.22656e-06 4.04519e-06 7.06859e-06 1.18971e-05 1.93164e-05 3.03027e-05 4.60069e-05 6.77163e-05 9.67947e-05 0.000134608 0.000182446 0.000241453 0.000312579 0.000396557 0.000493915 0.000605015 0.000730112 0.000869422 0.00102318 0.00119171 0.0013754 0.00157474 0.00179025 0.00202247 0.00227181 0.00253857 0.00282276 0.00312414 0.00344211 0.00377571 0.00412364 0.00448427 0.00485566 0.00523565 0.0056219 0.00601196 0.00640332 0.00679347 0.00717998 0.00756051 0.00793284 0.00829493 0.00864492 0.00898111 0.00930203 0.00960635 0.00989297 0.0101609 0.0104094 0.0106378 0.0108455 0.0110321 0.0111973 0.0113409 0.0114626 0.0115623 0.0116399 0.0116954 0.0117288 0.0117399 0.0117288 0.0116954 0.0116399 0.0115623 0.0114626 0.0113409 0.0111973 0.0110321 0.0108455 0.0106378 0.0104094 0.0101609 0.00989297 0.00960635 0.00930203 0.00898111 0.00864492 0.00829493 0.00793284 0.00756051 0.00717998 0.00679347 0.00640332 0.00601196 0.0056219 0.00523565 0.00485566 0.00448427 0.00412364 0.00377571 0.00344211 0.00312414 0.00282276 0.00253857 0.00227181 0.00202247 0.00179025 0.00157474 0.0013754 0.00119171 0.00102318 0.000869422 0.000730112 0.000605015 0.000493915 0.000396557 0.000312579 0.000241453 0.000182446 0.000134608 9.67947e-05 6.77163e-05 4.60069e-05 3.03027e-05 1.93164e-05 1.18971e-05 7.06859e-06 4.04519e-06 2.22656e-06 1.17715e-06 5.97016e-07 2.90133e-07 1.34963e-07 6.00384e-08 2.55201e-08 1.03576e-08 4.01134e-09 1.48161e-09 5.21673e-10 1.7503e-10 5.59414e-11 1.70273e-11 4.93454e-12 1.36129e-12 3.57426e-13 8.93064e-14 2.12314e-14 4.80188e-15 1.03304e-15 2.11365e-16 4.11228e-17 7.6065e-18 1.33736e-18 2.23445e-19 3.54678e-20 5.34693e-21 7.65299e-22 1.03954e-22 1.33952e-23 1.63656e-24 1.89476e-25 2.0775e-26 2.15575e-27 2.11538e-28 1.96129e-29 1.71652e-30 1.4166e-31 1.09868e-32 4.45684e-34 
0 1.10113e-32 1.43869e-31 1.76205e-30 2.0352e-29 2.21921e-28 2.28669e-27 2.22844e-26 2.05548e-25 1.79575e-24 1.48685e-23 1.16739e-22 8.69574e-22 6.14799e-21 4.12727e-20 2.63175e-19 1.59445e-18 9.18074e-18 5.02508e-17 2.61514e-16 1.29423e-15 6.09205e-15 2.72777e-14 1.16199e-13 4.70978e-13 1.8166e-12 6.66861e-12 2.3302e-11 7.75185e-11 2.45562e-10 7.4091e-10 2.12983e-09 5.83513e-09 1.52429e-08 3.79852e-08 9.03543e-08 2.05291e-07 4.4589e-07 9.2665e-07 1.8445e-06 3.52058e-06 6.45156e-06 1.13664e-05 1.92807e-05 3.15385e-05 4.98291e-05 7.61709e-05 0.000112856 0.000162356 0.000227207 0.000309878 0.000412655 0.000537554 0.000686275 0.000860213 0.0010605 0.00128809 0.00154387 0.00182871 0.00214356 0.00248945 0.00286748 0.00327874 0.00372421 0.00420466 0.0047205 0.00527168 0.0058576 0.00647701 0.00712804 0.00780819 0.00851434 0.00924286 0.00998968 0.0107504 0.0115204 0.012295 0.0130693 0.0138388 0.0145989 0.0153453 0.0160739 0.0167812 0.0174636 0.0181182 0.0187422 0.0193333 0.0198895 0.0204091 0.0208906 0.0213328 0.0217348 0.0220959 0.0224154 0.0226929 0.0229282 0.0231209 0.0232709 0.0233781 0.0234424 0.0234639 0.0234424 0.0233781 0.0232709 0.0231209 0.0229282 0.0226929 0.0224154 0.0220959 0.0217348 0.0213328 0.0208906 0.0204091 0.0198895 0.0193333 0.0187422 0.0181182 0.0174636 0.0167812 0.0160739 0.0153453 0.0145989 0.0138388 0.0130693 0.012295 0.0115204 0.0107504 0.00998968 0.00924286 0.00851434 0.00780819 0.00712804 0.00647701 0.0058576 0.00527168 0.0047205 0.00420466 0.00372421 0.00327874 0.00286748 0.00248945 0.00214356 0.00182871 0.00154387 0.00128809 0.0010605 0.000860213 0.000686275 0.000537554 0.000412655 0.000309878 0.000227207 0.000162356 0.000112856 7.61709e-05 4.98291e-05 3.15385e-05 1.92807e-05 1.13664e-05 6.45156e-06 3.52058e-06 1.8445e-06 9.2665e-07 4.4589e-07 2.05291e-07 9.03543e-08 3.79852e-08 1.52429e-08 5.83513e-09 2.12983e-09 7.4091e-10 2.45562e-10 7.75185e-11 2.3302e-11 6.66861e-12 1.8166e-12 4.70978e-13 1.16199e-13 2.72777e-14 6.09205e-15 1.29423e-15 2.61514e-16 5.02508e-17 9.18074e-18 1.59445e-18 2.63175e-19 4.12727e-20 6.14799e-21 8.69574e-22 1.16739e-22 1.48685e-23 1.79575e-24 2.05548e-25 2.22844e-26 2.28669e-27 2.21921e-28 2.0352e-29 1.76203e-30 1.43519e-31 6.1925e-33 
0 1.41662e-31 1.76205e-30 2.05596e-29 2.26483e-28 2.35777e-27 2.32159e-26 2.16379e-25 1.91026e-24 1.59839e-23 1.2683e-22 9.54835e-22 6.82313e-21 4.62974e-20 2.98394e-19 1.82732e-18 1.06349e-17 5.88368e-17 3.09483e-16 1.54799e-15 7.36379e-15 3.33187e-14 1.43408e-13 5.87218e-13 2.28774e-12 8.48084e-12 2.99186e-11 1.00455e-10 3.21069e-10 9.77017e-10 2.83133e-09 7.81612e-09 2.0562e-08 5.15713e-08 1.23383e-07 2.81764e-07 6.14652e-07 1.28194e-06 2.55883e-06 4.89375e-06 8.9788e-06 1.58263e-05 2.68398e-05 4.38659e-05 6.92109e-05 0.000105611 0.000156154 0.000224156 0.000313017 0.000426071 0.000566462 0.000737068 0.000940478 0.00117903 0.00145487 0.00177008 0.00212673 0.00252695 0.00297293 0.00346688 0.00401091 0.00460692 0.00525642 0.00596036 0.00671901 0.00753181 0.00839732 0.00931321 0.0102762 0.0112823 0.0123266 0.0134036 0.0145075 0.0156318 0.01677 0.0179154 0.0190615 0.0202015 0.0213293 0.0224388 0.0235243 0.0245806 0.0256029 0.0265867 0.0275281 0.0284238 0.0292706 0.0300661 0.0308081 0.0314948 0.0321247 0.0326968 0.0332101 0.0336639 0.0340578 0.0343915 0.0346646 0.0348772 0.0350291 0.0351202 0.0351506 0.0351202 0.0350291 0.0348772 0.0346646 0.0343915 0.0340578 0.0336639 0.0332101 0.0326968 0.0321247 0.0314948 0.0308081 0.0300661 0.0292706 0.0284238 0.0275281 0.0265867 0.0256029 0.0245806 0.0235243 0.0224388 0.0213293 0.0202015 0.0190615 0.0179154 0.01677 0.0156318 0.0145075 0.0134036 0.0123266 0.0112823 0.0102762 0.00931321 0.00839732 0.00753181 0.00671901 0.00596036 0.00525642 0.00460692 0.00401091 0.00346688 0.00297293 0.00252695 0.00212673 0.00177008 0.00145487 0.00117903 0.000940478 0.000737068 0.000566462 0.000426071 0.000313017 0.000224156 0.000156154 0.000105611 6.92109e-05 4.38659e-05 2.68398e-05 1.58263e-05 8.9788e-06 4.89375e-06 2.55883e-06 1.28194e-06 6.14652e-07 2.81764e-07 1.23383e-07 5.15713e-08 2.0562e-08 7.81612e-09 2.83133e-09 9.77017e-10 3.21069e-10 1.00455e-10 2.99186e-11 8.48084e-12 2.28774e-12 5.87218e-13 1.43408e-13 3.33187e-14 7.36379e-15 1.54799e-15 3.09483e-16 5.88368e-17 1.06349e-17 1.82732e-18 2.98394e-19 4.62974e-20 6.82313e-21 9.54835e-22 1.2683e-22 1.59839e-23 1.91026e-24 2.16379e-25 2.32159e-26 2.35777e-27 2.26483e-28 2.05593e-29 1.75739e-30 8.06059e-32 
0 1.71652e-30 2.0352e-29 2.26483e-28 2.38191e-27 2.36953e-26 2.23139e-25 1.99049e-24 1.683e-23 1.34953e-22 1.02674e-21 7.41499e-21 5.08497e-20 3.31235e-19 2.05011e-18 1.20591e-17 6.74278e-17 3.58443e-16 1.81185e-15 8.70951e-15 3.98176e-14 1.73141e-13 7.16142e-13 2.81771e-12 1.05467e-11 3.7557e-11 1.27248e-10 4.10249e-10 1.25874e-09 3.67617e-09 1.02218e-08 2.70686e-08 6.82923e-08 1.6423e-07 3.76669e-07 8.24509e-07 1.72392e-06 3.44625e-06 6.5942e-06 1.20924e-05 2.12817e-05 3.60015e-05 5.86397e-05 9.21323e-05 0.000139902 0.000205741 0.000293646 0.000407652 0.000551678 0.000729441 0.000944427 0.00119995 0.00149923 0.00184558 0.00224242 0.00269341 0.00320238 0.00377322 0.00440973 0.00511538 0.00589301 0.00674467 0.00767133 0.00867281 0.00974766 0.0108932 0.0121054 0.0133792 0.0147087 0.0160871 0.0175068 0.0189599 0.0204382 0.0219332 0.0234367 0.0249401 0.0264355 0.0279151 0.0293712 0.0307971 0.0321861 0.0335322 0.0348301 0.0360748 0.0372621 0.0383882 0.03945 0.0404448 0.0413704 0.0422251 0.0430075 0.0437167 0.0443519 0.0449126 0.0453986 0.0458098 0.0461462 0.0464077 0.0465944 0.0467064 0.0467437 0.0467064 0.0465944 0.0464077 0.0461462 0.0458098 0.0453986 0.0449126 0.0443519 0.0437167 0.0430075 0.0422251 0.0413704 0.0404448 0.03945 0.0383882 0.0372621 0.0360748 0.0348301 0.0335322 0.0321861 0.0307971 0.0293712 0.0279151 0.0264355 0.0249401 0.0234367 0.0219332 0.0204382 0.0189599 0.0175068 0.0160871 0.0147087 0.0133792 0.0121054 0.0108932 0.00974766 0.00867281 0.00767133 0.00674467 0.00589301 0.00511538 0.00440973 0.00377322 0.00320238 0.00269341 0.00224242 0.00184558 0.00149923 0.00119995 0.000944427 0.000729441 0.000551678 0.000407652 0.000293646 0.000205741 0.000139902 9.21323e-05 5.86397e-05 3.60015e-05 2.12817e-05 1.20924e-05 6.5942e-06 3.44625e-06 1.72392e-06 8.24509e-07 3.76669e-07 1.6423e-07 6.82923e-08 2.70686e-08 1.02218e-08 3.67617e-09 1.25874e-09 4.10249e-10 1.27248e-10 3.7557e-11 1.05467e-11 2.81771e-12 7.16142e-13 1.73141e-13 3.98176e-14 8.70951e-15 1.81185e-15 3.58443e-16 6.74278e-17 1.20591e-17 2.05011e-18 3.31235e-19 5.08497e-20 7.41499e-21 1.02674e-21 1.34953e-22 1.683e-23 1.99049e-24 2.23139e-25 2.36953e-26 2.38191e-27 2.26478e-28 2.02935e-29 9.88452e-31 
0 1.96129e-29 2.21921e-28 2.35777e-27 2.36953e-26 2.25438e-25 2.03186e-24 1.7359e-23 1.40654e-22 1.08139e-21 7.8922e-21 5.46964e-20 3.60082e-19 2.25238e-18 1.339e-17 7.56657e-17 4.06503e-16 2.07648e-15 1.00863e-14 4.65919e-14 2.04682e-13 8.55183e-13 3.39826e-12 1.28435e-11 4.61691e-11 1.5786e-10 5.13414e-10 1.58846e-09 4.67569e-09 1.30963e-08 3.49131e-08 8.86125e-08 2.14211e-07 4.93453e-07 1.08388e-06 2.27181e-06 4.54795e-06 8.70515e-06 1.5951e-05 2.80196e-05 4.72592e-05 7.66693e-05 0.000119867 0.000180978 0.000264457 0.000374887 0.000516791 0.000694505 0.000912153 0.00117372 0.0014832 0.00184481 0.00226314 0.00274322 0.00329053 0.00391084 0.00460989 0.00539311 0.00626518 0.0072297 0.00828888 0.00944336 0.0106921 0.0120323 0.0134597 0.0149685 0.0165516 0.0182011 0.0199081 0.0216632 0.0234564 0.0252778 0.0271173 0.0289646 0.03081 0.0326437 0.0344567 0.03624 0.0379855 0.0396855 0.0413332 0.0429221 0.0444467 0.0459023 0.0472845 0.0485899 0.0498158 0.0509598 0.0520204 0.0529964 0.0538869 0.0546916 0.0554104 0.0560433 0.0565908 0.057053 0.0574305 0.0577236 0.0579327 0.058058 0.0580998 0.058058 0.0579327 0.0577236 0.0574305 0.057053 0.0565908 0.0560433 0.0554104 0.0546916 0.0538869 0.0529964 0.0520204 0.0509598 0.0498158 0.0485899 0.0472845 0.0459023 0.0444467 0.0429221 0.0413332 0.0396855 0.0379855 0.03624 0.0344567 0.0326437 0.03081 0.0289646 0.0271173 0.0252778 0.0234564 0.0216632 0.0199081 0.0182011 0.0165516 0.0149685 0.0134597 0.0120323 0.0106921 0.00944336 0.00828888 0.0072297 0.00626518 0.00539311 0.00460989 0.00391084 0.00329053 0.00274322 0.00226314 0.00184481 0.0014832 0.00117372 0.000912153 0.000694505 0.000516791 0.000374887 0.000264457 0.000180978 0.000119867 7.66693e-05 4.72592e-05 2.80196e-05 1.5951e-05 8.70515e-06 4.54795e-06 2.27181e-06 1.08388e-06 4.93453e-07 2.14211e-07 8.86125e-08 3.49131e-08 1.30963e-08 4.67569e-09 1.58846e-09 5.13414e-10 1.5786e-10 4.61691e-11 1.28435e-11 3.39826e-12 8.55183e-13 2.04682e-13 4.65919e-14 1.00863e-14 2.07648e-15 4.06503e-16 7.56657e-17 1.339e-17 2.25238e-18 3.60082e-19 5.46964e-20 7.8922e-21 1.08139e-21 1.40654e-22 1.7359e-23 2.03186e-24 2.25438e-25 2.36953e-26 2.35772e-27 2.21231e-28 1.14327e-29 
0 2.11538e-28 2.28669e-27 2.32159e-26 2.23139e-25 2.03186e-24 1.75389e-23 1.43593e-22 1.11556e-21 8.22723e-21 5.76204e-20 3.83348e-19 2.42335e-18 1.45593e-17 8.31462e-17 4.51421e-16 2.33026e-15 1.14378e-14 5.33846e-14 2.36939e-13 1.00002e-12 4.01353e-12 1.53173e-11 5.55869e-11 1.91817e-10 6.29401e-10 1.96383e-09 5.82691e-09 1.64428e-08 4.41347e-08 1.12708e-07 2.73928e-07 6.3388e-07 1.39734e-06 2.93644e-06 5.88745e-06 1.12736e-05 2.06418e-05 3.61901e-05 6.0854e-05 9.83175e-05 0.00015293 0.000229526 0.000333192 0.000469015 0.000641904 0.000856528 0.0011174 0.00142907 0.00179641 0.00222489 0.00272071 0.00329082 0.00394273 0.00468416 0.00552255 0.00646455 0.00751555 0.00867921 0.00995727 0.0113493 0.012853 0.0144638 0.0161757 0.017981 0.0198707 0.0218351 0.0238634 0.0259445 0.0280666 0.0302181 0.032387 0.0345616 0.0367302 0.0388817 0.0410052 0.0430908 0.0451288 0.0471106 0.0490285 0.0508753 0.0526452 0.054333 0.0559344 0.0574462 0.0588659 0.0601915 0.0614222 0.0625572 0.0635966 0.0645407 0.0653903 0.0661462 0.0668096 0.0673815 0.0678632 0.0682556 0.0685597 0.0687764 0.0689061 0.0689493 0.0689061 0.0687764 0.0685597 0.0682556 0.0678632 0.0673815 0.0668096 0.0661462 0.0653903 0.0645407 0.0635966 0.0625572 0.0614222 0.0601915 0.0588659 0.0574462 0.0559344 0.054333 0.0526452 0.0508753 0.0490285 0.0471106 0.0451288 0.0430908 0.0410052 0.0388817 0.0367302 0.0345616 0.032387 0.0302181 0.0280666 0.0259445 0.0238634 0.0218351 0.0198707 0.017981 0.0161757 0.0144638 0.012853 0.0113493 0.00995727 0.00867921 0.00751555 0.00646455 0.00552255 0.00468416 0.00394273 0.00329082 0.00272071 0.00222489 0.00179641 0.00142907 0.0011174 0.000856528 0.000641904 0.000469015 0.000333192 0.000229526 0.00015293 9.83175e-05 6.0854e-05 3.61901e-05 2.06418e-05 1.12736e-05 5.88745e-06 2.93644e-06 1.39734e-06 6.3388e-07 2.73928e-07 1.12708e-07 4.41347e-08 1.64428e-08 5.82691e-09 1.96383e-09 6.29401e-10 1.91817e-10 5.55869e-11 1.53173e-11 4.01353e-12 1.00002e-12 2.36939e-13 5.33846e-14 1.14378e-14 2.33026e-15 4.51421e-16 8.31462e-17 1.45593e-17 2.42335e-18 3.83348e-19 5.76204e-20 8.22723e-21 1.11556e-21 1.43593e-22 1.75389e-23 2.03186e-24 2.23139e-25 2.32152e-26 2.27902e-27 1.24857e-28 
0 2.15575e-27 2.22844e-26 2.16379e-25 1.99049e-24 1.7359e-23 1.43593e-22 1.12718e-21 8.40002e-21 5.9449e-20 3.99685e-19 2.55333e-18 1.55026e-17 8.94701e-17 4.9089e-16 2.56071e-15 1.27008e-14 5.98971e-14 2.68588e-13 1.14516e-12 4.64217e-12 1.7891e-11 6.55507e-11 2.28311e-10 7.55887e-10 2.37878e-09 7.11565e-09 2.02326e-08 5.46887e-08 1.40546e-07 3.43493e-07 7.98615e-07 1.76717e-06 3.72391e-06 7.47888e-06 1.43286e-05 2.62184e-05 4.58824e-05 7.69182e-05 0.000123758 0.000191513 0.000285719 0.000412028 0.000575946 0.0007827 0.00103728 0.0013447 0.00171032 0.00214028 0.00264173 0.00322293 0.00389305 0.00466172 0.00553844 0.00653191 0.00764932 0.00889589 0.0102745 0.0117856 0.0134272 0.0151949 0.0170826 0.0190822 0.0211843 0.0233784 0.0256527 0.027995 0.0303923 0.0328312 0.035298 0.0377788 0.0402601 0.0427282 0.0451701 0.0475736 0.0499269 0.0522194 0.0544416 0.0565851 0.0586424 0.0606077 0.062476 0.0642437 0.0659079 0.0674671 0.0689205 0.070268 0.0715103 0.0726487 0.0736846 0.0746202 0.0754574 0.0761987 0.0768462 0.0774022 0.0778688 0.0782478 0.0785409 0.0787492 0.0788739 0.0789154 0.0788739 0.0787492 0.0785409 0.0782478 0.0778688 0.0774022 0.0768462 0.0761987 0.0754574 0.0746202 0.0736846 0.0726487 0.0715103 0.070268 0.0689205 0.0674671 0.0659079 0.0642437 0.062476 0.0606077 0.0586424 0.0565851 0.0544416 0.0522194 0.0499269 0.0475736 0.0451701 0.0427282 0.0402601 0.0377788 0.035298 0.0328312 0.0303923 0.027995 0.0256527 0.0233784 0.0211843 0.0190822 0.0170826 0.0151949 0.0134272 0.0117856 0.0102745 0.00889589 0.00764932 0.00653191 0.00553844 0.00466172 0.00389305 0.00322293 0.00264173 0.00214028 0.00171032 0.0013447 0.00103728 0.0007827 0.000575946 0.000412028 0.000285719 0.000191513 0.000123758 7.69182e-05 4.58824e-05 2.62184e-05 1.43286e-05 7.47888e-06 3.72391e-06 1.76717e-06 7.98615e-07 3.43493e-07 1.40546e-07 5.46887e-08 2.02326e-08 7.11565e-09 2.37878e-09 7.55887e-10 2.28311e-10 6.55507e-11 1.7891e-11 4.64217e-12 1.14516e-12 2.68588e-13 5.98971e-14 1.27008e-14 2.56071e-15 4.9089e-16 8.94701e-17 1.55026e-17 2.55333e-18 3.99685e-19 5.9449e-20 8.40002e-21 1.12718e-21 1.43593e-22 1.7359e-23 1.99049e-24 2.16372e-25 2.2204e-26 1.28872e-27 
0 2.0775e-26 2.05548e-25 1.91026e-24 1.683e-23 1.40654e-22 1.11556e-21 8.40002e-21 6.00713e-20 4.08112e-19 2.63463e-18 1.6165e-17 9.42786e-17 5.22732e-16 2.75553e-15 1.38105e-14 6.58098e-14 2.98155e-13 1.28423e-12 5.25846e-12 2.0467e-11 7.5716e-11 2.66202e-10 8.89369e-10 2.82331e-09 8.51551e-09 2.44017e-08 6.64337e-08 1.71848e-07 4.22427e-07 9.86999e-07 2.19279e-06 4.63465e-06 9.32555e-06 1.78794e-05 3.26994e-05 5.71251e-05 9.54844e-05 0.000153003 0.000235564 0.000349358 0.000500522 0.000694895 0.000937979 0.00123518 0.00159222 0.00201571 0.00251353 0.00309508 0.00377107 0.00455307 0.00545272 0.00648086 0.00764669 0.00895708 0.0104162 0.0120254 0.0137831 0.0156854 0.0177259 0.0198966 0.0221876 0.024588 0.0270853 0.0296662 0.0323164 0.0350208 0.0377637 0.0405289 0.0433004 0.0460621 0.0487982 0.0514939 0.0541351 0.0567091 0.0592044 0.061611 0.0639203 0.0661255 0.068221 0.070203 0.0720687 0.0738169 0.0754472 0.0769605 0.0783582 0.0796428 0.0808171 0.0818842 0.0828478 0.0837115 0.0844791 0.0851543 0.0857407 0.0862415 0.0866598 0.0869982 0.087259 0.087444 0.0875545 0.0875912 0.0875545 0.087444 0.087259 0.0869982 0.0866598 0.0862415 0.0857407 0.0851543 0.0844791 0.0837115 0.0828478 0.0818842 0.0808171 0.0796428 0.0783582 0.0769605 0.0754472 0.0738169 0.0720687 0.070203 0.068221 0.0661255 0.0639203 0.061611 0.0592044 0.0567091 0.0541351 0.0514939 0.0487982 0.0460621 0.0433004 0.0405289 0.0377637 0.0350208 0.0323164 0.0296662 0.0270853 0.024588 0.0221876 0.0198966 0.0177259 0.0156854 0.0137831 0.0120254 0.0104162 0.00895708 0.00764669 0.00648086 0.00545272 0.00455307 0.00377107 0.00309508 0.00251353 0.00201571 0.00159222 0.00123518 0.000937979 0.000694895 0.000500522 0.000349358 0.000235564 0.000153003 9.54844e-05 5.71251e-05 3.26994e-05 1.78794e-05 9.32555e-06 4.63465e-06 2.19279e-06 9.86999e-07 4.22427e-07 1.71848e-07 6.64337e-08 2.44017e-08 8.51551e-09 2.82331e-09 8.89369e-10 2.66202e-10 7.5716e-11 2.0467e-11 5.25846e-12 1.28423e-12 2.98155e-13 6.58098e-14 1.38105e-14 2.75553e-15 5.22732e-16 9.42786e-17 1.6165e-17 2.63463e-18 4.08112e-19 6.00713e-20 8.40002e-21 1.11556e-21 1.40654e-22 1.683e-23 1.91019e-24 2.04752e-25 1.25824e-26 
0 1.89476e-25 1.79575e-24 1.59839e-23 1.34953e-22 1.08139e-21 8.22723e-21 5.9449e-20 4.08112e-19 2.6623e-18 1.65068e-17 9.72864e-17 5.45095e-16 2.90367e-15 1.47057e-14 7.08077e-14 3.24126e-13 1.41043e-12 5.83381e-12 2.2933e-11 8.56684e-11 3.04064e-10 1.02524e-09 3.28356e-09 9.98753e-09 2.88482e-08 7.9122e-08 2.06055e-07 5.0957e-07 1.1968e-06 2.67026e-06 5.66215e-06 1.14174e-05 2.19108e-05 4.00606e-05 6.98764e-05 0.000116472 0.000185895 0.000284778 0.000419899 0.000597782 0.000824522 0.00110593 0.00144798 0.00185753 0.00234291 0.00291436 0.00358398 0.00436523 0.00527197 0.00631741 0.007513 0.00886756 0.0103868 0.012073 0.0139255 0.0159407 0.0181125 0.020433 0.0228922 0.0254787 0.0281795 0.0309803 0.0338651 0.0368169 0.0398178 0.0428488 0.0458908 0.0489248 0.051932 0.0548947 0.0577961 0.0606211 0.0633564 0.0659902 0.068513 0.0709168 0.073196 0.0753463 0.0773654 0.0792524 0.0810077 0.0826332 0.0841314 0.085506 0.0867612 0.0879016 0.0889325 0.0898592 0.0906871 0.0914217 0.0920681 0.0926316 0.0931166 0.0935277 0.0938687 0.0941429 0.0943532 0.0945018 0.0945904 0.0946198 0.0945904 0.0945018 0.0943532 0.0941429 0.0938687 0.0935277 0.0931166 0.0926316 0.0920681 0.0914217 0.0906871 0.0898592 0.0889325 0.0879016 0.0867612 0.085506 0.0841314 0.0826332 0.0810077 0.0792524 0.0773654 0.0753463 0.073196 0.0709168 0.068513 0.0659902 0.0633564 0.0606211 0.0577961 0.0548947 0.051932 0.0489248 0.0458908 0.0428488 0.0398178 0.0368169 0.0338651 0.0309803 0.0281795 0.0254787 0.0228922 0.020433 0.0181125 0.0159407 0.0139255 0.012073 0.0103868 0.00886756 0.007513 0.00631741 0.00527197 0.00436523 0.00358398 0.00291436 0.00234291 0.00185753 0.00144798 0.00110593 0.000824522 0.000597782 0.000419899 0.000284778 0.000185895 0.000116472 6.98764e-05 4.00606e-05 2.19108e-05 1.14174e-05 5.66215e-06 2.67026e-06 1.1968e-06 5.0957e-07 2.06055e-07 7.9122e-08 2.88482e-08 9.98753e-09 3.28356e-09 1.02524e-09 3.04064e-10 8.56684e-11 2.2933e-11 5.83381e-12 1.41043e-12 3.24126e-13 7.08077e-14 1.47057e-14 2.90367e-15 5.45095e-16 9.72864e-17 1.65068e-17 2.6623e-18 4.08112e-19 5.9449e-20 8.22723e-21 1.08139e-21 1.34953e-22 1.59832e-23 1.78831e-24 1.16296e-25 
0 1.63656e-24 1.48685e-23 1.2683e-22 1.02674e-21 7.8922e-21 5.76204e-20 3.99685e-19 2.63463e-18 1.65068e-17 9.83101e-17 5.56632e-16 2.99633e-15 1.53344e-14 7.46074e-14 3.45072e-13 1.51707e-12 6.33889e-12 2.51691e-11 9.49491e-11 3.40253e-10 1.15801e-09 3.74228e-09 1.14812e-08 3.34337e-08 9.23987e-08 2.42319e-07 6.03019e-07 1.42404e-06 3.19176e-06 6.79196e-06 1.37288e-05 2.63791e-05 4.8229e-05 8.40138e-05 0.000139675 0.000222089 0.000338594 0.000496461 0.000702504 0.000963037 0.00128427 0.00167308 0.0021379 0.00268943 0.0033408 0.00410716 0.00500466 0.00604908 0.00725443 0.00863183 0.0101888 0.0119293 0.0138534 0.0159584 0.0182387 0.0206868 0.023293 0.0260457 0.0289314 0.0319345 0.0350376 0.0382214 0.0414649 0.044746 0.0480422 0.0513307 0.0545894 0.0577972 0.0609346 0.0639838 0.0669294 0.0697582 0.0724593 0.0750241 0.0774463 0.079722 0.0818488 0.0838266 0.0856565 0.0873413 0.0888849 0.0902922 0.091569 0.0927216 0.0937569 0.094682 0.0955042 0.0962309 0.0968692 0.097426 0.097908 0.0983215 0.0986721 0.098965 0.0992048 0.0993956 0.0995405 0.0996422 0.0997024 0.0997224 0.0997024 0.0996422 0.0995405 0.0993956 0.0992048 0.098965 0.0986721 0.0983215 0.097908 0.097426 0.0968692 0.0962309 0.0955042 0.094682 0.0937569 0.0927216 0.091569 0.0902922 0.0888849 0.0873413 0.0856565 0.0838266 0.0818488 0.079722 0.0774463 0.0750241 0.0724593 0.0697582 0.0669294 0.0639838 0.0609346 0.0577972 0.0545894 0.0513307 0.0480422 0.044746 0.0414649 0.0382214 0.0350376 0.0319345 0.0289314 0.0260457 0.023293 0.0206868 0.0182387 0.0159584 0.0138534 0.0119293 0.0101888 0.00863183 0.00725443 0.00604908 0.00500466 0.00410716 0.0033408 0.00268943 0.0021379 0.00167308 0.00128427 0.000963037 0.000702504 0.000496461 0.000338594 0.000222089 0.000139675 8.40138e-05 4.8229e-05 2.63791e-05 1.37288e-05 6.79196e-06 3.19176e-06 1.42404e-06 6.03019e-07 2.42319e-07 9.23987e-08 3.34337e-08 1.14812e-08 3.74228e-09 1.15801e-09 3.40253e-10 9.49491e-11 2.51691e-11 6.33889e-12 1.51707e-12 3.45072e-13 7.46074e-14 1.53344e-14 2.99633e-15 5.56632e-16 9.83101e-17 1.65068e-17 2.63463e-18 3.99685e-19 5.76204e-20 7.8922e-21 1.02674e-21 1.26824e-22 1.48028e-23 1.01829e-24 
0 1.33952e-23 1.16739e-22 9.54835e-22 7.41499e-21 5.46964e-20 3.83348e-19 2.55333e-18 1.6165e-17 9.72864e-17 5.56632e-16 3.02787e-15 1.56587e-14 7.69841e-14 3.5978e-13 1.59812e-12 6.74608e-12 2.70572e-11 1.03089e-10 3.73026e-10 1.28161e-09 4.17979e-09 1.29366e-08 3.79878e-08 1.05811e-07 2.7951e-07 7.00147e-07 1.66297e-06 3.7455e-06 8.00121e-06 1.62179e-05 3.12106e-05 5.70794e-05 9.93305e-05 0.00016476 0.000261057 0.000396201 0.000577855 0.000813036 0.00110829 0.00147043 0.00190764 0.00243053 0.00305274 0.00379075 0.00466283 0.00568746 0.00688158 0.00825906 0.00982978 0.0115994 0.0135696 0.0157387 0.0181021 0.0206532 0.0233828 0.0262796 0.0293298 0.0325169 0.0358214 0.0392216 0.0426931 0.0462102 0.0497463 0.0532746 0.0567691 0.0602051 0.0635598 0.0668128 0.0699465 0.0729456 0.0757981 0.0784944 0.0810277 0.0833938 0.0855905 0.0876181 0.0894785 0.0911754 0.092714 0.0941007 0.0953427 0.0964484 0.0974263 0.0982857 0.0990359 0.0996863 0.100246 0.100724 0.10113 0.101471 0.101755 0.101989 0.10218 0.102334 0.102455 0.102549 0.102618 0.102665 0.102692 0.102701 0.102692 0.102665 0.102618 0.102549 0.102455 0.102334 0.10218 0.101989 0.101755 0.101471 0.10113 0.100724 0.100246 0.0996863 0.0990359 0.0982857 0.0974263 0.0964484 0.0953427 0.0941007 0.092714 0.0911754 0.0894785 0.0876181 0.0855905 0.0833938 0.0810277 0.0784944 0.0757981 0.0729456 0.0699465 0.0668128 0.0635598 0.0602051 0.0567691 0.0532746 0.0497463 0.0462102 0.0426931 0.0392216 0.0358214 0.0325169 0.0293298 0.0262796 0.0233828 0.0206532 0.0181021 0.0157387 0.0135696 0.0115994 0.00982978 0.00825906 0.00688158 0.00568746 0.00466283 0.00379075 0.00305274 0.00243053 0.00190764 0.00147043 0.00110829 0.000813036 0.000577855 0.000396201 0.000261057 0.00016476 9.93305e-05 5.70794e-05 3.12106e-05 1.62179e-05 8.00121e-06 3.7455e-06 1.66297e-06 7.00147e-07 2.7951e-07 1.05811e-07 3.79878e-08 1.29366e-08 4.17979e-09 1.28161e-09 3.73026e-10 1.03089e-10 2.70572e-11 6.74608e-12 1.59812e-12 3.5978e-13 7.69841e-14 1.56587e-14 3.02787e-15 5.56632e-16 9.72864e-17 1.6165e-17 2.55333e-18 3.83348e-19 5.46964e-20 7.41498e-21 9.54777e-22 1.1619e-22 8.45198e-24 
0 1.03954e-22 8.69574e-22 6.82313e-21 5.08497e-20 3.60082e-19 2.42335e-18 1.55026e-17 9.42786e-17 5.45095e-16 2.99633e-15 1.56587e-14 7.7793e-14 3.67366e-13 1.64881e-12 7.0319e-12 2.84916e-11 1.09646e-10 4.00672e-10 1.38987e-09 4.57528e-09 1.42883e-08 4.2318e-08 1.18829e-07 3.16269e-07 7.97677e-07 1.90621e-06 4.31584e-06 9.25881e-06 1.88262e-05 3.6301e-05 6.64342e-05 0.000115536 0.000191267 0.000302099 0.000456571 0.000662636 0.000927455 0.00125789 0.00166165 0.00214874 0.00273256 0.00343022 0.00426175 0.00524831 0.00641002 0.007764 0.00932301 0.011095 0.0130836 0.0152887 0.0177071 0.0203334 0.0231597 0.0261754 0.0293667 0.0327163 0.036203 0.0398023 0.0434863 0.0472253 0.0509882 0.0547438 0.0584619 0.0621139 0.0656735 0.0691173 0.072425 0.0755792 0.078566 0.0813746 0.0839971 0.0864287 0.0886672 0.0907128 0.0925682 0.094238 0.0957287 0.0970481 0.0982055 0.099211 0.100076 0.100811 0.101428 0.101938 0.102355 0.102687 0.102947 0.103145 0.103291 0.103393 0.10346 0.1035 0.103519 0.103523 0.103518 0.103508 0.103497 0.103486 0.103479 0.103477 0.103479 0.103486 0.103497 0.103508 0.103518 0.103523 0.103519 0.1035 0.10346 0.103393 0.103291 0.103145 0.102947 0.102687 0.102355 0.101938 0.101428 0.100811 0.100076 0.099211 0.0982055 0.0970481 0.0957287 0.094238 0.0925682 0.0907128 0.0886672 0.0864287 0.0839971 0.0813746 0.078566 0.0755792 0.072425 0.0691173 0.0656735 0.0621139 0.0584619 0.0547438 0.0509882 0.0472253 0.0434863 0.0398023 0.036203 0.0327163 0.0293667 0.0261754 0.0231597 0.0203334 0.0177071 0.0152887 0.0130836 0.011095 0.00932301 0.007764 0.00641002 0.00524831 0.00426175 0.00343022 0.00273256 0.00214874 0.00166165 0.00125789 0.000927455 0.000662636 0.000456571 0.000302099 0.000191267 0.000115536 6.64342e-05 3.6301e-05 1.88262e-05 9.25881e-06 4.31584e-06 1.90621e-06 7.97677e-07 3.16269e-07 1.18829e-07 4.2318e-08 1.42883e-08 4.57528e-09 1.38987e-09 4.00672e-10 1.09646e-10 2.84916e-11 7.0319e-12 1.64881e-12 3.67366e-13 7.7793e-14 1.56587e-14 2.99633e-15 5.45095e-16 9.42786e-17 1.55026e-17 2.42335e-18 3.60082e-19 5.08496e-20 6.82266e-21 8.65234e-22 6.65385e-23 
0 7.65299e-22 6.14799e-21 4.62974e-20 3.31235e-19 2.25238e-18 1.45593e-17 8.94701e-17 5.22732e-16 2.90367e-15 1.53344e-14 7.69841e-14 3.67366e-13 1.66605e-12 7.1793e-12 2.93883e-11 1.14247e-10 4.21658e-10 1.47699e-09 4.9084e-09 1.54699e-08 4.62224e-08 1.3088e-07 3.51075e-07 8.91845e-07 2.14504e-06 4.88391e-06 1.05264e-05 2.14804e-05 4.15183e-05 7.6068e-05 0.000132264 0.000218628 0.000344369 0.000518498 0.000749168 0.00104367 0.00140932 0.00185512 0.00239345 0.00304109 0.00381901 0.00475069 0.00585961 0.0071666 0.00868793 0.0104345 0.0124124 0.0146232 0.0170659 0.0197367 0.0226295 0.0257351 0.0290403 0.0325274 0.0361739 0.0399524 0.0438316 0.0477774 0.0517542 0.0557262 0.0596587 0.0635189 0.0672768 0.0709053 0.0743811 0.0776839 0.0807975 0.0837088 0.0864085 0.0888906 0.0911521 0.0931935 0.0950176 0.0966302 0.0980391 0.099254 0.100286 0.101148 0.101854 0.102416 0.10285 0.10317 0.10339 0.103523 0.103582 0.10358 0.103529 0.103439 0.103321 0.103183 0.103034 0.102882 0.102732 0.102591 0.102464 0.102355 0.102266 0.102201 0.102161 0.102147 0.102161 0.102201 0.102266 0.102355 0.102464 0.102591 0.102732 0.102882 0.103034 0.103183 0.103321 0.103439 0.103529 0.10358 0.103582 0.103523 0.10339 0.10317 0.10285 0.102416 0.101854 0.101148 0.100286 0.099254 0.0980391 0.0966302 0.0950176 0.0931935 0.0911521 0.0888906 0.0864085 0.0837088 0.0807975 0.0776839 0.0743811 0.0709053 0.0672768 0.0635189 0.0596587 0.0557262 0.0517542 0.0477774 0.0438316 0.0399524 0.0361739 0.0325274 0.0290403 0.0257351 0.0226295 0.0197367 0.0170659 0.0146232 0.0124124 0.0104345 0.00868793 0.0071666 0.00585961 0.00475069 0.00381901 0.00304109 0.00239345 0.00185512 0.00140932 0.00104367 0.000749168 0.000518498 0.000344369 0.000218628 0.000132264 7.6068e-05 4.15183e-05 2.14804e-05 1.05264e-05 4.88391e-06 2.14504e-06 8.91845e-07 3.51075e-07 1.3088e-07 4.62224e-08 1.54699e-08 4.9084e-09 1.47699e-09 4.21658e-10 1.14247e-10 2.93883e-11 7.1793e-12 1.66605e-12 3.67366e-13 7.69841e-14 1.53344e-14 2.90367e-15 5.22732e-16 8.94701e-17 1.45593e-17 2.25238e-18 3.31235e-19 4.62936e-20 6.11551e-21 4.97094e-22 
0 5.34693e-21 4.12727e-20 2.98394e-19 2.05011e-18 1.339e-17 8.31462e-17 4.9089e-16 2.75553e-15 1.47057e-14 7.46074e-14 3.5978e-13 1.64881e-12 7.1793e-12 2.96934e-11 1.16619e-10 4.34771e-10 1.53806e-09 5.161e-09 1.64193e-08 4.95042e-08 1.41386e-07 3.82346e-07 9.78621e-07 2.36989e-06 5.42847e-06 1.17599e-05 2.40952e-05 4.67074e-05 8.57152e-05 0.000149085 0.000246184 0.000386906 0.000580651 0.000835698 0.00115949 0.00156003 0.00204804 0.00263884 0.00335311 0.0042158 0.0052535 0.00649113 0.00794919 0.0096423 0.0115793 0.0137645 0.0161988 0.0188808 0.0218067 0.0249694 0.0283573 0.0319529 0.0357328 0.0396673 0.0437216 0.0478576 0.052035 0.0562134 0.0603534 0.0644178 0.0683722 0.0721856 0.0758306 0.0792835 0.0825244 0.0855376 0.0883112 0.0908375 0.0931127 0.0951368 0.0969132 0.0984488 0.099753 0.100838 0.101717 0.102406 0.10292 0.103278 0.103495 0.103589 0.103576 0.103472 0.103293 0.103052 0.102765 0.102442 0.102096 0.101737 0.101374 0.101017 0.100672 0.100347 0.100046 0.0997766 0.0995412 0.099344 0.0991877 0.0990745 0.0990059 0.098983 0.0990059 0.0990745 0.0991877 0.099344 0.0995412 0.0997766 0.100046 0.100347 0.100672 0.101017 0.101374 0.101737 0.102096 0.102442 0.102765 0.103052 0.103293 0.103472 0.103576 0.103589 0.103495 0.103278 0.10292 0.102406 0.101717 0.100838 0.099753 0.0984488 0.0969132 0.0951368 0.0931127 0.0908375 0.0883112 0.0855376 0.0825244 0.0792835 0.0758306 0.0721856 0.0683722 0.0644178 0.0603534 0.0562134 0.052035 0.0478576 0.0437216 0.0396673 0.0357328 0.0319529 0.0283573 0.0249694 0.0218067 0.0188808 0.0161988 0.0137645 0.0115793 0.0096423 0.00794919 0.00649113 0.0052535 0.0042158 0.00335311 0.00263884 0.00204804 0.00156003 0.00115949 0.000835698 0.000580651 0.000386906 0.000246184 0.000149085 8.57152e-05 4.67074e-05 2.40952e-05 1.17599e-05 5.42847e-06 2.36989e-06 9.78621e-07 3.82346e-07 1.41386e-07 4.95042e-08 1.64193e-08 5.161e-09 1.53806e-09 4.34771e-10 1.16619e-10 2.96934e-11 7.1793e-12 1.64881e-12 3.5978e-13 7.46074e-14 1.47057e-14 2.75553e-15 4.9089e-16 8.31462e-17 1.339e-17 2.05011e-18 2.98367e-19 4.10425e-20 3.52576e-21 
0 3.54678e-20 2.63175e-19 1.82732e-18 1.20591e-17 7.56657e-17 4.51421e-16 2.56071e-15 1.38105e-14 7.08077e-14 3.45072e-13 1.59812e-12 7.0319e-12 2.93883e-11 1.16619e-10 4.39232e-10 1.56954e-09 5.31871e-09 1.70841e-08 5.19889e-08 1.49809e-07 4.08556e-07 1.05399e-06 2.57092e-06 5.92721e-06 1.29123e-05 2.65777e-05 5.16974e-05 9.50821e-05 0.000165525 0.000273215 0.000428678 0.00064163 0.00092043 0.00127274 0.00170752 0.00223766 0.00288198 0.00366538 0.00461671 0.00576498 0.00713559 0.00874775 0.010614 0.0127414 0.0151335 0.0177914 0.0207143 0.0238979 0.027333 0.0310037 0.0348863 0.0389496 0.0431559 0.0474631 0.0518266 0.0562013 0.0605432 0.0648103 0.0689634 0.0729667 0.0767879 0.0803986 0.0837747 0.0868963 0.0897487 0.0923217 0.0946103 0.0966141 0.0983372 0.0997876 0.100977 0.101919 0.102632 0.103133 0.103441 0.103576 0.103558 0.103408 0.103143 0.102783 0.102344 0.101844 0.101297 0.100718 0.100119 0.0995124 0.0989082 0.098316 0.0977443 0.0972004 0.0966908 0.0962212 0.0957964 0.0954205 0.0950969 0.0948285 0.0946174 0.0944655 0.0943739 0.0943433 0.0943739 0.0944655 0.0946174 0.0948285 0.0950969 0.0954205 0.0957964 0.0962212 0.0966908 0.0972004 0.0977443 0.098316 0.0989082 0.0995124 0.100119 0.100718 0.101297 0.101844 0.102344 0.102783 0.103143 0.103408 0.103558 0.103576 0.103441 0.103133 0.102632 0.101919 0.100977 0.0997876 0.0983372 0.0966141 0.0946103 0.0923217 0.0897487 0.0868963 0.0837747 0.0803986 0.0767879 0.0729667 0.0689634 0.0648103 0.0605432 0.0562013 0.0518266 0.0474631 0.0431559 0.0389496 0.0348863 0.0310037 0.027333 0.0238979 0.0207143 0.0177914 0.0151335 0.0127414 0.010614 0.00874775 0.00713559 0.00576498 0.00461671 0.00366538 0.00288198 0.00223766 0.00170752 0.00127274 0.00092043 0.00064163 0.000428678 0.000273215 0.000165525 9.50821e-05 5.16974e-05 2.65777e-05 1.29123e-05 5.92721e-06 2.57092e-06 1.05399e-06 4.08556e-07 1.49809e-07 5.19889e-08 1.70841e-08 5.31871e-09 1.56954e-09 4.39232e-10 1.16619e-10 2.93883e-11 7.0319e-12 1.59812e-12 3.45072e-13 7.08077e-14 1.38105e-14 2.56071e-15 4.51421e-16 7.56656e-17 1.20591e-17 1.82712e-18 2.6163e-19 2.37518e-20 
0 2.23445e-19 1.59445e-18 1.06349e-17 6.74278e-17 4.06503e-16 2.33026e-15 1.27008e-14 6.58098e-14 3.24126e-13 1.51707e-12 6.74608e-12 2.84916e-11 1.14247e-10 4.34771e-10 1.56954e-09 5.37234e-09 1.74265e-08 5.35386e-08 1.55699e-07 4.28357e-07 1.11423e-06 2.73877e-06 6.35815e-06 1.39359e-05 2.88323e-05 5.63104e-05 0.000103861 0.000181087 0.000298973 0.000468628 0.000700028 0.0010016 0.00138131 0.00184937 0.0024213 0.00311986 0.00397433 0.0050171 0.00627878 0.00778423 0.00955071 0.0115888 0.0139047 0.0165023 0.0193839 0.022549 0.0259921 0.0296998 0.0336498 0.03781 0.0421409 0.0465969 0.0511295 0.0556892 0.0602272 0.0646965 0.0690527 0.0732543 0.0772631 0.0810449 0.08457 0.087814 0.0907579 0.093389 0.0957006 0.0976919 0.0993676 0.100737 0.101815 0.102617 0.103163 0.103475 0.103574 0.103484 0.103227 0.102826 0.102303 0.101679 0.100972 0.100203 0.0993863 0.0985393 0.0976757 0.0968085 0.0959493 0.0951081 0.0942941 0.0935151 0.0927781 0.092089 0.0914527 0.0908737 0.0903554 0.0899008 0.0895124 0.0891922 0.0889417 0.0887619 0.0886537 0.0886176 0.0886537 0.0887619 0.0889417 0.0891922 0.0895124 0.0899008 0.0903554 0.0908737 0.0914527 0.092089 0.0927781 0.0935151 0.0942941 0.0951081 0.0959493 0.0968085 0.0976757 0.0985393 0.0993863 0.100203 0.100972 0.101679 0.102303 0.102826 0.103227 0.103484 0.103574 0.103475 0.103163 0.102617 0.101815 0.100737 0.0993676 0.0976919 0.0957006 0.093389 0.0907579 0.087814 0.08457 0.0810449 0.0772631 0.0732543 0.0690527 0.0646965 0.0602272 0.0556892 0.0511295 0.0465969 0.0421409 0.03781 0.0336498 0.0296998 0.0259921 0.022549 0.0193839 0.0165023 0.0139047 0.0115888 0.00955071 0.00778423 0.00627878 0.0050171 0.00397433 0.00311986 0.0024213 0.00184937 0.00138131 0.0010016 0.000700028 0.000468628 0.000298973 0.000181087 0.000103861 5.63104e-05 2.88323e-05 1.39359e-05 6.35815e-06 2.73877e-06 1.11423e-06 4.28357e-07 1.55699e-07 5.35386e-08 1.74265e-08 5.37234e-09 1.56954e-09 4.34771e-10 1.14247e-10 2.84916e-11 6.74608e-12 1.51707e-12 3.24126e-13 6.58098e-14 1.27008e-14 2.33026e-15 4.06503e-16 6.74276e-17 1.06337e-17 1.58462e-18 1.52029e-19 
0 1.33736e-18 9.18074e-18 5.88368e-17 3.58443e-16 2.07648e-15 1.14378e-14 5.98971e-14 2.98155e-13 1.41043e-12 6.33889e-12 2.70572e-11 1.09646e-10 4.21658e-10 1.53806e-09 5.31871e-09 1.74265e-08 5.40653e-08 1.58729e-07 4.40689e-07 1.15627e-06 2.8652e-06 6.70128e-06 1.4786e-05 3.07671e-05 6.03717e-05 0.000111745 0.000195276 0.000322714 0.000505714 0.000754481 0.00107751 0.00148322 0.00198332 0.00259636 0.00334938 0.00427601 0.00541163 0.00678754 0.00842718 0.0103457 0.0125523 0.0150535 0.0178549 0.0209602 0.0243685 0.0280709 0.0320477 0.0362679 0.0406909 0.0452688 0.0499496 0.0546797 0.0594059 0.0640761 0.0686402 0.07305 0.0772607 0.081231 0.0849246 0.0883113 0.0913674 0.094077 0.0964315 0.0984293 0.100076 0.101382 0.102363 0.103038 0.10343 0.103563 0.103462 0.103153 0.102661 0.102013 0.101233 0.100344 0.0993689 0.0983281 0.0972407 0.0961244 0.0949948 0.0938662 0.0927511 0.0916604 0.0906038 0.0895895 0.0886244 0.0877144 0.0868646 0.0860788 0.0853606 0.0847125 0.0841367 0.083635 0.0832086 0.0828585 0.0825855 0.0823902 0.0822729 0.0822337 0.0822729 0.0823902 0.0825855 0.0828585 0.0832086 0.083635 0.0841367 0.0847125 0.0853606 0.0860788 0.0868646 0.0877144 0.0886244 0.0895895 0.0906038 0.0916604 0.0927511 0.0938662 0.0949948 0.0961244 0.0972407 0.0983281 0.0993689 0.100344 0.101233 0.102013 0.102661 0.103153 0.103462 0.103563 0.10343 0.103038 0.102363 0.101382 0.100076 0.0984293 0.0964315 0.094077 0.0913674 0.0883113 0.0849246 0.081231 0.0772607 0.07305 0.0686402 0.0640761 0.0594059 0.0546797 0.0499496 0.0452688 0.0406909 0.0362679 0.0320477 0.0280709 0.0243685 0.0209602 0.0178549 0.0150535 0.0125523 0.0103457 0.00842718 0.00678754 0.00541163 0.00427601 0.00334938 0.00259636 0.00198332 0.00148322 0.00107751 0.000754481 0.000505714 0.000322714 0.000195276 0.000111745 6.03717e-05 3.07671e-05 1.4786e-05 6.70128e-06 2.8652e-06 1.15627e-06 4.40689e-07 1.58729e-07 5.40653e-08 1.74265e-08 5.31871e-09 1.53806e-09 4.21658e-10 1.09646e-10 2.70572e-11 6.33889e-12 1.41043e-12 2.98155e-13 5.98971e-14 1.14378e-14 2.07648e-15 3.58442e-16 5.88288e-17 9.12151e-18 9.24888e-19 
0 7.6065e-18 5.02508e-17 3.09483e-16 1.81185e-15 1.00863e-14 5.33846e-14 2.68588e-13 1.28423e-12 5.83381e-12 2.51691e-11 1.03089e-10 4.00672e-10 1.47699e-09 5.161e-09 1.70841e-08 5.35386e-08 1.58729e-07 4.44878e-07 1.17787e-06 2.94379e-06 6.94e-06 1.54237e-05 3.22992e-05 6.37203e-05 0.000118448 0.000207622 0.000343729 0.000538954 0.000803716 0.00114661 0.00157663 0.00210722 0.00276028 0.0035673 0.00456609 0.00579434 0.00728317 0.00905404 0.0111202 0.0134906 0.0161736 0.019177 0.0225056 0.0261564 0.0301146 0.0343521 0.0388289 0.0434958 0.0482983 0.0531794 0.0580818 0.0629485 0.0677232 0.072351 0.076779 0.080958 0.0848439 0.0883996 0.0915963 0.0944137 0.0968408 0.0988749 0.100521 0.101791 0.102702 0.103275 0.103534 0.103506 0.10322 0.102705 0.101989 0.101102 0.100071 0.0989244 0.0976862 0.0963804 0.0950287 0.0936505 0.0922636 0.0908833 0.0895233 0.0881951 0.0869087 0.0856723 0.0844929 0.0833761 0.0823263 0.0813471 0.0804413 0.0796109 0.0788575 0.0781821 0.0775854 0.0770679 0.07663 0.0762716 0.075993 0.0757939 0.0756745 0.0756347 0.0756745 0.0757939 0.075993 0.0762716 0.07663 0.0770679 0.0775854 0.0781821 0.0788575 0.0796109 0.0804413 0.0813471 0.0823263 0.0833761 0.0844929 0.0856723 0.0869087 0.0881951 0.0895233 0.0908833 0.0922636 0.0936505 0.0950287 0.0963804 0.0976862 0.0989244 0.100071 0.101102 0.101989 0.102705 0.10322 0.103506 0.103534 0.103275 0.102702 0.101791 0.100521 0.0988749 0.0968408 0.0944137 0.0915963 0.0883996 0.0848439 0.080958 0.076779 0.072351 0.0677232 0.0629485 0.0580818 0.0531794 0.0482983 0.0434958 0.0388289 0.0343521 0.0301146 0.0261564 0.0225056 0.019177 0.0161736 0.0134906 0.0111202 0.00905404 0.00728317 0.00579434 0.00456609 0.0035673 0.00276028 0.00210722 0.00157663 0.00114661 0.000803716 0.000538954 0.000343729 0.000207622 0.000118448 6.37203e-05 3.22992e-05 1.54237e-05 6.94e-06 2.94379e-06 1.17787e-06 4.44878e-07 1.58729e-07 5.35386e-08 1.70841e-08 5.161e-09 1.47699e-09 4.00672e-10 1.03089e-10 2.51691e-11 5.83381e-12 1.28423e-12 2.68588e-13 5.33846e-14 1.00863e-14 1.81184e-15 3.09435e-16 4.99127e-17 5.34943e-18 
