0 0 0 0 0 0 0 0 0 0 0 0 0 0 0 0 0 0 0 0 0 0 0 0 0 0 0 0 0 0 0 0 0 0 0 0 0 0 0 0 0 0 0 0 0 0 0 0 0 0 0 0 0 0 0 0 0 0 0 0 0 0 0 0 0 0 0 0 0 0 0 0 0 0 0 0 0 0 0 0 0 0 0 0 0 0 0 0 0 0 0 0 0 0 0 0 0 0 0 0 0 0 0 0 0 0 0 0 0 0 0 0 0 0 0 0 0 0 0 0 0 0 0 0 0 0 0 0 0 0 0 0 0 0 0 0 0 0 0 0 0 0 0 0 0 0 0 0 0 0 0 0 0 0 0 0 0 0 0 0 0 0 0 0 0 0 0 0 0 0 0 0 0 0 0 0 0 0 0 0 0 0 0 0 0 0 0 0 0 0 0 0 0 0 0 0 0 0 0 0 
0 2.22824e-10 8.07941e-10 2.61033e-09 8.00279e-09 2.33778e-08 6.50555e-08 1.72359e-07 4.34492e-07 1.04149e-06 2.37233e-06 5.13193e-06 1.05373e-05 2.0527e-05 3.79259e-05 6.64566e-05 0.000110477 0.000174389 0.000261817 0.000374889 0.000514082 0.000679063 0.00087052 0.00109241 0.00135347 0.00166696 0.00204812 0.00251004 0.00305969 0.00369571 0.00440901 0.00518591 0.00601212 0.00687579 0.00776834 0.00868278 0.00961061 0.0105388 0.0114484 0.0123146 0.0131097 0.0138059 0.0143788 0.0148094 0.0150852 0.0151994 0.01515 0.014938 0.0145671 0.0140421 0.0133698 0.0125589 0.0116205 0.0105684 0.00941899 0.00819109 0.0069049 0.00558126 0.00424069 0.00290251 0.00158415 0.000300756 -0.0009351 -0.00211338 -0.00322646 -0.00426894 -0.00523728 -0.00612962 -0.00694544 -0.00768536 -0.00835094 -0.00894448 -0.00946894 -0.00992776 -0.0103248 -0.0106643 -0.0109505 -0.0111879 -0.0113812 -0.0115349 -0.0116534 -0.011741 -0.0118018 -0.0118398 -0.0118585 -0.0118614 -0.0118515 -0.0118316 -0.0118043 -0.0117718 -0.0117362 -0.0116992 -0.0116623 -0.0116269 -0.0115941 -0.0115648 -0.0115398 -0.0115197 -0.0115051 -0.0114962 -0.0114932 -0.0114962 -0.0115051 -0.0115197 -0.0115398 -0.0115648 -0.0115941 -0.0116269 -0.0116623 -0.0116992 -0.0117362 -0.0117718 -0.0118043 -0.0118316 -0.0118515 -0.0118614 -0.0118585 -0.0118398 -0.0118018 -0.011741 -0.0116534 -0.0115349 -0.0113812 -0.0111879 -0.0109505 -0.0106643 -0.0103248 -0.00992776 -0.00946894 -0.00894448 -0.00835094 -0.00768536 -0.00694544 -0.00612962 -0.00523728 -0.00426894 -0.00322646 -0.00211338 -0.0009351 0.000300756 0.00158415 0.00290251 0.00424069 0.00558126 0.0069049 0.00819109 0.00941899 0.0105684 0.0116205 0.0125589 0.0133698 0.0140421 0.0145671 0.014938 0.01515 0.0151994 0.0150852 0.0148094 0.0143788 0.0138059 0.0131097 0.0123146 0.0114484 0.0105388 0.00961061 0.00868278 0.00776834 0.00687579 0.00601212 0.00518591 0.00440901 0.00369571 0.00305969 0.00251004 0.00204812 0.00166696 0.00135347 0.00109241 0.00087052 0.000679063 0.000514082 0.000374889 0.000261817 0.000174389 0.000110477 6.64566e-05 3.79259e-05 2.0527e-05 1.05373e-05 5.13193e-06 2.37233e-06 1.04149e-06 4.34492e-07 1.72359e-07 6.50554e-08 2.33775e-08 8.00176e-09 2.60656e-09 7.94968e-10 1.80653e-10 
0 8.07941e-10 2.84961e-09 8.91826e-09 2.64644e-08 7.48092e-08 2.01417e-07 5.16237e-07 1.2588e-06 2.91856e-06 6.43049e-06 1.34578e-05 2.67414e-05 5.04404e-05 9.0315e-05 0.000153562 0.000248157 0.000381729 0.000560328 0.000787701 0.00106578 0.00139669 0.00178578 0.0022444 0.00279078 0.00344793 0.00423898 0.00518145 0.006283 0.00753998 0.0089394 0.0104628 0.0120899 0.0138009 0.0155758 0.0173926 0.0192241 0.0210368 0.0227907 0.0244411 0.0259418 0.0272484 0.0283215 0.0291284 0.0296442 0.0298518 0.0297415 0.0293109 0.0285638 0.0275105 0.026167 0.0245551 0.0227015 0.0206372 0.0183965 0.0160159 0.0135328 0.0109844 0.00840653 0.00583265 0.0032934 0.000815892 -0.0015765 -0.00386431 -0.0060319 -0.00806736 -0.00996229 -0.0117115 -0.0133126 -0.014766 -0.016074 -0.0172409 -0.0182726 -0.019176 -0.019959 -0.0206302 -0.0211984 -0.0216727 -0.0220621 -0.0223757 -0.0226219 -0.0228091 -0.022945 -0.0230371 -0.023092 -0.0231162 -0.0231153 -0.0230945 -0.0230586 -0.0230118 -0.0229577 -0.0228997 -0.0228407 -0.0227831 -0.0227292 -0.0226806 -0.022639 -0.0226054 -0.0225807 -0.0225657 -0.0225606 -0.0225657 -0.0225807 -0.0226054 -0.022639 -0.0226806 -0.0227292 -0.0227831 -0.0228407 -0.0228997 -0.0229577 -0.0230118 -0.0230586 -0.0230945 -0.0231153 -0.0231162 -0.023092 -0.0230371 -0.022945 -0.0228091 -0.0226219 -0.0223757 -0.0220621 -0.0216727 -0.0211984 -0.0206302 -0.019959 -0.019176 -0.0182726 -0.0172409 -0.016074 -0.014766 -0.0133126 -0.0117115 -0.00996229 -0.00806736 -0.0060319 -0.00386431 -0.0015765 0.000815892 0.0032934 0.00583265 0.00840653 0.0109844 0.0135328 0.0160159 0.0183965 0.0206372 0.0227015 0.0245551 0.026167 0.0275105 0.0285638 0.0293109 0.0297415 0.0298518 0.0296442 0.0291284 0.0283215 0.0272484 0.0259418 0.0244411 0.0227907 0.0210368 0.0192241 0.0173926 0.0155758 0.0138009 0.0120899 0.0104628 0.0089394 0.00753998 0.006283 0.00518145 0.00423898 0.00344793 0.00279078 0.0022444 0.00178578 0.00139669 0.00106578 0.000787701 0.000560328 0.000381729 0.000248157 0.000153562 9.0315e-05 5.04404e-05 2.67414e-05 1.34578e-05 6.43049e-06 2.91856e-06 1.2588e-06 5.16237e-07 2.01417e-07 7.48081e-08 2.64605e-08 8.90484e-09 2.80534e-09 6.70751e-10 
0 2.61033e-09 8.91826e-09 2.68915e-08 7.6776e-08 2.08655e-07 5.39754e-07 1.32828e-06 3.10783e-06 6.90987e-06 1.45923e-05 2.92597e-05 5.56975e-05 0.000100663 0.000172817 0.000282125 0.000438727 0.000651654 0.000928023 0.00127347 0.00169408 0.00219934 0.0028046 0.00353163 0.00440627 0.00545397 0.00669499 0.00814122 0.00979564 0.0116538 0.0137058 0.015937 0.0183271 0.0208485 0.0234645 0.0261295 0.0287905 0.0313897 0.0338682 0.0361682 0.0382347 0.0400168 0.0414676 0.0425452 0.0432142 0.0434469 0.0432256 0.0425435 0.0414058 0.0398295 0.037842 0.0354797 0.0327858 0.0298078 0.0265959 0.0232011 0.0196739 0.016063 0.0124151 0.0087734 0.00517804 0.00166503 -0.00173391 -0.00499162 -0.00808568 -0.0109985 -0.0137171 -0.0162332 -0.0185427 -0.0206451 -0.0225433 -0.0242431 -0.0257524 -0.0270811 -0.0282402 -0.0292417 -0.0300979 -0.0308216 -0.0314254 -0.0319215 -0.0323219 -0.0326379 -0.0328802 -0.0330589 -0.0331832 -0.0332619 -0.0333027 -0.0333129 -0.033299 -0.0332667 -0.0332213 -0.0331674 -0.033109 -0.0330497 -0.0329924 -0.0329398 -0.032894 -0.0328566 -0.032829 -0.0328121 -0.0328064 -0.0328121 -0.032829 -0.0328566 -0.032894 -0.0329398 -0.0329924 -0.0330497 -0.033109 -0.0331674 -0.0332213 -0.0332667 -0.033299 -0.0333129 -0.0333027 -0.0332619 -0.0331832 -0.0330589 -0.0328802 -0.0326379 -0.0323219 -0.0319215 -0.0314254 -0.0308216 -0.0300979 -0.0292417 -0.0282402 -0.0270811 -0.0257524 -0.0242431 -0.0225433 -0.0206451 -0.0185427 -0.0162332 -0.0137171 -0.0109985 -0.00808568 -0.00499162 -0.00173391 0.00166503 0.00517804 0.0087734 0.0124151 0.016063 0.0196739 0.0232011 0.0265959 0.0298078 0.0327858 0.0354797 0.037842 0.0398295 0.0414058 0.0425435 0.0432256 0.0434469 0.0432142 0.0425452 0.0414676 0.0400168 0.0382347 0.0361682 0.0338682 0.0313897 0.0287905 0.0261295 0.0234645 0.0208485 0.0183271 0.015937 0.0137058 0.0116538 0.00979564 0.00814122 0.00669499 0.00545397 0.00440627 0.00353163 0.0028046 0.00219934 0.00169408 0.00127347 0.000928023 0.000651654 0.000438727 0.000282125 0.000172817 0.000100663 5.56975e-05 2.92597e-05 1.45923e-05 6.90987e-06 3.10783e-06 1.32827e-06 5.39753e-07 2.08652e-07 7.67634e-08 2.68496e-08 8.7873e-09 2.22895e-09 
0 8.00279e-09 2.64644e-08 7.6776e-08 2.10523e-07 5.48956e-07 1.36126e-06 3.20821e-06 7.18215e-06 1.52649e-05 3.07903e-05 5.89302e-05 0.000107032 0.00018458 0.000302587 0.000472463 0.000704765 0.00100857 0.00139228 0.0018659 0.00244417 0.00314859 0.00400673 0.00504853 0.00630077 0.00778267 0.00950455 0.0114699 0.0136784 0.0161283 0.0188142 0.0217231 0.0248295 0.0280921 0.0314544 0.0348484 0.0382003 0.0414355 0.0444828 0.0472754 0.0497511 0.0518521 0.0535249 0.0547217 0.0554026 0.055538 0.0551113 0.0541195 0.0525744 0.050501 0.0479361 0.0449258 0.0415231 0.0377857 0.0337737 0.0295481 0.0251691 0.0206952 0.016182 0.0116812 0.00724052 0.00290231 -0.00129628 -0.00532384 -0.00915471 -0.012769 -0.0161521 -0.0192949 -0.0221927 -0.0248452 -0.0272553 -0.0294296 -0.0313766 -0.0331071 -0.0346334 -0.0359687 -0.0371268 -0.0381222 -0.0389691 -0.0396816 -0.0402735 -0.040758 -0.0411478 -0.0414547 -0.04169 -0.041864 -0.0419862 -0.0420655 -0.0421097 -0.0421261 -0.042121 -0.0421003 -0.0420691 -0.0420316 -0.0419918 -0.0419528 -0.0419173 -0.0418875 -0.0418651 -0.0418512 -0.0418465 -0.0418512 -0.0418651 -0.0418875 -0.0419173 -0.0419528 -0.0419918 -0.0420316 -0.0420691 -0.0421003 -0.042121 -0.0421261 -0.0421097 -0.0420655 -0.0419862 -0.041864 -0.04169 -0.0414547 -0.0411478 -0.040758 -0.0402735 -0.0396816 -0.0389691 -0.0381222 -0.0371268 -0.0359687 -0.0346334 -0.0331071 -0.0313766 -0.0294296 -0.0272553 -0.0248452 -0.0221927 -0.0192949 -0.0161521 -0.012769 -0.00915471 -0.00532384 -0.00129628 0.00290231 0.00724052 0.0116812 0.016182 0.0206952 0.0251691 0.0295481 0.0337737 0.0377857 0.0415231 0.0449258 0.0479361 0.050501 0.0525744 0.0541195 0.0551113 0.055538 0.0554026 0.0547217 0.0535249 0.0518521 0.0497511 0.0472754 0.0444828 0.0414355 0.0382003 0.0348484 0.0314544 0.0280921 0.0248295 0.0217231 0.0188142 0.0161283 0.0136784 0.0114699 0.00950455 0.00778267 0.00630077 0.00504853 0.00400673 0.00314859 0.00244417 0.0018659 0.00139228 0.00100857 0.000704765 0.000472463 0.000302587 0.00018458 0.000107032 5.89302e-05 3.07903e-05 1.52649e-05 7.18215e-06 3.20821e-06 1.36125e-06 5.48945e-07 2.10484e-07 7.66541e-08 2.61081e-08 7.04272e-09 
0 2.33778e-08 7.48092e-08 2.08655e-07 5.48956e-07 1.37188e-06 3.25691e-06 7.34106e-06 1.5701e-05 3.185e-05 6.12628e-05 0.000111741 0.000193368 0.00031785 0.000497312 0.000743026 0.00106497 0.001473 0.00197984 0.00260452 0.00337435 0.00432322 0.0054863 0.00689326 0.00856362 0.0105065 0.0127247 0.0152191 0.0179907 0.0210379 0.0243507 0.0279046 0.0316575 0.0355506 0.0395125 0.0434646 0.0473255 0.0510139 0.0544504 0.0575581 0.0602641 0.0625014 0.0642117 0.0653478 0.0658758 0.0657762 0.065044 0.063688 0.0617294 0.0592005 0.0561432 0.0526074 0.0486497 0.0443319 0.039719 0.0348782 0.0298762 0.0247783 0.0196462 0.014537 0.009502 0.00458642 -0.000171265 -0.00473915 -0.00909175 -0.0132096 -0.0170787 -0.0206902 -0.0240397 -0.0271266 -0.0299536 -0.0325267 -0.0348538 -0.0369452 -0.0388125 -0.0404686 -0.0419273 -0.0432027 -0.0443094 -0.045262 -0.0460747 -0.0467615 -0.0473358 -0.0478104 -0.0481975 -0.0485083 -0.0487534 -0.0489424 -0.0490843 -0.0491872 -0.0492583 -0.049304 -0.0493303 -0.0493421 -0.0493438 -0.0493391 -0.0493312 -0.0493225 -0.0493149 -0.0493098 -0.049308 -0.0493098 -0.0493149 -0.0493225 -0.0493312 -0.0493391 -0.0493438 -0.0493421 -0.0493303 -0.049304 -0.0492583 -0.0491872 -0.0490843 -0.0489424 -0.0487534 -0.0485083 -0.0481975 -0.0478104 -0.0473358 -0.0467615 -0.0460747 -0.045262 -0.0443094 -0.0432027 -0.0419273 -0.0404686 -0.0388125 -0.0369452 -0.0348538 -0.0325267 -0.0299536 -0.0271266 -0.0240397 -0.0206902 -0.0170787 -0.0132096 -0.00909175 -0.00473915 -0.000171265 0.00458642 0.009502 0.014537 0.0196462 0.0247783 0.0298762 0.0348782 0.039719 0.0443319 0.0486497 0.0526074 0.0561432 0.0592005 0.0617294 0.063688 0.065044 0.0657762 0.0658758 0.0653478 0.0642117 0.0625014 0.0602641 0.0575581 0.0544504 0.0510139 0.0473255 0.0434646 0.0395125 0.0355506 0.0316575 0.0279046 0.0243507 0.0210379 0.0179907 0.0152191 0.0127247 0.0105065 0.00856362 0.00689326 0.0054863 0.00432322 0.00337435 0.00260452 0.00197984 0.001473 0.00106497 0.000743026 0.000497312 0.00031785 0.000193368 0.000111741 6.12628e-05 3.185e-05 1.5701e-05 7.34106e-06 3.25689e-06 1.37184e-06 5.48845e-07 2.08329e-07 7.39284e-08 2.12401e-08 
0 6.50555e-08 2.01417e-07 5.39754e-07 1.36126e-06 3.25691e-06 7.39429e-06 1.59211e-05 3.2494e-05 6.28405e-05 0.000115151 0.000200025 0.00032975 0.000516996 0.00077348 0.00110962 0.00153611 0.00206741 0.00272575 0.00354294 0.00455797 0.00581035 0.00733243 0.0091449 0.0112578 0.0136756 0.016402 0.0194406 0.0227899 0.0264369 0.0303516 0.0344868 0.0387806 0.0431622 0.0475556 0.0518814 0.056057 0.0599968 0.0636134 0.066821 0.06954 0.0717016 0.073252 0.0741541 0.0743874 0.073947 0.0728414 0.0710906 0.0687246 0.065782 0.0623096 0.0583612 0.0539967 0.0492805 0.04428 0.0390636 0.0336987 0.0282502 0.0227785 0.0173389 0.0119809 0.0067473 0.00167482 -0.00320621 -0.00787136 -0.0123017 -0.0164836 -0.0204077 -0.024069 -0.0274664 -0.0306016 -0.0334796 -0.0361073 -0.038494 -0.0406503 -0.0425882 -0.0443204 -0.0458605 -0.0472221 -0.0484191 -0.0494652 -0.050374 -0.0511583 -0.0518308 -0.0524032 -0.052887 -0.0532925 -0.0536294 -0.0539069 -0.0541332 -0.0543158 -0.0544613 -0.0545759 -0.0546648 -0.0547328 -0.0547837 -0.0548209 -0.0548471 -0.0548643 -0.054874 -0.0548772 -0.054874 -0.0548643 -0.0548471 -0.0548209 -0.0547837 -0.0547328 -0.0546648 -0.0545759 -0.0544613 -0.0543158 -0.0541332 -0.0539069 -0.0536294 -0.0532925 -0.052887 -0.0524032 -0.0518308 -0.0511583 -0.050374 -0.0494652 -0.0484191 -0.0472221 -0.0458605 -0.0443204 -0.0425882 -0.0406503 -0.038494 -0.0361073 -0.0334796 -0.0306016 -0.0274664 -0.024069 -0.0204077 -0.0164836 -0.0123017 -0.00787136 -0.00320621 0.00167482 0.0067473 0.0119809 0.0173389 0.0227785 0.0282502 0.0336987 0.0390636 0.04428 0.0492805 0.0539967 0.0583612 0.0623096 0.065782 0.0687246 0.0710906 0.0728414 0.073947 0.0743874 0.0741541 0.073252 0.0717016 0.06954 0.066821 0.0636134 0.0599968 0.056057 0.0518814 0.0475556 0.0431622 0.0387806 0.0344868 0.0303516 0.0264369 0.0227899 0.0194406 0.016402 0.0136756 0.0112578 0.0091449 0.00733243 0.00581035 0.00455797 0.00354294 0.00272575 0.00206741 0.00153611 0.00110962 0.00077348 0.000516996 0.00032975 0.000200025 0.000115151 6.28404e-05 3.2494e-05 1.59211e-05 7.39425e-06 3.25681e-06 1.36096e-06 5.38961e-07 1.99503e-07 6.11381e-08 
0 1.72359e-07 5.16237e-07 1.32828e-06 3.20821e-06 7.34106e-06 1.59211e-05 3.2711e-05 6.36414e-05 0.000117235 0.000204554 0.000338424 0.000532024 0.000797468 0.00114552 0.00158745 0.0021391 0.00282523 0.00368125 0.00474999 0.00607385 0.00768651 0.00960909 0.0118528 0.0144255 0.0173358 0.020591 0.0241901 0.0281154 0.032329 0.0367753 0.0413869 0.0460915 0.0508138 0.0554759 0.0599954 0.0642845 0.068252 0.0718078 0.0748689 0.077364 0.0792373 0.0804496 0.0809782 0.0808152 0.0799662 0.078449 0.0762925 0.0735352 0.0702248 0.066416 0.0621694 0.0575488 0.0526196 0.0474472 0.0420949 0.0366232 0.0310889 0.0255443 0.0200373 0.0146107 0.00930249 0.00414567 -0.000831821 -0.00560693 -0.0101614 -0.0144815 -0.0185578 -0.0223848 -0.0259605 -0.029286 -0.0323651 -0.0352036 -0.0378096 -0.0401921 -0.0423615 -0.044329 -0.0461061 -0.0477049 -0.0491375 -0.0504158 -0.0515517 -0.0525568 -0.0534423 -0.054219 -0.054897 -0.055486 -0.0559952 -0.056433 -0.0568072 -0.0571251 -0.0573932 -0.0576175 -0.0578031 -0.0579547 -0.0580764 -0.0581713 -0.0582424 -0.0582916 -0.0583206 -0.0583301 -0.0583206 -0.0582916 -0.0582424 -0.0581713 -0.0580764 -0.0579547 -0.0578031 -0.0576175 -0.0573932 -0.0571251 -0.0568072 -0.056433 -0.0559952 -0.055486 -0.054897 -0.054219 -0.0534423 -0.0525568 -0.0515517 -0.0504158 -0.0491375 -0.0477049 -0.0461061 -0.044329 -0.0423615 -0.0401921 -0.0378096 -0.0352036 -0.0323651 -0.029286 -0.0259605 -0.0223848 -0.0185578 -0.0144815 -0.0101614 -0.00560693 -0.000831821 0.00414567 0.00930249 0.0146107 0.0200373 0.0255443 0.0310889 0.0366232 0.0420949 0.0474472 0.0526196 0.0575488 0.0621694 0.066416 0.0702248 0.0735352 0.0762925 0.078449 0.0799662 0.0808152 0.0809782 0.0804496 0.0792373 0.077364 0.0748689 0.0718078 0.068252 0.0642845 0.0599954 0.0554759 0.0508138 0.0460915 0.0413869 0.0367753 0.032329 0.0281154 0.0241901 0.020591 0.0173358 0.0144255 0.0118528 0.00960909 0.00768651 0.00607385 0.00474999 0.00368125 0.00282523 0.0021391 0.00158745 0.00114552 0.000797468 0.000532024 0.000338424 0.000204554 0.000117235 6.36414e-05 3.2711e-05 1.5921e-05 7.3408e-06 3.20751e-06 1.32659e-06 5.12875e-07 1.67896e-07 
0 4.34492e-07 1.2588e-06 3.10783e-06 7.18215e-06 1.5701e-05 3.2494e-05 6.36414e-05 0.000117937 0.000206851 0.000343716 0.000542221 0.0008149 0.00117286 0.00162793 0.00219711 0.00290739 0.00379732 0.00491285 0.00629834 0.00798774 0.0100017 0.0123521 0.0150499 0.0181088 0.0215402 0.0253428 0.0294944 0.0339499 0.0386471 0.0435144 0.048477 0.0534576 0.0583745 0.06314 0.0676616 0.0718454 0.0756029 0.0788556 0.0815387 0.0836024 0.0850111 0.0857423 0.0857863 0.0851457 0.0838359 0.0818845 0.0793308 0.0762244 0.0726219 0.068585 0.0641772 0.0594616 0.0544993 0.0493482 0.0440626 0.038693 0.033286 0.0278843 0.0225269 0.0172491 0.012082 0.00705301 0.0021853 -0.00250191 -0.00699328 -0.0112772 -0.0153454 -0.0191928 -0.0228172 -0.0262184 -0.0293988 -0.032362 -0.0351136 -0.03766 -0.0400086 -0.0421678 -0.0441462 -0.0459531 -0.0475979 -0.0490902 -0.0504397 -0.0516559 -0.0527482 -0.0537257 -0.0545973 -0.0553713 -0.0560559 -0.0566587 -0.0571867 -0.0576466 -0.0580443 -0.0583853 -0.0586747 -0.0589166 -0.059115 -0.0592729 -0.059393 -0.0594774 -0.0595274 -0.059544 -0.0595274 -0.0594774 -0.059393 -0.0592729 -0.059115 -0.0589166 -0.0586747 -0.0583853 -0.0580443 -0.0576466 -0.0571867 -0.0566587 -0.0560559 -0.0553713 -0.0545973 -0.0537257 -0.0527482 -0.0516559 -0.0504397 -0.0490902 -0.0475979 -0.0459531 -0.0441462 -0.0421678 -0.0400086 -0.03766 -0.0351136 -0.032362 -0.0293988 -0.0262184 -0.0228172 -0.0191928 -0.0153454 -0.0112772 -0.00699328 -0.00250191 0.0021853 0.00705301 0.012082 0.0172491 0.0225269 0.0278843 0.033286 0.038693 0.0440626 0.0493482 0.0544993 0.0594616 0.0641772 0.068585 0.0726219 0.0762244 0.0793308 0.0818845 0.0838359 0.0851457 0.0857863 0.0857423 0.0850111 0.0836024 0.0815387 0.0788556 0.0756029 0.0718454 0.0676616 0.06314 0.0583745 0.0534576 0.048477 0.0435144 0.0386471 0.0339499 0.0294944 0.0253428 0.0215402 0.0181088 0.0150499 0.0123521 0.0100017 0.00798774 0.00629834 0.00491285 0.00379732 0.00290739 0.00219711 0.00162793 0.00117286 0.0008149 0.000542221 0.000343716 0.000206851 0.000117937 6.36413e-05 3.24938e-05 1.57004e-05 7.1807e-06 3.10501e-06 1.25552e-06 4.39709e-07 
0 1.04149e-06 2.91856e-06 6.90987e-06 1.52649e-05 3.185e-05 6.28405e-05 0.000117235 0.000206851 0.000345495 0.000547377 0.000825493 0.00119134 0.00165724 0.00224127 0.00297241 0.00389204 0.00504888 0.0064889 0.00824588 0.0103396 0.0127823 0.0155878 0.0187741 0.022355 0.0263275 0.0306639 0.0353128 0.040208 0.0452768 0.0504433 0.0556271 0.0607396 0.065684 0.07036 0.0746702 0.0785277 0.0818606 0.0846127 0.0867423 0.0882205 0.0890299 0.0891643 0.0886297 0.0874448 0.085641 0.0832604 0.080354 0.0769785 0.0731934 0.0690587 0.0646329 0.0599719 0.0551285 0.0501521 0.045088 0.0399783 0.0348607 0.0297693 0.024734 0.019781 0.0149327 0.0102078 0.00562224 0.00118877 -0.00308217 -0.00718239 -0.0111057 -0.0148474 -0.0184048 -0.0217761 -0.0249612 -0.0279612 -0.030778 -0.033415 -0.035876 -0.0381661 -0.0402908 -0.0422562 -0.0440689 -0.0457358 -0.0472642 -0.0486612 -0.0499343 -0.0510906 -0.0521373 -0.0530812 -0.0539291 -0.0546873 -0.0553618 -0.0559581 -0.0564816 -0.0569369 -0.0573284 -0.0576598 -0.0579346 -0.0581555 -0.0583249 -0.0584446 -0.0585159 -0.0585395 -0.0585159 -0.0584446 -0.0583249 -0.0581555 -0.0579346 -0.0576598 -0.0573284 -0.0569369 -0.0564816 -0.0559581 -0.0553618 -0.0546873 -0.0539291 -0.0530812 -0.0521373 -0.0510906 -0.0499343 -0.0486612 -0.0472642 -0.0457358 -0.0440689 -0.0422562 -0.0402908 -0.0381661 -0.035876 -0.033415 -0.030778 -0.0279612 -0.0249612 -0.0217761 -0.0184048 -0.0148474 -0.0111057 -0.00718239 -0.00308217 0.00118877 0.00562224 0.0102078 0.0149327 0.019781 0.024734 0.0297693 0.0348607 0.0399783 0.045088 0.0501521 0.0551285 0.0599719 0.0646329 0.0690587 0.0731934 0.0769785 0.080354 0.0832604 0.085641 0.0874448 0.0886297 0.0891643 0.0890299 0.0882205 0.0867423 0.0846127 0.0818606 0.0785277 0.0746702 0.07036 0.065684 0.0607396 0.0556271 0.0504433 0.0452768 0.040208 0.0353128 0.0306639 0.0263275 0.022355 0.0187741 0.0155878 0.0127823 0.0103396 0.00824588 0.0064889 0.00504888 0.00389204 0.00297241 0.00224127 0.00165724 0.00119134 0.000825493 0.000547377 0.000345495 0.000206851 0.000117235 6.28399e-05 3.18488e-05 1.52626e-05 6.90765e-06 2.92569e-06 1.0978e-06 
0 2.37233e-06 6.43049e-06 1.45923e-05 3.07903e-05 6.12628e-05 0.000115151 0.000204554 0.000343716 0.000547377 0.000829047 0.00120065 0.001675 0.00227108 0.00301958 0.00396444 0.005157 0.00664474 0.00846134 0.0106257 0.0131506 0.0160527 0.0193534 0.0230673 0.0271881 0.0316812 0.0364892 0.0415437 0.0467721 0.0520984 0.0574378 0.0626935 0.0677598 0.0725294 0.076903 0.0807962 0.0841415 0.086888 0.0889987 0.0904493 0.0912284 0.0913379 0.090794 0.0896264 0.0878764 0.0855933 0.0828318 0.0796482 0.076099 0.0722389 0.0681207 0.0637946 0.0593083 0.054706 0.0500289 0.0453137 0.0405931 0.0358948 0.0312426 0.0266557 0.0221501 0.0177386 0.0134317 0.00923836 0.00516589 0.00122072 -0.00259158 -0.00626617 -0.00979894 -0.0131865 -0.0164262 -0.0195163 -0.0224558 -0.0252444 -0.0278828 -0.0303723 -0.032715 -0.0349137 -0.0369715 -0.0388921 -0.0406797 -0.0423388 -0.0438739 -0.04529 -0.0465919 -0.0477848 -0.0488734 -0.0498627 -0.0507575 -0.0515622 -0.0522813 -0.0529189 -0.0534786 -0.053964 -0.0543782 -0.0547239 -0.0550035 -0.0552189 -0.0553717 -0.0554629 -0.0554933 -0.0554629 -0.0553717 -0.0552189 -0.0550035 -0.0547239 -0.0543782 -0.053964 -0.0534786 -0.0529189 -0.0522813 -0.0515622 -0.0507575 -0.0498627 -0.0488734 -0.0477848 -0.0465919 -0.04529 -0.0438739 -0.0423388 -0.0406797 -0.0388921 -0.0369715 -0.0349137 -0.032715 -0.0303723 -0.0278828 -0.0252444 -0.0224558 -0.0195163 -0.0164262 -0.0131865 -0.00979894 -0.00626617 -0.00259158 0.00122072 0.00516589 0.00923836 0.0134317 0.0177386 0.0221501 0.0266557 0.0312426 0.0358948 0.0405931 0.0453137 0.0500289 0.054706 0.0593083 0.0637946 0.0681207 0.0722389 0.076099 0.0796482 0.0828318 0.0855933 0.0878764 0.0896264 0.090794 0.0913379 0.0912284 0.0904493 0.0889987 0.086888 0.0841415 0.0807962 0.076903 0.0725294 0.0677598 0.0626935 0.0574378 0.0520984 0.0467721 0.0415437 0.0364892 0.0316812 0.0271881 0.0230673 0.0193534 0.0160527 0.0131506 0.0106257 0.00846134 0.00664474 0.005157 0.00396444 0.00301958 0.00227108 0.001675 0.00120065 0.000829047 0.000547377 0.000343715 0.000204554 0.00011515 6.1261e-05 3.0789e-05 1.46009e-05 6.48801e-06 2.61196e-06 
0 5.13193e-06 1.34578e-05 2.92597e-05 5.89302e-05 0.000111741 0.000200025 0.000338424 0.000542221 0.000825493 0.00120065 0.00168095 0.00228609 0.00304818 0.0040134 0.00523558 0.00676382 0.00863199 0.0108585 0.0134567 0.016446 0.0198509 0.0236861 0.0279403 0.0325715 0.0375171 0.0427067 0.0480687 0.0535249 0.0589839 0.0643401 0.0694796 0.0742922 0.0786797 0.0825616 0.0858736 0.0885663 0.0906037 0.0919637 0.0926406 0.0926461 0.0920091 0.0907725 0.0889894 0.086718 0.0840182 0.0809487 0.0775658 0.0739232 0.0700711 0.0660568 0.0619237 0.0577113 0.0534539 0.0491811 0.0449172 0.0406818 0.0364905 0.0323553 0.0282856 0.024289 0.0203715 0.0165386 0.0127947 0.00914422 0.00559085 0.00213816 -0.00121061 -0.00445252 -0.00758495 -0.0106055 -0.0135122 -0.0163034 -0.0189775 -0.0215336 -0.0239709 -0.0262893 -0.0284887 -0.0305697 -0.0325331 -0.0343803 -0.0361128 -0.0377327 -0.0392422 -0.0406438 -0.0419403 -0.0431346 -0.0442296 -0.0452284 -0.046134 -0.0469494 -0.0476775 -0.0483209 -0.0488821 -0.0493636 -0.0497674 -0.0500952 -0.0503486 -0.0505288 -0.0506365 -0.0506724 -0.0506365 -0.0505288 -0.0503486 -0.0500952 -0.0497674 -0.0493636 -0.0488821 -0.0483209 -0.0476775 -0.0469494 -0.046134 -0.0452284 -0.0442296 -0.0431346 -0.0419403 -0.0406438 -0.0392422 -0.0377327 -0.0361128 -0.0343803 -0.0325331 -0.0305697 -0.0284887 -0.0262893 -0.0239709 -0.0215336 -0.0189775 -0.0163034 -0.0135122 -0.0106055 -0.00758495 -0.00445252 -0.00121061 0.00213816 0.00559085 0.00914422 0.0127947 0.0165386 0.0203715 0.024289 0.0282856 0.0323553 0.0364905 0.0406818 0.0449172 0.0491811 0.0534539 0.0577113 0.0619237 0.0660568 0.0700711 0.0739232 0.0775658 0.0809487 0.0840182 0.086718 0.0889894 0.0907725 0.0920091 0.0926461 0.0926406 0.0919637 0.0906037 0.0885663 0.0858736 0.0825616 0.0786797 0.0742922 0.0694796 0.0643401 0.0589839 0.0535249 0.0480687 0.0427067 0.0375171 0.0325715 0.0279403 0.0236861 0.0198509 0.016446 0.0134567 0.0108585 0.00863199 0.00676382 0.00523558 0.0040134 0.00304818 0.00228609 0.00168095 0.00120065 0.000825493 0.00054222 0.000338423 0.000200023 0.000111741 5.89397e-05 2.93168e-05 1.36902e-05 5.92056e-06 
0 1.05373e-05 2.67414e-05 5.56975e-05 0.000107032 0.000193368 0.00032975 0.000532024 0.0008149 0.00119134 0.001675 0.00228609 0.00305777 0.0040381 0.00528328 0.0068443 0.00875559 0.0110354 0.013698 0.0167653 0.0202645 0.0242101 0.0285854 0.0333411 0.0384098 0.0437208 0.0492021 0.054771 0.060327 0.0657543 0.0709333 0.0757531 0.0801195 0.0839554 0.0871983 0.0897985 0.09172 0.0929445 0.0934736 0.0933299 0.0925539 0.0911993 0.0893277 0.0870035 0.0842914 0.0812547 0.077954 0.0744466 0.070786 0.06702 0.0631903 0.0593315 0.055471 0.0516298 0.0478229 0.0440608 0.0403508 0.0366977 0.033105 0.0295751 0.0261101 0.0227115 0.0193805 0.0161182 0.0129257 0.00980388 0.00675379 0.00377667 0.000874 -0.00195245 -0.00470063 -0.00736824 -0.00995281 -0.0124518 -0.0148625 -0.0171826 -0.0194097 -0.0215419 -0.0235774 -0.0255149 -0.0273536 -0.0290929 -0.0307326 -0.0322729 -0.0337146 -0.0350582 -0.0363051 -0.0374565 -0.0385138 -0.0394786 -0.0403525 -0.0411372 -0.0418342 -0.0424451 -0.0429714 -0.0434143 -0.0437751 -0.0440546 -0.0442537 -0.0443729 -0.0444126 -0.0443729 -0.0442537 -0.0440546 -0.0437751 -0.0434143 -0.0429714 -0.0424451 -0.0418342 -0.0411372 -0.0403525 -0.0394786 -0.0385138 -0.0374565 -0.0363051 -0.0350582 -0.0337146 -0.0322729 -0.0307326 -0.0290929 -0.0273536 -0.0255149 -0.0235774 -0.0215419 -0.0194097 -0.0171826 -0.0148625 -0.0124518 -0.00995281 -0.00736824 -0.00470063 -0.00195245 0.000874 0.00377667 0.00675379 0.00980388 0.0129257 0.0161182 0.0193805 0.0227115 0.0261101 0.0295751 0.033105 0.0366977 0.0403508 0.0440608 0.0478229 0.0516298 0.055471 0.0593315 0.0631903 0.06702 0.070786 0.0744466 0.077954 0.0812547 0.0842914 0.0870035 0.0893277 0.0911993 0.0925539 0.0933299 0.0934736 0.0929445 0.09172 0.0897985 0.0871983 0.0839554 0.0801195 0.0757531 0.0709333 0.0657543 0.060327 0.054771 0.0492021 0.0437208 0.0384098 0.0333411 0.0285854 0.0242101 0.0202645 0.0167653 0.013698 0.0110354 0.00875559 0.0068443 0.00528328 0.0040381 0.00305777 0.00228609 0.001675 0.00119134 0.000814899 0.000532023 0.00032975 0.000193378 0.000107087 5.59185e-05 2.74881e-05 1.27827e-05 
0 2.0527e-05 5.04404e-05 0.000100663 0.00018458 0.00031785 0.000516996 0.000797468 0.00117286 0.00165724 0.00227108 0.00304818 0.0040381 0.00529928 0.00688486 0.00883044 0.0111545 0.0138721 0.0170076 0.0205908 0.0246354 0.0291199 0.0339884 0.0391696 0.0445929 0.0501852 0.0558572 0.0614969 0.0669787 0.0721787 0.0769879 0.0813151 0.0850848 0.0882336 0.0907107 0.0924824 0.0935374 0.0938879 0.093568 0.0926281 0.0911287 0.089136 0.0867182 0.0839444 0.0808834 0.0776023 0.0741644 0.0706273 0.0670405 0.0634442 0.0598692 0.0563378 0.0528643 0.0494576 0.0461222 0.0428593 0.0396683 0.0365473 0.0334931 0.0305024 0.027571 0.0246953 0.0218714 0.0190963 0.0163676 0.0136836 0.0110439 0.00844884 0.00589959 0.0033982 0.000947308 -0.00144999 -0.0037903 -0.00607007 -0.00828573 -0.0104338 -0.0125109 -0.0145139 -0.0164401 -0.0182868 -0.0200519 -0.0217335 -0.02333 -0.0248403 -0.0262633 -0.0275984 -0.0288452 -0.0300036 -0.0310735 -0.0320552 -0.0329491 -0.0337555 -0.034475 -0.0351081 -0.0356554 -0.0361174 -0.0364946 -0.0367875 -0.0369965 -0.0371218 -0.0371635 -0.0371218 -0.0369965 -0.0367875 -0.0364946 -0.0361174 -0.0356554 -0.0351081 -0.034475 -0.0337555 -0.0329491 -0.0320552 -0.0310735 -0.0300036 -0.0288452 -0.0275984 -0.0262633 -0.0248403 -0.02333 -0.0217335 -0.0200519 -0.0182868 -0.0164401 -0.0145139 -0.0125109 -0.0104338 -0.00828573 -0.00607007 -0.0037903 -0.00144999 0.000947308 0.0033982 0.00589959 0.00844884 0.0110439 0.0136836 0.0163676 0.0190963 0.0218714 0.0246953 0.027571 0.0305024 0.0334931 0.0365473 0.0396683 0.0428593 0.0461222 0.0494576 0.0528643 0.0563378 0.0598692 0.0634442 0.0670405 0.0706273 0.0741644 0.0776023 0.0808834 0.0839444 0.0867182 0.089136 0.0911287 0.0926281 0.093568 0.0938879 0.0935374 0.0924824 0.0907107 0.0882336 0.0850848 0.0813151 0.0769879 0.0721787 0.0669787 0.0614969 0.0558572 0.0501852 0.0445929 0.0391696 0.0339884 0.0291199 0.0246354 0.0205908 0.0170076 0.0138721 0.0111545 0.00883044 0.00688486 0.00529928 0.0040381 0.00304818 0.00227107 0.00165724 0.00117286 0.000797468 0.000517006 0.000317903 0.000184786 0.000101357 5.2534e-05 2.62848e-05 
0 3.79259e-05 9.0315e-05 0.000172817 0.000302587 0.000497312 0.00077348 0.00114552 0.00162793 0.00224127 0.00301958 0.0040134 0.00528328 0.00688486 0.0088555 0.0112144 0.0139774 0.0171706 0.0208263 0.0249581 0.02954 0.0345103 0.0397948 0.0453234 0.0510208 0.0567894 0.0625049 0.0680328 0.0732475 0.0780419 0.0823262 0.0860227 0.0890645 0.0914003 0.0930019 0.0938679 0.0940229 0.0935112 0.0923905 0.0907258 0.0885868 0.0860463 0.0831795 0.0800619 0.0767666 0.0733609 0.0699034 0.0664427 0.0630165 0.0596525 0.0563699 0.0531812 0.0500929 0.0471073 0.0442232 0.041436 0.0387389 0.0361234 0.0335798 0.0310981 0.0286688 0.0262833 0.0239344 0.0216163 0.0193251 0.0170585 0.0148155 0.0125964 0.0104026 0.00823599 0.00609938 0.00399582 0.00192871 -9.8388e-05 -0.00208177 -0.00401773 -0.00590256 -0.00773262 -0.00950442 -0.0112146 -0.01286 -0.0144377 -0.0159451 -0.0173796 -0.0187392 -0.020022 -0.0212263 -0.0223509 -0.0233946 -0.0243565 -0.0252358 -0.0260322 -0.0267452 -0.0273745 -0.02792 -0.0283816 -0.0287593 -0.029053 -0.0292628 -0.0293886 -0.0294306 -0.0293886 -0.0292628 -0.029053 -0.0287593 -0.0283816 -0.02792 -0.0273745 -0.0267452 -0.0260322 -0.0252358 -0.0243565 -0.0233946 -0.0223509 -0.0212263 -0.020022 -0.0187392 -0.0173796 -0.0159451 -0.0144377 -0.01286 -0.0112146 -0.00950442 -0.00773262 -0.00590256 -0.00401773 -0.00208177 -9.8388e-05 0.00192871 0.00399582 0.00609938 0.00823599 0.0104026 0.0125964 0.0148155 0.0170585 0.0193251 0.0216163 0.0239344 0.0262833 0.0286688 0.0310981 0.0335798 0.0361234 0.0387389 0.041436 0.0442232 0.0471073 0.0500929 0.0531812 0.0563699 0.0596525 0.0630165 0.0664427 0.0699034 0.0733609 0.0767666 0.0800619 0.0831795 0.0860463 0.0885868 0.0907258 0.0923905 0.0935112 0.0940229 0.0938679 0.0930019 0.0914003 0.0890645 0.0860227 0.0823262 0.0780419 0.0732475 0.0680328 0.0625049 0.0567894 0.0510208 0.0453234 0.0397948 0.0345103 0.02954 0.0249581 0.0208263 0.0171706 0.0139774 0.0112144 0.0088555 0.00688486 0.00528328 0.0040134 0.00301958 0.00224127 0.00162793 0.00114553 0.000773528 0.0004975 0.000303221 0.000174737 9.56249e-05 5.14806e-05 
0 6.64566e-05 0.000153562 0.000282125 0.000472463 0.000743026 0.00110962 0.00158745 0.00219711 0.00297241 0.00396444 0.00523558 0.0068443 0.00883044 0.0112144 0.0140125 0.0172525 0.0209687 0.025175 0.0298424 0.034904 0.0402834 0.0459106 0.0517079 0.0575681 0.0633544 0.0689253 0.0741555 0.0789396 0.0831855 0.08681 0.0897422 0.091932 0.0933592 0.0940339 0.0939911 0.0932823 0.0919699 0.090123 0.0878171 0.0851327 0.0821533 0.0789613 0.0756335 0.0722377 0.0688305 0.0654569 0.0621518 0.0589411 0.0558434 0.0528709 0.0500299 0.0473218 0.0447428 0.0422852 0.0399382 0.0376887 0.0355229 0.033427 0.0313881 0.0293949 0.0274374 0.0255079 0.0236 0.0217091 0.019832 0.0179667 0.0161122 0.0142686 0.0124368 0.0106186 0.00881614 0.00703243 0.00527079 0.00353494 0.00182886 0.000156667 -0.00147746 -0.00306938 -0.00461503 -0.00611053 -0.00755217 -0.00893653 -0.0102604 -0.0115209 -0.0127153 -0.0138414 -0.014897 -0.0158802 -0.0167895 -0.0176235 -0.018381 -0.019061 -0.0196627 -0.0201854 -0.0206285 -0.0209916 -0.0212744 -0.0214765 -0.0215979 -0.0216383 -0.0215979 -0.0214765 -0.0212744 -0.0209916 -0.0206285 -0.0201854 -0.0196627 -0.019061 -0.018381 -0.0176235 -0.0167895 -0.0158802 -0.014897 -0.0138414 -0.0127153 -0.0115209 -0.0102604 -0.00893653 -0.00755217 -0.00611053 -0.00461503 -0.00306938 -0.00147746 0.000156667 0.00182886 0.00353494 0.00527079 0.00703243 0.00881614 0.0106186 0.0124368 0.0142686 0.0161122 0.0179667 0.019832 0.0217091 0.0236 0.0255079 0.0274374 0.0293949 0.0313881 0.033427 0.0355229 0.0376887 0.0399382 0.0422852 0.0447428 0.0473218 0.0500299 0.0528709 0.0558434 0.0589411 0.0621518 0.0654569 0.0688305 0.0722377 0.0756335 0.0789613 0.0821533 0.0851327 0.0878171 0.090123 0.0919699 0.0932823 0.0939911 0.0940339 0.0933592 0.091932 0.0897422 0.08681 0.0831855 0.0789396 0.0741555 0.0689253 0.0633544 0.0575681 0.0517079 0.0459106 0.0402834 0.034904 0.0298424 0.025175 0.0209687 0.0172525 0.0140125 0.0112144 0.00883044 0.0068443 0.00523558 0.00396444 0.00297242 0.00219711 0.0015875 0.00110979 0.000743594 0.000474193 0.000286942 0.00016596 9.60651e-05 
0 0.000110477 0.000248157 0.000438727 0.000704765 0.00106497 0.00153611 0.0021391 0.00290739 0.00389204 0.005157 0.00676382 0.00875559 0.0111545 0.0139774 0.0172525 0.0210163 0.025284 0.0300247 0.0351675 0.0406337 0.0463528 0.0522446 0.0581921 0.0640467 0.0696613 0.0749121 0.0796944 0.0839102 0.0874684 0.0902952 0.0923451 0.0936071 0.0941014 0.0938696 0.0929669 0.0914591 0.0894214 0.0869381 0.0841001 0.0809993 0.0777229 0.0743485 0.0709422 0.0675575 0.0642375 0.0610158 0.0579183 0.0549633 0.0521622 0.0495195 0.0470331 0.044696 0.0424968 0.040422 0.0384566 0.0365855 0.0347946 0.0330704 0.031401 0.0297755 0.0281843 0.0266188 0.0250717 0.023537 0.0220096 0.0204859 0.0189638 0.017442 0.0159206 0.0144007 0.0128845 0.0113745 0.00987405 0.00838696 0.00691718 0.00546889 0.00404628 0.00265357 0.00129486 -2.58651e-05 -0.00130478 -0.00253826 -0.00372286 -0.00485541 -0.00593289 -0.00695258 -0.00791193 -0.00880865 -0.00964066 -0.0104061 -0.0111033 -0.0117307 -0.0122872 -0.0127716 -0.013183 -0.0135206 -0.0137838 -0.0139722 -0.0140853 -0.014123 -0.0140853 -0.0139722 -0.0137838 -0.0135206 -0.013183 -0.0127716 -0.0122872 -0.0117307 -0.0111033 -0.0104061 -0.00964066 -0.00880865 -0.00791193 -0.00695258 -0.00593289 -0.00485541 -0.00372286 -0.00253826 -0.00130478 -2.58651e-05 0.00129486 0.00265357 0.00404628 0.00546889 0.00691718 0.00838696 0.00987405 0.0113745 0.0128845 0.0144007 0.0159206 0.017442 0.0189638 0.0204859 0.0220096 0.023537 0.0250717 0.0266188 0.0281843 0.0297755 0.031401 0.0330704 0.0347946 0.0365855 0.0384566 0.040422 0.0424968 0.044696 0.0470331 0.0495195 0.0521622 0.0549633 0.0579183 0.0610158 0.0642375 0.0675575 0.0709422 0.0743485 0.0777229 0.0809993 0.0841001 0.0869381 0.0894214 0.0914591 0.0929669 0.0938696 0.0941014 0.0936071 0.0923451 0.0902952 0.0874684 0.0839102 0.0796944 0.0749121 0.0696613 0.0640467 0.0581921 0.0522446 0.0463528 0.0406337 0.0351675 0.0300247 0.025284 0.0210163 0.0172525 0.0139774 0.0111545 0.00875559 0.00676382 0.005157 0.00389205 0.00290742 0.00213925 0.00153661 0.0010665 0.000709066 0.000449891 0.00027507 0.000170896 
0 0.000174389 0.000381729 0.000651654 0.00100857 0.001473 0.00206741 0.00282523 0.00379732 0.00504888 0.00664474 0.00863199 0.0110354 0.0138721 0.0171706 0.0209687 0.025284 0.0300856 0.0352996 0.0408443 0.0466486 0.0526293 0.0586605 0.0645829 0.0702446 0.0755238 0.0803144 0.0845098 0.0880102 0.0907413 0.0926651 0.0937794 0.0941109 0.0937039 0.0926154 0.0909158 0.0886898 0.0860325 0.0830441 0.0798227 0.0764567 0.0730227 0.0695852 0.0661974 0.0629029 0.0597368 0.0567249 0.0538841 0.0512222 0.0487393 0.0464288 0.0442797 0.0422786 0.0404108 0.0386615 0.0370165 0.0354622 0.0339854 0.0325736 0.0312149 0.0298979 0.0286125 0.0273493 0.0261006 0.0248599 0.0236223 0.0223842 0.0211434 0.019899 0.0186509 0.0174 0.0161478 0.0148964 0.0136482 0.0124062 0.0111735 0.00995341 0.00874946 0.00756523 0.00640437 0.00527054 0.00416737 0.00309843 0.00206717 0.00107696 0.000130953 -0.000767816 -0.00161654 -0.00241258 -0.00315353 -0.00383717 -0.00446152 -0.00502478 -0.00552538 -0.00596196 -0.00633331 -0.00663848 -0.00687663 -0.00704719 -0.00714969 -0.0071839 -0.00714969 -0.00704719 -0.00687663 -0.00663848 -0.00633331 -0.00596196 -0.00552538 -0.00502478 -0.00446152 -0.00383717 -0.00315353 -0.00241258 -0.00161654 -0.000767816 0.000130953 0.00107696 0.00206717 0.00309843 0.00416737 0.00527054 0.00640437 0.00756523 0.00874946 0.00995341 0.0111735 0.0124062 0.0136482 0.0148964 0.0161478 0.0174 0.0186509 0.019899 0.0211434 0.0223842 0.0236223 0.0248599 0.0261006 0.0273493 0.0286125 0.0298979 0.0312149 0.0325736 0.0339854 0.0354622 0.0370165 0.0386615 0.0404108 0.0422786 0.0442797 0.0464288 0.0487393 0.0512222 0.0538841 0.0567249 0.0597368 0.0629029 0.0661974 0.0695852 0.0730227 0.0764567 0.0798227 0.0830441 0.0860325 0.0886898 0.0909158 0.0926154 0.0937039 0.0941109 0.0937794 0.0926651 0.0907413 0.0880102 0.0845098 0.0803144 0.0755238 0.0702446 0.0645829 0.0586605 0.0526293 0.0466486 0.0408443 0.0352996 0.0300856 0.025284 0.0209687 0.0171706 0.0138721 0.0110354 0.00863199 0.00664475 0.00504892 0.00379745 0.00282566 0.00206875 0.00147678 0.00101847 0.000675755 0.000436404 0.000290115 
0 0.000261817 0.000560328 0.000928023 0.00139228 0.00197984 0.00272575 0.00368125 0.00491285 0.0064889 0.00846134 0.0108585 0.013698 0.0170076 0.0208263 0.025175 0.0300247 0.0352996 0.0409146 0.0467967 0.0528606 0.058973 0.0649645 0.0706788 0.0759953 0.0808052 0.0849911 0.0884444 0.091094 0.0929107 0.0938987 0.0940864 0.0935188 0.0922556 0.0903746 0.0879725 0.0851549 0.0820281 0.0786917 0.0752338 0.07173 0.0682462 0.0648384 0.0615525 0.0584245 0.0554782 0.0527265 0.0501726 0.0478115 0.0456335 0.0436262 0.0417756 0.0400674 0.0384875 0.0370211 0.035654 0.0343718 0.0331605 0.032007 0.0308992 0.0298264 0.0287796 0.027751 0.0267349 0.0257262 0.0247214 0.0237177 0.0227131 0.0217063 0.0206966 0.0196838 0.0186683 0.0176509 0.0166329 0.0156162 0.0146029 0.0135956 0.0125972 0.0116107 0.0106395 0.00968671 0.0087559 0.00785042 0.0069736 0.00612872 0.00531888 0.0045471 0.00381616 0.00312876 0.00248731 0.00189413 0.00135123 0.00086054 0.000423667 4.21248e-05 -0.000282863 -0.000550193 -0.000759028 -0.000908664 -0.000998648 -0.00102867 -0.000998648 -0.000908664 -0.000759028 -0.000550193 -0.000282863 4.21248e-05 0.000423667 0.00086054 0.00135123 0.00189413 0.00248731 0.00312876 0.00381616 0.0045471 0.00531888 0.00612872 0.0069736 0.00785042 0.0087559 0.00968671 0.0106395 0.0116107 0.0125972 0.0135956 0.0146029 0.0156162 0.0166329 0.0176509 0.0186683 0.0196838 0.0206966 0.0217063 0.0227131 0.0237177 0.0247214 0.0257262 0.0267349 0.027751 0.0287796 0.0298264 0.0308992 0.032007 0.0331605 0.0343718 0.035654 0.0370211 0.0384875 0.0400674 0.0417756 0.0436262 0.0456335 0.0478115 0.0501726 0.0527265 0.0554782 0.0584245 0.0615525 0.0648384 0.0682462 0.07173 0.0752338 0.0786917 0.0820281 0.0851549 0.0879725 0.0903746 0.0922556 0.0935188 0.0940864 0.0938987 0.0929107 0.091094 0.0884444 0.0849911 0.0808052 0.0759953 0.0706788 0.0649645 0.058973 0.0528606 0.0467967 0.0409146 0.0352996 0.0300247 0.025175 0.0208263 0.0170076 0.013698 0.0108585 0.00846137 0.006489 0.00491322 0.0036824 0.00272901 0.00198848 0.00141354 0.000976794 0.000664753 0.00047068 
