0 0 0 0 0 0 0 0 0 0 0 0 0 0 0 0 0 0 0 0 0 0 0 0 0 0 0 0 0 0 0 0 0 0 0 0 0 0 0 0 0 0 0 0 0 0 0 0 0 0 0 0 0 0 0 0 0 0 0 0 0 0 0 0 0 0 0 0 0 0 0 0 0 0 0 0 0 0 0 0 0 0 0 0 0 0 0 0 0 0 0 0 0 0 0 0 0 0 0 0 0 0 0 0 0 0 0 0 0 0 0 0 0 0 0 0 0 0 0 0 0 0 0 0 0 0 0 0 0 0 0 0 0 0 0 0 0 0 0 0 0 0 0 0 0 0 0 0 0 0 0 0 0 0 0 0 0 0 0 0 0 0 0 0 0 0 0 0 0 0 0 0 0 0 0 0 0 0 0 0 0 0 0 0 0 0 0 0 0 0 0 0 0 0 0 0 0 0 0 0 
0 0.00014956 0.000306598 0.000476903 0.000664751 0.00087567 0.0011206 0.00141838 0.00179328 0.00226689 0.00284801 0.0035276 0.00428379 0.00509483 0.00595073 0.0068536 0.00780515 0.00879068 0.00977234 0.0106973 0.0115141 0.0121864 0.0126936 0.0130235 0.0131612 0.0130858 0.0127748 0.0122139 0.0114049 0.0103675 0.00913549 0.00774857 0.00624619 0.00466423 0.00303551 0.00139221 -0.000232087 -0.00180227 -0.00328367 -0.00464533 -0.0058631 -0.00692159 -0.00781432 -0.0085424 -0.00911243 -0.0095342 -0.00981892 -0.00997826 -0.010024 -0.00996821 -0.00982347 -0.00960306 -0.00932078 -0.00899066 -0.00862628 -0.00824027 -0.0078437 -0.00744581 -0.00705381 -0.00667301 -0.00630699 -0.00595795 -0.00562705 -0.00531474 -0.00502101 -0.00474561 -0.00448818 -0.00424829 -0.0040255 -0.00381934 -0.00362928 -0.00345473 -0.00329502 -0.00314941 -0.00301707 -0.00289713 -0.00278866 -0.00269074 -0.00260245 -0.00252289 -0.00245122 -0.00238666 -0.00232847 -0.00227603 -0.00222875 -0.00218613 -0.00214774 -0.00211319 -0.00208217 -0.0020544 -0.00202966 -0.00200774 -0.0019885 -0.00197179 -0.00195751 -0.00194557 -0.00193589 -0.00192841 -0.0019231 -0.00191993 -0.00191887 -0.00191993 -0.0019231 -0.00192841 -0.00193589 -0.00194557 -0.00195751 -0.00197179 -0.0019885 -0.00200774 -0.00202966 -0.0020544 -0.00208217 -0.00211319 -0.00214774 -0.00218613 -0.00222875 -0.00227603 -0.00232847 -0.00238666 -0.00245122 -0.00252289 -0.00260245 -0.00269074 -0.00278866 -0.00289713 -0.00301707 -0.00314941 -0.00329502 -0.00345473 -0.00362928 -0.00381934 -0.0040255 -0.00424829 -0.00448818 -0.00474561 -0.00502101 -0.00531474 -0.00562705 -0.00595795 -0.00630699 -0.00667301 -0.00705381 -0.00744581 -0.0078437 -0.00824027 -0.00862628 -0.00899066 -0.00932078 -0.00960306 -0.00982347 -0.00996821 -0.010024 -0.00997826 -0.00981892 -0.0095342 -0.00911243 -0.0085424 -0.00781432 -0.00692159 -0.0058631 -0.00464533 -0.00328367 -0.00180227 -0.000232087 0.00139221 0.00303551 0.00466423 0.00624619 0.00774857 0.00913549 0.0103675 0.0114049 0.0122139 0.0127748 0.0130858 0.0131612 0.0130235 0.0126936 0.0121864 0.0115141 0.0106973 0.00977234 0.00879068 0.00780515 0.0068536 0.00595073 0.00509483 0.00428379 0.00352761 0.00284805 0.00226703 0.00179374 0.00141969 0.00112406 0.000884077 0.000683744 0.000516887 0.00038519 0.000293987 
0 0.000306598 0.000626328 0.000970907 0.00135188 0.00178509 0.00229573 0.00291941 0.0036956 0.0046549 0.00580711 0.00713853 0.00862154 0.0102297 0.0119462 0.0137593 0.0156469 0.0175645 0.0194448 0.0212087 0.0227797 0.0240919 0.0250904 0.0257279 0.025962 0.0257573 0.0250906 0.0239559 0.0223671 0.0203576 0.0179764 0.0152841 0.0123494 0.0092455 0.00604768 0.00283096 -0.000332595 -0.00337654 -0.00624251 -0.00888203 -0.0112577 -0.0133433 -0.0151238 -0.0165942 -0.0177583 -0.018628 -0.019221 -0.0195601 -0.0196715 -0.0195833 -0.0193246 -0.0189238 -0.0184084 -0.0178039 -0.0171336 -0.0164181 -0.0156756 -0.0149214 -0.0141686 -0.0134277 -0.0127073 -0.0120138 -0.0113521 -0.0107255 -0.010136 -0.00958462 -0.0090713 -0.00859538 -0.00815565 -0.00775053 -0.00737815 -0.00703651 -0.00672353 -0.00643714 -0.00617534 -0.00593618 -0.00571784 -0.00551863 -0.00533695 -0.00517137 -0.00502054 -0.00488326 -0.00475841 -0.00464501 -0.00454213 -0.00444897 -0.00436479 -0.00428891 -0.00422076 -0.0041598 -0.00410557 -0.00405765 -0.00401568 -0.00397934 -0.00394837 -0.00392254 -0.00390165 -0.00388556 -0.00387415 -0.00386734 -0.00386507 -0.00386734 -0.00387415 -0.00388556 -0.00390165 -0.00392254 -0.00394837 -0.00397934 -0.00401568 -0.00405765 -0.00410557 -0.0041598 -0.00422076 -0.00428891 -0.00436479 -0.00444897 -0.00454213 -0.00464501 -0.00475841 -0.00488326 -0.00502054 -0.00517137 -0.00533695 -0.00551863 -0.00571784 -0.00593618 -0.00617534 -0.00643714 -0.00672353 -0.00703651 -0.00737815 -0.00775053 -0.00815565 -0.00859538 -0.0090713 -0.00958462 -0.010136 -0.0107255 -0.0113521 -0.0120138 -0.0127073 -0.0134277 -0.0141686 -0.0149214 -0.0156756 -0.0164181 -0.0171336 -0.0178039 -0.0184084 -0.0189238 -0.0193246 -0.0195833 -0.0196715 -0.0195601 -0.019221 -0.018628 -0.0177583 -0.0165942 -0.0151238 -0.0133433 -0.0112577 -0.00888203 -0.00624251 -0.00337654 -0.000332595 0.00283096 0.00604768 0.0092455 0.0123494 0.0152841 0.0179764 0.0203576 0.0223671 0.0239559 0.0250906 0.0257573 0.025962 0.0257279 0.0250904 0.0240919 0.0227797 0.0212087 0.0194448 0.0175645 0.0156469 0.0137593 0.0119462 0.0102297 0.00862154 0.00713856 0.00580725 0.00465538 0.00369702 0.00292324 0.00230529 0.00180727 0.00139988 0.00106802 0.000810336 0.000633539 
0 0.000476903 0.000970907 0.00150086 0.00209048 0.00277206 0.00358732 0.00458243 0.00579767 0.00725725 0.00896605 0.0109151 0.0130901 0.0154734 0.0180379 0.0207372 0.0235039 0.0262577 0.0289157 0.0313958 0.0336127 0.0354738 0.0368824 0.0377492 0.0380057 0.0376121 0.0365579 0.0348549 0.0325318 0.0296306 0.0262082 0.0223392 0.0181159 0.0136453 0.00904205 0.00441916 -0.000118916 -0.00448132 -0.00859245 -0.0123914 -0.0158307 -0.0188747 -0.0214996 -0.0236932 -0.0254555 -0.026798 -0.027743 -0.0283214 -0.0285705 -0.0285311 -0.0282447 -0.0277521 -0.0270913 -0.0262971 -0.025401 -0.0244307 -0.0234107 -0.0223626 -0.0213049 -0.0202536 -0.0192222 -0.0182216 -0.0172604 -0.0163448 -0.0154791 -0.0146658 -0.0139057 -0.0131985 -0.0125429 -0.0119367 -0.0113776 -0.0108627 -0.0103891 -0.00995393 -0.00955438 -0.00918776 -0.00885159 -0.00854352 -0.00826141 -0.00800328 -0.0077673 -0.00755182 -0.0073553 -0.00717635 -0.00701367 -0.00686609 -0.00673254 -0.00661205 -0.00650373 -0.00640679 -0.00632051 -0.00624426 -0.00617746 -0.00611963 -0.00607034 -0.00602923 -0.00599599 -0.00597039 -0.00595224 -0.0059414 -0.00593779 -0.0059414 -0.00595224 -0.00597039 -0.00599599 -0.00602923 -0.00607034 -0.00611963 -0.00617746 -0.00624426 -0.00632051 -0.00640679 -0.00650373 -0.00661205 -0.00673254 -0.00686609 -0.00701367 -0.00717635 -0.0073553 -0.00755182 -0.0077673 -0.00800328 -0.00826141 -0.00854352 -0.00885159 -0.00918776 -0.00955438 -0.00995393 -0.0103891 -0.0108627 -0.0113776 -0.0119367 -0.0125429 -0.0131985 -0.0139057 -0.0146658 -0.0154791 -0.0163448 -0.0172604 -0.0182216 -0.0192222 -0.0202536 -0.0213049 -0.0223626 -0.0234107 -0.0244307 -0.025401 -0.0262971 -0.0270913 -0.0277521 -0.0282447 -0.0285311 -0.0285705 -0.0283214 -0.027743 -0.026798 -0.0254555 -0.0236932 -0.0214996 -0.0188747 -0.0158307 -0.0123914 -0.00859245 -0.00448132 -0.000118916 0.00441916 0.00904205 0.0136453 0.0181159 0.0223392 0.0262082 0.0296306 0.0325318 0.0348549 0.0365579 0.0376121 0.0380057 0.0377492 0.0368824 0.0354738 0.0336127 0.0313958 0.0289157 0.0262577 0.0235039 0.0207372 0.0180379 0.0154735 0.0130901 0.0109153 0.00896651 0.00725862 0.0058014 0.00459183 0.00360938 0.00282038 0.00218957 0.00169138 0.0013149 0.00106112 
0 0.000664751 0.00135188 0.00209048 0.0029208 0.00389367 0.0050634 0.00647625 0.00816134 0.0101308 0.0123887 0.0149398 0.0177864 0.0209122 0.0242665 0.0277633 0.0312986 0.0347707 0.0380871 0.0411552 0.0438707 0.0461154 0.0477693 0.0487285 0.0489186 0.0482996 0.046862 0.0446214 0.0416139 0.0378965 0.033547 0.028664 0.0233636 0.0177731 0.0120243 0.00624622 0.00055982 -0.00492576 -0.0101157 -0.0149308 -0.0193087 -0.023204 -0.0265884 -0.0294494 -0.0317893 -0.0336232 -0.0349764 -0.0358824 -0.0363805 -0.0365137 -0.036327 -0.0358661 -0.0351755 -0.0342983 -0.0332745 -0.032141 -0.0309307 -0.0296725 -0.0283912 -0.0271075 -0.0258384 -0.0245976 -0.0233954 -0.0222399 -0.0211367 -0.0200896 -0.0191007 -0.0181713 -0.017301 -0.0164892 -0.0157344 -0.0150344 -0.014387 -0.0137895 -0.0132392 -0.0127332 -0.0122685 -0.0118425 -0.0114523 -0.0110952 -0.0107688 -0.0104708 -0.010199 -0.00995136 -0.00972609 -0.00952153 -0.00933619 -0.00916871 -0.00901789 -0.00888267 -0.00876208 -0.00865529 -0.00856157 -0.00848028 -0.00841088 -0.0083529 -0.00830597 -0.00826979 -0.0082441 -0.00822876 -0.00822365 -0.00822876 -0.0082441 -0.00826979 -0.00830597 -0.0083529 -0.00841088 -0.00848028 -0.00856157 -0.00865529 -0.00876208 -0.00888267 -0.00901789 -0.00916871 -0.00933619 -0.00952153 -0.00972609 -0.00995136 -0.010199 -0.0104708 -0.0107688 -0.0110952 -0.0114523 -0.0118425 -0.0122685 -0.0127332 -0.0132392 -0.0137895 -0.014387 -0.0150344 -0.0157344 -0.0164892 -0.017301 -0.0181713 -0.0191007 -0.0200896 -0.0211367 -0.0222399 -0.0233954 -0.0245976 -0.0258384 -0.0271075 -0.0283912 -0.0296725 -0.0309307 -0.032141 -0.0332745 -0.0342983 -0.0351755 -0.0358661 -0.036327 -0.0365137 -0.0363805 -0.0358824 -0.0349764 -0.0336232 -0.0317893 -0.0294494 -0.0265884 -0.023204 -0.0193087 -0.0149308 -0.0101157 -0.00492576 0.00055982 0.00624622 0.0120243 0.0177731 0.0233636 0.028664 0.033547 0.0378965 0.0416139 0.0446214 0.046862 0.0482996 0.0489186 0.0487285 0.0477693 0.0461154 0.0438707 0.0411552 0.0380871 0.0347707 0.0312986 0.0277633 0.0242665 0.0209123 0.0177865 0.0149403 0.01239 0.0101343 0.00817033 0.00649749 0.00511029 0.0039906 0.00310876 0.0024329 0.00193893 0.00161436 
0 0.00087567 0.00178509 0.00277206 0.00389367 0.00521337 0.00678706 0.00865135 0.0108231 0.0133112 0.0161282 0.0192892 0.0227932 0.0266022 0.0306363 0.03479 0.038952 0.0430126 0.0468571 0.0503591 0.0533845 0.0558047 0.0575086 0.0584078 0.0584362 0.0575492 0.0557272 0.0529813 0.0493568 0.0449327 0.0398145 0.0341253 0.027996 0.0215603 0.0149514 0.00830074 0.00173616 -0.00462147 -0.0106629 -0.0162952 -0.0214455 -0.0260624 -0.0301154 -0.0335924 -0.0364964 -0.0388424 -0.0406544 -0.0419637 -0.0428069 -0.0432252 -0.0432634 -0.0429684 -0.042388 -0.0415694 -0.0405581 -0.0393965 -0.038123 -0.0367717 -0.0353721 -0.0339489 -0.0325229 -0.031111 -0.0297267 -0.0283808 -0.0270817 -0.0258357 -0.0246472 -0.0235194 -0.0224541 -0.021452 -0.0205128 -0.0196356 -0.0188188 -0.0180602 -0.0173574 -0.0167075 -0.0161079 -0.0155553 -0.015047 -0.01458 -0.0141514 -0.0137587 -0.0133993 -0.0130709 -0.0127713 -0.0124986 -0.0122509 -0.0120267 -0.0118243 -0.0116426 -0.0114804 -0.0113365 -0.0112101 -0.0111003 -0.0110066 -0.0109282 -0.0108647 -0.0108157 -0.010781 -0.0107602 -0.0107533 -0.0107602 -0.010781 -0.0108157 -0.0108647 -0.0109282 -0.0110066 -0.0111003 -0.0112101 -0.0113365 -0.0114804 -0.0116426 -0.0118243 -0.0120267 -0.0122509 -0.0124986 -0.0127713 -0.0130709 -0.0133993 -0.0137587 -0.0141514 -0.01458 -0.015047 -0.0155553 -0.0161079 -0.0167075 -0.0173574 -0.0180602 -0.0188188 -0.0196356 -0.0205128 -0.021452 -0.0224541 -0.0235194 -0.0246472 -0.0258357 -0.0270817 -0.0283808 -0.0297267 -0.031111 -0.0325229 -0.0339489 -0.0353721 -0.0367717 -0.038123 -0.0393965 -0.0405581 -0.0415694 -0.042388 -0.0429684 -0.0432634 -0.0432252 -0.0428069 -0.0419637 -0.0406544 -0.0388424 -0.0364964 -0.0335924 -0.0301154 -0.0260624 -0.0214455 -0.0162952 -0.0106629 -0.00462147 0.00173616 0.00830074 0.0149514 0.0215603 0.027996 0.0341253 0.0398145 0.0449327 0.0493568 0.0529813 0.0557272 0.0575492 0.0584362 0.0584078 0.0575086 0.0558047 0.0533845 0.0503591 0.0468571 0.0430126 0.038952 0.03479 0.0306363 0.0266023 0.0227936 0.0192904 0.0161315 0.0133196 0.0108433 0.00869614 0.00688033 0.00539559 0.00422809 0.00334956 0.0027259 0.00232718 
0 0.0011206 0.00229573 0.00358732 0.0050634 0.00678706 0.00880395 0.0111398 0.0138107 0.0168353 0.0202344 0.0240121 0.0281363 0.0325354 0.0371159 0.0417785 0.0464174 0.050907 0.055097 0.0588278 0.0619537 0.0643568 0.0659457 0.0666471 0.0664013 0.0651662 0.0629283 0.0597102 0.0555728 0.0506088 0.0449333 0.0386743 0.0319661 0.0249458 0.0177514 0.0105182 0.00337619 -0.00355475 -0.0101685 -0.0163757 -0.0221048 -0.0273027 -0.0319335 -0.0359771 -0.0394282 -0.0422941 -0.0445934 -0.0463541 -0.0476115 -0.0484065 -0.0487834 -0.0487884 -0.0484679 -0.0478674 -0.0470306 -0.0459991 -0.0448113 -0.0435027 -0.0421056 -0.0406488 -0.0391579 -0.0376549 -0.0361585 -0.0346844 -0.0332451 -0.0318505 -0.0305081 -0.0292232 -0.0279993 -0.0268386 -0.0257417 -0.0247085 -0.0237382 -0.0228294 -0.02198 -0.021188 -0.020451 -0.0197665 -0.0191319 -0.0185449 -0.0180027 -0.0175029 -0.0170432 -0.0166212 -0.0162347 -0.0158818 -0.0155603 -0.0152686 -0.015005 -0.0147679 -0.0145559 -0.0143678 -0.0142024 -0.0140587 -0.0139359 -0.0138333 -0.0137501 -0.013686 -0.0136404 -0.0136132 -0.0136042 -0.0136132 -0.0136404 -0.013686 -0.0137501 -0.0138333 -0.0139359 -0.0140587 -0.0142024 -0.0143678 -0.0145559 -0.0147679 -0.015005 -0.0152686 -0.0155603 -0.0158818 -0.0162347 -0.0166212 -0.0170432 -0.0175029 -0.0180027 -0.0185449 -0.0191319 -0.0197665 -0.020451 -0.021188 -0.02198 -0.0228294 -0.0237382 -0.0247085 -0.0257417 -0.0268386 -0.0279993 -0.0292232 -0.0305081 -0.0318505 -0.0332451 -0.0346844 -0.0361585 -0.0376549 -0.0391579 -0.0406488 -0.0421056 -0.0435027 -0.0448113 -0.0459991 -0.0470306 -0.0478674 -0.0484679 -0.0487884 -0.0487834 -0.0484065 -0.0476115 -0.0463541 -0.0445934 -0.0422941 -0.0394282 -0.0359771 -0.0319335 -0.0273027 -0.0221048 -0.0163757 -0.0101685 -0.00355475 0.00337619 0.0105182 0.0177514 0.0249458 0.0319661 0.0386743 0.0449333 0.0506088 0.0555728 0.0597102 0.0629283 0.0651662 0.0664013 0.0666471 0.0659457 0.0643568 0.0619537 0.0588278 0.055097 0.050907 0.0464174 0.0417785 0.037116 0.0325358 0.0281374 0.0240152 0.0202423 0.0168542 0.0138529 0.0112284 0.00897846 0.00710977 0.00562482 0.00450831 0.00372581 0.00323434 
0 0.00141838 0.00291941 0.00458243 0.00647625 0.00865135 0.0111398 0.013966 0.0171584 0.0207461 0.0247387 0.0291048 0.0337732 0.0386545 0.0436606 0.0486983 0.0536481 0.0583563 0.0626537 0.0663834 0.0694153 0.071643 0.0729778 0.0733487 0.0727086 0.0710416 0.0683657 0.0647288 0.0602021 0.0548749 0.0488531 0.0422573 0.0352211 0.0278854 0.0203914 0.0128731 0.00545223 -0.00176462 -0.00868578 -0.0152332 -0.0213411 -0.0269557 -0.0320357 -0.0365529 -0.040493 -0.0438555 -0.0466521 -0.0489053 -0.0506453 -0.0519075 -0.052731 -0.0531562 -0.0532238 -0.0529746 -0.0524484 -0.0516839 -0.0507186 -0.0495883 -0.0483268 -0.0469652 -0.0455321 -0.044053 -0.0425502 -0.0410428 -0.039547 -0.038076 -0.0366405 -0.0352489 -0.0339073 -0.0326205 -0.0313915 -0.0302224 -0.0291141 -0.0280669 -0.0270802 -0.0261531 -0.0252843 -0.024472 -0.0237144 -0.0230093 -0.0223548 -0.0217484 -0.021188 -0.0206714 -0.0201965 -0.019761 -0.0193631 -0.0190008 -0.0186724 -0.0183762 -0.0181108 -0.0178747 -0.0176668 -0.0174858 -0.017331 -0.0172013 -0.0170962 -0.017015 -0.0169573 -0.0169228 -0.0169114 -0.0169228 -0.0169573 -0.017015 -0.0170962 -0.0172013 -0.017331 -0.0174858 -0.0176668 -0.0178747 -0.0181108 -0.0183762 -0.0186724 -0.0190008 -0.0193631 -0.019761 -0.0201965 -0.0206714 -0.021188 -0.0217484 -0.0223548 -0.0230093 -0.0237144 -0.024472 -0.0252843 -0.0261531 -0.0270802 -0.0280669 -0.0291141 -0.0302224 -0.0313915 -0.0326205 -0.0339073 -0.0352489 -0.0366405 -0.038076 -0.039547 -0.0410428 -0.0425502 -0.044053 -0.0455321 -0.0469652 -0.0483268 -0.0495883 -0.0507186 -0.0516839 -0.0524484 -0.0529746 -0.0532238 -0.0531562 -0.052731 -0.0519075 -0.0506453 -0.0489053 -0.0466521 -0.0438555 -0.040493 -0.0365529 -0.0320357 -0.0269557 -0.0213411 -0.0152332 -0.00868578 -0.00176462 0.00545223 0.0128731 0.0203914 0.0278854 0.0352211 0.0422573 0.0488531 0.0548749 0.0602021 0.0647288 0.0683657 0.0710416 0.0727086 0.0733487 0.0729778 0.071643 0.0694153 0.0663834 0.0626537 0.0583563 0.0536481 0.0486984 0.0436609 0.0386555 0.033776 0.029112 0.0247561 0.0207854 0.0172416 0.0141312 0.0114478 0.00919152 0.00736918 0.00597869 0.00499601 0.00437865 
0 0.00179328 0.0036956 0.00579767 0.00816134 0.0108231 0.0138107 0.0171584 0.0209052 0.0250705 0.0296289 0.0345105 0.0396263 0.0448908 0.0502151 0.0554828 0.0605423 0.0652305 0.0693989 0.072921 0.0756814 0.0775728 0.0785055 0.0784226 0.0773077 0.0751817 0.0720924 0.0681028 0.0632875 0.0577339 0.0515441 0.044835 0.0377334 0.030369 0.0228672 0.015344 0.0079041 0.000640759 -0.00636383 -0.013038 -0.0193209 -0.0251628 -0.0305255 -0.0353824 -0.0397178 -0.0435258 -0.0468093 -0.0495785 -0.0518503 -0.0536472 -0.0549963 -0.0559285 -0.0564778 -0.0566803 -0.0565727 -0.056192 -0.0555742 -0.0547541 -0.0537642 -0.0526351 -0.0513947 -0.0500687 -0.0486802 -0.0472502 -0.0457971 -0.0443372 -0.0428849 -0.0414523 -0.0400496 -0.0386852 -0.0373658 -0.0360967 -0.0348817 -0.0337232 -0.0326229 -0.0315814 -0.0305987 -0.0296741 -0.0288065 -0.0279945 -0.0272364 -0.0265305 -0.0258748 -0.0252672 -0.024706 -0.0241891 -0.0237147 -0.023281 -0.0228863 -0.0225291 -0.0222079 -0.0219214 -0.0216683 -0.0214475 -0.0212582 -0.0210994 -0.0209704 -0.0208707 -0.0207998 -0.0207573 -0.0207432 -0.0207573 -0.0207998 -0.0208707 -0.0209704 -0.0210994 -0.0212582 -0.0214475 -0.0216683 -0.0219214 -0.0222079 -0.0225291 -0.0228863 -0.023281 -0.0237147 -0.0241891 -0.024706 -0.0252672 -0.0258748 -0.0265305 -0.0272364 -0.0279945 -0.0288065 -0.0296741 -0.0305987 -0.0315814 -0.0326229 -0.0337232 -0.0348817 -0.0360967 -0.0373658 -0.0386852 -0.0400496 -0.0414523 -0.0428849 -0.0443372 -0.0457971 -0.0472502 -0.0486802 -0.0500687 -0.0513947 -0.0526351 -0.0537642 -0.0547541 -0.0555742 -0.056192 -0.0565727 -0.0566803 -0.0564778 -0.0559285 -0.0549963 -0.0536472 -0.0518503 -0.0495785 -0.0468093 -0.0435258 -0.0397178 -0.0353824 -0.0305255 -0.0251628 -0.0193209 -0.013038 -0.00636383 0.000640759 0.0079041 0.015344 0.0228672 0.030369 0.0377334 0.044835 0.0515441 0.0577339 0.0632875 0.0681028 0.0720924 0.0751817 0.0773077 0.0784226 0.0785055 0.0775728 0.0756814 0.072921 0.069399 0.0652305 0.0605424 0.055483 0.050216 0.0448933 0.0396328 0.0345263 0.029665 0.0251475 0.0210597 0.0174491 0.0143251 0.0116808 0.00951294 0.0078219 0.00659839 0.0058175 
0 0.00226689 0.0046549 0.00725725 0.0101308 0.0133112 0.0168353 0.0207461 0.0250705 0.0297918 0.0348465 0.0401504 0.0456214 0.0511719 0.0566818 0.0619952 0.0669505 0.0714108 0.0752625 0.0783953 0.080698 0.0820752 0.0824662 0.0818506 0.0802434 0.0776842 0.0742289 0.0699483 0.0649283 0.0592687 0.0530771 0.0464633 0.0395335 0.0323885 0.0251238 0.0178312 0.0105985 0.00350764 -0.00336726 -0.00996296 -0.0162279 -0.0221218 -0.0276142 -0.0326821 -0.0373086 -0.0414815 -0.0451935 -0.0484423 -0.0512316 -0.0535709 -0.0554758 -0.056967 -0.0580697 -0.0588119 -0.0592238 -0.0593363 -0.0591804 -0.0587865 -0.0581841 -0.0574017 -0.0564663 -0.0554036 -0.0542377 -0.052991 -0.0516845 -0.0503369 -0.0489653 -0.0475847 -0.0462084 -0.0448476 -0.0435118 -0.042209 -0.0409455 -0.0397263 -0.0385552 -0.037435 -0.0363675 -0.0353539 -0.0343945 -0.0334895 -0.0326384 -0.0318404 -0.0310944 -0.0303994 -0.0297539 -0.0291565 -0.0286059 -0.0281006 -0.0276392 -0.0272202 -0.0268424 -0.0265045 -0.0262053 -0.0259439 -0.0257193 -0.0255307 -0.0253773 -0.0252586 -0.0251741 -0.0251236 -0.0251068 -0.0251236 -0.0251741 -0.0252586 -0.0253773 -0.0255307 -0.0257193 -0.0259439 -0.0262053 -0.0265045 -0.0268424 -0.0272202 -0.0276392 -0.0281006 -0.0286059 -0.0291565 -0.0297539 -0.0303994 -0.0310944 -0.0318404 -0.0326384 -0.0334895 -0.0343945 -0.0353539 -0.0363675 -0.037435 -0.0385552 -0.0397263 -0.0409455 -0.042209 -0.0435118 -0.0448476 -0.0462084 -0.0475847 -0.0489653 -0.0503369 -0.0516845 -0.052991 -0.0542377 -0.0554036 -0.0564663 -0.0574017 -0.0581841 -0.0587865 -0.0591804 -0.0593363 -0.0592238 -0.0588119 -0.0580697 -0.056967 -0.0554758 -0.0535709 -0.0512316 -0.0484423 -0.0451935 -0.0414815 -0.0373086 -0.0326821 -0.0276142 -0.0221218 -0.0162279 -0.00996296 -0.00336726 0.00350764 0.0105985 0.0178312 0.0251238 0.0323885 0.0395335 0.0464633 0.0530771 0.0592687 0.0649283 0.0699483 0.0742289 0.0776842 0.0802434 0.0818506 0.0824662 0.0820752 0.080698 0.0783953 0.0752625 0.0714109 0.0669507 0.061996 0.056684 0.0511777 0.0456356 0.0401831 0.0349171 0.0299346 0.0253418 0.021231 0.0176512 0.0146082 0.0120886 0.0100836 0.00859444 0.0076243 
0 0.00284801 0.00580711 0.00896605 0.0123887 0.0161282 0.0202344 0.0247387 0.0296289 0.0348465 0.040313 0.0459534 0.0516858 0.0573901 0.0629049 0.0680651 0.0727374 0.0768147 0.0801899 0.0827538 0.0844201 0.0851417 0.0849069 0.0837279 0.0816334 0.078668 0.0748959 0.0704028 0.0652905 0.0596652 0.0536278 0.0472701 0.0406742 0.033916 0.0270686 0.0202025 0.0133845 0.0066757 0.000129737 -0.00620735 -0.0122961 -0.0181028 -0.023598 -0.028756 -0.0335554 -0.0379787 -0.0420134 -0.0456518 -0.0488907 -0.0517315 -0.0541796 -0.0562438 -0.0579365 -0.059273 -0.0602716 -0.060953 -0.0613403 -0.061458 -0.0613322 -0.0609892 -0.0604554 -0.0597565 -0.0589172 -0.0579607 -0.0569089 -0.0557815 -0.0545968 -0.0533712 -0.0521193 -0.0508543 -0.0495877 -0.0483295 -0.0470887 -0.0458726 -0.0446876 -0.0435391 -0.0424313 -0.0413676 -0.0403507 -0.0393824 -0.0384641 -0.0375965 -0.0367798 -0.036014 -0.0352988 -0.0346335 -0.0340174 -0.0334496 -0.0329291 -0.0324549 -0.0320259 -0.0316412 -0.0312998 -0.0310008 -0.0307435 -0.030527 -0.0303507 -0.0302142 -0.030117 -0.0300587 -0.0300394 -0.0300587 -0.030117 -0.0302142 -0.0303507 -0.030527 -0.0307435 -0.0310008 -0.0312998 -0.0316412 -0.0320259 -0.0324549 -0.0329291 -0.0334496 -0.0340174 -0.0346335 -0.0352988 -0.036014 -0.0367798 -0.0375965 -0.0384641 -0.0393824 -0.0403507 -0.0413676 -0.0424313 -0.0435391 -0.0446876 -0.0458726 -0.0470887 -0.0483295 -0.0495877 -0.0508543 -0.0521193 -0.0533712 -0.0545968 -0.0557815 -0.0569089 -0.0579607 -0.0589172 -0.0597565 -0.0604554 -0.0609892 -0.0613322 -0.061458 -0.0613403 -0.060953 -0.0602716 -0.059273 -0.0579365 -0.0562438 -0.0541796 -0.0517315 -0.0488907 -0.0456518 -0.0420134 -0.0379787 -0.0335554 -0.028756 -0.023598 -0.0181028 -0.0122961 -0.00620735 0.000129737 0.0066757 0.0133845 0.0202025 0.0270686 0.033916 0.0406742 0.0472701 0.0536278 0.0596652 0.0652905 0.0704028 0.0748959 0.078668 0.0816334 0.0837279 0.0849069 0.0851417 0.0844201 0.0827539 0.0801899 0.076815 0.0727381 0.068067 0.06291 0.0574027 0.0517151 0.0460172 0.0404434 0.035097 0.0300811 0.0255073 0.0214681 0.0180067 0.015121 0.0127976 0.011042 0.00988231 
0 0.0035276 0.00713853 0.0109151 0.0149398 0.0192892 0.0240121 0.0291048 0.0345105 0.0401504 0.0459534 0.0518449 0.0577104 0.0633891 0.068715 0.0735565 0.0778078 0.0813576 0.0840932 0.0859359 0.0868569 0.0868611 0.0859671 0.0842047 0.0816196 0.0782762 0.0742596 0.0696673 0.0645965 0.059137 0.0533719 0.0473765 0.0412204 0.0349671 0.0286721 0.0223812 0.0161321 0.00995673 0.00388424 -0.00205592 -0.00783352 -0.0134181 -0.0187802 -0.0238933 -0.028735 -0.0332867 -0.0375338 -0.0414644 -0.0450692 -0.0483408 -0.0512739 -0.0538662 -0.0561181 -0.0580339 -0.0596217 -0.060893 -0.061863 -0.0625496 -0.0629727 -0.0631536 -0.0631146 -0.0628781 -0.0624663 -0.0619009 -0.0612029 -0.0603922 -0.0594876 -0.058507 -0.0574665 -0.0563815 -0.0552657 -0.0541316 -0.0529904 -0.0518518 -0.0507246 -0.0496162 -0.048533 -0.0474803 -0.0464627 -0.0454837 -0.0445462 -0.0436525 -0.0428042 -0.0420026 -0.0412484 -0.0405421 -0.0398838 -0.0392736 -0.0387112 -0.0381964 -0.0377286 -0.0373074 -0.0369323 -0.0366028 -0.0363183 -0.0360785 -0.0358829 -0.0357311 -0.0356229 -0.0355581 -0.0355365 -0.0355581 -0.0356229 -0.0357311 -0.0358829 -0.0360785 -0.0363183 -0.0366028 -0.0369323 -0.0373074 -0.0377286 -0.0381964 -0.0387112 -0.0392736 -0.0398838 -0.0405421 -0.0412484 -0.0420026 -0.0428042 -0.0436525 -0.0445462 -0.0454837 -0.0464627 -0.0474803 -0.048533 -0.0496162 -0.0507246 -0.0518518 -0.0529904 -0.0541316 -0.0552657 -0.0563815 -0.0574665 -0.058507 -0.0594876 -0.0603922 -0.0612029 -0.0619009 -0.0624663 -0.0628781 -0.0631146 -0.0631536 -0.0629727 -0.0625496 -0.061863 -0.060893 -0.0596217 -0.0580339 -0.0561181 -0.0538662 -0.0512739 -0.0483408 -0.0450692 -0.0414644 -0.0375338 -0.0332867 -0.028735 -0.0238933 -0.0187802 -0.0134181 -0.00783352 -0.00205592 0.00388424 0.00995673 0.0161321 0.0223812 0.0286721 0.0349671 0.0412204 0.0473765 0.0533719 0.059137 0.0645965 0.0696673 0.0742596 0.0782762 0.0816196 0.0842047 0.0859671 0.0868611 0.0868569 0.0859359 0.0840934 0.0813581 0.0778094 0.0735609 0.068726 0.0634149 0.0577672 0.0519625 0.0461819 0.0405676 0.0352274 0.0302677 0.0257997 0.021911 0.0186415 0.0159989 0.0139965 0.0126726 
0 0.00428379 0.00862154 0.0130901 0.0177864 0.0227932 0.0281363 0.0337732 0.0396263 0.0456214 0.0516858 0.0577104 0.0635381 0.0690055 0.0739857 0.0783765 0.0820634 0.0849275 0.0868921 0.0879411 0.0880897 0.0873605 0.0857907 0.0834409 0.0803916 0.0767361 0.0725711 0.0679843 0.0630527 0.0578493 0.0524446 0.0469032 0.0412819 0.0356258 0.0299656 0.0243219 0.0187097 0.0131416 0.00763229 0.00219872 -0.00314084 -0.00836654 -0.0134583 -0.0183962 -0.0231598 -0.0277286 -0.0320823 -0.0362012 -0.0400672 -0.0436646 -0.0469806 -0.0500062 -0.0527356 -0.0551666 -0.0573002 -0.0591401 -0.0606929 -0.0619675 -0.0629748 -0.0637283 -0.0642427 -0.0645349 -0.0646227 -0.0645247 -0.0642604 -0.063849 -0.0633096 -0.0626606 -0.0619196 -0.061103 -0.0602262 -0.0593033 -0.0583469 -0.0573687 -0.0563789 -0.0553866 -0.0543999 -0.0534258 -0.0524705 -0.0515392 -0.0506366 -0.0497663 -0.0489317 -0.0481353 -0.0473795 -0.0466659 -0.0459959 -0.0453706 -0.0447907 -0.0442568 -0.0437693 -0.0433283 -0.042934 -0.0425864 -0.0422854 -0.042031 -0.0418231 -0.0416615 -0.0415461 -0.0414769 -0.0414539 -0.0414769 -0.0415461 -0.0416615 -0.0418231 -0.042031 -0.0422854 -0.0425864 -0.042934 -0.0433283 -0.0437693 -0.0442568 -0.0447907 -0.0453706 -0.0459959 -0.0466659 -0.0473795 -0.0481353 -0.0489317 -0.0497663 -0.0506366 -0.0515392 -0.0524705 -0.0534258 -0.0543999 -0.0553866 -0.0563789 -0.0573687 -0.0583469 -0.0593033 -0.0602262 -0.061103 -0.0619196 -0.0626606 -0.0633096 -0.063849 -0.0642604 -0.0645247 -0.0646227 -0.0645349 -0.0642427 -0.0637283 -0.0629748 -0.0619675 -0.0606929 -0.0591401 -0.0573002 -0.0551666 -0.0527356 -0.0500062 -0.0469806 -0.0436646 -0.0400672 -0.0362012 -0.0320823 -0.0277286 -0.0231598 -0.0183962 -0.0134583 -0.00836654 -0.00314084 0.00219872 0.00763229 0.0131416 0.0187097 0.0243219 0.0299656 0.0356258 0.0412819 0.0469032 0.0524446 0.0578493 0.0630527 0.0679843 0.0725711 0.0767361 0.0803916 0.0834409 0.0857907 0.0873605 0.0880897 0.0879413 0.0868926 0.0849289 0.0820672 0.078386 0.0740082 0.0690556 0.0636429 0.0579164 0.0520664 0.0462834 0.040712 0.0354599 0.0306329 0.026345 0.0226927 0.0197369 0.017515 0.0160627 
0 0.00509483 0.0102297 0.0154734 0.0209122 0.0266022 0.0325354 0.0386545 0.0448908 0.0511719 0.0573901 0.0633891 0.0690055 0.0741164 0.0786268 0.0824249 0.0853893 0.087446 0.0885879 0.0888345 0.0882054 0.0867408 0.0845187 0.0816399 0.07821 0.0743314 0.0700939 0.0655733 0.0608412 0.0559655 0.0510022 0.0459946 0.0409735 0.0359562 0.0309526 0.0259708 0.0210158 0.0160912 0.0112005 0.00634508 0.00152713 -0.00324789 -0.00797119 -0.0126282 -0.0171993 -0.0216624 -0.0259929 -0.0301672 -0.0341634 -0.0379616 -0.0415451 -0.0449 -0.0480143 -0.0508792 -0.0534875 -0.0558349 -0.0579196 -0.0597424 -0.0613072 -0.0626205 -0.0636914 -0.0645313 -0.0651532 -0.0655721 -0.0658035 -0.0658638 -0.0657695 -0.0655372 -0.0651833 -0.0647234 -0.0641729 -0.063546 -0.0628565 -0.062117 -0.0613392 -0.060534 -0.0597111 -0.0588796 -0.0580473 -0.0572215 -0.0564083 -0.0556134 -0.0548416 -0.054097 -0.0533832 -0.0527032 -0.0520597 -0.0514545 -0.0508897 -0.0503665 -0.0498863 -0.0494498 -0.0490579 -0.0487111 -0.0484099 -0.0481545 -0.0479454 -0.0477825 -0.0476661 -0.0475962 -0.047573 -0.0475962 -0.0476661 -0.0477825 -0.0479454 -0.0481545 -0.0484099 -0.0487111 -0.0490579 -0.0494498 -0.0498863 -0.0503665 -0.0508897 -0.0514545 -0.0520597 -0.0527032 -0.0533832 -0.054097 -0.0548416 -0.0556134 -0.0564083 -0.0572215 -0.0580473 -0.0588796 -0.0597111 -0.060534 -0.0613392 -0.062117 -0.0628565 -0.063546 -0.0641729 -0.0647234 -0.0651833 -0.0655372 -0.0657695 -0.0658638 -0.0658035 -0.0655721 -0.0651532 -0.0645313 -0.0636914 -0.0626205 -0.0613072 -0.0597424 -0.0579196 -0.0558349 -0.0534875 -0.0508792 -0.0480143 -0.0449 -0.0415451 -0.0379616 -0.0341634 -0.0301672 -0.0259929 -0.0216624 -0.0171993 -0.0126282 -0.00797119 -0.00324789 0.00152713 0.00634508 0.0112005 0.0160912 0.0210158 0.0259708 0.0309526 0.0359562 0.0409735 0.0459946 0.0510022 0.0559655 0.0608412 0.0655733 0.0700939 0.0743314 0.07821 0.08164 0.0845187 0.0867408 0.0882055 0.0888349 0.088589 0.0874491 0.0853973 0.0824442 0.0786704 0.0742086 0.069189 0.0637325 0.0579948 0.0521759 0.0464683 0.0410133 0.0359193 0.0313069 0.0273161 0.024073 0.0216574 0.0201024 
0 0.00595073 0.0119462 0.0180379 0.0242665 0.0306363 0.0371159 0.0436606 0.0502151 0.0566818 0.0629049 0.068715 0.0739857 0.0786268 0.0825333 0.0855863 0.0877165 0.0889266 0.0892418 0.0886771 0.0872733 0.0851233 0.0823432 0.0790436 0.0753305 0.0713039 0.067051 0.0626528 0.0581835 0.0536948 0.0492167 0.0447667 0.0403507 0.0359686 0.0316216 0.0273074 0.023019 0.0187484 0.0144848 0.0102175 0.00594132 0.00165539 -0.00263569 -0.00692064 -0.0111858 -0.0154138 -0.0195851 -0.0236796 -0.0276756 -0.031551 -0.0352846 -0.0388549 -0.0422432 -0.045433 -0.0484102 -0.0511651 -0.0536901 -0.0559816 -0.0580388 -0.0598629 -0.0614581 -0.0628299 -0.063986 -0.0649354 -0.0656882 -0.0662562 -0.0666515 -0.0668874 -0.0669776 -0.066936 -0.066777 -0.0665141 -0.0661614 -0.0657318 -0.065238 -0.0646917 -0.064104 -0.0634851 -0.0628443 -0.0621902 -0.0615303 -0.0608718 -0.0602205 -0.0595822 -0.0589614 -0.0583627 -0.0577895 -0.0572451 -0.0567324 -0.0562537 -0.0558111 -0.0554062 -0.0550407 -0.0547156 -0.054432 -0.0541908 -0.0539926 -0.0538379 -0.0537272 -0.0536606 -0.0536385 -0.0536606 -0.0537272 -0.0538379 -0.0539926 -0.0541908 -0.054432 -0.0547156 -0.0550407 -0.0554062 -0.0558111 -0.0562537 -0.0567324 -0.0572451 -0.0577895 -0.0583627 -0.0589614 -0.0595822 -0.0602205 -0.0608718 -0.0615303 -0.0621902 -0.0628443 -0.0634851 -0.064104 -0.0646917 -0.065238 -0.0657318 -0.0661614 -0.0665141 -0.066777 -0.066936 -0.0669776 -0.0668874 -0.0666515 -0.0662562 -0.0656882 -0.0649354 -0.063986 -0.0628299 -0.0614581 -0.0598629 -0.0580388 -0.0559816 -0.0536901 -0.0511651 -0.0484102 -0.045433 -0.0422432 -0.0388549 -0.0352846 -0.031551 -0.0276756 -0.0236796 -0.0195851 -0.0154138 -0.0111858 -0.00692064 -0.00263569 0.00165539 0.00594132 0.0102175 0.0144848 0.0187484 0.023019 0.0273074 0.0316216 0.0359686 0.0403507 0.0447667 0.0492167 0.0536948 0.0581835 0.0626528 0.067051 0.0713039 0.0753305 0.0790436 0.0823432 0.0851234 0.0872736 0.0886781 0.0892444 0.0889334 0.0877328 0.0856236 0.0826133 0.0787883 0.074292 0.0692615 0.0638241 0.0581438 0.0524253 0.0468609 0.0415977 0.0367689 0.0325341 0.0290627 0.0264786 0.0248288 
0 0.0068536 0.0137593 0.0207372 0.0277633 0.03479 0.0417785 0.0486983 0.0554828 0.0619952 0.0680651 0.0735565 0.0783765 0.0824249 0.0855863 0.0877948 0.0890635 0.0894272 0.0889014 0.0875292 0.0854182 0.0826972 0.079474 0.0758527 0.0719448 0.0678521 0.0636656 0.0594671 0.0553111 0.0512226 0.0472167 0.0432992 0.0394636 0.0357021 0.0320016 0.0283393 0.024694 0.0210465 0.0173782 0.0136792 0.00994387 0.006168 0.00235306 -0.00149832 -0.00538165 -0.00928626 -0.0131995 -0.017104 -0.0209778 -0.024799 -0.028543 -0.0321865 -0.0357083 -0.0390882 -0.0423099 -0.045359 -0.0482235 -0.0508949 -0.0533656 -0.0556314 -0.0576901 -0.059541 -0.0611868 -0.0626308 -0.0638794 -0.0649398 -0.0658208 -0.0665329 -0.0670865 -0.0674937 -0.067766 -0.0679161 -0.0679558 -0.0678973 -0.0677524 -0.0675322 -0.067248 -0.0669097 -0.0665274 -0.06611 -0.0656662 -0.0652037 -0.0647298 -0.0642512 -0.0637737 -0.063303 -0.0628436 -0.0624003 -0.0619765 -0.061576 -0.0612015 -0.0608559 -0.060541 -0.0602592 -0.0600118 -0.0598004 -0.0596258 -0.0594893 -0.0593912 -0.0593323 -0.0593125 -0.0593323 -0.0593912 -0.0594893 -0.0596258 -0.0598004 -0.0600118 -0.0602592 -0.060541 -0.0608559 -0.0612015 -0.061576 -0.0619765 -0.0624003 -0.0628436 -0.063303 -0.0637737 -0.0642512 -0.0647298 -0.0652037 -0.0656662 -0.06611 -0.0665274 -0.0669097 -0.067248 -0.0675322 -0.0677524 -0.0678973 -0.0679558 -0.0679161 -0.067766 -0.0674937 -0.0670865 -0.0665329 -0.0658208 -0.0649398 -0.0638794 -0.0626308 -0.0611868 -0.059541 -0.0576901 -0.0556314 -0.0533656 -0.0508949 -0.0482235 -0.045359 -0.0423099 -0.0390882 -0.0357083 -0.0321865 -0.028543 -0.024799 -0.0209778 -0.017104 -0.0131995 -0.00928626 -0.00538165 -0.00149832 0.00235306 0.006168 0.00994387 0.0136792 0.0173782 0.0210465 0.024694 0.0283393 0.0320016 0.0357021 0.0394636 0.0432992 0.0472167 0.0512226 0.0553111 0.0594671 0.0636656 0.0678521 0.0719448 0.0758527 0.0794741 0.0826974 0.085419 0.0875313 0.0889069 0.0894408 0.0890951 0.0878635 0.0857267 0.0826948 0.0788649 0.0743894 0.0694071 0.0640484 0.0584864 0.0529387 0.0476151 0.0426924 0.0383393 0.0347313 0.032016 0.0302737 
0 0.00780515 0.0156469 0.0235039 0.0312986 0.038952 0.0464174 0.0536481 0.0605423 0.0669505 0.0727374 0.0778078 0.0820634 0.0853893 0.0877165 0.0890635 0.0894779 0.0889825 0.087625 0.0855279 0.0828341 0.0796487 0.0760716 0.0722277 0.0682336 0.0641813 0.0601535 0.0562094 0.0523757 0.0486729 0.0451173 0.0417032 0.0384151 0.0352327 0.0321214 0.0290479 0.0259876 0.0229153 0.0198126 0.0166684 0.0134684 0.010204 0.00687106 0.00346511 -9.50782e-06 -0.00354463 -0.00713052 -0.0107503 -0.0143879 -0.0180255 -0.0216423 -0.0252203 -0.0287385 -0.0321768 -0.035517 -0.038739 -0.0418271 -0.0447661 -0.0475428 -0.0501487 -0.0525751 -0.0548188 -0.0568771 -0.0587502 -0.0604408 -0.0619516 -0.0632891 -0.0644585 -0.0654677 -0.066325 -0.0670386 -0.0676187 -0.068074 -0.0684155 -0.0686525 -0.0687958 -0.0688551 -0.0688402 -0.0687612 -0.0686266 -0.068446 -0.0682269 -0.067978 -0.0677058 -0.0674177 -0.0671193 -0.0668169 -0.0665152 -0.0662192 -0.0659329 -0.06566 -0.065404 -0.0651675 -0.0649534 -0.0647635 -0.0646001 -0.0644641 -0.0643573 -0.0642802 -0.0642339 -0.0642182 -0.0642339 -0.0642802 -0.0643573 -0.0644641 -0.0646001 -0.0647635 -0.0649534 -0.0651675 -0.065404 -0.06566 -0.0659329 -0.0662192 -0.0665152 -0.0668169 -0.0671193 -0.0674177 -0.0677058 -0.067978 -0.0682269 -0.068446 -0.0686266 -0.0687612 -0.0688402 -0.0688551 -0.0687958 -0.0686525 -0.0684155 -0.068074 -0.0676187 -0.0670386 -0.066325 -0.0654677 -0.0644585 -0.0632891 -0.0619516 -0.0604408 -0.0587502 -0.0568771 -0.0548188 -0.0525751 -0.0501487 -0.0475428 -0.0447661 -0.0418271 -0.038739 -0.035517 -0.0321768 -0.0287385 -0.0252203 -0.0216423 -0.0180255 -0.0143879 -0.0107503 -0.00713052 -0.00354463 -9.50782e-06 0.00346511 0.00687106 0.010204 0.0134684 0.0166684 0.0198126 0.0229153 0.0259876 0.0290479 0.0321214 0.0352327 0.0384151 0.0417032 0.0451173 0.0486729 0.0523757 0.0562094 0.0601535 0.0641813 0.0682336 0.0722278 0.0760718 0.0796493 0.0828358 0.0855325 0.0876363 0.0890088 0.089536 0.089184 0.0879515 0.0858208 0.08281 0.0790275 0.0746278 0.0697469 0.0645258 0.0591678 0.0539264 0.0490401 0.0446992 0.0410632 0.0382785 0.0364655 
0 0.00879068 0.0175645 0.0262577 0.0347707 0.0430126 0.050907 0.0583563 0.0652305 0.0714108 0.0768147 0.0813576 0.0849275 0.087446 0.0889266 0.0894272 0.0889825 0.0876464 0.0855537 0.0828638 0.0796848 0.0761148 0.0722941 0.0683558 0.064387 0.0604633 0.0566507 0.0529809 0.0494775 0.0461675 0.0430481 0.0400968 0.0372938 0.0346057 0.0319942 0.0294352 0.0268993 0.0243551 0.0217824 0.0191567 0.0164571 0.0136762 0.0108048 0.00784157 0.00479308 0.0016614 -0.00154459 -0.00481462 -0.00814131 -0.0115091 -0.0149044 -0.0183113 -0.0217085 -0.0250791 -0.0284015 -0.0316564 -0.0348272 -0.0378951 -0.0408478 -0.0436715 -0.0463557 -0.0488934 -0.0512759 -0.0535009 -0.0555639 -0.0574646 -0.059204 -0.0607829 -0.0622065 -0.0634779 -0.0646044 -0.0655917 -0.0664478 -0.067181 -0.0677989 -0.0683115 -0.0687261 -0.0690532 -0.0693 -0.0694762 -0.0695894 -0.0696478 -0.0696593 -0.0696305 -0.0695691 -0.0694804 -0.0693717 -0.069247 -0.069113 -0.0689727 -0.0688318 -0.0686927 -0.0685602 -0.0684359 -0.0683235 -0.0682244 -0.0681411 -0.0680745 -0.0680264 -0.0679969 -0.0679873 -0.0679969 -0.0680264 -0.0680745 -0.0681411 -0.0682244 -0.0683235 -0.0684359 -0.0685602 -0.0686927 -0.0688318 -0.0689727 -0.069113 -0.069247 -0.0693717 -0.0694804 -0.0695691 -0.0696305 -0.0696593 -0.0696478 -0.0695894 -0.0694762 -0.0693 -0.0690532 -0.0687261 -0.0683115 -0.0677989 -0.067181 -0.0664478 -0.0655917 -0.0646044 -0.0634779 -0.0622065 -0.0607829 -0.059204 -0.0574646 -0.0555639 -0.0535009 -0.0512759 -0.0488934 -0.0463557 -0.0436715 -0.0408478 -0.0378951 -0.0348272 -0.0316564 -0.0284015 -0.0250791 -0.0217085 -0.0183113 -0.0149044 -0.0115091 -0.00814131 -0.00481462 -0.00154459 0.0016614 0.00479308 0.00784157 0.0108048 0.0136762 0.0164571 0.0191567 0.0217824 0.0243551 0.0268993 0.0294352 0.0319942 0.0346057 0.0372938 0.0400968 0.0430481 0.0461675 0.0494775 0.0529809 0.0566507 0.0604633 0.0643871 0.068356 0.0722946 0.0761161 0.0796884 0.082873 0.0855754 0.0876949 0.0890845 0.0896292 0.0893034 0.0881077 0.0860247 0.0830816 0.0793963 0.0751252 0.0704161 0.0654487 0.0604748 0.0557726 0.051566 0.0480111 0.0452457 0.0434205 
0 0.00977234 0.0194448 0.0289157 0.0380871 0.0468571 0.055097 0.0626537 0.0693989 0.0752625 0.0801899 0.0840932 0.0868921 0.0885879 0.0892418 0.0889014 0.087625 0.0855537 0.0828644 0.0796766 0.0760906 0.0722613 0.068341 0.0644116 0.0605387 0.0567998 0.0532368 0.0498686 0.0467249 0.043806 0.0410804 0.0385317 0.0361392 0.0338645 0.0316846 0.0295733 0.0274875 0.0253994 0.0232829 0.0211067 0.0188595 0.0165304 0.0141061 0.0115886 0.00897299 0.00625661 0.00344784 0.000547422 -0.00243453 -0.00548413 -0.0085929 -0.0117418 -0.0149171 -0.0181045 -0.0212845 -0.0244453 -0.0275681 -0.0306379 -0.0336415 -0.0365607 -0.0393859 -0.042102 -0.0446995 -0.0471705 -0.0495056 -0.0517032 -0.053757 -0.0556681 -0.0574357 -0.0590613 -0.0605493 -0.0619012 -0.0631247 -0.0642227 -0.0652033 -0.0660719 -0.0668356 -0.0675019 -0.0680769 -0.0685698 -0.0689852 -0.069333 -0.0696176 -0.069848 -0.0700288 -0.0701678 -0.0702698 -0.0703409 -0.0703861 -0.07041 -0.0704177 -0.0704121 -0.0703982 -0.0703777 -0.0703551 -0.070331 -0.0703094 -0.07029 -0.0702761 -0.0702665 -0.070264 -0.0702665 -0.0702761 -0.07029 -0.0703094 -0.070331 -0.0703551 -0.0703777 -0.0703982 -0.0704121 -0.0704177 -0.07041 -0.0703861 -0.0703409 -0.0702698 -0.0701678 -0.0700288 -0.069848 -0.0696176 -0.069333 -0.0689852 -0.0685698 -0.0680769 -0.0675019 -0.0668356 -0.0660719 -0.0652033 -0.0642227 -0.0631247 -0.0619012 -0.0605493 -0.0590613 -0.0574357 -0.0556681 -0.053757 -0.0517032 -0.0495056 -0.0471705 -0.0446995 -0.042102 -0.0393859 -0.0365607 -0.0336415 -0.0306379 -0.0275681 -0.0244453 -0.0212845 -0.0181045 -0.0149171 -0.0117418 -0.0085929 -0.00548413 -0.00243453 0.000547422 0.00344784 0.00625661 0.00897299 0.0115886 0.0141061 0.0165304 0.0188595 0.0211067 0.0232829 0.0253994 0.0274875 0.0295733 0.0316846 0.0338645 0.0361392 0.0385317 0.0410804 0.043806 0.0467249 0.0498686 0.0532368 0.0567998 0.0605388 0.064412 0.068342 0.0722642 0.0760979 0.0796942 0.0829044 0.085639 0.0877966 0.0892263 0.0898217 0.0895644 0.0884489 0.0864554 0.0836262 0.0801008 0.0760566 0.0716756 0.0671784 0.0628313 0.0588826 0.0555147 0.0528764 0.0511293 
