0 0 0 0 0 0 0 0 0 0 0 0 0 0 0 0 0 0 0 0 0 0 0 0 0 0 0 0 0 0 0 0 0 0 0 0 0 0 0 0 0 0 0 0 0 0 0 0 0 0 0 0 0 0 0 0 0 0 0 0 0 0 0 0 0 0 0 0 0 0 0 0 0 0 0 0 0 0 0 0 0 0 0 0 0 0 0 0 0 0 0 0 0 0 0 0 0 0 0 0 0 0 0 0 0 0 0 0 0 0 0 0 0 0 0 0 0 0 0 0 0 0 0 0 0 0 0 0 0 0 0 0 0 0 0 0 0 0 0 0 0 0 0 0 0 0 0 0 0 0 0 0 0 0 0 0 0 0 0 0 0 0 0 0 0 0 0 0 0 0 0 0 0 0 0 0 0 0 0 0 0 0 0 0 0 0 0 0 0 0 0 0 0 0 0 0 0 0 0 0 
0 0.000391563 0.000796795 0.00123534 0.00173214 0.00230871 0.00297215 0.00371143 0.004506 0.00534149 0.00621893 0.00714706 0.00812204 0.00911182 0.0100601 0.0109075 0.0116125 0.0121554 0.0125246 0.0127017 0.0126567 0.0123586 0.0117908 0.0109604 0.00989593 0.00863693 0.00722335 0.00569058 0.00407121 0.00240012 0.000717917 -0.000929727 -0.00249687 -0.00394349 -0.00524018 -0.00636974 -0.00732555 -0.00810828 -0.00872251 -0.00917457 -0.00947198 -0.00962404 -0.00964275 -0.00954328 -0.00934373 -0.00906396 -0.00872404 -0.00834266 -0.00793595 -0.00751682 -0.00709501 -0.00667751 -0.00626923 -0.00587374 -0.00549383 -0.00513187 -0.00478994 -0.00446984 -0.00417293 -0.00390003 -0.00365131 -0.0034263 -0.00322391 -0.00304256 -0.00288036 -0.00273523 -0.00260507 -0.0024879 -0.00238194 -0.00228565 -0.00219776 -0.00211724 -0.00204328 -0.00197526 -0.0019127 -0.00185522 -0.00180249 -0.00175423 -0.00171019 -0.0016701 -0.00163372 -0.00160079 -0.00157106 -0.00154429 -0.00152023 -0.00149865 -0.00147934 -0.0014621 -0.00144675 -0.00143313 -0.00142109 -0.00141052 -0.00140131 -0.00139337 -0.00138662 -0.00138101 -0.00137648 -0.00137299 -0.00137052 -0.00136905 -0.00136856 -0.00136905 -0.00137052 -0.00137299 -0.00137648 -0.00138101 -0.00138662 -0.00139337 -0.00140131 -0.00141052 -0.00142109 -0.00143313 -0.00144675 -0.0014621 -0.00147934 -0.00149865 -0.00152023 -0.00154429 -0.00157106 -0.00160079 -0.00163372 -0.0016701 -0.00171019 -0.00175423 -0.00180249 -0.00185522 -0.0019127 -0.00197526 -0.00204328 -0.00211724 -0.00219776 -0.00228565 -0.00238194 -0.0024879 -0.00260507 -0.00273523 -0.00288036 -0.00304256 -0.00322391 -0.0034263 -0.00365131 -0.00390003 -0.00417293 -0.00446984 -0.00478994 -0.00513187 -0.00549383 -0.00587374 -0.00626923 -0.00667751 -0.00709501 -0.00751682 -0.00793595 -0.00834266 -0.00872404 -0.00906396 -0.00934373 -0.00954328 -0.00964275 -0.00962404 -0.00947198 -0.00917457 -0.00872251 -0.00810828 -0.00732555 -0.00636974 -0.00524018 -0.00394349 -0.00249687 -0.000929727 0.000717917 0.00240012 0.00407121 0.00569058 0.00722335 0.00863693 0.00989593 0.0109604 0.0117908 0.0123586 0.0126567 0.0127017 0.0125246 0.0121554 0.0116125 0.0109075 0.0100601 0.00911202 0.00812262 0.00714868 0.00622311 0.00535145 0.00452815 0.00375743 0.00306149 0.00247106 0.00200845 0.0016763 0.00145844 0.00132955 
0 0.000796795 0.00162754 0.0025311 0.00354805 0.00470886 0.00602239 0.00747537 0.00904532 0.0107166 0.0124839 0.014339 0.01625 0.018153 0.0199633 0.0215957 0.0229784 0.0240531 0.0247675 0.0250711 0.024919 0.0242806 0.0231469 0.0215333 0.019477 0.0170313 0.014262 0.0112436 0.00805687 0.00478636 0.00151683 -0.0016708 -0.0047033 -0.00751809 -0.0100651 -0.0123074 -0.0142214 -0.015796 -0.0170316 -0.017939 -0.0185374 -0.0188528 -0.0189156 -0.018759 -0.018417 -0.0179233 -0.0173099 -0.0166065 -0.0158402 -0.015035 -0.0142118 -0.0133881 -0.0125784 -0.0117941 -0.0110437 -0.010333 -0.00966571 -0.00904374 -0.0084674 -0.00793598 -0.00744794 -0.00700125 -0.00659357 -0.00622237 -0.00588511 -0.00557922 -0.00530221 -0.00505168 -0.0048253 -0.00462088 -0.00443635 -0.00426976 -0.0041193 -0.00398331 -0.00386027 -0.00374879 -0.00364766 -0.00355578 -0.00347217 -0.00339601 -0.00332654 -0.00326313 -0.00320522 -0.00315235 -0.0031041 -0.00306011 -0.00302009 -0.00298375 -0.00295088 -0.00292127 -0.00289475 -0.00287117 -0.00285039 -0.00283231 -0.00281683 -0.00280386 -0.00279334 -0.00278521 -0.00277943 -0.00277598 -0.00277483 -0.00277598 -0.00277943 -0.00278521 -0.00279334 -0.00280386 -0.00281683 -0.00283231 -0.00285039 -0.00287117 -0.00289475 -0.00292127 -0.00295088 -0.00298375 -0.00302009 -0.00306011 -0.0031041 -0.00315235 -0.00320522 -0.00326313 -0.00332654 -0.00339601 -0.00347217 -0.00355578 -0.00364766 -0.00374879 -0.00386027 -0.00398331 -0.0041193 -0.00426976 -0.00443635 -0.00462088 -0.0048253 -0.00505168 -0.00530221 -0.00557922 -0.00588511 -0.00622237 -0.00659357 -0.00700125 -0.00744794 -0.00793598 -0.0084674 -0.00904374 -0.00966571 -0.010333 -0.0110437 -0.0117941 -0.0125784 -0.0133881 -0.0142118 -0.015035 -0.0158402 -0.0166065 -0.0173099 -0.0179233 -0.018417 -0.018759 -0.0189156 -0.0188528 -0.0185374 -0.017939 -0.0170316 -0.015796 -0.0142214 -0.0123074 -0.0100651 -0.00751809 -0.0047033 -0.0016708 0.00151683 0.00478636 0.00805687 0.0112436 0.014262 0.0170313 0.019477 0.0215333 0.0231469 0.0242806 0.024919 0.0250711 0.0247675 0.0240531 0.0229784 0.0215957 0.0199635 0.0181536 0.0162517 0.0143436 0.0124951 0.0107421 0.00910001 0.00758488 0.006228 0.00507108 0.00414754 0.00346521 0.00300288 0.00272187 
0 0.00123534 0.0025311 0.00394261 0.00551322 0.00726844 0.00921615 0.0113541 0.0136773 0.0161762 0.018825 0.0215712 0.0243389 0.0270418 0.0295939 0.0319075 0.0338839 0.0354145 0.0363955 0.0367476 0.036426 0.0354171 0.0337285 0.0313819 0.0284149 0.024887 0.0208851 0.0165206 0.0119203 0.00721357 0.00252167 -0.0020479 -0.00640241 -0.0104623 -0.0141602 -0.0174411 -0.0202651 -0.0226092 -0.0244692 -0.0258585 -0.0268051 -0.0273473 -0.0275298 -0.0273989 -0.0270008 -0.02638 -0.0255782 -0.024635 -0.0235872 -0.0224689 -0.0213111 -0.0201409 -0.0189812 -0.0178506 -0.0167628 -0.0157278 -0.0147515 -0.013837 -0.0129852 -0.0121951 -0.0114648 -0.010792 -0.0101737 -0.00960702 -0.00908892 -0.00861641 -0.00818648 -0.00779615 -0.00744245 -0.00712241 -0.00683315 -0.00657185 -0.00633582 -0.00612252 -0.00592959 -0.00575485 -0.00559636 -0.00545236 -0.00532132 -0.00520188 -0.00509289 -0.00499333 -0.00490234 -0.00481918 -0.00474322 -0.0046739 -0.00461078 -0.00455343 -0.00450151 -0.00445471 -0.00441278 -0.00437548 -0.00434261 -0.00431399 -0.00428948 -0.00426895 -0.00425229 -0.00423942 -0.00423028 -0.00422481 -0.00422299 -0.00422481 -0.00423028 -0.00423942 -0.00425229 -0.00426895 -0.00428948 -0.00431399 -0.00434261 -0.00437548 -0.00441278 -0.00445471 -0.00450151 -0.00455343 -0.00461078 -0.0046739 -0.00474322 -0.00481918 -0.00490234 -0.00499333 -0.00509289 -0.00520188 -0.00532132 -0.00545236 -0.00559636 -0.00575485 -0.00592959 -0.00612252 -0.00633582 -0.00657185 -0.00683315 -0.00712241 -0.00744245 -0.00779615 -0.00818648 -0.00861641 -0.00908892 -0.00960702 -0.0101737 -0.010792 -0.0114648 -0.0121951 -0.0129852 -0.013837 -0.0147515 -0.0157278 -0.0167628 -0.0178506 -0.0189812 -0.0201409 -0.0213111 -0.0224689 -0.0235872 -0.024635 -0.0255782 -0.02638 -0.0270008 -0.0273989 -0.0275298 -0.0273473 -0.0268051 -0.0258585 -0.0244692 -0.0226092 -0.0202651 -0.0174411 -0.0141602 -0.0104623 -0.00640241 -0.0020479 0.00252167 0.00721357 0.0119203 0.0165206 0.0208851 0.024887 0.0284149 0.0313819 0.0337285 0.0354171 0.036426 0.0367476 0.0363955 0.0354145 0.033884 0.0319077 0.0295945 0.0270434 0.0243432 0.021582 0.0188499 0.0162302 0.0137871 0.0115637 0.00959231 0.00790373 0.00652525 0.00546873 0.00472158 0.00425116 
0 0.00173214 0.00354805 0.00551322 0.00766659 0.0100265 0.0126055 0.0154201 0.0184819 0.0217756 0.0252421 0.0287858 0.0323011 0.0356922 0.038869 0.0417268 0.0441367 0.0459598 0.0470741 0.0473936 0.0468717 0.0454928 0.0432655 0.0402202 0.0364129 0.0319287 0.0268802 0.0214008 0.0156357 0.00973235 0.00383329 -0.00192848 -0.00743321 -0.0125773 -0.0172759 -0.0214647 -0.0251003 -0.0281604 -0.030641 -0.032555 -0.0339285 -0.0347986 -0.0352106 -0.0352154 -0.0348674 -0.0342223 -0.0333344 -0.0322556 -0.0310336 -0.0297112 -0.0283255 -0.0269084 -0.0254866 -0.0240818 -0.0227116 -0.0213897 -0.0201267 -0.0189299 -0.0178042 -0.0167523 -0.0157749 -0.0148711 -0.0140386 -0.0132744 -0.0125745 -0.0119347 -0.0113507 -0.0108179 -0.0103321 -0.00988917 -0.00948539 -0.00911726 -0.00878159 -0.0084755 -0.00819638 -0.00794186 -0.0077098 -0.00749826 -0.00730547 -0.00712982 -0.00696986 -0.00682426 -0.00669181 -0.00657144 -0.00646215 -0.00636307 -0.00627341 -0.00619248 -0.00611965 -0.00605437 -0.00599618 -0.00594464 -0.0058994 -0.00586015 -0.00582663 -0.00579861 -0.00577593 -0.00575843 -0.00574601 -0.00573858 -0.00573611 -0.00573858 -0.00574601 -0.00575843 -0.00577593 -0.00579861 -0.00582663 -0.00586015 -0.0058994 -0.00594464 -0.00599618 -0.00605437 -0.00611965 -0.00619248 -0.00627341 -0.00636307 -0.00646215 -0.00657144 -0.00669181 -0.00682426 -0.00696986 -0.00712982 -0.00730547 -0.00749826 -0.0077098 -0.00794186 -0.00819638 -0.0084755 -0.00878159 -0.00911726 -0.00948539 -0.00988917 -0.0103321 -0.0108179 -0.0113507 -0.0119347 -0.0125745 -0.0132744 -0.0140386 -0.0148711 -0.0157749 -0.0167523 -0.0178042 -0.0189299 -0.0201267 -0.0213897 -0.0227116 -0.0240818 -0.0254866 -0.0269084 -0.0283255 -0.0297112 -0.0310336 -0.0322556 -0.0333344 -0.0342223 -0.0348674 -0.0352154 -0.0352106 -0.0347986 -0.0339285 -0.032555 -0.030641 -0.0281604 -0.0251003 -0.0214647 -0.0172759 -0.0125773 -0.00743321 -0.00192848 0.00383329 0.00973235 0.0156357 0.0214008 0.0268802 0.0319287 0.0364129 0.0402202 0.0432655 0.0454928 0.0468717 0.0473936 0.0470741 0.0459599 0.0441369 0.0417274 0.0388705 0.0356962 0.0323111 0.0288092 0.0252933 0.0218807 0.0186846 0.0157879 0.0132339 0.01104 0.00921582 0.00776973 0.00670391 0.0060096 
0 0.00230871 0.00470886 0.00726844 0.0100265 0.0130071 0.016236 0.0197394 0.0235209 0.0275386 0.0317057 0.0359135 0.040054 0.0440188 0.0476847 0.0509089 0.0535453 0.0554652 0.0565651 0.0567637 0.0560008 0.0542436 0.0514978 0.0478121 0.0432749 0.0380024 0.0321262 0.025786 0.0191275 0.012302 0.00546428 -0.00123364 -0.00765133 -0.0136685 -0.0191902 -0.0241487 -0.0285004 -0.0322227 -0.0353096 -0.037769 -0.0396215 -0.040899 -0.0416441 -0.041908 -0.0417482 -0.0412254 -0.0404005 -0.0393318 -0.0380729 -0.0366721 -0.0351715 -0.0336077 -0.0320119 -0.0304107 -0.0288264 -0.0272777 -0.0257796 -0.0243438 -0.0229792 -0.0216913 -0.0204837 -0.0193571 -0.0183109 -0.0173429 -0.0164497 -0.0156274 -0.0148716 -0.0141779 -0.0135416 -0.0129586 -0.0124246 -0.0119356 -0.0114882 -0.0110789 -0.0107047 -0.0103626 -0.0100501 -0.0097647 -0.00950417 -0.00926648 -0.00904972 -0.0088522 -0.00867232 -0.00850869 -0.00835999 -0.00822509 -0.00810294 -0.00799261 -0.00789328 -0.00780423 -0.00772481 -0.00765447 -0.00759272 -0.00753914 -0.00749338 -0.00745514 -0.00742418 -0.00740029 -0.00738334 -0.0073732 -0.00736983 -0.0073732 -0.00738334 -0.00740029 -0.00742418 -0.00745514 -0.00749338 -0.00753914 -0.00759272 -0.00765447 -0.00772481 -0.00780423 -0.00789328 -0.00799261 -0.00810294 -0.00822509 -0.00835999 -0.00850869 -0.00867232 -0.0088522 -0.00904972 -0.00926648 -0.00950417 -0.0097647 -0.0100501 -0.0103626 -0.0107047 -0.0110789 -0.0114882 -0.0119356 -0.0124246 -0.0129586 -0.0135416 -0.0141779 -0.0148716 -0.0156274 -0.0164497 -0.0173429 -0.0183109 -0.0193571 -0.0204837 -0.0216913 -0.0229792 -0.0243438 -0.0257796 -0.0272777 -0.0288264 -0.0304107 -0.0320119 -0.0336077 -0.0351715 -0.0366721 -0.0380729 -0.0393318 -0.0404005 -0.0412254 -0.0417482 -0.041908 -0.0416441 -0.040899 -0.0396215 -0.037769 -0.0353096 -0.0322227 -0.0285004 -0.0241487 -0.0191902 -0.0136685 -0.00765133 -0.00123364 0.00546428 0.012302 0.0191275 0.025786 0.0321262 0.0380024 0.0432749 0.0478121 0.0514978 0.0542436 0.0560008 0.0567637 0.0565651 0.0554654 0.0535458 0.0509102 0.0476883 0.044028 0.0400756 0.0359613 0.0318046 0.0277311 0.0238732 0.0203467 0.0172243 0.0145312 0.0122666 0.0104306 0.00903636 0.00810519 
0 0.00297215 0.00602239 0.00921615 0.0126055 0.016236 0.0201448 0.0243433 0.0287994 0.0334407 0.038176 0.0429111 0.0475383 0.0519184 0.0558839 0.0592696 0.0619404 0.063793 0.0647389 0.0646976 0.0636064 0.0614389 0.0582157 0.054004 0.048906 0.0430455 0.0365593 0.0295939 0.0223038 0.0148479 0.00738452 6.36638e-05 -0.00697911 -0.0136271 -0.0197844 -0.0253767 -0.0303504 -0.0346723 -0.0383283 -0.0413218 -0.0436718 -0.0454102 -0.0465786 -0.0472255 -0.0474039 -0.0471687 -0.0465757 -0.04568 -0.0445353 -0.0431924 -0.0416991 -0.0400988 -0.0384302 -0.0367267 -0.0350168 -0.0333236 -0.0316656 -0.0300573 -0.0285093 -0.0270294 -0.0256231 -0.0242936 -0.0230428 -0.0218709 -0.0207773 -0.0197604 -0.0188178 -0.0179467 -0.0171434 -0.0164044 -0.0157256 -0.0151028 -0.0145321 -0.0140093 -0.0135307 -0.0130925 -0.0126914 -0.0123243 -0.0119882 -0.0116806 -0.0113991 -0.0111416 -0.0109061 -0.0106911 -0.0104949 -0.0103162 -0.0101539 -0.0100068 -0.009874 -0.00975464 -0.00964797 -0.00955332 -0.00947011 -0.00939783 -0.00933604 -0.00928437 -0.0092425 -0.0092102 -0.00918726 -0.00917355 -0.00916899 -0.00917355 -0.00918726 -0.0092102 -0.0092425 -0.00928437 -0.00933604 -0.00939783 -0.00947011 -0.00955332 -0.00964797 -0.00975464 -0.009874 -0.0100068 -0.0101539 -0.0103162 -0.0104949 -0.0106911 -0.0109061 -0.0111416 -0.0113991 -0.0116806 -0.0119882 -0.0123243 -0.0126914 -0.0130925 -0.0135307 -0.0140093 -0.0145321 -0.0151028 -0.0157256 -0.0164044 -0.0171434 -0.0179467 -0.0188178 -0.0197604 -0.0207773 -0.0218709 -0.0230428 -0.0242936 -0.0256231 -0.0270294 -0.0285093 -0.0300573 -0.0316656 -0.0333236 -0.0350168 -0.0367267 -0.0384302 -0.0400988 -0.0416991 -0.0431924 -0.0445353 -0.04568 -0.0465757 -0.0471687 -0.0474039 -0.0472255 -0.0465786 -0.0454102 -0.0436718 -0.0413218 -0.0383283 -0.0346723 -0.0303504 -0.0253767 -0.0197844 -0.0136271 -0.00697911 6.36638e-05 0.00738452 0.0148479 0.0223038 0.0295939 0.0365593 0.0430455 0.048906 0.054004 0.0582157 0.0614389 0.0636064 0.0646976 0.064739 0.0637934 0.0619416 0.0592729 0.0558922 0.0519382 0.0475823 0.043003 0.0383566 0.0337741 0.0293792 0.0252948 0.0216241 0.0184264 0.0157185 0.0135032 0.0117998 0.0106503 
0 0.00371143 0.00747537 0.0113541 0.0154201 0.0197394 0.0243433 0.0292077 0.0342631 0.0394255 0.0446161 0.0497451 0.054683 0.0592595 0.0632982 0.0666515 0.0692025 0.0708487 0.0714978 0.0710819 0.0695713 0.0669761 0.0633398 0.058732 0.0532452 0.0469952 0.0401214 0.0327809 0.0251375 0.0173504 0.00956695 0.00191904 -0.00547528 -0.0125103 -0.0190926 -0.0251434 -0.0306009 -0.035424 -0.0395919 -0.0431033 -0.0459725 -0.0482256 -0.049897 -0.0510264 -0.0516574 -0.0518363 -0.0516121 -0.0510349 -0.050156 -0.0490259 -0.0476935 -0.0462045 -0.0446007 -0.0429191 -0.0411921 -0.0394468 -0.0377064 -0.0359894 -0.0343113 -0.032684 -0.031117 -0.0296176 -0.0281906 -0.0268394 -0.0255659 -0.0243703 -0.023252 -0.0222092 -0.0212396 -0.0203403 -0.0195077 -0.0187383 -0.0180282 -0.0173737 -0.0167711 -0.0162166 -0.0157068 -0.0152384 -0.0148083 -0.0144137 -0.0140519 -0.0137206 -0.0134173 -0.0131402 -0.0128874 -0.0126571 -0.012448 -0.0122585 -0.0120874 -0.0119338 -0.0117965 -0.0116747 -0.0115677 -0.0114748 -0.0113953 -0.0113289 -0.0112751 -0.0112336 -0.0112041 -0.0111865 -0.0111807 -0.0111865 -0.0112041 -0.0112336 -0.0112751 -0.0113289 -0.0113953 -0.0114748 -0.0115677 -0.0116747 -0.0117965 -0.0119338 -0.0120874 -0.0122585 -0.012448 -0.0126571 -0.0128874 -0.0131402 -0.0134173 -0.0137206 -0.0140519 -0.0144137 -0.0148083 -0.0152384 -0.0157068 -0.0162166 -0.0167711 -0.0173737 -0.0180282 -0.0187383 -0.0195077 -0.0203403 -0.0212396 -0.0222092 -0.023252 -0.0243703 -0.0255659 -0.0268394 -0.0281906 -0.0296176 -0.031117 -0.032684 -0.0343113 -0.0359894 -0.0377064 -0.0394468 -0.0411921 -0.0429191 -0.0446007 -0.0462045 -0.0476935 -0.0490259 -0.050156 -0.0510349 -0.0516121 -0.0518363 -0.0516574 -0.0510264 -0.049897 -0.0482256 -0.0459725 -0.0431033 -0.0395919 -0.035424 -0.0306009 -0.0251434 -0.0190926 -0.0125103 -0.00547528 0.00191904 0.00956695 0.0173504 0.0251375 0.0327809 0.0401214 0.0469952 0.0532452 0.058732 0.0633398 0.0669761 0.0695714 0.071082 0.0714981 0.0708498 0.0692054 0.0666589 0.063316 0.0592995 0.0547675 0.0499125 0.0449281 0.0399734 0.0351705 0.0306302 0.0264656 0.0227755 0.0196242 0.017046 0.0150717 0.0137463 
0 0.004506 0.00904532 0.0136773 0.0184819 0.0235209 0.0287994 0.0342631 0.0398319 0.0454289 0.050971 0.0563391 0.0613748 0.065914 0.0698181 0.0729676 0.0752424 0.0765283 0.0767458 0.0758666 0.0739045 0.0708989 0.066905 0.0619932 0.0562552 0.0498083 0.0427915 0.0353536 0.0276428 0.0197996 0.0119538 0.0042242 -0.00328033 -0.0104625 -0.0172381 -0.0235377 -0.0293074 -0.0345085 -0.0391161 -0.0431181 -0.0465136 -0.0493124 -0.0515337 -0.0532055 -0.0543627 -0.0550459 -0.055299 -0.0551676 -0.0546976 -0.0539338 -0.0529196 -0.0516965 -0.0503038 -0.0487783 -0.0471544 -0.0454636 -0.0437343 -0.0419915 -0.0402568 -0.038548 -0.0368799 -0.0352636 -0.0337078 -0.0322184 -0.0307993 -0.0294528 -0.0281796 -0.0269797 -0.0258521 -0.0247951 -0.0238068 -0.0228848 -0.0220265 -0.0212291 -0.0204895 -0.019805 -0.0191723 -0.0185885 -0.0180506 -0.0175557 -0.017101 -0.0166838 -0.0163016 -0.0159521 -0.0156329 -0.0153422 -0.015078 -0.0148387 -0.0146226 -0.0144285 -0.014255 -0.0141011 -0.0139659 -0.0138484 -0.013748 -0.013664 -0.013596 -0.0135435 -0.0135062 -0.0134839 -0.0134765 -0.0134839 -0.0135062 -0.0135435 -0.013596 -0.013664 -0.013748 -0.0138484 -0.0139659 -0.0141011 -0.014255 -0.0144285 -0.0146226 -0.0148387 -0.015078 -0.0153422 -0.0156329 -0.0159521 -0.0163016 -0.0166838 -0.017101 -0.0175557 -0.0180506 -0.0185885 -0.0191723 -0.019805 -0.0204895 -0.0212291 -0.0220265 -0.0228848 -0.0238068 -0.0247951 -0.0258521 -0.0269797 -0.0281796 -0.0294528 -0.0307993 -0.0322184 -0.0337078 -0.0352636 -0.0368799 -0.038548 -0.0402568 -0.0419915 -0.0437343 -0.0454636 -0.0471544 -0.0487783 -0.0503038 -0.0516965 -0.0529196 -0.0539338 -0.0546976 -0.0551676 -0.055299 -0.0550459 -0.0543627 -0.0532055 -0.0515337 -0.0493124 -0.0465136 -0.0431181 -0.0391161 -0.0345085 -0.0293074 -0.0235377 -0.0172381 -0.0104625 -0.00328033 0.0042242 0.0119538 0.0197996 0.0276428 0.0353536 0.0427915 0.0498083 0.0562552 0.0619932 0.066905 0.0708989 0.0739046 0.0758669 0.0767468 0.0765309 0.0752489 0.0729834 0.069854 0.0659905 0.0615281 0.0566281 0.0514834 0.046286 0.0411881 0.0363033 0.0317388 0.0276146 0.0240491 0.0211343 0.0189293 0.0174716 
0 0.00534149 0.0107166 0.0161762 0.0217756 0.0275386 0.0334407 0.0394255 0.0454289 0.0513712 0.0571325 0.0625548 0.0674835 0.0717984 0.0753972 0.0781642 0.0799783 0.0807527 0.0804545 0.0790909 0.0766907 0.0733019 0.0689935 0.0638562 0.0579997 0.0515448 0.0446123 0.0373199 0.0297844 0.0221217 0.0144463 0.00686743 -0.000517055 -0.0076247 -0.0143884 -0.0207544 -0.0266796 -0.0321275 -0.0370681 -0.0414787 -0.0453448 -0.048662 -0.0514363 -0.0536832 -0.0554261 -0.0566942 -0.0575206 -0.0579405 -0.0579905 -0.0577078 -0.0571299 -0.0562943 -0.0552383 -0.0539982 -0.052609 -0.0511039 -0.0495134 -0.0478653 -0.0461844 -0.0444921 -0.042807 -0.0411443 -0.0395169 -0.0379349 -0.0364064 -0.0349373 -0.0335322 -0.0321939 -0.0309241 -0.0297234 -0.0285917 -0.027528 -0.0265308 -0.025598 -0.0247275 -0.0239165 -0.0231625 -0.0224626 -0.021814 -0.0212139 -0.0206597 -0.0201485 -0.019678 -0.0192458 -0.0188495 -0.0184872 -0.0181568 -0.0178565 -0.0175847 -0.0173399 -0.0171208 -0.016926 -0.0167546 -0.0166055 -0.016478 -0.0163713 -0.0162847 -0.0162179 -0.0161705 -0.0161421 -0.0161327 -0.0161421 -0.0161705 -0.0162179 -0.0162847 -0.0163713 -0.016478 -0.0166055 -0.0167546 -0.016926 -0.0171208 -0.0173399 -0.0175847 -0.0178565 -0.0181568 -0.0184872 -0.0188495 -0.0192458 -0.019678 -0.0201485 -0.0206597 -0.0212139 -0.021814 -0.0224626 -0.0231625 -0.0239165 -0.0247275 -0.025598 -0.0265308 -0.027528 -0.0285917 -0.0297234 -0.0309241 -0.0321939 -0.0335322 -0.0349373 -0.0364064 -0.0379349 -0.0395169 -0.0411443 -0.042807 -0.0444921 -0.0461844 -0.0478653 -0.0495134 -0.0511039 -0.052609 -0.0539982 -0.0552383 -0.0562943 -0.0571299 -0.0577078 -0.0579905 -0.0579405 -0.0575206 -0.0566942 -0.0554261 -0.0536832 -0.0514363 -0.048662 -0.0453448 -0.0414787 -0.0370681 -0.0321275 -0.0266796 -0.0207544 -0.0143884 -0.0076247 -0.000517055 0.00686743 0.0144463 0.0221217 0.0297844 0.0373199 0.0446123 0.0515448 0.0579997 0.0638562 0.0689935 0.0733019 0.0766909 0.0790916 0.0804567 0.0807584 0.0799922 0.078196 0.0754658 0.0719373 0.0677481 0.0630292 0.0579345 0.052653 0.0473748 0.0422512 0.0374009 0.0329504 0.0290512 0.0258507 0.0234484 0.0218824 
0 0.00621893 0.0124839 0.018825 0.0252421 0.0317057 0.038176 0.0446161 0.050971 0.0571325 0.0629411 0.0682378 0.0729065 0.0768569 0.0799859 0.0821838 0.0833777 0.0835473 0.082698 0.0808431 0.078016 0.0742822 0.0697356 0.0644878 0.0586545 0.0523432 0.0456506 0.0386709 0.0314988 0.0242277 0.0169476 0.00974097 0.00267896 -0.00417679 -0.0107721 -0.0170598 -0.0229974 -0.0285479 -0.0336813 -0.0383739 -0.0426085 -0.0463749 -0.0496678 -0.0524872 -0.0548389 -0.0567333 -0.058187 -0.0592215 -0.0598634 -0.0601431 -0.0600934 -0.0597488 -0.0591438 -0.0583122 -0.0572867 -0.0560981 -0.0547756 -0.0533466 -0.0518365 -0.0502688 -0.048665 -0.0470446 -0.0454249 -0.043821 -0.0422457 -0.0407096 -0.0392212 -0.037787 -0.0364118 -0.0350988 -0.0338498 -0.0326657 -0.0315463 -0.030491 -0.0294985 -0.028567 -0.0276947 -0.0268793 -0.0261187 -0.0254106 -0.0247526 -0.0241424 -0.0235778 -0.0230567 -0.0225769 -0.0221364 -0.0217332 -0.0213657 -0.0210322 -0.020731 -0.0204607 -0.0202201 -0.0200079 -0.0198232 -0.019665 -0.0195324 -0.0194248 -0.0193418 -0.0192827 -0.0192474 -0.0192357 -0.0192474 -0.0192827 -0.0193418 -0.0194248 -0.0195324 -0.019665 -0.0198232 -0.0200079 -0.0202201 -0.0204607 -0.020731 -0.0210322 -0.0213657 -0.0217332 -0.0221364 -0.0225769 -0.0230567 -0.0235778 -0.0241424 -0.0247526 -0.0254106 -0.0261187 -0.0268793 -0.0276947 -0.028567 -0.0294985 -0.030491 -0.0315463 -0.0326657 -0.0338498 -0.0350988 -0.0364118 -0.037787 -0.0392212 -0.0407096 -0.0422457 -0.043821 -0.0454249 -0.0470446 -0.048665 -0.0502688 -0.0518365 -0.0533466 -0.0547756 -0.0560981 -0.0572867 -0.0583122 -0.0591438 -0.0597488 -0.0600934 -0.0601431 -0.0598634 -0.0592215 -0.058187 -0.0567333 -0.0548389 -0.0524872 -0.0496678 -0.0463749 -0.0426085 -0.0383739 -0.0336813 -0.0285479 -0.0229974 -0.0170598 -0.0107721 -0.00417679 0.00267896 0.00974097 0.0169476 0.0242277 0.0314988 0.0386709 0.0456506 0.0523432 0.0586545 0.0644878 0.0697357 0.0742824 0.0780167 0.080845 0.0827028 0.0835593 0.0834056 0.0822445 0.0801102 0.0770965 0.0733411 0.0689809 0.0641417 0.0589735 0.0536676 0.0484221 0.043405 0.0387636 0.0346579 0.0312565 0.0286912 0.0270218 
0 0.00714706 0.014339 0.0215712 0.0287858 0.0359135 0.0429111 0.0497451 0.0563391 0.0625548 0.0682378 0.0732699 0.0775603 0.081007 0.0835065 0.0850037 0.0855038 0.0850286 0.0835923 0.0812253 0.077995 0.0739943 0.0693261 0.0640956 0.0584026 0.0523383 0.0459925 0.039452 0.0327921 0.026076 0.0193573 0.0126814 0.00609161 -0.000366259 -0.00664722 -0.0127086 -0.0185114 -0.0240239 -0.0292201 -0.0340772 -0.0385761 -0.0426986 -0.046428 -0.0497515 -0.05266 -0.0551502 -0.0572256 -0.0588954 -0.0601749 -0.0610837 -0.0616448 -0.0618839 -0.0618281 -0.0615054 -0.0609446 -0.0601741 -0.0592225 -0.0581174 -0.0568853 -0.0555518 -0.0541404 -0.0526728 -0.0511688 -0.049646 -0.04812 -0.0466039 -0.0451093 -0.0436458 -0.0422212 -0.0408419 -0.0395128 -0.0382377 -0.037019 -0.0358587 -0.0347575 -0.0337157 -0.0327328 -0.0318082 -0.0309405 -0.0301284 -0.0293701 -0.0286638 -0.0280077 -0.0273997 -0.026838 -0.0263206 -0.0258457 -0.0254115 -0.0250164 -0.0246587 -0.024337 -0.02405 -0.0237965 -0.0235754 -0.0233856 -0.0232265 -0.0230972 -0.0229972 -0.0229261 -0.0228836 -0.0228695 -0.0228836 -0.0229261 -0.0229972 -0.0230972 -0.0232265 -0.0233856 -0.0235754 -0.0237965 -0.02405 -0.024337 -0.0246587 -0.0250164 -0.0254115 -0.0258457 -0.0263206 -0.026838 -0.0273997 -0.0280077 -0.0286638 -0.0293701 -0.0301284 -0.0309405 -0.0318082 -0.0327328 -0.0337157 -0.0347575 -0.0358587 -0.037019 -0.0382377 -0.0395128 -0.0408419 -0.0422212 -0.0436458 -0.0451093 -0.0466039 -0.04812 -0.049646 -0.0511688 -0.0526728 -0.0541404 -0.0555518 -0.0568853 -0.0581174 -0.0592225 -0.0601741 -0.0609446 -0.0615054 -0.0618281 -0.0618839 -0.0616448 -0.0610837 -0.0601749 -0.0588954 -0.0572256 -0.0551502 -0.05266 -0.0497515 -0.046428 -0.0426986 -0.0385761 -0.0340772 -0.0292201 -0.0240239 -0.0185114 -0.0127086 -0.00664722 -0.000366259 0.00609161 0.0126814 0.0193573 0.026076 0.0327921 0.039452 0.0459925 0.0523383 0.0584026 0.0640957 0.0693262 0.0739949 0.0779965 0.0812294 0.0836025 0.0850526 0.0855568 0.0851136 0.0837209 0.0814009 0.0782419 0.0743842 0.069965 0.0651089 0.0599724 0.0547665 0.0497185 0.0450266 0.0408577 0.0373666 0.0346909 0.0329282 
0 0.00812204 0.01625 0.0243389 0.0323011 0.040054 0.0475383 0.054683 0.0613748 0.0674835 0.0729065 0.0775603 0.0813422 0.0841438 0.0859138 0.0866741 0.0864648 0.0853123 0.0832615 0.080401 0.0768358 0.0726614 0.0679689 0.0628483 0.0573853 0.0516662 0.0457751 0.0397781 0.0337211 0.0276391 0.0215585 0.0155019 0.00949612 0.0035682 -0.0022565 -0.00795117 -0.01349 -0.0188478 -0.0239964 -0.0289079 -0.0335551 -0.0379118 -0.0419557 -0.0456686 -0.0490356 -0.0520469 -0.0546957 -0.0569786 -0.0588971 -0.0604556 -0.0616637 -0.0625354 -0.063088 -0.0633436 -0.063326 -0.0630611 -0.0625761 -0.0618973 -0.0610511 -0.0600624 -0.0589546 -0.05775 -0.0564686 -0.0551296 -0.0537498 -0.0523451 -0.0509296 -0.0495156 -0.0481144 -0.0467355 -0.0453871 -0.044076 -0.0428077 -0.0415865 -0.0404156 -0.0392976 -0.0382337 -0.0372248 -0.036271 -0.0353722 -0.0345275 -0.0337361 -0.0329967 -0.0323081 -0.0316687 -0.0310771 -0.0305319 -0.0300315 -0.0295745 -0.0291594 -0.0287851 -0.0284501 -0.0281536 -0.0278944 -0.0276716 -0.0274844 -0.0273323 -0.0272144 -0.0271306 -0.0270804 -0.0270637 -0.0270804 -0.0271306 -0.0272144 -0.0273323 -0.0274844 -0.0276716 -0.0278944 -0.0281536 -0.0284501 -0.0287851 -0.0291594 -0.0295745 -0.0300315 -0.0305319 -0.0310771 -0.0316687 -0.0323081 -0.0329967 -0.0337361 -0.0345275 -0.0353722 -0.036271 -0.0372248 -0.0382337 -0.0392976 -0.0404156 -0.0415865 -0.0428077 -0.044076 -0.0453871 -0.0467355 -0.0481144 -0.0495156 -0.0509296 -0.0523451 -0.0537498 -0.0551296 -0.0564686 -0.05775 -0.0589546 -0.0600624 -0.0610511 -0.0618973 -0.0625761 -0.0630611 -0.063326 -0.0633436 -0.063088 -0.0625354 -0.0616637 -0.0604556 -0.0588971 -0.0569786 -0.0546957 -0.0520469 -0.0490356 -0.0456686 -0.0419557 -0.0379118 -0.0335551 -0.0289079 -0.0239964 -0.0188478 -0.01349 -0.00795117 -0.0022565 0.0035682 0.00949612 0.0155019 0.0215585 0.0276391 0.0337211 0.0397781 0.0457751 0.0516662 0.0573853 0.0628485 0.0679693 0.0726627 0.0768392 0.0804096 0.083282 0.085358 0.0865608 0.0868638 0.0862668 0.0847627 0.0823665 0.0791667 0.0753067 0.0709275 0.0661664 0.0612106 0.0563092 0.0517126 0.0476127 0.0441475 0.0414436 0.0396329 
0 0.00911182 0.018153 0.0270418 0.0356922 0.0440188 0.0519184 0.0592595 0.065914 0.0717984 0.0768569 0.081007 0.0841438 0.0862124 0.0872375 0.0872677 0.0863363 0.0845032 0.081886 0.0786146 0.0747903 0.0705029 0.065847 0.0609086 0.0557657 0.0504909 0.0451373 0.0397359 0.034313 0.0288908 0.0234821 0.0180984 0.0127472 0.00742903 0.00214764 -0.0030868 -0.00826009 -0.0133485 -0.018323 -0.0231551 -0.0278149 -0.0322748 -0.0365114 -0.0405009 -0.044223 -0.0476592 -0.0507916 -0.0536076 -0.0560973 -0.0582552 -0.0600819 -0.0615814 -0.0627633 -0.0636407 -0.064229 -0.0645474 -0.0646156 -0.0644553 -0.0640891 -0.063539 -0.0628281 -0.0619782 -0.061011 -0.0599471 -0.0588053 -0.0576042 -0.0563596 -0.0550867 -0.0537987 -0.0525072 -0.0512228 -0.049954 -0.0487087 -0.0474929 -0.0463123 -0.0451709 -0.0440724 -0.0430194 -0.0420138 -0.0410572 -0.0401503 -0.0392939 -0.0384877 -0.0377319 -0.0370257 -0.0363687 -0.03576 -0.0351989 -0.0346842 -0.0342152 -0.0337908 -0.03341 -0.0330721 -0.0327759 -0.032521 -0.0323065 -0.0321319 -0.0319965 -0.0319002 -0.0318424 -0.0318233 -0.0318424 -0.0319002 -0.0319965 -0.0321319 -0.0323065 -0.032521 -0.0327759 -0.0330721 -0.03341 -0.0337908 -0.0342152 -0.0346842 -0.0351989 -0.03576 -0.0363687 -0.0370257 -0.0377319 -0.0384877 -0.0392939 -0.0401503 -0.0410572 -0.0420138 -0.0430194 -0.0440724 -0.0451709 -0.0463123 -0.0474929 -0.0487087 -0.049954 -0.0512228 -0.0525072 -0.0537987 -0.0550867 -0.0563596 -0.0576042 -0.0588053 -0.0599471 -0.061011 -0.0619782 -0.0628281 -0.063539 -0.0640891 -0.0644553 -0.0646156 -0.0645474 -0.064229 -0.0636407 -0.0627633 -0.0615814 -0.0600819 -0.0582552 -0.0560973 -0.0536076 -0.0507916 -0.0476592 -0.044223 -0.0405009 -0.0365114 -0.0322748 -0.0278149 -0.0231551 -0.018323 -0.0133485 -0.00826009 -0.0030868 0.00214764 0.00742903 0.0127472 0.0180984 0.0234821 0.0288908 0.034313 0.0397359 0.0451374 0.050491 0.0557658 0.060909 0.065848 0.0705057 0.0747975 0.0786318 0.0819249 0.084586 0.0865021 0.0875805 0.0877933 0.0871446 0.0856243 0.0832443 0.0800978 0.0763412 0.0721361 0.0676537 0.0631162 0.0587816 0.054872 0.0515408 0.0489159 0.0471448 
0 0.0100601 0.0199633 0.0295939 0.038869 0.0476847 0.0558839 0.0632982 0.0698181 0.0753972 0.0799859 0.0835065 0.0859138 0.0872375 0.0875306 0.0868273 0.0851923 0.0827632 0.0796937 0.0760953 0.0720672 0.0677258 0.0631751 0.0584906 0.0537347 0.0489501 0.0441532 0.0393603 0.0345901 0.029847 0.0251281 0.0204294 0.0157364 0.0110364 0.00632789 0.00161066 -0.00310815 -0.00781228 -0.0124862 -0.0171092 -0.0216547 -0.0260973 -0.0304067 -0.0345518 -0.0385053 -0.0422392 -0.0457313 -0.0489639 -0.0519213 -0.0545942 -0.0569753 -0.0590602 -0.0608495 -0.0623446 -0.0635518 -0.0644806 -0.0651422 -0.0655529 -0.065729 -0.0656904 -0.0654575 -0.0650505 -0.0644912 -0.0637989 -0.0629939 -0.0620943 -0.0611174 -0.0600794 -0.0589944 -0.0578765 -0.0567371 -0.0555874 -0.0544371 -0.0532946 -0.0521677 -0.0510624 -0.0499851 -0.0489396 -0.0479307 -0.046961 -0.0460334 -0.0451498 -0.0443116 -0.0435199 -0.0427753 -0.0420785 -0.0414291 -0.0408275 -0.0402729 -0.0397655 -0.0393043 -0.0388894 -0.0385197 -0.0381951 -0.0379148 -0.0376786 -0.0374858 -0.0373364 -0.0372297 -0.0371659 -0.0371446 -0.0371659 -0.0372297 -0.0373364 -0.0374858 -0.0376786 -0.0379148 -0.0381951 -0.0385197 -0.0388894 -0.0393043 -0.0397655 -0.0402729 -0.0408275 -0.0414291 -0.0420785 -0.0427753 -0.0435199 -0.0443116 -0.0451498 -0.0460334 -0.046961 -0.0479307 -0.0489396 -0.0499851 -0.0510624 -0.0521677 -0.0532946 -0.0544371 -0.0555874 -0.0567371 -0.0578765 -0.0589944 -0.0600794 -0.0611174 -0.0620943 -0.0629939 -0.0637989 -0.0644912 -0.0650505 -0.0654575 -0.0656904 -0.065729 -0.0655529 -0.0651422 -0.0644806 -0.0635518 -0.0623446 -0.0608495 -0.0590602 -0.0569753 -0.0545942 -0.0519213 -0.0489639 -0.0457313 -0.0422392 -0.0385053 -0.0345518 -0.0304067 -0.0260973 -0.0216547 -0.0171092 -0.0124862 -0.00781228 -0.00310815 0.00161066 0.00632789 0.0110364 0.0157364 0.0204294 0.0251281 0.029847 0.0345901 0.0393603 0.0441533 0.0489502 0.053735 0.0584914 0.0631774 0.0677316 0.0720814 0.076128 0.0797642 0.0829064 0.0854662 0.0873211 0.0883704 0.0885891 0.0879814 0.0865331 0.0842636 0.0812921 0.0778062 0.0739941 0.0700403 0.0661575 0.0625736 0.0594872 0.0570587 0.0554333 
0 0.0109075 0.0215957 0.0319075 0.0417268 0.0509089 0.0592696 0.0666515 0.0729676 0.0781642 0.0821838 0.0850037 0.0866741 0.0872677 0.0868273 0.0854167 0.083181 0.0802896 0.0768622 0.0730057 0.068863 0.0645646 0.0601904 0.0558011 0.0514455 0.04714 0.0428925 0.0387166 0.0346035 0.0305295 0.0264791 0.0224317 0.0183655 0.0142741 0.0101497 0.00598148 0.00177 -0.00248491 -0.00677995 -0.0110969 -0.0154159 -0.0197116 -0.0239504 -0.0281041 -0.0321424 -0.0360355 -0.0397609 -0.0432935 -0.0466128 -0.0497026 -0.0525453 -0.0551309 -0.0574508 -0.0594993 -0.0612777 -0.0627868 -0.064034 -0.065028 -0.0657791 -0.0663023 -0.0666105 -0.0667209 -0.0666498 -0.066414 -0.0660321 -0.0655199 -0.0648961 -0.0641761 -0.0633763 -0.062512 -0.0615962 -0.0606431 -0.059663 -0.058668 -0.0576665 -0.0566675 -0.0556783 -0.054705 -0.0537539 -0.0528287 -0.0519346 -0.0510737 -0.0502502 -0.0494651 -0.0487213 -0.0480194 -0.0473612 -0.0467472 -0.0461782 -0.0456545 -0.0451764 -0.0447442 -0.0443576 -0.0440171 -0.043722 -0.0434729 -0.0432689 -0.0431108 -0.0429975 -0.04293 -0.0429072 -0.04293 -0.0429975 -0.0431108 -0.0432689 -0.0434729 -0.043722 -0.0440171 -0.0443576 -0.0447442 -0.0451764 -0.0456545 -0.0461782 -0.0467472 -0.0473612 -0.0480194 -0.0487213 -0.0494651 -0.0502502 -0.0510737 -0.0519346 -0.0528287 -0.0537539 -0.054705 -0.0556783 -0.0566675 -0.0576665 -0.058668 -0.059663 -0.0606431 -0.0615962 -0.062512 -0.0633763 -0.0641761 -0.0648961 -0.0655199 -0.0660321 -0.066414 -0.0666498 -0.0667209 -0.0666105 -0.0663023 -0.0657791 -0.065028 -0.064034 -0.0627868 -0.0612777 -0.0594993 -0.0574508 -0.0551309 -0.0525453 -0.0497026 -0.0466128 -0.0432935 -0.0397609 -0.0360355 -0.0321424 -0.0281041 -0.0239504 -0.0197116 -0.0154159 -0.0110969 -0.00677995 -0.00248491 0.00177 0.00598148 0.0101497 0.0142741 0.0183655 0.0224317 0.0264791 0.0305295 0.0346035 0.0387166 0.0428925 0.0471402 0.0514461 0.0558029 0.0601951 0.0645763 0.0688901 0.073065 0.0769842 0.0805266 0.0836146 0.0861652 0.0880492 0.0891614 0.089478 0.0890035 0.0877336 0.0857219 0.0831275 0.080152 0.0769661 0.0737274 0.0706366 0.0679293 0.0658124 0.0644229 
0 0.0116125 0.0229784 0.0338839 0.0441367 0.0535453 0.0619404 0.0692025 0.0752424 0.0799783 0.0833777 0.0855038 0.0864648 0.0863363 0.0851923 0.083181 0.0804827 0.0772243 0.0735167 0.0695219 0.0653959 0.0612229 0.0570638 0.0529869 0.0490252 0.045185 0.0414782 0.0378911 0.0343813 0.030922 0.0274914 0.0240555 0.0205975 0.0171041 0.0135492 0.00992141 0.00621592 0.00242356 -0.0014468 -0.00538233 -0.00937364 -0.0133973 -0.0174327 -0.0214594 -0.025446 -0.0293673 -0.0331946 -0.0368958 -0.0404482 -0.0438252 -0.0470065 -0.0499784 -0.0527246 -0.0552393 -0.0575153 -0.0595485 -0.0613411 -0.0628915 -0.0642063 -0.0652911 -0.0661532 -0.0668055 -0.0672572 -0.0675246 -0.0676205 -0.0675607 -0.0673619 -0.0670377 -0.0666061 -0.0660796 -0.0654744 -0.0648029 -0.0640779 -0.0633117 -0.0625137 -0.0616957 -0.0608643 -0.0600298 -0.0591974 -0.0583751 -0.0575674 -0.0567798 -0.0560168 -0.0552814 -0.0545779 -0.0539077 -0.0532747 -0.0526791 -0.0521243 -0.0516098 -0.0511386 -0.0507095 -0.0503252 -0.0499844 -0.0496892 -0.0494383 -0.0492333 -0.0490733 -0.0489593 -0.0488905 -0.0488679 -0.0488905 -0.0489593 -0.0490733 -0.0492333 -0.0494383 -0.0496892 -0.0499844 -0.0503252 -0.0507095 -0.0511386 -0.0516098 -0.0521243 -0.0526791 -0.0532747 -0.0539077 -0.0545779 -0.0552814 -0.0560168 -0.0567798 -0.0575674 -0.0583751 -0.0591974 -0.0600298 -0.0608643 -0.0616957 -0.0625137 -0.0633117 -0.0640779 -0.0648029 -0.0654744 -0.0660796 -0.0666061 -0.0670377 -0.0673619 -0.0675607 -0.0676205 -0.0675246 -0.0672572 -0.0668055 -0.0661532 -0.0652911 -0.0642063 -0.0628915 -0.0613411 -0.0595485 -0.0575153 -0.0552393 -0.0527246 -0.0499784 -0.0470065 -0.0438252 -0.0404482 -0.0368958 -0.0331946 -0.0293673 -0.025446 -0.0214594 -0.0174327 -0.0133973 -0.00937364 -0.00538233 -0.0014468 0.00242356 0.00621592 0.00992141 0.0135492 0.0171041 0.0205975 0.0240555 0.0274914 0.030922 0.0343813 0.0378912 0.0414783 0.0451855 0.0490266 0.0529906 0.0570732 0.061245 0.065445 0.0696247 0.0737193 0.0776007 0.0811425 0.0842742 0.0869105 0.0889121 0.090177 0.0906946 0.090486 0.0895749 0.0880465 0.086063 0.0837907 0.0813669 0.0789578 0.0767928 0.0750969 0.0740014 
0 0.0121554 0.0240531 0.0354145 0.0459598 0.0554652 0.063793 0.0708487 0.0765283 0.0807527 0.0835473 0.0850286 0.0853123 0.0845032 0.0827632 0.0802896 0.0772243 0.0736802 0.0698281 0.0658446 0.0618198 0.0578125 0.0539125 0.0501769 0.0466099 0.0432222 0.0400107 0.0369283 0.0339433 0.0310401 0.0281743 0.0253084 0.0224229 0.0194792 0.0164517 0.0133385 0.0101242 0.00680585 0.00339359 -0.000118348 -0.0037218 -0.00740117 -0.0111503 -0.0149439 -0.0187573 -0.0225702 -0.0263477 -0.0300664 -0.0337014 -0.0372229 -0.0406148 -0.0438528 -0.046919 -0.0498015 -0.052482 -0.0549556 -0.0572129 -0.0592491 -0.0610669 -0.0626631 -0.0640462 -0.06522 -0.0661925 -0.0669753 -0.0675752 -0.0680081 -0.0682822 -0.0684127 -0.0684117 -0.0682912 -0.0680668 -0.0677476 -0.06735 -0.0668825 -0.0663592 -0.0657894 -0.0651836 -0.064552 -0.0639013 -0.0632422 -0.0625785 -0.0619203 -0.0612697 -0.0606351 -0.0600181 -0.059425 -0.0588576 -0.0583198 -0.0578139 -0.0573418 -0.0569061 -0.0565073 -0.0561483 -0.0558283 -0.0555504 -0.0553129 -0.0551191 -0.0549666 -0.0548587 -0.0547927 -0.0547716 -0.0547927 -0.0548587 -0.0549666 -0.0551191 -0.0553129 -0.0555504 -0.0558283 -0.0561483 -0.0565073 -0.0569061 -0.0573418 -0.0578139 -0.0583198 -0.0588576 -0.059425 -0.0600181 -0.0606351 -0.0612697 -0.0619203 -0.0625785 -0.0632422 -0.0639013 -0.064552 -0.0651836 -0.0657894 -0.0663592 -0.0668825 -0.06735 -0.0677476 -0.0680668 -0.0682912 -0.0684117 -0.0684127 -0.0682822 -0.0680081 -0.0675752 -0.0669753 -0.0661925 -0.06522 -0.0640462 -0.0626631 -0.0610669 -0.0592491 -0.0572129 -0.0549556 -0.052482 -0.0498015 -0.046919 -0.0438528 -0.0406148 -0.0372229 -0.0337014 -0.0300664 -0.0263477 -0.0225702 -0.0187573 -0.0149439 -0.0111503 -0.00740117 -0.0037218 -0.000118348 0.00339359 0.00680585 0.0101242 0.0133385 0.0164517 0.0194792 0.0224229 0.0253084 0.0281743 0.0310401 0.0339433 0.0369284 0.040011 0.0432233 0.0466128 0.0501843 0.0539303 0.0578527 0.0619052 0.0660155 0.0701509 0.0742552 0.0781921 0.0818334 0.0851087 0.0879215 0.0901341 0.0916734 0.0925603 0.0928289 0.0925037 0.0916594 0.0904318 0.0889688 0.0874205 0.0859677 0.0847971 0.0840341 
0 0.0125246 0.0247675 0.0363955 0.0470741 0.0565651 0.0647389 0.0714978 0.0767458 0.0804545 0.082698 0.0835923 0.0832615 0.081886 0.0796937 0.0768622 0.0735167 0.0698281 0.0659868 0.0620944 0.0582086 0.0544355 0.0508577 0.0474755 0.0442917 0.0413224 0.0385312 0.0358818 0.0333703 0.0309528 0.0285709 0.0262034 0.0238111 0.0213513 0.0188205 0.0162001 0.0134661 0.0106249 0.00766484 0.004578 0.0013827 -0.00192158 -0.00532302 -0.00879613 -0.0123356 -0.015917 -0.0195173 -0.0231245 -0.0267054 -0.030241 -0.0337089 -0.0370775 -0.0403338 -0.0434513 -0.046414 -0.0492125 -0.0518279 -0.0542604 -0.0564992 -0.0585424 -0.0603924 -0.062044 -0.0635073 -0.0647805 -0.0658729 -0.066792 -0.0675428 -0.0681404 -0.0685886 -0.0689042 -0.0690942 -0.0691722 -0.0691501 -0.0690365 -0.0688471 -0.0685869 -0.0682722 -0.0679071 -0.0675053 -0.0670721 -0.0666172 -0.0661477 -0.0656688 -0.0651895 -0.0647114 -0.0642441 -0.063787 -0.0633495 -0.0629297 -0.0625359 -0.0621661 -0.0618271 -0.0615169 -0.061241 -0.0609975 -0.0607909 -0.0606192 -0.0604859 -0.0603894 -0.0603321 -0.0603123 -0.0603321 -0.0603894 -0.0604859 -0.0606192 -0.0607909 -0.0609975 -0.061241 -0.0615169 -0.0618271 -0.0621661 -0.0625359 -0.0629297 -0.0633495 -0.063787 -0.0642441 -0.0647114 -0.0651895 -0.0656688 -0.0661477 -0.0666172 -0.0670721 -0.0675053 -0.0679071 -0.0682722 -0.0685869 -0.0688471 -0.0690365 -0.0691501 -0.0691722 -0.0690942 -0.0689042 -0.0685886 -0.0681404 -0.0675428 -0.066792 -0.0658729 -0.0647805 -0.0635073 -0.062044 -0.0603924 -0.0585424 -0.0564992 -0.0542604 -0.0518279 -0.0492125 -0.046414 -0.0434513 -0.0403338 -0.0370775 -0.0337089 -0.030241 -0.0267054 -0.0231245 -0.0195173 -0.015917 -0.0123356 -0.00879613 -0.00532302 -0.00192158 0.0013827 0.004578 0.00766484 0.0106249 0.0134661 0.0162001 0.0188205 0.0213513 0.0238111 0.0262034 0.028571 0.0309528 0.0333704 0.0358821 0.038532 0.0413247 0.0442975 0.0474896 0.0508902 0.0545055 0.0583511 0.0623678 0.0664819 0.0706752 0.0748894 0.0789778 0.0828154 0.0863327 0.0894336 0.092008 0.0940237 0.0955068 0.0964576 0.0968709 0.0968194 0.0964491 0.0959062 0.0953066 0.0947586 0.0943713 
