0 0 0 0 0 0 0 0 0 0 0 0 0 0 0 0 0 0 0 0 0 0 0 0 0 0 0 0 0 0 0 0 0 0 0 0 0 0 0 0 0 0 0 0 0 0 0 0 0 0 0 0 0 0 0 0 0 0 0 0 0 0 0 0 0 0 0 0 0 0 0 0 0 0 0 0 0 0 0 0 0 0 0 0 0 0 0 0 0 0 0 0 0 0 0 0 0 0 0 0 0 0 0 0 0 0 0 0 0 0 0 0 0 0 0 0 0 0 0 0 0 0 0 0 0 0 0 0 0 0 0 0 0 0 0 0 0 0 0 0 0 0 0 0 0 0 0 0 0 0 0 0 0 0 0 0 0 0 0 0 0 0 0 0 0 0 0 0 0 0 0 0 0 0 0 0 0 0 0 0 0 0 0 0 0 0 0 0 0 0 0 0 0 0 0 0 0 0 0 0 
0 5.52366e-28 5.52055e-27 5.18692e-26 4.62343e-25 3.91223e-24 3.1442e-23 2.40113e-22 1.74307e-21 1.20326e-20 7.90093e-20 4.93614e-19 2.93483e-18 1.66091e-17 8.94837e-17 4.59018e-16 2.24206e-15 1.04287e-14 4.61958e-14 1.94887e-13 7.83046e-13 2.99657e-12 1.09221e-11 3.79184e-11 1.25393e-10 3.95004e-10 1.18544e-09 3.38969e-09 9.23689e-09 2.39925e-08 5.94218e-08 1.40379e-07 3.16485e-07 6.81325e-07 1.40154e-06 2.75718e-06 5.19213e-06 9.36957e-06 1.62226e-05 2.69865e-05 4.3197e-05 6.66442e-05 9.92778e-05 0.000143075 0.000199891 0.000271328 0.00035865 0.000462772 0.000584333 0.00072384 0.000881851 0.00105916 0.00125693 0.00147677 0.00172068 0.00199091 0.00228975 0.00261929 0.00298113 0.00337614 0.00380434 0.00426475 0.00475546 0.00527362 0.00581568 0.00637745 0.0069544 0.00754179 0.00813485 0.00872897 0.00931976 0.00990316 0.0104755 0.0110335 0.0115744 0.0120956 0.0125953 0.0130716 0.0135235 0.0139499 0.0143502 0.014724 0.0150714 0.0153926 0.0156878 0.0159578 0.0162033 0.0164252 0.0166246 0.0168024 0.0169598 0.017098 0.0172181 0.0173211 0.0174081 0.0174801 0.0175378 0.0175819 0.017613 0.0176315 0.0176376 0.0176315 0.017613 0.0175819 0.0175378 0.0174801 0.0174081 0.0173211 0.0172181 0.017098 0.0169598 0.0168024 0.0166246 0.0164252 0.0162033 0.0159578 0.0156878 0.0153926 0.0150714 0.014724 0.0143502 0.0139499 0.0135235 0.0130716 0.0125953 0.0120956 0.0115744 0.0110335 0.0104755 0.00990316 0.00931976 0.00872897 0.00813485 0.00754179 0.0069544 0.00637745 0.00581568 0.00527362 0.00475546 0.00426475 0.00380434 0.00337614 0.00298113 0.00261929 0.00228975 0.00199091 0.00172068 0.00147677 0.00125693 0.00105916 0.000881851 0.00072384 0.000584333 0.000462772 0.00035865 0.000271328 0.000199891 0.000143075 9.92778e-05 6.66442e-05 4.3197e-05 2.69865e-05 1.62226e-05 9.36957e-06 5.19213e-06 2.75718e-06 1.40154e-06 6.81325e-07 3.16485e-07 1.40379e-07 5.94218e-08 2.39925e-08 9.23689e-09 3.38969e-09 1.18544e-09 3.95004e-10 1.25393e-10 3.79184e-11 1.09221e-11 2.99657e-12 7.83046e-13 1.94887e-13 4.61958e-14 1.04287e-14 2.24206e-15 4.59018e-16 8.94837e-17 1.66091e-17 2.93483e-18 4.93614e-19 7.90093e-20 1.20326e-20 1.74307e-21 2.40113e-22 3.1442e-23 3.91223e-24 4.62343e-25 5.18672e-26 5.4983e-27 3.20732e-28 
0 5.52055e-27 5.29237e-26 4.76961e-25 4.08071e-24 3.31639e-23 2.56136e-22 1.8807e-21 1.3133e-20 8.72442e-20 5.51504e-19 3.31816e-18 1.90046e-17 1.03634e-16 5.38119e-16 2.66089e-15 1.25308e-14 5.62022e-14 2.40086e-13 9.76852e-13 3.78567e-12 1.39738e-11 4.91306e-11 1.64537e-10 5.24893e-10 1.59515e-09 4.61854e-09 1.27422e-08 3.3505e-08 8.3989e-08 2.00788e-07 4.57987e-07 9.97264e-07 2.07444e-06 4.12551e-06 7.85144e-06 1.43149e-05 2.50342e-05 4.20525e-05 6.79569e-05 0.000105827 0.000159105 0.000231398 0.000326241 0.000446884 0.000596133 0.000776305 0.000989307 0.00123682 0.00152057 0.00184255 0.00220528 0.00261185 0.00306586 0.00357125 0.00413193 0.00475145 0.00543252 0.00617673 0.00698424 0.00785363 0.00878189 0.0097645 0.0107956 0.0118682 0.0129746 0.0141066 0.0152555 0.0164128 0.0175703 0.01872 0.0198544 0.0209666 0.0220505 0.0231005 0.0241118 0.0250805 0.0260032 0.0268772 0.0277007 0.0284724 0.0291917 0.0298585 0.0304732 0.0310369 0.0315508 0.0320166 0.0324363 0.032812 0.0331461 0.0334409 0.0336989 0.0339223 0.0341134 0.0342744 0.0344072 0.0345134 0.0345945 0.0346515 0.0346855 0.0346967 0.0346855 0.0346515 0.0345945 0.0345134 0.0344072 0.0342744 0.0341134 0.0339223 0.0336989 0.0334409 0.0331461 0.032812 0.0324363 0.0320166 0.0315508 0.0310369 0.0304732 0.0298585 0.0291917 0.0284724 0.0277007 0.0268772 0.0260032 0.0250805 0.0241118 0.0231005 0.0220505 0.0209666 0.0198544 0.01872 0.0175703 0.0164128 0.0152555 0.0141066 0.0129746 0.0118682 0.0107956 0.0097645 0.00878189 0.00785363 0.00698424 0.00617673 0.00543252 0.00475145 0.00413193 0.00357125 0.00306586 0.00261185 0.00220528 0.00184255 0.00152057 0.00123682 0.000989307 0.000776305 0.000596133 0.000446884 0.000326241 0.000231398 0.000159105 0.000105827 6.79569e-05 4.20525e-05 2.50342e-05 1.43149e-05 7.85144e-06 4.12551e-06 2.07444e-06 9.97264e-07 4.57987e-07 2.00788e-07 8.3989e-08 3.3505e-08 1.27422e-08 4.61854e-09 1.59515e-09 5.24893e-10 1.64537e-10 4.91306e-11 1.39738e-11 3.78567e-12 9.76852e-13 2.40086e-13 5.62022e-14 1.25308e-14 2.66089e-15 5.38119e-16 1.03634e-16 1.90046e-17 3.31816e-18 5.51504e-19 8.72442e-20 1.3133e-20 1.8807e-21 2.56136e-22 3.31639e-23 4.08071e-24 4.76939e-25 5.26954e-26 3.24595e-27 
0 5.18692e-26 4.76961e-25 4.12222e-24 3.38405e-23 2.64021e-22 1.95841e-21 1.38161e-20 9.27274e-20 5.92218e-19 3.59997e-18 2.08321e-17 1.14774e-16 6.02118e-16 3.00799e-15 1.43104e-14 6.48364e-14 2.79759e-13 1.1496e-12 4.49881e-12 1.6766e-11 5.95024e-11 2.01097e-10 6.47212e-10 1.98366e-09 5.79016e-09 1.60977e-08 4.26337e-08 1.07586e-07 2.58765e-07 5.93441e-07 1.29836e-06 2.71168e-06 5.41061e-06 1.03235e-05 1.88565e-05 3.30145e-05 5.54875e-05 8.96699e-05 0.00013959 0.000209745 0.00030486 0.000429626 0.000588474 0.000785441 0.00102418 0.00130809 0.00164058 0.0020253 0.00246641 0.00296864 0.00353726 0.00417785 0.00489594 0.00569659 0.0065839 0.00756061 0.00862782 0.00978478 0.0110288 0.0123554 0.0137584 0.0152301 0.0167617 0.0183432 0.0199642 0.0216137 0.0232806 0.0249535 0.0266217 0.0282743 0.0299013 0.0314932 0.0330414 0.034538 0.0359762 0.0373502 0.0386553 0.0398878 0.041045 0.0421255 0.0431285 0.0440543 0.044904 0.0456794 0.0463828 0.0470171 0.0475857 0.048092 0.0485397 0.0489327 0.0492748 0.0495695 0.0498205 0.0500309 0.0502037 0.0503414 0.0504462 0.0505198 0.0505634 0.0505779 0.0505634 0.0505198 0.0504462 0.0503414 0.0502037 0.0500309 0.0498205 0.0495695 0.0492748 0.0489327 0.0485397 0.048092 0.0475857 0.0470171 0.0463828 0.0456794 0.044904 0.0440543 0.0431285 0.0421255 0.041045 0.0398878 0.0386553 0.0373502 0.0359762 0.034538 0.0330414 0.0314932 0.0299013 0.0282743 0.0266217 0.0249535 0.0232806 0.0216137 0.0199642 0.0183432 0.0167617 0.0152301 0.0137584 0.0123554 0.0110288 0.00978478 0.00862782 0.00756061 0.0065839 0.00569659 0.00489594 0.00417785 0.00353726 0.00296864 0.00246641 0.0020253 0.00164058 0.00130809 0.00102418 0.000785441 0.000588474 0.000429626 0.00030486 0.000209745 0.00013959 8.96699e-05 5.54875e-05 3.30145e-05 1.88565e-05 1.03235e-05 5.41061e-06 2.71168e-06 1.29836e-06 5.93441e-07 2.58765e-07 1.07586e-07 4.26337e-08 1.60977e-08 5.79016e-09 1.98366e-09 6.47212e-10 2.01097e-10 5.95024e-11 1.6766e-11 4.49881e-12 1.1496e-12 2.79759e-13 6.48364e-14 1.43104e-14 3.00799e-15 6.02118e-16 1.14774e-16 2.08321e-17 3.59997e-18 5.92218e-19 9.27274e-20 1.38161e-20 1.95841e-21 2.64021e-22 3.38405e-23 4.122e-24 4.74762e-25 3.08981e-26 
0 4.62343e-25 4.08071e-24 3.38405e-23 2.66687e-22 1.99826e-21 1.42408e-20 9.65545e-20 6.22976e-19 3.82578e-18 2.23659e-17 1.24488e-16 6.59757e-16 3.32951e-15 1.60004e-14 7.32218e-14 3.19082e-13 1.32404e-12 5.23145e-12 1.96805e-11 7.04889e-11 2.40354e-10 7.80201e-10 2.41088e-09 7.09183e-09 1.98596e-08 5.29483e-08 1.34421e-07 3.25028e-07 7.48778e-07 1.64421e-06 3.4434e-06 6.88266e-06 1.31419e-05 2.39973e-05 4.19598e-05 7.03601e-05 0.000113343 0.00017575 0.000262892 0.000380263 0.000533268 0.000727038 0.000966404 0.00125605 0.00160078 0.00200588 0.00247737 0.00302213 0.00364779 0.00436241 0.00517396 0.00608971 0.00711564 0.00825594 0.00951263 0.0108855 0.0123719 0.0139671 0.0156646 0.0174561 0.0193319 0.0212813 0.0232927 0.0253537 0.0274515 0.0295729 0.0317043 0.0338323 0.0359436 0.0380254 0.0400652 0.0420518 0.0439746 0.0458242 0.0475926 0.0492733 0.0508609 0.0523517 0.0537433 0.0550346 0.0562258 0.0573181 0.0583139 0.0592164 0.0600293 0.060757 0.0614044 0.0619766 0.0624788 0.0629162 0.063294 0.0636171 0.0638903 0.0641177 0.0643033 0.0644504 0.0645618 0.0646397 0.0646859 0.0647011 0.0646859 0.0646397 0.0645618 0.0644504 0.0643033 0.0641177 0.0638903 0.0636171 0.063294 0.0629162 0.0624788 0.0619766 0.0614044 0.060757 0.0600293 0.0592164 0.0583139 0.0573181 0.0562258 0.0550346 0.0537433 0.0523517 0.0508609 0.0492733 0.0475926 0.0458242 0.0439746 0.0420518 0.0400652 0.0380254 0.0359436 0.0338323 0.0317043 0.0295729 0.0274515 0.0253537 0.0232927 0.0212813 0.0193319 0.0174561 0.0156646 0.0139671 0.0123719 0.0108855 0.00951263 0.00825594 0.00711564 0.00608971 0.00517396 0.00436241 0.00364779 0.00302213 0.00247737 0.00200588 0.00160078 0.00125605 0.000966404 0.000727038 0.000533268 0.000380263 0.000262892 0.00017575 0.000113343 7.03601e-05 4.19598e-05 2.39973e-05 1.31419e-05 6.88266e-06 3.4434e-06 1.64421e-06 7.48778e-07 3.25028e-07 1.34421e-07 5.29483e-08 1.98596e-08 7.09183e-09 2.41088e-09 7.80201e-10 2.40354e-10 7.04889e-11 1.96805e-11 5.23145e-12 1.32404e-12 3.19082e-13 7.32218e-14 1.60004e-14 3.32951e-15 6.59757e-16 1.24488e-16 2.23659e-17 3.82578e-18 6.22976e-19 9.65545e-20 1.42408e-20 1.99826e-21 2.66687e-22 3.38384e-23 4.06065e-24 2.79114e-25 
0 3.91223e-24 3.31639e-23 2.64021e-22 1.99826e-21 1.43852e-20 9.85264e-20 6.42188e-19 3.98409e-18 2.35299e-17 1.32307e-16 7.08355e-16 3.61116e-15 1.75297e-14 8.10273e-14 3.56615e-13 1.49435e-12 5.96155e-12 2.26402e-11 8.18414e-11 2.81576e-10 9.21946e-10 2.87255e-09 8.51641e-09 2.40248e-08 6.44886e-08 1.64726e-07 4.00463e-07 9.26811e-07 2.04271e-06 4.28965e-06 8.58867e-06 1.6409e-05 2.99468e-05 5.22739e-05 8.74086e-05 0.000140263 0.000216451 0.000321982 0.000462927 0.000645142 0.000874182 0.00115543 0.00149446 0.00189747 0.00237175 0.00292585 0.0035696 0.00431365 0.00516883 0.00614531 0.00725175 0.00849464 0.00987776 0.011402 0.0130655 0.0148637 0.0167897 0.0188349 0.0209888 0.0232399 0.0255754 0.0279816 0.030444 0.0329474 0.0354761 0.0380141 0.040545 0.0430531 0.0455226 0.0479389 0.0502882 0.0525579 0.0547372 0.0568165 0.0587882 0.0606465 0.0623871 0.0640077 0.0655072 0.0668865 0.0681474 0.069293 0.0703276 0.0712561 0.072084 0.0728177 0.0734633 0.0740277 0.0745174 0.0749391 0.075299 0.0756032 0.0758573 0.0760666 0.0762356 0.0763682 0.0764679 0.0765372 0.076578 0.0765915 0.076578 0.0765372 0.0764679 0.0763682 0.0762356 0.0760666 0.0758573 0.0756032 0.075299 0.0749391 0.0745174 0.0740277 0.0734633 0.0728177 0.072084 0.0712561 0.0703276 0.069293 0.0681474 0.0668865 0.0655072 0.0640077 0.0623871 0.0606465 0.0587882 0.0568165 0.0547372 0.0525579 0.0502882 0.0479389 0.0455226 0.0430531 0.040545 0.0380141 0.0354761 0.0329474 0.030444 0.0279816 0.0255754 0.0232399 0.0209888 0.0188349 0.0167897 0.0148637 0.0130655 0.011402 0.00987776 0.00849464 0.00725175 0.00614531 0.00516883 0.00431365 0.0035696 0.00292585 0.00237175 0.00189747 0.00149446 0.00115543 0.000874182 0.000645142 0.000462927 0.000321982 0.000216451 0.000140263 8.74086e-05 5.22739e-05 2.99468e-05 1.6409e-05 8.58867e-06 4.28965e-06 2.04271e-06 9.26811e-07 4.00463e-07 1.64726e-07 6.44886e-08 2.40248e-08 8.51641e-09 2.87255e-09 9.21946e-10 2.81576e-10 8.18414e-11 2.26402e-11 5.96155e-12 1.49435e-12 3.56615e-13 8.10273e-14 1.75297e-14 3.61116e-15 7.08355e-16 1.32307e-16 2.35299e-17 3.98409e-18 6.42188e-19 9.85264e-20 1.43852e-20 1.99826e-21 2.64002e-22 3.29905e-23 2.3943e-24 
0 3.1442e-23 2.56136e-22 1.95841e-21 1.42408e-20 9.85264e-20 6.48723e-19 4.06568e-18 2.4257e-17 1.37789e-16 7.45237e-16 3.83787e-15 1.88192e-14 8.78644e-14 3.90571e-13 1.65282e-12 6.65799e-12 2.55271e-11 9.31411e-11 3.23371e-10 1.06811e-09 3.35609e-09 1.00299e-08 2.85078e-08 7.70572e-08 1.98082e-07 4.84268e-07 1.12618e-06 2.49189e-06 5.24841e-06 1.05282e-05 2.013e-05 3.67227e-05 6.39988e-05 0.000106717 0.000170582 0.00026196 0.000387484 0.000553668 0.00076669 0.00103243 0.00135684 0.0017465 0.00220926 0.00275467 0.00339407 0.00414022 0.00500655 0.00600608 0.00715037 0.00844859 0.00990682 0.0115278 0.0133111 0.015253 0.0173472 0.0195854 0.0219571 0.0244503 0.0270515 0.0297456 0.0325165 0.0353466 0.0382177 0.0411106 0.0440058 0.0468839 0.0497257 0.0525132 0.0552293 0.0578585 0.0603872 0.0628036 0.065098 0.0672628 0.0692927 0.0711841 0.0729354 0.0745469 0.0760203 0.0773589 0.0785671 0.0796504 0.0806151 0.0814682 0.0822173 0.0828702 0.0834348 0.0839191 0.0843312 0.0846785 0.0849686 0.0852082 0.0854037 0.0855609 0.085685 0.0857804 0.0858507 0.0858988 0.0859268 0.085936 0.0859268 0.0858988 0.0858507 0.0857804 0.085685 0.0855609 0.0854037 0.0852082 0.0849686 0.0846785 0.0843312 0.0839191 0.0834348 0.0828702 0.0822173 0.0814682 0.0806151 0.0796504 0.0785671 0.0773589 0.0760203 0.0745469 0.0729354 0.0711841 0.0692927 0.0672628 0.065098 0.0628036 0.0603872 0.0578585 0.0552293 0.0525132 0.0497257 0.0468839 0.0440058 0.0411106 0.0382177 0.0353466 0.0325165 0.0297456 0.0270515 0.0244503 0.0219571 0.0195854 0.0173472 0.015253 0.0133111 0.0115278 0.00990682 0.00844859 0.00715037 0.00600608 0.00500655 0.00414022 0.00339407 0.00275467 0.00220926 0.0017465 0.00135684 0.00103243 0.00076669 0.000553668 0.000387484 0.00026196 0.000170582 0.000106717 6.39988e-05 3.67227e-05 2.013e-05 1.05282e-05 5.24841e-06 2.49189e-06 1.12618e-06 4.84268e-07 1.98082e-07 7.70572e-08 2.85078e-08 1.00299e-08 3.35609e-09 1.06811e-09 3.23371e-10 9.31411e-11 2.55271e-11 6.65799e-12 1.65282e-12 3.90571e-13 8.78644e-14 1.88192e-14 3.83787e-15 7.45237e-16 1.37789e-16 2.4257e-17 4.06568e-18 6.48723e-19 9.85264e-20 1.42408e-20 1.95825e-21 2.54713e-22 1.9514e-23 
0 2.40113e-22 1.8807e-21 1.38161e-20 9.65545e-20 6.42188e-19 4.06568e-18 2.45043e-17 1.40614e-16 7.68279e-16 3.99684e-15 1.97977e-14 9.33668e-14 4.19192e-13 1.79156e-12 7.28765e-12 2.82108e-11 1.03906e-10 3.6407e-10 1.21329e-09 3.84502e-09 1.15853e-08 3.31836e-08 9.0342e-08 2.33761e-07 5.7486e-07 1.34366e-06 2.98563e-06 6.30862e-06 1.26823e-05 2.42736e-05 4.4274e-05 7.70516e-05 0.000128149 0.000204077 0.000311921 0.000458853 0.000651734 0.000896988 0.00120086 0.00157005 0.00201253 0.00253822 0.0031594 0.00389038 0.00474679 0.00574429 0.00689725 0.00821753 0.00971365 0.0113904 0.0132489 0.0152868 0.0174992 0.0198784 0.0224148 0.0250965 0.02791 0.0308394 0.0338671 0.0369734 0.0401373 0.0433361 0.0465467 0.0497457 0.0529101 0.056018 0.0590487 0.0619838 0.0648068 0.0675037 0.0700629 0.0724755 0.074735 0.0768371 0.0787798 0.0805631 0.082189 0.083661 0.0849838 0.0861638 0.087208 0.0881245 0.0889218 0.089609 0.0901954 0.0906904 0.0911035 0.0914439 0.0917205 0.0919418 0.0921161 0.0922508 0.0923528 0.0924282 0.0924826 0.0925206 0.0925462 0.0925622 0.092571 0.0925737 0.092571 0.0925622 0.0925462 0.0925206 0.0924826 0.0924282 0.0923528 0.0922508 0.0921161 0.0919418 0.0917205 0.0914439 0.0911035 0.0906904 0.0901954 0.089609 0.0889218 0.0881245 0.087208 0.0861638 0.0849838 0.083661 0.082189 0.0805631 0.0787798 0.0768371 0.074735 0.0724755 0.0700629 0.0675037 0.0648068 0.0619838 0.0590487 0.056018 0.0529101 0.0497457 0.0465467 0.0433361 0.0401373 0.0369734 0.0338671 0.0308394 0.02791 0.0250965 0.0224148 0.0198784 0.0174992 0.0152868 0.0132489 0.0113904 0.00971365 0.00821753 0.00689725 0.00574429 0.00474679 0.00389038 0.0031594 0.00253822 0.00201253 0.00157005 0.00120086 0.000896988 0.000651734 0.000458853 0.000311921 0.000204077 0.000128149 7.70516e-05 4.4274e-05 2.42736e-05 1.26823e-05 6.30862e-06 2.98563e-06 1.34366e-06 5.7486e-07 2.33761e-07 9.0342e-08 3.31836e-08 1.15853e-08 3.84502e-09 1.21329e-09 3.6407e-10 1.03906e-10 2.82108e-11 7.28765e-12 1.79156e-12 4.19192e-13 9.33668e-14 1.97977e-14 3.99684e-15 7.68279e-16 1.40614e-16 2.45043e-17 4.06568e-18 6.42188e-19 9.65543e-20 1.38148e-20 1.86964e-21 1.51178e-22 
0 1.74307e-21 1.3133e-20 9.27274e-20 6.22976e-19 3.98409e-18 2.4257e-17 1.40614e-16 7.76116e-16 4.07876e-15 2.0409e-14 9.72244e-14 4.40907e-13 1.90317e-12 7.81809e-12 3.05586e-11 1.13629e-10 4.01852e-10 1.35135e-09 4.32001e-09 1.31256e-08 3.78939e-08 1.03932e-07 2.70763e-07 6.69954e-07 1.57436e-06 3.51402e-06 7.4514e-06 1.50168e-05 2.878e-05 5.25e-05 9.12656e-05 0.000151434 0.000240318 0.000365669 0.000535109 0.000755755 0.00103426 0.00137738 0.00179289 0.00229063 0.00288316 0.00358589 0.00441626 0.00539242 0.00653158 0.00784843 0.00935404 0.0110553 0.0129552 0.015053 0.0173448 0.0198243 0.0224829 0.0253096 0.028291 0.031411 0.0346508 0.0379888 0.041401 0.0448615 0.0483433 0.0518189 0.0552613 0.0586445 0.0619445 0.0651394 0.06821 0.0711399 0.0739156 0.0765267 0.0789652 0.0812264 0.0833076 0.0852087 0.0869316 0.0884803 0.0898602 0.0910783 0.0921428 0.0930629 0.0938483 0.0945097 0.0950579 0.0955039 0.0958586 0.0961331 0.0963379 0.0964832 0.0965789 0.096634 0.0966573 0.0966564 0.0966386 0.0966101 0.0965766 0.0965426 0.0965122 0.0964883 0.0964731 0.0964679 0.0964731 0.0964883 0.0965122 0.0965426 0.0965766 0.0966101 0.0966386 0.0966564 0.0966573 0.096634 0.0965789 0.0964832 0.0963379 0.0961331 0.0958586 0.0955039 0.0950579 0.0945097 0.0938483 0.0930629 0.0921428 0.0910783 0.0898602 0.0884803 0.0869316 0.0852087 0.0833076 0.0812264 0.0789652 0.0765267 0.0739156 0.0711399 0.06821 0.0651394 0.0619445 0.0586445 0.0552613 0.0518189 0.0483433 0.0448615 0.041401 0.0379888 0.0346508 0.031411 0.028291 0.0253096 0.0224829 0.0198243 0.0173448 0.015053 0.0129552 0.0110553 0.00935404 0.00784843 0.00653158 0.00539242 0.00441626 0.00358589 0.00288316 0.00229063 0.00179289 0.00137738 0.00103426 0.000755755 0.000535109 0.000365669 0.000240318 0.000151434 9.12656e-05 5.25e-05 2.878e-05 1.50168e-05 7.4514e-06 3.51402e-06 1.57436e-06 6.69954e-07 2.70763e-07 1.03932e-07 3.78939e-08 1.31256e-08 4.32001e-09 1.35135e-09 4.01852e-10 1.13629e-10 3.05586e-11 7.81809e-12 1.90317e-12 4.40907e-13 9.72244e-14 2.0409e-14 4.07876e-15 7.76116e-16 1.40614e-16 2.4257e-17 3.98409e-18 6.22975e-19 9.27173e-20 1.30515e-20 1.11374e-21 
0 1.20326e-20 8.72442e-20 5.92218e-19 3.82578e-18 2.35299e-17 1.37789e-16 7.68279e-16 4.07876e-15 2.06169e-14 9.92124e-14 4.5447e-13 1.9814e-12 8.22035e-12 3.24462e-11 1.21812e-10 4.34865e-10 1.47583e-09 4.76006e-09 1.45865e-08 4.2455e-08 1.17335e-07 3.0785e-07 7.66628e-07 1.8118e-06 4.06358e-06 8.65025e-06 1.74823e-05 3.35618e-05 6.12521e-05 0.000106398 0.000176186 0.000278711 0.000422323 0.000614998 0.000864043 0.00117639 0.00155951 0.0020227 0.00257822 0.00324184 0.00403234 0.00497017 0.00607548 0.0073661 0.00885602 0.0105547 0.012467 0.0145939 0.0169331 0.0194796 0.0222263 0.0251631 0.0282772 0.0315525 0.0349689 0.038503 0.0421279 0.0458142 0.049531 0.0532467 0.0569303 0.0605518 0.0640837 0.0675008 0.0707812 0.0739059 0.0768593 0.0796292 0.0822062 0.0845843 0.0867602 0.0887335 0.090506 0.0920818 0.0934673 0.0946704 0.0957003 0.0965679 0.0972845 0.0978624 0.0983143 0.098653 0.0988915 0.0990423 0.0991179 0.0991304 0.0990909 0.0990105 0.098899 0.0987659 0.0986197 0.0984682 0.0983183 0.098176 0.0980468 0.0979349 0.0978442 0.0977774 0.0977365 0.0977227 0.0977365 0.0977774 0.0978442 0.0979349 0.0980468 0.098176 0.0983183 0.0984682 0.0986197 0.0987659 0.098899 0.0990105 0.0990909 0.0991304 0.0991179 0.0990423 0.0988915 0.098653 0.0983143 0.0978624 0.0972845 0.0965679 0.0957003 0.0946704 0.0934673 0.0920818 0.090506 0.0887335 0.0867602 0.0845843 0.0822062 0.0796292 0.0768593 0.0739059 0.0707812 0.0675008 0.0640837 0.0605518 0.0569303 0.0532467 0.049531 0.0458142 0.0421279 0.038503 0.0349689 0.0315525 0.0282772 0.0251631 0.0222263 0.0194796 0.0169331 0.0145939 0.012467 0.0105547 0.00885602 0.0073661 0.00607548 0.00497017 0.00403234 0.00324184 0.00257822 0.0020227 0.00155951 0.00117639 0.000864043 0.000614998 0.000422323 0.000278711 0.000176186 0.000106398 6.12521e-05 3.35618e-05 1.74823e-05 8.65025e-06 4.06358e-06 1.8118e-06 7.66628e-07 3.0785e-07 1.17335e-07 4.2455e-08 1.45865e-08 4.76006e-09 1.47583e-09 4.34865e-10 1.21812e-10 3.24462e-11 8.22035e-12 1.9814e-12 4.5447e-13 9.92124e-14 2.06169e-14 4.07876e-15 7.68279e-16 1.37789e-16 2.35299e-17 3.82577e-18 5.92145e-19 8.66733e-20 7.80541e-21 
0 7.90093e-20 5.51504e-19 3.59997e-18 2.23659e-17 1.32307e-16 7.45237e-16 3.99684e-15 2.0409e-14 9.92124e-14 4.59082e-13 2.02171e-12 8.47153e-12 3.37686e-11 1.28014e-10 4.61384e-10 1.58049e-09 5.14393e-09 1.5901e-08 4.66686e-08 1.30002e-07 3.43602e-07 8.61441e-07 2.04816e-06 4.61762e-06 9.87168e-06 2.00154e-05 3.85056e-05 7.0337e-05 0.000122133 0.000201914 0.00031852 0.000480823 0.000697066 0.000974707 0.00132106 0.00174463 0.00225672 0.00287259 0.00361161 0.00449604 0.00554893 0.00679156 0.00824142 0.00991097 0.0118076 0.0139342 0.0162904 0.0188729 0.0216761 0.0246917 0.0279078 0.0313081 0.0348721 0.038574 0.0423842 0.0462697 0.0501954 0.0541254 0.0580244 0.0618588 0.0655971 0.0692111 0.0726755 0.0759686 0.0790725 0.0819725 0.0846577 0.0871205 0.0893565 0.0913649 0.0931473 0.0947085 0.0960556 0.0971976 0.0981457 0.0989122 0.0995107 0.0999556 0.100262 0.100444 0.100517 0.100496 0.100395 0.100228 0.100007 0.0997452 0.0994537 0.0991431 0.098823 0.0985024 0.0981891 0.0978903 0.0976123 0.0973605 0.0971396 0.0969537 0.0968058 0.0966984 0.0966333 0.0966115 0.0966333 0.0966984 0.0968058 0.0969537 0.0971396 0.0973605 0.0976123 0.0978903 0.0981891 0.0985024 0.098823 0.0991431 0.0994537 0.0997452 0.100007 0.100228 0.100395 0.100496 0.100517 0.100444 0.100262 0.0999556 0.0995107 0.0989122 0.0981457 0.0971976 0.0960556 0.0947085 0.0931473 0.0913649 0.0893565 0.0871205 0.0846577 0.0819725 0.0790725 0.0759686 0.0726755 0.0692111 0.0655971 0.0618588 0.0580244 0.0541254 0.0501954 0.0462697 0.0423842 0.038574 0.0348721 0.0313081 0.0279078 0.0246917 0.0216761 0.0188729 0.0162904 0.0139342 0.0118076 0.00991097 0.00824142 0.00679156 0.00554893 0.00449604 0.00361161 0.00287259 0.00225672 0.00174463 0.00132106 0.000974707 0.000697066 0.000480823 0.00031852 0.000201914 0.000122133 7.0337e-05 3.85056e-05 2.00154e-05 9.87168e-06 4.61762e-06 2.04816e-06 8.61441e-07 3.43602e-07 1.30002e-07 4.66686e-08 1.5901e-08 5.14393e-09 1.58049e-09 4.61384e-10 1.28014e-10 3.37686e-11 8.47153e-12 2.02171e-12 4.59082e-13 9.92124e-14 2.0409e-14 3.99684e-15 7.45237e-16 1.32307e-16 2.23659e-17 3.59946e-18 5.47711e-19 5.20549e-20 
0 4.93614e-19 3.31816e-18 2.08321e-17 1.24488e-16 7.08355e-16 3.83787e-15 1.97977e-14 9.72244e-14 4.5447e-13 2.02171e-12 8.55695e-12 3.44499e-11 1.31885e-10 4.7995e-10 1.65972e-09 5.45188e-09 1.70041e-08 5.03359e-08 1.41365e-07 3.76505e-07 9.5062e-07 2.27465e-06 5.15696e-06 1.10765e-05 2.2541e-05 4.34753e-05 7.95226e-05 0.000138096 0.00022804 0.000358895 0.000539981 0.000779728 0.00108575 0.0014659 0.00193009 0.00249216 0.00317089 0.00398948 0.00497348 0.00614782 0.00753399 0.0091482 0.0110009 0.0130975 0.0154396 0.0180262 0.0208538 0.0239161 0.0272028 0.0306985 0.034382 0.0382262 0.0421983 0.0462617 0.0503771 0.0545043 0.0586036 0.0626371 0.0665694 0.0703682 0.0740049 0.0774544 0.0806954 0.0837105 0.0864863 0.0890135 0.0912865 0.0933036 0.0950668 0.0965816 0.0978562 0.0989016 0.0997308 0.100359 0.100801 0.101075 0.101198 0.101187 0.10106 0.100832 0.100521 0.10014 0.0997063 0.0992316 0.098729 0.0982099 0.097685 0.0971638 0.0966552 0.0961667 0.0957054 0.0952773 0.0948878 0.0945413 0.0942418 0.0939925 0.093796 0.0936542 0.0935686 0.09354 0.0935686 0.0936542 0.093796 0.0939925 0.0942418 0.0945413 0.0948878 0.0952773 0.0957054 0.0961667 0.0966552 0.0971638 0.097685 0.0982099 0.098729 0.0992316 0.0997063 0.10014 0.100521 0.100832 0.10106 0.101187 0.101198 0.101075 0.100801 0.100359 0.0997308 0.0989016 0.0978562 0.0965816 0.0950668 0.0933036 0.0912865 0.0890135 0.0864863 0.0837105 0.0806954 0.0774544 0.0740049 0.0703682 0.0665694 0.0626371 0.0586036 0.0545043 0.0503771 0.0462617 0.0421983 0.0382262 0.034382 0.0306985 0.0272028 0.0239161 0.0208538 0.0180262 0.0154396 0.0130975 0.0110009 0.0091482 0.00753399 0.00614782 0.00497348 0.00398948 0.00317089 0.00249216 0.00193009 0.0014659 0.00108575 0.000779728 0.000539981 0.000358895 0.00022804 0.000138096 7.95226e-05 4.34753e-05 2.2541e-05 1.10765e-05 5.15696e-06 2.27465e-06 9.5062e-07 3.76505e-07 1.41365e-07 5.03359e-08 1.70041e-08 5.45188e-09 1.65972e-09 4.7995e-10 1.31885e-10 3.44499e-11 8.55695e-12 2.02171e-12 4.5447e-13 9.72244e-14 1.97977e-14 3.83787e-15 7.08355e-16 1.24488e-16 2.08287e-17 3.29423e-18 3.30449e-19 
0 2.93483e-18 1.90046e-17 1.14774e-16 6.59757e-16 3.61116e-15 1.88192e-14 9.33668e-14 4.40907e-13 1.9814e-12 8.47153e-12 3.44499e-11 1.33201e-10 4.89511e-10 1.70915e-09 5.66729e-09 1.78382e-08 5.32726e-08 1.50878e-07 4.05052e-07 1.0303e-06 2.48202e-06 5.66098e-06 1.22217e-05 2.49752e-05 4.83182e-05 8.85474e-05 0.000153865 0.000253921 0.000398909 0.000598525 0.000861333 0.00119514 0.00160854 0.00211328 0.00272625 0.00347012 0.00437198 0.00546017 0.00676065 0.00829414 0.0100749 0.0121115 0.0144078 0.0169654 0.0197832 0.0228577 0.0261811 0.0297396 0.0335125 0.0374715 0.0415816 0.0458027 0.0500914 0.054403 0.0586933 0.06292 0.0670432 0.0710262 0.0748357 0.0784423 0.0818207 0.0849496 0.0878127 0.0903979 0.0926985 0.0947121 0.0964409 0.0978914 0.0990738 0.100001 0.100689 0.101155 0.101418 0.101498 0.101414 0.101187 0.100836 0.10038 0.0998366 0.099223 0.0985552 0.0978479 0.0971147 0.0963682 0.0956196 0.0948791 0.094156 0.0934584 0.0927936 0.0921679 0.0915868 0.0910553 0.0905774 0.0901566 0.0897959 0.0894976 0.0892637 0.0890956 0.0889944 0.0889606 0.0889944 0.0890956 0.0892637 0.0894976 0.0897959 0.0901566 0.0905774 0.0910553 0.0915868 0.0921679 0.0927936 0.0934584 0.094156 0.0948791 0.0956196 0.0963682 0.0971147 0.0978479 0.0985552 0.099223 0.0998366 0.10038 0.100836 0.101187 0.101414 0.101498 0.101418 0.101155 0.100689 0.100001 0.0990738 0.0978914 0.0964409 0.0947121 0.0926985 0.0903979 0.0878127 0.0849496 0.0818207 0.0784423 0.0748357 0.0710262 0.0670432 0.06292 0.0586933 0.054403 0.0500914 0.0458027 0.0415816 0.0374715 0.0335125 0.0297396 0.0261811 0.0228577 0.0197832 0.0169654 0.0144078 0.0121115 0.0100749 0.00829414 0.00676065 0.00546017 0.00437198 0.00347012 0.00272625 0.00211328 0.00160854 0.00119514 0.000861333 0.000598525 0.000398909 0.000253921 0.000153865 8.85474e-05 4.83182e-05 2.49752e-05 1.22217e-05 5.66098e-06 2.48202e-06 1.0303e-06 4.05052e-07 1.50878e-07 5.32726e-08 1.78382e-08 5.66729e-09 1.70915e-09 4.89511e-10 1.33201e-10 3.44499e-11 8.47153e-12 1.9814e-12 4.40907e-13 9.33668e-14 1.88192e-14 3.61116e-15 6.59754e-16 1.14754e-16 1.88614e-17 1.99725e-18 
0 1.66091e-17 1.03634e-16 6.02118e-16 3.32951e-15 1.75297e-14 8.78644e-14 4.19192e-13 1.90317e-12 8.22035e-12 3.37686e-11 1.31885e-10 4.89511e-10 1.72595e-09 5.77814e-09 1.8358e-08 5.53241e-08 1.58058e-07 4.27856e-07 1.09678e-06 2.66117e-06 6.10885e-06 1.3263e-05 2.72303e-05 5.28724e-05 9.71323e-05 0.00016899 0.000278877 0.000437595 0.000655155 0.000940228 0.00130088 0.00174671 0.00229167 0.00295617 0.00376704 0.00475505 0.00595064 0.00737985 0.00906182 0.0110088 0.0132276 0.0157223 0.0184946 0.0215445 0.0248674 0.0284524 0.0322804 0.0363232 0.0405442 0.0449004 0.0493446 0.0538281 0.0583021 0.0627195 0.0670355 0.0712083 0.0751991 0.0789731 0.0824997 0.0857529 0.0887122 0.0913629 0.0936961 0.0957089 0.0974039 0.0987887 0.0998754 0.10068 0.10122 0.101517 0.101592 0.101468 0.101168 0.100714 0.100128 0.0994316 0.0986445 0.0977856 0.0968725 0.0959213 0.0949469 0.0939626 0.0929806 0.0920117 0.0910656 0.0901506 0.0892741 0.0884426 0.0876616 0.0869358 0.0862692 0.0856651 0.0851264 0.0846555 0.0842541 0.0839238 0.0836657 0.0834808 0.0833696 0.0833325 0.0833696 0.0834808 0.0836657 0.0839238 0.0842541 0.0846555 0.0851264 0.0856651 0.0862692 0.0869358 0.0876616 0.0884426 0.0892741 0.0901506 0.0910656 0.0920117 0.0929806 0.0939626 0.0949469 0.0959213 0.0968725 0.0977856 0.0986445 0.0994316 0.100128 0.100714 0.101168 0.101468 0.101592 0.101517 0.10122 0.10068 0.0998754 0.0987887 0.0974039 0.0957089 0.0936961 0.0913629 0.0887122 0.0857529 0.0824997 0.0789731 0.0751991 0.0712083 0.0670355 0.0627195 0.0583021 0.0538281 0.0493446 0.0449004 0.0405442 0.0363232 0.0322804 0.0284524 0.0248674 0.0215445 0.0184946 0.0157223 0.0132276 0.0110088 0.00906182 0.00737985 0.00595064 0.00475505 0.00376704 0.00295617 0.00229167 0.00174671 0.00130088 0.000940228 0.000655155 0.000437595 0.000278877 0.00016899 9.71323e-05 5.28724e-05 2.72303e-05 1.3263e-05 6.10885e-06 2.66117e-06 1.09678e-06 4.27856e-07 1.58058e-07 5.53241e-08 1.8358e-08 5.77814e-09 1.72595e-09 4.89511e-10 1.31885e-10 3.37686e-11 8.22035e-12 1.90317e-12 4.19192e-13 8.78644e-14 1.75297e-14 3.32949e-15 6.01995e-16 1.0282e-16 1.14957e-17 
0 8.94837e-17 5.38119e-16 3.00799e-15 1.60004e-14 8.10273e-14 3.90571e-13 1.79156e-12 7.81809e-12 3.24462e-11 1.28014e-10 4.7995e-10 1.70915e-09 5.77814e-09 1.85346e-08 5.63791e-08 1.62528e-07 4.43757e-07 1.14684e-06 2.80379e-06 6.48092e-06 1.41575e-05 2.92196e-05 5.69752e-05 0.000104995 0.000183015 0.00030222 0.000473982 0.00070859 0.00101481 0.00140107 0.0018782 0.00246277 0.00317904 0.00405809 0.00513398 0.00643845 0.00799671 0.00982586 0.0119363 0.0143345 0.0170253 0.020012 0.0232944 0.0268658 0.0307103 0.034801 0.0391011 0.0435656 0.0481442 0.0527843 0.057433 0.0620383 0.0665503 0.0709212 0.075106 0.0790633 0.082756 0.0861525 0.0892273 0.0919621 0.0943458 0.0963745 0.0980509 0.0993839 0.100387 0.101079 0.101481 0.101615 0.101507 0.101182 0.100665 0.0999835 0.0991606 0.0982204 0.0971855 0.0960769 0.0949143 0.0937154 0.0924968 0.0912729 0.0900569 0.0888602 0.0876928 0.0865634 0.0854792 0.0844466 0.0834708 0.0825562 0.0817061 0.0809236 0.0802109 0.0795698 0.0790017 0.0785077 0.0780886 0.0777451 0.0774775 0.0772862 0.0771713 0.077133 0.0771713 0.0772862 0.0774775 0.0777451 0.0780886 0.0785077 0.0790017 0.0795698 0.0802109 0.0809236 0.0817061 0.0825562 0.0834708 0.0844466 0.0854792 0.0865634 0.0876928 0.0888602 0.0900569 0.0912729 0.0924968 0.0937154 0.0949143 0.0960769 0.0971855 0.0982204 0.0991606 0.0999835 0.100665 0.101182 0.101507 0.101615 0.101481 0.101079 0.100387 0.0993839 0.0980509 0.0963745 0.0943458 0.0919621 0.0892273 0.0861525 0.082756 0.0790633 0.075106 0.0709212 0.0665503 0.0620383 0.057433 0.0527843 0.0481442 0.0435656 0.0391011 0.034801 0.0307103 0.0268658 0.0232944 0.020012 0.0170253 0.0143345 0.0119363 0.00982586 0.00799671 0.00643845 0.00513398 0.00405809 0.00317904 0.00246277 0.0018782 0.00140107 0.00101481 0.00070859 0.000473982 0.00030222 0.000183015 0.000104995 5.69752e-05 2.92196e-05 1.41575e-05 6.48092e-06 2.80379e-06 1.14684e-06 4.43757e-07 1.62528e-07 5.63791e-08 1.85346e-08 5.77814e-09 1.70915e-09 4.7995e-10 1.28014e-10 3.24462e-11 7.81809e-12 1.79156e-12 3.90571e-13 8.10273e-14 1.60003e-14 3.0073e-15 5.33729e-16 6.3022e-17 
0 4.59018e-16 2.66089e-15 1.43104e-14 7.32218e-14 3.56615e-13 1.65282e-12 7.28765e-12 3.05586e-11 1.21812e-10 4.61384e-10 1.65972e-09 5.66729e-09 1.8358e-08 5.63791e-08 1.64045e-07 4.51926e-07 1.17795e-06 2.90301e-06 6.76013e-06 1.48664e-05 3.08623e-05 6.04723e-05 0.000111862 0.000195496 0.000323284 0.000507142 0.000757614 0.00108359 0.00149393 0.00200096 0.00262416 0.00339189 0.0043394 0.00550352 0.00691645 0.00860184 0.0105747 0.0128445 0.0154183 0.018303 0.0215032 0.0250177 0.0288355 0.0329332 0.0372751 0.0418156 0.0465021 0.0512791 0.0560895 0.0608771 0.0655864 0.0701634 0.074556 0.0787152 0.0825964 0.0861611 0.0893783 0.0922252 0.0946878 0.0967607 0.0984464 0.0997542 0.100699 0.101302 0.101584 0.101573 0.101296 0.100782 0.100058 0.0991552 0.0981 0.0969199 0.0956403 0.0942853 0.0928769 0.0914352 0.0899784 0.0885224 0.0870812 0.0856671 0.0842903 0.0829596 0.0816821 0.0804637 0.0793092 0.0782222 0.0772055 0.0762612 0.075391 0.0745957 0.0738762 0.0732326 0.0726652 0.0721739 0.0717586 0.0714192 0.0711555 0.0709672 0.0708543 0.0708167 0.0708543 0.0709672 0.0711555 0.0714192 0.0717586 0.0721739 0.0726652 0.0732326 0.0738762 0.0745957 0.075391 0.0762612 0.0772055 0.0782222 0.0793092 0.0804637 0.0816821 0.0829596 0.0842903 0.0856671 0.0870812 0.0885224 0.0899784 0.0914352 0.0928769 0.0942853 0.0956403 0.0969199 0.0981 0.0991552 0.100058 0.100782 0.101296 0.101573 0.101584 0.101302 0.100699 0.0997542 0.0984464 0.0967607 0.0946878 0.0922252 0.0893783 0.0861611 0.0825964 0.0787152 0.074556 0.0701634 0.0655864 0.0608771 0.0560895 0.0512791 0.0465021 0.0418156 0.0372751 0.0329332 0.0288355 0.0250177 0.0215032 0.018303 0.0154183 0.0128445 0.0105747 0.00860184 0.00691645 0.00550352 0.0043394 0.00339189 0.00262416 0.00200096 0.00149393 0.00108359 0.000757614 0.000507142 0.000323284 0.000195496 0.000111862 6.04723e-05 3.08623e-05 1.48664e-05 6.76013e-06 2.90301e-06 1.17795e-06 4.51926e-07 1.64045e-07 5.63791e-08 1.8358e-08 5.66729e-09 1.65972e-09 4.61384e-10 1.21812e-10 3.05586e-11 7.28765e-12 1.65282e-12 3.56614e-13 7.32212e-14 1.43067e-14 2.63843e-15 3.29132e-16 
0 2.24206e-15 1.25308e-14 6.48364e-14 3.19082e-13 1.49435e-12 6.65799e-12 2.82108e-11 1.13629e-10 4.34865e-10 1.58049e-09 5.45188e-09 1.78382e-08 5.53241e-08 1.62528e-07 4.51926e-07 1.1885e-06 2.95391e-06 6.93325e-06 1.5358e-05 3.20895e-05 6.32271e-05 0.000117489 0.000206028 0.000341453 0.000536213 0.000801112 0.00114518 0.00157785 0.00211308 0.00277348 0.00359166 0.00460682 0.00585797 0.00737702 0.00918564 0.0112971 0.0137209 0.0164663 0.0195425 0.0229548 0.0266991 0.0307576 0.0350981 0.0396759 0.0444376 0.0493251 0.0542784 0.0592372 0.0641409 0.068929 0.0735418 0.0779219 0.0820163 0.0857785 0.0891707 0.092165 0.0947435 0.0968984 0.098631 0.0999502 0.100872 0.101416 0.101609 0.101478 0.101054 0.100368 0.0994525 0.098341 0.0970651 0.0956558 0.0941422 0.0925518 0.0909093 0.0892375 0.0875562 0.085883 0.0842327 0.0826182 0.08105 0.0795366 0.078085 0.0767006 0.0753874 0.0741484 0.0729857 0.0719005 0.0708935 0.0699649 0.0691145 0.0683418 0.0676461 0.0670267 0.0664827 0.0660132 0.0656176 0.065295 0.0650448 0.0648664 0.0647596 0.064724 0.0647596 0.0648664 0.0650448 0.065295 0.0656176 0.0660132 0.0664827 0.0670267 0.0676461 0.0683418 0.0691145 0.0699649 0.0708935 0.0719005 0.0729857 0.0741484 0.0753874 0.0767006 0.078085 0.0795366 0.08105 0.0826182 0.0842327 0.085883 0.0875562 0.0892375 0.0909093 0.0925518 0.0941422 0.0956558 0.0970651 0.098341 0.0994525 0.100368 0.101054 0.101478 0.101609 0.101416 0.100872 0.0999502 0.098631 0.0968984 0.0947435 0.092165 0.0891707 0.0857785 0.0820163 0.0779219 0.0735418 0.068929 0.0641409 0.0592372 0.0542784 0.0493251 0.0444376 0.0396759 0.0350981 0.0307576 0.0266991 0.0229548 0.0195425 0.0164663 0.0137209 0.0112971 0.00918564 0.00737702 0.00585797 0.00460682 0.00359166 0.00277348 0.00211308 0.00157785 0.00114518 0.000801112 0.000536213 0.000341453 0.000206028 0.000117489 6.32271e-05 3.20895e-05 1.5358e-05 6.93325e-06 2.95391e-06 1.1885e-06 4.51926e-07 1.62528e-07 5.53241e-08 1.78382e-08 5.45188e-09 1.58049e-09 4.34865e-10 1.13629e-10 2.82108e-11 6.65799e-12 1.49435e-12 3.19079e-13 6.48177e-14 1.24218e-14 1.63767e-15 
0 1.04287e-14 5.62022e-14 2.79759e-13 1.32404e-12 5.96155e-12 2.55271e-11 1.03906e-10 4.01852e-10 1.47583e-09 5.14393e-09 1.70041e-08 5.32726e-08 1.58058e-07 4.43757e-07 1.17795e-06 2.95391e-06 6.99191e-06 1.56096e-05 3.28481e-05 6.5129e-05 0.000121666 0.000214257 0.000356187 0.000560438 0.000838102 0.00119841 0.0016514 0.00221279 0.00290848 0.00377526 0.00485604 0.00619145 0.00781248 0.00973873 0.0119824 0.0145543 0.017467 0.0207319 0.0243534 0.0283222 0.0326122 0.0371819 0.0419783 0.0469424 0.052012 0.0571235 0.062212 0.0672108 0.0720525 0.0766707 0.0810028 0.0849937 0.0885975 0.0917798 0.0945178 0.0968001 0.0986251 0.1 0.100941 0.101467 0.101605 0.101385 0.100841 0.100007 0.0989216 0.0976211 0.0961424 0.094521 0.0927903 0.0909812 0.0891218 0.0872371 0.0853489 0.083476 0.0816344 0.0798373 0.0780953 0.0764171 0.0748092 0.0732767 0.0718231 0.0704506 0.0691607 0.0679538 0.0668298 0.0657881 0.0648276 0.0639471 0.0631449 0.0624194 0.0617692 0.0611924 0.0606876 0.0602532 0.0598881 0.059591 0.0593609 0.0591971 0.0590991 0.0590664 0.0590991 0.0591971 0.0593609 0.059591 0.0598881 0.0602532 0.0606876 0.0611924 0.0617692 0.0624194 0.0631449 0.0639471 0.0648276 0.0657881 0.0668298 0.0679538 0.0691607 0.0704506 0.0718231 0.0732767 0.0748092 0.0764171 0.0780953 0.0798373 0.0816344 0.083476 0.0853489 0.0872371 0.0891218 0.0909812 0.0927903 0.094521 0.0961424 0.0976211 0.0989216 0.100007 0.100841 0.101385 0.101605 0.101467 0.100941 0.1 0.0986251 0.0968001 0.0945178 0.0917798 0.0885975 0.0849937 0.0810028 0.0766707 0.0720525 0.0672108 0.062212 0.0571235 0.052012 0.0469424 0.0419783 0.0371819 0.0326122 0.0283222 0.0243534 0.0207319 0.017467 0.0145543 0.0119824 0.00973873 0.00781248 0.00619145 0.00485604 0.00377526 0.00290848 0.00221279 0.0016514 0.00119841 0.000838102 0.000560438 0.000356187 0.000214257 0.000121666 6.5129e-05 3.28481e-05 1.56096e-05 6.99191e-06 2.95391e-06 1.17795e-06 4.43757e-07 1.58058e-07 5.32726e-08 1.70041e-08 5.14393e-09 1.47583e-09 4.01852e-10 1.03906e-10 2.55271e-11 5.96155e-12 1.32403e-12 2.7967e-13 5.57007e-14 7.76434e-15 
0 4.61958e-14 2.40086e-13 1.1496e-12 5.23145e-12 2.26402e-11 9.31411e-11 3.6407e-10 1.35135e-09 4.76006e-09 1.5901e-08 5.03359e-08 1.50878e-07 4.27856e-07 1.14684e-06 2.90301e-06 6.93325e-06 1.56096e-05 3.31048e-05 6.61001e-05 0.000124239 0.000219906 0.000367043 0.000579183 0.000867755 0.00124223 0.00171332 0.00229853 0.00302699 0.00393962 0.00508274 0.00649809 0.00821541 0.0102524 0.012621 0.0153348 0.0184099 0.0218595 0.0256852 0.0298703 0.0343796 0.0391627 0.0441608 0.0493108 0.0545472 0.0598018 0.0650029 0.0700755 0.0749442 0.0795364 0.0837866 0.0876401 0.0910544 0.0940003 0.0964608 0.0984303 0.0999128 0.100921 0.101474 0.1016 0.101329 0.100698 0.0997475 0.0985188 0.0970543 0.095396 0.0935844 0.0916571 0.0896488 0.0875908 0.0855105 0.0834317 0.0813746 0.0793562 0.0773904 0.0754884 0.073659 0.0719088 0.0702426 0.0686636 0.0671736 0.0657733 0.0644627 0.0632407 0.0621058 0.0610563 0.0600897 0.0592038 0.0583959 0.0576636 0.0570044 0.0564158 0.0558956 0.0554418 0.0550524 0.0547257 0.0544605 0.0542554 0.0541096 0.0540224 0.0539933 0.0540224 0.0541096 0.0542554 0.0544605 0.0547257 0.0550524 0.0554418 0.0558956 0.0564158 0.0570044 0.0576636 0.0583959 0.0592038 0.0600897 0.0610563 0.0621058 0.0632407 0.0644627 0.0657733 0.0671736 0.0686636 0.0702426 0.0719088 0.073659 0.0754884 0.0773904 0.0793562 0.0813746 0.0834317 0.0855105 0.0875908 0.0896488 0.0916571 0.0935844 0.095396 0.0970543 0.0985188 0.0997475 0.100698 0.101329 0.1016 0.101474 0.100921 0.0999128 0.0984303 0.0964608 0.0940003 0.0910544 0.0876401 0.0837866 0.0795364 0.0749442 0.0700755 0.0650029 0.0598018 0.0545472 0.0493108 0.0441608 0.0391627 0.0343796 0.0298703 0.0256852 0.0218595 0.0184099 0.0153348 0.012621 0.0102524 0.00821541 0.00649809 0.00508274 0.00393962 0.00302699 0.00229853 0.00171332 0.00124223 0.000867755 0.000579183 0.000367043 0.000219906 0.000124239 6.61001e-05 3.31048e-05 1.56096e-05 6.93325e-06 2.90301e-06 1.14684e-06 4.27856e-07 1.50878e-07 5.03359e-08 1.5901e-08 4.76006e-09 1.35135e-09 3.6407e-10 9.31411e-11 2.26402e-11 5.23137e-12 1.14919e-12 2.37901e-13 3.5079e-14 
