0 0 0 0 0 0 0 0 0 0 0 0 0 0 0 0 0 0 0 0 0 0 0 0 0 0 0 0 0 0 0 0 0 0 0 0 0 0 0 0 0 0 0 0 0 0 0 0 0 0 0 0 0 0 0 0 0 0 0 0 0 0 0 0 0 0 0 0 0 0 0 0 0 0 0 0 0 0 0 0 0 0 0 0 0 0 0 0 0 0 0 0 0 0 0 0 0 0 0 0 0 0 0 0 0 0 0 0 0 0 0 0 0 0 0 0 0 0 0 0 0 0 0 0 0 0 0 0 0 0 0 0 0 0 0 0 0 0 0 0 0 0 0 0 0 0 0 0 0 0 0 0 0 0 0 0 0 0 0 0 0 0 0 0 0 0 0 0 0 0 0 0 0 0 0 0 0 0 0 0 0 0 0 0 0 0 0 0 0 0 0 0 0 0 0 0 0 0 0 0 
0 0.000690251 0.00142703 0.00223487 0.00310814 0.00402208 0.0049552 0.00590508 0.00688316 0.00789138 0.00890141 0.00985716 0.0106995 0.011391 0.0119174 0.0122692 0.0124226 0.0123397 0.0119869 0.0113536 0.0104579 0.00933666 0.00803064 0.00657509 0.00500088 0.00334181 0.00164067 -5.10649e-05 -0.00167969 -0.00319805 -0.00457176 -0.00578057 -0.00681538 -0.00767365 -0.00835561 -0.00886302 -0.00920002 -0.00937496 -0.00940169 -0.00929934 -0.00909073 -0.00879978 -0.00844899 -0.00805762 -0.00764095 -0.00721052 -0.00677498 -0.00634121 -0.00591515 -0.00550228 -0.0051077 -0.00473586 -0.00439025 -0.0040731 -0.00378518 -0.00352594 -0.00329367 -0.00308594 -0.00289989 -0.00273267 -0.00258165 -0.00244461 -0.00231982 -0.00220598 -0.00210214 -0.00200764 -0.00192196 -0.00184466 -0.00177526 -0.00171325 -0.00165807 -0.0016091 -0.00156566 -0.00152708 -0.00149272 -0.00146196 -0.00143424 -0.00140907 -0.00138605 -0.00136483 -0.00134516 -0.00132683 -0.0013097 -0.00129365 -0.00127863 -0.00126457 -0.00125146 -0.00123928 -0.00122803 -0.00121769 -0.00120828 -0.00119978 -0.0011922 -0.00118552 -0.00117975 -0.00117489 -0.00117091 -0.00116783 -0.00116563 -0.00116431 -0.00116387 -0.00116431 -0.00116563 -0.00116783 -0.00117091 -0.00117489 -0.00117975 -0.00118552 -0.0011922 -0.00119978 -0.00120828 -0.00121769 -0.00122803 -0.00123928 -0.00125146 -0.00126457 -0.00127863 -0.00129365 -0.0013097 -0.00132683 -0.00134516 -0.00136483 -0.00138605 -0.00140907 -0.00143424 -0.00146196 -0.00149272 -0.00152708 -0.00156566 -0.0016091 -0.00165807 -0.00171325 -0.00177526 -0.00184466 -0.00192196 -0.00200764 -0.00210214 -0.00220598 -0.00231982 -0.00244461 -0.00258165 -0.00273267 -0.00289989 -0.00308594 -0.00329367 -0.00352594 -0.00378518 -0.0040731 -0.00439025 -0.00473586 -0.0051077 -0.00550228 -0.00591515 -0.00634121 -0.00677498 -0.00721052 -0.00764095 -0.00805762 -0.00844899 -0.00879978 -0.00909073 -0.00929934 -0.00940169 -0.00937496 -0.00920002 -0.00886302 -0.00835561 -0.00767365 -0.00681538 -0.00578057 -0.00457176 -0.00319805 -0.00167969 -5.10649e-05 0.00164067 0.00334181 0.00500088 0.00657509 0.00803064 0.00933666 0.0104579 0.0113536 0.0119869 0.0123397 0.0124227 0.0122697 0.0119187 0.0113943 0.0107077 0.00987555 0.00894019 0.00796791 0.00702455 0.00614976 0.00535217 0.00462716 0.00397829 0.00342427 0.00299022 0.00269574 
0 0.00142703 0.002925 0.00453411 0.00625358 0.00805728 0.00992041 0.0118338 0.0137935 0.0157759 0.0177232 0.0195536 0.0211848 0.0225499 0.023595 0.0242679 0.0245144 0.0242858 0.0235522 0.0223097 0.0205803 0.0184076 0.0158501 0.0129784 0.00987265 0.00662051 0.00331338 4.14957e-05 -0.00311099 -0.00607008 -0.00877443 -0.0111767 -0.0132441 -0.014958 -0.0163137 -0.0173186 -0.0179909 -0.0183569 -0.0184486 -0.0183016 -0.0179526 -0.0174385 -0.0167949 -0.016055 -0.0152495 -0.0144056 -0.0135468 -0.0126924 -0.0118581 -0.0110554 -0.0102927 -0.00957527 -0.00890609 -0.0082863 -0.0077157 -0.00719313 -0.00671678 -0.00628437 -0.00589333 -0.00554084 -0.00522396 -0.00493967 -0.00468492 -0.00445675 -0.00425229 -0.00406885 -0.00390395 -0.00375536 -0.00362109 -0.00349942 -0.00338885 -0.00328812 -0.00319617 -0.00311207 -0.00303506 -0.00296448 -0.00289977 -0.00284043 -0.00278602 -0.00273615 -0.00269046 -0.00264863 -0.00261037 -0.00257541 -0.00254351 -0.00251445 -0.00248802 -0.00246407 -0.00244242 -0.00242293 -0.0024055 -0.00239 -0.00237636 -0.00236448 -0.00235431 -0.0023458 -0.00233888 -0.00233354 -0.00232975 -0.00232748 -0.00232672 -0.00232748 -0.00232975 -0.00233354 -0.00233888 -0.0023458 -0.00235431 -0.00236448 -0.00237636 -0.00239 -0.0024055 -0.00242293 -0.00244242 -0.00246407 -0.00248802 -0.00251445 -0.00254351 -0.00257541 -0.00261037 -0.00264863 -0.00269046 -0.00273615 -0.00278602 -0.00284043 -0.00289977 -0.00296448 -0.00303506 -0.00311207 -0.00319617 -0.00328812 -0.00338885 -0.00349942 -0.00362109 -0.00375536 -0.00390395 -0.00406885 -0.00425229 -0.00445675 -0.00468492 -0.00493967 -0.00522396 -0.00554084 -0.00589333 -0.00628437 -0.00671678 -0.00719313 -0.0077157 -0.0082863 -0.00890609 -0.00957527 -0.0102927 -0.0110554 -0.0118581 -0.0126924 -0.0135468 -0.0144056 -0.0152495 -0.016055 -0.0167949 -0.0174385 -0.0179526 -0.0183016 -0.0184486 -0.0183569 -0.0179909 -0.0173186 -0.0163137 -0.014958 -0.0132441 -0.0111767 -0.00877443 -0.00607008 -0.00311099 4.14957e-05 0.00331338 0.00662051 0.00987265 0.0129784 0.0158501 0.0184076 0.0205803 0.0223097 0.0235523 0.024286 0.0245149 0.0242693 0.0235986 0.0225589 0.0212057 0.019599 0.0178155 0.0159522 0.0141096 0.0123659 0.0107633 0.00931748 0.00804152 0.00696127 0.00611399 0.00553617 
0 0.00223487 0.00453411 0.00694242 0.00947882 0.0121436 0.0149255 0.0177981 0.0207129 0.0235997 0.0263788 0.0289724 0.0312997 0.0332651 0.0347583 0.0356739 0.0359353 0.0355043 0.0343714 0.0325431 0.0300391 0.0268995 0.0231953 0.0190312 0.0145359 0.00984698 0.00509663 0.000404149 -0.00412464 -0.00839508 -0.0123227 -0.0158354 -0.0188783 -0.0214182 -0.0234449 -0.02497 -0.0260219 -0.0266399 -0.0268694 -0.0267576 -0.0263522 -0.0257007 -0.0248498 -0.0238453 -0.0227311 -0.0215478 -0.0203316 -0.0191126 -0.017915 -0.0167567 -0.01565 -0.0146029 -0.0136196 -0.0127022 -0.011851 -0.0110654 -0.010344 -0.00968471 -0.00908507 -0.00854205 -0.00805216 -0.00761152 -0.00721599 -0.00686126 -0.00654306 -0.00625727 -0.00600005 -0.0057679 -0.00555774 -0.00536689 -0.00519308 -0.0050344 -0.00488923 -0.00475625 -0.00463433 -0.00452251 -0.00441996 -0.00432595 -0.00423981 -0.00416095 -0.00408881 -0.00402289 -0.00396271 -0.00390784 -0.00385787 -0.00381245 -0.00377124 -0.00373395 -0.00370031 -0.00367009 -0.00364309 -0.00361912 -0.00359804 -0.00357972 -0.00356404 -0.00355092 -0.00354027 -0.00353205 -0.00352621 -0.00352272 -0.00352156 -0.00352272 -0.00352621 -0.00353205 -0.00354027 -0.00355092 -0.00356404 -0.00357972 -0.00359804 -0.00361912 -0.00364309 -0.00367009 -0.00370031 -0.00373395 -0.00377124 -0.00381245 -0.00385787 -0.00390784 -0.00396271 -0.00402289 -0.00408881 -0.00416095 -0.00423981 -0.00432595 -0.00441996 -0.00452251 -0.00463433 -0.00475625 -0.00488923 -0.0050344 -0.00519308 -0.00536689 -0.00555774 -0.0057679 -0.00600005 -0.00625727 -0.00654306 -0.00686126 -0.00721599 -0.00761152 -0.00805216 -0.00854205 -0.00908507 -0.00968471 -0.010344 -0.0110654 -0.011851 -0.0127022 -0.0136196 -0.0146029 -0.01565 -0.0167567 -0.017915 -0.0191126 -0.0203316 -0.0215478 -0.0227311 -0.0238453 -0.0248498 -0.0257007 -0.0263522 -0.0267576 -0.0268694 -0.0266399 -0.0260219 -0.02497 -0.0234449 -0.0214182 -0.0188783 -0.0158354 -0.0123227 -0.00839508 -0.00412464 0.000404149 0.00509663 0.00984698 0.0145359 0.0190312 0.0231953 0.0268995 0.0300391 0.0325432 0.0343715 0.0355047 0.0359366 0.0356772 0.0347668 0.033285 0.0313437 0.0290635 0.0265558 0.023923 0.0212689 0.0186994 0.0163071 0.0141559 0.0122831 0.0107171 0.00949404 0.00865925 
0 0.00310814 0.00625358 0.00947882 0.0128297 0.0163405 0.0200103 0.0237865 0.0275742 0.0312685 0.0347801 0.0380309 0.0409259 0.0433376 0.0451241 0.0461635 0.0463764 0.0457228 0.0441897 0.041785 0.0385407 0.0345207 0.0298232 0.0245769 0.0189293 0.0130363 0.0070532 0.00112896 -0.0045983 -0.0100053 -0.0149876 -0.0194632 -0.0233736 -0.0266841 -0.0293816 -0.0314726 -0.0329799 -0.0339404 -0.0344017 -0.0344194 -0.0340539 -0.0333674 -0.0324207 -0.0312714 -0.0299719 -0.0285691 -0.0271036 -0.0256104 -0.0241189 -0.0226535 -0.0212337 -0.0198746 -0.0185874 -0.0173791 -0.0162536 -0.015212 -0.014253 -0.0133735 -0.0125695 -0.0118362 -0.0111685 -0.0105613 -0.0100097 -0.00950909 -0.00905515 -0.00864386 -0.0082715 -0.00793459 -0.00762987 -0.00735429 -0.00710503 -0.00687942 -0.00667503 -0.0064896 -0.00632111 -0.00616774 -0.00602786 -0.00590004 -0.00578304 -0.00567579 -0.00557736 -0.00548695 -0.0054039 -0.00532761 -0.00525761 -0.00519345 -0.0051348 -0.00508131 -0.00503273 -0.00498881 -0.00494934 -0.00491415 -0.00488306 -0.00485595 -0.00483268 -0.00481317 -0.00479732 -0.00478506 -0.00477634 -0.00477113 -0.00476939 -0.00477113 -0.00477634 -0.00478506 -0.00479732 -0.00481317 -0.00483268 -0.00485595 -0.00488306 -0.00491415 -0.00494934 -0.00498881 -0.00503273 -0.00508131 -0.0051348 -0.00519345 -0.00525761 -0.00532761 -0.0054039 -0.00548695 -0.00557736 -0.00567579 -0.00578304 -0.00590004 -0.00602786 -0.00616774 -0.00632111 -0.0064896 -0.00667503 -0.00687942 -0.00710503 -0.00735429 -0.00762987 -0.00793459 -0.0082715 -0.00864386 -0.00905515 -0.00950909 -0.0100097 -0.0105613 -0.0111685 -0.0118362 -0.0125695 -0.0133735 -0.014253 -0.015212 -0.0162536 -0.0173791 -0.0185874 -0.0198746 -0.0212337 -0.0226535 -0.0241189 -0.0256104 -0.0271036 -0.0285691 -0.0299719 -0.0312714 -0.0324207 -0.0333674 -0.0340539 -0.0344194 -0.0344017 -0.0339404 -0.0329799 -0.0314726 -0.0293816 -0.0266841 -0.0233736 -0.0194632 -0.0149876 -0.0100053 -0.0045983 0.00112896 0.0070532 0.0130363 0.0189293 0.0245769 0.0298232 0.0345207 0.0385408 0.0417851 0.0441901 0.0457239 0.0463795 0.0461713 0.0451425 0.0433787 0.0410116 0.0381994 0.0350915 0.0318107 0.0284652 0.0251724 0.0220608 0.0192463 0.0168086 0.0147944 0.01324 0.0121882 
0 0.00402208 0.00805728 0.0121436 0.0163405 0.0206928 0.0251914 0.0297635 0.0343002 0.0386922 0.0428378 0.046625 0.0499187 0.0525762 0.0544719 0.0555068 0.0556012 0.0546932 0.0527515 0.0497904 0.0458728 0.0410997 0.0355958 0.0294984 0.0229545 0.0161226 0.00917203 0.00227489 -0.00440543 -0.0107262 -0.0165729 -0.0218607 -0.0265307 -0.0305463 -0.0338891 -0.0365573 -0.0385658 -0.0399462 -0.0407446 -0.0410193 -0.0408359 -0.040263 -0.039368 -0.0382143 -0.0368597 -0.0353559 -0.033749 -0.0320794 -0.030383 -0.0286904 -0.0270276 -0.0254159 -0.0238714 -0.0224059 -0.0210268 -0.0197379 -0.01854 -0.0174316 -0.0164095 -0.0154699 -0.014608 -0.0138189 -0.0130977 -0.0124397 -0.0118401 -0.0112945 -0.0107985 -0.0103481 -0.00993926 -0.00956834 -0.00923178 -0.00892629 -0.00864881 -0.00839656 -0.00816697 -0.00795775 -0.00776685 -0.00759244 -0.00743293 -0.00728691 -0.00715315 -0.00703057 -0.00691826 -0.0068154 -0.00672127 -0.00663527 -0.00655686 -0.00648555 -0.00642096 -0.00636269 -0.00631045 -0.00626395 -0.00622295 -0.00618724 -0.00615664 -0.00613099 -0.00611018 -0.0060941 -0.00608266 -0.00607582 -0.00607355 -0.00607582 -0.00608266 -0.0060941 -0.00611018 -0.00613099 -0.00615664 -0.00618724 -0.00622295 -0.00626395 -0.00631045 -0.00636269 -0.00642096 -0.00648555 -0.00655686 -0.00663527 -0.00672127 -0.0068154 -0.00691826 -0.00703057 -0.00715315 -0.00728691 -0.00743293 -0.00759244 -0.00776685 -0.00795775 -0.00816697 -0.00839656 -0.00864881 -0.00892629 -0.00923178 -0.00956834 -0.00993926 -0.0103481 -0.0107985 -0.0112945 -0.0118401 -0.0124397 -0.0130977 -0.0138189 -0.014608 -0.0154699 -0.0164095 -0.0174316 -0.01854 -0.0197379 -0.0210268 -0.0224059 -0.0238714 -0.0254159 -0.0270276 -0.0286904 -0.030383 -0.0320794 -0.033749 -0.0353559 -0.0368597 -0.0382143 -0.039368 -0.040263 -0.0408359 -0.0410193 -0.0407446 -0.0399462 -0.0385658 -0.0365573 -0.0338891 -0.0305463 -0.0265307 -0.0218607 -0.0165729 -0.0107262 -0.00440543 0.00227489 0.00917203 0.0161226 0.0229545 0.0294984 0.0355958 0.0410997 0.0458729 0.0497908 0.0527525 0.0546959 0.0556082 0.0555235 0.0545095 0.0526555 0.0500761 0.0469187 0.0433543 0.0395494 0.0356472 0.0317768 0.0280743 0.0246821 0.0217272 0.0192995 0.0174539 0.0162248 
0 0.0049552 0.00992041 0.0149255 0.0200103 0.0251914 0.0304388 0.0356838 0.0408398 0.0458046 0.0504447 0.0545963 0.0580973 0.0608205 0.0626737 0.0635736 0.0634359 0.0621949 0.0598306 0.0563777 0.0519175 0.0465626 0.0404441 0.0337065 0.0265081 0.0190189 0.0114137 0.00386336 -0.00347431 -0.0104602 -0.0169772 -0.0229308 -0.0282497 -0.0328865 -0.0368161 -0.0400352 -0.0425596 -0.0444203 -0.04566 -0.0463302 -0.0464878 -0.0461936 -0.0455103 -0.0445012 -0.0432281 -0.0417499 -0.040121 -0.0383902 -0.0365995 -0.0347848 -0.0329751 -0.0311943 -0.0294611 -0.02779 -0.0261921 -0.0246755 -0.023246 -0.0219067 -0.020659 -0.0195024 -0.0184346 -0.0174524 -0.0165513 -0.0157264 -0.0149722 -0.0142833 -0.013654 -0.0130794 -0.0125544 -0.0120746 -0.0116359 -0.0112348 -0.0108679 -0.0105322 -0.0102251 -0.00994427 -0.00968744 -0.00945267 -0.00923812 -0.00904215 -0.00886322 -0.00869996 -0.00855109 -0.00841547 -0.00829205 -0.00817991 -0.0080782 -0.00798619 -0.00790321 -0.00782869 -0.00776212 -0.00770307 -0.00765114 -0.00760603 -0.00756744 -0.00753515 -0.00750898 -0.00748878 -0.00747443 -0.00746585 -0.00746299 -0.00746585 -0.00747443 -0.00748878 -0.00750898 -0.00753515 -0.00756744 -0.00760603 -0.00765114 -0.00770307 -0.00776212 -0.00782869 -0.00790321 -0.00798619 -0.0080782 -0.00817991 -0.00829205 -0.00841547 -0.00855109 -0.00869996 -0.00886322 -0.00904215 -0.00923812 -0.00945267 -0.00968744 -0.00994427 -0.0102251 -0.0105322 -0.0108679 -0.0112348 -0.0116359 -0.0120746 -0.0125544 -0.0130794 -0.013654 -0.0142833 -0.0149722 -0.0157264 -0.0165513 -0.0174524 -0.0184346 -0.0195024 -0.020659 -0.0219067 -0.023246 -0.0246755 -0.0261921 -0.02779 -0.0294611 -0.0311943 -0.0329751 -0.0347848 -0.0365995 -0.0383902 -0.040121 -0.0417499 -0.0432281 -0.0445012 -0.0455103 -0.0461936 -0.0464878 -0.0463302 -0.04566 -0.0444203 -0.0425596 -0.0400352 -0.0368161 -0.0328865 -0.0282497 -0.0229308 -0.0169772 -0.0104602 -0.00347431 0.00386336 0.0114137 0.0190189 0.0265081 0.0337065 0.0404441 0.0465627 0.0519178 0.0563786 0.059833 0.0622011 0.0634509 0.0636076 0.0627461 0.0609657 0.0583709 0.0550823 0.0512589 0.0470957 0.0427863 0.0384931 0.0343547 0.0305151 0.0271297 0.0243388 0.0222338 0.0208505 
0 0.00590508 0.0118338 0.0177981 0.0237865 0.0297635 0.0356838 0.0415022 0.0471565 0.0525341 0.0574668 0.0617727 0.0653046 0.067957 0.0696388 0.0702614 0.0697586 0.0681081 0.0653292 0.061471 0.0566078 0.0508414 0.0443032 0.0371514 0.0295607 0.0217061 0.013752 0.00584907 -0.00186431 -0.00926073 -0.0162239 -0.022653 -0.028469 -0.0336178 -0.0380703 -0.0418204 -0.0448793 -0.0472705 -0.0490271 -0.0501889 -0.0508019 -0.0509177 -0.0505926 -0.049886 -0.0488584 -0.047569 -0.0460737 -0.0444235 -0.0426641 -0.0408349 -0.03897 -0.0370982 -0.0352438 -0.0334269 -0.0316639 -0.0299678 -0.0283484 -0.0268128 -0.0253653 -0.0240082 -0.0227415 -0.0215639 -0.0204726 -0.019464 -0.018534 -0.0176778 -0.0168908 -0.0161682 -0.0155052 -0.0148973 -0.0143403 -0.0138301 -0.0133628 -0.012935 -0.0125433 -0.0121848 -0.0118566 -0.0115563 -0.0112814 -0.0110299 -0.0107998 -0.0105895 -0.0103973 -0.0102218 -0.0100619 -0.00991622 -0.00978391 -0.00966403 -0.0095558 -0.00945849 -0.0093715 -0.00929429 -0.00922637 -0.00916734 -0.00911685 -0.00907461 -0.00904036 -0.00901393 -0.00899515 -0.00898393 -0.00898019 -0.00898393 -0.00899515 -0.00901393 -0.00904036 -0.00907461 -0.00911685 -0.00916734 -0.00922637 -0.00929429 -0.0093715 -0.00945849 -0.0095558 -0.00966403 -0.00978391 -0.00991622 -0.0100619 -0.0102218 -0.0103973 -0.0105895 -0.0107998 -0.0110299 -0.0112814 -0.0115563 -0.0118566 -0.0121848 -0.0125433 -0.012935 -0.0133628 -0.0138301 -0.0143403 -0.0148973 -0.0155052 -0.0161682 -0.0168908 -0.0176778 -0.018534 -0.019464 -0.0204726 -0.0215639 -0.0227415 -0.0240082 -0.0253653 -0.0268128 -0.0283484 -0.0299678 -0.0316639 -0.0334269 -0.0352438 -0.0370982 -0.03897 -0.0408349 -0.0426641 -0.0444235 -0.0460737 -0.047569 -0.0488584 -0.049886 -0.0505926 -0.0509177 -0.0508019 -0.0501889 -0.0490271 -0.0472705 -0.0448793 -0.0418204 -0.0380703 -0.0336178 -0.028469 -0.022653 -0.0162239 -0.00926073 -0.00186432 0.00584907 0.013752 0.0217061 0.0295607 0.0371514 0.0443033 0.0508417 0.0566085 0.0614731 0.0653347 0.0681214 0.069789 0.0703267 0.0697711 0.0682091 0.065757 0.0625385 0.0586927 0.0543985 0.0498681 0.0453066 0.0408837 0.0367499 0.0330657 0.0299955 0.0276655 0.0261344 
0 0.00688316 0.0137935 0.0207129 0.0275742 0.0343002 0.0408398 0.0471565 0.0531787 0.0587727 0.0637742 0.068038 0.0714474 0.0738905 0.0752573 0.0754747 0.0745292 0.0724499 0.06928 0.0650737 0.0599068 0.0538849 0.0471435 0.0398396 0.0321353 0.0241863 0.0161395 0.00813343 0.00029644 -0.00725371 -0.014413 -0.0210948 -0.0272307 -0.0327689 -0.0376744 -0.0419268 -0.0455197 -0.0484603 -0.0507686 -0.0524754 -0.0536203 -0.054249 -0.0544103 -0.0541549 -0.0535333 -0.0525959 -0.051392 -0.0499695 -0.0483745 -0.0466508 -0.0448384 -0.0429737 -0.041088 -0.0392079 -0.0373551 -0.0355468 -0.0337962 -0.032113 -0.0305042 -0.0289745 -0.027527 -0.0261632 -0.0248835 -0.0236871 -0.0225726 -0.0215376 -0.0205793 -0.0196941 -0.0188781 -0.0181272 -0.0174372 -0.0168035 -0.016222 -0.0156886 -0.0151992 -0.0147504 -0.0143385 -0.0139606 -0.0136139 -0.0132958 -0.013004 -0.0127364 -0.0124913 -0.0122669 -0.0120619 -0.0118749 -0.0117047 -0.0115503 -0.0114107 -0.0112851 -0.0111727 -0.0110729 -0.0109851 -0.0109088 -0.0108435 -0.0107889 -0.0107446 -0.0107104 -0.0106861 -0.0106716 -0.0106668 -0.0106716 -0.0106861 -0.0107104 -0.0107446 -0.0107889 -0.0108435 -0.0109088 -0.0109851 -0.0110729 -0.0111727 -0.0112851 -0.0114107 -0.0115503 -0.0117047 -0.0118749 -0.0120619 -0.0122669 -0.0124913 -0.0127364 -0.013004 -0.0132958 -0.0136139 -0.0139606 -0.0143385 -0.0147504 -0.0151992 -0.0156886 -0.016222 -0.0168035 -0.0174372 -0.0181272 -0.0188781 -0.0196941 -0.0205793 -0.0215376 -0.0225726 -0.0236871 -0.0248835 -0.0261632 -0.027527 -0.0289745 -0.0305042 -0.032113 -0.0337962 -0.0355468 -0.0373551 -0.0392079 -0.041088 -0.0429737 -0.0448384 -0.0466508 -0.0483745 -0.0499695 -0.051392 -0.0525959 -0.0535333 -0.0541549 -0.0544103 -0.054249 -0.0536203 -0.0524754 -0.0507686 -0.0484603 -0.0455197 -0.0419268 -0.0376744 -0.0327689 -0.0272307 -0.0210948 -0.014413 -0.00725371 0.00029644 0.00813343 0.0161395 0.0241863 0.0321353 0.0398397 0.0471437 0.0538855 0.0599086 0.0650784 0.0692916 0.0724767 0.0745875 0.0755939 0.0754871 0.0743074 0.0721606 0.0691915 0.0655453 0.0613701 0.0568478 0.0521984 0.0476422 0.0433676 0.0395372 0.0363042 0.033806 0.0321408 
0 0.00789138 0.0157759 0.0235997 0.0312685 0.0386922 0.0458046 0.0525341 0.0587727 0.0643918 0.0692792 0.07334 0.0764639 0.0785269 0.0794409 0.0791873 0.0777936 0.0752992 0.0717562 0.067244 0.0618679 0.0557485 0.0490141 0.0417938 0.0342142 0.0264054 0.0185013 0.0106307 0.00290978 -0.00456148 -0.011702 -0.0184459 -0.024736 -0.0305232 -0.035766 -0.0404321 -0.0445016 -0.047969 -0.0508411 -0.0531364 -0.0548812 -0.0561075 -0.056851 -0.0571501 -0.0570452 -0.0565787 -0.0557944 -0.0547369 -0.0534509 -0.0519794 -0.0503633 -0.0486406 -0.0468451 -0.0450074 -0.0431534 -0.0413057 -0.039483 -0.0377009 -0.035972 -0.0343059 -0.0327102 -0.03119 -0.0297487 -0.0283881 -0.0271083 -0.0259086 -0.0247874 -0.023742 -0.0227696 -0.0218669 -0.0210302 -0.0202559 -0.0195404 -0.0188798 -0.0182706 -0.0177094 -0.0171928 -0.0167176 -0.0162809 -0.0158799 -0.015512 -0.0151747 -0.014866 -0.0145837 -0.014326 -0.0140911 -0.0138777 -0.0136842 -0.0135095 -0.0133524 -0.013212 -0.0130873 -0.0129777 -0.0128825 -0.012801 -0.0127329 -0.0126777 -0.0126351 -0.0126048 -0.0125867 -0.0125807 -0.0125867 -0.0126048 -0.0126351 -0.0126777 -0.0127329 -0.012801 -0.0128825 -0.0129777 -0.0130873 -0.013212 -0.0133524 -0.0135095 -0.0136842 -0.0138777 -0.0140911 -0.014326 -0.0145837 -0.014866 -0.0151747 -0.015512 -0.0158799 -0.0162809 -0.0167176 -0.0171928 -0.0177094 -0.0182706 -0.0188798 -0.0195404 -0.0202559 -0.0210302 -0.0218669 -0.0227696 -0.023742 -0.0247874 -0.0259086 -0.0271083 -0.0283881 -0.0297487 -0.03119 -0.0327102 -0.0343059 -0.035972 -0.0377009 -0.039483 -0.0413057 -0.0431534 -0.0450074 -0.0468451 -0.0486406 -0.0503633 -0.0519794 -0.0534509 -0.0547369 -0.0557944 -0.0565787 -0.0570452 -0.0571501 -0.056851 -0.0561075 -0.0548812 -0.0531364 -0.0508411 -0.047969 -0.0445016 -0.0404321 -0.035766 -0.0305232 -0.024736 -0.0184459 -0.011702 -0.00456148 0.00290978 0.0106307 0.0185013 0.0264055 0.0342143 0.0417939 0.0490147 0.05575 0.0618719 0.0672539 0.0717795 0.0753505 0.0778998 0.0793943 0.079821 0.0791846 0.0775396 0.0750087 0.0717487 0.0679065 0.0636307 0.0591169 0.0546098 0.050348 0.0465147 0.0432467 0.0406723 0.0389254 
0 0.00890141 0.0177232 0.0263788 0.0347801 0.0428378 0.0504447 0.0574668 0.0637742 0.0692792 0.0739243 0.0776312 0.0802911 0.0818209 0.0822037 0.0814623 0.0796215 0.0767222 0.0728489 0.0681198 0.0626582 0.0565826 0.0500044 0.0430271 0.0357555 0.0283009 0.0207712 0.0132639 0.00586617 -0.00134605 -0.00830745 -0.014958 -0.021244 -0.0271201 -0.0325485 -0.0374994 -0.0419519 -0.0458905 -0.0493063 -0.0521976 -0.0545687 -0.0564322 -0.0578085 -0.0587246 -0.0592134 -0.0593115 -0.059057 -0.0584891 -0.0576461 -0.0565656 -0.0552842 -0.0538369 -0.0522577 -0.0505789 -0.0488306 -0.0470409 -0.0452345 -0.0434331 -0.0416553 -0.0399158 -0.0382268 -0.0365971 -0.0350333 -0.0335396 -0.0321188 -0.0307723 -0.0295001 -0.0283018 -0.027176 -0.0261212 -0.025135 -0.024215 -0.0233587 -0.0225629 -0.021825 -0.0211416 -0.0205099 -0.0199266 -0.0193888 -0.0188937 -0.0184383 -0.0180201 -0.0176365 -0.0172853 -0.0169642 -0.0166714 -0.0164049 -0.0161632 -0.0159448 -0.0157483 -0.0155725 -0.0154164 -0.0152791 -0.0151598 -0.0150577 -0.0149723 -0.014903 -0.0148496 -0.0148116 -0.0147889 -0.0147814 -0.0147889 -0.0148116 -0.0148496 -0.014903 -0.0149723 -0.0150577 -0.0151598 -0.0152791 -0.0154164 -0.0155725 -0.0157483 -0.0159448 -0.0161632 -0.0164049 -0.0166714 -0.0169642 -0.0172853 -0.0176365 -0.0180201 -0.0184383 -0.0188937 -0.0193888 -0.0199266 -0.0205099 -0.0211416 -0.021825 -0.0225629 -0.0233587 -0.024215 -0.025135 -0.0261212 -0.027176 -0.0283018 -0.0295001 -0.0307723 -0.0321188 -0.0335396 -0.0350333 -0.0365971 -0.0382268 -0.0399158 -0.0416553 -0.0434331 -0.0452345 -0.0470409 -0.0488306 -0.0505789 -0.0522577 -0.0538369 -0.0552842 -0.0565656 -0.0576461 -0.0584891 -0.059057 -0.0593115 -0.0592134 -0.0587246 -0.0578085 -0.0564322 -0.0545687 -0.0521976 -0.0493063 -0.0458905 -0.0419519 -0.0374994 -0.0325485 -0.0271201 -0.021244 -0.014958 -0.00830745 -0.00134605 0.00586617 0.0132639 0.0207712 0.0283009 0.0357557 0.0430276 0.0500056 0.056586 0.0626667 0.0681398 0.0728935 0.0768156 0.0798059 0.081805 0.0828042 0.0828146 0.0818499 0.0799611 0.0772682 0.0739309 0.0701075 0.0659694 0.0617373 0.0576619 0.0539577 0.0507763 0.0482466 0.0465169 
0 0.00985716 0.0195536 0.0289724 0.0380309 0.046625 0.0545963 0.0617727 0.068038 0.07334 0.0776312 0.0808363 0.0828989 0.0838242 0.0836474 0.0823905 0.0800861 0.0768203 0.0727166 0.0678943 0.062464 0.0565365 0.0502169 0.0436033 0.0367907 0.0298609 0.0228772 0.0158971 0.00897838 0.00217653 -0.00445196 -0.010853 -0.0169829 -0.0228054 -0.0282889 -0.0334073 -0.0381351 -0.0424465 -0.0463204 -0.0497392 -0.0526925 -0.0551788 -0.0572037 -0.0587804 -0.0599282 -0.0606701 -0.0610331 -0.0610466 -0.0607416 -0.0601516 -0.0593099 -0.0582506 -0.057008 -0.0556142 -0.0541009 -0.0524969 -0.0508289 -0.0491211 -0.0473946 -0.0456683 -0.0439583 -0.0422781 -0.0406392 -0.0390506 -0.0375198 -0.0360518 -0.0346507 -0.0333186 -0.0320567 -0.0308652 -0.0297432 -0.0286894 -0.0277018 -0.0267781 -0.0259159 -0.0251122 -0.0243645 -0.0236698 -0.0230254 -0.0224284 -0.0218764 -0.0213667 -0.020897 -0.0204649 -0.0200684 -0.0197055 -0.0193742 -0.0190729 -0.0187999 -0.018554 -0.0183336 -0.0181377 -0.0179651 -0.017815 -0.0176865 -0.017579 -0.0174918 -0.0174245 -0.0173766 -0.017348 -0.0173385 -0.017348 -0.0173766 -0.0174245 -0.0174918 -0.017579 -0.0176865 -0.017815 -0.0179651 -0.0181377 -0.0183336 -0.018554 -0.0187999 -0.0190729 -0.0193742 -0.0197055 -0.0200684 -0.0204649 -0.020897 -0.0213667 -0.0218764 -0.0224284 -0.0230254 -0.0236698 -0.0243645 -0.0251122 -0.0259159 -0.0267781 -0.0277018 -0.0286894 -0.0297432 -0.0308652 -0.0320567 -0.0333186 -0.0346507 -0.0360518 -0.0375198 -0.0390506 -0.0406392 -0.0422781 -0.0439583 -0.0456683 -0.0473946 -0.0491211 -0.0508289 -0.0524969 -0.0541009 -0.0556142 -0.057008 -0.0582506 -0.0593099 -0.0601516 -0.0607416 -0.0610466 -0.0610331 -0.0606701 -0.0599282 -0.0587804 -0.0572037 -0.0551788 -0.0526925 -0.0497392 -0.0463204 -0.0424465 -0.0381351 -0.0334073 -0.0282889 -0.0228054 -0.0169829 -0.010853 -0.00445196 0.00217653 0.00897838 0.0158971 0.0228773 0.029861 0.0367911 0.0436043 0.0502197 0.0565436 0.062481 0.0679326 0.0727978 0.0769827 0.0803918 0.082933 0.0845566 0.0852675 0.0850797 0.0839949 0.0820569 0.0793976 0.0762026 0.0726541 0.0689326 0.0652462 0.0618182 0.0588463 0.0564919 0.0548972 
0 0.0106995 0.0211848 0.0312997 0.0409259 0.0499187 0.0580973 0.0653046 0.0714474 0.0764639 0.0802911 0.0828989 0.0843259 0.084638 0.0838738 0.0820731 0.0793339 0.0757914 0.0715598 0.0667357 0.0614278 0.0557484 0.0497956 0.043658 0.0374067 0.0310854 0.0247285 0.0183736 0.0120544 0.00580323 -0.000344297 -0.00635788 -0.0122093 -0.0178651 -0.0232931 -0.0284611 -0.0333352 -0.037887 -0.0420923 -0.0459287 -0.0493802 -0.0524336 -0.0550784 -0.0573108 -0.0591309 -0.0605453 -0.0615687 -0.0622194 -0.0625225 -0.0625062 -0.0621999 -0.0616353 -0.0608429 -0.0598526 -0.058694 -0.057394 -0.0559799 -0.0544763 -0.0529066 -0.0512932 -0.0496555 -0.048012 -0.046378 -0.0447673 -0.0431914 -0.0416591 -0.0401781 -0.0387533 -0.037389 -0.0360874 -0.0348499 -0.033677 -0.0325682 -0.031523 -0.0305395 -0.0296165 -0.0287519 -0.0279436 -0.0271895 -0.0264873 -0.0258347 -0.0252295 -0.0246695 -0.0241524 -0.0236764 -0.0232391 -0.022839 -0.0224741 -0.0221429 -0.0218437 -0.0215752 -0.0213361 -0.0211252 -0.0209415 -0.0207841 -0.0206523 -0.0205452 -0.0204626 -0.0204038 -0.0203687 -0.020357 -0.0203687 -0.0204038 -0.0204626 -0.0205452 -0.0206523 -0.0207841 -0.0209415 -0.0211252 -0.0213361 -0.0215752 -0.0218437 -0.0221429 -0.0224741 -0.022839 -0.0232391 -0.0236764 -0.0241524 -0.0246695 -0.0252295 -0.0258347 -0.0264873 -0.0271895 -0.0279436 -0.0287519 -0.0296165 -0.0305395 -0.031523 -0.0325682 -0.033677 -0.0348499 -0.0360874 -0.037389 -0.0387533 -0.0401781 -0.0416591 -0.0431914 -0.0447673 -0.046378 -0.048012 -0.0496555 -0.0512932 -0.0529066 -0.0544763 -0.0559799 -0.057394 -0.058694 -0.0598526 -0.0608429 -0.0616353 -0.0621999 -0.0625062 -0.0625225 -0.0622194 -0.0615687 -0.0605453 -0.0591309 -0.0573108 -0.0550784 -0.0524336 -0.0493802 -0.0459287 -0.0420923 -0.037887 -0.0333352 -0.0284611 -0.0232931 -0.0178651 -0.0122093 -0.00635788 -0.000344296 0.00580323 0.0120544 0.0183736 0.0247285 0.0310857 0.0374075 0.0436603 0.0498015 0.0557626 0.0614603 0.0668054 0.071701 0.0760609 0.0798188 0.0828967 0.085198 0.0866622 0.0872873 0.0870818 0.0860504 0.0842602 0.0818757 0.0790952 0.0760844 0.0729964 0.0700279 0.067413 0.0653581 0.0639952 
0 0.011391 0.0225499 0.0332651 0.0433376 0.0525762 0.0608205 0.067957 0.0738905 0.0785269 0.0818209 0.0838242 0.084638 0.0843346 0.0829749 0.0806773 0.0775985 0.0738603 0.0695553 0.0647978 0.05971 0.0543844 0.0488949 0.0433058 0.0376559 0.0319718 0.0262855 0.0206169 0.0149708 0.00935484 0.00377607 -0.00175815 -0.00722498 -0.0125944 -0.0178374 -0.0229189 -0.0278072 -0.0324758 -0.0368952 -0.0410387 -0.0448823 -0.0483994 -0.0515702 -0.0543792 -0.0568144 -0.0588735 -0.0605581 -0.0618754 -0.0628397 -0.0634663 -0.063776 -0.063792 -0.0635382 -0.0630422 -0.0623305 -0.0614309 -0.0603712 -0.0591767 -0.0578737 -0.0564848 -0.0550319 -0.0535348 -0.0520106 -0.0504757 -0.0489432 -0.0474256 -0.045933 -0.0444739 -0.0430561 -0.0416847 -0.0403651 -0.0391001 -0.0378924 -0.0367435 -0.0356539 -0.034624 -0.0336527 -0.0327397 -0.031883 -0.0310816 -0.0303332 -0.0296365 -0.028989 -0.028389 -0.0278345 -0.0273236 -0.0268545 -0.0264253 -0.0260348 -0.0256809 -0.0253627 -0.0250784 -0.0248274 -0.0246081 -0.0244202 -0.0242623 -0.0241342 -0.0240349 -0.0239646 -0.0239222 -0.0239083 -0.0239222 -0.0239646 -0.0240349 -0.0241342 -0.0242623 -0.0244202 -0.0246081 -0.0248274 -0.0250784 -0.0253627 -0.0256809 -0.0260348 -0.0264253 -0.0268545 -0.0273236 -0.0278345 -0.028389 -0.028989 -0.0296365 -0.0303332 -0.0310816 -0.031883 -0.0327397 -0.0336527 -0.034624 -0.0356539 -0.0367435 -0.0378924 -0.0391001 -0.0403651 -0.0416847 -0.0430561 -0.0444739 -0.045933 -0.0474256 -0.0489432 -0.0504757 -0.0520106 -0.0535348 -0.0550319 -0.0564848 -0.0578737 -0.0591767 -0.0603712 -0.0614309 -0.0623305 -0.0630422 -0.0635382 -0.063792 -0.063776 -0.0634663 -0.0628397 -0.0618754 -0.0605581 -0.0588735 -0.0568144 -0.0543792 -0.0515702 -0.0483994 -0.0448823 -0.0410387 -0.0368952 -0.0324758 -0.0278072 -0.0229189 -0.0178374 -0.0125944 -0.00722498 -0.00175815 0.00377607 0.00935485 0.0149708 0.020617 0.0262857 0.0319725 0.0376577 0.0433105 0.0489066 0.0544115 0.059769 0.0649191 0.0697901 0.0742889 0.0783369 0.0818807 0.0848375 0.0870896 0.0885641 0.0892661 0.0892232 0.0884662 0.0870849 0.0852402 0.0830972 0.0807934 0.0784905 0.0764104 0.0747705 0.0736979 
0 0.0119174 0.023595 0.0347583 0.0451241 0.0544719 0.0626737 0.0696388 0.0752573 0.0794409 0.0822037 0.0836474 0.0838738 0.0829749 0.0810964 0.0784227 0.0750929 0.0712056 0.0668909 0.0622943 0.0575103 0.0525976 0.047615 0.0426012 0.0375743 0.0325601 0.0275732 0.0226004 0.0176316 0.0126628 0.00768303 0.00269475 -0.00228753 -0.00725475 -0.0121884 -0.0170608 -0.0218479 -0.0265159 -0.0310268 -0.0353494 -0.0394491 -0.0432959 -0.0468685 -0.0501438 -0.0531063 -0.0557443 -0.0580457 -0.0600075 -0.061628 -0.0629104 -0.0638662 -0.0645075 -0.0648536 -0.0649264 -0.0647481 -0.0643455 -0.0637419 -0.062963 -0.0620333 -0.0609744 -0.0598099 -0.0585588 -0.057241 -0.0558744 -0.0544744 -0.0530572 -0.0516345 -0.0502196 -0.0488215 -0.0474497 -0.0461115 -0.0448123 -0.0435581 -0.0423511 -0.0411956 -0.0400921 -0.0390428 -0.0380476 -0.0371068 -0.0362201 -0.0353863 -0.0346052 -0.0338747 -0.0331947 -0.0325625 -0.031978 -0.0314385 -0.0309437 -0.0304912 -0.0300806 -0.0297099 -0.0293784 -0.0290847 -0.028828 -0.0286073 -0.0284219 -0.0282712 -0.0281544 -0.0280714 -0.0280216 -0.0280052 -0.0280216 -0.0280714 -0.0281544 -0.0282712 -0.0284219 -0.0286073 -0.028828 -0.0290847 -0.0293784 -0.0297099 -0.0300806 -0.0304912 -0.0309437 -0.0314385 -0.031978 -0.0325625 -0.0331947 -0.0338747 -0.0346052 -0.0353863 -0.0362201 -0.0371068 -0.0380476 -0.0390428 -0.0400921 -0.0411956 -0.0423511 -0.0435581 -0.0448123 -0.0461115 -0.0474497 -0.0488215 -0.0502196 -0.0516345 -0.0530572 -0.0544744 -0.0558744 -0.057241 -0.0585588 -0.0598099 -0.0609744 -0.0620333 -0.062963 -0.0637419 -0.0643455 -0.0647481 -0.0649264 -0.0648536 -0.0645075 -0.0638662 -0.0629104 -0.061628 -0.0600075 -0.0580457 -0.0557443 -0.0531063 -0.0501438 -0.0468685 -0.0432959 -0.0394491 -0.0353494 -0.0310268 -0.0265159 -0.0218479 -0.0170608 -0.0121884 -0.00725475 -0.00228753 0.00269475 0.00768304 0.0126628 0.0176317 0.0226006 0.0275737 0.0325616 0.0375782 0.0426108 0.0476374 0.052647 0.0576132 0.0624965 0.0672655 0.0718605 0.0761756 0.0801211 0.0836385 0.0866334 0.088983 0.0906347 0.0916249 0.0919966 0.0917757 0.091032 0.0899014 0.088538 0.0870912 0.0857259 0.084611 0.0838678 
0 0.0122692 0.0242679 0.0356739 0.0461635 0.0555068 0.0635736 0.0702614 0.0754747 0.0791873 0.0814623 0.0823905 0.0820731 0.0806773 0.0784227 0.0754803 0.0719626 0.0680143 0.0638069 0.0594478 0.0549918 0.0505059 0.0460433 0.0416145 0.0372293 0.0328948 0.0285842 0.0242734 0.0199598 0.0156268 0.0112581 0.00685395 0.0024035 -0.00210023 -0.00664136 -0.0112057 -0.0157703 -0.0202963 -0.0247538 -0.0291098 -0.0333261 -0.0373772 -0.041232 -0.0448603 -0.0482422 -0.0513518 -0.054172 -0.0566924 -0.0589004 -0.0607963 -0.0623802 -0.0636558 -0.0646357 -0.0653284 -0.065751 -0.065921 -0.0658553 -0.0655779 -0.0651073 -0.0644676 -0.0636807 -0.0627667 -0.0617491 -0.0606444 -0.0594734 -0.0582513 -0.0569934 -0.0557143 -0.0544242 -0.053136 -0.0518567 -0.0505963 -0.0493604 -0.0481552 -0.0469863 -0.0458562 -0.0447702 -0.0437285 -0.0427352 -0.0417897 -0.0408944 -0.0400485 -0.0392529 -0.038507 -0.0378101 -0.0371623 -0.0365616 -0.0360086 -0.0355007 -0.0350387 -0.0346198 -0.0342449 -0.0339112 -0.0336198 -0.0333679 -0.0331569 -0.0329843 -0.0328513 -0.0327558 -0.0326994 -0.03268 -0.0326994 -0.0327558 -0.0328513 -0.0329843 -0.0331569 -0.0333679 -0.0336198 -0.0339112 -0.0342449 -0.0346198 -0.0350387 -0.0355007 -0.0360086 -0.0365616 -0.0371623 -0.0378101 -0.038507 -0.0392529 -0.0400485 -0.0408944 -0.0417897 -0.0427352 -0.0437285 -0.0447702 -0.0458562 -0.0469863 -0.0481552 -0.0493604 -0.0505963 -0.0518567 -0.053136 -0.0544242 -0.0557143 -0.0569934 -0.0582513 -0.0594734 -0.0606444 -0.0617491 -0.0627667 -0.0636807 -0.0644676 -0.0651073 -0.0655779 -0.0658553 -0.065921 -0.065751 -0.0653284 -0.0646357 -0.0636558 -0.0623802 -0.0607963 -0.0589004 -0.0566924 -0.054172 -0.0513518 -0.0482422 -0.0448603 -0.041232 -0.0373772 -0.0333261 -0.0291098 -0.0247538 -0.0202963 -0.0157703 -0.0112057 -0.00664136 -0.00210023 0.0024035 0.00685395 0.0112581 0.0156269 0.0199599 0.0242738 0.0285853 0.0328979 0.037237 0.0416327 0.0460841 0.0505921 0.0551638 0.0597714 0.0643813 0.0689783 0.0734965 0.0778059 0.081806 0.085442 0.0886293 0.0912707 0.093345 0.0948895 0.0959116 0.0964043 0.0964357 0.0961556 0.0957111 0.0952023 0.0947147 0.0943515 
0 0.0124226 0.0245144 0.0359353 0.0463764 0.0556012 0.0634359 0.0697586 0.0745292 0.0777936 0.0796215 0.0800861 0.0793339 0.0775985 0.0750929 0.0719626 0.0683695 0.0645068 0.0604975 0.0563966 0.0522861 0.0482498 0.0443035 0.0404428 0.0366744 0.0329672 0.0292805 0.0256087 0.0219328 0.0182151 0.0144451 0.0106078 0.00667834 0.00266318 -0.00143024 -0.00560202 -0.00982725 -0.014086 -0.018362 -0.022617 -0.0268215 -0.0309446 -0.0349424 -0.0387881 -0.0424509 -0.0459002 -0.0491218 -0.0520934 -0.0548017 -0.0572404 -0.0593958 -0.0612692 -0.0628579 -0.0641629 -0.0651956 -0.0659607 -0.0664754 -0.0667542 -0.0668127 -0.0666742 -0.0663532 -0.0658736 -0.0652528 -0.0645093 -0.063664 -0.06273 -0.061728 -0.0606691 -0.0595698 -0.0584421 -0.0572966 -0.056146 -0.0549962 -0.0538591 -0.0527383 -0.0516427 -0.0505756 -0.0495421 -0.0485462 -0.0475892 -0.0466758 -0.0458047 -0.0449805 -0.0442006 -0.043469 -0.0427828 -0.0421447 -0.0415523 -0.0410073 -0.0405077 -0.0400542 -0.0396457 -0.0392818 -0.0389623 -0.0386861 -0.0384538 -0.0382636 -0.0381167 -0.0380113 -0.0379488 -0.0379274 -0.0379488 -0.0380113 -0.0381167 -0.0382636 -0.0384538 -0.0386861 -0.0389623 -0.0392818 -0.0396457 -0.0400542 -0.0405077 -0.0410073 -0.0415523 -0.0421447 -0.0427828 -0.043469 -0.0442006 -0.0449805 -0.0458047 -0.0466758 -0.0475892 -0.0485462 -0.0495421 -0.0505756 -0.0516427 -0.0527383 -0.0538591 -0.0549962 -0.056146 -0.0572966 -0.0584421 -0.0595698 -0.0606691 -0.061728 -0.06273 -0.063664 -0.0645093 -0.0652528 -0.0658736 -0.0663532 -0.0666742 -0.0668127 -0.0667542 -0.0664754 -0.0659607 -0.0651956 -0.0641629 -0.0628579 -0.0612692 -0.0593958 -0.0572404 -0.0548017 -0.0520934 -0.0491218 -0.0459002 -0.0424509 -0.0387881 -0.0349424 -0.0309446 -0.0268215 -0.022617 -0.018362 -0.014086 -0.00982725 -0.00560202 -0.00143024 0.00266318 0.00667834 0.0106078 0.0144451 0.0182152 0.0219331 0.0256096 0.0292828 0.0329733 0.036689 0.0404761 0.0443749 0.0483943 0.0525622 0.0568947 0.0613467 0.0658785 0.0704779 0.0750663 0.0795052 0.083712 0.0876565 0.0912702 0.0944664 0.0972124 0.0995027 0.10131 0.102637 0.103573 0.104231 0.104663 0.104888 0.104976 
0 0.0123397 0.0242858 0.0355043 0.0457228 0.0546932 0.0621949 0.0681081 0.0724499 0.0752992 0.0767222 0.0768203 0.0757914 0.0738603 0.0712056 0.0680143 0.0645068 0.0608327 0.0570523 0.053254 0.0495494 0.0459681 0.0424979 0.0391588 0.0359387 0.0327864 0.0296877 0.0266228 0.0235308 0.0203842 0.0171741 0.0138651 0.0104518 0.0069437 0.00332118 -0.000410879 -0.00423654 -0.00815959 -0.0121532 -0.0161867 -0.0202438 -0.0242817 -0.0282697 -0.0321849 -0.0359851 -0.0396499 -0.0431531 -0.0464624 -0.049567 -0.0524415 -0.0550726 -0.057456 -0.0595764 -0.0614398 -0.0630433 -0.064389 -0.06549 -0.0663467 -0.066977 -0.0673898 -0.0675983 -0.0676224 -0.0674713 -0.067169 -0.066727 -0.0661651 -0.0655006 -0.0647459 -0.0639221 -0.0630369 -0.0621098 -0.0611482 -0.0601655 -0.0591716 -0.0581731 -0.0571817 -0.0561989 -0.0552367 -0.0542942 -0.0533811 -0.0524969 -0.0516478 -0.0508348 -0.0500603 -0.0493271 -0.0486343 -0.0479863 -0.0473798 -0.0468202 -0.0463027 -0.0458329 -0.0454055 -0.045026 -0.044689 -0.0443996 -0.0441527 -0.0439531 -0.043796 -0.0436857 -0.0436178 -0.0435966 -0.0436178 -0.0436857 -0.043796 -0.0439531 -0.0441527 -0.0443996 -0.044689 -0.045026 -0.0454055 -0.0458329 -0.0463027 -0.0468202 -0.0473798 -0.0479863 -0.0486343 -0.0493271 -0.0500603 -0.0508348 -0.0516478 -0.0524969 -0.0533811 -0.0542942 -0.0552367 -0.0561989 -0.0571817 -0.0581731 -0.0591716 -0.0601655 -0.0611482 -0.0621098 -0.0630369 -0.0639221 -0.0647459 -0.0655006 -0.0661651 -0.066727 -0.067169 -0.0674713 -0.0676224 -0.0675983 -0.0673898 -0.066977 -0.0663467 -0.06549 -0.064389 -0.0630433 -0.0614398 -0.0595764 -0.057456 -0.0550726 -0.0524415 -0.049567 -0.0464624 -0.0431531 -0.0396499 -0.0359851 -0.0321849 -0.0282697 -0.0242817 -0.0202438 -0.0161867 -0.0121532 -0.00815959 -0.00423654 -0.000410879 0.00332118 0.0069437 0.0104518 0.0138651 0.0171741 0.0203844 0.0235315 0.0266247 0.0296924 0.032798 0.0359654 0.039217 0.0426178 0.0462008 0.0499762 0.0539936 0.0582661 0.0627259 0.0673299 0.07207 0.0768694 0.0816146 0.0862593 0.0907774 0.0950729 0.0990302 0.102595 0.105744 0.108449 0.110702 0.112527 0.113939 0.114936 0.115543 
0 0.0119869 0.0235522 0.0343714 0.0441897 0.0527515 0.0598306 0.0653292 0.06928 0.0717562 0.0728489 0.0727166 0.0715598 0.0695553 0.0668909 0.0638069 0.0604975 0.0570523 0.0535645 0.0501611 0.046885 0.0437168 0.0406898 0.037828 0.0350828 0.0324298 0.0298614 0.0273081 0.0247217 0.0221019 0.0194072 0.0166059 0.0137085 0.010687 0.00752355 0.00424086 0.000828155 -0.00270844 -0.00633555 -0.0100552 -0.0138448 -0.0176703 -0.0215257 -0.0253708 -0.0291736 -0.0329165 -0.0365526 -0.0400635 -0.0434258 -0.0466066 -0.0496029 -0.0523897 -0.0549577 -0.0573054 -0.0594148 -0.0612952 -0.0629386 -0.0643472 -0.0655327 -0.066491 -0.067243 -0.0677912 -0.0681514 -0.0683399 -0.0683636 -0.0682476 -0.0679962 -0.0676328 -0.067167 -0.0666131 -0.0659885 -0.0652984 -0.0645641 -0.0637869 -0.0629857 -0.0621634 -0.0613324 -0.0604994 -0.0596694 -0.058853 -0.0580491 -0.0572705 -0.0565125 -0.0557875 -0.05509 -0.0544304 -0.0538042 -0.0532185 -0.0526709 -0.052165 -0.0517007 -0.0512788 -0.0509009 -0.0505654 -0.0502757 -0.0500284 -0.0498279 -0.0496696 -0.0495587 -0.04949 -0.0494689 -0.04949 -0.0495587 -0.0496696 -0.0498279 -0.0500284 -0.0502757 -0.0505654 -0.0509009 -0.0512788 -0.0517007 -0.052165 -0.0526709 -0.0532185 -0.0538042 -0.0544304 -0.05509 -0.0557875 -0.0565125 -0.0572705 -0.0580491 -0.058853 -0.0596694 -0.0604994 -0.0613324 -0.0621634 -0.0629857 -0.0637869 -0.0645641 -0.0652984 -0.0659885 -0.0666131 -0.067167 -0.0676328 -0.0679962 -0.0682476 -0.0683636 -0.0683399 -0.0681514 -0.0677912 -0.067243 -0.066491 -0.0655327 -0.0643472 -0.0629386 -0.0612952 -0.0594148 -0.0573054 -0.0549577 -0.0523897 -0.0496029 -0.0466066 -0.0434258 -0.0400635 -0.0365526 -0.0329165 -0.0291736 -0.0253708 -0.0215257 -0.0176703 -0.0138448 -0.0100552 -0.00633555 -0.00270844 0.000828155 0.00424086 0.00752355 0.010687 0.0137085 0.0166059 0.0194073 0.0221024 0.0247231 0.0273117 0.0298704 0.032451 0.0351297 0.037926 0.0408835 0.044078 0.0475217 0.0512234 0.0552476 0.0595971 0.064196 0.0690181 0.074072 0.0792975 0.0846093 0.0899617 0.0952773 0.100411 0.105245 0.109736 0.113833 0.117438 0.120463 0.122877 0.124673 0.125834 
