0 0 0 0 0 0 0 0 0 0 0 0 0 0 0 0 0 0 0 0 0 0 0 0 0 0 0 0 0 0 0 0 0 0 0 0 0 0 0 0 0 0 0 0 0 0 0 0 0 0 0 0 0 0 0 0 0 0 0 0 0 0 0 0 0 0 0 0 0 0 0 0 0 0 0 0 0 0 0 0 0 0 0 0 0 0 0 0 0 0 0 0 0 0 0 0 0 0 0 0 0 0 0 0 0 0 0 0 0 0 0 0 0 0 0 0 0 0 0 0 0 0 0 0 0 0 0 0 0 0 0 0 0 0 0 0 0 0 0 0 0 0 0 0 0 0 0 0 0 0 0 0 0 0 0 0 0 0 0 0 0 0 0 0 0 0 0 0 0 0 0 0 0 0 0 0 0 0 0 0 0 0 0 0 0 0 0 0 0 0 0 0 0 0 0 0 0 0 0 0 
0 5.36565e-10 1.89219e-09 5.92019e-09 1.75598e-08 4.96047e-08 1.33433e-07 3.41571e-07 8.31545e-07 1.92395e-06 4.22785e-06 8.8186e-06 1.74503e-05 3.27459e-05 5.82619e-05 9.83004e-05 0.000157383 0.000239444 0.000347014 0.000480888 0.000640736 0.000826816 0.00104231 0.0012952 0.00159838 0.00196746 0.0024166 0.00295412 0.00357978 0.00428506 0.00505621 0.00587856 0.00673994 0.00763176 0.00854732 0.00947844 0.0104122 0.0113289 0.0122032 0.0130059 0.0137082 0.014285 0.0147167 0.0149908 0.0151005 0.0150437 0.0148212 0.0144362 0.0138931 0.0131985 0.0123609 0.0113921 0.0103068 0.00912277 0.00786018 0.00654077 0.00518674 0.00381964 0.0024595 0.00112414 -0.000171206 -0.00141408 -0.00259467 -0.00370566 -0.00474191 -0.00570016 -0.00657873 -0.00737728 -0.0080966 -0.00873841 -0.00930523 -0.00980023 -0.0102272 -0.0105902 -0.010894 -0.0111431 -0.0113426 -0.0114975 -0.0116126 -0.0116928 -0.0117427 -0.0117666 -0.0117688 -0.011753 -0.0117228 -0.0116814 -0.0116316 -0.011576 -0.0115169 -0.0114563 -0.0113959 -0.0113373 -0.0112818 -0.0112305 -0.0111843 -0.0111439 -0.0111101 -0.0110833 -0.0110639 -0.0110522 -0.0110483 -0.0110522 -0.0110639 -0.0110833 -0.0111101 -0.0111439 -0.0111843 -0.0112305 -0.0112818 -0.0113373 -0.0113959 -0.0114563 -0.0115169 -0.011576 -0.0116316 -0.0116814 -0.0117228 -0.011753 -0.0117688 -0.0117666 -0.0117427 -0.0116928 -0.0116126 -0.0114975 -0.0113426 -0.0111431 -0.010894 -0.0105902 -0.0102272 -0.00980023 -0.00930523 -0.00873841 -0.0080966 -0.00737728 -0.00657873 -0.00570016 -0.00474191 -0.00370566 -0.00259467 -0.00141408 -0.000171206 0.00112414 0.0024595 0.00381964 0.00518674 0.00654077 0.00786018 0.00912277 0.0103068 0.0113921 0.0123609 0.0131985 0.0138931 0.0144362 0.0148212 0.0150437 0.0151005 0.0149908 0.0147167 0.014285 0.0137082 0.0130059 0.0122032 0.0113289 0.0104122 0.00947844 0.00854732 0.00763176 0.00673994 0.00587856 0.00505621 0.00428506 0.00357978 0.00295412 0.0024166 0.00196746 0.00159838 0.0012952 0.00104231 0.000826816 0.000640736 0.000480888 0.000347014 0.000239444 0.000157383 9.83004e-05 5.82619e-05 3.27459e-05 1.74503e-05 8.8186e-06 4.22785e-06 1.92395e-06 8.31545e-07 3.41571e-07 1.33433e-07 4.9604e-08 1.75572e-08 5.91107e-09 1.86207e-09 4.42993e-10 
0 1.89219e-09 6.49278e-09 1.96804e-08 5.65032e-08 1.54463e-07 4.02016e-07 9.95608e-07 2.34474e-06 5.24812e-06 1.11579e-05 2.25231e-05 4.31522e-05 7.84619e-05 0.000135421 0.00022201 0.000346171 0.000514506 0.000731333 0.000998846 0.00131885 0.00169577 0.0021398 0.0026683 0.00330432 0.00407206 0.00499087 0.00607032 0.00730822 0.00869228 0.0102041 0.0118233 0.0135299 0.0153043 0.0171246 0.0189638 0.0207879 0.0225559 0.0242217 0.0257373 0.0270568 0.0281393 0.0289508 0.0294656 0.0296656 0.0295406 0.0290877 0.0283103 0.0272188 0.0258297 0.0241655 0.0222543 0.0201287 0.0178249 0.0153814 0.0128374 0.0102319 0.00760228 0.00498345 0.00240702 -9.90927e-05 -0.00251102 -0.00480898 -0.0069773 -0.00900418 -0.0108815 -0.0126045 -0.0141715 -0.0155833 -0.0168433 -0.0179564 -0.0189293 -0.01977 -0.0204871 -0.0210899 -0.0215882 -0.0219918 -0.0223103 -0.0225532 -0.0227298 -0.0228486 -0.0229178 -0.0229452 -0.0229378 -0.022902 -0.0228437 -0.0227683 -0.0226805 -0.0225845 -0.0224843 -0.022383 -0.0222836 -0.0221885 -0.0221 -0.0220199 -0.0219496 -0.0218905 -0.0218435 -0.0218094 -0.0217887 -0.0217818 -0.0217887 -0.0218094 -0.0218435 -0.0218905 -0.0219496 -0.0220199 -0.0221 -0.0221885 -0.0222836 -0.022383 -0.0224843 -0.0225845 -0.0226805 -0.0227683 -0.0228437 -0.022902 -0.0229378 -0.0229452 -0.0229178 -0.0228486 -0.0227298 -0.0225532 -0.0223103 -0.0219918 -0.0215882 -0.0210899 -0.0204871 -0.01977 -0.0189293 -0.0179564 -0.0168433 -0.0155833 -0.0141715 -0.0126045 -0.0108815 -0.00900418 -0.0069773 -0.00480898 -0.00251102 -9.90927e-05 0.00240702 0.00498345 0.00760228 0.0102319 0.0128374 0.0153814 0.0178249 0.0201287 0.0222543 0.0241655 0.0258297 0.0272188 0.0283103 0.0290877 0.0295406 0.0296656 0.0294656 0.0289508 0.0281393 0.0270568 0.0257373 0.0242217 0.0225559 0.0207879 0.0189638 0.0171246 0.0153043 0.0135299 0.0118233 0.0102041 0.00869228 0.00730822 0.00607032 0.00499087 0.00407206 0.00330432 0.0026683 0.0021398 0.00169577 0.00131885 0.000998846 0.000731333 0.000514506 0.000346171 0.00022201 0.000135421 7.84619e-05 4.31522e-05 2.25231e-05 1.11579e-05 5.24812e-06 2.34474e-06 9.95608e-07 4.02016e-07 1.5446e-07 5.64939e-08 1.96491e-08 6.39403e-09 1.60083e-09 
0 5.92019e-09 1.96804e-08 5.74653e-08 1.58688e-07 4.16926e-07 1.0422e-06 2.47734e-06 5.59645e-06 1.20089e-05 2.4467e-05 4.73183e-05 8.68643e-05 0.000151414 0.000250821 0.000395454 0.000594854 0.000856704 0.0011869 0.00159121 0.00207819 0.00266201 0.00336366 0.00420911 0.00522494 0.00643322 0.0078477 0.00947282 0.0113052 0.0133354 0.0155497 0.0179285 0.0204447 0.0230623 0.0257353 0.0284099 0.0310274 0.0335271 0.0358499 0.037939 0.0397415 0.0412084 0.0422956 0.0429655 0.0431886 0.0429458 0.0422298 0.0410462 0.0394128 0.0373587 0.0349221 0.0321479 0.0290859 0.0257881 0.0223074 0.018696 0.0150049 0.0112823 0.00757358 0.00392062 0.000361019 -0.00307217 -0.00635083 -0.00945201 -0.012358 -0.0150562 -0.017539 -0.0198031 -0.0218494 -0.0236821 -0.0253084 -0.0267376 -0.0279808 -0.0290505 -0.0299596 -0.0307217 -0.0313504 -0.031859 -0.0322606 -0.0325676 -0.0327919 -0.0329448 -0.0330364 -0.0330766 -0.0330742 -0.0330371 -0.0329729 -0.0328881 -0.0327886 -0.0326799 -0.0325665 -0.0324526 -0.0323418 -0.0322372 -0.0321415 -0.032057 -0.0319853 -0.0319282 -0.0318865 -0.0318612 -0.0318527 -0.0318612 -0.0318865 -0.0319282 -0.0319853 -0.032057 -0.0321415 -0.0322372 -0.0323418 -0.0324526 -0.0325665 -0.0326799 -0.0327886 -0.0328881 -0.0329729 -0.0330371 -0.0330742 -0.0330766 -0.0330364 -0.0329448 -0.0327919 -0.0325676 -0.0322606 -0.031859 -0.0313504 -0.0307217 -0.0299596 -0.0290505 -0.0279808 -0.0267376 -0.0253084 -0.0236821 -0.0218494 -0.0198031 -0.017539 -0.0150562 -0.012358 -0.00945201 -0.00635083 -0.00307217 0.000361019 0.00392062 0.00757358 0.0112823 0.0150049 0.018696 0.0223074 0.0257881 0.0290859 0.0321479 0.0349221 0.0373587 0.0394128 0.0410462 0.0422298 0.0429458 0.0431886 0.0429655 0.0422956 0.0412084 0.0397415 0.037939 0.0358499 0.0335271 0.0310274 0.0284099 0.0257353 0.0230623 0.0204447 0.0179285 0.0155497 0.0133354 0.0113052 0.00947282 0.0078477 0.00643322 0.00522494 0.00420911 0.00336366 0.00266201 0.00207819 0.00159121 0.0011869 0.000856704 0.000594854 0.000395454 0.000250821 0.000151414 8.68643e-05 4.73183e-05 2.4467e-05 1.20089e-05 5.59645e-06 2.47734e-06 1.0422e-06 4.16917e-07 1.58659e-07 5.73717e-08 1.94029e-08 5.15719e-09 
0 1.75598e-08 5.65032e-08 1.58688e-07 4.20677e-07 1.05991e-06 2.53839e-06 5.7753e-06 1.24761e-05 2.55783e-05 4.97544e-05 9.18232e-05 0.000160841 0.000267654 0.000423857 0.000640481 0.000927097 0.00129219 0.00174521 0.00229971 0.0029759 0.00380078 0.00480486 0.00601661 0.00745737 0.00913927 0.0110668 0.0132405 0.015659 0.0183183 0.0212071 0.0243014 0.027561 0.0309295 0.034338 0.0377113 0.0409732 0.0440505 0.0468746 0.0493813 0.0515102 0.0532051 0.0544152 0.055098 0.0552219 0.0547686 0.0537352 0.0521338 0.0499906 0.0473441 0.0442425 0.0407411 0.0368996 0.0327807 0.0284477 0.0239635 0.0193888 0.0147818 0.0101967 0.0056829 0.00128471 -0.00295946 -0.00701734 -0.0108628 -0.014476 -0.0178428 -0.0209547 -0.0238079 -0.0264032 -0.028745 -0.0308411 -0.0327014 -0.0343382 -0.0357649 -0.0369962 -0.038047 -0.0389329 -0.0396691 -0.0402707 -0.0407523 -0.0411279 -0.0414108 -0.0416134 -0.0417473 -0.0418235 -0.0418516 -0.0418409 -0.0417994 -0.0417347 -0.0416533 -0.0415611 -0.0414634 -0.0413646 -0.0412687 -0.0411791 -0.0410987 -0.0410298 -0.0409743 -0.0409337 -0.0409089 -0.0409006 -0.0409089 -0.0409337 -0.0409743 -0.0410298 -0.0410987 -0.0411791 -0.0412687 -0.0413646 -0.0414634 -0.0415611 -0.0416533 -0.0417347 -0.0417994 -0.0418409 -0.0418516 -0.0418235 -0.0417473 -0.0416134 -0.0414108 -0.0411279 -0.0407523 -0.0402707 -0.0396691 -0.0389329 -0.038047 -0.0369962 -0.0357649 -0.0343382 -0.0327014 -0.0308411 -0.028745 -0.0264032 -0.0238079 -0.0209547 -0.0178428 -0.014476 -0.0108628 -0.00701734 -0.00295946 0.00128471 0.0056829 0.0101967 0.0147818 0.0193888 0.0239635 0.0284477 0.0327807 0.0368996 0.0407411 0.0442425 0.0473441 0.0499906 0.0521338 0.0537352 0.0547686 0.0552219 0.055098 0.0544152 0.0532051 0.0515102 0.0493813 0.0468746 0.0440505 0.0409732 0.0377113 0.034338 0.0309295 0.027561 0.0243014 0.0212071 0.0183183 0.015659 0.0132405 0.0110668 0.00913927 0.00745737 0.00601661 0.00480486 0.00380078 0.0029759 0.00229971 0.00174521 0.00129219 0.000927097 0.000640481 0.000423857 0.000267654 0.000160841 9.18232e-05 4.97544e-05 2.55783e-05 1.24761e-05 5.7753e-06 2.53838e-06 1.05989e-06 4.2059e-07 1.58431e-07 5.57943e-08 1.5785e-08 
0 4.96047e-08 1.54463e-07 4.16926e-07 1.05991e-06 2.55784e-06 5.86101e-06 1.2745e-05 2.62874e-05 5.14097e-05 9.53225e-05 0.000167627 0.000279833 0.000444255 0.000672652 0.000975444 0.00136244 0.00184543 0.00244189 0.00317756 0.0040858 0.00520278 0.00656049 0.00818109 0.0100757 0.0122479 0.014699 0.0174305 0.0204424 0.0237267 0.0272614 0.0310058 0.0349017 0.0388773 0.0428525 0.0467444 0.0504698 0.0539471 0.0570965 0.0598423 0.0621141 0.0638507 0.0650019 0.0655318 0.0654193 0.0646584 0.0632575 0.0612379 0.0586326 0.0554845 0.0518455 0.0477745 0.0433361 0.0385988 0.033633 0.028509 0.0232949 0.0180552 0.0128493 0.00773026 0.00274444 -0.00206884 -0.00667722 -0.011055 -0.0151829 -0.019047 -0.0226391 -0.0259551 -0.0289954 -0.0317635 -0.0342663 -0.0365131 -0.038515 -0.0402852 -0.0418378 -0.0431879 -0.0443509 -0.0453427 -0.0461788 -0.0468748 -0.0474455 -0.0479052 -0.0482674 -0.048545 -0.0487499 -0.048893 -0.0489845 -0.0490336 -0.0490487 -0.0490373 -0.0490061 -0.0489613 -0.0489079 -0.0488506 -0.0487933 -0.0487394 -0.0486916 -0.0486522 -0.0486229 -0.0486048 -0.0485987 -0.0486048 -0.0486229 -0.0486522 -0.0486916 -0.0487394 -0.0487933 -0.0488506 -0.0489079 -0.0489613 -0.0490061 -0.0490373 -0.0490487 -0.0490336 -0.0489845 -0.048893 -0.0487499 -0.048545 -0.0482674 -0.0479052 -0.0474455 -0.0468748 -0.0461788 -0.0453427 -0.0443509 -0.0431879 -0.0418378 -0.0402852 -0.038515 -0.0365131 -0.0342663 -0.0317635 -0.0289954 -0.0259551 -0.0226391 -0.019047 -0.0151829 -0.011055 -0.00667722 -0.00206884 0.00274444 0.00773026 0.0128493 0.0180552 0.0232949 0.028509 0.033633 0.0385988 0.0433361 0.0477745 0.0518455 0.0554845 0.0586326 0.0612379 0.0632575 0.0646584 0.0654193 0.0655318 0.0650019 0.0638507 0.0621141 0.0598423 0.0570965 0.0539471 0.0504698 0.0467444 0.0428525 0.0388773 0.0349017 0.0310058 0.0272614 0.0237267 0.0204424 0.0174305 0.014699 0.0122479 0.0100757 0.00818109 0.00656049 0.00520278 0.0040858 0.00317756 0.00244189 0.00184543 0.00136244 0.000975444 0.000672652 0.000444255 0.000279833 0.000167627 9.53225e-05 5.14097e-05 2.62874e-05 1.2745e-05 5.86099e-06 2.55776e-06 1.05968e-06 4.1628e-07 1.5285e-07 4.61028e-08 
0 1.33433e-07 4.02016e-07 1.0422e-06 2.53839e-06 5.86101e-06 1.28348e-05 2.66438e-05 5.24101e-05 9.76721e-05 0.000172495 0.000288946 0.000459901 0.000697607 0.00101292 0.00141634 0.00192111 0.00254747 0.00332538 0.00429324 0.00549193 0.00695665 0.00871111 0.0107673 0.0131305 0.0158047 0.0187942 0.0220997 0.0257109 0.0296003 0.0337224 0.0380158 0.0424095 0.0468266 0.0511865 0.0554049 0.0593939 0.0630631 0.0663228 0.0690897 0.0712916 0.0728719 0.0737911 0.0740272 0.0735739 0.0724387 0.0706412 0.068211 0.0651875 0.0616185 0.0575599 0.0530743 0.0482295 0.0430962 0.0377464 0.0322507 0.0266769 0.0210879 0.0155411 0.0100873 0.00477073 -0.000371071 -0.00530713 -0.0100126 -0.0144685 -0.018661 -0.0225811 -0.0262245 -0.0295903 -0.0326813 -0.0355033 -0.0380644 -0.0403751 -0.0424471 -0.0442937 -0.045929 -0.0473676 -0.0486245 -0.0497145 -0.0506525 -0.0514528 -0.0521293 -0.0526955 -0.0531638 -0.0535461 -0.0538535 -0.0540964 -0.0542841 -0.0544254 -0.0545281 -0.0545994 -0.0546456 -0.0546724 -0.0546848 -0.0546872 -0.0546831 -0.0546756 -0.0546672 -0.0546599 -0.054655 -0.0546533 -0.054655 -0.0546599 -0.0546672 -0.0546756 -0.0546831 -0.0546872 -0.0546848 -0.0546724 -0.0546456 -0.0545994 -0.0545281 -0.0544254 -0.0542841 -0.0540964 -0.0538535 -0.0535461 -0.0531638 -0.0526955 -0.0521293 -0.0514528 -0.0506525 -0.0497145 -0.0486245 -0.0473676 -0.045929 -0.0442937 -0.0424471 -0.0403751 -0.0380644 -0.0355033 -0.0326813 -0.0295903 -0.0262245 -0.0225811 -0.018661 -0.0144685 -0.0100126 -0.00530713 -0.000371071 0.00477073 0.0100873 0.0155411 0.0210879 0.0266769 0.0322507 0.0377464 0.0430962 0.0482295 0.0530743 0.0575599 0.0616185 0.0651875 0.068211 0.0706412 0.0724387 0.0735739 0.0740272 0.0737911 0.0728719 0.0712916 0.0690897 0.0663228 0.0630631 0.0593939 0.0554049 0.0511865 0.0468266 0.0424095 0.0380158 0.0337224 0.0296003 0.0257109 0.0220997 0.0187942 0.0158047 0.0131305 0.0107673 0.00871111 0.00695665 0.00549193 0.00429324 0.00332538 0.00254747 0.00192111 0.00141634 0.00101292 0.000697607 0.000459901 0.000288946 0.000172495 9.76721e-05 5.24101e-05 2.66438e-05 1.28347e-05 5.8608e-06 2.53781e-06 1.04077e-06 3.98942e-07 1.2848e-07 
0 3.41571e-07 9.95608e-07 2.47734e-06 5.7753e-06 1.2745e-05 2.66438e-05 5.27466e-05 9.88623e-05 0.000175461 0.000295118 0.000471239 0.000716508 0.00104215 0.00145912 0.00198176 0.00263245 0.00344445 0.00446004 0.00572334 0.00727136 0.00912849 0.0113078 0.0138174 0.0166661 0.0198628 0.0234093 0.0272915 0.0314743 0.0359037 0.0405128 0.0452285 0.0499752 0.0546741 0.0592414 0.0635869 0.0676164 0.0712361 0.0743587 0.0769094 0.078829 0.0800757 0.0806245 0.0804657 0.0796035 0.0780548 0.0758484 0.0730235 0.069629 0.0657216 0.0613642 0.0566232 0.0515668 0.0462628 0.0407771 0.0351727 0.0295087 0.0238397 0.0182156 0.0126812 0.00727616 0.00203492 -0.00301351 -0.0078454 -0.0124422 -0.0167901 -0.0208802 -0.0247074 -0.0282706 -0.0315718 -0.0346157 -0.0374093 -0.0399616 -0.0422827 -0.044384 -0.0462776 -0.0479761 -0.0494924 -0.0508394 -0.0520299 -0.0530768 -0.0539922 -0.0547882 -0.0554762 -0.0560672 -0.0565715 -0.0569988 -0.0573582 -0.0576581 -0.0579063 -0.0581099 -0.0582752 -0.0584081 -0.0585135 -0.058596 -0.0586595 -0.0587071 -0.0587414 -0.0587644 -0.0587777 -0.058782 -0.0587777 -0.0587644 -0.0587414 -0.0587071 -0.0586595 -0.058596 -0.0585135 -0.0584081 -0.0582752 -0.0581099 -0.0579063 -0.0576581 -0.0573582 -0.0569988 -0.0565715 -0.0560672 -0.0554762 -0.0547882 -0.0539922 -0.0530768 -0.0520299 -0.0508394 -0.0494924 -0.0479761 -0.0462776 -0.044384 -0.0422827 -0.0399616 -0.0374093 -0.0346157 -0.0315718 -0.0282706 -0.0247074 -0.0208802 -0.0167901 -0.0124422 -0.0078454 -0.00301351 0.00203492 0.00727616 0.0126812 0.0182156 0.0238397 0.0295087 0.0351727 0.0407771 0.0462628 0.0515668 0.0566232 0.0613642 0.0657216 0.069629 0.0730235 0.0758484 0.0780548 0.0796035 0.0804657 0.0806245 0.0800757 0.078829 0.0769094 0.0743587 0.0712361 0.0676164 0.0635869 0.0592414 0.0546741 0.0499752 0.0452285 0.0405128 0.0359037 0.0314743 0.0272915 0.0234093 0.0198628 0.0166661 0.0138174 0.0113078 0.00912849 0.00727136 0.00572334 0.00446004 0.00344445 0.00263245 0.00198176 0.00145912 0.00104215 0.000716508 0.000471239 0.000295118 0.000175461 9.88623e-05 5.27466e-05 2.66437e-05 1.27445e-05 5.77404e-06 2.4747e-06 9.91635e-07 3.41508e-07 
0 8.31545e-07 2.34474e-06 5.59645e-06 1.24761e-05 2.62874e-05 5.24101e-05 9.88623e-05 0.000176459 0.000298244 0.000478138 0.000729293 0.0010633 0.00149156 0.00202934 0.00270085 0.00354219 0.00459882 0.00591726 0.0075353 0.00947698 0.0117557 0.0143823 0.0173706 0.020734 0.0244753 0.0285766 0.0329961 0.037673 0.0425358 0.0475092 0.0525156 0.0574726 0.0622912 0.0668765 0.0711313 0.0749632 0.0782899 0.0810431 0.0831694 0.08463 0.0853996 0.0854658 0.0848295 0.0835047 0.0815193 0.0789134 0.0757381 0.072052 0.067919 0.0634046 0.0585739 0.0534897 0.0482119 0.0427966 0.0372962 0.0317595 0.0262314 0.020753 0.0153613 0.0100894 0.00496568 1.43925e-05 -0.00474467 -0.00929593 -0.0136277 -0.0177321 -0.0216044 -0.0252426 -0.0286474 -0.0318215 -0.0347694 -0.0374972 -0.040012 -0.042322 -0.0444361 -0.046364 -0.0481155 -0.0497009 -0.0511306 -0.0524151 -0.0535646 -0.0545893 -0.0554992 -0.0563039 -0.0570124 -0.0576336 -0.0581756 -0.0586464 -0.059053 -0.059402 -0.0596997 -0.0599513 -0.0601619 -0.0603357 -0.0604766 -0.0605875 -0.0606711 -0.0607294 -0.0607639 -0.0607752 -0.0607639 -0.0607294 -0.0606711 -0.0605875 -0.0604766 -0.0603357 -0.0601619 -0.0599513 -0.0596997 -0.059402 -0.059053 -0.0586464 -0.0581756 -0.0576336 -0.0570124 -0.0563039 -0.0554992 -0.0545893 -0.0535646 -0.0524151 -0.0511306 -0.0497009 -0.0481155 -0.046364 -0.0444361 -0.042322 -0.040012 -0.0374972 -0.0347694 -0.0318215 -0.0286474 -0.0252426 -0.0216044 -0.0177321 -0.0136277 -0.00929593 -0.00474467 1.43925e-05 0.00496568 0.0100894 0.0153613 0.020753 0.0262314 0.0317595 0.0372962 0.0427966 0.0482119 0.0534897 0.0585739 0.0634046 0.067919 0.072052 0.0757381 0.0789134 0.0815193 0.0835047 0.0848295 0.0854658 0.0853996 0.08463 0.0831694 0.0810431 0.0782899 0.0749632 0.0711313 0.0668765 0.0622912 0.0574726 0.0525156 0.0475092 0.0425358 0.037673 0.0329961 0.0285766 0.0244753 0.020734 0.0173706 0.0143823 0.0117557 0.00947698 0.0075353 0.00591726 0.00459882 0.00354219 0.00270085 0.00202934 0.00149156 0.0010633 0.000729293 0.000478138 0.000298244 0.000176458 9.88622e-05 5.24097e-05 2.62864e-05 1.24739e-05 5.5934e-06 2.3465e-06 8.65458e-07 
0 1.92395e-06 5.24812e-06 1.20089e-05 2.55783e-05 5.14097e-05 9.76721e-05 0.000175461 0.000298244 0.000480456 0.000735749 0.00107613 0.00151344 0.00206375 0.00275288 0.00361947 0.00471181 0.00607846 0.0077576 0.00977254 0.0121366 0.0148631 0.0179698 0.0214736 0.0253766 0.0296562 0.0342644 0.0391359 0.0441981 0.0493752 0.0545865 0.0597432 0.0647471 0.0694948 0.0738855 0.0778282 0.0812471 0.0840825 0.0862892 0.087835 0.088699 0.0888723 0.088359 0.0871767 0.0853566 0.0829416 0.0799841 0.0765423 0.0726774 0.0684511 0.0639235 0.0591524 0.0541925 0.0490949 0.0439072 0.0386731 0.0334322 0.0282201 0.0230679 0.0180028 0.013048 0.00822293 0.00354401 -0.000975439 -0.00532455 -0.00949473 -0.0134794 -0.0172736 -0.0208744 -0.0242801 -0.0274906 -0.030507 -0.0333318 -0.0359688 -0.0384224 -0.0406982 -0.0428026 -0.0447424 -0.0465249 -0.048158 -0.0496494 -0.0510074 -0.0522399 -0.053355 -0.0543605 -0.0552639 -0.0560727 -0.0567937 -0.0574337 -0.0579989 -0.0584951 -0.0589276 -0.0593013 -0.0596206 -0.0598894 -0.0601111 -0.0602885 -0.0604241 -0.0605196 -0.0605764 -0.0605952 -0.0605764 -0.0605196 -0.0604241 -0.0602885 -0.0601111 -0.0598894 -0.0596206 -0.0593013 -0.0589276 -0.0584951 -0.0579989 -0.0574337 -0.0567937 -0.0560727 -0.0552639 -0.0543605 -0.053355 -0.0522399 -0.0510074 -0.0496494 -0.048158 -0.0465249 -0.0447424 -0.0428026 -0.0406982 -0.0384224 -0.0359688 -0.0333318 -0.030507 -0.0274906 -0.0242801 -0.0208744 -0.0172736 -0.0134794 -0.00949473 -0.00532455 -0.000975439 0.00354401 0.00822293 0.013048 0.0180028 0.0230679 0.0282201 0.0334322 0.0386731 0.0439072 0.0490949 0.0541925 0.0591524 0.0639235 0.0684511 0.0726774 0.0765423 0.0799841 0.0829416 0.0853566 0.0871767 0.088359 0.0888723 0.088699 0.087835 0.0862892 0.0840825 0.0812471 0.0778282 0.0738855 0.0694948 0.0647471 0.0597432 0.0545865 0.0493752 0.0441981 0.0391359 0.0342644 0.0296562 0.0253766 0.0214736 0.0179698 0.0148631 0.0121366 0.00977254 0.0077576 0.00607846 0.00471181 0.00361947 0.00275288 0.00206375 0.00151344 0.00107613 0.000735749 0.000480456 0.000298244 0.00017546 9.76712e-05 5.14079e-05 2.55761e-05 1.20122e-05 5.28417e-06 2.09029e-06 
0 4.22785e-06 1.11579e-05 2.4467e-05 4.97544e-05 9.53225e-05 0.000172495 0.000295118 0.000478138 0.000735749 0.00108043 0.00152447 0.0020846 0.002788 0.00367554 0.00479814 0.00620632 0.0079387 0.0100179 0.0124574 0.0152725 0.0184846 0.0221126 0.0261563 0.0305869 0.03535 0.0403777 0.0455976 0.0509341 0.0563031 0.0616078 0.0667406 0.071591 0.0760554 0.0800451 0.0834888 0.0863317 0.0885329 0.0900646 0.090912 0.0910745 0.0905667 0.0894175 0.0876681 0.0853685 0.082574 0.079342 0.0757299 0.0717939 0.0675884 0.0631657 0.0585755 0.0538645 0.0490755 0.044247 0.0394128 0.0346015 0.0298374 0.0251401 0.0205259 0.016008 0.0115974 0.00730345 0.00313431 -0.000902927 -0.00480197 -0.00855733 -0.0121644 -0.0156193 -0.0189192 -0.0220623 -0.0250474 -0.0278747 -0.0305449 -0.0330598 -0.0354219 -0.0376343 -0.0397008 -0.0416255 -0.0434133 -0.045069 -0.046598 -0.0480057 -0.0492978 -0.0504797 -0.051557 -0.0525354 -0.0534202 -0.0542165 -0.0549293 -0.0555634 -0.0561231 -0.0566125 -0.0570353 -0.0573949 -0.0576942 -0.0579355 -0.0581211 -0.0582525 -0.0583309 -0.058357 -0.0583309 -0.0582525 -0.0581211 -0.0579355 -0.0576942 -0.0573949 -0.0570353 -0.0566125 -0.0561231 -0.0555634 -0.0549293 -0.0542165 -0.0534202 -0.0525354 -0.051557 -0.0504797 -0.0492978 -0.0480057 -0.046598 -0.045069 -0.0434133 -0.0416255 -0.0397008 -0.0376343 -0.0354219 -0.0330598 -0.0305449 -0.0278747 -0.0250474 -0.0220623 -0.0189192 -0.0156193 -0.0121644 -0.00855733 -0.00480197 -0.000902927 0.00313431 0.00730345 0.0115974 0.016008 0.0205259 0.0251401 0.0298374 0.0346015 0.0394128 0.044247 0.0490755 0.0538645 0.0585755 0.0631657 0.0675884 0.0717939 0.0757299 0.079342 0.082574 0.0853685 0.0876681 0.0894175 0.0905667 0.0910745 0.090912 0.0900646 0.0885329 0.0863317 0.0834888 0.0800451 0.0760554 0.071591 0.0667406 0.0616078 0.0563031 0.0509341 0.0455976 0.0403777 0.03535 0.0305869 0.0261563 0.0221126 0.0184846 0.0152725 0.0124574 0.0100179 0.0079387 0.00620632 0.00479814 0.00367554 0.002788 0.0020846 0.00152447 0.00108043 0.000735748 0.000478138 0.000295118 0.000172493 9.5321e-05 4.97588e-05 2.4504e-05 1.13222e-05 4.80988e-06 
0 8.8186e-06 2.25231e-05 4.73183e-05 9.18232e-05 0.000167627 0.000288946 0.000471239 0.000729293 0.00107613 0.00152447 0.00209158 0.0028057 0.00370956 0.00485653 0.00629915 0.00807677 0.0102117 0.0127176 0.0156118 0.0189192 0.0226597 0.0268296 0.0313931 0.03629 0.04145 0.0468016 0.0522681 0.0577595 0.0631701 0.068384 0.0732868 0.0777759 0.0817662 0.0851894 0.0879917 0.0901328 0.0915868 0.0923445 0.0924154 0.0918269 0.0906218 0.0888531 0.0865795 0.0838613 0.0807582 0.0773274 0.073624 0.0697002 0.0656052 0.0613846 0.0570794 0.0527255 0.0483534 0.0439883 0.0396502 0.0353548 0.0311148 0.0269398 0.0228378 0.0188156 0.014879 0.0110331 0.00728265 0.00363184 8.45936e-05 -0.00335556 -0.00668542 -0.0099021 -0.013003 -0.0159859 -0.0188488 -0.0215902 -0.0242089 -0.026704 -0.0290752 -0.0313226 -0.0334469 -0.035449 -0.0373306 -0.0390936 -0.0407405 -0.0422738 -0.0436968 -0.0450127 -0.0462249 -0.0473372 -0.048353 -0.0492762 -0.0501102 -0.0508586 -0.0515247 -0.0521116 -0.0526223 -0.0530593 -0.053425 -0.0537214 -0.0539501 -0.0541126 -0.0542097 -0.054242 -0.0542097 -0.0541126 -0.0539501 -0.0537214 -0.053425 -0.0530593 -0.0526223 -0.0521116 -0.0515247 -0.0508586 -0.0501102 -0.0492762 -0.048353 -0.0473372 -0.0462249 -0.0450127 -0.0436968 -0.0422738 -0.0407405 -0.0390936 -0.0373306 -0.035449 -0.0334469 -0.0313226 -0.0290752 -0.026704 -0.0242089 -0.0215902 -0.0188488 -0.0159859 -0.013003 -0.0099021 -0.00668542 -0.00335556 8.45936e-05 0.00363184 0.00728265 0.0110331 0.014879 0.0188156 0.0228378 0.0269398 0.0311148 0.0353548 0.0396502 0.0439883 0.0483534 0.0527255 0.0570794 0.0613846 0.0656052 0.0697002 0.073624 0.0773274 0.0807582 0.0838613 0.0865795 0.0888531 0.0906218 0.0918269 0.0924154 0.0923445 0.0915868 0.0901328 0.0879917 0.0851894 0.0817662 0.0777759 0.0732868 0.068384 0.0631701 0.0577595 0.0522681 0.0468016 0.04145 0.03629 0.0313931 0.0268296 0.0226597 0.0189192 0.0156118 0.0127176 0.0102117 0.00807677 0.00629915 0.00485653 0.00370956 0.0028057 0.00209158 0.00152447 0.00107613 0.000729292 0.000471237 0.000288945 0.000167632 9.186e-05 4.7477e-05 2.30811e-05 1.05418e-05 
0 1.74503e-05 4.31522e-05 8.68643e-05 0.000160841 0.000279833 0.000459901 0.000716508 0.0010633 0.00151344 0.0020846 0.0028057 0.00372097 0.00488598 0.00635546 0.00816993 0.0103518 0.012915 0.0158792 0.0192719 0.0231139 0.0273978 0.0320809 0.0370972 0.0423756 0.0478446 0.0534243 0.0590165 0.0645048 0.0697665 0.0746864 0.0791654 0.0831218 0.0864889 0.0892121 0.0912508 0.0925821 0.0932044 0.0931377 0.0924217 0.0911095 0.0892627 0.0869463 0.0842257 0.0811653 0.0778276 0.0742719 0.0705536 0.0667226 0.0628219 0.0588873 0.0549468 0.0510218 0.0471275 0.043275 0.0394718 0.0357235 0.0320341 0.0284066 0.0248433 0.0213462 0.0179167 0.0145558 0.0112647 0.00804423 0.00489554 0.00182003 -0.00118055 -0.00410405 -0.00694799 -0.00970955 -0.0123858 -0.0149735 -0.0174699 -0.019872 -0.0221773 -0.0243836 -0.0264893 -0.0284929 -0.0303938 -0.0321915 -0.0338863 -0.0354787 -0.0369697 -0.0383606 -0.0396528 -0.0408482 -0.0419488 -0.0429566 -0.0438738 -0.0447025 -0.0454448 -0.0461027 -0.0466783 -0.0471732 -0.0475891 -0.0479274 -0.0481893 -0.0483757 -0.0484872 -0.0485243 -0.0484872 -0.0483757 -0.0481893 -0.0479274 -0.0475891 -0.0471732 -0.0466783 -0.0461027 -0.0454448 -0.0447025 -0.0438738 -0.0429566 -0.0419488 -0.0408482 -0.0396528 -0.0383606 -0.0369697 -0.0354787 -0.0338863 -0.0321915 -0.0303938 -0.0284929 -0.0264893 -0.0243836 -0.0221773 -0.019872 -0.0174699 -0.0149735 -0.0123858 -0.00970955 -0.00694799 -0.00410405 -0.00118055 0.00182003 0.00489554 0.00804423 0.0112647 0.0145558 0.0179167 0.0213462 0.0248433 0.0284066 0.0320341 0.0357235 0.0394718 0.043275 0.0471275 0.0510218 0.0549468 0.0588873 0.0628219 0.0667226 0.0705536 0.0742719 0.0778276 0.0811653 0.0842257 0.0869463 0.0892627 0.0911095 0.0924217 0.0931377 0.0932044 0.0925821 0.0912508 0.0892121 0.0864889 0.0831218 0.0791654 0.0746864 0.0697665 0.0645048 0.0590165 0.0534243 0.0478446 0.0423756 0.0370972 0.0320809 0.0273978 0.0231139 0.0192719 0.0158792 0.012915 0.0103518 0.00816993 0.00635546 0.00488598 0.00372097 0.0028057 0.0020846 0.00151344 0.0010633 0.000716508 0.000459907 0.000279869 0.000160991 8.73894e-05 4.47756e-05 2.2003e-05 
0 3.27459e-05 7.84619e-05 0.000151414 0.000267654 0.000444255 0.000697607 0.00104215 0.00149156 0.00206375 0.002788 0.00370956 0.00488598 0.00637434 0.00821685 0.0104365 0.0130478 0.0160721 0.0195396 0.0234719 0.027858 0.0326487 0.0377737 0.043161 0.0487391 0.0544229 0.0601033 0.0656533 0.0709452 0.0758645 0.0803156 0.0842184 0.0875046 0.0901184 0.0920207 0.0931953 0.093651 0.0934196 0.0925502 0.0911026 0.0891429 0.0867399 0.083964 0.080886 0.0775753 0.0740978 0.0705134 0.0668731 0.0632183 0.0595808 0.0559828 0.0524393 0.0489594 0.0455479 0.0422066 0.0389353 0.0357321 0.032594 0.0295174 0.0264983 0.0235324 0.020616 0.0177458 0.0149197 0.0121362 0.00939512 0.00669738 0.00404472 0.00143971 -0.00111451 -0.00361435 -0.006056 -0.00843553 -0.0107491 -0.0129929 -0.0151635 -0.0172576 -0.0192722 -0.0212049 -0.0230533 -0.0248157 -0.0264905 -0.0280767 -0.0295733 -0.0309801 -0.0322968 -0.0335235 -0.0346605 -0.0357085 -0.036668 -0.0375398 -0.0383249 -0.0390242 -0.0396385 -0.0401688 -0.0406159 -0.0409807 -0.0412636 -0.0414653 -0.0415862 -0.0416265 -0.0415862 -0.0414653 -0.0412636 -0.0409807 -0.0406159 -0.0401688 -0.0396385 -0.0390242 -0.0383249 -0.0375398 -0.036668 -0.0357085 -0.0346605 -0.0335235 -0.0322968 -0.0309801 -0.0295733 -0.0280767 -0.0264905 -0.0248157 -0.0230533 -0.0212049 -0.0192722 -0.0172576 -0.0151635 -0.0129929 -0.0107491 -0.00843553 -0.006056 -0.00361435 -0.00111451 0.00143971 0.00404472 0.00669738 0.00939512 0.0121362 0.0149197 0.0177458 0.020616 0.0235324 0.0264983 0.0295174 0.032594 0.0357321 0.0389353 0.0422066 0.0455479 0.0489594 0.0524393 0.0559828 0.0595808 0.0632183 0.0668731 0.0705134 0.0740978 0.0775753 0.080886 0.083964 0.0867399 0.0891429 0.0911026 0.0925502 0.0934196 0.093651 0.0931953 0.0920207 0.0901184 0.0875046 0.0842184 0.0803156 0.0758645 0.0709452 0.0656533 0.0601033 0.0544229 0.0487391 0.043161 0.0377737 0.0326487 0.027858 0.0234719 0.0195396 0.0160721 0.0130478 0.0104365 0.00821685 0.00637434 0.00488598 0.00370956 0.002788 0.00206375 0.00149156 0.00104215 0.00069764 0.000444394 0.000268139 0.000152917 8.26985e-05 4.3735e-05 
0 5.82619e-05 0.000135421 0.000250821 0.000423857 0.000672652 0.00101292 0.00145912 0.00202934 0.00275288 0.00367554 0.00485653 0.00635546 0.00821685 0.0104649 0.0131146 0.0161886 0.0197197 0.0237303 0.0282065 0.0330938 0.0383178 0.0438065 0.0494876 0.0552694 0.0610308 0.0666346 0.07195 0.076865 0.0812848 0.0851274 0.0883207 0.0908073 0.0925529 0.0935512 0.0938231 0.0934106 0.0923698 0.090765 0.0886655 0.0861454 0.0832815 0.0801518 0.0768321 0.0733925 0.0698938 0.066386 0.0629081 0.0594889 0.0561485 0.0528999 0.0497506 0.0467033 0.0437565 0.0409056 0.0381432 0.03546 0.0328457 0.0302897 0.0277821 0.0253143 0.022879 0.020471 0.0180867 0.0157241 0.0133829 0.0110638 0.00876842 0.00649915 0.00425895 0.00205115 -0.000120609 -0.00225252 -0.00434063 -0.00638096 -0.00836953 -0.0103024 -0.0121759 -0.0139864 -0.0157304 -0.017405 -0.0190073 -0.0205349 -0.0219855 -0.0233574 -0.0246489 -0.025859 -0.0269865 -0.0280309 -0.0289917 -0.0298685 -0.0306612 -0.0313698 -0.0319945 -0.0325352 -0.0329923 -0.033366 -0.0336564 -0.0338637 -0.033988 -0.0340294 -0.033988 -0.0338637 -0.0336564 -0.033366 -0.0329923 -0.0325352 -0.0319945 -0.0313698 -0.0306612 -0.0298685 -0.0289917 -0.0280309 -0.0269865 -0.025859 -0.0246489 -0.0233574 -0.0219855 -0.0205349 -0.0190073 -0.017405 -0.0157304 -0.0139864 -0.0121759 -0.0103024 -0.00836953 -0.00638096 -0.00434063 -0.00225252 -0.000120609 0.00205115 0.00425895 0.00649915 0.00876842 0.0110638 0.0133829 0.0157241 0.0180867 0.020471 0.022879 0.0253143 0.0277821 0.0302897 0.0328457 0.03546 0.0381432 0.0409056 0.0437565 0.0467033 0.0497506 0.0528999 0.0561485 0.0594889 0.0629081 0.066386 0.0698938 0.0733925 0.0768321 0.0801518 0.0832815 0.0861454 0.0886655 0.090765 0.0923698 0.0934106 0.0938231 0.0935512 0.0925529 0.0908073 0.0883207 0.0851274 0.0812848 0.076865 0.07195 0.0666346 0.0610308 0.0552694 0.0494876 0.0438065 0.0383178 0.0330938 0.0282065 0.0237303 0.0197197 0.0161886 0.0131146 0.0104649 0.00821685 0.00635546 0.00485653 0.00367554 0.00275288 0.00202935 0.00145915 0.00101305 0.000673092 0.000425225 0.000254699 0.000145554 8.28019e-05 
0 9.83004e-05 0.00022201 0.000395454 0.000640481 0.000975444 0.00141634 0.00198176 0.00270085 0.00361947 0.00479814 0.00629915 0.00816993 0.0104365 0.0131146 0.0162276 0.0198102 0.0238863 0.0284404 0.0334135 0.0387277 0.0443107 0.0500892 0.0559641 0.0618018 0.0674564 0.0727961 0.0777108 0.0821045 0.085889 0.0889873 0.0913424 0.0929272 0.0937467 0.0938321 0.0932326 0.0920085 0.0902282 0.0879673 0.0853077 0.0823352 0.0791349 0.0757864 0.0723599 0.068914 0.0654958 0.0621417 0.0588795 0.055729 0.0527039 0.0498111 0.047052 0.0444226 0.0419144 0.0395155 0.0372121 0.0349894 0.0328333 0.0307305 0.0286695 0.0266406 0.0246359 0.0226491 0.0206758 0.0187128 0.0167581 0.0148108 0.0128713 0.0109406 0.00902066 0.00711426 0.0052247 0.0033558 0.00151175 -0.000303021 -0.00208395 -0.00382647 -0.00552608 -0.00717843 -0.00877941 -0.0103251 -0.011812 -0.0132368 -0.0145966 -0.0158886 -0.0171106 -0.0182605 -0.0193365 -0.0203371 -0.0212611 -0.0221073 -0.0228749 -0.0235631 -0.0241714 -0.0246994 -0.0251465 -0.0255127 -0.0257977 -0.0260014 -0.0261236 -0.0261643 -0.0261236 -0.0260014 -0.0257977 -0.0255127 -0.0251465 -0.0246994 -0.0241714 -0.0235631 -0.0228749 -0.0221073 -0.0212611 -0.0203371 -0.0193365 -0.0182605 -0.0171106 -0.0158886 -0.0145966 -0.0132368 -0.011812 -0.0103251 -0.00877941 -0.00717843 -0.00552608 -0.00382647 -0.00208395 -0.000303021 0.00151175 0.0033558 0.0052247 0.00711426 0.00902066 0.0109406 0.0128713 0.0148108 0.0167581 0.0187128 0.0206758 0.0226491 0.0246359 0.0266406 0.0286695 0.0307305 0.0328333 0.0349894 0.0372121 0.0395155 0.0419144 0.0444226 0.047052 0.0498111 0.0527039 0.055729 0.0588795 0.0621417 0.0654958 0.068914 0.0723599 0.0757864 0.0791349 0.0823352 0.0853077 0.0879673 0.0902282 0.0920085 0.0932326 0.0938321 0.0937467 0.0929272 0.0913424 0.0889873 0.085889 0.0821045 0.0777108 0.0727961 0.0674564 0.0618018 0.0559641 0.0500892 0.0443107 0.0387277 0.0334135 0.0284404 0.0238863 0.0198102 0.0162276 0.0131146 0.0104365 0.00816993 0.00629915 0.00479814 0.00361947 0.00270087 0.00198188 0.00141673 0.000976668 0.000643974 0.000404652 0.000244482 0.000149391 
0 0.000157383 0.000346171 0.000594854 0.000927097 0.00136244 0.00192111 0.00263245 0.00354219 0.00471181 0.00620632 0.00807677 0.0103518 0.0130478 0.0161886 0.0198102 0.0239385 0.0285579 0.033606 0.0390018 0.0446721 0.0505423 0.0565057 0.0624172 0.0681229 0.0734915 0.0784144 0.0827907 0.0865237 0.0895318 0.0917617 0.093195 0.0938464 0.093754 0.0929702 0.0915584 0.0895934 0.0871598 0.0843501 0.0812591 0.0779766 0.0745831 0.0711468 0.0677238 0.0643594 0.0610898 0.0579429 0.0549388 0.05209 0.0494011 0.0468702 0.0444894 0.042247 0.0401285 0.0381186 0.0362018 0.0343636 0.0325904 0.0308696 0.0291899 0.0275411 0.0259142 0.0243014 0.0226962 0.0210935 0.0194898 0.0178829 0.016272 0.0146578 0.0130418 0.0114265 0.00981532 0.00821195 0.0066206 0.00504563 0.00349156 0.00196289 0.000464078 -0.00100054 -0.0024268 -0.00381068 -0.00514841 -0.0064364 -0.00767133 -0.0088501 -0.00996986 -0.011028 -0.0120221 -0.0129501 -0.01381 -0.0146002 -0.0153192 -0.0159656 -0.0165384 -0.0170366 -0.0174593 -0.0178061 -0.0180763 -0.0182696 -0.0183857 -0.0184244 -0.0183857 -0.0182696 -0.0180763 -0.0178061 -0.0174593 -0.0170366 -0.0165384 -0.0159656 -0.0153192 -0.0146002 -0.01381 -0.0129501 -0.0120221 -0.011028 -0.00996986 -0.0088501 -0.00767133 -0.0064364 -0.00514841 -0.00381068 -0.0024268 -0.00100054 0.000464078 0.00196289 0.00349156 0.00504563 0.0066206 0.00821195 0.00981532 0.0114265 0.0130418 0.0146578 0.016272 0.0178829 0.0194898 0.0210935 0.0226962 0.0243014 0.0259142 0.0275411 0.0291899 0.0308696 0.0325904 0.0343636 0.0362018 0.0381186 0.0401285 0.042247 0.0444894 0.0468702 0.0494011 0.05209 0.0549388 0.0579429 0.0610898 0.0643594 0.0677238 0.0711468 0.0745831 0.0779766 0.0812591 0.0843501 0.0871598 0.0895934 0.0915584 0.0929702 0.093754 0.0938464 0.093195 0.0917617 0.0895318 0.0865237 0.0827907 0.0784144 0.0734915 0.0681229 0.0624172 0.0565057 0.0505423 0.0446721 0.0390018 0.033606 0.0285579 0.0239385 0.0198102 0.0161886 0.0130478 0.0103518 0.00807677 0.00620632 0.00471183 0.00354229 0.00263279 0.00192219 0.00136553 0.000935317 0.000615124 0.000392716 0.000257067 
0 0.000239444 0.000514506 0.000856704 0.00129219 0.00184543 0.00254747 0.00344445 0.00459882 0.00607846 0.0079387 0.0102117 0.012915 0.0160721 0.0197197 0.0238863 0.0285579 0.0336703 0.0391391 0.0448894 0.0508452 0.0568933 0.0628776 0.0686374 0.0740419 0.078983 0.0833523 0.0870429 0.0899706 0.0920889 0.0933882 0.0938893 0.0936331 0.0926732 0.0910773 0.0889295 0.0863259 0.0833687 0.0801586 0.0767871 0.0733332 0.0698645 0.0664372 0.0630979 0.0598843 0.0568245 0.0539367 0.0512295 0.0487029 0.0463503 0.0441605 0.0421198 0.0402135 0.0384268 0.0367451 0.0351544 0.0336408 0.0321909 0.030792 0.0294318 0.0280994 0.0267851 0.0254807 0.0241797 0.0228772 0.0215699 0.020256 0.0189345 0.0176059 0.0162711 0.014932 0.0135908 0.0122503 0.0109135 0.00958391 0.00826512 0.00696089 0.00567516 0.00441187 0.00317503 0.00196858 0.000796399 -0.000337757 -0.00143029 -0.00247776 -0.00347697 -0.00442486 -0.00531868 -0.00615585 -0.00693405 -0.00765117 -0.00830533 -0.00889486 -0.00941832 -0.00987442 -0.0102621 -0.0105805 -0.0108289 -0.0110066 -0.0111135 -0.0111491 -0.0111135 -0.0110066 -0.0108289 -0.0105805 -0.0102621 -0.00987442 -0.00941832 -0.00889486 -0.00830533 -0.00765117 -0.00693405 -0.00615585 -0.00531868 -0.00442486 -0.00347697 -0.00247776 -0.00143029 -0.000337757 0.000796399 0.00196858 0.00317503 0.00441187 0.00567516 0.00696089 0.00826512 0.00958391 0.0109135 0.0122503 0.0135908 0.014932 0.0162711 0.0176059 0.0189345 0.020256 0.0215699 0.0228772 0.0241797 0.0254807 0.0267851 0.0280994 0.0294318 0.030792 0.0321909 0.0336408 0.0351544 0.0367451 0.0384268 0.0402135 0.0421198 0.0441605 0.0463503 0.0487029 0.0512295 0.0539367 0.0568245 0.0598843 0.0630979 0.0664372 0.0698645 0.0733332 0.0767871 0.0801586 0.0833687 0.0863259 0.0889295 0.0910773 0.0926732 0.0936331 0.0938893 0.0933882 0.0920889 0.0899706 0.0870429 0.0833523 0.078983 0.0740419 0.0686374 0.0628776 0.0568933 0.0508452 0.0448894 0.0391391 0.0336703 0.0285579 0.0238863 0.0197197 0.0160721 0.012915 0.0102117 0.00793872 0.00607855 0.00459912 0.00344538 0.00255017 0.00185266 0.0013102 0.0008985 0.000605003 0.000422455 
0 0.000347014 0.000731333 0.0011869 0.00174521 0.00244189 0.00332538 0.00446004 0.00591726 0.0077576 0.0100179 0.0127176 0.0158792 0.0195396 0.0237303 0.0284404 0.033606 0.0391391 0.044962 0.050997 0.0571261 0.0631839 0.0690027 0.0744514 0.0794214 0.0837951 0.0874546 0.0903159 0.0923412 0.0935281 0.0938985 0.0934932 0.0923685 0.090599 0.0882804 0.0855201 0.0824265 0.0791018 0.0756373 0.0721119 0.0685946 0.0651455 0.0618136 0.0586374 0.0556432 0.0528445 0.0502449 0.0478402 0.0456207 0.0435742 0.0416871 0.0399451 0.0383336 0.0368374 0.0354414 0.0341302 0.0328888 0.0317035 0.0305616 0.029452 0.0283656 0.0272946 0.0262329 0.0251758 0.0241192 0.0230605 0.0219973 0.0209282 0.0198523 0.0187694 0.0176799 0.0165846 0.0154854 0.0143841 0.0132835 0.0121863 0.0110959 0.0100158 0.0089496 0.0079011 0.00687398 0.00587204 0.00489884 0.00395797 0.00305275 0.00218644 0.00136204 0.000582403 -0.000149839 -0.000832266 -0.00146263 -0.00203894 -0.00255933 -0.00302226 -0.00342626 -0.00377016 -0.00405288 -0.00427366 -0.00443179 -0.00452687 -0.00455858 -0.00452687 -0.00443179 -0.00427366 -0.00405288 -0.00377016 -0.00342626 -0.00302226 -0.00255933 -0.00203894 -0.00146263 -0.000832266 -0.000149839 0.000582403 0.00136204 0.00218644 0.00305275 0.00395797 0.00489884 0.00587204 0.00687398 0.0079011 0.0089496 0.0100158 0.0110959 0.0121863 0.0132835 0.0143841 0.0154854 0.0165846 0.0176799 0.0187694 0.0198523 0.0209282 0.0219973 0.0230605 0.0241192 0.0251758 0.0262329 0.0272946 0.0283656 0.029452 0.0305616 0.0317035 0.0328888 0.0341302 0.0354414 0.0368374 0.0383336 0.0399451 0.0416871 0.0435742 0.0456207 0.0478402 0.0502449 0.0528445 0.0556432 0.0586374 0.0618136 0.0651455 0.0685946 0.0721119 0.0756373 0.0791018 0.0824265 0.0855201 0.0882804 0.090599 0.0923685 0.0934932 0.0938985 0.0935281 0.0923412 0.0903159 0.0874546 0.0837951 0.0794214 0.0744514 0.0690027 0.0631839 0.0571261 0.050997 0.044962 0.0391391 0.033606 0.0284404 0.0237303 0.0195396 0.0158792 0.0127176 0.010018 0.00775785 0.00591806 0.00446235 0.00333164 0.00245765 0.0017822 0.00126793 0.000897147 0.000664288 
