0 0 0 0 0 0 0 0 0 0 0 0 0 0 0 0 0 0 0 0 0 0 0 0 0 0 0 0 0 0 0 0 0 0 0 0 0 0 0 0 0 0 0 0 0 0 0 0 0 0 0 0 0 0 0 0 0 0 0 0 0 0 0 0 0 0 0 0 0 0 0 0 0 0 0 0 0 0 0 0 0 0 0 0 0 0 0 0 0 0 0 0 0 0 0 0 0 0 0 0 0 0 0 0 0 0 0 0 0 0 0 0 0 0 0 0 0 0 0 0 0 0 0 0 0 0 0 0 0 0 0 0 0 0 0 0 0 0 0 0 0 0 0 0 0 0 0 0 0 0 0 0 0 0 0 0 0 0 0 0 0 0 0 0 0 0 0 0 0 0 0 0 0 0 0 0 0 0 0 0 0 0 0 0 0 0 0 0 0 0 0 0 0 0 0 0 0 0 0 0 
0 0.00111713 0.00222161 0.00330668 0.004378 0.00545434 0.00655414 0.0076723 0.00876667 0.00977092 0.0106266 0.0113061 0.0118053 0.0121161 0.0122089 0.0120421 0.0115884 0.0108521 0.00986471 0.00866789 0.00729819 0.00578504 0.00415923 0.00246235 0.00074852 -0.000922977 -0.00249869 -0.00393915 -0.00522053 -0.00633074 -0.0072636 -0.00801497 -0.00858231 -0.00896686 -0.00917639 -0.00922638 -0.00913897 -0.00893994 -0.00865516 -0.00830764 -0.00791607 -0.00749489 -0.00705531 -0.00660675 -0.00615787 -0.00571704 -0.00529217 -0.00489014 -0.00451616 -0.00417334 -0.00386261 -0.00358299 -0.00333209 -0.00310678 -0.0029038 -0.00272017 -0.0025535 -0.00240204 -0.0022646 -0.0021404 -0.00202884 -0.00192935 -0.00184127 -0.00176374 -0.00169578 -0.00163623 -0.0015839 -0.00153759 -0.00149619 -0.0014587 -0.00142429 -0.00139232 -0.00136229 -0.00133389 -0.0013069 -0.00128123 -0.00125683 -0.00123372 -0.00121192 -0.00119147 -0.00117239 -0.00115468 -0.00113836 -0.00112338 -0.00110973 -0.00109733 -0.00108613 -0.00107607 -0.00106706 -0.00105906 -0.00105198 -0.00104576 -0.00104035 -0.00103569 -0.00103175 -0.00102847 -0.00102583 -0.0010238 -0.00102237 -0.00102151 -0.00102123 -0.00102151 -0.00102237 -0.0010238 -0.00102583 -0.00102847 -0.00103175 -0.00103569 -0.00104035 -0.00104576 -0.00105198 -0.00105906 -0.00106706 -0.00107607 -0.00108613 -0.00109733 -0.00110973 -0.00112338 -0.00113836 -0.00115468 -0.00117239 -0.00119147 -0.00121192 -0.00123372 -0.00125683 -0.00128123 -0.0013069 -0.00133389 -0.00136229 -0.00139232 -0.00142429 -0.0014587 -0.00149619 -0.00153759 -0.0015839 -0.00163623 -0.00169578 -0.00176374 -0.00184127 -0.00192935 -0.00202884 -0.0021404 -0.0022646 -0.00240204 -0.0025535 -0.00272017 -0.0029038 -0.00310678 -0.00333209 -0.00358299 -0.00386261 -0.00417334 -0.00451616 -0.00489014 -0.00529217 -0.00571704 -0.00615787 -0.00660675 -0.00705531 -0.00749489 -0.00791607 -0.00830764 -0.00865516 -0.00893994 -0.00913897 -0.00922638 -0.00917639 -0.00896686 -0.00858231 -0.00801497 -0.0072636 -0.00633074 -0.00522053 -0.00393915 -0.00249869 -0.000922977 0.00074852 0.00246235 0.00415923 0.00578505 0.0072982 0.00866794 0.00986488 0.0108526 0.0115898 0.0120457 0.0122174 0.0121353 0.0118454 0.011385 0.0107719 0.0100217 0.00917253 0.00828958 0.00744026 0.0066642 0.0059678 0.00534844 0.00482439 0.00444232 
0 0.00222161 0.00442206 0.00659493 0.00875479 0.0109271 0.0131227 0.0153119 0.0174203 0.019353 0.0210259 0.0223801 0.0233709 0.0239515 0.0240703 0.0236848 0.0227754 0.0213508 0.0194442 0.0171068 0.0144034 0.0114107 0.00821557 0.00491238 0.00159729 -0.00163759 -0.004709 -0.00754597 -0.0100917 -0.0123044 -0.014158 -0.0156416 -0.0167587 -0.0175249 -0.0179653 -0.0181121 -0.0180018 -0.017673 -0.017165 -0.0165163 -0.0157634 -0.01494 -0.0140762 -0.0131975 -0.0123248 -0.0114743 -0.0106582 -0.00988469 -0.00915916 -0.0084846 -0.00786225 -0.00729203 -0.00677285 -0.00630282 -0.00587941 -0.00549957 -0.00515988 -0.00485672 -0.00458634 -0.00434511 -0.00412954 -0.00393648 -0.00376309 -0.0036069 -0.00346582 -0.00333809 -0.00322221 -0.00311696 -0.00302126 -0.0029342 -0.00285497 -0.00278283 -0.00271713 -0.00265723 -0.00260257 -0.00255262 -0.0025069 -0.00246499 -0.00242649 -0.00239106 -0.00235841 -0.00232829 -0.00230047 -0.00227478 -0.00225106 -0.00222918 -0.00220905 -0.00219057 -0.00217368 -0.00215831 -0.00214441 -0.00213195 -0.00212088 -0.00211118 -0.00210282 -0.00209579 -0.00209005 -0.0020856 -0.00208244 -0.00208054 -0.00207991 -0.00208054 -0.00208244 -0.0020856 -0.00209005 -0.00209579 -0.00210282 -0.00211118 -0.00212088 -0.00213195 -0.00214441 -0.00215831 -0.00217368 -0.00219057 -0.00220905 -0.00222918 -0.00225106 -0.00227478 -0.00230047 -0.00232829 -0.00235841 -0.00239106 -0.00242649 -0.00246499 -0.0025069 -0.00255262 -0.00260257 -0.00265723 -0.00271713 -0.00278283 -0.00285497 -0.0029342 -0.00302126 -0.00311696 -0.00322221 -0.00333809 -0.00346582 -0.0036069 -0.00376309 -0.00393648 -0.00412954 -0.00434511 -0.00458634 -0.00485672 -0.00515988 -0.00549957 -0.00587941 -0.00630282 -0.00677285 -0.00729203 -0.00786225 -0.0084846 -0.00915916 -0.00988469 -0.0106582 -0.0114743 -0.0123248 -0.0131975 -0.0140762 -0.01494 -0.0157634 -0.0165163 -0.017165 -0.017673 -0.0180018 -0.0181121 -0.0179653 -0.0175249 -0.0167587 -0.0156416 -0.014158 -0.0123044 -0.0100917 -0.00754597 -0.004709 -0.00163759 0.00159729 0.00491238 0.00821557 0.0114107 0.0144035 0.017107 0.0194447 0.0213522 0.0227792 0.0236942 0.0240919 0.0239982 0.0234657 0.0225607 0.021349 0.019896 0.0182793 0.0165947 0.0149412 0.0133947 0.0119977 0.0107781 0.0097794 0.00907141 
0 0.00330668 0.00659493 0.00986524 0.0131346 0.0164119 0.0196714 0.0228482 0.025857 0.0286107 0.0310213 0.0329898 0.0344083 0.0351832 0.0352576 0.0346124 0.0332485 0.031176 0.0284188 0.0250304 0.0211024 0.0167595 0.0121429 0.00739232 0.00263552 -0.0020121 -0.00644438 -0.0105631 -0.0142815 -0.0175309 -0.0202674 -0.0224737 -0.0241574 -0.0253443 -0.0260719 -0.0263841 -0.0263276 -0.0259514 -0.0253059 -0.0244431 -0.0234149 -0.022271 -0.0210569 -0.0198116 -0.0185667 -0.0173465 -0.0161682 -0.0150436 -0.0139806 -0.012984 -0.0120569 -0.0112005 -0.0104152 -0.00969995 -0.00905247 -0.00846945 -0.00794658 -0.00747885 -0.00706085 -0.0066871 -0.0063523 -0.00605161 -0.00578071 -0.00553589 -0.00531407 -0.00511267 -0.00492958 -0.00476304 -0.00461153 -0.00447374 -0.00434848 -0.00423463 -0.00413117 -0.0040371 -0.0039515 -0.00387352 -0.00380235 -0.00373726 -0.00367763 -0.00362286 -0.00357248 -0.00352606 -0.00348323 -0.00344371 -0.00340725 -0.00337364 -0.00334271 -0.00331433 -0.00328839 -0.00326478 -0.00324344 -0.0032243 -0.0032073 -0.00319241 -0.00317957 -0.00316876 -0.00315995 -0.00315312 -0.00314826 -0.00314534 -0.00314437 -0.00314534 -0.00314826 -0.00315312 -0.00315995 -0.00316876 -0.00317957 -0.00319241 -0.0032073 -0.0032243 -0.00324344 -0.00326478 -0.00328839 -0.00331433 -0.00334271 -0.00337364 -0.00340725 -0.00344371 -0.00348323 -0.00352606 -0.00357248 -0.00362286 -0.00367763 -0.00373726 -0.00380235 -0.00387352 -0.0039515 -0.0040371 -0.00413117 -0.00423463 -0.00434848 -0.00447374 -0.00461153 -0.00476304 -0.00492958 -0.00511267 -0.00531407 -0.00553589 -0.00578071 -0.00605161 -0.0063523 -0.0066871 -0.00706085 -0.00747885 -0.00794658 -0.00846945 -0.00905247 -0.00969995 -0.0104152 -0.0112005 -0.0120569 -0.012984 -0.0139806 -0.0150436 -0.0161682 -0.0173465 -0.0185667 -0.0198116 -0.0210569 -0.022271 -0.0234149 -0.0244431 -0.0253059 -0.0259514 -0.0263276 -0.0263841 -0.0260719 -0.0253443 -0.0241574 -0.0224737 -0.0202674 -0.0175309 -0.0142815 -0.0105631 -0.00644438 -0.0020121 0.00263552 0.00739233 0.0121429 0.0167595 0.0211025 0.0250309 0.0284201 0.0311795 0.0332572 0.0346328 0.0353026 0.0352759 0.0345883 0.0333184 0.0315859 0.0295256 0.0272592 0.0248906 0.0225182 0.0202456 0.0181758 0.0164016 0.0150023 0.0140452 
0 0.004378 0.00875479 0.0131346 0.0175147 0.0218628 0.0261118 0.0301787 0.0339849 0.0374506 0.0404703 0.0429058 0.0446157 0.0454948 0.0454881 0.044576 0.0427569 0.0400472 0.0364914 0.0321713 0.0272049 0.0217371 0.0159268 0.00993641 0.00392534 -0.00195463 -0.00756458 -0.0127836 -0.0175135 -0.0216811 -0.0252391 -0.0281642 -0.0304549 -0.0321291 -0.0332212 -0.0337794 -0.0338617 -0.0335324 -0.0328579 -0.0319036 -0.0307311 -0.0293968 -0.0279512 -0.0264387 -0.024898 -0.0233617 -0.0218572 -0.0204058 -0.0190236 -0.0177218 -0.0165066 -0.0153806 -0.0143435 -0.0133925 -0.0125236 -0.0117321 -0.0110129 -0.0103609 -0.00977109 -0.0092386 -0.00875879 -0.00832714 -0.00793927 -0.00759091 -0.00727799 -0.0069966 -0.00674313 -0.00651424 -0.00630692 -0.00611852 -0.00594673 -0.00578959 -0.00564541 -0.0055128 -0.00539062 -0.00527789 -0.0051738 -0.00507766 -0.0049889 -0.00490699 -0.00483147 -0.00476193 -0.00469799 -0.00463929 -0.00458551 -0.00453636 -0.00449156 -0.00445085 -0.00441399 -0.0043808 -0.00435106 -0.00432462 -0.00430133 -0.00428106 -0.00426371 -0.00424917 -0.00423738 -0.00422827 -0.0042218 -0.00421793 -0.00421664 -0.00421793 -0.0042218 -0.00422827 -0.00423738 -0.00424917 -0.00426371 -0.00428106 -0.00430133 -0.00432462 -0.00435106 -0.0043808 -0.00441399 -0.00445085 -0.00449156 -0.00453636 -0.00458551 -0.00463929 -0.00469799 -0.00476193 -0.00483147 -0.00490699 -0.0049889 -0.00507766 -0.0051738 -0.00527789 -0.00539062 -0.0055128 -0.00564541 -0.00578959 -0.00594673 -0.00611852 -0.00630692 -0.00651424 -0.00674313 -0.0069966 -0.00727799 -0.00759091 -0.00793927 -0.00832714 -0.00875879 -0.0092386 -0.00977109 -0.0103609 -0.0110129 -0.0117321 -0.0125236 -0.0133925 -0.0143435 -0.0153806 -0.0165066 -0.0177218 -0.0190236 -0.0204058 -0.0218572 -0.0233617 -0.024898 -0.0264387 -0.0279512 -0.0293968 -0.0307311 -0.0319036 -0.0328579 -0.0335324 -0.0338617 -0.0337794 -0.0332212 -0.0321291 -0.0304549 -0.0281642 -0.0252391 -0.0216811 -0.0175135 -0.0127836 -0.00756458 -0.00195463 0.00392534 0.00993642 0.0159268 0.0217372 0.0272053 0.0321725 0.0364946 0.0400551 0.0427756 0.0446174 0.0455746 0.0456646 0.0449295 0.0434523 0.041369 0.0388497 0.0360571 0.0331186 0.0301421 0.0272529 0.0246064 0.0223602 0.020632 0.0194821 
0 0.00545434 0.0109271 0.0164119 0.0218628 0.027201 0.0323395 0.0372014 0.0417099 0.0457607 0.0492142 0.051923 0.0537658 0.0546553 0.0545251 0.0533274 0.0510515 0.0477382 0.0434747 0.0383781 0.0325815 0.0262293 0.0194804 0.0125099 0.00550335 -0.0013585 -0.00791427 -0.0140316 -0.0196093 -0.0245741 -0.0288747 -0.03248 -0.0353779 -0.0375771 -0.0391067 -0.0400148 -0.0403632 -0.0402223 -0.0396651 -0.0387627 -0.0375818 -0.0361838 -0.0346245 -0.0329546 -0.03122 -0.0294609 -0.0277123 -0.0260027 -0.0243547 -0.0227844 -0.0213024 -0.0199147 -0.0186235 -0.0174282 -0.0163264 -0.0153144 -0.0143878 -0.0135421 -0.0127722 -0.0120732 -0.0114399 -0.0108672 -0.01035 -0.00988318 -0.00946197 -0.00908168 -0.00873798 -0.00842686 -0.00814468 -0.00788822 -0.0076546 -0.00744135 -0.00724628 -0.00706756 -0.00690355 -0.00675288 -0.00661434 -0.00648688 -0.0063696 -0.00626168 -0.0061624 -0.00607112 -0.00598727 -0.00591033 -0.00583983 -0.00577535 -0.00571653 -0.00566303 -0.00561453 -0.00557079 -0.00553156 -0.00549663 -0.00546583 -0.005439 -0.005416 -0.00539672 -0.00538107 -0.00536897 -0.00536037 -0.00535522 -0.00535351 -0.00535522 -0.00536037 -0.00536897 -0.00538107 -0.00539672 -0.005416 -0.005439 -0.00546583 -0.00549663 -0.00553156 -0.00557079 -0.00561453 -0.00566303 -0.00571653 -0.00577535 -0.00583983 -0.00591033 -0.00598727 -0.00607112 -0.0061624 -0.00626168 -0.0063696 -0.00648688 -0.00661434 -0.00675288 -0.00690355 -0.00706756 -0.00724628 -0.00744135 -0.0076546 -0.00788822 -0.00814468 -0.00842686 -0.00873798 -0.00908168 -0.00946197 -0.00988318 -0.01035 -0.0108672 -0.0114399 -0.0120732 -0.0127722 -0.0135421 -0.0143878 -0.0153144 -0.0163264 -0.0174282 -0.0186235 -0.0199147 -0.0213024 -0.0227844 -0.0243547 -0.0260027 -0.0277123 -0.0294609 -0.03122 -0.0329546 -0.0346245 -0.0361838 -0.0375818 -0.0387627 -0.0396651 -0.0402223 -0.0403632 -0.0400148 -0.0391067 -0.0375771 -0.0353779 -0.03248 -0.0288747 -0.0245741 -0.0196093 -0.0140316 -0.00791427 -0.0013585 0.00550336 0.01251 0.0194805 0.0262297 0.0325825 0.0383809 0.0434817 0.0477549 0.0510891 0.0534066 0.0546822 0.0549487 0.0542822 0.0527812 0.0505651 0.0477836 0.0446121 0.0412252 0.0377819 0.034441 0.0313806 0.028783 0.0267897 0.025471 
0 0.00655414 0.0131227 0.0196714 0.0261118 0.0323395 0.0382692 0.0438261 0.0489092 0.0533764 0.0570767 0.059891 0.061732 0.0625181 0.0621686 0.0606337 0.0579231 0.0541041 0.0492809 0.0435799 0.0371428 0.0301263 0.0227036 0.0150595 0.00737955 -0.000161412 -0.00740585 -0.0142178 -0.0204851 -0.0261198 -0.0310598 -0.0352689 -0.0387355 -0.0414698 -0.0434997 -0.0448667 -0.0456224 -0.0458264 -0.0455437 -0.0448428 -0.0437936 -0.0424645 -0.0409205 -0.0392208 -0.0374175 -0.0355552 -0.0336713 -0.0317968 -0.0299568 -0.0281717 -0.0264578 -0.0248276 -0.0232899 -0.0218504 -0.0205119 -0.0192742 -0.0181351 -0.0170904 -0.0161347 -0.015262 -0.0144659 -0.0137402 -0.0130787 -0.0124759 -0.0119268 -0.0114266 -0.0109712 -0.0105568 -0.0101799 -0.00983712 -0.00952553 -0.00924226 -0.00898467 -0.00875027 -0.00853678 -0.00834213 -0.0081644 -0.00800192 -0.00785315 -0.00771677 -0.00759161 -0.00747667 -0.00737106 -0.00727405 -0.007185 -0.00710334 -0.00702863 -0.00696044 -0.00689845 -0.00684234 -0.00679186 -0.00674679 -0.00670695 -0.00667215 -0.00664226 -0.00661717 -0.00659677 -0.00658098 -0.00656975 -0.00656303 -0.00656079 -0.00656303 -0.00656975 -0.00658098 -0.00659677 -0.00661717 -0.00664226 -0.00667215 -0.00670695 -0.00674679 -0.00679186 -0.00684234 -0.00689845 -0.00696044 -0.00702863 -0.00710334 -0.007185 -0.00727405 -0.00737106 -0.00747667 -0.00759161 -0.00771677 -0.00785315 -0.00800192 -0.0081644 -0.00834213 -0.00853678 -0.00875027 -0.00898467 -0.00924226 -0.00952553 -0.00983712 -0.0101799 -0.0105568 -0.0109712 -0.0114266 -0.0119268 -0.0124759 -0.0130787 -0.0137402 -0.0144659 -0.015262 -0.0161347 -0.0170904 -0.0181351 -0.0192742 -0.0205119 -0.0218504 -0.0232899 -0.0248276 -0.0264578 -0.0281717 -0.0299568 -0.0317968 -0.0336713 -0.0355552 -0.0374175 -0.0392208 -0.0409205 -0.0424645 -0.0437936 -0.0448428 -0.0455437 -0.0458264 -0.0456224 -0.0448667 -0.0434997 -0.0414698 -0.0387355 -0.0352689 -0.0310598 -0.0261198 -0.0204851 -0.0142178 -0.00740585 -0.000161405 0.00737958 0.0150596 0.0227039 0.0301272 0.0371452 0.0435861 0.0492958 0.0541377 0.0579947 0.0607772 0.0624394 0.0629998 0.0625408 0.0611766 0.05902 0.0561883 0.0528386 0.0491796 0.0454413 0.0418363 0.0385489 0.0357423 0.0335552 0.0320871 
0 0.0076723 0.0153119 0.0228482 0.0301787 0.0372014 0.0438261 0.0499479 0.0554289 0.0601228 0.0639117 0.0667072 0.0684218 0.0689664 0.0682839 0.0663736 0.0632797 0.0590703 0.0538373 0.0477054 0.040831 0.0333924 0.0255761 0.0175605 0.00950987 0.00157735 -0.00609168 -0.0133623 -0.0201152 -0.0262542 -0.0317124 -0.0364518 -0.0404585 -0.0437384 -0.0463106 -0.0482046 -0.0494593 -0.0501227 -0.0502504 -0.0499051 -0.0491534 -0.0480622 -0.0466966 -0.0451169 -0.0433777 -0.0415273 -0.0396078 -0.0376559 -0.0357028 -0.0337753 -0.0318953 -0.0300809 -0.0283456 -0.0266994 -0.0251484 -0.0236961 -0.022343 -0.0210878 -0.0199276 -0.0188583 -0.0178752 -0.0169732 -0.016147 -0.0153911 -0.0147003 -0.0140697 -0.0134941 -0.0129691 -0.0124903 -0.0120536 -0.0116551 -0.0112915 -0.0109595 -0.0106561 -0.0103788 -0.0101251 -0.00989282 -0.00968013 -0.00948524 -0.00930663 -0.00914291 -0.00899287 -0.00885542 -0.0087296 -0.00861455 -0.00850952 -0.00841383 -0.00832691 -0.00824821 -0.00817729 -0.00811373 -0.00805719 -0.00800736 -0.00796397 -0.0079268 -0.00789565 -0.00787038 -0.00785085 -0.00783697 -0.00782866 -0.0078259 -0.00782866 -0.00783697 -0.00785085 -0.00787038 -0.00789565 -0.0079268 -0.00796397 -0.00800736 -0.00805719 -0.00811373 -0.00817729 -0.00824821 -0.00832691 -0.00841383 -0.00850952 -0.00861455 -0.0087296 -0.00885542 -0.00899287 -0.00914291 -0.00930663 -0.00948524 -0.00968013 -0.00989282 -0.0101251 -0.0103788 -0.0106561 -0.0109595 -0.0112915 -0.0116551 -0.0120536 -0.0124903 -0.0129691 -0.0134941 -0.0140697 -0.0147003 -0.0153911 -0.016147 -0.0169732 -0.0178752 -0.0188583 -0.0199276 -0.0210878 -0.022343 -0.0236961 -0.0251484 -0.0266994 -0.0283456 -0.0300809 -0.0318953 -0.0337753 -0.0357028 -0.0376559 -0.0396078 -0.0415273 -0.0433777 -0.0451169 -0.0466966 -0.0480622 -0.0491534 -0.0499051 -0.0502504 -0.0501227 -0.0494593 -0.0482046 -0.0463106 -0.0437384 -0.0404585 -0.0364518 -0.0317124 -0.0262542 -0.0201152 -0.0133623 -0.00609167 0.00157738 0.00950995 0.0175608 0.0255768 0.0333945 0.0408363 0.0477184 0.053867 0.0591342 0.0634093 0.0666209 0.0687285 0.069721 0.0696335 0.0685559 0.0666092 0.0639188 0.0606308 0.0569516 0.0531441 0.0494674 0.0461202 0.0432427 0.0409579 0.0393948 
0 0.00876667 0.0174203 0.025857 0.0339849 0.0417099 0.0489092 0.0554289 0.0611204 0.0658776 0.0696245 0.0722732 0.0737238 0.0739131 0.0728452 0.0705662 0.0671301 0.0626031 0.0570848 0.0507112 0.0436428 0.0360526 0.0281114 0.0199789 0.0118065 0.00373981 -0.00408662 -0.011553 -0.0185564 -0.0250142 -0.0308632 -0.0360571 -0.0405667 -0.0443798 -0.0474999 -0.0499461 -0.0517505 -0.0529544 -0.0536059 -0.0537568 -0.0534604 -0.0527715 -0.0517452 -0.0504365 -0.0488999 -0.0471878 -0.0453489 -0.0434277 -0.0414627 -0.0394866 -0.0375263 -0.0356031 -0.0337338 -0.0319312 -0.0302054 -0.0285635 -0.0270108 -0.0255506 -0.0241843 -0.022912 -0.0217323 -0.0206422 -0.019638 -0.0187151 -0.0178684 -0.0170924 -0.0163815 -0.0157305 -0.0151341 -0.0145877 -0.0140868 -0.0136274 -0.013206 -0.0128192 -0.0124643 -0.0121385 -0.0118396 -0.0115654 -0.011314 -0.0110836 -0.0108726 -0.0106795 -0.0105029 -0.0103417 -0.0101947 -0.0100608 -0.00993926 -0.00982916 -0.00972976 -0.00964045 -0.0095606 -0.00948975 -0.00942742 -0.00937328 -0.00932695 -0.00928821 -0.00925679 -0.00923255 -0.00921531 -0.00920502 -0.00920159 -0.00920502 -0.00921531 -0.00923255 -0.00925679 -0.00928821 -0.00932695 -0.00937328 -0.00942742 -0.00948975 -0.0095606 -0.00964045 -0.00972976 -0.00982916 -0.00993926 -0.0100608 -0.0101947 -0.0103417 -0.0105029 -0.0106795 -0.0108726 -0.0110836 -0.011314 -0.0115654 -0.0118396 -0.0121385 -0.0124643 -0.0128192 -0.013206 -0.0136274 -0.0140868 -0.0145877 -0.0151341 -0.0157305 -0.0163815 -0.0170924 -0.0178684 -0.0187151 -0.019638 -0.0206422 -0.0217323 -0.022912 -0.0241843 -0.0255506 -0.0270108 -0.0285635 -0.0302054 -0.0319312 -0.0337338 -0.0356031 -0.0375263 -0.0394866 -0.0414627 -0.0434277 -0.0453489 -0.0471878 -0.0488999 -0.0504365 -0.0517452 -0.0527715 -0.0534604 -0.0537568 -0.0536059 -0.0529544 -0.0517505 -0.0499461 -0.0474999 -0.0443798 -0.0405667 -0.0360571 -0.0308632 -0.0250142 -0.0185564 -0.011553 -0.0040866 0.00373988 0.0118067 0.0199795 0.0281132 0.0360572 0.043654 0.0507371 0.0571413 0.0627188 0.0673534 0.0709724 0.0735423 0.0750448 0.0754681 0.0748409 0.0732644 0.0708944 0.0679048 0.0644894 0.0608823 0.0573385 0.0540763 0.0512504 0.0489883 0.0474311 
0 0.00977092 0.019353 0.0286107 0.0374506 0.0457607 0.0533764 0.0601228 0.0658776 0.0705724 0.0741384 0.0764869 0.0775563 0.0773492 0.0759078 0.073278 0.0695214 0.0647406 0.0590687 0.0526451 0.0456098 0.0381044 0.0302708 0.0222541 0.0142012 0.00624619 -0.00149792 -0.00893652 -0.0159906 -0.0225928 -0.0286818 -0.0342046 -0.0391214 -0.0434072 -0.0470531 -0.0500665 -0.0524656 -0.054277 -0.0555336 -0.056272 -0.0565324 -0.0563595 -0.0557999 -0.0549037 -0.0537215 -0.052303 -0.0506965 -0.0489468 -0.0470945 -0.0451764 -0.0432243 -0.0412659 -0.0393249 -0.0374208 -0.03557 -0.0337849 -0.0320754 -0.0304484 -0.0289081 -0.0274571 -0.0260959 -0.0248237 -0.0236384 -0.0225373 -0.0215169 -0.0205732 -0.0197022 -0.0188995 -0.0181607 -0.0174815 -0.0168575 -0.0162847 -0.0157591 -0.0152769 -0.0148346 -0.014429 -0.014057 -0.0137158 -0.0134029 -0.0131159 -0.0128528 -0.0126116 -0.0123907 -0.0121886 -0.0120039 -0.0118354 -0.011682 -0.0115427 -0.0114168 -0.0113034 -0.0112019 -0.0111117 -0.0110323 -0.0109632 -0.010904 -0.0108545 -0.0108143 -0.0107833 -0.0107613 -0.0107481 -0.0107437 -0.0107481 -0.0107613 -0.0107833 -0.0108143 -0.0108545 -0.010904 -0.0109632 -0.0110323 -0.0111117 -0.0112019 -0.0113034 -0.0114168 -0.0115427 -0.011682 -0.0118354 -0.0120039 -0.0121886 -0.0123907 -0.0126116 -0.0128528 -0.0131159 -0.0134029 -0.0137158 -0.014057 -0.014429 -0.0148346 -0.0152769 -0.0157591 -0.0162847 -0.0168575 -0.0174815 -0.0181607 -0.0188995 -0.0197022 -0.0205732 -0.0215169 -0.0225373 -0.0236384 -0.0248237 -0.0260959 -0.0274571 -0.0289081 -0.0304484 -0.0320754 -0.0337849 -0.03557 -0.0374208 -0.0393249 -0.0412659 -0.0432243 -0.0451764 -0.0470945 -0.0489468 -0.0506965 -0.052303 -0.0537215 -0.0549037 -0.0557999 -0.0563595 -0.0565324 -0.056272 -0.0555336 -0.054277 -0.0524656 -0.0500665 -0.0470531 -0.0434072 -0.0391214 -0.0342046 -0.0286818 -0.0225928 -0.0159906 -0.0089365 -0.00149787 0.00624636 0.0142017 0.0222556 0.0302746 0.0381139 0.0456321 0.0526943 0.0591707 0.0649399 0.0698885 0.0739157 0.0769551 0.0789811 0.079982 0.0799534 0.0789459 0.077104 0.0746323 0.0717317 0.0685874 0.0653974 0.0623773 0.059729 0.0576196 0.0561857 
0 0.0106266 0.0210259 0.0310213 0.0404703 0.0492142 0.0570767 0.0639117 0.0696245 0.0741384 0.077377 0.0793016 0.0799377 0.079335 0.0775276 0.0745637 0.0705493 0.0656292 0.0599418 0.0536126 0.0467655 0.0395225 0.0320051 0.0243387 0.0166404 0.00900871 0.0015309 -0.00571346 -0.0126555 -0.0192328 -0.0253895 -0.0310823 -0.0362764 -0.0409439 -0.0450659 -0.0486298 -0.0516297 -0.0540707 -0.0559665 -0.0573398 -0.0582225 -0.0586506 -0.0586638 -0.0583038 -0.0576114 -0.0566283 -0.0553959 -0.0539544 -0.0523445 -0.0506051 -0.0487731 -0.0468828 -0.0449644 -0.0430445 -0.0411449 -0.0392833 -0.0374739 -0.0357269 -0.0340503 -0.0324495 -0.030928 -0.0294882 -0.0281307 -0.0268558 -0.0256622 -0.0245483 -0.0235118 -0.0225497 -0.0216588 -0.0208351 -0.0200751 -0.0193744 -0.0187291 -0.0181353 -0.0175891 -0.017087 -0.0166252 -0.016201 -0.015811 -0.0154529 -0.015124 -0.0148222 -0.0145455 -0.0142921 -0.0140604 -0.0138488 -0.0136562 -0.0134812 -0.013323 -0.0131805 -0.013053 -0.0129397 -0.0128399 -0.0127531 -0.0126789 -0.0126167 -0.0125663 -0.0125274 -0.0124997 -0.0124832 -0.0124777 -0.0124832 -0.0124997 -0.0125274 -0.0125663 -0.0126167 -0.0126789 -0.0127531 -0.0128399 -0.0129397 -0.013053 -0.0131805 -0.013323 -0.0134812 -0.0136562 -0.0138488 -0.0140604 -0.0142921 -0.0145455 -0.0148222 -0.015124 -0.0154529 -0.015811 -0.016201 -0.0166252 -0.017087 -0.0175891 -0.0181353 -0.0187291 -0.0193744 -0.0200751 -0.0208351 -0.0216588 -0.0225497 -0.0235118 -0.0245483 -0.0256622 -0.0268558 -0.0281307 -0.0294882 -0.030928 -0.0324495 -0.0340503 -0.0357269 -0.0374739 -0.0392833 -0.0411449 -0.0430445 -0.0449644 -0.0468828 -0.0487731 -0.0506051 -0.0523445 -0.0539544 -0.0553959 -0.0566283 -0.0576114 -0.0583038 -0.0586638 -0.0586506 -0.0582225 -0.0573398 -0.0559665 -0.0540707 -0.0516297 -0.0486298 -0.0450659 -0.0409439 -0.0362764 -0.0310823 -0.0253895 -0.0192328 -0.0126555 -0.00571341 0.00153104 0.00900913 0.0166416 0.0243419 0.0320131 0.0395415 0.0468078 0.0537015 0.0601177 0.0659573 0.0711268 0.075524 0.0790413 0.0816088 0.083216 0.0838796 0.0836286 0.0825501 0.0808172 0.0786316 0.0761572 0.0735366 0.0709543 0.0686425 0.0668125 0.0655945 
0 0.0113061 0.0223801 0.0329898 0.0429058 0.051923 0.059891 0.0667072 0.0722732 0.0764869 0.0793016 0.080764 0.0809591 0.0799424 0.0777642 0.0745293 0.0703819 0.0654521 0.059857 0.0537254 0.0471866 0.0403526 0.0333241 0.0261886 0.0190135 0.0118634 0.00480963 -0.00208165 -0.00875174 -0.0151471 -0.0212268 -0.0269585 -0.0323083 -0.0372449 -0.0417395 -0.0457636 -0.0492978 -0.0523321 -0.0548635 -0.0569005 -0.058458 -0.0595557 -0.0602196 -0.0604786 -0.0603645 -0.0599132 -0.0591612 -0.0581471 -0.0569098 -0.0554867 -0.0539149 -0.0522283 -0.0504585 -0.0486348 -0.0467823 -0.0449245 -0.0430808 -0.041268 -0.0395003 -0.0377884 -0.0361415 -0.0345656 -0.0330649 -0.0316422 -0.030298 -0.0290325 -0.0278441 -0.026731 -0.0256908 -0.0247204 -0.0238171 -0.0229772 -0.0221979 -0.0214754 -0.0208067 -0.0201885 -0.0196177 -0.0190913 -0.0186063 -0.0181601 -0.0177498 -0.0173733 -0.017028 -0.0167121 -0.0164232 -0.0161599 -0.0159203 -0.0157031 -0.0155068 -0.0153302 -0.0151724 -0.0150321 -0.0149089 -0.0148016 -0.01471 -0.0146332 -0.0145711 -0.0145231 -0.014489 -0.0144686 -0.0144619 -0.0144686 -0.014489 -0.0145231 -0.0145711 -0.0146332 -0.01471 -0.0148016 -0.0149089 -0.0150321 -0.0151724 -0.0153302 -0.0155068 -0.0157031 -0.0159203 -0.0161599 -0.0164232 -0.0167121 -0.017028 -0.0173733 -0.0177498 -0.0181601 -0.0186063 -0.0190913 -0.0196177 -0.0201885 -0.0208067 -0.0214754 -0.0221979 -0.0229772 -0.0238171 -0.0247204 -0.0256908 -0.026731 -0.0278441 -0.0290325 -0.030298 -0.0316422 -0.0330649 -0.0345656 -0.0361415 -0.0377884 -0.0395003 -0.041268 -0.0430808 -0.0449245 -0.0467823 -0.0486348 -0.0504585 -0.0522283 -0.0539149 -0.0554867 -0.0569098 -0.0581471 -0.0591612 -0.0599132 -0.0603645 -0.0604786 -0.0602196 -0.0595557 -0.058458 -0.0569005 -0.0548635 -0.0523321 -0.0492978 -0.0457636 -0.0417395 -0.0372449 -0.0323083 -0.0269585 -0.0212268 -0.0151471 -0.00875171 -0.00208153 0.00480997 0.0118644 0.0190161 0.0261952 0.03334 0.0403885 0.0472632 0.0538789 0.0601471 0.0659695 0.0712536 0.0759208 0.0798783 0.0830202 0.0852904 0.0867125 0.0873391 0.0872201 0.0864417 0.0851496 0.0835023 0.0816369 0.0797089 0.0779263 0.0764981 0.0755526 
0 0.0118053 0.0233709 0.0344083 0.0446157 0.0537658 0.061732 0.0684218 0.0737238 0.0775563 0.0799377 0.0809591 0.0807064 0.0792633 0.0767634 0.0733667 0.0691943 0.0643433 0.0589403 0.0531267 0.0470166 0.0407015 0.034259 0.0277403 0.0211855 0.0146445 0.00816188 0.00177182 -0.00448747 -0.0105796 -0.0164733 -0.0221295 -0.027509 -0.0325795 -0.0373078 -0.0416654 -0.0456313 -0.0491834 -0.0523047 -0.0549846 -0.0572149 -0.0589976 -0.0603431 -0.0612671 -0.0617951 -0.0619555 -0.0617791 -0.0613005 -0.0605518 -0.0595665 -0.0583778 -0.0570166 -0.0555153 -0.0539033 -0.0522094 -0.0504613 -0.0486824 -0.0468957 -0.0451196 -0.0433701 -0.0416608 -0.0400013 -0.0384003 -0.036863 -0.0353936 -0.0339948 -0.0326672 -0.031412 -0.0302278 -0.0291142 -0.028069 -0.0270904 -0.0261762 -0.0253234 -0.0245298 -0.0237921 -0.0231079 -0.0224737 -0.0218872 -0.0213453 -0.0208455 -0.0203851 -0.0199617 -0.0195732 -0.019217 -0.0188917 -0.0185949 -0.0183256 -0.0180815 -0.017862 -0.0176652 -0.0174905 -0.0173365 -0.0172027 -0.017088 -0.0169922 -0.0169144 -0.0168545 -0.0168117 -0.0167863 -0.0167778 -0.0167863 -0.0168117 -0.0168545 -0.0169144 -0.0169922 -0.017088 -0.0172027 -0.0173365 -0.0174905 -0.0176652 -0.017862 -0.0180815 -0.0183256 -0.0185949 -0.0188917 -0.019217 -0.0195732 -0.0199617 -0.0203851 -0.0208455 -0.0213453 -0.0218872 -0.0224737 -0.0231079 -0.0237921 -0.0245298 -0.0253234 -0.0261762 -0.0270904 -0.028069 -0.0291142 -0.0302278 -0.031412 -0.0326672 -0.0339948 -0.0353936 -0.036863 -0.0384003 -0.0400013 -0.0416608 -0.0433701 -0.0451196 -0.0468957 -0.0486824 -0.0504613 -0.0522094 -0.0539033 -0.0555153 -0.0570166 -0.0583778 -0.0595665 -0.0605518 -0.0613005 -0.0617791 -0.0619555 -0.0617951 -0.0612671 -0.0603431 -0.0589976 -0.0572149 -0.0549846 -0.0523047 -0.0491834 -0.0456313 -0.0416654 -0.0373078 -0.0325795 -0.027509 -0.0221295 -0.0164733 -0.0105796 -0.00448738 0.00177209 0.00816265 0.0146466 0.0211909 0.0277535 0.0342892 0.0407665 0.0471488 0.0533803 0.0593989 0.0651268 0.0704617 0.0753158 0.0796312 0.0833337 0.0863322 0.0885961 0.0901748 0.0911216 0.0914569 0.0912287 0.0905595 0.089609 0.0885283 0.0874622 0.0865557 0.0859299 
0 0.0121161 0.0239515 0.0351832 0.0454948 0.0546553 0.0625181 0.0689664 0.0739131 0.0773492 0.079335 0.0799424 0.0792633 0.0774643 0.074751 0.0712728 0.0671276 0.0624402 0.0573552 0.0519767 0.0463805 0.0406455 0.0348305 0.0289705 0.0231028 0.0172537 0.0114244 0.0056233 -0.000128903 -0.00581371 -0.0113999 -0.0168469 -0.0221244 -0.0272006 -0.0320405 -0.0366178 -0.0409012 -0.0448572 -0.0484612 -0.0516879 -0.054518 -0.0569443 -0.058961 -0.0605721 -0.0617887 -0.0626229 -0.0630961 -0.0632312 -0.0630532 -0.0625935 -0.0618807 -0.0609471 -0.0598247 -0.0585423 -0.057131 -0.0556168 -0.0540252 -0.0523803 -0.0507014 -0.0490092 -0.0473191 -0.0456462 -0.0440033 -0.0424002 -0.0408467 -0.0393483 -0.0379113 -0.0365385 -0.0352321 -0.0339938 -0.0328225 -0.0317189 -0.0306803 -0.0297059 -0.0287928 -0.027939 -0.027142 -0.0263989 -0.0257079 -0.0250653 -0.0244699 -0.0239182 -0.0234088 -0.0229387 -0.0225066 -0.02211 -0.0217474 -0.0214169 -0.021117 -0.0208464 -0.0206035 -0.0203874 -0.0201967 -0.0200309 -0.0198885 -0.0197697 -0.0196728 -0.0195984 -0.0195452 -0.0195137 -0.0195029 -0.0195137 -0.0195452 -0.0195984 -0.0196728 -0.0197697 -0.0198885 -0.0200309 -0.0201967 -0.0203874 -0.0206035 -0.0208464 -0.021117 -0.0214169 -0.0217474 -0.02211 -0.0225066 -0.0229387 -0.0234088 -0.0239182 -0.0244699 -0.0250653 -0.0257079 -0.0263989 -0.027142 -0.027939 -0.0287928 -0.0297059 -0.0306803 -0.0317189 -0.0328225 -0.0339938 -0.0352321 -0.0365385 -0.0379113 -0.0393483 -0.0408467 -0.0424002 -0.0440033 -0.0456462 -0.0473191 -0.0490092 -0.0507014 -0.0523803 -0.0540252 -0.0556168 -0.057131 -0.0585423 -0.0598247 -0.0609471 -0.0618807 -0.0625935 -0.0630532 -0.0632312 -0.0630961 -0.0626229 -0.0617887 -0.0605721 -0.058961 -0.0569443 -0.054518 -0.0516879 -0.0484612 -0.0448572 -0.0409012 -0.0366178 -0.0320405 -0.0272006 -0.0221244 -0.0168469 -0.0113999 -0.00581364 -0.000128695 0.00562391 0.0114261 0.0172581 0.0231136 0.0289954 0.0348851 0.0407581 0.0465995 0.0523787 0.058052 0.0635832 0.0689086 0.0739237 0.0785493 0.0827518 0.0864784 0.0896533 0.0922536 0.0943106 0.0958318 0.0968017 0.0972733 0.0973909 0.097301 0.0970883 0.0968144 0.096576 
0 0.0122089 0.0240703 0.0352576 0.0454881 0.0545251 0.0621686 0.0682839 0.0728452 0.0759078 0.0775276 0.0777642 0.0767634 0.074751 0.0719208 0.0684072 0.0643625 0.0599519 0.0552744 0.0503814 0.0453457 0.0402359 0.0350838 0.0299187 0.0247645 0.0196093 0.0144406 0.00926753 0.00408985 -0.0010896 -0.00624755 -0.0113676 -0.0164305 -0.0213972 -0.0262338 -0.0309054 -0.0353674 -0.0395886 -0.0435404 -0.0471908 -0.0505217 -0.0535125 -0.0561437 -0.0584082 -0.0602965 -0.0618087 -0.0629549 -0.0637444 -0.0641987 -0.0643407 -0.0641938 -0.0637885 -0.0631496 -0.0623061 -0.0612859 -0.0601129 -0.0588155 -0.0574155 -0.0559371 -0.0544023 -0.0528292 -0.0512381 -0.0496429 -0.0480592 -0.0464984 -0.04497 -0.0434839 -0.0420444 -0.0406588 -0.0393287 -0.0380581 -0.036848 -0.0356987 -0.0346113 -0.0335836 -0.0326167 -0.0317071 -0.030855 -0.0300573 -0.0293129 -0.0286193 -0.0279745 -0.0273768 -0.0268233 -0.0263134 -0.0258434 -0.0254133 -0.0250196 -0.0246625 -0.0243386 -0.0240483 -0.0237887 -0.0235601 -0.0233603 -0.0231894 -0.0230456 -0.0229292 -0.022839 -0.0227751 -0.0227366 -0.022724 -0.0227366 -0.0227751 -0.022839 -0.0229292 -0.0230456 -0.0231894 -0.0233603 -0.0235601 -0.0237887 -0.0240483 -0.0243386 -0.0246625 -0.0250196 -0.0254133 -0.0258434 -0.0263134 -0.0268233 -0.0273768 -0.0279745 -0.0286193 -0.0293129 -0.0300573 -0.030855 -0.0317071 -0.0326167 -0.0335836 -0.0346113 -0.0356987 -0.036848 -0.0380581 -0.0393287 -0.0406588 -0.0420444 -0.0434839 -0.04497 -0.0464984 -0.0480592 -0.0496429 -0.0512381 -0.0528292 -0.0544023 -0.0559371 -0.0574155 -0.0588155 -0.0601129 -0.0612859 -0.0623061 -0.0631496 -0.0637885 -0.0641938 -0.0643407 -0.0641987 -0.0637444 -0.0629549 -0.0618087 -0.0602965 -0.0584082 -0.0561437 -0.0535125 -0.0505217 -0.0471908 -0.0435404 -0.0395886 -0.0353674 -0.0309054 -0.0262338 -0.0213972 -0.0164305 -0.0113676 -0.0062475 -0.00108944 0.00409032 0.00926885 0.0144441 0.019618 0.0247849 0.0299639 0.0351785 0.0404228 0.045694 0.0509944 0.0562948 0.0615642 0.0667923 0.0719253 0.0768579 0.0815276 0.0859245 0.0900006 0.0936647 0.0968642 0.099592 0.101833 0.103586 0.104915 0.105915 0.106632 0.107078 0.107313 
0 0.0120421 0.0236848 0.0346124 0.044576 0.0533274 0.0606337 0.0663736 0.0705662 0.073278 0.0745637 0.0745293 0.0733667 0.0712728 0.0684072 0.0649586 0.0611386 0.0570745 0.0528144 0.0484293 0.0439979 0.0395416 0.0350684 0.0306022 0.0261334 0.0216401 0.0171314 0.0126015 0.00802464 0.00340133 -0.0012671 -0.00598571 -0.0107266 -0.015457 -0.020153 -0.0247702 -0.0292716 -0.0336303 -0.0378037 -0.0417608 -0.0454751 -0.0489099 -0.0520458 -0.054864 -0.0573451 -0.0594876 -0.0612849 -0.0627385 -0.0638598 -0.064654 -0.06514 -0.0653356 -0.0652589 -0.0649385 -0.0643948 -0.0636562 -0.0627489 -0.0616953 -0.060524 -0.0592533 -0.057907 -0.0565038 -0.0550595 -0.0535931 -0.0521146 -0.0506403 -0.0491784 -0.0477396 -0.0463327 -0.0449624 -0.0436375 -0.0423589 -0.0411334 -0.0399608 -0.0388443 -0.0377843 -0.0367803 -0.0358338 -0.0349414 -0.0341052 -0.0333205 -0.0325892 -0.0319065 -0.0312734 -0.0306861 -0.0301443 -0.0296456 -0.0291886 -0.0287721 -0.0283938 -0.0280537 -0.0277488 -0.0274801 -0.0272442 -0.0270428 -0.0268725 -0.0267352 -0.0266278 -0.0265526 -0.0265064 -0.026492 -0.0265064 -0.0265526 -0.0266278 -0.0267352 -0.0268725 -0.0270428 -0.0272442 -0.0274801 -0.0277488 -0.0280537 -0.0283938 -0.0287721 -0.0291886 -0.0296456 -0.0301443 -0.0306861 -0.0312734 -0.0319065 -0.0325892 -0.0333205 -0.0341052 -0.0349414 -0.0358338 -0.0367803 -0.0377843 -0.0388443 -0.0399608 -0.0411334 -0.0423589 -0.0436375 -0.0449624 -0.0463327 -0.0477396 -0.0491784 -0.0506403 -0.0521146 -0.0535931 -0.0550595 -0.0565038 -0.057907 -0.0592533 -0.060524 -0.0616953 -0.0627489 -0.0636562 -0.0643948 -0.0649385 -0.0652589 -0.0653356 -0.06514 -0.064654 -0.0638598 -0.0627385 -0.0612849 -0.0594876 -0.0573451 -0.054864 -0.0520458 -0.0489099 -0.0454751 -0.0417608 -0.0378037 -0.0336303 -0.0292716 -0.0247702 -0.020153 -0.015457 -0.0107266 -0.00598567 -0.00126698 0.0034017 0.00802566 0.0126042 0.0171383 0.0216566 0.0261704 0.0306807 0.0352259 0.0398398 0.044531 0.0493308 0.0542598 0.0592822 0.0643718 0.0695371 0.0747333 0.0798668 0.0848941 0.0897995 0.0944945 0.0988503 0.102802 0.106343 0.109452 0.11209 0.114246 0.115932 0.117155 0.117929 
0 0.0115884 0.0227754 0.0332485 0.0427569 0.0510515 0.0579231 0.0632797 0.0671301 0.0695214 0.0705493 0.0703819 0.0691943 0.0671276 0.0643625 0.0611386 0.0576325 0.053923 0.0501002 0.0462669 0.0424436 0.0386133 0.0347975 0.0309963 0.0271756 0.0233378 0.0194816 0.0155636 0.0115682 0.00749915 0.00333427 -0.000920948 -0.00524186 -0.00962882 -0.0140585 -0.0184925 -0.0229123 -0.0272741 -0.0315313 -0.0356576 -0.0396076 -0.0433492 -0.0468644 -0.050119 -0.0530994 -0.0557917 -0.0581744 -0.0602482 -0.0620031 -0.0634384 -0.0645661 -0.0653878 -0.0659242 -0.066191 -0.0662046 -0.0659934 -0.0655722 -0.0649688 -0.0642042 -0.0632976 -0.0622759 -0.0611525 -0.0599524 -0.0586899 -0.0573821 -0.0560466 -0.0546923 -0.0533372 -0.0519863 -0.0506534 -0.0493439 -0.0480646 -0.0468232 -0.0456202 -0.0444642 -0.0433524 -0.0422919 -0.0412797 -0.0403197 -0.0394106 -0.0385525 -0.0377461 -0.0369886 -0.0362825 -0.0356227 -0.0350127 -0.0344466 -0.0339281 -0.0334513 -0.0330195 -0.0326274 -0.0322779 -0.0319664 -0.0316951 -0.0314606 -0.0312643 -0.0311039 -0.0309802 -0.0308917 -0.0308391 -0.0308213 -0.0308391 -0.0308917 -0.0309802 -0.0311039 -0.0312643 -0.0314606 -0.0316951 -0.0319664 -0.0322779 -0.0326274 -0.0330195 -0.0334513 -0.0339281 -0.0344466 -0.0350127 -0.0356227 -0.0362825 -0.0369886 -0.0377461 -0.0385525 -0.0394106 -0.0403197 -0.0412797 -0.0422919 -0.0433524 -0.0444642 -0.0456202 -0.0468232 -0.0480646 -0.0493439 -0.0506534 -0.0519863 -0.0533372 -0.0546923 -0.0560466 -0.0573821 -0.0586899 -0.0599524 -0.0611525 -0.0622759 -0.0632976 -0.0642042 -0.0649688 -0.0655722 -0.0659934 -0.0662046 -0.066191 -0.0659242 -0.0653878 -0.0645661 -0.0634384 -0.0620031 -0.0602482 -0.0581744 -0.0557917 -0.0530994 -0.050119 -0.0468644 -0.0433492 -0.0396076 -0.0356576 -0.0315313 -0.0272741 -0.0229123 -0.0184925 -0.0140585 -0.00962882 -0.00524183 -0.000920858 0.00333455 0.00749993 0.0115703 0.015569 0.0194947 0.0233677 0.02724 0.0311274 0.0350498 0.0390717 0.0432312 0.0475495 0.0520876 0.05687 0.0618478 0.0670068 0.0723782 0.0779275 0.0835656 0.0892353 0.0948728 0.100347 0.105533 0.110382 0.114847 0.118812 0.122159 0.124841 0.126862 0.128193 
0 0.0108521 0.0213508 0.031176 0.0400472 0.0477382 0.0541041 0.0590703 0.0626031 0.0647406 0.0656292 0.0654521 0.0643433 0.0624402 0.0599519 0.0570745 0.053923 0.0506181 0.0473013 0.0440177 0.0407408 0.0374942 0.0342984 0.0311095 0.0279095 0.0247031 0.0214388 0.0180837 0.0146526 0.011121 0.00746828 0.00371491 -0.00015344 -0.00414375 -0.00821994 -0.0123733 -0.0165813 -0.0207918 -0.0249859 -0.0291276 -0.0331688 -0.0370933 -0.0408593 -0.044432 -0.0477981 -0.050919 -0.0537823 -0.0563777 -0.058683 -0.060706 -0.0624373 -0.0638775 -0.0650406 -0.0659222 -0.0665438 -0.0669144 -0.0670471 -0.0669684 -0.0666866 -0.0662317 -0.0656189 -0.0648685 -0.0640061 -0.0630416 -0.0620029 -0.060898 -0.0597473 -0.0585636 -0.0573559 -0.0561419 -0.054923 -0.0537167 -0.0525226 -0.0513531 -0.0502109 -0.0491005 -0.0480291 -0.0469943 -0.0460058 -0.0450577 -0.0441596 -0.0433047 -0.0425004 -0.0417415 -0.041032 -0.0403694 -0.0397538 -0.0391856 -0.038662 -0.0381857 -0.0377515 -0.037364 -0.0370165 -0.0367148 -0.0364515 -0.036233 -0.0360515 -0.0359142 -0.0358131 -0.0357556 -0.0357339 -0.0357556 -0.0358131 -0.0359142 -0.0360515 -0.036233 -0.0364515 -0.0367148 -0.0370165 -0.037364 -0.0377515 -0.0381857 -0.038662 -0.0391856 -0.0397538 -0.0403694 -0.041032 -0.0417415 -0.0425004 -0.0433047 -0.0441596 -0.0450577 -0.0460058 -0.0469943 -0.0480291 -0.0491005 -0.0502109 -0.0513531 -0.0525226 -0.0537167 -0.054923 -0.0561419 -0.0573559 -0.0585636 -0.0597473 -0.060898 -0.0620029 -0.0630416 -0.0640061 -0.0648685 -0.0656189 -0.0662317 -0.0666866 -0.0669684 -0.0670471 -0.0669144 -0.0665438 -0.0659222 -0.0650406 -0.0638775 -0.0624373 -0.060706 -0.058683 -0.0563777 -0.0537823 -0.050919 -0.0477981 -0.044432 -0.0408593 -0.0370933 -0.0331688 -0.0291276 -0.0249859 -0.0207918 -0.0165813 -0.0123733 -0.00821993 -0.00414373 -0.000153374 0.00371511 0.00746887 0.0111226 0.0146568 0.018094 0.0214626 0.0247551 0.0280173 0.0313202 0.0346878 0.0381746 0.041867 0.0457891 0.0499639 0.0544694 0.0593303 0.0645065 0.0700138 0.0758911 0.0820801 0.0884648 0.0949596 0.101471 0.107859 0.113995 0.119762 0.125 0.129523 0.133213 0.136021 0.137874 
0 0.00986471 0.0194442 0.0284188 0.0364914 0.0434747 0.0492809 0.0538373 0.0570848 0.0590687 0.0599418 0.059857 0.0589403 0.0573552 0.0552744 0.0528144 0.0501002 0.0473013 0.0445086 0.0417148 0.0389525 0.0362709 0.0336285 0.0309849 0.0283544 0.0256961 0.0229556 0.02015 0.0172609 0.0142375 0.0110938 0.00782441 0.00439705 0.000843509 -0.00282498 -0.00662023 -0.0104989 -0.0144471 -0.0184575 -0.0224742 -0.026479 -0.0304418 -0.0343055 -0.0380585 -0.0416614 -0.0450793 -0.0483093 -0.0513131 -0.0540831 -0.0566128 -0.0588753 -0.0608833 -0.0626214 -0.064091 -0.0653065 -0.0662587 -0.066974 -0.0674552 -0.0677172 -0.0677847 -0.0676599 -0.067376 -0.066938 -0.0663695 -0.0656892 -0.0649053 -0.0640467 -0.063114 -0.0621342 -0.0611115 -0.0600615 -0.0589972 -0.0579212 -0.0568532 -0.0557879 -0.054745 -0.0537186 -0.0527228 -0.0517557 -0.0508232 -0.0499292 -0.0490716 -0.0482595 -0.0474847 -0.0467592 -0.0460721 -0.0454357 -0.0448387 -0.0442922 -0.043786 -0.0433292 -0.0429135 -0.0425455 -0.0422193 -0.0419391 -0.0417012 -0.0415079 -0.0413572 -0.04125 -0.0411856 -0.0411642 -0.0411856 -0.04125 -0.0413572 -0.0415079 -0.0417012 -0.0419391 -0.0422193 -0.0425455 -0.0429135 -0.0433292 -0.043786 -0.0442922 -0.0448387 -0.0454357 -0.0460721 -0.0467592 -0.0474847 -0.0482595 -0.0490716 -0.0499292 -0.0508232 -0.0517557 -0.0527228 -0.0537186 -0.054745 -0.0557879 -0.0568532 -0.0579212 -0.0589972 -0.0600615 -0.0611115 -0.0621342 -0.063114 -0.0640467 -0.0649053 -0.0656892 -0.0663695 -0.066938 -0.067376 -0.0676599 -0.0677847 -0.0677172 -0.0674552 -0.066974 -0.0662587 -0.0653065 -0.064091 -0.0626214 -0.0608833 -0.0588753 -0.0566128 -0.0540831 -0.0513131 -0.0483093 -0.0450793 -0.0416614 -0.0380585 -0.0343055 -0.0304418 -0.026479 -0.0224742 -0.0184575 -0.0144471 -0.0104989 -0.00662022 -0.00282497 0.000843557 0.0043972 0.00782485 0.0110951 0.0142407 0.0172688 0.0201686 0.0229971 0.0257835 0.0285282 0.0313116 0.0342093 0.0372486 0.0405154 0.0440981 0.0479986 0.0522487 0.0569485 0.0621354 0.067794 0.0739488 0.080594 0.0876207 0.0949052 0.102362 0.109866 0.117214 0.124192 0.1306 0.136232 0.140897 0.144446 0.146758 
