0 0 0 0 0 0 0 0 0 0 0 0 0 0 0 0 0 0 0 0 0 0 0 0 0 0 0 0 0 0 0 0 0 0 0 0 0 0 0 0 0 0 0 0 0 0 0 0 0 0 0 0 0 0 0 0 0 0 0 0 0 0 0 0 0 0 0 0 0 0 0 0 0 0 0 0 0 0 0 0 0 0 0 0 0 0 0 0 0 0 0 0 0 0 0 0 0 0 0 0 0 0 0 0 0 0 0 0 0 0 0 0 0 0 0 0 0 0 0 0 0 0 0 0 0 0 0 0 0 0 0 0 0 0 0 0 0 0 0 0 0 0 0 0 0 0 0 0 0 0 0 0 0 0 0 0 0 0 0 0 0 0 0 0 0 0 0 0 0 0 0 0 0 0 0 0 0 0 0 0 0 0 0 0 0 0 0 0 0 0 0 0 0 0 0 0 0 0 0 0 
0 5.57845e-44 1.42838e-42 3.34532e-41 7.20466e-40 1.43202e-38 2.63531e-37 4.50269e-36 7.1606e-35 1.06223e-33 1.47276e-32 1.91184e-31 2.32733e-30 2.66051e-29 2.85972e-28 2.89352e-27 2.75883e-26 2.48095e-25 2.10606e-24 1.68892e-23 1.28036e-22 9.18137e-22 6.23124e-21 4.00455e-20 2.43807e-19 1.40681e-18 7.69635e-18 3.99352e-17 1.96604e-16 9.18625e-16 4.07501e-15 1.71672e-14 6.8706e-14 2.6131e-13 9.44807e-13 3.2488e-12 1.06288e-11 3.31005e-11 9.81763e-11 2.775e-10 7.47995e-10 1.92416e-09 4.7278e-09 1.11059e-08 2.49675e-08 5.37777e-08 1.11111e-07 2.20491e-07 4.20815e-07 7.73513e-07 1.37136e-06 2.34851e-06 3.89087e-06 6.24564e-06 9.72852e-06 1.47271e-05 2.16988e-05 3.11638e-05 4.36902e-05 5.9876e-05 8.03253e-05 0.000105623 0.000136312 0.000172866 0.000215679 0.000265045 0.000321154 0.000384094 0.000453849 0.000530312 0.000613291 0.000702518 0.000797667 0.000898351 0.00100414 0.00111455 0.00122908 0.00134717 0.00146821 0.00159159 0.00171664 0.00184264 0.00196885 0.00209451 0.00221883 0.00234099 0.00246016 0.00257552 0.00268625 0.00279154 0.00289062 0.00298274 0.0030672 0.00314335 0.0032106 0.00326843 0.00331638 0.00335407 0.00338121 0.00339758 0.00340305 0.00339758 0.00338121 0.00335407 0.00331638 0.00326843 0.0032106 0.00314335 0.0030672 0.00298274 0.00289062 0.00279154 0.00268625 0.00257552 0.00246016 0.00234099 0.00221883 0.00209451 0.00196885 0.00184264 0.00171664 0.00159159 0.00146821 0.00134717 0.00122908 0.00111455 0.00100414 0.000898351 0.000797667 0.000702518 0.000613291 0.000530312 0.000453849 0.000384094 0.000321154 0.000265045 0.000215679 0.000172866 0.000136312 0.000105623 8.03253e-05 5.9876e-05 4.36902e-05 3.11638e-05 2.16988e-05 1.47271e-05 9.72852e-06 6.24564e-06 3.89087e-06 2.34851e-06 1.37136e-06 7.73513e-07 4.20815e-07 2.20491e-07 1.11111e-07 5.37777e-08 2.49675e-08 1.11059e-08 4.7278e-09 1.92416e-09 7.47995e-10 2.775e-10 9.81763e-11 3.31005e-11 1.06288e-11 3.2488e-12 9.44807e-13 2.6131e-13 6.8706e-14 1.71672e-14 4.07501e-15 9.18625e-16 1.96604e-16 3.99352e-17 7.69635e-18 1.40681e-18 2.43807e-19 4.00455e-20 6.23124e-21 9.18137e-22 1.28036e-22 1.68892e-23 2.10606e-24 2.48095e-25 2.75883e-26 2.89352e-27 2.85972e-28 2.66051e-29 2.32733e-30 1.91184e-31 1.47276e-32 1.06223e-33 7.1606e-35 4.50269e-36 2.63531e-37 1.43202e-38 7.20466e-40 3.34532e-41 1.42744e-42 2.94499e-44 
0 1.42838e-42 3.38476e-41 7.36635e-40 1.47975e-38 2.75246e-37 4.75406e-36 7.64359e-35 1.1465e-33 1.6075e-32 2.1105e-31 2.59872e-30 3.0053e-29 3.26829e-28 3.34621e-27 3.22873e-26 2.93871e-25 2.52518e-24 2.05005e-23 1.5735e-22 1.14253e-21 7.85241e-21 5.11084e-20 3.1516e-19 1.84204e-18 1.02084e-17 5.36612e-17 2.67637e-16 1.26692e-15 5.69373e-15 2.43008e-14 9.85249e-14 3.79587e-13 1.39014e-12 4.84106e-12 1.60374e-11 5.05624e-11 1.51789e-10 4.34126e-10 1.18367e-09 3.0789e-09 7.64647e-09 1.81475e-08 4.11996e-08 8.95698e-08 1.86695e-07 3.73556e-07 7.18476e-07 1.33019e-06 2.37411e-06 4.09095e-06 6.81639e-06 1.09994e-05 1.72166e-05 2.61799e-05 3.87345e-05 5.58473e-05 7.85826e-05 0.00010807 0.000145462 0.000191894 0.000248433 0.000316045 0.000395558 0.000487635 0.000592768 0.000711264 0.000843255 0.000988705 0.00114742 0.00131907 0.0015032 0.00169922 0.00190644 0.00212407 0.00235123 0.0025869 0.00282999 0.00307931 0.00333356 0.00359135 0.00385119 0.00411153 0.00437075 0.00462718 0.00487909 0.00512477 0.00536249 0.00559055 0.00580729 0.00601111 0.00620051 0.00637405 0.00653042 0.00666845 0.00678707 0.00688539 0.00696265 0.00701826 0.0070518 0.00706301 0.0070518 0.00701826 0.00696265 0.00688539 0.00678707 0.00666845 0.00653042 0.00637405 0.00620051 0.00601111 0.00580729 0.00559055 0.00536249 0.00512477 0.00487909 0.00462718 0.00437075 0.00411153 0.00385119 0.00359135 0.00333356 0.00307931 0.00282999 0.0025869 0.00235123 0.00212407 0.00190644 0.00169922 0.0015032 0.00131907 0.00114742 0.000988705 0.000843255 0.000711264 0.000592768 0.000487635 0.000395558 0.000316045 0.000248433 0.000191894 0.000145462 0.00010807 7.85826e-05 5.58473e-05 3.87345e-05 2.61799e-05 1.72166e-05 1.09994e-05 6.81639e-06 4.09095e-06 2.37411e-06 1.33019e-06 7.18476e-07 3.73556e-07 1.86695e-07 8.95698e-08 4.11996e-08 1.81475e-08 7.64647e-09 3.0789e-09 1.18367e-09 4.34126e-10 1.51789e-10 5.05624e-11 1.60374e-11 4.84106e-12 1.39014e-12 3.79587e-13 9.85249e-14 2.43008e-14 5.69373e-15 1.26692e-15 2.67637e-16 5.36612e-17 1.02084e-17 1.84204e-18 3.1516e-19 5.11084e-20 7.85241e-21 1.14253e-21 1.5735e-22 2.05005e-23 2.52518e-24 2.93871e-25 3.22873e-26 3.34621e-27 3.26829e-28 3.0053e-29 2.59872e-30 2.1105e-31 1.6075e-32 1.1465e-33 7.64359e-35 4.75406e-36 2.75246e-37 1.47975e-38 7.36634e-40 3.38217e-41 7.61717e-43 
0 3.34532e-41 7.36635e-40 1.49494e-38 2.80951e-37 4.9033e-36 7.96663e-35 1.20766e-33 1.7114e-32 2.27119e-31 2.82706e-30 3.30526e-29 3.63425e-28 3.76234e-27 3.67095e-26 3.3789e-25 2.93637e-24 2.41105e-23 1.87178e-22 1.37473e-21 9.55723e-21 6.29226e-20 3.92495e-19 2.32053e-18 1.30083e-17 6.91636e-17 3.48891e-16 1.67025e-15 7.59045e-15 3.2754e-14 1.34242e-13 5.22704e-13 1.93417e-12 6.80365e-12 2.27588e-11 7.24247e-11 2.19357e-10 6.32648e-10 1.7385e-09 4.5549e-09 1.13868e-08 2.71841e-08 6.20341e-08 1.35459e-07 2.83365e-07 5.6858e-07 1.09579e-06 2.03129e-06 3.6272e-06 6.2489e-06 1.0403e-05 1.67624e-05 2.6185e-05 3.97208e-05 5.86056e-05 8.42398e-05 0.000118151 0.000161949 0.000217263 0.000285692 0.000368742 0.000467785 0.000584016 0.000718435 0.00087183 0.00104478 0.00123765 0.00145063 0.00168368 0.00193663 0.00220909 0.00250053 0.00281022 0.00313725 0.00348052 0.00383873 0.00421039 0.0045938 0.00498706 0.00538809 0.00579462 0.00620426 0.00661447 0.00702261 0.00742599 0.00782187 0.0082075 0.00858018 0.00893726 0.00927617 0.00959447 0.00988987 0.0101602 0.0104035 0.0106181 0.0108023 0.0109549 0.0110747 0.0111609 0.0112129 0.0112303 0.0112129 0.0111609 0.0110747 0.0109549 0.0108023 0.0106181 0.0104035 0.0101602 0.00988987 0.00959447 0.00927617 0.00893726 0.00858018 0.0082075 0.00782187 0.00742599 0.00702261 0.00661447 0.00620426 0.00579462 0.00538809 0.00498706 0.0045938 0.00421039 0.00383873 0.00348052 0.00313725 0.00281022 0.00250053 0.00220909 0.00193663 0.00168368 0.00145063 0.00123765 0.00104478 0.00087183 0.000718435 0.000584016 0.000467785 0.000368742 0.000285692 0.000217263 0.000161949 0.000118151 8.42398e-05 5.86056e-05 3.97208e-05 2.6185e-05 1.67624e-05 1.0403e-05 6.2489e-06 3.6272e-06 2.03129e-06 1.09579e-06 5.6858e-07 2.83365e-07 1.35459e-07 6.20341e-08 2.71841e-08 1.13868e-08 4.5549e-09 1.7385e-09 6.32648e-10 2.19357e-10 7.24247e-11 2.27588e-11 6.80365e-12 1.93417e-12 5.22704e-13 1.34242e-13 3.2754e-14 7.59045e-15 1.67025e-15 3.48891e-16 6.91636e-17 1.30083e-17 2.32053e-18 3.92495e-19 6.29226e-20 9.55723e-21 1.37473e-21 1.87178e-22 2.41105e-23 2.93637e-24 3.3789e-25 3.67095e-26 3.76234e-27 3.63425e-28 3.30526e-29 2.82706e-30 2.27119e-31 1.7114e-32 1.20766e-33 7.96663e-35 4.9033e-36 2.80951e-37 1.49494e-38 7.35989e-40 1.80242e-41 
0 7.20466e-40 1.47975e-38 2.80951e-37 4.95407e-36 8.13319e-35 1.2459e-33 1.78434e-32 2.39336e-31 3.01129e-30 3.55896e-29 3.9561e-28 4.14075e-27 4.08506e-26 3.80212e-25 3.34131e-24 2.77456e-23 2.17844e-22 1.61819e-21 1.13783e-20 7.57696e-20 4.78044e-19 2.85866e-18 1.62079e-17 8.71558e-17 4.44623e-16 2.15241e-15 9.89018e-15 4.31448e-14 1.7873e-13 7.03261e-13 2.629e-12 9.33981e-12 3.15419e-11 1.01295e-10 3.09465e-10 8.9981e-10 2.49135e-09 6.57242e-09 1.6532e-08 3.96808e-08 9.09661e-08 1.99371e-07 4.18229e-07 8.40754e-07 1.62183e-06 3.00635e-06 5.3633e-06 9.22294e-06 1.53131e-05 2.45894e-05 3.82531e-05 5.77522e-05 8.4763e-05 0.000121151 0.000168914 0.000230116 0.000306817 0.000401001 0.000514523 0.000649066 0.000806115 0.000986947 0.00119263 0.00142405 0.00168188 0.00196662 0.0022786 0.00261794 0.00298457 0.00337815 0.00379812 0.0042436 0.00471341 0.00520602 0.0057196 0.00625191 0.00680045 0.00736236 0.00793453 0.00851358 0.00909597 0.00967798 0.0102558 0.0108256 0.0113834 0.0119256 0.0124483 0.012948 0.0134211 0.0138646 0.0142753 0.0146505 0.0149876 0.0152844 0.0155389 0.0157495 0.0159147 0.0160335 0.0161051 0.016129 0.0161051 0.0160335 0.0159147 0.0157495 0.0155389 0.0152844 0.0149876 0.0146505 0.0142753 0.0138646 0.0134211 0.012948 0.0124483 0.0119256 0.0113834 0.0108256 0.0102558 0.00967798 0.00909597 0.00851358 0.00793453 0.00736236 0.00680045 0.00625191 0.0057196 0.00520602 0.00471341 0.0042436 0.00379812 0.00337815 0.00298457 0.00261794 0.0022786 0.00196662 0.00168188 0.00142405 0.00119263 0.000986947 0.000806115 0.000649066 0.000514523 0.000401001 0.000306817 0.000230116 0.000168914 0.000121151 8.4763e-05 5.77522e-05 3.82531e-05 2.45894e-05 1.53131e-05 9.22294e-06 5.3633e-06 3.00635e-06 1.62183e-06 8.40754e-07 4.18229e-07 1.99371e-07 9.09661e-08 3.96808e-08 1.6532e-08 6.57242e-09 2.49135e-09 8.9981e-10 3.09465e-10 1.01295e-10 3.15419e-11 9.33981e-12 2.629e-12 7.03261e-13 1.7873e-13 4.31448e-14 9.89018e-15 2.15241e-15 4.44623e-16 8.71558e-17 1.62079e-17 2.85866e-18 4.78044e-19 7.57696e-20 1.13783e-20 1.61819e-21 2.17844e-22 2.77456e-23 3.34131e-24 3.80212e-25 4.08506e-26 4.14075e-27 3.9561e-28 3.55896e-29 3.01129e-30 2.39336e-31 1.78434e-32 1.2459e-33 8.13319e-35 4.95407e-36 2.8095e-37 1.47827e-38 3.92264e-40 
0 1.43202e-38 2.75246e-37 4.9033e-36 8.13319e-35 1.25891e-33 1.82197e-32 2.46978e-31 3.14071e-30 3.75197e-29 4.216e-28 4.46109e-27 4.44961e-26 4.18737e-25 3.72095e-24 3.12447e-23 2.48083e-22 1.86366e-21 1.32531e-20 8.92579e-20 5.69557e-19 3.44467e-18 1.97523e-17 1.07418e-16 5.54164e-16 2.71269e-15 1.26026e-14 5.55781e-14 2.32711e-13 9.25307e-13 3.49462e-12 1.25388e-11 4.27525e-11 1.38561e-10 4.27013e-10 1.25178e-09 3.49221e-09 9.27673e-09 2.34792e-08 5.6661e-08 1.30485e-07 2.8703e-07 6.03743e-07 1.21577e-06 2.3469e-06 4.34911e-06 7.74868e-06 1.32947e-05 2.20032e-05 3.5189e-05 5.44781e-05 8.17943e-05 0.000119319 0.000169425 0.000234597 0.00031734 0.000420101 0.000545195 0.000694762 0.000870747 0.0010749 0.00130878 0.0015738 0.00187122 0.00220217 0.00256765 0.00296848 0.00340527 0.00387836 0.00438777 0.00493314 0.00551365 0.00612801 0.00677439 0.00745049 0.00815344 0.00887994 0.00962621 0.0103881 0.0111612 0.0119407 0.0127217 0.0134993 0.0142683 0.0150237 0.0157607 0.0164743 0.01716 0.0178133 0.0184301 0.0190065 0.019539 0.0200242 0.0204593 0.0208416 0.0211689 0.0214393 0.0216512 0.0218035 0.0218952 0.0219258 0.0218952 0.0218035 0.0216512 0.0214393 0.0211689 0.0208416 0.0204593 0.0200242 0.019539 0.0190065 0.0184301 0.0178133 0.01716 0.0164743 0.0157607 0.0150237 0.0142683 0.0134993 0.0127217 0.0119407 0.0111612 0.0103881 0.00962621 0.00887994 0.00815344 0.00745049 0.00677439 0.00612801 0.00551365 0.00493314 0.00438777 0.00387836 0.00340527 0.00296848 0.00256765 0.00220217 0.00187122 0.0015738 0.00130878 0.0010749 0.000870747 0.000694762 0.000545195 0.000420101 0.00031734 0.000234597 0.000169425 0.000119319 8.17943e-05 5.44781e-05 3.5189e-05 2.20032e-05 1.32947e-05 7.74868e-06 4.34911e-06 2.3469e-06 1.21577e-06 6.03743e-07 2.8703e-07 1.30485e-07 5.6661e-08 2.34792e-08 9.27673e-09 3.49221e-09 1.25178e-09 4.27013e-10 1.38561e-10 4.27525e-11 1.25388e-11 3.49462e-12 9.25307e-13 2.32711e-13 5.55781e-14 1.26026e-14 2.71269e-15 5.54164e-16 1.07418e-16 1.97523e-17 3.44467e-18 5.69557e-19 8.92579e-20 1.32531e-20 1.86366e-21 2.48083e-22 3.12447e-23 3.72095e-24 4.18737e-25 4.44961e-26 4.46109e-27 4.216e-28 3.75197e-29 3.14071e-30 2.46978e-31 1.82197e-32 1.25891e-33 8.13319e-35 4.90329e-36 2.74934e-37 7.88033e-39 
0 2.63531e-37 4.75406e-36 7.96663e-35 1.2459e-33 1.82197e-32 2.49579e-31 3.20749e-30 3.87275e-29 4.39864e-28 4.70491e-27 4.74415e-26 4.51371e-25 4.05537e-24 3.44322e-23 2.76452e-22 2.10012e-21 1.51031e-20 1.02868e-19 6.63833e-19 4.06032e-18 2.3546e-17 1.29493e-16 6.75547e-16 3.34375e-15 1.5706e-14 7.00201e-14 2.96333e-13 1.1907e-12 4.54325e-12 1.64644e-11 5.66797e-11 1.85401e-10 5.76388e-10 1.70365e-09 4.78937e-09 1.28119e-08 3.26305e-08 7.91774e-08 1.83181e-07 4.04433e-07 8.52994e-07 1.72059e-06 3.32351e-06 6.15629e-06 1.09523e-05 1.87443e-05 3.09146e-05 4.92239e-05 7.58097e-05 0.000113148 0.000163982 0.000231222 0.000317837 0.000426748 0.000560747 0.00072244 0.000914237 0.00113836 0.0013969 0.00169181 0.00202503 0.00239842 0.00281376 0.00327276 0.0037769 0.00432741 0.00492511 0.00557032 0.00626279 0.0070016 0.00778509 0.00861091 0.00947596 0.0103765 0.0113081 0.0122659 0.0132444 0.014238 0.0152406 0.016246 0.017248 0.0182403 0.0192168 0.0201714 0.0210984 0.0219921 0.0228472 0.0236589 0.0244225 0.0251338 0.0257889 0.0263843 0.0269169 0.0273839 0.0277831 0.0281123 0.02837 0.028555 0.0286664 0.0287036 0.0286664 0.028555 0.02837 0.0281123 0.0277831 0.0273839 0.0269169 0.0263843 0.0257889 0.0251338 0.0244225 0.0236589 0.0228472 0.0219921 0.0210984 0.0201714 0.0192168 0.0182403 0.017248 0.016246 0.0152406 0.014238 0.0132444 0.0122659 0.0113081 0.0103765 0.00947596 0.00861091 0.00778509 0.0070016 0.00626279 0.00557032 0.00492511 0.00432741 0.0037769 0.00327276 0.00281376 0.00239842 0.00202503 0.00169181 0.0013969 0.00113836 0.000914237 0.00072244 0.000560747 0.000426748 0.000317837 0.000231222 0.000163982 0.000113148 7.58097e-05 4.92239e-05 3.09146e-05 1.87443e-05 1.09523e-05 6.15629e-06 3.32351e-06 1.72059e-06 8.52994e-07 4.04433e-07 1.83181e-07 7.91774e-08 3.26305e-08 1.28119e-08 4.78937e-09 1.70365e-09 5.76388e-10 1.85401e-10 5.66797e-11 1.64644e-11 4.54325e-12 1.1907e-12 2.96333e-13 7.00201e-14 1.5706e-14 3.34375e-15 6.75547e-16 1.29493e-16 2.3546e-17 4.06032e-18 6.63833e-19 1.02868e-19 1.51031e-20 2.10012e-21 2.76452e-22 3.44322e-23 4.05537e-24 4.51371e-25 4.74415e-26 4.70491e-27 4.39864e-28 3.87275e-29 3.20749e-30 2.49579e-31 1.82197e-32 1.2459e-33 7.9666e-35 4.74801e-36 1.46601e-37 
0 4.50269e-36 7.64359e-35 1.20766e-33 1.78434e-32 2.46978e-31 3.20749e-30 3.91386e-29 4.4929e-28 4.85753e-27 4.95122e-26 4.7622e-25 4.32569e-24 3.71336e-23 3.01456e-22 2.31566e-21 1.68398e-20 1.15986e-19 7.56919e-19 4.68185e-18 2.74561e-17 1.52694e-16 8.05497e-16 4.03132e-15 1.91444e-14 8.62804e-14 3.69074e-13 1.49865e-12 5.7773e-12 2.11468e-11 7.35064e-11 2.42684e-10 7.61173e-10 2.26865e-09 6.42733e-09 1.7316e-08 4.43839e-08 1.08298e-07 2.51733e-07 5.57875e-07 1.17986e-06 2.38396e-06 4.60769e-06 8.53079e-06 1.51524e-05 2.58632e-05 4.24979e-05 6.7353e-05 0.00010316 0.000153011 0.000220244 0.000308308 0.000420627 0.000560496 0.000731014 0.000935075 0.0011754 0.00145462 0.00177534 0.00214019 0.0025519 0.00301323 0.00352691 0.00409553 0.00472139 0.0054063 0.00615147 0.00695731 0.00782335 0.00874818 0.00972942 0.0107637 0.0118468 0.0129737 0.0141385 0.0153351 0.0165564 0.0177955 0.0190448 0.0202971 0.0215448 0.0227805 0.023997 0.0251874 0.026345 0.0274634 0.0285367 0.0295592 0.0305259 0.0314319 0.032273 0.0330453 0.0337452 0.0343698 0.0349162 0.0353824 0.0357664 0.0360666 0.0362818 0.0364113 0.0364545 0.0364113 0.0362818 0.0360666 0.0357664 0.0353824 0.0349162 0.0343698 0.0337452 0.0330453 0.032273 0.0314319 0.0305259 0.0295592 0.0285367 0.0274634 0.026345 0.0251874 0.023997 0.0227805 0.0215448 0.0202971 0.0190448 0.0177955 0.0165564 0.0153351 0.0141385 0.0129737 0.0118468 0.0107637 0.00972942 0.00874818 0.00782335 0.00695731 0.00615147 0.0054063 0.00472139 0.00409553 0.00352691 0.00301323 0.0025519 0.00214019 0.00177534 0.00145462 0.0011754 0.000935075 0.000731014 0.000560496 0.000420627 0.000308308 0.000220244 0.000153011 0.00010316 6.7353e-05 4.24979e-05 2.58632e-05 1.51524e-05 8.53079e-06 4.60769e-06 2.38396e-06 1.17986e-06 5.57875e-07 2.51733e-07 1.08298e-07 4.43839e-08 1.7316e-08 6.42733e-09 2.26865e-09 7.61173e-10 2.42684e-10 7.35064e-11 2.11468e-11 5.7773e-12 1.49865e-12 3.69074e-13 8.62804e-14 1.91444e-14 4.03132e-15 8.05497e-16 1.52694e-16 2.74561e-17 4.68185e-18 7.56919e-19 1.15986e-19 1.68398e-20 2.31566e-21 3.01456e-22 3.71336e-23 4.32569e-24 4.7622e-25 4.95122e-26 4.85753e-27 4.4929e-28 3.91386e-29 3.20749e-30 2.46978e-31 1.78434e-32 1.20766e-33 7.63273e-35 2.53268e-36 
0 7.1606e-35 1.1465e-33 1.7114e-32 2.39336e-31 3.14071e-30 3.87275e-29 4.4929e-28 4.90949e-27 5.0581e-26 4.9178e-25 4.5158e-24 3.91916e-23 3.21678e-22 2.49842e-21 1.83713e-20 1.27949e-19 8.44349e-19 5.28123e-18 3.13184e-17 1.76124e-16 9.39467e-16 4.754e-15 2.28251e-14 1.03991e-13 4.49619e-13 1.84502e-12 7.18627e-12 2.65696e-11 9.32589e-11 3.10792e-10 9.83535e-10 2.9562e-09 8.44135e-09 2.29067e-08 5.90965e-08 1.45021e-07 3.38717e-07 7.53542e-07 1.59819e-06 3.23486e-06 6.25619e-06 1.15767e-05 2.0528e-05 3.49405e-05 5.71911e-05 9.0199e-05 0.00013736 0.00020242 0.000289316 0.000402 0.000544302 0.00071984 0.000932012 0.00118406 0.00147917 0.00182061 0.00221183 0.00265652 0.00315855 0.00372192 0.00435052 0.00504794 0.00581722 0.00666057 0.00757922 0.00857324 0.00964146 0.0107815 0.0119896 0.0132611 0.0145901 0.01597 0.0173934 0.0188524 0.0203387 0.0218438 0.0233589 0.0248753 0.0263846 0.0278782 0.0293481 0.0307866 0.0321861 0.0335398 0.0348411 0.036084 0.0372629 0.0383728 0.0394091 0.0403678 0.0412451 0.042038 0.0427437 0.0433597 0.0438842 0.0443154 0.0446522 0.0448934 0.0450384 0.0450868 0.0450384 0.0448934 0.0446522 0.0443154 0.0438842 0.0433597 0.0427437 0.042038 0.0412451 0.0403678 0.0394091 0.0383728 0.0372629 0.036084 0.0348411 0.0335398 0.0321861 0.0307866 0.0293481 0.0278782 0.0263846 0.0248753 0.0233589 0.0218438 0.0203387 0.0188524 0.0173934 0.01597 0.0145901 0.0132611 0.0119896 0.0107815 0.00964146 0.00857324 0.00757922 0.00666057 0.00581722 0.00504794 0.00435052 0.00372192 0.00315855 0.00265652 0.00221183 0.00182061 0.00147917 0.00118406 0.000932012 0.00071984 0.000544302 0.000402 0.000289316 0.00020242 0.00013736 9.0199e-05 5.71911e-05 3.49405e-05 2.0528e-05 1.15767e-05 6.25619e-06 3.23486e-06 1.59819e-06 7.53542e-07 3.38717e-07 1.45021e-07 5.90965e-08 2.29067e-08 8.44135e-09 2.9562e-09 9.83535e-10 3.10792e-10 9.32589e-11 2.65696e-11 7.18627e-12 1.84502e-12 4.49619e-13 1.03991e-13 2.28251e-14 4.754e-15 9.39467e-16 1.76124e-16 3.13184e-17 5.28123e-18 8.44349e-19 1.27949e-19 1.83713e-20 2.49842e-21 3.21678e-22 3.91916e-23 4.5158e-24 4.9178e-25 5.0581e-26 4.90949e-27 4.4929e-28 3.87275e-29 3.14071e-30 2.39336e-31 1.71139e-32 1.14469e-33 4.07334e-35 
0 1.06223e-33 1.6075e-32 2.27119e-31 3.01129e-30 3.75197e-29 4.39864e-28 4.85753e-27 5.0581e-26 4.97078e-25 4.61396e-24 4.04805e-23 3.35904e-22 2.63769e-21 1.96104e-20 1.38098e-19 9.21482e-19 5.82805e-18 3.49473e-17 1.98726e-16 1.07183e-15 5.4839e-15 2.66194e-14 1.226e-13 5.35789e-13 2.22195e-12 8.74437e-12 3.26584e-11 1.15759e-10 3.89435e-10 1.24358e-09 3.7699e-09 1.08512e-08 2.96633e-08 7.70375e-08 1.90154e-07 4.46338e-07 9.96932e-07 2.12063e-06 4.30019e-06 8.32212e-06 1.53916e-05 2.72458e-05 4.62407e-05 7.53845e-05 0.000118296 0.000179082 0.000262152 0.000372006 0.000513038 0.000689418 0.000905068 0.00116374 0.00146918 0.00182533 0.00223648 0.00270735 0.00324309 0.00384914 0.00453091 0.00529353 0.00614144 0.00707811 0.00810568 0.00922486 0.0104348 0.0117329 0.0131154 0.0145767 0.0161104 0.0177088 0.0193636 0.0210657 0.0228055 0.0245733 0.0263592 0.0281532 0.0299455 0.0317264 0.0334866 0.0352171 0.0369094 0.0385555 0.0401478 0.0416795 0.0431443 0.0445363 0.0458504 0.0470821 0.0482274 0.0492826 0.050245 0.0511118 0.051881 0.0525507 0.0531196 0.0535865 0.0539505 0.054211 0.0543674 0.0544196 0.0543674 0.054211 0.0539505 0.0535865 0.0531196 0.0525507 0.051881 0.0511118 0.050245 0.0492826 0.0482274 0.0470821 0.0458504 0.0445363 0.0431443 0.0416795 0.0401478 0.0385555 0.0369094 0.0352171 0.0334866 0.0317264 0.0299455 0.0281532 0.0263592 0.0245733 0.0228055 0.0210657 0.0193636 0.0177088 0.0161104 0.0145767 0.0131154 0.0117329 0.0104348 0.00922486 0.00810568 0.00707811 0.00614144 0.00529353 0.00453091 0.00384914 0.00324309 0.00270735 0.00223648 0.00182533 0.00146918 0.00116374 0.000905068 0.000689418 0.000513038 0.000372006 0.000262152 0.000179082 0.000118296 7.53845e-05 4.62407e-05 2.72458e-05 1.53916e-05 8.32212e-06 4.30019e-06 2.12063e-06 9.96932e-07 4.46338e-07 1.90154e-07 7.70375e-08 2.96633e-08 1.08512e-08 3.7699e-09 1.24358e-09 3.89435e-10 1.15759e-10 3.26584e-11 8.74437e-12 2.22195e-12 5.35789e-13 1.226e-13 2.66194e-14 5.4839e-15 1.07183e-15 1.98726e-16 3.49473e-17 5.82805e-18 9.21482e-19 1.38098e-19 1.96104e-20 2.63769e-21 3.35904e-22 4.04805e-23 4.61396e-24 4.97078e-25 5.0581e-26 4.85753e-27 4.39864e-28 3.75197e-29 3.01129e-30 2.27118e-31 1.60469e-32 6.11235e-34 
0 1.47276e-32 2.1105e-31 2.82706e-30 3.55896e-29 4.216e-28 4.70491e-27 4.95122e-26 4.9178e-25 4.61396e-24 4.09195e-23 3.43251e-22 2.72495e-21 2.04823e-20 1.45834e-19 9.83904e-19 6.29207e-18 3.81498e-17 2.19351e-16 1.19621e-15 6.188e-15 3.03677e-14 1.41389e-13 6.24572e-13 2.61769e-12 1.04094e-11 3.92736e-11 1.40588e-10 4.77496e-10 1.53878e-09 4.70539e-09 1.36544e-08 3.76077e-08 9.83363e-08 2.4419e-07 5.76117e-07 1.29216e-06 2.75714e-06 5.60188e-06 1.08496e-05 2.00568e-05 3.54436e-05 5.99779e-05 9.73811e-05 0.00015203 0.000228763 0.000332624 0.000468607 0.000641471 0.00085568 0.00111549 0.00142518 0.00178931 0.00221297 0.00270197 0.0032628 0.00390248 0.00462818 0.00544679 0.00636441 0.00738592 0.00851459 0.00975186 0.0110972 0.0125482 0.0141005 0.0157482 0.0174841 0.0192995 0.0211852 0.0231309 0.0251259 0.0271593 0.0292196 0.0312957 0.0333762 0.03545 0.0375064 0.039535 0.0415259 0.0434699 0.0453582 0.047183 0.0489371 0.050614 0.052208 0.0537142 0.0551283 0.0564468 0.0576667 0.0587856 0.0598016 0.0607131 0.0615191 0.0622186 0.0628113 0.0632965 0.0636741 0.0639439 0.0641058 0.0641598 0.0641058 0.0639439 0.0636741 0.0632965 0.0628113 0.0622186 0.0615191 0.0607131 0.0598016 0.0587856 0.0576667 0.0564468 0.0551283 0.0537142 0.052208 0.050614 0.0489371 0.047183 0.0453582 0.0434699 0.0415259 0.039535 0.0375064 0.03545 0.0333762 0.0312957 0.0292196 0.0271593 0.0251259 0.0231309 0.0211852 0.0192995 0.0174841 0.0157482 0.0141005 0.0125482 0.0110972 0.00975186 0.00851459 0.00738592 0.00636441 0.00544679 0.00462818 0.00390248 0.0032628 0.00270197 0.00221297 0.00178931 0.00142518 0.00111549 0.00085568 0.000641471 0.000468607 0.000332624 0.000228763 0.00015203 9.73811e-05 5.99779e-05 3.54436e-05 2.00568e-05 1.08496e-05 5.60188e-06 2.75714e-06 1.29216e-06 5.76117e-07 2.4419e-07 9.83363e-08 3.76077e-08 1.36544e-08 4.70539e-09 1.53878e-09 4.77496e-10 1.40588e-10 3.92736e-11 1.04094e-11 2.61769e-12 6.24572e-13 1.41389e-13 3.03677e-14 6.188e-15 1.19621e-15 2.19351e-16 3.81498e-17 6.29207e-18 9.83904e-19 1.45834e-19 2.04823e-20 2.72495e-21 3.43251e-22 4.09195e-23 4.61396e-24 4.9178e-25 4.95122e-26 4.70491e-27 4.216e-28 3.55896e-29 2.82703e-30 2.10644e-31 8.57449e-33 
0 1.91184e-31 2.59872e-30 3.30526e-29 3.9561e-28 4.46109e-27 4.74415e-26 4.7622e-25 4.5158e-24 4.04805e-23 3.43251e-22 2.75466e-21 2.09327e-20 1.50682e-19 1.02784e-18 6.64588e-18 4.07421e-17 2.36855e-16 1.30599e-15 6.83056e-15 3.38897e-14 1.59511e-13 7.12239e-13 3.01697e-12 1.2123e-11 4.62091e-11 1.6707e-10 5.72932e-10 1.8635e-09 5.74874e-09 1.68208e-08 4.6686e-08 1.2293e-07 3.07161e-07 7.28557e-07 1.64119e-06 3.5134e-06 7.15367e-06 1.38677e-05 2.56272e-05 4.52131e-05 7.62882e-05 0.000123356 0.000191586 0.000286534 0.000413813 0.000578822 0.000786609 0.00104194 0.00134955 0.00171453 0.00214268 0.00264083 0.00321683 0.00387936 0.00463751 0.00550017 0.00647536 0.00756962 0.00878753 0.0101314 0.0116013 0.0131949 0.0149076 0.0167331 0.0186635 0.0206896 0.022801 0.0249865 0.0272342 0.0295317 0.0318663 0.0342251 0.0365951 0.0389634 0.0413174 0.043645 0.0459345 0.048175 0.0503565 0.0524699 0.0545069 0.0564603 0.0583239 0.0600924 0.0617616 0.063328 0.0647889 0.0661424 0.0673873 0.0685227 0.0695484 0.0704642 0.0712706 0.0719678 0.0725564 0.0730371 0.0734103 0.0736765 0.0738361 0.0738892 0.0738361 0.0736765 0.0734103 0.0730371 0.0725564 0.0719678 0.0712706 0.0704642 0.0695484 0.0685227 0.0673873 0.0661424 0.0647889 0.063328 0.0617616 0.0600924 0.0583239 0.0564603 0.0545069 0.0524699 0.0503565 0.048175 0.0459345 0.043645 0.0413174 0.0389634 0.0365951 0.0342251 0.0318663 0.0295317 0.0272342 0.0249865 0.022801 0.0206896 0.0186635 0.0167331 0.0149076 0.0131949 0.0116013 0.0101314 0.00878753 0.00756962 0.00647536 0.00550017 0.00463751 0.00387936 0.00321683 0.00264083 0.00214268 0.00171453 0.00134955 0.00104194 0.000786609 0.000578822 0.000413813 0.000286534 0.000191586 0.000123356 7.62882e-05 4.52131e-05 2.56272e-05 1.38677e-05 7.15367e-06 3.5134e-06 1.64119e-06 7.28557e-07 3.07161e-07 1.2293e-07 4.6686e-08 1.68208e-08 5.74874e-09 1.8635e-09 5.72932e-10 1.6707e-10 4.62091e-11 1.2123e-11 3.01697e-12 7.12239e-13 1.59511e-13 3.38897e-14 6.83056e-15 1.30599e-15 2.36855e-16 4.07421e-17 6.64588e-18 1.02784e-18 1.50682e-19 2.09327e-20 2.75466e-21 3.43251e-22 4.04805e-23 4.5158e-24 4.7622e-25 4.74415e-26 4.46109e-27 3.9561e-28 3.30522e-29 2.59325e-30 1.12646e-31 
0 2.32733e-30 3.0053e-29 3.63425e-28 4.14075e-27 4.44961e-26 4.51371e-25 4.32569e-24 3.91916e-23 3.35904e-22 2.72495e-21 2.09327e-20 1.52333e-19 1.05054e-18 6.8676e-18 4.2567e-17 2.50205e-16 1.39486e-15 7.37594e-15 3.69981e-14 1.76045e-13 7.94584e-13 3.40183e-12 1.38137e-11 5.31979e-11 1.9428e-10 6.72765e-10 2.20884e-09 6.87537e-09 2.02881e-08 5.67542e-08 1.5052e-07 3.78524e-07 9.02826e-07 2.0431e-06 4.38922e-06 8.95796e-06 1.73847e-05 3.21203e-05 5.65829e-05 9.5204e-05 0.00015332 0.0002369 0.000352168 0.000505212 0.000701738 0.000947047 0.00124629 0.00160497 0.00202941 0.00252727 0.00310766 0.00378095 0.00455826 0.00545068 0.00646842 0.00761995 0.00891145 0.0103464 0.0119254 0.0136466 0.0155055 0.0174954 0.0196081 0.0218338 0.0241614 0.0265787 0.0290726 0.0316294 0.0342346 0.0368732 0.0395303 0.0421905 0.044839 0.0474612 0.0500435 0.0525728 0.0550373 0.0574264 0.0597306 0.061942 0.0640537 0.0660602 0.0679574 0.0697421 0.0714123 0.0729668 0.0744053 0.0757282 0.0769362 0.0780308 0.0790134 0.0798858 0.08065 0.0813078 0.0818609 0.0823111 0.0826596 0.0829077 0.0830562 0.0831057 0.0830562 0.0829077 0.0826596 0.0823111 0.0818609 0.0813078 0.08065 0.0798858 0.0790134 0.0780308 0.0769362 0.0757282 0.0744053 0.0729668 0.0714123 0.0697421 0.0679574 0.0660602 0.0640537 0.061942 0.0597306 0.0574264 0.0550373 0.0525728 0.0500435 0.0474612 0.044839 0.0421905 0.0395303 0.0368732 0.0342346 0.0316294 0.0290726 0.0265787 0.0241614 0.0218338 0.0196081 0.0174954 0.0155055 0.0136466 0.0119254 0.0103464 0.00891145 0.00761995 0.00646842 0.00545068 0.00455826 0.00378095 0.00310766 0.00252727 0.00202941 0.00160497 0.00124629 0.000947047 0.000701738 0.000505212 0.000352168 0.0002369 0.00015332 9.5204e-05 5.65829e-05 3.21203e-05 1.73847e-05 8.95796e-06 4.38922e-06 2.0431e-06 9.02826e-07 3.78524e-07 1.5052e-07 5.67542e-08 2.02881e-08 6.87537e-09 2.20884e-09 6.72765e-10 1.9428e-10 5.31979e-11 1.38137e-11 3.40183e-12 7.94584e-13 1.76045e-13 3.69981e-14 7.37594e-15 1.39486e-15 2.50205e-16 4.2567e-17 6.8676e-18 1.05054e-18 1.52333e-19 2.09327e-20 2.72495e-21 3.35904e-22 3.91916e-23 4.32569e-24 4.51371e-25 4.44961e-26 4.14075e-27 3.63421e-28 2.9984e-29 1.3881e-30 
0 2.66051e-29 3.26829e-28 3.76234e-27 4.08506e-26 4.18737e-25 4.05537e-24 3.71336e-23 3.21678e-22 2.63769e-21 2.04823e-20 1.50682e-19 1.05054e-18 6.94314e-18 4.35098e-17 2.58571e-16 1.45743e-15 7.79185e-15 3.95143e-14 1.90075e-13 8.67235e-13 3.75279e-12 1.54004e-11 5.99268e-11 2.21083e-10 7.73168e-10 2.56276e-09 8.05004e-09 2.39603e-08 6.75703e-08 1.80541e-07 4.57059e-07 1.0965e-06 2.49347e-06 5.37708e-06 1.10028e-05 2.13822e-05 3.95074e-05 6.9504e-05 0.000116633 0.000187094 0.000287632 0.000425056 0.000605822 0.000835859 0.00112075 0.00146625 0.001879 0.00236721 0.00294098 0.00361224 0.00439418 0.00530027 0.00634314 0.00753358 0.00887964 0.0103862 0.012055 0.0138847 0.0158709 0.0180075 0.0202858 0.0226958 0.0252259 0.0278632 0.0305934 0.0334011 0.0362696 0.0391819 0.04212 0.0450658 0.0480015 0.0509098 0.053774 0.0565789 0.0593104 0.0619562 0.0645054 0.0669491 0.0692799 0.0714923 0.0735821 0.0755468 0.0773851 0.0790967 0.0806827 0.0821446 0.0834848 0.0847063 0.0858124 0.0868064 0.087692 0.0884729 0.0891525 0.0897341 0.0902208 0.0906151 0.0909194 0.0911354 0.0912645 0.0913074 0.0912645 0.0911354 0.0909194 0.0906151 0.0902208 0.0897341 0.0891525 0.0884729 0.087692 0.0868064 0.0858124 0.0847063 0.0834848 0.0821446 0.0806827 0.0790967 0.0773851 0.0755468 0.0735821 0.0714923 0.0692799 0.0669491 0.0645054 0.0619562 0.0593104 0.0565789 0.053774 0.0509098 0.0480015 0.0450658 0.04212 0.0391819 0.0362696 0.0334011 0.0305934 0.0278632 0.0252259 0.0226958 0.0202858 0.0180075 0.0158709 0.0138847 0.012055 0.0103862 0.00887964 0.00753358 0.00634314 0.00530027 0.00439418 0.00361224 0.00294098 0.00236721 0.001879 0.00146625 0.00112075 0.000835859 0.000605822 0.000425056 0.000287632 0.000187094 0.000116633 6.9504e-05 3.95074e-05 2.13822e-05 1.10028e-05 5.37708e-06 2.49347e-06 1.0965e-06 4.57059e-07 1.80541e-07 6.75703e-08 2.39603e-08 8.05004e-09 2.56276e-09 7.73168e-10 2.21083e-10 5.99268e-11 1.54004e-11 3.75279e-12 8.67235e-13 1.90075e-13 3.95143e-14 7.79185e-15 1.45743e-15 2.58571e-16 4.35098e-17 6.94314e-18 1.05054e-18 1.50682e-19 2.04823e-20 2.63769e-21 3.21678e-22 3.71336e-23 4.05537e-24 4.18737e-25 4.08506e-26 3.76228e-27 3.26014e-28 1.6067e-29 
0 2.85972e-28 3.34621e-27 3.67095e-26 3.80212e-25 3.72095e-24 3.44322e-23 3.01456e-22 2.49842e-21 1.96104e-20 1.45834e-19 1.02784e-18 6.8676e-18 4.35098e-17 2.61422e-16 1.48975e-15 8.05253e-15 4.12858e-14 2.00774e-13 9.26031e-13 4.05049e-12 1.67995e-11 6.60575e-11 2.46209e-10 8.69671e-10 2.91062e-09 9.22801e-09 2.77101e-08 7.87957e-08 2.12155e-07 5.40833e-07 1.30543e-06 2.98394e-06 6.46118e-06 1.326e-05 2.58114e-05 4.77063e-05 8.38386e-05 0.000140345 0.000224293 0.000343152 0.000504213 0.000714186 0.000979182 0.00130519 0.0016989 0.00216868 0.00272523 0.00338173 0.00415329 0.00505584 0.00610476 0.00731344 0.00869226 0.010248 0.0119836 0.0138986 0.0159897 0.0182508 0.0206738 0.0232489 0.0259641 0.0288058 0.0317586 0.0348052 0.0379268 0.0411031 0.044313 0.0475349 0.0507475 0.0539298 0.0570623 0.0601265 0.0631062 0.065987 0.0687565 0.0714047 0.0739237 0.0763077 0.0785528 0.0806569 0.0826195 0.0844416 0.0861252 0.0876736 0.0890909 0.0903816 0.0915509 0.0926043 0.0935474 0.0943859 0.0951252 0.0957707 0.0963275 0.0968001 0.0971926 0.0975087 0.0977514 0.097923 0.0980252 0.0980592 0.0980252 0.097923 0.0977514 0.0975087 0.0971926 0.0968001 0.0963275 0.0957707 0.0951252 0.0943859 0.0935474 0.0926043 0.0915509 0.0903816 0.0890909 0.0876736 0.0861252 0.0844416 0.0826195 0.0806569 0.0785528 0.0763077 0.0739237 0.0714047 0.0687565 0.065987 0.0631062 0.0601265 0.0570623 0.0539298 0.0507475 0.0475349 0.044313 0.0411031 0.0379268 0.0348052 0.0317586 0.0288058 0.0259641 0.0232489 0.0206738 0.0182508 0.0159897 0.0138986 0.0119836 0.010248 0.00869226 0.00731344 0.00610476 0.00505584 0.00415329 0.00338173 0.00272523 0.00216868 0.0016989 0.00130519 0.000979182 0.000714186 0.000504213 0.000343152 0.000224293 0.000140345 8.38386e-05 4.77063e-05 2.58114e-05 1.326e-05 6.46118e-06 2.98394e-06 1.30543e-06 5.40833e-07 2.12155e-07 7.87957e-08 2.77101e-08 9.22801e-09 2.91062e-09 8.69671e-10 2.46209e-10 6.60575e-11 1.67995e-11 4.05049e-12 9.26031e-13 2.00774e-13 4.12858e-14 8.05253e-15 1.48975e-15 2.61422e-16 4.35098e-17 6.8676e-18 1.02784e-18 1.45834e-19 1.96104e-20 2.49842e-21 3.01456e-22 3.44322e-23 3.72095e-24 3.80212e-25 3.67088e-26 3.33716e-27 1.74911e-28 
0 2.89352e-27 3.22873e-26 3.3789e-25 3.34131e-24 3.12447e-23 2.76452e-22 2.31566e-21 1.83713e-20 1.38098e-19 9.83904e-19 6.64588e-18 4.2567e-17 2.58571e-16 1.48975e-15 8.14134e-15 4.2201e-14 2.0748e-13 9.67418e-13 4.27743e-12 1.79312e-11 7.12541e-11 2.68339e-10 9.57469e-10 3.23608e-09 1.03574e-08 3.13837e-08 9.00065e-08 2.44269e-07 6.27221e-07 1.5237e-06 3.50209e-06 7.61702e-06 1.56836e-05 3.0591e-05 5.6578e-05 9.93561e-05 0.000165967 0.000264328 0.000402557 0.000588313 0.000828461 0.00112932 0.00149751 0.00194114 0.00247094 0.00310078 0.00384735 0.00472899 0.00576399 0.00696878 0.0083565 0.0099362 0.0117127 0.0136869 0.0158564 0.0182163 0.0207593 0.023476 0.0263548 0.0293815 0.0325396 0.0358098 0.0391706 0.0425983 0.0460681 0.0495543 0.0530314 0.0564746 0.0598607 0.0631682 0.066378 0.0694734 0.0724406 0.0752682 0.0779475 0.0804722 0.0828386 0.0850448 0.087091 0.0889793 0.0907128 0.0922964 0.0937358 0.0950374 0.0962085 0.0972566 0.0981895 0.0990153 0.0997416 0.100376 0.100926 0.101399 0.1018 0.102135 0.10241 0.102629 0.102796 0.102912 0.102982 0.103005 0.102982 0.102912 0.102796 0.102629 0.10241 0.102135 0.1018 0.101399 0.100926 0.100376 0.0997416 0.0990153 0.0981895 0.0972566 0.0962085 0.0950374 0.0937358 0.0922964 0.0907128 0.0889793 0.087091 0.0850448 0.0828386 0.0804722 0.0779475 0.0752682 0.0724406 0.0694734 0.066378 0.0631682 0.0598607 0.0564746 0.0530314 0.0495543 0.0460681 0.0425983 0.0391706 0.0358098 0.0325396 0.0293815 0.0263548 0.023476 0.0207593 0.0182163 0.0158564 0.0136869 0.0117127 0.0099362 0.0083565 0.00696878 0.00576399 0.00472899 0.00384735 0.00310078 0.00247094 0.00194114 0.00149751 0.00112932 0.000828461 0.000588313 0.000402557 0.000264328 0.000165967 9.93561e-05 5.6578e-05 3.0591e-05 1.56836e-05 7.61702e-06 3.50209e-06 1.5237e-06 6.27221e-07 2.44269e-07 9.00065e-08 3.13837e-08 1.03574e-08 3.23608e-09 9.57469e-10 2.68339e-10 7.12541e-11 1.79312e-11 4.27743e-12 9.67418e-13 2.0748e-13 4.2201e-14 8.14134e-15 1.48975e-15 2.58571e-16 4.2567e-17 6.64588e-18 9.83904e-19 1.38098e-19 1.83713e-20 2.31566e-21 2.76452e-22 3.12447e-23 3.34131e-24 3.37883e-25 3.2193e-26 1.79294e-27 
0 2.75883e-26 2.93871e-25 2.93637e-24 2.77456e-23 2.48083e-22 2.10012e-21 1.68398e-20 1.27949e-19 9.21482e-19 6.29207e-18 4.07421e-17 2.50205e-16 1.45743e-15 8.05253e-15 4.2201e-14 2.09764e-13 9.88797e-13 4.41963e-12 1.87276e-11 7.52132e-11 2.86225e-10 1.0318e-09 3.52229e-09 1.13827e-08 3.48113e-08 1.00717e-07 2.7559e-07 7.13008e-07 1.74387e-06 4.03174e-06 8.81168e-06 1.82109e-05 3.56073e-05 6.5927e-05 0.000115735 0.000192988 0.000306419 0.000464703 0.000675748 0.000946516 0.00128363 0.00169468 0.00218979 0.00278272 0.00349108 0.00433525 0.00533651 0.0065147 0.00788626 0.00946311 0.0112523 0.0132567 0.0154754 0.0179049 0.0205392 0.0233701 0.0263867 0.0295748 0.0329168 0.0363916 0.0399745 0.0436383 0.0473539 0.0510911 0.0548199 0.0585113 0.0621381 0.0656753 0.0691008 0.0723955 0.0755432 0.078531 0.081349 0.0839902 0.0864502 0.0887274 0.0908223 0.0927377 0.0944781 0.0960495 0.0974596 0.0987166 0.0998301 0.10081 0.101666 0.10241 0.10305 0.103598 0.104063 0.104455 0.104782 0.105052 0.105273 0.10545 0.105591 0.105699 0.105779 0.105834 0.105866 0.105877 0.105866 0.105834 0.105779 0.105699 0.105591 0.10545 0.105273 0.105052 0.104782 0.104455 0.104063 0.103598 0.10305 0.10241 0.101666 0.10081 0.0998301 0.0987166 0.0974596 0.0960495 0.0944781 0.0927377 0.0908223 0.0887274 0.0864502 0.0839902 0.081349 0.078531 0.0755432 0.0723955 0.0691008 0.0656753 0.0621381 0.0585113 0.0548199 0.0510911 0.0473539 0.0436383 0.0399745 0.0363916 0.0329168 0.0295748 0.0263867 0.0233701 0.0205392 0.0179049 0.0154754 0.0132567 0.0112523 0.00946311 0.00788626 0.0065147 0.00533651 0.00433525 0.00349108 0.00278272 0.00218979 0.00169468 0.00128363 0.000946516 0.000675748 0.000464703 0.000306419 0.000192988 0.000115735 6.5927e-05 3.56073e-05 1.82109e-05 8.81168e-06 4.03174e-06 1.74387e-06 7.13008e-07 2.7559e-07 1.00717e-07 3.48113e-08 1.13827e-08 3.52229e-09 1.0318e-09 2.86225e-10 7.52132e-11 1.87276e-11 4.41963e-12 9.88797e-13 2.09764e-13 4.2201e-14 8.05253e-15 1.45743e-15 2.50205e-16 4.07421e-17 6.29207e-18 9.21482e-19 1.27949e-19 1.68398e-20 2.10012e-21 2.48083e-22 2.77456e-23 2.93629e-24 2.92948e-25 1.73234e-26 
0 2.48095e-25 2.52518e-24 2.41105e-23 2.17844e-22 1.86366e-21 1.51031e-20 1.15986e-19 8.44349e-19 5.82805e-18 3.81498e-17 2.36855e-16 1.39486e-15 7.79185e-15 4.12858e-14 2.0748e-13 9.88797e-13 4.46806e-12 1.91388e-11 7.76929e-11 2.98804e-10 1.08839e-09 3.75333e-09 1.22494e-08 3.78186e-08 1.10412e-07 3.047e-07 7.94561e-07 1.95727e-06 4.55361e-06 1.00051e-05 2.07636e-05 4.07175e-05 7.55069e-05 0.000132572 0.00022078 0.000349629 0.000528253 0.000764708 0.00106604 0.00143935 0.00189365 0.00244169 0.00310093 0.00389307 0.00484208 0.00597146 0.00730156 0.00884781 0.0106202 0.0126238 0.0148598 0.0173265 0.0200201 0.0229339 0.0260583 0.0293798 0.0328801 0.0365363 0.0403208 0.0442026 0.048148 0.0521221 0.0560903 0.060019 0.0638766 0.0676345 0.071267 0.0747518 0.0780702 0.0812069 0.0841499 0.0868909 0.0894247 0.091749 0.0938646 0.0957747 0.097485 0.0990031 0.100338 0.101501 0.102504 0.103359 0.104079 0.104677 0.105167 0.10556 0.10587 0.106108 0.106285 0.106411 0.106497 0.106551 0.10658 0.106591 0.106591 0.106584 0.106574 0.106565 0.106559 0.106556 0.106559 0.106565 0.106574 0.106584 0.106591 0.106591 0.10658 0.106551 0.106497 0.106411 0.106285 0.106108 0.10587 0.10556 0.105167 0.104677 0.104079 0.103359 0.102504 0.101501 0.100338 0.0990031 0.097485 0.0957747 0.0938646 0.091749 0.0894247 0.0868909 0.0841499 0.0812069 0.0780702 0.0747518 0.071267 0.0676345 0.0638766 0.060019 0.0560903 0.0521221 0.048148 0.0442026 0.0403208 0.0365363 0.0328801 0.0293798 0.0260583 0.0229339 0.0200201 0.0173265 0.0148598 0.0126238 0.0106202 0.00884781 0.00730156 0.00597146 0.00484208 0.00389307 0.00310093 0.00244169 0.00189365 0.00143935 0.00106604 0.000764708 0.000528253 0.000349629 0.00022078 0.000132572 7.55069e-05 4.07175e-05 2.07636e-05 1.00051e-05 4.55361e-06 1.95727e-06 7.94561e-07 3.047e-07 1.10412e-07 3.78186e-08 1.22494e-08 3.75333e-09 1.08839e-09 2.98804e-10 7.76929e-11 1.91388e-11 4.46806e-12 9.88797e-13 2.0748e-13 4.12858e-14 7.79185e-15 1.39486e-15 2.36855e-16 3.81498e-17 5.82805e-18 8.44349e-19 1.15986e-19 1.51031e-20 1.86366e-21 2.17844e-22 2.41098e-23 2.51667e-24 1.57916e-25 
0 2.10606e-24 2.05005e-23 1.87178e-22 1.61819e-21 1.32531e-20 1.02868e-19 7.56919e-19 5.28123e-18 3.49473e-17 2.19351e-16 1.30599e-15 7.37594e-15 3.95143e-14 2.00774e-13 9.67418e-13 4.41963e-12 1.91388e-11 7.85375e-11 3.05298e-10 1.12381e-09 3.91566e-09 1.29083e-08 4.0242e-08 1.18586e-07 3.3016e-07 8.68073e-07 2.15454e-06 5.04636e-06 1.11519e-05 2.32522e-05 4.57556e-05 8.50298e-05 0.000149397 0.000248619 0.000392901 0.000591742 0.000853269 0.00118464 0.0015937 0.00209138 0.0026937 0.00342234 0.00430321 0.00536336 0.00662756 0.00811556 0.00984099 0.0118118 0.0140315 0.0165008 0.0192182 0.0221797 0.0253777 0.0287999 0.0324283 0.0362385 0.0402004 0.0442791 0.0484365 0.0526329 0.0568289 0.0609861 0.0650684 0.0690428 0.0728796 0.0765525 0.0800392 0.0833211 0.0863836 0.089216 0.0918114 0.0941669 0.096283 0.0981636 0.0998154 0.101248 0.102473 0.103503 0.104353 0.105038 0.105575 0.105979 0.106266 0.106451 0.106551 0.106578 0.106546 0.106468 0.106356 0.106219 0.106067 0.105909 0.105753 0.105605 0.10547 0.105353 0.105258 0.105189 0.105146 0.105132 0.105146 0.105189 0.105258 0.105353 0.10547 0.105605 0.105753 0.105909 0.106067 0.106219 0.106356 0.106468 0.106546 0.106578 0.106551 0.106451 0.106266 0.105979 0.105575 0.105038 0.104353 0.103503 0.102473 0.101248 0.0998154 0.0981636 0.096283 0.0941669 0.0918114 0.089216 0.0863836 0.0833211 0.0800392 0.0765525 0.0728796 0.0690428 0.0650684 0.0609861 0.0568289 0.0526329 0.0484365 0.0442791 0.0402004 0.0362385 0.0324283 0.0287999 0.0253777 0.0221797 0.0192182 0.0165008 0.0140315 0.0118118 0.00984099 0.00811556 0.00662756 0.00536336 0.00430321 0.00342234 0.0026937 0.00209138 0.0015937 0.00118464 0.000853269 0.000591742 0.000392901 0.000248619 0.000149397 8.50298e-05 4.57556e-05 2.32522e-05 1.11519e-05 5.04636e-06 2.15454e-06 8.68073e-07 3.3016e-07 1.18586e-07 4.0242e-08 1.29083e-08 3.91566e-09 1.12381e-09 3.05298e-10 7.85375e-11 1.91388e-11 4.41963e-12 9.67418e-13 2.00774e-13 3.95143e-14 7.37594e-15 1.30599e-15 2.19351e-16 3.49473e-17 5.28123e-18 7.56919e-19 1.02868e-19 1.32531e-20 1.61819e-21 1.87171e-22 2.04266e-23 1.3593e-24 
