0 0 0 0 0 0 0 0 0 0 0 0 0 0 0 0 0 0 0 0 0 0 0 0 0 0 0 0 0 0 0 0 0 0 0 0 0 0 0 0 0 0 0 0 0 0 0 0 0 0 0 0 0 0 0 0 0 0 0 0 0 0 0 0 0 0 0 0 0 0 0 0 0 0 0 0 0 0 0 0 0 0 0 0 0 0 0 0 0 0 0 0 0 0 0 0 0 0 0 0 0 0 0 0 0 0 0 0 0 0 0 0 0 0 0 0 0 0 0 0 0 0 0 0 0 0 0 0 0 0 0 0 0 0 0 0 0 0 0 0 0 0 0 0 0 0 0 0 0 0 0 0 0 0 0 0 0 0 0 0 0 0 0 0 0 0 0 0 0 0 0 0 0 0 0 0 0 0 0 0 0 0 0 0 0 0 0 0 0 0 0 0 0 0 0 0 0 0 0 0 
0 5.14964e-12 2.0905e-11 7.67575e-11 2.68215e-10 8.94213e-10 2.84368e-09 8.62198e-09 2.49121e-08 6.85599e-08 1.79623e-07 4.47771e-07 1.06152e-06 2.39199e-06 5.12096e-06 1.04121e-05 2.01004e-05 3.68393e-05 6.41103e-05 0.000105995 0.000166663 0.000249662 0.000357264 0.000490269 0.000648573 0.000832586 0.00104507 0.00129259 0.00158577 0.00193775 0.0023613 0.00286539 0.00345271 0.00411892 0.00485401 0.00564505 0.00647901 0.00734482 0.00823356 0.00913729 0.0100469 0.0109502 0.0118307 0.012668 0.0134391 0.0141207 0.0146916 0.0151345 0.0154368 0.0155914 0.0155956 0.0154506 0.0151604 0.0147308 0.0141693 0.0134846 0.0126865 0.0117863 0.0107963 0.00973024 0.00860294 0.00742982 0.00622659 0.0050087 0.00379087 0.00258668 0.0014082 0.000265804 -0.000831923 -0.00187822 -0.00286806 -0.003798 -0.00466601 -0.00547132 -0.00621417 -0.00689564 -0.00751751 -0.00808209 -0.00859208 -0.00905046 -0.00946043 -0.00982526 -0.0101483 -0.0104329 -0.0106823 -0.0108998 -0.0110883 -0.0112508 -0.0113901 -0.0115088 -0.0116091 -0.0116934 -0.0117635 -0.0118212 -0.0118682 -0.0119056 -0.0119347 -0.0119564 -0.0119714 -0.0119802 -0.0119831 -0.0119802 -0.0119714 -0.0119564 -0.0119347 -0.0119056 -0.0118682 -0.0118212 -0.0117635 -0.0116934 -0.0116091 -0.0115088 -0.0113901 -0.0112508 -0.0110883 -0.0108998 -0.0106823 -0.0104329 -0.0101483 -0.00982526 -0.00946043 -0.00905046 -0.00859208 -0.00808209 -0.00751751 -0.00689564 -0.00621417 -0.00547132 -0.00466601 -0.003798 -0.00286806 -0.00187822 -0.000831923 0.000265804 0.0014082 0.00258668 0.00379087 0.0050087 0.00622659 0.00742982 0.00860294 0.00973024 0.0107963 0.0117863 0.0126865 0.0134846 0.0141693 0.0147308 0.0151604 0.0154506 0.0155956 0.0155914 0.0154368 0.0151345 0.0146916 0.0141207 0.0134391 0.012668 0.0118307 0.0109502 0.0100469 0.00913729 0.00823356 0.00734482 0.00647901 0.00564505 0.00485401 0.00411892 0.00345271 0.00286539 0.0023613 0.00193775 0.00158577 0.00129259 0.00104507 0.000832586 0.000648573 0.000490269 0.000357264 0.000249662 0.000166663 0.000105995 6.41103e-05 3.68393e-05 2.01004e-05 1.04121e-05 5.12096e-06 2.39199e-06 1.06152e-06 4.47771e-07 1.79623e-07 6.85599e-08 2.49121e-08 8.62198e-09 2.84368e-09 8.94208e-10 2.68196e-10 7.66767e-11 2.05805e-11 3.91104e-12 
0 2.0905e-11 8.24505e-11 2.93124e-10 9.91221e-10 3.19748e-09 9.83696e-09 2.88492e-08 8.06154e-08 2.14535e-07 5.43449e-07 1.30975e-06 3.00184e-06 6.53998e-06 1.35398e-05 2.66317e-05 4.97648e-05 8.8364e-05 0.000149177 0.000239692 0.000367162 0.000537517 0.000754692 0.00102091 0.00133823 0.00171092 0.00214794 0.00266401 0.0032786 0.00401267 0.00488425 0.00590437 0.00707473 0.00838791 0.00982951 0.0113812 0.0130234 0.0147361 0.0164992 0.0182901 0.0200827 0.0218466 0.0235463 0.0251435 0.026599 0.0278748 0.0289372 0.0297576 0.0303144 0.0305926 0.0305843 0.0302877 0.029707 0.0288514 0.027735 0.026376 0.0247962 0.0230206 0.0210764 0.0189928 0.0167997 0.014527 0.0122042 0.00985934 0.0075185 0.00520548 0.00294134 0.000744309 -0.00137038 -0.0033904 -0.00530623 -0.00711098 -0.00880019 -0.0103716 -0.0118248 -0.013161 -0.0143829 -0.0154944 -0.0165 -0.0174053 -0.018216 -0.0189383 -0.0195788 -0.0201438 -0.0206397 -0.0210726 -0.0214487 -0.0217737 -0.0220528 -0.0222912 -0.0224934 -0.0226638 -0.0228061 -0.0229237 -0.0230197 -0.0230966 -0.0231565 -0.0232013 -0.0232324 -0.0232506 -0.0232566 -0.0232506 -0.0232324 -0.0232013 -0.0231565 -0.0230966 -0.0230197 -0.0229237 -0.0228061 -0.0226638 -0.0224934 -0.0222912 -0.0220528 -0.0217737 -0.0214487 -0.0210726 -0.0206397 -0.0201438 -0.0195788 -0.0189383 -0.018216 -0.0174053 -0.0165 -0.0154944 -0.0143829 -0.013161 -0.0118248 -0.0103716 -0.00880019 -0.00711098 -0.00530623 -0.0033904 -0.00137038 0.000744309 0.00294134 0.00520548 0.0075185 0.00985934 0.0122042 0.014527 0.0167997 0.0189928 0.0210764 0.0230206 0.0247962 0.026376 0.027735 0.0288514 0.029707 0.0302877 0.0305843 0.0305926 0.0303144 0.0297576 0.0289372 0.0278748 0.026599 0.0251435 0.0235463 0.0218466 0.0200827 0.0182901 0.0164992 0.0147361 0.0130234 0.0113812 0.00982951 0.00838791 0.00707473 0.00590437 0.00488425 0.00401267 0.0032786 0.00266401 0.00214794 0.00171092 0.00133823 0.00102091 0.000754692 0.000537517 0.000367162 0.000239692 0.000149177 8.8364e-05 4.97648e-05 2.66317e-05 1.35398e-05 6.53998e-06 3.00184e-06 1.30975e-06 5.43449e-07 2.14535e-07 8.06154e-08 2.88492e-08 9.83695e-09 3.19746e-09 9.9114e-10 2.92793e-10 8.11727e-11 1.62175e-11 
0 7.67575e-11 2.93124e-10 1.00466e-09 3.27203e-09 1.01599e-08 3.00702e-08 8.47905e-08 2.27668e-07 5.81806e-07 1.41436e-06 3.26922e-06 7.18212e-06 1.49915e-05 2.97267e-05 5.59967e-05 0.000100237 0.000170624 0.000276523 0.000427489 0.00063213 0.000897401 0.0012289 0.0016324 0.00211627 0.00269363 0.00338306 0.0042072 0.00518941 0.00634978 0.00770198 0.0092519 0.0109981 0.0129332 0.0150449 0.0173163 0.019725 0.0222422 0.0248315 0.0274495 0.0300474 0.0325731 0.0349738 0.0371985 0.039199 0.0409315 0.0423569 0.0434415 0.0441574 0.0444834 0.0444059 0.0439198 0.0430287 0.0417453 0.0400906 0.0380928 0.0357865 0.0332104 0.0304061 0.0274166 0.0242849 0.0210525 0.0177594 0.0144427 0.0111365 0.00787163 0.0046753 0.00157122 -0.00142054 -0.00428346 -0.00700446 -0.00957379 -0.0119847 -0.0142335 -0.0163189 -0.0182418 -0.0200055 -0.0216144 -0.0230748 -0.0243936 -0.0255789 -0.0266389 -0.0275824 -0.0284183 -0.0291554 -0.0298023 -0.0303672 -0.0308582 -0.0312826 -0.0316476 -0.0319594 -0.032224 -0.0324467 -0.0326322 -0.0327846 -0.0329077 -0.0330042 -0.0330768 -0.0331273 -0.0331571 -0.0331669 -0.0331571 -0.0331273 -0.0330768 -0.0330042 -0.0329077 -0.0327846 -0.0326322 -0.0324467 -0.032224 -0.0319594 -0.0316476 -0.0312826 -0.0308582 -0.0303672 -0.0298023 -0.0291554 -0.0284183 -0.0275824 -0.0266389 -0.0255789 -0.0243936 -0.0230748 -0.0216144 -0.0200055 -0.0182418 -0.0163189 -0.0142335 -0.0119847 -0.00957379 -0.00700446 -0.00428346 -0.00142054 0.00157122 0.0046753 0.00787163 0.0111365 0.0144427 0.0177594 0.0210525 0.0242849 0.0274166 0.0304061 0.0332104 0.0357865 0.0380928 0.0400906 0.0417453 0.0430287 0.0439198 0.0444059 0.0444834 0.0441574 0.0434415 0.0423569 0.0409315 0.039199 0.0371985 0.0349738 0.0325731 0.0300474 0.0274495 0.0248315 0.0222422 0.019725 0.0173163 0.0150449 0.0129332 0.0109981 0.0092519 0.00770198 0.00634978 0.00518941 0.0042072 0.00338306 0.00269363 0.00211627 0.0016324 0.0012289 0.000897401 0.00063213 0.000427489 0.000276523 0.000170624 0.000100237 5.59967e-05 2.97267e-05 1.49915e-05 7.18212e-06 3.26922e-06 1.41436e-06 5.81806e-07 2.27668e-07 8.47905e-08 3.00702e-08 1.01598e-08 3.27172e-09 1.00344e-09 2.88627e-10 6.10212e-11 
0 2.68215e-10 9.91221e-10 3.27203e-09 1.02511e-08 3.05964e-08 8.69804e-08 2.35393e-07 6.06097e-07 1.48399e-06 3.45327e-06 7.63379e-06 1.6025e-05 3.19381e-05 6.04322e-05 0.000108595 0.000185466 0.000301448 0.000467275 0.000692909 0.000987015 0.00135762 0.00181407 0.00236964 0.00304338 0.00385979 0.0048461 0.0060278 0.00742467 0.00904872 0.0109049 0.0129934 0.0153115 0.017854 0.020611 0.0235643 0.0266842 0.0299281 0.0332416 0.0365619 0.0398219 0.0429545 0.0458955 0.0485857 0.0509712 0.0530033 0.0546388 0.0558402 0.0565773 0.0568277 0.056579 0.0558289 0.0545865 0.0528711 0.0507117 0.0481454 0.0452154 0.0419696 0.0384582 0.0347325 0.0308433 0.0268401 0.0227698 0.0186763 0.0145997 0.0105766 0.00663895 0.00281474 -0.00087252 -0.00440355 -0.0077632 -0.0109402 -0.0139271 -0.0167195 -0.0193162 -0.0217185 -0.02393 -0.0259562 -0.027804 -0.0294815 -0.0309978 -0.0323625 -0.0335854 -0.0346768 -0.0356465 -0.0365046 -0.0372606 -0.0379235 -0.038502 -0.0390042 -0.0394377 -0.0398091 -0.0401249 -0.0403905 -0.0406108 -0.0407901 -0.040932 -0.0410393 -0.0411143 -0.0411587 -0.0411734 -0.0411587 -0.0411143 -0.0410393 -0.040932 -0.0407901 -0.0406108 -0.0403905 -0.0401249 -0.0398091 -0.0394377 -0.0390042 -0.038502 -0.0379235 -0.0372606 -0.0365046 -0.0356465 -0.0346768 -0.0335854 -0.0323625 -0.0309978 -0.0294815 -0.027804 -0.0259562 -0.02393 -0.0217185 -0.0193162 -0.0167195 -0.0139271 -0.0109402 -0.0077632 -0.00440355 -0.00087252 0.00281474 0.00663895 0.0105766 0.0145997 0.0186763 0.0227698 0.0268401 0.0308433 0.0347325 0.0384582 0.0419696 0.0452154 0.0481454 0.0507117 0.0528711 0.0545865 0.0558289 0.056579 0.0568277 0.0565773 0.0558402 0.0546388 0.0530033 0.0509712 0.0485857 0.0458955 0.0429545 0.0398219 0.0365619 0.0332416 0.0299281 0.0266842 0.0235643 0.020611 0.017854 0.0153115 0.0129934 0.0109049 0.00904872 0.00742467 0.0060278 0.0048461 0.00385979 0.00304338 0.00236964 0.00181407 0.00135762 0.000987015 0.000692909 0.000467275 0.000301448 0.000185466 0.000108595 6.04322e-05 3.19381e-05 1.6025e-05 7.63379e-06 3.45327e-06 1.48399e-06 6.06097e-07 2.35393e-07 8.69804e-08 3.05961e-08 1.025e-08 3.26781e-09 9.76357e-10 2.18818e-10 
0 8.94213e-10 3.19748e-09 1.01599e-08 3.05964e-08 8.77056e-08 2.39258e-07 6.20772e-07 1.53095e-06 3.58673e-06 7.97819e-06 1.68417e-05 3.37293e-05 6.40819e-05 0.000115526 0.000197769 0.000321933 0.000499437 0.000740873 0.00105566 0.00145317 0.00194524 0.00254926 0.00328981 0.00419755 0.00530497 0.00664077 0.00822541 0.01007 0.0121783 0.0145505 0.0171858 0.0200813 0.0232296 0.0266133 0.0302019 0.0339502 0.0378002 0.0416844 0.0455304 0.0492642 0.0528129 0.0561068 0.0590794 0.0616697 0.0638226 0.0654909 0.0666371 0.0672344 0.0672683 0.0667358 0.0656456 0.064017 0.0618783 0.0592658 0.0562219 0.0527939 0.0490329 0.0449922 0.040726 0.0362887 0.0317336 0.0271115 0.0224703 0.0178541 0.0133025 0.00885028 0.00452739 0.00035869 -0.0036358 -0.00744066 -0.0110447 -0.0144407 -0.0176247 -0.0205959 -0.0233561 -0.0259091 -0.0282606 -0.0304178 -0.0323889 -0.0341831 -0.0358099 -0.0372793 -0.0386017 -0.039787 -0.0408455 -0.0417867 -0.0426201 -0.0433546 -0.0439987 -0.04456 -0.045046 -0.045463 -0.045817 -0.0461132 -0.0463562 -0.0465498 -0.0466972 -0.0468006 -0.046862 -0.0468824 -0.046862 -0.0468006 -0.0466972 -0.0465498 -0.0463562 -0.0461132 -0.045817 -0.045463 -0.045046 -0.04456 -0.0439987 -0.0433546 -0.0426201 -0.0417867 -0.0408455 -0.039787 -0.0386017 -0.0372793 -0.0358099 -0.0341831 -0.0323889 -0.0304178 -0.0282606 -0.0259091 -0.0233561 -0.0205959 -0.0176247 -0.0144407 -0.0110447 -0.00744066 -0.0036358 0.00035869 0.00452739 0.00885028 0.0133025 0.0178541 0.0224703 0.0271115 0.0317336 0.0362887 0.040726 0.0449922 0.0490329 0.0527939 0.0562219 0.0592658 0.0618783 0.064017 0.0656456 0.0667358 0.0672683 0.0672344 0.0666371 0.0654909 0.0638226 0.0616697 0.0590794 0.0561068 0.0528129 0.0492642 0.0455304 0.0416844 0.0378002 0.0339502 0.0302019 0.0266133 0.0232296 0.0200813 0.0171858 0.0145505 0.0121783 0.01007 0.00822541 0.00664077 0.00530497 0.00419755 0.00328981 0.00254926 0.00194524 0.00145317 0.00105566 0.000740873 0.000499437 0.000321933 0.000197769 0.000115526 6.40819e-05 3.37293e-05 1.68417e-05 7.97819e-06 3.58673e-06 1.53095e-06 6.20772e-07 2.39257e-07 8.77045e-08 3.05925e-08 1.01461e-08 3.15139e-09 7.49615e-10 
0 2.84368e-09 9.83696e-09 3.00702e-08 8.69804e-08 2.39258e-07 6.25726e-07 1.5549e-06 3.66887e-06 8.21498e-06 1.74458e-05 3.51245e-05 6.70334e-05 0.000121286 0.000208186 0.000339482 0.000527114 0.000782056 0.00111411 0.00153342 0.00205365 0.00269539 0.00348776 0.00446637 0.00566793 0.00712368 0.00885503 0.0108735 0.0131839 0.0157887 0.0186894 0.0218843 0.025364 0.0291066 0.0330752 0.0372192 0.0414772 0.0457812 0.0500598 0.0542395 0.0582458 0.0620038 0.0654389 0.0684796 0.0710604 0.0731252 0.0746303 0.0755454 0.075855 0.0755568 0.0746608 0.0731872 0.0711649 0.0686297 0.0656233 0.0621918 0.0583853 0.0542565 0.0498599 0.0452508 0.0404838 0.035612 0.0306858 0.0257524 0.0208544 0.01603 0.0113125 0.00673029 0.00230675 -0.00193922 -0.00599309 -0.00984426 -0.0134857 -0.0169135 -0.0201266 -0.0231262 -0.0259156 -0.0284998 -0.0308851 -0.033079 -0.0350898 -0.0369264 -0.038598 -0.0401143 -0.0414848 -0.0427188 -0.0438259 -0.0448148 -0.0456943 -0.0464723 -0.0471566 -0.047754 -0.0482711 -0.0487136 -0.0490866 -0.0493946 -0.0496415 -0.0498303 -0.0499634 -0.0500425 -0.0500688 -0.0500425 -0.0499634 -0.0498303 -0.0496415 -0.0493946 -0.0490866 -0.0487136 -0.0482711 -0.047754 -0.0471566 -0.0464723 -0.0456943 -0.0448148 -0.0438259 -0.0427188 -0.0414848 -0.0401143 -0.038598 -0.0369264 -0.0350898 -0.033079 -0.0308851 -0.0284998 -0.0259156 -0.0231262 -0.0201266 -0.0169135 -0.0134857 -0.00984426 -0.00599309 -0.00193922 0.00230675 0.00673029 0.0113125 0.01603 0.0208544 0.0257524 0.0306858 0.035612 0.0404838 0.0452508 0.0498599 0.0542565 0.0583853 0.0621918 0.0656233 0.0686297 0.0711649 0.0731872 0.0746608 0.0755568 0.075855 0.0755454 0.0746303 0.0731252 0.0710604 0.0684796 0.0654389 0.0620038 0.0582458 0.0542395 0.0500598 0.0457812 0.0414772 0.0372192 0.0330752 0.0291066 0.025364 0.0218843 0.0186894 0.0157887 0.0131839 0.0108735 0.00885503 0.00712368 0.00566793 0.00446637 0.00348776 0.00269539 0.00205365 0.00153342 0.00111411 0.000782056 0.000527114 0.000339482 0.000208186 0.000121286 6.70334e-05 3.51245e-05 1.74458e-05 8.21498e-06 3.66887e-06 1.5549e-06 6.25725e-07 2.39254e-07 8.69679e-08 3.0028e-08 9.70381e-09 2.45289e-09 
0 8.62198e-09 2.88492e-08 8.47905e-08 2.35393e-07 6.20772e-07 1.5549e-06 3.69665e-06 8.33585e-06 1.78179e-05 3.6084e-05 6.92162e-05 0.000125768 0.000216601 0.000354044 0.000550531 0.00081736 0.00116462 0.00160312 0.00214802 0.00282272 0.00366016 0.00469985 0.00598127 0.00753671 0.00938757 0.0115457 0.0140184 0.016812 0.019932 0.023378 0.0271378 0.0311827 0.0354673 0.0399333 0.0445142 0.0491401 0.0537397 0.0582399 0.0625656 0.0666395 0.0703841 0.0737243 0.0765918 0.078929 0.0806911 0.0818478 0.0823829 0.0822937 0.0815892 0.0802885 0.0784196 0.0760181 0.0731259 0.06979 0.0660615 0.0619939 0.0576421 0.053061 0.0483042 0.0434229 0.0384655 0.0334767 0.0284972 0.0235635 0.018708 0.0139591 0.00934087 0.00487374 0.000574395 -0.00354392 -0.00747118 -0.0112003 -0.014727 -0.0180493 -0.0211674 -0.0240835 -0.0268012 -0.0293257 -0.0316629 -0.0338199 -0.0358042 -0.037624 -0.0392873 -0.0408028 -0.0421786 -0.043423 -0.0445441 -0.0455493 -0.0464461 -0.0472411 -0.0479408 -0.0485509 -0.0490767 -0.0495228 -0.0498933 -0.0501917 -0.0504209 -0.0505829 -0.0506795 -0.0507116 -0.0506795 -0.0505829 -0.0504209 -0.0501917 -0.0498933 -0.0495228 -0.0490767 -0.0485509 -0.0479408 -0.0472411 -0.0464461 -0.0455493 -0.0445441 -0.043423 -0.0421786 -0.0408028 -0.0392873 -0.037624 -0.0358042 -0.0338199 -0.0316629 -0.0293257 -0.0268012 -0.0240835 -0.0211674 -0.0180493 -0.014727 -0.0112003 -0.00747118 -0.00354392 0.000574395 0.00487374 0.00934087 0.0139591 0.018708 0.0235635 0.0284972 0.0334767 0.0384655 0.0434229 0.0483042 0.053061 0.0576421 0.0619939 0.0660615 0.06979 0.0731259 0.0760181 0.0784196 0.0802885 0.0815892 0.0822937 0.0823829 0.0818478 0.0806911 0.078929 0.0765918 0.0737243 0.0703841 0.0666395 0.0625656 0.0582399 0.0537397 0.0491401 0.0445142 0.0399333 0.0354673 0.0311827 0.0271378 0.023378 0.019932 0.016812 0.0140184 0.0115457 0.00938757 0.00753671 0.00598127 0.00469985 0.00366016 0.00282272 0.00214802 0.00160312 0.00116462 0.00081736 0.000550531 0.000354044 0.000216601 0.000125768 6.92162e-05 3.6084e-05 1.78179e-05 8.33585e-06 3.69665e-06 1.5549e-06 6.20761e-07 2.35355e-07 8.46701e-08 2.84946e-08 7.66414e-09 
0 2.49121e-08 8.06154e-08 2.27668e-07 6.06097e-07 1.53095e-06 3.66887e-06 8.33585e-06 1.79436e-05 3.6573e-05 7.05574e-05 0.00012884 0.000222793 0.000365308 0.000569304 0.000846424 0.00120706 0.00166262 0.00222975 0.00293447 0.00381317 0.00490864 0.00626219 0.00790606 0.00986065 0.0121379 0.0147473 0.0176996 0.021004 0.0246608 0.0286543 0.0329489 0.0374919 0.0422185 0.0470587 0.0519397 0.0567873 0.0615247 0.066072 0.0703475 0.0742713 0.0777695 0.0807777 0.0832442 0.0851306 0.0864119 0.0870751 0.0871183 0.0865499 0.0853877 0.0836586 0.0813979 0.0786481 0.0754573 0.071878 0.0679645 0.0637716 0.0593527 0.0547589 0.0500378 0.0452336 0.0403863 0.0355323 0.030704 0.0259304 0.0212373 0.0166471 0.012179 0.00784976 0.00367288 -0.000340562 -0.00418206 -0.00784543 -0.0113266 -0.0146236 -0.0177359 -0.0206648 -0.0234126 -0.0259829 -0.0283801 -0.0306094 -0.0326764 -0.0345873 -0.0363482 -0.0379658 -0.0394466 -0.040797 -0.0420234 -0.0431318 -0.0441283 -0.0450183 -0.0458071 -0.0464995 -0.0470998 -0.0476119 -0.0480393 -0.048385 -0.0486513 -0.0488402 -0.048953 -0.0489905 -0.048953 -0.0488402 -0.0486513 -0.048385 -0.0480393 -0.0476119 -0.0470998 -0.0464995 -0.0458071 -0.0450183 -0.0441283 -0.0431318 -0.0420234 -0.040797 -0.0394466 -0.0379658 -0.0363482 -0.0345873 -0.0326764 -0.0306094 -0.0283801 -0.0259829 -0.0234126 -0.0206648 -0.0177359 -0.0146236 -0.0113266 -0.00784543 -0.00418206 -0.000340562 0.00367288 0.00784976 0.012179 0.0166471 0.0212373 0.0259304 0.030704 0.0355323 0.0403863 0.0452336 0.0500378 0.0547589 0.0593527 0.0637716 0.0679645 0.071878 0.0754573 0.0786481 0.0813979 0.0836586 0.0853877 0.0865499 0.0871183 0.0870751 0.0864119 0.0851306 0.0832442 0.0807777 0.0777695 0.0742713 0.0703475 0.066072 0.0615247 0.0567873 0.0519397 0.0470587 0.0422185 0.0374919 0.0329489 0.0286543 0.0246608 0.021004 0.0176996 0.0147473 0.0121379 0.00986065 0.00790606 0.00626219 0.00490864 0.00381317 0.00293447 0.00222975 0.00166262 0.00120706 0.000846424 0.000569304 0.000365308 0.000222793 0.00012884 7.05574e-05 3.6573e-05 1.79436e-05 8.33585e-06 3.66886e-06 1.53092e-06 6.0599e-07 2.27352e-07 7.9762e-08 2.28584e-08 
0 6.85599e-08 2.14535e-07 5.81806e-07 1.48399e-06 3.58673e-06 8.21498e-06 1.78179e-05 3.6573e-05 7.10099e-05 0.000130401 0.000226584 0.000372985 0.000583027 0.000868729 0.00124081 0.0017113 0.00229826 0.00303018 0.00394674 0.00509363 0.00651352 0.00823806 0.0102863 0.0126702 0.0154016 0.018495 0.0219621 0.0258021 0.0299937 0.0344946 0.039246 0.0441801 0.049225 0.0543061 0.0593449 0.0642574 0.0689559 0.0733524 0.0773643 0.0809195 0.0839598 0.0864415 0.088335 0.0896226 0.0902974 0.0903624 0.0898296 0.0887206 0.0870655 0.0849026 0.0822767 0.0792371 0.0758361 0.0721262 0.0681591 0.0639842 0.0596478 0.0551927 0.050658 0.0460793 0.0414886 0.0369143 0.032382 0.0279138 0.023529 0.0192443 0.0150735 0.0110283 0.00711805 0.00335022 -0.000269484 -0.00373691 -0.00704923 -0.0102048 -0.0132031 -0.0160444 -0.0187298 -0.021261 -0.0236406 -0.0258713 -0.0279565 -0.0298999 -0.0317054 -0.0333772 -0.0349196 -0.036337 -0.0376337 -0.0388142 -0.0398826 -0.040843 -0.0416992 -0.042455 -0.0431135 -0.043678 -0.0441509 -0.0445346 -0.0448311 -0.0450418 -0.0451677 -0.0452097 -0.0451677 -0.0450418 -0.0448311 -0.0445346 -0.0441509 -0.043678 -0.0431135 -0.042455 -0.0416992 -0.040843 -0.0398826 -0.0388142 -0.0376337 -0.036337 -0.0349196 -0.0333772 -0.0317054 -0.0298999 -0.0279565 -0.0258713 -0.0236406 -0.021261 -0.0187298 -0.0160444 -0.0132031 -0.0102048 -0.00704923 -0.00373691 -0.000269484 0.00335022 0.00711805 0.0110283 0.0150735 0.0192443 0.023529 0.0279138 0.032382 0.0369143 0.0414886 0.0460793 0.050658 0.0551927 0.0596478 0.0639842 0.0681591 0.0721262 0.0758361 0.0792371 0.0822767 0.0849026 0.0870655 0.0887206 0.0898296 0.0903624 0.0902974 0.0896226 0.088335 0.0864415 0.0839598 0.0809195 0.0773643 0.0733524 0.0689559 0.0642574 0.0593449 0.0543061 0.049225 0.0441801 0.039246 0.0344946 0.0299937 0.0258021 0.0219621 0.018495 0.0154016 0.0126702 0.0102863 0.00823806 0.00651352 0.00509363 0.00394674 0.00303018 0.00229826 0.0017113 0.00124081 0.000868729 0.000583027 0.000372985 0.000226584 0.000130401 7.10099e-05 3.6573e-05 1.78179e-05 8.21495e-06 3.58663e-06 1.48371e-06 5.8106e-07 2.12752e-07 6.50547e-08 
0 1.79623e-07 5.43449e-07 1.41436e-06 3.45327e-06 7.97819e-06 1.74458e-05 3.6084e-05 7.05574e-05 0.000130401 0.00022786 0.000376875 0.000591388 0.000883845 0.00126533 0.00174848 0.00235263 0.00310863 0.0040592 0.00525276 0.0067331 0.00853119 0.0106649 0.0131462 0.0159899 0.0192139 0.0228306 0.026836 0.0312017 0.0358781 0.040802 0.0459038 0.0511113 0.0563475 0.0615279 0.0665608 0.0713503 0.0758034 0.079837 0.083382 0.0863853 0.0888095 0.0906305 0.0918364 0.0924262 0.0924101 0.0918085 0.0906522 0.0889806 0.0868396 0.0842793 0.0813516 0.078108 0.0745981 0.0708689 0.0669642 0.0629245 0.0587869 0.0545854 0.0503506 0.0461101 0.041888 0.0377053 0.0335798 0.0295266 0.0255579 0.0216837 0.0179119 0.0142491 0.0107001 0.00726904 0.00395905 0.000772638 -0.00228822 -0.00522205 -0.00802779 -0.0107048 -0.0132528 -0.015672 -0.0179629 -0.0201263 -0.0221636 -0.0240762 -0.0258659 -0.027535 -0.0290855 -0.03052 -0.031841 -0.0330511 -0.0341527 -0.0351486 -0.0360411 -0.0368327 -0.0375255 -0.0381216 -0.0386228 -0.0390306 -0.0393464 -0.0395712 -0.0397058 -0.0397506 -0.0397058 -0.0395712 -0.0393464 -0.0390306 -0.0386228 -0.0381216 -0.0375255 -0.0368327 -0.0360411 -0.0351486 -0.0341527 -0.0330511 -0.031841 -0.03052 -0.0290855 -0.027535 -0.0258659 -0.0240762 -0.0221636 -0.0201263 -0.0179629 -0.015672 -0.0132528 -0.0107048 -0.00802779 -0.00522205 -0.00228822 0.000772638 0.00395905 0.00726904 0.0107001 0.0142491 0.0179119 0.0216837 0.0255579 0.0295266 0.0335798 0.0377053 0.041888 0.0461101 0.0503506 0.0545854 0.0587869 0.0629245 0.0669642 0.0708689 0.0745981 0.078108 0.0813516 0.0842793 0.0868396 0.0889806 0.0906522 0.0918085 0.0924101 0.0924262 0.0918364 0.0906305 0.0888095 0.0863853 0.083382 0.079837 0.0758034 0.0713503 0.0665608 0.0615279 0.0563475 0.0511113 0.0459038 0.040802 0.0358781 0.0312017 0.026836 0.0228306 0.0192139 0.0159899 0.0131462 0.0106649 0.00853119 0.0067331 0.00525276 0.0040592 0.00310863 0.00235263 0.00174848 0.00126533 0.000883845 0.000591388 0.000376875 0.00022786 0.000130401 7.05574e-05 3.60839e-05 1.74457e-05 7.97795e-06 3.45263e-06 1.41284e-06 5.40558e-07 1.7661e-07 
0 4.47771e-07 1.30975e-06 3.26922e-06 7.63379e-06 1.68417e-05 3.51245e-05 6.92162e-05 0.00012884 0.000226584 0.000376875 0.000594196 0.000891477 0.00128021 0.00177358 0.00239207 0.00316862 0.00414876 0.0053835 0.00691777 0.00878194 0.0109929 0.0135635 0.0165113 0.0198572 0.0236139 0.0277718 0.0322948 0.0371263 0.0421997 0.0474448 0.0527878 0.0581471 0.0634306 0.0685376 0.0733667 0.0778233 0.0818265 0.0853118 0.0882306 0.0905485 0.0922445 0.0933098 0.0937491 0.0935808 0.092836 0.0915571 0.0897946 0.0876035 0.0850402 0.0821599 0.0790148 0.0756534 0.0721203 0.0684559 0.0646968 0.060876 0.0570223 0.0531612 0.049314 0.0454987 0.0417298 0.0380187 0.0343744 0.0308038 0.0273119 0.0239028 0.0205798 0.0173456 0.0142024 0.0111523 0.00819737 0.00533936 0.00258 -7.91194e-05 -0.00263656 -0.00509107 -0.00744159 -0.00968725 -0.0118274 -0.0138617 -0.0157899 -0.017612 -0.0193283 -0.0209391 -0.0224451 -0.023847 -0.0251457 -0.0263421 -0.0274373 -0.0284324 -0.0293285 -0.0301268 -0.0308282 -0.0314338 -0.0319445 -0.0323611 -0.0326845 -0.032915 -0.0330531 -0.0330992 -0.0330531 -0.032915 -0.0326845 -0.0323611 -0.0319445 -0.0314338 -0.0308282 -0.0301268 -0.0293285 -0.0284324 -0.0274373 -0.0263421 -0.0251457 -0.023847 -0.0224451 -0.0209391 -0.0193283 -0.017612 -0.0157899 -0.0138617 -0.0118274 -0.00968725 -0.00744159 -0.00509107 -0.00263656 -7.91194e-05 0.00258 0.00533936 0.00819737 0.0111523 0.0142024 0.0173456 0.0205798 0.0239028 0.0273119 0.0308038 0.0343744 0.0380187 0.0417298 0.0454987 0.049314 0.0531612 0.0570223 0.060876 0.0646968 0.0684559 0.0721203 0.0756534 0.0790148 0.0821599 0.0850402 0.0876035 0.0897946 0.0915571 0.092836 0.0935808 0.0937491 0.0933098 0.0922445 0.0905485 0.0882306 0.0853118 0.0818265 0.0778233 0.0733667 0.0685376 0.0634306 0.0581471 0.0527878 0.0474448 0.0421997 0.0371263 0.0322948 0.0277718 0.0236139 0.0198572 0.0165113 0.0135635 0.0109929 0.00878194 0.00691777 0.0053835 0.00414876 0.00316862 0.00239207 0.00177358 0.00128021 0.000891477 0.000594196 0.000376875 0.000226584 0.00012884 6.92161e-05 3.51243e-05 1.68411e-05 7.63253e-06 3.2669e-06 1.30787e-06 4.57216e-07 
0 1.06152e-06 3.00184e-06 7.18212e-06 1.6025e-05 3.37293e-05 6.70334e-05 0.000125768 0.000222793 0.000372985 0.000591388 0.000891477 0.0012852 0.00178622 0.00241598 0.00320917 0.00421389 0.00548363 0.00706459 0.00898685 0.0112667 0.0139181 0.0169616 0.0204211 0.0243081 0.0286071 0.0332738 0.0382459 0.0434546 0.0488291 0.0542922 0.0597548 0.0651147 0.0702632 0.0750951 0.0795174 0.0834534 0.0868431 0.0896407 0.0918136 0.0933425 0.0942233 0.0944678 0.0941042 0.093175 0.0917329 0.0898371 0.0875491 0.0849296 0.082037 0.0789257 0.0756461 0.072244 0.0687603 0.0652311 0.0616867 0.0581522 0.0546472 0.0511865 0.0477805 0.0444361 0.0411576 0.0379472 0.0348061 0.0317348 0.0287333 0.0258018 0.0229405 0.0201497 0.0174301 0.0147824 0.0122074 0.00970618 0.00727993 0.00492988 0.00265736 0.000463791 -0.00164939 -0.00368074 -0.00562879 -0.00749214 -0.00926947 -0.0109595 -0.0125612 -0.0140735 -0.0154955 -0.0168267 -0.0180663 -0.0192142 -0.0202698 -0.0212332 -0.0221042 -0.022883 -0.0235696 -0.0241641 -0.0246667 -0.0250777 -0.0253971 -0.0256252 -0.0257619 -0.0258075 -0.0257619 -0.0256252 -0.0253971 -0.0250777 -0.0246667 -0.0241641 -0.0235696 -0.022883 -0.0221042 -0.0212332 -0.0202698 -0.0192142 -0.0180663 -0.0168267 -0.0154955 -0.0140735 -0.0125612 -0.0109595 -0.00926947 -0.00749214 -0.00562879 -0.00368074 -0.00164939 0.000463791 0.00265736 0.00492988 0.00727993 0.00970618 0.0122074 0.0147824 0.0174301 0.0201497 0.0229405 0.0258018 0.0287333 0.0317348 0.0348061 0.0379472 0.0411576 0.0444361 0.0477805 0.0511865 0.0546472 0.0581522 0.0616867 0.0652311 0.0687603 0.072244 0.0756461 0.0789257 0.082037 0.0849296 0.0875491 0.0898371 0.0917329 0.093175 0.0941042 0.0944678 0.0942233 0.0933425 0.0918136 0.0896407 0.0868431 0.0834534 0.0795174 0.0750951 0.0702632 0.0651147 0.0597548 0.0542922 0.0488291 0.0434546 0.0382459 0.0332738 0.0286071 0.0243081 0.0204211 0.0169616 0.0139181 0.0112667 0.00898685 0.00706459 0.00548363 0.00421389 0.00320917 0.00241598 0.00178622 0.0012852 0.000891477 0.000591388 0.000372985 0.000222793 0.000125768 6.7033e-05 3.37282e-05 1.60232e-05 7.1812e-06 3.01258e-06 1.12841e-06 
0 2.39199e-06 6.53998e-06 1.49915e-05 3.19381e-05 6.40819e-05 0.000121286 0.000216601 0.000365308 0.000583027 0.000883845 0.00128021 0.00178622 0.00242399 0.00322961 0.00425343 0.00555139 0.00717119 0.00914306 0.011483 0.0142063 0.0173366 0.0209003 0.0249074 0.0293359 0.0341342 0.0392352 0.0445695 0.0500651 0.0556393 0.0611925 0.0666118 0.0717816 0.0765957 0.080964 0.0848134 0.0880859 0.0907364 0.0927335 0.0940617 0.0947243 0.0947437 0.0941595 0.0930242 0.0913986 0.089347 0.0869344 0.0842245 0.0812784 0.0781542 0.0749057 0.0715819 0.0682254 0.0648722 0.0615507 0.0582822 0.0550813 0.051957 0.0489136 0.0459523 0.0430719 0.0402699 0.0375428 0.034887 0.0322988 0.0297747 0.0273116 0.0249067 0.0225577 0.0202629 0.018021 0.0158314 0.0136941 0.0116094 0.0095783 0.00760222 0.00568286 0.00382223 0.00202253 0.000286107 -0.00138468 -0.00298746 -0.00451994 -0.00597992 -0.00736536 -0.00867435 -0.0099052 -0.0110564 -0.0121265 -0.0131143 -0.014019 -0.0148395 -0.0155752 -0.0162256 -0.01679 -0.0172681 -0.0176597 -0.0179645 -0.0181823 -0.018313 -0.0183566 -0.018313 -0.0181823 -0.0179645 -0.0176597 -0.0172681 -0.01679 -0.0162256 -0.0155752 -0.0148395 -0.014019 -0.0131143 -0.0121265 -0.0110564 -0.0099052 -0.00867435 -0.00736536 -0.00597992 -0.00451994 -0.00298746 -0.00138468 0.000286107 0.00202253 0.00382223 0.00568286 0.00760222 0.0095783 0.0116094 0.0136941 0.0158314 0.018021 0.0202629 0.0225577 0.0249067 0.0273116 0.0297747 0.0322988 0.034887 0.0375428 0.0402699 0.0430719 0.0459523 0.0489136 0.051957 0.0550813 0.0582822 0.0615507 0.0648722 0.0682254 0.0715819 0.0749057 0.0781542 0.0812784 0.0842245 0.0869344 0.089347 0.0913986 0.0930242 0.0941595 0.0947437 0.0947243 0.0940617 0.0927335 0.0907364 0.0880859 0.0848134 0.080964 0.0765957 0.0717816 0.0666118 0.0611925 0.0556393 0.0500651 0.0445695 0.0392352 0.0341342 0.0293359 0.0249074 0.0209003 0.0173366 0.0142063 0.011483 0.00914306 0.00717119 0.00555139 0.00425343 0.00322961 0.00242399 0.00178622 0.00128021 0.000883845 0.000583027 0.000365308 0.000216601 0.000121285 6.40806e-05 3.19379e-05 1.5003e-05 6.60535e-06 2.65429e-06 
0 5.12096e-06 1.35398e-05 2.97267e-05 6.04322e-05 0.000115526 0.000208186 0.000354044 0.000569304 0.000868729 0.00126533 0.00177358 0.00241598 0.00322961 0.0042667 0.00558557 0.00723585 0.00924839 0.0116393 0.0144251 0.0176324 0.02129 0.025406 0.0299523 0.0348704 0.0400903 0.0455427 0.0511536 0.0568321 0.0624668 0.0679346 0.0731156 0.0779043 0.0822131 0.08597 0.089116 0.0916047 0.0934069 0.0945139 0.0949396 0.0947185 0.0939011 0.092548 0.0907252 0.0885007 0.0859427 0.0831187 0.080094 0.0769311 0.0736871 0.0704126 0.0671499 0.0639327 0.0607863 0.0577279 0.0547683 0.0519131 0.0491636 0.0465184 0.0439737 0.0415241 0.0391632 0.0368839 0.0346788 0.0325402 0.0304612 0.0284351 0.0264561 0.0245197 0.0226219 0.0207604 0.0189335 0.0171407 0.0153823 0.0136594 0.0119736 0.0103271 0.00872229 0.0071618 0.00564846 0.00418514 0.00277468 0.00141988 0.000123443 -0.00111205 -0.00228416 -0.00339061 -0.00442928 -0.00539823 -0.00629571 -0.00712011 -0.00787001 -0.00854416 -0.00914144 -0.00966092 -0.0101018 -0.0104634 -0.0107452 -0.0109467 -0.0110678 -0.0111081 -0.0110678 -0.0109467 -0.0107452 -0.0104634 -0.0101018 -0.00966092 -0.00914144 -0.00854416 -0.00787001 -0.00712011 -0.00629571 -0.00539823 -0.00442928 -0.00339061 -0.00228416 -0.00111205 0.000123443 0.00141988 0.00277468 0.00418514 0.00564846 0.0071618 0.00872229 0.0103271 0.0119736 0.0136594 0.0153823 0.0171407 0.0189335 0.0207604 0.0226219 0.0245197 0.0264561 0.0284351 0.0304612 0.0325402 0.0346788 0.0368839 0.0391632 0.0415241 0.0439737 0.0465184 0.0491636 0.0519131 0.0547683 0.0577279 0.0607863 0.0639327 0.0671499 0.0704126 0.0736871 0.0769311 0.080094 0.0831187 0.0859427 0.0885007 0.0907252 0.092548 0.0939011 0.0947185 0.0949396 0.0945139 0.0934069 0.0916047 0.089116 0.08597 0.0822131 0.0779043 0.0731156 0.0679346 0.0624668 0.0568321 0.0511536 0.0455427 0.0400903 0.0348704 0.0299523 0.025406 0.02129 0.0176324 0.0144251 0.0116393 0.00924839 0.00723585 0.00558557 0.0042667 0.00322961 0.00241598 0.00177358 0.00126533 0.000868729 0.000569304 0.000354044 0.000208185 0.000115527 6.04438e-05 2.9789e-05 1.3786e-05 5.94963e-06 
0 1.04121e-05 2.66317e-05 5.59967e-05 0.000108595 0.000197769 0.000339482 0.000550531 0.000846424 0.00124081 0.00174848 0.00239207 0.00320917 0.00425343 0.00558557 0.00725752 0.00930141 0.0117339 0.0145723 0.0178461 0.021586 0.0257989 0.0304511 0.0354781 0.0408079 0.0463718 0.0520926 0.0578696 0.0635787 0.0690885 0.0742774 0.0790415 0.083294 0.0869605 0.0899782 0.0923 0.0939011 0.0947823 0.0949693 0.0945075 0.0934555 0.0918792 0.089849 0.0874372 0.0847177 0.0817641 0.0786475 0.0754339 0.0721819 0.0689406 0.0657493 0.0626376 0.0596268 0.0567312 0.0539594 0.0513155 0.0487997 0.0464093 0.044139 0.041981 0.0399264 0.0379649 0.0360856 0.034278 0.0325319 0.0308381 0.0291886 0.0275767 0.0259971 0.0244458 0.02292 0.0214181 0.0199392 0.0184836 0.0170518 0.0156452 0.0142656 0.012915 0.0115957 0.0103104 0.00906184 0.00785275 0.00668603 0.00556453 0.00449105 0.00346833 0.002499 0.00158555 0.000730342 -6.44349e-05 -0.000796763 -0.0014648 -0.00206689 -0.00260155 -0.00306749 -0.0034636 -0.00378896 -0.00404279 -0.00422451 -0.00433371 -0.00437014 -0.00433371 -0.00422451 -0.00404279 -0.00378896 -0.0034636 -0.00306749 -0.00260155 -0.00206689 -0.0014648 -0.000796763 -6.44349e-05 0.000730342 0.00158555 0.002499 0.00346833 0.00449105 0.00556453 0.00668603 0.00785275 0.00906184 0.0103104 0.0115957 0.012915 0.0142656 0.0156452 0.0170518 0.0184836 0.0199392 0.0214181 0.02292 0.0244458 0.0259971 0.0275767 0.0291886 0.0308381 0.0325319 0.034278 0.0360856 0.0379649 0.0399264 0.041981 0.044139 0.0464093 0.0487997 0.0513155 0.0539594 0.0567312 0.0596268 0.0626376 0.0657493 0.0689406 0.0721819 0.0754339 0.0786475 0.0817641 0.0847177 0.0874372 0.089849 0.0918792 0.0934555 0.0945075 0.0949693 0.0947823 0.0939011 0.0923 0.0899782 0.0869605 0.083294 0.0790415 0.0742774 0.0690885 0.0635787 0.0578696 0.0520926 0.0463718 0.0408079 0.0354781 0.0304511 0.0257989 0.021586 0.0178461 0.0145723 0.0117339 0.00930141 0.00725752 0.00558557 0.00425343 0.00320917 0.00239207 0.00174848 0.00124081 0.000846424 0.00055053 0.000339483 0.00019778 0.000108653 5.62233e-05 2.73936e-05 1.27074e-05 
0 2.01004e-05 4.97648e-05 0.000100237 0.000185466 0.000321933 0.000527114 0.00081736 0.00120706 0.0017113 0.00235263 0.00316862 0.00421389 0.00555139 0.00723585 0.00930141 0.0117655 0.0146463 0.0179752 0.0217852 0.0260823 0.0308284 0.0359538 0.0413852 0.0470542 0.0528796 0.0587497 0.0645279 0.0700769 0.0752755 0.0800212 0.0842245 0.0878058 0.0906979 0.0928552 0.09426 0.0949244 0.0948841 0.094192 0.0929114 0.0911125 0.0888704 0.0862651 0.0833782 0.0802906 0.0770782 0.0738087 0.0705391 0.0673152 0.0641727 0.061138 0.0582299 0.0554614 0.0528398 0.0503679 0.0480444 0.0458642 0.043819 0.0418985 0.0400906 0.0383827 0.0367623 0.0352175 0.0337373 0.0323119 0.0309328 0.0295927 0.0282856 0.0270064 0.0257511 0.0245166 0.0233005 0.0221013 0.0209182 0.0197511 0.0186006 0.0174675 0.0163535 0.0152605 0.0141908 0.0131468 0.0121312 0.011147 0.010197 0.00928396 0.00841086 0.00758042 0.0067953 0.006058 0.00537089 0.00473614 0.00415578 0.00363162 0.0031653 0.00275826 0.00241174 0.00212679 0.00190428 0.00174487 0.00164903 0.00161706 0.00164903 0.00174487 0.00190428 0.00212679 0.00241174 0.00275826 0.0031653 0.00363162 0.00415578 0.00473614 0.00537089 0.006058 0.0067953 0.00758042 0.00841086 0.00928396 0.010197 0.011147 0.0121312 0.0131468 0.0141908 0.0152605 0.0163535 0.0174675 0.0186006 0.0197511 0.0209182 0.0221013 0.0233005 0.0245166 0.0257511 0.0270064 0.0282856 0.0295927 0.0309328 0.0323119 0.0337373 0.0352175 0.0367623 0.0383827 0.0400906 0.0418985 0.043819 0.0458642 0.0480444 0.0503679 0.0528398 0.0554614 0.0582299 0.061138 0.0641727 0.0673152 0.0705391 0.0738087 0.0770782 0.0802906 0.0833782 0.0862651 0.0888704 0.0911125 0.0929114 0.094192 0.0948841 0.0949244 0.09426 0.0928552 0.0906979 0.0878058 0.0842245 0.0800212 0.0752755 0.0700769 0.0645279 0.0587497 0.0528796 0.0470542 0.0413852 0.0359538 0.0308284 0.0260823 0.0217852 0.0179752 0.0146463 0.0117655 0.00930141 0.00723585 0.00555139 0.00421389 0.00316862 0.00235263 0.0017113 0.00120706 0.000817361 0.000527125 0.000321986 0.000185671 0.000100924 5.18468e-05 2.58626e-05 
0 3.68393e-05 8.8364e-05 0.000170624 0.000301448 0.000499437 0.000782056 0.00116462 0.00166262 0.00229826 0.00310863 0.00414876 0.00548363 0.00717119 0.00924839 0.0117339 0.0146463 0.0180184 0.0218853 0.0262535 0.0310814 0.0362951 0.04182 0.0475876 0.0535123 0.0594707 0.065315 0.0709037 0.0761176 0.0808538 0.0850165 0.0885189 0.0912915 0.093293 0.0945153 0.0949801 0.0947302 0.0938221 0.0923224 0.0903063 0.0878571 0.0850636 0.0820163 0.0788012 0.0754962 0.0721674 0.0688694 0.0656456 0.0625296 0.0595472 0.0567169 0.0540505 0.0515538 0.0492267 0.0470641 0.0450572 0.0431942 0.0414619 0.0398467 0.038335 0.0369143 0.035573 0.0343004 0.0330871 0.0319245 0.0308049 0.0297213 0.0286677 0.0276386 0.0266298 0.0256376 0.0246592 0.0236927 0.0227372 0.0217921 0.0208578 0.0199351 0.0190253 0.0181302 0.0172517 0.0163921 0.0155537 0.0147392 0.013951 0.0131917 0.0124639 0.0117701 0.0111127 0.010494 0.00991618 0.00938141 0.00889157 0.00844842 0.00805356 0.00770843 0.00741426 0.00717212 0.00698288 0.00684722 0.00676563 0.0067384 0.00676563 0.00684722 0.00698288 0.00717212 0.00741426 0.00770843 0.00805356 0.00844842 0.00889157 0.00938141 0.00991618 0.010494 0.0111127 0.0117701 0.0124639 0.0131917 0.013951 0.0147392 0.0155537 0.0163921 0.0172517 0.0181302 0.0190253 0.0199351 0.0208578 0.0217921 0.0227372 0.0236927 0.0246592 0.0256376 0.0266298 0.0276386 0.0286677 0.0297213 0.0308049 0.0319245 0.0330871 0.0343004 0.035573 0.0369143 0.038335 0.0398467 0.0414619 0.0431942 0.0450572 0.0470641 0.0492267 0.0515538 0.0540505 0.0567169 0.0595472 0.0625296 0.0656456 0.0688694 0.0721674 0.0754962 0.0788012 0.0820163 0.0850636 0.0878571 0.0903063 0.0923224 0.0938221 0.0947302 0.0949801 0.0945153 0.093293 0.0912915 0.0885189 0.0850165 0.0808538 0.0761176 0.0709037 0.065315 0.0594707 0.0535123 0.0475876 0.04182 0.0362951 0.0310814 0.0262535 0.0218853 0.0180184 0.0146463 0.0117339 0.00924839 0.00717119 0.00548363 0.00414876 0.00310863 0.00229826 0.00166262 0.00116463 0.000782103 0.000499618 0.000302058 0.00017248 9.354e-05 5.01685e-05 
0 6.41103e-05 0.000149177 0.000276523 0.000467275 0.000740873 0.00111411 0.00160312 0.00222975 0.00303018 0.0040592 0.0053835 0.00706459 0.00914306 0.0116393 0.0145723 0.0179752 0.0218853 0.0263107 0.0312083 0.0365006 0.0421107 0.0479702 0.0539886 0.0600318 0.0659412 0.0715731 0.0768104 0.0815471 0.0856784 0.0891099 0.091773 0.0936334 0.0946922 0.0949781 0.0945369 0.0934268 0.0917189 0.0894968 0.0868537 0.083888 0.0806957 0.0773648 0.0739717 0.0705809 0.0672453 0.0640083 0.0609045 0.0579599 0.0551922 0.0526111 0.0502184 0.0480099 0.0459762 0.044105 0.0423828 0.0407951 0.0393283 0.0379692 0.0367056 0.035526 0.0344195 0.033376 0.032386 0.031441 0.0305331 0.0296556 0.0288025 0.0279693 0.027152 0.0263478 0.0255546 0.0247713 0.0239969 0.0232315 0.0224751 0.0217286 0.0209926 0.0202686 0.0195578 0.0188619 0.0181826 0.0175217 0.0168813 0.0162634 0.01567 0.0151032 0.0145651 0.0140577 0.0135829 0.0131426 0.0127386 0.0123725 0.0120458 0.0117598 0.0115158 0.0113148 0.0111575 0.0110447 0.0109768 0.0109542 0.0109768 0.0110447 0.0111575 0.0113148 0.0115158 0.0117598 0.0120458 0.0123725 0.0127386 0.0131426 0.0135829 0.0140577 0.0145651 0.0151032 0.01567 0.0162634 0.0168813 0.0175217 0.0181826 0.0188619 0.0195578 0.0202686 0.0209926 0.0217286 0.0224751 0.0232315 0.0239969 0.0247713 0.0255546 0.0263478 0.027152 0.0279693 0.0288025 0.0296556 0.0305331 0.031441 0.032386 0.033376 0.0344195 0.035526 0.0367056 0.0379692 0.0393283 0.0407951 0.0423828 0.044105 0.0459762 0.0480099 0.0502184 0.0526111 0.0551922 0.0579599 0.0609045 0.0640083 0.0672453 0.0705809 0.0739717 0.0773648 0.0806957 0.083888 0.0868537 0.0894968 0.0917189 0.0934268 0.0945369 0.0949781 0.0946922 0.0936334 0.091773 0.0891099 0.0856784 0.0815471 0.0768104 0.0715731 0.0659412 0.0600318 0.0539886 0.0479702 0.0421107 0.0365006 0.0312083 0.0263107 0.0218853 0.0179752 0.0145723 0.0116393 0.00914306 0.00706459 0.0053835 0.0040592 0.00303019 0.00222976 0.00160316 0.00111427 0.000741404 0.000468902 0.000281097 0.000161065 9.27967e-05 
