0 0 0 0 0 0 0 0 0 0 0 0 0 0 0 0 0 0 0 0 0 0 0 0 0 0 0 0 0 0 0 0 0 0 0 0 0 0 0 0 0 0 0 0 0 0 0 0 0 0 0 0 0 0 0 0 0 0 0 0 0 0 0 0 0 0 0 0 0 0 0 0 0 0 0 0 0 0 0 0 0 0 0 0 0 0 0 0 0 0 0 0 0 0 0 0 0 0 0 0 0 0 0 0 0 0 0 0 0 0 0 0 0 0 0 0 0 0 0 0 0 0 0 0 0 0 0 0 0 0 0 0 0 0 0 0 0 0 0 0 0 0 0 0 0 0 0 0 0 0 0 0 0 0 0 0 0 0 0 0 0 0 0 0 0 0 0 0 0 0 0 0 0 0 0 0 0 0 0 0 0 0 0 0 0 0 0 0 0 0 0 0 0 0 0 0 0 0 0 0 
0 5.16524e-25 4.40635e-24 3.53211e-23 2.6929e-22 1.95368e-21 1.34918e-20 8.87112e-20 5.55496e-19 3.31327e-18 1.88265e-17 1.01923e-16 5.25775e-16 2.58451e-15 1.21066e-14 5.40426e-14 2.29888e-13 9.31868e-13 3.59944e-12 1.32477e-11 4.64572e-11 1.55223e-10 4.94129e-10 1.49866e-09 4.33062e-09 1.19236e-08 3.12841e-08 7.82288e-08 1.86483e-07 4.23915e-07 9.1932e-07 1.90298e-06 3.7624e-06 7.11059e-06 1.28579e-05 2.2271e-05 3.69982e-05 5.90384e-05 9.06421e-05 0.000134149 0.000191785 0.000265472 0.000356696 0.000466486 0.000595524 0.000744378 0.000913795 0.001105 0.00131989 0.00156112 0.00183195 0.00213598 0.00247675 0.00285725 0.00327952 0.00374431 0.00425088 0.00479701 0.00537908 0.00599235 0.00663121 0.00728957 0.00796114 0.00863968 0.00931922 0.0099942 0.0106595 0.0113105 0.0119432 0.0125538 0.0131391 0.0136964 0.0142234 0.014718 0.0151787 0.0156045 0.0159946 0.0163487 0.0166671 0.0169504 0.0171995 0.0174157 0.0176009 0.0177568 0.0178857 0.01799 0.018072 0.0181345 0.0181799 0.0182109 0.0182298 0.018239 0.0182409 0.0182374 0.0182304 0.0182216 0.0182124 0.018204 0.0181973 0.018193 0.0181916 0.018193 0.0181973 0.018204 0.0182124 0.0182216 0.0182304 0.0182374 0.0182409 0.018239 0.0182298 0.0182109 0.0181799 0.0181345 0.018072 0.01799 0.0178857 0.0177568 0.0176009 0.0174157 0.0171995 0.0169504 0.0166671 0.0163487 0.0159946 0.0156045 0.0151787 0.014718 0.0142234 0.0136964 0.0131391 0.0125538 0.0119432 0.0113105 0.0106595 0.0099942 0.00931922 0.00863968 0.00796114 0.00728957 0.00663121 0.00599235 0.00537908 0.00479701 0.00425088 0.00374431 0.00327952 0.00285725 0.00247675 0.00213598 0.00183195 0.00156112 0.00131989 0.001105 0.000913795 0.000744378 0.000595524 0.000466486 0.000356696 0.000265472 0.000191785 0.000134149 9.06421e-05 5.90384e-05 3.69982e-05 2.2271e-05 1.28579e-05 7.11059e-06 3.7624e-06 1.90298e-06 9.1932e-07 4.23915e-07 1.86483e-07 7.82288e-08 3.12841e-08 1.19236e-08 4.33062e-09 1.49866e-09 4.94129e-10 1.55223e-10 4.64572e-11 1.32477e-11 3.59944e-12 9.31868e-13 2.29888e-13 5.40426e-14 1.21066e-14 2.58451e-15 5.25775e-16 1.01923e-16 1.88265e-17 3.31327e-18 5.55496e-19 8.87112e-20 1.34918e-20 1.95368e-21 2.6929e-22 3.53185e-23 4.38274e-24 3.08467e-25 
0 4.40635e-24 3.61727e-23 2.78903e-22 2.04623e-21 1.42919e-20 9.50552e-20 6.02153e-19 3.63383e-18 2.08935e-17 1.14471e-16 5.97666e-16 2.97385e-15 1.41023e-14 6.37345e-14 2.74515e-13 1.12681e-12 4.4077e-12 1.64295e-11 5.83535e-11 1.97477e-10 6.36727e-10 1.956e-09 5.72483e-09 1.59643e-08 4.24196e-08 1.07417e-07 2.59275e-07 5.96703e-07 1.3099e-06 2.74424e-06 5.49024e-06 1.04975e-05 1.92011e-05 3.36355e-05 5.65031e-05 9.11609e-05 0.000141499 0.00021171 0.000305987 0.000428214 0.000581722 0.000769215 0.000992874 0.00125465 0.00155668 0.0019017 0.00229336 0.00273634 0.00323618 0.00379892 0.00443048 0.00513601 0.00591926 0.00678203 0.00772386 0.00874188 0.00983098 0.010984 0.0121922 0.0134455 0.0147333 0.0160444 0.0173677 0.0186923 0.0200078 0.0213043 0.0225725 0.023804 0.0249911 0.026127 0.0272058 0.0282224 0.029173 0.0300543 0.0308645 0.0316023 0.0322679 0.0328619 0.0333862 0.0338431 0.0342358 0.034568 0.034844 0.0350685 0.0352462 0.0353823 0.0354819 0.03555 0.0355918 0.035612 0.0356153 0.0356059 0.0355879 0.0355648 0.0355397 0.0355154 0.0354942 0.0354777 0.0354673 0.0354638 0.0354673 0.0354777 0.0354942 0.0355154 0.0355397 0.0355648 0.0355879 0.0356059 0.0356153 0.035612 0.0355918 0.03555 0.0354819 0.0353823 0.0352462 0.0350685 0.034844 0.034568 0.0342358 0.0338431 0.0333862 0.0328619 0.0322679 0.0316023 0.0308645 0.0300543 0.029173 0.0282224 0.0272058 0.026127 0.0249911 0.023804 0.0225725 0.0213043 0.0200078 0.0186923 0.0173677 0.0160444 0.0147333 0.0134455 0.0121922 0.010984 0.00983098 0.00874188 0.00772386 0.00678203 0.00591926 0.00513601 0.00443048 0.00379892 0.00323618 0.00273634 0.00229336 0.0019017 0.00155668 0.00125465 0.000992874 0.000769215 0.000581722 0.000428214 0.000305987 0.00021171 0.000141499 9.11609e-05 5.65031e-05 3.36355e-05 1.92011e-05 1.04975e-05 5.49024e-06 2.74424e-06 1.3099e-06 5.96703e-07 2.59275e-07 1.07417e-07 4.24196e-08 1.59643e-08 5.72483e-09 1.956e-09 6.36727e-10 1.97477e-10 5.83535e-11 1.64295e-11 4.4077e-12 1.12681e-12 2.74515e-13 6.37345e-14 1.41023e-14 2.97385e-15 5.97666e-16 1.14471e-16 2.08935e-17 3.63383e-18 6.02153e-19 9.50552e-20 1.42919e-20 2.04623e-21 2.7888e-22 3.5967e-23 2.66676e-24 
0 3.53211e-23 2.78903e-22 2.06708e-21 1.45824e-20 9.79638e-20 6.26847e-19 3.82114e-18 2.21932e-17 1.22825e-16 6.47779e-16 3.25578e-15 1.55947e-14 7.1185e-14 3.09652e-13 1.28355e-12 5.06956e-12 1.90773e-11 6.83932e-11 2.33573e-10 7.59822e-10 2.35424e-09 6.94738e-09 1.95262e-08 5.22703e-08 1.33282e-07 3.23771e-07 7.49481e-07 1.65384e-06 3.48053e-06 6.99013e-06 1.34077e-05 2.45852e-05 4.31473e-05 7.2577e-05 0.000117197 0.000182019 0.00027247 0.000394049 0.00055199 0.000751053 0.000995501 0.00128929 0.00163645 0.00204148 0.00250977 0.00304772 0.00366268 0.00436257 0.00515526 0.00604791 0.00704625 0.00815399 0.00937242 0.0107002 0.0121335 0.013666 0.0152892 0.0169929 0.0187652 0.0205932 0.0224632 0.0243607 0.0262709 0.028179 0.0300702 0.0319302 0.0337453 0.0355027 0.0371908 0.0387992 0.0403191 0.0417432 0.043066 0.0442835 0.0453935 0.0463954 0.0472901 0.0480797 0.0487679 0.0493592 0.049859 0.0502735 0.0506096 0.0508744 0.0510754 0.0512202 0.0513163 0.0513712 0.0513923 0.0513863 0.0513598 0.051319 0.0512694 0.0512159 0.0511631 0.0511146 0.0510737 0.0510427 0.0510233 0.0510168 0.0510233 0.0510427 0.0510737 0.0511146 0.0511631 0.0512159 0.0512694 0.051319 0.0513598 0.0513863 0.0513923 0.0513712 0.0513163 0.0512202 0.0510754 0.0508744 0.0506096 0.0502735 0.049859 0.0493592 0.0487679 0.0480797 0.0472901 0.0463954 0.0453935 0.0442835 0.043066 0.0417432 0.0403191 0.0387992 0.0371908 0.0355027 0.0337453 0.0319302 0.0300702 0.028179 0.0262709 0.0243607 0.0224632 0.0205932 0.0187652 0.0169929 0.0152892 0.013666 0.0121335 0.0107002 0.00937242 0.00815399 0.00704625 0.00604791 0.00515526 0.00436257 0.00366268 0.00304772 0.00250977 0.00204148 0.00163645 0.00128929 0.000995501 0.000751053 0.00055199 0.000394049 0.00027247 0.000182019 0.000117197 7.2577e-05 4.31473e-05 2.45852e-05 1.34077e-05 6.99013e-06 3.48053e-06 1.65384e-06 7.49481e-07 3.23771e-07 1.33282e-07 5.22703e-08 1.95262e-08 6.94738e-09 2.35424e-09 7.59822e-10 2.33573e-10 6.83932e-11 1.90773e-11 5.06956e-12 1.28355e-12 3.09652e-13 7.1185e-14 1.55947e-14 3.25578e-15 6.47779e-16 1.22825e-16 2.21932e-17 3.82114e-18 6.26847e-19 9.79638e-20 1.45824e-20 2.06688e-21 2.77222e-22 2.16773e-23 
0 2.6929e-22 2.04623e-21 1.45824e-20 9.89428e-20 6.39454e-19 3.93712e-18 2.30965e-17 1.29109e-16 6.87747e-16 3.49123e-15 1.68889e-14 7.7855e-14 3.41985e-13 1.4313e-12 5.70708e-12 2.16775e-11 7.8427e-11 2.70226e-10 8.86622e-10 2.76982e-09 8.23798e-09 2.33247e-08 6.28673e-08 1.61307e-07 3.9404e-07 9.1656e-07 2.03066e-06 4.28691e-06 8.62835e-06 1.65695e-05 3.03878e-05 5.32855e-05 8.94677e-05 0.000144085 0.00022302 0.000332548 0.000478956 0.000668241 0.000906007 0.00119763 0.00154863 0.00196524 0.00245479 0.00302601 0.00368885 0.00445405 0.00533229 0.00633335 0.00746519 0.00873326 0.0101401 0.0116854 0.0133658 0.0151755 0.0171064 0.0191485 0.0212902 0.0235184 0.0258188 0.0281757 0.0305722 0.0329907 0.0354128 0.0378198 0.0401929 0.042514 0.0447658 0.0469323 0.0489991 0.0509541 0.0527869 0.0544897 0.0560568 0.0574851 0.0587732 0.0599221 0.0609344 0.0618145 0.0625683 0.0632025 0.0637252 0.0641449 0.064471 0.064713 0.0648806 0.0649836 0.0650317 0.0650342 0.0650004 0.0649387 0.0648572 0.0647634 0.0646642 0.0645655 0.0644728 0.0643907 0.0643229 0.0642723 0.0642411 0.0642306 0.0642411 0.0642723 0.0643229 0.0643907 0.0644728 0.0645655 0.0646642 0.0647634 0.0648572 0.0649387 0.0650004 0.0650342 0.0650317 0.0649836 0.0648806 0.064713 0.064471 0.0641449 0.0637252 0.0632025 0.0625683 0.0618145 0.0609344 0.0599221 0.0587732 0.0574851 0.0560568 0.0544897 0.0527869 0.0509541 0.0489991 0.0469323 0.0447658 0.042514 0.0401929 0.0378198 0.0354128 0.0329907 0.0305722 0.0281757 0.0258188 0.0235184 0.0212902 0.0191485 0.0171064 0.0151755 0.0133658 0.0116854 0.0101401 0.00873326 0.00746519 0.00633335 0.00533229 0.00445405 0.00368885 0.00302601 0.00245479 0.00196524 0.00154863 0.00119763 0.000906007 0.000668241 0.000478956 0.000332548 0.00022302 0.000144085 8.94677e-05 5.32855e-05 3.03878e-05 1.65695e-05 8.62835e-06 4.28691e-06 2.03066e-06 9.1656e-07 3.9404e-07 1.61307e-07 6.28673e-08 2.33247e-08 8.23798e-09 2.76982e-09 8.86622e-10 2.70226e-10 7.8427e-11 2.16775e-11 5.70708e-12 1.4313e-12 3.41985e-13 7.7855e-14 1.68889e-14 3.49123e-15 6.87747e-16 1.29109e-16 2.30965e-17 3.93712e-18 6.39454e-19 9.89427e-20 1.45808e-20 2.03319e-21 1.67654e-22 
0 1.95368e-21 1.42919e-20 9.79638e-20 6.39454e-19 3.97654e-18 2.35618e-17 1.33031e-16 7.15742e-16 3.66968e-15 1.79291e-14 8.34685e-14 3.70246e-13 1.56464e-12 6.29862e-12 2.415e-11 8.81786e-11 3.06557e-10 1.01458e-09 3.1961e-09 9.58166e-09 2.73332e-08 7.41865e-08 1.91567e-07 4.7063e-07 1.10012e-06 2.44731e-06 5.18279e-06 1.04538e-05 2.0096e-05 3.68522e-05 6.45415e-05 0.000108111 0.000173513 0.000267405 0.000396715 0.000568237 0.000788386 0.00106327 0.0013991 0.00180286 0.00228295 0.00284968 0.00351525 0.00429324 0.0051977 0.00624186 0.00743701 0.00879149 0.0103101 0.0119941 0.0138411 0.015846 0.0180008 0.0202958 0.0227192 0.0252576 0.027896 0.0306177 0.0334043 0.0362361 0.0390917 0.0419493 0.0447863 0.0475804 0.0503099 0.0529543 0.0554948 0.0579149 0.0602001 0.062339 0.0643224 0.0661442 0.0678006 0.0692905 0.070615 0.0717774 0.0727828 0.0736378 0.0743507 0.0749307 0.0753878 0.0757329 0.0759772 0.0761323 0.0762096 0.0762207 0.0761768 0.0760887 0.0759668 0.075821 0.0756603 0.0754932 0.0753274 0.0751696 0.0750259 0.0749013 0.0748 0.0747253 0.0746796 0.0746642 0.0746796 0.0747253 0.0748 0.0749013 0.0750259 0.0751696 0.0753274 0.0754932 0.0756603 0.075821 0.0759668 0.0760887 0.0761768 0.0762207 0.0762096 0.0761323 0.0759772 0.0757329 0.0753878 0.0749307 0.0743507 0.0736378 0.0727828 0.0717774 0.070615 0.0692905 0.0678006 0.0661442 0.0643224 0.062339 0.0602001 0.0579149 0.0554948 0.0529543 0.0503099 0.0475804 0.0447863 0.0419493 0.0390917 0.0362361 0.0334043 0.0306177 0.027896 0.0252576 0.0227192 0.0202958 0.0180008 0.015846 0.0138411 0.0119941 0.0103101 0.00879149 0.00743701 0.00624186 0.0051977 0.00429324 0.00351525 0.00284968 0.00228295 0.00180286 0.0013991 0.00106327 0.000788386 0.000568237 0.000396715 0.000267405 0.000173513 0.000108111 6.45415e-05 3.68522e-05 2.0096e-05 1.04538e-05 5.18279e-06 2.44731e-06 1.10012e-06 4.7063e-07 1.91567e-07 7.41865e-08 2.73332e-08 9.58166e-09 3.1961e-09 1.01458e-09 3.06557e-10 8.81786e-11 2.415e-11 6.29862e-12 1.56464e-12 3.70246e-13 8.34685e-14 1.79291e-14 3.66968e-15 7.15742e-16 1.33031e-16 2.35618e-17 3.97654e-18 6.39453e-19 9.79516e-20 1.41958e-20 1.23433e-21 
0 1.34918e-20 9.50552e-20 6.26847e-19 3.93712e-18 2.35618e-17 1.34364e-16 7.30162e-16 3.78108e-15 1.86577e-14 8.77233e-14 3.92957e-13 1.67685e-12 6.81549e-12 2.63802e-11 9.722e-11 3.41067e-10 1.13877e-09 3.61787e-09 1.09344e-08 3.14327e-08 8.59276e-08 2.23354e-07 5.51989e-07 1.29701e-06 2.89786e-06 6.15791e-06 1.24503e-05 2.39649e-05 4.39524e-05 7.68942e-05 0.000128512 0.000205562 0.000315417 0.00046555 0.000663104 0.000914767 0.00122708 0.00160713 0.00206351 0.00260703 0.00325109 0.00401131 0.00490452 0.00594732 0.00715455 0.00853799 0.0101055 0.0118609 0.0138039 0.0159308 0.0182352 0.0207079 0.0233377 0.0261113 0.0290131 0.032025 0.0351267 0.0382958 0.041508 0.0447374 0.0479578 0.0511427 0.0542665 0.057305 0.0602358 0.0630389 0.0656972 0.068196 0.070524 0.0726726 0.0746361 0.0764115 0.0779986 0.0793992 0.0806176 0.08166 0.082534 0.0832489 0.0838153 0.0842444 0.0845485 0.0847402 0.0848323 0.0848378 0.0847698 0.0846408 0.0844631 0.0842484 0.084008 0.0837523 0.083491 0.0832329 0.0829861 0.0827576 0.0825538 0.0823798 0.08224 0.0821378 0.0820754 0.0820545 0.0820754 0.0821378 0.08224 0.0823798 0.0825538 0.0827576 0.0829861 0.0832329 0.083491 0.0837523 0.084008 0.0842484 0.0844631 0.0846408 0.0847698 0.0848378 0.0848323 0.0847402 0.0845485 0.0842444 0.0838153 0.0832489 0.082534 0.08166 0.0806176 0.0793992 0.0779986 0.0764115 0.0746361 0.0726726 0.070524 0.068196 0.0656972 0.0630389 0.0602358 0.057305 0.0542665 0.0511427 0.0479578 0.0447374 0.041508 0.0382958 0.0351267 0.032025 0.0290131 0.0261113 0.0233377 0.0207079 0.0182352 0.0159308 0.0138039 0.0118609 0.0101055 0.00853799 0.00715455 0.00594732 0.00490452 0.00401131 0.00325109 0.00260703 0.00206351 0.00160713 0.00122708 0.000914767 0.000663104 0.00046555 0.000315417 0.000205562 0.000128512 7.68942e-05 4.39524e-05 2.39649e-05 1.24503e-05 6.15791e-06 2.89786e-06 1.29701e-06 5.51989e-07 2.23354e-07 8.59276e-08 3.14327e-08 1.09344e-08 3.61787e-09 1.13877e-09 3.41067e-10 9.722e-11 2.63802e-11 6.81549e-12 1.67685e-12 3.92957e-13 8.77233e-14 1.86577e-14 3.78108e-15 7.30162e-16 1.34364e-16 2.35618e-17 3.93711e-18 6.26758e-19 9.43817e-20 8.65375e-21 
0 8.87112e-20 6.02153e-19 3.82114e-18 2.30965e-17 1.33031e-16 7.30162e-16 3.81896e-15 1.9033e-14 9.03792e-14 4.08864e-13 1.76187e-12 7.23068e-12 2.82557e-11 1.05113e-10 3.72156e-10 1.25372e-09 4.01763e-09 1.22438e-08 3.5475e-08 9.76986e-08 2.55695e-07 6.3585e-07 1.50227e-06 3.37211e-06 7.19245e-06 1.45815e-05 2.81124e-05 5.15818e-05 9.0172e-05 0.000150405 0.000239832 0.00036649 0.000538298 0.000762654 0.00104649 0.00139686 0.00182202 0.00233255 0.0029421 0.00366737 0.00452726 0.00554123 0.00672745 0.00810111 0.00967327 0.0114505 0.0134349 0.0156251 0.0180165 0.0206017 0.0233712 0.0263125 0.0294102 0.0326457 0.035997 0.039439 0.0429439 0.0464819 0.0500222 0.053534 0.0569874 0.060354 0.063608 0.0667261 0.0696883 0.0724778 0.0750808 0.0774872 0.0796896 0.0816837 0.0834681 0.0850441 0.0864151 0.087587 0.0885674 0.0893659 0.0899933 0.0904616 0.0907839 0.0909737 0.0910451 0.0910125 0.0908901 0.090692 0.0904319 0.0901232 0.0897787 0.0894102 0.0890291 0.0886458 0.08827 0.0879104 0.0875747 0.0872698 0.0870018 0.0867757 0.0865955 0.0864646 0.0863851 0.0863584 0.0863851 0.0864646 0.0865955 0.0867757 0.0870018 0.0872698 0.0875747 0.0879104 0.08827 0.0886458 0.0890291 0.0894102 0.0897787 0.0901232 0.0904319 0.090692 0.0908901 0.0910125 0.0910451 0.0909737 0.0907839 0.0904616 0.0899933 0.0893659 0.0885674 0.087587 0.0864151 0.0850441 0.0834681 0.0816837 0.0796896 0.0774872 0.0750808 0.0724778 0.0696883 0.0667261 0.063608 0.060354 0.0569874 0.053534 0.0500222 0.0464819 0.0429439 0.039439 0.035997 0.0326457 0.0294102 0.0263125 0.0233712 0.0206017 0.0180165 0.0156251 0.0134349 0.0114505 0.00967327 0.00810111 0.00672745 0.00554123 0.00452726 0.00366737 0.0029421 0.00233255 0.00182202 0.00139686 0.00104649 0.000762654 0.000538298 0.00036649 0.000239832 0.000150405 9.0172e-05 5.15818e-05 2.81124e-05 1.45815e-05 7.19245e-06 3.37211e-06 1.50227e-06 6.3585e-07 2.55695e-07 9.76986e-08 3.5475e-08 1.22438e-08 4.01763e-09 1.25372e-09 3.72156e-10 1.05113e-10 2.82557e-11 7.23068e-12 1.76187e-12 4.08864e-13 9.03792e-14 1.9033e-14 3.81896e-15 7.30162e-16 1.33031e-16 2.30965e-17 3.82052e-18 5.97672e-19 5.77899e-20 
0 5.55496e-19 3.63383e-18 2.21932e-17 1.29109e-16 7.15742e-16 3.78108e-15 1.9033e-14 9.12822e-14 4.17057e-13 1.81493e-12 7.52137e-12 2.9676e-11 1.11448e-10 3.98273e-10 1.35394e-09 4.37713e-09 1.34529e-08 3.92951e-08 1.09049e-07 2.87438e-07 7.19447e-07 1.70965e-06 3.85682e-06 8.26e-06 1.67975e-05 3.24492e-05 5.95876e-05 0.000104125 0.000173398 0.000275729 0.000419757 0.00061376 0.000865325 0.00118165 0.00157054 0.00204181 0.00260854 0.00328765 0.00409935 0.00506551 0.00620751 0.00754399 0.00908932 0.0108529 0.0128395 0.0150498 0.0174812 0.0201287 0.0229845 0.0260379 0.0292745 0.0326759 0.036219 0.0398765 0.0436177 0.0474087 0.0512147 0.0550003 0.0587311 0.0623747 0.0659013 0.0692841 0.0724999 0.075529 0.0783553 0.0809662 0.0833527 0.0855091 0.087433 0.0891249 0.0905881 0.0918288 0.092855 0.093677 0.0943068 0.0947577 0.095044 0.0951807 0.0951835 0.0950682 0.0948503 0.0945455 0.0941688 0.0937347 0.0932572 0.0927495 0.0922239 0.0916919 0.0911642 0.0906504 0.0901595 0.0896994 0.0892771 0.0888988 0.0885698 0.0882946 0.0880769 0.0879193 0.087824 0.0877921 0.087824 0.0879193 0.0880769 0.0882946 0.0885698 0.0888988 0.0892771 0.0896994 0.0901595 0.0906504 0.0911642 0.0916919 0.0922239 0.0927495 0.0932572 0.0937347 0.0941688 0.0945455 0.0948503 0.0950682 0.0951835 0.0951807 0.095044 0.0947577 0.0943068 0.093677 0.092855 0.0918288 0.0905881 0.0891249 0.087433 0.0855091 0.0833527 0.0809662 0.0783553 0.075529 0.0724999 0.0692841 0.0659013 0.0623747 0.0587311 0.0550003 0.0512147 0.0474087 0.0436177 0.0398765 0.036219 0.0326759 0.0292745 0.0260379 0.0229845 0.0201287 0.0174812 0.0150498 0.0128395 0.0108529 0.00908932 0.00754399 0.00620751 0.00506551 0.00409935 0.00328765 0.00260854 0.00204181 0.00157054 0.00118165 0.000865325 0.00061376 0.000419757 0.000275729 0.000173398 0.000104125 5.95876e-05 3.24492e-05 1.67975e-05 8.26e-06 3.85682e-06 1.70965e-06 7.19447e-07 2.87438e-07 1.09049e-07 3.92951e-08 1.34529e-08 4.37713e-09 1.35394e-09 3.98273e-10 1.11448e-10 2.9676e-11 7.52137e-12 1.81493e-12 4.17057e-13 9.12822e-14 1.9033e-14 3.78108e-15 7.15742e-16 1.29108e-16 2.21891e-17 3.60549e-18 3.67691e-19 
0 3.31327e-18 2.08935e-17 1.22825e-16 6.87747e-16 3.66968e-15 1.86577e-14 9.03792e-14 4.17057e-13 1.83297e-12 7.67105e-12 3.0562e-11 1.15881e-10 4.18036e-10 1.43429e-09 4.67869e-09 1.4505e-08 4.27219e-08 1.19498e-07 3.17317e-07 7.99657e-07 1.91194e-06 4.33634e-06 9.32866e-06 1.90372e-05 3.68645e-05 6.778e-05 0.000118444 0.000197006 0.000312532 0.000474192 0.000690541 0.000969317 0.00131809 0.00174569 0.00226395 0.002889 0.00364141 0.00454485 0.00562373 0.00690041 0.008393 0.0101142 0.0120714 0.0142676 0.0167025 0.0193731 0.0222739 0.0253962 0.0287272 0.0322488 0.0359376 0.0397645 0.0436958 0.0476945 0.0517214 0.0557372 0.0597033 0.0635832 0.0673432 0.0709529 0.0743854 0.0776176 0.0806302 0.0834079 0.0859393 0.0882167 0.0902366 0.0919986 0.0935062 0.0947659 0.0957869 0.0965808 0.0971614 0.0975438 0.0977444 0.0977804 0.0976692 0.0974284 0.0970755 0.0966275 0.0961008 0.0955113 0.0948738 0.0942025 0.0935104 0.0928097 0.0921118 0.0914268 0.0907642 0.0901323 0.0895389 0.0889906 0.0884934 0.0880524 0.0876719 0.0873558 0.0871068 0.0869274 0.0868191 0.0867829 0.0868191 0.0869274 0.0871068 0.0873558 0.0876719 0.0880524 0.0884934 0.0889906 0.0895389 0.0901323 0.0907642 0.0914268 0.0921118 0.0928097 0.0935104 0.0942025 0.0948738 0.0955113 0.0961008 0.0966275 0.0970755 0.0974284 0.0976692 0.0977804 0.0977444 0.0975438 0.0971614 0.0965808 0.0957869 0.0947659 0.0935062 0.0919986 0.0902366 0.0882167 0.0859393 0.0834079 0.0806302 0.0776176 0.0743854 0.0709529 0.0673432 0.0635832 0.0597033 0.0557372 0.0517214 0.0476945 0.0436958 0.0397645 0.0359376 0.0322488 0.0287272 0.0253962 0.0222739 0.0193731 0.0167025 0.0142676 0.0120714 0.0101142 0.008393 0.00690041 0.00562373 0.00454485 0.00364141 0.002889 0.00226395 0.00174569 0.00131809 0.000969317 0.000690541 0.000474192 0.000312532 0.000197006 0.000118444 6.778e-05 3.68645e-05 1.90372e-05 9.32866e-06 4.33634e-06 1.91194e-06 7.99657e-07 3.17317e-07 1.19498e-07 4.27219e-08 1.4505e-08 4.67869e-09 1.43429e-09 4.18036e-10 1.15881e-10 3.0562e-11 7.67105e-12 1.83297e-12 4.17057e-13 9.03792e-14 1.86577e-14 3.66968e-15 6.87744e-16 1.228e-16 2.07232e-17 2.2294e-18 
0 1.88265e-17 1.14471e-16 6.47779e-16 3.49123e-15 1.79291e-14 8.77233e-14 4.08864e-13 1.81493e-12 7.67105e-12 3.08632e-11 1.18163e-10 4.3036e-10 1.49047e-09 4.90664e-09 1.53473e-08 4.55906e-08 1.28566e-07 3.44028e-07 8.73178e-07 2.10132e-06 4.79335e-06 1.03625e-05 2.12305e-05 4.12305e-05 7.59389e-05 0.00013277 0.000220677 0.000349431 0.000528665 0.00076714 0.00107275 0.00145357 0.0019198 0.00248579 0.00317119 0.00400039 0.00500034 0.00619723 0.00761347 0.00926574 0.0111647 0.0133159 0.0157214 0.0183806 0.0212904 0.0244446 0.0278325 0.0314371 0.0352348 0.0391952 0.043282 0.0474548 0.0516705 0.0558858 0.0600579 0.0641465 0.0681136 0.0719249 0.0755495 0.0789604 0.0821346 0.0850533 0.0877023 0.0900718 0.0921567 0.0939561 0.0954737 0.0967166 0.0976955 0.0984242 0.0989183 0.0991954 0.0992745 0.0991748 0.0989163 0.0985186 0.0980011 0.0973824 0.0966805 0.0959123 0.0950939 0.0942401 0.0933647 0.0924806 0.0915993 0.0907314 0.0898866 0.0890735 0.0882999 0.0875725 0.0868977 0.0862805 0.0857257 0.0852373 0.0848186 0.0844723 0.0842007 0.0840055 0.0838879 0.0838487 0.0838879 0.0840055 0.0842007 0.0844723 0.0848186 0.0852373 0.0857257 0.0862805 0.0868977 0.0875725 0.0882999 0.0890735 0.0898866 0.0907314 0.0915993 0.0924806 0.0933647 0.0942401 0.0950939 0.0959123 0.0966805 0.0973824 0.0980011 0.0985186 0.0989163 0.0991748 0.0992745 0.0991954 0.0989183 0.0984242 0.0976955 0.0967166 0.0954737 0.0939561 0.0921567 0.0900718 0.0877023 0.0850533 0.0821346 0.0789604 0.0755495 0.0719249 0.0681136 0.0641465 0.0600579 0.0558858 0.0516705 0.0474548 0.043282 0.0391952 0.0352348 0.0314371 0.0278325 0.0244446 0.0212904 0.0183806 0.0157214 0.0133159 0.0111647 0.00926574 0.00761347 0.00619723 0.00500034 0.00400039 0.00317119 0.00248579 0.0019198 0.00145357 0.00107275 0.00076714 0.000528665 0.000349431 0.000220677 0.00013277 7.59389e-05 4.12305e-05 2.12305e-05 1.03625e-05 4.79335e-06 2.10132e-06 8.73178e-07 3.44028e-07 1.28566e-07 4.55906e-08 1.53473e-08 4.90664e-09 1.49047e-09 4.3036e-10 1.18163e-10 3.08632e-11 7.67105e-12 1.81493e-12 4.08864e-13 8.77233e-14 1.7929e-14 3.49121e-15 6.47627e-16 1.13499e-16 1.28837e-17 
0 1.01923e-16 5.97666e-16 3.25578e-15 1.68889e-14 8.34685e-14 3.92957e-13 1.76187e-12 7.52137e-12 3.0562e-11 1.18163e-10 4.34547e-10 1.51938e-09 5.04867e-09 1.59356e-08 4.77558e-08 1.35811e-07 3.66329e-07 9.36755e-07 2.26987e-06 5.20985e-06 1.13234e-05 2.33023e-05 4.54082e-05 8.38234e-05 0.000146712 0.000243813 0.00038556 0.000581991 0.000842023 0.00117373 0.00158588 0.00209041 0.00270466 0.00345213 0.00436109 0.00546125 0.00677975 0.00833812 0.0101511 0.0122273 0.0145714 0.0171852 0.0200686 0.0232185 0.0266269 0.030279 0.0341518 0.0382143 0.0424279 0.046749 0.0511309 0.055526 0.0598874 0.0641703 0.0683325 0.0723348 0.0761417 0.0797214 0.0830464 0.0860941 0.0888467 0.0912923 0.0934242 0.0952413 0.0967474 0.0979513 0.0988654 0.0995054 0.0998899 0.100039 0.0999739 0.0997168 0.0992899 0.0987149 0.0980133 0.0972056 0.0963111 0.0953484 0.0943345 0.0932853 0.0922154 0.0911381 0.0900656 0.0890086 0.087977 0.0869795 0.0860236 0.0851163 0.0842633 0.0834699 0.0827404 0.0820787 0.081488 0.0809711 0.0805301 0.0801669 0.079883 0.0796795 0.079557 0.0795162 0.079557 0.0796795 0.079883 0.0801669 0.0805301 0.0809711 0.081488 0.0820787 0.0827404 0.0834699 0.0842633 0.0851163 0.0860236 0.0869795 0.087977 0.0890086 0.0900656 0.0911381 0.0922154 0.0932853 0.0943345 0.0953484 0.0963111 0.0972056 0.0980133 0.0987149 0.0992899 0.0997168 0.0999739 0.100039 0.0998899 0.0995054 0.0988654 0.0979513 0.0967474 0.0952413 0.0934242 0.0912923 0.0888467 0.0860941 0.0830464 0.0797214 0.0761417 0.0723348 0.0683325 0.0641703 0.0598874 0.055526 0.0511309 0.046749 0.0424279 0.0382143 0.0341518 0.030279 0.0266269 0.0232185 0.0200686 0.0171852 0.0145714 0.0122273 0.0101511 0.00833812 0.00677975 0.00546125 0.00436109 0.00345213 0.00270466 0.00209041 0.00158588 0.00117373 0.000842023 0.000581991 0.00038556 0.000243813 0.000146712 8.38234e-05 4.54082e-05 2.33023e-05 1.13234e-05 5.20985e-06 2.26987e-06 9.36755e-07 3.66329e-07 1.35811e-07 4.77558e-08 1.59356e-08 5.04867e-09 1.51938e-09 4.34547e-10 1.18163e-10 3.0562e-11 7.52137e-12 1.76187e-12 3.92957e-13 8.34685e-14 1.68888e-14 3.25492e-15 5.92393e-16 7.09754e-17 
0 5.25775e-16 2.97385e-15 1.55947e-14 7.7855e-14 3.70246e-13 1.67685e-12 7.23068e-12 2.9676e-11 1.15881e-10 4.3036e-10 1.51938e-09 5.09691e-09 1.62381e-08 4.91036e-08 1.40864e-07 3.83127e-07 9.8741e-07 2.41006e-06 5.56831e-06 1.21734e-05 2.5176e-05 4.92541e-05 9.11835e-05 0.000159862 0.000265793 0.000420034 0.000632976 0.000913669 0.00127042 0.0017129 0.00225514 0.00291785 0.00372864 0.00471946 0.00592214 0.00736384 0.00906449 0.0110367 0.0132879 0.0158226 0.0186435 0.0217514 0.025142 0.0288038 0.032716 0.0368477 0.0411593 0.0456043 0.0501327 0.0546929 0.0592337 0.0637055 0.068061 0.0722558 0.0762485 0.0800015 0.0834819 0.086662 0.0895204 0.0920422 0.0942194 0.0960504 0.0975398 0.0986978 0.0995388 0.100081 0.100346 0.100356 0.100135 0.099708 0.0990997 0.0983344 0.0974357 0.0964261 0.0953271 0.0941587 0.0929395 0.0916868 0.090416 0.0891414 0.0878755 0.0866296 0.0854134 0.0842356 0.0831038 0.0820242 0.0810023 0.0800429 0.0791497 0.078326 0.0775746 0.0768976 0.0762968 0.0757736 0.0753292 0.0749646 0.0746803 0.0744769 0.0743547 0.0743139 0.0743547 0.0744769 0.0746803 0.0749646 0.0753292 0.0757736 0.0762968 0.0768976 0.0775746 0.078326 0.0791497 0.0800429 0.0810023 0.0820242 0.0831038 0.0842356 0.0854134 0.0866296 0.0878755 0.0891414 0.090416 0.0916868 0.0929395 0.0941587 0.0953271 0.0964261 0.0974357 0.0983344 0.0990997 0.099708 0.100135 0.100356 0.100346 0.100081 0.0995388 0.0986978 0.0975398 0.0960504 0.0942194 0.0920422 0.0895204 0.086662 0.0834819 0.0800015 0.0762485 0.0722558 0.068061 0.0637055 0.0592337 0.0546929 0.0501327 0.0456043 0.0411593 0.0368477 0.032716 0.0288038 0.025142 0.0217514 0.0186435 0.0158226 0.0132879 0.0110367 0.00906449 0.00736384 0.00592214 0.00471946 0.00372864 0.00291785 0.00225514 0.0017129 0.00127042 0.000913669 0.000632976 0.000420034 0.000265793 0.000159862 9.11835e-05 4.92541e-05 2.5176e-05 1.21734e-05 5.56831e-06 2.41006e-06 9.8741e-07 3.83127e-07 1.40864e-07 4.91036e-08 1.62381e-08 5.09691e-09 1.51938e-09 4.3036e-10 1.15881e-10 2.9676e-11 7.23068e-12 1.67685e-12 3.70246e-13 7.78542e-14 1.55901e-14 2.94669e-15 3.72767e-16 
0 2.58451e-15 1.41023e-14 7.1185e-14 3.41985e-13 1.56464e-12 6.81549e-12 2.82557e-11 1.11448e-10 4.18036e-10 1.49047e-09 5.04867e-09 1.62381e-08 4.95612e-08 1.43459e-07 3.93568e-07 1.02267e-06 2.51537e-06 5.85284e-06 1.28769e-05 2.67783e-05 5.26285e-05 9.77723e-05 0.000171817 0.000286003 0.00045198 0.000680463 0.000980628 0.00136109 0.00183262 0.00241166 0.00312262 0.00399729 0.00507096 0.00637679 0.00794117 0.00978197 0.0119101 0.0143326 0.0170552 0.0200823 0.0234144 0.0270449 0.0309566 0.0351206 0.0394973 0.0440387 0.0486916 0.0534011 0.0581116 0.0627691 0.0673206 0.0717156 0.0759058 0.0798469 0.0834991 0.086829 0.0898104 0.092425 0.0946629 0.0965219 0.0980069 0.0991293 0.0999054 0.100356 0.100504 0.100375 0.0999964 0.0993955 0.0986 0.097637 0.0965331 0.0953134 0.0940021 0.0926213 0.0911918 0.0897323 0.0882598 0.0867893 0.085334 0.0839055 0.0825138 0.0811671 0.0798725 0.078636 0.0774622 0.076355 0.0753176 0.0743523 0.0734609 0.0726448 0.071905 0.0712422 0.070657 0.0701495 0.06972 0.0693686 0.0690953 0.0689001 0.0687829 0.0687439 0.0687829 0.0689001 0.0690953 0.0693686 0.06972 0.0701495 0.070657 0.0712422 0.071905 0.0726448 0.0734609 0.0743523 0.0753176 0.076355 0.0774622 0.078636 0.0798725 0.0811671 0.0825138 0.0839055 0.085334 0.0867893 0.0882598 0.0897323 0.0911918 0.0926213 0.0940021 0.0953134 0.0965331 0.097637 0.0986 0.0993955 0.0999964 0.100375 0.100504 0.100356 0.0999054 0.0991293 0.0980069 0.0965219 0.0946629 0.092425 0.0898104 0.086829 0.0834991 0.0798469 0.0759058 0.0717156 0.0673206 0.0627691 0.0581116 0.0534011 0.0486916 0.0440387 0.0394973 0.0351206 0.0309566 0.0270449 0.0234144 0.0200823 0.0170552 0.0143326 0.0119101 0.00978197 0.00794117 0.00637679 0.00507096 0.00399729 0.00312262 0.00241166 0.00183262 0.00136109 0.000980628 0.000680463 0.00045198 0.000286003 0.000171817 9.77723e-05 5.26285e-05 2.67783e-05 1.28769e-05 5.85284e-06 2.51537e-06 1.02267e-06 3.93568e-07 1.43459e-07 4.95612e-08 1.62381e-08 5.04867e-09 1.49047e-09 4.18036e-10 1.11448e-10 2.82557e-11 6.81549e-12 1.56464e-12 3.41981e-13 7.11616e-14 1.39695e-14 1.86668e-15 
0 1.21066e-14 6.37345e-14 3.09652e-13 1.4313e-12 6.29862e-12 2.63802e-11 1.05113e-10 3.98273e-10 1.43429e-09 4.90664e-09 1.59356e-08 4.91036e-08 1.43459e-07 3.9711e-07 1.04076e-06 2.58071e-06 6.05036e-06 1.34034e-05 2.80438e-05 5.54032e-05 0.000103359 0.000182196 0.00030386 0.000480574 0.000723366 0.00104155 0.00144413 0.00194316 0.00255774 0.00331619 0.00425441 0.00541057 0.00681844 0.00850293 0.0104798 0.0127591 0.0153487 0.0182565 0.0214882 0.0250433 0.0289104 0.0330647 0.0374681 0.0420725 0.0468228 0.0516609 0.0565279 0.061365 0.066114 0.0707175 0.0751198 0.0792685 0.0831163 0.0866226 0.0897555 0.0924927 0.0948212 0.0967374 0.0982461 0.0993588 0.100093 0.100471 0.100518 0.100263 0.0997354 0.0989656 0.0979849 0.0968244 0.0955141 0.0940828 0.0925578 0.0909643 0.0893254 0.0876618 0.0859921 0.0843324 0.0826965 0.0810963 0.0795415 0.0780402 0.0765989 0.0752228 0.0739158 0.0726809 0.0715201 0.0704349 0.0694262 0.0684943 0.0676394 0.0668612 0.0661595 0.0655336 0.0649832 0.0645076 0.0641062 0.0637786 0.0635243 0.0633429 0.0632342 0.063198 0.0632342 0.0633429 0.0635243 0.0637786 0.0641062 0.0645076 0.0649832 0.0655336 0.0661595 0.0668612 0.0676394 0.0684943 0.0694262 0.0704349 0.0715201 0.0726809 0.0739158 0.0752228 0.0765989 0.0780402 0.0795415 0.0810963 0.0826965 0.0843324 0.0859921 0.0876618 0.0893254 0.0909643 0.0925578 0.0940828 0.0955141 0.0968244 0.0979849 0.0989656 0.0997354 0.100263 0.100518 0.100471 0.100093 0.0993588 0.0982461 0.0967374 0.0948212 0.0924927 0.0897555 0.0866226 0.0831163 0.0792685 0.0751198 0.0707175 0.066114 0.061365 0.0565279 0.0516609 0.0468228 0.0420725 0.0374681 0.0330647 0.0289104 0.0250433 0.0214882 0.0182565 0.0153487 0.0127591 0.0104798 0.00850293 0.00681844 0.00541057 0.00425441 0.00331619 0.00255774 0.00194316 0.00144413 0.00104155 0.000723366 0.000480574 0.00030386 0.000182196 0.000103359 5.54032e-05 2.80438e-05 1.34034e-05 6.05036e-06 2.58071e-06 1.04076e-06 3.9711e-07 1.43459e-07 4.91036e-08 1.59356e-08 4.90664e-09 1.43429e-09 3.98273e-10 1.05113e-10 2.63802e-11 6.29861e-12 1.43128e-12 3.09539e-13 6.31183e-14 8.91315e-15 
0 5.40426e-14 2.74515e-13 1.28355e-12 5.70708e-12 2.415e-11 9.722e-11 3.72156e-10 1.35394e-09 4.67869e-09 1.53473e-08 4.77558e-08 1.40864e-07 3.93568e-07 1.04076e-06 2.60286e-06 6.15155e-06 1.37293e-05 2.89191e-05 5.74693e-05 0.000107742 0.000190656 0.000318837 0.000505071 0.000760708 0.00109523 0.00151811 0.0020428 0.00269124 0.00349573 0.00449614 0.00573301 0.00724003 0.00904025 0.0111477 0.0135724 0.0163245 0.0194145 0.0228487 0.0266235 0.0307208 0.0351065 0.0397339 0.0445473 0.0494867 0.0544901 0.0594951 0.064438 0.0692551 0.0738826 0.0782593 0.0823291 0.0860435 0.0893636 0.0922616 0.0947209 0.096735 0.0983071 0.0994482 0.100176 0.100513 0.100486 0.100127 0.0994684 0.0985442 0.09739 0.0960413 0.0945324 0.0928965 0.0911646 0.0893653 0.0875245 0.0856651 0.0838072 0.0819679 0.0801618 0.0784008 0.0766947 0.0750513 0.0734766 0.0719749 0.0705495 0.0692025 0.0679351 0.0667478 0.0656406 0.0646128 0.0636637 0.0627922 0.0619969 0.0612767 0.06063 0.0600555 0.0595521 0.0591183 0.0587533 0.0584559 0.0582255 0.0580613 0.057963 0.0579303 0.057963 0.0580613 0.0582255 0.0584559 0.0587533 0.0591183 0.0595521 0.0600555 0.06063 0.0612767 0.0619969 0.0627922 0.0636637 0.0646128 0.0656406 0.0667478 0.0679351 0.0692025 0.0705495 0.0719749 0.0734766 0.0750513 0.0766947 0.0784008 0.0801618 0.0819679 0.0838072 0.0856651 0.0875245 0.0893653 0.0911646 0.0928965 0.0945324 0.0960413 0.09739 0.0985442 0.0994684 0.100127 0.100486 0.100513 0.100176 0.0994482 0.0983071 0.096735 0.0947209 0.0922616 0.0893636 0.0860435 0.0823291 0.0782593 0.0738826 0.0692551 0.064438 0.0594951 0.0544901 0.0494867 0.0445473 0.0397339 0.0351065 0.0307208 0.0266235 0.0228487 0.0194145 0.0163245 0.0135724 0.0111477 0.00904025 0.00724003 0.00573301 0.00449614 0.00349573 0.00269124 0.0020428 0.00151811 0.00109523 0.000760708 0.000505071 0.000318837 0.000190656 0.000107742 5.74693e-05 2.89191e-05 1.37293e-05 6.15155e-06 2.60286e-06 1.04076e-06 3.93568e-07 1.40864e-07 4.77558e-08 1.53473e-08 4.67869e-09 1.35394e-09 3.72156e-10 9.722e-11 2.415e-11 5.70698e-12 1.28303e-12 2.71804e-13 4.05832e-14 
0 2.29888e-13 1.12681e-12 5.06956e-12 2.16775e-11 8.81786e-11 3.41067e-10 1.25372e-09 4.37713e-09 1.4505e-08 4.55906e-08 1.35811e-07 3.83127e-07 1.02267e-06 2.58071e-06 6.15155e-06 1.38396e-05 2.93665e-05 5.87437e-05 0.00011076 0.000196914 0.000330487 0.000524828 0.000791639 0.00114063 0.00158175 0.00212997 0.0028101 0.00365842 0.00471855 0.00603289 0.00763456 0.00954462 0.011776 0.0143398 0.0172495 0.0205181 0.0241512 0.0281399 0.0324575 0.0370609 0.0418954 0.0469003 0.0520117 0.0571643 0.0622903 0.0673197 0.0721808 0.0768033 0.0811212 0.0850767 0.0886231 0.0917257 0.0943624 0.0965227 0.0982065 0.0994226 0.100187 0.100523 0.100459 0.100028 0.0992648 0.0982098 0.0969026 0.0953838 0.0936927 0.0918671 0.0899422 0.08795 0.0859192 0.083875 0.081839 0.0798297 0.0778622 0.0759491 0.0741002 0.0723232 0.0706238 0.0690061 0.0674728 0.0660253 0.0646641 0.0633889 0.0621987 0.0610921 0.0600672 0.0591222 0.0582547 0.0574625 0.0567433 0.056095 0.0555153 0.0550023 0.0545541 0.0541692 0.0538459 0.0535832 0.05338 0.0532353 0.0531488 0.05312 0.0531488 0.0532353 0.05338 0.0535832 0.0538459 0.0541692 0.0545541 0.0550023 0.0555153 0.056095 0.0567433 0.0574625 0.0582547 0.0591222 0.0600672 0.0610921 0.0621987 0.0633889 0.0646641 0.0660253 0.0674728 0.0690061 0.0706238 0.0723232 0.0741002 0.0759491 0.0778622 0.0798297 0.081839 0.083875 0.0859192 0.08795 0.0899422 0.0918671 0.0936927 0.0953838 0.0969026 0.0982098 0.0992648 0.100028 0.100459 0.100523 0.100187 0.0994226 0.0982065 0.0965227 0.0943624 0.0917257 0.0886231 0.0850767 0.0811212 0.0768033 0.0721808 0.0673197 0.0622903 0.0571643 0.0520117 0.0469003 0.0418954 0.0370609 0.0324575 0.0281399 0.0241512 0.0205181 0.0172495 0.0143398 0.011776 0.00954462 0.00763456 0.00603289 0.00471855 0.00365842 0.0028101 0.00212997 0.00158175 0.00114063 0.000791639 0.000524828 0.000330487 0.000196914 0.00011076 5.87437e-05 2.93665e-05 1.38396e-05 6.15155e-06 2.58071e-06 1.02267e-06 3.83127e-07 1.35811e-07 4.55906e-08 1.4505e-08 4.37713e-09 1.25372e-09 3.41067e-10 8.81785e-11 2.16771e-11 5.0673e-12 1.11552e-12 1.76209e-13 
0 9.31868e-13 4.4077e-12 1.90773e-11 7.8427e-11 3.06557e-10 1.13877e-09 4.01763e-09 1.34529e-08 4.27219e-08 1.28566e-07 3.66329e-07 9.8741e-07 2.51537e-06 6.05036e-06 1.37293e-05 2.93665e-05 5.91744e-05 0.000112297 0.000200757 0.000338456 0.000539324 0.000815463 0.00117685 0.00163399 0.0022033 0.00291245 0.00380157 0.00491776 0.00630496 0.00799536 0.0100082 0.0123559 0.0150521 0.0181141 0.0215567 0.0253829 0.0295769 0.0341024 0.0389082 0.0439339 0.0491152 0.0543851 0.0596732 0.0649045 0.0700002 0.0748803 0.0794687 0.0836972 0.0875095 0.0908626 0.0937274 0.0960873 0.0979372 0.0992817 0.100135 0.100517 0.100459 0.0999937 0.0991623 0.0980079 0.0965761 0.0949125 0.0930618 0.0910667 0.0889663 0.0867964 0.0845884 0.0823701 0.0801649 0.0779929 0.0758705 0.073811 0.071825 0.0699206 0.0681036 0.0663779 0.0647459 0.0632085 0.0617655 0.0604158 0.0591574 0.0579881 0.056905 0.0559049 0.0549848 0.0541413 0.0533712 0.0526714 0.052039 0.0514711 0.0509651 0.0505188 0.0501299 0.0497967 0.0495174 0.0492908 0.0491156 0.0489912 0.0489167 0.048892 0.0489167 0.0489912 0.0491156 0.0492908 0.0495174 0.0497967 0.0501299 0.0505188 0.0509651 0.0514711 0.052039 0.0526714 0.0533712 0.0541413 0.0549848 0.0559049 0.056905 0.0579881 0.0591574 0.0604158 0.0617655 0.0632085 0.0647459 0.0663779 0.0681036 0.0699206 0.071825 0.073811 0.0758705 0.0779929 0.0801649 0.0823701 0.0845884 0.0867964 0.0889663 0.0910667 0.0930618 0.0949125 0.0965761 0.0980079 0.0991623 0.0999937 0.100459 0.100517 0.100135 0.0992817 0.0979372 0.0960873 0.0937274 0.0908626 0.0875095 0.0836972 0.0794687 0.0748803 0.0700002 0.0649045 0.0596732 0.0543851 0.0491152 0.0439339 0.0389082 0.0341024 0.0295769 0.0253829 0.0215567 0.0181141 0.0150521 0.0123559 0.0100082 0.00799536 0.00630496 0.00491776 0.00380157 0.00291245 0.0022033 0.00163399 0.00117685 0.000815463 0.000539324 0.000338456 0.000200757 0.000112297 5.91744e-05 2.93665e-05 1.37293e-05 6.05036e-06 2.51537e-06 9.8741e-07 3.66329e-07 1.28566e-07 4.27219e-08 1.34529e-08 4.01763e-09 1.13877e-09 3.06557e-10 7.84252e-11 1.9068e-11 4.36315e-12 7.29596e-13 
0 3.59944e-12 1.64295e-11 6.83932e-11 2.70226e-10 1.01458e-09 3.61787e-09 1.22438e-08 3.92951e-08 1.19498e-07 3.44028e-07 9.36755e-07 2.41006e-06 5.85284e-06 1.34034e-05 2.89191e-05 5.87437e-05 0.000112297 0.000202053 0.000342502 0.000548178 0.000831646 0.00120322 0.00167395 0.00226162 0.00299658 0.00392262 0.00509011 0.00654428 0.00831631 0.0104238 0.0128798 0.0157012 0.0189093 0.0225198 0.0265313 0.0309193 0.0356388 0.0406319 0.0458347 0.0511805 0.0565979 0.0620092 0.0673295 0.0724704 0.0773447 0.0818731 0.0859884 0.0896376 0.0927825 0.0953985 0.0974731 0.0990051 0.100004 0.100488 0.100486 0.100034 0.0991771 0.0979622 0.0964403 0.0946625 0.0926789 0.0905367 0.0882794 0.0859465 0.0835729 0.0811891 0.0788214 0.0764919 0.0742192 0.072018 0.0699002 0.0678745 0.0659471 0.0641219 0.0624009 0.0607844 0.0592713 0.0578596 0.0565463 0.0553278 0.0542002 0.0531594 0.0522012 0.0513214 0.0505158 0.0497805 0.0491118 0.0485063 0.0479606 0.047472 0.0470376 0.0466551 0.0463225 0.0460379 0.0457996 0.0456065 0.0454574 0.0453514 0.0452881 0.045267 0.0452881 0.0453514 0.0454574 0.0456065 0.0457996 0.0460379 0.0463225 0.0466551 0.0470376 0.047472 0.0479606 0.0485063 0.0491118 0.0497805 0.0505158 0.0513214 0.0522012 0.0531594 0.0542002 0.0553278 0.0565463 0.0578596 0.0592713 0.0607844 0.0624009 0.0641219 0.0659471 0.0678745 0.0699002 0.072018 0.0742192 0.0764919 0.0788214 0.0811891 0.0835729 0.0859465 0.0882794 0.0905367 0.0926789 0.0946625 0.0964403 0.0979622 0.0991771 0.100034 0.100486 0.100488 0.100004 0.0990051 0.0974731 0.0953985 0.0927825 0.0896376 0.0859884 0.0818731 0.0773447 0.0724704 0.0673295 0.0620092 0.0565979 0.0511805 0.0458347 0.0406319 0.0356388 0.0309193 0.0265313 0.0225198 0.0189093 0.0157012 0.0128798 0.0104238 0.00831631 0.00654428 0.00509011 0.00392262 0.00299658 0.00226162 0.00167395 0.00120322 0.000831646 0.000548178 0.000342502 0.000202053 0.000112297 5.87437e-05 2.89191e-05 1.34034e-05 5.85284e-06 2.41006e-06 9.36755e-07 3.44028e-07 1.19498e-07 3.92951e-08 1.22438e-08 3.61787e-09 1.01458e-09 2.70218e-10 6.8357e-11 1.62636e-11 2.88083e-12 
