0 0 0 0 0 0 0 0 0 0 0 0 0 0 0 0 0 0 0 0 0 0 0 0 0 0 0 0 0 0 0 0 0 0 0 0 0 0 0 0 0 0 0 0 0 0 0 0 0 0 0 0 0 0 0 0 0 0 0 0 0 0 0 0 0 0 0 0 0 0 0 0 0 0 0 0 0 0 0 0 0 0 0 0 0 0 0 0 0 0 0 0 0 0 0 0 0 0 0 0 0 0 0 0 0 0 0 0 0 0 0 0 0 0 0 0 0 0 0 0 0 0 0 0 0 0 0 0 0 0 0 0 0 0 0 0 0 0 0 0 0 0 0 0 0 0 0 0 0 0 0 0 0 0 0 0 0 0 0 0 0 0 0 0 0 0 0 0 0 0 0 0 0 0 0 0 0 0 0 0 0 0 0 0 0 0 0 0 0 0 0 0 0 0 0 0 0 0 0 0 
0 7.93324e-14 3.61721e-13 1.50954e-12 6.00548e-12 2.28116e-11 8.2713e-11 2.86194e-10 9.4463e-10 2.97312e-09 8.91946e-09 2.54955e-08 6.94069e-08 1.79876e-07 4.43603e-07 1.04063e-06 2.32127e-06 4.92216e-06 9.91969e-06 1.89987e-05 3.4585e-05 5.98616e-05 9.85875e-05 0.000154677 0.000231602 0.000331815 0.000456485 0.00060582 0.000780067 0.00098094 0.00121296 0.00148401 0.00180475 0.00218671 0.00263978 0.00316975 0.00377689 0.00445582 0.00519691 0.00598827 0.00681785 0.00767483 0.00854992 0.00943463 0.01032 0.0111955 0.0120476 0.0128605 0.0136161 0.0142959 0.014882 0.015359 0.0157148 0.0159414 0.0160345 0.015994 0.0158223 0.0155248 0.0151084 0.0145813 0.0139526 0.0132322 0.0124304 0.011558 0.0106261 0.00964607 0.0086294 0.00758748 0.00653139 0.00547175 0.00441845 0.00338054 0.00236604 0.00138189 0.000433866 -0.000473357 -0.00133622 -0.00215218 -0.00291962 -0.00363778 -0.00430657 -0.00492652 -0.00549867 -0.0060244 -0.00650542 -0.00694363 -0.00734107 -0.00769983 -0.00802204 -0.00830979 -0.0085651 -0.00878987 -0.00898591 -0.00915486 -0.0092982 -0.00941723 -0.00951307 -0.00958665 -0.00963868 -0.00966969 -0.00968 -0.00966969 -0.00963868 -0.00958665 -0.00951307 -0.00941723 -0.0092982 -0.00915486 -0.00898591 -0.00878987 -0.0085651 -0.00830979 -0.00802204 -0.00769983 -0.00734107 -0.00694363 -0.00650542 -0.0060244 -0.00549867 -0.00492652 -0.00430657 -0.00363778 -0.00291962 -0.00215218 -0.00133622 -0.000473357 0.000433866 0.00138189 0.00236604 0.00338054 0.00441845 0.00547175 0.00653139 0.00758748 0.0086294 0.00964607 0.0106261 0.011558 0.0124304 0.0132322 0.0139526 0.0145813 0.0151084 0.0155248 0.0158223 0.015994 0.0160345 0.0159414 0.0157148 0.015359 0.014882 0.0142959 0.0136161 0.0128605 0.0120476 0.0111955 0.01032 0.00943463 0.00854992 0.00767483 0.00681785 0.00598827 0.00519691 0.00445582 0.00377689 0.00316975 0.00263978 0.00218671 0.00180475 0.00148401 0.00121296 0.00098094 0.000780067 0.00060582 0.000456485 0.000331815 0.000231602 0.000154677 9.85875e-05 5.98616e-05 3.4585e-05 1.89987e-05 9.91969e-06 4.92216e-06 2.32127e-06 1.04063e-06 4.43603e-07 1.79876e-07 6.94069e-08 2.54955e-08 8.91946e-09 2.97312e-09 9.4463e-10 2.86194e-10 8.2713e-11 2.28115e-11 6.00525e-12 1.50845e-12 3.56661e-13 5.69862e-14 
0 3.61721e-13 1.60053e-12 6.46406e-12 2.48793e-11 9.14184e-11 3.20623e-10 1.07294e-09 3.4246e-09 1.04216e-08 3.02256e-08 8.35133e-08 2.19734e-07 5.50341e-07 1.31158e-06 2.97337e-06 6.41027e-06 1.31404e-05 2.56111e-05 4.74691e-05 8.37016e-05 0.000140515 0.000224852 0.000343571 0.000502516 0.000705864 0.000956202 0.00125557 0.00160731 0.00201807 0.00249907 0.00306596 0.00373681 0.00452901 0.00545577 0.00652342 0.0077304 0.00906778 0.0105212 0.012073 0.0137042 0.0153953 0.0171262 0.0188756 0.0206196 0.0223315 0.0239819 0.0255388 0.0269701 0.0282444 0.029333 0.0302114 0.0308603 0.0312661 0.0314209 0.0313224 0.0309736 0.0303816 0.029558 0.0285173 0.027277 0.0258571 0.0242788 0.022565 0.0207391 0.0188245 0.0168447 0.0148221 0.0127782 0.0107329 0.00870433 0.00670886 0.00476068 0.00287194 0.00105274 -0.000688847 -0.00234662 -0.00391612 -0.00539449 -0.00678025 -0.00807318 -0.00927408 -0.0103846 -0.0114071 -0.0123446 -0.0132003 -0.0139779 -0.014681 -0.0153136 -0.0158794 -0.0163822 -0.0168254 -0.0172124 -0.0175463 -0.0178298 -0.0180655 -0.0182553 -0.0184012 -0.0185043 -0.0185659 -0.0185863 -0.0185659 -0.0185043 -0.0184012 -0.0182553 -0.0180655 -0.0178298 -0.0175463 -0.0172124 -0.0168254 -0.0163822 -0.0158794 -0.0153136 -0.014681 -0.0139779 -0.0132003 -0.0123446 -0.0114071 -0.0103846 -0.00927408 -0.00807318 -0.00678025 -0.00539449 -0.00391612 -0.00234662 -0.000688847 0.00105274 0.00287194 0.00476068 0.00670886 0.00870433 0.0107329 0.0127782 0.0148221 0.0168447 0.0188245 0.0207391 0.022565 0.0242788 0.0258571 0.027277 0.0285173 0.029558 0.0303816 0.0309736 0.0313224 0.0314209 0.0312661 0.0308603 0.0302114 0.029333 0.0282444 0.0269701 0.0255388 0.0239819 0.0223315 0.0206196 0.0188756 0.0171262 0.0153953 0.0137042 0.012073 0.0105212 0.00906778 0.0077304 0.00652342 0.00545577 0.00452901 0.00373681 0.00306596 0.00249907 0.00201807 0.00160731 0.00125557 0.000956202 0.000705864 0.000502516 0.000343571 0.000224852 0.000140515 8.37016e-05 4.74691e-05 2.56111e-05 1.31404e-05 6.41027e-06 2.97337e-06 1.31158e-06 5.50341e-07 2.19734e-07 8.35133e-08 3.02256e-08 1.04216e-08 3.4246e-09 1.07294e-09 3.20623e-10 9.14182e-11 2.48782e-11 6.45897e-12 1.57777e-12 2.64874e-13 
0 1.50954e-12 6.46406e-12 2.51785e-11 9.34024e-11 3.30652e-10 1.11677e-09 3.59728e-09 1.10464e-08 3.23238e-08 9.0093e-08 2.39079e-07 6.03796e-07 1.45067e-06 3.31458e-06 7.20032e-06 1.48686e-05 2.91863e-05 5.44715e-05 9.67072e-05 0.000163465 0.00026343 0.000405543 0.000598027 0.000847722 0.00116021 0.00154096 0.00199715 0.00253957 0.00318353 0.00394816 0.00485427 0.00592118 0.00716381 0.00859085 0.0102042 0.0119998 0.0139682 0.0160957 0.0183644 0.0207514 0.0232287 0.0257624 0.0283134 0.0308384 0.0332921 0.0356284 0.0378029 0.0397744 0.0415054 0.0429632 0.0441204 0.0449549 0.0454503 0.0455962 0.0453886 0.0448298 0.0439285 0.0426999 0.0411643 0.0393474 0.0372784 0.0349896 0.0325151 0.0298894 0.0271471 0.0243215 0.0214445 0.0185455 0.0156515 0.0127867 0.00997246 0.00722733 0.00456694 0.00200426 -0.000450313 -0.0027888 -0.00500538 -0.00709627 -0.00905943 -0.0108944 -0.012602 -0.0141844 -0.0156444 -0.0169857 -0.0182127 -0.0193299 -0.0203423 -0.0212549 -0.0220728 -0.0228008 -0.0234438 -0.0240061 -0.024492 -0.0249052 -0.025249 -0.0255263 -0.0257394 -0.0258904 -0.0259804 -0.0260103 -0.0259804 -0.0258904 -0.0257394 -0.0255263 -0.025249 -0.0249052 -0.024492 -0.0240061 -0.0234438 -0.0228008 -0.0220728 -0.0212549 -0.0203423 -0.0193299 -0.0182127 -0.0169857 -0.0156444 -0.0141844 -0.012602 -0.0108944 -0.00905943 -0.00709627 -0.00500538 -0.0027888 -0.000450313 0.00200426 0.00456694 0.00722733 0.00997246 0.0127867 0.0156515 0.0185455 0.0214445 0.0243215 0.0271471 0.0298894 0.0325151 0.0349896 0.0372784 0.0393474 0.0411643 0.0426999 0.0439285 0.0448298 0.0453886 0.0455962 0.0454503 0.0449549 0.0441204 0.0429632 0.0415054 0.0397744 0.0378029 0.0356284 0.0332921 0.0308384 0.0283134 0.0257624 0.0232287 0.0207514 0.0183644 0.0160957 0.0139682 0.0119998 0.0102042 0.00859085 0.00716381 0.00592118 0.00485427 0.00394816 0.00318353 0.00253957 0.00199715 0.00154096 0.00116021 0.000847722 0.000598027 0.000405543 0.00026343 0.000163465 9.67072e-05 5.44715e-05 2.91863e-05 1.48686e-05 7.20032e-06 3.31458e-06 1.45067e-06 6.03796e-07 2.39079e-07 9.0093e-08 3.23238e-08 1.10464e-08 3.59728e-09 1.11677e-09 3.30651e-10 9.33976e-11 2.51568e-11 6.37093e-12 1.12952e-12 
0 6.00548e-12 2.48793e-11 9.34024e-11 3.33677e-10 1.13697e-09 3.69407e-09 1.14396e-08 3.37491e-08 9.48101e-08 2.535e-07 6.44805e-07 1.55959e-06 3.58546e-06 7.83235e-06 1.62538e-05 3.20413e-05 6.00117e-05 0.000106844 0.000180992 0.000292155 0.000450371 0.000665054 0.000944503 0.00129637 0.00172923 0.00225467 0.00288898 0.00365332 0.00457183 0.00566837 0.00696294 0.00846933 0.0101946 0.0121402 0.0143038 0.0166802 0.019261 0.0220328 0.0249749 0.0280571 0.031239 0.0344715 0.0376986 0.0408613 0.0439004 0.0467594 0.0493864 0.0517346 0.0537633 0.0554374 0.0567277 0.0576113 0.0580718 0.0580999 0.057694 0.0568603 0.0556126 0.0539723 0.0519669 0.0496294 0.0469968 0.044109 0.0410073 0.0377332 0.0343277 0.0308303 0.027278 0.0237055 0.0201441 0.0166222 0.0131647 0.00979311 0.0065258 0.0033779 0.000361579 -0.0025138 -0.00524146 -0.00781693 -0.0102378 -0.0125036 -0.0146153 -0.0165752 -0.0183868 -0.0200542 -0.0215825 -0.022977 -0.0242434 -0.0253874 -0.0264149 -0.0273315 -0.0281428 -0.0288537 -0.0294692 -0.0299935 -0.0304305 -0.0307834 -0.031055 -0.0312474 -0.0313622 -0.0314004 -0.0313622 -0.0312474 -0.031055 -0.0307834 -0.0304305 -0.0299935 -0.0294692 -0.0288537 -0.0281428 -0.0273315 -0.0264149 -0.0253874 -0.0242434 -0.022977 -0.0215825 -0.0200542 -0.0183868 -0.0165752 -0.0146153 -0.0125036 -0.0102378 -0.00781693 -0.00524146 -0.0025138 0.000361579 0.0033779 0.0065258 0.00979311 0.0131647 0.0166222 0.0201441 0.0237055 0.027278 0.0308303 0.0343277 0.0377332 0.0410073 0.044109 0.0469968 0.0496294 0.0519669 0.0539723 0.0556126 0.0568603 0.057694 0.0580999 0.0580718 0.0576113 0.0567277 0.0554374 0.0537633 0.0517346 0.0493864 0.0467594 0.0439004 0.0408613 0.0376986 0.0344715 0.031239 0.0280571 0.0249749 0.0220328 0.019261 0.0166802 0.0143038 0.0121402 0.0101946 0.00846933 0.00696294 0.00566837 0.00457183 0.00365332 0.00288898 0.00225467 0.00172923 0.00129637 0.000944503 0.000665054 0.000450371 0.000292155 0.000180992 0.000106844 6.00117e-05 3.20413e-05 1.62538e-05 7.83235e-06 3.58546e-06 1.55959e-06 6.44805e-07 2.535e-07 9.48101e-08 3.37491e-08 1.14396e-08 3.69407e-09 1.13696e-09 3.33657e-10 9.33147e-11 2.45186e-11 4.59651e-12 
0 2.28116e-11 9.14184e-11 3.30652e-10 1.13697e-09 3.72655e-09 1.16392e-08 3.46242e-08 9.80507e-08 2.64182e-07 6.7687e-07 1.64828e-06 3.81303e-06 8.37612e-06 1.7467e-05 3.45728e-05 6.49588e-05 0.000115911 0.000196603 0.000317478 0.000489232 0.000721837 0.00102423 0.00140522 0.00187559 0.00245065 0.00315186 0.0040062 0.00504315 0.0062902 0.00776871 0.00949194 0.0114657 0.0136905 0.0161644 0.0188836 0.0218415 0.0250254 0.0284142 0.0319751 0.0356644 0.0394281 0.0432052 0.046931 0.0505399 0.0539681 0.0571553 0.0600451 0.0625869 0.0647359 0.0664542 0.0677121 0.0684885 0.0687714 0.0685587 0.067857 0.0666817 0.0650558 0.0630088 0.0605752 0.0577938 0.0547059 0.0513548 0.0477843 0.0440383 0.0401595 0.0361894 0.0321671 0.028129 0.0241089 0.0201368 0.0162396 0.0124405 0.00875922 0.00521208 0.00181207 -0.00143083 -0.00450947 -0.00741921 -0.0101577 -0.0127243 -0.0151205 -0.0173485 -0.0194122 -0.021316 -0.0230652 -0.0246652 -0.0261221 -0.0274417 -0.0286301 -0.0296931 -0.0306363 -0.031465 -0.0321841 -0.0327979 -0.0333105 -0.0337251 -0.0340447 -0.0342714 -0.0344067 -0.0344517 -0.0344067 -0.0342714 -0.0340447 -0.0337251 -0.0333105 -0.0327979 -0.0321841 -0.031465 -0.0306363 -0.0296931 -0.0286301 -0.0274417 -0.0261221 -0.0246652 -0.0230652 -0.021316 -0.0194122 -0.0173485 -0.0151205 -0.0127243 -0.0101577 -0.00741921 -0.00450947 -0.00143083 0.00181207 0.00521208 0.00875922 0.0124405 0.0162396 0.0201368 0.0241089 0.028129 0.0321671 0.0361894 0.0401595 0.0440383 0.0477843 0.0513548 0.0547059 0.0577938 0.0605752 0.0630088 0.0650558 0.0666817 0.067857 0.0685587 0.0687714 0.0684885 0.0677121 0.0664542 0.0647359 0.0625869 0.0600451 0.0571553 0.0539681 0.0505399 0.046931 0.0432052 0.0394281 0.0356644 0.0319751 0.0284142 0.0250254 0.0218415 0.0188836 0.0161644 0.0136905 0.0114657 0.00949194 0.00776871 0.0062902 0.00504315 0.0040062 0.00315186 0.00245065 0.00187559 0.00140522 0.00102423 0.000721837 0.000489232 0.000317478 0.000196603 0.000115911 6.49588e-05 3.45728e-05 1.7467e-05 8.37612e-06 3.81303e-06 1.64828e-06 6.7687e-07 2.64182e-07 9.80507e-08 3.46242e-08 1.16392e-08 3.72653e-09 1.13689e-09 3.30316e-10 9.00957e-11 1.7877e-11 
0 8.2713e-11 3.20623e-10 1.11677e-09 3.69407e-09 1.16392e-08 3.49205e-08 9.97099e-08 2.70795e-07 6.9908e-07 1.71452e-06 3.99249e-06 8.82293e-06 1.8496e-05 3.67738e-05 6.93423e-05 0.000124056 0.000210757 0.000340538 0.00052461 0.000773277 0.0010958 0.00150171 0.00200352 0.00261966 0.00337594 0.00430421 0.00543815 0.00680787 0.00843569 0.010335 0.0125118 0.0149681 0.0177038 0.0207166 0.0239992 0.0275362 0.0313006 0.0352535 0.039345 0.043517 0.0477066 0.0518486 0.0558772 0.0597272 0.0633345 0.0666374 0.0695776 0.0721023 0.0741662 0.0757337 0.07678 0.0772917 0.0772667 0.0767132 0.0756489 0.0740989 0.0720944 0.0696715 0.0668695 0.0637306 0.0602981 0.0566164 0.05273 0.0486825 0.0445166 0.040273 0.0359902 0.031704 0.0274468 0.023248 0.0191333 0.015125 0.0112418 0.00749908 0.0039092 0.000481491 -0.00277733 -0.00586289 -0.00877292 -0.0115069 -0.0140659 -0.0164521 -0.0186689 -0.0207203 -0.0226111 -0.0243463 -0.0259315 -0.027372 -0.0286734 -0.0298411 -0.0308802 -0.0317958 -0.0325922 -0.0332737 -0.033844 -0.0343061 -0.0346628 -0.034916 -0.0350674 -0.0351177 -0.0350674 -0.034916 -0.0346628 -0.0343061 -0.033844 -0.0332737 -0.0325922 -0.0317958 -0.0308802 -0.0298411 -0.0286734 -0.027372 -0.0259315 -0.0243463 -0.0226111 -0.0207203 -0.0186689 -0.0164521 -0.0140659 -0.0115069 -0.00877292 -0.00586289 -0.00277733 0.000481491 0.0039092 0.00749908 0.0112418 0.015125 0.0191333 0.023248 0.0274468 0.031704 0.0359902 0.040273 0.0445166 0.0486825 0.05273 0.0566164 0.0602981 0.0637306 0.0668695 0.0696715 0.0720944 0.0740989 0.0756489 0.0767132 0.0772667 0.0772917 0.07678 0.0757337 0.0741662 0.0721023 0.0695776 0.0666374 0.0633345 0.0597272 0.0558772 0.0518486 0.0477066 0.043517 0.039345 0.0352535 0.0313006 0.0275362 0.0239992 0.0207166 0.0177038 0.0149681 0.0125118 0.010335 0.00843569 0.00680787 0.00543815 0.00430421 0.00337594 0.00261966 0.00200352 0.00150171 0.0010958 0.000773277 0.00052461 0.000340538 0.000210757 0.000124056 6.93423e-05 3.67738e-05 1.8496e-05 8.82293e-06 3.99249e-06 1.71452e-06 6.9908e-07 2.70795e-07 9.97099e-08 3.49205e-08 1.16391e-08 3.69376e-09 1.11556e-09 3.16042e-10 6.64402e-11 
0 2.86194e-10 1.07294e-09 3.59728e-09 1.14396e-08 3.46242e-08 9.97099e-08 2.73035e-07 7.10451e-07 1.7555e-06 4.11666e-06 9.15607e-06 1.93055e-05 3.85762e-05 7.3044e-05 0.0001311 0.000223217 0.000361104 0.000556442 0.000819809 0.00116071 0.00158935 0.00211983 0.00277349 0.00358004 0.00457529 0.00579578 0.0072727 0.00902813 0.0110751 0.0134208 0.01607 0.019026 0.0222887 0.0258499 0.0296896 0.0337732 0.0380533 0.0424723 0.0469673 0.0514726 0.0559222 0.0602501 0.0643903 0.0682772 0.0718466 0.0750375 0.0777952 0.0800732 0.0818356 0.0830581 0.0837284 0.0838455 0.0834184 0.0824653 0.0810114 0.0790883 0.076732 0.0739825 0.0708824 0.0674757 0.0638078 0.0599236 0.0558674 0.0516818 0.0474074 0.0430822 0.038741 0.0344156 0.0301344 0.0259225 0.0218015 0.0177903 0.0139044 0.0101567 0.00655755 0.0031149 -0.00016538 -0.00327934 -0.00622471 -0.00900065 -0.0116076 -0.0140471 -0.0163216 -0.0184342 -0.0203885 -0.0221886 -0.023839 -0.025344 -0.0267084 -0.0279367 -0.0290331 -0.0300018 -0.0308468 -0.0315716 -0.0321793 -0.0326727 -0.033054 -0.0333251 -0.0334872 -0.0335411 -0.0334872 -0.0333251 -0.033054 -0.0326727 -0.0321793 -0.0315716 -0.0308468 -0.0300018 -0.0290331 -0.0279367 -0.0267084 -0.025344 -0.023839 -0.0221886 -0.0203885 -0.0184342 -0.0163216 -0.0140471 -0.0116076 -0.00900065 -0.00622471 -0.00327934 -0.00016538 0.0031149 0.00655755 0.0101567 0.0139044 0.0177903 0.0218015 0.0259225 0.0301344 0.0344156 0.038741 0.0430822 0.0474074 0.0516818 0.0558674 0.0599236 0.0638078 0.0674757 0.0708824 0.0739825 0.076732 0.0790883 0.0810114 0.0824653 0.0834184 0.0838455 0.0837284 0.0830581 0.0818356 0.0800732 0.0777952 0.0750375 0.0718466 0.0682772 0.0643903 0.0602501 0.0559222 0.0514726 0.0469673 0.0424723 0.0380533 0.0337732 0.0296896 0.0258499 0.0222887 0.019026 0.01607 0.0134208 0.0110751 0.00902813 0.0072727 0.00579578 0.00457529 0.00358004 0.00277349 0.00211983 0.00158935 0.00116071 0.000819809 0.000556442 0.000361104 0.000223217 0.0001311 7.3044e-05 3.85762e-05 1.93055e-05 9.15607e-06 4.11666e-06 1.7555e-06 7.10451e-07 2.73035e-07 9.97099e-08 3.46239e-08 1.14385e-08 3.59311e-09 1.058e-09 2.359e-10 
0 9.4463e-10 3.4246e-09 1.10464e-08 3.37491e-08 9.80507e-08 2.70795e-07 7.10451e-07 1.76938e-06 4.18015e-06 9.36177e-06 1.9864e-05 3.99146e-05 7.59407e-05 0.000136829 0.00023365 0.000378707 0.000584136 0.000860793 0.00121845 0.00166798 0.00222516 0.00291419 0.00376848 0.00482727 0.00612901 0.0077048 0.00957547 0.0117533 0.0142468 0.0170638 0.0202111 0.0236901 0.0274907 0.0315871 0.0359372 0.040486 0.0451702 0.0499225 0.0546745 0.0593573 0.0639013 0.0682365 0.0722936 0.0760061 0.0793135 0.0821637 0.0845154 0.0863388 0.0876157 0.0883391 0.0885114 0.0881438 0.0872549 0.0858699 0.08402 0.0817411 0.0790731 0.076059 0.0727436 0.0691723 0.0653904 0.0614413 0.0573666 0.0532049 0.0489917 0.0447593 0.0405363 0.0363484 0.0322179 0.0281644 0.0242046 0.020353 0.0166215 0.0130203 0.00955733 0.00623906 0.00307028 5.44101e-05 -0.00280643 -0.0055112 -0.00805989 -0.0104533 -0.0126929 -0.0147809 -0.0167197 -0.0185124 -0.0201621 -0.0216722 -0.0230459 -0.0242868 -0.0253982 -0.0263831 -0.0272446 -0.0279853 -0.0286078 -0.0291142 -0.0295061 -0.0297851 -0.029952 -0.0300076 -0.029952 -0.0297851 -0.0295061 -0.0291142 -0.0286078 -0.0279853 -0.0272446 -0.0263831 -0.0253982 -0.0242868 -0.0230459 -0.0216722 -0.0201621 -0.0185124 -0.0167197 -0.0147809 -0.0126929 -0.0104533 -0.00805989 -0.0055112 -0.00280643 5.44101e-05 0.00307028 0.00623906 0.00955733 0.0130203 0.0166215 0.020353 0.0242046 0.0281644 0.0322179 0.0363484 0.0405363 0.0447593 0.0489917 0.0532049 0.0573666 0.0614413 0.0653904 0.0691723 0.0727436 0.076059 0.0790731 0.0817411 0.08402 0.0858699 0.0872549 0.0881438 0.0885114 0.0883391 0.0876157 0.0863388 0.0845154 0.0821637 0.0793135 0.0760061 0.0722936 0.0682365 0.0639013 0.0593573 0.0546745 0.0499225 0.0451702 0.040486 0.0359372 0.0315871 0.0274907 0.0236901 0.0202111 0.0170638 0.0142468 0.0117533 0.00957547 0.0077048 0.00612901 0.00482727 0.00376848 0.00291419 0.00222516 0.00166798 0.00121845 0.000860793 0.000584136 0.000378707 0.00023365 0.000136829 7.59407e-05 3.99146e-05 1.9864e-05 9.36177e-06 4.18015e-06 1.76938e-06 7.10451e-07 2.70795e-07 9.80497e-08 3.37454e-08 1.1033e-08 3.379e-09 7.99978e-10 
0 2.97312e-09 1.04216e-08 3.23238e-08 9.48101e-08 2.64182e-07 6.9908e-07 1.7555e-06 4.18015e-06 9.43133e-06 2.0149e-05 4.07388e-05 7.79312e-05 0.00014106 0.000241756 0.000392897 0.000607084 0.000895468 0.00126811 0.00173662 0.00231847 0.00304072 0.00394038 0.00505974 0.00643857 0.00810724 0.0100849 0.0123833 0.0150123 0.0179829 0.0213048 0.0249786 0.02899 0.0333064 0.0378783 0.0426452 0.0475405 0.0524947 0.0574368 0.0622934 0.0669891 0.0714471 0.0755929 0.0793577 0.0826824 0.0855199 0.087836 0.0896095 0.0908304 0.0914987 0.0916227 0.0912183 0.0903079 0.0889199 0.0870881 0.0848507 0.0822493 0.0793279 0.076131 0.072703 0.0690866 0.0653225 0.0614484 0.0574987 0.0535048 0.0494946 0.0454931 0.0415223 0.0376013 0.033747 0.0299739 0.0262944 0.0227189 0.0192563 0.0159139 0.0126973 0.00961115 0.00665888 0.00384288 0.00116471 -0.00137484 -0.00377563 -0.00603806 -0.00816301 -0.0101517 -0.0120057 -0.0137268 -0.015317 -0.0167782 -0.0181127 -0.0193225 -0.0204097 -0.0213764 -0.0222244 -0.0229555 -0.0235714 -0.0240733 -0.0244624 -0.0247397 -0.0249058 -0.0249611 -0.0249058 -0.0247397 -0.0244624 -0.0240733 -0.0235714 -0.0229555 -0.0222244 -0.0213764 -0.0204097 -0.0193225 -0.0181127 -0.0167782 -0.015317 -0.0137268 -0.0120057 -0.0101517 -0.00816301 -0.00603806 -0.00377563 -0.00137484 0.00116471 0.00384288 0.00665888 0.00961115 0.0126973 0.0159139 0.0192563 0.0227189 0.0262944 0.0299739 0.033747 0.0376013 0.0415223 0.0454931 0.0494946 0.0535048 0.0574987 0.0614484 0.0653225 0.0690866 0.072703 0.076131 0.0793279 0.0822493 0.0848507 0.0870881 0.0889199 0.0903079 0.0912183 0.0916227 0.0914987 0.0908304 0.0896095 0.087836 0.0855199 0.0826824 0.0793577 0.0755929 0.0714471 0.0669891 0.0622934 0.0574368 0.0524947 0.0475405 0.0426452 0.0378783 0.0333064 0.02899 0.0249786 0.0213048 0.0179829 0.0150123 0.0123833 0.0100849 0.00810724 0.00643857 0.00505974 0.00394038 0.00304072 0.00231847 0.00173662 0.00126811 0.000895468 0.000607084 0.000392897 0.000241756 0.00014106 7.79312e-05 4.07388e-05 2.0149e-05 9.43133e-06 4.18015e-06 1.7555e-06 6.99079e-07 2.64179e-07 9.47982e-08 3.22832e-08 1.02922e-08 2.59037e-09 
0 8.91946e-09 3.02256e-08 9.0093e-08 2.535e-07 6.7687e-07 1.71452e-06 4.11666e-06 9.36177e-06 2.0149e-05 4.10171e-05 7.89446e-05 0.000143656 0.000247298 0.000403308 0.000624765 0.000923158 0.00130888 0.00179427 0.00239848 0.0031514 0.00409346 0.00526978 0.00672106 0.00847663 0.0105541 0.0129648 0.0157211 0.0188371 0.0223235 0.0261787 0.0303818 0.0348918 0.039653 0.0446007 0.0496665 0.0547793 0.0598649 0.064844 0.0696339 0.0741516 0.0783185 0.0820657 0.0853369 0.0880908 0.0902999 0.0919494 0.093036 0.0935657 0.0935532 0.0930212 0.0919994 0.0905236 0.0886348 0.086377 0.0837959 0.0809375 0.0778461 0.0745638 0.0711298 0.0675799 0.0639466 0.0602588 0.0565427 0.0528213 0.0491151 0.0454421 0.0418179 0.0382559 0.0347677 0.0313629 0.0280496 0.0248345 0.0217227 0.0187185 0.0158252 0.0130454 0.0103809 0.00783306 0.00540283 0.00309077 0.000897175 -0.00117794 -0.00313474 -0.00497358 -0.00669496 -0.00829952 -0.00978798 -0.0111611 -0.0124199 -0.0135652 -0.0145978 -0.0155189 -0.0163291 -0.0170294 -0.0176206 -0.0181033 -0.0184781 -0.0187454 -0.0189057 -0.0189591 -0.0189057 -0.0187454 -0.0184781 -0.0181033 -0.0176206 -0.0170294 -0.0163291 -0.0155189 -0.0145978 -0.0135652 -0.0124199 -0.0111611 -0.00978798 -0.00829952 -0.00669496 -0.00497358 -0.00313474 -0.00117794 0.000897175 0.00309077 0.00540283 0.00783306 0.0103809 0.0130454 0.0158252 0.0187185 0.0217227 0.0248345 0.0280496 0.0313629 0.0347677 0.0382559 0.0418179 0.0454421 0.0491151 0.0528213 0.0565427 0.0602588 0.0639466 0.0675799 0.0711298 0.0745638 0.0778461 0.0809375 0.0837959 0.086377 0.0886348 0.0905236 0.0919994 0.0930212 0.0935532 0.0935657 0.093036 0.0919494 0.0902999 0.0880908 0.0853369 0.0820657 0.0783185 0.0741516 0.0696339 0.064844 0.0598649 0.0547793 0.0496665 0.0446007 0.039653 0.0348918 0.0303818 0.0261787 0.0223235 0.0188371 0.0157211 0.0129648 0.0105541 0.00847663 0.00672106 0.00526978 0.00409346 0.0031514 0.00239848 0.00179427 0.00130888 0.000923158 0.000624765 0.000403308 0.000247298 0.000143656 7.89446e-05 4.10171e-05 2.0149e-05 9.36177e-06 4.11666e-06 1.71452e-06 6.7686e-07 2.53465e-07 8.99794e-08 2.98884e-08 8.00685e-09 
0 2.54955e-08 8.35133e-08 2.39079e-07 6.44805e-07 1.64828e-06 3.99249e-06 9.15607e-06 1.9864e-05 4.07388e-05 7.89446e-05 0.000144531 0.00025011 0.000409665 0.00063678 0.000943327 0.00134006 0.00184005 0.00246401 0.00324454 0.00422533 0.00545408 0.00697224 0.00880805 0.0109778 0.0134934 0.0163698 0.0196243 0.0232678 0.0272941 0.0316742 0.0363592 0.0412875 0.0463919 0.0516024 0.0568451 0.0620399 0.0670999 0.0719353 0.0764583 0.0805896 0.0842632 0.0874281 0.0900482 0.0921012 0.0935768 0.0944757 0.0948092 0.0945986 0.093875 0.0926772 0.0910509 0.0890453 0.0867116 0.0841001 0.0812589 0.0782325 0.0750616 0.0717823 0.0684268 0.0650234 0.0615967 0.0581682 0.0547565 0.0513771 0.0480435 0.0447663 0.0415546 0.0384153 0.0353539 0.0323748 0.0294812 0.0266755 0.0239597 0.0213353 0.0188036 0.0163656 0.0140222 0.0117744 0.00962293 0.00756857 0.00561204 0.003754 0.00199504 0.000335674 -0.00122366 -0.0026826 -0.00404088 -0.00529832 -0.0064548 -0.00751028 -0.00846476 -0.0093183 -0.010071 -0.010723 -0.0112744 -0.0117253 -0.0120759 -0.0123262 -0.0124763 -0.0125264 -0.0124763 -0.0123262 -0.0120759 -0.0117253 -0.0112744 -0.010723 -0.010071 -0.0093183 -0.00846476 -0.00751028 -0.0064548 -0.00529832 -0.00404088 -0.0026826 -0.00122366 0.000335674 0.00199504 0.003754 0.00561204 0.00756857 0.00962293 0.0117744 0.0140222 0.0163656 0.0188036 0.0213353 0.0239597 0.0266755 0.0294812 0.0323748 0.0353539 0.0384153 0.0415546 0.0447663 0.0480435 0.0513771 0.0547565 0.0581682 0.0615967 0.0650234 0.0684268 0.0717823 0.0750616 0.0782325 0.0812589 0.0841001 0.0867116 0.0890453 0.0910509 0.0926772 0.093875 0.0945986 0.0948092 0.0944757 0.0935768 0.0921012 0.0900482 0.0874281 0.0842632 0.0805896 0.0764583 0.0719353 0.0670999 0.0620399 0.0568451 0.0516024 0.0463919 0.0412875 0.0363592 0.0316742 0.0272941 0.0232678 0.0196243 0.0163698 0.0134934 0.0109778 0.00880805 0.00697224 0.00545408 0.00422533 0.00324454 0.00246401 0.00184005 0.00134006 0.000943327 0.00063678 0.000409665 0.00025011 0.000144531 7.89446e-05 4.07388e-05 1.9864e-05 9.15606e-06 3.99248e-06 1.64825e-06 6.44707e-07 2.38787e-07 8.27245e-08 2.36187e-08 
0 6.94069e-08 2.19734e-07 6.03796e-07 1.55959e-06 3.81303e-06 8.82293e-06 1.93055e-05 3.99146e-05 7.79312e-05 0.000143656 0.00025011 0.000411803 0.000642856 0.000955585 0.00136114 0.00187326 0.00251408 0.00331866 0.00433375 0.00560951 0.00718808 0.00909676 0.0113508 0.0139634 0.0169527 0.0203387 0.0241315 0.0283187 0.032863 0.037708 0.0427882 0.0480346 0.0533749 0.0587297 0.0640102 0.0691209 0.0739652 0.0784533 0.0825083 0.086069 0.0890895 0.0915386 0.0933972 0.0946587 0.0953282 0.0954236 0.0949746 0.0940217 0.0926137 0.0908046 0.0886508 0.0862081 0.0835298 0.0806654 0.0776599 0.0745537 0.0713823 0.0681768 0.0649636 0.0617652 0.0585997 0.0554817 0.052422 0.0494285 0.0465067 0.0436598 0.0408894 0.0381961 0.0355797 0.0330399 0.0305758 0.0281869 0.0258729 0.0236334 0.0214686 0.0193788 0.0173645 0.0154263 0.0135652 0.0117821 0.0100779 0.00845386 0.00691094 0.00545024 0.0040728 0.00277962 0.00157166 0.000449805 -0.000585136 -0.00153242 -0.00239137 -0.0031614 -0.00384199 -0.00443269 -0.00493313 -0.00534299 -0.00566202 -0.00589003 -0.00602689 -0.00607252 -0.00602689 -0.00589003 -0.00566202 -0.00534299 -0.00493313 -0.00443269 -0.00384199 -0.0031614 -0.00239137 -0.00153242 -0.000585136 0.000449805 0.00157166 0.00277962 0.0040728 0.00545024 0.00691094 0.00845386 0.0100779 0.0117821 0.0135652 0.0154263 0.0173645 0.0193788 0.0214686 0.0236334 0.0258729 0.0281869 0.0305758 0.0330399 0.0355797 0.0381961 0.0408894 0.0436598 0.0465067 0.0494285 0.052422 0.0554817 0.0585997 0.0617652 0.0649636 0.0681768 0.0713823 0.0745537 0.0776599 0.0806654 0.0835298 0.0862081 0.0886508 0.0908046 0.0926137 0.0940217 0.0949746 0.0954236 0.0953282 0.0946587 0.0933972 0.0915386 0.0890895 0.086069 0.0825083 0.0784533 0.0739652 0.0691209 0.0640102 0.0587297 0.0533749 0.0480346 0.0427882 0.037708 0.032863 0.0283187 0.0241315 0.0203387 0.0169527 0.0139634 0.0113508 0.00909676 0.00718808 0.00560951 0.00433375 0.00331866 0.00251408 0.00187326 0.00136114 0.000955585 0.000642856 0.000411803 0.00025011 0.000143656 7.79312e-05 3.99146e-05 1.93055e-05 8.82291e-06 3.81294e-06 1.55934e-06 6.03127e-07 2.18158e-07 6.64707e-08 
0 1.79876e-07 5.50341e-07 1.45067e-06 3.58546e-06 8.37612e-06 1.8496e-05 3.85762e-05 7.59407e-05 0.00014106 0.000247298 0.000409665 0.000642856 0.000959698 0.00137177 0.00189339 0.0025479 0.00337252 0.00441683 0.00573336 0.0073651 0.00933861 0.0116687 0.01437 0.0174641 0.0209738 0.0249068 0.0292442 0.03394 0.0389322 0.0441529 0.049532 0.0549929 0.0604477 0.0657976 0.0709377 0.075767 0.0801962 0.0841522 0.0875779 0.0904314 0.0926836 0.0943184 0.0953334 0.0957411 0.0955687 0.0948564 0.093655 0.0920218 0.090017 0.087701 0.0851319 0.0823644 0.0794491 0.0764321 0.0733547 0.0702534 0.0671593 0.0640981 0.0610903 0.058151 0.0552907 0.0525158 0.0498292 0.0472311 0.0447202 0.0422934 0.0399475 0.0376787 0.0354833 0.0333581 0.0313002 0.0293069 0.0273764 0.0255072 0.0236983 0.021949 0.0202593 0.0186291 0.0170591 0.0155499 0.0141026 0.0127182 0.0113981 0.0101435 0.00895608 0.00783714 0.00678818 0.00581065 0.00490591 0.00407527 0.00331996 0.00264109 0.00203968 0.00151662 0.00107271 0.0007086 0.000424843 0.000221857 9.99456e-05 5.92884e-05 9.99456e-05 0.000221857 0.000424843 0.0007086 0.00107271 0.00151662 0.00203968 0.00264109 0.00331996 0.00407527 0.00490591 0.00581065 0.00678818 0.00783714 0.00895608 0.0101435 0.0113981 0.0127182 0.0141026 0.0155499 0.0170591 0.0186291 0.0202593 0.021949 0.0236983 0.0255072 0.0273764 0.0293069 0.0313002 0.0333581 0.0354833 0.0376787 0.0399475 0.0422934 0.0447202 0.0472311 0.0498292 0.0525158 0.0552907 0.058151 0.0610903 0.0640981 0.0671593 0.0702534 0.0733547 0.0764321 0.0794491 0.0823644 0.0851319 0.087701 0.090017 0.0920218 0.093655 0.0948564 0.0955687 0.0957411 0.0953334 0.0943184 0.0926836 0.0904314 0.0875779 0.0841522 0.0801962 0.075767 0.0709377 0.0657976 0.0604477 0.0549929 0.049532 0.0441529 0.0389322 0.03394 0.0292442 0.0249068 0.0209738 0.0174641 0.01437 0.0116687 0.00933861 0.0073651 0.00573336 0.00441683 0.00337252 0.0025479 0.00189339 0.00137177 0.000959698 0.000642856 0.000409665 0.000247298 0.00014106 7.59407e-05 3.85761e-05 1.8496e-05 8.37591e-06 3.58491e-06 1.44938e-06 5.48029e-07 1.78432e-07 
0 4.43603e-07 1.31158e-06 3.31458e-06 7.83235e-06 1.7467e-05 3.67738e-05 7.3044e-05 0.000136829 0.000241756 0.000403308 0.00063678 0.000955585 0.00137177 0.00190013 0.00256495 0.00340522 0.00447308 0.00582345 0.00750041 0.00953022 0.0119275 0.0147087 0.017899 0.0215231 0.0255862 0.0300621 0.0348971 0.0400252 0.0453777 0.0508826 0.0564569 0.0620022 0.0674084 0.0725635 0.0773645 0.0817245 0.0855732 0.088856 0.0915313 0.0935712 0.0949631 0.0957116 0.0958392 0.0953845 0.0943991 0.0929425 0.0910783 0.0888709 0.086383 0.0836747 0.0808028 0.0778198 0.0747738 0.0717075 0.0686574 0.0656538 0.06272 0.0598731 0.0571246 0.0544808 0.0519441 0.0495138 0.0471872 0.0449598 0.0428264 0.0407812 0.0388184 0.0369322 0.035117 0.0333675 0.0316791 0.0300476 0.0284695 0.0269418 0.0254624 0.0240295 0.0226422 0.0213 0.0200031 0.0187519 0.0175473 0.0163907 0.0152833 0.0142269 0.0132232 0.012274 0.011381 0.0105462 0.00977117 0.00905765 0.00840718 0.0078212 0.00730102 0.00684779 0.00646255 0.00614617 0.00589934 0.00572264 0.00561646 0.00558104 0.00561646 0.00572264 0.00589934 0.00614617 0.00646255 0.00684779 0.00730102 0.0078212 0.00840718 0.00905765 0.00977117 0.0105462 0.011381 0.012274 0.0132232 0.0142269 0.0152833 0.0163907 0.0175473 0.0187519 0.0200031 0.0213 0.0226422 0.0240295 0.0254624 0.0269418 0.0284695 0.0300476 0.0316791 0.0333675 0.035117 0.0369322 0.0388184 0.0407812 0.0428264 0.0449598 0.0471872 0.0495138 0.0519441 0.0544808 0.0571246 0.0598731 0.06272 0.0656538 0.0686574 0.0717075 0.0747738 0.0778198 0.0808028 0.0836747 0.086383 0.0888709 0.0910783 0.0929425 0.0943991 0.0953845 0.0958392 0.0957116 0.0949631 0.0935712 0.0915313 0.088856 0.0855732 0.0817245 0.0773645 0.0725635 0.0674084 0.0620022 0.0564569 0.0508826 0.0453777 0.0400252 0.0348971 0.0300621 0.0255862 0.0215231 0.017899 0.0147087 0.0119275 0.00953022 0.00750041 0.00582345 0.00447308 0.00340522 0.00256495 0.00190013 0.00137177 0.000955585 0.00063678 0.000403308 0.000241756 0.000136829 7.3044e-05 3.67736e-05 1.74665e-05 7.83131e-06 3.31282e-06 1.31111e-06 4.56757e-07 
0 1.04063e-06 2.97337e-06 7.20032e-06 1.62538e-05 3.45728e-05 6.93423e-05 0.0001311 0.00023365 0.000392897 0.000624765 0.000943327 0.00136114 0.00189339 0.00256495 0.00341618 0.00450146 0.00587816 0.00759183 0.00966894 0.0121242 0.0149759 0.0182526 0.0219809 0.0261629 0.0307652 0.0357276 0.0409815 0.0464585 0.0520835 0.0577647 0.0633916 0.068844 0.0740053 0.0787732 0.0830627 0.0868049 0.0899439 0.0924369 0.0942576 0.0953991 0.0958757 0.0957216 0.0949868 0.0937315 0.0920217 0.0899254 0.0875101 0.0848422 0.0819855 0.0790004 0.0759428 0.0728623 0.0698015 0.0667952 0.0638701 0.0610456 0.0583345 0.0557443 0.053278 0.0509354 0.048714 0.0466093 0.0446156 0.0427261 0.0409337 0.0392305 0.0376089 0.0360612 0.0345801 0.0331588 0.0317913 0.0304722 0.0291971 0.0279624 0.0267654 0.0256042 0.0244776 0.023385 0.0223264 0.0213025 0.020314 0.0193621 0.0184484 0.0175743 0.0167417 0.0159522 0.0152078 0.0145102 0.0138612 0.0132625 0.0127156 0.0122221 0.0117833 0.0114005 0.0110747 0.0108068 0.0105977 0.0104479 0.0103578 0.0103278 0.0103578 0.0104479 0.0105977 0.0108068 0.0110747 0.0114005 0.0117833 0.0122221 0.0127156 0.0132625 0.0138612 0.0145102 0.0152078 0.0159522 0.0167417 0.0175743 0.0184484 0.0193621 0.020314 0.0213025 0.0223264 0.023385 0.0244776 0.0256042 0.0267654 0.0279624 0.0291971 0.0304722 0.0317913 0.0331588 0.0345801 0.0360612 0.0376089 0.0392305 0.0409337 0.0427261 0.0446156 0.0466093 0.048714 0.0509354 0.053278 0.0557443 0.0583345 0.0610456 0.0638701 0.0667952 0.0698015 0.0728623 0.0759428 0.0790004 0.0819855 0.0848422 0.0875101 0.0899254 0.0920217 0.0937315 0.0949868 0.0957216 0.0958757 0.0953991 0.0942576 0.0924369 0.0899439 0.0868049 0.0830627 0.0787732 0.0740053 0.068844 0.0633916 0.0577647 0.0520835 0.0464585 0.0409815 0.0357276 0.0307652 0.0261629 0.0219809 0.0182526 0.0149759 0.0121242 0.00966894 0.00759183 0.00587816 0.00450146 0.00341618 0.00256495 0.00189339 0.00136114 0.000943327 0.000624765 0.000392897 0.00023365 0.0001311 6.93419e-05 3.4572e-05 1.62525e-05 7.2006e-06 2.98696e-06 1.11477e-06 
0 2.32127e-06 6.41027e-06 1.48686e-05 3.20413e-05 6.49588e-05 0.000124056 0.000223217 0.000378707 0.000607084 0.000923158 0.00134006 0.00187326 0.0025479 0.00340522 0.00450146 0.00589651 0.00763791 0.00975292 0.0122566 0.0151689 0.0185213 0.0223423 0.026631 0.0313476 0.0364262 0.0417971 0.047392 0.0531316 0.0589133 0.0646139 0.0701054 0.0752696 0.0800056 0.0842293 0.0878693 0.0908665 0.0931772 0.0947788 0.0956732 0.095886 0.0954624 0.0944605 0.0929465 0.0909905 0.0886646 0.0860411 0.0831921 0.0801868 0.0770901 0.07396 0.070846 0.0677883 0.0648179 0.0619574 0.059222 0.0566213 0.05416 0.0518394 0.0496577 0.0476109 0.0456929 0.0438962 0.0422122 0.0406316 0.0391446 0.0377415 0.0364131 0.0351507 0.0339465 0.0327936 0.031686 0.0306189 0.029588 0.0285904 0.0276236 0.0266858 0.0257759 0.0248934 0.0240381 0.0232102 0.0224103 0.0216392 0.0208981 0.0201881 0.0195107 0.0188673 0.0182596 0.0176891 0.0171573 0.0166659 0.0162163 0.0158099 0.015448 0.0151318 0.0148625 0.0146408 0.0144676 0.0143434 0.0142688 0.0142438 0.0142688 0.0143434 0.0144676 0.0146408 0.0148625 0.0151318 0.015448 0.0158099 0.0162163 0.0166659 0.0171573 0.0176891 0.0182596 0.0188673 0.0195107 0.0201881 0.0208981 0.0216392 0.0224103 0.0232102 0.0240381 0.0248934 0.0257759 0.0266858 0.0276236 0.0285904 0.029588 0.0306189 0.031686 0.0327936 0.0339465 0.0351507 0.0364131 0.0377415 0.0391446 0.0406316 0.0422122 0.0438962 0.0456929 0.0476109 0.0496577 0.0518394 0.05416 0.0566213 0.059222 0.0619574 0.0648179 0.0677883 0.070846 0.07396 0.0770901 0.0801868 0.0831921 0.0860411 0.0886646 0.0909905 0.0929465 0.0944605 0.0954624 0.095886 0.0956732 0.0947788 0.0931772 0.0908665 0.0878693 0.0842293 0.0800056 0.0752696 0.0701054 0.0646139 0.0589133 0.0531316 0.047392 0.0417971 0.0364262 0.0313476 0.026631 0.0223423 0.0185213 0.0151689 0.0122566 0.00975292 0.00763791 0.00589651 0.00450146 0.00340522 0.0025479 0.00187326 0.00134006 0.000923158 0.000607083 0.000378706 0.000223216 0.000124056 6.49579e-05 3.20421e-05 1.4882e-05 6.47988e-06 2.59373e-06 
0 4.92216e-06 1.31404e-05 2.91863e-05 6.00117e-05 0.000115911 0.000210757 0.000361104 0.000584136 0.000895468 0.00130888 0.00184005 0.00251408 0.00337252 0.00447308 0.00587816 0.00763791 0.00978104 0.0123232 0.0152855 0.0187022 0.0226033 0.0269861 0.0318049 0.0369891 0.0424686 0.0481752 0.054024 0.0599 0.0656682 0.0711953 0.0763637 0.0810737 0.0852385 0.0887819 0.0916408 0.0937727 0.0951623 0.0958222 0.0957884 0.0951138 0.0938617 0.092102 0.0899093 0.0873615 0.0845382 0.0815182 0.0783759 0.0751786 0.0719837 0.0688383 0.0657789 0.062833 0.0600202 0.0573537 0.0548414 0.0524868 0.0502895 0.048246 0.0463495 0.0445916 0.0429618 0.041449 0.0400416 0.0387283 0.0374984 0.0363421 0.0352506 0.0342162 0.033232 0.0322922 0.031392 0.030527 0.0296938 0.0288894 0.0281115 0.0273583 0.0266284 0.025921 0.0252354 0.0245717 0.02393 0.0233109 0.022715 0.0221434 0.0215972 0.0210777 0.0205861 0.0201239 0.0196925 0.0192932 0.0189274 0.0185964 0.0183013 0.0180433 0.0178232 0.017642 0.0175004 0.0173988 0.0173376 0.0173172 0.0173376 0.0173988 0.0175004 0.017642 0.0178232 0.0180433 0.0183013 0.0185964 0.0189274 0.0192932 0.0196925 0.0201239 0.0205861 0.0210777 0.0215972 0.0221434 0.022715 0.0233109 0.02393 0.0245717 0.0252354 0.025921 0.0266284 0.0273583 0.0281115 0.0288894 0.0296938 0.030527 0.031392 0.0322922 0.033232 0.0342162 0.0352506 0.0363421 0.0374984 0.0387283 0.0400416 0.041449 0.0429618 0.0445916 0.0463495 0.048246 0.0502895 0.0524868 0.0548414 0.0573537 0.0600202 0.062833 0.0657789 0.0688383 0.0719837 0.0751786 0.0783759 0.0815182 0.0845382 0.0873615 0.0899093 0.092102 0.0938617 0.0951138 0.0957884 0.0958222 0.0951623 0.0937727 0.0916408 0.0887819 0.0852385 0.0810737 0.0763637 0.0711953 0.0656682 0.0599 0.054024 0.0481752 0.0424686 0.0369891 0.0318049 0.0269861 0.0226033 0.0187022 0.0152855 0.0123232 0.00978104 0.00763791 0.00587816 0.00447308 0.00337252 0.00251408 0.00184005 0.00130888 0.000895468 0.000584136 0.000361104 0.000210757 0.000115912 6.00246e-05 2.92501e-05 1.3388e-05 5.75276e-06 
0 9.91969e-06 2.56111e-05 5.44715e-05 0.000106844 0.000196603 0.000340538 0.000556442 0.000860793 0.00126811 0.00179427 0.00246401 0.00331866 0.00441683 0.00582345 0.00759183 0.00975292 0.0123232 0.0153245 0.0187931 0.0227611 0.0272247 0.0321337 0.0374135 0.0429935 0.0488055 0.054758 0.0607229 0.0665548 0.0721176 0.0772958 0.0819882 0.086102 0.0895546 0.0922807 0.0942424 0.095434 0.0958782 0.0956183 0.0947116 0.0932248 0.0912321 0.0888151 0.0860601 0.0830546 0.0798829 0.0766219 0.0733379 0.0700856 0.0669089 0.0638419 0.0609106 0.0581335 0.0555232 0.0530866 0.050825 0.0487355 0.046811 0.0450416 0.0434156 0.0419202 0.0405424 0.03927 0.0380913 0.0369958 0.0359739 0.0350171 0.0341179 0.0332695 0.0324658 0.0317013 0.0309715 0.0302722 0.0295998 0.0289514 0.0283248 0.0277181 0.0271301 0.0265598 0.0260069 0.0254713 0.0249532 0.024453 0.0239715 0.0235095 0.023068 0.0226479 0.0222505 0.0218768 0.021528 0.0212052 0.0209094 0.0206417 0.0204031 0.0201945 0.0200165 0.01987 0.0197554 0.0196732 0.0196238 0.0196073 0.0196238 0.0196732 0.0197554 0.01987 0.0200165 0.0201945 0.0204031 0.0206417 0.0209094 0.0212052 0.021528 0.0218768 0.0222505 0.0226479 0.023068 0.0235095 0.0239715 0.024453 0.0249532 0.0254713 0.0260069 0.0265598 0.0271301 0.0277181 0.0283248 0.0289514 0.0295998 0.0302722 0.0309715 0.0317013 0.0324658 0.0332695 0.0341179 0.0350171 0.0359739 0.0369958 0.0380913 0.03927 0.0405424 0.0419202 0.0434156 0.0450416 0.046811 0.0487355 0.050825 0.0530866 0.0555232 0.0581335 0.0609106 0.0638419 0.0669089 0.0700856 0.0733379 0.0766219 0.0798829 0.0830546 0.0860601 0.0888151 0.0912321 0.0932248 0.0947116 0.0956183 0.0958782 0.095434 0.0942424 0.0922807 0.0895546 0.086102 0.0819882 0.0772958 0.0721176 0.0665548 0.0607229 0.054758 0.0488055 0.0429935 0.0374135 0.0321337 0.0272247 0.0227611 0.0187931 0.0153245 0.0123232 0.00975292 0.00759183 0.00582345 0.00441683 0.00331866 0.00246401 0.00179427 0.00126811 0.000860793 0.000556441 0.00034054 0.000196615 0.000106901 5.46922e-05 2.63525e-05 1.21638e-05 
