0 0 0 0 0 0 0 0 0 0 0 0 0 0 0 0 0 0 0 0 0 0 0 0 0 0 0 0 0 0 0 0 0 0 0 0 0 0 0 0 0 0 0 0 0 0 0 0 0 0 0 0 0 0 0 0 0 0 0 0 0 0 0 0 0 0 0 0 0 0 0 0 0 0 0 0 0 0 0 0 0 0 0 0 0 0 0 0 0 0 0 0 0 0 0 0 0 0 0 0 0 0 0 0 0 0 0 0 0 0 0 0 0 0 0 0 0 0 0 0 0 0 0 0 0 0 0 0 0 0 0 0 0 0 0 0 0 0 0 0 0 0 0 0 0 0 0 0 0 0 0 0 0 0 0 0 0 0 0 0 0 0 0 0 0 0 0 0 0 0 0 0 0 0 0 0 0 0 0 0 0 0 0 0 0 0 0 0 0 0 0 0 0 0 0 0 0 0 0 0 
0 1.37617e-37 2.34738e-36 3.7282e-35 5.53966e-34 7.71445e-33 1.00845e-31 1.23923e-30 1.43336e-29 1.5623e-28 1.60632e-27 1.55942e-26 1.43063e-25 1.24124e-24 1.01916e-23 7.92419e-23 5.83762e-22 4.0766e-21 2.69983e-20 1.69637e-19 1.0116e-18 5.72716e-18 3.07918e-17 1.57258e-16 7.63086e-16 3.51898e-15 1.54254e-14 6.42867e-14 2.5478e-13 9.60422e-13 3.44443e-12 1.17556e-11 3.81918e-11 1.18152e-10 3.48201e-10 9.77971e-10 2.61913e-09 6.6924e-09 1.63266e-08 3.80571e-08 8.48355e-08 1.81027e-07 3.70168e-07 7.26184e-07 1.36846e-06 2.48051e-06 4.33096e-06 7.29465e-06 1.18704e-05 1.86919e-05 2.85272e-05 4.22656e-05 6.089e-05 8.54366e-05 0.000116946 0.000156412 0.000204734 0.000262678 0.000330854 0.000409709 0.000499536 0.000600496 0.000712649 0.000835988 0.000970466 0.00111602 0.00127258 0.00144008 0.00161841 0.00180745 0.002007 0.00221677 0.00243634 0.00266515 0.00290248 0.00314745 0.00339899 0.00365591 0.00391685 0.00418035 0.00444485 0.00470873 0.00497035 0.00522804 0.00548017 0.00572515 0.00596145 0.00618762 0.0064023 0.00660424 0.0067923 0.00696543 0.00712272 0.00726334 0.00738659 0.00749187 0.00757867 0.00764659 0.00769533 0.00772466 0.00773445 0.00772466 0.00769533 0.00764659 0.00757867 0.00749187 0.00738659 0.00726334 0.00712272 0.00696543 0.0067923 0.00660424 0.0064023 0.00618762 0.00596145 0.00572515 0.00548017 0.00522804 0.00497035 0.00470873 0.00444485 0.00418035 0.00391685 0.00365591 0.00339899 0.00314745 0.00290248 0.00266515 0.00243634 0.00221677 0.002007 0.00180745 0.00161841 0.00144008 0.00127258 0.00111602 0.000970466 0.000835988 0.000712649 0.000600496 0.000499536 0.000409709 0.000330854 0.000262678 0.000204734 0.000156412 0.000116946 8.54366e-05 6.089e-05 4.22656e-05 2.85272e-05 1.86919e-05 1.18704e-05 7.29465e-06 4.33096e-06 2.48051e-06 1.36846e-06 7.26184e-07 3.70168e-07 1.81027e-07 8.48355e-08 3.80571e-08 1.63266e-08 6.6924e-09 2.61913e-09 9.77971e-10 3.48201e-10 1.18152e-10 3.81918e-11 1.17556e-11 3.44443e-12 9.60422e-13 2.5478e-13 6.42867e-14 1.54254e-14 3.51898e-15 7.63086e-16 1.57258e-16 3.07918e-17 5.72716e-18 1.0116e-18 1.69637e-19 2.69983e-20 4.0766e-21 5.83762e-22 7.92419e-23 1.01916e-23 1.24124e-24 1.43063e-25 1.55942e-26 1.60632e-27 1.5623e-28 1.43336e-29 1.23923e-30 1.00845e-31 7.71445e-33 5.53966e-34 3.72819e-35 2.34394e-36 7.48527e-38 
0 2.34738e-36 3.77933e-35 5.67548e-34 7.98871e-33 1.05568e-31 1.31155e-30 1.53389e-29 1.69068e-28 1.75808e-27 1.72637e-26 1.60219e-25 1.40639e-24 1.16845e-23 9.19369e-23 6.85465e-22 4.84517e-21 3.24828e-20 2.06627e-19 1.24757e-18 7.15189e-18 3.89382e-17 2.01391e-16 9.8972e-16 4.62258e-15 2.05231e-14 8.663e-14 3.47734e-13 1.32759e-12 4.82182e-12 1.66644e-11 5.48172e-11 1.71681e-10 5.12106e-10 1.45549e-09 3.94347e-09 1.01908e-08 2.51351e-08 5.92126e-08 1.33344e-07 2.8732e-07 5.92987e-07 1.17358e-06 2.23003e-06 4.07398e-06 7.16573e-06 1.2153e-05 1.99052e-05 3.15362e-05 4.84087e-05 7.21164e-05 0.000104441 0.000147288 0.000202604 0.000272293 0.000358133 0.000461708 0.000584368 0.000727209 0.00089108 0.00107662 0.00128429 0.00151441 0.00176725 0.00204297 0.0023417 0.00266351 0.00300836 0.0033761 0.00376639 0.00417866 0.00461208 0.00506552 0.00553751 0.00602625 0.00652964 0.00704525 0.0075704 0.00810218 0.00863752 0.00917323 0.00970605 0.0102327 0.01075 0.0112547 0.0117439 0.0122146 0.0126641 0.01309 0.0134899 0.0138616 0.0142034 0.0145135 0.0147904 0.0150329 0.0152398 0.0154104 0.0155437 0.0156394 0.0156969 0.0157161 0.0156969 0.0156394 0.0155437 0.0154104 0.0152398 0.0150329 0.0147904 0.0145135 0.0142034 0.0138616 0.0134899 0.01309 0.0126641 0.0122146 0.0117439 0.0112547 0.01075 0.0102327 0.00970605 0.00917323 0.00863752 0.00810218 0.0075704 0.00704525 0.00652964 0.00602625 0.00553751 0.00506552 0.00461208 0.00417866 0.00376639 0.0033761 0.00300836 0.00266351 0.0023417 0.00204297 0.00176725 0.00151441 0.00128429 0.00107662 0.00089108 0.000727209 0.000584368 0.000461708 0.000358133 0.000272293 0.000202604 0.000147288 0.000104441 7.21164e-05 4.84087e-05 3.15362e-05 1.99052e-05 1.2153e-05 7.16573e-06 4.07398e-06 2.23003e-06 1.17358e-06 5.92987e-07 2.8732e-07 1.33344e-07 5.92126e-08 2.51351e-08 1.01908e-08 3.94347e-09 1.45549e-09 5.12106e-10 1.71681e-10 5.48172e-11 1.66644e-11 4.82182e-12 1.32759e-12 3.47734e-13 8.663e-14 2.05231e-14 4.62258e-15 9.8972e-16 2.01391e-16 3.89382e-17 7.15189e-18 1.24757e-18 2.06627e-19 3.24828e-20 4.84517e-21 6.85465e-22 9.19369e-23 1.16845e-23 1.40639e-24 1.60219e-25 1.72637e-26 1.75808e-27 1.69068e-28 1.53389e-29 1.31155e-30 1.05568e-31 7.98871e-33 5.67545e-34 3.77317e-35 1.29068e-36 
0 3.7282e-35 5.67548e-34 8.07043e-33 1.07746e-31 1.35251e-30 1.59834e-29 1.78028e-28 1.87091e-27 1.85679e-26 1.74176e-25 1.54545e-24 1.29794e-23 1.03242e-22 7.78201e-22 5.56126e-21 3.76952e-20 2.42437e-19 1.47998e-18 8.57801e-18 4.7218e-17 2.46899e-16 1.22663e-15 5.79124e-15 2.59877e-14 1.1086e-13 4.49635e-13 1.73419e-12 6.36148e-12 2.21989e-11 7.3707e-11 2.32918e-10 7.00724e-10 2.00768e-09 5.48065e-09 1.42619e-08 3.53989e-08 8.38622e-08 1.89781e-07 4.1062e-07 8.50303e-07 1.68712e-06 3.21144e-06 5.87254e-06 1.03313e-05 1.75132e-05 2.86521e-05 4.53177e-05 6.94149e-05 0.000103154 0.000148986 0.000209516 0.000287401 0.000385243 0.000505496 0.000650408 0.000821976 0.00102195 0.00125186 0.00151303 0.00180665 0.0021338 0.00249545 0.00289249 0.00332566 0.00379551 0.00430234 0.00484614 0.00542649 0.00604251 0.00669284 0.00737556 0.00808826 0.00882798 0.0095913 0.0103744 0.0111731 0.0119829 0.0127991 0.013617 0.0144317 0.0152384 0.0160323 0.0168089 0.0175637 0.0182926 0.0189917 0.0196573 0.0202861 0.020875 0.0214213 0.0219224 0.0223763 0.022781 0.0231349 0.0234365 0.0236849 0.0238789 0.0240181 0.0241017 0.0241297 0.0241017 0.0240181 0.0238789 0.0236849 0.0234365 0.0231349 0.022781 0.0223763 0.0219224 0.0214213 0.020875 0.0202861 0.0196573 0.0189917 0.0182926 0.0175637 0.0168089 0.0160323 0.0152384 0.0144317 0.013617 0.0127991 0.0119829 0.0111731 0.0103744 0.0095913 0.00882798 0.00808826 0.00737556 0.00669284 0.00604251 0.00542649 0.00484614 0.00430234 0.00379551 0.00332566 0.00289249 0.00249545 0.0021338 0.00180665 0.00151303 0.00125186 0.00102195 0.000821976 0.000650408 0.000505496 0.000385243 0.000287401 0.000209516 0.000148986 0.000103154 6.94149e-05 4.53177e-05 2.86521e-05 1.75132e-05 1.03313e-05 5.87254e-06 3.21144e-06 1.68712e-06 8.50303e-07 4.1062e-07 1.89781e-07 8.38622e-08 3.53989e-08 1.42619e-08 5.48065e-09 2.00768e-09 7.00724e-10 2.32918e-10 7.3707e-11 2.21989e-11 6.36148e-12 1.73419e-12 4.49635e-13 1.1086e-13 2.59877e-14 5.79124e-15 1.22663e-15 2.46899e-16 4.7218e-17 8.57801e-18 1.47998e-18 2.42437e-19 3.76952e-20 5.56126e-21 7.78201e-22 1.03242e-22 1.29794e-23 1.54545e-24 1.74176e-25 1.85679e-26 1.87091e-27 1.78028e-28 1.59834e-29 1.35251e-30 1.07746e-31 8.07037e-33 5.66525e-34 2.07275e-35 
0 5.53966e-34 7.98871e-33 1.07746e-31 1.36643e-30 1.63154e-29 1.83626e-28 1.95005e-27 1.95585e-26 1.85424e-25 1.6629e-24 1.41165e-23 1.13504e-22 8.64865e-22 6.24809e-21 4.28145e-20 2.78381e-19 1.71805e-18 1.00671e-17 5.60209e-17 2.96121e-16 1.48711e-15 7.09645e-15 3.21832e-14 1.38729e-13 5.68468e-13 2.21464e-12 8.20385e-12 2.89009e-11 9.68413e-11 3.08711e-10 9.36465e-10 2.70402e-09 7.43472e-09 1.94735e-08 4.86161e-08 1.15755e-07 2.63054e-07 5.71035e-07 1.18527e-06 2.35498e-06 4.48443e-06 8.19533e-06 1.43948e-05 2.43399e-05 3.96857e-05 6.25066e-05 9.52788e-05 0.000140822 0.000202207 0.000282636 0.00038532 0.000513371 0.000669727 0.000857114 0.00107805 0.0013349 0.0016299 0.00196523 0.00234306 0.00276551 0.00323467 0.00375246 0.00432055 0.00494026 0.00561239 0.00633711 0.00711391 0.00794146 0.00881766 0.00973958 0.0107036 0.0117052 0.0127396 0.0138011 0.0148841 0.0159822 0.0170891 0.0181985 0.0193039 0.0203991 0.021478 0.0225346 0.0235633 0.0245589 0.0255165 0.0264314 0.0272995 0.028117 0.0288804 0.0295867 0.0302331 0.0308174 0.0313373 0.0317912 0.0321777 0.0324955 0.0327436 0.0329213 0.0330281 0.0330638 0.0330281 0.0329213 0.0327436 0.0324955 0.0321777 0.0317912 0.0313373 0.0308174 0.0302331 0.0295867 0.0288804 0.028117 0.0272995 0.0264314 0.0255165 0.0245589 0.0235633 0.0225346 0.021478 0.0203991 0.0193039 0.0181985 0.0170891 0.0159822 0.0148841 0.0138011 0.0127396 0.0117052 0.0107036 0.00973958 0.00881766 0.00794146 0.00711391 0.00633711 0.00561239 0.00494026 0.00432055 0.00375246 0.00323467 0.00276551 0.00234306 0.00196523 0.0016299 0.0013349 0.00107805 0.000857114 0.000669727 0.000513371 0.00038532 0.000282636 0.000202207 0.000140822 9.52788e-05 6.25066e-05 3.96857e-05 2.43399e-05 1.43948e-05 8.19533e-06 4.48443e-06 2.35498e-06 1.18527e-06 5.71035e-07 2.63054e-07 1.15755e-07 4.86161e-08 1.94735e-08 7.43472e-09 2.70402e-09 9.36465e-10 3.08711e-10 9.68413e-11 2.89009e-11 8.20385e-12 2.21464e-12 5.68468e-13 1.38729e-13 3.21832e-14 7.09645e-15 1.48711e-15 2.96121e-16 5.60209e-17 1.00671e-17 1.71805e-18 2.78381e-19 4.28145e-20 6.24809e-21 8.64865e-22 1.13504e-22 1.41165e-23 1.6629e-24 1.85424e-25 1.95585e-26 1.95005e-27 1.83626e-28 1.63154e-29 1.36643e-30 1.07745e-31 7.97285e-33 3.11486e-34 
0 7.71445e-33 1.05568e-31 1.35251e-30 1.63154e-29 1.85531e-28 1.99086e-27 2.01778e-26 1.93322e-25 1.75221e-24 1.5034e-23 1.22183e-22 9.41069e-22 6.87244e-21 4.76057e-20 3.12912e-19 1.95225e-18 1.15643e-17 6.50541e-17 3.47605e-16 1.76452e-15 8.51059e-15 3.90065e-14 1.69904e-13 7.034e-13 2.76803e-12 1.0355e-11 3.68286e-11 1.24545e-10 4.00535e-10 1.2252e-09 3.56556e-09 9.87486e-09 2.60361e-08 6.53824e-08 1.56468e-07 3.57073e-07 7.77672e-07 1.61787e-06 3.21853e-06 6.12998e-06 1.11926e-05 1.9621e-05 3.30773e-05 5.37177e-05 8.41961e-05 0.000127615 0.000187429 0.000267304 0.000370974 0.000502104 0.000664195 0.000860551 0.0010943 0.00136847 0.00168608 0.00205024 0.00246417 0.00293125 0.0034549 0.0040385 0.00468517 0.00539756 0.0061777 0.00702675 0.00794486 0.00893111 0.00998344 0.0110987 0.0122726 0.0135 0.0147749 0.0160906 0.0174399 0.0188152 0.0202086 0.0216122 0.023018 0.0244183 0.0258054 0.027172 0.028511 0.0298159 0.0310803 0.0322987 0.0334655 0.0345761 0.0356261 0.0366115 0.0375288 0.0383751 0.0391477 0.0398443 0.0404629 0.0410021 0.0414603 0.0418367 0.0421302 0.0423403 0.0424665 0.0425086 0.0424665 0.0423403 0.0421302 0.0418367 0.0414603 0.0410021 0.0404629 0.0398443 0.0391477 0.0383751 0.0375288 0.0366115 0.0356261 0.0345761 0.0334655 0.0322987 0.0310803 0.0298159 0.028511 0.027172 0.0258054 0.0244183 0.023018 0.0216122 0.0202086 0.0188152 0.0174399 0.0160906 0.0147749 0.0135 0.0122726 0.0110987 0.00998344 0.00893111 0.00794486 0.00702675 0.0061777 0.00539756 0.00468517 0.0040385 0.0034549 0.00293125 0.00246417 0.00205024 0.00168608 0.00136847 0.0010943 0.000860551 0.000664195 0.000502104 0.000370974 0.000267304 0.000187429 0.000127615 8.41961e-05 5.37177e-05 3.30773e-05 1.9621e-05 1.11926e-05 6.12998e-06 3.21853e-06 1.61787e-06 7.77672e-07 3.57073e-07 1.56468e-07 6.53824e-08 2.60361e-08 9.87486e-09 3.56556e-09 1.2252e-09 4.00535e-10 1.24545e-10 3.68286e-11 1.0355e-11 2.76803e-12 7.034e-13 1.69904e-13 3.90065e-14 8.51059e-15 1.76452e-15 3.47605e-16 6.50541e-17 1.15643e-17 1.95225e-18 3.12912e-19 4.76057e-20 6.87244e-21 9.41069e-22 1.22183e-22 1.5034e-23 1.75221e-24 1.93322e-25 2.01778e-26 1.99086e-27 1.85531e-28 1.63154e-29 1.35249e-30 1.05338e-31 4.38799e-33 
0 1.00845e-31 1.31155e-30 1.59834e-29 1.83626e-28 1.99086e-27 2.03886e-26 1.97396e-25 1.80807e-24 1.56785e-23 1.28784e-22 1.00258e-21 7.40072e-21 5.18205e-20 3.44315e-19 2.17154e-18 1.30032e-17 7.3943e-17 3.99382e-16 2.04922e-15 9.98967e-15 4.62718e-14 2.03666e-13 8.5189e-13 3.38639e-12 1.27938e-11 4.5941e-11 1.56808e-10 5.08792e-10 1.56955e-09 4.6041e-09 1.28454e-08 3.40967e-08 8.61396e-08 2.07216e-07 4.74933e-07 1.03786e-06 2.16427e-06 4.31109e-06 8.21241e-06 1.49809e-05 2.62079e-05 4.40425e-05 7.12266e-05 0.000111068 0.000167346 0.000244159 0.000345744 0.000476303 0.000639876 0.000840293 0.00108121 0.00136624 0.00169905 0.00208356 0.00252404 0.00302507 0.00359148 0.00422817 0.00493984 0.0057307 0.00660414 0.00756247 0.00860674 0.00973656 0.0109501 0.0122441 0.0136138 0.0150535 0.0165563 0.0181144 0.0197195 0.0213625 0.0230344 0.0247258 0.0264272 0.0281293 0.0298231 0.0314998 0.0331508 0.0347683 0.0363447 0.0378729 0.0393466 0.04076 0.0421076 0.0433848 0.0445875 0.045712 0.0467551 0.0477143 0.0485873 0.0493723 0.0500677 0.0506724 0.0511855 0.0516061 0.0519337 0.052168 0.0523087 0.0523556 0.0523087 0.052168 0.0519337 0.0516061 0.0511855 0.0506724 0.0500677 0.0493723 0.0485873 0.0477143 0.0467551 0.045712 0.0445875 0.0433848 0.0421076 0.04076 0.0393466 0.0378729 0.0363447 0.0347683 0.0331508 0.0314998 0.0298231 0.0281293 0.0264272 0.0247258 0.0230344 0.0213625 0.0197195 0.0181144 0.0165563 0.0150535 0.0136138 0.0122441 0.0109501 0.00973656 0.00860674 0.00756247 0.00660414 0.0057307 0.00493984 0.00422817 0.00359148 0.00302507 0.00252404 0.00208356 0.00169905 0.00136624 0.00108121 0.000840293 0.000639876 0.000476303 0.000345744 0.000244159 0.000167346 0.000111068 7.12266e-05 4.40425e-05 2.62079e-05 1.49809e-05 8.21241e-06 4.31109e-06 2.16427e-06 1.03786e-06 4.74933e-07 2.07216e-07 8.61396e-08 3.40967e-08 1.28454e-08 4.6041e-09 1.56955e-09 5.08792e-10 1.56808e-10 4.5941e-11 1.27938e-11 3.38639e-12 8.5189e-13 2.03666e-13 4.62718e-14 9.98967e-15 2.04922e-15 3.99382e-16 7.3943e-17 1.30032e-17 2.17154e-18 3.44315e-19 5.18205e-20 7.40072e-21 1.00258e-21 1.28784e-22 1.56785e-23 1.80807e-24 1.97396e-25 2.03886e-26 1.99086e-27 1.83626e-28 1.59832e-29 1.30843e-30 5.80394e-32 
0 1.23923e-30 1.53389e-29 1.78028e-28 1.95005e-27 2.01778e-26 1.97396e-25 1.82708e-24 1.60109e-23 1.32914e-22 1.0458e-21 7.80265e-21 5.52238e-20 3.70894e-19 2.36451e-18 1.43121e-17 8.22679e-17 4.4915e-16 2.3294e-15 1.14771e-14 5.3726e-14 2.3896e-13 1.00988e-12 4.05531e-12 1.54737e-11 5.61032e-11 1.93291e-10 6.32828e-10 1.96896e-09 5.8225e-09 1.63671e-08 4.37439e-08 1.11193e-07 2.6892e-07 6.19119e-07 1.3577e-06 2.83829e-06 5.66155e-06 1.07876e-05 1.96605e-05 3.43229e-05 5.74944e-05 9.25827e-05 0.000143611 0.000215063 0.000311666 0.000438173 0.00059918 0.000799051 0.00104195 0.001332 0.00167347 0.00207104 0.00252993 0.00305594 0.00365536 0.00433471 0.00510039 0.00595826 0.00691319 0.00796878 0.00912698 0.010388 0.0117503 0.0132104 0.0147635 0.0164031 0.0181215 0.0199101 0.0217594 0.0236595 0.0255998 0.0275697 0.0295584 0.0315551 0.0335493 0.0355306 0.0374891 0.0394153 0.0413004 0.0431359 0.0449142 0.0466284 0.0482723 0.0498403 0.0513277 0.0527303 0.0540447 0.055268 0.0563979 0.0574328 0.0583711 0.0592118 0.0599544 0.0605983 0.0611432 0.0615891 0.0619359 0.0621836 0.0623321 0.0623817 0.0623321 0.0621836 0.0619359 0.0615891 0.0611432 0.0605983 0.0599544 0.0592118 0.0583711 0.0574328 0.0563979 0.055268 0.0540447 0.0527303 0.0513277 0.0498403 0.0482723 0.0466284 0.0449142 0.0431359 0.0413004 0.0394153 0.0374891 0.0355306 0.0335493 0.0315551 0.0295584 0.0275697 0.0255998 0.0236595 0.0217594 0.0199101 0.0181215 0.0164031 0.0147635 0.0132104 0.0117503 0.010388 0.00912698 0.00796878 0.00691319 0.00595826 0.00510039 0.00433471 0.00365536 0.00305594 0.00252993 0.00207104 0.00167347 0.001332 0.00104195 0.000799051 0.00059918 0.000438173 0.000311666 0.000215063 0.000143611 9.25827e-05 5.74944e-05 3.43229e-05 1.96605e-05 1.07876e-05 5.66155e-06 2.83829e-06 1.3577e-06 6.19119e-07 2.6892e-07 1.11193e-07 4.37439e-08 1.63671e-08 5.8225e-09 1.96896e-09 6.32828e-10 1.93291e-10 5.61032e-11 1.54737e-11 4.05531e-12 1.00988e-12 2.3896e-13 5.3726e-14 1.14771e-14 2.3294e-15 4.4915e-16 8.22679e-17 1.43121e-17 2.36451e-18 3.70894e-19 5.52238e-20 7.80265e-21 1.0458e-21 1.32914e-22 1.60109e-23 1.82708e-24 1.97396e-25 2.01778e-26 1.95005e-27 1.78025e-28 1.52992e-29 7.21825e-31 
0 1.43336e-29 1.69068e-28 1.87091e-27 1.95585e-26 1.93322e-25 1.80807e-24 1.60109e-23 1.3432e-22 1.0681e-21 8.05418e-21 5.76156e-20 3.91123e-19 2.52036e-18 1.54203e-17 8.95953e-17 4.94431e-16 2.59181e-15 1.29067e-14 6.10601e-14 2.74439e-13 1.17187e-12 4.75393e-12 1.83212e-11 6.70766e-11 2.33288e-10 7.70744e-10 2.41896e-09 7.21211e-09 2.04291e-08 5.49854e-08 1.40655e-07 3.42059e-07 7.91171e-07 1.74141e-06 3.65005e-06 7.29188e-06 1.3899e-05 2.53095e-05 4.4094e-05 7.36234e-05 0.000118041 0.000182127 0.000271063 0.000390159 0.000544605 0.000739325 0.000978991 0.0012682 0.00161174 0.00201497 0.00248399 0.00302581 0.00364822 0.00435946 0.00516778 0.00608086 0.00710524 0.00824587 0.00950576 0.0108858 0.0123846 0.0139988 0.0157231 0.0175506 0.019473 0.0214807 0.0235635 0.0257102 0.0279092 0.0301484 0.0324157 0.0346987 0.0369853 0.0392633 0.0415211 0.0437477 0.0459323 0.0480652 0.0501374 0.0521407 0.054068 0.0559128 0.0576698 0.0593347 0.0609037 0.0623741 0.0637437 0.0650113 0.0661757 0.0672367 0.0681943 0.0690486 0.0698002 0.0704497 0.0709977 0.0714449 0.0717921 0.0720396 0.0721879 0.0722373 0.0721879 0.0720396 0.0717921 0.0714449 0.0709977 0.0704497 0.0698002 0.0690486 0.0681943 0.0672367 0.0661757 0.0650113 0.0637437 0.0623741 0.0609037 0.0593347 0.0576698 0.0559128 0.054068 0.0521407 0.0501374 0.0480652 0.0459323 0.0437477 0.0415211 0.0392633 0.0369853 0.0346987 0.0324157 0.0301484 0.0279092 0.0257102 0.0235635 0.0214807 0.019473 0.0175506 0.0157231 0.0139988 0.0123846 0.0108858 0.00950576 0.00824587 0.00710524 0.00608086 0.00516778 0.00435946 0.00364822 0.00302581 0.00248399 0.00201497 0.00161174 0.0012682 0.000978991 0.000739325 0.000544605 0.000390159 0.000271063 0.000182127 0.000118041 7.36234e-05 4.4094e-05 2.53095e-05 1.3899e-05 7.29188e-06 3.65005e-06 1.74141e-06 7.91171e-07 3.42059e-07 1.40655e-07 5.49854e-08 2.04291e-08 7.21211e-09 2.41896e-09 7.70744e-10 2.33288e-10 6.70766e-11 1.83212e-11 4.75393e-12 1.17187e-12 2.74439e-13 6.10601e-14 1.29067e-14 2.59181e-15 4.94431e-16 8.95953e-17 1.54203e-17 2.52036e-18 3.91123e-19 5.76156e-20 8.05418e-21 1.0681e-21 1.3432e-22 1.60109e-23 1.80807e-24 1.93322e-25 1.95584e-26 1.87087e-27 1.68593e-28 8.45192e-30 
0 1.5623e-28 1.75808e-27 1.85679e-26 1.85424e-25 1.75221e-24 1.56785e-23 1.32914e-22 1.0681e-21 8.1398e-21 5.88499e-20 4.03784e-19 2.62991e-18 1.62638e-17 9.55144e-17 5.32771e-16 2.82279e-15 1.42073e-14 6.7928e-14 3.08526e-13 1.33116e-12 5.45558e-12 2.12373e-11 7.85187e-11 2.75696e-10 9.19268e-10 2.91061e-09 8.75072e-09 2.49819e-08 6.7726e-08 1.74378e-07 4.26508e-07 9.91304e-07 2.19042e-06 4.60422e-06 9.21375e-06 1.75712e-05 3.1973e-05 5.55931e-05 9.25273e-05 0.000147709 0.000226686 0.000335307 0.000479384 0.000664454 0.000895726 0.00117824 0.00151722 0.00191854 0.00238908 0.00293694 0.00357141 0.00430254 0.00514059 0.00609525 0.00717498 0.00838629 0.00973339 0.0112179 0.0128389 0.0145932 0.0164751 0.0184774 0.0205913 0.0228065 0.0251118 0.0274951 0.0299434 0.0324434 0.0349812 0.0375425 0.0401132 0.0426792 0.0452266 0.0477423 0.0502136 0.0526291 0.054978 0.0572509 0.0594395 0.0615368 0.0635369 0.0654351 0.0672278 0.0689126 0.0704878 0.0719527 0.0733073 0.0745521 0.0756881 0.0767168 0.0776398 0.0784589 0.0791761 0.0797932 0.080312 0.080734 0.0810608 0.0812933 0.0814325 0.0814788 0.0814325 0.0812933 0.0810608 0.080734 0.080312 0.0797932 0.0791761 0.0784589 0.0776398 0.0767168 0.0756881 0.0745521 0.0733073 0.0719527 0.0704878 0.0689126 0.0672278 0.0654351 0.0635369 0.0615368 0.0594395 0.0572509 0.054978 0.0526291 0.0502136 0.0477423 0.0452266 0.0426792 0.0401132 0.0375425 0.0349812 0.0324434 0.0299434 0.0274951 0.0251118 0.0228065 0.0205913 0.0184774 0.0164751 0.0145932 0.0128389 0.0112179 0.00973339 0.00838629 0.00717498 0.00609525 0.00514059 0.00430254 0.00357141 0.00293694 0.00238908 0.00191854 0.00151722 0.00117824 0.000895726 0.000664454 0.000479384 0.000335307 0.000226686 0.000147709 9.25273e-05 5.55931e-05 3.1973e-05 1.75712e-05 9.21375e-06 4.60422e-06 2.19042e-06 9.91304e-07 4.26508e-07 1.74378e-07 6.7726e-08 2.49819e-08 8.75072e-09 2.91061e-09 9.19268e-10 2.75696e-10 7.85187e-11 2.12373e-11 5.45558e-12 1.33116e-12 3.08526e-13 6.7928e-14 1.42073e-14 2.82279e-15 5.32771e-16 9.55144e-17 1.62638e-17 2.62991e-18 4.03784e-19 5.88499e-20 8.1398e-21 1.0681e-21 1.32914e-22 1.56785e-23 1.75221e-24 1.85424e-25 1.85675e-26 1.75274e-27 9.32823e-29 
0 1.60632e-27 1.72637e-26 1.74176e-25 1.6629e-24 1.5034e-23 1.28784e-22 1.0458e-21 8.05418e-21 5.88499e-20 4.08094e-19 2.68646e-18 1.67918e-17 9.96754e-17 5.61957e-16 3.00939e-15 1.53085e-14 7.39722e-14 3.39529e-13 1.48024e-12 6.12921e-12 2.41017e-11 8.99942e-11 3.19045e-10 1.07376e-09 3.43032e-09 1.04013e-08 2.99325e-08 8.17503e-08 2.11908e-07 5.21403e-07 1.21805e-06 2.70259e-06 5.69827e-06 1.14251e-05 2.18038e-05 3.96527e-05 6.88195e-05 0.000114188 0.000181512 0.000277097 0.000407388 0.0005786 0.000796544 0.00106672 0.00139468 0.00178666 0.00225008 0.00279394 0.0034289 0.00416682 0.00502011 0.00600072 0.00711925 0.00838408 0.00980088 0.0113723 0.013098 0.014975 0.0169979 0.0191592 0.0214496 0.0238585 0.026374 0.0289827 0.0316707 0.0344226 0.0372225 0.040054 0.0429003 0.0457448 0.0485708 0.0513627 0.0541055 0.0567855 0.0593902 0.0619086 0.0643313 0.0666504 0.0688598 0.0709547 0.0729316 0.0747887 0.076525 0.0781408 0.0796372 0.0810158 0.0822793 0.0834305 0.0844726 0.0854089 0.086243 0.0869783 0.0876181 0.0881657 0.0886238 0.088995 0.0892814 0.0894847 0.0896062 0.0896466 0.0896062 0.0894847 0.0892814 0.088995 0.0886238 0.0881657 0.0876181 0.0869783 0.086243 0.0854089 0.0844726 0.0834305 0.0822793 0.0810158 0.0796372 0.0781408 0.076525 0.0747887 0.0729316 0.0709547 0.0688598 0.0666504 0.0643313 0.0619086 0.0593902 0.0567855 0.0541055 0.0513627 0.0485708 0.0457448 0.0429003 0.040054 0.0372225 0.0344226 0.0316707 0.0289827 0.026374 0.0238585 0.0214496 0.0191592 0.0169979 0.014975 0.013098 0.0113723 0.00980088 0.00838408 0.00711925 0.00600072 0.00502011 0.00416682 0.0034289 0.00279394 0.00225008 0.00178666 0.00139468 0.00106672 0.000796544 0.0005786 0.000407388 0.000277097 0.000181512 0.000114188 6.88195e-05 3.96527e-05 2.18038e-05 1.14251e-05 5.69827e-06 2.70259e-06 1.21805e-06 5.21403e-07 2.11908e-07 8.17503e-08 2.99325e-08 1.04013e-08 3.43032e-09 1.07376e-09 3.19045e-10 8.99942e-11 2.41017e-11 6.12921e-12 1.48024e-12 3.39529e-13 7.39722e-14 1.53085e-14 3.00939e-15 5.61957e-16 9.96754e-17 1.67918e-17 2.68646e-18 4.08094e-19 5.88499e-20 8.05418e-21 1.0458e-21 1.28784e-22 1.5034e-23 1.6629e-24 1.74171e-25 1.72072e-26 9.7145e-28 
0 1.55942e-26 1.60219e-25 1.54545e-24 1.41165e-23 1.22183e-22 1.00258e-21 7.80265e-21 5.76156e-20 4.03784e-19 2.68646e-18 1.69716e-17 1.01823e-16 5.80228e-16 3.14056e-15 1.61467e-14 7.88544e-14 3.65772e-13 1.6114e-12 6.74151e-12 2.67803e-11 1.00998e-10 3.61557e-10 1.22838e-09 3.9601e-09 1.21123e-08 3.51429e-08 9.67152e-08 2.52452e-07 6.25032e-07 1.46799e-06 3.27153e-06 6.92101e-06 1.39072e-05 2.65664e-05 4.82981e-05 8.3687e-05 0.000138451 0.000219179 0.000332886 0.000486522 0.000686606 0.00093917 0.00125009 0.00162575 0.00207382 0.00260389 0.0032277 0.00395881 0.00481181 0.00580112 0.0069398 0.00823843 0.00970448 0.0113419 0.0131514 0.0151305 0.0172741 0.019575 0.0220238 0.0246098 0.0273204 0.0301414 0.033057 0.0360503 0.0391028 0.0421951 0.0453075 0.0484198 0.0515126 0.0545667 0.0575646 0.0604899 0.0633282 0.0660667 0.068695 0.0712043 0.0735879 0.0758412 0.0779611 0.0799462 0.0817966 0.0835135 0.0850993 0.0865572 0.0878914 0.0891063 0.0902069 0.0911985 0.0920863 0.0928758 0.093572 0.0941801 0.0947047 0.09515 0.0955201 0.0958181 0.0960469 0.0962087 0.0963052 0.0963372 0.0963052 0.0962087 0.0960469 0.0958181 0.0955201 0.09515 0.0947047 0.0941801 0.093572 0.0928758 0.0920863 0.0911985 0.0902069 0.0891063 0.0878914 0.0865572 0.0850993 0.0835135 0.0817966 0.0799462 0.0779611 0.0758412 0.0735879 0.0712043 0.068695 0.0660667 0.0633282 0.0604899 0.0575646 0.0545667 0.0515126 0.0484198 0.0453075 0.0421951 0.0391028 0.0360503 0.033057 0.0301414 0.0273204 0.0246098 0.0220238 0.019575 0.0172741 0.0151305 0.0131514 0.0113419 0.00970448 0.00823843 0.0069398 0.00580112 0.00481181 0.00395881 0.0032277 0.00260389 0.00207382 0.00162575 0.00125009 0.00093917 0.000686606 0.000486522 0.000332886 0.000219179 0.000138451 8.3687e-05 4.82981e-05 2.65664e-05 1.39072e-05 6.92101e-06 3.27153e-06 1.46799e-06 6.25032e-07 2.52452e-07 9.67152e-08 3.51429e-08 1.21123e-08 3.9601e-09 1.22838e-09 3.61557e-10 1.00998e-10 2.67803e-11 6.74151e-12 1.6114e-12 3.65772e-13 7.88544e-14 1.61467e-14 3.14056e-15 5.80228e-16 1.01823e-16 1.69716e-17 2.68646e-18 4.03784e-19 5.76156e-20 7.80265e-21 1.00258e-21 1.22183e-22 1.41165e-23 1.5454e-24 1.59655e-25 9.55501e-27 
0 1.43063e-25 1.40639e-24 1.29794e-23 1.13504e-22 9.41069e-22 7.40072e-21 5.52238e-20 3.91123e-19 2.62991e-18 1.67918e-17 1.01823e-16 5.86448e-16 3.20827e-15 1.66715e-14 8.22862e-14 3.85744e-13 1.7173e-12 7.25953e-12 2.9135e-11 1.1099e-10 4.01255e-10 1.37637e-09 4.4784e-09 1.38194e-08 4.0434e-08 1.12153e-07 2.9487e-07 7.34808e-07 1.73561e-06 3.88624e-06 8.25165e-06 1.66228e-05 3.17943e-05 5.78006e-05 0.000100015 0.000165022 0.000260229 0.000393295 0.000571569 0.000801782 0.0010902 0.00144326 0.00186857 0.00237586 0.00297749 0.00368842 0.00452532 0.00550521 0.00664391 0.00795464 0.00944706 0.0111269 0.0129961 0.0150532 0.0172938 0.0197114 0.022297 0.02504 0.0279273 0.0309441 0.034073 0.0372947 0.0405879 0.0439299 0.0472971 0.0506658 0.0540126 0.0573149 0.0605519 0.0637044 0.0667558 0.0696915 0.0724995 0.0751704 0.0776969 0.0800742 0.0822995 0.0843721 0.0862926 0.0880637 0.0896888 0.0911729 0.0925215 0.0937411 0.0948385 0.0958209 0.0966958 0.0974705 0.0981523 0.0987484 0.0992655 0.0997099 0.100088 0.100404 0.100663 0.10087 0.101027 0.101137 0.101202 0.101224 0.101202 0.101137 0.101027 0.10087 0.100663 0.100404 0.100088 0.0997099 0.0992655 0.0987484 0.0981523 0.0974705 0.0966958 0.0958209 0.0948385 0.0937411 0.0925215 0.0911729 0.0896888 0.0880637 0.0862926 0.0843721 0.0822995 0.0800742 0.0776969 0.0751704 0.0724995 0.0696915 0.0667558 0.0637044 0.0605519 0.0573149 0.0540126 0.0506658 0.0472971 0.0439299 0.0405879 0.0372947 0.034073 0.0309441 0.0279273 0.02504 0.022297 0.0197114 0.0172938 0.0150532 0.0129961 0.0111269 0.00944706 0.00795464 0.00664391 0.00550521 0.00452532 0.00368842 0.00297749 0.00237586 0.00186857 0.00144326 0.0010902 0.000801782 0.000571569 0.000393295 0.000260229 0.000165022 0.000100015 5.78006e-05 3.17943e-05 1.66228e-05 8.25165e-06 3.88624e-06 1.73561e-06 7.34808e-07 2.9487e-07 1.12153e-07 4.0434e-08 1.38194e-08 4.4784e-09 1.37637e-09 4.01255e-10 1.1099e-10 2.9135e-11 7.25953e-12 1.7173e-12 3.85744e-13 8.22862e-14 1.66715e-14 3.20827e-15 5.86448e-16 1.01823e-16 1.67918e-17 2.62991e-18 3.91123e-19 5.52238e-20 7.40072e-21 9.41069e-22 1.13504e-22 1.29789e-23 1.40109e-24 8.8839e-26 
0 1.24124e-24 1.16845e-23 1.03242e-22 8.64865e-22 6.87244e-21 5.18205e-20 3.70894e-19 2.52036e-18 1.62638e-17 9.96754e-17 5.80228e-16 3.20827e-15 1.68502e-14 8.40576e-14 3.98246e-13 1.79173e-12 7.65365e-12 3.10352e-11 1.19436e-10 4.36113e-10 1.51053e-09 4.96141e-09 1.5449e-08 4.55928e-08 1.27491e-07 3.37716e-07 8.47313e-07 2.01335e-06 4.53103e-06 9.65958e-06 1.95153e-05 3.7388e-05 6.79915e-05 0.000117528 0.00019346 0.000303981 0.000457309 0.000661082 0.000922178 0.00124717 0.00164339 0.00212016 0.00268989 0.00336834 0.00417393 0.00512628 0.00624425 0.00754412 0.00903827 0.0107347 0.0126369 0.014745 0.0170558 0.0195637 0.0222608 0.0251369 0.0281791 0.0313718 0.0346962 0.0381304 0.04165 0.0452284 0.0488381 0.052451 0.0560393 0.0595768 0.0630391 0.066404 0.0696522 0.072767 0.0757349 0.0785452 0.0811898 0.0836636 0.0859637 0.0880897 0.0900429 0.0918269 0.0934465 0.094908 0.0962189 0.0973873 0.0984223 0.0993332 0.10013 0.100821 0.101418 0.101929 0.102363 0.102729 0.103034 0.103287 0.103495 0.103662 0.103794 0.103896 0.103972 0.104023 0.104054 0.104064 0.104054 0.104023 0.103972 0.103896 0.103794 0.103662 0.103495 0.103287 0.103034 0.102729 0.102363 0.101929 0.101418 0.100821 0.10013 0.0993332 0.0984223 0.0973873 0.0962189 0.094908 0.0934465 0.0918269 0.0900429 0.0880897 0.0859637 0.0836636 0.0811898 0.0785452 0.0757349 0.072767 0.0696522 0.066404 0.0630391 0.0595768 0.0560393 0.052451 0.0488381 0.0452284 0.04165 0.0381304 0.0346962 0.0313718 0.0281791 0.0251369 0.0222608 0.0195637 0.0170558 0.014745 0.0126369 0.0107347 0.00903827 0.00754412 0.00624425 0.00512628 0.00417393 0.00336834 0.00268989 0.00212016 0.00164339 0.00124717 0.000922178 0.000661082 0.000457309 0.000303981 0.00019346 0.000117528 6.79915e-05 3.7388e-05 1.95153e-05 9.65958e-06 4.53103e-06 2.01335e-06 8.47313e-07 3.37716e-07 1.27491e-07 4.55928e-08 1.5449e-08 4.96141e-09 1.51053e-09 4.36113e-10 1.19436e-10 3.10352e-11 7.65365e-12 1.79173e-12 3.98246e-13 8.40576e-14 1.68502e-14 3.20827e-15 5.80228e-16 9.96754e-17 1.62638e-17 2.52036e-18 3.70894e-19 5.18205e-20 6.87244e-21 8.64865e-22 1.03237e-22 1.16374e-23 7.81401e-25 
0 1.01916e-23 9.19369e-23 7.78201e-22 6.24809e-21 4.76057e-20 3.44315e-19 2.36451e-18 1.54203e-17 9.55144e-17 5.61957e-16 3.14056e-15 1.66715e-14 8.40576e-14 4.02502e-13 1.83014e-12 7.90027e-12 3.23701e-11 1.25858e-10 4.64218e-10 1.6238e-09 5.38481e-09 1.69232e-08 5.03866e-08 1.42078e-07 3.79297e-07 9.5843e-07 2.29186e-06 5.18597e-06 1.11049e-05 2.25095e-05 4.32136e-05 7.86439e-05 0.000135856 0.00022319 0.000349576 0.000523692 0.000753368 0.00104561 0.00140747 0.00184753 0.00237747 0.00301301 0.00377369 0.00468142 0.00575824 0.00702394 0.00849422 0.0101798 0.0120866 0.0142163 0.0165675 0.0191361 0.0219158 0.0248974 0.0280687 0.0314136 0.034912 0.0385396 0.0422686 0.0460686 0.0499072 0.0537519 0.0575706 0.0613328 0.0650101 0.0685773 0.0720118 0.0752946 0.0784099 0.0813452 0.0840913 0.086642 0.0889941 0.0911469 0.0931025 0.094865 0.0964406 0.0978372 0.099064 0.100131 0.101051 0.101834 0.102493 0.103039 0.103486 0.103845 0.104127 0.104343 0.104504 0.104619 0.104696 0.104744 0.104769 0.104778 0.104777 0.10477 0.104761 0.104752 0.104746 0.104743 0.104746 0.104752 0.104761 0.10477 0.104777 0.104778 0.104769 0.104744 0.104696 0.104619 0.104504 0.104343 0.104127 0.103845 0.103486 0.103039 0.102493 0.101834 0.101051 0.100131 0.099064 0.0978372 0.0964406 0.094865 0.0931025 0.0911469 0.0889941 0.086642 0.0840913 0.0813452 0.0784099 0.0752946 0.0720118 0.0685773 0.0650101 0.0613328 0.0575706 0.0537519 0.0499072 0.0460686 0.0422686 0.0385396 0.034912 0.0314136 0.0280687 0.0248974 0.0219158 0.0191361 0.0165675 0.0142163 0.0120866 0.0101798 0.00849422 0.00702394 0.00575824 0.00468142 0.00377369 0.00301301 0.00237747 0.00184753 0.00140747 0.00104561 0.000753368 0.000523692 0.000349576 0.00022319 0.000135856 7.86439e-05 4.32136e-05 2.25095e-05 1.11049e-05 5.18597e-06 2.29186e-06 9.5843e-07 3.79297e-07 1.42078e-07 5.03866e-08 1.69232e-08 5.38481e-09 1.6238e-09 4.64218e-10 1.25858e-10 3.23701e-11 7.90027e-12 1.83014e-12 4.02502e-13 8.40576e-14 1.66715e-14 3.14056e-15 5.61957e-16 9.55144e-17 1.54203e-17 2.36451e-18 3.44315e-19 4.76057e-20 6.24809e-21 7.78161e-22 9.15422e-23 6.50648e-24 
0 7.92419e-23 6.85465e-22 5.56126e-21 4.28145e-20 3.12912e-19 2.17154e-18 1.43121e-17 8.95953e-17 5.32771e-16 3.00939e-15 1.61467e-14 8.22862e-14 3.98246e-13 1.83014e-12 7.98422e-12 3.30589e-11 1.29875e-10 4.83949e-10 1.70985e-09 5.72575e-09 1.81655e-08 5.45788e-08 1.55232e-07 4.17781e-07 1.06358e-06 2.56043e-06 5.8277e-06 1.25401e-05 2.55145e-05 4.91073e-05 8.94798e-05 0.000154554 0.000253529 0.000396011 0.000591047 0.000846577 0.00116977 0.00156839 0.00205276 0.00263751 0.00334222 0.00419041 0.00520713 0.00641604 0.00783679 0.00948359 0.0113651 0.0134854 0.0158449 0.0184418 0.0212717 0.0243273 0.0275976 0.0310669 0.034714 0.0385125 0.0424312 0.0464355 0.0504886 0.0545533 0.0585927 0.0625719 0.0664585 0.0702233 0.0738402 0.0772869 0.0805449 0.083599 0.086438 0.0890541 0.0914431 0.0936042 0.0955394 0.0972539 0.098755 0.100053 0.101158 0.102084 0.102845 0.103454 0.103928 0.10428 0.104526 0.10468 0.104756 0.104766 0.104724 0.10464 0.104525 0.104389 0.104241 0.104088 0.103937 0.103795 0.103665 0.103554 0.103464 0.103397 0.103357 0.103343 0.103357 0.103397 0.103464 0.103554 0.103665 0.103795 0.103937 0.104088 0.104241 0.104389 0.104525 0.10464 0.104724 0.104766 0.104756 0.10468 0.104526 0.10428 0.103928 0.103454 0.102845 0.102084 0.101158 0.100053 0.098755 0.0972539 0.0955394 0.0936042 0.0914431 0.0890541 0.086438 0.083599 0.0805449 0.0772869 0.0738402 0.0702233 0.0664585 0.0625719 0.0585927 0.0545533 0.0504886 0.0464355 0.0424312 0.0385125 0.034714 0.0310669 0.0275976 0.0243273 0.0212717 0.0184418 0.0158449 0.0134854 0.0113651 0.00948359 0.00783679 0.00641604 0.00520713 0.00419041 0.00334222 0.00263751 0.00205276 0.00156839 0.00116977 0.000846577 0.000591047 0.000396011 0.000253529 0.000154554 8.94798e-05 4.91073e-05 2.55145e-05 1.25401e-05 5.8277e-06 2.56043e-06 1.06358e-06 4.17781e-07 1.55232e-07 5.45788e-08 1.81655e-08 5.72575e-09 1.70985e-09 4.83949e-10 1.29875e-10 3.30589e-11 7.98422e-12 1.83014e-12 3.98246e-13 8.22862e-14 1.61467e-14 3.00939e-15 5.32771e-16 8.95953e-17 1.43121e-17 2.17154e-18 3.12912e-19 4.28145e-20 5.56093e-21 6.82338e-22 5.13208e-23 
0 5.83762e-22 4.84517e-21 3.76952e-20 2.78381e-19 1.95225e-18 1.30032e-17 8.22679e-17 4.94431e-16 2.82279e-15 1.53085e-14 7.88544e-14 3.85744e-13 1.79173e-12 7.90027e-12 3.30589e-11 1.31242e-10 4.94125e-10 1.76364e-09 5.96487e-09 1.9108e-08 5.79482e-08 1.66291e-07 4.51324e-07 1.15799e-06 2.80763e-06 6.43074e-06 1.3912e-05 2.84274e-05 5.48826e-05 0.000100182 0.000173111 0.000283705 0.000442182 0.000657873 0.000938777 0.00129231 0.00172724 0.00225616 0.00289723 0.00367428 0.0046147 0.00574606 0.00709262 0.00867287 0.010499 0.0125778 0.0149122 0.0175026 0.0203474 0.0234418 0.026777 0.0303384 0.0341044 0.0380472 0.0421324 0.0463217 0.0505737 0.0548464 0.0590983 0.0632897 0.0673837 0.0713466 0.075148 0.0787616 0.0821648 0.085339 0.0882701 0.0909482 0.0933675 0.0955266 0.0974279 0.0990773 0.100484 0.10166 0.102619 0.103376 0.103949 0.104355 0.104611 0.104737 0.104748 0.104661 0.104494 0.104261 0.103977 0.103654 0.103305 0.102941 0.102572 0.102207 0.101854 0.101521 0.101213 0.100936 0.100694 0.100491 0.10033 0.100214 0.100143 0.10012 0.100143 0.100214 0.10033 0.100491 0.100694 0.100936 0.101213 0.101521 0.101854 0.102207 0.102572 0.102941 0.103305 0.103654 0.103977 0.104261 0.104494 0.104661 0.104748 0.104737 0.104611 0.104355 0.103949 0.103376 0.102619 0.10166 0.100484 0.0990773 0.0974279 0.0955266 0.0933675 0.0909482 0.0882701 0.085339 0.0821648 0.0787616 0.075148 0.0713466 0.0673837 0.0632897 0.0590983 0.0548464 0.0505737 0.0463217 0.0421324 0.0380472 0.0341044 0.0303384 0.026777 0.0234418 0.0203474 0.0175026 0.0149122 0.0125778 0.010499 0.00867287 0.00709262 0.00574606 0.0046147 0.00367428 0.00289723 0.00225616 0.00172724 0.00129231 0.000938777 0.000657873 0.000442182 0.000283705 0.000173111 0.000100182 5.48826e-05 2.84274e-05 1.3912e-05 6.43074e-06 2.80763e-06 1.15799e-06 4.51324e-07 1.66291e-07 5.79482e-08 1.9108e-08 5.96487e-09 1.76364e-09 4.94125e-10 1.31242e-10 3.30589e-11 7.90027e-12 1.79173e-12 3.85744e-13 7.88544e-14 1.53085e-14 2.82279e-15 4.94431e-16 8.22679e-17 1.30032e-17 1.95225e-18 2.78381e-19 3.76926e-20 4.82175e-21 3.83674e-22 
0 4.0766e-21 3.24828e-20 2.42437e-19 1.71805e-18 1.15643e-17 7.3943e-17 4.4915e-16 2.59181e-15 1.42073e-14 7.39722e-14 3.65772e-13 1.7173e-12 7.65365e-12 3.23701e-11 1.29875e-10 4.94125e-10 1.78194e-09 6.08813e-09 1.96965e-08 6.03083e-08 1.74664e-07 4.78214e-07 1.23708e-06 3.02212e-06 6.96906e-06 1.51654e-05 3.11389e-05 6.03392e-05 0.000110407 0.000190982 0.0003129 0.000486936 0.000722634 0.00102804 0.00141093 0.00188143 0.0024549 0.00315354 0.00400558 0.00504196 0.00629188 0.00777912 0.00952031 0.0115256 0.0138007 0.0163485 0.0191705 0.0222653 0.0256271 0.0292436 0.0330943 0.0371503 0.0413751 0.0457268 0.0501598 0.0546277 0.0590841 0.0634845 0.067787 0.0719527 0.075946 0.0797352 0.0832927 0.0865956 0.0896259 0.0923707 0.0948227 0.0969797 0.0988441 0.100423 0.101728 0.102773 0.103574 0.10415 0.104522 0.104709 0.104733 0.104614 0.104372 0.104027 0.103596 0.103099 0.102549 0.101964 0.101355 0.100736 0.100118 0.0995114 0.0989243 0.0983649 0.0978403 0.0973563 0.0969182 0.0965303 0.0961962 0.095919 0.095701 0.095544 0.0954494 0.0954177 0.0954494 0.095544 0.095701 0.095919 0.0961962 0.0965303 0.0969182 0.0973563 0.0978403 0.0983649 0.0989243 0.0995114 0.100118 0.100736 0.101355 0.101964 0.102549 0.103099 0.103596 0.104027 0.104372 0.104614 0.104733 0.104709 0.104522 0.10415 0.103574 0.102773 0.101728 0.100423 0.0988441 0.0969797 0.0948227 0.0923707 0.0896259 0.0865956 0.0832927 0.0797352 0.075946 0.0719527 0.067787 0.0634845 0.0590841 0.0546277 0.0501598 0.0457268 0.0413751 0.0371503 0.0330943 0.0292436 0.0256271 0.0222653 0.0191705 0.0163485 0.0138007 0.0115256 0.00952031 0.00777912 0.00629188 0.00504196 0.00400558 0.00315354 0.0024549 0.00188143 0.00141093 0.00102804 0.000722634 0.000486936 0.0003129 0.000190982 0.000110407 6.03392e-05 3.11389e-05 1.51654e-05 6.96906e-06 3.02212e-06 1.23708e-06 4.78214e-07 1.74664e-07 6.03083e-08 1.96965e-08 6.08813e-09 1.78194e-09 4.94125e-10 1.29875e-10 3.23701e-11 7.65365e-12 1.7173e-12 3.65772e-13 7.39722e-14 1.42073e-14 2.59181e-15 4.4915e-16 7.3943e-17 1.15643e-17 1.71805e-18 2.42417e-19 3.23169e-20 2.72004e-21 
0 2.69983e-20 2.06627e-19 1.47998e-18 1.00671e-17 6.50541e-17 3.99382e-16 2.3294e-15 1.29067e-14 6.7928e-14 3.39529e-13 1.6114e-12 7.25953e-12 3.10352e-11 1.25858e-10 4.83949e-10 1.76364e-09 6.08813e-09 1.98967e-08 6.15238e-08 1.79886e-07 4.97014e-07 1.29681e-06 3.19346e-06 7.41791e-06 1.62462e-05 3.35401e-05 6.5274e-05 0.000119806 0.000207605 0.00034028 0.000529114 0.000783822 0.00111251 0.00152346 0.0020285 0.0026462 0.00340319 0.00433207 0.00546672 0.006837 0.00846528 0.0103661 0.012548 0.015017 0.0177772 0.0208314 0.0241781 0.0278084 0.0317043 0.0358373 0.0401699 0.0446572 0.0492501 0.0538979 0.0585497 0.063156 0.0676694 0.0720451 0.0762412 0.0802196 0.0839465 0.0873933 0.0905376 0.093363 0.09586 0.0980255 0.0998622 0.101379 0.102587 0.103505 0.104152 0.104549 0.104719 0.104686 0.104474 0.104106 0.103605 0.102993 0.102291 0.101519 0.100694 0.0998339 0.0989536 0.0980667 0.0971858 0.0963217 0.0954842 0.0946818 0.0939218 0.0932106 0.0925535 0.0919552 0.0914195 0.0909495 0.0905478 0.0902166 0.0899574 0.0897714 0.0896595 0.0896221 0.0896595 0.0897714 0.0899574 0.0902166 0.0905478 0.0909495 0.0914195 0.0919552 0.0925535 0.0932106 0.0939218 0.0946818 0.0954842 0.0963217 0.0971858 0.0980667 0.0989536 0.0998339 0.100694 0.101519 0.102291 0.102993 0.103605 0.104106 0.104474 0.104686 0.104719 0.104549 0.104152 0.103505 0.102587 0.101379 0.0998622 0.0980255 0.09586 0.093363 0.0905376 0.0873933 0.0839465 0.0802196 0.0762412 0.0720451 0.0676694 0.063156 0.0585497 0.0538979 0.0492501 0.0446572 0.0401699 0.0358373 0.0317043 0.0278084 0.0241781 0.0208314 0.0177772 0.015017 0.012548 0.0103661 0.00846528 0.006837 0.00546672 0.00433207 0.00340319 0.0026462 0.0020285 0.00152346 0.00111251 0.000783822 0.000529114 0.00034028 0.000207605 0.000119806 6.5274e-05 3.35401e-05 1.62462e-05 7.41791e-06 3.19346e-06 1.29681e-06 4.97014e-07 1.79886e-07 6.15238e-08 1.98967e-08 6.08813e-09 1.76364e-09 4.83949e-10 1.25858e-10 3.10352e-11 7.25953e-12 1.6114e-12 3.39529e-13 6.7928e-14 1.29067e-14 2.3294e-15 3.99382e-16 6.50541e-17 1.00671e-17 1.47984e-18 2.05516e-19 1.82951e-20 
