0 0 0 0 0 0 0 0 0 0 0 0 0 0 0 0 0 0 0 0 0 0 0 0 0 0 0 0 0 0 0 0 0 0 0 0 0 0 0 0 0 0 0 0 0 0 0 0 0 0 0 0 0 0 0 0 0 0 0 0 0 0 0 0 0 0 0 0 0 0 0 0 0 0 0 0 0 0 0 0 0 0 0 0 0 0 0 0 0 0 0 0 0 0 0 0 0 0 0 0 0 0 0 0 0 0 0 0 0 0 0 0 0 0 0 0 0 0 0 0 0 0 0 0 0 0 0 0 0 0 0 0 0 0 0 0 0 0 0 0 0 0 0 0 0 0 0 0 0 0 0 0 0 0 0 0 0 0 0 0 0 0 0 0 0 0 0 0 0 0 0 0 0 0 0 0 0 0 0 0 0 0 0 0 0 0 0 0 0 0 0 0 0 0 0 0 0 0 0 0 
0 1.96366e-17 1.10839e-16 5.8112e-16 2.90714e-15 1.38865e-14 6.33307e-14 2.75723e-13 1.14579e-12 4.54392e-12 1.71934e-11 6.20592e-11 2.13628e-10 7.01145e-10 2.19353e-09 6.5396e-09 1.85744e-08 5.0249e-08 1.29446e-07 3.17474e-07 7.41177e-07 1.64699e-06 3.48345e-06 7.01337e-06 1.34445e-05 2.455e-05 4.27294e-05 7.09537e-05 0.000112551 0.00017084 0.000248686 0.000348136 0.000470307 0.000615666 0.000784697 0.000978809 0.00120116 0.0014571 0.00175393 0.00210001 0.00250337 0.00297015 0.00350336 0.00410223 0.00476223 0.00547582 0.0062335 0.00702499 0.00784018 0.00866964 0.00950469 0.0103372 0.011159 0.0119616 0.0127355 0.0134709 0.014157 0.0147829 0.0153385 0.0158145 0.0162031 0.0164987 0.0166978 0.0167991 0.0168037 0.0167143 0.0165356 0.0162733 0.0159343 0.0155259 0.0150562 0.0145332 0.013965 0.0133595 0.0127244 0.0120672 0.0113948 0.0107139 0.0100307 0.00935071 0.00867928 0.00802109 0.00738038 0.00676089 0.00616591 0.00559828 0.00506043 0.00455439 0.00408186 0.00364419 0.00324248 0.00287756 0.00255009 0.00226051 0.00200918 0.0017963 0.00162202 0.00148641 0.00138954 0.00133141 0.00131203 0.00133141 0.00138954 0.00148641 0.00162202 0.0017963 0.00200918 0.00226051 0.00255009 0.00287756 0.00324248 0.00364419 0.00408186 0.00455439 0.00506043 0.00559828 0.00616591 0.00676089 0.00738038 0.00802109 0.00867928 0.00935071 0.0100307 0.0107139 0.0113948 0.0120672 0.0127244 0.0133595 0.013965 0.0145332 0.0150562 0.0155259 0.0159343 0.0162733 0.0165356 0.0167143 0.0168037 0.0167991 0.0166978 0.0164987 0.0162031 0.0158145 0.0153385 0.0147829 0.014157 0.0134709 0.0127355 0.0119616 0.011159 0.0103372 0.00950469 0.00866964 0.00784018 0.00702499 0.0062335 0.00547582 0.00476223 0.00410223 0.00350336 0.00297015 0.00250337 0.00210001 0.00175393 0.0014571 0.00120116 0.000978809 0.000784697 0.000615666 0.000470307 0.000348136 0.000248686 0.00017084 0.000112551 7.09537e-05 4.27294e-05 2.455e-05 1.34445e-05 7.01337e-06 3.48345e-06 1.64699e-06 7.41177e-07 3.17474e-07 1.29446e-07 5.0249e-08 1.85744e-08 6.5396e-09 2.19353e-09 7.01145e-10 2.13628e-10 6.20592e-11 1.71934e-11 4.54392e-12 1.14579e-12 2.75723e-13 6.33307e-14 1.38865e-14 2.90711e-15 5.80922e-16 1.09666e-16 1.30144e-17 
0 1.10839e-16 6.05741e-16 3.06944e-15 1.48404e-14 6.85142e-14 3.02012e-13 1.27089e-12 5.10455e-12 1.95651e-11 7.15468e-11 2.4956e-10 8.30099e-10 2.63233e-09 7.95591e-09 2.29122e-08 6.28581e-08 1.64238e-07 4.08615e-07 9.67878e-07 2.1825e-06 4.68507e-06 9.57539e-06 1.86375e-05 3.45624e-05 6.1108e-05 0.000103106 0.000166237 0.000256546 0.000379794 0.000540823 0.000743225 0.000989519 0.00128193 0.00162361 0.00201982 0.0024788 0.00301173 0.00363173 0.00435212 0.00518435 0.00613599 0.0072095 0.0084018 0.00970467 0.0111058 0.0125901 0.0141409 0.0157405 0.0173712 0.0190146 0.020652 0.0222642 0.0238308 0.0253311 0.0267444 0.02805 0.0292289 0.0302635 0.0311393 0.0318447 0.0323716 0.0327155 0.0328754 0.0328538 0.032656 0.0322902 0.0317667 0.0310975 0.030296 0.0293767 0.0283545 0.0272447 0.0260625 0.024823 0.0235406 0.0222292 0.0209019 0.0195709 0.0182475 0.0169419 0.0156634 0.0144201 0.0132193 0.0120672 0.0109692 0.00992982 0.00895282 0.00804126 0.00719761 0.00642379 0.00572127 0.00509116 0.00453422 0.004051 0.00364185 0.00330696 0.00304644 0.00286035 0.0027487 0.00271148 0.0027487 0.00286035 0.00304644 0.00330696 0.00364185 0.004051 0.00453422 0.00509116 0.00572127 0.00642379 0.00719761 0.00804126 0.00895282 0.00992982 0.0109692 0.0120672 0.0132193 0.0144201 0.0156634 0.0169419 0.0182475 0.0195709 0.0209019 0.0222292 0.0235406 0.024823 0.0260625 0.0272447 0.0283545 0.0293767 0.030296 0.0310975 0.0317667 0.0322902 0.032656 0.0328538 0.0328754 0.0327155 0.0323716 0.0318447 0.0311393 0.0302635 0.0292289 0.02805 0.0267444 0.0253311 0.0238308 0.0222642 0.020652 0.0190146 0.0173712 0.0157405 0.0141409 0.0125901 0.0111058 0.00970467 0.0084018 0.0072095 0.00613599 0.00518435 0.00435212 0.00363173 0.00301173 0.0024788 0.00201982 0.00162361 0.00128193 0.000989519 0.000743225 0.000540823 0.000379794 0.000256546 0.000166237 0.000103106 6.1108e-05 3.45624e-05 1.86375e-05 9.57539e-06 4.68507e-06 2.1825e-06 9.67878e-07 4.08615e-07 1.64238e-07 6.28581e-08 2.29122e-08 7.95591e-09 2.63233e-09 8.30099e-10 2.4956e-10 7.15468e-11 1.95651e-11 5.10455e-12 1.27089e-12 3.02012e-13 6.85142e-14 1.48402e-14 3.06828e-15 5.99098e-16 7.46815e-17 
0 5.8112e-16 3.06944e-15 1.49996e-14 6.99209e-14 3.11184e-13 1.32207e-12 5.3608e-12 2.07421e-11 7.65629e-11 2.69533e-10 9.04723e-10 2.89469e-09 8.8256e-09 2.56338e-08 7.09064e-08 1.86743e-07 4.68155e-07 1.11696e-06 2.53595e-06 5.47881e-06 1.12647e-05 2.20474e-05 4.10964e-05 7.3009e-05 0.000123747 0.000200405 0.000310687 0.000462205 0.000661829 0.000915394 0.00122799 0.00160485 0.0020526 0.00258034 0.00320018 0.00392679 0.00477607 0.0057633 0.00690111 0.00819803 0.00965762 0.0112784 0.0130542 0.0149748 0.0170264 0.0191919 0.0214512 0.0237808 0.0261542 0.028542 0.0309125 0.033233 0.03547 0.0375913 0.0395665 0.0413679 0.0429716 0.0443574 0.0455095 0.0464163 0.0470706 0.0474693 0.0476132 0.0475069 0.0471583 0.0465788 0.045782 0.0447845 0.0436043 0.0422613 0.0407761 0.0391701 0.0374647 0.0356812 0.0338402 0.0319613 0.0300633 0.0281634 0.0262774 0.0244198 0.0226034 0.0208396 0.0191382 0.0175078 0.0159556 0.0144878 0.0131092 0.0118239 0.0106352 0.00954548 0.00855664 0.00767005 0.00688668 0.00620717 0.00563194 0.00516119 0.00479503 0.0045335 0.00437659 0.00432428 0.00437659 0.0045335 0.00479503 0.00516119 0.00563194 0.00620717 0.00688668 0.00767005 0.00855664 0.00954548 0.0106352 0.0118239 0.0131092 0.0144878 0.0159556 0.0175078 0.0191382 0.0208396 0.0226034 0.0244198 0.0262774 0.0281634 0.0300633 0.0319613 0.0338402 0.0356812 0.0374647 0.0391701 0.0407761 0.0422613 0.0436043 0.0447845 0.045782 0.0465788 0.0471583 0.0475069 0.0476132 0.0474693 0.0470706 0.0464163 0.0455095 0.0443574 0.0429716 0.0413679 0.0395665 0.0375913 0.03547 0.033233 0.0309125 0.028542 0.0261542 0.0237808 0.0214512 0.0191919 0.0170264 0.0149748 0.0130542 0.0112784 0.00965762 0.00819803 0.00690111 0.0057633 0.00477607 0.00392679 0.00320018 0.00258034 0.0020526 0.00160485 0.00122799 0.000915394 0.000661829 0.000462205 0.000310687 0.000200405 0.000123747 7.3009e-05 4.10964e-05 2.20474e-05 1.12647e-05 5.47881e-06 2.53595e-06 1.11696e-06 4.68155e-07 1.86743e-07 7.09064e-08 2.56338e-08 8.8256e-09 2.89469e-09 9.04723e-10 2.69533e-10 7.65629e-11 2.07421e-11 5.3608e-12 1.32207e-12 3.11184e-13 6.99198e-14 1.49933e-14 3.03459e-15 3.98635e-16 
0 2.90714e-15 1.48404e-14 6.99209e-14 3.14145e-13 1.34721e-12 5.51377e-12 2.1531e-11 8.01985e-11 2.84859e-10 9.64536e-10 3.11237e-09 9.56756e-09 2.80091e-08 7.80616e-08 2.0705e-07 5.22492e-07 1.25413e-06 2.86275e-06 6.21383e-06 1.28259e-05 2.518e-05 4.7039e-05 8.36777e-05 0.000141902 0.00022976 0.000355939 0.000529028 0.000756929 0.00104679 0.00140565 0.00184167 0.0023655 0.0029912 0.00373608 0.00461941 0.00566026 0.00687518 0.00827635 0.00987081 0.0116605 0.0136433 0.0158135 0.0181626 0.0206791 0.0233477 0.0261484 0.0290556 0.0320379 0.0350588 0.0380774 0.0410503 0.0439338 0.0466852 0.0492648 0.0516369 0.0537708 0.0556406 0.0572259 0.0585116 0.0594875 0.0601483 0.0604933 0.0605263 0.0602551 0.0596917 0.0588513 0.0577524 0.056416 0.0548654 0.0531254 0.0512216 0.0491803 0.0470274 0.0447887 0.0424887 0.040151 0.0377973 0.0354482 0.033122 0.0308356 0.0286038 0.0264397 0.0243548 0.0223589 0.0204603 0.0186659 0.0169816 0.0154118 0.0139604 0.0126301 0.0114231 0.0103411 0.00938505 0.00855578 0.00785376 0.00727925 0.00683237 0.00651318 0.00632167 0.00625783 0.00632167 0.00651318 0.00683237 0.00727925 0.00785376 0.00855578 0.00938505 0.0103411 0.0114231 0.0126301 0.0139604 0.0154118 0.0169816 0.0186659 0.0204603 0.0223589 0.0243548 0.0264397 0.0286038 0.0308356 0.033122 0.0354482 0.0377973 0.040151 0.0424887 0.0447887 0.0470274 0.0491803 0.0512216 0.0531254 0.0548654 0.056416 0.0577524 0.0588513 0.0596917 0.0602551 0.0605263 0.0604933 0.0601483 0.0594875 0.0585116 0.0572259 0.0556406 0.0537708 0.0516369 0.0492648 0.0466852 0.0439338 0.0410503 0.0380774 0.0350588 0.0320379 0.0290556 0.0261484 0.0233477 0.0206791 0.0181626 0.0158135 0.0136433 0.0116605 0.00987081 0.00827635 0.00687518 0.00566026 0.00461941 0.00373608 0.0029912 0.0023655 0.00184167 0.00140565 0.00104679 0.000756929 0.000529028 0.000355939 0.00022976 0.000141902 8.36777e-05 4.7039e-05 2.518e-05 1.28259e-05 6.21383e-06 2.86275e-06 1.25413e-06 5.22492e-07 2.0705e-07 7.80616e-08 2.80091e-08 9.56756e-09 3.11237e-09 9.64536e-10 2.84859e-10 8.01985e-11 2.1531e-11 5.51377e-12 1.34721e-12 3.14139e-13 6.9888e-14 1.46664e-14 2.03165e-15 
0 1.38865e-14 6.85142e-14 3.11184e-13 1.34721e-12 5.56557e-12 2.19355e-11 8.24556e-11 2.95523e-10 1.00951e-09 3.28563e-09 1.01848e-08 3.00562e-08 8.44108e-08 2.25513e-07 5.72923e-07 1.38365e-06 3.17571e-06 6.92573e-06 1.43507e-05 2.82566e-05 5.28886e-05 9.41666e-05 0.000159661 0.000258207 0.000399191 0.000591738 0.000844211 0.00116442 0.00156073 0.00204371 0.00262776 0.00333174 0.00417818 0.00519094 0.0063923 0.00780017 0.00942646 0.0112769 0.0133521 0.0156487 0.018161 0.0208805 0.0237957 0.0268906 0.0301432 0.0335246 0.0369992 0.0405252 0.0440564 0.0475437 0.050938 0.0541911 0.0572581 0.0600976 0.0626733 0.0649539 0.0669138 0.0685329 0.069797 0.070698 0.0712331 0.0714056 0.0712237 0.0707008 0.0698542 0.0687053 0.0672782 0.0655995 0.0636974 0.0616008 0.0593391 0.0569417 0.0544369 0.0518523 0.049214 0.0465466 0.0438731 0.0412143 0.0385894 0.0360156 0.0335082 0.0310808 0.0287451 0.0265112 0.0243877 0.0223819 0.0204998 0.0187461 0.0171249 0.0156391 0.0142911 0.0130825 0.0120146 0.0110882 0.0103039 0.00966205 0.00916272 0.00880604 0.00859204 0.0085207 0.00859204 0.00880604 0.00916272 0.00966205 0.0103039 0.0110882 0.0120146 0.0130825 0.0142911 0.0156391 0.0171249 0.0187461 0.0204998 0.0223819 0.0243877 0.0265112 0.0287451 0.0310808 0.0335082 0.0360156 0.0385894 0.0412143 0.0438731 0.0465466 0.049214 0.0518523 0.0544369 0.0569417 0.0593391 0.0616008 0.0636974 0.0655995 0.0672782 0.0687053 0.0698542 0.0707008 0.0712237 0.0714056 0.0712331 0.070698 0.069797 0.0685329 0.0669138 0.0649539 0.0626733 0.0600976 0.0572581 0.0541911 0.050938 0.0475437 0.0440564 0.0405252 0.0369992 0.0335246 0.0301432 0.0268906 0.0237957 0.0208805 0.018161 0.0156487 0.0133521 0.0112769 0.00942646 0.00780017 0.0063923 0.00519094 0.00417818 0.00333174 0.00262776 0.00204371 0.00156073 0.00116442 0.000844211 0.000591738 0.000399191 0.000258207 0.000159661 9.41666e-05 5.28886e-05 2.82566e-05 1.43507e-05 6.92573e-06 3.17571e-06 1.38365e-06 5.72923e-07 2.25513e-07 8.44108e-08 3.00562e-08 1.01848e-08 3.28563e-09 1.00951e-09 2.95523e-10 8.24556e-11 2.19355e-11 5.56557e-12 1.34718e-12 3.11022e-13 6.76885e-14 9.89313e-15 
0 6.33307e-14 3.02012e-13 1.32207e-12 5.51377e-12 2.19355e-11 8.32218e-11 3.01002e-10 1.03748e-09 3.40641e-09 1.06495e-08 3.16878e-08 8.96983e-08 2.41441e-07 6.17702e-07 1.50145e-06 3.46618e-06 7.59767e-06 1.581e-05 3.12334e-05 5.8595e-05 0.000104454 0.000177121 0.000286162 0.000441547 0.000652762 0.000928407 0.00127673 0.00170718 0.00223258 0.0028708 0.00364504 0.00458221 0.00570974 0.00705193 0.00862727 0.0104473 0.0125173 0.014838 0.0174066 0.020218 0.0232637 0.0265304 0.0299984 0.0336402 0.0374206 0.0412974 0.0452233 0.0491479 0.0530194 0.056787 0.0604012 0.0638158 0.0669875 0.0698772 0.0724503 0.0746774 0.0765347 0.0780051 0.0790778 0.0797492 0.0800222 0.0799062 0.0794161 0.0785718 0.0773971 0.0759192 0.074167 0.0721712 0.0699631 0.0675739 0.0650346 0.062375 0.0596239 0.0568088 0.0539551 0.051087 0.0482264 0.0453935 0.0426065 0.0398819 0.0372341 0.0346761 0.0322189 0.0298721 0.027644 0.0255412 0.0235695 0.0217334 0.0200367 0.0184822 0.0170721 0.0158081 0.0146913 0.0137225 0.0129023 0.0122311 0.0117089 0.0113358 0.011112 0.0110374 0.011112 0.0113358 0.0117089 0.0122311 0.0129023 0.0137225 0.0146913 0.0158081 0.0170721 0.0184822 0.0200367 0.0217334 0.0235695 0.0255412 0.027644 0.0298721 0.0322189 0.0346761 0.0372341 0.0398819 0.0426065 0.0453935 0.0482264 0.051087 0.0539551 0.0568088 0.0596239 0.062375 0.0650346 0.0675739 0.0699631 0.0721712 0.074167 0.0759192 0.0773971 0.0785718 0.0794161 0.0799062 0.0800222 0.0797492 0.0790778 0.0780051 0.0765347 0.0746774 0.0724503 0.0698772 0.0669875 0.0638158 0.0604012 0.056787 0.0530194 0.0491479 0.0452233 0.0412974 0.0374206 0.0336402 0.0299984 0.0265304 0.0232637 0.020218 0.0174066 0.014838 0.0125173 0.0104473 0.00862727 0.00705193 0.00570974 0.00458221 0.00364504 0.0028708 0.00223258 0.00170718 0.00127673 0.000928407 0.000652762 0.000441547 0.000286162 0.000177121 0.000104454 5.8595e-05 3.12334e-05 1.581e-05 7.59767e-06 3.46618e-06 1.50145e-06 6.17702e-07 2.41441e-07 8.96983e-08 3.16878e-08 1.06495e-08 3.40641e-09 1.03748e-09 3.01002e-10 8.32218e-11 2.19354e-11 5.51362e-12 1.3213e-12 2.98285e-13 4.6027e-14 
0 2.75723e-13 1.27089e-12 5.3608e-12 2.1531e-11 8.24556e-11 3.01002e-10 1.04698e-09 3.46843e-09 1.09384e-08 3.2824e-08 9.36745e-08 2.5411e-07 6.54897e-07 1.60274e-06 3.72301e-06 8.20562e-06 1.71555e-05 3.40205e-05 6.40029e-05 0.000114292 0.000193924 0.000313161 0.000482497 0.000711709 0.00100957 0.00138475 0.00184791 0.00241421 0.00310502 0.00394758 0.00497237 0.00620903 0.00768242 0.00941032 0.0114034 0.0136669 0.0162026 0.0190098 0.0220847 0.0254186 0.0289954 0.0327901 0.0367678 0.0408853 0.0450931 0.0493378 0.0535648 0.0577203 0.0617518 0.0656098 0.0692471 0.07262 0.0756885 0.0784171 0.0807759 0.0827411 0.0842963 0.0854319 0.0861461 0.0864441 0.0863374 0.0858433 0.0849835 0.0837837 0.0822722 0.0804794 0.0784364 0.0761753 0.0737277 0.071125 0.0683973 0.0655736 0.0626816 0.0597471 0.0567942 0.0538451 0.0509201 0.0480374 0.0452135 0.0424631 0.039799 0.0372324 0.0347729 0.0324287 0.0302069 0.0281131 0.0261522 0.0243279 0.0226433 0.0211008 0.0197022 0.0184489 0.0173418 0.0163816 0.0155687 0.0149035 0.014386 0.0140163 0.0137945 0.0137206 0.0137945 0.0140163 0.014386 0.0149035 0.0155687 0.0163816 0.0173418 0.0184489 0.0197022 0.0211008 0.0226433 0.0243279 0.0261522 0.0281131 0.0302069 0.0324287 0.0347729 0.0372324 0.039799 0.0424631 0.0452135 0.0480374 0.0509201 0.0538451 0.0567942 0.0597471 0.0626816 0.0655736 0.0683973 0.071125 0.0737277 0.0761753 0.0784364 0.0804794 0.0822722 0.0837837 0.0849835 0.0858433 0.0863374 0.0864441 0.0861461 0.0854319 0.0842963 0.0827411 0.0807759 0.0784171 0.0756885 0.07262 0.0692471 0.0656098 0.0617518 0.0577203 0.0535648 0.0493378 0.0450931 0.0408853 0.0367678 0.0327901 0.0289954 0.0254186 0.0220847 0.0190098 0.0162026 0.0136669 0.0114034 0.00941032 0.00768242 0.00620903 0.00497237 0.00394758 0.00310502 0.00241421 0.00184791 0.00138475 0.00100957 0.000711709 0.000482497 0.000313161 0.000193924 0.000114292 6.40029e-05 3.40205e-05 1.71555e-05 8.20562e-06 3.72301e-06 1.60274e-06 6.54897e-07 2.5411e-07 9.36745e-08 3.2824e-08 1.09384e-08 3.46843e-09 1.04698e-09 3.01002e-10 8.24555e-11 2.15303e-11 5.35739e-12 1.25491e-12 2.04575e-13 
0 1.14579e-12 5.10455e-12 2.07421e-11 8.01985e-11 2.95523e-10 1.03748e-09 3.46843e-09 1.10365e-08 3.34071e-08 9.61434e-08 2.6292e-07 6.82809e-07 1.68307e-06 3.93555e-06 8.72579e-06 1.83379e-05 3.65228e-05 6.89419e-05 0.000123397 0.000209628 0.000338566 0.000521192 0.000767535 0.00108654 0.00148739 0.00198213 0.00258854 0.00333163 0.00424249 0.00535452 0.00669848 0.00829853 0.0101709 0.0123251 0.0147665 0.0174988 0.020523 0.0238366 0.0274293 0.0312806 0.035359 0.0396219 0.0440187 0.0484936 0.0529886 0.0574458 0.0618087 0.0660226 0.0700355 0.0737982 0.0772653 0.0803961 0.083156 0.0855173 0.0874602 0.0889728 0.0900514 0.0906994 0.0909269 0.0907498 0.0901886 0.0892672 0.0880128 0.0864543 0.084622 0.0825472 0.0802614 0.0777957 0.0751809 0.0724466 0.0696212 0.0667315 0.0638027 0.0608579 0.0579185 0.0550037 0.0521308 0.0493152 0.0465705 0.0439085 0.0413396 0.0388724 0.0365146 0.0342725 0.0321513 0.0301555 0.0282886 0.0265535 0.0249524 0.0234872 0.0221592 0.0209695 0.0199187 0.0190074 0.018236 0.0176046 0.0171135 0.0167626 0.0165521 0.0164819 0.0165521 0.0167626 0.0171135 0.0176046 0.018236 0.0190074 0.0199187 0.0209695 0.0221592 0.0234872 0.0249524 0.0265535 0.0282886 0.0301555 0.0321513 0.0342725 0.0365146 0.0388724 0.0413396 0.0439085 0.0465705 0.0493152 0.0521308 0.0550037 0.0579185 0.0608579 0.0638027 0.0667315 0.0696212 0.0724466 0.0751809 0.0777957 0.0802614 0.0825472 0.084622 0.0864543 0.0880128 0.0892672 0.0901886 0.0907498 0.0909269 0.0906994 0.0900514 0.0889728 0.0874602 0.0855173 0.083156 0.0803961 0.0772653 0.0737982 0.0700355 0.0660226 0.0618087 0.0574458 0.0529886 0.0484936 0.0440187 0.0396219 0.035359 0.0312806 0.0274293 0.0238366 0.020523 0.0174988 0.0147665 0.0123251 0.0101709 0.00829853 0.00669848 0.00535452 0.00424249 0.00333163 0.00258854 0.00198213 0.00148739 0.00108654 0.000767535 0.000521192 0.000338566 0.000209628 0.000123397 6.89419e-05 3.65228e-05 1.83379e-05 8.72579e-06 3.93555e-06 1.68307e-06 6.82809e-07 2.6292e-07 9.61434e-08 3.34071e-08 1.10365e-08 3.46843e-09 1.03748e-09 2.95522e-10 8.01954e-11 2.07276e-11 5.03954e-12 8.6858e-13 
0 4.54392e-12 1.95651e-11 7.65629e-11 2.84859e-10 1.00951e-09 3.40641e-09 1.09384e-08 3.34071e-08 9.69806e-08 2.67437e-07 7.00115e-07 1.73882e-06 4.09458e-06 9.1368e-06 1.93114e-05 3.86499e-05 7.32467e-05 0.000131489 0.000223795 0.000361737 0.000556758 0.000819124 0.00115798 0.00158312 0.00210818 0.00275379 0.00354874 0.00452782 0.00572674 0.0071765 0.00889981 0.010911 0.0132188 0.0158295 0.0187486 0.0219787 0.0255165 0.0293479 0.0334462 0.037772 0.0422755 0.0469001 0.051586 0.0562722 0.0608983 0.0654048 0.0697335 0.0738284 0.0776369 0.0811113 0.0842108 0.086903 0.0891645 0.0909815 0.0923496 0.0932721 0.0937597 0.0938288 0.0935005 0.0927994 0.0917529 0.0903903 0.0887423 0.0868403 0.0847161 0.0824012 0.0799265 0.077322 0.0746162 0.0718359 0.069006 0.0661496 0.0632875 0.0604386 0.0576197 0.0548456 0.0521294 0.0494825 0.0469148 0.0444349 0.0420499 0.0397662 0.037589 0.0355227 0.0335709 0.0317367 0.0300226 0.0284307 0.0269625 0.0256194 0.0244023 0.023312 0.0223491 0.021514 0.020807 0.0202284 0.0197782 0.0194567 0.0192637 0.0191994 0.0192637 0.0194567 0.0197782 0.0202284 0.020807 0.021514 0.0223491 0.023312 0.0244023 0.0256194 0.0269625 0.0284307 0.0300226 0.0317367 0.0335709 0.0355227 0.037589 0.0397662 0.0420499 0.0444349 0.0469148 0.0494825 0.0521294 0.0548456 0.0576197 0.0604386 0.0632875 0.0661496 0.069006 0.0718359 0.0746162 0.077322 0.0799265 0.0824012 0.0847161 0.0868403 0.0887423 0.0903903 0.0917529 0.0927994 0.0935005 0.0938288 0.0937597 0.0932721 0.0923496 0.0909815 0.0891645 0.086903 0.0842108 0.0811113 0.0776369 0.0738284 0.0697335 0.0654048 0.0608983 0.0562722 0.051586 0.0469001 0.0422755 0.037772 0.0334462 0.0293479 0.0255165 0.0219787 0.0187486 0.0158295 0.0132188 0.010911 0.00889981 0.0071765 0.00572674 0.00452782 0.00354874 0.00275379 0.00210818 0.00158312 0.00115798 0.000819124 0.000556758 0.000361737 0.000223795 0.000131489 7.32467e-05 3.86499e-05 1.93114e-05 9.1368e-06 4.09458e-06 1.73882e-06 7.00115e-07 2.67437e-07 9.69806e-08 3.34071e-08 1.09384e-08 3.4064e-09 1.00951e-09 2.84846e-10 7.65047e-11 1.93146e-11 3.52234e-12 
0 1.71934e-11 7.15468e-11 2.69533e-10 9.64536e-10 3.28563e-09 1.06495e-08 3.2824e-08 9.61434e-08 2.67437e-07 7.0598e-07 1.76736e-06 4.19299e-06 9.42119e-06 2.00371e-05 4.03222e-05 7.67677e-05 0.00013831 0.000236014 0.00038207 0.000588374 0.000865431 0.00122262 0.00167044 0.00222428 0.00290781 0.00375365 0.00480003 0.00608444 0.00763745 0.00947988 0.0116244 0.0140798 0.0168542 0.0199549 0.0233851 0.0271384 0.0311946 0.0355188 0.0400636 0.0447727 0.0495852 0.0544385 0.0592692 0.0640141 0.0686095 0.0729928 0.0771035 0.0808861 0.0842924 0.0872833 0.0898307 0.0919173 0.0935362 0.09469 0.095389 0.0956502 0.0954957 0.0949518 0.094048 0.092816 0.0912892 0.0895017 0.087488 0.0852819 0.0829163 0.0804223 0.0778292 0.0751639 0.072451 0.0697125 0.066968 0.0642349 0.0615283 0.0588615 0.0562458 0.0536911 0.051206 0.0487977 0.0464723 0.0442354 0.0420912 0.0400438 0.0380962 0.0362513 0.0345113 0.0328781 0.0313532 0.029938 0.0286334 0.0274404 0.0263596 0.0253915 0.0245366 0.0237952 0.0231675 0.0226537 0.022254 0.0219684 0.0217971 0.0217399 0.0217971 0.0219684 0.022254 0.0226537 0.0231675 0.0237952 0.0245366 0.0253915 0.0263596 0.0274404 0.0286334 0.029938 0.0313532 0.0328781 0.0345113 0.0362513 0.0380962 0.0400438 0.0420912 0.0442354 0.0464723 0.0487977 0.051206 0.0536911 0.0562458 0.0588615 0.0615283 0.0642349 0.066968 0.0697125 0.072451 0.0751639 0.0778292 0.0804223 0.0829163 0.0852819 0.087488 0.0895017 0.0912892 0.092816 0.094048 0.0949518 0.0954957 0.0956502 0.095389 0.09469 0.0935362 0.0919173 0.0898307 0.0872833 0.0842924 0.0808861 0.0771035 0.0729928 0.0686095 0.0640141 0.0592692 0.0544385 0.0495852 0.0447727 0.0400636 0.0355188 0.0311946 0.0271384 0.0233851 0.0199549 0.0168542 0.0140798 0.0116244 0.00947988 0.00763745 0.00608444 0.00480003 0.00375365 0.00290781 0.00222428 0.00167044 0.00122262 0.000865431 0.000588374 0.00038207 0.000236014 0.00013831 7.67677e-05 4.03222e-05 2.00371e-05 9.42119e-06 4.19299e-06 1.76736e-06 7.0598e-07 2.67437e-07 9.61434e-08 3.2824e-08 1.06495e-08 3.28562e-09 9.64484e-10 2.69311e-10 7.06337e-11 1.36414e-11 
0 6.20592e-11 2.4956e-10 9.04723e-10 3.11237e-09 1.01848e-08 3.16878e-08 9.36745e-08 2.6292e-07 7.00115e-07 1.76736e-06 4.2263e-06 9.5666e-06 2.0485e-05 4.14751e-05 7.93791e-05 0.000143637 0.000245923 0.00039903 0.000615306 0.000905517 0.00127931 0.00174798 0.00232875 0.00304842 0.00394342 0.00505515 0.00642233 0.00807461 0.0100309 0.0123027 0.0149 0.0178332 0.0211117 0.0247374 0.0286988 0.0329677 0.0375004 0.042242 0.0471311 0.0521036 0.0570943 0.0620363 0.0668615 0.0715008 0.0758861 0.0799538 0.0836477 0.0869217 0.0897415 0.0920853 0.0939425 0.095313 0.0962052 0.0966351 0.096625 0.0962022 0.0953982 0.094248 0.0927888 0.0910593 0.0890983 0.086944 0.0846328 0.0821989 0.0796736 0.0770851 0.0744584 0.0718152 0.0691744 0.066552 0.0639616 0.0614145 0.0589203 0.0564871 0.0541214 0.0518287 0.0496135 0.0474795 0.0454297 0.0434667 0.0415924 0.0398086 0.0381166 0.0365175 0.0350121 0.0336014 0.0322858 0.0310659 0.0299422 0.0289151 0.0279849 0.0271518 0.0264162 0.0257782 0.0252381 0.0247959 0.0244519 0.0242061 0.0240586 0.0240094 0.0240586 0.0242061 0.0244519 0.0247959 0.0252381 0.0257782 0.0264162 0.0271518 0.0279849 0.0289151 0.0299422 0.0310659 0.0322858 0.0336014 0.0350121 0.0365175 0.0381166 0.0398086 0.0415924 0.0434667 0.0454297 0.0474795 0.0496135 0.0518287 0.0541214 0.0564871 0.0589203 0.0614145 0.0639616 0.066552 0.0691744 0.0718152 0.0744584 0.0770851 0.0796736 0.0821989 0.0846328 0.086944 0.0890983 0.0910593 0.0927888 0.094248 0.0953982 0.0962022 0.096625 0.0966351 0.0962052 0.095313 0.0939425 0.0920853 0.0897415 0.0869217 0.0836477 0.0799538 0.0758861 0.0715008 0.0668615 0.0620363 0.0570943 0.0521036 0.0471311 0.042242 0.0375004 0.0329677 0.0286988 0.0247374 0.0211117 0.0178332 0.0149 0.0123027 0.0100309 0.00807461 0.00642233 0.00505515 0.00394342 0.00304842 0.00232875 0.00174798 0.00127931 0.000905517 0.000615306 0.00039903 0.000245923 0.000143637 7.93791e-05 4.14751e-05 2.0485e-05 9.5666e-06 4.2263e-06 1.76736e-06 7.00115e-07 2.6292e-07 9.36745e-08 3.16878e-08 1.01847e-08 3.11218e-09 9.03923e-10 2.46421e-10 5.04456e-11 
0 2.13628e-10 8.30099e-10 2.89469e-09 9.56756e-09 3.00562e-08 8.96983e-08 2.5411e-07 6.82809e-07 1.73882e-06 4.19299e-06 9.5666e-06 2.06365e-05 4.20632e-05 8.09856e-05 0.000147292 0.000253225 0.000412165 0.000636929 0.000938581 0.00132708 0.00181453 0.00242005 0.00317355 0.00411515 0.00528912 0.00673504 0.0084813 0.010545 0.0129375 0.0156707 0.018758 0.02221 0.0260257 0.0301867 0.0346557 0.0393809 0.0443012 0.0493519 0.0544659 0.0595739 0.0646037 0.0694798 0.0741265 0.0784712 0.0824487 0.0860051 0.0890992 0.0917032 0.0938019 0.0953911 0.0964763 0.0970714 0.0971975 0.0968824 0.0961596 0.0950671 0.0936464 0.0919408 0.0899942 0.0878495 0.0855475 0.0831261 0.0806195 0.0780581 0.0754685 0.0728733 0.0702916 0.0677397 0.0652305 0.0627747 0.0603809 0.0580557 0.0558042 0.05363 0.051536 0.0495237 0.0475944 0.0457486 0.0439864 0.0423077 0.0407122 0.0391997 0.0377695 0.0364215 0.0351552 0.0339704 0.0328668 0.0318445 0.0309033 0.0300433 0.0292645 0.028567 0.0279511 0.0274169 0.0269645 0.0265941 0.0263058 0.0260999 0.0259762 0.025935 0.0259762 0.0260999 0.0263058 0.0265941 0.0269645 0.0274169 0.0279511 0.028567 0.0292645 0.0300433 0.0309033 0.0318445 0.0328668 0.0339704 0.0351552 0.0364215 0.0377695 0.0391997 0.0407122 0.0423077 0.0439864 0.0457486 0.0475944 0.0495237 0.051536 0.05363 0.0558042 0.0580557 0.0603809 0.0627747 0.0652305 0.0677397 0.0702916 0.0728733 0.0754685 0.0780581 0.0806195 0.0831261 0.0855475 0.0878495 0.0899942 0.0919408 0.0936464 0.0950671 0.0961596 0.0968824 0.0971975 0.0970714 0.0964763 0.0953911 0.0938019 0.0917032 0.0890992 0.0860051 0.0824487 0.0784712 0.0741265 0.0694798 0.0646037 0.0595739 0.0544659 0.0493519 0.0443012 0.0393809 0.0346557 0.0301867 0.0260257 0.02221 0.018758 0.0156707 0.0129375 0.010545 0.0084813 0.00673504 0.00528912 0.00411515 0.00317355 0.00242005 0.00181453 0.00132708 0.000938581 0.000636929 0.000412165 0.000253225 0.000147292 8.09856e-05 4.20632e-05 2.06365e-05 9.5666e-06 4.19299e-06 1.73882e-06 6.82809e-07 2.5411e-07 8.96983e-08 3.00561e-08 9.56687e-09 2.89197e-09 8.19956e-10 1.78098e-10 
0 7.01145e-10 2.63233e-09 8.8256e-09 2.80091e-08 8.44108e-08 2.41441e-07 6.54897e-07 1.68307e-06 4.09458e-06 9.42119e-06 2.0485e-05 4.20632e-05 8.15279e-05 0.000149151 0.000257698 0.000421124 0.000652742 0.000963964 0.0013651 0.00186907 0.0024968 0.00328123 0.004266 0.00549803 0.00701744 0.00885125 0.0110152 0.0135211 0.0163838 0.01962 0.0232401 0.0272386 0.0315887 0.0362443 0.0411468 0.0462312 0.0514301 0.0566726 0.0618835 0.0669822 0.0718849 0.0765095 0.0807809 0.0846351 0.0880224 0.0909077 0.093269 0.0950969 0.0963921 0.0971652 0.0974357 0.0972314 0.0965876 0.0955457 0.0941515 0.0924534 0.0905003 0.0883399 0.0860173 0.0835742 0.081048 0.0784717 0.0758743 0.0732802 0.0707103 0.0681818 0.0657087 0.063302 0.0609702 0.0587194 0.0565538 0.0544756 0.052486 0.0505848 0.0487711 0.0470433 0.0453995 0.0438374 0.0423549 0.0409498 0.0396201 0.0383639 0.0371796 0.0360659 0.0350215 0.0340457 0.0331378 0.0322972 0.0315236 0.0308169 0.0301771 0.029604 0.0290979 0.0286589 0.028287 0.0279825 0.0277455 0.0275761 0.0274744 0.0274405 0.0274744 0.0275761 0.0277455 0.0279825 0.028287 0.0286589 0.0290979 0.029604 0.0301771 0.0308169 0.0315236 0.0322972 0.0331378 0.0340457 0.0350215 0.0360659 0.0371796 0.0383639 0.0396201 0.0409498 0.0423549 0.0438374 0.0453995 0.0470433 0.0487711 0.0505848 0.052486 0.0544756 0.0565538 0.0587194 0.0609702 0.063302 0.0657087 0.0681818 0.0707103 0.0732802 0.0758743 0.0784717 0.081048 0.0835742 0.0860173 0.0883399 0.0905003 0.0924534 0.0941515 0.0955457 0.0965876 0.0972314 0.0974357 0.0971652 0.0963921 0.0950969 0.093269 0.0909077 0.0880224 0.0846351 0.0807809 0.0765095 0.0718849 0.0669822 0.0618835 0.0566726 0.0514301 0.0462312 0.0411468 0.0362443 0.0315887 0.0272386 0.0232401 0.01962 0.0163838 0.0135211 0.0110152 0.00885125 0.00701744 0.00549803 0.004266 0.00328123 0.0024968 0.00186907 0.0013651 0.000963964 0.000652742 0.000421124 0.000257698 0.000149151 8.15279e-05 4.20632e-05 2.0485e-05 9.42119e-06 4.09458e-06 1.68307e-06 6.54897e-07 2.4144e-07 8.44102e-08 2.80068e-08 8.81691e-09 2.60168e-09 6.00195e-10 
0 2.19353e-09 7.95591e-09 2.56338e-08 7.80616e-08 2.25513e-07 6.17702e-07 1.60274e-06 3.93555e-06 9.1368e-06 2.00371e-05 4.14751e-05 8.09856e-05 0.000149151 0.000259204 0.000425664 0.000662378 0.000981166 0.00139273 0.00191073 0.0025578 0.0033697 0.00439339 0.00567825 0.00726481 0.00917886 0.0114351 0.0140467 0.0170321 0.0204108 0.024192 0.0283641 0.0328913 0.0377198 0.0427862 0.048023 0.05336 0.0587209 0.0640217 0.069172 0.0740799 0.0786591 0.0828346 0.0865457 0.0897478 0.0924102 0.0945155 0.0960578 0.0970425 0.0974859 0.0974149 0.0968663 0.0958846 0.0945203 0.0928268 0.0908583 0.0886675 0.0863041 0.0838137 0.0812376 0.0786124 0.07597 0.073338 0.0707397 0.0681945 0.0657179 0.0633219 0.0610152 0.0588039 0.0566911 0.0546782 0.0527647 0.0509487 0.0492274 0.0475974 0.0460548 0.0445958 0.0432163 0.0419127 0.0406813 0.0395191 0.0384231 0.037391 0.0364205 0.0355099 0.0346576 0.0338626 0.0331238 0.0324405 0.0318124 0.0312389 0.03072 0.0302554 0.0298452 0.0294895 0.0291882 0.0289416 0.0287496 0.0286124 0.02853 0.0285026 0.02853 0.0286124 0.0287496 0.0289416 0.0291882 0.0294895 0.0298452 0.0302554 0.03072 0.0312389 0.0318124 0.0324405 0.0331238 0.0338626 0.0346576 0.0355099 0.0364205 0.037391 0.0384231 0.0395191 0.0406813 0.0419127 0.0432163 0.0445958 0.0460548 0.0475974 0.0492274 0.0509487 0.0527647 0.0546782 0.0566911 0.0588039 0.0610152 0.0633219 0.0657179 0.0681945 0.0707397 0.073338 0.07597 0.0786124 0.0812376 0.0838137 0.0863041 0.0886675 0.0908583 0.0928268 0.0945203 0.0958846 0.0968663 0.0974149 0.0974859 0.0970425 0.0960578 0.0945155 0.0924102 0.0897478 0.0865457 0.0828346 0.0786591 0.0740799 0.069172 0.0640217 0.0587209 0.05336 0.048023 0.0427862 0.0377198 0.0328913 0.0283641 0.024192 0.0204108 0.0170321 0.0140467 0.0114351 0.00917886 0.00726481 0.00567825 0.00439339 0.0033697 0.0025578 0.00191073 0.00139273 0.000981166 0.000662378 0.000425664 0.000259204 0.000149151 8.09856e-05 4.14751e-05 2.00371e-05 9.1368e-06 3.93555e-06 1.60274e-06 6.17701e-07 2.25511e-07 7.80543e-08 2.56079e-08 7.87e-09 1.93041e-09 
0 6.5396e-09 2.29122e-08 7.09064e-08 2.0705e-07 5.72923e-07 1.50145e-06 3.72301e-06 8.72579e-06 1.93114e-05 4.03222e-05 7.93791e-05 0.000147292 0.000257698 0.000425664 0.000665615 0.000989852 0.00140949 0.00193887 0.0026021 0.00343746 0.00449504 0.00582655 0.00747304 0.00945924 0.0117993 0.0145085 0.0176089 0.0211226 0.0250564 0.0293912 0.0340827 0.0390708 0.0442895 0.0496697 0.0551369 0.0606067 0.0659843 0.0711696 0.0760648 0.080582 0.0846486 0.0882079 0.0912186 0.0936528 0.0954953 0.0967437 0.0974089 0.0975153 0.0970996 0.0962087 0.0948968 0.0932223 0.0912444 0.0890207 0.086606 0.0840509 0.0814016 0.0786994 0.0759809 0.0732779 0.0706172 0.0680211 0.0655071 0.0630883 0.0607739 0.0585693 0.0564772 0.0544976 0.0526284 0.0508664 0.0492073 0.0476461 0.0461777 0.0447967 0.0434981 0.0422768 0.0411283 0.0400482 0.0390326 0.0380781 0.0371814 0.0363398 0.035551 0.0348129 0.0341239 0.0334824 0.0328875 0.0323381 0.0318337 0.0313737 0.0309577 0.0305856 0.0302572 0.0299725 0.0297314 0.0295341 0.0293805 0.0292708 0.0292049 0.029183 0.0292049 0.0292708 0.0293805 0.0295341 0.0297314 0.0299725 0.0302572 0.0305856 0.0309577 0.0313737 0.0318337 0.0323381 0.0328875 0.0334824 0.0341239 0.0348129 0.035551 0.0363398 0.0371814 0.0380781 0.0390326 0.0400482 0.0411283 0.0422768 0.0434981 0.0447967 0.0461777 0.0476461 0.0492073 0.0508664 0.0526284 0.0544976 0.0564772 0.0585693 0.0607739 0.0630883 0.0655071 0.0680211 0.0706172 0.0732779 0.0759809 0.0786994 0.0814016 0.0840509 0.086606 0.0890207 0.0912444 0.0932223 0.0948968 0.0962087 0.0970996 0.0975153 0.0974089 0.0967437 0.0954953 0.0936528 0.0912186 0.0882079 0.0846486 0.080582 0.0760648 0.0711696 0.0659843 0.0606067 0.0551369 0.0496697 0.0442895 0.0390708 0.0340827 0.0293912 0.0250564 0.0211226 0.0176089 0.0145085 0.0117993 0.00945924 0.00747304 0.00582655 0.00449504 0.00343746 0.0026021 0.00193887 0.00140949 0.000989852 0.000665615 0.000425664 0.000257698 0.000147292 7.93791e-05 4.03222e-05 1.93114e-05 8.72579e-06 3.72301e-06 1.50145e-06 5.72917e-07 2.07028e-07 7.08347e-08 2.26918e-08 5.92465e-09 
0 1.85744e-08 6.28581e-08 1.86743e-07 5.22492e-07 1.38365e-06 3.46618e-06 8.20562e-06 1.83379e-05 3.86499e-05 7.67677e-05 0.000143637 0.000253225 0.000421124 0.000662378 0.000989852 0.00141511 0.00195305 0.00262897 0.00348332 0.00456905 0.00594024 0.00763866 0.00968836 0.0121034 0.0149014 0.0181083 0.021748 0.0258242 0.0303098 0.0351525 0.0402883 0.0456498 0.0511662 0.0567563 0.0623252 0.0677668 0.0729726 0.0778418 0.0822878 0.0862409 0.0896466 0.0924648 0.0946682 0.0962439 0.0971947 0.0975396 0.0973133 0.0965633 0.0953464 0.0937243 0.0917607 0.0895181 0.0870565 0.0844324 0.0816979 0.0789008 0.0760836 0.0732837 0.0705326 0.0678559 0.0652737 0.0628005 0.0604458 0.0582149 0.0561097 0.0541292 0.0522707 0.0505296 0.0489007 0.047378 0.0459554 0.0446266 0.0433855 0.0422261 0.0411426 0.0401298 0.0391825 0.0382962 0.0374668 0.0366904 0.0359637 0.0352838 0.0346481 0.0340547 0.0335016 0.0329874 0.032511 0.0320714 0.031668 0.0313002 0.0309678 0.0306704 0.0304079 0.0301804 0.0299878 0.0298301 0.0297073 0.0296196 0.029567 0.0295494 0.029567 0.0296196 0.0297073 0.0298301 0.0299878 0.0301804 0.0304079 0.0306704 0.0309678 0.0313002 0.031668 0.0320714 0.032511 0.0329874 0.0335016 0.0340547 0.0346481 0.0352838 0.0359637 0.0366904 0.0374668 0.0382962 0.0391825 0.0401298 0.0411426 0.0422261 0.0433855 0.0446266 0.0459554 0.047378 0.0489007 0.0505296 0.0522707 0.0541292 0.0561097 0.0582149 0.0604458 0.0628005 0.0652737 0.0678559 0.0705326 0.0732837 0.0760836 0.0789008 0.0816979 0.0844324 0.0870565 0.0895181 0.0917607 0.0937243 0.0953464 0.0965633 0.0973133 0.0975396 0.0971947 0.0962439 0.0946682 0.0924648 0.0896466 0.0862409 0.0822878 0.0778418 0.0729726 0.0677668 0.0623252 0.0567563 0.0511662 0.0456498 0.0402883 0.0351525 0.0303098 0.0258242 0.021748 0.0181083 0.0149014 0.0121034 0.00968836 0.00763866 0.00594024 0.00456905 0.00348332 0.00262897 0.00195305 0.00141511 0.000989852 0.000662378 0.000421124 0.000253225 0.000143637 7.67677e-05 3.86499e-05 1.83379e-05 8.20562e-06 3.46618e-06 1.38363e-06 5.22433e-07 1.86562e-07 6.2353e-08 1.73486e-08 
0 5.0249e-08 1.64238e-07 4.68155e-07 1.25413e-06 3.17571e-06 7.59767e-06 1.71555e-05 3.65228e-05 7.32467e-05 0.00013831 0.000245923 0.000412165 0.000652742 0.000981166 0.00140949 0.00195305 0.00263797 0.00350646 0.00461404 0.00601723 0.00775892 0.00986299 0.0123437 0.015221 0.0185248 0.0222804 0.0264876 0.0311113 0.0360927 0.0413654 0.046862 0.0525082 0.058214 0.0638721 0.0693659 0.0745814 0.0794177 0.0837903 0.0876308 0.0908845 0.0935101 0.0954812 0.0967889 0.0974444 0.0974772 0.0969331 0.0958693 0.0943497 0.0924409 0.0902099 0.087722 0.08504 0.0822233 0.0793269 0.0764009 0.0734888 0.0706277 0.0678473 0.0651705 0.0626134 0.0601866 0.0578958 0.0557429 0.0537271 0.051845 0.050092 0.0484622 0.0469493 0.0455461 0.0442454 0.0430401 0.0419228 0.0408866 0.0399249 0.0390313 0.0382 0.0374258 0.0367038 0.0360299 0.0354004 0.034812 0.0342621 0.0337484 0.0332689 0.0328223 0.0324071 0.0320225 0.0316676 0.031342 0.0310452 0.0307769 0.030537 0.0303252 0.0301417 0.0299863 0.0298591 0.0297602 0.0296895 0.029647 0.0296329 0.029647 0.0296895 0.0297602 0.0298591 0.0299863 0.0301417 0.0303252 0.030537 0.0307769 0.0310452 0.031342 0.0316676 0.0320225 0.0324071 0.0328223 0.0332689 0.0337484 0.0342621 0.034812 0.0354004 0.0360299 0.0367038 0.0374258 0.0382 0.0390313 0.0399249 0.0408866 0.0419228 0.0430401 0.0442454 0.0455461 0.0469493 0.0484622 0.050092 0.051845 0.0537271 0.0557429 0.0578958 0.0601866 0.0626134 0.0651705 0.0678473 0.0706277 0.0734888 0.0764009 0.0793269 0.0822233 0.08504 0.087722 0.0902099 0.0924409 0.0943497 0.0958693 0.0969331 0.0974772 0.0974444 0.0967889 0.0954812 0.0935101 0.0908845 0.0876308 0.0837903 0.0794177 0.0745814 0.0693659 0.0638721 0.058214 0.0525082 0.046862 0.0413654 0.0360927 0.0311113 0.0264876 0.0222804 0.0185248 0.015221 0.0123437 0.00986299 0.00775892 0.00601723 0.00461404 0.00350646 0.00263797 0.00195305 0.00140949 0.000981166 0.000652742 0.000412165 0.000245923 0.00013831 7.32467e-05 3.65228e-05 1.71555e-05 7.59766e-06 3.17567e-06 1.25399e-06 4.67748e-07 1.63261e-07 4.84616e-08 
0 1.29446e-07 4.08615e-07 1.11696e-06 2.86275e-06 6.92573e-06 1.581e-05 3.40205e-05 6.89419e-05 0.000131489 0.000236014 0.00039903 0.000636929 0.000963964 0.00139273 0.00193887 0.00262897 0.00350646 0.00462913 0.00605608 0.00783187 0.00998073 0.0125173 0.0154639 0.0188538 0.0227138 0.0270395 0.0317886 0.0368968 0.042297 0.0479219 0.053692 0.059506 0.0652438 0.0707806 0.0760002 0.0808027 0.0851049 0.0888368 0.0919407 0.094374 0.0961132 0.0971571 0.0975273 0.0972647 0.0964244 0.0950702 0.0932706 0.0910959 0.0886165 0.085902 0.0830197 0.0800331 0.077 0.0739715 0.0709902 0.0680906 0.0652988 0.0626334 0.0601068 0.0577262 0.0554948 0.0534124 0.0514764 0.0496824 0.0480244 0.0464954 0.0450874 0.043792 0.0426006 0.0415044 0.040495 0.0395644 0.0387051 0.0379101 0.0371732 0.0364889 0.0358523 0.0352592 0.034706 0.0341895 0.0337071 0.0332565 0.032836 0.0324439 0.032079 0.0317402 0.0314268 0.0311379 0.0308731 0.030632 0.0304144 0.0302199 0.0300484 0.0298999 0.0297742 0.0296714 0.0295914 0.0295343 0.0295 0.0294886 0.0295 0.0295343 0.0295914 0.0296714 0.0297742 0.0298999 0.0300484 0.0302199 0.0304144 0.030632 0.0308731 0.0311379 0.0314268 0.0317402 0.032079 0.0324439 0.032836 0.0332565 0.0337071 0.0341895 0.034706 0.0352592 0.0358523 0.0364889 0.0371732 0.0379101 0.0387051 0.0395644 0.040495 0.0415044 0.0426006 0.043792 0.0450874 0.0464954 0.0480244 0.0496824 0.0514764 0.0534124 0.0554948 0.0577262 0.0601068 0.0626334 0.0652988 0.0680906 0.0709902 0.0739715 0.077 0.0800331 0.0830197 0.085902 0.0886165 0.0910959 0.0932706 0.0950702 0.0964244 0.0972647 0.0975273 0.0971571 0.0961132 0.094374 0.0919407 0.0888368 0.0851049 0.0808027 0.0760002 0.0707806 0.0652438 0.059506 0.053692 0.0479219 0.042297 0.0368968 0.0317886 0.0270395 0.0227138 0.0188538 0.0154639 0.0125173 0.00998073 0.00783187 0.00605608 0.00462913 0.00350646 0.00262897 0.00193887 0.00139273 0.000963964 0.000636929 0.00039903 0.000236014 0.000131489 6.89418e-05 3.40205e-05 1.581e-05 6.92561e-06 2.86243e-06 1.1162e-06 4.07295e-07 1.29129e-07 
0 3.17474e-07 9.67878e-07 2.53595e-06 6.21383e-06 1.43507e-05 3.12334e-05 6.40029e-05 0.000123397 0.000223795 0.00038207 0.000615306 0.000938581 0.0013651 0.00191073 0.0026021 0.00348332 0.00461404 0.00605608 0.00785632 0.01004 0.0126223 0.0156273 0.0190916 0.0230433 0.0274745 0.0323363 0.0375601 0.0430791 0.0488259 0.0547139 0.0606287 0.0664384 0.0720128 0.0772361 0.0820092 0.0862468 0.0898747 0.0928312 0.0950743 0.0965869 0.0973781 0.0974805 0.0969439 0.0958296 0.0942058 0.0921448 0.0897216 0.0870125 0.084093 0.0810358 0.0779074 0.0747665 0.0716624 0.0686345 0.0657132 0.0629208 0.0602726 0.0577787 0.0554442 0.0532708 0.0512572 0.0493991 0.0476904 0.0461231 0.0446882 0.0433757 0.0421754 0.0410773 0.0400716 0.0391492 0.0383017 0.0375215 0.0368018 0.0361367 0.0355209 0.0349498 0.0344194 0.0339261 0.0334669 0.0330392 0.0326406 0.0322693 0.0319235 0.0316017 0.0313028 0.0310258 0.0307698 0.0305342 0.0303185 0.0301223 0.0299452 0.0297871 0.0296478 0.0295271 0.029425 0.0293416 0.0292766 0.0292303 0.0292024 0.0291932 0.0292024 0.0292303 0.0292766 0.0293416 0.029425 0.0295271 0.0296478 0.0297871 0.0299452 0.0301223 0.0303185 0.0305342 0.0307698 0.0310258 0.0313028 0.0316017 0.0319235 0.0322693 0.0326406 0.0330392 0.0334669 0.0339261 0.0344194 0.0349498 0.0355209 0.0361367 0.0368018 0.0375215 0.0383017 0.0391492 0.0400716 0.0410773 0.0421754 0.0433757 0.0446882 0.0461231 0.0476904 0.0493991 0.0512572 0.0532708 0.0554442 0.0577787 0.0602726 0.0629208 0.0657132 0.0686345 0.0716624 0.0747665 0.0779074 0.0810358 0.084093 0.0870125 0.0897216 0.0921448 0.0942058 0.0958296 0.0969439 0.0974805 0.0973781 0.0965869 0.0950743 0.0928312 0.0898747 0.0862468 0.0820092 0.0772361 0.0720128 0.0664384 0.0606287 0.0547139 0.0488259 0.0430791 0.0375601 0.0323363 0.0274745 0.0230433 0.0190916 0.0156273 0.0126223 0.01004 0.00785632 0.00605608 0.00461404 0.00348332 0.0026021 0.00191073 0.0013651 0.000938581 0.000615306 0.00038207 0.000223795 0.000123397 6.40029e-05 3.12333e-05 1.43505e-05 6.21325e-06 2.53501e-06 9.68126e-07 3.28182e-07 
