0 0 0 0 0 0 0 0 0 0 0 0 0 0 0 0 0 0 0 0 0 0 0 0 0 0 0 0 0 0 0 0 0 0 0 0 0 0 0 0 0 0 0 0 0 0 0 0 0 0 0 0 0 0 0 0 0 0 0 0 0 0 0 0 0 0 0 0 0 0 0 0 0 0 0 0 0 0 0 0 0 0 0 0 0 0 0 0 0 0 0 0 0 0 0 0 0 0 0 0 0 0 0 0 0 0 0 0 0 0 0 0 0 0 0 0 0 0 0 0 0 0 0 0 0 0 0 0 0 0 0 0 0 0 0 0 0 0 0 0 0 0 0 0 0 0 0 0 0 0 0 0 0 0 0 0 0 0 0 0 0 0 0 0 0 0 0 0 0 0 0 0 0 0 0 0 0 0 0 0 0 0 0 0 0 0 0 0 0 0 0 0 0 0 0 0 0 0 0 0 
0 2.73435e-06 6.99255e-06 1.47345e-05 2.87346e-05 5.2802e-05 9.16875e-05 0.000150537 0.000233902 0.000344635 0.000483359 0.000649313 0.000842923 0.00106935 0.00134102 0.00167686 0.00209721 0.00261603 0.00323477 0.00394169 0.00471778 0.00554571 0.00641598 0.00732607 0.00827323 0.00924544 0.0102165 0.0111478 0.0119965 0.0127235 0.0133 0.0137078 0.0139359 0.0139759 0.0138193 0.0134577 0.0128853 0.0121035 0.0111229 0.00996433 0.00865705 0.00723527 0.00573459 0.00418898 0.00262912 0.00108192 -0.000429012 -0.00188269 -0.00326017 -0.00454446 -0.00572081 -0.00677738 -0.00770584 -0.00850183 -0.00916507 -0.00969906 -0.0101106 -0.0104087 -0.0106042 -0.0107084 -0.010733 -0.010689 -0.0105868 -0.0104358 -0.0102448 -0.0100213 -0.00977221 -0.00950382 -0.00922163 -0.00893058 -0.0086351 -0.00833904 -0.00804577 -0.00775816 -0.00747856 -0.00720889 -0.00695063 -0.00670485 -0.00647228 -0.00625335 -0.00604823 -0.00585686 -0.00567906 -0.00551449 -0.00536272 -0.0052233 -0.00509572 -0.00497946 -0.00487401 -0.00477889 -0.00469363 -0.0046178 -0.004551 -0.00449289 -0.00444316 -0.00440152 -0.00436777 -0.0043417 -0.00432319 -0.00431212 -0.00430843 -0.00431212 -0.00432319 -0.0043417 -0.00436777 -0.00440152 -0.00444316 -0.00449289 -0.004551 -0.0046178 -0.00469363 -0.00477889 -0.00487401 -0.00497946 -0.00509572 -0.0052233 -0.00536272 -0.00551449 -0.00567906 -0.00585686 -0.00604823 -0.00625335 -0.00647228 -0.00670485 -0.00695063 -0.00720889 -0.00747856 -0.00775816 -0.00804577 -0.00833904 -0.0086351 -0.00893058 -0.00922163 -0.00950382 -0.00977221 -0.0100213 -0.0102448 -0.0104358 -0.0105868 -0.010689 -0.010733 -0.0107084 -0.0106042 -0.0104087 -0.0101106 -0.00969906 -0.00916507 -0.00850183 -0.00770584 -0.00677738 -0.00572081 -0.00454446 -0.00326017 -0.00188269 -0.000429012 0.00108192 0.00262912 0.00418898 0.00573459 0.00723527 0.00865705 0.00996433 0.0111229 0.0121035 0.0128853 0.0134577 0.0138193 0.0139759 0.0139359 0.0137078 0.0133 0.0127235 0.0119965 0.0111478 0.0102165 0.00924544 0.00827323 0.00732607 0.00641598 0.00554571 0.00471778 0.00394169 0.00323477 0.00261603 0.00209721 0.00167686 0.00134102 0.00106935 0.000842923 0.000649313 0.000483359 0.000344635 0.000233901 0.000150536 9.16857e-05 5.27995e-05 2.87347e-05 1.47534e-05 7.08862e-06 3.08212e-06 
0 6.99255e-06 1.75074e-05 3.58939e-05 6.79852e-05 0.000121365 0.000204995 0.000328074 0.000498371 0.000720793 0.000997382 0.00132967 0.00172324 0.0021924 0.00276205 0.00346384 0.00432736 0.00537004 0.00659152 0.00797573 0.00949915 0.0111395 0.0128792 0.0147013 0.016582 0.0184834 0.0203527 0.0221266 0.023739 0.025128 0.0262404 0.0270326 0.0274695 0.027524 0.0271771 0.0264194 0.0252531 0.0236934 0.0217687 0.0195191 0.0169942 0.0142502 0.0113468 0.0083445 0.00530272 0.00227772 -0.000678547 -0.00351963 -0.00620541 -0.00870276 -0.0109859 -0.0130364 -0.0148433 -0.0164022 -0.0177146 -0.0187874 -0.0196319 -0.0202623 -0.0206956 -0.0209503 -0.0210457 -0.0210015 -0.020837 -0.0205708 -0.0202205 -0.0198026 -0.019332 -0.0188222 -0.0182851 -0.0177311 -0.0171692 -0.0166069 -0.0160504 -0.0155051 -0.0149748 -0.014463 -0.0139719 -0.0135033 -0.0130585 -0.012638 -0.0122423 -0.0118714 -0.011525 -0.0112027 -0.010904 -0.0106282 -0.0103746 -0.0101426 -0.00993122 -0.00973988 -0.00956782 -0.00941434 -0.00927882 -0.00916067 -0.00905936 -0.00897443 -0.00890549 -0.00885221 -0.00881434 -0.00879169 -0.00878415 -0.00879169 -0.00881434 -0.00885221 -0.00890549 -0.00897443 -0.00905936 -0.00916067 -0.00927882 -0.00941434 -0.00956782 -0.00973988 -0.00993122 -0.0101426 -0.0103746 -0.0106282 -0.010904 -0.0112027 -0.011525 -0.0118714 -0.0122423 -0.012638 -0.0130585 -0.0135033 -0.0139719 -0.014463 -0.0149748 -0.0155051 -0.0160504 -0.0166069 -0.0171692 -0.0177311 -0.0182851 -0.0188222 -0.019332 -0.0198026 -0.0202205 -0.0205708 -0.020837 -0.0210015 -0.0210457 -0.0209503 -0.0206956 -0.0202623 -0.0196319 -0.0187874 -0.0177146 -0.0164022 -0.0148433 -0.0130364 -0.0109859 -0.00870276 -0.00620541 -0.00351963 -0.000678547 0.00227772 0.00530272 0.0083445 0.0113468 0.0142502 0.0169942 0.0195191 0.0217687 0.0236934 0.0252531 0.0264194 0.0271771 0.027524 0.0274695 0.0270326 0.0262404 0.025128 0.023739 0.0221266 0.0203527 0.0184834 0.016582 0.0147013 0.0128792 0.0111395 0.00949915 0.00797573 0.00659152 0.00537004 0.00432736 0.00346384 0.00276205 0.0021924 0.00172324 0.00132967 0.000997382 0.000720793 0.00049837 0.000328073 0.000204992 0.000121365 6.80038e-05 3.59947e-05 1.78855e-05 8.18193e-06 
0 1.47345e-05 3.58939e-05 7.09722e-05 0.000129245 0.000221795 0.000360647 0.000557195 0.000820637 0.00115761 0.00157407 0.00207939 0.00269083 0.00343553 0.0043474 0.00545958 0.00679601 0.00836692 0.0101703 0.0121968 0.0144331 0.01686 0.0194473 0.0221495 0.0249058 0.0276459 0.0302955 0.0327806 0.0350278 0.0369631 0.0385122 0.0396036 0.0401751 0.0401806 0.0395948 0.0384148 0.036658 0.0343586 0.0315631 0.0283277 0.0247165 0.0208002 0.0166561 0.0123656 0.0080123 0.00367799 -0.000560518 -0.00463485 -0.0084873 -0.012072 -0.0153552 -0.018314 -0.0209358 -0.0232162 -0.025158 -0.0267698 -0.028065 -0.0290611 -0.0297786 -0.0302407 -0.0304724 -0.0304996 -0.0303487 -0.0300456 -0.0296156 -0.0290822 -0.0284671 -0.02779 -0.0270685 -0.0263177 -0.0255507 -0.0247785 -0.0240102 -0.0232533 -0.0225139 -0.0217965 -0.021105 -0.020442 -0.0198096 -0.0192091 -0.0186413 -0.0181066 -0.0176051 -0.0171366 -0.0167007 -0.0162967 -0.015924 -0.0155818 -0.0152692 -0.0149854 -0.0147297 -0.014501 -0.0142987 -0.0141221 -0.0139704 -0.013843 -0.0137396 -0.0136596 -0.0136026 -0.0135686 -0.0135573 -0.0135686 -0.0136026 -0.0136596 -0.0137396 -0.013843 -0.0139704 -0.0141221 -0.0142987 -0.014501 -0.0147297 -0.0149854 -0.0152692 -0.0155818 -0.015924 -0.0162967 -0.0167007 -0.0171366 -0.0176051 -0.0181066 -0.0186413 -0.0192091 -0.0198096 -0.020442 -0.021105 -0.0217965 -0.0225139 -0.0232533 -0.0240102 -0.0247785 -0.0255507 -0.0263177 -0.0270685 -0.02779 -0.0284671 -0.0290822 -0.0296156 -0.0300456 -0.0303487 -0.0304996 -0.0304724 -0.0302407 -0.0297786 -0.0290611 -0.028065 -0.0267698 -0.025158 -0.0232162 -0.0209358 -0.018314 -0.0153552 -0.012072 -0.0084873 -0.00463485 -0.000560518 0.00367799 0.0080123 0.0123656 0.0166561 0.0208002 0.0247165 0.0283277 0.0315631 0.0343586 0.036658 0.0384148 0.0395948 0.0401806 0.0401751 0.0396036 0.0385122 0.0369631 0.0350278 0.0327806 0.0302955 0.0276459 0.0249058 0.0221495 0.0194473 0.01686 0.0144331 0.0121968 0.0101703 0.00836692 0.00679601 0.00545958 0.0043474 0.00343553 0.00269083 0.00207939 0.00157407 0.00115761 0.000820636 0.000557193 0.000360647 0.000221815 0.000129349 7.13574e-05 3.71066e-05 1.81394e-05 
0 2.87346e-05 6.79852e-05 0.000129245 0.00022541 0.000370299 0.000577387 0.000858469 0.0012235 0.00168266 0.00225048 0.00294998 0.00381364 0.00487901 0.00618022 0.0077404 0.00956998 0.0116719 0.0140485 0.0167022 0.0196277 0.0228002 0.0261674 0.0296528 0.0331659 0.0366144 0.0399103 0.0429688 0.0457044 0.0480275 0.049847 0.0510776 0.0516484 0.0515109 0.0506424 0.0490452 0.0467443 0.0437826 0.0402181 0.036121 0.0315723 0.0266616 0.021485 0.0161416 0.0107301 0.00534553 7.5326e-05 -0.00500267 -0.00982205 -0.0143286 -0.0184805 -0.0222478 -0.0256117 -0.0285637 -0.0311043 -0.0332422 -0.0349924 -0.0363757 -0.0374168 -0.0381437 -0.0385859 -0.0387742 -0.0387392 -0.0385108 -0.0381179 -0.0375874 -0.0369446 -0.0362123 -0.0354115 -0.0345607 -0.0336763 -0.0327725 -0.0318616 -0.030954 -0.0300585 -0.0291823 -0.0283311 -0.0275097 -0.0267215 -0.0259693 -0.0252548 -0.0245792 -0.0239433 -0.0233472 -0.0227909 -0.022274 -0.0217958 -0.0213557 -0.0209528 -0.0205863 -0.0202553 -0.0199588 -0.0196961 -0.0194663 -0.0192687 -0.0191026 -0.0189676 -0.018863 -0.0187886 -0.0187441 -0.0187293 -0.0187441 -0.0187886 -0.018863 -0.0189676 -0.0191026 -0.0192687 -0.0194663 -0.0196961 -0.0199588 -0.0202553 -0.0205863 -0.0209528 -0.0213557 -0.0217958 -0.022274 -0.0227909 -0.0233472 -0.0239433 -0.0245792 -0.0252548 -0.0259693 -0.0267215 -0.0275097 -0.0283311 -0.0291823 -0.0300585 -0.030954 -0.0318616 -0.0327725 -0.0336763 -0.0345607 -0.0354115 -0.0362123 -0.0369446 -0.0375874 -0.0381179 -0.0385108 -0.0387392 -0.0387742 -0.0385859 -0.0381437 -0.0374168 -0.0363757 -0.0349924 -0.0332422 -0.0311043 -0.0285637 -0.0256117 -0.0222478 -0.0184805 -0.0143286 -0.00982205 -0.00500267 7.5326e-05 0.00534553 0.0107301 0.0161416 0.021485 0.0266616 0.0315723 0.036121 0.0402181 0.0437826 0.0467443 0.0490452 0.0506424 0.0515109 0.0516484 0.0510776 0.049847 0.0480275 0.0457044 0.0429688 0.0399103 0.0366144 0.0331659 0.0296528 0.0261674 0.0228002 0.0196277 0.0167022 0.0140485 0.0116719 0.00956998 0.0077404 0.00618022 0.00487901 0.00381364 0.00294998 0.00225048 0.00168266 0.0012235 0.00085847 0.000577409 0.000370405 0.000225798 0.000130461 7.14023e-05 3.75141e-05 
0 5.2802e-05 0.000121365 0.000221795 0.000370299 0.000582243 0.000871134 0.00124882 0.00172801 0.00232696 0.00307388 0.00400753 0.00517151 0.00660404 0.00832938 0.0103571 0.0126897 0.0153324 0.0182941 0.0215781 0.0251669 0.0290132 0.0330422 0.037162 0.0412739 0.0452774 0.0490696 0.0525435 0.0555902 0.0581041 0.0599907 0.0611725 0.0615923 0.0612135 0.0600197 0.0580144 0.0552218 0.0516872 0.0474768 0.0426752 0.0373813 0.0317025 0.0257493 0.0196304 0.0134497 0.00730347 0.00127965 -0.00454292 -0.010095 -0.0153178 -0.0201632 -0.0245948 -0.0285881 -0.0321297 -0.0352176 -0.0378588 -0.0400687 -0.041869 -0.0432859 -0.0443488 -0.0450889 -0.0455379 -0.0457274 -0.0456884 -0.0454505 -0.0450423 -0.0444901 -0.0438189 -0.0430517 -0.0422094 -0.0413109 -0.0403734 -0.0394118 -0.0384393 -0.0374672 -0.036505 -0.035561 -0.0346415 -0.033752 -0.0328967 -0.0320788 -0.0313005 -0.0305637 -0.0298693 -0.0292179 -0.0286098 -0.0280449 -0.0275229 -0.0270432 -0.0266053 -0.0262085 -0.0258522 -0.0255356 -0.025258 -0.0250189 -0.0248176 -0.0246536 -0.0245265 -0.024436 -0.0243818 -0.0243637 -0.0243818 -0.024436 -0.0245265 -0.0246536 -0.0248176 -0.0250189 -0.025258 -0.0255356 -0.0258522 -0.0262085 -0.0266053 -0.0270432 -0.0275229 -0.0280449 -0.0286098 -0.0292179 -0.0298693 -0.0305637 -0.0313005 -0.0320788 -0.0328967 -0.033752 -0.0346415 -0.035561 -0.036505 -0.0374672 -0.0384393 -0.0394118 -0.0403734 -0.0413109 -0.0422094 -0.0430517 -0.0438189 -0.0444901 -0.0450423 -0.0454505 -0.0456884 -0.0457274 -0.0455379 -0.0450889 -0.0443488 -0.0432859 -0.041869 -0.0400687 -0.0378588 -0.0352176 -0.0321297 -0.0285881 -0.0245948 -0.0201632 -0.0153178 -0.010095 -0.00454292 0.00127965 0.00730347 0.0134497 0.0196304 0.0257493 0.0317025 0.0373813 0.0426752 0.0474768 0.0516872 0.0552218 0.0580144 0.0600197 0.0612135 0.0615923 0.0611725 0.0599907 0.0581041 0.0555902 0.0525435 0.0490696 0.0452774 0.0412739 0.037162 0.0330422 0.0290132 0.0251669 0.0215781 0.0182941 0.0153324 0.0126897 0.0103571 0.00832938 0.00660404 0.00517151 0.00400753 0.00307388 0.00232696 0.00172802 0.00124884 0.00087124 0.000582627 0.0003715 0.000225172 0.000130069 7.35568e-05 
0 9.16875e-05 0.000204995 0.000360647 0.000577387 0.000871134 0.00125551 0.00174487 0.00235965 0.00313143 0.00410368 0.00532543 0.0068399 0.00867488 0.0108422 0.0133464 0.0161952 0.0193998 0.0229637 0.0268675 0.0310628 0.0354776 0.040028 0.0446241 0.0491683 0.0535502 0.057646 0.0613258 0.0644659 0.06696 0.0687248 0.0696997 0.0698436 0.0691318 0.0675562 0.0651271 0.0618767 0.0578597 0.0531526 0.0478487 0.0420531 0.0358764 0.0294298 0.0228214 0.0161538 0.00952302 0.0030167 -0.00328626 -0.00931686 -0.0150168 -0.020339 -0.0252479 -0.029719 -0.0337385 -0.0373021 -0.040414 -0.0430853 -0.045333 -0.0471789 -0.0486478 -0.0497677 -0.0505675 -0.0510776 -0.0513283 -0.0513493 -0.0511698 -0.0508176 -0.0503189 -0.049698 -0.0489776 -0.0481782 -0.0473182 -0.0464142 -0.0454808 -0.044531 -0.0435758 -0.0426249 -0.0416865 -0.0407675 -0.0398737 -0.0390099 -0.03818 -0.0373871 -0.0366335 -0.035921 -0.0352512 -0.0346247 -0.0340423 -0.0335043 -0.0330107 -0.0325615 -0.0321565 -0.0317954 -0.0314778 -0.0312035 -0.0309721 -0.0307833 -0.0306367 -0.0305322 -0.0304696 -0.0304487 -0.0304696 -0.0305322 -0.0306367 -0.0307833 -0.0309721 -0.0312035 -0.0314778 -0.0317954 -0.0321565 -0.0325615 -0.0330107 -0.0335043 -0.0340423 -0.0346247 -0.0352512 -0.035921 -0.0366335 -0.0373871 -0.03818 -0.0390099 -0.0398737 -0.0407675 -0.0416865 -0.0426249 -0.0435758 -0.044531 -0.0454808 -0.0464142 -0.0473182 -0.0481782 -0.0489776 -0.049698 -0.0503189 -0.0508176 -0.0511698 -0.0513493 -0.0513283 -0.0510776 -0.0505675 -0.0497677 -0.0486478 -0.0471789 -0.045333 -0.0430853 -0.040414 -0.0373021 -0.0337385 -0.029719 -0.0252479 -0.020339 -0.0150168 -0.00931686 -0.00328626 0.0030167 0.00952302 0.0161538 0.0228214 0.0294298 0.0358764 0.0420531 0.0478487 0.0531526 0.0578597 0.0618767 0.0651271 0.0675562 0.0691318 0.0698436 0.0696997 0.0687248 0.06696 0.0644659 0.0613258 0.057646 0.0535502 0.0491683 0.0446241 0.040028 0.0354776 0.0310628 0.0268675 0.0229637 0.0193998 0.0161952 0.0133464 0.0108422 0.00867488 0.0068399 0.00532543 0.00410367 0.00313143 0.00235967 0.00174497 0.00125588 0.000872299 0.000580672 0.000369146 0.000225362 0.000137114 
0 0.000150537 0.000328074 0.000557195 0.000858469 0.00124882 0.00174487 0.00236894 0.00315489 0.00414937 0.00540529 0.00696969 0.0088736 0.0111319 0.0137532 0.0167503 0.0201386 0.023922 0.0280759 0.0325448 0.037253 0.0421193 0.0470609 0.051986 0.0567856 0.0613322 0.0654901 0.069129 0.0721357 0.0744185 0.0759066 0.0765483 0.0763107 0.0751806 0.0731672 0.0703022 0.0666385 0.0622458 0.0572067 0.0516123 0.0455596 0.0391489 0.0324823 0.0256616 0.0187858 0.0119483 0.0052342 -0.00128159 -0.00753566 -0.0134763 -0.0190629 -0.0242649 -0.0290609 -0.0334369 -0.037386 -0.0409074 -0.0440059 -0.0466914 -0.0489786 -0.050886 -0.0524356 -0.0536522 -0.0545621 -0.0551929 -0.0555725 -0.0557284 -0.0556873 -0.0554746 -0.0551145 -0.0546293 -0.0540398 -0.0533649 -0.0526219 -0.0518264 -0.0509925 -0.0501326 -0.049258 -0.0483785 -0.0475028 -0.0466383 -0.0457916 -0.0449682 -0.0441728 -0.0434094 -0.0426811 -0.0419907 -0.0413402 -0.0407313 -0.0401654 -0.0396433 -0.0391658 -0.0387334 -0.0383463 -0.0380048 -0.0377089 -0.0374586 -0.037254 -0.0370949 -0.0369813 -0.0369132 -0.0368905 -0.0369132 -0.0369813 -0.0370949 -0.037254 -0.0374586 -0.0377089 -0.0380048 -0.0383463 -0.0387334 -0.0391658 -0.0396433 -0.0401654 -0.0407313 -0.0413402 -0.0419907 -0.0426811 -0.0434094 -0.0441728 -0.0449682 -0.0457916 -0.0466383 -0.0475028 -0.0483785 -0.049258 -0.0501326 -0.0509925 -0.0518264 -0.0526219 -0.0533649 -0.0540398 -0.0546293 -0.0551145 -0.0554746 -0.0556873 -0.0557284 -0.0555725 -0.0551929 -0.0545621 -0.0536522 -0.0524356 -0.050886 -0.0489786 -0.0466914 -0.0440059 -0.0409074 -0.037386 -0.0334369 -0.0290609 -0.0242649 -0.0190629 -0.0134763 -0.00753566 -0.00128159 0.0052342 0.0119483 0.0187858 0.0256616 0.0324823 0.0391489 0.0455596 0.0516123 0.0572067 0.0622458 0.0666385 0.0703022 0.0731672 0.0751806 0.0763107 0.0765483 0.0759066 0.0744185 0.0721357 0.069129 0.0654901 0.0613322 0.0567856 0.051986 0.0470609 0.0421193 0.037253 0.0325448 0.0280759 0.023922 0.0201386 0.0167503 0.0137532 0.0111319 0.0088736 0.00696969 0.0054053 0.0041494 0.00315499 0.00236929 0.00174598 0.00125196 0.000866643 0.000576895 0.000372281 0.00024318 
0 0.000233902 0.000498371 0.000820637 0.0012235 0.00172801 0.00235965 0.00315489 0.00416317 0.0054405 0.00703685 0.00898555 0.0113036 0.0140029 0.0171014 0.0206201 0.0245649 0.0289088 0.0335905 0.0385299 0.043645 0.0488531 0.0540605 0.0591537 0.0640033 0.0684767 0.0724514 0.0758208 0.0784943 0.0803946 0.0814589 0.0816433 0.0809285 0.0793227 0.0768606 0.0735973 0.0696023 0.0649526 0.05973 0.0540196 0.0479091 0.0414891 0.0348514 0.0280867 0.0212817 0.014517 0.00786435 0.00138644 -0.00486372 -0.0108421 -0.0165127 -0.0218473 -0.026824 -0.0314273 -0.0356476 -0.0394806 -0.0429272 -0.0459928 -0.0486869 -0.0510226 -0.053016 -0.0546852 -0.0560502 -0.0571322 -0.0579532 -0.0585355 -0.0589015 -0.0590733 -0.0590725 -0.0589199 -0.0586356 -0.0582386 -0.0577466 -0.0571762 -0.0565428 -0.0558603 -0.0551415 -0.0543978 -0.0536395 -0.0528758 -0.0521146 -0.051363 -0.0506272 -0.0499123 -0.049223 -0.048563 -0.0479358 -0.0473439 -0.0467897 -0.0462752 -0.0458017 -0.0453706 -0.0449829 -0.0446393 -0.0443406 -0.0440871 -0.0438794 -0.0437175 -0.0436017 -0.0435322 -0.0435091 -0.0435322 -0.0436017 -0.0437175 -0.0438794 -0.0440871 -0.0443406 -0.0446393 -0.0449829 -0.0453706 -0.0458017 -0.0462752 -0.0467897 -0.0473439 -0.0479358 -0.048563 -0.049223 -0.0499123 -0.0506272 -0.051363 -0.0521146 -0.0528758 -0.0536395 -0.0543978 -0.0551415 -0.0558603 -0.0565428 -0.0571762 -0.0577466 -0.0582386 -0.0586356 -0.0589199 -0.0590725 -0.0590733 -0.0589015 -0.0585355 -0.0579532 -0.0571322 -0.0560502 -0.0546852 -0.053016 -0.0510226 -0.0486869 -0.0459928 -0.0429272 -0.0394806 -0.0356476 -0.0314273 -0.026824 -0.0218473 -0.0165127 -0.0108421 -0.00486372 0.00138644 0.00786435 0.014517 0.0212817 0.0280867 0.0348514 0.0414891 0.0479091 0.0540196 0.05973 0.0649526 0.0696023 0.0735973 0.0768606 0.0793227 0.0809285 0.0816433 0.0814589 0.0803946 0.0784943 0.0758208 0.0724514 0.0684767 0.0640033 0.0591537 0.0540605 0.0488531 0.043645 0.0385299 0.0335905 0.0289088 0.0245649 0.0206201 0.0171014 0.0140029 0.0113036 0.00898555 0.00703687 0.00544059 0.0041635 0.00315594 0.00236261 0.00173576 0.00124228 0.000863069 0.000587917 0.000410738 
0 0.000344635 0.000720793 0.00115761 0.00168266 0.00232696 0.00313143 0.00414937 0.0054405 0.00705798 0.00903734 0.011397 0.0141509 0.0173207 0.0209316 0.024992 0.0294736 0.0343119 0.0394257 0.0447338 0.0501526 0.0555816 0.0608968 0.0659614 0.0706439 0.0748299 0.0784229 0.0813392 0.083504 0.0848543 0.0853463 0.0849615 0.0837094 0.0816239 0.0787571 0.0751733 0.0709444 0.0661482 0.0608662 0.0551827 0.0491826 0.0429482 0.0365573 0.0300814 0.023585 0.0171262 0.0107572 0.00452533 -0.00152687 -0.00736157 -0.012946 -0.0182528 -0.0232605 -0.0279533 -0.0323206 -0.0363567 -0.0400602 -0.0434327 -0.0464789 -0.0492054 -0.0516212 -0.0537367 -0.055564 -0.0571168 -0.0584099 -0.0594595 -0.0602827 -0.0608973 -0.0613214 -0.0615734 -0.0616714 -0.0616333 -0.0614761 -0.0612163 -0.0608692 -0.0604494 -0.0599701 -0.0594438 -0.0588816 -0.0582938 -0.0576897 -0.0570774 -0.0564645 -0.0558575 -0.0552622 -0.0546838 -0.0541267 -0.0535949 -0.0530918 -0.0526203 -0.0521829 -0.0517818 -0.0514188 -0.0510953 -0.0508128 -0.0505721 -0.0503741 -0.0502195 -0.0501087 -0.0500421 -0.0500199 -0.0500421 -0.0501087 -0.0502195 -0.0503741 -0.0505721 -0.0508128 -0.0510953 -0.0514188 -0.0517818 -0.0521829 -0.0526203 -0.0530918 -0.0535949 -0.0541267 -0.0546838 -0.0552622 -0.0558575 -0.0564645 -0.0570774 -0.0576897 -0.0582938 -0.0588816 -0.0594438 -0.0599701 -0.0604494 -0.0608692 -0.0612163 -0.0614761 -0.0616333 -0.0616714 -0.0615734 -0.0613214 -0.0608973 -0.0602827 -0.0594595 -0.0584099 -0.0571168 -0.055564 -0.0537367 -0.0516212 -0.0492054 -0.0464789 -0.0434327 -0.0400602 -0.0363567 -0.0323206 -0.0279533 -0.0232605 -0.0182528 -0.012946 -0.00736157 -0.00152687 0.00452533 0.0107572 0.0171262 0.023585 0.0300814 0.0365573 0.0429482 0.0491826 0.0551827 0.0608662 0.0661482 0.0709444 0.0751733 0.0787571 0.0816239 0.0837094 0.0849615 0.0853463 0.0848543 0.083504 0.0813392 0.0784229 0.0748299 0.0706439 0.0659614 0.0608968 0.0555816 0.0501526 0.0447338 0.0394257 0.0343119 0.0294736 0.024992 0.0209316 0.0173207 0.0141509 0.011397 0.00903743 0.00705828 0.00544146 0.00415212 0.00313865 0.00234461 0.00172283 0.00124304 0.000890811 0.000661714 
0 0.000483359 0.000997382 0.00157407 0.00225048 0.00307388 0.00410368 0.00540529 0.00703685 0.00903734 0.011427 0.0142213 0.0174439 0.0211233 0.0252694 0.0298525 0.0348055 0.0400471 0.0454986 0.0510768 0.056675 0.0621585 0.0673824 0.0722144 0.0765438 0.0802772 0.0833321 0.0856363 0.0871334 0.0877913 0.0876053 0.086595 0.0847978 0.0822627 0.0790473 0.075217 0.0708451 0.0660113 0.0607986 0.0552885 0.0495566 0.0436701 0.0376871 0.0316575 0.0256247 0.0196279 0.0137031 0.00788394 0.00220113 -0.00331747 -0.00864743 -0.0137679 -0.0186615 -0.023314 -0.0277142 -0.0318531 -0.0357243 -0.0393233 -0.0426476 -0.045697 -0.0484733 -0.0509805 -0.0532246 -0.0552134 -0.0569564 -0.0584647 -0.0597505 -0.0608268 -0.0617077 -0.0624073 -0.0629404 -0.0633214 -0.063565 -0.0636855 -0.0636968 -0.0636124 -0.0634452 -0.0632074 -0.0629107 -0.0625658 -0.0621829 -0.0617713 -0.0613396 -0.0608955 -0.0604462 -0.0599981 -0.0595569 -0.0591277 -0.0587149 -0.0583227 -0.0579545 -0.0576133 -0.0573017 -0.0570219 -0.056776 -0.0565653 -0.0563913 -0.056255 -0.056157 -0.056098 -0.0560783 -0.056098 -0.056157 -0.056255 -0.0563913 -0.0565653 -0.056776 -0.0570219 -0.0573017 -0.0576133 -0.0579545 -0.0583227 -0.0587149 -0.0591277 -0.0595569 -0.0599981 -0.0604462 -0.0608955 -0.0613396 -0.0617713 -0.0621829 -0.0625658 -0.0629107 -0.0632074 -0.0634452 -0.0636124 -0.0636968 -0.0636855 -0.063565 -0.0633214 -0.0629404 -0.0624073 -0.0617077 -0.0608268 -0.0597505 -0.0584647 -0.0569564 -0.0552134 -0.0532246 -0.0509805 -0.0484733 -0.045697 -0.0426476 -0.0393233 -0.0357243 -0.0318531 -0.0277142 -0.023314 -0.0186615 -0.0137679 -0.00864743 -0.00331747 0.00220113 0.00788394 0.0137031 0.0196279 0.0256247 0.0316575 0.0376871 0.0436701 0.0495566 0.0552885 0.0607986 0.0660113 0.0708451 0.075217 0.0790473 0.0822627 0.0847978 0.086595 0.0876053 0.0877913 0.0871334 0.0856363 0.0833321 0.0802772 0.0765438 0.0722144 0.0673824 0.0621585 0.056675 0.0510768 0.0454986 0.0400471 0.0348055 0.0298525 0.0252694 0.0211233 0.0174439 0.0142214 0.0114273 0.00903822 0.00703936 0.00541193 0.00412002 0.00311139 0.00233093 0.00173554 0.00130103 0.00101927 
0 0.000649313 0.00132967 0.00207939 0.00294998 0.00400753 0.00532543 0.00696969 0.00898555 0.011397 0.0142213 0.0174841 0.0212161 0.0254288 0.030091 0.035133 0.0404722 0.0460321 0.0517296 0.0574524 0.0630568 0.0683932 0.0733307 0.0777607 0.0815876 0.0847235 0.0870939 0.0886487 0.0893692 0.0892671 0.0883758 0.0867413 0.084417 0.0814627 0.0779453 0.073939 0.0695222 0.064773 0.0597646 0.0545624 0.0492224 0.0437926 0.0383138 0.0328214 0.0273459 0.0219135 0.0165464 0.0112628 0.00607829 0.00100623 -0.00394082 -0.00875041 -0.0134097 -0.0179056 -0.0222247 -0.0263543 -0.0302829 -0.0340006 -0.0374995 -0.0407743 -0.0438217 -0.0466406 -0.0492321 -0.0515987 -0.0537448 -0.0556759 -0.0573988 -0.0589213 -0.0602521 -0.0614009 -0.062378 -0.0631943 -0.0638613 -0.0643905 -0.064794 -0.0650835 -0.0652711 -0.065368 -0.0653857 -0.0653349 -0.0652258 -0.065068 -0.0648708 -0.0646424 -0.0643908 -0.064123 -0.0638456 -0.0635645 -0.063285 -0.063012 -0.0627498 -0.062502 -0.062272 -0.0620628 -0.0618766 -0.0617158 -0.0615818 -0.0614763 -0.0614001 -0.0613541 -0.0613388 -0.0613541 -0.0614001 -0.0614763 -0.0615818 -0.0617158 -0.0618766 -0.0620628 -0.062272 -0.062502 -0.0627498 -0.063012 -0.063285 -0.0635645 -0.0638456 -0.064123 -0.0643908 -0.0646424 -0.0648708 -0.065068 -0.0652258 -0.0653349 -0.0653857 -0.065368 -0.0652711 -0.0650835 -0.064794 -0.0643905 -0.0638613 -0.0631943 -0.062378 -0.0614009 -0.0602521 -0.0589213 -0.0573988 -0.0556759 -0.0537448 -0.0515987 -0.0492321 -0.0466406 -0.0438217 -0.0407743 -0.0374995 -0.0340006 -0.0302829 -0.0263543 -0.0222247 -0.0179056 -0.0134097 -0.00875041 -0.00394082 0.00100623 0.00607829 0.0112628 0.0165464 0.0219135 0.0273459 0.0328214 0.0383138 0.0437926 0.0492224 0.0545624 0.0597646 0.064773 0.0695222 0.073939 0.0779453 0.0814627 0.084417 0.0867413 0.0883758 0.0892671 0.0893692 0.0886487 0.0870939 0.0847235 0.0815876 0.0777607 0.0733307 0.0683932 0.0630568 0.0574524 0.0517296 0.0460321 0.0404722 0.035133 0.0300911 0.0254288 0.0212162 0.0174843 0.0142221 0.0113993 0.00899156 0.00698461 0.00535998 0.0040823 0.00310143 0.00236683 0.00184152 0.00150635 
0 0.000842923 0.00172324 0.00269083 0.00381364 0.00517151 0.0068399 0.0088736 0.0113036 0.0141509 0.0174439 0.0212161 0.0254811 0.0302077 0.035323 0.0407429 0.0463909 0.0521832 0.0580013 0.0636935 0.0691069 0.0741141 0.0786093 0.0824927 0.0856691 0.0880622 0.0896277 0.0903575 0.0902738 0.0894184 0.0878439 0.0856117 0.0827929 0.0794667 0.0757169 0.0716258 0.0672683 0.0627085 0.0580006 0.0531896 0.0483139 0.043407 0.0384973 0.0336077 0.0287551 0.0239509 0.0192018 0.0145119 0.0098839 0.0053215 0.00083002 -0.00358311 -0.00790841 -0.0121349 -0.0162509 -0.0202442 -0.0241031 -0.0278166 -0.0313745 -0.0347676 -0.0379881 -0.0410293 -0.0438863 -0.0465553 -0.0490345 -0.0513234 -0.0534235 -0.0553376 -0.05707 -0.0586265 -0.0600139 -0.06124 -0.0623134 -0.0632433 -0.0640393 -0.0647113 -0.0652694 -0.0657234 -0.0660833 -0.0663588 -0.0665593 -0.0666939 -0.0667712 -0.0667995 -0.0667866 -0.0667397 -0.0666657 -0.0665709 -0.066461 -0.0663414 -0.0662169 -0.0660917 -0.0659698 -0.0658545 -0.0657487 -0.0656551 -0.0655756 -0.0655121 -0.0654658 -0.0654376 -0.0654281 -0.0654376 -0.0654658 -0.0655121 -0.0655756 -0.0656551 -0.0657487 -0.0658545 -0.0659698 -0.0660917 -0.0662169 -0.0663414 -0.066461 -0.0665709 -0.0666657 -0.0667397 -0.0667866 -0.0667995 -0.0667712 -0.0666939 -0.0665593 -0.0663588 -0.0660833 -0.0657234 -0.0652694 -0.0647113 -0.0640393 -0.0632433 -0.0623134 -0.06124 -0.0600139 -0.0586265 -0.05707 -0.0553376 -0.0534235 -0.0513234 -0.0490345 -0.0465553 -0.0438863 -0.0410293 -0.0379881 -0.0347676 -0.0313745 -0.0278166 -0.0241031 -0.0202442 -0.0162509 -0.0121349 -0.00790841 -0.00358311 0.00083002 0.0053215 0.0098839 0.0145119 0.0192018 0.0239509 0.0287551 0.0336077 0.0384973 0.043407 0.0483139 0.0531896 0.0580006 0.0627085 0.0672683 0.0716258 0.0757169 0.0794667 0.0827929 0.0856117 0.0878439 0.0894184 0.0902738 0.0903575 0.0896277 0.0880622 0.0856691 0.0824927 0.0786093 0.0741141 0.0691069 0.0636935 0.0580013 0.0521832 0.0463909 0.0407429 0.035323 0.0302077 0.0254813 0.0212168 0.0174459 0.0141563 0.011317 0.00890497 0.00690847 0.0053118 0.00408257 0.00317441 0.00254058 0.00214566 
0 0.00106935 0.0021924 0.00343553 0.00487901 0.00660404 0.00867488 0.0111319 0.0140029 0.0173207 0.0211233 0.0254288 0.0302077 0.0353857 0.0408759 0.0466007 0.0524747 0.0583735 0.064137 0.0696088 0.0746647 0.0792007 0.0831117 0.0862958 0.0886781 0.0902233 0.0909322 0.090832 0.0899665 0.088391 0.0861748 0.0834023 0.0801674 0.0765656 0.0726854 0.0686027 0.0643795 0.0600661 0.0557037 0.0513257 0.0469586 0.0426212 0.0383246 0.0340736 0.0298677 0.0257036 0.0215772 0.0174852 0.0134257 0.0093987 0.00540556 0.00144918 -0.00246626 -0.00633537 -0.0101512 -0.0139055 -0.0175883 -0.0211886 -0.0246945 -0.0280939 -0.0313747 -0.0345257 -0.0375371 -0.0404006 -0.0431095 -0.0456592 -0.048047 -0.0502718 -0.0523341 -0.054236 -0.0559807 -0.0575725 -0.0590166 -0.060319 -0.0614864 -0.0625259 -0.063445 -0.0642515 -0.0649535 -0.0655591 -0.0660763 -0.0665131 -0.0668775 -0.067177 -0.0674191 -0.0676107 -0.0677586 -0.0678691 -0.0679481 -0.0680009 -0.0680326 -0.0680478 -0.0680505 -0.0680444 -0.0680328 -0.0680183 -0.0680033 -0.0679897 -0.0679789 -0.067972 -0.0679697 -0.067972 -0.0679789 -0.0679897 -0.0680033 -0.0680183 -0.0680328 -0.0680444 -0.0680505 -0.0680478 -0.0680326 -0.0680009 -0.0679481 -0.0678691 -0.0677586 -0.0676107 -0.0674191 -0.067177 -0.0668775 -0.0665131 -0.0660763 -0.0655591 -0.0649535 -0.0642515 -0.063445 -0.0625259 -0.0614864 -0.060319 -0.0590166 -0.0575725 -0.0559807 -0.054236 -0.0523341 -0.0502718 -0.048047 -0.0456592 -0.0431095 -0.0404006 -0.0375371 -0.0345257 -0.0313747 -0.0280939 -0.0246945 -0.0211886 -0.0175883 -0.0139055 -0.0101512 -0.00633537 -0.00246626 0.00144918 0.00540556 0.0093987 0.0134257 0.0174852 0.0215772 0.0257036 0.0298677 0.0340736 0.0383246 0.0426212 0.0469586 0.0513257 0.0557037 0.0600661 0.0643795 0.0686027 0.0726854 0.0765656 0.0801674 0.0834023 0.0861748 0.088391 0.0899665 0.090832 0.0909322 0.0902233 0.0886781 0.0862958 0.0831117 0.0792007 0.0746647 0.0696088 0.064137 0.0583735 0.0524747 0.0466007 0.0408759 0.0353858 0.0302082 0.0254305 0.021128 0.0173326 0.014031 0.0111939 0.0088032 0.00685267 0.00533086 0.00420713 0.00343421 0.00296221 
0 0.00134102 0.00276205 0.0043474 0.00618022 0.00832938 0.0108422 0.0137532 0.0171014 0.0209316 0.0252694 0.030091 0.035323 0.0408759 0.04667 0.0526184 0.0585919 0.064422 0.0699479 0.0750467 0.0796143 0.0835384 0.0867109 0.0890608 0.0905644 0.0912302 0.0910866 0.0901777 0.088563 0.0863203 0.0835461 0.0803452 0.0768188 0.0730582 0.069142 0.0651356 0.0610947 0.0570648 0.0530802 0.0491632 0.0453239 0.0415622 0.0378707 0.0342383 0.0306531 0.0271043 0.0235829 0.020081 0.0165924 0.0131118 0.00963485 0.00615911 0.00268392 -0.000788697 -0.00425409 -0.00770517 -0.0111325 -0.0145253 -0.0178714 -0.0211586 -0.0243746 -0.0275076 -0.0305466 -0.0334817 -0.036304 -0.0390059 -0.041581 -0.0440243 -0.0463322 -0.0485023 -0.0505336 -0.0524263 -0.0541819 -0.0558027 -0.0572924 -0.0586552 -0.0598962 -0.0610211 -0.0620359 -0.062947 -0.0637612 -0.0644851 -0.0651254 -0.0656891 -0.0661824 -0.0666119 -0.0669837 -0.0673035 -0.067577 -0.0678092 -0.0680049 -0.0681686 -0.0683043 -0.0684155 -0.0685055 -0.0685769 -0.0686322 -0.0686731 -0.0687014 -0.0687179 -0.0687233 -0.0687179 -0.0687014 -0.0686731 -0.0686322 -0.0685769 -0.0685055 -0.0684155 -0.0683043 -0.0681686 -0.0680049 -0.0678092 -0.067577 -0.0673035 -0.0669837 -0.0666119 -0.0661824 -0.0656891 -0.0651254 -0.0644851 -0.0637612 -0.062947 -0.0620359 -0.0610211 -0.0598962 -0.0586552 -0.0572924 -0.0558027 -0.0541819 -0.0524263 -0.0505336 -0.0485023 -0.0463322 -0.0440243 -0.041581 -0.0390059 -0.036304 -0.0334817 -0.0305466 -0.0275076 -0.0243746 -0.0211586 -0.0178714 -0.0145253 -0.0111325 -0.00770517 -0.00425409 -0.000788697 0.00268392 0.00615911 0.00963485 0.0131118 0.0165924 0.020081 0.0235829 0.0271043 0.0306531 0.0342383 0.0378707 0.0415622 0.0453239 0.0491632 0.0530802 0.0570648 0.0610947 0.0651356 0.069142 0.0730582 0.0768188 0.0803452 0.0835461 0.0863203 0.088563 0.0901777 0.0910866 0.0912302 0.0905644 0.0890608 0.0867109 0.0835384 0.0796143 0.0750467 0.0699479 0.064422 0.0585919 0.0526185 0.0466701 0.0408764 0.0353245 0.0300951 0.0252798 0.0209564 0.0171568 0.0138691 0.0110693 0.00874686 0.00690112 0.00551996 0.00456679 0.00398799 
0 0.00167686 0.00346384 0.00545958 0.0077404 0.0103571 0.0133464 0.0167503 0.0206201 0.024992 0.0298525 0.035133 0.0407429 0.0466007 0.0526184 0.0586641 0.0645624 0.0701463 0.0752918 0.0798934 0.0838308 0.0869889 0.0893014 0.0907561 0.0913665 0.0911591 0.0901796 0.0884964 0.0861987 0.0833934 0.0801917 0.0766952 0.0729944 0.0691709 0.0652966 0.0614336 0.0576335 0.0539322 0.0503494 0.046891 0.0435515 0.0403186 0.0371773 0.0341107 0.031102 0.0281347 0.0251919 0.0222582 0.0193199 0.0163655 0.0133873 0.0103809 0.00734546 0.00428334 0.00119893 -0.00190134 -0.00500982 -0.00811815 -0.011217 -0.0142966 -0.0173469 -0.020357 -0.0233163 -0.0262139 -0.0290394 -0.0317828 -0.0344348 -0.0369875 -0.039434 -0.0417687 -0.0439873 -0.046087 -0.0480663 -0.0499248 -0.0516632 -0.0532832 -0.0547873 -0.0561787 -0.0574612 -0.0586392 -0.0597172 -0.0607003 -0.0615934 -0.0624019 -0.063131 -0.0637858 -0.0643715 -0.0648932 -0.0653554 -0.0657629 -0.0661198 -0.0664302 -0.0666978 -0.0669259 -0.0671174 -0.067275 -0.0674009 -0.0674969 -0.0675645 -0.0676046 -0.0676179 -0.0676046 -0.0675645 -0.0674969 -0.0674009 -0.067275 -0.0671174 -0.0669259 -0.0666978 -0.0664302 -0.0661198 -0.0657629 -0.0653554 -0.0648932 -0.0643715 -0.0637858 -0.063131 -0.0624019 -0.0615934 -0.0607003 -0.0597172 -0.0586392 -0.0574612 -0.0561787 -0.0547873 -0.0532832 -0.0516632 -0.0499248 -0.0480663 -0.046087 -0.0439873 -0.0417687 -0.039434 -0.0369875 -0.0344348 -0.0317828 -0.0290394 -0.0262139 -0.0233163 -0.020357 -0.0173469 -0.0142966 -0.011217 -0.00811815 -0.00500982 -0.00190134 0.00119893 0.00428334 0.00734546 0.0103809 0.0133873 0.0163655 0.0193199 0.0222582 0.0251919 0.0281347 0.031102 0.0341107 0.0371773 0.0403186 0.0435515 0.046891 0.0503494 0.0539322 0.0576335 0.0614336 0.0652966 0.0691709 0.0729944 0.0766952 0.0801917 0.0833934 0.0861987 0.0884964 0.0901796 0.0911591 0.0913665 0.0907561 0.0893014 0.0869889 0.0838308 0.0798934 0.0752919 0.0701463 0.0645624 0.0586642 0.0526188 0.0466019 0.0407464 0.0351419 0.0298741 0.0250408 0.0207234 0.0169552 0.0137277 0.0110234 0.00883683 0.0071652 0.00598887 0.0052669 
0 0.00209721 0.00432736 0.00679601 0.00956998 0.0126897 0.0161952 0.0201386 0.0245649 0.0294736 0.0348055 0.0404722 0.0463909 0.0524747 0.0585919 0.0645624 0.0702118 0.0754125 0.0800566 0.0840169 0.0871707 0.0894549 0.0908671 0.0914228 0.0911434 0.090078 0.0883085 0.0859371 0.0830777 0.0798449 0.0763404 0.0726551 0.068876 0.0650821 0.0613389 0.0576991 0.0541965 0.0508474 0.0476567 0.0446206 0.0417285 0.0389671 0.0363187 0.0337618 0.0312732 0.0288283 0.0264031 0.0239777 0.0215349 0.0190625 0.0165528 0.0140007 0.0114046 0.00876461 0.00608224 0.00336104 0.000605294 -0.00217882 -0.00498383 -0.00780131 -0.0106213 -0.0134335 -0.0162271 -0.0189912 -0.0217153 -0.0243889 -0.027003 -0.0295486 -0.0320181 -0.0344048 -0.0367026 -0.0389069 -0.0410137 -0.0430202 -0.0449241 -0.0467245 -0.0484211 -0.0500141 -0.051505 -0.0528953 -0.0541875 -0.0553843 -0.0564891 -0.057505 -0.058436 -0.0592858 -0.0600584 -0.0607576 -0.0613873 -0.0619513 -0.0624532 -0.0628963 -0.0632837 -0.0636185 -0.0639032 -0.0641401 -0.0643312 -0.0644782 -0.0645821 -0.0646442 -0.0646648 -0.0646442 -0.0645821 -0.0644782 -0.0643312 -0.0641401 -0.0639032 -0.0636185 -0.0632837 -0.0628963 -0.0624532 -0.0619513 -0.0613873 -0.0607576 -0.0600584 -0.0592858 -0.058436 -0.057505 -0.0564891 -0.0553843 -0.0541875 -0.0528953 -0.051505 -0.0500141 -0.0484211 -0.0467245 -0.0449241 -0.0430202 -0.0410137 -0.0389069 -0.0367026 -0.0344048 -0.0320181 -0.0295486 -0.027003 -0.0243889 -0.0217153 -0.0189912 -0.0162271 -0.0134335 -0.0106213 -0.00780131 -0.00498383 -0.00217882 0.000605294 0.00336104 0.00608224 0.00876461 0.0114046 0.0140007 0.0165528 0.0190625 0.0215349 0.0239777 0.0264031 0.0288283 0.0312732 0.0337618 0.0363187 0.0389671 0.0417285 0.0446206 0.0476567 0.0508474 0.0541965 0.0576991 0.0613389 0.0650821 0.068876 0.0726551 0.0763404 0.0798449 0.0830777 0.0859371 0.0883085 0.090078 0.0911434 0.0914228 0.0908671 0.0894549 0.0871707 0.0840169 0.0800566 0.0754125 0.070212 0.0645627 0.0585929 0.0524776 0.0463985 0.0404908 0.0348479 0.0295645 0.0247475 0.0204828 0.0168044 0.0137047 0.0111673 0.00918508 0.00775306 0.00685689 
0 0.00261603 0.00537004 0.00836692 0.0116719 0.0153324 0.0193998 0.023922 0.0289088 0.0343119 0.0400471 0.0460321 0.0521832 0.0583735 0.064422 0.0701463 0.0754125 0.0801105 0.0841081 0.0872749 0.0895483 0.0909331 0.0914449 0.0910983 0.0899464 0.0880877 0.0856362 0.0827073 0.0794174 0.0758718 0.0721659 0.0683948 0.0646446 0.0609804 0.0574499 0.0540842 0.0508963 0.0478919 0.0450715 0.0424271 0.039946 0.0376104 0.0353952 0.0332741 0.0312204 0.0292081 0.0272155 0.0252241 0.0232174 0.0211834 0.0191109 0.0169913 0.0148189 0.0125891 0.0103013 0.00795688 0.00555926 0.00311475 0.00063002 -0.00188634 -0.00442551 -0.00697867 -0.00953618 -0.0120894 -0.014629 -0.0171463 -0.0196327 -0.0220797 -0.0244796 -0.0268244 -0.0291073 -0.0313217 -0.033462 -0.0355232 -0.0375009 -0.0393922 -0.0411941 -0.0429054 -0.0445247 -0.046052 -0.0474876 -0.0488323 -0.0500876 -0.0512552 -0.0523373 -0.0533359 -0.054254 -0.0550937 -0.0558581 -0.0565495 -0.0571709 -0.0577244 -0.0582128 -0.058638 -0.0590022 -0.0593072 -0.0595546 -0.0597455 -0.0598812 -0.0599623 -0.0599893 -0.0599623 -0.0598812 -0.0597455 -0.0595546 -0.0593072 -0.0590022 -0.058638 -0.0582128 -0.0577244 -0.0571709 -0.0565495 -0.0558581 -0.0550937 -0.054254 -0.0533359 -0.0523373 -0.0512552 -0.0500876 -0.0488323 -0.0474876 -0.046052 -0.0445247 -0.0429054 -0.0411941 -0.0393922 -0.0375009 -0.0355232 -0.033462 -0.0313217 -0.0291073 -0.0268244 -0.0244796 -0.0220797 -0.0196327 -0.0171463 -0.014629 -0.0120894 -0.00953618 -0.00697867 -0.00442551 -0.00188634 0.00063002 0.00311475 0.00555926 0.00795688 0.0103013 0.0125891 0.0148189 0.0169913 0.0191109 0.0211834 0.0232174 0.0252241 0.0272155 0.0292081 0.0312204 0.0332741 0.0353952 0.0376104 0.039946 0.0424271 0.0450715 0.0478919 0.0508963 0.0540842 0.0574499 0.0609804 0.0646446 0.0683948 0.0721659 0.0758718 0.0794174 0.0827073 0.0856362 0.0880877 0.0899464 0.0910983 0.0914449 0.0909331 0.0895483 0.0872749 0.0841081 0.0801106 0.0754128 0.0701472 0.0644244 0.0583799 0.0521988 0.0460684 0.040126 0.0344726 0.0292158 0.0244728 0.0203296 0.0168141 0.0139132 0.0116111 0.00991034 0.0088268 
0 0.00323477 0.00659152 0.0101703 0.0140485 0.0182941 0.0229637 0.0280759 0.0335905 0.0394257 0.0454986 0.0517296 0.0580013 0.064137 0.0699479 0.0752918 0.0800566 0.0841081 0.087309 0.089593 0.0909692 0.0914535 0.0910538 0.0898266 0.0878878 0.0853606 0.0823564 0.0789923 0.0753836 0.0716333 0.0678436 0.0641062 0.0604831 0.0570158 0.0537352 0.0506555 0.047783 0.0451215 0.0426621 0.0403876 0.0382785 0.0363079 0.0344492 0.0326799 0.0309761 0.029318 0.0276877 0.0260656 0.0244354 0.0227816 0.0210895 0.0193497 0.0175539 0.0156975 0.0137799 0.0118007 0.00976333 0.00767114 0.00552854 0.00334176 0.00111593 -0.00114156 -0.00342374 -0.00572308 -0.00803079 -0.0103392 -0.012639 -0.0149223 -0.0171804 -0.0194053 -0.02159 -0.0237268 -0.0258103 -0.0278341 -0.0297936 -0.0316845 -0.0335029 -0.0352462 -0.0369113 -0.0384972 -0.0400018 -0.0414249 -0.0427656 -0.0440244 -0.0452013 -0.0462973 -0.0473133 -0.0482503 -0.0491099 -0.0498932 -0.0506021 -0.0512376 -0.0518018 -0.0522955 -0.0527207 -0.053078 -0.053369 -0.0535941 -0.0537546 -0.0538505 -0.0538826 -0.0538505 -0.0537546 -0.0535941 -0.053369 -0.053078 -0.0527207 -0.0522955 -0.0518018 -0.0512376 -0.0506021 -0.0498932 -0.0491099 -0.0482503 -0.0473133 -0.0462973 -0.0452013 -0.0440244 -0.0427656 -0.0414249 -0.0400018 -0.0384972 -0.0369113 -0.0352462 -0.0335029 -0.0316845 -0.0297936 -0.0278341 -0.0258103 -0.0237268 -0.02159 -0.0194053 -0.0171804 -0.0149223 -0.012639 -0.0103392 -0.00803079 -0.00572308 -0.00342374 -0.00114156 0.00111593 0.00334176 0.00552854 0.00767114 0.00976333 0.0118007 0.0137799 0.0156975 0.0175539 0.0193497 0.0210895 0.0227816 0.0244354 0.0260656 0.0276877 0.029318 0.0309761 0.0326799 0.0344492 0.0363079 0.0382785 0.0403876 0.0426621 0.0451215 0.047783 0.0506555 0.0537352 0.0570158 0.0604831 0.0641062 0.0678436 0.0716333 0.0753836 0.0789923 0.0823564 0.0853606 0.0878878 0.0898266 0.0910538 0.0914535 0.0909692 0.089593 0.0873091 0.0841083 0.0800573 0.0752938 0.0699532 0.0641501 0.058032 0.0517972 0.0456381 0.0396962 0.0340827 0.0289186 0.0243247 0.0203781 0.0170965 0.0144709 0.0125091 0.0112484 
