0 0 0 0 0 0 0 0 0 0 0 0 0 0 0 0 0 0 0 0 0 0 0 0 0 0 0 0 0 0 0 0 0 0 0 0 0 0 0 0 0 0 0 0 0 0 0 0 0 0 0 0 0 0 0 0 0 0 0 0 0 0 0 0 0 0 0 0 0 0 0 0 0 0 0 0 0 0 0 0 0 0 0 0 0 0 0 0 0 0 0 0 0 0 0 0 0 0 0 0 0 0 0 0 0 0 0 0 0 0 0 0 0 0 0 0 0 0 0 0 0 0 0 0 0 0 0 0 0 0 0 0 0 0 0 0 0 0 0 0 0 0 0 0 0 0 0 0 0 0 0 0 0 0 0 0 0 0 0 0 0 0 0 0 0 0 0 0 0 0 0 0 0 0 0 0 0 0 0 0 0 0 0 0 0 0 0 0 0 0 0 0 0 0 0 0 0 0 0 0 
0 0.000348615 0.000702076 0.00107353 0.00148681 0.0019702 0.00254412 0.00321089 0.00395471 0.00475382 0.00559615 0.00648457 0.00742536 0.00840792 0.00939352 0.0103239 0.0111432 0.0118149 0.0123217 0.0126518 0.012785 0.0126918 0.0123441 0.011729 0.0108567 0.00975742 0.00847079 0.00703671 0.00549068 0.00386554 0.00219596 0.000521601 -0.00111356 -0.00266551 -0.00409582 -0.00537609 -0.00648961 -0.00743006 -0.00819859 -0.00880049 -0.00924303 -0.00953449 -0.0096845 -0.00970478 -0.0096097 -0.00941616 -0.00914286 -0.00880894 -0.0084326 -0.00802992 -0.0076141 -0.00719531 -0.00678089 -0.00637597 -0.00598408 -0.00560772 -0.00524885 -0.00490913 -0.00458997 -0.00429251 -0.00401755 -0.00376543 -0.00353597 -0.00332849 -0.00314182 -0.00297446 -0.00282465 -0.00269052 -0.00257018 -0.00246188 -0.00236399 -0.00227512 -0.00219407 -0.00211987 -0.00205174 -0.00198905 -0.00193132 -0.00187816 -0.00182925 -0.00178432 -0.00174314 -0.00170547 -0.00167113 -0.00163989 -0.00161158 -0.00158599 -0.00156294 -0.00154225 -0.00152376 -0.0015073 -0.00149274 -0.00147994 -0.00146878 -0.00145917 -0.00145101 -0.00144423 -0.00143877 -0.00143457 -0.0014316 -0.00142982 -0.00142924 -0.00142982 -0.0014316 -0.00143457 -0.00143877 -0.00144423 -0.00145101 -0.00145917 -0.00146878 -0.00147994 -0.00149274 -0.0015073 -0.00152376 -0.00154225 -0.00156294 -0.00158599 -0.00161158 -0.00163989 -0.00167113 -0.00170547 -0.00174314 -0.00178432 -0.00182925 -0.00187816 -0.00193132 -0.00198905 -0.00205174 -0.00211987 -0.00219407 -0.00227512 -0.00236399 -0.00246188 -0.00257018 -0.00269052 -0.00282465 -0.00297446 -0.00314182 -0.00332849 -0.00353597 -0.00376543 -0.00401755 -0.00429251 -0.00458997 -0.00490913 -0.00524885 -0.00560772 -0.00598408 -0.00637597 -0.00678089 -0.00719531 -0.0076141 -0.00802992 -0.0084326 -0.00880894 -0.00914286 -0.00941616 -0.0096097 -0.00970478 -0.0096845 -0.00953449 -0.00924303 -0.00880049 -0.00819859 -0.00743006 -0.00648961 -0.00537609 -0.00409582 -0.00266551 -0.00111356 0.000521601 0.00219596 0.00386554 0.00549068 0.00703671 0.00847079 0.00975742 0.0108567 0.011729 0.0123441 0.0126918 0.012785 0.0126518 0.0123217 0.0118149 0.0111432 0.0103239 0.00939354 0.008408 0.00742563 0.00648537 0.00559833 0.00475931 0.00396751 0.00323878 0.00260086 0.00207816 0.00167904 0.00139415 0.00120386 0.00108788 
0 0.000702076 0.00142251 0.00219039 0.00304716 0.00403617 0.00518617 0.00650047 0.0079607 0.00954269 0.0112311 0.0130188 0.014891 0.0168066 0.0186957 0.0204726 0.0220553 0.0233755 0.0243771 0.0250089 0.0252224 0.0249761 0.0242439 0.0230216 0.0213285 0.0192043 0.0167045 0.0138958 0.010853 0.00765637 0.00438928 0.00113448 -0.00202958 -0.0050323 -0.00781373 -0.0103263 -0.0125352 -0.0144188 -0.0159672 -0.0171819 -0.0180741 -0.0186629 -0.0189741 -0.0190373 -0.0188852 -0.018551 -0.0180675 -0.0174658 -0.0167749 -0.0160213 -0.0152282 -0.0144158 -0.0136014 -0.0127992 -0.0120203 -0.0112732 -0.0105642 -0.009897 -0.00927378 -0.00869514 -0.00816059 -0.00766879 -0.00721783 -0.00680548 -0.00642929 -0.00608675 -0.00577535 -0.00549265 -0.00523631 -0.00500409 -0.00479388 -0.00460367 -0.00443162 -0.00427598 -0.00413515 -0.00400766 -0.00389217 -0.00378746 -0.00369244 -0.00360614 -0.0035277 -0.00345634 -0.00339141 -0.00333232 -0.00327856 -0.0032297 -0.00318534 -0.00314518 -0.00310891 -0.00307629 -0.00304712 -0.0030212 -0.00299839 -0.00297855 -0.00296157 -0.00294735 -0.00293582 -0.00292691 -0.00292058 -0.0029168 -0.00291554 -0.0029168 -0.00292058 -0.00292691 -0.00293582 -0.00294735 -0.00296157 -0.00297855 -0.00299839 -0.0030212 -0.00304712 -0.00307629 -0.00310891 -0.00314518 -0.00318534 -0.0032297 -0.00327856 -0.00333232 -0.00339141 -0.00345634 -0.0035277 -0.00360614 -0.00369244 -0.00378746 -0.00389217 -0.00400766 -0.00413515 -0.00427598 -0.00443162 -0.00460367 -0.00479388 -0.00500409 -0.00523631 -0.00549265 -0.00577535 -0.00608675 -0.00642929 -0.00680548 -0.00721783 -0.00766879 -0.00816059 -0.00869514 -0.00927378 -0.009897 -0.0105642 -0.0112732 -0.0120203 -0.0127992 -0.0136014 -0.0144158 -0.0152282 -0.0160213 -0.0167749 -0.0174658 -0.0180675 -0.018551 -0.0188852 -0.0190373 -0.0189741 -0.0186629 -0.0180741 -0.0171819 -0.0159672 -0.0144188 -0.0125352 -0.0103263 -0.00781373 -0.0050323 -0.00202958 0.00113448 0.00438928 0.00765637 0.010853 0.0138958 0.0167045 0.0192043 0.0213285 0.0230216 0.0242439 0.0249761 0.0252224 0.0250089 0.0243771 0.0233755 0.0220553 0.0204726 0.0186958 0.0168069 0.0148918 0.0130212 0.0112372 0.00955723 0.00799327 0.00656871 0.00532008 0.00428259 0.00347276 0.0028813 0.00247946 0.00223241 
0 0.00107353 0.00219039 0.00339788 0.00474452 0.00627073 0.00800023 0.00993952 0.0120851 0.014429 0.0169549 0.0196269 0.0223829 0.0251415 0.0278159 0.0303204 0.0325659 0.034452 0.0358715 0.036726 0.0369438 0.0364869 0.0353467 0.0335348 0.0310768 0.028014 0.02441 0.0203538 0.0159569 0.0113449 0.0066446 0.00197448 -0.00256091 -0.00687197 -0.0108827 -0.0145296 -0.0177614 -0.0205413 -0.0228486 -0.0246799 -0.0260486 -0.0269821 -0.0275179 -0.0276999 -0.0275739 -0.0271858 -0.0265791 -0.0257951 -0.024872 -0.0238453 -0.0227476 -0.0216086 -0.0204543 -0.0193072 -0.0181855 -0.0171034 -0.0160711 -0.0150954 -0.0141799 -0.0133259 -0.0125329 -0.0117991 -0.0111222 -0.0104992 -0.00992721 -0.00940302 -0.00892364 -0.0084861 -0.00808751 -0.00772504 -0.00739595 -0.00709756 -0.00682727 -0.0065826 -0.00636116 -0.00616074 -0.00597926 -0.00581482 -0.00566568 -0.00553029 -0.00540726 -0.00529538 -0.00519357 -0.00510091 -0.00501658 -0.0049399 -0.00487027 -0.00480717 -0.00475016 -0.00469886 -0.00465295 -0.00461214 -0.00457621 -0.00454494 -0.00451816 -0.00449574 -0.00447755 -0.00446349 -0.0044535 -0.00444753 -0.00444554 -0.00444753 -0.0044535 -0.00446349 -0.00447755 -0.00449574 -0.00451816 -0.00454494 -0.00457621 -0.00461214 -0.00465295 -0.00469886 -0.00475016 -0.00480717 -0.00487027 -0.0049399 -0.00501658 -0.00510091 -0.00519357 -0.00529538 -0.00540726 -0.00553029 -0.00566568 -0.00581482 -0.00597926 -0.00616074 -0.00636116 -0.0065826 -0.00682727 -0.00709756 -0.00739595 -0.00772504 -0.00808751 -0.0084861 -0.00892364 -0.00940302 -0.00992721 -0.0104992 -0.0111222 -0.0117991 -0.0125329 -0.0133259 -0.0141799 -0.0150954 -0.0160711 -0.0171034 -0.0181855 -0.0193072 -0.0204543 -0.0216086 -0.0227476 -0.0238453 -0.024872 -0.0257951 -0.0265791 -0.0271858 -0.0275739 -0.0276999 -0.0275179 -0.0269821 -0.0260486 -0.0246799 -0.0228486 -0.0205413 -0.0177614 -0.0145296 -0.0108827 -0.00687197 -0.00256091 0.00197448 0.0066446 0.0113449 0.0159569 0.0203538 0.02441 0.028014 0.0310768 0.0335348 0.0353467 0.0364869 0.0369438 0.036726 0.0358715 0.034452 0.0325659 0.0303205 0.0278162 0.0251423 0.0223851 0.0196327 0.016969 0.0144609 0.012153 0.0100749 0.00825356 0.00671647 0.00548307 0.00455324 0.00390387 0.00349766 
0 0.00148681 0.00304716 0.00474452 0.00662474 0.00871503 0.0110316 0.0135906 0.0164098 0.0194943 0.0228139 0.0262947 0.0298328 0.0333222 0.0366684 0.0397788 0.0425435 0.0448315 0.0465082 0.0474599 0.0476096 0.0469179 0.0453751 0.042995 0.0398133 0.0358909 0.0313166 0.0262048 0.020689 0.0149126 0.00902051 0.0031517 -0.00256493 -0.00801409 -0.0130968 -0.0177324 -0.0218603 -0.0254405 -0.0284526 -0.0308946 -0.0327801 -0.0341355 -0.0349976 -0.0354108 -0.0354249 -0.0350928 -0.0344681 -0.0336037 -0.0325501 -0.0313537 -0.0300562 -0.0286943 -0.0272991 -0.0258969 -0.0245091 -0.0231531 -0.0218422 -0.0205869 -0.0193945 -0.0182702 -0.0172166 -0.016235 -0.0153248 -0.0144844 -0.013711 -0.0130012 -0.0123513 -0.0117571 -0.0112143 -0.0107189 -0.0102669 -0.00985444 -0.0094781 -0.00913465 -0.00882118 -0.00853504 -0.00827383 -0.00803539 -0.00781779 -0.00761925 -0.00743821 -0.00727321 -0.00712295 -0.00698627 -0.00686211 -0.0067495 -0.00664758 -0.00655559 -0.00647283 -0.00639869 -0.00633262 -0.00627416 -0.00622288 -0.00617843 -0.00614049 -0.00610881 -0.00608316 -0.0060634 -0.00604937 -0.00604099 -0.0060382 -0.00604099 -0.00604937 -0.0060634 -0.00608316 -0.00610881 -0.00614049 -0.00617843 -0.00622288 -0.00627416 -0.00633262 -0.00639869 -0.00647283 -0.00655559 -0.00664758 -0.0067495 -0.00686211 -0.00698627 -0.00712295 -0.00727321 -0.00743821 -0.00761925 -0.00781779 -0.00803539 -0.00827383 -0.00853504 -0.00882118 -0.00913465 -0.0094781 -0.00985444 -0.0102669 -0.0107189 -0.0112143 -0.0117571 -0.0123513 -0.0130012 -0.013711 -0.0144844 -0.0153248 -0.016235 -0.0172166 -0.0182702 -0.0193945 -0.0205869 -0.0218422 -0.0231531 -0.0245091 -0.0258969 -0.0272991 -0.0286943 -0.0300562 -0.0313537 -0.0325501 -0.0336037 -0.0344681 -0.0350928 -0.0354249 -0.0354108 -0.0349976 -0.0341355 -0.0327801 -0.0308946 -0.0284526 -0.0254405 -0.0218603 -0.0177324 -0.0130968 -0.00801409 -0.00256493 0.0031517 0.00902051 0.0149126 0.020689 0.0262048 0.0313166 0.0358909 0.0398133 0.042995 0.0453751 0.0469179 0.0476096 0.0474599 0.0465082 0.0448316 0.0425436 0.0397791 0.0366692 0.0333242 0.0298382 0.0263079 0.0228442 0.0195591 0.0165403 0.0138373 0.0114703 0.00945027 0.00778928 0.00649511 0.0055604 0.00496127 
0 0.0019702 0.00403617 0.00627073 0.00871503 0.011389 0.0143112 0.0175094 0.0210073 0.0247972 0.0288216 0.0329822 0.0371667 0.0412651 0.0451641 0.0487342 0.0518308 0.0543123 0.0560569 0.0569679 0.0569699 0.0560096 0.0540624 0.0511422 0.0473046 0.0426424 0.0372741 0.0313321 0.0249558 0.0182895 0.0114818 0.00468323 -0.00195953 -0.00831153 -0.0142575 -0.0197069 -0.0245951 -0.0288819 -0.032547 -0.0355867 -0.0380109 -0.0398411 -0.041109 -0.0418563 -0.0421323 -0.0419923 -0.0414949 -0.0406988 -0.0396607 -0.0384335 -0.0370643 -0.0355949 -0.0340611 -0.0324936 -0.0309183 -0.0293568 -0.0278272 -0.0263442 -0.0249191 -0.0235609 -0.0222755 -0.0210666 -0.0199358 -0.0188831 -0.0179068 -0.0170042 -0.0161717 -0.0154056 -0.0147013 -0.0140548 -0.0134616 -0.0129177 -0.0124192 -0.0119624 -0.0115441 -0.0111611 -0.0108106 -0.0104899 -0.0101966 -0.00992866 -0.00968395 -0.00946065 -0.00925709 -0.00907175 -0.00890324 -0.00875029 -0.00861178 -0.00848667 -0.00837407 -0.00827315 -0.00818318 -0.00810354 -0.00803367 -0.00797308 -0.00792136 -0.00787816 -0.00784319 -0.00781623 -0.0077971 -0.00778567 -0.00778187 -0.00778567 -0.0077971 -0.00781623 -0.00784319 -0.00787816 -0.00792136 -0.00797308 -0.00803367 -0.00810354 -0.00818318 -0.00827315 -0.00837407 -0.00848667 -0.00861178 -0.00875029 -0.00890324 -0.00907175 -0.00925709 -0.00946065 -0.00968395 -0.00992866 -0.0101966 -0.0104899 -0.0108106 -0.0111611 -0.0115441 -0.0119624 -0.0124192 -0.0129177 -0.0134616 -0.0140548 -0.0147013 -0.0154056 -0.0161717 -0.0170042 -0.0179068 -0.0188831 -0.0199358 -0.0210666 -0.0222755 -0.0235609 -0.0249191 -0.0263442 -0.0278272 -0.0293568 -0.0309183 -0.0324936 -0.0340611 -0.0355949 -0.0370643 -0.0384335 -0.0396607 -0.0406988 -0.0414949 -0.0419923 -0.0421323 -0.0418563 -0.041109 -0.0398411 -0.0380109 -0.0355867 -0.032547 -0.0288819 -0.0245951 -0.0197069 -0.0142575 -0.00831153 -0.00195953 0.00468323 0.0114818 0.0182895 0.0249558 0.0313321 0.0372741 0.0426424 0.0473046 0.0511422 0.0540624 0.0560096 0.0569699 0.0569679 0.0560569 0.0543123 0.051831 0.0487348 0.0451659 0.04127 0.0371789 0.0330104 0.0288824 0.0249208 0.021243 0.0179321 0.0150259 0.0125307 0.0104462 0.00877802 0.0075341 0.00671645 
0 0.00254412 0.00518617 0.00800023 0.0110316 0.0143112 0.0178702 0.0217349 0.0259049 0.0303363 0.0349495 0.0396509 0.0443416 0.0489035 0.0531859 0.0570182 0.0602412 0.0627284 0.0643817 0.0651162 0.0648568 0.0635496 0.0611779 0.0577711 0.0534025 0.0481778 0.0422225 0.0356739 0.0286779 0.0213869 0.0139563 0.00653966 -0.000718065 -0.00768664 -0.0142544 -0.0203302 -0.0258441 -0.030746 -0.0350056 -0.0386106 -0.0415658 -0.0438904 -0.0456159 -0.0467833 -0.04744 -0.0476377 -0.04743 -0.046871 -0.0460141 -0.044911 -0.0436109 -0.0421596 -0.0405993 -0.0389675 -0.0372973 -0.0356166 -0.0339485 -0.0323117 -0.0307209 -0.0291869 -0.0277178 -0.0263192 -0.0249943 -0.0237451 -0.0225721 -0.0214748 -0.0204518 -0.0195011 -0.0186199 -0.0178053 -0.0170539 -0.016362 -0.015726 -0.015142 -0.0146065 -0.0141156 -0.013666 -0.0132543 -0.0128775 -0.0125327 -0.0122174 -0.0119291 -0.0116658 -0.0114254 -0.0112063 -0.0110068 -0.0108257 -0.0106616 -0.0105135 -0.0103804 -0.0102615 -0.0101559 -0.0100631 -0.00998254 -0.00991363 -0.009856 -0.0098093 -0.00977326 -0.00974767 -0.00973238 -0.00972729 -0.00973238 -0.00974767 -0.00977326 -0.0098093 -0.009856 -0.00991363 -0.00998254 -0.0100631 -0.0101559 -0.0102615 -0.0103804 -0.0105135 -0.0106616 -0.0108257 -0.0110068 -0.0112063 -0.0114254 -0.0116658 -0.0119291 -0.0122174 -0.0125327 -0.0128775 -0.0132543 -0.013666 -0.0141156 -0.0146065 -0.015142 -0.015726 -0.016362 -0.0170539 -0.0178053 -0.0186199 -0.0195011 -0.0204518 -0.0214748 -0.0225721 -0.0237451 -0.0249943 -0.0263192 -0.0277178 -0.0291869 -0.0307209 -0.0323117 -0.0339485 -0.0356166 -0.0372973 -0.0389675 -0.0405993 -0.0421596 -0.0436109 -0.044911 -0.0460141 -0.046871 -0.04743 -0.0476377 -0.04744 -0.0467833 -0.0456159 -0.0438904 -0.0415658 -0.0386106 -0.0350056 -0.030746 -0.0258441 -0.0203302 -0.0142544 -0.00768664 -0.000718065 0.00653966 0.0139563 0.0213869 0.0286779 0.0356739 0.0422225 0.0481778 0.0534025 0.0577711 0.0611779 0.0635496 0.0648568 0.0651162 0.0643817 0.0627286 0.0602417 0.0570199 0.0531904 0.0489146 0.0443675 0.0397074 0.0350651 0.0305587 0.0263073 0.022421 0.0189753 0.0159996 0.013494 0.0114576 0.00990572 0.00886713 
0 0.00321089 0.00650047 0.00993952 0.0135906 0.0175094 0.0217349 0.0262691 0.0310676 0.036054 0.0411478 0.04627 0.05132 0.0561525 0.0605898 0.06446 0.067623 0.0699656 0.0713881 0.0718043 0.0711561 0.0694232 0.0666233 0.062806 0.0580455 0.0524375 0.0461003 0.0391735 0.0318124 0.0241773 0.0164236 0.00869388 0.00111572 -0.00619765 -0.0131457 -0.0196403 -0.0256071 -0.0309886 -0.0357459 -0.0398599 -0.0433297 -0.0461697 -0.048406 -0.0500728 -0.0512096 -0.0518592 -0.052067 -0.0518802 -0.051347 -0.0505165 -0.0494369 -0.0481552 -0.0467156 -0.0451586 -0.0435207 -0.0418337 -0.0401248 -0.0384168 -0.0367284 -0.035075 -0.0334685 -0.0319185 -0.030432 -0.0290142 -0.0276686 -0.026397 -0.0252004 -0.0240782 -0.0230293 -0.0220516 -0.0211426 -0.0202994 -0.0195187 -0.0187969 -0.0181306 -0.0175163 -0.0169505 -0.0164299 -0.0159513 -0.0155116 -0.0151082 -0.0147384 -0.0143998 -0.0140902 -0.0138076 -0.0135501 -0.0133161 -0.0131041 -0.0129126 -0.0127406 -0.0125869 -0.0124505 -0.0123306 -0.0122265 -0.0121375 -0.0120631 -0.0120028 -0.0119562 -0.0119232 -0.0119035 -0.0118969 -0.0119035 -0.0119232 -0.0119562 -0.0120028 -0.0120631 -0.0121375 -0.0122265 -0.0123306 -0.0124505 -0.0125869 -0.0127406 -0.0129126 -0.0131041 -0.0133161 -0.0135501 -0.0138076 -0.0140902 -0.0143998 -0.0147384 -0.0151082 -0.0155116 -0.0159513 -0.0164299 -0.0169505 -0.0175163 -0.0181306 -0.0187969 -0.0195187 -0.0202994 -0.0211426 -0.0220516 -0.0230293 -0.0240782 -0.0252004 -0.026397 -0.0276686 -0.0290142 -0.030432 -0.0319185 -0.0334685 -0.035075 -0.0367284 -0.0384168 -0.0401248 -0.0418337 -0.0435207 -0.0451586 -0.0467156 -0.0481552 -0.0494369 -0.0505165 -0.051347 -0.0518802 -0.052067 -0.0518592 -0.0512096 -0.0500728 -0.048406 -0.0461697 -0.0433297 -0.0398599 -0.0357459 -0.0309886 -0.0256071 -0.0196403 -0.0131457 -0.00619765 0.00111572 0.00869388 0.0164236 0.0241773 0.0318124 0.0391735 0.0461003 0.0524375 0.0580455 0.062806 0.0666233 0.0694232 0.0711561 0.0718043 0.0713882 0.0699662 0.0676244 0.064464 0.0605998 0.056176 0.0513717 0.0463769 0.0413553 0.0364331 0.0317199 0.0273288 0.0233666 0.0199061 0.0169759 0.0145838 0.0127496 0.0115161 
0 0.00395471 0.0079607 0.0120851 0.0164098 0.0210073 0.0259049 0.0310676 0.0364179 0.0418727 0.0473576 0.052783 0.0580162 0.0628921 0.0672505 0.0709571 0.0738911 0.0759316 0.0769713 0.076943 0.0758285 0.0736482 0.0704464 0.0662825 0.0612305 0.0553853 0.048866 0.0418103 0.0343642 0.0266725 0.0188716 0.0110866 0.00343224 -0.0039877 -0.0110807 -0.0177668 -0.0239803 -0.0296705 -0.0348011 -0.0393493 -0.0433045 -0.0466669 -0.0494464 -0.051662 -0.0533407 -0.0545163 -0.0552277 -0.0555173 -0.0554293 -0.0550081 -0.0542976 -0.0533398 -0.0521749 -0.0508408 -0.049373 -0.0478046 -0.0461657 -0.0444839 -0.0427835 -0.0410857 -0.0394084 -0.0377663 -0.0361713 -0.0346324 -0.0331559 -0.0317465 -0.0304067 -0.0291378 -0.0279399 -0.0268124 -0.0257537 -0.0247621 -0.0238353 -0.0229709 -0.0221662 -0.0214185 -0.0207251 -0.020083 -0.0194895 -0.0189418 -0.0184373 -0.0179733 -0.0175473 -0.017157 -0.0168001 -0.0164746 -0.0161785 -0.01591 -0.0156676 -0.0154496 -0.0152548 -0.015082 -0.01493 -0.0147981 -0.0146853 -0.014591 -0.0145146 -0.0144556 -0.0144138 -0.0143888 -0.0143804 -0.0143888 -0.0144138 -0.0144556 -0.0145146 -0.014591 -0.0146853 -0.0147981 -0.01493 -0.015082 -0.0152548 -0.0154496 -0.0156676 -0.01591 -0.0161785 -0.0164746 -0.0168001 -0.017157 -0.0175473 -0.0179733 -0.0184373 -0.0189418 -0.0194895 -0.020083 -0.0207251 -0.0214185 -0.0221662 -0.0229709 -0.0238353 -0.0247621 -0.0257537 -0.0268124 -0.0279399 -0.0291378 -0.0304067 -0.0317465 -0.0331559 -0.0346324 -0.0361713 -0.0377663 -0.0394084 -0.0410857 -0.0427835 -0.0444839 -0.0461657 -0.0478046 -0.049373 -0.0508408 -0.0521749 -0.0533398 -0.0542976 -0.0550081 -0.0554293 -0.0555173 -0.0552277 -0.0545163 -0.0533407 -0.051662 -0.0494464 -0.0466669 -0.0433045 -0.0393493 -0.0348011 -0.0296705 -0.0239803 -0.0177668 -0.0110807 -0.0039877 0.00343224 0.0110866 0.0188716 0.0266725 0.0343642 0.0418103 0.048866 0.0553853 0.0612305 0.0662825 0.0704464 0.0736482 0.0758286 0.0769432 0.0769718 0.0759329 0.0738946 0.070966 0.0672715 0.0629389 0.0581138 0.0529744 0.047711 0.0424866 0.0374247 0.0326316 0.0282197 0.0242983 0.0209481 0.0182163 0.0161371 0.0147512 
0 0.00475382 0.00954269 0.014429 0.0194943 0.0247972 0.0303363 0.036054 0.0418727 0.0477164 0.0534932 0.0590706 0.0642888 0.0690025 0.0730975 0.0764663 0.0789868 0.0805432 0.0810612 0.0805178 0.0789248 0.0763163 0.0727455 0.0682851 0.0630285 0.0570867 0.0505793 0.0436246 0.036338 0.028833 0.0212215 0.0136133 0.00611295 -0.00118612 -0.00820499 -0.0148795 -0.0211588 -0.0270024 -0.0323765 -0.0372538 -0.0416136 -0.0454424 -0.0487365 -0.0515011 -0.0537508 -0.0555079 -0.0568004 -0.0576605 -0.0581226 -0.0582221 -0.0579955 -0.0574787 -0.056708 -0.0557189 -0.0545461 -0.0532232 -0.0517819 -0.0502517 -0.0486599 -0.0470305 -0.0453848 -0.0437413 -0.0421153 -0.0405198 -0.0389651 -0.0374594 -0.0360092 -0.034619 -0.0332922 -0.0320305 -0.0308352 -0.0297062 -0.0286429 -0.0276442 -0.0267084 -0.0258335 -0.0250173 -0.0242573 -0.0235511 -0.022896 -0.0222894 -0.0217289 -0.021212 -0.0207362 -0.0202993 -0.0198993 -0.019534 -0.0192017 -0.0189007 -0.0186292 -0.018386 -0.0181697 -0.0179793 -0.0178135 -0.0176716 -0.0175529 -0.0174565 -0.0173822 -0.0173293 -0.0172977 -0.0172872 -0.0172977 -0.0173293 -0.0173822 -0.0174565 -0.0175529 -0.0176716 -0.0178135 -0.0179793 -0.0181697 -0.018386 -0.0186292 -0.0189007 -0.0192017 -0.019534 -0.0198993 -0.0202993 -0.0207362 -0.021212 -0.0217289 -0.0222894 -0.022896 -0.0235511 -0.0242573 -0.0250173 -0.0258335 -0.0267084 -0.0276442 -0.0286429 -0.0297062 -0.0308352 -0.0320305 -0.0332922 -0.034619 -0.0360092 -0.0374594 -0.0389651 -0.0405198 -0.0421153 -0.0437413 -0.0453848 -0.0470305 -0.0486599 -0.0502517 -0.0517819 -0.0532232 -0.0545461 -0.0557189 -0.056708 -0.0574787 -0.0579955 -0.0582221 -0.0581226 -0.0576605 -0.0568004 -0.0555079 -0.0537508 -0.0515011 -0.0487365 -0.0454424 -0.0416136 -0.0372538 -0.0323765 -0.0270024 -0.0211588 -0.0148795 -0.00820499 -0.00118612 0.00611295 0.0136133 0.0212215 0.028833 0.036338 0.0436246 0.0505793 0.0570867 0.0630285 0.0682851 0.0727455 0.0763164 0.0789249 0.0805182 0.0810624 0.0805462 0.0789945 0.0764848 0.0731392 0.0690905 0.0644635 0.0593963 0.0540653 0.0486642 0.0433592 0.038273 0.0335137 0.0292037 0.0254731 0.0224294 0.0201398 0.018638 
0 0.00559615 0.0112311 0.0169549 0.0228139 0.0288216 0.0349495 0.0411478 0.0473576 0.0534932 0.0594185 0.0649673 0.0699945 0.0743968 0.078081 0.080936 0.0828564 0.0837819 0.0836982 0.0826111 0.0805378 0.077519 0.0736249 0.0689516 0.0636113 0.0577181 0.0513759 0.0446794 0.0377206 0.03059 0.0233771 0.0161684 0.00904186 0.00206546 -0.00470184 -0.011209 -0.0174114 -0.0232687 -0.0287465 -0.0338159 -0.0384545 -0.0426463 -0.0463814 -0.0496553 -0.0524686 -0.0548269 -0.0567405 -0.0582251 -0.0593008 -0.0599928 -0.0603296 -0.0603425 -0.0600645 -0.0595289 -0.0587685 -0.0578152 -0.056699 -0.0554483 -0.0540896 -0.0526473 -0.0511442 -0.0496009 -0.0480363 -0.0464671 -0.0449079 -0.0433717 -0.0418689 -0.0404086 -0.0389974 -0.0376408 -0.0363426 -0.035105 -0.0339295 -0.0328165 -0.0317657 -0.0307762 -0.0298465 -0.0289751 -0.0281601 -0.0273993 -0.0266908 -0.0260323 -0.0254216 -0.0248568 -0.0243357 -0.0238564 -0.0234171 -0.0230158 -0.022651 -0.0223212 -0.0220248 -0.0217606 -0.0215274 -0.0213242 -0.0211499 -0.0210038 -0.0208852 -0.0207935 -0.0207284 -0.0206894 -0.0206764 -0.0206894 -0.0207284 -0.0207935 -0.0208852 -0.0210038 -0.0211499 -0.0213242 -0.0215274 -0.0217606 -0.0220248 -0.0223212 -0.022651 -0.0230158 -0.0234171 -0.0238564 -0.0243357 -0.0248568 -0.0254216 -0.0260323 -0.0266908 -0.0273993 -0.0281601 -0.0289751 -0.0298465 -0.0307762 -0.0317657 -0.0328165 -0.0339295 -0.035105 -0.0363426 -0.0376408 -0.0389974 -0.0404086 -0.0418689 -0.0433717 -0.0449079 -0.0464671 -0.0480363 -0.0496009 -0.0511442 -0.0526473 -0.0540896 -0.0554483 -0.056699 -0.0578152 -0.0587685 -0.0595289 -0.0600645 -0.0603425 -0.0603296 -0.0599928 -0.0593008 -0.0582251 -0.0567405 -0.0548269 -0.0524686 -0.0496553 -0.0463814 -0.0426463 -0.0384545 -0.0338159 -0.0287465 -0.0232687 -0.0174114 -0.011209 -0.00470184 0.00206546 0.00904186 0.0161684 0.0233771 0.03059 0.0377206 0.0446794 0.0513759 0.0577181 0.0636113 0.0689516 0.073625 0.0775191 0.0805381 0.082612 0.0837008 0.0837886 0.0828726 0.0809727 0.0781594 0.0745542 0.0702915 0.0654948 0.0603023 0.0548938 0.0494682 0.044194 0.0392009 0.0346173 0.0305974 0.0272974 0.024826 0.0232235 
0 0.00648457 0.0130188 0.0196269 0.0262947 0.0329822 0.0396509 0.04627 0.052783 0.0590706 0.0649673 0.0703214 0.0750275 0.0789948 0.0821167 0.0842979 0.0854993 0.0857299 0.0850056 0.0833412 0.0807756 0.0773803 0.0732485 0.0684832 0.0631886 0.0574604 0.0513874 0.0450572 0.0385521 0.031943 0.0252907 0.0186456 0.0120499 0.00554508 -0.000826283 -0.0070222 -0.0130015 -0.0187271 -0.0241684 -0.0292996 -0.0340992 -0.0385493 -0.0426329 -0.0463349 -0.0496434 -0.0525496 -0.0550505 -0.0571485 -0.058852 -0.060175 -0.0611359 -0.0617566 -0.0620617 -0.0620771 -0.0618301 -0.0613481 -0.0606585 -0.0597886 -0.0587648 -0.0576128 -0.0563567 -0.0550194 -0.0536222 -0.052184 -0.0507223 -0.0492523 -0.0477875 -0.0463392 -0.0449171 -0.0435293 -0.0421824 -0.0408815 -0.0396307 -0.0384329 -0.0372901 -0.0362036 -0.0351739 -0.0342011 -0.0332846 -0.0324236 -0.031617 -0.0308635 -0.0301614 -0.0295093 -0.0289053 -0.0283478 -0.0278351 -0.0273656 -0.0269376 -0.0265496 -0.0262003 -0.0258883 -0.0256124 -0.0253716 -0.0251648 -0.0249913 -0.0248502 -0.0247411 -0.0246635 -0.0246171 -0.0246017 -0.0246171 -0.0246635 -0.0247411 -0.0248502 -0.0249913 -0.0251648 -0.0253716 -0.0256124 -0.0258883 -0.0262003 -0.0265496 -0.0269376 -0.0273656 -0.0278351 -0.0283478 -0.0289053 -0.0295093 -0.0301614 -0.0308635 -0.031617 -0.0324236 -0.0332846 -0.0342011 -0.0351739 -0.0362036 -0.0372901 -0.0384329 -0.0396307 -0.0408815 -0.0421824 -0.0435293 -0.0449171 -0.0463392 -0.0477875 -0.0492523 -0.0507223 -0.052184 -0.0536222 -0.0550194 -0.0563567 -0.0576128 -0.0587648 -0.0597886 -0.0606585 -0.0613481 -0.0618301 -0.0620771 -0.0620617 -0.0617566 -0.0611359 -0.060175 -0.058852 -0.0571485 -0.0550505 -0.0525496 -0.0496434 -0.0463349 -0.0426329 -0.0385493 -0.0340992 -0.0292996 -0.0241684 -0.0187271 -0.0130015 -0.0070222 -0.000826283 0.00554508 0.0120499 0.0186456 0.0252907 0.031943 0.0385521 0.0450572 0.0513874 0.0574604 0.0631886 0.0684832 0.0732486 0.0773806 0.0807763 0.0833434 0.0850113 0.0857438 0.0855313 0.0843669 0.0822569 0.0792626 0.0755089 0.0711375 0.0662753 0.0610619 0.0556824 0.0503451 0.0452357 0.0405116 0.0363326 0.032866 0.0302477 0.0285457 
0 0.00742536 0.014891 0.0223829 0.0298328 0.0371667 0.0443416 0.05132 0.0580162 0.0642888 0.0699945 0.0750275 0.0792954 0.082688 0.0851097 0.0865332 0.0869874 0.0865028 0.0851035 0.0828439 0.0798153 0.0761171 0.0718432 0.0670848 0.0619277 0.0564541 0.050749 0.0448914 0.0389414 0.0329433 0.0269295 0.0209227 0.0149446 0.00902015 0.00317344 -0.00257061 -0.00818621 -0.0136494 -0.0189354 -0.0240173 -0.0288692 -0.0334644 -0.0377778 -0.0417882 -0.0454771 -0.0488306 -0.0518391 -0.0544959 -0.0567987 -0.0587485 -0.0603498 -0.0616115 -0.0625459 -0.0631696 -0.0635025 -0.0635668 -0.0633871 -0.0629888 -0.0623974 -0.0616384 -0.0607358 -0.0597129 -0.058591 -0.0573901 -0.0561286 -0.054823 -0.0534888 -0.0521393 -0.0507871 -0.0494427 -0.0481158 -0.0468145 -0.0455455 -0.0443148 -0.0431268 -0.0419853 -0.0408929 -0.0398515 -0.0388624 -0.0379262 -0.037043 -0.0362125 -0.0354342 -0.0347071 -0.0340304 -0.0334027 -0.032823 -0.0322899 -0.0318023 -0.0313587 -0.0309581 -0.0305993 -0.0302812 -0.030003 -0.0297636 -0.0295624 -0.0293987 -0.0292719 -0.0291816 -0.0291276 -0.0291096 -0.0291276 -0.0291816 -0.0292719 -0.0293987 -0.0295624 -0.0297636 -0.030003 -0.0302812 -0.0305993 -0.0309581 -0.0313587 -0.0318023 -0.0322899 -0.032823 -0.0334027 -0.0340304 -0.0347071 -0.0354342 -0.0362125 -0.037043 -0.0379262 -0.0388624 -0.0398515 -0.0408929 -0.0419853 -0.0431268 -0.0443148 -0.0455455 -0.0468145 -0.0481158 -0.0494427 -0.0507871 -0.0521393 -0.0534888 -0.054823 -0.0561286 -0.0573901 -0.058591 -0.0597129 -0.0607358 -0.0616384 -0.0623974 -0.0629888 -0.0633871 -0.0635668 -0.0635025 -0.0631696 -0.0625459 -0.0616115 -0.0603498 -0.0587485 -0.0567987 -0.0544959 -0.0518391 -0.0488306 -0.0454771 -0.0417882 -0.0377778 -0.0334644 -0.0288692 -0.0240173 -0.0189354 -0.0136494 -0.00818621 -0.00257061 0.00317344 0.00902015 0.0149446 0.0209227 0.0269295 0.0329433 0.0389414 0.0448914 0.050749 0.0564541 0.0619277 0.0670848 0.0718434 0.0761178 0.0798171 0.0828486 0.0851153 0.0865302 0.0870474 0.0866565 0.0853483 0.0831226 0.0800415 0.0762377 0.0718575 0.0670279 0.0618962 0.0566686 0.0515836 0.0468551 0.0426551 0.0391331 0.0364254 0.0346397 
0 0.00840792 0.0168066 0.0251415 0.0333222 0.0412651 0.0489035 0.0561525 0.0628921 0.0690025 0.0743968 0.0789948 0.082688 0.0853756 0.0870304 0.0876912 0.0873978 0.0861815 0.0841154 0.0813191 0.0779099 0.0739828 0.0696293 0.0649389 0.0599911 0.0548629 0.0496225 0.0443153 0.0389706 0.0336135 0.028261 0.0229246 0.0176159 0.0123398 0.00709689 0.00189204 -0.00326708 -0.00836681 -0.013384 -0.0182923 -0.0230636 -0.0276678 -0.0320793 -0.0362739 -0.0402289 -0.0439256 -0.0473455 -0.0504729 -0.0532954 -0.0558031 -0.0579912 -0.0598591 -0.0614102 -0.0626533 -0.0635997 -0.0642646 -0.0646655 -0.064821 -0.0647522 -0.0644798 -0.0640253 -0.0634105 -0.0626561 -0.0617831 -0.0608108 -0.0597579 -0.0586419 -0.0574785 -0.0562827 -0.0550673 -0.0538442 -0.0526235 -0.0514143 -0.0502243 -0.04906 -0.047927 -0.0468296 -0.0457718 -0.0447563 -0.0437856 -0.0428612 -0.0419844 -0.0411559 -0.0403762 -0.0396453 -0.038963 -0.0383293 -0.0377432 -0.0372046 -0.0367125 -0.0362664 -0.0358653 -0.0355088 -0.035196 -0.0349264 -0.0346992 -0.0345141 -0.0343706 -0.0342684 -0.0342071 -0.0341867 -0.0342071 -0.0342684 -0.0343706 -0.0345141 -0.0346992 -0.0349264 -0.035196 -0.0355088 -0.0358653 -0.0362664 -0.0367125 -0.0372046 -0.0377432 -0.0383293 -0.038963 -0.0396453 -0.0403762 -0.0411559 -0.0419844 -0.0428612 -0.0437856 -0.0447563 -0.0457718 -0.0468296 -0.047927 -0.04906 -0.0502243 -0.0514143 -0.0526235 -0.0538442 -0.0550673 -0.0562827 -0.0574785 -0.0586419 -0.0597579 -0.0608108 -0.0617831 -0.0626561 -0.0634105 -0.0640253 -0.0644798 -0.0647522 -0.064821 -0.0646655 -0.0642646 -0.0635997 -0.0626533 -0.0614102 -0.0598591 -0.0579912 -0.0558031 -0.0532954 -0.0504729 -0.0473455 -0.0439256 -0.0402289 -0.0362739 -0.0320793 -0.0276678 -0.0230636 -0.0182923 -0.013384 -0.00836681 -0.00326708 0.00189204 0.00709689 0.0123398 0.0176159 0.0229246 0.028261 0.0336135 0.0389706 0.0443153 0.0496225 0.0548629 0.0599912 0.064939 0.0696299 0.0739843 0.0779138 0.081329 0.0841386 0.086233 0.087505 0.0879014 0.0874183 0.0860505 0.0837971 0.0807227 0.0769642 0.0726709 0.0679824 0.0630776 0.0582023 0.0536158 0.04952 0.0460546 0.0433454 0.0415312 
0 0.00939352 0.0186957 0.0278159 0.0366684 0.0451641 0.0531859 0.0605898 0.0672505 0.0730975 0.078081 0.0821167 0.0851097 0.0870304 0.0879204 0.0878247 0.0867775 0.0848634 0.0822265 0.0790017 0.0752888 0.0711904 0.0668174 0.0622609 0.0575935 0.0528753 0.0481391 0.0433986 0.0386712 0.0339697 0.0292949 0.0246469 0.0200186 0.0153944 0.0107649 0.00612651 0.00147775 -0.00317193 -0.00780857 -0.0124172 -0.0169757 -0.0214605 -0.025847 -0.0301052 -0.0342072 -0.0381253 -0.0418326 -0.0453082 -0.0485333 -0.0514933 -0.0541791 -0.0565829 -0.0587019 -0.0605357 -0.062086 -0.0633591 -0.0643624 -0.0651074 -0.0656079 -0.0658791 -0.0659396 -0.0658074 -0.0655027 -0.0650451 -0.0644537 -0.063748 -0.0629453 -0.0620631 -0.0611165 -0.0601201 -0.0590872 -0.0580293 -0.0569578 -0.0558815 -0.0548096 -0.0537491 -0.0527069 -0.0516885 -0.0506987 -0.0497419 -0.0488211 -0.0479396 -0.0470991 -0.046302 -0.045549 -0.0448418 -0.0441803 -0.0435656 -0.0429974 -0.0424761 -0.0420013 -0.0415731 -0.041191 -0.0408548 -0.0405643 -0.0403189 -0.0401188 -0.0399632 -0.0398524 -0.0397858 -0.0397638 -0.0397858 -0.0398524 -0.0399632 -0.0401188 -0.0403189 -0.0405643 -0.0408548 -0.041191 -0.0415731 -0.0420013 -0.0424761 -0.0429974 -0.0435656 -0.0441803 -0.0448418 -0.045549 -0.046302 -0.0470991 -0.0479396 -0.0488211 -0.0497419 -0.0506987 -0.0516885 -0.0527069 -0.0537491 -0.0548096 -0.0558815 -0.0569578 -0.0580293 -0.0590872 -0.0601201 -0.0611165 -0.0620631 -0.0629453 -0.063748 -0.0644537 -0.0650451 -0.0655027 -0.0658074 -0.0659396 -0.0658791 -0.0656079 -0.0651074 -0.0643624 -0.0633591 -0.062086 -0.0605357 -0.0587019 -0.0565829 -0.0541791 -0.0514933 -0.0485333 -0.0453082 -0.0418326 -0.0381253 -0.0342072 -0.0301052 -0.025847 -0.0214605 -0.0169757 -0.0124172 -0.00780857 -0.00317193 0.00147775 0.00612651 0.0107649 0.0153944 0.0200186 0.0246469 0.0292949 0.0339697 0.0386712 0.0433986 0.0481391 0.0528754 0.0575936 0.0622613 0.0668186 0.0711936 0.0752969 0.0790211 0.0822701 0.0849554 0.0869603 0.0881671 0.0885245 0.0880367 0.0866977 0.0845035 0.0815242 0.0779107 0.0738334 0.0694647 0.0650171 0.0607432 0.0568726 0.0535696 0.0509686 0.0492196 
0 0.0103239 0.0204726 0.0303204 0.0397788 0.0487342 0.0570182 0.06446 0.0709571 0.0764663 0.080936 0.0842979 0.0865332 0.0876912 0.0878247 0.0869696 0.0852147 0.0827204 0.0796366 0.0760665 0.0721237 0.0679462 0.0636433 0.0592873 0.0549399 0.0506378 0.0463904 0.0422099 0.0381041 0.0340576 0.0300515 0.0260694 0.022086 0.0180839 0.0140568 0.00999316 0.00588732 0.00173984 -0.00245203 -0.00668136 -0.0109325 -0.0151887 -0.0194226 -0.0236045 -0.027707 -0.0316987 -0.0355532 -0.0392469 -0.0427552 -0.0460607 -0.0491453 -0.0519941 -0.0545973 -0.0569448 -0.0590333 -0.0608615 -0.0624304 -0.0637469 -0.0648176 -0.0656538 -0.0662676 -0.066672 -0.0668834 -0.0669158 -0.0667868 -0.0665121 -0.0661081 -0.0655916 -0.0649773 -0.0642815 -0.0635175 -0.0626997 -0.0618401 -0.0609504 -0.0600414 -0.0591219 -0.0582013 -0.057286 -0.0563838 -0.0554994 -0.0546385 -0.0538049 -0.0530025 -0.0522342 -0.0515025 -0.0508097 -0.0501571 -0.0495468 -0.048979 -0.0484555 -0.0479759 -0.0475417 -0.0471524 -0.046809 -0.0465108 -0.0462589 -0.0460524 -0.0458921 -0.0457773 -0.0457087 -0.0456856 -0.0457087 -0.0457773 -0.0458921 -0.0460524 -0.0462589 -0.0465108 -0.046809 -0.0471524 -0.0475417 -0.0479759 -0.0484555 -0.048979 -0.0495468 -0.0501571 -0.0508097 -0.0515025 -0.0522342 -0.0530025 -0.0538049 -0.0546385 -0.0554994 -0.0563838 -0.057286 -0.0582013 -0.0591219 -0.0600414 -0.0609504 -0.0618401 -0.0626997 -0.0635175 -0.0642815 -0.0649773 -0.0655916 -0.0661081 -0.0665121 -0.0667868 -0.0669158 -0.0668834 -0.066672 -0.0662676 -0.0656538 -0.0648176 -0.0637469 -0.0624304 -0.0608615 -0.0590333 -0.0569448 -0.0545973 -0.0519941 -0.0491453 -0.0460607 -0.0427552 -0.0392469 -0.0355532 -0.0316987 -0.027707 -0.0236045 -0.0194226 -0.0151887 -0.0109325 -0.00668136 -0.00245203 0.00173984 0.00588732 0.00999316 0.0140568 0.0180839 0.022086 0.0260694 0.0300515 0.0340576 0.0381041 0.0422099 0.0463904 0.0506379 0.0549402 0.0592883 0.0636459 0.0679529 0.0721396 0.0761029 0.0797145 0.0828775 0.0855133 0.0875043 0.0887283 0.0891368 0.0887332 0.0875053 0.0854565 0.082686 0.0793793 0.0757307 0.0719205 0.0681501 0.0646458 0.0616192 0.0592431 0.0576631 
0 0.0111432 0.0220553 0.0325659 0.0425435 0.0518308 0.0602412 0.067623 0.0738911 0.0789868 0.0828564 0.0854993 0.0869874 0.0873978 0.0867775 0.0852147 0.0828776 0.0799304 0.0764813 0.072652 0.0686051 0.0644669 0.0603065 0.0561898 0.0521726 0.0482727 0.0445017 0.0408694 0.0373496 0.0339051 0.0305136 0.0271437 0.0237656 0.0203676 0.0169294 0.0134294 0.00986084 0.00621264 0.00247959 -0.00132776 -0.00520254 -0.00913091 -0.0130904 -0.0170649 -0.0210299 -0.0249585 -0.028828 -0.0326075 -0.0362707 -0.0397936 -0.0431494 -0.0463215 -0.049292 -0.0520477 -0.0545821 -0.0568863 -0.0589595 -0.0608004 -0.0624097 -0.0637934 -0.0649546 -0.0659033 -0.0666477 -0.0671986 -0.0675698 -0.0677726 -0.0678233 -0.0677347 -0.0675225 -0.0672012 -0.0667843 -0.066287 -0.0657204 -0.0650988 -0.0644317 -0.0637312 -0.063006 -0.0622654 -0.0615175 -0.0607687 -0.0600269 -0.059296 -0.0585829 -0.0578903 -0.0572238 -0.0565852 -0.0559788 -0.0554059 -0.0548696 -0.0543711 -0.0539121 -0.0534939 -0.0531174 -0.0527838 -0.0524931 -0.0522468 -0.0520443 -0.0518869 -0.0517739 -0.0517064 -0.0516836 -0.0517064 -0.0517739 -0.0518869 -0.0520443 -0.0522468 -0.0524931 -0.0527838 -0.0531174 -0.0534939 -0.0539121 -0.0543711 -0.0548696 -0.0554059 -0.0559788 -0.0565852 -0.0572238 -0.0578903 -0.0585829 -0.059296 -0.0600269 -0.0607687 -0.0615175 -0.0622654 -0.063006 -0.0637312 -0.0644317 -0.0650988 -0.0657204 -0.066287 -0.0667843 -0.0672012 -0.0675225 -0.0677347 -0.0678233 -0.0677726 -0.0675698 -0.0671986 -0.0666477 -0.0659033 -0.0649546 -0.0637934 -0.0624097 -0.0608004 -0.0589595 -0.0568863 -0.0545821 -0.0520477 -0.049292 -0.0463215 -0.0431494 -0.0397936 -0.0362707 -0.0326075 -0.028828 -0.0249585 -0.0210299 -0.0170649 -0.0130904 -0.00913091 -0.00520254 -0.00132776 0.00247959 0.00621264 0.00986084 0.0134294 0.0169294 0.0203676 0.0237656 0.0271437 0.0305136 0.0339051 0.0373496 0.0408694 0.0445018 0.0482729 0.0521733 0.0561919 0.0603119 0.0644799 0.0686351 0.0727171 0.0766147 0.0801878 0.0833455 0.0860174 0.0880805 0.0894074 0.0899511 0.089715 0.0886963 0.0869333 0.0845682 0.0817994 0.0787989 0.0757184 0.072753 0.070143 0.0681053 0.0667773 
0 0.0118149 0.0233755 0.034452 0.0448315 0.0543123 0.0627284 0.0699656 0.0759316 0.0805432 0.0837819 0.0857299 0.0865028 0.0861815 0.0848634 0.0827204 0.0799304 0.0766112 0.0728894 0.0689468 0.0649278 0.0608975 0.0569233 0.0530855 0.0494147 0.0459177 0.0426099 0.0394696 0.0364511 0.033534 0.0306913 0.0278772 0.0250672 0.0222339 0.0193376 0.0163639 0.0133027 0.0101383 0.0068767 0.00352 6.5048e-05 -0.0034741 -0.00709078 -0.0107746 -0.0145002 -0.0182512 -0.0220015 -0.0257211 -0.0293896 -0.032977 -0.0364609 -0.0398223 -0.0430369 -0.0460922 -0.0489709 -0.0516599 -0.054153 -0.0564385 -0.0585164 -0.060383 -0.062039 -0.0634905 -0.0647391 -0.065796 -0.0666668 -0.0673627 -0.067895 -0.0682729 -0.0685114 -0.068619 -0.0686112 -0.0684978 -0.068292 -0.0680057 -0.0676489 -0.0672347 -0.0667706 -0.0662696 -0.0657375 -0.0651856 -0.0646195 -0.0640476 -0.0634759 -0.0629097 -0.0623554 -0.0618158 -0.0612972 -0.0608007 -0.0603321 -0.0598914 -0.0594837 -0.0591083 -0.0587696 -0.0584665 -0.0582027 -0.0579768 -0.0577919 -0.0576466 -0.0575433 -0.0574804 -0.05746 -0.0574804 -0.0575433 -0.0576466 -0.0577919 -0.0579768 -0.0582027 -0.0584665 -0.0587696 -0.0591083 -0.0594837 -0.0598914 -0.0603321 -0.0608007 -0.0612972 -0.0618158 -0.0623554 -0.0629097 -0.0634759 -0.0640476 -0.0646195 -0.0651856 -0.0657375 -0.0662696 -0.0667706 -0.0672347 -0.0676489 -0.0680057 -0.068292 -0.0684978 -0.0686112 -0.068619 -0.0685114 -0.0682729 -0.067895 -0.0673627 -0.0666668 -0.065796 -0.0647391 -0.0634905 -0.062039 -0.060383 -0.0585164 -0.0564385 -0.054153 -0.0516599 -0.0489709 -0.0460922 -0.0430369 -0.0398223 -0.0364609 -0.032977 -0.0293896 -0.0257211 -0.0220015 -0.0182512 -0.0145002 -0.0107746 -0.00709078 -0.0034741 6.5048e-05 0.00352 0.0068767 0.0101383 0.0133027 0.0163639 0.0193376 0.0222339 0.0250672 0.0278772 0.0306913 0.0335341 0.0364511 0.0394697 0.0426101 0.0459183 0.0494163 0.0530897 0.0569337 0.0609218 0.0649816 0.0690586 0.0731084 0.0770157 0.0806356 0.0838827 0.0866818 0.0888971 0.0904052 0.0911774 0.0912353 0.0906009 0.0893426 0.0876058 0.0855543 0.0833273 0.0810876 0.07906 0.0774683 0.0764446 
0 0.0123217 0.0243771 0.0358715 0.0465082 0.0560569 0.0643817 0.0713881 0.0769713 0.0810612 0.0836982 0.0850056 0.0851035 0.0841154 0.0822265 0.0796366 0.0764813 0.0728894 0.0690514 0.0651313 0.0611979 0.0573199 0.0536009 0.0500863 0.0467698 0.0436681 0.0407766 0.0380487 0.0354676 0.0330201 0.0306506 0.0283199 0.0260038 0.0236517 0.0212375 0.0187548 0.016175 0.0134899 0.0107009 0.0077898 0.00476226 0.00162706 -0.00161844 -0.0049524 -0.00836151 -0.0118358 -0.0153471 -0.018884 -0.0224253 -0.0259438 -0.0294257 -0.0328412 -0.0361699 -0.0393938 -0.0424867 -0.0454391 -0.0482324 -0.0508559 -0.0533053 -0.0555686 -0.0576495 -0.059542 -0.0612486 -0.0627736 -0.0641165 -0.0652886 -0.0662906 -0.0671348 -0.0678275 -0.0683777 -0.0687981 -0.0690947 -0.0692834 -0.0693695 -0.0693684 -0.0692872 -0.0691376 -0.0689297 -0.0686708 -0.068373 -0.0680403 -0.0676852 -0.0673098 -0.0669256 -0.0665341 -0.0661446 -0.065759 -0.065384 -0.0650223 -0.0646778 -0.0643542 -0.0640531 -0.0637785 -0.0635306 -0.0633135 -0.063126 -0.0629725 -0.0628505 -0.0627643 -0.062711 -0.0626944 -0.062711 -0.0627643 -0.0628505 -0.0629725 -0.063126 -0.0633135 -0.0635306 -0.0637785 -0.0640531 -0.0643542 -0.0646778 -0.0650223 -0.065384 -0.065759 -0.0661446 -0.0665341 -0.0669256 -0.0673098 -0.0676852 -0.0680403 -0.068373 -0.0686708 -0.0689297 -0.0691376 -0.0692872 -0.0693684 -0.0693695 -0.0692834 -0.0690947 -0.0687981 -0.0683777 -0.0678275 -0.0671348 -0.0662906 -0.0652886 -0.0641165 -0.0627736 -0.0612486 -0.059542 -0.0576495 -0.0555686 -0.0533053 -0.0508559 -0.0482324 -0.0454391 -0.0424867 -0.0393938 -0.0361699 -0.0328412 -0.0294257 -0.0259438 -0.0224253 -0.018884 -0.0153471 -0.0118358 -0.00836151 -0.0049524 -0.00161844 0.00162706 0.00476226 0.0077898 0.0107009 0.0134899 0.016175 0.0187548 0.0212375 0.0236517 0.0260038 0.0283199 0.0306506 0.0330201 0.0354676 0.0380489 0.040777 0.0436694 0.0467731 0.0500945 0.0536205 0.0573636 0.0612903 0.0653153 0.069397 0.0735018 0.077507 0.0812657 0.0846925 0.0876994 0.0901502 0.0919539 0.0931186 0.0936771 0.093646 0.0930814 0.0921081 0.0908753 0.0895334 0.0882527 0.0872094 0.0865275 
