0 0 0 0 0 0 0 0 0 0 0 0 0 0 0 0 0 0 0 0 0 0 0 0 0 0 0 0 0 0 0 0 0 0 0 0 0 0 0 0 0 0 0 0 0 0 0 0 0 0 0 0 0 0 0 0 0 0 0 0 0 0 0 0 0 0 0 0 0 0 0 0 0 0 0 0 0 0 0 0 0 0 0 0 0 0 0 0 0 0 0 0 0 0 0 0 0 0 0 0 0 0 0 0 0 0 0 0 0 0 0 0 0 0 0 0 0 0 0 0 0 0 0 0 0 0 0 0 0 0 0 0 0 0 0 0 0 0 0 0 0 0 0 0 0 0 0 0 0 0 0 0 0 0 0 0 0 0 0 0 0 0 0 0 0 0 0 0 0 0 0 0 0 0 0 0 0 0 0 0 0 0 0 0 0 0 0 0 0 0 0 0 0 0 0 0 0 0 0 0 
0 0.000267698 0.000534944 0.000806577 0.00109679 0.00142983 0.00183505 0.00233671 0.00294313 0.003643 0.0044131 0.00523353 0.0060987 0.00701386 0.00797829 0.0089687 0.00993717 0.0108259 0.011587 0.0121922 0.0126274 0.0128792 0.0129261 0.0127405 0.0123 0.0115987 0.0106517 0.00949113 0.008157 0.00668903 0.00512294 0.00349177 0.00182944 0.000173337 -0.00143606 -0.00295852 -0.00435869 -0.00560998 -0.00669639 -0.00761185 -0.00835794 -0.008941 -0.00936974 -0.00965384 -0.00980373 -0.00983088 -0.00974832 -0.00957087 -0.00931484 -0.00899728 -0.008635 -0.00824352 -0.00783627 -0.00742412 -0.00701534 -0.00661582 -0.00622948 -0.00585885 -0.00550549 -0.00517042 -0.00485435 -0.00455782 -0.00428124 -0.00402484 -0.00378864 -0.00357239 -0.00337554 -0.00319726 -0.00303646 -0.00289188 -0.0027621 -0.00264566 -0.00254111 -0.00244706 -0.00236221 -0.00228543 -0.00221571 -0.00215217 -0.0020941 -0.00204089 -0.00199205 -0.00194717 -0.00190593 -0.00186806 -0.00183332 -0.00180153 -0.00177251 -0.00174611 -0.00172221 -0.00170068 -0.00168141 -0.00166429 -0.00164923 -0.00163615 -0.00162497 -0.00161563 -0.00160806 -0.00160223 -0.00159808 -0.00159561 -0.00159479 -0.00159561 -0.00159808 -0.00160223 -0.00160806 -0.00161563 -0.00162497 -0.00163615 -0.00164923 -0.00166429 -0.00168141 -0.00170068 -0.00172221 -0.00174611 -0.00177251 -0.00180153 -0.00183332 -0.00186806 -0.00190593 -0.00194717 -0.00199205 -0.00204089 -0.0020941 -0.00215217 -0.00221571 -0.00228543 -0.00236221 -0.00244706 -0.00254111 -0.00264566 -0.0027621 -0.00289188 -0.00303646 -0.00319726 -0.00337554 -0.00357239 -0.00378864 -0.00402484 -0.00428124 -0.00455782 -0.00485435 -0.00517042 -0.00550549 -0.00585885 -0.00622948 -0.00661582 -0.00701534 -0.00742412 -0.00783627 -0.00824352 -0.008635 -0.00899728 -0.00931484 -0.00957087 -0.00974832 -0.00983088 -0.00980373 -0.00965384 -0.00936974 -0.008941 -0.00835794 -0.00761185 -0.00669639 -0.00560998 -0.00435869 -0.00295852 -0.00143606 0.000173337 0.00182944 0.00349177 0.00512294 0.00668903 0.008157 0.00949113 0.0106517 0.0115987 0.0123 0.0127405 0.0129261 0.0128792 0.0126274 0.0121922 0.011587 0.0108259 0.00993717 0.0089687 0.00797829 0.00701387 0.00609875 0.0052337 0.00441362 0.00364448 0.00294697 0.00234594 0.00185572 0.00147303 0.00118115 0.000960663 0.000798448 0.000690177 
0 0.000534944 0.0010742 0.0016318 0.00223749 0.00293524 0.0037729 0.00478618 0.00598585 0.00735686 0.00887116 0.0105046 0.012244 0.0140781 0.0159795 0.0178934 0.0197427 0.0214439 0.0229217 0.0241143 0.0249688 0.0254372 0.0254757 0.0250501 0.024143 0.0227586 0.0209226 0.0186794 0.0160874 0.0132147 0.010136 0.00693007 0.00367728 0.000456179 -0.00265965 -0.00560473 -0.00832404 -0.0107745 -0.0129252 -0.0147576 -0.0162643 -0.0174481 -0.0183207 -0.0189009 -0.0192135 -0.0192869 -0.0191521 -0.0188405 -0.0183834 -0.0178105 -0.0171493 -0.0164247 -0.0156589 -0.0148712 -0.0140779 -0.0132926 -0.0125264 -0.0117877 -0.0110829 -0.0104164 -0.00979067 -0.00920703 -0.00866551 -0.00816526 -0.00770479 -0.00728216 -0.00689518 -0.00654147 -0.00621868 -0.00592443 -0.00565646 -0.00541263 -0.0051909 -0.00498937 -0.00480629 -0.00464002 -0.00448906 -0.00435204 -0.00422768 -0.00411484 -0.00401246 -0.00391958 -0.00383537 -0.00375904 -0.00368992 -0.00362738 -0.0035709 -0.00351999 -0.00347425 -0.00343329 -0.00339681 -0.00336453 -0.00333622 -0.00331167 -0.00329071 -0.00327321 -0.00325903 -0.0032481 -0.00324034 -0.00323571 -0.00323417 -0.00323571 -0.00324034 -0.0032481 -0.00325903 -0.00327321 -0.00329071 -0.00331167 -0.00333622 -0.00336453 -0.00339681 -0.00343329 -0.00347425 -0.00351999 -0.0035709 -0.00362738 -0.00368992 -0.00375904 -0.00383537 -0.00391958 -0.00401246 -0.00411484 -0.00422768 -0.00435204 -0.00448906 -0.00464002 -0.00480629 -0.00498937 -0.0051909 -0.00541263 -0.00565646 -0.00592443 -0.00621868 -0.00654147 -0.00689518 -0.00728216 -0.00770479 -0.00816526 -0.00866551 -0.00920703 -0.00979067 -0.0104164 -0.0110829 -0.0117877 -0.0125264 -0.0132926 -0.0140779 -0.0148712 -0.0156589 -0.0164247 -0.0171493 -0.0178105 -0.0183834 -0.0188405 -0.0191521 -0.0192869 -0.0192135 -0.0189009 -0.0183207 -0.0174481 -0.0162643 -0.0147576 -0.0129252 -0.0107745 -0.00832404 -0.00560473 -0.00265965 0.000456179 0.00367728 0.00693007 0.010136 0.0132147 0.0160874 0.0186794 0.0209226 0.0227586 0.024143 0.0250501 0.0254757 0.0254372 0.0249688 0.0241143 0.0229217 0.0214439 0.0197427 0.0178934 0.0159795 0.0140782 0.0122442 0.0105051 0.00887274 0.00736108 0.00599628 0.00481018 0.0038245 0.00303905 0.0024332 0.00197791 0.0016491 0.00143382 
0 0.000806577 0.0016318 0.00250534 0.00347203 0.00458579 0.00589591 0.00743402 0.00920988 0.0112176 0.013445 0.0158749 0.0184774 0.0212002 0.0239694 0.0267002 0.0293075 0.0317065 0.0338057 0.035504 0.0366997 0.0373064 0.0372662 0.0365535 0.0351688 0.0331309 0.0304725 0.0272425 0.0235101 0.0193669 0.0149241 0.0103032 0.00562588 0.00100495 -0.00346073 -0.00768755 -0.0116062 -0.0151601 -0.018305 -0.0210099 -0.0232579 -0.025047 -0.0263903 -0.0273131 -0.0278511 -0.0280459 -0.0279418 -0.0275835 -0.0270134 -0.0262715 -0.0253941 -0.0244146 -0.0233631 -0.0222667 -0.0211496 -0.0200326 -0.0189334 -0.0178662 -0.0168419 -0.0158683 -0.0149503 -0.0140905 -0.0132895 -0.0125463 -0.011859 -0.011225 -0.0106414 -0.0101049 -0.00961237 -0.00916087 -0.00874743 -0.0083693 -0.00802385 -0.00770865 -0.00742135 -0.00715976 -0.0069218 -0.00670553 -0.0065091 -0.00633081 -0.00616907 -0.00602241 -0.00588951 -0.00576914 -0.00566022 -0.00556177 -0.00547292 -0.0053929 -0.00532103 -0.00525673 -0.00519948 -0.00514885 -0.00510445 -0.00506595 -0.0050331 -0.00500566 -0.00498345 -0.00496632 -0.00495416 -0.0049469 -0.00494448 -0.0049469 -0.00495416 -0.00496632 -0.00498345 -0.00500566 -0.0050331 -0.00506595 -0.00510445 -0.00514885 -0.00519948 -0.00525673 -0.00532103 -0.0053929 -0.00547292 -0.00556177 -0.00566022 -0.00576914 -0.00588951 -0.00602241 -0.00616907 -0.00633081 -0.0065091 -0.00670553 -0.0069218 -0.00715976 -0.00742135 -0.00770865 -0.00802385 -0.0083693 -0.00874743 -0.00916087 -0.00961237 -0.0101049 -0.0106414 -0.011225 -0.011859 -0.0125463 -0.0132895 -0.0140905 -0.0149503 -0.0158683 -0.0168419 -0.0178662 -0.0189334 -0.0200326 -0.0211496 -0.0222667 -0.0233631 -0.0244146 -0.0253941 -0.0262715 -0.0270134 -0.0275835 -0.0279418 -0.0280459 -0.0278511 -0.0273131 -0.0263903 -0.025047 -0.0232579 -0.0210099 -0.018305 -0.0151601 -0.0116062 -0.00768755 -0.00346073 0.00100495 0.00562588 0.0103032 0.0149241 0.0193669 0.0235101 0.0272425 0.0304725 0.0331309 0.0351688 0.0365535 0.0372662 0.0373064 0.0366997 0.035504 0.0338057 0.0317065 0.0293075 0.0267002 0.0239694 0.0212003 0.0184779 0.0158764 0.013449 0.0112278 0.00923348 0.00748545 0.00600088 0.00478683 0.00383376 0.00311769 0.00260938 0.00228359 
0 0.00109679 0.00223749 0.00347203 0.00485519 0.00643746 0.00825552 0.0103308 0.012677 0.0153071 0.0182269 0.0214174 0.0248192 0.0283372 0.0318629 0.0352955 0.0385431 0.041508 0.0440737 0.0461104 0.0474947 0.0481295 0.047954 0.0469421 0.0450949 0.0424361 0.0390108 0.0348884 0.0301631 0.0249515 0.0193856 0.013605 0.00774824 0.00194739 -0.00367681 -0.00901769 -0.0139848 -0.0185055 -0.0225259 -0.0260114 -0.0289456 -0.0313288 -0.0331756 -0.0345127 -0.0353757 -0.0358074 -0.0358547 -0.0355675 -0.0349959 -0.0341898 -0.0331962 -0.0320594 -0.030819 -0.0295104 -0.0281637 -0.0268045 -0.0254539 -0.0241288 -0.0228425 -0.0216052 -0.0204244 -0.0193053 -0.018251 -0.0172632 -0.0163422 -0.0154869 -0.0146957 -0.013966 -0.0132947 -0.0126786 -0.0121139 -0.011597 -0.0111244 -0.0106924 -0.0102977 -0.00993712 -0.00960776 -0.00930692 -0.00903214 -0.0087812 -0.00855209 -0.00834301 -0.00815234 -0.00797862 -0.00782056 -0.00767699 -0.00754686 -0.00742924 -0.00732329 -0.00722828 -0.00714355 -0.00706851 -0.00700265 -0.00694554 -0.00689678 -0.00685605 -0.00682309 -0.00679768 -0.00677964 -0.00676887 -0.00676528 -0.00676887 -0.00677964 -0.00679768 -0.00682309 -0.00685605 -0.00689678 -0.00694554 -0.00700265 -0.00706851 -0.00714355 -0.00722828 -0.00732329 -0.00742924 -0.00754686 -0.00767699 -0.00782056 -0.00797862 -0.00815234 -0.00834301 -0.00855209 -0.0087812 -0.00903214 -0.00930692 -0.00960776 -0.00993712 -0.0102977 -0.0106924 -0.0111244 -0.011597 -0.0121139 -0.0126786 -0.0132947 -0.013966 -0.0146957 -0.0154869 -0.0163422 -0.0172632 -0.018251 -0.0193053 -0.0204244 -0.0216052 -0.0228425 -0.0241288 -0.0254539 -0.0268045 -0.0281637 -0.0295104 -0.030819 -0.0320594 -0.0331962 -0.0341898 -0.0349959 -0.0355675 -0.0358547 -0.0358074 -0.0353757 -0.0345127 -0.0331756 -0.0313288 -0.0289456 -0.0260114 -0.0225259 -0.0185055 -0.0139848 -0.00901769 -0.00367681 0.00194739 0.00774824 0.013605 0.0193856 0.0249515 0.0301631 0.0348884 0.0390108 0.0424361 0.0450949 0.0469421 0.047954 0.0481295 0.0474947 0.0461104 0.0440737 0.041508 0.0385431 0.0352955 0.031863 0.0283377 0.0248206 0.0214212 0.0182365 0.0153295 0.0127264 0.0104324 0.00845186 0.00679423 0.00546555 0.00445755 0.00374497 0.00329351 
0 0.00142983 0.00293524 0.00458579 0.00643746 0.00852749 0.0108777 0.0135066 0.0164391 0.0197004 0.0232929 0.0271746 0.0312576 0.0354301 0.0395785 0.0435912 0.0473478 0.0507127 0.0535445 0.0557133 0.0571115 0.0576549 0.0572805 0.0559489 0.053651 0.0504152 0.0463087 0.0414312 0.035904 0.02986 0.0234373 0.0167764 0.0100194 0.00330811 -0.00322139 -0.00944479 -0.0152563 -0.0205731 -0.0253368 -0.0295117 -0.033082 -0.0360476 -0.0384212 -0.0402257 -0.0414928 -0.042262 -0.0425791 -0.0424949 -0.0420634 -0.041339 -0.0403751 -0.0392218 -0.0379248 -0.0365245 -0.0350563 -0.0335498 -0.0320302 -0.0305183 -0.0290313 -0.027583 -0.0261845 -0.0248442 -0.0235686 -0.0223618 -0.0212264 -0.0201632 -0.0191719 -0.0182508 -0.0173976 -0.0166093 -0.0158824 -0.0152131 -0.0145977 -0.0140323 -0.0135133 -0.013037 -0.0126002 -0.0121998 -0.0118328 -0.0114968 -0.0111892 -0.0109079 -0.0106509 -0.0104163 -0.0102026 -0.0100083 -0.00983202 -0.00967255 -0.00952881 -0.00939984 -0.00928477 -0.00918282 -0.00909333 -0.00901569 -0.0089494 -0.00889402 -0.00884919 -0.00881462 -0.00879009 -0.00877543 -0.00877055 -0.00877543 -0.00879009 -0.00881462 -0.00884919 -0.00889402 -0.0089494 -0.00901569 -0.00909333 -0.00918282 -0.00928477 -0.00939984 -0.00952881 -0.00967255 -0.00983202 -0.0100083 -0.0102026 -0.0104163 -0.0106509 -0.0109079 -0.0111892 -0.0114968 -0.0118328 -0.0121998 -0.0126002 -0.013037 -0.0135133 -0.0140323 -0.0145977 -0.0152131 -0.0158824 -0.0166093 -0.0173976 -0.0182508 -0.0191719 -0.0201632 -0.0212264 -0.0223618 -0.0235686 -0.0248442 -0.0261845 -0.027583 -0.0290313 -0.0305183 -0.0320302 -0.0335498 -0.0350563 -0.0365245 -0.0379248 -0.0392218 -0.0403751 -0.041339 -0.0420634 -0.0424949 -0.0425791 -0.042262 -0.0414928 -0.0402257 -0.0384212 -0.0360476 -0.033082 -0.0295117 -0.0253368 -0.0205731 -0.0152563 -0.00944479 -0.00322139 0.00330811 0.0100194 0.0167764 0.0234373 0.02986 0.035904 0.0414312 0.0463087 0.0504152 0.053651 0.0559489 0.0572805 0.0576549 0.0571115 0.0557133 0.0535445 0.0507127 0.0473479 0.0435913 0.0395789 0.0354314 0.0312611 0.0271834 0.0233139 0.0197469 0.0165357 0.0136949 0.0112227 0.0091225 0.00740592 0.00607909 0.005129 0.00452423 
0 0.00183505 0.0037729 0.00589591 0.00825552 0.0108777 0.0137808 0.0169911 0.0205395 0.0244389 0.0286604 0.033132 0.0377588 0.0424402 0.0470654 0.0514984 0.0555766 0.0591346 0.0620303 0.064153 0.0654146 0.0657391 0.0650646 0.0633538 0.0606079 0.0568713 0.0522273 0.0467866 0.040677 0.0340358 0.0270061 0.0197351 0.0123708 0.00505725 -0.00207087 -0.0088934 -0.0153082 -0.021233 -0.0266051 -0.031381 -0.0355353 -0.0390592 -0.0419587 -0.0442533 -0.0459735 -0.0471581 -0.0478525 -0.0481054 -0.0479677 -0.0474903 -0.0467234 -0.0457151 -0.0445111 -0.0431544 -0.0416841 -0.0401356 -0.0385405 -0.0369258 -0.0353146 -0.0337257 -0.0321743 -0.0306719 -0.0292273 -0.0278465 -0.0265336 -0.0252908 -0.024119 -0.0230181 -0.0219869 -0.021024 -0.0201271 -0.0192938 -0.0185211 -0.0178063 -0.017146 -0.0165373 -0.0159769 -0.0154617 -0.0149887 -0.0145548 -0.0141574 -0.0137938 -0.0134615 -0.0131583 -0.012882 -0.0126307 -0.0124027 -0.0121964 -0.0120104 -0.0118435 -0.0116945 -0.0115624 -0.0114463 -0.0113456 -0.0112596 -0.0111876 -0.0111294 -0.0110844 -0.0110525 -0.0110335 -0.0110271 -0.0110335 -0.0110525 -0.0110844 -0.0111294 -0.0111876 -0.0112596 -0.0113456 -0.0114463 -0.0115624 -0.0116945 -0.0118435 -0.0120104 -0.0121964 -0.0124027 -0.0126307 -0.012882 -0.0131583 -0.0134615 -0.0137938 -0.0141574 -0.0145548 -0.0149887 -0.0154617 -0.0159769 -0.0165373 -0.017146 -0.0178063 -0.0185211 -0.0192938 -0.0201271 -0.021024 -0.0219869 -0.0230181 -0.024119 -0.0252908 -0.0265336 -0.0278465 -0.0292273 -0.0306719 -0.0321743 -0.0337257 -0.0353146 -0.0369258 -0.0385405 -0.0401356 -0.0416841 -0.0431544 -0.0445111 -0.0457151 -0.0467234 -0.0474903 -0.0479677 -0.0481054 -0.0478525 -0.0471581 -0.0459735 -0.0442533 -0.0419587 -0.0390592 -0.0355353 -0.031381 -0.0266051 -0.021233 -0.0153082 -0.0088934 -0.00207087 0.00505725 0.0123708 0.0197351 0.0270061 0.0340358 0.040677 0.0467866 0.0522273 0.0568713 0.0606079 0.0633538 0.0650646 0.0657391 0.0654146 0.064153 0.0620303 0.0591346 0.0555767 0.0514987 0.0470666 0.0424434 0.037767 0.0331514 0.0287037 0.0245297 0.020718 0.0173207 0.0143539 0.0118178 0.00971557 0.00805514 0.00683725 0.0060486 
0 0.00233671 0.00478618 0.00743402 0.0103308 0.0135066 0.0169911 0.0208164 0.0249972 0.0295075 0.0342814 0.0392353 0.044286 0.0493396 0.0542672 0.0589016 0.0630655 0.0666034 0.0693903 0.071322 0.0723081 0.0722783 0.0711926 0.0690478 0.0658755 0.0617355 0.0567096 0.0508988 0.0444242 0.0374242 0.0300492 0.0224524 0.0147805 0.00716773 -0.000267258 -0.00742034 -0.0142007 -0.0205299 -0.0263425 -0.0315879 -0.036232 -0.0402579 -0.0436652 -0.0464679 -0.0486913 -0.0503684 -0.0515378 -0.0522409 -0.0525212 -0.052423 -0.051991 -0.05127 -0.0503042 -0.0491366 -0.0478079 -0.0463563 -0.0448164 -0.0432189 -0.0415908 -0.0399548 -0.0383298 -0.0367314 -0.0351718 -0.0336608 -0.0322057 -0.0308119 -0.0294832 -0.028222 -0.0270293 -0.0259056 -0.02485 -0.0238615 -0.0229382 -0.0220778 -0.0212779 -0.0205356 -0.0198481 -0.0192123 -0.0186254 -0.0180843 -0.0175863 -0.0171286 -0.0167085 -0.0163238 -0.015972 -0.0156511 -0.0153591 -0.0150944 -0.0148552 -0.0146401 -0.0144478 -0.0142771 -0.014127 -0.0139966 -0.0138852 -0.013792 -0.0137164 -0.0136581 -0.0136168 -0.013592 -0.0135838 -0.013592 -0.0136168 -0.0136581 -0.0137164 -0.013792 -0.0138852 -0.0139966 -0.014127 -0.0142771 -0.0144478 -0.0146401 -0.0148552 -0.0150944 -0.0153591 -0.0156511 -0.015972 -0.0163238 -0.0167085 -0.0171286 -0.0175863 -0.0180843 -0.0186254 -0.0192123 -0.0198481 -0.0205356 -0.0212779 -0.0220778 -0.0229382 -0.0238615 -0.02485 -0.0259056 -0.0270293 -0.028222 -0.0294832 -0.0308119 -0.0322057 -0.0336608 -0.0351718 -0.0367314 -0.0383298 -0.0399548 -0.0415908 -0.0432189 -0.0448164 -0.0463563 -0.0478079 -0.0491366 -0.0503042 -0.05127 -0.051991 -0.052423 -0.0525212 -0.0522409 -0.0515378 -0.0503684 -0.0486913 -0.0464679 -0.0436652 -0.0402579 -0.036232 -0.0315879 -0.0263425 -0.0205299 -0.0142007 -0.00742034 -0.000267258 0.00716773 0.0147805 0.0224524 0.0300492 0.0374242 0.0444242 0.0508988 0.0567096 0.0617355 0.0658755 0.0690478 0.0711926 0.0722783 0.0723081 0.071322 0.0693904 0.0666035 0.0630659 0.0589026 0.05427 0.049347 0.0443037 0.0392752 0.0343656 0.0296747 0.0253087 0.0213629 0.0178949 0.0149212 0.0124373 0.0104413 0.00894202 0.00795232 
0 0.00294313 0.00598585 0.00920988 0.012677 0.0164391 0.0205395 0.0249972 0.0297864 0.0348401 0.0400767 0.0454201 0.0507873 0.0560593 0.0610772 0.0656724 0.0696972 0.0730258 0.0755385 0.0771223 0.0776904 0.0771982 0.0756453 0.0730645 0.069509 0.0650452 0.0597535 0.0537337 0.0471056 0.0400034 0.0325672 0.0249342 0.0172324 0.00957875 0.00207876 -0.00517288 -0.0120925 -0.0186082 -0.0246615 -0.0302069 -0.0352127 -0.0396596 -0.0435392 -0.0468533 -0.0496121 -0.0518341 -0.0535441 -0.0547734 -0.0555577 -0.0559361 -0.0559497 -0.05564 -0.0550484 -0.0542146 -0.0531764 -0.0519695 -0.0506269 -0.0491794 -0.0476551 -0.0460794 -0.0444752 -0.0428627 -0.0412595 -0.0396804 -0.0381375 -0.0366407 -0.0351976 -0.0338137 -0.0324926 -0.0312368 -0.0300471 -0.0289236 -0.0278656 -0.0268718 -0.0259402 -0.0250689 -0.0242556 -0.0234978 -0.0227931 -0.0221389 -0.0215329 -0.0209725 -0.0204555 -0.0199794 -0.0195423 -0.0191419 -0.0187764 -0.0184439 -0.0181427 -0.0178713 -0.0176282 -0.0174121 -0.0172218 -0.0170563 -0.0169148 -0.0167963 -0.0167002 -0.0166261 -0.0165734 -0.0165419 -0.0165314 -0.0165419 -0.0165734 -0.0166261 -0.0167002 -0.0167963 -0.0169148 -0.0170563 -0.0172218 -0.0174121 -0.0176282 -0.0178713 -0.0181427 -0.0184439 -0.0187764 -0.0191419 -0.0195423 -0.0199794 -0.0204555 -0.0209725 -0.0215329 -0.0221389 -0.0227931 -0.0234978 -0.0242556 -0.0250689 -0.0259402 -0.0268718 -0.0278656 -0.0289236 -0.0300471 -0.0312368 -0.0324926 -0.0338137 -0.0351976 -0.0366407 -0.0381375 -0.0396804 -0.0412595 -0.0428627 -0.0444752 -0.0460794 -0.0476551 -0.0491794 -0.0506269 -0.0519695 -0.0531764 -0.0542146 -0.0550484 -0.05564 -0.0559497 -0.0559361 -0.0555577 -0.0547734 -0.0535441 -0.0518341 -0.0496121 -0.0468533 -0.0435392 -0.0396596 -0.0352127 -0.0302069 -0.0246615 -0.0186082 -0.0120925 -0.00517288 0.00207876 0.00957875 0.0172324 0.0249342 0.0325672 0.0400034 0.0471056 0.0537337 0.0597535 0.0650452 0.069509 0.0730645 0.0756453 0.0771982 0.0776904 0.0771224 0.0755385 0.0730261 0.0696981 0.0656749 0.0610837 0.0560752 0.0508236 0.0454974 0.0402314 0.0351313 0.0303021 0.025858 0.0218984 0.0184781 0.015607 0.0132803 0.0115091 0.0103269 
0 0.003643 0.00735686 0.0112176 0.0153071 0.0197004 0.0244389 0.0295075 0.0348401 0.0403527 0.0459697 0.0516111 0.0571606 0.0624626 0.0673573 0.0717132 0.0754185 0.0783563 0.0804067 0.0814747 0.0815113 0.0805098 0.0784938 0.075508 0.0716137 0.0668901 0.061435 0.0553596 0.0487799 0.0418096 0.0345589 0.027134 0.0196386 0.0121737 0.00483455 -0.00229384 -0.00913896 -0.0156423 -0.021758 -0.0274498 -0.0326892 -0.0374537 -0.0417259 -0.0454951 -0.0487579 -0.0515188 -0.0537903 -0.0555919 -0.0569493 -0.057892 -0.0584523 -0.058664 -0.0585611 -0.0581777 -0.0575472 -0.0567026 -0.0556755 -0.0544965 -0.0531949 -0.051798 -0.0503311 -0.0488172 -0.0472768 -0.0457281 -0.0441865 -0.0426652 -0.041175 -0.0397248 -0.0383215 -0.0369704 -0.0356753 -0.034439 -0.0332629 -0.032148 -0.0310941 -0.0301008 -0.0291671 -0.0282915 -0.0274725 -0.0267082 -0.0259965 -0.0253354 -0.0247228 -0.0241566 -0.0236346 -0.0231548 -0.0227154 -0.0223144 -0.0219502 -0.021621 -0.0213255 -0.0210622 -0.0208299 -0.0206275 -0.020454 -0.0203087 -0.0201907 -0.0200995 -0.0200347 -0.019996 -0.0199831 -0.019996 -0.0200347 -0.0200995 -0.0201907 -0.0203087 -0.020454 -0.0206275 -0.0208299 -0.0210622 -0.0213255 -0.021621 -0.0219502 -0.0223144 -0.0227154 -0.0231548 -0.0236346 -0.0241566 -0.0247228 -0.0253354 -0.0259965 -0.0267082 -0.0274725 -0.0282915 -0.0291671 -0.0301008 -0.0310941 -0.032148 -0.0332629 -0.034439 -0.0356753 -0.0369704 -0.0383215 -0.0397248 -0.041175 -0.0426652 -0.0441865 -0.0457281 -0.0472768 -0.0488172 -0.0503311 -0.051798 -0.0531949 -0.0544965 -0.0556755 -0.0567026 -0.0575472 -0.0581777 -0.0585611 -0.058664 -0.0584523 -0.057892 -0.0569493 -0.0555919 -0.0537903 -0.0515188 -0.0487579 -0.0454951 -0.0417259 -0.0374537 -0.0326892 -0.0274498 -0.021758 -0.0156423 -0.00913896 -0.00229384 0.00483455 0.0121737 0.0196386 0.027134 0.0345589 0.0418096 0.0487799 0.0553596 0.061435 0.0668901 0.0716137 0.075508 0.0784938 0.0805098 0.0815113 0.0814748 0.0804069 0.0783571 0.0754207 0.071719 0.0673715 0.062495 0.0572305 0.0517526 0.0462389 0.0408344 0.0356522 0.0308016 0.0263972 0.0225349 0.0192681 0.0166166 0.0146001 0.0132576 
0 0.0044131 0.00887116 0.013445 0.0182269 0.0232929 0.0286604 0.0342814 0.0400767 0.0459697 0.0518803 0.0576919 0.0632471 0.0683883 0.0729927 0.07696 0.0801808 0.0825407 0.0839555 0.0843885 0.0838358 0.0823101 0.079841 0.0764811 0.0723078 0.0674213 0.0619336 0.055953 0.0495782 0.0428999 0.0360035 0.0289721 0.0218881 0.0148296 0.00786717 0.00106298 -0.00552967 -0.0118651 -0.0179031 -0.0236081 -0.0289497 -0.0339018 -0.0384441 -0.0425625 -0.0462477 -0.0494965 -0.0523099 -0.0546936 -0.0566574 -0.0582153 -0.0593855 -0.0601898 -0.0606536 -0.0608048 -0.060673 -0.0602889 -0.059683 -0.0588853 -0.0579242 -0.0568268 -0.0556182 -0.0543215 -0.052958 -0.0515471 -0.0501063 -0.0486514 -0.0471962 -0.045753 -0.0443325 -0.0429435 -0.0415936 -0.0402886 -0.0390332 -0.0378308 -0.0366839 -0.0355938 -0.0345612 -0.0335861 -0.0326681 -0.031806 -0.0309988 -0.030245 -0.0295428 -0.0288906 -0.0282867 -0.0277293 -0.0272167 -0.0267471 -0.026319 -0.0259309 -0.0255814 -0.0252692 -0.0249931 -0.024752 -0.0245449 -0.0243711 -0.0242299 -0.0241206 -0.0240429 -0.0239964 -0.0239809 -0.0239964 -0.0240429 -0.0241206 -0.0242299 -0.0243711 -0.0245449 -0.024752 -0.0249931 -0.0252692 -0.0255814 -0.0259309 -0.026319 -0.0267471 -0.0272167 -0.0277293 -0.0282867 -0.0288906 -0.0295428 -0.030245 -0.0309988 -0.031806 -0.0326681 -0.0335861 -0.0345612 -0.0355938 -0.0366839 -0.0378308 -0.0390332 -0.0402886 -0.0415936 -0.0429435 -0.0443325 -0.045753 -0.0471962 -0.0486514 -0.0501063 -0.0515471 -0.052958 -0.0543215 -0.0556182 -0.0568268 -0.0579242 -0.0588853 -0.059683 -0.0602889 -0.060673 -0.0608048 -0.0606536 -0.0601898 -0.0593855 -0.0582153 -0.0566574 -0.0546936 -0.0523099 -0.0494965 -0.0462477 -0.0425625 -0.0384441 -0.0339018 -0.0289497 -0.0236081 -0.0179031 -0.0118651 -0.00552967 0.00106298 0.00786717 0.0148296 0.0218881 0.0289721 0.0360035 0.0428999 0.0495782 0.055953 0.0619336 0.0674213 0.0723078 0.0764811 0.079841 0.0823101 0.0838359 0.0843887 0.0839562 0.0825426 0.0801858 0.0769723 0.0730214 0.0684508 0.063375 0.0579379 0.0523255 0.0467284 0.041298 0.036147 0.0313828 0.0271223 0.0234727 0.0205092 0.0182778 0.0168122 
0 0.00523353 0.0105046 0.0158749 0.0214174 0.0271746 0.033132 0.0392353 0.0454201 0.0516111 0.0576919 0.0635022 0.068882 0.0737118 0.077897 0.0813308 0.0839016 0.0855382 0.0862254 0.0859737 0.0847978 0.082725 0.0798085 0.0761257 0.071772 0.0668509 0.0614609 0.0556914 0.0496272 0.0433491 0.0369304 0.0304362 0.023921 0.017429 0.0109983 0.00466535 -0.0015335 -0.00756073 -0.0133793 -0.0189557 -0.0242605 -0.0292694 -0.0339627 -0.0383239 -0.0423385 -0.0459945 -0.0492813 -0.0521918 -0.0547228 -0.0568755 -0.0586566 -0.0600773 -0.0611534 -0.0619044 -0.0623522 -0.0625208 -0.0624352 -0.0621208 -0.0616029 -0.0609065 -0.0600561 -0.0590752 -0.057986 -0.0568098 -0.0555662 -0.0542735 -0.052948 -0.0516046 -0.0502565 -0.0489151 -0.0475903 -0.0462905 -0.0450227 -0.0437926 -0.0426048 -0.0414629 -0.0403695 -0.0393266 -0.0383353 -0.0373964 -0.0365101 -0.0356762 -0.0348941 -0.0341633 -0.0334826 -0.0328511 -0.0322677 -0.0317311 -0.03124 -0.0307934 -0.03039 -0.0300286 -0.0297084 -0.0294281 -0.0291871 -0.0289845 -0.0288197 -0.0286921 -0.0286012 -0.0285468 -0.0285287 -0.0285468 -0.0286012 -0.0286921 -0.0288197 -0.0289845 -0.0291871 -0.0294281 -0.0297084 -0.0300286 -0.03039 -0.0307934 -0.03124 -0.0317311 -0.0322677 -0.0328511 -0.0334826 -0.0341633 -0.0348941 -0.0356762 -0.0365101 -0.0373964 -0.0383353 -0.0393266 -0.0403695 -0.0414629 -0.0426048 -0.0437926 -0.0450227 -0.0462905 -0.0475903 -0.0489151 -0.0502565 -0.0516046 -0.052948 -0.0542735 -0.0555662 -0.0568098 -0.057986 -0.0590752 -0.0600561 -0.0609065 -0.0616029 -0.0621208 -0.0624352 -0.0625208 -0.0623522 -0.0619044 -0.0611534 -0.0600773 -0.0586566 -0.0568755 -0.0547228 -0.0521918 -0.0492813 -0.0459945 -0.0423385 -0.0383239 -0.0339627 -0.0292694 -0.0242605 -0.0189557 -0.0133793 -0.00756073 -0.0015335 0.00466535 0.0109983 0.017429 0.023921 0.0304362 0.0369304 0.0433491 0.0496272 0.0556914 0.0614609 0.0668509 0.071772 0.0761257 0.0798086 0.0827251 0.084798 0.0859743 0.086227 0.0855425 0.0839122 0.0813558 0.0779522 0.073826 0.0691043 0.0639092 0.0583936 0.0527534 0.0471829 0.0418306 0.0368094 0.0322402 0.0282672 0.0250264 0.0226064 0.0210401 
0 0.0060987 0.012244 0.0184774 0.0248192 0.0312576 0.0377588 0.044286 0.0507873 0.0571606 0.0632471 0.068882 0.073944 0.0783417 0.08197 0.0847173 0.08652 0.0873787 0.0873173 0.0863556 0.0845306 0.0819135 0.0785959 0.0746734 0.0702407 0.0653842 0.0601823 0.054714 0.0490579 0.0432815 0.0374384 0.0315682 0.0256967 0.019843 0.0140263 0.00826579 0.00258279 -0.00299948 -0.00845867 -0.0137723 -0.0189169 -0.0238693 -0.0286054 -0.0331009 -0.0373334 -0.0412821 -0.0449298 -0.0482634 -0.0512733 -0.0539538 -0.0563029 -0.0583215 -0.0600143 -0.0613886 -0.0624553 -0.0632284 -0.0637242 -0.0639622 -0.0639634 -0.0637501 -0.0633456 -0.0627729 -0.0620548 -0.0612128 -0.0602677 -0.0592384 -0.0581427 -0.0569966 -0.0558147 -0.0546102 -0.0533948 -0.0521789 -0.0509717 -0.0497813 -0.0486145 -0.0474773 -0.0463747 -0.0453106 -0.0442885 -0.0433109 -0.0423797 -0.0414963 -0.0406617 -0.0398763 -0.0391402 -0.0384535 -0.0378155 -0.0372261 -0.0366843 -0.0361897 -0.0357413 -0.0353384 -0.0349803 -0.0346663 -0.0343955 -0.0341676 -0.0339818 -0.0338378 -0.0337352 -0.0336738 -0.0336533 -0.0336738 -0.0337352 -0.0338378 -0.0339818 -0.0341676 -0.0343955 -0.0346663 -0.0349803 -0.0353384 -0.0357413 -0.0361897 -0.0366843 -0.0372261 -0.0378155 -0.0384535 -0.0391402 -0.0398763 -0.0406617 -0.0414963 -0.0423797 -0.0433109 -0.0442885 -0.0453106 -0.0463747 -0.0474773 -0.0486145 -0.0497813 -0.0509717 -0.0521789 -0.0533948 -0.0546102 -0.0558147 -0.0569966 -0.0581427 -0.0592384 -0.0602677 -0.0612128 -0.0620548 -0.0627729 -0.0633456 -0.0637501 -0.0639634 -0.0639622 -0.0637242 -0.0632284 -0.0624553 -0.0613886 -0.0600143 -0.0583215 -0.0563029 -0.0539538 -0.0512733 -0.0482634 -0.0449298 -0.0412821 -0.0373334 -0.0331009 -0.0286054 -0.0238693 -0.0189169 -0.0137723 -0.00845867 -0.00299948 0.00258279 0.00826579 0.0140263 0.019843 0.0256967 0.0315682 0.0374384 0.0432815 0.0490579 0.054714 0.0601823 0.0653842 0.0702407 0.0746734 0.0785959 0.0819137 0.0845311 0.0863569 0.0873209 0.0873878 0.0865416 0.0847654 0.0820708 0.0785402 0.074312 0.0695244 0.0643054 0.0588119 0.0532425 0.047793 0.0426199 0.0378607 0.0336725 0.0302237 0.0276418 0.0259788 
0 0.00701386 0.0140781 0.0212002 0.0283372 0.0354301 0.0424402 0.0493396 0.0560593 0.0624626 0.0683883 0.0737118 0.0783417 0.0821745 0.0850987 0.0870553 0.0880567 0.0881356 0.0873133 0.085635 0.0831944 0.0801047 0.0764688 0.0723825 0.0679343 0.0632022 0.0582613 0.0531839 0.0480251 0.0428218 0.0376014 0.0323811 0.027172 0.0219853 0.0168283 0.0117036 0.00661431 0.00156309 -0.00344444 -0.00839483 -0.0132695 -0.018045 -0.0226937 -0.0271891 -0.0315055 -0.0356189 -0.0395094 -0.0431585 -0.04655 -0.0496707 -0.0525088 -0.0550561 -0.0573075 -0.0592613 -0.0609203 -0.0622903 -0.0633809 -0.064205 -0.0647772 -0.0651148 -0.0652355 -0.0651587 -0.0649037 -0.0644898 -0.0639365 -0.0632622 -0.0624852 -0.0616226 -0.0606904 -0.059704 -0.0586769 -0.0576222 -0.056551 -0.0554738 -0.0543996 -0.0533363 -0.0522908 -0.0512689 -0.0502759 -0.0493157 -0.0483919 -0.0475073 -0.0466642 -0.0458642 -0.0451088 -0.0443989 -0.0437351 -0.043118 -0.0425476 -0.0420241 -0.0415472 -0.0411171 -0.0407332 -0.0403955 -0.0401034 -0.039857 -0.0396556 -0.0394994 -0.0393878 -0.0393211 -0.0392987 -0.0393211 -0.0393878 -0.0394994 -0.0396556 -0.039857 -0.0401034 -0.0403955 -0.0407332 -0.0411171 -0.0415472 -0.0420241 -0.0425476 -0.043118 -0.0437351 -0.0443989 -0.0451088 -0.0458642 -0.0466642 -0.0475073 -0.0483919 -0.0493157 -0.0502759 -0.0512689 -0.0522908 -0.0533363 -0.0543996 -0.0554738 -0.056551 -0.0576222 -0.0586769 -0.059704 -0.0606904 -0.0616226 -0.0624852 -0.0632622 -0.0639365 -0.0644898 -0.0649037 -0.0651587 -0.0652355 -0.0651148 -0.0647772 -0.064205 -0.0633809 -0.0622903 -0.0609203 -0.0592613 -0.0573075 -0.0550561 -0.0525088 -0.0496707 -0.04655 -0.0431585 -0.0395094 -0.0356189 -0.0315055 -0.0271891 -0.0226937 -0.018045 -0.0132695 -0.00839483 -0.00344444 0.00156309 0.00661431 0.0117036 0.0168283 0.0219853 0.027172 0.0323811 0.0376014 0.0428218 0.0480251 0.0531839 0.0582613 0.0632022 0.0679343 0.0723825 0.076469 0.080105 0.0831955 0.0856379 0.0873209 0.0881539 0.0880981 0.087143 0.0852739 0.0825035 0.0789236 0.0746826 0.0699214 0.0647665 0.05938 0.0539744 0.0487678 0.0439463 0.0396755 0.0361185 0.0334177 0.0316621 
0 0.00797829 0.0159795 0.0239694 0.0318629 0.0395785 0.0470654 0.0542672 0.0610772 0.0673573 0.0729927 0.077897 0.08197 0.0850987 0.087224 0.0883674 0.0885715 0.0878601 0.0862839 0.0839553 0.0810051 0.0775407 0.0736617 0.0694725 0.0650663 0.0605228 0.0559129 0.051282 0.0466506 0.0420337 0.0374422 0.0328786 0.0283456 0.023841 0.0193531 0.0148706 0.0103846 0.0058874 0.00138039 -0.00312849 -0.00762859 -0.0121026 -0.0165312 -0.0208937 -0.0251652 -0.0293209 -0.0333351 -0.0371814 -0.0408366 -0.0442791 -0.047491 -0.0504589 -0.0531721 -0.0556245 -0.057813 -0.0597365 -0.0613981 -0.0628019 -0.0639553 -0.0648674 -0.0655493 -0.0660147 -0.0662776 -0.0663547 -0.0662625 -0.0660183 -0.0656398 -0.0651438 -0.0645473 -0.0638658 -0.0631145 -0.0623072 -0.0614565 -0.0605745 -0.0596712 -0.0587567 -0.057839 -0.056926 -0.0560242 -0.0551395 -0.054277 -0.053441 -0.0526355 -0.0518633 -0.0511276 -0.0504301 -0.0497732 -0.049158 -0.0485859 -0.0480576 -0.0475742 -0.0471359 -0.0467433 -0.0463965 -0.0460959 -0.0458413 -0.0456331 -0.0454711 -0.0453554 -0.045286 -0.0452628 -0.045286 -0.0453554 -0.0454711 -0.0456331 -0.0458413 -0.0460959 -0.0463965 -0.0467433 -0.0471359 -0.0475742 -0.0480576 -0.0485859 -0.049158 -0.0497732 -0.0504301 -0.0511276 -0.0518633 -0.0526355 -0.053441 -0.054277 -0.0551395 -0.0560242 -0.056926 -0.057839 -0.0587567 -0.0596712 -0.0605745 -0.0614565 -0.0623072 -0.0631145 -0.0638658 -0.0645473 -0.0651438 -0.0656398 -0.0660183 -0.0662625 -0.0663547 -0.0662776 -0.0660147 -0.0655493 -0.0648674 -0.0639553 -0.0628019 -0.0613981 -0.0597365 -0.057813 -0.0556245 -0.0531721 -0.0504589 -0.047491 -0.0442791 -0.0408366 -0.0371814 -0.0333351 -0.0293209 -0.0251652 -0.0208937 -0.0165312 -0.0121026 -0.00762859 -0.00312849 0.00138039 0.0058874 0.0103846 0.0148706 0.0193531 0.023841 0.0283456 0.0328786 0.0374422 0.0420337 0.0466506 0.051282 0.0559129 0.0605228 0.0650663 0.0694726 0.073662 0.0775416 0.0810076 0.0839616 0.0862993 0.0878952 0.0886469 0.0885201 0.0875148 0.0856201 0.0828516 0.0793072 0.0751366 0.0704781 0.0654668 0.0602941 0.0552108 0.050462 0.0462376 0.0426838 0.0399353 0.0381195 
0 0.0089687 0.0178934 0.0267002 0.0352955 0.0435912 0.0514984 0.0589016 0.0656724 0.0717132 0.07696 0.0813308 0.0847173 0.0870553 0.0883674 0.0887065 0.0881034 0.086615 0.0843703 0.0815158 0.0781591 0.0744004 0.0703625 0.0661586 0.0618746 0.0575836 0.0533341 0.049143 0.0450216 0.04098 0.0370109 0.0331003 0.0292334 0.0253849 0.0215323 0.017663 0.0137636 0.00982644 0.00585033 0.00183143 -0.00222874 -0.00632225 -0.01044 -0.0145637 -0.0186701 -0.0227353 -0.0267299 -0.0306272 -0.0344022 -0.0380298 -0.0414906 -0.0447656 -0.0478389 -0.0506986 -0.053333 -0.0557352 -0.0579003 -0.0598257 -0.0615135 -0.0629663 -0.0641912 -0.0651963 -0.0659917 -0.06659 -0.0670031 -0.0672459 -0.0673319 -0.067276 -0.067093 -0.0667967 -0.0664022 -0.0659223 -0.0653708 -0.0647597 -0.0641009 -0.0634054 -0.0626828 -0.0619431 -0.0611939 -0.0604434 -0.0596978 -0.0589638 -0.058246 -0.0575496 -0.0568783 -0.0562357 -0.0556249 -0.0550482 -0.0545082 -0.0540062 -0.0535443 -0.0531232 -0.0527445 -0.0524084 -0.0521162 -0.0518679 -0.0516646 -0.0515058 -0.0513925 -0.0513242 -0.0513016 -0.0513242 -0.0513925 -0.0515058 -0.0516646 -0.0518679 -0.0521162 -0.0524084 -0.0527445 -0.0531232 -0.0535443 -0.0540062 -0.0545082 -0.0550482 -0.0556249 -0.0562357 -0.0568783 -0.0575496 -0.058246 -0.0589638 -0.0596978 -0.0604434 -0.0611939 -0.0619431 -0.0626828 -0.0634054 -0.0641009 -0.0647597 -0.0653708 -0.0659223 -0.0664022 -0.0667967 -0.067093 -0.067276 -0.0673319 -0.0672459 -0.0670031 -0.06659 -0.0659917 -0.0651963 -0.0641912 -0.0629663 -0.0615135 -0.0598257 -0.0579003 -0.0557352 -0.053333 -0.0506986 -0.0478389 -0.0447656 -0.0414906 -0.0380298 -0.0344022 -0.0306272 -0.0267299 -0.0227353 -0.0186701 -0.0145637 -0.01044 -0.00632225 -0.00222874 0.00183143 0.00585033 0.00982644 0.0137636 0.017663 0.0215323 0.0253849 0.0292334 0.0331003 0.0370109 0.04098 0.0450216 0.049143 0.0533342 0.0575836 0.0618747 0.0661589 0.0703633 0.0744024 0.0781642 0.0815285 0.0843996 0.086679 0.0882348 0.0889604 0.0888293 0.0878475 0.0860019 0.0833085 0.07987 0.075842 0.0713773 0.0666472 0.061887 0.0573659 0.0533077 0.0498645 0.0471664 0.0453639 
0 0.00993717 0.0197427 0.0293075 0.0385431 0.0473478 0.0555766 0.0630655 0.0696972 0.0754185 0.0801808 0.0839016 0.08652 0.0880567 0.0885715 0.0881034 0.0867142 0.0845463 0.0817643 0.0784806 0.0747955 0.0708491 0.0667732 0.0626529 0.0585589 0.0545513 0.0506554 0.0468865 0.043262 0.039771 0.0363837 0.0330756 0.0298138 0.0265639 0.0233082 0.0200277 0.0167013 0.0133194 0.00986926 0.00634021 0.00273475 -0.000945239 -0.00469149 -0.00848663 -0.0123168 -0.0161621 -0.0199996 -0.0238102 -0.0275678 -0.0312488 -0.0348303 -0.0382863 -0.0415976 -0.0447439 -0.0477087 -0.0504812 -0.0530496 -0.0554097 -0.0575573 -0.0594911 -0.061214 -0.0627274 -0.0640378 -0.0651509 -0.0660746 -0.066819 -0.0673929 -0.0678091 -0.0680781 -0.0682131 -0.0682266 -0.0681309 -0.0679396 -0.0676637 -0.0673167 -0.0669083 -0.0664507 -0.065953 -0.0654249 -0.0648751 -0.064311 -0.0637406 -0.0631693 -0.0626042 -0.0620491 -0.0615101 -0.06099 -0.0604937 -0.0600231 -0.0595821 -0.0591723 -0.0587964 -0.0584556 -0.0581519 -0.0578863 -0.0576598 -0.0574735 -0.0573279 -0.0572236 -0.0571608 -0.0571399 -0.0571608 -0.0572236 -0.0573279 -0.0574735 -0.0576598 -0.0578863 -0.0581519 -0.0584556 -0.0587964 -0.0591723 -0.0595821 -0.0600231 -0.0604937 -0.06099 -0.0615101 -0.0620491 -0.0626042 -0.0631693 -0.0637406 -0.064311 -0.0648751 -0.0654249 -0.065953 -0.0664507 -0.0669083 -0.0673167 -0.0676637 -0.0679396 -0.0681309 -0.0682266 -0.0682131 -0.0680781 -0.0678091 -0.0673929 -0.066819 -0.0660746 -0.0651509 -0.0640378 -0.0627274 -0.061214 -0.0594911 -0.0575573 -0.0554097 -0.0530496 -0.0504812 -0.0477087 -0.0447439 -0.0415976 -0.0382863 -0.0348303 -0.0312488 -0.0275678 -0.0238102 -0.0199996 -0.0161621 -0.0123168 -0.00848663 -0.00469149 -0.000945239 0.00273475 0.00634021 0.00986926 0.0133194 0.0167013 0.0200277 0.0233082 0.0265639 0.0298138 0.0330756 0.0363837 0.039771 0.043262 0.0468865 0.0506554 0.0545513 0.0585591 0.0626535 0.0667748 0.0708532 0.0748058 0.0785048 0.081818 0.084658 0.0869332 0.0885078 0.0892757 0.0892152 0.0883276 0.0865928 0.0840361 0.0807839 0.0770194 0.0729259 0.0687031 0.0645898 0.0608252 0.0575992 0.0550649 0.0533757 
0 0.0108259 0.0214439 0.0317065 0.041508 0.0507127 0.0591346 0.0666034 0.0730258 0.0783563 0.0825407 0.0855382 0.0873787 0.0881356 0.0878601 0.086615 0.0845463 0.081836 0.0786096 0.0749722 0.0710807 0.0670864 0.0630708 0.0590963 0.0552368 0.051532 0.0479969 0.0446544 0.0414986 0.0384914 0.0356077 0.0328212 0.0300895 0.0273864 0.024687 0.0219527 0.0191615 0.0162974 0.0133399 0.0102879 0.00714216 0.00389941 0.000570227 -0.00284019 -0.00632592 -0.00986932 -0.0134588 -0.017075 -0.0206929 -0.0242938 -0.0278501 -0.0313394 -0.0347418 -0.0380332 -0.0411992 -0.0442219 -0.0470873 -0.0497864 -0.0523066 -0.0546442 -0.0567928 -0.0587502 -0.0605181 -0.0620958 -0.0634903 -0.0647048 -0.0657477 -0.0666273 -0.0673515 -0.0679323 -0.0683775 -0.0687003 -0.0689094 -0.0690168 -0.0690329 -0.0689676 -0.0688323 -0.068635 -0.0683873 -0.0680956 -0.0677707 -0.0674184 -0.0670475 -0.0666638 -0.0662739 -0.0658836 -0.0654974 -0.0651209 -0.064757 -0.064411 -0.0640844 -0.063782 -0.0635042 -0.0632553 -0.0630351 -0.0628472 -0.0626909 -0.0625692 -0.0624808 -0.0624284 -0.0624102 -0.0624284 -0.0624808 -0.0625692 -0.0626909 -0.0628472 -0.0630351 -0.0632553 -0.0635042 -0.063782 -0.0640844 -0.064411 -0.064757 -0.0651209 -0.0654974 -0.0658836 -0.0662739 -0.0666638 -0.0670475 -0.0674184 -0.0677707 -0.0680956 -0.0683873 -0.068635 -0.0688323 -0.0689676 -0.0690329 -0.0690168 -0.0689094 -0.0687003 -0.0683775 -0.0679323 -0.0673515 -0.0666273 -0.0657477 -0.0647048 -0.0634903 -0.0620958 -0.0605181 -0.0587502 -0.0567928 -0.0546442 -0.0523066 -0.0497864 -0.0470873 -0.0442219 -0.0411992 -0.0380332 -0.0347418 -0.0313394 -0.0278501 -0.0242938 -0.0206929 -0.017075 -0.0134588 -0.00986932 -0.00632592 -0.00284019 0.000570227 0.00389941 0.00714216 0.0102879 0.0133399 0.0162974 0.0191615 0.0219527 0.024687 0.0273864 0.0300895 0.0328212 0.0356077 0.0384914 0.0414987 0.0446544 0.0479969 0.0515321 0.0552373 0.0590975 0.063074 0.0670947 0.0711004 0.0750166 0.0787033 0.0820226 0.0848963 0.0872339 0.0888939 0.0897719 0.0898463 0.0891107 0.0875531 0.0852365 0.0823316 0.0790423 0.075548 0.0720316 0.0687144 0.0658292 0.0635735 0.0620937 
0 0.011587 0.0229217 0.0338057 0.0440737 0.0535445 0.0620303 0.0693903 0.0755385 0.0804067 0.0839555 0.0862254 0.0873173 0.0873133 0.0862839 0.0843703 0.0817643 0.0786096 0.0750195 0.071164 0.0672165 0.0632618 0.0593545 0.0555836 0.052006 0.0486285 0.0454693 0.0425328 0.0397792 0.0371848 0.0347401 0.0324017 0.0301324 0.0279086 0.025682 0.0234179 0.0211028 0.0187082 0.0162212 0.0136414 0.0109522 0.00815327 0.00524905 0.00223381 -0.000878125 -0.00407611 -0.0073522 -0.0106829 -0.0140569 -0.0174567 -0.0208592 -0.0242525 -0.0276118 -0.030919 -0.0341572 -0.0373018 -0.0403412 -0.0432555 -0.0460317 -0.0486613 -0.0511309 -0.0534396 -0.0555795 -0.0575508 -0.0593546 -0.0609894 -0.0624631 -0.0637754 -0.0649357 -0.0659481 -0.0668202 -0.0675615 -0.0681773 -0.0686802 -0.069075 -0.0693749 -0.0695859 -0.0697192 -0.0697828 -0.069785 -0.0697357 -0.0696404 -0.0695099 -0.0693476 -0.0691641 -0.0689616 -0.0687494 -0.0685297 -0.0683098 -0.0680918 -0.0678813 -0.0676807 -0.0674935 -0.0673224 -0.0671694 -0.067037 -0.066926 -0.0668389 -0.0667754 -0.0667375 -0.0667244 -0.0667375 -0.0667754 -0.0668389 -0.066926 -0.067037 -0.0671694 -0.0673224 -0.0674935 -0.0676807 -0.0678813 -0.0680918 -0.0683098 -0.0685297 -0.0687494 -0.0689616 -0.0691641 -0.0693476 -0.0695099 -0.0696404 -0.0697357 -0.069785 -0.0697828 -0.0697192 -0.0695859 -0.0693749 -0.069075 -0.0686802 -0.0681773 -0.0675615 -0.0668202 -0.0659481 -0.0649357 -0.0637754 -0.0624631 -0.0609894 -0.0593546 -0.0575508 -0.0555795 -0.0534396 -0.0511309 -0.0486613 -0.0460317 -0.0432555 -0.0403412 -0.0373018 -0.0341572 -0.030919 -0.0276118 -0.0242525 -0.0208592 -0.0174567 -0.0140569 -0.0106829 -0.0073522 -0.00407611 -0.000878125 0.00223381 0.00524905 0.00815327 0.0109522 0.0136414 0.0162212 0.0187082 0.0211028 0.0234179 0.025682 0.0279086 0.0301324 0.0324017 0.0347401 0.0371848 0.0397792 0.0425329 0.0454694 0.0486288 0.0520069 0.0555861 0.0593611 0.0632777 0.0672526 0.0712415 0.0751764 0.0789087 0.082302 0.0852827 0.0877502 0.0895552 0.0906011 0.090875 0.09038 0.0891384 0.0872595 0.0849275 0.0823162 0.0795722 0.0768808 0.0744866 0.0726196 0.0714186 
