0 0 0 0 0 0 0 0 0 0 0 0 0 0 0 0 0 0 0 0 0 0 0 0 0 0 0 0 0 0 0 0 0 0 0 0 0 0 0 0 0 0 0 0 0 0 0 0 0 0 0 0 0 0 0 0 0 0 0 0 0 0 0 0 0 0 0 0 0 0 0 0 0 0 0 0 0 0 0 0 0 0 0 0 0 0 0 0 0 0 0 0 0 0 0 0 0 0 0 0 0 0 0 0 0 0 0 0 0 0 0 0 0 0 0 0 0 0 0 0 0 0 0 0 0 0 0 0 0 0 0 0 0 0 0 0 0 0 0 0 0 0 0 0 0 0 0 0 0 0 0 0 0 0 0 0 0 0 0 0 0 0 0 0 0 0 0 0 0 0 0 0 0 0 0 0 0 0 0 0 0 0 0 0 0 0 0 0 0 0 0 0 0 0 0 0 0 0 0 0 
0 2.42198e-07 6.87521e-07 1.65664e-06 3.73612e-06 7.97778e-06 1.6143e-05 3.09386e-05 5.6129e-05 9.63662e-05 0.000156606 0.000241147 0.000352621 0.000491574 0.000657326 0.000850347 0.00107542 0.0013439 0.00167305 0.00208187 0.00258442 0.00318431 0.00387323 0.00463488 0.00545196 0.0063122 0.00720969 0.00814087 0.0090978 0.0100625 0.0110057 0.0118903 0.0126781 0.0133359 0.0138395 0.0141735 0.0143289 0.0143002 0.014083 0.0136736 0.0130709 0.0122784 0.0113063 0.0101726 0.00890176 0.0075233 0.00606895 0.00457024 0.00305646 0.00155363 8.40374e-05 -0.00133347 -0.00268305 -0.00395143 -0.00512753 -0.00620237 -0.00716918 -0.00802353 -0.00876347 -0.00938957 -0.00990484 -0.0103144 -0.0106253 -0.0108457 -0.0109848 -0.011052 -0.0110568 -0.0110084 -0.0109153 -0.0107854 -0.0106257 -0.0104426 -0.0102416 -0.0100275 -0.00980442 -0.00957607 -0.0093455 -0.00911535 -0.00888788 -0.00866497 -0.00844823 -0.00823897 -0.00803826 -0.00784697 -0.00766575 -0.00749512 -0.00733544 -0.00718696 -0.00704981 -0.00692407 -0.00680973 -0.00670674 -0.00661502 -0.00653447 -0.00646496 -0.00640639 -0.00635865 -0.00632162 -0.00629524 -0.00627943 -0.00627417 -0.00627943 -0.00629524 -0.00632162 -0.00635865 -0.00640639 -0.00646496 -0.00653447 -0.00661502 -0.00670674 -0.00680973 -0.00692407 -0.00704981 -0.00718696 -0.00733544 -0.00749512 -0.00766575 -0.00784697 -0.00803826 -0.00823897 -0.00844823 -0.00866497 -0.00888788 -0.00911535 -0.0093455 -0.00957607 -0.00980442 -0.0100275 -0.0102416 -0.0104426 -0.0106257 -0.0107854 -0.0109153 -0.0110084 -0.0110568 -0.011052 -0.0109848 -0.0108457 -0.0106253 -0.0103144 -0.00990484 -0.00938957 -0.00876347 -0.00802353 -0.00716918 -0.00620237 -0.00512753 -0.00395143 -0.00268305 -0.00133347 8.40374e-05 0.00155363 0.00305646 0.00457024 0.00606895 0.0075233 0.00890176 0.0101726 0.0113063 0.0122784 0.0130709 0.0136736 0.014083 0.0143002 0.0143289 0.0141735 0.0138395 0.0133359 0.0126781 0.0118903 0.0110057 0.0100625 0.0090978 0.00814087 0.00720969 0.0063122 0.00545196 0.00463488 0.00387323 0.00318431 0.00258442 0.00208187 0.00167305 0.0013439 0.00107542 0.000850347 0.000657326 0.000491574 0.000352621 0.000241147 0.000156606 9.63662e-05 5.6129e-05 3.09385e-05 1.61429e-05 7.97732e-06 3.73499e-06 1.65427e-06 6.83703e-07 2.40082e-07 
0 6.87521e-07 1.90539e-06 4.45604e-06 9.73816e-06 2.01465e-05 3.95094e-05 7.34336e-05 0.000129333 0.000215897 0.000341898 0.000514605 0.000738544 0.00101566 0.00134762 0.00173993 0.00220609 0.00276904 0.00345793 0.00430065 0.00531511 0.00650391 0.00785501 0.0093477 0.0109598 0.012672 0.0144663 0.0163216 0.018207 0.0200795 0.0218853 0.0235643 0.0250572 0.0263096 0.0272759 0.0279194 0.0282123 0.0281348 0.0276751 0.0268305 0.025608 0.0240251 0.0221099 0.0199 0.0174405 0.0147819 0.0119777 0.0090818 0.00614693 0.00322272 0.000354763 -0.00241637 -0.00505561 -0.00753384 -0.00982796 -0.0119209 -0.0138016 -0.0154643 -0.0169084 -0.0181375 -0.0191592 -0.019984 -0.0206246 -0.0210955 -0.0214123 -0.0215909 -0.0216477 -0.0215982 -0.0214577 -0.0212407 -0.0209605 -0.0206294 -0.0202586 -0.019858 -0.0194367 -0.0190024 -0.0185617 -0.0181206 -0.0176837 -0.0172553 -0.0168387 -0.0164366 -0.016051 -0.0156838 -0.0153362 -0.0150091 -0.0147031 -0.0144186 -0.014156 -0.0139152 -0.0136962 -0.0134989 -0.0133232 -0.0131688 -0.0130355 -0.0129232 -0.0128316 -0.0127605 -0.0127099 -0.0126795 -0.0126694 -0.0126795 -0.0127099 -0.0127605 -0.0128316 -0.0129232 -0.0130355 -0.0131688 -0.0133232 -0.0134989 -0.0136962 -0.0139152 -0.014156 -0.0144186 -0.0147031 -0.0150091 -0.0153362 -0.0156838 -0.016051 -0.0164366 -0.0168387 -0.0172553 -0.0176837 -0.0181206 -0.0185617 -0.0190024 -0.0194367 -0.019858 -0.0202586 -0.0206294 -0.0209605 -0.0212407 -0.0214577 -0.0215982 -0.0216477 -0.0215909 -0.0214123 -0.0210955 -0.0206246 -0.019984 -0.0191592 -0.0181375 -0.0169084 -0.0154643 -0.0138016 -0.0119209 -0.00982796 -0.00753384 -0.00505561 -0.00241637 0.000354763 0.00322272 0.00614693 0.0090818 0.0119777 0.0147819 0.0174405 0.0199 0.0221099 0.0240251 0.025608 0.0268305 0.0276751 0.0281348 0.0282123 0.0279194 0.0272759 0.0263096 0.0250572 0.0235643 0.0218853 0.0200795 0.018207 0.0163216 0.0144663 0.012672 0.0109598 0.0093477 0.00785501 0.00650391 0.00531511 0.00430065 0.00345793 0.00276904 0.00220609 0.00173993 0.00134762 0.00101566 0.000738544 0.000514605 0.000341898 0.000215897 0.000129333 7.34335e-05 3.95089e-05 2.01453e-05 9.73555e-06 4.45164e-06 1.90224e-06 7.03646e-07 
0 1.65664e-06 4.45604e-06 1.00325e-05 2.10495e-05 4.17731e-05 7.85722e-05 0.000140118 0.000237015 0.000380708 0.000581879 0.000849055 0.00118849 0.00160612 0.0021114 0.00272117 0.0034611 0.00436279 0.00545711 0.00676699 0.00830341 0.0100661 0.0120473 0.0142347 0.0166106 0.0191485 0.0218092 0.0245398 0.0272767 0.0299507 0.0324915 0.0348299 0.0368981 0.0386295 0.0399598 0.0408298 0.0411905 0.0410078 0.0402657 0.0389674 0.0371339 0.0348009 0.0320157 0.0288335 0.0253153 0.0215267 0.0175359 0.0134134 0.00922986 0.00505451 0.000952741 -0.00301599 -0.00679999 -0.0103567 -0.0136531 -0.0166661 -0.0193812 -0.0217924 -0.0239001 -0.0257108 -0.0272351 -0.0284871 -0.0294837 -0.0302435 -0.0307862 -0.0311325 -0.0313033 -0.0313192 -0.0312005 -0.0309669 -0.0306369 -0.0302279 -0.0297558 -0.0292351 -0.0286791 -0.0280991 -0.0275052 -0.0269062 -0.0263095 -0.0257212 -0.0251466 -0.0245897 -0.0240541 -0.0235422 -0.0230563 -0.0225978 -0.0221679 -0.0217673 -0.0213966 -0.021056 -0.0207457 -0.0204657 -0.0202159 -0.019996 -0.0198061 -0.0196458 -0.0195149 -0.0194133 -0.0193409 -0.0192974 -0.019283 -0.0192974 -0.0193409 -0.0194133 -0.0195149 -0.0196458 -0.0198061 -0.019996 -0.0202159 -0.0204657 -0.0207457 -0.021056 -0.0213966 -0.0217673 -0.0221679 -0.0225978 -0.0230563 -0.0235422 -0.0240541 -0.0245897 -0.0251466 -0.0257212 -0.0263095 -0.0269062 -0.0275052 -0.0280991 -0.0286791 -0.0292351 -0.0297558 -0.0302279 -0.0306369 -0.0309669 -0.0312005 -0.0313192 -0.0313033 -0.0311325 -0.0307862 -0.0302435 -0.0294837 -0.0284871 -0.0272351 -0.0257108 -0.0239001 -0.0217924 -0.0193812 -0.0166661 -0.0136531 -0.0103567 -0.00679999 -0.00301599 0.000952741 0.00505451 0.00922986 0.0134134 0.0175359 0.0215267 0.0253153 0.0288335 0.0320157 0.0348009 0.0371339 0.0389674 0.0402657 0.0410078 0.0411905 0.0408298 0.0399598 0.0386295 0.0368981 0.0348299 0.0324915 0.0299507 0.0272767 0.0245398 0.0218092 0.0191485 0.0166106 0.0142347 0.0120473 0.0100661 0.00830341 0.00676699 0.00545711 0.00436279 0.0034611 0.00272117 0.0021114 0.00160612 0.00118849 0.000849055 0.000581879 0.000380708 0.000237015 0.000140118 7.85711e-05 4.17708e-05 2.10456e-05 1.00306e-05 4.47487e-06 1.7672e-06 
0 3.73612e-06 9.73816e-06 2.10495e-05 4.22514e-05 8.01111e-05 0.000143905 0.000245149 0.000396581 0.000610636 0.000898155 0.00126847 0.00173161 0.00230222 0.00300311 0.00386557 0.00492505 0.00621346 0.00775267 0.00955305 0.0116177 0.0139482 0.0165458 0.0194059 0.0225085 0.0258112 0.0292488 0.0327398 0.0361967 0.0395331 0.0426668 0.0455186 0.0480091 0.0500586 0.0515897 0.0525332 0.0528346 0.0524595 0.0513957 0.0496533 0.0472616 0.0442661 0.0407249 0.036706 0.0322849 0.0275425 0.0225637 0.0174344 0.0122396 0.00706106 0.00197429 -0.00295281 -0.00766164 -0.0121037 -0.0162408 -0.020045 -0.0234978 -0.0265895 -0.0293181 -0.0316885 -0.033711 -0.0354008 -0.0367766 -0.03786 -0.0386744 -0.0392443 -0.0395948 -0.0397508 -0.0397366 -0.0395755 -0.0392897 -0.0388997 -0.0384245 -0.0378814 -0.037286 -0.0366523 -0.0359925 -0.0353174 -0.0346365 -0.0339578 -0.0332882 -0.0326335 -0.0319985 -0.0313872 -0.0308028 -0.0302481 -0.029725 -0.0292351 -0.0287797 -0.0283596 -0.0279755 -0.0276277 -0.0273165 -0.027042 -0.0268043 -0.0266034 -0.0264391 -0.0263114 -0.0262203 -0.0261657 -0.0261474 -0.0261657 -0.0262203 -0.0263114 -0.0264391 -0.0266034 -0.0268043 -0.027042 -0.0273165 -0.0276277 -0.0279755 -0.0283596 -0.0287797 -0.0292351 -0.029725 -0.0302481 -0.0308028 -0.0313872 -0.0319985 -0.0326335 -0.0332882 -0.0339578 -0.0346365 -0.0353174 -0.0359925 -0.0366523 -0.037286 -0.0378814 -0.0384245 -0.0388997 -0.0392897 -0.0395755 -0.0397366 -0.0397508 -0.0395948 -0.0392443 -0.0386744 -0.03786 -0.0367766 -0.0354008 -0.033711 -0.0316885 -0.0293181 -0.0265895 -0.0234978 -0.020045 -0.0162408 -0.0121037 -0.00766164 -0.00295281 0.00197429 0.00706106 0.0122396 0.0174344 0.0225637 0.0275425 0.0322849 0.036706 0.0407249 0.0442661 0.0472616 0.0496533 0.0513957 0.0524595 0.0528346 0.0525332 0.0515897 0.0500586 0.0480091 0.0455186 0.0426668 0.0395331 0.0361967 0.0327398 0.0292488 0.0258112 0.0225085 0.0194059 0.0165458 0.0139482 0.0116177 0.00955305 0.00775267 0.00621346 0.00492505 0.00386557 0.00300311 0.00230222 0.00173161 0.00126847 0.000898155 0.000610636 0.000396581 0.000245148 0.000143903 8.0108e-05 4.2251e-05 2.10715e-05 9.85552e-06 4.1749e-06 
0 7.97778e-06 2.01465e-05 4.17731e-05 8.01111e-05 0.000144913 0.000248273 0.000403655 0.000624374 0.000922369 0.00130851 0.00179528 0.00240115 0.00315437 0.00409265 0.00525734 0.00668405 0.00839544 0.0104008 0.0127029 0.0153056 0.0182155 0.0214346 0.0249489 0.0287193 0.0326817 0.0367535 0.0408431 0.0448551 0.0486932 0.0522597 0.0554554 0.0581834 0.0603535 0.0618883 0.0627275 0.0628295 0.0621723 0.0607521 0.0585829 0.0556958 0.0521389 0.047976 0.0432849 0.0381544 0.0326799 0.0269596 0.0210904 0.0151644 0.00926668 0.00347421 -0.0021452 -0.0075329 -0.0126394 -0.0174245 -0.0218568 -0.0259139 -0.029582 -0.0328552 -0.0357355 -0.0382314 -0.0403571 -0.0421313 -0.0435765 -0.0447173 -0.0455798 -0.0461908 -0.0465769 -0.046764 -0.046777 -0.0466394 -0.0463735 -0.0459995 -0.0455363 -0.0450011 -0.0444093 -0.0437751 -0.0431108 -0.0424277 -0.0417355 -0.0410427 -0.0403568 -0.0396842 -0.0390303 -0.0383998 -0.0377964 -0.0372235 -0.0366835 -0.0361787 -0.0357106 -0.0352807 -0.0348898 -0.0345389 -0.0342284 -0.0339588 -0.0337304 -0.0335433 -0.0333977 -0.0332937 -0.0332312 -0.0332104 -0.0332312 -0.0332937 -0.0333977 -0.0335433 -0.0337304 -0.0339588 -0.0342284 -0.0345389 -0.0348898 -0.0352807 -0.0357106 -0.0361787 -0.0366835 -0.0372235 -0.0377964 -0.0383998 -0.0390303 -0.0396842 -0.0403568 -0.0410427 -0.0417355 -0.0424277 -0.0431108 -0.0437751 -0.0444093 -0.0450011 -0.0455363 -0.0459995 -0.0463735 -0.0466394 -0.046777 -0.046764 -0.0465769 -0.0461908 -0.0455798 -0.0447173 -0.0435765 -0.0421313 -0.0403571 -0.0382314 -0.0357355 -0.0328552 -0.029582 -0.0259139 -0.0218568 -0.0174245 -0.0126394 -0.0075329 -0.0021452 0.00347421 0.00926668 0.0151644 0.0210904 0.0269596 0.0326799 0.0381544 0.0432849 0.047976 0.0521389 0.0556958 0.0585829 0.0607521 0.0621723 0.0628295 0.0627275 0.0618883 0.0603535 0.0581834 0.0554554 0.0522597 0.0486932 0.0448551 0.0408431 0.0367535 0.0326817 0.0287193 0.0249489 0.0214346 0.0182155 0.0153056 0.0127029 0.0104008 0.00839544 0.00668405 0.00525734 0.00409265 0.00315437 0.00240115 0.00179528 0.00130851 0.000922368 0.000624373 0.000403654 0.000248271 0.000144914 8.01357e-05 4.1895e-05 2.05935e-05 9.37661e-06 
0 1.6143e-05 3.95094e-05 7.85722e-05 0.000143905 0.000248273 0.000405786 0.0006304 0.000934695 0.00133031 0.00183096 0.0024574 0.00324156 0.0042261 0.00545757 0.00697585 0.00880629 0.01096 0.0134417 0.0162583 0.0194189 0.0229255 0.026761 0.0308831 0.0352274 0.0397161 0.0442644 0.0487821 0.0531699 0.0573187 0.0611123 0.0644352 0.0671827 0.069268 0.0706262 0.0712133 0.0710038 0.0699879 0.0681713 0.0655751 0.0622375 0.058214 0.0535763 0.0484094 0.0428074 0.0368691 0.0306934 0.0243762 0.0180078 0.0116715 0.00544256 -0.000612115 -0.00643443 -0.0119751 -0.017194 -0.0220599 -0.0265502 -0.0306509 -0.0343556 -0.037665 -0.0405858 -0.0431298 -0.0453132 -0.047155 -0.0486771 -0.0499026 -0.0508559 -0.0515615 -0.0520441 -0.0523278 -0.052436 -0.0523911 -0.0522141 -0.0519251 -0.0515423 -0.0510829 -0.0505621 -0.0499942 -0.0493918 -0.048766 -0.048127 -0.0474835 -0.0468432 -0.0462129 -0.0455984 -0.0450045 -0.0444356 -0.0438952 -0.0433864 -0.0429117 -0.042473 -0.0420723 -0.0417108 -0.0413898 -0.04111 -0.0408722 -0.040677 -0.0405248 -0.0404159 -0.0403505 -0.0403286 -0.0403505 -0.0404159 -0.0405248 -0.040677 -0.0408722 -0.04111 -0.0413898 -0.0417108 -0.0420723 -0.042473 -0.0429117 -0.0433864 -0.0438952 -0.0444356 -0.0450045 -0.0455984 -0.0462129 -0.0468432 -0.0474835 -0.048127 -0.048766 -0.0493918 -0.0499942 -0.0505621 -0.0510829 -0.0515423 -0.0519251 -0.0522141 -0.0523911 -0.052436 -0.0523278 -0.0520441 -0.0515615 -0.0508559 -0.0499026 -0.0486771 -0.047155 -0.0453132 -0.0431298 -0.0405858 -0.037665 -0.0343556 -0.0306509 -0.0265502 -0.0220599 -0.017194 -0.0119751 -0.00643443 -0.000612115 0.00544256 0.0116715 0.0180078 0.0243762 0.0306934 0.0368691 0.0428074 0.0484094 0.0535763 0.058214 0.0622375 0.0655751 0.0681713 0.0699879 0.0710038 0.0712133 0.0706262 0.069268 0.0671827 0.0644352 0.0611123 0.0573187 0.0531699 0.0487821 0.0442644 0.0397161 0.0352274 0.0308831 0.026761 0.0229255 0.0194189 0.0162583 0.0134417 0.01096 0.00880629 0.00697585 0.00545757 0.0042261 0.00324156 0.0024574 0.00183096 0.00133031 0.000934694 0.000630398 0.000405788 0.000248299 0.000144029 7.90188e-05 4.09017e-05 2.00412e-05 
0 3.09386e-05 7.34336e-05 0.000140118 0.000245149 0.000403655 0.0006304 0.000938605 0.00134046 0.00185042 0.00249061 0.00329536 0.0043107 0.00558688 0.00716684 0.00907812 0.0113342 0.0139437 0.016919 0.0202733 0.0240089 0.0281034 0.0325065 0.0371483 0.041951 0.0468343 0.0517127 0.056489 0.0610516 0.0652794 0.0690515 0.0722578 0.0748059 0.0766243 0.0776611 0.0778825 0.0772725 0.0758327 0.0735834 0.070563 0.0668268 0.0624434 0.0574914 0.0520557 0.0462244 0.0400869 0.0337317 0.0272457 0.0207121 0.0142096 0.00781011 0.00157782 -0.00443191 -0.0101731 -0.0156094 -0.020713 -0.0254647 -0.0298524 -0.03387 -0.0375171 -0.0407976 -0.0437192 -0.0462929 -0.0485327 -0.0504547 -0.0520771 -0.0534196 -0.054503 -0.0553487 -0.0559786 -0.0564142 -0.0566767 -0.0567868 -0.0567641 -0.0566269 -0.0563927 -0.0560774 -0.0556958 -0.0552614 -0.0547862 -0.0542814 -0.0537568 -0.053221 -0.0526821 -0.0521467 -0.0516211 -0.0511105 -0.0506195 -0.0501522 -0.049712 -0.049302 -0.0489245 -0.0485818 -0.0482758 -0.0480078 -0.0477791 -0.0475908 -0.0474435 -0.0473379 -0.0472744 -0.0472532 -0.0472744 -0.0473379 -0.0474435 -0.0475908 -0.0477791 -0.0480078 -0.0482758 -0.0485818 -0.0489245 -0.049302 -0.049712 -0.0501522 -0.0506195 -0.0511105 -0.0516211 -0.0521467 -0.0526821 -0.053221 -0.0537568 -0.0542814 -0.0547862 -0.0552614 -0.0556958 -0.0560774 -0.0563927 -0.0566269 -0.0567641 -0.0567868 -0.0566767 -0.0564142 -0.0559786 -0.0553487 -0.054503 -0.0534196 -0.0520771 -0.0504547 -0.0485327 -0.0462929 -0.0437192 -0.0407976 -0.0375171 -0.03387 -0.0298524 -0.0254647 -0.020713 -0.0156094 -0.0101731 -0.00443191 0.00157782 0.00781011 0.0142096 0.0207121 0.0272457 0.0337317 0.0400869 0.0462244 0.0520557 0.0574914 0.0624434 0.0668268 0.070563 0.0735834 0.0758327 0.0772725 0.0778825 0.0776611 0.0766243 0.0748059 0.0722578 0.0690515 0.0652794 0.0610516 0.056489 0.0517127 0.0468343 0.041951 0.0371483 0.0325065 0.0281034 0.0240089 0.0202733 0.016919 0.0139437 0.0113342 0.00907812 0.00716684 0.00558688 0.0043107 0.00329536 0.00249061 0.00185042 0.00134046 0.000938608 0.000630427 0.000403778 0.000245586 0.00014148 7.72528e-05 4.076e-05 
0 5.6129e-05 0.000129333 0.000237015 0.000396581 0.000624374 0.000934695 0.00134046 0.00185674 0.0025066 0.00332606 0.00436365 0.00567234 0.0072971 0.00926667 0.011596 0.014297 0.0173873 0.0208855 0.0247953 0.0290903 0.033714 0.0385919 0.0436443 0.0487907 0.0539429 0.0589989 0.063843 0.0683538 0.072415 0.075924 0.078794 0.0809536 0.0823458 0.0829283 0.0826772 0.0815898 0.0796861 0.0770072 0.0736111 0.0695669 0.0649503 0.0598395 0.0543135 0.0484511 0.0423308 0.0360302 0.029625 0.0231875 0.0167853 0.0104795 0.00432385 -0.00163562 -0.00736085 -0.0128211 -0.0179923 -0.0228566 -0.0274012 -0.0316182 -0.0355039 -0.0390583 -0.042285 -0.0451905 -0.0477843 -0.0500779 -0.052085 -0.0538209 -0.0553021 -0.0565457 -0.0575697 -0.0583919 -0.0590303 -0.0595026 -0.059826 -0.0600172 -0.0600921 -0.0600658 -0.0599526 -0.0597659 -0.0595182 -0.059221 -0.0588849 -0.0585195 -0.0581339 -0.0577359 -0.0573327 -0.0569308 -0.0565359 -0.0561531 -0.0557869 -0.0554411 -0.0551192 -0.0548241 -0.0545584 -0.0543241 -0.054123 -0.0539566 -0.053826 -0.0537321 -0.0536756 -0.0536567 -0.0536756 -0.0537321 -0.053826 -0.0539566 -0.054123 -0.0543241 -0.0545584 -0.0548241 -0.0551192 -0.0554411 -0.0557869 -0.0561531 -0.0565359 -0.0569308 -0.0573327 -0.0577359 -0.0581339 -0.0585195 -0.0588849 -0.059221 -0.0595182 -0.0597659 -0.0599526 -0.0600658 -0.0600921 -0.0600172 -0.059826 -0.0595026 -0.0590303 -0.0583919 -0.0575697 -0.0565457 -0.0553021 -0.0538209 -0.052085 -0.0500779 -0.0477843 -0.0451905 -0.042285 -0.0390583 -0.0355039 -0.0316182 -0.0274012 -0.0228566 -0.0179923 -0.0128211 -0.00736085 -0.00163562 0.00432385 0.0104795 0.0167853 0.0231875 0.029625 0.0360302 0.0423308 0.0484511 0.0543135 0.0598395 0.0649503 0.0695669 0.0736111 0.0770072 0.0796861 0.0815898 0.0826772 0.0829283 0.0823458 0.0809536 0.078794 0.075924 0.072415 0.0683538 0.063843 0.0589989 0.0539429 0.0487907 0.0436443 0.0385919 0.033714 0.0290903 0.0247953 0.0208855 0.0173873 0.014297 0.011596 0.00926667 0.0072971 0.00567233 0.00436365 0.00332606 0.0025066 0.00185675 0.00134049 0.000934814 0.000624795 0.00039789 0.000240697 0.000138843 7.88759e-05 
0 9.63662e-05 0.000215897 0.000380708 0.000610636 0.000922369 0.00133031 0.00185042 0.0025066 0.00333616 0.0043897 0.00572248 0.0073813 0.00939568 0.0117812 0.014552 0.0177298 0.0213372 0.0253787 0.029825 0.0346153 0.0396733 0.0449203 0.050275 0.0556431 0.0609125 0.0659583 0.0706565 0.0748954 0.0785812 0.081636 0.0839941 0.0856009 0.0864154 0.0864152 0.0856001 0.0839923 0.0816336 0.0785801 0.0748974 0.0706562 0.0659301 0.0607936 0.0553215 0.0495877 0.043663 0.0376144 0.0315033 0.0253849 0.0193082 0.0133164 0.00744747 0.00173474 -0.0037924 -0.00910837 -0.0141913 -0.0190233 -0.0235902 -0.0278817 -0.0318914 -0.0356166 -0.0390574 -0.0422171 -0.045101 -0.0477166 -0.0500727 -0.0521795 -0.0540482 -0.0556908 -0.0571199 -0.0583486 -0.0593904 -0.0602592 -0.0609687 -0.0615328 -0.0619654 -0.0622799 -0.0624893 -0.0626064 -0.0626433 -0.0626113 -0.0625214 -0.0623835 -0.0622072 -0.0620009 -0.0617727 -0.0615297 -0.0612784 -0.0610249 -0.0607742 -0.0605312 -0.0602998 -0.0600838 -0.0598863 -0.0597099 -0.059557 -0.0594295 -0.0593287 -0.0592559 -0.0592119 -0.0591972 -0.0592119 -0.0592559 -0.0593287 -0.0594295 -0.059557 -0.0597099 -0.0598863 -0.0600838 -0.0602998 -0.0605312 -0.0607742 -0.0610249 -0.0612784 -0.0615297 -0.0617727 -0.0620009 -0.0622072 -0.0623835 -0.0625214 -0.0626113 -0.0626433 -0.0626064 -0.0624893 -0.0622799 -0.0619654 -0.0615328 -0.0609687 -0.0602592 -0.0593904 -0.0583486 -0.0571199 -0.0556908 -0.0540482 -0.0521795 -0.0500727 -0.0477166 -0.045101 -0.0422171 -0.0390574 -0.0356166 -0.0318914 -0.0278817 -0.0235902 -0.0190233 -0.0141913 -0.00910837 -0.0037924 0.00173474 0.00744747 0.0133164 0.0193082 0.0253849 0.0315033 0.0376144 0.043663 0.0495877 0.0553215 0.0607936 0.0659301 0.0706562 0.0748974 0.0785801 0.0816336 0.0839923 0.0856001 0.0864152 0.0864154 0.0856009 0.0839941 0.081636 0.0785812 0.0748954 0.0706565 0.0659583 0.0609125 0.0556431 0.050275 0.0449203 0.0396733 0.0346153 0.029825 0.0253787 0.0213372 0.0177298 0.014552 0.0117812 0.00939568 0.0073813 0.00572248 0.0043897 0.00333617 0.00250663 0.00185054 0.00133071 0.000923605 0.000614127 0.000389776 0.000237721 0.000145253 
0 0.000156606 0.000341898 0.000581879 0.000898155 0.00130851 0.00183096 0.00249061 0.00332606 0.0043897 0.00573913 0.00742314 0.00947228 0.0119026 0.0147296 0.0179778 0.0216727 0.0258187 0.0303827 0.0353002 0.0404943 0.0458891 0.051403 0.0569357 0.0623644 0.0675558 0.072383 0.0767369 0.0805273 0.0836791 0.0861288 0.0878259 0.0887379 0.0888548 0.0881893 0.0867734 0.0846533 0.0818838 0.0785252 0.0746422 0.0703031 0.0655792 0.0605426 0.0552637 0.0498082 0.0442352 0.0385956 0.0329325 0.0272826 0.0216769 0.0161431 0.010706 0.00538827 0.00021097 -0.00480696 -0.00964869 -0.0142998 -0.0187482 -0.0229843 -0.0270008 -0.0307924 -0.0343558 -0.0376892 -0.0407927 -0.0436677 -0.0463172 -0.0487452 -0.0509574 -0.0529605 -0.0547623 -0.0563716 -0.057798 -0.0590518 -0.0601437 -0.0610849 -0.0618868 -0.0625606 -0.0631177 -0.0635691 -0.0639258 -0.0641981 -0.0643961 -0.0645294 -0.064607 -0.0646374 -0.0646286 -0.0645879 -0.0645221 -0.0644376 -0.06434 -0.0642345 -0.0641257 -0.0640178 -0.0639143 -0.0638184 -0.0637328 -0.0636598 -0.0636011 -0.0635582 -0.063532 -0.0635233 -0.063532 -0.0635582 -0.0636011 -0.0636598 -0.0637328 -0.0638184 -0.0639143 -0.0640178 -0.0641257 -0.0642345 -0.06434 -0.0644376 -0.0645221 -0.0645879 -0.0646286 -0.0646374 -0.064607 -0.0645294 -0.0643961 -0.0641981 -0.0639258 -0.0635691 -0.0631177 -0.0625606 -0.0618868 -0.0610849 -0.0601437 -0.0590518 -0.057798 -0.0563716 -0.0547623 -0.0529605 -0.0509574 -0.0487452 -0.0463172 -0.0436677 -0.0407927 -0.0376892 -0.0343558 -0.0307924 -0.0270008 -0.0229843 -0.0187482 -0.0142998 -0.00964869 -0.00480696 0.00021097 0.00538827 0.010706 0.0161431 0.0216769 0.0272826 0.0329325 0.0385956 0.0442352 0.0498082 0.0552637 0.0605426 0.0655792 0.0703031 0.0746422 0.0785252 0.0818838 0.0846533 0.0867734 0.0881893 0.0888548 0.0887379 0.0878259 0.0861288 0.0836791 0.0805273 0.0767369 0.072383 0.0675558 0.0623644 0.0569357 0.051403 0.0458891 0.0404943 0.0353002 0.0303827 0.0258187 0.0216727 0.0179778 0.0147296 0.0119026 0.00947228 0.00742314 0.00573914 0.00438972 0.00332616 0.00249098 0.00183211 0.00131177 0.000906669 0.000602515 0.000388463 0.000254686 
0 0.000241147 0.000514605 0.000849055 0.00126847 0.00179528 0.0024574 0.00329536 0.00436365 0.00572248 0.00742314 0.00949778 0.0119631 0.0148355 0.0181418 0.0219093 0.026142 0.0308031 0.0358235 0.0411261 0.0466368 0.0522733 0.0579284 0.06347 0.0687592 0.0736698 0.0780955 0.0819464 0.0851443 0.0876228 0.0893337 0.0902538 0.0903874 0.0897629 0.0884251 0.0864285 0.083832 0.0806981 0.0770924 0.0730836 0.0687412 0.0641336 0.0593242 0.0543694 0.0493176 0.044209 0.0390769 0.0339491 0.028849 0.0237968 0.0188095 0.0139019 0.00908627 0.00437341 -0.000227367 -0.00470748 -0.0090587 -0.0132728 -0.0173416 -0.0212568 -0.0250103 -0.0285947 -0.0320034 -0.0352311 -0.0382738 -0.0411291 -0.0437964 -0.0462766 -0.048572 -0.0506862 -0.0526242 -0.0543917 -0.0559955 -0.0574429 -0.0587418 -0.0599004 -0.0609273 -0.0618314 -0.0626214 -0.0633063 -0.0638949 -0.0643958 -0.0648176 -0.0651684 -0.0654561 -0.0656883 -0.0658721 -0.0660142 -0.0661209 -0.066198 -0.0662508 -0.0662841 -0.0663024 -0.0663095 -0.0663089 -0.0663034 -0.0662956 -0.0662874 -0.0662805 -0.0662759 -0.0662743 -0.0662759 -0.0662805 -0.0662874 -0.0662956 -0.0663034 -0.0663089 -0.0663095 -0.0663024 -0.0662841 -0.0662508 -0.066198 -0.0661209 -0.0660142 -0.0658721 -0.0656883 -0.0654561 -0.0651684 -0.0648176 -0.0643958 -0.0638949 -0.0633063 -0.0626214 -0.0618314 -0.0609273 -0.0599004 -0.0587418 -0.0574429 -0.0559955 -0.0543917 -0.0526242 -0.0506862 -0.048572 -0.0462766 -0.0437964 -0.0411291 -0.0382738 -0.0352311 -0.0320034 -0.0285947 -0.0250103 -0.0212568 -0.0173416 -0.0132728 -0.0090587 -0.00470748 -0.000227367 0.00437341 0.00908627 0.0139019 0.0188095 0.0237968 0.028849 0.0339491 0.0390769 0.044209 0.0493176 0.0543694 0.0593242 0.0641336 0.0687412 0.0730836 0.0770924 0.0806981 0.083832 0.0864285 0.0884251 0.0897629 0.0903874 0.0902538 0.0893337 0.0876228 0.0851443 0.0819464 0.0780955 0.0736698 0.0687592 0.06347 0.0579284 0.0522733 0.0466368 0.0411261 0.0358235 0.0308031 0.026142 0.0219093 0.0181418 0.0148355 0.0119631 0.00949779 0.00742317 0.00572258 0.00436399 0.00329641 0.00246039 0.00180315 0.0012877 0.000892795 0.0006075 0.000425633 
0 0.000352621 0.000738544 0.00118849 0.00173161 0.00240115 0.00324156 0.0043107 0.00567234 0.0073813 0.00947228 0.0119631 0.0148709 0.0182238 0.0220512 0.0263569 0.0311006 0.0362095 0.0416048 0.0472134 0.0529508 0.0587016 0.0643243 0.0696768 0.0746361 0.0790993 0.0829748 0.0861795 0.0886442 0.0903236 0.0912036 0.0913005 0.090653 0.0893141 0.0873449 0.0848122 0.0817878 0.0783473 0.0745675 0.0705216 0.0662757 0.0618861 0.0573988 0.0528508 0.0482719 0.0436866 0.039115 0.0345738 0.0300759 0.0256308 0.0212445 0.0169206 0.0126612 0.00846769 0.00434201 0.000287304 -0.0036918 -0.0075891 -0.0113971 -0.0151076 -0.0187118 -0.022201 -0.025567 -0.0288023 -0.0319005 -0.0348559 -0.0376644 -0.0403227 -0.0428288 -0.0451819 -0.0473823 -0.0494314 -0.0513314 -0.0530858 -0.0546987 -0.056175 -0.0575204 -0.0587409 -0.0598432 -0.060834 -0.0617205 -0.0625099 -0.0632094 -0.0638261 -0.0643671 -0.064839 -0.0652484 -0.0656017 -0.0659045 -0.0661625 -0.0663808 -0.0665639 -0.0667163 -0.0668418 -0.0669437 -0.0670249 -0.0670879 -0.0671349 -0.0671673 -0.0671863 -0.0671925 -0.0671863 -0.0671673 -0.0671349 -0.0670879 -0.0670249 -0.0669437 -0.0668418 -0.0667163 -0.0665639 -0.0663808 -0.0661625 -0.0659045 -0.0656017 -0.0652484 -0.064839 -0.0643671 -0.0638261 -0.0632094 -0.0625099 -0.0617205 -0.060834 -0.0598432 -0.0587409 -0.0575204 -0.056175 -0.0546987 -0.0530858 -0.0513314 -0.0494314 -0.0473823 -0.0451819 -0.0428288 -0.0403227 -0.0376644 -0.0348559 -0.0319005 -0.0288023 -0.025567 -0.022201 -0.0187118 -0.0151076 -0.0113971 -0.0075891 -0.0036918 0.000287304 0.00434201 0.00846769 0.0126612 0.0169206 0.0212445 0.0256308 0.0300759 0.0345738 0.039115 0.0436866 0.0482719 0.0528508 0.0573988 0.0618861 0.0662757 0.0705216 0.0745675 0.0783473 0.0817878 0.0848122 0.0873449 0.0893141 0.090653 0.0913005 0.0912036 0.0903236 0.0886442 0.0861795 0.0829748 0.0790993 0.0746361 0.0696768 0.0643243 0.0587016 0.0529508 0.0472134 0.0416048 0.0362095 0.0311006 0.0263569 0.0220512 0.0182238 0.0148709 0.0119631 0.00947236 0.0073816 0.00567328 0.00431341 0.00324873 0.00241881 0.00177212 0.00127532 0.000912554 0.000679134 
0 0.000491574 0.00101566 0.00160612 0.00230222 0.00315437 0.0042261 0.00558688 0.0072971 0.00939568 0.0119026 0.0148355 0.0182238 0.0220986 0.0264644 0.0312791 0.0364658 0.041944 0.0476404 0.0534673 0.0593002 0.0649881 0.0703865 0.0753761 0.0798557 0.0837296 0.0869095 0.0893263 0.0909417 0.0917519 0.0917821 0.0910763 0.0896902 0.0876892 0.0851483 0.082151 0.0787852 0.0751376 0.0712863 0.067298 0.063226 0.0591118 0.0549872 0.0508767 0.0467985 0.0427652 0.0387843 0.0348587 0.030987 0.0271656 0.0233891 0.0196527 0.0159524 0.012286 0.00865301 0.00505479 0.00149419 -0.00202476 -0.00549701 -0.00891673 -0.0122774 -0.0155719 -0.0187927 -0.0219319 -0.0249815 -0.0279339 -0.0307815 -0.0335177 -0.0361366 -0.0386332 -0.041004 -0.0432463 -0.045359 -0.047342 -0.0491961 -0.0509233 -0.0525265 -0.0540092 -0.0553756 -0.0566305 -0.0577787 -0.0588258 -0.0597771 -0.0606384 -0.0614152 -0.0621131 -0.0627375 -0.0632938 -0.063787 -0.064222 -0.0646032 -0.0649349 -0.065221 -0.065465 -0.06567 -0.0658388 -0.0659737 -0.0660765 -0.066149 -0.066192 -0.0662063 -0.066192 -0.066149 -0.0660765 -0.0659737 -0.0658388 -0.06567 -0.065465 -0.065221 -0.0649349 -0.0646032 -0.064222 -0.063787 -0.0632938 -0.0627375 -0.0621131 -0.0614152 -0.0606384 -0.0597771 -0.0588258 -0.0577787 -0.0566305 -0.0553756 -0.0540092 -0.0525265 -0.0509233 -0.0491961 -0.047342 -0.045359 -0.0432463 -0.041004 -0.0386332 -0.0361366 -0.0335177 -0.0307815 -0.0279339 -0.0249815 -0.0219319 -0.0187927 -0.0155719 -0.0122774 -0.00891673 -0.00549701 -0.00202476 0.00149419 0.00505479 0.00865301 0.012286 0.0159524 0.0196527 0.0233891 0.0271656 0.030987 0.0348587 0.0387843 0.0427652 0.0467985 0.0508767 0.0549872 0.0591118 0.063226 0.067298 0.0712863 0.0751376 0.0787852 0.082151 0.0851483 0.0876892 0.0896902 0.0910763 0.0917821 0.0917519 0.0909417 0.0893263 0.0869095 0.0837296 0.0798557 0.0753761 0.0703865 0.0649881 0.0593002 0.0534673 0.0476404 0.041944 0.0364658 0.0312791 0.0264644 0.0220986 0.0182238 0.0148356 0.0119028 0.00939652 0.0072995 0.00559331 0.00424208 0.00319138 0.0023823 0.0017682 0.00132278 0.0010372 
0 0.000657326 0.00134762 0.0021114 0.00300311 0.00409265 0.00545757 0.00716684 0.00926667 0.0117812 0.0147296 0.0181418 0.0220512 0.0264644 0.0313386 0.0365939 0.0421472 0.0479242 0.0538339 0.0597432 0.0654916 0.070932 0.075948 0.0804377 0.0842981 0.0874353 0.0897837 0.0913151 0.0920355 0.0919766 0.091185 0.0897183 0.0876475 0.0850575 0.0820424 0.0786992 0.0751192 0.0713826 0.0675564 0.0636951 0.0598425 0.0560325 0.0522903 0.0486315 0.0450628 0.0415829 0.038184 0.0348546 0.0315815 0.0283522 0.0251557 0.0219832 0.0188283 0.0156862 0.0125539 0.00942938 0.00631234 0.00320354 0.00010533 -0.00297851 -0.00604269 -0.00908057 -0.0120845 -0.0150459 -0.017956 -0.0208059 -0.0235869 -0.0262908 -0.0289102 -0.0314386 -0.0338703 -0.0362007 -0.0384261 -0.0405439 -0.0425523 -0.0444505 -0.0462386 -0.0479171 -0.0494875 -0.050952 -0.0523131 -0.0535737 -0.0547374 -0.0558077 -0.0567886 -0.0576841 -0.0584982 -0.0592352 -0.059899 -0.0604936 -0.0610227 -0.0614899 -0.0618985 -0.0622515 -0.0625518 -0.0628016 -0.0630031 -0.0631581 -0.0632678 -0.0633332 -0.0633549 -0.0633332 -0.0632678 -0.0631581 -0.0630031 -0.0628016 -0.0625518 -0.0622515 -0.0618985 -0.0614899 -0.0610227 -0.0604936 -0.059899 -0.0592352 -0.0584982 -0.0576841 -0.0567886 -0.0558077 -0.0547374 -0.0535737 -0.0523131 -0.050952 -0.0494875 -0.0479171 -0.0462386 -0.0444505 -0.0425523 -0.0405439 -0.0384261 -0.0362007 -0.0338703 -0.0314386 -0.0289102 -0.0262908 -0.0235869 -0.0208059 -0.017956 -0.0150459 -0.0120845 -0.00908057 -0.00604269 -0.00297851 0.00010533 0.00320354 0.00631234 0.00942938 0.0125539 0.0156862 0.0188283 0.0219832 0.0251557 0.0283522 0.0315815 0.0348546 0.038184 0.0415829 0.0450628 0.0486315 0.0522903 0.0560325 0.0598425 0.0636951 0.0675564 0.0713826 0.0751192 0.0786992 0.0820424 0.0850575 0.0876475 0.0897183 0.091185 0.0919766 0.0920355 0.0913151 0.0897837 0.0874353 0.0842981 0.0804377 0.075948 0.070932 0.0654916 0.0597432 0.0538339 0.0479242 0.0421472 0.0365939 0.0313386 0.0264644 0.0220513 0.018142 0.0147303 0.0117833 0.00927235 0.00718109 0.0054909 0.00416553 0.00315217 0.00239686 0.00186009 0.00152154 
0 0.000850347 0.00173993 0.00272117 0.00386557 0.00525734 0.00697585 0.00907812 0.011596 0.014552 0.0179778 0.0219093 0.0263569 0.0312791 0.0365939 0.0422149 0.0480662 0.0540537 0.0600371 0.0658471 0.0713332 0.0763805 0.0808842 0.084732 0.087824 0.0901002 0.0915433 0.0921666 0.0920041 0.0911045 0.0895303 0.0873618 0.0846959 0.0816362 0.0782833 0.0747291 0.0710529 0.067322 0.0635943 0.0599182 0.0563314 0.0528604 0.0495192 0.0463103 0.0432269 0.0402559 0.0373809 0.0345846 0.0318501 0.0291614 0.0265043 0.0238655 0.0212335 0.0185984 0.0159526 0.0132907 0.01061 0.00791027 0.00519365 0.00246413 -0.000272585 -0.00300988 -0.00574032 -0.00845608 -0.0111492 -0.0138117 -0.0164358 -0.0190136 -0.0215379 -0.0240017 -0.0263982 -0.0287216 -0.0309662 -0.0331272 -0.0352007 -0.0371832 -0.0390723 -0.0408662 -0.0425638 -0.0441649 -0.0456698 -0.0470792 -0.0483948 -0.0496183 -0.0507518 -0.0517979 -0.0527591 -0.0536382 -0.0544381 -0.0551616 -0.0558114 -0.0563903 -0.0569008 -0.0573453 -0.0577259 -0.0580445 -0.0583029 -0.0585024 -0.0586441 -0.0587288 -0.058757 -0.0587288 -0.0586441 -0.0585024 -0.0583029 -0.0580445 -0.0577259 -0.0573453 -0.0569008 -0.0563903 -0.0558114 -0.0551616 -0.0544381 -0.0536382 -0.0527591 -0.0517979 -0.0507518 -0.0496183 -0.0483948 -0.0470792 -0.0456698 -0.0441649 -0.0425638 -0.0408662 -0.0390723 -0.0371832 -0.0352007 -0.0331272 -0.0309662 -0.0287216 -0.0263982 -0.0240017 -0.0215379 -0.0190136 -0.0164358 -0.0138117 -0.0111492 -0.00845608 -0.00574032 -0.00300988 -0.000272585 0.00246413 0.00519365 0.00791027 0.01061 0.0132907 0.0159526 0.0185984 0.0212335 0.0238655 0.0265043 0.0291614 0.0318501 0.0345846 0.0373809 0.0402559 0.0432269 0.0463103 0.0495192 0.0528604 0.0563314 0.0599182 0.0635943 0.067322 0.0710529 0.0747291 0.0782833 0.0816362 0.0846959 0.0873618 0.0895303 0.0911045 0.0920041 0.0921666 0.0915433 0.0901002 0.087824 0.084732 0.0808842 0.0763805 0.0713332 0.0658471 0.0600371 0.0540537 0.0480662 0.0422149 0.0365939 0.0312791 0.0263571 0.02191 0.0179796 0.0145569 0.0116085 0.00910772 0.00704128 0.00539267 0.00412771 0.00319711 0.00255139 0.00215364 
0 0.00107542 0.00220609 0.0034611 0.00492505 0.00668405 0.00880629 0.0113342 0.014297 0.0177298 0.0216727 0.026142 0.0311006 0.0364658 0.0421472 0.0480662 0.054127 0.0601839 0.0660592 0.0715981 0.0766854 0.0812124 0.0850564 0.0881119 0.0903256 0.0916901 0.0922214 0.0919517 0.0909328 0.089236 0.0869537 0.0841946 0.0810691 0.0776787 0.0741143 0.0704564 0.0667751 0.0631325 0.0595803 0.0561561 0.052884 0.0497747 0.0468271 0.0440333 0.0413807 0.0388536 0.0364351 0.0341068 0.0318491 0.0296426 0.0274673 0.0253054 0.0231413 0.0209621 0.0187589 0.0165258 0.0142598 0.0119607 0.00962985 0.00727017 0.00488566 0.00248102 6.1876e-05 -0.00236581 -0.00479532 -0.00721959 -0.00963123 -0.0120225 -0.0143858 -0.0167134 -0.018998 -0.0212326 -0.0234107 -0.0255264 -0.0275745 -0.0295504 -0.0314502 -0.0332708 -0.0350095 -0.0366645 -0.0382344 -0.0397185 -0.0411164 -0.0424282 -0.0436545 -0.0447961 -0.045854 -0.0468295 -0.0477241 -0.0485393 -0.0492767 -0.049938 -0.0505246 -0.0510382 -0.0514802 -0.0518518 -0.0521543 -0.0523884 -0.0525552 -0.052655 -0.0526882 -0.052655 -0.0525552 -0.0523884 -0.0521543 -0.0518518 -0.0514802 -0.0510382 -0.0505246 -0.049938 -0.0492767 -0.0485393 -0.0477241 -0.0468295 -0.045854 -0.0447961 -0.0436545 -0.0424282 -0.0411164 -0.0397185 -0.0382344 -0.0366645 -0.0350095 -0.0332708 -0.0314502 -0.0295504 -0.0275745 -0.0255264 -0.0234107 -0.0212326 -0.018998 -0.0167134 -0.0143858 -0.0120225 -0.00963123 -0.00721959 -0.00479532 -0.00236581 6.1876e-05 0.00248102 0.00488566 0.00727017 0.00962985 0.0119607 0.0142598 0.0165258 0.0187589 0.0209621 0.0231413 0.0253054 0.0274673 0.0296426 0.0318491 0.0341068 0.0364351 0.0388536 0.0413807 0.0440333 0.0468271 0.0497747 0.052884 0.0561561 0.0595803 0.0631325 0.0667751 0.0704564 0.0741143 0.0776787 0.0810691 0.0841946 0.0869537 0.089236 0.0909328 0.0919517 0.0922214 0.0916901 0.0903256 0.0881119 0.0850564 0.0812124 0.0766854 0.0715981 0.0660592 0.0601839 0.054127 0.0480662 0.0421472 0.0364659 0.0311012 0.0261436 0.021677 0.0177406 0.0143229 0.0113921 0.00892758 0.00692184 0.00536202 0.004215 0.00343065 0.00295716 
0 0.0013439 0.00276904 0.00436279 0.00621346 0.00839544 0.01096 0.0139437 0.0173873 0.0213372 0.0258187 0.0308031 0.0362095 0.041944 0.0479242 0.0540537 0.0601839 0.0661298 0.0717299 0.0768672 0.081429 0.0852829 0.0883176 0.0904859 0.0917893 0.0922418 0.0918711 0.0907341 0.0889147 0.0865168 0.0836572 0.0804505 0.0769977 0.0733911 0.0697172 0.0660518 0.0624602 0.0589945 0.0556885 0.0525603 0.0496175 0.0468576 0.0442735 0.0418552 0.0395884 0.0374563 0.0354394 0.0335151 0.031661 0.0298552 0.0280771 0.02631 0.0245393 0.0227538 0.0209448 0.0191053 0.0172308 0.0153178 0.0133647 0.0113716 0.0093396 0.00727201 0.00517307 0.00304816 0.000903885 -0.00125299 -0.00341485 -0.00557429 -0.00772381 -0.00985598 -0.0119639 -0.0140408 -0.0160805 -0.0180769 -0.0200247 -0.0219188 -0.0237547 -0.0255284 -0.027236 -0.0288745 -0.0304412 -0.0319338 -0.0333504 -0.0346898 -0.0359509 -0.0371329 -0.0382357 -0.039259 -0.040203 -0.0410681 -0.0418549 -0.0425637 -0.0431955 -0.0437508 -0.0442304 -0.0446348 -0.0449649 -0.045221 -0.0454036 -0.045513 -0.0455495 -0.045513 -0.0454036 -0.045221 -0.0449649 -0.0446348 -0.0442304 -0.0437508 -0.0431955 -0.0425637 -0.0418549 -0.0410681 -0.040203 -0.039259 -0.0382357 -0.0371329 -0.0359509 -0.0346898 -0.0333504 -0.0319338 -0.0304412 -0.0288745 -0.027236 -0.0255284 -0.0237547 -0.0219188 -0.0200247 -0.0180769 -0.0160805 -0.0140408 -0.0119639 -0.00985598 -0.00772381 -0.00557429 -0.00341485 -0.00125299 0.000903885 0.00304816 0.00517307 0.00727201 0.0093396 0.0113716 0.0133647 0.0153178 0.0172308 0.0191053 0.0209448 0.0227538 0.0245393 0.02631 0.0280771 0.0298552 0.031661 0.0335151 0.0354394 0.0374563 0.0395884 0.0418552 0.0442735 0.0468576 0.0496175 0.0525603 0.0556885 0.0589945 0.0624602 0.0660518 0.0697172 0.0733911 0.0769977 0.0804505 0.0836572 0.0865168 0.0889147 0.0907341 0.0918711 0.0922418 0.0917893 0.0904859 0.0883176 0.0852829 0.081429 0.0768672 0.0717299 0.0661298 0.0601839 0.0540538 0.0479244 0.0419444 0.0362108 0.0308066 0.0258279 0.0213595 0.0174379 0.014051 0.011173 0.00879196 0.00690629 0.00550196 0.00453937 0.00396208 
0 0.00167305 0.00345793 0.00545711 0.00775267 0.0104008 0.0134417 0.016919 0.0208855 0.0253787 0.0303827 0.0358235 0.0416048 0.0476404 0.0538339 0.0600371 0.0660592 0.0717299 0.0769276 0.0815368 0.085417 0.0884503 0.0905941 0.0918565 0.0922476 0.0917887 0.0905443 0.0886141 0.0861099 0.0831512 0.0798545 0.0763228 0.0726527 0.06894 0.0652671 0.0616989 0.0582852 0.0550554 0.052023 0.0491951 0.0465709 0.0441435 0.0419037 0.0398355 0.0379188 0.036132 0.0344513 0.032854 0.0313205 0.0298322 0.0283737 0.0269312 0.0254916 0.0240438 0.0225772 0.0210826 0.0195534 0.0179835 0.0163704 0.0147127 0.0130111 0.0112683 0.00948742 0.00767318 0.00583052 0.00396489 0.00208235 0.000188489 -0.00171016 -0.00360773 -0.0054978 -0.0073742 -0.00923091 -0.0110617 -0.0128611 -0.0146231 -0.016343 -0.0180155 -0.0196364 -0.0212015 -0.0227071 -0.0241501 -0.0255276 -0.0268375 -0.0280773 -0.0292457 -0.0303412 -0.0313628 -0.0323096 -0.0331812 -0.033977 -0.0346969 -0.0353407 -0.0359084 -0.0364001 -0.0368159 -0.0371558 -0.03742 -0.0376087 -0.0377219 -0.0377596 -0.0377219 -0.0376087 -0.03742 -0.0371558 -0.0368159 -0.0364001 -0.0359084 -0.0353407 -0.0346969 -0.033977 -0.0331812 -0.0323096 -0.0313628 -0.0303412 -0.0292457 -0.0280773 -0.0268375 -0.0255276 -0.0241501 -0.0227071 -0.0212015 -0.0196364 -0.0180155 -0.016343 -0.0146231 -0.0128611 -0.0110617 -0.00923091 -0.0073742 -0.0054978 -0.00360773 -0.00171016 0.000188489 0.00208235 0.00396489 0.00583052 0.00767318 0.00948742 0.0112683 0.0130111 0.0147127 0.0163704 0.0179835 0.0195534 0.0210826 0.0225772 0.0240438 0.0254916 0.0269312 0.0283737 0.0298322 0.0313205 0.032854 0.0344513 0.036132 0.0379188 0.0398355 0.0419037 0.0441435 0.0465709 0.0491951 0.052023 0.0550554 0.0582852 0.0616989 0.0652671 0.06894 0.0726527 0.0763228 0.0798545 0.0831512 0.0861099 0.0886141 0.0905443 0.0917887 0.0922476 0.0918565 0.0905941 0.0884503 0.085417 0.0815368 0.0769276 0.0717299 0.0660593 0.0600372 0.0538343 0.0476414 0.0416078 0.0358313 0.0304018 0.0254222 0.0209791 0.0171073 0.0137972 0.0110304 0.00880152 0.00710713 0.00592468 0.00520908 
