0 0 0 0 0 0 0 0 0 0 0 0 0 0 0 0 0 0 0 0 0 0 0 0 0 0 0 0 0 0 0 0 0 0 0 0 0 0 0 0 0 0 0 0 0 0 0 0 0 0 0 0 0 0 0 0 0 0 0 0 0 0 0 0 0 0 0 0 0 0 0 0 0 0 0 0 0 0 0 0 0 0 0 0 0 0 0 0 0 0 0 0 0 0 0 0 0 0 0 0 0 0 0 0 0 0 0 0 0 0 0 0 0 0 0 0 0 0 0 0 0 0 0 0 0 0 0 0 0 0 0 0 0 0 0 0 0 0 0 0 0 0 0 0 0 0 0 0 0 0 0 0 0 0 0 0 0 0 0 0 0 0 0 0 0 0 0 0 0 0 0 0 0 0 0 0 0 0 0 0 0 0 0 0 0 0 0 0 0 0 0 0 0 0 0 0 0 0 0 0 
0 6.96714e-17 3.81087e-16 1.93289e-15 9.35441e-15 4.32304e-14 1.90757e-13 8.03566e-13 3.23098e-12 1.23974e-11 4.53847e-11 1.58476e-10 5.27692e-10 1.67509e-09 5.06777e-09 1.46079e-08 4.01083e-08 1.04867e-07 2.61032e-07 6.18466e-07 1.39456e-06 2.99245e-06 6.11079e-06 1.18772e-05 2.19797e-05 3.87484e-05 6.5127e-05 0.000104483 0.000160248 0.000235455 0.000332325 0.000452096 0.000595255 0.000762208 0.000954233 0.0011744 0.00142812 0.00172292 0.00206757 0.00247057 0.00293848 0.00347452 0.00407789 0.00474383 0.0054644 0.00622971 0.00702919 0.00785254 0.00869029 0.00953376 0.0103747 0.0112046 0.0120145 0.0127943 0.0135328 0.0142185 0.0148394 0.0153845 0.0158439 0.0162095 0.0164758 0.0166394 0.0166997 0.0166581 0.0165184 0.0162856 0.0159664 0.0155681 0.0150988 0.0145667 0.0139805 0.0133486 0.0126792 0.0119805 0.0112601 0.0105253 0.00978301 0.00903968 0.0083012 0.00757298 0.00685989 0.00616627 0.00549594 0.00485219 0.00423783 0.00365521 0.00310624 0.00259245 0.00211502 0.00167483 0.00127249 0.000908403 0.000582807 0.000295793 4.7358e-05 -0.000162569 -0.000334094 -0.000467339 -0.000562419 -0.000619427 -0.000638422 -0.000619427 -0.000562419 -0.000467339 -0.000334094 -0.000162569 4.7358e-05 0.000295793 0.000582807 0.000908403 0.00127249 0.00167483 0.00211502 0.00259245 0.00310624 0.00365521 0.00423783 0.00485219 0.00549594 0.00616627 0.00685989 0.00757298 0.0083012 0.00903968 0.00978301 0.0105253 0.0112601 0.0119805 0.0126792 0.0133486 0.0139805 0.0145667 0.0150988 0.0155681 0.0159664 0.0162856 0.0165184 0.0166581 0.0166997 0.0166394 0.0164758 0.0162095 0.0158439 0.0153845 0.0148394 0.0142185 0.0135328 0.0127943 0.0120145 0.0112046 0.0103747 0.00953376 0.00869029 0.00785254 0.00702919 0.00622971 0.0054644 0.00474383 0.00407789 0.00347452 0.00293848 0.00247057 0.00206757 0.00172292 0.00142812 0.0011744 0.000954233 0.000762208 0.000595255 0.000452096 0.000332325 0.000235455 0.000160248 0.000104483 6.5127e-05 3.87484e-05 2.19797e-05 1.18772e-05 6.11079e-06 2.99245e-06 1.39456e-06 6.18466e-07 2.61032e-07 1.04867e-07 4.01083e-08 1.46079e-08 5.06777e-09 1.67509e-09 5.27692e-10 1.58476e-10 4.53847e-11 1.23974e-11 3.23098e-12 8.03566e-13 1.90757e-13 4.32303e-14 9.35429e-15 1.93215e-15 3.76865e-16 4.66588e-17 
0 3.81087e-16 2.01893e-15 9.89932e-15 4.63113e-14 2.06892e-13 8.82516e-13 3.59373e-12 1.39677e-11 5.18038e-11 1.83294e-10 6.18545e-10 1.99027e-09 6.10445e-09 1.78424e-08 4.96831e-08 1.31765e-07 3.32755e-07 8.00009e-07 1.83084e-06 3.98806e-06 8.26893e-06 1.63225e-05 3.06849e-05 5.49682e-05 9.39095e-05 0.00015319 0.000238979 0.000357269 0.000513188 0.000710571 0.000952061 0.00123985 0.00157692 0.0019684 0.00242255 0.00295079 0.00356679 0.00428459 0.00511635 0.00607024 0.00714901 0.00834955 0.00966337 0.0110777 0.0125771 0.0141442 0.0157612 0.0174097 0.019071 0.0207257 0.0223534 0.0239328 0.0254416 0.0268575 0.0281586 0.0293241 0.0303359 0.0311783 0.0318395 0.0323112 0.0325892 0.032673 0.0325659 0.032274 0.0318064 0.0311745 0.0303914 0.0294715 0.0284304 0.027284 0.0260487 0.0247407 0.0233758 0.0219693 0.020536 0.0190894 0.0176425 0.0162067 0.0147928 0.0134102 0.0120671 0.0107708 0.00952743 0.00834222 0.0072194 0.00616242 0.00517399 0.00425616 0.00341041 0.00263778 0.00193891 0.00131411 0.000763488 0.000286971 -0.000115625 -0.000444541 -0.000700032 -0.000882333 -0.000991634 -0.00102805 -0.000991634 -0.000882333 -0.000700032 -0.000444541 -0.000115625 0.000286971 0.000763488 0.00131411 0.00193891 0.00263778 0.00341041 0.00425616 0.00517399 0.00616242 0.0072194 0.00834222 0.00952743 0.0107708 0.0120671 0.0134102 0.0147928 0.0162067 0.0176425 0.0190894 0.020536 0.0219693 0.0233758 0.0247407 0.0260487 0.027284 0.0284304 0.0294715 0.0303914 0.0311745 0.0318064 0.032274 0.0325659 0.032673 0.0325892 0.0323112 0.0318395 0.0311783 0.0303359 0.0293241 0.0281586 0.0268575 0.0254416 0.0239328 0.0223534 0.0207257 0.019071 0.0174097 0.0157612 0.0141442 0.0125771 0.0110777 0.00966337 0.00834955 0.00714901 0.00607024 0.00511635 0.00428459 0.00356679 0.00295079 0.00242255 0.0019684 0.00157692 0.00123985 0.000952061 0.000710571 0.000513188 0.000357269 0.000238979 0.00015319 9.39095e-05 5.49682e-05 3.06849e-05 1.63225e-05 8.26893e-06 3.98806e-06 1.83084e-06 8.00009e-07 3.32755e-07 1.31765e-07 4.96831e-08 1.78424e-08 6.10445e-09 1.99027e-09 6.18545e-10 1.83294e-10 5.18038e-11 1.39677e-11 3.59373e-12 8.82516e-13 2.06892e-13 4.63106e-14 9.89512e-15 1.99581e-15 2.59546e-16 
0 1.93289e-15 9.89932e-15 4.68135e-14 2.11158e-13 9.09361e-13 3.73844e-12 1.46681e-11 5.49137e-11 1.96108e-10 6.6787e-10 2.16841e-09 6.7098e-09 1.97815e-08 5.5546e-08 1.48513e-07 3.77985e-07 9.15552e-07 2.11016e-06 4.62733e-06 9.65479e-06 1.91702e-05 3.62364e-05 6.52476e-05 0.000112019 0.000183608 0.000287833 0.00043255 0.000624941 0.000871111 0.00117628 0.00154566 0.00198572 0.00250546 0.00311706 0.00383555 0.00467747 0.00565891 0.00679333 0.00808997 0.00955288 0.0111808 0.0129678 0.0149034 0.0169738 0.0191616 0.021446 0.0238027 0.026204 0.0286192 0.0310149 0.0333563 0.0356085 0.0377373 0.0397108 0.0415001 0.0430799 0.0444295 0.0455322 0.046376 0.0469535 0.0472615 0.0473011 0.0470773 0.0465989 0.045878 0.0449297 0.0437719 0.0424244 0.0409085 0.0392468 0.0374622 0.0355779 0.0336166 0.0316002 0.0295495 0.0274842 0.0254223 0.0233801 0.0213724 0.0194122 0.0175109 0.0156782 0.0139225 0.0122506 0.0106682 0.00917963 0.0077885 0.00649739 0.00530816 0.00422208 0.00323989 0.00236195 0.00158832 0.000918842 0.000353238 -0.00010885 -0.000467787 -0.000723904 -0.000877462 -0.000928629 -0.000877462 -0.000723904 -0.000467787 -0.00010885 0.000353238 0.000918842 0.00158832 0.00236195 0.00323989 0.00422208 0.00530816 0.00649739 0.0077885 0.00917963 0.0106682 0.0122506 0.0139225 0.0156782 0.0175109 0.0194122 0.0213724 0.0233801 0.0254223 0.0274842 0.0295495 0.0316002 0.0336166 0.0355779 0.0374622 0.0392468 0.0409085 0.0424244 0.0437719 0.0449297 0.045878 0.0465989 0.0470773 0.0473011 0.0472615 0.0469535 0.046376 0.0455322 0.0444295 0.0430799 0.0415001 0.0397108 0.0377373 0.0356085 0.0333563 0.0310149 0.0286192 0.026204 0.0238027 0.021446 0.0191616 0.0169738 0.0149034 0.0129678 0.0111808 0.00955288 0.00808997 0.00679333 0.00565891 0.00467747 0.00383555 0.00311706 0.00250546 0.00198572 0.00154566 0.00117628 0.000871111 0.000624941 0.00043255 0.000287833 0.000183608 0.000112019 6.52476e-05 3.62364e-05 1.91702e-05 9.65479e-06 4.62733e-06 2.11016e-06 9.15552e-07 3.77985e-07 1.48513e-07 5.5546e-08 1.97815e-08 6.7098e-09 2.16841e-09 6.6787e-10 1.96108e-10 5.49137e-11 1.46681e-11 3.73844e-12 9.0936e-13 2.11154e-13 4.67914e-14 9.78219e-15 1.34084e-15 
0 9.35441e-15 4.63113e-14 2.11158e-13 9.17968e-13 3.80909e-12 1.50836e-11 5.69854e-11 2.05337e-10 7.05471e-10 2.31021e-09 7.20832e-09 2.14224e-08 6.06175e-08 1.63256e-07 4.18345e-07 1.01969e-06 2.36354e-06 5.20895e-06 1.09147e-05 2.1747e-05 4.12151e-05 7.43436e-05 0.000127755 0.000209448 0.000328229 0.000492952 0.000711835 0.000992263 0.00134132 0.00176703 0.00227983 0.00289369 0.0036261 0.0044969 0.00552602 0.00673098 0.0081249 0.00971549 0.0115053 0.0134924 0.0156716 0.0180347 0.0205704 0.0232634 0.0260932 0.0290335 0.0320514 0.0351082 0.0381609 0.0411639 0.044071 0.0468376 0.0494223 0.0517878 0.053902 0.0557383 0.0572754 0.0584973 0.0593933 0.0599578 0.06019 0.060094 0.0596783 0.0589555 0.0579423 0.0566589 0.055128 0.0533749 0.0514264 0.0493102 0.0470546 0.0446875 0.0422361 0.0397266 0.0371836 0.0346302 0.0320873 0.0295742 0.0271078 0.0247032 0.0223736 0.0201302 0.0179825 0.0159384 0.0140044 0.0121857 0.0104862 0.00890909 0.00745638 0.00612959 0.0049296 0.00385685 0.00291142 0.00209315 0.00140175 0.000836806 0.000397929 8.47435e-05 -0.000103043 -0.000165616 -0.000103043 8.47435e-05 0.000397929 0.000836806 0.00140175 0.00209315 0.00291142 0.00385685 0.0049296 0.00612959 0.00745638 0.00890909 0.0104862 0.0121857 0.0140044 0.0159384 0.0179825 0.0201302 0.0223736 0.0247032 0.0271078 0.0295742 0.0320873 0.0346302 0.0371836 0.0397266 0.0422361 0.0446875 0.0470546 0.0493102 0.0514264 0.0533749 0.055128 0.0566589 0.0579423 0.0589555 0.0596783 0.060094 0.06019 0.0599578 0.0593933 0.0584973 0.0572754 0.0557383 0.053902 0.0517878 0.0494223 0.0468376 0.044071 0.0411639 0.0381609 0.0351082 0.0320514 0.0290335 0.0260932 0.0232634 0.0205704 0.0180347 0.0156716 0.0134924 0.0115053 0.00971549 0.0081249 0.00673098 0.00552602 0.0044969 0.0036261 0.00289369 0.00227983 0.00176703 0.00134132 0.000992263 0.000711835 0.000492952 0.000328229 0.000209448 0.000127755 7.43436e-05 4.12151e-05 2.1747e-05 1.09147e-05 5.20895e-06 2.36354e-06 1.01969e-06 4.18345e-07 1.63256e-07 6.06175e-08 2.14224e-08 7.20832e-09 2.31021e-09 7.05471e-10 2.05337e-10 5.69854e-11 1.50836e-11 3.80909e-12 9.17947e-13 2.11047e-13 4.57472e-14 6.61412e-15 
0 4.32304e-14 2.06892e-13 9.09361e-13 3.80909e-12 1.52242e-11 5.80468e-11 2.11062e-10 7.31608e-10 2.4167e-09 7.60451e-09 2.27849e-08 6.49785e-08 1.76302e-07 4.54924e-07 1.11596e-06 2.60165e-06 5.76278e-06 1.21266e-05 2.4243e-05 4.60553e-05 8.31873e-05 0.000142997 0.00023427 0.000366539 0.000549233 0.000791038 0.00109995 0.00148423 0.00195415 0.00252374 0.00321172 0.00404091 0.00503599 0.00622036 0.00761314 0.00922728 0.0110693 0.0131403 0.0154375 0.0179556 0.0206866 0.0236195 0.0267384 0.030021 0.0334376 0.0369511 0.0405177 0.0440888 0.0476133 0.0510394 0.0543168 0.0573983 0.0602409 0.0628063 0.0650617 0.06698 0.0685402 0.0697271 0.0705321 0.0709528 0.0709924 0.0706604 0.069971 0.0689435 0.0676007 0.0659688 0.0640764 0.0619534 0.0596311 0.0571405 0.0545127 0.0517779 0.0489649 0.0461012 0.0432126 0.0403227 0.0374534 0.0346244 0.0318531 0.0291553 0.0265443 0.0240321 0.0216283 0.0193415 0.0171783 0.0151441 0.0132434 0.0114793 0.0098541 0.00836952 0.00702654 0.00582567 0.00476709 0.0038507 0.00307621 0.00244327 0.00195149 0.00160052 0.00139005 0.00131992 0.00139005 0.00160052 0.00195149 0.00244327 0.00307621 0.0038507 0.00476709 0.00582567 0.00702654 0.00836952 0.0098541 0.0114793 0.0132434 0.0151441 0.0171783 0.0193415 0.0216283 0.0240321 0.0265443 0.0291553 0.0318531 0.0346244 0.0374534 0.0403227 0.0432126 0.0461012 0.0489649 0.0517779 0.0545127 0.0571405 0.0596311 0.0619534 0.0640764 0.0659688 0.0676007 0.0689435 0.069971 0.0706604 0.0709924 0.0709528 0.0705321 0.0697271 0.0685402 0.06698 0.0650617 0.0628063 0.0602409 0.0573983 0.0543168 0.0510394 0.0476133 0.0440888 0.0405177 0.0369511 0.0334376 0.030021 0.0267384 0.0236195 0.0206866 0.0179556 0.0154375 0.0131403 0.0110693 0.00922728 0.00761314 0.00622036 0.00503599 0.00404091 0.00321172 0.00252374 0.00195415 0.00148423 0.00109995 0.000791038 0.000549233 0.000366539 0.00023427 0.000142997 8.31873e-05 4.60553e-05 2.4243e-05 1.21266e-05 5.76278e-06 2.60165e-06 1.11596e-06 4.54924e-07 1.76302e-07 6.49785e-08 2.27849e-08 7.60451e-09 2.4167e-09 7.31608e-10 2.11062e-10 5.80468e-11 1.52242e-11 3.80899e-12 9.08834e-13 2.04308e-13 3.11765e-14 
0 1.90757e-13 8.82516e-13 3.73844e-12 1.50836e-11 5.80468e-11 2.13005e-10 7.45033e-10 2.4829e-09 7.88049e-09 2.381e-08 6.84504e-08 1.87153e-07 4.86424e-07 1.20127e-06 2.81768e-06 6.27517e-06 1.32661e-05 2.66205e-05 5.07119e-05 9.17556e-05 0.000157823 0.000258436 0.000403753 0.000603612 0.000866949 0.00120211 0.00161831 0.00212782 0.00274796 0.00350175 0.00441654 0.00552077 0.00684017 0.00839462 0.0101969 0.012253 0.0145643 0.0171287 0.0199418 0.0229956 0.0262776 0.029768 0.033439 0.0372544 0.0411707 0.0451387 0.0491059 0.0530186 0.0568237 0.0604698 0.0639081 0.0670931 0.0699835 0.0725422 0.074738 0.0765455 0.0779464 0.0789297 0.0794918 0.0796363 0.0793737 0.0787204 0.077698 0.0763324 0.0746522 0.0726887 0.0704742 0.0680417 0.0654242 0.062654 0.0597626 0.0567801 0.0537351 0.0506543 0.0475627 0.0444832 0.0414366 0.0384417 0.0355154 0.0326723 0.0299256 0.0272861 0.0247633 0.0223652 0.020098 0.0179671 0.0159764 0.014129 0.0124272 0.0108726 0.00946602 0.00820814 0.0070991 0.00613882 0.00532709 0.0046636 0.004148 0.00377997 0.00355927 0.00348572 0.00355927 0.00377997 0.004148 0.0046636 0.00532709 0.00613882 0.0070991 0.00820814 0.00946602 0.0108726 0.0124272 0.014129 0.0159764 0.0179671 0.020098 0.0223652 0.0247633 0.0272861 0.0299256 0.0326723 0.0355154 0.0384417 0.0414366 0.0444832 0.0475627 0.0506543 0.0537351 0.0567801 0.0597626 0.062654 0.0654242 0.0680417 0.0704742 0.0726887 0.0746522 0.0763324 0.077698 0.0787204 0.0793737 0.0796363 0.0794918 0.0789297 0.0779464 0.0765455 0.074738 0.0725422 0.0699835 0.0670931 0.0639081 0.0604698 0.0568237 0.0530186 0.0491059 0.0451387 0.0411707 0.0372544 0.033439 0.029768 0.0262776 0.0229956 0.0199418 0.0171287 0.0145643 0.012253 0.0101969 0.00839462 0.00684017 0.00552077 0.00441654 0.00350175 0.00274796 0.00212782 0.00161831 0.00120211 0.000866949 0.000603612 0.000403753 0.000258436 0.000157823 9.17556e-05 5.07119e-05 2.66205e-05 1.32661e-05 6.27517e-06 2.81768e-06 1.20127e-06 4.86424e-07 1.87153e-07 6.84504e-08 2.381e-08 7.88049e-09 2.4829e-09 7.45033e-10 2.13005e-10 5.80467e-11 1.50831e-11 3.73605e-12 8.71271e-13 1.40417e-13 
0 8.03566e-13 3.59373e-12 1.46681e-11 5.69854e-11 2.11062e-10 7.45033e-10 2.50536e-09 8.02218e-09 2.44469e-08 7.08664e-08 1.95304e-07 5.1145e-07 1.27201e-06 3.00304e-06 6.72712e-06 1.4294e-05 2.88046e-05 5.50527e-05 9.98331e-05 0.000171914 0.000281526 0.000439399 0.000655717 0.000939595 0.00129971 0.00174626 0.00229363 0.00296244 0.00377974 0.00477661 0.00598403 0.00742852 0.00912941 0.0110986 0.0133421 0.0158625 0.0186597 0.0217312 0.025069 0.0286578 0.0324725 0.0364779 0.0406295 0.0448765 0.0491637 0.0534348 0.0576341 0.0617073 0.0656025 0.0692703 0.0726644 0.0757421 0.0784655 0.0808026 0.0827281 0.0842244 0.0852816 0.0858982 0.0860799 0.0858394 0.0851952 0.0841708 0.0827932 0.0810926 0.0791008 0.076851 0.0743765 0.0717108 0.0688866 0.0659358 0.0628886 0.0597741 0.0566191 0.0534487 0.0502861 0.0471522 0.0440657 0.0410437 0.0381007 0.0352499 0.0325024 0.0298676 0.0273535 0.0249667 0.0227127 0.0205958 0.0186192 0.0167856 0.0150967 0.013554 0.0121581 0.0109096 0.00980855 0.00885501 0.00804879 0.00738965 0.00687734 0.0065116 0.00629224 0.00621913 0.00629224 0.0065116 0.00687734 0.00738965 0.00804879 0.00885501 0.00980855 0.0109096 0.0121581 0.013554 0.0150967 0.0167856 0.0186192 0.0205958 0.0227127 0.0249667 0.0273535 0.0298676 0.0325024 0.0352499 0.0381007 0.0410437 0.0440657 0.0471522 0.0502861 0.0534487 0.0566191 0.0597741 0.0628886 0.0659358 0.0688866 0.0717108 0.0743765 0.076851 0.0791008 0.0810926 0.0827932 0.0841708 0.0851952 0.0858394 0.0860799 0.0858982 0.0852816 0.0842244 0.0827281 0.0808026 0.0784655 0.0757421 0.0726644 0.0692703 0.0656025 0.0617073 0.0576341 0.0534348 0.0491637 0.0448765 0.0406295 0.0364779 0.0324725 0.0286578 0.025069 0.0217312 0.0186597 0.0158625 0.0133421 0.0110986 0.00912941 0.00742852 0.00598403 0.00477661 0.00377974 0.00296244 0.00229363 0.00174626 0.00129971 0.000939595 0.000655717 0.000439399 0.000281526 0.000171914 9.98331e-05 5.50527e-05 2.88046e-05 1.4294e-05 6.72712e-06 3.00304e-06 1.27201e-06 5.1145e-07 1.95304e-07 7.08664e-08 2.44469e-08 8.02218e-09 2.50536e-09 7.45032e-10 2.11061e-10 5.69833e-11 1.46578e-11 3.54727e-12 6.04231e-13 
0 3.23098e-12 1.39677e-11 5.49137e-11 2.05337e-10 7.31608e-10 2.4829e-09 8.02218e-09 2.4663e-08 7.21059e-08 2.00362e-07 5.28836e-07 1.32504e-06 3.14985e-06 7.10039e-06 1.51713e-05 3.07181e-05 5.89356e-05 0.000107177 0.000184887 0.000302974 0.000472713 0.000704595 0.0010079 0.00139171 0.00186734 0.0024515 0.00316829 0.00404865 0.00512685 0.00643533 0.00800015 0.00983916 0.011963 0.014378 0.0170883 0.0200964 0.0234007 0.0269923 0.0308516 0.0349469 0.0392353 0.043665 0.0481788 0.052717 0.0572203 0.0616299 0.0658894 0.0699442 0.0737425 0.0772361 0.0803818 0.0831428 0.0854897 0.0874015 0.0888657 0.0898783 0.0904432 0.090571 0.0902781 0.089586 0.0885197 0.0871076 0.0853798 0.0833682 0.0811057 0.0786253 0.0759599 0.0731418 0.0702023 0.0671712 0.0640767 0.0609449 0.0577999 0.0546638 0.0515564 0.0484953 0.0454961 0.0425726 0.0397364 0.0369979 0.0343657 0.031847 0.0294479 0.0271735 0.0250277 0.0230138 0.0211343 0.0193911 0.0177857 0.016319 0.0149917 0.0138043 0.0127568 0.0118493 0.0110818 0.0104541 0.00996616 0.00961773 0.00940872 0.00933906 0.00940872 0.00961773 0.00996616 0.0104541 0.0110818 0.0118493 0.0127568 0.0138043 0.0149917 0.016319 0.0177857 0.0193911 0.0211343 0.0230138 0.0250277 0.0271735 0.0294479 0.031847 0.0343657 0.0369979 0.0397364 0.0425726 0.0454961 0.0484953 0.0515564 0.0546638 0.0577999 0.0609449 0.0640767 0.0671712 0.0702023 0.0731418 0.0759599 0.0786253 0.0811057 0.0833682 0.0853798 0.0871076 0.0885197 0.089586 0.0902781 0.090571 0.0904432 0.0898783 0.0888657 0.0874015 0.0854897 0.0831428 0.0803818 0.0772361 0.0737425 0.0699442 0.0658894 0.0616299 0.0572203 0.052717 0.0481788 0.043665 0.0392353 0.0349469 0.0308516 0.0269923 0.0234007 0.0200964 0.0170883 0.014378 0.011963 0.00983916 0.00800015 0.00643533 0.00512685 0.00404865 0.00316829 0.0024515 0.00186734 0.00139171 0.0010079 0.000704595 0.000472713 0.000302974 0.000184887 0.000107177 5.89356e-05 3.07181e-05 1.51713e-05 7.10039e-06 3.14985e-06 1.32504e-06 5.28836e-07 2.00362e-07 7.21059e-08 2.4663e-08 8.02218e-09 2.4829e-09 7.31606e-10 2.05328e-10 5.48716e-11 1.37857e-11 2.48384e-12 
0 1.23974e-11 5.18038e-11 1.96108e-10 7.05471e-10 2.4167e-09 7.88049e-09 2.44469e-08 7.21059e-08 2.02077e-07 5.37746e-07 1.35789e-06 3.2516e-06 7.37928e-06 1.58632e-05 3.22898e-05 6.22263e-05 0.000113555 0.000196364 0.00032222 0.000502915 0.000749237 0.00107065 0.00147669 0.00197998 0.00259976 0.00336375 0.00430668 0.0054655 0.00687329 0.00855488 0.0105262 0.012797 0.0153743 0.0182644 0.0214716 0.0249939 0.0288189 0.0329207 0.0372601 0.0417867 0.046443 0.0511677 0.0558986 0.0605733 0.0651303 0.0695089 0.0736504 0.0774991 0.0810045 0.0841237 0.0868222 0.0890756 0.0908694 0.0921988 0.0930672 0.0934856 0.0934707 0.0930441 0.0922311 0.0910598 0.0895607 0.0877657 0.0857077 0.0834199 0.0809356 0.0782872 0.0755061 0.0726222 0.0696635 0.066656 0.0636234 0.0605873 0.0575668 0.0545791 0.0516393 0.0487605 0.0459542 0.0432302 0.040597 0.0380618 0.0356306 0.0333087 0.0311001 0.0290085 0.0270366 0.0251869 0.0234611 0.0218605 0.0203864 0.0190394 0.0178202 0.0167291 0.0157663 0.0149319 0.014226 0.0136485 0.0131995 0.0128788 0.0126864 0.0126222 0.0126864 0.0128788 0.0131995 0.0136485 0.014226 0.0149319 0.0157663 0.0167291 0.0178202 0.0190394 0.0203864 0.0218605 0.0234611 0.0251869 0.0270366 0.0290085 0.0311001 0.0333087 0.0356306 0.0380618 0.040597 0.0432302 0.0459542 0.0487605 0.0516393 0.0545791 0.0575668 0.0605873 0.0636234 0.066656 0.0696635 0.0726222 0.0755061 0.0782872 0.0809356 0.0834199 0.0857077 0.0877657 0.0895607 0.0910598 0.0922311 0.0930441 0.0934707 0.0934856 0.0930672 0.0921988 0.0908694 0.0890756 0.0868222 0.0841237 0.0810045 0.0774991 0.0736504 0.0695089 0.0651303 0.0605733 0.0558986 0.0511677 0.046443 0.0417867 0.0372601 0.0329207 0.0288189 0.0249939 0.0214716 0.0182644 0.0153743 0.012797 0.0105262 0.00855488 0.00687329 0.0054655 0.00430668 0.00336375 0.00259976 0.00197998 0.00147669 0.00107065 0.000749237 0.000502915 0.00032222 0.000196364 0.000113555 6.22263e-05 3.22898e-05 1.58632e-05 7.37928e-06 3.2516e-06 1.35789e-06 5.37746e-07 2.02077e-07 7.21059e-08 2.44469e-08 7.88049e-09 2.41669e-09 7.05434e-10 1.95945e-10 5.1129e-11 9.75262e-12 
0 4.53847e-11 1.83294e-10 6.6787e-10 2.31021e-09 7.60451e-09 2.381e-08 7.08664e-08 2.00362e-07 5.37746e-07 1.36902e-06 3.30367e-06 7.55171e-06 1.63413e-05 3.34592e-05 6.48071e-05 0.000118755 0.000206002 0.000338745 0.000529284 0.000788706 0.00112669 0.00155329 0.00208256 0.00273644 0.00354633 0.00455058 0.00578835 0.0072927 0.00908681 0.0111848 0.0135963 0.0163298 0.0193941 0.022794 0.0265254 0.0305698 0.0348933 0.0394486 0.0441787 0.0490221 0.0539147 0.0587921 0.0635887 0.0682388 0.0726767 0.0768388 0.0806666 0.084109 0.0871252 0.0896853 0.0917711 0.0933753 0.0945 0.0951557 0.0953595 0.0951338 0.0945056 0.0935051 0.0921653 0.0905209 0.0886076 0.0864614 0.0841177 0.0816107 0.078973 0.0762346 0.0734235 0.0705647 0.0676808 0.0647917 0.0619151 0.0590661 0.0562582 0.0535028 0.05081 0.0481882 0.0456448 0.043186 0.0408172 0.0385429 0.0363669 0.0342924 0.032322 0.0304579 0.028702 0.0270557 0.0255202 0.0240964 0.022785 0.0215867 0.0205017 0.0195306 0.0186734 0.0179303 0.0173014 0.0167868 0.0163866 0.0161007 0.0159292 0.015872 0.0159292 0.0161007 0.0163866 0.0167868 0.0173014 0.0179303 0.0186734 0.0195306 0.0205017 0.0215867 0.022785 0.0240964 0.0255202 0.0270557 0.028702 0.0304579 0.032322 0.0342924 0.0363669 0.0385429 0.0408172 0.043186 0.0456448 0.0481882 0.05081 0.0535028 0.0562582 0.0590661 0.0619151 0.0647917 0.0676808 0.0705647 0.0734235 0.0762346 0.078973 0.0816107 0.0841177 0.0864614 0.0886076 0.0905209 0.0921653 0.0935051 0.0945056 0.0951338 0.0953595 0.0951557 0.0945 0.0933753 0.0917711 0.0896853 0.0871252 0.084109 0.0806666 0.0768388 0.0726767 0.0682388 0.0635887 0.0587921 0.0539147 0.0490221 0.0441787 0.0394486 0.0348933 0.0305698 0.0265254 0.022794 0.0193941 0.0163298 0.0135963 0.0111848 0.00908681 0.0072927 0.00578835 0.00455058 0.00354633 0.00273644 0.00208256 0.00155329 0.00112669 0.000788706 0.000529284 0.000338745 0.000206002 0.000118755 6.48071e-05 3.34592e-05 1.63413e-05 7.55171e-06 3.30367e-06 1.36902e-06 5.37746e-07 2.00362e-07 7.08664e-08 2.381e-08 7.60448e-09 2.31007e-09 6.67272e-10 1.80932e-10 3.657e-11 
0 1.58476e-10 6.18545e-10 2.16841e-09 7.20832e-09 2.27849e-08 6.84504e-08 1.95304e-07 5.28836e-07 1.35789e-06 3.30367e-06 7.61005e-06 1.65855e-05 3.41801e-05 6.65832e-05 0.000122603 0.000213506 0.000352098 0.000551185 0.000822177 0.001175 0.00162028 0.00217358 0.00285959 0.00371339 0.00477673 0.00609054 0.0076874 0.00958863 0.0118071 0.014353 0.0172375 0.0204716 0.0240596 0.0279927 0.0322447 0.0367728 0.0415221 0.0464308 0.0514341 0.0564655 0.0614567 0.0663376 0.071036 0.075481 0.0796054 0.0833501 0.0866666 0.0895188 0.0918833 0.0937485 0.0951135 0.0959863 0.0963827 0.096325 0.0958412 0.094964 0.0937295 0.0921769 0.0903465 0.088279 0.086014 0.0835896 0.0810409 0.0784001 0.0756959 0.0729537 0.0701953 0.0674397 0.064703 0.0619988 0.0593386 0.0567319 0.0541868 0.0517098 0.0493065 0.0469815 0.0447383 0.0425801 0.0405093 0.0385278 0.0366373 0.0348391 0.0331343 0.0315237 0.030008 0.0285879 0.0272638 0.0260362 0.0249055 0.0238721 0.0229361 0.022098 0.0213579 0.020716 0.0201726 0.0197278 0.0193817 0.0191344 0.018986 0.0189365 0.018986 0.0191344 0.0193817 0.0197278 0.0201726 0.020716 0.0213579 0.022098 0.0229361 0.0238721 0.0249055 0.0260362 0.0272638 0.0285879 0.030008 0.0315237 0.0331343 0.0348391 0.0366373 0.0385278 0.0405093 0.0425801 0.0447383 0.0469815 0.0493065 0.0517098 0.0541868 0.0567319 0.0593386 0.0619988 0.064703 0.0674397 0.0701953 0.0729537 0.0756959 0.0784001 0.0810409 0.0835896 0.086014 0.088279 0.0903465 0.0921769 0.0937295 0.094964 0.0958412 0.096325 0.0963827 0.0959863 0.0951135 0.0937485 0.0918833 0.0895188 0.0866666 0.0833501 0.0796054 0.075481 0.071036 0.0663376 0.0614567 0.0564655 0.0514341 0.0464308 0.0415221 0.0367728 0.0322447 0.0279927 0.0240596 0.0204716 0.0172375 0.014353 0.0118071 0.00958863 0.0076874 0.00609054 0.00477673 0.00371339 0.00285959 0.00217358 0.00162028 0.001175 0.000822177 0.000551185 0.000352098 0.000213506 0.000122603 6.65832e-05 3.41801e-05 1.65855e-05 7.61005e-06 3.30367e-06 1.35789e-06 5.28836e-07 1.95304e-07 6.84504e-08 2.27848e-08 7.2078e-09 2.16634e-09 6.10764e-10 1.30937e-10 
0 5.27692e-10 1.99027e-09 6.7098e-09 2.14224e-08 6.49785e-08 1.87153e-07 5.1145e-07 1.32504e-06 3.2516e-06 7.55171e-06 1.65855e-05 3.44237e-05 6.74884e-05 0.000124967 0.000218644 0.00036191 0.000568091 0.000848952 0.00121471 0.0016766 0.00225168 0.00296738 0.00386233 0.00498151 0.00636722 0.00805125 0.0100532 0.0123851 0.015059 0.0180893 0.0214885 0.0252591 0.0293856 0.0338329 0.03855 0.043476 0.0485455 0.0536909 0.0588419 0.0639245 0.0688609 0.0735721 0.0779822 0.0820228 0.0856371 0.0887815 0.0914263 0.0935547 0.0951612 0.0962501 0.0968346 0.0969357 0.0965818 0.0958073 0.0946518 0.0931587 0.0913733 0.0893414 0.0871076 0.0847142 0.0822001 0.0796004 0.076946 0.0742638 0.0715768 0.0689044 0.0662627 0.0636651 0.0611221 0.0586422 0.0562321 0.0538966 0.0516392 0.0494625 0.0473679 0.0453564 0.0434281 0.0415831 0.0398212 0.0381418 0.0365445 0.0350289 0.0335946 0.0322413 0.0309688 0.029777 0.0286659 0.0276356 0.0266863 0.0258182 0.0250315 0.0243266 0.0237037 0.0231631 0.0227052 0.0223301 0.0220381 0.0218295 0.0217042 0.0216624 0.0217042 0.0218295 0.0220381 0.0223301 0.0227052 0.0231631 0.0237037 0.0243266 0.0250315 0.0258182 0.0266863 0.0276356 0.0286659 0.029777 0.0309688 0.0322413 0.0335946 0.0350289 0.0365445 0.0381418 0.0398212 0.0415831 0.0434281 0.0453564 0.0473679 0.0494625 0.0516392 0.0538966 0.0562321 0.0586422 0.0611221 0.0636651 0.0662627 0.0689044 0.0715768 0.0742638 0.076946 0.0796004 0.0822001 0.0847142 0.0871076 0.0893414 0.0913733 0.0931587 0.0946518 0.0958073 0.0965818 0.0969357 0.0968346 0.0962501 0.0951612 0.0935547 0.0914263 0.0887815 0.0856371 0.0820228 0.0779822 0.0735721 0.0688609 0.0639245 0.0588419 0.0536909 0.0485455 0.043476 0.03855 0.0338329 0.0293856 0.0252591 0.0214885 0.0180893 0.015059 0.0123851 0.0100532 0.00805125 0.00636722 0.00498151 0.00386233 0.00296738 0.00225168 0.0016766 0.00121471 0.000848952 0.000568091 0.00036191 0.000218644 0.000124967 6.74884e-05 3.44237e-05 1.65855e-05 7.55171e-06 3.2516e-06 1.32504e-06 5.1145e-07 1.87152e-07 6.4978e-08 2.14206e-08 6.70306e-09 1.96625e-09 4.47562e-10 
0 1.67509e-09 6.10445e-09 1.97815e-08 6.06175e-08 1.76302e-07 4.86424e-07 1.27201e-06 3.14985e-06 7.37928e-06 1.63413e-05 3.41801e-05 6.74884e-05 0.000125764 0.000221254 0.00036791 0.000579594 0.00086848 0.00124511 0.00172135 0.00231567 0.00305811 0.00399073 0.00516146 0.00661377 0.00837856 0.0104738 0.0129118 0.015707 0.0188771 0.0224358 0.0263816 0.0306914 0.035321 0.0402125 0.0453009 0.0505184 0.0557939 0.061051 0.0662071 0.0711758 0.0758715 0.0802155 0.0841407 0.0875945 0.0905392 0.0929509 0.0948177 0.096139 0.096924 0.0971919 0.0969705 0.0962961 0.0952118 0.0937652 0.0920066 0.0899869 0.0877555 0.0853588 0.0828396 0.0802363 0.0775828 0.0749086 0.072239 0.0695953 0.0669952 0.0644528 0.0619793 0.0595831 0.0572701 0.0550441 0.052907 0.0508594 0.0489006 0.0470292 0.0452431 0.04354 0.0419175 0.040373 0.0389044 0.0375095 0.0361864 0.0349335 0.0337498 0.032634 0.0315856 0.030604 0.029689 0.0288404 0.0280582 0.0273427 0.026694 0.0261124 0.0255983 0.0251518 0.0247735 0.0244635 0.0242221 0.0240495 0.0239459 0.0239113 0.0239459 0.0240495 0.0242221 0.0244635 0.0247735 0.0251518 0.0255983 0.0261124 0.026694 0.0273427 0.0280582 0.0288404 0.029689 0.030604 0.0315856 0.032634 0.0337498 0.0349335 0.0361864 0.0375095 0.0389044 0.040373 0.0419175 0.04354 0.0452431 0.0470292 0.0489006 0.0508594 0.052907 0.0550441 0.0572701 0.0595831 0.0619793 0.0644528 0.0669952 0.0695953 0.072239 0.0749086 0.0775828 0.0802363 0.0828396 0.0853588 0.0877555 0.0899869 0.0920066 0.0937652 0.0952118 0.0962961 0.0969705 0.0971919 0.096924 0.096139 0.0948177 0.0929509 0.0905392 0.0875945 0.0841407 0.0802155 0.0758715 0.0711758 0.0662071 0.061051 0.0557939 0.0505184 0.0453009 0.0402125 0.035321 0.0306914 0.0263816 0.0224358 0.0188771 0.015707 0.0129118 0.0104738 0.00837856 0.00661377 0.00516146 0.00399073 0.00305811 0.00231567 0.00172135 0.00124511 0.00086848 0.000579594 0.00036791 0.000221254 0.000125764 6.74884e-05 3.41801e-05 1.63413e-05 7.37928e-06 3.14985e-06 1.27201e-06 4.86423e-07 1.76301e-07 6.06118e-08 1.97609e-08 6.03548e-09 1.46023e-09 
0 5.06777e-09 1.78424e-08 5.5546e-08 1.63256e-07 4.54924e-07 1.20127e-06 3.00304e-06 7.10039e-06 1.58632e-05 3.34592e-05 6.65832e-05 0.000124967 0.000221254 0.000369928 0.000585415 0.000880358 0.00126569 0.00175382 0.00236456 0.00313033 0.00409637 0.00531342 0.00682603 0.00866424 0.0108449 0.0133809 0.0162899 0.0195932 0.0233043 0.0274164 0.0318978 0.0366963 0.0417489 0.0469884 0.0523444 0.0577405 0.0630917 0.0683053 0.0732863 0.0779446 0.0822016 0.0859933 0.089272 0.0920041 0.0941696 0.0957601 0.0967792 0.0972422 0.097176 0.0966181 0.0956144 0.094217 0.0924814 0.0904634 0.0882172 0.085794 0.0832406 0.0805996 0.0779086 0.0752009 0.072505 0.0698451 0.0672411 0.0647091 0.0622611 0.0599058 0.0576487 0.0554927 0.0534384 0.0514846 0.0496289 0.047868 0.0461979 0.0446143 0.043113 0.0416898 0.0403408 0.0390624 0.0378514 0.0367049 0.0356206 0.0345963 0.0336304 0.0327215 0.0318686 0.0310709 0.0303279 0.0296393 0.0290048 0.0284246 0.0278985 0.027427 0.02701 0.026648 0.0263411 0.0260896 0.0258937 0.0257537 0.0256696 0.0256416 0.0256696 0.0257537 0.0258937 0.0260896 0.0263411 0.026648 0.02701 0.027427 0.0278985 0.0284246 0.0290048 0.0296393 0.0303279 0.0310709 0.0318686 0.0327215 0.0336304 0.0345963 0.0356206 0.0367049 0.0378514 0.0390624 0.0403408 0.0416898 0.043113 0.0446143 0.0461979 0.047868 0.0496289 0.0514846 0.0534384 0.0554927 0.0576487 0.0599058 0.0622611 0.0647091 0.0672411 0.0698451 0.072505 0.0752009 0.0779086 0.0805996 0.0832406 0.085794 0.0882172 0.0904634 0.0924814 0.094217 0.0956144 0.0966181 0.097176 0.0972422 0.0967792 0.0957601 0.0941696 0.0920041 0.089272 0.0859933 0.0822016 0.0779446 0.0732863 0.0683053 0.0630917 0.0577405 0.0523444 0.0469884 0.0417489 0.0366963 0.0318978 0.0274164 0.0233043 0.0195932 0.0162899 0.0133809 0.0108449 0.00866424 0.00682603 0.00531342 0.00409637 0.00313033 0.00236456 0.00175382 0.00126569 0.000880358 0.000585415 0.000369928 0.000221254 0.000124967 6.65832e-05 3.34592e-05 1.58632e-05 7.10039e-06 3.00304e-06 1.20126e-06 4.54919e-07 1.63238e-07 5.54878e-08 1.76601e-08 4.54658e-09 
0 1.46079e-08 4.96831e-08 1.48513e-07 4.18345e-07 1.11596e-06 2.81768e-06 6.72712e-06 1.51713e-05 3.22898e-05 6.48071e-05 0.000122603 0.000218644 0.00036791 0.000585415 0.000884345 0.00127606 0.00177352 0.00239759 0.00318282 0.00417737 0.00543464 0.00700036 0.00890394 0.0111614 0.0137869 0.0168018 0.0202304 0.0240852 0.0283531 0.0329935 0.0379479 0.0431502 0.0485318 0.0540188 0.0595269 0.0649603 0.0702161 0.0751927 0.0797986 0.0839571 0.0876081 0.0907066 0.0932215 0.0951343 0.0964401 0.0971482 0.0972823 0.0968792 0.0959872 0.0946618 0.092963 0.0909514 0.0886864 0.0862242 0.0836168 0.0809122 0.0781532 0.0753779 0.0726196 0.0699063 0.0672609 0.0647013 0.0622408 0.0598881 0.0576484 0.0555237 0.0535134 0.0516149 0.0498244 0.0481372 0.0465479 0.045051 0.0436411 0.0423128 0.0410609 0.0398806 0.0387675 0.0377177 0.0367274 0.0357936 0.0349134 0.0340845 0.0333049 0.0325728 0.0318871 0.0312467 0.0306508 0.030099 0.0295908 0.0291262 0.0287051 0.0283275 0.0279937 0.0277039 0.0274581 0.0272567 0.0270998 0.0269876 0.0269202 0.0268977 0.0269202 0.0269876 0.0270998 0.0272567 0.0274581 0.0277039 0.0279937 0.0283275 0.0287051 0.0291262 0.0295908 0.030099 0.0306508 0.0312467 0.0318871 0.0325728 0.0333049 0.0340845 0.0349134 0.0357936 0.0367274 0.0377177 0.0387675 0.0398806 0.0410609 0.0423128 0.0436411 0.045051 0.0465479 0.0481372 0.0498244 0.0516149 0.0535134 0.0555237 0.0576484 0.0598881 0.0622408 0.0647013 0.0672609 0.0699063 0.0726196 0.0753779 0.0781532 0.0809122 0.0836168 0.0862242 0.0886864 0.0909514 0.092963 0.0946618 0.0959872 0.0968792 0.0972823 0.0971482 0.0964401 0.0951343 0.0932215 0.0907066 0.0876081 0.0839571 0.0797986 0.0751927 0.0702161 0.0649603 0.0595269 0.0540188 0.0485318 0.0431502 0.0379479 0.0329935 0.0283531 0.0240852 0.0202304 0.0168018 0.0137869 0.0111614 0.00890394 0.00700036 0.00543464 0.00417737 0.00318282 0.00239759 0.00177352 0.00127606 0.000884345 0.000585415 0.00036791 0.000218644 0.000122603 6.48071e-05 3.22898e-05 1.51713e-05 6.72712e-06 2.81767e-06 1.11595e-06 4.18297e-07 1.48362e-07 4.9249e-08 1.35074e-08 
0 4.01083e-08 1.31765e-07 3.77985e-07 1.01969e-06 2.60165e-06 6.27517e-06 1.4294e-05 3.07181e-05 6.22263e-05 0.000118755 0.000213506 0.00036191 0.000579594 0.000880358 0.00127606 0.00178011 0.00241424 0.00321469 0.00423222 0.00552289 0.00713377 0.00909407 0.0114194 0.0141255 0.0172374 0.0207822 0.0247705 0.0291824 0.0339692 0.0390672 0.0444096 0.0499262 0.0555375 0.0611488 0.0666526 0.0719371 0.0768974 0.0814429 0.0854995 0.0890091 0.0919273 0.0942229 0.0958796 0.0968975 0.0972944 0.0971044 0.0963757 0.0951658 0.0935379 0.0915568 0.0892866 0.0867889 0.084122 0.0813403 0.0784935 0.0756262 0.0727773 0.0699798 0.06726 0.0646383 0.0621292 0.059742 0.0574815 0.0553493 0.053344 0.0514622 0.0496993 0.0480496 0.0465071 0.0450653 0.0437176 0.0424577 0.0412793 0.0401763 0.0391432 0.0381746 0.0372658 0.0364124 0.0356103 0.0348564 0.0341475 0.0334813 0.0328556 0.0322687 0.0317194 0.0312066 0.0307296 0.0302878 0.029881 0.029509 0.0291718 0.0288694 0.028602 0.0283697 0.0281727 0.0280112 0.0278854 0.0277954 0.0277414 0.0277234 0.0277414 0.0277954 0.0278854 0.0280112 0.0281727 0.0283697 0.028602 0.0288694 0.0291718 0.029509 0.029881 0.0302878 0.0307296 0.0312066 0.0317194 0.0322687 0.0328556 0.0334813 0.0341475 0.0348564 0.0356103 0.0364124 0.0372658 0.0381746 0.0391432 0.0401763 0.0412793 0.0424577 0.0437176 0.0450653 0.0465071 0.0480496 0.0496993 0.0514622 0.053344 0.0553493 0.0574815 0.059742 0.0621292 0.0646383 0.06726 0.0699798 0.0727773 0.0756262 0.0784935 0.0813403 0.084122 0.0867889 0.0892866 0.0915568 0.0935379 0.0951658 0.0963757 0.0971044 0.0972944 0.0968975 0.0958796 0.0942229 0.0919273 0.0890091 0.0854995 0.0814429 0.0768974 0.0719371 0.0666526 0.0611488 0.0555375 0.0499262 0.0444096 0.0390672 0.0339692 0.0291824 0.0247705 0.0207822 0.0172374 0.0141255 0.0114194 0.00909407 0.00713377 0.00552289 0.00423222 0.00321469 0.00241424 0.00178011 0.00127606 0.000880358 0.000579594 0.00036191 0.000213506 0.000118755 6.22263e-05 3.07181e-05 1.4294e-05 6.27516e-06 2.60161e-06 1.01957e-06 3.77631e-07 1.30872e-07 3.82835e-08 
0 1.04867e-07 3.32755e-07 9.15552e-07 2.36354e-06 5.76278e-06 1.32661e-05 2.88046e-05 5.89356e-05 0.000113555 0.000206002 0.000352098 0.000568091 0.00086848 0.00126569 0.00177352 0.00241424 0.00322537 0.00425991 0.00557651 0.00722399 0.00923184 0.0116156 0.0143928 0.0175918 0.0212424 0.025353 0.0298965 0.034817 0.0400478 0.045522 0.0511675 0.0568964 0.0626019 0.0681653 0.0734688 0.0784067 0.0828905 0.0868472 0.0902178 0.0929563 0.0950317 0.0964318 0.097165 0.0972597 0.0967613 0.0957273 0.0942222 0.0923136 0.0900699 0.0875581 0.0848433 0.0819873 0.0790477 0.0760769 0.0731204 0.0702166 0.0673961 0.0646821 0.0620911 0.0596333 0.0573145 0.0551364 0.0530979 0.0511957 0.049425 0.0477796 0.0462528 0.0448373 0.0435254 0.0423093 0.0411815 0.0401345 0.0391611 0.0382548 0.0374094 0.0366196 0.0358803 0.0351875 0.0345372 0.0339265 0.0333527 0.0328137 0.0323076 0.0318331 0.031389 0.0309747 0.0305893 0.0302326 0.0299043 0.0296042 0.0293322 0.0290884 0.0288729 0.0286858 0.0285272 0.0283972 0.0282959 0.0282235 0.02818 0.0281655 0.02818 0.0282235 0.0282959 0.0283972 0.0285272 0.0286858 0.0288729 0.0290884 0.0293322 0.0296042 0.0299043 0.0302326 0.0305893 0.0309747 0.031389 0.0318331 0.0323076 0.0328137 0.0333527 0.0339265 0.0345372 0.0351875 0.0358803 0.0366196 0.0374094 0.0382548 0.0391611 0.0401345 0.0411815 0.0423093 0.0435254 0.0448373 0.0462528 0.0477796 0.049425 0.0511957 0.0530979 0.0551364 0.0573145 0.0596333 0.0620911 0.0646821 0.0673961 0.0702166 0.0731204 0.0760769 0.0790477 0.0819873 0.0848433 0.0875581 0.0900699 0.0923136 0.0942222 0.0957273 0.0967613 0.0972597 0.097165 0.0964318 0.0950317 0.0929563 0.0902178 0.0868472 0.0828905 0.0784067 0.0734688 0.0681653 0.0626019 0.0568964 0.0511675 0.045522 0.0400478 0.034817 0.0298965 0.025353 0.0212424 0.0175918 0.0143928 0.0116156 0.00923184 0.00722399 0.00557651 0.00425991 0.00322537 0.00241424 0.00177352 0.00126569 0.00086848 0.000568091 0.000352098 0.000206002 0.000113555 5.89356e-05 2.88046e-05 1.32661e-05 5.76268e-06 2.36325e-06 9.14843e-07 3.31351e-07 1.03502e-07 
0 2.61032e-07 8.00009e-07 2.11016e-06 5.20895e-06 1.21266e-05 2.66205e-05 5.50527e-05 0.000107177 0.000196364 0.000338745 0.000551185 0.000848952 0.00124511 0.00175382 0.00239759 0.00321469 0.00425991 0.0055945 0.00726948 0.0093153 0.0117478 0.0145858 0.0178612 0.021606 0.0258264 0.0304888 0.0355309 0.0408846 0.0464835 0.052252 0.0580918 0.0638829 0.0694974 0.0748147 0.0797301 0.0841559 0.0880174 0.0912521 0.0938119 0.0956684 0.0968168 0.0972761 0.0970858 0.0963005 0.0949839 0.0932049 0.0910349 0.0885461 0.0858105 0.0828982 0.0798754 0.0768028 0.0737334 0.0707115 0.0677724 0.0649431 0.0622425 0.0596835 0.0572736 0.055016 0.0529109 0.0509558 0.049146 0.0474752 0.045936 0.0445198 0.0432175 0.0420199 0.0409178 0.039902 0.0389643 0.0380968 0.0372924 0.0365448 0.0358485 0.0351986 0.034591 0.034022 0.0334886 0.0329883 0.0325189 0.0320785 0.0316658 0.0312795 0.0309186 0.0305823 0.0302701 0.0299814 0.0297161 0.0294739 0.0292546 0.0290582 0.0288847 0.0287341 0.0286066 0.0285021 0.0284207 0.0283625 0.0283276 0.028316 0.0283276 0.0283625 0.0284207 0.0285021 0.0286066 0.0287341 0.0288847 0.0290582 0.0292546 0.0294739 0.0297161 0.0299814 0.0302701 0.0305823 0.0309186 0.0312795 0.0316658 0.0320785 0.0325189 0.0329883 0.0334886 0.034022 0.034591 0.0351986 0.0358485 0.0365448 0.0372924 0.0380968 0.0389643 0.039902 0.0409178 0.0420199 0.0432175 0.0445198 0.045936 0.0474752 0.049146 0.0509558 0.0529109 0.055016 0.0572736 0.0596835 0.0622425 0.0649431 0.0677724 0.0707115 0.0737334 0.0768028 0.0798754 0.0828982 0.0858105 0.0885461 0.0910349 0.0932049 0.0949839 0.0963005 0.0970858 0.0972761 0.0968168 0.0956684 0.0938119 0.0912521 0.0880174 0.0841559 0.0797301 0.0748147 0.0694974 0.0638829 0.0580918 0.052252 0.0464835 0.0408846 0.0355309 0.0304888 0.0258264 0.021606 0.0178612 0.0145858 0.0117478 0.0093153 0.00726948 0.0055945 0.00425991 0.00321469 0.00239759 0.00175382 0.00124511 0.000848952 0.000551185 0.000338745 0.000196364 0.000107177 5.50527e-05 2.66204e-05 1.21264e-05 5.2084e-06 2.10911e-06 7.99271e-07 2.66897e-07 
