0 0 0 0 0 0 0 0 0 0 0 0 0 0 0 0 0 0 0 0 0 0 0 0 0 0 0 0 0 0 0 0 0 0 0 0 0 0 0 0 0 0 0 0 0 0 0 0 0 0 0 0 0 0 0 0 0 0 0 0 0 0 0 0 0 0 0 0 0 0 0 0 0 0 0 0 0 0 0 0 0 0 0 0 0 0 0 0 0 0 0 0 0 0 0 0 0 0 0 0 0 0 0 0 0 0 0 0 0 0 0 0 0 0 0 0 0 0 0 0 0 0 0 0 0 0 0 0 0 0 0 0 0 0 0 0 0 0 0 0 0 0 0 0 0 0 0 0 0 0 0 0 0 0 0 0 0 0 0 0 0 0 0 0 0 0 0 0 0 0 0 0 0 0 0 0 0 0 0 0 0 0 0 0 0 0 0 0 0 0 0 0 0 0 0 0 0 0 0 0 
0 4.6762e-06 1.16578e-05 2.37504e-05 4.46284e-05 7.89105e-05 0.000131785 0.000208135 0.000311407 0.000442823 0.000601795 0.000788102 0.00100541 0.00126437 0.00158294 0.00198212 0.00247831 0.00307609 0.00376599 0.00452934 0.00534749 0.00620935 0.00711202 0.00805395 0.00902515 0.010001 0.0109433 0.0118079 0.0125542 0.0131519 0.0135818 0.0138324 0.0138946 0.013759 0.0134155 0.0128574 0.012085 0.0111089 0.00995054 0.00864003 0.0072126 0.00570454 0.00415024 0.00258062 0.00102291 -0.000498746 -0.00196244 -0.00334807 -0.00463741 -0.00581467 -0.00686734 -0.00778692 -0.0085694 -0.00921523 -0.00972888 -0.0101181 -0.010393 -0.0105649 -0.0106458 -0.0106475 -0.010581 -0.0104569 -0.0102845 -0.0100723 -0.00982824 -0.00955923 -0.00927169 -0.0089714 -0.00866357 -0.00835284 -0.00804325 -0.00773829 -0.00744088 -0.00715334 -0.00687751 -0.0066147 -0.00636582 -0.00613138 -0.00591157 -0.00570636 -0.00551547 -0.00533852 -0.00517499 -0.00502433 -0.00488592 -0.00475917 -0.00464348 -0.00453826 -0.00444298 -0.00435713 -0.00428024 -0.0042119 -0.00415173 -0.0040994 -0.00405461 -0.00401712 -0.00398673 -0.00396327 -0.0039466 -0.00393663 -0.00393332 -0.00393663 -0.0039466 -0.00396327 -0.00398673 -0.00401712 -0.00405461 -0.0040994 -0.00415173 -0.0042119 -0.00428024 -0.00435713 -0.00444298 -0.00453826 -0.00464348 -0.00475917 -0.00488592 -0.00502433 -0.00517499 -0.00533852 -0.00551547 -0.00570636 -0.00591157 -0.00613138 -0.00636582 -0.0066147 -0.00687751 -0.00715334 -0.00744088 -0.00773829 -0.00804325 -0.00835284 -0.00866357 -0.0089714 -0.00927169 -0.00955923 -0.00982824 -0.0100723 -0.0102845 -0.0104569 -0.010581 -0.0106475 -0.0106458 -0.0105649 -0.010393 -0.0101181 -0.00972888 -0.00921523 -0.0085694 -0.00778692 -0.00686734 -0.00581467 -0.00463741 -0.00334807 -0.00196244 -0.000498746 0.00102291 0.00258062 0.00415024 0.00570454 0.0072126 0.00864003 0.00995054 0.0111089 0.012085 0.0128574 0.0134155 0.013759 0.0138946 0.0138324 0.0135818 0.0131519 0.0125542 0.0118079 0.0109433 0.010001 0.00902515 0.00805395 0.00711202 0.00620935 0.00534749 0.00452934 0.00376599 0.00307609 0.00247831 0.00198212 0.00158294 0.00126437 0.00100541 0.000788102 0.000601795 0.000442822 0.000311407 0.000208134 0.000131783 7.89095e-05 4.464e-05 2.38168e-05 1.19102e-05 5.4746e-06 
0 1.16578e-05 2.84806e-05 5.65102e-05 0.000103234 0.000177547 0.000288895 0.000445733 0.000653911 0.00091615 0.00123374 0.00161069 0.00205886 0.00260089 0.00326797 0.00409171 0.0050935 0.00627709 0.00762884 0.00912545 0.0107436 0.0124652 0.014274 0.0161483 0.0180523 0.0199344 0.0217309 0.0233743 0.0248008 0.0259551 0.0267916 0.0272734 0.0273714 0.0270644 0.026341 0.0252018 0.0236609 0.0217463 0.0194984 0.0169677 0.0142115 0.0112907 0.00826764 0.00520321 0.0021555 -0.000821784 -0.00368052 -0.00637913 -0.00888331 -0.0111665 -0.0132099 -0.0150023 -0.0165397 -0.0178243 -0.0188635 -0.0196694 -0.0202575 -0.0206454 -0.0208527 -0.0208998 -0.020807 -0.0205947 -0.020282 -0.0198873 -0.0194274 -0.0189177 -0.0183718 -0.0178018 -0.0172182 -0.0166299 -0.0160443 -0.0154676 -0.0149046 -0.0143594 -0.0138348 -0.013333 -0.0128555 -0.0124033 -0.0119769 -0.0115763 -0.0112013 -0.0108516 -0.0105265 -0.0102254 -0.00994731 -0.00969152 -0.0094571 -0.00924319 -0.00904891 -0.00887344 -0.00871599 -0.00857583 -0.00845228 -0.00834472 -0.00825262 -0.0081755 -0.00811296 -0.00806466 -0.00803034 -0.00800982 -0.008003 -0.00800982 -0.00803034 -0.00806466 -0.00811296 -0.0081755 -0.00825262 -0.00834472 -0.00845228 -0.00857583 -0.00871599 -0.00887344 -0.00904891 -0.00924319 -0.0094571 -0.00969152 -0.00994731 -0.0102254 -0.0105265 -0.0108516 -0.0112013 -0.0115763 -0.0119769 -0.0124033 -0.0128555 -0.013333 -0.0138348 -0.0143594 -0.0149046 -0.0154676 -0.0160443 -0.0166299 -0.0172182 -0.0178018 -0.0183718 -0.0189177 -0.0194274 -0.0198873 -0.020282 -0.0205947 -0.020807 -0.0208998 -0.0208527 -0.0206454 -0.0202575 -0.0196694 -0.0188635 -0.0178243 -0.0165397 -0.0150023 -0.0132099 -0.0111665 -0.00888331 -0.00637913 -0.00368052 -0.000821784 0.0021555 0.00520321 0.00826764 0.0112907 0.0142115 0.0169677 0.0194984 0.0217463 0.0236609 0.0252018 0.026341 0.0270644 0.0273714 0.0272734 0.0267916 0.0259551 0.0248008 0.0233743 0.0217309 0.0199344 0.0180523 0.0161483 0.014274 0.0124652 0.0107436 0.00912545 0.00762884 0.00627709 0.0050935 0.00409171 0.00326797 0.00260089 0.00205886 0.00161069 0.00123374 0.000916149 0.00065391 0.00044573 0.000288893 0.000177558 0.000103303 5.67813e-05 2.93626e-05 1.41897e-05 
0 2.37504e-05 5.65102e-05 0.000108245 0.000190329 0.000315121 0.000494671 0.0007391 0.00105579 0.0014506 0.00193154 0.00251352 0.00322146 0.0040886 0.00514973 0.00643218 0.00794974 0.00970273 0.0116828 0.0138773 0.0162686 0.0188292 0.0215162 0.0242705 0.0270219 0.0296956 0.0322164 0.0345099 0.0365005 0.0381117 0.0392691 0.0399068 0.0399751 0.0394457 0.0383135 0.0365945 0.0343217 0.031541 0.0283083 0.0246878 0.0207517 0.0165794 0.0122551 0.00786565 0.0034962 -0.000773683 -0.00487347 -0.00874402 -0.0123387 -0.0156231 -0.0185744 -0.0211798 -0.0234349 -0.0253426 -0.0269118 -0.0281564 -0.0290949 -0.029749 -0.0301433 -0.0303044 -0.03026 -0.030038 -0.0296657 -0.0291695 -0.0285737 -0.0279007 -0.0271705 -0.0264006 -0.0256061 -0.0247997 -0.0239923 -0.0231926 -0.0224078 -0.0216434 -0.020904 -0.020193 -0.0195127 -0.018865 -0.018251 -0.0176713 -0.017126 -0.0166152 -0.0161382 -0.0156946 -0.0152835 -0.0149039 -0.0145551 -0.0142358 -0.0139451 -0.0136819 -0.0134453 -0.0132343 -0.013048 -0.0128856 -0.0127464 -0.0126297 -0.012535 -0.0124618 -0.0124098 -0.0123786 -0.0123683 -0.0123786 -0.0124098 -0.0124618 -0.012535 -0.0126297 -0.0127464 -0.0128856 -0.013048 -0.0132343 -0.0134453 -0.0136819 -0.0139451 -0.0142358 -0.0145551 -0.0149039 -0.0152835 -0.0156946 -0.0161382 -0.0166152 -0.017126 -0.0176713 -0.018251 -0.018865 -0.0195127 -0.020193 -0.020904 -0.0216434 -0.0224078 -0.0231926 -0.0239923 -0.0247997 -0.0256061 -0.0264006 -0.0271705 -0.0279007 -0.0285737 -0.0291695 -0.0296657 -0.030038 -0.03026 -0.0303044 -0.0301433 -0.029749 -0.0290949 -0.0281564 -0.0269118 -0.0253426 -0.0234349 -0.0211798 -0.0185744 -0.0156231 -0.0123387 -0.00874402 -0.00487347 -0.000773683 0.0034962 0.00786565 0.0122551 0.0165794 0.0207517 0.0246878 0.0283083 0.031541 0.0343217 0.0365945 0.0383135 0.0394457 0.0399751 0.0399068 0.0392691 0.0381117 0.0365005 0.0345099 0.0322164 0.0296956 0.0270219 0.0242705 0.0215162 0.0188292 0.0162686 0.0138773 0.0116828 0.00970273 0.00794974 0.00643218 0.00514973 0.0040886 0.00322146 0.00251352 0.00193154 0.0014506 0.00105579 0.000739099 0.000494683 0.000315191 0.000190604 0.000109139 5.90846e-05 3.05001e-05 
0 4.46284e-05 0.000103234 0.000190329 0.000320889 0.000509473 0.000768963 0.00111005 0.00154266 0.00207978 0.00274195 0.00355957 0.00457002 0.00580977 0.00730565 0.00907124 0.0111106 0.013426 0.0160203 0.0188915 0.0220198 0.0253577 0.0288315 0.0323508 0.0358219 0.0391552 0.0422649 0.0450642 0.0474619 0.0493637 0.0506801 0.0513356 0.0512775 0.0504795 0.0489414 0.0466861 0.0437552 0.0402059 0.0361087 0.0315454 0.0266075 0.0213938 0.0160068 0.0105486 0.00511752 -0.000195792 -0.00531089 -0.0101592 -0.0146848 -0.0188447 -0.0226081 -0.0259558 -0.0288795 -0.0313802 -0.0334674 -0.0351573 -0.0364722 -0.0374383 -0.0380852 -0.0384442 -0.0385473 -0.0384267 -0.0381136 -0.0376376 -0.0370269 -0.0363073 -0.0355023 -0.0346332 -0.0337189 -0.0327758 -0.0318184 -0.0308587 -0.0299073 -0.0289724 -0.0280612 -0.027179 -0.0263302 -0.0255179 -0.0247444 -0.0240111 -0.0233189 -0.0226681 -0.0220585 -0.0214897 -0.020961 -0.0204715 -0.0200202 -0.0196061 -0.0192281 -0.018885 -0.0185757 -0.0182993 -0.0180548 -0.0178412 -0.0176578 -0.0175038 -0.0173787 -0.0172819 -0.0172131 -0.0171719 -0.0171582 -0.0171719 -0.0172131 -0.0172819 -0.0173787 -0.0175038 -0.0176578 -0.0178412 -0.0180548 -0.0182993 -0.0185757 -0.018885 -0.0192281 -0.0196061 -0.0200202 -0.0204715 -0.020961 -0.0214897 -0.0220585 -0.0226681 -0.0233189 -0.0240111 -0.0247444 -0.0255179 -0.0263302 -0.027179 -0.0280612 -0.0289724 -0.0299073 -0.0308587 -0.0318184 -0.0327758 -0.0337189 -0.0346332 -0.0355023 -0.0363073 -0.0370269 -0.0376376 -0.0381136 -0.0384267 -0.0385473 -0.0384442 -0.0380852 -0.0374383 -0.0364722 -0.0351573 -0.0334674 -0.0313802 -0.0288795 -0.0259558 -0.0226081 -0.0188447 -0.0146848 -0.0101592 -0.00531089 -0.000195792 0.00511752 0.0105486 0.0160068 0.0213938 0.0266075 0.0315454 0.0361087 0.0402059 0.0437552 0.0466861 0.0489414 0.0504795 0.0512775 0.0513356 0.0506801 0.0493637 0.0474619 0.0450642 0.0422649 0.0391552 0.0358219 0.0323508 0.0288315 0.0253577 0.0220198 0.0188915 0.0160203 0.013426 0.0111106 0.00907124 0.00730565 0.00580977 0.00457002 0.00355957 0.00274195 0.00207978 0.00154266 0.00111006 0.000769035 0.000509748 0.000321779 0.000192896 0.000109984 6.10037e-05 
0 7.89105e-05 0.000177547 0.000315121 0.000509473 0.000776095 0.00112802 0.00157779 0.00214185 0.00284556 0.00372539 0.00482499 0.00618564 0.00783622 0.00978977 0.0120496 0.0146198 0.0175093 0.0207247 0.0242546 0.0280578 0.032063 0.0361793 0.0403075 0.0443461 0.0481915 0.0517354 0.0548665 0.0574755 0.0594634 0.060748 0.0612676 0.0609813 0.0598688 0.0579303 0.0551871 0.0516833 0.047485 0.0426778 0.0373626 0.0316495 0.0256518 0.0194811 0.0132441 0.00704024 0.000960634 -0.00491253 -0.0105069 -0.0157606 -0.0206237 -0.0250584 -0.0290395 -0.0325544 -0.0356017 -0.0381902 -0.0403369 -0.0420651 -0.0434027 -0.0443805 -0.0450309 -0.0453869 -0.0454812 -0.0453458 -0.0450116 -0.0445077 -0.0438619 -0.0430999 -0.0422456 -0.0413205 -0.0403443 -0.0393344 -0.0383059 -0.0372722 -0.0362443 -0.0352317 -0.0342421 -0.0332818 -0.0323556 -0.0314671 -0.0306193 -0.0298139 -0.0290522 -0.0283349 -0.027662 -0.0270336 -0.0264491 -0.0259079 -0.0254092 -0.0249523 -0.0245361 -0.0241598 -0.0238225 -0.0235233 -0.0232614 -0.023036 -0.0228464 -0.0226922 -0.0225727 -0.0224876 -0.0224367 -0.0224197 -0.0224367 -0.0224876 -0.0225727 -0.0226922 -0.0228464 -0.023036 -0.0232614 -0.0235233 -0.0238225 -0.0241598 -0.0245361 -0.0249523 -0.0254092 -0.0259079 -0.0264491 -0.0270336 -0.027662 -0.0283349 -0.0290522 -0.0298139 -0.0306193 -0.0314671 -0.0323556 -0.0332818 -0.0342421 -0.0352317 -0.0362443 -0.0372722 -0.0383059 -0.0393344 -0.0403443 -0.0413205 -0.0422456 -0.0430999 -0.0438619 -0.0445077 -0.0450116 -0.0453458 -0.0454812 -0.0453869 -0.0450309 -0.0443805 -0.0434027 -0.0420651 -0.0403369 -0.0381902 -0.0356017 -0.0325544 -0.0290395 -0.0250584 -0.0206237 -0.0157606 -0.0105069 -0.00491253 0.000960634 0.00704024 0.0132441 0.0194811 0.0256518 0.0316495 0.0373626 0.0426778 0.047485 0.0516833 0.0551871 0.0579303 0.0598688 0.0609813 0.0612676 0.060748 0.0594634 0.0574755 0.0548665 0.0517354 0.0481915 0.0443461 0.0403075 0.0361793 0.032063 0.0280578 0.0242546 0.0207247 0.0175093 0.0146198 0.0120496 0.00978977 0.00783622 0.00618564 0.00482498 0.00372539 0.00284556 0.00214187 0.00157786 0.00112829 0.000776968 0.000511993 0.000321768 0.000193743 0.000115599 
0 0.000131785 0.000288895 0.000494671 0.000768963 0.00112802 0.00158685 0.00216432 0.00288897 0.00380167 0.0049515 0.00638513 0.00813561 0.0102186 0.0126396 0.0154047 0.0185255 0.0220093 0.0258437 0.0299862 0.034368 0.0389057 0.0435097 0.0480833 0.0525167 0.0566856 0.0604572 0.0637032 0.0663118 0.0681945 0.0692862 0.0695412 0.0689307 0.0674422 0.0650825 0.0618814 0.0578926 0.0531931 0.0478777 0.0420537 0.0358344 0.0293338 0.0226632 0.0159285 0.00922904 0.00265622 -0.00370767 -0.00979055 -0.0155316 -0.0208818 -0.0258044 -0.0302744 -0.034278 -0.0378113 -0.0408792 -0.0434939 -0.0456736 -0.0474413 -0.0488235 -0.0498496 -0.0505502 -0.0509572 -0.0511023 -0.051017 -0.0507314 -0.0502745 -0.0496735 -0.0489536 -0.0481378 -0.0472471 -0.0463003 -0.0453142 -0.0443035 -0.043281 -0.0422578 -0.0412434 -0.0402459 -0.0392719 -0.038327 -0.0374156 -0.0365414 -0.035707 -0.0349147 -0.0341658 -0.0334614 -0.0328021 -0.0321881 -0.0316194 -0.0310959 -0.030617 -0.0301824 -0.0297916 -0.0294438 -0.0291386 -0.0288755 -0.0286537 -0.028473 -0.0283329 -0.028233 -0.0281732 -0.0281533 -0.0281732 -0.028233 -0.0283329 -0.028473 -0.0286537 -0.0288755 -0.0291386 -0.0294438 -0.0297916 -0.0301824 -0.030617 -0.0310959 -0.0316194 -0.0321881 -0.0328021 -0.0334614 -0.0341658 -0.0349147 -0.035707 -0.0365414 -0.0374156 -0.038327 -0.0392719 -0.0402459 -0.0412434 -0.0422578 -0.043281 -0.0443035 -0.0453142 -0.0463003 -0.0472471 -0.0481378 -0.0489536 -0.0496735 -0.0502745 -0.0507314 -0.051017 -0.0511023 -0.0509572 -0.0505502 -0.0498496 -0.0488235 -0.0474413 -0.0456736 -0.0434939 -0.0408792 -0.0378113 -0.034278 -0.0302744 -0.0258044 -0.0208818 -0.0155316 -0.00979055 -0.00370767 0.00265622 0.00922904 0.0159285 0.0226632 0.0293338 0.0358344 0.0420537 0.0478777 0.0531931 0.0578926 0.0618814 0.0650825 0.0674422 0.0689307 0.0695412 0.0692862 0.0681945 0.0663118 0.0637032 0.0604572 0.0566856 0.0525167 0.0480833 0.0435097 0.0389057 0.034368 0.0299862 0.0258437 0.0220093 0.0185255 0.0154047 0.0126396 0.0102186 0.00813561 0.00638513 0.0049515 0.00380168 0.00288904 0.00216458 0.00158769 0.00113045 0.00077541 0.00051046 0.000324859 0.000208243 
0 0.000208135 0.000445733 0.0007391 0.00111005 0.00157779 0.00216432 0.00290099 0.00383194 0.00501021 0.00648662 0.00829794 0.0104632 0.0129914 0.0158937 0.0191863 0.0228782 0.0269531 0.0313618 0.0360308 0.0408783 0.0458218 0.0507717 0.0556207 0.0602417 0.064496 0.0682484 0.0713801 0.0737937 0.0754134 0.0761826 0.0760633 0.0750378 0.0731116 0.0703138 0.0666957 0.0623268 0.05729 0.0516775 0.0455882 0.039125 0.0323937 0.0254999 0.0185468 0.0116317 0.00484306 -0.00174144 -0.00805629 -0.0140481 -0.0196748 -0.0249048 -0.0297153 -0.0340918 -0.0380266 -0.0415187 -0.0445733 -0.0472011 -0.0494178 -0.0512438 -0.0527028 -0.0538215 -0.0546281 -0.0551519 -0.0554222 -0.0554678 -0.0553165 -0.0549945 -0.0545267 -0.053936 -0.0532434 -0.0524684 -0.0516286 -0.0507397 -0.0498161 -0.0488705 -0.0479142 -0.0469571 -0.0460077 -0.0450737 -0.0441613 -0.0432759 -0.0424221 -0.0416034 -0.0408229 -0.040083 -0.0393853 -0.0387313 -0.0381218 -0.0375577 -0.0370392 -0.0365665 -0.0361397 -0.0357586 -0.0354231 -0.035133 -0.0348881 -0.034688 -0.0345327 -0.0344218 -0.0343554 -0.0343333 -0.0343554 -0.0344218 -0.0345327 -0.034688 -0.0348881 -0.035133 -0.0354231 -0.0357586 -0.0361397 -0.0365665 -0.0370392 -0.0375577 -0.0381218 -0.0387313 -0.0393853 -0.040083 -0.0408229 -0.0416034 -0.0424221 -0.0432759 -0.0441613 -0.0450737 -0.0460077 -0.0469571 -0.0479142 -0.0488705 -0.0498161 -0.0507397 -0.0516286 -0.0524684 -0.0532434 -0.053936 -0.0545267 -0.0549945 -0.0553165 -0.0554678 -0.0554222 -0.0551519 -0.0546281 -0.0538215 -0.0527028 -0.0512438 -0.0494178 -0.0472011 -0.0445733 -0.0415187 -0.0380266 -0.0340918 -0.0297153 -0.0249048 -0.0196748 -0.0140481 -0.00805629 -0.00174144 0.00484306 0.0116317 0.0185468 0.0254999 0.0323937 0.039125 0.0455882 0.0516775 0.05729 0.0623268 0.0666957 0.0703138 0.0731116 0.0750378 0.0760633 0.0761826 0.0754134 0.0737937 0.0713801 0.0682484 0.064496 0.0602417 0.0556207 0.0507717 0.0458218 0.0408783 0.0360308 0.0313618 0.0269531 0.0228782 0.0191863 0.0158937 0.0129914 0.0104632 0.00829794 0.00648664 0.00501028 0.00383219 0.00290179 0.00216664 0.00158395 0.00112521 0.000773867 0.000520126 0.000357058 
0 0.000311407 0.000653911 0.00105579 0.00154266 0.00214185 0.00288897 0.00383194 0.00502757 0.00653027 0.00837972 0.0105973 0.0131952 0.0161891 0.0196008 0.023443 0.0276983 0.0323123 0.0372066 0.0422979 0.0475042 0.0527344 0.0578779 0.0628048 0.0673792 0.0714733 0.0749754 0.0777899 0.0798345 0.0810407 0.0813587 0.080764 0.0792609 0.0768812 0.0736788 0.0697223 0.0650886 0.0598602 0.054123 0.0479674 0.0414868 0.0347768 0.027932 0.0210429 0.0141932 0.00745775 0.000901436 -0.00542061 -0.0114624 -0.0171865 -0.0225629 -0.0275685 -0.0321871 -0.0364084 -0.040228 -0.0436473 -0.0466721 -0.049313 -0.051584 -0.0535022 -0.055087 -0.0563596 -0.0573425 -0.0580588 -0.058532 -0.0587857 -0.0588432 -0.0587271 -0.0584594 -0.0580609 -0.0575515 -0.0569496 -0.0562723 -0.0555353 -0.054753 -0.0539384 -0.0531028 -0.0522568 -0.0514092 -0.0505681 -0.0497403 -0.0489318 -0.0481475 -0.0473919 -0.0466686 -0.0459805 -0.0453302 -0.0447197 -0.0441506 -0.0436242 -0.0431417 -0.0427037 -0.0423108 -0.0419635 -0.0416622 -0.041407 -0.041198 -0.0410354 -0.0409193 -0.0408495 -0.0408263 -0.0408495 -0.0409193 -0.0410354 -0.041198 -0.041407 -0.0416622 -0.0419635 -0.0423108 -0.0427037 -0.0431417 -0.0436242 -0.0441506 -0.0447197 -0.0453302 -0.0459805 -0.0466686 -0.0473919 -0.0481475 -0.0489318 -0.0497403 -0.0505681 -0.0514092 -0.0522568 -0.0531028 -0.0539384 -0.054753 -0.0555353 -0.0562723 -0.0569496 -0.0575515 -0.0580609 -0.0584594 -0.0587271 -0.0588432 -0.0587857 -0.058532 -0.0580588 -0.0573425 -0.0563596 -0.055087 -0.0535022 -0.051584 -0.049313 -0.0466721 -0.0436473 -0.040228 -0.0364084 -0.0321871 -0.0275685 -0.0225629 -0.0171865 -0.0114624 -0.00542061 0.000901436 0.00745775 0.0141932 0.0210429 0.027932 0.0347768 0.0414868 0.0479674 0.054123 0.0598602 0.0650886 0.0697223 0.0736788 0.0768812 0.0792609 0.080764 0.0813587 0.0810407 0.0798345 0.0777899 0.0749754 0.0714733 0.0673792 0.0628048 0.0578779 0.0527344 0.0475042 0.0422979 0.0372066 0.0323123 0.0276983 0.023443 0.0196008 0.016189 0.0131952 0.0105973 0.00837979 0.0065305 0.00502831 0.0038341 0.00289476 0.00215621 0.00157581 0.00112723 0.000797951 0.000583544 
0 0.000442823 0.00091615 0.0014506 0.00207978 0.00284556 0.00380167 0.00501021 0.00653027 0.008405 0.010658 0.0133033 0.0163599 0.019854 0.0238016 0.0281857 0.0329492 0.0380117 0.0432906 0.0487036 0.0541548 0.0595232 0.0646705 0.0694604 0.0737727 0.0775063 0.0805729 0.0828928 0.0843972 0.0850359 0.0847848 0.0836491 0.0816595 0.0788665 0.0753332 0.0711316 0.0663397 0.061041 0.0553218 0.0492697 0.0429701 0.0365035 0.0299439 0.0233587 0.0168084 0.0103481 0.00402791 -0.002107 -0.0080164 -0.0136657 -0.0190263 -0.0240759 -0.0287984 -0.0331834 -0.0372251 -0.0409222 -0.0442764 -0.0472924 -0.0499771 -0.0523394 -0.0543902 -0.0561424 -0.0576104 -0.0588101 -0.0597591 -0.0604757 -0.0609791 -0.0612888 -0.0614244 -0.0614053 -0.0612502 -0.060977 -0.0606028 -0.0601436 -0.0596142 -0.0590283 -0.0583984 -0.057736 -0.0570512 -0.0563535 -0.055651 -0.0549512 -0.0542605 -0.0535847 -0.0529289 -0.0522973 -0.0516939 -0.0511218 -0.0505838 -0.0500822 -0.0496192 -0.0491963 -0.0488149 -0.0484762 -0.048181 -0.0479302 -0.0477242 -0.0475636 -0.0474486 -0.0473796 -0.0473565 -0.0473796 -0.0474486 -0.0475636 -0.0477242 -0.0479302 -0.048181 -0.0484762 -0.0488149 -0.0491963 -0.0496192 -0.0500822 -0.0505838 -0.0511218 -0.0516939 -0.0522973 -0.0529289 -0.0535847 -0.0542605 -0.0549512 -0.055651 -0.0563535 -0.0570512 -0.057736 -0.0583984 -0.0590283 -0.0596142 -0.0601436 -0.0606028 -0.060977 -0.0612502 -0.0614053 -0.0614244 -0.0612888 -0.0609791 -0.0604757 -0.0597591 -0.0588101 -0.0576104 -0.0561424 -0.0543902 -0.0523394 -0.0499771 -0.0472924 -0.0442764 -0.0409222 -0.0372251 -0.0331834 -0.0287984 -0.0240759 -0.0190263 -0.0136657 -0.0080164 -0.002107 0.00402791 0.0103481 0.0168084 0.0233587 0.0299439 0.0365035 0.0429701 0.0492697 0.0553218 0.061041 0.0663397 0.0711316 0.0753332 0.0788665 0.0816595 0.0836491 0.0847848 0.0850359 0.0843972 0.0828928 0.0805729 0.0775063 0.0737727 0.0694604 0.0646705 0.0595232 0.0541548 0.0487036 0.0432906 0.0380117 0.0329492 0.0281857 0.0238016 0.019854 0.0163599 0.0133034 0.0106582 0.00840569 0.00653226 0.00501557 0.00381507 0.00287673 0.00214748 0.0015882 0.00117816 0.000910982 
0 0.000601795 0.00123374 0.00193154 0.00274195 0.00372539 0.0049515 0.00648662 0.00837972 0.010658 0.0133376 0.0164397 0.0199935 0.0240178 0.0284953 0.033367 0.0385515 0.0439683 0.0495368 0.0551565 0.0606965 0.0660092 0.0709558 0.0754197 0.0793031 0.082519 0.0849896 0.0866523 0.0874683 0.0874273 0.0865446 0.0848547 0.0824044 0.0792499 0.0754563 0.0710975 0.0662554 0.0610153 0.0554614 0.049672 0.0437164 0.0376548 0.0315388 0.0254144 0.0193232 0.0133036 0.00739181 0.00162064 -0.00398033 -0.00938538 -0.0145727 -0.0195241 -0.0242249 -0.028663 -0.032829 -0.0367158 -0.0403186 -0.0436347 -0.0466639 -0.0494082 -0.0518721 -0.054062 -0.0559867 -0.0576564 -0.0590831 -0.0602799 -0.0612609 -0.0620409 -0.0626351 -0.0630588 -0.0633278 -0.0634573 -0.0634625 -0.0633581 -0.0631582 -0.0628765 -0.0625257 -0.062118 -0.0616646 -0.0611759 -0.0606616 -0.0601304 -0.0595903 -0.0590484 -0.0585112 -0.0579843 -0.0574728 -0.0569812 -0.0565134 -0.0560727 -0.0556621 -0.055284 -0.0549408 -0.0546341 -0.0543655 -0.0541363 -0.0539474 -0.0537997 -0.0536938 -0.0536301 -0.0536088 -0.0536301 -0.0536938 -0.0537997 -0.0539474 -0.0541363 -0.0543655 -0.0546341 -0.0549408 -0.055284 -0.0556621 -0.0560727 -0.0565134 -0.0569812 -0.0574728 -0.0579843 -0.0585112 -0.0590484 -0.0595903 -0.0601304 -0.0606616 -0.0611759 -0.0616646 -0.062118 -0.0625257 -0.0628765 -0.0631582 -0.0633581 -0.0634625 -0.0634573 -0.0633278 -0.0630588 -0.0626351 -0.0620409 -0.0612609 -0.0602799 -0.0590831 -0.0576564 -0.0559867 -0.054062 -0.0518721 -0.0494082 -0.0466639 -0.0436347 -0.0403186 -0.0367158 -0.032829 -0.028663 -0.0242249 -0.0195241 -0.0145727 -0.00938538 -0.00398033 0.00162064 0.00739181 0.0133036 0.0193232 0.0254144 0.0315388 0.0376548 0.0437164 0.049672 0.0554614 0.0610153 0.0662554 0.0710975 0.0754563 0.0792499 0.0824044 0.0848547 0.0865446 0.0874273 0.0874683 0.0866523 0.0849896 0.082519 0.0793031 0.0754197 0.0709558 0.0660092 0.0606965 0.0551565 0.0495368 0.0439683 0.0385515 0.033367 0.0284953 0.0240178 0.0199936 0.0164399 0.0133382 0.0106598 0.00838462 0.00649895 0.0049804 0.0037887 0.00287175 0.00218086 0.00168299 0.00136275 
0 0.000788102 0.00161069 0.00251352 0.00355957 0.00482499 0.00638513 0.00829794 0.0105973 0.0133033 0.0164397 0.0200385 0.024121 0.0286701 0.0336247 0.0389018 0.044422 0.050106 0.05585 0.0615146 0.0669456 0.0720044 0.0765771 0.0805643 0.0838734 0.0864232 0.088156 0.0890458 0.0890987 0.0883444 0.0868263 0.0845955 0.0817103 0.0782376 0.0742522 0.0698345 0.0650651 0.0600197 0.054766 0.0493623 0.0438587 0.0382985 0.0327192 0.0271535 0.0216292 0.0161697 0.0107944 0.00551939 0.000359205 -0.00467252 -0.00956195 -0.0142948 -0.0188564 -0.0232321 -0.0274083 -0.0313727 -0.0351151 -0.0386278 -0.0419054 -0.044945 -0.0477459 -0.0503093 -0.0526383 -0.0547372 -0.056612 -0.0582698 -0.0597188 -0.0609684 -0.0620288 -0.0629113 -0.0636276 -0.0641901 -0.0646113 -0.0649043 -0.0650817 -0.0651562 -0.0651402 -0.0650457 -0.0648838 -0.0646656 -0.064401 -0.0640994 -0.0637697 -0.0634198 -0.063057 -0.062688 -0.0623188 -0.0619548 -0.061601 -0.0612614 -0.0609401 -0.0606402 -0.0603648 -0.0601163 -0.0598968 -0.0597082 -0.0595519 -0.0594292 -0.0593409 -0.0592876 -0.0592699 -0.0592876 -0.0593409 -0.0594292 -0.0595519 -0.0597082 -0.0598968 -0.0601163 -0.0603648 -0.0606402 -0.0609401 -0.0612614 -0.061601 -0.0619548 -0.0623188 -0.062688 -0.063057 -0.0634198 -0.0637697 -0.0640994 -0.064401 -0.0646656 -0.0648838 -0.0650457 -0.0651402 -0.0651562 -0.0650817 -0.0649043 -0.0646113 -0.0641901 -0.0636276 -0.0629113 -0.0620288 -0.0609684 -0.0597188 -0.0582698 -0.056612 -0.0547372 -0.0526383 -0.0503093 -0.0477459 -0.044945 -0.0419054 -0.0386278 -0.0351151 -0.0313727 -0.0274083 -0.0232321 -0.0188564 -0.0142948 -0.00956195 -0.00467252 0.000359205 0.00551939 0.0107944 0.0161697 0.0216292 0.0271535 0.0327192 0.0382985 0.0438587 0.0493623 0.054766 0.0600197 0.0650651 0.0698345 0.0742522 0.0782376 0.0817103 0.0845955 0.0868263 0.0883444 0.0890987 0.0890458 0.088156 0.0864232 0.0838734 0.0805643 0.0765771 0.0720044 0.0669456 0.0615146 0.05585 0.050106 0.044422 0.0389018 0.0336247 0.0286702 0.0241212 0.0200391 0.0164413 0.0133077 0.0106085 0.00832436 0.00644356 0.00494591 0.00379403 0.00293994 0.0023394 0.0019618 
0 0.00100541 0.00205886 0.00322146 0.00457002 0.00618564 0.00813561 0.0104632 0.0131952 0.0163599 0.0199935 0.024121 0.0287271 0.0337492 0.0391021 0.0447059 0.0504814 0.056321 0.0620773 0.0675912 0.072726 0.0773717 0.0814261 0.0847888 0.0873748 0.089131 0.0900417 0.0901235 0.0894144 0.0879645 0.0858327 0.0830889 0.0798129 0.0760896 0.0720033 0.0676314 0.0630402 0.0582858 0.053416 0.0484716 0.0434889 0.0384984 0.0335247 0.028586 0.0236939 0.0188556 0.0140752 0.0093563 0.00470333 0.000122836 -0.00437647 -0.00878385 -0.0130872 -0.0172738 -0.0213309 -0.025246 -0.0290074 -0.0326045 -0.0360275 -0.0392682 -0.0423196 -0.0451762 -0.0478345 -0.0502924 -0.05255 -0.0546089 -0.0564727 -0.0581463 -0.0596362 -0.0609499 -0.0620962 -0.0630845 -0.0639246 -0.064627 -0.0652023 -0.0656611 -0.0660143 -0.0662722 -0.0664452 -0.0665433 -0.0665761 -0.0665528 -0.066482 -0.066372 -0.0662305 -0.0660645 -0.0658809 -0.0656855 -0.065484 -0.0652814 -0.0650822 -0.0648905 -0.0647098 -0.0645433 -0.0643938 -0.0642634 -0.0641542 -0.0640677 -0.0640051 -0.0639672 -0.0639545 -0.0639672 -0.0640051 -0.0640677 -0.0641542 -0.0642634 -0.0643938 -0.0645433 -0.0647098 -0.0648905 -0.0650822 -0.0652814 -0.065484 -0.0656855 -0.0658809 -0.0660645 -0.0662305 -0.066372 -0.066482 -0.0665528 -0.0665761 -0.0665433 -0.0664452 -0.0662722 -0.0660143 -0.0656611 -0.0652023 -0.064627 -0.0639246 -0.0630845 -0.0620962 -0.0609499 -0.0596362 -0.0581463 -0.0564727 -0.0546089 -0.05255 -0.0502924 -0.0478345 -0.0451762 -0.0423196 -0.0392682 -0.0360275 -0.0326045 -0.0290074 -0.025246 -0.0213309 -0.0172738 -0.0130872 -0.00878385 -0.00437647 0.000122836 0.00470333 0.0093563 0.0140752 0.0188556 0.0236939 0.028586 0.0335247 0.0384984 0.0434889 0.0484716 0.053416 0.0582858 0.0630402 0.0676314 0.0720033 0.0760896 0.0798129 0.0830889 0.0858327 0.0879645 0.0894144 0.0901235 0.0900417 0.089131 0.0873748 0.0847888 0.0814261 0.0773717 0.072726 0.0675912 0.0620773 0.056321 0.0504814 0.0447059 0.0391021 0.0337494 0.0287276 0.0241224 0.0199974 0.0163699 0.013219 0.0105164 0.00824683 0.00640351 0.00497027 0.00391219 0.00318169 0.00273247 
0 0.00126437 0.00260089 0.0040886 0.00580977 0.00783622 0.0102186 0.0129914 0.0161891 0.019854 0.0240178 0.0286701 0.0337492 0.0391677 0.044844 0.0506982 0.0566186 0.0624503 0.0680287 0.0732186 0.077913 0.0820062 0.0853902 0.0879788 0.0897269 0.0906283 0.0907045 0.0899952 0.0885527 0.0864436 0.0837509 0.0805697 0.0769975 0.073125 0.0690308 0.0647793 0.0604234 0.056007 0.0515663 0.0471298 0.0427184 0.0383444 0.0340129 0.0297242 0.0254752 0.0212624 0.0170832 0.0129362 0.00882191 0.00474197 0.000699434 -0.00330124 -0.00725424 -0.011152 -0.0149852 -0.0187428 -0.0224124 -0.0259807 -0.0294345 -0.0327607 -0.0359476 -0.0389848 -0.0418639 -0.0445786 -0.0471244 -0.049499 -0.0517016 -0.0537335 -0.0555969 -0.0572956 -0.0588344 -0.0602191 -0.0614562 -0.0625529 -0.0635169 -0.0643564 -0.06508 -0.0656962 -0.0662138 -0.0666418 -0.0669886 -0.0672629 -0.0674729 -0.0676265 -0.0677314 -0.0677947 -0.0678232 -0.0678231 -0.0678005 -0.0677605 -0.0677082 -0.0676478 -0.0675835 -0.0675187 -0.0674565 -0.0673995 -0.0673499 -0.0673094 -0.0672796 -0.0672613 -0.0672551 -0.0672613 -0.0672796 -0.0673094 -0.0673499 -0.0673995 -0.0674565 -0.0675187 -0.0675835 -0.0676478 -0.0677082 -0.0677605 -0.0678005 -0.0678231 -0.0678232 -0.0677947 -0.0677314 -0.0676265 -0.0674729 -0.0672629 -0.0669886 -0.0666418 -0.0662138 -0.0656962 -0.06508 -0.0643564 -0.0635169 -0.0625529 -0.0614562 -0.0602191 -0.0588344 -0.0572956 -0.0555969 -0.0537335 -0.0517016 -0.049499 -0.0471244 -0.0445786 -0.0418639 -0.0389848 -0.0359476 -0.0327607 -0.0294345 -0.0259807 -0.0224124 -0.0187428 -0.0149852 -0.011152 -0.00725424 -0.00330124 0.000699434 0.00474197 0.00882191 0.0129362 0.0170832 0.0212624 0.0254752 0.0297242 0.0340129 0.0383444 0.0427184 0.0471298 0.0515663 0.056007 0.0604234 0.0647793 0.0690308 0.073125 0.0769975 0.0805697 0.0837509 0.0864436 0.0885527 0.0899952 0.0907045 0.0906283 0.0897269 0.0879788 0.0853902 0.0820062 0.077913 0.0732186 0.0680287 0.0624503 0.0566186 0.0506982 0.0448441 0.0391681 0.0337505 0.0286735 0.0240266 0.0198752 0.0162368 0.0130924 0.0104187 0.00820769 0.00645768 0.00515259 0.0042528 0.00370489 
0 0.00158294 0.00326797 0.00514973 0.00730565 0.00978977 0.0126396 0.0158937 0.0196008 0.0238016 0.0284953 0.0336247 0.0391021 0.044844 0.0507695 0.0567641 0.0626661 0.0683047 0.073544 0.0782781 0.0823964 0.085783 0.0883526 0.0900708 0.0909406 0.0909848 0.0902424 0.0887692 0.0866402 0.0839503 0.0808058 0.0773108 0.0735587 0.0696312 0.0655973 0.0615154 0.0574344 0.0533916 0.049411 0.0455041 0.0416714 0.0379059 0.0341972 0.030534 0.026906 0.0233048 0.0197225 0.0161527 0.0125897 0.00902883 0.00546736 0.001905 -0.0016558 -0.00520937 -0.00874756 -0.0122598 -0.0157341 -0.0191574 -0.0225165 -0.0257984 -0.0289906 -0.0320817 -0.0350611 -0.0379195 -0.0406491 -0.043243 -0.0456962 -0.048005 -0.0501672 -0.052182 -0.0540499 -0.055773 -0.0573543 -0.058798 -0.0601092 -0.0612935 -0.0623575 -0.0633079 -0.0641519 -0.0648968 -0.0655501 -0.0661191 -0.0666111 -0.0670334 -0.0673927 -0.0676959 -0.0679491 -0.0681585 -0.0683295 -0.0684676 -0.0685774 -0.0686634 -0.0687297 -0.0687798 -0.0688168 -0.0688435 -0.0688623 -0.0688749 -0.0688829 -0.0688872 -0.0688886 -0.0688872 -0.0688829 -0.0688749 -0.0688623 -0.0688435 -0.0688168 -0.0687798 -0.0687297 -0.0686634 -0.0685774 -0.0684676 -0.0683295 -0.0681585 -0.0679491 -0.0676959 -0.0673927 -0.0670334 -0.0666111 -0.0661191 -0.0655501 -0.0648968 -0.0641519 -0.0633079 -0.0623575 -0.0612935 -0.0601092 -0.058798 -0.0573543 -0.055773 -0.0540499 -0.052182 -0.0501672 -0.048005 -0.0456962 -0.043243 -0.0406491 -0.0379195 -0.0350611 -0.0320817 -0.0289906 -0.0257984 -0.0225165 -0.0191574 -0.0157341 -0.0122598 -0.00874756 -0.00520937 -0.0016558 0.001905 0.00546736 0.00902883 0.0125897 0.0161527 0.0197225 0.0233048 0.026906 0.030534 0.0341972 0.0379059 0.0416714 0.0455041 0.049411 0.0533916 0.0574344 0.0615154 0.0655973 0.0696312 0.0735587 0.0773108 0.0808058 0.0839503 0.0866402 0.0887692 0.0902424 0.0909848 0.0909406 0.0900708 0.0883526 0.085783 0.0823964 0.0782781 0.073544 0.0683047 0.0626661 0.0567642 0.0507698 0.044845 0.039105 0.0336323 0.0285139 0.023844 0.0196913 0.0160751 0.0129804 0.0103911 0.00830405 0.00671582 0.00560284 0.00492019 
0 0.00198212 0.00409171 0.00643218 0.00907124 0.0120496 0.0154047 0.0191863 0.023443 0.0281857 0.033367 0.0389018 0.0447059 0.0506982 0.0567641 0.0627371 0.0684394 0.073732 0.0785081 0.0826519 0.0860391 0.0885849 0.0902656 0.091092 0.0910848 0.0902824 0.0887489 0.0865713 0.0838545 0.0807115 0.0772477 0.0735557 0.06972 0.065817 0.0619126 0.0580616 0.0543036 0.0506598 0.0471373 0.0437319 0.0404316 0.037222 0.0340869 0.0310091 0.0279719 0.024958 0.0219508 0.0189365 0.0159033 0.0128436 0.00975354 0.00663267 0.00348382 0.00031203 -0.00287618 -0.00607263 -0.00926863 -0.0124544 -0.0156193 -0.0187525 -0.0218421 -0.0248762 -0.0278431 -0.030731 -0.0335295 -0.0362286 -0.03882 -0.0412966 -0.0436529 -0.0458848 -0.0479899 -0.0499671 -0.0518163 -0.0535389 -0.0551372 -0.0566141 -0.0579736 -0.05922 -0.0603583 -0.0613935 -0.0623314 -0.0631776 -0.0639379 -0.0646182 -0.0652242 -0.0657617 -0.0662362 -0.0666531 -0.0670174 -0.0673341 -0.0676075 -0.067842 -0.0680413 -0.0682089 -0.0683478 -0.0684608 -0.0685501 -0.0686177 -0.0686649 -0.0686928 -0.068702 -0.0686928 -0.0686649 -0.0686177 -0.0685501 -0.0684608 -0.0683478 -0.0682089 -0.0680413 -0.067842 -0.0676075 -0.0673341 -0.0670174 -0.0666531 -0.0662362 -0.0657617 -0.0652242 -0.0646182 -0.0639379 -0.0631776 -0.0623314 -0.0613935 -0.0603583 -0.05922 -0.0579736 -0.0566141 -0.0551372 -0.0535389 -0.0518163 -0.0499671 -0.0479899 -0.0458848 -0.0436529 -0.0412966 -0.03882 -0.0362286 -0.0335295 -0.030731 -0.0278431 -0.0248762 -0.0218421 -0.0187525 -0.0156193 -0.0124544 -0.00926863 -0.00607263 -0.00287618 0.00031203 0.00348382 0.00663267 0.00975354 0.0128436 0.0159033 0.0189365 0.0219508 0.024958 0.0279719 0.0310091 0.0340869 0.037222 0.0404316 0.0437319 0.0471373 0.0506598 0.0543036 0.0580616 0.0619126 0.065817 0.06972 0.0735557 0.0772477 0.0807115 0.0838545 0.0865713 0.0887489 0.0902824 0.0910848 0.091092 0.0902656 0.0885849 0.0860391 0.0826519 0.0785081 0.073732 0.0684395 0.0627374 0.056765 0.0507007 0.0447124 0.0389178 0.033404 0.0282658 0.0236054 0.0194953 0.0159567 0.0129771 0.0105424 0.0086477 0.00728514 0.00643382 
0 0.00247831 0.0050935 0.00794974 0.0111106 0.0146198 0.0185255 0.0228782 0.0276983 0.0329492 0.0385515 0.044422 0.0504814 0.0566186 0.0626661 0.0684394 0.0737937 0.0786204 0.0827989 0.0861969 0.0887282 0.0903781 0.0911623 0.091097 0.0902199 0.0886078 0.0863623 0.0835958 0.080424 0.0769533 0.0732768 0.0694842 0.0656597 0.0618737 0.0581813 0.0546206 0.0512102 0.0479559 0.0448563 0.0419017 0.0390789 0.0363708 0.0337548 0.0312064 0.0287003 0.0262115 0.0237194 0.0212074 0.0186628 0.0160784 0.0134494 0.0107735 0.00805123 0.00528375 0.00247461 -0.000371265 -0.00324754 -0.00614562 -0.00905623 -0.0119685 -0.014871 -0.0177523 -0.0206002 -0.0234039 -0.0261523 -0.0288357 -0.0314451 -0.0339721 -0.03641 -0.0387525 -0.0409947 -0.0431327 -0.0451635 -0.0470853 -0.048897 -0.0505989 -0.0521915 -0.0536768 -0.0550568 -0.0563345 -0.0575135 -0.0585974 -0.0595905 -0.060497 -0.0613215 -0.0620685 -0.0627427 -0.0633483 -0.06389 -0.0643716 -0.0647973 -0.0651707 -0.0654952 -0.065774 -0.0660099 -0.0662053 -0.0663622 -0.0664825 -0.0665674 -0.066618 -0.0666348 -0.066618 -0.0665674 -0.0664825 -0.0663622 -0.0662053 -0.0660099 -0.065774 -0.0654952 -0.0651707 -0.0647973 -0.0643716 -0.06389 -0.0633483 -0.0627427 -0.0620685 -0.0613215 -0.060497 -0.0595905 -0.0585974 -0.0575135 -0.0563345 -0.0550568 -0.0536768 -0.0521915 -0.0505989 -0.048897 -0.0470853 -0.0451635 -0.0431327 -0.0409947 -0.0387525 -0.03641 -0.0339721 -0.0314451 -0.0288357 -0.0261523 -0.0234039 -0.0206002 -0.0177523 -0.014871 -0.0119685 -0.00905623 -0.00614562 -0.00324754 -0.000371265 0.00247461 0.00528375 0.00805123 0.0107735 0.0134494 0.0160784 0.0186628 0.0212074 0.0237194 0.0262115 0.0287003 0.0312064 0.0337548 0.0363708 0.0390789 0.0419017 0.0448563 0.0479559 0.0512102 0.0546206 0.0581813 0.0618737 0.0656597 0.0694842 0.0732768 0.0769533 0.080424 0.0835958 0.0863623 0.0886078 0.0902199 0.091097 0.0911623 0.0903781 0.0887282 0.0861969 0.0827989 0.0786205 0.073794 0.0684401 0.0626682 0.0566241 0.0504951 0.0444539 0.0386215 0.0330928 0.0279751 0.0233792 0.0193781 0.0159888 0.0131951 0.0109824 0.00935207 0.0083137 
0 0.00307609 0.00627709 0.00970273 0.013426 0.0175093 0.0220093 0.0269531 0.0323123 0.0380117 0.0439683 0.050106 0.056321 0.0624503 0.0683047 0.073732 0.0786204 0.0828471 0.0862728 0.0888077 0.0904422 0.0911955 0.0910781 0.0901267 0.0884327 0.086113 0.0832822 0.0800557 0.0765446 0.0728476 0.0690612 0.0652778 0.0615685 0.057983 0.0545562 0.0513053 0.0482365 0.0453528 0.0426486 0.0401101 0.0377197 0.035452 0.0332785 0.0311724 0.0291071 0.0270598 0.0250122 0.0229471 0.0208512 0.0187136 0.0165242 0.0142774 0.0119691 0.0095983 0.00716765 0.00468094 0.00214513 -0.000431978 -0.00304198 -0.00567501 -0.00832218 -0.0109736 -0.0136197 -0.0162513 -0.0188584 -0.0214323 -0.0239635 -0.0264435 -0.028864 -0.0312172 -0.0334965 -0.0356955 -0.0378095 -0.039834 -0.0417658 -0.0436027 -0.0453431 -0.0469868 -0.0485335 -0.0499844 -0.0513407 -0.0526046 -0.053778 -0.0548639 -0.055865 -0.0567845 -0.0576256 -0.0583913 -0.0590852 -0.05971 -0.0602692 -0.0607654 -0.0612017 -0.0615801 -0.0619035 -0.0621734 -0.0623919 -0.0625602 -0.0626797 -0.062751 -0.0627748 -0.062751 -0.0626797 -0.0625602 -0.0623919 -0.0621734 -0.0619035 -0.0615801 -0.0612017 -0.0607654 -0.0602692 -0.05971 -0.0590852 -0.0583913 -0.0576256 -0.0567845 -0.055865 -0.0548639 -0.053778 -0.0526046 -0.0513407 -0.0499844 -0.0485335 -0.0469868 -0.0453431 -0.0436027 -0.0417658 -0.039834 -0.0378095 -0.0356955 -0.0334965 -0.0312172 -0.028864 -0.0264435 -0.0239635 -0.0214323 -0.0188584 -0.0162513 -0.0136197 -0.0109736 -0.00832218 -0.00567501 -0.00304198 -0.000431978 0.00214513 0.00468094 0.00716765 0.0095983 0.0119691 0.0142774 0.0165242 0.0187136 0.0208512 0.0229471 0.0250122 0.0270598 0.0291071 0.0311724 0.0332785 0.035452 0.0377197 0.0401101 0.0426486 0.0453528 0.0482365 0.0513053 0.0545562 0.057983 0.0615685 0.0652778 0.0690612 0.0728476 0.0765446 0.0800557 0.0832822 0.086113 0.0884327 0.0901267 0.0910781 0.0911955 0.0904422 0.0888077 0.0862729 0.0828473 0.078621 0.0737336 0.0683092 0.0624617 0.0563481 0.0501662 0.0440937 0.0382567 0.0327617 0.0277286 0.0232708 0.019453 0.0162831 0.0137478 0.0118533 0.0106331 
0 0.00376599 0.00762884 0.0116828 0.0160203 0.0207247 0.0258437 0.0313618 0.0372066 0.0432906 0.0495368 0.05585 0.0620773 0.0680287 0.073544 0.0785081 0.0827989 0.0862728 0.0888334 0.0904719 0.091211 0.0910563 0.0900427 0.0882758 0.0858865 0.0829873 0.07969 0.0761158 0.0723743 0.0685675 0.0647932 0.0611223 0.0575973 0.0542518 0.0511067 0.0481689 0.0454431 0.0429243 0.0405939 0.0384312 0.0364111 0.0345048 0.0326893 0.0309421 0.0292402 0.0275658 0.0258985 0.0242192 0.0225127 0.0207634 0.0189609 0.0170984 0.0151705 0.0131775 0.0111197 0.00899954 0.00682191 0.00459043 0.00231163 -8.37244e-06 -0.00236284 -0.00474304 -0.00714154 -0.00954855 -0.0119553 -0.0143525 -0.0167306 -0.0190814 -0.0213957 -0.0236664 -0.0258858 -0.0280475 -0.0301459 -0.0321754 -0.0341324 -0.0360124 -0.037813 -0.0395315 -0.0411665 -0.0427167 -0.0441814 -0.0455609 -0.0468551 -0.0480653 -0.0491921 -0.0502375 -0.0512025 -0.0520896 -0.0529001 -0.0536365 -0.0543005 -0.0548943 -0.0554197 -0.0558786 -0.0562726 -0.0566033 -0.056872 -0.0570798 -0.0572277 -0.057316 -0.0573455 -0.057316 -0.0572277 -0.0570798 -0.056872 -0.0566033 -0.0562726 -0.0558786 -0.0554197 -0.0548943 -0.0543005 -0.0536365 -0.0529001 -0.0520896 -0.0512025 -0.0502375 -0.0491921 -0.0480653 -0.0468551 -0.0455609 -0.0441814 -0.0427167 -0.0411665 -0.0395315 -0.037813 -0.0360124 -0.0341324 -0.0321754 -0.0301459 -0.0280475 -0.0258858 -0.0236664 -0.0213957 -0.0190814 -0.0167306 -0.0143525 -0.0119553 -0.00954855 -0.00714154 -0.00474304 -0.00236284 -8.37244e-06 0.00231163 0.00459043 0.00682191 0.00899954 0.0111197 0.0131775 0.0151705 0.0170984 0.0189609 0.0207634 0.0225127 0.0242192 0.0258985 0.0275658 0.0292402 0.0309421 0.0326893 0.0345048 0.0364111 0.0384312 0.0405939 0.0429243 0.0454431 0.0481689 0.0511067 0.0542518 0.0575973 0.0611223 0.0647932 0.0685675 0.0723743 0.0761158 0.07969 0.0829873 0.0858865 0.0882758 0.0900427 0.0910563 0.091211 0.090472 0.0888335 0.0862733 0.0828003 0.0785118 0.0735535 0.0680514 0.0621284 0.055958 0.0497508 0.0436891 0.0379041 0.0325123 0.0276395 0.0233943 0.0198345 0.0169764 0.0148372 0.0134605 
