0 0 0 0 0 0 0 0 0 0 0 0 0 0 0 0 0 0 0 0 0 0 0 0 0 0 0 0 0 0 0 0 0 0 0 0 0 0 0 0 0 0 0 0 0 0 0 0 0 0 0 0 0 0 0 0 0 0 0 0 0 0 0 0 0 0 0 0 0 0 0 0 0 0 0 0 0 0 0 0 0 0 0 0 0 0 0 0 0 0 0 0 0 0 0 0 0 0 0 0 0 0 0 0 0 0 0 0 0 0 0 0 0 0 0 0 0 0 0 0 0 0 0 0 0 0 0 0 0 0 0 0 0 0 0 0 0 0 0 0 0 0 0 0 0 0 0 0 0 0 0 0 0 0 0 0 0 0 0 0 0 0 0 0 0 0 0 0 0 0 0 0 0 0 0 0 0 0 0 0 0 0 0 0 0 0 0 0 0 0 0 0 0 0 0 0 0 0 0 0 
0 2.62128e-24 2.15365e-23 1.66202e-22 1.22053e-21 8.5333e-21 5.68142e-20 3.60301e-19 2.17683e-18 1.25314e-17 6.87443e-17 3.59399e-16 1.79078e-15 8.50442e-15 3.84936e-14 1.6606e-13 6.82753e-13 2.67524e-12 9.98938e-12 3.5544e-11 1.2051e-10 3.89299e-10 1.19821e-09 3.51374e-09 9.81744e-09 2.61364e-08 6.63071e-08 1.60332e-07 3.69604e-07 8.1257e-07 1.70448e-06 3.41335e-06 6.53043e-06 1.19468e-05 2.092e-05 3.51079e-05 5.65453e-05 8.75477e-05 0.000130543 0.000187858 0.000261504 0.000353036 0.000463518 0.000593641 0.000743979 0.000915316 0.00110897 0.00132705 0.00157246 0.00184882 0.0021601 0.00251013 0.00290216 0.00333827 0.00381913 0.00434375 0.00490948 0.00551223 0.00614671 0.00680682 0.00748598 0.00817752 0.00887491 0.00957194 0.0102629 0.0109425 0.011606 0.0122491 0.0128681 0.0134595 0.0140203 0.014548 0.0150404 0.0154957 0.0159128 0.0162907 0.0166293 0.0169287 0.0171897 0.0174133 0.0176013 0.0177556 0.0178785 0.0179725 0.0180404 0.0180851 0.0181096 0.0181169 0.01811 0.0180917 0.018065 0.0180323 0.0179961 0.0179588 0.0179222 0.0178882 0.0178583 0.0178337 0.0178155 0.0178042 0.0178004 0.0178042 0.0178155 0.0178337 0.0178583 0.0178882 0.0179222 0.0179588 0.0179961 0.0180323 0.018065 0.0180917 0.01811 0.0181169 0.0181096 0.0180851 0.0180404 0.0179725 0.0178785 0.0177556 0.0176013 0.0174133 0.0171897 0.0169287 0.0166293 0.0162907 0.0159128 0.0154957 0.0150404 0.014548 0.0140203 0.0134595 0.0128681 0.0122491 0.011606 0.0109425 0.0102629 0.00957194 0.00887491 0.00817752 0.00748598 0.00680682 0.00614671 0.00551223 0.00490948 0.00434375 0.00381913 0.00333827 0.00290216 0.00251013 0.0021601 0.00184882 0.00157246 0.00132705 0.00110897 0.000915316 0.000743979 0.000593641 0.000463518 0.000353036 0.000261504 0.000187858 0.000130543 8.75477e-05 5.65453e-05 3.51079e-05 2.092e-05 1.19468e-05 6.53043e-06 3.41335e-06 1.70448e-06 8.1257e-07 3.69604e-07 1.60332e-07 6.63071e-08 2.61364e-08 9.81744e-09 3.51374e-09 1.19821e-09 3.89299e-10 1.2051e-10 3.5544e-11 9.98938e-12 2.67524e-12 6.82753e-13 1.6606e-13 3.84936e-14 8.50442e-15 1.79078e-15 3.59399e-16 6.87443e-17 1.25314e-17 2.17683e-18 3.60301e-19 5.68142e-20 8.5333e-21 1.22053e-21 1.66188e-22 2.14132e-23 1.57715e-24 
0 2.15365e-23 1.70391e-22 1.26555e-21 8.94821e-21 6.02586e-20 3.86568e-19 2.36285e-18 1.3763e-17 7.6403e-17 4.04258e-16 2.03883e-15 9.80148e-15 4.49146e-14 1.96183e-13 8.16764e-13 3.24092e-12 1.2256e-11 4.41684e-11 1.51678e-10 4.96311e-10 1.54733e-09 4.59621e-09 1.30077e-08 3.50753e-08 9.01247e-08 2.20697e-07 5.15179e-07 1.14677e-06 2.43522e-06 4.9362e-06 9.55759e-06 1.76923e-05 3.13442e-05 5.32116e-05 8.66886e-05 0.000135752 0.000204731 0.000297985 0.000419569 0.000572964 0.000760981 0.00098587 0.00124964 0.0015545 0.00190337 0.00230016 0.00274996 0.00325884 0.00383338 0.00448005 0.00520443 0.00601048 0.00690001 0.00787234 0.00892417 0.0100497 0.0112412 0.012489 0.0137823 0.0151098 0.0164596 0.01782 0.0191794 0.020527 0.0218522 0.0231454 0.0243975 0.0256003 0.0267465 0.0278298 0.0288448 0.0297872 0.0306536 0.031442 0.0321513 0.0327816 0.033334 0.0338105 0.034214 0.0345484 0.0348178 0.0350273 0.0351822 0.0352881 0.0353508 0.0353763 0.0353704 0.035339 0.0352875 0.0352213 0.0351455 0.0350646 0.0349829 0.0349043 0.034832 0.0347689 0.0347173 0.0346792 0.0346558 0.0346479 0.0346558 0.0346792 0.0347173 0.0347689 0.034832 0.0349043 0.0349829 0.0350646 0.0351455 0.0352213 0.0352875 0.035339 0.0353704 0.0353763 0.0353508 0.0352881 0.0351822 0.0350273 0.0348178 0.0345484 0.034214 0.0338105 0.033334 0.0327816 0.0321513 0.031442 0.0306536 0.0297872 0.0288448 0.0278298 0.0267465 0.0256003 0.0243975 0.0231454 0.0218522 0.020527 0.0191794 0.01782 0.0164596 0.0151098 0.0137823 0.012489 0.0112412 0.0100497 0.00892417 0.00787234 0.00690001 0.00601048 0.00520443 0.00448005 0.00383338 0.00325884 0.00274996 0.00230016 0.00190337 0.0015545 0.00124964 0.00098587 0.000760981 0.000572964 0.000419569 0.000297985 0.000204731 0.000135752 8.66886e-05 5.32116e-05 3.13442e-05 1.76923e-05 9.55759e-06 4.9362e-06 2.43522e-06 1.14677e-06 5.15179e-07 2.20697e-07 9.01247e-08 3.50753e-08 1.30077e-08 4.59621e-09 1.54733e-09 4.96311e-10 1.51678e-10 4.41684e-11 1.2256e-11 3.24092e-12 8.16764e-13 1.96183e-13 4.49146e-14 9.80148e-15 2.03883e-15 4.04258e-16 7.6403e-17 1.3763e-17 2.36285e-18 3.86568e-19 6.02586e-20 8.94819e-21 1.26543e-21 1.69358e-22 1.31345e-23 
0 1.66202e-22 1.26555e-21 9.03945e-21 6.14825e-20 3.98379e-19 2.45956e-18 1.44708e-17 8.11427e-17 4.33667e-16 2.20919e-15 1.07271e-14 4.96473e-14 2.19007e-13 9.20757e-13 3.68911e-12 1.40847e-11 5.12368e-11 1.77574e-10 5.86268e-10 1.84371e-09 5.52252e-09 1.57547e-08 4.28061e-08 1.10776e-07 2.73069e-07 6.41312e-07 1.43536e-06 3.06282e-06 6.23427e-06 1.21132e-05 2.24867e-05 3.99263e-05 6.78934e-05 0.000110741 0.000173576 0.000261981 0.000381655 0.000538047 0.000736109 0.000980263 0.00127459 0.00162325 0.00203094 0.0025033 0.00304715 0.00367036 0.00438144 0.00518891 0.00610048 0.00712232 0.00825838 0.00951 0.0108757 0.0123513 0.01393 0.0156028 0.0173587 0.0191853 0.0210686 0.0229942 0.0249465 0.0269097 0.0288679 0.0308052 0.032706 0.0345557 0.0363404 0.0380475 0.039666 0.0411864 0.0426011 0.0439042 0.0450919 0.0461621 0.0471144 0.0479503 0.0486725 0.0492852 0.0497939 0.0502048 0.0505251 0.0507625 0.0509252 0.0510216 0.0510603 0.05105 0.050999 0.0509156 0.0508075 0.0506824 0.0505471 0.0504082 0.0502714 0.0501421 0.0500248 0.0499234 0.0498412 0.0497807 0.0497436 0.0497311 0.0497436 0.0497807 0.0498412 0.0499234 0.0500248 0.0501421 0.0502714 0.0504082 0.0505471 0.0506824 0.0508075 0.0509156 0.050999 0.05105 0.0510603 0.0510216 0.0509252 0.0507625 0.0505251 0.0502048 0.0497939 0.0492852 0.0486725 0.0479503 0.0471144 0.0461621 0.0450919 0.0439042 0.0426011 0.0411864 0.039666 0.0380475 0.0363404 0.0345557 0.032706 0.0308052 0.0288679 0.0269097 0.0249465 0.0229942 0.0210686 0.0191853 0.0173587 0.0156028 0.01393 0.0123513 0.0108757 0.00951 0.00825838 0.00712232 0.00610048 0.00518891 0.00438144 0.00367036 0.00304715 0.0025033 0.00203094 0.00162325 0.00127459 0.000980263 0.000736109 0.000538047 0.000381655 0.000261981 0.000173576 0.000110741 6.78934e-05 3.99263e-05 2.24867e-05 1.21132e-05 6.23427e-06 3.06282e-06 1.43536e-06 6.41312e-07 2.73069e-07 1.10776e-07 4.28061e-08 1.57547e-08 5.52252e-09 1.84371e-09 5.86268e-10 1.77574e-10 5.12368e-11 1.40847e-11 3.68911e-12 9.20757e-13 2.19007e-13 4.96473e-14 1.07271e-14 2.20919e-15 4.33667e-16 8.11427e-17 1.44708e-17 2.45956e-18 3.98379e-19 6.14824e-20 9.03847e-21 1.25743e-21 1.02814e-22 
0 1.22053e-21 8.94821e-21 6.14825e-20 4.02348e-19 2.50886e-18 1.49084e-17 8.44322e-17 4.55756e-16 2.34485e-15 1.14988e-14 5.37442e-14 2.39401e-13 1.01625e-12 4.11061e-12 1.58415e-11 5.81578e-11 2.03368e-10 6.77266e-10 2.14771e-09 6.48448e-09 1.86387e-08 5.09991e-08 1.32833e-07 3.29353e-07 7.77459e-07 1.74761e-06 3.74202e-06 7.63608e-06 1.486e-05 2.7601e-05 4.89843e-05 8.31768e-05 0.000135354 0.000211503 0.000318074 0.000461574 0.000648228 0.000883843 0.00117395 0.00152424 0.0019411 0.00243216 0.00300654 0.00367477 0.00444825 0.00533838 0.0063556 0.0075084 0.0088026 0.010241 0.011823 0.0135454 0.0154021 0.0173846 0.0194826 0.0216842 0.0239755 0.0263415 0.0287654 0.0312293 0.0337141 0.0361999 0.0386662 0.0410927 0.0434596 0.0457481 0.047941 0.050023 0.0519809 0.0538041 0.0554844 0.0570163 0.0583966 0.0596246 0.0607018 0.0616317 0.0624194 0.0630717 0.0635965 0.0640029 0.0643005 0.0644998 0.0646115 0.0646464 0.0646155 0.0645296 0.0643991 0.0642344 0.064045 0.06384 0.063628 0.0634168 0.0632135 0.0630243 0.0628548 0.0627096 0.0625927 0.0625071 0.0624548 0.0624372 0.0624548 0.0625071 0.0625927 0.0627096 0.0628548 0.0630243 0.0632135 0.0634168 0.063628 0.06384 0.064045 0.0642344 0.0643991 0.0645296 0.0646155 0.0646464 0.0646115 0.0644998 0.0643005 0.0640029 0.0635965 0.0630717 0.0624194 0.0616317 0.0607018 0.0596246 0.0583966 0.0570163 0.0554844 0.0538041 0.0519809 0.050023 0.047941 0.0457481 0.0434596 0.0410927 0.0386662 0.0361999 0.0337141 0.0312293 0.0287654 0.0263415 0.0239755 0.0216842 0.0194826 0.0173846 0.0154021 0.0135454 0.011823 0.010241 0.0088026 0.0075084 0.0063556 0.00533838 0.00444825 0.00367477 0.00300654 0.00243216 0.0019411 0.00152424 0.00117395 0.000883843 0.000648228 0.000461574 0.000318074 0.000211503 0.000135354 8.31768e-05 4.89843e-05 2.7601e-05 1.486e-05 7.63608e-06 3.74202e-06 1.74761e-06 7.77459e-07 3.29353e-07 1.32833e-07 5.09991e-08 1.86387e-08 6.48448e-09 2.14771e-09 6.77266e-10 2.03368e-10 5.81578e-11 1.58415e-11 4.11061e-12 1.01625e-12 2.39401e-13 5.37442e-14 1.14988e-14 2.34485e-15 4.55756e-16 8.44322e-17 1.49084e-17 2.50886e-18 4.02347e-19 6.14748e-20 8.88761e-21 7.66136e-22 
0 8.5333e-21 6.02586e-20 3.98379e-19 2.50886e-18 1.50571e-17 8.6126e-17 4.69539e-16 2.43984e-15 1.20835e-14 5.70352e-14 2.56554e-13 1.09965e-12 4.4907e-12 1.74699e-11 6.4731e-11 2.28403e-10 7.67322e-10 2.45391e-09 7.46905e-09 2.16335e-08 5.96186e-08 1.5631e-07 3.89874e-07 9.25135e-07 2.08873e-06 4.48812e-06 9.18164e-06 1.78937e-05 3.3247e-05 5.89568e-05 9.99153e-05 0.000162101 0.000252286 0.000377602 0.00054508 0.000761368 0.00103276 0.0013656 0.00176699 0.00224554 0.0028119 0.0034788 0.00426053 0.00517196 0.00622714 0.00743807 0.00881362 0.0103589 0.0120753 0.0139605 0.0160091 0.0182132 0.0205628 0.0230458 0.0256486 0.0283554 0.0311486 0.0340089 0.0369149 0.0398437 0.0427716 0.0456742 0.0485272 0.0513072 0.0539921 0.0565618 0.0589986 0.0612873 0.0634157 0.0653746 0.0671576 0.0687614 0.070185 0.0714301 0.0725008 0.073403 0.0741443 0.0747339 0.0751821 0.0755003 0.0757005 0.0757951 0.075797 0.0757189 0.0755735 0.0753734 0.0751305 0.0748565 0.0745622 0.0742581 0.0739535 0.0736572 0.073377 0.07312 0.0728921 0.0726986 0.0725438 0.0724308 0.072362 0.072339 0.072362 0.0724308 0.0725438 0.0726986 0.0728921 0.07312 0.073377 0.0736572 0.0739535 0.0742581 0.0745622 0.0748565 0.0751305 0.0753734 0.0755735 0.0757189 0.075797 0.0757951 0.0757005 0.0755003 0.0751821 0.0747339 0.0741443 0.073403 0.0725008 0.0714301 0.070185 0.0687614 0.0671576 0.0653746 0.0634157 0.0612873 0.0589986 0.0565618 0.0539921 0.0513072 0.0485272 0.0456742 0.0427716 0.0398437 0.0369149 0.0340089 0.0311486 0.0283554 0.0256486 0.0230458 0.0205628 0.0182132 0.0160091 0.0139605 0.0120753 0.0103589 0.00881362 0.00743807 0.00622714 0.00517196 0.00426053 0.0034788 0.0028119 0.00224554 0.00176699 0.0013656 0.00103276 0.000761368 0.00054508 0.000377602 0.000252286 0.000162101 9.99153e-05 5.89568e-05 3.3247e-05 1.78937e-05 9.18164e-06 4.48812e-06 2.08873e-06 9.25135e-07 3.89874e-07 1.5631e-07 5.96186e-08 2.16335e-08 7.46905e-09 2.45391e-09 7.67322e-10 2.28403e-10 6.4731e-11 1.74699e-11 4.4907e-12 1.09965e-12 2.56554e-13 5.70352e-14 1.20835e-14 2.43984e-15 4.69539e-16 8.6126e-17 1.50571e-17 2.50885e-18 3.98323e-19 5.98288e-20 5.43732e-21 
0 5.68142e-20 3.86568e-19 2.45956e-18 1.49084e-17 8.6126e-17 4.74225e-16 2.48876e-15 1.24484e-14 5.934e-14 2.69551e-13 1.16665e-12 4.81035e-12 1.88918e-11 7.06552e-11 2.5159e-10 8.52755e-10 2.75064e-09 8.44147e-09 2.46423e-08 6.84122e-08 1.80592e-07 4.53235e-07 1.08139e-06 2.45295e-06 5.29064e-06 1.08536e-05 2.11884e-05 3.93909e-05 6.98086e-05 0.000118092 0.000191026 0.000296125 0.000441089 0.000633324 0.000879742 0.00118702 0.00156235 0.00201436 0.00255409 0.00319531 0.00395428 0.00484866 0.00589599 0.00711202 0.00850925 0.0100961 0.0118767 0.0138509 0.0160153 0.0183632 0.0208857 0.0235714 0.0264066 0.0293753 0.0324586 0.0356351 0.0388807 0.0421694 0.0454736 0.0487649 0.0520152 0.0551969 0.0582841 0.0612531 0.0640828 0.0667549 0.0692543 0.0715688 0.0736896 0.0756109 0.0773297 0.0788461 0.0801622 0.081283 0.0822152 0.0829675 0.0835502 0.0839748 0.0842539 0.0844009 0.0844298 0.0843547 0.08419 0.0839499 0.0836484 0.0832989 0.0829146 0.0825076 0.0820896 0.0816713 0.0812628 0.0808729 0.0805098 0.0801807 0.0798917 0.0796481 0.0794542 0.0793134 0.0792279 0.0791992 0.0792279 0.0793134 0.0794542 0.0796481 0.0798917 0.0801807 0.0805098 0.0808729 0.0812628 0.0816713 0.0820896 0.0825076 0.0829146 0.0832989 0.0836484 0.0839499 0.08419 0.0843547 0.0844298 0.0844009 0.0842539 0.0839748 0.0835502 0.0829675 0.0822152 0.081283 0.0801622 0.0788461 0.0773297 0.0756109 0.0736896 0.0715688 0.0692543 0.0667549 0.0640828 0.0612531 0.0582841 0.0551969 0.0520152 0.0487649 0.0454736 0.0421694 0.0388807 0.0356351 0.0324586 0.0293753 0.0264066 0.0235714 0.0208857 0.0183632 0.0160153 0.0138509 0.0118767 0.0100961 0.00850925 0.00711202 0.00589599 0.00484866 0.00395428 0.00319531 0.00255409 0.00201436 0.00156235 0.00118702 0.000879742 0.000633324 0.000441089 0.000296125 0.000191026 0.000118092 6.98086e-05 3.93909e-05 2.11884e-05 1.08536e-05 5.29064e-06 2.45295e-06 1.08139e-06 4.53235e-07 1.80592e-07 6.84122e-08 2.46423e-08 8.44147e-09 2.75064e-09 8.52755e-10 2.5159e-10 7.06552e-11 1.88918e-11 4.81035e-12 1.16665e-12 2.69551e-13 5.934e-14 1.24484e-14 2.48876e-15 4.74225e-16 8.6126e-17 1.49084e-17 2.45916e-18 3.8367e-19 3.67632e-20 
0 3.60301e-19 2.36285e-18 1.44708e-17 8.44322e-17 4.69539e-16 2.48876e-15 1.25725e-14 6.0527e-14 2.77662e-13 1.21356e-12 5.05246e-12 2.00334e-11 7.56334e-11 2.71815e-10 9.29642e-10 3.02495e-09 9.36177e-09 2.75493e-08 7.70647e-08 2.04875e-07 5.1751e-07 1.24189e-06 2.83108e-06 6.13132e-06 1.26176e-05 2.46826e-05 4.59285e-05 8.13706e-05 0.000137445 0.000221739 0.000342461 0.000507798 0.000725426 0.00100247 0.00134608 0.00176449 0.00226829 0.0028713 0.00359067 0.00444604 0.00545781 0.0066452 0.00802432 0.00960699 0.0114003 0.0134069 0.0156255 0.0180519 0.0206789 0.0234972 0.026494 0.0296537 0.032957 0.0363806 0.0398979 0.0434791 0.0470927 0.0507057 0.0542854 0.0578 0.0612196 0.064517 0.0676677 0.0706507 0.0734482 0.076046 0.0784332 0.0806021 0.0825482 0.0842703 0.0857695 0.0870498 0.0881176 0.0889814 0.0896514 0.0901396 0.0904592 0.0906244 0.09065 0.0905515 0.0903445 0.0900446 0.0896671 0.089227 0.0887388 0.0882163 0.0876726 0.08712 0.0865698 0.0860327 0.0855181 0.0850348 0.0845904 0.0841917 0.0838446 0.0835539 0.0833237 0.0831571 0.0830562 0.0830224 0.0830562 0.0831571 0.0833237 0.0835539 0.0838446 0.0841917 0.0845904 0.0850348 0.0855181 0.0860327 0.0865698 0.08712 0.0876726 0.0882163 0.0887388 0.089227 0.0896671 0.0900446 0.0903445 0.0905515 0.09065 0.0906244 0.0904592 0.0901396 0.0896514 0.0889814 0.0881176 0.0870498 0.0857695 0.0842703 0.0825482 0.0806021 0.0784332 0.076046 0.0734482 0.0706507 0.0676677 0.064517 0.0612196 0.0578 0.0542854 0.0507057 0.0470927 0.0434791 0.0398979 0.0363806 0.032957 0.0296537 0.026494 0.0234972 0.0206789 0.0180519 0.0156255 0.0134069 0.0114003 0.00960699 0.00802432 0.0066452 0.00545781 0.00444604 0.00359067 0.0028713 0.00226829 0.00176449 0.00134608 0.00100247 0.000725426 0.000507798 0.000342461 0.000221739 0.000137445 8.13706e-05 4.59285e-05 2.46826e-05 1.26176e-05 6.13132e-06 2.83108e-06 1.24189e-06 5.1751e-07 2.04875e-07 7.70647e-08 2.75493e-08 9.36177e-09 3.02495e-09 9.29642e-10 2.71815e-10 7.56334e-11 2.00334e-11 5.05246e-12 1.21356e-12 2.77662e-13 6.0527e-14 1.25725e-14 2.48876e-15 4.69539e-16 8.44318e-17 1.44682e-17 2.34428e-18 2.36865e-19 
0 2.17683e-18 1.3763e-17 8.11427e-17 4.55756e-16 2.43984e-15 1.24484e-14 6.0527e-14 2.8042e-13 1.23771e-12 5.20351e-12 2.08323e-11 7.94016e-11 2.88038e-10 9.94176e-10 3.26385e-09 1.01883e-08 3.02297e-08 8.52266e-08 2.28238e-07 5.80429e-07 1.40138e-06 3.21173e-06 6.98681e-06 1.44285e-05 2.82942e-05 5.27173e-05 9.34074e-05 0.0001576 0.000253671 0.000390472 0.000576587 0.000819892 0.00112774 0.00150792 0.0019701 0.0025273 0.00319658 0.00399869 0.00495636 0.00609204 0.0074255 0.00897208 0.010742 0.0127404 0.0149686 0.0174246 0.0201036 0.0229983 0.0260982 0.0293888 0.032851 0.0364607 0.0401891 0.0440035 0.0478683 0.0517464 0.0556003 0.0593941 0.0630935 0.0666673 0.0700874 0.0733295 0.0763726 0.0792 0.0817982 0.0841578 0.0862726 0.0881401 0.089761 0.0911389 0.0922805 0.0931947 0.0938927 0.0943876 0.0946937 0.0948268 0.0948032 0.0946397 0.0943532 0.0939608 0.093479 0.092924 0.0923115 0.0916563 0.0909723 0.0902729 0.0895704 0.0888759 0.0882001 0.0875525 0.0869414 0.0863748 0.0858592 0.0854007 0.0850043 0.0846743 0.0844141 0.0842263 0.0841129 0.084075 0.0841129 0.0842263 0.0844141 0.0846743 0.0850043 0.0854007 0.0858592 0.0863748 0.0869414 0.0875525 0.0882001 0.0888759 0.0895704 0.0902729 0.0909723 0.0916563 0.0923115 0.092924 0.093479 0.0939608 0.0943532 0.0946397 0.0948032 0.0948268 0.0946937 0.0943876 0.0938927 0.0931947 0.0922805 0.0911389 0.089761 0.0881401 0.0862726 0.0841578 0.0817982 0.0792 0.0763726 0.0733295 0.0700874 0.0666673 0.0630935 0.0593941 0.0556003 0.0517464 0.0478683 0.0440035 0.0401891 0.0364607 0.032851 0.0293888 0.0260982 0.0229983 0.0201036 0.0174246 0.0149686 0.0127404 0.010742 0.00897208 0.0074255 0.00609204 0.00495636 0.00399869 0.00319658 0.0025273 0.0019701 0.00150792 0.00112774 0.000819892 0.000576587 0.000390472 0.000253671 0.0001576 9.34074e-05 5.27173e-05 2.82942e-05 1.44285e-05 6.98681e-06 3.21173e-06 1.40138e-06 5.80429e-07 2.28238e-07 8.52266e-08 3.02297e-08 1.01883e-08 3.26385e-09 9.94176e-10 2.88038e-10 7.94016e-11 2.08323e-11 5.20351e-12 1.23771e-12 2.8042e-13 6.0527e-14 1.24484e-14 2.43984e-15 4.55753e-16 8.11258e-17 1.36499e-17 1.45457e-18 
0 1.25314e-17 7.6403e-17 4.33667e-16 2.34485e-15 1.20835e-14 5.934e-14 2.77662e-13 1.23771e-12 5.25485e-12 2.12436e-11 8.17516e-11 2.99384e-10 1.04298e-09 3.45524e-09 1.0881e-08 3.25589e-08 9.25367e-08 2.49705e-07 6.39517e-07 1.55399e-06 3.58181e-06 7.82983e-06 1.62329e-05 3.19245e-05 5.95852e-05 0.000105634 0.000178109 0.000286152 0.000439195 0.000646143 0.000915022 0.00125348 0.00167018 0.00217668 0.00278892 0.00352762 0.00441711 0.00548283 0.00674837 0.00823303 0.00995052 0.011909 0.0141121 0.01656 0.0192506 0.0221788 0.0253365 0.0287109 0.0322838 0.0360307 0.0399213 0.0439201 0.0479882 0.0520845 0.0561675 0.060197 0.0641346 0.0679451 0.0715965 0.0750606 0.0783128 0.0813327 0.084104 0.0866144 0.0888559 0.0908246 0.0925205 0.0939474 0.0951124 0.0960259 0.0967006 0.0971513 0.0973946 0.0974482 0.0973304 0.09706 0.0966558 0.0961364 0.0955196 0.094823 0.0940631 0.0932557 0.0924154 0.0915561 0.0906905 0.0898304 0.0889865 0.0881688 0.0873861 0.0866465 0.0859569 0.0853238 0.0847528 0.0842485 0.0838151 0.0834559 0.0831738 0.0829708 0.0828484 0.0828075 0.0828484 0.0829708 0.0831738 0.0834559 0.0838151 0.0842485 0.0847528 0.0853238 0.0859569 0.0866465 0.0873861 0.0881688 0.0889865 0.0898304 0.0906905 0.0915561 0.0924154 0.0932557 0.0940631 0.094823 0.0955196 0.0961364 0.0966558 0.09706 0.0973304 0.0974482 0.0973946 0.0971513 0.0967006 0.0960259 0.0951124 0.0939474 0.0925205 0.0908246 0.0888559 0.0866144 0.084104 0.0813327 0.0783128 0.0750606 0.0715965 0.0679451 0.0641346 0.060197 0.0561675 0.0520845 0.0479882 0.0439201 0.0399213 0.0360307 0.0322838 0.0287109 0.0253365 0.0221788 0.0192506 0.01656 0.0141121 0.011909 0.00995052 0.00823303 0.00674837 0.00548283 0.00441711 0.00352762 0.00278892 0.00217668 0.00167018 0.00125348 0.000915022 0.000646143 0.000439195 0.000286152 0.000178109 0.000105634 5.95852e-05 3.19245e-05 1.62329e-05 7.82983e-06 3.58181e-06 1.55399e-06 6.39517e-07 2.49705e-07 9.25367e-08 3.25589e-08 1.0881e-08 3.45524e-09 1.04298e-09 2.99384e-10 8.17516e-11 2.12436e-11 5.25485e-12 1.23771e-12 2.77662e-13 5.934e-14 1.20835e-14 2.34483e-15 4.33566e-16 7.57481e-17 8.51521e-18 
0 6.87443e-17 4.04258e-16 2.20919e-15 1.14988e-14 5.70352e-14 2.69551e-13 1.21356e-12 5.20351e-12 2.12436e-11 8.25502e-11 3.05223e-10 1.0734e-09 3.58899e-09 1.14041e-08 3.44219e-08 9.86487e-08 2.68306e-07 6.92242e-07 1.69354e-06 3.92728e-06 8.63052e-06 1.79714e-05 3.54623e-05 6.63371e-05 0.000117729 0.000198469 0.000318437 0.000487584 0.000715067 0.00100905 0.00137757 0.00183048 0.00238164 0.00305042 0.00386143 0.00484241 0.00602081 0.00742046 0.00905929 0.010949 0.0130959 0.0155026 0.0181694 0.0210941 0.0242713 0.0276905 0.0313349 0.0351803 0.0391952 0.0433418 0.0475777 0.0518583 0.0561381 0.0603728 0.06452 0.0685402 0.0723973 0.0760586 0.0794955 0.0826834 0.0856022 0.0882367 0.0905766 0.0926163 0.0943554 0.095798 0.0969521 0.0978297 0.0984456 0.0988169 0.0989626 0.0989028 0.0986583 0.09825 0.0976989 0.0970251 0.0962484 0.0953875 0.09446 0.0934826 0.0924709 0.0914391 0.0904004 0.0893668 0.0883494 0.087358 0.0864015 0.0854879 0.0846244 0.0838171 0.0830716 0.0823928 0.0817847 0.0812509 0.0807944 0.0804177 0.0801227 0.0799109 0.0797834 0.0797409 0.0797834 0.0799109 0.0801227 0.0804177 0.0807944 0.0812509 0.0817847 0.0823928 0.0830716 0.0838171 0.0846244 0.0854879 0.0864015 0.087358 0.0883494 0.0893668 0.0904004 0.0914391 0.0924709 0.0934826 0.09446 0.0953875 0.0962484 0.0970251 0.0976989 0.09825 0.0986583 0.0989028 0.0989626 0.0988169 0.0984456 0.0978297 0.0969521 0.095798 0.0943554 0.0926163 0.0905766 0.0882367 0.0856022 0.0826834 0.0794955 0.0760586 0.0723973 0.0685402 0.06452 0.0603728 0.0561381 0.0518583 0.0475777 0.0433418 0.0391952 0.0351803 0.0313349 0.0276905 0.0242713 0.0210941 0.0181694 0.0155026 0.0130959 0.010949 0.00905929 0.00742046 0.00602081 0.00484241 0.00386143 0.00305042 0.00238164 0.00183048 0.00137757 0.00100905 0.000715067 0.000487584 0.000318437 0.000198469 0.000117729 6.63371e-05 3.54623e-05 1.79714e-05 8.63052e-06 3.92728e-06 1.69354e-06 6.92242e-07 2.68306e-07 9.86487e-08 3.44219e-08 1.14041e-08 3.58899e-09 1.0734e-09 3.05223e-10 8.25502e-11 2.12436e-11 5.20351e-12 1.21356e-12 2.69551e-13 5.70352e-14 1.14987e-14 2.20861e-15 4.00656e-16 4.75272e-17 
0 3.59399e-16 2.03883e-15 1.07271e-14 5.37442e-14 2.56554e-13 1.16665e-12 5.05246e-12 2.08323e-11 8.17516e-11 3.05223e-10 1.08373e-09 3.65778e-09 1.17299e-08 3.57223e-08 1.03258e-07 2.83149e-07 7.36192e-07 1.81399e-06 4.23401e-06 9.35808e-06 1.95814e-05 3.87896e-05 7.27643e-05 0.000129345 0.000218144 0.000349739 0.000534552 0.00078194 0.0011002 0.00149793 0.00198645 0.0025824 0.00330891 0.00419457 0.00527014 0.00656426 0.00810005 0.00989354 0.0119544 0.014288 0.016897 0.0197822 0.0229416 0.0263679 0.0300469 0.0339555 0.0380616 0.0423257 0.0467024 0.0511433 0.0555992 0.0600214 0.0643632 0.0685805 0.0726323 0.0764809 0.0800925 0.0834378 0.0864924 0.0892377 0.0916608 0.093755 0.0955192 0.0969582 0.0980815 0.0989027 0.099439 0.0997101 0.0997374 0.0995437 0.0991522 0.0985862 0.0978687 0.097022 0.0960675 0.0950255 0.0939153 0.0927544 0.0915595 0.0903457 0.0891265 0.0879145 0.0867209 0.0855554 0.0844271 0.0833435 0.0823116 0.0813372 0.0804255 0.0795808 0.078807 0.0781072 0.0774842 0.0769401 0.0764768 0.0760959 0.0757985 0.0755854 0.0754573 0.0754146 0.0754573 0.0755854 0.0757985 0.0760959 0.0764768 0.0769401 0.0774842 0.0781072 0.078807 0.0795808 0.0804255 0.0813372 0.0823116 0.0833435 0.0844271 0.0855554 0.0867209 0.0879145 0.0891265 0.0903457 0.0915595 0.0927544 0.0939153 0.0950255 0.0960675 0.097022 0.0978687 0.0985862 0.0991522 0.0995437 0.0997374 0.0997101 0.099439 0.0989027 0.0980815 0.0969582 0.0955192 0.093755 0.0916608 0.0892377 0.0864924 0.0834378 0.0800925 0.0764809 0.0726323 0.0685805 0.0643632 0.0600214 0.0555992 0.0511433 0.0467024 0.0423257 0.0380616 0.0339555 0.0300469 0.0263679 0.0229416 0.0197822 0.016897 0.014288 0.0119544 0.00989354 0.00810005 0.00656426 0.00527014 0.00419457 0.00330891 0.0025824 0.00198645 0.00149793 0.0011002 0.00078194 0.000534552 0.000349739 0.000218144 0.000129345 7.27643e-05 3.87896e-05 1.95814e-05 9.35808e-06 4.23401e-06 1.81399e-06 7.36192e-07 2.83149e-07 1.03258e-07 3.57223e-08 1.17299e-08 3.65778e-09 1.08373e-09 3.05223e-10 8.17516e-11 2.08323e-11 5.05246e-12 1.16665e-12 2.56554e-13 5.37436e-14 1.07239e-14 2.02001e-15 2.52944e-16 
0 1.79078e-15 9.80148e-15 4.96473e-14 2.39401e-13 1.09965e-12 4.81035e-12 2.00334e-11 7.94016e-11 2.99384e-10 1.0734e-09 3.65778e-09 1.18406e-08 3.63906e-08 1.06125e-07 2.93492e-07 7.69257e-07 1.90981e-06 4.48865e-06 9.98273e-06 2.10013e-05 4.17875e-05 7.86545e-05 0.00014013 0.000236584 0.000379263 0.000579014 0.000845368 0.00118679 0.00161257 0.00213585 0.00277637 0.00356134 0.00452319 0.0056951 0.00710608 0.00877776 0.0107241 0.0129534 0.0154709 0.0182805 0.0213838 0.0247781 0.0284527 0.0323871 0.0365502 0.0409014 0.045393 0.0499735 0.0545896 0.0591884 0.0637187 0.0681312 0.072379 0.0764185 0.0802096 0.0837173 0.0869122 0.0897714 0.0922794 0.0944278 0.0962154 0.0976476 0.0987352 0.099494 0.0999434 0.100106 0.100005 0.0996662 0.0991158 0.0983793 0.0974823 0.0964495 0.0953044 0.0940695 0.0927657 0.0914123 0.0900271 0.0886264 0.0872245 0.0858345 0.0844676 0.0831338 0.0818418 0.0805989 0.0794114 0.0782846 0.077223 0.0762302 0.0753093 0.0744627 0.0736924 0.073 0.0723867 0.0718537 0.0714015 0.0710309 0.0707422 0.0705359 0.0704119 0.0703706 0.0704119 0.0705359 0.0707422 0.0710309 0.0714015 0.0718537 0.0723867 0.073 0.0736924 0.0744627 0.0753093 0.0762302 0.077223 0.0782846 0.0794114 0.0805989 0.0818418 0.0831338 0.0844676 0.0858345 0.0872245 0.0886264 0.0900271 0.0914123 0.0927657 0.0940695 0.0953044 0.0964495 0.0974823 0.0983793 0.0991158 0.0996662 0.100005 0.100106 0.0999434 0.099494 0.0987352 0.0976476 0.0962154 0.0944278 0.0922794 0.0897714 0.0869122 0.0837173 0.0802096 0.0764185 0.072379 0.0681312 0.0637187 0.0591884 0.0545896 0.0499735 0.045393 0.0409014 0.0365502 0.0323871 0.0284527 0.0247781 0.0213838 0.0182805 0.0154709 0.0129534 0.0107241 0.00877776 0.00710608 0.0056951 0.00452319 0.00356134 0.00277637 0.00213585 0.00161257 0.00118679 0.000845368 0.000579014 0.000379263 0.000236584 0.00014013 7.86545e-05 4.17875e-05 2.10013e-05 9.98273e-06 4.48865e-06 1.90981e-06 7.69257e-07 2.93492e-07 1.06125e-07 3.63906e-08 1.18406e-08 3.65778e-09 1.0734e-09 2.99384e-10 7.94016e-11 2.00334e-11 4.81035e-12 1.09965e-12 2.39398e-13 4.96309e-14 9.70807e-15 1.28375e-15 
0 8.50442e-15 4.49146e-14 2.19007e-13 1.01625e-12 4.4907e-12 1.88918e-11 7.56334e-11 2.88038e-10 1.04298e-09 3.58899e-09 1.17299e-08 3.63906e-08 1.07098e-07 2.98803e-07 7.89795e-07 1.97643e-06 4.67965e-06 1.04776e-05 2.21736e-05 4.43433e-05 8.38027e-05 0.000149741 0.000253256 0.000406235 0.000619928 0.000904026 0.00126722 0.00171964 0.0022765 0.00296099 0.00380447 0.00484298 0.00611146 0.00763843 0.00944359 0.011539 0.0139326 0.0166309 0.0196394 0.0229603 0.0265884 0.0305074 0.0346889 0.0390928 0.0436701 0.0483666 0.0531257 0.0578907 0.0626053 0.0672149 0.0716662 0.0759084 0.0798944 0.083582 0.0869357 0.0899278 0.0925392 0.0947594 0.0965866 0.0980263 0.0990904 0.0997964 0.100166 0.100223 0.0999946 0.0995091 0.0987953 0.097882 0.0967977 0.0955703 0.0942263 0.0927908 0.0912872 0.0897369 0.0881595 0.0865723 0.0849907 0.0834283 0.0818966 0.0804054 0.0789631 0.0775763 0.0762508 0.074991 0.0738004 0.0726817 0.071637 0.0706679 0.0697753 0.06896 0.0682224 0.0675628 0.0669811 0.0664774 0.0660515 0.0657033 0.0654326 0.0652394 0.0651236 0.0650849 0.0651236 0.0652394 0.0654326 0.0657033 0.0660515 0.0664774 0.0669811 0.0675628 0.0682224 0.06896 0.0697753 0.0706679 0.071637 0.0726817 0.0738004 0.074991 0.0762508 0.0775763 0.0789631 0.0804054 0.0818966 0.0834283 0.0849907 0.0865723 0.0881595 0.0897369 0.0912872 0.0927908 0.0942263 0.0955703 0.0967977 0.097882 0.0987953 0.0995091 0.0999946 0.100223 0.100166 0.0997964 0.0990904 0.0980263 0.0965866 0.0947594 0.0925392 0.0899278 0.0869357 0.083582 0.0798944 0.0759084 0.0716662 0.0672149 0.0626053 0.0578907 0.0531257 0.0483666 0.0436701 0.0390928 0.0346889 0.0305074 0.0265884 0.0229603 0.0196394 0.0166309 0.0139326 0.011539 0.00944359 0.00763843 0.00611146 0.00484298 0.00380447 0.00296099 0.0022765 0.00171964 0.00126722 0.000904026 0.000619928 0.000406235 0.000253256 0.000149741 8.38027e-05 4.43433e-05 2.21736e-05 1.04776e-05 4.67965e-06 1.97643e-06 7.89795e-07 2.98803e-07 1.07098e-07 3.63906e-08 1.17299e-08 3.58899e-09 1.04298e-09 2.88038e-10 7.56334e-11 1.88918e-11 4.4907e-12 1.01623e-12 2.18927e-13 4.44746e-14 6.21354e-15 
0 3.84936e-14 1.96183e-13 9.20757e-13 4.11061e-12 1.74699e-11 7.06552e-11 2.71815e-10 9.94176e-10 3.45524e-09 1.14041e-08 3.57223e-08 1.06125e-07 2.98803e-07 7.9676e-07 2.0106e-06 4.79803e-06 1.08207e-05 2.30493e-05 4.6357e-05 8.80229e-05 0.000157858 0.00026766 0.000429936 0.000656327 0.0009567 0.00134002 0.0018174 0.00240634 0.00313367 0.0040349 0.00514931 0.00651293 0.00815311 0.0100874 0.0123269 0.01488 0.0177557 0.0209613 0.0244981 0.0283564 0.0325126 0.0369289 0.0415567 0.04634 0.0512198 0.0561357 0.0610272 0.0658342 0.0704966 0.074956 0.0791568 0.0830489 0.0865895 0.0897448 0.0924914 0.0948158 0.0967142 0.0981916 0.0992601 0.0999379 0.100248 0.100217 0.0998732 0.0992491 0.0983765 0.0972881 0.0960165 0.0945932 0.0930488 0.0914115 0.0897079 0.087962 0.086195 0.0844261 0.0826714 0.080945 0.0792585 0.0776216 0.0760422 0.0745263 0.0730788 0.0717033 0.0704023 0.0691775 0.0680301 0.0669605 0.0659688 0.0650547 0.0642178 0.0634573 0.0627725 0.0621626 0.0616268 0.0611643 0.0607742 0.0604561 0.0602092 0.0600332 0.0599278 0.0598926 0.0599278 0.0600332 0.0602092 0.0604561 0.0607742 0.0611643 0.0616268 0.0621626 0.0627725 0.0634573 0.0642178 0.0650547 0.0659688 0.0669605 0.0680301 0.0691775 0.0704023 0.0717033 0.0730788 0.0745263 0.0760422 0.0776216 0.0792585 0.080945 0.0826714 0.0844261 0.086195 0.087962 0.0897079 0.0914115 0.0930488 0.0945932 0.0960165 0.0972881 0.0983765 0.0992491 0.0998732 0.100217 0.100248 0.0999379 0.0992601 0.0981916 0.0967142 0.0948158 0.0924914 0.0897448 0.0865895 0.0830489 0.0791568 0.074956 0.0704966 0.0658342 0.0610272 0.0561357 0.0512198 0.04634 0.0415567 0.0369289 0.0325126 0.0283564 0.0244981 0.0209613 0.0177557 0.01488 0.0123269 0.0100874 0.00815311 0.00651293 0.00514931 0.0040349 0.00313367 0.00240634 0.0018174 0.00134002 0.0009567 0.000656327 0.000429936 0.00026766 0.000157858 8.80229e-05 4.6357e-05 2.30493e-05 1.08207e-05 4.79803e-06 2.0106e-06 7.9676e-07 2.98803e-07 1.06125e-07 3.57223e-08 1.14041e-08 3.45524e-09 9.94176e-10 2.71815e-10 7.06552e-11 1.74699e-11 4.11054e-12 9.20383e-13 1.94217e-13 2.86826e-14 
0 1.6606e-13 8.16764e-13 3.68911e-12 1.58415e-11 6.4731e-11 2.5159e-10 9.29642e-10 3.26385e-09 1.0881e-08 3.44219e-08 1.03258e-07 2.93492e-07 7.89795e-07 2.0106e-06 4.83814e-06 1.09963e-05 2.35907e-05 4.77474e-05 9.11579e-05 0.000164207 0.000279357 0.000449724 0.000687352 0.00100231 0.00140389 0.0019043 0.00252343 0.00329185 0.00424912 0.00543735 0.00689303 0.0086419 0.0106996 0.013077 0.0157846 0.0188341 0.022234 0.0259832 0.0300653 0.0344478 0.0390839 0.0439176 0.0488881 0.0539326 0.0589869 0.0639859 0.0688631 0.0735518 0.0779875 0.082111 0.0858711 0.0892269 0.092149 0.0946197 0.0966324 0.0981896 0.0993024 0.0999887 0.100272 0.10018 0.099745 0.0990012 0.0979849 0.0967335 0.095284 0.093673 0.0919351 0.0901028 0.0882057 0.0862706 0.0843209 0.082377 0.0804564 0.0785735 0.0767402 0.074966 0.0732584 0.0716231 0.0700643 0.0685847 0.0671861 0.0658695 0.0646348 0.0634817 0.0624093 0.0614163 0.0605013 0.0596628 0.0588991 0.0582084 0.0575891 0.0570397 0.0565586 0.0561445 0.0557963 0.0555128 0.0552932 0.0551368 0.0550432 0.055012 0.0550432 0.0551368 0.0552932 0.0555128 0.0557963 0.0561445 0.0565586 0.0570397 0.0575891 0.0582084 0.0588991 0.0596628 0.0605013 0.0614163 0.0624093 0.0634817 0.0646348 0.0658695 0.0671861 0.0685847 0.0700643 0.0716231 0.0732584 0.074966 0.0767402 0.0785735 0.0804564 0.082377 0.0843209 0.0862706 0.0882057 0.0901028 0.0919351 0.093673 0.095284 0.0967335 0.0979849 0.0990012 0.099745 0.10018 0.100272 0.0999887 0.0993024 0.0981896 0.0966324 0.0946197 0.092149 0.0892269 0.0858711 0.082111 0.0779875 0.0735518 0.0688631 0.0639859 0.0589869 0.0539326 0.0488881 0.0439176 0.0390839 0.0344478 0.0300653 0.0259832 0.022234 0.0188341 0.0157846 0.013077 0.0106996 0.0086419 0.00689303 0.00543735 0.00424912 0.00329185 0.00252343 0.0019043 0.00140389 0.00100231 0.000687352 0.000449724 0.000279357 0.000164207 9.11579e-05 4.77474e-05 2.35907e-05 1.09963e-05 4.83814e-06 2.0106e-06 7.89795e-07 2.93492e-07 1.03258e-07 3.44219e-08 1.0881e-08 3.26385e-09 9.29642e-10 2.5159e-10 6.4731e-11 1.58411e-11 3.68745e-12 8.08436e-13 1.26278e-13 
0 6.82753e-13 3.24092e-12 1.40847e-11 5.81578e-11 2.28403e-10 8.52755e-10 3.02495e-09 1.01883e-08 3.25589e-08 9.86487e-08 2.83149e-07 7.69257e-07 1.97643e-06 4.79803e-06 1.09963e-05 2.37738e-05 4.84574e-05 9.30885e-05 0.000168567 0.000287984 0.00046506 0.00071227 0.00103993 0.00145772 0.00197895 0.00262597 0.00343304 0.00444361 0.00570223 0.00724536 0.00909694 0.0112712 0.0137797 0.0166362 0.0198554 0.0234457 0.0274013 0.0316978 0.0362931 0.0411327 0.0461555 0.0512972 0.0564912 0.0616686 0.0667568 0.0716815 0.0763687 0.0807492 0.0847622 0.0883583 0.0915009 0.0941665 0.0963435 0.0980308 0.0992366 0.0999771 0.100275 0.100161 0.0996666 0.0988317 0.0976967 0.0963038 0.0946957 0.0929137 0.0909972 0.0889828 0.0869036 0.084789 0.0826649 0.0805532 0.0784725 0.0764381 0.0744626 0.0725556 0.0707248 0.0689756 0.0673119 0.065736 0.0642491 0.0628512 0.0615417 0.0603192 0.0591819 0.0581275 0.0571536 0.0562576 0.0554368 0.0546886 0.0540106 0.0534001 0.0528549 0.052373 0.0519523 0.0515913 0.0512883 0.0510421 0.0508517 0.0507163 0.0506353 0.0506083 0.0506353 0.0507163 0.0508517 0.0510421 0.0512883 0.0515913 0.0519523 0.052373 0.0528549 0.0534001 0.0540106 0.0546886 0.0554368 0.0562576 0.0571536 0.0581275 0.0591819 0.0603192 0.0615417 0.0628512 0.0642491 0.065736 0.0673119 0.0689756 0.0707248 0.0725556 0.0744626 0.0764381 0.0784725 0.0805532 0.0826649 0.084789 0.0869036 0.0889828 0.0909972 0.0929137 0.0946957 0.0963038 0.0976967 0.0988317 0.0996666 0.100161 0.100275 0.0999771 0.0992366 0.0980308 0.0963435 0.0941665 0.0915009 0.0883583 0.0847622 0.0807492 0.0763687 0.0716815 0.0667568 0.0616686 0.0564912 0.0512972 0.0461555 0.0411327 0.0362931 0.0316978 0.0274013 0.0234457 0.0198554 0.0166362 0.0137797 0.0112712 0.00909694 0.00724536 0.00570223 0.00444361 0.00343304 0.00262597 0.00197895 0.00145772 0.00103993 0.00071227 0.00046506 0.000287984 0.000168567 9.30885e-05 4.84574e-05 2.37738e-05 1.09963e-05 4.79803e-06 1.97643e-06 7.69257e-07 2.83149e-07 9.86487e-08 3.25589e-08 1.01883e-08 3.02495e-09 8.52755e-10 2.28403e-10 5.81564e-11 1.40778e-11 3.20753e-12 5.30241e-13 
0 2.67524e-12 1.2256e-11 5.12368e-11 2.03368e-10 7.67322e-10 2.75064e-09 9.36177e-09 3.02297e-08 9.25367e-08 2.68306e-07 7.36192e-07 1.90981e-06 4.67965e-06 1.08207e-05 2.35907e-05 4.84574e-05 9.37405e-05 0.000170787 0.000293272 0.000475524 0.000730496 0.00106882 0.00150057 0.00204017 0.00271234 0.00355489 0.00461496 0.00593923 0.00756386 0.009511 0.0117941 0.0144265 0.0174259 0.0208097 0.0245846 0.0287381 0.0332368 0.03803 0.0430577 0.0482553 0.0535553 0.0588866 0.0641723 0.0693309 0.0742794 0.0789378 0.0832346 0.0871105 0.0905202 0.0934322 0.0958282 0.0977015 0.0990556 0.0999034 0.100266 0.100174 0.0996626 0.0987739 0.0975534 0.0960489 0.0943083 0.0923782 0.0903028 0.0881227 0.0858746 0.0835911 0.0813003 0.0790265 0.0767899 0.0746073 0.0724924 0.0704558 0.0685055 0.0666472 0.0648848 0.0632201 0.0616538 0.0601851 0.0588125 0.0575336 0.0563454 0.0552447 0.0542279 0.0532915 0.0524316 0.0516448 0.0509276 0.0502767 0.049689 0.0491618 0.0486924 0.0482786 0.0479182 0.0476095 0.0473508 0.047141 0.0469788 0.0468636 0.0467947 0.0467718 0.0467947 0.0468636 0.0469788 0.047141 0.0473508 0.0476095 0.0479182 0.0482786 0.0486924 0.0491618 0.049689 0.0502767 0.0509276 0.0516448 0.0524316 0.0532915 0.0542279 0.0552447 0.0563454 0.0575336 0.0588125 0.0601851 0.0616538 0.0632201 0.0648848 0.0666472 0.0685055 0.0704558 0.0724924 0.0746073 0.0767899 0.0790265 0.0813003 0.0835911 0.0858746 0.0881227 0.0903028 0.0923782 0.0943083 0.0960489 0.0975534 0.0987739 0.0996626 0.100174 0.100266 0.0999034 0.0990556 0.0977015 0.0958282 0.0934322 0.0905202 0.0871105 0.0832346 0.0789378 0.0742794 0.0693309 0.0641723 0.0588866 0.0535553 0.0482553 0.0430577 0.03803 0.0332368 0.0287381 0.0245846 0.0208097 0.0174259 0.0144265 0.0117941 0.009511 0.00756386 0.00593923 0.00461496 0.00355489 0.00271234 0.00204017 0.00150057 0.00106882 0.000730496 0.000475524 0.000293272 0.000170787 9.37405e-05 4.84574e-05 2.35907e-05 1.08207e-05 4.67965e-06 1.90981e-06 7.36192e-07 2.68306e-07 9.25367e-08 3.02297e-08 9.36177e-09 2.75064e-09 7.67321e-10 2.03363e-10 5.12094e-11 1.21295e-11 2.12351e-12 
0 9.98938e-12 4.41684e-11 1.77574e-10 6.77266e-10 2.45391e-09 8.44147e-09 2.75493e-08 8.52266e-08 2.49705e-07 6.92242e-07 1.81399e-06 4.48865e-06 1.04776e-05 2.30493e-05 4.77474e-05 9.30885e-05 0.000170787 0.000295053 0.000480829 0.000741604 0.00108839 0.00153171 0.00208698 0.0027811 0.00365523 0.00476 0.00614401 0.00784304 0.00987768 0.0122612 0.0150097 0.0181454 0.0216873 0.0256387 0.0299794 0.0346666 0.039643 0.0448452 0.0502061 0.0556544 0.0611114 0.0664904 0.0716997 0.0766487 0.0812544 0.085446 0.0891675 0.0923781 0.0950504 0.0971697 0.0987327 0.0997473 0.100232 0.100216 0.0997361 0.0988387 0.0975734 0.0959934 0.0941517 0.0921003 0.0898879 0.0875595 0.0851557 0.0827126 0.0802618 0.0778303 0.0754412 0.0731134 0.0708624 0.0686999 0.0666349 0.0646735 0.0628191 0.0610734 0.0594361 0.0579056 0.0564792 0.0551534 0.0539241 0.0527869 0.0517372 0.0507704 0.0498819 0.0490672 0.0483222 0.047643 0.0470258 0.0464673 0.0459642 0.0455139 0.0451138 0.0447616 0.0444553 0.0441933 0.043974 0.0437962 0.043659 0.0435615 0.0435032 0.0434838 0.0435032 0.0435615 0.043659 0.0437962 0.043974 0.0441933 0.0444553 0.0447616 0.0451138 0.0455139 0.0459642 0.0464673 0.0470258 0.047643 0.0483222 0.0490672 0.0498819 0.0507704 0.0517372 0.0527869 0.0539241 0.0551534 0.0564792 0.0579056 0.0594361 0.0610734 0.0628191 0.0646735 0.0666349 0.0686999 0.0708624 0.0731134 0.0754412 0.0778303 0.0802618 0.0827126 0.0851557 0.0875595 0.0898879 0.0921003 0.0941517 0.0959934 0.0975734 0.0988387 0.0997361 0.100216 0.100232 0.0997473 0.0987327 0.0971697 0.0950504 0.0923781 0.0891675 0.085446 0.0812544 0.0766487 0.0716997 0.0664904 0.0611114 0.0556544 0.0502061 0.0448452 0.039643 0.0346666 0.0299794 0.0256387 0.0216873 0.0181454 0.0150097 0.0122612 0.00987768 0.00784304 0.00614401 0.00476 0.00365523 0.0027811 0.00208698 0.00153171 0.00108839 0.000741604 0.000480829 0.000295053 0.000170787 9.30885e-05 4.77474e-05 2.30493e-05 1.04776e-05 4.48865e-06 1.81399e-06 6.92242e-07 2.49705e-07 8.52266e-08 2.75493e-08 8.44147e-09 2.4539e-09 6.77244e-10 1.77471e-10 4.37159e-11 8.11095e-12 
