0 0 0 0 0 0 0 0 0 0 0 0 0 0 0 0 0 0 0 0 0 0 0 0 0 0 0 0 0 0 0 0 0 0 0 0 0 0 0 0 0 0 0 0 0 0 0 0 0 0 0 0 0 0 0 0 0 0 0 0 0 0 0 0 0 0 0 0 0 0 0 0 0 0 0 0 0 0 0 0 0 0 0 0 0 0 0 0 0 0 0 0 0 0 0 0 0 0 0 0 0 0 0 0 0 0 0 0 0 0 0 0 0 0 0 0 0 0 0 0 0 0 0 0 0 0 0 0 0 0 0 0 0 0 0 0 0 0 0 0 0 0 0 0 0 0 0 0 0 0 0 0 0 0 0 0 0 0 0 0 0 0 0 0 0 0 0 0 0 0 0 0 0 0 0 0 0 0 0 0 0 0 0 0 0 0 0 0 0 0 0 0 0 0 0 0 0 0 0 0 
0 9.02293e-11 3.36444e-10 1.12239e-09 3.55612e-09 1.07399e-08 3.09105e-08 8.47345e-08 2.21109e-07 5.48886e-07 1.29546e-06 2.90519e-06 6.18712e-06 1.2507e-05 2.39886e-05 4.36475e-05 7.53444e-05 0.000123451 0.000192205 0.000284901 0.000403279 0.000547569 0.00071752 0.000914307 0.00114263 0.00141188 0.0017355 0.00212823 0.0026021 0.00316282 0.00380806 0.00452833 0.00531008 0.00613937 0.00700462 0.00789721 0.00880987 0.00973386 0.0106563 0.0115585 0.0124171 0.0132052 0.0138963 0.0144667 0.014898 0.0151775 0.0152985 0.0152588 0.0150599 0.0147055 0.0142009 0.0135531 0.0127709 0.0118648 0.0108478 0.00973526 0.00854445 0.00729413 0.00600377 0.00469274 0.00337953 0.00208107 0.000812291 -0.000414183 -0.00158811 -0.00270156 -0.00374877 -0.00472589 -0.00563074 -0.00646254 -0.00722166 -0.00790944 -0.00852797 -0.00907996 -0.00956861 -0.0099975 -0.0103705 -0.0106915 -0.0109649 -0.0111947 -0.0113852 -0.0115405 -0.0116645 -0.0117611 -0.011834 -0.0118865 -0.011922 -0.0119432 -0.0119529 -0.0119536 -0.0119475 -0.0119364 -0.0119222 -0.0119063 -0.01189 -0.0118745 -0.0118605 -0.011849 -0.0118403 -0.011835 -0.0118332 -0.011835 -0.0118403 -0.011849 -0.0118605 -0.0118745 -0.01189 -0.0119063 -0.0119222 -0.0119364 -0.0119475 -0.0119536 -0.0119529 -0.0119432 -0.011922 -0.0118865 -0.011834 -0.0117611 -0.0116645 -0.0115405 -0.0113852 -0.0111947 -0.0109649 -0.0106915 -0.0103705 -0.0099975 -0.00956861 -0.00907996 -0.00852797 -0.00790944 -0.00722166 -0.00646254 -0.00563074 -0.00472589 -0.00374877 -0.00270156 -0.00158811 -0.000414183 0.000812291 0.00208107 0.00337953 0.00469274 0.00600377 0.00729413 0.00854445 0.00973526 0.0108478 0.0118648 0.0127709 0.0135531 0.0142009 0.0147055 0.0150599 0.0152588 0.0152985 0.0151775 0.014898 0.0144667 0.0138963 0.0132052 0.0124171 0.0115585 0.0106563 0.00973386 0.00880987 0.00789721 0.00700462 0.00613937 0.00531008 0.00452833 0.00380806 0.00316282 0.0026021 0.00212823 0.0017355 0.00141188 0.00114263 0.000914307 0.00071752 0.000547569 0.000403279 0.000284901 0.000192205 0.000123451 7.53444e-05 4.36475e-05 2.39886e-05 1.2507e-05 6.18712e-06 2.90519e-06 1.29546e-06 5.48886e-07 2.21109e-07 8.47345e-08 3.09105e-08 1.07398e-08 3.55572e-09 1.12088e-09 3.31039e-10 7.18924e-11 
0 3.36444e-10 1.21992e-09 3.94178e-09 1.20877e-08 3.53253e-08 9.83648e-08 2.60842e-07 6.58343e-07 1.5806e-06 3.60785e-06 7.82552e-06 1.61224e-05 3.154e-05 5.85807e-05 0.000103315 0.00017311 0.000275855 0.000418813 0.00060747 0.000845069 0.0011334 0.00147503 0.00187625 0.00234947 0.00291354 0.00359123 0.00440444 0.00536897 0.00649068 0.00776472 0.00917757 0.0107107 0.0123441 0.0140578 0.0158318 0.0176438 0.0194667 0.0212677 0.0230076 0.0246435 0.0261306 0.0274265 0.028493 0.0292985 0.0298192 0.0300384 0.0299473 0.0295436 0.0288314 0.0278209 0.0265276 0.0249724 0.0231808 0.0211821 0.0190089 0.0166957 0.0142781 0.0117913 0.00926959 0.00674518 0.00424758 0.00180312 -0.000565363 -0.00283868 -0.00500126 -0.00704109 -0.00894944 -0.0107207 -0.012352 -0.0138429 -0.0151951 -0.0164121 -0.017499 -0.0184619 -0.0193077 -0.0200444 -0.0206799 -0.0212226 -0.021681 -0.0220633 -0.0223777 -0.0226318 -0.0228332 -0.0229888 -0.0231052 -0.0231883 -0.0232437 -0.0232765 -0.0232912 -0.0232919 -0.0232824 -0.0232657 -0.0232447 -0.0232219 -0.0231992 -0.0231784 -0.0231609 -0.0231476 -0.0231393 -0.0231365 -0.0231393 -0.0231476 -0.0231609 -0.0231784 -0.0231992 -0.0232219 -0.0232447 -0.0232657 -0.0232824 -0.0232919 -0.0232912 -0.0232765 -0.0232437 -0.0231883 -0.0231052 -0.0229888 -0.0228332 -0.0226318 -0.0223777 -0.0220633 -0.021681 -0.0212226 -0.0206799 -0.0200444 -0.0193077 -0.0184619 -0.017499 -0.0164121 -0.0151951 -0.0138429 -0.012352 -0.0107207 -0.00894944 -0.00704109 -0.00500126 -0.00283868 -0.000565363 0.00180312 0.00424758 0.00674518 0.00926959 0.0117913 0.0142781 0.0166957 0.0190089 0.0211821 0.0231808 0.0249724 0.0265276 0.0278209 0.0288314 0.0295436 0.0299473 0.0300384 0.0298192 0.0292985 0.028493 0.0274265 0.0261306 0.0246435 0.0230076 0.0212677 0.0194667 0.0176438 0.0158318 0.0140578 0.0123441 0.0107107 0.00917757 0.00776472 0.00649068 0.00536897 0.00440444 0.00359123 0.00291354 0.00234947 0.00187625 0.00147503 0.0011334 0.000845069 0.00060747 0.000418813 0.000275855 0.00017311 0.000103315 5.85807e-05 3.154e-05 1.61224e-05 7.82552e-06 3.60785e-06 1.5806e-06 6.58343e-07 2.60842e-07 9.83647e-08 3.53249e-08 1.20862e-08 3.93621e-09 1.20077e-09 2.74318e-10 
0 1.12239e-09 3.94178e-09 1.22734e-08 3.62216e-08 1.01803e-07 2.72452e-07 6.93938e-07 1.68116e-06 3.87183e-06 8.4729e-06 1.76108e-05 3.47572e-05 6.5133e-05 0.000115919 0.000196063 0.000315549 0.000484214 0.000710553 0.00100118 0.00136158 0.00179831 0.00232181 0.00294847 0.00370061 0.00460371 0.00568197 0.00695388 0.0084296 0.0101108 0.0119922 0.0140633 0.0163086 0.0187073 0.0212313 0.0238436 0.026499 0.0291453 0.0317262 0.034184 0.0364627 0.0385092 0.040274 0.0417126 0.0427853 0.0434585 0.0437065 0.0435127 0.0428708 0.0417856 0.040273 0.038359 0.0360779 0.0334708 0.0305833 0.0274635 0.0241606 0.0207229 0.0171977 0.0136295 0.0100601 0.00652778 0.00306707 -0.000291545 -0.00352185 -0.00660203 -0.00951466 -0.0122467 -0.0147892 -0.0171372 -0.0192892 -0.021247 -0.0230149 -0.0245996 -0.0260094 -0.0272542 -0.0283447 -0.0292922 -0.0301084 -0.0308051 -0.0313936 -0.0318854 -0.0322911 -0.032621 -0.0328848 -0.0330913 -0.0332489 -0.0333653 -0.0334473 -0.0335014 -0.033533 -0.0335474 -0.0335489 -0.0335415 -0.0335285 -0.0335129 -0.0334969 -0.0334825 -0.0334711 -0.0334639 -0.0334615 -0.0334639 -0.0334711 -0.0334825 -0.0334969 -0.0335129 -0.0335285 -0.0335415 -0.0335489 -0.0335474 -0.033533 -0.0335014 -0.0334473 -0.0333653 -0.0332489 -0.0330913 -0.0328848 -0.032621 -0.0322911 -0.0318854 -0.0313936 -0.0308051 -0.0301084 -0.0292922 -0.0283447 -0.0272542 -0.0260094 -0.0245996 -0.0230149 -0.021247 -0.0192892 -0.0171372 -0.0147892 -0.0122467 -0.00951466 -0.00660203 -0.00352185 -0.000291545 0.00306707 0.00652778 0.0100601 0.0136295 0.0171977 0.0207229 0.0241606 0.0274635 0.0305833 0.0334708 0.0360779 0.038359 0.040273 0.0417856 0.0428708 0.0435127 0.0437065 0.0434585 0.0427853 0.0417126 0.040274 0.0385092 0.0364627 0.034184 0.0317262 0.0291453 0.026499 0.0238436 0.0212313 0.0187073 0.0163086 0.0140633 0.0119922 0.0101108 0.0084296 0.00695388 0.00568197 0.00460371 0.00370061 0.00294847 0.00232181 0.00179831 0.00136158 0.00100118 0.000710553 0.000484214 0.000315549 0.000196063 0.000115919 6.5133e-05 3.47572e-05 1.76108e-05 8.4729e-06 3.87183e-06 1.68116e-06 6.93938e-07 2.72452e-07 1.01802e-07 3.62163e-08 1.22552e-08 3.88237e-09 9.40303e-10 
0 3.55612e-09 1.20877e-08 3.62216e-08 1.02713e-07 2.77121e-07 7.11323e-07 1.73609e-06 4.02654e-06 8.86969e-06 1.85485e-05 3.68129e-05 6.9335e-05 0.000123959 0.000210523 0.000340108 0.00052385 0.000771807 0.00109265 0.0014948 0.001989 0.00259117 0.00332388 0.00421502 0.00529367 0.00658485 0.00810577 0.00986516 0.0118655 0.0141061 0.0165841 0.019293 0.0222185 0.0253334 0.0285958 0.0319493 0.0353271 0.0386567 0.0418656 0.0448842 0.0476476 0.0500956 0.0521729 0.0538287 0.0550181 0.0557036 0.0558578 0.055465 0.0545228 0.053042 0.0510466 0.0485713 0.0456602 0.0423641 0.0387381 0.0348402 0.0307287 0.0264615 0.0220947 0.0176816 0.0132717 0.00891069 0.00463938 0.000493567 -0.00349623 -0.00730483 -0.0109124 -0.0143042 -0.0174702 -0.0204051 -0.0231072 -0.0255786 -0.0278241 -0.0298513 -0.0316694 -0.0332893 -0.034723 -0.0359832 -0.037083 -0.0380358 -0.0388546 -0.0395523 -0.0401416 -0.0406342 -0.0410414 -0.041374 -0.0416418 -0.0418539 -0.0420187 -0.0421439 -0.0422364 -0.0423024 -0.0423473 -0.042376 -0.0423928 -0.0424011 -0.0424039 -0.0424036 -0.0424021 -0.0424007 -0.0424001 -0.0424007 -0.0424021 -0.0424036 -0.0424039 -0.0424011 -0.0423928 -0.042376 -0.0423473 -0.0423024 -0.0422364 -0.0421439 -0.0420187 -0.0418539 -0.0416418 -0.041374 -0.0410414 -0.0406342 -0.0401416 -0.0395523 -0.0388546 -0.0380358 -0.037083 -0.0359832 -0.034723 -0.0332893 -0.0316694 -0.0298513 -0.0278241 -0.0255786 -0.0231072 -0.0204051 -0.0174702 -0.0143042 -0.0109124 -0.00730483 -0.00349623 0.000493567 0.00463938 0.00891069 0.0132717 0.0176816 0.0220947 0.0264615 0.0307287 0.0348402 0.0387381 0.0423641 0.0456602 0.0485713 0.0510466 0.053042 0.0545228 0.055465 0.0558578 0.0557036 0.0550181 0.0538287 0.0521729 0.0500956 0.0476476 0.0448842 0.0418656 0.0386567 0.0353271 0.0319493 0.0285958 0.0253334 0.0222185 0.019293 0.0165841 0.0141061 0.0118655 0.00986516 0.00810577 0.00658485 0.00529367 0.00421502 0.00332388 0.00259117 0.001989 0.0014948 0.00109265 0.000771807 0.00052385 0.000340108 0.000210523 0.000123959 6.9335e-05 3.68129e-05 1.85485e-05 8.86969e-06 4.02654e-06 1.73609e-06 7.11322e-07 2.77116e-07 1.02696e-07 3.61662e-08 1.19169e-08 3.06675e-09 
0 1.07399e-08 3.53253e-08 1.01803e-07 2.77121e-07 7.16972e-07 1.76301e-06 4.11786e-06 9.13034e-06 1.92076e-05 3.83235e-05 7.25106e-05 0.000130128 0.000221659 0.000358896 0.000553672 0.000816755 0.00115777 0.00158684 0.00211772 0.00277103 0.00357535 0.00456473 0.00577302 0.00722751 0.00894527 0.0109338 0.0131951 0.0157297 0.0185378 0.0216164 0.0249533 0.0285221 0.0322794 0.0361664 0.0401122 0.0440396 0.0478689 0.0515209 0.0549185 0.0579876 0.0606581 0.0628663 0.0645568 0.065685 0.0662189 0.0661406 0.0654459 0.0641436 0.0622549 0.0598111 0.0568529 0.0534284 0.0495918 0.045402 0.040921 0.0362125 0.0313401 0.0263658 0.0213488 0.0163438 0.0114003 0.0065624 0.00186761 -0.00265259 -0.00697283 -0.0110735 -0.0149404 -0.018564 -0.0219393 -0.0250649 -0.0279428 -0.0305777 -0.0329768 -0.0351491 -0.0371049 -0.038856 -0.0404148 -0.0417945 -0.0430084 -0.0440697 -0.0449919 -0.0457878 -0.0464701 -0.0470506 -0.0475407 -0.0479512 -0.048292 -0.0485722 -0.0488004 -0.0489841 -0.0491303 -0.0492452 -0.0493342 -0.049402 -0.0494526 -0.0494895 -0.0495154 -0.0495324 -0.049542 -0.0495451 -0.049542 -0.0495324 -0.0495154 -0.0494895 -0.0494526 -0.049402 -0.0493342 -0.0492452 -0.0491303 -0.0489841 -0.0488004 -0.0485722 -0.048292 -0.0479512 -0.0475407 -0.0470506 -0.0464701 -0.0457878 -0.0449919 -0.0440697 -0.0430084 -0.0417945 -0.0404148 -0.038856 -0.0371049 -0.0351491 -0.0329768 -0.0305777 -0.0279428 -0.0250649 -0.0219393 -0.018564 -0.0149404 -0.0110735 -0.00697283 -0.00265259 0.00186761 0.0065624 0.0114003 0.0163438 0.0213488 0.0263658 0.0313401 0.0362125 0.040921 0.045402 0.0495918 0.0534284 0.0568529 0.0598111 0.0622549 0.0641436 0.0654459 0.0661406 0.0662189 0.065685 0.0645568 0.0628663 0.0606581 0.0579876 0.0549185 0.0515209 0.0478689 0.0440396 0.0401122 0.0361664 0.0322794 0.0285221 0.0249533 0.0216164 0.0185378 0.0157297 0.0131951 0.0109338 0.00894527 0.00722751 0.00577302 0.00456473 0.00357535 0.00277103 0.00211772 0.00158684 0.00115777 0.000816755 0.000553672 0.000358896 0.000221659 0.000130128 7.25106e-05 3.83235e-05 1.92076e-05 9.13034e-06 4.11786e-06 1.76301e-06 7.16957e-07 2.7707e-07 1.01646e-07 3.48735e-08 9.54954e-09 
0 3.09105e-08 9.83648e-08 2.72452e-07 7.11323e-07 1.76301e-06 4.14853e-06 9.26235e-06 1.96099e-05 3.93509e-05 7.48269e-05 0.000134846 0.000230452 0.000374027 0.000577918 0.000853299 0.00121027 0.00165996 0.00221823 0.00290926 0.00376642 0.00482874 0.00613399 0.00771165 0.00957966 0.0117464 0.0142158 0.0169912 0.0200749 0.0234637 0.0271417 0.0310769 0.0352205 0.0395108 0.0438772 0.0482447 0.0525351 0.0566678 0.0605596 0.0641264 0.067286 0.0699624 0.0720902 0.0736183 0.0745116 0.0747511 0.0743329 0.0732662 0.0715713 0.0692783 0.0664253 0.0630576 0.0592273 0.0549913 0.0504112 0.0455508 0.0404751 0.0352484 0.0299323 0.024585 0.0192599 0.0140045 0.00886082 0.00386453 -0.000954531 -0.00557224 -0.00996981 -0.0141333 -0.0180534 -0.0217245 -0.0251448 -0.0283153 -0.03124 -0.033925 -0.0363783 -0.0386093 -0.040629 -0.0424488 -0.0440811 -0.0455383 -0.0468333 -0.0479788 -0.0489872 -0.0498706 -0.0506407 -0.0513087 -0.051885 -0.0523796 -0.0528016 -0.0531594 -0.0534609 -0.0537129 -0.0539219 -0.0540935 -0.0542324 -0.0543429 -0.0544286 -0.0544923 -0.0545362 -0.054562 -0.0545704 -0.054562 -0.0545362 -0.0544923 -0.0544286 -0.0543429 -0.0542324 -0.0540935 -0.0539219 -0.0537129 -0.0534609 -0.0531594 -0.0528016 -0.0523796 -0.051885 -0.0513087 -0.0506407 -0.0498706 -0.0489872 -0.0479788 -0.0468333 -0.0455383 -0.0440811 -0.0424488 -0.040629 -0.0386093 -0.0363783 -0.033925 -0.03124 -0.0283153 -0.0251448 -0.0217245 -0.0180534 -0.0141333 -0.00996981 -0.00557224 -0.000954531 0.00386453 0.00886082 0.0140045 0.0192599 0.024585 0.0299323 0.0352484 0.0404751 0.0455508 0.0504112 0.0549913 0.0592273 0.0630576 0.0664253 0.0692783 0.0715713 0.0732662 0.0743329 0.0747511 0.0745116 0.0736183 0.0720902 0.0699624 0.067286 0.0641264 0.0605596 0.0566678 0.0525351 0.0482447 0.0438772 0.0395108 0.0352205 0.0310769 0.0271417 0.0234637 0.0200749 0.0169912 0.0142158 0.0117464 0.00957966 0.00771165 0.00613399 0.00482874 0.00376642 0.00290926 0.00221823 0.00165996 0.00121027 0.000853299 0.000577918 0.000374027 0.000230452 0.000134846 7.48269e-05 3.93509e-05 1.96099e-05 9.26235e-06 4.14852e-06 1.76297e-06 7.11181e-07 2.72042e-07 9.72863e-08 2.83874e-08 
0 8.47345e-08 2.60842e-07 6.93938e-07 1.73609e-06 4.11786e-06 9.26235e-06 1.97456e-05 3.98735e-05 7.62463e-05 0.000138067 0.000236891 0.000385651 0.000597172 0.000882978 0.00125353 0.0017207 0.00230204 0.00302467 0.00392575 0.00504804 0.00643176 0.00810727 0.0100928 0.0123983 0.0150311 0.0179994 0.021309 0.0249559 0.028919 0.033158 0.0376161 0.042226 0.0469157 0.0516108 0.0562344 0.0607055 0.0649388 0.0688466 0.0723424 0.0753472 0.0777932 0.0796276 0.0808138 0.0813311 0.0811731 0.0803468 0.0788704 0.0767728 0.0740919 0.0708741 0.067172 0.0630438 0.0585508 0.0537558 0.0487213 0.0435084 0.0381751 0.032776 0.0273613 0.0219769 0.016664 0.0114588 0.00639303 0.0014936 -0.00321715 -0.00772133 -0.0120053 -0.0160593 -0.0198774 -0.0234568 -0.0267977 -0.0299031 -0.0327777 -0.0354284 -0.0378633 -0.0400918 -0.0421239 -0.0439702 -0.045642 -0.0471502 -0.0485061 -0.0497207 -0.0508048 -0.0517688 -0.0526228 -0.0533762 -0.0540381 -0.0546168 -0.0551204 -0.0555559 -0.05593 -0.0562488 -0.0565175 -0.0567409 -0.0569231 -0.0570674 -0.0571768 -0.0572533 -0.0572987 -0.0573137 -0.0572987 -0.0572533 -0.0571768 -0.0570674 -0.0569231 -0.0567409 -0.0565175 -0.0562488 -0.05593 -0.0555559 -0.0551204 -0.0546168 -0.0540381 -0.0533762 -0.0526228 -0.0517688 -0.0508048 -0.0497207 -0.0485061 -0.0471502 -0.045642 -0.0439702 -0.0421239 -0.0400918 -0.0378633 -0.0354284 -0.0327777 -0.0299031 -0.0267977 -0.0234568 -0.0198774 -0.0160593 -0.0120053 -0.00772133 -0.00321715 0.0014936 0.00639303 0.0114588 0.016664 0.0219769 0.0273613 0.032776 0.0381751 0.0435084 0.0487213 0.0537558 0.0585508 0.0630438 0.067172 0.0708741 0.0740919 0.0767728 0.0788704 0.0803468 0.0811731 0.0813311 0.0808138 0.0796276 0.0777932 0.0753472 0.0723424 0.0688466 0.0649388 0.0607055 0.0562344 0.0516108 0.0469157 0.042226 0.0376161 0.033158 0.028919 0.0249559 0.021309 0.0179994 0.0150311 0.0123983 0.0100928 0.00810727 0.00643176 0.00504804 0.00392575 0.00302467 0.00230204 0.0017207 0.00125353 0.000882978 0.000597172 0.000385651 0.000236891 0.000138067 7.62463e-05 3.98734e-05 1.97456e-05 9.26231e-06 4.11774e-06 1.73573e-06 6.92979e-07 2.58617e-07 8.05282e-08 
0 2.21109e-07 6.58343e-07 1.68116e-06 4.02654e-06 9.13034e-06 1.96099e-05 3.98735e-05 7.67249e-05 0.000139703 0.000240828 0.000393561 0.000611214 0.000905681 0.00128777 0.00177005 0.00237159 0.00312208 0.00406203 0.00523715 0.00668912 0.00844812 0.0105319 0.0129513 0.0157175 0.0188437 0.0223386 0.0261972 0.0303932 0.0348788 0.0395909 0.044458 0.0494057 0.0543571 0.0592316 0.0639431 0.0684014 0.0725164 0.076203 0.0793867 0.082006 0.0840145 0.0853792 0.0860807 0.0861115 0.0854759 0.0841901 0.0822816 0.079789 0.0767598 0.0732489 0.0693155 0.0650211 0.0604268 0.0555919 0.0505724 0.045421 0.0401863 0.0349129 0.0296417 0.0244098 0.0192506 0.0141938 0.00926535 0.00448748 -0.0001212 -0.00454569 -0.00877441 -0.012799 -0.0166139 -0.0202164 -0.023606 -0.0267841 -0.029754 -0.0325203 -0.0350888 -0.0374663 -0.0396601 -0.0416785 -0.0435297 -0.0452225 -0.0467657 -0.0481681 -0.0494385 -0.0505856 -0.0516177 -0.0525429 -0.0533689 -0.0541031 -0.0547523 -0.0553231 -0.0558213 -0.0562524 -0.0566211 -0.0569319 -0.0571885 -0.0573941 -0.0575513 -0.0576621 -0.057728 -0.0577499 -0.057728 -0.0576621 -0.0575513 -0.0573941 -0.0571885 -0.0569319 -0.0566211 -0.0562524 -0.0558213 -0.0553231 -0.0547523 -0.0541031 -0.0533689 -0.0525429 -0.0516177 -0.0505856 -0.0494385 -0.0481681 -0.0467657 -0.0452225 -0.0435297 -0.0416785 -0.0396601 -0.0374663 -0.0350888 -0.0325203 -0.029754 -0.0267841 -0.023606 -0.0202164 -0.0166139 -0.012799 -0.00877441 -0.00454569 -0.0001212 0.00448748 0.00926535 0.0141938 0.0192506 0.0244098 0.0296417 0.0349129 0.0401863 0.045421 0.0505724 0.0555919 0.0604268 0.0650211 0.0693155 0.0732489 0.0767598 0.079789 0.0822816 0.0841901 0.0854759 0.0861115 0.0860807 0.0853792 0.0840145 0.082006 0.0793867 0.076203 0.0725164 0.0684014 0.0639431 0.0592316 0.0543571 0.0494057 0.044458 0.0395909 0.0348788 0.0303932 0.0261972 0.0223386 0.0188437 0.0157175 0.0129513 0.0105319 0.00844812 0.00668912 0.00523715 0.00406203 0.00312208 0.00237159 0.00177005 0.00128777 0.000905681 0.000611214 0.000393561 0.000240828 0.000139703 7.67249e-05 3.98734e-05 1.96098e-05 9.13002e-06 4.0257e-06 1.67923e-06 6.54838e-07 2.17912e-07 
0 5.48886e-07 1.5806e-06 3.87183e-06 8.86969e-06 1.92076e-05 3.93509e-05 7.62463e-05 0.000139703 0.000242153 0.000397567 0.000619763 0.000921053 0.00131262 0.00180768 0.00242666 0.00320165 0.00417617 0.00539853 0.00691148 0.00874456 0.0109146 0.0134335 0.0163156 0.019578 0.0232314 0.0272676 0.0316544 0.0363378 0.0412508 0.0463209 0.0514723 0.0566246 0.0616901 0.0665738 0.0711783 0.0754101 0.079186 0.0824378 0.0851127 0.0871723 0.088591 0.0893542 0.0894584 0.0889115 0.087733 0.0859541 0.0836162 0.0807687 0.0774668 0.0737682 0.0697311 0.0654122 0.060866 0.0561433 0.0512916 0.0463548 0.0413727 0.0363818 0.0314145 0.0264996 0.0216621 0.0169237 0.0123027 0.00781434 0.00347102 -0.000717175 -0.00474236 -0.00859856 -0.0122815 -0.0157882 -0.0191174 -0.0222686 -0.0252428 -0.0280418 -0.0306683 -0.0331259 -0.0354189 -0.0375523 -0.0395314 -0.0413621 -0.0430507 -0.0446034 -0.0460268 -0.0473274 -0.0485118 -0.0495863 -0.0505572 -0.0514303 -0.0522114 -0.0529058 -0.0535185 -0.054054 -0.0545166 -0.0549098 -0.055237 -0.0555009 -0.0557038 -0.0558474 -0.0559331 -0.0559616 -0.0559331 -0.0558474 -0.0557038 -0.0555009 -0.055237 -0.0549098 -0.0545166 -0.054054 -0.0535185 -0.0529058 -0.0522114 -0.0514303 -0.0505572 -0.0495863 -0.0485118 -0.0473274 -0.0460268 -0.0446034 -0.0430507 -0.0413621 -0.0395314 -0.0375523 -0.0354189 -0.0331259 -0.0306683 -0.0280418 -0.0252428 -0.0222686 -0.0191174 -0.0157882 -0.0122815 -0.00859856 -0.00474236 -0.000717175 0.00347102 0.00781434 0.0123027 0.0169237 0.0216621 0.0264996 0.0314145 0.0363818 0.0413727 0.0463548 0.0512916 0.0561433 0.060866 0.0654122 0.0697311 0.0737682 0.0774668 0.0807687 0.0836162 0.0859541 0.087733 0.0889115 0.0894584 0.0893542 0.088591 0.0871723 0.0851127 0.0824378 0.079186 0.0754101 0.0711783 0.0665738 0.0616901 0.0566246 0.0514723 0.0463209 0.0412508 0.0363378 0.0316544 0.0272676 0.0232314 0.019578 0.0163156 0.0134335 0.0109146 0.00874456 0.00691148 0.00539853 0.00417617 0.00320165 0.00242666 0.00180768 0.00131262 0.000921053 0.000619763 0.000397567 0.000242153 0.000139703 7.62462e-05 3.93506e-05 1.92069e-05 8.86806e-06 3.86899e-06 1.57876e-06 5.62292e-07 
0 1.29546e-06 3.60785e-06 8.4729e-06 1.85485e-05 3.83235e-05 7.48269e-05 0.000138067 0.000240828 0.000397567 0.000622634 0.000928811 0.0013277 0.00183308 0.00246659 0.00326244 0.00426694 0.00553084 0.00709787 0.00899697 0.0112442 0.0138524 0.0168392 0.020225 0.02402 0.0282117 0.0327604 0.0376068 0.0426817 0.047913 0.0532238 0.0585289 0.0637325 0.0687306 0.0734197 0.0777044 0.0815045 0.0847563 0.0874126 0.0894398 0.0908173 0.0915365 0.0916018 0.0910307 0.0898535 0.0881111 0.0858524 0.083131 0.0800023 0.0765216 0.0727423 0.0687155 0.0644897 0.0601104 0.0556201 0.0510578 0.0464587 0.0418542 0.0372712 0.0327329 0.0282582 0.0238627 0.0195591 0.0153577 0.0112668 0.00729343 0.00344333 -0.000278499 -0.00386781 -0.00732099 -0.0106351 -0.0138078 -0.0168374 -0.019723 -0.0224642 -0.0250616 -0.0275161 -0.0298294 -0.0320039 -0.0340421 -0.0359475 -0.0377234 -0.0393738 -0.0409028 -0.0423146 -0.0436135 -0.0448038 -0.04589 -0.0468762 -0.0477666 -0.0485651 -0.0492755 -0.0499012 -0.0504455 -0.0509111 -0.0513006 -0.0516163 -0.05186 -0.052033 -0.0521364 -0.0521708 -0.0521364 -0.052033 -0.05186 -0.0516163 -0.0513006 -0.0509111 -0.0504455 -0.0499012 -0.0492755 -0.0485651 -0.0477666 -0.0468762 -0.04589 -0.0448038 -0.0436135 -0.0423146 -0.0409028 -0.0393738 -0.0377234 -0.0359475 -0.0340421 -0.0320039 -0.0298294 -0.0275161 -0.0250616 -0.0224642 -0.019723 -0.0168374 -0.0138078 -0.0106351 -0.00732099 -0.00386781 -0.000278499 0.00344333 0.00729343 0.0112668 0.0153577 0.0195591 0.0238627 0.0282582 0.0327329 0.0372712 0.0418542 0.0464587 0.0510578 0.0556201 0.0601104 0.0644897 0.0687155 0.0727423 0.0765216 0.0800023 0.083131 0.0858524 0.0881111 0.0898535 0.0910307 0.0916018 0.0915365 0.0908173 0.0894398 0.0874126 0.0847563 0.0815045 0.0777044 0.0734197 0.0687306 0.0637325 0.0585289 0.0532238 0.047913 0.0426817 0.0376068 0.0327604 0.0282117 0.02402 0.020225 0.0168392 0.0138524 0.0112442 0.00899697 0.00709787 0.00553084 0.00426694 0.00326244 0.00246659 0.00183308 0.0013277 0.000928811 0.000622634 0.000397567 0.000240828 0.000138067 7.48263e-05 3.83221e-05 1.85462e-05 8.47223e-06 3.62305e-06 1.38305e-06 
0 2.90519e-06 7.82552e-06 1.76108e-05 3.68129e-05 7.25106e-05 0.000134846 0.000236891 0.000393561 0.000619763 0.000928811 0.00133275 0.00184587 0.00249079 0.00330353 0.00433292 0.00563209 0.00724589 0.00920293 0.0115188 0.0142075 0.0172899 0.020789 0.0247137 0.0290454 0.0337371 0.0387244 0.0439373 0.0493033 0.0547432 0.0601647 0.0654626 0.0705259 0.0752482 0.0795359 0.0833126 0.0865182 0.0891075 0.0910483 0.0923224 0.0929271 0.0928762 0.0921994 0.09094 0.0891505 0.0868887 0.0842137 0.0811835 0.0778535 0.0742756 0.0704986 0.0665679 0.062525 0.0584075 0.0542485 0.0500764 0.0459149 0.0417832 0.0376965 0.0336666 0.0297027 0.0258119 0.0220001 0.0182719 0.0146317 0.011083 0.00762934 0.00427385 0.00101945 -0.00213119 -0.00517565 -0.00811178 -0.0109377 -0.0136519 -0.016253 -0.0187402 -0.0211128 -0.0233705 -0.0255134 -0.0275418 -0.0294565 -0.0312585 -0.0329492 -0.0345302 -0.0360034 -0.0373707 -0.0386345 -0.0397972 -0.040861 -0.0418285 -0.0427022 -0.0434844 -0.0441774 -0.0447833 -0.0453041 -0.0457417 -0.0460975 -0.0463729 -0.0465688 -0.0466861 -0.0467251 -0.0466861 -0.0465688 -0.0463729 -0.0460975 -0.0457417 -0.0453041 -0.0447833 -0.0441774 -0.0434844 -0.0427022 -0.0418285 -0.040861 -0.0397972 -0.0386345 -0.0373707 -0.0360034 -0.0345302 -0.0329492 -0.0312585 -0.0294565 -0.0275418 -0.0255134 -0.0233705 -0.0211128 -0.0187402 -0.016253 -0.0136519 -0.0109377 -0.00811178 -0.00517565 -0.00213119 0.00101945 0.00427385 0.00762934 0.011083 0.0146317 0.0182719 0.0220001 0.0258119 0.0297027 0.0336666 0.0376965 0.0417832 0.0459149 0.0500764 0.0542485 0.0584075 0.062525 0.0665679 0.0704986 0.0742756 0.0778535 0.0811835 0.0842137 0.0868887 0.0891505 0.09094 0.0921994 0.0928762 0.0929271 0.0923224 0.0910483 0.0891075 0.0865182 0.0833126 0.0795359 0.0752482 0.0705259 0.0654626 0.0601647 0.0547432 0.0493033 0.0439373 0.0387244 0.0337371 0.0290454 0.0247137 0.020789 0.0172899 0.0142075 0.0115188 0.00920293 0.00724589 0.00563209 0.00433292 0.00330353 0.00249079 0.00184587 0.00133275 0.000928811 0.000619763 0.000393561 0.000236891 0.000134845 7.25089e-05 3.68132e-05 1.76271e-05 7.91248e-06 3.2417e-06 
0 6.18712e-06 1.61224e-05 3.47572e-05 6.9335e-05 0.000130128 0.000230452 0.000385651 0.000611214 0.000921053 0.0013277 0.00184587 0.0024989 0.00332425 0.00437298 0.00570059 0.0073533 0.00935982 0.0117355 0.0144959 0.0176648 0.0212674 0.0253109 0.0297701 0.0345909 0.0397048 0.0450417 0.0505282 0.0560794 0.0615935 0.0669556 0.0720496 0.076769 0.0810243 0.0847427 0.0878662 0.0903496 0.0921615 0.0932874 0.0937323 0.0935204 0.0926933 0.0913048 0.089416 0.087091 0.0843936 0.0813857 0.0781263 0.074671 0.071071 0.0673724 0.0636153 0.0598335 0.0560537 0.0522964 0.0485765 0.0449044 0.041287 0.0377287 0.0342326 0.0308006 0.0274342 0.0241346 0.0209029 0.01774 0.0146468 0.0116244 0.00867372 0.00579587 0.00299219 0.000264193 -0.00238641 -0.00495768 -0.00744757 -0.00985391 -0.0121745 -0.0144072 -0.01655 -0.0186011 -0.0205589 -0.0224221 -0.0241896 -0.0258609 -0.0274356 -0.0289136 -0.030295 -0.0315805 -0.0327707 -0.0338664 -0.0348687 -0.0357786 -0.0365974 -0.037326 -0.0379658 -0.0385178 -0.0389831 -0.0393624 -0.0396566 -0.0398663 -0.0399919 -0.0400337 -0.0399919 -0.0398663 -0.0396566 -0.0393624 -0.0389831 -0.0385178 -0.0379658 -0.037326 -0.0365974 -0.0357786 -0.0348687 -0.0338664 -0.0327707 -0.0315805 -0.030295 -0.0289136 -0.0274356 -0.0258609 -0.0241896 -0.0224221 -0.0205589 -0.0186011 -0.01655 -0.0144072 -0.0121745 -0.00985391 -0.00744757 -0.00495768 -0.00238641 0.000264193 0.00299219 0.00579587 0.00867372 0.0116244 0.0146468 0.01774 0.0209029 0.0241346 0.0274342 0.0308006 0.0342326 0.0377287 0.041287 0.0449044 0.0485765 0.0522964 0.0560537 0.0598335 0.0636153 0.0673724 0.071071 0.074671 0.0781263 0.0813857 0.0843936 0.087091 0.089416 0.0913048 0.0926933 0.0935204 0.0937323 0.0932874 0.0921615 0.0903496 0.0878662 0.0847427 0.0810243 0.076769 0.0720496 0.0669556 0.0615935 0.0560794 0.0505282 0.0450417 0.0397048 0.0345909 0.0297701 0.0253109 0.0212674 0.0176648 0.0144959 0.0117355 0.00935982 0.0073533 0.00570059 0.00437298 0.00332425 0.0024989 0.00184587 0.0013277 0.000921053 0.000611214 0.00038565 0.000230451 0.000130129 6.93517e-05 3.48415e-05 1.64439e-05 7.2387e-06 
0 1.2507e-05 3.154e-05 6.5133e-05 0.000123959 0.000221659 0.000374027 0.000597172 0.000905681 0.00131262 0.00183308 0.00249079 0.00332425 0.00438642 0.00573513 0.00741843 0.00946558 0.0118921 0.0147148 0.0179605 0.0216562 0.0258072 0.0303821 0.0353201 0.0405503 0.0460024 0.0516011 0.0572535 0.062846 0.0682549 0.0733606 0.0780589 0.0822634 0.085903 0.088919 0.0912657 0.0929146 0.0938585 0.0941128 0.0937135 0.092712 0.0911692 0.089151 0.0867251 0.0839592 0.0809202 0.0776728 0.0742779 0.0707906 0.067259 0.063722 0.06021 0.0567448 0.0533407 0.0500063 0.0467458 0.0435603 0.0404489 0.0374093 0.0344384 0.0315328 0.0286886 0.0259022 0.02317 0.0204891 0.017857 0.015272 0.0127333 0.0102408 0.00779532 0.0053984 0.00305215 0.000759191 -0.00147753 -0.00365484 -0.0057695 -0.00781827 -0.00979802 -0.0117058 -0.0135388 -0.0152947 -0.0169711 -0.0185662 -0.0200784 -0.0215063 -0.0228488 -0.0241051 -0.0252745 -0.0263568 -0.0273517 -0.028259 -0.0290789 -0.0298115 -0.0304571 -0.0310158 -0.0314879 -0.0318738 -0.0321736 -0.0323876 -0.032516 -0.0325587 -0.032516 -0.0323876 -0.0321736 -0.0318738 -0.0314879 -0.0310158 -0.0304571 -0.0298115 -0.0290789 -0.028259 -0.0273517 -0.0263568 -0.0252745 -0.0241051 -0.0228488 -0.0215063 -0.0200784 -0.0185662 -0.0169711 -0.0152947 -0.0135388 -0.0117058 -0.00979802 -0.00781827 -0.0057695 -0.00365484 -0.00147753 0.000759191 0.00305215 0.0053984 0.00779532 0.0102408 0.0127333 0.015272 0.017857 0.0204891 0.02317 0.0259022 0.0286886 0.0315328 0.0344384 0.0374093 0.0404489 0.0435603 0.0467458 0.0500063 0.0533407 0.0567448 0.06021 0.063722 0.067259 0.0707906 0.0742779 0.0776728 0.0809202 0.0839592 0.0867251 0.089151 0.0911692 0.092712 0.0937135 0.0941128 0.0938585 0.0929146 0.0912657 0.088919 0.085903 0.0822634 0.0780589 0.0733606 0.0682549 0.062846 0.0572535 0.0516011 0.0460024 0.0405503 0.0353201 0.0303821 0.0258072 0.0216562 0.0179605 0.0147148 0.0118921 0.00946558 0.00741843 0.00573513 0.00438642 0.00332425 0.00249079 0.00183308 0.00131262 0.000905681 0.000597171 0.000374028 0.000221676 0.000124039 6.54342e-05 3.25243e-05 1.5397e-05 
0 2.39886e-05 5.85807e-05 0.000115919 0.000210523 0.000358896 0.000577918 0.000882978 0.00128777 0.00180768 0.00246659 0.00330353 0.00437298 0.00573513 0.00744025 0.0095188 0.0119868 0.014862 0.0181739 0.0219515 0.0261982 0.030877 0.0359215 0.0412591 0.0468199 0.052525 0.0582715 0.0639339 0.0693807 0.0744916 0.0791645 0.083314 0.0868671 0.0897622 0.0919539 0.0934194 0.0941619 0.0942091 0.0936075 0.0924158 0.0906998 0.0885288 0.0859747 0.0831108 0.08001 0.0767427 0.0733736 0.0699594 0.0665468 0.0631725 0.0598635 0.0566382 0.0535083 0.05048 0.0475553 0.0447327 0.042008 0.0393749 0.0368255 0.0343507 0.0319414 0.0295883 0.0272831 0.0250186 0.0227889 0.0205896 0.0184181 0.0162728 0.0141536 0.0120613 0.00999765 0.00796499 0.00596611 0.00400415 0.00208246 0.000204489 -0.00162626 -0.0034063 -0.00513223 -0.00680075 -0.0084087 -0.0099531 -0.0114312 -0.0128404 -0.0141783 -0.0154429 -0.0166322 -0.0177447 -0.0187789 -0.0197336 -0.0206077 -0.0214004 -0.0221111 -0.0227391 -0.023284 -0.0237456 -0.0241235 -0.0244176 -0.0246278 -0.0247539 -0.0247959 -0.0247539 -0.0246278 -0.0244176 -0.0241235 -0.0237456 -0.023284 -0.0227391 -0.0221111 -0.0214004 -0.0206077 -0.0197336 -0.0187789 -0.0177447 -0.0166322 -0.0154429 -0.0141783 -0.0128404 -0.0114312 -0.0099531 -0.0084087 -0.00680075 -0.00513223 -0.0034063 -0.00162626 0.000204489 0.00208246 0.00400415 0.00596611 0.00796499 0.00999765 0.0120613 0.0141536 0.0162728 0.0184181 0.0205896 0.0227889 0.0250186 0.0272831 0.0295883 0.0319414 0.0343507 0.0368255 0.0393749 0.042008 0.0447327 0.0475553 0.05048 0.0535083 0.0566382 0.0598635 0.0631725 0.0665468 0.0699594 0.0733736 0.0767427 0.08001 0.0831108 0.0859747 0.0885288 0.0906998 0.0924158 0.0936075 0.0942091 0.0941619 0.0934194 0.0919539 0.0897622 0.0868671 0.083314 0.0791645 0.0744916 0.0693807 0.0639339 0.0582715 0.052525 0.0468199 0.0412591 0.0359215 0.030877 0.0261982 0.0219515 0.0181739 0.014862 0.0119868 0.0095188 0.00744025 0.00573513 0.00437298 0.00330353 0.00246659 0.00180768 0.00128777 0.00088298 0.000577934 0.000358969 0.000210799 0.000116824 6.12489e-05 3.11953e-05 
0 4.36475e-05 0.000103315 0.000196063 0.000340108 0.000553672 0.000853299 0.00125353 0.00177005 0.00242666 0.00326244 0.00433292 0.00570059 0.00741843 0.0095188 0.0120184 0.014936 0.0183029 0.0221501 0.02648 0.0312512 0.0363922 0.0418291 0.0474924 0.0532987 0.0591341 0.064861 0.0703427 0.0754598 0.0801115 0.0842101 0.0876772 0.090448 0.0924794 0.0937572 0.0942963 0.0941346 0.0933262 0.0919347 0.0900298 0.0876866 0.0849842 0.0820036 0.0788244 0.0755207 0.0721579 0.0687905 0.0654621 0.0622059 0.0590462 0.0560005 0.0530797 0.0502896 0.0476312 0.0451012 0.0426927 0.0403956 0.038198 0.0360868 0.0340489 0.0320718 0.0301442 0.0282564 0.0264004 0.0245698 0.0227599 0.0209672 0.0191898 0.0174264 0.0156771 0.0139426 0.0122243 0.0105242 0.0088448 0.00718917 0.00556058 0.00396257 0.00239885 0.000873211 -0.000610538 -0.00204866 -0.00343753 -0.00477367 -0.00605381 -0.00727487 -0.00843404 -0.00952872 -0.0105566 -0.0115155 -0.0124036 -0.0132193 -0.0139611 -0.0146278 -0.0152184 -0.0157318 -0.0161674 -0.0165246 -0.0168029 -0.0170019 -0.0171215 -0.0171613 -0.0171215 -0.0170019 -0.0168029 -0.0165246 -0.0161674 -0.0157318 -0.0152184 -0.0146278 -0.0139611 -0.0132193 -0.0124036 -0.0115155 -0.0105566 -0.00952872 -0.00843404 -0.00727487 -0.00605381 -0.00477367 -0.00343753 -0.00204866 -0.000610538 0.000873211 0.00239885 0.00396257 0.00556058 0.00718917 0.0088448 0.0105242 0.0122243 0.0139426 0.0156771 0.0174264 0.0191898 0.0209672 0.0227599 0.0245698 0.0264004 0.0282564 0.0301442 0.0320718 0.0340489 0.0360868 0.038198 0.0403956 0.0426927 0.0451012 0.0476312 0.0502896 0.0530797 0.0560005 0.0590462 0.0622059 0.0654621 0.0687905 0.0721579 0.0755207 0.0788244 0.0820036 0.0849842 0.0876866 0.0900298 0.0919347 0.0933262 0.0941346 0.0942963 0.0937572 0.0924794 0.090448 0.0876772 0.0842101 0.0801115 0.0754598 0.0703427 0.064861 0.0591341 0.0532987 0.0474924 0.0418291 0.0363922 0.0312512 0.02648 0.0221501 0.0183029 0.014936 0.0120184 0.0095188 0.00741843 0.00570059 0.00433292 0.00326244 0.00242666 0.00177006 0.00125354 0.000853366 0.000553921 0.000340925 0.000198486 0.000109904 6.0213e-05 
0 7.53444e-05 0.00017311 0.000315549 0.00052385 0.000816755 0.00121027 0.0017207 0.00237159 0.00320165 0.00426694 0.00563209 0.0073533 0.00946558 0.0119868 0.014936 0.018346 0.0222499 0.0266502 0.031502 0.0367298 0.0422583 0.0480179 0.0539204 0.0598403 0.0656291 0.0711466 0.0762756 0.0809146 0.0849697 0.0883557 0.0910061 0.0928831 0.0939824 0.0943288 0.0939674 0.0929558 0.0913615 0.0892602 0.0867353 0.0838758 0.0807708 0.0775047 0.0741527 0.0707782 0.0674328 0.0641573 0.0609832 0.0579343 0.0550275 0.052273 0.049675 0.0472316 0.0449362 0.0427785 0.0407453 0.0388224 0.0369952 0.0352499 0.0335734 0.031954 0.0303811 0.0288457 0.0273396 0.025856 0.0243891 0.0229341 0.0214876 0.0200472 0.0186114 0.0171801 0.0157539 0.0143343 0.0129235 0.0115244 0.0101402 0.00877438 0.00743082 0.00611336 0.00482592 0.00357234 0.00235639 0.00118171 5.17456e-05 -0.00103023 -0.00206113 -0.0030381 -0.0039585 -0.0048199 -0.00562006 -0.00635701 -0.00702892 -0.00763421 -0.00817146 -0.00863946 -0.00903718 -0.00936374 -0.00961845 -0.00980076 -0.0099103 -0.00994683 -0.0099103 -0.00980076 -0.00961845 -0.00936374 -0.00903718 -0.00863946 -0.00817146 -0.00763421 -0.00702892 -0.00635701 -0.00562006 -0.0048199 -0.0039585 -0.0030381 -0.00206113 -0.00103023 5.17456e-05 0.00118171 0.00235639 0.00357234 0.00482592 0.00611336 0.00743082 0.00877438 0.0101402 0.0115244 0.0129235 0.0143343 0.0157539 0.0171801 0.0186114 0.0200472 0.0214876 0.0229341 0.0243891 0.025856 0.0273396 0.0288457 0.0303811 0.031954 0.0335734 0.0352499 0.0369952 0.0388224 0.0407453 0.0427785 0.0449362 0.0472316 0.049675 0.052273 0.0550275 0.0579343 0.0609832 0.0641573 0.0674328 0.0707782 0.0741527 0.0775047 0.0807708 0.0838758 0.0867353 0.0892602 0.0913615 0.0929558 0.0939674 0.0943288 0.0939824 0.0928831 0.0910061 0.0883557 0.0849697 0.0809146 0.0762756 0.0711466 0.0656291 0.0598403 0.0539204 0.0480179 0.0422583 0.0367298 0.031502 0.0266502 0.0222499 0.018346 0.014936 0.0119868 0.00946558 0.0073533 0.00563209 0.00426694 0.00320165 0.0023716 0.00172076 0.00121049 0.00081748 0.000526013 0.000321475 0.000188142 0.000110768 
0 0.000123451 0.000275855 0.000484214 0.000771807 0.00115777 0.00165996 0.00230204 0.00312208 0.00417617 0.00553084 0.00724589 0.00935982 0.0118921 0.014862 0.0183029 0.0222499 0.0267071 0.0316278 0.0369329 0.0425453 0.0483947 0.0543883 0.0603895 0.0662399 0.0717972 0.0769463 0.0815828 0.0856033 0.088916 0.0914555 0.093192 0.0941301 0.0943016 0.0937541 0.0925476 0.0907545 0.0884596 0.0857568 0.0827444 0.0795172 0.076161 0.0727498 0.0693452 0.0659977 0.0627482 0.059629 0.056664 0.0538688 0.0512506 0.0488094 0.0465389 0.0444286 0.0424651 0.040634 0.0389207 0.0373113 0.0357922 0.0343511 0.032976 0.0316558 0.0303802 0.0291394 0.0279249 0.0267292 0.0255461 0.0243705 0.0231989 0.0220288 0.0208589 0.0196889 0.0185193 0.0173514 0.0161871 0.0150285 0.0138783 0.0127394 0.0116148 0.0105079 0.00942186 0.00836011 0.00732599 0.00632286 0.005354 0.00442258 0.0035317 0.00268427 0.0018831 0.00113078 0.000429754 -0.000217754 -0.000809677 -0.00134419 -0.00181964 -0.00223459 -0.00258777 -0.00287817 -0.0031049 -0.00326733 -0.00336497 -0.00339756 -0.00336497 -0.00326733 -0.0031049 -0.00287817 -0.00258777 -0.00223459 -0.00181964 -0.00134419 -0.000809677 -0.000217754 0.000429754 0.00113078 0.0018831 0.00268427 0.0035317 0.00442258 0.005354 0.00632286 0.00732599 0.00836011 0.00942186 0.0105079 0.0116148 0.0127394 0.0138783 0.0150285 0.0161871 0.0173514 0.0185193 0.0196889 0.0208589 0.0220288 0.0231989 0.0243705 0.0255461 0.0267292 0.0279249 0.0291394 0.0303802 0.0316558 0.032976 0.0343511 0.0357922 0.0373113 0.0389207 0.040634 0.0424651 0.0444286 0.0465389 0.0488094 0.0512506 0.0538688 0.056664 0.059629 0.0627482 0.0659977 0.0693452 0.0727498 0.076161 0.0795172 0.0827444 0.0857568 0.0884596 0.0907545 0.0925476 0.0937541 0.0943016 0.0941301 0.093192 0.0914555 0.088916 0.0856033 0.0815828 0.0769463 0.0717972 0.0662399 0.0603895 0.0543883 0.0483947 0.0425453 0.0369329 0.0316278 0.0267071 0.0222499 0.0183029 0.014862 0.0118921 0.00935982 0.00724589 0.00553084 0.00417618 0.00312213 0.00230223 0.00166059 0.00115967 0.000777054 0.000497645 0.000307824 0.000194347 
0 0.000192205 0.000418813 0.000710553 0.00109265 0.00158684 0.00221823 0.00302467 0.00406203 0.00539853 0.00709787 0.00920293 0.0117355 0.0147148 0.0181739 0.0221501 0.0266502 0.0316278 0.0370007 0.042689 0.0486214 0.0547009 0.0607816 0.0666955 0.0722987 0.0774775 0.0821224 0.0861185 0.0893683 0.0918113 0.0934264 0.0942246 0.0942397 0.0935205 0.0921299 0.0901485 0.0876726 0.0848062 0.0816534 0.0783111 0.0748639 0.0713849 0.0679363 0.0645706 0.0613307 0.0582499 0.0553503 0.052644 0.0501334 0.0478137 0.0456752 0.043705 0.0418892 0.0402136 0.0386638 0.037226 0.0358866 0.034632 0.0334491 0.0323257 0.0312501 0.0302123 0.0292033 0.0282157 0.0272434 0.0262816 0.0253268 0.0243762 0.0234279 0.0224809 0.0215343 0.0205882 0.0196429 0.0186991 0.0177582 0.0168215 0.0158912 0.0149693 0.0140585 0.0131613 0.0122807 0.0114197 0.0105812 0.0097683 0.00898409 0.00823144 0.00751326 0.00683224 0.006191 0.00559195 0.00503735 0.00452928 0.00406961 0.00366005 0.00330207 0.00299699 0.00274587 0.00254964 0.00240897 0.00232438 0.00229614 0.00232438 0.00240897 0.00254964 0.00274587 0.00299699 0.00330207 0.00366005 0.00406961 0.00452928 0.00503735 0.00559195 0.006191 0.00683224 0.00751326 0.00823144 0.00898409 0.0097683 0.0105812 0.0114197 0.0122807 0.0131613 0.0140585 0.0149693 0.0158912 0.0168215 0.0177582 0.0186991 0.0196429 0.0205882 0.0215343 0.0224809 0.0234279 0.0243762 0.0253268 0.0262816 0.0272434 0.0282157 0.0292033 0.0302123 0.0312501 0.0323257 0.0334491 0.034632 0.0358866 0.037226 0.0386638 0.0402136 0.0418892 0.043705 0.0456752 0.0478137 0.0501334 0.052644 0.0553503 0.0582499 0.0613307 0.0645706 0.0679363 0.0713849 0.0748639 0.0783111 0.0816534 0.0848062 0.0876726 0.0901485 0.0921299 0.0935205 0.0942397 0.0942246 0.0934264 0.0918113 0.0893683 0.0861185 0.0821224 0.0774775 0.0722987 0.0666955 0.0607816 0.0547009 0.0486214 0.042689 0.0370007 0.0316278 0.0266502 0.0221501 0.0181739 0.0147148 0.0117355 0.00920293 0.00709788 0.00539857 0.0040622 0.00302521 0.00221987 0.00159141 0.00110446 0.000738977 0.000482551 0.00032559 
