0 0 0 0 0 0 0 0 0 0 0 0 0 0 0 0 0 0 0 0 0 0 0 0 0 0 0 0 0 0 0 0 0 0 0 0 0 0 0 0 0 0 0 0 0 0 0 0 0 0 0 0 0 0 0 0 0 0 0 0 0 0 0 0 0 0 0 0 0 0 0 0 0 0 0 0 0 0 0 0 0 0 0 0 0 0 0 0 0 0 0 0 0 0 0 0 0 0 0 0 0 0 0 0 0 0 0 0 0 0 0 0 0 0 0 0 0 0 0 0 0 0 0 0 0 0 0 0 0 0 0 0 0 0 0 0 0 0 0 0 0 0 0 0 0 0 0 0 0 0 0 0 0 0 0 0 0 0 0 0 0 0 0 0 0 0 0 0 0 0 0 0 0 0 0 0 0 0 0 0 0 0 0 0 0 0 0 0 0 0 0 0 0 0 0 0 0 0 0 0 
0 4.62441e-07 1.27851e-06 2.97967e-06 6.48369e-06 1.33436e-05 2.60041e-05 4.79686e-05 8.37247e-05 0.000138274 0.000216239 0.000320794 0.000453 0.000612294 0.000798557 0.0010153 0.00127241 0.0015864 0.00197677 0.00245954 0.00304082 0.00371423 0.00446401 0.00527218 0.00612534 0.00701706 0.00794434 0.00890045 0.00986855 0.0108197 0.0117161 0.0125184 0.0131921 0.013712 0.0140619 0.0142327 0.0142181 0.0140125 0.0136112 0.0130122 0.0122184 0.0112403 0.0100966 0.00881307 0.00742059 0.00595199 0.00443953 0.00291297 0.00139851 -8.13293e-05 -0.00150738 -0.00286328 -0.00413503 -0.00531076 -0.00638082 -0.00733793 -0.00817753 -0.00889785 -0.00950002 -0.00998783 -0.0103674 -0.0106467 -0.0108348 -0.0109418 -0.0109776 -0.0109522 -0.010875 -0.0107546 -0.0105988 -0.0104148 -0.0102086 -0.00998582 -0.00975106 -0.00950848 -0.00926164 -0.00901362 -0.00876705 -0.0085242 -0.00828696 -0.0080569 -0.00783534 -0.00762329 -0.00742156 -0.00723075 -0.00705128 -0.00688342 -0.0067273 -0.00658297 -0.00645036 -0.00632937 -0.00621985 -0.00612159 -0.0060344 -0.00595807 -0.00589239 -0.00583717 -0.00579224 -0.00575745 -0.00573269 -0.00571787 -0.00571294 -0.00571787 -0.00573269 -0.00575745 -0.00579224 -0.00583717 -0.00589239 -0.00595807 -0.0060344 -0.00612159 -0.00621985 -0.00632937 -0.00645036 -0.00658297 -0.0067273 -0.00688342 -0.00705128 -0.00723075 -0.00742156 -0.00762329 -0.00783534 -0.0080569 -0.00828696 -0.0085242 -0.00876705 -0.00901362 -0.00926164 -0.00950848 -0.00975106 -0.00998582 -0.0102086 -0.0104148 -0.0105988 -0.0107546 -0.010875 -0.0109522 -0.0109776 -0.0109418 -0.0108348 -0.0106467 -0.0103674 -0.00998783 -0.00950002 -0.00889785 -0.00817753 -0.00733793 -0.00638082 -0.00531076 -0.00413503 -0.00286328 -0.00150738 -8.13293e-05 0.00139851 0.00291297 0.00443953 0.00595199 0.00742059 0.00881307 0.0100966 0.0112403 0.0122184 0.0130122 0.0136112 0.0140125 0.0142181 0.0142327 0.0140619 0.013712 0.0131921 0.0125184 0.0117161 0.0108197 0.00986855 0.00890045 0.00794434 0.00701706 0.00612534 0.00527218 0.00446401 0.00371423 0.00304082 0.00245954 0.00197677 0.0015864 0.00127241 0.0010153 0.000798557 0.000612294 0.000453 0.000320794 0.000216239 0.000138274 8.37247e-05 4.79685e-05 2.60037e-05 1.33428e-05 6.48182e-06 2.97644e-06 1.27576e-06 4.71942e-07 
0 1.27851e-06 3.45294e-06 7.81404e-06 1.64827e-05 3.288e-05 6.21382e-05 0.000111256 0.000188742 0.000303587 0.000463694 0.000674424 0.000938266 0.00125659 0.00163353 0.00208051 0.00261868 0.0032769 0.00408471 0.00506321 0.00621837 0.00754034 0.00900895 0.0106016 0.0122983 0.0140817 0.0159317 0.0178188 0.0197009 0.0215239 0.0232268 0.0247483 0.0260324 0.0270316 0.0277076 0.0280309 0.0279798 0.0275412 0.0267107 0.0254944 0.0239096 0.0219846 0.0197578 0.0172757 0.0145903 0.0117567 0.00883059 0.00586632 0.00291513 2.41048e-05 -0.00276482 -0.00541545 -0.00789774 -0.010188 -0.0122689 -0.0141294 -0.015764 -0.0171727 -0.0183601 -0.0193345 -0.0201074 -0.0206926 -0.0211057 -0.0213632 -0.021482 -0.021479 -0.0213707 -0.021173 -0.0209008 -0.0205679 -0.0201868 -0.0197689 -0.0193245 -0.0188625 -0.0183905 -0.0179153 -0.0174424 -0.0169767 -0.016522 -0.0160814 -0.0156574 -0.0152519 -0.0148664 -0.0145019 -0.014159 -0.0138383 -0.0135398 -0.0132637 -0.0130098 -0.0127778 -0.0125676 -0.0123788 -0.012211 -0.0120639 -0.0119372 -0.0118306 -0.0117438 -0.0116765 -0.0116286 -0.0115999 -0.0115903 -0.0115999 -0.0116286 -0.0116765 -0.0117438 -0.0118306 -0.0119372 -0.0120639 -0.012211 -0.0123788 -0.0125676 -0.0127778 -0.0130098 -0.0132637 -0.0135398 -0.0138383 -0.014159 -0.0145019 -0.0148664 -0.0152519 -0.0156574 -0.0160814 -0.016522 -0.0169767 -0.0174424 -0.0179153 -0.0183905 -0.0188625 -0.0193245 -0.0197689 -0.0201868 -0.0205679 -0.0209008 -0.021173 -0.0213707 -0.021479 -0.021482 -0.0213632 -0.0211057 -0.0206926 -0.0201074 -0.0193345 -0.0183601 -0.0171727 -0.015764 -0.0141294 -0.0122689 -0.010188 -0.00789774 -0.00541545 -0.00276482 2.41048e-05 0.00291513 0.00586632 0.00883059 0.0117567 0.0145903 0.0172757 0.0197578 0.0219846 0.0239096 0.0254944 0.0267107 0.0275412 0.0279798 0.0280309 0.0277076 0.0270316 0.0260324 0.0247483 0.0232268 0.0215239 0.0197009 0.0178188 0.0159317 0.0140817 0.0122983 0.0106016 0.00900895 0.00754034 0.00621837 0.00506321 0.00408471 0.0032769 0.00261868 0.00208051 0.00163353 0.00125659 0.000938266 0.000674424 0.000463694 0.000303587 0.000188742 0.000111256 6.21373e-05 3.2878e-05 1.64791e-05 7.81044e-06 3.46162e-06 1.3488e-06 
0 2.97967e-06 7.81404e-06 1.70273e-05 3.44851e-05 6.59981e-05 0.000119675 0.000205754 0.000335714 0.000520737 0.000770124 0.0010907 0.00148819 0.00197078 0.00255329 0.00325965 0.00412108 0.00516993 0.006432 0.0079212 0.00963934 0.0115797 0.0137307 0.016076 0.0185909 0.0212381 0.023966 0.0267114 0.0294045 0.0319737 0.0343487 0.03646 0.0382391 0.039619 0.0405374 0.0409424 0.0407971 0.0400834 0.0388036 0.0369781 0.0346427 0.0318446 0.0286397 0.0250899 0.0212622 0.0172271 0.0130576 0.00882762 0.0046094 0.000471181 -0.00352528 -0.00732671 -0.0108897 -0.014181 -0.0171778 -0.0198662 -0.0222409 -0.0243032 -0.0260602 -0.0275234 -0.0287079 -0.0296313 -0.0303132 -0.0307745 -0.0310369 -0.0311226 -0.0310533 -0.0308506 -0.0305351 -0.0301262 -0.0296419 -0.0290988 -0.0285118 -0.027894 -0.0272571 -0.026611 -0.0259642 -0.0253238 -0.0246957 -0.0240846 -0.0234944 -0.0229281 -0.0223879 -0.0218756 -0.0213923 -0.0209389 -0.020516 -0.0201236 -0.0197619 -0.0194307 -0.0191299 -0.0188592 -0.0186182 -0.0184066 -0.0182241 -0.0180703 -0.0179448 -0.0178476 -0.0177783 -0.0177367 -0.0177229 -0.0177367 -0.0177783 -0.0178476 -0.0179448 -0.0180703 -0.0182241 -0.0184066 -0.0186182 -0.0188592 -0.0191299 -0.0194307 -0.0197619 -0.0201236 -0.020516 -0.0209389 -0.0213923 -0.0218756 -0.0223879 -0.0229281 -0.0234944 -0.0240846 -0.0246957 -0.0253238 -0.0259642 -0.026611 -0.0272571 -0.027894 -0.0285118 -0.0290988 -0.0296419 -0.0301262 -0.0305351 -0.0308506 -0.0310533 -0.0311226 -0.0310369 -0.0307745 -0.0303132 -0.0296313 -0.0287079 -0.0275234 -0.0260602 -0.0243032 -0.0222409 -0.0198662 -0.0171778 -0.014181 -0.0108897 -0.00732671 -0.00352528 0.000471181 0.0046094 0.00882762 0.0130576 0.0172271 0.0212622 0.0250899 0.0286397 0.0318446 0.0346427 0.0369781 0.0388036 0.0400834 0.0407971 0.0409424 0.0405374 0.039619 0.0382391 0.03646 0.0343487 0.0319737 0.0294045 0.0267114 0.023966 0.0212381 0.0185909 0.016076 0.0137307 0.0115797 0.00963934 0.0079212 0.006432 0.00516993 0.00412108 0.00325965 0.00255329 0.00197078 0.00148819 0.0010907 0.000770124 0.000520737 0.000335714 0.000205754 0.000119673 6.59949e-05 3.44824e-05 1.7038e-05 7.88896e-06 3.28332e-06 
0 6.48369e-06 1.64827e-05 3.44851e-05 6.68091e-05 0.000122158 0.00021161 0.000347842 0.000543686 0.000810646 0.00115846 0.00159673 0.00213854 0.00280454 0.00362444 0.00463381 0.00586674 0.0073483 0.00909154 0.0111007 0.0133775 0.0159238 0.0187373 0.021802 0.025079 0.0285055 0.0320006 0.0354755 0.0388424 0.0420178 0.0449208 0.0474702 0.0495835 0.0511798 0.052186 0.0525439 0.0522159 0.0511878 0.049468 0.0470853 0.044085 0.0405255 0.0364756 0.0320124 0.0272192 0.0221834 0.0169945 0.0117409 0.00650729 0.00137236 -0.00359362 -0.00833021 -0.0127876 -0.0169268 -0.0207196 -0.0241475 -0.0272013 -0.0298796 -0.0321883 -0.0341389 -0.035748 -0.0370358 -0.0380253 -0.0387415 -0.0392104 -0.0394585 -0.039512 -0.0393963 -0.0391358 -0.0387533 -0.03827 -0.0377055 -0.0370773 -0.0364013 -0.0356915 -0.0349603 -0.0342184 -0.033475 -0.0327381 -0.0320142 -0.0313089 -0.0306267 -0.0299714 -0.0293458 -0.0287522 -0.0281924 -0.0276677 -0.0271788 -0.0267265 -0.026311 -0.0259325 -0.0255909 -0.0252862 -0.0250181 -0.0247864 -0.0245909 -0.0244313 -0.0243074 -0.0242191 -0.0241661 -0.0241485 -0.0241661 -0.0242191 -0.0243074 -0.0244313 -0.0245909 -0.0247864 -0.0250181 -0.0252862 -0.0255909 -0.0259325 -0.026311 -0.0267265 -0.0271788 -0.0276677 -0.0281924 -0.0287522 -0.0293458 -0.0299714 -0.0306267 -0.0313089 -0.0320142 -0.0327381 -0.033475 -0.0342184 -0.0349603 -0.0356915 -0.0364013 -0.0370773 -0.0377055 -0.03827 -0.0387533 -0.0391358 -0.0393963 -0.039512 -0.0394585 -0.0392104 -0.0387415 -0.0380253 -0.0370358 -0.035748 -0.0341389 -0.0321883 -0.0298796 -0.0272013 -0.0241475 -0.0207196 -0.0169268 -0.0127876 -0.00833021 -0.00359362 0.00137236 0.00650729 0.0117409 0.0169945 0.0221834 0.0272192 0.0320124 0.0364756 0.0405255 0.044085 0.0470853 0.049468 0.0511878 0.0522159 0.0525439 0.052186 0.0511798 0.0495835 0.0474702 0.0449208 0.0420178 0.0388424 0.0354755 0.0320006 0.0285055 0.025079 0.021802 0.0187373 0.0159238 0.0133775 0.0111007 0.00909154 0.0073483 0.00586674 0.00463381 0.00362444 0.00280454 0.00213854 0.00159673 0.00115846 0.000810646 0.000543685 0.00034784 0.000211607 0.000122156 6.68221e-05 3.45647e-05 1.67963e-05 7.50427e-06 
0 1.33436e-05 3.288e-05 6.59981e-05 0.000122158 0.00021312 0.000352311 0.000553443 0.000829087 0.00119042 0.00164919 0.00222194 0.00293431 0.00382225 0.00492755 0.00628877 0.00793253 0.00987112 0.012108 0.0146465 0.0174934 0.0206536 0.0241174 0.0278505 0.0317919 0.0358602 0.0399632 0.0440046 0.0478869 0.0515107 0.0547747 0.0575784 0.059828 0.061442 0.0623558 0.0625247 0.061923 0.0605445 0.0584009 0.0555221 0.0519559 0.0477671 0.0430355 0.0378526 0.0323169 0.0265301 0.0205919 0.0145974 0.00863446 0.00278238 -0.00288853 -0.00831733 -0.0134525 -0.018252 -0.0226833 -0.0267234 -0.0303583 -0.0335832 -0.0364011 -0.038822 -0.0408621 -0.0425421 -0.0438863 -0.0449211 -0.0456742 -0.0461738 -0.0464476 -0.0465225 -0.0464243 -0.0461772 -0.045804 -0.0453254 -0.0447609 -0.0441278 -0.0434422 -0.0427181 -0.0419682 -0.0412038 -0.0404346 -0.0396692 -0.0389148 -0.0381776 -0.037463 -0.0367752 -0.0361178 -0.0354937 -0.0349051 -0.0343539 -0.0338413 -0.0333685 -0.032936 -0.0325444 -0.0321939 -0.0318848 -0.031617 -0.0313906 -0.0312055 -0.0310616 -0.0309589 -0.0308973 -0.0308768 -0.0308973 -0.0309589 -0.0310616 -0.0312055 -0.0313906 -0.031617 -0.0318848 -0.0321939 -0.0325444 -0.032936 -0.0333685 -0.0338413 -0.0343539 -0.0349051 -0.0354937 -0.0361178 -0.0367752 -0.037463 -0.0381776 -0.0389148 -0.0396692 -0.0404346 -0.0412038 -0.0419682 -0.0427181 -0.0434422 -0.0441278 -0.0447609 -0.0453254 -0.045804 -0.0461772 -0.0464243 -0.0465225 -0.0464476 -0.0461738 -0.0456742 -0.0449211 -0.0438863 -0.0425421 -0.0408621 -0.038822 -0.0364011 -0.0335832 -0.0303583 -0.0267234 -0.0226833 -0.018252 -0.0134525 -0.00831733 -0.00288853 0.00278238 0.00863446 0.0145974 0.0205919 0.0265301 0.0323169 0.0378526 0.0430355 0.0477671 0.0519559 0.0555221 0.0584009 0.0605445 0.061923 0.0625247 0.0623558 0.061442 0.059828 0.0575784 0.0547747 0.0515107 0.0478869 0.0440046 0.0399632 0.0358602 0.0317919 0.0278505 0.0241174 0.0206536 0.0174934 0.0146465 0.012108 0.00987112 0.00793253 0.00628877 0.00492755 0.00382225 0.00293431 0.00222194 0.00164919 0.00119042 0.000829086 0.00055344 0.000352311 0.000213135 0.000122241 6.63161e-05 3.39077e-05 1.62954e-05 
0 2.60041e-05 6.21382e-05 0.000119675 0.00021161 0.000352311 0.000556293 0.000836858 0.00120594 0.00167637 0.00226657 0.00300543 0.00393351 0.00509789 0.00654187 0.00829537 0.0103727 0.0127792 0.015521 0.0186076 0.0220446 0.02582 0.0298965 0.0342124 0.0386908 0.043247 0.0477905 0.0522223 0.0564323 0.0603016 0.0637109 0.0665508 0.0687299 0.0701792 0.0708508 0.0707155 0.0697604 0.0679879 0.0654171 0.0620851 0.0580477 0.0533781 0.0481637 0.0425015 0.0364935 0.0302418 0.0238453 0.0173973 0.010984 0.00468354 -0.00143451 -0.00730952 -0.0128902 -0.0181347 -0.0230107 -0.0274952 -0.0315743 -0.0352421 -0.0385002 -0.0413564 -0.0438239 -0.0459202 -0.047666 -0.0490844 -0.0502002 -0.051039 -0.0516269 -0.0519896 -0.0521527 -0.0521404 -0.0519761 -0.0516818 -0.0512781 -0.0507839 -0.0502167 -0.0495923 -0.0489249 -0.0482273 -0.0475107 -0.0467852 -0.0460594 -0.0453409 -0.0446362 -0.0439509 -0.0432896 -0.0426564 -0.0420545 -0.0414868 -0.0409554 -0.0404623 -0.0400088 -0.0395962 -0.0392254 -0.038897 -0.0386115 -0.0383695 -0.0381712 -0.0380167 -0.0379063 -0.0378401 -0.037818 -0.0378401 -0.0379063 -0.0380167 -0.0381712 -0.0383695 -0.0386115 -0.038897 -0.0392254 -0.0395962 -0.0400088 -0.0404623 -0.0409554 -0.0414868 -0.0420545 -0.0426564 -0.0432896 -0.0439509 -0.0446362 -0.0453409 -0.0460594 -0.0467852 -0.0475107 -0.0482273 -0.0489249 -0.0495923 -0.0502167 -0.0507839 -0.0512781 -0.0516818 -0.0519761 -0.0521404 -0.0521527 -0.0519896 -0.0516269 -0.051039 -0.0502002 -0.0490844 -0.047666 -0.0459202 -0.0438239 -0.0413564 -0.0385002 -0.0352421 -0.0315743 -0.0274952 -0.0230107 -0.0181347 -0.0128902 -0.00730952 -0.00143451 0.00468354 0.010984 0.0173973 0.0238453 0.0302418 0.0364935 0.0425015 0.0481637 0.0533781 0.0580477 0.0620851 0.0654171 0.0679879 0.0697604 0.0707155 0.0708508 0.0701792 0.0687299 0.0665508 0.0637109 0.0603016 0.0564323 0.0522223 0.0477905 0.043247 0.0386908 0.0342124 0.0298965 0.02582 0.0220446 0.0186076 0.015521 0.0127792 0.0103727 0.00829537 0.00654187 0.00509789 0.00393351 0.00300543 0.00226657 0.00167636 0.00120593 0.000836859 0.00055631 0.000352395 0.000211926 0.000120691 6.5059e-05 3.3663e-05 
0 4.79686e-05 0.000111256 0.000205754 0.000347842 0.000553443 0.000836858 0.00121075 0.00168865 0.0022901 0.00304597 0.00399988 0.00520264 0.00670097 0.00852739 0.0106986 0.0132235 0.0161132 0.0193822 0.0230375 0.027063 0.0314138 0.036022 0.0408099 0.0456972 0.0505991 0.0554191 0.0600455 0.0643548 0.068222 0.071532 0.0741875 0.0761122 0.0772497 0.0775624 0.07703 0.0756513 0.0734442 0.070446 0.0667118 0.0623108 0.0573231 0.0518353 0.0459378 0.0397228 0.0332821 0.026706 0.0200818 0.0134915 0.00701026 0.000705006 -0.00536695 -0.0111583 -0.0166317 -0.021759 -0.0265206 -0.0309042 -0.0349038 -0.0385191 -0.0417541 -0.044617 -0.0471197 -0.0492769 -0.051106 -0.0526266 -0.05386 -0.0548284 -0.055555 -0.0560629 -0.0563751 -0.0565141 -0.0565014 -0.0563575 -0.0561015 -0.0557512 -0.0553231 -0.0548321 -0.0542919 -0.0537147 -0.0531116 -0.0524923 -0.0518657 -0.0512395 -0.0506204 -0.0500144 -0.0494266 -0.0488616 -0.0483233 -0.0478148 -0.0473391 -0.0468984 -0.046495 -0.0461303 -0.0458057 -0.0455225 -0.0452815 -0.0450833 -0.0449287 -0.044818 -0.0447515 -0.0447293 -0.0447515 -0.044818 -0.0449287 -0.0450833 -0.0452815 -0.0455225 -0.0458057 -0.0461303 -0.046495 -0.0468984 -0.0473391 -0.0478148 -0.0483233 -0.0488616 -0.0494266 -0.0500144 -0.0506204 -0.0512395 -0.0518657 -0.0524923 -0.0531116 -0.0537147 -0.0542919 -0.0548321 -0.0553231 -0.0557512 -0.0561015 -0.0563575 -0.0565014 -0.0565141 -0.0563751 -0.0560629 -0.055555 -0.0548284 -0.05386 -0.0526266 -0.051106 -0.0492769 -0.0471197 -0.044617 -0.0417541 -0.0385191 -0.0349038 -0.0309042 -0.0265206 -0.021759 -0.0166317 -0.0111583 -0.00536695 0.000705006 0.00701026 0.0134915 0.0200818 0.026706 0.0332821 0.0397228 0.0459378 0.0518353 0.0573231 0.0623108 0.0667118 0.070446 0.0734442 0.0756513 0.07703 0.0775624 0.0772497 0.0761122 0.0741875 0.071532 0.068222 0.0643548 0.0600455 0.0554191 0.0505991 0.0456972 0.0408099 0.036022 0.0314138 0.027063 0.0230375 0.0193822 0.0161132 0.0132235 0.0106986 0.00852739 0.00670097 0.00520264 0.00399988 0.00304597 0.0022901 0.00168866 0.00121077 0.000836941 0.000553751 0.00034883 0.000208597 0.000118737 6.61596e-05 
0 8.37247e-05 0.000188742 0.000335714 0.000543686 0.000829087 0.00120594 0.00168865 0.00229763 0.00306513 0.00403699 0.00526672 0.00680348 0.00868138 0.0109185 0.0135265 0.0165215 0.0199236 0.0237425 0.0279599 0.0325247 0.037364 0.0423978 0.0475455 0.0527207 0.0578224 0.0627345 0.0673329 0.0714971 0.0751193 0.0781082 0.0803877 0.0818957 0.0825853 0.0824279 0.0814174 0.0795714 0.07693 0.073551 0.0695038 0.0648649 0.0597135 0.0541303 0.0481963 0.0419929 0.0356011 0.0291002 0.0225661 0.0160694 0.00967406 0.00343591 -0.00259744 -0.0083866 -0.0138998 -0.0191121 -0.0240048 -0.0285647 -0.0327835 -0.0366572 -0.0401861 -0.0433741 -0.0462285 -0.0487593 -0.0509794 -0.0529034 -0.0545477 -0.0559301 -0.0570688 -0.0579829 -0.0586913 -0.059213 -0.0595667 -0.0597704 -0.0598415 -0.0597968 -0.0596519 -0.0594219 -0.0591204 -0.0587605 -0.058354 -0.0579118 -0.0574438 -0.056959 -0.0564654 -0.0559703 -0.0554801 -0.0550005 -0.0545366 -0.0540928 -0.0536728 -0.05328 -0.0529172 -0.052587 -0.0522912 -0.0520317 -0.0518099 -0.0516269 -0.0514837 -0.0513809 -0.0513191 -0.0512984 -0.0513191 -0.0513809 -0.0514837 -0.0516269 -0.0518099 -0.0520317 -0.0522912 -0.052587 -0.0529172 -0.05328 -0.0536728 -0.0540928 -0.0545366 -0.0550005 -0.0554801 -0.0559703 -0.0564654 -0.056959 -0.0574438 -0.0579118 -0.058354 -0.0587605 -0.0591204 -0.0594219 -0.0596519 -0.0597968 -0.0598415 -0.0597704 -0.0595667 -0.059213 -0.0586913 -0.0579829 -0.0570688 -0.0559301 -0.0545477 -0.0529034 -0.0509794 -0.0487593 -0.0462285 -0.0433741 -0.0401861 -0.0366572 -0.0327835 -0.0285647 -0.0240048 -0.0191121 -0.0138998 -0.0083866 -0.00259744 0.00343591 0.00967406 0.0160694 0.0225661 0.0291002 0.0356011 0.0419929 0.0481963 0.0541303 0.0597135 0.0648649 0.0695038 0.073551 0.07693 0.0795714 0.0814174 0.0824279 0.0825853 0.0818957 0.0803877 0.0781082 0.0751193 0.0714971 0.0673329 0.0627345 0.0578224 0.0527207 0.0475455 0.0423978 0.037364 0.0325247 0.0279599 0.0237425 0.0199236 0.0165215 0.0135265 0.0109185 0.00868138 0.00680348 0.00526672 0.00403699 0.00306513 0.00229765 0.00168873 0.00120623 0.000830031 0.000546407 0.000342909 0.000206333 0.000123714 
0 0.000138274 0.000303587 0.000520737 0.000810646 0.00119042 0.00167637 0.0022901 0.00306513 0.00404912 0.00529792 0.00686283 0.00877925 0.011066 0.0137363 0.0168099 0.0203113 0.0242524 0.0286131 0.0333383 0.0383525 0.0435765 0.0489299 0.0543212 0.0596398 0.0647599 0.0695534 0.0739039 0.0777126 0.0808971 0.0833871 0.085123 0.0860588 0.086167 0.0854437 0.0839086 0.0816019 0.0785793 0.0749064 0.0706545 0.0658982 0.0607142 0.0551797 0.0493709 0.0433618 0.037222 0.0310152 0.0247989 0.0186241 0.0125361 0.0065747 0.000775464 -0.00483035 -0.0102154 -0.0153566 -0.0202348 -0.0248353 -0.0291479 -0.0331662 -0.0368878 -0.0403134 -0.0434468 -0.0462938 -0.0488623 -0.0511617 -0.0532026 -0.0549969 -0.0565569 -0.0578962 -0.0590285 -0.0599683 -0.0607302 -0.0613291 -0.0617799 -0.0620971 -0.0622953 -0.0623883 -0.0623895 -0.0623119 -0.0621672 -0.061967 -0.0617216 -0.0614407 -0.0611333 -0.0608074 -0.0604704 -0.0601289 -0.0597889 -0.0594557 -0.0591339 -0.0588277 -0.0585409 -0.0582764 -0.0580371 -0.0578254 -0.057643 -0.0574917 -0.0573727 -0.0572871 -0.0572354 -0.0572181 -0.0572354 -0.0572871 -0.0573727 -0.0574917 -0.057643 -0.0578254 -0.0580371 -0.0582764 -0.0585409 -0.0588277 -0.0591339 -0.0594557 -0.0597889 -0.0601289 -0.0604704 -0.0608074 -0.0611333 -0.0614407 -0.0617216 -0.061967 -0.0621672 -0.0623119 -0.0623895 -0.0623883 -0.0622953 -0.0620971 -0.0617799 -0.0613291 -0.0607302 -0.0599683 -0.0590285 -0.0578962 -0.0565569 -0.0549969 -0.0532026 -0.0511617 -0.0488623 -0.0462938 -0.0434468 -0.0403134 -0.0368878 -0.0331662 -0.0291479 -0.0248353 -0.0202348 -0.0153566 -0.0102154 -0.00483035 0.000775464 0.0065747 0.0125361 0.0186241 0.0247989 0.0310152 0.037222 0.0433618 0.0493709 0.0551797 0.0607142 0.0658982 0.0706545 0.0749064 0.0785793 0.0816019 0.0839086 0.0854437 0.086167 0.0860588 0.085123 0.0833871 0.0808971 0.0777126 0.0739039 0.0695534 0.0647599 0.0596398 0.0543212 0.0489299 0.0435765 0.0383525 0.0333383 0.0286131 0.0242524 0.0203113 0.0168099 0.0137363 0.011066 0.00877925 0.00686283 0.00529792 0.00404914 0.00306521 0.00229038 0.00167725 0.00119298 0.000817458 0.000537498 0.000341949 0.000220189 
0 0.000216239 0.000463694 0.000770124 0.00115846 0.00164919 0.00226657 0.00304597 0.00403699 0.00529792 0.00688245 0.00882754 0.0111527 0.0138722 0.017008 0.0205879 0.0246247 0.029096 0.0339428 0.0390883 0.0444557 0.0499655 0.0555218 0.0610039 0.0662764 0.0712073 0.0756823 0.0796061 0.0828992 0.0854931 0.087332 0.088378 0.088616 0.0880552 0.0867252 0.0846702 0.0819441 0.0786069 0.0747237 0.0703644 0.0656022 0.0605123 0.0551676 0.0496364 0.0439798 0.0382503 0.0324926 0.0267446 0.0210393 0.015406 0.0098715 0.00446051 -0.000804322 -0.00590261 -0.0108165 -0.0155307 -0.0200327 -0.0243125 -0.0283626 -0.0321775 -0.0357536 -0.0390892 -0.0421841 -0.04504 -0.0476598 -0.0500482 -0.0522111 -0.0541558 -0.0558908 -0.0574259 -0.0587713 -0.0599382 -0.0609383 -0.0617836 -0.0624862 -0.0630583 -0.0635119 -0.0638588 -0.0641105 -0.0642781 -0.0643721 -0.0644027 -0.0643794 -0.064311 -0.064206 -0.064072 -0.0639161 -0.063745 -0.0635645 -0.0633801 -0.0631966 -0.0630183 -0.062849 -0.0626922 -0.0625506 -0.0624267 -0.0623227 -0.0622401 -0.0621802 -0.0621439 -0.0621317 -0.0621439 -0.0621802 -0.0622401 -0.0623227 -0.0624267 -0.0625506 -0.0626922 -0.062849 -0.0630183 -0.0631966 -0.0633801 -0.0635645 -0.063745 -0.0639161 -0.064072 -0.064206 -0.064311 -0.0643794 -0.0644027 -0.0643721 -0.0642781 -0.0641105 -0.0638588 -0.0635119 -0.0630583 -0.0624862 -0.0617836 -0.0609383 -0.0599382 -0.0587713 -0.0574259 -0.0558908 -0.0541558 -0.0522111 -0.0500482 -0.0476598 -0.04504 -0.0421841 -0.0390892 -0.0357536 -0.0321775 -0.0283626 -0.0243125 -0.0200327 -0.0155307 -0.0108165 -0.00590261 -0.000804322 0.00446051 0.0098715 0.015406 0.0210393 0.0267446 0.0324926 0.0382503 0.0439798 0.0496364 0.0551676 0.0605123 0.0656022 0.0703644 0.0747237 0.0786069 0.0819441 0.0846702 0.0867252 0.0880552 0.088616 0.088378 0.087332 0.0854931 0.0828992 0.0796061 0.0756823 0.0712073 0.0662764 0.0610039 0.0555218 0.0499655 0.0444557 0.0390883 0.0339428 0.029096 0.0246247 0.0205879 0.017008 0.0138722 0.0111527 0.00882755 0.00688246 0.00529799 0.00403725 0.00304678 0.00226895 0.00165555 0.0011742 0.000806411 0.000541782 0.000373336 
0 0.000320794 0.000674424 0.0010907 0.00159673 0.00222194 0.00300543 0.00399988 0.00526672 0.00686283 0.00882754 0.0111815 0.0139396 0.0171256 0.0207694 0.0248846 0.0294461 0.0343908 0.0396404 0.0451195 0.0507497 0.0564295 0.0620291 0.0674062 0.0724286 0.0769848 0.0809802 0.0843318 0.0869679 0.0888338 0.0899002 0.0901667 0.089658 0.0884167 0.0864955 0.0839524 0.0808496 0.0772533 0.0732337 0.0688628 0.0642113 0.0593452 0.0543229 0.0491945 0.044002 0.0387804 0.0335591 0.0283631 0.023214 0.0181301 0.013127 0.00821787 0.00341397 -0.00127473 -0.00583888 -0.0102694 -0.0145569 -0.0186921 -0.0226656 -0.0264684 -0.0300922 -0.03353 -0.0367763 -0.039827 -0.0426802 -0.0453356 -0.0477944 -0.0500596 -0.0521356 -0.0540276 -0.0557421 -0.0572864 -0.0586683 -0.0598964 -0.0609795 -0.0619267 -0.0627476 -0.0634516 -0.0640483 -0.0645471 -0.0649575 -0.0652884 -0.0655488 -0.065747 -0.0658914 -0.0659894 -0.0660483 -0.0660748 -0.0660752 -0.0660552 -0.0660201 -0.0659744 -0.0659226 -0.0658682 -0.0658146 -0.0657647 -0.0657206 -0.0656844 -0.0656575 -0.0656409 -0.0656353 -0.0656409 -0.0656575 -0.0656844 -0.0657206 -0.0657647 -0.0658146 -0.0658682 -0.0659226 -0.0659744 -0.0660201 -0.0660552 -0.0660752 -0.0660748 -0.0660483 -0.0659894 -0.0658914 -0.065747 -0.0655488 -0.0652884 -0.0649575 -0.0645471 -0.0640483 -0.0634516 -0.0627476 -0.0619267 -0.0609795 -0.0598964 -0.0586683 -0.0572864 -0.0557421 -0.0540276 -0.0521356 -0.0500596 -0.0477944 -0.0453356 -0.0426802 -0.039827 -0.0367763 -0.03353 -0.0300922 -0.0264684 -0.0226656 -0.0186921 -0.0145569 -0.0102694 -0.00583888 -0.00127473 0.00341397 0.00821787 0.013127 0.0181301 0.023214 0.0283631 0.0335591 0.0387804 0.044002 0.0491945 0.0543229 0.0593452 0.0642113 0.0688628 0.0732337 0.0772533 0.0808496 0.0839524 0.0864955 0.0884167 0.089658 0.0901667 0.0899002 0.0888338 0.0869679 0.0843318 0.0809802 0.0769848 0.0724286 0.0674062 0.0620291 0.0564295 0.0507497 0.0451195 0.0396404 0.0343908 0.0294461 0.0248846 0.0207694 0.0171256 0.0139396 0.0111815 0.00882761 0.00686306 0.00526746 0.00400205 0.00301126 0.0022365 0.00163057 0.00116415 0.000823464 0.000603909 
0 0.000453 0.000938266 0.00148819 0.00213854 0.00293431 0.00393351 0.00520264 0.00680348 0.00877925 0.0111527 0.0139396 0.0171647 0.0208599 0.0250397 0.0296771 0.0347052 0.0400432 0.0456163 0.0513454 0.0571227 0.0628086 0.068256 0.073335 0.0779379 0.0819692 0.0853408 0.0879768 0.0898248 0.0908638 0.0911049 0.0905836 0.0893504 0.0874648 0.0849927 0.0820063 0.0785823 0.0747995 0.0707333 0.0664521 0.0620141 0.0574671 0.0528497 0.0481938 0.0435257 0.0388676 0.0342375 0.0296495 0.0251134 0.0206355 0.0162195 0.0118673 0.00758064 0.00336219 -0.000784064 -0.00485238 -0.00883539 -0.0127245 -0.0165103 -0.0201834 -0.0237342 -0.0271542 -0.0304355 -0.0335712 -0.0365556 -0.0393844 -0.0420542 -0.0445632 -0.0469104 -0.0490965 -0.0511232 -0.052993 -0.05471 -0.0562787 -0.0577049 -0.0589948 -0.0601551 -0.0611934 -0.062117 -0.062934 -0.0636521 -0.0642793 -0.0648234 -0.065292 -0.0656925 -0.0660321 -0.0663174 -0.0665549 -0.0667507 -0.0669102 -0.0670386 -0.0671406 -0.0672206 -0.0672822 -0.0673289 -0.0673635 -0.0673886 -0.0674059 -0.0674173 -0.0674236 -0.0674256 -0.0674236 -0.0674173 -0.0674059 -0.0673886 -0.0673635 -0.0673289 -0.0672822 -0.0672206 -0.0671406 -0.0670386 -0.0669102 -0.0667507 -0.0665549 -0.0663174 -0.0660321 -0.0656925 -0.065292 -0.0648234 -0.0642793 -0.0636521 -0.062934 -0.062117 -0.0611934 -0.0601551 -0.0589948 -0.0577049 -0.0562787 -0.05471 -0.052993 -0.0511232 -0.0490965 -0.0469104 -0.0445632 -0.0420542 -0.0393844 -0.0365556 -0.0335712 -0.0304355 -0.0271542 -0.0237342 -0.0201834 -0.0165103 -0.0127245 -0.00883539 -0.00485238 -0.000784064 0.00336219 0.00758064 0.0118673 0.0162195 0.0206355 0.0251134 0.0296495 0.0342375 0.0388676 0.0435257 0.0481938 0.0528497 0.0574671 0.0620141 0.0664521 0.0707333 0.0747995 0.0785823 0.0820063 0.0849927 0.0874648 0.0893504 0.0905836 0.0911049 0.0908638 0.0898248 0.0879768 0.0853408 0.0819692 0.0779379 0.073335 0.068256 0.0628086 0.0571227 0.0513454 0.0456163 0.0400432 0.0347052 0.0296771 0.0250397 0.0208599 0.0171647 0.0139396 0.0111529 0.00877992 0.00680542 0.00520791 0.00394678 0.00296544 0.00220671 0.00162781 0.00120595 0.000934117 
0 0.000612294 0.00125659 0.00197078 0.00280454 0.00382225 0.00509789 0.00670097 0.00868138 0.011066 0.0138722 0.0171256 0.0208599 0.0250914 0.0297925 0.0348929 0.0403092 0.0459662 0.0517828 0.0576443 0.0634012 0.0689017 0.0740186 0.0786473 0.0826891 0.0860495 0.0886516 0.0904489 0.0914304 0.0916161 0.0910467 0.0897753 0.0878651 0.0853907 0.0824362 0.0790914 0.0754453 0.0715788 0.0675603 0.0634456 0.0592779 0.0550912 0.0509119 0.04676 0.0426496 0.0385892 0.0345818 0.0306264 0.0267189 0.0228545 0.0190284 0.0152371 0.0114789 0.00775394 0.00406402 0.000412403 -0.00319646 -0.00675718 -0.0102634 -0.013708 -0.0170831 -0.0203803 -0.0235907 -0.0267056 -0.0297161 -0.0326142 -0.0353926 -0.0380452 -0.0405668 -0.0429539 -0.0452042 -0.0473168 -0.0492922 -0.0511317 -0.0528381 -0.0544148 -0.0558659 -0.0571964 -0.0584116 -0.0595171 -0.060519 -0.0614234 -0.0622365 -0.0629645 -0.0636137 -0.06419 -0.0646993 -0.0651473 -0.0655394 -0.0658806 -0.0661757 -0.066429 -0.0666447 -0.0668264 -0.0669772 -0.0671 -0.0671972 -0.0672707 -0.0673221 -0.0673526 -0.0673626 -0.0673526 -0.0673221 -0.0672707 -0.0671972 -0.0671 -0.0669772 -0.0668264 -0.0666447 -0.066429 -0.0661757 -0.0658806 -0.0655394 -0.0651473 -0.0646993 -0.06419 -0.0636137 -0.0629645 -0.0622365 -0.0614234 -0.060519 -0.0595171 -0.0584116 -0.0571964 -0.0558659 -0.0544148 -0.0528381 -0.0511317 -0.0492922 -0.0473168 -0.0452042 -0.0429539 -0.0405668 -0.0380452 -0.0353926 -0.0326142 -0.0297161 -0.0267056 -0.0235907 -0.0203803 -0.0170831 -0.013708 -0.0102634 -0.00675718 -0.00319646 0.000412403 0.00406402 0.00775394 0.0114789 0.0152371 0.0190284 0.0228545 0.0267189 0.0306264 0.0345818 0.0385892 0.0426496 0.04676 0.0509119 0.0550912 0.0592779 0.0634456 0.0675603 0.0715788 0.0754453 0.0790914 0.0824362 0.0853907 0.0878651 0.0897753 0.0910467 0.0916161 0.0914304 0.0904489 0.0886516 0.0860495 0.0826891 0.0786473 0.0740186 0.0689017 0.0634012 0.0576443 0.0517828 0.0459662 0.0403092 0.0348929 0.0297925 0.0250914 0.0208599 0.0171258 0.0138727 0.0110677 0.00868607 0.00671289 0.00512611 0.00388468 0.00293367 0.00222085 0.00171054 0.00138611 
0 0.000798557 0.00163353 0.00255329 0.00362444 0.00492755 0.00654187 0.00852739 0.0109185 0.0137363 0.017008 0.0207694 0.0250397 0.0297925 0.0349554 0.040442 0.0461753 0.0520725 0.0580121 0.0638352 0.0693847 0.0745355 0.0791839 0.0832251 0.0865575 0.0891051 0.0908312 0.0917351 0.0918429 0.0911978 0.0898546 0.0878816 0.0853633 0.0823951 0.0790757 0.0754994 0.0717492 0.0678945 0.0639926 0.06009 0.0562231 0.0524193 0.0486957 0.0450596 0.0415098 0.0380385 0.0346339 0.0312831 0.0279738 0.0246953 0.0214395 0.0181999 0.0149718 0.0117519 0.00853832 0.00533047 0.00212927 -0.0010626 -0.00424065 -0.0073988 -0.0105294 -0.0136237 -0.0166723 -0.0196654 -0.0225933 -0.0254467 -0.0282169 -0.0308963 -0.0334779 -0.035956 -0.038326 -0.0405842 -0.0427281 -0.044756 -0.0466674 -0.0484625 -0.0501426 -0.0517094 -0.0531655 -0.054514 -0.0557585 -0.0569031 -0.057952 -0.0589099 -0.0597813 -0.060571 -0.0612838 -0.0619244 -0.0624973 -0.0630069 -0.0634573 -0.0638525 -0.064196 -0.0644911 -0.0647407 -0.0649476 -0.0651137 -0.0652411 -0.065331 -0.0653845 -0.0654023 -0.0653845 -0.065331 -0.0652411 -0.0651137 -0.0649476 -0.0647407 -0.0644911 -0.064196 -0.0638525 -0.0634573 -0.0630069 -0.0624973 -0.0619244 -0.0612838 -0.060571 -0.0597813 -0.0589099 -0.057952 -0.0569031 -0.0557585 -0.054514 -0.0531655 -0.0517094 -0.0501426 -0.0484625 -0.0466674 -0.044756 -0.0427281 -0.0405842 -0.038326 -0.035956 -0.0334779 -0.0308963 -0.0282169 -0.0254467 -0.0225933 -0.0196654 -0.0166723 -0.0136237 -0.0105294 -0.0073988 -0.00424065 -0.0010626 0.00212927 0.00533047 0.00853832 0.0117519 0.0149718 0.0181999 0.0214395 0.0246953 0.0279738 0.0312831 0.0346339 0.0380385 0.0415098 0.0450596 0.0486957 0.0524193 0.0562231 0.06009 0.0639926 0.0678945 0.0717492 0.0754994 0.0790757 0.0823951 0.0853633 0.0878816 0.0898546 0.0911978 0.0918429 0.0917351 0.0908312 0.0891051 0.0865575 0.0832251 0.0791839 0.0745355 0.0693847 0.0638352 0.0580121 0.0520725 0.0461753 0.040442 0.0349554 0.0297925 0.0250398 0.0207699 0.0170095 0.0137404 0.010929 0.00855262 0.00659826 0.00504545 0.00385525 0.00297679 0.00236302 0.00198161 
0 0.0010153 0.00208051 0.00325965 0.00463381 0.00628877 0.00829537 0.0106986 0.0135265 0.0168099 0.0205879 0.0248846 0.0296771 0.0348929 0.040442 0.046245 0.0522172 0.0582319 0.0641215 0.0697233 0.0749127 0.079585 0.0836271 0.0869294 0.0894188 0.0910693 0.0918884 0.0919043 0.0911614 0.0897192 0.0876553 0.0850657 0.082056 0.0787291 0.0751794 0.0714895 0.0677297 0.0639613 0.0602361 0.0565949 0.0530662 0.0496654 0.0463952 0.0432492 0.0402142 0.0372738 0.0344107 0.0316081 0.02885 0.0261214 0.0234089 0.0207001 0.0179849 0.0152554 0.0125064 0.00973556 0.00694319 0.00413218 0.00130719 -0.00152553 -0.00435871 -0.00718456 -0.00999473 -0.0127809 -0.0155346 -0.0182473 -0.020911 -0.0235175 -0.0260592 -0.028529 -0.0309203 -0.0332272 -0.0354447 -0.0375684 -0.0395951 -0.0415223 -0.0433486 -0.0450731 -0.046696 -0.0482181 -0.0496408 -0.0509662 -0.0521965 -0.0533347 -0.0543838 -0.055347 -0.0562278 -0.0570295 -0.0577556 -0.0584095 -0.0589944 -0.0595134 -0.0599694 -0.0603651 -0.0607029 -0.0609851 -0.0612133 -0.0613892 -0.061514 -0.0615885 -0.0616133 -0.0615885 -0.061514 -0.0613892 -0.0612133 -0.0609851 -0.0607029 -0.0603651 -0.0599694 -0.0595134 -0.0589944 -0.0584095 -0.0577556 -0.0570295 -0.0562278 -0.055347 -0.0543838 -0.0533347 -0.0521965 -0.0509662 -0.0496408 -0.0482181 -0.046696 -0.0450731 -0.0433486 -0.0415223 -0.0395951 -0.0375684 -0.0354447 -0.0332272 -0.0309203 -0.028529 -0.0260592 -0.0235175 -0.020911 -0.0182473 -0.0155346 -0.0127809 -0.00999473 -0.00718456 -0.00435871 -0.00152553 0.00130719 0.00413218 0.00694319 0.00973556 0.0125064 0.0152554 0.0179849 0.0207001 0.0234089 0.0261214 0.02885 0.0316081 0.0344107 0.0372738 0.0402142 0.0432492 0.0463952 0.0496654 0.0530662 0.0565949 0.0602361 0.0639613 0.0677297 0.0714895 0.0751794 0.0787291 0.082056 0.0850657 0.0876553 0.0897192 0.0911614 0.0919043 0.0918884 0.0910693 0.0894188 0.0869294 0.0836271 0.079585 0.0749127 0.0697233 0.0641215 0.0582319 0.0522172 0.046245 0.040442 0.034893 0.0296776 0.0248858 0.0205915 0.0168191 0.0135487 0.0107488 0.00840161 0.00649919 0.00502437 0.00394008 0.00319598 0.00274372 
0 0.00127241 0.00261868 0.00412108 0.00586674 0.00793253 0.0103727 0.0132235 0.0165215 0.0203113 0.0246247 0.0294461 0.0347052 0.0403092 0.0461753 0.0522172 0.0583051 0.0642641 0.0699248 0.0751611 0.0798662 0.0839186 0.0872 0.0896405 0.0912249 0.0919649 0.0918862 0.0910346 0.0894783 0.0873068 0.0846279 0.081555 0.078192 0.0746321 0.0709595 0.0672484 0.063564 0.0599622 0.0564838 0.0531546 0.0499867 0.0469802 0.0441276 0.041417 0.038833 0.0363582 0.0339742 0.03166 0.0293949 0.0271583 0.0249312 0.0226977 0.020445 0.0181643 0.0158503 0.0135003 0.0111143 0.00869407 0.00624247 0.0037638 0.0012629 -0.00125436 -0.00378141 -0.00631114 -0.00883564 -0.0113469 -0.0138363 -0.0162956 -0.0187165 -0.0210909 -0.0234116 -0.0256716 -0.0278649 -0.0299859 -0.0320302 -0.0339937 -0.0358735 -0.0376671 -0.0393727 -0.0409894 -0.0425166 -0.0439543 -0.045303 -0.0465637 -0.0477376 -0.0488261 -0.0498311 -0.0507545 -0.0515985 -0.0523649 -0.0530561 -0.0536741 -0.0542209 -0.0546985 -0.0551086 -0.0554527 -0.0557323 -0.0559485 -0.0561023 -0.0561943 -0.0562249 -0.0561943 -0.0561023 -0.0559485 -0.0557323 -0.0554527 -0.0551086 -0.0546985 -0.0542209 -0.0536741 -0.0530561 -0.0523649 -0.0515985 -0.0507545 -0.0498311 -0.0488261 -0.0477376 -0.0465637 -0.045303 -0.0439543 -0.0425166 -0.0409894 -0.0393727 -0.0376671 -0.0358735 -0.0339937 -0.0320302 -0.0299859 -0.0278649 -0.0256716 -0.0234116 -0.0210909 -0.0187165 -0.0162956 -0.0138363 -0.0113469 -0.00883564 -0.00631114 -0.00378141 -0.00125436 0.0012629 0.0037638 0.00624247 0.00869407 0.0111143 0.0135003 0.0158503 0.0181643 0.020445 0.0226977 0.0249312 0.0271583 0.0293949 0.03166 0.0339742 0.0363582 0.038833 0.041417 0.0441276 0.0469802 0.0499867 0.0531546 0.0564838 0.0599622 0.063564 0.0672484 0.0709595 0.0746321 0.078192 0.081555 0.0846279 0.0873068 0.0894783 0.0910346 0.0918862 0.0919649 0.0912249 0.0896405 0.0872 0.0839186 0.0798662 0.0751611 0.0699248 0.0642641 0.0583051 0.0522172 0.0461754 0.0403096 0.0347063 0.0294491 0.0246326 0.0203307 0.0165656 0.0133179 0.0105621 0.00828852 0.00649451 0.00516238 0.00424986 0.0037009 
0 0.0015864 0.0032769 0.00516993 0.0073483 0.00987112 0.0127792 0.0161132 0.0199236 0.0242524 0.029096 0.0343908 0.0400432 0.0459662 0.0520725 0.0582319 0.0642641 0.0699918 0.0752846 0.0800336 0.0841095 0.0873857 0.0897945 0.0913299 0.092005 0.0918393 0.0908804 0.0892095 0.0869287 0.0841534 0.0810011 0.0775768 0.0739744 0.0702841 0.0665872 0.0629523 0.0594352 0.0560735 0.0528868 0.0498843 0.0470658 0.0444248 0.0419521 0.0396342 0.0374531 0.0353886 0.0334171 0.0315146 0.0296584 0.0278276 0.0260046 0.0241752 0.0223273 0.0204523 0.0185429 0.0165938 0.0146019 0.0125652 0.010484 0.00836013 0.00619706 0.0040001 0.00177516 -0.000470456 -0.00272916 -0.00499313 -0.00725416 -0.00950465 -0.0117367 -0.0139432 -0.0161171 -0.0182517 -0.0203411 -0.0223792 -0.0243612 -0.0262818 -0.0281371 -0.0299232 -0.0316367 -0.0332752 -0.0348362 -0.0363182 -0.0377199 -0.0390406 -0.0402798 -0.0414377 -0.0425143 -0.0435104 -0.0444267 -0.0452641 -0.0460237 -0.0467064 -0.0473136 -0.0478463 -0.0483055 -0.0486922 -0.0490074 -0.0492517 -0.0494258 -0.04953 -0.0495648 -0.04953 -0.0494258 -0.0492517 -0.0490074 -0.0486922 -0.0483055 -0.0478463 -0.0473136 -0.0467064 -0.0460237 -0.0452641 -0.0444267 -0.0435104 -0.0425143 -0.0414377 -0.0402798 -0.0390406 -0.0377199 -0.0363182 -0.0348362 -0.0332752 -0.0316367 -0.0299232 -0.0281371 -0.0262818 -0.0243612 -0.0223792 -0.0203411 -0.0182517 -0.0161171 -0.0139432 -0.0117367 -0.00950465 -0.00725416 -0.00499313 -0.00272916 -0.000470456 0.00177516 0.0040001 0.00619706 0.00836013 0.010484 0.0125652 0.0146019 0.0165938 0.0185429 0.0204523 0.0223273 0.0241752 0.0260046 0.0278276 0.0296584 0.0315146 0.0334171 0.0353886 0.0374531 0.0396342 0.0419521 0.0444248 0.0470658 0.0498843 0.0528868 0.0560735 0.0594352 0.0629523 0.0665872 0.0702841 0.0739744 0.0775768 0.0810011 0.0841534 0.0869287 0.0892095 0.0908804 0.0918393 0.092005 0.0913299 0.0897945 0.0873857 0.0841095 0.0800336 0.0752846 0.0699918 0.0642641 0.058232 0.0520728 0.045967 0.0400457 0.0343975 0.0291125 0.0242907 0.0200065 0.0162815 0.0130998 0.0104439 0.0083104 0.00669499 0.00557154 0.00489163 
0 0.00197677 0.00408471 0.006432 0.00909154 0.012108 0.015521 0.0193822 0.0237425 0.0286131 0.0339428 0.0396404 0.0456163 0.0517828 0.0580121 0.0641215 0.0699248 0.0752846 0.0800892 0.0842041 0.0874945 0.0898925 0.0913992 0.0920274 0.0917886 0.0907335 0.0889593 0.0865789 0.083709 0.0804688 0.0769664 0.0733001 0.0695686 0.0658617 0.0622481 0.0587798 0.0554914 0.0523984 0.0495091 0.0468258 0.0443428 0.0420504 0.0399341 0.0379719 0.0361413 0.0344185 0.0327795 0.0312044 0.0296747 0.0281734 0.0266867 0.0252002 0.0237016 0.02218 0.0206251 0.01903 0.0173893 0.0157 0.0139619 0.0121758 0.0103449 0.00847308 0.00656486 0.00462605 0.00266188 0.000678892 -0.00131691 -0.00331901 -0.00532059 -0.00731534 -0.00929611 -0.0112567 -0.0131904 -0.015091 -0.0169528 -0.0187699 -0.0205376 -0.0222508 -0.0239058 -0.0254986 -0.0270262 -0.0284857 -0.0298749 -0.0311919 -0.0324353 -0.0336039 -0.0346968 -0.0357137 -0.0366539 -0.0375177 -0.0383048 -0.0390156 -0.0396502 -0.040209 -0.0406923 -0.0411006 -0.041434 -0.0416931 -0.0418778 -0.0419887 -0.0420255 -0.0419887 -0.0418778 -0.0416931 -0.041434 -0.0411006 -0.0406923 -0.040209 -0.0396502 -0.0390156 -0.0383048 -0.0375177 -0.0366539 -0.0357137 -0.0346968 -0.0336039 -0.0324353 -0.0311919 -0.0298749 -0.0284857 -0.0270262 -0.0254986 -0.0239058 -0.0222508 -0.0205376 -0.0187699 -0.0169528 -0.015091 -0.0131904 -0.0112567 -0.00929611 -0.00731534 -0.00532059 -0.00331901 -0.00131691 0.000678892 0.00266188 0.00462605 0.00656486 0.00847308 0.0103449 0.0121758 0.0139619 0.0157 0.0173893 0.01903 0.0206251 0.02218 0.0237016 0.0252002 0.0266867 0.0281734 0.0296747 0.0312044 0.0327795 0.0344185 0.0361413 0.0379719 0.0399341 0.0420504 0.0443428 0.0468258 0.0495091 0.0523984 0.0554914 0.0587798 0.0622481 0.0658617 0.0695686 0.0733001 0.0769664 0.0804688 0.083709 0.0865789 0.0889593 0.0907335 0.0917886 0.0920274 0.0913992 0.0898925 0.0874945 0.0842041 0.0800892 0.0752846 0.0699249 0.0641217 0.0580128 0.0517849 0.0456219 0.0396544 0.0339754 0.0286849 0.0238902 0.0196674 0.0160375 0.0129875 0.0105036 0.0085813 0.00721097 0.00636722 
