0 0 0 0 0 0 0 0 0 0 0 0 0 0 0 0 0 0 0 0 0 0 0 0 0 0 0 0 0 0 0 0 0 0 0 0 0 0 0 0 0 0 0 0 0 0 0 0 0 0 0 0 0 0 0 0 0 0 0 0 0 0 0 0 0 0 0 0 0 0 0 0 0 0 0 0 0 0 0 0 0 0 0 0 0 0 0 0 0 0 0 0 0 0 0 0 0 0 0 0 0 0 0 0 0 0 0 0 0 0 0 0 0 0 0 0 0 0 0 0 0 0 0 0 0 0 0 0 0 0 0 0 0 0 0 0 0 0 0 0 0 0 0 0 0 0 0 0 0 0 0 0 0 0 0 0 0 0 0 0 0 0 0 0 0 0 0 0 0 0 0 0 0 0 0 0 0 0 0 0 0 0 0 0 0 0 0 0 0 0 0 0 0 0 0 0 0 0 0 0 
0 1.37172e-11 5.41197e-11 1.92466e-10 6.51006e-10 2.10036e-09 6.46199e-09 1.89494e-08 5.29364e-08 1.40803e-07 3.5639e-07 8.57941e-07 1.96324e-06 4.26828e-06 8.81252e-06 1.72729e-05 3.21338e-05 5.67426e-05 9.51412e-05 0.000151605 0.000229935 0.000332743 0.000461096 0.000614934 0.000794392 0.0010017 0.00124288 0.00152827 0.00187123 0.00228523 0.00278023 0.00335979 0.00402012 0.00475127 0.00554007 0.00637324 0.00723956 0.00813022 0.00903749 0.00995233 0.0108622 0.01175 0.012594 0.0133701 0.014054 0.0146235 0.015061 0.0153539 0.0154951 0.0154824 0.015317 0.0150029 0.014546 0.0139536 0.0132344 0.0123985 0.0114576 0.0104248 0.00931508 0.0081443 0.00692924 0.00568684 0.00443362 0.00318515 0.00195557 0.000757251 -0.000399351 -0.0015058 -0.00255563 -0.00354419 -0.00446847 -0.00532693 -0.00611921 -0.006846 -0.00750878 -0.0081097 -0.0086514 -0.0091369 -0.00956949 -0.00995263 -0.0102899 -0.0105849 -0.0108413 -0.0110625 -0.011252 -0.0114132 -0.0115492 -0.0116629 -0.0117572 -0.0118346 -0.0118975 -0.011948 -0.0119881 -0.0120196 -0.0120439 -0.0120623 -0.0120758 -0.0120855 -0.0120919 -0.0120956 -0.0120968 -0.0120956 -0.0120919 -0.0120855 -0.0120758 -0.0120623 -0.0120439 -0.0120196 -0.0119881 -0.011948 -0.0118975 -0.0118346 -0.0117572 -0.0116629 -0.0115492 -0.0114132 -0.011252 -0.0110625 -0.0108413 -0.0105849 -0.0102899 -0.00995263 -0.00956949 -0.0091369 -0.0086514 -0.0081097 -0.00750878 -0.006846 -0.00611921 -0.00532693 -0.00446847 -0.00354419 -0.00255563 -0.0015058 -0.000399351 0.000757251 0.00195557 0.00318515 0.00443362 0.00568684 0.00692924 0.0081443 0.00931508 0.0104248 0.0114576 0.0123985 0.0132344 0.0139536 0.014546 0.0150029 0.015317 0.0154824 0.0154951 0.0153539 0.015061 0.0146235 0.014054 0.0133701 0.012594 0.01175 0.0108622 0.00995233 0.00903749 0.00813022 0.00723956 0.00637324 0.00554007 0.00475127 0.00402012 0.00335979 0.00278023 0.00228523 0.00187123 0.00152827 0.00124288 0.0010017 0.000794392 0.000614934 0.000461096 0.000332743 0.000229935 0.000151605 9.51412e-05 5.67426e-05 3.21338e-05 1.72729e-05 8.81252e-06 4.26828e-06 1.96324e-06 8.57941e-07 3.5639e-07 1.40803e-07 5.29364e-08 1.89494e-08 6.46199e-09 2.10035e-09 6.50952e-10 1.92246e-10 5.32656e-11 1.05788e-11 
0 5.41197e-11 2.07511e-10 7.1462e-10 2.33929e-09 7.30276e-09 2.17363e-08 6.16554e-08 1.6658e-07 4.28467e-07 1.04864e-06 2.44082e-06 5.40064e-06 1.13549e-05 2.26788e-05 4.30228e-05 7.75284e-05 0.000132765 0.000216244 0.000335487 0.000496891 0.000704871 0.000961903 0.00126985 0.00163238 0.00205761 0.00255966 0.00315798 0.00387427 0.00472788 0.00573129 0.00688743 0.00818957 0.00962349 0.0111708 0.0128117 0.0145263 0.0162943 0.0180932 0.0198967 0.0216731 0.0233859 0.0249952 0.0264598 0.0277403 0.0288015 0.0296139 0.0301552 0.0304099 0.0303699 0.0300334 0.0294045 0.0284929 0.0273133 0.0258846 0.02423 0.0223757 0.0203508 0.018186 0.0159132 0.0135641 0.0111697 0.00875944 0.0063606 0.00399784 0.00169287 -0.00053574 -0.00267261 -0.00470549 -0.00662511 -0.00842498 -0.0101012 -0.011652 -0.0130777 -0.0143803 -0.0155633 -0.0166312 -0.0175895 -0.0184443 -0.0192022 -0.0198702 -0.0204554 -0.0209648 -0.0214053 -0.0217838 -0.0221068 -0.0223804 -0.0226104 -0.0228023 -0.022961 -0.0230911 -0.0231967 -0.0232816 -0.023349 -0.0234017 -0.0234422 -0.0234726 -0.0234946 -0.0235093 -0.0235178 -0.0235206 -0.0235178 -0.0235093 -0.0234946 -0.0234726 -0.0234422 -0.0234017 -0.023349 -0.0232816 -0.0231967 -0.0230911 -0.022961 -0.0228023 -0.0226104 -0.0223804 -0.0221068 -0.0217838 -0.0214053 -0.0209648 -0.0204554 -0.0198702 -0.0192022 -0.0184443 -0.0175895 -0.0166312 -0.0155633 -0.0143803 -0.0130777 -0.011652 -0.0101012 -0.00842498 -0.00662511 -0.00470549 -0.00267261 -0.00053574 0.00169287 0.00399784 0.0063606 0.00875944 0.0111697 0.0135641 0.0159132 0.018186 0.0203508 0.0223757 0.02423 0.0258846 0.0273133 0.0284929 0.0294045 0.0300334 0.0303699 0.0304099 0.0301552 0.0296139 0.0288015 0.0277403 0.0264598 0.0249952 0.0233859 0.0216731 0.0198967 0.0180932 0.0162943 0.0145263 0.0128117 0.0111708 0.00962349 0.00818957 0.00688743 0.00573129 0.00472788 0.00387427 0.00315798 0.00255966 0.00205761 0.00163238 0.00126985 0.000961903 0.000704871 0.000496891 0.000335487 0.000216244 0.000132765 7.75284e-05 4.30228e-05 2.26788e-05 1.13549e-05 5.40064e-06 2.44082e-06 1.04864e-06 4.28467e-07 1.6658e-07 6.16554e-08 2.17363e-08 7.30271e-09 2.33907e-09 7.13747e-10 2.04261e-10 4.26575e-11 
0 1.92466e-10 7.1462e-10 2.37223e-09 7.47731e-09 2.24628e-08 6.43016e-08 1.75308e-07 4.54961e-07 1.12333e-06 2.63747e-06 5.88584e-06 1.24798e-05 2.51345e-05 4.80796e-05 8.73686e-05 0.0001509 0.000247974 0.000388362 0.000581119 0.000833683 0.0011519 0.00154134 0.00200973 0.00256934 0.00323822 0.00403909 0.00499616 0.0061309 0.0074585 0.00898614 0.0107133 0.0126332 0.0147341 0.0169995 0.0194075 0.0219292 0.0245281 0.0271599 0.0297746 0.0323186 0.0347376 0.0369786 0.038992 0.0407321 0.0421581 0.0432344 0.0439312 0.0442261 0.0441045 0.0435608 0.0425992 0.0412333 0.0394859 0.0373872 0.034974 0.0322874 0.0293712 0.0262706 0.0230303 0.0196939 0.0163027 0.0128953 0.00950703 0.0061699 0.00291211 -0.00024189 -0.00327147 -0.00615981 -0.00889378 -0.0114638 -0.0138637 -0.0160902 -0.018143 -0.0200241 -0.0217377 -0.0232895 -0.0246869 -0.0259382 -0.0270523 -0.0280388 -0.0289074 -0.029668 -0.0303302 -0.0309034 -0.0313967 -0.0318186 -0.0321773 -0.03248 -0.0327339 -0.0329453 -0.0331197 -0.0332625 -0.033378 -0.0334703 -0.0335428 -0.0335983 -0.0336391 -0.0336669 -0.0336831 -0.0336885 -0.0336831 -0.0336669 -0.0336391 -0.0335983 -0.0335428 -0.0334703 -0.033378 -0.0332625 -0.0331197 -0.0329453 -0.0327339 -0.03248 -0.0321773 -0.0318186 -0.0313967 -0.0309034 -0.0303302 -0.029668 -0.0289074 -0.0280388 -0.0270523 -0.0259382 -0.0246869 -0.0232895 -0.0217377 -0.0200241 -0.018143 -0.0160902 -0.0138637 -0.0114638 -0.00889378 -0.00615981 -0.00327147 -0.00024189 0.00291211 0.0061699 0.00950703 0.0128953 0.0163027 0.0196939 0.0230303 0.0262706 0.0293712 0.0322874 0.034974 0.0373872 0.0394859 0.0412333 0.0425992 0.0435608 0.0441045 0.0442261 0.0439312 0.0432344 0.0421581 0.0407321 0.038992 0.0369786 0.0347376 0.0323186 0.0297746 0.0271599 0.0245281 0.0219292 0.0194075 0.0169995 0.0147341 0.0126332 0.0107133 0.00898614 0.0074585 0.0061309 0.00499616 0.00403909 0.00323822 0.00256934 0.00200973 0.00154134 0.0011519 0.000833683 0.000581119 0.000388362 0.000247974 0.0001509 8.73686e-05 4.80796e-05 2.51345e-05 1.24798e-05 5.88584e-06 2.63747e-06 1.12333e-06 4.54961e-07 1.75308e-07 6.43016e-08 2.24626e-08 7.47649e-09 2.36914e-09 7.03634e-10 1.5559e-10 
0 6.51006e-10 2.33929e-09 7.47731e-09 2.26638e-08 6.54183e-08 1.79789e-07 4.70204e-07 1.16955e-06 2.76516e-06 6.21107e-06 1.32486e-05 2.68285e-05 5.157e-05 9.41129e-05 0.000163156 0.000268998 0.000422575 0.000634278 0.000913196 0.00126746 0.001706 0.00224122 0.00289122 0.00368011 0.00463555 0.00578436 0.00714802 0.00874013 0.0105668 0.0126288 0.0149242 0.0174486 0.0201931 0.0231406 0.0262622 0.0295151 0.0328441 0.0361849 0.0394685 0.042626 0.0455913 0.0483034 0.0507064 0.0527493 0.0543865 0.0555784 0.0562922 0.0565042 0.0562007 0.0553796 0.0540506 0.0522344 0.0499621 0.0472732 0.0442134 0.0408332 0.0371853 0.0333235 0.0293009 0.0251691 0.0209769 0.0167702 0.0125907 0.00847636 0.0044604 0.000571562 -0.00316605 -0.00673291 -0.010114 -0.0132983 -0.016279 -0.0190525 -0.0216187 -0.02398 -0.0261411 -0.0281088 -0.0298913 -0.0314981 -0.0329393 -0.0342258 -0.0353686 -0.0363789 -0.0372678 -0.0380459 -0.0387238 -0.0393113 -0.0398178 -0.0402521 -0.0406222 -0.0409357 -0.0411992 -0.041419 -0.0416003 -0.0417481 -0.0418663 -0.0419583 -0.0420271 -0.0420746 -0.0421026 -0.0421118 -0.0421026 -0.0420746 -0.0420271 -0.0419583 -0.0418663 -0.0417481 -0.0416003 -0.041419 -0.0411992 -0.0409357 -0.0406222 -0.0402521 -0.0398178 -0.0393113 -0.0387238 -0.0380459 -0.0372678 -0.0363789 -0.0353686 -0.0342258 -0.0329393 -0.0314981 -0.0298913 -0.0281088 -0.0261411 -0.02398 -0.0216187 -0.0190525 -0.016279 -0.0132983 -0.010114 -0.00673291 -0.00316605 0.000571562 0.0044604 0.00847636 0.0125907 0.0167702 0.0209769 0.0251691 0.0293009 0.0333235 0.0371853 0.0408332 0.0442134 0.0472732 0.0499621 0.0522344 0.0540506 0.0553796 0.0562007 0.0565042 0.0562922 0.0555784 0.0543865 0.0527493 0.0507064 0.0483034 0.0455913 0.042626 0.0394685 0.0361849 0.0328441 0.0295151 0.0262622 0.0231406 0.0201931 0.0174486 0.0149242 0.0126288 0.0105668 0.00874013 0.00714802 0.00578436 0.00463555 0.00368011 0.00289122 0.00224122 0.001706 0.00126746 0.000913196 0.000634278 0.000422575 0.000268998 0.000163156 9.41129e-05 5.157e-05 2.68285e-05 1.32486e-05 6.21107e-06 2.76516e-06 1.16955e-06 4.70204e-07 1.79789e-07 6.54175e-08 2.26609e-08 7.46702e-09 2.30453e-09 5.40586e-10 
0 2.10036e-09 7.30276e-09 2.24628e-08 6.54183e-08 1.81265e-07 4.77788e-07 1.1973e-06 2.85069e-06 6.44495e-06 1.3829e-05 2.81511e-05 5.43564e-05 9.95644e-05 0.000173098 0.000285964 0.000449801 0.000675652 0.000973333 0.00135215 0.00182324 0.00240276 0.00311413 0.00398763 0.00505656 0.00635146 0.00789497 0.00969996 0.0117713 0.0141097 0.0167148 0.019585 0.0227141 0.0260865 0.0296725 0.0334274 0.0372926 0.0411994 0.0450735 0.0488391 0.0524212 0.0557474 0.0587489 0.0613616 0.0635276 0.0651972 0.0663306 0.0668996 0.0668883 0.0662936 0.0651246 0.0634011 0.0611527 0.0584171 0.0552386 0.051667 0.0477556 0.0435607 0.0391394 0.0345493 0.0298462 0.0250837 0.0203122 0.0155775 0.0109207 0.0063777 0.0019789 -0.00225057 -0.00629082 -0.0101268 -0.0137479 -0.0171477 -0.020323 -0.0232742 -0.0260039 -0.028517 -0.0308205 -0.0329225 -0.0348324 -0.0365604 -0.0381173 -0.0395142 -0.0407623 -0.0418728 -0.0428566 -0.0437246 -0.0444869 -0.0451533 -0.045733 -0.0462347 -0.0466662 -0.0470349 -0.0473472 -0.0476091 -0.0478257 -0.0480014 -0.0481401 -0.0482449 -0.048318 -0.0483612 -0.0483754 -0.0483612 -0.048318 -0.0482449 -0.0481401 -0.0480014 -0.0478257 -0.0476091 -0.0473472 -0.0470349 -0.0466662 -0.0462347 -0.045733 -0.0451533 -0.0444869 -0.0437246 -0.0428566 -0.0418728 -0.0407623 -0.0395142 -0.0381173 -0.0365604 -0.0348324 -0.0329225 -0.0308205 -0.028517 -0.0260039 -0.0232742 -0.020323 -0.0171477 -0.0137479 -0.0101268 -0.00629082 -0.00225057 0.0019789 0.0063777 0.0109207 0.0155775 0.0203122 0.0250837 0.0298462 0.0345493 0.0391394 0.0435607 0.0477556 0.051667 0.0552386 0.0584171 0.0611527 0.0634011 0.0651246 0.0662936 0.0668883 0.0668996 0.0663306 0.0651972 0.0635276 0.0613616 0.0587489 0.0557474 0.0524212 0.0488391 0.0450735 0.0411994 0.0372926 0.0334274 0.0296725 0.0260865 0.0227141 0.019585 0.0167148 0.0141097 0.0117713 0.00969996 0.00789497 0.00635146 0.00505656 0.00398763 0.00311413 0.00240276 0.00182324 0.00135215 0.000973333 0.000675652 0.000449801 0.000285964 0.000173098 9.95644e-05 5.43564e-05 2.81511e-05 1.3829e-05 6.44495e-06 2.85069e-06 1.1973e-06 4.77787e-07 1.81262e-07 6.54088e-08 2.24306e-08 7.20001e-09 1.79403e-09 
0 6.46199e-09 2.17363e-08 6.43016e-08 1.79789e-07 4.77788e-07 1.20665e-06 2.89421e-06 6.58859e-06 1.42269e-05 2.91258e-05 5.65162e-05 0.000103945 0.000181292 0.00030018 0.000472805 0.000710639 0.00102386 0.00142243 0.00191898 0.00253251 0.0032907 0.00422883 0.00538474 0.00679197 0.00847447 0.0104456 0.0127112 0.0152742 0.0181369 0.021299 0.0247529 0.0284787 0.0324406 0.0365886 0.0408607 0.0451881 0.0494979 0.053715 0.0577629 0.0615637 0.0650396 0.0681157 0.070723 0.0728025 0.0743081 0.0752082 0.0754861 0.0751392 0.0741775 0.0726215 0.0705006 0.0678515 0.064717 0.0611453 0.0571885 0.0529022 0.0483439 0.0435719 0.0386439 0.033616 0.0285411 0.0234684 0.0184424 0.0135025 0.00868283 0.00401221 -0.000485674 -0.00479202 -0.00889255 -0.0127771 -0.0164392 -0.0198756 -0.023086 -0.0260725 -0.0288393 -0.0313925 -0.0337393 -0.0358883 -0.0378488 -0.0396309 -0.0412448 -0.0427012 -0.0440107 -0.0451837 -0.0462306 -0.0471611 -0.0479848 -0.0487106 -0.0493469 -0.0499015 -0.0503816 -0.0507936 -0.0511435 -0.0514363 -0.0516765 -0.0518679 -0.0520136 -0.052116 -0.0521767 -0.0521968 -0.0521767 -0.052116 -0.0520136 -0.0518679 -0.0516765 -0.0514363 -0.0511435 -0.0507936 -0.0503816 -0.0499015 -0.0493469 -0.0487106 -0.0479848 -0.0471611 -0.0462306 -0.0451837 -0.0440107 -0.0427012 -0.0412448 -0.0396309 -0.0378488 -0.0358883 -0.0337393 -0.0313925 -0.0288393 -0.0260725 -0.023086 -0.0198756 -0.0164392 -0.0127771 -0.00889255 -0.00479202 -0.000485674 0.00401221 0.00868283 0.0135025 0.0184424 0.0234684 0.0285411 0.033616 0.0386439 0.0435719 0.0483439 0.0529022 0.0571885 0.0611453 0.064717 0.0678515 0.0705006 0.0726215 0.0741775 0.0751392 0.0754861 0.0752082 0.0743081 0.0728025 0.070723 0.0681157 0.0650396 0.0615637 0.0577629 0.053715 0.0494979 0.0451881 0.0408607 0.0365886 0.0324406 0.0284787 0.0247529 0.021299 0.0181369 0.0152742 0.0127112 0.0104456 0.00847447 0.00679197 0.00538474 0.00422883 0.0032907 0.00253251 0.00191898 0.00142243 0.00102386 0.000710639 0.000472805 0.00030018 0.000181292 0.000103945 5.65162e-05 2.91258e-05 1.42269e-05 6.58859e-06 2.89421e-06 1.20665e-06 4.77779e-07 1.7976e-07 6.42077e-08 2.14553e-08 5.686e-09 
0 1.89494e-08 6.16554e-08 1.75308e-07 4.70204e-07 1.1973e-06 2.89421e-06 6.63713e-06 1.44298e-05 2.97254e-05 5.79986e-05 0.000107176 0.000187647 0.000311608 0.000491781 0.00074002 0.00106679 0.00148256 0.00200118 0.00264407 0.00344251 0.00443573 0.00566474 0.00716459 0.00895942 0.0110629 0.0134829 0.0162264 0.0192998 0.0227049 0.0264321 0.030455 0.0347293 0.0391971 0.0437914 0.0484415 0.053075 0.0576172 0.0619912 0.0661167 0.0699128 0.0733007 0.0762087 0.0785758 0.0803547 0.0815133 0.082034 0.0819132 0.0811593 0.0797915 0.077838 0.0753353 0.0723268 0.0688614 0.0649924 0.060776 0.0562697 0.0515309 0.0466155 0.0415772 0.0364663 0.0313291 0.0262082 0.0211413 0.0161621 0.0112999 0.00657978 0.0020226 -0.00235451 -0.00653814 -0.0105183 -0.0142883 -0.0178442 -0.0211847 -0.0243108 -0.0272254 -0.0299334 -0.0324407 -0.0347545 -0.0368828 -0.0388343 -0.0406179 -0.0422429 -0.0437188 -0.0450547 -0.0462599 -0.047343 -0.0483126 -0.0491767 -0.0499429 -0.0506183 -0.0512094 -0.0517221 -0.0521618 -0.0525332 -0.0528405 -0.0530871 -0.0532759 -0.0534092 -0.0534885 -0.0535149 -0.0534885 -0.0534092 -0.0532759 -0.0530871 -0.0528405 -0.0525332 -0.0521618 -0.0517221 -0.0512094 -0.0506183 -0.0499429 -0.0491767 -0.0483126 -0.047343 -0.0462599 -0.0450547 -0.0437188 -0.0422429 -0.0406179 -0.0388343 -0.0368828 -0.0347545 -0.0324407 -0.0299334 -0.0272254 -0.0243108 -0.0211847 -0.0178442 -0.0142883 -0.0105183 -0.00653814 -0.00235451 0.0020226 0.00657978 0.0112999 0.0161621 0.0211413 0.0262082 0.0313291 0.0364663 0.0415772 0.0466155 0.0515309 0.0562697 0.060776 0.0649924 0.0688614 0.0723268 0.0753353 0.077838 0.0797915 0.0811593 0.0819132 0.082034 0.0815133 0.0803547 0.0785758 0.0762087 0.0733007 0.0699128 0.0661167 0.0619912 0.0576172 0.053075 0.0484415 0.0437914 0.0391971 0.0347293 0.030455 0.0264321 0.0227049 0.0192998 0.0162264 0.0134829 0.0110629 0.00895942 0.00716459 0.00566474 0.00443573 0.00344251 0.00264407 0.00200118 0.00148256 0.00106679 0.00074002 0.000491781 0.000311608 0.000187647 0.000107176 5.79986e-05 2.97254e-05 1.44298e-05 6.63713e-06 2.89421e-06 1.19727e-06 4.7012e-07 1.75055e-07 6.09555e-08 1.72048e-08 
0 5.29364e-08 1.6658e-07 4.54961e-07 1.16955e-06 2.85069e-06 6.58859e-06 1.44298e-05 2.99279e-05 5.87533e-05 0.000109159 0.000191992 0.000319994 0.000506407 0.00076348 0.00110198 0.00153285 0.0020711 0.0027404 0.00357528 0.00461835 0.00591291 0.00749444 0.00938625 0.0116018 0.0141508 0.0170445 0.0202936 0.0239015 0.0278556 0.032123 0.0366522 0.0413788 0.046232 0.0511386 0.0560232 0.0608076 0.0654095 0.0697446 0.0737293 0.0772861 0.0803474 0.0828584 0.0847782 0.0860794 0.0867471 0.0867777 0.0861784 0.0849667 0.0831697 0.0808238 0.0779733 0.0746685 0.0709641 0.066917 0.062584 0.0580207 0.0532797 0.0484103 0.0434581 0.0384645 0.033467 0.0284996 0.0235925 0.0187726 0.0140634 0.00948526 0.0050553 0.000787707 -0.00330626 -0.00721804 -0.0109416 -0.0144734 -0.0178116 -0.0209566 -0.0239102 -0.0266754 -0.0292567 -0.0316593 -0.033889 -0.0359524 -0.0378563 -0.0396079 -0.0412144 -0.0426831 -0.0440214 -0.0452362 -0.0463345 -0.0473229 -0.0482076 -0.0489947 -0.0496895 -0.0502973 -0.0508224 -0.0512691 -0.051641 -0.051941 -0.0521717 -0.0523351 -0.0524326 -0.052465 -0.0524326 -0.0523351 -0.0521717 -0.051941 -0.051641 -0.0512691 -0.0508224 -0.0502973 -0.0496895 -0.0489947 -0.0482076 -0.0473229 -0.0463345 -0.0452362 -0.0440214 -0.0426831 -0.0412144 -0.0396079 -0.0378563 -0.0359524 -0.033889 -0.0316593 -0.0292567 -0.0266754 -0.0239102 -0.0209566 -0.0178116 -0.0144734 -0.0109416 -0.00721804 -0.00330626 0.000787707 0.0050553 0.00948526 0.0140634 0.0187726 0.0235925 0.0284996 0.033467 0.0384645 0.0434581 0.0484103 0.0532797 0.0580207 0.062584 0.066917 0.0709641 0.0746685 0.0779733 0.0808238 0.0831697 0.0849667 0.0861784 0.0867777 0.0867471 0.0860794 0.0847782 0.0828584 0.0803474 0.0772861 0.0737293 0.0697446 0.0654095 0.0608076 0.0560232 0.0511386 0.046232 0.0413788 0.0366522 0.032123 0.0278556 0.0239015 0.0202936 0.0170445 0.0141508 0.0116018 0.00938625 0.00749444 0.00591291 0.00461835 0.00357528 0.0027404 0.0020711 0.00153285 0.00110198 0.00076348 0.000506407 0.000319994 0.000191992 0.000109159 5.87533e-05 2.99279e-05 1.44298e-05 6.58857e-06 2.85061e-06 1.16933e-06 4.54341e-07 1.65042e-07 4.96825e-08 
0 1.40803e-07 4.28467e-07 1.12333e-06 2.76516e-06 6.44495e-06 1.42269e-05 2.97254e-05 5.87533e-05 0.000109827 0.000194198 0.000325119 0.000516354 0.000780583 0.00112891 0.00157276 0.00212825 0.00282115 0.00368902 0.00477757 0.00613196 0.00778756 0.00976649 0.0120817 0.0147451 0.0177714 0.0211746 0.0249577 0.0291035 0.0335724 0.0383069 0.0432391 0.0482969 0.0534053 0.0584847 0.0634498 0.0682102 0.0726746 0.0767568 0.0803813 0.0834866 0.0860262 0.0879678 0.0892911 0.0899872 0.0900569 0.0895112 0.0883709 0.0866667 0.0844379 0.081731 0.0785973 0.0750908 0.0712662 0.0671768 0.0628736 0.0584044 0.0538134 0.0491413 0.0444248 0.0396972 0.0349885 0.0303249 0.0257297 0.021223 0.0168218 0.0125405 0.00839108 0.00438299 0.0005238 -0.00318076 -0.00672654 -0.0101108 -0.013332 -0.0163897 -0.0192845 -0.0220176 -0.0245912 -0.0270081 -0.0292715 -0.0313852 -0.0333535 -0.035181 -0.0368723 -0.0384325 -0.0398666 -0.0411797 -0.0423768 -0.0434628 -0.0444425 -0.0453205 -0.046101 -0.046788 -0.0473853 -0.047896 -0.0483231 -0.0486691 -0.048936 -0.0491256 -0.0492388 -0.0492765 -0.0492388 -0.0491256 -0.048936 -0.0486691 -0.0483231 -0.047896 -0.0473853 -0.046788 -0.046101 -0.0453205 -0.0444425 -0.0434628 -0.0423768 -0.0411797 -0.0398666 -0.0384325 -0.0368723 -0.035181 -0.0333535 -0.0313852 -0.0292715 -0.0270081 -0.0245912 -0.0220176 -0.0192845 -0.0163897 -0.013332 -0.0101108 -0.00672654 -0.00318076 0.0005238 0.00438299 0.00839108 0.0125405 0.0168218 0.021223 0.0257297 0.0303249 0.0349885 0.0396972 0.0444248 0.0491413 0.0538134 0.0584044 0.0628736 0.0671768 0.0712662 0.0750908 0.0785973 0.081731 0.0844379 0.0866667 0.0883709 0.0895112 0.0900569 0.0899872 0.0892911 0.0879678 0.0860262 0.0834866 0.0803813 0.0767568 0.0726746 0.0682102 0.0634498 0.0584847 0.0534053 0.0482969 0.0432391 0.0383069 0.0335724 0.0291035 0.0249577 0.0211746 0.0177714 0.0147451 0.0120817 0.00976649 0.00778756 0.00613196 0.00477757 0.00368902 0.00282115 0.00212825 0.00157276 0.00112891 0.000780583 0.000516354 0.000325119 0.000194198 0.000109827 5.87533e-05 2.97254e-05 1.42269e-05 6.44476e-06 2.76462e-06 1.122e-06 4.25709e-07 1.36872e-07 
0 3.5639e-07 1.04864e-06 2.63747e-06 6.21107e-06 1.3829e-05 2.91258e-05 5.79986e-05 0.000109159 0.000194198 0.000326843 0.000521388 0.000790985 0.00114713 0.00160172 0.00217186 0.00288528 0.00378233 0.00491164 0.00632 0.00804264 0.0101005 0.0125063 0.015274 0.0184221 0.0219664 0.0259073 0.0302214 0.0348617 0.0397658 0.0448642 0.0500847 0.05535 0.0605753 0.0656669 0.0705261 0.0750565 0.0791708 0.0827965 0.0858771 0.088372 0.0902544 0.0915095 0.0921342 0.0921368 0.0915371 0.0903658 0.0886629 0.0864755 0.0838549 0.0808543 0.0775265 0.0739224 0.0700903 0.0660754 0.0619196 0.0576618 0.0533374 0.0489786 0.0446142 0.0402692 0.0359655 0.0317212 0.0275517 0.0234693 0.0194841 0.0156039 0.0118354 0.00818352 0.00465258 0.00124595 -0.0020336 -0.00518386 -0.00820309 -0.01109 -0.013844 -0.0164646 -0.018952 -0.021307 -0.0235305 -0.0256242 -0.0275898 -0.0294298 -0.0311465 -0.0327427 -0.0342214 -0.0355856 -0.0368386 -0.0379833 -0.039023 -0.0399607 -0.0407993 -0.0415415 -0.04219 -0.0427471 -0.0432148 -0.043595 -0.043889 -0.0440982 -0.0442234 -0.0442651 -0.0442234 -0.0440982 -0.043889 -0.043595 -0.0432148 -0.0427471 -0.04219 -0.0415415 -0.0407993 -0.0399607 -0.039023 -0.0379833 -0.0368386 -0.0355856 -0.0342214 -0.0327427 -0.0311465 -0.0294298 -0.0275898 -0.0256242 -0.0235305 -0.021307 -0.018952 -0.0164646 -0.013844 -0.01109 -0.00820309 -0.00518386 -0.0020336 0.00124595 0.00465258 0.00818352 0.0118354 0.0156039 0.0194841 0.0234693 0.0275517 0.0317212 0.0359655 0.0402692 0.0446142 0.0489786 0.0533374 0.0576618 0.0619196 0.0660754 0.0700903 0.0739224 0.0775265 0.0808543 0.0838549 0.0864755 0.0886629 0.0903658 0.0915371 0.0921368 0.0921342 0.0915095 0.0902544 0.088372 0.0858771 0.0827965 0.0791708 0.0750565 0.0705261 0.0656669 0.0605753 0.05535 0.0500847 0.0448642 0.0397658 0.0348617 0.0302214 0.0259073 0.0219664 0.0184221 0.015274 0.0125063 0.0101005 0.00804264 0.00632 0.00491164 0.00378233 0.00288528 0.00217186 0.00160172 0.00114713 0.000790985 0.000521388 0.000326843 0.000194198 0.000109159 5.79986e-05 2.91257e-05 1.38285e-05 6.20995e-06 2.63518e-06 1.04572e-06 3.5961e-07 
0 8.57941e-07 2.44082e-06 5.88584e-06 1.32486e-05 2.81511e-05 5.65162e-05 0.000107176 0.000191992 0.000325119 0.000521388 0.000794477 0.00115632 0.00161927 0.00220131 0.00293182 0.00385376 0.00501841 0.00647428 0.00825652 0.0103851 0.012873 0.0157367 0.0189979 0.0226734 0.0267597 0.0312258 0.0360175 0.0410685 0.0463088 0.0516651 0.0570561 0.0623892 0.067562 0.0724696 0.0770133 0.0811084 0.0846864 0.0876952 0.0900969 0.0918669 0.0929937 0.0934797 0.093342 0.0926116 0.0913312 0.0895522 0.0873307 0.0847242 0.0817888 0.0785777 0.0751407 0.0715234 0.0677679 0.0639122 0.0599906 0.0560335 0.0520673 0.0481141 0.0441924 0.0403168 0.036499 0.0327478 0.0290701 0.0254712 0.0219552 0.0185257 0.0151854 0.0119372 0.0087833 0.00572608 0.00276763 -9.00823e-05 -0.00284528 -0.00549639 -0.00804205 -0.0104811 -0.0128128 -0.0150363 -0.0171515 -0.0191582 -0.0210565 -0.0228468 -0.0245298 -0.0261063 -0.0275773 -0.0289439 -0.0302075 -0.0313695 -0.0324313 -0.0333943 -0.0342602 -0.0350304 -0.0357062 -0.036289 -0.03678 -0.0371802 -0.0374905 -0.0377116 -0.0378441 -0.0378882 -0.0378441 -0.0377116 -0.0374905 -0.0371802 -0.03678 -0.036289 -0.0357062 -0.0350304 -0.0342602 -0.0333943 -0.0324313 -0.0313695 -0.0302075 -0.0289439 -0.0275773 -0.0261063 -0.0245298 -0.0228468 -0.0210565 -0.0191582 -0.0171515 -0.0150363 -0.0128128 -0.0104811 -0.00804205 -0.00549639 -0.00284528 -9.00823e-05 0.00276763 0.00572608 0.0087833 0.0119372 0.0151854 0.0185257 0.0219552 0.0254712 0.0290701 0.0327478 0.036499 0.0403168 0.0441924 0.0481141 0.0520673 0.0560335 0.0599906 0.0639122 0.0677679 0.0715234 0.0751407 0.0785777 0.0817888 0.0847242 0.0873307 0.0895522 0.0913312 0.0926116 0.093342 0.0934797 0.0929937 0.0918669 0.0900969 0.0876952 0.0846864 0.0811084 0.0770133 0.0724696 0.067562 0.0623892 0.0570561 0.0516651 0.0463088 0.0410685 0.0360175 0.0312258 0.0267597 0.0226734 0.0189979 0.0157367 0.012873 0.0103851 0.00825652 0.00647428 0.00501841 0.00385376 0.00293182 0.00220131 0.00161927 0.00115632 0.000794477 0.000521388 0.000325119 0.000191992 0.000107176 5.65158e-05 2.81501e-05 1.32467e-05 5.88381e-06 2.44553e-06 9.0078e-07 
0 1.96324e-06 5.40064e-06 1.24798e-05 2.68285e-05 5.43564e-05 0.000103945 0.000187647 0.000319994 0.000516354 0.000790985 0.00115632 0.00162515 0.00221614 0.00296006 0.00390207 0.00509607 0.00659229 0.00842618 0.0106171 0.0131786 0.0161296 0.0194952 0.0232923 0.0275128 0.0321177 0.0370464 0.0422301 0.0475985 0.0530757 0.0585732 0.0639886 0.0692107 0.0741304 0.0786505 0.0826901 0.0861851 0.0890856 0.091355 0.0929705 0.0939246 0.0942272 0.0939056 0.0930021 0.09157 0.0896693 0.0873626 0.0847117 0.0817761 0.0786117 0.0752704 0.0717998 0.0682425 0.0646358 0.0610111 0.0573943 0.0538051 0.0502583 0.0467643 0.0433298 0.0399591 0.0366544 0.0334171 0.0302479 0.0271472 0.0241155 0.0211533 0.0182613 0.01544 0.0126905 0.0100138 0.0074109 0.00488311 0.00243179 5.84008e-05 -0.00223551 -0.00444835 -0.00657847 -0.00862426 -0.0105842 -0.0124567 -0.0142405 -0.0159345 -0.0175375 -0.0190488 -0.0204678 -0.0217939 -0.0230271 -0.024167 -0.0252139 -0.026168 -0.0270294 -0.0277986 -0.0284759 -0.0290618 -0.0295567 -0.029961 -0.0302751 -0.0304992 -0.0306336 -0.0306784 -0.0306336 -0.0304992 -0.0302751 -0.029961 -0.0295567 -0.0290618 -0.0284759 -0.0277986 -0.0270294 -0.026168 -0.0252139 -0.024167 -0.0230271 -0.0217939 -0.0204678 -0.0190488 -0.0175375 -0.0159345 -0.0142405 -0.0124567 -0.0105842 -0.00862426 -0.00657847 -0.00444835 -0.00223551 5.84008e-05 0.00243179 0.00488311 0.0074109 0.0100138 0.0126905 0.01544 0.0182613 0.0211533 0.0241155 0.0271472 0.0302479 0.0334171 0.0366544 0.0399591 0.0433298 0.0467643 0.0502583 0.0538051 0.0573943 0.0610111 0.0646358 0.0682425 0.0717998 0.0752704 0.0786117 0.0817761 0.0847117 0.0873626 0.0896693 0.09157 0.0930021 0.0939056 0.0942272 0.0939246 0.0929705 0.091355 0.0890856 0.0861851 0.0826901 0.0786505 0.0741304 0.0692107 0.0639886 0.0585732 0.0530757 0.0475985 0.0422301 0.0370464 0.0321177 0.0275128 0.0232923 0.0194952 0.0161296 0.0131786 0.0106171 0.00842618 0.00659229 0.00509607 0.00390207 0.00296006 0.00221614 0.00162515 0.00115632 0.000790985 0.000516354 0.000319994 0.000187646 0.000103945 5.43549e-05 2.68272e-05 1.24856e-05 5.44378e-06 2.15055e-06 
0 4.26828e-06 1.13549e-05 2.51345e-05 5.157e-05 9.95644e-05 0.000181292 0.000311608 0.000506407 0.000780583 0.00114713 0.00161927 0.00221614 0.00296952 0.00392645 0.00514322 0.00667208 0.00854913 0.0107936 0.0134196 0.0164488 0.0199093 0.0238178 0.0281611 0.0328927 0.0379467 0.0432532 0.0487415 0.0543308 0.0599231 0.0654047 0.0706569 0.075569 0.0800461 0.0840112 0.0874017 0.0901682 0.0922746 0.0937016 0.0944493 0.0945382 0.0940069 0.0929078 0.0913021 0.0892548 0.0868318 0.0840981 0.0811168 0.077948 0.0746479 0.0712674 0.067851 0.0644356 0.0610503 0.0577165 0.0544487 0.0512555 0.0481413 0.0451068 0.0421509 0.0392711 0.036464 0.033726 0.0310536 0.0284431 0.0258915 0.0233958 0.0209537 0.0185635 0.016224 0.0139347 0.0116956 0.00950769 0.00737204 0.00529044 0.00326499 0.00129806 -0.000607786 -0.00244992 -0.0042257 -0.00593252 -0.00756792 -0.00912957 -0.0106153 -0.0120233 -0.0133517 -0.0145991 -0.0157641 -0.0168457 -0.0178429 -0.018755 -0.0195814 -0.0203216 -0.0209752 -0.0215421 -0.0220219 -0.0224147 -0.0227202 -0.0229384 -0.0230694 -0.0231131 -0.0230694 -0.0229384 -0.0227202 -0.0224147 -0.0220219 -0.0215421 -0.0209752 -0.0203216 -0.0195814 -0.018755 -0.0178429 -0.0168457 -0.0157641 -0.0145991 -0.0133517 -0.0120233 -0.0106153 -0.00912957 -0.00756792 -0.00593252 -0.0042257 -0.00244992 -0.000607786 0.00129806 0.00326499 0.00529044 0.00737204 0.00950769 0.0116956 0.0139347 0.016224 0.0185635 0.0209537 0.0233958 0.0258915 0.0284431 0.0310536 0.033726 0.036464 0.0392711 0.0421509 0.0451068 0.0481413 0.0512555 0.0544487 0.0577165 0.0610503 0.0644356 0.067851 0.0712674 0.0746479 0.077948 0.0811168 0.0840981 0.0868318 0.0892548 0.0913021 0.0929078 0.0940069 0.0945382 0.0944493 0.0937016 0.0922746 0.0901682 0.0874017 0.0840112 0.0800461 0.075569 0.0706569 0.0654047 0.0599231 0.0543308 0.0487415 0.0432532 0.0379467 0.0328927 0.0281611 0.0238178 0.0199093 0.0164488 0.0134196 0.0107936 0.00854913 0.00667208 0.00514322 0.00392645 0.00296952 0.00221614 0.00161927 0.00114713 0.000780583 0.000506407 0.000311607 0.000181291 9.95637e-05 5.15764e-05 2.51767e-05 1.15335e-05 4.89249e-06 
0 8.81252e-06 2.26788e-05 4.80796e-05 9.41129e-05 0.000173098 0.00030018 0.000491781 0.00076348 0.00112891 0.00160172 0.00220131 0.00296006 0.00392645 0.00515904 0.00671231 0.00862362 0.0109124 0.0135936 0.0166913 0.0202361 0.0242448 0.0286992 0.0335458 0.0387148 0.0441362 0.0497382 0.0554335 0.0611123 0.0666501 0.0719227 0.0768198 0.0812491 0.0851344 0.0884116 0.0910298 0.0929543 0.0941724 0.0946947 0.094554 0.0937997 0.092492 0.0906972 0.0884837 0.0859212 0.083079 0.080025 0.0768241 0.073536 0.0702133 0.0668997 0.06363 0.0604297 0.0573165 0.0543013 0.0513897 0.0485832 0.0458802 0.0432768 0.0407675 0.0383454 0.0360028 0.0337317 0.0315241 0.0293723 0.0272695 0.0252098 0.0231884 0.0212019 0.019248 0.0173256 0.0154346 0.0135757 0.0117505 0.00996104 0.00820985 0.0064997 0.00483355 0.00321448 0.00164557 0.000129871 -0.00132966 -0.00273017 -0.00406894 -0.00534343 -0.00655127 -0.00769027 -0.00875841 -0.00975387 -0.010675 -0.0115204 -0.0122888 -0.012979 -0.0135901 -0.0141212 -0.0145717 -0.014941 -0.0152287 -0.0154345 -0.015558 -0.0155992 -0.015558 -0.0154345 -0.0152287 -0.014941 -0.0145717 -0.0141212 -0.0135901 -0.012979 -0.0122888 -0.0115204 -0.010675 -0.00975387 -0.00875841 -0.00769027 -0.00655127 -0.00534343 -0.00406894 -0.00273017 -0.00132966 0.000129871 0.00164557 0.00321448 0.00483355 0.0064997 0.00820985 0.00996104 0.0117505 0.0135757 0.0154346 0.0173256 0.019248 0.0212019 0.0231884 0.0252098 0.0272695 0.0293723 0.0315241 0.0337317 0.0360028 0.0383454 0.0407675 0.0432768 0.0458802 0.0485832 0.0513897 0.0543013 0.0573165 0.0604297 0.06363 0.0668997 0.0702133 0.073536 0.0768241 0.080025 0.083079 0.0859212 0.0884837 0.0906972 0.092492 0.0937997 0.094554 0.0946947 0.0941724 0.0929543 0.0910298 0.0884116 0.0851344 0.0812491 0.0768198 0.0719227 0.0666501 0.0611123 0.0554335 0.0497382 0.0441362 0.0387148 0.0335458 0.0286992 0.0242448 0.0202361 0.0166913 0.0135936 0.0109124 0.00862362 0.00671231 0.00515904 0.00392645 0.00296006 0.00220131 0.00160172 0.00112891 0.000763479 0.00049178 0.00030018 0.000173104 9.41531e-05 4.82464e-05 2.32595e-05 1.06047e-05 
0 1.72729e-05 4.30228e-05 8.73686e-05 0.000163156 0.000285964 0.000472805 0.00074002 0.00110198 0.00157276 0.00217186 0.00293182 0.00390207 0.00514322 0.00671231 0.00864856 0.0109722 0.0136988 0.0168543 0.0204721 0.0245689 0.0291223 0.0340728 0.0393475 0.0448767 0.0505869 0.0563827 0.0621416 0.0677293 0.0730193 0.0779026 0.0822877 0.0860958 0.0892589 0.0917241 0.0934607 0.0944654 0.0947605 0.0943895 0.0934096 0.0918865 0.0898902 0.0874945 0.0847749 0.0818075 0.0786662 0.0754198 0.0721291 0.0688448 0.0656076 0.0624481 0.0593885 0.0564439 0.0536236 0.050932 0.0483698 0.0459342 0.0436191 0.0414165 0.0393163 0.0373072 0.0353777 0.0335164 0.0317127 0.0299571 0.0282416 0.0265595 0.0249056 0.0232763 0.0216689 0.0200822 0.0185155 0.0169693 0.0154445 0.0139426 0.0124656 0.0110159 0.00959617 0.0082092 0.00685804 0.00554579 0.00427559 0.00305059 0.00187385 0.000748372 -0.000323001 -0.00133755 -0.00229275 -0.00318622 -0.00401581 -0.00477954 -0.00547564 -0.00610253 -0.00665881 -0.00714327 -0.00755489 -0.00789282 -0.00815635 -0.00834497 -0.00845829 -0.00849609 -0.00845829 -0.00834497 -0.00815635 -0.00789282 -0.00755489 -0.00714327 -0.00665881 -0.00610253 -0.00547564 -0.00477954 -0.00401581 -0.00318622 -0.00229275 -0.00133755 -0.000323001 0.000748372 0.00187385 0.00305059 0.00427559 0.00554579 0.00685804 0.0082092 0.00959617 0.0110159 0.0124656 0.0139426 0.0154445 0.0169693 0.0185155 0.0200822 0.0216689 0.0232763 0.0249056 0.0265595 0.0282416 0.0299571 0.0317127 0.0335164 0.0353777 0.0373072 0.0393163 0.0414165 0.0436191 0.0459342 0.0483698 0.050932 0.0536236 0.0564439 0.0593885 0.0624481 0.0656076 0.0688448 0.0721291 0.0754198 0.0786662 0.0818075 0.0847749 0.0874945 0.0898902 0.0918865 0.0934096 0.0943895 0.0947605 0.0944654 0.0934607 0.0917241 0.0892589 0.0860958 0.0822877 0.0779026 0.0730193 0.0677293 0.0621416 0.0563827 0.0505869 0.0448767 0.0393475 0.0340728 0.0291223 0.0245689 0.0204721 0.0168543 0.0136988 0.0109722 0.00864856 0.00671231 0.00514322 0.00390207 0.00293182 0.00217186 0.00157276 0.00110198 0.00074002 0.000472812 0.000286002 0.000163308 8.7899e-05 4.46647e-05 2.18999e-05 
0 3.21338e-05 7.75284e-05 0.0001509 0.000268998 0.000449801 0.000710639 0.00106679 0.00153285 0.00212825 0.00288528 0.00385376 0.00509607 0.00667208 0.00862362 0.0109722 0.013734 0.0169363 0.0206147 0.0247868 0.0294269 0.0344705 0.039842 0.0454721 0.0512853 0.0571765 0.0630106 0.0686455 0.0739543 0.07883 0.0831786 0.0869155 0.0899678 0.0922829 0.093837 0.0946373 0.0947164 0.0941249 0.0929246 0.0911851 0.088982 0.0863964 0.0835128 0.0804147 0.077181 0.0738816 0.0705757 0.0673109 0.0641243 0.0610437 0.0580897 0.0552762 0.0526114 0.0500988 0.0477368 0.0455198 0.0434389 0.0414829 0.0396388 0.0378934 0.0362336 0.0346469 0.0331223 0.0316497 0.0302205 0.0288272 0.0274636 0.0261245 0.0248056 0.0235036 0.0222163 0.0209422 0.0196804 0.018431 0.0171949 0.0159734 0.0147683 0.013582 0.0124171 0.0112767 0.0101637 0.00908145 0.00803312 0.00702192 0.00605101 0.00512339 0.00424198 0.00340951 0.00262852 0.00190141 0.00123034 0.000617301 6.40819e-05 -0.000427733 -0.000856749 -0.00122177 -0.00152178 -0.00175597 -0.0019237 -0.00202452 -0.00205815 -0.00202452 -0.0019237 -0.00175597 -0.00152178 -0.00122177 -0.000856749 -0.000427733 6.40819e-05 0.000617301 0.00123034 0.00190141 0.00262852 0.00340951 0.00424198 0.00512339 0.00605101 0.00702192 0.00803312 0.00908145 0.0101637 0.0112767 0.0124171 0.013582 0.0147683 0.0159734 0.0171949 0.018431 0.0196804 0.0209422 0.0222163 0.0235036 0.0248056 0.0261245 0.0274636 0.0288272 0.0302205 0.0316497 0.0331223 0.0346469 0.0362336 0.0378934 0.0396388 0.0414829 0.0434389 0.0455198 0.0477368 0.0500988 0.0526114 0.0552762 0.0580897 0.0610437 0.0641243 0.0673109 0.0705757 0.0738816 0.077181 0.0804147 0.0835128 0.0863964 0.088982 0.0911851 0.0929246 0.0941249 0.0947164 0.0946373 0.093837 0.0922829 0.0899678 0.0869155 0.0831786 0.07883 0.0739543 0.0686455 0.0630106 0.0571765 0.0512853 0.0454721 0.039842 0.0344705 0.0294269 0.0247868 0.0206147 0.0169363 0.013734 0.0109722 0.00862362 0.00667208 0.00509607 0.00385376 0.00288528 0.00212825 0.00153285 0.0010668 0.000710673 0.000449938 0.000269474 0.000152378 8.17217e-05 4.3095e-05 
0 5.67426e-05 0.000132765 0.000247974 0.000422575 0.000675652 0.00102386 0.00148256 0.0020711 0.00282115 0.00378233 0.00501841 0.00659229 0.00854913 0.0109124 0.0136988 0.0169363 0.0206625 0.0248963 0.0296106 0.0347368 0.0401966 0.0459207 0.051831 0.057813 0.0637193 0.0694016 0.0747345 0.0796114 0.0839327 0.0876058 0.0905538 0.0927279 0.0941131 0.0947264 0.0946072 0.0938092 0.0923973 0.0904464 0.0880402 0.0852699 0.0822283 0.0790047 0.0756793 0.072321 0.0689864 0.0657211 0.062561 0.0595338 0.0566597 0.0539517 0.051416 0.0490526 0.0468561 0.0448167 0.0429224 0.0411592 0.0395131 0.0379704 0.0365183 0.0351449 0.0338394 0.0325919 0.0313933 0.0302354 0.0291106 0.0280124 0.0269352 0.0258743 0.0248259 0.0237873 0.0227569 0.0217336 0.0207175 0.0197091 0.0187096 0.0177206 0.0167442 0.0157827 0.0148387 0.0139148 0.0130139 0.0121388 0.0112922 0.0104772 0.00969627 0.00895225 0.00824766 0.00758496 0.00696645 0.00639429 0.00587047 0.00539682 0.00497497 0.0046064 0.00429237 0.00403396 0.00383205 0.00368734 0.00360031 0.00357127 0.00360031 0.00368734 0.00383205 0.00403396 0.00429237 0.0046064 0.00497497 0.00539682 0.00587047 0.00639429 0.00696645 0.00758496 0.00824766 0.00895225 0.00969627 0.0104772 0.0112922 0.0121388 0.0130139 0.0139148 0.0148387 0.0157827 0.0167442 0.0177206 0.0187096 0.0197091 0.0207175 0.0217336 0.0227569 0.0237873 0.0248259 0.0258743 0.0269352 0.0280124 0.0291106 0.0302354 0.0313933 0.0325919 0.0338394 0.0351449 0.0365183 0.0379704 0.0395131 0.0411592 0.0429224 0.0448167 0.0468561 0.0490526 0.051416 0.0539517 0.0566597 0.0595338 0.062561 0.0657211 0.0689864 0.072321 0.0756793 0.0790047 0.0822283 0.0852699 0.0880402 0.0904464 0.0923973 0.0938092 0.0946072 0.0947264 0.0941131 0.0927279 0.0905538 0.0876058 0.0839327 0.0796114 0.0747345 0.0694016 0.0637193 0.057813 0.051831 0.0459207 0.0401966 0.0347368 0.0296106 0.0248963 0.0206625 0.0169363 0.0136988 0.0109124 0.00854913 0.00659229 0.00501841 0.00378233 0.00282115 0.00207111 0.00148259 0.00102398 0.000676071 0.000423883 0.000251712 0.00014262 8.08355e-05 
0 9.51412e-05 0.000216244 0.000388362 0.000634278 0.000973333 0.00142243 0.00200118 0.0027404 0.00368902 0.00491164 0.00647428 0.00842618 0.0107936 0.0135936 0.0168543 0.0206147 0.0248963 0.029672 0.0348703 0.0404098 0.0462207 0.0522222 0.0582911 0.0642685 0.0700012 0.0753655 0.0802538 0.0845579 0.0881756 0.0910295 0.0930774 0.094313 0.0947599 0.0944606 0.0934702 0.0918575 0.089706 0.08711 0.08417 0.0809851 0.0776458 0.0742315 0.0708093 0.0674351 0.064155 0.0610064 0.0580173 0.055207 0.0525859 0.0501559 0.0479125 0.0458461 0.0439441 0.0421926 0.0405772 0.0390841 0.0377 0.0364122 0.0352087 0.0340782 0.0330096 0.0319931 0.0310192 0.0300798 0.0291679 0.0282774 0.0274037 0.0265428 0.0256922 0.0248498 0.0240145 0.0231856 0.022363 0.0215472 0.0207387 0.0199386 0.0191482 0.0183691 0.017603 0.0168519 0.0161178 0.0154031 0.0147099 0.0140407 0.0133979 0.0127837 0.0122006 0.0116507 0.0111363 0.0106593 0.0102218 0.00982533 0.00947167 0.0091622 0.00889818 0.00868069 0.00851061 0.00838863 0.00831524 0.00829075 0.00831524 0.00838863 0.00851061 0.00868069 0.00889818 0.0091622 0.00947167 0.00982533 0.0102218 0.0106593 0.0111363 0.0116507 0.0122006 0.0127837 0.0133979 0.0140407 0.0147099 0.0154031 0.0161178 0.0168519 0.017603 0.0183691 0.0191482 0.0199386 0.0207387 0.0215472 0.022363 0.0231856 0.0240145 0.0248498 0.0256922 0.0265428 0.0274037 0.0282774 0.0291679 0.0300798 0.0310192 0.0319931 0.0330096 0.0340782 0.0352087 0.0364122 0.0377 0.0390841 0.0405772 0.0421926 0.0439441 0.0458461 0.0479125 0.0501559 0.0525859 0.055207 0.0580173 0.0610064 0.064155 0.0674351 0.0708093 0.0742315 0.0776458 0.0809851 0.08417 0.08711 0.089706 0.0918575 0.0934702 0.0944606 0.0947599 0.094313 0.0930774 0.0910295 0.0881756 0.0845579 0.0802538 0.0753655 0.0700012 0.0642685 0.0582911 0.0522222 0.0462207 0.0404098 0.0348703 0.029672 0.0248963 0.0206147 0.0168543 0.0135936 0.0107936 0.00842618 0.00647428 0.00491164 0.00368902 0.00274043 0.00200128 0.0014228 0.000974472 0.000637555 0.000397082 0.000237776 0.000144625 
