0 0 0 0 0 0 0 0 0 0 0 0 0 0 0 0 0 0 0 0 0 0 0 0 0 0 0 0 0 0 0 0 0 0 0 0 0 0 0 0 0 0 0 0 0 0 0 0 0 0 0 0 0 0 0 0 0 0 0 0 0 0 0 0 0 0 0 0 0 0 0 0 0 0 0 0 0 0 0 0 0 0 0 0 0 0 0 0 0 0 0 0 0 0 0 0 0 0 0 0 0 0 0 0 0 0 0 0 0 0 0 0 0 0 0 0 0 0 0 0 0 0 0 0 0 0 0 0 0 0 0 0 0 0 0 0 0 0 0 0 0 0 0 0 0 0 0 0 0 0 0 0 0 0 0 0 0 0 0 0 0 0 0 0 0 0 0 0 0 0 0 0 0 0 0 0 0 0 0 0 0 0 0 0 0 0 0 0 0 0 0 0 0 0 0 0 0 0 0 0 
0 5.3847e-18 3.13761e-17 1.70087e-16 8.79726e-16 4.34414e-15 2.04794e-14 9.21608e-14 3.95853e-13 1.62262e-12 6.34624e-12 2.36783e-11 8.42612e-11 2.85922e-10 9.24928e-10 2.8517e-09 8.37776e-09 2.34466e-08 6.24975e-08 1.58633e-07 3.83357e-07 8.81961e-07 1.9316e-06 4.02752e-06 7.99627e-06 1.51222e-05 2.72549e-05 4.68498e-05 7.68879e-05 0.000120643 0.000181311 0.000261595 0.000363383 0.000487692 0.000634985 0.000805823 0.00100172 0.00122589 0.00148357 0.0017818 0.00212852 0.00253131 0.00299594 0.00352525 0.00411851 0.0047715 0.00547705 0.00622609 0.00700868 0.00781489 0.00863536 0.00946149 0.0102852 0.0110986 0.0118936 0.0126616 0.0133935 0.0140795 0.0147099 0.0152752 0.0157668 0.0161774 0.0165014 0.0167352 0.0168771 0.0169275 0.0168887 0.0167643 0.0165597 0.0162808 0.0159347 0.0155286 0.0150701 0.014567 0.0140268 0.0134569 0.0128644 0.0122561 0.0116384 0.0110171 0.0103978 0.00978558 0.00918496 0.00860009 0.00803466 0.00749195 0.0069748 0.00648571 0.00602679 0.00559985 0.00520637 0.00484762 0.00452459 0.00423809 0.00398877 0.00377713 0.00360353 0.00346825 0.0033715 0.0033134 0.00329402 0.0033134 0.0033715 0.00346825 0.00360353 0.00377713 0.00398877 0.00423809 0.00452459 0.00484762 0.00520637 0.00559985 0.00602679 0.00648571 0.0069748 0.00749195 0.00803466 0.00860009 0.00918496 0.00978558 0.0103978 0.0110171 0.0116384 0.0122561 0.0128644 0.0134569 0.0140268 0.014567 0.0150701 0.0155286 0.0159347 0.0162808 0.0165597 0.0167643 0.0168887 0.0169275 0.0168771 0.0167352 0.0165014 0.0161774 0.0157668 0.0152752 0.0147099 0.0140795 0.0133935 0.0126616 0.0118936 0.0110986 0.0102852 0.00946149 0.00863536 0.00781489 0.00700868 0.00622609 0.00547705 0.0047715 0.00411851 0.00352525 0.00299594 0.00253131 0.00212852 0.0017818 0.00148357 0.00122589 0.00100172 0.000805823 0.000634985 0.000487692 0.000363383 0.000261595 0.000181311 0.000120643 7.68879e-05 4.68498e-05 2.72549e-05 1.51222e-05 7.99627e-06 4.02752e-06 1.9316e-06 8.81961e-07 3.83357e-07 1.58633e-07 6.24975e-08 2.34466e-08 8.37776e-09 2.8517e-09 9.24928e-10 2.85922e-10 8.42612e-11 2.36783e-11 6.34624e-12 1.62262e-12 3.95853e-13 9.21608e-14 2.04794e-14 4.34414e-15 8.79718e-16 1.70035e-16 3.10595e-17 3.53293e-18 
0 3.13761e-17 1.76947e-16 9.26833e-16 4.63201e-15 2.2103e-14 1.00696e-13 4.37928e-13 1.81783e-12 7.20092e-12 2.7216e-11 9.81225e-11 3.37383e-10 1.10607e-09 3.45653e-09 1.02942e-08 2.92099e-08 7.89519e-08 2.03237e-07 4.98175e-07 1.16267e-06 2.58355e-06 5.46626e-06 1.10145e-05 2.1144e-05 3.869e-05 6.75362e-05 0.000112581 0.000179474 0.000274116 0.000402027 0.000567781 0.000774751 0.00102537 0.0013219 0.00166762 0.00206788 0.00253087 0.00306741 0.00369007 0.00441149 0.00524238 0.00618984 0.00725608 0.00843809 0.009728 0.011114 0.0125814 0.0141141 0.0156949 0.0173063 0.0189307 0.0205501 0.0221459 0.0236991 0.0251905 0.0266004 0.02791 0.0291012 0.0301579 0.0310662 0.0318148 0.032396 0.0328049 0.0330403 0.0331038 0.033 0.0327361 0.0323213 0.0317667 0.0310847 0.0302884 0.029392 0.0284097 0.0273559 0.0262445 0.0250895 0.0239038 0.0227001 0.02149 0.0202843 0.0190929 0.017925 0.0167884 0.0156905 0.0146375 0.013635 0.0126875 0.0117992 0.0109733 0.0102127 0.00951965 0.00889595 0.00834307 0.00786214 0.00745402 0.00711937 0.00685866 0.00667223 0.00656028 0.00652296 0.00656028 0.00667223 0.00685866 0.00711937 0.00745402 0.00786214 0.00834307 0.00889595 0.00951965 0.0102127 0.0109733 0.0117992 0.0126875 0.013635 0.0146375 0.0156905 0.0167884 0.017925 0.0190929 0.0202843 0.02149 0.0227001 0.0239038 0.0250895 0.0262445 0.0273559 0.0284097 0.029392 0.0302884 0.0310847 0.0317667 0.0323213 0.0327361 0.033 0.0331038 0.0330403 0.0328049 0.032396 0.0318148 0.0310662 0.0301579 0.0291012 0.02791 0.0266004 0.0251905 0.0236991 0.0221459 0.0205501 0.0189307 0.0173063 0.0156949 0.0141141 0.0125814 0.011114 0.009728 0.00843809 0.00725608 0.00618984 0.00524238 0.00441149 0.00369007 0.00306741 0.00253087 0.00206788 0.00166762 0.0013219 0.00102537 0.000774751 0.000567781 0.000402027 0.000274116 0.000179474 0.000112581 6.75362e-05 3.869e-05 2.1144e-05 1.10145e-05 5.46626e-06 2.58355e-06 1.16267e-06 4.98175e-07 2.03237e-07 7.89519e-08 2.92099e-08 1.02942e-08 3.45653e-09 1.10607e-09 3.37383e-10 9.81225e-11 2.7216e-11 7.20092e-12 1.81783e-12 4.37928e-13 1.00696e-13 2.2103e-14 4.63196e-15 9.2652e-16 1.75093e-16 2.09216e-17 
0 1.70087e-16 9.26833e-16 4.68125e-15 2.25552e-14 1.03752e-13 4.55569e-13 1.90922e-12 7.63512e-12 2.913e-11 1.06006e-10 3.6785e-10 1.21689e-09 3.83663e-09 1.15252e-08 3.2978e-08 8.98608e-08 2.33121e-07 5.75674e-07 1.35299e-06 3.02628e-06 6.44232e-06 1.30549e-05 2.51917e-05 4.63176e-05 8.12096e-05 0.000135942 0.000217606 0.000333762 0.000491764 0.000698184 0.000958613 0.00127803 0.00166172 0.0021164 0.00265122 0.00327814 0.00401142 0.00486628 0.0058572 0.00699605 0.00829071 0.00974431 0.0113551 0.013117 0.0150198 0.01705 0.0191908 0.0214227 0.0237232 0.0260668 0.0284255 0.0307696 0.0330677 0.0352886 0.0374015 0.0393777 0.0411908 0.0428178 0.0442396 0.0454409 0.0464104 0.0471413 0.0476303 0.0478781 0.0478887 0.0476695 0.0472307 0.0465851 0.0457476 0.0447351 0.0435657 0.0422586 0.0408334 0.0393102 0.0377086 0.036048 0.034347 0.0326233 0.0308933 0.0291722 0.0274742 0.0258117 0.024196 0.0226371 0.0211437 0.0197233 0.0183822 0.0171259 0.0159589 0.0148848 0.0139067 0.013027 0.0122475 0.0115697 0.0109947 0.0105233 0.0101562 0.00989369 0.00973608 0.00968353 0.00973608 0.00989369 0.0101562 0.0105233 0.0109947 0.0115697 0.0122475 0.013027 0.0139067 0.0148848 0.0159589 0.0171259 0.0183822 0.0197233 0.0211437 0.0226371 0.024196 0.0258117 0.0274742 0.0291722 0.0308933 0.0326233 0.034347 0.036048 0.0377086 0.0393102 0.0408334 0.0422586 0.0435657 0.0447351 0.0457476 0.0465851 0.0472307 0.0476695 0.0478887 0.0478781 0.0476303 0.0471413 0.0464104 0.0454409 0.0442396 0.0428178 0.0411908 0.0393777 0.0374015 0.0352886 0.0330677 0.0307696 0.0284255 0.0260668 0.0237232 0.0214227 0.0191908 0.01705 0.0150198 0.013117 0.0113551 0.00974431 0.00829071 0.00699605 0.0058572 0.00486628 0.00401142 0.00327814 0.00265122 0.0021164 0.00166172 0.00127803 0.000958613 0.000698184 0.000491764 0.000333762 0.000217606 0.000135942 8.12096e-05 4.63176e-05 2.51917e-05 1.30549e-05 6.44232e-06 3.02628e-06 1.35299e-06 5.75674e-07 2.33121e-07 8.98608e-08 3.2978e-08 1.15252e-08 3.83663e-09 1.21689e-09 3.6785e-10 1.06006e-10 2.913e-11 7.63512e-12 1.90922e-12 4.55569e-13 1.03751e-13 2.2555e-14 4.67948e-15 9.16754e-16 1.15417e-16 
0 8.79726e-16 4.63201e-15 2.25552e-14 1.04744e-13 4.64288e-13 1.96407e-12 7.92772e-12 3.05249e-11 1.12089e-10 3.9242e-10 1.30944e-09 4.16324e-09 1.2608e-08 3.63574e-08 9.98001e-08 2.60696e-07 6.47872e-07 1.53146e-06 3.44292e-06 7.36112e-06 1.49695e-05 2.89634e-05 5.33469e-05 9.36182e-05 0.000156726 0.00025072 0.000384134 0.000565277 0.000801754 0.00110051 0.00146856 0.00191418 0.00244819 0.00308465 0.0038406 0.00473466 0.00578507 0.00700741 0.00841305 0.0100084 0.0117949 0.01377 0.0159278 0.0182596 0.0207537 0.0233948 0.0261634 0.0290349 0.0319794 0.0349622 0.0379447 0.040886 0.0437445 0.0464798 0.0490537 0.0514323 0.0535857 0.0554893 0.0571234 0.0584733 0.0595294 0.0602867 0.0607444 0.060906 0.0607791 0.0603744 0.0597062 0.0587916 0.0576499 0.0563025 0.0547722 0.053083 0.051259 0.0493245 0.0473035 0.0452193 0.0430939 0.0409483 0.0388019 0.0366726 0.0345769 0.0325292 0.0305428 0.028629 0.0267979 0.0250581 0.023417 0.0218807 0.0204545 0.0191425 0.0179483 0.0168744 0.0159232 0.0150962 0.0143947 0.0138198 0.013372 0.0130518 0.0128596 0.0127955 0.0128596 0.0130518 0.013372 0.0138198 0.0143947 0.0150962 0.0159232 0.0168744 0.0179483 0.0191425 0.0204545 0.0218807 0.023417 0.0250581 0.0267979 0.028629 0.0305428 0.0325292 0.0345769 0.0366726 0.0388019 0.0409483 0.0430939 0.0452193 0.0473035 0.0493245 0.051259 0.053083 0.0547722 0.0563025 0.0576499 0.0587916 0.0597062 0.0603744 0.0607791 0.060906 0.0607444 0.0602867 0.0595294 0.0584733 0.0571234 0.0554893 0.0535857 0.0514323 0.0490537 0.0464798 0.0437445 0.040886 0.0379447 0.0349622 0.0319794 0.0290349 0.0261634 0.0233948 0.0207537 0.0182596 0.0159278 0.01377 0.0117949 0.0100084 0.00841305 0.00700741 0.00578507 0.00473466 0.0038406 0.00308465 0.00244819 0.00191418 0.00146856 0.00110051 0.000801754 0.000565277 0.000384134 0.00025072 0.000156726 9.36182e-05 5.33469e-05 2.89634e-05 1.49695e-05 7.36112e-06 3.44292e-06 1.53146e-06 6.47872e-07 2.60696e-07 9.98001e-08 3.63574e-08 1.2608e-08 4.16324e-09 1.30944e-09 3.9242e-10 1.12089e-10 3.05249e-11 7.92772e-12 1.96407e-12 4.64288e-13 1.04742e-13 2.25457e-14 4.57989e-15 6.07887e-16 
0 4.34414e-15 2.2103e-14 1.03752e-13 4.64288e-13 1.98266e-12 8.07785e-12 3.13917e-11 1.16327e-10 4.10915e-10 1.38321e-09 4.43537e-09 1.35431e-08 3.93632e-08 1.08863e-07 2.86376e-07 7.16322e-07 1.70323e-06 3.84889e-06 8.26509e-06 1.68664e-05 3.27155e-05 6.03469e-05 0.000105945 0.000177244 0.000283076 0.000432637 0.000634742 0.000897455 0.00122846 0.00163621 0.00213158 0.00272925 0.00344809 0.0043102 0.00533861 0.00655447 0.00797455 0.00960981 0.0114653 0.013541 0.0158334 0.0183362 0.0210404 0.0239341 0.0270014 0.0302205 0.0335637 0.0369967 0.0404798 0.043969 0.0474178 0.0507792 0.0540075 0.0570596 0.0598963 0.0624827 0.0647891 0.0667912 0.06847 0.069812 0.0708093 0.0714593 0.0717649 0.0717335 0.0713772 0.0707121 0.0697579 0.0685368 0.0670735 0.0653942 0.0635261 0.0614966 0.0593333 0.0570631 0.0547121 0.0523052 0.0498658 0.0474159 0.0449759 0.0425641 0.0401975 0.037891 0.0356581 0.0335106 0.0314588 0.0295114 0.0276761 0.0259594 0.0243664 0.0229017 0.0215687 0.0203705 0.0193093 0.0183867 0.0176043 0.016963 0.0164636 0.0161065 0.0158921 0.0158206 0.0158921 0.0161065 0.0164636 0.016963 0.0176043 0.0183867 0.0193093 0.0203705 0.0215687 0.0229017 0.0243664 0.0259594 0.0276761 0.0295114 0.0314588 0.0335106 0.0356581 0.037891 0.0401975 0.0425641 0.0449759 0.0474159 0.0498658 0.0523052 0.0547121 0.0570631 0.0593333 0.0614966 0.0635261 0.0653942 0.0670735 0.0685368 0.0697579 0.0707121 0.0713772 0.0717335 0.0717649 0.0714593 0.0708093 0.069812 0.06847 0.0667912 0.0647891 0.0624827 0.0598963 0.0570596 0.0540075 0.0507792 0.0474178 0.043969 0.0404798 0.0369967 0.0335637 0.0302205 0.0270014 0.0239341 0.0210404 0.0183362 0.0158334 0.013541 0.0114653 0.00960981 0.00797455 0.00655447 0.00533861 0.0043102 0.00344809 0.00272925 0.00213158 0.00163621 0.00122846 0.000897455 0.000634742 0.000432637 0.000283076 0.000177244 0.000105945 6.03469e-05 3.27155e-05 1.68664e-05 8.26509e-06 3.84889e-06 1.70323e-06 7.16322e-07 2.86376e-07 1.08863e-07 3.93632e-08 1.35431e-08 4.43537e-09 1.38321e-09 4.10915e-10 1.16327e-10 3.13917e-11 8.07785e-12 1.98266e-12 4.64279e-13 1.03703e-13 2.18465e-14 3.0586e-15 
0 2.04794e-14 1.00696e-13 4.55569e-13 1.96407e-12 8.07785e-12 3.1686e-11 1.18504e-10 4.22425e-10 1.43466e-09 4.64046e-09 1.42891e-08 4.18695e-08 1.16694e-07 3.09222e-07 7.7873e-07 1.86311e-06 4.23342e-06 9.13387e-06 1.87111e-05 3.63983e-05 6.72627e-05 0.000118171 0.000197616 0.000315145 0.000480492 0.000702789 0.00099034 0.00135135 0.00179555 0.00233627 0.00299179 0.00378533 0.00474326 0.00589188 0.00725416 0.00884725 0.0106817 0.0127619 0.015088 0.0176568 0.0204624 0.0234957 0.026743 0.0301845 0.0337933 0.0375352 0.0413698 0.0452513 0.0491315 0.0529607 0.0566901 0.0602726 0.0636639 0.0668231 0.0697133 0.0723019 0.0745614 0.0764697 0.0780104 0.0791735 0.0799551 0.0803577 0.0803894 0.0800639 0.0793992 0.0784176 0.077144 0.0756057 0.0738314 0.0718507 0.0696933 0.0673883 0.0649644 0.0624491 0.0598684 0.0572472 0.0546082 0.0519729 0.0493607 0.0467893 0.0442749 0.0418316 0.0394721 0.0372077 0.0350479 0.0330012 0.0310747 0.0292745 0.0276054 0.0260718 0.024677 0.0234236 0.0223139 0.0213495 0.0205318 0.0198616 0.0193398 0.0189667 0.0187427 0.018668 0.0187427 0.0189667 0.0193398 0.0198616 0.0205318 0.0213495 0.0223139 0.0234236 0.024677 0.0260718 0.0276054 0.0292745 0.0310747 0.0330012 0.0350479 0.0372077 0.0394721 0.0418316 0.0442749 0.0467893 0.0493607 0.0519729 0.0546082 0.0572472 0.0598684 0.0624491 0.0649644 0.0673883 0.0696933 0.0718507 0.0738314 0.0756057 0.077144 0.0784176 0.0793992 0.0800639 0.0803894 0.0803577 0.0799551 0.0791735 0.0780104 0.0764697 0.0745614 0.0723019 0.0697133 0.0668231 0.0636639 0.0602726 0.0566901 0.0529607 0.0491315 0.0452513 0.0413698 0.0375352 0.0337933 0.0301845 0.026743 0.0234957 0.0204624 0.0176568 0.015088 0.0127619 0.0106817 0.00884725 0.00725416 0.00589188 0.00474326 0.00378533 0.00299179 0.00233627 0.00179555 0.00135135 0.00099034 0.000702789 0.000480492 0.000315145 0.000197616 0.000118171 6.72627e-05 3.63983e-05 1.87111e-05 9.13387e-06 4.23342e-06 1.86311e-06 7.7873e-07 3.09222e-07 1.16694e-07 4.18695e-08 1.42891e-08 4.64046e-09 1.43466e-09 4.22425e-10 1.18504e-10 3.1686e-11 8.07784e-12 1.96403e-12 4.55332e-13 9.94961e-14 1.47016e-14 
0 9.21608e-14 4.37928e-13 1.90922e-12 7.92772e-12 3.13917e-11 1.18504e-10 4.26332e-10 1.46109e-09 4.76801e-09 1.4809e-08 4.37559e-08 1.2293e-07 3.28227e-07 8.32485e-07 2.00479e-06 4.58229e-06 9.9376e-06 2.04453e-05 3.99055e-05 7.39151e-05 0.000130016 0.000217445 0.000346421 0.000527152 0.00076901 0.00108049 0.00147033 0.0019497 0.0025345 0.00324664 0.00411337 0.0051644 0.00642801 0.00792745 0.00967909 0.0116925 0.0139722 0.016519 0.0193317 0.0224054 0.0257307 0.0292911 0.0330614 0.0370076 0.0410875 0.0452533 0.0494533 0.0536347 0.0577456 0.0617355 0.0655568 0.0691648 0.0725181 0.0755792 0.0783149 0.0806974 0.0827044 0.0843204 0.0855364 0.0863504 0.0867667 0.0867961 0.0864542 0.0857615 0.0847419 0.0834221 0.0818307 0.0799973 0.0779522 0.0757256 0.0733472 0.0708459 0.0682494 0.0655841 0.0628746 0.0601442 0.0574142 0.0547043 0.0520322 0.0494139 0.0468639 0.0443949 0.0420181 0.0397431 0.0375784 0.0355313 0.0336077 0.0318129 0.030151 0.0286255 0.0272394 0.0259947 0.0248934 0.0239367 0.0231258 0.0224614 0.0219442 0.0215745 0.0213525 0.0212785 0.0213525 0.0215745 0.0219442 0.0224614 0.0231258 0.0239367 0.0248934 0.0259947 0.0272394 0.0286255 0.030151 0.0318129 0.0336077 0.0355313 0.0375784 0.0397431 0.0420181 0.0443949 0.0468639 0.0494139 0.0520322 0.0547043 0.0574142 0.0601442 0.0628746 0.0655841 0.0682494 0.0708459 0.0733472 0.0757256 0.0779522 0.0799973 0.0818307 0.0834221 0.0847419 0.0857615 0.0864542 0.0867961 0.0867667 0.0863504 0.0855364 0.0843204 0.0827044 0.0806974 0.0783149 0.0755792 0.0725181 0.0691648 0.0655568 0.0617355 0.0577456 0.0536347 0.0494533 0.0452533 0.0410875 0.0370076 0.0330614 0.0292911 0.0257307 0.0224054 0.0193317 0.016519 0.0139722 0.0116925 0.00967909 0.00792745 0.00642801 0.0051644 0.00411337 0.00324664 0.0025345 0.0019497 0.00147033 0.00108049 0.00076901 0.000527152 0.000346421 0.000217445 0.000130016 7.39151e-05 3.99055e-05 2.04453e-05 9.9376e-06 4.58229e-06 2.00479e-06 8.32485e-07 3.28227e-07 1.2293e-07 4.37559e-08 1.4809e-08 4.76801e-09 1.46109e-09 4.26332e-10 1.18504e-10 3.13916e-11 7.9275e-12 1.90812e-12 4.3259e-13 6.75036e-14 
0 3.95853e-13 1.81783e-12 7.63512e-12 3.05249e-11 1.16327e-10 4.22425e-10 1.46109e-09 4.81129e-09 1.50759e-08 4.4928e-08 1.27269e-07 3.42503e-07 8.75184e-07 2.12225e-06 4.88146e-06 1.06459e-05 2.20077e-05 4.31219e-05 8.01024e-05 0.000141152 0.000236229 0.000376194 0.000571682 0.000832271 0.00116666 0.00158425 0.00209785 0.00272624 0.00349511 0.00443546 0.00557964 0.00695672 0.00858906 0.0104914 0.0126722 0.0151362 0.017886 0.0209218 0.0242397 0.0278284 0.0316671 0.0357239 0.0399573 0.0443178 0.0487511 0.0532009 0.0576109 0.0619266 0.0660954 0.0700676 0.0737966 0.0772394 0.0803579 0.0831196 0.0854984 0.0874757 0.0890402 0.0901882 0.0909228 0.0912536 0.0911957 0.0907684 0.0899949 0.0889007 0.0875138 0.0858629 0.083978 0.0818888 0.0796252 0.0772161 0.0746898 0.0720734 0.0693924 0.0666708 0.063931 0.0611934 0.0584768 0.055798 0.0531721 0.0506126 0.0481314 0.0457386 0.0434434 0.0412534 0.0391751 0.0372142 0.0353753 0.0336623 0.0320784 0.0306262 0.0293078 0.0281249 0.0270788 0.0261706 0.0254011 0.0247708 0.0242802 0.0239295 0.0237191 0.0236489 0.0237191 0.0239295 0.0242802 0.0247708 0.0254011 0.0261706 0.0270788 0.0281249 0.0293078 0.0306262 0.0320784 0.0336623 0.0353753 0.0372142 0.0391751 0.0412534 0.0434434 0.0457386 0.0481314 0.0506126 0.0531721 0.055798 0.0584768 0.0611934 0.063931 0.0666708 0.0693924 0.0720734 0.0746898 0.0772161 0.0796252 0.0818888 0.083978 0.0858629 0.0875138 0.0889007 0.0899949 0.0907684 0.0911957 0.0912536 0.0909228 0.0901882 0.0890402 0.0874757 0.0854984 0.0831196 0.0803579 0.0772394 0.0737966 0.0700676 0.0660954 0.0619266 0.0576109 0.0532009 0.0487511 0.0443178 0.0399573 0.0357239 0.0316671 0.0278284 0.0242397 0.0209218 0.017886 0.0151362 0.0126722 0.0104914 0.00858906 0.00695672 0.00557964 0.00443546 0.00349511 0.00272624 0.00209785 0.00158425 0.00116666 0.000832271 0.000571682 0.000376194 0.000236229 0.000141152 8.01024e-05 4.31219e-05 2.20077e-05 1.06459e-05 4.88146e-06 2.12225e-06 8.75184e-07 3.42503e-07 1.27269e-07 4.4928e-08 1.50759e-08 4.81129e-09 1.46109e-09 4.22425e-10 1.16326e-10 3.0524e-11 7.63028e-12 1.79529e-12 2.96056e-13 
0 1.62262e-12 7.20092e-12 2.913e-11 1.12089e-10 4.10915e-10 1.43466e-09 4.76801e-09 1.50759e-08 4.53256e-08 1.29496e-07 3.51362e-07 9.0484e-07 2.21026e-06 5.11826e-06 1.12303e-05 2.33396e-05 4.59351e-05 8.56248e-05 0.000151248 0.00025346 0.000403736 0.000613108 0.000891346 0.00124739 0.00169144 0.00223821 0.0029096 0.0037352 0.00474952 0.00598686 0.00747619 0.00923822 0.0112858 0.0136269 0.0162669 0.0192104 0.0224587 0.0260067 0.0298393 0.0339291 0.0382366 0.0427129 0.0473025 0.0519469 0.0565868 0.0611634 0.0656195 0.0698992 0.0739493 0.07772 0.0811662 0.0842496 0.0869392 0.0892131 0.0910581 0.0924695 0.093451 0.0940125 0.0941702 0.0939445 0.0933591 0.0924407 0.0912175 0.0897191 0.0879755 0.086017 0.0838739 0.0815754 0.0791501 0.0766252 0.0740263 0.0713773 0.0687006 0.0660162 0.0633425 0.060696 0.0580914 0.0555415 0.0530578 0.0506502 0.0483273 0.0460963 0.0439638 0.0419351 0.0400147 0.0382066 0.0365139 0.0349393 0.0334851 0.032153 0.0309446 0.029861 0.0289031 0.0280718 0.0273675 0.0267908 0.0263419 0.0260211 0.0258286 0.0257644 0.0258286 0.0260211 0.0263419 0.0267908 0.0273675 0.0280718 0.0289031 0.029861 0.0309446 0.032153 0.0334851 0.0349393 0.0365139 0.0382066 0.0400147 0.0419351 0.0439638 0.0460963 0.0483273 0.0506502 0.0530578 0.0555415 0.0580914 0.060696 0.0633425 0.0660162 0.0687006 0.0713773 0.0740263 0.0766252 0.0791501 0.0815754 0.0838739 0.086017 0.0879755 0.0897191 0.0912175 0.0924407 0.0933591 0.0939445 0.0941702 0.0940125 0.093451 0.0924695 0.0910581 0.0892131 0.0869392 0.0842496 0.0811662 0.07772 0.0739493 0.0698992 0.0656195 0.0611634 0.0565868 0.0519469 0.0473025 0.0427129 0.0382366 0.0339291 0.0298393 0.0260067 0.0224587 0.0192104 0.0162669 0.0136269 0.0112858 0.00923822 0.00747619 0.00598686 0.00474952 0.0037352 0.0029096 0.00223821 0.00169144 0.00124739 0.000891346 0.000613108 0.000403736 0.00025346 0.000151248 8.56248e-05 4.59351e-05 2.33396e-05 1.12303e-05 5.11826e-06 2.21026e-06 9.0484e-07 3.51362e-07 1.29496e-07 4.53256e-08 1.50759e-08 4.76801e-09 1.43466e-09 4.10915e-10 1.12085e-10 2.91098e-11 7.11068e-12 1.24012e-12 
0 6.34624e-12 2.7216e-11 1.06006e-10 3.9242e-10 1.38321e-09 4.64046e-09 1.4809e-08 4.4928e-08 1.29496e-07 3.54365e-07 9.20037e-07 2.26478e-06 5.28233e-06 1.16668e-05 2.4389e-05 4.82427e-05 9.02963e-05 0.000159994 0.000268658 0.000428356 0.000650507 0.000945072 0.00132128 0.00179028 0.00236886 0.00308226 0.00396398 0.00505172 0.00638112 0.00798032 0.00986806 0.0120557 0.0145514 0.0173623 0.0204948 0.02395 0.0277197 0.0317823 0.0361021 0.0406318 0.0453157 0.0500941 0.0549055 0.0596882 0.0643807 0.0689219 0.073252 0.0773136 0.0810542 0.084428 0.0873981 0.0899378 0.0920305 0.0936697 0.0948582 0.0956061 0.0959301 0.0958519 0.0953971 0.0945942 0.0934739 0.0920682 0.09041 0.0885321 0.0864668 0.0842456 0.0818985 0.0794536 0.0769369 0.0743724 0.0717817 0.0691839 0.0665962 0.0640336 0.0615092 0.0590344 0.0566191 0.0542717 0.0519995 0.0498087 0.0477047 0.045692 0.0437744 0.0419553 0.0402374 0.038623 0.0371141 0.0357124 0.0344192 0.0332356 0.0321626 0.031201 0.0303513 0.029614 0.0289896 0.0284783 0.0280805 0.0277962 0.0276255 0.0275687 0.0276255 0.0277962 0.0280805 0.0284783 0.0289896 0.029614 0.0303513 0.031201 0.0321626 0.0332356 0.0344192 0.0357124 0.0371141 0.038623 0.0402374 0.0419553 0.0437744 0.045692 0.0477047 0.0498087 0.0519995 0.0542717 0.0566191 0.0590344 0.0615092 0.0640336 0.0665962 0.0691839 0.0717817 0.0743724 0.0769369 0.0794536 0.0818985 0.0842456 0.0864668 0.0885321 0.09041 0.0920682 0.0934739 0.0945942 0.0953971 0.0958519 0.0959301 0.0956061 0.0948582 0.0936697 0.0920305 0.0899378 0.0873981 0.084428 0.0810542 0.0773136 0.073252 0.0689219 0.0643807 0.0596882 0.0549055 0.0500941 0.0453157 0.0406318 0.0361021 0.0317823 0.0277197 0.02395 0.0204948 0.0173623 0.0145514 0.0120557 0.00986806 0.00798032 0.00638112 0.00505172 0.00396398 0.00308226 0.00236886 0.00179028 0.00132128 0.000945072 0.000650507 0.000428356 0.000268658 0.000159994 9.02963e-05 4.82427e-05 2.4389e-05 1.16668e-05 5.28233e-06 2.26478e-06 9.20037e-07 3.54365e-07 1.29496e-07 4.4928e-08 1.4809e-08 4.64046e-09 1.38321e-09 3.92402e-10 1.05926e-10 2.68739e-11 4.96078e-12 
0 2.36783e-11 9.81225e-11 3.6785e-10 1.30944e-09 4.43537e-09 1.42891e-08 4.37559e-08 1.27269e-07 3.51362e-07 9.20037e-07 2.28324e-06 5.36627e-06 1.19365e-05 2.51136e-05 4.99578e-05 9.39545e-05 0.000167111 0.000281388 0.000449429 0.00068304 0.000992399 0.00138708 0.00187926 0.00248794 0.00324182 0.00417822 0.00533771 0.00675664 0.00846185 0.0104701 0.0127921 0.015437 0.0184147 0.0217327 0.0253906 0.0293745 0.0336547 0.0381867 0.0429158 0.0477812 0.0527197 0.0576673 0.0625587 0.067328 0.0719089 0.0762366 0.0802506 0.0838975 0.0871335 0.0899264 0.0922554 0.0941108 0.0954929 0.0964107 0.0968802 0.0969233 0.0965667 0.095841 0.0947797 0.0934185 0.0917943 0.0899441 0.0879044 0.0857103 0.0833948 0.0809883 0.0785184 0.0760097 0.0734836 0.070959 0.0684518 0.0659757 0.0635421 0.0611606 0.0588392 0.0565846 0.0544023 0.0522967 0.0502717 0.0483302 0.0464748 0.0447076 0.0430303 0.0414442 0.0399505 0.0385501 0.0372438 0.0360323 0.0349162 0.0338957 0.0329715 0.0321437 0.0314127 0.0307787 0.030242 0.0298026 0.0294607 0.0292164 0.0290698 0.0290209 0.0290698 0.0292164 0.0294607 0.0298026 0.030242 0.0307787 0.0314127 0.0321437 0.0329715 0.0338957 0.0349162 0.0360323 0.0372438 0.0385501 0.0399505 0.0414442 0.0430303 0.0447076 0.0464748 0.0483302 0.0502717 0.0522967 0.0544023 0.0565846 0.0588392 0.0611606 0.0635421 0.0659757 0.0684518 0.070959 0.0734836 0.0760097 0.0785184 0.0809883 0.0833948 0.0857103 0.0879044 0.0899441 0.0917943 0.0934185 0.0947797 0.095841 0.0965667 0.0969233 0.0968802 0.0964107 0.0954929 0.0941108 0.0922554 0.0899264 0.0871335 0.0838975 0.0802506 0.0762366 0.0719089 0.067328 0.0625587 0.0576673 0.0527197 0.0477812 0.0429158 0.0381867 0.0336547 0.0293745 0.0253906 0.0217327 0.0184147 0.015437 0.0127921 0.0104701 0.00846185 0.00675664 0.00533771 0.00417822 0.00324182 0.00248794 0.00187926 0.00138708 0.000992399 0.00068304 0.000449429 0.000281388 0.000167111 9.39545e-05 4.99578e-05 2.51136e-05 1.19365e-05 5.36627e-06 2.28324e-06 9.20037e-07 3.51362e-07 1.27269e-07 4.37559e-08 1.42891e-08 4.43536e-09 1.30937e-09 3.6755e-10 9.68972e-11 1.89483e-11 
0 8.42612e-11 3.37383e-10 1.21689e-09 4.16324e-09 1.35431e-08 4.18695e-08 1.2293e-07 3.42503e-07 9.0484e-07 2.26478e-06 5.36627e-06 1.20277e-05 2.54836e-05 5.10144e-05 9.64695e-05 0.000172369 0.000291279 0.000466412 0.000709979 0.00103241 0.00144367 0.001957 0.0025937 0.00338592 0.00437467 0.00560299 0.00710753 0.00891351 0.0110361 0.0134859 0.0162747 0.0194148 0.0229145 0.0267696 0.030959 0.0354439 0.0401716 0.0450814 0.050109 0.0551883 0.060251 0.0652267 0.0700426 0.0746261 0.0789079 0.082826 0.0863291 0.0893784 0.0919477 0.0940232 0.0956019 0.0966902 0.0973023 0.0974596 0.0971893 0.0965238 0.0954997 0.0941565 0.0925356 0.090679 0.0886278 0.0864214 0.0840964 0.0816861 0.0792205 0.0767256 0.0742239 0.0717344 0.0692731 0.0668532 0.0644852 0.0621779 0.059938 0.0577705 0.0556796 0.053668 0.0517376 0.0498899 0.0481254 0.0464447 0.0448477 0.0433343 0.0419043 0.0405572 0.0392928 0.0381106 0.0370105 0.0359922 0.0350554 0.0342 0.033426 0.0327333 0.032122 0.031592 0.0311433 0.0307762 0.0304905 0.0302864 0.030164 0.0301232 0.030164 0.0302864 0.0304905 0.0307762 0.0311433 0.031592 0.032122 0.0327333 0.033426 0.0342 0.0350554 0.0359922 0.0370105 0.0381106 0.0392928 0.0405572 0.0419043 0.0433343 0.0448477 0.0464447 0.0481254 0.0498899 0.0517376 0.053668 0.0556796 0.0577705 0.059938 0.0621779 0.0644852 0.0668532 0.0692731 0.0717344 0.0742239 0.0767256 0.0792205 0.0816861 0.0840964 0.0864214 0.0886278 0.090679 0.0925356 0.0941565 0.0954997 0.0965238 0.0971893 0.0974596 0.0973023 0.0966902 0.0956019 0.0940232 0.0919477 0.0893784 0.0863291 0.082826 0.0789079 0.0746261 0.0700426 0.0652267 0.060251 0.0551883 0.050109 0.0450814 0.0401716 0.0354439 0.030959 0.0267696 0.0229145 0.0194148 0.0162747 0.0134859 0.0110361 0.00891351 0.00710753 0.00560299 0.00437467 0.00338592 0.0025937 0.001957 0.00144367 0.00103241 0.000709979 0.000466412 0.000291279 0.000172369 9.64695e-05 5.10144e-05 2.54836e-05 1.20277e-05 5.36627e-06 2.26478e-06 9.0484e-07 3.42503e-07 1.2293e-07 4.18695e-08 1.35431e-08 4.16298e-09 1.21583e-09 3.33247e-10 6.90982e-11 
0 2.85922e-10 1.10607e-09 3.83663e-09 1.2608e-08 3.93632e-08 1.16694e-07 3.28227e-07 8.75184e-07 2.21026e-06 5.28233e-06 1.19365e-05 2.54836e-05 5.13713e-05 9.77503e-05 0.000175596 0.000298041 0.000478867 0.000730725 0.00106434 0.0014901 0.00202232 0.00268456 0.0035123 0.00455011 0.00584319 0.00742812 0.00932847 0.0115582 0.0141291 0.0170558 0.0203536 0.0240297 0.0280747 0.0324589 0.0371345 0.0420423 0.0471177 0.0522934 0.0574996 0.0626619 0.067702 0.0725391 0.0770944 0.0812961 0.0850836 0.0884098 0.0912417 0.0935596 0.0953555 0.0966318 0.0974 0.0976801 0.0974995 0.0968926 0.0958991 0.094563 0.0929307 0.0910491 0.0889642 0.0867198 0.0843561 0.0819097 0.079413 0.0768941 0.0743772 0.0718825 0.069427 0.0670245 0.0646858 0.0624195 0.0602319 0.0581272 0.0561084 0.0541768 0.0523328 0.0505758 0.0489048 0.0473183 0.0458142 0.0443908 0.043046 0.041778 0.0405848 0.039465 0.038417 0.0374398 0.0365322 0.0356934 0.0349228 0.03422 0.0335844 0.033016 0.0325145 0.0320798 0.031712 0.031411 0.0311769 0.0310096 0.0309092 0.0308757 0.0309092 0.0310096 0.0311769 0.031411 0.031712 0.0320798 0.0325145 0.033016 0.0335844 0.03422 0.0349228 0.0356934 0.0365322 0.0374398 0.038417 0.039465 0.0405848 0.041778 0.043046 0.0443908 0.0458142 0.0473183 0.0489048 0.0505758 0.0523328 0.0541768 0.0561084 0.0581272 0.0602319 0.0624195 0.0646858 0.0670245 0.069427 0.0718825 0.0743772 0.0768941 0.079413 0.0819097 0.0843561 0.0867198 0.0889642 0.0910491 0.0929307 0.094563 0.0958991 0.0968926 0.0974995 0.0976801 0.0974 0.0966318 0.0953555 0.0935596 0.0912417 0.0884098 0.0850836 0.0812961 0.0770944 0.0725391 0.067702 0.0626619 0.0574996 0.0522934 0.0471177 0.0420423 0.0371345 0.0324589 0.0280747 0.0240297 0.0203536 0.0170558 0.0141291 0.0115582 0.00932847 0.00742812 0.00584319 0.00455011 0.0035123 0.00268456 0.00202232 0.0014901 0.00106434 0.000730725 0.000478867 0.000298041 0.000175596 9.77503e-05 5.13713e-05 2.54836e-05 1.19365e-05 5.28233e-06 2.21026e-06 8.75184e-07 3.28227e-07 1.16694e-07 3.9363e-08 1.26071e-08 3.83308e-09 1.09297e-09 2.40532e-10 
0 9.24928e-10 3.45653e-09 1.15252e-08 3.63574e-08 1.08863e-07 3.09222e-07 8.32485e-07 2.12225e-06 5.11826e-06 1.16668e-05 2.51136e-05 5.10144e-05 9.77503e-05 0.000176683 0.000301473 0.000486472 0.000744815 0.00108759 0.0015256 0.00207421 0.00275908 0.0036189 0.00470153 0.00605417 0.00771316 0.00970055 0.0120297 0.0147142 0.0177726 0.0212221 0.0250678 0.0292934 0.0338598 0.038712 0.0437861 0.049015 0.0543283 0.0596502 0.0648982 0.0699841 0.0748195 0.0793218 0.0834192 0.0870546 0.0901859 0.0927853 0.0948377 0.0963393 0.0972971 0.0977283 0.0976599 0.0971276 0.0961747 0.0948496 0.0932041 0.0912903 0.0891593 0.0868594 0.0844351 0.0819264 0.0793689 0.0767936 0.0742271 0.0716919 0.0692069 0.0667871 0.0644444 0.0621877 0.0600229 0.057954 0.0559827 0.0541091 0.0523319 0.050649 0.0490574 0.0475538 0.0461345 0.044796 0.0435347 0.0423473 0.0412305 0.0401816 0.039198 0.0382776 0.0374185 0.036619 0.0358779 0.0351941 0.0345668 0.0339951 0.0334787 0.0330172 0.0326102 0.0322577 0.0319595 0.0317156 0.0315258 0.0313903 0.031309 0.0312819 0.031309 0.0313903 0.0315258 0.0317156 0.0319595 0.0322577 0.0326102 0.0330172 0.0334787 0.0339951 0.0345668 0.0351941 0.0358779 0.036619 0.0374185 0.0382776 0.039198 0.0401816 0.0412305 0.0423473 0.0435347 0.044796 0.0461345 0.0475538 0.0490574 0.050649 0.0523319 0.0541091 0.0559827 0.057954 0.0600229 0.0621877 0.0644444 0.0667871 0.0692069 0.0716919 0.0742271 0.0767936 0.0793689 0.0819264 0.0844351 0.0868594 0.0891593 0.0912903 0.0932041 0.0948496 0.0961747 0.0971276 0.0976599 0.0977283 0.0972971 0.0963393 0.0948377 0.0927853 0.0901859 0.0870546 0.0834192 0.0793218 0.0748195 0.0699841 0.0648982 0.0596502 0.0543283 0.049015 0.0437861 0.038712 0.0338598 0.0292934 0.0250678 0.0212221 0.0177726 0.0147142 0.0120297 0.00970055 0.00771316 0.00605417 0.00470153 0.0036189 0.00275908 0.00207421 0.0015256 0.00108759 0.000744815 0.000486472 0.000301473 0.000176683 9.77503e-05 5.10144e-05 2.51136e-05 1.16668e-05 5.11826e-06 2.12225e-06 8.32485e-07 3.09221e-07 1.08863e-07 3.63544e-08 1.15141e-08 3.41781e-09 7.9914e-10 
0 2.8517e-09 1.02942e-08 3.2978e-08 9.98001e-08 2.86376e-07 7.7873e-07 2.00479e-06 4.88146e-06 1.12303e-05 2.4389e-05 4.99578e-05 9.64695e-05 0.000175596 0.000301473 0.000489029 0.000751939 0.00110171 0.0015496 0.00211187 0.00281609 0.00370388 0.00482623 0.00623221 0.007958 0.0100244 0.0124446 0.015235 0.0184178 0.0220119 0.0260185 0.0304134 0.035149 0.0401643 0.0453931 0.0507662 0.0562084 0.0616358 0.0669551 0.072069 0.0768834 0.0813144 0.0852929 0.0887658 0.0916949 0.0940555 0.0958353 0.0970342 0.0976647 0.0977515 0.0973308 0.0964483 0.0951569 0.0935129 0.0915739 0.0893961 0.0870327 0.084533 0.0819415 0.0792982 0.0766382 0.073992 0.0713854 0.06884 0.0663727 0.0639967 0.0617212 0.0595521 0.0574924 0.0555429 0.0537022 0.0519675 0.0503351 0.0488005 0.0473587 0.046005 0.0447342 0.0435417 0.042423 0.0413738 0.0403903 0.0394691 0.0386071 0.0378015 0.0370499 0.0363504 0.0357011 0.0351005 0.0345475 0.0340409 0.0335801 0.0331644 0.0327932 0.0324663 0.0321832 0.031944 0.0317483 0.0315962 0.0314876 0.0314225 0.0314007 0.0314225 0.0314876 0.0315962 0.0317483 0.031944 0.0321832 0.0324663 0.0327932 0.0331644 0.0335801 0.0340409 0.0345475 0.0351005 0.0357011 0.0363504 0.0370499 0.0378015 0.0386071 0.0394691 0.0403903 0.0413738 0.042423 0.0435417 0.0447342 0.046005 0.0473587 0.0488005 0.0503351 0.0519675 0.0537022 0.0555429 0.0574924 0.0595521 0.0617212 0.0639967 0.0663727 0.06884 0.0713854 0.073992 0.0766382 0.0792982 0.0819415 0.084533 0.0870327 0.0893961 0.0915739 0.0935129 0.0951569 0.0964483 0.0973308 0.0977515 0.0976647 0.0970342 0.0958353 0.0940555 0.0916949 0.0887658 0.0852929 0.0813144 0.0768834 0.072069 0.0669551 0.0616358 0.0562084 0.0507662 0.0453931 0.0401643 0.035149 0.0304134 0.0260185 0.0220119 0.0184178 0.015235 0.0124446 0.0100244 0.007958 0.00623221 0.00482623 0.00370388 0.00281609 0.00211187 0.0015496 0.00110171 0.000751939 0.000489029 0.000301473 0.000175596 9.64695e-05 4.99578e-05 2.4389e-05 1.12303e-05 4.88146e-06 2.00479e-06 7.7873e-07 2.86373e-07 9.97909e-08 3.29457e-08 1.01883e-08 2.53368e-09 
0 8.37776e-09 2.92099e-08 8.98608e-08 2.60696e-07 7.16322e-07 1.86311e-06 4.58229e-06 1.06459e-05 2.33396e-05 4.82427e-05 9.39545e-05 0.000172369 0.000298041 0.000486472 0.000751939 0.00110645 0.0015617 0.00213471 0.00285464 0.00376573 0.00492189 0.00637413 0.00815868 0.0102954 0.012798 0.0156857 0.0189848 0.0227147 0.0268721 0.031424 0.0363155 0.041482 0.0468562 0.0523659 0.0579292 0.0634512 0.0688279 0.073954 0.0787328 0.083082 0.0869355 0.0902429 0.0929677 0.0950864 0.0965893 0.0974813 0.0977829 0.0975287 0.0967655 0.0955489 0.0939394 0.0919991 0.089789 0.0873676 0.0847894 0.082105 0.0793598 0.0765947 0.0738453 0.071142 0.0685096 0.0659676 0.0635305 0.0612082 0.0590064 0.0569275 0.054971 0.0531345 0.0514141 0.0498047 0.0483008 0.0468964 0.0455855 0.0443622 0.0432207 0.0421556 0.0411617 0.0402342 0.0393687 0.0385612 0.037808 0.0371059 0.036452 0.0358439 0.0352792 0.0347563 0.0342736 0.0338298 0.0334238 0.0330549 0.0327223 0.0324255 0.0321643 0.0319382 0.0317471 0.0315909 0.0314695 0.0313828 0.0313308 0.0313135 0.0313308 0.0313828 0.0314695 0.0315909 0.0317471 0.0319382 0.0321643 0.0324255 0.0327223 0.0330549 0.0334238 0.0338298 0.0342736 0.0347563 0.0352792 0.0358439 0.036452 0.0371059 0.037808 0.0385612 0.0393687 0.0402342 0.0411617 0.0421556 0.0432207 0.0443622 0.0455855 0.0468964 0.0483008 0.0498047 0.0514141 0.0531345 0.054971 0.0569275 0.0590064 0.0612082 0.0635305 0.0659676 0.0685096 0.071142 0.0738453 0.0765947 0.0793598 0.082105 0.0847894 0.0873676 0.089789 0.0919991 0.0939394 0.0955489 0.0967655 0.0975287 0.0977829 0.0974813 0.0965893 0.0950864 0.0929677 0.0902429 0.0869355 0.083082 0.0787328 0.073954 0.0688279 0.0634512 0.0579292 0.0523659 0.0468562 0.041482 0.0363155 0.031424 0.0268721 0.0227147 0.0189848 0.0156857 0.012798 0.0102954 0.00815868 0.00637413 0.00492189 0.00376573 0.00285464 0.00213471 0.0015617 0.00110645 0.000751939 0.000486472 0.000298041 0.000172369 9.39545e-05 4.82427e-05 2.33396e-05 1.06459e-05 4.58229e-06 1.86311e-06 7.16314e-07 2.60669e-07 8.97735e-08 2.89468e-08 7.66473e-09 
0 2.34466e-08 7.89519e-08 2.33121e-07 6.47872e-07 1.70323e-06 4.23342e-06 9.9376e-06 2.20077e-05 4.59351e-05 9.02963e-05 0.000167111 0.000291279 0.000478867 0.000744815 0.00110171 0.0015617 0.00214236 0.00287408 0.0038033 0.00498671 0.00647738 0.008312 0.01051 0.0130856 0.0160615 0.0194674 0.0233232 0.0276197 0.0323158 0.0373506 0.042658 0.0481698 0.0538097 0.0594861 0.0650919 0.070513 0.0756395 0.0803748 0.0846388 0.0883672 0.0915098 0.0940296 0.0959042 0.0971283 0.097715 0.0976949 0.0971139 0.0960285 0.0945017 0.0925991 0.0903863 0.0879268 0.0852814 0.082507 0.0796564 0.0767772 0.0739113 0.071094 0.0683544 0.0657149 0.0631915 0.0607949 0.0585312 0.0564026 0.0544083 0.0525454 0.0508093 0.0491945 0.0476947 0.0463032 0.0450132 0.0438178 0.0427101 0.0416837 0.0407321 0.0398494 0.0390301 0.0382692 0.037562 0.0369043 0.0362926 0.0357236 0.0351946 0.0347032 0.0342474 0.0338255 0.0334362 0.0330784 0.0327512 0.0324538 0.0321858 0.0319466 0.0317361 0.0315539 0.0313999 0.031274 0.0311761 0.0311063 0.0310643 0.0310504 0.0310643 0.0311063 0.0311761 0.031274 0.0313999 0.0315539 0.0317361 0.0319466 0.0321858 0.0324538 0.0327512 0.0330784 0.0334362 0.0338255 0.0342474 0.0347032 0.0351946 0.0357236 0.0362926 0.0369043 0.037562 0.0382692 0.0390301 0.0398494 0.0407321 0.0416837 0.0427101 0.0438178 0.0450132 0.0463032 0.0476947 0.0491945 0.0508093 0.0525454 0.0544083 0.0564026 0.0585312 0.0607949 0.0631915 0.0657149 0.0683544 0.071094 0.0739113 0.0767772 0.0796564 0.082507 0.0852814 0.0879268 0.0903863 0.0925991 0.0945017 0.0960285 0.0971139 0.0976949 0.097715 0.0971283 0.0959042 0.0940296 0.0915098 0.0883672 0.0846388 0.0803748 0.0756395 0.070513 0.0650919 0.0594861 0.0538097 0.0481698 0.042658 0.0373506 0.0323158 0.0276197 0.0233232 0.0194674 0.0160615 0.0130856 0.01051 0.008312 0.00647738 0.00498671 0.0038033 0.00287408 0.00214236 0.0015617 0.00110171 0.000744815 0.000478867 0.000291279 0.000167111 9.02963e-05 4.59351e-05 2.20077e-05 9.9376e-06 4.23341e-06 1.70321e-06 6.47801e-07 2.32908e-07 7.83748e-08 2.2121e-08 
0 6.24975e-08 2.03237e-07 5.75674e-07 1.53146e-06 3.84889e-06 9.13387e-06 2.04453e-05 4.31219e-05 8.56248e-05 0.000159994 0.000281388 0.000466412 0.000730725 0.00108759 0.0015496 0.00213471 0.00287408 0.0038159 0.00501943 0.00654008 0.00841555 0.0106652 0.0133043 0.0163583 0.0198605 0.0238305 0.0282537 0.0330812 0.0382477 0.0436869 0.0493298 0.0550937 0.0608748 0.066554 0.0720097 0.0771302 0.0818204 0.0860014 0.0896078 0.092587 0.0949013 0.0965315 0.0974801 0.0977706 0.097445 0.0965585 0.095175 0.0933621 0.0911889 0.0887243 0.0860354 0.0831868 0.0802392 0.0772479 0.0742619 0.0713222 0.0684623 0.0657077 0.0630768 0.0605817 0.0582294 0.0560231 0.0539625 0.0520449 0.0502662 0.0486205 0.0471011 0.0457007 0.0444113 0.0432249 0.0421334 0.0411287 0.0402034 0.0393502 0.0385624 0.037834 0.0371596 0.0365342 0.0359537 0.0354143 0.0349129 0.0344466 0.0340133 0.0336109 0.0332378 0.0328926 0.0325743 0.0322819 0.0320146 0.0317719 0.0315533 0.0313584 0.0311869 0.0310386 0.0309133 0.0308109 0.0307314 0.0306746 0.0306405 0.0306292 0.0306405 0.0306746 0.0307314 0.0308109 0.0309133 0.0310386 0.0311869 0.0313584 0.0315533 0.0317719 0.0320146 0.0322819 0.0325743 0.0328926 0.0332378 0.0336109 0.0340133 0.0344466 0.0349129 0.0354143 0.0359537 0.0365342 0.0371596 0.037834 0.0385624 0.0393502 0.0402034 0.0411287 0.0421334 0.0432249 0.0444113 0.0457007 0.0471011 0.0486205 0.0502662 0.0520449 0.0539625 0.0560231 0.0582294 0.0605817 0.0630768 0.0657077 0.0684623 0.0713222 0.0742619 0.0772479 0.0802392 0.0831868 0.0860354 0.0887243 0.0911889 0.0933621 0.095175 0.0965585 0.097445 0.0977706 0.0974801 0.0965315 0.0949013 0.092587 0.0896078 0.0860014 0.0818204 0.0771302 0.0720097 0.066554 0.0608748 0.0550937 0.0493298 0.0436869 0.0382477 0.0330812 0.0282537 0.0238305 0.0198605 0.0163583 0.0133043 0.0106652 0.00841555 0.00654008 0.00501943 0.0038159 0.00287408 0.00213471 0.0015496 0.00108759 0.000730725 0.000466412 0.000281388 0.000159994 8.56248e-05 4.31219e-05 2.04453e-05 9.13385e-06 3.84883e-06 1.53129e-06 5.75216e-07 2.02204e-07 6.09024e-08 
0 1.58633e-07 4.98175e-07 1.35299e-06 3.44292e-06 8.26509e-06 1.87111e-05 3.99055e-05 8.01024e-05 0.000151248 0.000268658 0.000449429 0.000709979 0.00106434 0.0015256 0.00211187 0.00285464 0.0038033 0.00501943 0.00656111 0.00846773 0.0107592 0.0134514 0.0165727 0.0201595 0.0242312 0.028768 0.0337143 0.0390017 0.0445646 0.0503326 0.0562139 0.0620916 0.0678358 0.0733203 0.0784341 0.083083 0.0871861 0.0906742 0.0934915 0.0956016 0.0969921 0.0976756 0.0976868 0.097077 0.0959081 0.0942483 0.0921691 0.0897439 0.0870467 0.0841501 0.0811237 0.0780313 0.0749292 0.0718651 0.0688772 0.0659948 0.0632394 0.0606257 0.0581631 0.0558562 0.0537065 0.0517122 0.0498696 0.0481728 0.0466144 0.0451859 0.0438783 0.0426819 0.0415872 0.040585 0.0396665 0.0388234 0.0380482 0.0373343 0.0366758 0.0360672 0.0355041 0.0349823 0.0344984 0.0340493 0.0336324 0.0332454 0.0328863 0.0325535 0.0322456 0.0319612 0.0316993 0.0314592 0.0312401 0.0310413 0.0308625 0.0307032 0.0305632 0.0304422 0.0303401 0.0302566 0.0301918 0.0301456 0.0301179 0.0301086 0.0301179 0.0301456 0.0301918 0.0302566 0.0303401 0.0304422 0.0305632 0.0307032 0.0308625 0.0310413 0.0312401 0.0314592 0.0316993 0.0319612 0.0322456 0.0325535 0.0328863 0.0332454 0.0336324 0.0340493 0.0344984 0.0349823 0.0355041 0.0360672 0.0366758 0.0373343 0.0380482 0.0388234 0.0396665 0.040585 0.0415872 0.0426819 0.0438783 0.0451859 0.0466144 0.0481728 0.0498696 0.0517122 0.0537065 0.0558562 0.0581631 0.0606257 0.0632394 0.0659948 0.0688772 0.0718651 0.0749292 0.0780313 0.0811237 0.0841501 0.0870467 0.0897439 0.0921691 0.0942483 0.0959081 0.097077 0.0976868 0.0976756 0.0969921 0.0956016 0.0934915 0.0906742 0.0871861 0.083083 0.0784341 0.0733203 0.0678358 0.0620916 0.0562139 0.0503326 0.0445646 0.0390017 0.0337143 0.028768 0.0242312 0.0201595 0.0165727 0.0134514 0.0107592 0.00846773 0.00656111 0.00501943 0.0038033 0.00285464 0.00211187 0.0015256 0.00106434 0.000709979 0.000449429 0.000268658 0.000151248 8.01024e-05 3.99055e-05 1.87111e-05 8.26496e-06 3.44257e-06 1.3522e-06 4.97076e-07 1.59939e-07 
