0 0 0 0 0 0 0 0 0 0 0 0 0 0 0 0 0 0 0 0 0 0 0 0 0 0 0 0 0 0 0 0 0 0 0 0 0 0 0 0 0 0 0 0 0 0 0 0 0 0 0 0 0 0 0 0 0 0 0 0 0 0 0 0 0 0 0 0 0 0 0 0 0 0 0 0 0 0 0 0 0 0 0 0 0 0 0 0 0 0 0 0 0 0 0 0 0 0 0 0 0 0 0 0 0 0 0 0 0 0 0 0 0 0 0 0 0 0 0 0 0 0 0 0 0 0 0 0 0 0 0 0 0 0 0 0 0 0 0 0 0 0 0 0 0 0 0 0 0 0 0 0 0 0 0 0 0 0 0 0 0 0 0 0 0 0 0 0 0 0 0 0 0 0 0 0 0 0 0 0 0 0 0 0 0 0 0 0 0 0 0 0 0 0 0 0 0 0 0 0 
0 2.33979e-13 1.03596e-12 4.18677e-12 1.61251e-11 5.92893e-11 2.08065e-10 6.96653e-10 2.22463e-09 6.7725e-09 1.96472e-08 5.42905e-08 1.42831e-07 3.57606e-07 8.51691e-07 1.92877e-06 4.15188e-06 8.49299e-06 1.65067e-05 3.04822e-05 5.34973e-05 8.92826e-05 0.000141839 0.000214842 0.000311015 0.000431756 0.000577349 0.000747894 0.000944776 0.00117215 0.00143771 0.00175224 0.00212775 0.00257483 0.00309995 0.0037038 0.00438117 0.00512222 0.00591478 0.00674661 0.0076068 0.00848616 0.0093763 0.0102682 0.0111508 0.0120099 0.0128286 0.0135875 0.0142668 0.014848 0.0153149 0.0156554 0.0158615 0.0159296 0.0158597 0.015655 0.0153211 0.0148652 0.0142957 0.0136219 0.012854 0.0120026 0.0110792 0.0100956 0.00906383 0.00799642 0.00690564 0.00580346 0.00470126 0.00360958 0.00253792 0.00149459 0.000486643 -0.000480168 -0.00140136 -0.00227367 -0.00309491 -0.0038639 -0.00458034 -0.00524461 -0.00585773 -0.00642117 -0.0069368 -0.00740673 -0.00783326 -0.0082188 -0.00856582 -0.00887675 -0.00915399 -0.00939987 -0.00961656 -0.00980614 -0.00997049 -0.0101113 -0.0102302 -0.0103285 -0.0104074 -0.0104677 -0.0105103 -0.0105356 -0.010544 -0.0105356 -0.0105103 -0.0104677 -0.0104074 -0.0103285 -0.0102302 -0.0101113 -0.00997049 -0.00980614 -0.00961656 -0.00939987 -0.00915399 -0.00887675 -0.00856582 -0.0082188 -0.00783326 -0.00740673 -0.0069368 -0.00642117 -0.00585773 -0.00524461 -0.00458034 -0.0038639 -0.00309491 -0.00227367 -0.00140136 -0.000480168 0.000486643 0.00149459 0.00253792 0.00360958 0.00470126 0.00580346 0.00690564 0.00799642 0.00906383 0.0100956 0.0110792 0.0120026 0.012854 0.0136219 0.0142957 0.0148652 0.0153211 0.015655 0.0158597 0.0159296 0.0158615 0.0156554 0.0153149 0.014848 0.0142668 0.0135875 0.0128286 0.0120099 0.0111508 0.0102682 0.0093763 0.00848616 0.0076068 0.00674661 0.00591478 0.00512222 0.00438117 0.0037038 0.00309995 0.00257483 0.00212775 0.00175224 0.00143771 0.00117215 0.000944776 0.000747894 0.000577349 0.000431756 0.000311015 0.000214842 0.000141839 8.92826e-05 5.34973e-05 3.04822e-05 1.65067e-05 8.49299e-06 4.15188e-06 1.92877e-06 8.51691e-07 3.57606e-07 1.42831e-07 5.42905e-08 1.96472e-08 6.7725e-09 2.22463e-09 6.96653e-10 2.08065e-10 5.92892e-11 1.61244e-11 4.18343e-12 1.02101e-12 1.70299e-13 
0 1.03596e-12 4.45244e-12 1.74167e-11 6.49021e-11 2.30861e-10 7.8368e-10 2.53784e-09 7.8371e-09 2.30691e-08 6.47006e-08 1.72822e-07 4.3946e-07 1.06339e-06 2.44769e-06 5.35764e-06 1.11491e-05 2.20552e-05 4.1477e-05 7.41752e-05 0.000126221 0.000204583 0.000316348 0.000467736 0.000663325 0.000905946 0.00119758 0.0015412 0.00194292 0.00241356 0.00296876 0.0036271 0.00440692 0.00532253 0.00638126 0.00758214 0.00891646 0.0103697 0.0119241 0.0135605 0.0152591 0.0169998 0.0187609 0.0205178 0.0222429 0.0239052 0.0254712 0.0269069 0.0281793 0.0292585 0.030119 0.0307409 0.0311102 0.0312193 0.0310661 0.0306538 0.0299904 0.0290879 0.027962 0.0266311 0.0251163 0.0234404 0.0216275 0.0197026 0.0176907 0.0156166 0.0135041 0.0113759 0.0092528 0.00715381 0.00509574 0.00309316 0.00115836 -0.000698658 -0.00247002 -0.0041499 -0.00573432 -0.00722099 -0.00860909 -0.00989908 -0.0110925 -0.0121917 -0.0131999 -0.0141206 -0.0149581 -0.0157165 -0.0164003 -0.017014 -0.0175621 -0.0180488 -0.0184784 -0.0188546 -0.0191811 -0.0194612 -0.0196978 -0.0198936 -0.0200507 -0.020171 -0.0202559 -0.0203065 -0.0203232 -0.0203065 -0.0202559 -0.020171 -0.0200507 -0.0198936 -0.0196978 -0.0194612 -0.0191811 -0.0188546 -0.0184784 -0.0180488 -0.0175621 -0.017014 -0.0164003 -0.0157165 -0.0149581 -0.0141206 -0.0131999 -0.0121917 -0.0110925 -0.00989908 -0.00860909 -0.00722099 -0.00573432 -0.0041499 -0.00247002 -0.000698658 0.00115836 0.00309316 0.00509574 0.00715381 0.0092528 0.0113759 0.0135041 0.0156166 0.0176907 0.0197026 0.0216275 0.0234404 0.0251163 0.0266311 0.027962 0.0290879 0.0299904 0.0306538 0.0310661 0.0312193 0.0311102 0.0307409 0.030119 0.0292585 0.0281793 0.0269069 0.0254712 0.0239052 0.0222429 0.0205178 0.0187609 0.0169998 0.0152591 0.0135605 0.0119241 0.0103697 0.00891646 0.00758214 0.00638126 0.00532253 0.00440692 0.0036271 0.00296876 0.00241356 0.00194292 0.0015412 0.00119758 0.000905946 0.000663325 0.000467736 0.000316348 0.000204583 0.000126221 7.41752e-05 4.1477e-05 2.20552e-05 1.11491e-05 5.35764e-06 2.44769e-06 1.06339e-06 4.3946e-07 1.72822e-07 6.47006e-08 2.30691e-08 7.8371e-09 2.53784e-09 7.83679e-10 2.3086e-10 6.48987e-11 1.74016e-11 4.38739e-12 7.68994e-13 
0 4.18677e-12 1.74167e-11 6.57025e-11 2.35943e-10 8.08418e-10 2.64218e-09 8.23398e-09 2.44562e-08 6.92e-08 1.86451e-07 4.7816e-07 1.16666e-06 2.70714e-06 5.97212e-06 1.25227e-05 2.49564e-05 4.7274e-05 8.51487e-05 0.000145937 0.00023829 0.000371343 0.000553696 0.000792601 0.00109389 0.00146295 0.00190656 0.00243499 0.00306316 0.00381033 0.00469792 0.00574629 0.00697159 0.00838359 0.00998505 0.0117723 0.0137365 0.0158642 0.0181375 0.0205336 0.023024 0.025574 0.0281435 0.0306876 0.0331591 0.0355104 0.0376953 0.0396709 0.0413983 0.0428432 0.0439769 0.0447759 0.0452228 0.0453066 0.0450228 0.0443742 0.0433704 0.0420278 0.0403687 0.0384207 0.0362156 0.033788 0.0311741 0.0284107 0.0255343 0.0225798 0.0195804 0.0165667 0.0135666 0.010605 0.00770375 0.00488165 0.00215452 -0.000464699 -0.00296579 -0.00534107 -0.00758518 -0.00969489 -0.0116688 -0.0135074 -0.0152121 -0.0167861 -0.0182332 -0.0195581 -0.0207659 -0.0218625 -0.0228535 -0.0237451 -0.0245431 -0.0252535 -0.0258817 -0.026433 -0.0269125 -0.0273246 -0.0276733 -0.0279622 -0.0281944 -0.0283723 -0.028498 -0.0285729 -0.0285977 -0.0285729 -0.028498 -0.0283723 -0.0281944 -0.0279622 -0.0276733 -0.0273246 -0.0269125 -0.026433 -0.0258817 -0.0252535 -0.0245431 -0.0237451 -0.0228535 -0.0218625 -0.0207659 -0.0195581 -0.0182332 -0.0167861 -0.0152121 -0.0135074 -0.0116688 -0.00969489 -0.00758518 -0.00534107 -0.00296579 -0.000464699 0.00215452 0.00488165 0.00770375 0.010605 0.0135666 0.0165667 0.0195804 0.0225798 0.0255343 0.0284107 0.0311741 0.033788 0.0362156 0.0384207 0.0403687 0.0420278 0.0433704 0.0443742 0.0450228 0.0453066 0.0452228 0.0447759 0.0439769 0.0428432 0.0413983 0.0396709 0.0376953 0.0355104 0.0331591 0.0306876 0.0281435 0.025574 0.023024 0.0205336 0.0181375 0.0158642 0.0137365 0.0117723 0.00998505 0.00838359 0.00697159 0.00574629 0.00469792 0.00381033 0.00306316 0.00243499 0.00190656 0.00146295 0.00109389 0.000792601 0.000553696 0.000371343 0.00023829 0.000145937 8.51487e-05 4.7274e-05 2.49564e-05 1.25227e-05 5.97212e-06 2.70714e-06 1.16666e-06 4.7816e-07 1.86451e-07 6.92e-08 2.44562e-08 8.23398e-09 2.64218e-09 8.08415e-10 2.35929e-10 6.56405e-11 1.71601e-11 3.17779e-12 
0 1.61251e-11 6.49021e-11 2.35943e-10 8.15774e-10 2.68957e-09 8.45335e-09 2.53168e-08 7.22123e-08 1.96073e-07 5.0654e-07 1.24448e-06 2.90634e-06 6.44943e-06 1.35952e-05 2.72195e-05 5.17643e-05 9.35399e-05 0.000160736 0.000262995 0.000410547 0.000613186 0.000879583 0.00121753 0.00163534 0.00214403 0.00275925 0.00350188 0.00439643 0.00546776 0.00673723 0.00821995 0.00992405 0.0118518 0.0140013 0.0163681 0.0189445 0.0217178 0.0246677 0.0277638 0.0309649 0.0342204 0.0374724 0.0406599 0.0437214 0.0465988 0.0492381 0.0515911 0.053615 0.055273 0.0565341 0.0573737 0.057774 0.057725 0.057225 0.0562808 0.0549075 0.0531282 0.0509728 0.0484768 0.0456799 0.0426247 0.0393549 0.0359145 0.0323466 0.0286924 0.0249907 0.0212774 0.0175851 0.0139429 0.0103764 0.00690766 0.00355518 0.000334131 -0.00274354 -0.00566885 -0.00843556 -0.0110399 -0.0134804 -0.0157573 -0.0178727 -0.01983 -0.0216337 -0.0232893 -0.0248027 -0.0261806 -0.0274296 -0.0285566 -0.0295686 -0.0304721 -0.0312736 -0.0319793 -0.0325946 -0.0331249 -0.0335749 -0.0339485 -0.0342493 -0.0344802 -0.0346436 -0.0347409 -0.0347732 -0.0347409 -0.0346436 -0.0344802 -0.0342493 -0.0339485 -0.0335749 -0.0331249 -0.0325946 -0.0319793 -0.0312736 -0.0304721 -0.0295686 -0.0285566 -0.0274296 -0.0261806 -0.0248027 -0.0232893 -0.0216337 -0.01983 -0.0178727 -0.0157573 -0.0134804 -0.0110399 -0.00843556 -0.00566885 -0.00274354 0.000334131 0.00355518 0.00690766 0.0103764 0.0139429 0.0175851 0.0212774 0.0249907 0.0286924 0.0323466 0.0359145 0.0393549 0.0426247 0.0456799 0.0484768 0.0509728 0.0531282 0.0549075 0.0562808 0.057225 0.057725 0.057774 0.0573737 0.0565341 0.055273 0.053615 0.0515911 0.0492381 0.0465988 0.0437214 0.0406599 0.0374724 0.0342204 0.0309649 0.0277638 0.0246677 0.0217178 0.0189445 0.0163681 0.0140013 0.0118518 0.00992405 0.00821995 0.00673723 0.00546776 0.00439643 0.00350188 0.00275925 0.00214403 0.00163534 0.00121753 0.000879583 0.000613186 0.000410547 0.000262995 0.000160736 9.35399e-05 5.17643e-05 2.72195e-05 1.35952e-05 6.44943e-06 2.90634e-06 1.24448e-06 5.0654e-07 1.96073e-07 7.22123e-08 2.53168e-08 8.45334e-09 2.68955e-09 8.15716e-10 2.35702e-10 6.39452e-11 1.25285e-11 
0 5.92893e-11 2.30861e-10 8.08418e-10 2.68957e-09 8.52678e-09 2.57525e-08 7.40562e-08 2.02661e-07 5.27478e-07 1.30505e-06 3.06766e-06 6.84772e-06 1.45104e-05 2.91817e-05 5.56971e-05 0.00010092 0.000173727 0.0002845 0.000444159 0.000663086 0.000950566 0.00131541 0.00176789 0.00232245 0.00299972 0.00382643 0.00483271 0.00604744 0.00749375 0.00918647 0.0111325 0.013333 0.0157868 0.0184906 0.0214388 0.0246199 0.0280133 0.0315867 0.0352954 0.0390842 0.0428904 0.0466472 0.0502869 0.0537434 0.0569538 0.0598597 0.0624078 0.0645509 0.066249 0.0674706 0.0681933 0.0684045 0.0681021 0.0672932 0.0659943 0.0642299 0.0620312 0.0594347 0.0564813 0.0532147 0.0496804 0.0459249 0.0419942 0.0379337 0.0337869 0.029595 0.0253964 0.0212261 0.0171156 0.0130924 0.00918034 0.00539937 0.00176568 -0.00170806 -0.00501247 -0.00814112 -0.0110903 -0.0138585 -0.0164464 -0.0188564 -0.021092 -0.0231582 -0.0250606 -0.0268055 -0.0283996 -0.02985 -0.0311637 -0.0323476 -0.0334088 -0.0343536 -0.0351884 -0.035919 -0.0365506 -0.0370881 -0.0375356 -0.0378967 -0.0381745 -0.0383712 -0.0384885 -0.0385276 -0.0384885 -0.0383712 -0.0381745 -0.0378967 -0.0375356 -0.0370881 -0.0365506 -0.035919 -0.0351884 -0.0343536 -0.0334088 -0.0323476 -0.0311637 -0.02985 -0.0283996 -0.0268055 -0.0250606 -0.0231582 -0.021092 -0.0188564 -0.0164464 -0.0138585 -0.0110903 -0.00814112 -0.00501247 -0.00170806 0.00176568 0.00539937 0.00918034 0.0130924 0.0171156 0.0212261 0.0253964 0.029595 0.0337869 0.0379337 0.0419942 0.0459249 0.0496804 0.0532147 0.0564813 0.0594347 0.0620312 0.0642299 0.0659943 0.0672932 0.0681021 0.0684045 0.0681933 0.0674706 0.066249 0.0645509 0.0624078 0.0598597 0.0569538 0.0537434 0.0502869 0.0466472 0.0428904 0.0390842 0.0352954 0.0315867 0.0280133 0.0246199 0.0214388 0.0184906 0.0157868 0.013333 0.0111325 0.00918647 0.00749375 0.00604744 0.00483271 0.00382643 0.00299972 0.00232245 0.00176789 0.00131541 0.000950566 0.000663086 0.000444159 0.0002845 0.000173727 0.00010092 5.56971e-05 2.91817e-05 1.45104e-05 6.84772e-06 3.06766e-06 1.30505e-06 5.27478e-07 2.02661e-07 7.40562e-08 2.57525e-08 8.52672e-09 2.68934e-09 8.07528e-10 2.27488e-10 4.72043e-11 
0 2.08065e-10 7.8368e-10 2.64218e-09 8.45335e-09 2.57525e-08 7.46802e-08 2.06031e-07 5.40425e-07 1.34694e-06 3.18792e-06 7.16108e-06 1.52602e-05 3.08396e-05 5.90995e-05 0.000107418 0.000185306 0.000303803 0.000474387 0.000707819 0.00101369 0.0014014 0.00188269 0.00247478 0.00320245 0.00409732 0.00519397 0.00652434 0.00811282 0.0099745 0.0121166 0.0145416 0.0172503 0.0202412 0.0235086 0.027038 0.0308036 0.0347665 0.0388763 0.0430739 0.047295 0.0514725 0.0555388 0.0594263 0.0630682 0.0663996 0.069359 0.0718906 0.0739466 0.0754895 0.0764933 0.076944 0.0768397 0.0761894 0.0750116 0.0733324 0.0711845 0.0686054 0.0656362 0.0623208 0.0587047 0.0548345 0.0507571 0.0465188 0.0421644 0.0377371 0.0332774 0.0288228 0.0244074 0.0200614 0.0158114 0.01168 0.00768619 0.00384514 0.000168782 -0.00333406 -0.00665736 -0.00979756 -0.0127533 -0.0155249 -0.0181145 -0.0205254 -0.0227619 -0.0248292 -0.026733 -0.0284795 -0.030075 -0.0315262 -0.0328395 -0.0340213 -0.0350777 -0.0360145 -0.0368372 -0.0375508 -0.0381598 -0.0386682 -0.0390794 -0.0393963 -0.039621 -0.0397552 -0.0397999 -0.0397552 -0.039621 -0.0393963 -0.0390794 -0.0386682 -0.0381598 -0.0375508 -0.0368372 -0.0360145 -0.0350777 -0.0340213 -0.0328395 -0.0315262 -0.030075 -0.0284795 -0.026733 -0.0248292 -0.0227619 -0.0205254 -0.0181145 -0.0155249 -0.0127533 -0.00979756 -0.00665736 -0.00333406 0.000168782 0.00384514 0.00768619 0.01168 0.0158114 0.0200614 0.0244074 0.0288228 0.0332774 0.0377371 0.0421644 0.0465188 0.0507571 0.0548345 0.0587047 0.0623208 0.0656362 0.0686054 0.0711845 0.0733324 0.0750116 0.0761894 0.0768397 0.076944 0.0764933 0.0754895 0.0739466 0.0718906 0.069359 0.0663996 0.0630682 0.0594263 0.0555388 0.0514725 0.047295 0.0430739 0.0388763 0.0347665 0.0308036 0.027038 0.0235086 0.0202412 0.0172503 0.0145416 0.0121166 0.0099745 0.00811282 0.00652434 0.00519397 0.00409732 0.00320245 0.00247478 0.00188269 0.0014014 0.00101369 0.000707819 0.000474387 0.000303803 0.000185306 0.000107418 5.90995e-05 3.08396e-05 1.52602e-05 7.16108e-06 3.18792e-06 1.34694e-06 5.40425e-07 2.06031e-07 7.46802e-08 2.57523e-08 8.45253e-09 2.63908e-09 7.72476e-10 1.69941e-10 
0 6.96653e-10 2.53784e-09 8.23398e-09 2.53168e-08 7.40562e-08 2.06031e-07 5.4481e-07 1.36837e-06 3.26226e-06 7.37761e-06 1.58182e-05 3.21409e-05 6.18778e-05 0.000112886 0.000195273 0.000320702 0.000501167 0.000747757 0.0010703 0.00147871 0.00198602 0.00261204 0.00338525 0.0043413 0.005518 0.00694875 0.00865797 0.0106604 0.0129642 0.0155746 0.018496 0.0217298 0.0252695 0.0290967 0.0331779 0.0374656 0.041902 0.0464229 0.0509615 0.0554503 0.0598215 0.0640066 0.0679372 0.0715457 0.0747678 0.0775455 0.0798297 0.0815824 0.0827781 0.0834037 0.0834579 0.0829502 0.081899 0.0803306 0.0782774 0.0757772 0.0728714 0.0696047 0.0660234 0.062175 0.058107 0.0538656 0.0494959 0.0450402 0.040538 0.0360258 0.0315364 0.0270991 0.0227396 0.0184804 0.0143403 0.0103352 0.00647799 0.0027789 -0.000754353 -0.00411627 -0.00730335 -0.0103139 -0.0131478 -0.0158061 -0.0182912 -0.0206065 -0.0227557 -0.0247437 -0.0265754 -0.028256 -0.0297912 -0.0311863 -0.0324468 -0.0335779 -0.0345848 -0.0354721 -0.0362441 -0.0369049 -0.037458 -0.0379063 -0.0382523 -0.0384981 -0.038645 -0.0386938 -0.038645 -0.0384981 -0.0382523 -0.0379063 -0.037458 -0.0369049 -0.0362441 -0.0354721 -0.0345848 -0.0335779 -0.0324468 -0.0311863 -0.0297912 -0.028256 -0.0265754 -0.0247437 -0.0227557 -0.0206065 -0.0182912 -0.0158061 -0.0131478 -0.0103139 -0.00730335 -0.00411627 -0.000754353 0.0027789 0.00647799 0.0103352 0.0143403 0.0184804 0.0227396 0.0270991 0.0315364 0.0360258 0.040538 0.0450402 0.0494959 0.0538656 0.058107 0.062175 0.0660234 0.0696047 0.0728714 0.0757772 0.0782774 0.0803306 0.081899 0.0829502 0.0834579 0.0834037 0.0827781 0.0815824 0.0798297 0.0775455 0.0747678 0.0715457 0.0679372 0.0640066 0.0598215 0.0554503 0.0509615 0.0464229 0.041902 0.0374656 0.0331779 0.0290967 0.0252695 0.0217298 0.018496 0.0155746 0.0129642 0.0106604 0.00865797 0.00694875 0.005518 0.0043413 0.00338525 0.00261204 0.00198602 0.00147871 0.0010703 0.000747757 0.000501167 0.000320702 0.000195273 0.000112886 6.18778e-05 3.21409e-05 1.58182e-05 7.37761e-06 3.26226e-06 1.36837e-06 5.4481e-07 2.06031e-07 7.40554e-08 2.5314e-08 8.22378e-09 2.50292e-09 5.84438e-10 
0 2.22463e-09 7.8371e-09 2.44562e-08 7.22123e-08 2.02661e-07 5.40425e-07 1.36837e-06 3.28741e-06 7.48825e-06 1.61624e-05 3.30374e-05 6.39368e-05 0.000117154 0.000203353 0.000334795 0.000523979 0.000782326 0.00111991 0.00154715 0.00207845 0.00273612 0.00355216 0.00456584 0.00581725 0.00734019 0.00915796 0.0112845 0.0137287 0.0164993 0.0196041 0.0230467 0.0268193 0.030898 0.035242 0.0397964 0.0444972 0.0492763 0.054064 0.05879 0.0633826 0.0677694 0.0718778 0.0756381 0.0789866 0.0818683 0.0842394 0.0860684 0.0873356 0.0880327 0.0881615 0.0877327 0.0867649 0.0852837 0.0833214 0.0809152 0.0781073 0.0749427 0.0714687 0.0677331 0.063783 0.0596641 0.0554195 0.0510891 0.0467096 0.042314 0.037932 0.0335897 0.0293101 0.0251133 0.0210166 0.0170346 0.0131798 0.00946223 0.00589025 0.00247016 -0.000793355 -0.00389714 -0.00683942 -0.00961961 -0.0122382 -0.0146967 -0.0169971 -0.0191424 -0.0211358 -0.0229809 -0.0246818 -0.0262425 -0.0276672 -0.02896 -0.030125 -0.031166 -0.0320868 -0.0328907 -0.0335808 -0.03416 -0.0346305 -0.0349943 -0.0352531 -0.0354079 -0.0354595 -0.0354079 -0.0352531 -0.0349943 -0.0346305 -0.03416 -0.0335808 -0.0328907 -0.0320868 -0.031166 -0.030125 -0.02896 -0.0276672 -0.0262425 -0.0246818 -0.0229809 -0.0211358 -0.0191424 -0.0169971 -0.0146967 -0.0122382 -0.00961961 -0.00683942 -0.00389714 -0.000793355 0.00247016 0.00589025 0.00946223 0.0131798 0.0170346 0.0210166 0.0251133 0.0293101 0.0335897 0.037932 0.042314 0.0467096 0.0510891 0.0554195 0.0596641 0.063783 0.0677331 0.0714687 0.0749427 0.0781073 0.0809152 0.0833214 0.0852837 0.0867649 0.0877327 0.0881615 0.0880327 0.0873356 0.0860684 0.0842394 0.0818683 0.0789866 0.0756381 0.0718778 0.0677694 0.0633826 0.05879 0.054064 0.0492763 0.0444972 0.0397964 0.035242 0.030898 0.0268193 0.0230467 0.0196041 0.0164993 0.0137287 0.0112845 0.00915796 0.00734019 0.00581725 0.00456584 0.00355216 0.00273612 0.00207845 0.00154715 0.00111991 0.000782326 0.000523979 0.000334795 0.000203353 0.000117154 6.39368e-05 3.30374e-05 1.61624e-05 7.48825e-06 3.28741e-06 1.36837e-06 5.40425e-07 2.02658e-07 7.22032e-08 2.44248e-08 7.73563e-09 1.91947e-09 
0 6.7725e-09 2.30691e-08 6.92e-08 1.96073e-07 5.27478e-07 1.34694e-06 3.26226e-06 7.48825e-06 1.62787e-05 3.34945e-05 6.5203e-05 0.000120081 0.000209306 0.000345711 0.000542304 0.000810856 0.00116172 0.00160587 0.00215904 0.00284609 0.00370243 0.0047706 0.00609251 0.00770168 0.00961987 0.01186 0.0144325 0.0173487 0.0206199 0.0242498 0.0282268 0.0325206 0.037083 0.0418535 0.0467648 0.051747 0.0567277 0.0616321 0.0663824 0.0708989 0.0751038 0.0789249 0.0823001 0.0851796 0.0875273 0.0893201 0.0905465 0.091205 0.0913031 0.0908557 0.0898852 0.0884206 0.0864965 0.0841529 0.0814334 0.0783838 0.0750509 0.0714807 0.0677179 0.0638044 0.0597792 0.0556779 0.0515327 0.0473723 0.0432225 0.0391059 0.0350423 0.0310491 0.0271413 0.0233315 0.0196307 0.0160476 0.0125896 0.0092625 0.00607071 0.00301749 0.000105032 -0.00266538 -0.00529325 -0.00777879 -0.0101228 -0.0123264 -0.0143914 -0.0163197 -0.0181136 -0.0197755 -0.0213079 -0.0227135 -0.0239948 -0.0251544 -0.026195 -0.0271188 -0.0279283 -0.0286253 -0.0292118 -0.0296894 -0.0300594 -0.0303229 -0.0304808 -0.0305333 -0.0304808 -0.0303229 -0.0300594 -0.0296894 -0.0292118 -0.0286253 -0.0279283 -0.0271188 -0.026195 -0.0251544 -0.0239948 -0.0227135 -0.0213079 -0.0197755 -0.0181136 -0.0163197 -0.0143914 -0.0123264 -0.0101228 -0.00777879 -0.00529325 -0.00266538 0.000105032 0.00301749 0.00607071 0.0092625 0.0125896 0.0160476 0.0196307 0.0233315 0.0271413 0.0310491 0.0350423 0.0391059 0.0432225 0.0473723 0.0515327 0.0556779 0.0597792 0.0638044 0.0677179 0.0714807 0.0750509 0.0783838 0.0814334 0.0841529 0.0864965 0.0884206 0.0898852 0.0908557 0.0913031 0.091205 0.0905465 0.0893201 0.0875273 0.0851796 0.0823001 0.0789249 0.0751038 0.0708989 0.0663824 0.0616321 0.0567277 0.051747 0.0467648 0.0418535 0.037083 0.0325206 0.0282268 0.0242498 0.0206199 0.0173487 0.0144325 0.01186 0.00961987 0.00770168 0.00609251 0.0047706 0.00370243 0.00284609 0.00215904 0.00160587 0.00116172 0.000810856 0.000542304 0.000345711 0.000209306 0.000120081 6.5203e-05 3.34945e-05 1.62787e-05 7.48825e-06 3.26225e-06 1.34693e-06 5.2747e-07 1.96045e-07 6.91099e-08 2.27972e-08 6.01868e-09 
0 1.96472e-08 6.47006e-08 1.86451e-07 5.0654e-07 1.30505e-06 3.18792e-06 7.37761e-06 1.61624e-05 3.34945e-05 6.56303e-05 0.000121569 0.000212953 0.000353158 0.000555711 0.000832773 0.00119501 0.00165396 0.0022267 0.0029405 0.00383408 0.00495301 0.00634073 0.00803017 0.0100415 0.0123872 0.0150792 0.0181324 0.02156 0.0253637 0.0295263 0.0340094 0.038758 0.0437076 0.0487893 0.0539316 0.0590591 0.064091 0.0689421 0.0735259 0.0777604 0.0815733 0.0849053 0.0877124 0.089965 0.0916464 0.0927514 0.0932846 0.0932598 0.0926994 0.0916333 0.0900985 0.0881372 0.085795 0.0831193 0.0801574 0.0769552 0.073556 0.07 0.066324 0.0625613 0.0587421 0.0548932 0.0510389 0.0472003 0.0433962 0.0396428 0.0359539 0.0323414 0.0288151 0.025383 0.0220518 0.0188266 0.0157114 0.0127095 0.00982333 0.00705456 0.0044045 0.001874 -0.000536437 -0.0028266 -0.00499654 -0.00704654 -0.00897706 -0.0107888 -0.0124825 -0.0140591 -0.0155197 -0.0168655 -0.0180976 -0.0192172 -0.0202257 -0.0211241 -0.0219138 -0.0225957 -0.0231708 -0.0236402 -0.0240044 -0.0242641 -0.0244198 -0.0244716 -0.0244198 -0.0242641 -0.0240044 -0.0236402 -0.0231708 -0.0225957 -0.0219138 -0.0211241 -0.0202257 -0.0192172 -0.0180976 -0.0168655 -0.0155197 -0.0140591 -0.0124825 -0.0107888 -0.00897706 -0.00704654 -0.00499654 -0.0028266 -0.000536437 0.001874 0.0044045 0.00705456 0.00982333 0.0127095 0.0157114 0.0188266 0.0220518 0.025383 0.0288151 0.0323414 0.0359539 0.0396428 0.0433962 0.0472003 0.0510389 0.0548932 0.0587421 0.0625613 0.066324 0.07 0.073556 0.0769552 0.0801574 0.0831193 0.085795 0.0881372 0.0900985 0.0916333 0.0926994 0.0932598 0.0932846 0.0927514 0.0916464 0.089965 0.0877124 0.0849053 0.0815733 0.0777604 0.0735259 0.0689421 0.064091 0.0590591 0.0539316 0.0487893 0.0437076 0.038758 0.0340094 0.0295263 0.0253637 0.02156 0.0181324 0.0150792 0.0123872 0.0100415 0.00803017 0.00634073 0.00495301 0.00383408 0.0029405 0.0022267 0.00165396 0.00119501 0.000832773 0.000555711 0.000353158 0.000212953 0.000121569 6.56303e-05 3.34945e-05 1.61624e-05 7.37761e-06 3.18791e-06 1.30502e-06 5.06462e-07 1.86214e-07 6.40405e-08 1.80124e-08 
0 5.42905e-08 1.72822e-07 4.7816e-07 1.24448e-06 3.06766e-06 7.16108e-06 1.58182e-05 3.30374e-05 6.5203e-05 0.000121569 0.000214181 0.000356933 0.000563884 0.000847634 0.00121921 0.0016907 0.00228042 0.00301792 0.00394502 0.00511017 0.00655813 0.00832121 0.0104182 0.0128615 0.0156656 0.0188486 0.0224248 0.0263923 0.0307265 0.0353806 0.0402937 0.0453986 0.0506252 0.0558994 0.06114 0.0662586 0.0711623 0.0757598 0.0799683 0.083718 0.0869549 0.0896402 0.0917488 0.0932682 0.094197 0.0945451 0.0943335 0.0935932 0.0923644 0.0906939 0.0886327 0.0862332 0.0835474 0.0806243 0.0775095 0.0742443 0.0708658 0.0674072 0.0638975 0.0603624 0.0568241 0.053302 0.0498122 0.0463683 0.0429816 0.0396608 0.0364129 0.0332435 0.0301567 0.0271555 0.0242424 0.0214193 0.0186878 0.0160491 0.0135044 0.0110548 0.00870137 0.00644499 0.00428655 0.00222688 0.000266713 -0.00159333 -0.00335272 -0.00501103 -0.00656798 -0.00802337 -0.00937712 -0.0106292 -0.0117798 -0.012829 -0.0137771 -0.0146242 -0.0153708 -0.0160171 -0.0165633 -0.0170099 -0.0173569 -0.0176046 -0.0177532 -0.0178027 -0.0177532 -0.0176046 -0.0173569 -0.0170099 -0.0165633 -0.0160171 -0.0153708 -0.0146242 -0.0137771 -0.012829 -0.0117798 -0.0106292 -0.00937712 -0.00802337 -0.00656798 -0.00501103 -0.00335272 -0.00159333 0.000266713 0.00222688 0.00428655 0.00644499 0.00870137 0.0110548 0.0135044 0.0160491 0.0186878 0.0214193 0.0242424 0.0271555 0.0301567 0.0332435 0.0364129 0.0396608 0.0429816 0.0463683 0.0498122 0.053302 0.0568241 0.0603624 0.0638975 0.0674072 0.0708658 0.0742443 0.0775095 0.0806243 0.0835474 0.0862332 0.0886327 0.0906939 0.0923644 0.0935932 0.0943335 0.0945451 0.094197 0.0932682 0.0917488 0.0896402 0.0869549 0.083718 0.0799683 0.0757598 0.0711623 0.0662586 0.06114 0.0558994 0.0506252 0.0453986 0.0402937 0.0353806 0.0307265 0.0263923 0.0224248 0.0188486 0.0156656 0.0128615 0.0104182 0.00832121 0.00655813 0.00511017 0.00394502 0.00301792 0.00228042 0.0016907 0.00121921 0.000847634 0.000563884 0.000356933 0.000214181 0.000121569 6.5203e-05 3.30374e-05 1.58182e-05 7.16106e-06 3.06759e-06 1.24428e-06 4.77593e-07 1.71426e-07 5.14361e-08 
0 1.42831e-07 4.3946e-07 1.16666e-06 2.90634e-06 6.84772e-06 1.52602e-05 3.21409e-05 6.39368e-05 0.000120081 0.000212953 0.000356933 0.00056663 0.000855139 0.0012339 0.00171552 0.00231939 0.00307712 0.00403341 0.0052394 0.00674116 0.00857051 0.0107452 0.0132781 0.0161866 0.019492 0.0232088 0.0273304 0.0318235 0.036634 0.0416966 0.0469424 0.0522994 0.0576883 0.0630196 0.0681955 0.0731162 0.0776882 0.0818306 0.0854786 0.0885831 0.0911094 0.0930357 0.0943522 0.0950624 0.0951829 0.0947433 0.0937849 0.0923576 0.0905171 0.0883211 0.0858267 0.0830887 0.0801576 0.0770797 0.0738964 0.0706445 0.067356 0.0640586 0.0607751 0.0575242 0.0543205 0.0511748 0.0480949 0.0450857 0.0421501 0.0392895 0.0365043 0.0337942 0.0311587 0.0285972 0.0261095 0.0236952 0.0213544 0.0190875 0.0168948 0.0147773 0.0127357 0.0107711 0.00888451 0.00707714 0.00535014 0.00370467 0.00214187 0.000662843 -0.000731351 -0.00203973 -0.00326138 -0.00439546 -0.00544122 -0.00639799 -0.00726518 -0.00804228 -0.00872886 -0.00932455 -0.00982906 -0.0102421 -0.0105636 -0.0107933 -0.0109312 -0.0109772 -0.0109312 -0.0107933 -0.0105636 -0.0102421 -0.00982906 -0.00932455 -0.00872886 -0.00804228 -0.00726518 -0.00639799 -0.00544122 -0.00439546 -0.00326138 -0.00203973 -0.000731351 0.000662843 0.00214187 0.00370467 0.00535014 0.00707714 0.00888451 0.0107711 0.0127357 0.0147773 0.0168948 0.0190875 0.0213544 0.0236952 0.0261095 0.0285972 0.0311587 0.0337942 0.0365043 0.0392895 0.0421501 0.0450857 0.0480949 0.0511748 0.0543205 0.0575242 0.0607751 0.0640586 0.067356 0.0706445 0.0738964 0.0770797 0.0801576 0.0830887 0.0858267 0.0883211 0.0905171 0.0923576 0.0937849 0.0947433 0.0951829 0.0950624 0.0943522 0.0930357 0.0911094 0.0885831 0.0854786 0.0818306 0.0776882 0.0731162 0.0681955 0.0630196 0.0576883 0.0522994 0.0469424 0.0416966 0.036634 0.0318235 0.0273304 0.0232088 0.019492 0.0161866 0.0132781 0.0107452 0.00857051 0.00674116 0.0052394 0.00403341 0.00307712 0.00231939 0.00171552 0.0012339 0.000855139 0.00056663 0.000356933 0.000212953 0.000120081 6.39368e-05 3.21409e-05 1.52601e-05 6.84755e-06 2.90586e-06 1.16549e-06 4.37135e-07 1.40109e-07 
0 3.57606e-07 1.06339e-06 2.70714e-06 6.44943e-06 1.45104e-05 3.08396e-05 6.18778e-05 0.000117154 0.000209306 0.000353158 0.000563884 0.000855139 0.00123882 0.00172802 0.00234301 0.00311715 0.00409769 0.00533841 0.00688678 0.0087744 0.0110183 0.0136324 0.0166369 0.0200566 0.0239051 0.02817 0.0328099 0.037764 0.0429648 0.0483422 0.0538208 0.0593133 0.0647197 0.0699328 0.0748477 0.079371 0.0834255 0.0869505 0.0899002 0.0922417 0.0939555 0.0950366 0.0954954 0.0953583 0.0946659 0.0934696 0.0918278 0.0898021 0.0874541 0.0848433 0.0820258 0.0790539 0.0759755 0.0728337 0.0696663 0.0665058 0.0633785 0.0603053 0.0573012 0.0543763 0.0515364 0.0487838 0.0461184 0.043538 0.0410397 0.0386198 0.0362745 0.0340002 0.0317935 0.0296518 0.0275726 0.025554 0.0235947 0.0216937 0.0198507 0.0180655 0.0163385 0.0146703 0.0130618 0.0115143 0.010029 0.0086075 0.00725139 0.00596231 0.00474194 0.00359194 0.00251391 0.00150941 0.000579877 -0.000273324 -0.00104895 -0.00174589 -0.00236314 -0.00289983 -0.00335519 -0.00372861 -0.00401958 -0.00422768 -0.00435266 -0.00439434 -0.00435266 -0.00422768 -0.00401958 -0.00372861 -0.00335519 -0.00289983 -0.00236314 -0.00174589 -0.00104895 -0.000273324 0.000579877 0.00150941 0.00251391 0.00359194 0.00474194 0.00596231 0.00725139 0.0086075 0.010029 0.0115143 0.0130618 0.0146703 0.0163385 0.0180655 0.0198507 0.0216937 0.0235947 0.025554 0.0275726 0.0296518 0.0317935 0.0340002 0.0362745 0.0386198 0.0410397 0.043538 0.0461184 0.0487838 0.0515364 0.0543763 0.0573012 0.0603053 0.0633785 0.0665058 0.0696663 0.0728337 0.0759755 0.0790539 0.0820258 0.0848433 0.0874541 0.0898021 0.0918278 0.0934696 0.0946659 0.0953583 0.0954954 0.0950366 0.0939555 0.0922417 0.0899002 0.0869505 0.0834255 0.079371 0.0748477 0.0699328 0.0647197 0.0593133 0.0538208 0.0483422 0.0429648 0.037764 0.0328099 0.02817 0.0239051 0.0200566 0.0166369 0.0136324 0.0110183 0.0087744 0.00688678 0.00533841 0.00409769 0.00311715 0.00234301 0.00172802 0.00123882 0.000855139 0.000563884 0.000353158 0.000209306 0.000117154 6.18777e-05 3.08395e-05 1.451e-05 6.44847e-06 2.70529e-06 1.06161e-06 3.63964e-07 
0 8.51691e-07 2.44769e-06 5.97212e-06 1.35952e-05 2.91817e-05 5.90995e-05 0.000112886 0.000203353 0.000345711 0.000555711 0.000847634 0.0012339 0.00172802 0.00235092 0.00313733 0.00413674 0.00540543 0.00699256 0.0089299 0.0112342 0.0139204 0.0170121 0.0205367 0.0245068 0.0289036 0.033678 0.0387644 0.0440942 0.0495964 0.05519 0.0607773 0.066247 0.0714838 0.0763805 0.0808456 0.0848049 0.0881994 0.0909834 0.0931248 0.0946072 0.0954324 0.0956214 0.0952122 0.0942565 0.0928144 0.0909505 0.0887301 0.0862173 0.0834741 0.0805591 0.0775272 0.0744286 0.071308 0.0682032 0.0651455 0.0621587 0.0592598 0.0564601 0.0537656 0.0511782 0.0486968 0.0463184 0.0440382 0.0418508 0.0397501 0.0377299 0.0357842 0.033907 0.0320928 0.0303368 0.0286344 0.0269822 0.0253771 0.0238169 0.0223002 0.0208262 0.0193948 0.0180062 0.0166616 0.015362 0.0141091 0.0129047 0.0117507 0.0106493 0.00960242 0.00861227 0.00768085 0.00681013 0.00600198 0.00525814 0.00458022 0.0039697 0.00342789 0.00295597 0.00255494 0.00222567 0.00196884 0.001785 0.00167455 0.0016377 0.00167455 0.001785 0.00196884 0.00222567 0.00255494 0.00295597 0.00342789 0.0039697 0.00458022 0.00525814 0.00600198 0.00681013 0.00768085 0.00861227 0.00960242 0.0106493 0.0117507 0.0129047 0.0141091 0.015362 0.0166616 0.0180062 0.0193948 0.0208262 0.0223002 0.0238169 0.0253771 0.0269822 0.0286344 0.0303368 0.0320928 0.033907 0.0357842 0.0377299 0.0397501 0.0418508 0.0440382 0.0463184 0.0486968 0.0511782 0.0537656 0.0564601 0.0592598 0.0621587 0.0651455 0.0682032 0.071308 0.0744286 0.0775272 0.0805591 0.0834741 0.0862173 0.0887301 0.0909505 0.0928144 0.0942565 0.0952122 0.0956214 0.0954324 0.0946072 0.0931248 0.0909834 0.0881994 0.0848049 0.0808456 0.0763805 0.0714838 0.066247 0.0607773 0.05519 0.0495964 0.0440942 0.0387644 0.033678 0.0289036 0.0245068 0.0205367 0.0170121 0.0139204 0.0112342 0.0089299 0.00699256 0.00540543 0.00413674 0.00313733 0.00235092 0.00172802 0.0012339 0.000847634 0.000555711 0.000345711 0.000203353 0.000112886 5.90992e-05 2.91809e-05 1.35938e-05 5.97112e-06 2.45499e-06 9.01456e-07 
0 1.92877e-06 5.35764e-06 1.25227e-05 2.72195e-05 5.56971e-05 0.000107418 0.000195273 0.000334795 0.000542304 0.000832773 0.00121921 0.00171552 0.00234301 0.00313733 0.00414983 0.00543925 0.00705674 0.0090348 0.0113903 0.0141392 0.0173082 0.0209273 0.0250076 0.0295244 0.0344215 0.0396299 0.0450811 0.0507023 0.0564049 0.062079 0.0676026 0.0728551 0.0777293 0.0821358 0.0860013 0.0892652 0.09188 0.0938146 0.0950583 0.0956226 0.0955402 0.0948604 0.0936436 0.0919559 0.0898661 0.0874432 0.0847553 0.0818686 0.078846 0.0757459 0.0726202 0.0695129 0.06646 0.0634888 0.0606191 0.0578636 0.05523 0.0527214 0.0503375 0.0480758 0.0459316 0.0438988 0.0419705 0.0401386 0.0383948 0.0367308 0.0351382 0.0336091 0.0321365 0.0307139 0.0293359 0.0279981 0.026697 0.02543 0.0241956 0.0229928 0.0218214 0.0206817 0.0195748 0.0185016 0.0174639 0.0164633 0.0155017 0.0145812 0.0137038 0.0128716 0.0120866 0.0113509 0.0106664 0.0100348 0.00945803 0.00893753 0.00847479 0.00807109 0.00772756 0.00744515 0.00722468 0.00706675 0.00697182 0.00694014 0.00697182 0.00706675 0.00722468 0.00744515 0.00772756 0.00807109 0.00847479 0.00893753 0.00945803 0.0100348 0.0106664 0.0113509 0.0120866 0.0128716 0.0137038 0.0145812 0.0155017 0.0164633 0.0174639 0.0185016 0.0195748 0.0206817 0.0218214 0.0229928 0.0241956 0.02543 0.026697 0.0279981 0.0293359 0.0307139 0.0321365 0.0336091 0.0351382 0.0367308 0.0383948 0.0401386 0.0419705 0.0438988 0.0459316 0.0480758 0.0503375 0.0527214 0.05523 0.0578636 0.0606191 0.0634888 0.06646 0.0695129 0.0726202 0.0757459 0.078846 0.0818686 0.0847553 0.0874432 0.0898661 0.0919559 0.0936436 0.0948604 0.0955402 0.0956226 0.0950583 0.0938146 0.09188 0.0892652 0.0860013 0.0821358 0.0777293 0.0728551 0.0676026 0.062079 0.0564049 0.0507023 0.0450811 0.0396299 0.0344215 0.0295244 0.0250076 0.0209273 0.0173082 0.0141392 0.0113903 0.0090348 0.00705674 0.00543925 0.00414983 0.00313733 0.00234301 0.00171552 0.00121921 0.000832773 0.000542304 0.000334795 0.000195273 0.000107418 5.5696e-05 2.72191e-05 1.25305e-05 5.40551e-06 2.12839e-06 
0 4.15188e-06 1.11491e-05 2.49564e-05 5.17643e-05 0.00010092 0.000185306 0.000320702 0.000523979 0.000810856 0.00119501 0.0016907 0.00231939 0.00311715 0.00413674 0.00543925 0.00707825 0.00908762 0.0114846 0.0142864 0.017522 0.021224 0.0254025 0.0300271 0.0350355 0.0403565 0.0459221 0.051657 0.0574626 0.0632165 0.0687874 0.0740524 0.0789057 0.0832587 0.0870355 0.0901716 0.0926178 0.0943464 0.0953552 0.095667 0.0953251 0.0943872 0.0929189 0.0909907 0.0886757 0.0860482 0.0831826 0.0801512 0.0770214 0.0738536 0.0706993 0.0675998 0.0645871 0.0616844 0.0589076 0.0562669 0.0537674 0.0514108 0.0491954 0.0471171 0.0451693 0.0433441 0.041632 0.0400229 0.0385062 0.0370717 0.0357096 0.0344108 0.0331672 0.0319719 0.0308189 0.0297033 0.028621 0.0275692 0.0265453 0.0255478 0.0245758 0.0236287 0.0227065 0.0218097 0.0209391 0.0200956 0.0192807 0.0184958 0.0177426 0.0170229 0.0163385 0.0156913 0.0150832 0.0145161 0.0139917 0.0135117 0.0130777 0.0126912 0.0123535 0.0120657 0.0118288 0.0116438 0.0115111 0.0114313 0.0114047 0.0114313 0.0115111 0.0116438 0.0118288 0.0120657 0.0123535 0.0126912 0.0130777 0.0135117 0.0139917 0.0145161 0.0150832 0.0156913 0.0163385 0.0170229 0.0177426 0.0184958 0.0192807 0.0200956 0.0209391 0.0218097 0.0227065 0.0236287 0.0245758 0.0255478 0.0265453 0.0275692 0.028621 0.0297033 0.0308189 0.0319719 0.0331672 0.0344108 0.0357096 0.0370717 0.0385062 0.0400229 0.041632 0.0433441 0.0451693 0.0471171 0.0491954 0.0514108 0.0537674 0.0562669 0.0589076 0.0616844 0.0645871 0.0675998 0.0706993 0.0738536 0.0770214 0.0801512 0.0831826 0.0860482 0.0886757 0.0909907 0.0929189 0.0943872 0.0953251 0.095667 0.0953552 0.0943464 0.0926178 0.0901716 0.0870355 0.0832587 0.0789057 0.0740524 0.0687874 0.0632165 0.0574626 0.051657 0.0459221 0.0403565 0.0350355 0.0300271 0.0254025 0.021224 0.017522 0.0142864 0.0114846 0.00908762 0.00707825 0.00543925 0.00413674 0.00311715 0.00231939 0.0016907 0.00119501 0.000810856 0.000523979 0.000320701 0.000185305 0.00010092 5.17721e-05 2.50013e-05 1.13332e-05 4.78998e-06 
0 8.49299e-06 2.20552e-05 4.7274e-05 9.35399e-05 0.000173727 0.000303803 0.000501167 0.000782326 0.00116172 0.00165396 0.00228042 0.00307712 0.00409769 0.00540543 0.00705674 0.00908762 0.0115162 0.0143604 0.0176513 0.0214237 0.0256874 0.0304075 0.0355163 0.0409411 0.0466145 0.0524575 0.0583605 0.0641884 0.0698032 0.0750822 0.0799207 0.0842278 0.0879221 0.0909346 0.0932164 0.0947466 0.0955334 0.0956099 0.0950269 0.0938468 0.0921391 0.0899786 0.0874452 0.0846207 0.0815868 0.0784211 0.0751933 0.0719629 0.0687787 0.0656786 0.0626913 0.0598377 0.057132 0.054583 0.0521948 0.0499672 0.0478961 0.0459747 0.0441933 0.0425411 0.0410059 0.0395756 0.0382386 0.0369837 0.0358011 0.0346817 0.0336178 0.0326023 0.0316296 0.0306943 0.0297922 0.0289195 0.0280733 0.027251 0.0264508 0.0256713 0.0249116 0.0241715 0.0234509 0.0227502 0.0220702 0.021412 0.0207768 0.020166 0.0195812 0.0190241 0.0184962 0.0179994 0.0175353 0.0171055 0.0167115 0.0163549 0.0160369 0.0157588 0.0155216 0.0153262 0.0151734 0.0150639 0.014998 0.014976 0.014998 0.0150639 0.0151734 0.0153262 0.0155216 0.0157588 0.0160369 0.0163549 0.0167115 0.0171055 0.0175353 0.0179994 0.0184962 0.0190241 0.0195812 0.020166 0.0207768 0.021412 0.0220702 0.0227502 0.0234509 0.0241715 0.0249116 0.0256713 0.0264508 0.027251 0.0280733 0.0289195 0.0297922 0.0306943 0.0316296 0.0326023 0.0336178 0.0346817 0.0358011 0.0369837 0.0382386 0.0395756 0.0410059 0.0425411 0.0441933 0.0459747 0.0478961 0.0499672 0.0521948 0.054583 0.057132 0.0598377 0.0626913 0.0656786 0.0687787 0.0719629 0.0751933 0.0784211 0.0815868 0.0846207 0.0874452 0.0899786 0.0921391 0.0938468 0.0950269 0.0956099 0.0955334 0.0947466 0.0932164 0.0909346 0.0879221 0.0842278 0.0799207 0.0750822 0.0698032 0.0641884 0.0583605 0.0524575 0.0466145 0.0409411 0.0355163 0.0304075 0.0256874 0.0214237 0.0176513 0.0143604 0.0115162 0.00908762 0.00705674 0.00540543 0.00409769 0.00307712 0.00228042 0.00165396 0.00116172 0.000782325 0.000501166 0.000303804 0.000173735 9.3581e-05 4.74403e-05 2.26312e-05 1.02752e-05 
0 1.65067e-05 4.1477e-05 8.51487e-05 0.000160736 0.0002845 0.000474387 0.000747757 0.00111991 0.00160587 0.0022267 0.00301792 0.00403341 0.00533841 0.00699256 0.0090348 0.0114846 0.0143604 0.0176945 0.0215242 0.0258595 0.0306627 0.0358614 0.0413815 0.0471559 0.0531013 0.0590967 0.0649949 0.0706535 0.0759514 0.0807838 0.0850537 0.0886722 0.0915673 0.0936937 0.0950396 0.0956233 0.0954851 0.0946796 0.0932722 0.091337 0.0889564 0.0862187 0.0832145 0.0800309 0.0767475 0.0734331 0.0701446 0.066928 0.0638192 0.0608459 0.0580285 0.0553808 0.0529102 0.0506183 0.0485018 0.0465531 0.0447615 0.0431146 0.0415992 0.0402018 0.0389101 0.0377121 0.0365973 0.0355559 0.0345793 0.0336595 0.0327894 0.0319625 0.0311733 0.0304165 0.029688 0.028984 0.0283016 0.0276384 0.0269927 0.0263634 0.0257497 0.0251515 0.0245689 0.0240022 0.0234522 0.0229197 0.0224059 0.0219119 0.0214389 0.0209883 0.0205615 0.0201597 0.0197843 0.0194366 0.0191178 0.0188292 0.0185718 0.0183466 0.0181545 0.0179962 0.0178725 0.0177837 0.0177303 0.0177125 0.0177303 0.0177837 0.0178725 0.0179962 0.0181545 0.0183466 0.0185718 0.0188292 0.0191178 0.0194366 0.0197843 0.0201597 0.0205615 0.0209883 0.0214389 0.0219119 0.0224059 0.0229197 0.0234522 0.0240022 0.0245689 0.0251515 0.0257497 0.0263634 0.0269927 0.0276384 0.0283016 0.028984 0.029688 0.0304165 0.0311733 0.0319625 0.0327894 0.0336595 0.0345793 0.0355559 0.0365973 0.0377121 0.0389101 0.0402018 0.0415992 0.0431146 0.0447615 0.0465531 0.0485018 0.0506183 0.0529102 0.0553808 0.0580285 0.0608459 0.0638192 0.066928 0.0701446 0.0734331 0.0767475 0.0800309 0.0832145 0.0862187 0.0889564 0.091337 0.0932722 0.0946796 0.0954851 0.0956233 0.0950396 0.0936937 0.0915673 0.0886722 0.0850537 0.0807838 0.0759514 0.0706535 0.0649949 0.0590967 0.0531013 0.0471559 0.0413815 0.0358614 0.0306627 0.0258595 0.0215242 0.0176945 0.0143604 0.0114846 0.0090348 0.00699256 0.00533841 0.00403341 0.00301792 0.0022267 0.00160587 0.00111991 0.000747758 0.000474395 0.000284537 0.000160884 8.56592e-05 4.30642e-05 2.10124e-05 
