0 0 0 0 0 0 0 0 0 0 0 0 0 0 0 0 0 0 0 0 0 0 0 0 0 0 0 0 0 0 0 0 0 0 0 0 0 0 0 0 0 0 0 0 0 0 0 0 0 0 0 0 0 0 0 0 0 0 0 0 0 0 0 0 0 0 0 0 0 0 0 0 0 0 0 0 0 0 0 0 0 0 0 0 0 0 0 0 0 0 0 0 0 0 0 0 0 0 0 0 0 0 0 0 0 0 0 0 0 0 0 0 0 0 0 0 0 0 0 0 0 0 0 0 0 0 0 0 0 0 0 0 0 0 0 0 0 0 0 0 0 0 0 0 0 0 0 0 0 0 0 0 0 0 0 0 0 0 0 0 0 0 0 0 0 0 0 0 0 0 0 0 0 0 0 0 0 0 0 0 0 0 0 0 0 0 0 0 0 0 0 0 0 0 0 0 0 0 0 0 
0 0.0015744 0.00312038 0.0046198 0.00605765 0.0074049 0.00861596 0.00964873 0.0104851 0.0111247 0.0115566 0.0117421 0.0116322 0.0112022 0.0104689 0.00947675 0.00827146 0.00688645 0.005349 0.00369518 0.00197838 0.000264107 -0.00138433 -0.0029183 -0.00430725 -0.00553384 -0.00658625 -0.0074535 -0.00812612 -0.00860043 -0.00888258 -0.00898958 -0.00894661 -0.00878216 -0.00852317 -0.00819223 -0.0078071 -0.00738211 -0.00693009 -0.00646373 -0.00599593 -0.00553902 -0.0051035 -0.00469699 -0.00432362 -0.00398426 -0.00367727 -0.00339965 -0.00314802 -0.00291948 -0.00271192 -0.00252408 -0.00235526 -0.00220497 -0.00207256 -0.00195702 -0.00185688 -0.00177024 -0.00169498 -0.00162892 -0.00157002 -0.00151656 -0.00146718 -0.00142097 -0.00137736 -0.00133611 -0.00129719 -0.00126071 -0.00122682 -0.00119563 -0.00116723 -0.0011416 -0.00111865 -0.00109822 -0.00108008 -0.00106398 -0.00104965 -0.00103682 -0.00102524 -0.0010147 -0.00100499 -0.000995984 -0.000987549 -0.000979604 -0.000972092 -0.000964978 -0.000958248 -0.000951898 -0.000945934 -0.00094037 -0.000935222 -0.000930507 -0.000926242 -0.000922442 -0.000919123 -0.000916295 -0.000913969 -0.000912152 -0.00091085 -0.000910068 -0.000909807 -0.000910068 -0.00091085 -0.000912152 -0.000913969 -0.000916295 -0.000919123 -0.000922442 -0.000926242 -0.000930507 -0.000935222 -0.00094037 -0.000945934 -0.000951898 -0.000958248 -0.000964978 -0.000972092 -0.000979604 -0.000987549 -0.000995984 -0.00100499 -0.0010147 -0.00102524 -0.00103682 -0.00104965 -0.00106398 -0.00108008 -0.00109822 -0.00111865 -0.0011416 -0.00116723 -0.00119563 -0.00122682 -0.00126071 -0.00129719 -0.00133611 -0.00137736 -0.00142097 -0.00146718 -0.00151656 -0.00157002 -0.00162892 -0.00169498 -0.00177024 -0.00185688 -0.00195702 -0.00207256 -0.00220497 -0.00235526 -0.00252408 -0.00271192 -0.00291948 -0.00314802 -0.00339965 -0.00367727 -0.00398426 -0.00432362 -0.00469699 -0.0051035 -0.00553902 -0.00599593 -0.00646373 -0.00693009 -0.00738211 -0.0078071 -0.00819223 -0.00852317 -0.00878216 -0.00894661 -0.00898958 -0.00888258 -0.00860043 -0.00812612 -0.0074535 -0.00658625 -0.00553384 -0.00430725 -0.00291829 -0.00138429 0.000264231 0.00197876 0.00369624 0.00535175 0.00689313 0.00828667 0.00950924 0.0105339 0.0113242 0.0118468 0.0120962 0.0121054 0.0119264 0.0115963 0.011126 0.0105272 0.00985009 0.00918713 0.00863489 0.00824635 0.00801658 
0 0.00312038 0.0061957 0.00918099 0.0120247 0.0146633 0.0170293 0.0190674 0.0207396 0.0220096 0.0228261 0.0231265 0.0228617 0.0220164 0.0206118 0.0186943 0.0163258 0.0135803 0.0105434 0.00731146 0.003987 0.000672417 -0.00253655 -0.00555499 -0.00831152 -0.0107502 -0.0128317 -0.0145343 -0.0158526 -0.0167963 -0.0173867 -0.0176542 -0.0176352 -0.01737 -0.016901 -0.0162708 -0.0155209 -0.0146894 -0.0138102 -0.012912 -0.0120178 -0.0111454 -0.010308 -0.00951495 -0.00877271 -0.00808525 -0.00745456 -0.00688093 -0.00636312 -0.00589864 -0.00548394 -0.00511482 -0.00478667 -0.00449489 -0.0042351 -0.00400335 -0.00379618 -0.00361068 -0.00344439 -0.00329523 -0.00316143 -0.0030414 -0.00293369 -0.00283694 -0.00274989 -0.00267132 -0.00260013 -0.0025353 -0.00247595 -0.0024213 -0.00237072 -0.00232367 -0.00227976 -0.00223865 -0.00220012 -0.00216398 -0.0021301 -0.00209837 -0.00206871 -0.00204103 -0.00201527 -0.00199136 -0.00196922 -0.00194878 -0.00192997 -0.0019127 -0.00189692 -0.00188254 -0.0018695 -0.00185772 -0.00184717 -0.00183777 -0.00182948 -0.00182227 -0.00181608 -0.0018109 -0.0018067 -0.00180345 -0.00180113 -0.00179975 -0.00179929 -0.00179975 -0.00180113 -0.00180345 -0.0018067 -0.0018109 -0.00181608 -0.00182227 -0.00182948 -0.00183777 -0.00184717 -0.00185772 -0.0018695 -0.00188254 -0.00189692 -0.0019127 -0.00192997 -0.00194878 -0.00196922 -0.00199136 -0.00201527 -0.00204103 -0.00206871 -0.00209837 -0.0021301 -0.00216398 -0.00220012 -0.00223865 -0.00227976 -0.00232367 -0.00237072 -0.0024213 -0.00247595 -0.0025353 -0.00260013 -0.00267132 -0.00274989 -0.00283694 -0.00293369 -0.0030414 -0.00316143 -0.00329523 -0.00344439 -0.00361068 -0.00379618 -0.00400335 -0.0042351 -0.00449489 -0.00478667 -0.00511482 -0.00548394 -0.00589864 -0.00636312 -0.00688093 -0.00745456 -0.00808525 -0.00877271 -0.00951495 -0.010308 -0.0111454 -0.0120178 -0.012912 -0.0138102 -0.0146894 -0.0155209 -0.0162708 -0.016901 -0.01737 -0.0176352 -0.0176542 -0.0173867 -0.0167963 -0.0158526 -0.0145343 -0.0128317 -0.0107502 -0.00831151 -0.00555496 -0.00253643 0.000672792 0.00398808 0.00731434 0.0105506 0.0135972 0.016363 0.0187712 0.0207611 0.0222885 0.023328 0.0238785 0.0239699 0.023658 0.0230073 0.0220781 0.0209375 0.0196863 0.0184644 0.0174152 0.0166325 0.0161378 
0 0.0046198 0.00918099 0.0136029 0.0177855 0.0216342 0.0250795 0.0280665 0.0305264 0.0323648 0.0334864 0.0338298 0.0333765 0.032131 0.0301074 0.0273392 0.0238992 0.0199044 0.015501 0.010841 0.00606632 0.00130502 -0.00332274 -0.00770063 -0.0117202 -0.015291 -0.0183497 -0.020865 -0.0228343 -0.024276 -0.0252216 -0.0257103 -0.0257866 -0.0255006 -0.024908 -0.0240682 -0.0230417 -0.0218858 -0.0206516 -0.0193811 -0.0181075 -0.0168555 -0.0156438 -0.0144858 -0.0133921 -0.0123703 -0.0114257 -0.0105611 -0.00977665 -0.00907013 -0.0084372 -0.00787199 -0.00736781 -0.00691778 -0.00651537 -0.00615476 -0.00583099 -0.00553994 -0.00527822 -0.00504301 -0.00483184 -0.00464245 -0.00447272 -0.00432057 -0.004184 -0.00406108 -0.00394999 -0.00384908 -0.00375688 -0.00367213 -0.00359379 -0.003521 -0.00345312 -0.00338962 -0.00333014 -0.00327439 -0.00322216 -0.00317327 -0.0031276 -0.00308503 -0.00304543 -0.0030087 -0.00297471 -0.00294335 -0.0029145 -0.00288804 -0.00286385 -0.00284182 -0.00282184 -0.00280382 -0.00278766 -0.00277327 -0.00276059 -0.00274954 -0.00274008 -0.00273215 -0.00272571 -0.00272073 -0.0027172 -0.00271508 -0.00271438 -0.00271508 -0.0027172 -0.00272073 -0.00272571 -0.00273215 -0.00274008 -0.00274954 -0.00276059 -0.00277327 -0.00278766 -0.00280382 -0.00282184 -0.00284182 -0.00286385 -0.00288804 -0.0029145 -0.00294335 -0.00297471 -0.0030087 -0.00304543 -0.00308503 -0.0031276 -0.00317327 -0.00322216 -0.00327439 -0.00333014 -0.00338962 -0.00345312 -0.003521 -0.00359379 -0.00367213 -0.00375688 -0.00384908 -0.00394999 -0.00406108 -0.004184 -0.00432057 -0.00447272 -0.00464245 -0.00483184 -0.00504301 -0.00527822 -0.00553994 -0.00583099 -0.00615476 -0.00651537 -0.00691778 -0.00736781 -0.00787199 -0.0084372 -0.00907013 -0.00977665 -0.0105611 -0.0114257 -0.0123703 -0.0133921 -0.0144858 -0.0156438 -0.0168555 -0.0181075 -0.0193811 -0.0206516 -0.0218858 -0.0230417 -0.0240682 -0.024908 -0.0255006 -0.0257866 -0.0257103 -0.0252216 -0.024276 -0.0228343 -0.020865 -0.0183497 -0.015291 -0.0117202 -0.00770053 -0.00332241 0.00130598 0.00606893 0.0108477 0.0155168 0.0199396 0.0239732 0.0274856 0.0303799 0.0326088 0.0341662 0.0350635 0.0353146 0.0349514 0.0340505 0.0327385 0.0311693 0.0294979 0.0278706 0.0264225 0.0252679 0.0244866 
0 0.00605765 0.0120247 0.0177855 0.0232105 0.0281892 0.0326395 0.0364802 0.0396022 0.0418821 0.0432235 0.0435789 0.0429339 0.0412885 0.0386619 0.035113 0.0307472 0.0257078 0.0201607 0.0142802 0.00824068 0.0022115 -0.00364646 -0.00918781 -0.0142894 -0.0188543 -0.0228133 -0.0261244 -0.0287707 -0.0307588 -0.0321164 -0.0328893 -0.0331364 -0.0329255 -0.0323276 -0.0314132 -0.0302494 -0.0288988 -0.0274184 -0.0258594 -0.0242671 -0.0226799 -0.0211292 -0.0196389 -0.0182259 -0.0169007 -0.0156686 -0.014531 -0.0134867 -0.0125328 -0.0116655 -0.0108802 -0.0101723 -0.00953658 -0.0089676 -0.00845963 -0.00800673 -0.00760295 -0.00724245 -0.00691975 -0.00662986 -0.00636839 -0.00613157 -0.00591629 -0.00571998 -0.00554059 -0.00537643 -0.00522613 -0.00508851 -0.00496252 -0.00484722 -0.00474171 -0.00464514 -0.00455669 -0.00447559 -0.00440112 -0.00433262 -0.00426948 -0.00421116 -0.00415719 -0.00410717 -0.00406075 -0.00401766 -0.00397766 -0.00394054 -0.00390617 -0.0038744 -0.00384514 -0.0038183 -0.00379382 -0.00377163 -0.00375169 -0.00373394 -0.00371837 -0.00370494 -0.00369362 -0.00368438 -0.00367722 -0.00367211 -0.00366905 -0.00366803 -0.00366905 -0.00367211 -0.00367722 -0.00368438 -0.00369362 -0.00370494 -0.00371837 -0.00373394 -0.00375169 -0.00377163 -0.00379382 -0.0038183 -0.00384514 -0.0038744 -0.00390617 -0.00394054 -0.00397766 -0.00401766 -0.00406075 -0.00410717 -0.00415719 -0.00421116 -0.00426948 -0.00433262 -0.00440112 -0.00447559 -0.00455669 -0.00464514 -0.00474171 -0.00484722 -0.00496252 -0.00508851 -0.00522613 -0.00537643 -0.00554059 -0.00571998 -0.00591629 -0.00613157 -0.00636839 -0.00662986 -0.00691975 -0.00724245 -0.00760295 -0.00800673 -0.00845963 -0.0089676 -0.00953658 -0.0101723 -0.0108802 -0.0116655 -0.0125328 -0.0134867 -0.014531 -0.0156686 -0.0169007 -0.0182259 -0.0196389 -0.0211292 -0.0226799 -0.0242671 -0.0258594 -0.0274184 -0.0288988 -0.0302494 -0.0314132 -0.0323276 -0.0329255 -0.0331364 -0.0328893 -0.0321164 -0.0307588 -0.0287707 -0.0261244 -0.0228133 -0.0188543 -0.0142893 -0.00918752 -0.00364563 0.0022138 0.00824654 0.0142943 0.0201926 0.0257757 0.0308831 0.0353694 0.0391179 0.0420538 0.0441493 0.0454122 0.0458659 0.0455505 0.0445535 0.0430362 0.0412099 0.0392762 0.0373878 0.0356617 0.034219 0.033198 
0 0.0074049 0.0146633 0.0216342 0.0281892 0.0342087 0.0395663 0.0441212 0.0477384 0.0503187 0.0518008 0.0521371 0.0512864 0.0492411 0.0460548 0.0418358 0.0367199 0.0308555 0.0244062 0.0175559 0.0105061 0.00346316 -0.00338167 -0.00986765 -0.0158677 -0.0212836 -0.0260411 -0.0300869 -0.0333902 -0.0359465 -0.0377783 -0.0389322 -0.0394722 -0.0394722 -0.0390086 -0.0381565 -0.0369876 -0.0355693 -0.0339655 -0.0322358 -0.0304343 -0.0286087 -0.026799 -0.0250364 -0.0233443 -0.0217382 -0.0202279 -0.0188186 -0.0175118 -0.0163072 -0.0152026 -0.0141946 -0.0132792 -0.0124511 -0.0117047 -0.0110336 -0.0104312 -0.00989078 -0.0094058 -0.00897007 -0.00857786 -0.00822402 -0.00790408 -0.00761409 -0.00735071 -0.00711106 -0.00689265 -0.00669334 -0.00651126 -0.00634473 -0.00619226 -0.00605253 -0.0059243 -0.0058065 -0.00569812 -0.00559827 -0.00550619 -0.00542114 -0.00534253 -0.0052698 -0.0052025 -0.0051402 -0.00508256 -0.00502926 -0.00498005 -0.0049347 -0.004893 -0.0048548 -0.00481992 -0.00478826 -0.00475969 -0.00473411 -0.00471144 -0.00469161 -0.00467454 -0.00466019 -0.00464851 -0.00463946 -0.00463301 -0.00462916 -0.00462787 -0.00462916 -0.00463301 -0.00463946 -0.00464851 -0.00466019 -0.00467454 -0.00469161 -0.00471144 -0.00473411 -0.00475969 -0.00478826 -0.00481992 -0.0048548 -0.004893 -0.0049347 -0.00498005 -0.00502926 -0.00508256 -0.0051402 -0.0052025 -0.0052698 -0.00534253 -0.00542114 -0.00550619 -0.00559827 -0.00569812 -0.0058065 -0.0059243 -0.00605253 -0.00619226 -0.00634473 -0.00651126 -0.00669334 -0.00689265 -0.00711106 -0.00735071 -0.00761409 -0.00790408 -0.00822402 -0.00857786 -0.00897007 -0.0094058 -0.00989078 -0.0104312 -0.0110336 -0.0117047 -0.0124511 -0.0132792 -0.0141946 -0.0152026 -0.0163072 -0.0175118 -0.0188186 -0.0202279 -0.0217382 -0.0233443 -0.0250364 -0.026799 -0.0286087 -0.0304343 -0.0322358 -0.0339655 -0.0355693 -0.0369876 -0.0381565 -0.0390086 -0.0394722 -0.0394722 -0.0389322 -0.0377783 -0.0359465 -0.0333902 -0.0300869 -0.0260411 -0.0212835 -0.0158674 -0.00986693 -0.00337969 0.00346829 0.0105186 0.0175843 0.0244673 0.0309792 0.0369559 0.0422604 0.0467758 0.0503997 0.0530555 0.0547183 0.0554283 0.0552743 0.0543772 0.0528962 0.051033 0.0490008 0.0469788 0.0451056 0.0435187 0.0423836 
0 0.00861596 0.0170293 0.0250795 0.0326395 0.0395663 0.0456757 0.0507807 0.0547516 0.0575248 0.0590568 0.059293 0.0581957 0.055788 0.0521569 0.0474238 0.0417284 0.0352313 0.0281164 0.0205846 0.0128454 0.00510328 -0.00245514 -0.00966553 -0.0163864 -0.0225027 -0.027928 -0.0326051 -0.0365061 -0.039629 -0.041993 -0.0436339 -0.0446018 -0.0449576 -0.0447714 -0.0441195 -0.0430804 -0.0417315 -0.0401452 -0.0383864 -0.0365122 -0.0345715 -0.0326059 -0.0306508 -0.0287361 -0.026886 -0.0251201 -0.0234524 -0.0218918 -0.0204428 -0.0191054 -0.017877 -0.0167526 -0.0157259 -0.0147902 -0.0139387 -0.0131652 -0.0124636 -0.0118284 -0.0112543 -0.0107363 -0.0102694 -0.0098488 -0.00946992 -0.00912826 -0.00881956 -0.00853995 -0.00828585 -0.00805415 -0.00784209 -0.00764736 -0.00746802 -0.00730242 -0.00714926 -0.0070074 -0.00687596 -0.00675415 -0.0066413 -0.00653684 -0.00644023 -0.006351 -0.0062687 -0.00619291 -0.00612323 -0.00605932 -0.00600081 -0.00594741 -0.00589881 -0.00585476 -0.00581502 -0.00577938 -0.00574764 -0.00571965 -0.00569526 -0.00567436 -0.00565683 -0.0056426 -0.0056316 -0.00562378 -0.0056191 -0.00561755 -0.0056191 -0.00562378 -0.0056316 -0.0056426 -0.00565683 -0.00567436 -0.00569526 -0.00571965 -0.00574764 -0.00577938 -0.00581502 -0.00585476 -0.00589881 -0.00594741 -0.00600081 -0.00605932 -0.00612323 -0.00619291 -0.0062687 -0.006351 -0.00644023 -0.00653684 -0.0066413 -0.00675415 -0.00687596 -0.0070074 -0.00714926 -0.00730242 -0.00746802 -0.00764736 -0.00784209 -0.00805415 -0.00828585 -0.00853995 -0.00881956 -0.00912826 -0.00946992 -0.0098488 -0.0102694 -0.0107363 -0.0112543 -0.0118284 -0.0124636 -0.0131652 -0.0139387 -0.0147902 -0.0157259 -0.0167526 -0.017877 -0.0191054 -0.0204428 -0.0218918 -0.0234524 -0.0251201 -0.026886 -0.0287361 -0.0306508 -0.0326059 -0.0345715 -0.0365122 -0.0383864 -0.0401452 -0.0417315 -0.0430804 -0.0441195 -0.0447714 -0.0449576 -0.0446018 -0.0436339 -0.041993 -0.039629 -0.036506 -0.0326051 -0.0279279 -0.0225025 -0.0163858 -0.00966383 -0.00245072 0.00511411 0.0128704 0.0206389 0.0282275 0.0354458 0.0421186 0.0480938 0.0532455 0.0574674 0.06067 0.0628016 0.0638893 0.0640485 0.0634398 0.0622228 0.0605556 0.0586192 0.0566164 0.0547458 0.0531856 0.0520935 
0 0.00964873 0.0190674 0.0280665 0.0364802 0.0441212 0.0507807 0.0562803 0.0605054 0.0633831 0.0648558 0.0648958 0.0635316 0.0608342 0.0568873 0.0517921 0.0456931 0.0387793 0.0312592 0.0233401 0.0152177 0.00707317 -0.000922536 -0.00860409 -0.015821 -0.02245 -0.0284005 -0.0336155 -0.0380674 -0.0417497 -0.0446707 -0.0468531 -0.0483324 -0.0491572 -0.0493892 -0.0490986 -0.0483599 -0.0472485 -0.0458357 -0.0441876 -0.0423641 -0.0404186 -0.0383988 -0.036347 -0.0342993 -0.0322868 -0.0303345 -0.0284617 -0.0266826 -0.0250062 -0.0234374 -0.021978 -0.0206271 -0.0193819 -0.0182382 -0.017191 -0.0162348 -0.0153635 -0.0145711 -0.0138513 -0.0131982 -0.012606 -0.0120689 -0.0115819 -0.0111399 -0.0107385 -0.0103737 -0.0100416 -0.00973907 -0.00946299 -0.00921078 -0.00898 -0.00876859 -0.00857464 -0.00839649 -0.00823268 -0.00808187 -0.00794296 -0.00781487 -0.00769675 -0.00758776 -0.00748726 -0.00739459 -0.00730923 -0.00723071 -0.0071586 -0.00709256 -0.00703223 -0.00697736 -0.00692766 -0.00688297 -0.00684304 -0.00680775 -0.00677691 -0.00675044 -0.0067282 -0.00671014 -0.00669613 -0.00668619 -0.00668023 -0.00667826 -0.00668023 -0.00668619 -0.00669613 -0.00671014 -0.0067282 -0.00675044 -0.00677691 -0.00680775 -0.00684304 -0.00688297 -0.00692766 -0.00697736 -0.00703223 -0.00709256 -0.0071586 -0.00723071 -0.00730923 -0.00739459 -0.00748726 -0.00758776 -0.00769675 -0.00781487 -0.00794296 -0.00808187 -0.00823268 -0.00839649 -0.00857464 -0.00876859 -0.00898 -0.00921078 -0.00946299 -0.00973907 -0.0100416 -0.0103737 -0.0107385 -0.0111399 -0.0115819 -0.0120689 -0.012606 -0.0131982 -0.0138513 -0.0145711 -0.0153635 -0.0162348 -0.017191 -0.0182382 -0.0193819 -0.0206271 -0.021978 -0.0234374 -0.0250062 -0.0266826 -0.0284617 -0.0303345 -0.0322868 -0.0342993 -0.036347 -0.0383988 -0.0404186 -0.0423641 -0.0441876 -0.0458357 -0.0472485 -0.0483599 -0.0490986 -0.0493892 -0.0491572 -0.0483324 -0.0468531 -0.0446707 -0.0417497 -0.0380674 -0.0336154 -0.0284004 -0.0224495 -0.0158195 -0.00860033 -0.000913232 0.00709487 0.0152654 0.0234389 0.031452 0.039134 0.0463093 0.0528045 0.0584658 0.063182 0.0668881 0.0695504 0.0711751 0.0718424 0.0717051 0.0709319 0.0696648 0.0680478 0.066278 0.0645981 0.0632266 0.0623016 
0 0.0104851 0.0207396 0.0305264 0.0396022 0.0477384 0.0547516 0.0605054 0.0648784 0.0677578 0.0690863 0.0689014 0.0672984 0.0643663 0.0601841 0.0548664 0.0485782 0.0415097 0.0338551 0.0258082 0.0175539 0.00926578 0.0011098 -0.0067616 -0.0142197 -0.0211582 -0.0274907 -0.0331531 -0.0381009 -0.0423086 -0.0457724 -0.0485079 -0.0505448 -0.051925 -0.0526979 -0.0529167 -0.0526389 -0.0519254 -0.0508387 -0.0494438 -0.0478044 -0.0459807 -0.0440284 -0.0419955 -0.0399231 -0.0378452 -0.0357895 -0.033779 -0.0318322 -0.0299641 -0.0281869 -0.0265091 -0.0249365 -0.0234721 -0.0221155 -0.0208647 -0.0197152 -0.0186614 -0.017697 -0.0168152 -0.0160093 -0.0152729 -0.0146003 -0.013986 -0.0134251 -0.0129134 -0.0124465 -0.0120209 -0.011633 -0.0112795 -0.0109574 -0.0106637 -0.0103957 -0.010151 -0.00992731 -0.00972243 -0.0095346 -0.00936211 -0.00920351 -0.00905755 -0.00892306 -0.00879917 -0.00868496 -0.00857982 -0.00848303 -0.00839417 -0.00831269 -0.00823828 -0.00817052 -0.00810918 -0.00805394 -0.00800461 -0.00796097 -0.00792285 -0.00789011 -0.00786261 -0.00784026 -0.00782296 -0.00781066 -0.00780328 -0.00780084 -0.00780328 -0.00781066 -0.00782296 -0.00784026 -0.00786261 -0.00789011 -0.00792285 -0.00796097 -0.00800461 -0.00805394 -0.00810918 -0.00817052 -0.00823828 -0.00831269 -0.00839417 -0.00848303 -0.00857982 -0.00868496 -0.00879917 -0.00892306 -0.00905755 -0.00920351 -0.00936211 -0.0095346 -0.00972243 -0.00992731 -0.010151 -0.0103957 -0.0106637 -0.0109574 -0.0112795 -0.011633 -0.0120209 -0.0124465 -0.0129134 -0.0134251 -0.013986 -0.0146003 -0.0152729 -0.0160093 -0.0168152 -0.017697 -0.0186614 -0.0197152 -0.0208647 -0.0221155 -0.0234721 -0.0249365 -0.0265091 -0.0281869 -0.0299641 -0.0318322 -0.033779 -0.0357895 -0.0378452 -0.0399231 -0.0419955 -0.0440284 -0.0459807 -0.0478044 -0.0494438 -0.0508387 -0.0519254 -0.0526389 -0.0529167 -0.0526979 -0.051925 -0.0505448 -0.0485079 -0.0457724 -0.0423086 -0.0381009 -0.033153 -0.0274903 -0.021157 -0.0142165 -0.00675371 0.00112841 0.00930715 0.0176406 0.0259795 0.0341742 0.0420708 0.0495111 0.056337 0.0623937 0.0675525 0.0717473 0.0749732 0.0772488 0.0786079 0.0791357 0.0789749 0.0782821 0.0772061 0.0759229 0.0746548 0.0736131 0.072923 
0 0.0111247 0.0220096 0.0323648 0.0418821 0.0503187 0.0575248 0.0633831 0.0677578 0.0705368 0.0717061 0.0713418 0.0695422 0.0664055 0.062063 0.0566803 0.0504193 0.0434309 0.0358789 0.0279425 0.0197996 0.0116209 0.00355885 -0.00426476 -0.0117506 -0.0188076 -0.0253547 -0.0313233 -0.0366571 -0.0413208 -0.0453012 -0.0486005 -0.0512343 -0.0532285 -0.0546135 -0.0554265 -0.0557121 -0.0555187 -0.0549013 -0.0539177 -0.0526255 -0.0510822 -0.0493418 -0.0474534 -0.0454628 -0.0434101 -0.0413306 -0.0392554 -0.0372102 -0.0352164 -0.0332913 -0.0314473 -0.0296942 -0.0280377 -0.0264814 -0.0250264 -0.0236718 -0.022416 -0.0212552 -0.0201858 -0.019203 -0.0183014 -0.0174759 -0.0167207 -0.0160305 -0.0153997 -0.0148234 -0.0142966 -0.0138147 -0.0133739 -0.01297 -0.0126 -0.0122607 -0.0119494 -0.0116636 -0.0114011 -0.0111602 -0.0109387 -0.0107355 -0.0105487 -0.0103773 -0.01022 -0.0100759 -0.00994384 -0.00982306 -0.0097128 -0.0096123 -0.00952106 -0.00943837 -0.00936393 -0.00929714 -0.0092378 -0.0091854 -0.00913987 -0.00910076 -0.00906807 -0.00904146 -0.00902097 -0.00900633 -0.00899765 -0.0089947 -0.00899765 -0.00900633 -0.00902097 -0.00904146 -0.00906807 -0.00910076 -0.00913987 -0.0091854 -0.0092378 -0.00929714 -0.00936393 -0.00943837 -0.00952106 -0.0096123 -0.0097128 -0.00982306 -0.00994384 -0.0100759 -0.01022 -0.0103773 -0.0105487 -0.0107355 -0.0109387 -0.0111602 -0.0114011 -0.0116636 -0.0119494 -0.0122607 -0.0126 -0.01297 -0.0133739 -0.0138147 -0.0142966 -0.0148234 -0.0153997 -0.0160305 -0.0167207 -0.0174759 -0.0183014 -0.019203 -0.0201858 -0.0212552 -0.022416 -0.0236718 -0.0250264 -0.0264814 -0.0280377 -0.0296942 -0.0314473 -0.0332913 -0.0352164 -0.0372102 -0.0392554 -0.0413306 -0.0434101 -0.0454628 -0.0474534 -0.0493418 -0.0510822 -0.0526255 -0.0539177 -0.0549013 -0.0555187 -0.0557121 -0.0554265 -0.0546135 -0.0532285 -0.0512343 -0.0486005 -0.0453012 -0.0413207 -0.036657 -0.0313229 -0.0253537 -0.018805 -0.011744 -0.00424901 0.00359428 0.0116961 0.0199501 0.0282264 0.0363846 0.0442822 0.0517775 0.0587433 0.0650657 0.0706295 0.0753396 0.0791681 0.0821473 0.0843096 0.0856774 0.0863207 0.0863858 0.0860521 0.0854861 0.0848391 0.0842529 0.0838421 
0 0.0115566 0.0228261 0.0334864 0.0432235 0.0518008 0.0590568 0.0648558 0.0690863 0.0717061 0.0727421 0.0722454 0.0702922 0.0670298 0.0626605 0.0573643 0.0512769 0.0445345 0.0372926 0.0297052 0.0219209 0.0140831 0.00631299 -0.00128937 -0.00862855 -0.0156197 -0.022196 -0.0282996 -0.0338828 -0.0389117 -0.0433579 -0.0471995 -0.0504287 -0.0530477 -0.0550703 -0.0565244 -0.0574439 -0.0578674 -0.0578385 -0.0573999 -0.0565968 -0.0554768 -0.0540869 -0.0524765 -0.0506943 -0.0487858 -0.0467943 -0.0447569 -0.0427056 -0.0406675 -0.0386634 -0.0367109 -0.0348233 -0.033011 -0.0312825 -0.0296432 -0.0280974 -0.0266473 -0.0252931 -0.0240341 -0.0228674 -0.0217897 -0.0207965 -0.0198826 -0.019043 -0.0182719 -0.0175642 -0.0169146 -0.0163183 -0.015771 -0.0152683 -0.0148068 -0.0143827 -0.0139934 -0.0136355 -0.013307 -0.0130052 -0.012728 -0.0124737 -0.0122402 -0.0120262 -0.0118298 -0.0116501 -0.0114856 -0.0113353 -0.0111982 -0.0110734 -0.0109601 -0.0108577 -0.0107654 -0.0106828 -0.0106093 -0.0105446 -0.0104883 -0.0104401 -0.0103998 -0.010367 -0.0103417 -0.0103237 -0.010313 -0.0103093 -0.010313 -0.0103237 -0.0103417 -0.010367 -0.0103998 -0.0104401 -0.0104883 -0.0105446 -0.0106093 -0.0106828 -0.0107654 -0.0108577 -0.0109601 -0.0110734 -0.0111982 -0.0113353 -0.0114856 -0.0116501 -0.0118298 -0.0120262 -0.0122402 -0.0124737 -0.012728 -0.0130052 -0.013307 -0.0136355 -0.0139934 -0.0143827 -0.0148068 -0.0152683 -0.015771 -0.0163183 -0.0169146 -0.0175642 -0.0182719 -0.019043 -0.0198826 -0.0207965 -0.0217897 -0.0228674 -0.0240341 -0.0252931 -0.0266473 -0.0280974 -0.0296432 -0.0312825 -0.033011 -0.0348233 -0.0367109 -0.0386634 -0.0406675 -0.0427056 -0.0447569 -0.0467943 -0.0487858 -0.0506943 -0.0524765 -0.0540869 -0.0554768 -0.0565968 -0.0573999 -0.0578385 -0.0578674 -0.0574439 -0.0565244 -0.0550703 -0.0530477 -0.0504287 -0.0471995 -0.0433579 -0.0389117 -0.0338825 -0.0282988 -0.0221939 -0.0156143 -0.0086154 -0.0012594 0.00637741 0.0142137 0.0221707 0.0301561 0.0380619 0.0457775 0.0531871 0.060173 0.0666444 0.0725318 0.0777537 0.082237 0.0859708 0.0889895 0.0913092 0.092942 0.0939738 0.0945704 0.094887 0.0950078 0.0949894 0.094924 
0 0.0117421 0.0231265 0.0338298 0.0435789 0.0521371 0.059293 0.0648958 0.0689014 0.0713418 0.0722454 0.0716365 0.0696185 0.0663877 0.0621434 0.0570403 0.0512312 0.0448814 0.0381283 0.0310796 0.0238435 0.0165229 0.00920843 0.00199572 -0.00502457 -0.0117883 -0.0182443 -0.0243443 -0.03005 -0.0353231 -0.0401205 -0.0444105 -0.0481705 -0.0513845 -0.0540526 -0.0561829 -0.0577882 -0.0588917 -0.05952 -0.0597036 -0.0594812 -0.0588923 -0.0579797 -0.0567896 -0.0553647 -0.053749 -0.0519842 -0.0501078 -0.0481569 -0.046163 -0.0441548 -0.0421586 -0.0401941 -0.0382799 -0.0364293 -0.0346522 -0.0329568 -0.0313467 -0.0298253 -0.0283931 -0.0270496 -0.0257939 -0.024623 -0.0235349 -0.0225256 -0.0215919 -0.0207299 -0.019935 -0.0192036 -0.0185308 -0.0179129 -0.0173453 -0.0168242 -0.0163459 -0.0159065 -0.0155032 -0.0151324 -0.0147919 -0.0144787 -0.0141911 -0.0139265 -0.0136837 -0.0134606 -0.0132561 -0.0130688 -0.0128975 -0.0127414 -0.0125993 -0.0124709 -0.0123548 -0.012251 -0.0121585 -0.0120772 -0.0120061 -0.0119455 -0.0118945 -0.0118534 -0.0118214 -0.0117989 -0.0117852 -0.0117808 -0.0117852 -0.0117989 -0.0118214 -0.0118534 -0.0118945 -0.0119455 -0.0120061 -0.0120772 -0.0121585 -0.012251 -0.0123548 -0.0124709 -0.0125993 -0.0127414 -0.0128975 -0.0130688 -0.0132561 -0.0134606 -0.0136837 -0.0139265 -0.0141911 -0.0144787 -0.0147919 -0.0151324 -0.0155032 -0.0159065 -0.0163459 -0.0168242 -0.0173453 -0.0179129 -0.0185308 -0.0192036 -0.019935 -0.0207299 -0.0215919 -0.0225256 -0.0235349 -0.024623 -0.0257939 -0.0270496 -0.0283931 -0.0298253 -0.0313467 -0.0329568 -0.0346522 -0.0364293 -0.0382799 -0.0401941 -0.0421586 -0.0441548 -0.046163 -0.0481569 -0.0501078 -0.0519842 -0.053749 -0.0553647 -0.0567896 -0.0579797 -0.0588923 -0.0594812 -0.0597036 -0.05952 -0.0588917 -0.0577882 -0.0561829 -0.0540526 -0.0513845 -0.0481705 -0.0444104 -0.0401204 -0.0353228 -0.0300494 -0.0243426 -0.0182399 -0.0117774 -0.00499954 0.00205023 0.00932047 0.0167402 0.0242413 0.0317677 0.0392552 0.0466349 0.0538382 0.0607721 0.0673331 0.0734614 0.0791283 0.0842748 0.0888265 0.0927594 0.0960932 0.0988411 0.101026 0.102723 0.104031 0.104996 0.105636 0.106007 
0 0.0116322 0.0228617 0.0333765 0.0429339 0.0512864 0.0581957 0.0635316 0.0672984 0.0695422 0.0702922 0.0696185 0.0676731 0.0646244 0.0606159 0.055816 0.0504274 0.0446079 0.0384511 0.0320429 0.0254696 0.0187972 0.0120942 0.00543689 -0.00112165 -0.0075388 -0.01376 -0.0197387 -0.0254361 -0.0308059 -0.0358116 -0.040427 -0.0446189 -0.0483609 -0.0516345 -0.054419 -0.0567075 -0.0585055 -0.0598224 -0.0606823 -0.0611144 -0.0611479 -0.0608202 -0.0601659 -0.0592201 -0.058023 -0.0566102 -0.0550209 -0.0532939 -0.0514635 -0.0495657 -0.0476299 -0.0456827 -0.043748 -0.0418427 -0.0399836 -0.0381817 -0.0364457 -0.0347838 -0.0331989 -0.0316958 -0.0302753 -0.028938 -0.0276839 -0.0265104 -0.0254167 -0.0243986 -0.0234539 -0.0225783 -0.0217679 -0.0210194 -0.0203277 -0.0196902 -0.0191018 -0.0185602 -0.0180608 -0.0176013 -0.0171783 -0.016789 -0.0164313 -0.0161022 -0.0158006 -0.0155233 -0.0152698 -0.0150374 -0.0148257 -0.0146325 -0.0144574 -0.0142987 -0.014156 -0.0140281 -0.0139145 -0.0138145 -0.0137274 -0.013653 -0.0135905 -0.0135401 -0.0135009 -0.0134733 -0.0134566 -0.0134512 -0.0134566 -0.0134733 -0.0135009 -0.0135401 -0.0135905 -0.013653 -0.0137274 -0.0138145 -0.0139145 -0.0140281 -0.014156 -0.0142987 -0.0144574 -0.0146325 -0.0148257 -0.0150374 -0.0152698 -0.0155233 -0.0158006 -0.0161022 -0.0164313 -0.016789 -0.0171783 -0.0176013 -0.0180608 -0.0185602 -0.0191018 -0.0196902 -0.0203277 -0.0210194 -0.0217679 -0.0225783 -0.0234539 -0.0243986 -0.0254167 -0.0265104 -0.0276839 -0.028938 -0.0302753 -0.0316958 -0.0331989 -0.0347838 -0.0364457 -0.0381817 -0.0399836 -0.0418427 -0.043748 -0.0456827 -0.0476299 -0.0495657 -0.0514635 -0.0532939 -0.0550209 -0.0566102 -0.058023 -0.0592201 -0.0601659 -0.0608202 -0.0611479 -0.0611144 -0.0606823 -0.0598224 -0.0585055 -0.0567075 -0.054419 -0.0516345 -0.0483609 -0.0446188 -0.0404269 -0.0358115 -0.0308054 -0.0254347 -0.0197351 -0.0137512 -0.00751818 -0.0010761 0.00553183 0.012281 0.0191442 0.0260786 0.0330545 0.0400463 0.0470081 0.0538977 0.0606799 0.0672833 0.0736266 0.0796834 0.0854426 0.0908282 0.0957402 0.100148 0.104073 0.107511 0.110425 0.112799 0.114654 0.116013 0.116893 
0 0.0112022 0.0220164 0.032131 0.0412885 0.0492411 0.055788 0.0608342 0.0643663 0.0664055 0.0670298 0.0663877 0.0646244 0.0618423 0.0581795 0.0538451 0.049021 0.04381 0.0383043 0.0326038 0.026767 0.0208303 0.0148433 0.00883813 0.00283321 -0.0031247 -0.00898497 -0.014715 -0.0202713 -0.025612 -0.030712 -0.0355335 -0.0400341 -0.0441847 -0.0479483 -0.051294 -0.0542083 -0.0566756 -0.0586914 -0.0602643 -0.0614001 -0.0621173 -0.062441 -0.0623945 -0.0620134 -0.0613316 -0.0603828 -0.0592072 -0.057837 -0.0563079 -0.0546538 -0.0529022 -0.0510854 -0.0492273 -0.0473523 -0.0454832 -0.0436359 -0.0418288 -0.0400726 -0.0383776 -0.0367521 -0.035199 -0.0337237 -0.0323254 -0.0310055 -0.0297629 -0.0285952 -0.0275018 -0.0264782 -0.0255238 -0.0246336 -0.0238062 -0.0230377 -0.0223247 -0.0216652 -0.0210544 -0.0204913 -0.0199708 -0.019492 -0.0190506 -0.0186452 -0.0182726 -0.0179309 -0.0176181 -0.0173316 -0.0170708 -0.0168326 -0.0166172 -0.0164216 -0.0162464 -0.0160887 -0.0159495 -0.015826 -0.0157195 -0.0156275 -0.0155513 -0.0154888 -0.0154411 -0.0154067 -0.0153866 -0.0153795 -0.0153866 -0.0154067 -0.0154411 -0.0154888 -0.0155513 -0.0156275 -0.0157195 -0.015826 -0.0159495 -0.0160887 -0.0162464 -0.0164216 -0.0166172 -0.0168326 -0.0170708 -0.0173316 -0.0176181 -0.0179309 -0.0182726 -0.0186452 -0.0190506 -0.019492 -0.0199708 -0.0204913 -0.0210544 -0.0216652 -0.0223247 -0.0230377 -0.0238062 -0.0246336 -0.0255238 -0.0264782 -0.0275018 -0.0285952 -0.0297629 -0.0310055 -0.0323254 -0.0337237 -0.035199 -0.0367521 -0.0383776 -0.0400726 -0.0418288 -0.0436359 -0.0454832 -0.0473523 -0.0492273 -0.0510854 -0.0529022 -0.0546538 -0.0563079 -0.057837 -0.0592072 -0.0603828 -0.0613316 -0.0620134 -0.0623945 -0.062441 -0.0621173 -0.0614001 -0.0602643 -0.0586914 -0.0566756 -0.0542083 -0.051294 -0.0479483 -0.0441847 -0.0400341 -0.0355333 -0.0307116 -0.0256109 -0.0202685 -0.0147079 -0.00896819 -0.00308713 0.00291266 0.0089968 0.0151426 0.0213635 0.0276659 0.0340413 0.0404953 0.0470129 0.0535492 0.0600922 0.0666542 0.0731951 0.0796464 0.085977 0.0921466 0.0980496 0.103584 0.108718 0.113416 0.117569 0.121057 0.123845 0.125953 0.12736 
0 0.0104689 0.0206118 0.0301074 0.0386619 0.0460548 0.0521569 0.0568873 0.0601841 0.062063 0.0626605 0.0621434 0.0606159 0.0581795 0.0550089 0.0512763 0.0470833 0.0425323 0.0377533 0.0328197 0.0277493 0.0225767 0.0173299 0.0120066 0.0066309 0.00124324 -0.00414594 -0.0095142 -0.0148163 -0.0200251 -0.0251027 -0.0299933 -0.0346637 -0.0390792 -0.043196 -0.0469916 -0.0504375 -0.0535003 -0.0561674 -0.0584209 -0.0602508 -0.0616679 -0.0626772 -0.0632986 -0.0635602 -0.0634823 -0.0630996 -0.0624414 -0.0615354 -0.0604187 -0.0591175 -0.0576652 -0.0560934 -0.0544268 -0.0526977 -0.0509267 -0.0491377 -0.0473515 -0.0455809 -0.0438446 -0.0421499 -0.0405083 -0.0389266 -0.0374081 -0.03596 -0.0345805 -0.0332744 -0.0320393 -0.0308756 -0.0297826 -0.0287563 -0.0277977 -0.0269005 -0.0260655 -0.0252869 -0.0245638 -0.0238922 -0.0232692 -0.0226929 -0.0221589 -0.021667 -0.0212118 -0.0207942 -0.0204089 -0.0200568 -0.0197334 -0.0194393 -0.0191711 -0.0189286 -0.0187098 -0.0185138 -0.0183397 -0.0181859 -0.0180526 -0.0179379 -0.0178426 -0.0177645 -0.017705 -0.0176619 -0.0176369 -0.0176279 -0.0176369 -0.0176619 -0.017705 -0.0177645 -0.0178426 -0.0179379 -0.0180526 -0.0181859 -0.0183397 -0.0185138 -0.0187098 -0.0189286 -0.0191711 -0.0194393 -0.0197334 -0.0200568 -0.0204089 -0.0207942 -0.0212118 -0.021667 -0.0221589 -0.0226929 -0.0232692 -0.0238922 -0.0245638 -0.0252869 -0.0260655 -0.0269005 -0.0277977 -0.0287563 -0.0297826 -0.0308756 -0.0320393 -0.0332744 -0.0345805 -0.03596 -0.0374081 -0.0389266 -0.0405083 -0.0421499 -0.0438446 -0.0455809 -0.0473515 -0.0491377 -0.0509267 -0.0526977 -0.0544268 -0.0560934 -0.0576652 -0.0591175 -0.0604187 -0.0615354 -0.0624414 -0.0630996 -0.0634823 -0.0635602 -0.0632986 -0.0626772 -0.0616679 -0.0602508 -0.0584209 -0.0561674 -0.0535003 -0.0504375 -0.0469916 -0.0431959 -0.0390792 -0.0346636 -0.029993 -0.0251019 -0.0200229 -0.0148107 -0.00950074 -0.00411535 0.00130889 0.00676402 0.0122616 0.0177914 0.0233669 0.029032 0.0348018 0.0406856 0.0467183 0.0529004 0.0592096 0.0656824 0.0723642 0.0792039 0.0861023 0.0930008 0.0998373 0.106491 0.11283 0.118739 0.124077 0.128677 0.132428 0.135284 0.137182 
0 0.00947675 0.0186943 0.0273392 0.035113 0.0418358 0.0474238 0.0517921 0.0548664 0.0566803 0.0573643 0.0570403 0.055816 0.0538451 0.0512763 0.0481875 0.0446669 0.0408626 0.0368731 0.0327103 0.0284031 0.0239942 0.0194766 0.0148524 0.0101549 0.00537788 0.000511714 -0.004406 -0.00935172 -0.0143066 -0.0192143 -0.0240377 -0.0287518 -0.0333018 -0.0376524 -0.0417744 -0.0456159 -0.0491507 -0.0523553 -0.0551957 -0.0576668 -0.0597578 -0.061458 -0.0627815 -0.0637288 -0.0643144 -0.0645649 -0.0644945 -0.0641378 -0.0635232 -0.0626764 -0.0616361 -0.0604239 -0.0590724 -0.057609 -0.0560531 -0.0544356 -0.0527707 -0.0510821 -0.0493875 -0.0476991 -0.0460368 -0.0444056 -0.0428208 -0.0412873 -0.0398109 -0.0383988 -0.0370487 -0.0357683 -0.0345521 -0.0334043 -0.0323213 -0.0313021 -0.0303462 -0.0294482 -0.0286106 -0.0278254 -0.0270957 -0.0264141 -0.0257822 -0.0251949 -0.0246513 -0.0241491 -0.0236851 -0.0232595 -0.0228672 -0.0225105 -0.0221831 -0.0218883 -0.0216198 -0.0213813 -0.0211666 -0.0209795 -0.0208145 -0.0206751 -0.0205564 -0.0204619 -0.0203872 -0.0203356 -0.0203035 -0.0202938 -0.0203035 -0.0203356 -0.0203872 -0.0204619 -0.0205564 -0.0206751 -0.0208145 -0.0209795 -0.0211666 -0.0213813 -0.0216198 -0.0218883 -0.0221831 -0.0225105 -0.0228672 -0.0232595 -0.0236851 -0.0241491 -0.0246513 -0.0251949 -0.0257822 -0.0264141 -0.0270957 -0.0278254 -0.0286106 -0.0294482 -0.0303462 -0.0313021 -0.0323213 -0.0334043 -0.0345521 -0.0357683 -0.0370487 -0.0383988 -0.0398109 -0.0412873 -0.0428208 -0.0444056 -0.0460368 -0.0476991 -0.0493875 -0.0510821 -0.0527707 -0.0544356 -0.0560531 -0.057609 -0.0590724 -0.0604239 -0.0616361 -0.0626764 -0.0635232 -0.0641378 -0.0644945 -0.0645649 -0.0643144 -0.0637288 -0.0627815 -0.061458 -0.0597578 -0.0576668 -0.0551957 -0.0523553 -0.0491507 -0.0456159 -0.0417744 -0.0376524 -0.0333017 -0.0287515 -0.0240371 -0.0192126 -0.0143022 -0.00934106 -0.00438143 0.000565259 0.00548817 0.0103696 0.0152473 0.0201636 0.0251271 0.0301794 0.0353723 0.0407141 0.0462443 0.0520503 0.0581675 0.0645983 0.071389 0.0785522 0.0859896 0.0935862 0.101279 0.108963 0.116437 0.123479 0.129911 0.135562 0.140252 0.143821 0.146154 
0 0.00827146 0.0163258 0.0238992 0.0307472 0.0367199 0.0417284 0.0456931 0.0485782 0.0504193 0.0512769 0.0512312 0.0504274 0.049021 0.0470833 0.0446669 0.0419002 0.0388947 0.0356697 0.0322569 0.028723 0.0250669 0.0212642 0.0173431 0.0133032 0.00911482 0.0048075 0.000406396 -0.00410146 -0.00868282 -0.0133006 -0.0179487 -0.0225747 -0.0271246 -0.0315752 -0.0358685 -0.0399617 -0.0438385 -0.047451 -0.0507754 -0.053798 -0.0564804 -0.0588182 -0.0608017 -0.0624158 -0.0636794 -0.0645923 -0.0651692 -0.0654392 -0.065411 -0.0651193 -0.0645869 -0.0638344 -0.0628994 -0.0617964 -0.0605592 -0.0592112 -0.0577708 -0.0562698 -0.0547175 -0.053141 -0.0515527 -0.0499653 -0.0483976 -0.0468509 -0.045344 -0.0438759 -0.0424575 -0.0410924 -0.0397809 -0.0385318 -0.0373381 -0.0362095 -0.0351378 -0.0341288 -0.0331777 -0.0322841 -0.0314481 -0.0306637 -0.0299349 -0.0292524 -0.028622 -0.0280334 -0.0274925 -0.0269902 -0.0265306 -0.0261071 -0.0257213 -0.0253698 -0.0250518 -0.0247663 -0.0245106 -0.0242862 -0.0240887 -0.0239213 -0.0237786 -0.0236651 -0.0235749 -0.0235132 -0.0234739 -0.0234629 -0.0234739 -0.0235132 -0.0235749 -0.0236651 -0.0237786 -0.0239213 -0.0240887 -0.0242862 -0.0245106 -0.0247663 -0.0250518 -0.0253698 -0.0257213 -0.0261071 -0.0265306 -0.0269902 -0.0274925 -0.0280334 -0.028622 -0.0292524 -0.0299349 -0.0306637 -0.0314481 -0.0322841 -0.0331777 -0.0341288 -0.0351378 -0.0362095 -0.0373381 -0.0385318 -0.0397809 -0.0410924 -0.0424575 -0.0438759 -0.045344 -0.0468509 -0.0483976 -0.0499653 -0.0515527 -0.053141 -0.0547175 -0.0562698 -0.0577708 -0.0592112 -0.0605592 -0.0617964 -0.0628994 -0.0638344 -0.0645869 -0.0651193 -0.065411 -0.0654392 -0.0651692 -0.0645923 -0.0636794 -0.0624158 -0.0608017 -0.0588182 -0.0564804 -0.053798 -0.0507754 -0.047451 -0.0438385 -0.0399617 -0.0358685 -0.0315751 -0.0271245 -0.0225743 -0.0179474 -0.0132973 -0.00867449 -0.00408198 0.000449495 0.0048977 0.00929329 0.013637 0.0179337 0.022254 0.0266429 0.0311181 0.0357536 0.0406144 0.0457249 0.0511797 0.0571108 0.0635519 0.0704823 0.0779106 0.0858041 0.0940481 0.102524 0.111107 0.119572 0.127632 0.135054 0.141645 0.147173 0.151379 0.154098 
0 0.00688645 0.0135803 0.0199044 0.0257078 0.0308555 0.0352313 0.0387793 0.0415097 0.0434309 0.0445345 0.0448814 0.0446079 0.04381 0.0425323 0.0408626 0.0388947 0.0366462 0.0341501 0.0315017 0.0287246 0.0257747 0.022668 0.0194199 0.0159897 0.0123937 0.00867155 0.00479327 0.000762428 -0.00337847 -0.00763966 -0.0119966 -0.0163865 -0.0207997 -0.0251961 -0.0295131 -0.0337386 -0.0378233 -0.0417147 -0.045403 -0.0488383 -0.0519931 -0.054865 -0.0574153 -0.0596462 -0.061555 -0.0631221 -0.0643708 -0.0652944 -0.0659041 -0.0662283 -0.0662676 -0.0660602 -0.0656235 -0.0649778 -0.0641623 -0.0631843 -0.0620819 -0.0608708 -0.059569 -0.0582066 -0.0567864 -0.0553396 -0.0538699 -0.0523954 -0.0509304 -0.0494766 -0.048056 -0.0466619 -0.0453136 -0.0440068 -0.0427498 -0.0415467 -0.0403934 -0.039301 -0.0382578 -0.0372768 -0.0363451 -0.0354726 -0.0346499 -0.0338809 -0.0331623 -0.032491 -0.0318698 -0.0312903 -0.0307596 -0.0302658 -0.0298189 -0.0294052 -0.0290357 -0.0286971 -0.0283997 -0.0281316 -0.0279019 -0.0277004 -0.027535 -0.027397 -0.0272934 -0.0272168 -0.0271736 -0.0271571 -0.0271736 -0.0272168 -0.0272934 -0.027397 -0.027535 -0.0277004 -0.0279019 -0.0281316 -0.0283997 -0.0286971 -0.0290357 -0.0294052 -0.0298189 -0.0302658 -0.0307596 -0.0312903 -0.0318698 -0.032491 -0.0331623 -0.0338809 -0.0346499 -0.0354726 -0.0363451 -0.0372768 -0.0382578 -0.039301 -0.0403934 -0.0415467 -0.0427498 -0.0440068 -0.0453136 -0.0466619 -0.048056 -0.0494766 -0.0509304 -0.0523954 -0.0538699 -0.0553396 -0.0567864 -0.0582066 -0.059569 -0.0608708 -0.0620819 -0.0631843 -0.0641623 -0.0649778 -0.0656235 -0.0660602 -0.0662676 -0.0662283 -0.0659041 -0.0652944 -0.0643708 -0.0631221 -0.061555 -0.0596462 -0.0574153 -0.054865 -0.0519931 -0.0488383 -0.045403 -0.0417147 -0.0378233 -0.0337386 -0.0295131 -0.0251959 -0.0207993 -0.0163855 -0.011994 -0.00763326 -0.00336325 0.000796653 0.00486608 0.00881804 0.0126724 0.0164914 0.020275 0.0240518 0.0279093 0.0318814 0.0360119 0.0404285 0.0452251 0.0504545 0.0562373 0.06268 0.0697655 0.0774478 0.0857195 0.0945161 0.103679 0.113014 0.122289 0.131211 0.13949 0.14687 0.153073 0.157805 0.160862 
0 0.005349 0.0105434 0.015501 0.0201607 0.0244062 0.0281164 0.0312592 0.0338551 0.0358789 0.0372926 0.0381283 0.0384511 0.0383043 0.0377533 0.0368731 0.0356697 0.0341501 0.0324074 0.0304992 0.0283919 0.0260998 0.0236625 0.0210353 0.0182022 0.0152109 0.0120359 0.00865518 0.00512507 0.00144245 -0.0024064 -0.00636283 -0.010424 -0.0145906 -0.0187926 -0.0230143 -0.0272289 -0.0313589 -0.0353925 -0.0392918 -0.0429981 -0.0465154 -0.0497993 -0.0528197 -0.0555837 -0.058046 -0.0602107 -0.0620773 -0.0636212 -0.0648734 -0.0658231 -0.0664832 -0.0668836 -0.0670166 -0.0669246 -0.0666144 -0.0661059 -0.0654354 -0.064602 -0.06365 -0.062584 -0.0614288 -0.0602099 -0.0589281 -0.0576204 -0.05628 -0.0549353 -0.0535896 -0.0522511 -0.0509382 -0.0496415 -0.0483866 -0.0471588 -0.0459792 -0.0448387 -0.043746 -0.0427033 -0.0417053 -0.0407644 -0.0398655 -0.0390264 -0.038228 -0.037488 -0.0367888 -0.036144 -0.0355409 -0.0349867 -0.0344753 -0.0340073 -0.0335828 -0.0331968 -0.0328545 -0.0325465 -0.0322821 -0.032049 -0.0318591 -0.0316981 -0.03158 -0.0314894 -0.0314413 -0.0314202 -0.0314413 -0.0314894 -0.03158 -0.0316981 -0.0318591 -0.032049 -0.0322821 -0.0325465 -0.0328545 -0.0331968 -0.0335828 -0.0340073 -0.0344753 -0.0349867 -0.0355409 -0.036144 -0.0367888 -0.037488 -0.038228 -0.0390264 -0.0398655 -0.0407644 -0.0417053 -0.0427033 -0.043746 -0.0448387 -0.0459792 -0.0471588 -0.0483866 -0.0496415 -0.0509382 -0.0522511 -0.0535896 -0.0549353 -0.05628 -0.0576204 -0.0589281 -0.0602099 -0.0614288 -0.062584 -0.06365 -0.064602 -0.0654354 -0.0661059 -0.0666144 -0.0669246 -0.0670166 -0.0668836 -0.0664832 -0.0658231 -0.0648734 -0.0636212 -0.0620773 -0.0602107 -0.058046 -0.0555837 -0.0528197 -0.0497993 -0.0465154 -0.0429981 -0.0392918 -0.0353925 -0.0313589 -0.0272289 -0.0230142 -0.0187923 -0.0145899 -0.0104221 -0.00635797 -0.00239466 0.00146925 0.00518305 0.00877385 0.0122656 0.0156318 0.0189323 0.0222372 0.0255459 0.0289242 0.0324739 0.0362316 0.0402913 0.0448285 0.0499435 0.0556829 0.0621339 0.0693412 0.0772644 0.0858702 0.0951121 0.104824 0.114754 0.12465 0.134241 0.1432 0.151183 0.157873 0.162992 0.166319 
