0 0 0 0 0 0 0 0 0 0 0 0 0 0 0 0 0 0 0 0 0 0 0 0 0 0 0 0 0 0 0 0 0 0 0 0 0 0 0 0 0 0 0 0 0 0 0 0 0 0 0 0 0 0 0 0 0 0 0 0 0 0 0 0 0 0 0 0 0 0 0 0 0 0 0 0 0 0 0 0 0 0 0 0 0 0 0 0 0 0 0 0 0 0 0 0 0 0 0 0 0 0 0 0 0 0 0 0 0 0 0 0 0 0 0 0 0 0 0 0 0 0 0 0 0 0 0 0 0 0 0 0 0 0 0 0 0 0 0 0 0 0 0 0 0 0 0 0 0 0 0 0 0 0 0 0 0 0 0 0 0 0 0 0 0 0 0 0 0 0 0 0 0 0 0 0 0 0 0 0 0 0 0 0 0 0 0 0 0 0 0 0 0 0 0 0 0 0 0 0 
0 0.000503947 0.00104582 0.00165543 0.00234642 0.00311224 0.00393153 0.00478317 0.00566121 0.00657589 0.00753652 0.00852867 0.0095062 0.0104069 0.0111788 0.0117941 0.0122416 0.0125064 0.0125601 0.0123668 0.0119016 0.0111638 0.0101778 0.0089821 0.00761706 0.00611784 0.00451634 0.00284727 0.00115275 -0.000518409 -0.0021164 -0.00359778 -0.00493089 -0.00609721 -0.00708915 -0.00790602 -0.00855049 -0.00902677 -0.00934074 -0.00950117 -0.00952084 -0.00941686 -0.0092097 -0.00892143 -0.00857362 -0.00818549 -0.00777288 -0.00734802 -0.00691987 -0.00649504 -0.00607857 -0.00567468 -0.00528716 -0.00491942 -0.00457442 -0.00425447 -0.00396095 -0.00369427 -0.00345386 -0.00323831 -0.00304557 -0.00287325 -0.00271882 -0.00257986 -0.0024542 -0.00234001 -0.0022358 -0.00214044 -0.00205308 -0.00197308 -0.00189996 -0.00183333 -0.00177282 -0.00171807 -0.00166872 -0.00162438 -0.00158463 -0.00154906 -0.00151725 -0.00148879 -0.0014633 -0.00144043 -0.00141986 -0.0014013 -0.00138453 -0.00136933 -0.00135555 -0.00134304 -0.00133169 -0.00132143 -0.00131218 -0.00130391 -0.00129656 -0.00129012 -0.00128456 -0.00127988 -0.00127605 -0.00127309 -0.00127097 -0.0012697 -0.00126928 -0.0012697 -0.00127097 -0.00127309 -0.00127605 -0.00127988 -0.00128456 -0.00129012 -0.00129656 -0.00130391 -0.00131218 -0.00132143 -0.00133169 -0.00134304 -0.00135555 -0.00136933 -0.00138453 -0.0014013 -0.00141986 -0.00144043 -0.0014633 -0.00148879 -0.00151725 -0.00154906 -0.00158463 -0.00162438 -0.00166872 -0.00171807 -0.00177282 -0.00183333 -0.00189996 -0.00197308 -0.00205308 -0.00214044 -0.0022358 -0.00234001 -0.0024542 -0.00257986 -0.00271882 -0.00287325 -0.00304557 -0.00323831 -0.00345386 -0.00369427 -0.00396095 -0.00425447 -0.00457442 -0.00491942 -0.00528716 -0.00567468 -0.00607857 -0.00649504 -0.00691987 -0.00734802 -0.00777288 -0.00818549 -0.00857362 -0.00892143 -0.0092097 -0.00941686 -0.00952084 -0.00950117 -0.00934074 -0.00902677 -0.00855049 -0.00790602 -0.00708915 -0.00609721 -0.00493089 -0.00359778 -0.0021164 -0.000518409 0.00115275 0.00284727 0.00451634 0.00611784 0.00761706 0.0089821 0.0101778 0.0111638 0.0119016 0.0123668 0.0125601 0.0125065 0.0122416 0.0117942 0.0111791 0.0104078 0.00950857 0.00853456 0.00755017 0.00660543 0.00572099 0.00489637 0.00413221 0.00344559 0.00286609 0.00241829 0.00210677 0.00191567 
0 0.00104582 0.00216015 0.00339422 0.00476971 0.00627754 0.00789071 0.00958497 0.0113522 0.0131941 0.0150996 0.0170252 0.0188953 0.020622 0.0221264 0.0233454 0.0242249 0.024712 0.0247556 0.0243158 0.0233734 0.021935 0.0200309 0.0177103 0.0150358 0.0120804 0.00892522 0.00565682 0.00236358 -0.000868798 -0.00396166 -0.00684689 -0.00946903 -0.0117863 -0.0137709 -0.0154082 -0.0166965 -0.0176453 -0.0182735 -0.0186073 -0.0186784 -0.018521 -0.0181708 -0.0176629 -0.017031 -0.0163067 -0.0155186 -0.0146922 -0.0138496 -0.0130095 -0.0121867 -0.0113928 -0.0106362 -0.00992243 -0.00925478 -0.00863462 -0.00806194 -0.00753568 -0.00705409 -0.006615 -0.00621592 -0.00585425 -0.00552728 -0.00523231 -0.00496665 -0.00472766 -0.00451279 -0.0043196 -0.00414581 -0.00398928 -0.00384808 -0.00372043 -0.00360479 -0.00349977 -0.00340417 -0.00331696 -0.00323725 -0.00316428 -0.00309741 -0.00303608 -0.00297981 -0.00292818 -0.00288085 -0.0028375 -0.00279785 -0.00276165 -0.00272868 -0.00269875 -0.00267168 -0.00264731 -0.00262551 -0.00260613 -0.00258908 -0.00257425 -0.00256157 -0.00255095 -0.00254235 -0.0025357 -0.00253099 -0.00252816 -0.00252723 -0.00252816 -0.00253099 -0.0025357 -0.00254235 -0.00255095 -0.00256157 -0.00257425 -0.00258908 -0.00260613 -0.00262551 -0.00264731 -0.00267168 -0.00269875 -0.00272868 -0.00276165 -0.00279785 -0.0028375 -0.00288085 -0.00292818 -0.00297981 -0.00303608 -0.00309741 -0.00316428 -0.00323725 -0.00331696 -0.00340417 -0.00349977 -0.00360479 -0.00372043 -0.00384808 -0.00398928 -0.00414581 -0.0043196 -0.00451279 -0.00472766 -0.00496665 -0.00523231 -0.00552728 -0.00585425 -0.00621592 -0.006615 -0.00705409 -0.00753568 -0.00806194 -0.00863462 -0.00925478 -0.00992243 -0.0106362 -0.0113928 -0.0121867 -0.0130095 -0.0138496 -0.0146922 -0.0155186 -0.0163067 -0.017031 -0.0176629 -0.0181708 -0.018521 -0.0186784 -0.0186073 -0.0182735 -0.0176453 -0.0166965 -0.0154082 -0.0137709 -0.0117863 -0.00946903 -0.00684689 -0.00396166 -0.000868798 0.00236358 0.00565682 0.00892522 0.0120804 0.0150358 0.0177103 0.0200309 0.021935 0.0233734 0.0243158 0.0247556 0.024712 0.024225 0.0233457 0.0221273 0.0206246 0.0189018 0.0170406 0.0151339 0.0132656 0.0114921 0.00984155 0.00833246 0.00699255 0.00586052 0.00496971 0.00432994 0.0039247 
0 0.00165543 0.00339422 0.00527639 0.00732807 0.00954834 0.0119258 0.0144497 0.017106 0.0198626 0.0226613 0.0254245 0.0280693 0.030512 0.0326608 0.0344088 0.0356445 0.0362735 0.0362356 0.0355056 0.0340828 0.0319814 0.0292299 0.0258791 0.0220094 0.0177301 0.0131698 0.00846238 0.00373462 -0.000900047 -0.0053424 -0.00950548 -0.0133136 -0.0167036 -0.0196286 -0.0220609 -0.0239939 -0.0254403 -0.0264289 -0.026999 -0.027196 -0.0270669 -0.0266588 -0.0260173 -0.0251865 -0.0242087 -0.023124 -0.0219697 -0.0207795 -0.0195822 -0.0184017 -0.0172562 -0.0161589 -0.0151186 -0.0141402 -0.0132259 -0.0123759 -0.0115893 -0.0108641 -0.0101981 -0.00958872 -0.00903311 -0.00852827 -0.00807098 -0.00765788 -0.00728547 -0.0069502 -0.00664853 -0.00637703 -0.00613242 -0.00591167 -0.00571201 -0.00553097 -0.00536638 -0.00521636 -0.0050793 -0.00495383 -0.0048388 -0.00473322 -0.00463627 -0.00454722 -0.00446547 -0.00439049 -0.0043218 -0.00425897 -0.00420164 -0.00414945 -0.00410211 -0.00405932 -0.00402084 -0.00398643 -0.00395589 -0.00392904 -0.00390571 -0.00388577 -0.00386909 -0.00385558 -0.00384516 -0.00383775 -0.00383333 -0.00383186 -0.00383333 -0.00383775 -0.00384516 -0.00385558 -0.00386909 -0.00388577 -0.00390571 -0.00392904 -0.00395589 -0.00398643 -0.00402084 -0.00405932 -0.00410211 -0.00414945 -0.00420164 -0.00425897 -0.0043218 -0.00439049 -0.00446547 -0.00454722 -0.00463627 -0.00473322 -0.0048388 -0.00495383 -0.0050793 -0.00521636 -0.00536638 -0.00553097 -0.00571201 -0.00591167 -0.00613242 -0.00637703 -0.00664853 -0.0069502 -0.00728547 -0.00765788 -0.00807098 -0.00852827 -0.00903311 -0.00958872 -0.0101981 -0.0108641 -0.0115893 -0.0123759 -0.0132259 -0.0141402 -0.0151186 -0.0161589 -0.0172562 -0.0184017 -0.0195822 -0.0207795 -0.0219697 -0.023124 -0.0242087 -0.0251865 -0.0260173 -0.0266588 -0.0270669 -0.027196 -0.026999 -0.0264289 -0.0254403 -0.0239939 -0.0220609 -0.0196286 -0.0167036 -0.0133136 -0.00950548 -0.0053424 -0.000900047 0.00373462 0.00846238 0.0131698 0.0177301 0.0220094 0.0258791 0.0292299 0.0319814 0.0340828 0.0355056 0.0362356 0.0362735 0.0356448 0.0344096 0.0326631 0.0305182 0.028084 0.0254578 0.0227319 0.0200029 0.017368 0.0149097 0.0126866 0.0107367 0.00908828 0.00776413 0.00677811 0.00613139 
0 0.00234642 0.00476971 0.00732807 0.0100568 0.0129777 0.0161057 0.0194399 0.0229451 0.0265454 0.0301414 0.0336371 0.0369482 0.0399847 0.0426299 0.0447432 0.0461877 0.0468588 0.0466934 0.0456638 0.0437676 0.0410239 0.0374776 0.0332043 0.028311 0.0229298 0.0172078 0.0112974 0.00534782 -0.000499854 -0.00611673 -0.0113896 -0.0162243 -0.0205481 -0.0243108 -0.0274843 -0.030061 -0.0320508 -0.0334788 -0.0343822 -0.0348078 -0.0348089 -0.034443 -0.033769 -0.0328447 -0.0317248 -0.0304594 -0.0290931 -0.0276648 -0.0262077 -0.0247494 -0.0233129 -0.0219167 -0.020575 -0.0192987 -0.0180952 -0.016969 -0.015922 -0.0149541 -0.0140632 -0.0132463 -0.0124991 -0.011817 -0.0111953 -0.010629 -0.0101136 -0.00964466 -0.00921811 -0.00883023 -0.0084776 -0.00815709 -0.00786585 -0.00760125 -0.00736088 -0.0071425 -0.00694407 -0.00676373 -0.00659974 -0.00645056 -0.00631477 -0.00619111 -0.00607845 -0.00597578 -0.00588222 -0.00579701 -0.00571946 -0.00564899 -0.00558508 -0.00552731 -0.00547529 -0.0054287 -0.00538727 -0.00535075 -0.00531895 -0.00529171 -0.00526888 -0.00525034 -0.00523602 -0.00522584 -0.00521975 -0.00521772 -0.00521975 -0.00522584 -0.00523602 -0.00525034 -0.00526888 -0.00529171 -0.00531895 -0.00535075 -0.00538727 -0.0054287 -0.00547529 -0.00552731 -0.00558508 -0.00564899 -0.00571946 -0.00579701 -0.00588222 -0.00597578 -0.00607845 -0.00619111 -0.00631477 -0.00645056 -0.00659974 -0.00676373 -0.00694407 -0.0071425 -0.00736088 -0.00760125 -0.00786585 -0.00815709 -0.0084776 -0.00883023 -0.00921811 -0.00964466 -0.0101136 -0.010629 -0.0111953 -0.011817 -0.0124991 -0.0132463 -0.0140632 -0.0149541 -0.015922 -0.016969 -0.0180952 -0.0192987 -0.020575 -0.0219167 -0.0233129 -0.0247494 -0.0262077 -0.0276648 -0.0290931 -0.0304594 -0.0317248 -0.0328447 -0.033769 -0.034443 -0.0348089 -0.0348078 -0.0343822 -0.0334788 -0.0320508 -0.030061 -0.0274843 -0.0243108 -0.0205481 -0.0162243 -0.0113896 -0.00611673 -0.000499854 0.00534782 0.0112974 0.0172078 0.0229298 0.028311 0.0332043 0.0374776 0.0410239 0.0437676 0.0456638 0.0466935 0.046859 0.0461885 0.0447453 0.0426355 0.0399984 0.0369794 0.0337038 0.0302753 0.0267981 0.0233941 0.0201919 0.0172964 0.0147674 0.0126264 0.0108815 0.00954828 0.00865251 
0 0.00311224 0.00627754 0.00954834 0.0129777 0.0166159 0.0204936 0.0245978 0.0288624 0.0331849 0.0374569 0.0415777 0.0454414 0.0489194 0.0518656 0.0541397 0.0556255 0.056231 0.0558832 0.0545333 0.0521686 0.0488219 0.0445702 0.0395236 0.0338109 0.0275714 0.0209522 0.0141092 0.00720508 0.000402131 -0.00614784 -0.0123138 -0.0179916 -0.0231054 -0.0276049 -0.0314611 -0.0346624 -0.0372125 -0.0391294 -0.0404451 -0.0412041 -0.0414612 -0.0412783 -0.0407203 -0.0398516 -0.0387331 -0.0374206 -0.035964 -0.0344069 -0.0327875 -0.0311389 -0.0294896 -0.0278635 -0.0262807 -0.0247569 -0.0233042 -0.0219307 -0.0206414 -0.0194385 -0.0183215 -0.0172886 -0.0163362 -0.0154602 -0.014656 -0.0139189 -0.0132439 -0.0126266 -0.0120625 -0.0115473 -0.0110773 -0.0106488 -0.0102582 -0.00990241 -0.00957841 -0.00928341 -0.00901479 -0.00877018 -0.00854737 -0.00834436 -0.00815934 -0.00799068 -0.00783691 -0.00769674 -0.00756899 -0.00745265 -0.00734683 -0.00725073 -0.00716367 -0.00708504 -0.00701433 -0.00695108 -0.00689489 -0.00684544 -0.00680242 -0.0067656 -0.00673478 -0.00670978 -0.00669047 -0.00667675 -0.00666854 -0.00666581 -0.00666854 -0.00667675 -0.00669047 -0.00670978 -0.00673478 -0.0067656 -0.00680242 -0.00684544 -0.00689489 -0.00695108 -0.00701433 -0.00708504 -0.00716367 -0.00725073 -0.00734683 -0.00745265 -0.00756899 -0.00769674 -0.00783691 -0.00799068 -0.00815934 -0.00834436 -0.00854737 -0.00877018 -0.00901479 -0.00928341 -0.00957841 -0.00990241 -0.0102582 -0.0106488 -0.0110773 -0.0115473 -0.0120625 -0.0126266 -0.0132439 -0.0139189 -0.014656 -0.0154602 -0.0163362 -0.0172886 -0.0183215 -0.0194385 -0.0206414 -0.0219307 -0.0233042 -0.0247569 -0.0262807 -0.0278635 -0.0294896 -0.0311389 -0.0327875 -0.0344069 -0.035964 -0.0374206 -0.0387331 -0.0398516 -0.0407203 -0.0412783 -0.0414612 -0.0412041 -0.0404451 -0.0391294 -0.0372125 -0.0346624 -0.0314611 -0.0276049 -0.0231054 -0.0179916 -0.0123138 -0.00614784 0.000402131 0.00720508 0.0141092 0.0209522 0.0275714 0.0338109 0.0395236 0.0445702 0.0488219 0.0521686 0.0545334 0.0558835 0.0562317 0.0556275 0.0541448 0.0518781 0.0489481 0.0455033 0.0417032 0.037696 0.0336137 0.0295874 0.0257566 0.0222521 0.0191654 0.0165386 0.014386 0.0127285 0.0116071 
0 0.00393153 0.00789071 0.0119258 0.0161057 0.0204936 0.0251097 0.0299137 0.034821 0.0397341 0.0445543 0.049165 0.0534165 0.0571417 0.0601918 0.062453 0.0638335 0.0642461 0.0636127 0.0618862 0.0590675 0.0552087 0.0504028 0.0447691 0.0384421 0.0315682 0.024305 0.0168176 0.00927297 0.00183157 -0.00536 -0.0121743 -0.0185053 -0.0242691 -0.0294041 -0.0338703 -0.0376489 -0.0407406 -0.043163 -0.0449481 -0.0461386 -0.0467845 -0.046941 -0.046666 -0.0460186 -0.0450579 -0.0438413 -0.0424238 -0.0408564 -0.0391853 -0.0374511 -0.0356883 -0.0339258 -0.0321869 -0.03049 -0.0288492 -0.0272752 -0.0257758 -0.0243564 -0.0230203 -0.021769 -0.0206027 -0.0195202 -0.0185191 -0.0175964 -0.016748 -0.0159697 -0.0152566 -0.0146041 -0.0140073 -0.0134615 -0.0129623 -0.0125057 -0.0120878 -0.0117052 -0.0113548 -0.0110338 -0.0107398 -0.0104704 -0.0102236 -0.00999771 -0.00979106 -0.00960218 -0.00942976 -0.00927261 -0.00912963 -0.00899988 -0.00888245 -0.00877657 -0.00868153 -0.00859669 -0.0085215 -0.00845546 -0.00839814 -0.00834919 -0.00830827 -0.00827514 -0.00824959 -0.00823145 -0.00822061 -0.008217 -0.00822061 -0.00823145 -0.00824959 -0.00827514 -0.00830827 -0.00834919 -0.00839814 -0.00845546 -0.0085215 -0.00859669 -0.00868153 -0.00877657 -0.00888245 -0.00899988 -0.00912963 -0.00927261 -0.00942976 -0.00960218 -0.00979106 -0.00999771 -0.0102236 -0.0104704 -0.0107398 -0.0110338 -0.0113548 -0.0117052 -0.0120878 -0.0125057 -0.0129623 -0.0134615 -0.0140073 -0.0146041 -0.0152566 -0.0159697 -0.016748 -0.0175964 -0.0185191 -0.0195202 -0.0206027 -0.021769 -0.0230203 -0.0243564 -0.0257758 -0.0272752 -0.0288492 -0.03049 -0.0321869 -0.0339258 -0.0356883 -0.0374511 -0.0391853 -0.0408564 -0.0424238 -0.0438413 -0.0450579 -0.0460186 -0.046666 -0.046941 -0.0467845 -0.0461386 -0.0449481 -0.043163 -0.0407406 -0.0376489 -0.0338703 -0.0294041 -0.0242691 -0.0185053 -0.0121743 -0.00536 0.00183157 0.00927297 0.0168176 0.024305 0.0315682 0.0384421 0.0447691 0.0504028 0.0552087 0.0590675 0.0618864 0.0636133 0.0642478 0.063838 0.0624642 0.0602179 0.0571985 0.0535327 0.0493885 0.0449589 0.0404244 0.0359341 0.0316168 0.0275978 0.0239934 0.0208919 0.0183489 0.0164046 0.0151012 
0 0.00478317 0.00958497 0.0144497 0.0194399 0.0245978 0.0299137 0.0353305 0.0407728 0.0461593 0.0513837 0.0562951 0.0607155 0.064483 0.0674731 0.0695842 0.0707195 0.070795 0.0697611 0.0676114 0.0643763 0.0601148 0.0549113 0.0488752 0.0421433 0.0348745 0.0272389 0.0194036 0.0115246 0.00374329 -0.00381248 -0.0110263 -0.0177936 -0.0240252 -0.0296512 -0.0346245 -0.0389208 -0.0425369 -0.0454861 -0.047794 -0.0494944 -0.0506274 -0.0512377 -0.0513744 -0.0510896 -0.0504382 -0.0494759 -0.0482577 -0.0468361 -0.0452597 -0.0435723 -0.0418122 -0.0400124 -0.0382008 -0.0364006 -0.0346312 -0.032908 -0.0312436 -0.0296475 -0.028127 -0.0266869 -0.0253301 -0.0240576 -0.022869 -0.0217627 -0.020736 -0.0197857 -0.0189077 -0.018098 -0.0173523 -0.0166663 -0.0160355 -0.0154561 -0.0149241 -0.0144358 -0.0139879 -0.013577 -0.0132003 -0.0128551 -0.0125389 -0.0122494 -0.0119845 -0.0117425 -0.0115215 -0.01132 -0.0111367 -0.0109702 -0.0108195 -0.0106835 -0.0105613 -0.0104522 -0.0103554 -0.0102703 -0.0101964 -0.0101333 -0.0100805 -0.0100377 -0.0100047 -0.00998129 -0.00996729 -0.00996263 -0.00996729 -0.00998129 -0.0100047 -0.0100377 -0.0100805 -0.0101333 -0.0101964 -0.0102703 -0.0103554 -0.0104522 -0.0105613 -0.0106835 -0.0108195 -0.0109702 -0.0111367 -0.01132 -0.0115215 -0.0117425 -0.0119845 -0.0122494 -0.0125389 -0.0128551 -0.0132003 -0.013577 -0.0139879 -0.0144358 -0.0149241 -0.0154561 -0.0160355 -0.0166663 -0.0173523 -0.018098 -0.0189077 -0.0197857 -0.020736 -0.0217627 -0.022869 -0.0240576 -0.0253301 -0.0266869 -0.028127 -0.0296475 -0.0312436 -0.032908 -0.0346312 -0.0364006 -0.0382008 -0.0400124 -0.0418122 -0.0435723 -0.0452597 -0.0468361 -0.0482577 -0.0494759 -0.0504382 -0.0510896 -0.0513744 -0.0512377 -0.0506274 -0.0494944 -0.047794 -0.0454861 -0.0425369 -0.0389208 -0.0346245 -0.0296512 -0.0240252 -0.0177936 -0.0110263 -0.00381248 0.00374329 0.0115246 0.0194036 0.0272389 0.0348745 0.0421433 0.0488752 0.0549113 0.0601149 0.0643764 0.0676119 0.0697626 0.070799 0.0707295 0.0696076 0.0675246 0.0645893 0.060922 0.0566727 0.0520343 0.0472182 0.0424071 0.0377366 0.0333202 0.0292817 0.0257549 0.0228567 0.0206648 0.019218 
0 0.00566121 0.0113522 0.017106 0.0229451 0.0288624 0.034821 0.0407728 0.046662 0.0524013 0.0578515 0.0628411 0.0672131 0.0708441 0.0736229 0.0754339 0.076178 0.0758051 0.074316 0.0717419 0.0681292 0.0635398 0.0580578 0.0517952 0.0448907 0.0374982 0.0297728 0.0218626 0.0139066 0.00603299 -0.00163986 -0.00900439 -0.0159671 -0.0224506 -0.0283938 -0.0337523 -0.0384967 -0.0426109 -0.0460918 -0.0489482 -0.0511997 -0.052876 -0.0540146 -0.0546586 -0.0548549 -0.0546517 -0.0540971 -0.0532387 -0.0521225 -0.0507931 -0.0492928 -0.0476616 -0.0459369 -0.0441526 -0.0423389 -0.0405217 -0.0387229 -0.0369603 -0.0352476 -0.0335954 -0.0320112 -0.0305 -0.0290651 -0.0277082 -0.0264296 -0.025229 -0.024105 -0.0230558 -0.0220791 -0.0211721 -0.0203317 -0.0195546 -0.0188373 -0.0181762 -0.0175677 -0.0170082 -0.0164942 -0.0160223 -0.0155895 -0.0151926 -0.0148289 -0.0144959 -0.0141912 -0.0139127 -0.0136586 -0.013427 -0.0132164 -0.0130255 -0.012853 -0.0126979 -0.0125592 -0.012436 -0.0123276 -0.0122334 -0.0121527 -0.0120853 -0.0120306 -0.0119884 -0.0119584 -0.0119405 -0.0119345 -0.0119405 -0.0119584 -0.0119884 -0.0120306 -0.0120853 -0.0121527 -0.0122334 -0.0123276 -0.012436 -0.0125592 -0.0126979 -0.012853 -0.0130255 -0.0132164 -0.013427 -0.0136586 -0.0139127 -0.0141912 -0.0144959 -0.0148289 -0.0151926 -0.0155895 -0.0160223 -0.0164942 -0.0170082 -0.0175677 -0.0181762 -0.0188373 -0.0195546 -0.0203317 -0.0211721 -0.0220791 -0.0230558 -0.024105 -0.025229 -0.0264296 -0.0277082 -0.0290651 -0.0305 -0.0320112 -0.0335954 -0.0352476 -0.0369603 -0.0387229 -0.0405217 -0.0423389 -0.0441526 -0.0459369 -0.0476616 -0.0492928 -0.0507931 -0.0521225 -0.0532387 -0.0540971 -0.0546517 -0.0548549 -0.0546586 -0.0540146 -0.052876 -0.0511997 -0.0489482 -0.0460918 -0.0426109 -0.0384967 -0.0337523 -0.0283938 -0.0224506 -0.0159671 -0.00900439 -0.00163986 0.00603299 0.0139066 0.0218626 0.0297728 0.0374982 0.0448907 0.0517952 0.0580579 0.06354 0.0681297 0.0717432 0.0743195 0.0758138 0.0761987 0.0754799 0.073719 0.0710328 0.0675618 0.0634483 0.0588498 0.0539565 0.0489706 0.0440644 0.0393722 0.0350248 0.0311785 0.027995 0.0255925 0.0240206 
0 0.00657589 0.0131941 0.0198626 0.0265454 0.0331849 0.0397341 0.0461593 0.0524013 0.0583416 0.0638208 0.0686921 0.072845 0.0761762 0.0785669 0.0799097 0.0801503 0.0792876 0.0773466 0.0743655 0.0704041 0.0655474 0.0599015 0.0535874 0.0467308 0.0394543 0.0318796 0.024131 0.0163324 0.00860215 0.00104766 -0.00624045 -0.013189 -0.019738 -0.0258379 -0.0314466 -0.0365283 -0.0410557 -0.0450122 -0.0483925 -0.0512034 -0.0534622 -0.055194 -0.0564299 -0.0572043 -0.0575541 -0.0575179 -0.057135 -0.0564461 -0.055492 -0.0543133 -0.0529499 -0.0514399 -0.0498186 -0.0481189 -0.0463696 -0.0445963 -0.0428209 -0.0410619 -0.0393348 -0.037652 -0.0360236 -0.034457 -0.0329581 -0.0315306 -0.0301769 -0.0288982 -0.0276943 -0.0265643 -0.0255065 -0.0245187 -0.0235983 -0.0227422 -0.0219472 -0.0212103 -0.020528 -0.0198971 -0.0193145 -0.0187771 -0.018282 -0.0178264 -0.0174078 -0.0170237 -0.0166718 -0.01635 -0.0160565 -0.0157893 -0.015547 -0.015328 -0.0151311 -0.014955 -0.0147987 -0.0146612 -0.0145417 -0.0144396 -0.0143542 -0.0142849 -0.0142315 -0.0141936 -0.0141709 -0.0141633 -0.0141709 -0.0141936 -0.0142315 -0.0142849 -0.0143542 -0.0144396 -0.0145417 -0.0146612 -0.0147987 -0.014955 -0.0151311 -0.015328 -0.015547 -0.0157893 -0.0160565 -0.01635 -0.0166718 -0.0170237 -0.0174078 -0.0178264 -0.018282 -0.0187771 -0.0193145 -0.0198971 -0.020528 -0.0212103 -0.0219472 -0.0227422 -0.0235983 -0.0245187 -0.0255065 -0.0265643 -0.0276943 -0.0288982 -0.0301769 -0.0315306 -0.0329581 -0.034457 -0.0360236 -0.037652 -0.0393348 -0.0410619 -0.0428209 -0.0445963 -0.0463696 -0.0481189 -0.0498186 -0.0514399 -0.0529499 -0.0543133 -0.055492 -0.0564461 -0.057135 -0.0575179 -0.0575541 -0.0572043 -0.0564299 -0.055194 -0.0534622 -0.0512034 -0.0483925 -0.0450122 -0.0410557 -0.0365283 -0.0314466 -0.0258379 -0.019738 -0.013189 -0.00624045 0.00104766 0.00860215 0.0163324 0.024131 0.0318796 0.0394543 0.0467308 0.0535875 0.0599016 0.0655477 0.0704052 0.0743685 0.0773541 0.0793057 0.0801909 0.0799955 0.0787373 0.0764948 0.073406 0.0696245 0.0652882 0.06054 0.0555599 0.0505532 0.045711 0.0411988 0.0371784 0.0338156 0.03125 0.0295614 
0 0.00753652 0.0150996 0.0226613 0.0301414 0.0374569 0.0445543 0.0513837 0.0578515 0.0638208 0.0691603 0.0737718 0.0775628 0.0804215 0.0822485 0.0830014 0.0826867 0.0813218 0.0789297 0.0755637 0.071314 0.066292 0.0606151 0.0543971 0.0477408 0.0407437 0.033507 0.0261335 0.0187206 0.0113587 0.00412722 -0.00290657 -0.00968273 -0.0161474 -0.0222536 -0.0279601 -0.0332328 -0.0380457 -0.0423798 -0.0462223 -0.0495669 -0.0524124 -0.0547639 -0.0566333 -0.0580385 -0.059004 -0.0595596 -0.0597387 -0.0595775 -0.0591128 -0.0583811 -0.0574182 -0.0562584 -0.0549345 -0.0534777 -0.0519174 -0.0502815 -0.0485952 -0.0468822 -0.0451631 -0.0434561 -0.0417765 -0.040137 -0.0385474 -0.0370155 -0.0355465 -0.0341443 -0.0328107 -0.0315469 -0.0303525 -0.0292269 -0.0281686 -0.0271757 -0.0262463 -0.0253779 -0.0245681 -0.0238142 -0.0231137 -0.022464 -0.0218624 -0.0213064 -0.0207934 -0.0203211 -0.0198871 -0.0194893 -0.0191255 -0.0187938 -0.0184925 -0.0182199 -0.0179743 -0.0177546 -0.0175594 -0.0173876 -0.0172382 -0.0171104 -0.0170035 -0.0169169 -0.01685 -0.0168025 -0.016774 -0.0167646 -0.016774 -0.0168025 -0.01685 -0.0169169 -0.0170035 -0.0171104 -0.0172382 -0.0173876 -0.0175594 -0.0177546 -0.0179743 -0.0182199 -0.0184925 -0.0187938 -0.0191255 -0.0194893 -0.0198871 -0.0203211 -0.0207934 -0.0213064 -0.0218624 -0.022464 -0.0231137 -0.0238142 -0.0245681 -0.0253779 -0.0262463 -0.0271757 -0.0281686 -0.0292269 -0.0303525 -0.0315469 -0.0328107 -0.0341443 -0.0355465 -0.0370155 -0.0385474 -0.040137 -0.0417765 -0.0434561 -0.0451631 -0.0468822 -0.0485952 -0.0502815 -0.0519174 -0.0534777 -0.0549345 -0.0562584 -0.0574182 -0.0583811 -0.0591128 -0.0595775 -0.0597387 -0.0595596 -0.059004 -0.0580385 -0.0566333 -0.0547639 -0.0524124 -0.0495669 -0.0462223 -0.0423798 -0.0380457 -0.0332328 -0.0279601 -0.0222536 -0.0161474 -0.00968273 -0.00290657 0.00412722 0.0113587 0.0187206 0.0261335 0.033507 0.0407437 0.0477408 0.0543972 0.0606154 0.0662929 0.0713165 0.0755701 0.0789453 0.0813573 0.0827624 0.0831535 0.0825364 0.0809344 0.0784253 0.0751444 0.0712371 0.0668303 0.0620665 0.0571463 0.0523104 0.0477815 0.0437356 0.040318 0.0376623 0.0358861 
0 0.00852867 0.0170252 0.0254245 0.0336371 0.0415777 0.049165 0.0562951 0.0628411 0.0686921 0.0737718 0.078004 0.0812844 0.0835197 0.0846828 0.0848003 0.0838992 0.0820007 0.0791588 0.0754687 0.0710387 0.0659754 0.0603847 0.0543664 0.0480142 0.0414215 0.0346744 0.0278426 0.0209843 0.0141525 0.00739603 0.000765147 -0.0056881 -0.0119167 -0.0178796 -0.0235418 -0.0288758 -0.0338575 -0.0384636 -0.0426735 -0.0464679 -0.0498312 -0.0527543 -0.0552343 -0.0572756 -0.0588901 -0.0600948 -0.0609116 -0.0613655 -0.0614839 -0.0612963 -0.0608328 -0.0601244 -0.0592026 -0.058098 -0.0568411 -0.0554609 -0.0539844 -0.052437 -0.0508415 -0.0492187 -0.0475866 -0.045961 -0.0443554 -0.042781 -0.0412474 -0.039762 -0.0383308 -0.0369581 -0.0356471 -0.0343997 -0.0332168 -0.0320987 -0.0310446 -0.0300535 -0.0291239 -0.0282538 -0.0274411 -0.0266834 -0.0259786 -0.0253239 -0.0247173 -0.0241562 -0.0236384 -0.0231617 -0.0227241 -0.0223237 -0.0219585 -0.021627 -0.0213276 -0.0210588 -0.0208195 -0.0206084 -0.0204244 -0.0202668 -0.0201347 -0.0200276 -0.0199447 -0.0198859 -0.0198507 -0.019839 -0.0198507 -0.0198859 -0.0199447 -0.0200276 -0.0201347 -0.0202668 -0.0204244 -0.0206084 -0.0208195 -0.0210588 -0.0213276 -0.021627 -0.0219585 -0.0223237 -0.0227241 -0.0231617 -0.0236384 -0.0241562 -0.0247173 -0.0253239 -0.0259786 -0.0266834 -0.0274411 -0.0282538 -0.0291239 -0.0300535 -0.0310446 -0.0320987 -0.0332168 -0.0343997 -0.0356471 -0.0369581 -0.0383308 -0.039762 -0.0412474 -0.042781 -0.0443554 -0.045961 -0.0475866 -0.0492187 -0.0508415 -0.052437 -0.0539844 -0.0554609 -0.0568411 -0.058098 -0.0592026 -0.0601244 -0.0608328 -0.0612963 -0.0614839 -0.0613655 -0.0609116 -0.0600948 -0.0588901 -0.0572756 -0.0552343 -0.0527543 -0.0498312 -0.0464679 -0.0426735 -0.0384636 -0.0338575 -0.0288758 -0.0235418 -0.0178796 -0.0119167 -0.0056881 0.000765147 0.00739603 0.0141525 0.0209843 0.0278426 0.0346744 0.0414215 0.0480143 0.0543666 0.0603854 0.0659775 0.0710441 0.075482 0.0791893 0.0820666 0.0840334 0.0850574 0.0851468 0.0843098 0.0825567 0.0799501 0.0766184 0.072709 0.0683639 0.0637592 0.0591351 0.0547507 0.0508119 0.0474591 0.0448159 0.0430244 
0 0.0095062 0.0188953 0.0280693 0.0369482 0.0454414 0.0534165 0.0607155 0.0672131 0.072845 0.0775628 0.0812844 0.083926 0.0854683 0.0859516 0.085416 0.0838932 0.0814551 0.078218 0.0742951 0.0697801 0.0647671 0.0593539 0.0536326 0.0476929 0.0416145 0.035452 0.0292423 0.0230189 0.0168105 0.010645 0.00455475 -0.00143066 -0.00728459 -0.0129778 -0.0184818 -0.0237677 -0.0288036 -0.0335597 -0.0380094 -0.0421279 -0.0458964 -0.0492996 -0.0523251 -0.0549657 -0.0572174 -0.0590803 -0.060561 -0.0616701 -0.0624241 -0.0628446 -0.0629559 -0.0627859 -0.0623631 -0.0617164 -0.0608749 -0.0598655 -0.058715 -0.0574478 -0.0560873 -0.0546553 -0.0531715 -0.0516548 -0.0501217 -0.0485873 -0.047065 -0.0455658 -0.0440998 -0.0426745 -0.0412965 -0.0399705 -0.0387 -0.0374875 -0.036334 -0.0352405 -0.0342064 -0.0332314 -0.0323142 -0.0314536 -0.0306479 -0.0298953 -0.029194 -0.0285421 -0.0279377 -0.0273788 -0.0268639 -0.0263907 -0.025958 -0.0255638 -0.0252069 -0.0248857 -0.0245991 -0.0243458 -0.0241247 -0.023935 -0.0237759 -0.0236466 -0.0235466 -0.0234755 -0.023433 -0.0234188 -0.023433 -0.0234755 -0.0235466 -0.0236466 -0.0237759 -0.023935 -0.0241247 -0.0243458 -0.0245991 -0.0248857 -0.0252069 -0.0255638 -0.025958 -0.0263907 -0.0268639 -0.0273788 -0.0279377 -0.0285421 -0.029194 -0.0298953 -0.0306479 -0.0314536 -0.0323142 -0.0332314 -0.0342064 -0.0352405 -0.036334 -0.0374875 -0.0387 -0.0399705 -0.0412965 -0.0426745 -0.0440998 -0.0455658 -0.047065 -0.0485873 -0.0501217 -0.0516548 -0.0531715 -0.0546553 -0.0560873 -0.0574478 -0.058715 -0.0598655 -0.0608749 -0.0617164 -0.0623631 -0.0627859 -0.0629559 -0.0628446 -0.0624241 -0.0616701 -0.060561 -0.0590803 -0.0572174 -0.0549657 -0.0523251 -0.0492996 -0.0458964 -0.0421279 -0.0380094 -0.0335597 -0.0288036 -0.0237677 -0.0184818 -0.0129778 -0.00728459 -0.00143066 0.00455475 0.010645 0.0168105 0.0230189 0.0292423 0.035452 0.0416146 0.0476931 0.0536332 0.0593556 0.0647716 0.0697913 0.074321 0.0782747 0.081572 0.0841203 0.0858313 0.086668 0.0866365 0.0857341 0.0839564 0.0813649 0.0781055 0.0743553 0.0702903 0.0661124 0.0620595 0.0583587 0.055183 0.052672 0.0509711 
0 0.0104069 0.020622 0.030512 0.0399847 0.0489194 0.0571417 0.064483 0.0708441 0.0761762 0.0804215 0.0835197 0.0854683 0.0863215 0.0861282 0.0849255 0.082801 0.0798999 0.0763552 0.0722627 0.0677188 0.0628295 0.0576849 0.0523612 0.0469258 0.0414225 0.0358774 0.0303191 0.0247702 0.0192408 0.01374 0.00827312 0.00284135 -0.00254417 -0.00786337 -0.0130929 -0.0182012 -0.0231558 -0.0279284 -0.0324898 -0.0368137 -0.0408772 -0.0446557 -0.0481281 -0.0512763 -0.0540839 -0.056542 -0.0586456 -0.0603953 -0.0617987 -0.0628657 -0.0636117 -0.0640552 -0.0642161 -0.0641177 -0.0637832 -0.0632375 -0.062506 -0.0616129 -0.0605832 -0.0594398 -0.0582048 -0.0568992 -0.0555411 -0.0541484 -0.0527356 -0.0513167 -0.0499033 -0.0485056 -0.0471326 -0.0457912 -0.044488 -0.0432275 -0.042014 -0.0408502 -0.0397384 -0.03868 -0.0376758 -0.0367262 -0.0358307 -0.0349892 -0.0342003 -0.0334635 -0.032777 -0.0321397 -0.0315501 -0.0310068 -0.0305082 -0.0300529 -0.0296396 -0.0292667 -0.0289334 -0.0286382 -0.0283804 -0.0281586 -0.0279725 -0.027821 -0.0277039 -0.0276205 -0.0275707 -0.0275539 -0.0275707 -0.0276205 -0.0277039 -0.027821 -0.0279725 -0.0281586 -0.0283804 -0.0286382 -0.0289334 -0.0292667 -0.0296396 -0.0300529 -0.0305082 -0.0310068 -0.0315501 -0.0321397 -0.032777 -0.0334635 -0.0342003 -0.0349892 -0.0358307 -0.0367262 -0.0376758 -0.03868 -0.0397384 -0.0408502 -0.042014 -0.0432275 -0.044488 -0.0457912 -0.0471326 -0.0485056 -0.0499033 -0.0513167 -0.0527356 -0.0541484 -0.0555411 -0.0568992 -0.0582048 -0.0594398 -0.0605832 -0.0616129 -0.062506 -0.0632375 -0.0637832 -0.0641177 -0.0642161 -0.0640552 -0.0636117 -0.0628657 -0.0617987 -0.0603953 -0.0586456 -0.056542 -0.0540839 -0.0512763 -0.0481281 -0.0446557 -0.0408772 -0.0368137 -0.0324898 -0.0279284 -0.0231558 -0.0182012 -0.0130929 -0.00786337 -0.00254417 0.00284135 0.00827312 0.01374 0.0192408 0.0247702 0.0303191 0.0358775 0.0414226 0.0469263 0.0523626 0.0576886 0.0628387 0.0677405 0.0723109 0.0764559 0.080098 0.0831685 0.0855683 0.0871906 0.0879865 0.0879564 0.0870931 0.0854004 0.0829707 0.0799885 0.0766527 0.0731357 0.0696173 0.0663113 0.0634373 0.0611791 0.059674 
0 0.0111788 0.0221264 0.0326608 0.0426299 0.0518656 0.0601918 0.0674731 0.0736229 0.0785669 0.0822485 0.0846828 0.0859516 0.0861282 0.0852583 0.0834349 0.0808198 0.0775647 0.073775 0.0695634 0.0650636 0.0603779 0.0555715 0.0507003 0.0458005 0.0408873 0.0359816 0.0311029 0.026248 0.0214087 0.0165784 0.0117427 0.00689504 0.00204241 -0.00280963 -0.00764806 -0.0124512 -0.0171999 -0.0218674 -0.0264213 -0.0308318 -0.0350651 -0.0390889 -0.042878 -0.0464069 -0.0496569 -0.0526142 -0.0552652 -0.0576037 -0.0596246 -0.0613261 -0.0627131 -0.0637912 -0.0645724 -0.0650723 -0.0653078 -0.0653011 -0.0650732 -0.0646476 -0.0640478 -0.0632952 -0.0624131 -0.0614208 -0.0603386 -0.0591842 -0.0579741 -0.0567243 -0.0554477 -0.054158 -0.0528656 -0.0515811 -0.050313 -0.0490686 -0.047855 -0.0466766 -0.0455387 -0.0444438 -0.0433954 -0.0423947 -0.0414436 -0.0405426 -0.039692 -0.0388921 -0.038142 -0.0374419 -0.0367904 -0.0361873 -0.0356309 -0.0351211 -0.0346561 -0.0342357 -0.0338582 -0.0335233 -0.0332297 -0.032977 -0.0327643 -0.0325912 -0.0324569 -0.0323614 -0.0323041 -0.0322851 -0.0323041 -0.0323614 -0.0324569 -0.0325912 -0.0327643 -0.032977 -0.0332297 -0.0335233 -0.0338582 -0.0342357 -0.0346561 -0.0351211 -0.0356309 -0.0361873 -0.0367904 -0.0374419 -0.038142 -0.0388921 -0.039692 -0.0405426 -0.0414436 -0.0423947 -0.0433954 -0.0444438 -0.0455387 -0.0466766 -0.047855 -0.0490686 -0.050313 -0.0515811 -0.0528656 -0.054158 -0.0554477 -0.0567243 -0.0579741 -0.0591842 -0.0603386 -0.0614208 -0.0624131 -0.0632952 -0.0640478 -0.0646476 -0.0650732 -0.0653011 -0.0653078 -0.0650723 -0.0645724 -0.0637912 -0.0627131 -0.0613261 -0.0596246 -0.0576037 -0.0552652 -0.0526142 -0.0496569 -0.0464069 -0.042878 -0.0390889 -0.0350651 -0.0308318 -0.0264213 -0.0218674 -0.0171999 -0.0124512 -0.00764806 -0.00280963 0.00204241 0.00689504 0.0117427 0.0165784 0.0214087 0.026248 0.031103 0.0359818 0.0408877 0.0458016 0.0507032 0.0555791 0.0603958 0.0651039 0.069649 0.0739458 0.0778862 0.0813903 0.0843912 0.0867774 0.0884258 0.0892851 0.0893643 0.0886739 0.0872513 0.0852246 0.0827836 0.0800966 0.0773026 0.0745795 0.0721625 0.0702711 0.0690357 
0 0.0117941 0.0233454 0.0344088 0.0447432 0.0541397 0.062453 0.0695842 0.0754339 0.0799097 0.0830014 0.0848003 0.085416 0.0849255 0.0834349 0.0811176 0.0781376 0.0746047 0.0706436 0.0664189 0.0620568 0.0576228 0.0531748 0.0487604 0.0443919 0.0400774 0.0358277 0.0316236 0.0274378 0.0232593 0.0190706 0.0148536 0.0106064 0.00632024 0.00198414 -0.00239627 -0.00681552 -0.0112612 -0.0157037 -0.0201162 -0.0244678 -0.0287213 -0.0328494 -0.036822 -0.0406093 -0.0441903 -0.0475395 -0.0506373 -0.0534693 -0.0560197 -0.0582826 -0.0602535 -0.0619313 -0.0633228 -0.064433 -0.0652741 -0.0658591 -0.0662017 -0.0663212 -0.0662331 -0.0659582 -0.0655155 -0.064924 -0.0642049 -0.0633752 -0.0624549 -0.0614601 -0.0604071 -0.0593112 -0.0581844 -0.0570404 -0.0558882 -0.0547387 -0.0535989 -0.0524766 -0.0513779 -0.0503072 -0.0492702 -0.0482688 -0.0473078 -0.0463877 -0.0455119 -0.0446805 -0.0438956 -0.0431569 -0.0424653 -0.0418208 -0.0412232 -0.0406726 -0.0401681 -0.0397102 -0.0392973 -0.0389301 -0.0386069 -0.0383285 -0.0380931 -0.0379018 -0.0377526 -0.0376469 -0.037583 -0.0375622 -0.037583 -0.0376469 -0.0377526 -0.0379018 -0.0380931 -0.0383285 -0.0386069 -0.0389301 -0.0392973 -0.0397102 -0.0401681 -0.0406726 -0.0412232 -0.0418208 -0.0424653 -0.0431569 -0.0438956 -0.0446805 -0.0455119 -0.0463877 -0.0473078 -0.0482688 -0.0492702 -0.0503072 -0.0513779 -0.0524766 -0.0535989 -0.0547387 -0.0558882 -0.0570404 -0.0581844 -0.0593112 -0.0604071 -0.0614601 -0.0624549 -0.0633752 -0.0642049 -0.064924 -0.0655155 -0.0659582 -0.0662331 -0.0663212 -0.0662017 -0.0658591 -0.0652741 -0.064433 -0.0633228 -0.0619313 -0.0602535 -0.0582826 -0.0560197 -0.0534693 -0.0506373 -0.0475395 -0.0441903 -0.0406093 -0.036822 -0.0328494 -0.0287213 -0.0244678 -0.0201162 -0.0157037 -0.0112612 -0.00681552 -0.00239627 0.00198414 0.00632024 0.0106064 0.0148536 0.0190706 0.0232593 0.0274378 0.0316237 0.035828 0.0400783 0.0443942 0.0487664 0.0531894 0.0576562 0.0621286 0.0665644 0.0709215 0.0751054 0.0789895 0.0824901 0.085538 0.0880109 0.0897877 0.0908393 0.0912023 0.0909091 0.0900105 0.0886247 0.0869066 0.0849981 0.0830511 0.0812669 0.0798507 0.0789288 
0 0.0122416 0.0242249 0.0356445 0.0461877 0.0556255 0.0638335 0.0707195 0.076178 0.0801503 0.0826867 0.0838992 0.0838932 0.082801 0.0808198 0.0781376 0.074874 0.0711555 0.067164 0.0630464 0.058872 0.0547084 0.0506326 0.0466705 0.0428211 0.0390906 0.0354534 0.0318634 0.0283033 0.0247545 0.0211829 0.0175746 0.0139151 0.0101767 0.00635529 0.00245224 -0.00153642 -0.00559341 -0.00970173 -0.0138492 -0.018006 -0.0221476 -0.0262486 -0.0302705 -0.0341855 -0.0379624 -0.0415683 -0.044984 -0.0481848 -0.0511545 -0.0538835 -0.0563575 -0.0585742 -0.0605286 -0.0622183 -0.0636493 -0.0648224 -0.0657485 -0.0664372 -0.0669 -0.0671549 -0.0672144 -0.0670988 -0.066824 -0.0664079 -0.0658695 -0.0652229 -0.0644876 -0.0636758 -0.0628039 -0.0618842 -0.0609285 -0.0599495 -0.0589548 -0.0579565 -0.0569595 -0.0559739 -0.0550036 -0.0540557 -0.0531342 -0.0522429 -0.0513862 -0.0505653 -0.0497845 -0.0490432 -0.0483456 -0.0476901 -0.0470801 -0.0465138 -0.0459938 -0.0455183 -0.0450892 -0.0447051 -0.044367 -0.0440741 -0.0438267 -0.0436244 -0.0434672 -0.043355 -0.0432878 -0.0432654 -0.0432878 -0.043355 -0.0434672 -0.0436244 -0.0438267 -0.0440741 -0.044367 -0.0447051 -0.0450892 -0.0455183 -0.0459938 -0.0465138 -0.0470801 -0.0476901 -0.0483456 -0.0490432 -0.0497845 -0.0505653 -0.0513862 -0.0522429 -0.0531342 -0.0540557 -0.0550036 -0.0559739 -0.0569595 -0.0579565 -0.0589548 -0.0599495 -0.0609285 -0.0618842 -0.0628039 -0.0636758 -0.0644876 -0.0652229 -0.0658695 -0.0664079 -0.066824 -0.0670988 -0.0672144 -0.0671549 -0.0669 -0.0664372 -0.0657485 -0.0648224 -0.0636493 -0.0622183 -0.0605286 -0.0585742 -0.0563575 -0.0538835 -0.0511545 -0.0481848 -0.044984 -0.0415683 -0.0379624 -0.0341855 -0.0302705 -0.0262486 -0.0221476 -0.018006 -0.0138492 -0.00970173 -0.00559341 -0.00153642 0.00245224 0.00635529 0.0101767 0.0139151 0.0175746 0.0211829 0.0247545 0.0283033 0.0318637 0.0354541 0.0390925 0.0428259 0.0466823 0.0506599 0.0547679 0.0589943 0.0632838 0.0675983 0.0719061 0.0761016 0.080045 0.0836523 0.0868539 0.0895331 0.0915986 0.0930573 0.0939522 0.0942934 0.0941063 0.0934945 0.0926115 0.0916057 0.0906151 0.0897773 0.0892083 
0 0.0125064 0.024712 0.0362735 0.0468588 0.056231 0.0642461 0.070795 0.0758051 0.0792876 0.0813218 0.0820007 0.0814551 0.0798999 0.0775647 0.0746047 0.0711555 0.067406 0.0635177 0.0595617 0.05561 0.0517698 0.0480894 0.0445619 0.0411977 0.0379861 0.0348749 0.0318401 0.0288658 0.0258987 0.0229032 0.0198633 0.0167415 0.0135222 0.0102113 0.0067931 0.00326806 -0.000351721 -0.00407273 -0.00787966 -0.0117498 -0.0156714 -0.0196097 -0.0235354 -0.0274258 -0.0312421 -0.0349619 -0.03856 -0.0420055 -0.0452845 -0.0483716 -0.0512506 -0.0539123 -0.0563396 -0.0585323 -0.0604841 -0.0621939 -0.0636695 -0.06491 -0.0659285 -0.0667313 -0.0673291 -0.0677373 -0.0679639 -0.0680283 -0.0679404 -0.0677177 -0.0673748 -0.0669245 -0.066385 -0.0657655 -0.0650843 -0.0643495 -0.0635758 -0.0627727 -0.0619494 -0.061117 -0.0602799 -0.0594494 -0.0586273 -0.0578235 -0.0570387 -0.0562804 -0.0555497 -0.0548511 -0.0541868 -0.0535584 -0.0529691 -0.0524183 -0.0519099 -0.0514419 -0.0510185 -0.0506366 -0.0503006 -0.0500069 -0.0497599 -0.0495557 -0.0493986 -0.0492845 -0.0492177 -0.049194 -0.0492177 -0.0492845 -0.0493986 -0.0495557 -0.0497599 -0.0500069 -0.0503006 -0.0506366 -0.0510185 -0.0514419 -0.0519099 -0.0524183 -0.0529691 -0.0535584 -0.0541868 -0.0548511 -0.0555497 -0.0562804 -0.0570387 -0.0578235 -0.0586273 -0.0594494 -0.0602799 -0.061117 -0.0619494 -0.0627727 -0.0635758 -0.0643495 -0.0650843 -0.0657655 -0.066385 -0.0669245 -0.0673748 -0.0677177 -0.0679404 -0.0680283 -0.0679639 -0.0677373 -0.0673291 -0.0667313 -0.0659285 -0.06491 -0.0636695 -0.0621939 -0.0604841 -0.0585323 -0.0563396 -0.0539123 -0.0512506 -0.0483716 -0.0452845 -0.0420055 -0.03856 -0.0349619 -0.0312421 -0.0274258 -0.0235354 -0.0196097 -0.0156714 -0.0117498 -0.00787966 -0.00407273 -0.000351721 0.00326806 0.0067931 0.0102113 0.0135222 0.0167415 0.0198634 0.0229032 0.0258988 0.0288659 0.0318406 0.0348763 0.0379898 0.0412071 0.0445839 0.0481379 0.0518713 0.0558102 0.059934 0.0641716 0.0684925 0.0728687 0.0771824 0.0812935 0.0851319 0.0886405 0.0917235 0.0943179 0.0964283 0.0980527 0.0991633 0.0997927 0.100067 0.100124 0.100041 0.0998739 0.0997143 
0 0.0125601 0.0247556 0.0362356 0.0466934 0.0558832 0.0636127 0.0697611 0.074316 0.0773466 0.0789297 0.0791588 0.078218 0.0763552 0.073775 0.0706436 0.067164 0.0635177 0.0597857 0.0560371 0.0523953 0.0489301 0.0456293 0.0425066 0.039582 0.0368124 0.0341657 0.031636 0.0291644 0.0266925 0.024208 0.0216719 0.0190472 0.0163389 0.0135242 0.0105803 0.00752048 0.00433332 0.00101739 -0.00240051 -0.00592041 -0.00952544 -0.0131862 -0.0168978 -0.0206295 -0.0243541 -0.0280565 -0.031696 -0.0352522 -0.0387008 -0.0420083 -0.0451658 -0.0481474 -0.0509405 -0.0535401 -0.0559282 -0.0581095 -0.0600747 -0.0618238 -0.0633632 -0.0646879 -0.0658126 -0.0667375 -0.0674749 -0.0680363 -0.068428 -0.06867 -0.0687668 -0.0687388 -0.0685945 -0.0683483 -0.0680149 -0.0676019 -0.0671276 -0.0665955 -0.0660236 -0.0654151 -0.0647836 -0.064135 -0.0634769 -0.0628182 -0.0621613 -0.0615169 -0.0608838 -0.0602731 -0.0596816 -0.0591197 -0.0585838 -0.0580824 -0.0576124 -0.05718 -0.0567835 -0.0564267 -0.0561089 -0.0558323 -0.0555969 -0.0554034 -0.0552528 -0.0551446 -0.05508 -0.055058 -0.05508 -0.0551446 -0.0552528 -0.0554034 -0.0555969 -0.0558323 -0.0561089 -0.0564267 -0.0567835 -0.05718 -0.0576124 -0.0580824 -0.0585838 -0.0591197 -0.0596816 -0.0602731 -0.0608838 -0.0615169 -0.0621613 -0.0628182 -0.0634769 -0.064135 -0.0647836 -0.0654151 -0.0660236 -0.0665955 -0.0671276 -0.0676019 -0.0680149 -0.0683483 -0.0685945 -0.0687388 -0.0687668 -0.06867 -0.068428 -0.0680363 -0.0674749 -0.0667375 -0.0658126 -0.0646879 -0.0633632 -0.0618238 -0.0600747 -0.0581095 -0.0559282 -0.0535401 -0.0509405 -0.0481474 -0.0451658 -0.0420083 -0.0387008 -0.0352522 -0.031696 -0.0280565 -0.0243541 -0.0206295 -0.0168978 -0.0131862 -0.00952544 -0.00592041 -0.00240051 0.00101739 0.00433332 0.00752048 0.0105803 0.0135242 0.0163389 0.0190473 0.0216719 0.0242081 0.0266926 0.0291648 0.0316371 0.0341686 0.0368197 0.0395994 0.0425458 0.0457124 0.0490968 0.0527105 0.0566001 0.0607367 0.0650409 0.0694884 0.0740464 0.0785945 0.0830195 0.0872812 0.0913278 0.0950579 0.0983952 0.101308 0.103763 0.105738 0.107285 0.108485 0.109372 0.109948 0.110267 
