0 0 0 0 0 0 0 0 0 0 0 0 0 0 0 0 0 0 0 0 0 0 0 0 0 0 0 0 0 0 0 0 0 0 0 0 0 0 0 0 0 0 0 0 0 0 0 0 0 0 0 0 0 0 0 0 0 0 0 0 0 0 0 0 0 0 0 0 0 0 0 0 0 0 0 0 0 0 0 0 0 0 0 0 0 0 0 0 0 0 0 0 0 0 0 0 0 0 0 0 0 0 0 0 0 0 0 0 0 0 0 0 0 0 0 0 0 0 0 0 0 0 0 0 0 0 0 0 0 0 0 0 0 0 0 0 0 0 0 0 0 0 0 0 0 0 0 0 0 0 0 0 0 0 0 0 0 0 0 0 0 0 0 0 0 0 0 0 0 0 0 0 0 0 0 0 0 0 0 0 0 0 0 0 0 0 0 0 0 0 0 0 0 0 0 0 0 0 0 0 
0 6.26806e-05 0.000135639 0.000227495 0.000343882 0.000487044 0.000657137 0.000855533 0.00108914 0.0013732 0.00172967 0.00218014 0.00273619 0.0033931 0.00413224 0.00493152 0.00577708 0.00666696 0.00760329 0.00857833 0.00956478 0.0105177 0.0113861 0.0121272 0.0127125 0.013126 0.0133559 0.013388 0.0132041 0.0127876 0.0121308 0.0112403 0.0101381 0.00885798 0.00743882 0.00591954 0.00433587 0.00272007 0.00110233 -0.000487533 -0.00201955 -0.00346443 -0.00479554 -0.00599121 -0.00703651 -0.00792401 -0.00865329 -0.0092297 -0.00966254 -0.00996336 -0.0101446 -0.0102187 -0.0101978 -0.0100936 -0.00991762 -0.00968127 -0.00939585 -0.00907245 -0.00872176 -0.0083537 -0.00797722 -0.00759998 -0.00722829 -0.00686703 -0.00651975 -0.00618881 -0.00587557 -0.00558061 -0.00530394 -0.00504518 -0.00480368 -0.00457872 -0.00436948 -0.00417516 -0.003995 -0.00382824 -0.00367419 -0.00353216 -0.00340151 -0.0032816 -0.0031718 -0.00307149 -0.0029801 -0.00289702 -0.0028217 -0.00275361 -0.00269222 -0.00263707 -0.0025877 -0.0025437 -0.00250471 -0.00247039 -0.00244044 -0.0024146 -0.00239265 -0.00237438 -0.00235965 -0.00234832 -0.0023403 -0.00233551 -0.00233392 -0.00233551 -0.0023403 -0.00234832 -0.00235965 -0.00237438 -0.00239265 -0.0024146 -0.00244044 -0.00247039 -0.00250471 -0.0025437 -0.0025877 -0.00263707 -0.00269222 -0.00275361 -0.0028217 -0.00289702 -0.0029801 -0.00307149 -0.0031718 -0.0032816 -0.00340151 -0.00353216 -0.00367419 -0.00382824 -0.003995 -0.00417516 -0.00436948 -0.00457872 -0.00480368 -0.00504518 -0.00530394 -0.00558061 -0.00587557 -0.00618881 -0.00651975 -0.00686703 -0.00722829 -0.00759998 -0.00797722 -0.0083537 -0.00872176 -0.00907245 -0.00939585 -0.00968127 -0.00991762 -0.0100936 -0.0101978 -0.0102187 -0.0101446 -0.00996336 -0.00966254 -0.0092297 -0.00865329 -0.00792401 -0.00703651 -0.00599121 -0.00479554 -0.00346443 -0.00201955 -0.000487533 0.00110233 0.00272007 0.00433587 0.00591954 0.00743882 0.00885798 0.0101381 0.0112403 0.0121308 0.0127876 0.0132041 0.013388 0.0133559 0.013126 0.0127125 0.0121272 0.0113861 0.0105177 0.00956478 0.00857833 0.00760329 0.00666696 0.00577708 0.00493152 0.00413224 0.0033931 0.00273619 0.00218014 0.00172967 0.00137321 0.00108917 0.000855648 0.000657522 0.000488184 0.000346936 0.000235019 0.000152806 9.91254e-05 
0 0.000135639 0.000290236 0.000479675 0.000714704 0.00100105 0.00134256 0.00174704 0.0022321 0.00282715 0.00356804 0.00448556 0.00559326 0.00688273 0.0083299 0.009908 0.0115975 0.013385 0.0152525 0.0171648 0.0190653 0.0208824 0.0225406 0.023971 0.0251153 0.025925 0.0263582 0.0263798 0.0259631 0.0250945 0.0237772 0.0220321 0.0198973 0.017424 0.0146735 0.011713 0.00861282 0.00544398 0.00227573 -0.000826343 -0.00380253 -0.0066008 -0.00917825 -0.011502 -0.0135492 -0.0153071 -0.0167718 -0.0179475 -0.018845 -0.0194807 -0.0198751 -0.0200518 -0.0200359 -0.0198536 -0.0195309 -0.0190928 -0.0185628 -0.0179626 -0.0173116 -0.0166271 -0.0159239 -0.0152145 -0.0145093 -0.013817 -0.0131442 -0.0124961 -0.0118765 -0.0112882 -0.0107327 -0.0102108 -0.00972267 -0.00926791 -0.00884565 -0.0084547 -0.00809366 -0.00776097 -0.00745497 -0.007174 -0.00691638 -0.00668048 -0.00646476 -0.00626773 -0.00608801 -0.00592432 -0.00577546 -0.00564037 -0.00551804 -0.0054076 -0.00530823 -0.00521921 -0.00513991 -0.00506975 -0.00500823 -0.00495493 -0.00490946 -0.0048715 -0.0048408 -0.00481713 -0.00480034 -0.00479032 -0.00478698 -0.00479032 -0.00480034 -0.00481713 -0.0048408 -0.0048715 -0.00490946 -0.00495493 -0.00500823 -0.00506975 -0.00513991 -0.00521921 -0.00530823 -0.0054076 -0.00551804 -0.00564037 -0.00577546 -0.00592432 -0.00608801 -0.00626773 -0.00646476 -0.00668048 -0.00691638 -0.007174 -0.00745497 -0.00776097 -0.00809366 -0.0084547 -0.00884565 -0.00926791 -0.00972267 -0.0102108 -0.0107327 -0.0112882 -0.0118765 -0.0124961 -0.0131442 -0.013817 -0.0145093 -0.0152145 -0.0159239 -0.0166271 -0.0173116 -0.0179626 -0.0185628 -0.0190928 -0.0195309 -0.0198536 -0.0200359 -0.0200518 -0.0198751 -0.0194807 -0.018845 -0.0179475 -0.0167718 -0.0153071 -0.0135492 -0.011502 -0.00917825 -0.0066008 -0.00380253 -0.000826343 0.00227573 0.00544398 0.00861282 0.011713 0.0146735 0.017424 0.0198973 0.0220321 0.0237772 0.0250945 0.0259631 0.0263798 0.0263582 0.025925 0.0251153 0.023971 0.0225406 0.0208824 0.0190653 0.0171648 0.0152525 0.013385 0.0115975 0.009908 0.0083299 0.00688273 0.00559326 0.00448556 0.00356805 0.00282717 0.00223222 0.00174745 0.0013438 0.00100446 0.000723318 0.000499842 0.000334209 0.000225201 
0 0.000227495 0.000479675 0.000777602 0.00113709 0.00157047 0.00209159 0.00272173 0.0034925 0.00444254 0.0056082 0.00701342 0.00866513 0.0105567 0.0126754 0.0150052 0.0175227 0.0201879 0.0229415 0.0257089 0.0284099 0.0309645 0.0332923 0.0353082 0.0369228 0.0380482 0.0386091 0.0385531 0.0378553 0.0365164 0.0345578 0.032016 0.02894 0.0253918 0.0214475 0.0171969 0.0127408 0.00818521 0.0036342 -0.000816081 -0.00508203 -0.00909465 -0.0127996 -0.0161559 -0.0191346 -0.0217174 -0.0238961 -0.0256718 -0.027055 -0.0280645 -0.0287263 -0.0290723 -0.0291379 -0.0289606 -0.0285778 -0.0280255 -0.0273371 -0.0265428 -0.0256695 -0.0247407 -0.0237767 -0.0227946 -0.0218093 -0.0208331 -0.0198761 -0.0189469 -0.0180518 -0.017196 -0.016383 -0.0156151 -0.0148936 -0.0142185 -0.0135894 -0.0130051 -0.012464 -0.011964 -0.0115029 -0.0110785 -0.0106884 -0.0103303 -0.010002 -0.00970141 -0.00942648 -0.00917541 -0.00894651 -0.00873823 -0.00854918 -0.00837807 -0.00822378 -0.00808526 -0.00796162 -0.00785204 -0.0077558 -0.00767229 -0.00760097 -0.00754137 -0.00749311 -0.00745589 -0.00742948 -0.0074137 -0.00740845 -0.0074137 -0.00742948 -0.00745589 -0.00749311 -0.00754137 -0.00760097 -0.00767229 -0.0077558 -0.00785204 -0.00796162 -0.00808526 -0.00822378 -0.00837807 -0.00854918 -0.00873823 -0.00894651 -0.00917541 -0.00942648 -0.00970141 -0.010002 -0.0103303 -0.0106884 -0.0110785 -0.0115029 -0.011964 -0.012464 -0.0130051 -0.0135894 -0.0142185 -0.0148936 -0.0156151 -0.016383 -0.017196 -0.0180518 -0.0189469 -0.0198761 -0.0208331 -0.0218093 -0.0227946 -0.0237767 -0.0247407 -0.0256695 -0.0265428 -0.0273371 -0.0280255 -0.0285778 -0.0289606 -0.0291379 -0.0290723 -0.0287263 -0.0280645 -0.027055 -0.0256718 -0.0238961 -0.0217174 -0.0191346 -0.0161559 -0.0127996 -0.00909465 -0.00508203 -0.000816081 0.0036342 0.00818521 0.0127408 0.0171969 0.0214475 0.0253918 0.02894 0.032016 0.0345578 0.0365164 0.0378553 0.0385531 0.0386091 0.0380482 0.0369228 0.0353082 0.0332923 0.0309645 0.0284099 0.0257089 0.0229415 0.0201879 0.0175227 0.0150052 0.0126754 0.0105567 0.00866513 0.00701343 0.00560822 0.00444265 0.0034929 0.00272294 0.00209496 0.00157905 0.00115738 0.000822343 0.000571937 0.000405756 
0 0.000343882 0.000714704 0.00113709 0.0016336 0.00222831 0.00295166 0.00384247 0.00494383 0.00629385 0.00791706 0.00982326 0.0120148 0.0144951 0.0172669 0.0203199 0.0236142 0.0270758 0.0306083 0.034111 0.0374899 0.0406553 0.0435123 0.0459551 0.0478715 0.0491558 0.0497232 0.049519 0.0485198 0.0467298 0.0441762 0.0409051 0.0369812 0.0324869 0.027521 0.0221959 0.016632 0.010952 0.00527454 -0.000289929 -0.00564297 -0.0107 -0.0153915 -0.0196632 -0.0234762 -0.0268068 -0.0296448 -0.0319931 -0.0338656 -0.0352854 -0.0362827 -0.0368929 -0.0371548 -0.0371089 -0.0367963 -0.0362571 -0.0355301 -0.0346517 -0.0336556 -0.0325723 -0.031429 -0.0302496 -0.0290543 -0.0278604 -0.026682 -0.0255303 -0.0244141 -0.02334 -0.0223129 -0.0213357 -0.0204105 -0.019538 -0.0187182 -0.0179503 -0.0172332 -0.0165653 -0.0159448 -0.0153694 -0.0148372 -0.0143459 -0.0138932 -0.0134769 -0.0130948 -0.0127449 -0.0124253 -0.012134 -0.0118692 -0.0116294 -0.0114131 -0.0112188 -0.0110454 -0.0108917 -0.0107568 -0.0106397 -0.0105398 -0.0104563 -0.0103887 -0.0103365 -0.0102995 -0.0102774 -0.0102701 -0.0102774 -0.0102995 -0.0103365 -0.0103887 -0.0104563 -0.0105398 -0.0106397 -0.0107568 -0.0108917 -0.0110454 -0.0112188 -0.0114131 -0.0116294 -0.0118692 -0.012134 -0.0124253 -0.0127449 -0.0130948 -0.0134769 -0.0138932 -0.0143459 -0.0148372 -0.0153694 -0.0159448 -0.0165653 -0.0172332 -0.0179503 -0.0187182 -0.019538 -0.0204105 -0.0213357 -0.0223129 -0.02334 -0.0244141 -0.0255303 -0.026682 -0.0278604 -0.0290543 -0.0302496 -0.031429 -0.0325723 -0.0336556 -0.0346517 -0.0355301 -0.0362571 -0.0367963 -0.0371089 -0.0371548 -0.0368929 -0.0362827 -0.0352854 -0.0338656 -0.0319931 -0.0296448 -0.0268068 -0.0234762 -0.0196632 -0.0153915 -0.0107 -0.00564297 -0.000289929 0.00527454 0.010952 0.016632 0.0221959 0.027521 0.0324869 0.0369812 0.0409051 0.0441762 0.0467298 0.0485198 0.049519 0.0497232 0.0491558 0.0478715 0.0459551 0.0435123 0.0406553 0.0374899 0.034111 0.0306083 0.0270758 0.0236142 0.0203199 0.0172669 0.0144951 0.0120149 0.00982329 0.00791717 0.00629423 0.004945 0.00384572 0.00295998 0.00224811 0.00167756 0.00122839 0.000892456 0.000668797 
0 0.000487044 0.00100105 0.00157047 0.00222831 0.00301568 0.00398243 0.00518153 0.00665806 0.00843971 0.0105366 0.0129516 0.0156924 0.0187714 0.0221903 0.0259206 0.0298947 0.0340169 0.0381806 0.0422787 0.0462018 0.049832 0.0530439 0.0557123 0.0577243 0.0589867 0.0594288 0.0590011 0.0576767 0.0554531 0.0523567 0.0484444 0.0438014 0.0385351 0.0327666 0.0266227 0.0202308 0.0137156 0.0071973 0.000790211 -0.00539916 -0.0112753 -0.0167567 -0.0217791 -0.0262963 -0.0302807 -0.0337212 -0.0366214 -0.0389962 -0.0408692 -0.0422702 -0.0432337 -0.0437973 -0.0440006 -0.0438846 -0.0434908 -0.0428604 -0.0420333 -0.0410474 -0.0399382 -0.0387375 -0.0374741 -0.0361726 -0.0348543 -0.0335366 -0.032234 -0.0309581 -0.0297177 -0.0285198 -0.0273695 -0.0262703 -0.0252247 -0.0242338 -0.0232983 -0.0224179 -0.021592 -0.0208194 -0.0200985 -0.0194278 -0.0188051 -0.0182285 -0.0176957 -0.0172047 -0.0167533 -0.0163393 -0.0159608 -0.0156157 -0.0153023 -0.0150189 -0.0147638 -0.0145356 -0.0143331 -0.0141549 -0.0140001 -0.0138678 -0.0137571 -0.0136674 -0.0135982 -0.0135491 -0.0135197 -0.01351 -0.0135197 -0.0135491 -0.0135982 -0.0136674 -0.0137571 -0.0138678 -0.0140001 -0.0141549 -0.0143331 -0.0145356 -0.0147638 -0.0150189 -0.0153023 -0.0156157 -0.0159608 -0.0163393 -0.0167533 -0.0172047 -0.0176957 -0.0182285 -0.0188051 -0.0194278 -0.0200985 -0.0208194 -0.021592 -0.0224179 -0.0232983 -0.0242338 -0.0252247 -0.0262703 -0.0273695 -0.0285198 -0.0297177 -0.0309581 -0.032234 -0.0335366 -0.0348543 -0.0361726 -0.0374741 -0.0387375 -0.0399382 -0.0410474 -0.0420333 -0.0428604 -0.0434908 -0.0438846 -0.0440006 -0.0437973 -0.0432337 -0.0422702 -0.0408692 -0.0389962 -0.0366214 -0.0337212 -0.0302807 -0.0262963 -0.0217791 -0.0167567 -0.0112753 -0.00539916 0.000790211 0.0071973 0.0137156 0.0202308 0.0266227 0.0327666 0.0385351 0.0438014 0.0484444 0.0523567 0.0554531 0.0576767 0.0590011 0.0594288 0.0589867 0.0577243 0.0557123 0.0530439 0.049832 0.0462018 0.0422787 0.0381806 0.0340169 0.0298947 0.0259206 0.0221903 0.0187714 0.0156924 0.0129517 0.0105369 0.00844081 0.00666114 0.00518947 0.00400146 0.0030582 0.00231723 0.00174473 0.00132167 0.00104191 
0 0.000657137 0.00134256 0.00209159 0.00295166 0.00398243 0.00524841 0.00680583 0.00869113 0.01092 0.0134985 0.0164365 0.0197486 0.0234382 0.0274785 0.0318066 0.0363355 0.0409709 0.0456128 0.0501465 0.0544357 0.0583301 0.061684 0.0643727 0.0662986 0.0673867 0.0675789 0.0668324 0.0651246 0.0624608 0.0588794 0.0544512 0.0492736 0.043462 0.0371415 0.0304414 0.0234908 0.0164171 0.00934297 0.00238455 -0.00435201 -0.0107732 -0.0168005 -0.0223716 -0.0274401 -0.0319756 -0.0359616 -0.0393946 -0.042282 -0.0446408 -0.046496 -0.0478788 -0.0488251 -0.0493744 -0.0495677 -0.0494467 -0.0490525 -0.0484249 -0.0476014 -0.0466172 -0.0455049 -0.0442938 -0.0430106 -0.0416789 -0.0403195 -0.0389505 -0.0375872 -0.0362427 -0.0349275 -0.0336502 -0.0324175 -0.0312344 -0.0301042 -0.0290294 -0.0280111 -0.0270497 -0.0261447 -0.0252954 -0.0245005 -0.0237583 -0.023067 -0.0224248 -0.0218296 -0.0212793 -0.0207721 -0.020306 -0.019879 -0.0194895 -0.0191356 -0.0188159 -0.0185289 -0.0182732 -0.0180477 -0.0178513 -0.017683 -0.0175419 -0.0174275 -0.017339 -0.0172762 -0.0172386 -0.0172261 -0.0172386 -0.0172762 -0.017339 -0.0174275 -0.0175419 -0.017683 -0.0178513 -0.0180477 -0.0182732 -0.0185289 -0.0188159 -0.0191356 -0.0194895 -0.019879 -0.020306 -0.0207721 -0.0212793 -0.0218296 -0.0224248 -0.023067 -0.0237583 -0.0245005 -0.0252954 -0.0261447 -0.0270497 -0.0280111 -0.0290294 -0.0301042 -0.0312344 -0.0324175 -0.0336502 -0.0349275 -0.0362427 -0.0375872 -0.0389505 -0.0403195 -0.0416789 -0.0430106 -0.0442938 -0.0455049 -0.0466172 -0.0476014 -0.0484249 -0.0490525 -0.0494467 -0.0495677 -0.0493744 -0.0488251 -0.0478788 -0.046496 -0.0446408 -0.042282 -0.0393946 -0.0359616 -0.0319756 -0.0274401 -0.0223716 -0.0168005 -0.0107732 -0.00435201 0.00238455 0.00934297 0.0164171 0.0234908 0.0304414 0.0371415 0.043462 0.0492736 0.0544512 0.0588794 0.0624608 0.0651246 0.0668324 0.0675789 0.0673867 0.0662986 0.0643727 0.061684 0.0583301 0.0544357 0.0501465 0.0456128 0.0409709 0.0363355 0.0318066 0.0274786 0.0234382 0.0197486 0.0164369 0.0134996 0.0109229 0.00869861 0.00682386 0.005289 0.00406792 0.0031204 0.00240422 0.00188718 0.00155141 
0 0.000855533 0.00174704 0.00272173 0.00384247 0.00518153 0.00680583 0.00876292 0.0110782 0.0137656 0.0168417 0.0203257 0.0242221 0.0285008 0.0330946 0.0379172 0.0428818 0.0478998 0.0528633 0.0576345 0.0620562 0.0659737 0.0692524 0.071782 0.0734734 0.0742553 0.0740764 0.0729105 0.0707615 0.0676632 0.0636743 0.0588736 0.0533545 0.0472232 0.0405967 0.0336004 0.0263643 0.0190168 0.0116797 0.00446266 -0.00253841 -0.00924229 -0.0155814 -0.0215003 -0.0269549 -0.0319116 -0.0363475 -0.0402506 -0.0436197 -0.0464639 -0.0488013 -0.0506577 -0.0520641 -0.0530557 -0.0536692 -0.0539423 -0.0539122 -0.0536152 -0.0530862 -0.0523585 -0.0514637 -0.0504314 -0.0492893 -0.0480629 -0.0467753 -0.0454475 -0.044098 -0.042743 -0.0413961 -0.040069 -0.0387712 -0.0375103 -0.0362922 -0.0351215 -0.0340013 -0.0329337 -0.0319201 -0.0309609 -0.0300561 -0.0292052 -0.0284073 -0.0276613 -0.0269658 -0.0263193 -0.0257203 -0.0251673 -0.0246585 -0.0241925 -0.0237677 -0.0233826 -0.0230359 -0.0227262 -0.0224524 -0.0222134 -0.0220083 -0.0218361 -0.0216963 -0.0215881 -0.0215112 -0.0214651 -0.0214498 -0.0214651 -0.0215112 -0.0215881 -0.0216963 -0.0218361 -0.0220083 -0.0222134 -0.0224524 -0.0227262 -0.0230359 -0.0233826 -0.0237677 -0.0241925 -0.0246585 -0.0251673 -0.0257203 -0.0263193 -0.0269658 -0.0276613 -0.0284073 -0.0292052 -0.0300561 -0.0309609 -0.0319201 -0.0329337 -0.0340013 -0.0351215 -0.0362922 -0.0375103 -0.0387712 -0.040069 -0.0413961 -0.042743 -0.044098 -0.0454475 -0.0467753 -0.0480629 -0.0492893 -0.0504314 -0.0514637 -0.0523585 -0.0530862 -0.0536152 -0.0539122 -0.0539423 -0.0536692 -0.0530557 -0.0520641 -0.0506577 -0.0488013 -0.0464639 -0.0436197 -0.0402506 -0.0363475 -0.0319116 -0.0269549 -0.0215003 -0.0155814 -0.00924229 -0.00253841 0.00446266 0.0116797 0.0190168 0.0263643 0.0336004 0.0405967 0.0472232 0.0533545 0.0588736 0.0636743 0.0676632 0.0707615 0.0729105 0.0740764 0.0742553 0.0734734 0.071782 0.0692524 0.0659737 0.0620562 0.0576345 0.0528633 0.0478998 0.0428818 0.0379172 0.0330946 0.0285009 0.0242224 0.0203266 0.0168444 0.0137726 0.011095 0.00880116 0.00688699 0.00534299 0.00414392 0.00325074 0.00262168 0.00222293 
0 0.00108914 0.0022321 0.0034925 0.00494383 0.00665806 0.00869113 0.0110782 0.013843 0.0170118 0.0206125 0.0246556 0.0291115 0.0339094 0.0389597 0.0441757 0.0494706 0.0547368 0.0598361 0.0646145 0.0689257 0.0726423 0.0756521 0.0778534 0.0791575 0.0794994 0.0788474 0.077207 0.0746147 0.0711282 0.066818 0.0617642 0.0560564 0.0497953 0.0430917 0.0360628 0.028827 0.0214977 0.0141798 0.00696674 -5.91509e-05 -0.00682649 -0.013274 -0.01935 -0.0250127 -0.0302296 -0.0349782 -0.0392452 -0.0430257 -0.0463226 -0.0491456 -0.0515096 -0.0534345 -0.0549439 -0.0560645 -0.0568254 -0.0572574 -0.0573924 -0.0572627 -0.0569 -0.0563355 -0.0555988 -0.0547177 -0.0537184 -0.0526246 -0.051458 -0.0502382 -0.0489824 -0.0477063 -0.0464231 -0.0451449 -0.0438815 -0.0426417 -0.0414327 -0.0402602 -0.0391291 -0.0380432 -0.037005 -0.0360167 -0.0350795 -0.034194 -0.0333604 -0.0325786 -0.0318478 -0.0311673 -0.0305361 -0.0299531 -0.0294171 -0.0289268 -0.0284811 -0.0280786 -0.0277182 -0.0273989 -0.0271196 -0.0268795 -0.0266777 -0.0265135 -0.0263864 -0.026296 -0.0262418 -0.0262238 -0.0262418 -0.026296 -0.0263864 -0.0265135 -0.0266777 -0.0268795 -0.0271196 -0.0273989 -0.0277182 -0.0280786 -0.0284811 -0.0289268 -0.0294171 -0.0299531 -0.0305361 -0.0311673 -0.0318478 -0.0325786 -0.0333604 -0.034194 -0.0350795 -0.0360167 -0.037005 -0.0380432 -0.0391291 -0.0402602 -0.0414327 -0.0426417 -0.0438815 -0.0451449 -0.0464231 -0.0477063 -0.0489824 -0.0502382 -0.051458 -0.0526246 -0.0537184 -0.0547177 -0.0555988 -0.0563355 -0.0569 -0.0572627 -0.0573924 -0.0572574 -0.0568254 -0.0560645 -0.0549439 -0.0534345 -0.0515096 -0.0491456 -0.0463226 -0.0430257 -0.0392452 -0.0349782 -0.0302296 -0.0250127 -0.01935 -0.013274 -0.00682649 -5.91509e-05 0.00696674 0.0141798 0.0214977 0.028827 0.0360628 0.0430917 0.0497953 0.0560564 0.0617642 0.066818 0.0711282 0.0746147 0.077207 0.0788474 0.0794994 0.0791575 0.0778534 0.0756521 0.0726423 0.0689257 0.0646145 0.0598361 0.0547368 0.0494706 0.0441758 0.0389598 0.0339096 0.0291124 0.0246581 0.0206189 0.0170273 0.0138786 0.0111542 0.00884378 0.00694548 0.00545239 0.00433986 0.00356628 0.00308481 
0 0.0013732 0.00282715 0.00444254 0.00629385 0.00843971 0.01092 0.0137656 0.0170118 0.020697 0.0248411 0.0294202 0.034365 0.0395858 0.0449963 0.0505081 0.0560073 0.0613476 0.0663728 0.0709447 0.0749487 0.0782804 0.0808384 0.0825303 0.0832883 0.0830786 0.0819038 0.0797953 0.0768035 0.0729928 0.0684398 0.0632326 0.0574686 0.0512501 0.0446794 0.0378542 0.0308659 0.0237999 0.0167362 0.00975037 0.00291263 -0.00371346 -0.0100727 -0.0161195 -0.021818 -0.0271414 -0.0320706 -0.0365924 -0.0406985 -0.0443846 -0.0476501 -0.0504987 -0.052938 -0.0549801 -0.0566411 -0.0579411 -0.0589032 -0.0595528 -0.0599167 -0.0600224 -0.0598972 -0.0595681 -0.0590607 -0.0583996 -0.0576082 -0.0567079 -0.0557191 -0.0546604 -0.0535489 -0.0524001 -0.0512281 -0.0500455 -0.0488633 -0.0476911 -0.0465375 -0.0454093 -0.0443126 -0.0432522 -0.042232 -0.041255 -0.0403236 -0.0394393 -0.0386033 -0.0378161 -0.0370782 -0.0363894 -0.0357495 -0.035158 -0.0346142 -0.0341176 -0.0336674 -0.0332629 -0.0329033 -0.0325878 -0.0323159 -0.0320869 -0.0319003 -0.0317556 -0.0316526 -0.0315908 -0.0315703 -0.0315908 -0.0316526 -0.0317556 -0.0319003 -0.0320869 -0.0323159 -0.0325878 -0.0329033 -0.0332629 -0.0336674 -0.0341176 -0.0346142 -0.035158 -0.0357495 -0.0363894 -0.0370782 -0.0378161 -0.0386033 -0.0394393 -0.0403236 -0.041255 -0.042232 -0.0432522 -0.0443126 -0.0454093 -0.0465375 -0.0476911 -0.0488633 -0.0500455 -0.0512281 -0.0524001 -0.0535489 -0.0546604 -0.0557191 -0.0567079 -0.0576082 -0.0583996 -0.0590607 -0.0595681 -0.0598972 -0.0600224 -0.0599167 -0.0595528 -0.0589032 -0.0579411 -0.0566411 -0.0549801 -0.052938 -0.0504987 -0.0476501 -0.0443846 -0.0406985 -0.0365924 -0.0320706 -0.0271414 -0.021818 -0.0161195 -0.0100727 -0.00371346 0.00291263 0.00975037 0.0167362 0.0237999 0.0308659 0.0378542 0.0446794 0.0512501 0.0574686 0.0632326 0.0684398 0.0729928 0.0768035 0.0797953 0.0819038 0.0830786 0.0832883 0.0825303 0.0808384 0.0782804 0.0749487 0.0709447 0.0663728 0.0613476 0.0560073 0.0505081 0.0449966 0.0395866 0.0343672 0.029426 0.0248553 0.0207296 0.0170822 0.0139082 0.011191 0.00892351 0.00710693 0.00573301 0.00477126 0.00417393 
0 0.00172967 0.00356804 0.0056082 0.00791706 0.0105366 0.0134985 0.0168417 0.0206125 0.0248411 0.0295125 0.0345628 0.0399057 0.0454582 0.0511333 0.0568124 0.0623399 0.0675531 0.0723156 0.0765178 0.0800579 0.0828353 0.0847641 0.0857892 0.0858897 0.0850733 0.0833675 0.0808132 0.0774652 0.0733956 0.0686925 0.063454 0.0577798 0.0517636 0.045489 0.0390301 0.0324541 0.0258237 0.0191986 0.0126355 0.00618631 -0.000102604 -0.0061912 -0.0120455 -0.0176367 -0.0229401 -0.0279348 -0.032603 -0.0369302 -0.0409056 -0.0445222 -0.0477769 -0.0506706 -0.0532075 -0.0553955 -0.0572451 -0.0587695 -0.059984 -0.0609061 -0.0615547 -0.06195 -0.0621135 -0.0620671 -0.0618331 -0.0614336 -0.0608902 -0.0602239 -0.0594544 -0.0586002 -0.0576786 -0.0567051 -0.0556942 -0.0546584 -0.0536091 -0.0525565 -0.0515092 -0.050475 -0.0494605 -0.0484712 -0.0475119 -0.0465868 -0.0456989 -0.0448511 -0.0440455 -0.0432838 -0.0425671 -0.0418965 -0.0412724 -0.0406954 -0.0401655 -0.0396827 -0.039247 -0.0388582 -0.038516 -0.0382202 -0.0379704 -0.0377665 -0.0376081 -0.0374952 -0.0374275 -0.0374049 -0.0374275 -0.0374952 -0.0376081 -0.0377665 -0.0379704 -0.0382202 -0.038516 -0.0388582 -0.039247 -0.0396827 -0.0401655 -0.0406954 -0.0412724 -0.0418965 -0.0425671 -0.0432838 -0.0440455 -0.0448511 -0.0456989 -0.0465868 -0.0475119 -0.0484712 -0.0494605 -0.050475 -0.0515092 -0.0525565 -0.0536091 -0.0546584 -0.0556942 -0.0567051 -0.0576786 -0.0586002 -0.0594544 -0.0602239 -0.0608902 -0.0614336 -0.0618331 -0.0620671 -0.0621135 -0.06195 -0.0615547 -0.0609061 -0.059984 -0.0587695 -0.0572451 -0.0553955 -0.0532075 -0.0506706 -0.0477769 -0.0445222 -0.0409056 -0.0369302 -0.032603 -0.0279348 -0.0229401 -0.0176367 -0.0120455 -0.0061912 -0.000102604 0.00618631 0.0126355 0.0191986 0.0258237 0.0324541 0.0390301 0.045489 0.0517636 0.0577798 0.063454 0.0686925 0.0733956 0.0774652 0.0808132 0.0833675 0.0850733 0.0858897 0.0857892 0.0847641 0.0828353 0.0800579 0.0765178 0.0723156 0.0675531 0.0623399 0.0568126 0.0511339 0.0454601 0.0399108 0.0345755 0.029542 0.0249055 0.0207441 0.0170943 0.0139539 0.0113092 0.00915422 0.00748701 0.00629339 0.00554153 
0 0.00218014 0.00448556 0.00701342 0.00982326 0.0129516 0.0164365 0.0203257 0.0246556 0.0294202 0.0345628 0.0400023 0.0456606 0.0514552 0.0572669 0.0629346 0.0682912 0.0732004 0.0775534 0.0812432 0.0841631 0.0862307 0.087406 0.0876855 0.0870887 0.0856484 0.0834075 0.0804218 0.0767645 0.0725232 0.0677908 0.0626575 0.0572066 0.0515119 0.0456395 0.0396497 0.0335959 0.0275251 0.0214764 0.0154819 0.00956816 0.00375903 -0.00192256 -0.00745294 -0.0128076 -0.0179621 -0.0228932 -0.0275801 -0.0320056 -0.0361556 -0.0400194 -0.0435892 -0.0468596 -0.0498273 -0.0524908 -0.0548512 -0.0569117 -0.0586781 -0.060159 -0.0613654 -0.0623109 -0.063011 -0.063483 -0.0637453 -0.0638168 -0.0637169 -0.0634645 -0.0630782 -0.0625762 -0.0619753 -0.0612917 -0.0605403 -0.0597352 -0.058889 -0.0580135 -0.0571193 -0.0562159 -0.0553119 -0.0544149 -0.0535315 -0.0526675 -0.051828 -0.0510172 -0.050239 -0.0494963 -0.0487916 -0.0481272 -0.0475047 -0.0469254 -0.0463904 -0.0459006 -0.0454565 -0.0450585 -0.044707 -0.0444022 -0.0441442 -0.043933 -0.0437688 -0.0436515 -0.0435811 -0.0435576 -0.0435811 -0.0436515 -0.0437688 -0.043933 -0.0441442 -0.0444022 -0.044707 -0.0450585 -0.0454565 -0.0459006 -0.0463904 -0.0469254 -0.0475047 -0.0481272 -0.0487916 -0.0494963 -0.050239 -0.0510172 -0.051828 -0.0526675 -0.0535315 -0.0544149 -0.0553119 -0.0562159 -0.0571193 -0.0580135 -0.058889 -0.0597352 -0.0605403 -0.0612917 -0.0619753 -0.0625762 -0.0630782 -0.0634645 -0.0637169 -0.0638168 -0.0637453 -0.063483 -0.063011 -0.0623109 -0.0613654 -0.060159 -0.0586781 -0.0569117 -0.0548512 -0.0524908 -0.0498273 -0.0468596 -0.0435892 -0.0400194 -0.0361556 -0.0320056 -0.0275801 -0.0228932 -0.0179621 -0.0128076 -0.00745294 -0.00192256 0.00375903 0.00956816 0.0154819 0.0214764 0.0275251 0.0335959 0.0396497 0.0456395 0.0515119 0.0572066 0.0626575 0.0677908 0.0725232 0.0767645 0.0804218 0.0834075 0.0856484 0.0870887 0.0876855 0.087406 0.0862307 0.0841631 0.0812432 0.0775534 0.0732004 0.0682913 0.0629352 0.0572686 0.0514596 0.0456718 0.0400286 0.0346208 0.0295402 0.0248883 0.0207497 0.0171634 0.014127 0.0116241 0.00964596 0.00819083 0.00725501 
0 0.00273619 0.00559326 0.00866513 0.0120148 0.0156924 0.0197486 0.0242221 0.0291115 0.034365 0.0399057 0.0456606 0.0515531 0.0574673 0.0632404 0.0687033 0.0737216 0.0781876 0.0819885 0.0850088 0.0871667 0.0884326 0.0888139 0.0883358 0.087037 0.0849716 0.0822099 0.0788386 0.0749523 0.070641 0.0659847 0.0610547 0.0559153 0.0506256 0.0452405 0.0398068 0.0343608 0.0289284 0.0235262 0.0181648 0.0128533 0.00760158 0.00242161 -0.00267179 -0.00766235 -0.0125328 -0.0172654 -0.0218426 -0.0262471 -0.0304615 -0.0344696 -0.0382557 -0.0418063 -0.0451096 -0.0481566 -0.0509415 -0.0534611 -0.0557155 -0.0577074 -0.0594418 -0.0609263 -0.0621699 -0.0631834 -0.0639791 -0.0645703 -0.0649713 -0.0651971 -0.0652632 -0.0651854 -0.0649794 -0.0646609 -0.0642449 -0.063746 -0.0631781 -0.0625543 -0.0618865 -0.0611858 -0.0604626 -0.0597259 -0.0589841 -0.0582444 -0.0575134 -0.0567968 -0.0560998 -0.0554266 -0.054781 -0.0541664 -0.0535855 -0.0530407 -0.0525339 -0.0520669 -0.0516411 -0.0512576 -0.0509174 -0.0506212 -0.0503697 -0.0501633 -0.0500024 -0.0498873 -0.0498182 -0.0497951 -0.0498182 -0.0498873 -0.0500024 -0.0501633 -0.0503697 -0.0506212 -0.0509174 -0.0512576 -0.0516411 -0.0520669 -0.0525339 -0.0530407 -0.0535855 -0.0541664 -0.054781 -0.0554266 -0.0560998 -0.0567968 -0.0575134 -0.0582444 -0.0589841 -0.0597259 -0.0604626 -0.0611858 -0.0618865 -0.0625543 -0.0631781 -0.063746 -0.0642449 -0.0646609 -0.0649794 -0.0651854 -0.0652632 -0.0651971 -0.0649713 -0.0645703 -0.0639791 -0.0631834 -0.0621699 -0.0609263 -0.0594418 -0.0577074 -0.0557155 -0.0534611 -0.0509415 -0.0481566 -0.0451096 -0.0418063 -0.0382557 -0.0344696 -0.0304615 -0.0262471 -0.0218426 -0.0172654 -0.0125328 -0.00766235 -0.00267179 0.00242161 0.00760158 0.0128533 0.0181648 0.0235262 0.0289284 0.0343608 0.0398068 0.0452405 0.0506256 0.0559153 0.0610547 0.0659847 0.070641 0.0749523 0.0788386 0.0822099 0.0849716 0.087037 0.0883358 0.0888139 0.0884326 0.0871667 0.0850088 0.0819885 0.0781877 0.0737221 0.0687048 0.0632443 0.057477 0.0515762 0.0457123 0.0400137 0.0345769 0.029502 0.024899 0.0208548 0.0174041 0.0145386 0.0122423 0.0105192 0.009393 
0 0.0033931 0.00688273 0.0105567 0.0144951 0.0187714 0.0234382 0.0285008 0.0339094 0.0395858 0.0454582 0.0514552 0.0574673 0.0633336 0.068884 0.0739863 0.0785352 0.0824149 0.0855034 0.0877197 0.0890439 0.0894886 0.0890764 0.0878466 0.0858651 0.0832195 0.0800124 0.0763494 0.0723249 0.0680178 0.0634983 0.0588293 0.0540653 0.0492525 0.0444259 0.039607 0.034808 0.0300348 0.0252895 0.020574 0.0158902 0.0112394 0.00662335 0.00204452 -0.00249346 -0.00698349 -0.0114151 -0.0157739 -0.0200418 -0.0241989 -0.0282244 -0.0320979 -0.0358013 -0.0393182 -0.0426353 -0.0457419 -0.0486298 -0.0512931 -0.0537283 -0.0559337 -0.05791 -0.0596595 -0.061187 -0.0624988 -0.0636031 -0.0645097 -0.0652297 -0.0657755 -0.06616 -0.0663968 -0.0664997 -0.0664824 -0.0663587 -0.0661416 -0.0658441 -0.0654781 -0.0650554 -0.0645864 -0.0640814 -0.0635494 -0.0629991 -0.0624381 -0.0618735 -0.0613117 -0.0607583 -0.0602184 -0.0596966 -0.0591969 -0.0587226 -0.058277 -0.0578626 -0.0574818 -0.0571364 -0.0568282 -0.0565585 -0.0563285 -0.0561391 -0.0559911 -0.055885 -0.0558212 -0.0557999 -0.0558212 -0.055885 -0.0559911 -0.0561391 -0.0563285 -0.0565585 -0.0568282 -0.0571364 -0.0574818 -0.0578626 -0.058277 -0.0587226 -0.0591969 -0.0596966 -0.0602184 -0.0607583 -0.0613117 -0.0618735 -0.0624381 -0.0629991 -0.0635494 -0.0640814 -0.0645864 -0.0650554 -0.0654781 -0.0658441 -0.0661416 -0.0663587 -0.0664824 -0.0664997 -0.0663968 -0.06616 -0.0657755 -0.0652297 -0.0645097 -0.0636031 -0.0624988 -0.061187 -0.0596595 -0.05791 -0.0559337 -0.0537283 -0.0512931 -0.0486298 -0.0457419 -0.0426353 -0.0393182 -0.0358013 -0.0320979 -0.0282244 -0.0241989 -0.0200418 -0.0157739 -0.0114151 -0.00698349 -0.00249346 0.00204452 0.00662335 0.0112394 0.0158902 0.020574 0.0252895 0.0300348 0.034808 0.039607 0.0444259 0.0492525 0.0540653 0.0588293 0.0634983 0.0680178 0.0723249 0.0763494 0.0800124 0.0832195 0.0858651 0.0878466 0.0890764 0.0894887 0.0890439 0.0877198 0.0855035 0.0824153 0.0785364 0.0739895 0.0688924 0.0633537 0.0575127 0.0515512 0.0456488 0.0399414 0.0345331 0.029532 0.025051 0.0211719 0.0179244 0.0153077 0.0133316 0.0120346 
0 0.00413224 0.0083299 0.0126754 0.0172669 0.0221903 0.0274785 0.0330946 0.0389597 0.0449963 0.0511333 0.0572669 0.0632404 0.068884 0.0740663 0.0786858 0.0826262 0.0857614 0.0880127 0.0893696 0.0898495 0.0894696 0.0882683 0.086323 0.0837359 0.0806177 0.0770795 0.0732213 0.0691289 0.0648819 0.0605531 0.0561993 0.0518606 0.0475613 0.043309 0.0391033 0.0349413 0.0308175 0.026726 0.0226609 0.0186133 0.0145737 0.0105341 0.0064877 0.00243279 -0.00162739 -0.00568558 -0.00972957 -0.0137447 -0.0177144 -0.0216206 -0.0254452 -0.0291695 -0.0327754 -0.0362456 -0.0395635 -0.0427146 -0.0456863 -0.0484682 -0.051053 -0.0534356 -0.0556136 -0.0575874 -0.0593592 -0.0609334 -0.0623156 -0.0635135 -0.0645351 -0.06539 -0.0660881 -0.0666398 -0.0670565 -0.067349 -0.0675289 -0.0676074 -0.0675957 -0.0675049 -0.0673454 -0.0671277 -0.0668611 -0.0665551 -0.0662181 -0.0658581 -0.0654824 -0.0650979 -0.0647107 -0.0643262 -0.0639496 -0.0635852 -0.0632371 -0.0629088 -0.0626034 -0.0623235 -0.0620715 -0.0618493 -0.0616587 -0.0615009 -0.0613771 -0.0612881 -0.0612345 -0.0612165 -0.0612345 -0.0612881 -0.0613771 -0.0615009 -0.0616587 -0.0618493 -0.0620715 -0.0623235 -0.0626034 -0.0629088 -0.0632371 -0.0635852 -0.0639496 -0.0643262 -0.0647107 -0.0650979 -0.0654824 -0.0658581 -0.0662181 -0.0665551 -0.0668611 -0.0671277 -0.0673454 -0.0675049 -0.0675957 -0.0676074 -0.0675289 -0.067349 -0.0670565 -0.0666398 -0.0660881 -0.06539 -0.0645351 -0.0635135 -0.0623156 -0.0609334 -0.0593592 -0.0575874 -0.0556136 -0.0534356 -0.051053 -0.0484682 -0.0456863 -0.0427146 -0.0395635 -0.0362456 -0.0327754 -0.0291695 -0.0254452 -0.0216206 -0.0177144 -0.0137447 -0.00972957 -0.00568558 -0.00162739 0.00243279 0.0064877 0.0105341 0.0145737 0.0186133 0.0226609 0.026726 0.0308175 0.0349413 0.0391033 0.043309 0.0475613 0.0518606 0.0561993 0.0605531 0.0648819 0.0691289 0.0732213 0.0770795 0.0806177 0.0837359 0.086323 0.0882683 0.0894696 0.0898495 0.0893697 0.088013 0.0857624 0.0826289 0.0786929 0.0740836 0.0689234 0.0633247 0.0574363 0.0514533 0.0455649 0.0399114 0.0346005 0.0297434 0.0254542 0.0218192 0.018885 0.0166818 0.0152481 
0 0.00493152 0.009908 0.0150052 0.0203199 0.0259206 0.0318066 0.0379172 0.0441757 0.0505081 0.0568124 0.0629346 0.0687033 0.0739863 0.0786858 0.0826892 0.0858688 0.0881467 0.089521 0.0900144 0.0896401 0.088437 0.0864967 0.0839346 0.0808622 0.0773891 0.0736207 0.0696511 0.0655705 0.0614632 0.0573907 0.0533905 0.0494843 0.0456771 0.041964 0.0383382 0.0347873 0.0312935 0.0278388 0.0244018 0.020962 0.0175045 0.0140174 0.0104939 0.00693294 0.00333467 -0.000297235 -0.00395656 -0.00763614 -0.0113248 -0.0150092 -0.0186738 -0.0222997 -0.025868 -0.0293588 -0.0327526 -0.036032 -0.0391806 -0.0421854 -0.0450349 -0.0477201 -0.050235 -0.0525747 -0.0547369 -0.0567209 -0.0585276 -0.0601599 -0.0616212 -0.0629173 -0.0640544 -0.0650399 -0.0658822 -0.06659 -0.0671729 -0.0676404 -0.0680027 -0.0682694 -0.0684506 -0.0685556 -0.0685938 -0.0685743 -0.0685055 -0.0683956 -0.0682519 -0.0680819 -0.0678919 -0.0676882 -0.067476 -0.0672609 -0.0670471 -0.0668389 -0.06664 -0.0664537 -0.0662828 -0.0661299 -0.065997 -0.0658859 -0.0657981 -0.0657346 -0.0656962 -0.0656833 -0.0656962 -0.0657346 -0.0657981 -0.0658859 -0.065997 -0.0661299 -0.0662828 -0.0664537 -0.06664 -0.0668389 -0.0670471 -0.0672609 -0.067476 -0.0676882 -0.0678919 -0.0680819 -0.0682519 -0.0683956 -0.0685055 -0.0685743 -0.0685938 -0.0685556 -0.0684506 -0.0682694 -0.0680027 -0.0676404 -0.0671729 -0.06659 -0.0658822 -0.0650399 -0.0640544 -0.0629173 -0.0616212 -0.0601599 -0.0585276 -0.0567209 -0.0547369 -0.0525747 -0.050235 -0.0477201 -0.0450349 -0.0421854 -0.0391806 -0.036032 -0.0327526 -0.0293588 -0.025868 -0.0222997 -0.0186738 -0.0150092 -0.0113248 -0.00763614 -0.00395656 -0.000297235 0.00333467 0.00693294 0.0104939 0.0140174 0.0175045 0.020962 0.0244018 0.0278388 0.0312935 0.0347873 0.0383382 0.041964 0.0456771 0.0494843 0.0533905 0.0573907 0.0614632 0.0655705 0.0696511 0.0736207 0.0773891 0.0808622 0.0839346 0.0864967 0.088437 0.0896402 0.0900147 0.0895218 0.088149 0.0858747 0.0827038 0.0787195 0.0740592 0.068852 0.0632193 0.0573251 0.0513775 0.0455688 0.0400361 0.0348896 0.0302532 0.0262624 0.0230301 0.0206261 0.0190852 
0 0.00577708 0.0115975 0.0175227 0.0236142 0.0298947 0.0363355 0.0428818 0.0494706 0.0560073 0.0623399 0.0682912 0.0737216 0.0785352 0.0826262 0.0858688 0.0881847 0.0895776 0.0900768 0.089694 0.0884695 0.0865102 0.0839455 0.0808844 0.0774327 0.0737044 0.069804 0.0658269 0.0618623 0.0579734 0.0541946 0.0505504 0.047054 0.0437035 0.0404932 0.0374081 0.0344202 0.0315004 0.0286192 0.0257469 0.0228625 0.0199495 0.0169938 0.0139875 0.0109235 0.00779651 0.00460644 0.00135419 -0.00195478 -0.00531044 -0.008702 -0.0121143 -0.0155317 -0.0189381 -0.0223159 -0.025649 -0.0289207 -0.0321147 -0.0352168 -0.0382118 -0.0410878 -0.043833 -0.0464379 -0.0488954 -0.0511995 -0.0533472 -0.0553367 -0.0571685 -0.0588447 -0.0603682 -0.0617441 -0.0629775 -0.0640753 -0.0650441 -0.0658915 -0.0666255 -0.0672539 -0.0677851 -0.068227 -0.0685882 -0.0688761 -0.069099 -0.0692642 -0.0693792 -0.0694507 -0.0694854 -0.0694896 -0.0694689 -0.0694289 -0.0693742 -0.0693097 -0.0692392 -0.0691667 -0.069095 -0.0690274 -0.0689659 -0.0689131 -0.0688701 -0.0688386 -0.0688192 -0.0688128 -0.0688192 -0.0688386 -0.0688701 -0.0689131 -0.0689659 -0.0690274 -0.069095 -0.0691667 -0.0692392 -0.0693097 -0.0693742 -0.0694289 -0.0694689 -0.0694896 -0.0694854 -0.0694507 -0.0693792 -0.0692642 -0.069099 -0.0688761 -0.0685882 -0.068227 -0.0677851 -0.0672539 -0.0666255 -0.0658915 -0.0650441 -0.0640753 -0.0629775 -0.0617441 -0.0603682 -0.0588447 -0.0571685 -0.0553367 -0.0533472 -0.0511995 -0.0488954 -0.0464379 -0.043833 -0.0410878 -0.0382118 -0.0352168 -0.0321147 -0.0289207 -0.025649 -0.0223159 -0.0189381 -0.0155317 -0.0121143 -0.008702 -0.00531044 -0.00195478 0.00135419 0.00460644 0.00779651 0.0109235 0.0139875 0.0169938 0.0199495 0.0228625 0.0257469 0.0286192 0.0315004 0.0344202 0.0374081 0.0404932 0.0437035 0.047054 0.0505504 0.0541946 0.0579734 0.0618623 0.0658269 0.069804 0.0737044 0.0774327 0.0808844 0.0839456 0.0865103 0.0884697 0.0896947 0.0900786 0.0895824 0.0881968 0.0858972 0.0826886 0.0786641 0.0739718 0.0687482 0.0631258 0.0572833 0.0514356 0.0457712 0.0404303 0.0355457 0.0312795 0.0277982 0.0252184 0.0235835 
0 0.00666696 0.013385 0.0201879 0.0270758 0.0340169 0.0409709 0.0478998 0.0547368 0.0613476 0.0675531 0.0732004 0.0781876 0.0824149 0.0857614 0.0881467 0.0895776 0.0900918 0.0897039 0.0884551 0.0864653 0.0838779 0.0807993 0.0773321 0.0736042 0.0697344 0.0658177 0.0619412 0.0581691 0.054533 0.0510602 0.0477745 0.0446777 0.0417621 0.0390139 0.0364014 0.0338915 0.0314568 0.029065 0.0266897 0.0243103 0.0219018 0.0194455 0.0169273 0.0143327 0.0116569 0.00889851 0.0060579 0.00314286 0.000159509 -0.00288364 -0.00597523 -0.00910646 -0.0122641 -0.0154352 -0.0186065 -0.0217612 -0.0248849 -0.0279609 -0.0309737 -0.0339097 -0.0367544 -0.0394975 -0.042128 -0.0446383 -0.0470222 -0.049274 -0.0513918 -0.0533728 -0.0552174 -0.0569261 -0.0585009 -0.0599452 -0.0612622 -0.0624576 -0.0635355 -0.0645028 -0.0653651 -0.0661293 -0.0668021 -0.0673902 -0.067901 -0.0683405 -0.0687162 -0.0690337 -0.0693002 -0.0695207 -0.0697017 -0.0698476 -0.0699641 -0.070055 -0.070125 -0.0701776 -0.0702162 -0.0702437 -0.0702626 -0.0702753 -0.0702832 -0.070288 -0.0702904 -0.0702912 -0.0702904 -0.070288 -0.0702832 -0.0702753 -0.0702626 -0.0702437 -0.0702162 -0.0701776 -0.070125 -0.070055 -0.0699641 -0.0698476 -0.0697017 -0.0695207 -0.0693002 -0.0690337 -0.0687162 -0.0683405 -0.067901 -0.0673902 -0.0668021 -0.0661293 -0.0653651 -0.0645028 -0.0635355 -0.0624576 -0.0612622 -0.0599452 -0.0585009 -0.0569261 -0.0552174 -0.0533728 -0.0513918 -0.049274 -0.0470222 -0.0446383 -0.042128 -0.0394975 -0.0367544 -0.0339097 -0.0309737 -0.0279609 -0.0248849 -0.0217612 -0.0186065 -0.0154352 -0.0122641 -0.00910646 -0.00597523 -0.00288364 0.000159509 0.00314286 0.0060579 0.00889851 0.0116569 0.0143327 0.0169273 0.0194455 0.0219018 0.0243103 0.0266897 0.029065 0.0314568 0.0338915 0.0364014 0.0390139 0.0417621 0.0446777 0.0477745 0.0510602 0.054533 0.0581691 0.0619412 0.0658177 0.0697344 0.0736042 0.0773321 0.0807994 0.083878 0.0864659 0.0884566 0.0897078 0.0901017 0.0896012 0.0881993 0.0858716 0.0826322 0.0785902 0.073903 0.0687103 0.063153 0.0574224 0.0517416 0.0463099 0.0412949 0.0368703 0.0332218 0.0304992 0.0287734 
0 0.00760329 0.0152525 0.0229415 0.0306083 0.0381806 0.0456128 0.0528633 0.0598361 0.0663728 0.0723156 0.0775534 0.0819885 0.0855034 0.0880127 0.089521 0.0900768 0.0897039 0.0884451 0.086428 0.0838096 0.0806973 0.0771904 0.0734331 0.069562 0.0656677 0.0618307 0.0581213 0.0545733 0.0512139 0.0480748 0.0451577 0.0424461 0.0399274 0.0375737 0.0353519 0.0332423 0.0312167 0.0292433 0.0272993 0.0253538 0.0233783 0.0213563 0.019268 0.0171021 0.0148557 0.0125211 0.0100995 0.00759262 0.00499981 0.002329 -0.000415112 -0.00322431 -0.00608562 -0.00899002 -0.0119222 -0.0148691 -0.0178182 -0.0207535 -0.0236645 -0.0265364 -0.0293576 -0.0321172 -0.0348026 -0.037406 -0.0399163 -0.042327 -0.0446311 -0.0468226 -0.0488991 -0.0508559 -0.0526939 -0.0544113 -0.0560102 -0.0574924 -0.0588605 -0.060119 -0.0612708 -0.0623224 -0.0632769 -0.0641415 -0.06492 -0.0656193 -0.0662442 -0.0668004 -0.0672933 -0.0677279 -0.0681098 -0.0684427 -0.0687325 -0.0689818 -0.0691962 -0.0693775 -0.0695306 -0.0696567 -0.0697599 -0.0698408 -0.0699025 -0.0699451 -0.0699708 -0.0699788 -0.0699708 -0.0699451 -0.0699025 -0.0698408 -0.0697599 -0.0696567 -0.0695306 -0.0693775 -0.0691962 -0.0689818 -0.0687325 -0.0684427 -0.0681098 -0.0677279 -0.0672933 -0.0668004 -0.0662442 -0.0656193 -0.06492 -0.0641415 -0.0632769 -0.0623224 -0.0612708 -0.060119 -0.0588605 -0.0574924 -0.0560102 -0.0544113 -0.0526939 -0.0508559 -0.0488991 -0.0468226 -0.0446311 -0.042327 -0.0399163 -0.037406 -0.0348026 -0.0321172 -0.0293576 -0.0265364 -0.0236645 -0.0207535 -0.0178182 -0.0148691 -0.0119222 -0.00899002 -0.00608562 -0.00322431 -0.000415112 0.002329 0.00499981 0.00759262 0.0100995 0.0125211 0.0148557 0.0171021 0.019268 0.0213563 0.0233783 0.0253538 0.0272993 0.0292433 0.0312167 0.0332423 0.0353519 0.0375737 0.0399274 0.0424461 0.0451577 0.0480748 0.0512139 0.0545733 0.0581213 0.0618307 0.0656677 0.069562 0.0734331 0.0771905 0.0806977 0.0838108 0.0864312 0.0884531 0.0897232 0.0901205 0.0896141 0.0881988 0.0858538 0.0826095 0.0785916 0.0739585 0.0688475 0.0634131 0.0578736 0.052481 0.0474626 0.0430094 0.0392978 0.0364849 0.0346816 
