0 0 0 0 0 0 0 0 0 0 0 0 0 0 0 0 0 0 0 0 0 0 0 0 0 0 0 0 0 0 0 0 0 0 0 0 0 0 0 0 0 0 0 0 0 0 0 0 0 0 0 0 0 0 0 0 0 0 0 0 0 0 0 0 0 0 0 0 0 0 0 0 0 0 0 0 0 0 0 0 0 0 0 0 0 0 0 0 0 0 0 0 0 0 0 0 0 0 0 0 0 0 0 0 0 0 0 0 0 0 0 0 0 0 0 0 0 0 0 0 0 0 0 0 0 0 0 0 0 0 0 0 0 0 0 0 0 0 0 0 0 0 0 0 0 0 0 0 0 0 0 0 0 0 0 0 0 0 0 0 0 0 0 0 0 0 0 0 0 0 0 0 0 0 0 0 0 0 0 0 0 0 0 0 0 0 0 0 0 0 0 0 0 0 0 0 0 0 0 0 
0 6.43676e-09 2.09019e-08 5.93571e-08 1.59221e-07 4.06087e-07 9.8474e-07 2.2689e-06 4.96342e-06 1.03017e-05 2.02734e-05 3.78104e-05 6.68113e-05 0.000111863 0.000177588 0.000267727 0.00038433 0.00052764 0.000697153 0.00089386 0.00112289 0.00139506 0.00172604 0.00213268 0.00262774 0.00321545 0.00389008 0.00463834 0.00544437 0.00629458 0.00717993 0.00809455 0.00903167 0.00997914 0.0109167 0.0118165 0.012646 0.0133731 0.0139699 0.0144157 0.0146972 0.0148073 0.014743 0.014504 0.0140913 0.0135079 0.0127591 0.0118542 0.0108066 0.00963451 0.00836007 0.0070081 0.00560464 0.00417538 0.00274436 0.00133299 -4.03896e-05 -0.00136066 -0.00261575 -0.00379633 -0.00489542 -0.00590811 -0.00683119 -0.00766303 -0.00840339 -0.00905334 -0.00961512 -0.0100921 -0.0104885 -0.0108095 -0.0110608 -0.0112486 -0.0113793 -0.0114594 -0.0114953 -0.0114932 -0.011459 -0.0113981 -0.0113157 -0.0112162 -0.0111038 -0.0109821 -0.0108542 -0.0107229 -0.0105907 -0.0104596 -0.0103313 -0.0102073 -0.0100889 -0.00997714 -0.00987286 -0.00977681 -0.00968958 -0.00961167 -0.00954345 -0.00948527 -0.00943735 -0.00939989 -0.00937304 -0.0093569 -0.00935151 -0.0093569 -0.00937304 -0.00939989 -0.00943735 -0.00948527 -0.00954345 -0.00961167 -0.00968958 -0.00977681 -0.00987286 -0.00997714 -0.0100889 -0.0102073 -0.0103313 -0.0104596 -0.0105907 -0.0107229 -0.0108542 -0.0109821 -0.0111038 -0.0112162 -0.0113157 -0.0113981 -0.011459 -0.0114932 -0.0114953 -0.0114594 -0.0113793 -0.0112486 -0.0110608 -0.0108095 -0.0104885 -0.0100921 -0.00961512 -0.00905334 -0.00840339 -0.00766303 -0.00683119 -0.00590811 -0.00489542 -0.00379633 -0.00261575 -0.00136066 -4.03896e-05 0.00133299 0.00274436 0.00417538 0.00560464 0.0070081 0.00836007 0.00963451 0.0108066 0.0118542 0.0127591 0.0135079 0.0140913 0.014504 0.014743 0.0148073 0.0146972 0.0144157 0.0139699 0.0133731 0.012646 0.0118165 0.0109167 0.00997914 0.00903167 0.00809455 0.00717993 0.00629458 0.00544437 0.00463834 0.00389008 0.00321545 0.00262774 0.00213268 0.00172604 0.00139506 0.00112289 0.00089386 0.000697153 0.00052764 0.00038433 0.000267727 0.000177588 0.000111863 6.68113e-05 3.78104e-05 2.02734e-05 1.03017e-05 4.96342e-06 2.2689e-06 9.84737e-07 4.06076e-07 1.59187e-07 5.92516e-08 2.06004e-08 5.64224e-09 
0 2.09019e-08 6.61125e-08 1.81968e-07 4.72565e-07 1.16654e-06 2.7377e-06 6.10473e-06 1.29262e-05 2.59753e-05 4.95171e-05 8.95307e-05 0.000153558 0.000250002 0.000386886 0.000570456 0.00080438 0.00109037 0.00143064 0.00183152 0.00230662 0.00287743 0.00357016 0.00440944 0.00541157 0.00658017 0.00790628 0.0093723 0.0109574 0.0126412 0.0144047 0.0162273 0.0180831 0.0199378 0.0217482 0.0234641 0.025033 0.0264037 0.0275307 0.0283761 0.0289107 0.0291136 0.0289719 0.0284801 0.0276405 0.0264629 0.0249647 0.0231712 0.021114 0.0188309 0.0163637 0.0137565 0.0110546 0.00830195 0.00554074 0.00280967 0.000143502 -0.00242749 -0.00487777 -0.00718662 -0.00933804 -0.0113206 -0.0131269 -0.0147538 -0.0162012 -0.0174724 -0.0185729 -0.0195106 -0.0202949 -0.0209365 -0.0214466 -0.0218373 -0.0221205 -0.0223083 -0.0224121 -0.0224432 -0.022412 -0.0223284 -0.0222015 -0.0220396 -0.0218503 -0.0216403 -0.0214157 -0.0211819 -0.0209436 -0.020705 -0.0204696 -0.0202406 -0.0200206 -0.0198118 -0.0196162 -0.0194354 -0.0192707 -0.0191231 -0.0189937 -0.018883 -0.0187918 -0.0187204 -0.0186692 -0.0186384 -0.0186281 -0.0186384 -0.0186692 -0.0187204 -0.0187918 -0.018883 -0.0189937 -0.0191231 -0.0192707 -0.0194354 -0.0196162 -0.0198118 -0.0200206 -0.0202406 -0.0204696 -0.020705 -0.0209436 -0.0211819 -0.0214157 -0.0216403 -0.0218503 -0.0220396 -0.0222015 -0.0223284 -0.022412 -0.0224432 -0.0224121 -0.0223083 -0.0221205 -0.0218373 -0.0214466 -0.0209365 -0.0202949 -0.0195106 -0.0185729 -0.0174724 -0.0162012 -0.0147538 -0.0131269 -0.0113206 -0.00933804 -0.00718662 -0.00487777 -0.00242749 0.000143502 0.00280967 0.00554074 0.00830195 0.0110546 0.0137565 0.0163637 0.0188309 0.021114 0.0231712 0.0249647 0.0264629 0.0276405 0.0284801 0.0289719 0.0291136 0.0289107 0.0283761 0.0275307 0.0264037 0.025033 0.0234641 0.0217482 0.0199378 0.0180831 0.0162273 0.0144047 0.0126412 0.0109574 0.0093723 0.00790628 0.00658017 0.00541157 0.00440944 0.00357016 0.00287743 0.00230662 0.00183152 0.00143064 0.00109037 0.00080438 0.000570456 0.000386886 0.000250002 0.000153558 8.95307e-05 4.95171e-05 2.59753e-05 1.29262e-05 6.10473e-06 2.73769e-06 1.16651e-06 4.72455e-07 1.81649e-07 6.52561e-08 1.88201e-08 
0 5.93571e-08 1.81968e-07 4.82244e-07 1.20349e-06 2.8524e-06 6.42305e-06 1.3735e-05 2.78779e-05 5.36897e-05 9.8104e-05 0.000170127 0.000280227 0.000439126 0.000656336 0.000939235 0.00129354 0.00172556 0.00224567 0.00287119 0.00362676 0.00454116 0.00564164 0.00694835 0.00847125 0.0102107 0.0121597 0.0143067 0.0166348 0.0191198 0.0217278 0.0244137 0.0271222 0.0297918 0.032358 0.0347569 0.0369269 0.0388092 0.0403481 0.0414924 0.0421972 0.0424266 0.042157 0.041379 0.0400986 0.0383358 0.0361236 0.033505 0.0305299 0.0272532 0.0237323 0.0200257 0.0161917 0.0122875 0.00836819 0.00448585 0.000688404 -0.00298123 -0.00648594 -0.00979506 -0.0128847 -0.0157376 -0.018343 -0.0206961 -0.0227974 -0.0246516 -0.0262674 -0.027656 -0.0288308 -0.0298067 -0.0305994 -0.0312249 -0.0316997 -0.0320394 -0.0322598 -0.0323756 -0.0324008 -0.0323488 -0.0322318 -0.0320613 -0.0318477 -0.0316004 -0.0313281 -0.0310385 -0.0307383 -0.0304338 -0.0301301 -0.0298319 -0.0295433 -0.0292678 -0.0290082 -0.0287671 -0.0285466 -0.0283485 -0.0281742 -0.0280249 -0.0279015 -0.0278049 -0.0277355 -0.0276937 -0.0276797 -0.0276937 -0.0277355 -0.0278049 -0.0279015 -0.0280249 -0.0281742 -0.0283485 -0.0285466 -0.0287671 -0.0290082 -0.0292678 -0.0295433 -0.0298319 -0.0301301 -0.0304338 -0.0307383 -0.0310385 -0.0313281 -0.0316004 -0.0318477 -0.0320613 -0.0322318 -0.0323488 -0.0324008 -0.0323756 -0.0322598 -0.0320394 -0.0316997 -0.0312249 -0.0305994 -0.0298067 -0.0288308 -0.027656 -0.0262674 -0.0246516 -0.0227974 -0.0206961 -0.018343 -0.0157376 -0.0128847 -0.00979506 -0.00648594 -0.00298123 0.000688404 0.00448585 0.00836819 0.0122875 0.0161917 0.0200257 0.0237323 0.0272532 0.0305299 0.033505 0.0361236 0.0383358 0.0400986 0.041379 0.042157 0.0424266 0.0421972 0.0414924 0.0403481 0.0388092 0.0369269 0.0347569 0.032358 0.0297918 0.0271222 0.0244137 0.0217278 0.0191198 0.0166348 0.0143067 0.0121597 0.0102107 0.00847125 0.00694835 0.00564164 0.00454116 0.00362676 0.00287119 0.00224567 0.00172556 0.00129354 0.000939235 0.000656336 0.000439126 0.000280227 0.000170127 9.8104e-05 5.36897e-05 2.78779e-05 1.3735e-05 6.42302e-06 2.8523e-06 1.20319e-06 4.8144e-07 1.80013e-07 5.52377e-08 
0 1.59221e-07 4.72565e-07 1.20349e-06 2.87907e-06 6.53302e-06 1.40705e-05 2.87526e-05 5.57285e-05 0.000102442 0.00017866 0.000295896 0.000466211 0.000700818 0.0010093 0.00140041 0.00188464 0.00247779 0.00320335 0.00409157 0.00517486 0.00648121 0.00802939 0.00982838 0.0118808 0.014187 0.0167461 0.0195522 0.0225878 0.0258176 0.0291875 0.0326275 0.0360586 0.0393997 0.0425726 0.0455034 0.0481214 0.050359 0.0521511 0.0534375 0.0541667 0.0542999 0.0538142 0.0527049 0.0509846 0.0486826 0.0458414 0.0425143 0.0387624 0.0346521 0.0302528 0.0256355 0.020871 0.0160285 0.0111741 0.00636948 0.00167087 -0.00287224 -0.00721753 -0.0113303 -0.0151837 -0.0187581 -0.022041 -0.0250262 -0.0277134 -0.0301069 -0.0322151 -0.0340499 -0.0356254 -0.0369581 -0.0380653 -0.0389654 -0.0396772 -0.0402193 -0.0406101 -0.0408672 -0.0410077 -0.0410476 -0.041002 -0.0408847 -0.0407086 -0.0404854 -0.0402258 -0.0399392 -0.0396343 -0.0393186 -0.0389988 -0.0386808 -0.0383698 -0.0380702 -0.0377859 -0.0375202 -0.037276 -0.0370555 -0.0368608 -0.0366935 -0.0365549 -0.0364461 -0.0363678 -0.0363207 -0.0363049 -0.0363207 -0.0363678 -0.0364461 -0.0365549 -0.0366935 -0.0368608 -0.0370555 -0.037276 -0.0375202 -0.0377859 -0.0380702 -0.0383698 -0.0386808 -0.0389988 -0.0393186 -0.0396343 -0.0399392 -0.0402258 -0.0404854 -0.0407086 -0.0408847 -0.041002 -0.0410476 -0.0410077 -0.0408672 -0.0406101 -0.0402193 -0.0396772 -0.0389654 -0.0380653 -0.0369581 -0.0356254 -0.0340499 -0.0322151 -0.0301069 -0.0277134 -0.0250262 -0.022041 -0.0187581 -0.0151837 -0.0113303 -0.00721753 -0.00287224 0.00167087 0.00636948 0.0111741 0.0160285 0.020871 0.0256355 0.0302528 0.0346521 0.0387624 0.0425143 0.0458414 0.0486826 0.0509846 0.0527049 0.0538142 0.0542999 0.0541667 0.0534375 0.0521511 0.050359 0.0481214 0.0455034 0.0425726 0.0393997 0.0360586 0.0326275 0.0291875 0.0258176 0.0225878 0.0195522 0.0167461 0.014187 0.0118808 0.00982838 0.00802939 0.00648121 0.00517486 0.00409157 0.00320335 0.00247779 0.00188464 0.00140041 0.0010093 0.000700818 0.000466211 0.000295896 0.00017866 0.000102442 5.57285e-05 2.87526e-05 1.40704e-05 6.53275e-06 2.87834e-06 1.20172e-06 4.6889e-07 1.53592e-07 
0 4.06087e-07 1.16654e-06 2.8524e-06 6.53302e-06 1.41725e-05 2.91499e-05 5.68318e-05 0.000105019 0.000183992 0.000305915 0.00048359 0.00072904 0.00105288 0.00146544 0.00197998 0.0026167 0.00340493 0.00438138 0.00558372 0.00704275 0.00877732 0.0107952 0.0130988 0.0156904 0.0185735 0.0217471 0.0251973 0.0288906 0.0327724 0.036771 0.0408038 0.0447835 0.0486216 0.05223 0.0555214 0.0584108 0.060818 0.0626716 0.0639125 0.0644969 0.064398 0.0636055 0.0621252 0.0599775 0.0571961 0.0538272 0.0499276 0.0455636 0.040809 0.0357423 0.0304445 0.0249959 0.0194742 0.0139515 0.00849376 0.00315902 -0.00200258 -0.00694899 -0.011646 -0.0160669 -0.0201918 -0.0240072 -0.0275057 -0.030685 -0.0335475 -0.0361 -0.0383527 -0.0403188 -0.0420142 -0.043456 -0.0446632 -0.045655 -0.0464512 -0.0470714 -0.0475346 -0.0478594 -0.0480634 -0.0481629 -0.0481736 -0.0481095 -0.0479839 -0.0478085 -0.0475944 -0.0473511 -0.0470874 -0.0468111 -0.0465291 -0.0462475 -0.0459717 -0.0457063 -0.0454554 -0.0452225 -0.0450106 -0.0448222 -0.0446594 -0.044524 -0.0444173 -0.0443404 -0.0442939 -0.0442784 -0.0442939 -0.0443404 -0.0444173 -0.044524 -0.0446594 -0.0448222 -0.0450106 -0.0452225 -0.0454554 -0.0457063 -0.0459717 -0.0462475 -0.0465291 -0.0468111 -0.0470874 -0.0473511 -0.0475944 -0.0478085 -0.0479839 -0.0481095 -0.0481736 -0.0481629 -0.0480634 -0.0478594 -0.0475346 -0.0470714 -0.0464512 -0.045655 -0.0446632 -0.043456 -0.0420142 -0.0403188 -0.0383527 -0.0361 -0.0335475 -0.030685 -0.0275057 -0.0240072 -0.0201918 -0.0160669 -0.011646 -0.00694899 -0.00200258 0.00315902 0.00849376 0.0139515 0.0194742 0.0249959 0.0304445 0.0357423 0.040809 0.0455636 0.0499276 0.0538272 0.0571961 0.0599775 0.0621252 0.0636055 0.064398 0.0644969 0.0639125 0.0626716 0.060818 0.0584108 0.0555214 0.05223 0.0486216 0.0447835 0.0408038 0.036771 0.0327724 0.0288906 0.0251973 0.0217471 0.0185735 0.0156904 0.0130988 0.0107952 0.00877732 0.00704275 0.00558372 0.00438138 0.00340493 0.0026167 0.00197998 0.00146544 0.00105288 0.00072904 0.00048359 0.000305915 0.000183992 0.000105019 5.68317e-05 2.91496e-05 1.41719e-05 6.53144e-06 2.84921e-06 1.16202e-06 4.07073e-07 
0 9.8474e-07 2.7377e-06 6.42305e-06 1.40705e-05 2.91499e-05 5.71936e-05 0.000106285 0.000187122 0.000312393 0.000495456 0.000748851 0.00108371 0.0015112 0.00204623 0.00271196 0.00354216 0.00457865 0.00586375 0.00743131 0.00930179 0.0114843 0.0139833 0.0168044 0.0199533 0.0234284 0.0272121 0.031266 0.0355325 0.0399407 0.0444121 0.0488637 0.0532072 0.0573487 0.0611889 0.0646275 0.0675693 0.069931 0.0716462 0.0726675 0.0729664 0.0725315 0.0713658 0.0694856 0.0669189 0.063706 0.0598981 0.0555576 0.0507555 0.0455697 0.0400817 0.0343739 0.0285266 0.0226161 0.0167126 0.0108795 0.00517266 -0.000359577 -0.00567638 -0.0107442 -0.0155364 -0.020033 -0.02422 -0.0280891 -0.0316373 -0.0348661 -0.0377812 -0.0403916 -0.0427094 -0.0447488 -0.0465258 -0.0480576 -0.0493624 -0.0504584 -0.0513641 -0.0520977 -0.0526769 -0.0531188 -0.0534398 -0.0536551 -0.0537793 -0.0538258 -0.0538072 -0.0537348 -0.0536192 -0.05347 -0.0532958 -0.0531044 -0.0529027 -0.052697 -0.0524927 -0.0522947 -0.0521072 -0.0519338 -0.0517777 -0.0516413 -0.0515269 -0.0514362 -0.0513705 -0.0513307 -0.0513174 -0.0513307 -0.0513705 -0.0514362 -0.0515269 -0.0516413 -0.0517777 -0.0519338 -0.0521072 -0.0522947 -0.0524927 -0.052697 -0.0529027 -0.0531044 -0.0532958 -0.05347 -0.0536192 -0.0537348 -0.0538072 -0.0538258 -0.0537793 -0.0536551 -0.0534398 -0.0531188 -0.0526769 -0.0520977 -0.0513641 -0.0504584 -0.0493624 -0.0480576 -0.0465258 -0.0447488 -0.0427094 -0.0403916 -0.0377812 -0.0348661 -0.0316373 -0.0280891 -0.02422 -0.020033 -0.0155364 -0.0107442 -0.00567638 -0.000359577 0.00517266 0.0108795 0.0167126 0.0226161 0.0285266 0.0343739 0.0400817 0.0455697 0.0507555 0.0555576 0.0598981 0.063706 0.0669189 0.0694856 0.0713658 0.0725315 0.0729664 0.0726675 0.0716462 0.069931 0.0675693 0.0646275 0.0611889 0.0573487 0.0532072 0.0488637 0.0444121 0.0399407 0.0355325 0.031266 0.0272121 0.0234284 0.0199533 0.0168044 0.0139833 0.0114843 0.00930179 0.00743131 0.00586375 0.00457865 0.00354216 0.00271196 0.00204623 0.0015112 0.00108371 0.000748851 0.000495456 0.000312393 0.000187122 0.000106285 5.71931e-05 2.91485e-05 1.40678e-05 6.41959e-06 2.74094e-06 1.02852e-06 
0 2.2689e-06 6.10473e-06 1.3735e-05 2.87526e-05 5.68318e-05 0.000106285 0.000188166 0.000315636 0.000502568 0.000761971 0.00110538 0.00154452 0.00209541 0.00278337 0.00364546 0.00472724 0.00607419 0.00772205 0.00969236 0.0119961 0.0146418 0.0176404 0.0210013 0.0247222 0.0287796 0.0331269 0.0376996 0.0424243 0.047224 0.0520187 0.0567217 0.0612378 0.0654639 0.0692951 0.0726316 0.0753864 0.0774896 0.0788897 0.0795535 0.0794643 0.0786208 0.077036 0.074737 0.0717644 0.0681705 0.0640176 0.0593751 0.0543171 0.0489196 0.0432582 0.0374067 0.0314362 0.0254134 0.0194007 0.0134554 0.00762898 0.00196668 -0.00349264 -0.00871683 -0.0136804 -0.0183642 -0.0227552 -0.0268458 -0.0306329 -0.0341179 -0.0373056 -0.0402034 -0.0428212 -0.0451707 -0.047265 -0.0491182 -0.0507452 -0.0521613 -0.0533821 -0.0544232 -0.0553003 -0.0560285 -0.0566227 -0.0570973 -0.057466 -0.0577418 -0.057937 -0.0580632 -0.0581309 -0.0581502 -0.0581301 -0.0580788 -0.058004 -0.0579123 -0.0578099 -0.0577021 -0.0575937 -0.0574889 -0.0573911 -0.0573034 -0.0572283 -0.0571679 -0.0571237 -0.0570967 -0.0570876 -0.0570967 -0.0571237 -0.0571679 -0.0572283 -0.0573034 -0.0573911 -0.0574889 -0.0575937 -0.0577021 -0.0578099 -0.0579123 -0.058004 -0.0580788 -0.0581301 -0.0581502 -0.0581309 -0.0580632 -0.057937 -0.0577418 -0.057466 -0.0570973 -0.0566227 -0.0560285 -0.0553003 -0.0544232 -0.0533821 -0.0521613 -0.0507452 -0.0491182 -0.047265 -0.0451707 -0.0428212 -0.0402034 -0.0373056 -0.0341179 -0.0306329 -0.0268458 -0.0227552 -0.0183642 -0.0136804 -0.00871683 -0.00349264 0.00196668 0.00762898 0.0134554 0.0194007 0.0254134 0.0314362 0.0374067 0.0432582 0.0489196 0.0543171 0.0593751 0.0640176 0.0681705 0.0717644 0.074737 0.077036 0.0786208 0.0794643 0.0795535 0.0788897 0.0774896 0.0753864 0.0726316 0.0692951 0.0654639 0.0612378 0.0567217 0.0520187 0.047224 0.0424243 0.0376996 0.0331269 0.0287796 0.0247222 0.0210013 0.0176404 0.0146418 0.0119961 0.00969236 0.00772205 0.00607419 0.00472724 0.00364546 0.00278337 0.00209541 0.00154452 0.00110538 0.000761971 0.000502568 0.000315636 0.000188166 0.000106284 5.68296e-05 2.87502e-05 1.37401e-05 6.15183e-06 2.47643e-06 
0 4.96342e-06 1.29262e-05 2.78779e-05 5.57285e-05 0.000105019 0.000187122 0.000315636 0.000504949 0.000768563 0.00111843 0.00156675 0.00213042 0.00283649 0.00372467 0.00484349 0.0062407 0.00795284 0.0100016 0.0123992 0.0151578 0.0182939 0.021821 0.0257364 0.0300116 0.034593 0.0394108 0.044389 0.0494493 0.0545088 0.0594765 0.0642515 0.0687278 0.0728013 0.0763777 0.0793765 0.0817333 0.0833983 0.0843359 0.0845246 0.0839579 0.0826458 0.0806148 0.0779072 0.0745779 0.070691 0.0663158 0.0615234 0.0563843 0.0509671 0.0453376 0.0395585 0.0336897 0.0277874 0.0219041 0.016088 0.0103824 0.0048252 -0.000551359 -0.00572058 -0.0106612 -0.0153572 -0.019797 -0.0239731 -0.0278819 -0.0315225 -0.034897 -0.0380095 -0.0408663 -0.0434751 -0.0458453 -0.0479871 -0.0499119 -0.0516316 -0.0531589 -0.0545065 -0.0556874 -0.0567148 -0.0576014 -0.0583599 -0.0590024 -0.0595409 -0.0599866 -0.0603502 -0.0606417 -0.0608707 -0.061046 -0.0611756 -0.0612671 -0.0613273 -0.0613624 -0.0613781 -0.0613792 -0.0613701 -0.0613548 -0.0613363 -0.0613176 -0.0613008 -0.0612875 -0.0612791 -0.0612762 -0.0612791 -0.0612875 -0.0613008 -0.0613176 -0.0613363 -0.0613548 -0.0613701 -0.0613792 -0.0613781 -0.0613624 -0.0613273 -0.0612671 -0.0611756 -0.061046 -0.0608707 -0.0606417 -0.0603502 -0.0599866 -0.0595409 -0.0590024 -0.0583599 -0.0576014 -0.0567148 -0.0556874 -0.0545065 -0.0531589 -0.0516316 -0.0499119 -0.0479871 -0.0458453 -0.0434751 -0.0408663 -0.0380095 -0.034897 -0.0315225 -0.0278819 -0.0239731 -0.019797 -0.0153572 -0.0106612 -0.00572058 -0.000551359 0.0048252 0.0103824 0.016088 0.0219041 0.0277874 0.0336897 0.0395585 0.0453376 0.0509671 0.0563843 0.0615234 0.0663158 0.070691 0.0745779 0.0779072 0.0806148 0.0826458 0.0839579 0.0845246 0.0843359 0.0833983 0.0817333 0.0793765 0.0763777 0.0728013 0.0687278 0.0642515 0.0594765 0.0545088 0.0494493 0.044389 0.0394108 0.034593 0.0300116 0.0257364 0.021821 0.0182939 0.0151578 0.0123992 0.0100016 0.00795284 0.0062407 0.00484349 0.00372467 0.00283649 0.00213042 0.00156675 0.00111843 0.000768562 0.000504949 0.000315635 0.00018712 0.000105017 5.57351e-05 2.79268e-05 1.31345e-05 5.67987e-06 
0 1.03017e-05 2.59753e-05 5.36897e-05 0.000102442 0.000183992 0.000312393 0.000502568 0.000768563 0.0011228 0.00157791 0.00215154 0.00287213 0.00378165 0.00493125 0.00637058 0.00813671 0.010251 0.0127263 0.0155779 0.0188264 0.0224883 0.0265595 0.0310062 0.0357697 0.040778 0.0459551 0.0512218 0.0564899 0.0616592 0.0666194 0.0712588 0.0754743 0.0791776 0.0822972 0.0847765 0.0865719 0.0876514 0.0879961 0.0876023 0.0864834 0.084669 0.0822036 0.0791424 0.0755477 0.071485 0.0670208 0.0622205 0.0571476 0.0518632 0.0464252 0.0408877 0.0353006 0.0297092 0.0241536 0.0186689 0.0132856 0.00802965 0.00292312 -0.00201533 -0.00677003 -0.011328 -0.0156789 -0.0198144 -0.0237289 -0.0274185 -0.0308819 -0.0341194 -0.0371335 -0.0399281 -0.0425088 -0.0448824 -0.0470566 -0.04904 -0.050842 -0.0524723 -0.0539409 -0.055258 -0.0564338 -0.0574785 -0.0584022 -0.0592146 -0.0599254 -0.0605437 -0.0610784 -0.0615379 -0.0619302 -0.0622629 -0.0625428 -0.0627765 -0.06297 -0.0631288 -0.0632578 -0.0633613 -0.0634432 -0.063507 -0.0635553 -0.0635905 -0.0636144 -0.0636282 -0.0636328 -0.0636282 -0.0636144 -0.0635905 -0.0635553 -0.063507 -0.0634432 -0.0633613 -0.0632578 -0.0631288 -0.06297 -0.0627765 -0.0625428 -0.0622629 -0.0619302 -0.0615379 -0.0610784 -0.0605437 -0.0599254 -0.0592146 -0.0584022 -0.0574785 -0.0564338 -0.055258 -0.0539409 -0.0524723 -0.050842 -0.04904 -0.0470566 -0.0448824 -0.0425088 -0.0399281 -0.0371335 -0.0341194 -0.0308819 -0.0274185 -0.0237289 -0.0198144 -0.0156789 -0.011328 -0.00677003 -0.00201533 0.00292312 0.00802965 0.0132856 0.0186689 0.0241536 0.0297092 0.0353006 0.0408877 0.0464252 0.0518632 0.0571476 0.0622205 0.0670208 0.071485 0.0755477 0.0791424 0.0822036 0.084669 0.0864834 0.0876023 0.0879961 0.0876514 0.0865719 0.0847765 0.0822972 0.0791776 0.0754743 0.0712588 0.0666194 0.0616592 0.0564899 0.0512218 0.0459551 0.040778 0.0357697 0.0310062 0.0265595 0.0224883 0.0188264 0.0155779 0.0127263 0.010251 0.00813671 0.00637058 0.00493125 0.00378165 0.00287213 0.00215154 0.00157791 0.0011228 0.000768562 0.000502567 0.000312392 0.000184 0.000102491 5.38944e-05 2.66739e-05 1.24052e-05 
0 2.02734e-05 4.95171e-05 9.8104e-05 0.00017866 0.000305915 0.000495456 0.000761971 0.00111843 0.00157791 0.00215861 0.00289007 0.00381615 0.00499041 0.00646442 0.00827594 0.0104461 0.0129881 0.0159199 0.0192655 0.0230427 0.0272445 0.0318312 0.0367396 0.0418969 0.0472288 0.0526552 0.0580819 0.0633987 0.0684865 0.0732295 0.0775253 0.0812894 0.0844548 0.0869685 0.0887903 0.0898941 0.0902696 0.0899249 0.0888851 0.0871902 0.0848905 0.0820425 0.0787057 0.0749408 0.0708083 0.0663684 0.0616801 0.0568004 0.0517829 0.0466764 0.0415243 0.0363636 0.0312255 0.0261359 0.0211162 0.0161843 0.0113556 0.00664364 0.00206066 -0.00238238 -0.00667559 -0.0108103 -0.014779 -0.0185757 -0.0221957 -0.0256358 -0.0288942 -0.0319702 -0.0348647 -0.0375794 -0.0401171 -0.0424815 -0.0446771 -0.0467091 -0.0485834 -0.0503061 -0.0518842 -0.0533246 -0.0546346 -0.0558218 -0.0568937 -0.0578579 -0.0587219 -0.0594931 -0.0601787 -0.0607855 -0.0613202 -0.0617892 -0.0621982 -0.0625528 -0.0628582 -0.0631188 -0.0633389 -0.0635221 -0.0636717 -0.0637904 -0.0638804 -0.0639435 -0.0639808 -0.0639931 -0.0639808 -0.0639435 -0.0638804 -0.0637904 -0.0636717 -0.0635221 -0.0633389 -0.0631188 -0.0628582 -0.0625528 -0.0621982 -0.0617892 -0.0613202 -0.0607855 -0.0601787 -0.0594931 -0.0587219 -0.0578579 -0.0568937 -0.0558218 -0.0546346 -0.0533246 -0.0518842 -0.0503061 -0.0485834 -0.0467091 -0.0446771 -0.0424815 -0.0401171 -0.0375794 -0.0348647 -0.0319702 -0.0288942 -0.0256358 -0.0221957 -0.0185757 -0.014779 -0.0108103 -0.00667559 -0.00238238 0.00206066 0.00664364 0.0113556 0.0161843 0.0211162 0.0261359 0.0312255 0.0363636 0.0415243 0.0466764 0.0517829 0.0568004 0.0616801 0.0663684 0.0708083 0.0749408 0.0787057 0.0820425 0.0848905 0.0871902 0.0888851 0.0899249 0.0902696 0.0898941 0.0887903 0.0869685 0.0844548 0.0812894 0.0775253 0.0732295 0.0684865 0.0633987 0.0580819 0.0526552 0.0472288 0.0418969 0.0367396 0.0318312 0.0272445 0.0230427 0.0192655 0.0159199 0.0129881 0.0104461 0.00827594 0.00646442 0.00499041 0.00381615 0.00289007 0.00215861 0.00157791 0.00111843 0.000761971 0.000495464 0.000305964 0.000178857 9.87727e-05 5.15325e-05 2.57947e-05 
0 3.78104e-05 8.95307e-05 0.000170127 0.000295896 0.00048359 0.000748851 0.00110538 0.00156675 0.00215154 0.00289007 0.00382771 0.00502023 0.00652128 0.0083697 0.0105867 0.0131861 0.0161877 0.0196188 0.0234977 0.0278135 0.0325205 0.0375506 0.0428312 0.0482893 0.053842 0.0593874 0.064806 0.0699727 0.0747711 0.0791015 0.0828824 0.0860468 0.0885405 0.0903241 0.0913764 0.0916975 0.0913093 0.0902517 0.0885766 0.0863428 0.0836115 0.0804439 0.0769009 0.0730422 0.0689264 0.0646093 0.0601427 0.0555735 0.0509417 0.0462811 0.041619 0.0369775 0.032374 0.0278228 0.0233358 0.0189231 0.0145934 0.0103544 0.0062129 0.00217489 -0.00175415 -0.00556926 -0.00926588 -0.0128397 -0.0162868 -0.0196032 -0.0227857 -0.025831 -0.0287368 -0.0315009 -0.0341223 -0.0366003 -0.0389353 -0.0411286 -0.043182 -0.0450983 -0.0468809 -0.0485339 -0.0500618 -0.0514695 -0.0527624 -0.0539458 -0.0550256 -0.0560073 -0.0568966 -0.0576991 -0.0584203 -0.0590653 -0.0596392 -0.0601466 -0.0605919 -0.0609791 -0.061312 -0.0615937 -0.0618272 -0.0620149 -0.0621588 -0.0622604 -0.0623209 -0.062341 -0.0623209 -0.0622604 -0.0621588 -0.0620149 -0.0618272 -0.0615937 -0.061312 -0.0609791 -0.0605919 -0.0601466 -0.0596392 -0.0590653 -0.0584203 -0.0576991 -0.0568966 -0.0560073 -0.0550256 -0.0539458 -0.0527624 -0.0514695 -0.0500618 -0.0485339 -0.0468809 -0.0450983 -0.043182 -0.0411286 -0.0389353 -0.0366003 -0.0341223 -0.0315009 -0.0287368 -0.025831 -0.0227857 -0.0196032 -0.0162868 -0.0128397 -0.00926588 -0.00556926 -0.00175415 0.00217489 0.0062129 0.0103544 0.0145934 0.0189231 0.0233358 0.0278228 0.032374 0.0369775 0.041619 0.0462811 0.0509417 0.0555735 0.0601427 0.0646093 0.0689264 0.0730422 0.0769009 0.0804439 0.0836115 0.0863428 0.0885766 0.0902517 0.0913093 0.0916975 0.0913764 0.0903241 0.0885405 0.0860468 0.0828824 0.0791015 0.0747711 0.0699727 0.064806 0.0593874 0.053842 0.0482893 0.0428312 0.0375506 0.0325205 0.0278135 0.0234977 0.0196188 0.0161877 0.0131861 0.0105867 0.0083697 0.00652128 0.00502023 0.00382771 0.00289007 0.00215154 0.00156675 0.00110539 0.000748898 0.000483776 0.000296524 0.000172025 9.47551e-05 5.10598e-05 
0 6.68113e-05 0.000153558 0.000280227 0.000466211 0.00072904 0.00108371 0.00154452 0.00213042 0.00287213 0.00381615 0.00502023 0.00654033 0.0084169 0.0106717 0.0133191 0.0163807 0.0198864 0.0238549 0.0282718 0.0330851 0.0382228 0.0436122 0.0491804 0.0548399 0.0604788 0.0659681 0.0711795 0.0759986 0.0803298 0.0840925 0.0872182 0.0896505 0.0913512 0.0923058 0.0925254 0.0920436 0.090911 0.0891878 0.0869392 0.0842324 0.0811353 0.0777156 0.074039 0.0701677 0.0661572 0.0620552 0.0579008 0.0537244 0.0495492 0.0453925 0.0412675 0.0371841 0.0331503 0.0291723 0.0252546 0.0214007 0.0176127 0.0138921 0.01024 0.00665724 0.00314521 -0.000294179 -0.00365829 -0.00694371 -0.0101464 -0.0132617 -0.0162848 -0.0192108 -0.0220352 -0.0247535 -0.0273621 -0.0298578 -0.0322385 -0.0345024 -0.0366487 -0.0386774 -0.0405891 -0.0423851 -0.0440671 -0.0456376 -0.0470992 -0.0484551 -0.0497087 -0.0508636 -0.0519236 -0.0528925 -0.0537743 -0.0545728 -0.0552917 -0.0559346 -0.056505 -0.0570062 -0.057441 -0.0578122 -0.0581221 -0.0583728 -0.0585661 -0.0587031 -0.058785 -0.0588122 -0.058785 -0.0587031 -0.0585661 -0.0583728 -0.0581221 -0.0578122 -0.057441 -0.0570062 -0.056505 -0.0559346 -0.0552917 -0.0545728 -0.0537743 -0.0528925 -0.0519236 -0.0508636 -0.0497087 -0.0484551 -0.0470992 -0.0456376 -0.0440671 -0.0423851 -0.0405891 -0.0386774 -0.0366487 -0.0345024 -0.0322385 -0.0298578 -0.0273621 -0.0247535 -0.0220352 -0.0192108 -0.0162848 -0.0132617 -0.0101464 -0.00694371 -0.00365829 -0.000294179 0.00314521 0.00665724 0.01024 0.0138921 0.0176127 0.0214007 0.0252546 0.0291723 0.0331503 0.0371841 0.0412675 0.0453925 0.0495492 0.0537244 0.0579008 0.0620552 0.0661572 0.0701677 0.074039 0.0777156 0.0811353 0.0842324 0.0869392 0.0891878 0.090911 0.0920436 0.0925254 0.0923058 0.0913512 0.0896505 0.0872182 0.0840925 0.0803298 0.0759986 0.0711795 0.0659681 0.0604788 0.0548399 0.0491804 0.0436122 0.0382228 0.0330851 0.0282718 0.0238549 0.0198864 0.0163807 0.0133191 0.0106717 0.0084169 0.00654033 0.00502023 0.00381615 0.00287213 0.00213042 0.00154457 0.00108388 0.000729621 0.000467969 0.000285092 0.000165978 9.62313e-05 
0 0.000111863 0.000250002 0.000439126 0.000700818 0.00105288 0.0015112 0.00209541 0.00283649 0.00378165 0.00499041 0.00652128 0.0084169 0.0107001 0.0133859 0.0164972 0.0200662 0.0241123 0.0286182 0.0335264 0.0387614 0.0442505 0.04992 0.0556757 0.0613945 0.0669383 0.0721771 0.0769999 0.0813129 0.0850342 0.0880919 0.0904292 0.0920129 0.0928384 0.092928 0.0923247 0.0910849 0.0892729 0.0869581 0.0842142 0.0811177 0.0777454 0.0741709 0.0704608 0.0666715 0.0628483 0.0590252 0.0552269 0.0514704 0.0477668 0.0441232 0.0405431 0.0370276 0.0335751 0.0301825 0.0268456 0.0235596 0.0203197 0.0171219 0.0139636 0.0108432 0.0077609 0.00471798 0.00171704 -0.00123841 -0.0041442 -0.00699571 -0.00978804 -0.0125162 -0.0151754 -0.0177607 -0.0202676 -0.0226918 -0.0250296 -0.0272776 -0.0294326 -0.0314925 -0.0334552 -0.0353196 -0.0370848 -0.0387507 -0.0403175 -0.041786 -0.0431575 -0.0444335 -0.0456158 -0.0467065 -0.0477079 -0.0486224 -0.0494525 -0.0502005 -0.050869 -0.0514601 -0.0519762 -0.0524191 -0.0527906 -0.0530924 -0.0533258 -0.0534917 -0.0535909 -0.053624 -0.0535909 -0.0534917 -0.0533258 -0.0530924 -0.0527906 -0.0524191 -0.0519762 -0.0514601 -0.050869 -0.0502005 -0.0494525 -0.0486224 -0.0477079 -0.0467065 -0.0456158 -0.0444335 -0.0431575 -0.041786 -0.0403175 -0.0387507 -0.0370848 -0.0353196 -0.0334552 -0.0314925 -0.0294326 -0.0272776 -0.0250296 -0.0226918 -0.0202676 -0.0177607 -0.0151754 -0.0125162 -0.00978804 -0.00699571 -0.0041442 -0.00123841 0.00171704 0.00471798 0.0077609 0.0108432 0.0139636 0.0171219 0.0203197 0.0235596 0.0268456 0.0301825 0.0335751 0.0370276 0.0405431 0.0441232 0.0477668 0.0514704 0.0552269 0.0590252 0.0628483 0.0666715 0.0704608 0.0741709 0.0777454 0.0811177 0.0842142 0.0869581 0.0892729 0.0910849 0.0923247 0.092928 0.0928384 0.0920129 0.0904292 0.0880919 0.0850342 0.0813129 0.0769999 0.0721771 0.0669383 0.0613945 0.0556757 0.04992 0.0442505 0.0387614 0.0335264 0.0286182 0.0241123 0.0200662 0.0164972 0.0133859 0.0107001 0.0084169 0.00652128 0.00499041 0.00378166 0.00283653 0.00209557 0.00151173 0.00105448 0.000705275 0.00045059 0.000277381 0.000172755 
0 0.000177588 0.000386886 0.000656336 0.0010093 0.00146544 0.00204623 0.00278337 0.00372467 0.00493125 0.00646442 0.0083697 0.0106717 0.0133859 0.0165362 0.0201565 0.0242678 0.0288506 0.0338431 0.0391667 0.0447482 0.0505128 0.0563586 0.0621505 0.0677426 0.0730046 0.0778282 0.0821184 0.0857882 0.0887618 0.0909844 0.092431 0.0931089 0.0930505 0.0923052 0.0909329 0.0890016 0.0865864 0.0837688 0.0806344 0.0772671 0.0737447 0.0701351 0.0664935 0.0628636 0.0592783 0.0557615 0.0523298 0.0489929 0.0457548 0.0426143 0.0395656 0.0365992 0.0337038 0.0308674 0.0280782 0.0253261 0.0226028 0.0199021 0.0172198 0.0145538 0.0119033 0.00926885 0.00665202 0.00405513 0.00148125 -0.00106595 -0.00358232 -0.00606321 -0.0085037 -0.0108986 -0.0132426 -0.0155304 -0.0177569 -0.0199172 -0.0220068 -0.0240217 -0.0259583 -0.0278135 -0.0295849 -0.0312704 -0.0328687 -0.0343787 -0.0358001 -0.0371326 -0.0383765 -0.0395325 -0.0406013 -0.0415839 -0.0424815 -0.0432952 -0.0440265 -0.0446766 -0.0452467 -0.0457381 -0.0461518 -0.046489 -0.0467503 -0.0469364 -0.0470479 -0.0470851 -0.0470479 -0.0469364 -0.0467503 -0.046489 -0.0461518 -0.0457381 -0.0452467 -0.0446766 -0.0440265 -0.0432952 -0.0424815 -0.0415839 -0.0406013 -0.0395325 -0.0383765 -0.0371326 -0.0358001 -0.0343787 -0.0328687 -0.0312704 -0.0295849 -0.0278135 -0.0259583 -0.0240217 -0.0220068 -0.0199172 -0.0177569 -0.0155304 -0.0132426 -0.0108986 -0.0085037 -0.00606321 -0.00358232 -0.00106595 0.00148125 0.00405513 0.00665202 0.00926885 0.0119033 0.0145538 0.0172198 0.0199021 0.0226028 0.0253261 0.0280782 0.0308674 0.0337038 0.0365992 0.0395656 0.0426143 0.0457548 0.0489929 0.0523298 0.0557615 0.0592783 0.0628636 0.0664935 0.0701351 0.0737447 0.0772671 0.0806344 0.0837688 0.0865864 0.0890016 0.0909329 0.0923052 0.0930505 0.0931089 0.092431 0.0909844 0.0887618 0.0857882 0.0821184 0.0778282 0.0730046 0.0677426 0.0621505 0.0563586 0.0505128 0.0447482 0.0391667 0.0338431 0.0288506 0.0242678 0.0201565 0.0165362 0.0133859 0.0106717 0.0083697 0.00646443 0.00493129 0.0037248 0.00278384 0.00204767 0.00146946 0.00101973 0.000681442 0.000443243 0.00029566 
0 0.000267727 0.000570456 0.000939235 0.00140041 0.00197998 0.00271196 0.00364546 0.00484349 0.00637058 0.00827594 0.0105867 0.0133191 0.0164972 0.0201565 0.0243198 0.0289672 0.0340338 0.0394375 0.0451047 0.0509587 0.0568901 0.0627524 0.0683926 0.073681 0.0785108 0.0827827 0.0864015 0.0892879 0.091392 0.0926987 0.0932253 0.0930116 0.0921102 0.0905847 0.0885095 0.085969 0.0830547 0.07986 0.0764726 0.0729702 0.0694186 0.0658712 0.062371 0.0589521 0.0556399 0.0524521 0.0493979 0.046479 0.0436899 0.0410198 0.0384543 0.0359772 0.0335723 0.0312245 0.02892 0.0266473 0.0243964 0.0221594 0.0199298 0.0177028 0.0154751 0.0132448 0.0110117 0.00877666 0.00654204 0.00431122 0.00208856 -0.000120947 -0.00231179 -0.00447817 -0.00661424 -0.00871416 -0.0107723 -0.0127833 -0.0147422 -0.0166442 -0.0184851 -0.0202612 -0.021969 -0.0236055 -0.0251682 -0.0266549 -0.0280638 -0.0293935 -0.0306429 -0.0318113 -0.0328979 -0.0339027 -0.0348254 -0.0356662 -0.0364253 -0.037103 -0.0376996 -0.0382156 -0.0386514 -0.0390073 -0.0392837 -0.0394809 -0.0395992 -0.0396386 -0.0395992 -0.0394809 -0.0392837 -0.0390073 -0.0386514 -0.0382156 -0.0376996 -0.037103 -0.0364253 -0.0356662 -0.0348254 -0.0339027 -0.0328979 -0.0318113 -0.0306429 -0.0293935 -0.0280638 -0.0266549 -0.0251682 -0.0236055 -0.021969 -0.0202612 -0.0184851 -0.0166442 -0.0147422 -0.0127833 -0.0107723 -0.00871416 -0.00661424 -0.00447817 -0.00231179 -0.000120947 0.00208856 0.00431122 0.00654204 0.00877666 0.0110117 0.0132448 0.0154751 0.0177028 0.0199298 0.0221594 0.0243964 0.0266473 0.02892 0.0312245 0.0335723 0.0359772 0.0384543 0.0410198 0.0436899 0.046479 0.0493979 0.0524521 0.0556399 0.0589521 0.062371 0.0658712 0.0694186 0.0729702 0.0764726 0.07986 0.0830547 0.085969 0.0885095 0.0905847 0.0921102 0.0930116 0.0932253 0.0926987 0.091392 0.0892879 0.0864015 0.0827827 0.0785108 0.073681 0.0683926 0.0627524 0.0568901 0.0509587 0.0451047 0.0394375 0.0340338 0.0289672 0.0243198 0.0201565 0.0164972 0.0133191 0.0105867 0.00827597 0.0063707 0.00484391 0.00364672 0.00271553 0.00198931 0.0014231 0.000990667 0.000679309 0.000483051 
0 0.00038433 0.00080438 0.00129354 0.00188464 0.0026167 0.00354216 0.00472724 0.0062407 0.00813671 0.0104461 0.0131861 0.0163807 0.0200662 0.0242678 0.0289672 0.0340974 0.0395732 0.0453191 0.0512568 0.0572703 0.0632024 0.0688937 0.0742153 0.0790607 0.0833231 0.0868977 0.0897036 0.0916981 0.0928757 0.0932599 0.0928932 0.0918308 0.0901411 0.0879087 0.0852299 0.0822057 0.0789347 0.0755054 0.0719939 0.0684643 0.0649706 0.0615568 0.0582587 0.055102 0.0521026 0.0492667 0.0465919 0.0440692 0.0416855 0.039425 0.0372716 0.0352088 0.0332209 0.0312929 0.0294102 0.0275593 0.025728 0.0239053 0.0220822 0.0202517 0.0184087 0.0165505 0.0146762 0.0127866 0.0108839 0.00897134 0.00705302 0.0051335 0.00321781 0.00131109 -0.000581341 -0.00245418 -0.00430217 -0.00612012 -0.00790301 -0.00964595 -0.0113443 -0.0129937 -0.01459 -0.0161293 -0.0176083 -0.0190236 -0.0203726 -0.0216527 -0.0228618 -0.023998 -0.0250598 -0.0260459 -0.0269552 -0.027787 -0.0285406 -0.0292156 -0.0298116 -0.0303283 -0.0307657 -0.0311236 -0.031402 -0.0316008 -0.0317202 -0.0317599 -0.0317202 -0.0316008 -0.031402 -0.0311236 -0.0307657 -0.0303283 -0.0298116 -0.0292156 -0.0285406 -0.027787 -0.0269552 -0.0260459 -0.0250598 -0.023998 -0.0228618 -0.0216527 -0.0203726 -0.0190236 -0.0176083 -0.0161293 -0.01459 -0.0129937 -0.0113443 -0.00964595 -0.00790301 -0.00612012 -0.00430217 -0.00245418 -0.000581341 0.00131109 0.00321781 0.0051335 0.00705302 0.00897134 0.0108839 0.0127866 0.0146762 0.0165505 0.0184087 0.0202517 0.0220822 0.0239053 0.025728 0.0275593 0.0294102 0.0312929 0.0332209 0.0352088 0.0372716 0.039425 0.0416855 0.0440692 0.0465919 0.0492667 0.0521026 0.055102 0.0582587 0.0615568 0.0649706 0.0684643 0.0719939 0.0755054 0.0789347 0.0822057 0.0852299 0.0879087 0.0901411 0.0918308 0.0928932 0.0932599 0.0928757 0.0916981 0.0897036 0.0868977 0.0833231 0.0790607 0.0742153 0.0688937 0.0632024 0.0572703 0.0512568 0.0453191 0.0395732 0.0340974 0.0289672 0.0242678 0.0200662 0.0163807 0.0131861 0.0104462 0.00813707 0.00624179 0.00473035 0.00355038 0.00263689 0.00193092 0.00139255 0.00100241 0.000754939 
0 0.00052764 0.00109037 0.00172556 0.00247779 0.00340493 0.00457865 0.00607419 0.00795284 0.010251 0.0129881 0.0161877 0.0198864 0.0241123 0.0288506 0.0340338 0.0395732 0.0453907 0.0514061 0.0574985 0.0635016 0.0692493 0.0746126 0.0794842 0.0837482 0.0872895 0.0900277 0.0919297 0.0929967 0.0932535 0.0927428 0.0915229 0.0896704 0.0872819 0.0844651 0.0813273 0.0779684 0.074477 0.0709291 0.0673909 0.0639199 0.0605623 0.0573536 0.0543171 0.0514637 0.0487945 0.0463034 0.0439793 0.0418091 0.0397781 0.0378711 0.0360725 0.0343658 0.0327344 0.0311619 0.0296321 0.0281307 0.0266448 0.0251637 0.023679 0.0221842 0.020675 0.0191486 0.0176035 0.0160396 0.0144575 0.0128588 0.0112458 0.00962135 0.00798905 0.00635286 0.00471735 0.00308721 0.00146753 -0.000136543 -0.00171984 -0.00327718 -0.00480363 -0.00629429 -0.00774468 -0.00915043 -0.0105076 -0.0118125 -0.0130618 -0.0142524 -0.0153816 -0.0164469 -0.0174463 -0.0183777 -0.0192396 -0.0200305 -0.0207491 -0.0213945 -0.0219658 -0.0224622 -0.0228831 -0.0232281 -0.0234968 -0.0236889 -0.0238042 -0.0238427 -0.0238042 -0.0236889 -0.0234968 -0.0232281 -0.0228831 -0.0224622 -0.0219658 -0.0213945 -0.0207491 -0.0200305 -0.0192396 -0.0183777 -0.0174463 -0.0164469 -0.0153816 -0.0142524 -0.0130618 -0.0118125 -0.0105076 -0.00915043 -0.00774468 -0.00629429 -0.00480363 -0.00327718 -0.00171984 -0.000136543 0.00146753 0.00308721 0.00471735 0.00635286 0.00798905 0.00962135 0.0112458 0.0128588 0.0144575 0.0160396 0.0176035 0.0191486 0.020675 0.0221842 0.023679 0.0251637 0.0266448 0.0281307 0.0296321 0.0311619 0.0327344 0.0343658 0.0360725 0.0378711 0.0397781 0.0418091 0.0439793 0.0463034 0.0487945 0.0514637 0.0543171 0.0573536 0.0605623 0.0639199 0.0673909 0.0709291 0.074477 0.0779684 0.0813273 0.0844651 0.0872819 0.0896704 0.0915229 0.0927428 0.0932535 0.0929967 0.0919297 0.0900277 0.0872895 0.0837482 0.0794842 0.0746126 0.0692493 0.0635016 0.0574985 0.0514061 0.0453907 0.0395732 0.0340338 0.0288506 0.0241123 0.0198864 0.0161878 0.0129884 0.0102519 0.00795552 0.00608133 0.00459637 0.00344598 0.00256664 0.00190536 0.00143087 0.00113181 
0 0.000697153 0.00143064 0.00224567 0.00320335 0.00438138 0.00586375 0.00772205 0.0100016 0.0127263 0.0159199 0.0196188 0.0238549 0.0286182 0.0338431 0.0394375 0.0453191 0.0514061 0.0575746 0.063651 0.0694617 0.074876 0.0797847 0.0840628 0.0875851 0.090273 0.0921032 0.093081 0.0932274 0.0925847 0.0912181 0.0892146 0.086682 0.0837367 0.0804874 0.0770336 0.0734655 0.0698628 0.0662966 0.0628283 0.0595051 0.0563591 0.0534091 0.0506609 0.0481121 0.0457556 0.0435802 0.0415735 0.0397212 0.0380068 0.0364131 0.0349217 0.0335141 0.0321732 0.0308829 0.0296294 0.0284011 0.027188 0.0259822 0.0247766 0.0235655 0.0223441 0.0211082 0.019855 0.0185824 0.0172893 0.0159759 0.014643 0.0132928 0.0119279 0.0105517 0.0091683 0.00778189 0.00639719 0.00501874 0.00365144 0.00229989 0.000968803 -0.00033735 -0.00161423 -0.00285762 -0.00406365 -0.00522845 -0.00634863 -0.00742074 -0.00844187 -0.00940906 -0.0103198 -0.0111717 -0.0119626 -0.0126907 -0.0133542 -0.0139515 -0.0144815 -0.014943 -0.015335 -0.0156568 -0.0159077 -0.0160873 -0.0161952 -0.0162312 -0.0161952 -0.0160873 -0.0159077 -0.0156568 -0.015335 -0.014943 -0.0144815 -0.0139515 -0.0133542 -0.0126907 -0.0119626 -0.0111717 -0.0103198 -0.00940906 -0.00844187 -0.00742074 -0.00634863 -0.00522845 -0.00406365 -0.00285762 -0.00161423 -0.00033735 0.000968803 0.00229989 0.00365144 0.00501874 0.00639719 0.00778189 0.0091683 0.0105517 0.0119279 0.0132928 0.014643 0.0159759 0.0172893 0.0185824 0.019855 0.0211082 0.0223441 0.0235655 0.0247766 0.0259822 0.027188 0.0284011 0.0296294 0.0308829 0.0321732 0.0335141 0.0349217 0.0364131 0.0380068 0.0397212 0.0415735 0.0435802 0.0457556 0.0481121 0.0506609 0.0534091 0.0563591 0.0595051 0.0628283 0.0662966 0.0698628 0.0734655 0.0770336 0.0804874 0.0837367 0.086682 0.0892146 0.0912181 0.0925847 0.0932274 0.093081 0.0921032 0.090273 0.0875851 0.0840628 0.0797847 0.074876 0.0694617 0.063651 0.0575746 0.0514061 0.0453191 0.0394375 0.0338431 0.0286182 0.0238549 0.0196191 0.0159206 0.0127286 0.0100077 0.00773736 0.00589964 0.00446001 0.00336448 0.00255468 0.00198586 0.0016337 
