0 0 0 0 0 0 0 0 0 0 0 0 0 0 0 0 0 0 0 0 0 0 0 0 0 0 0 0 0 0 0 0 0 0 0 0 0 0 0 0 0 0 0 0 0 0 0 0 0 0 0 0 0 0 0 0 0 0 0 0 0 0 0 0 0 0 0 0 0 0 0 0 0 0 0 0 0 0 0 0 0 0 0 0 0 0 0 0 0 0 0 0 0 0 0 0 0 0 0 0 0 0 0 0 0 0 0 0 0 0 0 0 0 0 0 0 0 0 0 0 0 0 0 0 0 0 0 0 0 0 0 0 0 0 0 0 0 0 0 0 0 0 0 0 0 0 0 0 0 0 0 0 0 0 0 0 0 0 0 0 0 0 0 0 0 0 0 0 0 0 0 0 0 0 0 0 0 0 0 0 0 0 0 0 0 0 0 0 0 0 0 0 0 0 0 0 0 0 0 0 
0 9.88153e-35 1.42873e-33 1.93241e-32 2.45811e-31 2.94458e-30 3.32561e-29 3.54485e-28 3.56956e-27 3.39854e-26 3.06169e-25 2.61169e-24 2.11078e-23 1.61721e-22 1.17518e-21 8.10308e-21 5.30366e-20 3.29634e-19 1.94604e-18 1.09158e-17 5.81905e-17 2.9487e-16 1.42062e-15 6.50833e-15 2.83583e-14 1.17538e-13 4.63481e-13 1.73906e-12 6.21015e-12 2.11098e-11 6.83215e-11 2.10591e-10 6.18396e-10 1.73061e-09 4.61772e-09 1.17537e-08 2.85561e-08 6.62674e-08 1.47001e-07 3.11993e-07 6.34172e-07 1.23591e-06 2.31209e-06 4.15744e-06 7.19542e-06 1.20042e-05 1.93343e-05 3.01118e-05 4.54231e-05 6.64788e-05 9.4559e-05 0.000130947 0.000176856 0.000233371 0.000301394 0.000381632 0.000474593 0.00058062 0.00069994 0.000832719 0.000979115 0.00113932 0.0013136 0.00150226 0.00170564 0.00192409 0.00215789 0.00240716 0.00267188 0.00295176 0.00324625 0.00355449 0.00387533 0.00420732 0.00454879 0.00489781 0.0052523 0.00561009 0.00596892 0.00632651 0.00668063 0.00702913 0.00736993 0.00770112 0.00802089 0.00832764 0.00861988 0.00889633 0.00915584 0.00939741 0.0096202 0.00982349 0.0100067 0.0101693 0.0103109 0.0104312 0.0105299 0.0106069 0.0106619 0.010695 0.010706 0.010695 0.0106619 0.0106069 0.0105299 0.0104312 0.0103109 0.0101693 0.0100067 0.00982349 0.0096202 0.00939741 0.00915584 0.00889633 0.00861988 0.00832764 0.00802089 0.00770112 0.00736993 0.00702913 0.00668063 0.00632651 0.00596892 0.00561009 0.0052523 0.00489781 0.00454879 0.00420732 0.00387533 0.00355449 0.00324625 0.00295176 0.00267188 0.00240716 0.00215789 0.00192409 0.00170564 0.00150226 0.0013136 0.00113932 0.000979115 0.000832719 0.00069994 0.00058062 0.000474593 0.000381632 0.000301394 0.000233371 0.000176856 0.000130947 9.4559e-05 6.64788e-05 4.54231e-05 3.01118e-05 1.93343e-05 1.20042e-05 7.19542e-06 4.15744e-06 2.31209e-06 1.23591e-06 6.34172e-07 3.11993e-07 1.47001e-07 6.62674e-08 2.85561e-08 1.17537e-08 4.61772e-09 1.73061e-09 6.18396e-10 2.10591e-10 6.83215e-11 2.11098e-11 6.21015e-12 1.73906e-12 4.63481e-13 1.17538e-13 2.83583e-14 6.50833e-15 1.42062e-15 2.9487e-16 5.81905e-17 1.09158e-17 1.94604e-18 3.29634e-19 5.30366e-20 8.10308e-21 1.17518e-21 1.61721e-22 2.11078e-23 2.61169e-24 3.06169e-25 3.39854e-26 3.56956e-27 3.54485e-28 3.32561e-29 2.94458e-30 2.45811e-31 1.93239e-32 1.42585e-33 5.4632e-35 
0 1.42873e-33 1.96152e-32 2.52195e-31 3.0538e-30 3.48677e-29 3.75783e-28 3.82642e-27 3.68434e-26 3.35715e-25 2.89684e-24 2.36859e-23 1.83614e-22 1.35017e-21 9.42158e-21 6.24146e-20 3.92666e-19 2.34675e-18 1.33271e-17 7.19328e-17 3.69092e-16 1.80069e-15 8.35431e-15 3.68651e-14 1.54745e-13 6.1798e-13 2.34829e-12 8.49215e-12 2.92312e-11 9.57912e-11 2.98922e-10 8.88516e-10 2.51648e-09 6.79388e-09 1.74922e-08 4.29748e-08 1.00812e-07 2.2598e-07 4.84462e-07 9.94266e-07 1.95556e-06 3.69052e-06 6.69139e-06 1.16726e-05 1.96195e-05 3.18248e-05 4.99011e-05 7.57637e-05 0.000111577 0.000159672 0.000222431 0.000302182 0.00040108 0.000521033 0.000663654 0.000830261 0.00102192 0.00123948 0.00148372 0.00175534 0.00205508 0.00238371 0.00274205 0.00313086 0.00355086 0.00400254 0.00448611 0.00500141 0.00554778 0.00612406 0.00672853 0.00735892 0.00801246 0.00868589 0.00937555 0.0100775 0.0107876 0.0115014 0.0122148 0.0129233 0.0136228 0.0143093 0.0149789 0.0156283 0.016254 0.0168532 0.0174233 0.0179618 0.0184667 0.0189363 0.019369 0.0197636 0.0201189 0.0204341 0.0207085 0.0209414 0.0211326 0.0212816 0.0213882 0.0214522 0.0214736 0.0214522 0.0213882 0.0212816 0.0211326 0.0209414 0.0207085 0.0204341 0.0201189 0.0197636 0.019369 0.0189363 0.0184667 0.0179618 0.0174233 0.0168532 0.016254 0.0156283 0.0149789 0.0143093 0.0136228 0.0129233 0.0122148 0.0115014 0.0107876 0.0100775 0.00937555 0.00868589 0.00801246 0.00735892 0.00672853 0.00612406 0.00554778 0.00500141 0.00448611 0.00400254 0.00355086 0.00313086 0.00274205 0.00238371 0.00205508 0.00175534 0.00148372 0.00123948 0.00102192 0.000830261 0.000663654 0.000521033 0.00040108 0.000302182 0.000222431 0.000159672 0.000111577 7.57637e-05 4.99011e-05 3.18248e-05 1.96195e-05 1.16726e-05 6.69139e-06 3.69052e-06 1.95556e-06 9.94266e-07 4.84462e-07 2.2598e-07 1.00812e-07 4.29748e-08 1.74922e-08 6.79388e-09 2.51648e-09 8.88516e-10 2.98922e-10 9.57912e-11 2.92312e-11 8.49215e-12 2.34829e-12 6.1798e-13 1.54745e-13 3.68651e-14 8.35431e-15 1.80069e-15 3.69092e-16 7.19328e-17 1.33271e-17 2.34675e-18 3.92666e-19 6.24146e-20 9.42158e-21 1.35017e-21 1.83614e-22 2.36859e-23 2.89684e-24 3.35715e-25 3.68434e-26 3.82642e-27 3.75783e-28 3.48677e-29 3.0538e-30 2.52192e-31 1.95718e-32 7.98826e-34 
0 1.93241e-32 2.52195e-31 3.08498e-30 3.55851e-29 3.87479e-28 3.98659e-27 3.87878e-26 3.5716e-25 3.11458e-24 2.57378e-23 2.01658e-22 1.4988e-21 1.05717e-20 7.07918e-20 4.50198e-19 2.71978e-18 1.56129e-17 8.51827e-17 4.41791e-16 2.17848e-15 1.02146e-14 4.55492e-14 1.93187e-13 7.79406e-13 2.99147e-12 1.09243e-11 3.79618e-11 1.25549e-10 3.95257e-10 1.18479e-09 3.38237e-09 9.19969e-09 2.38495e-08 5.89602e-08 1.39084e-07 3.13284e-07 6.74378e-07 1.38862e-06 2.73808e-06 5.17616e-06 9.3939e-06 1.63902e-05 2.75359e-05 4.46176e-05 6.98493e-05 0.000105841 0.000155524 0.000222036 0.000308589 0.000418329 0.000554227 0.000718998 0.000915083 0.00114467 0.00140973 0.00171216 0.00205377 0.00243639 0.00286187 0.00333203 0.00384861 0.00441313 0.00502675 0.00569019 0.00640353 0.00716616 0.00797669 0.00883294 0.00973192 0.0106699 0.0116425 0.0126446 0.013671 0.0147156 0.0157725 0.0168356 0.0178986 0.0189556 0.0200005 0.0210277 0.0220319 0.0230081 0.0239517 0.0248585 0.0257245 0.0265466 0.0273216 0.0280469 0.0287204 0.0293402 0.0299045 0.0304122 0.0308621 0.0312534 0.0315855 0.0318578 0.0320699 0.0322216 0.0323127 0.0323431 0.0323127 0.0322216 0.0320699 0.0318578 0.0315855 0.0312534 0.0308621 0.0304122 0.0299045 0.0293402 0.0287204 0.0280469 0.0273216 0.0265466 0.0257245 0.0248585 0.0239517 0.0230081 0.0220319 0.0210277 0.0200005 0.0189556 0.0178986 0.0168356 0.0157725 0.0147156 0.013671 0.0126446 0.0116425 0.0106699 0.00973192 0.00883294 0.00797669 0.00716616 0.00640353 0.00569019 0.00502675 0.00441313 0.00384861 0.00333203 0.00286187 0.00243639 0.00205377 0.00171216 0.00140973 0.00114467 0.000915083 0.000718998 0.000554227 0.000418329 0.000308589 0.000222036 0.000155524 0.000105841 6.98493e-05 4.46176e-05 2.75359e-05 1.63902e-05 9.3939e-06 5.17616e-06 2.73808e-06 1.38862e-06 6.74378e-07 3.13284e-07 1.39084e-07 5.89602e-08 2.38495e-08 9.19969e-09 3.38237e-09 1.18479e-09 3.95257e-10 1.25549e-10 3.79618e-11 1.09243e-11 2.99147e-12 7.79406e-13 1.93187e-13 4.55492e-14 1.02146e-14 2.17848e-15 4.41791e-16 8.51827e-17 1.56129e-17 2.71978e-18 4.50198e-19 7.07918e-20 1.05717e-20 1.4988e-21 2.01658e-22 2.57378e-23 3.11458e-24 3.5716e-25 3.87878e-26 3.98659e-27 3.87479e-28 3.55851e-29 3.08494e-30 2.51585e-31 1.09299e-32 
0 2.45811e-31 3.0538e-30 3.55851e-29 3.91452e-28 4.06905e-27 4.00017e-26 3.7219e-25 3.2798e-24 2.73898e-23 2.16883e-22 1.62917e-21 1.16143e-20 7.86083e-20 5.05283e-19 3.08541e-18 1.79022e-17 9.87204e-17 5.17474e-16 2.57878e-15 1.2219e-14 5.50554e-14 2.35908e-13 9.6139e-13 3.72651e-12 1.374e-11 4.81935e-11 1.60826e-10 5.10684e-10 1.54329e-09 4.43957e-09 1.21606e-08 3.17278e-08 7.88844e-08 1.86999e-07 4.22928e-07 9.13282e-07 1.88471e-06 3.72077e-06 7.0353e-06 1.27576e-05 2.22189e-05 3.72255e-05 6.00997e-05 9.36733e-05 0.000141226 0.000206373 0.000292912 0.000404669 0.000545361 0.000718505 0.000927396 0.00117514 0.00146475 0.00179924 0.0021817 0.00261538 0.00310365 0.00364989 0.00425741 0.00492917 0.00566762 0.00647448 0.00735055 0.00829557 0.00930817 0.0103858 0.0115249 0.0127207 0.0139678 0.0152597 0.0165896 0.01795 0.0193334 0.0207317 0.0221372 0.023542 0.0249385 0.0263193 0.0276775 0.0290063 0.0302996 0.0315517 0.0327573 0.0339118 0.035011 0.0360512 0.0370292 0.0379422 0.038788 0.0395646 0.0402704 0.0409043 0.0414652 0.0419524 0.0423653 0.0427035 0.0429669 0.0431551 0.043268 0.0433057 0.043268 0.0431551 0.0429669 0.0427035 0.0423653 0.0419524 0.0414652 0.0409043 0.0402704 0.0395646 0.038788 0.0379422 0.0370292 0.0360512 0.035011 0.0339118 0.0327573 0.0315517 0.0302996 0.0290063 0.0276775 0.0263193 0.0249385 0.023542 0.0221372 0.0207317 0.0193334 0.01795 0.0165896 0.0152597 0.0139678 0.0127207 0.0115249 0.0103858 0.00930817 0.00829557 0.00735055 0.00647448 0.00566762 0.00492917 0.00425741 0.00364989 0.00310365 0.00261538 0.0021817 0.00179924 0.00146475 0.00117514 0.000927396 0.000718505 0.000545361 0.000404669 0.000292912 0.000206373 0.000141226 9.36733e-05 6.00997e-05 3.72255e-05 2.22189e-05 1.27576e-05 7.0353e-06 3.72077e-06 1.88471e-06 9.13282e-07 4.22928e-07 1.86999e-07 7.88844e-08 3.17278e-08 1.21606e-08 4.43957e-09 1.54329e-09 5.10684e-10 1.60826e-10 4.81935e-11 1.374e-11 3.72651e-12 9.6139e-13 2.35908e-13 5.50554e-14 1.2219e-14 2.57878e-15 5.17474e-16 9.87204e-17 1.79022e-17 3.08541e-18 5.05283e-19 7.86083e-20 1.16143e-20 1.62917e-21 2.16883e-22 2.73898e-23 3.2798e-24 3.7219e-25 4.00017e-26 4.06905e-27 3.91452e-28 3.55845e-29 3.04577e-30 1.40681e-31 
0 2.94458e-30 3.48677e-29 3.87479e-28 4.06905e-27 4.04147e-26 3.7994e-25 3.38309e-24 2.85495e-23 2.28454e-22 1.7343e-21 1.24955e-20 8.54761e-20 5.55309e-19 3.42722e-18 2.00985e-17 1.12017e-16 5.93431e-16 2.98867e-15 1.43103e-14 6.51505e-14 2.8204e-13 1.16104e-12 4.54512e-12 1.69208e-11 5.99094e-11 2.0174e-10 6.46172e-10 1.96885e-09 5.70762e-09 1.57459e-08 4.13496e-08 1.03401e-07 2.46339e-07 5.59421e-07 1.21185e-06 2.50623e-06 4.95323e-06 9.36576e-06 1.69649e-05 2.94819e-05 4.92334e-05 7.91491e-05 0.000122731 0.000183945 0.000267053 0.000376427 0.00051637 0.000691009 0.000904262 0.0011599 0.00146167 0.00181349 0.00221955 0.00268441 0.00321298 0.0038104 0.00448179 0.00523194 0.00606502 0.00698423 0.00799153 0.00908746 0.010271 0.0115397 0.0128895 0.0143151 0.0158099 0.0173664 0.0189764 0.0206309 0.0223207 0.0240364 0.0257683 0.0275069 0.0292429 0.0309673 0.0326713 0.0343467 0.0359856 0.0375809 0.039126 0.0406148 0.042042 0.0434029 0.0446932 0.0459095 0.0470489 0.0481089 0.0490876 0.0499836 0.0507957 0.051523 0.0521652 0.0527219 0.0531928 0.0535781 0.0538776 0.0540915 0.0542198 0.0542625 0.0542198 0.0540915 0.0538776 0.0535781 0.0531928 0.0527219 0.0521652 0.051523 0.0507957 0.0499836 0.0490876 0.0481089 0.0470489 0.0459095 0.0446932 0.0434029 0.042042 0.0406148 0.039126 0.0375809 0.0359856 0.0343467 0.0326713 0.0309673 0.0292429 0.0275069 0.0257683 0.0240364 0.0223207 0.0206309 0.0189764 0.0173664 0.0158099 0.0143151 0.0128895 0.0115397 0.010271 0.00908746 0.00799153 0.00698423 0.00606502 0.00523194 0.00448179 0.0038104 0.00321298 0.00268441 0.00221955 0.00181349 0.00146167 0.0011599 0.000904262 0.000691009 0.00051637 0.000376427 0.000267053 0.000183945 0.000122731 7.91491e-05 4.92334e-05 2.94819e-05 1.69649e-05 9.36576e-06 4.95323e-06 2.50623e-06 1.21185e-06 5.59421e-07 2.46339e-07 1.03401e-07 4.13496e-08 1.57459e-08 5.70762e-09 1.96885e-09 6.46172e-10 2.0174e-10 5.99094e-11 1.69208e-11 4.54512e-12 1.16104e-12 2.8204e-13 6.51505e-14 1.43103e-14 2.98867e-15 5.93431e-16 1.12017e-16 2.00985e-17 3.42722e-18 5.55309e-19 8.54761e-20 1.24955e-20 1.7343e-21 2.28454e-22 2.85495e-23 3.38309e-24 3.7994e-25 4.04147e-26 4.06905e-27 3.87471e-28 3.47681e-29 1.70562e-30 
0 3.32561e-29 3.75783e-28 3.98659e-27 4.00017e-26 3.7994e-25 3.41824e-24 2.91475e-23 2.3569e-22 1.80812e-21 1.31654e-20 9.10164e-20 5.97607e-19 3.72764e-18 2.20937e-17 1.2445e-16 6.66314e-16 3.39127e-15 1.6409e-14 7.54846e-14 3.30148e-13 1.3729e-12 5.42812e-12 2.04053e-11 7.29319e-11 2.47845e-10 8.00829e-10 2.46049e-09 7.18898e-09 1.99773e-08 5.28108e-08 1.32846e-07 3.1811e-07 7.25482e-07 1.57675e-06 3.26829e-06 6.46696e-06 1.22286e-05 2.21263e-05 3.8365e-05 6.38526e-05 0.000102199 0.000157627 0.000234797 0.000338585 0.000473855 0.000645297 0.00085737 0.00111437 0.00142063 0.00178072 0.00219971 0.00268331 0.00323784 0.0038701 0.00458708 0.0053955 0.00630138 0.00730957 0.00842342 0.00964451 0.0109725 0.0124051 0.0139382 0.0155661 0.0172816 0.0190763 0.0209409 0.0228651 0.0248386 0.0268501 0.0288887 0.0309431 0.0330022 0.0350552 0.0370916 0.0391012 0.0410745 0.0430028 0.0448777 0.0466918 0.0484386 0.0501122 0.0517075 0.0532204 0.0546473 0.0559856 0.0572331 0.0583883 0.0594502 0.0604182 0.0612923 0.0620725 0.0627591 0.0633525 0.0638534 0.0642623 0.0645797 0.064806 0.0649417 0.0649869 0.0649417 0.064806 0.0645797 0.0642623 0.0638534 0.0633525 0.0627591 0.0620725 0.0612923 0.0604182 0.0594502 0.0583883 0.0572331 0.0559856 0.0546473 0.0532204 0.0517075 0.0501122 0.0484386 0.0466918 0.0448777 0.0430028 0.0410745 0.0391012 0.0370916 0.0350552 0.0330022 0.0309431 0.0288887 0.0268501 0.0248386 0.0228651 0.0209409 0.0190763 0.0172816 0.0155661 0.0139382 0.0124051 0.0109725 0.00964451 0.00842342 0.00730957 0.00630138 0.0053955 0.00458708 0.0038701 0.00323784 0.00268331 0.00219971 0.00178072 0.00142063 0.00111437 0.00085737 0.000645297 0.000473855 0.000338585 0.000234797 0.000157627 0.000102199 6.38526e-05 3.8365e-05 2.21263e-05 1.22286e-05 6.46696e-06 3.26829e-06 1.57675e-06 7.25482e-07 3.1811e-07 1.32846e-07 5.28108e-08 1.99773e-08 7.18898e-09 2.46049e-09 8.00829e-10 2.47845e-10 7.29319e-11 2.04053e-11 5.42812e-12 1.3729e-12 3.30148e-13 7.54846e-14 1.6409e-14 3.39127e-15 6.66314e-16 1.2445e-16 2.20937e-17 3.72764e-18 5.97607e-19 9.10164e-20 1.31654e-20 1.80812e-21 2.3569e-22 2.91475e-23 3.41824e-24 3.7994e-25 4.00017e-26 3.98649e-27 3.74621e-28 1.95013e-29 
0 3.54485e-28 3.82642e-27 3.87878e-26 3.7219e-25 3.38309e-24 2.91475e-23 2.38153e-22 1.84619e-21 1.35844e-20 9.49074e-20 6.2977e-19 3.97005e-18 2.3781e-17 1.3538e-16 7.3253e-16 3.76774e-15 1.84225e-14 8.56322e-14 3.78402e-13 1.58961e-12 6.34798e-12 2.40975e-11 8.69523e-11 2.98227e-10 9.72207e-10 3.0124e-09 8.87201e-09 2.48381e-08 6.61084e-08 1.67312e-07 4.02772e-07 9.22634e-07 2.0122e-06 4.181e-06 8.28384e-06 1.56667e-05 2.8318e-05 4.8992e-05 8.12648e-05 0.00012949 0.000198639 0.000294054 0.000421164 0.000585244 0.0007913 0.00104413 0.00134851 0.00170957 0.00213308 0.00262572 0.00319511 0.00384969 0.00459827 0.00544955 0.00641148 0.00749066 0.00869192 0.0100179 0.011469 0.0130433 0.0147367 0.0165433 0.0184555 0.0204643 0.0225596 0.0247302 0.0269645 0.0292501 0.0315745 0.0339247 0.0362879 0.0386511 0.041002 0.0433283 0.0456185 0.0478619 0.0500484 0.052169 0.0542157 0.0561815 0.0580605 0.0598478 0.0615394 0.0631325 0.064625 0.0660156 0.0673038 0.0684896 0.0695734 0.0705563 0.0714393 0.0722239 0.0729115 0.0735037 0.0740019 0.0744075 0.0747217 0.0749454 0.0750793 0.0751239 0.0750793 0.0749454 0.0747217 0.0744075 0.0740019 0.0735037 0.0729115 0.0722239 0.0714393 0.0705563 0.0695734 0.0684896 0.0673038 0.0660156 0.064625 0.0631325 0.0615394 0.0598478 0.0580605 0.0561815 0.0542157 0.052169 0.0500484 0.0478619 0.0456185 0.0433283 0.041002 0.0386511 0.0362879 0.0339247 0.0315745 0.0292501 0.0269645 0.0247302 0.0225596 0.0204643 0.0184555 0.0165433 0.0147367 0.0130433 0.011469 0.0100179 0.00869192 0.00749066 0.00641148 0.00544955 0.00459827 0.00384969 0.00319511 0.00262572 0.00213308 0.00170957 0.00134851 0.00104413 0.0007913 0.000585244 0.000421164 0.000294054 0.000198639 0.00012949 8.12648e-05 4.8992e-05 2.8318e-05 1.56667e-05 8.28384e-06 4.181e-06 2.0122e-06 9.22634e-07 4.02772e-07 1.67312e-07 6.61084e-08 2.48381e-08 8.87201e-09 3.0124e-09 9.72207e-10 2.98227e-10 8.69523e-11 2.40975e-11 6.34798e-12 1.58961e-12 3.78402e-13 8.56322e-14 1.84225e-14 3.76774e-15 7.3253e-16 1.3538e-16 2.3781e-17 3.97005e-18 6.2977e-19 9.49074e-20 1.35844e-20 1.84619e-21 2.38153e-22 2.91475e-23 3.38309e-24 3.7219e-25 3.87868e-26 3.81366e-27 2.10494e-28 
0 3.56956e-27 3.68434e-26 3.5716e-25 3.2798e-24 2.85495e-23 2.3569e-22 1.84619e-21 1.3727e-20 9.69147e-20 6.49891e-19 4.14032e-18 2.50642e-17 1.442e-16 7.88532e-16 4.09868e-15 2.02516e-14 9.5119e-14 4.24679e-13 1.80227e-12 7.26978e-12 2.78695e-11 1.01533e-10 3.51497e-10 1.1562e-09 3.61342e-09 1.0729e-08 3.02658e-08 8.11193e-08 2.06598e-07 5.00093e-07 1.15089e-06 2.51923e-06 5.24829e-06 1.04141e-05 1.97017e-05 3.55791e-05 6.1423e-05 0.000101546 0.000161091 0.000245783 0.000361598 0.000514436 0.000709898 0.000953283 0.0012498 0.00160497 0.0020251 0.00251766 0.00309147 0.00375649 0.00452345 0.0054031 0.00640547 0.00753906 0.00881027 0.010223 0.0117783 0.0134748 0.0153086 0.0172737 0.0193622 0.0215645 0.0238701 0.0262671 0.0287426 0.0312832 0.0338746 0.0365021 0.0391508 0.0418056 0.0444516 0.0470743 0.0496599 0.0521954 0.0546688 0.0570693 0.0593873 0.0616147 0.0637446 0.0657717 0.0676916 0.0695016 0.0711999 0.0727855 0.0742587 0.0756204 0.076872 0.0780155 0.0790535 0.0799885 0.0808233 0.0815609 0.0822039 0.0827551 0.083217 0.0835918 0.0838812 0.0840868 0.0842098 0.0842507 0.0842098 0.0840868 0.0838812 0.0835918 0.083217 0.0827551 0.0822039 0.0815609 0.0808233 0.0799885 0.0790535 0.0780155 0.076872 0.0756204 0.0742587 0.0727855 0.0711999 0.0695016 0.0676916 0.0657717 0.0637446 0.0616147 0.0593873 0.0570693 0.0546688 0.0521954 0.0496599 0.0470743 0.0444516 0.0418056 0.0391508 0.0365021 0.0338746 0.0312832 0.0287426 0.0262671 0.0238701 0.0215645 0.0193622 0.0172737 0.0153086 0.0134748 0.0117783 0.010223 0.00881027 0.00753906 0.00640547 0.0054031 0.00452345 0.00375649 0.00309147 0.00251766 0.0020251 0.00160497 0.0012498 0.000953283 0.000709898 0.000514436 0.000361598 0.000245783 0.000161091 0.000101546 6.1423e-05 3.55791e-05 1.97017e-05 1.04141e-05 5.24829e-06 2.51923e-06 1.15089e-06 5.00093e-07 2.06598e-07 8.11193e-08 3.02658e-08 1.0729e-08 3.61342e-09 1.1562e-09 3.51497e-10 1.01533e-10 2.78695e-11 7.26978e-12 1.80227e-12 4.24679e-13 9.5119e-14 2.02516e-14 4.09868e-15 7.88532e-16 1.442e-16 2.50642e-17 4.14032e-18 6.49891e-19 9.69147e-20 1.3727e-20 1.84619e-21 2.3569e-22 2.85495e-23 3.2798e-24 3.57148e-25 3.67113e-26 2.14698e-27 
0 3.39854e-26 3.35715e-25 3.11458e-24 2.73898e-23 2.28454e-22 1.80812e-21 1.35844e-20 9.69147e-20 6.56739e-19 4.22817e-18 2.5867e-17 1.50396e-16 8.31126e-16 4.36576e-15 2.17984e-14 1.03457e-13 4.66703e-13 2.00098e-12 8.15308e-12 3.15669e-11 1.16123e-10 4.05812e-10 1.34708e-09 4.24687e-09 1.27148e-08 3.61478e-08 9.75831e-08 2.50152e-07 6.09003e-07 1.40838e-06 3.09496e-06 6.46618e-06 1.28529e-05 2.43282e-05 4.39021e-05 7.56411e-05 0.000124651 0.000196886 0.000298802 0.000436934 0.000617556 0.000846531 0.00112948 0.00147222 0.00188139 0.00236501 0.00293283 0.00359626 0.0043679 0.00526069 0.00628694 0.0074573 0.00877999 0.0102603 0.0119004 0.0136994 0.0156538 0.0177577 0.020003 0.0223802 0.024878 0.0274839 0.0301841 0.0329636 0.0358064 0.0386956 0.0416138 0.0445433 0.0474663 0.0503656 0.0532245 0.0560276 0.0587607 0.061411 0.0639674 0.0664207 0.0687632 0.070989 0.0730939 0.0750751 0.0769312 0.0786622 0.0802692 0.0817541 0.0831196 0.0843692 0.0855067 0.0865363 0.0874624 0.0882895 0.089022 0.0896642 0.0902203 0.0906939 0.0910886 0.0914073 0.0916525 0.0918262 0.0919299 0.0919643 0.0919299 0.0918262 0.0916525 0.0914073 0.0910886 0.0906939 0.0902203 0.0896642 0.089022 0.0882895 0.0874624 0.0865363 0.0855067 0.0843692 0.0831196 0.0817541 0.0802692 0.0786622 0.0769312 0.0750751 0.0730939 0.070989 0.0687632 0.0664207 0.0639674 0.061411 0.0587607 0.0560276 0.0532245 0.0503656 0.0474663 0.0445433 0.0416138 0.0386956 0.0358064 0.0329636 0.0301841 0.0274839 0.024878 0.0223802 0.020003 0.0177577 0.0156538 0.0136994 0.0119004 0.0102603 0.00877999 0.0074573 0.00628694 0.00526069 0.0043679 0.00359626 0.00293283 0.00236501 0.00188139 0.00147222 0.00112948 0.000846531 0.000617556 0.000436934 0.000298802 0.000196886 0.000124651 7.56411e-05 4.39021e-05 2.43282e-05 1.28529e-05 6.46618e-06 3.09496e-06 1.40838e-06 6.09003e-07 2.50152e-07 9.75831e-08 3.61478e-08 1.27148e-08 4.24687e-09 1.34708e-09 4.05812e-10 1.16123e-10 3.15669e-11 8.15308e-12 2.00098e-12 4.66703e-13 1.03457e-13 2.17984e-14 4.36576e-15 8.31126e-16 1.50396e-16 2.5867e-17 4.22817e-18 6.56739e-19 9.69147e-20 1.35844e-20 1.80812e-21 2.28454e-22 2.73898e-23 3.11446e-24 3.34424e-25 2.0711e-26 
0 3.06169e-25 2.89684e-24 2.57378e-23 2.16883e-22 1.7343e-21 1.31654e-20 9.49074e-20 6.49891e-19 4.22817e-18 2.61403e-17 1.53593e-16 8.57775e-16 4.55337e-15 2.29749e-14 1.10184e-13 5.02232e-13 2.17553e-12 8.95469e-12 3.50183e-11 1.30086e-10 4.58962e-10 1.53765e-09 4.89093e-09 1.47675e-08 4.23198e-08 1.15094e-07 2.97038e-07 7.27498e-07 1.69109e-06 3.73184e-06 7.82132e-06 1.55776e-05 2.95086e-05 5.32244e-05 9.15398e-05 0.000150394 0.000236555 0.000357154 0.000519195 0.000729227 0.000993349 0.00131763 0.00170881 0.00217514 0.00272697 0.00337684 0.00413913 0.00502904 0.00606135 0.00724918 0.00860294 0.0101297 0.0118328 0.0137124 0.0157656 0.0179868 0.0203684 0.0229006 0.0255722 0.0283699 0.0312789 0.0342827 0.037363 0.0405004 0.0436743 0.0468639 0.0500479 0.0532058 0.056318 0.059366 0.0623332 0.065205 0.0679685 0.0706132 0.073131 0.0755153 0.077762 0.0798687 0.0818345 0.0836603 0.085348 0.086901 0.0883233 0.0896199 0.0907962 0.0918582 0.0928119 0.0936638 0.09442 0.0950869 0.0956702 0.0961758 0.0966087 0.0969737 0.0972752 0.0975167 0.0977013 0.0978314 0.0979088 0.0979345 0.0979088 0.0978314 0.0977013 0.0975167 0.0972752 0.0969737 0.0966087 0.0961758 0.0956702 0.0950869 0.09442 0.0936638 0.0928119 0.0918582 0.0907962 0.0896199 0.0883233 0.086901 0.085348 0.0836603 0.0818345 0.0798687 0.077762 0.0755153 0.073131 0.0706132 0.0679685 0.065205 0.0623332 0.059366 0.056318 0.0532058 0.0500479 0.0468639 0.0436743 0.0405004 0.037363 0.0342827 0.0312789 0.0283699 0.0255722 0.0229006 0.0203684 0.0179868 0.0157656 0.0137124 0.0118328 0.0101297 0.00860294 0.00724918 0.00606135 0.00502904 0.00413913 0.00337684 0.00272697 0.00217514 0.00170881 0.00131763 0.000993349 0.000729227 0.000519195 0.000357154 0.000236555 0.000150394 9.15398e-05 5.32244e-05 2.95086e-05 1.55776e-05 7.82132e-06 3.73184e-06 1.69109e-06 7.27498e-07 2.97038e-07 1.15094e-07 4.23198e-08 1.47675e-08 4.89093e-09 1.53765e-09 4.58962e-10 1.30086e-10 3.50183e-11 8.95469e-12 2.17553e-12 5.02232e-13 1.10184e-13 2.29749e-14 4.55337e-15 8.57775e-16 1.53593e-16 2.61403e-17 4.22817e-18 6.49891e-19 9.49074e-20 1.31654e-20 1.7343e-21 2.16883e-22 2.57366e-23 2.88492e-24 1.89104e-25 
0 2.61169e-24 2.36859e-23 2.01658e-22 1.62917e-21 1.24955e-20 9.10164e-20 6.2977e-19 4.14032e-18 2.5867e-17 1.53593e-16 8.66846e-16 4.65017e-15 2.37109e-14 1.1491e-13 5.29247e-13 2.31633e-12 9.63202e-12 3.8048e-11 1.42743e-10 5.08504e-10 1.71967e-09 5.51962e-09 1.68106e-08 4.85706e-08 1.33107e-07 3.4594e-07 8.52601e-07 1.99271e-06 4.41732e-06 9.29011e-06 1.8546e-05 3.517e-05 6.34231e-05 0.000108916 0.000178445 0.000279569 0.000420022 0.00060717 0.000847761 0.00114817 0.00151511 0.00195673 0.00248345 0.00310855 0.00384781 0.00471863 0.00573845 0.00692318 0.00828581 0.00983557 0.0115776 0.0135133 0.0156407 0.0179551 0.0204494 0.0231145 0.0259391 0.0289096 0.0320102 0.0352226 0.0385261 0.0418981 0.0453147 0.048751 0.052182 0.0555833 0.0589318 0.062206 0.0653865 0.0684564 0.0714012 0.0742092 0.0768712 0.0793803 0.0817323 0.0839249 0.0859578 0.0878327 0.0895527 0.0911222 0.0925468 0.0938331 0.0949882 0.09602 0.0969365 0.0977461 0.0984571 0.0990777 0.0996159 0.100079 0.100475 0.100811 0.101092 0.101323 0.101511 0.101659 0.10177 0.101848 0.101894 0.101909 0.101894 0.101848 0.10177 0.101659 0.101511 0.101323 0.101092 0.100811 0.100475 0.100079 0.0996159 0.0990777 0.0984571 0.0977461 0.0969365 0.09602 0.0949882 0.0938331 0.0925468 0.0911222 0.0895527 0.0878327 0.0859578 0.0839249 0.0817323 0.0793803 0.0768712 0.0742092 0.0714012 0.0684564 0.0653865 0.062206 0.0589318 0.0555833 0.052182 0.048751 0.0453147 0.0418981 0.0385261 0.0352226 0.0320102 0.0289096 0.0259391 0.0231145 0.0204494 0.0179551 0.0156407 0.0135133 0.0115776 0.00983557 0.00828581 0.00692318 0.00573845 0.00471863 0.00384781 0.00310855 0.00248345 0.00195673 0.00151511 0.00114817 0.000847761 0.00060717 0.000420022 0.000279569 0.000178445 0.000108916 6.34231e-05 3.517e-05 1.8546e-05 9.29011e-06 4.41732e-06 1.99271e-06 8.52601e-07 3.4594e-07 1.33107e-07 4.85706e-08 1.68106e-08 5.51962e-09 1.71967e-09 5.08504e-10 1.42743e-10 3.8048e-11 9.63202e-12 2.31633e-12 5.29247e-13 1.1491e-13 2.37109e-14 4.65017e-15 8.66846e-16 1.53593e-16 2.5867e-17 4.14032e-18 6.2977e-19 9.10164e-20 1.24955e-20 1.62916e-21 2.01647e-22 2.3582e-23 1.63542e-24 
0 2.11078e-23 1.83614e-22 1.4988e-21 1.16143e-20 8.54761e-20 5.97607e-19 3.97005e-18 2.50642e-17 1.50396e-16 8.57775e-16 4.65017e-15 2.39614e-14 1.17348e-13 5.46146e-13 2.4152e-12 1.01468e-11 4.04902e-11 1.53429e-10 5.51939e-10 1.88442e-09 6.1044e-09 1.87568e-08 5.46511e-08 1.50956e-07 3.95198e-07 9.80432e-07 2.30475e-06 5.13389e-06 1.08385e-05 2.16954e-05 4.12026e-05 7.43139e-05 0.00012747 0.00020833 0.000325203 0.000486338 0.000699357 0.000971166 0.00130852 0.00171913 0.00221304 0.00280352 0.00350726 0.0043435 0.00533237 0.00649289 0.00784111 0.00938895 0.0111438 0.0131086 0.015283 0.0176633 0.0202438 0.0230162 0.0259698 0.029091 0.0323631 0.035766 0.0392765 0.0428685 0.0465141 0.0501841 0.0538494 0.0574814 0.0610531 0.0645395 0.0679184 0.0711702 0.0742786 0.0772301 0.0800142 0.0826236 0.0850533 0.0873011 0.089367 0.0912534 0.0929642 0.0945051 0.0958834 0.0971072 0.0981857 0.0991288 0.0999467 0.10065 0.101249 0.101755 0.102177 0.102526 0.102811 0.10304 0.103223 0.103365 0.103475 0.103558 0.103619 0.103663 0.103694 0.103714 0.103725 0.103728 0.103725 0.103714 0.103694 0.103663 0.103619 0.103558 0.103475 0.103365 0.103223 0.10304 0.102811 0.102526 0.102177 0.101755 0.101249 0.10065 0.0999467 0.0991288 0.0981857 0.0971072 0.0958834 0.0945051 0.0929642 0.0912534 0.089367 0.0873011 0.0850533 0.0826236 0.0800142 0.0772301 0.0742786 0.0711702 0.0679184 0.0645395 0.0610531 0.0574814 0.0538494 0.0501841 0.0465141 0.0428685 0.0392765 0.035766 0.0323631 0.029091 0.0259698 0.0230162 0.0202438 0.0176633 0.015283 0.0131086 0.0111438 0.00938895 0.00784111 0.00649289 0.00533237 0.0043435 0.00350726 0.00280352 0.00221304 0.00171913 0.00130852 0.000971166 0.000699357 0.000486338 0.000325203 0.00020833 0.00012747 7.43139e-05 4.12026e-05 2.16954e-05 1.08385e-05 5.13389e-06 2.30475e-06 9.80432e-07 3.95198e-07 1.50956e-07 5.46511e-08 1.87568e-08 6.1044e-09 1.88442e-09 5.51939e-10 1.53429e-10 4.04902e-11 1.01468e-11 2.4152e-12 5.46146e-13 1.17348e-13 2.39614e-14 4.65017e-15 8.57775e-16 1.50396e-16 2.50642e-17 3.97005e-18 5.97607e-19 8.54761e-20 1.16143e-20 1.49871e-21 1.82757e-22 1.34048e-23 
0 1.61721e-22 1.35017e-21 1.05717e-20 7.86083e-20 5.55309e-19 3.72764e-18 2.3781e-17 1.442e-16 8.31126e-16 4.55337e-15 2.37109e-14 1.17348e-13 5.51897e-13 2.4662e-12 1.04688e-11 4.22044e-11 1.61546e-10 5.8692e-10 2.02333e-09 6.61621e-09 2.05142e-08 6.02903e-08 1.67896e-07 4.42888e-07 1.10636e-06 2.61675e-06 5.85951e-06 1.24229e-05 2.49443e-05 4.74621e-05 8.56536e-05 0.00014681 0.000239444 0.00037256 0.000554825 0.000794031 0.00109724 0.00147178 0.0019268 0.00247481 0.00313251 0.00392037 0.00486096 0.00597658 0.00728683 0.00880694 0.010547 0.0125123 0.0147041 0.0171206 0.0197575 0.0226083 0.0256632 0.0289092 0.0323291 0.0359012 0.0395996 0.0433948 0.0472547 0.0511456 0.0550337 0.058886 0.0626714 0.0663613 0.06993 0.0733551 0.0766175 0.0797016 0.0825954 0.0852897 0.087779 0.0900604 0.0921341 0.0940026 0.0956711 0.0971465 0.0984376 0.0995547 0.100509 0.101313 0.10198 0.102521 0.102951 0.103283 0.103528 0.103699 0.103808 0.103865 0.103881 0.103865 0.103825 0.103769 0.103703 0.103635 0.103568 0.103508 0.103458 0.10342 0.103396 0.103388 0.103396 0.10342 0.103458 0.103508 0.103568 0.103635 0.103703 0.103769 0.103825 0.103865 0.103881 0.103865 0.103808 0.103699 0.103528 0.103283 0.102951 0.102521 0.10198 0.101313 0.100509 0.0995547 0.0984376 0.0971465 0.0956711 0.0940026 0.0921341 0.0900604 0.087779 0.0852897 0.0825954 0.0797016 0.0766175 0.0733551 0.06993 0.0663613 0.0626714 0.058886 0.0550337 0.0511456 0.0472547 0.0433948 0.0395996 0.0359012 0.0323291 0.0289092 0.0256632 0.0226083 0.0197575 0.0171206 0.0147041 0.0125123 0.010547 0.00880694 0.00728683 0.00597658 0.00486096 0.00392037 0.00313251 0.00247481 0.0019268 0.00147178 0.00109724 0.000794031 0.000554825 0.00037256 0.000239444 0.00014681 8.56536e-05 4.74621e-05 2.49443e-05 1.24229e-05 5.85951e-06 2.61675e-06 1.10636e-06 4.42888e-07 1.67896e-07 6.02903e-08 2.05142e-08 6.61621e-09 2.02333e-09 5.8692e-10 1.61546e-10 4.22044e-11 1.04688e-11 2.4662e-12 5.51897e-13 1.17348e-13 2.37109e-14 4.55337e-15 8.31126e-16 1.442e-16 2.3781e-17 3.72764e-18 5.55309e-19 7.86082e-20 1.0571e-20 1.34348e-21 1.04194e-22 
0 1.17518e-21 9.42158e-21 7.07918e-20 5.05283e-19 3.42722e-18 2.20937e-17 1.3538e-16 7.88532e-16 4.36576e-15 2.29749e-14 1.1491e-13 5.46146e-13 2.4662e-12 1.05783e-11 4.30884e-11 1.66619e-10 6.11457e-10 2.12873e-09 7.02785e-09 2.19932e-08 6.52138e-08 1.83144e-07 4.86937e-07 1.22525e-06 2.91688e-06 6.56859e-06 1.39915e-05 2.81946e-05 5.37739e-05 9.71484e-05 0.000166468 0.000271075 0.000420608 0.000624059 0.000889325 0.00122369 0.0016353 0.00213522 0.00273906 0.00346742 0.00434464 0.0053962 0.00664568 0.00811227 0.00980949 0.0117454 0.0139235 0.016344 0.019005 0.0219017 0.0250264 0.0283673 0.0319072 0.0356235 0.0394877 0.0434669 0.0475247 0.051623 0.0557233 0.0597879 0.0637813 0.0676708 0.0714269 0.0750235 0.0784383 0.0816526 0.0846517 0.0874246 0.0899639 0.0922661 0.0943309 0.0961613 0.0977635 0.0991459 0.100319 0.101296 0.102091 0.102718 0.103193 0.103532 0.10375 0.103863 0.103886 0.103833 0.103719 0.103555 0.103354 0.103127 0.102883 0.102632 0.102381 0.102138 0.10191 0.101701 0.101517 0.101361 0.101237 0.101146 0.101091 0.101073 0.101091 0.101146 0.101237 0.101361 0.101517 0.101701 0.10191 0.102138 0.102381 0.102632 0.102883 0.103127 0.103354 0.103555 0.103719 0.103833 0.103886 0.103863 0.10375 0.103532 0.103193 0.102718 0.102091 0.101296 0.100319 0.0991459 0.0977635 0.0961613 0.0943309 0.0922661 0.0899639 0.0874246 0.0846517 0.0816526 0.0784383 0.0750235 0.0714269 0.0676708 0.0637813 0.0597879 0.0557233 0.051623 0.0475247 0.0434669 0.0394877 0.0356235 0.0319072 0.0283673 0.0250264 0.0219017 0.019005 0.016344 0.0139235 0.0117454 0.00980949 0.00811227 0.00664568 0.0053962 0.00434464 0.00346742 0.00273906 0.00213522 0.0016353 0.00122369 0.000889325 0.000624059 0.000420608 0.000271075 0.000166468 9.71484e-05 5.37739e-05 2.81946e-05 1.39915e-05 6.56859e-06 2.91688e-06 1.22525e-06 4.86937e-07 1.83144e-07 6.52138e-08 2.19932e-08 7.02785e-09 2.12873e-09 6.11457e-10 1.66619e-10 4.30884e-11 1.05783e-11 2.4662e-12 5.46146e-13 1.1491e-13 2.29749e-14 4.36576e-15 7.88532e-16 1.3538e-16 2.20937e-17 3.42722e-18 5.05282e-19 7.07861e-20 9.37221e-21 7.68428e-22 
0 8.10308e-21 6.24146e-20 4.50198e-19 3.08541e-18 2.00985e-17 1.2445e-16 7.3253e-16 4.09868e-15 2.17984e-14 1.10184e-13 5.29247e-13 2.4152e-12 1.04688e-11 4.30884e-11 1.68346e-10 6.24105e-10 2.19458e-09 7.3163e-09 2.3114e-08 6.91662e-08 1.95944e-07 5.25267e-07 1.33181e-06 3.19256e-06 7.23339e-06 1.54873e-05 3.13368e-05 5.99407e-05 0.000108466 0.000185914 0.000302432 0.000468223 0.000692528 0.000983313 0.00134818 0.00179643 0.00234155 0.0030028 0.00380498 0.00477614 0.00594395 0.00733226 0.00895889 0.0108353 0.0129677 0.0153588 0.018009 0.0209163 0.0240757 0.0274775 0.0311054 0.0349364 0.0389404 0.0430813 0.0473187 0.05161 0.0559119 0.0601823 0.0643809 0.0684704 0.0724167 0.0761893 0.0797615 0.0831109 0.086219 0.0890719 0.0916602 0.0939789 0.0960276 0.0978096 0.0993322 0.100606 0.101644 0.10246 0.103074 0.103501 0.10376 0.103871 0.103852 0.10372 0.103494 0.103189 0.102822 0.102407 0.101958 0.101486 0.101004 0.100521 0.100046 0.0995884 0.0991543 0.0987503 0.0983819 0.0980537 0.0977696 0.0975329 0.0973462 0.0972115 0.0971301 0.0971028 0.0971301 0.0972115 0.0973462 0.0975329 0.0977696 0.0980537 0.0983819 0.0987503 0.0991543 0.0995884 0.100046 0.100521 0.101004 0.101486 0.101958 0.102407 0.102822 0.103189 0.103494 0.10372 0.103852 0.103871 0.10376 0.103501 0.103074 0.10246 0.101644 0.100606 0.0993322 0.0978096 0.0960276 0.0939789 0.0916602 0.0890719 0.086219 0.0831109 0.0797615 0.0761893 0.0724167 0.0684704 0.0643809 0.0601823 0.0559119 0.05161 0.0473187 0.0430813 0.0389404 0.0349364 0.0311054 0.0274775 0.0240757 0.0209163 0.018009 0.0153588 0.0129677 0.0108353 0.00895889 0.00733226 0.00594395 0.00477614 0.00380498 0.0030028 0.00234155 0.00179643 0.00134818 0.000983313 0.000692528 0.000468223 0.000302432 0.000185914 0.000108466 5.99407e-05 3.13368e-05 1.54873e-05 7.23339e-06 3.19256e-06 1.33181e-06 5.25267e-07 1.95944e-07 6.91662e-08 2.3114e-08 7.3163e-09 2.19458e-09 6.24105e-10 1.68346e-10 4.30884e-11 1.04688e-11 2.4152e-12 5.29247e-13 1.10184e-13 2.17984e-14 4.09868e-15 7.3253e-16 1.2445e-16 2.00985e-17 3.0854e-18 4.50157e-19 6.20694e-20 5.37942e-21 
0 5.30366e-20 3.92666e-19 2.71978e-18 1.79022e-17 1.12017e-16 6.66314e-16 3.76774e-15 2.02516e-14 1.03457e-13 5.02232e-13 2.31633e-12 1.01468e-11 4.22044e-11 1.66619e-10 6.24105e-10 2.21698e-09 7.46491e-09 2.38135e-08 7.1932e-08 2.05625e-07 5.55955e-07 1.42094e-06 3.43135e-06 7.82571e-06 1.68509e-05 3.42549e-05 6.57524e-05 0.00011925 0.000204587 0.000332679 0.000514239 0.000758695 0.00107408 0.00146846 0.00195264 0.00254301 0.00326294 0.00414153 0.0052101 0.00649763 0.00802719 0.00981464 0.0118695 0.0141971 0.0168004 0.0196807 0.0228364 0.0262609 0.0299402 0.0338521 0.0379654 0.0422418 0.0466373 0.0511051 0.0555975 0.0600675 0.06447 0.0687626 0.0729059 0.0768639 0.0806045 0.0841002 0.087328 0.0902703 0.092915 0.0952557 0.0972913 0.0990258 0.100468 0.10163 0.102527 0.103179 0.103603 0.103823 0.103858 0.103731 0.103463 0.103075 0.102586 0.102016 0.101381 0.100699 0.0999844 0.0992509 0.0985109 0.0977758 0.0970556 0.0963591 0.0956941 0.0950674 0.094485 0.0939519 0.0934724 0.0930502 0.0926882 0.0923889 0.0921542 0.0919856 0.091884 0.0918501 0.091884 0.0919856 0.0921542 0.0923889 0.0926882 0.0930502 0.0934724 0.0939519 0.094485 0.0950674 0.0956941 0.0963591 0.0970556 0.0977758 0.0985109 0.0992509 0.0999844 0.100699 0.101381 0.102016 0.102586 0.103075 0.103463 0.103731 0.103858 0.103823 0.103603 0.103179 0.102527 0.10163 0.100468 0.0990258 0.0972913 0.0952557 0.092915 0.0902703 0.087328 0.0841002 0.0806045 0.0768639 0.0729059 0.0687626 0.06447 0.0600675 0.0555975 0.0511051 0.0466373 0.0422418 0.0379654 0.0338521 0.0299402 0.0262609 0.0228364 0.0196807 0.0168004 0.0141971 0.0118695 0.00981464 0.00802719 0.00649763 0.0052101 0.00414153 0.00326294 0.00254301 0.00195264 0.00146846 0.00107408 0.000758695 0.000514239 0.000332679 0.000204587 0.00011925 6.57524e-05 3.42549e-05 1.68509e-05 7.82571e-06 3.43135e-06 1.42094e-06 5.55955e-07 2.05625e-07 7.1932e-08 2.38135e-08 7.46491e-09 2.21698e-09 6.24105e-10 1.66619e-10 4.22044e-11 1.01468e-11 2.31633e-12 5.02232e-13 1.03457e-13 2.02516e-14 3.76774e-15 6.66314e-16 1.12017e-16 1.79022e-17 2.7195e-18 3.90381e-19 3.57618e-20 
0 3.29634e-19 2.34675e-18 1.56129e-17 9.87204e-17 5.93431e-16 3.39127e-15 1.84225e-14 9.5119e-14 4.66703e-13 2.17553e-12 9.63202e-12 4.04902e-11 1.61546e-10 6.11457e-10 2.19458e-09 7.46491e-09 2.40513e-08 7.33558e-08 2.11659e-07 5.77391e-07 1.48818e-06 3.62185e-06 8.31882e-06 1.80247e-05 3.68341e-05 7.09971e-05 0.000129139 0.000221915 0.000360973 0.000557496 0.000821061 0.00115979 0.00158238 0.00210148 0.00273683 0.0035162 0.00447291 0.00564089 0.00704944 0.00872007 0.0106665 0.012897 0.0154172 0.0182317 0.0213428 0.0247482 0.0284379 0.0323917 0.0365789 0.0409598 0.0454877 0.0501122 0.0547812 0.0594434 0.0640485 0.0685484 0.0728978 0.077054 0.0809786 0.0846376 0.0880026 0.0910516 0.0937693 0.0961474 0.0981841 0.0998839 0.101257 0.102317 0.103084 0.103576 0.103819 0.103834 0.103648 0.103284 0.102766 0.102119 0.101365 0.100524 0.0996171 0.0986621 0.097676 0.0966739 0.0956696 0.0946755 0.0937022 0.0927594 0.0918552 0.0909966 0.0901899 0.08944 0.0887513 0.0881273 0.0875711 0.0870848 0.0866705 0.0863298 0.0860636 0.0858729 0.0857582 0.08572 0.0857582 0.0858729 0.0860636 0.0863298 0.0866705 0.0870848 0.0875711 0.0881273 0.0887513 0.08944 0.0901899 0.0909966 0.0918552 0.0927594 0.0937022 0.0946755 0.0956696 0.0966739 0.097676 0.0986621 0.0996171 0.100524 0.101365 0.102119 0.102766 0.103284 0.103648 0.103834 0.103819 0.103576 0.103084 0.102317 0.101257 0.0998839 0.0981841 0.0961474 0.0937693 0.0910516 0.0880026 0.0846376 0.0809786 0.077054 0.0728978 0.0685484 0.0640485 0.0594434 0.0547812 0.0501122 0.0454877 0.0409598 0.0365789 0.0323917 0.0284379 0.0247482 0.0213428 0.0182317 0.0154172 0.012897 0.0106665 0.00872007 0.00704944 0.00564089 0.00447291 0.0035162 0.00273683 0.00210148 0.00158238 0.00115979 0.000821061 0.000557496 0.000360973 0.000221915 0.000129139 7.09971e-05 3.68341e-05 1.80247e-05 8.31882e-06 3.62185e-06 1.48818e-06 5.77391e-07 2.11659e-07 7.33558e-08 2.40513e-08 7.46491e-09 2.19458e-09 6.11457e-10 1.61546e-10 4.04902e-11 9.63202e-12 2.17553e-12 4.66703e-13 9.5119e-14 1.84225e-14 3.39127e-15 5.93431e-16 9.87202e-17 1.56111e-17 2.33243e-18 2.25849e-19 
0 1.94604e-18 1.33271e-17 8.51827e-17 5.17474e-16 2.98867e-15 1.6409e-14 8.56322e-14 4.24679e-13 2.00098e-12 8.95469e-12 3.8048e-11 1.53429e-10 5.8692e-10 2.12873e-09 7.3163e-09 2.38135e-08 7.33558e-08 2.13709e-07 5.88412e-07 1.53001e-06 3.75457e-06 8.68945e-06 1.89565e-05 3.89674e-05 7.54737e-05 0.000137786 0.000237344 0.000386503 0.000596887 0.000878211 0.00123874 0.00168795 0.00224064 0.00292027 0.00375914 0.00479449 0.00606213 0.00759076 0.0093998 0.0115012 0.0139032 0.0166131 0.0196375 0.0229796 0.0266345 0.0305862 0.0348064 0.0392552 0.0438844 0.0486407 0.0534684 0.0583118 0.0631158 0.0678264 0.0723912 0.0767605 0.0808878 0.0847319 0.088258 0.0914387 0.0942549 0.0966959 0.098759 0.100449 0.101776 0.102757 0.103412 0.103764 0.103839 0.103663 0.103265 0.102672 0.101911 0.10101 0.0999926 0.0988843 0.0977071 0.0964818 0.0952273 0.0939606 0.0926967 0.091449 0.090229 0.0890466 0.0879104 0.0868274 0.0858035 0.0848435 0.0839515 0.0831304 0.0823828 0.0817105 0.081115 0.0805975 0.0801585 0.0797989 0.0795188 0.0793186 0.0791984 0.0791583 0.0791984 0.0793186 0.0795188 0.0797989 0.0801585 0.0805975 0.081115 0.0817105 0.0823828 0.0831304 0.0839515 0.0848435 0.0858035 0.0868274 0.0879104 0.0890466 0.090229 0.091449 0.0926967 0.0939606 0.0952273 0.0964818 0.0977071 0.0988843 0.0999926 0.10101 0.101911 0.102672 0.103265 0.103663 0.103839 0.103764 0.103412 0.102757 0.101776 0.100449 0.098759 0.0966959 0.0942549 0.0914387 0.088258 0.0847319 0.0808878 0.0767605 0.0723912 0.0678264 0.0631158 0.0583118 0.0534684 0.0486407 0.0438844 0.0392552 0.0348064 0.0305862 0.0266345 0.0229796 0.0196375 0.0166131 0.0139032 0.0115012 0.0093998 0.00759076 0.00606213 0.00479449 0.00375914 0.00292027 0.00224064 0.00168795 0.00123874 0.000878211 0.000596887 0.000386503 0.000237344 0.000137786 7.54737e-05 3.89674e-05 1.89565e-05 8.68945e-06 3.75457e-06 1.53001e-06 5.88412e-07 2.13709e-07 7.33558e-08 2.38135e-08 7.3163e-09 2.12873e-09 5.8692e-10 1.53429e-10 3.8048e-11 8.95469e-12 2.00098e-12 4.24679e-13 8.56322e-14 1.6409e-14 2.98867e-15 5.17472e-16 8.51711e-17 1.3242e-17 1.35541e-18 
