0 0 0 0 0 0 0 0 0 0 0 0 0 0 0 0 0 0 0 0 0 0 0 0 0 0 0 0 0 0 0 0 0 0 0 0 0 0 0 0 0 0 0 0 0 0 0 0 0 0 0 0 0 0 0 0 0 0 0 0 0 0 0 0 0 0 0 0 0 0 0 0 0 0 0 0 0 0 0 0 0 0 0 0 0 0 0 0 0 0 0 0 0 0 0 0 0 0 0 0 0 0 0 0 0 0 0 0 0 0 0 0 0 0 0 0 0 0 0 0 0 0 0 0 0 0 0 0 0 0 0 0 0 0 0 0 0 0 0 0 0 0 0 0 0 0 0 0 0 0 0 0 0 0 0 0 0 0 0 0 0 0 0 0 0 0 0 0 0 0 0 0 0 0 0 0 0 0 0 0 0 0 0 0 0 0 0 0 0 0 0 0 0 0 0 0 0 0 0 0 
0 1.88491e-12 7.8747e-12 2.98525e-11 1.07757e-10 3.71198e-10 1.21997e-09 3.82384e-09 1.1425e-08 3.25247e-08 8.81782e-08 2.27553e-07 5.58678e-07 1.30433e-06 2.89441e-06 6.1025e-06 1.22207e-05 2.32404e-05 4.19721e-05 7.20071e-05 0.000117432 0.000182279 0.000269824 0.000382023 0.000519451 0.000682026 0.000870465 0.00108803 0.00134177 0.00164245 0.00200292 0.00243519 0.00294735 0.0035413 0.00421231 0.00495036 0.00574276 0.00657678 0.00744139 0.00832759 0.00922726 0.0101313 0.0110279 0.0119012 0.012732 0.0134985 0.0141787 0.0147521 0.0152018 0.0155153 0.0156853 0.0157087 0.0155865 0.0153224 0.0149224 0.014394 0.0137457 0.0129873 0.0121294 0.0111839 0.0101636 0.00908212 0.00795365 0.00679274 0.00561377 0.00443056 0.003256 0.00210175 0.000978008 -0.00010663 -0.0011452 -0.00213233 -0.00306418 -0.00393826 -0.00475331 -0.0055091 -0.00620627 -0.00684618 -0.00743073 -0.00796227 -0.00844344 -0.00887712 -0.00926629 -0.00961402 -0.00992338 -0.0101974 -0.010439 -0.010651 -0.0108361 -0.0109968 -0.0111356 -0.0112545 -0.0113555 -0.0114405 -0.0115109 -0.0115682 -0.0116135 -0.0116478 -0.0116717 -0.0116859 -0.0116906 -0.0116859 -0.0116717 -0.0116478 -0.0116135 -0.0115682 -0.0115109 -0.0114405 -0.0113555 -0.0112545 -0.0111356 -0.0109968 -0.0108361 -0.010651 -0.010439 -0.0101974 -0.00992338 -0.00961402 -0.00926629 -0.00887712 -0.00844344 -0.00796227 -0.00743073 -0.00684618 -0.00620627 -0.0055091 -0.00475331 -0.00393826 -0.00306418 -0.00213233 -0.0011452 -0.00010663 0.000978008 0.00210175 0.003256 0.00443056 0.00561377 0.00679274 0.00795365 0.00908212 0.0101636 0.0111839 0.0121294 0.0129873 0.0137457 0.014394 0.0149224 0.0153224 0.0155865 0.0157087 0.0156853 0.0155153 0.0152018 0.0147521 0.0141787 0.0134985 0.012732 0.0119012 0.0110279 0.0101313 0.00922726 0.00832759 0.00744139 0.00657678 0.00574276 0.00495036 0.00421231 0.0035413 0.00294735 0.00243519 0.00200292 0.00164245 0.00134177 0.00108803 0.000870465 0.000682026 0.000519451 0.000382023 0.000269824 0.000182279 0.000117432 7.20071e-05 4.19721e-05 2.32404e-05 1.22207e-05 6.1025e-06 2.89441e-06 1.30433e-06 5.58678e-07 2.27553e-07 8.81782e-08 3.25247e-08 1.1425e-08 3.82384e-09 1.21997e-09 3.71196e-10 1.0775e-10 2.98237e-11 7.75501e-12 1.41061e-12 
0 7.8747e-12 3.19538e-11 1.17275e-10 4.0964e-10 1.36529e-09 4.34081e-09 1.316e-08 3.80261e-08 1.04676e-07 2.74375e-07 6.84497e-07 1.62454e-06 3.6664e-06 7.86581e-06 1.60372e-05 3.10696e-05 5.72001e-05 0.000100106 0.000166661 0.000264272 0.000399875 0.000578937 0.000804963 0.00108002 0.0014064 0.00178904 0.00223761 0.00276729 0.00339739 0.00414805 0.00503601 0.00607094 0.0072535 0.00857572 0.0100231 0.0115775 0.0132193 0.0149288 0.0166856 0.0184674 0.0202487 0.0219998 0.0236867 0.0252728 0.0267204 0.0279935 0.0290593 0.0298906 0.0304661 0.0307714 0.0307987 0.0305461 0.0300177 0.0292222 0.0281732 0.0268879 0.0253871 0.0236943 0.0218353 0.0198375 0.0177289 0.0155379 0.0132923 0.0110187 0.00874214 0.00648541 0.00426892 0.00211047 2.51364e-05 -0.00197472 -0.00387937 -0.00568157 -0.00737634 -0.00896082 -0.010434 -0.0117963 -0.0130498 -0.0141974 -0.0152431 -0.0161915 -0.0170477 -0.0178173 -0.0185059 -0.0191194 -0.0196634 -0.0201438 -0.0205659 -0.0209349 -0.0212558 -0.0215332 -0.0217713 -0.0219739 -0.0221446 -0.0222863 -0.0224017 -0.0224931 -0.0225623 -0.0226107 -0.0226393 -0.0226488 -0.0226393 -0.0226107 -0.0225623 -0.0224931 -0.0224017 -0.0222863 -0.0221446 -0.0219739 -0.0217713 -0.0215332 -0.0212558 -0.0209349 -0.0205659 -0.0201438 -0.0196634 -0.0191194 -0.0185059 -0.0178173 -0.0170477 -0.0161915 -0.0152431 -0.0141974 -0.0130498 -0.0117963 -0.010434 -0.00896082 -0.00737634 -0.00568157 -0.00387937 -0.00197472 2.51364e-05 0.00211047 0.00426892 0.00648541 0.00874214 0.0110187 0.0132923 0.0155379 0.0177289 0.0198375 0.0218353 0.0236943 0.0253871 0.0268879 0.0281732 0.0292222 0.0300177 0.0305461 0.0307987 0.0307714 0.0304661 0.0298906 0.0290593 0.0279935 0.0267204 0.0252728 0.0236867 0.0219998 0.0202487 0.0184674 0.0166856 0.0149288 0.0132193 0.0115775 0.0100231 0.00857572 0.0072535 0.00607094 0.00503601 0.00414805 0.00339739 0.00276729 0.00223761 0.00178904 0.0014064 0.00108002 0.000804963 0.000578937 0.000399875 0.000264272 0.000166661 0.000100106 5.72001e-05 3.10696e-05 1.60372e-05 7.86581e-06 3.6664e-06 1.62454e-06 6.84497e-07 2.74375e-07 1.04676e-07 3.80261e-08 1.316e-08 4.34081e-09 1.36528e-09 4.09611e-10 1.17154e-10 3.14663e-11 6.01639e-12 
0 2.98525e-11 1.17275e-10 4.15003e-10 1.39644e-09 4.48116e-09 1.37105e-08 3.99772e-08 1.11034e-07 2.9361e-07 7.38832e-07 1.76839e-06 4.02424e-06 8.70377e-06 1.78871e-05 3.49256e-05 6.47997e-05 0.000114293 0.000191802 0.000306683 0.000468214 0.000684546 0.000962196 0.0013066 0.00172384 0.00222292 0.00281769 0.00352711 0.00437357 0.00537947 0.00656354 0.00793806 0.00950775 0.0112703 0.0132179 0.0153376 0.0176123 0.0200193 0.0225297 0.0251076 0.0277106 0.0302911 0.0327986 0.035182 0.0373919 0.0393819 0.0411098 0.0425383 0.0436355 0.0443749 0.0447367 0.0447084 0.044285 0.0434699 0.0422746 0.0407185 0.0388278 0.0366348 0.0341759 0.0314904 0.028619 0.0256027 0.0224815 0.0192936 0.0160748 0.012858 0.00967298 0.00654615 0.00350049 0.000555587 -0.00227232 -0.00497023 -0.00752821 -0.00993922 -0.0121989 -0.0143051 -0.0162583 -0.0180602 -0.0197146 -0.0212265 -0.0226017 -0.023847 -0.0249698 -0.0259777 -0.0268787 -0.0276805 -0.028391 -0.0290177 -0.0295677 -0.030048 -0.0304648 -0.030824 -0.031131 -0.0313905 -0.0316069 -0.0317837 -0.0319242 -0.0320308 -0.0321055 -0.0321498 -0.0321645 -0.0321498 -0.0321055 -0.0320308 -0.0319242 -0.0317837 -0.0316069 -0.0313905 -0.031131 -0.030824 -0.0304648 -0.030048 -0.0295677 -0.0290177 -0.028391 -0.0276805 -0.0268787 -0.0259777 -0.0249698 -0.023847 -0.0226017 -0.0212265 -0.0197146 -0.0180602 -0.0162583 -0.0143051 -0.0121989 -0.00993922 -0.00752821 -0.00497023 -0.00227232 0.000555587 0.00350049 0.00654615 0.00967298 0.012858 0.0160748 0.0192936 0.0224815 0.0256027 0.028619 0.0314904 0.0341759 0.0366348 0.0388278 0.0407185 0.0422746 0.0434699 0.044285 0.0447084 0.0447367 0.0443749 0.0436355 0.0425383 0.0411098 0.0393819 0.0373919 0.035182 0.0327986 0.0302911 0.0277106 0.0251076 0.0225297 0.0200193 0.0176123 0.0153376 0.0132179 0.0112703 0.00950775 0.00793806 0.00656354 0.00537947 0.00437357 0.00352711 0.00281769 0.00222292 0.00172384 0.0013066 0.000962196 0.000684546 0.000468214 0.000306683 0.000191802 0.000114293 6.47997e-05 3.49256e-05 1.78871e-05 8.70377e-06 4.02424e-06 1.76839e-06 7.38832e-07 2.9361e-07 1.11034e-07 3.99772e-08 1.37105e-08 4.48113e-09 1.39632e-09 4.14539e-10 1.15491e-10 2.33543e-11 
0 1.07757e-10 4.0964e-10 1.39644e-09 4.52154e-09 1.39524e-08 4.10206e-08 1.14849e-07 3.06045e-07 7.75799e-07 1.86978e-06 4.2825e-06 9.31738e-06 1.92507e-05 3.77659e-05 7.03557e-05 0.000124521 0.000209574 0.000335935 0.000514074 0.00075351 0.00106254 0.0014492 0.00192333 0.00249908 0.00319626 0.00403959 0.00505563 0.00626852 0.00769637 0.00934979 0.0112327 0.0133446 0.0156823 0.0182395 0.0210055 0.023961 0.027076 0.0303082 0.0336043 0.036903 0.040139 0.0432473 0.0461655 0.0488364 0.0512078 0.0532332 0.0548717 0.056088 0.056854 0.0571489 0.0569611 0.0562885 0.0551394 0.0535317 0.0514924 0.0490561 0.0462635 0.0431597 0.0397926 0.0362108 0.0324631 0.0285965 0.0246562 0.0206843 0.0167194 0.0127966 0.00894705 0.00519773 0.00157167 -0.00191212 -0.00523846 -0.00839585 -0.0113762 -0.0141744 -0.0167884 -0.0192185 -0.0214672 -0.0235385 -0.0254383 -0.0271735 -0.0287519 -0.0301817 -0.031472 -0.0326316 -0.0336695 -0.0345948 -0.0354159 -0.0361412 -0.0367785 -0.0373352 -0.037818 -0.0382332 -0.0385863 -0.0388823 -0.0391255 -0.0393195 -0.0394673 -0.0395712 -0.0396329 -0.0396533 -0.0396329 -0.0395712 -0.0394673 -0.0393195 -0.0391255 -0.0388823 -0.0385863 -0.0382332 -0.037818 -0.0373352 -0.0367785 -0.0361412 -0.0354159 -0.0345948 -0.0336695 -0.0326316 -0.031472 -0.0301817 -0.0287519 -0.0271735 -0.0254383 -0.0235385 -0.0214672 -0.0192185 -0.0167884 -0.0141744 -0.0113762 -0.00839585 -0.00523846 -0.00191212 0.00157167 0.00519773 0.00894705 0.0127966 0.0167194 0.0206843 0.0246562 0.0285965 0.0324631 0.0362108 0.0397926 0.0431597 0.0462635 0.0490561 0.0514924 0.0535317 0.0551394 0.0562885 0.0569611 0.0571489 0.056854 0.056088 0.0548717 0.0532332 0.0512078 0.0488364 0.0461655 0.0432473 0.040139 0.036903 0.0336043 0.0303082 0.027076 0.023961 0.0210055 0.0182395 0.0156823 0.0133446 0.0112327 0.00934979 0.00769637 0.00626852 0.00505563 0.00403959 0.00319626 0.00249908 0.00192333 0.0014492 0.00106254 0.00075351 0.000514074 0.000335935 0.000209574 0.000124521 7.03557e-05 3.77659e-05 1.92507e-05 9.31738e-06 4.2825e-06 1.86978e-06 7.75799e-07 3.06045e-07 1.14849e-07 4.10206e-08 1.39523e-08 4.5211e-09 1.39476e-09 4.03492e-10 8.64338e-11 
0 3.71198e-10 1.36529e-09 4.48116e-09 1.39524e-08 4.13676e-08 1.16766e-07 3.13598e-07 8.00884e-07 1.9438e-06 4.48104e-06 9.80701e-06 2.03684e-05 4.01374e-05 7.50458e-05 0.000133188 0.000224579 0.000360363 0.00055166 0.000808606 0.00114032 0.00155634 0.00206934 0.00269789 0.00346752 0.00440896 0.00555367 0.00692845 0.00855176 0.0104331 0.0125753 0.0149781 0.0176399 0.0205569 0.0237203 0.0271113 0.0306985 0.0344368 0.0382689 0.0421288 0.0459457 0.0496479 0.0531646 0.0564283 0.0593755 0.0619477 0.0640924 0.0657652 0.0669306 0.0675633 0.0676495 0.0671867 0.0661831 0.0646571 0.062636 0.0601541 0.0572522 0.0539753 0.050372 0.0464928 0.0423893 0.0381129 0.0337141 0.0292413 0.0247401 0.0202525 0.0158167 0.0114665 0.00723096 0.0031348 -0.000801944 -0.00456351 -0.00813818 -0.0115179 -0.0146979 -0.0176765 -0.0204541 -0.0230338 -0.0254201 -0.0276189 -0.0296373 -0.0314835 -0.0331658 -0.0346933 -0.036075 -0.0373202 -0.0384378 -0.0394367 -0.0403254 -0.0411118 -0.0418035 -0.0424076 -0.0429305 -0.043378 -0.0437552 -0.0440668 -0.0443164 -0.0445073 -0.0446419 -0.044722 -0.0447485 -0.044722 -0.0446419 -0.0445073 -0.0443164 -0.0440668 -0.0437552 -0.043378 -0.0429305 -0.0424076 -0.0418035 -0.0411118 -0.0403254 -0.0394367 -0.0384378 -0.0373202 -0.036075 -0.0346933 -0.0331658 -0.0314835 -0.0296373 -0.0276189 -0.0254201 -0.0230338 -0.0204541 -0.0176765 -0.0146979 -0.0115179 -0.00813818 -0.00456351 -0.000801944 0.0031348 0.00723096 0.0114665 0.0158167 0.0202525 0.0247401 0.0292413 0.0337141 0.0381129 0.0423893 0.0464928 0.050372 0.0539753 0.0572522 0.0601541 0.062636 0.0646571 0.0661831 0.0671867 0.0676495 0.0675633 0.0669306 0.0657652 0.0640924 0.0619477 0.0593755 0.0564283 0.0531646 0.0496479 0.0459457 0.0421288 0.0382689 0.0344368 0.0306985 0.0271113 0.0237203 0.0205569 0.0176399 0.0149781 0.0125753 0.0104331 0.00855176 0.00692845 0.00555367 0.00440896 0.00346752 0.00269789 0.00206934 0.00155634 0.00114032 0.000808606 0.00055166 0.000360363 0.000224579 0.000133188 7.50458e-05 4.01374e-05 2.03684e-05 9.80701e-06 4.48104e-06 1.9438e-06 8.00884e-07 3.13598e-07 1.16766e-07 4.13672e-08 1.39508e-08 4.47545e-09 1.34536e-09 3.05645e-10 
0 1.21997e-09 4.34081e-09 1.37105e-08 4.10206e-08 1.16766e-07 3.1615e-07 8.1369e-07 1.98945e-06 4.61787e-06 1.01703e-05 2.12425e-05 4.20649e-05 7.89691e-05 0.000140591 0.000237577 0.000381683 0.000584513 0.000856542 0.0012073 0.00164733 0.0021914 0.00286164 0.00368832 0.00470704 0.00595308 0.00745535 0.00923294 0.0112957 0.0136477 0.0162909 0.0192257 0.0224491 0.02595 0.0297047 0.0336756 0.0378118 0.0420526 0.046331 0.0505769 0.0547189 0.0586846 0.0624018 0.0657992 0.0688087 0.0713682 0.0734244 0.0749357 0.0758734 0.0762226 0.0759813 0.0751593 0.0737764 0.0718608 0.0694473 0.0665763 0.0632921 0.0596427 0.0556782 0.0514504 0.0470114 0.042413 0.0377055 0.0329369 0.0281519 0.0233915 0.0186927 0.0140879 0.00960465 0.00526639 0.00109197 -0.00290377 -0.00670981 -0.0103185 -0.0137253 -0.0169282 -0.0199277 -0.0227261 -0.0253274 -0.0277369 -0.029961 -0.0320071 -0.0338828 -0.0355966 -0.0371568 -0.038572 -0.0398507 -0.0410012 -0.0420315 -0.0429493 -0.0437619 -0.044476 -0.0450978 -0.0456329 -0.0460863 -0.0464625 -0.0467652 -0.0469974 -0.0471615 -0.0472593 -0.0472918 -0.0472593 -0.0471615 -0.0469974 -0.0467652 -0.0464625 -0.0460863 -0.0456329 -0.0450978 -0.044476 -0.0437619 -0.0429493 -0.0420315 -0.0410012 -0.0398507 -0.038572 -0.0371568 -0.0355966 -0.0338828 -0.0320071 -0.029961 -0.0277369 -0.0253274 -0.0227261 -0.0199277 -0.0169282 -0.0137253 -0.0103185 -0.00670981 -0.00290377 0.00109197 0.00526639 0.00960465 0.0140879 0.0186927 0.0233915 0.0281519 0.0329369 0.0377055 0.042413 0.0470114 0.0514504 0.0556782 0.0596427 0.0632921 0.0665763 0.0694473 0.0718608 0.0737764 0.0751593 0.0759813 0.0762226 0.0758734 0.0749357 0.0734244 0.0713682 0.0688087 0.0657992 0.0624018 0.0586846 0.0547189 0.0505769 0.046331 0.0420526 0.0378118 0.0336756 0.0297047 0.02595 0.0224491 0.0192257 0.0162909 0.0136477 0.0112957 0.00923294 0.00745535 0.00595308 0.00470704 0.00368832 0.00286164 0.0021914 0.00164733 0.0012073 0.000856542 0.000584513 0.000381683 0.000237577 0.000140591 7.89691e-05 4.20649e-05 2.12425e-05 1.01703e-05 4.61787e-06 1.98945e-06 8.1369e-07 3.16149e-07 1.16765e-07 4.10154e-08 1.36922e-08 4.28028e-09 1.03251e-09 
0 3.82384e-09 1.316e-08 3.99772e-08 1.14849e-07 3.13598e-07 8.1369e-07 2.00489e-06 4.68777e-06 1.03944e-05 2.18446e-05 4.34939e-05 8.20322e-05 0.000146595 0.000248419 0.000399838 0.000612898 0.000898354 0.00126607 0.00172738 0.00229897 0.00300608 0.00388295 0.00496893 0.00630165 0.00791068 0.00981491 0.0120248 0.0145468 0.0173869 0.0205492 0.0240313 0.0278186 0.0318805 0.0361707 0.0406307 0.0451948 0.0497939 0.0543579 0.0588154 0.0630934 0.0671176 0.0708137 0.0741103 0.0769428 0.0792563 0.0810086 0.082171 0.0827286 0.0826794 0.0820325 0.0808072 0.0790309 0.0767383 0.0739697 0.0707705 0.0671893 0.0632773 0.0590868 0.0546701 0.0500785 0.0453609 0.0405638 0.03573 0.0308988 0.0261055 0.0213814 0.0167538 0.0122462 0.00787841 0.00366681 -0.000375509 -0.00423848 -0.0079148 -0.0113997 -0.0146907 -0.0177874 -0.0206909 -0.0234042 -0.0259312 -0.0282772 -0.030448 -0.0324502 -0.0342909 -0.0359772 -0.0375165 -0.0389164 -0.0401841 -0.0413267 -0.0423509 -0.0432632 -0.0440696 -0.0447757 -0.0453866 -0.0459067 -0.0463399 -0.0466898 -0.046959 -0.0471497 -0.0472635 -0.0473014 -0.0472635 -0.0471497 -0.046959 -0.0466898 -0.0463399 -0.0459067 -0.0453866 -0.0447757 -0.0440696 -0.0432632 -0.0423509 -0.0413267 -0.0401841 -0.0389164 -0.0375165 -0.0359772 -0.0342909 -0.0324502 -0.030448 -0.0282772 -0.0259312 -0.0234042 -0.0206909 -0.0177874 -0.0146907 -0.0113997 -0.0079148 -0.00423848 -0.000375509 0.00366681 0.00787841 0.0122462 0.0167538 0.0213814 0.0261055 0.0308988 0.03573 0.0405638 0.0453609 0.0500785 0.0546701 0.0590868 0.0632773 0.0671893 0.0707705 0.0739697 0.0767383 0.0790309 0.0808072 0.0820325 0.0826794 0.0827286 0.082171 0.0810086 0.0792563 0.0769428 0.0741103 0.0708137 0.0671176 0.0630934 0.0588154 0.0543579 0.0497939 0.0451948 0.0406307 0.0361707 0.0318805 0.0278186 0.0240313 0.0205492 0.0173869 0.0145468 0.0120248 0.00981491 0.00791068 0.00630165 0.00496893 0.00388295 0.00300608 0.00229897 0.00172738 0.00126607 0.000898354 0.000612898 0.000399838 0.000248419 0.000146595 8.20322e-05 4.34939e-05 2.18446e-05 1.03944e-05 4.68777e-06 2.00489e-06 8.13689e-07 3.13593e-07 1.14832e-07 3.99223e-08 1.29892e-08 3.3311e-09 
0 1.1425e-08 3.80261e-08 1.11034e-07 3.06045e-07 8.00884e-07 1.98945e-06 4.68777e-06 1.04701e-05 2.21518e-05 4.43732e-05 8.41352e-05 0.000151024 0.000256832 0.00041445 0.000636369 0.000933637 0.00131644 0.00179695 0.00239362 0.00313469 0.00405799 0.00520591 0.00661742 0.0083216 0.0103363 0.0126723 0.0153389 0.0183461 0.0217012 0.0254019 0.0294293 0.0337457 0.0382973 0.0430195 0.0478427 0.0526952 0.0575039 0.0621935 0.0666865 0.0709042 0.0747703 0.0782141 0.0811747 0.0836031 0.0854634 0.0867326 0.0873993 0.0874633 0.0869338 0.0858289 0.0841754 0.0820072 0.0793653 0.0762956 0.0728481 0.0690748 0.0650282 0.0607596 0.0563184 0.0517508 0.0470993 0.042403 0.0376969 0.0330125 0.0283775 0.0238167 0.0193515 0.0150005 0.0107795 0.00670176 0.00277792 -0.000983538 -0.00457633 -0.00799615 -0.0112405 -0.0143084 -0.0172005 -0.0199185 -0.0224651 -0.024844 -0.0270595 -0.0291165 -0.0310203 -0.0327764 -0.0343905 -0.0358683 -0.0372155 -0.0384378 -0.0395404 -0.0405285 -0.041407 -0.0421804 -0.0428527 -0.0434277 -0.0439086 -0.0442982 -0.0445989 -0.0448123 -0.0449398 -0.0449822 -0.0449398 -0.0448123 -0.0445989 -0.0442982 -0.0439086 -0.0434277 -0.0428527 -0.0421804 -0.041407 -0.0405285 -0.0395404 -0.0384378 -0.0372155 -0.0358683 -0.0343905 -0.0327764 -0.0310203 -0.0291165 -0.0270595 -0.024844 -0.0224651 -0.0199185 -0.0172005 -0.0143084 -0.0112405 -0.00799615 -0.00457633 -0.000983538 0.00277792 0.00670176 0.0107795 0.0150005 0.0193515 0.0238167 0.0283775 0.0330125 0.0376969 0.042403 0.0470993 0.0517508 0.0563184 0.0607596 0.0650282 0.0690748 0.0728481 0.0762956 0.0793653 0.0820072 0.0841754 0.0858289 0.0869338 0.0874633 0.0873993 0.0867326 0.0854634 0.0836031 0.0811747 0.0782141 0.0747703 0.0709042 0.0666865 0.0621935 0.0575039 0.0526952 0.0478427 0.0430195 0.0382973 0.0337457 0.0294293 0.0254019 0.0217012 0.0183461 0.0153389 0.0126723 0.0103363 0.0083216 0.00661742 0.00520591 0.00405799 0.00313469 0.00239362 0.00179695 0.00131644 0.000933637 0.000636369 0.00041445 0.000256832 0.000151024 8.41352e-05 4.43732e-05 2.21518e-05 1.04701e-05 4.68777e-06 1.98945e-06 8.00869e-07 3.05996e-07 1.10881e-07 3.75841e-08 1.02602e-08 
0 3.25247e-08 1.04676e-07 2.9361e-07 7.75799e-07 1.9438e-06 4.61787e-06 1.03944e-05 2.21518e-05 4.467e-05 8.52055e-05 0.00015374 0.000262578 0.000425161 0.000654437 0.000961784 0.00135775 0.0018553 0.00247466 0.00324692 0.00421331 0.00541884 0.00690329 0.00869472 0.0108097 0.0132594 0.0160558 0.0192126 0.0227389 0.0266302 0.0308617 0.0353888 0.0401517 0.0450827 0.0501105 0.055161 0.0601568 0.0650158 0.0696529 0.0739833 0.0779281 0.0814186 0.0843995 0.08683 0.0886827 0.0899422 0.0906038 0.0906721 0.0901603 0.0890902 0.0874916 0.0854017 0.0828635 0.0799246 0.0766349 0.0730453 0.0692056 0.0651635 0.060964 0.0566484 0.0522547 0.0478171 0.0433664 0.0389302 0.0345328 0.0301955 0.025937 0.0217733 0.0177179 0.0137821 0.00997524 0.00630463 0.00277602 -0.00060636 -0.00383958 -0.00692184 -0.00985237 -0.0126312 -0.0152593 -0.017738 -0.0200693 -0.0222558 -0.0243002 -0.0262059 -0.0279761 -0.0296145 -0.0311249 -0.0325108 -0.0337762 -0.0349246 -0.0359596 -0.0368848 -0.0377032 -0.0384178 -0.0390315 -0.0395465 -0.0399649 -0.0402886 -0.0405188 -0.0406565 -0.0407023 -0.0406565 -0.0405188 -0.0402886 -0.0399649 -0.0395465 -0.0390315 -0.0384178 -0.0377032 -0.0368848 -0.0359596 -0.0349246 -0.0337762 -0.0325108 -0.0311249 -0.0296145 -0.0279761 -0.0262059 -0.0243002 -0.0222558 -0.0200693 -0.017738 -0.0152593 -0.0126312 -0.00985237 -0.00692184 -0.00383958 -0.00060636 0.00277602 0.00630463 0.00997524 0.0137821 0.0177179 0.0217733 0.025937 0.0301955 0.0345328 0.0389302 0.0433664 0.0478171 0.0522547 0.0566484 0.060964 0.0651635 0.0692056 0.0730453 0.0766349 0.0799246 0.0828635 0.0854017 0.0874916 0.0890902 0.0901603 0.0906721 0.0906038 0.0899422 0.0886827 0.08683 0.0843995 0.0814186 0.0779281 0.0739833 0.0696529 0.0650158 0.0601568 0.055161 0.0501105 0.0450827 0.0401517 0.0353888 0.0308617 0.0266302 0.0227389 0.0192126 0.0160558 0.0132594 0.0108097 0.00869472 0.00690329 0.00541884 0.00421331 0.00324692 0.00247466 0.0018553 0.00135775 0.000961784 0.000654437 0.000425161 0.000262578 0.00015374 8.52055e-05 4.467e-05 2.21518e-05 1.03944e-05 4.61785e-06 1.94376e-06 7.75665e-07 2.93221e-07 1.03652e-07 3.01619e-08 
0 8.81782e-08 2.74375e-07 7.38832e-07 1.86978e-06 4.48104e-06 1.01703e-05 2.18446e-05 4.43732e-05 8.52055e-05 0.000154655 0.000265494 0.000431698 0.000666706 0.000982272 0.00138933 0.00190161 0.00254101 0.00334133 0.00434696 0.00560534 0.00715682 0.00902833 0.0112353 0.0137897 0.0167065 0.0200025 0.0236868 0.0277506 0.0321616 0.0368681 0.0418059 0.0469059 0.0520959 0.0572991 0.0624321 0.067405 0.072125 0.076503 0.0804592 0.0839282 0.0868602 0.0892203 0.0909874 0.0921519 0.092715 0.0926881 0.0920926 0.0909591 0.0893261 0.0872384 0.0847448 0.0818956 0.0787411 0.0753296 0.0717069 0.0679155 0.0639945 0.0599796 0.0559034 0.0517951 0.047681 0.0435843 0.0395252 0.0355211 0.0315866 0.027734 0.0239731 0.020312 0.0167572 0.0133135 0.00998504 0.00677482 0.0036852 0.000718006 -0.00212545 -0.00484425 -0.00743785 -0.00990604 -0.0122489 -0.014467 -0.0165609 -0.0185317 -0.0203807 -0.0221092 -0.0237191 -0.025212 -0.0265901 -0.0278553 -0.0290096 -0.0300552 -0.0309941 -0.0318283 -0.0325595 -0.0331895 -0.0337199 -0.0341519 -0.0344867 -0.0347252 -0.0348681 -0.0349156 -0.0348681 -0.0347252 -0.0344867 -0.0341519 -0.0337199 -0.0331895 -0.0325595 -0.0318283 -0.0309941 -0.0300552 -0.0290096 -0.0278553 -0.0265901 -0.025212 -0.0237191 -0.0221092 -0.0203807 -0.0185317 -0.0165609 -0.014467 -0.0122489 -0.00990604 -0.00743785 -0.00484425 -0.00212545 0.000718006 0.0036852 0.00677482 0.00998504 0.0133135 0.0167572 0.020312 0.0239731 0.027734 0.0315866 0.0355211 0.0395252 0.0435843 0.047681 0.0517951 0.0559034 0.0599796 0.0639945 0.0679155 0.0717069 0.0753296 0.0787411 0.0818956 0.0847448 0.0872384 0.0893261 0.0909591 0.0920926 0.0926881 0.092715 0.0921519 0.0909874 0.0892203 0.0868602 0.0839282 0.0804592 0.076503 0.072125 0.067405 0.0624321 0.0572991 0.0520959 0.0469059 0.0418059 0.0368681 0.0321616 0.0277506 0.0236868 0.0200025 0.0167065 0.0137897 0.0112353 0.00902833 0.00715682 0.00560534 0.00434696 0.00334133 0.00254101 0.00190161 0.00138933 0.000982272 0.000666706 0.000431698 0.000265494 0.000154655 8.52055e-05 4.43732e-05 2.18446e-05 1.01703e-05 4.48093e-06 1.86944e-06 7.37948e-07 2.7236e-07 8.45975e-08 
0 2.27553e-07 6.84497e-07 1.76839e-06 4.2825e-06 9.80701e-06 2.12425e-05 4.34939e-05 8.41352e-05 0.00015374 0.000265494 0.000433896 0.000672909 0.000994721 0.00141067 0.0019352 0.0025917 0.00341644 0.0044568 0.00576251 0.00737443 0.00931853 0.0116094 0.0142604 0.0172897 0.0207167 0.0245492 0.0287723 0.0333455 0.0382105 0.0433001 0.0485443 0.053869 0.0591924 0.0644232 0.0694632 0.0742141 0.0785855 0.0825003 0.0858976 0.0887324 0.0909736 0.092603 0.0936149 0.0940158 0.093825 0.093074 0.0918044 0.0900656 0.0879114 0.0853971 0.0825768 0.0795017 0.0762193 0.072773 0.0692019 0.0655414 0.0618229 0.0580741 0.0543194 0.0505794 0.0468716 0.0432101 0.0396065 0.0360695 0.0326061 0.0292214 0.0259196 0.0227037 0.0195761 0.016539 0.0135943 0.0107435 0.00798827 0.00533009 0.00277033 0.000310263 -0.00204896 -0.00430636 -0.00646108 -0.00851249 -0.0104601 -0.0123037 -0.014043 -0.0156783 -0.0172096 -0.0186375 -0.0199623 -0.0211847 -0.0223053 -0.023325 -0.0242445 -0.0250645 -0.0257859 -0.0264093 -0.0269356 -0.0273653 -0.0276989 -0.0279369 -0.0280796 -0.0281271 -0.0280796 -0.0279369 -0.0276989 -0.0273653 -0.0269356 -0.0264093 -0.0257859 -0.0250645 -0.0242445 -0.023325 -0.0223053 -0.0211847 -0.0199623 -0.0186375 -0.0172096 -0.0156783 -0.014043 -0.0123037 -0.0104601 -0.00851249 -0.00646108 -0.00430636 -0.00204896 0.000310263 0.00277033 0.00533009 0.00798827 0.0107435 0.0135943 0.016539 0.0195761 0.0227037 0.0259196 0.0292214 0.0326061 0.0360695 0.0396065 0.0432101 0.0468716 0.0505794 0.0543194 0.0580741 0.0618229 0.0655414 0.0692019 0.072773 0.0762193 0.0795017 0.0825768 0.0853971 0.0879114 0.0900656 0.0918044 0.093074 0.093825 0.0940158 0.0936149 0.092603 0.0909736 0.0887324 0.0858976 0.0825003 0.0785855 0.0742141 0.0694632 0.0644232 0.0591924 0.053869 0.0485443 0.0433001 0.0382105 0.0333455 0.0287723 0.0245492 0.0207167 0.0172897 0.0142604 0.0116094 0.00931853 0.00737443 0.00576251 0.0044568 0.00341644 0.0025917 0.0019352 0.00141067 0.000994721 0.000672909 0.000433896 0.000265494 0.00015374 8.41352e-05 4.34939e-05 2.12424e-05 9.80672e-06 4.28175e-06 1.76671e-06 6.81654e-07 2.26316e-07 
0 5.58678e-07 1.62454e-06 4.02424e-06 9.31738e-06 2.03684e-05 4.20649e-05 8.20322e-05 0.000151024 0.000262578 0.000431698 0.000672909 0.000998896 0.00142142 0.00195556 0.00262593 0.00347102 0.00454094 0.00588768 0.00755276 0.00956142 0.0119279 0.0146672 0.0178009 0.0213507 0.0253219 0.0296925 0.034414 0.0394227 0.0446499 0.0500243 0.0554678 0.0608907 0.0661917 0.0712651 0.0760094 0.0803358 0.0841719 0.0874612 0.090162 0.0922454 0.0936957 0.0945113 0.0947062 0.0943092 0.0933624 0.0919179 0.0900338 0.0877705 0.0851878 0.0823425 0.0792879 0.0760728 0.0727415 0.0693333 0.065883 0.0624199 0.0589684 0.0555478 0.0521729 0.0488542 0.045599 0.0424114 0.0392941 0.036248 0.0332735 0.0303705 0.0275387 0.0247782 0.0220889 0.0194713 0.0169258 0.0144533 0.0120545 0.00973059 0.00748271 0.00531208 0.00322 0.0012078 -0.000723174 -0.0025716 -0.00433618 -0.0060157 -0.00760897 -0.00911495 -0.0105327 -0.0118613 -0.0131 -0.0142483 -0.0153056 -0.0162716 -0.0171459 -0.0179284 -0.0186189 -0.0192173 -0.0197236 -0.0201378 -0.0204599 -0.02069 -0.020828 -0.020874 -0.020828 -0.02069 -0.0204599 -0.0201378 -0.0197236 -0.0192173 -0.0186189 -0.0179284 -0.0171459 -0.0162716 -0.0153056 -0.0142483 -0.0131 -0.0118613 -0.0105327 -0.00911495 -0.00760897 -0.0060157 -0.00433618 -0.0025716 -0.000723174 0.0012078 0.00322 0.00531208 0.00748271 0.00973059 0.0120545 0.0144533 0.0169258 0.0194713 0.0220889 0.0247782 0.0275387 0.0303705 0.0332735 0.036248 0.0392941 0.0424114 0.045599 0.0488542 0.0521729 0.0555478 0.0589684 0.0624199 0.065883 0.0693333 0.0727415 0.0760728 0.0792879 0.0823425 0.0851878 0.0877705 0.0900338 0.0919179 0.0933624 0.0943092 0.0947062 0.0945113 0.0936957 0.0922454 0.090162 0.0874612 0.0841719 0.0803358 0.0760094 0.0712651 0.0661917 0.0608907 0.0554678 0.0500243 0.0446499 0.0394227 0.034414 0.0296925 0.0253219 0.0213507 0.0178009 0.0146672 0.0119279 0.00956142 0.00755276 0.00588768 0.00454094 0.00347102 0.00262593 0.00195556 0.00142142 0.000998896 0.000672909 0.000431698 0.000262578 0.000151024 8.20322e-05 4.20647e-05 2.03678e-05 9.31601e-06 4.02206e-06 1.62451e-06 5.77307e-07 
0 1.30433e-06 3.6664e-06 8.70377e-06 1.92507e-05 4.01374e-05 7.89691e-05 0.000146595 0.000256832 0.000425161 0.000666706 0.000994721 0.00142142 0.00196238 0.00264319 0.00350414 0.0045979 0.00597868 0.00768899 0.00975374 0.0121871 0.0150059 0.0182354 0.0218987 0.0259983 0.0305046 0.035362 0.040503 0.0458583 0.0513546 0.0569073 0.062416 0.0677693 0.0728551 0.0775714 0.0818325 0.0855697 0.0887292 0.09127 0.0931651 0.0944027 0.0949888 0.0949475 0.094319 0.0931555 0.0915174 0.0894682 0.0870717 0.0843903 0.0814833 0.0784069 0.0752126 0.0719475 0.0686526 0.0653625 0.0621053 0.0589019 0.0557671 0.0527103 0.0497363 0.0468465 0.0440398 0.0413138 0.038665 0.0360898 0.0335844 0.0311454 0.0287694 0.0264539 0.0241966 0.0219956 0.0198497 0.0177583 0.015721 0.0137381 0.0118103 0.00993863 0.00812458 0.00636981 0.00467619 0.00304575 0.0014806 -1.71255e-05 -0.00144534 -0.00280201 -0.0040852 -0.00529311 -0.00642406 -0.00747654 -0.00844919 -0.00934079 -0.0101503 -0.0108767 -0.0115194 -0.0120776 -0.0125507 -0.0129384 -0.0132403 -0.0134561 -0.0135857 -0.0136289 -0.0135857 -0.0134561 -0.0132403 -0.0129384 -0.0125507 -0.0120776 -0.0115194 -0.0108767 -0.0101503 -0.00934079 -0.00844919 -0.00747654 -0.00642406 -0.00529311 -0.0040852 -0.00280201 -0.00144534 -1.71255e-05 0.0014806 0.00304575 0.00467619 0.00636981 0.00812458 0.00993863 0.0118103 0.0137381 0.015721 0.0177583 0.0198497 0.0219956 0.0241966 0.0264539 0.0287694 0.0311454 0.0335844 0.0360898 0.038665 0.0413138 0.0440398 0.0468465 0.0497363 0.0527103 0.0557671 0.0589019 0.0621053 0.0653625 0.0686526 0.0719475 0.0752126 0.0784069 0.0814833 0.0843903 0.0870717 0.0894682 0.0915174 0.0931555 0.094319 0.0949475 0.0949888 0.0944027 0.0931651 0.09127 0.0887292 0.0855697 0.0818325 0.0775714 0.0728551 0.0677693 0.062416 0.0569073 0.0513546 0.0458583 0.040503 0.035362 0.0305046 0.0259983 0.0218987 0.0182354 0.0150059 0.0121871 0.00975374 0.00768899 0.00597868 0.0045979 0.00350414 0.00264319 0.00196238 0.00142142 0.000994721 0.000666706 0.000425161 0.000256831 0.000146595 7.89686e-05 4.01363e-05 1.92491e-05 8.70468e-06 3.6858e-06 1.40386e-06 
0 2.89441e-06 7.86581e-06 1.78871e-05 3.77659e-05 7.50458e-05 0.000140591 0.000248419 0.00041445 0.000654437 0.000982272 0.00141067 0.00195556 0.00264319 0.00351525 0.00462664 0.00603393 0.00778101 0.00989293 0.0123841 0.0152732 0.0185887 0.0223552 0.026572 0.0312022 0.0361839 0.0414475 0.0469236 0.0525359 0.0581904 0.063775 0.0691689 0.0742563 0.0789363 0.0831262 0.0867582 0.0897779 0.0921439 0.0938316 0.094836 0.095174 0.0948814 0.0940095 0.092619 0.0907755 0.0885464 0.0859984 0.083197 0.0802055 0.0770835 0.0738859 0.0706611 0.0674501 0.0642857 0.0611927 0.0581882 0.0552831 0.0524829 0.0497891 0.0472002 0.0447126 0.0423212 0.0400199 0.037802 0.0356606 0.0335887 0.0315797 0.0296272 0.0277259 0.0258711 0.0240589 0.0222865 0.0205522 0.0188551 0.0171949 0.0155723 0.0139885 0.0124453 0.0109446 0.00948876 0.00808034 0.00672192 0.0054161 0.00416549 0.00297263 0.00183995 0.000769752 -0.000235782 -0.00117464 -0.00204496 -0.00284504 -0.00357337 -0.00422857 -0.00480943 -0.0053149 -0.00574409 -0.00609625 -0.00637078 -0.00656719 -0.00668517 -0.00672452 -0.00668517 -0.00656719 -0.00637078 -0.00609625 -0.00574409 -0.0053149 -0.00480943 -0.00422857 -0.00357337 -0.00284504 -0.00204496 -0.00117464 -0.000235782 0.000769752 0.00183995 0.00297263 0.00416549 0.0054161 0.00672192 0.00808034 0.00948876 0.0109446 0.0124453 0.0139885 0.0155723 0.0171949 0.0188551 0.0205522 0.0222865 0.0240589 0.0258711 0.0277259 0.0296272 0.0315797 0.0335887 0.0356606 0.037802 0.0400199 0.0423212 0.0447126 0.0472002 0.0497891 0.0524829 0.0552831 0.0581882 0.0611927 0.0642857 0.0674501 0.0706611 0.0738859 0.0770835 0.0802055 0.083197 0.0859984 0.0885464 0.0907755 0.092619 0.0940095 0.0948814 0.095174 0.094836 0.0938316 0.0921439 0.0897779 0.0867582 0.0831262 0.0789363 0.0742563 0.0691689 0.063775 0.0581904 0.0525359 0.0469236 0.0414475 0.0361839 0.0312022 0.026572 0.0223552 0.0185887 0.0152732 0.0123841 0.00989293 0.00778101 0.00603393 0.00462664 0.00351525 0.00264319 0.00195556 0.00141067 0.000982272 0.000654437 0.00041445 0.000248418 0.00014059 7.50447e-05 3.77675e-05 1.79066e-05 7.96087e-06 3.25369e-06 
0 6.1025e-06 1.60372e-05 3.49256e-05 7.03557e-05 0.000133188 0.000237577 0.000399838 0.000636369 0.000961784 0.00138933 0.0019352 0.00262593 0.00350414 0.00462664 0.00605245 0.00782737 0.00997716 0.0125166 0.0154661 0.0188571 0.0227155 0.0270375 0.0317797 0.0368749 0.0422526 0.0478434 0.0535662 0.0593161 0.0649688 0.0703963 0.0754817 0.0801262 0.0842474 0.0877756 0.0906531 0.0928386 0.0943122 0.0950788 0.0951669 0.0946235 0.093508 0.0918868 0.0898298 0.0874084 0.0846944 0.081759 0.0786705 0.0754924 0.0722808 0.0690834 0.065938 0.0628736 0.0599107 0.057063 0.0543386 0.0517411 0.0492705 0.0469243 0.0446972 0.0425824 0.0405716 0.0386553 0.0368237 0.0350668 0.0333751 0.0317398 0.0301529 0.0286079 0.0270993 0.025623 0.0241758 0.0227558 0.021362 0.0199941 0.0186525 0.0173384 0.0160531 0.0147984 0.0135766 0.0123898 0.0112406 0.0101315 0.00906505 0.00804387 0.00707052 0.00614748 0.00527714 0.00446178 0.00370356 0.00300448 0.00236637 0.00179092 0.00127963 0.000833827 0.000454666 0.00014312 -0.000100016 -0.000274124 -0.000378765 -0.000413675 -0.000378765 -0.000274124 -0.000100016 0.00014312 0.000454666 0.000833827 0.00127963 0.00179092 0.00236637 0.00300448 0.00370356 0.00446178 0.00527714 0.00614748 0.00707052 0.00804387 0.00906505 0.0101315 0.0112406 0.0123898 0.0135766 0.0147984 0.0160531 0.0173384 0.0186525 0.0199941 0.021362 0.0227558 0.0241758 0.025623 0.0270993 0.0286079 0.0301529 0.0317398 0.0333751 0.0350668 0.0368237 0.0386553 0.0405716 0.0425824 0.0446972 0.0469243 0.0492705 0.0517411 0.0543386 0.057063 0.0599107 0.0628736 0.065938 0.0690834 0.0722808 0.0754924 0.0786705 0.081759 0.0846944 0.0874084 0.0898298 0.0918868 0.093508 0.0946235 0.0951669 0.0950788 0.0943122 0.0928386 0.0906531 0.0877756 0.0842474 0.0801262 0.0754817 0.0703963 0.0649688 0.0593161 0.0535662 0.0478434 0.0422526 0.0368749 0.0317797 0.0270375 0.0227155 0.0188571 0.0154661 0.0125166 0.00997716 0.00782737 0.00605245 0.00462664 0.00350414 0.00262593 0.0019352 0.00138933 0.000961783 0.000636369 0.000399837 0.000237576 0.000133191 7.03745e-05 3.50143e-05 1.63697e-05 7.18643e-06 
0 1.22207e-05 3.10696e-05 6.47997e-05 0.000124521 0.000224579 0.000381683 0.000612898 0.000933637 0.00135775 0.00190161 0.0025917 0.00347102 0.0045979 0.00603393 0.00782737 0.0100054 0.0125832 0.0155827 0.0190377 0.0229757 0.0273904 0.0322329 0.0374315 0.0429152 0.0486148 0.0544429 0.0602823 0.0659975 0.0714556 0.0765411 0.0811558 0.0852149 0.0886436 0.091381 0.0933877 0.0946518 0.0951894 0.0950392 0.0942559 0.0929041 0.0910541 0.0887807 0.0861619 0.0832771 0.0802043 0.0770166 0.073779 0.0705468 0.0673642 0.0642654 0.0612756 0.0584125 0.0556878 0.0531081 0.0506759 0.0483896 0.0462447 0.0442335 0.0423465 0.0405726 0.0388999 0.0373166 0.0358112 0.034373 0.0329924 0.0316612 0.030372 0.029119 0.0278971 0.0267025 0.0255321 0.0243836 0.0232555 0.0221469 0.0210576 0.0199879 0.0189386 0.0179109 0.0169064 0.015927 0.0149749 0.0140522 0.0131617 0.0123056 0.0114866 0.0107073 0.00996995 0.0092771 0.00863095 0.00803363 0.00748711 0.00699319 0.00655351 0.0061695 0.00584244 0.00557337 0.00536319 0.00521258 0.00512201 0.00509179 0.00512201 0.00521258 0.00536319 0.00557337 0.00584244 0.0061695 0.00655351 0.00699319 0.00748711 0.00803363 0.00863095 0.0092771 0.00996995 0.0107073 0.0114866 0.0123056 0.0131617 0.0140522 0.0149749 0.015927 0.0169064 0.0179109 0.0189386 0.0199879 0.0210576 0.0221469 0.0232555 0.0243836 0.0255321 0.0267025 0.0278971 0.029119 0.030372 0.0316612 0.0329924 0.034373 0.0358112 0.0373166 0.0388999 0.0405726 0.0423465 0.0442335 0.0462447 0.0483896 0.0506759 0.0531081 0.0556878 0.0584125 0.0612756 0.0642654 0.0673642 0.0705468 0.073779 0.0770166 0.0802043 0.0832771 0.0861619 0.0887807 0.0910541 0.0929041 0.0942559 0.0950392 0.0951894 0.0946518 0.0933877 0.091381 0.0886436 0.0852149 0.0811558 0.0765411 0.0714556 0.0659975 0.0602823 0.0544429 0.0486148 0.0429152 0.0374315 0.0322329 0.0273904 0.0229757 0.0190377 0.0155827 0.0125832 0.0100054 0.00782737 0.00603393 0.0045979 0.00347102 0.0025917 0.00190161 0.00135775 0.000933636 0.000612898 0.000381685 0.000224597 0.000124602 6.51016e-05 3.20552e-05 1.51262e-05 
0 2.32404e-05 5.72001e-05 0.000114293 0.000209574 0.000360363 0.000584513 0.000898354 0.00131644 0.0018553 0.00254101 0.00341644 0.00454094 0.00597868 0.00778101 0.00997716 0.0125832 0.0156217 0.0191284 0.0231329 0.0276274 0.0325587 0.037851 0.0434332 0.0492354 0.0551635 0.0610876 0.0668619 0.0723516 0.077443 0.0820367 0.0860414 0.0893764 0.0919791 0.0938154 0.0948835 0.0952094 0.0948387 0.0938304 0.0922523 0.0901798 0.0876952 0.0848853 0.0818375 0.0786352 0.0753533 0.0720558 0.0687952 0.0656128 0.0625404 0.0596019 0.0568143 0.0541883 0.0517291 0.0494366 0.0473063 0.0453297 0.043496 0.0417925 0.0402061 0.0387236 0.0373326 0.0360218 0.0347808 0.0336004 0.0324722 0.0313891 0.0303445 0.0293327 0.0283487 0.0273885 0.0264486 0.0255263 0.0246197 0.0237274 0.0228489 0.0219843 0.021134 0.020299 0.0194807 0.0186808 0.0179011 0.0171438 0.0164111 0.0157051 0.0150283 0.0143829 0.0137711 0.0131951 0.012657 0.0121587 0.0117022 0.0112889 0.0109206 0.0105985 0.0103239 0.0100978 0.00992111 0.0097944 0.00971819 0.00969275 0.00971819 0.0097944 0.00992111 0.0100978 0.0103239 0.0105985 0.0109206 0.0112889 0.0117022 0.0121587 0.012657 0.0131951 0.0137711 0.0143829 0.0150283 0.0157051 0.0164111 0.0171438 0.0179011 0.0186808 0.0194807 0.020299 0.021134 0.0219843 0.0228489 0.0237274 0.0246197 0.0255263 0.0264486 0.0273885 0.0283487 0.0293327 0.0303445 0.0313891 0.0324722 0.0336004 0.0347808 0.0360218 0.0373326 0.0387236 0.0402061 0.0417925 0.043496 0.0453297 0.0473063 0.0494366 0.0517291 0.0541883 0.0568143 0.0596019 0.0625404 0.0656128 0.0687952 0.0720558 0.0753533 0.0786352 0.0818375 0.0848853 0.0876952 0.0901798 0.0922523 0.0938304 0.0948387 0.0952094 0.0948835 0.0938154 0.0919791 0.0893764 0.0860414 0.0820367 0.077443 0.0723516 0.0668619 0.0610876 0.0551635 0.0492354 0.0434332 0.037851 0.0325587 0.0276274 0.0231329 0.0191284 0.0156217 0.0125832 0.00997716 0.00778101 0.00597868 0.00454094 0.00341644 0.00254101 0.0018553 0.00131644 0.000898356 0.000584529 0.000360435 0.000209843 0.000115173 5.98103e-05 3.03443e-05 
0 4.19721e-05 0.000100106 0.000191802 0.000335935 0.00055166 0.000856542 0.00126607 0.00179695 0.00247466 0.00334133 0.0044568 0.00588768 0.00768899 0.00989293 0.0125166 0.0155827 0.0191284 0.0231855 0.0277465 0.0327549 0.0381316 0.0438045 0.049703 0.055726 0.0617312 0.067564 0.0730894 0.0781952 0.0827776 0.0867363 0.0899848 0.0924626 0.0941432 0.0950343 0.095169 0.0945961 0.0933768 0.0915837 0.0893001 0.0866179 0.0836332 0.080439 0.0771204 0.0737512 0.0703933 0.067097 0.0639031 0.0608434 0.0579423 0.0552159 0.0526731 0.0503159 0.04814 0.0461367 0.0442944 0.0425993 0.0410376 0.0395956 0.0382604 0.0370199 0.0358629 0.0347792 0.0337593 0.0327943 0.031876 0.0309973 0.0301517 0.0293334 0.028538 0.0277614 0.0270009 0.0262543 0.02552 0.0247973 0.0240858 0.0233857 0.0226974 0.0220217 0.0213597 0.0207127 0.0200821 0.0194693 0.0188762 0.0183045 0.0177558 0.0172321 0.0167351 0.0162666 0.0158283 0.015422 0.0150492 0.0147114 0.01441 0.0141461 0.013921 0.0137354 0.0135903 0.0134862 0.0134236 0.0134027 0.0134236 0.0134862 0.0135903 0.0137354 0.013921 0.0141461 0.01441 0.0147114 0.0150492 0.015422 0.0158283 0.0162666 0.0167351 0.0172321 0.0177558 0.0183045 0.0188762 0.0194693 0.0200821 0.0207127 0.0213597 0.0220217 0.0226974 0.0233857 0.0240858 0.0247973 0.02552 0.0262543 0.0270009 0.0277614 0.028538 0.0293334 0.0301517 0.0309973 0.031876 0.0327943 0.0337593 0.0347792 0.0358629 0.0370199 0.0382604 0.0395956 0.0410376 0.0425993 0.0442944 0.0461367 0.04814 0.0503159 0.0526731 0.0552159 0.0579423 0.0608434 0.0639031 0.067097 0.0703933 0.0737512 0.0771204 0.080439 0.0836332 0.0866179 0.0893001 0.0915837 0.0933768 0.0945961 0.095169 0.0950343 0.0941432 0.0924626 0.0899848 0.0867363 0.0827776 0.0781952 0.0730894 0.067564 0.0617312 0.055726 0.049703 0.0438045 0.0381316 0.0327549 0.0277465 0.0231855 0.0191284 0.0155827 0.0125166 0.00989293 0.00768899 0.00588767 0.0044568 0.00334133 0.00247466 0.00179695 0.00126608 0.000856605 0.000551895 0.000336708 0.000194108 0.000106432 5.80358e-05 
