0 0 0 0 0 0 0 0 0 0 0 0 0 0 0 0 0 0 0 0 0 0 0 0 0 0 0 0 0 0 0 0 0 0 0 0 0 0 0 0 0 0 0 0 0 0 0 0 0 0 0 0 0 0 0 0 0 0 0 0 0 0 0 0 0 0 0 0 0 0 0 0 0 0 0 0 0 0 0 0 0 0 0 0 0 0 0 0 0 0 0 0 0 0 0 0 0 0 0 0 0 0 0 0 0 0 0 0 0 0 0 0 0 0 0 0 0 0 0 0 0 0 0 0 0 0 0 0 0 0 0 0 0 0 0 0 0 0 0 0 0 0 0 0 0 0 0 0 0 0 0 0 0 0 0 0 0 0 0 0 0 0 0 0 0 0 0 0 0 0 0 0 0 0 0 0 0 0 0 0 0 0 0 0 0 0 0 0 0 0 0 0 0 0 0 0 0 0 0 0 
0 1.31026e-39 2.52518e-38 4.51163e-37 7.50734e-36 1.16604e-34 1.69385e-33 2.30533e-32 2.94426e-31 3.53364e-30 3.99047e-29 4.24505e-28 4.25841e-27 4.03202e-26 3.60642e-25 3.04955e-24 2.43949e-23 1.84727e-22 1.32486e-21 9.00405e-21 5.80129e-20 3.54492e-19 2.05514e-18 1.13076e-17 5.90648e-17 2.92978e-16 1.38039e-15 6.17931e-15 2.62878e-14 1.06304e-13 4.08733e-13 1.49465e-12 5.19972e-12 1.72147e-11 5.42577e-11 1.62871e-10 4.65864e-10 1.2704e-09 3.30493e-09 8.20786e-09 1.94755e-08 4.41905e-08 9.59789e-08 1.99756e-07 3.98853e-07 7.64998e-07 1.41132e-06 2.50795e-06 4.2991e-06 7.11965e-06 1.14086e-05 1.77166e-05 2.67048e-05 3.9133e-05 5.58378e-05 7.77e-05 0.000105607 0.000140409 0.000182885 0.000233704 0.000293409 0.000362398 0.000440933 0.000529144 0.000627054 0.000734594 0.000851629 0.000977976 0.00111342 0.0012577 0.00141055 0.00157165 0.00174062 0.00191705 0.00210041 0.00229011 0.00248544 0.0026856 0.00288966 0.00309662 0.00330536 0.0035147 0.00372337 0.00393009 0.00413353 0.00433237 0.00452529 0.004711 0.00488826 0.0050559 0.0052128 0.00535793 0.00549035 0.00560921 0.00571375 0.00580331 0.00587735 0.00593541 0.00597713 0.00600227 0.00601066 0.00600227 0.00597713 0.00593541 0.00587735 0.00580331 0.00571375 0.00560921 0.00549035 0.00535793 0.0052128 0.0050559 0.00488826 0.004711 0.00452529 0.00433237 0.00413353 0.00393009 0.00372337 0.0035147 0.00330536 0.00309662 0.00288966 0.0026856 0.00248544 0.00229011 0.00210041 0.00191705 0.00174062 0.00157165 0.00141055 0.0012577 0.00111342 0.000977976 0.000851629 0.000734594 0.000627054 0.000529144 0.000440933 0.000362398 0.000293409 0.000233704 0.000182885 0.000140409 0.000105607 7.77e-05 5.58378e-05 3.9133e-05 2.67048e-05 1.77166e-05 1.14086e-05 7.11965e-06 4.2991e-06 2.50795e-06 1.41132e-06 7.64998e-07 3.98853e-07 1.99756e-07 9.59789e-08 4.41905e-08 1.94755e-08 8.20786e-09 3.30493e-09 1.2704e-09 4.65864e-10 1.62871e-10 5.42577e-11 1.72147e-11 5.19972e-12 1.49465e-12 4.08733e-13 1.06304e-13 2.62878e-14 6.17931e-15 1.38039e-15 2.92978e-16 5.90648e-17 1.13076e-17 2.05514e-18 3.54492e-19 5.80129e-20 9.00405e-21 1.32486e-21 1.84727e-22 2.43949e-23 3.04955e-24 3.60642e-25 4.03202e-26 4.25841e-27 4.24505e-28 3.99047e-29 3.53364e-30 2.94426e-31 2.30533e-32 1.69385e-33 1.16604e-34 7.50734e-36 4.51162e-37 2.52227e-38 7.05342e-40 
0 2.52518e-38 4.57012e-37 7.68537e-36 1.2065e-34 1.77162e-33 2.43762e-32 3.14773e-31 3.82018e-30 4.36294e-29 4.69444e-28 4.76372e-27 4.56323e-26 4.12978e-25 3.53377e-24 2.8609e-23 2.19273e-22 1.59193e-21 1.0953e-20 7.14504e-20 4.4209e-19 2.59542e-18 1.44621e-17 7.65091e-17 3.84384e-16 1.8344e-15 8.31773e-15 3.58421e-14 1.4681e-13 5.71737e-13 2.11747e-12 7.45997e-12 2.50082e-11 7.97995e-11 2.42469e-10 7.01844e-10 1.93631e-09 5.09465e-09 1.27923e-08 3.06764e-08 7.03167e-08 1.54214e-07 3.23937e-07 6.52487e-07 1.26183e-06 2.346e-06 4.19922e-06 7.24715e-06 1.20779e-05 1.94683e-05 3.03999e-05 4.60607e-05 6.78281e-05 9.72335e-05 0.000135909 0.000185523 0.00024771 0.000324001 0.00041577 0.000524189 0.000650208 0.00079455 0.000957724 0.00114005 0.00134169 0.00156267 0.00180291 0.00206225 0.00234041 0.00263704 0.00295166 0.00328365 0.00363222 0.00399642 0.00437505 0.00476673 0.00516981 0.00558246 0.00600262 0.00642804 0.00685633 0.00728495 0.0077113 0.00813271 0.00854651 0.00895003 0.00934068 0.00971596 0.0100735 0.0104109 0.0107262 0.0110174 0.0112827 0.0115205 0.0117295 0.0119083 0.0120561 0.0121718 0.012255 0.0123051 0.0123218 0.0123051 0.012255 0.0121718 0.0120561 0.0119083 0.0117295 0.0115205 0.0112827 0.0110174 0.0107262 0.0104109 0.0100735 0.00971596 0.00934068 0.00895003 0.00854651 0.00813271 0.0077113 0.00728495 0.00685633 0.00642804 0.00600262 0.00558246 0.00516981 0.00476673 0.00437505 0.00399642 0.00363222 0.00328365 0.00295166 0.00263704 0.00234041 0.00206225 0.00180291 0.00156267 0.00134169 0.00114005 0.000957724 0.00079455 0.000650208 0.000524189 0.00041577 0.000324001 0.00024771 0.000185523 0.000135909 9.72335e-05 6.78281e-05 4.60607e-05 3.03999e-05 1.94683e-05 1.20779e-05 7.24715e-06 4.19922e-06 2.346e-06 1.26183e-06 6.52487e-07 3.23937e-07 1.54214e-07 7.03167e-08 3.06764e-08 1.27923e-08 5.09465e-09 1.93631e-09 7.01844e-10 2.42469e-10 7.97995e-11 2.50082e-11 7.45997e-12 2.11747e-12 5.71737e-13 1.4681e-13 3.58421e-14 8.31773e-15 1.8344e-15 3.84384e-16 7.65091e-17 1.44621e-17 2.59542e-18 4.4209e-19 7.14504e-20 1.0953e-20 1.59193e-21 2.19273e-22 2.8609e-23 3.53377e-24 4.12978e-25 4.56323e-26 4.76372e-27 4.69444e-28 4.36294e-29 3.82018e-30 3.14773e-31 2.43762e-32 1.77162e-33 1.2065e-34 7.68534e-36 4.56419e-37 1.3738e-38 
0 4.51163e-37 7.68537e-36 1.21885e-34 1.80824e-33 2.51389e-32 3.28028e-31 4.02314e-30 4.64368e-29 5.05013e-28 5.18003e-27 5.016e-26 4.58923e-25 3.97013e-24 3.24973e-23 2.51843e-22 1.84878e-21 1.28625e-20 8.48476e-20 5.30874e-19 3.15161e-18 1.7758e-17 9.49936e-17 4.8255e-16 2.32828e-15 1.06724e-14 4.6485e-14 1.92428e-13 7.57209e-13 2.83298e-12 1.00798e-11 3.41152e-11 1.09865e-10 3.36764e-10 9.82927e-10 2.73301e-09 7.24297e-09 1.83069e-08 4.41617e-08 1.01756e-07 2.24162e-07 4.72599e-07 9.54666e-07 1.85003e-06 3.44398e-06 6.16769e-06 1.06421e-05 1.77201e-05 2.85205e-05 4.4446e-05 6.71797e-05 9.86567e-05 0.000141011 0.0001965 0.000267423 0.000356032 0.000464452 0.000594626 0.00074827 0.000926866 0.00113166 0.0013637 0.00162382 0.00191271 0.00223094 0.00257888 0.00295679 0.00336474 0.00380256 0.00426985 0.00476588 0.0052896 0.00583958 0.006414 0.00701066 0.00762696 0.00825996 0.00890642 0.00956278 0.0102253 0.0108901 0.0115531 0.0122102 0.0128575 0.0134908 0.0141063 0.0147003 0.0152691 0.0158094 0.016318 0.0167921 0.0172289 0.0176261 0.0179815 0.0182932 0.0185597 0.0187796 0.0189517 0.0190753 0.0191497 0.0191745 0.0191497 0.0190753 0.0189517 0.0187796 0.0185597 0.0182932 0.0179815 0.0176261 0.0172289 0.0167921 0.016318 0.0158094 0.0152691 0.0147003 0.0141063 0.0134908 0.0128575 0.0122102 0.0115531 0.0108901 0.0102253 0.00956278 0.00890642 0.00825996 0.00762696 0.00701066 0.006414 0.00583958 0.0052896 0.00476588 0.00426985 0.00380256 0.00336474 0.00295679 0.00257888 0.00223094 0.00191271 0.00162382 0.0013637 0.00113166 0.000926866 0.00074827 0.000594626 0.000464452 0.000356032 0.000267423 0.0001965 0.000141011 9.86567e-05 6.71797e-05 4.4446e-05 2.85205e-05 1.77201e-05 1.06421e-05 6.16769e-06 3.44398e-06 1.85003e-06 9.54666e-07 4.72599e-07 2.24162e-07 1.01756e-07 4.41617e-08 1.83069e-08 7.24297e-09 2.73301e-09 9.82927e-10 3.36764e-10 1.09865e-10 3.41152e-11 1.00798e-11 2.83298e-12 7.57209e-13 1.92428e-13 4.6485e-14 1.06724e-14 2.32828e-15 4.8255e-16 9.49936e-17 1.7758e-17 3.15161e-18 5.30874e-19 8.48476e-20 1.28625e-20 1.84878e-21 2.51843e-22 3.24973e-23 3.97013e-24 4.58923e-25 5.016e-26 5.18003e-27 5.05013e-28 4.64368e-29 4.02314e-30 3.28028e-31 2.51389e-32 1.80824e-33 1.21885e-34 7.67422e-36 2.48116e-37 
0 7.50734e-36 1.2065e-34 1.80824e-33 2.53983e-32 3.34859e-31 4.14997e-30 4.84067e-29 5.32037e-28 5.51571e-27 5.39865e-26 4.99293e-25 4.36652e-24 3.6134e-23 2.83111e-22 2.10131e-21 1.47817e-20 9.85909e-20 6.23726e-19 3.74401e-18 2.13301e-17 1.15365e-16 5.92482e-16 2.88992e-15 1.33902e-14 5.89456e-14 2.46575e-13 9.80278e-13 3.70446e-12 1.33093e-11 4.54704e-11 1.47756e-10 4.56804e-10 1.34407e-09 3.76523e-09 1.00471e-08 2.55514e-08 6.19712e-08 1.43448e-07 3.1718e-07 6.70577e-07 1.35708e-06 2.63213e-06 4.89934e-06 8.76451e-06 1.50922e-05 2.5057e-05 4.0179e-05 6.23358e-05 9.37426e-05 0.0001369 0.000194512 0.00026939 0.000364346 0.000482104 0.000625225 0.00079607 0.00099679 0.00122934 0.00149552 0.001797 0.00213534 0.002512 0.00292835 0.00338555 0.00388458 0.00442607 0.00501029 0.00563701 0.00630546 0.00701429 0.00776152 0.00854455 0.00936018 0.0102047 0.0110738 0.0119629 0.0128669 0.0137806 0.0146987 0.0156155 0.0165256 0.0174236 0.0183041 0.019162 0.0199923 0.0207905 0.0215521 0.0222731 0.0229497 0.0235785 0.0241564 0.0246806 0.0251487 0.0255586 0.0259085 0.0261968 0.0264222 0.026584 0.0266813 0.0267137 0.0266813 0.026584 0.0264222 0.0261968 0.0259085 0.0255586 0.0251487 0.0246806 0.0241564 0.0235785 0.0229497 0.0222731 0.0215521 0.0207905 0.0199923 0.019162 0.0183041 0.0174236 0.0165256 0.0156155 0.0146987 0.0137806 0.0128669 0.0119629 0.0110738 0.0102047 0.00936018 0.00854455 0.00776152 0.00701429 0.00630546 0.00563701 0.00501029 0.00442607 0.00388458 0.00338555 0.00292835 0.002512 0.00213534 0.001797 0.00149552 0.00122934 0.00099679 0.00079607 0.000625225 0.000482104 0.000364346 0.00026939 0.000194512 0.0001369 9.37426e-05 6.23358e-05 4.0179e-05 2.5057e-05 1.50922e-05 8.76451e-06 4.89934e-06 2.63213e-06 1.35708e-06 6.70577e-07 3.1718e-07 1.43448e-07 6.19712e-08 2.55514e-08 1.00471e-08 3.76523e-09 1.34407e-09 4.56804e-10 1.47756e-10 4.54704e-11 1.33093e-11 3.70446e-12 9.80278e-13 2.46575e-13 5.89456e-14 1.33902e-14 2.88992e-15 5.92482e-16 1.15365e-16 2.13301e-17 3.74401e-18 6.23726e-19 9.85909e-20 1.47817e-20 2.10131e-21 2.83111e-22 3.6134e-23 4.36652e-24 4.99293e-25 5.39865e-26 5.51571e-27 5.32037e-28 4.84067e-29 4.14997e-30 3.34859e-31 2.53983e-32 1.80823e-33 1.20455e-34 4.17434e-36 
0 1.16604e-34 1.77162e-33 2.51389e-32 3.34859e-31 4.19313e-30 4.94227e-29 5.48939e-28 5.75145e-27 5.68965e-26 5.31875e-25 4.70188e-24 3.93332e-23 3.11551e-22 2.33782e-21 1.66267e-20 1.12123e-19 7.17184e-19 4.35266e-18 2.50718e-17 1.37097e-16 7.11816e-16 3.50984e-15 1.64382e-14 7.31355e-14 3.09149e-13 1.24173e-12 4.7398e-12 1.7196e-11 5.93054e-11 1.94465e-10 6.06408e-10 1.79879e-09 5.07724e-09 1.36421e-08 3.49102e-08 8.51314e-08 1.97966e-07 4.39345e-07 9.31399e-07 1.88817e-06 3.66473e-06 6.81888e-06 1.21811e-05 2.09241e-05 3.46202e-05 5.52724e-05 8.53093e-05 0.000127537 0.000185049 0.000261114 0.000359045 0.00048209 0.000633343 0.000815705 0.00103189 0.00128447 0.00157591 0.00190868 0.00228524 0.00270808 0.00317967 0.00370237 0.00427833 0.00490931 0.00559659 0.00634077 0.00714171 0.00799839 0.00890892 0.00987053 0.0108796 0.0119316 0.0130215 0.0141436 0.0152916 0.0164589 0.0176389 0.0188245 0.0200089 0.021185 0.0223463 0.0234862 0.0245985 0.0256772 0.0267166 0.0277118 0.0286577 0.02955 0.0303847 0.031158 0.0318669 0.0325084 0.03308 0.0335795 0.0340052 0.0343555 0.0346292 0.0348253 0.0349433 0.0349826 0.0349433 0.0348253 0.0346292 0.0343555 0.0340052 0.0335795 0.03308 0.0325084 0.0318669 0.031158 0.0303847 0.02955 0.0286577 0.0277118 0.0267166 0.0256772 0.0245985 0.0234862 0.0223463 0.021185 0.0200089 0.0188245 0.0176389 0.0164589 0.0152916 0.0141436 0.0130215 0.0119316 0.0108796 0.00987053 0.00890892 0.00799839 0.00714171 0.00634077 0.00559659 0.00490931 0.00427833 0.00370237 0.00317967 0.00270808 0.00228524 0.00190868 0.00157591 0.00128447 0.00103189 0.000815705 0.000633343 0.00048209 0.000359045 0.000261114 0.000185049 0.000127537 8.53093e-05 5.52724e-05 3.46202e-05 2.09241e-05 1.21811e-05 6.81888e-06 3.66473e-06 1.88817e-06 9.31399e-07 4.39345e-07 1.97966e-07 8.51314e-08 3.49102e-08 1.36421e-08 5.07724e-09 1.79879e-09 6.06408e-10 1.94465e-10 5.93054e-11 1.7196e-11 4.7398e-12 1.24173e-12 3.09149e-13 7.31355e-14 1.64382e-14 3.50984e-15 7.11816e-16 1.37097e-16 2.50718e-17 4.35266e-18 7.17184e-19 1.12123e-19 1.66267e-20 2.33782e-21 3.11551e-22 3.93332e-23 4.70188e-24 5.31875e-25 5.68965e-26 5.75145e-27 5.48939e-28 4.94227e-29 4.19313e-30 3.34859e-31 2.51387e-32 1.76846e-33 6.55672e-35 
0 1.69385e-33 2.43762e-32 3.28028e-31 4.14997e-30 4.94227e-29 5.54691e-28 5.87306e-27 5.87171e-26 5.54766e-25 4.95702e-24 4.19164e-23 3.35624e-22 2.54597e-21 1.83056e-20 1.24802e-19 8.07079e-19 4.95222e-18 2.88394e-17 1.59431e-16 8.36838e-16 4.17119e-15 1.97464e-14 8.87917e-14 3.79279e-13 1.53916e-12 5.93457e-12 2.17426e-11 7.57007e-11 2.50501e-10 7.87967e-10 2.35661e-09 6.70282e-09 1.81369e-08 4.67067e-08 1.14532e-07 2.67588e-07 5.96104e-07 1.26726e-06 2.57357e-06 4.9984e-06 9.29647e-06 1.65816e-05 2.84088e-05 4.68326e-05 7.44251e-05 0.000114241 0.000169728 0.000244591 0.000342641 0.000467641 0.000623209 0.000812758 0.00103952 0.00130661 0.00161714 0.00197432 0.00238152 0.00284228 0.00336029 0.00393922 0.00458256 0.0052934 0.00607421 0.0069266 0.00785121 0.00884753 0.00991388 0.0110474 0.0122441 0.0134989 0.0148059 0.0161584 0.017549 0.01897 0.0204133 0.0218706 0.0233336 0.0247941 0.0262439 0.0276752 0.0290804 0.0304524 0.0317844 0.0330701 0.0343036 0.0354795 0.0365929 0.0376394 0.038615 0.0395162 0.0403398 0.0410833 0.0417442 0.0423207 0.0428111 0.043214 0.0435285 0.0437537 0.043889 0.0439341 0.043889 0.0437537 0.0435285 0.043214 0.0428111 0.0423207 0.0417442 0.0410833 0.0403398 0.0395162 0.038615 0.0376394 0.0365929 0.0354795 0.0343036 0.0330701 0.0317844 0.0304524 0.0290804 0.0276752 0.0262439 0.0247941 0.0233336 0.0218706 0.0204133 0.01897 0.017549 0.0161584 0.0148059 0.0134989 0.0122441 0.0110474 0.00991388 0.00884753 0.00785121 0.0069266 0.00607421 0.0052934 0.00458256 0.00393922 0.00336029 0.00284228 0.00238152 0.00197432 0.00161714 0.00130661 0.00103952 0.000812758 0.000623209 0.000467641 0.000342641 0.000244591 0.000169728 0.000114241 7.44251e-05 4.68326e-05 2.84088e-05 1.65816e-05 9.29647e-06 4.9984e-06 2.57357e-06 1.26726e-06 5.96104e-07 2.67588e-07 1.14532e-07 4.67067e-08 1.81369e-08 6.70282e-09 2.35661e-09 7.87967e-10 2.50501e-10 7.57007e-11 2.17426e-11 5.93457e-12 1.53916e-12 3.79279e-13 8.87917e-14 1.97464e-14 4.17119e-15 8.36838e-16 1.59431e-16 2.88394e-17 4.95222e-18 8.07079e-19 1.24802e-19 1.83056e-20 2.54597e-21 3.35624e-22 4.19164e-23 4.95702e-24 5.54766e-25 5.87171e-26 5.87306e-27 5.54691e-28 4.94227e-29 4.14997e-30 3.28025e-31 2.43283e-32 9.63415e-34 
0 2.30533e-32 3.14773e-31 4.02314e-30 4.84067e-29 5.48939e-28 5.87306e-27 5.93367e-26 5.66577e-25 5.11669e-24 4.37318e-23 3.53945e-22 2.71412e-21 1.97274e-20 1.35966e-19 8.88917e-19 5.51423e-18 3.24647e-17 1.81438e-16 9.6275e-16 4.85092e-15 2.32118e-14 1.05488e-13 4.55348e-13 1.86702e-12 7.27178e-12 2.69056e-11 9.45757e-11 3.15852e-10 1.00231e-09 3.02266e-09 8.66433e-09 2.36127e-08 6.1202e-08 1.50931e-07 3.54339e-07 7.92441e-07 1.68954e-06 3.43744e-06 6.68102e-06 1.24207e-05 2.21194e-05 3.77942e-05 6.20688e-05 9.81662e-05 0.000149829 0.000221172 0.000316502 0.00044012 0.000596184 0.000788628 0.00102119 0.00129752 0.00162133 0.00199656 0.0024275 0.00291881 0.00347547 0.00410261 0.00480521 0.00558784 0.00645431 0.00740736 0.00844848 0.00957771 0.0107936 0.0120932 0.0134722 0.0149249 0.0164446 0.0180238 0.0196539 0.021326 0.023031 0.0247591 0.0265009 0.0282466 0.029987 0.0317128 0.0334152 0.0350858 0.0367166 0.0383001 0.0398294 0.0412982 0.0427007 0.0440317 0.0452867 0.0464614 0.0475525 0.0485568 0.0494717 0.0502952 0.0510253 0.0516606 0.0521999 0.0526423 0.052987 0.0532337 0.0533818 0.0534311 0.0533818 0.0532337 0.052987 0.0526423 0.0521999 0.0516606 0.0510253 0.0502952 0.0494717 0.0485568 0.0475525 0.0464614 0.0452867 0.0440317 0.0427007 0.0412982 0.0398294 0.0383001 0.0367166 0.0350858 0.0334152 0.0317128 0.029987 0.0282466 0.0265009 0.0247591 0.023031 0.021326 0.0196539 0.0180238 0.0164446 0.0149249 0.0134722 0.0120932 0.0107936 0.00957771 0.00844848 0.00740736 0.00645431 0.00558784 0.00480521 0.00410261 0.00347547 0.00291881 0.0024275 0.00199656 0.00162133 0.00129752 0.00102119 0.000788628 0.000596184 0.00044012 0.000316502 0.000221172 0.000149829 9.81662e-05 6.20688e-05 3.77942e-05 2.21194e-05 1.24207e-05 6.68102e-06 3.43744e-06 1.68954e-06 7.92441e-07 3.54339e-07 1.50931e-07 6.1202e-08 2.36127e-08 8.66433e-09 3.02266e-09 1.00231e-09 3.15852e-10 9.45757e-11 2.69056e-11 7.27178e-12 1.86702e-12 4.55348e-13 1.05488e-13 2.32118e-14 4.85092e-15 9.6275e-16 1.81438e-16 3.24647e-17 5.51423e-18 8.88917e-19 1.35966e-19 1.97274e-20 2.71412e-21 3.53945e-22 4.37318e-23 5.11669e-24 5.66577e-25 5.93367e-26 5.87306e-27 5.48939e-28 4.84067e-29 4.02309e-30 3.14095e-31 1.32659e-32 
0 2.94426e-31 3.82018e-30 4.64368e-29 5.32037e-28 5.75145e-27 5.87171e-26 5.66577e-25 5.17104e-24 4.46687e-23 3.65413e-22 2.83232e-21 2.08099e-20 1.44988e-19 9.58243e-19 6.00926e-18 3.5766e-17 2.02072e-16 1.08392e-15 5.52068e-15 2.67013e-14 1.22643e-13 5.34986e-13 2.21635e-12 8.72044e-12 3.2587e-11 1.15654e-10 3.89853e-10 1.24819e-09 3.79604e-09 1.09675e-08 3.01084e-08 7.85558e-08 1.94863e-07 4.59763e-07 1.03238e-06 2.20781e-06 4.50062e-06 8.75448e-06 1.62694e-05 2.89279e-05 4.92919e-05 8.06385e-05 0.000126911 0.000192577 0.000282418 0.00040129 0.000553921 0.000744794 0.000978161 0.00125817 0.0015891 0.00197558 0.00242282 0.00293663 0.00352339 0.00418983 0.00494261 0.00578795 0.00673116 0.00777628 0.00892571 0.0101801 0.0115382 0.0129971 0.0145519 0.0161966 0.0179236 0.0197244 0.0215895 0.023509 0.0254723 0.0274687 0.0294872 0.0315169 0.033547 0.035567 0.0375664 0.0395357 0.0414654 0.0433468 0.0451719 0.0469334 0.0486246 0.0502396 0.0517732 0.0532209 0.0545789 0.055844 0.0570136 0.0580857 0.0590585 0.0599308 0.0607017 0.0613706 0.0619369 0.0624005 0.0627612 0.0630189 0.0631735 0.063225 0.0631735 0.0630189 0.0627612 0.0624005 0.0619369 0.0613706 0.0607017 0.0599308 0.0590585 0.0580857 0.0570136 0.055844 0.0545789 0.0532209 0.0517732 0.0502396 0.0486246 0.0469334 0.0451719 0.0433468 0.0414654 0.0395357 0.0375664 0.035567 0.033547 0.0315169 0.0294872 0.0274687 0.0254723 0.023509 0.0215895 0.0197244 0.0179236 0.0161966 0.0145519 0.0129971 0.0115382 0.0101801 0.00892571 0.00777628 0.00673116 0.00578795 0.00494261 0.00418983 0.00352339 0.00293663 0.00242282 0.00197558 0.0015891 0.00125817 0.000978161 0.000744794 0.000553921 0.00040129 0.000282418 0.000192577 0.000126911 8.06385e-05 4.92919e-05 2.89279e-05 1.62694e-05 8.75448e-06 4.50062e-06 2.20781e-06 1.03238e-06 4.59763e-07 1.94863e-07 7.85558e-08 3.01084e-08 1.09675e-08 3.79604e-09 1.24819e-09 3.89853e-10 1.15654e-10 3.2587e-11 8.72044e-12 2.21635e-12 5.34986e-13 1.22643e-13 2.67013e-14 5.52068e-15 1.08392e-15 2.02072e-16 3.5766e-17 6.00926e-18 9.58243e-19 1.44988e-19 2.08099e-20 2.83232e-21 3.65413e-22 4.46687e-23 5.17104e-24 5.66577e-25 5.87171e-26 5.75145e-27 5.32037e-28 4.64362e-29 3.81119e-30 1.71455e-31 
0 3.53364e-30 4.36294e-29 5.05013e-28 5.51571e-27 5.68965e-26 5.54766e-25 5.11669e-24 4.46687e-23 3.69318e-22 2.89333e-21 2.14875e-20 1.51332e-19 1.01104e-18 6.40937e-18 3.85631e-17 2.2025e-16 1.19427e-15 6.14866e-15 3.00591e-14 1.39542e-13 6.15138e-13 2.57499e-12 1.02354e-11 3.86315e-11 1.38444e-10 4.71074e-10 1.52188e-09 4.66821e-09 1.35964e-08 3.76046e-08 9.87821e-08 2.46516e-07 5.84651e-07 1.31838e-06 2.82849e-06 5.77803e-06 1.12498e-05 2.09008e-05 3.71065e-05 6.30552e-05 0.000102753 0.000160914 0.000242741 0.000353642 0.000498949 0.000683734 0.000912774 0.0011907 0.00152228 0.00191276 0.00236818 0.0028955 0.00350255 0.00419777 0.00498969 0.00588641 0.00689497 0.00802083 0.00926751 0.0106364 0.0121265 0.0137348 0.0154564 0.0172844 0.0192108 0.021226 0.0233199 0.0254812 0.0276984 0.0299592 0.0322514 0.0345624 0.0368798 0.0391913 0.0414849 0.0437492 0.0459733 0.048147 0.0502609 0.0523065 0.0542761 0.0561633 0.0579622 0.0596681 0.0612771 0.062786 0.0641927 0.0654953 0.0666928 0.0677846 0.0687705 0.0696506 0.0704253 0.0710949 0.0716602 0.0721217 0.07248 0.0727355 0.0728887 0.0729397 0.0728887 0.0727355 0.07248 0.0721217 0.0716602 0.0710949 0.0704253 0.0696506 0.0687705 0.0677846 0.0666928 0.0654953 0.0641927 0.062786 0.0612771 0.0596681 0.0579622 0.0561633 0.0542761 0.0523065 0.0502609 0.048147 0.0459733 0.0437492 0.0414849 0.0391913 0.0368798 0.0345624 0.0322514 0.0299592 0.0276984 0.0254812 0.0233199 0.021226 0.0192108 0.0172844 0.0154564 0.0137348 0.0121265 0.0106364 0.00926751 0.00802083 0.00689497 0.00588641 0.00498969 0.00419777 0.00350255 0.0028955 0.00236818 0.00191276 0.00152228 0.0011907 0.000912774 0.000683734 0.000498949 0.000353642 0.000242741 0.000160914 0.000102753 6.30552e-05 3.71065e-05 2.09008e-05 1.12498e-05 5.77803e-06 2.82849e-06 1.31838e-06 5.84651e-07 2.46516e-07 9.87821e-08 3.76046e-08 1.35964e-08 4.66821e-09 1.52188e-09 4.71074e-10 1.38444e-10 3.86315e-11 1.02354e-11 2.57499e-12 6.15138e-13 1.39542e-13 3.00591e-14 6.14866e-15 1.19427e-15 2.2025e-16 3.85631e-17 6.40937e-18 1.01104e-18 1.51332e-19 2.14875e-20 2.89333e-21 3.69318e-22 4.46687e-23 5.11669e-24 5.54766e-25 5.68965e-26 5.51571e-27 5.05004e-28 4.35177e-29 2.08291e-30 
0 3.99047e-29 4.69444e-28 5.18003e-27 5.39865e-26 5.31875e-25 4.95702e-24 4.37318e-23 3.65413e-22 2.89333e-21 2.17183e-20 1.54606e-19 1.04409e-18 6.69075e-18 4.06936e-17 2.34944e-16 1.28778e-15 6.7019e-15 3.31168e-14 1.55382e-13 6.92228e-13 2.92803e-12 1.17586e-11 4.48286e-11 1.62233e-10 5.57284e-10 1.8169e-09 5.62189e-09 1.6509e-08 4.60103e-08 1.21709e-07 3.05629e-07 7.28762e-07 1.65068e-06 3.55354e-06 7.27589e-06 1.41818e-05 2.63446e-05 4.67055e-05 7.91555e-05 0.000128491 0.000200226 0.000300275 0.0004346 0.000608915 0.00082857 0.00109866 0.00142437 0.00181142 0.00226654 0.00279771 0.00341418 0.00412617 0.00494425 0.00587859 0.00693823 0.00813033 0.00945972 0.0109286 0.0125366 0.0142808 0.016156 0.0181552 0.0202696 0.0224893 0.0248029 0.0271984 0.0296629 0.0321827 0.0347439 0.037332 0.0399325 0.0425309 0.0451133 0.0476659 0.0501757 0.0526309 0.0550204 0.0573342 0.0595639 0.0617019 0.0637421 0.0656795 0.0675104 0.069232 0.0708425 0.0723409 0.0737272 0.0750018 0.0761654 0.0772196 0.0781659 0.079006 0.0797418 0.0803751 0.0809076 0.0813409 0.0816765 0.0819153 0.0820583 0.0821059 0.0820583 0.0819153 0.0816765 0.0813409 0.0809076 0.0803751 0.0797418 0.079006 0.0781659 0.0772196 0.0761654 0.0750018 0.0737272 0.0723409 0.0708425 0.069232 0.0675104 0.0656795 0.0637421 0.0617019 0.0595639 0.0573342 0.0550204 0.0526309 0.0501757 0.0476659 0.0451133 0.0425309 0.0399325 0.037332 0.0347439 0.0321827 0.0296629 0.0271984 0.0248029 0.0224893 0.0202696 0.0181552 0.016156 0.0142808 0.0125366 0.0109286 0.00945972 0.00813033 0.00693823 0.00587859 0.00494425 0.00412617 0.00341418 0.00279771 0.00226654 0.00181142 0.00142437 0.00109866 0.00082857 0.000608915 0.0004346 0.000300275 0.000200226 0.000128491 7.91555e-05 4.67055e-05 2.63446e-05 1.41818e-05 7.27589e-06 3.55354e-06 1.65068e-06 7.28762e-07 3.05629e-07 1.21709e-07 4.60103e-08 1.6509e-08 5.62189e-09 1.8169e-09 5.57284e-10 1.62233e-10 4.48286e-11 1.17586e-11 2.92803e-12 6.92228e-13 1.55382e-13 3.31168e-14 6.7019e-15 1.28778e-15 2.34944e-16 4.06936e-17 6.69075e-18 1.04409e-18 1.54606e-19 2.17183e-20 2.89333e-21 3.65413e-22 4.37318e-23 4.95702e-24 5.31875e-25 5.39865e-26 5.17994e-27 4.68141e-28 2.38155e-29 
0 4.24505e-28 4.76372e-27 5.016e-26 4.99293e-25 4.70188e-24 4.19164e-23 3.53945e-22 2.83232e-21 2.14875e-20 1.54606e-19 1.05535e-18 6.83603e-18 4.20278e-17 2.45279e-16 1.35901e-15 7.14913e-15 3.57077e-14 1.69334e-13 7.62405e-13 3.25877e-12 1.32224e-11 5.09218e-11 1.86115e-10 6.45486e-10 2.12405e-09 6.63073e-09 1.96354e-08 5.51537e-08 1.46948e-07 3.714e-07 8.90591e-07 2.02674e-06 4.37913e-06 8.98911e-06 1.75445e-05 3.25934e-05 5.77122e-05 9.75617e-05 0.000157774 0.000244661 0.000364796 0.000524597 0.000730067 0.000986808 0.00130035 0.00167673 0.00212313 0.0026483 0.00326278 0.00397851 0.00480821 0.00576436 0.00685825 0.00809905 0.00949318 0.011044 0.0127519 0.0146142 0.016626 0.0187801 0.0210676 0.0234779 0.0259992 0.0286183 0.0313211 0.0340922 0.0369155 0.0397743 0.0426515 0.04553 0.0483927 0.0512236 0.054007 0.0567287 0.0593759 0.0619371 0.0644024 0.0667636 0.0690142 0.0711491 0.0731648 0.0750589 0.0768306 0.0784798 0.0800077 0.0814159 0.0827068 0.0838833 0.0849485 0.0859059 0.086759 0.0875113 0.088166 0.0887264 0.0891953 0.0895753 0.0898685 0.0900767 0.0902011 0.0902425 0.0902011 0.0900767 0.0898685 0.0895753 0.0891953 0.0887264 0.088166 0.0875113 0.086759 0.0859059 0.0849485 0.0838833 0.0827068 0.0814159 0.0800077 0.0784798 0.0768306 0.0750589 0.0731648 0.0711491 0.0690142 0.0667636 0.0644024 0.0619371 0.0593759 0.0567287 0.054007 0.0512236 0.0483927 0.04553 0.0426515 0.0397743 0.0369155 0.0340922 0.0313211 0.0286183 0.0259992 0.0234779 0.0210676 0.0187801 0.016626 0.0146142 0.0127519 0.011044 0.00949318 0.00809905 0.00685825 0.00576436 0.00480821 0.00397851 0.00326278 0.0026483 0.00212313 0.00167673 0.00130035 0.000986808 0.000730067 0.000524597 0.000364796 0.000244661 0.000157774 9.75617e-05 5.77122e-05 3.25934e-05 1.75445e-05 8.98911e-06 4.37913e-06 2.02674e-06 8.90591e-07 3.714e-07 1.46948e-07 5.51537e-08 1.96354e-08 6.63073e-09 2.12405e-09 6.45486e-10 1.86115e-10 5.09218e-11 1.32224e-11 3.25877e-12 7.62405e-13 1.69334e-13 3.57077e-14 7.14913e-15 1.35901e-15 2.45279e-16 4.20278e-17 6.83603e-18 1.05535e-18 1.54606e-19 2.14875e-20 2.83232e-21 3.53945e-22 4.19164e-23 4.70188e-24 4.99292e-25 5.01588e-26 4.74943e-27 2.56579e-28 
0 4.25841e-27 4.56323e-26 4.58923e-25 4.36652e-24 3.93332e-23 3.35624e-22 2.71412e-21 2.08099e-20 1.51332e-19 1.04409e-18 6.83603e-18 4.24821e-17 2.50615e-16 1.40362e-15 7.46368e-15 3.7681e-14 1.80611e-13 8.2185e-13 3.54995e-12 1.45539e-11 5.66243e-11 2.09034e-10 7.32052e-10 2.43165e-09 7.65978e-09 2.28779e-08 6.478e-08 1.73882e-07 4.42432e-07 1.0672e-06 2.44077e-06 5.29465e-06 1.08992e-05 2.13069e-05 3.95956e-05 7.004e-05 0.000118125 0.000190343 0.000293776 0.000435573 0.000622502 0.000860778 0.0011563 0.00151526 0.001945 0.00245472 0.00305587 0.00376199 0.00458789 0.00554857 0.00665786 0.0079273 0.00936525 0.0109766 0.0127627 0.0147218 0.0168492 0.0191381 0.0215797 0.0241633 0.0268766 0.0297056 0.0326346 0.0356464 0.0387225 0.0418432 0.0449882 0.0481371 0.0512696 0.0543662 0.0574085 0.0603796 0.0632644 0.0660498 0.0687245 0.0712795 0.0737078 0.0760042 0.0781656 0.0801901 0.0820778 0.0838298 0.0854484 0.0869369 0.0882992 0.0895399 0.0906641 0.091677 0.0925841 0.0933907 0.0941021 0.0947235 0.0952596 0.0957148 0.096093 0.0963976 0.0966314 0.0967969 0.0968955 0.0969282 0.0968955 0.0967969 0.0966314 0.0963976 0.096093 0.0957148 0.0952596 0.0947235 0.0941021 0.0933907 0.0925841 0.091677 0.0906641 0.0895399 0.0882992 0.0869369 0.0854484 0.0838298 0.0820778 0.0801901 0.0781656 0.0760042 0.0737078 0.0712795 0.0687245 0.0660498 0.0632644 0.0603796 0.0574085 0.0543662 0.0512696 0.0481371 0.0449882 0.0418432 0.0387225 0.0356464 0.0326346 0.0297056 0.0268766 0.0241633 0.0215797 0.0191381 0.0168492 0.0147218 0.0127627 0.0109766 0.00936525 0.0079273 0.00665786 0.00554857 0.00458789 0.00376199 0.00305587 0.00245472 0.001945 0.00151526 0.0011563 0.000860778 0.000622502 0.000435573 0.000293776 0.000190343 0.000118125 7.004e-05 3.95956e-05 2.13069e-05 1.08992e-05 5.29465e-06 2.44077e-06 1.0672e-06 4.42432e-07 1.73882e-07 6.478e-08 2.28779e-08 7.65978e-09 2.43165e-09 7.32052e-10 2.09034e-10 5.66243e-11 1.45539e-11 3.54995e-12 8.2185e-13 1.80611e-13 3.7681e-14 7.46368e-15 1.40362e-15 2.50615e-16 4.24821e-17 6.83603e-18 1.04409e-18 1.51332e-19 2.08099e-20 2.71412e-21 3.35624e-22 3.93332e-23 4.36652e-24 4.5891e-25 4.54848e-26 2.60742e-27 
0 4.03202e-26 4.12978e-25 3.97013e-24 3.6134e-23 3.11551e-22 2.54597e-21 1.97274e-20 1.44988e-19 1.01104e-18 6.69075e-18 4.20278e-17 2.50615e-16 1.41881e-15 7.62609e-15 3.89168e-14 1.88542e-13 8.67115e-13 3.78521e-12 1.56812e-11 6.16406e-11 2.29858e-10 8.12943e-10 2.72625e-09 8.66706e-09 2.61143e-08 7.45575e-08 2.01668e-07 5.16728e-07 1.25416e-06 2.8836e-06 6.28212e-06 1.2973e-05 2.54102e-05 4.7251e-05 8.35216e-05 0.000140572 0.000225755 0.000346872 0.000511549 0.000726793 0.000999 0.00133449 0.0017405 0.00222619 0.00280348 0.00348705 0.00429369 0.00524095 0.00634551 0.00762167 0.0090802 0.0107279 0.0125676 0.0145985 0.016817 0.019217 0.02179 0.0245258 0.0274118 0.0304333 0.0335732 0.0368121 0.0401287 0.0434999 0.0469016 0.0503096 0.0536996 0.0570485 0.0603346 0.0635381 0.0666413 0.0696292 0.0724892 0.0752111 0.0777874 0.0802128 0.082484 0.0846001 0.0865617 0.0883709 0.0900316 0.0915482 0.0929267 0.0941733 0.0952951 0.0962994 0.0971937 0.0979855 0.0986824 0.0992916 0.0998199 0.100274 0.10066 0.100983 0.101248 0.101459 0.101619 0.101732 0.101799 0.101821 0.101799 0.101732 0.101619 0.101459 0.101248 0.100983 0.10066 0.100274 0.0998199 0.0992916 0.0986824 0.0979855 0.0971937 0.0962994 0.0952951 0.0941733 0.0929267 0.0915482 0.0900316 0.0883709 0.0865617 0.0846001 0.082484 0.0802128 0.0777874 0.0752111 0.0724892 0.0696292 0.0666413 0.0635381 0.0603346 0.0570485 0.0536996 0.0503096 0.0469016 0.0434999 0.0401287 0.0368121 0.0335732 0.0304333 0.0274118 0.0245258 0.02179 0.019217 0.016817 0.0145985 0.0125676 0.0107279 0.0090802 0.00762167 0.00634551 0.00524095 0.00429369 0.00348705 0.00280348 0.00222619 0.0017405 0.00133449 0.000999 0.000726793 0.000511549 0.000346872 0.000225755 0.000140572 8.35216e-05 4.7251e-05 2.54102e-05 1.2973e-05 6.28212e-06 2.8836e-06 1.25416e-06 5.16728e-07 2.01668e-07 7.45575e-08 2.61143e-08 8.66706e-09 2.72625e-09 8.12943e-10 2.29858e-10 6.16406e-11 1.56812e-11 3.78521e-12 8.67115e-13 1.88542e-13 3.89168e-14 7.62609e-15 1.41881e-15 2.50615e-16 4.20278e-17 6.69075e-18 1.01104e-18 1.44988e-19 1.97274e-20 2.54597e-21 3.11551e-22 3.6134e-23 3.97001e-24 4.11544e-25 2.50172e-26 
0 3.60642e-25 3.53377e-24 3.24973e-23 2.83111e-22 2.33782e-21 1.83056e-20 1.35966e-19 9.58243e-19 6.40937e-18 4.06936e-17 2.45279e-16 1.40362e-15 7.62609e-15 3.93376e-14 1.92636e-13 8.95458e-13 3.95061e-12 1.65393e-11 6.56909e-11 2.47471e-10 8.84008e-10 2.99347e-09 9.60619e-09 2.92048e-08 8.40927e-08 2.29272e-07 5.91751e-07 1.44564e-06 3.34268e-06 7.31624e-06 1.51621e-05 2.97673e-05 5.54095e-05 9.79084e-05 0.000164502 0.000263388 0.000403017 0.000591377 0.00083563 0.00114238 0.0015186 0.00197302 0.00251731 0.00316669 0.00393945 0.00485561 0.00593491 0.00719484 0.00864912 0.0103069 0.012173 0.0142482 0.01653 0.0190136 0.0216917 0.0245547 0.0275903 0.0307833 0.0341152 0.0375644 0.0411063 0.0447142 0.0483598 0.0520144 0.0556495 0.0592381 0.0627546 0.0661761 0.0694823 0.0726559 0.0756824 0.0785503 0.0812512 0.0837793 0.0861312 0.088306 0.0903051 0.0921316 0.0937902 0.0952873 0.0966303 0.0978275 0.098888 0.0998213 0.100637 0.101346 0.101957 0.10248 0.102924 0.103299 0.103612 0.103871 0.104082 0.104253 0.104388 0.104493 0.10457 0.104623 0.104654 0.104664 0.104654 0.104623 0.10457 0.104493 0.104388 0.104253 0.104082 0.103871 0.103612 0.103299 0.102924 0.10248 0.101957 0.101346 0.100637 0.0998213 0.098888 0.0978275 0.0966303 0.0952873 0.0937902 0.0921316 0.0903051 0.088306 0.0861312 0.0837793 0.0812512 0.0785503 0.0756824 0.0726559 0.0694823 0.0661761 0.0627546 0.0592381 0.0556495 0.0520144 0.0483598 0.0447142 0.0411063 0.0375644 0.0341152 0.0307833 0.0275903 0.0245547 0.0216917 0.0190136 0.01653 0.0142482 0.012173 0.0103069 0.00864912 0.00719484 0.00593491 0.00485561 0.00393945 0.00316669 0.00251731 0.00197302 0.0015186 0.00114238 0.00083563 0.000591377 0.000403017 0.000263388 0.000164502 9.79084e-05 5.54095e-05 2.97673e-05 1.51621e-05 7.31624e-06 3.34268e-06 1.44564e-06 5.91751e-07 2.29272e-07 8.40927e-08 2.92048e-08 9.60619e-09 2.99347e-09 8.84008e-10 2.47471e-10 6.56909e-11 1.65393e-11 3.95061e-12 8.95458e-13 1.92636e-13 3.93376e-14 7.62609e-15 1.40362e-15 2.45279e-16 4.06936e-17 6.40937e-18 9.58243e-19 1.35966e-19 1.83056e-20 2.33782e-21 2.83111e-22 3.24961e-23 3.52063e-24 2.26817e-25 
0 3.04955e-24 2.8609e-23 2.51843e-22 2.10131e-21 1.66267e-20 1.24802e-19 8.88917e-19 6.00926e-18 3.85631e-17 2.34944e-16 1.35901e-15 7.46368e-15 3.89168e-14 1.92636e-13 9.05109e-13 4.036e-12 1.70764e-11 6.85372e-11 2.60868e-10 9.41332e-10 3.21918e-09 1.04297e-08 3.20012e-08 9.29544e-08 2.55525e-07 6.64539e-07 1.63465e-06 3.80257e-06 8.36503e-06 1.74046e-05 3.42646e-05 6.3874e-05 0.000112875 0.000189401 0.000302464 0.000461076 0.000673486 0.000946949 0.00128837 0.00170572 0.00220977 0.00281534 0.00354146 0.00441018 0.00544434 0.00666501 0.00808943 0.00972983 0.0115934 0.0136828 0.0159975 0.0185342 0.0212873 0.0242486 0.0274066 0.030746 0.0342472 0.0378864 0.0416356 0.0454642 0.0493394 0.0532279 0.0570967 0.0609142 0.0646513 0.0682812 0.0717806 0.0751294 0.0783108 0.0813116 0.0841215 0.0867338 0.0891446 0.0913528 0.0933599 0.0951699 0.0967888 0.0982245 0.0994862 0.100584 0.101531 0.102337 0.103015 0.103578 0.104039 0.104409 0.1047 0.104923 0.105089 0.105208 0.105288 0.105338 0.105365 0.105375 0.105374 0.105367 0.105357 0.105348 0.105342 0.10534 0.105342 0.105348 0.105357 0.105367 0.105374 0.105375 0.105365 0.105338 0.105288 0.105208 0.105089 0.104923 0.1047 0.104409 0.104039 0.103578 0.103015 0.102337 0.101531 0.100584 0.0994862 0.0982245 0.0967888 0.0951699 0.0933599 0.0913528 0.0891446 0.0867338 0.0841215 0.0813116 0.0783108 0.0751294 0.0717806 0.0682812 0.0646513 0.0609142 0.0570967 0.0532279 0.0493394 0.0454642 0.0416356 0.0378864 0.0342472 0.030746 0.0274066 0.0242486 0.0212873 0.0185342 0.0159975 0.0136828 0.0115934 0.00972983 0.00808943 0.00666501 0.00544434 0.00441018 0.00354146 0.00281534 0.00220977 0.00170572 0.00128837 0.000946949 0.000673486 0.000461076 0.000302464 0.000189401 0.000112875 6.3874e-05 3.42646e-05 1.74046e-05 8.36503e-06 3.80257e-06 1.63465e-06 6.64539e-07 2.55525e-07 9.29544e-08 3.20012e-08 1.04297e-08 3.21918e-09 9.41332e-10 2.60868e-10 6.85372e-11 1.70764e-11 4.036e-12 9.05109e-13 1.92636e-13 3.89168e-14 7.46368e-15 1.35901e-15 2.34944e-16 3.85631e-17 6.00926e-18 8.88917e-19 1.24802e-19 1.66267e-20 2.10131e-21 2.51832e-22 2.84954e-23 1.94472e-24 
0 2.43949e-23 2.19273e-22 1.84878e-21 1.47817e-20 1.12123e-19 8.07079e-19 5.51423e-18 3.5766e-17 2.2025e-16 1.28778e-15 7.14913e-15 3.7681e-14 1.88542e-13 8.95458e-13 4.036e-12 1.72592e-11 7.00061e-11 2.6925e-10 9.81586e-10 3.39067e-09 1.1093e-08 3.43585e-08 1.00705e-07 2.79198e-07 7.31888e-07 1.8134e-06 4.24562e-06 9.39122e-06 1.96269e-05 3.87657e-05 7.24071e-05 0.00012803 0.000214661 0.000342076 0.000519769 0.000756151 0.00105856 0.00143436 0.00189293 0.00244769 0.00311721 0.00392464 0.00489559 0.00605498 0.00742418 0.00901918 0.0108502 0.0129224 0.0152374 0.017794 0.0205888 0.0236156 0.0268646 0.030321 0.0339646 0.0377695 0.0417049 0.0457359 0.0498254 0.053935 0.0580273 0.062066 0.0660176 0.0698515 0.0735406 0.0770614 0.0803939 0.0835221 0.0864335 0.0891196 0.0915752 0.0937989 0.0957923 0.0975601 0.0991096 0.10045 0.101594 0.102553 0.103343 0.103976 0.10447 0.104839 0.105098 0.105262 0.105345 0.105361 0.105322 0.10524 0.105125 0.104989 0.10484 0.104685 0.104533 0.104388 0.104257 0.104144 0.104052 0.103985 0.103944 0.10393 0.103944 0.103985 0.104052 0.104144 0.104257 0.104388 0.104533 0.104685 0.10484 0.104989 0.105125 0.10524 0.105322 0.105361 0.105345 0.105262 0.105098 0.104839 0.10447 0.103976 0.103343 0.102553 0.101594 0.10045 0.0991096 0.0975601 0.0957923 0.0937989 0.0915752 0.0891196 0.0864335 0.0835221 0.0803939 0.0770614 0.0735406 0.0698515 0.0660176 0.062066 0.0580273 0.053935 0.0498254 0.0457359 0.0417049 0.0377695 0.0339646 0.030321 0.0268646 0.0236156 0.0205888 0.017794 0.0152374 0.0129224 0.0108502 0.00901918 0.00742418 0.00605498 0.00489559 0.00392464 0.00311721 0.00244769 0.00189293 0.00143436 0.00105856 0.000756151 0.000519769 0.000342076 0.000214661 0.00012803 7.24071e-05 3.87657e-05 1.96269e-05 9.39122e-06 4.24562e-06 1.8134e-06 7.31888e-07 2.79198e-07 1.00705e-07 3.43585e-08 1.1093e-08 3.39067e-09 9.81586e-10 2.6925e-10 7.00061e-11 1.72592e-11 4.036e-12 8.95458e-13 1.88542e-13 3.7681e-14 7.14913e-15 1.28778e-15 2.2025e-16 3.5766e-17 5.51423e-18 8.07079e-19 1.12123e-19 1.47817e-20 1.84869e-21 2.18346e-22 1.57792e-23 
0 1.84727e-22 1.59193e-21 1.28625e-20 9.85909e-20 7.17184e-19 4.95222e-18 3.24647e-17 2.02072e-16 1.19427e-15 6.7019e-15 3.57077e-14 1.80611e-13 8.67115e-13 3.95061e-12 1.70764e-11 7.00061e-11 2.72103e-10 1.00235e-09 3.4979e-09 1.15583e-08 3.6147e-08 1.06935e-07 2.99099e-07 7.90578e-07 1.97383e-06 4.6531e-06 1.03543e-05 2.17473e-05 4.31179e-05 8.07409e-05 0.000142934 0.000239599 0.000381231 0.000577721 0.000837576 0.00116824 0.00157777 0.00207739 0.00268378 0.0034197 0.00431254 0.00539093 0.00668091 0.00820308 0.00997149 0.0119943 0.0142757 0.0168168 0.0196171 0.0226731 0.0259775 0.0295169 0.0332714 0.0372138 0.0413105 0.045523 0.0498096 0.0541273 0.0584338 0.0626882 0.0668522 0.0708907 0.074772 0.0784681 0.081955 0.0852128 0.0882259 0.0909833 0.0934783 0.0957084 0.0976756 0.0993852 0.100846 0.10207 0.103071 0.103865 0.104469 0.104901 0.105178 0.10532 0.105344 0.105267 0.105106 0.104876 0.104593 0.104269 0.103918 0.103551 0.103178 0.102809 0.102452 0.102114 0.101801 0.10152 0.101274 0.101068 0.100904 0.100786 0.100714 0.10069 0.100714 0.100786 0.100904 0.101068 0.101274 0.10152 0.101801 0.102114 0.102452 0.102809 0.103178 0.103551 0.103918 0.104269 0.104593 0.104876 0.105106 0.105267 0.105344 0.10532 0.105178 0.104901 0.104469 0.103865 0.103071 0.10207 0.100846 0.0993852 0.0976756 0.0957084 0.0934783 0.0909833 0.0882259 0.0852128 0.081955 0.0784681 0.074772 0.0708907 0.0668522 0.0626882 0.0584338 0.0541273 0.0498096 0.045523 0.0413105 0.0372138 0.0332714 0.0295169 0.0259775 0.0226731 0.0196171 0.0168168 0.0142757 0.0119943 0.00997149 0.00820308 0.00668091 0.00539093 0.00431254 0.0034197 0.00268378 0.00207739 0.00157777 0.00116824 0.000837576 0.000577721 0.000381231 0.000239599 0.000142934 8.07409e-05 4.31179e-05 2.17473e-05 1.03543e-05 4.6531e-06 1.97383e-06 7.90578e-07 2.99099e-07 1.06935e-07 3.6147e-08 1.15583e-08 3.4979e-09 1.00235e-09 2.72103e-10 7.00061e-11 1.70764e-11 3.95061e-12 8.67115e-13 1.80611e-13 3.57077e-14 6.7019e-15 1.19427e-15 2.02072e-16 3.24647e-17 4.95222e-18 7.17184e-19 9.85908e-20 1.28618e-20 1.58479e-21 1.21237e-22 
0 1.32486e-21 1.0953e-20 8.48476e-20 6.23726e-19 4.35266e-18 2.88394e-17 1.81438e-16 1.08392e-15 6.14866e-15 3.31168e-14 1.69334e-13 8.2185e-13 3.78521e-12 1.65393e-11 6.85372e-11 2.6925e-10 1.00235e-09 3.53438e-09 1.17982e-08 3.72641e-08 1.11299e-07 3.14166e-07 8.37619e-07 2.10818e-06 5.00641e-06 1.12132e-05 2.36815e-05 4.71604e-05 8.85911e-05 0.000157119 0.000263497 0.000418892 0.000633528 0.000915965 0.00127382 0.00171609 0.00225633 0.00291499 0.00371936 0.00470082 0.00589028 0.00731385 0.00899047 0.0109321 0.0131456 0.0156349 0.0184024 0.0214481 0.0247682 0.0283521 0.0321813 0.0362281 0.040457 0.0448264 0.0492904 0.0538018 0.0583132 0.062779 0.0671559 0.0714033 0.075484 0.0793645 0.0830155 0.0864123 0.0895351 0.0923699 0.0949077 0.0971454 0.0990846 0.100732 0.102098 0.103198 0.104046 0.104664 0.105069 0.105285 0.105331 0.105229 0.105 0.104663 0.104237 0.103741 0.10319 0.102601 0.101988 0.101363 0.100737 0.100122 0.099527 0.0989593 0.0984265 0.0979348 0.0974895 0.097095 0.0967553 0.0964732 0.0962514 0.0960917 0.0959954 0.0959632 0.0959954 0.0960917 0.0962514 0.0964732 0.0967553 0.097095 0.0974895 0.0979348 0.0984265 0.0989593 0.099527 0.100122 0.100737 0.101363 0.101988 0.102601 0.10319 0.103741 0.104237 0.104663 0.105 0.105229 0.105331 0.105285 0.105069 0.104664 0.104046 0.103198 0.102098 0.100732 0.0990846 0.0971454 0.0949077 0.0923699 0.0895351 0.0864123 0.0830155 0.0793645 0.075484 0.0714033 0.0671559 0.062779 0.0583132 0.0538018 0.0492904 0.0448264 0.040457 0.0362281 0.0321813 0.0283521 0.0247682 0.0214481 0.0184024 0.0156349 0.0131456 0.0109321 0.00899047 0.00731385 0.00589028 0.00470082 0.00371936 0.00291499 0.00225633 0.00171609 0.00127382 0.000915965 0.000633528 0.000418892 0.000263497 0.000157119 8.85911e-05 4.71604e-05 2.36815e-05 1.12132e-05 5.00641e-06 2.10818e-06 8.37619e-07 3.14166e-07 1.11299e-07 3.72641e-08 1.17982e-08 3.53438e-09 1.00235e-09 2.6925e-10 6.85372e-11 1.65393e-11 3.78521e-12 8.2185e-13 1.69334e-13 3.31168e-14 6.14866e-15 1.08392e-15 1.81438e-16 2.88394e-17 4.35266e-18 6.23726e-19 8.48418e-20 1.0901e-20 8.82569e-22 
