0 0 0 0 0 0 0 0 0 0 0 0 0 0 0 0 0 0 0 0 0 0 0 0 0 0 0 0 0 0 0 0 0 0 0 0 0 0 0 0 0 0 0 0 0 0 0 0 0 0 0 0 0 0 0 0 0 0 0 0 0 0 0 0 0 0 0 0 0 0 0 0 0 0 0 0 0 0 0 0 0 0 0 0 0 0 0 0 0 0 0 0 0 0 0 0 0 0 0 0 0 0 0 0 0 0 0 0 0 0 0 0 0 0 0 0 0 0 0 0 0 0 0 0 0 0 0 0 0 0 0 0 0 0 0 0 0 0 0 0 0 0 0 0 0 0 0 0 0 0 0 0 0 0 0 0 0 0 0 0 0 0 0 0 0 0 0 0 0 0 0 0 0 0 0 0 0 0 0 0 0 0 0 0 0 0 0 0 0 0 0 0 0 0 0 0 0 0 0 0 
0 1.32207e-47 4.41335e-46 1.32463e-44 3.60102e-43 8.91697e-42 2.02104e-40 4.21027e-39 8.09096e-38 1.43887e-36 2.37459e-35 3.64564e-34 5.21829e-33 6.97751e-32 8.7307e-31 1.02389e-29 1.12699e-28 1.16573e-27 1.13445e-26 1.03973e-25 8.98273e-25 7.32169e-24 5.63452e-23 4.09679e-22 2.81605e-21 1.83102e-20 1.12675e-19 6.56522e-19 3.62369e-18 1.89545e-17 9.39942e-17 4.42063e-16 1.97252e-15 8.35362e-15 3.35899e-14 1.28291e-13 4.65609e-13 1.6065e-12 5.27223e-12 1.64664e-11 4.89734e-11 1.38795e-10 3.7512e-10 9.67634e-10 2.38449e-09 5.61906e-09 1.26762e-08 2.74083e-08 5.68707e-08 1.13393e-07 2.17557e-07 4.0223e-07 7.17676e-07 1.23761e-06 2.06585e-06 3.34291e-06 5.25188e-06 8.02254e-06 1.1933e-05 1.73078e-05 2.4513e-05 3.39462e-05 4.60251e-05 6.11714e-05 7.97954e-05 0.000102278 0.000128957 0.00016011 0.000195948 0.000236604 0.000282134 0.000332509 0.000387626 0.000447304 0.000511296 0.000579293 0.000650931 0.000725798 0.000803441 0.000883372 0.000965072 0.001048 0.00113158 0.00121524 0.00129838 0.00138041 0.00146071 0.00153868 0.00161372 0.00168526 0.00175273 0.00181559 0.00187332 0.00192546 0.00197158 0.00201128 0.00204423 0.00207016 0.00208884 0.00210011 0.00210388 0.00210011 0.00208884 0.00207016 0.00204423 0.00201128 0.00197158 0.00192546 0.00187332 0.00181559 0.00175273 0.00168526 0.00161372 0.00153868 0.00146071 0.00138041 0.00129838 0.00121524 0.00113158 0.001048 0.000965072 0.000883372 0.000803441 0.000725798 0.000650931 0.000579293 0.000511296 0.000447304 0.000387626 0.000332509 0.000282134 0.000236604 0.000195948 0.00016011 0.000128957 0.000102278 7.97954e-05 6.11714e-05 4.60251e-05 3.39462e-05 2.4513e-05 1.73078e-05 1.1933e-05 8.02254e-06 5.25188e-06 3.34291e-06 2.06585e-06 1.23761e-06 7.17676e-07 4.0223e-07 2.17557e-07 1.13393e-07 5.68707e-08 2.74083e-08 1.26762e-08 5.61906e-09 2.38449e-09 9.67634e-10 3.7512e-10 1.38795e-10 4.89734e-11 1.64664e-11 5.27223e-12 1.6065e-12 4.65609e-13 1.28291e-13 3.35899e-14 8.35362e-15 1.97252e-15 4.42063e-16 9.39942e-17 1.89545e-17 3.62369e-18 6.56522e-19 1.12675e-19 1.83102e-20 2.81605e-21 4.09679e-22 5.63452e-23 7.32169e-24 8.98273e-25 1.03973e-25 1.13445e-26 1.16573e-27 1.12699e-28 1.02389e-29 8.7307e-31 6.97751e-32 5.21829e-33 3.64564e-34 2.37459e-35 1.43887e-36 8.09096e-38 4.21027e-39 2.02104e-40 8.91697e-42 3.60102e-43 1.32463e-44 4.41165e-46 6.8846e-48 
0 4.41335e-46 1.33941e-44 3.67933e-43 9.20741e-42 2.10923e-40 4.44161e-39 8.62907e-38 1.55158e-36 2.58929e-35 4.02032e-34 5.82055e-33 7.873e-32 9.96658e-31 1.18267e-29 1.31733e-28 1.3791e-27 1.35848e-26 1.26042e-25 1.10251e-24 9.09937e-24 7.0914e-23 5.22202e-22 3.63579e-21 2.39472e-20 1.49289e-19 8.81296e-19 4.92857e-18 2.61216e-17 1.31257e-16 6.25523e-16 2.82824e-15 1.21365e-14 4.94454e-14 1.91327e-13 7.03422e-13 2.45825e-12 8.16974e-12 2.58337e-11 7.77693e-11 2.23024e-10 6.09715e-10 1.5903e-09 3.9609e-09 9.42956e-09 2.148e-08 4.68729e-08 9.81053e-08 1.97204e-07 3.81235e-07 7.09817e-07 1.27474e-06 2.21145e-06 3.71174e-06 6.03659e-06 9.52766e-06 1.46158e-05 2.18246e-05 3.17685e-05 4.51433e-05 6.271e-05 8.52726e-05 0.000113651 0.000148649 0.000191029 0.000241476 0.000300576 0.000368797 0.000446471 0.000533787 0.00063079 0.000737378 0.000853312 0.000978222 0.00111162 0.00125289 0.00140135 0.00155619 0.00171654 0.00188143 0.00204986 0.00222074 0.00239293 0.00256528 0.00273656 0.00290555 0.00307101 0.0032317 0.00338638 0.00353385 0.00367293 0.00380252 0.00392156 0.00402906 0.00412413 0.00420598 0.00427392 0.00432737 0.00436588 0.00438912 0.00439688 0.00438912 0.00436588 0.00432737 0.00427392 0.00420598 0.00412413 0.00402906 0.00392156 0.00380252 0.00367293 0.00353385 0.00338638 0.0032317 0.00307101 0.00290555 0.00273656 0.00256528 0.00239293 0.00222074 0.00204986 0.00188143 0.00171654 0.00155619 0.00140135 0.00125289 0.00111162 0.000978222 0.000853312 0.000737378 0.00063079 0.000533787 0.000446471 0.000368797 0.000300576 0.000241476 0.000191029 0.000148649 0.000113651 8.52726e-05 6.271e-05 4.51433e-05 3.17685e-05 2.18246e-05 1.46158e-05 9.52766e-06 6.03659e-06 3.71174e-06 2.21145e-06 1.27474e-06 7.09817e-07 3.81235e-07 1.97204e-07 9.81053e-08 4.68729e-08 2.148e-08 9.42956e-09 3.9609e-09 1.5903e-09 6.09715e-10 2.23024e-10 7.77693e-11 2.58337e-11 8.16974e-12 2.45825e-12 7.03422e-13 1.91327e-13 4.94454e-14 1.21365e-14 2.82824e-15 6.25523e-16 1.31257e-16 2.61216e-17 4.92857e-18 8.81296e-19 1.49289e-19 2.39472e-20 3.63579e-21 5.22202e-22 7.0914e-23 9.09937e-24 1.10251e-24 1.26042e-25 1.35848e-26 1.3791e-27 1.31733e-28 1.18267e-29 9.96658e-31 7.873e-32 5.82055e-33 4.02032e-34 2.58929e-35 1.55158e-36 8.62907e-38 4.44161e-39 2.10923e-40 9.20741e-42 3.67933e-43 1.33879e-44 2.32078e-46 
0 1.32463e-44 3.67933e-43 9.30207e-42 2.15302e-40 4.58132e-39 8.99455e-38 1.63454e-36 2.75709e-35 4.32732e-34 6.33362e-33 8.66156e-32 1.10869e-30 1.33036e-29 1.4986e-28 1.58673e-27 1.58092e-26 1.48373e-25 1.31289e-24 1.09621e-23 8.64321e-23 6.43961e-22 4.53641e-21 3.02322e-20 1.90699e-19 1.13905e-18 6.44517e-18 3.45609e-17 1.75691e-16 8.46986e-16 3.87348e-15 1.68099e-14 6.9248e-14 2.70876e-13 1.00649e-12 3.55374e-12 1.19284e-11 3.80805e-11 1.15683e-10 3.34613e-10 9.2216e-10 2.42318e-09 6.07638e-09 1.45542e-08 3.33317e-08 7.30713e-08 1.53526e-07 3.09549e-07 5.99781e-07 1.11841e-06 2.01008e-06 3.48739e-06 5.84991e-06 9.50286e-06 1.4973e-05 2.29194e-05 3.41366e-05 4.9548e-05 7.01903e-05 9.71867e-05 0.000131714 0.000174962 0.000228093 0.000292202 0.000368275 0.000457166 0.000559566 0.000675993 0.000806779 0.000952071 0.00111183 0.00128585 0.00147372 0.00167491 0.0018887 0.00211422 0.00235046 0.00259628 0.00285038 0.00311137 0.00337769 0.00364772 0.00391971 0.00419185 0.00446226 0.00472899 0.0049901 0.00524363 0.00548762 0.00572018 0.00593947 0.00614372 0.00633129 0.00650063 0.00665035 0.00677922 0.00688616 0.00697028 0.00703087 0.00706743 0.00707965 0.00706743 0.00703087 0.00697028 0.00688616 0.00677922 0.00665035 0.00650063 0.00633129 0.00614372 0.00593947 0.00572018 0.00548762 0.00524363 0.0049901 0.00472899 0.00446226 0.00419185 0.00391971 0.00364772 0.00337769 0.00311137 0.00285038 0.00259628 0.00235046 0.00211422 0.0018887 0.00167491 0.00147372 0.00128585 0.00111183 0.000952071 0.000806779 0.000675993 0.000559566 0.000457166 0.000368275 0.000292202 0.000228093 0.000174962 0.000131714 9.71867e-05 7.01903e-05 4.9548e-05 3.41366e-05 2.29194e-05 1.4973e-05 9.50286e-06 5.84991e-06 3.48739e-06 2.01008e-06 1.11841e-06 5.99781e-07 3.09549e-07 1.53526e-07 7.30713e-08 3.33317e-08 1.45542e-08 6.07638e-09 2.42318e-09 9.2216e-10 3.34613e-10 1.15683e-10 3.80805e-11 1.19284e-11 3.55374e-12 1.00649e-12 2.70876e-13 6.9248e-14 1.68099e-14 3.87348e-15 8.46986e-16 1.75691e-16 3.45609e-17 6.44517e-18 1.13905e-18 1.90699e-19 3.02322e-20 4.53641e-21 6.43961e-22 8.64321e-23 1.09621e-23 1.31289e-24 1.48373e-25 1.58092e-26 1.58673e-27 1.4986e-28 1.33036e-29 1.10869e-30 8.66156e-32 6.33362e-33 4.32732e-34 2.75709e-35 1.63454e-36 8.99455e-38 4.58132e-39 2.15302e-40 9.30207e-42 3.6773e-43 7.03522e-45 
0 3.60102e-43 9.20741e-42 2.15302e-40 4.62885e-39 9.18302e-38 1.68642e-36 2.87492e-35 4.56079e-34 6.74772e-33 9.3288e-32 1.20726e-30 1.46475e-29 1.66846e-28 1.7865e-27 1.80019e-26 1.70882e-25 1.52946e-24 1.29179e-23 1.03035e-22 7.76611e-22 5.53482e-21 3.73179e-20 2.38153e-19 1.43916e-18 8.23845e-18 4.46914e-17 2.2982e-16 1.12065e-15 5.18325e-15 2.27461e-14 9.47341e-14 3.74567e-13 1.40641e-12 5.01642e-12 1.70035e-11 5.47928e-11 1.67939e-10 4.89835e-10 1.36045e-09 3.60039e-09 9.08629e-09 2.18865e-08 5.03665e-08 1.10855e-07 2.33632e-07 4.72095e-07 9.15895e-07 1.7085e-06 3.06902e-06 5.31728e-06 8.90001e-06 1.44152e-05 2.26309e-05 3.44953e-05 5.11344e-05 7.38359e-05 0.000104021 0.000143202 0.000192935 0.000254766 0.000330181 0.000420557 0.00052713 0.000650958 0.000792915 0.00095367 0.00113369 0.00133326 0.00155244 0.00179111 0.00204896 0.00232549 0.00261999 0.00293156 0.00325907 0.00360119 0.0039564 0.00432292 0.00469881 0.00508192 0.00546992 0.00586035 0.00625059 0.00663795 0.00701968 0.00739297 0.00775504 0.00810313 0.00843457 0.00874676 0.00903726 0.00930377 0.00954417 0.00975655 0.00993921 0.0100907 0.0102098 0.0102956 0.0103473 0.0103646 0.0103473 0.0102956 0.0102098 0.0100907 0.00993921 0.00975655 0.00954417 0.00930377 0.00903726 0.00874676 0.00843457 0.00810313 0.00775504 0.00739297 0.00701968 0.00663795 0.00625059 0.00586035 0.00546992 0.00508192 0.00469881 0.00432292 0.0039564 0.00360119 0.00325907 0.00293156 0.00261999 0.00232549 0.00204896 0.00179111 0.00155244 0.00133326 0.00113369 0.00095367 0.000792915 0.000650958 0.00052713 0.000420557 0.000330181 0.000254766 0.000192935 0.000143202 0.000104021 7.38359e-05 5.11344e-05 3.44953e-05 2.26309e-05 1.44152e-05 8.90001e-06 5.31728e-06 3.06902e-06 1.7085e-06 9.15895e-07 4.72095e-07 2.33632e-07 1.10855e-07 5.03665e-08 2.18865e-08 9.08629e-09 3.60039e-09 1.36045e-09 4.89835e-10 1.67939e-10 5.47928e-11 1.70035e-11 5.01642e-12 1.40641e-12 3.74567e-13 9.47341e-14 2.27461e-14 5.18325e-15 1.12065e-15 2.2982e-16 4.46914e-17 8.23845e-18 1.43916e-18 2.38153e-19 3.73179e-20 5.53482e-21 7.76611e-22 1.03035e-22 1.29179e-23 1.52946e-24 1.70882e-25 1.80019e-26 1.7865e-27 1.66846e-28 1.46475e-29 1.20726e-30 9.3288e-32 6.74772e-33 4.56079e-34 2.87492e-35 1.68642e-36 9.18302e-38 4.62885e-39 2.15302e-40 9.20146e-42 1.93195e-43 
0 8.91697e-42 2.10923e-40 4.58132e-39 9.18302e-38 1.70407e-36 2.93571e-35 4.70685e-34 7.03867e-33 9.83653e-32 1.28688e-30 1.57855e-29 1.81805e-28 1.96845e-27 2.00587e-26 1.92565e-25 1.74318e-24 1.4892e-23 1.20149e-22 9.1608e-22 6.60457e-21 4.50486e-20 2.90836e-19 1.77798e-18 1.02963e-17 5.65019e-17 2.93902e-16 1.44952e-15 6.78027e-15 3.0087e-14 1.26686e-13 5.06301e-13 1.92102e-12 6.9219e-12 2.36932e-11 7.70698e-11 2.38332e-10 7.01005e-10 1.96217e-09 5.22996e-09 1.32837e-08 3.21773e-08 7.44039e-08 1.64401e-07 3.47515e-07 7.03638e-07 1.36654e-06 2.54933e-06 4.57539e-06 7.91283e-06 1.32087e-05 2.13185e-05 3.33253e-05 5.05445e-05 7.45096e-05 0.00010694 0.000149694 0.000204702 0.00027391 0.000359206 0.000462368 0.000585019 0.0007286 0.000894352 0.00108331 0.00129633 0.00153404 0.00179692 0.00208524 0.00239909 0.00273834 0.00310265 0.00349142 0.00390377 0.00433854 0.00479425 0.00526908 0.00576091 0.0062673 0.00678551 0.00731254 0.00784513 0.00837985 0.00891312 0.00944124 0.00996047 0.0104671 0.0109573 0.0114276 0.0118744 0.0122945 0.0126846 0.0130418 0.0133636 0.0136474 0.0138912 0.0140932 0.0142518 0.014366 0.0144348 0.0144578 0.0144348 0.014366 0.0142518 0.0140932 0.0138912 0.0136474 0.0133636 0.0130418 0.0126846 0.0122945 0.0118744 0.0114276 0.0109573 0.0104671 0.00996047 0.00944124 0.00891312 0.00837985 0.00784513 0.00731254 0.00678551 0.0062673 0.00576091 0.00526908 0.00479425 0.00433854 0.00390377 0.00349142 0.00310265 0.00273834 0.00239909 0.00208524 0.00179692 0.00153404 0.00129633 0.00108331 0.000894352 0.0007286 0.000585019 0.000462368 0.000359206 0.00027391 0.000204702 0.000149694 0.00010694 7.45096e-05 5.05445e-05 3.33253e-05 2.13185e-05 1.32087e-05 7.91283e-06 4.57539e-06 2.54933e-06 1.36654e-06 7.03638e-07 3.47515e-07 1.64401e-07 7.44039e-08 3.21773e-08 1.32837e-08 5.22996e-09 1.96217e-09 7.01005e-10 2.38332e-10 7.70698e-11 2.36932e-11 6.9219e-12 1.92102e-12 5.06301e-13 1.26686e-13 3.0087e-14 6.78027e-15 1.44952e-15 2.93902e-16 5.65019e-17 1.02963e-17 1.77798e-18 2.90836e-19 4.50486e-20 6.60457e-21 9.1608e-22 1.20149e-22 1.4892e-23 1.74318e-24 1.92565e-25 2.00587e-26 1.96845e-27 1.81805e-28 1.57855e-29 1.28688e-30 9.83653e-32 7.03867e-33 4.70685e-34 2.93571e-35 1.70407e-36 9.18302e-38 4.58131e-39 2.10765e-40 4.8334e-42 
0 2.02104e-40 4.44161e-39 8.99455e-38 1.68642e-36 2.93571e-35 4.75656e-34 7.1888e-33 1.01543e-31 1.34285e-30 1.66519e-29 1.93895e-28 2.12264e-27 2.18715e-26 2.1233e-25 1.94385e-24 1.67952e-23 1.37054e-22 1.05698e-21 7.70822e-21 5.3184e-20 3.47332e-19 2.14794e-18 1.25826e-17 6.98441e-17 3.67472e-16 1.83303e-15 8.67099e-15 3.89062e-14 1.65621e-13 6.69036e-13 2.5652e-12 9.33754e-12 3.22775e-11 1.05987e-10 3.30706e-10 9.80947e-10 2.76737e-09 7.42936e-09 1.89923e-08 4.62671e-08 1.075e-07 2.3846e-07 5.05552e-07 1.02563e-06 1.99377e-06 3.71916e-06 6.66767e-06 1.15073e-05 1.9151e-05 3.07888e-05 4.79034e-05 7.2262e-05 0.000105883 0.00015098 0.000209884 0.000284965 0.000378545 0.000492834 0.000629872 0.000791509 0.00097939 0.00119497 0.00143951 0.00171413 0.0020198 0.00235732 0.00272733 0.00313028 0.00356638 0.00403551 0.00453725 0.00507076 0.00563478 0.00622757 0.00684695 0.00749025 0.00815435 0.00883575 0.00953054 0.0102345 0.0109433 0.0116521 0.0123564 0.0130511 0.0137317 0.0143933 0.0150313 0.0156413 0.016219 0.0167606 0.0172621 0.0177203 0.018132 0.0184945 0.0188053 0.0190625 0.0192642 0.0194093 0.0194967 0.0195259 0.0194967 0.0194093 0.0192642 0.0190625 0.0188053 0.0184945 0.018132 0.0177203 0.0172621 0.0167606 0.016219 0.0156413 0.0150313 0.0143933 0.0137317 0.0130511 0.0123564 0.0116521 0.0109433 0.0102345 0.00953054 0.00883575 0.00815435 0.00749025 0.00684695 0.00622757 0.00563478 0.00507076 0.00453725 0.00403551 0.00356638 0.00313028 0.00272733 0.00235732 0.0020198 0.00171413 0.00143951 0.00119497 0.00097939 0.000791509 0.000629872 0.000492834 0.000378545 0.000284965 0.000209884 0.00015098 0.000105883 7.2262e-05 4.79034e-05 3.07888e-05 1.9151e-05 1.15073e-05 6.66767e-06 3.71916e-06 1.99377e-06 1.02563e-06 5.05552e-07 2.3846e-07 1.075e-07 4.62671e-08 1.89923e-08 7.42936e-09 2.76737e-09 9.80947e-10 3.30706e-10 1.05987e-10 3.22775e-11 9.33754e-12 2.5652e-12 6.69036e-13 1.65621e-13 3.89062e-14 8.67099e-15 1.83303e-15 3.67472e-16 6.98441e-17 1.25826e-17 2.14794e-18 3.47332e-19 5.3184e-20 7.70822e-21 1.05698e-21 1.37054e-22 1.67952e-23 1.94385e-24 2.1233e-25 2.18715e-26 2.12264e-27 1.93895e-28 1.66519e-29 1.34285e-30 1.01543e-31 7.1888e-33 4.75656e-34 2.93571e-35 1.68642e-36 8.99453e-38 4.43778e-39 1.10702e-40 
0 4.21027e-39 8.62907e-38 1.63454e-36 2.87492e-35 4.70685e-34 7.1888e-33 1.02625e-31 1.37174e-30 1.71944e-29 2.02397e-28 2.24009e-27 2.33374e-26 2.29089e-25 2.12082e-24 1.85313e-23 1.52938e-22 1.19293e-21 8.79929e-21 6.14092e-20 4.05663e-19 2.53754e-18 1.50359e-17 8.442e-17 4.49239e-16 2.26636e-15 1.08416e-14 4.91876e-14 2.11687e-13 8.64344e-13 3.34898e-12 1.23156e-11 4.29939e-11 1.4252e-10 4.48728e-10 1.3424e-09 3.81719e-09 1.03224e-08 2.65612e-08 6.50783e-08 1.51946e-07 3.38383e-07 7.19523e-07 1.46255e-06 2.8456e-06 5.30712e-06 9.50259e-06 1.63623e-05 2.71415e-05 4.34513e-05 6.72634e-05 0.00010088 0.00014687 0.000207982 0.000287037 0.000386828 0.00051003 0.000659141 0.000836453 0.00104406 0.00128388 0.00155768 0.00186716 0.00221389 0.00259938 0.00302503 0.00349204 0.00400137 0.00455364 0.00514903 0.00578721 0.00646726 0.00718762 0.00794609 0.0087398 0.00956526 0.0104184 0.0112946 0.012189 0.013096 0.01401 0.0149253 0.0158359 0.0167359 0.0176194 0.0184806 0.019314 0.0201143 0.0208762 0.0215952 0.0222668 0.0228868 0.0234516 0.0239578 0.0244024 0.024783 0.0250973 0.0253436 0.0255206 0.0256271 0.0256627 0.0256271 0.0255206 0.0253436 0.0250973 0.024783 0.0244024 0.0239578 0.0234516 0.0228868 0.0222668 0.0215952 0.0208762 0.0201143 0.019314 0.0184806 0.0176194 0.0167359 0.0158359 0.0149253 0.01401 0.013096 0.012189 0.0112946 0.0104184 0.00956526 0.0087398 0.00794609 0.00718762 0.00646726 0.00578721 0.00514903 0.00455364 0.00400137 0.00349204 0.00302503 0.00259938 0.00221389 0.00186716 0.00155768 0.00128388 0.00104406 0.000836453 0.000659141 0.00051003 0.000386828 0.000287037 0.000207982 0.00014687 0.00010088 6.72634e-05 4.34513e-05 2.71415e-05 1.63623e-05 9.50259e-06 5.30712e-06 2.8456e-06 1.46255e-06 7.19523e-07 3.38383e-07 1.51946e-07 6.50783e-08 2.65612e-08 1.03224e-08 3.81719e-09 1.3424e-09 4.48728e-10 1.4252e-10 4.29939e-11 1.23156e-11 3.34898e-12 8.64344e-13 2.11687e-13 4.91876e-14 1.08416e-14 2.26636e-15 4.49239e-16 8.442e-17 1.50359e-17 2.53754e-18 4.05663e-19 6.14092e-20 8.79929e-21 1.19293e-21 1.52938e-22 1.85313e-23 2.12082e-24 2.29089e-25 2.33374e-26 2.24009e-27 2.02397e-28 1.71944e-29 1.37174e-30 1.02625e-31 7.1888e-33 4.70685e-34 2.87492e-35 1.63454e-36 8.62058e-38 2.33085e-39 
0 8.09096e-38 1.55158e-36 2.75709e-35 4.56079e-34 7.03867e-33 1.01543e-31 1.37174e-30 1.73791e-29 2.06787e-28 2.31364e-27 2.43687e-26 2.4186e-25 2.26401e-24 2.00042e-23 1.66956e-22 1.31702e-21 9.82514e-21 6.9351e-20 4.63366e-19 2.93169e-18 1.75703e-17 9.9777e-17 5.3701e-16 2.73985e-15 1.3254e-14 6.08016e-14 2.64542e-13 1.09182e-12 4.27503e-12 1.58828e-11 5.59996e-11 1.87411e-10 5.95461e-10 1.79672e-09 5.15019e-09 1.40301e-08 3.63419e-08 8.95631e-08 2.10153e-07 4.69889e-07 1.00216e-06 2.041e-06 3.97441e-06 7.41037e-06 1.32501e-05 2.27587e-05 3.76189e-05 5.99549e-05 9.23145e-05 0.000137606 0.000198994 0.000279773 0.000383236 0.000512561 0.000670738 0.000860538 0.00108454 0.00134517 0.00164479 0.00198573 0.00237036 0.00280106 0.00328016 0.00380988 0.00439216 0.00502856 0.00572009 0.00646706 0.00726903 0.00812467 0.00903179 0.00998731 0.0109873 0.0120271 0.0131013 0.014204 0.0153288 0.016469 0.0176175 0.0187674 0.0199114 0.0210426 0.022154 0.0232389 0.024291 0.025304 0.0262721 0.02719 0.0280527 0.0288555 0.0295943 0.0302652 0.030865 0.0313906 0.0318396 0.0322098 0.0324995 0.0327074 0.0328325 0.0328743 0.0328325 0.0327074 0.0324995 0.0322098 0.0318396 0.0313906 0.030865 0.0302652 0.0295943 0.0288555 0.0280527 0.02719 0.0262721 0.025304 0.024291 0.0232389 0.022154 0.0210426 0.0199114 0.0187674 0.0176175 0.016469 0.0153288 0.014204 0.0131013 0.0120271 0.0109873 0.00998731 0.00903179 0.00812467 0.00726903 0.00646706 0.00572009 0.00502856 0.00439216 0.00380988 0.00328016 0.00280106 0.00237036 0.00198573 0.00164479 0.00134517 0.00108454 0.000860538 0.000670738 0.000512561 0.000383236 0.000279773 0.000198994 0.000137606 9.23145e-05 5.99549e-05 3.76189e-05 2.27587e-05 1.32501e-05 7.41037e-06 3.97441e-06 2.041e-06 1.00216e-06 4.69889e-07 2.10153e-07 8.95631e-08 3.63419e-08 1.40301e-08 5.15019e-09 1.79672e-09 5.95461e-10 1.87411e-10 5.59996e-11 1.58828e-11 4.27503e-12 1.09182e-12 2.64542e-13 6.08016e-14 1.3254e-14 2.73985e-15 5.3701e-16 9.9777e-17 1.75703e-17 2.93169e-18 4.63366e-19 6.9351e-20 9.82514e-21 1.31702e-21 1.66956e-22 2.00042e-23 2.26401e-24 2.4186e-25 2.43687e-26 2.31364e-27 2.06787e-28 1.73791e-29 1.37174e-30 1.01543e-31 7.03867e-33 4.56079e-34 2.75708e-35 1.54985e-36 4.52806e-38 
0 1.43887e-36 2.58929e-35 4.32732e-34 6.74772e-33 9.83653e-32 1.34285e-30 1.71944e-29 2.06787e-28 2.33869e-27 2.49013e-26 2.49861e-25 2.36478e-24 2.11272e-23 1.78303e-22 1.42236e-21 1.07309e-20 7.66041e-20 5.1765e-19 3.31246e-18 2.00786e-17 1.15319e-16 6.27708e-16 3.2388e-15 1.58435e-14 7.34888e-14 3.23254e-13 1.34855e-12 5.3362e-12 2.00301e-11 7.13299e-11 2.41019e-10 7.72853e-10 2.35232e-09 6.79775e-09 1.86573e-08 4.86553e-08 1.20625e-07 2.84475e-07 6.38685e-07 1.36635e-06 2.78825e-06 5.43414e-06 1.01289e-05 1.80843e-05 3.09807e-05 5.10198e-05 8.09294e-05 0.000123911 0.000183527 0.000263553 0.000367806 0.000500002 0.000663653 0.000862041 0.00109825 0.00137525 0.00169603 0.00206367 0.00248142 0.00295272 0.00348105 0.00406986 0.00472236 0.00544125 0.00622858 0.00708548 0.00801207 0.00900733 0.0100691 0.011194 0.0123777 0.0136147 0.0148989 0.0162232 0.0175803 0.0189622 0.0203608 0.0217677 0.0231746 0.0245733 0.0259557 0.0273139 0.0286404 0.029928 0.03117 0.0323599 0.0334919 0.0345606 0.035561 0.0364886 0.0373393 0.0381096 0.0387963 0.0393968 0.0399087 0.04033 0.0406593 0.0408953 0.0410373 0.0410847 0.0410373 0.0408953 0.0406593 0.04033 0.0399087 0.0393968 0.0387963 0.0381096 0.0373393 0.0364886 0.035561 0.0345606 0.0334919 0.0323599 0.03117 0.029928 0.0286404 0.0273139 0.0259557 0.0245733 0.0231746 0.0217677 0.0203608 0.0189622 0.0175803 0.0162232 0.0148989 0.0136147 0.0123777 0.011194 0.0100691 0.00900733 0.00801207 0.00708548 0.00622858 0.00544125 0.00472236 0.00406986 0.00348105 0.00295272 0.00248142 0.00206367 0.00169603 0.00137525 0.00109825 0.000862041 0.000663653 0.000500002 0.000367806 0.000263553 0.000183527 0.000123911 8.09294e-05 5.10198e-05 3.09807e-05 1.80843e-05 1.01289e-05 5.43414e-06 2.78825e-06 1.36635e-06 6.38685e-07 2.84475e-07 1.20625e-07 4.86553e-08 1.86573e-08 6.79775e-09 2.35232e-09 7.72853e-10 2.41019e-10 7.13299e-11 2.00301e-11 5.3362e-12 1.34855e-12 3.23254e-13 7.34888e-14 1.58435e-14 3.2388e-15 6.27708e-16 1.15319e-16 2.00786e-17 3.31246e-18 5.1765e-19 7.66041e-20 1.07309e-20 1.42236e-21 1.78303e-22 2.11272e-23 2.36478e-24 2.49861e-25 2.49013e-26 2.33869e-27 2.06787e-28 1.71944e-29 1.34285e-30 9.83653e-32 6.74772e-33 4.32731e-34 2.58605e-35 8.14197e-37 
0 2.37459e-35 4.02032e-34 6.33362e-33 9.3288e-32 1.28688e-30 1.66519e-29 2.02397e-28 2.31364e-27 2.49013e-26 2.52586e-25 2.41683e-24 2.1831e-23 1.86291e-22 1.50271e-21 1.14645e-20 8.27639e-20 5.65604e-19 3.66036e-18 2.24393e-17 1.3034e-16 7.17498e-16 3.74383e-15 1.85193e-14 8.68549e-14 3.86246e-13 1.62878e-12 6.51355e-12 2.47033e-11 8.88585e-11 3.03169e-10 9.81197e-10 3.01283e-09 8.77853e-09 2.42778e-08 6.37508e-08 1.59015e-07 3.7697e-07 8.49942e-07 1.8241e-06 3.73007e-06 7.27621e-06 1.35582e-05 2.41703e-05 4.12946e-05 6.77434e-05 0.000106932 0.000162771 0.000239501 0.00034148 0.000472993 0.000638113 0.00084065 0.00108421 0.0013723 0.00170856 0.00209686 0.00254142 0.00304686 0.00361804 0.00425987 0.00497704 0.00577368 0.00665306 0.0076173 0.0086672 0.0098021 0.0110198 0.0123168 0.0136882 0.0151277 0.0166282 0.0181819 0.01978 0.0214134 0.0230728 0.0247486 0.0264312 0.0281111 0.029779 0.0314258 0.0330429 0.0346219 0.036155 0.0376349 0.0390548 0.0404086 0.0416903 0.0428951 0.0440182 0.0450556 0.0460037 0.0468594 0.0476202 0.0482836 0.048848 0.0493116 0.0496735 0.0499326 0.0500883 0.0501402 0.0500883 0.0499326 0.0496735 0.0493116 0.048848 0.0482836 0.0476202 0.0468594 0.0460037 0.0450556 0.0440182 0.0428951 0.0416903 0.0404086 0.0390548 0.0376349 0.036155 0.0346219 0.0330429 0.0314258 0.029779 0.0281111 0.0264312 0.0247486 0.0230728 0.0214134 0.01978 0.0181819 0.0166282 0.0151277 0.0136882 0.0123168 0.0110198 0.0098021 0.0086672 0.0076173 0.00665306 0.00577368 0.00497704 0.00425987 0.00361804 0.00304686 0.00254142 0.00209686 0.00170856 0.0013723 0.00108421 0.00084065 0.000638113 0.000472993 0.00034148 0.000239501 0.000162771 0.000106932 6.77434e-05 4.12946e-05 2.41703e-05 1.35582e-05 7.27621e-06 3.73007e-06 1.8241e-06 8.49942e-07 3.7697e-07 1.59015e-07 6.37508e-08 2.42778e-08 8.77853e-09 3.01283e-09 9.81197e-10 3.03169e-10 8.88585e-11 2.47033e-11 6.51355e-12 1.62878e-12 3.86246e-13 8.68549e-14 1.85193e-14 3.74383e-15 7.17498e-16 1.3034e-16 2.24393e-17 3.66036e-18 5.65604e-19 8.27639e-20 1.14645e-20 1.50271e-21 1.86291e-22 2.1831e-23 2.41683e-24 2.52586e-25 2.49013e-26 2.31364e-27 2.02397e-28 1.66519e-29 1.28688e-30 9.3288e-32 6.33359e-33 4.01471e-34 1.35889e-35 
0 3.64564e-34 5.82055e-33 8.66156e-32 1.20726e-30 1.57855e-29 1.93895e-28 2.24009e-27 2.43687e-26 2.49861e-25 2.41683e-24 2.20707e-23 1.90418e-22 1.55307e-21 1.19811e-20 8.74636e-20 6.04452e-19 3.95593e-18 2.45253e-17 1.44067e-16 8.02019e-16 4.23196e-15 2.11683e-14 1.00382e-13 4.51309e-13 1.9238e-12 7.77539e-12 2.97965e-11 1.08267e-10 3.73015e-10 1.21862e-09 3.77536e-09 1.10929e-08 3.09173e-08 8.17599e-08 2.05216e-07 4.8912e-07 1.10766e-06 2.38514e-06 4.88805e-06 9.54451e-06 1.77804e-05 3.16491e-05 5.39231e-05 8.81125e-05 0.000138387 0.0002094 0.000306048 0.000433214 0.000595572 0.000797491 0.00104309 0.00133643 0.00168171 0.00208361 0.00254735 0.00307883 0.00368441 0.00437071 0.00514413 0.00601047 0.00697446 0.00803937 0.00920684 0.0104766 0.0118467 0.0133131 0.0148705 0.016512 0.0182296 0.0200143 0.0218563 0.0237454 0.0256709 0.027622 0.0295876 0.031557 0.0335194 0.0354644 0.0373819 0.0392625 0.041097 0.0428771 0.0445949 0.0462434 0.0478161 0.0493073 0.0507119 0.0520256 0.0532445 0.0543656 0.055386 0.0563036 0.0571166 0.0578236 0.0584233 0.0589151 0.0592981 0.059572 0.0597365 0.0597914 0.0597365 0.059572 0.0592981 0.0589151 0.0584233 0.0578236 0.0571166 0.0563036 0.055386 0.0543656 0.0532445 0.0520256 0.0507119 0.0493073 0.0478161 0.0462434 0.0445949 0.0428771 0.041097 0.0392625 0.0373819 0.0354644 0.0335194 0.031557 0.0295876 0.027622 0.0256709 0.0237454 0.0218563 0.0200143 0.0182296 0.016512 0.0148705 0.0133131 0.0118467 0.0104766 0.00920684 0.00803937 0.00697446 0.00601047 0.00514413 0.00437071 0.00368441 0.00307883 0.00254735 0.00208361 0.00168171 0.00133643 0.00104309 0.000797491 0.000595572 0.000433214 0.000306048 0.0002094 0.000138387 8.81125e-05 5.39231e-05 3.16491e-05 1.77804e-05 9.54451e-06 4.88805e-06 2.38514e-06 1.10766e-06 4.8912e-07 2.05216e-07 8.17599e-08 3.09173e-08 1.10929e-08 3.77536e-09 1.21862e-09 3.73015e-10 1.08267e-10 2.97965e-11 7.77539e-12 1.9238e-12 4.51309e-13 1.00382e-13 2.11683e-14 4.23196e-15 8.02019e-16 1.44067e-16 2.45253e-17 3.95593e-18 6.04452e-19 8.74636e-20 1.19811e-20 1.55307e-21 1.90418e-22 2.20707e-23 2.41683e-24 2.49861e-25 2.43687e-26 2.24009e-27 1.93895e-28 1.57855e-29 1.20726e-30 8.66151e-32 5.81153e-33 2.11032e-34 
0 5.21829e-33 7.873e-32 1.10869e-30 1.46475e-29 1.81805e-28 2.12264e-27 2.33374e-26 2.4186e-25 2.36478e-24 2.1831e-23 1.90418e-22 1.57023e-21 1.2248e-20 9.04101e-20 6.31816e-19 4.1815e-18 2.62157e-17 1.55732e-16 8.76723e-16 4.67812e-15 2.36617e-14 1.13453e-13 5.15695e-13 2.22217e-12 9.07748e-12 3.51514e-11 1.29031e-10 4.48959e-10 1.48071e-09 4.629e-09 1.37175e-08 3.85368e-08 1.0265e-07 2.59317e-07 6.2152e-07 1.41398e-06 3.05548e-06 6.27663e-06 1.22697e-05 2.28537e-05 4.06204e-05 6.90187e-05 0.000112332 0.000175531 0.000264008 0.000383262 0.000538611 0.000735033 0.000977179 0.00126958 0.001617 0.00202476 0.00249908 0.00304712 0.00367689 0.00439682 0.00521532 0.00614008 0.00717753 0.00833234 0.0096071 0.0110022 0.0125156 0.0141435 0.01588 0.0177175 0.0196473 0.0216594 0.0237431 0.0258869 0.0280789 0.0303069 0.0325582 0.0348206 0.0370816 0.0393291 0.0415515 0.0437374 0.0458764 0.0479587 0.0499752 0.051918 0.0537796 0.0555539 0.0572354 0.0588195 0.0603025 0.0616814 0.0629536 0.0641176 0.065172 0.066116 0.066949 0.0676707 0.0682811 0.0687803 0.0691683 0.0694453 0.0696115 0.0696669 0.0696115 0.0694453 0.0691683 0.0687803 0.0682811 0.0676707 0.066949 0.066116 0.065172 0.0641176 0.0629536 0.0616814 0.0603025 0.0588195 0.0572354 0.0555539 0.0537796 0.051918 0.0499752 0.0479587 0.0458764 0.0437374 0.0415515 0.0393291 0.0370816 0.0348206 0.0325582 0.0303069 0.0280789 0.0258869 0.0237431 0.0216594 0.0196473 0.0177175 0.01588 0.0141435 0.0125156 0.0110022 0.0096071 0.00833234 0.00717753 0.00614008 0.00521532 0.00439682 0.00367689 0.00304712 0.00249908 0.00202476 0.001617 0.00126958 0.000977179 0.000735033 0.000538611 0.000383262 0.000264008 0.000175531 0.000112332 6.90187e-05 4.06204e-05 2.28537e-05 1.22697e-05 6.27663e-06 3.05548e-06 1.41398e-06 6.2152e-07 2.59317e-07 1.0265e-07 3.85368e-08 1.37175e-08 4.629e-09 1.48071e-09 4.48959e-10 1.29031e-10 3.51514e-11 9.07748e-12 2.22217e-12 5.15695e-13 1.13453e-13 2.36617e-14 4.67812e-15 8.76723e-16 1.55732e-16 2.62157e-17 4.1815e-18 6.31816e-19 9.04101e-20 1.2248e-20 1.57023e-21 1.90418e-22 2.1831e-23 2.36478e-24 2.4186e-25 2.33374e-26 2.12264e-27 1.81805e-28 1.46475e-29 1.10868e-30 7.85951e-32 3.0562e-33 
0 6.97751e-32 9.96658e-31 1.33036e-29 1.66846e-28 1.96845e-27 2.18715e-26 2.29089e-25 2.26401e-24 2.11272e-23 1.86291e-22 1.55307e-21 1.2248e-20 9.14141e-20 6.45958e-19 4.32294e-18 2.74066e-17 1.64636e-16 9.37265e-16 5.05727e-15 2.58655e-14 1.25399e-13 5.76282e-13 2.51035e-12 1.0365e-11 4.05608e-11 1.50423e-10 5.28633e-10 1.76032e-09 5.55392e-09 1.6602e-08 4.70201e-08 1.26182e-07 3.20898e-07 7.73587e-07 1.76845e-06 3.83581e-06 7.89993e-06 1.54634e-05 2.88025e-05 5.11254e-05 8.66366e-05 0.000140454 0.000218364 0.00032646 0.000470755 0.000656901 0.000890121 0.00117541 0.00151793 0.00192357 0.00239933 0.00295358 0.00359593 0.0043368 0.00518677 0.0061557 0.00725201 0.008482 0.00984947 0.0113555 0.0129987 0.0147749 0.0166782 0.0187006 0.0208327 0.0230638 0.0253823 0.0277756 0.0302303 0.0327327 0.0352685 0.0378233 0.0403825 0.0429319 0.0454576 0.0479465 0.0503859 0.0527643 0.0550713 0.0572976 0.059435 0.0614767 0.0634167 0.0652507 0.066975 0.068587 0.070085 0.0714681 0.0727358 0.0738885 0.0749266 0.0758511 0.076663 0.0773635 0.0779538 0.078435 0.0788081 0.0790739 0.0792332 0.0792862 0.0792332 0.0790739 0.0788081 0.078435 0.0779538 0.0773635 0.076663 0.0758511 0.0749266 0.0738885 0.0727358 0.0714681 0.070085 0.068587 0.066975 0.0652507 0.0634167 0.0614767 0.059435 0.0572976 0.0550713 0.0527643 0.0503859 0.0479465 0.0454576 0.0429319 0.0403825 0.0378233 0.0352685 0.0327327 0.0302303 0.0277756 0.0253823 0.0230638 0.0208327 0.0187006 0.0166782 0.0147749 0.0129987 0.0113555 0.00984947 0.008482 0.00725201 0.0061557 0.00518677 0.0043368 0.00359593 0.00295358 0.00239933 0.00192357 0.00151793 0.00117541 0.000890121 0.000656901 0.000470755 0.00032646 0.000218364 0.000140454 8.66366e-05 5.11254e-05 2.88025e-05 1.54634e-05 7.89993e-06 3.83581e-06 1.76845e-06 7.73587e-07 3.20898e-07 1.26182e-07 4.70201e-08 1.6602e-08 5.55392e-09 1.76032e-09 5.28633e-10 1.50423e-10 4.05608e-11 1.0365e-11 2.51035e-12 5.76282e-13 1.25399e-13 2.58655e-14 5.05727e-15 9.37265e-16 1.64636e-16 2.74066e-17 4.32294e-18 6.45958e-19 9.14141e-20 1.2248e-20 1.55307e-21 1.86291e-22 2.11272e-23 2.26401e-24 2.29089e-25 2.18715e-26 1.96845e-27 1.66846e-28 1.33035e-29 9.9478e-31 4.13555e-32 
0 8.7307e-31 1.18267e-29 1.4986e-28 1.7865e-27 2.00587e-26 2.1233e-25 2.12082e-24 2.00042e-23 1.78303e-22 1.50271e-21 1.19811e-20 9.04101e-20 6.45958e-19 4.37114e-18 2.80221e-17 1.7022e-16 9.79922e-16 5.3467e-15 2.76515e-14 1.3555e-13 6.29817e-13 2.77359e-12 1.15756e-11 4.57799e-11 1.71545e-10 6.08966e-10 2.04768e-09 6.52118e-09 1.9667e-08 5.61655e-08 1.51883e-07 3.88939e-07 9.43311e-07 2.16746e-06 4.72019e-06 9.74896e-06 1.91127e-05 3.56076e-05 6.31319e-05 0.000106713 0.000172342 0.000266609 0.000396236 0.00056764 0.000786706 0.00105891 0.00138974 0.00178541 0.00225346 0.00280322 0.00344579 0.00419359 0.00505952 0.00605589 0.00719342 0.00848036 0.00992202 0.0115205 0.013275 0.0151818 0.0172349 0.0194263 0.0217462 0.0241836 0.0267258 0.0293593 0.0320692 0.03484 0.0376551 0.0404977 0.0433505 0.0461967 0.0490194 0.0518029 0.0545323 0.0571939 0.0597755 0.0622664 0.0646573 0.0669409 0.0691109 0.071163 0.073094 0.074902 0.076586 0.0781464 0.0795839 0.0809002 0.0820974 0.0831779 0.0841444 0.0849996 0.0857464 0.0863874 0.0869251 0.0873618 0.0876993 0.0879393 0.0880828 0.0881306 0.0880828 0.0879393 0.0876993 0.0873618 0.0869251 0.0863874 0.0857464 0.0849996 0.0841444 0.0831779 0.0820974 0.0809002 0.0795839 0.0781464 0.076586 0.074902 0.073094 0.071163 0.0691109 0.0669409 0.0646573 0.0622664 0.0597755 0.0571939 0.0545323 0.0518029 0.0490194 0.0461967 0.0433505 0.0404977 0.0376551 0.03484 0.0320692 0.0293593 0.0267258 0.0241836 0.0217462 0.0194263 0.0172349 0.0151818 0.013275 0.0115205 0.00992202 0.00848036 0.00719342 0.00605589 0.00505952 0.00419359 0.00344579 0.00280322 0.00225346 0.00178541 0.00138974 0.00105891 0.000786706 0.00056764 0.000396236 0.000266609 0.000172342 0.000106713 6.31319e-05 3.56076e-05 1.91127e-05 9.74896e-06 4.72019e-06 2.16746e-06 9.43311e-07 3.88939e-07 1.51883e-07 5.61655e-08 1.9667e-08 6.52118e-09 2.04768e-09 6.08966e-10 1.71545e-10 4.57799e-11 1.15756e-11 2.77359e-12 6.29817e-13 1.3555e-13 2.76515e-14 5.3467e-15 9.79922e-16 1.7022e-16 2.80221e-17 4.37114e-18 6.45958e-19 9.04101e-20 1.19811e-20 1.50271e-21 1.78303e-22 2.00042e-23 2.12082e-24 2.1233e-25 2.00587e-26 1.7865e-27 1.49858e-28 1.18023e-29 5.23803e-31 
0 1.02389e-29 1.31733e-28 1.58673e-27 1.80019e-26 1.92565e-25 1.94385e-24 1.85313e-23 1.66956e-22 1.42236e-21 1.14645e-20 8.74636e-20 6.31816e-19 4.32294e-18 2.80221e-17 1.72123e-16 1.00197e-15 5.52822e-15 2.89099e-14 1.43298e-13 6.73193e-13 2.99719e-12 1.26447e-11 5.05434e-11 1.91383e-10 6.86348e-10 2.33079e-09 7.4937e-09 2.28057e-08 6.56865e-08 1.79039e-07 4.61782e-07 1.1271e-06 2.60377e-06 5.69498e-06 1.17994e-05 2.31757e-05 4.3199e-05 7.65224e-05 0.00012905 0.000207659 0.000319705 0.000472436 0.00067255 0.00092611 0.00123892 0.00161729 0.00206897 0.00260386 0.00323423 0.00397437 0.00483958 0.00584485 0.00700354 0.00832627 0.0098202 0.0114889 0.0133324 0.0153477 0.0175292 0.0198693 0.0223582 0.0249847 0.0277356 0.0305962 0.0335501 0.0365795 0.0396654 0.0427876 0.0459259 0.0490596 0.052169 0.0552349 0.0582395 0.0611669 0.0640027 0.0667346 0.0693523 0.0718477 0.0742144 0.0764481 0.078546 0.080507 0.0823313 0.0840203 0.0855763 0.0870026 0.0883029 0.0894816 0.0905432 0.0914925 0.0923341 0.0930728 0.0937129 0.0942586 0.0947137 0.0950813 0.0953643 0.0955649 0.0956846 0.0957244 0.0956846 0.0955649 0.0953643 0.0950813 0.0947137 0.0942586 0.0937129 0.0930728 0.0923341 0.0914925 0.0905432 0.0894816 0.0883029 0.0870026 0.0855763 0.0840203 0.0823313 0.080507 0.078546 0.0764481 0.0742144 0.0718477 0.0693523 0.0667346 0.0640027 0.0611669 0.0582395 0.0552349 0.052169 0.0490596 0.0459259 0.0427876 0.0396654 0.0365795 0.0335501 0.0305962 0.0277356 0.0249847 0.0223582 0.0198693 0.0175292 0.0153477 0.0133324 0.0114889 0.0098202 0.00832627 0.00700354 0.00584485 0.00483958 0.00397437 0.00323423 0.00260386 0.00206897 0.00161729 0.00123892 0.00092611 0.00067255 0.000472436 0.000319705 0.000207659 0.00012905 7.65224e-05 4.3199e-05 2.31757e-05 1.17994e-05 5.69498e-06 2.60377e-06 1.1271e-06 4.61782e-07 1.79039e-07 6.56865e-08 2.28057e-08 7.4937e-09 2.33079e-09 6.86348e-10 1.91383e-10 5.05434e-11 1.26447e-11 2.99719e-12 6.73193e-13 1.43298e-13 2.89099e-14 5.52822e-15 1.00197e-15 1.72123e-16 2.80221e-17 4.32294e-18 6.31816e-19 8.74636e-20 1.14645e-20 1.42236e-21 1.66956e-22 1.85313e-23 1.94385e-24 1.92565e-25 1.80019e-26 1.58671e-27 1.31437e-28 6.21965e-30 
0 1.12699e-28 1.3791e-27 1.58092e-26 1.70882e-25 1.74318e-24 1.67952e-23 1.52938e-22 1.31702e-21 1.07309e-20 8.27639e-20 6.04452e-19 4.1815e-18 2.74066e-17 1.7022e-16 1.00197e-15 5.59008e-15 2.95604e-14 1.48156e-13 7.03752e-13 3.16781e-12 1.35106e-11 5.45867e-11 2.08884e-10 7.56877e-10 2.59621e-09 8.42822e-09 2.58883e-08 7.5221e-08 2.06707e-07 5.37138e-07 1.31979e-06 3.06643e-06 6.73838e-06 1.40103e-05 2.75796e-05 5.14516e-05 9.10884e-05 0.000153306 0.000245864 0.000376808 0.000553799 0.000783709 0.00107277 0.00142731 0.0018549 0.00236547 0.00297197 0.00369016 0.00453765 0.0055323 0.00669048 0.00802561 0.00954719 0.0112606 0.0131672 0.0152652 0.0175499 0.0200142 0.0226491 0.0254435 0.0283838 0.0314546 0.0346375 0.0379123 0.0412568 0.0446474 0.0480598 0.0514694 0.0548525 0.0581865 0.0614503 0.0646251 0.0676944 0.070644 0.0734624 0.0761406 0.0786719 0.0810518 0.083278 0.0853501 0.0872692 0.089038 0.0906603 0.092141 0.0934858 0.0947008 0.0957929 0.0967689 0.0976358 0.0984004 0.0990696 0.0996495 0.100146 0.100565 0.100911 0.101188 0.1014 0.10155 0.101638 0.101668 0.101638 0.10155 0.1014 0.101188 0.100911 0.100565 0.100146 0.0996495 0.0990696 0.0984004 0.0976358 0.0967689 0.0957929 0.0947008 0.0934858 0.092141 0.0906603 0.089038 0.0872692 0.0853501 0.083278 0.0810518 0.0786719 0.0761406 0.0734624 0.070644 0.0676944 0.0646251 0.0614503 0.0581865 0.0548525 0.0514694 0.0480598 0.0446474 0.0412568 0.0379123 0.0346375 0.0314546 0.0283838 0.0254435 0.0226491 0.0200142 0.0175499 0.0152652 0.0131672 0.0112606 0.00954719 0.00802561 0.00669048 0.0055323 0.00453765 0.00369016 0.00297197 0.00236547 0.0018549 0.00142731 0.00107277 0.000783709 0.000553799 0.000376808 0.000245864 0.000153306 9.10884e-05 5.14516e-05 2.75796e-05 1.40103e-05 6.73838e-06 3.06643e-06 1.31979e-06 5.37138e-07 2.06707e-07 7.5221e-08 2.58883e-08 8.42822e-09 2.59621e-09 7.56877e-10 2.08884e-10 5.45867e-11 1.35106e-11 3.16781e-12 7.03752e-13 1.48156e-13 2.95604e-14 5.59008e-15 1.00197e-15 1.7022e-16 2.74066e-17 4.1815e-18 6.04452e-19 8.27639e-20 1.07309e-20 1.31702e-21 1.52938e-22 1.67952e-23 1.74318e-24 1.70882e-25 1.5809e-26 1.37573e-27 6.93335e-29 
0 1.16573e-27 1.35848e-26 1.48373e-25 1.52946e-24 1.4892e-23 1.37054e-22 1.19293e-21 9.82514e-21 7.66041e-20 5.65604e-19 3.95593e-18 2.62157e-17 1.64636e-16 9.79922e-16 5.52822e-15 2.95604e-14 1.49812e-13 7.19545e-13 3.27479e-12 1.41204e-11 5.76705e-11 2.23047e-10 8.16678e-10 2.83001e-09 9.27826e-09 2.87705e-08 8.43511e-08 2.3376e-07 6.1218e-07 1.51474e-06 3.54091e-06 7.82065e-06 1.63244e-05 3.22202e-05 6.01851e-05 0.000106531 0.000179005 0.000286218 0.000436823 0.000638769 0.000899022 0.00122405 0.00162101 0.0020993 0.00267175 0.00335497 0.00416848 0.00513303 0.00626834 0.00759113 0.00911382 0.0108441 0.0127852 0.0149368 0.0172955 0.0198557 0.0226094 0.0255462 0.0286526 0.0319122 0.0353052 0.0388085 0.0423964 0.0460413 0.0497144 0.0533868 0.0570304 0.0606187 0.064127 0.0675334 0.0708189 0.0739671 0.0769649 0.0798022 0.0824713 0.0849676 0.0872888 0.0894349 0.0914077 0.0932111 0.0948504 0.0963321 0.0976638 0.0988539 0.0999114 0.100846 0.101666 0.102382 0.103002 0.103536 0.103992 0.104378 0.104701 0.104967 0.105182 0.105352 0.10548 0.105568 0.105621 0.105638 0.105621 0.105568 0.10548 0.105352 0.105182 0.104967 0.104701 0.104378 0.103992 0.103536 0.103002 0.102382 0.101666 0.100846 0.0999114 0.0988539 0.0976638 0.0963321 0.0948504 0.0932111 0.0914077 0.0894349 0.0872888 0.0849676 0.0824713 0.0798022 0.0769649 0.0739671 0.0708189 0.0675334 0.064127 0.0606187 0.0570304 0.0533868 0.0497144 0.0460413 0.0423964 0.0388085 0.0353052 0.0319122 0.0286526 0.0255462 0.0226094 0.0198557 0.0172955 0.0149368 0.0127852 0.0108441 0.00911382 0.00759113 0.00626834 0.00513303 0.00416848 0.00335497 0.00267175 0.0020993 0.00162101 0.00122405 0.000899022 0.000638769 0.000436823 0.000286218 0.000179005 0.000106531 6.01851e-05 3.22202e-05 1.63244e-05 7.82065e-06 3.54091e-06 1.51474e-06 6.1218e-07 2.3376e-07 8.43511e-08 2.87705e-08 9.27826e-09 2.83001e-09 8.16678e-10 2.23047e-10 5.76705e-11 1.41204e-11 3.27479e-12 7.19545e-13 1.49812e-13 2.95604e-14 5.52822e-15 9.79922e-16 1.64636e-16 2.62157e-17 3.95593e-18 5.65604e-19 7.66041e-20 9.82514e-21 1.19293e-21 1.37054e-22 1.4892e-23 1.52946e-24 1.4837e-25 1.35489e-26 7.26527e-28 
