0 0 0 0 0 0 0 0 0 0 0 0 0 0 0 0 0 0 0 0 0 0 0 0 0 0 0 0 0 0 0 0 0 0 0 0 0 0 0 0 0 0 0 0 0 0 0 0 0 0 0 0 0 0 0 0 0 0 0 0 0 0 0 0 0 0 0 0 0 0 0 0 0 0 0 0 0 0 0 0 0 0 0 0 0 0 0 0 0 0 0 0 0 0 0 0 0 0 0 0 0 0 0 0 0 0 0 0 0 0 0 0 0 0 0 0 0 0 0 0 0 0 0 0 0 0 0 0 0 0 0 0 0 0 0 0 0 0 0 0 0 0 0 0 0 0 0 0 0 0 0 0 0 0 0 0 0 0 0 0 0 0 0 0 0 0 0 0 0 0 0 0 0 0 0 0 0 0 0 0 0 0 0 0 0 0 0 0 0 0 0 0 0 0 0 0 0 0 0 0 
0 1.96423e-05 4.54781e-05 8.38165e-05 0.000140841 0.000221863 0.000330308 0.000467143 0.000631656 0.00082412 0.00104967 0.00132128 0.00165908 0.00208466 0.00261231 0.003242 0.00395928 0.00474307 0.00557642 0.00645274 0.00737252 0.0083325 0.00931512 0.0102853 0.0111969 0.0120039 0.0126706 0.0131741 0.0135009 0.0136403 0.01358 0.013306 0.0128067 0.0120793 0.0111333 0.00999106 0.00868501 0.00725263 0.00573185 0.00415794 0.00256246 0.000973894 -0.00058122 -0.00207744 -0.00349045 -0.00479794 -0.00598102 -0.00702563 -0.00792343 -0.00867206 -0.0092745 -0.0097381 -0.0100732 -0.0102917 -0.0104063 -0.0104295 -0.0103729 -0.0102477 -0.0100643 -0.0098324 -0.00956122 -0.00925945 -0.00893527 -0.00859629 -0.0082494 -0.0079007 -0.00755543 -0.00721789 -0.00689148 -0.00657873 -0.00628135 -0.0060004 -0.00573636 -0.00548923 -0.00525872 -0.00504428 -0.00484521 -0.00466073 -0.00449001 -0.00433224 -0.00418664 -0.00405245 -0.00392897 -0.00381555 -0.00371159 -0.00361654 -0.00352989 -0.00345116 -0.00337994 -0.00331583 -0.00325848 -0.00320756 -0.00316277 -0.00312386 -0.00309061 -0.0030628 -0.00304028 -0.00302291 -0.00301057 -0.0030032 -0.00300075 -0.0030032 -0.00301057 -0.00302291 -0.00304028 -0.0030628 -0.00309061 -0.00312386 -0.00316277 -0.00320756 -0.00325848 -0.00331583 -0.00337994 -0.00345116 -0.00352989 -0.00361654 -0.00371159 -0.00381555 -0.00392897 -0.00405245 -0.00418664 -0.00433224 -0.00449001 -0.00466073 -0.00484521 -0.00504428 -0.00525872 -0.00548923 -0.00573636 -0.0060004 -0.00628135 -0.00657873 -0.00689148 -0.00721789 -0.00755543 -0.0079007 -0.0082494 -0.00859629 -0.00893527 -0.00925945 -0.00956122 -0.0098324 -0.0100643 -0.0102477 -0.0103729 -0.0104295 -0.0104063 -0.0102917 -0.0100732 -0.0097381 -0.0092745 -0.00867206 -0.00792343 -0.00702563 -0.00598102 -0.00479794 -0.00349045 -0.00207744 -0.00058122 0.000973894 0.00256246 0.00415794 0.00573185 0.00725263 0.00868501 0.00999106 0.0111333 0.0120793 0.0128067 0.013306 0.01358 0.0136403 0.0135009 0.0131741 0.0126706 0.0120039 0.0111969 0.0102853 0.00931512 0.0083325 0.00737252 0.00645274 0.00557642 0.00474307 0.00395928 0.003242 0.00261231 0.00208466 0.00165908 0.00132128 0.00104967 0.000824118 0.000631654 0.000467144 0.000330328 0.000221953 0.000141159 8.47838e-05 4.81213e-05 2.62472e-05 
0 4.54781e-05 0.00010356 0.000186688 0.00030646 0.000472355 0.000690443 0.000963342 0.00129258 0.00168344 0.00215041 0.00271949 0.00342445 0.00429685 0.0053544 0.00659471 0.00799843 0.00953979 0.0111969 0.012954 0.0147952 0.0166928 0.0186015 0.0204588 0.0221937 0.0237363 0.025025 0.0260081 0.0266429 0.0268938 0.026733 0.0261419 0.0251151 0.0236621 0.0218088 0.0195951 0.0170729 0.014302 0.0113473 0.0082751 0.00515157 0.00204026 -0.000999461 -0.00391399 -0.00665689 -0.00918994 -0.0114838 -0.013518 -0.0152809 -0.016769 -0.0179857 -0.0189405 -0.0196477 -0.0201254 -0.0203944 -0.020477 -0.0203964 -0.0201757 -0.0198377 -0.0194038 -0.018894 -0.0183265 -0.0177177 -0.0170818 -0.0164312 -0.0157765 -0.0151262 -0.0144874 -0.0138658 -0.0132657 -0.0126904 -0.012142 -0.0116222 -0.0111317 -0.0106707 -0.0102391 -0.00983636 -0.0094617 -0.00911413 -0.00879252 -0.00849566 -0.00822229 -0.00797115 -0.00774098 -0.00753054 -0.00733868 -0.00716427 -0.00700627 -0.00686371 -0.00673571 -0.00662145 -0.0065202 -0.00643131 -0.00635419 -0.00628834 -0.00623335 -0.00618883 -0.00615451 -0.00613015 -0.0061156 -0.00611076 -0.0061156 -0.00613015 -0.00615451 -0.00618883 -0.00623335 -0.00628834 -0.00635419 -0.00643131 -0.0065202 -0.00662145 -0.00673571 -0.00686371 -0.00700627 -0.00716427 -0.00733868 -0.00753054 -0.00774098 -0.00797115 -0.00822229 -0.00849566 -0.00879252 -0.00911413 -0.0094617 -0.00983636 -0.0102391 -0.0106707 -0.0111317 -0.0116222 -0.012142 -0.0126904 -0.0132657 -0.0138658 -0.0144874 -0.0151262 -0.0157765 -0.0164312 -0.0170818 -0.0177177 -0.0183265 -0.018894 -0.0194038 -0.0198377 -0.0201757 -0.0203964 -0.020477 -0.0203944 -0.0201254 -0.0196477 -0.0189405 -0.0179857 -0.016769 -0.0152809 -0.013518 -0.0114838 -0.00918994 -0.00665689 -0.00391399 -0.000999461 0.00204026 0.00515157 0.0082751 0.0113473 0.014302 0.0170729 0.0195951 0.0218088 0.0236621 0.0251151 0.0261419 0.026733 0.0268938 0.0266429 0.0260081 0.025025 0.0237363 0.0221937 0.0204588 0.0186015 0.0166928 0.0147952 0.012954 0.0111969 0.00953979 0.00799843 0.00659471 0.0053544 0.00429685 0.00342445 0.00271949 0.0021504 0.00168344 0.00129258 0.000963361 0.000690536 0.000472693 0.000307521 0.00018966 0.000111175 6.34985e-05 
0 8.38165e-05 0.000186688 0.000326632 0.000519349 0.000776978 0.00110789 0.00151869 0.00201859 0.00262471 0.00336487 0.00427489 0.0053904 0.00673711 0.00832533 0.0101517 0.0122056 0.0144726 0.0169324 0.0195517 0.0222793 0.0250478 0.0277811 0.0304014 0.0328312 0.0349919 0.0368014 0.0381768 0.0390411 0.0393325 0.0390121 0.0380664 0.0365049 0.0343561 0.0316622 0.0284769 0.0248643 0.0208995 0.0166676 0.0122617 0.00777824 0.00331208 -0.00104891 -0.00522781 -0.00916093 -0.0127985 -0.0161039 -0.0190524 -0.0216295 -0.0238296 -0.025655 -0.0271154 -0.0282268 -0.0290107 -0.0294935 -0.0297051 -0.0296774 -0.0294433 -0.0290353 -0.0284845 -0.0278196 -0.0270669 -0.0262496 -0.0253877 -0.0244985 -0.0235967 -0.0226942 -0.0218012 -0.0209258 -0.0200746 -0.0192526 -0.0184639 -0.0177112 -0.0169966 -0.0163213 -0.0156857 -0.0150898 -0.0145331 -0.0140146 -0.0135333 -0.0130877 -0.0126763 -0.0122975 -0.0119495 -0.0116309 -0.0113398 -0.0110749 -0.0108345 -0.0106174 -0.0104222 -0.0102478 -0.0100931 -0.00995716 -0.00983912 -0.00973828 -0.00965399 -0.00958573 -0.00953307 -0.00949569 -0.00947336 -0.00946593 -0.00947336 -0.00949569 -0.00953307 -0.00958573 -0.00965399 -0.00973828 -0.00983912 -0.00995716 -0.0100931 -0.0102478 -0.0104222 -0.0106174 -0.0108345 -0.0110749 -0.0113398 -0.0116309 -0.0119495 -0.0122975 -0.0126763 -0.0130877 -0.0135333 -0.0140146 -0.0145331 -0.0150898 -0.0156857 -0.0163213 -0.0169966 -0.0177112 -0.0184639 -0.0192526 -0.0200746 -0.0209258 -0.0218012 -0.0226942 -0.0235967 -0.0244985 -0.0253877 -0.0262496 -0.0270669 -0.0278196 -0.0284845 -0.0290353 -0.0294433 -0.0296774 -0.0297051 -0.0294935 -0.0290107 -0.0282268 -0.0271154 -0.025655 -0.0238296 -0.0216295 -0.0190524 -0.0161039 -0.0127985 -0.00916093 -0.00522781 -0.00104891 0.00331208 0.00777824 0.0122617 0.0166676 0.0208995 0.0248643 0.0284769 0.0316622 0.0343561 0.0365049 0.0380664 0.0390121 0.0393325 0.0390411 0.0381768 0.0368014 0.0349919 0.0328312 0.0304014 0.0277811 0.0250478 0.0222793 0.0195517 0.0169324 0.0144726 0.0122056 0.0101517 0.00832533 0.00673711 0.0053904 0.00427489 0.00336487 0.00262472 0.00201861 0.00151878 0.00110823 0.000778033 0.000522324 0.000334315 0.000205041 0.000124607 
0 0.000140841 0.00030646 0.000519349 0.000798025 0.00115685 0.00160827 0.00216747 0.00285751 0.00371144 0.00476867 0.006066 0.00762878 0.00946838 0.0115878 0.0139896 0.0166773 0.0196453 0.0228643 0.0262736 0.0297869 0.0333069 0.0367389 0.0399936 0.0429826 0.0456108 0.0477765 0.0493777 0.0503243 0.0505488 0.0500125 0.048705 0.0466415 0.0438578 0.040407 0.0363581 0.0317945 0.0268125 0.0215184 0.0160241 0.0104423 0.00488131 -0.000558552 -0.00578837 -0.0107323 -0.0153284 -0.0195289 -0.0232997 -0.02662 -0.0294811 -0.0318851 -0.0338439 -0.0353776 -0.0365124 -0.0372794 -0.0377128 -0.0378487 -0.0377236 -0.0373737 -0.0368337 -0.0361368 -0.0353136 -0.0343923 -0.0333981 -0.0323537 -0.0312787 -0.0301902 -0.0291024 -0.0280274 -0.0269749 -0.0259524 -0.024966 -0.0240201 -0.0231176 -0.0222605 -0.0214499 -0.020686 -0.0199686 -0.0192969 -0.0186698 -0.0180859 -0.0175438 -0.0170418 -0.0165782 -0.0161513 -0.0157594 -0.015401 -0.0150744 -0.0147781 -0.0145108 -0.0142711 -0.0140579 -0.01387 -0.0137065 -0.0135666 -0.0134494 -0.0133544 -0.013281 -0.0132289 -0.0131977 -0.0131874 -0.0131977 -0.0132289 -0.013281 -0.0133544 -0.0134494 -0.0135666 -0.0137065 -0.01387 -0.0140579 -0.0142711 -0.0145108 -0.0147781 -0.0150744 -0.015401 -0.0157594 -0.0161513 -0.0165782 -0.0170418 -0.0175438 -0.0180859 -0.0186698 -0.0192969 -0.0199686 -0.020686 -0.0214499 -0.0222605 -0.0231176 -0.0240201 -0.024966 -0.0259524 -0.0269749 -0.0280274 -0.0291024 -0.0301902 -0.0312787 -0.0323537 -0.0333981 -0.0343923 -0.0353136 -0.0361368 -0.0368337 -0.0373737 -0.0377236 -0.0378487 -0.0377128 -0.0372794 -0.0365124 -0.0353776 -0.0338439 -0.0318851 -0.0294811 -0.02662 -0.0232997 -0.0195289 -0.0153284 -0.0107323 -0.00578837 -0.000558552 0.00488131 0.0104423 0.0160241 0.0215184 0.0268125 0.0317945 0.0363581 0.040407 0.0438578 0.0466415 0.048705 0.0500125 0.0505488 0.0503243 0.0493777 0.0477765 0.0456108 0.0429826 0.0399936 0.0367389 0.0333069 0.0297869 0.0262736 0.0228643 0.0196453 0.0166773 0.0139896 0.0115878 0.00946838 0.00762878 0.00606599 0.00476867 0.00371146 0.0028576 0.0021678 0.00160931 0.00115977 0.000805587 0.000537509 0.000347063 0.000225657 
0 0.000221863 0.000472355 0.000776978 0.00115685 0.00163062 0.00221947 0.00295281 0.00387055 0.00501864 0.00643867 0.00815781 0.0101869 0.0125284 0.0151882 0.018177 0.0214999 0.0251372 0.0290348 0.0331083 0.037258 0.0413799 0.0453688 0.0491146 0.0525009 0.0554084 0.0577246 0.0593524 0.0602151 0.0602578 0.0594469 0.0577701 0.0552389 0.0518904 0.0477882 0.0430196 0.0376899 0.0319157 0.0258181 0.0195168 0.0131275 0.00675943 0.000514735 -0.00551321 -0.0112412 -0.0165983 -0.0215274 -0.0259869 -0.0299505 -0.0334067 -0.0363572 -0.0388147 -0.0408002 -0.0423414 -0.0434698 -0.0442198 -0.0446275 -0.0447292 -0.0445615 -0.0441603 -0.0435602 -0.0427945 -0.0418945 -0.0408894 -0.0398054 -0.0386665 -0.0374934 -0.0363041 -0.0351139 -0.0339356 -0.0327794 -0.0316536 -0.0305644 -0.0295167 -0.0285139 -0.0275582 -0.0266511 -0.0257931 -0.0249844 -0.0242245 -0.0235127 -0.0228479 -0.0222289 -0.0216542 -0.0211225 -0.0206323 -0.0201819 -0.0197699 -0.0193949 -0.0190555 -0.0187502 -0.0184779 -0.0182375 -0.0180278 -0.017848 -0.0176972 -0.0175748 -0.0174802 -0.0174129 -0.0173727 -0.0173593 -0.0173727 -0.0174129 -0.0174802 -0.0175748 -0.0176972 -0.017848 -0.0180278 -0.0182375 -0.0184779 -0.0187502 -0.0190555 -0.0193949 -0.0197699 -0.0201819 -0.0206323 -0.0211225 -0.0216542 -0.0222289 -0.0228479 -0.0235127 -0.0242245 -0.0249844 -0.0257931 -0.0266511 -0.0275582 -0.0285139 -0.0295167 -0.0305644 -0.0316536 -0.0327794 -0.0339356 -0.0351139 -0.0363041 -0.0374934 -0.0386665 -0.0398054 -0.0408894 -0.0418945 -0.0427945 -0.0435602 -0.0441603 -0.0445615 -0.0447292 -0.0446275 -0.0442198 -0.0434698 -0.0423414 -0.0408002 -0.0388147 -0.0363572 -0.0334067 -0.0299505 -0.0259869 -0.0215274 -0.0165983 -0.0112412 -0.00551321 0.000514735 0.00675943 0.0131275 0.0195168 0.0258181 0.0319157 0.0376899 0.0430196 0.0477882 0.0518904 0.0552389 0.0577701 0.0594469 0.0602578 0.0602151 0.0593524 0.0577246 0.0554084 0.0525009 0.0491146 0.0453688 0.0413799 0.037258 0.0331083 0.0290348 0.0251372 0.0214999 0.018177 0.0151882 0.0125284 0.0101869 0.00815781 0.00643869 0.00501873 0.00387087 0.00295381 0.00222229 0.00163796 0.00117455 0.00081678 0.000555989 0.000386441 
0 0.000330308 0.000690443 0.00110789 0.00160827 0.00221947 0.00297742 0.00392875 0.00512635 0.00661826 0.00843661 0.0105953 0.0130988 0.0159549 0.0191764 0.0227692 0.0267136 0.0309568 0.0354203 0.0400147 0.0446455 0.0492079 0.0535794 0.0576217 0.0611936 0.0641664 0.0664345 0.0679177 0.0685562 0.0683071 0.0671436 0.0650596 0.0620748 0.0582377 0.0536241 0.0483317 0.0424733 0.036169 0.0295408 0.0227093 0.0157907 0.00889584 0.00212767 -0.00442019 -0.0106656 -0.0165393 -0.0219864 -0.0269659 -0.0314506 -0.0354262 -0.0388894 -0.0418469 -0.0443135 -0.0463109 -0.0478661 -0.0490104 -0.0497779 -0.0502044 -0.0503266 -0.0501811 -0.0498033 -0.0492275 -0.0484856 -0.0476075 -0.0466206 -0.0455496 -0.0444166 -0.0432414 -0.0420413 -0.0408311 -0.0396239 -0.0384305 -0.03726 -0.0361199 -0.0350162 -0.0339536 -0.0329356 -0.0319648 -0.0310428 -0.0301706 -0.0293486 -0.0285767 -0.0278543 -0.0271807 -0.0265547 -0.0259753 -0.0254412 -0.024951 -0.0245034 -0.024097 -0.0237306 -0.0234031 -0.0231131 -0.0228598 -0.0226422 -0.0224595 -0.022311 -0.022196 -0.0221143 -0.0220653 -0.022049 -0.0220653 -0.0221143 -0.022196 -0.022311 -0.0224595 -0.0226422 -0.0228598 -0.0231131 -0.0234031 -0.0237306 -0.024097 -0.0245034 -0.024951 -0.0254412 -0.0259753 -0.0265547 -0.0271807 -0.0278543 -0.0285767 -0.0293486 -0.0301706 -0.0310428 -0.0319648 -0.0329356 -0.0339536 -0.0350162 -0.0361199 -0.03726 -0.0384305 -0.0396239 -0.0408311 -0.0420413 -0.0432414 -0.0444166 -0.0455496 -0.0466206 -0.0476075 -0.0484856 -0.0492275 -0.0498033 -0.0501811 -0.0503266 -0.0502044 -0.0497779 -0.0490104 -0.0478661 -0.0463109 -0.0443135 -0.0418469 -0.0388894 -0.0354262 -0.0314506 -0.0269659 -0.0219864 -0.0165393 -0.0106656 -0.00442019 0.00212767 0.00889584 0.0157907 0.0227093 0.0295408 0.036169 0.0424733 0.0483317 0.0536241 0.0582377 0.0620748 0.0650596 0.0671436 0.0683071 0.0685562 0.0679177 0.0664345 0.0641664 0.0611936 0.0576217 0.0535794 0.0492079 0.0446455 0.0400147 0.0354203 0.0309568 0.0267136 0.0227692 0.0191764 0.0159549 0.0130988 0.0105953 0.0084367 0.00661856 0.00512729 0.00393143 0.00298443 0.00223648 0.00164676 0.0011893 0.00085166 0.000629809 
0 0.000467143 0.000963342 0.00151869 0.00216747 0.00295281 0.00392875 0.00515551 0.00668793 0.00856388 0.0108019 0.0134111 0.0164038 0.0197971 0.0235976 0.0277817 0.0322905 0.0370434 0.0419559 0.046943 0.0519068 0.0567259 0.061257 0.0653516 0.0688729 0.0717059 0.0737584 0.074958 0.0752505 0.0746027 0.0730063 0.07048 0.0670683 0.0628372 0.057869 0.0522579 0.0461075 0.0395285 0.0326368 0.0255503 0.0183847 0.0112494 0.0042433 -0.00254744 -0.00905014 -0.0152053 -0.0209655 -0.0262938 -0.0311631 -0.0355551 -0.03946 -0.0428766 -0.0458112 -0.0482781 -0.0502976 -0.0518954 -0.0531011 -0.0539471 -0.0544667 -0.0546937 -0.0546613 -0.0544014 -0.0539444 -0.053319 -0.052552 -0.051668 -0.05069 -0.0496389 -0.0485337 -0.0473914 -0.0462273 -0.0450548 -0.0438857 -0.0427298 -0.0415958 -0.0404907 -0.0394201 -0.0383886 -0.0373998 -0.0364562 -0.0355596 -0.0347113 -0.0339119 -0.0331615 -0.03246 -0.031807 -0.0312019 -0.0306439 -0.0301321 -0.0296656 -0.0292435 -0.0288648 -0.0285286 -0.0282341 -0.0279806 -0.0277673 -0.0275936 -0.027459 -0.0273632 -0.0273058 -0.0272867 -0.0273058 -0.0273632 -0.027459 -0.0275936 -0.0277673 -0.0279806 -0.0282341 -0.0285286 -0.0288648 -0.0292435 -0.0296656 -0.0301321 -0.0306439 -0.0312019 -0.031807 -0.03246 -0.0331615 -0.0339119 -0.0347113 -0.0355596 -0.0364562 -0.0373998 -0.0383886 -0.0394201 -0.0404907 -0.0415958 -0.0427298 -0.0438857 -0.0450548 -0.0462273 -0.0473914 -0.0485337 -0.0496389 -0.05069 -0.051668 -0.052552 -0.053319 -0.0539444 -0.0544014 -0.0546613 -0.0546937 -0.0544667 -0.0539471 -0.0531011 -0.0518954 -0.0502976 -0.0482781 -0.0458112 -0.0428766 -0.03946 -0.0355551 -0.0311631 -0.0262938 -0.0209655 -0.0152053 -0.00905014 -0.00254744 0.0042433 0.0112494 0.0183847 0.0255503 0.0326368 0.0395285 0.0461075 0.0522579 0.057869 0.0628372 0.0670683 0.07048 0.0730063 0.0746027 0.0752505 0.074958 0.0737584 0.0717059 0.0688729 0.0653516 0.061257 0.0567259 0.0519068 0.046943 0.0419559 0.0370434 0.0322905 0.0277817 0.0235976 0.0197971 0.0164038 0.0134112 0.0108022 0.00856476 0.00669044 0.0051621 0.00394486 0.00298953 0.00224569 0.00167471 0.00125521 0.000980094 
0 0.000631656 0.00129258 0.00201859 0.00285751 0.00387055 0.00512635 0.00668793 0.00860001 0.0108864 0.0135608 0.0166412 0.0201503 0.0240983 0.0284606 0.0331737 0.0381527 0.0433125 0.0485688 0.0538232 0.0589515 0.0638109 0.068259 0.0721676 0.0754256 0.0779356 0.0796119 0.0803861 0.080215 0.0790876 0.077025 0.0740744 0.0703003 0.0657779 0.0605896 0.0548243 0.0485783 0.0419542 0.0350587 0.0279983 0.0208749 0.0137823 0.0068044 1.39307e-05 -0.00652668 -0.0127647 -0.0186564 -0.0241664 -0.0292673 -0.03394 -0.0381727 -0.0419609 -0.0453069 -0.0482187 -0.0507091 -0.0527952 -0.0544974 -0.0558387 -0.0568439 -0.0575393 -0.0579522 -0.0581101 -0.0580406 -0.0577706 -0.0573264 -0.0567331 -0.0560142 -0.0551918 -0.0542862 -0.0533158 -0.0522973 -0.0512457 -0.0501742 -0.0490945 -0.0480166 -0.0469493 -0.0459002 -0.0448756 -0.0438808 -0.0429202 -0.0419974 -0.0411153 -0.040276 -0.0394814 -0.0387324 -0.0380301 -0.0373748 -0.0367667 -0.0362059 -0.0356922 -0.0352252 -0.0348046 -0.0344299 -0.0341006 -0.0338164 -0.0335767 -0.0333813 -0.0332296 -0.0331214 -0.0330566 -0.0330351 -0.0330566 -0.0331214 -0.0332296 -0.0333813 -0.0335767 -0.0338164 -0.0341006 -0.0344299 -0.0348046 -0.0352252 -0.0356922 -0.0362059 -0.0367667 -0.0373748 -0.0380301 -0.0387324 -0.0394814 -0.040276 -0.0411153 -0.0419974 -0.0429202 -0.0438808 -0.0448756 -0.0459002 -0.0469493 -0.0480166 -0.0490945 -0.0501742 -0.0512457 -0.0522973 -0.0533158 -0.0542862 -0.0551918 -0.0560142 -0.0567331 -0.0573264 -0.0577706 -0.0580406 -0.0581101 -0.0579522 -0.0575393 -0.0568439 -0.0558387 -0.0544974 -0.0527952 -0.0507091 -0.0482187 -0.0453069 -0.0419609 -0.0381727 -0.03394 -0.0292673 -0.0241664 -0.0186564 -0.0127647 -0.00652668 1.39307e-05 0.0068044 0.0137823 0.0208749 0.0279983 0.0350587 0.0419542 0.0485783 0.0548243 0.0605896 0.0657779 0.0703003 0.0740744 0.077025 0.0790876 0.080215 0.0803861 0.0796119 0.0779356 0.0754256 0.0721676 0.068259 0.0638109 0.0589515 0.0538232 0.0485688 0.0433125 0.0381527 0.0331737 0.0284606 0.0240983 0.0201503 0.0166414 0.0135616 0.0108887 0.00860612 0.00670298 0.00516091 0.00394474 0.00300667 0.00229981 0.00179051 0.00146152 
0 0.00082412 0.00168344 0.00262471 0.00371144 0.00501864 0.00661826 0.00856388 0.0108864 0.0136049 0.0167424 0.0203273 0.0243743 0.0288603 0.03372 0.0388675 0.0442178 0.0496859 0.055167 0.0605271 0.0656179 0.070301 0.0744593 0.0779917 0.0808047 0.0828121 0.0839434 0.0841543 0.0834333 0.0817999 0.0792964 0.0759814 0.0719245 0.0672044 0.0619079 0.0561278 0.0499594 0.0434967 0.0368288 0.0300381 0.0232005 0.0163855 0.00965764 0.00307643 -0.00330413 -0.00943655 -0.0152807 -0.0208044 -0.0259835 -0.0308006 -0.0352447 -0.0393097 -0.0429933 -0.0462969 -0.0492243 -0.0517828 -0.0539821 -0.0558351 -0.0573575 -0.0585673 -0.0594849 -0.0601323 -0.0605325 -0.060709 -0.0606854 -0.0604847 -0.0601293 -0.0596403 -0.0590377 -0.0583401 -0.0575648 -0.0567275 -0.0558428 -0.0549236 -0.053982 -0.0530283 -0.0520721 -0.0511217 -0.0501843 -0.0492664 -0.0483732 -0.0475094 -0.046679 -0.0458851 -0.0451303 -0.0444169 -0.0437463 -0.0431201 -0.0425389 -0.0420037 -0.0415148 -0.0410725 -0.0406769 -0.0403282 -0.0400262 -0.0397709 -0.0395622 -0.0394001 -0.0392843 -0.0392149 -0.0391917 -0.0392149 -0.0392843 -0.0394001 -0.0395622 -0.0397709 -0.0400262 -0.0403282 -0.0406769 -0.0410725 -0.0415148 -0.0420037 -0.0425389 -0.0431201 -0.0437463 -0.0444169 -0.0451303 -0.0458851 -0.046679 -0.0475094 -0.0483732 -0.0492664 -0.0501843 -0.0511217 -0.0520721 -0.0530283 -0.053982 -0.0549236 -0.0558428 -0.0567275 -0.0575648 -0.0583401 -0.0590377 -0.0596403 -0.0601293 -0.0604847 -0.0606854 -0.060709 -0.0605325 -0.0601323 -0.0594849 -0.0585673 -0.0573575 -0.0558351 -0.0539821 -0.0517828 -0.0492243 -0.0462969 -0.0429933 -0.0393097 -0.0352447 -0.0308006 -0.0259835 -0.0208044 -0.0152807 -0.00943655 -0.00330413 0.00307643 0.00965764 0.0163855 0.0232005 0.0300381 0.0368288 0.0434967 0.0499594 0.0561278 0.0619079 0.0672044 0.0719245 0.0759814 0.0792964 0.0817999 0.0834333 0.0841543 0.0839434 0.0828121 0.0808047 0.0779917 0.0744593 0.070301 0.0656179 0.0605271 0.055167 0.0496859 0.0442178 0.0388675 0.03372 0.0288603 0.0243746 0.020328 0.0167445 0.0136105 0.0109002 0.00859596 0.00668773 0.00515952 0.00397932 0.00310298 0.00248682 0.00209804 
0 0.00104967 0.00215041 0.00336487 0.00476867 0.00643867 0.00843661 0.0108019 0.0135608 0.0167424 0.020381 0.0244964 0.0290679 0.0340301 0.0392972 0.0447862 0.050413 0.0560677 0.0616062 0.0668722 0.0717275 0.0760593 0.0797693 0.0827646 0.0849629 0.0863031 0.0867548 0.0863178 0.0850154 0.0828861 0.0799798 0.0763585 0.072097 0.0672813 0.0620041 0.0563575 0.0504274 0.0442901 0.0380123 0.0316527 0.025265 0.0188993 0.0126026 0.0064186 0.000386885 -0.00545795 -0.0110863 -0.0164731 -0.0215976 -0.0264424 -0.030993 -0.0352377 -0.0391675 -0.0427764 -0.0460614 -0.0490224 -0.0516627 -0.0539883 -0.0560077 -0.057732 -0.0591741 -0.0603486 -0.0612712 -0.061959 -0.0624296 -0.0627012 -0.0627924 -0.0627216 -0.062507 -0.0621667 -0.0617179 -0.061177 -0.0605596 -0.0598802 -0.0591522 -0.0583881 -0.0575988 -0.0567946 -0.0559844 -0.0551761 -0.0543768 -0.0535927 -0.052829 -0.0520903 -0.0513806 -0.0507033 -0.0500612 -0.0494566 -0.0488915 -0.0483676 -0.0478861 -0.0474482 -0.0470548 -0.0467064 -0.0464036 -0.0461469 -0.0459365 -0.0457726 -0.0456555 -0.0455851 -0.0455617 -0.0455851 -0.0456555 -0.0457726 -0.0459365 -0.0461469 -0.0464036 -0.0467064 -0.0470548 -0.0474482 -0.0478861 -0.0483676 -0.0488915 -0.0494566 -0.0500612 -0.0507033 -0.0513806 -0.0520903 -0.052829 -0.0535927 -0.0543768 -0.0551761 -0.0559844 -0.0567946 -0.0575988 -0.0583881 -0.0591522 -0.0598802 -0.0605596 -0.061177 -0.0617179 -0.0621667 -0.062507 -0.0627216 -0.0627924 -0.0627012 -0.0624296 -0.061959 -0.0612712 -0.0603486 -0.0591741 -0.057732 -0.0560077 -0.0539883 -0.0516627 -0.0490224 -0.0460614 -0.0427764 -0.0391675 -0.0352377 -0.030993 -0.0264424 -0.0215976 -0.0164731 -0.0110863 -0.00545795 0.000386885 0.0064186 0.0126026 0.0188993 0.025265 0.0316527 0.0380123 0.0442901 0.0504274 0.0563575 0.0620041 0.0672813 0.072097 0.0763585 0.0799798 0.0828861 0.0850154 0.0863178 0.0867548 0.0863031 0.0849629 0.0827646 0.0797693 0.0760593 0.0717275 0.0668722 0.0616062 0.0560677 0.050413 0.0447862 0.0392973 0.0340303 0.0290685 0.0244983 0.020386 0.016755 0.0135902 0.0108661 0.00856803 0.0066909 0.00522313 0.00413499 0.00338159 0.00291578 
0 0.00132128 0.00271949 0.00427489 0.006066 0.00815781 0.0105953 0.0134111 0.0166412 0.0203273 0.0244964 0.0291323 0.0341706 0.0395253 0.0451151 0.0508573 0.0566389 0.0623081 0.0677035 0.0726872 0.0771484 0.0809849 0.084097 0.0864018 0.0878487 0.0884235 0.0881415 0.0870362 0.0851507 0.0825368 0.0792581 0.0753909 0.0710198 0.0662324 0.061112 0.0557334 0.0501626 0.0444573 0.0386683 0.032841 0.0270144 0.0212219 0.0154909 0.00984389 0.00430033 -0.00112173 -0.00640428 -0.0115286 -0.0164754 -0.0212255 -0.0257608 -0.0300653 -0.0341254 -0.0379308 -0.0414738 -0.0447497 -0.0477559 -0.0504918 -0.052959 -0.0551607 -0.0571018 -0.058789 -0.0602309 -0.0614376 -0.062421 -0.0631942 -0.0637716 -0.0641683 -0.0644001 -0.0644829 -0.0644326 -0.0642648 -0.0639947 -0.0636366 -0.0632043 -0.0627106 -0.0621675 -0.061586 -0.0609762 -0.0603473 -0.0597077 -0.059065 -0.0584258 -0.0577963 -0.0571816 -0.0565866 -0.0560154 -0.0554716 -0.0549582 -0.054478 -0.0540333 -0.053626 -0.0532579 -0.0529302 -0.0526441 -0.0524007 -0.0522005 -0.0520442 -0.0519323 -0.051865 -0.0518426 -0.051865 -0.0519323 -0.0520442 -0.0522005 -0.0524007 -0.0526441 -0.0529302 -0.0532579 -0.053626 -0.0540333 -0.054478 -0.0549582 -0.0554716 -0.0560154 -0.0565866 -0.0571816 -0.0577963 -0.0584258 -0.059065 -0.0597077 -0.0603473 -0.0609762 -0.061586 -0.0621675 -0.0627106 -0.0632043 -0.0636366 -0.0639947 -0.0642648 -0.0644326 -0.0644829 -0.0644001 -0.0641683 -0.0637716 -0.0631942 -0.062421 -0.0614376 -0.0602309 -0.058789 -0.0571018 -0.0551607 -0.052959 -0.0504918 -0.0477559 -0.0447497 -0.0414738 -0.0379308 -0.0341254 -0.0300653 -0.0257608 -0.0212255 -0.0164754 -0.0115286 -0.00640428 -0.00112173 0.00430033 0.00984389 0.0154909 0.0212219 0.0270144 0.032841 0.0386683 0.0444573 0.0501626 0.0557334 0.061112 0.0662324 0.0710198 0.0753909 0.0792581 0.0825368 0.0851507 0.0870362 0.0881415 0.0884235 0.0878487 0.0864018 0.084097 0.0809849 0.0771484 0.0726872 0.0677035 0.0623081 0.0566389 0.0508573 0.0451153 0.0395259 0.0341722 0.0291367 0.0245077 0.0203538 0.0166997 0.0135322 0.01083 0.00858499 0.00679688 0.00545398 0.00452139 0.0039481 
0 0.00165908 0.00342445 0.0053904 0.00762878 0.0101869 0.0130988 0.0164038 0.0201503 0.0243743 0.0290679 0.0341706 0.039597 0.0452663 0.051097 0.0569738 0.0627389 0.0682268 0.0733019 0.0778555 0.0817807 0.0849688 0.0873352 0.0888376 0.0894728 0.0892642 0.0882518 0.0864864 0.0840311 0.0809637 0.0773724 0.0733468 0.0689706 0.0643177 0.0594511 0.0544263 0.0492933 0.0440968 0.0388749 0.0336578 0.0284668 0.0233157 0.018213 0.0131644 0.00817612 0.00325617 -0.00158509 -0.00633491 -0.010979 -0.0155024 -0.0198897 -0.024126 -0.0281969 -0.0320885 -0.035788 -0.0392839 -0.0425662 -0.0456266 -0.0484591 -0.0510602 -0.0534286 -0.0555654 -0.0574741 -0.0591601 -0.0606306 -0.0618942 -0.0629611 -0.0638421 -0.0645489 -0.0650939 -0.0654897 -0.0657491 -0.0658852 -0.0659106 -0.0658382 -0.0656801 -0.0654482 -0.0651538 -0.0648076 -0.0644198 -0.0639997 -0.063556 -0.0630967 -0.062629 -0.0621597 -0.0616946 -0.061239 -0.0607978 -0.060375 -0.0599746 -0.0595995 -0.0592527 -0.0589366 -0.0586532 -0.0584043 -0.0581915 -0.0580157 -0.0578781 -0.0577793 -0.0577198 -0.0576999 -0.0577198 -0.0577793 -0.0578781 -0.0580157 -0.0581915 -0.0584043 -0.0586532 -0.0589366 -0.0592527 -0.0595995 -0.0599746 -0.060375 -0.0607978 -0.061239 -0.0616946 -0.0621597 -0.062629 -0.0630967 -0.063556 -0.0639997 -0.0644198 -0.0648076 -0.0651538 -0.0654482 -0.0656801 -0.0658382 -0.0659106 -0.0658852 -0.0657491 -0.0654897 -0.0650939 -0.0645489 -0.0638421 -0.0629611 -0.0618942 -0.0606306 -0.0591601 -0.0574741 -0.0555654 -0.0534286 -0.0510602 -0.0484591 -0.0456266 -0.0425662 -0.0392839 -0.035788 -0.0320885 -0.0281969 -0.024126 -0.0198897 -0.0155024 -0.010979 -0.00633491 -0.00158509 0.00325617 0.00817612 0.0131644 0.018213 0.0233157 0.0284668 0.0336578 0.0388749 0.0440968 0.0492933 0.0544263 0.0594511 0.0643177 0.0689706 0.0733468 0.0773724 0.0809637 0.0840311 0.0864864 0.0882518 0.0892642 0.0894728 0.0888376 0.0873352 0.0849688 0.0817807 0.0778555 0.0733019 0.0682268 0.062739 0.056974 0.0510975 0.0452678 0.0396009 0.0341805 0.0290915 0.024427 0.0202604 0.0166197 0.0134959 0.0108735 0.00874753 0.00711576 0.00595976 0.0052412 
0 0.00208466 0.00429685 0.00673711 0.00946838 0.0125284 0.0159549 0.0197971 0.0240983 0.0288603 0.0340301 0.0395253 0.0452663 0.0511731 0.0571294 0.0629727 0.0685329 0.0736754 0.0782938 0.0822766 0.0855079 0.0879033 0.0894301 0.0900928 0.0899154 0.0889376 0.0872164 0.0848277 0.0818653 0.0784324 0.074627 0.0705346 0.0662279 0.0617683 0.0572078 0.0525921 0.0479579 0.0433315 0.0387299 0.034161 0.0296266 0.0251263 0.0206586 0.0162229 0.0118197 0.0074502 0.00311653 -0.0011777 -0.00542736 -0.00962473 -0.0137594 -0.0178182 -0.0217858 -0.0256454 -0.0293799 -0.0329727 -0.036409 -0.0396755 -0.0427616 -0.0456592 -0.0483624 -0.0508677 -0.0531734 -0.0552798 -0.0571889 -0.0589042 -0.0604306 -0.0617742 -0.0629424 -0.0639436 -0.064787 -0.0654827 -0.0660412 -0.0664734 -0.0667903 -0.0670032 -0.067123 -0.0671606 -0.0671265 -0.0670306 -0.0668826 -0.0666914 -0.0664656 -0.0662128 -0.0659405 -0.0656552 -0.0653631 -0.0650697 -0.06478 -0.0644985 -0.0642293 -0.0639757 -0.0637411 -0.063528 -0.0633389 -0.0631756 -0.0630398 -0.0629329 -0.0628558 -0.0628093 -0.0627938 -0.0628093 -0.0628558 -0.0629329 -0.0630398 -0.0631756 -0.0633389 -0.063528 -0.0637411 -0.0639757 -0.0642293 -0.0644985 -0.06478 -0.0650697 -0.0653631 -0.0656552 -0.0659405 -0.0662128 -0.0664656 -0.0666914 -0.0668826 -0.0670306 -0.0671265 -0.0671606 -0.067123 -0.0670032 -0.0667903 -0.0664734 -0.0660412 -0.0654827 -0.064787 -0.0639436 -0.0629424 -0.0617742 -0.0604306 -0.0589042 -0.0571889 -0.0552798 -0.0531734 -0.0508677 -0.0483624 -0.0456592 -0.0427616 -0.0396755 -0.036409 -0.0329727 -0.0293799 -0.0256454 -0.0217858 -0.0178182 -0.0137594 -0.00962473 -0.00542736 -0.0011777 0.00311653 0.0074502 0.0118197 0.0162229 0.0206586 0.0251263 0.0296266 0.034161 0.0387299 0.0433315 0.0479579 0.0525921 0.0572078 0.0617683 0.0662279 0.0705346 0.074627 0.0784324 0.0818653 0.0848277 0.0872164 0.0889376 0.0899154 0.0900928 0.0894301 0.0879033 0.0855079 0.0822766 0.0782938 0.0736754 0.068533 0.0629731 0.0571307 0.0511764 0.045275 0.0395461 0.034077 0.0289592 0.0242945 0.0201622 0.0165932 0.0135798 0.0111062 0.00916519 0.00775257 0.00685665 
0 0.00261231 0.0053544 0.00832533 0.0115878 0.0151882 0.0191764 0.0235976 0.0284606 0.03372 0.0392972 0.0451151 0.051097 0.0571294 0.0630471 0.0686751 0.0738772 0.0785479 0.0825716 0.0858255 0.0882273 0.089755 0.09042 0.0902434 0.0892632 0.087544 0.0851737 0.0822573 0.0789065 0.0752239 0.0712982 0.0672085 0.0630245 0.0588047 0.054596 0.0504304 0.0463231 0.042278 0.0382912 0.0343541 0.0304584 0.0265963 0.0227597 0.0189413 0.0151332 0.011328 0.00752034 0.00370744 -0.000109873 -0.00392642 -0.00773378 -0.0115202 -0.0152716 -0.0189732 -0.022609 -0.0261633 -0.029621 -0.0329672 -0.0361885 -0.0392725 -0.0422081 -0.0449863 -0.0475994 -0.0500422 -0.0523111 -0.0544049 -0.056324 -0.0580708 -0.0596491 -0.061064 -0.0623222 -0.0634307 -0.0643976 -0.0652315 -0.0659412 -0.0665361 -0.0670253 -0.0674183 -0.067724 -0.0679517 -0.06811 -0.0682075 -0.0682524 -0.0682523 -0.0682147 -0.0681465 -0.068054 -0.0679432 -0.0678197 -0.0676884 -0.067554 -0.0674204 -0.0672916 -0.0671704 -0.06706 -0.0669625 -0.0668801 -0.0668144 -0.0667665 -0.0667374 -0.0667277 -0.0667374 -0.0667665 -0.0668144 -0.0668801 -0.0669625 -0.06706 -0.0671704 -0.0672916 -0.0674204 -0.067554 -0.0676884 -0.0678197 -0.0679432 -0.068054 -0.0681465 -0.0682147 -0.0682523 -0.0682524 -0.0682075 -0.06811 -0.0679517 -0.067724 -0.0674183 -0.0670253 -0.0665361 -0.0659412 -0.0652315 -0.0643976 -0.0634307 -0.0623222 -0.061064 -0.0596491 -0.0580708 -0.056324 -0.0544049 -0.0523111 -0.0500422 -0.0475994 -0.0449863 -0.0422081 -0.0392725 -0.0361885 -0.0329672 -0.029621 -0.0261633 -0.022609 -0.0189732 -0.0152716 -0.0115202 -0.00773378 -0.00392642 -0.000109873 0.00370744 0.00752034 0.011328 0.0151332 0.0189413 0.0227597 0.0265963 0.0304584 0.0343541 0.0382912 0.042278 0.0463231 0.0504304 0.054596 0.0588047 0.0630245 0.0672085 0.0712982 0.0752239 0.0789065 0.0822573 0.0851737 0.087544 0.0892632 0.0902434 0.09042 0.089755 0.0882273 0.0858255 0.0825716 0.0785481 0.0738776 0.0686761 0.0630499 0.0571368 0.051115 0.0451561 0.0393849 0.0338961 0.0287923 0.0241847 0.0201548 0.0167291 0.0138946 0.0116353 0.00995384 0.00886809 
0 0.003242 0.00659471 0.0101517 0.0139896 0.018177 0.0227692 0.0277817 0.0331737 0.0388675 0.0447862 0.0508573 0.0569738 0.0629727 0.0686751 0.0739414 0.0786656 0.0827289 0.0860021 0.0884033 0.0899205 0.0905707 0.0903709 0.0893588 0.0876112 0.0852293 0.0823242 0.0790093 0.0753887 0.0715531 0.0675896 0.0635793 0.0595878 0.0556641 0.0518391 0.0481237 0.0445171 0.041012 0.0375955 0.0342526 0.0309676 0.0277211 0.0244942 0.0212691 0.0180297 0.0147647 0.0114674 0.00813449 0.00476731 0.00136932 -0.00205399 -0.00549486 -0.00894477 -0.012393 -0.0158274 -0.0192345 -0.0225992 -0.0259062 -0.0291396 -0.0322842 -0.0353261 -0.0382523 -0.0410521 -0.0437166 -0.0462388 -0.048614 -0.0508388 -0.0529121 -0.0548338 -0.0566055 -0.0582298 -0.0597105 -0.0610523 -0.0622605 -0.0633415 -0.0643017 -0.0651485 -0.0658891 -0.0665312 -0.0670826 -0.067551 -0.0679441 -0.0682694 -0.0685342 -0.0687456 -0.0689103 -0.0690346 -0.0691246 -0.0691857 -0.0692233 -0.0692419 -0.069246 -0.0692395 -0.0692256 -0.0692076 -0.0691879 -0.0691689 -0.0691523 -0.0691394 -0.0691313 -0.0691285 -0.0691313 -0.0691394 -0.0691523 -0.0691689 -0.0691879 -0.0692076 -0.0692256 -0.0692395 -0.069246 -0.0692419 -0.0692233 -0.0691857 -0.0691246 -0.0690346 -0.0689103 -0.0687456 -0.0685342 -0.0682694 -0.0679441 -0.067551 -0.0670826 -0.0665312 -0.0658891 -0.0651485 -0.0643017 -0.0633415 -0.0622605 -0.0610523 -0.0597105 -0.0582298 -0.0566055 -0.0548338 -0.0529121 -0.0508388 -0.048614 -0.0462388 -0.0437166 -0.0410521 -0.0382523 -0.0353261 -0.0322842 -0.0291396 -0.0259062 -0.0225992 -0.0192345 -0.0158274 -0.012393 -0.00894477 -0.00549486 -0.00205399 0.00136932 0.00476731 0.00813449 0.0114674 0.0147647 0.0180297 0.0212691 0.0244942 0.0277211 0.0309676 0.0342526 0.0375955 0.041012 0.0445171 0.0481237 0.0518391 0.0556641 0.0595878 0.0635793 0.0675896 0.0715531 0.0753887 0.0790093 0.0823242 0.0852293 0.0876112 0.0893588 0.0903709 0.0905707 0.0899206 0.0884033 0.0860022 0.0827291 0.0786664 0.0739438 0.0686813 0.0629881 0.0570093 0.0509341 0.0449423 0.0391654 0.0337077 0.028683 0.0242056 0.0203505 0.0171364 0.0145553 0.0126148 0.0113521 
0 0.00395928 0.00799843 0.0122056 0.0166773 0.0214999 0.0267136 0.0322905 0.0381527 0.0442178 0.050413 0.0566389 0.0627389 0.0685329 0.0738772 0.0786656 0.0827786 0.0860817 0.0884909 0.0900005 0.0906319 0.0903977 0.0893362 0.0875392 0.085123 0.0822005 0.0788835 0.0752798 0.0714856 0.0675943 0.0636955 0.0598568 0.0561241 0.0525278 0.0490807 0.0457842 0.0426357 0.0396243 0.0367306 0.0339324 0.0312015 0.0285082 0.0258278 0.0231376 0.0204206 0.017666 0.0148647 0.0120119 0.00910507 0.0061427 0.00312695 6.15547e-05 -0.00304727 -0.00618981 -0.00935556 -0.0125314 -0.0157035 -0.018858 -0.02198 -0.0250562 -0.028073 -0.0310177 -0.033879 -0.0366459 -0.0393092 -0.0418606 -0.0442931 -0.0466013 -0.048781 -0.0508299 -0.0527463 -0.0545308 -0.0561845 -0.05771 -0.0591109 -0.0603912 -0.0615562 -0.062611 -0.063562 -0.064415 -0.0651766 -0.0658531 -0.066451 -0.0669767 -0.0674363 -0.067836 -0.0681813 -0.0684781 -0.0687312 -0.0689459 -0.0691263 -0.069277 -0.0694014 -0.0695032 -0.0695852 -0.0696503 -0.0697004 -0.0697375 -0.069763 -0.0697779 -0.0697828 -0.0697779 -0.069763 -0.0697375 -0.0697004 -0.0696503 -0.0695852 -0.0695032 -0.0694014 -0.069277 -0.0691263 -0.0689459 -0.0687312 -0.0684781 -0.0681813 -0.067836 -0.0674363 -0.0669767 -0.066451 -0.0658531 -0.0651766 -0.064415 -0.063562 -0.062611 -0.0615562 -0.0603912 -0.0591109 -0.05771 -0.0561845 -0.0545308 -0.0527463 -0.0508299 -0.048781 -0.0466013 -0.0442931 -0.0418606 -0.0393092 -0.0366459 -0.033879 -0.0310177 -0.028073 -0.0250562 -0.02198 -0.018858 -0.0157035 -0.0125314 -0.00935556 -0.00618981 -0.00304727 6.15547e-05 0.00312695 0.0061427 0.00910507 0.0120119 0.0148647 0.017666 0.0204206 0.0231376 0.0258278 0.0285082 0.0312015 0.0339324 0.0367306 0.0396243 0.0426357 0.0457842 0.0490807 0.0525278 0.0561241 0.0598568 0.0636955 0.0675943 0.0714856 0.0752798 0.0788835 0.0822005 0.085123 0.0875392 0.0893362 0.0903977 0.090632 0.0900005 0.0884911 0.0860824 0.0827805 0.0786708 0.0738902 0.0685631 0.0628053 0.0567755 0.0506773 0.0446982 0.0389743 0.0336166 0.0287437 0.0244685 0.0208644 0.0179626 0.0157865 0.0143775 
0 0.00474307 0.00953979 0.0144726 0.0196453 0.0251372 0.0309568 0.0370434 0.0433125 0.0496859 0.0560677 0.0623081 0.0682268 0.0736754 0.0785479 0.0827289 0.0860817 0.0885175 0.0900332 0.0906542 0.0903894 0.0892768 0.0874234 0.08496 0.0819976 0.0786455 0.0750211 0.0712311 0.0673737 0.0635421 0.0598032 0.0561959 0.0527502 0.0494846 0.0464035 0.0435083 0.0407904 0.0382267 0.0357918 0.0334564 0.031188 0.0289605 0.0267503 0.0245343 0.0222957 0.0200178 0.0176859 0.015291 0.012825 0.010285 0.00767284 0.00499112 0.0022474 -0.000550519 -0.003394 -0.00627217 -0.00917579 -0.0120935 -0.0150141 -0.0179264 -0.0208177 -0.0236765 -0.0264902 -0.029247 -0.0319362 -0.0345467 -0.0370703 -0.0394984 -0.041825 -0.0440447 -0.0461535 -0.0481495 -0.0500305 -0.0517972 -0.0534495 -0.0549896 -0.0564195 -0.0577424 -0.0589619 -0.0600817 -0.0611067 -0.062041 -0.0628899 -0.0636578 -0.0643504 -0.064972 -0.0655279 -0.0660226 -0.0664609 -0.066847 -0.067185 -0.067479 -0.0677321 -0.0679479 -0.068129 -0.068278 -0.0683969 -0.0684877 -0.0685514 -0.0685894 -0.0686018 -0.0685894 -0.0685514 -0.0684877 -0.0683969 -0.068278 -0.068129 -0.0679479 -0.0677321 -0.067479 -0.067185 -0.066847 -0.0664609 -0.0660226 -0.0655279 -0.064972 -0.0643504 -0.0636578 -0.0628899 -0.062041 -0.0611067 -0.0600817 -0.0589619 -0.0577424 -0.0564195 -0.0549896 -0.0534495 -0.0517972 -0.0500305 -0.0481495 -0.0461535 -0.0440447 -0.041825 -0.0394984 -0.0370703 -0.0345467 -0.0319362 -0.029247 -0.0264902 -0.0236765 -0.0208177 -0.0179264 -0.0150141 -0.0120935 -0.00917579 -0.00627217 -0.003394 -0.000550519 0.0022474 0.00499112 0.00767284 0.010285 0.012825 0.015291 0.0176859 0.0200178 0.0222957 0.0245343 0.0267503 0.0289605 0.031188 0.0334564 0.0357918 0.0382267 0.0407904 0.0435083 0.0464035 0.0494846 0.0527502 0.0561959 0.0598032 0.0635421 0.0673737 0.0712311 0.0750211 0.0786455 0.0819976 0.08496 0.0874234 0.0892768 0.0903894 0.0906543 0.0900337 0.0885191 0.086086 0.0827396 0.0785734 0.0737319 0.0683449 0.0625398 0.0564947 0.0504267 0.0445247 0.0389225 0.0337348 0.0290899 0.0251154 0.0219066 0.0195215 0.0179981 
0 0.00557642 0.0111969 0.0169324 0.0228643 0.0290348 0.0354203 0.0419559 0.0485688 0.055167 0.0616062 0.0677035 0.0733019 0.0782938 0.0825716 0.0860021 0.0884909 0.0900332 0.0906596 0.0903789 0.0892275 0.0873234 0.0848107 0.0817975 0.0783891 0.0747173 0.0709045 0.0670495 0.0632445 0.0595576 0.0560234 0.0526726 0.049532 0.0466065 0.0438935 0.0413844 0.0390524 0.0368703 0.034815 0.0328569 0.0309718 0.0291387 0.0273301 0.0255235 0.023698 0.0218313 0.0199102 0.0179234 0.0158624 0.0137266 0.0115136 0.00922475 0.00686436 0.00443431 0.00194168 -0.000607489 -0.00320585 -0.00584255 -0.00850907 -0.0111931 -0.0138835 -0.0165694 -0.0192381 -0.0218803 -0.0244843 -0.027041 -0.0295414 -0.0319767 -0.0343406 -0.0366251 -0.0388257 -0.0409367 -0.0429547 -0.0448766 -0.0466999 -0.0484243 -0.0500483 -0.0515735 -0.0529999 -0.0543301 -0.0555659 -0.0567103 -0.0577665 -0.0587375 -0.0596274 -0.0604394 -0.0611779 -0.0618459 -0.062448 -0.0629868 -0.0634667 -0.06389 -0.0642607 -0.0645807 -0.0648531 -0.0650796 -0.0652625 -0.0654029 -0.0655026 -0.0655618 -0.0655816 -0.0655618 -0.0655026 -0.0654029 -0.0652625 -0.0650796 -0.0648531 -0.0645807 -0.0642607 -0.06389 -0.0634667 -0.0629868 -0.062448 -0.0618459 -0.0611779 -0.0604394 -0.0596274 -0.0587375 -0.0577665 -0.0567103 -0.0555659 -0.0543301 -0.0529999 -0.0515735 -0.0500483 -0.0484243 -0.0466999 -0.0448766 -0.0429547 -0.0409367 -0.0388257 -0.0366251 -0.0343406 -0.0319767 -0.0295414 -0.027041 -0.0244843 -0.0218803 -0.0192381 -0.0165694 -0.0138835 -0.0111931 -0.00850907 -0.00584255 -0.00320585 -0.000607489 0.00194168 0.00443431 0.00686436 0.00922475 0.0115136 0.0137266 0.0158624 0.0179234 0.0199102 0.0218313 0.023698 0.0255235 0.0273301 0.0291387 0.0309718 0.0328569 0.034815 0.0368703 0.0390524 0.0413844 0.0438935 0.0466065 0.049532 0.0526726 0.0560234 0.0595576 0.0632445 0.0670495 0.0709045 0.0747173 0.0783891 0.0817976 0.0848108 0.0873235 0.0892276 0.0903794 0.0906609 0.0900366 0.0884996 0.0860231 0.0826191 0.0783945 0.0735023 0.0680786 0.0622667 0.0562636 0.0502918 0.0445337 0.0391239 0.0341976 0.0299172 0.0264401 0.0238715 0.022253 
