0 0 0 0 0 0 0 0 0 0 0 0 0 0 0 0 0 0 0 0 0 0 0 0 0 0 0 0 0 0 0 0 0 0 0 0 0 0 0 0 0 0 0 0 0 0 0 0 0 0 0 0 0 0 0 0 0 0 0 0 0 0 0 0 0 0 0 0 0 0 0 0 0 0 0 0 0 0 0 0 0 0 0 0 0 0 0 0 0 0 0 0 0 0 0 0 0 0 0 0 0 0 0 0 0 0 0 0 0 0 0 0 0 0 0 0 0 0 0 0 0 0 0 0 0 0 0 0 0 0 0 0 0 0 0 0 0 0 0 0 0 0 0 0 0 0 0 0 0 0 0 0 0 0 0 0 0 0 0 0 0 0 0 0 0 0 0 0 0 0 0 0 0 0 0 0 0 0 0 0 0 0 0 0 0 0 0 0 0 0 0 0 0 0 0 0 0 0 0 0 
0 4.56842e-53 2.47291e-51 1.14983e-49 4.66512e-48 1.67177e-46 5.34353e-45 1.53569e-43 3.99495e-42 9.46034e-41 2.04921e-39 4.07718e-38 7.47818e-37 1.26843e-35 1.99519e-34 2.9175e-33 3.97463e-32 5.05457e-31 6.01074e-30 6.69425e-29 6.99219e-28 6.85814e-27 6.32373e-26 5.48729e-25 4.48498e-24 3.45578e-23 2.51214e-22 1.72408e-21 1.11779e-20 6.85033e-20 3.97047e-19 2.17758e-18 1.13062e-17 5.55998e-17 2.59081e-16 1.14446e-15 4.79471e-15 1.90602e-14 7.1929e-14 2.57823e-13 8.78261e-13 2.84495e-12 8.76931e-12 2.57404e-11 7.2007e-11 1.92145e-10 4.89547e-10 1.19215e-09 2.77795e-09 6.20162e-09 1.32809e-08 2.73195e-08 5.40574e-08 1.03038e-07 1.89471e-07 3.36619e-07 5.78679e-07 9.64028e-07 1.55861e-06 2.44916e-06 3.74581e-06 5.5838e-06 8.12371e-06 1.15501e-05 1.60683e-05 2.18994e-05 2.92734e-05 3.84215e-05 4.9567e-05 6.29163e-05 7.86503e-05 9.69161e-05 0.00011782 0.000141424 0.000167738 0.000196724 0.00022829 0.000262295 0.00029855 0.000336824 0.000376845 0.000418305 0.00046087 0.00050418 0.000547856 0.000591508 0.000634736 0.00067714 0.00071832 0.000757885 0.000795454 0.000830664 0.000863173 0.000892661 0.000918838 0.000941445 0.000960257 0.000975088 0.000985789 0.000992252 0.000994414 0.000992252 0.000985789 0.000975088 0.000960257 0.000941445 0.000918838 0.000892661 0.000863173 0.000830664 0.000795454 0.000757885 0.00071832 0.00067714 0.000634736 0.000591508 0.000547856 0.00050418 0.00046087 0.000418305 0.000376845 0.000336824 0.00029855 0.000262295 0.00022829 0.000196724 0.000167738 0.000141424 0.00011782 9.69161e-05 7.86503e-05 6.29163e-05 4.9567e-05 3.84215e-05 2.92734e-05 2.18994e-05 1.60683e-05 1.15501e-05 8.12371e-06 5.5838e-06 3.74581e-06 2.44916e-06 1.55861e-06 9.64028e-07 5.78679e-07 3.36619e-07 1.89471e-07 1.03038e-07 5.40574e-08 2.73195e-08 1.32809e-08 6.20162e-09 2.77795e-09 1.19215e-09 4.89547e-10 1.92145e-10 7.2007e-11 2.57404e-11 8.76931e-12 2.84495e-12 8.78261e-13 2.57823e-13 7.1929e-14 1.90602e-14 4.79471e-15 1.14446e-15 2.59081e-16 5.55998e-17 1.13062e-17 2.17758e-18 3.97047e-19 6.85033e-20 1.11779e-20 1.72408e-21 2.51214e-22 3.45578e-23 4.48498e-24 5.48729e-25 6.32373e-26 6.85814e-27 6.99219e-28 6.69425e-29 6.01074e-30 5.05457e-31 3.97463e-32 2.9175e-33 1.99519e-34 1.26843e-35 7.47818e-37 4.07718e-38 2.04921e-39 9.46034e-41 3.99495e-42 1.53569e-43 5.34353e-45 1.67177e-46 4.66512e-48 1.14983e-49 2.47256e-51 2.33859e-53 
0 2.47291e-51 1.162e-49 4.76359e-48 1.72504e-46 5.57253e-45 1.61876e-43 4.25695e-42 1.01919e-40 2.2323e-39 4.49155e-38 8.33217e-37 1.42959e-35 2.27492e-34 3.36579e-33 4.64005e-32 5.97196e-31 7.18824e-30 8.10429e-29 8.57037e-28 8.51178e-27 7.94818e-26 6.98529e-25 5.78321e-24 4.51424e-23 3.32475e-22 2.31201e-21 1.51897e-20 9.43381e-20 5.5416e-19 3.08041e-18 1.62109e-17 8.08029e-17 3.81639e-16 1.70872e-15 7.25543e-15 2.92297e-14 1.11776e-13 4.05933e-13 1.40076e-12 4.59544e-12 1.43423e-11 4.26126e-11 1.2062e-10 3.25556e-10 8.38616e-10 2.06381e-09 4.85763e-09 1.09481e-08 2.3657e-08 4.90759e-08 9.78742e-08 1.87927e-07 3.47915e-07 6.21982e-07 1.07538e-06 1.80091e-06 2.92565e-06 4.61742e-06 7.09024e-06 1.06079e-05 1.54846e-05 2.20833e-05 3.08092e-05 4.21005e-05 5.64162e-05 7.42205e-05 9.5966e-05 0.000122077 0.00015293 0.000188844 0.00023006 0.000276735 0.000328933 0.00038662 0.000449665 0.00051784 0.000590823 0.000668203 0.000749491 0.000834123 0.000921473 0.00101086 0.00110156 0.00119281 0.00128382 0.0013738 0.00146194 0.00154743 0.00162949 0.00170734 0.00178026 0.00184754 0.00190855 0.00196269 0.00200943 0.00204831 0.00207896 0.00210107 0.00211443 0.0021189 0.00211443 0.00210107 0.00207896 0.00204831 0.00200943 0.00196269 0.00190855 0.00184754 0.00178026 0.00170734 0.00162949 0.00154743 0.00146194 0.0013738 0.00128382 0.00119281 0.00110156 0.00101086 0.000921473 0.000834123 0.000749491 0.000668203 0.000590823 0.00051784 0.000449665 0.00038662 0.000328933 0.000276735 0.00023006 0.000188844 0.00015293 0.000122077 9.5966e-05 7.42205e-05 5.64162e-05 4.21005e-05 3.08092e-05 2.20833e-05 1.54846e-05 1.06079e-05 7.09024e-06 4.61742e-06 2.92565e-06 1.80091e-06 1.07538e-06 6.21982e-07 3.47915e-07 1.87927e-07 9.78742e-08 4.90759e-08 2.3657e-08 1.09481e-08 4.85763e-09 2.06381e-09 8.38616e-10 3.25556e-10 1.2062e-10 4.26126e-11 1.43423e-11 4.59544e-12 1.40076e-12 4.05933e-13 1.11776e-13 2.92297e-14 7.25543e-15 1.70872e-15 3.81639e-16 8.08029e-17 1.62109e-17 3.08041e-18 5.5416e-19 9.43381e-20 1.51897e-20 2.31201e-21 3.32475e-22 4.51424e-23 5.78321e-24 6.98529e-25 7.94818e-26 8.51178e-27 8.57037e-28 8.10429e-29 7.18824e-30 5.97196e-31 4.64005e-32 3.36579e-33 2.27492e-34 1.42959e-35 8.33217e-37 4.49155e-38 2.2323e-39 1.01919e-40 4.25695e-42 1.61876e-43 5.57253e-45 1.72504e-46 4.76359e-48 1.16178e-49 1.2778e-51 
0 1.14983e-49 4.76359e-48 1.7428e-46 5.68843e-45 1.66977e-43 4.43764e-42 1.07382e-40 2.37735e-39 4.83556e-38 9.06905e-37 1.5733e-35 2.53166e-34 3.78799e-33 5.28164e-32 6.87587e-31 8.37218e-30 9.54936e-29 1.02174e-27 1.02678e-26 9.70224e-26 8.62913e-25 7.23033e-24 5.71219e-23 4.25819e-22 2.99722e-21 1.9932e-20 1.25304e-19 7.45045e-19 4.19191e-18 2.23279e-17 1.12634e-16 5.38337e-16 2.43878e-15 1.0476e-14 4.26876e-14 1.6507e-13 6.06024e-13 2.11337e-12 7.00412e-12 2.20737e-11 6.61942e-11 1.89016e-10 5.14346e-10 1.33498e-09 3.30808e-09 7.83467e-09 1.77546e-08 3.85465e-08 8.02816e-08 1.60624e-07 3.09171e-07 5.7337e-07 1.0261e-06 1.77474e-06 2.97138e-06 4.82322e-06 7.60229e-06 1.16532e-05 1.73973e-05 2.53332e-05 3.60313e-05 5.01232e-05 6.82866e-05 9.12247e-05 0.000119643 0.000154226 0.000195608 0.000244355 0.000300941 0.00036573 0.000438963 0.00052075 0.000611064 0.000709741 0.000816479 0.000930846 0.00105228 0.00118012 0.00131356 0.00145174 0.00159369 0.00173835 0.00188462 0.00203135 0.00217734 0.00232136 0.00246218 0.00259856 0.00272931 0.00285323 0.0029692 0.00307613 0.00317302 0.00325896 0.00333313 0.00339482 0.00344344 0.0034785 0.00349968 0.00350676 0.00349968 0.0034785 0.00344344 0.00339482 0.00333313 0.00325896 0.00317302 0.00307613 0.0029692 0.00285323 0.00272931 0.00259856 0.00246218 0.00232136 0.00217734 0.00203135 0.00188462 0.00173835 0.00159369 0.00145174 0.00131356 0.00118012 0.00105228 0.000930846 0.000816479 0.000709741 0.000611064 0.00052075 0.000438963 0.00036573 0.000300941 0.000244355 0.000195608 0.000154226 0.000119643 9.12247e-05 6.82866e-05 5.01232e-05 3.60313e-05 2.53332e-05 1.73973e-05 1.16532e-05 7.60229e-06 4.82322e-06 2.97138e-06 1.77474e-06 1.0261e-06 5.7337e-07 3.09171e-07 1.60624e-07 8.02816e-08 3.85465e-08 1.77546e-08 7.83467e-09 3.30808e-09 1.33498e-09 5.14346e-10 1.89016e-10 6.61942e-11 2.20737e-11 7.00412e-12 2.11337e-12 6.06024e-13 1.6507e-13 4.26876e-14 1.0476e-14 2.43878e-15 5.38337e-16 1.12634e-16 2.23279e-17 4.19191e-18 7.45045e-19 1.25304e-19 1.9932e-20 2.99722e-21 4.25819e-22 5.71219e-23 7.23033e-24 8.62913e-25 9.70224e-26 1.02678e-26 1.02174e-27 9.54936e-29 8.37218e-30 6.87587e-31 5.28164e-32 3.78799e-33 2.53166e-34 1.5733e-35 9.06905e-37 4.83556e-38 2.37735e-39 1.07382e-40 4.43764e-42 1.66977e-43 5.68843e-45 1.7428e-46 4.76243e-48 5.99825e-50 
0 4.66512e-48 1.72504e-46 5.68843e-45 1.68713e-43 4.53082e-42 1.10798e-40 2.47923e-39 5.09723e-38 9.664e-37 1.69495e-35 2.75768e-34 4.17235e-33 5.88325e-32 7.74628e-31 9.54026e-30 1.10076e-28 1.19148e-27 1.21141e-26 1.15821e-25 1.04234e-24 8.83811e-24 7.06617e-23 5.33097e-22 3.79764e-21 2.55605e-20 1.62633e-19 9.78699e-19 5.57299e-18 3.00407e-17 1.53351e-16 7.41622e-16 3.39903e-15 1.47693e-14 6.08636e-14 2.37964e-13 8.83069e-13 3.11169e-12 1.04165e-11 3.31435e-11 1.00296e-10 2.88842e-10 7.9223e-10 2.07117e-09 5.16596e-09 1.23055e-08 2.80249e-08 6.10957e-08 1.27662e-07 2.56036e-07 4.9358e-07 9.15995e-07 1.63902e-06 2.83223e-06 4.73395e-06 7.66608e-06 1.2047e-05 1.84005e-05 2.73595e-05 3.96621e-05 5.61405e-05 7.77024e-05 0.000105305 0.000139926 0.000182529 0.000234032 0.000295275 0.00036699 0.000449782 0.00054411 0.000650272 0.000768402 0.000898463 0.00104025 0.0011934 0.00135738 0.00153149 0.00171492 0.00190669 0.00210568 0.00231067 0.00252032 0.00273318 0.00294771 0.00316232 0.00337534 0.00358507 0.00378979 0.00398777 0.00417733 0.00435679 0.00452457 0.00467915 0.00481913 0.00494321 0.00505024 0.00513923 0.00520933 0.00525988 0.0052904 0.00530061 0.0052904 0.00525988 0.00520933 0.00513923 0.00505024 0.00494321 0.00481913 0.00467915 0.00452457 0.00435679 0.00417733 0.00398777 0.00378979 0.00358507 0.00337534 0.00316232 0.00294771 0.00273318 0.00252032 0.00231067 0.00210568 0.00190669 0.00171492 0.00153149 0.00135738 0.0011934 0.00104025 0.000898463 0.000768402 0.000650272 0.00054411 0.000449782 0.00036699 0.000295275 0.000234032 0.000182529 0.000139926 0.000105305 7.77024e-05 5.61405e-05 3.96621e-05 2.73595e-05 1.84005e-05 1.2047e-05 7.66608e-06 4.73395e-06 2.83223e-06 1.63902e-06 9.15995e-07 4.9358e-07 2.56036e-07 1.27662e-07 6.10957e-08 2.80249e-08 1.23055e-08 5.16596e-09 2.07117e-09 7.9223e-10 2.88842e-10 1.00296e-10 3.31435e-11 1.04165e-11 3.11169e-12 8.83069e-13 2.37964e-13 6.08636e-14 1.47693e-14 3.39903e-15 7.41622e-16 1.53351e-16 3.00407e-17 5.57299e-18 9.78699e-19 1.62633e-19 2.55605e-20 3.79764e-21 5.33097e-22 7.06617e-23 8.83811e-24 1.04234e-24 1.15821e-25 1.21141e-26 1.19148e-27 1.10076e-28 9.54026e-30 7.74628e-31 5.88325e-32 4.17235e-33 2.75768e-34 1.69495e-35 9.664e-37 5.09723e-38 2.47923e-39 1.10798e-40 4.53082e-42 1.68713e-43 5.68843e-45 1.72451e-46 2.45727e-48 
0 1.67177e-46 5.57253e-45 1.66977e-43 4.53082e-42 1.11961e-40 2.53179e-39 5.26096e-38 1.00821e-36 1.78754e-35 2.94028e-34 4.49797e-33 6.41332e-32 8.53946e-31 1.06367e-29 1.24133e-28 1.35916e-27 1.39797e-26 1.35222e-25 1.23128e-24 1.05638e-23 8.54637e-23 6.52472e-22 4.70375e-21 3.20394e-20 2.06307e-19 1.25644e-18 7.2403e-18 3.94944e-17 2.04005e-16 9.98211e-16 4.62836e-15 2.03421e-14 8.47761e-14 3.35123e-13 1.25702e-12 4.47566e-12 1.51331e-11 4.86143e-11 1.48454e-10 4.31192e-10 1.19206e-09 3.1391e-09 7.8807e-09 1.88798e-08 4.32081e-08 9.45749e-08 1.98236e-07 3.98452e-07 7.69112e-07 1.42785e-06 2.55356e-06 4.40641e-06 7.3489e-06 1.18654e-05 1.85779e-05 2.82544e-05 4.18082e-05 6.02872e-05 8.48512e-05 0.00011674 0.000157236 0.000207619 0.000269125 0.000342904 0.000429986 0.000531251 0.000647412 0.000779 0.000926357 0.00108963 0.00126879 0.00146361 0.00167367 0.00189838 0.00213697 0.00238849 0.00265179 0.00292558 0.00320837 0.00349853 0.00379424 0.00409359 0.0043945 0.00469481 0.00499227 0.00528459 0.00556944 0.0058445 0.00610747 0.00635612 0.00658831 0.006802 0.00699532 0.00716655 0.00731414 0.00743676 0.00753332 0.00760292 0.00764494 0.00765898 0.00764494 0.00760292 0.00753332 0.00743676 0.00731414 0.00716655 0.00699532 0.006802 0.00658831 0.00635612 0.00610747 0.0058445 0.00556944 0.00528459 0.00499227 0.00469481 0.0043945 0.00409359 0.00379424 0.00349853 0.00320837 0.00292558 0.00265179 0.00238849 0.00213697 0.00189838 0.00167367 0.00146361 0.00126879 0.00108963 0.000926357 0.000779 0.000647412 0.000531251 0.000429986 0.000342904 0.000269125 0.000207619 0.000157236 0.00011674 8.48512e-05 6.02872e-05 4.18082e-05 2.82544e-05 1.85779e-05 1.18654e-05 7.3489e-06 4.40641e-06 2.55356e-06 1.42785e-06 7.69112e-07 3.98452e-07 1.98236e-07 9.45749e-08 4.32081e-08 1.88798e-08 7.8807e-09 3.1391e-09 1.19206e-09 4.31192e-10 1.48454e-10 4.86143e-11 1.51331e-11 4.47566e-12 1.25702e-12 3.35123e-13 8.47761e-14 2.03421e-14 4.62836e-15 9.98211e-16 2.04005e-16 3.94944e-17 7.2403e-18 1.25644e-18 2.06307e-19 3.20394e-20 4.70375e-21 6.52472e-22 8.54637e-23 1.05638e-23 1.23128e-24 1.35222e-25 1.39797e-26 1.35916e-27 1.24133e-28 1.06367e-29 8.53946e-31 6.41332e-32 4.49797e-33 2.94028e-34 1.78754e-35 1.00821e-36 5.26096e-38 2.53179e-39 1.11961e-40 4.53082e-42 1.66977e-43 5.57043e-45 8.89274e-47 
0 5.34353e-45 1.61876e-43 4.43764e-42 1.10798e-40 2.53179e-39 5.31669e-38 1.02978e-36 1.84549e-35 3.06866e-34 4.74594e-33 6.84187e-32 9.2119e-31 1.16036e-29 1.36955e-28 1.51672e-27 1.578e-26 1.54408e-25 1.4224e-24 1.23468e-23 1.01068e-22 7.80753e-22 5.6955e-21 3.92572e-20 2.55801e-19 1.57646e-18 9.19276e-18 5.07405e-17 2.65193e-16 1.31283e-15 6.15783e-15 2.73746e-14 1.1537e-13 4.611e-13 1.74819e-12 6.28952e-12 2.14804e-11 6.96699e-11 2.14698e-10 6.28962e-10 1.75267e-09 4.64903e-09 1.17478e-08 2.83057e-08 6.50964e-08 1.43052e-07 3.00759e-07 6.05783e-07 1.17061e-06 2.17355e-06 3.88405e-06 6.69082e-06 1.11299e-05 1.79093e-05 2.7925e-05 4.22663e-05 6.22062e-05 8.91764e-05 0.000124729 0.000170487 0.000228088 0.000299132 0.000385123 0.000487434 0.000607267 0.000745638 0.00090336 0.00108105 0.00127911 0.00149776 0.00173703 0.00199672 0.00227646 0.00257568 0.00289358 0.00322912 0.00358106 0.00394789 0.00432787 0.00471902 0.00511912 0.00552575 0.00593629 0.00634795 0.00675781 0.00716287 0.00756005 0.00794626 0.00831844 0.00867358 0.00900877 0.00932122 0.00960834 0.00986771 0.0100971 0.0102947 0.0104586 0.0105876 0.0106806 0.0107367 0.0107554 0.0107367 0.0106806 0.0105876 0.0104586 0.0102947 0.0100971 0.00986771 0.00960834 0.00932122 0.00900877 0.00867358 0.00831844 0.00794626 0.00756005 0.00716287 0.00675781 0.00634795 0.00593629 0.00552575 0.00511912 0.00471902 0.00432787 0.00394789 0.00358106 0.00322912 0.00289358 0.00257568 0.00227646 0.00199672 0.00173703 0.00149776 0.00127911 0.00108105 0.00090336 0.000745638 0.000607267 0.000487434 0.000385123 0.000299132 0.000228088 0.000170487 0.000124729 8.91764e-05 6.22062e-05 4.22663e-05 2.7925e-05 1.79093e-05 1.11299e-05 6.69082e-06 3.88405e-06 2.17355e-06 1.17061e-06 6.05783e-07 3.00759e-07 1.43052e-07 6.50964e-08 2.83057e-08 1.17478e-08 4.64903e-09 1.75267e-09 6.28962e-10 2.14698e-10 6.96699e-11 2.14804e-11 6.28952e-12 1.74819e-12 4.611e-13 1.1537e-13 2.73746e-14 6.15783e-15 1.31283e-15 2.65193e-16 5.07405e-17 9.19276e-18 1.57646e-18 2.55801e-19 3.92572e-20 5.6955e-21 7.80753e-22 1.01068e-22 1.23468e-23 1.4224e-24 1.54408e-25 1.578e-26 1.51672e-27 1.36955e-28 1.16036e-29 9.2119e-31 6.84187e-32 4.74594e-33 3.06866e-34 1.84549e-35 1.02978e-36 5.31669e-38 2.53179e-39 1.10798e-40 4.43763e-42 1.61803e-43 2.87095e-45 
0 1.53569e-43 4.25695e-42 1.07382e-40 2.47923e-39 5.26096e-38 1.02978e-36 1.86522e-35 3.13493e-34 4.90121e-33 7.14331e-32 9.72427e-31 1.23858e-29 1.47833e-28 1.65576e-27 1.74235e-26 1.72452e-25 1.60702e-24 1.41119e-23 1.1687e-22 9.13442e-22 6.74213e-21 4.70215e-20 3.10028e-19 1.93332e-18 1.14073e-17 6.3708e-17 3.36884e-16 1.68722e-15 8.00553e-15 3.59954e-14 1.5341e-13 6.19904e-13 2.3756e-12 8.6362e-12 2.97929e-11 9.75657e-11 3.03426e-10 8.96573e-10 2.51845e-09 6.72929e-09 1.71165e-08 4.14792e-08 9.58591e-08 2.11489e-07 4.45977e-07 9.0007e-07 1.74099e-06 3.2325e-06 5.77036e-06 9.92031e-06 1.64538e-05 2.63759e-05 4.0939e-05 6.16387e-05 9.01879e-05 0.000128472 0.000178487 0.00024227 0.000321827 0.000419066 0.000535748 0.000673449 0.000833539 0.00101718 0.00122533 0.00145875 0.00171802 0.00200353 0.00231548 0.00265388 0.00301852 0.00340891 0.00382432 0.00426369 0.00472563 0.00520841 0.00570995 0.0062278 0.00675921 0.00730109 0.0078501 0.00840264 0.00895496 0.00950314 0.0100432 0.0105712 0.011083 0.0115748 0.0120428 0.0124834 0.012893 0.0132686 0.0136073 0.0139062 0.0141632 0.0143763 0.0145437 0.0146643 0.014737 0.0147613 0.014737 0.0146643 0.0145437 0.0143763 0.0141632 0.0139062 0.0136073 0.0132686 0.012893 0.0124834 0.0120428 0.0115748 0.011083 0.0105712 0.0100432 0.00950314 0.00895496 0.00840264 0.0078501 0.00730109 0.00675921 0.0062278 0.00570995 0.00520841 0.00472563 0.00426369 0.00382432 0.00340891 0.00301852 0.00265388 0.00231548 0.00200353 0.00171802 0.00145875 0.00122533 0.00101718 0.000833539 0.000673449 0.000535748 0.000419066 0.000321827 0.00024227 0.000178487 0.000128472 9.01879e-05 6.16387e-05 4.0939e-05 2.63759e-05 1.64538e-05 9.92031e-06 5.77036e-06 3.2325e-06 1.74099e-06 9.0007e-07 4.45977e-07 2.11489e-07 9.58591e-08 4.14792e-08 1.71165e-08 6.72929e-09 2.51845e-09 8.96573e-10 3.03426e-10 9.75657e-11 2.97929e-11 8.6362e-12 2.3756e-12 6.19904e-13 1.5341e-13 3.59954e-14 8.00553e-15 1.68722e-15 3.36884e-16 6.3708e-17 1.14073e-17 1.93332e-18 3.10028e-19 4.70215e-20 6.74213e-21 9.13442e-22 1.1687e-22 1.41119e-23 1.60702e-24 1.72452e-25 1.74235e-26 1.65576e-27 1.47833e-28 1.23858e-29 9.72427e-31 7.14331e-32 4.90121e-33 3.13493e-34 1.86522e-35 1.02978e-36 5.26096e-38 2.47923e-39 1.07382e-40 4.25465e-42 8.33515e-44 
0 3.99495e-42 1.01919e-40 2.37735e-39 5.09723e-38 1.00821e-36 1.84549e-35 3.13493e-34 4.95408e-33 7.29895e-32 1.00452e-30 1.29363e-29 1.56127e-28 1.76832e-27 1.88188e-26 1.88388e-25 1.77569e-24 1.57733e-23 1.32147e-22 1.04491e-21 7.80293e-21 5.50599e-20 3.67305e-19 2.31751e-18 1.38353e-17 7.81771e-17 4.18238e-16 2.11906e-15 1.01705e-14 4.62517e-14 1.99339e-13 8.14382e-13 3.15453e-12 1.15882e-11 4.03817e-11 1.33527e-10 4.19104e-10 1.24916e-09 3.53723e-09 9.52147e-09 2.43796e-08 5.94243e-08 1.38008e-07 3.0569e-07 6.46542e-07 1.30738e-06 2.53107e-06 4.69854e-06 8.37698e-06 1.4369e-05 2.37553e-05 3.79229e-05 5.857e-05 8.76846e-05 0.000127493 0.000180389 0.000248839 0.000335298 0.000442124 0.000571512 0.000725458 0.000905742 0.00111394 0.00135142 0.00161942 0.00191899 0.00225107 0.00261642 0.00301562 0.00344904 0.00391673 0.00441844 0.00495347 0.00552071 0.00611856 0.00674489 0.00739711 0.0080721 0.00876631 0.00947577 0.0101962 0.0109229 0.0116511 0.0123758 0.013092 0.0137947 0.0144787 0.0151392 0.0157714 0.0163709 0.0169334 0.0174548 0.0179315 0.0183602 0.0187379 0.0190619 0.0193301 0.0195406 0.0196919 0.0197832 0.0198137 0.0197832 0.0196919 0.0195406 0.0193301 0.0190619 0.0187379 0.0183602 0.0179315 0.0174548 0.0169334 0.0163709 0.0157714 0.0151392 0.0144787 0.0137947 0.013092 0.0123758 0.0116511 0.0109229 0.0101962 0.00947577 0.00876631 0.0080721 0.00739711 0.00674489 0.00611856 0.00552071 0.00495347 0.00441844 0.00391673 0.00344904 0.00301562 0.00261642 0.00225107 0.00191899 0.00161942 0.00135142 0.00111394 0.000905742 0.000725458 0.000571512 0.000442124 0.000335298 0.000248839 0.000180389 0.000127493 8.76846e-05 5.857e-05 3.79229e-05 2.37553e-05 1.4369e-05 8.37698e-06 4.69854e-06 2.53107e-06 1.30738e-06 6.46542e-07 3.0569e-07 1.38008e-07 5.94243e-08 2.43796e-08 9.52147e-09 3.53723e-09 1.24916e-09 4.19104e-10 1.33527e-10 4.03817e-11 1.15882e-11 3.15453e-12 8.14382e-13 1.99339e-13 4.62517e-14 1.01705e-14 2.11906e-15 4.18238e-16 7.81771e-17 1.38353e-17 2.31751e-18 3.67305e-19 5.50599e-20 7.80293e-21 1.04491e-21 1.32147e-22 1.57733e-23 1.77569e-24 1.88388e-25 1.88188e-26 1.76832e-27 1.56127e-28 1.29363e-29 1.00452e-30 7.29895e-32 4.95408e-33 3.13493e-34 1.84549e-35 1.00821e-36 5.09723e-38 2.37735e-39 1.01855e-40 2.19083e-42 
0 9.46034e-41 2.2323e-39 4.83556e-38 9.664e-37 1.78754e-35 3.06866e-34 4.90121e-33 7.29895e-32 1.01545e-30 1.32206e-29 1.61323e-28 1.84755e-27 1.98831e-26 2.01295e-25 1.91898e-24 1.72416e-23 1.46115e-22 1.16875e-21 8.82936e-21 6.30307e-20 4.25403e-19 2.71556e-18 1.64017e-17 9.37633e-17 5.07475e-16 2.60102e-15 1.26274e-14 5.8079e-14 2.53125e-13 1.04554e-12 4.09367e-12 1.51962e-11 5.34934e-11 1.78612e-10 5.6583e-10 1.70128e-09 4.85688e-09 1.31716e-08 3.39528e-08 8.3247e-08 1.94299e-07 4.32108e-07 9.16652e-07 1.85712e-06 3.59827e-06 6.6776e-06 1.18886e-05 2.03417e-05 3.35116e-05 5.32594e-05 8.18203e-05 0.000121753 0.000175853 0.000247047 0.000338272 0.000452375 0.000592028 0.000759691 0.0009576 0.00118779 0.00145216 0.00175247 0.00209042 0.00246765 0.00288568 0.00334592 0.00384953 0.00439735 0.00498981 0.0056268 0.00630761 0.00703087 0.00779452 0.00859578 0.00943121 0.0102967 0.0111876 0.0120988 0.0130247 0.0139595 0.0148971 0.0158313 0.016756 0.0176648 0.0185519 0.0194112 0.0202371 0.0210243 0.0217676 0.0224625 0.0231044 0.0236895 0.0242142 0.0246753 0.0250701 0.0253963 0.025652 0.0258357 0.0259463 0.0259832 0.0259463 0.0258357 0.025652 0.0253963 0.0250701 0.0246753 0.0242142 0.0236895 0.0231044 0.0224625 0.0217676 0.0210243 0.0202371 0.0194112 0.0185519 0.0176648 0.016756 0.0158313 0.0148971 0.0139595 0.0130247 0.0120988 0.0111876 0.0102967 0.00943121 0.00859578 0.00779452 0.00703087 0.00630761 0.0056268 0.00498981 0.00439735 0.00384953 0.00334592 0.00288568 0.00246765 0.00209042 0.00175247 0.00145216 0.00118779 0.0009576 0.000759691 0.000592028 0.000452375 0.000338272 0.000247047 0.000175853 0.000121753 8.18203e-05 5.32594e-05 3.35116e-05 2.03417e-05 1.18886e-05 6.6776e-06 3.59827e-06 1.85712e-06 9.16652e-07 4.32108e-07 1.94299e-07 8.3247e-08 3.39528e-08 1.31716e-08 4.85688e-09 1.70128e-09 5.6583e-10 1.78612e-10 5.34934e-11 1.51962e-11 4.09367e-12 1.04554e-12 2.53125e-13 5.8079e-14 1.26274e-14 2.60102e-15 5.07475e-16 9.37633e-17 1.64017e-17 2.71556e-18 4.25403e-19 6.30307e-20 8.82936e-21 1.16875e-21 1.46115e-22 1.72416e-23 1.91898e-24 2.01295e-25 1.98831e-26 1.84755e-27 1.61323e-28 1.32206e-29 1.01545e-30 7.29895e-32 4.90121e-33 3.06866e-34 1.78754e-35 9.664e-37 4.83555e-38 2.23066e-39 5.24288e-41 
0 2.04921e-39 4.49155e-38 9.06905e-37 1.69495e-35 2.94028e-34 4.74594e-33 7.14331e-32 1.00452e-30 1.32206e-29 1.63094e-28 1.88849e-27 2.05502e-26 2.10386e-25 2.02833e-24 1.84316e-23 1.57988e-22 1.27827e-21 9.76844e-21 7.05441e-20 4.81655e-19 3.1105e-18 1.90063e-17 1.09919e-16 6.01831e-16 3.12031e-15 1.53225e-14 7.12765e-14 3.14132e-13 1.31187e-12 5.19205e-12 1.94769e-11 6.9263e-11 2.3354e-10 7.46786e-10 2.26527e-09 6.52043e-09 1.78174e-08 4.62426e-08 1.1406e-07 2.67571e-07 5.97498e-07 1.27135e-06 2.58071e-06 5.00417e-06 9.28309e-06 1.65018e-05 2.81596e-05 4.62173e-05 7.31045e-05 0.000111677 0.000165124 0.00023684 0.000330275 0.000448801 0.000595608 0.000773653 0.000985666 0.0012342 0.00152169 0.00185058 0.00222331 0.00264241 0.00311038 0.00362967 0.00420251 0.00483078 0.00551583 0.0062583 0.00705807 0.00791409 0.00882438 0.009786 0.0107951 0.0118471 0.0129364 0.0140571 0.0152024 0.0163656 0.0175393 0.0187162 0.0198887 0.0210496 0.0221916 0.0233075 0.0243906 0.0254345 0.026433 0.0273804 0.0282713 0.0291009 0.0298647 0.0305588 0.0311794 0.0317235 0.0321885 0.0325719 0.032872 0.0330874 0.0332171 0.0332604 0.0332171 0.0330874 0.032872 0.0325719 0.0321885 0.0317235 0.0311794 0.0305588 0.0298647 0.0291009 0.0282713 0.0273804 0.026433 0.0254345 0.0243906 0.0233075 0.0221916 0.0210496 0.0198887 0.0187162 0.0175393 0.0163656 0.0152024 0.0140571 0.0129364 0.0118471 0.0107951 0.009786 0.00882438 0.00791409 0.00705807 0.0062583 0.00551583 0.00483078 0.00420251 0.00362967 0.00311038 0.00264241 0.00222331 0.00185058 0.00152169 0.0012342 0.000985666 0.000773653 0.000595608 0.000448801 0.000330275 0.00023684 0.000165124 0.000111677 7.31045e-05 4.62173e-05 2.81596e-05 1.65018e-05 9.28309e-06 5.00417e-06 2.58071e-06 1.27135e-06 5.97498e-07 2.67571e-07 1.1406e-07 4.62426e-08 1.78174e-08 6.52043e-09 2.26527e-09 7.46786e-10 2.3354e-10 6.9263e-11 1.94769e-11 5.19205e-12 1.31187e-12 3.14132e-13 7.12765e-14 1.53225e-14 3.12031e-15 6.01831e-16 1.09919e-16 1.90063e-17 3.1105e-18 4.81655e-19 7.05441e-20 9.76844e-21 1.27827e-21 1.57988e-22 1.84316e-23 2.02833e-24 2.10386e-25 2.05502e-26 1.88849e-27 1.63094e-28 1.32206e-29 1.00452e-30 7.14331e-32 4.74594e-33 2.94028e-34 1.69495e-35 9.06904e-37 4.48775e-38 1.14788e-39 
0 4.07718e-38 8.33217e-37 1.5733e-35 2.75768e-34 4.49797e-33 6.84187e-32 9.72427e-31 1.29363e-29 1.61323e-28 1.88849e-27 2.07775e-26 2.15083e-25 2.0969e-24 1.927e-23 1.67053e-22 1.36707e-21 1.05671e-20 7.71923e-20 5.33148e-19 3.48298e-18 2.15295e-17 1.25957e-16 6.97625e-16 3.6587e-15 1.81723e-14 8.54937e-14 3.81023e-13 1.60882e-12 6.4364e-12 2.44006e-11 8.76645e-11 2.98516e-10 9.63598e-10 2.94915e-09 8.56011e-09 2.35715e-08 6.16028e-08 1.52879e-07 3.60503e-07 8.08404e-07 1.72549e-06 3.50951e-06 6.81058e-06 1.26288e-05 2.24126e-05 3.81384e-05 6.23488e-05 9.81311e-05 0.000149029 0.000218895 0.000311712 0.00043141 0.000581735 0.000766176 0.000987977 0.00125022 0.00155596 0.00190832 0.00231063 0.00276644 0.00327946 0.00385341 0.00449187 0.00519798 0.00597427 0.00682234 0.00774277 0.00873492 0.00979694 0.0109257 0.012117 0.0133654 0.0146648 0.0160079 0.0173872 0.0187945 0.0202212 0.0216589 0.0230987 0.0245321 0.0259505 0.0273457 0.0287098 0.0300351 0.0313146 0.0325414 0.0337093 0.0348125 0.0358458 0.0368044 0.037684 0.0384807 0.0391912 0.0398126 0.0403425 0.0407787 0.0411197 0.0413642 0.0415112 0.0415603 0.0415112 0.0413642 0.0411197 0.0407787 0.0403425 0.0398126 0.0391912 0.0384807 0.037684 0.0368044 0.0358458 0.0348125 0.0337093 0.0325414 0.0313146 0.0300351 0.0287098 0.0273457 0.0259505 0.0245321 0.0230987 0.0216589 0.0202212 0.0187945 0.0173872 0.0160079 0.0146648 0.0133654 0.012117 0.0109257 0.00979694 0.00873492 0.00774277 0.00682234 0.00597427 0.00519798 0.00449187 0.00385341 0.00327946 0.00276644 0.00231063 0.00190832 0.00155596 0.00125022 0.000987977 0.000766176 0.000581735 0.00043141 0.000311712 0.000218895 0.000149029 9.81311e-05 6.23488e-05 3.81384e-05 2.24126e-05 1.26288e-05 6.81058e-06 3.50951e-06 1.72549e-06 8.08404e-07 3.60503e-07 1.52879e-07 6.16028e-08 2.35715e-08 8.56011e-09 2.94915e-09 9.63598e-10 2.98516e-10 8.76645e-11 2.44006e-11 6.4364e-12 1.60882e-12 3.81023e-13 8.54937e-14 1.81723e-14 3.6587e-15 6.97625e-16 1.25957e-16 2.15295e-17 3.48298e-18 5.33148e-19 7.71923e-20 1.05671e-20 1.36707e-21 1.67053e-22 1.927e-23 2.0969e-24 2.15083e-25 2.07775e-26 1.88849e-27 1.61323e-28 1.29363e-29 9.72427e-31 6.84187e-32 4.49797e-33 2.75768e-34 1.5733e-35 8.32416e-37 2.30889e-38 
0 7.47818e-37 1.42959e-35 2.53166e-34 4.17235e-33 6.41332e-32 9.2119e-31 1.23858e-29 1.56127e-28 1.84755e-27 2.05502e-26 2.15083e-25 2.12026e-24 1.97033e-23 1.72739e-22 1.42966e-21 1.11771e-20 8.25848e-20 5.7696e-19 3.81271e-18 2.38401e-17 1.41087e-16 7.90449e-16 4.19322e-15 2.10656e-14 1.00231e-13 4.51724e-13 1.92848e-12 7.79925e-12 2.98818e-11 1.08468e-10 3.73045e-10 1.21571e-09 3.75453e-09 1.09906e-08 3.0502e-08 8.02829e-08 2.0049e-07 4.7531e-07 1.07048e-06 2.29231e-06 4.67204e-06 9.07433e-06 1.68196e-05 2.98003e-05 5.05623e-05 8.23225e-05 0.000128902 0.000194574 0.00028385 0.000401252 0.00055112 0.000737508 0.000964193 0.00123479 0.00155294 0.00192252 0.00234777 0.00283339 0.00338445 0.00400621 0.00470382 0.00548199 0.00634463 0.0072945 0.00833303 0.00946009 0.010674 0.0119715 0.0133478 0.014797 0.0163118 0.0178842 0.0195055 0.0211661 0.0228565 0.0245667 0.0262866 0.0280064 0.0297163 0.0314067 0.0330684 0.0346928 0.0362715 0.0377967 0.0392612 0.0406584 0.0419821 0.0432269 0.0443879 0.0454607 0.0464416 0.0473272 0.0481146 0.0488015 0.0493858 0.049866 0.0502408 0.0505092 0.0506705 0.0507243 0.0506705 0.0505092 0.0502408 0.049866 0.0493858 0.0488015 0.0481146 0.0473272 0.0464416 0.0454607 0.0443879 0.0432269 0.0419821 0.0406584 0.0392612 0.0377967 0.0362715 0.0346928 0.0330684 0.0314067 0.0297163 0.0280064 0.0262866 0.0245667 0.0228565 0.0211661 0.0195055 0.0178842 0.0163118 0.014797 0.0133478 0.0119715 0.010674 0.00946009 0.00833303 0.0072945 0.00634463 0.00548199 0.00470382 0.00400621 0.00338445 0.00283339 0.00234777 0.00192252 0.00155294 0.00123479 0.000964193 0.000737508 0.00055112 0.000401252 0.00028385 0.000194574 0.000128902 8.23225e-05 5.05623e-05 2.98003e-05 1.68196e-05 9.07433e-06 4.67204e-06 2.29231e-06 1.07048e-06 4.7531e-07 2.0049e-07 8.02829e-08 3.0502e-08 1.09906e-08 3.75453e-09 1.21571e-09 3.73045e-10 1.08468e-10 2.98818e-11 7.79925e-12 1.92848e-12 4.51724e-13 1.00231e-13 2.10656e-14 4.19322e-15 7.90449e-16 1.41087e-16 2.38401e-17 3.81271e-18 5.7696e-19 8.25848e-20 1.11771e-20 1.42966e-21 1.72739e-22 1.97033e-23 2.12026e-24 2.15083e-25 2.05502e-26 1.84755e-27 1.56127e-28 1.23858e-29 9.2119e-31 6.41332e-32 4.17235e-33 2.53166e-34 1.42804e-35 4.28212e-37 
0 1.26843e-35 2.27492e-34 3.78799e-33 5.88325e-32 8.53946e-31 1.16036e-29 1.47833e-28 1.76832e-27 1.98831e-26 2.10386e-25 2.0969e-24 1.97033e-23 1.74677e-22 1.46202e-21 1.15598e-20 8.63867e-20 6.10433e-19 4.08025e-18 2.58066e-17 1.54485e-16 8.75473e-16 4.69759e-15 2.38692e-14 1.1486e-13 5.23478e-13 2.25963e-12 9.23832e-12 3.5774e-11 1.31209e-10 4.55806e-10 1.49979e-09 4.67456e-09 1.38022e-08 3.86125e-08 1.02371e-07 2.57305e-07 6.13386e-07 1.38771e-06 2.98175e-06 6.09069e-06 1.1841e-05 2.19403e-05 3.88085e-05 6.5653e-05 0.000106448 0.000165803 0.000248728 0.000360351 0.000505651 0.000689291 0.0009156 0.00118871 0.00151282 0.00189248 0.00233287 0.00283988 0.00342007 0.00408041 0.00482791 0.00566906 0.00660943 0.00765316 0.00880269 0.0100585 0.0114192 0.0128813 0.0144398 0.0160879 0.0178177 0.0196201 0.0214853 0.0234027 0.0253613 0.0273499 0.0293571 0.0313715 0.033382 0.0353775 0.0373475 0.0392817 0.0411706 0.0430051 0.044777 0.0464786 0.048103 0.0496441 0.0510965 0.0524554 0.0537167 0.054877 0.0559335 0.0568837 0.0577256 0.0584579 0.0590792 0.0595886 0.0599854 0.0602692 0.0604396 0.0604964 0.0604396 0.0602692 0.0599854 0.0595886 0.0590792 0.0584579 0.0577256 0.0568837 0.0559335 0.054877 0.0537167 0.0524554 0.0510965 0.0496441 0.048103 0.0464786 0.044777 0.0430051 0.0411706 0.0392817 0.0373475 0.0353775 0.033382 0.0313715 0.0293571 0.0273499 0.0253613 0.0234027 0.0214853 0.0196201 0.0178177 0.0160879 0.0144398 0.0128813 0.0114192 0.0100585 0.00880269 0.00765316 0.00660943 0.00566906 0.00482791 0.00408041 0.00342007 0.00283988 0.00233287 0.00189248 0.00151282 0.00118871 0.0009156 0.000689291 0.000505651 0.000360351 0.000248728 0.000165803 0.000106448 6.5653e-05 3.88085e-05 2.19403e-05 1.1841e-05 6.09069e-06 2.98175e-06 1.38771e-06 6.13386e-07 2.57305e-07 1.02371e-07 3.86125e-08 1.38022e-08 4.67456e-09 1.49979e-09 4.55806e-10 1.31209e-10 3.5774e-11 9.23832e-12 2.25963e-12 5.23478e-13 1.1486e-13 2.38692e-14 4.69759e-15 8.75473e-16 1.54485e-16 2.58066e-17 4.08025e-18 6.10433e-19 8.63867e-20 1.15598e-20 1.46202e-21 1.74677e-22 1.97033e-23 2.0969e-24 2.10386e-25 1.98831e-26 1.76832e-27 1.47833e-28 1.16036e-29 8.53946e-31 5.88325e-32 3.78798e-33 2.27214e-34 7.34582e-36 
0 1.99519e-34 3.36579e-33 5.28164e-32 7.74628e-31 1.06367e-29 1.36955e-28 1.65576e-27 1.88188e-26 2.01295e-25 2.02833e-24 1.927e-23 1.72739e-22 1.46202e-21 1.16902e-20 8.83526e-20 6.31439e-19 4.26893e-18 2.73095e-17 1.65358e-16 9.47853e-16 5.14426e-15 2.64373e-14 1.28663e-13 5.92986e-13 2.58816e-12 1.06975e-11 4.18703e-11 1.5518e-10 5.44569e-10 1.80942e-09 5.69234e-09 1.69556e-08 4.78231e-08 1.27741e-07 3.23213e-07 7.74944e-07 1.76152e-06 3.79865e-06 7.77802e-06 1.51383e-05 2.80435e-05 4.95256e-05 8.3539e-05 0.000134883 0.000208981 0.000311551 0.000448254 0.000624425 0.000844983 0.00111456 0.00143784 0.00181997 0.00226692 0.00278576 0.00338458 0.00407221 0.0048577 0.00574963 0.00675548 0.00788102 0.0091299 0.0105034 0.0120005 0.0136177 0.0153497 0.0171893 0.0191277 0.0211552 0.0232609 0.025433 0.0276594 0.0299275 0.0322242 0.0345367 0.0368519 0.039157 0.0414397 0.043688 0.0458906 0.0480371 0.0501178 0.0521238 0.0540475 0.055882 0.0576214 0.0592607 0.0607958 0.0622235 0.0635412 0.0647468 0.065839 0.0668169 0.0676799 0.0684277 0.0690601 0.0695772 0.0699792 0.0702663 0.0704384 0.0704958 0.0704384 0.0702663 0.0699792 0.0695772 0.0690601 0.0684277 0.0676799 0.0668169 0.065839 0.0647468 0.0635412 0.0622235 0.0607958 0.0592607 0.0576214 0.055882 0.0540475 0.0521238 0.0501178 0.0480371 0.0458906 0.043688 0.0414397 0.039157 0.0368519 0.0345367 0.0322242 0.0299275 0.0276594 0.025433 0.0232609 0.0211552 0.0191277 0.0171893 0.0153497 0.0136177 0.0120005 0.0105034 0.0091299 0.00788102 0.00675548 0.00574963 0.0048577 0.00407221 0.00338458 0.00278576 0.00226692 0.00181997 0.00143784 0.00111456 0.000844983 0.000624425 0.000448254 0.000311551 0.000208981 0.000134883 8.3539e-05 4.95256e-05 2.80435e-05 1.51383e-05 7.77802e-06 3.79865e-06 1.76152e-06 7.74944e-07 3.23213e-07 1.27741e-07 4.78231e-08 1.69556e-08 5.69234e-09 1.80942e-09 5.44569e-10 1.5518e-10 4.18703e-11 1.06975e-11 2.58816e-12 5.92986e-13 1.28663e-13 2.64373e-14 5.14426e-15 9.47853e-16 1.65358e-16 2.73095e-17 4.26893e-18 6.31439e-19 8.83526e-20 1.16902e-20 1.46202e-21 1.72739e-22 1.927e-23 2.02833e-24 2.01295e-25 1.88188e-26 1.65576e-27 1.36955e-28 1.06367e-29 7.74628e-31 5.28162e-32 3.3612e-33 1.16885e-34 
0 2.9175e-33 4.64005e-32 6.87587e-31 9.54026e-30 1.24133e-28 1.51672e-27 1.74235e-26 1.88388e-25 1.91898e-24 1.84316e-23 1.67053e-22 1.42966e-21 1.15598e-20 8.83526e-20 6.386e-19 4.3665e-18 2.82528e-17 1.73028e-16 1.00317e-15 5.5068e-15 2.86235e-14 1.40885e-13 6.56638e-13 2.89798e-12 1.211e-11 4.79118e-11 1.79451e-10 6.3622e-10 2.13494e-09 6.78021e-09 2.03776e-08 5.79576e-08 1.56004e-07 3.97454e-07 9.58671e-07 2.19003e-06 4.74099e-06 9.73318e-06 1.89688e-05 3.51378e-05 6.19649e-05 0.000104227 0.000167594 0.000258297 0.000382693 0.000546867 0.00075641 0.00101648 0.00133216 0.00170901 0.00215365 0.00267413 0.00328001 0.00398202 0.00479142 0.00571916 0.0067749 0.00796635 0.00929863 0.0107741 0.0123921 0.0141497 0.0160413 0.0180594 0.020195 0.0224376 0.0247753 0.0271957 0.0296851 0.0322293 0.0348137 0.0374232 0.0400426 0.0426568 0.045251 0.0478112 0.0503239 0.0527766 0.0551582 0.0574584 0.0596684 0.0617806 0.0637889 0.065688 0.0674741 0.0691444 0.0706967 0.0721302 0.0734442 0.0746389 0.0757149 0.076673 0.0775145 0.0782404 0.078852 0.0793506 0.0797372 0.0800127 0.0801777 0.0802326 0.0801777 0.0800127 0.0797372 0.0793506 0.078852 0.0782404 0.0775145 0.076673 0.0757149 0.0746389 0.0734442 0.0721302 0.0706967 0.0691444 0.0674741 0.065688 0.0637889 0.0617806 0.0596684 0.0574584 0.0551582 0.0527766 0.0503239 0.0478112 0.045251 0.0426568 0.0400426 0.0374232 0.0348137 0.0322293 0.0296851 0.0271957 0.0247753 0.0224376 0.020195 0.0180594 0.0160413 0.0141497 0.0123921 0.0107741 0.00929863 0.00796635 0.0067749 0.00571916 0.00479142 0.00398202 0.00328001 0.00267413 0.00215365 0.00170901 0.00133216 0.00101648 0.00075641 0.000546867 0.000382693 0.000258297 0.000167594 0.000104227 6.19649e-05 3.51378e-05 1.89688e-05 9.73318e-06 4.74099e-06 2.19003e-06 9.58671e-07 3.97454e-07 1.56004e-07 5.79576e-08 2.03776e-08 6.78021e-09 2.13494e-09 6.3622e-10 1.79451e-10 4.79118e-11 1.211e-11 2.89798e-12 6.56638e-13 1.40885e-13 2.86235e-14 5.5068e-15 1.00317e-15 1.73028e-16 2.82528e-17 4.3665e-18 6.386e-19 8.83526e-20 1.15598e-20 1.42966e-21 1.67053e-22 1.84316e-23 1.91898e-24 1.88388e-25 1.74235e-26 1.51672e-27 1.24133e-28 9.54026e-30 6.87583e-31 4.63304e-32 1.72937e-33 
0 3.97463e-32 5.97196e-31 8.37218e-30 1.10076e-28 1.35916e-27 1.578e-26 1.72452e-25 1.77569e-24 1.72416e-23 1.57988e-22 1.36707e-21 1.11771e-20 8.63867e-20 6.31439e-19 4.3665e-18 2.85744e-17 1.76994e-16 1.0379e-15 5.76253e-15 3.02945e-14 1.50804e-13 7.10812e-13 3.17221e-12 1.34027e-11 5.36039e-11 2.02913e-10 7.26887e-10 2.46374e-09 7.90005e-09 2.39612e-08 6.8737e-08 1.86489e-07 4.78527e-07 1.16148e-06 2.66735e-06 5.79833e-06 1.19388e-05 2.33045e-05 4.3178e-05 7.60494e-05 0.000127578 0.000204327 0.000313292 0.000461373 0.000654954 0.000899809 0.0012014 0.00156555 0.00199921 0.00251111 0.00311203 0.00381455 0.00463224 0.00557859 0.00666584 0.00790393 0.00929983 0.0108572 0.0125763 0.0144547 0.0164871 0.018666 0.0209823 0.0234252 0.0259822 0.02864 0.0313834 0.0341967 0.0370628 0.0399642 0.0428829 0.0458008 0.0487003 0.0515643 0.0543769 0.0571233 0.0597902 0.0623659 0.0648405 0.0672054 0.0694542 0.0715818 0.0735844 0.07546 0.0772074 0.0788266 0.0803184 0.0816844 0.0829267 0.0840478 0.0850505 0.0859376 0.0867121 0.0873769 0.0879344 0.0883871 0.088737 0.0889857 0.0891345 0.089184 0.0891345 0.0889857 0.088737 0.0883871 0.0879344 0.0873769 0.0867121 0.0859376 0.0850505 0.0840478 0.0829267 0.0816844 0.0803184 0.0788266 0.0772074 0.07546 0.0735844 0.0715818 0.0694542 0.0672054 0.0648405 0.0623659 0.0597902 0.0571233 0.0543769 0.0515643 0.0487003 0.0458008 0.0428829 0.0399642 0.0370628 0.0341967 0.0313834 0.02864 0.0259822 0.0234252 0.0209823 0.018666 0.0164871 0.0144547 0.0125763 0.0108572 0.00929983 0.00790393 0.00666584 0.00557859 0.00463224 0.00381455 0.00311203 0.00251111 0.00199921 0.00156555 0.0012014 0.000899809 0.000654954 0.000461373 0.000313292 0.000204327 0.000127578 7.60494e-05 4.3178e-05 2.33045e-05 1.19388e-05 5.79833e-06 2.66735e-06 1.16148e-06 4.78527e-07 1.86489e-07 6.8737e-08 2.39612e-08 7.90005e-09 2.46374e-09 7.26887e-10 2.02913e-10 5.36039e-11 1.34027e-11 3.17221e-12 7.10812e-13 1.50804e-13 3.02945e-14 5.76253e-15 1.0379e-15 1.76994e-16 2.85744e-17 4.3665e-18 6.31439e-19 8.63867e-20 1.11771e-20 1.36707e-21 1.57988e-22 1.72416e-23 1.77569e-24 1.72452e-25 1.578e-26 1.35916e-27 1.10076e-28 8.37212e-30 5.96199e-31 2.38439e-32 
0 5.05457e-31 7.18824e-30 9.54936e-29 1.19148e-27 1.39797e-26 1.54408e-25 1.60702e-24 1.57733e-23 1.46115e-22 1.27827e-21 1.05671e-20 8.25848e-20 6.10433e-19 4.26893e-18 2.82528e-17 1.76994e-16 1.04974e-15 5.89479e-15 3.13433e-14 1.57801e-13 7.52212e-13 3.3947e-12 1.45023e-11 5.86382e-11 2.24362e-10 8.12179e-10 2.78096e-09 9.00491e-09 2.75686e-08 7.97845e-08 2.18237e-07 5.64169e-07 1.37838e-06 3.18323e-06 6.95092e-06 1.43588e-05 2.80825e-05 5.20572e-05 9.16011e-05 0.000153298 0.000244597 0.000373192 0.000546399 0.00077079 0.0010523 0.0013969 0.00181155 0.00230524 0.00288954 0.00357856 0.00438813 0.00533449 0.00643276 0.00769555 0.00913207 0.0107477 0.012544 0.0145194 0.0166692 0.0189866 0.0214626 0.0240866 0.0268458 0.0297259 0.0327106 0.0357817 0.0389198 0.0421041 0.0453131 0.0485254 0.0517197 0.0548754 0.0579736 0.0609967 0.0639293 0.0667577 0.0694708 0.0720593 0.0745161 0.0768362 0.0790164 0.081055 0.0829519 0.0847085 0.0863269 0.0878103 0.0891627 0.0903883 0.091492 0.0924786 0.0933532 0.0941205 0.0947853 0.0953519 0.0958242 0.0962056 0.0964992 0.0967073 0.0968314 0.0968726 0.0968314 0.0967073 0.0964992 0.0962056 0.0958242 0.0953519 0.0947853 0.0941205 0.0933532 0.0924786 0.091492 0.0903883 0.0891627 0.0878103 0.0863269 0.0847085 0.0829519 0.081055 0.0790164 0.0768362 0.0745161 0.0720593 0.0694708 0.0667577 0.0639293 0.0609967 0.0579736 0.0548754 0.0517197 0.0485254 0.0453131 0.0421041 0.0389198 0.0357817 0.0327106 0.0297259 0.0268458 0.0240866 0.0214626 0.0189866 0.0166692 0.0145194 0.012544 0.0107477 0.00913207 0.00769555 0.00643276 0.00533449 0.00438813 0.00357856 0.00288954 0.00230524 0.00181155 0.0013969 0.0010523 0.00077079 0.000546399 0.000373192 0.000244597 0.000153298 9.16011e-05 5.20572e-05 2.80825e-05 1.43588e-05 6.95092e-06 3.18323e-06 1.37838e-06 5.64169e-07 2.18237e-07 7.97845e-08 2.75686e-08 9.00491e-09 2.78096e-09 8.12179e-10 2.24362e-10 5.86382e-11 1.45023e-11 3.3947e-12 7.52212e-13 1.57801e-13 3.13433e-14 5.89479e-15 1.04974e-15 1.76994e-16 2.82528e-17 4.26893e-18 6.10433e-19 8.25848e-20 1.05671e-20 1.27827e-21 1.46115e-22 1.57733e-23 1.60702e-24 1.54408e-25 1.39797e-26 1.19148e-27 9.54928e-29 7.17506e-30 3.06954e-31 
