0 0 0 0 0 0 0 0 0 0 0 0 0 0 0 0 0 0 0 0 0 0 0 0 0 0 0 0 0 0 0 0 0 0 0 0 0 0 0 0 0 0 0 0 0 0 0 0 0 0 0 0 0 0 0 0 0 0 0 0 0 0 0 0 0 0 0 0 0 0 0 0 0 0 0 0 0 0 0 0 0 0 0 0 0 0 0 0 0 0 0 0 0 0 0 0 0 0 0 0 0 0 0 0 0 0 0 0 0 0 0 0 0 0 0 0 0 0 0 0 0 0 0 0 0 0 0 0 0 0 0 0 0 0 0 0 0 0 0 0 0 0 0 0 0 0 0 0 0 0 0 0 0 0 0 0 0 0 0 0 0 0 0 0 0 0 0 0 0 0 0 0 0 0 0 0 0 0 0 0 0 0 0 0 0 0 0 0 0 0 0 0 0 0 0 0 0 0 0 0 
0 6.72625e-13 2.89253e-12 1.13217e-11 4.22142e-11 1.5024e-10 5.10258e-10 1.65309e-09 5.10657e-09 1.50346e-08 4.21687e-08 1.1262e-07 2.86264e-07 6.92208e-07 1.5916e-06 3.47844e-06 7.22333e-06 1.42493e-05 2.67e-05 4.75283e-05 8.04087e-05 0.000129401 0.000198369 0.000290313 0.000406894 0.000548519 0.000715172 0.000907905 0.00113045 0.00139022 0.00169804 0.00206637 0.0025065 0.00302568 0.00362514 0.00429986 0.0050399 0.00583282 0.00666611 0.00752885 0.00841192 0.00930705 0.0102052 0.0110948 0.011961 0.0127856 0.0135481 0.0142276 0.0148045 0.0152622 0.0155885 0.0157757 0.0158205 0.0157233 0.0154878 0.0151197 0.0146264 0.0140165 0.0132995 0.0124858 0.0115866 0.0106138 0.00958025 0.00849897 0.00738341 0.00624686 0.00510224 0.00396168 0.00283633 0.00173608 0.00066944 -0.000356524 -0.00133621 -0.0022654 -0.00314119 -0.00396185 -0.00472666 -0.00543579 -0.00609011 -0.00669112 -0.00724072 -0.00774121 -0.00819508 -0.008605 -0.00897374 -0.00930406 -0.00959871 -0.00986037 -0.0100916 -0.0102949 -0.0104726 -0.0106267 -0.0107592 -0.010872 -0.0109665 -0.0110441 -0.0111061 -0.0111532 -0.0111864 -0.0112061 -0.0112126 -0.0112061 -0.0111864 -0.0111532 -0.0111061 -0.0110441 -0.0109665 -0.010872 -0.0107592 -0.0106267 -0.0104726 -0.0102949 -0.0100916 -0.00986037 -0.00959871 -0.00930406 -0.00897374 -0.008605 -0.00819508 -0.00774121 -0.00724072 -0.00669112 -0.00609011 -0.00543579 -0.00472666 -0.00396185 -0.00314119 -0.0022654 -0.00133621 -0.000356524 0.00066944 0.00173608 0.00283633 0.00396168 0.00510224 0.00624686 0.00738341 0.00849897 0.00958025 0.0106138 0.0115866 0.0124858 0.0132995 0.0140165 0.0146264 0.0151197 0.0154878 0.0157233 0.0158205 0.0157757 0.0155885 0.0152622 0.0148045 0.0142276 0.0135481 0.0127856 0.011961 0.0110948 0.0102052 0.00930705 0.00841192 0.00752885 0.00666611 0.00583282 0.0050399 0.00429986 0.00362514 0.00302568 0.0025065 0.00206637 0.00169804 0.00139022 0.00113045 0.000907905 0.000715172 0.000548519 0.000406894 0.000290313 0.000198369 0.000129401 8.04087e-05 4.75283e-05 2.67e-05 1.42493e-05 7.22333e-06 3.47844e-06 1.5916e-06 6.92208e-07 2.86264e-07 1.1262e-07 4.21687e-08 1.50346e-08 5.10657e-09 1.65309e-09 5.10258e-10 1.5024e-10 4.2212e-11 1.13117e-11 2.84963e-12 4.96289e-13 
0 2.89253e-12 1.20782e-11 4.57636e-11 1.65109e-10 5.68514e-10 1.86779e-09 5.85276e-09 1.74845e-08 4.97751e-08 1.34972e-07 3.48462e-07 8.56152e-07 2.00102e-06 4.44732e-06 9.39636e-06 1.88692e-05 3.60131e-05 6.53373e-05 0.000112735 0.000185155 0.000289867 0.00043346 0.000620944 0.000855456 0.00113898 0.00147414 0.00186647 0.00232628 0.00286904 0.00351376 0.0042797 0.00518236 0.00623017 0.00742291 0.00875218 0.0102034 0.0117587 0.0133986 0.0151033 0.0168527 0.0186246 0.020394 0.0221321 0.0238066 0.0253823 0.0268234 0.0280953 0.0291668 0.0300115 0.0306088 0.0309446 0.0310111 0.0308064 0.0303342 0.0296028 0.0286252 0.0274176 0.0259998 0.024394 0.0226245 0.0207169 0.0186977 0.0165937 0.014431 0.0122348 0.0100291 0.00783556 0.00567399 0.00356171 0.00151356 -0.00045811 -0.0023434 -0.00413473 -0.00582668 -0.00741582 -0.00890044 -0.0102804 -0.0115569 -0.0127322 -0.0138095 -0.0147925 -0.0156859 -0.0164942 -0.0172225 -0.0178761 -0.0184599 -0.0189791 -0.0194385 -0.0198429 -0.0201966 -0.0205039 -0.0207684 -0.0209936 -0.0211826 -0.021338 -0.021462 -0.0215565 -0.021623 -0.0216625 -0.0216756 -0.0216625 -0.021623 -0.0215565 -0.021462 -0.021338 -0.0211826 -0.0209936 -0.0207684 -0.0205039 -0.0201966 -0.0198429 -0.0194385 -0.0189791 -0.0184599 -0.0178761 -0.0172225 -0.0164942 -0.0156859 -0.0147925 -0.0138095 -0.0127322 -0.0115569 -0.0102804 -0.00890044 -0.00741582 -0.00582668 -0.00413473 -0.0023434 -0.00045811 0.00151356 0.00356171 0.00567399 0.00783556 0.0100291 0.0122348 0.014431 0.0165937 0.0186977 0.0207169 0.0226245 0.024394 0.0259998 0.0274176 0.0286252 0.0296028 0.0303342 0.0308064 0.0310111 0.0309446 0.0306088 0.0300115 0.0291668 0.0280953 0.0268234 0.0253823 0.0238066 0.0221321 0.020394 0.0186246 0.0168527 0.0151033 0.0133986 0.0117587 0.0102034 0.00875218 0.00742291 0.00623017 0.00518236 0.0042797 0.00351376 0.00286904 0.00232628 0.00186647 0.00147414 0.00113898 0.000855456 0.000620944 0.00043346 0.000289867 0.000185155 0.000112735 6.53373e-05 3.60131e-05 1.88692e-05 9.39636e-06 4.44732e-06 2.00102e-06 8.56152e-07 3.48462e-07 1.34972e-07 4.97751e-08 1.74845e-08 5.85276e-09 1.86779e-09 5.68512e-10 1.65099e-10 4.57201e-11 1.18975e-11 2.17771e-12 
0 1.13217e-11 4.57636e-11 1.67204e-10 5.8124e-10 1.9274e-09 6.09526e-09 1.8375e-08 5.27806e-08 1.44389e-07 3.76009e-07 9.31686e-07 2.19564e-06 4.91937e-06 1.04757e-05 2.11988e-05 4.07654e-05 7.45128e-05 0.000129533 0.000214382 0.000338336 0.000510351 0.000738121 0.00102779 0.00138472 0.00181534 0.00232929 0.00294104 0.00366976 0.00453741 0.00556541 0.00677116 0.00816563 0.00975251 0.0115288 0.013486 0.0156111 0.0178864 0.0202892 0.0227906 0.0253554 0.0279422 0.0305048 0.0329942 0.0353612 0.0375579 0.0395396 0.0412659 0.042701 0.0438145 0.0445817 0.044984 0.0450096 0.0446538 0.0439196 0.0428176 0.0413657 0.039588 0.0375146 0.0351794 0.0326195 0.0298733 0.0269797 0.023977 0.0209019 0.0177887 0.0146692 0.0115723 0.00852351 0.00554528 0.00265677 -0.00012604 -0.00279018 -0.00532559 -0.00772488 -0.00998318 -0.0120978 -0.0140682 -0.0158955 -0.0175823 -0.0191324 -0.0205509 -0.0218433 -0.023016 -0.0240755 -0.0250289 -0.025883 -0.0266446 -0.0273205 -0.0279171 -0.0284405 -0.0288963 -0.0292897 -0.0296255 -0.0299079 -0.0301406 -0.0303267 -0.0304688 -0.0305689 -0.0306283 -0.030648 -0.0306283 -0.0305689 -0.0304688 -0.0303267 -0.0301406 -0.0299079 -0.0296255 -0.0292897 -0.0288963 -0.0284405 -0.0279171 -0.0273205 -0.0266446 -0.025883 -0.0250289 -0.0240755 -0.023016 -0.0218433 -0.0205509 -0.0191324 -0.0175823 -0.0158955 -0.0140682 -0.0120978 -0.00998318 -0.00772488 -0.00532559 -0.00279018 -0.00012604 0.00265677 0.00554528 0.00852351 0.0115723 0.0146692 0.0177887 0.0209019 0.023977 0.0269797 0.0298733 0.0326195 0.0351794 0.0375146 0.039588 0.0413657 0.0428176 0.0439196 0.0446538 0.0450096 0.044984 0.0445817 0.0438145 0.042701 0.0412659 0.0395396 0.0375579 0.0353612 0.0329942 0.0305048 0.0279422 0.0253554 0.0227906 0.0202892 0.0178864 0.0156111 0.013486 0.0115288 0.00975251 0.00816563 0.00677116 0.00556541 0.00453741 0.00366976 0.00294104 0.00232929 0.00181534 0.00138472 0.00102779 0.000738121 0.000510351 0.000338336 0.000214382 0.000129533 7.45128e-05 4.07654e-05 2.11988e-05 1.04757e-05 4.91937e-06 2.19564e-06 9.31686e-07 3.76009e-07 1.44389e-07 5.27806e-08 1.8375e-08 6.09526e-09 1.92739e-09 5.81199e-10 1.67032e-10 4.50769e-11 8.72164e-12 
0 4.22142e-11 1.65109e-10 5.8124e-10 1.94485e-09 6.20368e-09 1.88595e-08 5.46162e-08 1.5059e-07 3.95121e-07 9.86052e-07 2.33935e-06 5.27383e-06 1.12937e-05 2.29685e-05 4.43605e-05 8.1382e-05 0.000141904 0.000235438 0.000372348 0.000562782 0.000815825 0.00113948 0.00154188 0.00203345 0.00262911 0.0033493 0.00421874 0.00526318 0.00650537 0.00796189 0.00964202 0.0115488 0.0136811 0.016035 0.0186035 0.0213749 0.0243293 0.0274363 0.0306542 0.0339309 0.0372068 0.0404187 0.0435033 0.0464004 0.0490543 0.0514149 0.0534377 0.0550837 0.05632 0.0571203 0.0574653 0.0573442 0.0567552 0.0557056 0.0542121 0.0522996 0.0500004 0.0473526 0.0443985 0.0411835 0.0377536 0.0341554 0.0304338 0.0266321 0.0227906 0.0189467 0.015134 0.0113828 0.00771922 0.00416581 0.000741348 -0.00253901 -0.00566351 -0.00862358 -0.0114136 -0.0140305 -0.0164737 -0.0187446 -0.0208461 -0.022783 -0.0245608 -0.0261862 -0.0276663 -0.0290088 -0.0302217 -0.0313127 -0.03229 -0.0331611 -0.0339333 -0.0346138 -0.0352089 -0.0357248 -0.0361669 -0.03654 -0.0368485 -0.0370959 -0.0372852 -0.0374188 -0.0374982 -0.0375246 -0.0374982 -0.0374188 -0.0372852 -0.0370959 -0.0368485 -0.03654 -0.0361669 -0.0357248 -0.0352089 -0.0346138 -0.0339333 -0.0331611 -0.03229 -0.0313127 -0.0302217 -0.0290088 -0.0276663 -0.0261862 -0.0245608 -0.022783 -0.0208461 -0.0187446 -0.0164737 -0.0140305 -0.0114136 -0.00862358 -0.00566351 -0.00253901 0.000741348 0.00416581 0.00771922 0.0113828 0.015134 0.0189467 0.0227906 0.0266321 0.0304338 0.0341554 0.0377536 0.0411835 0.0443985 0.0473526 0.0500004 0.0522996 0.0542121 0.0557056 0.0567552 0.0573442 0.0574653 0.0571203 0.05632 0.0550837 0.0534377 0.0514149 0.0490543 0.0464004 0.0435033 0.0404187 0.0372068 0.0339309 0.0306542 0.0274363 0.0243293 0.0213749 0.0186035 0.016035 0.0136811 0.0115488 0.00964202 0.00796189 0.00650537 0.00526318 0.00421874 0.0033493 0.00262911 0.00203345 0.00154188 0.00113948 0.000815825 0.000562782 0.000372348 0.000235438 0.000141904 8.1382e-05 4.43605e-05 2.29685e-05 1.12937e-05 5.27383e-06 2.33935e-06 9.86052e-07 3.95121e-07 1.5059e-07 5.46162e-08 1.88595e-08 6.20364e-09 1.94469e-09 5.80594e-10 1.62646e-10 3.33148e-11 
0 1.5024e-10 5.68514e-10 1.9274e-09 6.20368e-09 1.90213e-08 5.55425e-08 1.54372e-07 4.08153e-07 1.02597e-06 2.45057e-06 5.55896e-06 1.19708e-05 2.44639e-05 4.74403e-05 8.73092e-05 0.000152585 0.000253507 0.000401149 0.000606281 0.000878595 0.001227 0.00166135 0.00219521 0.00284821 0.00364662 0.00462099 0.00580154 0.00721322 0.00887259 0.0107878 0.0129608 0.0153908 0.0180754 0.02101 0.0241843 0.0275785 0.0311606 0.0348857 0.0386974 0.0425312 0.0463184 0.0499891 0.0534751 0.0567111 0.059636 0.0621942 0.0643358 0.0660186 0.0672092 0.0678838 0.0680294 0.0676433 0.0667337 0.0653178 0.0634215 0.0610777 0.058325 0.0552063 0.0517678 0.0480575 0.0441242 0.0400167 0.0357829 0.0314685 0.027117 0.0227685 0.0184597 0.0142232 0.0100874 0.0060765 0.00221061 -0.00149427 -0.0050259 -0.00837553 -0.0115376 -0.0145092 -0.0172901 -0.0198819 -0.0222881 -0.0245135 -0.0265641 -0.0284468 -0.0301689 -0.0317384 -0.0331633 -0.0344517 -0.0356117 -0.036651 -0.0375773 -0.0383976 -0.0391187 -0.0397467 -0.0402872 -0.0407454 -0.0411254 -0.0414313 -0.0416659 -0.0418317 -0.0419306 -0.0419634 -0.0419306 -0.0418317 -0.0416659 -0.0414313 -0.0411254 -0.0407454 -0.0402872 -0.0397467 -0.0391187 -0.0383976 -0.0375773 -0.036651 -0.0356117 -0.0344517 -0.0331633 -0.0317384 -0.0301689 -0.0284468 -0.0265641 -0.0245135 -0.0222881 -0.0198819 -0.0172901 -0.0145092 -0.0115376 -0.00837553 -0.0050259 -0.00149427 0.00221061 0.0060765 0.0100874 0.0142232 0.0184597 0.0227685 0.027117 0.0314685 0.0357829 0.0400167 0.0441242 0.0480575 0.0517678 0.0552063 0.058325 0.0610777 0.0634215 0.0653178 0.0667337 0.0676433 0.0680294 0.0678838 0.0672092 0.0660186 0.0643358 0.0621942 0.059636 0.0567111 0.0534751 0.0499891 0.0463184 0.0425312 0.0386974 0.0348857 0.0311606 0.0275785 0.0241843 0.02101 0.0180754 0.0153908 0.0129608 0.0107878 0.00887259 0.00721322 0.00580154 0.00462099 0.00364662 0.00284821 0.00219521 0.00166135 0.001227 0.000878595 0.000606281 0.000401149 0.000253507 0.000152585 8.73092e-05 4.74403e-05 2.44639e-05 1.19708e-05 5.55896e-06 2.45057e-06 1.02597e-06 4.08153e-07 1.54372e-07 5.55424e-08 1.90211e-08 6.20308e-09 1.92511e-09 5.6018e-10 1.21602e-10 
0 5.10258e-10 1.86779e-09 6.09526e-09 1.88595e-08 5.55425e-08 1.55652e-07 4.14814e-07 1.05063e-06 2.52737e-06 5.77106e-06 1.25021e-05 2.56846e-05 5.00306e-05 9.24072e-05 0.00016192 0.00026946 0.000426693 0.000644819 0.000933844 0.00130317 0.00176385 0.00233189 0.00303083 0.00389175 0.00494991 0.00623897 0.00778555 0.00960663 0.0117106 0.0141009 0.0167787 0.0197436 0.0229912 0.0265086 0.030271 0.0342399 0.0383647 0.0425853 0.046836 0.0510483 0.0551524 0.0590785 0.0627569 0.0661198 0.0691022 0.0716454 0.0736987 0.0752227 0.0761901 0.0765865 0.07641 0.07567 0.0743858 0.0725847 0.0703004 0.0675719 0.0644419 0.0609562 0.0571627 0.0531104 0.0488488 0.0444267 0.0398917 0.0352893 0.0306622 0.0260496 0.021487 0.0170057 0.0126331 0.00839194 0.00430127 0.000376137 -0.00337197 -0.00693482 -0.0103071 -0.0134861 -0.0164713 -0.0192641 -0.0218675 -0.0242858 -0.0265245 -0.0285897 -0.0304882 -0.0322272 -0.0338142 -0.0352566 -0.0365621 -0.0377379 -0.038791 -0.0397284 -0.0405563 -0.0412805 -0.0419065 -0.0424391 -0.0428824 -0.0432402 -0.0435153 -0.0437102 -0.0438264 -0.0438651 -0.0438264 -0.0437102 -0.0435153 -0.0432402 -0.0428824 -0.0424391 -0.0419065 -0.0412805 -0.0405563 -0.0397284 -0.038791 -0.0377379 -0.0365621 -0.0352566 -0.0338142 -0.0322272 -0.0304882 -0.0285897 -0.0265245 -0.0242858 -0.0218675 -0.0192641 -0.0164713 -0.0134861 -0.0103071 -0.00693482 -0.00337197 0.000376137 0.00430127 0.00839194 0.0126331 0.0170057 0.021487 0.0260496 0.0306622 0.0352893 0.0398917 0.0444267 0.0488488 0.0531104 0.0571627 0.0609562 0.0644419 0.0675719 0.0703004 0.0725847 0.0743858 0.07567 0.07641 0.0765865 0.0761901 0.0752227 0.0736987 0.0716454 0.0691022 0.0661198 0.0627569 0.0590785 0.0551524 0.0510483 0.046836 0.0425853 0.0383647 0.0342399 0.030271 0.0265086 0.0229912 0.0197436 0.0167787 0.0141009 0.0117106 0.00960663 0.00778555 0.00623897 0.00494991 0.00389175 0.00303083 0.00233189 0.00176385 0.00130317 0.000933844 0.000644819 0.000426693 0.00026946 0.00016192 9.24072e-05 5.00306e-05 2.56846e-05 1.25021e-05 5.77106e-06 2.52737e-06 1.05063e-06 4.14814e-07 1.55651e-07 5.55419e-08 1.88575e-08 6.0876e-09 1.84129e-09 4.24075e-10 
0 1.65309e-09 5.85276e-09 1.8375e-08 5.46162e-08 1.54372e-07 4.14814e-07 1.05897e-06 2.56664e-06 5.90204e-06 1.28686e-05 2.65914e-05 5.20587e-05 9.65567e-05 0.000169743 0.000283123 0.000448916 0.000678709 0.000982756 0.00137085 0.00185511 0.00245374 0.00319374 0.00411024 0.005242 0.0066246 0.00828495 0.0102398 0.0124982 0.0150662 0.017949 0.0211492 0.0246626 0.0284723 0.0325463 0.0368375 0.0412875 0.0458315 0.0504015 0.0549285 0.0593429 0.063574 0.0675504 0.0712011 0.0744584 0.077261 0.0795569 0.0813061 0.0824817 0.0830696 0.0830683 0.0824871 0.0813451 0.0796691 0.0774927 0.0748549 0.0717991 0.0683719 0.0646221 0.0605995 0.0563538 0.051934 0.0473869 0.0427569 0.0380853 0.0334099 0.0287645 0.0241797 0.0196818 0.0152937 0.0110349 0.00692129 0.00296594 -0.000821041 -0.00443214 -0.00786222 -0.0111083 -0.0141692 -0.0170455 -0.0197392 -0.0222534 -0.0245923 -0.0267608 -0.0287646 -0.0306095 -0.032302 -0.0338483 -0.035255 -0.0365284 -0.0376747 -0.0386998 -0.0396093 -0.0404085 -0.0411019 -0.041694 -0.0421885 -0.0425887 -0.0428971 -0.0431159 -0.0432465 -0.04329 -0.0432465 -0.0431159 -0.0428971 -0.0425887 -0.0421885 -0.041694 -0.0411019 -0.0404085 -0.0396093 -0.0386998 -0.0376747 -0.0365284 -0.035255 -0.0338483 -0.032302 -0.0306095 -0.0287646 -0.0267608 -0.0245923 -0.0222534 -0.0197392 -0.0170455 -0.0141692 -0.0111083 -0.00786222 -0.00443214 -0.000821041 0.00296594 0.00692129 0.0110349 0.0152937 0.0196818 0.0241797 0.0287645 0.0334099 0.0380853 0.0427569 0.0473869 0.051934 0.0563538 0.0605995 0.0646221 0.0683719 0.0717991 0.0748549 0.0774927 0.0796691 0.0813451 0.0824871 0.0830683 0.0830696 0.0824817 0.0813061 0.0795569 0.077261 0.0744584 0.0712011 0.0675504 0.063574 0.0593429 0.0549285 0.0504015 0.0458315 0.0412875 0.0368375 0.0325463 0.0284723 0.0246626 0.0211492 0.017949 0.0150662 0.0124982 0.0102398 0.00828495 0.0066246 0.005242 0.00411024 0.00319374 0.00245374 0.00185511 0.00137085 0.000982756 0.000678709 0.000448916 0.000283123 0.000169743 9.65567e-05 5.20587e-05 2.65914e-05 1.28686e-05 5.90204e-06 2.56664e-06 1.05897e-06 4.14814e-07 1.5437e-07 5.46093e-08 1.83509e-08 5.774e-09 1.4126e-09 
0 5.10657e-09 1.74845e-08 5.27806e-08 1.5059e-07 4.08153e-07 1.05063e-06 2.56664e-06 5.94634e-06 1.30558e-05 2.715e-05 5.34535e-05 9.96254e-05 0.000175831 0.000294161 0.000467372 0.000707442 0.00102488 0.00142989 0.00193563 0.00256249 0.00334072 0.00430912 0.00550915 0.00697723 0.00873945 0.0108115 0.0132033 0.0159236 0.0189817 0.022383 0.0261222 0.030178 0.0345108 0.0390661 0.0437797 0.0485825 0.0534038 0.0581718 0.0628131 0.0672525 0.0714145 0.075226 0.07862 0.0815384 0.083935 0.0857762 0.0870407 0.0877189 0.0878115 0.0873286 0.0862887 0.0847179 0.0826493 0.0801221 0.0771801 0.073871 0.0702442 0.0663501 0.0622378 0.0579549 0.0535459 0.0490524 0.0445119 0.0399586 0.0354228 0.0309316 0.0265086 0.0221746 0.0179474 0.0138422 0.00987182 0.00604667 0.00237509 -0.00113659 -0.00448386 -0.00766386 -0.0106752 -0.0135178 -0.0161929 -0.0187023 -0.0210491 -0.0232368 -0.0252695 -0.0271516 -0.0288879 -0.0304831 -0.0319424 -0.0332706 -0.0344725 -0.0355527 -0.0365157 -0.0373656 -0.0381061 -0.0387407 -0.0392724 -0.0397038 -0.0400371 -0.0402739 -0.0404155 -0.0404626 -0.0404155 -0.0402739 -0.0400371 -0.0397038 -0.0392724 -0.0387407 -0.0381061 -0.0373656 -0.0365157 -0.0355527 -0.0344725 -0.0332706 -0.0319424 -0.0304831 -0.0288879 -0.0271516 -0.0252695 -0.0232368 -0.0210491 -0.0187023 -0.0161929 -0.0135178 -0.0106752 -0.00766386 -0.00448386 -0.00113659 0.00237509 0.00604667 0.00987182 0.0138422 0.0179474 0.0221746 0.0265086 0.0309316 0.0354228 0.0399586 0.0445119 0.0490524 0.0535459 0.0579549 0.0622378 0.0663501 0.0702442 0.073871 0.0771801 0.0801221 0.0826493 0.0847179 0.0862887 0.0873286 0.0878115 0.0877189 0.0870407 0.0857762 0.083935 0.0815384 0.07862 0.075226 0.0714145 0.0672525 0.0628131 0.0581718 0.0534038 0.0485825 0.0437797 0.0390661 0.0345108 0.030178 0.0261222 0.022383 0.0189817 0.0159236 0.0132033 0.0108115 0.00873945 0.00697723 0.00550915 0.00430912 0.00334072 0.00256249 0.00193563 0.00142989 0.00102488 0.000707442 0.000467372 0.000294161 0.000175831 9.96254e-05 5.34535e-05 2.715e-05 1.30558e-05 5.94634e-06 2.56664e-06 1.05063e-06 4.08147e-07 1.50568e-07 5.271e-08 1.72677e-08 4.493e-09 
0 1.50346e-08 4.97751e-08 1.44389e-07 3.95121e-07 1.02597e-06 2.52737e-06 5.90204e-06 1.30558e-05 2.73388e-05 5.41641e-05 0.00010151 0.000179999 0.000302272 0.000481624 0.000730441 0.00105953 0.0014795 0.0020046 0.00265732 0.00347112 0.00448817 0.00575218 0.00729984 0.00915589 0.0113349 0.0138475 0.0167056 0.0199217 0.0235024 0.0274394 0.0317049 0.0362524 0.0410216 0.0459449 0.0509517 0.0559687 0.0609196 0.0657244 0.0703007 0.0745671 0.0784483 0.0818787 0.0848061 0.0871919 0.089011 0.0902502 0.0909065 0.0909859 0.0905026 0.0894788 0.0879438 0.0859336 0.0834897 0.0806575 0.0774851 0.0740212 0.0703138 0.066409 0.0623505 0.0581782 0.0539289 0.0496357 0.0453286 0.0410338 0.036775 0.0325726 0.0284447 0.0244066 0.0204715 0.0166505 0.0129527 0.00938531 0.0059542 0.00266367 -0.000483201 -0.00348442 -0.00633898 -0.00904667 -0.011608 -0.0140242 -0.0162967 -0.0184278 -0.0204198 -0.0222754 -0.0239976 -0.0255893 -0.0270537 -0.0283941 -0.0296135 -0.030715 -0.0317015 -0.032576 -0.033341 -0.0339989 -0.0345518 -0.0350016 -0.0353498 -0.0355976 -0.035746 -0.0357954 -0.035746 -0.0355976 -0.0353498 -0.0350016 -0.0345518 -0.0339989 -0.033341 -0.032576 -0.0317015 -0.030715 -0.0296135 -0.0283941 -0.0270537 -0.0255893 -0.0239976 -0.0222754 -0.0204198 -0.0184278 -0.0162967 -0.0140242 -0.011608 -0.00904667 -0.00633898 -0.00348442 -0.000483201 0.00266367 0.0059542 0.00938531 0.0129527 0.0166505 0.0204715 0.0244066 0.0284447 0.0325726 0.036775 0.0410338 0.0453286 0.0496357 0.0539289 0.0581782 0.0623505 0.066409 0.0703138 0.0740212 0.0774851 0.0806575 0.0834897 0.0859336 0.0879438 0.0894788 0.0905026 0.0909859 0.0909065 0.0902502 0.089011 0.0871919 0.0848061 0.0818787 0.0784483 0.0745671 0.0703007 0.0657244 0.0609196 0.0559687 0.0509517 0.0459449 0.0410216 0.0362524 0.0317049 0.0274394 0.0235024 0.0199217 0.0167056 0.0138475 0.0113349 0.00915589 0.00729984 0.00575218 0.00448817 0.00347112 0.00265732 0.0020046 0.0014795 0.00105953 0.000730441 0.000481624 0.000302272 0.000179999 0.00010151 5.41641e-05 2.73388e-05 1.30558e-05 5.90204e-06 2.52737e-06 1.02596e-06 3.95058e-07 1.44197e-07 4.92312e-08 1.36416e-08 
0 4.21687e-08 1.34972e-07 3.76009e-07 9.86052e-07 2.45057e-06 5.77106e-06 1.28686e-05 2.715e-05 5.41641e-05 0.000102145 0.000182116 0.000307232 0.000491324 0.000747223 0.00108607 0.00151893 0.00206105 0.00273699 0.00358323 0.00464512 0.00596839 0.00758969 0.00953236 0.01181 0.0144347 0.0174214 0.0207854 0.0245321 0.0286483 0.0330985 0.0378289 0.0427752 0.0478684 0.0530365 0.0582034 0.0632867 0.0681989 0.0728503 0.0771553 0.0810379 0.0844358 0.0873023 0.0896053 0.0913259 0.0924567 0.093001 0.0929714 0.0923897 0.0912863 0.089699 0.0876713 0.0852504 0.0824853 0.0794247 0.0761158 0.0726031 0.068928 0.0651282 0.0612383 0.0572896 0.05331 0.0493247 0.0453559 0.041423 0.0375429 0.0337298 0.0299959 0.0263509 0.022803 0.0193586 0.0160228 0.0127996 0.00969211 0.00670262 0.0038329 0.00108419 -0.00154265 -0.00404714 -0.00642909 -0.00868859 -0.010826 -0.0128419 -0.0147372 -0.0165128 -0.0181699 -0.0197099 -0.0211342 -0.0224444 -0.023642 -0.0247287 -0.0257062 -0.0265759 -0.0273394 -0.027998 -0.028553 -0.0290055 -0.0293565 -0.0296066 -0.0297565 -0.0298064 -0.0297565 -0.0296066 -0.0293565 -0.0290055 -0.028553 -0.027998 -0.0273394 -0.0265759 -0.0257062 -0.0247287 -0.023642 -0.0224444 -0.0211342 -0.0197099 -0.0181699 -0.0165128 -0.0147372 -0.0128419 -0.010826 -0.00868859 -0.00642909 -0.00404714 -0.00154265 0.00108419 0.0038329 0.00670262 0.00969211 0.0127996 0.0160228 0.0193586 0.022803 0.0263509 0.0299959 0.0337298 0.0375429 0.041423 0.0453559 0.0493247 0.05331 0.0572896 0.0612383 0.0651282 0.068928 0.0726031 0.0761158 0.0794247 0.0824853 0.0852504 0.0876713 0.089699 0.0912863 0.0923897 0.0929714 0.093001 0.0924567 0.0913259 0.0896053 0.0873023 0.0844358 0.0810379 0.0771553 0.0728503 0.0681989 0.0632867 0.0582034 0.0530365 0.0478684 0.0427752 0.0378289 0.0330985 0.0286483 0.0245321 0.0207854 0.0174214 0.0144347 0.01181 0.00953236 0.00758969 0.00596839 0.00464512 0.00358323 0.00273699 0.00206105 0.00151893 0.00108607 0.000747223 0.000491324 0.000307232 0.000182116 0.000102145 5.41641e-05 2.715e-05 1.28686e-05 5.77105e-06 2.45052e-06 9.85886e-07 3.75535e-07 1.33764e-07 3.9525e-08 
0 1.1262e-07 3.48462e-07 9.31686e-07 2.33935e-06 5.55896e-06 1.25021e-05 2.65914e-05 5.34535e-05 0.00010151 0.000182116 0.000308901 0.000496234 0.000757435 0.00110403 0.00154754 0.00210415 0.00280029 0.00367529 0.00477748 0.00615444 0.00784278 0.00986454 0.0122329 0.0149618 0.0180696 0.0215734 0.0254764 0.0297582 0.0343751 0.0392671 0.0443672 0.0496052 0.0549068 0.0601904 0.0653661 0.0703382 0.0750118 0.0793003 0.0831306 0.086445 0.0892019 0.0913733 0.0929439 0.0939103 0.0942808 0.0940757 0.0933263 0.0920734 0.0903654 0.0882545 0.0857949 0.0830394 0.0800384 0.0768382 0.0734812 0.0700055 0.0664451 0.0628303 0.0591878 0.0555408 0.0519092 0.0483098 0.0447567 0.0412611 0.037832 0.0344761 0.031199 0.0280046 0.0248959 0.0218755 0.0189452 0.0161068 0.0133616 0.010711 0.00815629 0.00569863 0.00333914 0.00107883 -0.00108139 -0.00314073 -0.00509854 -0.00695429 -0.00870764 -0.0103584 -0.0119064 -0.0133518 -0.0146947 -0.0159354 -0.0170743 -0.0181117 -0.0190483 -0.0198845 -0.0206208 -0.0212577 -0.0217957 -0.0222352 -0.0225767 -0.0228203 -0.0229664 -0.0230151 -0.0229664 -0.0228203 -0.0225767 -0.0222352 -0.0217957 -0.0212577 -0.0206208 -0.0198845 -0.0190483 -0.0181117 -0.0170743 -0.0159354 -0.0146947 -0.0133518 -0.0119064 -0.0103584 -0.00870764 -0.00695429 -0.00509854 -0.00314073 -0.00108139 0.00107883 0.00333914 0.00569863 0.00815629 0.010711 0.0133616 0.0161068 0.0189452 0.0218755 0.0248959 0.0280046 0.031199 0.0344761 0.037832 0.0412611 0.0447567 0.0483098 0.0519092 0.0555408 0.0591878 0.0628303 0.0664451 0.0700055 0.0734812 0.0768382 0.0800384 0.0830394 0.0857949 0.0882545 0.0903654 0.0920734 0.0933263 0.0940757 0.0942808 0.0939103 0.0929439 0.0913733 0.0892019 0.086445 0.0831306 0.0793003 0.0750118 0.0703382 0.0653661 0.0601904 0.0549068 0.0496052 0.0443672 0.0392671 0.0343751 0.0297582 0.0254764 0.0215734 0.0180696 0.0149618 0.0122329 0.00986454 0.00784278 0.00615444 0.00477748 0.00367529 0.00280029 0.00210415 0.00154754 0.00110403 0.000757435 0.000496234 0.000308901 0.000182116 0.00010151 5.34535e-05 2.65913e-05 1.2502e-05 5.55882e-06 2.33895e-06 9.30658e-07 3.46252e-07 1.09251e-07 
0 2.86264e-07 8.56152e-07 2.19564e-06 5.27383e-06 1.19708e-05 2.56846e-05 5.20587e-05 9.96254e-05 0.000179999 0.000307232 0.000496234 0.000760863 0.00111309 0.00156489 0.00213325 0.00284625 0.00374577 0.00488296 0.00630724 0.00805527 0.0101481 0.012599 0.015424 0.0186452 0.0222809 0.0263304 0.0307657 0.035535 0.0405738 0.0458134 0.0511819 0.0566005 0.0619794 0.0672189 0.0722162 0.0768737 0.0811067 0.0848465 0.0880407 0.090651 0.0926522 0.0940317 0.0947906 0.0949441 0.0945218 0.0935654 0.0921259 0.0902603 0.0880277 0.0854867 0.082693 0.0796985 0.0765506 0.0732923 0.0699614 0.0665914 0.0632106 0.0598427 0.0565068 0.0532176 0.0499856 0.0468185 0.0437207 0.040695 0.0377425 0.0348635 0.0320577 0.0293247 0.0266643 0.0240763 0.0215606 0.0191176 0.0167478 0.0144521 0.0122312 0.0100862 0.00801827 0.0060286 0.00411844 0.00228902 0.000541584 -0.00112265 -0.00270253 -0.00419694 -0.00560488 -0.00692539 -0.00815764 -0.00930087 -0.0103544 -0.0113178 -0.0121904 -0.0129719 -0.0136621 -0.0142606 -0.0147672 -0.0151819 -0.0155046 -0.0157351 -0.0158734 -0.0159195 -0.0158734 -0.0157351 -0.0155046 -0.0151819 -0.0147672 -0.0142606 -0.0136621 -0.0129719 -0.0121904 -0.0113178 -0.0103544 -0.00930087 -0.00815764 -0.00692539 -0.00560488 -0.00419694 -0.00270253 -0.00112265 0.000541584 0.00228902 0.00411844 0.0060286 0.00801827 0.0100862 0.0122312 0.0144521 0.0167478 0.0191176 0.0215606 0.0240763 0.0266643 0.0293247 0.0320577 0.0348635 0.0377425 0.040695 0.0437207 0.0468185 0.0499856 0.0532176 0.0565068 0.0598427 0.0632106 0.0665914 0.0699614 0.0732923 0.0765506 0.0796985 0.082693 0.0854867 0.0880277 0.0902603 0.0921259 0.0935654 0.0945218 0.0949441 0.0947906 0.0940317 0.0926522 0.090651 0.0880407 0.0848465 0.0811067 0.0768737 0.0722162 0.0672189 0.0619794 0.0566005 0.0511819 0.0458134 0.0405738 0.035535 0.0307657 0.0263304 0.0222809 0.0186452 0.015424 0.012599 0.0101481 0.00805527 0.00630724 0.00488296 0.00374577 0.00284625 0.00213325 0.00156489 0.00111309 0.000760863 0.000496234 0.000307232 0.000179999 9.96254e-05 5.20586e-05 2.56844e-05 1.19705e-05 5.27297e-06 2.19384e-06 8.53636e-07 2.88004e-07 
0 6.92208e-07 2.00102e-06 4.91937e-06 1.12937e-05 2.44639e-05 5.00306e-05 9.65567e-05 0.000175831 0.000302272 0.000491324 0.000757435 0.00111309 0.0015707 0.00214791 0.00287412 0.00379345 0.0049597 0.00642419 0.00822395 0.0103794 0.0129041 0.0158168 0.0191429 0.0229014 0.027087 0.0316637 0.036573 0.0417472 0.0471168 0.0526073 0.0581326 0.0635921 0.0688765 0.0738771 0.0784963 0.0826527 0.0862816 0.0893333 0.0917711 0.0935718 0.094727 0.0952452 0.0951518 0.0944872 0.0933035 0.09166 0.0896195 0.0872446 0.0845962 0.0817322 0.0787066 0.0755691 0.0723647 0.0691328 0.0659069 0.0627144 0.059576 0.0565068 0.0535165 0.0506103 0.04779 0.045055 0.0424029 0.0398305 0.0373341 0.0349098 0.0325541 0.0302638 0.0280361 0.0258687 0.0237599 0.0217083 0.0197131 0.017774 0.015891 0.0140646 0.0122958 0.0105856 0.00893536 0.00734681 0.00582165 0.00436173 0.00296893 0.00164513 0.000392195 -0.000788102 -0.00189407 -0.00292413 -0.00387682 -0.00475083 -0.00554496 -0.00625815 -0.00688949 -0.00743818 -0.00790354 -0.00828503 -0.00858219 -0.00879468 -0.00892227 -0.00896482 -0.00892227 -0.00879468 -0.00858219 -0.00828503 -0.00790354 -0.00743818 -0.00688949 -0.00625815 -0.00554496 -0.00475083 -0.00387682 -0.00292413 -0.00189407 -0.000788102 0.000392195 0.00164513 0.00296893 0.00436173 0.00582165 0.00734681 0.00893536 0.0105856 0.0122958 0.0140646 0.015891 0.017774 0.0197131 0.0217083 0.0237599 0.0258687 0.0280361 0.0302638 0.0325541 0.0349098 0.0373341 0.0398305 0.0424029 0.045055 0.04779 0.0506103 0.0535165 0.0565068 0.059576 0.0627144 0.0659069 0.0691328 0.0723647 0.0755691 0.0787066 0.0817322 0.0845962 0.0872446 0.0896195 0.09166 0.0933035 0.0944872 0.0951518 0.0952452 0.094727 0.0935718 0.0917711 0.0893333 0.0862816 0.0826527 0.0784963 0.0738771 0.0688765 0.0635921 0.0581326 0.0526073 0.0471168 0.0417472 0.036573 0.0316637 0.027087 0.0229014 0.0191429 0.0158168 0.0129041 0.0103794 0.00822395 0.00642419 0.0049597 0.00379345 0.00287412 0.00214791 0.0015707 0.00111309 0.000757435 0.000491324 0.000302272 0.000175831 9.65566e-05 5.00303e-05 2.44632e-05 1.12923e-05 4.91759e-06 2.00393e-06 7.23908e-07 
0 1.5916e-06 4.44732e-06 1.04757e-05 2.29685e-05 4.74403e-05 9.24072e-05 0.000169743 0.000294161 0.000481624 0.000747223 0.00110403 0.00156489 0.00214791 0.00288347 0.00381751 0.00500631 0.00650329 0.00834625 0.0105555 0.013145 0.0161362 0.0195576 0.0234286 0.0277391 0.0324453 0.037483 0.0427831 0.0482758 0.0538822 0.0595061 0.0650355 0.0703521 0.0753445 0.0799165 0.0839897 0.0875008 0.0903997 0.0926498 0.0942308 0.0951414 0.0954004 0.0950452 0.0941272 0.0927071 0.0908501 0.0886223 0.0860895 0.0833152 0.0803602 0.077282 0.0741328 0.0709593 0.067801 0.0646897 0.0616499 0.0586986 0.0558467 0.0531001 0.0504602 0.047926 0.0454939 0.043159 0.0409155 0.0387572 0.0366775 0.0346699 0.0327281 0.0308463 0.0290193 0.0272425 0.0255122 0.0238255 0.0221803 0.0205753 0.0190102 0.017485 0.0160007 0.0145583 0.0131597 0.0118068 0.0105017 0.00924666 0.00804416 0.00689651 0.00580603 0.00477499 0.00380554 0.00289972 0.00205943 0.00128641 0.000582265 -5.1562e-05 -0.00061379 -0.0011033 -0.00151911 -0.00186042 -0.00212656 -0.00231702 -0.00243145 -0.00246961 -0.00243145 -0.00231702 -0.00212656 -0.00186042 -0.00151911 -0.0011033 -0.00061379 -5.1562e-05 0.000582265 0.00128641 0.00205943 0.00289972 0.00380554 0.00477499 0.00580603 0.00689651 0.00804416 0.00924666 0.0105017 0.0118068 0.0131597 0.0145583 0.0160007 0.017485 0.0190102 0.0205753 0.0221803 0.0238255 0.0255122 0.0272425 0.0290193 0.0308463 0.0327281 0.0346699 0.0366775 0.0387572 0.0409155 0.043159 0.0454939 0.047926 0.0504602 0.0531001 0.0558467 0.0586986 0.0616499 0.0646897 0.067801 0.0709593 0.0741328 0.077282 0.0803602 0.0833152 0.0860895 0.0886223 0.0908501 0.0927071 0.0941272 0.0950452 0.0954004 0.0951414 0.0942308 0.0926498 0.0903997 0.0875008 0.0839897 0.0799165 0.0753445 0.0703521 0.0650355 0.0595061 0.0538822 0.0482758 0.0427831 0.037483 0.0324453 0.0277391 0.0234286 0.0195576 0.0161362 0.013145 0.0105555 0.00834625 0.00650329 0.00500631 0.00381751 0.00288347 0.00214791 0.00156489 0.00110403 0.000747223 0.000481624 0.000294161 0.000169743 9.24066e-05 4.74392e-05 2.29674e-05 1.04795e-05 4.4788e-06 1.73454e-06 
0 3.47844e-06 9.39636e-06 2.11988e-05 4.43605e-05 8.73092e-05 0.00016192 0.000283123 0.000467372 0.000730441 0.00108607 0.00154754 0.00213325 0.00287412 0.00381751 0.00502194 0.00654318 0.00842036 0.010674 0.0133189 0.0163787 0.019885 0.0238572 0.0282806 0.0331044 0.03826 0.043678 0.0492879 0.0550045 0.0607199 0.0663106 0.071652 0.0766323 0.0811573 0.0851493 0.0885431 0.0912862 0.0933425 0.0946969 0.0953579 0.0953562 0.0947402 0.0935698 0.0919116 0.0898349 0.0874098 0.0847065 0.0817934 0.0787363 0.0755961 0.0724266 0.0692738 0.0661746 0.063157 0.0602411 0.0574402 0.0547618 0.0522094 0.0497829 0.0474795 0.0452945 0.0432214 0.0412526 0.0393795 0.037593 0.0358839 0.0342434 0.032663 0.0311351 0.0296534 0.0282121 0.0268071 0.025435 0.0240935 0.0227813 0.0214979 0.0202433 0.0190183 0.017824 0.016662 0.0155341 0.0144424 0.013389 0.0123761 0.0114063 0.0104817 0.00960464 0.00877744 0.00800223 0.00728106 0.00661587 0.00600846 0.00546046 0.00497338 0.00454854 0.00418709 0.00389002 0.00365812 0.00349203 0.0033922 0.00335889 0.0033922 0.00349203 0.00365812 0.00389002 0.00418709 0.00454854 0.00497338 0.00546046 0.00600846 0.00661587 0.00728106 0.00800223 0.00877744 0.00960464 0.0104817 0.0114063 0.0123761 0.013389 0.0144424 0.0155341 0.016662 0.017824 0.0190183 0.0202433 0.0214979 0.0227813 0.0240935 0.025435 0.0268071 0.0282121 0.0296534 0.0311351 0.032663 0.0342434 0.0358839 0.037593 0.0393795 0.0412526 0.0432214 0.0452945 0.0474795 0.0497829 0.0522094 0.0547618 0.0574402 0.0602411 0.063157 0.0661746 0.0692738 0.0724266 0.0755961 0.0787363 0.0817934 0.0847065 0.0874098 0.0898349 0.0919116 0.0935698 0.0947402 0.0953562 0.0953579 0.0946969 0.0933425 0.0912862 0.0885431 0.0851493 0.0811573 0.0766323 0.071652 0.0663106 0.0607199 0.0550045 0.0492879 0.043678 0.03826 0.0331044 0.0282806 0.0238572 0.019885 0.0163787 0.0133189 0.010674 0.00842036 0.00654318 0.00502194 0.00381751 0.00287412 0.00213325 0.00154754 0.00108607 0.000730441 0.000467372 0.000283123 0.000161919 8.73085e-05 4.43647e-05 2.12292e-05 9.53032e-06 3.96128e-06 
0 7.22333e-06 1.88692e-05 4.07654e-05 8.1382e-05 0.000152585 0.00026946 0.000448916 0.000707442 0.00105953 0.00151893 0.00210415 0.00284625 0.00379345 0.00500631 0.00654318 0.00844518 0.0107337 0.013424 0.0165418 0.0201215 0.0241827 0.0287067 0.0336365 0.0389002 0.0444287 0.0501502 0.0559715 0.061772 0.0674177 0.072781 0.0777511 0.0822347 0.0861513 0.0894315 0.09202 0.0938837 0.0950158 0.0954358 0.0951851 0.09432 0.0929057 0.0910127 0.0887151 0.086089 0.0832114 0.0801574 0.0769972 0.0737937 0.0705999 0.0674588 0.0644032 0.0614575 0.0586381 0.055956 0.0534171 0.0510233 0.048773 0.046662 0.0446833 0.042828 0.041086 0.0394462 0.0378974 0.0364288 0.0350301 0.0336918 0.0324058 0.031165 0.0299634 0.0287961 0.0276592 0.0265497 0.0254653 0.0244044 0.0233661 0.0223501 0.0213566 0.020386 0.0194395 0.0185182 0.0176239 0.0167582 0.0159232 0.015121 0.0143537 0.0136236 0.0129328 0.0122835 0.0116779 0.0111178 0.0106052 0.0101417 0.00972893 0.00936831 0.00906106 0.00880823 0.00861067 0.00846908 0.00838392 0.00835551 0.00838392 0.00846908 0.00861067 0.00880823 0.00906106 0.00936831 0.00972893 0.0101417 0.0106052 0.0111178 0.0116779 0.0122835 0.0129328 0.0136236 0.0143537 0.015121 0.0159232 0.0167582 0.0176239 0.0185182 0.0194395 0.020386 0.0213566 0.0223501 0.0233661 0.0244044 0.0254653 0.0265497 0.0276592 0.0287961 0.0299634 0.031165 0.0324058 0.0336918 0.0350301 0.0364288 0.0378974 0.0394462 0.041086 0.042828 0.0446833 0.046662 0.048773 0.0510233 0.0534171 0.055956 0.0586381 0.0614575 0.0644032 0.0674588 0.0705999 0.0737937 0.0769972 0.0801574 0.0832114 0.086089 0.0887151 0.0910127 0.0929057 0.09432 0.0951851 0.0954358 0.0950158 0.0938837 0.09202 0.0894315 0.0861513 0.0822347 0.0777511 0.072781 0.0674177 0.061772 0.0559715 0.0501502 0.0444287 0.0389002 0.0336365 0.0287067 0.0241827 0.0201215 0.0165418 0.013424 0.0107337 0.00844518 0.00654318 0.00500631 0.00379345 0.00284625 0.00210415 0.00151893 0.00105953 0.000707442 0.000448915 0.00026946 0.000152589 8.14104e-05 4.08883e-05 1.93103e-05 8.62203e-06 
0 1.42493e-05 3.60131e-05 7.45128e-05 0.000141904 0.000253507 0.000426693 0.000678709 0.00102488 0.0014795 0.00206105 0.00280029 0.00374577 0.0049597 0.00650329 0.00842036 0.0107337 0.0134592 0.0166238 0.0202644 0.0244016 0.0290136 0.0340383 0.0394008 0.0450326 0.05086 0.0567807 0.0626609 0.0683584 0.0737447 0.0787107 0.083161 0.0870093 0.0901807 0.0926197 0.0942988 0.0952217 0.095418 0.0949364 0.0938375 0.0921901 0.0900697 0.0875571 0.084737 0.0816938 0.078508 0.0752519 0.0719873 0.0687646 0.0656235 0.062594 0.0596985 0.0569524 0.0543656 0.0519425 0.0496832 0.0475832 0.0456351 0.0438286 0.0421518 0.040592 0.0391368 0.0377738 0.0364919 0.0352809 0.0341318 0.0330366 0.0319882 0.0309804 0.030008 0.0290663 0.0281514 0.0272601 0.0263898 0.0255385 0.0247049 0.0238883 0.0230885 0.0223057 0.0215405 0.0207941 0.0200677 0.019363 0.0186818 0.0180258 0.017397 0.0167975 0.0162292 0.0156941 0.0151941 0.014731 0.0143066 0.0139223 0.0135797 0.0132801 0.0130246 0.0128142 0.0126497 0.0125317 0.0124607 0.0124371 0.0124607 0.0125317 0.0126497 0.0128142 0.0130246 0.0132801 0.0135797 0.0139223 0.0143066 0.014731 0.0151941 0.0156941 0.0162292 0.0167975 0.017397 0.0180258 0.0186818 0.019363 0.0200677 0.0207941 0.0215405 0.0223057 0.0230885 0.0238883 0.0247049 0.0255385 0.0263898 0.0272601 0.0281514 0.0290663 0.030008 0.0309804 0.0319882 0.0330366 0.0341318 0.0352809 0.0364919 0.0377738 0.0391368 0.040592 0.0421518 0.0438286 0.0456351 0.0475832 0.0496832 0.0519425 0.0543656 0.0569524 0.0596985 0.062594 0.0656235 0.0687646 0.0719873 0.0752519 0.078508 0.0816938 0.084737 0.0875571 0.0900697 0.0921901 0.0938375 0.0949364 0.095418 0.0952217 0.0942988 0.0926197 0.0901807 0.0870093 0.083161 0.0787107 0.0737447 0.0683584 0.0626609 0.0567807 0.05086 0.0450326 0.0394008 0.0340383 0.0290136 0.0244016 0.0202644 0.0166238 0.0134592 0.0107337 0.00842036 0.00650329 0.0049597 0.00374577 0.00280029 0.00206105 0.0014795 0.00102488 0.000678709 0.000426697 0.000253533 0.000142014 7.49084e-05 3.72715e-05 1.78867e-05 
0 2.67e-05 6.53373e-05 0.000129533 0.000235438 0.000401149 0.000644819 0.000982756 0.00142989 0.0020046 0.00273699 0.00367529 0.00488296 0.00642419 0.00834625 0.010674 0.013424 0.0166238 0.0203123 0.0245116 0.0291987 0.0343073 0.0397597 0.0454875 0.0514149 0.05743 0.0633864 0.0691352 0.0745491 0.0795197 0.083946 0.0877336 0.090803 0.0931016 0.0946106 0.0953433 0.0953366 0.0946423 0.093324 0.0914553 0.0891189 0.0864054 0.083408 0.0802168 0.0769141 0.0735713 0.0702476 0.066991 0.0638398 0.0608237 0.057965 0.0552786 0.0527726 0.0504489 0.0483037 0.0463287 0.0445128 0.0428429 0.0413053 0.0398866 0.0385738 0.0373552 0.0362199 0.0351579 0.0341602 0.0332185 0.0323252 0.0314734 0.0306571 0.029871 0.0291105 0.0283718 0.0276519 0.0269487 0.0262604 0.0255861 0.0249253 0.0242779 0.0236443 0.0230251 0.0224211 0.0218335 0.0212635 0.0207124 0.0201818 0.0196732 0.0191881 0.0187281 0.0182948 0.0178897 0.0175142 0.0171699 0.0168579 0.0165796 0.016336 0.0161282 0.0159569 0.015823 0.0157269 0.0156691 0.0156498 0.0156691 0.0157269 0.015823 0.0159569 0.0161282 0.016336 0.0165796 0.0168579 0.0171699 0.0175142 0.0178897 0.0182948 0.0187281 0.0191881 0.0196732 0.0201818 0.0207124 0.0212635 0.0218335 0.0224211 0.0230251 0.0236443 0.0242779 0.0249253 0.0255861 0.0262604 0.0269487 0.0276519 0.0283718 0.0291105 0.029871 0.0306571 0.0314734 0.0323252 0.0332185 0.0341602 0.0351579 0.0362199 0.0373552 0.0385738 0.0398866 0.0413053 0.0428429 0.0445128 0.0463287 0.0483037 0.0504489 0.0527726 0.0552786 0.057965 0.0608237 0.0638398 0.066991 0.0702476 0.0735713 0.0769141 0.0802168 0.083408 0.0864054 0.0891189 0.0914553 0.093324 0.0946423 0.0953366 0.0953433 0.0946106 0.0931016 0.090803 0.0877336 0.083946 0.0795197 0.0745491 0.0691352 0.0633864 0.05743 0.0514149 0.0454875 0.0397597 0.0343073 0.0291987 0.0245116 0.0203123 0.0166238 0.013424 0.010674 0.00834625 0.00642419 0.00488296 0.00367529 0.00273699 0.0020046 0.00142989 0.00098276 0.000644842 0.000401246 0.000235786 0.000130646 6.85748e-05 3.5374e-05 
