0 0 0 0 0 0 0 0 0 0 0 0 0 0 0 0 0 0 0 0 0 0 0 0 0 0 0 0 0 0 0 0 0 0 0 0 0 0 0 0 0 0 0 0 0 0 0 0 0 0 0 0 0 0 0 0 0 0 0 0 0 0 0 0 0 0 0 0 0 0 0 0 0 0 0 0 0 0 0 0 0 0 0 0 0 0 0 0 0 0 0 0 0 0 0 0 0 0 0 0 0 0 0 0 0 0 0 0 0 0 0 0 0 0 0 0 0 0 0 0 0 0 0 0 0 0 0 0 0 0 0 0 0 0 0 0 0 0 0 0 0 0 0 0 0 0 0 0 0 0 0 0 0 0 0 0 0 0 0 0 0 0 0 0 0 0 0 0 0 0 0 0 0 0 0 0 0 0 0 0 0 0 0 0 0 0 0 0 0 0 0 0 0 0 0 0 0 0 0 0 
0 1.28074e-51 6.01915e-50 2.46803e-48 8.93957e-47 2.88859e-45 8.39357e-44 2.20805e-42 5.28846e-41 1.15879e-39 2.33265e-38 4.32941e-37 7.43226e-36 1.18341e-34 1.75201e-33 2.41699e-32 3.11314e-31 3.75023e-30 4.23186e-29 4.47945e-28 4.45332e-27 4.16295e-26 3.66286e-25 3.03628e-24 2.37317e-23 1.7503e-22 1.21897e-21 8.02127e-21 4.99017e-20 2.93659e-19 1.63547e-18 8.62415e-18 4.30785e-17 2.03922e-16 9.15192e-16 3.89576e-15 1.5736e-14 6.0342e-14 2.19775e-13 7.60676e-13 2.5034e-12 7.83865e-12 2.33685e-11 6.63786e-11 1.79802e-10 4.64865e-10 1.14831e-09 2.71305e-09 6.13802e-09 1.3314e-08 2.77249e-08 5.55013e-08 1.06961e-07 1.98734e-07 3.56524e-07 6.18477e-07 1.03904e-06 1.693e-06 2.67945e-06 4.12501e-06 6.18598e-06 9.0489e-06 1.29291e-05 1.80668e-05 2.47216e-05 3.31644e-05 4.3668e-05 5.64966e-05 7.18954e-05 9.008e-05 0.000111227 0.000135468 0.000162879 0.000193483 0.000227243 0.000264063 0.000303793 0.000346228 0.000391115 0.000438156 0.000487014 0.000537321 0.00058868 0.000640672 0.000692865 0.000744812 0.000796066 0.000846174 0.000894693 0.000941186 0.000985233 0.00102643 0.0010644 0.00109879 0.00112928 0.00115558 0.00117745 0.00119468 0.0012071 0.0012146 0.00121711 0.0012146 0.0012071 0.00119468 0.00117745 0.00115558 0.00112928 0.00109879 0.0010644 0.00102643 0.000985233 0.000941186 0.000894693 0.000846174 0.000796066 0.000744812 0.000692865 0.000640672 0.00058868 0.000537321 0.000487014 0.000438156 0.000391115 0.000346228 0.000303793 0.000264063 0.000227243 0.000193483 0.000162879 0.000135468 0.000111227 9.008e-05 7.18954e-05 5.64966e-05 4.3668e-05 3.31644e-05 2.47216e-05 1.80668e-05 1.29291e-05 9.0489e-06 6.18598e-06 4.12501e-06 2.67945e-06 1.693e-06 1.03904e-06 6.18477e-07 3.56524e-07 1.98734e-07 1.06961e-07 5.55013e-08 2.77249e-08 1.3314e-08 6.13802e-09 2.71305e-09 1.14831e-09 4.64865e-10 1.79802e-10 6.63786e-11 2.33685e-11 7.83865e-12 2.5034e-12 7.60676e-13 2.19775e-13 6.0342e-14 1.5736e-14 3.89576e-15 9.15192e-16 2.03922e-16 4.30785e-17 8.62415e-18 1.63547e-18 2.93659e-19 4.99017e-20 8.02127e-21 1.21897e-21 1.7503e-22 2.37317e-23 3.03628e-24 3.66286e-25 4.16295e-26 4.45332e-27 4.47945e-28 4.23186e-29 3.75023e-30 3.11314e-31 2.41699e-32 1.75201e-33 1.18341e-34 7.43226e-36 4.32941e-37 2.33265e-38 1.15879e-39 5.28846e-41 2.20805e-42 8.39357e-44 2.88859e-45 8.93957e-47 2.46803e-48 6.01801e-50 6.58355e-52 
0 6.01915e-50 2.49443e-48 9.12943e-47 2.98105e-45 8.75467e-44 2.32789e-42 5.63634e-41 1.24865e-39 2.5416e-38 4.7705e-37 8.28299e-36 1.3341e-34 1.99817e-33 2.78914e-32 3.63536e-31 4.43217e-30 5.06238e-29 5.42461e-28 5.46012e-27 5.16828e-26 4.60516e-25 3.8663e-24 3.06098e-23 2.28701e-22 1.61367e-21 1.0759e-20 6.78245e-20 4.0447e-19 2.28288e-18 1.22004e-17 6.17656e-17 2.96334e-16 1.34789e-15 5.81489e-15 2.38026e-14 9.24884e-14 3.41294e-13 1.19663e-12 3.98856e-12 1.26458e-11 3.81624e-11 1.09696e-10 3.00578e-10 7.85806e-10 1.96191e-09 4.68279e-09 1.06975e-08 2.34176e-08 4.91863e-08 9.92608e-08 1.92735e-07 3.60601e-07 6.51072e-07 1.13613e-06 1.91903e-06 3.14235e-06 4.99578e-06 7.72273e-06 1.16249e-05 1.70637e-05 2.44579e-05 3.42771e-05 4.70308e-05 6.32539e-05 8.3489e-05 0.000108267 0.000138086 0.000173393 0.000214566 0.000261897 0.000315582 0.000375712 0.00044227 0.000515129 0.000594051 0.000678698 0.000768632 0.000863327 0.000962174 0.00106449 0.00116955 0.00127654 0.00138464 0.00149297 0.00160065 0.00170678 0.00181044 0.00191074 0.00200681 0.00209778 0.00218283 0.0022612 0.00233217 0.00239508 0.00244934 0.00249445 0.00252999 0.00255561 0.00257109 0.00257626 0.00257109 0.00255561 0.00252999 0.00249445 0.00244934 0.00239508 0.00233217 0.0022612 0.00218283 0.00209778 0.00200681 0.00191074 0.00181044 0.00170678 0.00160065 0.00149297 0.00138464 0.00127654 0.00116955 0.00106449 0.000962174 0.000863327 0.000768632 0.000678698 0.000594051 0.000515129 0.00044227 0.000375712 0.000315582 0.000261897 0.000214566 0.000173393 0.000138086 0.000108267 8.3489e-05 6.32539e-05 4.70308e-05 3.42771e-05 2.44579e-05 1.70637e-05 1.16249e-05 7.72273e-06 4.99578e-06 3.14235e-06 1.91903e-06 1.13613e-06 6.51072e-07 3.60601e-07 1.92735e-07 9.92608e-08 4.91863e-08 2.34176e-08 1.06975e-08 4.68279e-09 1.96191e-09 7.85806e-10 3.00578e-10 1.09696e-10 3.81624e-11 1.26458e-11 3.98856e-12 1.19663e-12 3.41294e-13 9.24884e-14 2.38026e-14 5.81489e-15 1.34789e-15 2.96334e-16 6.17656e-17 1.22004e-17 2.28288e-18 4.0447e-19 6.78245e-20 1.0759e-20 1.61367e-21 2.28701e-22 3.06098e-23 3.8663e-24 4.60516e-25 5.16828e-26 5.46012e-27 5.42461e-28 5.06238e-29 4.43217e-30 3.63536e-31 2.78914e-32 1.99817e-33 1.3341e-34 8.28299e-36 4.7705e-37 2.5416e-38 1.24865e-39 5.63634e-41 2.32789e-42 8.75467e-44 2.98105e-45 9.12943e-47 2.49382e-48 3.12351e-50 
0 2.46803e-48 9.12943e-47 3.01174e-45 8.93669e-44 2.40122e-42 5.87547e-41 1.31555e-39 2.70665e-38 5.13564e-37 9.01499e-36 1.4681e-34 2.22348e-33 3.13866e-32 4.13748e-31 5.10222e-30 5.89508e-29 6.39047e-28 6.50774e-27 6.23265e-26 5.61951e-25 4.77425e-24 3.82517e-23 2.8924e-22 2.06548e-21 1.39381e-20 8.89302e-20 5.36757e-19 3.06614e-18 1.65837e-17 8.4962e-17 4.12467e-16 1.89819e-15 8.28401e-15 3.42968e-14 1.34757e-13 5.02701e-13 1.78126e-12 5.99806e-12 1.92042e-11 5.84978e-11 1.69641e-10 4.68698e-10 1.23476e-09 3.10456e-09 7.45725e-09 1.71316e-08 3.76855e-08 7.94807e-08 1.60935e-07 3.13297e-07 5.87251e-07 1.06149e-06 1.85313e-06 3.12951e-06 5.1205e-06 8.13006e-06 1.25456e-05 1.88437e-05 2.75906e-05 3.94368e-05 5.51056e-05 7.53745e-05 0.000101053 0.000132956 0.000171873 0.000218545 0.000273632 0.000337691 0.000411159 0.000494339 0.000587385 0.000690304 0.00080295 0.000925031 0.00105611 0.0011956 0.00134282 0.00149693 0.001657 0.00182199 0.0019908 0.00216221 0.00233497 0.00250775 0.0026792 0.00284795 0.00301259 0.00317176 0.00332409 0.00346825 0.00360297 0.00372705 0.00383937 0.00393891 0.00402475 0.00409611 0.00415231 0.00419283 0.0042173 0.00422548 0.0042173 0.00419283 0.00415231 0.00409611 0.00402475 0.00393891 0.00383937 0.00372705 0.00360297 0.00346825 0.00332409 0.00317176 0.00301259 0.00284795 0.0026792 0.00250775 0.00233497 0.00216221 0.0019908 0.00182199 0.001657 0.00149693 0.00134282 0.0011956 0.00105611 0.000925031 0.00080295 0.000690304 0.000587385 0.000494339 0.000411159 0.000337691 0.000273632 0.000218545 0.000171873 0.000132956 0.000101053 7.53745e-05 5.51056e-05 3.94368e-05 2.75906e-05 1.88437e-05 1.25456e-05 8.13006e-06 5.1205e-06 3.12951e-06 1.85313e-06 1.06149e-06 5.87251e-07 3.13297e-07 1.60935e-07 7.94807e-08 3.76855e-08 1.71316e-08 7.45725e-09 3.10456e-09 1.23476e-09 4.68698e-10 1.69641e-10 5.84978e-11 1.92042e-11 5.99806e-12 1.78126e-12 5.02701e-13 1.34757e-13 3.42968e-14 8.28401e-15 1.89819e-15 4.12467e-16 8.4962e-17 1.65837e-17 3.06614e-18 5.36757e-19 8.89302e-20 1.39381e-20 2.06548e-21 2.8924e-22 3.82517e-23 4.77425e-24 5.61951e-25 6.23265e-26 6.50774e-27 6.39047e-28 5.89508e-29 5.10222e-30 4.13748e-31 3.13866e-32 2.22348e-33 1.4681e-34 9.01499e-36 5.13564e-37 2.70665e-38 1.31555e-39 5.87547e-41 2.40122e-42 8.93669e-44 3.01174e-45 9.12662e-47 1.29311e-48 
0 8.93957e-47 2.98105e-45 8.93669e-44 2.42617e-42 5.99879e-41 1.35738e-39 2.82258e-38 5.41336e-37 9.60595e-36 1.58152e-34 2.4218e-33 3.45682e-32 4.60824e-31 5.74732e-30 6.71647e-29 7.36487e-28 7.58717e-27 7.35142e-26 6.70621e-25 5.7649e-24 4.67379e-23 3.57626e-22 2.5844e-21 1.7649e-20 1.13959e-19 6.96078e-19 4.02386e-18 2.20234e-17 1.1417e-16 5.60788e-16 2.61084e-15 1.15251e-14 4.82544e-14 1.91697e-13 7.22833e-13 2.58809e-12 8.80292e-12 2.84572e-11 8.748e-11 2.55883e-10 7.12669e-10 1.89139e-09 4.78733e-09 1.15676e-08 2.67108e-08 5.90101e-08 1.24883e-07 2.53515e-07 4.94356e-07 9.27384e-07 1.67623e-06 2.92383e-06 4.92963e-06 8.04689e-06 1.27379e-05 1.95853e-05 2.92962e-05 4.26993e-05 6.07324e-05 8.4421e-05 0.00011485 0.000153129 0.000200355 0.000257576 0.000325754 0.000405736 0.000498229 0.00060378 0.000722768 0.000855391 0.00100167 0.00116144 0.00133438 0.00151996 0.00171753 0.00192625 0.00214511 0.002373 0.00260861 0.00285054 0.00309725 0.00334708 0.00359829 0.00384905 0.00409747 0.00434161 0.00457953 0.00480929 0.00502897 0.00523669 0.00543068 0.00560923 0.00577076 0.00591384 0.00603718 0.00613966 0.00622036 0.00627853 0.00631365 0.00632539 0.00631365 0.00627853 0.00622036 0.00613966 0.00603718 0.00591384 0.00577076 0.00560923 0.00543068 0.00523669 0.00502897 0.00480929 0.00457953 0.00434161 0.00409747 0.00384905 0.00359829 0.00334708 0.00309725 0.00285054 0.00260861 0.002373 0.00214511 0.00192625 0.00171753 0.00151996 0.00133438 0.00116144 0.00100167 0.000855391 0.000722768 0.00060378 0.000498229 0.000405736 0.000325754 0.000257576 0.000200355 0.000153129 0.00011485 8.4421e-05 6.07324e-05 4.26993e-05 2.92962e-05 1.95853e-05 1.27379e-05 8.04689e-06 4.92963e-06 2.92383e-06 1.67623e-06 9.27384e-07 4.94356e-07 2.53515e-07 1.24883e-07 5.90101e-08 2.67108e-08 1.15676e-08 4.78733e-09 1.89139e-09 7.12669e-10 2.55883e-10 8.748e-11 2.84572e-11 8.80292e-12 2.58809e-12 7.22833e-13 1.91697e-13 4.82544e-14 1.15251e-14 2.61084e-15 5.60788e-16 1.1417e-16 2.20234e-17 4.02386e-18 6.96078e-19 1.13959e-19 1.7649e-20 2.5844e-21 3.57626e-22 4.67379e-23 5.7649e-24 6.70621e-25 7.35142e-26 7.58717e-27 7.36487e-28 6.71647e-29 5.74732e-30 4.60824e-31 3.45682e-32 2.4218e-33 1.58152e-34 9.60595e-36 5.41336e-37 2.82258e-38 1.35738e-39 5.99879e-41 2.42617e-42 8.93668e-44 2.97993e-45 4.72984e-47 
0 2.88859e-45 8.75467e-44 2.40122e-42 5.99879e-41 1.37162e-39 2.88238e-38 5.58713e-37 1.00212e-35 1.66784e-34 2.58202e-33 3.72633e-32 5.02298e-31 6.33511e-30 7.48738e-29 8.30408e-28 8.65324e-27 8.48157e-26 7.82743e-25 6.80767e-24 5.58426e-23 4.32352e-22 3.16152e-21 2.18473e-20 1.42749e-19 8.82327e-19 5.16124e-18 2.85837e-17 1.49927e-16 7.45054e-16 3.50896e-15 1.56671e-14 6.63362e-14 2.66441e-13 1.0155e-12 3.67404e-12 1.26228e-11 4.12009e-11 1.27821e-10 3.77122e-10 1.0588e-09 2.83082e-09 7.21303e-09 1.75317e-08 4.06883e-08 9.0268e-08 1.91667e-07 3.90013e-07 7.61627e-07 1.4295e-06 2.58276e-06 4.49925e-06 7.5696e-06 1.232e-05 1.94309e-05 2.97471e-05 4.42789e-05 6.41892e-05 9.07696e-05 0.000125405 0.000169528 0.000224576 0.000291934 0.000372899 0.000468639 0.000580161 0.000708294 0.000853678 0.00101676 0.00119777 0.00139679 0.00161365 0.00184804 0.00209942 0.00236709 0.00265013 0.00294743 0.00325768 0.00357937 0.00391079 0.00425005 0.00459508 0.00494364 0.00529338 0.0056418 0.00598635 0.00632441 0.00665333 0.00697049 0.00727331 0.00755928 0.00782601 0.00807124 0.00829287 0.008489 0.00865793 0.00879821 0.0089086 0.00898814 0.00903615 0.0090522 0.00903615 0.00898814 0.0089086 0.00879821 0.00865793 0.008489 0.00829287 0.00807124 0.00782601 0.00755928 0.00727331 0.00697049 0.00665333 0.00632441 0.00598635 0.0056418 0.00529338 0.00494364 0.00459508 0.00425005 0.00391079 0.00357937 0.00325768 0.00294743 0.00265013 0.00236709 0.00209942 0.00184804 0.00161365 0.00139679 0.00119777 0.00101676 0.000853678 0.000708294 0.000580161 0.000468639 0.000372899 0.000291934 0.000224576 0.000169528 0.000125405 9.07696e-05 6.41892e-05 4.42789e-05 2.97471e-05 1.94309e-05 1.232e-05 7.5696e-06 4.49925e-06 2.58276e-06 1.4295e-06 7.61627e-07 3.90013e-07 1.91667e-07 9.0268e-08 4.06883e-08 1.75317e-08 7.21303e-09 2.83082e-09 1.0588e-09 3.77122e-10 1.27821e-10 4.12009e-11 1.26228e-11 3.67404e-12 1.0155e-12 2.66441e-13 6.63362e-14 1.56671e-14 3.50896e-15 7.45054e-16 1.49927e-16 2.85837e-17 5.16124e-18 8.82327e-19 1.42749e-19 2.18473e-20 3.16152e-21 4.32352e-22 5.58426e-23 6.80767e-24 7.82743e-25 8.48157e-26 8.65324e-27 8.30408e-28 7.48738e-29 6.33511e-30 5.02298e-31 3.72633e-32 2.58202e-33 1.66784e-34 1.00212e-35 5.58713e-37 2.88238e-38 1.37162e-39 5.99879e-41 2.40122e-42 8.75067e-44 1.54359e-45 
0 8.39357e-44 2.32789e-42 5.87547e-41 1.35738e-39 2.88238e-38 5.64628e-37 1.02355e-35 1.72187e-34 2.69466e-33 3.93155e-32 5.35827e-31 6.83338e-30 8.16711e-29 9.16061e-28 9.65475e-27 9.57198e-26 8.93593e-25 7.86219e-24 6.5247e-23 5.11099e-22 3.78142e-21 2.644e-20 1.74803e-19 1.09325e-18 6.47071e-18 3.62586e-17 1.92418e-16 9.67366e-16 4.60865e-15 2.08121e-14 8.91121e-14 3.6187e-13 1.39409e-12 5.09658e-12 1.76874e-11 5.8292e-11 1.82514e-10 5.43175e-10 1.53737e-09 4.1409e-09 1.0622e-08 2.59705e-08 6.05795e-08 1.3496e-07 2.87492e-07 5.8634e-07 1.14651e-06 2.15259e-06 3.88668e-06 6.75996e-06 1.13447e-05 1.84028e-05 2.89052e-05 4.40391e-05 6.51979e-05 9.39548e-05 0.00013202 0.000181184 0.00024326 0.000320017 0.000413127 0.000524119 0.000654345 0.000804963 0.000976925 0.00117098 0.00138768 0.00162739 0.00189027 0.00217629 0.00248522 0.00281661 0.0031698 0.00354384 0.00393754 0.00434944 0.00477776 0.00522047 0.00567522 0.00613944 0.00661028 0.00708471 0.00755952 0.00803136 0.00849681 0.00895237 0.00939457 0.00981999 0.0102253 0.0106072 0.0109628 0.0112891 0.0115835 0.0118436 0.0120674 0.012253 0.012399 0.0125041 0.0125675 0.0125887 0.0125675 0.0125041 0.012399 0.012253 0.0120674 0.0118436 0.0115835 0.0112891 0.0109628 0.0106072 0.0102253 0.00981999 0.00939457 0.00895237 0.00849681 0.00803136 0.00755952 0.00708471 0.00661028 0.00613944 0.00567522 0.00522047 0.00477776 0.00434944 0.00393754 0.00354384 0.0031698 0.00281661 0.00248522 0.00217629 0.00189027 0.00162739 0.00138768 0.00117098 0.000976925 0.000804963 0.000654345 0.000524119 0.000413127 0.000320017 0.00024326 0.000181184 0.00013202 9.39548e-05 6.51979e-05 4.40391e-05 2.89052e-05 1.84028e-05 1.13447e-05 6.75996e-06 3.88668e-06 2.15259e-06 1.14651e-06 5.8634e-07 2.87492e-07 1.3496e-07 6.05795e-08 2.59705e-08 1.0622e-08 4.1409e-09 1.53737e-09 5.43175e-10 1.82514e-10 5.8292e-11 1.76874e-11 5.09658e-12 1.39409e-12 3.6187e-13 8.91121e-14 2.08121e-14 4.60865e-15 9.67366e-16 1.92418e-16 3.62586e-17 6.47071e-18 1.09325e-18 1.74803e-19 2.644e-20 3.78142e-21 5.11099e-22 6.5247e-23 7.86219e-24 8.93593e-25 9.57198e-26 9.65475e-27 9.16061e-28 8.16711e-29 6.83338e-30 5.35827e-31 3.93155e-32 2.69466e-33 1.72187e-34 1.02355e-35 5.64628e-37 2.88238e-38 1.35738e-39 5.87547e-41 2.32663e-42 4.53086e-44 
0 2.20805e-42 5.63634e-41 1.31555e-39 2.82258e-38 5.58713e-37 1.02355e-35 1.74027e-34 2.7528e-33 4.06006e-32 5.59409e-31 7.21302e-30 8.71696e-29 9.88719e-28 1.05385e-26 1.05672e-25 9.97822e-25 8.88057e-24 7.45538e-23 5.9081e-22 4.42234e-21 3.12844e-20 2.09264e-19 1.32419e-18 7.9298e-18 4.49563e-17 2.41365e-16 1.22754e-15 5.91557e-15 2.70184e-14 1.16985e-13 4.80297e-13 1.87027e-12 6.90916e-12 2.42212e-11 8.06029e-11 2.54713e-10 7.64677e-10 2.18196e-09 5.92116e-09 1.52914e-08 3.76102e-08 8.81785e-08 1.97268e-07 4.21577e-07 8.61718e-07 1.687e-06 3.16789e-06 5.715e-06 9.92152e-06 1.66039e-05 2.68346e-05 4.1959e-05 6.35927e-05 9.35945e-05 0.000134016 0.000187036 0.00025488 0.000339742 0.000443715 0.000568735 0.000716547 0.000888687 0.00108649 0.00131108 0.00156341 0.00184427 0.00215427 0.00249384 0.00286323 0.00326244 0.00369122 0.004149 0.00463487 0.00514751 0.00568524 0.00624592 0.00682703 0.00742564 0.00803844 0.0086618 0.00929181 0.00992434 0.0105551 0.0111796 0.0117934 0.0123921 0.0129712 0.0135266 0.014054 0.0145496 0.0150097 0.0154309 0.01581 0.0161444 0.0164316 0.0166694 0.0168562 0.0169906 0.0170716 0.0170987 0.0170716 0.0169906 0.0168562 0.0166694 0.0164316 0.0161444 0.01581 0.0154309 0.0150097 0.0145496 0.014054 0.0135266 0.0129712 0.0123921 0.0117934 0.0111796 0.0105551 0.00992434 0.00929181 0.0086618 0.00803844 0.00742564 0.00682703 0.00624592 0.00568524 0.00514751 0.00463487 0.004149 0.00369122 0.00326244 0.00286323 0.00249384 0.00215427 0.00184427 0.00156341 0.00131108 0.00108649 0.000888687 0.000716547 0.000568735 0.000443715 0.000339742 0.00025488 0.000187036 0.000134016 9.35945e-05 6.35927e-05 4.1959e-05 2.68346e-05 1.66039e-05 9.92152e-06 5.715e-06 3.16789e-06 1.687e-06 8.61718e-07 4.21577e-07 1.97268e-07 8.81785e-08 3.76102e-08 1.52914e-08 5.92116e-09 2.18196e-09 7.64677e-10 2.54713e-10 8.06029e-11 2.42212e-11 6.90916e-12 1.87027e-12 4.80297e-13 1.16985e-13 2.70184e-14 5.91557e-15 1.22754e-15 2.41365e-16 4.49563e-17 7.9298e-18 1.32419e-18 2.09264e-19 3.12844e-20 4.42234e-21 5.9081e-22 7.45538e-23 8.88057e-24 9.97822e-25 1.05672e-25 1.05385e-26 9.88719e-28 8.71696e-29 7.21302e-30 5.59409e-31 4.06006e-32 2.7528e-33 1.74027e-34 1.02355e-35 5.58713e-37 2.82258e-38 1.31555e-39 5.63275e-41 1.20422e-42 
0 5.28846e-41 1.24865e-39 2.70665e-38 5.41336e-37 1.00212e-35 1.72187e-34 2.7528e-33 4.10381e-32 5.71585e-31 7.45081e-30 9.10386e-29 1.04411e-27 1.12538e-26 1.1412e-25 1.08986e-24 9.81079e-24 8.33117e-23 6.67856e-22 5.05715e-21 3.61925e-20 2.44925e-19 1.56798e-18 9.4996e-18 5.44852e-17 2.9593e-16 1.52248e-15 7.4212e-15 3.42806e-14 1.50094e-13 6.23025e-13 2.45224e-12 9.15429e-12 3.24184e-11 1.08938e-10 3.47467e-10 1.05234e-09 3.0275e-09 8.2779e-09 2.15239e-08 5.32588e-08 1.25512e-07 2.81974e-07 6.04546e-07 1.23842e-06 2.42721e-06 4.55808e-06 8.21451e-06 1.42312e-05 2.3743e-05 3.82182e-05 5.94676e-05 8.96217e-05 0.000131078 0.000186417 0.000258312 0.000349417 0.000462291 0.00059932 0.000762687 0.000954357 0.0011761 0.00142951 0.00171605 0.00203706 0.00239377 0.00278726 0.00321847 0.00368807 0.00419645 0.00474359 0.00532906 0.00595186 0.00661046 0.00730274 0.00802598 0.00877691 0.00955173 0.0103462 0.0111555 0.0119747 0.0127985 0.0136215 0.0144381 0.0152428 0.01603 0.0167943 0.0175305 0.0182335 0.0188987 0.0195215 0.0200978 0.0206238 0.0210961 0.0215117 0.0218678 0.0221623 0.0223933 0.0225593 0.0226593 0.0226927 0.0226593 0.0225593 0.0223933 0.0221623 0.0218678 0.0215117 0.0210961 0.0206238 0.0200978 0.0195215 0.0188987 0.0182335 0.0175305 0.0167943 0.01603 0.0152428 0.0144381 0.0136215 0.0127985 0.0119747 0.0111555 0.0103462 0.00955173 0.00877691 0.00802598 0.00730274 0.00661046 0.00595186 0.00532906 0.00474359 0.00419645 0.00368807 0.00321847 0.00278726 0.00239377 0.00203706 0.00171605 0.00142951 0.0011761 0.000954357 0.000762687 0.00059932 0.000462291 0.000349417 0.000258312 0.000186417 0.000131078 8.96217e-05 5.94676e-05 3.82182e-05 2.3743e-05 1.42312e-05 8.21451e-06 4.55808e-06 2.42721e-06 1.23842e-06 6.04546e-07 2.81974e-07 1.25512e-07 5.32588e-08 2.15239e-08 8.2779e-09 3.0275e-09 1.05234e-09 3.47467e-10 1.08938e-10 3.24184e-11 9.15429e-12 2.45224e-12 6.23025e-13 1.50094e-13 3.42806e-14 7.4212e-15 1.52248e-15 2.9593e-16 5.44852e-17 9.4996e-18 1.56798e-18 2.44925e-19 3.61925e-20 5.05715e-21 6.67856e-22 8.33117e-23 9.81079e-24 1.08986e-24 1.1412e-25 1.12538e-26 1.04411e-27 9.10386e-29 7.45081e-30 5.71585e-31 4.10381e-32 2.7528e-33 1.72187e-34 1.00212e-35 5.41336e-37 2.70665e-38 1.24773e-39 2.91451e-41 
0 1.15879e-39 2.5416e-38 5.13564e-37 9.60595e-36 1.66784e-34 2.69466e-33 4.06006e-32 5.71585e-31 7.5318e-30 9.30368e-29 1.07881e-27 1.17573e-26 1.20564e-25 1.1644e-24 1.06009e-23 9.10503e-23 7.3828e-22 5.65496e-21 4.09397e-20 2.8027e-19 1.81513e-18 1.1125e-17 6.45499e-17 3.54661e-16 1.8457e-15 9.09981e-15 4.25117e-14 1.8822e-13 7.89899e-13 3.14266e-12 1.18553e-11 4.24128e-11 1.43925e-10 4.6338e-10 1.41588e-09 4.10726e-09 1.13163e-08 2.96283e-08 7.37613e-08 1.7474e-07 3.94251e-07 8.48025e-07 1.74101e-06 3.41595e-06 6.41461e-06 1.15469e-05 1.9959e-05 3.31884e-05 5.31923e-05 8.23372e-05 0.000123347 0.000179212 0.000253065 0.000348062 0.000467261 0.000613539 0.000789556 0.000997752 0.00124038 0.00151959 0.00183743 0.00219595 0.00259716 0.00304303 0.00353539 0.00407584 0.00466566 0.00530561 0.00599588 0.00673597 0.00752459 0.00835967 0.00923834 0.0101569 0.0111111 0.0120958 0.0131054 0.0141341 0.0151753 0.0162227 0.0172693 0.0183086 0.0193338 0.0203382 0.0213157 0.0222599 0.023165 0.0240256 0.0248365 0.0255929 0.0262904 0.0269251 0.0274934 0.0279921 0.0284187 0.0287709 0.0290467 0.0292447 0.0293639 0.0294037 0.0293639 0.0292447 0.0290467 0.0287709 0.0284187 0.0279921 0.0274934 0.0269251 0.0262904 0.0255929 0.0248365 0.0240256 0.023165 0.0222599 0.0213157 0.0203382 0.0193338 0.0183086 0.0172693 0.0162227 0.0151753 0.0141341 0.0131054 0.0120958 0.0111111 0.0101569 0.00923834 0.00835967 0.00752459 0.00673597 0.00599588 0.00530561 0.00466566 0.00407584 0.00353539 0.00304303 0.00259716 0.00219595 0.00183743 0.00151959 0.00124038 0.000997752 0.000789556 0.000613539 0.000467261 0.000348062 0.000253065 0.000179212 0.000123347 8.23372e-05 5.31923e-05 3.31884e-05 1.9959e-05 1.15469e-05 6.41461e-06 3.41595e-06 1.74101e-06 8.48025e-07 3.94251e-07 1.7474e-07 7.37613e-08 2.96283e-08 1.13163e-08 4.10726e-09 1.41588e-09 4.6338e-10 1.43925e-10 4.24128e-11 1.18553e-11 3.14266e-12 7.89899e-13 1.8822e-13 4.25117e-14 9.09981e-15 1.8457e-15 3.54661e-16 6.45499e-17 1.1125e-17 1.81513e-18 2.8027e-19 4.09397e-20 5.65496e-21 7.3828e-22 9.10503e-23 1.06009e-23 1.1644e-24 1.20564e-25 1.17573e-26 1.07881e-27 9.30368e-29 7.5318e-30 5.71585e-31 4.06006e-32 2.69466e-33 1.66784e-34 9.60595e-36 5.13563e-37 2.53944e-38 6.45452e-40 
0 2.33265e-38 4.7705e-37 9.01499e-36 1.58152e-34 2.58202e-33 3.93155e-32 5.59409e-31 7.45081e-30 9.30368e-29 1.09063e-27 1.20174e-26 1.24602e-25 1.21689e-24 1.12038e-23 9.73207e-23 7.9813e-22 6.1835e-21 4.52817e-20 3.13575e-19 2.05434e-18 1.2737e-17 7.47586e-17 4.15497e-16 2.18718e-15 1.09067e-14 5.15307e-14 2.30708e-13 9.78895e-13 3.93677e-12 1.50081e-11 5.42433e-11 1.85895e-10 6.0418e-10 1.86269e-09 5.4489e-09 1.51295e-08 3.98912e-08 9.9931e-08 2.38002e-07 5.39335e-07 1.16397e-06 2.39499e-06 4.70422e-06 8.83302e-06 1.58802e-05 2.73828e-05 4.53727e-05 7.23895e-05 0.00011144 0.0001659 0.000239377 0.000335545 0.000458001 0.000610152 0.000795165 0.00101598 0.00127539 0.00157611 0.00192091 0.00231264 0.00275428 0.00324887 0.00379942 0.00440869 0.00507909 0.00581241 0.00660965 0.00747092 0.00839528 0.00938073 0.0104242 0.0115217 0.0126681 0.0138576 0.0150836 0.0163392 0.0176169 0.0189087 0.0202069 0.0215034 0.0227903 0.0240599 0.0253046 0.0265171 0.0276905 0.0288182 0.0298942 0.0309127 0.0318683 0.0327565 0.0335727 0.0343131 0.0349742 0.0355531 0.0360472 0.0364544 0.0367729 0.0370013 0.0371387 0.0371846 0.0371387 0.0370013 0.0367729 0.0364544 0.0360472 0.0355531 0.0349742 0.0343131 0.0335727 0.0327565 0.0318683 0.0309127 0.0298942 0.0288182 0.0276905 0.0265171 0.0253046 0.0240599 0.0227903 0.0215034 0.0202069 0.0189087 0.0176169 0.0163392 0.0150836 0.0138576 0.0126681 0.0115217 0.0104242 0.00938073 0.00839528 0.00747092 0.00660965 0.00581241 0.00507909 0.00440869 0.00379942 0.00324887 0.00275428 0.00231264 0.00192091 0.00157611 0.00127539 0.00101598 0.000795165 0.000610152 0.000458001 0.000335545 0.000239377 0.0001659 0.00011144 7.23895e-05 4.53727e-05 2.73828e-05 1.58802e-05 8.83302e-06 4.70422e-06 2.39499e-06 1.16397e-06 5.39335e-07 2.38002e-07 9.9931e-08 3.98912e-08 1.51295e-08 5.4489e-09 1.86269e-09 6.0418e-10 1.85895e-10 5.42433e-11 1.50081e-11 3.93677e-12 9.78895e-13 2.30708e-13 5.15307e-14 1.09067e-14 2.18718e-15 4.15497e-16 7.47586e-17 1.2737e-17 2.05434e-18 3.13575e-19 4.52817e-20 6.1835e-21 7.9813e-22 9.73207e-23 1.12038e-23 1.21689e-24 1.24602e-25 1.20174e-26 1.09063e-27 9.30368e-29 7.45081e-30 5.59409e-31 3.93155e-32 2.58202e-33 1.58152e-34 9.01497e-36 4.76588e-37 1.31344e-38 
0 4.32941e-37 8.28299e-36 1.4681e-34 2.4218e-33 3.72633e-32 5.35827e-31 7.21302e-30 9.10386e-29 1.07881e-27 1.20174e-26 1.25978e-25 1.24401e-24 1.15818e-23 1.01738e-22 8.43817e-22 6.61196e-21 4.89734e-20 3.43036e-19 2.27322e-18 1.42566e-17 8.46427e-17 4.75848e-16 2.53361e-15 1.27785e-14 6.10579e-14 2.76425e-13 1.18584e-12 4.8208e-12 1.85734e-11 6.78225e-11 2.34751e-10 7.70271e-10 2.39633e-09 7.06981e-09 1.97853e-08 5.25417e-08 1.32461e-07 3.17208e-07 7.22062e-07 1.56369e-06 3.22491e-06 6.34151e-06 1.19063e-05 2.13773e-05 3.67688e-05 6.0701e-05 9.63854e-05 0.000147535 0.000218211 0.000312624 0.00043494 0.000589132 0.000778908 0.00100773 0.00127892 0.00159582 0.00196192 0.002381 0.00285714 0.00339467 0.00399797 0.00467128 0.00541835 0.00624223 0.00714494 0.00812732 0.00918887 0.0103277 0.0115405 0.0128228 0.0141689 0.015572 0.0170247 0.0185186 0.0200452 0.0215955 0.0231601 0.0247299 0.0262957 0.0278485 0.0293796 0.0308804 0.032343 0.0337598 0.0351235 0.0364277 0.0376661 0.0388332 0.0399239 0.0409337 0.0418585 0.0426948 0.0434395 0.04409 0.044644 0.0450997 0.0454556 0.0457106 0.0458639 0.045915 0.0458639 0.0457106 0.0454556 0.0450997 0.044644 0.04409 0.0434395 0.0426948 0.0418585 0.0409337 0.0399239 0.0388332 0.0376661 0.0364277 0.0351235 0.0337598 0.032343 0.0308804 0.0293796 0.0278485 0.0262957 0.0247299 0.0231601 0.0215955 0.0200452 0.0185186 0.0170247 0.015572 0.0141689 0.0128228 0.0115405 0.0103277 0.00918887 0.00812732 0.00714494 0.00624223 0.00541835 0.00467128 0.00399797 0.00339467 0.00285714 0.002381 0.00196192 0.00159582 0.00127892 0.00100773 0.000778908 0.000589132 0.00043494 0.000312624 0.000218211 0.000147535 9.63854e-05 6.0701e-05 3.67688e-05 2.13773e-05 1.19063e-05 6.34151e-06 3.22491e-06 1.56369e-06 7.22062e-07 3.17208e-07 1.32461e-07 5.25417e-08 1.97853e-08 7.06981e-09 2.39633e-09 7.70271e-10 2.34751e-10 6.78225e-11 1.85734e-11 4.8208e-12 1.18584e-12 2.76425e-13 6.10579e-14 1.27785e-14 2.53361e-15 4.75848e-16 8.46427e-17 1.42566e-17 2.27322e-18 3.43036e-19 4.89734e-20 6.61196e-21 8.43817e-22 1.01738e-22 1.15818e-23 1.24401e-24 1.25978e-25 1.20174e-26 1.07881e-27 9.10386e-29 7.21302e-30 5.35827e-31 3.72633e-32 2.4218e-33 1.46809e-34 8.27393e-36 2.46481e-37 
0 7.43226e-36 1.3341e-34 2.22348e-33 3.45682e-32 5.02298e-31 6.83338e-30 8.71696e-29 1.04411e-27 1.17573e-26 1.24602e-25 1.24401e-24 1.17106e-23 1.04021e-22 8.7247e-22 6.91391e-21 5.17926e-20 3.66928e-19 2.45941e-18 1.56013e-17 9.36904e-17 5.32758e-16 2.8691e-15 1.46354e-14 7.07222e-14 3.23767e-13 1.40431e-12 5.77111e-12 2.24718e-11 8.29107e-11 2.89863e-10 9.603e-10 3.01503e-09 8.97223e-09 2.53114e-08 6.77104e-08 1.7182e-07 4.13785e-07 9.46293e-07 2.05664e-06 4.25189e-06 8.37119e-06 1.57165e-05 2.81811e-05 4.83466e-05 7.95131e-05 0.00012564 0.000191189 0.000280899 0.000399536 0.000551677 0.000741606 0.000973319 0.00125067 0.00157757 0.00195827 0.0023975 0.00290053 0.00347313 0.00412131 0.00485098 0.00566756 0.00657555 0.0075782 0.00867722 0.00987262 0.0111627 0.012544 0.0140114 0.0155587 0.0171783 0.0188615 0.020599 0.022381 0.0241972 0.0260371 0.0278902 0.0297459 0.0315939 0.033424 0.0352267 0.0369925 0.0387127 0.0403791 0.041984 0.0435204 0.044982 0.0463631 0.0476585 0.0488638 0.0499751 0.0509891 0.0519028 0.0527138 0.0534203 0.0540205 0.0545132 0.0548974 0.0551723 0.0553375 0.0553926 0.0553375 0.0551723 0.0548974 0.0545132 0.0540205 0.0534203 0.0527138 0.0519028 0.0509891 0.0499751 0.0488638 0.0476585 0.0463631 0.044982 0.0435204 0.041984 0.0403791 0.0387127 0.0369925 0.0352267 0.033424 0.0315939 0.0297459 0.0278902 0.0260371 0.0241972 0.022381 0.020599 0.0188615 0.0171783 0.0155587 0.0140114 0.012544 0.0111627 0.00987262 0.00867722 0.0075782 0.00657555 0.00566756 0.00485098 0.00412131 0.00347313 0.00290053 0.0023975 0.00195827 0.00157757 0.00125067 0.000973319 0.000741606 0.000551677 0.000399536 0.000280899 0.000191189 0.00012564 7.95131e-05 4.83466e-05 2.81811e-05 1.57165e-05 8.37119e-06 4.25189e-06 2.05664e-06 9.46293e-07 4.13785e-07 1.7182e-07 6.77104e-08 2.53114e-08 8.97223e-09 3.01503e-09 9.603e-10 2.89863e-10 8.29107e-11 2.24718e-11 5.77111e-12 1.40431e-12 3.23767e-13 7.07222e-14 1.46354e-14 2.8691e-15 5.32758e-16 9.36904e-17 1.56013e-17 2.45941e-18 3.66928e-19 5.17926e-20 6.91391e-21 8.7247e-22 1.04021e-22 1.17106e-23 1.24401e-24 1.24602e-25 1.17573e-26 1.04411e-27 8.71696e-29 6.83338e-30 5.02298e-31 3.45682e-32 2.22347e-33 1.33246e-34 4.27913e-36 
0 1.18341e-34 1.99817e-33 3.13866e-32 4.60824e-31 6.33511e-30 8.16711e-29 9.88719e-28 1.12538e-26 1.20564e-25 1.21689e-24 1.15818e-23 1.04021e-22 8.82235e-22 7.06999e-21 5.35611e-20 3.83769e-19 2.60162e-18 1.66922e-17 1.01388e-16 5.83129e-16 3.17624e-15 1.63865e-14 8.008e-14 3.70721e-13 1.6258e-12 6.75434e-12 2.65823e-11 9.91025e-11 3.49987e-10 1.17083e-09 3.71032e-09 1.11387e-08 3.16812e-08 8.53874e-08 2.18135e-07 5.28394e-07 1.21427e-06 2.64901e-06 5.49079e-06 1.0825e-05 2.03246e-05 3.6398e-05 6.22827e-05 0.000102042 0.000160438 0.000242691 0.000354175 0.000500122 0.000685436 0.000914668 0.00119217 0.00152241 0.00191028 0.00236142 0.00288234 0.00348034 0.00416322 0.00493882 0.00581447 0.0067964 0.0078893 0.00909592 0.0104169 0.0118508 0.0133941 0.0150414 0.0167856 0.0186183 0.0205302 0.0225108 0.024549 0.0266335 0.0287522 0.0308932 0.0330446 0.0351943 0.0373307 0.0394425 0.0415189 0.0435498 0.0455254 0.0474371 0.0492768 0.0510373 0.0527122 0.0542961 0.0557841 0.0571722 0.058457 0.0596359 0.0607066 0.0616675 0.0625173 0.063255 0.06388 0.0643918 0.06479 0.0650746 0.0652454 0.0653023 0.0652454 0.0650746 0.06479 0.0643918 0.06388 0.063255 0.0625173 0.0616675 0.0607066 0.0596359 0.058457 0.0571722 0.0557841 0.0542961 0.0527122 0.0510373 0.0492768 0.0474371 0.0455254 0.0435498 0.0415189 0.0394425 0.0373307 0.0351943 0.0330446 0.0308932 0.0287522 0.0266335 0.024549 0.0225108 0.0205302 0.0186183 0.0167856 0.0150414 0.0133941 0.0118508 0.0104169 0.00909592 0.0078893 0.0067964 0.00581447 0.00493882 0.00416322 0.00348034 0.00288234 0.00236142 0.00191028 0.00152241 0.00119217 0.000914668 0.000685436 0.000500122 0.000354175 0.000242691 0.000160438 0.000102042 6.22827e-05 3.6398e-05 2.03246e-05 1.0825e-05 5.49079e-06 2.64901e-06 1.21427e-06 5.28394e-07 2.18135e-07 8.53874e-08 3.16812e-08 1.11387e-08 3.71032e-09 1.17083e-09 3.49987e-10 9.91025e-11 2.65823e-11 6.75434e-12 1.6258e-12 3.70721e-13 8.008e-14 1.63865e-14 3.17624e-15 5.83129e-16 1.01388e-16 1.66922e-17 2.60162e-18 3.83769e-19 5.35611e-20 7.06999e-21 8.82235e-22 1.04021e-22 1.15818e-23 1.21689e-24 1.20564e-25 1.12538e-26 9.88719e-28 8.16711e-29 6.33511e-30 4.60824e-31 3.13865e-32 1.99543e-33 6.89195e-35 
0 1.75201e-33 2.78914e-32 4.13748e-31 5.74732e-30 7.48738e-29 9.16061e-28 1.05385e-26 1.1412e-25 1.1644e-24 1.12038e-23 1.01738e-22 8.7247e-22 7.06999e-21 5.41639e-20 3.92477e-19 2.69086e-18 1.74613e-17 1.0727e-16 6.23996e-16 3.43759e-15 1.79365e-14 8.86464e-14 4.14987e-13 1.84016e-12 7.72877e-12 3.0745e-11 1.1583e-10 4.13253e-10 1.39615e-09 4.46628e-09 1.35284e-08 3.88013e-08 1.05385e-07 2.71091e-07 6.60657e-07 1.52593e-06 3.34225e-06 6.94723e-06 1.37175e-05 2.57609e-05 4.60805e-05 7.86536e-05 0.000128374 0.000200838 0.000301995 0.000437772 0.000613764 0.000835125 0.0011067 0.0014334 0.00182066 0.00227488 0.00280372 0.00341603 0.00412152 0.00493016 0.00585143 0.00689359 0.00806301 0.00936373 0.0107972 0.0123625 0.014056 0.0158721 0.0178034 0.0198408 0.0219742 0.0241922 0.0264827 0.0288329 0.0312295 0.0336588 0.0361069 0.0385602 0.0410047 0.0434274 0.0458153 0.0481565 0.0504398 0.0526548 0.0547923 0.0568443 0.0588036 0.0606644 0.0624217 0.0640715 0.0656108 0.0670374 0.0683497 0.0695468 0.0706282 0.0715939 0.0724441 0.0731793 0.0737999 0.0743067 0.0747002 0.0749808 0.075149 0.0752051 0.075149 0.0749808 0.0747002 0.0743067 0.0737999 0.0731793 0.0724441 0.0715939 0.0706282 0.0695468 0.0683497 0.0670374 0.0656108 0.0640715 0.0624217 0.0606644 0.0588036 0.0568443 0.0547923 0.0526548 0.0504398 0.0481565 0.0458153 0.0434274 0.0410047 0.0385602 0.0361069 0.0336588 0.0312295 0.0288329 0.0264827 0.0241922 0.0219742 0.0198408 0.0178034 0.0158721 0.014056 0.0123625 0.0107972 0.00936373 0.00806301 0.00689359 0.00585143 0.00493016 0.00412152 0.00341603 0.00280372 0.00227488 0.00182066 0.0014334 0.0011067 0.000835125 0.000613764 0.000437772 0.000301995 0.000200838 0.000128374 7.86536e-05 4.60805e-05 2.57609e-05 1.37175e-05 6.94723e-06 3.34225e-06 1.52593e-06 6.60657e-07 2.71091e-07 1.05385e-07 3.88013e-08 1.35284e-08 4.46628e-09 1.39615e-09 4.13253e-10 1.1583e-10 3.0745e-11 7.72877e-12 1.84016e-12 4.14987e-13 8.86464e-14 1.79365e-14 3.43759e-15 6.23996e-16 1.0727e-16 1.74613e-17 2.69086e-18 3.92477e-19 5.41639e-20 7.06999e-21 8.7247e-22 1.01738e-22 1.12038e-23 1.1644e-24 1.1412e-25 1.05385e-26 9.16061e-28 7.48738e-29 5.74732e-30 4.13745e-31 2.78489e-32 1.03232e-33 
0 2.41699e-32 3.63536e-31 5.10222e-30 6.71647e-29 8.30408e-28 9.65475e-27 1.05672e-25 1.08986e-24 1.06009e-23 9.73207e-23 8.43817e-22 6.91391e-21 5.35611e-20 3.92477e-19 2.72128e-18 1.7859e-17 1.1096e-16 6.52814e-16 3.63728e-15 1.91941e-14 9.59352e-14 4.5416e-13 2.03632e-12 8.64684e-12 3.477e-11 1.32385e-10 4.77208e-10 1.62837e-09 5.25928e-09 1.60762e-08 4.65047e-08 1.2731e-07 3.29844e-07 8.08924e-07 1.87839e-06 4.13178e-06 8.61476e-06 1.70405e-05 3.2015e-05 5.72119e-05 9.74224e-05 0.00015842 0.000246631 0.000368673 0.000530917 0.000739212 0.000998937 0.00131537 0.00169429 0.00214267 0.00266906 0.00328374 0.00399834 0.00482512 0.00577599 0.00686152 0.00809009 0.0094673 0.0109957 0.012675 0.0145019 0.0164709 0.0185744 0.020803 0.0231459 0.0255911 0.0281255 0.0307349 0.0334043 0.0361182 0.0388602 0.0416143 0.0443641 0.0470937 0.0497879 0.0524323 0.0550136 0.0575198 0.0599402 0.0622657 0.0644885 0.0666023 0.068602 0.0704842 0.0722462 0.0738865 0.0754047 0.0768009 0.0780759 0.0792311 0.080268 0.0811886 0.0819948 0.0826886 0.083272 0.0837467 0.0841142 0.0843758 0.0845324 0.0845845 0.0845324 0.0843758 0.0841142 0.0837467 0.083272 0.0826886 0.0819948 0.0811886 0.080268 0.0792311 0.0780759 0.0768009 0.0754047 0.0738865 0.0722462 0.0704842 0.068602 0.0666023 0.0644885 0.0622657 0.0599402 0.0575198 0.0550136 0.0524323 0.0497879 0.0470937 0.0443641 0.0416143 0.0388602 0.0361182 0.0334043 0.0307349 0.0281255 0.0255911 0.0231459 0.020803 0.0185744 0.0164709 0.0145019 0.012675 0.0109957 0.0094673 0.00809009 0.00686152 0.00577599 0.00482512 0.00399834 0.00328374 0.00266906 0.00214267 0.00169429 0.00131537 0.000998937 0.000739212 0.000530917 0.000368673 0.000246631 0.00015842 9.74224e-05 5.72119e-05 3.2015e-05 1.70405e-05 8.61476e-06 4.13178e-06 1.87839e-06 8.08924e-07 3.29844e-07 1.2731e-07 4.65047e-08 1.60762e-08 5.25928e-09 1.62837e-09 4.77208e-10 1.32385e-10 3.477e-11 8.64684e-12 2.03632e-12 4.5416e-13 9.59352e-14 1.91941e-14 3.63728e-15 6.52814e-16 1.1096e-16 1.7859e-17 2.72128e-18 3.92477e-19 5.35611e-20 6.91391e-21 8.43817e-22 9.73207e-23 1.06009e-23 1.08986e-24 1.05672e-25 9.65475e-27 8.30408e-28 6.71647e-29 5.10218e-30 3.62925e-31 1.44121e-32 
0 3.11314e-31 4.43217e-30 5.89508e-29 7.36487e-28 8.65324e-27 9.57198e-26 9.97822e-25 9.81079e-24 9.10503e-23 7.9813e-22 6.61196e-21 5.17926e-20 3.83769e-19 2.69086e-18 1.7859e-17 1.12219e-16 6.67716e-16 3.7626e-15 2.00809e-14 1.01504e-13 4.85938e-13 2.20317e-12 9.45886e-12 3.84503e-11 1.47966e-10 5.38951e-10 1.85773e-09 6.05876e-09 1.86928e-08 5.455e-08 1.50556e-07 3.92976e-07 9.70119e-07 2.26543e-06 5.00593e-06 1.04727e-05 2.07588e-05 3.90282e-05 6.9694e-05 0.000118421 0.000191889 0.000297321 0.00044191 0.000632344 0.000874646 0.00117447 0.00153779 0.00197177 0.00248554 0.0030905 0.00380006 0.00462882 0.00559133 0.00670083 0.00796805 0.00940056 0.0110024 0.0127741 0.0147131 0.0168144 0.0190704 0.0214719 0.024008 0.026666 0.0294318 0.0322899 0.0352234 0.0382141 0.0412432 0.0442912 0.0473388 0.0503668 0.0533568 0.0562918 0.0591559 0.0619351 0.0646171 0.0671914 0.0696496 0.0719849 0.0741926 0.0762693 0.0782132 0.0800237 0.0817016 0.0832483 0.0846664 0.0859586 0.0871284 0.0881795 0.0891158 0.089941 0.090659 0.0912733 0.0917871 0.0922034 0.0925245 0.0927524 0.0928886 0.0929339 0.0928886 0.0927524 0.0925245 0.0922034 0.0917871 0.0912733 0.090659 0.089941 0.0891158 0.0881795 0.0871284 0.0859586 0.0846664 0.0832483 0.0817016 0.0800237 0.0782132 0.0762693 0.0741926 0.0719849 0.0696496 0.0671914 0.0646171 0.0619351 0.0591559 0.0562918 0.0533568 0.0503668 0.0473388 0.0442912 0.0412432 0.0382141 0.0352234 0.0322899 0.0294318 0.026666 0.024008 0.0214719 0.0190704 0.0168144 0.0147131 0.0127741 0.0110024 0.00940056 0.00796805 0.00670083 0.00559133 0.00462882 0.00380006 0.0030905 0.00248554 0.00197177 0.00153779 0.00117447 0.000874646 0.000632344 0.00044191 0.000297321 0.000191889 0.000118421 6.9694e-05 3.90282e-05 2.07588e-05 1.04727e-05 5.00593e-06 2.26543e-06 9.70119e-07 3.92976e-07 1.50556e-07 5.455e-08 1.86928e-08 6.05876e-09 1.85773e-09 5.38951e-10 1.47966e-10 3.84503e-11 9.45886e-12 2.20317e-12 4.85938e-13 1.01504e-13 2.00809e-14 3.7626e-15 6.67716e-16 1.12219e-16 1.7859e-17 2.69086e-18 3.83769e-19 5.17926e-20 6.61196e-21 7.9813e-22 9.10503e-23 9.81079e-24 9.97822e-25 9.57198e-26 8.65324e-27 7.36487e-28 5.89503e-29 4.42399e-30 1.87899e-31 
0 3.75023e-30 5.06238e-29 6.39047e-28 7.58717e-27 8.48157e-26 8.93593e-25 8.88057e-24 8.33117e-23 7.3828e-22 6.1835e-21 4.89734e-20 3.66928e-19 2.60162e-18 1.74613e-17 1.1096e-16 6.67716e-16 3.80532e-15 2.05395e-14 1.04999e-13 5.08344e-13 2.33061e-12 1.01173e-11 4.15786e-11 1.61733e-10 5.95331e-10 2.0732e-09 6.82877e-09 2.12693e-08 6.26291e-08 1.74311e-07 4.58501e-07 1.13971e-06 2.6774e-06 5.94541e-06 1.24847e-05 2.48074e-05 4.66888e-05 8.33398e-05 0.000141343 0.000228285 0.000352127 0.00052052 0.000740349 0.00101778 0.00135889 0.00177076 0.00226258 0.00284635 0.00353691 0.00435107 0.00530618 0.00641846 0.0077015 0.00916522 0.0108155 0.0126543 0.0146802 0.0168888 0.0192734 0.0218253 0.0245336 0.0273855 0.0303662 0.0334586 0.0366434 0.0398997 0.0432053 0.046537 0.0498715 0.0531859 0.0564584 0.0596684 0.0627975 0.0658292 0.0687493 0.0715462 0.0742104 0.0767348 0.0791145 0.0813466 0.0834299 0.0853648 0.0871533 0.0887984 0.090304 0.0916751 0.0929169 0.0940351 0.0950359 0.0959251 0.0967088 0.0973926 0.097982 0.098482 0.0988971 0.0992312 0.0994876 0.0996688 0.0997768 0.0998127 0.0997768 0.0996688 0.0994876 0.0992312 0.0988971 0.098482 0.097982 0.0973926 0.0967088 0.0959251 0.0950359 0.0940351 0.0929169 0.0916751 0.090304 0.0887984 0.0871533 0.0853648 0.0834299 0.0813466 0.0791145 0.0767348 0.0742104 0.0715462 0.0687493 0.0658292 0.0627975 0.0596684 0.0564584 0.0531859 0.0498715 0.046537 0.0432053 0.0398997 0.0366434 0.0334586 0.0303662 0.0273855 0.0245336 0.0218253 0.0192734 0.0168888 0.0146802 0.0126543 0.0108155 0.00916522 0.0077015 0.00641846 0.00530618 0.00435107 0.00353691 0.00284635 0.00226258 0.00177076 0.00135889 0.00101778 0.000740349 0.00052052 0.000352127 0.000228285 0.000141343 8.33398e-05 4.66888e-05 2.48074e-05 1.24847e-05 5.94541e-06 2.6774e-06 1.13971e-06 4.58501e-07 1.74311e-07 6.26291e-08 2.12693e-08 6.82877e-09 2.0732e-09 5.95331e-10 1.61733e-10 4.15786e-11 1.01173e-11 2.33061e-12 5.08344e-13 1.04999e-13 2.05395e-14 3.80532e-15 6.67716e-16 1.1096e-16 1.74613e-17 2.60162e-18 3.66928e-19 4.89734e-20 6.1835e-21 7.3828e-22 8.33117e-23 8.88057e-24 8.93593e-25 8.48157e-26 7.58717e-27 6.3904e-28 5.05215e-29 2.29176e-30 
