0 0 0 0 0 0 0 0 0 0 0 0 0 0 0 0 0 0 0 0 0 0 0 0 0 0 0 0 0 0 0 0 0 0 0 0 0 0 0 0 0 0 0 0 0 0 0 0 0 0 0 0 0 0 0 0 0 0 0 0 0 0 0 0 0 0 0 0 0 0 0 0 0 0 0 0 0 0 0 0 0 0 0 0 0 0 0 0 0 0 0 0 0 0 0 0 0 0 0 0 0 0 0 0 0 0 0 0 0 0 0 0 0 0 0 0 0 0 0 0 0 0 0 0 0 0 0 0 0 0 0 0 0 0 0 0 0 0 0 0 0 0 0 0 0 0 0 0 0 0 0 0 0 0 0 0 0 0 0 0 0 0 0 0 0 0 0 0 0 0 0 0 0 0 0 0 0 0 0 0 0 0 0 0 0 0 0 0 0 0 0 0 0 0 0 0 0 0 0 0 
0 2.22105e-30 2.52495e-29 2.69623e-28 2.72439e-27 2.60702e-26 2.3642e-25 2.03312e-24 1.65892e-23 1.28495e-22 9.4524e-22 6.60635e-21 4.3883e-20 2.77125e-19 1.66424e-18 9.50639e-18 5.16602e-17 2.67123e-16 1.31444e-15 6.1559e-15 2.74418e-14 1.16449e-13 4.70437e-13 1.80942e-12 6.62645e-12 2.31083e-11 7.67443e-11 2.42756e-10 7.31498e-10 2.10021e-09 5.74691e-09 1.49922e-08 3.73016e-08 8.85582e-08 2.00733e-07 4.34703e-07 9.00097e-07 1.78362e-06 3.38593e-06 6.16473e-06 1.07786e-05 1.81227e-05 2.93462e-05 4.58404e-05 6.91922e-05 0.000101103 0.000143281 0.000197331 0.000264649 0.00034636 0.000443305 0.000556079 0.000685126 0.000830856 0.00099377 0.00117457 0.00137419 0.00159384 0.0018349 0.00209883 0.00238699 0.00270053 0.00304015 0.00340606 0.0037978 0.00421428 0.00465375 0.00511387 0.00559178 0.00608423 0.0065877 0.00709854 0.00761304 0.00812759 0.00863873 0.00914322 0.00963809 0.0101207 0.0105887 0.01104 0.011473 0.0118862 0.0122786 0.0126493 0.0129977 0.0133233 0.0136261 0.0139059 0.0141628 0.0143971 0.0146091 0.0147991 0.0149676 0.015115 0.0152416 0.015348 0.0154345 0.0155014 0.015549 0.0155774 0.0155869 0.0155774 0.015549 0.0155014 0.0154345 0.015348 0.0152416 0.015115 0.0149676 0.0147991 0.0146091 0.0143971 0.0141628 0.0139059 0.0136261 0.0133233 0.0129977 0.0126493 0.0122786 0.0118862 0.011473 0.01104 0.0105887 0.0101207 0.00963809 0.00914322 0.00863873 0.00812759 0.00761304 0.00709854 0.0065877 0.00608423 0.00559178 0.00511387 0.00465375 0.00421428 0.0037978 0.00340606 0.00304015 0.00270053 0.00238699 0.00209883 0.0018349 0.00159384 0.00137419 0.00117457 0.00099377 0.000830856 0.000685126 0.000556079 0.000443305 0.00034636 0.000264649 0.000197331 0.000143281 0.000101103 6.91922e-05 4.58404e-05 2.93462e-05 1.81227e-05 1.07786e-05 6.16473e-06 3.38593e-06 1.78362e-06 9.00097e-07 4.34703e-07 2.00733e-07 8.85582e-08 3.73016e-08 1.49922e-08 5.74691e-09 2.10021e-09 7.31498e-10 2.42756e-10 7.67443e-11 2.31083e-11 6.62645e-12 1.80942e-12 4.70437e-13 1.16449e-13 2.74418e-14 6.1559e-15 1.31444e-15 2.67123e-16 5.16602e-17 9.50639e-18 1.66424e-18 2.77125e-19 4.3883e-20 6.60635e-21 9.4524e-22 1.28495e-22 1.65892e-23 2.03312e-24 2.3642e-25 2.60702e-26 2.72439e-27 2.69617e-28 2.51692e-29 1.26486e-30 
0 2.52495e-29 2.74486e-28 2.80381e-27 2.7125e-26 2.48719e-25 2.16291e-24 1.78485e-23 1.39836e-22 1.04059e-21 7.35788e-21 4.94529e-20 3.16028e-19 1.92073e-18 1.11048e-17 6.10855e-17 3.19757e-16 1.59299e-15 7.55377e-15 3.40965e-14 1.46516e-13 5.99401e-13 2.3347e-12 8.65875e-12 3.05786e-11 1.02838e-10 3.29392e-10 1.00497e-09 2.92111e-09 8.09096e-09 2.13616e-08 5.37785e-08 1.29156e-07 2.96069e-07 6.48217e-07 1.35653e-06 2.71586e-06 5.20704e-06 9.57149e-06 1.689e-05 2.86517e-05 4.6796e-05 7.37094e-05 0.000112165 0.000165204 0.000235971 0.000327534 0.000442712 0.000583962 0.000753336 0.000952522 0.00118297 0.00144605 0.00174324 0.00207625 0.00244713 0.00285823 0.0033121 0.00381133 0.00435828 0.00495484 0.00560219 0.00630058 0.00704921 0.00784614 0.00868833 0.00957171 0.0104913 0.0114414 0.0124157 0.0134077 0.0144105 0.0154176 0.0164223 0.0174183 0.0183998 0.0193615 0.0202984 0.0212062 0.0220811 0.02292 0.0237202 0.0244796 0.0251965 0.0258699 0.0264989 0.0270832 0.0276228 0.0281179 0.028569 0.0289767 0.0293419 0.0296653 0.029948 0.0301908 0.0303945 0.03056 0.030688 0.030779 0.0308334 0.0308516 0.0308334 0.030779 0.030688 0.03056 0.0303945 0.0301908 0.029948 0.0296653 0.0293419 0.0289767 0.028569 0.0281179 0.0276228 0.0270832 0.0264989 0.0258699 0.0251965 0.0244796 0.0237202 0.02292 0.0220811 0.0212062 0.0202984 0.0193615 0.0183998 0.0174183 0.0164223 0.0154176 0.0144105 0.0134077 0.0124157 0.0114414 0.0104913 0.00957171 0.00868833 0.00784614 0.00704921 0.00630058 0.00560219 0.00495484 0.00435828 0.00381133 0.0033121 0.00285823 0.00244713 0.00207625 0.00174324 0.00144605 0.00118297 0.000952522 0.000753336 0.000583962 0.000442712 0.000327534 0.000235971 0.000165204 0.000112165 7.37094e-05 4.6796e-05 2.86517e-05 1.689e-05 9.57149e-06 5.20704e-06 2.71586e-06 1.35653e-06 6.48217e-07 2.96069e-07 1.29156e-07 5.37785e-08 2.13616e-08 8.09096e-09 2.92111e-09 1.00497e-09 3.29392e-10 1.02838e-10 3.05786e-11 8.65875e-12 2.3347e-12 5.99401e-13 1.46516e-13 3.40965e-14 7.55377e-15 1.59299e-15 3.19757e-16 6.10855e-17 1.11048e-17 1.92073e-18 3.16028e-19 4.94529e-20 7.35788e-21 1.04059e-21 1.39836e-22 1.78485e-23 2.16291e-24 2.48719e-25 2.7125e-26 2.80374e-27 2.73545e-28 1.4553e-29 
0 2.69623e-28 2.80381e-27 2.74012e-26 2.53809e-25 2.22979e-24 1.859e-23 1.47153e-22 1.10643e-21 7.90517e-21 5.3688e-20 3.46696e-19 2.12928e-18 1.24401e-17 6.91505e-17 3.65773e-16 1.84128e-15 8.82191e-15 4.02316e-14 1.74645e-13 7.21683e-13 2.83891e-12 1.06312e-11 3.79016e-11 1.28645e-10 4.15732e-10 1.27927e-09 3.74882e-09 1.04637e-08 2.78253e-08 7.05163e-08 1.70376e-07 3.92652e-07 8.63679e-07 1.8145e-06 3.64417e-06 7.00345e-06 1.28944e-05 2.27739e-05 3.86416e-05 6.30896e-05 9.92913e-05 0.000150917 0.000221984 0.000316651 0.000439018 0.000592949 0.000781974 0.00100929 0.00127785 0.00159052 0.00195026 0.00236028 0.0028241 0.00334555 0.00392863 0.00457728 0.00529509 0.00608503 0.00694909 0.0078881 0.00890155 0.00998747 0.0111425 0.012362 0.0136399 0.0149695 0.0163428 0.0177516 0.019187 0.0206401 0.0221019 0.0235634 0.0250161 0.0264517 0.0278625 0.0292414 0.0305819 0.0318781 0.0331251 0.0343186 0.0354549 0.0365313 0.0375458 0.0384967 0.0393833 0.0402053 0.0409628 0.0416565 0.0422873 0.0428563 0.043365 0.0438147 0.0442071 0.0445436 0.0448256 0.0450544 0.0452311 0.0453567 0.0454318 0.0454567 0.0454318 0.0453567 0.0452311 0.0450544 0.0448256 0.0445436 0.0442071 0.0438147 0.043365 0.0428563 0.0422873 0.0416565 0.0409628 0.0402053 0.0393833 0.0384967 0.0375458 0.0365313 0.0354549 0.0343186 0.0331251 0.0318781 0.0305819 0.0292414 0.0278625 0.0264517 0.0250161 0.0235634 0.0221019 0.0206401 0.019187 0.0177516 0.0163428 0.0149695 0.0136399 0.012362 0.0111425 0.00998747 0.00890155 0.0078881 0.00694909 0.00608503 0.00529509 0.00457728 0.00392863 0.00334555 0.0028241 0.00236028 0.00195026 0.00159052 0.00127785 0.00100929 0.000781974 0.000592949 0.000439018 0.000316651 0.000221984 0.000150917 9.92913e-05 6.30896e-05 3.86416e-05 2.27739e-05 1.28944e-05 7.00345e-06 3.64417e-06 1.8145e-06 8.63679e-07 3.92652e-07 1.70376e-07 7.05163e-08 2.78253e-08 1.04637e-08 3.74882e-09 1.27927e-09 4.15732e-10 1.28645e-10 3.79016e-11 1.06312e-11 2.83891e-12 7.21683e-13 1.74645e-13 4.02316e-14 8.82191e-15 1.84128e-15 3.65773e-16 6.91505e-17 1.24401e-17 2.12928e-18 3.46696e-19 5.3688e-20 7.90517e-21 1.10643e-21 1.47153e-22 1.859e-23 2.22979e-24 2.53809e-25 2.74003e-26 2.79347e-27 1.57346e-28 
0 2.72439e-27 2.7125e-26 2.53809e-25 2.25246e-24 1.8971e-23 1.51712e-22 1.15248e-21 8.31952e-21 5.70894e-20 3.72502e-19 2.31164e-18 1.36464e-17 7.66468e-17 4.09639e-16 2.08346e-15 1.00849e-14 4.64607e-14 2.03721e-13 8.50213e-13 3.37723e-12 1.27682e-11 4.59446e-11 1.57352e-10 5.12921e-10 1.59142e-09 4.70007e-09 1.32148e-08 3.53772e-08 9.01986e-08 2.19093e-07 5.07217e-07 1.11977e-06 2.35895e-06 4.74592e-06 9.12755e-06 1.68002e-05 2.96331e-05 5.01639e-05 8.16383e-05 0.000127967 0.000193595 0.000283299 0.000401949 0.000554303 0.000744878 0.00097793 0.00125757 0.00158796 0.00197355 0.00241922 0.00293043 0.00351309 0.00417335 0.00491729 0.00575047 0.00667748 0.00770159 0.00882446 0.0100459 0.011364 0.0127749 0.0142733 0.0158522 0.0175037 0.0192187 0.0209875 0.0227997 0.0246448 0.0265118 0.0283898 0.0302681 0.0321361 0.0339836 0.0358009 0.0375791 0.0393098 0.0409854 0.0425993 0.0441459 0.0456203 0.0470187 0.0483383 0.0495771 0.0507339 0.0518084 0.0528009 0.0537121 0.0545436 0.055297 0.0559744 0.056578 0.0571101 0.057573 0.057969 0.0583001 0.0585683 0.0587752 0.0589219 0.0590096 0.0590388 0.0590096 0.0589219 0.0587752 0.0585683 0.0583001 0.057969 0.057573 0.0571101 0.056578 0.0559744 0.055297 0.0545436 0.0537121 0.0528009 0.0518084 0.0507339 0.0495771 0.0483383 0.0470187 0.0456203 0.0441459 0.0425993 0.0409854 0.0393098 0.0375791 0.0358009 0.0339836 0.0321361 0.0302681 0.0283898 0.0265118 0.0246448 0.0227997 0.0209875 0.0192187 0.0175037 0.0158522 0.0142733 0.0127749 0.011364 0.0100459 0.00882446 0.00770159 0.00667748 0.00575047 0.00491729 0.00417335 0.00351309 0.00293043 0.00241922 0.00197355 0.00158796 0.00125757 0.00097793 0.000744878 0.000554303 0.000401949 0.000283299 0.000193595 0.000127967 8.16383e-05 5.01639e-05 2.96331e-05 1.68002e-05 9.12755e-06 4.74592e-06 2.35895e-06 1.11977e-06 5.07217e-07 2.19093e-07 9.01986e-08 3.53772e-08 1.32148e-08 4.70007e-09 1.59142e-09 5.12921e-10 1.57352e-10 4.59446e-11 1.27682e-11 3.37723e-12 8.50213e-13 2.03721e-13 4.64607e-14 1.00849e-14 2.08346e-15 4.09639e-16 7.66468e-17 1.36464e-17 2.31164e-18 3.72502e-19 5.70894e-20 8.31952e-21 1.15248e-21 1.51712e-22 1.8971e-23 2.25246e-24 2.538e-25 2.70176e-26 1.61022e-27 
0 2.60702e-26 2.48719e-25 2.22979e-24 1.8971e-23 1.53262e-22 1.17622e-21 8.57844e-21 5.94754e-20 3.92097e-19 2.45854e-18 1.46646e-17 8.32222e-17 4.49398e-16 2.30931e-15 1.12932e-14 5.25582e-14 2.32787e-13 9.81212e-13 3.93585e-12 1.50233e-11 5.45666e-11 1.88582e-10 6.20111e-10 1.94012e-09 5.77537e-09 1.63585e-08 4.40926e-08 1.13113e-07 2.76244e-07 6.42473e-07 1.42363e-06 3.00727e-06 6.06051e-06 1.16628e-05 2.14552e-05 3.77807e-05 6.37785e-05 0.000103397 0.000161298 0.000242656 0.000352894 0.000497413 0.000681406 0.000909813 0.00118745 0.00151925 0.00191065 0.0023678 0.00289778 0.00350849 0.00420842 0.0050061 0.00590958 0.00692574 0.00805981 0.00931494 0.0106919 0.0121893 0.0138033 0.015528 0.0173561 0.0192784 0.0212849 0.0233644 0.0255051 0.0276949 0.0299209 0.0321703 0.0344302 0.0366877 0.0389303 0.0411458 0.0433226 0.0454499 0.0475177 0.0495173 0.0514406 0.0532812 0.0550336 0.0566935 0.0582579 0.0597248 0.0610934 0.0623636 0.0635364 0.0646132 0.0655964 0.0664886 0.0672928 0.0680121 0.0686501 0.06921 0.0696952 0.0701086 0.0704533 0.0707316 0.0709458 0.0710975 0.071188 0.0712181 0.071188 0.0710975 0.0709458 0.0707316 0.0704533 0.0701086 0.0696952 0.06921 0.0686501 0.0680121 0.0672928 0.0664886 0.0655964 0.0646132 0.0635364 0.0623636 0.0610934 0.0597248 0.0582579 0.0566935 0.0550336 0.0532812 0.0514406 0.0495173 0.0475177 0.0454499 0.0433226 0.0411458 0.0389303 0.0366877 0.0344302 0.0321703 0.0299209 0.0276949 0.0255051 0.0233644 0.0212849 0.0192784 0.0173561 0.015528 0.0138033 0.0121893 0.0106919 0.00931494 0.00805981 0.00692574 0.00590958 0.0050061 0.00420842 0.00350849 0.00289778 0.0023678 0.00191065 0.00151925 0.00118745 0.000909813 0.000681406 0.000497413 0.000352894 0.000242656 0.000161298 0.000103397 6.37785e-05 3.77807e-05 2.14552e-05 1.16628e-05 6.06051e-06 3.00727e-06 1.42363e-06 6.42473e-07 2.76244e-07 1.13113e-07 4.40926e-08 1.63585e-08 5.77537e-09 1.94012e-09 6.20111e-10 1.88582e-10 5.45666e-11 1.50233e-11 3.93585e-12 9.81212e-13 2.32787e-13 5.25582e-14 1.12932e-14 2.30931e-15 4.49398e-16 8.32222e-17 1.46646e-17 2.45854e-18 3.92097e-19 5.94754e-20 8.57844e-21 1.17622e-21 1.53262e-22 1.8971e-23 2.22969e-24 2.47664e-25 1.561e-26 
0 2.3642e-25 2.16291e-24 1.859e-23 1.51712e-22 1.17622e-21 8.66652e-21 6.07054e-20 4.04345e-19 2.56161e-18 1.5438e-17 8.85201e-17 4.82961e-16 2.50743e-15 1.23882e-14 5.8244e-14 2.60584e-13 1.10938e-12 4.49385e-12 1.73194e-11 6.35012e-11 2.21478e-10 7.34749e-10 2.31834e-09 6.957e-09 1.98548e-08 5.38911e-08 1.39128e-07 3.41689e-07 7.985e-07 1.77626e-06 3.76313e-06 7.59786e-06 1.4632e-05 2.69058e-05 4.73019e-05 7.96291e-05 0.000128591 0.000199618 0.000298583 0.000431469 0.000604087 0.00082195 0.00109037 0.00141476 0.00180108 0.00225627 0.00278853 0.00340738 0.00412328 0.00494713 0.00588946 0.00695963 0.00816509 0.00951086 0.0109992 0.0126296 0.0143989 0.0163016 0.0183299 0.0204745 0.0227246 0.0250683 0.0274924 0.0299832 0.0325261 0.0351061 0.0377078 0.0403157 0.0429145 0.045489 0.0480249 0.0505087 0.0529277 0.0552709 0.0575282 0.0596912 0.0617532 0.0637086 0.0655536 0.0672856 0.0689036 0.0704075 0.0717985 0.0730786 0.0742506 0.0753181 0.0762849 0.0771554 0.0779342 0.0786258 0.079235 0.0797662 0.0802238 0.0806116 0.0809333 0.081192 0.0813904 0.0815306 0.0816141 0.0816418 0.0816141 0.0815306 0.0813904 0.081192 0.0809333 0.0806116 0.0802238 0.0797662 0.079235 0.0786258 0.0779342 0.0771554 0.0762849 0.0753181 0.0742506 0.0730786 0.0717985 0.0704075 0.0689036 0.0672856 0.0655536 0.0637086 0.0617532 0.0596912 0.0575282 0.0552709 0.0529277 0.0505087 0.0480249 0.045489 0.0429145 0.0403157 0.0377078 0.0351061 0.0325261 0.0299832 0.0274924 0.0250683 0.0227246 0.0204745 0.0183299 0.0163016 0.0143989 0.0126296 0.0109992 0.00951086 0.00816509 0.00695963 0.00588946 0.00494713 0.00412328 0.00340738 0.00278853 0.00225627 0.00180108 0.00141476 0.00109037 0.00082195 0.000604087 0.000431469 0.000298583 0.000199618 0.000128591 7.96291e-05 4.73019e-05 2.69058e-05 1.4632e-05 7.59786e-06 3.76313e-06 1.77626e-06 7.985e-07 3.41689e-07 1.39128e-07 5.38911e-08 1.98548e-08 6.957e-09 2.31834e-09 7.34749e-10 2.21478e-10 6.35012e-11 1.73194e-11 4.49385e-12 1.10938e-12 2.60584e-13 5.8244e-14 1.23882e-14 2.50743e-15 4.82961e-16 8.85201e-17 1.5438e-17 2.56161e-18 4.04345e-19 6.07054e-20 8.66652e-21 1.17622e-21 1.51712e-22 1.8589e-23 2.15311e-24 1.43456e-25 
0 2.03312e-24 1.78485e-23 1.47153e-22 1.15248e-21 8.57844e-21 6.07054e-20 4.08511e-19 2.61475e-18 1.59213e-17 9.22374e-17 5.08453e-16 2.66706e-15 1.33125e-14 6.32306e-14 2.85768e-13 1.22883e-12 5.02709e-12 1.95634e-11 7.24135e-11 2.54909e-10 8.53267e-10 2.71557e-09 8.2161e-09 2.36299e-08 6.45995e-08 1.67868e-07 4.14682e-07 9.7396e-07 2.17554e-06 4.62355e-06 9.35451e-06 1.80319e-05 3.31493e-05 5.81928e-05 9.77018e-05 0.000157175 0.000242813 0.000361136 0.000518596 0.000721322 0.000975109 0.00128572 0.00165939 0.0021035 0.00262696 0.00324046 0.00395619 0.00478717 0.00574631 0.00684543 0.00809426 0.00949978 0.0110658 0.0127931 0.0146794 0.0167195 0.0189064 0.0212308 0.0236818 0.026247 0.0289125 0.0316633 0.0344832 0.0373547 0.04026 0.0431804 0.0460975 0.048993 0.051849 0.0546491 0.0573778 0.0600214 0.0625677 0.0650067 0.0673299 0.0695311 0.0716056 0.0735506 0.075365 0.077049 0.0786042 0.0800334 0.0813401 0.082529 0.0836051 0.0845741 0.0854417 0.0862142 0.0868975 0.0874979 0.088021 0.0884726 0.0888578 0.0891815 0.0894478 0.0896605 0.0898226 0.0899367 0.0900044 0.0900268 0.0900044 0.0899367 0.0898226 0.0896605 0.0894478 0.0891815 0.0888578 0.0884726 0.088021 0.0874979 0.0868975 0.0862142 0.0854417 0.0845741 0.0836051 0.082529 0.0813401 0.0800334 0.0786042 0.077049 0.075365 0.0735506 0.0716056 0.0695311 0.0673299 0.0650067 0.0625677 0.0600214 0.0573778 0.0546491 0.051849 0.048993 0.0460975 0.0431804 0.04026 0.0373547 0.0344832 0.0316633 0.0289125 0.026247 0.0236818 0.0212308 0.0189064 0.0167195 0.0146794 0.0127931 0.0110658 0.00949978 0.00809426 0.00684543 0.00574631 0.00478717 0.00395619 0.00324046 0.00262696 0.0021035 0.00165939 0.00128572 0.000975109 0.000721322 0.000518596 0.000361136 0.000242813 0.000157175 9.77018e-05 5.81928e-05 3.31493e-05 1.80319e-05 9.35451e-06 4.62355e-06 2.17554e-06 9.7396e-07 4.14682e-07 1.67868e-07 6.45995e-08 2.36299e-08 8.2161e-09 2.71557e-09 8.53267e-10 2.54909e-10 7.24135e-11 1.95634e-11 5.02709e-12 1.22883e-12 2.85768e-13 6.32306e-14 1.33125e-14 2.66706e-15 5.08453e-16 9.22374e-17 1.59213e-17 2.61475e-18 4.08511e-19 6.07054e-20 8.57844e-21 1.15248e-21 1.47144e-22 1.77623e-23 1.25057e-24 
0 1.65892e-23 1.39836e-22 1.10643e-21 8.31952e-21 5.94754e-20 4.04345e-19 2.61475e-18 1.60858e-17 9.4154e-17 5.24387e-16 2.77907e-15 1.40145e-14 6.72478e-14 3.07021e-13 1.33354e-12 5.5099e-12 2.16529e-11 8.09199e-11 2.87531e-10 9.71243e-10 3.1182e-09 9.51352e-09 2.75785e-08 7.59524e-08 1.9871e-07 4.9386e-07 1.16607e-06 2.61613e-06 5.57895e-06 1.1314e-05 2.18352e-05 4.01407e-05 7.03778e-05 0.000117866 0.000188923 0.000290494 0.000429676 0.000613295 0.000847725 0.00113908 0.00149375 0.00191923 0.00242477 0.00302185 0.00372404 0.00454633 0.00550403 0.00661147 0.0078808 0.00932112 0.010938 0.0127334 0.0147061 0.0168519 0.0191641 0.021634 0.024251 0.0270026 0.0298744 0.0328502 0.035912 0.0390402 0.0422141 0.0454119 0.0486114 0.0517909 0.0549293 0.0580064 0.061004 0.0639057 0.0666972 0.0693665 0.071904 0.0743023 0.0765563 0.0786628 0.0806209 0.082431 0.0840953 0.0856174 0.0870019 0.0882543 0.0893812 0.0903895 0.0912865 0.0920799 0.0927775 0.093387 0.0939159 0.0943716 0.0947611 0.0950909 0.0953669 0.0955947 0.0957791 0.0959242 0.0960334 0.0961095 0.0961543 0.0961692 0.0961543 0.0961095 0.0960334 0.0959242 0.0957791 0.0955947 0.0953669 0.0950909 0.0947611 0.0943716 0.0939159 0.093387 0.0927775 0.0920799 0.0912865 0.0903895 0.0893812 0.0882543 0.0870019 0.0856174 0.0840953 0.082431 0.0806209 0.0786628 0.0765563 0.0743023 0.071904 0.0693665 0.0666972 0.0639057 0.061004 0.0580064 0.0549293 0.0517909 0.0486114 0.0454119 0.0422141 0.0390402 0.035912 0.0328502 0.0298744 0.0270026 0.024251 0.021634 0.0191641 0.0168519 0.0147061 0.0127334 0.010938 0.00932112 0.0078808 0.00661147 0.00550403 0.00454633 0.00372404 0.00302185 0.00242477 0.00191923 0.00149375 0.00113908 0.000847725 0.000613295 0.000429676 0.000290494 0.000188923 0.000117866 7.03778e-05 4.01407e-05 2.18352e-05 1.1314e-05 5.57895e-06 2.61613e-06 1.16607e-06 4.9386e-07 1.9871e-07 7.59524e-08 2.75785e-08 9.51352e-09 3.1182e-09 9.71243e-10 2.87531e-10 8.09199e-11 2.16529e-11 5.5099e-12 1.33354e-12 3.07021e-13 6.72478e-14 1.40145e-14 2.77907e-15 5.24387e-16 9.4154e-17 1.60858e-17 2.61475e-18 4.04345e-19 5.94754e-20 8.31951e-21 1.10635e-21 1.39118e-22 1.03473e-23 
0 1.28495e-22 1.04059e-21 7.90517e-21 5.70894e-20 3.92097e-19 2.56161e-18 1.59213e-17 9.4154e-17 5.29809e-16 2.83681e-15 1.44533e-14 7.00662e-14 3.23158e-13 1.41787e-12 5.91712e-12 2.34834e-11 8.86141e-11 3.17866e-10 1.08364e-09 3.51018e-09 1.08012e-08 3.15662e-08 8.75977e-08 2.3079e-07 5.77233e-07 1.37053e-06 3.08933e-06 6.61265e-06 1.34461e-05 2.5989e-05 4.77901e-05 8.37071e-05 0.000139877 0.000223438 0.000342037 0.000503258 0.000714205 0.000981466 0.00131158 0.0017119 0.00219162 0.00276251 0.0034391 0.00423809 0.00517715 0.00627332 0.00754147 0.00899314 0.0106359 0.0124733 0.0145053 0.0167287 0.0191379 0.0217246 0.0244789 0.0273884 0.0304381 0.0336109 0.0368868 0.0402438 0.0436579 0.0471038 0.0505557 0.0539879 0.0573756 0.0606954 0.063926 0.0670484 0.0700461 0.0729053 0.0756151 0.0781671 0.0805556 0.0827771 0.0848305 0.0867168 0.0884385 0.0900001 0.0914071 0.0926663 0.0937856 0.0947734 0.0956386 0.0963907 0.0970392 0.0975936 0.0980633 0.0984575 0.0987851 0.0990544 0.0992732 0.0994488 0.0995879 0.0996962 0.0997789 0.0998405 0.0998847 0.0999142 0.099931 0.0999365 0.099931 0.0999142 0.0998847 0.0998405 0.0997789 0.0996962 0.0995879 0.0994488 0.0992732 0.0990544 0.0987851 0.0984575 0.0980633 0.0975936 0.0970392 0.0963907 0.0956386 0.0947734 0.0937856 0.0926663 0.0914071 0.0900001 0.0884385 0.0867168 0.0848305 0.0827771 0.0805556 0.0781671 0.0756151 0.0729053 0.0700461 0.0670484 0.063926 0.0606954 0.0573756 0.0539879 0.0505557 0.0471038 0.0436579 0.0402438 0.0368868 0.0336109 0.0304381 0.0273884 0.0244789 0.0217246 0.0191379 0.0167287 0.0145053 0.0124733 0.0106359 0.00899314 0.00754147 0.00627332 0.00517715 0.00423809 0.0034391 0.00276251 0.00219162 0.0017119 0.00131158 0.000981466 0.000714205 0.000503258 0.000342037 0.000223438 0.000139877 8.37071e-05 4.77901e-05 2.5989e-05 1.34461e-05 6.61265e-06 3.08933e-06 1.37053e-06 5.77233e-07 2.3079e-07 8.75977e-08 3.15662e-08 1.08012e-08 3.51018e-09 1.08364e-09 3.17866e-10 8.86141e-11 2.34834e-11 5.91712e-12 1.41787e-12 3.23158e-13 7.00662e-14 1.44533e-14 2.83681e-15 5.29809e-16 9.4154e-17 1.59213e-17 2.56161e-18 3.92097e-19 5.70893e-20 7.90452e-21 1.03492e-21 8.13009e-23 
0 9.4524e-22 7.35788e-21 5.3688e-20 3.72502e-19 2.45854e-18 1.5438e-17 9.22374e-17 5.24387e-16 2.83681e-15 1.46026e-14 7.15192e-14 3.33243e-13 1.47702e-12 6.22622e-12 2.49566e-11 9.50983e-11 3.4441e-10 1.18516e-09 3.87396e-09 1.2025e-08 3.54359e-08 9.91093e-08 2.63024e-07 6.62226e-07 1.58159e-06 3.58306e-06 7.70077e-06 1.57059e-05 3.04134e-05 5.59613e-05 9.79563e-05 0.000163374 0.000260161 0.000396602 0.000580671 0.00081967 0.00112042 0.00149009 0.00193739 0.00247381 0.00311419 0.00387648 0.00478053 0.00584621 0.00709146 0.00853074 0.0101741 0.012027 0.0140911 0.0163644 0.0188426 0.0215186 0.0243832 0.0274243 0.0306271 0.0339729 0.03744 0.0410035 0.0446359 0.0483079 0.0519897 0.0556515 0.0592645 0.062802 0.0662393 0.0695548 0.0727297 0.0757483 0.0785982 0.0812698 0.0837565 0.0860545 0.0881625 0.0900814 0.0918146 0.0933672 0.0947458 0.0959586 0.0970149 0.0979249 0.0986995 0.09935 0.0998878 0.100324 0.100671 0.10094 0.101141 0.101284 0.101379 0.101435 0.101461 0.101463 0.10145 0.101426 0.101396 0.101367 0.10134 0.101318 0.101305 0.1013 0.101305 0.101318 0.10134 0.101367 0.101396 0.101426 0.10145 0.101463 0.101461 0.101435 0.101379 0.101284 0.101141 0.10094 0.100671 0.100324 0.0998878 0.09935 0.0986995 0.0979249 0.0970149 0.0959586 0.0947458 0.0933672 0.0918146 0.0900814 0.0881625 0.0860545 0.0837565 0.0812698 0.0785982 0.0757483 0.0727297 0.0695548 0.0662393 0.062802 0.0592645 0.0556515 0.0519897 0.0483079 0.0446359 0.0410035 0.03744 0.0339729 0.0306271 0.0274243 0.0243832 0.0215186 0.0188426 0.0163644 0.0140911 0.012027 0.0101741 0.00853074 0.00709146 0.00584621 0.00478053 0.00387648 0.00311419 0.00247381 0.00193739 0.00149009 0.00112042 0.00081967 0.000580671 0.000396602 0.000260161 0.000163374 9.79563e-05 5.59613e-05 3.04134e-05 1.57059e-05 7.70077e-06 3.58306e-06 1.58159e-06 6.62226e-07 2.63024e-07 9.91093e-08 3.54359e-08 1.2025e-08 3.87396e-09 1.18516e-09 3.4441e-10 9.50983e-11 2.49566e-11 6.22622e-12 1.47702e-12 3.33243e-13 7.15192e-14 1.46026e-14 2.83681e-15 5.24387e-16 9.22374e-17 1.5438e-17 2.45854e-18 3.72501e-19 5.36829e-20 7.31552e-21 6.06899e-22 
0 6.60635e-21 4.94529e-20 3.46696e-19 2.31164e-18 1.46646e-17 8.85201e-17 5.08453e-16 2.77907e-15 1.44533e-14 7.15192e-14 3.36674e-13 1.50751e-12 6.41934e-12 2.59895e-11 1.00017e-10 3.65755e-10 1.27061e-09 4.19176e-09 1.31279e-08 3.90174e-08 1.10011e-07 2.94168e-07 7.45786e-07 1.79225e-06 4.08223e-06 8.81277e-06 1.80353e-05 3.50034e-05 6.4474e-05 0.00011283 0.000187894 0.00029839 0.000453168 0.000660497 0.000927824 0.00126228 0.00167194 0.00216739 0.00276297 0.0034771 0.0043313 0.00534822 0.00654919 0.0079521 0.00957003 0.011411 0.0134786 0.0157727 0.0182904 0.0210263 0.0239727 0.0271183 0.0304483 0.0339435 0.0375799 0.0413298 0.045162 0.0490431 0.0529386 0.0568145 0.0606378 0.0643781 0.0680072 0.0715003 0.0748361 0.0779965 0.080967 0.0837364 0.0862969 0.0886438 0.0907754 0.092693 0.0944002 0.095903 0.0972097 0.0983298 0.0992748 0.100057 0.100689 0.101185 0.101558 0.101823 0.101992 0.102079 0.102097 0.102058 0.101973 0.101853 0.101707 0.101545 0.101374 0.101202 0.101036 0.10088 0.100741 0.100621 0.100524 0.100454 0.10041 0.100396 0.10041 0.100454 0.100524 0.100621 0.100741 0.10088 0.101036 0.101202 0.101374 0.101545 0.101707 0.101853 0.101973 0.102058 0.102097 0.102079 0.101992 0.101823 0.101558 0.101185 0.100689 0.100057 0.0992748 0.0983298 0.0972097 0.095903 0.0944002 0.092693 0.0907754 0.0886438 0.0862969 0.0837364 0.080967 0.0779965 0.0748361 0.0715003 0.0680072 0.0643781 0.0606378 0.0568145 0.0529386 0.0490431 0.045162 0.0413298 0.0375799 0.0339435 0.0304483 0.0271183 0.0239727 0.0210263 0.0182904 0.0157727 0.0134786 0.011411 0.00957003 0.0079521 0.00654919 0.00534822 0.0043313 0.0034771 0.00276297 0.00216739 0.00167194 0.00126228 0.000927824 0.000660497 0.000453168 0.00029839 0.000187894 0.00011283 6.4474e-05 3.50034e-05 1.80353e-05 8.81277e-06 4.08223e-06 1.79225e-06 7.45786e-07 2.94168e-07 1.10011e-07 3.90174e-08 1.31279e-08 4.19176e-09 1.27061e-09 3.65755e-10 1.00017e-10 2.59895e-11 6.41934e-12 1.50751e-12 3.36674e-13 7.15192e-14 1.44533e-14 2.77907e-15 5.08453e-16 8.85201e-17 1.46646e-17 2.31164e-18 3.46658e-19 4.91526e-20 4.30594e-21 
0 4.3883e-20 3.16028e-19 2.12928e-18 1.36464e-17 8.32222e-17 4.82961e-16 2.66706e-15 1.40145e-14 7.00662e-14 3.33243e-13 1.50751e-12 6.48503e-12 2.65219e-11 1.03089e-10 3.80711e-10 1.33537e-09 4.447e-09 1.40547e-08 4.21391e-08 1.19808e-07 3.22884e-07 8.24545e-07 1.99458e-06 4.56938e-06 9.9126e-06 2.03644e-05 3.96318e-05 7.31093e-05 0.000127971 0.000212881 0.000337302 0.000510571 0.000741169 0.00103667 0.00140465 0.00185446 0.00239906 0.00305624 0.00384828 0.00480016 0.00593672 0.00727981 0.00884624 0.0106472 0.0126886 0.0149727 0.0174984 0.0202625 0.0232593 0.0264791 0.0299078 0.0335259 0.0373079 0.0412233 0.0452371 0.0493117 0.0534081 0.0574876 0.0615129 0.0654494 0.069265 0.0729313 0.0764234 0.0797203 0.0828045 0.0856626 0.0882849 0.0906653 0.0928018 0.0946953 0.0963504 0.0977743 0.0989768 0.0999698 0.100767 0.101383 0.101833 0.102135 0.102303 0.102355 0.102306 0.102172 0.101967 0.101705 0.101399 0.10106 0.100701 0.100331 0.0999595 0.0995943 0.0992431 0.0989123 0.0986077 0.0983341 0.0980957 0.0978961 0.097738 0.0976236 0.0975543 0.0975311 0.0975543 0.0976236 0.097738 0.0978961 0.0980957 0.0983341 0.0986077 0.0989123 0.0992431 0.0995943 0.0999595 0.100331 0.100701 0.10106 0.101399 0.101705 0.101967 0.102172 0.102306 0.102355 0.102303 0.102135 0.101833 0.101383 0.100767 0.0999698 0.0989768 0.0977743 0.0963504 0.0946953 0.0928018 0.0906653 0.0882849 0.0856626 0.0828045 0.0797203 0.0764234 0.0729313 0.069265 0.0654494 0.0615129 0.0574876 0.0534081 0.0493117 0.0452371 0.0412233 0.0373079 0.0335259 0.0299078 0.0264791 0.0232593 0.0202625 0.0174984 0.0149727 0.0126886 0.0106472 0.00884624 0.00727981 0.00593672 0.00480016 0.00384828 0.00305624 0.00239906 0.00185446 0.00140465 0.00103667 0.000741169 0.000510571 0.000337302 0.000212881 0.000127971 7.31093e-05 3.96318e-05 2.03644e-05 9.9126e-06 4.56938e-06 1.99458e-06 8.24545e-07 3.22884e-07 1.19808e-07 4.21391e-08 1.40547e-08 4.447e-09 1.33537e-09 3.80711e-10 1.03089e-10 2.65219e-11 6.48503e-12 1.50751e-12 3.33243e-13 7.00662e-14 1.40145e-14 2.66706e-15 4.82961e-16 8.32222e-17 1.36464e-17 2.12902e-18 3.14008e-19 2.90475e-20 
0 2.77125e-19 1.92073e-18 1.24401e-17 7.66468e-17 4.49398e-16 2.50743e-15 1.33125e-14 6.72478e-14 3.23158e-13 1.47702e-12 6.41934e-12 2.65219e-11 1.04134e-10 3.88415e-10 1.37579e-09 4.62568e-09 1.47561e-08 4.46418e-08 1.2802e-07 3.47837e-07 8.95035e-07 2.18018e-06 5.02559e-06 1.09605e-05 2.26151e-05 4.41545e-05 8.16181e-05 0.000142973 0.000237712 0.00037599 0.000567557 0.000821041 0.00114416 0.00154514 0.00203499 0.0026296 0.00335062 0.00422434 0.00527879 0.00654015 0.00802976 0.00976266 0.011748 0.0139902 0.0164908 0.0192491 0.0222618 0.0255219 0.0290169 0.0327278 0.0366282 0.0406853 0.0448607 0.0491127 0.0533977 0.0576725 0.0618953 0.0660267 0.0700303 0.0738732 0.0775263 0.0809642 0.0841658 0.0871145 0.0897979 0.0922084 0.094343 0.0962028 0.0977931 0.0991226 0.100203 0.101049 0.101678 0.102105 0.102352 0.102435 0.102375 0.10219 0.101899 0.101519 0.101066 0.100556 0.100003 0.0994218 0.0988231 0.0982186 0.0976182 0.0970308 0.0964645 0.0959264 0.0954227 0.0949588 0.0945393 0.0941682 0.0938489 0.0935841 0.0933759 0.093226 0.0931356 0.0931054 0.0931356 0.093226 0.0933759 0.0935841 0.0938489 0.0941682 0.0945393 0.0949588 0.0954227 0.0959264 0.0964645 0.0970308 0.0976182 0.0982186 0.0988231 0.0994218 0.100003 0.100556 0.101066 0.101519 0.101899 0.10219 0.102375 0.102435 0.102352 0.102105 0.101678 0.101049 0.100203 0.0991226 0.0977931 0.0962028 0.094343 0.0922084 0.0897979 0.0871145 0.0841658 0.0809642 0.0775263 0.0738732 0.0700303 0.0660267 0.0618953 0.0576725 0.0533977 0.0491127 0.0448607 0.0406853 0.0366282 0.0327278 0.0290169 0.0255219 0.0222618 0.0192491 0.0164908 0.0139902 0.011748 0.00976266 0.00802976 0.00654015 0.00527879 0.00422434 0.00335062 0.0026296 0.00203499 0.00154514 0.00114416 0.000821041 0.000567557 0.00037599 0.000237712 0.000142973 8.16181e-05 4.41545e-05 2.26151e-05 1.09605e-05 5.02559e-06 2.18018e-06 8.95035e-07 3.47837e-07 1.2802e-07 4.46418e-08 1.47561e-08 4.62568e-09 1.37579e-09 3.88415e-10 1.04134e-10 2.65219e-11 6.41934e-12 1.47702e-12 3.23158e-13 6.72478e-14 1.33125e-14 2.50743e-15 4.49398e-16 7.66466e-17 1.24384e-17 1.90785e-18 1.86371e-19 
0 1.66424e-18 1.11048e-17 6.91505e-17 4.09639e-16 2.30931e-15 1.23882e-14 6.32306e-14 3.07021e-13 1.41787e-12 6.22622e-12 2.59895e-11 1.03089e-10 3.88415e-10 1.38953e-09 4.71767e-09 1.51936e-08 4.63917e-08 1.34225e-07 3.67793e-07 9.53936e-07 2.34078e-06 5.43171e-06 1.19152e-05 2.47047e-05 4.84177e-05 8.97329e-05 0.000157402 0.000261723 0.000413498 0.000622831 0.000898454 0.00124829 0.00168142 0.00221094 0.00285615 0.00364289 0.00460133 0.0057619 0.00715116 0.00878906 0.0106886 0.0128571 0.0152987 0.0180155 0.0210073 0.0242704 0.0277953 0.0315644 0.0355517 0.0397227 0.0440365 0.0484473 0.0529076 0.0573695 0.0617864 0.0661141 0.0703111 0.0743393 0.078164 0.0817547 0.0850856 0.0881358 0.0908898 0.0933379 0.0954758 0.0973049 0.0988313 0.100066 0.101022 0.101718 0.102172 0.102405 0.10244 0.102297 0.101999 0.101568 0.101024 0.100386 0.0996733 0.0989033 0.0980918 0.0972536 0.0964019 0.0955489 0.0947054 0.093881 0.0930841 0.0923223 0.091602 0.0909288 0.0903074 0.0897421 0.0892361 0.0887925 0.0884134 0.0881009 0.0878564 0.0876809 0.0875754 0.0875401 0.0875754 0.0876809 0.0878564 0.0881009 0.0884134 0.0887925 0.0892361 0.0897421 0.0903074 0.0909288 0.091602 0.0923223 0.0930841 0.093881 0.0947054 0.0955489 0.0964019 0.0972536 0.0980918 0.0989033 0.0996733 0.100386 0.101024 0.101568 0.101999 0.102297 0.10244 0.102405 0.102172 0.101718 0.101022 0.100066 0.0988313 0.0973049 0.0954758 0.0933379 0.0908898 0.0881358 0.0850856 0.0817547 0.078164 0.0743393 0.0703111 0.0661141 0.0617864 0.0573695 0.0529076 0.0484473 0.0440365 0.0397227 0.0355517 0.0315644 0.0277953 0.0242704 0.0210073 0.0180155 0.0152987 0.0128571 0.0106886 0.00878906 0.00715116 0.0057619 0.00460133 0.00364289 0.00285615 0.00221094 0.00168142 0.00124829 0.000898454 0.000622831 0.000413498 0.000261723 0.000157402 8.97329e-05 4.84177e-05 2.47047e-05 1.19152e-05 5.43171e-06 2.34078e-06 9.53936e-07 3.67793e-07 1.34225e-07 4.63917e-08 1.51936e-08 4.71767e-09 1.38953e-09 3.88415e-10 1.03089e-10 2.59895e-11 6.22622e-12 1.41787e-12 3.07021e-13 6.32306e-14 1.23882e-14 2.30931e-15 4.09638e-16 6.91396e-17 1.10269e-17 1.13763e-18 
0 9.50639e-18 6.10855e-17 3.65773e-16 2.08346e-15 1.12932e-14 5.8244e-14 2.85768e-13 1.33354e-12 5.91712e-12 2.49566e-11 1.00017e-10 3.80711e-10 1.37579e-09 4.71767e-09 1.53422e-08 4.72919e-08 1.3809e-07 3.81722e-07 9.9833e-07 2.4688e-06 5.76957e-06 1.27366e-05 2.65513e-05 5.2266e-05 9.71807e-05 0.000170812 0.000284237 0.000448866 0.00067511 0.000971792 0.00134711 0.00181127 0.00237981 0.00307585 0.00392957 0.00497468 0.00624323 0.0077612 0.00954659 0.0116104 0.0139595 0.0165984 0.0195308 0.0227569 0.0262712 0.0300595 0.0340973 0.0383498 0.0427742 0.0473216 0.0519408 0.0565794 0.0611864 0.0657122 0.0701097 0.0743346 0.0783459 0.0821066 0.0855851 0.0887554 0.0915982 0.0941013 0.096259 0.0980726 0.0995492 0.100701 0.101544 0.102099 0.102387 0.102433 0.102261 0.101895 0.101361 0.100683 0.0998848 0.0989874 0.0980123 0.0969787 0.0959047 0.0948064 0.0936985 0.0925943 0.0915053 0.0904418 0.0894126 0.0884254 0.0874867 0.0866021 0.0857761 0.0850127 0.0843149 0.0836853 0.083126 0.0826387 0.0822244 0.0818844 0.0816192 0.0814294 0.0813154 0.0812774 0.0813154 0.0814294 0.0816192 0.0818844 0.0822244 0.0826387 0.083126 0.0836853 0.0843149 0.0850127 0.0857761 0.0866021 0.0874867 0.0884254 0.0894126 0.0904418 0.0915053 0.0925943 0.0936985 0.0948064 0.0959047 0.0969787 0.0980123 0.0989874 0.0998848 0.100683 0.101361 0.101895 0.102261 0.102433 0.102387 0.102099 0.101544 0.100701 0.0995492 0.0980726 0.096259 0.0941013 0.0915982 0.0887554 0.0855851 0.0821066 0.0783459 0.0743346 0.0701097 0.0657122 0.0611864 0.0565794 0.0519408 0.0473216 0.0427742 0.0383498 0.0340973 0.0300595 0.0262712 0.0227569 0.0195308 0.0165984 0.0139595 0.0116104 0.00954659 0.0077612 0.00624323 0.00497468 0.00392957 0.00307585 0.00237981 0.00181127 0.00134711 0.000971792 0.00067511 0.000448866 0.000284237 0.000170812 9.71807e-05 5.2266e-05 2.65513e-05 1.27366e-05 5.76957e-06 2.4688e-06 9.9833e-07 3.81722e-07 1.3809e-07 4.72919e-08 1.53422e-08 4.71767e-09 1.37579e-09 3.80711e-10 1.00017e-10 2.49566e-11 5.91712e-12 1.33354e-12 2.85768e-13 5.8244e-14 1.12932e-14 2.08345e-15 3.65707e-16 6.06385e-17 6.60825e-18 
0 5.16602e-17 3.19757e-16 1.84128e-15 1.00849e-14 5.25582e-14 2.60584e-13 1.22883e-12 5.5099e-12 2.34834e-11 9.50983e-11 3.65755e-10 1.33537e-09 4.62568e-09 1.51936e-08 4.72919e-08 1.39402e-07 3.8888e-07 1.02594e-06 2.55793e-06 6.02338e-06 1.33884e-05 2.80785e-05 5.55515e-05 0.000103698 0.000182769 0.000304595 0.000481164 0.000723171 0.00103954 0.00143883 0.00193259 0.00253916 0.00328575 0.00420685 0.00533923 0.00671572 0.00836092 0.0102907 0.0125148 0.0150406 0.0178747 0.021022 0.0244824 0.0282465 0.0322932 0.0365893 0.041091 0.0457477 0.0505047 0.055306 0.0600959 0.0648198 0.0694243 0.0738583 0.0780732 0.0820248 0.0856744 0.0889902 0.0919482 0.0945329 0.0967372 0.0985616 0.100014 0.101107 0.10186 0.102295 0.102435 0.102309 0.101943 0.101365 0.100603 0.0996851 0.0986374 0.0974849 0.0962514 0.0949588 0.0936272 0.0922746 0.0909175 0.0895699 0.0882445 0.0869521 0.0857016 0.0845009 0.0833563 0.0822729 0.081255 0.0803058 0.0794278 0.0786231 0.077893 0.0772385 0.0766603 0.0761589 0.0757345 0.0753872 0.0751171 0.0749242 0.0748085 0.0747699 0.0748085 0.0749242 0.0751171 0.0753872 0.0757345 0.0761589 0.0766603 0.0772385 0.077893 0.0786231 0.0794278 0.0803058 0.081255 0.0822729 0.0833563 0.0845009 0.0857016 0.0869521 0.0882445 0.0895699 0.0909175 0.0922746 0.0936272 0.0949588 0.0962514 0.0974849 0.0986374 0.0996851 0.100603 0.101365 0.101943 0.102309 0.102435 0.102295 0.10186 0.101107 0.100014 0.0985616 0.0967372 0.0945329 0.0919482 0.0889902 0.0856744 0.0820248 0.0780732 0.0738583 0.0694243 0.0648198 0.0600959 0.055306 0.0505047 0.0457477 0.041091 0.0365893 0.0322932 0.0282465 0.0244824 0.021022 0.0178747 0.0150406 0.0125148 0.0102907 0.00836092 0.00671572 0.00533923 0.00420685 0.00328575 0.00253916 0.00193259 0.00143883 0.00103954 0.000723171 0.000481164 0.000304595 0.000182769 0.000103698 5.55515e-05 2.80785e-05 1.33884e-05 6.02338e-06 2.55793e-06 1.02594e-06 3.8888e-07 1.39402e-07 4.72919e-08 1.51936e-08 4.62568e-09 1.33537e-09 3.65755e-10 9.50983e-11 2.34834e-11 5.5099e-12 1.22883e-12 2.60584e-13 5.25582e-14 1.00849e-14 1.84091e-15 3.17325e-16 3.65365e-17 
0 2.67123e-16 1.59299e-15 8.82191e-15 4.64607e-14 2.32787e-13 1.10938e-12 5.02709e-12 2.16529e-11 8.86141e-11 3.4441e-10 1.27061e-09 4.447e-09 1.47561e-08 4.63917e-08 1.3809e-07 3.8888e-07 1.03531e-06 2.60368e-06 6.18086e-06 1.38408e-05 2.92206e-05 5.8143e-05 0.000109045 0.000192875 0.000322185 0.00050953 0.000765887 0.0011003 0.0015218 0.00204345 0.00268664 0.00348282 0.00447064 0.00568937 0.0071718 0.00894065 0.0110099 0.0133891 0.0160875 0.0191142 0.0224753 0.0261682 0.0301774 0.0344732 0.0390129 0.043745 0.0486126 0.0535565 0.0585172 0.0634349 0.0682501 0.0729042 0.0773403 0.0815058 0.085354 0.088846 0.0919526 0.0946542 0.096941 0.0988124 0.100276 0.101345 0.102039 0.102381 0.1024 0.102123 0.101581 0.100807 0.0998308 0.0986849 0.0973992 0.0960024 0.0945216 0.0929816 0.0914052 0.0898124 0.0882211 0.0866467 0.0851026 0.0835998 0.0821475 0.0807534 0.0794232 0.0781618 0.0769727 0.0758585 0.0748209 0.073861 0.0729796 0.0721768 0.0714525 0.0708065 0.0702382 0.0697472 0.0693329 0.0689948 0.0687324 0.0685452 0.068433 0.0683957 0.068433 0.0685452 0.0687324 0.0689948 0.0693329 0.0697472 0.0702382 0.0708065 0.0714525 0.0721768 0.0729796 0.073861 0.0748209 0.0758585 0.0769727 0.0781618 0.0794232 0.0807534 0.0821475 0.0835998 0.0851026 0.0866467 0.0882211 0.0898124 0.0914052 0.0929816 0.0945216 0.0960024 0.0973992 0.0986849 0.0998308 0.100807 0.101581 0.102123 0.1024 0.102381 0.102039 0.101345 0.100276 0.0988124 0.096941 0.0946542 0.0919526 0.088846 0.085354 0.0815058 0.0773403 0.0729042 0.0682501 0.0634349 0.0585172 0.0535565 0.0486126 0.043745 0.0390129 0.0344732 0.0301774 0.0261682 0.0224753 0.0191142 0.0160875 0.0133891 0.0110099 0.00894065 0.0071718 0.00568937 0.00447064 0.00348282 0.00268664 0.00204345 0.0015218 0.0011003 0.000765887 0.00050953 0.000322185 0.000192875 0.000109045 5.8143e-05 2.92206e-05 1.38408e-05 6.18086e-06 2.60368e-06 1.03531e-06 3.8888e-07 1.3809e-07 4.63917e-08 1.47561e-08 4.447e-09 1.27061e-09 3.4441e-10 8.86141e-11 2.16529e-11 5.02709e-12 1.10938e-12 2.32787e-13 4.64604e-14 8.81991e-15 1.58044e-15 1.92312e-16 
0 1.31444e-15 7.55377e-15 4.02316e-14 2.03721e-13 9.81212e-13 4.49385e-12 1.95634e-11 8.09199e-11 3.17866e-10 1.18516e-09 4.19176e-09 1.40547e-08 4.46418e-08 1.34225e-07 3.81722e-07 1.02594e-06 2.60368e-06 6.23424e-06 1.40725e-05 2.99271e-05 5.99338e-05 0.00011302 0.000200782 0.000336469 0.0005332 0.00080226 0.00115286 0.00159458 0.00214209 0.00282 0.003664 0.00471669 0.00601924 0.00760376 0.00949086 0.0116932 0.0142216 0.0170881 0.0203048 0.0238772 0.0277981 0.0320439 0.0365756 0.041342 0.0462853 0.0513443 0.0564562 0.061557 0.0665813 0.0714627 0.0761357 0.0805382 0.0846145 0.0883177 0.0916118 0.0944722 0.0968855 0.0988482 0.100366 0.101452 0.102126 0.102412 0.10234 0.10194 0.101247 0.100297 0.0991259 0.0977695 0.0962625 0.094638 0.0929267 0.0911568 0.0893535 0.087539 0.0857328 0.0839513 0.0822084 0.0805156 0.078882 0.077315 0.0758201 0.0744015 0.0730622 0.071804 0.0706278 0.0695342 0.0685229 0.0675932 0.0667443 0.0659751 0.0652842 0.0646705 0.0641326 0.0636692 0.0632792 0.0629617 0.0627156 0.0625404 0.0624354 0.0624005 0.0624354 0.0625404 0.0627156 0.0629617 0.0632792 0.0636692 0.0641326 0.0646705 0.0652842 0.0659751 0.0667443 0.0675932 0.0685229 0.0695342 0.0706278 0.071804 0.0730622 0.0744015 0.0758201 0.077315 0.078882 0.0805156 0.0822084 0.0839513 0.0857328 0.087539 0.0893535 0.0911568 0.0929267 0.094638 0.0962625 0.0977695 0.0991259 0.100297 0.101247 0.10194 0.10234 0.102412 0.102126 0.101452 0.100366 0.0988482 0.0968855 0.0944722 0.0916118 0.0883177 0.0846145 0.0805382 0.0761357 0.0714627 0.0665813 0.061557 0.0564562 0.0513443 0.0462853 0.041342 0.0365756 0.0320439 0.0277981 0.0238772 0.0203048 0.0170881 0.0142216 0.0116932 0.00949086 0.00760376 0.00601924 0.00471669 0.003664 0.00282 0.00214209 0.00159458 0.00115286 0.00080226 0.0005332 0.000336469 0.000200782 0.00011302 5.99338e-05 2.99271e-05 1.40725e-05 6.23424e-06 2.60368e-06 1.02594e-06 3.81722e-07 1.34225e-07 4.46418e-08 1.40547e-08 4.19176e-09 1.18516e-09 3.17866e-10 8.09199e-11 1.95634e-11 4.49385e-12 9.81211e-13 2.0372e-13 4.02214e-14 7.49242e-15 9.63821e-16 
