0 0 0 0 0 0 0 0 0 0 0 0 0 0 0 0 0 0 0 0 0 0 0 0 0 0 0 0 0 0 0 0 0 0 0 0 0 0 0 0 0 0 0 0 0 0 0 0 0 0 0 0 0 0 0 0 0 0 0 0 0 0 0 0 0 0 0 0 0 0 0 0 0 0 0 0 0 0 0 0 0 0 0 0 0 0 0 0 0 0 0 0 0 0 0 0 0 0 0 0 0 0 0 0 0 0 0 0 0 0 0 0 0 0 0 0 0 0 0 0 0 0 0 0 0 0 0 0 0 0 0 0 0 0 0 0 0 0 0 0 0 0 0 0 0 0 0 0 0 0 0 0 0 0 0 0 0 0 0 0 0 0 0 0 0 0 0 0 0 0 0 0 0 0 0 0 0 0 0 0 0 0 0 0 0 0 0 0 0 0 0 0 0 0 0 0 0 0 0 0 
0 1.29749e-36 2.09004e-35 3.14037e-34 4.42295e-33 5.84846e-32 7.27093e-31 8.50973e-30 9.38689e-29 9.76922e-28 9.60151e-27 8.91923e-26 7.8371e-25 6.5181e-24 5.13442e-23 3.83272e-22 2.71259e-21 1.82101e-20 1.16002e-19 7.01453e-19 4.02759e-18 2.1965e-17 1.13806e-16 5.60337e-16 2.62225e-15 1.16662e-14 4.93513e-14 1.98548e-13 7.59827e-13 2.76656e-12 9.58612e-12 3.16181e-11 9.92998e-11 2.97052e-10 8.4676e-10 2.30111e-09 5.96482e-09 1.47575e-08 3.48732e-08 7.87749e-08 1.70253e-07 3.52415e-07 6.99432e-07 1.33258e-06 2.44043e-06 4.30188e-06 7.30979e-06 1.19912e-05 1.90201e-05 2.92182e-05 4.35404e-05 6.30448e-05 8.88476e-05 0.000122069 0.000163775 0.000214927 0.000276336 0.000348647 0.000432328 0.000527688 0.000634907 0.000754072 0.000885221 0.00102837 0.00118355 0.00135078 0.00153013 0.00172161 0.00192521 0.00214085 0.00236831 0.00260722 0.00285704 0.00311702 0.00338623 0.00366349 0.00394748 0.00423669 0.00452949 0.00482412 0.00511878 0.00541163 0.00570083 0.00598458 0.00626112 0.00652878 0.006786 0.00703131 0.00726336 0.00748094 0.00768294 0.0078684 0.00803645 0.00818636 0.00831747 0.00842928 0.00852132 0.00859327 0.00864484 0.00867586 0.00868621 0.00867586 0.00864484 0.00859327 0.00852132 0.00842928 0.00831747 0.00818636 0.00803645 0.0078684 0.00768294 0.00748094 0.00726336 0.00703131 0.006786 0.00652878 0.00626112 0.00598458 0.00570083 0.00541163 0.00511878 0.00482412 0.00452949 0.00423669 0.00394748 0.00366349 0.00338623 0.00311702 0.00285704 0.00260722 0.00236831 0.00214085 0.00192521 0.00172161 0.00153013 0.00135078 0.00118355 0.00102837 0.000885221 0.000754072 0.000634907 0.000527688 0.000432328 0.000348647 0.000276336 0.000214927 0.000163775 0.000122069 8.88476e-05 6.30448e-05 4.35404e-05 2.92182e-05 1.90201e-05 1.19912e-05 7.30979e-06 4.30188e-06 2.44043e-06 1.33258e-06 6.99432e-07 3.52415e-07 1.70253e-07 7.87749e-08 3.48732e-08 1.47575e-08 5.96482e-09 2.30111e-09 8.4676e-10 2.97052e-10 9.92998e-11 3.16181e-11 9.58612e-12 2.76656e-12 7.59827e-13 1.98548e-13 4.93513e-14 1.16662e-14 2.62225e-15 5.60337e-16 1.13806e-16 2.1965e-17 4.02759e-18 7.01453e-19 1.16002e-19 1.82101e-20 2.71259e-21 3.83272e-22 5.13442e-23 6.5181e-24 7.8371e-25 8.91923e-26 9.60151e-27 9.76922e-28 9.38689e-29 8.50973e-30 7.27093e-31 5.84846e-32 4.42295e-33 3.14036e-34 2.08662e-35 7.095e-37 
0 2.09004e-35 3.18475e-34 4.53338e-33 6.05918e-32 7.6151e-31 9.01087e-30 1.00505e-28 1.05778e-27 1.05147e-26 9.88002e-26 8.78233e-25 7.3901e-24 5.89041e-23 4.44975e-22 3.18738e-21 2.16586e-20 1.39667e-19 8.55027e-19 4.97072e-18 2.74493e-17 1.4402e-16 7.18111e-16 3.40347e-15 1.53355e-14 6.57042e-14 2.67723e-13 1.03765e-12 3.82623e-12 1.34257e-11 4.48381e-11 1.42567e-10 4.31708e-10 1.24542e-09 3.42442e-09 8.97883e-09 2.24631e-08 5.36573e-08 1.22472e-07 2.67348e-07 5.58695e-07 1.11894e-06 2.15026e-06 3.97004e-06 7.05212e-06 1.20699e-05 1.99353e-05 3.18248e-05 4.91871e-05 7.37242e-05 0.000107345 0.000152095 0.000210065 0.000283298 0.000373694 0.000482948 0.000612495 0.000763506 0.000936899 0.00113338 0.0013535 0.0015977 0.00186636 0.00215983 0.00247844 0.00282245 0.00319206 0.00358729 0.00400798 0.00445369 0.00492366 0.00541677 0.00593149 0.00646592 0.00701774 0.00758432 0.0081627 0.00874966 0.00934181 0.0099356 0.0105275 0.0111138 0.011691 0.0122558 0.0128048 0.0133348 0.0138431 0.0143268 0.0147836 0.0152112 0.0156077 0.0159712 0.0163003 0.0165935 0.0168498 0.0170682 0.0172479 0.0173883 0.0174889 0.0175494 0.0175695 0.0175494 0.0174889 0.0173883 0.0172479 0.0170682 0.0168498 0.0165935 0.0163003 0.0159712 0.0156077 0.0152112 0.0147836 0.0143268 0.0138431 0.0133348 0.0128048 0.0122558 0.011691 0.0111138 0.0105275 0.0099356 0.00934181 0.00874966 0.0081627 0.00758432 0.00701774 0.00646592 0.00593149 0.00541677 0.00492366 0.00445369 0.00400798 0.00358729 0.00319206 0.00282245 0.00247844 0.00215983 0.00186636 0.0015977 0.0013535 0.00113338 0.000936899 0.000763506 0.000612495 0.000482948 0.000373694 0.000283298 0.000210065 0.000152095 0.000107345 7.37242e-05 4.91871e-05 3.18248e-05 1.99353e-05 1.20699e-05 7.05212e-06 3.97004e-06 2.15026e-06 1.11894e-06 5.58695e-07 2.67348e-07 1.22472e-07 5.36573e-08 2.24631e-08 8.97883e-09 3.42442e-09 1.24542e-09 4.31708e-10 1.42567e-10 4.48381e-11 1.34257e-11 3.82623e-12 1.03765e-12 2.67723e-13 6.57042e-14 1.53355e-14 3.40347e-15 7.18111e-16 1.4402e-16 2.74493e-17 4.97072e-18 8.55027e-19 1.39667e-19 2.16586e-20 3.18738e-21 4.44975e-22 5.89041e-23 7.3901e-24 8.78233e-25 9.88002e-26 1.05147e-26 1.05778e-27 1.00505e-28 9.01087e-30 7.6151e-31 6.05918e-32 4.53335e-33 3.17898e-34 1.15548e-35 
0 3.14037e-34 4.53338e-33 6.12112e-32 7.77209e-31 9.29197e-30 1.04723e-28 1.11377e-27 1.11885e-26 1.06252e-25 9.54604e-25 8.11937e-24 6.54185e-23 4.99566e-22 3.61752e-21 2.48508e-20 1.62013e-19 1.00272e-18 5.89341e-18 3.29016e-17 1.74515e-16 8.79635e-16 4.21407e-15 1.91912e-14 8.30941e-14 3.42111e-13 1.33954e-12 4.98887e-12 1.76758e-11 5.95893e-11 1.9119e-10 5.83964e-10 1.6985e-09 4.70617e-09 1.24276e-08 3.12938e-08 7.51886e-08 1.72498e-07 3.782e-07 7.93194e-07 1.59303e-06 3.06743e-06 5.67022e-06 1.00766e-05 1.72417e-05 2.84507e-05 4.53509e-05 6.99545e-05 0.000104607 0.000151922 0.000214679 0.000295719 0.000397822 0.000523613 0.000675493 0.000855607 0.00106584 0.00130788 0.00158321 0.00189321 0.0022392 0.00262242 0.00304402 0.00350504 0.00400633 0.00454847 0.00513166 0.00575565 0.00641966 0.00712233 0.0078617 0.00863517 0.00943958 0.0102712 0.0111259 0.0119991 0.0128859 0.0137812 0.0146798 0.0155765 0.0164659 0.017343 0.0182029 0.0190408 0.0198523 0.0206332 0.0213796 0.0220881 0.0227554 0.0233787 0.0239553 0.0244831 0.0249601 0.0253846 0.0257552 0.0260706 0.02633 0.0265325 0.0266775 0.0267647 0.0267938 0.0267647 0.0266775 0.0265325 0.02633 0.0260706 0.0257552 0.0253846 0.0249601 0.0244831 0.0239553 0.0233787 0.0227554 0.0220881 0.0213796 0.0206332 0.0198523 0.0190408 0.0182029 0.017343 0.0164659 0.0155765 0.0146798 0.0137812 0.0128859 0.0119991 0.0111259 0.0102712 0.00943958 0.00863517 0.0078617 0.00712233 0.00641966 0.00575565 0.00513166 0.00454847 0.00400633 0.00350504 0.00304402 0.00262242 0.0022392 0.00189321 0.00158321 0.00130788 0.00106584 0.000855607 0.000675493 0.000523613 0.000397822 0.000295719 0.000214679 0.000151922 0.000104607 6.99545e-05 4.53509e-05 2.84507e-05 1.72417e-05 1.00766e-05 5.67022e-06 3.06743e-06 1.59303e-06 7.93194e-07 3.782e-07 1.72498e-07 7.51886e-08 3.12938e-08 1.24276e-08 4.70617e-09 1.6985e-09 5.83964e-10 1.9119e-10 5.95893e-11 1.76758e-11 4.98887e-12 1.33954e-12 3.42111e-13 8.30941e-14 1.91912e-14 4.21407e-15 8.79635e-16 1.74515e-16 3.29016e-17 5.89341e-18 1.00272e-18 1.62013e-19 2.48508e-20 3.61752e-21 4.99566e-22 6.54185e-23 8.11937e-24 9.54604e-25 1.06252e-25 1.11885e-26 1.11377e-27 1.04723e-28 9.29197e-30 7.77209e-31 6.12106e-32 4.52433e-33 1.75577e-34 
0 4.42295e-33 6.05918e-32 7.77209e-31 9.38751e-30 1.06896e-28 1.14874e-27 1.1661e-26 1.1191e-25 1.01613e-24 8.73517e-24 7.11367e-23 5.491e-22 4.01931e-21 2.79111e-20 1.83945e-19 1.15088e-18 6.83787e-18 3.85896e-17 2.06904e-16 1.05413e-15 5.1041e-15 2.34909e-14 1.02776e-13 4.27503e-13 1.69081e-12 6.35924e-12 2.2747e-11 7.73947e-11 2.5052e-10 7.71625e-10 2.26211e-09 6.31393e-09 1.67854e-08 4.2522e-08 1.02704e-07 2.3667e-07 5.20741e-07 1.095e-06 2.2028e-06 4.24432e-06 7.84295e-06 1.39191e-05 2.37616e-05 3.90838e-05 6.20502e-05 9.52613e-05 0.000141694 0.000204602 0.000287385 0.000393458 0.000526132 0.000688536 0.000883583 0.00111399 0.00138231 0.00169105 0.00204267 0.00243967 0.00288457 0.00337984 0.00392784 0.00453065 0.00518994 0.00590681 0.00668165 0.00751404 0.00840266 0.0093453 0.0103388 0.0113793 0.0124619 0.0135814 0.0147317 0.0159065 0.0170991 0.0183028 0.0195107 0.0207158 0.0219115 0.0230912 0.0242487 0.0253781 0.0264738 0.0275306 0.0285436 0.0295086 0.0304215 0.0312788 0.0320774 0.0328145 0.0334877 0.0340949 0.0346343 0.0351045 0.0355043 0.0358326 0.0360888 0.0362721 0.0363823 0.036419 0.0363823 0.0362721 0.0360888 0.0358326 0.0355043 0.0351045 0.0346343 0.0340949 0.0334877 0.0328145 0.0320774 0.0312788 0.0304215 0.0295086 0.0285436 0.0275306 0.0264738 0.0253781 0.0242487 0.0230912 0.0219115 0.0207158 0.0195107 0.0183028 0.0170991 0.0159065 0.0147317 0.0135814 0.0124619 0.0113793 0.0103388 0.0093453 0.00840266 0.00751404 0.00668165 0.00590681 0.00518994 0.00453065 0.00392784 0.00337984 0.00288457 0.00243967 0.00204267 0.00169105 0.00138231 0.00111399 0.000883583 0.000688536 0.000526132 0.000393458 0.000287385 0.000204602 0.000141694 9.52613e-05 6.20502e-05 3.90838e-05 2.37616e-05 1.39191e-05 7.84295e-06 4.24432e-06 2.2028e-06 1.095e-06 5.20741e-07 2.3667e-07 1.02704e-07 4.2522e-08 1.67854e-08 6.31393e-09 2.26211e-09 7.71625e-10 2.5052e-10 7.73947e-11 2.2747e-11 6.35924e-12 1.69081e-12 4.27503e-13 1.02776e-13 2.34909e-14 5.1041e-15 1.05413e-15 2.06904e-16 3.85896e-17 6.83787e-18 1.15088e-18 1.83945e-19 2.79111e-20 4.01931e-21 5.491e-22 7.11367e-23 8.73517e-24 1.01613e-24 1.1191e-25 1.1661e-26 1.14874e-27 1.06896e-28 9.38751e-30 7.772e-31 6.04592e-32 2.50134e-33 
0 5.84846e-32 7.6151e-31 9.29197e-30 1.06896e-28 1.16064e-27 1.19047e-26 1.15448e-25 1.05933e-24 9.20332e-24 7.57499e-23 5.90985e-22 4.37251e-21 3.06921e-20 2.04465e-19 1.29314e-18 7.7665e-18 4.43053e-17 2.40117e-16 1.23651e-15 6.05115e-15 2.81446e-14 1.24425e-13 5.22896e-13 2.08904e-12 7.93474e-12 2.86557e-11 9.84057e-11 3.21375e-10 9.98274e-10 2.94997e-09 8.2951e-09 2.22024e-08 5.65878e-08 1.37405e-07 3.18051e-07 7.02289e-07 1.48056e-06 2.98304e-06 5.75044e-06 1.06196e-05 1.88152e-05 3.20316e-05 5.24891e-05 8.29427e-05 0.000126636 0.000187198 0.000268496 0.000374475 0.000509011 0.000675812 0.000878386 0.00112007 0.00140414 0.0017339 0.0021128 0.00254449 0.00303283 0.00358179 0.00419529 0.00487698 0.00563001 0.00645678 0.00735872 0.00833615 0.00938813 0.0105125 0.0117058 0.0129635 0.01428 0.0156487 0.0170625 0.0185137 0.019994 0.0214952 0.0230087 0.024526 0.0260389 0.0275394 0.0290195 0.030472 0.0318898 0.0332664 0.0345958 0.0358725 0.0370913 0.0382479 0.0393382 0.0403588 0.0413065 0.0421787 0.0429732 0.0436882 0.044322 0.0448735 0.0453416 0.0457256 0.0460248 0.0462388 0.0463673 0.0464102 0.0463673 0.0462388 0.0460248 0.0457256 0.0453416 0.0448735 0.044322 0.0436882 0.0429732 0.0421787 0.0413065 0.0403588 0.0393382 0.0382479 0.0370913 0.0358725 0.0345958 0.0332664 0.0318898 0.030472 0.0290195 0.0275394 0.0260389 0.024526 0.0230087 0.0214952 0.019994 0.0185137 0.0170625 0.0156487 0.01428 0.0129635 0.0117058 0.0105125 0.00938813 0.00833615 0.00735872 0.00645678 0.00563001 0.00487698 0.00419529 0.00358179 0.00303283 0.00254449 0.0021128 0.0017339 0.00140414 0.00112007 0.000878386 0.000675812 0.000509011 0.000374475 0.000268496 0.000187198 0.000126636 8.29427e-05 5.24891e-05 3.20316e-05 1.88152e-05 1.06196e-05 5.75044e-06 2.98304e-06 1.48056e-06 7.02289e-07 3.18051e-07 1.37405e-07 5.65878e-08 2.22024e-08 8.2951e-09 2.94997e-09 9.98274e-10 3.21375e-10 9.84057e-11 2.86557e-11 7.93474e-12 2.08904e-12 5.22896e-13 1.24425e-13 2.81446e-14 6.05115e-15 1.23651e-15 2.40117e-16 4.43053e-17 7.7665e-18 1.29314e-18 2.04465e-19 3.06921e-20 4.37251e-21 5.90985e-22 7.57499e-23 9.20332e-24 1.05933e-24 1.15448e-25 1.19047e-26 1.16064e-27 1.06896e-28 9.29185e-30 7.59689e-31 3.3464e-32 
0 7.27093e-31 9.01087e-30 1.04723e-28 1.14874e-27 1.19047e-26 1.16652e-25 1.08162e-24 9.49613e-24 7.89898e-23 6.22838e-22 4.65757e-21 3.30446e-20 2.22511e-19 1.42248e-18 8.63563e-18 4.97956e-17 2.72781e-16 1.4198e-15 7.02232e-15 3.30075e-14 1.47453e-13 6.26072e-13 2.52664e-12 9.69231e-12 3.53419e-11 1.22504e-10 4.03683e-10 1.26472e-09 3.76765e-09 1.06745e-08 2.87691e-08 7.37817e-08 1.80132e-07 4.18871e-07 9.28307e-07 1.96229e-06 3.95999e-06 7.63763e-06 1.40961e-05 2.49307e-05 4.23214e-05 6.90783e-05 0.000108622 0.000164887 0.000242167 0.00034491 0.000477539 0.000644308 0.000849257 0.00109626 0.00138916 0.00173194 0.00212889 0.00258473 0.00310462 0.00369401 0.00435847 0.00510335 0.00593343 0.0068526 0.00786351 0.0089674 0.0101639 0.0114511 0.0128254 0.0142818 0.0158141 0.0174149 0.0190759 0.0207882 0.0225422 0.0243283 0.0261364 0.0279566 0.029779 0.0315941 0.0333924 0.0351651 0.0369036 0.0386002 0.0402473 0.0418383 0.0433671 0.0448282 0.0462167 0.0475285 0.04876 0.0499081 0.0509703 0.0519444 0.052829 0.0536225 0.0543242 0.0549333 0.0554492 0.0558716 0.0562004 0.0564353 0.0565762 0.0566232 0.0565762 0.0564353 0.0562004 0.0558716 0.0554492 0.0549333 0.0543242 0.0536225 0.052829 0.0519444 0.0509703 0.0499081 0.04876 0.0475285 0.0462167 0.0448282 0.0433671 0.0418383 0.0402473 0.0386002 0.0369036 0.0351651 0.0333924 0.0315941 0.029779 0.0279566 0.0261364 0.0243283 0.0225422 0.0207882 0.0190759 0.0174149 0.0158141 0.0142818 0.0128254 0.0114511 0.0101639 0.0089674 0.00786351 0.0068526 0.00593343 0.00510335 0.00435847 0.00369401 0.00310462 0.00258473 0.00212889 0.00173194 0.00138916 0.00109626 0.000849257 0.000644308 0.000477539 0.00034491 0.000242167 0.000164887 0.000108622 6.90783e-05 4.23214e-05 2.49307e-05 1.40961e-05 7.63763e-06 3.95999e-06 1.96229e-06 9.28307e-07 4.18871e-07 1.80132e-07 7.37817e-08 2.87691e-08 1.06745e-08 3.76765e-09 1.26472e-09 4.03683e-10 1.22504e-10 3.53419e-11 9.69231e-12 2.52664e-12 6.26072e-13 1.47453e-13 3.30075e-14 7.02232e-15 1.4198e-15 2.72781e-16 4.97956e-17 8.63563e-18 1.42248e-18 2.22511e-19 3.30446e-20 4.65757e-21 6.22838e-22 7.89898e-23 9.49613e-24 1.08162e-24 1.16652e-25 1.19047e-26 1.14874e-27 1.04722e-28 8.9874e-30 4.21023e-31 
0 8.50973e-30 1.00505e-28 1.11377e-27 1.1661e-26 1.15448e-25 1.08162e-24 9.59578e-24 8.06612e-23 6.42765e-22 4.85782e-21 3.48342e-20 2.3708e-19 1.53192e-18 9.4002e-18 5.47881e-17 3.03358e-16 1.59588e-15 7.97739e-15 3.78938e-14 1.71057e-13 7.33817e-13 2.99166e-12 1.15908e-11 4.26763e-11 1.49326e-10 4.96548e-10 1.5692e-09 4.71322e-09 1.34563e-08 3.65233e-08 9.42672e-08 2.3144e-07 5.40743e-07 1.20299e-06 2.55007e-06 5.15508e-06 9.94855e-06 1.83507e-05 3.23989e-05 5.48394e-05 8.91523e-05 0.000139485 0.000210492 0.000307113 0.000434322 0.000596943 0.000799552 0.00104652 0.00134221 0.00169116 0.00209844 0.00256974 0.00311146 0.00373058 0.00443437 0.00522996 0.00612389 0.00712162 0.00822711 0.00944259 0.0107683 0.0122026 0.0137419 0.0153809 0.0171128 0.0189294 0.0208216 0.0227794 0.0247923 0.0268491 0.0289387 0.0310495 0.0331701 0.0352894 0.0373963 0.0394803 0.0415312 0.0435396 0.0454967 0.0473944 0.0492255 0.0509834 0.0526624 0.0542578 0.0557655 0.0571822 0.0585051 0.0597323 0.0608623 0.0618941 0.0628272 0.0636611 0.064396 0.0650319 0.0655691 0.0660081 0.066349 0.0665923 0.0667382 0.0667868 0.0667382 0.0665923 0.066349 0.0660081 0.0655691 0.0650319 0.064396 0.0636611 0.0628272 0.0618941 0.0608623 0.0597323 0.0585051 0.0571822 0.0557655 0.0542578 0.0526624 0.0509834 0.0492255 0.0473944 0.0454967 0.0435396 0.0415312 0.0394803 0.0373963 0.0352894 0.0331701 0.0310495 0.0289387 0.0268491 0.0247923 0.0227794 0.0208216 0.0189294 0.0171128 0.0153809 0.0137419 0.0122026 0.0107683 0.00944259 0.00822711 0.00712162 0.00612389 0.00522996 0.00443437 0.00373058 0.00311146 0.00256974 0.00209844 0.00169116 0.00134221 0.00104652 0.000799552 0.000596943 0.000434322 0.000307113 0.000210492 0.000139485 8.91523e-05 5.48394e-05 3.23989e-05 1.83507e-05 9.94855e-06 5.15508e-06 2.55007e-06 1.20299e-06 5.40743e-07 2.3144e-07 9.42672e-08 3.65233e-08 1.34563e-08 4.71322e-09 1.5692e-09 4.96548e-10 1.49326e-10 4.26763e-11 1.15908e-11 2.99166e-12 7.33817e-13 1.71057e-13 3.78938e-14 7.97739e-15 1.59588e-15 3.03358e-16 5.47881e-17 9.4002e-18 1.53192e-18 2.3708e-19 3.48342e-20 4.85782e-21 6.42765e-22 8.06612e-23 9.59578e-24 1.08162e-24 1.15448e-25 1.1661e-26 1.11375e-27 1.00221e-28 4.98792e-30 
0 9.38689e-29 1.05778e-27 1.11885e-26 1.1191e-25 1.05933e-24 9.49613e-24 8.06612e-23 6.49547e-22 4.96114e-21 3.5954e-20 2.47317e-19 1.61519e-18 1.00176e-17 5.90135e-17 3.3026e-16 1.756e-15 8.8714e-15 4.2587e-14 1.94262e-13 8.42018e-13 3.46791e-12 1.35709e-11 5.04575e-11 1.78237e-10 5.98143e-10 1.90695e-09 5.77561e-09 1.66188e-08 4.54344e-08 1.18038e-07 2.91483e-07 6.84403e-07 1.5287e-06 3.25019e-06 6.58284e-06 1.27132e-05 2.34393e-05 4.13131e-05 6.97264e-05 0.000112899 0.000175746 0.000263641 0.00038212 0.000536606 0.000732247 0.000973923 0.00126644 0.00161485 0.00202484 0.00250297 0.00305686 0.00369501 0.00442648 0.00526033 0.006205 0.00726767 0.00845378 0.00976659 0.0112071 0.0127739 0.0144634 0.0162701 0.0181867 0.0202044 0.0223135 0.0245029 0.0267611 0.0290758 0.0314344 0.0338238 0.036231 0.0386429 0.0410467 0.0434298 0.0457802 0.0480868 0.050339 0.0525272 0.0546428 0.0566783 0.0586273 0.0604843 0.0622449 0.0639056 0.0654641 0.0669185 0.0682678 0.0695117 0.0706504 0.0716844 0.0726146 0.0734422 0.0741683 0.0747942 0.0753214 0.0757508 0.0760837 0.0763207 0.0764627 0.07651 0.0764627 0.0763207 0.0760837 0.0757508 0.0753214 0.0747942 0.0741683 0.0734422 0.0726146 0.0716844 0.0706504 0.0695117 0.0682678 0.0669185 0.0654641 0.0639056 0.0622449 0.0604843 0.0586273 0.0566783 0.0546428 0.0525272 0.050339 0.0480868 0.0457802 0.0434298 0.0410467 0.0386429 0.036231 0.0338238 0.0314344 0.0290758 0.0267611 0.0245029 0.0223135 0.0202044 0.0181867 0.0162701 0.0144634 0.0127739 0.0112071 0.00976659 0.00845378 0.00726767 0.006205 0.00526033 0.00442648 0.00369501 0.00305686 0.00250297 0.00202484 0.00161485 0.00126644 0.000973923 0.000732247 0.000536606 0.00038212 0.000263641 0.000175746 0.000112899 6.97264e-05 4.13131e-05 2.34393e-05 1.27132e-05 6.58284e-06 3.25019e-06 1.5287e-06 6.84403e-07 2.91483e-07 1.18038e-07 4.54344e-08 1.66188e-08 5.77561e-09 1.90695e-09 5.98143e-10 1.78237e-10 5.04575e-11 1.35709e-11 3.46791e-12 8.42018e-13 1.94262e-13 4.2587e-14 8.8714e-15 1.756e-15 3.3026e-16 5.90135e-17 1.00176e-17 1.61519e-18 2.47317e-19 3.5954e-20 4.96114e-21 6.49547e-22 8.06612e-23 9.49613e-24 1.05933e-24 1.1191e-25 1.11882e-26 1.05455e-27 5.57092e-29 
0 9.76922e-28 1.05147e-26 1.06252e-25 1.01613e-24 9.20332e-24 7.89898e-23 6.42765e-22 4.96114e-21 3.63352e-20 2.52599e-19 1.66731e-18 1.04514e-17 6.22289e-17 3.51985e-16 1.89153e-15 9.65794e-15 4.68543e-14 2.15976e-13 9.45889e-13 3.93575e-12 1.55573e-11 5.84153e-11 2.08334e-10 7.05664e-10 2.26988e-09 6.9334e-09 2.01102e-08 5.53884e-08 1.44872e-07 3.59901e-07 8.49421e-07 1.90532e-06 4.06392e-06 8.24816e-06 1.59439e-05 2.93862e-05 5.17135e-05 8.70349e-05 0.000140364 0.000217402 0.000324209 0.000466838 0.000651068 0.000882321 0.00116583 0.00150705 0.00191211 0.00238831 0.00294432 0.00359012 0.00433663 0.00519497 0.0061757 0.00728797 0.00853886 0.00993291 0.0114719 0.013155 0.0149787 0.0169374 0.0190234 0.0212277 0.0235396 0.0259475 0.0284388 0.0309999 0.0336166 0.036274 0.0389571 0.0416506 0.0443393 0.0470083 0.0496434 0.0522311 0.054759 0.0572158 0.0595915 0.0618775 0.0640665 0.0661526 0.0681312 0.069999 0.0717539 0.0733947 0.0749212 0.0763341 0.0776344 0.0788241 0.0799053 0.0808805 0.0817522 0.0825232 0.0831961 0.0837735 0.0842577 0.0846508 0.0849546 0.0851705 0.0852997 0.0853426 0.0852997 0.0851705 0.0849546 0.0846508 0.0842577 0.0837735 0.0831961 0.0825232 0.0817522 0.0808805 0.0799053 0.0788241 0.0776344 0.0763341 0.0749212 0.0733947 0.0717539 0.069999 0.0681312 0.0661526 0.0640665 0.0618775 0.0595915 0.0572158 0.054759 0.0522311 0.0496434 0.0470083 0.0443393 0.0416506 0.0389571 0.036274 0.0336166 0.0309999 0.0284388 0.0259475 0.0235396 0.0212277 0.0190234 0.0169374 0.0149787 0.013155 0.0114719 0.00993291 0.00853886 0.00728797 0.0061757 0.00519497 0.00433663 0.00359012 0.00294432 0.00238831 0.00191211 0.00150705 0.00116583 0.000882321 0.000651068 0.000466838 0.000324209 0.000217402 0.000140364 8.70349e-05 5.17135e-05 2.93862e-05 1.59439e-05 8.24816e-06 4.06392e-06 1.90532e-06 8.49421e-07 3.59901e-07 1.44872e-07 5.53884e-08 2.01102e-08 6.9334e-09 2.26988e-09 7.05664e-10 2.08334e-10 5.84153e-11 1.55573e-11 3.93575e-12 9.45889e-13 2.15976e-13 4.68543e-14 9.65794e-15 1.89153e-15 3.51985e-16 6.22289e-17 1.04514e-17 1.66731e-18 2.52599e-19 3.63352e-20 4.96114e-21 6.42765e-22 7.89898e-23 9.20332e-24 1.01613e-24 1.06249e-25 1.04801e-26 5.87198e-28 
0 9.60151e-27 9.88002e-26 9.54604e-25 8.73517e-24 7.57499e-23 6.22838e-22 4.85782e-21 3.5954e-20 2.52599e-19 1.68505e-18 1.06753e-17 6.42414e-17 3.67254e-16 1.99467e-15 1.02931e-14 5.04657e-14 2.35076e-13 1.0403e-12 4.37326e-12 1.74625e-11 6.62228e-11 2.38477e-10 8.15388e-10 2.64666e-09 8.15446e-09 2.38457e-08 6.61784e-08 1.74304e-07 4.35725e-07 1.03395e-06 2.32964e-06 4.98615e-06 1.01436e-05 1.96301e-05 3.61761e-05 6.35732e-05 0.00010671 0.000171429 0.000264209 0.00039173 0.000560469 0.000776472 0.00104543 0.0013731 0.00176589 0.00223154 0.00277955 0.00342121 0.00416925 0.00503699 0.00603731 0.00718161 0.00847895 0.0099354 0.0115539 0.0133341 0.0152732 0.0173655 0.0196034 0.0219776 0.0244771 0.0270895 0.0298012 0.0325972 0.0354614 0.0383768 0.0413257 0.0442902 0.047252 0.0501935 0.0530976 0.0559483 0.0587309 0.0614322 0.0640406 0.0665465 0.0689417 0.0712199 0.0733766 0.0754087 0.0773145 0.0790939 0.0807475 0.0822772 0.0836855 0.0849757 0.0861514 0.0872169 0.0881763 0.0890341 0.0897946 0.090462 0.0910405 0.0915337 0.0919449 0.0922772 0.092533 0.0927143 0.0928225 0.0928585 0.0928225 0.0927143 0.092533 0.0922772 0.0919449 0.0915337 0.0910405 0.090462 0.0897946 0.0890341 0.0881763 0.0872169 0.0861514 0.0849757 0.0836855 0.0822772 0.0807475 0.0790939 0.0773145 0.0754087 0.0733766 0.0712199 0.0689417 0.0665465 0.0640406 0.0614322 0.0587309 0.0559483 0.0530976 0.0501935 0.047252 0.0442902 0.0413257 0.0383768 0.0354614 0.0325972 0.0298012 0.0270895 0.0244771 0.0219776 0.0196034 0.0173655 0.0152732 0.0133341 0.0115539 0.0099354 0.00847895 0.00718161 0.00603731 0.00503699 0.00416925 0.00342121 0.00277955 0.00223154 0.00176589 0.0013731 0.00104543 0.000776472 0.000560469 0.00039173 0.000264209 0.000171429 0.00010671 6.35732e-05 3.61761e-05 1.96301e-05 1.01436e-05 4.98615e-06 2.32964e-06 1.03395e-06 4.35725e-07 1.74304e-07 6.61784e-08 2.38457e-08 8.15446e-09 2.64666e-09 8.15388e-10 2.38477e-10 6.62228e-11 1.74625e-11 4.37326e-12 1.0403e-12 2.35076e-13 5.04657e-14 1.02931e-14 1.99467e-15 3.67254e-16 6.42414e-17 1.06753e-17 1.68505e-18 2.52599e-19 3.5954e-20 4.85782e-21 6.22838e-22 7.57499e-23 8.73517e-24 9.54573e-25 9.84503e-26 5.84663e-27 
0 8.91923e-26 8.78233e-25 8.11937e-24 7.11367e-23 5.90985e-22 4.65757e-21 3.48342e-20 2.47317e-19 1.66731e-18 1.06753e-17 6.49266e-17 3.75134e-16 2.05922e-15 1.07395e-14 5.32138e-14 2.50497e-13 1.12016e-12 4.75789e-12 1.91928e-11 7.35165e-11 2.67346e-10 9.22836e-10 3.0231e-09 9.39667e-09 2.77087e-08 7.7503e-08 2.05607e-07 5.17322e-07 1.23456e-06 2.79494e-06 6.00447e-06 1.22473e-05 2.37349e-05 4.3747e-05 7.67881e-05 0.000128574 0.000205793 0.000315663 0.000465398 0.000661792 0.000911103 0.00121937 0.00159311 0.0020402 0.00257055 0.00319647 0.00393231 0.00479357 0.00579569 0.00695262 0.00827575 0.00977306 0.0114489 0.0133041 0.0153364 0.0175407 0.0199097 0.0224343 0.0251033 0.0279039 0.0308213 0.0338391 0.036939 0.0401014 0.0433055 0.0465298 0.0497528 0.0529533 0.0561111 0.0592071 0.0622241 0.0651467 0.0679617 0.0706581 0.0732271 0.0756621 0.0779583 0.0801131 0.0821255 0.083996 0.0857265 0.0873202 0.0887811 0.0901139 0.0913242 0.0924179 0.0934011 0.09428 0.0950611 0.0957505 0.0963541 0.0968777 0.0973265 0.0977052 0.0980182 0.0982692 0.0984611 0.0985965 0.098677 0.0987037 0.098677 0.0985965 0.0984611 0.0982692 0.0980182 0.0977052 0.0973265 0.0968777 0.0963541 0.0957505 0.0950611 0.09428 0.0934011 0.0924179 0.0913242 0.0901139 0.0887811 0.0873202 0.0857265 0.083996 0.0821255 0.0801131 0.0779583 0.0756621 0.0732271 0.0706581 0.0679617 0.0651467 0.0622241 0.0592071 0.0561111 0.0529533 0.0497528 0.0465298 0.0433055 0.0401014 0.036939 0.0338391 0.0308213 0.0279039 0.0251033 0.0224343 0.0199097 0.0175407 0.0153364 0.0133041 0.0114489 0.00977306 0.00827575 0.00695262 0.00579569 0.00479357 0.00393231 0.00319647 0.00257055 0.0020402 0.00159311 0.00121937 0.000911103 0.000661792 0.000465398 0.000315663 0.000205793 0.000128574 7.67881e-05 4.3747e-05 2.37349e-05 1.22473e-05 6.00447e-06 2.79494e-06 1.23456e-06 5.17322e-07 2.05607e-07 7.7503e-08 2.77087e-08 9.39667e-09 3.0231e-09 9.22836e-10 2.67346e-10 7.35165e-11 1.91928e-11 4.75789e-12 1.12016e-12 2.50497e-13 5.32138e-14 1.07395e-14 2.05922e-15 3.75134e-16 6.49266e-17 1.06753e-17 1.66731e-18 2.47317e-19 3.48342e-20 4.65757e-21 5.90985e-22 7.11367e-23 8.11906e-24 8.74899e-25 5.50383e-26 
0 7.8371e-25 7.3901e-24 6.54185e-23 5.491e-22 4.37251e-21 3.30446e-20 2.3708e-19 1.61519e-18 1.04514e-17 6.42414e-17 3.75134e-16 2.0812e-15 1.09699e-14 5.49337e-14 2.61333e-13 1.18093e-12 5.0683e-12 2.06557e-11 7.99228e-11 2.93533e-10 1.02305e-09 3.38286e-09 1.06098e-08 3.15549e-08 8.8974e-08 2.37804e-07 6.02396e-07 1.44621e-06 3.29076e-06 7.09854e-06 1.45218e-05 2.81922e-05 5.19865e-05 9.11715e-05 0.000152324 0.000242971 0.000371009 0.000544088 0.000769218 0.00105286 0.00140156 0.00182301 0.00232708 0.00292653 0.00363696 0.00447591 0.00546146 0.00661045 0.00793701 0.0094515 0.0111601 0.0130652 0.0151655 0.0174569 0.0199328 0.0225848 0.0254019 0.028371 0.0314766 0.0347004 0.0380219 0.0414184 0.0448655 0.0483378 0.0518097 0.0552563 0.0586534 0.0619789 0.0652127 0.068337 0.0713367 0.0741995 0.0769155 0.0794776 0.0818808 0.0841228 0.0862029 0.0881226 0.0898847 0.0914937 0.092955 0.0942753 0.0954618 0.0965223 0.097465 0.0982984 0.0990308 0.0996707 0.100226 0.100705 0.101114 0.101461 0.101752 0.101993 0.102188 0.102341 0.102457 0.102538 0.102585 0.102601 0.102585 0.102538 0.102457 0.102341 0.102188 0.101993 0.101752 0.101461 0.101114 0.100705 0.100226 0.0996707 0.0990308 0.0982984 0.097465 0.0965223 0.0954618 0.0942753 0.092955 0.0914937 0.0898847 0.0881226 0.0862029 0.0841228 0.0818808 0.0794776 0.0769155 0.0741995 0.0713367 0.068337 0.0652127 0.0619789 0.0586534 0.0552563 0.0518097 0.0483378 0.0448655 0.0414184 0.0380219 0.0347004 0.0314766 0.028371 0.0254019 0.0225848 0.0199328 0.0174569 0.0151655 0.0130652 0.0111601 0.0094515 0.00793701 0.00661045 0.00546146 0.00447591 0.00363696 0.00292653 0.00232708 0.00182301 0.00140156 0.00105286 0.000769218 0.000544088 0.000371009 0.000242971 0.000152324 9.11715e-05 5.19865e-05 2.81922e-05 1.45218e-05 7.09854e-06 3.29076e-06 1.44621e-06 6.02396e-07 2.37804e-07 8.8974e-08 3.15549e-08 1.06098e-08 3.38286e-09 1.02305e-09 2.93533e-10 7.99228e-11 2.06557e-11 5.0683e-12 1.18093e-12 2.61333e-13 5.49337e-14 1.09699e-14 2.0812e-15 3.75134e-16 6.42414e-17 1.04514e-17 1.61519e-18 2.3708e-19 3.30446e-20 4.37251e-21 5.49099e-22 6.54156e-23 7.36011e-24 4.90228e-25 
0 6.5181e-24 5.89041e-23 4.99566e-22 4.01931e-21 3.06921e-20 2.22511e-19 1.53192e-18 1.00176e-17 6.22289e-17 3.67254e-16 2.05922e-15 1.09699e-14 5.55192e-14 2.66925e-13 1.21895e-12 5.28637e-12 2.17682e-11 8.50896e-11 3.15652e-10 1.11096e-09 3.70862e-09 1.17387e-08 3.52197e-08 1.00134e-07 2.69708e-07 6.88059e-07 1.66232e-06 3.8031e-06 8.24027e-06 1.6914e-05 3.29065e-05 6.0731e-05 0.000106454 0.00017753 0.000282301 0.000429267 0.000626402 0.000880862 0.00119936 0.00158923 0.0020598 0.0026236 0.0032968 0.00409858 0.00504957 0.00616974 0.00747645 0.00898296 0.0106979 0.0126253 0.0147657 0.0171162 0.0196716 0.0224243 0.0253644 0.0284788 0.0317513 0.0351622 0.0386884 0.0423038 0.04598 0.0496875 0.0533962 0.0570768 0.0607013 0.0642439 0.0676813 0.0709932 0.0741623 0.0771743 0.0800182 0.0826857 0.0851716 0.087473 0.0895897 0.0915237 0.0932787 0.0948604 0.0962759 0.0975336 0.0986425 0.0996128 0.100455 0.101179 0.101797 0.102319 0.102755 0.103116 0.103411 0.10365 0.103839 0.103988 0.104103 0.10419 0.104255 0.104301 0.104334 0.104355 0.104367 0.10437 0.104367 0.104355 0.104334 0.104301 0.104255 0.10419 0.104103 0.103988 0.103839 0.10365 0.103411 0.103116 0.102755 0.102319 0.101797 0.101179 0.100455 0.0996128 0.0986425 0.0975336 0.0962759 0.0948604 0.0932787 0.0915237 0.0895897 0.087473 0.0851716 0.0826857 0.0800182 0.0771743 0.0741623 0.0709932 0.0676813 0.0642439 0.0607013 0.0570768 0.0533962 0.0496875 0.04598 0.0423038 0.0386884 0.0351622 0.0317513 0.0284788 0.0253644 0.0224243 0.0196716 0.0171162 0.0147657 0.0126253 0.0106979 0.00898296 0.00747645 0.00616974 0.00504957 0.00409858 0.0032968 0.0026236 0.0020598 0.00158923 0.00119936 0.000880862 0.000626402 0.000429267 0.000282301 0.00017753 0.000106454 6.0731e-05 3.29065e-05 1.6914e-05 8.24027e-06 3.8031e-06 1.66232e-06 6.88059e-07 2.69708e-07 1.00134e-07 3.52197e-08 1.17387e-08 3.70862e-09 1.11096e-09 3.15652e-10 8.50896e-11 2.17682e-11 5.28637e-12 1.21895e-12 2.66925e-13 5.55192e-14 1.09699e-14 2.05922e-15 3.67254e-16 6.22289e-17 1.00176e-17 1.53192e-18 2.22511e-19 3.06921e-20 4.0193e-21 4.9954e-22 5.86493e-23 4.13437e-24 
0 5.13442e-23 4.44975e-22 3.61752e-21 2.79111e-20 2.04465e-19 1.42248e-18 9.4002e-18 5.90135e-17 3.51985e-16 1.99467e-15 1.07395e-14 5.49337e-14 2.66925e-13 1.23189e-12 5.39888e-12 2.2464e-11 8.87174e-11 3.3246e-10 1.18178e-09 3.98339e-09 1.2727e-08 3.85298e-08 1.10485e-07 2.99982e-07 7.70967e-07 1.87506e-06 4.31485e-06 9.39457e-06 1.93562e-05 3.77551e-05 6.97693e-05 0.00012229 0.000203651 0.000322969 0.000489264 0.000710733 0.00099464 0.00134808 0.00177951 0.00230049 0.00292682 0.00367851 0.00457836 0.00564958 0.00691316 0.00838589 0.0100794 0.0120001 0.0141505 0.0165295 0.0191337 0.0219571 0.0249912 0.0282237 0.0316381 0.0352135 0.0389242 0.0427407 0.0466306 0.0505597 0.0544933 0.0583976 0.0622403 0.0659918 0.0696253 0.0731173 0.0764476 0.0795998 0.0825607 0.0853205 0.0878727 0.0902141 0.0923441 0.0942651 0.0959818 0.0975011 0.0988318 0.0999841 0.10097 0.101801 0.10249 0.103052 0.103498 0.103844 0.1041 0.104281 0.104397 0.10446 0.10448 0.104466 0.104428 0.104374 0.10431 0.104242 0.104175 0.104115 0.104064 0.104026 0.104003 0.103995 0.104003 0.104026 0.104064 0.104115 0.104175 0.104242 0.10431 0.104374 0.104428 0.104466 0.10448 0.10446 0.104397 0.104281 0.1041 0.103844 0.103498 0.103052 0.10249 0.101801 0.10097 0.0999841 0.0988318 0.0975011 0.0959818 0.0942651 0.0923441 0.0902141 0.0878727 0.0853205 0.0825607 0.0795998 0.0764476 0.0731173 0.0696253 0.0659918 0.0622403 0.0583976 0.0544933 0.0505597 0.0466306 0.0427407 0.0389242 0.0352135 0.0316381 0.0282237 0.0249912 0.0219571 0.0191337 0.0165295 0.0141505 0.0120001 0.0100794 0.00838589 0.00691316 0.00564958 0.00457836 0.00367851 0.00292682 0.00230049 0.00177951 0.00134808 0.00099464 0.000710733 0.000489264 0.000322969 0.000203651 0.00012229 6.97693e-05 3.77551e-05 1.93562e-05 9.39457e-06 4.31485e-06 1.87506e-06 7.70967e-07 2.99982e-07 1.10485e-07 3.85298e-08 1.2727e-08 3.98339e-09 1.18178e-09 3.3246e-10 8.87174e-11 2.2464e-11 5.39888e-12 1.23189e-12 2.66925e-13 5.49337e-14 1.07395e-14 1.99467e-15 3.51985e-16 5.90135e-17 9.4002e-18 1.42248e-18 2.04465e-19 2.79111e-20 3.6173e-21 4.42929e-22 3.30349e-23 
0 3.83272e-22 3.18738e-21 2.48508e-20 1.83945e-19 1.29314e-18 8.63563e-18 5.47881e-17 3.3026e-16 1.89153e-15 1.02931e-14 5.32138e-14 2.61333e-13 1.21895e-12 5.39888e-12 2.27009e-11 9.05887e-11 3.42969e-10 1.23147e-09 4.19194e-09 1.35221e-08 4.13161e-08 1.19523e-07 3.27232e-07 8.47521e-07 2.0758e-06 4.80662e-06 1.05209e-05 2.17692e-05 4.25925e-05 7.88501e-05 0.000138269 0.000230052 0.000364043 0.000549692 0.000795342 0.00110837 0.00149643 0.00196956 0.0025421 0.0032337 0.00406844 0.00507244 0.00627069 0.00768416 0.00932817 0.0112122 0.0133411 0.015716 0.0183356 0.0211964 0.0242917 0.0276109 0.031138 0.0348512 0.0387227 0.0427197 0.0468058 0.050942 0.0550891 0.0592086 0.0632636 0.0672203 0.0710477 0.0747187 0.0782095 0.0815004 0.0845754 0.0874222 0.0900328 0.0924027 0.0945309 0.0964202 0.098076 0.0995068 0.100723 0.101738 0.102566 0.103221 0.103719 0.104077 0.104311 0.104437 0.104469 0.104424 0.104314 0.104153 0.103953 0.103725 0.103481 0.103228 0.102975 0.10273 0.102499 0.102288 0.102102 0.101944 0.101818 0.101726 0.10167 0.101651 0.10167 0.101726 0.101818 0.101944 0.102102 0.102288 0.102499 0.10273 0.102975 0.103228 0.103481 0.103725 0.103953 0.104153 0.104314 0.104424 0.104469 0.104437 0.104311 0.104077 0.103719 0.103221 0.102566 0.101738 0.100723 0.0995068 0.098076 0.0964202 0.0945309 0.0924027 0.0900328 0.0874222 0.0845754 0.0815004 0.0782095 0.0747187 0.0710477 0.0672203 0.0632636 0.0592086 0.0550891 0.050942 0.0468058 0.0427197 0.0387227 0.0348512 0.031138 0.0276109 0.0242917 0.0211964 0.0183356 0.015716 0.0133411 0.0112122 0.00932817 0.00768416 0.00627069 0.00507244 0.00406844 0.0032337 0.0025421 0.00196956 0.00149643 0.00110837 0.000795342 0.000549692 0.000364043 0.000230052 0.000138269 7.88501e-05 4.25925e-05 2.17692e-05 1.05209e-05 4.80662e-06 2.0758e-06 8.47521e-07 3.27232e-07 1.19523e-07 4.13161e-08 1.35221e-08 4.19194e-09 1.23147e-09 3.42969e-10 9.05887e-11 2.27009e-11 5.39888e-12 1.21895e-12 2.61333e-13 5.32138e-14 1.02931e-14 1.89153e-15 3.3026e-16 5.47881e-17 8.63563e-18 1.29314e-18 1.83945e-19 2.48491e-20 3.17184e-21 2.50227e-22 
0 2.71259e-21 2.16586e-20 1.62013e-19 1.15088e-18 7.7665e-18 4.97956e-17 3.03358e-16 1.756e-15 9.65794e-15 5.04657e-14 2.50497e-13 1.18093e-12 5.28637e-12 2.2464e-11 9.05887e-11 3.46544e-10 1.25709e-09 4.32225e-09 1.40793e-08 4.34278e-08 1.26779e-07 3.50104e-07 9.14119e-07 2.25561e-06 5.25795e-06 1.15755e-05 2.40658e-05 4.72569e-05 8.76925e-05 0.000153933 0.000256032 0.000404507 0.000609165 0.00087843 0.00121984 0.00164187 0.00215657 0.00278166 0.00354103 0.00446279 0.00557585 0.00690595 0.00847303 0.0102904 0.0123656 0.0147025 0.0173023 0.0201642 0.0232845 0.0266549 0.030261 0.0340808 0.0380853 0.0422388 0.0465009 0.0508285 0.0551776 0.0595047 0.0637686 0.0679304 0.0719547 0.0758095 0.0794665 0.0829017 0.0860952 0.0890318 0.0917008 0.0940963 0.0962168 0.0980652 0.0996483 0.100976 0.102062 0.102921 0.10357 0.104027 0.104312 0.104442 0.104439 0.104319 0.1041 0.103801 0.103436 0.103021 0.10257 0.102095 0.101608 0.10112 0.10064 0.100176 0.0997364 0.0993267 0.0989528 0.0986196 0.0983312 0.0980908 0.0979011 0.0977642 0.0976815 0.0976538 0.0976815 0.0977642 0.0979011 0.0980908 0.0983312 0.0986196 0.0989528 0.0993267 0.0997364 0.100176 0.10064 0.10112 0.101608 0.102095 0.10257 0.103021 0.103436 0.103801 0.1041 0.104319 0.104439 0.104442 0.104312 0.104027 0.10357 0.102921 0.102062 0.100976 0.0996483 0.0980652 0.0962168 0.0940963 0.0917008 0.0890318 0.0860952 0.0829017 0.0794665 0.0758095 0.0719547 0.0679304 0.0637686 0.0595047 0.0551776 0.0508285 0.0465009 0.0422388 0.0380853 0.0340808 0.030261 0.0266549 0.0232845 0.0201642 0.0173023 0.0147025 0.0123656 0.0102904 0.00847303 0.00690595 0.00557585 0.00446279 0.00354103 0.00278166 0.00215657 0.00164187 0.00121984 0.00087843 0.000609165 0.000404507 0.000256032 0.000153933 8.76925e-05 4.72569e-05 2.40658e-05 1.15755e-05 5.25795e-06 2.25561e-06 9.14119e-07 3.50104e-07 1.26779e-07 4.34278e-08 1.40793e-08 4.32225e-09 1.25709e-09 3.46544e-10 9.05887e-11 2.2464e-11 5.28637e-12 1.18093e-12 2.50497e-13 5.04657e-14 9.65794e-15 1.756e-15 3.03358e-16 4.97956e-17 7.7665e-18 1.15088e-18 1.62e-19 2.1547e-20 1.7977e-21 
0 1.82101e-20 1.39667e-19 1.00272e-18 6.83787e-18 4.43053e-17 2.72781e-16 1.59588e-15 8.8714e-15 4.68543e-14 2.35076e-13 1.12016e-12 5.0683e-12 2.17682e-11 8.87174e-11 3.42969e-10 1.25709e-09 4.36658e-09 1.43664e-08 4.47459e-08 1.31857e-07 3.67403e-07 9.67428e-07 2.40597e-06 5.6486e-06 1.25141e-05 2.61561e-05 5.15789e-05 9.60003e-05 0.000168801 0.000280858 0.000443315 0.000666274 0.000958215 0.00132691 0.00178194 0.00233782 0.00301616 0.00384528 0.0048571 0.00608245 0.00754683 0.00926836 0.0112583 0.0135231 0.0160667 0.0188915 0.0219974 0.0253795 0.0290262 0.0329168 0.0370218 0.0413035 0.0457183 0.0502189 0.0547569 0.0592842 0.0637546 0.068124 0.0723515 0.0763994 0.0802339 0.0838253 0.087149 0.0901858 0.0929219 0.0953496 0.0974668 0.0992767 0.100787 0.102011 0.102963 0.103661 0.104126 0.104379 0.104441 0.104335 0.104083 0.103706 0.103224 0.102657 0.102023 0.101338 0.100618 0.0998781 0.0991302 0.0983862 0.0976565 0.0969502 0.0962755 0.0956392 0.0950477 0.094506 0.0940187 0.0935895 0.0932214 0.092917 0.0926784 0.0925068 0.0924035 0.092369 0.0924035 0.0925068 0.0926784 0.092917 0.0932214 0.0935895 0.0940187 0.094506 0.0950477 0.0956392 0.0962755 0.0969502 0.0976565 0.0983862 0.0991302 0.0998781 0.100618 0.101338 0.102023 0.102657 0.103224 0.103706 0.104083 0.104335 0.104441 0.104379 0.104126 0.103661 0.102963 0.102011 0.100787 0.0992767 0.0974668 0.0953496 0.0929219 0.0901858 0.087149 0.0838253 0.0802339 0.0763994 0.0723515 0.068124 0.0637546 0.0592842 0.0547569 0.0502189 0.0457183 0.0413035 0.0370218 0.0329168 0.0290262 0.0253795 0.0219974 0.0188915 0.0160667 0.0135231 0.0112583 0.00926836 0.00754683 0.00608245 0.0048571 0.00384528 0.00301616 0.00233782 0.00178194 0.00132691 0.000958215 0.000666274 0.000443315 0.000280858 0.000168801 9.60003e-05 5.15789e-05 2.61561e-05 1.25141e-05 5.6486e-06 2.40597e-06 9.67428e-07 3.67403e-07 1.31857e-07 4.47459e-08 1.43664e-08 4.36658e-09 1.25709e-09 3.42969e-10 8.87174e-11 2.17682e-11 5.0683e-12 1.12016e-12 2.35076e-13 4.68543e-14 8.8714e-15 1.59588e-15 2.72781e-16 4.43053e-17 6.83786e-18 1.00263e-18 1.38909e-19 1.22553e-20 
0 1.16002e-19 8.55027e-19 5.89341e-18 3.85896e-17 2.40117e-16 1.4198e-15 7.97739e-15 4.2587e-14 2.15976e-13 1.0403e-12 4.75789e-12 2.06557e-11 8.50896e-11 3.3246e-10 1.23147e-09 4.32225e-09 1.43664e-08 4.5194e-08 1.34471e-07 3.78184e-07 1.00466e-06 2.51935e-06 5.96005e-06 1.32948e-05 2.79529e-05 5.53914e-05 0.000103478 0.000182388 0.000303793 0.000479429 0.000719649 0.00103299 0.00142757 0.00191433 0.00251069 0.0032425 0.00414258 0.00524616 0.00658505 0.00818358 0.0100577 0.0122172 0.0146685 0.0174172 0.0204671 0.0238181 0.0274628 0.0313833 0.0355511 0.0399277 0.044467 0.0491185 0.0538295 0.0585476 0.0632214 0.0678014 0.0722404 0.0764939 0.0805213 0.0842863 0.0877584 0.0909136 0.0937345 0.0962113 0.0983409 0.100127 0.101578 0.102709 0.103537 0.104084 0.104371 0.104424 0.104268 0.103927 0.103426 0.10279 0.102041 0.101202 0.100293 0.0993319 0.0983375 0.0973252 0.0963092 0.0953022 0.0943155 0.0933589 0.0924409 0.0915689 0.0907492 0.089987 0.0892869 0.0886525 0.0880868 0.0875922 0.0871709 0.0868242 0.0865534 0.0863594 0.0862428 0.0862039 0.0862428 0.0863594 0.0865534 0.0868242 0.0871709 0.0875922 0.0880868 0.0886525 0.0892869 0.089987 0.0907492 0.0915689 0.0924409 0.0933589 0.0943155 0.0953022 0.0963092 0.0973252 0.0983375 0.0993319 0.100293 0.101202 0.102041 0.10279 0.103426 0.103927 0.104268 0.104424 0.104371 0.104084 0.103537 0.102709 0.101578 0.100127 0.0983409 0.0962113 0.0937345 0.0909136 0.0877584 0.0842863 0.0805213 0.0764939 0.0722404 0.0678014 0.0632214 0.0585476 0.0538295 0.0491185 0.044467 0.0399277 0.0355511 0.0313833 0.0274628 0.0238181 0.0204671 0.0174172 0.0146685 0.0122172 0.0100577 0.00818358 0.00658505 0.00524616 0.00414258 0.0032425 0.00251069 0.00191433 0.00142757 0.00103299 0.000719649 0.000479429 0.000303793 0.000182388 0.000103478 5.53914e-05 2.79529e-05 1.32948e-05 5.96005e-06 2.51935e-06 1.00466e-06 3.78184e-07 1.34471e-07 4.5194e-08 1.43664e-08 4.32225e-09 1.23147e-09 3.3246e-10 8.50896e-11 2.06557e-11 4.75789e-12 1.0403e-12 2.15976e-13 4.2587e-14 7.97739e-15 1.4198e-15 2.40117e-16 3.85895e-17 5.8928e-18 8.50148e-19 7.931e-20 
