0 0 0 0 0 0 0 0 0 0 0 0 0 0 0 0 0 0 0 0 0 0 0 0 0 0 0 0 0 0 0 0 0 0 0 0 0 0 0 0 0 0 0 0 0 0 0 0 0 0 0 0 0 0 0 0 0 0 0 0 0 0 0 0 0 0 0 0 0 0 0 0 0 0 0 0 0 0 0 0 0 0 0 0 0 0 0 0 0 0 0 0 0 0 0 0 0 0 0 0 0 0 0 0 0 0 0 0 0 0 0 0 0 0 0 0 0 0 0 0 0 0 0 0 0 0 0 0 0 0 0 0 0 0 0 0 0 0 0 0 0 0 0 0 0 0 0 0 0 0 0 0 0 0 0 0 0 0 0 0 0 0 0 0 0 0 0 0 0 0 0 0 0 0 0 0 0 0 0 0 0 0 0 0 0 0 0 0 0 0 0 0 0 0 0 0 0 0 0 0 
0 8.43985e-15 4.0842e-14 1.81789e-13 7.71747e-13 3.12867e-12 1.21099e-11 4.47402e-11 1.57727e-10 5.30429e-10 1.70103e-09 5.20005e-09 1.51479e-08 4.20325e-08 1.11056e-07 2.79299e-07 6.68366e-07 1.52141e-06 3.29354e-06 6.77939e-06 1.32683e-05 2.46936e-05 4.3717e-05 7.36694e-05 0.000118287 0.000181241 0.000265571 0.000373237 0.000505053 0.000661194 0.000842258 0.00105056 0.00129114 0.00157206 0.00190349 0.00229595 0.00275805 0.00329445 0.00390478 0.00458366 0.0053219 0.00610821 0.00693099 0.00777954 0.00864442 0.00951703 0.0103887 0.0112494 0.0120876 0.0128893 0.0136391 0.0143207 0.0149182 0.0154174 0.0158066 0.0160776 0.0162254 0.0162486 0.016149 0.0159305 0.0155994 0.0151631 0.0146303 0.0140102 0.0133125 0.012547 0.0117238 0.010853 0.00994458 0.00900852 0.00805435 0.00709127 0.00612793 0.00517235 0.00423183 0.00331283 0.00242098 0.00156103 0.000736849 -4.85049e-05 -0.000792767 -0.00149439 -0.00215245 -0.0027666 -0.00333695 -0.003864 -0.00434858 -0.00479174 -0.00519469 -0.00555876 -0.00588535 -0.00617583 -0.00643157 -0.00665387 -0.00684391 -0.00700279 -0.00713145 -0.00723068 -0.0073011 -0.00734316 -0.00735716 -0.00734316 -0.0073011 -0.00723068 -0.00713145 -0.00700279 -0.00684391 -0.00665387 -0.00643157 -0.00617583 -0.00588535 -0.00555876 -0.00519469 -0.00479174 -0.00434858 -0.003864 -0.00333695 -0.0027666 -0.00215245 -0.00149439 -0.000792767 -4.85049e-05 0.000736849 0.00156103 0.00242098 0.00331283 0.00423183 0.00517235 0.00612793 0.00709127 0.00805435 0.00900852 0.00994458 0.010853 0.0117238 0.012547 0.0133125 0.0140102 0.0146303 0.0151631 0.0155994 0.0159305 0.016149 0.0162486 0.0162254 0.0160776 0.0158066 0.0154174 0.0149182 0.0143207 0.0136391 0.0128893 0.0120876 0.0112494 0.0103887 0.00951703 0.00864442 0.00777954 0.00693099 0.00610821 0.0053219 0.00458366 0.00390478 0.00329445 0.00275805 0.00229595 0.00190349 0.00157206 0.00129114 0.00105056 0.000842258 0.000661194 0.000505053 0.000373237 0.000265571 0.000181241 0.000118287 7.36694e-05 4.3717e-05 2.46936e-05 1.32683e-05 6.77939e-06 3.29354e-06 1.52141e-06 6.68366e-07 2.79299e-07 1.11056e-07 4.20325e-08 1.51479e-08 5.20005e-09 1.70103e-09 5.30429e-10 1.57727e-10 4.47402e-11 1.21099e-11 3.12866e-12 7.71727e-13 1.81682e-13 4.03088e-14 5.91311e-15 
0 4.0842e-14 1.91683e-13 8.25432e-13 3.38943e-12 1.32899e-11 4.9749e-11 1.77741e-10 6.05889e-10 1.96997e-09 6.10712e-09 1.80454e-08 5.08029e-08 1.36222e-07 3.47771e-07 8.45049e-07 1.95384e-06 4.29756e-06 8.99124e-06 1.78928e-05 3.3874e-05 6.10303e-05 0.000104714 0.000171275 0.000267467 0.00039961 0.000572802 0.000790536 0.00105509 0.00136877 0.00173563 0.00216317 0.00266309 0.00325068 0.00394283 0.00475503 0.0056985 0.00677798 0.00799101 0.00932854 0.0107765 0.0123179 0.0139341 0.0156061 0.0173141 0.0190376 0.0207541 0.0224392 0.0240661 0.0256064 0.0270313 0.0283124 0.029424 0.0303434 0.0310524 0.031538 0.0317922 0.0318119 0.0315991 0.0311597 0.0305036 0.0296435 0.028595 0.0273755 0.0260041 0.0245007 0.0228861 0.021181 0.0194061 0.0175815 0.0157262 0.0138584 0.0119946 0.0101499 0.00833788 0.00657015 0.00485679 0.00320616 0.00162501 0.000118601 -0.0013092 -0.00265576 -0.00391957 -0.00510006 -0.00619749 -0.00721277 -0.00814737 -0.00900315 -0.00978229 -0.0104872 -0.0111202 -0.011684 -0.0121808 -0.0126131 -0.0129831 -0.0132926 -0.0135434 -0.0137369 -0.0138743 -0.0139564 -0.0139837 -0.0139564 -0.0138743 -0.0137369 -0.0135434 -0.0132926 -0.0129831 -0.0126131 -0.0121808 -0.011684 -0.0111202 -0.0104872 -0.00978229 -0.00900315 -0.00814737 -0.00721277 -0.00619749 -0.00510006 -0.00391957 -0.00265576 -0.0013092 0.000118601 0.00162501 0.00320616 0.00485679 0.00657015 0.00833788 0.0101499 0.0119946 0.0138584 0.0157262 0.0175815 0.0194061 0.021181 0.0228861 0.0245007 0.0260041 0.0273755 0.028595 0.0296435 0.0305036 0.0311597 0.0315991 0.0318119 0.0317922 0.031538 0.0310524 0.0303434 0.029424 0.0283124 0.0270313 0.0256064 0.0240661 0.0224392 0.0207541 0.0190376 0.0173141 0.0156061 0.0139341 0.0123179 0.0107765 0.00932854 0.00799101 0.00677798 0.0056985 0.00475503 0.00394283 0.00325068 0.00266309 0.00216317 0.00173563 0.00136877 0.00105509 0.000790536 0.000572802 0.00039961 0.000267467 0.000171275 0.000104714 6.10303e-05 3.3874e-05 1.78928e-05 8.99124e-06 4.29756e-06 1.95384e-06 8.45049e-07 3.47771e-07 1.36222e-07 5.08029e-08 1.80454e-08 6.10712e-09 1.96997e-09 6.05889e-10 1.77741e-10 4.9749e-11 1.32899e-11 3.38932e-12 8.24898e-13 1.89122e-13 2.91445e-14 
0 1.81789e-13 8.25432e-13 3.42847e-12 1.35718e-11 5.12839e-11 1.84941e-10 6.36288e-10 2.08779e-09 6.53089e-09 1.9469e-08 5.52879e-08 1.49507e-07 3.84837e-07 9.42587e-07 2.19615e-06 4.86626e-06 1.02532e-05 2.05426e-05 3.91438e-05 7.09692e-05 0.000122521 0.000201648 0.000316932 0.000476802 0.000688711 0.00095879 0.00129232 0.00169505 0.00217493 0.00274359 0.00341666 0.00421275 0.00515119 0.00624923 0.0075196 0.00896909 0.0105983 0.012402 0.0143705 0.0164897 0.0187415 0.0211035 0.0235485 0.0260446 0.0285552 0.0310404 0.0334581 0.035766 0.0379232 0.0398913 0.0416362 0.0431277 0.0443409 0.0452559 0.0458583 0.0461388 0.0460939 0.0457253 0.0450404 0.0440516 0.0427763 0.0412358 0.0394553 0.0374623 0.0352863 0.0329578 0.0305073 0.0279649 0.0253593 0.0227178 0.0200654 0.017425 0.0148171 0.0122594 0.00976756 0.00735458 0.00503126 0.00280625 0.000686245 -0.00132385 -0.00322071 -0.00500243 -0.00666831 -0.00821868 -0.00965474 -0.0109784 -0.0121919 -0.0132983 -0.0143005 -0.0152018 -0.0160054 -0.0167144 -0.017332 -0.017861 -0.018304 -0.0186632 -0.0189406 -0.0191376 -0.0192554 -0.0192945 -0.0192554 -0.0191376 -0.0189406 -0.0186632 -0.018304 -0.017861 -0.017332 -0.0167144 -0.0160054 -0.0152018 -0.0143005 -0.0132983 -0.0121919 -0.0109784 -0.00965474 -0.00821868 -0.00666831 -0.00500243 -0.00322071 -0.00132385 0.000686245 0.00280625 0.00503126 0.00735458 0.00976756 0.0122594 0.0148171 0.017425 0.0200654 0.0227178 0.0253593 0.0279649 0.0305073 0.0329578 0.0352863 0.0374623 0.0394553 0.0412358 0.0427763 0.0440516 0.0450404 0.0457253 0.0460939 0.0461388 0.0458583 0.0452559 0.0443409 0.0431277 0.0416362 0.0398913 0.0379232 0.035766 0.0334581 0.0310404 0.0285552 0.0260446 0.0235485 0.0211035 0.0187415 0.0164897 0.0143705 0.012402 0.0105983 0.00896909 0.0075196 0.00624923 0.00515119 0.00421275 0.00341666 0.00274359 0.00217493 0.00169505 0.00129232 0.00095879 0.000688711 0.000476802 0.000316932 0.000201648 0.000122521 7.09692e-05 3.91438e-05 2.05426e-05 1.02532e-05 4.86626e-06 2.19615e-06 9.42587e-07 3.84837e-07 1.49507e-07 5.52879e-08 1.9469e-08 6.53089e-09 2.08779e-09 6.36288e-10 1.84941e-10 5.12838e-11 1.35713e-11 3.42602e-12 8.14174e-13 1.32398e-13 
0 7.71747e-13 3.38943e-12 1.35718e-11 5.17584e-11 1.88338e-10 6.53731e-10 2.16371e-09 6.82588e-09 2.05161e-08 5.87245e-08 1.60007e-07 4.14826e-07 1.02287e-06 2.39797e-06 5.3432e-06 1.13137e-05 2.27631e-05 4.35251e-05 7.91254e-05 0.000136869 0.000225557 0.000354808 0.000534131 0.000772178 0.00107664 0.00145512 0.00191681 0.00247438 0.00314502 0.00394995 0.00491221 0.00605354 0.00739137 0.00893711 0.010696 0.0126681 0.0148501 0.0172356 0.0198149 0.0225736 0.0254905 0.0285363 0.0316728 0.034854 0.0380281 0.0411402 0.0441355 0.0469613 0.0495692 0.0519159 0.0539638 0.0556811 0.0570419 0.058026 0.0586195 0.0588145 0.0586097 0.0580102 0.0570279 0.0556805 0.0539914 0.0519887 0.0497042 0.0471726 0.0444301 0.0415135 0.0384595 0.0353039 0.0320804 0.0288209 0.0255547 0.0223085 0.0191058 0.0159675 0.0129115 0.00995297 0.00710452 0.00437619 0.00177579 -0.000690948 -0.00302012 -0.00520946 -0.00725812 -0.00916642 -0.0109357 -0.0125681 -0.0140665 -0.0154339 -0.0166739 -0.0177903 -0.0187867 -0.0196668 -0.0204341 -0.021092 -0.0216433 -0.0220906 -0.0224362 -0.0226818 -0.0228287 -0.0228775 -0.0228287 -0.0226818 -0.0224362 -0.0220906 -0.0216433 -0.021092 -0.0204341 -0.0196668 -0.0187867 -0.0177903 -0.0166739 -0.0154339 -0.0140665 -0.0125681 -0.0109357 -0.00916642 -0.00725812 -0.00520946 -0.00302012 -0.000690948 0.00177579 0.00437619 0.00710452 0.00995297 0.0129115 0.0159675 0.0191058 0.0223085 0.0255547 0.0288209 0.0320804 0.0353039 0.0384595 0.0415135 0.0444301 0.0471726 0.0497042 0.0519887 0.0539914 0.0556805 0.0570279 0.0580102 0.0586097 0.0588145 0.0586195 0.058026 0.0570419 0.0556811 0.0539638 0.0519159 0.0495692 0.0469613 0.0441355 0.0411402 0.0380281 0.034854 0.0316728 0.0285363 0.0254905 0.0225736 0.0198149 0.0172356 0.0148501 0.0126681 0.010696 0.00893711 0.00739137 0.00605354 0.00491221 0.00394995 0.00314502 0.00247438 0.00191681 0.00145512 0.00107664 0.000772178 0.000534131 0.000354808 0.000225557 0.000136869 7.91254e-05 4.35251e-05 2.27631e-05 1.13137e-05 5.3432e-06 2.39797e-06 1.02287e-06 4.14826e-07 1.60007e-07 5.87245e-08 2.05161e-08 6.82588e-09 2.16371e-09 6.53731e-10 1.88338e-10 5.17562e-11 1.35612e-11 3.34247e-12 5.74173e-13 
0 3.12867e-12 1.32899e-11 5.12839e-11 1.88338e-10 6.59607e-10 2.2024e-09 7.00782e-09 2.12393e-08 6.12856e-08 1.68276e-07 4.39457e-07 1.09102e-06 2.5738e-06 5.76735e-06 1.22719e-05 2.47921e-05 4.75569e-05 8.66493e-05 0.000150072 0.000247389 0.00038893 0.000584791 0.000844147 0.00117544 0.00158774 0.00209299 0.00270806 0.00345555 0.00436231 0.0054561 0.00676148 0.00829659 0.010072 0.0120916 0.0143547 0.0168582 0.0195967 0.0225619 0.0257396 0.0291075 0.0326335 0.0362752 0.039982 0.0436964 0.0473582 0.0509064 0.0542816 0.0574279 0.0602938 0.0628332 0.0650058 0.0667777 0.0681224 0.0690211 0.0694632 0.0694461 0.0689756 0.0680648 0.0667338 0.0650083 0.0629192 0.0605006 0.0577897 0.054825 0.0516459 0.0482916 0.0448008 0.0412106 0.0375564 0.0338713 0.030186 0.0265285 0.0229236 0.0193936 0.0159574 0.0126314 0.00942897 0.00636094 0.00343572 0.000659494 -0.00196353 -0.00443091 -0.00674171 -0.00889624 -0.0108959 -0.012743 -0.0144403 -0.0159912 -0.0173994 -0.0186688 -0.0198031 -0.0208063 -0.0216819 -0.0224333 -0.0230636 -0.0235755 -0.0239712 -0.0242526 -0.0244209 -0.0244769 -0.0244209 -0.0242526 -0.0239712 -0.0235755 -0.0230636 -0.0224333 -0.0216819 -0.0208063 -0.0198031 -0.0186688 -0.0173994 -0.0159912 -0.0144403 -0.012743 -0.0108959 -0.00889624 -0.00674171 -0.00443091 -0.00196353 0.000659494 0.00343572 0.00636094 0.00942897 0.0126314 0.0159574 0.0193936 0.0229236 0.0265285 0.030186 0.0338713 0.0375564 0.0412106 0.0448008 0.0482916 0.0516459 0.054825 0.0577897 0.0605006 0.0629192 0.0650083 0.0667338 0.0680648 0.0689756 0.0694461 0.0694632 0.0690211 0.0681224 0.0667777 0.0650058 0.0628332 0.0602938 0.0574279 0.0542816 0.0509064 0.0473582 0.0436964 0.039982 0.0362752 0.0326335 0.0291075 0.0257396 0.0225619 0.0195967 0.0168582 0.0143547 0.0120916 0.010072 0.00829659 0.00676148 0.0054561 0.00436231 0.00345555 0.00270806 0.00209299 0.00158774 0.00117544 0.000844147 0.000584791 0.00038893 0.000247389 0.000150072 8.66493e-05 4.75569e-05 2.47921e-05 1.22719e-05 5.76735e-06 2.5738e-06 1.09102e-06 4.39457e-07 1.68276e-07 6.12856e-08 2.12393e-08 7.00782e-09 2.2024e-09 6.59605e-10 1.88328e-10 5.12401e-11 1.31041e-11 2.3799e-12 
0 1.21099e-11 4.9749e-11 1.84941e-10 6.53731e-10 2.2024e-09 7.06949e-09 2.16101e-08 6.28739e-08 1.74017e-07 4.5791e-07 1.14497e-06 2.719e-06 6.12939e-06 1.31115e-05 2.66079e-05 5.12245e-05 9.3578e-05 0.000162332 0.000267748 0.000420757 0.000631867 0.000910518 0.00126558 0.00170723 0.00224969 0.00291352 0.00372594 0.00471843 0.00592231 0.00736405 0.00906222 0.0110273 0.0132634 0.0157712 0.0185491 0.0215927 0.0248926 0.0284313 0.0321807 0.0361021 0.0401473 0.0442606 0.0483823 0.0524509 0.0564046 0.060183 0.0637273 0.0669818 0.069894 0.0724171 0.0745108 0.0761429 0.077291 0.0779424 0.0780946 0.0777543 0.0769369 0.0756648 0.0739665 0.0718748 0.0694257 0.0666576 0.0636102 0.0603237 0.056838 0.0531927 0.049426 0.0455745 0.0416728 0.0377533 0.0338457 0.029977 0.0261713 0.0224498 0.0188309 0.0153299 0.0119597 0.00873045 0.00565019 0.00272471 -4.20117e-05 -0.00264765 -0.00509128 -0.00737317 -0.00949457 -0.0114575 -0.0132646 -0.0149189 -0.0164237 -0.0177826 -0.0189992 -0.0200768 -0.0210189 -0.0218286 -0.0225086 -0.0230615 -0.0234893 -0.0237937 -0.0239758 -0.0240364 -0.0239758 -0.0237937 -0.0234893 -0.0230615 -0.0225086 -0.0218286 -0.0210189 -0.0200768 -0.0189992 -0.0177826 -0.0164237 -0.0149189 -0.0132646 -0.0114575 -0.00949457 -0.00737317 -0.00509128 -0.00264765 -4.20117e-05 0.00272471 0.00565019 0.00873045 0.0119597 0.0153299 0.0188309 0.0224498 0.0261713 0.029977 0.0338457 0.0377533 0.0416728 0.0455745 0.049426 0.0531927 0.056838 0.0603237 0.0636102 0.0666576 0.0694257 0.0718748 0.0739665 0.0756648 0.0769369 0.0777543 0.0780946 0.0779424 0.077291 0.0761429 0.0745108 0.0724171 0.069894 0.0669818 0.0637273 0.060183 0.0564046 0.0524509 0.0483823 0.0442606 0.0401473 0.0361021 0.0321807 0.0284313 0.0248926 0.0215927 0.0185491 0.0157712 0.0132634 0.0110273 0.00906222 0.00736405 0.00592231 0.00471843 0.00372594 0.00291352 0.00224969 0.00170723 0.00126558 0.000910518 0.000631867 0.000420757 0.000267748 0.000162332 9.3578e-05 5.12245e-05 2.66079e-05 1.31115e-05 6.12939e-06 2.719e-06 1.14497e-06 4.5791e-07 1.74017e-07 6.28739e-08 2.16101e-08 7.06949e-09 2.20239e-09 6.53691e-10 1.8477e-10 4.90523e-11 9.42694e-12 
0 4.47402e-11 1.77741e-10 6.36288e-10 2.16371e-09 7.00782e-09 2.16101e-08 6.34123e-08 1.7696e-07 4.69345e-07 1.18239e-06 2.82758e-06 6.4153e-06 1.38025e-05 2.8151e-05 5.44209e-05 9.97363e-05 0.000173393 0.000286319 0.000450005 0.00067531 0.000971881 0.00134896 0.00181778 0.00239481 0.00310406 0.00397685 0.00504826 0.00635175 0.00791416 0.00975346 0.0118799 0.0142989 0.0170139 0.0200262 0.0233328 0.0269225 0.0307725 0.0348473 0.0390997 0.0434739 0.0479091 0.0523424 0.0567111 0.060953 0.0650069 0.0688129 0.0723131 0.0754533 0.0781845 0.0804655 0.0822641 0.0835586 0.0843375 0.0846 0.0843544 0.0836172 0.0824119 0.0807675 0.0787173 0.0762978 0.0735478 0.0705075 0.0672178 0.0637193 0.0600521 0.0562547 0.0523642 0.0484152 0.0444398 0.0404675 0.036525 0.0326359 0.028821 0.0250984 0.0214836 0.0179895 0.0146266 0.0114035 0.00832685 0.00540142 0.00263065 1.66162e-05 -0.00243976 -0.0047385 -0.00688043 -0.00886702 -0.0107003 -0.0123825 -0.0139164 -0.0153047 -0.0165502 -0.0176558 -0.0186241 -0.0194577 -0.0201589 -0.0207297 -0.0211718 -0.0214866 -0.021675 -0.0217378 -0.021675 -0.0214866 -0.0211718 -0.0207297 -0.0201589 -0.0194577 -0.0186241 -0.0176558 -0.0165502 -0.0153047 -0.0139164 -0.0123825 -0.0107003 -0.00886702 -0.00688043 -0.0047385 -0.00243976 1.66162e-05 0.00263065 0.00540142 0.00832685 0.0114035 0.0146266 0.0179895 0.0214836 0.0250984 0.028821 0.0326359 0.036525 0.0404675 0.0444398 0.0484152 0.0523642 0.0562547 0.0600521 0.0637193 0.0672178 0.0705075 0.0735478 0.0762978 0.0787173 0.0807675 0.0824119 0.0836172 0.0843544 0.0846 0.0843375 0.0835586 0.0822641 0.0804655 0.0781845 0.0754533 0.0723131 0.0688129 0.0650069 0.060953 0.0567111 0.0523424 0.0479091 0.0434739 0.0390997 0.0348473 0.0307725 0.0269225 0.0233328 0.0200262 0.0170139 0.0142989 0.0118799 0.00975346 0.00791416 0.00635175 0.00504826 0.00397685 0.00310406 0.00239481 0.00181778 0.00134896 0.000971881 0.00067531 0.000450005 0.000286319 0.000173393 9.97363e-05 5.44209e-05 2.8151e-05 1.38025e-05 6.4153e-06 2.82758e-06 1.18239e-06 4.69345e-07 1.7696e-07 6.34123e-08 2.16101e-08 7.00778e-09 2.16355e-09 6.35652e-10 1.75272e-10 3.56777e-11 
0 1.57727e-10 6.05889e-10 2.08779e-09 6.82588e-09 2.12393e-08 6.28739e-08 1.7696e-07 4.73219e-07 1.20154e-06 2.89475e-06 6.61307e-06 1.43175e-05 2.93641e-05 5.7036e-05 0.000104931 0.000182944 0.000302642 0.000476054 0.000714377 0.00102746 0.00142496 0.00191924 0.00252911 0.00328204 0.00421313 0.00536038 0.00675827 0.00843282 0.0104006 0.0126716 0.0152528 0.0181507 0.0213694 0.0249062 0.0287471 0.032863 0.0372107 0.0417356 0.0463757 0.0510662 0.0557412 0.060335 0.0647823 0.0690183 0.0729798 0.0766068 0.0798449 0.0826474 0.0849774 0.0868085 0.088125 0.0889213 0.089201 0.0889756 0.0882636 0.0870892 0.0854814 0.0834733 0.0811013 0.0784042 0.0754222 0.0721964 0.0687675 0.0651752 0.0614577 0.0576506 0.0537873 0.049898 0.0460102 0.0421481 0.0383334 0.0345849 0.0309186 0.0273486 0.0238867 0.0205425 0.0173243 0.0142385 0.0112903 0.00848349 0.00582085 0.00330419 0.000934466 -0.00128808 -0.00336382 -0.00529363 -0.00707878 -0.00872085 -0.0102216 -0.0115831 -0.0128072 -0.013896 -0.0148514 -0.0156753 -0.0163694 -0.0169351 -0.0173738 -0.0176864 -0.0178736 -0.017936 -0.0178736 -0.0176864 -0.0173738 -0.0169351 -0.0163694 -0.0156753 -0.0148514 -0.013896 -0.0128072 -0.0115831 -0.0102216 -0.00872085 -0.00707878 -0.00529363 -0.00336382 -0.00128808 0.000934466 0.00330419 0.00582085 0.00848349 0.0112903 0.0142385 0.0173243 0.0205425 0.0238867 0.0273486 0.0309186 0.0345849 0.0383334 0.0421481 0.0460102 0.049898 0.0537873 0.0576506 0.0614577 0.0651752 0.0687675 0.0721964 0.0754222 0.0784042 0.0811013 0.0834733 0.0854814 0.0870892 0.0882636 0.0889756 0.089201 0.0889213 0.088125 0.0868085 0.0849774 0.0826474 0.0798449 0.0766068 0.0729798 0.0690183 0.0647823 0.060335 0.0557412 0.0510662 0.0463757 0.0417356 0.0372107 0.032863 0.0287471 0.0249062 0.0213694 0.0181507 0.0152528 0.0126716 0.0104006 0.00843282 0.00675827 0.00536038 0.00421313 0.00328204 0.00252911 0.00191924 0.00142496 0.00102746 0.000714377 0.000476054 0.000302642 0.000182944 0.000104931 5.7036e-05 2.93641e-05 1.43175e-05 6.61307e-06 2.89475e-06 1.20154e-06 4.73219e-07 1.7696e-07 6.28738e-08 2.12392e-08 6.82531e-09 2.08556e-09 5.97645e-10 1.28986e-10 
0 5.30429e-10 1.96997e-09 6.53089e-09 2.05161e-08 6.12856e-08 1.74017e-07 4.69345e-07 1.20154e-06 2.91749e-06 6.71417e-06 1.46354e-05 3.02005e-05 5.89761e-05 0.00010899 0.000190698 0.000316277 0.000498286 0.000748266 0.0010763 0.00149249 0.00201043 0.00265134 0.00344618 0.00443364 0.00565412 0.00714239 0.00892306 0.0110111 0.0134164 0.0161481 0.0192154 0.0226242 0.02637 0.0304334 0.0347782 0.0393539 0.0441003 0.0489518 0.0538413 0.0587001 0.0634585 0.0680457 0.0723913 0.076427 0.0800906 0.0833287 0.0860989 0.0883708 0.0901262 0.0913574 0.0920665 0.0922634 0.091965 0.0911936 0.0899767 0.088346 0.0863369 0.0839874 0.0813372 0.078427 0.0752971 0.0719871 0.0685345 0.0649744 0.0613394 0.0576589 0.0539597 0.0502653 0.0465966 0.0429719 0.0394073 0.0359165 0.0325113 0.0292019 0.0259967 0.0229029 0.0199263 0.0170717 0.0143427 0.0117421 0.00927207 0.0069339 0.00472839 0.00265586 0.000716191 -0.00109107 -0.00276665 -0.00431146 -0.00572658 -0.0070132 -0.00817254 -0.00920582 -0.0101143 -0.010899 -0.0115611 -0.0121015 -0.0125209 -0.01282 -0.0129993 -0.013059 -0.0129993 -0.01282 -0.0125209 -0.0121015 -0.0115611 -0.010899 -0.0101143 -0.00920582 -0.00817254 -0.0070132 -0.00572658 -0.00431146 -0.00276665 -0.00109107 0.000716191 0.00265586 0.00472839 0.0069339 0.00927207 0.0117421 0.0143427 0.0170717 0.0199263 0.0229029 0.0259967 0.0292019 0.0325113 0.0359165 0.0394073 0.0429719 0.0465966 0.0502653 0.0539597 0.0576589 0.0613394 0.0649744 0.0685345 0.0719871 0.0752971 0.078427 0.0813372 0.0839874 0.0863369 0.088346 0.0899767 0.0911936 0.091965 0.0922634 0.0920665 0.0913574 0.0901262 0.0883708 0.0860989 0.0833287 0.0800906 0.076427 0.0723913 0.0680457 0.0634585 0.0587001 0.0538413 0.0489518 0.0441003 0.0393539 0.0347782 0.0304334 0.02637 0.0226242 0.0192154 0.0161481 0.0134164 0.0110111 0.00892306 0.00714239 0.00565412 0.00443364 0.00344618 0.00265134 0.00201043 0.00149249 0.0010763 0.000748266 0.000498286 0.000316277 0.000190698 0.00010899 5.89761e-05 3.02005e-05 1.46354e-05 6.71417e-06 2.91749e-06 1.20154e-06 4.69345e-07 1.74017e-07 6.12851e-08 2.05142e-08 6.52353e-09 1.94414e-09 4.45358e-10 
0 1.70103e-09 6.10712e-09 1.9469e-08 5.87245e-08 1.68276e-07 4.5791e-07 1.18239e-06 2.89475e-06 6.71417e-06 1.47429e-05 3.06272e-05 6.01698e-05 0.000111776 0.000196416 0.00032685 0.000516164 0.000776269 0.00111751 0.00155048 0.00209004 0.00275985 0.0035943 0.0046355 0.00592585 0.00749996 0.00938077 0.0115819 0.014114 0.0169886 0.0202177 0.023807 0.0277481 0.0320141 0.0365609 0.0413312 0.0462609 0.0512827 0.0563271 0.0613222 0.0661928 0.0708616 0.0752523 0.0792931 0.0829216 0.0860871 0.0887528 0.090895 0.0925024 0.0935742 0.0941188 0.0941522 0.0936975 0.0927836 0.0914444 0.089718 0.0876453 0.0852686 0.0826306 0.0797728 0.0767348 0.0735538 0.0702637 0.0668952 0.0634759 0.0600304 0.0565802 0.0531444 0.0497398 0.0463809 0.0430802 0.0398487 0.0366957 0.0336289 0.030655 0.0277794 0.0250065 0.0223399 0.0197825 0.0173364 0.0150033 0.0127843 0.0106805 0.00869224 0.0068199 0.00506358 0.00342319 0.00189857 0.000489401 -0.000804671 -0.00198407 -0.00304926 -0.0040007 -0.00483887 -0.00556422 -0.00617718 -0.00667814 -0.00706741 -0.00734526 -0.00751189 -0.00756743 -0.00751189 -0.00734526 -0.00706741 -0.00667814 -0.00617718 -0.00556422 -0.00483887 -0.0040007 -0.00304926 -0.00198407 -0.000804671 0.000489401 0.00189857 0.00342319 0.00506358 0.0068199 0.00869224 0.0106805 0.0127843 0.0150033 0.0173364 0.0197825 0.0223399 0.0250065 0.0277794 0.030655 0.0336289 0.0366957 0.0398487 0.0430802 0.0463809 0.0497398 0.0531444 0.0565802 0.0600304 0.0634759 0.0668952 0.0702637 0.0735538 0.0767348 0.0797728 0.0826306 0.0852686 0.0876453 0.089718 0.0914444 0.0927836 0.0936975 0.0941522 0.0941188 0.0935742 0.0925024 0.090895 0.0887528 0.0860871 0.0829216 0.0792931 0.0752523 0.0708616 0.0661928 0.0613222 0.0563271 0.0512827 0.0462609 0.0413312 0.0365609 0.0320141 0.0277481 0.023807 0.0202177 0.0169886 0.014114 0.0115819 0.00938077 0.00749996 0.00592585 0.0046355 0.0035943 0.00275985 0.00209004 0.00155048 0.00111751 0.000776269 0.000516164 0.00032685 0.000196416 0.000111776 6.01698e-05 3.06272e-05 1.47429e-05 6.71417e-06 2.89475e-06 1.18239e-06 4.57909e-07 1.68274e-07 5.87181e-08 1.94462e-08 6.03163e-09 1.46822e-09 
0 5.20005e-09 1.80454e-08 5.52879e-08 1.60007e-07 4.39457e-07 1.14497e-06 2.82758e-06 6.61307e-06 1.46354e-05 3.06272e-05 6.05728e-05 0.000113193 0.000199921 0.000334068 0.000529255 0.000797797 0.00115035 0.00159801 0.00215689 0.00285303 0.00372415 0.00481556 0.00617138 0.0078258 0.00980009 0.0121071 0.0147588 0.0177702 0.0211551 0.0249176 0.0290431 0.0334964 0.0382253 0.0431672 0.0482555 0.0534208 0.0585902 0.0636861 0.0686262 0.0733266 0.0777065 0.0816939 0.0852291 0.0882668 0.090776 0.0927389 0.0941491 0.0950108 0.0953374 0.095151 0.0944816 0.0933661 0.0918471 0.0899706 0.0877843 0.0853355 0.0826701 0.0798304 0.0768556 0.0737802 0.0706352 0.0674475 0.0642402 0.0610336 0.0578449 0.0546889 0.0515779 0.0485224 0.0455309 0.0426104 0.0397665 0.0370038 0.0343258 0.0317352 0.029234 0.026824 0.0245064 0.0222822 0.0201524 0.0181176 0.0161785 0.0143357 0.0125898 0.0109413 0.00939071 0.00793841 0.00658485 0.00533041 0.0041754 0.00312011 0.00216479 0.00130963 0.000554791 -9.95967e-05 -0.000653437 -0.00110666 -0.00145921 -0.00171105 -0.00186217 -0.00191254 -0.00186217 -0.00171105 -0.00145921 -0.00110666 -0.000653437 -9.95967e-05 0.000554791 0.00130963 0.00216479 0.00312011 0.0041754 0.00533041 0.00658485 0.00793841 0.00939071 0.0109413 0.0125898 0.0143357 0.0161785 0.0181176 0.0201524 0.0222822 0.0245064 0.026824 0.029234 0.0317352 0.0343258 0.0370038 0.0397665 0.0426104 0.0455309 0.0485224 0.0515779 0.0546889 0.0578449 0.0610336 0.0642402 0.0674475 0.0706352 0.0737802 0.0768556 0.0798304 0.0826701 0.0853355 0.0877843 0.0899706 0.0918471 0.0933661 0.0944816 0.095151 0.0953374 0.0950108 0.0941491 0.0927389 0.090776 0.0882668 0.0852291 0.0816939 0.0777065 0.0733266 0.0686262 0.0636861 0.0585902 0.0534208 0.0482555 0.0431672 0.0382253 0.0334964 0.0290431 0.0249176 0.0211551 0.0177702 0.0147588 0.0121071 0.00980009 0.0078258 0.00617138 0.00481556 0.00372415 0.00285303 0.00215689 0.00159801 0.00115035 0.000797797 0.000529255 0.000334068 0.000199921 0.000113193 6.05728e-05 3.06272e-05 1.46354e-05 6.61307e-06 2.82758e-06 1.14497e-06 4.39452e-07 1.59987e-07 5.52221e-08 1.78417e-08 4.62048e-09 
0 1.51479e-08 5.08029e-08 1.49507e-07 4.14826e-07 1.09102e-06 2.719e-06 6.4153e-06 1.43175e-05 3.02005e-05 6.01698e-05 0.000113193 0.000201101 0.000337728 0.000537239 0.000812402 0.00117423 0.00163432 0.00220997 0.00292946 0.00383361 0.0049708 0.00638666 0.00811487 0.0101753 0.0125805 0.0153447 0.0184864 0.0220207 0.0259486 0.0302479 0.0348746 0.0397699 0.0448677 0.0500992 0.0553919 0.0606671 0.0658387 0.0708161 0.0755096 0.0798368 0.083728 0.0871286 0.0899992 0.092314 0.0940596 0.0952338 0.0958455 0.0959139 0.0954686 0.0945484 0.0931993 0.0914719 0.0894193 0.0870943 0.0845476 0.0818263 0.0789735 0.0760274 0.0730216 0.0699854 0.0669438 0.0639177 0.0609245 0.0579784 0.0550902 0.0522683 0.0495186 0.0468451 0.0442502 0.041735 0.0392999 0.0369446 0.0346687 0.0324713 0.0303519 0.0283099 0.026345 0.0244571 0.0226461 0.0209125 0.0192566 0.0176791 0.0161806 0.0147619 0.0134238 0.0121673 0.0109932 0.00990226 0.00889541 0.0079734 0.00713696 0.00638674 0.00572336 0.00514734 0.00465916 0.0042592 0.00394778 0.00372517 0.00359153 0.00354697 0.00359153 0.00372517 0.00394778 0.0042592 0.00465916 0.00514734 0.00572336 0.00638674 0.00713696 0.0079734 0.00889541 0.00990226 0.0109932 0.0121673 0.0134238 0.0147619 0.0161806 0.0176791 0.0192566 0.0209125 0.0226461 0.0244571 0.026345 0.0283099 0.0303519 0.0324713 0.0346687 0.0369446 0.0392999 0.041735 0.0442502 0.0468451 0.0495186 0.0522683 0.0550902 0.0579784 0.0609245 0.0639177 0.0669438 0.0699854 0.0730216 0.0760274 0.0789735 0.0818263 0.0845476 0.0870943 0.0894193 0.0914719 0.0931993 0.0945484 0.0954686 0.0959139 0.0958455 0.0952338 0.0940596 0.092314 0.0899992 0.0871286 0.083728 0.0798368 0.0755096 0.0708161 0.0658387 0.0606671 0.0553919 0.0500992 0.0448677 0.0397699 0.0348746 0.0302479 0.0259486 0.0220207 0.0184864 0.0153447 0.0125805 0.0101753 0.00811487 0.00638666 0.0049708 0.00383361 0.00292946 0.00220997 0.00163432 0.00117423 0.000812402 0.000537239 0.000337728 0.000201101 0.000113193 6.01698e-05 3.02005e-05 1.43175e-05 6.41529e-06 2.719e-06 1.091e-06 4.1477e-07 1.49332e-07 5.03046e-08 1.38767e-08 
0 4.20325e-08 1.36222e-07 3.84837e-07 1.02287e-06 2.5738e-06 6.12939e-06 1.38025e-05 2.93641e-05 5.89761e-05 0.000111776 0.000199921 0.000337728 0.000539922 0.000819781 0.00118872 0.00165886 0.00224849 0.0029879 0.00392084 0.00509851 0.00656805 0.00836271 0.0105012 0.0129965 0.0158656 0.0191303 0.0228067 0.0268907 0.0313523 0.0361393 0.041188 0.0464302 0.051795 0.0572047 0.062572 0.0678006 0.0727918 0.0774522 0.0817004 0.0854708 0.0887135 0.0913934 0.0934882 0.094988 0.0958953 0.0962253 0.0960062 0.0952775 0.0940877 0.0924914 0.0905461 0.0883092 0.0858361 0.0831787 0.0803846 0.0774968 0.0745536 0.0715888 0.0686311 0.0657048 0.0628293 0.0600199 0.0572876 0.0546397 0.0520804 0.0496113 0.0472319 0.0449403 0.042734 0.0406095 0.0385635 0.0365926 0.0346938 0.0328644 0.0311022 0.0294053 0.0277726 0.026203 0.024696 0.0232514 0.0218694 0.0205503 0.0192946 0.0181032 0.016977 0.0159168 0.0149237 0.0139988 0.0131432 0.0123579 0.011644 0.0110024 0.010434 0.00993971 0.00952017 0.00917603 0.00890782 0.00871595 0.00860071 0.00856227 0.00860071 0.00871595 0.00890782 0.00917603 0.00952017 0.00993971 0.010434 0.0110024 0.011644 0.0123579 0.0131432 0.0139988 0.0149237 0.0159168 0.016977 0.0181032 0.0192946 0.0205503 0.0218694 0.0232514 0.024696 0.026203 0.0277726 0.0294053 0.0311022 0.0328644 0.0346938 0.0365926 0.0385635 0.0406095 0.042734 0.0449403 0.0472319 0.0496113 0.0520804 0.0546397 0.0572876 0.0600199 0.0628293 0.0657048 0.0686311 0.0715888 0.0745536 0.0774968 0.0803846 0.0831787 0.0858361 0.0883092 0.0905461 0.0924914 0.0940877 0.0952775 0.0960062 0.0962253 0.0958953 0.094988 0.0934882 0.0913934 0.0887135 0.0854708 0.0817004 0.0774522 0.0727918 0.0678006 0.062572 0.0572047 0.051795 0.0464302 0.041188 0.0361393 0.0313523 0.0268907 0.0228067 0.0191303 0.0158656 0.0129965 0.0105012 0.00836271 0.00656805 0.00509851 0.00392084 0.0029879 0.00224849 0.00165886 0.00118872 0.000819781 0.000539922 0.000337728 0.000199921 0.000111776 5.89761e-05 2.93641e-05 1.38025e-05 6.12938e-06 2.57375e-06 1.02272e-06 3.84417e-07 1.35155e-07 3.97638e-08 
0 1.11056e-07 3.47771e-07 9.42587e-07 2.39797e-06 5.76735e-06 1.31115e-05 2.8151e-05 5.7036e-05 0.00010899 0.000196416 0.000334068 0.000537239 0.000819781 0.00119358 0.00167122 0.00227184 0.00302742 0.0039843 0.0051964 0.00671245 0.00856556 0.0107737 0.0133504 0.0163161 0.0196957 0.0235052 0.0277351 0.0323468 0.0372814 0.0424723 0.0478503 0.0533413 0.0588596 0.0643072 0.0695777 0.0745662 0.0791782 0.083335 0.0869744 0.0900497 0.0925273 0.0943868 0.0956222 0.0962427 0.096273 0.0957523 0.094731 0.0932669 0.0914213 0.0892562 0.0868316 0.0842043 0.0814273 0.0785493 0.0756143 0.0726613 0.0697241 0.0668307 0.0640038 0.0612603 0.058612 0.0560662 0.0536264 0.0512929 0.0490638 0.0469357 0.0449038 0.0429631 0.0411081 0.0393335 0.0376342 0.0360054 0.0344428 0.0329425 0.0315011 0.0301159 0.0287846 0.0275054 0.0262771 0.0250987 0.0239699 0.0228907 0.0218613 0.0208824 0.0199548 0.0190793 0.0182571 0.0174895 0.0167775 0.0161226 0.0155258 0.0149883 0.0145113 0.0140958 0.0137425 0.0134525 0.0132261 0.0130641 0.0129668 0.0129343 0.0129668 0.0130641 0.0132261 0.0134525 0.0137425 0.0140958 0.0145113 0.0149883 0.0155258 0.0161226 0.0167775 0.0174895 0.0182571 0.0190793 0.0199548 0.0208824 0.0218613 0.0228907 0.0239699 0.0250987 0.0262771 0.0275054 0.0287846 0.0301159 0.0315011 0.0329425 0.0344428 0.0360054 0.0376342 0.0393335 0.0411081 0.0429631 0.0449038 0.0469357 0.0490638 0.0512929 0.0536264 0.0560662 0.058612 0.0612603 0.0640038 0.0668307 0.0697241 0.0726613 0.0756143 0.0785493 0.0814273 0.0842043 0.0868316 0.0892562 0.0914213 0.0932669 0.094731 0.0957523 0.096273 0.0962427 0.0956222 0.0943868 0.0925273 0.0900497 0.0869744 0.083335 0.0791782 0.0745662 0.0695777 0.0643072 0.0588596 0.0533413 0.0478503 0.0424723 0.0372814 0.0323468 0.0277351 0.0235052 0.0196957 0.0163161 0.0133504 0.0107737 0.00856556 0.00671245 0.0051964 0.0039843 0.00302742 0.00227184 0.00167122 0.00119358 0.000819781 0.000537239 0.000334068 0.000196416 0.00010899 5.7036e-05 2.8151e-05 1.31115e-05 5.76723e-06 2.39762e-06 9.41709e-07 3.45947e-07 1.08692e-07 
0 2.79299e-07 8.45049e-07 2.19615e-06 5.3432e-06 1.22719e-05 2.66079e-05 5.44209e-05 0.000104931 0.000190698 0.00032685 0.000529255 0.000812402 0.00118872 0.00167122 0.00227966 0.00304735 0.00402284 0.00526269 0.0068174 0.00872035 0.0109891 0.0136384 0.0166914 0.0201767 0.0241091 0.0284734 0.0332228 0.0382933 0.043617 0.0491241 0.0547349 0.0603539 0.0658711 0.0711715 0.0761468 0.0807038 0.0847664 0.0882741 0.0911798 0.09345 0.0950667 0.0960295 0.0963573 0.0960863 0.0952667 0.0939582 0.0922255 0.0901345 0.0877501 0.085135 0.0823488 0.079447 0.0764807 0.0734955 0.0705306 0.0676187 0.0647854 0.0620495 0.0594241 0.0569167 0.0545307 0.0522664 0.0501213 0.0480914 0.0461715 0.0443556 0.0426372 0.0410096 0.0394661 0.0380001 0.0366053 0.0352758 0.0340063 0.0327918 0.0316281 0.0305116 0.0294395 0.0284094 0.0274198 0.0264694 0.0255577 0.0246846 0.0238502 0.023055 0.0222999 0.0215859 0.0209139 0.0202852 0.0197011 0.0191628 0.0186714 0.0182283 0.0178345 0.017491 0.0171987 0.0169585 0.0167709 0.0166366 0.0165558 0.0165289 0.0165558 0.0166366 0.0167709 0.0169585 0.0171987 0.017491 0.0178345 0.0182283 0.0186714 0.0191628 0.0197011 0.0202852 0.0209139 0.0215859 0.0222999 0.023055 0.0238502 0.0246846 0.0255577 0.0264694 0.0274198 0.0284094 0.0294395 0.0305116 0.0316281 0.0327918 0.0340063 0.0352758 0.0366053 0.0380001 0.0394661 0.0410096 0.0426372 0.0443556 0.0461715 0.0480914 0.0501213 0.0522664 0.0545307 0.0569167 0.0594241 0.0620495 0.0647854 0.0676187 0.0705306 0.0734955 0.0764807 0.079447 0.0823488 0.085135 0.0877501 0.0901345 0.0922255 0.0939582 0.0952667 0.0960863 0.0963573 0.0960295 0.0950667 0.09345 0.0911798 0.0882741 0.0847664 0.0807038 0.0761468 0.0711715 0.0658711 0.0603539 0.0547349 0.0491241 0.043617 0.0382933 0.0332228 0.0284734 0.0241091 0.0201767 0.0166914 0.0136384 0.0109891 0.00872035 0.0068174 0.00526269 0.00402284 0.00304735 0.00227966 0.00167122 0.00118872 0.000812402 0.000529255 0.00032685 0.000190698 0.000104931 5.44208e-05 2.66078e-05 1.22716e-05 5.34249e-06 2.19472e-06 8.43456e-07 2.83352e-07 
0 6.68366e-07 1.95384e-06 4.86626e-06 1.13137e-05 2.47921e-05 5.12245e-05 9.97363e-05 0.000182944 0.000316277 0.000516164 0.000797797 0.00117423 0.00165886 0.00227184 0.00304735 0.00403577 0.00529615 0.00688109 0.00882481 0.0111449 0.0138571 0.0169877 0.0205681 0.0246122 0.0290986 0.0339736 0.0391693 0.0446178 0.0502478 0.0559725 0.0616843 0.0672616 0.0725835 0.0775413 0.0820436 0.0860151 0.0893938 0.0921306 0.0941921 0.0955648 0.0962575 0.0963001 0.0957398 0.0946359 0.0930543 0.091064 0.0887344 0.0861345 0.0833311 0.0803883 0.0773654 0.0743158 0.0712855 0.0683122 0.0654254 0.0626465 0.0599903 0.0574656 0.0550766 0.0528241 0.0507063 0.0487191 0.0468572 0.0451138 0.0434816 0.0419525 0.0405182 0.0391705 0.0379011 0.0367023 0.035567 0.0344885 0.0334613 0.0324804 0.0315415 0.0306414 0.0297772 0.0289471 0.0281495 0.0273834 0.0266483 0.0259441 0.0252709 0.0246292 0.0240195 0.0234426 0.0228994 0.0223909 0.0219181 0.0214821 0.0210839 0.0207246 0.020405 0.0201261 0.0198886 0.0196933 0.0195408 0.0194316 0.0193659 0.0193439 0.0193659 0.0194316 0.0195408 0.0196933 0.0198886 0.0201261 0.020405 0.0207246 0.0210839 0.0214821 0.0219181 0.0223909 0.0228994 0.0234426 0.0240195 0.0246292 0.0252709 0.0259441 0.0266483 0.0273834 0.0281495 0.0289471 0.0297772 0.0306414 0.0315415 0.0324804 0.0334613 0.0344885 0.035567 0.0367023 0.0379011 0.0391705 0.0405182 0.0419525 0.0434816 0.0451138 0.0468572 0.0487191 0.0507063 0.0528241 0.0550766 0.0574656 0.0599903 0.0626465 0.0654254 0.0683122 0.0712855 0.0743158 0.0773654 0.0803883 0.0833311 0.0861345 0.0887344 0.091064 0.0930543 0.0946359 0.0957398 0.0963001 0.0962575 0.0955648 0.0941921 0.0921306 0.0893938 0.0860151 0.0820436 0.0775413 0.0725835 0.0672616 0.0616843 0.0559725 0.0502478 0.0446178 0.0391693 0.0339736 0.0290986 0.0246122 0.0205681 0.0169877 0.0138571 0.0111449 0.00882481 0.00688109 0.00529615 0.00403577 0.00304735 0.00227184 0.00165886 0.00117423 0.000797797 0.000516164 0.000316277 0.000182944 9.97362e-05 5.12243e-05 2.47915e-05 1.13126e-05 4.86529e-06 1.95859e-06 7.04388e-07 
0 1.52141e-06 4.29756e-06 1.02532e-05 2.27631e-05 4.75569e-05 9.3578e-05 0.000173393 0.000302642 0.000498286 0.000776269 0.00115035 0.00163432 0.00224849 0.00302742 0.00402284 0.00529615 0.00690244 0.00887742 0.0112391 0.0140042 0.0172017 0.0208656 0.025009 0.0296052 0.0345939 0.0399049 0.0454709 0.0512183 0.0570509 0.0628478 0.0684781 0.0738178 0.0787591 0.0832116 0.0870977 0.0903514 0.092921 0.0947761 0.095911 0.0963451 0.0961193 0.0952892 0.0939196 0.0920806 0.0898449 0.0872871 0.0844817 0.0815017 0.0784156 0.0752857 0.0721654 0.0690986 0.0661197 0.0632539 0.0605193 0.0579273 0.0554846 0.0531936 0.0510537 0.0490613 0.0472109 0.045495 0.0439047 0.0424305 0.0410621 0.0397894 0.0386025 0.0374922 0.03645 0.0354683 0.0345405 0.0336608 0.0328242 0.0320267 0.0312647 0.0305356 0.029837 0.0291671 0.0285246 0.0279084 0.0273181 0.0267531 0.0262135 0.0256994 0.0252111 0.0247491 0.0243141 0.0239067 0.0235278 0.0231782 0.0228587 0.0225702 0.0223135 0.0220893 0.0218984 0.0217413 0.0216186 0.0215306 0.0214777 0.0214601 0.0214777 0.0215306 0.0216186 0.0217413 0.0218984 0.0220893 0.0223135 0.0225702 0.0228587 0.0231782 0.0235278 0.0239067 0.0243141 0.0247491 0.0252111 0.0256994 0.0262135 0.0267531 0.0273181 0.0279084 0.0285246 0.0291671 0.029837 0.0305356 0.0312647 0.0320267 0.0328242 0.0336608 0.0345405 0.0354683 0.03645 0.0374922 0.0386025 0.0397894 0.0410621 0.0424305 0.0439047 0.045495 0.0472109 0.0490613 0.0510537 0.0531936 0.0554846 0.0579273 0.0605193 0.0632539 0.0661197 0.0690986 0.0721654 0.0752857 0.0784156 0.0815017 0.0844817 0.0872871 0.0898449 0.0920806 0.0939196 0.0952892 0.0961193 0.0963451 0.095911 0.0947761 0.092921 0.0903514 0.0870977 0.0832116 0.0787591 0.0738178 0.0684781 0.0628478 0.0570509 0.0512183 0.0454709 0.0399049 0.0345939 0.0296052 0.025009 0.0208656 0.0172017 0.0140042 0.0112391 0.00887742 0.00690244 0.00529615 0.00402284 0.00302742 0.00224849 0.00163432 0.00115035 0.000776269 0.000498286 0.000302642 0.000173393 9.35776e-05 4.7556e-05 2.27626e-05 1.02583e-05 4.33166e-06 1.66958e-06 
0 3.29354e-06 8.99124e-06 2.05426e-05 4.35251e-05 8.66493e-05 0.000162332 0.000286319 0.000476054 0.000748266 0.00111751 0.00159801 0.00220997 0.0029879 0.0039843 0.00526269 0.00688109 0.00887742 0.0112707 0.0140782 0.0173311 0.0210658 0.0252954 0.0299887 0.0350799 0.0404969 0.0461734 0.0520325 0.0579669 0.0638429 0.069522 0.07488 0.0798105 0.0842207 0.0880277 0.0911605 0.0935673 0.0952235 0.0961337 0.0963278 0.0958544 0.0947744 0.0931561 0.0910738 0.0886064 0.0858356 0.0828431 0.0797072 0.0764992 0.0732808 0.0701029 0.0670061 0.064021 0.0611706 0.0584708 0.055932 0.0535594 0.0513544 0.0493142 0.047433 0.0457022 0.0441117 0.04265 0.0413054 0.0400659 0.0389207 0.0378593 0.0368725 0.035952 0.0350904 0.0342814 0.0335192 0.032799 0.0321165 0.031468 0.0308504 0.0302608 0.0296971 0.0291575 0.0286405 0.0281451 0.0276707 0.0272166 0.0267829 0.0263695 0.0259767 0.0256049 0.0252547 0.0249266 0.0246213 0.0243395 0.0240819 0.0238493 0.0236422 0.0234613 0.0233073 0.0231805 0.0230814 0.0230104 0.0229678 0.0229535 0.0229678 0.0230104 0.0230814 0.0231805 0.0233073 0.0234613 0.0236422 0.0238493 0.0240819 0.0243395 0.0246213 0.0249266 0.0252547 0.0256049 0.0259767 0.0263695 0.0267829 0.0272166 0.0276707 0.0281451 0.0286405 0.0291575 0.0296971 0.0302608 0.0308504 0.031468 0.0321165 0.032799 0.0335192 0.0342814 0.0350904 0.035952 0.0368725 0.0378593 0.0389207 0.0400659 0.0413054 0.04265 0.0441117 0.0457022 0.047433 0.0493142 0.0513544 0.0535594 0.055932 0.0584708 0.0611706 0.064021 0.0670061 0.0701029 0.0732808 0.0764992 0.0797072 0.0828431 0.0858356 0.0886064 0.0910738 0.0931561 0.0947744 0.0958544 0.0963278 0.0961337 0.0952235 0.0935673 0.0911605 0.0880277 0.0842207 0.0798105 0.07488 0.069522 0.0638429 0.0579669 0.0520325 0.0461734 0.0404969 0.0350799 0.0299887 0.0252954 0.0210658 0.0173311 0.0140782 0.0112707 0.00887742 0.00688109 0.00526269 0.0039843 0.0029879 0.00220997 0.00159801 0.00111751 0.000748266 0.000476053 0.000286319 0.000162331 8.66492e-05 4.35302e-05 2.05741e-05 9.12539e-06 3.77316e-06 
