0 0 0 0 0 0 0 0 0 0 0 0 0 0 0 0 0 0 0 0 0 0 0 0 0 0 0 0 0 0 0 0 0 0 0 0 0 0 0 0 0 0 0 0 0 0 0 0 0 0 0 0 0 0 0 0 0 0 0 0 0 0 0 0 0 0 0 0 0 0 0 0 0 0 0 0 0 0 0 0 0 0 0 0 0 0 0 0 0 0 0 0 0 0 0 0 0 0 0 0 0 0 0 0 0 0 0 0 0 0 0 0 0 0 0 0 0 0 0 0 0 0 0 0 0 0 0 0 0 0 0 0 0 0 0 0 0 0 0 0 0 0 0 0 0 0 0 0 0 0 0 0 0 0 0 0 0 0 0 0 0 0 0 0 0 0 0 0 0 0 0 0 0 0 0 0 0 0 0 0 0 0 0 0 0 0 0 0 0 0 0 0 0 0 0 0 0 0 0 0 
0 1.81218e-26 1.67046e-25 1.44755e-24 1.19167e-23 9.32506e-23 6.93889e-22 4.91163e-21 3.30818e-20 2.12079e-19 1.29432e-18 7.52158e-18 4.16256e-17 2.19406e-16 1.10157e-15 5.26846e-15 2.40037e-14 1.04185e-13 4.308e-13 1.697e-12 6.36834e-12 2.27668e-11 7.75375e-11 2.51569e-10 7.77592e-10 2.28993e-09 6.4255e-09 1.71818e-08 4.37922e-08 1.06416e-07 2.46634e-07 5.45419e-07 1.15154e-06 2.32271e-06 4.47947e-06 8.26774e-06 1.46202e-05 2.48009e-05 4.04156e-05 6.337e-05 9.5771e-05 0.000139777 0.000197424 0.000270465 0.000360267 0.000467798 0.000593722 0.000738581 0.000903033 0.00108809 0.00129527 0.00152668 0.00178494 0.00207295 0.00239362 0.00274947 0.00314238 0.00357319 0.00404162 0.00454615 0.00508407 0.00565165 0.00624432 0.00685696 0.00748413 0.00812028 0.00876001 0.00939816 0.0100299 0.010651 0.0112575 0.0118459 0.0124133 0.0129573 0.0134756 0.0139665 0.0144289 0.0148616 0.0152642 0.0156364 0.0159783 0.0162902 0.016573 0.0168275 0.0170549 0.0172566 0.0174341 0.0175891 0.0177233 0.0178386 0.0179366 0.0180191 0.0180879 0.0181445 0.0181903 0.0182268 0.0182549 0.0182758 0.0182902 0.0182986 0.0183014 0.0182986 0.0182902 0.0182758 0.0182549 0.0182268 0.0181903 0.0181445 0.0180879 0.0180191 0.0179366 0.0178386 0.0177233 0.0175891 0.0174341 0.0172566 0.0170549 0.0168275 0.016573 0.0162902 0.0159783 0.0156364 0.0152642 0.0148616 0.0144289 0.0139665 0.0134756 0.0129573 0.0124133 0.0118459 0.0112575 0.010651 0.0100299 0.00939816 0.00876001 0.00812028 0.00748413 0.00685696 0.00624432 0.00565165 0.00508407 0.00454615 0.00404162 0.00357319 0.00314238 0.00274947 0.00239362 0.00207295 0.00178494 0.00152668 0.00129527 0.00108809 0.000903033 0.000738581 0.000593722 0.000467798 0.000360267 0.000270465 0.000197424 0.000139777 9.5771e-05 6.337e-05 4.04156e-05 2.48009e-05 1.46202e-05 8.26774e-06 4.47947e-06 2.32271e-06 1.15154e-06 5.45419e-07 2.46634e-07 1.06416e-07 4.37922e-08 1.71818e-08 6.4255e-09 2.28993e-09 7.77592e-10 2.51569e-10 7.75375e-11 2.27668e-11 6.36834e-12 1.697e-12 4.308e-13 1.04185e-13 2.40037e-14 5.26846e-15 1.10157e-15 2.19406e-16 4.16256e-17 7.52158e-18 1.29432e-18 2.12079e-19 3.30818e-20 4.91163e-21 6.93889e-22 9.32506e-23 1.19167e-23 1.44747e-24 1.66266e-25 1.06677e-26 
0 1.67046e-25 1.47955e-24 1.23163e-23 9.74551e-23 7.33372e-22 5.25041e-21 3.57721e-20 2.32001e-19 1.4326e-18 8.42428e-18 4.71817e-17 2.5171e-16 1.27923e-15 6.19362e-15 2.85697e-14 1.25556e-13 5.25708e-13 2.09709e-12 7.96983e-12 2.88556e-11 9.95301e-11 3.27052e-10 1.02382e-09 3.05341e-09 8.67638e-09 2.34926e-08 6.06233e-08 1.49132e-07 3.49837e-07 7.82904e-07 1.67237e-06 3.41211e-06 6.65466e-06 1.2418e-05 2.21963e-05 3.80509e-05 6.26515e-05 9.92396e-05 0.000151498 0.000223332 0.000318605 0.000440871 0.000593189 0.000778061 0.000997533 0.00125343 0.00154769 0.0018827 0.00226154 0.00268806 0.00316681 0.00370276 0.00430078 0.00496522 0.00569934 0.00650485 0.00738168 0.00832778 0.00933914 0.01041 0.0115331 0.0127 0.0139015 0.0151279 0.0163693 0.017616 0.0188586 0.0200883 0.0212967 0.0224763 0.0236201 0.0247222 0.0257773 0.0267811 0.0277298 0.0286209 0.0294524 0.0302231 0.0309328 0.0315819 0.0321713 0.0327027 0.0331784 0.0336009 0.0339733 0.0342988 0.0345811 0.0348236 0.0350302 0.0352044 0.0353498 0.0354697 0.0355675 0.0356459 0.0357077 0.035755 0.0357898 0.0358136 0.0358274 0.035832 0.0358274 0.0358136 0.0357898 0.035755 0.0357077 0.0356459 0.0355675 0.0354697 0.0353498 0.0352044 0.0350302 0.0348236 0.0345811 0.0342988 0.0339733 0.0336009 0.0331784 0.0327027 0.0321713 0.0315819 0.0309328 0.0302231 0.0294524 0.0286209 0.0277298 0.0267811 0.0257773 0.0247222 0.0236201 0.0224763 0.0212967 0.0200883 0.0188586 0.017616 0.0163693 0.0151279 0.0139015 0.0127 0.0115331 0.01041 0.00933914 0.00832778 0.00738168 0.00650485 0.00569934 0.00496522 0.00430078 0.00370276 0.00316681 0.00268806 0.00226154 0.0018827 0.00154769 0.00125343 0.000997533 0.000778061 0.000593189 0.000440871 0.000318605 0.000223332 0.000151498 9.92396e-05 6.26515e-05 3.80509e-05 2.21963e-05 1.2418e-05 6.65466e-06 3.41211e-06 1.67237e-06 7.82904e-07 3.49837e-07 1.49132e-07 6.06233e-08 2.34926e-08 8.67638e-09 3.05341e-09 1.02382e-09 3.27052e-10 9.95301e-11 2.88556e-11 7.96983e-12 2.09709e-12 5.25708e-13 1.25556e-13 2.85697e-14 6.19362e-15 1.27923e-15 2.5171e-16 4.71817e-17 8.42428e-18 1.4326e-18 2.32001e-19 3.57721e-20 5.25041e-21 7.33372e-22 9.7455e-23 1.23156e-23 1.47219e-24 9.96131e-26 
0 1.44755e-24 1.23163e-23 9.84467e-23 7.48303e-22 5.41155e-21 3.72448e-20 2.44015e-19 1.5222e-18 9.04275e-18 5.11643e-17 2.75749e-16 1.41571e-15 6.92419e-15 3.22629e-14 1.43211e-13 6.05596e-13 2.43951e-12 9.3609e-12 3.4214e-11 1.19108e-10 3.94916e-10 1.24705e-09 3.7504e-09 1.07422e-08 2.93061e-08 7.61603e-08 1.88577e-07 4.44996e-07 1.00114e-06 2.14846e-06 4.40066e-06 8.61016e-06 1.61071e-05 2.88425e-05 4.95029e-05 8.15603e-05 0.000129222 0.000197265 0.000290778 0.000414855 0.000574319 0.00077356 0.00101653 0.00130693 0.00164847 0.00204528 0.00250212 0.00302458 0.00361894 0.00429194 0.00505025 0.00589995 0.00684594 0.00789144 0.00903766 0.0102836 0.011626 0.0130594 0.0145766 0.0161687 0.0178252 0.0195349 0.0212856 0.0230648 0.0248596 0.0266571 0.0284446 0.0302097 0.0319407 0.0336267 0.0352576 0.0368245 0.0383196 0.0397364 0.0410698 0.0423159 0.0434725 0.0445381 0.045513 0.0463983 0.0471962 0.0479098 0.0485429 0.0490999 0.049586 0.0500062 0.0503662 0.0506716 0.050928 0.051141 0.0513158 0.0514574 0.0515707 0.0516597 0.0517284 0.05178 0.0518173 0.0518423 0.0518567 0.0518614 0.0518567 0.0518423 0.0518173 0.05178 0.0517284 0.0516597 0.0515707 0.0514574 0.0513158 0.051141 0.050928 0.0506716 0.0503662 0.0500062 0.049586 0.0490999 0.0485429 0.0479098 0.0471962 0.0463983 0.045513 0.0445381 0.0434725 0.0423159 0.0410698 0.0397364 0.0383196 0.0368245 0.0352576 0.0336267 0.0319407 0.0302097 0.0284446 0.0266571 0.0248596 0.0230648 0.0212856 0.0195349 0.0178252 0.0161687 0.0145766 0.0130594 0.011626 0.0102836 0.00903766 0.00789144 0.00684594 0.00589995 0.00505025 0.00429194 0.00361894 0.00302458 0.00250212 0.00204528 0.00164847 0.00130693 0.00101653 0.00077356 0.000574319 0.000414855 0.000290778 0.000197265 0.000129222 8.15603e-05 4.95029e-05 2.88425e-05 1.61071e-05 8.61016e-06 4.40066e-06 2.14846e-06 1.00114e-06 4.44996e-07 1.88577e-07 7.61603e-08 2.93061e-08 1.07422e-08 3.7504e-09 1.24705e-09 3.94916e-10 1.19108e-10 3.4214e-11 9.3609e-12 2.43951e-12 6.05596e-13 1.43211e-13 3.22629e-14 6.92419e-15 1.41571e-15 2.75749e-16 5.11643e-17 9.04275e-18 1.5222e-18 2.44015e-19 3.72448e-20 5.41155e-21 7.48302e-22 9.84396e-23 1.22512e-23 8.74919e-25 
0 1.19167e-23 9.74551e-23 7.48303e-22 5.46594e-21 3.79985e-20 2.51472e-19 1.58461e-18 9.50907e-18 5.43488e-17 2.95882e-16 1.53443e-15 7.5804e-15 3.56738e-14 1.59923e-13 6.82897e-13 2.77751e-12 1.07591e-11 3.96901e-11 1.39422e-10 4.66321e-10 1.48494e-09 4.50165e-09 1.29916e-08 3.56929e-08 9.3358e-08 2.32501e-07 5.51429e-07 1.24589e-06 2.68272e-06 5.50842e-06 1.07932e-05 2.01997e-05 3.61493e-05 6.19447e-05 0.000101802 0.000160753 0.000244423 0.000358708 0.000509453 0.000702213 0.000942201 0.00123445 0.00158417 0.00199712 0.00248005 0.00304077 0.00368808 0.00443137 0.00527995 0.00624229 0.00732536 0.00853393 0.00987032 0.0113342 0.0129225 0.01463 0.0164493 0.0183712 0.0203852 0.0224792 0.0246403 0.0268547 0.0291076 0.0313839 0.0336677 0.0359434 0.0381952 0.0404078 0.0425665 0.0446578 0.0466695 0.0485906 0.0504123 0.052127 0.0537294 0.0552157 0.0565841 0.0578344 0.058968 0.0599875 0.0608968 0.061701 0.0624058 0.0630178 0.0635439 0.0639913 0.0643676 0.0646802 0.0649365 0.0651437 0.0653086 0.0654377 0.0655368 0.0656113 0.065666 0.0657051 0.0657319 0.0657491 0.0657587 0.0657617 0.0657587 0.0657491 0.0657319 0.0657051 0.065666 0.0656113 0.0655368 0.0654377 0.0653086 0.0651437 0.0649365 0.0646802 0.0643676 0.0639913 0.0635439 0.0630178 0.0624058 0.061701 0.0608968 0.0599875 0.058968 0.0578344 0.0565841 0.0552157 0.0537294 0.052127 0.0504123 0.0485906 0.0466695 0.0446578 0.0425665 0.0404078 0.0381952 0.0359434 0.0336677 0.0313839 0.0291076 0.0268547 0.0246403 0.0224792 0.0203852 0.0183712 0.0164493 0.01463 0.0129225 0.0113342 0.00987032 0.00853393 0.00732536 0.00624229 0.00527995 0.00443137 0.00368808 0.00304077 0.00248005 0.00199712 0.00158417 0.00123445 0.000942201 0.000702213 0.000509453 0.000358708 0.000244423 0.000160753 0.000101802 6.19447e-05 3.61493e-05 2.01997e-05 1.07932e-05 5.50842e-06 2.68272e-06 1.24589e-06 5.51429e-07 2.32501e-07 9.3358e-08 3.56929e-08 1.29916e-08 4.50165e-09 1.48494e-09 4.66321e-10 1.39422e-10 3.96901e-11 1.07591e-11 2.77751e-12 6.82897e-13 1.59923e-13 3.56738e-14 7.5804e-15 1.53443e-15 2.95882e-16 5.43488e-17 9.50907e-18 1.58461e-18 2.51472e-19 3.79985e-20 5.46593e-21 7.48241e-22 9.69074e-23 7.30287e-24 
0 9.32506e-23 7.33372e-22 5.41155e-21 3.79985e-20 2.54007e-19 1.61676e-18 9.80025e-18 5.65805e-17 3.1115e-16 1.62992e-15 8.13321e-15 3.86587e-14 1.75027e-13 7.54746e-13 3.09955e-12 1.21213e-11 4.51339e-11 1.59992e-10 5.39855e-10 1.73375e-09 5.2987e-09 1.54095e-08 4.26395e-08 1.12263e-07 2.81237e-07 6.70471e-07 1.52142e-06 3.28724e-06 6.76607e-06 1.32755e-05 2.48514e-05 4.44337e-05 7.59846e-05 0.000124482 0.000195752 0.000296157 0.000432205 0.000610213 0.000836156 0.00111578 0.00145501 0.00186048 0.00234009 0.00290334 0.00356128 0.00432604 0.00521004 0.00622493 0.00738067 0.0086846 0.010141 0.0117509 0.0135121 0.0154197 0.0174663 0.0196424 0.0219371 0.0243377 0.0268304 0.0294001 0.0320305 0.0347043 0.0374033 0.0401086 0.0428014 0.0454626 0.0480738 0.0506175 0.0530777 0.0554398 0.0576912 0.0598214 0.061822 0.0636869 0.0654121 0.0669957 0.0684379 0.0697405 0.0709069 0.0719421 0.0728522 0.0736441 0.0743258 0.0749056 0.0753923 0.075795 0.0761228 0.0763845 0.0765891 0.0767449 0.0768599 0.0769416 0.0769968 0.0770318 0.0770518 0.0770618 0.0770654 0.0770658 0.0770652 0.0770648 0.0770652 0.0770658 0.0770654 0.0770618 0.0770518 0.0770318 0.0769968 0.0769416 0.0768599 0.0767449 0.0765891 0.0763845 0.0761228 0.075795 0.0753923 0.0749056 0.0743258 0.0736441 0.0728522 0.0719421 0.0709069 0.0697405 0.0684379 0.0669957 0.0654121 0.0636869 0.061822 0.0598214 0.0576912 0.0554398 0.0530777 0.0506175 0.0480738 0.0454626 0.0428014 0.0401086 0.0374033 0.0347043 0.0320305 0.0294001 0.0268304 0.0243377 0.0219371 0.0196424 0.0174663 0.0154197 0.0135121 0.0117509 0.010141 0.0086846 0.00738067 0.00622493 0.00521004 0.00432604 0.00356128 0.00290334 0.00234009 0.00186048 0.00145501 0.00111578 0.000836156 0.000610213 0.000432205 0.000296157 0.000195752 0.000124482 7.59846e-05 4.44337e-05 2.48514e-05 1.32755e-05 6.76607e-06 3.28724e-06 1.52142e-06 6.70471e-07 2.81237e-07 1.12263e-07 4.26395e-08 1.54095e-08 5.2987e-09 1.73375e-09 5.39855e-10 1.59992e-10 4.51339e-11 1.21213e-11 3.09955e-12 7.54746e-13 1.75027e-13 3.86587e-14 8.13321e-15 1.62992e-15 3.1115e-16 5.65805e-17 9.80025e-18 1.61676e-18 2.54007e-19 3.79984e-20 5.41104e-21 7.29005e-22 5.79615e-23 
0 6.93889e-22 5.25041e-21 3.72448e-20 2.51472e-19 1.61676e-18 9.89927e-18 5.77304e-17 3.20686e-16 1.69685e-15 8.5525e-15 4.10595e-14 1.87749e-13 8.17608e-13 3.3905e-12 1.33867e-11 5.03163e-11 1.80008e-10 6.12843e-10 1.98518e-09 6.11746e-09 1.79305e-08 4.99809e-08 1.32486e-07 3.33941e-07 8.00425e-07 1.82464e-06 3.95686e-06 8.16604e-06 1.60477e-05 3.00539e-05 5.36951e-05 9.16434e-05 0.000149669 0.000234383 0.000352814 0.000511959 0.000718464 0.000978599 0.00129862 0.00168541 0.00214726 0.00269445 0.00333943 0.00409645 0.00498062 0.00600673 0.00718793 0.00853462 0.0100537 0.0117484 0.0136183 0.0156596 0.0178659 0.0202282 0.0227357 0.0253757 0.0281336 0.0309929 0.0339355 0.0369417 0.0399902 0.043059 0.0461251 0.049166 0.0521594 0.0550841 0.0579206 0.0606513 0.0632606 0.0657355 0.0680656 0.0702427 0.0722613 0.0741183 0.0758127 0.0773458 0.0787204 0.0799413 0.0810146 0.0819476 0.0827486 0.0834269 0.0839922 0.0844546 0.0848245 0.0851124 0.0853286 0.0854832 0.0855861 0.0856465 0.0856732 0.0856743 0.0856572 0.0856286 0.0855943 0.0855593 0.0855278 0.0855029 0.0854871 0.0854816 0.0854871 0.0855029 0.0855278 0.0855593 0.0855943 0.0856286 0.0856572 0.0856743 0.0856732 0.0856465 0.0855861 0.0854832 0.0853286 0.0851124 0.0848245 0.0844546 0.0839922 0.0834269 0.0827486 0.0819476 0.0810146 0.0799413 0.0787204 0.0773458 0.0758127 0.0741183 0.0722613 0.0702427 0.0680656 0.0657355 0.0632606 0.0606513 0.0579206 0.0550841 0.0521594 0.049166 0.0461251 0.043059 0.0399902 0.0369417 0.0339355 0.0309929 0.0281336 0.0253757 0.0227357 0.0202282 0.0178659 0.0156596 0.0136183 0.0117484 0.0100537 0.00853462 0.00718793 0.00600673 0.00498062 0.00409645 0.00333943 0.00269445 0.00214726 0.00168541 0.00129862 0.000978599 0.000718464 0.000511959 0.000352814 0.000234383 0.000149669 9.16434e-05 5.36951e-05 3.00539e-05 1.60477e-05 8.16604e-06 3.95686e-06 1.82464e-06 8.00425e-07 3.33941e-07 1.32486e-07 4.99809e-08 1.79305e-08 6.11746e-09 1.98518e-09 6.12843e-10 1.80008e-10 5.03163e-11 1.33867e-11 3.3905e-12 8.17608e-13 1.87749e-13 4.10595e-14 8.5525e-15 1.69685e-15 3.20686e-16 5.77304e-17 9.89927e-18 1.61676e-18 2.51471e-19 3.72407e-20 5.21736e-21 4.37611e-22 
0 4.91163e-21 3.57721e-20 2.44015e-19 1.58461e-18 9.80025e-18 5.77304e-17 3.23929e-16 1.73133e-15 8.81434e-15 4.27421e-14 1.97397e-13 8.68154e-13 3.63547e-12 1.44931e-11 5.4994e-11 1.98579e-10 6.82213e-10 2.22934e-09 6.92792e-09 2.04694e-08 5.74907e-08 1.53463e-07 3.89292e-07 9.38398e-07 2.14959e-06 4.68e-06 9.68706e-06 1.90725e-05 3.57445e-05 6.38309e-05 0.000108757 0.000177106 0.000276251 0.000413822 0.000597202 0.000833276 0.00112861 0.00149012 0.00192597 0.00244655 0.00306493 0.00379672 0.00465924 0.00567003 0.0068453 0.00819849 0.00973931 0.0114733 0.0134021 0.0155238 0.0178332 0.0203231 0.0229834 0.0258022 0.0287648 0.0318541 0.0350504 0.0383314 0.0416729 0.0450488 0.0484324 0.0517965 0.0551147 0.0583621 0.0615154 0.0645537 0.0674588 0.0702155 0.0728111 0.0752362 0.0774841 0.0795504 0.0814338 0.0831348 0.0846563 0.086003 0.0871811 0.0881985 0.0890641 0.0897879 0.0903805 0.0908532 0.0912177 0.0914857 0.0916689 0.0917792 0.0918276 0.0918253 0.0917825 0.0917092 0.0916143 0.0915064 0.0913929 0.0912807 0.0911756 0.0910828 0.0910062 0.0909493 0.0909142 0.0909023 0.0909142 0.0909493 0.0910062 0.0910828 0.0911756 0.0912807 0.0913929 0.0915064 0.0916143 0.0917092 0.0917825 0.0918253 0.0918276 0.0917792 0.0916689 0.0914857 0.0912177 0.0908532 0.0903805 0.0897879 0.0890641 0.0881985 0.0871811 0.086003 0.0846563 0.0831348 0.0814338 0.0795504 0.0774841 0.0752362 0.0728111 0.0702155 0.0674588 0.0645537 0.0615154 0.0583621 0.0551147 0.0517965 0.0484324 0.0450488 0.0416729 0.0383314 0.0350504 0.0318541 0.0287648 0.0258022 0.0229834 0.0203231 0.0178332 0.0155238 0.0134021 0.0114733 0.00973931 0.00819849 0.0068453 0.00567003 0.00465924 0.00379672 0.00306493 0.00244655 0.00192597 0.00149012 0.00112861 0.000833276 0.000597202 0.000413822 0.000276251 0.000177106 0.000108757 6.38309e-05 3.57445e-05 1.90725e-05 9.68706e-06 4.68e-06 2.14959e-06 9.38398e-07 3.89292e-07 1.53463e-07 5.74907e-08 2.04694e-08 6.92792e-09 2.22934e-09 6.82213e-10 1.98579e-10 5.4994e-11 1.44931e-11 3.63547e-12 8.68154e-13 1.97397e-13 4.27421e-14 8.81434e-15 1.73133e-15 3.23929e-16 5.77304e-17 9.80025e-18 1.58461e-18 2.43985e-19 3.55346e-20 3.14412e-21 
0 3.30818e-20 2.32001e-19 1.5222e-18 9.50907e-18 5.65805e-17 3.20686e-16 1.73133e-15 8.90339e-15 4.36089e-14 2.03422e-13 9.03569e-13 3.82117e-12 1.53822e-11 5.89294e-11 2.14798e-10 7.44737e-10 2.45544e-09 7.69639e-09 2.29275e-08 6.48967e-08 1.74493e-07 4.45591e-07 1.08052e-06 2.48798e-06 5.44001e-06 1.12974e-05 2.22926e-05 4.18235e-05 7.46749e-05 0.000127056 0.000206371 0.000320717 0.000478246 0.000686635 0.000952965 0.00128419 0.00168814 0.00217474 0.002757 0.00345121 0.00427632 0.00525238 0.00639863 0.00773164 0.00926403 0.0110039 0.0129549 0.0151169 0.0174867 0.0200584 0.0228237 0.0257717 0.0288884 0.0321565 0.0355552 0.0390601 0.042644 0.0462771 0.0499284 0.0535668 0.0571614 0.0606831 0.0641049 0.0674028 0.0705553 0.0735448 0.0763565 0.078979 0.0814041 0.0836267 0.0856444 0.0874574 0.0890685 0.0904825 0.0917064 0.0927485 0.093619 0.0943288 0.0948901 0.0953154 0.0956181 0.0958112 0.0959083 0.0959225 0.0958667 0.0957532 0.095594 0.0954003 0.0951827 0.0949509 0.094714 0.0944801 0.0942564 0.0940496 0.0938651 0.0937078 0.0935814 0.093489 0.0934326 0.0934137 0.0934326 0.093489 0.0935814 0.0937078 0.0938651 0.0940496 0.0942564 0.0944801 0.094714 0.0949509 0.0951827 0.0954003 0.095594 0.0957532 0.0958667 0.0959225 0.0959083 0.0958112 0.0956181 0.0953154 0.0948901 0.0943288 0.093619 0.0927485 0.0917064 0.0904825 0.0890685 0.0874574 0.0856444 0.0836267 0.0814041 0.078979 0.0763565 0.0735448 0.0705553 0.0674028 0.0641049 0.0606831 0.0571614 0.0535668 0.0499284 0.0462771 0.042644 0.0390601 0.0355552 0.0321565 0.0288884 0.0257717 0.0228237 0.0200584 0.0174867 0.0151169 0.0129549 0.0110039 0.00926403 0.00773164 0.00639863 0.00525238 0.00427632 0.00345121 0.002757 0.00217474 0.00168814 0.00128419 0.000952965 0.000686635 0.000478246 0.000320717 0.000206371 0.000127056 7.46749e-05 4.18235e-05 2.22926e-05 1.12974e-05 5.44001e-06 2.48798e-06 1.08052e-06 4.45591e-07 1.74493e-07 6.48967e-08 2.29275e-08 7.69639e-09 2.45544e-09 7.44737e-10 2.14798e-10 5.89294e-11 1.53822e-11 3.82117e-12 9.03569e-13 2.03422e-13 4.36089e-14 8.90339e-15 1.73133e-15 3.20686e-16 5.65805e-17 9.50905e-18 1.52198e-18 2.30381e-19 2.15038e-20 
0 2.12079e-19 1.4326e-18 9.04275e-18 5.43488e-17 3.1115e-16 1.69685e-15 8.81434e-15 4.36089e-14 2.0547e-13 9.21812e-13 3.93709e-12 1.60049e-11 6.19108e-11 2.27822e-10 7.9728e-10 2.65261e-09 8.38766e-09 2.5198e-08 7.18962e-08 1.9477e-07 5.00831e-07 1.22212e-06 2.82955e-06 6.21567e-06 1.29558e-05 2.56318e-05 4.81583e-05 8.60055e-05 0.000146186 0.000236917 0.000366972 0.000544938 0.000778706 0.00107555 0.00144297 0.00189009 0.00242912 0.0030762 0.00385121 0.00477632 0.00587381 0.00716368 0.00866185 0.0103793 0.012322 0.0144919 0.0168875 0.0195048 0.0223373 0.0253755 0.0286064 0.032013 0.0355734 0.0392614 0.0430467 0.0468963 0.0507751 0.0546475 0.0584788 0.0622359 0.065888 0.0694077 0.0727704 0.0759555 0.0789458 0.0817276 0.0842908 0.0866286 0.0887377 0.0906177 0.0922712 0.0937034 0.094922 0.0959365 0.0967584 0.0974005 0.0978766 0.0982012 0.0983895 0.0984566 0.0984178 0.0982878 0.0980813 0.0978122 0.0974936 0.0971383 0.0967577 0.096363 0.095964 0.09557 0.0951891 0.094829 0.094496 0.0941961 0.093934 0.093714 0.0935395 0.093413 0.0933363 0.0933106 0.0933363 0.093413 0.0935395 0.093714 0.093934 0.0941961 0.094496 0.094829 0.0951891 0.09557 0.095964 0.096363 0.0967577 0.0971383 0.0974936 0.0978122 0.0980813 0.0982878 0.0984178 0.0984566 0.0983895 0.0982012 0.0978766 0.0974005 0.0967584 0.0959365 0.094922 0.0937034 0.0922712 0.0906177 0.0887377 0.0866286 0.0842908 0.0817276 0.0789458 0.0759555 0.0727704 0.0694077 0.065888 0.0622359 0.0584788 0.0546475 0.0507751 0.0468963 0.0430467 0.0392614 0.0355734 0.032013 0.0286064 0.0253755 0.0223373 0.0195048 0.0168875 0.0144919 0.012322 0.0103793 0.00866185 0.00716368 0.00587381 0.00477632 0.00385121 0.0030762 0.00242912 0.00189009 0.00144297 0.00107555 0.000778706 0.000544938 0.000366972 0.000236917 0.000146186 8.60055e-05 4.81583e-05 2.56318e-05 1.29558e-05 6.21567e-06 2.82955e-06 1.22212e-06 5.00831e-07 1.9477e-07 7.18962e-08 2.5198e-08 8.38766e-09 2.65261e-09 7.9728e-10 2.27822e-10 6.19108e-11 1.60049e-11 3.93709e-12 9.21812e-13 2.0547e-13 4.36089e-14 8.81434e-15 1.69685e-15 3.1115e-16 5.43486e-17 9.04129e-18 1.4221e-18 1.40041e-19 
0 1.29432e-18 8.42428e-18 5.11643e-17 2.95882e-16 1.62992e-15 8.5525e-15 4.27421e-14 2.03422e-13 9.21812e-13 3.97651e-12 1.63256e-11 6.37713e-11 2.36938e-10 8.37052e-10 2.81075e-09 8.96765e-09 2.71739e-08 7.81753e-08 2.13434e-07 5.5281e-07 1.35789e-06 3.16244e-06 6.982e-06 1.46129e-05 2.89983e-05 5.4587e-05 9.75529e-05 0.00016572 0.000268096 0.000414077 0.000612602 0.000871714 0.00119893 0.00160252 0.00209332 0.00268636 0.00340141 0.00426202 0.00529327 0.00651886 0.0079586 0.00962691 0.0115327 0.01368 0.0160697 0.0186996 0.0215654 0.0246596 0.0279707 0.031482 0.0351713 0.0390104 0.0429664 0.0470025 0.0510797 0.0551581 0.0591989 0.0631649 0.0670218 0.0707381 0.0742863 0.0776421 0.0807853 0.0836995 0.0863722 0.0887949 0.0909627 0.0928748 0.0945337 0.0959452 0.097118 0.0980633 0.0987945 0.0993263 0.099675 0.0998573 0.0998907 0.0997924 0.0995797 0.0992694 0.0988775 0.0984195 0.0979101 0.0973628 0.0967904 0.0962046 0.0956162 0.095035 0.09447 0.0939291 0.0934194 0.0929474 0.0925185 0.0921374 0.0918083 0.0915345 0.0913188 0.0911632 0.0910693 0.0910379 0.0910693 0.0911632 0.0913188 0.0915345 0.0918083 0.0921374 0.0925185 0.0929474 0.0934194 0.0939291 0.09447 0.095035 0.0956162 0.0962046 0.0967904 0.0973628 0.0979101 0.0984195 0.0988775 0.0992694 0.0995797 0.0997924 0.0998907 0.0998573 0.099675 0.0993263 0.0987945 0.0980633 0.097118 0.0959452 0.0945337 0.0928748 0.0909627 0.0887949 0.0863722 0.0836995 0.0807853 0.0776421 0.0742863 0.0707381 0.0670218 0.0631649 0.0591989 0.0551581 0.0510797 0.0470025 0.0429664 0.0390104 0.0351713 0.031482 0.0279707 0.0246596 0.0215654 0.0186996 0.0160697 0.01368 0.0115327 0.00962691 0.0079586 0.00651886 0.00529327 0.00426202 0.00340141 0.00268636 0.00209332 0.00160252 0.00119893 0.000871714 0.000612602 0.000414077 0.000268096 0.00016572 9.75529e-05 5.4587e-05 2.89983e-05 1.46129e-05 6.982e-06 3.16244e-06 1.35789e-06 5.5281e-07 2.13434e-07 7.81753e-08 2.71739e-08 8.96765e-09 2.81075e-09 8.37052e-10 2.36938e-10 6.37713e-11 1.63256e-11 3.97651e-12 9.21812e-13 2.03422e-13 4.27421e-14 8.5525e-15 1.62992e-15 2.95881e-16 5.11549e-17 8.35965e-18 8.68624e-19 
0 7.52158e-18 4.71817e-17 2.75749e-16 1.53443e-15 8.13321e-15 4.10595e-14 1.97397e-13 9.03569e-13 3.93709e-12 1.63256e-11 6.44037e-11 2.41631e-10 8.61857e-10 2.92135e-09 9.40615e-09 2.8756e-08 8.34321e-08 2.2963e-07 5.99267e-07 1.48228e-06 3.47382e-06 7.71147e-06 1.62132e-05 3.22876e-05 6.09248e-05 0.000109009 0.000185172 0.000299185 0.000461005 0.000679852 0.00096389 0.00132096 0.00176038 0.00229517 0.00294368 0.00372959 0.00468005 0.00582245 0.00718099 0.00877434 0.0106149 0.0127097 0.0150616 0.0176711 0.0205363 0.0236522 0.0270095 0.030593 0.0343803 0.0383422 0.042443 0.0466423 0.0508972 0.0551636 0.0593982 0.0635597 0.0676094 0.0715118 0.0752351 0.0787511 0.0820356 0.085069 0.0878357 0.0903251 0.0925311 0.0944522 0.0960911 0.0974547 0.0985533 0.0994002 0.100011 0.100403 0.100595 0.100607 0.100458 0.100168 0.0997565 0.0992418 0.0986419 0.0979737 0.0972529 0.0964945 0.0957119 0.0949176 0.0941232 0.0933388 0.0925737 0.0918363 0.091134 0.0904732 0.0898598 0.0892987 0.0887942 0.0883501 0.0879693 0.0876544 0.0874074 0.0872299 0.087123 0.0870873 0.087123 0.0872299 0.0874074 0.0876544 0.0879693 0.0883501 0.0887942 0.0892987 0.0898598 0.0904732 0.091134 0.0918363 0.0925737 0.0933388 0.0941232 0.0949176 0.0957119 0.0964945 0.0972529 0.0979737 0.0986419 0.0992418 0.0997565 0.100168 0.100458 0.100607 0.100595 0.100403 0.100011 0.0994002 0.0985533 0.0974547 0.0960911 0.0944522 0.0925311 0.0903251 0.0878357 0.085069 0.0820356 0.0787511 0.0752351 0.0715118 0.0676094 0.0635597 0.0593982 0.0551636 0.0508972 0.0466423 0.042443 0.0383422 0.0343803 0.030593 0.0270095 0.0236522 0.0205363 0.0176711 0.0150616 0.0127097 0.0106149 0.00877434 0.00718099 0.00582245 0.00468005 0.00372959 0.00294368 0.00229517 0.00176038 0.00132096 0.00096389 0.000679852 0.000461005 0.000299185 0.000185172 0.000109009 6.09248e-05 3.22876e-05 1.62132e-05 7.71147e-06 3.47382e-06 1.48228e-06 5.99267e-07 2.2963e-07 8.34321e-08 2.8756e-08 9.40615e-09 2.92135e-09 8.61857e-10 2.41631e-10 6.44037e-11 1.63256e-11 3.93709e-12 9.03569e-13 1.97397e-13 4.10595e-14 8.13321e-15 1.53443e-15 2.75692e-16 4.6804e-17 5.13254e-18 
0 4.16256e-17 2.5171e-16 1.41571e-15 7.5804e-15 3.86587e-14 1.87749e-13 8.68154e-13 3.82117e-12 1.60049e-11 6.37713e-11 2.41631e-10 8.70286e-10 2.97826e-09 9.6794e-09 2.98611e-08 8.73999e-08 2.42569e-07 6.38045e-07 1.58981e-06 3.75075e-06 8.37558e-06 1.76984e-05 3.53881e-05 6.69725e-05 0.000120041 0.000204019 0.000329411 0.00050668 0.000745271 0.00105346 0.00143954 0.00191418 0.00249303 0.00319818 0.00405737 0.005101 0.00635798 0.00785207 0.00960013 0.0116125 0.013895 0.0164503 0.0192795 0.0223809 0.0257483 0.0293687 0.0332212 0.0372758 0.0414951 0.0458357 0.0502505 0.0546915 0.0591109 0.0634627 0.0677034 0.0717928 0.0756937 0.079373 0.0828018 0.0859557 0.088816 0.0913693 0.093608 0.0955301 0.097139 0.0984427 0.0994537 0.100188 0.100663 0.100899 0.100919 0.100744 0.100397 0.0998995 0.0992734 0.0985392 0.0977168 0.0968244 0.0958795 0.0948978 0.0938941 0.0928815 0.0918721 0.0908766 0.0899046 0.0889646 0.0880641 0.0872094 0.0864064 0.0856597 0.0849737 0.0843517 0.0837968 0.0833114 0.0828976 0.0825569 0.0822907 0.0820998 0.0819851 0.0819468 0.0819851 0.0820998 0.0822907 0.0825569 0.0828976 0.0833114 0.0837968 0.0843517 0.0849737 0.0856597 0.0864064 0.0872094 0.0880641 0.0889646 0.0899046 0.0908766 0.0918721 0.0928815 0.0938941 0.0948978 0.0958795 0.0968244 0.0977168 0.0985392 0.0992734 0.0998995 0.100397 0.100744 0.100919 0.100899 0.100663 0.100188 0.0994537 0.0984427 0.097139 0.0955301 0.093608 0.0913693 0.088816 0.0859557 0.0828018 0.079373 0.0756937 0.0717928 0.0677034 0.0634627 0.0591109 0.0546915 0.0502505 0.0458357 0.0414951 0.0372758 0.0332212 0.0293687 0.0257483 0.0223809 0.0192795 0.0164503 0.013895 0.0116125 0.00960013 0.00785207 0.00635798 0.005101 0.00405737 0.00319818 0.00249303 0.00191418 0.00143954 0.00105346 0.000745271 0.00050668 0.000329411 0.000204019 0.000120041 6.69725e-05 3.53881e-05 1.76984e-05 8.37558e-06 3.75075e-06 1.58981e-06 6.38045e-07 2.42569e-07 8.73999e-08 2.98611e-08 9.6794e-09 2.97826e-09 8.70286e-10 2.41631e-10 6.37713e-11 1.60049e-11 3.82117e-12 8.68154e-13 1.87749e-13 3.86587e-14 7.58035e-15 1.41538e-15 2.49613e-16 2.88957e-17 
0 2.19406e-16 1.27923e-15 6.92419e-15 3.56738e-14 1.75027e-13 8.17608e-13 3.63547e-12 1.53822e-11 6.19108e-11 2.36938e-10 8.61857e-10 2.97826e-09 9.77223e-09 3.04294e-08 8.98698e-08 2.51593e-07 6.67249e-07 1.67545e-06 3.98097e-06 8.94663e-06 1.90104e-05 3.81872e-05 7.25265e-05 0.000130307 0.000221726 0.000357989 0.000550024 0.000807458 0.0011387 0.00155265 0.00206162 0.00268431 0.00344683 0.00438095 0.00551981 0.00689293 0.00852281 0.0104242 0.0126059 0.0150734 0.0178306 0.0208794 0.0242176 0.0278363 0.0317169 0.0358304 0.0401384 0.0445953 0.0491507 0.0537526 0.0583487 0.0628884 0.0673231 0.0716067 0.075696 0.0795515 0.0831384 0.0864272 0.0893945 0.0920239 0.0943058 0.0962377 0.0978235 0.0990725 0.0999992 0.100622 0.100961 0.10104 0.100884 0.100518 0.0999656 0.099253 0.0984041 0.0974418 0.096388 0.0952633 0.0940865 0.0928751 0.0916451 0.0904106 0.0891843 0.0879776 0.0868003 0.0856608 0.0845665 0.0835237 0.0825376 0.0816126 0.0807524 0.07996 0.0792377 0.0785876 0.0780112 0.0775096 0.077084 0.0767348 0.0764628 0.0762682 0.0761514 0.0761125 0.0761514 0.0762682 0.0764628 0.0767348 0.077084 0.0775096 0.0780112 0.0785876 0.0792377 0.07996 0.0807524 0.0816126 0.0825376 0.0835237 0.0845665 0.0856608 0.0868003 0.0879776 0.0891843 0.0904106 0.0916451 0.0928751 0.0940865 0.0952633 0.096388 0.0974418 0.0984041 0.099253 0.0999656 0.100518 0.100884 0.10104 0.100961 0.100622 0.0999992 0.0990725 0.0978235 0.0962377 0.0943058 0.0920239 0.0893945 0.0864272 0.0831384 0.0795515 0.075696 0.0716067 0.0673231 0.0628884 0.0583487 0.0537526 0.0491507 0.0445953 0.0401384 0.0358304 0.0317169 0.0278363 0.0242176 0.0208794 0.0178306 0.0150734 0.0126059 0.0104242 0.00852281 0.00689293 0.00551981 0.00438095 0.00344683 0.00268431 0.00206162 0.00155265 0.0011387 0.000807458 0.000550024 0.000357989 0.000221726 0.000130307 7.25265e-05 3.81872e-05 1.90104e-05 8.94663e-06 3.98097e-06 1.67545e-06 6.67249e-07 2.51593e-07 8.98698e-08 3.04294e-08 9.77223e-09 2.97826e-09 8.61857e-10 2.36938e-10 6.19108e-11 1.53822e-11 3.63547e-12 8.17608e-13 1.75026e-13 3.56735e-14 6.92238e-15 1.26818e-15 1.55024e-16 
0 1.10157e-15 6.19362e-15 3.22629e-14 1.59923e-13 7.54746e-13 3.3905e-12 1.44931e-11 5.89294e-11 2.27822e-10 8.37052e-10 2.92135e-09 9.6794e-09 3.04294e-08 9.07083e-08 2.56228e-07 6.854e-07 1.73504e-06 4.15383e-06 9.3996e-06 2.00952e-05 4.05772e-05 7.73894e-05 0.000139471 0.000237767 0.000384153 0.00058999 0.000865079 0.001218 0.00165839 0.00220052 0.00286642 0.00368643 0.00469614 0.00593075 0.00741956 0.00918321 0.0112345 0.0135816 0.016231 0.0191883 0.0224563 0.0260309 0.0298981 0.0340315 0.0383934 0.0429368 0.0476089 0.0523542 0.0571165 0.0618404 0.0664719 0.0709585 0.0752502 0.0793002 0.0830665 0.0865132 0.0896117 0.0923417 0.0946912 0.0966565 0.0982416 0.0994568 0.100318 0.100845 0.101063 0.100995 0.100671 0.100117 0.0993628 0.0984355 0.0973625 0.0961699 0.0948825 0.0935234 0.0921137 0.090673 0.0892186 0.087766 0.0863287 0.0849185 0.0835455 0.082218 0.0809431 0.0797267 0.0785733 0.0774866 0.0764696 0.0755245 0.0746527 0.0738556 0.0731338 0.0724878 0.0719179 0.0714242 0.0710067 0.0706653 0.0704 0.0702105 0.0700969 0.070059 0.0700969 0.0702105 0.0704 0.0706653 0.0710067 0.0714242 0.0719179 0.0724878 0.0731338 0.0738556 0.0746527 0.0755245 0.0764696 0.0774866 0.0785733 0.0797267 0.0809431 0.082218 0.0835455 0.0849185 0.0863287 0.087766 0.0892186 0.090673 0.0921137 0.0935234 0.0948825 0.0961699 0.0973625 0.0984355 0.0993628 0.100117 0.100671 0.100995 0.101063 0.100845 0.100318 0.0994568 0.0982416 0.0966565 0.0946912 0.0923417 0.0896117 0.0865132 0.0830665 0.0793002 0.0752502 0.0709585 0.0664719 0.0618404 0.0571165 0.0523542 0.0476089 0.0429368 0.0383934 0.0340315 0.0298981 0.0260309 0.0224563 0.0191883 0.016231 0.0135816 0.0112345 0.00918321 0.00741956 0.00593075 0.00469614 0.00368643 0.00286642 0.00220052 0.00165839 0.001218 0.000865079 0.00058999 0.000384153 0.000237767 0.000139471 7.73894e-05 4.05772e-05 2.00952e-05 9.3996e-06 4.15383e-06 1.73504e-06 6.854e-07 2.56228e-07 9.07083e-08 3.04294e-08 9.6794e-09 2.92135e-09 8.37052e-10 2.27822e-10 5.89294e-11 1.44931e-11 3.3905e-12 7.54746e-13 1.59921e-13 3.22535e-14 6.13835e-15 7.92656e-16 
0 5.26846e-15 2.85697e-14 1.43211e-13 6.82897e-13 3.09955e-12 1.33867e-11 5.4994e-11 2.14798e-10 7.9728e-10 2.81075e-09 9.40615e-09 2.98611e-08 8.98698e-08 2.56228e-07 6.91558e-07 1.76562e-06 4.26104e-06 9.71389e-06 2.09064e-05 4.24625e-05 8.13812e-05 0.000147224 0.000251649 0.000407183 0.000625609 0.000916903 0.00128987 0.00175502 0.00232879 0.00303679 0.00391363 0.00499837 0.00632759 0.00792964 0.00982307 0.0120193 0.014527 0.0173548 0.0205105 0.0239963 0.0278045 0.0319138 0.0362888 0.0408828 0.0456416 0.050507 0.0554194 0.0603193 0.0651471 0.069844 0.0743521 0.0786165 0.0825871 0.0862206 0.089482 0.0923462 0.0947981 0.0968319 0.0984508 0.0996653 0.100492 0.100952 0.101071 0.100878 0.100402 0.099675 0.0987285 0.0975946 0.0963042 0.0948872 0.0933718 0.0917844 0.0901488 0.0884868 0.0868175 0.0851577 0.0835217 0.0819217 0.0803679 0.0788685 0.0774301 0.076058 0.0747561 0.0735273 0.0723736 0.0712962 0.070296 0.069373 0.0685273 0.0677584 0.0670657 0.0664486 0.0659064 0.0654383 0.0650436 0.0647216 0.0644718 0.0642937 0.0641869 0.0641514 0.0641869 0.0642937 0.0644718 0.0647216 0.0650436 0.0654383 0.0659064 0.0664486 0.0670657 0.0677584 0.0685273 0.069373 0.070296 0.0712962 0.0723736 0.0735273 0.0747561 0.076058 0.0774301 0.0788685 0.0803679 0.0819217 0.0835217 0.0851577 0.0868175 0.0884868 0.0901488 0.0917844 0.0933718 0.0948872 0.0963042 0.0975946 0.0987285 0.099675 0.100402 0.100878 0.101071 0.100952 0.100492 0.0996653 0.0984508 0.0968319 0.0947981 0.0923462 0.089482 0.0862206 0.0825871 0.0786165 0.0743521 0.069844 0.0651471 0.0603193 0.0554194 0.050507 0.0456416 0.0408828 0.0362888 0.0319138 0.0278045 0.0239963 0.0205105 0.0173548 0.014527 0.0120193 0.00982307 0.00792964 0.00632759 0.00499837 0.00391363 0.00303679 0.00232879 0.00175502 0.00128987 0.000916903 0.000625609 0.000407183 0.000251649 0.000147224 8.13812e-05 4.24625e-05 2.09064e-05 9.71389e-06 4.26104e-06 1.76562e-06 6.91558e-07 2.56228e-07 8.98698e-08 2.98611e-08 9.40615e-09 2.81075e-09 7.9728e-10 2.14798e-10 5.4994e-11 1.33867e-11 3.09955e-12 6.82889e-13 1.43165e-13 2.83075e-14 3.86305e-15 
0 2.40037e-14 1.25556e-13 6.05596e-13 2.77751e-12 1.21213e-11 5.03163e-11 1.98579e-10 7.44737e-10 2.65261e-09 8.96765e-09 2.8756e-08 8.73999e-08 2.51593e-07 6.854e-07 1.76562e-06 4.29738e-06 9.87484e-06 2.14082e-05 4.37655e-05 8.43497e-05 0.000153296 0.000262938 0.000426439 0.000656011 0.000961835 0.001353 0.00184097 0.0024445 0.0031929 0.00412497 0.00528286 0.00670388 0.00841492 0.0104325 0.0127675 0.0154306 0.0184333 0.0217848 0.0254855 0.0295216 0.0338628 0.0384647 0.0432729 0.0482278 0.0532671 0.0583279 0.0633457 0.0682553 0.0729909 0.0774888 0.0816896 0.0855415 0.0890023 0.0920409 0.0946376 0.0967836 0.0984799 0.0997357 0.100567 0.100997 0.101051 0.10076 0.100157 0.0992769 0.0981565 0.0968317 0.0953383 0.0937105 0.0919805 0.0901781 0.0883302 0.0864608 0.0845908 0.0827383 0.0809184 0.0791436 0.0774242 0.0757683 0.0741822 0.0726704 0.0712364 0.0698823 0.0686094 0.067418 0.066308 0.0652788 0.0643294 0.0634586 0.0626648 0.0619467 0.0613026 0.060731 0.0602305 0.0597997 0.0594373 0.0591424 0.0589139 0.0587513 0.0586539 0.0586215 0.0586539 0.0587513 0.0589139 0.0591424 0.0594373 0.0597997 0.0602305 0.060731 0.0613026 0.0619467 0.0626648 0.0634586 0.0643294 0.0652788 0.066308 0.067418 0.0686094 0.0698823 0.0712364 0.0726704 0.0741822 0.0757683 0.0774242 0.0791436 0.0809184 0.0827383 0.0845908 0.0864608 0.0883302 0.0901781 0.0919805 0.0937105 0.0953383 0.0968317 0.0981565 0.0992769 0.100157 0.10076 0.101051 0.100997 0.100567 0.0997357 0.0984799 0.0967836 0.0946376 0.0920409 0.0890023 0.0855415 0.0816896 0.0774888 0.0729909 0.0682553 0.0633457 0.0583279 0.0532671 0.0482278 0.0432729 0.0384647 0.0338628 0.0295216 0.0254855 0.0217848 0.0184333 0.0154306 0.0127675 0.0104325 0.00841492 0.00670388 0.00528286 0.00412497 0.0031929 0.0024445 0.00184097 0.001353 0.000961835 0.000656011 0.000426439 0.000262938 0.000153296 8.43497e-05 4.37655e-05 2.14082e-05 9.87484e-06 4.29738e-06 1.76562e-06 6.854e-07 2.51593e-07 8.73999e-08 2.8756e-08 8.96765e-09 2.65261e-09 7.44737e-10 1.98579e-10 5.03163e-11 1.21213e-11 2.77747e-12 6.05378e-13 1.24377e-13 1.79461e-14 
0 1.04185e-13 5.25708e-13 2.43951e-12 1.07591e-11 4.51339e-11 1.80008e-10 6.82213e-10 2.45544e-09 8.38766e-09 2.71739e-08 8.34321e-08 2.42569e-07 6.67249e-07 1.73504e-06 4.26104e-06 9.87484e-06 2.1578e-05 4.44311e-05 8.61791e-05 0.000157469 0.000271273 0.000441379 0.000680456 0.000998937 0.00140623 0.00191484 0.00254585 0.00333227 0.00431695 0.00554474 0.00705318 0.00886739 0.0110023 0.0134693 0.0162821 0.0194556 0.0229992 0.0269095 0.0311644 0.0357245 0.0405371 0.0455423 0.0506764 0.0558741 0.0610672 0.0661848 0.0711534 0.0759 0.0803553 0.0844579 0.0881568 0.0914137 0.094203 0.0965111 0.0983352 0.0996818 0.100565 0.101007 0.101035 0.100682 0.0999828 0.0989782 0.0977087 0.0962158 0.0945403 0.0927213 0.0907951 0.0887951 0.0867513 0.08469 0.0826339 0.0806023 0.0786113 0.0766741 0.0748011 0.0730006 0.0712788 0.0696399 0.0680871 0.0666218 0.0652446 0.0639553 0.0627529 0.0616359 0.0606024 0.0596503 0.0587771 0.0579806 0.0572582 0.0566076 0.0560264 0.0555126 0.0550641 0.0546791 0.0543561 0.0540937 0.0538908 0.0537465 0.0536602 0.0536314 0.0536602 0.0537465 0.0538908 0.0540937 0.0543561 0.0546791 0.0550641 0.0555126 0.0560264 0.0566076 0.0572582 0.0579806 0.0587771 0.0596503 0.0606024 0.0616359 0.0627529 0.0639553 0.0652446 0.0666218 0.0680871 0.0696399 0.0712788 0.0730006 0.0748011 0.0766741 0.0786113 0.0806023 0.0826339 0.08469 0.0867513 0.0887951 0.0907951 0.0927213 0.0945403 0.0962158 0.0977087 0.0989782 0.0999828 0.100682 0.101035 0.101007 0.100565 0.0996818 0.0983352 0.0965111 0.094203 0.0914137 0.0881568 0.0844579 0.0803553 0.0759 0.0711534 0.0661848 0.0610672 0.0558741 0.0506764 0.0455423 0.0405371 0.0357245 0.0311644 0.0269095 0.0229992 0.0194556 0.0162821 0.0134693 0.0110023 0.00886739 0.00705318 0.00554474 0.00431695 0.00333227 0.00254585 0.00191484 0.00140623 0.000998937 0.000680456 0.000441379 0.000271273 0.000157469 8.61791e-05 4.44311e-05 2.1578e-05 9.87484e-06 4.26104e-06 1.73504e-06 6.67249e-07 2.42569e-07 8.34321e-08 2.71739e-08 8.38766e-09 2.45544e-09 6.82213e-10 1.80008e-10 4.51338e-11 1.0759e-11 2.43854e-12 5.2068e-13 7.94749e-14 
0 4.308e-13 2.09709e-12 9.3609e-12 3.96901e-11 1.59992e-10 6.12843e-10 2.22934e-09 7.69639e-09 2.5198e-08 7.81753e-08 2.2963e-07 6.38045e-07 1.67545e-06 4.15383e-06 9.71389e-06 2.14082e-05 4.44311e-05 8.67971e-05 0.000159595 0.000276384 0.000451581 0.000698352 0.00102744 0.00144863 0.00197544 0.00263122 0.00345257 0.00448618 0.0057793 0.00736936 0.00927968 0.0115241 0.0141158 0.0170723 0.0204115 0.0241418 0.0282535 0.0327155 0.0374797 0.0424872 0.0476742 0.0529744 0.0583176 0.0636284 0.0688268 0.0738306 0.0785601 0.082943 0.0869184 0.0904392 0.093472 0.0959965 0.0980042 0.0994968 0.100486 0.100991 0.101039 0.100665 0.0999083 0.0988133 0.097426 0.0957934 0.0939614 0.0919741 0.0898721 0.0876925 0.0854683 0.0832283 0.0809976 0.078797 0.076644 0.074553 0.0725352 0.0705993 0.0687518 0.0669969 0.0653375 0.0637746 0.0623081 0.060937 0.0596594 0.0584729 0.0573746 0.0563614 0.0554298 0.0545764 0.053798 0.0530913 0.052453 0.0518804 0.0513706 0.0509212 0.0505299 0.0501948 0.0499142 0.0496865 0.0495107 0.0493857 0.049311 0.0492862 0.049311 0.0493857 0.0495107 0.0496865 0.0499142 0.0501948 0.0505299 0.0509212 0.0513706 0.0518804 0.052453 0.0530913 0.053798 0.0545764 0.0554298 0.0563614 0.0573746 0.0584729 0.0596594 0.060937 0.0623081 0.0637746 0.0653375 0.0669969 0.0687518 0.0705993 0.0725352 0.074553 0.076644 0.078797 0.0809976 0.0832283 0.0854683 0.0876925 0.0898721 0.0919741 0.0939614 0.0957934 0.097426 0.0988133 0.0999083 0.100665 0.101039 0.100991 0.100486 0.0994968 0.0980042 0.0959965 0.093472 0.0904392 0.0869184 0.082943 0.0785601 0.0738306 0.0688268 0.0636284 0.0583176 0.0529744 0.0476742 0.0424872 0.0374797 0.0327155 0.0282535 0.0241418 0.0204115 0.0170723 0.0141158 0.0115241 0.00927968 0.00736936 0.0057793 0.00448618 0.00345257 0.00263122 0.00197544 0.00144863 0.00102744 0.000698352 0.000451581 0.000276384 0.000159595 8.67971e-05 4.44311e-05 2.14082e-05 9.71389e-06 4.15383e-06 1.67545e-06 6.38045e-07 2.2963e-07 7.81753e-08 2.5198e-08 7.69639e-09 2.22934e-09 6.12843e-10 1.59992e-10 3.96894e-11 9.35682e-12 2.07682e-12 3.35531e-13 
