0 0 0 0 0 0 0 0 0 0 0 0 0 0 0 0 0 0 0 0 0 0 0 0 0 0 0 0 0 0 0 0 0 0 0 0 0 0 0 0 0 0 0 0 0 0 0 0 0 0 0 0 0 0 0 0 0 0 0 0 0 0 0 0 0 0 0 0 0 0 0 0 0 0 0 0 0 0 0 0 0 0 0 0 0 0 0 0 0 0 0 0 0 0 0 0 0 0 0 0 0 0 0 0 0 0 0 0 0 0 0 0 0 0 0 0 0 0 0 0 0 0 0 0 0 0 0 0 0 0 0 0 0 0 0 0 0 0 0 0 0 0 0 0 0 0 0 0 0 0 0 0 0 0 0 0 0 0 0 0 0 0 0 0 0 0 0 0 0 0 0 0 0 0 0 0 0 0 0 0 0 0 0 0 0 0 0 0 0 0 0 0 0 0 0 0 0 0 0 0 
0 4.39425e-05 9.71578e-05 0.000167949 0.000262595 0.000384499 0.000534253 0.00071144 0.000918237 0.00116346 0.00146429 0.00184315 0.0023197 0.00290162 0.00358041 0.00433586 0.00514726 0.00600346 0.00690395 0.00784946 0.00882878 0.00981147 0.0107516 0.0115999 0.0123157 0.012873 0.0132567 0.0134552 0.0134548 0.0132387 0.012792 0.0121088 0.0111969 0.0100787 0.00878749 0.00736186 0.00584045 0.00425887 0.00264914 0.00104085 -0.000537375 -0.00205715 -0.00349089 -0.00481343 -0.00600397 -0.00704782 -0.00793718 -0.00867102 -0.00925397 -0.00969483 -0.0100049 -0.0101967 -0.0102827 -0.0102753 -0.0101861 -0.0100264 -0.00980709 -0.00953874 -0.00923175 -0.00889605 -0.008541 -0.00817517 -0.00780607 -0.00744009 -0.00708236 -0.00673679 -0.00640617 -0.0060923 -0.00579612 -0.00551796 -0.00525764 -0.00501468 -0.00478838 -0.00457794 -0.00438251 -0.00420125 -0.00403336 -0.00387807 -0.00373465 -0.00360242 -0.00348075 -0.00336902 -0.00326665 -0.00317309 -0.00308781 -0.0030103 -0.00294008 -0.00287669 -0.00281972 -0.00276875 -0.00272344 -0.00268343 -0.00264843 -0.00261818 -0.00259242 -0.00257097 -0.00255365 -0.00254032 -0.00253088 -0.00252524 -0.00252337 -0.00252524 -0.00253088 -0.00254032 -0.00255365 -0.00257097 -0.00259242 -0.00261818 -0.00264843 -0.00268343 -0.00272344 -0.00276875 -0.00281972 -0.00287669 -0.00294008 -0.0030103 -0.00308781 -0.00317309 -0.00326665 -0.00336902 -0.00348075 -0.00360242 -0.00373465 -0.00387807 -0.00403336 -0.00420125 -0.00438251 -0.00457794 -0.00478838 -0.00501468 -0.00525764 -0.00551796 -0.00579612 -0.0060923 -0.00640617 -0.00673679 -0.00708236 -0.00744009 -0.00780607 -0.00817517 -0.008541 -0.00889605 -0.00923175 -0.00953874 -0.00980709 -0.0100264 -0.0101861 -0.0102753 -0.0102827 -0.0101967 -0.0100049 -0.00969483 -0.00925397 -0.00867102 -0.00793718 -0.00704782 -0.00600397 -0.00481343 -0.00349089 -0.00205715 -0.000537375 0.00104085 0.00264914 0.00425887 0.00584045 0.00736186 0.00878749 0.0100787 0.0111969 0.0121088 0.012792 0.0132387 0.0134548 0.0134552 0.0132567 0.012873 0.0123157 0.0115999 0.0107516 0.00981147 0.00882878 0.00784946 0.00690395 0.00600346 0.00514726 0.00433586 0.00358041 0.00290162 0.0023197 0.00184315 0.00146429 0.00116346 0.000918244 0.000711482 0.000534416 0.000385028 0.000264117 0.000171931 0.000106754 6.53829e-05 
0 9.71578e-05 0.000211984 0.000360043 0.000552931 0.000797364 0.00109633 0.00145301 0.00187675 0.00238794 0.00301802 0.00380223 0.00476743 0.00592155 0.00725167 0.0087324 0.0103385 0.0120521 0.0138597 0.01574 0.017654 0.0195426 0.0213339 0.0229542 0.024337 0.0254265 0.0261758 0.0265455 0.0265026 0.0260233 0.025097 0.0237292 0.0219427 0.0197765 0.0172822 0.0145209 0.011559 0.00846571 0.00531032 0.00216025 -0.000921053 -0.00387598 -0.00665444 -0.00921519 -0.0115266 -0.0135668 -0.0153234 -0.0167928 -0.017979 -0.0188924 -0.0195488 -0.0199679 -0.0201724 -0.0201864 -0.0200351 -0.0197437 -0.0193362 -0.0188356 -0.0182631 -0.0176376 -0.0169761 -0.0162932 -0.0156014 -0.0149112 -0.014231 -0.0135679 -0.0129269 -0.0123123 -0.0117267 -0.0111721 -0.0106494 -0.0101591 -0.00970099 -0.00927439 -0.00887838 -0.00851176 -0.00817317 -0.00786112 -0.0075741 -0.00731055 -0.00706897 -0.00684787 -0.00664586 -0.0064616 -0.00629384 -0.00614144 -0.00600334 -0.00587857 -0.00576625 -0.00566559 -0.00557588 -0.00549649 -0.00542686 -0.00536652 -0.00531503 -0.00527205 -0.00523728 -0.00521047 -0.00519146 -0.0051801 -0.00517632 -0.0051801 -0.00519146 -0.00521047 -0.00523728 -0.00527205 -0.00531503 -0.00536652 -0.00542686 -0.00549649 -0.00557588 -0.00566559 -0.00576625 -0.00587857 -0.00600334 -0.00614144 -0.00629384 -0.0064616 -0.00664586 -0.00684787 -0.00706897 -0.00731055 -0.0075741 -0.00786112 -0.00817317 -0.00851176 -0.00887838 -0.00927439 -0.00970099 -0.0101591 -0.0106494 -0.0111721 -0.0117267 -0.0123123 -0.0129269 -0.0135679 -0.014231 -0.0149112 -0.0156014 -0.0162932 -0.0169761 -0.0176376 -0.0182631 -0.0188356 -0.0193362 -0.0197437 -0.0200351 -0.0201864 -0.0201724 -0.0199679 -0.0195488 -0.0188924 -0.017979 -0.0167928 -0.0153234 -0.0135668 -0.0115266 -0.00921519 -0.00665444 -0.00387598 -0.000921053 0.00216025 0.00531032 0.00846571 0.011559 0.0145209 0.0172822 0.0197765 0.0219427 0.0237292 0.025097 0.0260233 0.0265026 0.0265455 0.0261758 0.0254265 0.024337 0.0229542 0.0213339 0.0195426 0.017654 0.01574 0.0138597 0.0120521 0.0103385 0.0087324 0.00725167 0.00592155 0.00476743 0.00380223 0.00301802 0.00238795 0.00187679 0.00145318 0.00109689 0.000799038 0.000557425 0.000371147 0.000237444 0.000151554 
0 0.000167949 0.000360043 0.000597282 0.000895502 0.00126567 0.00171721 0.00226362 0.00292773 0.00374275 0.00474689 0.00597336 0.00744129 0.00915353 0.0111016 0.0132721 0.0156484 0.0182035 0.0208938 0.0236563 0.0264158 0.0290925 0.0316075 0.0338806 0.0358276 0.0373609 0.0383961 0.0388626 0.0387128 0.0379257 0.0365056 0.0344763 0.0318764 0.0287569 0.0251806 0.0212237 0.0169745 0.0125315 0.00799736 0.00347331 -0.000947306 -0.00518318 -0.00916721 -0.0128467 -0.0161826 -0.0191473 -0.0217243 -0.0239062 -0.0256947 -0.0270999 -0.0281395 -0.028838 -0.0292253 -0.0293351 -0.0292031 -0.0288653 -0.0283567 -0.0277101 -0.0269553 -0.0261191 -0.0252247 -0.0242923 -0.023339 -0.0223795 -0.0214258 -0.020488 -0.0195743 -0.0186913 -0.017844 -0.0170362 -0.0162705 -0.0155483 -0.0148703 -0.0142363 -0.0136457 -0.0130971 -0.012589 -0.0121196 -0.0116868 -0.0112885 -0.0109226 -0.0105871 -0.0102799 -0.00999914 -0.00974301 -0.00950987 -0.00929818 -0.00910655 -0.00893373 -0.00877857 -0.00864005 -0.00851727 -0.00840944 -0.00831586 -0.00823592 -0.00816912 -0.00811503 -0.00807331 -0.0080437 -0.00802601 -0.00802012 -0.00802601 -0.0080437 -0.00807331 -0.00811503 -0.00816912 -0.00823592 -0.00831586 -0.00840944 -0.00851727 -0.00864005 -0.00877857 -0.00893373 -0.00910655 -0.00929818 -0.00950987 -0.00974301 -0.00999914 -0.0102799 -0.0105871 -0.0109226 -0.0112885 -0.0116868 -0.0121196 -0.012589 -0.0130971 -0.0136457 -0.0142363 -0.0148703 -0.0155483 -0.0162705 -0.0170362 -0.017844 -0.0186913 -0.0195743 -0.020488 -0.0214258 -0.0223795 -0.023339 -0.0242923 -0.0252247 -0.0261191 -0.0269553 -0.0277101 -0.0283567 -0.0288653 -0.0292031 -0.0293351 -0.0292253 -0.028838 -0.0281395 -0.0270999 -0.0256947 -0.0239062 -0.0217243 -0.0191473 -0.0161826 -0.0128467 -0.00916721 -0.00518318 -0.000947306 0.00347331 0.00799736 0.0125315 0.0169745 0.0212237 0.0251806 0.0287569 0.0318764 0.0344763 0.0365056 0.0379257 0.0387128 0.0388626 0.0383961 0.0373609 0.0358276 0.0338806 0.0316075 0.0290925 0.0264158 0.0236563 0.0208938 0.0182035 0.0156484 0.0132721 0.0111016 0.00915353 0.00744129 0.00597336 0.0047469 0.00374279 0.0029279 0.00226418 0.00171886 0.00127014 0.000906643 0.000623089 0.00041581 0.000280676 
0 0.000262595 0.000552931 0.000895502 0.00131054 0.00181648 0.00243511 0.00319642 0.00413897 0.0053039 0.00672504 0.00842188 0.010401 0.0126644 0.015216 0.0180566 0.0211699 0.0245085 0.0279931 0.0315262 0.035009 0.0383495 0.0414583 0.0442402 0.0465902 0.0483992 0.0495665 0.0500136 0.0496913 0.048581 0.046691 0.0440513 0.0407112 0.0367368 0.0322112 0.0272329 0.0219124 0.0163672 0.0107169 0.00507675 -0.000446356 -0.00575724 -0.0107744 -0.015431 -0.0196753 -0.02347 -0.0267925 -0.0296334 -0.0319953 -0.0338915 -0.0353442 -0.0363823 -0.0370399 -0.0373542 -0.0373643 -0.0371098 -0.0366294 -0.0359605 -0.0351384 -0.0341958 -0.0331623 -0.0320646 -0.030926 -0.0297669 -0.0286042 -0.0274522 -0.0263225 -0.0252242 -0.0241642 -0.0231478 -0.0221783 -0.0212581 -0.0203884 -0.0195694 -0.0188006 -0.0180813 -0.01741 -0.0167852 -0.0162049 -0.0156673 -0.0151703 -0.0147118 -0.0142898 -0.0139023 -0.0135474 -0.0132232 -0.012928 -0.0126601 -0.0124181 -0.0122004 -0.0120058 -0.0118332 -0.0116815 -0.0115497 -0.0114372 -0.0113431 -0.0112669 -0.0112081 -0.0111664 -0.0111414 -0.0111331 -0.0111414 -0.0111664 -0.0112081 -0.0112669 -0.0113431 -0.0114372 -0.0115497 -0.0116815 -0.0118332 -0.0120058 -0.0122004 -0.0124181 -0.0126601 -0.012928 -0.0132232 -0.0135474 -0.0139023 -0.0142898 -0.0147118 -0.0151703 -0.0156673 -0.0162049 -0.0167852 -0.01741 -0.0180813 -0.0188006 -0.0195694 -0.0203884 -0.0212581 -0.0221783 -0.0231478 -0.0241642 -0.0252242 -0.0263225 -0.0274522 -0.0286042 -0.0297669 -0.030926 -0.0320646 -0.0331623 -0.0341958 -0.0351384 -0.0359605 -0.0366294 -0.0371098 -0.0373643 -0.0373542 -0.0370399 -0.0363823 -0.0353442 -0.0338915 -0.0319953 -0.0296334 -0.0267925 -0.02347 -0.0196753 -0.015431 -0.0107744 -0.00575724 -0.000446356 0.00507675 0.0107169 0.0163672 0.0219124 0.0272329 0.0322112 0.0367368 0.0407112 0.0440513 0.046691 0.048581 0.0496913 0.0500136 0.0495665 0.0483992 0.0465902 0.0442402 0.0414583 0.0383495 0.035009 0.0315262 0.0279931 0.0245085 0.0211699 0.0180566 0.015216 0.0126644 0.010401 0.00842189 0.00672508 0.00530407 0.00413951 0.00319801 0.00243945 0.00182736 0.00133589 0.000950652 0.000665201 0.00047689 
0 0.000384499 0.000797364 0.00126567 0.00181648 0.00248098 0.00329872 0.00431739 0.00558569 0.00714205 0.00900724 0.0111873 0.0136853 0.0165105 0.0196739 0.023171 0.0269639 0.0309781 0.0351155 0.0392705 0.0433368 0.0472045 0.0507558 0.0538668 0.0564162 0.0582966 0.0594204 0.0597222 0.0591582 0.0577065 0.0553697 0.0521784 0.0481921 0.0434972 0.0382007 0.0324225 0.0262877 0.0199213 0.0134448 0.00697486 0.000621538 -0.00551321 -0.0113381 -0.0167754 -0.0217631 -0.0262568 -0.0302293 -0.0336696 -0.0365808 -0.0389774 -0.0408822 -0.0423246 -0.0433382 -0.0439594 -0.0442265 -0.044179 -0.0438564 -0.0432981 -0.042542 -0.0416246 -0.0405799 -0.0394391 -0.0382301 -0.0369775 -0.0357025 -0.034423 -0.0331535 -0.0319061 -0.0306903 -0.0295131 -0.0283802 -0.0272953 -0.0262611 -0.0252792 -0.0243504 -0.0234746 -0.0226515 -0.0218801 -0.0211591 -0.020487 -0.0198622 -0.0192829 -0.0187471 -0.0182529 -0.0177984 -0.0173816 -0.0170008 -0.0166542 -0.0163401 -0.0160569 -0.0158032 -0.0155777 -0.0153791 -0.0152064 -0.0150587 -0.014935 -0.0148348 -0.0147574 -0.0147024 -0.0146696 -0.0146587 -0.0146696 -0.0147024 -0.0147574 -0.0148348 -0.014935 -0.0150587 -0.0152064 -0.0153791 -0.0155777 -0.0158032 -0.0160569 -0.0163401 -0.0166542 -0.0170008 -0.0173816 -0.0177984 -0.0182529 -0.0187471 -0.0192829 -0.0198622 -0.020487 -0.0211591 -0.0218801 -0.0226515 -0.0234746 -0.0243504 -0.0252792 -0.0262611 -0.0272953 -0.0283802 -0.0295131 -0.0306903 -0.0319061 -0.0331535 -0.034423 -0.0357025 -0.0369775 -0.0382301 -0.0394391 -0.0405799 -0.0416246 -0.042542 -0.0432981 -0.0438564 -0.044179 -0.0442265 -0.0439594 -0.0433382 -0.0423246 -0.0408822 -0.0389774 -0.0365808 -0.0336696 -0.0302293 -0.0262568 -0.0217631 -0.0167754 -0.0113381 -0.00551321 0.000621538 0.00697486 0.0134448 0.0199213 0.0262877 0.0324225 0.0382007 0.0434972 0.0481921 0.0521784 0.0553697 0.0577065 0.0591582 0.0597222 0.0594204 0.0582966 0.0564162 0.0538668 0.0507558 0.0472045 0.0433368 0.0392705 0.0351155 0.0309781 0.0269639 0.023171 0.0196739 0.0165105 0.0136853 0.0111874 0.0090074 0.00714256 0.00558721 0.00432155 0.00330918 0.00250551 0.00187018 0.00137569 0.0010087 0.00076578 
0 0.000534253 0.00109633 0.00171721 0.00243511 0.00329872 0.00436594 0.00569554 0.00733456 0.00930975 0.0116307 0.0143024 0.0173362 0.020745 0.0245253 0.0286406 0.0330212 0.0375786 0.0422188 0.0468404 0.0513256 0.0555366 0.0593252 0.0625514 0.0650971 0.0668707 0.0678024 0.0678393 0.066944 0.0650998 0.0623173 0.0586389 0.0541374 0.048911 0.0430742 0.036751 0.0300683 0.0231523 0.0161268 0.0091105 0.00221491 -0.00445808 -0.0108189 -0.0167923 -0.0223185 -0.0273532 -0.0318672 -0.0358449 -0.0392829 -0.0421886 -0.0445784 -0.046476 -0.0479113 -0.0489188 -0.0495359 -0.0498021 -0.0497573 -0.0494412 -0.0488922 -0.0481466 -0.0472387 -0.0462 -0.0450592 -0.0438422 -0.0425722 -0.0412696 -0.039952 -0.0386348 -0.037331 -0.0360513 -0.0348044 -0.0335974 -0.0324356 -0.0313231 -0.0302624 -0.0292553 -0.0283026 -0.0274045 -0.0265603 -0.0257693 -0.0250301 -0.0243412 -0.0237011 -0.0231079 -0.0225598 -0.0220551 -0.0215919 -0.0211686 -0.0207834 -0.020435 -0.0201218 -0.0198424 -0.0195958 -0.0193807 -0.0191962 -0.0190416 -0.018916 -0.018819 -0.01875 -0.0187087 -0.018695 -0.0187087 -0.01875 -0.018819 -0.018916 -0.0190416 -0.0191962 -0.0193807 -0.0195958 -0.0198424 -0.0201218 -0.020435 -0.0207834 -0.0211686 -0.0215919 -0.0220551 -0.0225598 -0.0231079 -0.0237011 -0.0243412 -0.0250301 -0.0257693 -0.0265603 -0.0274045 -0.0283026 -0.0292553 -0.0302624 -0.0313231 -0.0324356 -0.0335974 -0.0348044 -0.0360513 -0.037331 -0.0386348 -0.039952 -0.0412696 -0.0425722 -0.0438422 -0.0450592 -0.0462 -0.0472387 -0.0481466 -0.0488922 -0.0494412 -0.0497573 -0.0498021 -0.0495359 -0.0489188 -0.0479113 -0.046476 -0.0445784 -0.0421886 -0.0392829 -0.0358449 -0.0318672 -0.0273532 -0.0223185 -0.0167923 -0.0108189 -0.00445808 0.00221491 0.0091105 0.0161268 0.0231523 0.0300683 0.036751 0.0430742 0.048911 0.0541374 0.0586389 0.0623173 0.0650998 0.066944 0.0678393 0.0678024 0.0668707 0.0650971 0.0625514 0.0593252 0.0555366 0.0513256 0.0468404 0.0422188 0.0375786 0.0330212 0.0286406 0.0245253 0.020745 0.0173363 0.0143026 0.0116311 0.00931118 0.00733847 0.00570546 0.00438935 0.00335032 0.00254156 0.0019231 0.00147023 0.00117306 
0 0.00071144 0.00145301 0.00226362 0.00319642 0.00431739 0.00569554 0.00738823 0.00943109 0.0118407 0.0146283 0.0178101 0.0214025 0.0254009 0.0297643 0.034419 0.0392785 0.0442574 0.0492646 0.0541871 0.0588839 0.0631997 0.0669858 0.0701142 0.072481 0.0740025 0.0746135 0.0742687 0.0729483 0.0706618 0.0674469 0.0633654 0.0584974 0.052937 0.0467898 0.040171 0.0332029 0.0260114 0.018721 0.011449 0.00430165 -0.00262867 -0.00926375 -0.0155389 -0.0214018 -0.0268108 -0.0317347 -0.0361523 -0.0400522 -0.0434331 -0.0463033 -0.0486795 -0.0505855 -0.0520509 -0.0531089 -0.053795 -0.0541456 -0.0541969 -0.053984 -0.0535409 -0.0528997 -0.0520911 -0.0511434 -0.0500833 -0.0489352 -0.0477217 -0.0464629 -0.0451769 -0.0438797 -0.0425849 -0.0413043 -0.0400477 -0.038823 -0.0376367 -0.0364937 -0.0353976 -0.0343511 -0.0333559 -0.0324128 -0.0315223 -0.0306842 -0.0298978 -0.0291625 -0.028477 -0.0278403 -0.0272509 -0.0267075 -0.0262087 -0.0257532 -0.0253396 -0.0249665 -0.0246329 -0.0243375 -0.0240794 -0.0238576 -0.0236713 -0.0235199 -0.0234027 -0.0233193 -0.0232694 -0.0232528 -0.0232694 -0.0233193 -0.0234027 -0.0235199 -0.0236713 -0.0238576 -0.0240794 -0.0243375 -0.0246329 -0.0249665 -0.0253396 -0.0257532 -0.0262087 -0.0267075 -0.0272509 -0.0278403 -0.028477 -0.0291625 -0.0298978 -0.0306842 -0.0315223 -0.0324128 -0.0333559 -0.0343511 -0.0353976 -0.0364937 -0.0376367 -0.038823 -0.0400477 -0.0413043 -0.0425849 -0.0438797 -0.0451769 -0.0464629 -0.0477217 -0.0489352 -0.0500833 -0.0511434 -0.0520911 -0.0528997 -0.0535409 -0.053984 -0.0541969 -0.0541456 -0.053795 -0.0531089 -0.0520509 -0.0505855 -0.0486795 -0.0463033 -0.0434331 -0.0400522 -0.0361523 -0.0317347 -0.0268108 -0.0214018 -0.0155389 -0.00926375 -0.00262867 0.00430165 0.011449 0.018721 0.0260114 0.0332029 0.040171 0.0467898 0.052937 0.0584974 0.0633654 0.0674469 0.0706618 0.0729483 0.0742687 0.0746135 0.0740025 0.072481 0.0701142 0.0669858 0.0631997 0.0588839 0.0541871 0.0492646 0.0442574 0.0392785 0.034419 0.0297643 0.0254009 0.0214026 0.0178106 0.0146296 0.0118444 0.00944036 0.00741026 0.00574447 0.00441911 0.00339465 0.00262628 0.00207695 0.00172367 
0 0.000918237 0.00187675 0.00292773 0.00413897 0.00558569 0.00733456 0.00943109 0.0119007 0.0147626 0.0180408 0.0217581 0.0259134 0.0304634 0.0353299 0.040424 0.0456607 0.0509504 0.056179 0.061205 0.0658774 0.0700562 0.0736195 0.0764602 0.0784815 0.0796018 0.0797633 0.078942 0.0771493 0.0744255 0.0708311 0.0664385 0.0613288 0.0555917 0.0493265 0.0426417 0.0356511 0.0284689 0.0212049 0.0139601 0.00682458 -0.000122575 -0.00681323 -0.0131891 -0.0192015 -0.0248106 -0.029986 -0.0347062 -0.0389584 -0.0427381 -0.0460479 -0.048897 -0.0512998 -0.0532752 -0.0548457 -0.0560367 -0.0568758 -0.0573924 -0.0576165 -0.0575789 -0.05731 -0.0568394 -0.0561958 -0.0554062 -0.0544957 -0.0534878 -0.0524035 -0.0512622 -0.0500809 -0.0488749 -0.0476575 -0.0464405 -0.0452339 -0.0440464 -0.0428853 -0.0417565 -0.040665 -0.0396149 -0.0386091 -0.03765 -0.0367392 -0.0358777 -0.0350661 -0.0343046 -0.0335928 -0.0329304 -0.0323167 -0.031751 -0.0312322 -0.0307595 -0.0303318 -0.0299483 -0.0296079 -0.0293098 -0.0290532 -0.0288373 -0.0286616 -0.0285254 -0.0284285 -0.0283705 -0.0283511 -0.0283705 -0.0284285 -0.0285254 -0.0286616 -0.0288373 -0.0290532 -0.0293098 -0.0296079 -0.0299483 -0.0303318 -0.0307595 -0.0312322 -0.031751 -0.0323167 -0.0329304 -0.0335928 -0.0343046 -0.0350661 -0.0358777 -0.0367392 -0.03765 -0.0386091 -0.0396149 -0.040665 -0.0417565 -0.0428853 -0.0440464 -0.0452339 -0.0464405 -0.0476575 -0.0488749 -0.0500809 -0.0512622 -0.0524035 -0.0534878 -0.0544957 -0.0554062 -0.0561958 -0.0568394 -0.05731 -0.0575789 -0.0576165 -0.0573924 -0.0568758 -0.0560367 -0.0548457 -0.0532752 -0.0512998 -0.048897 -0.0460479 -0.0427381 -0.0389584 -0.0347062 -0.029986 -0.0248106 -0.0192015 -0.0131891 -0.00681323 -0.000122575 0.00682458 0.0139601 0.0212049 0.0284689 0.0356511 0.0426417 0.0493265 0.0555917 0.0613288 0.0664385 0.0708311 0.0744255 0.0771493 0.078942 0.0797633 0.0796018 0.0784815 0.0764602 0.0736195 0.0700562 0.0658774 0.061205 0.056179 0.0509504 0.0456607 0.040424 0.03533 0.0304635 0.0259138 0.0217593 0.0180441 0.0147711 0.0119212 0.00947688 0.00743055 0.00577432 0.00448689 0.003531 0.00286263 0.00244286 
0 0.00116346 0.00238794 0.00374275 0.0053039 0.00714205 0.00930975 0.0118407 0.0147626 0.0181082 0.0219089 0.0261697 0.0308497 0.0358701 0.0411413 0.0465788 0.0520898 0.0575524 0.0628171 0.0677329 0.0721693 0.0760168 0.0791743 0.0815447 0.0830432 0.08361 0.0832195 0.0818805 0.0796284 0.0765169 0.0726123 0.0679925 0.0627452 0.0569665 0.0507568 0.0442154 0.0374373 0.0305107 0.0235179 0.0165351 0.00963416 0.00288153 -0.00366249 -0.00994528 -0.0159231 -0.0215615 -0.0268344 -0.0317237 -0.036217 -0.0403068 -0.0439899 -0.0472661 -0.0501394 -0.0526169 -0.0547099 -0.0564333 -0.0578054 -0.0588477 -0.0595839 -0.0600392 -0.0602396 -0.0602115 -0.0599806 -0.0595718 -0.0590091 -0.0583149 -0.0575104 -0.0566151 -0.0556471 -0.0546231 -0.0535581 -0.0524659 -0.0513587 -0.0502475 -0.0491419 -0.0480501 -0.0469795 -0.0459361 -0.0449251 -0.0439505 -0.0430159 -0.0421237 -0.0412761 -0.0404745 -0.0397199 -0.039013 -0.0383539 -0.0377429 -0.0371797 -0.0366641 -0.0361956 -0.0357738 -0.0353982 -0.0350683 -0.0347835 -0.0345434 -0.0343475 -0.0341956 -0.0340873 -0.0340224 -0.0340008 -0.0340224 -0.0340873 -0.0341956 -0.0343475 -0.0345434 -0.0347835 -0.0350683 -0.0353982 -0.0357738 -0.0361956 -0.0366641 -0.0371797 -0.0377429 -0.0383539 -0.039013 -0.0397199 -0.0404745 -0.0412761 -0.0421237 -0.0430159 -0.0439505 -0.0449251 -0.0459361 -0.0469795 -0.0480501 -0.0491419 -0.0502475 -0.0513587 -0.0524659 -0.0535581 -0.0546231 -0.0556471 -0.0566151 -0.0575104 -0.0583149 -0.0590091 -0.0595718 -0.0599806 -0.0602115 -0.0602396 -0.0600392 -0.0595839 -0.0588477 -0.0578054 -0.0564333 -0.0547099 -0.0526169 -0.0501394 -0.0472661 -0.0439899 -0.0403068 -0.036217 -0.0317237 -0.0268344 -0.0215615 -0.0159231 -0.00994528 -0.00366249 0.00288153 0.00963416 0.0165351 0.0235179 0.0305107 0.0374373 0.0442154 0.0507568 0.0569665 0.0627452 0.0679925 0.0726123 0.0765169 0.0796284 0.0818805 0.0832195 0.08361 0.0830432 0.0815447 0.0791743 0.0760168 0.0721693 0.0677329 0.0628171 0.0575524 0.0520898 0.0465789 0.0411415 0.0358704 0.0308508 0.0261727 0.0219166 0.0181269 0.0148049 0.0119302 0.00948713 0.00747216 0.00588127 0.00469403 0.00387013 0.00336014 
0 0.00146429 0.00301802 0.00474689 0.00672504 0.00900724 0.0116307 0.0146283 0.0180408 0.0219089 0.0262462 0.0310173 0.0361454 0.0415429 0.0471278 0.0528066 0.05845 0.0638988 0.0689978 0.0736198 0.0776596 0.0810176 0.0835983 0.0853248 0.0861506 0.086062 0.0850727 0.0832143 0.0805308 0.0770799 0.0729351 0.0681842 0.0629237 0.0572508 0.0512567 0.0450223 0.0386194 0.0321121 0.02556 0.0190195 0.012544 0.00618258 -2.07294e-05 -0.00602775 -0.011806 -0.0173281 -0.0225708 -0.0275144 -0.0321423 -0.036441 -0.0404002 -0.0440133 -0.0472771 -0.0501922 -0.0527626 -0.0549954 -0.0569007 -0.0584909 -0.0597806 -0.060786 -0.0615251 -0.062017 -0.0622816 -0.0623397 -0.062212 -0.0619196 -0.0614828 -0.0609217 -0.0602552 -0.0595012 -0.0586765 -0.0577964 -0.0568749 -0.0559248 -0.0549573 -0.0539825 -0.0530093 -0.0520455 -0.0510978 -0.050172 -0.0492731 -0.0484051 -0.0475718 -0.0467758 -0.0460197 -0.0453054 -0.0446343 -0.0440076 -0.0434261 -0.0428907 -0.0424015 -0.041959 -0.0415632 -0.0412142 -0.040912 -0.0406565 -0.0404476 -0.0402853 -0.0401694 -0.0400999 -0.0400768 -0.0400999 -0.0401694 -0.0402853 -0.0404476 -0.0406565 -0.040912 -0.0412142 -0.0415632 -0.041959 -0.0424015 -0.0428907 -0.0434261 -0.0440076 -0.0446343 -0.0453054 -0.0460197 -0.0467758 -0.0475718 -0.0484051 -0.0492731 -0.050172 -0.0510978 -0.0520455 -0.0530093 -0.0539825 -0.0549573 -0.0559248 -0.0568749 -0.0577964 -0.0586765 -0.0595012 -0.0602552 -0.0609217 -0.0614828 -0.0619196 -0.062212 -0.0623397 -0.0622816 -0.062017 -0.0615251 -0.060786 -0.0597806 -0.0584909 -0.0569007 -0.0549954 -0.0527626 -0.0501922 -0.0472771 -0.0440133 -0.0404002 -0.036441 -0.0321423 -0.0275144 -0.0225708 -0.0173281 -0.011806 -0.00602775 -2.07294e-05 0.00618258 0.012544 0.0190195 0.02556 0.0321121 0.0386194 0.0450223 0.0512567 0.0572508 0.0629237 0.0681842 0.0729351 0.0770799 0.0805308 0.0832143 0.0850727 0.086062 0.0861506 0.0853248 0.0835983 0.0810176 0.0776596 0.0736198 0.0689978 0.0638988 0.05845 0.0528067 0.0471282 0.0415439 0.036148 0.0310242 0.0262631 0.0219474 0.0181231 0.0147931 0.0119404 0.00955411 0.00763428 0.0061755 0.0051511 0.00451526 
0 0.00184315 0.00380223 0.00597336 0.00842188 0.0111873 0.0143024 0.0178101 0.0217581 0.0261697 0.0310173 0.0362288 0.0417197 0.0474114 0.0532118 0.0589882 0.0645744 0.0698122 0.0745758 0.0787595 0.082257 0.0849685 0.086823 0.0877901 0.0878729 0.087096 0.0854962 0.0831193 0.0800243 0.0762862 0.0719917 0.067232 0.0620954 0.0566621 0.0510032 0.0451822 0.0392558 0.0332748 0.0272834 0.0213187 0.0154111 0.00958573 0.00386487 -0.0017304 -0.00717835 -0.0124565 -0.0175421 -0.0224132 -0.0270498 -0.0314349 -0.0355547 -0.0393987 -0.0429592 -0.0462311 -0.0492115 -0.0518995 -0.0542961 -0.0564046 -0.0582304 -0.0597813 -0.0610673 -0.0621006 -0.0628956 -0.0634679 -0.0638347 -0.0640135 -0.0640227 -0.0638801 -0.0636036 -0.0632105 -0.0627172 -0.0621393 -0.0614913 -0.0607869 -0.0600384 -0.0592575 -0.0584546 -0.057639 -0.0568193 -0.056003 -0.0551969 -0.0544068 -0.0536379 -0.0528947 -0.052181 -0.0515001 -0.0508549 -0.0502475 -0.0496801 -0.0491541 -0.048671 -0.0482316 -0.0478369 -0.0474875 -0.0471839 -0.0469265 -0.0467156 -0.0465514 -0.046434 -0.0463635 -0.04634 -0.0463635 -0.046434 -0.0465514 -0.0467156 -0.0469265 -0.0471839 -0.0474875 -0.0478369 -0.0482316 -0.048671 -0.0491541 -0.0496801 -0.0502475 -0.0508549 -0.0515001 -0.052181 -0.0528947 -0.0536379 -0.0544068 -0.0551969 -0.056003 -0.0568193 -0.057639 -0.0584546 -0.0592575 -0.0600384 -0.0607869 -0.0614913 -0.0621393 -0.0627172 -0.0632105 -0.0636036 -0.0638801 -0.0640227 -0.0640135 -0.0638347 -0.0634679 -0.0628956 -0.0621006 -0.0610673 -0.0597813 -0.0582304 -0.0564046 -0.0542961 -0.0518995 -0.0492115 -0.0462311 -0.0429592 -0.0393987 -0.0355547 -0.0314349 -0.0270498 -0.0224132 -0.0175421 -0.0124565 -0.00717835 -0.0017304 0.00386487 0.00958573 0.0154111 0.0213187 0.0272834 0.0332748 0.0392558 0.0451822 0.0510032 0.0566621 0.0620954 0.067232 0.0719917 0.0762862 0.0800243 0.0831193 0.0854962 0.087096 0.0878729 0.0877901 0.086823 0.0849685 0.082257 0.0787595 0.0745758 0.0698122 0.0645745 0.0589884 0.0532126 0.0474137 0.0417259 0.0362439 0.0310519 0.0262444 0.0219094 0.0180974 0.014815 0.012048 0.00978679 0.00802837 0.00676238 0.00596314 
0 0.0023197 0.00476743 0.00744129 0.010401 0.0136853 0.0173362 0.0214025 0.0259134 0.0308497 0.0361454 0.0417197 0.0474982 0.0533923 0.0592681 0.0649555 0.0702944 0.0751619 0.0794518 0.0830498 0.0858488 0.0877818 0.0888296 0.089005 0.088338 0.0868723 0.0846654 0.0817903 0.078335 0.0743929 0.0700514 0.0653889 0.0604739 0.0553676 0.050126 0.0448006 0.039435 0.0340635 0.0287103 0.0233908 0.0181149 0.0128904 0.00772575 0.00263171 -0.00237844 -0.00728964 -0.0120854 -0.0167491 -0.0212637 -0.0256128 -0.0297803 -0.0337505 -0.037509 -0.0410428 -0.0443406 -0.0473938 -0.0501962 -0.0527446 -0.0550385 -0.0570802 -0.0588743 -0.0604274 -0.0617482 -0.0628469 -0.0637347 -0.0644243 -0.0649289 -0.0652627 -0.06544 -0.0654755 -0.065384 -0.0651801 -0.064878 -0.0644916 -0.064034 -0.0635179 -0.0629547 -0.0623554 -0.06173 -0.0610876 -0.0604363 -0.0597837 -0.0591363 -0.0585 -0.0578801 -0.0572809 -0.0567065 -0.0561604 -0.0556455 -0.0551644 -0.0547192 -0.0543118 -0.0539438 -0.0536164 -0.0533308 -0.0530877 -0.052888 -0.0527321 -0.0526204 -0.0525533 -0.0525309 -0.0525533 -0.0526204 -0.0527321 -0.052888 -0.0530877 -0.0533308 -0.0536164 -0.0539438 -0.0543118 -0.0547192 -0.0551644 -0.0556455 -0.0561604 -0.0567065 -0.0572809 -0.0578801 -0.0585 -0.0591363 -0.0597837 -0.0604363 -0.0610876 -0.06173 -0.0623554 -0.0629547 -0.0635179 -0.064034 -0.0644916 -0.064878 -0.0651801 -0.065384 -0.0654755 -0.06544 -0.0652627 -0.0649289 -0.0644243 -0.0637347 -0.0628469 -0.0617482 -0.0604274 -0.0588743 -0.0570802 -0.0550385 -0.0527446 -0.0501962 -0.0473938 -0.0443406 -0.0410428 -0.037509 -0.0337505 -0.0297803 -0.0256128 -0.0212637 -0.0167491 -0.0120854 -0.00728964 -0.00237844 0.00263171 0.00772575 0.0128904 0.0181149 0.0233908 0.0287103 0.0340635 0.039435 0.0448006 0.050126 0.0553676 0.0604739 0.0653889 0.0700514 0.0743929 0.078335 0.0817903 0.0846654 0.0868723 0.088338 0.089005 0.0888296 0.0877818 0.0858488 0.0830498 0.0794518 0.075162 0.0702946 0.0649562 0.0592701 0.0533976 0.0475114 0.0417505 0.0362124 0.0309869 0.0261768 0.0218777 0.0181429 0.0149777 0.0123648 0.0102925 0.00876091 0.00777396 
0 0.00290162 0.00592155 0.00915353 0.0126644 0.0165105 0.020745 0.0254009 0.0304634 0.0358701 0.0415429 0.0474114 0.0533923 0.0593544 0.0651253 0.0705434 0.075488 0.0798533 0.0835193 0.0863733 0.088353 0.0894492 0.0896775 0.0890655 0.08766 0.085531 0.0827682 0.0794751 0.0757556 0.0717003 0.0673862 0.0628811 0.0582437 0.0535255 0.0487697 0.044008 0.03926 0.0345367 0.0298422 0.0251777 0.020544 0.015942 0.0113728 0.00683812 0.00234018 -0.00211734 -0.00652805 -0.0108827 -0.0151681 -0.019368 -0.0234641 -0.0274366 -0.0312662 -0.0349352 -0.0384275 -0.0417299 -0.0448318 -0.047725 -0.0504038 -0.0528647 -0.0551064 -0.0571291 -0.0589353 -0.0605291 -0.0619162 -0.0631042 -0.0641017 -0.0649191 -0.0655673 -0.0660584 -0.0664049 -0.0666196 -0.0667154 -0.066705 -0.0666012 -0.0664159 -0.0661609 -0.0658471 -0.065485 -0.0650843 -0.0646539 -0.0642023 -0.063737 -0.063265 -0.0627925 -0.0623253 -0.0618685 -0.0614267 -0.0610038 -0.0606034 -0.0602287 -0.0598823 -0.0595668 -0.0592839 -0.0590356 -0.0588232 -0.0586479 -0.0585106 -0.0584121 -0.0583527 -0.0583329 -0.0583527 -0.0584121 -0.0585106 -0.0586479 -0.0588232 -0.0590356 -0.0592839 -0.0595668 -0.0598823 -0.0602287 -0.0606034 -0.0610038 -0.0614267 -0.0618685 -0.0623253 -0.0627925 -0.063265 -0.063737 -0.0642023 -0.0646539 -0.0650843 -0.065485 -0.0658471 -0.0661609 -0.0664159 -0.0666012 -0.066705 -0.0667154 -0.0666196 -0.0664049 -0.0660584 -0.0655673 -0.0649191 -0.0641017 -0.0631042 -0.0619162 -0.0605291 -0.0589353 -0.0571291 -0.0551064 -0.0528647 -0.0504038 -0.047725 -0.0448318 -0.0417299 -0.0384275 -0.0349352 -0.0312662 -0.0274366 -0.0234641 -0.019368 -0.0151681 -0.0108827 -0.00652805 -0.00211734 0.00234018 0.00683812 0.0113728 0.015942 0.020544 0.0251777 0.0298422 0.0345367 0.03926 0.044008 0.0487697 0.0535255 0.0582437 0.0628811 0.0673862 0.0717003 0.0757556 0.0794751 0.0827682 0.085531 0.08766 0.0890655 0.0896775 0.0894492 0.088353 0.0863734 0.0835194 0.0798535 0.0754885 0.0705451 0.0651298 0.0593658 0.0534192 0.0474707 0.0416658 0.0361088 0.0308992 0.0261493 0.0219573 0.0183714 0.0153901 0.0129983 0.0112007 0.0100265 
0 0.00358041 0.00725167 0.0111016 0.015216 0.0196739 0.0245253 0.0297643 0.0353299 0.0411413 0.0471278 0.0532118 0.0592681 0.0651253 0.0706199 0.0756322 0.0800577 0.0837722 0.0866592 0.0886616 0.0897807 0.0900332 0.0894414 0.0880546 0.0859557 0.083247 0.0800401 0.0764446 0.0725559 0.0684572 0.064226 0.0599299 0.0556214 0.0513385 0.0471021 0.0429179 0.0387846 0.0346972 0.0306487 0.0266331 0.0226436 0.0186715 0.0147084 0.0107461 0.00677823 0.00280296 -0.00117771 -0.00515704 -0.00912391 -0.0130649 -0.0169639 -0.020804 -0.0245679 -0.0282379 -0.031797 -0.0352288 -0.0385178 -0.0416503 -0.044614 -0.0473989 -0.0499976 -0.0524046 -0.0546174 -0.0566355 -0.0584606 -0.0600965 -0.0615483 -0.0628228 -0.0639275 -0.0648713 -0.0656635 -0.066314 -0.066833 -0.0672309 -0.0675186 -0.0677064 -0.067805 -0.0678245 -0.067775 -0.0676659 -0.0675066 -0.0673057 -0.0670715 -0.0668115 -0.0665328 -0.0662421 -0.0659452 -0.0656477 -0.0653545 -0.06507 -0.0647982 -0.0645425 -0.0643061 -0.0640916 -0.0639012 -0.063737 -0.0636005 -0.0634931 -0.0634156 -0.0633689 -0.0633532 -0.0633689 -0.0634156 -0.0634931 -0.0636005 -0.063737 -0.0639012 -0.0640916 -0.0643061 -0.0645425 -0.0647982 -0.06507 -0.0653545 -0.0656477 -0.0659452 -0.0662421 -0.0665328 -0.0668115 -0.0670715 -0.0673057 -0.0675066 -0.0676659 -0.067775 -0.0678245 -0.067805 -0.0677064 -0.0675186 -0.0672309 -0.066833 -0.066314 -0.0656635 -0.0648713 -0.0639275 -0.0628228 -0.0615483 -0.0600965 -0.0584606 -0.0566355 -0.0546174 -0.0524046 -0.0499976 -0.0473989 -0.044614 -0.0416503 -0.0385178 -0.0352288 -0.031797 -0.0282379 -0.0245679 -0.020804 -0.0169639 -0.0130649 -0.00912391 -0.00515704 -0.00117771 0.00280296 0.00677823 0.0107461 0.0147084 0.0186715 0.0226436 0.0266331 0.0306487 0.0346972 0.0387846 0.0429179 0.0471021 0.0513385 0.0556214 0.0599299 0.064226 0.0684572 0.0725559 0.0764446 0.0800401 0.083247 0.0859557 0.0880546 0.0894414 0.0900332 0.0897807 0.0886617 0.0866593 0.0837727 0.0800591 0.0756361 0.0706297 0.0651485 0.0593199 0.0533204 0.0473416 0.0415365 0.036017 0.0308907 0.0262735 0.0222593 0.0188918 0.0161789 0.0141339 0.012797 
0 0.00433586 0.0087324 0.0132721 0.0180566 0.023171 0.0286406 0.034419 0.040424 0.0465788 0.0528066 0.0589882 0.0649555 0.0705434 0.0756322 0.0801201 0.0838816 0.0867966 0.0888118 0.0899373 0.0901918 0.0895924 0.0881936 0.0860939 0.0834056 0.0802404 0.0767083 0.0729097 0.0689348 0.0648724 0.0608007 0.0567753 0.0528319 0.0489891 0.0452484 0.0416044 0.0380489 0.0345673 0.031143 0.0277578 0.0243904 0.0210216 0.0176361 0.0142217 0.0107722 0.00728574 0.00376264 0.000207256 -0.00337497 -0.00697656 -0.010587 -0.0141947 -0.0177846 -0.0213403 -0.0248441 -0.0282771 -0.0316217 -0.0348605 -0.037978 -0.0409613 -0.0437988 -0.0464819 -0.049004 -0.0513603 -0.0535487 -0.0555678 -0.0574187 -0.0591034 -0.0606254 -0.0619897 -0.0632017 -0.0642684 -0.065197 -0.0659959 -0.0666735 -0.0672387 -0.0677007 -0.0680686 -0.0683516 -0.0685585 -0.0686983 -0.0687792 -0.0688095 -0.0687966 -0.0687479 -0.0686702 -0.0685697 -0.0684522 -0.0683231 -0.0681874 -0.0680493 -0.067913 -0.0677818 -0.067659 -0.0675472 -0.0674489 -0.0673657 -0.0672995 -0.0672513 -0.0672221 -0.0672123 -0.0672221 -0.0672513 -0.0672995 -0.0673657 -0.0674489 -0.0675472 -0.067659 -0.0677818 -0.067913 -0.0680493 -0.0681874 -0.0683231 -0.0684522 -0.0685697 -0.0686702 -0.0687479 -0.0687966 -0.0688095 -0.0687792 -0.0686983 -0.0685585 -0.0683516 -0.0680686 -0.0677007 -0.0672387 -0.0666735 -0.0659959 -0.065197 -0.0642684 -0.0632017 -0.0619897 -0.0606254 -0.0591034 -0.0574187 -0.0555678 -0.0535487 -0.0513603 -0.049004 -0.0464819 -0.0437988 -0.0409613 -0.037978 -0.0348605 -0.0316217 -0.0282771 -0.0248441 -0.0213403 -0.0177846 -0.0141947 -0.010587 -0.00697656 -0.00337497 0.000207256 0.00376264 0.00728574 0.0107722 0.0142217 0.0176361 0.0210216 0.0243904 0.0277578 0.031143 0.0345673 0.0380489 0.0416044 0.0452484 0.0489891 0.0528319 0.0567753 0.0608007 0.0648724 0.0689348 0.0729097 0.0767083 0.0802404 0.0834056 0.0860939 0.0881936 0.0895924 0.0901918 0.0899374 0.0888122 0.0867978 0.0838848 0.0801283 0.075652 0.070588 0.0650503 0.0591772 0.0531607 0.0472029 0.0414602 0.0360465 0.0310732 0.02666 0.0229081 0.01988 0.0176141 0.0161488 
0 0.00514726 0.0103385 0.0156484 0.0211699 0.0269639 0.0330212 0.0392785 0.0456607 0.0520898 0.05845 0.0645744 0.0702944 0.075488 0.0800577 0.0838816 0.0868372 0.0888715 0.0900018 0.090249 0.0896267 0.0881953 0.086071 0.0833755 0.0802161 0.0767029 0.072945 0.0690402 0.0650833 0.0611583 0.0573194 0.0535997 0.0500217 0.0465924 0.0433094 0.0401667 0.0371464 0.0342219 0.031366 0.0285477 0.0257388 0.0229189 0.0200702 0.0171801 0.0142412 0.011246 0.00819107 0.00507576 0.00190053 -0.00132866 -0.00460401 -0.00791492 -0.0112472 -0.0145869 -0.0179179 -0.0212241 -0.0244901 -0.0276997 -0.0308386 -0.0338923 -0.0368474 -0.0396925 -0.0424162 -0.0450099 -0.0474658 -0.0497785 -0.0519445 -0.0539611 -0.0558289 -0.0575486 -0.0591231 -0.0605563 -0.061853 -0.0630192 -0.0640607 -0.0649851 -0.0657989 -0.0665101 -0.067126 -0.0676544 -0.0681027 -0.0684784 -0.0687889 -0.069041 -0.0692419 -0.0693975 -0.0695144 -0.0695981 -0.0696542 -0.0696875 -0.0697028 -0.069704 -0.0696952 -0.0696795 -0.0696601 -0.0696393 -0.0696195 -0.0696022 -0.0695889 -0.0695805 -0.0695777 -0.0695805 -0.0695889 -0.0696022 -0.0696195 -0.0696393 -0.0696601 -0.0696795 -0.0696952 -0.069704 -0.0697028 -0.0696875 -0.0696542 -0.0695981 -0.0695144 -0.0693975 -0.0692419 -0.069041 -0.0687889 -0.0684784 -0.0681027 -0.0676544 -0.067126 -0.0665101 -0.0657989 -0.0649851 -0.0640607 -0.0630192 -0.061853 -0.0605563 -0.0591231 -0.0575486 -0.0558289 -0.0539611 -0.0519445 -0.0497785 -0.0474658 -0.0450099 -0.0424162 -0.0396925 -0.0368474 -0.0338923 -0.0308386 -0.0276997 -0.0244901 -0.0212241 -0.0179179 -0.0145869 -0.0112472 -0.00791492 -0.00460401 -0.00132866 0.00190053 0.00507576 0.00819107 0.011246 0.0142412 0.0171801 0.0200702 0.0229189 0.0257388 0.0285477 0.031366 0.0342219 0.0371464 0.0401667 0.0433094 0.0465924 0.0500217 0.0535997 0.0573194 0.0611583 0.0650833 0.0690402 0.072945 0.0767029 0.0802161 0.0833755 0.086071 0.0881953 0.0896268 0.0902493 0.0900027 0.0888741 0.086844 0.0838982 0.0800957 0.0755697 0.0704595 0.0648882 0.0590105 0.0530333 0.0471618 0.0415481 0.036308 0.0315685 0.0274754 0.0241576 0.0216967 0.020129 
0 0.00600346 0.0120521 0.0182035 0.0245085 0.0309781 0.0375786 0.0442574 0.0509504 0.0575524 0.0638988 0.0698122 0.0751619 0.0798533 0.0837722 0.0867966 0.0888715 0.0900188 0.0902647 0.0896208 0.0881516 0.0859901 0.0832668 0.0800831 0.0765509 0.0727948 0.068922 0.0650268 0.0611939 0.0574754 0.0539005 0.0504975 0.0472817 0.0442523 0.0414044 0.0387199 0.036167 0.0337166 0.0313385 0.0290009 0.026681 0.024356 0.0220029 0.0196061 0.017149 0.0146195 0.0120129 0.00932525 0.00655891 0.00372002 0.000814013 -0.00214891 -0.00515963 -0.00820846 -0.0112827 -0.0143718 -0.0174616 -0.0205383 -0.0235884 -0.0265958 -0.0295474 -0.0324289 -0.0352276 -0.0379329 -0.0405341 -0.0430242 -0.0453957 -0.0476444 -0.0497668 -0.0517605 -0.0536257 -0.055362 -0.0569718 -0.058457 -0.0598214 -0.0610688 -0.062204 -0.0632325 -0.0641592 -0.0649908 -0.0657327 -0.0663918 -0.0669735 -0.0674848 -0.0679313 -0.068319 -0.0686537 -0.0689407 -0.0691854 -0.0693922 -0.069566 -0.0697104 -0.0698299 -0.069927 -0.0700055 -0.0700672 -0.0701151 -0.0701501 -0.0701744 -0.0701883 -0.0701932 -0.0701883 -0.0701744 -0.0701501 -0.0701151 -0.0700672 -0.0700055 -0.069927 -0.0698299 -0.0697104 -0.069566 -0.0693922 -0.0691854 -0.0689407 -0.0686537 -0.068319 -0.0679313 -0.0674848 -0.0669735 -0.0663918 -0.0657327 -0.0649908 -0.0641592 -0.0632325 -0.062204 -0.0610688 -0.0598214 -0.058457 -0.0569718 -0.055362 -0.0536257 -0.0517605 -0.0497668 -0.0476444 -0.0453957 -0.0430242 -0.0405341 -0.0379329 -0.0352276 -0.0324289 -0.0295474 -0.0265958 -0.0235884 -0.0205383 -0.0174616 -0.0143718 -0.0112827 -0.00820846 -0.00515963 -0.00214891 0.000814013 0.00372002 0.00655891 0.00932525 0.0120129 0.0146195 0.017149 0.0196061 0.0220029 0.024356 0.026681 0.0290009 0.0313385 0.0337166 0.036167 0.0387199 0.0414044 0.0442523 0.0472817 0.0504975 0.0539005 0.0574754 0.0611939 0.0650268 0.068922 0.0727948 0.0765509 0.0800831 0.0832669 0.0859902 0.0881519 0.0896215 0.0902668 0.0900244 0.0888852 0.0868285 0.0838417 0.0799957 0.0754364 0.0703099 0.0647487 0.0589233 0.0530493 0.0473295 0.0419187 0.0369573 0.0326129 0.029062 0.0264322 0.0247722 
0 0.00690395 0.0138597 0.0208938 0.0279931 0.0351155 0.0422188 0.0492646 0.056179 0.0628171 0.0689978 0.0745758 0.0794518 0.0835193 0.0866592 0.0888118 0.0900018 0.0902647 0.0896148 0.088118 0.0859193 0.083159 0.0799332 0.0763561 0.0725726 0.0687007 0.0648281 0.0610381 0.057387 0.0539023 0.0506159 0.0475512 0.0447027 0.0420598 0.039607 0.0373112 0.0351458 0.0330892 0.0311103 0.029184 0.0272866 0.0253864 0.023461 0.021491 0.0194565 0.0173499 0.015164 0.0128935 0.010541 0.00810493 0.00558827 0.00299707 0.000334566 -0.00238893 -0.00516465 -0.00798237 -0.0108278 -0.0136905 -0.0165558 -0.0194113 -0.0222451 -0.0250435 -0.0277969 -0.0304928 -0.0331219 -0.035675 -0.0381427 -0.0405191 -0.042796 -0.04497 -0.0470358 -0.0489909 -0.0508343 -0.0525642 -0.0541826 -0.0556894 -0.0570885 -0.0583814 -0.0595728 -0.0606661 -0.0616658 -0.0625771 -0.063404 -0.0641526 -0.0648266 -0.0654322 -0.065973 -0.0664549 -0.0668812 -0.0672573 -0.0675862 -0.0678726 -0.068119 -0.0683292 -0.0685056 -0.0686507 -0.0687666 -0.068855 -0.0689172 -0.0689541 -0.0689664 -0.0689541 -0.0689172 -0.068855 -0.0687666 -0.0686507 -0.0685056 -0.0683292 -0.068119 -0.0678726 -0.0675862 -0.0672573 -0.0668812 -0.0664549 -0.065973 -0.0654322 -0.0648266 -0.0641526 -0.063404 -0.0625771 -0.0616658 -0.0606661 -0.0595728 -0.0583814 -0.0570885 -0.0556894 -0.0541826 -0.0525642 -0.0508343 -0.0489909 -0.0470358 -0.04497 -0.042796 -0.0405191 -0.0381427 -0.035675 -0.0331219 -0.0304928 -0.0277969 -0.0250435 -0.0222451 -0.0194113 -0.0165558 -0.0136905 -0.0108278 -0.00798237 -0.00516465 -0.00238893 0.000334566 0.00299707 0.00558827 0.00810493 0.010541 0.0128935 0.015164 0.0173499 0.0194565 0.021491 0.023461 0.0253864 0.0272866 0.029184 0.0311103 0.0330892 0.0351458 0.0373112 0.039607 0.0420598 0.0447027 0.0475512 0.0506159 0.0539023 0.057387 0.0610381 0.0648281 0.0687007 0.0725726 0.0763561 0.0799333 0.0831592 0.0859199 0.0881197 0.0896193 0.0902759 0.0900281 0.08887 0.0867804 0.0837566 0.0798885 0.0753329 0.0702371 0.0647401 0.0590269 0.0533256 0.047852 0.0427884 0.038314 0.0346177 0.0318553 0.030107 
