0 0 0 0 0 0 0 0 0 0 0 0 0 0 0 0 0 0 0 0 0 0 0 0 0 0 0 0 0 0 0 0 0 0 0 0 0 0 0 0 0 0 0 0 0 0 0 0 0 0 0 0 0 0 0 0 0 0 0 0 0 0 0 0 0 0 0 0 0 0 0 0 0 0 0 0 0 0 0 0 0 0 0 0 0 0 0 0 0 0 0 0 0 0 0 0 0 0 0 0 0 0 0 0 0 0 0 0 0 0 0 0 0 0 0 0 0 0 0 0 0 0 0 0 0 0 0 0 0 0 0 0 0 0 0 0 0 0 0 0 0 0 0 0 0 0 0 0 0 0 0 0 0 0 0 0 0 0 0 0 0 0 0 0 0 0 0 0 0 0 0 0 0 0 0 0 0 0 0 0 0 0 0 0 0 0 0 0 0 0 0 0 0 0 0 0 0 0 0 0 
0 0.000308091 0.000616444 0.000933006 0.00127739 0.00167826 0.00216378 0.00274928 0.00343006 0.00418572 0.00499459 0.0058476 0.00674918 0.00770247 0.00869034 0.00966879 0.0105792 0.0113697 0.012008 0.012479 0.0127698 0.0128596 0.0127195 0.0123242 0.0116645 0.0107534 0.0096221 0.00831045 0.00685826 0.00530117 0.00367215 0.00200555 0.000339937 -0.00128244 -0.00281947 -0.00423428 -0.0054994 -0.00659852 -0.00752552 -0.00828181 -0.00887331 -0.00930806 -0.00959508 -0.00974439 -0.00976751 -0.0096781 -0.00949196 -0.00922658 -0.00890011 -0.0085301 -0.00813243 -0.00772049 -0.00730484 -0.00689327 -0.00649123 -0.00610239 -0.00572917 -0.00537324 -0.00503589 -0.00471815 -0.00442088 -0.00414471 -0.00389001 -0.00365674 -0.00344452 -0.00325254 -0.00307967 -0.00292449 -0.00278542 -0.0026608 -0.00254895 -0.00244832 -0.00235744 -0.00227506 -0.00220005 -0.00213151 -0.00206868 -0.00201094 -0.0019578 -0.00190886 -0.00186379 -0.00182233 -0.00178426 -0.00174936 -0.00171746 -0.00168839 -0.001662 -0.00163812 -0.00161663 -0.00159737 -0.00158024 -0.0015651 -0.00155185 -0.00154039 -0.00153063 -0.00152251 -0.00151595 -0.0015109 -0.00150732 -0.00150519 -0.00150448 -0.00150519 -0.00150732 -0.0015109 -0.00151595 -0.00152251 -0.00153063 -0.00154039 -0.00155185 -0.0015651 -0.00158024 -0.00159737 -0.00161663 -0.00163812 -0.001662 -0.00168839 -0.00171746 -0.00174936 -0.00178426 -0.00182233 -0.00186379 -0.00190886 -0.0019578 -0.00201094 -0.00206868 -0.00213151 -0.00220005 -0.00227506 -0.00235744 -0.00244832 -0.00254895 -0.0026608 -0.00278542 -0.00292449 -0.00307967 -0.00325254 -0.00344452 -0.00365674 -0.00389001 -0.00414471 -0.00442088 -0.00471815 -0.00503589 -0.00537324 -0.00572917 -0.00610239 -0.00649123 -0.00689327 -0.00730484 -0.00772049 -0.00813243 -0.0085301 -0.00890011 -0.00922658 -0.00949196 -0.0096781 -0.00976751 -0.00974439 -0.00959508 -0.00930806 -0.00887331 -0.00828181 -0.00752552 -0.00659852 -0.0054994 -0.00423428 -0.00281947 -0.00128244 0.000339937 0.00200555 0.00367215 0.00530117 0.00685826 0.00831045 0.0096221 0.0107534 0.0116645 0.0123242 0.0127195 0.0128596 0.0127698 0.012479 0.012008 0.0113697 0.0105792 0.00966879 0.00869034 0.0077025 0.0067493 0.00584798 0.00499568 0.00418862 0.0034372 0.00276561 0.00219863 0.00174772 0.00140686 0.0011589 0.0009858 0.000875205 
0 0.000616444 0.00124121 0.00189456 0.00261358 0.00344587 0.00443403 0.00559942 0.00693611 0.00841978 0.0100253 0.0117382 0.0135494 0.0154377 0.0173546 0.0192258 0.0209662 0.0224973 0.023754 0.0246821 0.0252318 0.0253567 0.0250191 0.0241973 0.0228914 0.0211241 0.0189377 0.0163892 0.013546 0.0104832 0.0072803 0.00401922 0.000780641 -0.0023594 -0.00533291 -0.00808247 -0.0105628 -0.0127412 -0.0145975 -0.0161233 -0.0173208 -0.0182013 -0.0187842 -0.0190944 -0.0191612 -0.0190163 -0.0186922 -0.0182208 -0.0176326 -0.0169559 -0.0162161 -0.0154361 -0.0146355 -0.0138312 -0.0130371 -0.0122642 -0.011521 -0.0108139 -0.0101469 -0.00952236 -0.00894123 -0.00840328 -0.00790738 -0.00745182 -0.0070345 -0.00665306 -0.00630505 -0.00598804 -0.00569962 -0.00543749 -0.00519946 -0.00498346 -0.00478757 -0.00460998 -0.00444902 -0.00430315 -0.00417093 -0.00405108 -0.0039424 -0.00384383 -0.00375438 -0.0036732 -0.00359952 -0.00353266 -0.003472 -0.00341703 -0.00336728 -0.00332234 -0.00328187 -0.00324556 -0.00321316 -0.00318443 -0.00315918 -0.00313725 -0.00311851 -0.00310283 -0.00309012 -0.00308032 -0.00307335 -0.00306919 -0.0030678 -0.00306919 -0.00307335 -0.00308032 -0.00309012 -0.00310283 -0.00311851 -0.00313725 -0.00315918 -0.00318443 -0.00321316 -0.00324556 -0.00328187 -0.00332234 -0.00336728 -0.00341703 -0.003472 -0.00353266 -0.00359952 -0.0036732 -0.00375438 -0.00384383 -0.0039424 -0.00405108 -0.00417093 -0.00430315 -0.00444902 -0.00460998 -0.00478757 -0.00498346 -0.00519946 -0.00543749 -0.00569962 -0.00598804 -0.00630505 -0.00665306 -0.0070345 -0.00745182 -0.00790738 -0.00840328 -0.00894123 -0.00952236 -0.0101469 -0.0108139 -0.011521 -0.0122642 -0.0130371 -0.0138312 -0.0146355 -0.0154361 -0.0162161 -0.0169559 -0.0176326 -0.0182208 -0.0186922 -0.0190163 -0.0191612 -0.0190944 -0.0187842 -0.0182013 -0.0173208 -0.0161233 -0.0145975 -0.0127412 -0.0105628 -0.00808247 -0.00533291 -0.0023594 0.000780641 0.00401922 0.0072803 0.0104832 0.013546 0.0163892 0.0189377 0.0211241 0.0228914 0.0241973 0.0250191 0.0253567 0.0252318 0.0246821 0.023754 0.0224973 0.0209662 0.0192258 0.0173547 0.0154378 0.0135498 0.0117394 0.0100285 0.00842776 0.00695486 0.00564057 0.00451851 0.00360838 0.00290671 0.00239099 0.00203194 0.00180471 
0 0.000933006 0.00189456 0.00292273 0.00406642 0.00537627 0.00689109 0.00862951 0.0105925 0.012772 0.0151551 0.0177185 0.020417 0.0231817 0.0259285 0.0285712 0.0310248 0.0331986 0.0349918 0.0362995 0.037029 0.0371158 0.0365284 0.0352629 0.0333345 0.0307725 0.0276222 0.02395 0.0198468 0.015424 0.0108052 0.00611484 0.00146849 -0.00303215 -0.00730054 -0.0112641 -0.0148629 -0.0180494 -0.0207896 -0.0230648 -0.0248726 -0.026226 -0.0271516 -0.027686 -0.027872 -0.027755 -0.02738 -0.0267903 -0.0260262 -0.025125 -0.0241211 -0.0230457 -0.0219271 -0.0207905 -0.0196576 -0.0185463 -0.0174709 -0.0164421 -0.0154672 -0.0145503 -0.0136936 -0.0128968 -0.0121587 -0.011477 -0.0108489 -0.0102713 -0.0097411 -0.00925516 -0.0088105 -0.00840425 -0.00803364 -0.00769604 -0.00738892 -0.00710984 -0.00685649 -0.00662667 -0.00641829 -0.00622941 -0.00605819 -0.00590299 -0.00576226 -0.00563464 -0.00551889 -0.00541391 -0.00531874 -0.00523251 -0.0051545 -0.00508404 -0.00502059 -0.00496367 -0.00491285 -0.00486779 -0.00482819 -0.00479378 -0.00476437 -0.00473975 -0.00471981 -0.00470441 -0.00469347 -0.00468693 -0.00468475 -0.00468693 -0.00469347 -0.00470441 -0.00471981 -0.00473975 -0.00476437 -0.00479378 -0.00482819 -0.00486779 -0.00491285 -0.00496367 -0.00502059 -0.00508404 -0.0051545 -0.00523251 -0.00531874 -0.00541391 -0.00551889 -0.00563464 -0.00576226 -0.00590299 -0.00605819 -0.00622941 -0.00641829 -0.00662667 -0.00685649 -0.00710984 -0.00738892 -0.00769604 -0.00803364 -0.00840425 -0.0088105 -0.00925516 -0.0097411 -0.0102713 -0.0108489 -0.011477 -0.0121587 -0.0128968 -0.0136936 -0.0145503 -0.0154672 -0.0164421 -0.0174709 -0.0185463 -0.0196576 -0.0207905 -0.0219271 -0.0230457 -0.0241211 -0.025125 -0.0260262 -0.0267903 -0.02738 -0.027755 -0.027872 -0.027686 -0.0271516 -0.026226 -0.0248726 -0.0230648 -0.0207896 -0.0180494 -0.0148629 -0.0112641 -0.00730054 -0.00303215 0.00146849 0.00611484 0.0108052 0.015424 0.0198468 0.02395 0.0276222 0.0307725 0.0333345 0.0352629 0.0365284 0.0371158 0.037029 0.0362995 0.0349918 0.0331986 0.0310248 0.0285713 0.0259286 0.023182 0.0204181 0.0177215 0.0151628 0.0127903 0.0106332 0.00871427 0.00705667 0.00568012 0.00459076 0.00377535 0.00320498 0.00284572 
0 0.00127739 0.00261358 0.00406642 0.00568793 0.00751758 0.00958038 0.0118931 0.0144722 0.0173311 0.0204632 0.0238228 0.0273233 0.0308569 0.0343196 0.0376186 0.0406585 0.0433257 0.0454891 0.0470192 0.0478109 0.0477954 0.0469402 0.0452412 0.0427172 0.0394087 0.0353814 0.0307268 0.0255608 0.0200163 0.0142349 0.0083585 0.00252257 -0.00314806 -0.00854249 -0.0135661 -0.0181423 -0.0222141 -0.0257442 -0.0287145 -0.031124 -0.0329871 -0.0343303 -0.0351901 -0.0356099 -0.0356383 -0.0353263 -0.0347262 -0.033889 -0.0328638 -0.0316957 -0.0304255 -0.0290892 -0.0277174 -0.026336 -0.0249662 -0.0236251 -0.0223261 -0.0210794 -0.0198923 -0.0187701 -0.0177157 -0.0167306 -0.0158145 -0.0149664 -0.0141839 -0.0134641 -0.0128035 -0.0121985 -0.011645 -0.0111392 -0.0106772 -0.0102554 -0.00987023 -0.00951854 -0.00919739 -0.00890408 -0.0086362 -0.00839156 -0.00816817 -0.00796426 -0.00777824 -0.00760868 -0.00745427 -0.00731386 -0.0071864 -0.00707095 -0.00696667 -0.0068728 -0.00678868 -0.00671369 -0.00664732 -0.0065891 -0.00653862 -0.00649555 -0.00645958 -0.00643047 -0.00640803 -0.00639211 -0.0063826 -0.00637943 -0.0063826 -0.00639211 -0.00640803 -0.00643047 -0.00645958 -0.00649555 -0.00653862 -0.0065891 -0.00664732 -0.00671369 -0.00678868 -0.0068728 -0.00696667 -0.00707095 -0.0071864 -0.00731386 -0.00745427 -0.00760868 -0.00777824 -0.00796426 -0.00816817 -0.00839156 -0.0086362 -0.00890408 -0.00919739 -0.00951854 -0.00987023 -0.0102554 -0.0106772 -0.0111392 -0.011645 -0.0121985 -0.0128035 -0.0134641 -0.0141839 -0.0149664 -0.0158145 -0.0167306 -0.0177157 -0.0187701 -0.0198923 -0.0210794 -0.0223261 -0.0236251 -0.0249662 -0.026336 -0.0277174 -0.0290892 -0.0304255 -0.0316957 -0.0328638 -0.033889 -0.0347262 -0.0353263 -0.0356383 -0.0356099 -0.0351901 -0.0343303 -0.0329871 -0.031124 -0.0287145 -0.0257442 -0.0222141 -0.0181423 -0.0135661 -0.00854249 -0.00314806 0.00252257 0.0083585 0.0142349 0.0200163 0.0255608 0.0307268 0.0353814 0.0394087 0.0427172 0.0452412 0.0469402 0.0477954 0.0478109 0.0470192 0.0454891 0.0433257 0.0406586 0.0376187 0.03432 0.0308579 0.0273261 0.02383 0.0204805 0.0173699 0.0145537 0.0120538 0.00987814 0.00803692 0.00654212 0.00539561 0.00458007 0.00406272 
0 0.00167826 0.00344587 0.00537627 0.00751758 0.00989506 0.0125252 0.015431 0.0186417 0.0221734 0.0260016 0.0300522 0.0342182 0.0383854 0.0424428 0.0462732 0.0497433 0.052709 0.0550343 0.0566049 0.0573302 0.057141 0.0559909 0.0538633 0.0507797 0.0468018 0.0420263 0.0365733 0.0305755 0.0241718 0.017505 0.0107203 0.00396398 -0.0026225 -0.00890964 -0.014787 -0.020168 -0.0249913 -0.0292191 -0.0328335 -0.0358328 -0.0382285 -0.0400426 -0.0413072 -0.0420625 -0.0423563 -0.0422416 -0.0417746 -0.0410119 -0.0400088 -0.0388166 -0.0374819 -0.0360459 -0.0345438 -0.033006 -0.0314579 -0.0299206 -0.0284116 -0.0269451 -0.0255324 -0.0241823 -0.0229008 -0.0216921 -0.0205583 -0.0194997 -0.0185155 -0.0176034 -0.0167605 -0.0159833 -0.0152679 -0.0146103 -0.0140063 -0.013452 -0.0129435 -0.0124772 -0.0120498 -0.0116581 -0.0112994 -0.0109709 -0.0106703 -0.0103955 -0.0101443 -0.00991506 -0.00970607 -0.00951585 -0.00934303 -0.00918639 -0.00904482 -0.00891732 -0.008803 -0.00870106 -0.0086108 -0.00853161 -0.00846293 -0.00840431 -0.00835535 -0.00831573 -0.00828518 -0.0082635 -0.00825055 -0.00824624 -0.00825055 -0.0082635 -0.00828518 -0.00831573 -0.00835535 -0.00840431 -0.00846293 -0.00853161 -0.0086108 -0.00870106 -0.008803 -0.00891732 -0.00904482 -0.00918639 -0.00934303 -0.00951585 -0.00970607 -0.00991506 -0.0101443 -0.0103955 -0.0106703 -0.0109709 -0.0112994 -0.0116581 -0.0120498 -0.0124772 -0.0129435 -0.013452 -0.0140063 -0.0146103 -0.0152679 -0.0159833 -0.0167605 -0.0176034 -0.0185155 -0.0194997 -0.0205583 -0.0216921 -0.0229008 -0.0241823 -0.0255324 -0.0269451 -0.0284116 -0.0299206 -0.0314579 -0.033006 -0.0345438 -0.0360459 -0.0374819 -0.0388166 -0.0400088 -0.0410119 -0.0417746 -0.0422416 -0.0423563 -0.0420625 -0.0413072 -0.0400426 -0.0382285 -0.0358328 -0.0328335 -0.0292191 -0.0249913 -0.020168 -0.014787 -0.00890964 -0.0026225 0.00396398 0.0107203 0.017505 0.0241718 0.0305755 0.0365733 0.0420263 0.0468018 0.0507797 0.0538633 0.0559909 0.057141 0.0573302 0.0566049 0.0550343 0.052709 0.0497433 0.0462736 0.0424437 0.0383879 0.0342249 0.0300683 0.0260379 0.0222504 0.0187949 0.0157172 0.0130286 0.0107299 0.00882757 0.00733065 0.00623789 0.00553212 
0 0.00216378 0.00443403 0.00689109 0.00958038 0.0125252 0.0157484 0.01928 0.023142 0.0273221 0.0317627 0.0363757 0.0410636 0.0457213 0.0502209 0.0544039 0.0581008 0.0611606 0.0634651 0.0649213 0.0654484 0.0649777 0.0634638 0.0608992 0.0573212 0.0528085 0.0474697 0.0414315 0.0348314 0.0278142 0.0205297 0.0131298 0.00576335 -0.00142999 -0.00832503 -0.014815 -0.0208133 -0.0262537 -0.0310897 -0.0352934 -0.0388545 -0.0417784 -0.0440846 -0.045804 -0.0469769 -0.0476494 -0.0478719 -0.0476967 -0.0471763 -0.0463623 -0.0453047 -0.0440508 -0.042645 -0.041128 -0.0395363 -0.037902 -0.0362529 -0.034612 -0.0329981 -0.0314261 -0.0299072 -0.0284498 -0.0270596 -0.0257402 -0.0244937 -0.0233208 -0.022221 -0.0211933 -0.0202357 -0.0193459 -0.0185212 -0.0177584 -0.0170544 -0.0164057 -0.0158089 -0.0152605 -0.0147573 -0.0142958 -0.013873 -0.0134859 -0.0131318 -0.0128082 -0.0125125 -0.0122429 -0.0119972 -0.0117737 -0.0115708 -0.0113873 -0.0112216 -0.0110729 -0.0109401 -0.0108223 -0.0107187 -0.0106288 -0.0105519 -0.0104877 -0.0104356 -0.0103954 -0.0103669 -0.0103498 -0.0103442 -0.0103498 -0.0103669 -0.0103954 -0.0104356 -0.0104877 -0.0105519 -0.0106288 -0.0107187 -0.0108223 -0.0109401 -0.0110729 -0.0112216 -0.0113873 -0.0115708 -0.0117737 -0.0119972 -0.0122429 -0.0125125 -0.0128082 -0.0131318 -0.0134859 -0.013873 -0.0142958 -0.0147573 -0.0152605 -0.0158089 -0.0164057 -0.0170544 -0.0177584 -0.0185212 -0.0193459 -0.0202357 -0.0211933 -0.022221 -0.0233208 -0.0244937 -0.0257402 -0.0270596 -0.0284498 -0.0299072 -0.0314261 -0.0329981 -0.034612 -0.0362529 -0.037902 -0.0395363 -0.041128 -0.042645 -0.0440508 -0.0453047 -0.0463623 -0.0471763 -0.0476967 -0.0478719 -0.0476494 -0.0469769 -0.045804 -0.0440846 -0.0417784 -0.0388545 -0.0352934 -0.0310897 -0.0262537 -0.0208133 -0.014815 -0.00832503 -0.00142999 0.00576335 0.0131298 0.0205297 0.0278142 0.0348314 0.0414315 0.0474697 0.0528085 0.0573212 0.0608992 0.0634638 0.0649777 0.0654484 0.0649213 0.0634652 0.0611607 0.0581011 0.0544047 0.0502232 0.0457274 0.0410784 0.0364094 0.0318345 0.0274662 0.0234138 0.0197621 0.0165545 0.0137998 0.0114954 0.0096448 0.008258 0.00734356 
0 0.00274928 0.00559942 0.00862951 0.0118931 0.015431 0.01928 0.0234626 0.027966 0.0327346 0.0376895 0.0427503 0.0478321 0.0528194 0.0575539 0.0618555 0.0655599 0.0685347 0.070671 0.0718732 0.072063 0.0711914 0.0692469 0.0662546 0.0622694 0.0573696 0.0516538 0.0452418 0.0382731 0.0309007 0.0232814 0.0155662 0.0078936 0.000386558 -0.00684628 -0.0137094 -0.0201195 -0.026007 -0.0313178 -0.0360155 -0.0400822 -0.0435173 -0.0463352 -0.0485617 -0.0502304 -0.0513805 -0.0520542 -0.0522959 -0.0521511 -0.0516663 -0.0508885 -0.0498637 -0.0486369 -0.0472506 -0.0457443 -0.0441535 -0.0425096 -0.0408396 -0.0391662 -0.0375084 -0.0358814 -0.0342974 -0.032766 -0.0312943 -0.0298875 -0.0285493 -0.0272819 -0.0260861 -0.024962 -0.0239087 -0.0229246 -0.0220075 -0.0211548 -0.0203637 -0.019631 -0.0189536 -0.018328 -0.0177513 -0.0172201 -0.0167314 -0.0162825 -0.0158705 -0.0154929 -0.0151475 -0.0148319 -0.0145443 -0.0142828 -0.0140457 -0.0138316 -0.0136392 -0.0134672 -0.0133146 -0.0131804 -0.0130639 -0.0129642 -0.0128809 -0.0128134 -0.0127614 -0.0127244 -0.0127023 -0.0126949 -0.0127023 -0.0127244 -0.0127614 -0.0128134 -0.0128809 -0.0129642 -0.0130639 -0.0131804 -0.0133146 -0.0134672 -0.0136392 -0.0138316 -0.0140457 -0.0142828 -0.0145443 -0.0148319 -0.0151475 -0.0154929 -0.0158705 -0.0162825 -0.0167314 -0.0172201 -0.0177513 -0.018328 -0.0189536 -0.019631 -0.0203637 -0.0211548 -0.0220075 -0.0229246 -0.0239087 -0.024962 -0.0260861 -0.0272819 -0.0285493 -0.0298875 -0.0312943 -0.032766 -0.0342974 -0.0358814 -0.0375084 -0.0391662 -0.0408396 -0.0425096 -0.0441535 -0.0457443 -0.0472506 -0.0486369 -0.0498637 -0.0508885 -0.0516663 -0.0521511 -0.0522959 -0.0520542 -0.0513805 -0.0502304 -0.0485617 -0.0463352 -0.0435173 -0.0400822 -0.0360155 -0.0313178 -0.026007 -0.0201195 -0.0137094 -0.00684628 0.000386558 0.0078936 0.0155662 0.0232814 0.0309007 0.0382731 0.0452418 0.0516538 0.0573696 0.0622694 0.0662546 0.0692469 0.0711914 0.072063 0.0718733 0.0706711 0.0685349 0.0655606 0.0618576 0.0575593 0.0528328 0.0478628 0.0428166 0.0378237 0.0329899 0.0284229 0.0242333 0.0205085 0.0172907 0.0145847 0.0123877 0.0107137 0.00959427 
0 0.00343006 0.00693611 0.0105925 0.0144722 0.0186417 0.023142 0.027966 0.0330561 0.0383303 0.0437108 0.0491225 0.0544625 0.0595836 0.0643166 0.0685065 0.0720233 0.074746 0.0765565 0.0773569 0.0770921 0.075753 0.0733663 0.0699813 0.0656607 0.0604822 0.0545432 0.0479637 0.0408797 0.0334344 0.0257688 0.0180152 0.0102945 0.00271674 -0.00461882 -0.0116242 -0.0182237 -0.024355 -0.0299705 -0.035036 -0.0395307 -0.0434453 -0.0467805 -0.0495468 -0.0517627 -0.0534543 -0.0546539 -0.0553991 -0.0557304 -0.0556907 -0.0553231 -0.0546699 -0.0537722 -0.0526689 -0.0513967 -0.0499899 -0.0484802 -0.0468969 -0.0452662 -0.043612 -0.0419548 -0.0403126 -0.0387 -0.0371293 -0.0356097 -0.0341485 -0.0327506 -0.0314191 -0.0301558 -0.0289612 -0.0278349 -0.0267759 -0.0257824 -0.0248525 -0.0239837 -0.0231738 -0.0224201 -0.0217199 -0.0210707 -0.0204697 -0.0199145 -0.0194025 -0.0189312 -0.0184984 -0.0181018 -0.0177394 -0.0174092 -0.0171093 -0.0168382 -0.0165942 -0.0163759 -0.0161821 -0.0160116 -0.0158635 -0.0157369 -0.0156309 -0.0155451 -0.0154789 -0.0154318 -0.0154037 -0.0153944 -0.0154037 -0.0154318 -0.0154789 -0.0155451 -0.0156309 -0.0157369 -0.0158635 -0.0160116 -0.0161821 -0.0163759 -0.0165942 -0.0168382 -0.0171093 -0.0174092 -0.0177394 -0.0181018 -0.0184984 -0.0189312 -0.0194025 -0.0199145 -0.0204697 -0.0210707 -0.0217199 -0.0224201 -0.0231738 -0.0239837 -0.0248525 -0.0257824 -0.0267759 -0.0278349 -0.0289612 -0.0301558 -0.0314191 -0.0327506 -0.0341485 -0.0356097 -0.0371293 -0.0387 -0.0403126 -0.0419548 -0.043612 -0.0452662 -0.0468969 -0.0484802 -0.0499899 -0.0513967 -0.0526689 -0.0537722 -0.0546699 -0.0553231 -0.0556907 -0.0557304 -0.0553991 -0.0546539 -0.0534543 -0.0517627 -0.0495468 -0.0467805 -0.0434453 -0.0395307 -0.035036 -0.0299705 -0.024355 -0.0182237 -0.0116242 -0.00461882 0.00271674 0.0102945 0.0180152 0.0257688 0.0334344 0.0408797 0.0479637 0.0545432 0.0604822 0.0656607 0.0699813 0.0733663 0.075753 0.0770921 0.077357 0.0765567 0.0747467 0.0720251 0.0685113 0.0643285 0.0596113 0.0545228 0.0492458 0.0439479 0.0387589 0.0337859 0.0291398 0.0249335 0.0212531 0.0181399 0.0156066 0.013672 0.0123772 
0 0.00418572 0.00841978 0.012772 0.0173311 0.0221734 0.0273221 0.0327346 0.0383303 0.0440282 0.0497515 0.0553989 0.0608263 0.065873 0.0704004 0.0742965 0.0774477 0.0797308 0.0810393 0.081312 0.0805343 0.0787239 0.0759202 0.0721809 0.0675822 0.0622198 0.0562053 0.0496564 0.0426892 0.0354168 0.0279489 0.0203932 0.0128553 0.00543501 -0.00177865 -0.00870995 -0.0152976 -0.0214935 -0.0272593 -0.0325639 -0.0373826 -0.0416963 -0.045493 -0.048769 -0.0515293 -0.0537872 -0.055564 -0.0568863 -0.0577852 -0.0582941 -0.0584476 -0.0582808 -0.0578289 -0.0571266 -0.056208 -0.0551062 -0.0538534 -0.0524799 -0.0510143 -0.0494828 -0.0479089 -0.0463138 -0.0447155 -0.0431298 -0.0415694 -0.0400452 -0.0385655 -0.0371371 -0.0357648 -0.0344523 -0.0332017 -0.0320145 -0.0308909 -0.0298308 -0.0288333 -0.0278971 -0.0270204 -0.0262013 -0.0254378 -0.0247274 -0.024068 -0.0234571 -0.0228924 -0.0223717 -0.0218926 -0.0214532 -0.0210514 -0.0206854 -0.0203533 -0.0200537 -0.0197849 -0.0195457 -0.0193348 -0.0191513 -0.018994 -0.0188623 -0.0187555 -0.018673 -0.0186144 -0.0185793 -0.0185676 -0.0185793 -0.0186144 -0.018673 -0.0187555 -0.0188623 -0.018994 -0.0191513 -0.0193348 -0.0195457 -0.0197849 -0.0200537 -0.0203533 -0.0206854 -0.0210514 -0.0214532 -0.0218926 -0.0223717 -0.0228924 -0.0234571 -0.024068 -0.0247274 -0.0254378 -0.0262013 -0.0270204 -0.0278971 -0.0288333 -0.0298308 -0.0308909 -0.0320145 -0.0332017 -0.0344523 -0.0357648 -0.0371371 -0.0385655 -0.0400452 -0.0415694 -0.0431298 -0.0447155 -0.0463138 -0.0479089 -0.0494828 -0.0510143 -0.0524799 -0.0538534 -0.0551062 -0.056208 -0.0571266 -0.0578289 -0.0582808 -0.0584476 -0.0582941 -0.0577852 -0.0568863 -0.055564 -0.0537872 -0.0515293 -0.048769 -0.045493 -0.0416963 -0.0373826 -0.0325639 -0.0272593 -0.0214935 -0.0152976 -0.00870995 -0.00177865 0.00543501 0.0128553 0.0203932 0.0279489 0.0354168 0.0426892 0.0496564 0.0562053 0.0622198 0.0675822 0.0721809 0.0759202 0.0787239 0.0805343 0.0813121 0.0810399 0.0797324 0.0774519 0.074307 0.0704251 0.0659272 0.0609384 0.0556166 0.0501492 0.0447125 0.0394419 0.0344464 0.0298371 0.0257288 0.0222165 0.0193603 0.017199 0.015769 
0 0.00499459 0.0100253 0.0151551 0.0204632 0.0260016 0.0317627 0.0376895 0.0437108 0.0497515 0.0557077 0.0614307 0.0667581 0.0715581 0.0757318 0.0791776 0.0817797 0.0834415 0.0841152 0.0837917 0.0824794 0.0802016 0.0770054 0.072965 0.0681785 0.0627585 0.0568163 0.0504531 0.0437617 0.0368308 0.0297472 0.0225968 0.0154621 0.00841699 0.00152659 -0.00515296 -0.0115735 -0.0176926 -0.0234725 -0.0288806 -0.0338897 -0.0384783 -0.0426314 -0.0463396 -0.0495989 -0.0524103 -0.0547793 -0.0567161 -0.0582355 -0.0593566 -0.0601028 -0.0605011 -0.060581 -0.060374 -0.059912 -0.0592268 -0.0583493 -0.0573089 -0.0561331 -0.0548478 -0.0534767 -0.0520417 -0.0505627 -0.049058 -0.0475437 -0.0460342 -0.0445419 -0.0430777 -0.0416503 -0.040267 -0.0389336 -0.0376543 -0.036432 -0.0352686 -0.034165 -0.0331215 -0.0321375 -0.031212 -0.0303439 -0.0295314 -0.0287727 -0.028066 -0.0274094 -0.0268008 -0.0262383 -0.0257201 -0.0252442 -0.0248089 -0.0244127 -0.0240539 -0.0237312 -0.0234431 -0.0231886 -0.0229666 -0.022776 -0.0226162 -0.0224864 -0.022386 -0.0223146 -0.0222719 -0.0222577 -0.0222719 -0.0223146 -0.022386 -0.0224864 -0.0226162 -0.022776 -0.0229666 -0.0231886 -0.0234431 -0.0237312 -0.0240539 -0.0244127 -0.0248089 -0.0252442 -0.0257201 -0.0262383 -0.0268008 -0.0274094 -0.028066 -0.0287727 -0.0295314 -0.0303439 -0.031212 -0.0321375 -0.0331215 -0.034165 -0.0352686 -0.036432 -0.0376543 -0.0389336 -0.040267 -0.0416503 -0.0430777 -0.0445419 -0.0460342 -0.0475437 -0.049058 -0.0505627 -0.0520417 -0.0534767 -0.0548478 -0.0561331 -0.0573089 -0.0583493 -0.0592268 -0.059912 -0.060374 -0.060581 -0.0605011 -0.0601028 -0.0593566 -0.0582355 -0.0567161 -0.0547793 -0.0524103 -0.0495989 -0.0463396 -0.0426314 -0.0384783 -0.0338897 -0.0288806 -0.0234725 -0.0176926 -0.0115735 -0.00515296 0.00152659 0.00841699 0.0154621 0.0225968 0.0297472 0.0368308 0.0437617 0.0504531 0.0568163 0.0627585 0.0681785 0.072965 0.0770055 0.0802017 0.0824796 0.0837921 0.0841165 0.0834451 0.0817888 0.0791992 0.07578 0.0716587 0.0669557 0.0617958 0.0563429 0.0507945 0.045333 0.0400937 0.0351861 0.0307321 0.0268697 0.0237206 0.0213619 0.0198259 
0 0.0058476 0.0117382 0.0177185 0.0238228 0.0300522 0.0363757 0.0427503 0.0491225 0.0553989 0.0614307 0.0670489 0.0721187 0.0765451 0.0802311 0.0830655 0.0849634 0.0858988 0.0858815 0.084925 0.0830492 0.0803011 0.0767553 0.0725059 0.0676567 0.0623092 0.0565556 0.0504828 0.0441755 0.037711 0.0311572 0.0245721 0.0180025 0.0114886 0.00506956 -0.00121549 -0.00732686 -0.0132252 -0.0188754 -0.0242475 -0.0293163 -0.0340615 -0.0384657 -0.0425133 -0.046191 -0.0494873 -0.0523943 -0.054909 -0.0570329 -0.0587736 -0.0601438 -0.0611605 -0.0618446 -0.0622193 -0.0623096 -0.0621416 -0.0617417 -0.0611364 -0.0603516 -0.0594127 -0.0583444 -0.0571698 -0.055911 -0.0545883 -0.0532205 -0.0518246 -0.0504154 -0.0490065 -0.0476091 -0.0462332 -0.0448869 -0.043577 -0.042309 -0.0410872 -0.0399149 -0.0387943 -0.0377271 -0.0367142 -0.0357559 -0.034852 -0.0340022 -0.0332055 -0.0324609 -0.0317672 -0.0311231 -0.0305271 -0.0299777 -0.0294736 -0.0290133 -0.0285954 -0.0282185 -0.0278815 -0.0275831 -0.0273223 -0.0270983 -0.0269101 -0.0267571 -0.0266387 -0.0265545 -0.026504 -0.0264872 -0.026504 -0.0265545 -0.0266387 -0.0267571 -0.0269101 -0.0270983 -0.0273223 -0.0275831 -0.0278815 -0.0282185 -0.0285954 -0.0290133 -0.0294736 -0.0299777 -0.0305271 -0.0311231 -0.0317672 -0.0324609 -0.0332055 -0.0340022 -0.034852 -0.0357559 -0.0367142 -0.0377271 -0.0387943 -0.0399149 -0.0410872 -0.042309 -0.043577 -0.0448869 -0.0462332 -0.0476091 -0.0490065 -0.0504154 -0.0518246 -0.0532205 -0.0545883 -0.055911 -0.0571698 -0.0583444 -0.0594127 -0.0603516 -0.0611364 -0.0617417 -0.0621416 -0.0623096 -0.0622193 -0.0618446 -0.0611605 -0.0601438 -0.0587736 -0.0570329 -0.054909 -0.0523943 -0.0494873 -0.046191 -0.0425133 -0.0384657 -0.0340615 -0.0293163 -0.0242475 -0.0188754 -0.0132252 -0.00732686 -0.00121549 0.00506956 0.0114886 0.0180025 0.0245721 0.0311572 0.037711 0.0441755 0.0504828 0.0565556 0.0623092 0.0676567 0.0725059 0.0767554 0.0803012 0.0830496 0.0849261 0.0858846 0.0859066 0.0849822 0.0831077 0.0803203 0.0767223 0.0724502 0.0676325 0.0624 0.0569229 0.0514029 0.0460238 0.0409275 0.0362453 0.0321324 0.0287521 0.0262225 0.0245887 
0 0.00674918 0.0135494 0.020417 0.0273233 0.0342182 0.0410636 0.0478321 0.0544625 0.0608263 0.0667581 0.0721187 0.076811 0.0807381 0.083788 0.0858807 0.0870058 0.0871911 0.0864589 0.0848377 0.0823911 0.0792111 0.0753943 0.0710347 0.066222 0.0610379 0.0555627 0.049879 0.0440597 0.0381611 0.0322255 0.0262819 0.0203507 0.0144527 0.00860997 0.00284483 -0.00281834 -0.00835549 -0.0137437 -0.0189586 -0.0239752 -0.0287687 -0.0333134 -0.0375855 -0.0415643 -0.0452315 -0.048574 -0.0515821 -0.0542496 -0.0565746 -0.0585578 -0.0602039 -0.0615211 -0.0625208 -0.0632181 -0.0636312 -0.0637809 -0.06369 -0.0633823 -0.0628825 -0.0622145 -0.0614021 -0.0604677 -0.0594322 -0.0583153 -0.0571348 -0.0559071 -0.0546471 -0.0533681 -0.0520821 -0.0507996 -0.0495301 -0.0482814 -0.0470607 -0.0458738 -0.0447253 -0.0436193 -0.0425588 -0.0415461 -0.0405827 -0.0396697 -0.0388076 -0.0379967 -0.0372365 -0.0365267 -0.0358666 -0.0352553 -0.034692 -0.0341755 -0.0337049 -0.0332792 -0.0328974 -0.0325585 -0.0322617 -0.0320061 -0.0317911 -0.031616 -0.0314805 -0.0313838 -0.0313261 -0.0313068 -0.0313261 -0.0313838 -0.0314805 -0.031616 -0.0317911 -0.0320061 -0.0322617 -0.0325585 -0.0328974 -0.0332792 -0.0337049 -0.0341755 -0.034692 -0.0352553 -0.0358666 -0.0365267 -0.0372365 -0.0379967 -0.0388076 -0.0396697 -0.0405827 -0.0415461 -0.0425588 -0.0436193 -0.0447253 -0.0458738 -0.0470607 -0.0482814 -0.0495301 -0.0507996 -0.0520821 -0.0533681 -0.0546471 -0.0559071 -0.0571348 -0.0583153 -0.0594322 -0.0604677 -0.0614021 -0.0622145 -0.0628825 -0.0633823 -0.06369 -0.0637809 -0.0636312 -0.0632181 -0.0625208 -0.0615211 -0.0602039 -0.0585578 -0.0565746 -0.0542496 -0.0515821 -0.048574 -0.0452315 -0.0415643 -0.0375855 -0.0333134 -0.0287687 -0.0239752 -0.0189586 -0.0137437 -0.00835549 -0.00281834 0.00284483 0.00860997 0.0144527 0.0203507 0.0262819 0.0322255 0.0381611 0.0440597 0.049879 0.0555627 0.0610379 0.066222 0.0710347 0.0753944 0.0792115 0.082392 0.0848402 0.0864656 0.0872071 0.0870423 0.0859587 0.0839451 0.0810357 0.0773416 0.0730108 0.0681771 0.062972 0.0575701 0.0521836 0.0470148 0.042234 0.0380026 0.0344858 0.0318233 0.030093 
0 0.00770247 0.0154377 0.0231817 0.0308569 0.0383854 0.0457213 0.0528194 0.0595836 0.065873 0.0715581 0.0765451 0.0807381 0.0840225 0.0863171 0.08762 0.0879709 0.0873982 0.0859371 0.0836722 0.0807211 0.0771916 0.073178 0.0687718 0.0640562 0.0591077 0.0540017 0.0488002 0.043543 0.0382589 0.0329695 0.0276879 0.0224256 0.0171926 0.0119918 0.00682527 0.0016972 -0.00338643 -0.0084118 -0.0133577 -0.0181999 -0.02291 -0.0274595 -0.0318233 -0.0359768 -0.039899 -0.0435714 -0.0469765 -0.0501001 -0.0529301 -0.0554571 -0.0576766 -0.0595869 -0.0611914 -0.0624974 -0.063515 -0.0642587 -0.0647442 -0.0649897 -0.0650146 -0.0648387 -0.0644828 -0.0639669 -0.0633116 -0.0625363 -0.0616596 -0.0606999 -0.0596736 -0.0585964 -0.0574825 -0.0563448 -0.0551951 -0.0540434 -0.0528991 -0.0517696 -0.050662 -0.0495818 -0.0485339 -0.0475221 -0.0465497 -0.0456193 -0.0447327 -0.0438916 -0.0430968 -0.0423493 -0.0416491 -0.0409967 -0.0403917 -0.0398342 -0.0393237 -0.0388599 -0.0384422 -0.0380701 -0.0377433 -0.0374611 -0.0372232 -0.0370291 -0.0368785 -0.0367711 -0.0367068 -0.0366853 -0.0367068 -0.0367711 -0.0368785 -0.0370291 -0.0372232 -0.0374611 -0.0377433 -0.0380701 -0.0384422 -0.0388599 -0.0393237 -0.0398342 -0.0403917 -0.0409967 -0.0416491 -0.0423493 -0.0430968 -0.0438916 -0.0447327 -0.0456193 -0.0465497 -0.0475221 -0.0485339 -0.0495818 -0.050662 -0.0517696 -0.0528991 -0.0540434 -0.0551951 -0.0563448 -0.0574825 -0.0585964 -0.0596736 -0.0606999 -0.0616596 -0.0625363 -0.0633116 -0.0639669 -0.0644828 -0.0648387 -0.0650146 -0.0649897 -0.0647442 -0.0642587 -0.063515 -0.0624974 -0.0611914 -0.0595869 -0.0576766 -0.0554571 -0.0529301 -0.0501001 -0.0469765 -0.0435714 -0.039899 -0.0359768 -0.0318233 -0.0274595 -0.02291 -0.0181999 -0.0133577 -0.0084118 -0.00338643 0.0016972 0.00682527 0.0119918 0.0171926 0.0224256 0.0276879 0.0329695 0.0382589 0.043543 0.0488002 0.0540017 0.0591077 0.0640562 0.0687718 0.0731782 0.0771923 0.0807232 0.0836777 0.0859506 0.0874293 0.0880384 0.0877576 0.0865812 0.0844996 0.0815509 0.0778541 0.0735602 0.0688011 0.0637159 0.0585034 0.0534096 0.0486644 0.0444476 0.0409058 0.0381745 0.0363713 
0 0.00869034 0.0173546 0.0259285 0.0343196 0.0424428 0.0502209 0.0575539 0.0643166 0.0704004 0.0757318 0.0802311 0.083788 0.0863171 0.0878174 0.0883371 0.0879103 0.0865766 0.0844371 0.0816316 0.078278 0.0744734 0.0703233 0.0659296 0.0613756 0.0567336 0.0520576 0.0473722 0.0426919 0.038032 0.0333991 0.0287944 0.024218 0.0196597 0.0151057 0.0105478 0.0059796 0.0014009 -0.00317865 -0.00774751 -0.0122895 -0.0167831 -0.0212072 -0.0255366 -0.0297435 -0.0338021 -0.0376845 -0.0413657 -0.044825 -0.0480432 -0.051007 -0.0537063 -0.0561339 -0.0582876 -0.0601661 -0.0617721 -0.0631108 -0.0641891 -0.065018 -0.065609 -0.065977 -0.0661382 -0.0661095 -0.06591 -0.0655575 -0.0650709 -0.0644682 -0.0637666 -0.0629828 -0.0621317 -0.0612279 -0.060284 -0.059312 -0.0583225 -0.0573249 -0.056328 -0.0553389 -0.0543647 -0.0534106 -0.0524821 -0.0515829 -0.0507172 -0.0498875 -0.0490967 -0.0483466 -0.0476388 -0.0469747 -0.0463551 -0.0457809 -0.0452523 -0.0447699 -0.0443335 -0.0439436 -0.0435997 -0.0433022 -0.0430506 -0.0428451 -0.0426853 -0.0425714 -0.0425029 -0.0424802 -0.0425029 -0.0425714 -0.0426853 -0.0428451 -0.0430506 -0.0433022 -0.0435997 -0.0439436 -0.0443335 -0.0447699 -0.0452523 -0.0457809 -0.0463551 -0.0469747 -0.0476388 -0.0483466 -0.0490967 -0.0498875 -0.0507172 -0.0515829 -0.0524821 -0.0534106 -0.0543647 -0.0553389 -0.056328 -0.0573249 -0.0583225 -0.059312 -0.060284 -0.0612279 -0.0621317 -0.0629828 -0.0637666 -0.0644682 -0.0650709 -0.0655575 -0.06591 -0.0661095 -0.0661382 -0.065977 -0.065609 -0.065018 -0.0641891 -0.0631108 -0.0617721 -0.0601661 -0.0582876 -0.0561339 -0.0537063 -0.051007 -0.0480432 -0.044825 -0.0413657 -0.0376845 -0.0338021 -0.0297435 -0.0255366 -0.0212072 -0.0167831 -0.0122895 -0.00774751 -0.00317865 0.0014009 0.0059796 0.0105478 0.0151057 0.0196597 0.024218 0.0287944 0.0333991 0.038032 0.0426919 0.0473722 0.0520576 0.0567336 0.0613756 0.0659298 0.0703239 0.0744751 0.0782826 0.0816428 0.0844633 0.0866342 0.0880293 0.0885686 0.0882417 0.08705 0.084984 0.0820829 0.0784693 0.0742973 0.0697115 0.0648853 0.0600595 0.0554997 0.0514186 0.0479612 0.0452543 0.0434431 
0 0.00966879 0.0192258 0.0285712 0.0376186 0.0462732 0.0544039 0.0618555 0.0685065 0.0742965 0.0791776 0.0830655 0.0858807 0.08762 0.0883371 0.0880726 0.0868699 0.084842 0.0821481 0.0789143 0.0752373 0.0712377 0.0670423 0.0627447 0.0584172 0.0541174 0.04987 0.0456839 0.0415726 0.0375357 0.0335563 0.0296197 0.0257048 0.021786 0.01785 0.0138867 0.00988522 0.00584375 0.00176029 -0.00236684 -0.00652866 -0.0107137 -0.0149048 -0.0190753 -0.0231997 -0.0272492 -0.0311939 -0.0350095 -0.0386703 -0.042155 -0.0454459 -0.0485249 -0.0513797 -0.053999 -0.0563742 -0.0585019 -0.060379 -0.0620079 -0.0633931 -0.0645409 -0.0654621 -0.0661665 -0.0666681 -0.0669803 -0.0671176 -0.0670961 -0.0669301 -0.0666362 -0.0662289 -0.0657236 -0.0651345 -0.0644752 -0.0637592 -0.0629978 -0.0622033 -0.0613851 -0.0605532 -0.0597158 -0.0588804 -0.058054 -0.057242 -0.0564503 -0.0556826 -0.0549435 -0.0542354 -0.053562 -0.0529248 -0.0523266 -0.0517682 -0.0512514 -0.0507771 -0.0503463 -0.0499595 -0.0496173 -0.0493201 -0.0490682 -0.0488619 -0.0487012 -0.0485865 -0.0485175 -0.0484946 -0.0485175 -0.0485865 -0.0487012 -0.0488619 -0.0490682 -0.0493201 -0.0496173 -0.0499595 -0.0503463 -0.0507771 -0.0512514 -0.0517682 -0.0523266 -0.0529248 -0.053562 -0.0542354 -0.0549435 -0.0556826 -0.0564503 -0.057242 -0.058054 -0.0588804 -0.0597158 -0.0605532 -0.0613851 -0.0622033 -0.0629978 -0.0637592 -0.0644752 -0.0651345 -0.0657236 -0.0662289 -0.0666362 -0.0669301 -0.0670961 -0.0671176 -0.0669803 -0.0666681 -0.0661665 -0.0654621 -0.0645409 -0.0633931 -0.0620079 -0.060379 -0.0585019 -0.0563742 -0.053999 -0.0513797 -0.0485249 -0.0454459 -0.042155 -0.0386703 -0.0350095 -0.0311939 -0.0272492 -0.0231997 -0.0190753 -0.0149048 -0.0107137 -0.00652866 -0.00236684 0.00176029 0.00584375 0.00988522 0.0138867 0.01785 0.021786 0.0257048 0.0296197 0.0335563 0.0375357 0.0415726 0.0456839 0.04987 0.0541175 0.0584174 0.0627452 0.0670436 0.0712413 0.0752465 0.078936 0.0821966 0.0849436 0.0870706 0.0884456 0.0889907 0.0887018 0.0875779 0.0856038 0.0828258 0.0793841 0.0754565 0.0712197 0.0668787 0.0626797 0.0588579 0.0555903 0.0530198 0.0512983 
0 0.0105792 0.0209662 0.0310248 0.0406585 0.0497433 0.0581008 0.0655599 0.0720233 0.0774477 0.0817797 0.0849634 0.0870058 0.0879709 0.0879103 0.0868699 0.0849675 0.0823787 0.0792417 0.075655 0.0717518 0.0676829 0.0635486 0.0594159 0.0553517 0.0513952 0.0475591 0.0438609 0.0403007 0.0368468 0.0334701 0.0301446 0.0268343 0.0235167 0.020178 0.0167949 0.0133529 0.00984372 0.00625378 0.00258349 -0.00116043 -0.00497254 -0.00883504 -0.0127304 -0.0166416 -0.0205432 -0.0244136 -0.0282284 -0.031959 -0.0355828 -0.0390732 -0.0424076 -0.0455682 -0.0485363 -0.0513013 -0.0538535 -0.0561859 -0.0582975 -0.0601853 -0.0618526 -0.0633022 -0.064539 -0.0655715 -0.0664064 -0.0670555 -0.0675289 -0.0678391 -0.0679995 -0.0680225 -0.0679235 -0.0677142 -0.0674097 -0.067022 -0.0665641 -0.066048 -0.0654841 -0.0648838 -0.0642553 -0.0636089 -0.062951 -0.0622902 -0.0616318 -0.0609823 -0.0603466 -0.0597293 -0.0591346 -0.0585655 -0.0580259 -0.0575173 -0.0570434 -0.0566047 -0.0562043 -0.0558421 -0.0555208 -0.05524 -0.0550018 -0.0548054 -0.0546528 -0.054543 -0.0544775 -0.0544553 -0.0544775 -0.054543 -0.0546528 -0.0548054 -0.0550018 -0.05524 -0.0555208 -0.0558421 -0.0562043 -0.0566047 -0.0570434 -0.0575173 -0.0580259 -0.0585655 -0.0591346 -0.0597293 -0.0603466 -0.0609823 -0.0616318 -0.0622902 -0.062951 -0.0636089 -0.0642553 -0.0648838 -0.0654841 -0.066048 -0.0665641 -0.067022 -0.0674097 -0.0677142 -0.0679235 -0.0680225 -0.0679995 -0.0678391 -0.0675289 -0.0670555 -0.0664064 -0.0655715 -0.064539 -0.0633022 -0.0618526 -0.0601853 -0.0582975 -0.0561859 -0.0538535 -0.0513013 -0.0485363 -0.0455682 -0.0424076 -0.0390732 -0.0355828 -0.031959 -0.0282284 -0.0244136 -0.0205432 -0.0166416 -0.0127304 -0.00883504 -0.00497254 -0.00116043 0.00258349 0.00625378 0.00984372 0.0133529 0.0167949 0.020178 0.0235167 0.0268343 0.0301446 0.0334701 0.0368468 0.0403008 0.0438609 0.0475592 0.0513953 0.055352 0.059417 0.0635515 0.0676903 0.0717697 0.0756953 0.0793274 0.0825504 0.0852915 0.0874464 0.0888787 0.0895116 0.0893393 0.0883529 0.0865453 0.0839963 0.0808853 0.0774123 0.0737564 0.0701088 0.0666939 0.0637345 0.0614163 0.0598851 
0 0.0113697 0.0224973 0.0331986 0.0433257 0.052709 0.0611606 0.0685347 0.074746 0.0797308 0.0834415 0.0858988 0.0871911 0.0873982 0.0865766 0.084842 0.0823787 0.0793408 0.075834 0.0720024 0.0680198 0.0639944 0.0599835 0.0560622 0.0522912 0.0486868 0.0452657 0.0420361 0.038963 0.0360108 0.0331608 0.0303743 0.0276144 0.0248608 0.022077 0.0192315 0.016313 0.0133029 0.0101928 0.00698929 0.00368825 0.000294668 -0.00317989 -0.00673275 -0.0103472 -0.0140051 -0.0176907 -0.0213754 -0.0250367 -0.028651 -0.0321896 -0.0356346 -0.038962 -0.042153 -0.0451941 -0.0480666 -0.0507627 -0.0532709 -0.0555837 -0.0576993 -0.0596122 -0.0613264 -0.0628423 -0.0641652 -0.0653028 -0.0662604 -0.0670502 -0.0676791 -0.0681601 -0.0685031 -0.0687192 -0.0688215 -0.0688188 -0.0687255 -0.0685498 -0.0683048 -0.0679991 -0.0676434 -0.0672471 -0.0668181 -0.0663661 -0.0658965 -0.0654187 -0.0649364 -0.0644581 -0.0639864 -0.0635282 -0.0630857 -0.0626643 -0.0622659 -0.0618941 -0.0615511 -0.061239 -0.0609599 -0.0607148 -0.0605058 -0.0603329 -0.0601982 -0.0601009 -0.0600429 -0.0600231 -0.0600429 -0.0601009 -0.0601982 -0.0603329 -0.0605058 -0.0607148 -0.0609599 -0.061239 -0.0615511 -0.0618941 -0.0622659 -0.0626643 -0.0630857 -0.0635282 -0.0639864 -0.0644581 -0.0649364 -0.0654187 -0.0658965 -0.0663661 -0.0668181 -0.0672471 -0.0676434 -0.0679991 -0.0683048 -0.0685498 -0.0687255 -0.0688188 -0.0688215 -0.0687192 -0.0685031 -0.0681601 -0.0676791 -0.0670502 -0.0662604 -0.0653028 -0.0641652 -0.0628423 -0.0613264 -0.0596122 -0.0576993 -0.0555837 -0.0532709 -0.0507627 -0.0480666 -0.0451941 -0.042153 -0.038962 -0.0356346 -0.0321896 -0.028651 -0.0250367 -0.0213754 -0.0176907 -0.0140051 -0.0103472 -0.00673275 -0.00317989 0.000294668 0.00368825 0.00698929 0.0101928 0.0133029 0.016313 0.0192315 0.022077 0.0248608 0.0276144 0.0303743 0.0331608 0.0360108 0.038963 0.0420361 0.0452657 0.0486871 0.052292 0.0560645 0.0599894 0.0640088 0.0680528 0.0720737 0.075979 0.0796189 0.0828813 0.0856995 0.0879613 0.089524 0.090315 0.0903313 0.0895733 0.0880691 0.0859441 0.0833908 0.0805825 0.0776675 0.0748356 0.0723303 0.0703761 0.069111 
0 0.012008 0.023754 0.0349918 0.0454891 0.0550343 0.0634651 0.070671 0.0765565 0.0810393 0.0841152 0.0858815 0.0864589 0.0859371 0.0844371 0.0821481 0.0792417 0.075834 0.072075 0.0681579 0.064206 0.0602716 0.0564374 0.052788 0.0493406 0.0460996 0.0430825 0.0402621 0.0375993 0.0350879 0.0326976 0.0303765 0.0280999 0.0258303 0.02352 0.0211554 0.0187175 0.0161815 0.0135491 0.0108099 0.00795228 0.00498675 0.00191047 -0.00127057 -0.00453607 -0.00788069 -0.0112845 -0.0147269 -0.0181976 -0.0216696 -0.0251265 -0.0285494 -0.0319108 -0.0351971 -0.0383829 -0.0414505 -0.044387 -0.0471724 -0.049802 -0.0522629 -0.0545505 -0.0566636 -0.0585962 -0.0603546 -0.0619358 -0.0633466 -0.0645915 -0.0656744 -0.0666062 -0.06739 -0.0680393 -0.068559 -0.0689613 -0.0692552 -0.0694496 -0.0695571 -0.0695836 -0.0695431 -0.0694403 -0.0692883 -0.0690919 -0.0688617 -0.0686036 -0.0683248 -0.0680326 -0.067731 -0.067428 -0.0671252 -0.0668308 -0.0665447 -0.0662746 -0.0660195 -0.0657862 -0.0655732 -0.0653863 -0.0652237 -0.0650903 -0.0649838 -0.0649086 -0.0648619 -0.0648474 -0.0648619 -0.0649086 -0.0649838 -0.0650903 -0.0652237 -0.0653863 -0.0655732 -0.0657862 -0.0660195 -0.0662746 -0.0665447 -0.0668308 -0.0671252 -0.067428 -0.067731 -0.0680326 -0.0683248 -0.0686036 -0.0688617 -0.0690919 -0.0692883 -0.0694403 -0.0695431 -0.0695836 -0.0695571 -0.0694496 -0.0692552 -0.0689613 -0.068559 -0.0680393 -0.06739 -0.0666062 -0.0656744 -0.0645915 -0.0633466 -0.0619358 -0.0603546 -0.0585962 -0.0566636 -0.0545505 -0.0522629 -0.049802 -0.0471724 -0.044387 -0.0414505 -0.0383829 -0.0351971 -0.0319108 -0.0285494 -0.0251265 -0.0216696 -0.0181976 -0.0147269 -0.0112845 -0.00788069 -0.00453607 -0.00127057 0.00191047 0.00498675 0.00795228 0.0108099 0.0135491 0.0161815 0.0187175 0.0211554 0.02352 0.0258303 0.0280999 0.0303765 0.0326976 0.0350879 0.0375993 0.0402622 0.0430828 0.0461003 0.0493424 0.0527927 0.0564488 0.0602983 0.0642645 0.0682789 0.0723107 0.0762669 0.0799925 0.0833796 0.0863553 0.0887918 0.0905512 0.0915857 0.0919144 0.0915594 0.0905751 0.0890904 0.0872645 0.085239 0.0831744 0.0812895 0.0798054 0.0788541 
