0 0 0 0 0 0 0 0 0 0 0 0 0 0 0 0 0 0 0 0 0 0 0 0 0 0 0 0 0 0 0 0 0 0 0 0 0 0 0 0 0 0 0 0 0 0 0 0 0 0 0 0 0 0 0 0 0 0 0 0 0 0 0 0 0 0 0 0 0 0 0 0 0 0 0 0 0 0 0 0 0 0 0 0 0 0 0 0 0 0 0 0 0 0 0 0 0 0 0 0 0 0 0 0 0 0 0 0 0 0 0 0 0 0 0 0 0 0 0 0 0 0 0 0 0 0 0 0 0 0 0 0 0 0 0 0 0 0 0 0 0 0 0 0 0 0 0 0 0 0 0 0 0 0 0 0 0 0 0 0 0 0 0 0 0 0 0 0 0 0 0 0 0 0 0 0 0 0 0 0 0 0 0 0 0 0 0 0 0 0 0 0 0 0 0 0 0 0 0 0 
0 7.66213e-43 1.8163e-41 3.95441e-40 7.947e-39 1.47889e-37 2.55564e-36 4.11122e-35 6.17029e-34 8.65682e-33 1.13734e-31 1.40148e-30 1.62204e-29 1.76548e-28 1.80921e-27 1.74739e-26 1.59208e-25 1.36955e-24 1.11317e-23 8.55477e-23 6.21993e-22 4.2809e-21 2.79046e-20 1.72347e-19 1.00903e-18 5.60189e-18 2.95021e-17 1.47435e-16 6.99381e-16 3.15008e-15 1.34757e-14 5.47694e-14 2.1155e-13 7.76822e-13 2.7128e-12 9.01311e-12 2.85024e-11 8.58323e-11 2.46278e-10 6.73717e-10 1.75837e-09 4.38198e-09 1.0436e-08 2.37752e-08 5.18682e-08 1.08483e-07 2.17793e-07 4.20256e-07 7.80497e-07 1.39713e-06 2.41408e-06 4.03247e-06 6.5217e-06 1.02279e-05 1.55782e-05 2.30787e-05 3.33062e-05 4.68924e-05 6.45016e-05 8.68049e-05 0.000114451 0.00014804 0.000188095 0.000235046 0.000289215 0.000350813 0.000419935 0.000496574 0.000580623 0.000671895 0.000770128 0.000875004 0.000986149 0.00110315 0.00122553 0.00135281 0.00148444 0.00161982 0.00175832 0.00189925 0.00204189 0.00218544 0.00232909 0.00247197 0.00261319 0.00275184 0.00288698 0.00301768 0.00314303 0.00326213 0.0033741 0.00347812 0.00357342 0.00365928 0.00373506 0.00380018 0.00385415 0.00389655 0.00392708 0.00394548 0.00395164 0.00394548 0.00392708 0.00389655 0.00385415 0.00380018 0.00373506 0.00365928 0.00357342 0.00347812 0.0033741 0.00326213 0.00314303 0.00301768 0.00288698 0.00275184 0.00261319 0.00247197 0.00232909 0.00218544 0.00204189 0.00189925 0.00175832 0.00161982 0.00148444 0.00135281 0.00122553 0.00110315 0.000986149 0.000875004 0.000770128 0.000671895 0.000580623 0.000496574 0.000419935 0.000350813 0.000289215 0.000235046 0.000188095 0.00014804 0.000114451 8.68049e-05 6.45016e-05 4.68924e-05 3.33062e-05 2.30787e-05 1.55782e-05 1.02279e-05 6.5217e-06 4.03247e-06 2.41408e-06 1.39713e-06 7.80497e-07 4.20256e-07 2.17793e-07 1.08483e-07 5.18682e-08 2.37752e-08 1.0436e-08 4.38198e-09 1.75837e-09 6.73717e-10 2.46278e-10 8.58323e-11 2.85024e-11 9.01311e-12 2.7128e-12 7.76822e-13 2.1155e-13 5.47694e-14 1.34757e-14 3.15008e-15 6.99381e-16 1.47435e-16 2.95021e-17 5.60189e-18 1.00903e-18 1.72347e-19 2.79046e-20 4.2809e-21 6.21993e-22 8.55477e-23 1.11317e-23 1.36955e-24 1.59208e-25 1.74739e-26 1.80921e-27 1.76548e-28 1.62204e-29 1.40148e-30 1.13734e-31 8.65682e-33 6.17029e-34 4.11122e-35 2.55564e-36 1.47889e-37 7.947e-39 3.9544e-40 1.81491e-41 4.06421e-43 
0 1.8163e-41 4.00204e-40 8.12757e-39 1.52863e-37 2.67008e-36 4.34215e-35 6.58876e-34 9.34701e-33 1.24187e-31 1.54772e-30 1.81193e-29 1.99513e-28 2.06861e-27 2.02168e-26 1.86412e-25 1.62302e-24 1.33534e-23 1.0389e-22 7.64773e-22 5.32976e-21 3.51816e-20 2.20065e-19 1.30494e-18 7.33826e-18 3.9148e-17 1.98187e-16 9.52395e-16 4.3457e-15 1.88332e-14 7.75405e-14 3.03389e-13 1.12841e-12 3.99094e-12 1.3427e-11 4.29885e-11 1.31037e-10 3.80479e-10 1.05296e-09 2.77927e-09 7.00177e-09 1.68504e-08 3.87743e-08 8.53996e-08 1.80233e-07 3.6493e-07 7.09812e-07 1.32811e-06 2.39393e-06 4.16312e-06 6.99558e-06 1.13764e-05 1.79326e-05 2.74425e-05 4.08347e-05 5.91741e-05 8.36363e-05 0.00011547 0.00015595 0.000206331 0.000267791 0.000341395 0.000428056 0.000528507 0.000643294 0.000772772 0.000917108 0.0010763 0.0012502 0.00143849 0.00164077 0.0018565 0.00208503 0.0023256 0.00257736 0.00283934 0.00311044 0.00338945 0.00367505 0.00396577 0.00426006 0.00455625 0.00485257 0.0051472 0.00543824 0.00572376 0.00600185 0.00627057 0.00652803 0.00677241 0.00700195 0.007215 0.00741 0.00758554 0.00774035 0.0078733 0.00798341 0.00806989 0.00813212 0.00816964 0.00818217 0.00816964 0.00813212 0.00806989 0.00798341 0.0078733 0.00774035 0.00758554 0.00741 0.007215 0.00700195 0.00677241 0.00652803 0.00627057 0.00600185 0.00572376 0.00543824 0.0051472 0.00485257 0.00455625 0.00426006 0.00396577 0.00367505 0.00338945 0.00311044 0.00283934 0.00257736 0.0023256 0.00208503 0.0018565 0.00164077 0.00143849 0.0012502 0.0010763 0.000917108 0.000772772 0.000643294 0.000528507 0.000428056 0.000341395 0.000267791 0.000206331 0.00015595 0.00011547 8.36363e-05 5.91741e-05 4.08347e-05 2.74425e-05 1.79326e-05 1.13764e-05 6.99558e-06 4.16312e-06 2.39393e-06 1.32811e-06 7.09812e-07 3.6493e-07 1.80233e-07 8.53996e-08 3.87743e-08 1.68504e-08 7.00177e-09 2.77927e-09 1.05296e-09 3.80479e-10 1.31037e-10 4.29885e-11 1.3427e-11 3.99094e-12 1.12841e-12 3.03389e-13 7.75405e-14 1.88332e-14 4.3457e-15 9.52395e-16 1.98187e-16 3.9148e-17 7.33826e-18 1.30494e-18 2.20065e-19 3.51816e-20 5.32976e-21 7.64773e-22 1.0389e-22 1.33534e-23 1.62302e-24 1.86412e-25 2.02168e-26 2.06861e-27 1.99513e-28 1.81193e-29 1.54772e-30 1.24187e-31 9.34701e-33 6.58876e-34 4.34215e-35 2.67008e-36 1.52863e-37 8.12755e-39 3.99851e-40 9.73297e-42 
0 3.95441e-40 8.12757e-39 1.54431e-37 2.72539e-36 4.47837e-35 6.867e-34 9.84515e-33 1.32205e-31 1.66544e-30 1.97094e-29 2.194e-28 2.2999e-27 2.27269e-26 2.11899e-25 1.86567e-24 1.55233e-23 1.22143e-22 9.09387e-22 6.41003e-21 4.27971e-20 2.7077e-19 1.62401e-18 9.23707e-18 4.98398e-17 2.55177e-16 1.24008e-15 5.72155e-15 2.50691e-14 1.04336e-13 4.12579e-13 1.5505e-12 5.53933e-12 1.88189e-11 6.08195e-11 1.87057e-10 5.47764e-10 1.52802e-09 4.06302e-09 1.03052e-08 2.49512e-08 5.77227e-08 1.27718e-07 2.70575e-07 5.49506e-07 1.0712e-06 2.00718e-06 3.62037e-06 6.29559e-06 1.05712e-05 1.7168e-05 2.70109e-05 4.12382e-05 6.1196e-05 8.84143e-05 0.000124567 0.000171417 0.000230757 0.00030434 0.000393821 0.000500709 0.000626324 0.000771778 0.000937964 0.00112556 0.00133503 0.00156666 0.00182053 0.00209655 0.00239447 0.00271384 0.00305405 0.00341426 0.00379344 0.00419034 0.00460344 0.00503102 0.0054711 0.0059215 0.00637979 0.00684339 0.00730954 0.00777536 0.00823786 0.00869402 0.0091408 0.00957516 0.00999413 0.0103948 0.0107745 0.0111304 0.0114603 0.0117617 0.0120327 0.0122714 0.0124761 0.0126456 0.0127785 0.0128741 0.0129318 0.012951 0.0129318 0.0128741 0.0127785 0.0126456 0.0124761 0.0122714 0.0120327 0.0117617 0.0114603 0.0111304 0.0107745 0.0103948 0.00999413 0.00957516 0.0091408 0.00869402 0.00823786 0.00777536 0.00730954 0.00684339 0.00637979 0.0059215 0.0054711 0.00503102 0.00460344 0.00419034 0.00379344 0.00341426 0.00305405 0.00271384 0.00239447 0.00209655 0.00182053 0.00156666 0.00133503 0.00112556 0.000937964 0.000771778 0.000626324 0.000500709 0.000393821 0.00030434 0.000230757 0.000171417 0.000124567 8.84143e-05 6.1196e-05 4.12382e-05 2.70109e-05 1.7168e-05 1.05712e-05 6.29559e-06 3.62037e-06 2.00718e-06 1.0712e-06 5.49506e-07 2.70575e-07 1.27718e-07 5.77227e-08 2.49512e-08 1.03052e-08 4.06302e-09 1.52802e-09 5.47764e-10 1.87057e-10 6.08195e-11 1.88189e-11 5.53933e-12 1.5505e-12 4.12579e-13 1.04336e-13 2.50691e-14 5.72155e-15 1.24008e-15 2.55177e-16 4.98398e-17 9.23707e-18 1.62401e-18 2.7077e-19 4.27971e-20 6.41003e-21 9.09387e-22 1.22143e-22 1.55233e-23 1.86567e-24 2.11899e-25 2.27269e-26 2.2999e-27 2.194e-28 1.97094e-29 1.66544e-30 1.32205e-31 9.84515e-33 6.867e-34 4.47837e-35 2.72539e-36 1.54431e-37 8.1194e-39 2.14122e-40 
0 7.947e-39 1.52863e-37 2.72539e-36 4.5247e-35 7.01044e-34 1.01566e-32 1.37834e-31 1.75492e-30 2.09922e-29 2.36217e-28 2.50328e-27 2.50089e-26 2.3576e-25 2.09889e-24 1.76595e-23 1.40515e-22 1.05799e-21 7.54202e-21 5.09267e-20 3.25867e-19 1.97668e-18 1.13706e-17 6.20449e-17 3.2124e-16 1.57855e-15 7.36371e-15 3.26165e-14 1.37206e-13 5.4827e-13 2.08163e-12 7.51106e-12 2.57635e-11 8.40325e-11 2.60722e-10 7.69793e-10 2.16391e-09 5.79447e-09 1.47902e-08 3.6011e-08 8.37074e-08 1.85939e-07 3.95106e-07 8.04086e-07 1.56925e-06 2.94094e-06 5.30058e-06 9.20197e-06 1.54123e-05 2.49466e-05 3.90897e-05 5.9399e-05 8.76849e-05 0.000125969 0.00017642 0.000241285 0.000322802 0.000423136 0.00054431 0.000688171 0.000856358 0.00105031 0.00127124 0.00152021 0.00179808 0.00210556 0.00244315 0.00281122 0.00320987 0.00363899 0.00409816 0.00458665 0.00510336 0.0056468 0.0062151 0.00680597 0.00741674 0.00804437 0.00868549 0.00933646 0.0099934 0.0106522 0.0113088 0.0119588 0.0125981 0.0132223 0.0138275 0.0144095 0.0149647 0.0154893 0.0159799 0.0164336 0.0168473 0.0172184 0.0175448 0.0178243 0.0180554 0.0182365 0.0183667 0.0184451 0.0184713 0.0184451 0.0183667 0.0182365 0.0180554 0.0178243 0.0175448 0.0172184 0.0168473 0.0164336 0.0159799 0.0154893 0.0149647 0.0144095 0.0138275 0.0132223 0.0125981 0.0119588 0.0113088 0.0106522 0.0099934 0.00933646 0.00868549 0.00804437 0.00741674 0.00680597 0.0062151 0.0056468 0.00510336 0.00458665 0.00409816 0.00363899 0.00320987 0.00281122 0.00244315 0.00210556 0.00179808 0.00152021 0.00127124 0.00105031 0.000856358 0.000688171 0.00054431 0.000423136 0.000322802 0.000241285 0.00017642 0.000125969 8.76849e-05 5.9399e-05 3.90897e-05 2.49466e-05 1.54123e-05 9.20197e-06 5.30058e-06 2.94094e-06 1.56925e-06 8.04086e-07 3.95106e-07 1.85939e-07 8.37074e-08 3.6011e-08 1.47902e-08 5.79447e-09 2.16391e-09 7.69793e-10 2.60722e-10 8.40325e-11 2.57635e-11 7.51106e-12 2.08163e-12 5.4827e-13 1.37206e-13 3.26165e-14 7.36371e-15 1.57855e-15 3.2124e-16 6.20449e-17 1.13706e-17 1.97668e-18 3.25867e-19 5.09267e-20 7.54202e-21 1.05799e-21 1.40515e-22 1.76595e-23 2.09889e-24 2.3576e-25 2.50089e-26 2.50328e-27 2.36217e-28 2.09922e-29 1.75492e-30 1.37834e-31 1.01566e-32 7.01044e-34 4.5247e-35 2.72538e-36 1.52689e-37 4.34895e-39 
0 1.47889e-37 2.67008e-36 4.47837e-35 7.01044e-34 1.02625e-32 1.40737e-31 1.81089e-30 2.18933e-29 2.4901e-28 2.66748e-27 2.69405e-26 2.56761e-25 2.31115e-24 1.96616e-23 1.58194e-22 1.20447e-21 8.68292e-21 5.92923e-20 3.83684e-19 2.35371e-18 1.36922e-17 7.55541e-17 3.95567e-16 1.96543e-15 9.26955e-15 4.15055e-14 1.76473e-13 7.12608e-13 2.73342e-12 9.96156e-12 3.44993e-11 1.1357e-10 3.55478e-10 1.0583e-09 2.99795e-09 8.08487e-09 2.07683e-08 5.08509e-08 1.18768e-07 2.64846e-07 5.64435e-07 1.15094e-06 2.2483e-06 4.21324e-06 7.5854e-06 1.3141e-05 2.19429e-05 3.53777e-05 5.51717e-05 8.33787e-05 0.000122337 0.000174598 0.000242839 0.000329763 0.000438008 0.000570081 0.000728306 0.00091481 0.00113153 0.00138024 0.00166257 0.00198005 0.0023341 0.00272602 0.00315695 0.00362784 0.00413933 0.00469172 0.00528485 0.00591807 0.00659016 0.00729931 0.0080431 0.00881854 0.00962206 0.0104496 0.0112967 0.0121584 0.0130297 0.0139051 0.0147793 0.0156466 0.0165017 0.017339 0.0181534 0.0189399 0.0196935 0.0204098 0.0210845 0.0217137 0.0222938 0.0228215 0.0232939 0.0237085 0.0240631 0.0243557 0.0245848 0.0247493 0.0248484 0.0248815 0.0248484 0.0247493 0.0245848 0.0243557 0.0240631 0.0237085 0.0232939 0.0228215 0.0222938 0.0217137 0.0210845 0.0204098 0.0196935 0.0189399 0.0181534 0.017339 0.0165017 0.0156466 0.0147793 0.0139051 0.0130297 0.0121584 0.0112967 0.0104496 0.00962206 0.00881854 0.0080431 0.00729931 0.00659016 0.00591807 0.00528485 0.00469172 0.00413933 0.00362784 0.00315695 0.00272602 0.0023341 0.00198005 0.00166257 0.00138024 0.00113153 0.00091481 0.000728306 0.000570081 0.000438008 0.000329763 0.000242839 0.000174598 0.000122337 8.33787e-05 5.51717e-05 3.53777e-05 2.19429e-05 1.3141e-05 7.5854e-06 4.21324e-06 2.2483e-06 1.15094e-06 5.64435e-07 2.64846e-07 1.18768e-07 5.08509e-08 2.07683e-08 8.08487e-09 2.99795e-09 1.0583e-09 3.55478e-10 1.1357e-10 3.44993e-11 9.96156e-12 2.73342e-12 7.12608e-13 1.76473e-13 4.15055e-14 9.26955e-15 1.96543e-15 3.95567e-16 7.55541e-17 1.36922e-17 2.35371e-18 3.83684e-19 5.92923e-20 8.68292e-21 1.20447e-21 1.58194e-22 1.96616e-23 2.31115e-24 2.56761e-25 2.69405e-26 2.66748e-27 2.4901e-28 2.18933e-29 1.81089e-30 1.40737e-31 1.02625e-32 7.01044e-34 4.47835e-35 2.66666e-36 8.18096e-38 
0 2.55564e-36 4.34215e-35 6.867e-34 1.01566e-32 1.40737e-31 1.82994e-30 2.23582e-29 2.57015e-28 2.78287e-27 2.84106e-26 2.73727e-25 2.49091e-24 2.1425e-23 1.74295e-22 1.34186e-21 9.78157e-21 6.75441e-20 4.41995e-19 2.7419e-18 1.61297e-17 9.00025e-17 4.76475e-16 2.39371e-15 1.14137e-14 5.16626e-14 2.22016e-13 9.05969e-13 3.51095e-12 1.29236e-11 4.51925e-11 1.5016e-10 4.74189e-10 1.42357e-09 4.06428e-09 1.10394e-08 2.85418e-08 7.02831e-08 1.64952e-07 3.69283e-07 7.89347e-07 1.61271e-06 3.15319e-06 5.90796e-06 1.06234e-05 1.8362e-05 3.056e-05 4.90619e-05 7.61228e-05 0.000114369 0.000166722 0.00023629 0.000326248 0.000439726 0.000579716 0.000749022 0.000950253 0.00118585 0.00145812 0.00176932 0.0021217 0.00251749 0.00295889 0.00344802 0.00398683 0.00457695 0.00521957 0.00591534 0.00666419 0.00746533 0.00831714 0.00921715 0.0101621 0.011148 0.01217 0.0132229 0.0143008 0.0153975 0.0165064 0.0176209 0.0187343 0.0198398 0.0209306 0.0220005 0.023043 0.0240522 0.0250225 0.0259485 0.0268252 0.0276482 0.0284131 0.0291163 0.0297543 0.0303242 0.0308232 0.0312492 0.0316003 0.0318749 0.0320719 0.0321904 0.03223 0.0321904 0.0320719 0.0318749 0.0316003 0.0312492 0.0308232 0.0303242 0.0297543 0.0291163 0.0284131 0.0276482 0.0268252 0.0259485 0.0250225 0.0240522 0.023043 0.0220005 0.0209306 0.0198398 0.0187343 0.0176209 0.0165064 0.0153975 0.0143008 0.0132229 0.01217 0.011148 0.0101621 0.00921715 0.00831714 0.00746533 0.00666419 0.00591534 0.00521957 0.00457695 0.00398683 0.00344802 0.00295889 0.00251749 0.0021217 0.00176932 0.00145812 0.00118585 0.000950253 0.000749022 0.000579716 0.000439726 0.000326248 0.00023629 0.000166722 0.000114369 7.61228e-05 4.90619e-05 3.056e-05 1.8362e-05 1.06234e-05 5.90796e-06 3.15319e-06 1.61271e-06 7.89347e-07 3.69283e-07 1.64952e-07 7.02831e-08 2.85418e-08 1.10394e-08 4.06428e-09 1.42357e-09 4.74189e-10 1.5016e-10 4.51925e-11 1.29236e-11 3.51095e-12 9.05969e-13 2.22016e-13 5.16626e-14 1.14137e-14 2.39371e-15 4.76475e-16 9.00025e-17 1.61297e-17 2.7419e-18 4.41995e-19 6.75441e-20 9.78157e-21 1.34186e-21 1.74295e-22 2.1425e-23 2.49091e-24 2.73727e-25 2.84106e-26 2.78287e-27 2.57015e-28 2.23582e-29 1.82994e-30 1.40737e-31 1.01566e-32 6.86696e-34 4.33595e-35 1.42936e-36 
0 4.11122e-35 6.58876e-34 9.84515e-33 1.37834e-31 1.81089e-30 2.23582e-29 2.5974e-28 2.84241e-27 2.93307e-26 2.85654e-25 2.62779e-24 2.28501e-23 1.87939e-22 1.46293e-21 1.07827e-20 7.52879e-20 4.98178e-19 3.12502e-18 1.85892e-17 1.04885e-16 5.61445e-16 2.85182e-15 1.37475e-14 6.29033e-14 2.73225e-13 1.12671e-12 4.41154e-12 1.64023e-11 5.79174e-11 1.94251e-10 6.1893e-10 1.87387e-09 5.39232e-09 1.47536e-08 3.83963e-08 9.5099e-08 2.24301e-07 5.04173e-07 1.08095e-06 2.21288e-06 4.33055e-06 8.11222e-06 1.45676e-05 2.51183e-05 4.16589e-05 6.65819e-05 0.000102753 0.000153434 0.000222161 0.000312594 0.000428377 0.000573015 0.000749814 0.000961875 0.00121215 0.00150352 0.0018389 0.00222131 0.00265391 0.00313996 0.00368274 0.00428537 0.00495068 0.00568094 0.00647772 0.00734172 0.00827261 0.00926899 0.0103284 0.0114472 0.012621 0.0138442 0.0151106 0.0164135 0.0177455 0.0190989 0.0204659 0.0218384 0.0232084 0.0245682 0.0259099 0.0272263 0.0285101 0.0297547 0.0309537 0.0321011 0.0331915 0.0342199 0.0351817 0.0360727 0.0368893 0.0376281 0.0382865 0.0388617 0.0393519 0.0397553 0.0400704 0.0402962 0.040432 0.0404774 0.040432 0.0402962 0.0400704 0.0397553 0.0393519 0.0388617 0.0382865 0.0376281 0.0368893 0.0360727 0.0351817 0.0342199 0.0331915 0.0321011 0.0309537 0.0297547 0.0285101 0.0272263 0.0259099 0.0245682 0.0232084 0.0218384 0.0204659 0.0190989 0.0177455 0.0164135 0.0151106 0.0138442 0.012621 0.0114472 0.0103284 0.00926899 0.00827261 0.00734172 0.00647772 0.00568094 0.00495068 0.00428537 0.00368274 0.00313996 0.00265391 0.00222131 0.0018389 0.00150352 0.00121215 0.000961875 0.000749814 0.000573015 0.000428377 0.000312594 0.000222161 0.000153434 0.000102753 6.65819e-05 4.16589e-05 2.51183e-05 1.45676e-05 8.11222e-06 4.33055e-06 2.21288e-06 1.08095e-06 5.04173e-07 2.24301e-07 9.5099e-08 3.83963e-08 1.47536e-08 5.39232e-09 1.87387e-09 6.1893e-10 1.94251e-10 5.79174e-11 1.64023e-11 4.41154e-12 1.12671e-12 2.73225e-13 6.29033e-14 1.37475e-14 2.85182e-15 5.61445e-16 1.04885e-16 1.85892e-17 3.12502e-18 4.98178e-19 7.52879e-20 1.07827e-20 1.46293e-21 1.87939e-22 2.28501e-23 2.62779e-24 2.85654e-25 2.93307e-26 2.84241e-27 2.5974e-28 2.23582e-29 1.81089e-30 1.37834e-31 9.84509e-33 6.57831e-34 2.32528e-35 
0 6.17029e-34 9.34701e-33 1.32205e-31 1.75492e-30 2.18933e-29 2.57015e-28 2.84241e-27 2.9644e-26 2.9181e-25 2.71348e-24 2.38524e-23 1.98331e-22 1.56082e-21 1.16314e-20 8.2115e-20 5.49397e-19 3.48472e-18 2.09598e-17 1.19577e-16 6.472e-16 3.32373e-15 1.61983e-14 7.49234e-14 3.28932e-13 1.37078e-12 5.42287e-12 2.03667e-11 7.26227e-11 2.4588e-10 7.90538e-10 2.414e-09 7.0025e-09 1.93014e-08 5.05699e-08 1.25995e-07 2.98684e-07 6.74154e-07 1.44993e-06 2.97436e-06 5.82623e-06 1.09117e-05 1.95677e-05 3.36547e-05 5.56143e-05 8.84732e-05 0.000135777 0.000201463 0.000289679 0.000404603 0.000550286 0.00073056 0.000949037 0.00120918 0.00151446 0.00186846 0.00227505 0.0027384 0.003263 0.00385344 0.00451427 0.0052497 0.00606329 0.00695771 0.0079345 0.00899387 0.0101347 0.0113544 0.0126491 0.0140136 0.0154419 0.0169267 0.0184602 0.0200339 0.021639 0.0232664 0.0249068 0.0265511 0.0281901 0.029815 0.0314172 0.0329884 0.0345207 0.0360069 0.0374401 0.0388138 0.0401224 0.0413604 0.0425231 0.0436064 0.0446063 0.0455197 0.0463438 0.047076 0.0477144 0.0482572 0.0487031 0.049051 0.0493001 0.0494497 0.0494997 0.0494497 0.0493001 0.049051 0.0487031 0.0482572 0.0477144 0.047076 0.0463438 0.0455197 0.0446063 0.0436064 0.0425231 0.0413604 0.0401224 0.0388138 0.0374401 0.0360069 0.0345207 0.0329884 0.0314172 0.029815 0.0281901 0.0265511 0.0249068 0.0232664 0.021639 0.0200339 0.0184602 0.0169267 0.0154419 0.0140136 0.0126491 0.0113544 0.0101347 0.00899387 0.0079345 0.00695771 0.00606329 0.0052497 0.00451427 0.00385344 0.003263 0.0027384 0.00227505 0.00186846 0.00151446 0.00120918 0.000949037 0.00073056 0.000550286 0.000404603 0.000289679 0.000201463 0.000135777 8.84732e-05 5.56143e-05 3.36547e-05 1.95677e-05 1.09117e-05 5.82623e-06 2.97436e-06 1.44993e-06 6.74154e-07 2.98684e-07 1.25995e-07 5.05699e-08 1.93014e-08 7.0025e-09 2.414e-09 7.90538e-10 2.4588e-10 7.26227e-11 2.03667e-11 5.42287e-12 1.37078e-12 3.28932e-13 7.49234e-14 1.61983e-14 3.32373e-15 6.472e-16 1.19577e-16 2.09598e-17 3.48472e-18 5.49397e-19 8.2115e-20 1.16314e-20 1.56082e-21 1.98331e-22 2.38524e-23 2.71348e-24 2.9181e-25 2.9644e-26 2.84241e-27 2.57015e-28 2.18933e-29 1.75492e-30 1.32204e-31 9.33061e-33 3.52996e-34 
0 8.65682e-33 1.24187e-31 1.66544e-30 2.09922e-29 2.4901e-28 2.78287e-27 2.93307e-26 2.9181e-25 2.74266e-24 2.43698e-23 2.04839e-22 1.62968e-21 1.22781e-20 8.76372e-20 5.92835e-19 3.80195e-18 2.31218e-17 1.33375e-16 7.29874e-16 3.78966e-15 1.86716e-14 8.73027e-14 3.87403e-13 1.63157e-12 6.52179e-12 2.47433e-11 8.91018e-11 3.04558e-10 9.88173e-10 3.04377e-09 8.90155e-09 2.47215e-08 6.52162e-08 1.63478e-07 3.89573e-07 8.83077e-07 1.90548e-06 3.91738e-06 7.68128e-06 1.43834e-05 2.5758e-05 4.41873e-05 7.2748e-05 0.000115177 0.00017575 0.000259083 0.000369903 0.000512836 0.000692275 0.000912355 0.00117705 0.00149038 0.0018566 0.00228043 0.00276714 0.00332252 0.00395269 0.00466383 0.00546176 0.00635154 0.00733713 0.00842103 0.0096041 0.0108855 0.0122625 0.0137311 0.0152854 0.0169185 0.0186224 0.020388 0.0222059 0.024066 0.025958 0.0278714 0.0297956 0.0317202 0.0336351 0.0355303 0.0373964 0.0392242 0.0410054 0.0427319 0.0443966 0.0459928 0.0475144 0.0489563 0.0503138 0.0515826 0.0527595 0.0538414 0.0548259 0.0557109 0.0564948 0.0571764 0.0577545 0.0582284 0.0585975 0.0588614 0.0590199 0.0590727 0.0590199 0.0588614 0.0585975 0.0582284 0.0577545 0.0571764 0.0564948 0.0557109 0.0548259 0.0538414 0.0527595 0.0515826 0.0503138 0.0489563 0.0475144 0.0459928 0.0443966 0.0427319 0.0410054 0.0392242 0.0373964 0.0355303 0.0336351 0.0317202 0.0297956 0.0278714 0.025958 0.024066 0.0222059 0.020388 0.0186224 0.0169185 0.0152854 0.0137311 0.0122625 0.0108855 0.0096041 0.00842103 0.00733713 0.00635154 0.00546176 0.00466383 0.00395269 0.00332252 0.00276714 0.00228043 0.0018566 0.00149038 0.00117705 0.000912355 0.000692275 0.000512836 0.000369903 0.000259083 0.00017575 0.000115177 7.2748e-05 4.41873e-05 2.5758e-05 1.43834e-05 7.68128e-06 3.91738e-06 1.90548e-06 8.83077e-07 3.89573e-07 1.63478e-07 6.52162e-08 2.47215e-08 8.90155e-09 3.04377e-09 9.88173e-10 3.04558e-10 8.91018e-11 2.47433e-11 6.52179e-12 1.63157e-12 3.87403e-13 8.73027e-14 1.86716e-14 3.78966e-15 7.29874e-16 1.33375e-16 2.31218e-17 3.80195e-18 5.92835e-19 8.76372e-20 1.22781e-20 1.62968e-21 2.04839e-22 2.43698e-23 2.74266e-24 2.9181e-25 2.93307e-26 2.78287e-27 2.4901e-28 2.09922e-29 1.66542e-30 1.23947e-31 5.01047e-33 
0 1.13734e-31 1.54772e-30 1.97094e-29 2.36217e-28 2.66748e-27 2.84106e-26 2.85654e-25 2.71348e-24 2.43698e-23 2.07056e-22 1.66524e-21 1.26832e-20 9.15227e-20 6.25942e-19 4.05861e-18 2.49557e-17 1.45547e-16 8.05282e-16 4.22726e-15 2.10559e-14 9.95223e-14 4.46385e-13 1.89997e-12 7.67405e-12 2.9413e-11 1.06974e-10 3.69177e-10 1.20895e-09 3.75671e-09 1.10779e-08 3.10035e-08 8.23647e-08 2.07762e-07 4.9779e-07 1.13343e-06 2.45412e-06 5.05704e-06 9.9273e-06 1.85876e-05 3.32426e-05 5.68804e-05 9.32935e-05 0.000146989 0.000222992 0.000326572 0.000462961 0.000637153 0.000853831 0.00111747 0.00143258 0.00180403 0.00223734 0.00273885 0.00331575 0.0039758 0.00472699 0.00557701 0.00653266 0.00759937 0.0087808 0.0100786 0.0114922 0.0130191 0.0146548 0.0163931 0.0182261 0.0201451 0.0221401 0.0242004 0.0263149 0.028472 0.0306596 0.0328659 0.0350789 0.0372867 0.0394781 0.0416417 0.0437673 0.0458448 0.0478652 0.04982 0.0517017 0.0535037 0.0552201 0.0568458 0.0583768 0.0598095 0.0611411 0.0623696 0.0634933 0.064511 0.065422 0.0662258 0.0669222 0.0675112 0.0679928 0.0683672 0.0686344 0.0687947 0.0688482 0.0687947 0.0686344 0.0683672 0.0679928 0.0675112 0.0669222 0.0662258 0.065422 0.064511 0.0634933 0.0623696 0.0611411 0.0598095 0.0583768 0.0568458 0.0552201 0.0535037 0.0517017 0.04982 0.0478652 0.0458448 0.0437673 0.0416417 0.0394781 0.0372867 0.0350789 0.0328659 0.0306596 0.028472 0.0263149 0.0242004 0.0221401 0.0201451 0.0182261 0.0163931 0.0146548 0.0130191 0.0114922 0.0100786 0.0087808 0.00759937 0.00653266 0.00557701 0.00472699 0.0039758 0.00331575 0.00273885 0.00223734 0.00180403 0.00143258 0.00111747 0.000853831 0.000637153 0.000462961 0.000326572 0.000222992 0.000146989 9.32935e-05 5.68804e-05 3.32426e-05 1.85876e-05 9.9273e-06 5.05704e-06 2.45412e-06 1.13343e-06 4.9779e-07 2.07762e-07 8.23647e-08 3.10035e-08 1.10779e-08 3.75671e-09 1.20895e-09 3.69177e-10 1.06974e-10 2.9413e-11 7.67405e-12 1.89997e-12 4.46385e-13 9.95223e-14 2.10559e-14 4.22726e-15 8.05282e-16 1.45547e-16 2.49557e-17 4.05861e-18 6.25942e-19 9.15227e-20 1.26832e-20 1.66524e-21 2.07056e-22 2.43698e-23 2.71348e-24 2.85654e-25 2.84106e-26 2.66748e-27 2.36217e-28 1.97092e-29 1.54445e-30 6.66146e-32 
0 1.40148e-30 1.81193e-29 2.194e-28 2.50328e-27 2.69405e-26 2.73727e-25 2.62779e-24 2.38524e-23 2.04839e-22 1.66524e-21 1.28212e-20 9.35294e-20 6.46684e-19 4.23924e-18 2.63538e-17 1.55397e-16 8.69259e-16 4.6133e-15 2.32306e-14 1.10997e-13 5.03224e-13 2.16474e-12 8.83533e-12 3.42128e-11 1.25682e-10 4.3797e-10 1.4477e-09 4.53897e-09 1.34981e-08 3.80753e-08 1.01884e-07 2.58667e-07 6.2325e-07 1.42576e-06 3.09834e-06 6.40064e-06 1.25815e-05 2.35586e-05 4.20809e-05 7.18226e-05 0.000117361 0.000184012 0.000277536 0.000403791 0.000568426 0.000776718 0.00103364 0.00134416 0.0017136 0.00214817 0.00265518 0.00324317 0.00392163 0.00470054 0.00558963 0.00659773 0.00773199 0.00899746 0.0103967 0.0119298 0.0135943 0.0153856 0.017297 0.0193204 0.021446 0.0236632 0.0259603 0.0283248 0.0307438 0.0332037 0.0356908 0.0381913 0.0406915 0.0431777 0.045637 0.0480569 0.0504258 0.0527329 0.0549686 0.0571242 0.0591924 0.0611666 0.0630418 0.0648137 0.0664791 0.0680356 0.0694819 0.070817 0.0720407 0.0731532 0.0741552 0.0750475 0.0758311 0.0765073 0.0770771 0.0775416 0.0779018 0.0781585 0.0783122 0.0783634 0.0783122 0.0781585 0.0779018 0.0775416 0.0770771 0.0765073 0.0758311 0.0750475 0.0741552 0.0731532 0.0720407 0.070817 0.0694819 0.0680356 0.0664791 0.0648137 0.0630418 0.0611666 0.0591924 0.0571242 0.0549686 0.0527329 0.0504258 0.0480569 0.045637 0.0431777 0.0406915 0.0381913 0.0356908 0.0332037 0.0307438 0.0283248 0.0259603 0.0236632 0.021446 0.0193204 0.017297 0.0153856 0.0135943 0.0119298 0.0103967 0.00899746 0.00773199 0.00659773 0.00558963 0.00470054 0.00392163 0.00324317 0.00265518 0.00214817 0.0017136 0.00134416 0.00103364 0.000776718 0.000568426 0.000403791 0.000277536 0.000184012 0.000117361 7.18226e-05 4.20809e-05 2.35586e-05 1.25815e-05 6.40064e-06 3.09834e-06 1.42576e-06 6.2325e-07 2.58667e-07 1.01884e-07 3.80753e-08 1.34981e-08 4.53897e-09 1.4477e-09 4.3797e-10 1.25682e-10 3.42128e-11 8.83533e-12 2.16474e-12 5.03224e-13 1.10997e-13 2.32306e-14 4.6133e-15 8.69259e-16 1.55397e-16 2.63538e-17 4.23924e-18 6.46684e-19 9.35294e-20 1.28212e-20 1.66524e-21 2.04839e-22 2.38524e-23 2.62779e-24 2.73727e-25 2.69405e-26 2.50327e-27 2.19397e-28 1.80774e-29 8.30864e-31 
0 1.62204e-29 1.99513e-28 2.2999e-27 2.50089e-26 2.56761e-25 2.49091e-24 2.28501e-23 1.98331e-22 1.62968e-21 1.26832e-20 9.35294e-20 6.53749e-19 4.33254e-18 2.72298e-17 1.62329e-16 9.18034e-16 4.92571e-15 2.50755e-14 1.21118e-13 5.55048e-13 2.41323e-12 9.95353e-12 3.89425e-11 1.44507e-10 5.08538e-10 1.69697e-09 5.36903e-09 1.61046e-08 4.57952e-08 1.23455e-07 3.15534e-07 7.6474e-07 1.75808e-06 3.83541e-06 7.9452e-06 1.56416e-05 2.9296e-05 5.22732e-05 8.90056e-05 0.000144908 0.000226115 0.000339079 0.000490154 0.000685299 0.000930035 0.00122971 0.00159002 0.0020176 0.00252055 0.00310859 0.00379291 0.00458555 0.00549855 0.00654297 0.00772802 0.0090604 0.0105439 0.0121793 0.0139647 0.0158954 0.0179648 0.0201644 0.0224839 0.0249121 0.0274364 0.030043 0.0327174 0.0354443 0.0382078 0.0409916 0.0437795 0.0465553 0.0493034 0.052009 0.0546582 0.0572385 0.0597385 0.0621483 0.0644598 0.0666659 0.0687613 0.0707419 0.0726051 0.074349 0.0759733 0.077478 0.0788642 0.0801336 0.0812882 0.0823303 0.0832625 0.0840875 0.084808 0.0854265 0.0859455 0.086367 0.0866928 0.0869245 0.0870631 0.0871092 0.0870631 0.0869245 0.0866928 0.086367 0.0859455 0.0854265 0.084808 0.0840875 0.0832625 0.0823303 0.0812882 0.0801336 0.0788642 0.077478 0.0759733 0.074349 0.0726051 0.0707419 0.0687613 0.0666659 0.0644598 0.0621483 0.0597385 0.0572385 0.0546582 0.052009 0.0493034 0.0465553 0.0437795 0.0409916 0.0382078 0.0354443 0.0327174 0.030043 0.0274364 0.0249121 0.0224839 0.0201644 0.0179648 0.0158954 0.0139647 0.0121793 0.0105439 0.0090604 0.00772802 0.00654297 0.00549855 0.00458555 0.00379291 0.00310859 0.00252055 0.0020176 0.00159002 0.00122971 0.000930035 0.000685299 0.000490154 0.000339079 0.000226115 0.000144908 8.90056e-05 5.22732e-05 2.9296e-05 1.56416e-05 7.9452e-06 3.83541e-06 1.75808e-06 7.6474e-07 3.15534e-07 1.23455e-07 4.57952e-08 1.61046e-08 5.36903e-09 1.69697e-09 5.08538e-10 1.44507e-10 3.89425e-11 9.95353e-12 2.41323e-12 5.55048e-13 1.21118e-13 2.50755e-14 4.92571e-15 9.18034e-16 1.62329e-16 2.72298e-17 4.33254e-18 6.53749e-19 9.35294e-20 1.26832e-20 1.62968e-21 1.98331e-22 2.28501e-23 2.49091e-24 2.56761e-25 2.50089e-26 2.29987e-27 1.99012e-28 9.73592e-30 
0 1.76548e-28 2.06861e-27 2.27269e-26 2.3576e-25 2.31115e-24 2.1425e-23 1.87939e-22 1.56082e-21 1.22781e-20 9.15227e-20 6.46684e-19 4.33254e-18 2.75282e-17 1.6591e-16 9.48598e-16 5.14561e-15 2.6482e-14 1.29307e-13 5.99004e-13 2.63232e-12 1.09724e-11 4.33772e-11 1.62611e-10 5.77955e-10 1.94724e-09 6.21801e-09 1.88158e-08 5.39488e-08 1.46552e-07 3.77176e-07 9.19756e-07 2.12549e-06 4.65636e-06 9.67525e-06 1.90821e-05 3.5758e-05 6.37495e-05 0.000108308 0.000175718 0.000272916 0.000406971 0.000584624 0.000812052 0.00109503 0.00143948 0.00185225 0.00234184 0.0029189 0.0035961 0.00438753 0.00530768 0.00637016 0.00758657 0.00896562 0.0105126 0.0122295 0.0141149 0.0161648 0.0183727 0.0207301 0.0232268 0.0258509 0.028589 0.0314263 0.0343464 0.0373318 0.0403639 0.0434235 0.0464911 0.0495475 0.0525739 0.0555525 0.0584669 0.0613022 0.0640454 0.0666852 0.0692123 0.0716194 0.0739008 0.0760529 0.0780732 0.0799612 0.0817171 0.0833425 0.0848399 0.0862125 0.087464 0.0885986 0.0896207 0.0905348 0.0913455 0.0920572 0.0926742 0.0932003 0.0936391 0.0939937 0.0942667 0.0944602 0.0945757 0.0946141 0.0945757 0.0944602 0.0942667 0.0939937 0.0936391 0.0932003 0.0926742 0.0920572 0.0913455 0.0905348 0.0896207 0.0885986 0.087464 0.0862125 0.0848399 0.0833425 0.0817171 0.0799612 0.0780732 0.0760529 0.0739008 0.0716194 0.0692123 0.0666852 0.0640454 0.0613022 0.0584669 0.0555525 0.0525739 0.0495475 0.0464911 0.0434235 0.0403639 0.0373318 0.0343464 0.0314263 0.028589 0.0258509 0.0232268 0.0207301 0.0183727 0.0161648 0.0141149 0.0122295 0.0105126 0.00896562 0.00758657 0.00637016 0.00530768 0.00438753 0.0035961 0.0029189 0.00234184 0.00185225 0.00143948 0.00109503 0.000812052 0.000584624 0.000406971 0.000272916 0.000175718 0.000108308 6.37495e-05 3.5758e-05 1.90821e-05 9.67525e-06 4.65636e-06 2.12549e-06 9.19756e-07 3.77176e-07 1.46552e-07 5.39488e-08 1.88158e-08 6.21801e-09 1.94724e-09 5.77955e-10 1.62611e-10 4.33772e-11 1.09724e-11 2.63232e-12 5.99004e-13 1.29307e-13 2.6482e-14 5.14561e-15 9.48598e-16 1.6591e-16 2.75282e-17 4.33254e-18 6.46684e-19 9.15227e-20 1.22781e-20 1.56082e-21 1.87939e-22 2.1425e-23 2.31115e-24 2.35759e-25 2.27265e-26 2.06298e-27 1.07317e-28 
0 1.80921e-27 2.02168e-26 2.11899e-25 2.09889e-24 1.96616e-23 1.74295e-22 1.46293e-21 1.16314e-20 8.76372e-20 6.25942e-19 4.23924e-18 2.72298e-17 1.6591e-16 9.5901e-16 5.2592e-15 2.73634e-14 1.35071e-13 6.32507e-13 2.80954e-12 1.18361e-11 4.72842e-11 1.79089e-10 6.42946e-10 2.18744e-09 7.051e-09 2.1529e-08 6.22537e-08 1.70452e-07 4.41862e-07 1.08444e-06 2.51993e-06 5.5454e-06 1.15615e-05 2.28511e-05 4.2856e-05 7.63613e-05 0.000129484 0.000209391 0.000323775 0.000480225 0.000685752 0.000946699 0.0012692 0.00166006 0.00212781 0.00268351 0.00334094 0.00411606 0.00502586 0.00608675 0.0073131 0.00871605 0.0103029 0.012077 0.0140382 0.0161831 0.0185061 0.020999 0.023652 0.026453 0.0293881 0.0324411 0.0355937 0.0388258 0.0421157 0.0454406 0.0487774 0.0521028 0.0553946 0.0586316 0.0617945 0.0648658 0.0678305 0.0706757 0.0733912 0.0759689 0.078403 0.0806898 0.0828277 0.0848166 0.086658 0.0883547 0.0899108 0.091331 0.092621 0.0937868 0.0948349 0.0957719 0.0966045 0.0973393 0.0979826 0.0985405 0.0990185 0.0994219 0.0997553 0.100022 0.100227 0.100371 0.100456 0.100485 0.100456 0.100371 0.100227 0.100022 0.0997553 0.0994219 0.0990185 0.0985405 0.0979826 0.0973393 0.0966045 0.0957719 0.0948349 0.0937868 0.092621 0.091331 0.0899108 0.0883547 0.086658 0.0848166 0.0828277 0.0806898 0.078403 0.0759689 0.0733912 0.0706757 0.0678305 0.0648658 0.0617945 0.0586316 0.0553946 0.0521028 0.0487774 0.0454406 0.0421157 0.0388258 0.0355937 0.0324411 0.0293881 0.026453 0.023652 0.020999 0.0185061 0.0161831 0.0140382 0.012077 0.0103029 0.00871605 0.0073131 0.00608675 0.00502586 0.00411606 0.00334094 0.00268351 0.00212781 0.00166006 0.0012692 0.000946699 0.000685752 0.000480225 0.000323775 0.000209391 0.000129484 7.63613e-05 4.2856e-05 2.28511e-05 1.15615e-05 5.5454e-06 2.51993e-06 1.08444e-06 4.41862e-07 1.70452e-07 6.22537e-08 2.1529e-08 7.051e-09 2.18744e-09 6.42946e-10 1.79089e-10 4.72842e-11 1.18361e-11 2.80954e-12 6.32507e-13 1.35071e-13 2.73634e-14 5.2592e-15 9.5901e-16 1.6591e-16 2.72298e-17 4.23924e-18 6.25942e-19 8.76372e-20 1.16314e-20 1.46293e-21 1.74295e-22 1.96616e-23 2.09889e-24 2.11894e-25 2.01574e-26 1.11405e-27 
0 1.74739e-26 1.86412e-25 1.86567e-24 1.76595e-23 1.58194e-22 1.34186e-21 1.07827e-20 8.2115e-20 5.92835e-19 4.05861e-18 2.63538e-17 1.62329e-16 9.48598e-16 5.2592e-15 2.76636e-14 1.38048e-13 6.53498e-13 2.93424e-12 1.24942e-11 5.04426e-11 1.93045e-10 7.00133e-10 2.4057e-09 7.82917e-09 2.41255e-08 7.03724e-08 1.94259e-07 5.0737e-07 1.25363e-06 2.93023e-06 6.4798e-06 1.35604e-05 2.68697e-05 5.04529e-05 8.98802e-05 0.000152164 0.000245345 0.000377808 0.000557551 0.000791749 0.00108692 0.00144973 0.00188835 0.00241362 0.00303979 0.00378426 0.00466636 0.0057055 0.00691921 0.00832159 0.00992237 0.0117269 0.0137364 0.015949 0.0183599 0.0209622 0.0237467 0.0267017 0.0298128 0.0330628 0.0364312 0.0398951 0.0434292 0.0470066 0.0506 0.0541819 0.0577259 0.0612073 0.0646033 0.0678938 0.0710615 0.0740916 0.0769726 0.0796954 0.0822539 0.0846441 0.0868647 0.0889162 0.0908011 0.0925233 0.0940883 0.0955027 0.096774 0.0979104 0.0989203 0.0998129 0.100597 0.101282 0.101876 0.102387 0.102825 0.103195 0.103505 0.103761 0.103969 0.104132 0.104255 0.104341 0.104391 0.104408 0.104391 0.104341 0.104255 0.104132 0.103969 0.103761 0.103505 0.103195 0.102825 0.102387 0.101876 0.101282 0.100597 0.0998129 0.0989203 0.0979104 0.096774 0.0955027 0.0940883 0.0925233 0.0908011 0.0889162 0.0868647 0.0846441 0.0822539 0.0796954 0.0769726 0.0740916 0.0710615 0.0678938 0.0646033 0.0612073 0.0577259 0.0541819 0.0506 0.0470066 0.0434292 0.0398951 0.0364312 0.0330628 0.0298128 0.0267017 0.0237467 0.0209622 0.0183599 0.015949 0.0137364 0.0117269 0.00992237 0.00832159 0.00691921 0.0057055 0.00466636 0.00378426 0.00303979 0.00241362 0.00188835 0.00144973 0.00108692 0.000791749 0.000557551 0.000377808 0.000245345 0.000152164 8.98802e-05 5.04529e-05 2.68697e-05 1.35604e-05 6.4798e-06 2.93023e-06 1.25363e-06 5.0737e-07 1.94259e-07 7.03724e-08 2.41255e-08 7.82917e-09 2.4057e-09 7.00133e-10 1.93045e-10 5.04426e-11 1.24942e-11 2.93424e-12 6.53498e-13 1.38048e-13 2.76636e-14 5.2592e-15 9.48598e-16 1.62329e-16 2.63538e-17 4.05861e-18 5.92835e-19 8.2115e-20 1.07827e-20 1.34186e-21 1.58194e-22 1.76595e-23 1.86562e-24 1.85822e-25 1.09028e-26 
0 1.59208e-25 1.62302e-24 1.55233e-23 1.40515e-22 1.20447e-21 9.78157e-21 7.52879e-20 5.49397e-19 3.80195e-18 2.49557e-17 1.55397e-16 9.18034e-16 5.14561e-15 2.73634e-14 1.38048e-13 6.60648e-13 2.99864e-12 1.29064e-11 5.2664e-11 2.03671e-10 7.46318e-10 2.59032e-09 8.51267e-09 2.64794e-08 7.79334e-08 2.16953e-07 5.71086e-07 1.4211e-06 3.34247e-06 7.4305e-06 1.56151e-05 3.10328e-05 5.83654e-05 0.000104001 0.000175863 0.000282838 0.000433924 0.000637415 0.000900578 0.00123016 0.0016337 0.00212121 0.00270657 0.00340778 0.00424608 0.00524386 0.00642217 0.00779861 0.009386 0.0111921 0.0132202 0.0154701 0.0179386 0.0206204 0.0235076 0.0265894 0.0298516 0.0332757 0.0368396 0.0405171 0.0442791 0.0480944 0.051931 0.0557569 0.0595413 0.0632554 0.0668731 0.0703709 0.0737287 0.0769298 0.0799604 0.0828103 0.0854721 0.0879415 0.0902168 0.092299 0.0941911 0.0958984 0.0974278 0.0987875 0.0999873 0.101037 0.101949 0.102733 0.103402 0.103967 0.104439 0.10483 0.105149 0.105406 0.105611 0.105771 0.105895 0.105989 0.106058 0.106108 0.106143 0.106165 0.106178 0.106182 0.106178 0.106165 0.106143 0.106108 0.106058 0.105989 0.105895 0.105771 0.105611 0.105406 0.105149 0.10483 0.104439 0.103967 0.103402 0.102733 0.101949 0.101037 0.0999873 0.0987875 0.0974278 0.0958984 0.0941911 0.092299 0.0902168 0.0879415 0.0854721 0.0828103 0.0799604 0.0769298 0.0737287 0.0703709 0.0668731 0.0632554 0.0595413 0.0557569 0.051931 0.0480944 0.0442791 0.0405171 0.0368396 0.0332757 0.0298516 0.0265894 0.0235076 0.0206204 0.0179386 0.0154701 0.0132202 0.0111921 0.009386 0.00779861 0.00642217 0.00524386 0.00424608 0.00340778 0.00270657 0.00212121 0.0016337 0.00123016 0.000900578 0.000637415 0.000433924 0.000282838 0.000175863 0.000104001 5.83654e-05 3.10328e-05 1.56151e-05 7.4305e-06 3.34247e-06 1.4211e-06 5.71086e-07 2.16953e-07 7.79334e-08 2.64794e-08 8.51267e-09 2.59032e-09 7.46318e-10 2.03671e-10 5.2664e-11 1.29064e-11 2.99864e-12 6.60648e-13 1.38048e-13 2.73634e-14 5.14561e-15 9.18034e-16 1.55397e-16 2.49557e-17 3.80195e-18 5.49397e-19 7.52879e-20 9.78157e-21 1.20447e-21 1.40515e-22 1.55228e-23 1.61751e-24 1.00687e-25 
0 1.36955e-24 1.33534e-23 1.22143e-22 1.05799e-21 8.68292e-21 6.75441e-20 4.98178e-19 3.48472e-18 2.31218e-17 1.45547e-16 8.69259e-16 4.92571e-15 2.6482e-14 1.35071e-13 6.53498e-13 2.99864e-12 1.30468e-11 5.38109e-11 2.10325e-10 7.78779e-10 2.73074e-09 9.06389e-09 2.84665e-08 8.45573e-08 2.37456e-07 6.30168e-07 1.57985e-06 3.74065e-06 8.36334e-06 1.76574e-05 3.5213e-05 6.63697e-05 0.000118352 0.000199995 0.000320993 0.00049087 0.000718114 0.00101005 0.00137379 0.00181812 0.00235554 0.00300355 0.00378434 0.00472289 0.00584397 0.00716928 0.00871541 0.0104932 0.0125085 0.0147631 0.017256 0.019984 0.0229412 0.0261185 0.0295021 0.0330734 0.0368083 0.0406777 0.0446488 0.0486857 0.0527516 0.0568098 0.060825 0.064764 0.0685966 0.0722957 0.0758379 0.0792033 0.0823757 0.0853425 0.0880947 0.0906267 0.0929364 0.0950246 0.0968951 0.0985542 0.10001 0.101274 0.102358 0.103273 0.104035 0.104657 0.105155 0.105541 0.10583 0.106035 0.106171 0.106247 0.106276 0.106268 0.106233 0.106179 0.106114 0.106044 0.105976 0.105913 0.10586 0.10582 0.105796 0.105787 0.105796 0.10582 0.10586 0.105913 0.105976 0.106044 0.106114 0.106179 0.106233 0.106268 0.106276 0.106247 0.106171 0.106035 0.10583 0.105541 0.105155 0.104657 0.104035 0.103273 0.102358 0.101274 0.10001 0.0985542 0.0968951 0.0950246 0.0929364 0.0906267 0.0880947 0.0853425 0.0823757 0.0792033 0.0758379 0.0722957 0.0685966 0.064764 0.060825 0.0568098 0.0527516 0.0486857 0.0446488 0.0406777 0.0368083 0.0330734 0.0295021 0.0261185 0.0229412 0.019984 0.017256 0.0147631 0.0125085 0.0104932 0.00871541 0.00716928 0.00584397 0.00472289 0.00378434 0.00300355 0.00235554 0.00181812 0.00137379 0.00101005 0.000718114 0.00049087 0.000320993 0.000199995 0.000118352 6.63697e-05 3.5213e-05 1.76574e-05 8.36334e-06 3.74065e-06 1.57985e-06 6.30168e-07 2.37456e-07 8.45573e-08 2.84665e-08 9.06389e-09 2.73074e-09 7.78779e-10 2.10325e-10 5.38109e-11 1.30468e-11 2.99864e-12 6.53498e-13 1.35071e-13 2.6482e-14 4.92571e-15 8.69259e-16 1.45547e-16 2.31218e-17 3.48472e-18 4.98178e-19 6.75441e-20 8.68292e-21 1.05799e-21 1.22138e-22 1.33049e-23 8.78191e-25 
0 1.11317e-23 1.0389e-22 9.09387e-22 7.54202e-21 5.92923e-20 4.41995e-19 3.12502e-18 2.09598e-17 1.33375e-16 8.05282e-16 4.6133e-15 2.50755e-14 1.29307e-13 6.32507e-13 2.93424e-12 1.29064e-11 5.38109e-11 2.1259e-10 7.95533e-10 2.81861e-09 9.45093e-09 2.99758e-08 8.98887e-08 2.54718e-07 6.81742e-07 1.72261e-06 4.10766e-06 9.24095e-06 1.96113e-05 3.92665e-05 7.4211e-05 0.000132512 0.000223901 0.000358837 0.000547287 0.000797854 0.00111792 0.00151517 0.00200008 0.00258824 0.00330134 0.00416589 0.00521017 0.00646045 0.00793791 0.00965736 0.0116276 0.013853 0.016335 0.019073 0.0220638 0.0253008 0.0287718 0.0324584 0.0363356 0.0403716 0.0445297 0.04877 0.0530508 0.0573305 0.0615689 0.0657284 0.0697741 0.0736746 0.0774022 0.0809329 0.0842468 0.0873284 0.0901659 0.0927522 0.0950841 0.0971624 0.0989914 0.100579 0.101935 0.103073 0.104007 0.104753 0.105328 0.105749 0.106034 0.106199 0.106261 0.106237 0.10614 0.105987 0.10579 0.10556 0.105311 0.105051 0.104789 0.104535 0.104294 0.104074 0.103878 0.103713 0.103581 0.103484 0.103425 0.103406 0.103425 0.103484 0.103581 0.103713 0.103878 0.104074 0.104294 0.104535 0.104789 0.105051 0.105311 0.10556 0.10579 0.105987 0.10614 0.106237 0.106261 0.106199 0.106034 0.105749 0.105328 0.104753 0.104007 0.103073 0.101935 0.100579 0.0989914 0.0971624 0.0950841 0.0927522 0.0901659 0.0873284 0.0842468 0.0809329 0.0774022 0.0736746 0.0697741 0.0657284 0.0615689 0.0573305 0.0530508 0.04877 0.0445297 0.0403716 0.0363356 0.0324584 0.0287718 0.0253008 0.0220638 0.019073 0.016335 0.013853 0.0116276 0.00965736 0.00793791 0.00646045 0.00521017 0.00416589 0.00330134 0.00258824 0.00200008 0.00151517 0.00111792 0.000797854 0.000547287 0.000358837 0.000223901 0.000132512 7.4211e-05 3.92665e-05 1.96113e-05 9.24095e-06 4.10766e-06 1.72261e-06 6.81742e-07 2.54718e-07 8.98887e-08 2.99758e-08 9.45093e-09 2.81861e-09 7.95533e-10 2.1259e-10 5.38109e-11 1.29064e-11 2.93424e-12 6.32507e-13 1.29307e-13 2.50755e-14 4.6133e-15 8.05282e-16 1.33375e-16 2.09598e-17 3.12502e-18 4.41995e-19 5.92923e-20 7.54201e-21 9.09347e-22 1.03488e-22 7.23955e-24 
