0 0 0 0 0 0 0 0 0 0 0 0 0 0 0 0 0 0 0 0 0 0 0 0 0 0 0 0 0 0 0 0 0 0 0 0 0 0 0 0 0 0 0 0 0 0 0 0 0 0 0 0 0 0 0 0 0 0 0 0 0 0 0 0 0 0 0 0 0 0 0 0 0 0 0 0 0 0 0 0 0 0 0 0 0 0 0 0 0 0 0 0 0 0 0 0 0 0 0 0 0 0 0 0 0 0 0 0 0 0 0 0 0 0 0 0 0 0 0 0 0 0 0 0 0 0 0 0 0 0 0 0 0 0 0 0 0 0 0 0 0 0 0 0 0 0 0 0 0 0 0 0 0 0 0 0 0 0 0 0 0 0 0 0 0 0 0 0 0 0 0 0 0 0 0 0 0 0 0 0 0 0 0 0 0 0 0 0 0 0 0 0 0 0 0 0 0 0 0 0 
0 4.59896e-32 5.73086e-31 6.69999e-30 7.39623e-29 7.71712e-28 7.61695e-27 7.11744e-26 6.30063e-25 5.2873e-24 4.20838e-23 3.17865e-22 2.27935e-21 1.55235e-20 1.00446e-19 6.1768e-19 3.61081e-18 2.00703e-17 1.06096e-16 5.33479e-16 2.55195e-15 1.1615e-14 5.03056e-14 2.07352e-13 8.13471e-13 3.03786e-12 1.08004e-11 3.65605e-11 1.17859e-10 3.61888e-10 1.05865e-09 2.95137e-09 7.84406e-09 1.98834e-08 4.80946e-08 1.11075e-07 2.45107e-07 5.17207e-07 1.04458e-06 2.02134e-06 3.7519e-06 6.68844e-06 1.14671e-05 1.89356e-05 3.01629e-05 4.6425e-05 6.91613e-05 9.99041e-05 0.000140189 0.000191459 0.000254985 0.000331802 0.0004227 0.000528242 0.00064883 0.000784787 0.000936456 0.00110428 0.00128885 0.00149092 0.00171139 0.00195122 0.00221132 0.00249249 0.00279524 0.00311972 0.00346564 0.00383225 0.00421827 0.00462198 0.00504121 0.00547344 0.00591591 0.00636565 0.00681961 0.00727474 0.00772805 0.00817668 0.00861795 0.0090494 0.0094688 0.00987416 0.0102638 0.0106361 0.01099 0.0113244 0.0116384 0.0119315 0.0122032 0.0124532 0.0126813 0.0128873 0.0130713 0.0132333 0.0133734 0.0134917 0.0135882 0.0136632 0.0137167 0.0137487 0.0137594 0.0137487 0.0137167 0.0136632 0.0135882 0.0134917 0.0133734 0.0132333 0.0130713 0.0128873 0.0126813 0.0124532 0.0122032 0.0119315 0.0116384 0.0113244 0.01099 0.0106361 0.0102638 0.00987416 0.0094688 0.0090494 0.00861795 0.00817668 0.00772805 0.00727474 0.00681961 0.00636565 0.00591591 0.00547344 0.00504121 0.00462198 0.00421827 0.00383225 0.00346564 0.00311972 0.00279524 0.00249249 0.00221132 0.00195122 0.00171139 0.00149092 0.00128885 0.00110428 0.000936456 0.000784787 0.00064883 0.000528242 0.0004227 0.000331802 0.000254985 0.000191459 0.000140189 9.99041e-05 6.91613e-05 4.6425e-05 3.01629e-05 1.89356e-05 1.14671e-05 6.68844e-06 3.7519e-06 2.02134e-06 1.04458e-06 5.17207e-07 2.45107e-07 1.11075e-07 4.80946e-08 1.98834e-08 7.84406e-09 2.95137e-09 1.05865e-09 3.61888e-10 1.17859e-10 3.65605e-11 1.08004e-11 3.03786e-12 8.13471e-13 2.07352e-13 5.03056e-14 1.1615e-14 2.55195e-15 5.33479e-16 1.06096e-16 2.00703e-17 3.61081e-18 6.1768e-19 1.00446e-19 1.55235e-20 2.27935e-21 3.17865e-22 4.20838e-23 5.2873e-24 6.30063e-25 7.11744e-26 7.61695e-27 7.71712e-28 7.39623e-29 6.69988e-30 5.71553e-31 2.58721e-32 
0 5.73086e-31 6.81207e-30 7.6015e-29 8.01795e-28 8.0013e-27 7.56007e-26 6.76801e-25 5.74429e-24 4.62482e-23 3.53388e-22 2.56388e-21 1.76687e-20 1.15696e-19 7.20067e-19 4.26068e-18 2.39737e-17 1.283e-16 6.53167e-16 3.16366e-15 1.45807e-14 6.39491e-14 2.66933e-13 1.06052e-12 4.01077e-12 1.44402e-11 4.94995e-11 1.61575e-10 5.02306e-10 1.48755e-09 4.19757e-09 1.12898e-08 2.8954e-08 7.08388e-08 1.65432e-07 3.69015e-07 7.86838e-07 1.60521e-06 3.13638e-06 5.87581e-06 1.05682e-05 1.82736e-05 3.04221e-05 4.88412e-05 7.57441e-05 0.00011367 0.000165379 0.000233708 0.000321423 0.000431071 0.000564887 0.000724748 0.000912195 0.00112852 0.00137487 0.0016524 0.00196238 0.00230626 0.00268566 0.00310236 0.00355814 0.00405465 0.00459319 0.00517459 0.005799 0.00646577 0.00717344 0.00791966 0.00870125 0.00951428 0.0103542 0.0112159 0.0120941 0.012983 0.013877 0.0147704 0.0156579 0.0165341 0.0173943 0.018234 0.0190491 0.019836 0.0205916 0.0213132 0.0219985 0.0226457 0.0232532 0.02382 0.0243451 0.024828 0.0252684 0.0256662 0.0260212 0.0263337 0.0266038 0.0268318 0.0270179 0.0271623 0.0272653 0.0273271 0.0273476 0.0273271 0.0272653 0.0271623 0.0270179 0.0268318 0.0266038 0.0263337 0.0260212 0.0256662 0.0252684 0.024828 0.0243451 0.02382 0.0232532 0.0226457 0.0219985 0.0213132 0.0205916 0.019836 0.0190491 0.018234 0.0173943 0.0165341 0.0156579 0.0147704 0.013877 0.012983 0.0120941 0.0112159 0.0103542 0.00951428 0.00870125 0.00791966 0.00717344 0.00646577 0.005799 0.00517459 0.00459319 0.00405465 0.00355814 0.00310236 0.00268566 0.00230626 0.00196238 0.0016524 0.00137487 0.00112852 0.000912195 0.000724748 0.000564887 0.000431071 0.000321423 0.000233708 0.000165379 0.00011367 7.57441e-05 4.88412e-05 3.04221e-05 1.82736e-05 1.05682e-05 5.87581e-06 3.13638e-06 1.60521e-06 7.86838e-07 3.69015e-07 1.65432e-07 7.08388e-08 2.8954e-08 1.12898e-08 4.19757e-09 1.48755e-09 5.02306e-10 1.61575e-10 4.94995e-11 1.44402e-11 4.01077e-12 1.06052e-12 2.66933e-13 6.39491e-14 1.45807e-14 3.16366e-15 6.53167e-16 1.283e-16 2.39737e-17 4.26068e-18 7.20067e-19 1.15696e-19 1.76687e-20 2.56388e-21 3.53388e-22 4.62482e-23 5.74429e-24 6.76801e-25 7.56007e-26 8.0013e-27 8.01795e-28 7.60135e-29 6.79229e-30 3.26188e-31 
0 6.69999e-30 7.6015e-29 8.09965e-28 8.16541e-27 7.79448e-26 7.05007e-25 6.04598e-24 4.91865e-23 3.79791e-22 2.78454e-21 1.93926e-20 1.28333e-19 8.07218e-19 4.82722e-18 2.74506e-17 1.48468e-16 7.63843e-16 3.7387e-15 1.74112e-14 7.71544e-14 3.2535e-13 1.30564e-12 4.98666e-12 1.81274e-11 6.27239e-11 2.06607e-10 6.47926e-10 1.93483e-09 5.50289e-09 1.49102e-08 3.85006e-08 9.47822e-08 2.22581e-07 4.98906e-07 1.06818e-06 2.18646e-06 4.283e-06 8.03822e-06 1.44722e-05 2.50318e-05 4.1659e-05 6.68218e-05 0.000103491 0.000155057 0.00022519 0.00031767 0.00043621 0.000584309 0.000765169 0.000981683 0.00123649 0.00153211 0.00187103 0.00225586 0.00268941 0.00317462 0.00371456 0.00431219 0.00497024 0.00569091 0.00647568 0.00732513 0.00823876 0.00921496 0.0102509 0.0113428 0.0124857 0.0136737 0.0149004 0.0161587 0.017441 0.0187397 0.020047 0.0213552 0.0226567 0.0239444 0.0252115 0.0264515 0.0276587 0.0288278 0.0299541 0.0310335 0.0320625 0.0330382 0.0339581 0.0348205 0.0356239 0.0363673 0.0370502 0.0376722 0.0382332 0.0387336 0.0391736 0.0395535 0.039874 0.0401354 0.0403382 0.0404827 0.0405694 0.0405982 0.0405694 0.0404827 0.0403382 0.0401354 0.039874 0.0395535 0.0391736 0.0387336 0.0382332 0.0376722 0.0370502 0.0363673 0.0356239 0.0348205 0.0339581 0.0330382 0.0320625 0.0310335 0.0299541 0.0288278 0.0276587 0.0264515 0.0252115 0.0239444 0.0226567 0.0213552 0.020047 0.0187397 0.017441 0.0161587 0.0149004 0.0136737 0.0124857 0.0113428 0.0102509 0.00921496 0.00823876 0.00732513 0.00647568 0.00569091 0.00497024 0.00431219 0.00371456 0.00317462 0.00268941 0.00225586 0.00187103 0.00153211 0.00123649 0.000981683 0.000765169 0.000584309 0.00043621 0.00031767 0.00022519 0.000155057 0.000103491 6.68218e-05 4.1659e-05 2.50318e-05 1.44722e-05 8.03822e-06 4.283e-06 2.18646e-06 1.06818e-06 4.98906e-07 2.22581e-07 9.47822e-08 3.85006e-08 1.49102e-08 5.50289e-09 1.93483e-09 6.47926e-10 2.06607e-10 6.27239e-11 1.81274e-11 4.98666e-12 1.30564e-12 3.2535e-13 7.71544e-14 1.74112e-14 3.7387e-15 7.63843e-16 1.48468e-16 2.74506e-17 4.82722e-18 8.07218e-19 1.28333e-19 1.93926e-20 2.78454e-21 3.79791e-22 4.91865e-23 6.04598e-24 7.05007e-25 7.79448e-26 8.16541e-27 8.09946e-28 7.57761e-29 3.85974e-30 
0 7.39623e-29 8.01795e-28 8.16541e-27 7.87402e-26 7.19515e-25 6.23411e-24 5.12436e-23 3.99803e-22 2.96196e-21 2.08451e-20 1.39399e-19 8.86074e-19 5.35474e-18 3.07717e-17 1.68183e-16 8.7435e-16 4.32424e-15 2.03464e-14 9.10852e-14 3.87978e-13 1.57246e-12 6.06423e-12 2.2254e-11 7.77127e-11 2.58253e-10 8.16774e-10 2.45869e-09 7.04558e-09 1.92233e-08 4.99521e-08 1.23666e-07 2.91814e-07 6.56701e-07 1.41036e-06 2.89298e-06 5.67328e-06 1.06484e-05 1.91536e-05 3.30647e-05 5.48688e-05 8.76808e-05 0.000135188 0.00020152 0.000291071 0.000408291 0.000557518 0.000742864 0.000968202 0.00123724 0.00155369 0.00192141 0.00234454 0.00282761 0.00337545 0.00399305 0.00468529 0.00545665 0.00631084 0.00725052 0.00827703 0.00939024 0.0105885 0.0118685 0.0132258 0.0146543 0.0161471 0.0176963 0.0192933 0.0209291 0.0225941 0.0242789 0.0259739 0.0276696 0.0293569 0.0310269 0.0326711 0.0342817 0.0358514 0.0373734 0.038842 0.0402518 0.0415983 0.0428778 0.0440872 0.0452241 0.0462867 0.0472739 0.0481849 0.0490196 0.0497781 0.0504608 0.0510683 0.0516015 0.0520611 0.0524482 0.0527636 0.053008 0.0531821 0.0532864 0.0533211 0.0532864 0.0531821 0.053008 0.0527636 0.0524482 0.0520611 0.0516015 0.0510683 0.0504608 0.0497781 0.0490196 0.0481849 0.0472739 0.0462867 0.0452241 0.0440872 0.0428778 0.0415983 0.0402518 0.038842 0.0373734 0.0358514 0.0342817 0.0326711 0.0310269 0.0293569 0.0276696 0.0259739 0.0242789 0.0225941 0.0209291 0.0192933 0.0176963 0.0161471 0.0146543 0.0132258 0.0118685 0.0105885 0.00939024 0.00827703 0.00725052 0.00631084 0.00545665 0.00468529 0.00399305 0.00337545 0.00282761 0.00234454 0.00192141 0.00155369 0.00123724 0.000968202 0.000742864 0.000557518 0.000408291 0.000291071 0.00020152 0.000135188 8.76808e-05 5.48688e-05 3.30647e-05 1.91536e-05 1.06484e-05 5.67328e-06 2.89298e-06 1.41036e-06 6.56701e-07 2.91814e-07 1.23666e-07 4.99521e-08 1.92233e-08 7.04558e-09 2.45869e-09 8.16774e-10 2.58253e-10 7.77127e-11 2.2254e-11 6.06423e-12 1.57246e-12 3.87978e-13 9.10852e-14 2.03464e-14 4.32424e-15 8.7435e-16 1.68183e-16 3.07717e-17 5.35474e-18 8.86074e-19 1.39399e-19 2.08451e-20 2.96196e-21 3.99803e-22 5.12436e-23 6.23411e-24 7.19515e-25 7.87402e-26 8.16519e-27 7.99076e-28 4.31363e-29 
0 7.71712e-28 8.0013e-27 7.79448e-26 7.19515e-25 6.29811e-24 5.23041e-23 4.12311e-22 3.08646e-21 2.19484e-20 1.48317e-19 9.52674e-19 5.8178e-18 3.37845e-17 1.86589e-16 9.80198e-16 4.89825e-15 2.32858e-14 1.05313e-13 4.53123e-13 1.8548e-12 7.22309e-12 2.676e-11 9.4315e-11 3.16234e-10 1.00873e-09 3.06126e-09 8.83937e-09 2.42881e-08 6.35192e-08 1.58152e-07 3.75024e-07 8.47367e-07 1.82546e-06 3.75222e-06 7.36567e-06 1.38234e-05 2.48339e-05 4.27698e-05 7.07308e-05 0.000112529 0.00017258 0.000255713 0.000366936 0.000511206 0.000693286 0.000917709 0.00118888 0.00151129 0.00188975 0.00232964 0.00283702 0.00341853 0.00408127 0.00483235 0.00567844 0.00662533 0.00767743 0.00883742 0.0101061 0.0114821 0.0129623 0.0145417 0.0162135 0.0179697 0.0198013 0.0216983 0.0236501 0.0256456 0.0276736 0.0297227 0.0317814 0.0338387 0.0358835 0.0379053 0.0398943 0.041841 0.0437368 0.0455739 0.0473453 0.0490451 0.050668 0.0522099 0.0536674 0.0550382 0.0563204 0.0575132 0.0586163 0.0596299 0.0605547 0.0613917 0.0621424 0.0628082 0.0633907 0.0638916 0.0643124 0.0646545 0.0649192 0.0651076 0.0652203 0.0652578 0.0652203 0.0651076 0.0649192 0.0646545 0.0643124 0.0638916 0.0633907 0.0628082 0.0621424 0.0613917 0.0605547 0.0596299 0.0586163 0.0575132 0.0563204 0.0550382 0.0536674 0.0522099 0.050668 0.0490451 0.0473453 0.0455739 0.0437368 0.041841 0.0398943 0.0379053 0.0358835 0.0338387 0.0317814 0.0297227 0.0276736 0.0256456 0.0236501 0.0216983 0.0198013 0.0179697 0.0162135 0.0145417 0.0129623 0.0114821 0.0101061 0.00883742 0.00767743 0.00662533 0.00567844 0.00483235 0.00408127 0.00341853 0.00283702 0.00232964 0.00188975 0.00151129 0.00118888 0.000917709 0.000693286 0.000511206 0.000366936 0.000255713 0.00017258 0.000112529 7.07308e-05 4.27698e-05 2.48339e-05 1.38234e-05 7.36567e-06 3.75222e-06 1.82546e-06 8.47367e-07 3.75024e-07 1.58152e-07 6.35192e-08 2.42881e-08 8.83937e-09 3.06126e-09 1.00873e-09 3.16234e-10 9.4315e-11 2.676e-11 7.22309e-12 1.8548e-12 4.53123e-13 1.05313e-13 2.32858e-14 4.89825e-15 9.80198e-16 1.86589e-16 3.37845e-17 5.8178e-18 9.52674e-19 1.48317e-19 2.19484e-20 3.08646e-21 4.12311e-22 5.23041e-23 6.29811e-24 7.19514e-25 7.79422e-26 7.97209e-27 4.55779e-28 
0 7.61695e-27 7.56007e-26 7.05007e-25 6.23411e-24 5.23041e-23 4.16566e-22 3.15065e-21 2.26382e-20 1.54577e-19 1.00328e-18 6.19109e-18 3.63295e-17 2.02748e-16 1.07623e-15 5.43415e-15 2.61009e-14 1.19256e-13 5.18328e-13 2.14296e-12 8.42732e-12 3.15217e-11 1.12138e-10 3.79397e-10 1.22073e-09 3.73529e-09 1.08696e-08 3.00827e-08 7.91927e-08 1.98337e-07 4.72711e-07 1.07259e-06 2.31817e-06 4.77556e-06 9.38503e-06 1.76128e-05 3.16037e-05 5.43003e-05 8.94858e-05 0.000141721 0.000216164 0.000318305 0.000453681 0.000627647 0.000845292 0.00111153 0.00143137 0.00181026 0.00225441 0.00277105 0.00336839 0.00405541 0.00484138 0.00573524 0.00674498 0.00787699 0.00913561 0.0105229 0.0120383 0.013679 0.0154402 0.0173147 0.0192942 0.0213686 0.0235272 0.0257579 0.0280485 0.0303858 0.0327567 0.0351476 0.0375452 0.0399361 0.0423075 0.044647 0.046943 0.0491845 0.0513617 0.0534659 0.0554895 0.0574259 0.0592699 0.0610174 0.0626654 0.0642121 0.0656563 0.066998 0.0682379 0.0693772 0.0704176 0.0713614 0.0722109 0.0729689 0.073638 0.0742209 0.0747202 0.0751383 0.0754772 0.0757389 0.0759247 0.0760357 0.0760727 0.0760357 0.0759247 0.0757389 0.0754772 0.0751383 0.0747202 0.0742209 0.073638 0.0729689 0.0722109 0.0713614 0.0704176 0.0693772 0.0682379 0.066998 0.0656563 0.0642121 0.0626654 0.0610174 0.0592699 0.0574259 0.0554895 0.0534659 0.0513617 0.0491845 0.046943 0.044647 0.0423075 0.0399361 0.0375452 0.0351476 0.0327567 0.0303858 0.0280485 0.0257579 0.0235272 0.0213686 0.0192942 0.0173147 0.0154402 0.013679 0.0120383 0.0105229 0.00913561 0.00787699 0.00674498 0.00573524 0.00484138 0.00405541 0.00336839 0.00277105 0.00225441 0.00181026 0.00143137 0.00111153 0.000845292 0.000627647 0.000453681 0.000318305 0.000216164 0.000141721 8.94858e-05 5.43003e-05 3.16037e-05 1.76128e-05 9.38503e-06 4.77556e-06 2.31817e-06 1.07259e-06 4.72711e-07 1.98337e-07 7.91927e-08 3.00827e-08 1.08696e-08 3.73529e-09 1.22073e-09 3.79397e-10 1.12138e-10 3.15217e-11 8.42732e-12 2.14296e-12 5.18328e-13 1.19256e-13 2.61009e-14 5.43415e-15 1.07623e-15 2.02748e-16 3.63295e-17 6.19109e-18 1.00328e-18 1.54577e-19 2.26382e-20 3.15065e-21 4.16566e-22 5.23041e-23 6.23411e-24 7.0498e-25 7.53045e-26 4.55689e-27 
0 7.11744e-26 6.76801e-25 6.04598e-24 5.12436e-23 4.12311e-22 3.15065e-21 2.28729e-20 1.57804e-19 1.03492e-18 6.45312e-18 3.82635e-17 2.15777e-16 1.15735e-15 5.90464e-15 2.86545e-14 1.32271e-13 5.80748e-13 2.42517e-12 9.63146e-12 3.63748e-11 1.30625e-10 4.45994e-10 1.44766e-09 4.46695e-09 1.3102e-08 3.65296e-08 9.6817e-08 2.43953e-07 5.84515e-07 1.33215e-06 2.88913e-06 5.96618e-06 1.17402e-05 2.20355e-05 3.94974e-05 6.77084e-05 0.000111198 0.000175312 0.000265943 0.000389187 0.000551019 0.000757107 0.00101285 0.00132364 0.00169533 0.00213471 0.00264987 0.0032503 0.00394668 0.00475031 0.00567238 0.00672309 0.00791086 0.00924179 0.0107192 0.0123437 0.0141129 0.0160224 0.0180651 0.0202325 0.0225144 0.0248992 0.0273743 0.0299259 0.0325397 0.0352005 0.0378926 0.0406001 0.0433072 0.045998 0.0486575 0.0512714 0.0538262 0.0563098 0.0587115 0.0610219 0.0632332 0.0653392 0.0673352 0.0692177 0.0709848 0.0726357 0.0741708 0.0755913 0.0768994 0.0780978 0.0791897 0.0801789 0.0810693 0.081865 0.08257 0.0831883 0.0837238 0.0841801 0.0845603 0.0848673 0.0851035 0.0852709 0.0853707 0.0854039 0.0853707 0.0852709 0.0851035 0.0848673 0.0845603 0.0841801 0.0837238 0.0831883 0.08257 0.081865 0.0810693 0.0801789 0.0791897 0.0780978 0.0768994 0.0755913 0.0741708 0.0726357 0.0709848 0.0692177 0.0673352 0.0653392 0.0632332 0.0610219 0.0587115 0.0563098 0.0538262 0.0512714 0.0486575 0.045998 0.0433072 0.0406001 0.0378926 0.0352005 0.0325397 0.0299259 0.0273743 0.0248992 0.0225144 0.0202325 0.0180651 0.0160224 0.0141129 0.0123437 0.0107192 0.00924179 0.00791086 0.00672309 0.00567238 0.00475031 0.00394668 0.0032503 0.00264987 0.00213471 0.00169533 0.00132364 0.00101285 0.000757107 0.000551019 0.000389187 0.000265943 0.000175312 0.000111198 6.77084e-05 3.94974e-05 2.20355e-05 1.17402e-05 5.96618e-06 2.88913e-06 1.33215e-06 5.84515e-07 2.43953e-07 9.6817e-08 3.65296e-08 1.3102e-08 4.46695e-09 1.44766e-09 4.45994e-10 1.30625e-10 3.63748e-11 9.63146e-12 2.42517e-12 5.80748e-13 1.32271e-13 2.86545e-14 5.90464e-15 1.15735e-15 2.15777e-16 3.82635e-17 6.45312e-18 1.03492e-18 1.57804e-19 2.28729e-20 3.15065e-21 4.12311e-22 5.12436e-23 6.04571e-24 6.73963e-25 4.31447e-26 
0 6.30063e-25 5.74429e-24 4.91865e-23 3.99803e-22 3.08646e-21 2.26382e-20 1.57804e-19 1.04568e-18 6.58825e-18 3.94728e-17 2.24922e-16 1.219e-15 6.28394e-15 3.08116e-14 1.43693e-13 6.37347e-13 2.6884e-12 1.07832e-11 4.11222e-11 1.49083e-10 5.13732e-10 1.68245e-09 5.23587e-09 1.5482e-08 4.3493e-08 1.16079e-07 2.94334e-07 7.09136e-07 1.62372e-06 3.53456e-06 7.31846e-06 1.44233e-05 2.70808e-05 4.84975e-05 8.29601e-05 0.000135794 0.000213144 0.000321604 0.000467794 0.000658034 0.000898253 0.00119421 0.00155202 0.00197876 0.00248311 0.00307554 0.00376824 0.00457449 0.00550774 0.00658053 0.00780347 0.00918453 0.0107285 0.012437 0.0143086 0.016339 0.0185218 0.0208484 0.0233086 0.0258905 0.0285808 0.0313648 0.0342265 0.0371488 0.0401137 0.0431025 0.0460962 0.0490762 0.0520241 0.0549227 0.0577558 0.0605089 0.0631691 0.0657254 0.0681688 0.0704919 0.0726896 0.0747582 0.0766959 0.0785022 0.0801781 0.0817258 0.0831482 0.0844494 0.085634 0.0867069 0.0876736 0.0885398 0.0893111 0.0899931 0.0905914 0.0911112 0.0915574 0.0919345 0.0922464 0.0924968 0.0926884 0.0928236 0.0929041 0.0929308 0.0929041 0.0928236 0.0926884 0.0924968 0.0922464 0.0919345 0.0915574 0.0911112 0.0905914 0.0899931 0.0893111 0.0885398 0.0876736 0.0867069 0.085634 0.0844494 0.0831482 0.0817258 0.0801781 0.0785022 0.0766959 0.0747582 0.0726896 0.0704919 0.0681688 0.0657254 0.0631691 0.0605089 0.0577558 0.0549227 0.0520241 0.0490762 0.0460962 0.0431025 0.0401137 0.0371488 0.0342265 0.0313648 0.0285808 0.0258905 0.0233086 0.0208484 0.0185218 0.016339 0.0143086 0.012437 0.0107285 0.00918453 0.00780347 0.00658053 0.00550774 0.00457449 0.00376824 0.00307554 0.00248311 0.00197876 0.00155202 0.00119421 0.000898253 0.000658034 0.000467794 0.000321604 0.000213144 0.000135794 8.29601e-05 4.84975e-05 2.70808e-05 1.44233e-05 7.31846e-06 3.53456e-06 1.62372e-06 7.09136e-07 2.94334e-07 1.16079e-07 4.3493e-08 1.5482e-08 5.23587e-09 1.68245e-09 5.13732e-10 1.49083e-10 4.11222e-11 1.07832e-11 2.6884e-12 6.37347e-13 1.43693e-13 3.08116e-14 6.28394e-15 1.219e-15 2.24922e-16 3.94728e-17 6.58825e-18 1.04568e-18 1.57804e-19 2.26382e-20 3.08646e-21 3.99803e-22 4.91839e-23 5.71858e-24 3.87114e-25 
0 5.2873e-24 4.62482e-23 3.79791e-22 2.96196e-21 2.19484e-20 1.54577e-19 1.03492e-18 6.58825e-18 3.98843e-17 2.29639e-16 1.25755e-15 6.55021e-15 3.24506e-14 1.52901e-13 6.8514e-13 2.91933e-12 1.18267e-11 4.5546e-11 1.66712e-10 5.79876e-10 1.91632e-09 6.0157e-09 1.79354e-08 5.07782e-08 1.36501e-07 3.48387e-07 8.44231e-07 1.94261e-06 4.24563e-06 8.81667e-06 1.74074e-05 3.27034e-05 5.85287e-05 9.9928e-05 0.000163056 0.000254848 0.000382539 0.00055318 0.000773347 0.00104923 0.0013871 0.00179412 0.00227915 0.0028533 0.00352997 0.00432428 0.00525197 0.00632815 0.00756589 0.0089753 0.010563 0.0123318 0.0142812 0.0164078 0.0187055 0.0211663 0.02378 0.0265347 0.0294164 0.0324095 0.0354962 0.0386571 0.0418715 0.0451175 0.0483728 0.0516151 0.0548229 0.0579756 0.0610542 0.0640417 0.0669231 0.0696858 0.0723194 0.0748159 0.0771695 0.0793765 0.0814352 0.0833456 0.0851093 0.0867294 0.08821 0.0895563 0.0907743 0.0918706 0.0928521 0.0937263 0.0945005 0.0951821 0.0957786 0.0962968 0.0967436 0.0971253 0.0974477 0.097716 0.0979349 0.0981085 0.09824 0.098332 0.0983865 0.0984045 0.0983865 0.098332 0.09824 0.0981085 0.0979349 0.097716 0.0974477 0.0971253 0.0967436 0.0962968 0.0957786 0.0951821 0.0945005 0.0937263 0.0928521 0.0918706 0.0907743 0.0895563 0.08821 0.0867294 0.0851093 0.0833456 0.0814352 0.0793765 0.0771695 0.0748159 0.0723194 0.0696858 0.0669231 0.0640417 0.0610542 0.0579756 0.0548229 0.0516151 0.0483728 0.0451175 0.0418715 0.0386571 0.0354962 0.0324095 0.0294164 0.0265347 0.02378 0.0211663 0.0187055 0.0164078 0.0142812 0.0123318 0.010563 0.0089753 0.00756589 0.00632815 0.00525197 0.00432428 0.00352997 0.0028533 0.00227915 0.00179412 0.0013871 0.00104923 0.000773347 0.00055318 0.000382539 0.000254848 0.000163056 9.9928e-05 5.85287e-05 3.27034e-05 1.74074e-05 8.81667e-06 4.24563e-06 1.94261e-06 8.44231e-07 3.48387e-07 1.36501e-07 5.07782e-08 1.79354e-08 6.0157e-09 1.91632e-09 5.79876e-10 1.66712e-10 4.5546e-11 1.18267e-11 2.91933e-12 6.8514e-13 1.52901e-13 3.24506e-14 6.55021e-15 1.25755e-15 2.29639e-16 3.98843e-17 6.58825e-18 1.03492e-18 1.54577e-19 2.19484e-20 2.96196e-21 3.79768e-22 4.60277e-23 3.29366e-24 
0 4.20838e-23 3.53388e-22 2.78454e-21 2.08451e-20 1.48317e-19 1.00328e-18 6.45312e-18 3.94728e-17 2.29639e-16 1.27067e-15 6.68753e-15 3.34755e-14 1.59363e-13 7.21448e-13 3.1054e-12 1.27074e-11 4.94237e-11 1.82669e-10 6.41419e-10 2.13926e-09 6.77525e-09 2.03714e-08 5.8137e-08 1.57449e-07 4.04591e-07 9.86395e-07 2.28166e-06 5.00813e-06 1.04341e-05 2.06449e-05 3.88213e-05 6.94532e-05 0.000118386 0.000192618 0.000299848 0.000447872 0.000644068 0.000895208 0.0012078 0.00158889 0.00204715 0.00259382 0.003243 0.00401136 0.00491691 0.00597745 0.00720889 0.00862393 0.0102313 0.0120355 0.0140374 0.0162345 0.0186218 0.0211918 0.0239349 0.0268393 0.0298908 0.0330723 0.0363644 0.039745 0.0431902 0.0466745 0.0501716 0.0536555 0.0571008 0.0604835 0.0637816 0.0669755 0.0700481 0.0729849 0.0757743 0.0784075 0.0808781 0.0831822 0.0853182 0.0872866 0.0890895 0.090731 0.0922162 0.0935519 0.0947453 0.0958048 0.096739 0.0975573 0.0982689 0.0988831 0.0994094 0.0998566 0.100233 0.100548 0.100809 0.101022 0.101194 0.101332 0.101439 0.101521 0.101582 0.101623 0.101646 0.101654 0.101646 0.101623 0.101582 0.101521 0.101439 0.101332 0.101194 0.101022 0.100809 0.100548 0.100233 0.0998566 0.0994094 0.0988831 0.0982689 0.0975573 0.096739 0.0958048 0.0947453 0.0935519 0.0922162 0.090731 0.0890895 0.0872866 0.0853182 0.0831822 0.0808781 0.0784075 0.0757743 0.0729849 0.0700481 0.0669755 0.0637816 0.0604835 0.0571008 0.0536555 0.0501716 0.0466745 0.0431902 0.039745 0.0363644 0.0330723 0.0298908 0.0268393 0.0239349 0.0211918 0.0186218 0.0162345 0.0140374 0.0120355 0.0102313 0.00862393 0.00720889 0.00597745 0.00491691 0.00401136 0.003243 0.00259382 0.00204715 0.00158889 0.0012078 0.000895208 0.000644068 0.000447872 0.000299848 0.000192618 0.000118386 6.94532e-05 3.88213e-05 2.06449e-05 1.04341e-05 5.00813e-06 2.28166e-06 9.86395e-07 4.04591e-07 1.57449e-07 5.8137e-08 2.03714e-08 6.77525e-09 2.13926e-09 6.41419e-10 1.82669e-10 4.94237e-11 1.27074e-11 3.1054e-12 7.21448e-13 1.59363e-13 3.34755e-14 6.68753e-15 1.27067e-15 2.29639e-16 3.94728e-17 6.45312e-18 1.00328e-18 1.48317e-19 2.08451e-20 2.78434e-21 3.51598e-22 2.65887e-23 
0 3.17865e-22 2.56388e-21 1.93926e-20 1.39399e-19 9.52674e-19 6.19109e-18 3.82635e-17 2.24922e-16 1.25755e-15 6.68753e-15 3.38242e-14 1.62696e-13 7.44147e-13 3.23597e-12 1.33761e-11 5.25461e-11 1.96122e-10 6.95297e-10 2.34071e-09 7.48043e-09 2.26871e-08 6.52793e-08 1.78156e-07 4.61053e-07 1.13124e-06 2.6313e-06 5.80253e-06 1.21332e-05 2.40668e-05 4.53145e-05 8.10705e-05 0.000138009 0.000223974 0.000347376 0.000516485 0.000738907 0.00102159 0.0013715 0.00179681 0.00230826 0.00292004 0.00364974 0.00451738 0.00554351 0.00674722 0.00814426 0.009746 0.0115592 0.0135863 0.0158264 0.0182756 0.0209278 0.0237743 0.0268038 0.030002 0.0333508 0.0368289 0.0404114 0.0440708 0.0477775 0.0515011 0.0552111 0.0588782 0.0624746 0.0659751 0.0693571 0.0726011 0.0756908 0.0786128 0.0813572 0.0839166 0.0862867 0.0884659 0.0904547 0.092256 0.0938747 0.0953174 0.0965919 0.0977075 0.0986743 0.0995031 0.100205 0.100792 0.101275 0.101666 0.101976 0.102215 0.102394 0.102522 0.102609 0.102662 0.10269 0.102698 0.102694 0.102681 0.102665 0.102648 0.102635 0.102626 0.102623 0.102626 0.102635 0.102648 0.102665 0.102681 0.102694 0.102698 0.10269 0.102662 0.102609 0.102522 0.102394 0.102215 0.101976 0.101666 0.101275 0.100792 0.100205 0.0995031 0.0986743 0.0977075 0.0965919 0.0953174 0.0938747 0.092256 0.0904547 0.0884659 0.0862867 0.0839166 0.0813572 0.0786128 0.0756908 0.0726011 0.0693571 0.0659751 0.0624746 0.0588782 0.0552111 0.0515011 0.0477775 0.0440708 0.0404114 0.0368289 0.0333508 0.030002 0.0268038 0.0237743 0.0209278 0.0182756 0.0158264 0.0135863 0.0115592 0.009746 0.00814426 0.00674722 0.00554351 0.00451738 0.00364974 0.00292004 0.00230826 0.00179681 0.0013715 0.00102159 0.000738907 0.000516485 0.000347376 0.000223974 0.000138009 8.10705e-05 4.53145e-05 2.40668e-05 1.21332e-05 5.80253e-06 2.6313e-06 1.13124e-06 4.61053e-07 1.78156e-07 6.52793e-08 2.26871e-08 7.48043e-09 2.34071e-09 6.95297e-10 1.96122e-10 5.25461e-11 1.33761e-11 3.23597e-12 7.44147e-13 1.62696e-13 3.38242e-14 6.68753e-15 1.25755e-15 2.24922e-16 3.82635e-17 6.19109e-18 9.52674e-19 1.39399e-19 1.9391e-20 2.55013e-21 2.03759e-22 
0 2.27935e-21 1.76687e-20 1.28333e-19 8.86074e-19 5.8178e-18 3.63295e-17 2.15777e-16 1.219e-15 6.55021e-15 3.34755e-14 1.62696e-13 7.5187e-13 3.30328e-12 1.37941e-11 5.4736e-11 2.06331e-10 7.38638e-10 2.51033e-09 8.09669e-09 2.47746e-08 7.18904e-08 1.97765e-07 5.1559e-07 1.27356e-06 2.97996e-06 6.60457e-06 1.38662e-05 2.75848e-05 5.20275e-05 9.31209e-05 0.000158384 0.000256489 0.0003965 0.000587064 0.000835944 0.00115029 0.00153772 0.00200802 0.00257455 0.00325501 0.00407075 0.0050449 0.00619994 0.00755521 0.00912538 0.0109199 0.0129434 0.0151968 0.017678 0.0203825 0.0233032 0.02643 0.0297489 0.0332412 0.0368838 0.0406491 0.0445058 0.04842 0.0523569 0.0562814 0.0601599 0.0639605 0.0676545 0.0712159 0.0746222 0.0778546 0.0808976 0.0837392 0.0863708 0.0887872 0.0909861 0.0929682 0.0947371 0.0962984 0.0976603 0.0988323 0.0998259 0.100653 0.101328 0.101863 0.102273 0.102571 0.102772 0.102889 0.102934 0.10292 0.102858 0.102759 0.102633 0.102489 0.102334 0.102177 0.102024 0.101879 0.101749 0.101637 0.101547 0.10148 0.10144 0.101426 0.10144 0.10148 0.101547 0.101637 0.101749 0.101879 0.102024 0.102177 0.102334 0.102489 0.102633 0.102759 0.102858 0.10292 0.102934 0.102889 0.102772 0.102571 0.102273 0.101863 0.101328 0.100653 0.0998259 0.0988323 0.0976603 0.0962984 0.0947371 0.0929682 0.0909861 0.0887872 0.0863708 0.0837392 0.0808976 0.0778546 0.0746222 0.0712159 0.0676545 0.0639605 0.0601599 0.0562814 0.0523569 0.04842 0.0445058 0.0406491 0.0368838 0.0332412 0.0297489 0.02643 0.0233032 0.0203825 0.017678 0.0151968 0.0129434 0.0109199 0.00912538 0.00755521 0.00619994 0.0050449 0.00407075 0.00325501 0.00257455 0.00200802 0.00153772 0.00115029 0.000835944 0.000587064 0.0003965 0.000256489 0.000158384 9.31209e-05 5.20275e-05 2.75848e-05 1.38662e-05 6.60457e-06 2.97996e-06 1.27356e-06 5.1559e-07 1.97765e-07 7.18904e-08 2.47746e-08 8.09669e-09 2.51033e-09 7.38638e-10 2.06331e-10 5.4736e-11 1.37941e-11 3.30328e-12 7.5187e-13 1.62696e-13 3.34755e-14 6.55021e-15 1.219e-15 2.15777e-16 3.63295e-17 5.8178e-18 8.86073e-19 1.28322e-19 1.75685e-20 1.48299e-21 
0 1.55235e-20 1.15696e-19 8.07218e-19 5.35474e-18 3.37845e-17 2.02748e-16 1.15735e-15 6.28394e-15 3.24506e-14 1.59363e-13 7.44147e-13 3.30328e-12 1.39363e-11 5.58648e-11 2.12708e-10 7.69015e-10 2.63891e-09 8.59174e-09 2.65291e-08 7.76535e-08 2.15385e-07 5.65863e-07 1.40763e-06 3.31453e-06 7.38629e-06 1.55771e-05 3.10938e-05 5.87749e-05 0.000105295 0.00017902 0.000289423 0.000446159 0.000658163 0.000933301 0.001279 0.00170386 0.00221969 0.00284312 0.00359575 0.00450268 0.0055897 0.00688025 0.00839294 0.0101406 0.0121307 0.0143662 0.0168473 0.0195716 0.0225342 0.0257268 0.0291366 0.0327449 0.0365272 0.0404534 0.0444887 0.0485949 0.0527325 0.056862 0.060945 0.0649456 0.0688306 0.0725703 0.0761386 0.0795132 0.0826755 0.0856108 0.0883086 0.0907619 0.0929679 0.0949271 0.0966436 0.0981243 0.099379 0.10042 0.10126 0.101915 0.1024 0.102732 0.102929 0.103005 0.102978 0.102863 0.102675 0.102428 0.102136 0.10181 0.101461 0.101101 0.100738 0.10038 0.100036 0.0997115 0.0994122 0.0991432 0.0989088 0.0987123 0.0985567 0.098444 0.0983758 0.0983529 0.0983758 0.098444 0.0985567 0.0987123 0.0989088 0.0991432 0.0994122 0.0997115 0.100036 0.10038 0.100738 0.101101 0.101461 0.10181 0.102136 0.102428 0.102675 0.102863 0.102978 0.103005 0.102929 0.102732 0.1024 0.101915 0.10126 0.10042 0.099379 0.0981243 0.0966436 0.0949271 0.0929679 0.0907619 0.0883086 0.0856108 0.0826755 0.0795132 0.0761386 0.0725703 0.0688306 0.0649456 0.060945 0.056862 0.0527325 0.0485949 0.0444887 0.0404534 0.0365272 0.0327449 0.0291366 0.0257268 0.0225342 0.0195716 0.0168473 0.0143662 0.0121307 0.0101406 0.00839294 0.00688025 0.0055897 0.00450268 0.00359575 0.00284312 0.00221969 0.00170386 0.001279 0.000933301 0.000658163 0.000446159 0.000289423 0.00017902 0.000105295 5.87749e-05 3.10938e-05 1.55771e-05 7.38629e-06 3.31453e-06 1.40763e-06 5.65863e-07 2.15385e-07 7.76535e-08 2.65291e-08 8.59174e-09 2.63891e-09 7.69015e-10 2.12708e-10 5.58648e-11 1.39363e-11 3.30328e-12 7.44147e-13 1.59363e-13 3.24506e-14 6.28394e-15 1.15735e-15 2.02748e-16 3.37845e-17 5.35473e-18 8.07132e-19 1.15005e-19 1.02551e-20 
0 1.00446e-19 7.20067e-19 4.82722e-18 3.07717e-17 1.86589e-16 1.07623e-15 5.90464e-15 3.08116e-14 1.52901e-13 7.21448e-13 3.23597e-12 1.37941e-11 5.58648e-11 2.14878e-10 7.84667e-10 2.71919e-09 8.93837e-09 2.78572e-08 8.22742e-08 2.30156e-07 6.09539e-07 1.52758e-06 3.62123e-06 8.11755e-06 1.72045e-05 3.44769e-05 6.53485e-05 0.000117244 0.00019937 0.000321967 0.000495212 0.000728258 0.00102906 0.00140544 0.0018673 0.00242904 0.003111 0.00393894 0.00494146 0.00614624 0.00757665 0.00924977 0.0111763 0.0133621 0.0158095 0.0185189 0.021488 0.0247114 0.0281781 0.0318706 0.0357638 0.0398256 0.0440179 0.0482988 0.052624 0.0569496 0.0612324 0.0654319 0.0695102 0.0734331 0.0771697 0.0806933 0.0839814 0.0870157 0.0897826 0.0922735 0.0944842 0.0964152 0.0980713 0.0994608 0.100596 0.10149 0.102161 0.102625 0.102903 0.103014 0.102976 0.10281 0.102534 0.102166 0.101722 0.10122 0.100673 0.100095 0.0994988 0.098896 0.0982964 0.0977094 0.0971431 0.0966047 0.0961005 0.095636 0.095216 0.0948444 0.0945245 0.0942593 0.0940507 0.0939006 0.0938101 0.0937798 0.0938101 0.0939006 0.0940507 0.0942593 0.0945245 0.0948444 0.095216 0.095636 0.0961005 0.0966047 0.0971431 0.0977094 0.0982964 0.098896 0.0994988 0.100095 0.100673 0.10122 0.101722 0.102166 0.102534 0.10281 0.102976 0.103014 0.102903 0.102625 0.102161 0.10149 0.100596 0.0994608 0.0980713 0.0964152 0.0944842 0.0922735 0.0897826 0.0870157 0.0839814 0.0806933 0.0771697 0.0734331 0.0695102 0.0654319 0.0612324 0.0569496 0.052624 0.0482988 0.0440179 0.0398256 0.0357638 0.0318706 0.0281781 0.0247114 0.021488 0.0185189 0.0158095 0.0133621 0.0111763 0.00924977 0.00757665 0.00614624 0.00494146 0.00393894 0.003111 0.00242904 0.0018673 0.00140544 0.00102906 0.000728258 0.000495212 0.000321967 0.00019937 0.000117244 6.53485e-05 3.44769e-05 1.72045e-05 8.11755e-06 3.62123e-06 1.52758e-06 6.09539e-07 2.30156e-07 8.22742e-08 2.78572e-08 8.93837e-09 2.71919e-09 7.84667e-10 2.14878e-10 5.58648e-11 1.37941e-11 3.23597e-12 7.21448e-13 1.52901e-13 3.08116e-14 5.90464e-15 1.07623e-15 1.86589e-16 3.07716e-17 4.82663e-18 7.15544e-19 6.74032e-20 
0 6.1768e-19 4.26068e-18 2.74506e-17 1.68183e-16 9.80198e-16 5.43415e-15 2.86545e-14 1.43693e-13 6.8514e-13 3.1054e-12 1.33761e-11 5.4736e-11 2.12708e-10 7.84667e-10 2.74648e-09 9.11685e-09 2.86855e-08 8.55049e-08 2.41315e-07 6.44463e-07 1.62777e-06 3.88644e-06 8.76786e-06 1.86851e-05 3.76117e-05 7.15282e-05 0.0001286 0.000218856 0.000353268 0.000542483 0.000795816 0.00112132 0.00152738 0.00202556 0.0026333 0.00337508 0.00428083 0.00538215 0.00670768 0.00827979 0.0101135 0.0122177 0.0145975 0.0172559 0.020194 0.0234098 0.0268956 0.030636 0.0346066 0.0387742 0.0430984 0.0475334 0.0520313 0.0565431 0.0610214 0.0654204 0.0696971 0.0738118 0.0777281 0.0814137 0.0848408 0.0879867 0.0908344 0.0933727 0.0955961 0.0975049 0.0991047 0.100406 0.101421 0.102169 0.102669 0.102941 0.103007 0.102891 0.102614 0.102198 0.101665 0.101035 0.100326 0.0995573 0.0987447 0.0979035 0.0970474 0.096189 0.0953392 0.0945082 0.0937045 0.0929358 0.0922089 0.0915293 0.0909021 0.0903314 0.0898206 0.0893727 0.08899 0.0886745 0.0884276 0.0882505 0.088144 0.0881084 0.088144 0.0882505 0.0884276 0.0886745 0.08899 0.0893727 0.0898206 0.0903314 0.0909021 0.0915293 0.0922089 0.0929358 0.0937045 0.0945082 0.0953392 0.096189 0.0970474 0.0979035 0.0987447 0.0995573 0.100326 0.101035 0.101665 0.102198 0.102614 0.102891 0.103007 0.102941 0.102669 0.102169 0.101421 0.100406 0.0991047 0.0975049 0.0955961 0.0933727 0.0908344 0.0879867 0.0848408 0.0814137 0.0777281 0.0738118 0.0696971 0.0654204 0.0610214 0.0565431 0.0520313 0.0475334 0.0430984 0.0387742 0.0346066 0.030636 0.0268956 0.0234098 0.020194 0.0172559 0.0145975 0.0122177 0.0101135 0.00827979 0.00670768 0.00538215 0.00428083 0.00337508 0.0026333 0.00202556 0.00152738 0.00112132 0.000795816 0.000542483 0.000353268 0.000218856 0.0001286 7.15282e-05 3.76117e-05 1.86851e-05 8.76786e-06 3.88644e-06 1.62777e-06 6.44463e-07 2.41315e-07 8.55049e-08 2.86855e-08 9.11685e-09 2.74648e-09 7.84667e-10 2.12708e-10 5.4736e-11 1.33761e-11 3.1054e-12 6.8514e-13 1.43693e-13 2.86545e-14 5.43415e-15 9.80198e-16 1.68182e-16 2.74468e-17 4.23264e-18 4.21211e-19 
0 3.61081e-18 2.39737e-17 1.48468e-16 8.7435e-16 4.89825e-15 2.61009e-14 1.32271e-13 6.37347e-13 2.91933e-12 1.27074e-11 5.25461e-11 2.06331e-10 7.69015e-10 2.71919e-09 9.11685e-09 2.8967e-08 8.71671e-08 2.48266e-07 6.68835e-07 1.70326e-06 4.09774e-06 9.30844e-06 1.99574e-05 4.03771e-05 7.70934e-05 0.000138991 0.000236895 0.000382477 0.00058681 0.000859345 0.00120827 0.00164272 0.00217623 0.00282973 0.00363206 0.00461717 0.00581895 0.00726608 0.00897915 0.0109711 0.0132499 0.0158212 0.0186894 0.0218568 0.0253201 0.0290676 0.0330772 0.037316 0.0417419 0.0463066 0.0509584 0.0556443 0.0603121 0.0649109 0.0693921 0.0737096 0.0778202 0.0816851 0.0852702 0.0885475 0.0914956 0.0941003 0.0963548 0.0982588 0.0998186 0.101046 0.101957 0.10257 0.102909 0.102997 0.10286 0.102522 0.102009 0.101345 0.100556 0.0996626 0.0986877 0.0976509 0.0965707 0.095464 0.094346 0.0932304 0.0921293 0.0910532 0.0900113 0.0890116 0.0880608 0.0871645 0.0863276 0.0855541 0.084847 0.0842091 0.0836424 0.0831485 0.0827289 0.0823843 0.0821157 0.0819235 0.081808 0.0817695 0.081808 0.0819235 0.0821157 0.0823843 0.0827289 0.0831485 0.0836424 0.0842091 0.084847 0.0855541 0.0863276 0.0871645 0.0880608 0.0890116 0.0900113 0.0910532 0.0921293 0.0932304 0.094346 0.095464 0.0965707 0.0976509 0.0986877 0.0996626 0.100556 0.101345 0.102009 0.102522 0.10286 0.102997 0.102909 0.10257 0.101957 0.101046 0.0998186 0.0982588 0.0963548 0.0941003 0.0914956 0.0885475 0.0852702 0.0816851 0.0778202 0.0737096 0.0693921 0.0649109 0.0603121 0.0556443 0.0509584 0.0463066 0.0417419 0.037316 0.0330772 0.0290676 0.0253201 0.0218568 0.0186894 0.0158212 0.0132499 0.0109711 0.00897915 0.00726608 0.00581895 0.00461717 0.00363206 0.00282973 0.00217623 0.00164272 0.00120827 0.000859345 0.00058681 0.000382477 0.000236895 0.000138991 7.70934e-05 4.03771e-05 1.99574e-05 9.30844e-06 4.09774e-06 1.70326e-06 6.68835e-07 2.48266e-07 8.71671e-08 2.8967e-08 9.11685e-09 2.71919e-09 7.69015e-10 2.06331e-10 5.25461e-11 1.27074e-11 2.91933e-12 6.37347e-13 1.32271e-13 2.61009e-14 4.89825e-15 8.74347e-16 1.48444e-16 2.38089e-17 2.50336e-18 
0 2.00703e-17 1.283e-16 7.63843e-16 4.32424e-15 2.32858e-14 1.19256e-13 5.80748e-13 2.6884e-12 1.18267e-11 4.94237e-11 1.96122e-10 7.38638e-10 2.63891e-09 8.93837e-09 2.86855e-08 8.71671e-08 2.50627e-07 6.8136e-07 1.7502e-06 4.24482e-06 9.71429e-06 2.0966e-05 4.2661e-05 8.18354e-05 0.000148059 0.000252924 0.000408776 0.000627091 0.00091745 0.00128823 0.00174948 0.00231703 0.00301558 0.00387843 0.00494322 0.00624538 0.00781271 0.00966371 0.0118097 0.0142589 0.0170186 0.0200956 0.0234921 0.0272019 0.0312069 0.0354765 0.0399684 0.0446327 0.0494147 0.054258 0.0591058 0.0639024 0.0685929 0.0731242 0.0774456 0.0815104 0.0852773 0.0887118 0.0917876 0.094487 0.0968008 0.0987281 0.100275 0.101455 0.102285 0.102787 0.102985 0.102907 0.102579 0.102032 0.101292 0.100389 0.0993494 0.0981994 0.0969634 0.0956641 0.0943225 0.0929574 0.0915857 0.0902222 0.08888 0.0875702 0.0863023 0.0850844 0.083923 0.0828236 0.0817904 0.0808269 0.0799356 0.0791187 0.0783775 0.0777131 0.0771262 0.0766173 0.0761865 0.075834 0.0755599 0.0753641 0.0752467 0.0752075 0.0752467 0.0753641 0.0755599 0.075834 0.0761865 0.0766173 0.0771262 0.0777131 0.0783775 0.0791187 0.0799356 0.0808269 0.0817904 0.0828236 0.083923 0.0850844 0.0863023 0.0875702 0.08888 0.0902222 0.0915857 0.0929574 0.0943225 0.0956641 0.0969634 0.0981994 0.0993494 0.100389 0.101292 0.102032 0.102579 0.102907 0.102985 0.102787 0.102285 0.101455 0.100275 0.0987281 0.0968008 0.094487 0.0917876 0.0887118 0.0852773 0.0815104 0.0774456 0.0731242 0.0685929 0.0639024 0.0591058 0.054258 0.0494147 0.0446327 0.0399684 0.0354765 0.0312069 0.0272019 0.0234921 0.0200956 0.0170186 0.0142589 0.0118097 0.00966371 0.00781271 0.00624538 0.00494322 0.00387843 0.00301558 0.00231703 0.00174948 0.00128823 0.00091745 0.000627091 0.000408776 0.000252924 0.000148059 8.18354e-05 4.2661e-05 2.0966e-05 9.71429e-06 4.24482e-06 1.7502e-06 6.8136e-07 2.50627e-07 8.71671e-08 2.86855e-08 8.93837e-09 2.63891e-09 7.38638e-10 1.96122e-10 4.94237e-11 1.18267e-11 2.6884e-12 5.80748e-13 1.19256e-13 2.32858e-14 4.32422e-15 7.63707e-16 1.27381e-16 1.41535e-17 
0 1.06096e-16 6.53167e-16 3.7387e-15 2.03464e-14 1.05313e-13 5.18328e-13 2.42517e-12 1.07832e-11 4.5546e-11 1.82669e-10 6.95297e-10 2.51033e-09 8.59174e-09 2.78572e-08 8.55049e-08 2.48266e-07 6.8136e-07 1.76613e-06 4.32028e-06 9.96601e-06 2.16656e-05 4.43671e-05 8.55698e-05 0.000155483 0.000266432 0.000431417 0.000662317 0.000968865 0.00135969 0.0018459 0.00244581 0.00318809 0.0041105 0.00525389 0.00665447 0.00833854 0.0103225 0.0126169 0.0152316 0.0181768 0.0214609 0.0250849 0.0290372 0.0332913 0.0378072 0.0425343 0.0474163 0.0523938 0.0574065 0.0623938 0.0672948 0.072049 0.0765973 0.0808843 0.0848601 0.088483 0.0917206 0.0945508 0.0969614 0.0989498 0.100522 0.10169 0.102472 0.102892 0.102977 0.102755 0.102258 0.101518 0.100566 0.0994362 0.0981587 0.0967633 0.0952783 0.0937293 0.09214 0.0905313 0.0889219 0.0873278 0.0857629 0.0842387 0.082765 0.0813495 0.0799985 0.078717 0.0775087 0.0763762 0.0753215 0.0743458 0.0734498 0.0726337 0.0718974 0.0712406 0.070663 0.0701639 0.0697427 0.0693991 0.0691323 0.0689421 0.0688281 0.0687901 0.0688281 0.0689421 0.0691323 0.0693991 0.0697427 0.0701639 0.070663 0.0712406 0.0718974 0.0726337 0.0734498 0.0743458 0.0753215 0.0763762 0.0775087 0.078717 0.0799985 0.0813495 0.082765 0.0842387 0.0857629 0.0873278 0.0889219 0.0905313 0.09214 0.0937293 0.0952783 0.0967633 0.0981587 0.0994362 0.100566 0.101518 0.102258 0.102755 0.102977 0.102892 0.102472 0.10169 0.100522 0.0989498 0.0969614 0.0945508 0.0917206 0.088483 0.0848601 0.0808843 0.0765973 0.072049 0.0672948 0.0623938 0.0574065 0.0523938 0.0474163 0.0425343 0.0378072 0.0332913 0.0290372 0.0250849 0.0214609 0.0181768 0.0152316 0.0126169 0.0103225 0.00833854 0.00665447 0.00525389 0.0041105 0.00318809 0.00244581 0.0018459 0.00135969 0.000968865 0.000662317 0.000431417 0.000266432 0.000155483 8.55698e-05 4.43671e-05 2.16656e-05 9.96601e-06 4.32028e-06 1.76613e-06 6.8136e-07 2.48266e-07 8.55049e-08 2.78572e-08 8.59174e-09 2.51033e-09 6.95297e-10 1.82669e-10 4.5546e-11 1.07832e-11 2.42517e-12 5.18328e-13 1.05313e-13 2.03463e-14 3.73796e-15 6.48316e-16 7.61402e-17 
