0 0 0 0 0 0 0 0 0 0 0 0 0 0 0 0 0 0 0 0 0 0 0 0 0 0 0 0 0 0 0 0 0 0 0 0 0 0 0 0 0 0 0 0 0 0 0 0 0 0 0 0 0 0 0 0 0 0 0 0 0 0 0 0 0 0 0 0 0 0 0 0 0 0 0 0 0 0 0 0 0 0 0 0 0 0 0 0 0 0 0 0 0 0 0 0 0 0 0 0 0 0 0 0 0 0 0 0 0 0 0 0 0 0 0 0 0 0 0 0 0 0 0 0 0 0 0 0 0 0 0 0 0 0 0 0 0 0 0 0 0 0 0 0 0 0 0 0 0 0 0 0 0 0 0 0 0 0 0 0 0 0 0 0 0 0 0 0 0 0 0 0 0 0 0 0 0 0 0 0 0 0 0 0 0 0 0 0 0 0 0 0 0 0 0 0 0 0 0 0 
0 2.33209e-46 7.0796e-45 1.94535e-43 4.86986e-42 1.11601e-40 2.35107e-39 4.5697e-38 8.22079e-37 1.37264e-35 2.13252e-34 3.08939e-33 4.18164e-32 5.29755e-31 6.29124e-30 7.01361e-29 7.34918e-28 7.24642e-27 6.73039e-26 5.89374e-25 4.87011e-24 3.80024e-23 2.80224e-22 1.95384e-21 1.28887e-20 8.04798e-20 4.75911e-19 2.66634e-18 1.4159e-17 7.12914e-17 3.4048e-16 1.54294e-15 6.63685e-15 2.71072e-14 1.05167e-13 3.87717e-13 1.35886e-12 4.52961e-12 1.43679e-11 4.33929e-11 1.24856e-10 3.42512e-10 8.96504e-10 2.24088e-09 5.35411e-09 1.22409e-08 2.68091e-08 5.6315e-08 1.13605e-07 2.20386e-07 4.1172e-07 7.4179e-07 1.29082e-06 2.17275e-06 3.54301e-06 5.60543e-06 8.61729e-06 1.28914e-05 1.87943e-05 2.67403e-05 3.71806e-05 5.05894e-05 6.74459e-05 8.82156e-05 0.000113331 0.000143174 0.00017806 0.000218228 0.000263831 0.000314934 0.000371514 0.000433463 0.000500595 0.000572652 0.000649312 0.000730197 0.000814881 0.000902892 0.000993724 0.00108684 0.00118166 0.0012776 0.00137403 0.00147033 0.00156583 0.00165989 0.00175183 0.00184099 0.00192671 0.00200834 0.00208527 0.00215688 0.00222261 0.00228194 0.00233438 0.00237952 0.00241697 0.00244642 0.00246764 0.00248045 0.00248472 0.00248045 0.00246764 0.00244642 0.00241697 0.00237952 0.00233438 0.00228194 0.00222261 0.00215688 0.00208527 0.00200834 0.00192671 0.00184099 0.00175183 0.00165989 0.00156583 0.00147033 0.00137403 0.0012776 0.00118166 0.00108684 0.000993724 0.000902892 0.000814881 0.000730197 0.000649312 0.000572652 0.000500595 0.000433463 0.000371514 0.000314934 0.000263831 0.000218228 0.00017806 0.000143174 0.000113331 8.82156e-05 6.74459e-05 5.05894e-05 3.71806e-05 2.67403e-05 1.87943e-05 1.28914e-05 8.61729e-06 5.60543e-06 3.54301e-06 2.17275e-06 1.29082e-06 7.4179e-07 4.1172e-07 2.20386e-07 1.13605e-07 5.6315e-08 2.68091e-08 1.22409e-08 5.35411e-09 2.24088e-09 8.96504e-10 3.42512e-10 1.24856e-10 4.33929e-11 1.43679e-11 4.52961e-12 1.35886e-12 3.87717e-13 1.05167e-13 2.71072e-14 6.63685e-15 1.54294e-15 3.4048e-16 7.12914e-17 1.4159e-17 2.66634e-18 4.75911e-19 8.04798e-20 1.28887e-20 1.95384e-21 2.80224e-22 3.80024e-23 4.87011e-24 5.89374e-25 6.73039e-26 7.24642e-27 7.34918e-28 7.01361e-29 6.29124e-30 5.29755e-31 4.18164e-32 3.08939e-33 2.13252e-34 1.37264e-35 8.22079e-37 4.5697e-38 2.35107e-39 1.11601e-40 4.86986e-42 1.94535e-43 7.0763e-45 1.21987e-46 
0 7.0796e-45 1.96742e-43 4.97678e-42 1.15261e-40 2.45425e-39 4.82201e-38 8.76991e-37 1.48058e-35 2.32603e-34 3.40798e-33 4.66581e-32 5.97949e-31 7.18437e-30 8.10422e-29 8.5937e-28 8.57608e-27 8.06273e-26 7.14761e-25 5.97979e-24 4.72482e-23 3.52819e-22 2.49146e-21 1.66468e-20 1.05294e-19 6.30773e-19 3.58032e-18 1.92628e-17 9.82705e-17 4.7554e-16 2.1835e-15 9.51631e-15 3.938e-14 1.54783e-13 5.78058e-13 2.05204e-12 6.92717e-12 2.22476e-11 6.80142e-11 1.98043e-10 5.49606e-10 1.45478e-09 3.67586e-09 8.87427e-09 2.04907e-08 4.5301e-08 9.60074e-08 1.95298e-07 3.81832e-07 7.18523e-07 1.30328e-06 2.282e-06 3.86314e-06 6.33258e-06 1.00672e-05 1.5545e-05 2.33501e-05 3.41703e-05 4.87872e-05 6.80577e-05 9.28882e-05 0.000124204 0.000162914 0.000209877 0.000265869 0.000331553 0.00040746 0.000493974 0.00059132 0.00069957 0.000818637 0.000948291 0.00108816 0.00123776 0.00139648 0.0015636 0.00173831 0.0019197 0.0021068 0.00229855 0.0024938 0.00269137 0.00289001 0.0030884 0.00328521 0.00347908 0.00366862 0.00385245 0.00402921 0.00419754 0.00435615 0.0045038 0.00463932 0.00476163 0.00486973 0.00496275 0.00503992 0.00510061 0.00514433 0.0051707 0.00517952 0.0051707 0.00514433 0.00510061 0.00503992 0.00496275 0.00486973 0.00476163 0.00463932 0.0045038 0.00435615 0.00419754 0.00402921 0.00385245 0.00366862 0.00347908 0.00328521 0.0030884 0.00289001 0.00269137 0.0024938 0.00229855 0.0021068 0.0019197 0.00173831 0.0015636 0.00139648 0.00123776 0.00108816 0.000948291 0.000818637 0.00069957 0.00059132 0.000493974 0.00040746 0.000331553 0.000265869 0.000209877 0.000162914 0.000124204 9.28882e-05 6.80577e-05 4.87872e-05 3.41703e-05 2.33501e-05 1.5545e-05 1.00672e-05 6.33258e-06 3.86314e-06 2.282e-06 1.30328e-06 7.18523e-07 3.81832e-07 1.95298e-07 9.60074e-08 4.5301e-08 2.04907e-08 8.87427e-09 3.67586e-09 1.45478e-09 5.49606e-10 1.98043e-10 6.80142e-11 2.22476e-11 6.92717e-12 2.05204e-12 5.78058e-13 1.54783e-13 3.938e-14 9.51631e-15 2.1835e-15 4.7554e-16 9.82705e-17 1.92628e-17 3.58032e-18 6.30773e-19 1.05294e-19 1.66468e-20 2.49146e-21 3.52819e-22 4.72482e-23 5.97979e-24 7.14761e-25 8.06273e-26 8.57608e-27 8.5937e-28 8.10422e-29 7.18437e-30 5.97949e-31 4.66581e-32 3.40798e-33 2.32603e-34 1.48058e-35 8.76991e-37 4.82201e-38 2.45425e-39 1.15261e-40 4.97678e-42 1.96633e-43 3.73994e-45 
0 1.94535e-43 4.97678e-42 1.16446e-40 2.50518e-39 4.97359e-38 9.1411e-37 1.55969e-35 2.47665e-34 3.66799e-33 5.07668e-32 6.57774e-31 7.99097e-30 9.11499e-29 9.77449e-28 9.86519e-27 9.38065e-26 8.41153e-25 7.11853e-24 5.68987e-23 4.29836e-22 3.07081e-21 2.07582e-20 1.3284e-19 8.0512e-19 4.62343e-18 2.51652e-17 1.29873e-16 6.35715e-16 2.95231e-15 1.30121e-14 5.44443e-14 2.16326e-13 8.16504e-13 2.92854e-12 9.9851e-12 3.23778e-11 9.98949e-11 2.93409e-10 8.20928e-10 2.18946e-09 5.57067e-09 1.3533e-08 3.14212e-08 6.97995e-08 1.48522e-07 3.03101e-07 5.94048e-07 1.11973e-06 2.03286e-06 3.56018e-06 6.02408e-06 9.86411e-06 1.56557e-05 2.41231e-05 3.61436e-05 5.27413e-05 7.5069e-05 0.000104379 0.000141986 0.000189219 0.00024738 0.000317695 0.000401274 0.000499078 0.000611897 0.000740331 0.000884788 0.00104548 0.00122242 0.00141545 0.00162422 0.00184822 0.00208677 0.00233903 0.002604 0.00288052 0.00316728 0.00346284 0.00376558 0.00407378 0.00438558 0.00469902 0.00501204 0.00532251 0.00562827 0.00592712 0.00621687 0.00649534 0.00676042 0.00701007 0.00724235 0.00745543 0.00764764 0.00781744 0.00796348 0.0080846 0.00817983 0.0082484 0.00828976 0.00830359 0.00828976 0.0082484 0.00817983 0.0080846 0.00796348 0.00781744 0.00764764 0.00745543 0.00724235 0.00701007 0.00676042 0.00649534 0.00621687 0.00592712 0.00562827 0.00532251 0.00501204 0.00469902 0.00438558 0.00407378 0.00376558 0.00346284 0.00316728 0.00288052 0.002604 0.00233903 0.00208677 0.00184822 0.00162422 0.00141545 0.00122242 0.00104548 0.000884788 0.000740331 0.000611897 0.000499078 0.000401274 0.000317695 0.00024738 0.000189219 0.000141986 0.000104379 7.5069e-05 5.27413e-05 3.61436e-05 2.41231e-05 1.56557e-05 9.86411e-06 6.02408e-06 3.56018e-06 2.03286e-06 1.11973e-06 5.94048e-07 3.03101e-07 1.48522e-07 6.97995e-08 3.14212e-08 1.3533e-08 5.57067e-09 2.18946e-09 8.20928e-10 2.93409e-10 9.98949e-11 3.23778e-11 9.9851e-12 2.92854e-12 8.16504e-13 2.16326e-13 5.44443e-14 1.30121e-14 2.95231e-15 6.35715e-16 1.29873e-16 2.51652e-17 4.62343e-18 8.0512e-19 1.3284e-19 2.07582e-20 3.07081e-21 4.29836e-22 5.68987e-23 7.11853e-24 8.41153e-25 9.38065e-26 9.86519e-27 9.77449e-28 9.11499e-29 7.99097e-30 6.57774e-31 5.07668e-32 3.66799e-33 2.47665e-34 1.55969e-35 9.1411e-37 4.97359e-38 2.50518e-39 1.16446e-40 4.97355e-42 1.03805e-43 
0 4.86986e-42 1.15261e-40 2.50518e-39 5.02516e-38 9.33251e-37 1.60916e-35 2.58241e-34 3.8657e-33 5.40826e-32 7.08389e-31 8.70058e-30 1.00345e-28 1.08807e-27 1.11053e-26 1.06794e-25 9.68516e-25 8.29025e-24 6.70268e-23 5.12197e-22 3.70162e-21 2.5313e-20 1.63871e-19 1.00474e-18 5.83674e-18 3.21368e-17 1.67761e-16 8.30551e-16 3.90078e-15 1.73845e-14 7.35387e-14 2.95345e-13 1.12648e-12 4.08164e-12 1.40541e-11 4.60035e-11 1.43213e-10 4.24215e-10 1.1963e-09 3.21382e-09 8.23076e-09 2.01118e-08 4.69305e-08 1.04687e-07 2.23491e-07 4.5718e-07 8.97337e-07 1.69231e-06 3.07125e-06 5.37201e-06 9.07087e-06 1.48105e-05 2.34223e-05 3.59382e-05 5.35898e-05 7.77913e-05 0.000110107 0.000152206 0.000205807 0.000272621 0.000354295 0.000452358 0.000568188 0.00070298 0.000857731 0.00103323 0.00123007 0.00144864 0.00168913 0.00195153 0.00223566 0.00254111 0.00286728 0.00321334 0.00357823 0.00396064 0.00435904 0.00477161 0.00519632 0.0056309 0.00607285 0.00651949 0.00696798 0.00741536 0.00785856 0.00829446 0.00871993 0.00913187 0.00952723 0.00990306 0.0102565 0.010585 0.0108859 0.011157 0.0113963 0.0116019 0.0117723 0.0119061 0.0120025 0.0120606 0.01208 0.0120606 0.0120025 0.0119061 0.0117723 0.0116019 0.0113963 0.011157 0.0108859 0.010585 0.0102565 0.00990306 0.00952723 0.00913187 0.00871993 0.00829446 0.00785856 0.00741536 0.00696798 0.00651949 0.00607285 0.0056309 0.00519632 0.00477161 0.00435904 0.00396064 0.00357823 0.00321334 0.00286728 0.00254111 0.00223566 0.00195153 0.00168913 0.00144864 0.00123007 0.00103323 0.000857731 0.00070298 0.000568188 0.000452358 0.000354295 0.000272621 0.000205807 0.000152206 0.000110107 7.77913e-05 5.35898e-05 3.59382e-05 2.34223e-05 1.48105e-05 9.07087e-06 5.37201e-06 3.07125e-06 1.69231e-06 8.97337e-07 4.5718e-07 2.23491e-07 1.04687e-07 4.69305e-08 2.01118e-08 8.23076e-09 3.21382e-09 1.1963e-09 4.24215e-10 1.43213e-10 4.60035e-11 1.40541e-11 4.08164e-12 1.12648e-12 2.95345e-13 7.35387e-14 1.73845e-14 3.90078e-15 8.30551e-16 1.67761e-16 3.21368e-17 5.83674e-18 1.00474e-18 1.63871e-19 2.5313e-20 3.70162e-21 5.12197e-22 6.70268e-23 8.29025e-24 9.68516e-25 1.06794e-25 1.11053e-26 1.08807e-27 1.00345e-28 8.70058e-30 7.08389e-31 5.40826e-32 3.8657e-33 2.58241e-34 1.60916e-35 9.33251e-37 5.02516e-38 2.50518e-39 1.15174e-40 2.62529e-42 
0 1.11601e-40 2.45425e-39 4.97359e-38 9.33251e-37 1.62599e-35 2.63696e-34 3.98938e-33 5.64122e-32 7.46902e-31 9.2737e-30 1.08131e-28 1.18549e-27 1.22345e-26 1.18974e-25 1.09118e-24 9.44633e-24 7.72459e-23 5.97059e-22 4.36457e-21 3.01908e-20 1.97707e-19 1.22621e-18 7.20551e-18 4.01298e-17 2.11887e-16 1.06095e-15 5.03905e-15 2.27077e-14 9.71107e-14 3.94215e-13 1.51941e-12 5.5617e-12 1.93397e-11 6.3906e-11 2.00743e-10 5.99697e-10 1.70461e-09 4.61283e-09 1.18917e-08 2.92267e-08 6.85411e-08 1.53525e-07 3.28799e-07 6.7411e-07 1.32479e-06 2.49914e-06 4.5323e-06 7.91442e-06 1.33294e-05 2.1689e-05 3.41552e-05 5.21477e-05 7.7329e-05 0.00011157 0.000156896 0.000215419 0.000289264 0.000380501 0.000491081 0.000622795 0.000777241 0.000955821 0.00115973 0.00138999 0.00164741 0.00193267 0.00224623 0.00258839 0.00295923 0.00335859 0.00378606 0.00424089 0.00472202 0.00522801 0.00575705 0.00630695 0.00687513 0.00745869 0.00805437 0.00865866 0.00926778 0.00987781 0.0104847 0.0110842 0.0116722 0.0122446 0.0127973 0.0133264 0.0138281 0.0142989 0.0147353 0.0151344 0.0154933 0.0158095 0.0160809 0.0163055 0.0164817 0.0166085 0.0166849 0.0167105 0.0166849 0.0166085 0.0164817 0.0163055 0.0160809 0.0158095 0.0154933 0.0151344 0.0147353 0.0142989 0.0138281 0.0133264 0.0127973 0.0122446 0.0116722 0.0110842 0.0104847 0.00987781 0.00926778 0.00865866 0.00805437 0.00745869 0.00687513 0.00630695 0.00575705 0.00522801 0.00472202 0.00424089 0.00378606 0.00335859 0.00295923 0.00258839 0.00224623 0.00193267 0.00164741 0.00138999 0.00115973 0.000955821 0.000777241 0.000622795 0.000491081 0.000380501 0.000289264 0.000215419 0.000156896 0.00011157 7.7329e-05 5.21477e-05 3.41552e-05 2.1689e-05 1.33294e-05 7.91442e-06 4.5323e-06 2.49914e-06 1.32479e-06 6.7411e-07 3.28799e-07 1.53525e-07 6.85411e-08 2.92267e-08 1.18917e-08 4.61283e-09 1.70461e-09 5.99697e-10 2.00743e-10 6.3906e-11 1.93397e-11 5.5617e-12 1.51941e-12 3.94215e-13 9.71107e-14 2.27077e-14 5.03905e-15 1.06095e-15 2.11887e-16 4.01298e-17 7.20551e-18 1.22621e-18 1.97707e-19 3.01908e-20 4.36457e-21 5.97059e-22 7.72459e-23 9.44633e-24 1.09118e-24 1.18974e-25 1.22345e-26 1.18549e-27 1.08131e-28 9.2737e-30 7.46902e-31 5.64122e-32 3.98938e-33 2.63696e-34 1.62599e-35 9.33251e-37 4.97358e-38 2.45212e-39 6.0792e-41 
0 2.35107e-39 4.82201e-38 9.1411e-37 1.60916e-35 2.63696e-34 4.03148e-33 5.76143e-32 7.71003e-31 9.67653e-30 1.14058e-28 1.26421e-27 1.31913e-26 1.29708e-25 1.20296e-24 1.05315e-23 8.70959e-23 6.80858e-22 5.03404e-21 3.5221e-20 2.33296e-19 1.46357e-18 8.69902e-18 4.90027e-17 2.61688e-16 1.32517e-15 6.36479e-15 2.90009e-14 1.25384e-13 5.14472e-13 2.00381e-12 7.40999e-12 2.60225e-11 8.68086e-11 2.75166e-10 8.29083e-10 2.37552e-09 6.47577e-09 1.68055e-08 4.1547e-08 9.79258e-08 2.20253e-07 4.73216e-07 9.72333e-07 1.91312e-06 3.60953e-06 6.54024e-06 1.13991e-05 1.91433e-05 3.10313e-05 4.86417e-05 7.3867e-05 0.000108878 0.000156063 0.000217943 0.000297084 0.000396003 0.000517099 0.000662598 0.000834527 0.00103472 0.00126481 0.00152629 0.00182052 0.00214873 0.002512 0.00291129 0.00334736 0.00382069 0.00433147 0.00487948 0.00546407 0.00608406 0.00673777 0.00742296 0.00813682 0.00887607 0.0096369 0.0104151 0.0112062 0.0120051 0.012807 0.0136065 0.0143985 0.0151775 0.0159385 0.0166763 0.017386 0.018063 0.0187027 0.0193011 0.0198543 0.0203589 0.0208116 0.0212096 0.0215505 0.0218323 0.0220532 0.022212 0.0223076 0.0223395 0.0223076 0.022212 0.0220532 0.0218323 0.0215505 0.0212096 0.0208116 0.0203589 0.0198543 0.0193011 0.0187027 0.018063 0.017386 0.0166763 0.0159385 0.0151775 0.0143985 0.0136065 0.012807 0.0120051 0.0112062 0.0104151 0.0096369 0.00887607 0.00813682 0.00742296 0.00673777 0.00608406 0.00546407 0.00487948 0.00433147 0.00382069 0.00334736 0.00291129 0.002512 0.00214873 0.00182052 0.00152629 0.00126481 0.00103472 0.000834527 0.000662598 0.000517099 0.000396003 0.000297084 0.000217943 0.000156063 0.000108878 7.3867e-05 4.86417e-05 3.10313e-05 1.91433e-05 1.13991e-05 6.54024e-06 3.60953e-06 1.91312e-06 9.72333e-07 4.73216e-07 2.20253e-07 9.79258e-08 4.1547e-08 1.68055e-08 6.47577e-09 2.37552e-09 8.29083e-10 2.75166e-10 8.68086e-11 2.60225e-11 7.40999e-12 2.00381e-12 5.14472e-13 1.25384e-13 2.90009e-14 6.36479e-15 1.32517e-15 2.61688e-16 4.90027e-17 8.69902e-18 1.46357e-18 2.33296e-19 3.5221e-20 5.03404e-21 6.80858e-22 8.70959e-23 1.05315e-23 1.20296e-24 1.29708e-25 1.31913e-26 1.26421e-27 1.14058e-28 9.67653e-30 7.71003e-31 5.76143e-32 4.03148e-33 2.63696e-34 1.60916e-35 9.14108e-37 4.81724e-38 1.29432e-39 
0 4.5697e-38 8.76991e-37 1.55969e-35 2.58241e-34 3.98938e-33 5.76143e-32 7.79208e-31 9.88443e-30 1.17769e-28 1.31957e-27 1.39201e-26 1.38387e-25 1.29773e-24 1.14884e-23 9.60787e-23 7.59574e-22 5.67981e-21 4.01918e-20 2.69261e-19 1.7085e-18 1.02708e-17 5.85169e-17 3.16049e-16 1.61855e-15 7.86111e-15 3.62166e-14 1.58297e-13 6.56517e-13 2.58404e-12 9.65391e-12 3.42405e-11 1.15319e-10 3.68884e-10 1.12108e-09 3.23817e-09 8.89326e-09 2.32351e-08 5.77853e-08 1.36897e-07 3.09199e-07 6.66461e-07 1.37241e-06 2.70338e-06 5.10083e-06 9.23295e-06 1.60588e-05 2.68849e-05 4.34035e-05 6.76992e-05 0.00010222 0.000149712 0.000213117 0.000295464 0.000399752 0.00052886 0.000685482 0.000872107 0.00109103 0.00134439 0.00163422 0.0019625 0.00233115 0.00274206 0.00319703 0.00369767 0.00424535 0.00484106 0.00548529 0.00617795 0.00691827 0.00770475 0.00853513 0.00940641 0.0103149 0.0112562 0.0122253 0.0132169 0.0142251 0.0152438 0.0162666 0.0172871 0.0182989 0.0192956 0.0202709 0.0212189 0.0221336 0.0230097 0.0238419 0.0246253 0.0253556 0.0260286 0.0266405 0.0271882 0.0276687 0.0280795 0.0284184 0.0286838 0.0288744 0.028989 0.0290273 0.028989 0.0288744 0.0286838 0.0284184 0.0280795 0.0276687 0.0271882 0.0266405 0.0260286 0.0253556 0.0246253 0.0238419 0.0230097 0.0221336 0.0212189 0.0202709 0.0192956 0.0182989 0.0172871 0.0162666 0.0152438 0.0142251 0.0132169 0.0122253 0.0112562 0.0103149 0.00940641 0.00853513 0.00770475 0.00691827 0.00617795 0.00548529 0.00484106 0.00424535 0.00369767 0.00319703 0.00274206 0.00233115 0.0019625 0.00163422 0.00134439 0.00109103 0.000872107 0.000685482 0.00052886 0.000399752 0.000295464 0.000213117 0.000149712 0.00010222 6.76992e-05 4.34035e-05 2.68849e-05 1.60588e-05 9.23295e-06 5.10083e-06 2.70338e-06 1.37241e-06 6.66461e-07 3.09199e-07 1.36897e-07 5.77853e-08 2.32351e-08 8.89326e-09 3.23817e-09 1.12108e-09 3.68884e-10 1.15319e-10 3.42405e-11 9.65391e-12 2.58404e-12 6.56517e-13 1.58297e-13 3.62166e-14 7.86111e-15 1.61855e-15 3.16049e-16 5.85169e-17 1.02708e-17 1.7085e-18 2.69261e-19 4.01918e-20 5.67981e-21 7.59574e-22 9.60787e-23 1.14884e-23 1.29773e-24 1.38387e-25 1.39201e-26 1.31957e-27 1.17769e-28 9.88443e-30 7.79208e-31 5.76143e-32 3.98938e-33 2.58241e-34 1.55969e-35 8.76009e-37 2.543e-38 
0 8.22079e-37 1.48058e-35 2.47665e-34 3.8657e-33 5.64122e-32 7.71003e-31 9.88443e-30 1.19032e-28 1.34814e-27 1.43764e-26 1.44492e-25 1.36995e-24 1.22624e-23 1.03699e-22 8.29025e-22 6.26909e-21 4.4864e-20 3.03974e-19 1.95068e-18 1.18601e-17 6.83393e-17 3.73281e-16 1.9332e-15 9.49446e-15 4.42268e-14 1.95426e-13 8.19247e-13 3.25863e-12 1.22998e-11 4.40617e-11 1.49828e-10 4.83696e-10 1.48287e-09 4.31826e-09 1.19493e-08 3.14336e-08 7.86497e-08 1.87298e-07 4.2485e-07 9.18751e-07 1.89617e-06 3.73931e-06 7.05554e-06 1.27569e-05 2.21384e-05 3.69409e-05 5.93813e-05 9.2138e-05 0.000138286 0.000201186 0.000284344 0.000391272 0.000525363 0.000689811 0.000887597 0.00112151 0.00139423 0.0017084 0.0020667 0.00247191 0.00292686 0.0034344 0.00399726 0.00461791 0.00529835 0.00603998 0.00684342 0.00770839 0.00863364 0.00961692 0.010655 0.0117436 0.0128779 0.0140519 0.0152593 0.0164932 0.0177464 0.0190113 0.0202804 0.021546 0.0228005 0.0240366 0.0252471 0.026425 0.0275639 0.0286575 0.0297001 0.0306862 0.031611 0.0324698 0.0332588 0.0339741 0.0346126 0.0351715 0.0356483 0.0360412 0.0363484 0.0365687 0.0367012 0.0367455 0.0367012 0.0365687 0.0363484 0.0360412 0.0356483 0.0351715 0.0346126 0.0339741 0.0332588 0.0324698 0.031611 0.0306862 0.0297001 0.0286575 0.0275639 0.026425 0.0252471 0.0240366 0.0228005 0.021546 0.0202804 0.0190113 0.0177464 0.0164932 0.0152593 0.0140519 0.0128779 0.0117436 0.010655 0.00961692 0.00863364 0.00770839 0.00684342 0.00603998 0.00529835 0.00461791 0.00399726 0.0034344 0.00292686 0.00247191 0.0020667 0.0017084 0.00139423 0.00112151 0.000887597 0.000689811 0.000525363 0.000391272 0.000284344 0.000201186 0.000138286 9.2138e-05 5.93813e-05 3.69409e-05 2.21384e-05 1.27569e-05 7.05554e-06 3.73931e-06 1.89617e-06 9.18751e-07 4.2485e-07 1.87298e-07 7.86497e-08 3.14336e-08 1.19493e-08 4.31826e-09 1.48287e-09 4.83696e-10 1.49828e-10 4.40617e-11 1.22998e-11 3.25863e-12 8.19247e-13 1.95426e-13 4.42268e-14 9.49446e-15 1.9332e-15 3.73281e-16 6.83393e-17 1.18601e-17 1.95068e-18 3.03974e-19 4.4864e-20 6.26909e-21 8.29025e-22 1.03699e-22 1.22624e-23 1.36995e-24 1.44492e-25 1.43764e-26 1.34814e-27 1.19032e-28 9.88443e-30 7.71003e-31 5.64122e-32 3.8657e-33 2.47664e-34 1.47872e-35 4.6253e-37 
0 1.37264e-35 2.32603e-34 3.66799e-33 5.40826e-32 7.46902e-31 9.67653e-30 1.17769e-28 1.34814e-27 1.45318e-26 1.47644e-25 1.41518e-24 1.28071e-23 1.09507e-22 8.85235e-22 6.76921e-21 4.89883e-20 3.35666e-19 2.17843e-18 1.33948e-17 7.80555e-17 4.31166e-16 2.25809e-15 1.12141e-14 5.28161e-14 2.35937e-13 9.99755e-13 4.01878e-12 1.53261e-11 5.54556e-11 1.90405e-10 6.2042e-10 1.91885e-09 5.63425e-09 1.57106e-08 4.16168e-08 1.04775e-07 2.50847e-07 5.71502e-07 1.24007e-06 2.56522e-06 5.06462e-06 9.55625e-06 1.7258e-05 2.98798e-05 4.96862e-05 7.95096e-05 0.000122699 0.000183004 0.000264412 0.000370968 0.00050661 0.000675069 0.000879838 0.00112422 0.00141145 0.00174481 0.00212778 0.00256407 0.00305764 0.00361261 0.00423304 0.00492273 0.00568496 0.00652221 0.00743596 0.00842654 0.00949299 0.010633 0.0118432 0.0131187 0.0144538 0.0158419 0.0172755 0.0187466 0.0202467 0.0217673 0.0232994 0.0248341 0.0263627 0.0278767 0.0293676 0.0308276 0.0322489 0.0336244 0.0349473 0.0362115 0.0374111 0.038541 0.0395964 0.040573 0.0414671 0.0422753 0.0429947 0.043623 0.0441579 0.0445979 0.0449414 0.0451876 0.0453355 0.0453849 0.0453355 0.0451876 0.0449414 0.0445979 0.0441579 0.043623 0.0429947 0.0422753 0.0414671 0.040573 0.0395964 0.038541 0.0374111 0.0362115 0.0349473 0.0336244 0.0322489 0.0308276 0.0293676 0.0278767 0.0263627 0.0248341 0.0232994 0.0217673 0.0202467 0.0187466 0.0172755 0.0158419 0.0144538 0.0131187 0.0118432 0.010633 0.00949299 0.00842654 0.00743596 0.00652221 0.00568496 0.00492273 0.00423304 0.00361261 0.00305764 0.00256407 0.00212778 0.00174481 0.00141145 0.00112422 0.000879838 0.000675069 0.00050661 0.000370968 0.000264412 0.000183004 0.000122699 7.95096e-05 4.96862e-05 2.98798e-05 1.7258e-05 9.55625e-06 5.06462e-06 2.56522e-06 1.24007e-06 5.71502e-07 2.50847e-07 1.04775e-07 4.16168e-08 1.57106e-08 5.63425e-09 1.91885e-09 6.2042e-10 1.90405e-10 5.54556e-11 1.53261e-11 4.01878e-12 9.99755e-13 2.35937e-13 5.28161e-14 1.12141e-14 2.25809e-15 4.31166e-16 7.80555e-17 1.33948e-17 2.17843e-18 3.35666e-19 4.89883e-20 6.76921e-21 8.85235e-22 1.09507e-22 1.28071e-23 1.41518e-24 1.47644e-25 1.45318e-26 1.34814e-27 1.17769e-28 9.67653e-30 7.46902e-31 5.40826e-32 3.66797e-33 2.32276e-34 7.80984e-36 
0 2.13252e-34 3.40798e-33 5.07668e-32 7.08389e-31 9.2737e-30 1.14058e-28 1.31957e-27 1.43764e-26 1.47644e-25 1.43059e-24 1.30885e-23 1.13147e-22 9.24802e-22 7.15059e-21 5.23276e-20 3.62574e-19 2.37955e-18 1.47964e-17 8.71952e-17 4.87075e-16 2.57952e-15 1.29533e-14 6.16835e-14 2.78571e-13 1.19318e-12 4.8473e-12 1.86781e-11 6.8269e-11 2.36697e-10 7.78516e-10 2.42937e-09 7.19338e-09 2.0215e-08 5.39305e-08 1.3664e-07 3.28932e-07 7.5281e-07 1.63923e-06 3.39908e-06 6.71932e-06 1.26789e-05 2.28704e-05 3.95019e-05 6.54527e-05 0.000104253 0.000159981 0.000237079 0.000340137 0.000473672 0.000641985 0.000849104 0.00109885 0.001395 0.00174148 0.00214257 0.00260301 0.00312801 0.00372311 0.00439396 0.00514594 0.00598381 0.00691138 0.00793114 0.00904412 0.0102497 0.0115457 0.0129282 0.014392 0.0159307 0.0175365 0.019201 0.0209151 0.0226692 0.0244533 0.0262572 0.028071 0.0298844 0.0316876 0.0334711 0.0352256 0.0369424 0.0386132 0.0402302 0.0417863 0.043275 0.0446903 0.0460269 0.04728 0.0484454 0.0495196 0.0504993 0.0513819 0.0521653 0.0528475 0.053427 0.0539027 0.0542735 0.0545389 0.0546983 0.0547515 0.0546983 0.0545389 0.0542735 0.0539027 0.053427 0.0528475 0.0521653 0.0513819 0.0504993 0.0495196 0.0484454 0.04728 0.0460269 0.0446903 0.043275 0.0417863 0.0402302 0.0386132 0.0369424 0.0352256 0.0334711 0.0316876 0.0298844 0.028071 0.0262572 0.0244533 0.0226692 0.0209151 0.019201 0.0175365 0.0159307 0.014392 0.0129282 0.0115457 0.0102497 0.00904412 0.00793114 0.00691138 0.00598381 0.00514594 0.00439396 0.00372311 0.00312801 0.00260301 0.00214257 0.00174148 0.001395 0.00109885 0.000849104 0.000641985 0.000473672 0.000340137 0.000237079 0.000159981 0.000104253 6.54527e-05 3.95019e-05 2.28704e-05 1.26789e-05 6.71932e-06 3.39908e-06 1.63923e-06 7.5281e-07 3.28932e-07 1.3664e-07 5.39305e-08 2.0215e-08 7.19338e-09 2.42937e-09 7.78516e-10 2.36697e-10 6.8269e-11 1.86781e-11 4.8473e-12 1.19318e-12 2.78571e-13 6.16835e-14 1.29533e-14 2.57952e-15 4.87075e-16 8.71952e-17 1.47964e-17 2.37955e-18 3.62574e-19 5.23276e-20 7.15059e-21 9.24802e-22 1.13147e-22 1.30885e-23 1.43059e-24 1.47644e-25 1.43764e-26 1.31957e-27 1.14058e-28 9.2737e-30 7.08389e-31 5.07665e-32 3.40266e-33 1.22724e-34 
0 3.08939e-33 4.66581e-32 6.57774e-31 8.70058e-30 1.08131e-28 1.26421e-27 1.39201e-26 1.44492e-25 1.41518e-24 1.30885e-23 1.14387e-22 9.45241e-22 7.38962e-21 5.46789e-20 3.831e-19 2.54244e-18 1.59868e-17 9.52688e-17 5.38149e-16 2.88192e-15 1.46332e-14 7.0455e-14 3.21676e-13 1.39275e-12 5.71841e-12 2.22652e-11 8.22099e-11 2.87849e-10 9.55768e-10 3.00956e-09 8.98763e-09 2.54586e-08 6.84155e-08 1.74472e-07 4.22388e-07 9.71265e-07 2.12269e-06 4.41286e-06 8.73529e-06 1.6485e-05 2.97018e-05 5.11781e-05 8.44933e-05 0.000133944 0.000204368 0.000300886 0.000428624 0.000592492 0.000797086 0.00104674 0.00134575 0.00169862 0.0021104 0.00258685 0.00313451 0.00376048 0.00447219 0.00527683 0.00618092 0.00718978 0.00830713 0.00953483 0.0108727 0.0123187 0.0138686 0.0155167 0.0172559 0.0190776 0.0209723 0.0229299 0.0249395 0.02699 0.0290698 0.0311675 0.0332714 0.0353703 0.037453 0.039509 0.041528 0.0435005 0.0454175 0.0472708 0.049053 0.0507573 0.0523779 0.0539096 0.055348 0.0566895 0.0579307 0.0590694 0.0601034 0.0610313 0.0618517 0.0625639 0.0631672 0.0636613 0.0640457 0.0643204 0.0644853 0.0645402 0.0644853 0.0643204 0.0640457 0.0636613 0.0631672 0.0625639 0.0618517 0.0610313 0.0601034 0.0590694 0.0579307 0.0566895 0.055348 0.0539096 0.0523779 0.0507573 0.049053 0.0472708 0.0454175 0.0435005 0.041528 0.039509 0.037453 0.0353703 0.0332714 0.0311675 0.0290698 0.02699 0.0249395 0.0229299 0.0209723 0.0190776 0.0172559 0.0155167 0.0138686 0.0123187 0.0108727 0.00953483 0.00830713 0.00718978 0.00618092 0.00527683 0.00447219 0.00376048 0.00313451 0.00258685 0.0021104 0.00169862 0.00134575 0.00104674 0.000797086 0.000592492 0.000428624 0.000300886 0.000204368 0.000133944 8.44933e-05 5.11781e-05 2.97018e-05 1.6485e-05 8.73529e-06 4.41286e-06 2.12269e-06 9.71265e-07 4.22388e-07 1.74472e-07 6.84155e-08 2.54586e-08 8.98763e-09 3.00956e-09 9.55768e-10 2.87849e-10 8.22099e-11 2.22652e-11 5.71841e-12 1.39275e-12 3.21676e-13 7.0455e-14 1.46332e-14 2.88192e-15 5.38149e-16 9.52688e-17 1.59868e-17 2.54244e-18 3.831e-19 5.46789e-20 7.38962e-21 9.45241e-22 1.14387e-22 1.30885e-23 1.41518e-24 1.44492e-25 1.39201e-26 1.26421e-27 1.08131e-28 8.70058e-30 6.5777e-31 4.65776e-32 1.79869e-33 
0 4.18164e-32 5.97949e-31 7.99097e-30 1.00345e-28 1.18549e-27 1.31913e-26 1.38387e-25 1.36995e-24 1.28071e-23 1.13147e-22 9.45241e-22 7.47105e-21 5.58937e-20 3.95967e-19 2.65716e-18 1.68951e-17 1.01809e-16 5.81533e-16 3.14907e-15 1.61679e-14 7.87062e-14 3.63297e-13 1.59004e-12 6.59843e-12 2.59619e-11 9.68439e-11 3.42472e-10 1.14808e-09 3.64841e-09 1.09905e-08 3.13854e-08 8.4974e-08 2.18158e-07 5.31257e-07 1.22763e-06 2.69342e-06 5.61475e-06 1.11315e-05 2.10126e-05 3.78196e-05 6.50126e-05 0.000106947 0.000168733 0.000255968 0.000374396 0.000529587 0.000726757 0.000970774 0.00126639 0.00161861 0.00203312 0.00251664 0.00307697 0.0037229 0.00446374 0.00530877 0.00626649 0.007344 0.00854647 0.00987676 0.0113353 0.0129203 0.0146274 0.0164505 0.0183819 0.0204124 0.0225317 0.0247284 0.0269907 0.029306 0.0316614 0.0340436 0.0364395 0.0388358 0.0412196 0.0435784 0.0459001 0.0481736 0.0503883 0.0525349 0.0546046 0.0565902 0.058485 0.0602836 0.0619814 0.063575 0.0650615 0.0664388 0.0677057 0.0688613 0.0699051 0.0708373 0.0716579 0.0723676 0.0729667 0.0734559 0.0738357 0.0741067 0.0742691 0.0743232 0.0742691 0.0741067 0.0738357 0.0734559 0.0729667 0.0723676 0.0716579 0.0708373 0.0699051 0.0688613 0.0677057 0.0664388 0.0650615 0.063575 0.0619814 0.0602836 0.058485 0.0565902 0.0546046 0.0525349 0.0503883 0.0481736 0.0459001 0.0435784 0.0412196 0.0388358 0.0364395 0.0340436 0.0316614 0.029306 0.0269907 0.0247284 0.0225317 0.0204124 0.0183819 0.0164505 0.0146274 0.0129203 0.0113353 0.00987676 0.00854647 0.007344 0.00626649 0.00530877 0.00446374 0.0037229 0.00307697 0.00251664 0.00203312 0.00161861 0.00126639 0.000970774 0.000726757 0.000529587 0.000374396 0.000255968 0.000168733 0.000106947 6.50126e-05 3.78196e-05 2.10126e-05 1.11315e-05 5.61475e-06 2.69342e-06 1.22763e-06 5.31257e-07 2.18158e-07 8.4974e-08 3.13854e-08 1.09905e-08 3.64841e-09 1.14808e-09 3.42472e-10 9.68439e-11 2.59619e-11 6.59843e-12 1.59004e-12 3.63297e-13 7.87062e-14 1.61679e-14 3.14907e-15 5.81533e-16 1.01809e-16 1.68951e-17 2.65716e-18 3.95967e-19 5.58937e-20 7.47105e-21 9.45241e-22 1.13147e-22 1.28071e-23 1.36995e-24 1.38387e-25 1.31913e-26 1.18549e-27 1.00345e-28 7.9909e-30 5.96815e-31 2.46365e-32 
0 5.29755e-31 7.18437e-30 9.11499e-29 1.08807e-27 1.22345e-26 1.29708e-25 1.29773e-24 1.22624e-23 1.09507e-22 9.24802e-22 7.38962e-21 5.58937e-20 4.00351e-19 2.71644e-18 1.74645e-17 1.06416e-16 6.14639e-16 3.3655e-15 1.74715e-14 8.59948e-14 4.01309e-13 1.77555e-12 7.44754e-12 2.96127e-11 1.11606e-10 3.98656e-10 1.34946e-09 4.32844e-09 1.31548e-08 3.78789e-08 1.03343e-07 2.67164e-07 6.54579e-07 1.52044e-06 3.34962e-06 7.00355e-06 1.39092e-05 2.62678e-05 4.72362e-05 8.10185e-05 0.000132807 0.000208547 0.000314562 0.000457128 0.000642158 0.000875105 0.00116116 0.00150571 0.00191491 0.0023962 0.00295855 0.00361234 0.00436893 0.00523981 0.00623577 0.00736598 0.00863731 0.0100539 0.0116171 0.0133253 0.0151745 0.0171585 0.019269 0.0214965 0.02383 0.0262572 0.0287652 0.0313399 0.0339667 0.0366305 0.0393158 0.042007 0.0446889 0.0473464 0.0499653 0.0525323 0.0550349 0.0574622 0.0598043 0.0620527 0.0642005 0.0662419 0.0681724 0.0699887 0.0716887 0.0732711 0.0747354 0.0760821 0.0773119 0.0784261 0.0794263 0.0803144 0.0810922 0.0817617 0.0823247 0.0827828 0.0831375 0.08339 0.0835412 0.0835915 0.0835412 0.08339 0.0831375 0.0827828 0.0823247 0.0817617 0.0810922 0.0803144 0.0794263 0.0784261 0.0773119 0.0760821 0.0747354 0.0732711 0.0716887 0.0699887 0.0681724 0.0662419 0.0642005 0.0620527 0.0598043 0.0574622 0.0550349 0.0525323 0.0499653 0.0473464 0.0446889 0.042007 0.0393158 0.0366305 0.0339667 0.0313399 0.0287652 0.0262572 0.02383 0.0214965 0.019269 0.0171585 0.0151745 0.0133253 0.0116171 0.0100539 0.00863731 0.00736598 0.00623577 0.00523981 0.00436893 0.00361234 0.00295855 0.0023962 0.00191491 0.00150571 0.00116116 0.000875105 0.000642158 0.000457128 0.000314562 0.000208547 0.000132807 8.10185e-05 4.72362e-05 2.62678e-05 1.39092e-05 7.00355e-06 3.34962e-06 1.52044e-06 6.54579e-07 2.67164e-07 1.03343e-07 3.78789e-08 1.31548e-08 4.32844e-09 1.34946e-09 3.98656e-10 1.11606e-10 2.96127e-11 7.44754e-12 1.77555e-12 4.01309e-13 8.59948e-14 1.74715e-14 3.3655e-15 6.14639e-16 1.06416e-16 1.74645e-17 2.71644e-18 4.00351e-19 5.58937e-20 7.38962e-21 9.24802e-22 1.09507e-22 1.22624e-23 1.29773e-24 1.29708e-25 1.22345e-26 1.08807e-27 9.11489e-29 7.16945e-30 3.15908e-31 
0 6.29124e-30 8.10422e-29 9.77449e-28 1.11053e-26 1.18974e-25 1.20296e-24 1.14884e-23 1.03699e-22 8.85235e-22 7.15059e-21 5.46789e-20 3.95967e-19 2.71644e-18 1.76586e-17 1.08797e-16 6.35397e-16 3.51796e-15 1.84662e-14 9.1899e-14 4.33591e-13 1.93936e-12 8.22255e-12 3.30424e-11 1.25833e-10 4.54052e-10 1.55216e-09 5.02592e-09 1.54128e-08 4.47596e-08 1.23082e-07 3.20484e-07 7.90231e-07 1.84555e-06 4.08382e-06 8.56657e-06 1.70479e-05 3.22178e-05 5.78968e-05 9.90996e-05 0.000161897 0.000253064 0.000379579 0.000548146 0.000764913 0.00103556 0.00136576 0.0017619 0.00223186 0.00278546 0.00343453 0.00419239 0.00507295 0.00608952 0.00725366 0.00857433 0.0100573 0.0117049 0.0135164 0.0154882 0.0176142 0.0198862 0.0222945 0.0248277 0.0274728 0.0302157 0.0330408 0.0359314 0.0388701 0.0418385 0.0448183 0.047791 0.0507386 0.0536442 0.0564916 0.0592665 0.0619557 0.0645481 0.0670343 0.0694064 0.0716587 0.0737867 0.0757877 0.0776601 0.0794038 0.0810194 0.0825088 0.0838742 0.0851186 0.0862452 0.0872577 0.0881597 0.088955 0.089647 0.0902392 0.0907346 0.091136 0.0914458 0.0916657 0.091797 0.0918407 0.091797 0.0916657 0.0914458 0.091136 0.0907346 0.0902392 0.089647 0.088955 0.0881597 0.0872577 0.0862452 0.0851186 0.0838742 0.0825088 0.0810194 0.0794038 0.0776601 0.0757877 0.0737867 0.0716587 0.0694064 0.0670343 0.0645481 0.0619557 0.0592665 0.0564916 0.0536442 0.0507386 0.047791 0.0448183 0.0418385 0.0388701 0.0359314 0.0330408 0.0302157 0.0274728 0.0248277 0.0222945 0.0198862 0.0176142 0.0154882 0.0135164 0.0117049 0.0100573 0.00857433 0.00725366 0.00608952 0.00507295 0.00419239 0.00343453 0.00278546 0.00223186 0.0017619 0.00136576 0.00103556 0.000764913 0.000548146 0.000379579 0.000253064 0.000161897 9.90996e-05 5.78968e-05 3.22178e-05 1.70479e-05 8.56657e-06 4.08382e-06 1.84555e-06 7.90231e-07 3.20484e-07 1.23082e-07 4.47596e-08 1.54128e-08 5.02592e-09 1.55216e-09 4.54052e-10 1.25833e-10 3.30424e-11 8.22255e-12 1.93936e-12 4.33591e-13 9.1899e-14 1.84662e-14 3.51796e-15 6.35397e-16 1.08797e-16 1.76586e-17 2.71644e-18 3.95967e-19 5.46789e-20 7.15059e-21 8.85235e-22 1.03699e-22 1.14884e-23 1.20296e-24 1.18974e-25 1.11053e-26 9.77436e-28 8.08586e-29 3.79826e-30 
0 7.01361e-29 8.5937e-28 9.86519e-27 1.06794e-25 1.09118e-24 1.05315e-23 9.60787e-23 8.29025e-22 6.76921e-21 5.23276e-20 3.831e-19 2.65716e-18 1.74645e-17 1.08797e-16 6.42471e-16 3.59675e-15 1.90899e-14 9.60578e-14 4.58221e-13 2.07202e-12 8.88043e-12 3.60687e-11 1.38805e-10 5.06018e-10 1.74712e-09 5.71191e-09 1.76785e-08 5.17881e-08 1.43571e-07 3.76626e-07 9.34863e-07 2.19592e-06 4.88217e-06 1.02781e-05 2.05021e-05 3.87849e-05 6.96713e-05 0.000119039 0.00019386 0.0003017 0.000450106 0.000646083 0.000895943 0.00120566 0.00158166 0.00203187 0.00256654 0.00319852 0.00394294 0.00481613 0.00583415 0.00701136 0.00835917 0.00988533 0.0115938 0.0134848 0.0155556 0.0178006 0.0202124 0.0227811 0.0254954 0.0283418 0.031305 0.0343678 0.0375112 0.0407147 0.0439567 0.0472152 0.0504682 0.0536942 0.0568726 0.0599847 0.0630132 0.0659432 0.0687617 0.0714582 0.0740244 0.0764539 0.0787425 0.080888 0.0828896 0.0847481 0.0864656 0.0880452 0.0894909 0.0908076 0.0920002 0.0930746 0.0940363 0.0948911 0.0956448 0.0963027 0.09687 0.0973514 0.0977512 0.0980732 0.0983202 0.098495 0.0985991 0.0986336 0.0985991 0.098495 0.0983202 0.0980732 0.0977512 0.0973514 0.09687 0.0963027 0.0956448 0.0948911 0.0940363 0.0930746 0.0920002 0.0908076 0.0894909 0.0880452 0.0864656 0.0847481 0.0828896 0.080888 0.0787425 0.0764539 0.0740244 0.0714582 0.0687617 0.0659432 0.0630132 0.0599847 0.0568726 0.0536942 0.0504682 0.0472152 0.0439567 0.0407147 0.0375112 0.0343678 0.031305 0.0283418 0.0254954 0.0227811 0.0202124 0.0178006 0.0155556 0.0134848 0.0115938 0.00988533 0.00835917 0.00701136 0.00583415 0.00481613 0.00394294 0.00319852 0.00256654 0.00203187 0.00158166 0.00120566 0.000895943 0.000646083 0.000450106 0.0003017 0.00019386 0.000119039 6.96713e-05 3.87849e-05 2.05021e-05 1.02781e-05 4.88217e-06 2.19592e-06 9.34863e-07 3.76626e-07 1.43571e-07 5.17881e-08 1.76785e-08 5.71191e-09 1.74712e-09 5.06018e-10 1.38805e-10 3.60687e-11 8.88043e-12 2.07202e-12 4.58221e-13 9.60578e-14 1.90899e-14 3.59675e-15 6.42471e-16 1.08797e-16 1.74645e-17 2.65716e-18 3.831e-19 5.23276e-20 6.76921e-21 8.29025e-22 9.60787e-23 1.05315e-23 1.09118e-24 1.06794e-25 9.86503e-27 8.57254e-28 4.2881e-29 
0 7.34918e-28 8.57608e-27 9.38065e-26 9.68516e-25 9.44633e-24 8.70959e-23 7.59574e-22 6.26909e-21 4.89883e-20 3.62574e-19 2.54244e-18 1.68951e-17 1.06416e-16 6.35397e-16 3.59675e-15 1.93025e-14 9.8207e-14 4.73663e-13 2.16544e-12 9.38219e-12 3.85181e-11 1.49807e-10 5.51818e-10 1.92461e-09 6.35406e-09 1.98517e-08 5.86763e-08 1.64036e-07 4.3365e-07 1.08394e-06 2.56164e-06 5.72436e-06 1.20991e-05 2.42004e-05 4.58446e-05 8.23507e-05 0.000140498 0.000228155 0.000353627 0.000524913 0.000749208 0.00103296 0.0013826 0.00180573 0.00231244 0.00291602 0.00363294 0.00448176 0.00548147 0.00664958 0.00800045 0.00954434 0.0112871 0.0132307 0.0153733 0.0177107 0.0202362 0.0229409 0.0258135 0.0288406 0.0320057 0.0352898 0.0386713 0.0421263 0.0456294 0.0491545 0.0526753 0.0561663 0.0596033 0.0629641 0.0662287 0.0693797 0.0724023 0.0752848 0.0780176 0.0805943 0.0830103 0.0852636 0.0873542 0.0892838 0.0910556 0.0926743 0.0941455 0.095476 0.0966729 0.0977439 0.0986971 0.0995405 0.100282 0.10093 0.101491 0.101973 0.102382 0.102724 0.103004 0.103227 0.103397 0.103516 0.103586 0.10361 0.103586 0.103516 0.103397 0.103227 0.103004 0.102724 0.102382 0.101973 0.101491 0.10093 0.100282 0.0995405 0.0986971 0.0977439 0.0966729 0.095476 0.0941455 0.0926743 0.0910556 0.0892838 0.0873542 0.0852636 0.0830103 0.0805943 0.0780176 0.0752848 0.0724023 0.0693797 0.0662287 0.0629641 0.0596033 0.0561663 0.0526753 0.0491545 0.0456294 0.0421263 0.0386713 0.0352898 0.0320057 0.0288406 0.0258135 0.0229409 0.0202362 0.0177107 0.0153733 0.0132307 0.0112871 0.00954434 0.00800045 0.00664958 0.00548147 0.00448176 0.00363294 0.00291602 0.00231244 0.00180573 0.0013826 0.00103296 0.000749208 0.000524913 0.000353627 0.000228155 0.000140498 8.23507e-05 4.58446e-05 2.42004e-05 1.20991e-05 5.72436e-06 2.56164e-06 1.08394e-06 4.3365e-07 1.64036e-07 5.86763e-08 1.98517e-08 6.35406e-09 1.92461e-09 5.51818e-10 1.49807e-10 3.85181e-11 9.38219e-12 2.16544e-12 4.73663e-13 9.8207e-14 1.93025e-14 3.59675e-15 6.35397e-16 1.06416e-16 1.68951e-17 2.54244e-18 3.62574e-19 4.89883e-20 6.26909e-21 7.59574e-22 8.70959e-23 9.44633e-24 9.68516e-25 9.38047e-26 8.55322e-27 4.55151e-28 
0 7.24642e-27 8.06273e-26 8.41153e-25 8.29025e-24 7.72459e-23 6.80858e-22 5.67981e-21 4.4864e-20 3.35666e-19 2.37955e-18 1.59868e-17 1.01809e-16 6.14639e-16 3.51796e-15 1.90899e-14 9.8207e-14 4.78925e-13 2.21371e-12 9.69669e-12 4.02423e-11 1.58192e-10 5.88853e-10 2.07496e-09 6.91902e-09 2.18254e-08 6.51047e-08 1.83589e-07 4.89257e-07 1.2319e-06 2.93022e-06 6.58408e-06 1.39775e-05 2.80461e-05 5.32269e-05 9.56502e-05 0.000163017 0.000264077 0.000407796 0.00060251 0.000855514 0.00117343 0.00156341 0.00203477 0.00260042 0.00327738 0.00408598 0.00504807 0.00618461 0.00751347 0.009048 0.0107966 0.0127631 0.0149475 0.0173471 0.0199566 0.0227685 0.0257725 0.0289553 0.0322996 0.0357847 0.039386 0.0430762 0.0468256 0.0506035 0.054379 0.0581222 0.0618049 0.0654013 0.068888 0.0722451 0.0754556 0.0785057 0.0813847 0.0840849 0.0866016 0.0889324 0.0910777 0.0930398 0.0948232 0.0964338 0.0978792 0.0991679 0.100309 0.101314 0.102191 0.102953 0.103609 0.10417 0.104646 0.105047 0.105381 0.105657 0.105882 0.106063 0.106207 0.106317 0.106399 0.106454 0.106487 0.106498 0.106487 0.106454 0.106399 0.106317 0.106207 0.106063 0.105882 0.105657 0.105381 0.105047 0.104646 0.10417 0.103609 0.102953 0.102191 0.101314 0.100309 0.0991679 0.0978792 0.0964338 0.0948232 0.0930398 0.0910777 0.0889324 0.0866016 0.0840849 0.0813847 0.0785057 0.0754556 0.0722451 0.068888 0.0654013 0.0618049 0.0581222 0.054379 0.0506035 0.0468256 0.0430762 0.039386 0.0357847 0.0322996 0.0289553 0.0257725 0.0227685 0.0199566 0.0173471 0.0149475 0.0127631 0.0107966 0.009048 0.00751347 0.00618461 0.00504807 0.00408598 0.00327738 0.00260042 0.00203477 0.00156341 0.00117343 0.000855514 0.00060251 0.000407796 0.000264077 0.000163017 9.56502e-05 5.32269e-05 2.80461e-05 1.39775e-05 6.58408e-06 2.93022e-06 1.2319e-06 4.89257e-07 1.83589e-07 6.51047e-08 2.18254e-08 6.91902e-09 2.07496e-09 5.88853e-10 1.58192e-10 4.02423e-11 9.69669e-12 2.21371e-12 4.78925e-13 9.8207e-14 1.90899e-14 3.51796e-15 6.14639e-16 1.01809e-16 1.59868e-17 2.37955e-18 3.35666e-19 4.4864e-20 5.67981e-21 6.80858e-22 7.72459e-23 8.29025e-24 8.41134e-25 8.03954e-26 4.54733e-27 
