0 0 0 0 0 0 0 0 0 0 0 0 0 0 0 0 0 0 0 0 0 0 0 0 0 0 0 0 0 0 0 0 0 0 0 0 0 0 0 0 0 0 0 0 0 0 0 0 0 0 0 0 0 0 0 0 0 0 0 0 0 0 0 0 0 0 0 0 0 0 0 0 0 0 0 0 0 0 0 0 0 0 0 0 0 0 0 0 0 0 0 0 0 0 0 0 0 0 0 0 0 0 0 0 0 0 0 0 0 0 0 0 0 0 0 0 0 0 0 0 0 0 0 0 0 0 0 0 0 0 0 0 0 0 0 0 0 0 0 0 0 0 0 0 0 0 0 0 0 0 0 0 0 0 0 0 0 0 0 0 0 0 0 0 0 0 0 0 0 0 0 0 0 0 0 0 0 0 0 0 0 0 0 0 0 0 0 0 0 0 0 0 0 0 0 0 0 0 0 0 
0 5.46213e-21 3.75484e-20 2.41612e-19 1.48216e-18 8.67199e-18 4.83983e-17 2.57661e-16 1.30854e-15 6.33923e-15 2.92943e-14 1.29122e-13 5.42812e-13 2.17615e-12 8.31886e-12 3.03192e-11 1.05338e-10 3.48826e-10 1.10083e-09 3.31026e-09 9.48371e-09 2.58838e-08 6.72951e-08 1.66662e-07 3.93191e-07 8.83769e-07 1.89292e-06 3.86476e-06 7.52508e-06 1.39818e-05 2.48102e-05 4.20874e-05 6.83406e-05 0.000106385 0.000159063 0.000228933 0.000318001 0.0004276 0.000558491 0.000711209 0.00088658 0.00108627 0.00131319 0.00157163 0.00186696 0.00220509 0.00259157 0.00303073 0.00352495 0.00407417 0.00467578 0.00532489 0.00601478 0.00673759 0.00748489 0.00824826 0.00901961 0.0097914 0.0105566 0.0113087 0.0120415 0.0127489 0.013425 0.0140641 0.0146606 0.0152094 0.0157058 0.0161456 0.0165259 0.0168445 0.0171002 0.017293 0.017424 0.0174953 0.0175096 0.0174708 0.017383 0.017251 0.0170799 0.0168749 0.0166414 0.0163847 0.01611 0.0158223 0.0155265 0.0152271 0.0149283 0.0146341 0.0143481 0.0140736 0.0138137 0.0135709 0.0133476 0.0131459 0.0129676 0.0128143 0.0126871 0.0125872 0.0125152 0.0124718 0.0124573 0.0124718 0.0125152 0.0125872 0.0126871 0.0128143 0.0129676 0.0131459 0.0133476 0.0135709 0.0138137 0.0140736 0.0143481 0.0146341 0.0149283 0.0152271 0.0155265 0.0158223 0.01611 0.0163847 0.0166414 0.0168749 0.0170799 0.017251 0.017383 0.0174708 0.0175096 0.0174953 0.017424 0.017293 0.0171002 0.0168445 0.0165259 0.0161456 0.0157058 0.0152094 0.0146606 0.0140641 0.013425 0.0127489 0.0120415 0.0113087 0.0105566 0.0097914 0.00901961 0.00824826 0.00748489 0.00673759 0.00601478 0.00532489 0.00467578 0.00407417 0.00352495 0.00303073 0.00259157 0.00220509 0.00186696 0.00157163 0.00131319 0.00108627 0.00088658 0.000711209 0.000558491 0.0004276 0.000318001 0.000228933 0.000159063 0.000106385 6.83406e-05 4.20874e-05 2.48102e-05 1.39818e-05 7.52508e-06 3.86476e-06 1.89292e-06 8.83769e-07 3.93191e-07 1.66662e-07 6.72951e-08 2.58838e-08 9.48371e-09 3.31026e-09 1.10083e-09 3.48826e-10 1.05338e-10 3.03192e-11 8.31886e-12 2.17615e-12 5.42812e-13 1.29122e-13 2.92943e-14 6.33923e-15 1.30854e-15 2.57661e-16 4.83983e-17 8.67199e-18 1.48215e-18 2.41572e-19 3.7257e-20 3.4217e-21 
0 3.75484e-20 2.49273e-19 1.54735e-18 9.15874e-18 5.1716e-17 2.786e-16 1.4319e-15 7.02122e-15 3.28448e-14 1.46571e-13 6.23902e-13 2.53295e-12 9.80669e-12 3.62031e-11 1.27418e-10 4.27474e-10 1.36684e-09 4.16472e-09 1.20909e-08 3.34419e-08 8.8114e-08 2.21161e-07 5.28807e-07 1.20463e-06 2.61498e-06 5.41101e-06 1.06778e-05 2.01071e-05 3.61606e-05 6.21712e-05 0.000102323 0.000161462 0.000244739 0.000357142 0.000503051 0.00068596 0.00090852 0.00117293 0.00148161 0.001838 0.00224718 0.00271613 0.00325352 0.0038689 0.00457159 0.00536944 0.00626767 0.00726807 0.00836861 0.00956356 0.010844 0.0121983 0.0136133 0.0150747 0.0165675 0.018077 0.0195883 0.0210869 0.0225584 0.023989 0.0253652 0.0266742 0.0279038 0.0290431 0.0300823 0.0310133 0.0318296 0.0325269 0.0331026 0.033556 0.0338888 0.0341039 0.0342062 0.0342018 0.0340983 0.0339038 0.0336274 0.0332788 0.0328677 0.032404 0.0318977 0.0313585 0.0307958 0.0302185 0.0296353 0.029054 0.0284823 0.0279269 0.0273942 0.0268897 0.0264187 0.0259857 0.0255947 0.025249 0.0249517 0.0247053 0.0245115 0.0243721 0.024288 0.0242599 0.024288 0.0243721 0.0245115 0.0247053 0.0249517 0.025249 0.0255947 0.0259857 0.0264187 0.0268897 0.0273942 0.0279269 0.0284823 0.029054 0.0296353 0.0302185 0.0307958 0.0313585 0.0318977 0.032404 0.0328677 0.0332788 0.0336274 0.0339038 0.0340983 0.0342018 0.0342062 0.0341039 0.0338888 0.033556 0.0331026 0.0325269 0.0318296 0.0310133 0.0300823 0.0290431 0.0279038 0.0266742 0.0253652 0.023989 0.0225584 0.0210869 0.0195883 0.018077 0.0165675 0.0150747 0.0136133 0.0121983 0.010844 0.00956356 0.00836861 0.00726807 0.00626767 0.00536944 0.00457159 0.0038689 0.00325352 0.00271613 0.00224718 0.001838 0.00148161 0.00117293 0.00090852 0.00068596 0.000503051 0.000357142 0.000244739 0.000161462 0.000102323 6.21712e-05 3.61606e-05 2.01071e-05 1.06778e-05 5.41101e-06 2.61498e-06 1.20463e-06 5.28807e-07 2.21161e-07 8.8114e-08 3.34419e-08 1.20909e-08 4.16472e-09 1.36684e-09 4.27474e-10 1.27418e-10 3.62031e-11 9.80669e-12 2.53295e-12 6.23902e-13 1.46571e-13 3.28448e-14 7.02122e-15 1.4319e-15 2.786e-16 5.17159e-17 9.1587e-18 1.54706e-18 2.47245e-19 2.38708e-20 
0 2.41612e-19 1.54735e-18 9.25324e-18 5.27655e-17 2.8706e-16 1.48995e-15 7.37793e-15 3.48531e-14 1.57056e-13 6.75046e-13 2.76706e-12 1.08156e-11 4.03045e-11 1.4317e-10 4.84696e-10 1.56358e-09 4.80538e-09 1.40674e-08 3.92205e-08 1.0413e-07 2.63247e-07 6.33689e-07 1.45258e-06 3.17122e-06 6.59572e-06 1.3075e-05 2.47193e-05 4.46083e-05 7.69241e-05 0.000126936 0.000200785 0.00030508 0.000446385 0.000630754 0.000863508 0.00114937 0.00149295 0.00189953 0.00237575 0.00293013 0.00357297 0.00431585 0.00517058 0.00614795 0.00725659 0.00850195 0.00988585 0.0114063 0.0130576 0.014831 0.0167147 0.0186946 0.0207545 0.0228763 0.0250403 0.0272254 0.0294096 0.03157 0.0336838 0.0357286 0.0376832 0.0395276 0.0412444 0.0428183 0.0442369 0.0454907 0.0465732 0.0474807 0.0482124 0.0487701 0.0491579 0.0493822 0.049451 0.049374 0.0491623 0.0488279 0.0483836 0.0478426 0.0472186 0.0465252 0.045776 0.0449843 0.0441629 0.0433242 0.0424799 0.0416409 0.0408175 0.0400192 0.0392547 0.0385318 0.0378575 0.0372382 0.0366793 0.0361857 0.0357613 0.0354096 0.0351332 0.0349344 0.0348145 0.0347744 0.0348145 0.0349344 0.0351332 0.0354096 0.0357613 0.0361857 0.0366793 0.0372382 0.0378575 0.0385318 0.0392547 0.0400192 0.0408175 0.0416409 0.0424799 0.0433242 0.0441629 0.0449843 0.045776 0.0465252 0.0472186 0.0478426 0.0483836 0.0488279 0.0491623 0.049374 0.049451 0.0493822 0.0491579 0.0487701 0.0482124 0.0474807 0.0465732 0.0454907 0.0442369 0.0428183 0.0412444 0.0395276 0.0376832 0.0357286 0.0336838 0.03157 0.0294096 0.0272254 0.0250403 0.0228763 0.0207545 0.0186946 0.0167147 0.014831 0.0130576 0.0114063 0.00988585 0.00850195 0.00725659 0.00614795 0.00517058 0.00431585 0.00357297 0.00293013 0.00237575 0.00189953 0.00149295 0.00114937 0.000863508 0.000630754 0.000446385 0.00030508 0.000200785 0.000126936 7.69241e-05 4.46083e-05 2.47193e-05 1.3075e-05 6.59572e-06 3.17122e-06 1.45258e-06 6.33689e-07 2.63247e-07 1.0413e-07 3.92205e-08 1.40674e-08 4.80538e-09 1.56358e-09 4.84696e-10 1.4317e-10 4.03045e-11 1.08156e-11 2.76706e-12 6.75046e-13 1.57056e-13 3.48531e-14 7.37793e-15 1.48995e-15 2.8706e-16 5.27652e-17 9.2513e-18 1.53415e-18 1.56029e-19 
0 1.48216e-18 9.15874e-18 5.27655e-17 2.89869e-16 1.51922e-15 7.59618e-15 3.62324e-14 1.64848e-13 7.15323e-13 2.95996e-12 1.16778e-11 4.39183e-11 1.57415e-10 5.37608e-10 1.74906e-09 5.41958e-09 1.59899e-08 4.49116e-08 1.20066e-07 3.05472e-07 7.39558e-07 1.7038e-06 3.73554e-06 7.79597e-06 1.5493e-05 2.93363e-05 5.29714e-05 9.13132e-05 0.000150495 0.000237586 0.00036011 0.000525498 0.000740689 0.00101208 0.00134596 0.00174922 0.00223034 0.00279998 0.00347106 0.0042582 0.00517649 0.00624001 0.00746031 0.00884545 0.0103994 0.0121223 0.0140104 0.0160573 0.0182536 0.0205879 0.023046 0.0256112 0.0282639 0.0309815 0.0337386 0.0365073 0.0392581 0.0419608 0.0445853 0.0471029 0.049487 0.051714 0.0537634 0.0556188 0.0572677 0.0587011 0.0599142 0.0609054 0.0616765 0.0622321 0.0625796 0.0627284 0.0626901 0.0624778 0.062106 0.06159 0.060946 0.0601906 0.0593407 0.0584129 0.0574238 0.0563895 0.0553253 0.0542462 0.053166 0.0520979 0.051054 0.0500454 0.0490823 0.0481741 0.0473288 0.0465539 0.0458557 0.0452399 0.044711 0.0442731 0.0439293 0.0436821 0.043533 0.0434832 0.043533 0.0436821 0.0439293 0.0442731 0.044711 0.0452399 0.0458557 0.0465539 0.0473288 0.0481741 0.0490823 0.0500454 0.051054 0.0520979 0.053166 0.0542462 0.0553253 0.0563895 0.0574238 0.0584129 0.0593407 0.0601906 0.060946 0.06159 0.062106 0.0624778 0.0626901 0.0627284 0.0625796 0.0622321 0.0616765 0.0609054 0.0599142 0.0587011 0.0572677 0.0556188 0.0537634 0.051714 0.049487 0.0471029 0.0445853 0.0419608 0.0392581 0.0365073 0.0337386 0.0309815 0.0282639 0.0256112 0.023046 0.0205879 0.0182536 0.0160573 0.0140104 0.0121223 0.0103994 0.00884545 0.00746031 0.00624001 0.00517649 0.0042582 0.00347106 0.00279998 0.00223034 0.00174922 0.00134596 0.00101208 0.000740689 0.000525498 0.00036011 0.000237586 0.000150495 9.13132e-05 5.29714e-05 2.93363e-05 1.5493e-05 7.79597e-06 3.73554e-06 1.7038e-06 7.39558e-07 3.05472e-07 1.20066e-07 4.49116e-08 1.59899e-08 5.41958e-09 1.74906e-09 5.37608e-10 1.57415e-10 4.39183e-11 1.16778e-11 2.95996e-12 7.15323e-13 1.64848e-13 3.62324e-14 7.59618e-15 1.51922e-15 2.89867e-16 5.2753e-17 9.07701e-18 9.72742e-19 
0 8.67199e-18 5.1716e-17 2.8706e-16 1.51922e-15 7.67029e-15 3.69418e-14 1.69703e-13 7.43471e-13 3.10576e-12 1.23685e-11 4.69472e-11 1.69803e-10 5.85073e-10 1.91993e-09 5.9986e-09 1.78395e-08 5.04851e-08 1.35921e-07 3.48062e-07 8.47618e-07 1.9628e-06 4.32203e-06 9.05084e-06 1.80307e-05 3.41884e-05 6.1749e-05 0.000106353 0.000174941 0.00027537 0.000415824 0.000604232 0.000847959 0.00115401 0.00152979 0.00198427 0.00252898 0.00317857 0.00395046 0.00486349 0.00593614 0.00718446 0.00862058 0.0102518 0.0120807 0.0141056 0.0163213 0.0187201 0.0212917 0.0240236 0.0269003 0.029903 0.0330091 0.0361923 0.0394227 0.0426677 0.0458928 0.0490628 0.052143 0.0551004 0.0579046 0.0605285 0.0629487 0.0651459 0.0671052 0.0688157 0.0702708 0.0714678 0.0724077 0.073095 0.0735372 0.0737448 0.0737304 0.073509 0.0730969 0.072512 0.0717729 0.0708988 0.0699093 0.0688239 0.0676616 0.0664412 0.0651806 0.063897 0.0626064 0.0613241 0.0600641 0.0588393 0.0576615 0.0565416 0.0554891 0.0545126 0.0536198 0.0528172 0.0521106 0.0515047 0.0510037 0.0506108 0.0503284 0.0501582 0.0501014 0.0501582 0.0503284 0.0506108 0.0510037 0.0515047 0.0521106 0.0528172 0.0536198 0.0545126 0.0554891 0.0565416 0.0576615 0.0588393 0.0600641 0.0613241 0.0626064 0.063897 0.0651806 0.0664412 0.0676616 0.0688239 0.0699093 0.0708988 0.0717729 0.072512 0.0730969 0.073509 0.0737304 0.0737448 0.0735372 0.073095 0.0724077 0.0714678 0.0702708 0.0688157 0.0671052 0.0651459 0.0629487 0.0605285 0.0579046 0.0551004 0.052143 0.0490628 0.0458928 0.0426677 0.0394227 0.0361923 0.0330091 0.029903 0.0269003 0.0240236 0.0212917 0.0187201 0.0163213 0.0141056 0.0120807 0.0102518 0.00862058 0.00718446 0.00593614 0.00486349 0.00395046 0.00317857 0.00252898 0.00198427 0.00152979 0.00115401 0.000847959 0.000604232 0.000415824 0.00027537 0.000174941 0.000106353 6.1749e-05 3.41884e-05 1.80307e-05 9.05084e-06 4.32203e-06 1.9628e-06 8.47618e-07 3.48062e-07 1.35921e-07 5.04851e-08 1.78395e-08 5.9986e-09 1.91993e-09 5.85073e-10 1.69803e-10 4.69472e-11 1.23685e-11 3.10576e-12 7.43471e-13 1.69703e-13 3.69418e-14 7.67029e-15 1.51921e-15 2.86984e-16 5.12345e-17 5.78695e-18 
0 4.83983e-17 2.786e-16 1.48995e-15 7.59618e-15 3.69418e-14 1.71352e-13 7.57956e-13 3.19665e-12 1.28513e-11 4.92371e-11 1.79726e-10 6.2485e-10 2.06847e-09 6.51767e-09 1.95415e-08 5.57319e-08 1.51144e-07 3.89667e-07 9.5478e-07 2.223e-06 4.91772e-06 1.03369e-05 2.06495e-05 3.92201e-05 7.08756e-05 0.000121996 0.000200316 0.000314419 0.000473029 0.0006844 0.000956138 0.00129572 0.00171165 0.00221495 0.00282027 0.00354612 0.00441388 0.00544583 0.00666269 0.00808147 0.00971406 0.011567 0.0136417 0.015936 0.0184444 0.0211585 0.0240675 0.0271568 0.030408 0.0337977 0.0372981 0.040877 0.0444988 0.0481256 0.0517185 0.0552392 0.0586507 0.0619187 0.0650116 0.0679016 0.0705647 0.0729809 0.0751344 0.0770135 0.0786106 0.0799225 0.0809498 0.081697 0.0821721 0.0823863 0.0823536 0.0820905 0.0816152 0.0809475 0.0801081 0.0791184 0.078 0.0767742 0.0754621 0.074084 0.0726595 0.0712069 0.0697438 0.0682865 0.0668499 0.065448 0.0640933 0.0627974 0.0615707 0.0604223 0.0593604 0.0583923 0.0575241 0.0567614 0.0561086 0.0555695 0.0551472 0.0548439 0.0546612 0.0546002 0.0546612 0.0548439 0.0551472 0.0555695 0.0561086 0.0567614 0.0575241 0.0583923 0.0593604 0.0604223 0.0615707 0.0627974 0.0640933 0.065448 0.0668499 0.0682865 0.0697438 0.0712069 0.0726595 0.074084 0.0754621 0.0767742 0.078 0.0791184 0.0801081 0.0809475 0.0816152 0.0820905 0.0823536 0.0823863 0.0821721 0.081697 0.0809498 0.0799225 0.0786106 0.0770135 0.0751344 0.0729809 0.0705647 0.0679016 0.0650116 0.0619187 0.0586507 0.0552392 0.0517185 0.0481256 0.0444988 0.040877 0.0372981 0.0337977 0.030408 0.0271568 0.0240675 0.0211585 0.0184444 0.015936 0.0136417 0.011567 0.00971406 0.00808147 0.00666269 0.00544583 0.00441388 0.00354612 0.00282027 0.00221495 0.00171165 0.00129572 0.000956138 0.0006844 0.000473029 0.000314419 0.000200316 0.000121996 7.08756e-05 3.92201e-05 2.06495e-05 1.03369e-05 4.91772e-06 2.223e-06 9.5478e-07 3.89667e-07 1.51144e-07 5.57319e-08 1.95415e-08 6.51767e-09 2.06847e-09 6.2485e-10 1.79726e-10 4.92371e-11 1.28513e-11 3.19665e-12 7.57956e-13 1.71352e-13 3.69417e-14 7.59611e-15 1.4895e-15 2.75902e-16 3.28557e-17 
0 2.57661e-16 1.4319e-15 7.37793e-15 3.62324e-14 1.69703e-13 7.57956e-13 3.22753e-12 1.30997e-11 5.0664e-11 1.8666e-10 6.54898e-10 2.18733e-09 6.95203e-09 2.10184e-08 6.04237e-08 1.65109e-07 4.28677e-07 1.05716e-06 2.47564e-06 5.50408e-06 1.16174e-05 2.32809e-05 4.4311e-05 8.0153e-05 0.000137936 0.000226178 0.000354143 0.000531013 0.000765276 0.00106474 0.00143741 0.00189312 0.00244526 0.00311181 0.00391507 0.00487987 0.00603084 0.00738961 0.00897273 0.010791 0.0128496 0.0151498 0.0176893 0.0204633 0.0234635 0.0266782 0.03009 0.0336761 0.0374071 0.0412484 0.0451608 0.0491023 0.0530298 0.0569009 0.0606746 0.0643127 0.0677803 0.0710459 0.074082 0.076865 0.0793754 0.0815979 0.0835217 0.0851402 0.0864514 0.0874574 0.0881646 0.0885829 0.0887255 0.0886087 0.0882507 0.0876719 0.0868936 0.0859382 0.0848282 0.0835862 0.0822346 0.0807949 0.079288 0.0777338 0.076151 0.0745572 0.0729687 0.0714007 0.0698671 0.0683806 0.0669525 0.0655934 0.0643125 0.0631179 0.0620171 0.0610163 0.0601211 0.0593362 0.0586656 0.0581126 0.0576798 0.0573693 0.0571824 0.05712 0.0571824 0.0573693 0.0576798 0.0581126 0.0586656 0.0593362 0.0601211 0.0610163 0.0620171 0.0631179 0.0643125 0.0655934 0.0669525 0.0683806 0.0698671 0.0714007 0.0729687 0.0745572 0.076151 0.0777338 0.079288 0.0807949 0.0822346 0.0835862 0.0848282 0.0859382 0.0868936 0.0876719 0.0882507 0.0886087 0.0887255 0.0885829 0.0881646 0.0874574 0.0864514 0.0851402 0.0835217 0.0815979 0.0793754 0.076865 0.074082 0.0710459 0.0677803 0.0643127 0.0606746 0.0569009 0.0530298 0.0491023 0.0451608 0.0412484 0.0374071 0.0336761 0.03009 0.0266782 0.0234635 0.0204633 0.0176893 0.0151498 0.0128496 0.010791 0.00897273 0.00738961 0.00603084 0.00487987 0.00391507 0.00311181 0.00244526 0.00189312 0.00143741 0.00106474 0.000765276 0.000531013 0.000354143 0.000226178 0.000137936 8.0153e-05 4.4311e-05 2.32809e-05 1.16174e-05 5.50408e-06 2.47564e-06 1.05716e-06 4.28677e-07 1.65109e-07 6.04237e-08 2.10184e-08 6.95203e-09 2.18733e-09 6.54898e-10 1.8666e-10 5.0664e-11 1.30997e-11 3.22753e-12 7.57956e-13 1.69703e-13 3.6232e-14 7.37546e-15 1.41751e-15 1.7804e-16 
0 1.30854e-15 7.02122e-15 3.48531e-14 1.64848e-13 7.43471e-13 3.19665e-12 1.30997e-11 5.11487e-11 1.90226e-10 6.73612e-10 2.27031e-09 7.27977e-09 2.21982e-08 6.43417e-08 1.77194e-07 4.63441e-07 1.15067e-06 2.71122e-06 6.0605e-06 1.28502e-05 2.58449e-05 4.93178e-05 8.93392e-05 0.000153787 0.000251948 0.000393717 0.00058867 0.000845474 0.00117215 0.00157743 0.00207277 0.00267436 0.00340383 0.00428718 0.00535216 0.00662472 0.00812616 0.00987154 0.0118699 0.0141255 0.0166394 0.0194101 0.0224331 0.0257 0.0291966 0.0329016 0.036786 0.0408136 0.0449427 0.0491276 0.0533212 0.0574764 0.0615479 0.0654929 0.0692719 0.0728492 0.0761926 0.0792746 0.0820717 0.0845654 0.0867421 0.0885934 0.0901157 0.0913108 0.0921847 0.0927477 0.0930139 0.0930001 0.0927256 0.0922116 0.0914803 0.0905548 0.0894582 0.0882139 0.0868446 0.0853723 0.0838184 0.0822032 0.0805459 0.0788644 0.0771756 0.0754951 0.0738373 0.0722151 0.0706407 0.0691248 0.0676771 0.0663063 0.0650203 0.0638258 0.0627287 0.0617344 0.0608473 0.0600713 0.0594094 0.0588645 0.0584385 0.0581331 0.0579494 0.0578881 0.0579494 0.0581331 0.0584385 0.0588645 0.0594094 0.0600713 0.0608473 0.0617344 0.0627287 0.0638258 0.0650203 0.0663063 0.0676771 0.0691248 0.0706407 0.0722151 0.0738373 0.0754951 0.0771756 0.0788644 0.0805459 0.0822032 0.0838184 0.0853723 0.0868446 0.0882139 0.0894582 0.0905548 0.0914803 0.0922116 0.0927256 0.0930001 0.0930139 0.0927477 0.0921847 0.0913108 0.0901157 0.0885934 0.0867421 0.0845654 0.0820717 0.0792746 0.0761926 0.0728492 0.0692719 0.0654929 0.0615479 0.0574764 0.0533212 0.0491276 0.0449427 0.0408136 0.036786 0.0329016 0.0291966 0.0257 0.0224331 0.0194101 0.0166394 0.0141255 0.0118699 0.00987154 0.00812616 0.00662472 0.00535216 0.00428718 0.00340383 0.00267436 0.00207277 0.00157743 0.00117215 0.000845474 0.00058867 0.000393717 0.000251948 0.000153787 8.93392e-05 4.93178e-05 2.58449e-05 1.28502e-05 6.0605e-06 2.71122e-06 1.15067e-06 4.63441e-07 1.77194e-07 6.43417e-08 2.21982e-08 7.27977e-09 2.27031e-09 6.73612e-10 1.90226e-10 5.11487e-11 1.30997e-11 3.19665e-12 7.43471e-13 1.64846e-13 3.484e-14 6.94832e-15 9.20856e-16 
0 6.33923e-15 3.28448e-14 1.57056e-13 7.15323e-13 3.10576e-12 1.28513e-11 5.0664e-11 1.90226e-10 6.79968e-10 2.31297e-09 7.48374e-09 2.3021e-08 6.72934e-08 1.86827e-07 4.9239e-07 1.2313e-06 2.92019e-06 6.56575e-06 1.39916e-05 2.82562e-05 5.40859e-05 9.81716e-05 0.000169132 0.000276995 0.00043225 0.000644807 0.000923482 0.00127658 0.00171373 0.00224842 0.00290003 0.00369404 0.00466006 0.00582806 0.00722439 0.00886905 0.0107751 0.0129501 0.0153977 0.0181196 0.0211149 0.0243791 0.0279016 0.0316639 0.0356384 0.0397888 0.0440717 0.0484389 0.05284 0.057224 0.0615415 0.0657452 0.0697906 0.0736365 0.0772457 0.0805848 0.0836257 0.0863455 0.0887274 0.0907607 0.092441 0.0937698 0.0947542 0.0954058 0.0957405 0.0957771 0.095537 0.0950431 0.0943194 0.0933903 0.0922803 0.0910136 0.0896137 0.0881033 0.086504 0.0848365 0.0831202 0.081373 0.0796118 0.0778522 0.0761082 0.0743929 0.072718 0.071094 0.0695304 0.0680357 0.0666173 0.0652819 0.0640352 0.0628823 0.0618276 0.0608749 0.0600274 0.0592878 0.0586583 0.0581409 0.057737 0.0574478 0.0572739 0.0572159 0.0572739 0.0574478 0.057737 0.0581409 0.0586583 0.0592878 0.0600274 0.0608749 0.0618276 0.0628823 0.0640352 0.0652819 0.0666173 0.0680357 0.0695304 0.071094 0.072718 0.0743929 0.0761082 0.0778522 0.0796118 0.081373 0.0831202 0.0848365 0.086504 0.0881033 0.0896137 0.0910136 0.0922803 0.0933903 0.0943194 0.0950431 0.095537 0.0957771 0.0957405 0.0954058 0.0947542 0.0937698 0.092441 0.0907607 0.0887274 0.0863455 0.0836257 0.0805848 0.0772457 0.0736365 0.0697906 0.0657452 0.0615415 0.057224 0.05284 0.0484389 0.0440717 0.0397888 0.0356384 0.0316639 0.0279016 0.0243791 0.0211149 0.0181196 0.0153977 0.0129501 0.0107751 0.00886905 0.00722439 0.00582806 0.00466006 0.00369404 0.00290003 0.00224842 0.00171373 0.00127658 0.000923482 0.000644807 0.00043225 0.000276995 0.000169132 9.81716e-05 5.40859e-05 2.82562e-05 1.39916e-05 6.56575e-06 2.92019e-06 1.2313e-06 4.9239e-07 1.86827e-07 6.72934e-08 2.3021e-08 7.48374e-09 2.31297e-09 6.79968e-10 1.90226e-10 5.0664e-11 1.28513e-11 3.10576e-12 7.15311e-13 1.56991e-13 3.24937e-14 4.54616e-15 
0 2.92943e-14 1.46571e-13 6.75046e-13 2.95996e-12 1.23685e-11 4.92371e-11 1.8666e-10 6.73612e-10 2.31297e-09 7.55298e-09 2.34437e-08 6.91284e-08 1.93536e-07 5.14153e-07 1.2954e-06 3.09356e-06 6.99929e-06 1.49978e-05 3.04287e-05 5.84575e-05 0.00010638 0.000183538 0.000300676 0.000468836 0.000698227 0.0009978 0.00137622 0.00184426 0.00241776 0.00311962 0.00397932 0.00502973 0.00630234 0.00782298 0.00960981 0.011674 0.0140221 0.0166584 0.0195854 0.0228029 0.0263046 0.0300757 0.034091 0.038315 0.0427033 0.0472058 0.0517692 0.0563393 0.060863 0.0652885 0.0695666 0.0736505 0.0774968 0.0810663 0.0843249 0.0872451 0.0898059 0.091994 0.0938038 0.0952363 0.0962993 0.0970059 0.0973738 0.097424 0.0971801 0.0966673 0.0959121 0.094941 0.0937805 0.0924568 0.090995 0.0894194 0.0877528 0.0860169 0.0842316 0.0824156 0.0805857 0.0787573 0.0769443 0.0751591 0.0734128 0.0717152 0.0700749 0.0684993 0.0669952 0.065568 0.0642229 0.0629641 0.0617952 0.0607192 0.059739 0.0588567 0.0580743 0.0573933 0.056815 0.0563404 0.0559705 0.0557059 0.0555469 0.0554939 0.0555469 0.0557059 0.0559705 0.0563404 0.056815 0.0573933 0.0580743 0.0588567 0.059739 0.0607192 0.0617952 0.0629641 0.0642229 0.065568 0.0669952 0.0684993 0.0700749 0.0717152 0.0734128 0.0751591 0.0769443 0.0787573 0.0805857 0.0824156 0.0842316 0.0860169 0.0877528 0.0894194 0.090995 0.0924568 0.0937805 0.094941 0.0959121 0.0966673 0.0971801 0.097424 0.0973738 0.0970059 0.0962993 0.0952363 0.0938038 0.091994 0.0898059 0.0872451 0.0843249 0.0810663 0.0774968 0.0736505 0.0695666 0.0652885 0.060863 0.0563393 0.0517692 0.0472058 0.0427033 0.038315 0.034091 0.0300757 0.0263046 0.0228029 0.0195854 0.0166584 0.0140221 0.011674 0.00960981 0.00782298 0.00630234 0.00502973 0.00397932 0.00311962 0.00241776 0.00184426 0.00137622 0.0009978 0.000698227 0.000468836 0.000300676 0.000183538 0.00010638 5.84575e-05 3.04287e-05 1.49978e-05 6.99929e-06 3.09356e-06 1.2954e-06 5.14153e-07 1.93536e-07 6.91284e-08 2.34437e-08 7.55298e-09 2.31297e-09 6.73612e-10 1.8666e-10 4.92371e-11 1.23685e-11 2.95991e-12 6.74734e-13 1.44964e-13 2.14229e-14 
0 1.29122e-13 6.23902e-13 2.76706e-12 1.16778e-11 4.69472e-11 1.79726e-10 6.54898e-10 2.27031e-09 7.48374e-09 2.34437e-08 6.9751e-08 1.96979e-07 5.27664e-07 1.33994e-06 3.22353e-06 7.34261e-06 1.58284e-05 3.2281e-05 6.22802e-05 0.000113702 0.000196582 0.000322358 0.000502597 0.000747779 0.00106701 0.00146939 0.00196706 0.0025785 0.00333039 0.00425615 0.00539147 0.00676863 0.00841221 0.0103383 0.0125567 0.015074 0.017896 0.0210266 0.0244648 0.0282009 0.0322134 0.0364688 0.040923 0.0455242 0.0502167 0.0549431 0.0596466 0.0642712 0.0687623 0.0730672 0.077136 0.0809228 0.0843873 0.0874963 0.090225 0.092557 0.0944848 0.0960092 0.097138 0.0978853 0.09827 0.0983151 0.0980462 0.0974908 0.0966776 0.095636 0.0943952 0.0929842 0.0914308 0.0897616 0.088002 0.0861752 0.0843028 0.0824044 0.0804973 0.0785973 0.076718 0.0748712 0.0730672 0.0713147 0.0696212 0.067993 0.0664353 0.0649526 0.0635483 0.0622257 0.0609871 0.0598346 0.0587699 0.0577944 0.0569091 0.0561151 0.055413 0.0548035 0.054287 0.0538639 0.0535346 0.0532992 0.0531579 0.0531108 0.0531579 0.0532992 0.0535346 0.0538639 0.054287 0.0548035 0.055413 0.0561151 0.0569091 0.0577944 0.0587699 0.0598346 0.0609871 0.0622257 0.0635483 0.0649526 0.0664353 0.067993 0.0696212 0.0713147 0.0730672 0.0748712 0.076718 0.0785973 0.0804973 0.0824044 0.0843028 0.0861752 0.088002 0.0897616 0.0914308 0.0929842 0.0943952 0.095636 0.0966776 0.0974908 0.0980462 0.0983151 0.09827 0.0978853 0.097138 0.0960092 0.0944848 0.092557 0.090225 0.0874963 0.0843873 0.0809228 0.077136 0.0730672 0.0687623 0.0642712 0.0596466 0.0549431 0.0502167 0.0455242 0.040923 0.0364688 0.0322134 0.0282009 0.0244648 0.0210266 0.017896 0.015074 0.0125567 0.0103383 0.00841221 0.00676863 0.00539147 0.00425615 0.00333039 0.0025785 0.00196706 0.00146939 0.00106701 0.000747779 0.000502597 0.000322358 0.000196582 0.000113702 6.22802e-05 3.2281e-05 1.58284e-05 7.34261e-06 3.22353e-06 1.33994e-06 5.27664e-07 1.96979e-07 6.9751e-08 2.34437e-08 7.48374e-09 2.27031e-09 6.54898e-10 1.79726e-10 4.69472e-11 1.16776e-11 2.76565e-12 6.16924e-13 9.63575e-14 
0 5.42812e-13 2.53295e-12 1.08156e-11 4.39183e-11 1.69803e-10 6.2485e-10 2.18733e-09 7.27977e-09 2.3021e-08 6.91284e-08 1.96979e-07 5.32244e-07 1.36277e-06 3.30406e-06 7.58055e-06 1.64487e-05 3.37404e-05 6.5415e-05 0.000119891 0.000207869 0.000341449 0.000532709 0.000792395 0.00112979 0.00155454 0.0020803 0.00272842 0.00352948 0.00452072 0.00574015 0.00722006 0.00898334 0.0110441 0.0134117 0.0160941 0.0190991 0.0224315 0.026088 0.0300532 0.0342975 0.0387783 0.0434434 0.0482351 0.0530934 0.0579578 0.062768 0.0674638 0.071986 0.0762774 0.0802843 0.0839593 0.087263 0.0901655 0.0926471 0.0946981 0.0963181 0.0975148 0.0983025 0.0987012 0.098735 0.0984316 0.0978208 0.0969341 0.0958042 0.0944637 0.092945 0.0912795 0.0894971 0.0876259 0.0856916 0.0837177 0.081725 0.0797319 0.0777543 0.0758057 0.0738975 0.0720392 0.0702387 0.0685021 0.0668346 0.0652401 0.0637216 0.0622814 0.0609212 0.0596423 0.0584455 0.0573312 0.0562999 0.0553517 0.0544865 0.0537044 0.0530051 0.0523886 0.0518547 0.0514033 0.0510342 0.0507472 0.0505423 0.0504194 0.0503784 0.0504194 0.0505423 0.0507472 0.0510342 0.0514033 0.0518547 0.0523886 0.0530051 0.0537044 0.0544865 0.0553517 0.0562999 0.0573312 0.0584455 0.0596423 0.0609212 0.0622814 0.0637216 0.0652401 0.0668346 0.0685021 0.0702387 0.0720392 0.0738975 0.0758057 0.0777543 0.0797319 0.081725 0.0837177 0.0856916 0.0876259 0.0894971 0.0912795 0.092945 0.0944637 0.0958042 0.0969341 0.0978208 0.0984316 0.098735 0.0987012 0.0983025 0.0975148 0.0963181 0.0946981 0.0926471 0.0901655 0.087263 0.0839593 0.0802843 0.0762774 0.071986 0.0674638 0.062768 0.0579578 0.0530934 0.0482351 0.0434434 0.0387783 0.0342975 0.0300532 0.026088 0.0224315 0.0190991 0.0160941 0.0134117 0.0110441 0.00898334 0.00722006 0.00574015 0.00452072 0.00352948 0.00272842 0.0020803 0.00155454 0.00112979 0.000792395 0.000532709 0.000341449 0.000207869 0.000119891 6.5415e-05 3.37404e-05 1.64487e-05 7.58055e-06 3.30406e-06 1.36277e-06 5.32244e-07 1.96979e-07 6.91284e-08 2.3021e-08 7.27977e-09 2.18733e-09 6.2485e-10 1.69803e-10 4.39171e-11 1.08095e-11 2.50422e-12 4.13664e-13 
0 2.17615e-12 9.80669e-12 4.03045e-11 1.57415e-10 5.85073e-10 2.06847e-09 6.95203e-09 2.21982e-08 6.72934e-08 1.93536e-07 5.27664e-07 1.36277e-06 3.33134e-06 7.70232e-06 1.68321e-05 3.47482e-05 6.77445e-05 0.000124735 0.000217045 0.000357416 0.00055843 0.000831118 0.00118497 0.00163027 0.00218227 0.00286536 0.00371402 0.00476909 0.00607037 0.0076496 0.00952772 0.0117174 0.0142286 0.0170716 0.0202565 0.0237879 0.0276583 0.0318447 0.0363083 0.040998 0.0458553 0.0508181 0.0558232 0.060806 0.0657014 0.070443 0.0749655 0.0792068 0.083111 0.0866311 0.089731 0.0923864 0.0945841 0.0963216 0.0976052 0.0984487 0.0988723 0.0989013 0.098565 0.0978962 0.0969299 0.0957026 0.0942513 0.0926129 0.0908229 0.088915 0.0869205 0.0848679 0.0827825 0.0806867 0.0785995 0.0765373 0.0745136 0.0725395 0.0706239 0.068774 0.0669951 0.0652912 0.0636652 0.0621191 0.0606539 0.0592702 0.057968 0.0567469 0.0556063 0.0545454 0.0535633 0.0526588 0.0518311 0.0510791 0.0504018 0.0497983 0.0492678 0.0488095 0.0484228 0.0481072 0.0478622 0.0476875 0.0475827 0.0475478 0.0475827 0.0476875 0.0478622 0.0481072 0.0484228 0.0488095 0.0492678 0.0497983 0.0504018 0.0510791 0.0518311 0.0526588 0.0535633 0.0545454 0.0556063 0.0567469 0.057968 0.0592702 0.0606539 0.0621191 0.0636652 0.0652912 0.0669951 0.068774 0.0706239 0.0725395 0.0745136 0.0765373 0.0785995 0.0806867 0.0827825 0.0848679 0.0869205 0.088915 0.0908229 0.0926129 0.0942513 0.0957026 0.0969299 0.0978962 0.098565 0.0989013 0.0988723 0.0984487 0.0976052 0.0963216 0.0945841 0.0923864 0.089731 0.0866311 0.083111 0.0792068 0.0749655 0.070443 0.0657014 0.060806 0.0558232 0.0508181 0.0458553 0.040998 0.0363083 0.0318447 0.0276583 0.0237879 0.0202565 0.0170716 0.0142286 0.0117174 0.00952772 0.0076496 0.00607037 0.00476909 0.00371402 0.00286536 0.00218227 0.00163027 0.00118497 0.000831118 0.00055843 0.000357416 0.000217045 0.000124735 6.77445e-05 3.47482e-05 1.68321e-05 7.70232e-06 3.33134e-06 1.36277e-06 5.27664e-07 1.93536e-07 6.72934e-08 2.21982e-08 6.95203e-09 2.06847e-09 5.85072e-10 1.5741e-10 4.02798e-11 9.69471e-12 1.69489e-12 
0 8.31886e-12 3.62031e-11 1.4317e-10 5.37608e-10 1.91993e-09 6.51767e-09 2.10184e-08 6.43417e-08 1.86827e-07 5.14153e-07 1.33994e-06 3.30406e-06 7.70232e-06 1.69618e-05 3.52628e-05 6.91794e-05 0.000128064 0.000223819 0.000369807 0.000579125 0.000863121 0.00123155 0.00169533 0.00227143 0.00298725 0.00388114 0.00499725 0.00637673 0.00805036 0.0100371 0.0123491 0.0149977 0.0179966 0.0213577 0.0250836 0.0291609 0.0335575 0.0382259 0.043108 0.0481408 0.0532591 0.0583956 0.0634805 0.0684411 0.0732038 0.0776971 0.0818553 0.0856227 0.0889555 0.0918229 0.0942067 0.0961004 0.0975072 0.0984391 0.0989153 0.0989615 0.0986089 0.0978931 0.0968534 0.095531 0.0939681 0.0922066 0.0902868 0.0882468 0.0861213 0.0839416 0.0817353 0.0795262 0.0773347 0.0751775 0.0730687 0.0710195 0.0690385 0.0671326 0.0653065 0.0635637 0.0619062 0.060335 0.0588501 0.0574509 0.0561363 0.0549047 0.0537543 0.052683 0.0516888 0.0507694 0.0499229 0.0491472 0.0484405 0.0478009 0.0472269 0.046717 0.04627 0.0458848 0.0455604 0.045296 0.045091 0.044945 0.0448575 0.0448283 0.0448575 0.044945 0.045091 0.045296 0.0455604 0.0458848 0.04627 0.046717 0.0472269 0.0478009 0.0484405 0.0491472 0.0499229 0.0507694 0.0516888 0.052683 0.0537543 0.0549047 0.0561363 0.0574509 0.0588501 0.060335 0.0619062 0.0635637 0.0653065 0.0671326 0.0690385 0.0710195 0.0730687 0.0751775 0.0773347 0.0795262 0.0817353 0.0839416 0.0861213 0.0882468 0.0902868 0.0922066 0.0939681 0.095531 0.0968534 0.0978931 0.0986089 0.0989615 0.0989153 0.0984391 0.0975072 0.0961004 0.0942067 0.0918229 0.0889555 0.0856227 0.0818553 0.0776971 0.0732038 0.0684411 0.0634805 0.0583956 0.0532591 0.0481408 0.043108 0.0382259 0.0335575 0.0291609 0.0250836 0.0213577 0.0179966 0.0149977 0.0123491 0.0100371 0.00805036 0.00637673 0.00499725 0.00388114 0.00298725 0.00227143 0.00169533 0.00123155 0.000863121 0.000579125 0.000369807 0.000223819 0.000128064 6.91794e-05 3.52628e-05 1.69618e-05 7.70232e-06 3.30406e-06 1.33994e-06 5.14153e-07 1.86827e-07 6.43417e-08 2.10184e-08 6.51767e-09 1.91993e-09 5.37587e-10 1.43075e-10 3.57905e-11 6.62737e-12 
0 3.03192e-11 1.27418e-10 4.84696e-10 1.74906e-09 5.9986e-09 1.95415e-08 6.04237e-08 1.77194e-07 4.9239e-07 1.2954e-06 3.22353e-06 7.58055e-06 1.68321e-05 3.52628e-05 6.9664e-05 0.000129759 0.000227973 0.00037827 0.000594283 0.000887729 0.00126866 0.00174868 0.0023464 0.00309218 0.00402808 0.00520131 0.00665403 0.00841586 0.0105041 0.0129309 0.0157104 0.0188599 0.0223921 0.0263062 0.0305808 0.0351747 0.0400327 0.045092 0.0502867 0.055548 0.060803 0.0659741 0.0709797 0.0757388 0.0801751 0.0842226 0.0878282 0.090953 0.0935717 0.0956717 0.0972512 0.0983183 0.0988901 0.0989915 0.098655 0.0979192 0.0968276 0.0954266 0.0937639 0.0918869 0.089841 0.0876687 0.0854085 0.0830949 0.0807583 0.0784245 0.0761157 0.0738502 0.0716429 0.0695059 0.0674483 0.0654769 0.0635965 0.0618099 0.0601184 0.0585219 0.0570196 0.0556095 0.0542891 0.0530556 0.0519059 0.0508365 0.0498443 0.0489259 0.0480782 0.0472981 0.046583 0.0459303 0.0453376 0.0448029 0.0443242 0.0439 0.0435289 0.0432096 0.0429411 0.0427225 0.0425531 0.0424326 0.0423604 0.0423363 0.0423604 0.0424326 0.0425531 0.0427225 0.0429411 0.0432096 0.0435289 0.0439 0.0443242 0.0448029 0.0453376 0.0459303 0.046583 0.0472981 0.0480782 0.0489259 0.0498443 0.0508365 0.0519059 0.0530556 0.0542891 0.0556095 0.0570196 0.0585219 0.0601184 0.0618099 0.0635965 0.0654769 0.0674483 0.0695059 0.0716429 0.0738502 0.0761157 0.0784245 0.0807583 0.0830949 0.0854085 0.0876687 0.089841 0.0918869 0.0937639 0.0954266 0.0968276 0.0979192 0.098655 0.0989915 0.0988901 0.0983183 0.0972512 0.0956717 0.0935717 0.090953 0.0878282 0.0842226 0.0801751 0.0757388 0.0709797 0.0659741 0.060803 0.055548 0.0502867 0.045092 0.0400327 0.0351747 0.0305808 0.0263062 0.0223921 0.0188599 0.0157104 0.0129309 0.0105041 0.00841586 0.00665403 0.00520131 0.00402808 0.00309218 0.0023464 0.00174868 0.00126866 0.000887729 0.000594283 0.00037827 0.000227973 0.000129759 6.9664e-05 3.52628e-05 1.68321e-05 7.58055e-06 3.22353e-06 1.2954e-06 4.9239e-07 1.77194e-07 6.04237e-08 1.95415e-08 5.99858e-09 1.74899e-09 4.8435e-10 1.25984e-10 2.47293e-11 
0 1.05338e-10 4.27474e-10 1.56358e-09 5.41958e-09 1.78395e-08 5.57319e-08 1.65109e-07 4.63441e-07 1.2313e-06 3.09356e-06 7.34261e-06 1.64487e-05 3.47482e-05 6.91794e-05 0.000129759 0.000229373 0.000382564 0.00060353 0.000904424 0.00129565 0.00178946 0.00240601 0.00317841 0.00415225 0.0053776 0.00689744 0.00874022 0.010922 0.0134557 0.0163591 0.0196529 0.0233498 0.0274434 0.0319037 0.0366809 0.0417142 0.046938 0.0522837 0.0576777 0.0630389 0.0682798 0.0733098 0.0780419 0.0823985 0.0863155 0.0897442 0.0926501 0.0950124 0.0968222 0.0980815 0.0988032 0.0990106 0.0987363 0.0980216 0.0969137 0.0954642 0.0937262 0.0917524 0.0895933 0.0872959 0.0849029 0.0824528 0.0799791 0.0775109 0.0750732 0.0726867 0.0703684 0.0681316 0.0659865 0.0639403 0.0619977 0.060161 0.0584306 0.0568056 0.0552836 0.0538613 0.052535 0.0513004 0.050153 0.0490884 0.048102 0.0471895 0.046347 0.0455705 0.0448566 0.0442019 0.0436036 0.043059 0.0425658 0.0421217 0.0417251 0.0413741 0.0410675 0.0408041 0.0405828 0.0404029 0.0402636 0.0401644 0.0401051 0.0400853 0.0401051 0.0401644 0.0402636 0.0404029 0.0405828 0.0408041 0.0410675 0.0413741 0.0417251 0.0421217 0.0425658 0.043059 0.0436036 0.0442019 0.0448566 0.0455705 0.046347 0.0471895 0.048102 0.0490884 0.050153 0.0513004 0.052535 0.0538613 0.0552836 0.0568056 0.0584306 0.060161 0.0619977 0.0639403 0.0659865 0.0681316 0.0703684 0.0726867 0.0750732 0.0775109 0.0799791 0.0824528 0.0849029 0.0872959 0.0895933 0.0917524 0.0937262 0.0954642 0.0969137 0.0980216 0.0987363 0.0990106 0.0988032 0.0980815 0.0968222 0.0950124 0.0926501 0.0897442 0.0863155 0.0823985 0.0780419 0.0733098 0.0682798 0.0630389 0.0576777 0.0522837 0.046938 0.0417142 0.0366809 0.0319037 0.0274434 0.0233498 0.0196529 0.0163591 0.0134557 0.010922 0.00874022 0.00689744 0.0053776 0.00415225 0.00317841 0.00240601 0.00178946 0.00129565 0.000904424 0.00060353 0.000382564 0.000229373 0.000129759 6.91794e-05 3.47482e-05 1.64487e-05 7.34261e-06 3.09356e-06 1.2313e-06 4.63441e-07 1.65109e-07 5.57318e-08 1.78394e-08 5.41929e-09 1.56239e-09 4.22792e-10 8.80482e-11 
0 3.48826e-10 1.36684e-09 4.80538e-09 1.59899e-08 5.04851e-08 1.51144e-07 4.28677e-07 1.15067e-06 2.92019e-06 6.99929e-06 1.58284e-05 3.37404e-05 6.77445e-05 0.000128064 0.000227973 0.000382564 0.000606638 0.000912859 0.00131204 0.00181702 0.00244929 0.00324447 0.00425139 0.00552286 0.00710269 0.00901834 0.011285 0.0139172 0.0169368 0.0203675 0.0242208 0.0284835 0.0331164 0.038063 0.043259 0.0486372 0.0541254 0.0596425 0.0650971 0.0703909 0.075426 0.0801123 0.0843736 0.0881493 0.091394 0.0940766 0.0961782 0.097693 0.0986274 0.0990012 0.098846 0.0982045 0.0971274 0.0956704 0.0938917 0.0918488 0.0895973 0.0871888 0.084671 0.0820867 0.0794742 0.0768668 0.0742933 0.0717778 0.0693398 0.0669946 0.0647537 0.0626246 0.0606118 0.058717 0.0569399 0.0552782 0.0537284 0.0522859 0.0509459 0.0497027 0.048551 0.0474852 0.0465001 0.0455905 0.0447515 0.0439788 0.043268 0.0426153 0.0420173 0.0414706 0.0409726 0.0405204 0.0401119 0.039745 0.0394179 0.0391291 0.0388772 0.038661 0.0384797 0.0383324 0.0382184 0.0381373 0.0380888 0.0380727 0.0380888 0.0381373 0.0382184 0.0383324 0.0384797 0.038661 0.0388772 0.0391291 0.0394179 0.039745 0.0401119 0.0405204 0.0409726 0.0414706 0.0420173 0.0426153 0.043268 0.0439788 0.0447515 0.0455905 0.0465001 0.0474852 0.048551 0.0497027 0.0509459 0.0522859 0.0537284 0.0552782 0.0569399 0.058717 0.0606118 0.0626246 0.0647537 0.0669946 0.0693398 0.0717778 0.0742933 0.0768668 0.0794742 0.0820867 0.084671 0.0871888 0.0895973 0.0918488 0.0938917 0.0956704 0.0971274 0.0982045 0.098846 0.0990012 0.0986274 0.097693 0.0961782 0.0940766 0.091394 0.0881493 0.0843736 0.0801123 0.075426 0.0703909 0.0650971 0.0596425 0.0541254 0.0486372 0.043259 0.038063 0.0331164 0.0284835 0.0242208 0.0203675 0.0169368 0.0139172 0.011285 0.00901834 0.00710269 0.00552286 0.00425139 0.00324447 0.00244929 0.00181702 0.00131204 0.000912859 0.000606638 0.000382564 0.000227973 0.000128064 6.77445e-05 3.37404e-05 1.58284e-05 6.99929e-06 2.92019e-06 1.15067e-06 4.28677e-07 1.51144e-07 5.04849e-08 1.5989e-08 4.80153e-09 1.35253e-09 2.99111e-10 
0 1.10083e-09 4.16472e-09 1.40674e-08 4.49116e-08 1.35921e-07 3.89667e-07 1.05716e-06 2.71122e-06 6.56575e-06 1.49978e-05 3.2281e-05 6.5415e-05 0.000124735 0.000223819 0.00037827 0.00060353 0.000912859 0.00131753 0.00183091 0.00247555 0.00328919 0.00432363 0.00563433 0.00726617 0.00924593 0.0115884 0.0143102 0.0174373 0.0209962 0.0249959 0.0294156 0.0342076 0.0393106 0.0446588 0.0501834 0.0558066 0.0614371 0.0669717 0.0723026 0.0773271 0.0819556 0.0861142 0.0897449 0.0928038 0.0952604 0.0970977 0.0983136 0.0989219 0.0989515 0.0984448 0.0974546 0.09604 0.0942631 0.0921862 0.0898693 0.0873697 0.0847402 0.0820297 0.0792818 0.0765356 0.0738245 0.0711766 0.0686145 0.0661556 0.0638122 0.0615925 0.0595006 0.0575378 0.0557029 0.0539928 0.0524029 0.0509281 0.0495625 0.0482999 0.047134 0.0460587 0.045068 0.0441559 0.043317 0.0425461 0.0418384 0.0411892 0.0405944 0.0400503 0.0395533 0.0391004 0.0386889 0.0383162 0.0379801 0.0376788 0.0374106 0.037174 0.0369679 0.0367912 0.036643 0.0365227 0.0364297 0.0363636 0.036324 0.0363108 0.036324 0.0363636 0.0364297 0.0365227 0.036643 0.0367912 0.0369679 0.037174 0.0374106 0.0376788 0.0379801 0.0383162 0.0386889 0.0391004 0.0395533 0.0400503 0.0405944 0.0411892 0.0418384 0.0425461 0.043317 0.0441559 0.045068 0.0460587 0.047134 0.0482999 0.0495625 0.0509281 0.0524029 0.0539928 0.0557029 0.0575378 0.0595006 0.0615925 0.0638122 0.0661556 0.0686145 0.0711766 0.0738245 0.0765356 0.0792818 0.0820297 0.0847402 0.0873697 0.0898693 0.0921862 0.0942631 0.09604 0.0974546 0.0984448 0.0989515 0.0989219 0.0983136 0.0970977 0.0952604 0.0928038 0.0897449 0.0861142 0.0819556 0.0773271 0.0723026 0.0669717 0.0614371 0.0558066 0.0501834 0.0446588 0.0393106 0.0342076 0.0294156 0.0249959 0.0209962 0.0174373 0.0143102 0.0115884 0.00924593 0.00726617 0.00563433 0.00432363 0.00328919 0.00247555 0.00183091 0.00131753 0.000912859 0.00060353 0.00037827 0.000223819 0.000124735 6.5415e-05 3.2281e-05 1.49978e-05 6.56575e-06 2.71122e-06 1.05716e-06 3.89667e-07 1.3592e-07 4.49085e-08 1.40558e-08 4.12414e-09 9.69436e-10 
