0 0 0 0 0 0 0 0 0 0 0 0 0 0 0 0 0 0 0 0 0 0 0 0 0 0 0 0 0 0 0 0 0 0 0 0 0 0 0 0 0 0 0 0 0 0 0 0 0 0 0 0 0 0 0 0 0 0 0 0 0 0 0 0 0 0 0 0 0 0 0 0 0 0 0 0 0 0 0 0 0 0 0 0 0 0 0 0 0 0 0 0 0 0 0 0 0 0 0 0 0 0 0 0 0 0 0 0 0 0 0 0 0 0 0 0 0 0 0 0 0 0 0 0 0 0 0 0 0 0 0 0 0 0 0 0 0 0 0 0 0 0 0 0 0 0 0 0 0 0 0 0 0 0 0 0 0 0 0 0 0 0 0 0 0 0 0 0 0 0 0 0 0 0 0 0 0 0 0 0 0 0 0 0 0 0 0 0 0 0 0 0 0 0 0 0 0 0 0 0 
0 0.00139196 0.00273356 0.00400802 0.00523708 0.00645169 0.00765263 0.00879562 0.00981433 0.0106587 0.0113109 0.0117666 0.0120062 0.0119901 0.0116821 0.0110752 0.0101963 0.00908831 0.00779076 0.00633325 0.00474404 0.00306218 0.00134204 -0.000353732 -0.00196702 -0.00345418 -0.00478832 -0.0059549 -0.00694497 -0.00775108 -0.0083674 -0.00879293 -0.00903481 -0.00910945 -0.00904069 -0.00885584 -0.00858152 -0.00824061 -0.00785132 -0.00742782 -0.00698183 -0.00652412 -0.00606529 -0.00561571 -0.00518476 -0.00477997 -0.0044063 -0.00406586 -0.0037583 -0.00348137 -0.0032319 -0.00300648 -0.00280215 -0.00261664 -0.00244842 -0.00229655 -0.00216038 -0.00203934 -0.0019327 -0.00183942 -0.00175822 -0.00168754 -0.00162575 -0.0015712 -0.00152236 -0.00147794 -0.00143691 -0.00139848 -0.00136218 -0.00132771 -0.00129495 -0.00126392 -0.00123467 -0.00120729 -0.00118185 -0.0011584 -0.00113694 -0.00111744 -0.00109981 -0.00108395 -0.00106974 -0.00105702 -0.00104565 -0.00103549 -0.0010264 -0.00101826 -0.00101096 -0.0010044 -0.000998517 -0.000993238 -0.000988515 -0.000984309 -0.000980591 -0.00097734 -0.00097454 -0.000972181 -0.000970257 -0.000968763 -0.000967697 -0.000967058 -0.000966845 -0.000967058 -0.000967697 -0.000968763 -0.000970257 -0.000972181 -0.00097454 -0.00097734 -0.000980591 -0.000984309 -0.000988515 -0.000993238 -0.000998517 -0.0010044 -0.00101096 -0.00101826 -0.0010264 -0.00103549 -0.00104565 -0.00105702 -0.00106974 -0.00108395 -0.00109981 -0.00111744 -0.00113694 -0.0011584 -0.00118185 -0.00120729 -0.00123467 -0.00126392 -0.00129495 -0.00132771 -0.00136218 -0.00139848 -0.00143691 -0.00147794 -0.00152236 -0.0015712 -0.00162575 -0.00168754 -0.00175822 -0.00183942 -0.0019327 -0.00203934 -0.00216038 -0.00229655 -0.00244842 -0.00261664 -0.00280215 -0.00300648 -0.0032319 -0.00348137 -0.0037583 -0.00406586 -0.0044063 -0.00477997 -0.00518476 -0.00561571 -0.00606529 -0.00652412 -0.00698183 -0.00742782 -0.00785132 -0.00824061 -0.00858152 -0.00885584 -0.00904069 -0.00910945 -0.00903481 -0.00879293 -0.0083674 -0.00775108 -0.00694497 -0.0059549 -0.00478832 -0.00345418 -0.00196702 -0.000353731 0.00134205 0.0030622 0.00474412 0.00633351 0.00779149 0.00909027 0.0102012 0.0110866 0.0117072 0.0120416 0.012105 0.0119443 0.0116106 0.0111332 0.0105212 0.0097919 0.00899344 0.0081978 0.007473 0.00686298 0.00639033 0.00607042 
0 0.00273356 0.00539943 0.00796951 0.0104581 0.0128854 0.0152345 0.0174403 0.0194155 0.0210827 0.0223851 0.0232731 0.0236941 0.0235995 0.0229616 0.0217825 0.0200911 0.0179354 0.0153769 0.0124896 0.00935889 0.00607959 0.00275106 -0.000529571 -0.00367292 -0.00660116 -0.00925043 -0.0115722 -0.0135344 -0.0151209 -0.0163313 -0.0171787 -0.0176867 -0.0178869 -0.0178159 -0.0175134 -0.0170202 -0.016377 -0.0156225 -0.0147928 -0.0139197 -0.0130303 -0.0121465 -0.0112853 -0.0104591 -0.00967667 -0.00894361 -0.00826335 -0.00763745 -0.00706604 -0.00654803 -0.00608132 -0.00566297 -0.00528939 -0.00495659 -0.00466038 -0.0043966 -0.00416133 -0.003951 -0.00376249 -0.0035931 -0.00344058 -0.00330303 -0.00317886 -0.00306672 -0.00296539 -0.0028738 -0.00279095 -0.00271593 -0.00264786 -0.00258594 -0.00252945 -0.00247772 -0.00243016 -0.00238628 -0.00234564 -0.00230789 -0.00227273 -0.00223992 -0.00220928 -0.00218066 -0.00215394 -0.00212901 -0.00210581 -0.00208427 -0.00206432 -0.00204592 -0.00202901 -0.00201356 -0.00199952 -0.00198685 -0.00197551 -0.00196547 -0.00195669 -0.00194915 -0.00194281 -0.00193766 -0.00193367 -0.00193084 -0.00192914 -0.00192857 -0.00192914 -0.00193084 -0.00193367 -0.00193766 -0.00194281 -0.00194915 -0.00195669 -0.00196547 -0.00197551 -0.00198685 -0.00199952 -0.00201356 -0.00202901 -0.00204592 -0.00206432 -0.00208427 -0.00210581 -0.00212901 -0.00215394 -0.00218066 -0.00220928 -0.00223992 -0.00227273 -0.00230789 -0.00234564 -0.00238628 -0.00243016 -0.00247772 -0.00252945 -0.00258594 -0.00264786 -0.00271593 -0.00279095 -0.0028738 -0.00296539 -0.00306672 -0.00317886 -0.00330303 -0.00344058 -0.0035931 -0.00376249 -0.003951 -0.00416133 -0.0043966 -0.00466038 -0.00495659 -0.00528939 -0.00566297 -0.00608132 -0.00654803 -0.00706604 -0.00763745 -0.00826335 -0.00894361 -0.00967667 -0.0104591 -0.0112853 -0.0121465 -0.0130303 -0.0139197 -0.0147928 -0.0156225 -0.016377 -0.0170202 -0.0175134 -0.0178159 -0.0178869 -0.0176867 -0.0171787 -0.0163313 -0.0151209 -0.0135344 -0.0115722 -0.00925043 -0.00660116 -0.00367292 -0.000529566 0.00275108 0.00607967 0.00935914 0.0124904 0.015379 0.0179406 0.0201038 0.0218111 0.0230219 0.0237192 0.0239171 0.0236634 0.0230275 0.0220787 0.0208758 0.019478 0.0179669 0.016451 0.0150461 0.0138476 0.0129182 0.0122938 
0 0.00400802 0.00796951 0.011848 0.0156136 0.0192302 0.022649 0.025811 0.0286466 0.031066 0.0329573 0.0342077 0.0347363 0.0345103 0.0335304 0.0318085 0.0293644 0.0262413 0.022521 0.0183237 0.0137918 0.00906994 0.00429174 -0.000421515 -0.00495652 -0.00920595 -0.0130724 -0.0164769 -0.0193665 -0.0217178 -0.0235339 -0.0248376 -0.0256638 -0.0260545 -0.0260555 -0.0257166 -0.0250907 -0.0242334 -0.0232011 -0.0220472 -0.0208202 -0.0195607 -0.018301 -0.0170655 -0.0158715 -0.0147316 -0.0136543 -0.0126458 -0.0117102 -0.0108498 -0.010065 -0.00935446 -0.0087151 -0.00814243 -0.00763088 -0.00717431 -0.00676651 -0.00640154 -0.00607402 -0.00577932 -0.00551353 -0.00527343 -0.00505638 -0.00486016 -0.00468284 -0.00452272 -0.0043782 -0.00424775 -0.00412993 -0.00402333 -0.00392666 -0.0038387 -0.00375836 -0.00368467 -0.00361678 -0.00355401 -0.00349575 -0.00344153 -0.00339097 -0.00334376 -0.00329968 -0.00325853 -0.00322016 -0.00318445 -0.0031513 -0.00312061 -0.00309231 -0.00306633 -0.00304258 -0.00302101 -0.00300155 -0.00298414 -0.00296873 -0.00295526 -0.00294369 -0.00293397 -0.00292607 -0.00291995 -0.0029156 -0.002913 -0.00291213 -0.002913 -0.0029156 -0.00291995 -0.00292607 -0.00293397 -0.00294369 -0.00295526 -0.00296873 -0.00298414 -0.00300155 -0.00302101 -0.00304258 -0.00306633 -0.00309231 -0.00312061 -0.0031513 -0.00318445 -0.00322016 -0.00325853 -0.00329968 -0.00334376 -0.00339097 -0.00344153 -0.00349575 -0.00355401 -0.00361678 -0.00368467 -0.00375836 -0.0038387 -0.00392666 -0.00402333 -0.00412993 -0.00424775 -0.0043782 -0.00452272 -0.00468284 -0.00486016 -0.00505638 -0.00527343 -0.00551353 -0.00577932 -0.00607402 -0.00640154 -0.00676651 -0.00717431 -0.00763088 -0.00814243 -0.0087151 -0.00935446 -0.010065 -0.0108498 -0.0117102 -0.0126458 -0.0136543 -0.0147316 -0.0158715 -0.0170655 -0.018301 -0.0195607 -0.0208202 -0.0220472 -0.0232011 -0.0242334 -0.0250907 -0.0257166 -0.0260555 -0.0260545 -0.0256638 -0.0248376 -0.0235339 -0.0217178 -0.0193665 -0.0164769 -0.0130724 -0.00920595 -0.00495652 -0.000421496 0.00429181 0.00907016 0.0137925 0.0183256 0.0225259 0.0262531 0.0293914 0.0318666 0.0336476 0.034733 0.0351346 0.0348787 0.0340245 0.0326736 0.0309529 0.0289871 0.0268896 0.024779 0.0227915 0.0210676 0.0197202 0.0188158 
0 0.00523708 0.0104581 0.0156136 0.0206147 0.0253614 0.029776 0.0338063 0.0373907 0.0404217 0.0427541 0.0442525 0.0448335 0.0444655 0.0431452 0.0408844 0.0377194 0.0337233 0.0290077 0.0237153 0.0180068 0.0120488 0.00600694 4.13301e-05 -0.00569843 -0.0110798 -0.0159925 -0.0203522 -0.0241014 -0.0272082 -0.0296641 -0.031482 -0.0326938 -0.0333467 -0.0334998 -0.0332193 -0.0325741 -0.0316324 -0.0304584 -0.0291115 -0.0276451 -0.026107 -0.0245387 -0.0229758 -0.0214475 -0.0199765 -0.0185795 -0.017267 -0.016045 -0.0149152 -0.0138766 -0.012926 -0.0120595 -0.0112722 -0.0105593 -0.00991567 -0.0093364 -0.00881638 -0.00835051 -0.00793368 -0.00756082 -0.00722705 -0.00692769 -0.00665846 -0.00641546 -0.0061953 -0.00599505 -0.00581224 -0.00564485 -0.0054912 -0.00534993 -0.00521991 -0.00510019 -0.00498996 -0.0048885 -0.00479516 -0.00470932 -0.00463044 -0.00455798 -0.00449144 -0.00443035 -0.00437428 -0.00432283 -0.00427565 -0.00423242 -0.00419285 -0.00415668 -0.00412372 -0.00409376 -0.00406665 -0.00404225 -0.00402045 -0.00400116 -0.0039843 -0.0039698 -0.00395761 -0.00394769 -0.00394 -0.00393453 -0.00393125 -0.00393016 -0.00393125 -0.00393453 -0.00394 -0.00394769 -0.00395761 -0.0039698 -0.0039843 -0.00400116 -0.00402045 -0.00404225 -0.00406665 -0.00409376 -0.00412372 -0.00415668 -0.00419285 -0.00423242 -0.00427565 -0.00432283 -0.00437428 -0.00443035 -0.00449144 -0.00455798 -0.00463044 -0.00470932 -0.00479516 -0.0048885 -0.00498996 -0.00510019 -0.00521991 -0.00534993 -0.0054912 -0.00564485 -0.00581224 -0.00599505 -0.0061953 -0.00641546 -0.00665846 -0.00692769 -0.00722705 -0.00756082 -0.00793368 -0.00835051 -0.00881638 -0.0093364 -0.00991567 -0.0105593 -0.0112722 -0.0120595 -0.012926 -0.0138766 -0.0149152 -0.016045 -0.017267 -0.0185795 -0.0199765 -0.0214475 -0.0229758 -0.0245387 -0.026107 -0.0276451 -0.0291115 -0.0304584 -0.0316324 -0.0325741 -0.0332193 -0.0334998 -0.0333467 -0.0326938 -0.031482 -0.0296641 -0.0272082 -0.0241014 -0.0203522 -0.0159925 -0.0110798 -0.00569841 4.1389e-05 0.00600714 0.0120494 0.0180084 0.0237196 0.0290183 0.0337478 0.0377728 0.0409934 0.0433549 0.0448457 0.0454832 0.045302 0.0443616 0.0427693 0.0406833 0.0382827 0.0357303 0.0331688 0.0307433 0.028611 0.0269181 0.0257696 
0 0.00645169 0.0128854 0.0192302 0.0253614 0.0311477 0.0364889 0.0413064 0.0455057 0.0489638 0.0515547 0.0531766 0.0537524 0.0532218 0.0515542 0.0487718 0.0449543 0.0402186 0.034699 0.0285406 0.0219029 0.0149635 0.00791471 0.000949482 -0.00575734 -0.0120604 -0.0178461 -0.0230295 -0.0275486 -0.0313616 -0.0344482 -0.036811 -0.0384766 -0.0394929 -0.0399234 -0.0398406 -0.0393196 -0.0384335 -0.0372514 -0.0358376 -0.0342516 -0.0325481 -0.0307771 -0.0289825 -0.0272017 -0.0254649 -0.0237948 -0.0222076 -0.020713 -0.0193164 -0.0180194 -0.0168212 -0.0157193 -0.0147103 -0.0137899 -0.0129534 -0.0121956 -0.011511 -0.010894 -0.0103386 -0.00983902 -0.00938959 -0.00898486 -0.00861983 -0.00828991 -0.00799105 -0.00771965 -0.00747262 -0.00724729 -0.00704136 -0.00685287 -0.00668011 -0.00652162 -0.00637609 -0.00624237 -0.00611945 -0.00600641 -0.00590241 -0.0058067 -0.00571862 -0.00563756 -0.00556297 -0.00549436 -0.0054313 -0.00537341 -0.00532033 -0.00527179 -0.0052275 -0.00518725 -0.00515083 -0.00511808 -0.00508884 -0.00506298 -0.0050404 -0.00502101 -0.00500472 -0.00499147 -0.00498122 -0.00497393 -0.00496956 -0.0049681 -0.00496956 -0.00497393 -0.00498122 -0.00499147 -0.00500472 -0.00502101 -0.0050404 -0.00506298 -0.00508884 -0.00511808 -0.00515083 -0.00518725 -0.0052275 -0.00527179 -0.00532033 -0.00537341 -0.0054313 -0.00549436 -0.00556297 -0.00563756 -0.00571862 -0.0058067 -0.00590241 -0.00600641 -0.00611945 -0.00624237 -0.00637609 -0.00652162 -0.00668011 -0.00685287 -0.00704136 -0.00724729 -0.00747262 -0.00771965 -0.00799105 -0.00828991 -0.00861983 -0.00898486 -0.00938959 -0.00983902 -0.0103386 -0.010894 -0.011511 -0.0121956 -0.0129534 -0.0137899 -0.0147103 -0.0157193 -0.0168212 -0.0180194 -0.0193164 -0.020713 -0.0222076 -0.0237948 -0.0254649 -0.0272017 -0.0289825 -0.0307771 -0.0325481 -0.0342516 -0.0358376 -0.0372514 -0.0384335 -0.0393196 -0.0398406 -0.0399234 -0.0394929 -0.0384766 -0.036811 -0.0344482 -0.0313616 -0.0275486 -0.0230294 -0.0178461 -0.0120604 -0.00575729 0.000949648 0.00791521 0.0149649 0.0219067 0.02855 0.0347209 0.0402667 0.0450538 0.0489653 0.0519087 0.0538347 0.0547536 0.0547279 0.0538466 0.0522164 0.0499797 0.0473267 0.0444711 0.0416105 0.0389117 0.036525 0.0345982 0.0332693 
0 0.00765263 0.0152345 0.022649 0.029776 0.0364889 0.0426579 0.0481423 0.0528002 0.0565184 0.0592227 0.0608489 0.0613167 0.0605507 0.0585281 0.0552986 0.050964 0.045652 0.0395063 0.0326869 0.0253703 0.0177472 0.0100137 0.00235697 -0.00505275 -0.012066 -0.018557 -0.0244253 -0.0295974 -0.0340273 -0.0376964 -0.0406095 -0.0427905 -0.0442791 -0.0451264 -0.0453929 -0.0451463 -0.0444591 -0.0434055 -0.0420586 -0.0404871 -0.038753 -0.0369109 -0.0350073 -0.0330813 -0.0311657 -0.0292878 -0.0274696 -0.0257291 -0.0240795 -0.0225301 -0.0210861 -0.0197492 -0.0185178 -0.0173882 -0.0163551 -0.015412 -0.0145522 -0.0137693 -0.0130568 -0.012409 -0.0118205 -0.0112865 -0.0108024 -0.0103639 -0.00996706 -0.00960798 -0.00928303 -0.00898871 -0.00872182 -0.00847932 -0.0082585 -0.00805691 -0.00787236 -0.00770299 -0.00754714 -0.00740347 -0.00727077 -0.00714807 -0.00703454 -0.00692947 -0.00683228 -0.00674245 -0.00665954 -0.00658315 -0.00651295 -0.00644861 -0.00638987 -0.00633646 -0.00628816 -0.00624474 -0.00620602 -0.00617183 -0.00614202 -0.00611645 -0.00609501 -0.0060776 -0.00606414 -0.00605456 -0.00604884 -0.00604693 -0.00604884 -0.00605456 -0.00606414 -0.0060776 -0.00609501 -0.00611645 -0.00614202 -0.00617183 -0.00620602 -0.00624474 -0.00628816 -0.00633646 -0.00638987 -0.00644861 -0.00651295 -0.00658315 -0.00665954 -0.00674245 -0.00683228 -0.00692947 -0.00703454 -0.00714807 -0.00727077 -0.00740347 -0.00754714 -0.00770299 -0.00787236 -0.00805691 -0.0082585 -0.00847932 -0.00872182 -0.00898871 -0.00928303 -0.00960798 -0.00996706 -0.0103639 -0.0108024 -0.0112865 -0.0118205 -0.012409 -0.0130568 -0.0137693 -0.0145522 -0.015412 -0.0163551 -0.0173882 -0.0185178 -0.0197492 -0.0210861 -0.0225301 -0.0240795 -0.0257291 -0.0274696 -0.0292878 -0.0311657 -0.0330813 -0.0350073 -0.0369109 -0.038753 -0.0404871 -0.0420586 -0.0434055 -0.0444591 -0.0451463 -0.0453929 -0.0451264 -0.0442791 -0.0427905 -0.0406095 -0.0376964 -0.0340273 -0.0295974 -0.0244253 -0.018557 -0.012066 -0.00505261 0.0023574 0.0100149 0.0177505 0.0253785 0.0327063 0.0395493 0.0457417 0.0511403 0.0556251 0.0590986 0.0614927 0.0627911 0.063048 0.062371 0.0608839 0.0587186 0.0560468 0.0530969 0.0501144 0.0473047 0.044821 0.0428013 0.0413957 
0 0.00879562 0.0174403 0.025811 0.0338063 0.0413064 0.0481423 0.0541203 0.059084 0.0629477 0.0656621 0.0671667 0.0673944 0.0663158 0.0639572 0.0603804 0.0556702 0.0499448 0.0433631 0.0361111 0.0283851 0.0203764 0.0122618 0.00420476 -0.00363784 -0.0111168 -0.0180991 -0.0244763 -0.0301701 -0.0351344 -0.0393495 -0.042815 -0.0455459 -0.0475687 -0.0489206 -0.0496506 -0.0498173 -0.0494872 -0.0487312 -0.0476207 -0.0462237 -0.0446038 -0.0428178 -0.0409163 -0.038944 -0.0369399 -0.0349377 -0.0329661 -0.0310487 -0.0292042 -0.0274465 -0.0257851 -0.0242257 -0.0227707 -0.0214199 -0.0201709 -0.0190202 -0.0179632 -0.0169945 -0.0161088 -0.0153003 -0.0145633 -0.0138922 -0.0132815 -0.0127261 -0.0122211 -0.0117617 -0.0113437 -0.0109631 -0.0106164 -0.0103001 -0.0100113 -0.00974741 -0.00950596 -0.00928484 -0.00908214 -0.00889618 -0.00872544 -0.00856862 -0.0084245 -0.00829207 -0.00817036 -0.00805858 -0.00795598 -0.00786192 -0.00777583 -0.00769722 -0.00762562 -0.00756065 -0.00750198 -0.00744929 -0.00740234 -0.00736087 -0.00732473 -0.0072937 -0.00726769 -0.00724655 -0.00723022 -0.00721858 -0.00721164 -0.00720931 -0.00721164 -0.00721858 -0.00723022 -0.00724655 -0.00726769 -0.0072937 -0.00732473 -0.00736087 -0.00740234 -0.00744929 -0.00750198 -0.00756065 -0.00762562 -0.00769722 -0.00777583 -0.00786192 -0.00795598 -0.00805858 -0.00817036 -0.00829207 -0.0084245 -0.00856862 -0.00872544 -0.00889618 -0.00908214 -0.00928484 -0.00950596 -0.00974741 -0.0100113 -0.0103001 -0.0106164 -0.0109631 -0.0113437 -0.0117617 -0.0122211 -0.0127261 -0.0132815 -0.0138922 -0.0145633 -0.0153003 -0.0161088 -0.0169945 -0.0179632 -0.0190202 -0.0201709 -0.0214199 -0.0227707 -0.0242257 -0.0257851 -0.0274465 -0.0292042 -0.0310487 -0.0329661 -0.0349377 -0.0369399 -0.038944 -0.0409163 -0.0428178 -0.0446038 -0.0462237 -0.0476207 -0.0487312 -0.0494872 -0.0498173 -0.0496506 -0.0489206 -0.0475687 -0.0455459 -0.042815 -0.0393495 -0.0351344 -0.0301701 -0.0244763 -0.0180991 -0.0111166 -0.00363748 0.0042058 0.0122646 0.0203835 0.028402 0.0361489 0.0434429 0.0501036 0.0559676 0.060906 0.0648345 0.0677033 0.0694836 0.0701826 0.0698731 0.0686893 0.0667909 0.0643493 0.0615679 0.0586848 0.0559324 0.0534984 0.0515332 0.0501777 
0 0.00981433 0.0194155 0.0286466 0.0373907 0.0455057 0.0528002 0.059084 0.0642244 0.0681389 0.0707567 0.0720212 0.0719262 0.0705177 0.0678539 0.0639896 0.0590069 0.0530382 0.0462525 0.0388336 0.0309667 0.0228278 0.0145803 0.00638088 -0.0016217 -0.0092947 -0.0165245 -0.0232168 -0.0292984 -0.0347152 -0.0394304 -0.043426 -0.046703 -0.0492783 -0.0511837 -0.0524616 -0.0531603 -0.053333 -0.0530352 -0.0523242 -0.051259 -0.0498994 -0.0483041 -0.0465301 -0.0446292 -0.042648 -0.0406266 -0.0385979 -0.036589 -0.0346218 -0.0327134 -0.0308777 -0.0291252 -0.027464 -0.0258999 -0.0244359 -0.0230734 -0.0218113 -0.0206469 -0.019576 -0.0185935 -0.0176935 -0.0168697 -0.0161161 -0.0154267 -0.0147959 -0.0142187 -0.0136902 -0.0132065 -0.0127636 -0.0123582 -0.0119872 -0.0116476 -0.011337 -0.0110529 -0.010793 -0.0105552 -0.0103378 -0.0101388 -0.00995676 -0.00979016 -0.00963767 -0.00949816 -0.00937054 -0.00925394 -0.00914747 -0.00905049 -0.00896231 -0.00888245 -0.00881038 -0.00874575 -0.00868817 -0.00863738 -0.00859309 -0.00855512 -0.00852325 -0.00849739 -0.00847737 -0.00846315 -0.00845463 -0.0084518 -0.00845463 -0.00846315 -0.00847737 -0.00849739 -0.00852325 -0.00855512 -0.00859309 -0.00863738 -0.00868817 -0.00874575 -0.00881038 -0.00888245 -0.00896231 -0.00905049 -0.00914747 -0.00925394 -0.00937054 -0.00949816 -0.00963767 -0.00979016 -0.00995676 -0.0101388 -0.0103378 -0.0105552 -0.010793 -0.0110529 -0.011337 -0.0116476 -0.0119872 -0.0123582 -0.0127636 -0.0132065 -0.0136902 -0.0142187 -0.0147959 -0.0154267 -0.0161161 -0.0168697 -0.0176935 -0.0185935 -0.019576 -0.0206469 -0.0218113 -0.0230734 -0.0244359 -0.0258999 -0.027464 -0.0291252 -0.0308777 -0.0327134 -0.0346218 -0.036589 -0.0385979 -0.0406266 -0.042648 -0.0446292 -0.0465301 -0.0483041 -0.0498994 -0.051259 -0.0523242 -0.0530352 -0.053333 -0.0531603 -0.0524616 -0.0511837 -0.0492783 -0.046703 -0.043426 -0.0394304 -0.0347152 -0.0292983 -0.0232168 -0.0165244 -0.0092944 -0.00162084 0.00638324 0.0145864 0.0228423 0.0309996 0.0389039 0.0463939 0.0533062 0.0594862 0.0647989 0.0691481 0.0724863 0.0747929 0.0760525 0.0762836 0.0755895 0.0741516 0.0721671 0.0698153 0.0672819 0.0647859 0.0625554 0.0607793 0.0595836 
0 0.0106587 0.0210827 0.031066 0.0404217 0.0489638 0.0565184 0.0629477 0.0681389 0.0719807 0.0743875 0.0753508 0.0749363 0.0732215 0.070267 0.0661527 0.0610053 0.0549741 0.0482077 0.0408583 0.0330854 0.0250494 0.0169095 0.00881726 0.000900473 -0.00673766 -0.0140082 -0.0208334 -0.0271447 -0.0328807 -0.0379938 -0.0424557 -0.046255 -0.0493967 -0.0518993 -0.0537883 -0.0550958 -0.0558596 -0.0561211 -0.0559272 -0.0553292 -0.05438 -0.0531347 -0.0516468 -0.0499669 -0.0481428 -0.0462171 -0.044228 -0.0422093 -0.0401897 -0.0381942 -0.0362433 -0.0343533 -0.0325374 -0.0308048 -0.029162 -0.0276131 -0.0261595 -0.0248014 -0.0235369 -0.0223636 -0.021278 -0.0202761 -0.0193534 -0.0185051 -0.0177265 -0.0170124 -0.0163582 -0.0157591 -0.0152104 -0.0147081 -0.014248 -0.0138264 -0.0134399 -0.0130855 -0.0127603 -0.0124617 -0.0121876 -0.0119359 -0.0117047 -0.0114924 -0.0112977 -0.0111191 -0.0109555 -0.0108059 -0.0106693 -0.0105449 -0.0104319 -0.0103297 -0.0102376 -0.0101552 -0.0100819 -0.0100174 -0.00996129 -0.00991327 -0.00987302 -0.00984043 -0.0098152 -0.00979733 -0.00978659 -0.00978306 -0.00978659 -0.00979733 -0.0098152 -0.00984043 -0.00987302 -0.00991327 -0.00996129 -0.0100174 -0.0100819 -0.0101552 -0.0102376 -0.0103297 -0.0104319 -0.0105449 -0.0106693 -0.0108059 -0.0109555 -0.0111191 -0.0112977 -0.0114924 -0.0117047 -0.0119359 -0.0121876 -0.0124617 -0.0127603 -0.0130855 -0.0134399 -0.0138264 -0.014248 -0.0147081 -0.0152104 -0.0157591 -0.0163582 -0.0170124 -0.0177265 -0.0185051 -0.0193534 -0.0202761 -0.021278 -0.0223636 -0.0235369 -0.0248014 -0.0261595 -0.0276131 -0.029162 -0.0308048 -0.0325374 -0.0343533 -0.0362433 -0.0381942 -0.0401897 -0.0422093 -0.044228 -0.0462171 -0.0481428 -0.0499669 -0.0516468 -0.0531347 -0.05438 -0.0553292 -0.0559272 -0.0561211 -0.0558596 -0.0550958 -0.0537883 -0.0518993 -0.0493967 -0.046255 -0.0424557 -0.0379938 -0.0328807 -0.0271447 -0.0208333 -0.014008 -0.00673695 0.000902433 0.00882232 0.0169219 0.0250777 0.0331465 0.0409827 0.0484466 0.0554066 0.0617447 0.0673492 0.0721068 0.0759263 0.0787696 0.0806374 0.0815457 0.0815527 0.0807997 0.0794806 0.0777719 0.0758229 0.0738122 0.0719676 0.0705007 0.0695321 
0 0.0113109 0.0223851 0.0329573 0.0427541 0.0515547 0.0592227 0.0656621 0.0707567 0.0743875 0.0765107 0.0771791 0.076476 0.0744722 0.0712621 0.0669913 0.0618159 0.0558676 0.0492723 0.042169 0.0346988 0.0270002 0.019209 0.0114434 0.00379965 -0.00363396 -0.0107762 -0.0175586 -0.0239206 -0.0298103 -0.0351897 -0.0400279 -0.0442998 -0.0479905 -0.051093 -0.0536097 -0.0555565 -0.056958 -0.0578465 -0.0582615 -0.0582435 -0.0578349 -0.0570796 -0.0560206 -0.0547026 -0.0531704 -0.0514676 -0.0496375 -0.0477199 -0.0457506 -0.0437618 -0.0417793 -0.0398252 -0.0379167 -0.0360669 -0.0342866 -0.0325827 -0.0309612 -0.0294256 -0.0279781 -0.0266198 -0.02535 -0.0241676 -0.0230698 -0.0220535 -0.021115 -0.0202496 -0.019453 -0.0187202 -0.0180467 -0.0174277 -0.0168588 -0.0163362 -0.0158557 -0.0154141 -0.015008 -0.0146347 -0.0142914 -0.013976 -0.013686 -0.0134197 -0.0131754 -0.0129513 -0.0127463 -0.0125587 -0.0123876 -0.0122318 -0.0120905 -0.0119627 -0.0118477 -0.0117448 -0.0116534 -0.011573 -0.011503 -0.0114432 -0.0113931 -0.0113525 -0.0113212 -0.0112989 -0.0112856 -0.0112812 -0.0112856 -0.0112989 -0.0113212 -0.0113525 -0.0113931 -0.0114432 -0.011503 -0.011573 -0.0116534 -0.0117448 -0.0118477 -0.0119627 -0.0120905 -0.0122318 -0.0123876 -0.0125587 -0.0127463 -0.0129513 -0.0131754 -0.0134197 -0.013686 -0.013976 -0.0142914 -0.0146347 -0.015008 -0.0154141 -0.0158557 -0.0163362 -0.0168588 -0.0174277 -0.0180467 -0.0187202 -0.019453 -0.0202496 -0.021115 -0.0220535 -0.0230698 -0.0241676 -0.02535 -0.0266198 -0.0279781 -0.0294256 -0.0309612 -0.0325827 -0.0342866 -0.0360669 -0.0379167 -0.0398252 -0.0417793 -0.0437618 -0.0457506 -0.0477199 -0.0496375 -0.0514676 -0.0531704 -0.0547026 -0.0560206 -0.0570796 -0.0578349 -0.0582435 -0.0582615 -0.0578465 -0.056958 -0.0555565 -0.0536097 -0.051093 -0.0479905 -0.0442998 -0.0400279 -0.0351897 -0.0298103 -0.0239206 -0.0175585 -0.0107756 -0.00363235 0.00380385 0.0114537 0.019233 0.0270526 0.034807 0.0423795 0.0496584 0.0565364 0.0629118 0.0686962 0.0737948 0.0780925 0.0815018 0.0840169 0.0856887 0.0865704 0.086728 0.086282 0.085394 0.0842213 0.0829164 0.0816547 0.0806129 0.0799125 
0 0.0117666 0.0232731 0.0342077 0.0442525 0.0531766 0.0608489 0.0671667 0.0720212 0.0753508 0.0771791 0.0775695 0.0765862 0.074332 0.0709743 0.0666868 0.0615994 0.055832 0.0495263 0.0428196 0.0358264 0.0286516 0.0213881 0.0141115 0.0069 -0.000164432 -0.0070148 -0.0135966 -0.0198609 -0.025771 -0.0312934 -0.0363897 -0.0410261 -0.0451745 -0.0488103 -0.0519231 -0.0545123 -0.0565839 -0.0581543 -0.0592447 -0.0598801 -0.0600922 -0.059915 -0.0593858 -0.058546 -0.0574359 -0.0560977 -0.0545723 -0.0528976 -0.051111 -0.0492456 -0.0473316 -0.0453971 -0.043465 -0.0415566 -0.039689 -0.0378757 -0.0361283 -0.034454 -0.0328589 -0.0313462 -0.0299171 -0.0285723 -0.0273101 -0.0261295 -0.0250272 -0.0240008 -0.023047 -0.022162 -0.0213429 -0.0205852 -0.0198859 -0.0192409 -0.0186467 -0.0180999 -0.0175969 -0.0171346 -0.0167098 -0.0163199 -0.0159617 -0.0156334 -0.0153322 -0.0150564 -0.0148039 -0.0145732 -0.0143627 -0.014171 -0.013997 -0.0138395 -0.0136979 -0.0135708 -0.0134581 -0.0133586 -0.0132723 -0.0131981 -0.0131362 -0.0130858 -0.0130471 -0.0130194 -0.013003 -0.0129974 -0.013003 -0.0130194 -0.0130471 -0.0130858 -0.0131362 -0.0131981 -0.0132723 -0.0133586 -0.0134581 -0.0135708 -0.0136979 -0.0138395 -0.013997 -0.014171 -0.0143627 -0.0145732 -0.0148039 -0.0150564 -0.0153322 -0.0156334 -0.0159617 -0.0163199 -0.0167098 -0.0171346 -0.0175969 -0.0180999 -0.0186467 -0.0192409 -0.0198859 -0.0205852 -0.0213429 -0.022162 -0.023047 -0.0240008 -0.0250272 -0.0261295 -0.0273101 -0.0285723 -0.0299171 -0.0313462 -0.0328589 -0.034454 -0.0361283 -0.0378757 -0.039689 -0.0415566 -0.043465 -0.0453971 -0.0473316 -0.0492456 -0.051111 -0.0528976 -0.0545723 -0.0560977 -0.0574359 -0.058546 -0.0593858 -0.059915 -0.0600922 -0.0598801 -0.0592447 -0.0581543 -0.0565839 -0.0545123 -0.0519231 -0.0488103 -0.0451745 -0.0410261 -0.0363897 -0.0312934 -0.0257709 -0.0198607 -0.0135961 -0.00701351 -0.000161006 0.00690853 0.0141316 0.0214326 0.0287446 0.0360097 0.0431606 0.0501249 0.0568261 0.0631656 0.0690396 0.0743694 0.0790798 0.0830805 0.0863217 0.0888393 0.0906973 0.0919214 0.0925374 0.0926468 0.0924132 0.0919866 0.0914744 0.0909741 0.090597 
0 0.0120062 0.0236941 0.0347363 0.0448335 0.0537524 0.0613167 0.0673944 0.0719262 0.0749363 0.076476 0.0765862 0.0753536 0.0729545 0.0695842 0.0653824 0.0604701 0.0549999 0.049118 0.0429273 0.036515 0.0299626 0.0233289 0.0166677 0.0100422 0.00350064 -0.0029214 -0.00918052 -0.0152362 -0.0210531 -0.0265877 -0.0318005 -0.0366625 -0.0411415 -0.0452108 -0.0488508 -0.0520389 -0.054761 -0.0570122 -0.0587919 -0.0601127 -0.0609955 -0.0614645 -0.0615525 -0.0612924 -0.0607174 -0.0598644 -0.0587666 -0.0574596 -0.055979 -0.0543576 -0.0526302 -0.0508274 -0.0489781 -0.0471093 -0.0452419 -0.0433964 -0.0415877 -0.039828 -0.0381276 -0.0364926 -0.0349293 -0.03344 -0.0320273 -0.0306921 -0.0294335 -0.0282518 -0.0271442 -0.0261094 -0.0251444 -0.0242464 -0.0234125 -0.0226387 -0.0219225 -0.0212596 -0.0206475 -0.020082 -0.0195608 -0.0190803 -0.018638 -0.0182312 -0.0178572 -0.0175142 -0.0171995 -0.0169119 -0.016649 -0.0164098 -0.0161923 -0.0159959 -0.0158187 -0.0156604 -0.0155195 -0.0153956 -0.0152877 -0.0151955 -0.0151182 -0.0150556 -0.0150073 -0.0149729 -0.0149524 -0.0149455 -0.0149524 -0.0149729 -0.0150073 -0.0150556 -0.0151182 -0.0151955 -0.0152877 -0.0153956 -0.0155195 -0.0156604 -0.0158187 -0.0159959 -0.0161923 -0.0164098 -0.016649 -0.0169119 -0.0171995 -0.0175142 -0.0178572 -0.0182312 -0.018638 -0.0190803 -0.0195608 -0.020082 -0.0206475 -0.0212596 -0.0219225 -0.0226387 -0.0234125 -0.0242464 -0.0251444 -0.0261094 -0.0271442 -0.0282518 -0.0294335 -0.0306921 -0.0320273 -0.03344 -0.0349293 -0.0364926 -0.0381276 -0.039828 -0.0415877 -0.0433964 -0.0452419 -0.0471093 -0.0489781 -0.0508274 -0.0526302 -0.0543576 -0.055979 -0.0574596 -0.0587666 -0.0598644 -0.0607174 -0.0612924 -0.0615525 -0.0614645 -0.0609955 -0.0601127 -0.0587919 -0.0570122 -0.054761 -0.0520389 -0.0488508 -0.0452108 -0.0411415 -0.0366625 -0.0318005 -0.0265876 -0.021053 -0.0152358 -0.00917949 -0.00291864 0.0035076 0.0100588 0.0167049 0.0234078 0.0301204 0.0368126 0.0434575 0.0500108 0.0564254 0.0626377 0.0685427 0.0740399 0.0790861 0.0836539 0.0876866 0.0911445 0.0940431 0.0964 0.0982035 0.0994801 0.100341 0.100911 0.101255 0.101402 0.101434 
0 0.0119901 0.0235995 0.0345103 0.0444655 0.0532218 0.0605507 0.0663158 0.0705177 0.0732215 0.0744722 0.074332 0.0729545 0.0705386 0.0672399 0.0631944 0.058575 0.0535411 0.0481838 0.0425747 0.0368004 0.0309242 0.0249856 0.0190292 0.0130817 0.0071477 0.00124978 -0.00457688 -0.0103052 -0.0158966 -0.0213089 -0.0265154 -0.0314834 -0.0361753 -0.040563 -0.0446113 -0.0482859 -0.051566 -0.0544305 -0.0568669 -0.0588763 -0.0604588 -0.0616256 -0.0623947 -0.0627834 -0.06282 -0.0625331 -0.0619529 -0.0611157 -0.0600531 -0.0587996 -0.0573886 -0.0558485 -0.0542109 -0.0525007 -0.0507428 -0.0489606 -0.0471722 -0.0453975 -0.0436499 -0.0419431 -0.0402879 -0.0386911 -0.0371606 -0.0356987 -0.0343093 -0.0329928 -0.031749 -0.0305778 -0.0294761 -0.0284437 -0.0274764 -0.0265728 -0.0257294 -0.0249435 -0.0242127 -0.0235333 -0.0229038 -0.0223199 -0.0217806 -0.0212819 -0.0208227 -0.0203997 -0.0200114 -0.0196554 -0.0193298 -0.0190332 -0.0187634 -0.0185197 -0.0182997 -0.0181033 -0.0179282 -0.0177746 -0.0176405 -0.0175263 -0.0174302 -0.0173529 -0.0172925 -0.0172503 -0.0172245 -0.0172163 -0.0172245 -0.0172503 -0.0172925 -0.0173529 -0.0174302 -0.0175263 -0.0176405 -0.0177746 -0.0179282 -0.0181033 -0.0182997 -0.0185197 -0.0187634 -0.0190332 -0.0193298 -0.0196554 -0.0200114 -0.0203997 -0.0208227 -0.0212819 -0.0217806 -0.0223199 -0.0229038 -0.0235333 -0.0242127 -0.0249435 -0.0257294 -0.0265728 -0.0274764 -0.0284437 -0.0294761 -0.0305778 -0.031749 -0.0329928 -0.0343093 -0.0356987 -0.0371606 -0.0386911 -0.0402879 -0.0419431 -0.0436499 -0.0453975 -0.0471722 -0.0489606 -0.0507428 -0.0525007 -0.0542109 -0.0558485 -0.0573886 -0.0587996 -0.0600531 -0.0611157 -0.0619529 -0.0625331 -0.06282 -0.0627834 -0.0623947 -0.0616256 -0.0604588 -0.0588763 -0.0568669 -0.0544305 -0.051566 -0.0482859 -0.0446113 -0.040563 -0.0361753 -0.0314834 -0.0265154 -0.0213088 -0.0158963 -0.0103044 -0.00457469 0.00125538 0.00716121 0.0131125 0.0190953 0.0251197 0.031181 0.0372648 0.0433683 0.0494689 0.0555208 0.061494 0.0673475 0.0729939 0.0783662 0.0834652 0.0882782 0.0927217 0.0967126 0.10023 0.103276 0.105836 0.107921 0.109575 0.110831 0.111706 0.112237 
0 0.0116821 0.0229616 0.0335304 0.0431452 0.0515542 0.0585281 0.0639572 0.0678539 0.070267 0.0712621 0.0709743 0.0695842 0.0672399 0.0640815 0.0603067 0.0561076 0.0515821 0.046789 0.0418179 0.0367385 0.0315773 0.0263674 0.0211352 0.0158715 0.0105792 0.00528239 -1.44706e-05 -0.00530145 -0.0105466 -0.0157292 -0.0208215 -0.0257746 -0.0305524 -0.0351191 -0.0394301 -0.0434592 -0.0471794 -0.0505584 -0.0535803 -0.0562245 -0.0584739 -0.0603285 -0.0617851 -0.0628532 -0.0635529 -0.0639003 -0.0639247 -0.0636533 -0.0631123 -0.0623355 -0.0613482 -0.0601811 -0.0588638 -0.0574206 -0.055882 -0.0542699 -0.0526089 -0.050921 -0.0492226 -0.0475335 -0.0458648 -0.0442301 -0.0426388 -0.0410971 -0.0396134 -0.038189 -0.0368296 -0.0355349 -0.0343068 -0.0331453 -0.0320488 -0.0310179 -0.0300487 -0.0291418 -0.0282925 -0.0275005 -0.0267621 -0.0260753 -0.0254377 -0.0248461 -0.0242995 -0.0237936 -0.0233285 -0.0228995 -0.0225073 -0.0221476 -0.0218208 -0.0215235 -0.0212558 -0.021015 -0.0208011 -0.0206122 -0.0204478 -0.0203069 -0.0201889 -0.0200931 -0.0200191 -0.0199666 -0.019935 -0.0199247 -0.019935 -0.0199666 -0.0200191 -0.0200931 -0.0201889 -0.0203069 -0.0204478 -0.0206122 -0.0208011 -0.021015 -0.0212558 -0.0215235 -0.0218208 -0.0221476 -0.0225073 -0.0228995 -0.0233285 -0.0237936 -0.0242995 -0.0248461 -0.0254377 -0.0260753 -0.0267621 -0.0275005 -0.0282925 -0.0291418 -0.0300487 -0.0310179 -0.0320488 -0.0331453 -0.0343068 -0.0355349 -0.0368296 -0.038189 -0.0396134 -0.0410971 -0.0426388 -0.0442301 -0.0458648 -0.0475335 -0.0492226 -0.050921 -0.0526089 -0.0542699 -0.055882 -0.0574206 -0.0588638 -0.0601811 -0.0613482 -0.0623355 -0.0631123 -0.0636533 -0.0639247 -0.0639003 -0.0635529 -0.0628532 -0.0617851 -0.0603285 -0.0584739 -0.0562245 -0.0535803 -0.0505584 -0.0471794 -0.0434592 -0.0394301 -0.0351191 -0.0305524 -0.0257745 -0.0208215 -0.015729 -0.0105459 -0.00529973 -1.00283e-05 0.00529325 0.0106043 0.0159262 0.0212479 0.0265864 0.0319795 0.0374364 0.0429648 0.0485805 0.0542561 0.0599508 0.0656722 0.0714212 0.0771381 0.0827727 0.088313 0.093695 0.0987854 0.103491 0.107797 0.111677 0.115051 0.117847 0.120059 0.121706 0.122786 
0 0.0110752 0.0217825 0.0318085 0.0408844 0.0487718 0.0552986 0.0603804 0.0639896 0.0661527 0.0669913 0.0666868 0.0653824 0.0631944 0.0603067 0.0569347 0.0532078 0.0492005 0.0450186 0.0407435 0.0363808 0.0319405 0.0274559 0.0229222 0.0183318 0.0137076 0.00904249 0.00431301 -0.000467205 -0.00528762 -0.0101419 -0.0149868 -0.0197847 -0.0245108 -0.0291162 -0.033565 -0.0378299 -0.0418636 -0.0456359 -0.0491208 -0.052282 -0.0551064 -0.0575792 -0.0596854 -0.0614312 -0.0628133 -0.0638391 -0.0645267 -0.0648855 -0.064942 -0.0647197 -0.0642413 -0.0635414 -0.0626422 -0.0615749 -0.0603671 -0.0590401 -0.0576233 -0.0561332 -0.0545932 -0.0530211 -0.051431 -0.0498423 -0.0482628 -0.0467086 -0.0451867 -0.0437058 -0.0422743 -0.0408938 -0.0395727 -0.0383089 -0.037108 -0.0359679 -0.0348896 -0.0338728 -0.0329146 -0.0320163 -0.0311724 -0.0303851 -0.0296481 -0.0289632 -0.028325 -0.0277338 -0.0271861 -0.0266805 -0.0262155 -0.0257881 -0.0253985 -0.0250427 -0.0247222 -0.0244324 -0.0241755 -0.0239468 -0.0237491 -0.0235777 -0.0234357 -0.0233187 -0.0232298 -0.0231651 -0.0231278 -0.0231142 -0.0231278 -0.0231651 -0.0232298 -0.0233187 -0.0234357 -0.0235777 -0.0237491 -0.0239468 -0.0241755 -0.0244324 -0.0247222 -0.0250427 -0.0253985 -0.0257881 -0.0262155 -0.0266805 -0.0271861 -0.0277338 -0.028325 -0.0289632 -0.0296481 -0.0303851 -0.0311724 -0.0320163 -0.0329146 -0.0338728 -0.0348896 -0.0359679 -0.037108 -0.0383089 -0.0395727 -0.0408938 -0.0422743 -0.0437058 -0.0451867 -0.0467086 -0.0482628 -0.0498423 -0.051431 -0.0530211 -0.0545932 -0.0561332 -0.0576233 -0.0590401 -0.0603671 -0.0615749 -0.0626422 -0.0635414 -0.0642413 -0.0647197 -0.064942 -0.0648855 -0.0645267 -0.0638391 -0.0628133 -0.0614312 -0.0596854 -0.0575792 -0.0551064 -0.052282 -0.0491208 -0.0456359 -0.0418636 -0.0378299 -0.033565 -0.0291162 -0.0245107 -0.0197846 -0.0149866 -0.0101415 -0.00528629 -0.00046373 0.00432162 0.00906266 0.0137522 0.0184252 0.0231067 0.0278001 0.0325473 0.0373938 0.0423492 0.0474472 0.0527297 0.0581776 0.063776 0.0695767 0.0755991 0.0817673 0.0879973 0.0942289 0.100359 0.106252 0.111821 0.116994 0.121637 0.125597 0.128798 0.131229 0.132845 
0 0.0101963 0.0200911 0.0293644 0.0377194 0.0449543 0.050964 0.0556702 0.0590069 0.0610053 0.0618159 0.0615994 0.0604701 0.058575 0.0561076 0.0532078 0.0499694 0.0465298 0.0430084 0.0394136 0.0357337 0.0320041 0.0282252 0.02437 0.0204565 0.0164853 0.0124158 0.00825124 0.00400571 -0.000339466 -0.004767 -0.00924699 -0.0137786 -0.0183261 -0.0228423 -0.0273043 -0.0316598 -0.0358615 -0.0398876 -0.0436922 -0.0472481 -0.0505404 -0.0535333 -0.0562166 -0.0585776 -0.0605961 -0.0622803 -0.0636246 -0.0646356 -0.0653343 -0.0657266 -0.0658409 -0.0656972 -0.0653147 -0.0647264 -0.0639472 -0.063008 -0.061931 -0.0607353 -0.0594502 -0.0580876 -0.056674 -0.055223 -0.05375 -0.0522735 -0.0507989 -0.0493446 -0.0479129 -0.046516 -0.0451585 -0.043844 -0.0425806 -0.0413651 -0.0402066 -0.0390995 -0.0380506 -0.0370555 -0.0361165 -0.0352324 -0.0344007 -0.0336235 -0.0328946 -0.0322184 -0.0315868 -0.0310048 -0.0304644 -0.0299699 -0.0295144 -0.0291009 -0.0287244 -0.0283864 -0.0280835 -0.027816 -0.0275823 -0.0273814 -0.0272131 -0.0270757 -0.0269701 -0.0268942 -0.0268496 -0.026834 -0.0268496 -0.0268942 -0.0269701 -0.0270757 -0.0272131 -0.0273814 -0.0275823 -0.027816 -0.0280835 -0.0283864 -0.0287244 -0.0291009 -0.0295144 -0.0299699 -0.0304644 -0.0310048 -0.0315868 -0.0322184 -0.0328946 -0.0336235 -0.0344007 -0.0352324 -0.0361165 -0.0370555 -0.0380506 -0.0390995 -0.0402066 -0.0413651 -0.0425806 -0.043844 -0.0451585 -0.046516 -0.0479129 -0.0493446 -0.0507989 -0.0522735 -0.05375 -0.055223 -0.056674 -0.0580876 -0.0594502 -0.0607353 -0.061931 -0.063008 -0.0639472 -0.0647264 -0.0653147 -0.0656972 -0.0658409 -0.0657266 -0.0653343 -0.0646356 -0.0636246 -0.0622803 -0.0605961 -0.0585776 -0.0562166 -0.0535333 -0.0505404 -0.0472481 -0.0436922 -0.0398876 -0.0358615 -0.0316598 -0.0273043 -0.0228422 -0.0183261 -0.0137785 -0.00924663 -0.00476599 -0.000336786 0.00401244 0.00826725 0.0124518 0.0165617 0.02061 0.024661 0.0287469 0.0328892 0.0371585 0.0415992 0.0462232 0.0511008 0.0563067 0.0618403 0.0677114 0.0739747 0.0806061 0.0874812 0.094494 0.101573 0.108595 0.115388 0.121786 0.127621 0.13271 0.1369 0.140091 0.14219 
0 0.00908831 0.0179354 0.0262413 0.0337233 0.0402186 0.045652 0.0499448 0.0530382 0.0549741 0.0558676 0.055832 0.0549999 0.0535411 0.0515821 0.0492005 0.0465298 0.0437251 0.0408334 0.0378531 0.0348347 0.0317933 0.028676 0.0254785 0.0222128 0.0188334 0.0153321 0.011739 0.00802616 0.00418007 0.000228879 -0.00384261 -0.00802831 -0.0122778 -0.0165801 -0.0209035 -0.0251898 -0.0294234 -0.0335626 -0.0375566 -0.0413916 -0.0450211 -0.0484124 -0.0515569 -0.0544158 -0.0569838 -0.0592551 -0.0612089 -0.0628605 -0.0642016 -0.065237 -0.0659871 -0.0664494 -0.0666532 -0.0666118 -0.0663424 -0.0658786 -0.0652294 -0.0644295 -0.0634954 -0.0624469 -0.0613121 -0.0600976 -0.0588329 -0.0575238 -0.0561894 -0.054843 -0.0534901 -0.0521503 -0.0508212 -0.0495213 -0.0482484 -0.0470133 -0.0458191 -0.0446669 -0.0435653 -0.0425078 -0.0415059 -0.0405499 -0.0396499 -0.0387973 -0.0379984 -0.0372481 -0.0365474 -0.0358958 -0.0352896 -0.034732 -0.0342159 -0.0337473 -0.0333168 -0.0329322 -0.0325831 -0.032278 -0.0320066 -0.0317774 -0.0315805 -0.0314243 -0.0312994 -0.0312142 -0.0311598 -0.0311445 -0.0311598 -0.0312142 -0.0312994 -0.0314243 -0.0315805 -0.0317774 -0.0320066 -0.032278 -0.0325831 -0.0329322 -0.0333168 -0.0337473 -0.0342159 -0.034732 -0.0352896 -0.0358958 -0.0365474 -0.0372481 -0.0379984 -0.0387973 -0.0396499 -0.0405499 -0.0415059 -0.0425078 -0.0435653 -0.0446669 -0.0458191 -0.0470133 -0.0482484 -0.0495213 -0.0508212 -0.0521503 -0.0534901 -0.054843 -0.0561894 -0.0575238 -0.0588329 -0.0600976 -0.0613121 -0.0624469 -0.0634954 -0.0644295 -0.0652294 -0.0658786 -0.0663424 -0.0666118 -0.0666532 -0.0664494 -0.0659871 -0.065237 -0.0642016 -0.0628605 -0.0612089 -0.0592551 -0.0569838 -0.0544158 -0.0515569 -0.0484124 -0.0450211 -0.0413916 -0.0375566 -0.0335626 -0.0294234 -0.0251898 -0.0209035 -0.0165801 -0.0122777 -0.00802805 -0.00384185 0.000230917 0.00418526 0.00803869 0.0117676 0.0153939 0.0189594 0.0224558 0.0259216 0.0294406 0.0330442 0.0367828 0.0407566 0.0450063 0.0495576 0.054522 0.0599951 0.0659764 0.0724637 0.079464 0.0868976 0.0946333 0.102578 0.110616 0.118527 0.12605 0.132971 0.139098 0.144213 0.148103 0.150624 
0 0.00779076 0.0153769 0.022521 0.0290077 0.034699 0.0395063 0.0433631 0.0462525 0.0482077 0.0492723 0.0495263 0.049118 0.0481838 0.046789 0.0450186 0.0430084 0.0408334 0.0385193 0.036147 0.0337706 0.0313362 0.0288157 0.026233 0.023546 0.0207214 0.0177958 0.0147475 0.0115344 0.00818893 0.0047063 0.00106159 -0.00269991 -0.00657094 -0.0105607 -0.0146144 -0.0187175 -0.0228538 -0.0269548 -0.031003 -0.0349632 -0.0387761 -0.0424374 -0.0459066 -0.0491512 -0.0521738 -0.0549329 -0.0574255 -0.0596473 -0.0615717 -0.0632193 -0.0645769 -0.0656511 -0.0664644 -0.0670087 -0.0673186 -0.0673992 -0.0672682 -0.0669561 -0.0664639 -0.0658301 -0.0650601 -0.0641781 -0.0632066 -0.0621506 -0.0610433 -0.0598821 -0.0586954 -0.0574868 -0.056269 -0.0550573 -0.0538489 -0.0526662 -0.0514991 -0.0503685 -0.0492661 -0.0482041 -0.0471817 -0.0462 -0.0452664 -0.0443728 -0.0435323 -0.0427313 -0.0419851 -0.0412786 -0.0406257 -0.0400134 -0.0394521 -0.0389323 -0.03846 -0.03803 -0.0376442 -0.0373012 -0.0369995 -0.0367407 -0.0365207 -0.0363438 -0.0362039 -0.0361071 -0.0360463 -0.0360285 -0.0360463 -0.0361071 -0.0362039 -0.0363438 -0.0365207 -0.0367407 -0.0369995 -0.0373012 -0.0376442 -0.03803 -0.03846 -0.0389323 -0.0394521 -0.0400134 -0.0406257 -0.0412786 -0.0419851 -0.0427313 -0.0435323 -0.0443728 -0.0452664 -0.0462 -0.0471817 -0.0482041 -0.0492661 -0.0503685 -0.0514991 -0.0526662 -0.0538489 -0.0550573 -0.056269 -0.0574868 -0.0586954 -0.0598821 -0.0610433 -0.0621506 -0.0632066 -0.0641781 -0.0650601 -0.0658301 -0.0664639 -0.0669561 -0.0672682 -0.0673992 -0.0673186 -0.0670087 -0.0664644 -0.0656511 -0.0645769 -0.0632193 -0.0615717 -0.0596473 -0.0574255 -0.0549329 -0.0521738 -0.0491512 -0.0459066 -0.0424374 -0.0387761 -0.0349632 -0.031003 -0.0269548 -0.0228538 -0.0187175 -0.0146143 -0.0105606 -0.00657074 -0.00269935 0.00106312 0.00471025 0.0081986 0.0115568 0.0147967 0.0178979 0.0209217 0.0239178 0.0268857 0.0299019 0.0330549 0.036369 0.0399261 0.0438503 0.0481879 0.0529936 0.0583986 0.0644727 0.0711825 0.0785001 0.0863974 0.0947755 0.103499 0.112412 0.121278 0.129786 0.137667 0.144694 0.1506 0.155092 0.157978 
