0 0 0 0 0 0 0 0 0 0 0 0 0 0 0 0 0 0 0 0 0 0 0 0 0 0 0 0 0 0 0 0 0 0 0 0 0 0 0 0 0 0 0 0 0 0 0 0 0 0 0 0 0 0 0 0 0 0 0 0 0 0 0 0 0 0 0 0 0 0 0 0 0 0 0 0 0 0 0 0 0 0 0 0 0 0 0 0 0 0 0 0 0 0 0 0 0 0 0 0 0 0 0 0 0 0 0 0 0 0 0 0 0 0 0 0 0 0 0 0 0 0 0 0 0 0 0 0 0 0 0 0 0 0 0 0 0 0 0 0 0 0 0 0 0 0 0 0 0 0 0 0 0 0 0 0 0 0 0 0 0 0 0 0 0 0 0 0 0 0 0 0 0 0 0 0 0 0 0 0 0 0 0 0 0 0 0 0 0 0 0 0 0 0 0 0 0 0 0 0 
0 1.2873e-23 1.01934e-22 7.57785e-22 5.36317e-21 3.6153e-20 2.32173e-19 1.42071e-18 8.28501e-18 4.60491e-17 2.43965e-16 1.23206e-15 5.93133e-15 2.72197e-14 1.19074e-13 4.9652e-13 1.97342e-12 7.47541e-12 2.69869e-11 9.28406e-11 3.04341e-10 9.5059e-10 2.8289e-09 8.02092e-09 2.16682e-08 5.5775e-08 1.36814e-07 3.19875e-07 7.13038e-07 1.51598e-06 3.07569e-06 5.9585e-06 1.10311e-05 1.95349e-05 3.31287e-05 5.38753e-05 8.4149e-05 0.000126464 0.000183249 0.000256613 0.000348184 0.000459065 0.000589959 0.000741439 0.00091432 0.00111002 0.00133081 0.0015799 0.00186125 0.00217919 0.0025379 0.00294082 0.00339013 0.00388635 0.0044282 0.00501263 0.00563503 0.00628957 0.00696963 0.00766822 0.00837831 0.00909307 0.00980613 0.0105116 0.011204 0.0118785 0.0125307 0.0131565 0.0137521 0.0143145 0.0148406 0.015328 0.0157747 0.0161794 0.0165411 0.0168595 0.0171349 0.0173682 0.0175606 0.0177142 0.0178312 0.0179143 0.0179665 0.017991 0.0179911 0.0179703 0.0179321 0.0178799 0.017817 0.0177465 0.0176715 0.0175949 0.0175192 0.0174467 0.0173796 0.0173197 0.0172686 0.0172275 0.0171974 0.0171791 0.0171729 0.0171791 0.0171974 0.0172275 0.0172686 0.0173197 0.0173796 0.0174467 0.0175192 0.0175949 0.0176715 0.0177465 0.017817 0.0178799 0.0179321 0.0179703 0.0179911 0.017991 0.0179665 0.0179143 0.0178312 0.0177142 0.0175606 0.0173682 0.0171349 0.0168595 0.0165411 0.0161794 0.0157747 0.015328 0.0148406 0.0143145 0.0137521 0.0131565 0.0125307 0.0118785 0.011204 0.0105116 0.00980613 0.00909307 0.00837831 0.00766822 0.00696963 0.00628957 0.00563503 0.00501263 0.0044282 0.00388635 0.00339013 0.00294082 0.0025379 0.00217919 0.00186125 0.0015799 0.00133081 0.00111002 0.00091432 0.000741439 0.000589959 0.000459065 0.000348184 0.000256613 0.000183249 0.000126464 8.4149e-05 5.38753e-05 3.31287e-05 1.95349e-05 1.10311e-05 5.9585e-06 3.07569e-06 1.51598e-06 7.13038e-07 3.19875e-07 1.36814e-07 5.5775e-08 2.16682e-08 8.02092e-09 2.8289e-09 9.5059e-10 3.04341e-10 9.28406e-11 2.69869e-11 7.47541e-12 1.97342e-12 4.9652e-13 1.19074e-13 2.72197e-14 5.93133e-15 1.23206e-15 2.43965e-16 4.60491e-17 8.28501e-18 1.42071e-18 2.32173e-19 3.6153e-20 5.36316e-21 7.57712e-22 1.01311e-22 7.80484e-24 
0 1.01934e-22 7.77759e-22 5.56771e-21 3.79588e-20 2.46574e-19 1.52638e-18 9.00588e-18 5.06506e-17 2.71564e-16 1.38808e-15 6.76422e-15 3.14255e-14 1.39186e-13 5.87681e-13 2.36532e-12 9.07418e-12 3.31787e-11 1.15613e-10 3.83897e-10 1.21464e-09 3.66169e-09 1.05172e-08 2.87807e-08 7.50423e-08 1.86449e-07 4.4151e-07 9.96693e-07 2.14577e-06 4.40777e-06 8.64458e-06 1.61995e-05 2.90344e-05 4.98291e-05 8.19996e-05 0.000129597 0.000197078 0.000288968 0.000409498 0.00056231 0.00075033 0.000975876 0.001241 0.001548 0.00189992 0.00230096 0.00275662 0.00327347 0.00385867 0.00451925 0.00526119 0.00608871 0.00700361 0.00800495 0.00908897 0.0102493 0.0114773 0.0127626 0.0140939 0.0154587 0.0168448 0.0182398 0.0196315 0.0210085 0.0223596 0.0236746 0.024944 0.0261588 0.0273112 0.0283943 0.0294024 0.0303306 0.0311755 0.0319348 0.0326076 0.033194 0.0336955 0.0341144 0.0344543 0.0347194 0.0349148 0.0350461 0.0351195 0.0351414 0.0351183 0.0350571 0.0349642 0.0348464 0.0347098 0.0345606 0.0344043 0.0342465 0.0340918 0.0339448 0.0338093 0.0336888 0.0335862 0.0335039 0.0334438 0.0334072 0.0333949 0.0334072 0.0334438 0.0335039 0.0335862 0.0336888 0.0338093 0.0339448 0.0340918 0.0342465 0.0344043 0.0345606 0.0347098 0.0348464 0.0349642 0.0350571 0.0351183 0.0351414 0.0351195 0.0350461 0.0349148 0.0347194 0.0344543 0.0341144 0.0336955 0.033194 0.0326076 0.0319348 0.0311755 0.0303306 0.0294024 0.0283943 0.0273112 0.0261588 0.024944 0.0236746 0.0223596 0.0210085 0.0196315 0.0182398 0.0168448 0.0154587 0.0140939 0.0127626 0.0114773 0.0102493 0.00908897 0.00800495 0.00700361 0.00608871 0.00526119 0.00451925 0.00385867 0.00327347 0.00275662 0.00230096 0.00189992 0.001548 0.001241 0.000975876 0.00075033 0.00056231 0.000409498 0.000288968 0.000197078 0.000129597 8.19996e-05 4.98291e-05 2.90344e-05 1.61995e-05 8.64458e-06 4.40777e-06 2.14577e-06 9.96693e-07 4.4151e-07 1.86449e-07 7.50423e-08 2.87807e-08 1.05172e-08 3.66169e-09 1.21464e-09 3.83897e-10 1.15613e-10 3.31787e-11 9.07418e-12 2.36532e-12 5.87681e-13 1.39186e-13 3.14255e-14 6.76422e-15 1.38808e-15 2.71564e-16 5.06506e-17 9.00588e-18 1.52638e-18 2.46574e-19 3.79587e-20 5.5671e-21 7.72741e-22 6.26581e-23 
0 7.57785e-22 5.56771e-21 3.83464e-20 2.51579e-19 1.57296e-18 9.37375e-18 5.3249e-17 2.88364e-16 1.48874e-15 7.32735e-15 3.43812e-14 1.53787e-13 6.55714e-13 2.66483e-12 1.03215e-11 3.80963e-11 1.3398e-10 4.48915e-10 1.43286e-09 4.35628e-09 1.26144e-08 3.47883e-08 9.13728e-08 2.28581e-07 5.44705e-07 1.23672e-06 2.67621e-06 5.52209e-06 1.08716e-05 2.04376e-05 3.67244e-05 6.31534e-05 0.000104088 0.00016471 0.00025075 0.000368102 0.000522432 0.000718896 0.000962078 0.00125619 0.00160549 0.00201485 0.00249018 0.00303866 0.0036687 0.00438941 0.00520996 0.00613863 0.00718203 0.00834438 0.00962707 0.0110285 0.0125442 0.0141668 0.0158867 0.0176925 0.0195707 0.0215069 0.0234853 0.0254895 0.0275027 0.0295076 0.0314871 0.0334246 0.035304 0.0371105 0.0388305 0.0404522 0.0419656 0.0433625 0.044637 0.0457851 0.0468051 0.0476968 0.0484623 0.0491049 0.0496296 0.0500426 0.0503511 0.0505632 0.0506875 0.0507333 0.05071 0.0506272 0.0504944 0.0503212 0.0501165 0.0498893 0.0496479 0.0494001 0.0491533 0.0489142 0.0486887 0.0484824 0.0482998 0.0481449 0.0480211 0.0479308 0.0478759 0.0478574 0.0478759 0.0479308 0.0480211 0.0481449 0.0482998 0.0484824 0.0486887 0.0489142 0.0491533 0.0494001 0.0496479 0.0498893 0.0501165 0.0503212 0.0504944 0.0506272 0.05071 0.0507333 0.0506875 0.0505632 0.0503511 0.0500426 0.0496296 0.0491049 0.0484623 0.0476968 0.0468051 0.0457851 0.044637 0.0433625 0.0419656 0.0404522 0.0388305 0.0371105 0.035304 0.0334246 0.0314871 0.0295076 0.0275027 0.0254895 0.0234853 0.0215069 0.0195707 0.0176925 0.0158867 0.0141668 0.0125442 0.0110285 0.00962707 0.00834438 0.00718203 0.00613863 0.00520996 0.00438941 0.0036687 0.00303866 0.00249018 0.00201485 0.00160549 0.00125619 0.000962078 0.000718896 0.000522432 0.000368102 0.00025075 0.00016471 0.000104088 6.31534e-05 3.67244e-05 2.04376e-05 1.08716e-05 5.52209e-06 2.67621e-06 1.23672e-06 5.44705e-07 2.28581e-07 9.13728e-08 3.47883e-08 1.26144e-08 4.35628e-09 1.43286e-09 4.48915e-10 1.3398e-10 3.80963e-11 1.03215e-11 2.66483e-12 6.55714e-13 1.53787e-13 3.43812e-14 7.32735e-15 1.48874e-15 2.88364e-16 5.3249e-17 9.37375e-18 1.57295e-18 2.51578e-19 3.83416e-20 5.52977e-21 4.72605e-22 
0 5.36317e-21 3.79588e-20 2.51579e-19 1.58858e-18 9.56097e-18 5.48529e-17 3.00004e-16 1.56421e-15 7.77502e-15 3.68409e-14 1.664e-13 7.16368e-13 2.93919e-12 1.14914e-11 4.28065e-11 1.51905e-10 5.13437e-10 1.65268e-09 5.06535e-09 1.47806e-08 4.10569e-08 1.08559e-07 2.73224e-07 6.54597e-07 1.49311e-06 3.24327e-06 6.71153e-06 1.32388e-05 2.49113e-05 4.47601e-05 7.68915e-05 0.000126483 0.000199602 0.000302861 0.000442988 0.000626439 0.000859229 0.00114706 0.00149574 0.00191183 0.00240319 0.00297934 0.00365135 0.00443127 0.00533125 0.0063624 0.00753376 0.00885155 0.0103187 0.0119348 0.0136963 0.0155971 0.0176284 0.0197795 0.0220381 0.0243898 0.0268186 0.0293068 0.0318352 0.034383 0.0369288 0.0394502 0.0419253 0.0443324 0.0466514 0.0488636 0.0509527 0.0529049 0.054709 0.0563566 0.0578423 0.0591632 0.0603192 0.0613122 0.0621465 0.0628282 0.063365 0.0637659 0.0640409 0.0642009 0.0642574 0.0642223 0.0641075 0.0639253 0.0636874 0.0634055 0.0630908 0.0627542 0.0624056 0.0620547 0.0617102 0.0613801 0.0610717 0.0607913 0.0605446 0.0603363 0.0601703 0.0600495 0.0599762 0.0599516 0.0599762 0.0600495 0.0601703 0.0603363 0.0605446 0.0607913 0.0610717 0.0613801 0.0617102 0.0620547 0.0624056 0.0627542 0.0630908 0.0634055 0.0636874 0.0639253 0.0641075 0.0642223 0.0642574 0.0642009 0.0640409 0.0637659 0.063365 0.0628282 0.0621465 0.0613122 0.0603192 0.0591632 0.0578423 0.0563566 0.054709 0.0529049 0.0509527 0.0488636 0.0466514 0.0443324 0.0419253 0.0394502 0.0369288 0.034383 0.0318352 0.0293068 0.0268186 0.0243898 0.0220381 0.0197795 0.0176284 0.0155971 0.0136963 0.0119348 0.0103187 0.00885155 0.00753376 0.0063624 0.00533125 0.00443127 0.00365135 0.00297934 0.00240319 0.00191183 0.00149574 0.00114706 0.000859229 0.000626439 0.000442988 0.000302861 0.000199602 0.000126483 7.68915e-05 4.47601e-05 2.49113e-05 1.32388e-05 6.71153e-06 3.24327e-06 1.49311e-06 6.54597e-07 2.73224e-07 1.08559e-07 4.10569e-08 1.47806e-08 5.06535e-09 1.65268e-09 5.13437e-10 1.51905e-10 4.28065e-11 1.14914e-11 2.93919e-12 7.16368e-13 1.664e-13 3.68409e-14 7.77502e-15 1.56421e-15 3.00004e-16 5.48529e-17 9.56097e-18 1.58857e-18 2.51543e-19 3.76862e-20 3.39499e-21 
0 3.6153e-20 2.46574e-19 1.57296e-18 9.56097e-18 5.5398e-17 3.05997e-16 1.6113e-15 8.08839e-15 3.87038e-14 1.76528e-13 7.67356e-13 3.17866e-12 1.25455e-11 4.71682e-11 1.68907e-10 5.75966e-10 1.86984e-09 5.7781e-09 1.69923e-08 4.75479e-08 1.26579e-07 3.20556e-07 7.72224e-07 1.76973e-06 3.85895e-06 8.0087e-06 1.58269e-05 2.98039e-05 5.35308e-05 9.18185e-05 0.000150641 0.000236866 0.000357809 0.000520746 0.000732561 0.000999739 0.00132876 0.00172682 0.00220268 0.00276729 0.00343388 0.00421743 0.00513361 0.00619733 0.00742133 0.00881502 0.0103839 0.0121295 0.0140495 0.0161385 0.0183885 0.0207894 0.0233289 0.0259928 0.028765 0.0316269 0.0345577 0.0375348 0.0405334 0.0435279 0.0464917 0.0493988 0.0522238 0.0549431 0.0575351 0.059981 0.0622648 0.0643739 0.0662986 0.0680327 0.0695727 0.0709184 0.0720719 0.073038 0.0738233 0.0744366 0.0748881 0.0751892 0.0753525 0.0753913 0.0753191 0.0751502 0.0748986 0.0745783 0.0742029 0.0737857 0.0733396 0.0728764 0.0724076 0.0719438 0.0714947 0.071069 0.0706747 0.0703189 0.0700075 0.0697458 0.0695378 0.069387 0.0692956 0.0692649 0.0692956 0.069387 0.0695378 0.0697458 0.0700075 0.0703189 0.0706747 0.071069 0.0714947 0.0719438 0.0724076 0.0728764 0.0733396 0.0737857 0.0742029 0.0745783 0.0748986 0.0751502 0.0753191 0.0753913 0.0753525 0.0751892 0.0748881 0.0744366 0.0738233 0.073038 0.0720719 0.0709184 0.0695727 0.0680327 0.0662986 0.0643739 0.0622648 0.059981 0.0575351 0.0549431 0.0522238 0.0493988 0.0464917 0.0435279 0.0405334 0.0375348 0.0345577 0.0316269 0.028765 0.0259928 0.0233289 0.0207894 0.0183885 0.0161385 0.0140495 0.0121295 0.0103839 0.00881502 0.00742133 0.00619733 0.00513361 0.00421743 0.00343388 0.00276729 0.00220268 0.00172682 0.00132876 0.000999739 0.000732561 0.000520746 0.000357809 0.000236866 0.000150641 9.18185e-05 5.35308e-05 2.98039e-05 1.58269e-05 8.0087e-06 3.85895e-06 1.76973e-06 7.72224e-07 3.20556e-07 1.26579e-07 4.75479e-08 1.69923e-08 5.7781e-09 1.86984e-09 5.75966e-10 1.68907e-10 4.71682e-11 1.25455e-11 3.17866e-12 7.67356e-13 1.76528e-13 3.87038e-14 8.08839e-15 1.6113e-15 3.05997e-16 5.5398e-17 9.56094e-18 1.5727e-18 2.44712e-19 2.32382e-20 
0 2.32173e-19 1.52638e-18 9.37375e-18 5.48529e-17 3.05997e-16 1.6273e-15 8.24976e-15 3.98662e-14 1.83619e-13 8.05974e-13 3.37092e-12 1.34314e-11 5.09737e-11 1.84217e-10 6.33816e-10 2.07558e-09 6.46769e-09 1.91726e-08 5.40548e-08 1.44915e-07 3.69359e-07 8.94926e-07 2.06119e-06 4.51306e-06 9.39598e-06 1.86081e-05 3.50767e-05 6.29914e-05 0.0001079 0.000176581 0.000276663 0.000416066 0.000602462 0.000843 0.00114451 0.00151424 0.00196088 0.00249556 0.00313241 0.00388827 0.0047816 0.00583091 0.00705286 0.00846075 0.0100636 0.0118658 0.0138677 0.0160657 0.0184535 0.021022 0.0237599 0.0266533 0.0296855 0.0328369 0.0360847 0.0394035 0.0427654 0.0461407 0.0494992 0.0528107 0.0560457 0.0591768 0.0621789 0.0650294 0.0677092 0.0702023 0.072496 0.0745811 0.0764515 0.0781043 0.0795397 0.0807603 0.0817716 0.082581 0.0831982 0.0836345 0.0839026 0.0840164 0.0839905 0.0838403 0.0835814 0.0832294 0.0827999 0.0823081 0.0817689 0.0811963 0.0806039 0.0800043 0.0794093 0.0788298 0.0782758 0.0777562 0.077279 0.0768514 0.0764793 0.0761679 0.0759215 0.0757431 0.0756352 0.075599 0.0756352 0.0757431 0.0759215 0.0761679 0.0764793 0.0768514 0.077279 0.0777562 0.0782758 0.0788298 0.0794093 0.0800043 0.0806039 0.0811963 0.0817689 0.0823081 0.0827999 0.0832294 0.0835814 0.0838403 0.0839905 0.0840164 0.0839026 0.0836345 0.0831982 0.082581 0.0817716 0.0807603 0.0795397 0.0781043 0.0764515 0.0745811 0.072496 0.0702023 0.0677092 0.0650294 0.0621789 0.0591768 0.0560457 0.0528107 0.0494992 0.0461407 0.0427654 0.0394035 0.0360847 0.0328369 0.0296855 0.0266533 0.0237599 0.021022 0.0184535 0.0160657 0.0138677 0.0118658 0.0100636 0.00846075 0.00705286 0.00583091 0.0047816 0.00388827 0.00313241 0.00249556 0.00196088 0.00151424 0.00114451 0.000843 0.000602462 0.000416066 0.000276663 0.000176581 0.0001079 6.29914e-05 3.50767e-05 1.86081e-05 9.39598e-06 4.51306e-06 2.06119e-06 8.94926e-07 3.69359e-07 1.44915e-07 5.40548e-08 1.91726e-08 6.46769e-09 2.07558e-09 6.33816e-10 1.84217e-10 5.09737e-11 1.34314e-11 3.37092e-12 8.05974e-13 1.83619e-13 3.98662e-14 8.24976e-15 1.6273e-15 3.05997e-16 5.48527e-17 9.37203e-18 1.5143e-18 1.51599e-19 
0 1.42071e-18 9.00588e-18 5.3249e-17 3.00004e-16 1.6113e-15 8.24976e-15 4.02614e-14 1.8727e-13 8.30068e-13 3.50549e-12 1.4102e-11 5.40271e-11 1.97072e-10 6.84228e-10 2.26054e-09 7.10435e-09 2.12328e-08 6.03291e-08 1.62916e-07 4.1803e-07 1.019e-06 2.35943e-06 5.18917e-06 1.08417e-05 2.15248e-05 4.06303e-05 7.29784e-05 0.00012488 0.00020392 0.000318451 0.000476916 0.000687284 0.000956904 0.001293 0.00170379 0.00219981 0.00279495 0.00350675 0.00435552 0.00536262 0.00654831 0.00792969 0.0095194 0.0113251 0.01335 0.015593 0.0180503 0.0207152 0.0235781 0.0266267 0.0298447 0.033212 0.0367043 0.0402934 0.0439475 0.0476331 0.0513152 0.0549592 0.0585314 0.0620003 0.0653372 0.0685165 0.0715159 0.0743169 0.0769044 0.0792668 0.081396 0.0832874 0.0849394 0.0863535 0.0875339 0.0884877 0.0892241 0.0897543 0.0900915 0.09025 0.0902453 0.0900937 0.0898119 0.0894169 0.0889256 0.0883547 0.0877203 0.0870381 0.0863229 0.0855889 0.0848493 0.0841163 0.0834014 0.0827148 0.082066 0.0814635 0.0809146 0.080426 0.0800032 0.0796509 0.079373 0.0791724 0.0790512 0.0790106 0.0790512 0.0791724 0.079373 0.0796509 0.0800032 0.080426 0.0809146 0.0814635 0.082066 0.0827148 0.0834014 0.0841163 0.0848493 0.0855889 0.0863229 0.0870381 0.0877203 0.0883547 0.0889256 0.0894169 0.0898119 0.0900937 0.0902453 0.09025 0.0900915 0.0897543 0.0892241 0.0884877 0.0875339 0.0863535 0.0849394 0.0832874 0.081396 0.0792668 0.0769044 0.0743169 0.0715159 0.0685165 0.0653372 0.0620003 0.0585314 0.0549592 0.0513152 0.0476331 0.0439475 0.0402934 0.0367043 0.033212 0.0298447 0.0266267 0.0235781 0.0207152 0.0180503 0.015593 0.01335 0.0113251 0.0095194 0.00792969 0.00654831 0.00536262 0.00435552 0.00350675 0.00279495 0.00219981 0.00170379 0.001293 0.000956904 0.000687284 0.000476916 0.000318451 0.00020392 0.00012488 7.29784e-05 4.06303e-05 2.15248e-05 1.08417e-05 5.18917e-06 2.35943e-06 1.019e-06 4.1803e-07 1.62916e-07 6.03291e-08 2.12328e-08 7.10435e-09 2.26054e-09 6.84228e-10 1.97072e-10 5.40271e-11 1.4102e-11 3.50549e-12 8.30068e-13 1.8727e-13 4.02614e-14 8.24976e-15 1.6113e-15 3.00003e-16 5.32379e-17 8.93126e-18 9.42793e-19 
0 8.28501e-18 5.06506e-17 2.88364e-16 1.56421e-15 8.08839e-15 3.98662e-14 1.8727e-13 8.38258e-13 3.57477e-12 1.45203e-11 5.61632e-11 2.06797e-10 7.24637e-10 2.41564e-09 7.65819e-09 2.30806e-08 6.61051e-08 1.79862e-07 4.64749e-07 1.14011e-06 2.6548e-06 5.86705e-06 1.2306e-05 2.45027e-05 4.63338e-05 8.32728e-05 0.000142408 0.000232125 0.000361452 0.000539278 0.000773792 0.00107253 0.00144327 0.00189552 0.00244211 0.00310019 0.00389089 0.0048378 0.00596445 0.00729176 0.00883611 0.0106085 0.0126149 0.0148569 0.0173331 0.0200393 0.0229686 0.0261108 0.0294512 0.0329702 0.0366427 0.0404383 0.0443225 0.0482576 0.0522045 0.0561238 0.0599776 0.06373 0.0673483 0.070803 0.0740685 0.0771228 0.079948 0.08253 0.0848585 0.086927 0.0887328 0.0902768 0.091563 0.0925985 0.0933933 0.0939595 0.0943113 0.0944645 0.094436 0.0942433 0.0939046 0.0934382 0.0928622 0.0921943 0.0914518 0.0906513 0.0898085 0.0889383 0.0880547 0.0871707 0.0862984 0.0854489 0.0846321 0.0838572 0.0831325 0.0824652 0.0818618 0.0813279 0.0808682 0.0804867 0.0801867 0.0799707 0.0798403 0.0797968 0.0798403 0.0799707 0.0801867 0.0804867 0.0808682 0.0813279 0.0818618 0.0824652 0.0831325 0.0838572 0.0846321 0.0854489 0.0862984 0.0871707 0.0880547 0.0889383 0.0898085 0.0906513 0.0914518 0.0921943 0.0928622 0.0934382 0.0939046 0.0942433 0.094436 0.0944645 0.0943113 0.0939595 0.0933933 0.0925985 0.091563 0.0902768 0.0887328 0.086927 0.0848585 0.08253 0.079948 0.0771228 0.0740685 0.070803 0.0673483 0.06373 0.0599776 0.0561238 0.0522045 0.0482576 0.0443225 0.0404383 0.0366427 0.0329702 0.0294512 0.0261108 0.0229686 0.0200393 0.0173331 0.0148569 0.0126149 0.0106085 0.00883611 0.00729176 0.00596445 0.0048378 0.00389089 0.00310019 0.00244211 0.00189552 0.00144327 0.00107253 0.000773792 0.000539278 0.000361452 0.000232125 0.000142408 8.32728e-05 4.63338e-05 2.45027e-05 1.2306e-05 5.86705e-06 2.6548e-06 1.14011e-06 4.64749e-07 1.79862e-07 6.61051e-08 2.30806e-08 7.65819e-09 2.41564e-09 7.24637e-10 2.06797e-10 5.61632e-11 1.45203e-11 3.57477e-12 8.38258e-13 1.8727e-13 3.98662e-14 8.08839e-15 1.5642e-15 2.88296e-16 5.02127e-17 5.5903e-18 
0 4.60491e-17 2.71564e-16 1.48874e-15 7.77502e-15 3.87038e-14 1.83619e-13 8.30068e-13 3.57477e-12 1.46625e-11 5.72625e-11 2.1286e-10 7.52886e-10 2.53286e-09 8.10152e-09 2.46273e-08 7.11176e-08 1.95015e-07 5.07588e-07 1.25357e-06 2.93659e-06 6.52379e-06 1.37429e-05 2.74551e-05 5.20333e-05 9.36161e-05 0.000160074 0.000260573 0.000404769 0.000601922 0.000860384 0.00118793 0.00159306 0.00208698 0.00268535 0.00340892 0.00428255 0.00533267 0.00658414 0.00805752 0.0097676 0.0117234 0.0139291 0.0163858 0.0190917 0.0220427 0.0252312 0.0286446 0.0322644 0.0360653 0.0400158 0.0440786 0.0482128 0.0523754 0.056523 0.0606136 0.064607 0.0684663 0.0721579 0.075652 0.0789227 0.0819481 0.0847109 0.0871979 0.0894006 0.0913148 0.0929409 0.0942831 0.0953495 0.0961512 0.0967022 0.0970187 0.0971186 0.0970208 0.096745 0.0963111 0.0957392 0.0950487 0.0942586 0.0933873 0.0924521 0.0914695 0.0904548 0.0894225 0.0883858 0.0873571 0.0863476 0.0853675 0.0844262 0.0835319 0.0826923 0.0819138 0.0812025 0.0805634 0.080001 0.0795189 0.0791204 0.0788078 0.0785832 0.0784479 0.0784028 0.0784479 0.0785832 0.0788078 0.0791204 0.0795189 0.080001 0.0805634 0.0812025 0.0819138 0.0826923 0.0835319 0.0844262 0.0853675 0.0863476 0.0873571 0.0883858 0.0894225 0.0904548 0.0914695 0.0924521 0.0933873 0.0942586 0.0950487 0.0957392 0.0963111 0.096745 0.0970208 0.0971186 0.0970187 0.0967022 0.0961512 0.0953495 0.0942831 0.0929409 0.0913148 0.0894006 0.0871979 0.0847109 0.0819481 0.0789227 0.075652 0.0721579 0.0684663 0.064607 0.0606136 0.056523 0.0523754 0.0482128 0.0440786 0.0400158 0.0360653 0.0322644 0.0286446 0.0252312 0.0220427 0.0190917 0.0163858 0.0139291 0.0117234 0.0097676 0.00805752 0.00658414 0.00533267 0.00428255 0.00340892 0.00268535 0.00208698 0.00159306 0.00118793 0.000860384 0.000601922 0.000404769 0.000260573 0.000160074 9.36161e-05 5.20333e-05 2.74551e-05 1.37429e-05 6.52379e-06 2.93659e-06 1.25357e-06 5.07588e-07 1.95015e-07 7.11176e-08 2.46273e-08 8.10152e-09 2.53286e-09 7.52886e-10 2.1286e-10 5.72625e-11 1.46625e-11 3.57477e-12 8.30068e-13 1.83619e-13 3.87038e-14 7.77496e-15 1.48834e-15 2.69122e-16 3.16093e-17 
0 2.43965e-16 1.38808e-15 7.32735e-15 3.68409e-14 1.76528e-13 8.05974e-13 3.50549e-12 1.45203e-11 5.72625e-11 2.1492e-10 7.67419e-10 2.60589e-09 8.41114e-09 2.57946e-08 7.51225e-08 2.07667e-07 5.44644e-07 1.3546e-06 3.19363e-06 7.13499e-06 1.51026e-05 3.02869e-05 5.75582e-05 0.000103722 0.000177424 0.000288584 0.000447438 0.000663552 0.00094541 0.00130108 0.00174007 0.00227568 0.00292684 0.0037182 0.00467821 0.00583555 0.00721549 0.00883735 0.0107139 0.0128523 0.0152559 0.0179258 0.0208606 0.0240557 0.0275014 0.0311809 0.0350696 0.0391348 0.0433374 0.0476333 0.0519758 0.0563179 0.0606132 0.0648178 0.0688902 0.0727925 0.0764902 0.0799526 0.0831537 0.086072 0.0886911 0.0910001 0.0929933 0.0946706 0.0960366 0.0971005 0.0978753 0.098377 0.0986242 0.0986372 0.0984374 0.0980469 0.0974878 0.096782 0.0959508 0.0950147 0.0939933 0.0929049 0.0917668 0.0905952 0.0894049 0.0882094 0.0870212 0.0858516 0.0847107 0.0836078 0.0825509 0.0815474 0.0806037 0.0797254 0.0789174 0.0781841 0.0775291 0.0769555 0.076466 0.0760626 0.0757472 0.0755209 0.0753848 0.0753394 0.0753848 0.0755209 0.0757472 0.0760626 0.076466 0.0769555 0.0775291 0.0781841 0.0789174 0.0797254 0.0806037 0.0815474 0.0825509 0.0836078 0.0847107 0.0858516 0.0870212 0.0882094 0.0894049 0.0905952 0.0917668 0.0929049 0.0939933 0.0950147 0.0959508 0.096782 0.0974878 0.0980469 0.0984374 0.0986372 0.0986242 0.098377 0.0978753 0.0971005 0.0960366 0.0946706 0.0929933 0.0910001 0.0886911 0.086072 0.0831537 0.0799526 0.0764902 0.0727925 0.0688902 0.0648178 0.0606132 0.0563179 0.0519758 0.0476333 0.0433374 0.0391348 0.0350696 0.0311809 0.0275014 0.0240557 0.0208606 0.0179258 0.0152559 0.0128523 0.0107139 0.00883735 0.00721549 0.00583555 0.00467821 0.0037182 0.00292684 0.00227568 0.00174007 0.00130108 0.00094541 0.000663552 0.000447438 0.000288584 0.000177424 0.000103722 5.75582e-05 3.02869e-05 1.51026e-05 7.13499e-06 3.19363e-06 1.3546e-06 5.44644e-07 2.07667e-07 7.51225e-08 2.57946e-08 8.41114e-09 2.60589e-09 7.67419e-10 2.1492e-10 5.72625e-11 1.45203e-11 3.50549e-12 8.05974e-13 1.76528e-13 3.68406e-14 7.32518e-15 1.37513e-15 1.70453e-16 
0 1.23206e-15 6.76422e-15 3.43812e-14 1.664e-13 7.67356e-13 3.37092e-12 1.4102e-11 5.61632e-11 2.1286e-10 7.67419e-10 2.63069e-09 8.57032e-09 2.65212e-08 7.79157e-08 2.17198e-07 5.74177e-07 1.43868e-06 3.41501e-06 7.67623e-06 1.63342e-05 3.28994e-05 6.27302e-05 0.000113288 0.000193979 0.000315451 0.000488471 0.000722862 0.00102723 0.00141006 0.00188209 0.00245914 0.00316378 0.0040247 0.00507359 0.00634063 0.0078506 0.00962098 0.0116625 0.0139813 0.0165809 0.0194631 0.0226268 0.026066 0.0297669 0.0337063 0.0378516 0.0421621 0.0465909 0.051088 0.0556023 0.0600836 0.0644833 0.0687555 0.0728568 0.0767475 0.0803916 0.0837578 0.0868201 0.0895586 0.0919598 0.0940167 0.0957287 0.0971013 0.0981447 0.098874 0.0993075 0.0994661 0.0993727 0.0990513 0.0985262 0.097822 0.0969626 0.0959715 0.0948709 0.0936821 0.092425 0.091118 0.0897782 0.0884212 0.0870612 0.0857108 0.0843815 0.0830833 0.0818252 0.080615 0.0794594 0.0783643 0.0773347 0.0763751 0.075489 0.0746796 0.0739495 0.0733008 0.0727354 0.0722547 0.0718599 0.071552 0.0713316 0.0711991 0.0711549 0.0711991 0.0713316 0.071552 0.0718599 0.0722547 0.0727354 0.0733008 0.0739495 0.0746796 0.075489 0.0763751 0.0773347 0.0783643 0.0794594 0.080615 0.0818252 0.0830833 0.0843815 0.0857108 0.0870612 0.0884212 0.0897782 0.091118 0.092425 0.0936821 0.0948709 0.0959715 0.0969626 0.097822 0.0985262 0.0990513 0.0993727 0.0994661 0.0993075 0.098874 0.0981447 0.0971013 0.0957287 0.0940167 0.0919598 0.0895586 0.0868201 0.0837578 0.0803916 0.0767475 0.0728568 0.0687555 0.0644833 0.0600836 0.0556023 0.051088 0.0465909 0.0421621 0.0378516 0.0337063 0.0297669 0.026066 0.0226268 0.0194631 0.0165809 0.0139813 0.0116625 0.00962098 0.0078506 0.00634063 0.00507359 0.0040247 0.00316378 0.00245914 0.00188209 0.00141006 0.00102723 0.000722862 0.000488471 0.000315451 0.000193979 0.000113288 6.27302e-05 3.28994e-05 1.63342e-05 7.67623e-06 3.41501e-06 1.43868e-06 5.74177e-07 2.17198e-07 7.79157e-08 2.65212e-08 8.57032e-09 2.63069e-09 7.67419e-10 2.1286e-10 5.61632e-11 1.4102e-11 3.37092e-12 7.67356e-13 1.66399e-13 3.43698e-14 6.69901e-15 8.76679e-16 
0 5.93133e-15 3.14255e-14 1.53787e-13 7.16368e-13 3.17866e-12 1.34314e-11 5.40271e-11 2.06797e-10 7.52886e-10 2.60589e-09 8.57032e-09 2.67679e-08 7.93507e-08 2.23123e-07 5.94737e-07 1.50185e-06 3.59084e-06 8.12462e-06 1.73888e-05 3.51958e-05 6.73715e-05 0.000122012 0.000209262 0.000340465 0.000526887 0.000778579 0.00110429 0.001513 0.00201699 0.00263491 0.00339326 0.00432472 0.00546375 0.00684121 0.00848059 0.0103973 0.0126005 0.0150965 0.0178899 0.0209837 0.0243762 0.0280582 0.0320096 0.0361992 0.0405856 0.04512 0.0497493 0.0544189 0.0590742 0.0636622 0.0681313 0.0724326 0.0765198 0.0803504 0.083887 0.0870984 0.0899604 0.0924566 0.0945786 0.0963253 0.0977027 0.0987227 0.099402 0.0997611 0.0998235 0.0996144 0.0991604 0.0984886 0.0976261 0.0965994 0.0954345 0.094156 0.0927875 0.0913507 0.0898658 0.0883513 0.0868238 0.0852982 0.0837877 0.0823038 0.0808565 0.0794543 0.0781045 0.0768132 0.0755854 0.0744254 0.0733366 0.0723217 0.0713831 0.0705223 0.0697408 0.0690397 0.0684197 0.0678815 0.0674255 0.0670521 0.0667614 0.0665537 0.0664291 0.0663875 0.0664291 0.0665537 0.0667614 0.0670521 0.0674255 0.0678815 0.0684197 0.0690397 0.0697408 0.0705223 0.0713831 0.0723217 0.0733366 0.0744254 0.0755854 0.0768132 0.0781045 0.0794543 0.0808565 0.0823038 0.0837877 0.0852982 0.0868238 0.0883513 0.0898658 0.0913507 0.0927875 0.094156 0.0954345 0.0965994 0.0976261 0.0984886 0.0991604 0.0996144 0.0998235 0.0997611 0.099402 0.0987227 0.0977027 0.0963253 0.0945786 0.0924566 0.0899604 0.0870984 0.083887 0.0803504 0.0765198 0.0724326 0.0681313 0.0636622 0.0590742 0.0544189 0.0497493 0.04512 0.0405856 0.0361992 0.0320096 0.0280582 0.0243762 0.0209837 0.0178899 0.0150965 0.0126005 0.0103973 0.00848059 0.00684121 0.00546375 0.00432472 0.00339326 0.00263491 0.00201699 0.001513 0.00110429 0.000778579 0.000526887 0.000340465 0.000209262 0.000122012 6.73715e-05 3.51958e-05 1.73888e-05 8.12462e-06 3.59084e-06 1.50185e-06 5.94737e-07 2.23123e-07 7.93507e-08 2.67679e-08 8.57032e-09 2.60589e-09 7.52886e-10 2.06797e-10 5.40271e-11 1.34314e-11 3.17866e-12 7.16358e-13 1.5373e-13 3.11137e-14 4.30081e-15 
0 2.72197e-14 1.39186e-13 6.55714e-13 2.93919e-12 1.25455e-11 5.09737e-11 1.97072e-10 7.24637e-10 2.53286e-09 8.41114e-09 2.65212e-08 7.93507e-08 2.25133e-07 6.05288e-07 1.54106e-06 3.71295e-06 8.46041e-06 1.82226e-05 3.70869e-05 7.13152e-05 0.000129606 0.000222811 0.000362949 0.000561756 0.000829504 0.00117511 0.0016082 0.00214276 0.00280059 0.00361226 0.00461426 0.00584323 0.00732993 0.00909604 0.011155 0.0135156 0.016185 0.01917 0.0224742 0.0260942 0.030015 0.0342086 0.0386347 0.0432437 0.0479801 0.0527861 0.0576035 0.0623743 0.0670416 0.0715498 0.0758453 0.079878 0.0836033 0.0869835 0.0899894 0.0926008 0.0948072 0.0966066 0.098005 0.0990151 0.099655 0.0999471 0.0999172 0.0995929 0.0990039 0.0981801 0.097152 0.0959496 0.0946019 0.093137 0.0915811 0.0899586 0.0882919 0.0866012 0.0849042 0.0832168 0.0815525 0.0799229 0.0783377 0.076805 0.0753313 0.073922 0.0725811 0.0713119 0.0701167 0.0689973 0.0679548 0.06699 0.0661032 0.0652947 0.0645644 0.0639121 0.0633376 0.0628405 0.0624206 0.0620775 0.0618109 0.0616207 0.0615066 0.0614686 0.0615066 0.0616207 0.0618109 0.0620775 0.0624206 0.0628405 0.0633376 0.0639121 0.0645644 0.0652947 0.0661032 0.06699 0.0679548 0.0689973 0.0701167 0.0713119 0.0725811 0.073922 0.0753313 0.076805 0.0783377 0.0799229 0.0815525 0.0832168 0.0849042 0.0866012 0.0882919 0.0899586 0.0915811 0.093137 0.0946019 0.0959496 0.097152 0.0981801 0.0990039 0.0995929 0.0999172 0.0999471 0.099655 0.0990151 0.098005 0.0966066 0.0948072 0.0926008 0.0899894 0.0869835 0.0836033 0.079878 0.0758453 0.0715498 0.0670416 0.0623743 0.0576035 0.0527861 0.0479801 0.0432437 0.0386347 0.0342086 0.030015 0.0260942 0.0224742 0.01917 0.016185 0.0135156 0.011155 0.00909604 0.00732993 0.00584323 0.00461426 0.00361226 0.00280059 0.00214276 0.0016082 0.00117511 0.000829504 0.000561756 0.000362949 0.000222811 0.000129606 7.13152e-05 3.70869e-05 1.82226e-05 8.46041e-06 3.71295e-06 1.54106e-06 6.05288e-07 2.25133e-07 7.93507e-08 2.65212e-08 8.41114e-09 2.53286e-09 7.24637e-10 1.97072e-10 5.09737e-11 1.25455e-11 2.93914e-12 6.55446e-13 1.37771e-13 2.01257e-14 
0 1.19074e-13 5.87681e-13 2.66483e-12 1.14914e-11 4.71682e-11 1.84217e-10 6.84228e-10 2.41564e-09 8.10152e-09 2.57946e-08 7.79157e-08 2.23123e-07 6.05288e-07 1.55435e-06 3.77552e-06 8.66832e-06 1.87997e-05 3.84966e-05 7.44142e-05 0.000135811 0.000234209 0.000382279 0.000592225 0.000874549 0.00123837 0.00169407 0.00225752 0.00295381 0.00381764 0.00488904 0.00620623 0.00779918 0.00968754 0.0118834 0.0143959 0.0172349 0.020409 0.0239218 0.0277655 0.0319178 0.0363416 0.0409878 0.0458 0.050718 0.0556802 0.0606246 0.065489 0.0702107 0.0747283 0.0789833 0.0829226 0.0865008 0.0896825 0.0924429 0.094768 0.0966538 0.0981053 0.0991348 0.0997611 0.100008 0.0999022 0.099475 0.0987588 0.0977873 0.0965951 0.0952164 0.0936845 0.0920313 0.0902867 0.0884781 0.0866303 0.0847654 0.0829026 0.0810585 0.0792469 0.0774796 0.0757659 0.0741134 0.0725279 0.0710138 0.0695745 0.0682122 0.0669281 0.0657229 0.064597 0.0635499 0.0625811 0.0616898 0.060875 0.0601358 0.059471 0.0588795 0.0583603 0.0579124 0.057535 0.0572273 0.0569887 0.0568186 0.0567167 0.0566828 0.0567167 0.0568186 0.0569887 0.0572273 0.057535 0.0579124 0.0583603 0.0588795 0.059471 0.0601358 0.060875 0.0616898 0.0625811 0.0635499 0.064597 0.0657229 0.0669281 0.0682122 0.0695745 0.0710138 0.0725279 0.0741134 0.0757659 0.0774796 0.0792469 0.0810585 0.0829026 0.0847654 0.0866303 0.0884781 0.0902867 0.0920313 0.0936845 0.0952164 0.0965951 0.0977873 0.0987588 0.099475 0.0999022 0.100008 0.0997611 0.0991348 0.0981053 0.0966538 0.094768 0.0924429 0.0896825 0.0865008 0.0829226 0.0789833 0.0747283 0.0702107 0.065489 0.0606246 0.0556802 0.050718 0.0458 0.0409878 0.0363416 0.0319178 0.0277655 0.0239218 0.020409 0.0172349 0.0143959 0.0118834 0.00968754 0.00779918 0.00620623 0.00488904 0.00381764 0.00295381 0.00225752 0.00169407 0.00123837 0.000874549 0.000592225 0.000382279 0.000234209 0.000135811 7.44142e-05 3.84966e-05 1.87997e-05 8.66832e-06 3.77552e-06 1.55435e-06 6.05288e-07 2.23123e-07 7.79157e-08 2.57946e-08 8.10152e-09 2.41564e-09 6.84228e-10 1.84217e-10 4.71681e-11 1.14912e-11 2.66363e-12 5.81593e-13 8.98355e-14 
0 4.9652e-13 2.36532e-12 1.03215e-11 4.28065e-11 1.68907e-10 6.33816e-10 2.26054e-09 7.65819e-09 2.46273e-08 7.51225e-08 2.17198e-07 5.94737e-07 1.54106e-06 3.77552e-06 8.73872e-06 1.90949e-05 3.93668e-05 7.65499e-05 0.000140408 0.000243095 0.000397913 0.000617547 0.000912757 0.00129293 0.00176922 0.00235952 0.00309228 0.00400624 0.00514467 0.00654681 0.00824139 0.0102461 0.0125723 0.0152312 0.0182355 0.0215956 0.0253131 0.0293741 0.0337473 0.0383866 0.0432358 0.0482333 0.0533153 0.0584168 0.0634705 0.0684076 0.0731584 0.0776552 0.0818353 0.0856449 0.0890409 0.0919923 0.0944803 0.0964974 0.0980458 0.0991365 0.0997873 0.100022 0.0998701 0.099364 0.09854 0.0974364 0.0960924 0.0945472 0.0928391 0.0910043 0.0890767 0.0870871 0.0850628 0.083028 0.0810034 0.0790063 0.0770513 0.0751502 0.0733123 0.071545 0.0698535 0.0682418 0.0667125 0.0652668 0.0639053 0.0626278 0.0614335 0.0603211 0.0592891 0.0583356 0.0574588 0.0566566 0.055927 0.0552681 0.054678 0.0541549 0.0536974 0.0533038 0.0529729 0.0527038 0.0524953 0.0523469 0.0522581 0.0522285 0.0522581 0.0523469 0.0524953 0.0527038 0.0529729 0.0533038 0.0536974 0.0541549 0.054678 0.0552681 0.055927 0.0566566 0.0574588 0.0583356 0.0592891 0.0603211 0.0614335 0.0626278 0.0639053 0.0652668 0.0667125 0.0682418 0.0698535 0.071545 0.0733123 0.0751502 0.0770513 0.0790063 0.0810034 0.083028 0.0850628 0.0870871 0.0890767 0.0910043 0.0928391 0.0945472 0.0960924 0.0974364 0.09854 0.099364 0.0998701 0.100022 0.0997873 0.0991365 0.0980458 0.0964974 0.0944803 0.0919923 0.0890409 0.0856449 0.0818353 0.0776552 0.0731584 0.0684076 0.0634705 0.0584168 0.0533153 0.0482333 0.0432358 0.0383866 0.0337473 0.0293741 0.0253131 0.0215956 0.0182355 0.0152312 0.0125723 0.0102461 0.00824139 0.00654681 0.00514467 0.00400624 0.00309228 0.00235952 0.00176922 0.00129293 0.000912757 0.000617547 0.000397913 0.000243095 0.000140408 7.65499e-05 3.93668e-05 1.90949e-05 8.73872e-06 3.77552e-06 1.54106e-06 5.94737e-07 2.17198e-07 7.51225e-08 2.46273e-08 7.65819e-09 2.26054e-09 6.33816e-10 1.68907e-10 4.28055e-11 1.03164e-11 2.3405e-12 3.82512e-13 
0 1.97342e-12 9.07418e-12 3.80963e-11 1.51905e-10 5.75966e-10 2.07558e-09 7.10435e-09 2.30806e-08 7.11176e-08 2.07667e-07 5.74177e-07 1.50185e-06 3.71295e-06 8.66832e-06 1.90949e-05 3.96611e-05 7.76392e-05 0.000143235 0.000249183 0.00040941 0.0006371 0.000943326 0.00133777 0.00183244 0.00244718 0.0032138 0.00417493 0.00537678 0.00685917 0.00864934 0.0107633 0.0132128 0.016012 0.0191768 0.0227186 0.0266349 0.0309037 0.0354848 0.040324 0.0453598 0.0505274 0.0557596 0.060986 0.0661322 0.0711206 0.0758741 0.08032 0.0843942 0.0880448 0.0912331 0.0939339 0.0961341 0.0978316 0.0990339 0.0997567 0.100023 0.0998638 0.0993133 0.0984117 0.0972021 0.095729 0.094037 0.0921693 0.0901672 0.0880683 0.0859069 0.0837132 0.0815134 0.0793301 0.077182 0.0750847 0.0730505 0.0710893 0.0692085 0.0674136 0.0657081 0.064094 0.0625721 0.0611422 0.0598032 0.0585531 0.0573898 0.0563106 0.0553126 0.0543928 0.0535482 0.0527759 0.0520729 0.0514364 0.050864 0.0503533 0.0499021 0.0495085 0.0491708 0.0488874 0.0486573 0.0484794 0.0483528 0.0482771 0.0482519 0.0482771 0.0483528 0.0484794 0.0486573 0.0488874 0.0491708 0.0495085 0.0499021 0.0503533 0.050864 0.0514364 0.0520729 0.0527759 0.0535482 0.0543928 0.0553126 0.0563106 0.0573898 0.0585531 0.0598032 0.0611422 0.0625721 0.064094 0.0657081 0.0674136 0.0692085 0.0710893 0.0730505 0.0750847 0.077182 0.0793301 0.0815134 0.0837132 0.0859069 0.0880683 0.0901672 0.0921693 0.094037 0.095729 0.0972021 0.0984117 0.0993133 0.0998638 0.100023 0.0997567 0.0990339 0.0978316 0.0961341 0.0939339 0.0912331 0.0880448 0.0843942 0.08032 0.0758741 0.0711206 0.0661322 0.060986 0.0557596 0.0505274 0.0453598 0.040324 0.0354848 0.0309037 0.0266349 0.0227186 0.0191768 0.016012 0.0132128 0.0107633 0.00864934 0.00685917 0.00537678 0.00417493 0.0032138 0.00244718 0.00183244 0.00133777 0.000943326 0.0006371 0.00040941 0.000249183 0.000143235 7.76392e-05 3.96611e-05 1.90949e-05 8.66832e-06 3.71295e-06 1.50185e-06 5.74177e-07 2.07667e-07 7.11176e-08 2.30806e-08 7.10435e-09 2.07558e-09 5.75965e-10 1.519e-10 3.80757e-11 8.97851e-12 1.5536e-12 
0 7.47541e-12 3.31787e-11 1.3398e-10 5.13437e-10 1.86984e-09 6.46769e-09 2.12328e-08 6.61051e-08 1.95015e-07 5.44644e-07 1.43868e-06 3.59084e-06 8.46041e-06 1.87997e-05 3.93668e-05 7.76392e-05 0.000144188 0.000252278 0.000416442 0.000650407 0.000965621 0.00137212 0.0018827 0.00251911 0.00331635 0.00432075 0.00558119 0.00713785 0.00901644 0.0112318 0.0137969 0.0167298 0.0200496 0.0237669 0.0278735 0.0323386 0.037113 0.0421369 0.0473456 0.0526714 0.0580424 0.0633803 0.0686012 0.0736186 0.0783492 0.0827178 0.086662 0.0901338 0.0930995 0.0955387 0.0974427 0.0988136 0.0996635 0.100014 0.0998944 0.099343 0.0984032 0.0971226 0.0955514 0.0937393 0.0917351 0.0895843 0.087329 0.0850069 0.0826515 0.0802918 0.0779525 0.0756545 0.0734152 0.0712483 0.0691646 0.0671722 0.0652766 0.0634815 0.0617883 0.0601972 0.058707 0.0573155 0.05602 0.0548168 0.0537023 0.0526723 0.051723 0.0508501 0.0500498 0.0493184 0.0486524 0.0480483 0.0475033 0.0470146 0.0465796 0.0461961 0.0458622 0.0455762 0.0453366 0.0451422 0.044992 0.0448852 0.0448214 0.0448001 0.0448214 0.0448852 0.044992 0.0451422 0.0453366 0.0455762 0.0458622 0.0461961 0.0465796 0.0470146 0.0475033 0.0480483 0.0486524 0.0493184 0.0500498 0.0508501 0.051723 0.0526723 0.0537023 0.0548168 0.05602 0.0573155 0.058707 0.0601972 0.0617883 0.0634815 0.0652766 0.0671722 0.0691646 0.0712483 0.0734152 0.0756545 0.0779525 0.0802918 0.0826515 0.0850069 0.087329 0.0895843 0.0917351 0.0937393 0.0955514 0.0971226 0.0984032 0.099343 0.0998944 0.100014 0.0996635 0.0988136 0.0974427 0.0955387 0.0930995 0.0901338 0.086662 0.0827178 0.0783492 0.0736186 0.0686012 0.0633803 0.0580424 0.0526714 0.0473456 0.0421369 0.037113 0.0323386 0.0278735 0.0237669 0.0200496 0.0167298 0.0137969 0.0112318 0.00901644 0.00713785 0.00558119 0.00432075 0.00331635 0.00251911 0.0018827 0.00137212 0.000965621 0.000650407 0.000416442 0.000252278 0.000144188 7.76392e-05 3.93668e-05 1.87997e-05 8.46041e-06 3.59084e-06 1.43868e-06 5.44644e-07 1.95015e-07 6.61051e-08 2.12328e-08 6.46769e-09 1.86984e-09 5.1342e-10 1.33902e-10 3.28304e-11 6.01893e-12 
0 2.69869e-11 1.15613e-10 4.48915e-10 1.65268e-09 5.7781e-09 1.91726e-08 6.03291e-08 1.79862e-07 5.07588e-07 1.3546e-06 3.41501e-06 8.12462e-06 1.82226e-05 3.84966e-05 7.65499e-05 0.000143235 0.000252278 0.000418808 0.000657143 0.000979184 0.00139535 0.00191919 0.00257414 0.00339813 0.004441 0.00575409 0.00737793 0.00933686 0.011645 0.0143176 0.0173768 0.0208447 0.0247297 0.0290161 0.033664 0.0386173 0.0438127 0.0491833 0.0546578 0.0601569 0.0655924 0.0708696 0.0758945 0.0805801 0.084852 0.0886513 0.0919338 0.0946695 0.096841 0.0984428 0.0994813 0.0999744 0.0999512 0.0994508 0.09852 0.0972112 0.0955792 0.0936794 0.0915652 0.0892871 0.0868915 0.0844203 0.0819109 0.0793959 0.0769035 0.0744575 0.0720777 0.0697799 0.0675761 0.0654753 0.0634831 0.061603 0.0598358 0.0581808 0.0566357 0.0551973 0.0538615 0.0526236 0.0514789 0.0504222 0.0494487 0.0485533 0.0477315 0.0469789 0.0462911 0.0456645 0.0450954 0.0445807 0.0441172 0.0437024 0.0433339 0.0430096 0.0427276 0.0424863 0.0422844 0.0421207 0.0419944 0.0419046 0.0418509 0.0418331 0.0418509 0.0419046 0.0419944 0.0421207 0.0422844 0.0424863 0.0427276 0.0430096 0.0433339 0.0437024 0.0441172 0.0445807 0.0450954 0.0456645 0.0462911 0.0469789 0.0477315 0.0485533 0.0494487 0.0504222 0.0514789 0.0526236 0.0538615 0.0551973 0.0566357 0.0581808 0.0598358 0.061603 0.0634831 0.0654753 0.0675761 0.0697799 0.0720777 0.0744575 0.0769035 0.0793959 0.0819109 0.0844203 0.0868915 0.0892871 0.0915652 0.0936794 0.0955792 0.0972112 0.09852 0.0994508 0.0999512 0.0999744 0.0994813 0.0984428 0.096841 0.0946695 0.0919338 0.0886513 0.084852 0.0805801 0.0758945 0.0708696 0.0655924 0.0601569 0.0546578 0.0491833 0.0438127 0.0386173 0.033664 0.0290161 0.0247297 0.0208447 0.0173768 0.0143176 0.011645 0.00933686 0.00737793 0.00575409 0.004441 0.00339813 0.00257414 0.00191919 0.00139535 0.000979184 0.000657143 0.000418808 0.000252278 0.000143235 7.65499e-05 3.84966e-05 1.82226e-05 8.12462e-06 3.41501e-06 1.3546e-06 5.07588e-07 1.79862e-07 6.03291e-08 1.91726e-08 5.77809e-09 1.65262e-09 4.48632e-10 1.14419e-10 2.22423e-11 
