0 0 0 0 0 0 0 0 0 0 0 0 0 0 0 0 0 0 0 0 0 0 0 0 0 0 0 0 0 0 0 0 0 0 0 0 0 0 0 0 0 0 0 0 0 0 0 0 0 0 0 0 0 0 0 0 0 0 0 0 0 0 0 0 0 0 0 0 0 0 0 0 0 0 0 0 0 0 0 0 0 0 0 0 0 0 0 0 0 0 0 0 0 0 0 0 0 0 0 0 0 0 0 0 0 0 0 0 0 0 0 0 0 0 0 0 0 0 0 0 0 0 0 0 0 0 0 0 0 0 0 0 0 0 0 0 0 0 0 0 0 0 0 0 0 0 0 0 0 0 0 0 0 0 0 0 0 0 0 0 0 0 0 0 0 0 0 0 0 0 0 0 0 0 0 0 0 0 0 0 0 0 0 0 0 0 0 0 0 0 0 0 0 0 0 0 0 0 0 0 
0 2.62137e-14 1.23117e-13 5.30593e-13 2.18049e-12 8.55648e-12 3.2055e-11 1.14611e-10 3.90972e-10 1.27204e-09 3.9458e-09 1.16649e-08 3.28521e-08 8.81075e-08 2.24935e-07 5.46426e-07 1.26265e-06 2.77449e-06 5.79604e-06 1.151e-05 2.17281e-05 3.90009e-05 6.65962e-05 0.000108274 0.000167838 0.000248546 0.000352595 0.000480957 0.000633809 0.000811565 0.00101625 0.00125269 0.00152888 0.00185527 0.00224289 0.00270097 0.00323471 0.003844 0.00452345 0.0052636 0.00605287 0.00687944 0.00773255 0.00860281 0.00948167 0.0103603 0.0112285 0.0120736 0.0128809 0.0136335 0.014314 0.0149057 0.0153935 0.0157657 0.0160139 0.0161338 0.0161243 0.0159877 0.0157287 0.0153539 0.0148713 0.0142896 0.0136184 0.0128678 0.012048 0.0111697 0.0102433 0.00927974 0.00828948 0.00728285 0.00626969 0.00525929 0.00426018 0.00328002 0.00232555 0.00140251 0.00051565 -0.000331264 -0.0011354 -0.00189478 -0.00260821 -0.00327518 -0.00389575 -0.00447048 -0.00500032 -0.00548653 -0.00593058 -0.00633411 -0.00669885 -0.00702656 -0.00731898 -0.00757783 -0.0078047 -0.00800111 -0.00816843 -0.00830787 -0.00842049 -0.00850716 -0.00856857 -0.00860522 -0.0086174 -0.00860522 -0.00856857 -0.00850716 -0.00842049 -0.00830787 -0.00816843 -0.00800111 -0.0078047 -0.00757783 -0.00731898 -0.00702656 -0.00669885 -0.00633411 -0.00593058 -0.00548653 -0.00500032 -0.00447048 -0.00389575 -0.00327518 -0.00260821 -0.00189478 -0.0011354 -0.000331264 0.00051565 0.00140251 0.00232555 0.00328002 0.00426018 0.00525929 0.00626969 0.00728285 0.00828948 0.00927974 0.0102433 0.0111697 0.012048 0.0128678 0.0136184 0.0142896 0.0148713 0.0153539 0.0157287 0.0159877 0.0161243 0.0161338 0.0160139 0.0157657 0.0153935 0.0149057 0.014314 0.0136335 0.0128809 0.0120736 0.0112285 0.0103603 0.00948167 0.00860281 0.00773255 0.00687944 0.00605287 0.0052636 0.00452345 0.003844 0.00323471 0.00270097 0.00224289 0.00185527 0.00152888 0.00125269 0.00101625 0.000811565 0.000633809 0.000480957 0.000352595 0.000248546 0.000167838 0.000108274 6.65962e-05 3.90009e-05 2.17281e-05 1.151e-05 5.79604e-06 2.77449e-06 1.26265e-06 5.46426e-07 2.24935e-07 8.81075e-08 3.28521e-08 1.16649e-08 3.9458e-09 1.27204e-09 3.90972e-10 1.14611e-10 3.2055e-11 8.55647e-12 2.18042e-12 5.30246e-13 1.21451e-13 1.85923e-14 
0 1.23117e-13 5.60978e-13 2.33935e-12 9.29985e-12 3.52996e-11 1.27904e-10 4.42267e-10 1.45889e-09 4.58924e-09 1.37619e-08 3.93248e-08 1.07038e-07 2.77417e-07 6.84364e-07 1.60643e-06 3.58702e-06 7.61762e-06 1.53843e-05 2.95486e-05 5.39896e-05 9.38929e-05 0.000155558 0.000245853 0.00037138 0.000537604 0.000748341 0.001006 0.00131272 0.00167222 0.0020916 0.00258239 0.00316011 0.00384225 0.00464527 0.00558132 0.0066559 0.00786693 0.00920538 0.010657 0.0122045 0.013829 0.0155112 0.0172312 0.0189681 0.0206986 0.0223972 0.0240358 0.0255842 0.027012 0.0282892 0.0293887 0.0302868 0.0309649 0.0314096 0.0316129 0.0315722 0.0312899 0.0307728 0.0300313 0.0290794 0.0279333 0.0266119 0.0251352 0.0235246 0.0218022 0.01999 0.0181099 0.0161834 0.0142305 0.0122703 0.0103202 0.00839586 0.00651116 0.00467806 0.00290666 0.00120521 -0.000419794 -0.00196346 -0.00342239 -0.00479453 -0.00607897 -0.00727581 -0.008386 -0.00941118 -0.0103535 -0.0112156 -0.0120004 -0.0127108 -0.0133501 -0.0139214 -0.0144278 -0.0148722 -0.0152573 -0.0155858 -0.0158597 -0.0160811 -0.0162516 -0.0163724 -0.0164446 -0.0164686 -0.0164446 -0.0163724 -0.0162516 -0.0160811 -0.0158597 -0.0155858 -0.0152573 -0.0148722 -0.0144278 -0.0139214 -0.0133501 -0.0127108 -0.0120004 -0.0112156 -0.0103535 -0.00941118 -0.008386 -0.00727581 -0.00607897 -0.00479453 -0.00342239 -0.00196346 -0.000419794 0.00120521 0.00290666 0.00467806 0.00651116 0.00839586 0.0103202 0.0122703 0.0142305 0.0161834 0.0181099 0.01999 0.0218022 0.0235246 0.0251352 0.0266119 0.0279333 0.0290794 0.0300313 0.0307728 0.0312899 0.0315722 0.0316129 0.0314096 0.0309649 0.0302868 0.0293887 0.0282892 0.027012 0.0255842 0.0240358 0.0223972 0.0206986 0.0189681 0.0172312 0.0155112 0.013829 0.0122045 0.010657 0.00920538 0.00786693 0.0066559 0.00558132 0.00464527 0.00384225 0.00316011 0.00258239 0.0020916 0.00167222 0.00131272 0.001006 0.000748341 0.000537604 0.00037138 0.000245853 0.000155558 9.38929e-05 5.39896e-05 2.95486e-05 1.53843e-05 7.61762e-06 3.58702e-06 1.60643e-06 6.84364e-07 2.77417e-07 1.07038e-07 3.93248e-08 1.37619e-08 4.58924e-09 1.45889e-09 4.42267e-10 1.27904e-10 3.52995e-11 9.2995e-12 2.33768e-12 5.53235e-13 8.89768e-14 
0 5.30593e-13 2.33935e-12 9.40915e-12 3.60562e-11 1.31875e-10 4.60251e-10 1.53223e-09 4.86391e-09 1.47165e-08 4.24237e-08 1.1647e-07 3.04402e-07 7.57078e-07 1.79119e-06 4.03015e-06 8.62165e-06 1.75353e-05 3.391e-05 6.23695e-05 0.000109174 0.000182061 0.000289689 0.000440761 0.000643113 0.000903211 0.00122646 0.00161844 0.00208674 0.0026426 0.00330155 0.00408254 0.00500564 0.00608913 0.00734681 0.00878636 0.010409 0.01221 0.0141798 0.0163045 0.0185661 0.0209417 0.0234039 0.0259196 0.028451 0.0309564 0.0333921 0.035714 0.0378794 0.0398485 0.0415854 0.0430588 0.0442427 0.045116 0.0456633 0.0458749 0.045747 0.0452817 0.044487 0.0433765 0.0419691 0.0402882 0.0383609 0.0362171 0.0338887 0.031408 0.0288078 0.0261196 0.0233738 0.0205988 0.0178206 0.0150627 0.0123461 0.00968897 0.00710687 0.0046128 0.00221735 -7.11564e-05 -0.00224648 -0.00430426 -0.00624182 -0.00805795 -0.00975274 -0.0113273 -0.0127838 -0.0141248 -0.0153538 -0.0164745 -0.0174908 -0.0184068 -0.0192267 -0.0199545 -0.0205941 -0.0211491 -0.021623 -0.0220186 -0.0223387 -0.0225853 -0.0227602 -0.0228647 -0.0228994 -0.0228647 -0.0227602 -0.0225853 -0.0223387 -0.0220186 -0.021623 -0.0211491 -0.0205941 -0.0199545 -0.0192267 -0.0184068 -0.0174908 -0.0164745 -0.0153538 -0.0141248 -0.0127838 -0.0113273 -0.00975274 -0.00805795 -0.00624182 -0.00430426 -0.00224648 -7.11564e-05 0.00221735 0.0046128 0.00710687 0.00968897 0.0123461 0.0150627 0.0178206 0.0205988 0.0233738 0.0261196 0.0288078 0.031408 0.0338887 0.0362171 0.0383609 0.0402882 0.0419691 0.0433765 0.044487 0.0452817 0.045747 0.0458749 0.0456633 0.045116 0.0442427 0.0430588 0.0415854 0.0398485 0.0378794 0.035714 0.0333921 0.0309564 0.028451 0.0259196 0.0234039 0.0209417 0.0185661 0.0163045 0.0141798 0.01221 0.010409 0.00878636 0.00734681 0.00608913 0.00500564 0.00408254 0.00330155 0.0026426 0.00208674 0.00161844 0.00122646 0.000903211 0.000643113 0.000440761 0.000289689 0.000182061 0.000109174 6.23695e-05 3.391e-05 1.75353e-05 8.62165e-06 4.03015e-06 1.79119e-06 7.57078e-07 3.04402e-07 1.1647e-07 4.24237e-08 1.47165e-08 4.86391e-09 1.53223e-09 4.60251e-10 1.31874e-10 3.60546e-11 9.40177e-12 2.30651e-12 3.91593e-13 
0 2.18049e-12 9.29985e-12 3.60562e-11 1.33088e-10 4.68639e-10 1.57385e-09 5.03893e-09 1.53735e-08 4.46757e-08 1.23605e-07 3.25435e-07 8.15016e-07 1.94071e-06 4.39233e-06 9.44602e-06 1.93002e-05 3.74673e-05 6.91275e-05 0.000121293 0.000202622 0.000322804 0.000491633 0.000718139 0.00101029 0.00137568 0.00182318 0.00236494 0.00301777 0.00380292 0.00474405 0.00586397 0.00718137 0.00870879 0.0104523 0.0124128 0.0145872 0.0169698 0.0195515 0.0223185 0.0252496 0.028315 0.0314754 0.0346831 0.0378842 0.0410219 0.0440389 0.0468808 0.0494973 0.0518436 0.0538804 0.0555744 0.056898 0.05783 0.058355 0.0584646 0.0581572 0.0574387 0.0563216 0.0548255 0.0529757 0.0508029 0.0483413 0.0456282 0.0427023 0.0396029 0.0363688 0.0330375 0.0296446 0.0262233 0.0228039 0.0194139 0.0160775 0.012816 0.00964737 0.00658689 0.00364688 0.000837054 -0.00183527 -0.00436499 -0.00674893 -0.00898567 -0.0110753 -0.013019 -0.0148193 -0.0164792 -0.0180027 -0.0193939 -0.0206575 -0.0217983 -0.0228208 -0.0237299 -0.0245299 -0.0252251 -0.0258194 -0.0263161 -0.0267183 -0.0270284 -0.0272486 -0.0273801 -0.0274238 -0.0273801 -0.0272486 -0.0270284 -0.0267183 -0.0263161 -0.0258194 -0.0252251 -0.0245299 -0.0237299 -0.0228208 -0.0217983 -0.0206575 -0.0193939 -0.0180027 -0.0164792 -0.0148193 -0.013019 -0.0110753 -0.00898567 -0.00674893 -0.00436499 -0.00183527 0.000837054 0.00364688 0.00658689 0.00964737 0.012816 0.0160775 0.0194139 0.0228039 0.0262233 0.0296446 0.0330375 0.0363688 0.0396029 0.0427023 0.0456282 0.0483413 0.0508029 0.0529757 0.0548255 0.0563216 0.0574387 0.0581572 0.0584646 0.058355 0.05783 0.056898 0.0555744 0.0538804 0.0518436 0.0494973 0.0468808 0.0440389 0.0410219 0.0378842 0.0346831 0.0314754 0.028315 0.0252496 0.0223185 0.0195515 0.0169698 0.0145872 0.0124128 0.0104523 0.00870879 0.00718137 0.00586397 0.00474405 0.00380292 0.00301777 0.00236494 0.00182318 0.00137568 0.00101029 0.000718139 0.000491633 0.000322804 0.000202622 0.000121293 6.91275e-05 3.74673e-05 1.93002e-05 9.44602e-06 4.39233e-06 1.94071e-06 8.15016e-07 3.25435e-07 1.23605e-07 4.46757e-08 1.53735e-08 5.03893e-09 1.57385e-09 4.68638e-10 1.33081e-10 3.60253e-11 9.1678e-12 1.64499e-12 
0 8.55648e-12 3.52996e-11 1.31875e-10 4.68639e-10 1.58785e-09 5.12798e-09 1.57779e-08 4.62273e-08 1.28907e-07 3.41945e-07 8.62417e-07 2.06703e-06 4.70607e-06 1.0174e-05 2.08812e-05 4.06841e-05 7.52666e-05 0.000132296 0.000221178 0.000352333 0.000536179 0.000782282 0.00109929 0.00149611 0.00198409 0.00257935 0.00330402 0.0041851 0.0052513 0.00652862 0.00803677 0.00978759 0.0117859 0.0140316 0.0165221 0.0192529 0.0222164 0.0253992 0.0287794 0.0323245 0.0359915 0.0397278 0.0434743 0.0471684 0.0507468 0.0541481 0.0573138 0.0601905 0.0627295 0.0648884 0.0666314 0.0679305 0.0687658 0.0691259 0.0690084 0.0684197 0.067374 0.0658928 0.0640037 0.0617394 0.0591364 0.0562339 0.0530727 0.0496944 0.0461406 0.0424518 0.0386673 0.0348243 0.0309575 0.0270991 0.0232781 0.0195203 0.0158486 0.0122822 0.00883755 0.00552786 0.00236359 -0.000647447 -0.00349979 -0.00619012 -0.00871692 -0.0110803 -0.0132817 -0.0153235 -0.0172093 -0.0189429 -0.0205289 -0.021972 -0.0232771 -0.0244493 -0.0254932 -0.0264135 -0.0272146 -0.0279003 -0.0284743 -0.0289396 -0.0292988 -0.0295539 -0.0297063 -0.0297571 -0.0297063 -0.0295539 -0.0292988 -0.0289396 -0.0284743 -0.0279003 -0.0272146 -0.0264135 -0.0254932 -0.0244493 -0.0232771 -0.021972 -0.0205289 -0.0189429 -0.0172093 -0.0153235 -0.0132817 -0.0110803 -0.00871692 -0.00619012 -0.00349979 -0.000647447 0.00236359 0.00552786 0.00883755 0.0122822 0.0158486 0.0195203 0.0232781 0.0270991 0.0309575 0.0348243 0.0386673 0.0424518 0.0461406 0.0496944 0.0530727 0.0562339 0.0591364 0.0617394 0.0640037 0.0658928 0.067374 0.0684197 0.0690084 0.0691259 0.0687658 0.0679305 0.0666314 0.0648884 0.0627295 0.0601905 0.0573138 0.0541481 0.0507468 0.0471684 0.0434743 0.0397278 0.0359915 0.0323245 0.0287794 0.0253992 0.0222164 0.0192529 0.0165221 0.0140316 0.0117859 0.00978759 0.00803677 0.00652862 0.0052513 0.0041851 0.00330402 0.00257935 0.00198409 0.00149611 0.00109929 0.000782282 0.000536179 0.000352333 0.000221178 0.000132296 7.52666e-05 4.06841e-05 2.08812e-05 1.0174e-05 4.70607e-06 2.06703e-06 8.62417e-07 3.41945e-07 1.28907e-07 4.62273e-08 1.57779e-08 5.12798e-09 1.58784e-09 4.6861e-10 1.31752e-10 3.47963e-11 6.60449e-12 
0 3.2055e-11 1.27904e-10 4.60251e-10 1.57385e-09 5.12798e-09 1.59149e-08 4.70223e-08 1.32192e-07 3.53395e-07 8.97876e-07 2.16686e-06 4.96454e-06 1.07936e-05 2.22616e-05 4.35496e-05 8.08192e-05 0.000142356 0.000238254 0.000379566 0.000577174 0.000840935 0.00117986 0.00160376 0.00212598 0.00276607 0.00355067 0.00451156 0.00568132 0.00708822 0.00875265 0.0106864 0.0128946 0.0153786 0.0181374 0.0211677 0.0244612 0.0280012 0.0317602 0.0356992 0.0397691 0.043913 0.0480695 0.0521751 0.0561662 0.0599798 0.0635547 0.066832 0.0697566 0.0722785 0.0743551 0.0759526 0.0770472 0.0776259 0.0776866 0.0772367 0.0762927 0.0748785 0.073024 0.0707636 0.0681352 0.0651787 0.0619359 0.0584489 0.0547598 0.0509101 0.0469402 0.0428887 0.038792 0.0346842 0.0305965 0.0265568 0.0225903 0.0187186 0.0149602 0.0113308 0.00784284 0.00450617 0.00132816 -0.00168605 -0.00453331 -0.0072122 -0.00972273 -0.0120662 -0.0142448 -0.0162616 -0.0181204 -0.0198251 -0.0213801 -0.02279 -0.0240593 -0.0251923 -0.0261934 -0.0270665 -0.0278154 -0.0284432 -0.0289528 -0.0293467 -0.0296266 -0.0297941 -0.0298498 -0.0297941 -0.0296266 -0.0293467 -0.0289528 -0.0284432 -0.0278154 -0.0270665 -0.0261934 -0.0251923 -0.0240593 -0.02279 -0.0213801 -0.0198251 -0.0181204 -0.0162616 -0.0142448 -0.0120662 -0.00972273 -0.0072122 -0.00453331 -0.00168605 0.00132816 0.00450617 0.00784284 0.0113308 0.0149602 0.0187186 0.0225903 0.0265568 0.0305965 0.0346842 0.038792 0.0428887 0.0469402 0.0509101 0.0547598 0.0584489 0.0619359 0.0651787 0.0681352 0.0707636 0.073024 0.0748785 0.0762927 0.0772367 0.0776866 0.0776259 0.0770472 0.0759526 0.0743551 0.0722785 0.0697566 0.066832 0.0635547 0.0599798 0.0561662 0.0521751 0.0480695 0.043913 0.0397691 0.0356992 0.0317602 0.0280012 0.0244612 0.0211677 0.0181374 0.0153786 0.0128946 0.0106864 0.00875265 0.00708822 0.00568132 0.00451156 0.00355067 0.00276607 0.00212598 0.00160376 0.00117986 0.000840935 0.000577174 0.000379566 0.000238254 0.000142356 8.08192e-05 4.35496e-05 2.22616e-05 1.07936e-05 4.96454e-06 2.16686e-06 8.97876e-07 3.53395e-07 1.32192e-07 4.70223e-08 1.59149e-08 5.12795e-09 1.57374e-09 4.59787e-10 1.2609e-10 2.53398e-11 
0 1.14611e-10 4.42267e-10 1.53223e-09 5.03893e-09 1.57779e-08 4.70223e-08 1.33306e-07 3.59261e-07 9.19834e-07 2.23601e-06 5.15756e-06 1.1282e-05 2.33949e-05 4.59775e-05 8.56402e-05 0.000151257 0.000253576 0.000404246 0.00061456 0.000894608 0.0012537 0.00170247 0.00225621 0.00293766 0.00377748 0.00481128 0.00607412 0.007595 0.00939384 0.0114822 0.0138664 0.0165504 0.0195367 0.0228237 0.0264016 0.0302489 0.0343304 0.0385986 0.0429969 0.0474632 0.0519333 0.0563428 0.0606276 0.0647241 0.0685695 0.0721028 0.0752665 0.0780088 0.0802858 0.0820637 0.0833193 0.0840409 0.0842275 0.083888 0.0830396 0.081707 0.0799202 0.0777141 0.0751268 0.072199 0.0689728 0.0654912 0.061797 0.0579322 0.0539375 0.0498516 0.0457107 0.0415485 0.0373955 0.0332792 0.0292239 0.0252511 0.021379 0.0176231 0.0139964 0.0105094 0.0071701 0.00398492 0.000958215 -0.00190716 -0.00460976 -0.00714933 -0.00952663 -0.0117432 -0.0138015 -0.0157041 -0.0174543 -0.0190556 -0.0205117 -0.0218261 -0.0230025 -0.0240444 -0.0249552 -0.025738 -0.0263953 -0.0269298 -0.0273433 -0.0276376 -0.0278136 -0.0278722 -0.0278136 -0.0276376 -0.0273433 -0.0269298 -0.0263953 -0.025738 -0.0249552 -0.0240444 -0.0230025 -0.0218261 -0.0205117 -0.0190556 -0.0174543 -0.0157041 -0.0138015 -0.0117432 -0.00952663 -0.00714933 -0.00460976 -0.00190716 0.000958215 0.00398492 0.0071701 0.0105094 0.0139964 0.0176231 0.021379 0.0252511 0.0292239 0.0332792 0.0373955 0.0415485 0.0457107 0.0498516 0.0539375 0.0579322 0.061797 0.0654912 0.0689728 0.072199 0.0751268 0.0777141 0.0799202 0.081707 0.0830396 0.083888 0.0842275 0.0840409 0.0833193 0.0820637 0.0802858 0.0780088 0.0752665 0.0721028 0.0685695 0.0647241 0.0606276 0.0563428 0.0519333 0.0474632 0.0429969 0.0385986 0.0343304 0.0302489 0.0264016 0.0228237 0.0195367 0.0165504 0.0138664 0.0114822 0.00939384 0.007595 0.00607412 0.00481128 0.00377748 0.00293766 0.00225621 0.00170247 0.0012537 0.000894608 0.00061456 0.000404246 0.000253576 0.000151257 8.56402e-05 4.59775e-05 2.33949e-05 1.1282e-05 5.15756e-06 2.23601e-06 9.19834e-07 3.59261e-07 1.33306e-07 4.70223e-08 1.57778e-08 5.03851e-09 1.53058e-09 4.36096e-10 9.28881e-11 
0 3.90972e-10 1.45889e-09 4.86391e-09 1.53735e-08 4.62273e-08 1.32192e-07 3.59261e-07 9.2727e-07 2.27139e-06 5.27686e-06 1.16194e-05 2.42381e-05 4.78819e-05 8.95734e-05 0.000158738 0.000266749 0.000425829 0.00064767 0.000942596 0.00132022 0.0017921 0.00237549 0.00309632 0.00398905 0.00509248 0.00644313 0.00806954 0.00999027 0.0122163 0.0147555 0.017615 0.0208003 0.0243107 0.0281341 0.0322428 0.0365941 0.041133 0.0457969 0.0505197 0.055234 0.0598727 0.0643682 0.0686531 0.0726612 0.0763293 0.0795999 0.0824238 0.0847619 0.0865861 0.0878796 0.0886361 0.0888588 0.0885591 0.0877556 0.0864731 0.0847415 0.0825953 0.0800728 0.0772146 0.0740634 0.0706622 0.067054 0.0632806 0.0593815 0.0553943 0.0513531 0.0472893 0.043231 0.0392031 0.0352275 0.0313233 0.0275071 0.0237928 0.0201924 0.0167157 0.0133708 0.0101642 0.00710068 0.00418399 0.00141658 -0.00120014 -0.00366565 -0.0059802 -0.00814472 -0.0101607 -0.0120299 -0.0137547 -0.0153375 -0.016781 -0.0180877 -0.0192603 -0.0203015 -0.0212138 -0.0219994 -0.0226604 -0.0231987 -0.0236157 -0.0239126 -0.0240905 -0.0241497 -0.0240905 -0.0239126 -0.0236157 -0.0231987 -0.0226604 -0.0219994 -0.0212138 -0.0203015 -0.0192603 -0.0180877 -0.016781 -0.0153375 -0.0137547 -0.0120299 -0.0101607 -0.00814472 -0.0059802 -0.00366565 -0.00120014 0.00141658 0.00418399 0.00710068 0.0101642 0.0133708 0.0167157 0.0201924 0.0237928 0.0275071 0.0313233 0.0352275 0.0392031 0.043231 0.0472893 0.0513531 0.0553943 0.0593815 0.0632806 0.067054 0.0706622 0.0740634 0.0772146 0.0800728 0.0825953 0.0847415 0.0864731 0.0877556 0.0885591 0.0888588 0.0886361 0.0878796 0.0865861 0.0847619 0.0824238 0.0795999 0.0763293 0.0726612 0.0686531 0.0643682 0.0598727 0.055234 0.0505197 0.0457969 0.041133 0.0365941 0.0322428 0.0281341 0.0243107 0.0208003 0.017615 0.0147555 0.0122163 0.00999027 0.00806954 0.00644313 0.00509248 0.00398905 0.00309632 0.00237549 0.0017921 0.00132022 0.000942596 0.00064767 0.000425829 0.000266749 0.000158738 8.95734e-05 4.78819e-05 2.42381e-05 1.16194e-05 5.27686e-06 2.27139e-06 9.2727e-07 3.5926e-07 1.32192e-07 4.62269e-08 1.5372e-08 4.85834e-09 1.43916e-09 3.25243e-10 
0 1.27204e-09 4.58924e-09 1.47165e-08 4.46757e-08 1.28907e-07 3.53395e-07 9.19834e-07 2.27139e-06 5.31722e-06 1.17918e-05 2.4758e-05 4.91928e-05 9.24851e-05 0.000164568 0.000277407 0.000443785 0.000675803 0.000984036 0.00137846 0.00187156 0.00248265 0.00324089 0.00418435 0.00535461 0.00678901 0.00851492 0.0105493 0.0129027 0.0155848 0.018606 0.0219736 0.0256861 0.0297264 0.0340597 0.038636 0.0433948 0.0482701 0.0531933 0.0580946 0.0629025 0.0675438 0.0719447 0.0760341 0.0797465 0.0830255 0.0858265 0.0881174 0.0898785 0.0911011 0.0917863 0.0919434 0.0915887 0.0907448 0.0894395 0.0877056 0.0855798 0.0831019 0.0803137 0.0772579 0.0739767 0.0705113 0.0669007 0.0631816 0.0593873 0.0555483 0.0516918 0.0478421 0.0440206 0.0402459 0.0365345 0.0329005 0.0293559 0.025911 0.0225745 0.0193535 0.0162538 0.0132801 0.010436 0.00772408 0.00514611 0.00270322 0.00039588 -0.00177596 -0.00381278 -0.00571541 -0.00748499 -0.00912286 -0.0106305 -0.0120095 -0.0132616 -0.0143884 -0.0153915 -0.0162725 -0.0170329 -0.0176739 -0.0181967 -0.0186022 -0.0188914 -0.0190646 -0.0191223 -0.0190646 -0.0188914 -0.0186022 -0.0181967 -0.0176739 -0.0170329 -0.0162725 -0.0153915 -0.0143884 -0.0132616 -0.0120095 -0.0106305 -0.00912286 -0.00748499 -0.00571541 -0.00381278 -0.00177596 0.00039588 0.00270322 0.00514611 0.00772408 0.010436 0.0132801 0.0162538 0.0193535 0.0225745 0.025911 0.0293559 0.0329005 0.0365345 0.0402459 0.0440206 0.0478421 0.0516918 0.0555483 0.0593873 0.0631816 0.0669007 0.0705113 0.0739767 0.0772579 0.0803137 0.0831019 0.0855798 0.0877056 0.0894395 0.0907448 0.0915887 0.0919434 0.0917863 0.0911011 0.0898785 0.0881174 0.0858265 0.0830255 0.0797465 0.0760341 0.0719447 0.0675438 0.0629025 0.0580946 0.0531933 0.0482701 0.0433948 0.038636 0.0340597 0.0297264 0.0256861 0.0219736 0.018606 0.0155848 0.0129027 0.0105493 0.00851492 0.00678901 0.00535461 0.00418435 0.00324089 0.00248265 0.00187156 0.00137846 0.000984036 0.000675803 0.000443785 0.000277407 0.000164568 9.24851e-05 4.91928e-05 2.4758e-05 1.17918e-05 5.31722e-06 2.27139e-06 9.19834e-07 3.53395e-07 1.28906e-07 4.46708e-08 1.46989e-08 4.53028e-09 1.08752e-09 
0 3.9458e-09 1.37619e-08 4.24237e-08 1.23605e-07 3.41945e-07 8.97876e-07 2.23601e-06 5.27686e-06 1.17918e-05 2.49336e-05 4.98609e-05 9.42741e-05 0.000168562 0.000285246 0.000457665 0.000698345 0.00101815 0.00142744 0.00193969 0.00257625 0.00336945 0.00436084 0.00559444 0.00710797 0.0089274 0.0110681 0.0135411 0.0163583 0.019533 0.0230735 0.0269744 0.0312119 0.0357432 0.0405115 0.0454525 0.0504982 0.0555783 0.0606196 0.0655448 0.0702739 0.0747272 0.0788295 0.0825151 0.0857309 0.0884377 0.0906099 0.0922349 0.0933104 0.093844 0.093851 0.0933543 0.0923833 0.0909729 0.0891624 0.0869945 0.0845132 0.0817627 0.0787861 0.0756242 0.0723153 0.068894 0.065392 0.0618376 0.0582559 0.0546693 0.0510975 0.0475577 0.044065 0.0406325 0.0372714 0.0339911 0.0307996 0.0277035 0.0247082 0.0218181 0.0190366 0.0163663 0.0138093 0.0113671 0.00904081 0.00683103 0.00473819 0.00276245 0.000903755 -0.000838112 -0.0024635 -0.00397286 -0.00536675 -0.00664576 -0.00781055 -0.00886179 -0.00980014 -0.0106263 -0.0113408 -0.0119444 -0.0124374 -0.0128204 -0.0130937 -0.0132576 -0.0133122 -0.0132576 -0.0130937 -0.0128204 -0.0124374 -0.0119444 -0.0113408 -0.0106263 -0.00980014 -0.00886179 -0.00781055 -0.00664576 -0.00536675 -0.00397286 -0.0024635 -0.000838112 0.000903755 0.00276245 0.00473819 0.00683103 0.00904081 0.0113671 0.0138093 0.0163663 0.0190366 0.0218181 0.0247082 0.0277035 0.0307996 0.0339911 0.0372714 0.0406325 0.044065 0.0475577 0.0510975 0.0546693 0.0582559 0.0618376 0.065392 0.068894 0.0723153 0.0756242 0.0787861 0.0817627 0.0845132 0.0869945 0.0891624 0.0909729 0.0923833 0.0933543 0.093851 0.093844 0.0933104 0.0922349 0.0906099 0.0884377 0.0857309 0.0825151 0.0788295 0.0747272 0.0702739 0.0655448 0.0606196 0.0555783 0.0504982 0.0454525 0.0405115 0.0357432 0.0312119 0.0269744 0.0230735 0.019533 0.0163583 0.0135411 0.0110681 0.0089274 0.00710797 0.00559444 0.00436084 0.00336945 0.00257625 0.00193969 0.00142744 0.00101815 0.000698345 0.000457665 0.000285246 0.000168562 9.42741e-05 4.98609e-05 2.49336e-05 1.17918e-05 5.27686e-06 2.23601e-06 8.97875e-07 3.41941e-07 1.23589e-07 4.23718e-08 1.35986e-08 3.47167e-09 
0 1.16649e-08 3.93248e-08 1.1647e-07 3.25435e-07 8.62417e-07 2.16686e-06 5.15756e-06 1.16194e-05 2.4758e-05 4.98609e-05 9.48776e-05 0.000170591 0.000290042 0.000467118 0.000714805 0.00104431 0.00146639 0.00199548 0.00265491 0.00348004 0.00451573 0.0058082 0.00739531 0.0093016 0.0115414 0.0141265 0.0170721 0.020394 0.0240997 0.0281786 0.0325984 0.0373083 0.0422462 0.0473449 0.0525349 0.0577426 0.0628889 0.0678893 0.0726568 0.0771072 0.0811648 0.0847668 0.0878653 0.0904267 0.0924311 0.0938703 0.0947469 0.0950733 0.0948712 0.0941712 0.0930114 0.0914356 0.0894917 0.087229 0.0846965 0.0819412 0.0790066 0.0759324 0.0727541 0.0695032 0.066207 0.0628896 0.0595718 0.0562712 0.0530032 0.0497805 0.0466138 0.0435119 0.0404816 0.0375288 0.0346577 0.0318718 0.0291735 0.0265651 0.0240479 0.0216233 0.0192922 0.0170556 0.0149141 0.0128686 0.0109197 0.00906808 0.00731422 0.00565872 0.00410206 0.00264467 0.00128693 2.91489e-05 -0.00112841 -0.00218556 -0.00314215 -0.00399808 -0.0047533 -0.00540779 -0.00596153 -0.00641454 -0.00676685 -0.00701847 -0.00716944 -0.00721976 -0.00716944 -0.00701847 -0.00676685 -0.00641454 -0.00596153 -0.00540779 -0.0047533 -0.00399808 -0.00314215 -0.00218556 -0.00112841 2.91489e-05 0.00128693 0.00264467 0.00410206 0.00565872 0.00731422 0.00906808 0.0109197 0.0128686 0.0149141 0.0170556 0.0192922 0.0216233 0.0240479 0.0265651 0.0291735 0.0318718 0.0346577 0.0375288 0.0404816 0.0435119 0.0466138 0.0497805 0.0530032 0.0562712 0.0595718 0.0628896 0.066207 0.0695032 0.0727541 0.0759324 0.0790066 0.0819412 0.0846965 0.087229 0.0894917 0.0914356 0.0930114 0.0941712 0.0948712 0.0950733 0.0947469 0.0938703 0.0924311 0.0904267 0.0878653 0.0847668 0.0811648 0.0771072 0.0726568 0.0678893 0.0628889 0.0577426 0.0525349 0.0473449 0.0422462 0.0373083 0.0325984 0.0281786 0.0240997 0.020394 0.0170721 0.0141265 0.0115414 0.0093016 0.00739531 0.0058082 0.00451573 0.00348004 0.00265491 0.00199548 0.00146639 0.00104431 0.000714805 0.000467118 0.000290042 0.000170591 9.48776e-05 4.98609e-05 2.4758e-05 1.16194e-05 5.15756e-06 2.16686e-06 8.62404e-07 3.2539e-07 1.16328e-07 3.8912e-08 1.05778e-08 
0 3.28521e-08 1.07038e-07 3.04402e-07 8.15016e-07 2.06703e-06 4.96454e-06 1.1282e-05 2.42381e-05 4.91928e-05 9.42741e-05 0.000170591 0.000291657 0.000471905 0.000724826 0.00106202 0.00149467 0.00203808 0.00271742 0.00357087 0.00464641 0.00599231 0.00764652 0.00963228 0.0119632 0.014653 0.0177201 0.0211826 0.0250457 0.0292922 0.033881 0.0387542 0.0438461 0.0490876 0.0544064 0.0597231 0.0649503 0.0699946 0.074763 0.0791694 0.0831406 0.0866187 0.0895612 0.0919397 0.0937382 0.0949522 0.095589 0.0956671 0.0952162 0.0942762 0.0928943 0.091123 0.089017 0.0866307 0.0840162 0.0812217 0.0782913 0.0752641 0.0721748 0.0690533 0.0659254 0.0628128 0.0597332 0.056701 0.0537271 0.0508196 0.0479842 0.0452246 0.0425427 0.0399394 0.0374147 0.0349683 0.0325995 0.0303076 0.028092 0.0259523 0.0238885 0.0219004 0.0199886 0.0181533 0.0163953 0.0147154 0.0131145 0.0115934 0.0101531 0.00879472 0.0075191 0.00632722 0.00521998 0.00419821 0.00326269 0.00241415 0.00165324 0.000980513 0.000396489 -9.84034e-05 -0.000503802 -0.000819412 -0.00104501 -0.00118043 -0.00122558 -0.00118043 -0.00104501 -0.000819412 -0.000503802 -9.84034e-05 0.000396489 0.000980513 0.00165324 0.00241415 0.00326269 0.00419821 0.00521998 0.00632722 0.0075191 0.00879472 0.0101531 0.0115934 0.0131145 0.0147154 0.0163953 0.0181533 0.0199886 0.0219004 0.0238885 0.0259523 0.028092 0.0303076 0.0325995 0.0349683 0.0374147 0.0399394 0.0425427 0.0452246 0.0479842 0.0508196 0.0537271 0.056701 0.0597332 0.0628128 0.0659254 0.0690533 0.0721748 0.0752641 0.0782913 0.0812217 0.0840162 0.0866307 0.089017 0.091123 0.0928943 0.0942762 0.0952162 0.0956671 0.095589 0.0949522 0.0937382 0.0919397 0.0895612 0.0866187 0.0831406 0.0791694 0.074763 0.0699946 0.0649503 0.0597231 0.0544064 0.0490876 0.0438461 0.0387542 0.033881 0.0292922 0.0250457 0.0211826 0.0177201 0.014653 0.0119632 0.00963228 0.00764652 0.00599231 0.00464641 0.00357087 0.00271742 0.00203808 0.00149467 0.00106202 0.000724826 0.000471905 0.000291657 0.000170591 9.42741e-05 4.91928e-05 2.42381e-05 1.1282e-05 4.96453e-06 2.067e-06 8.14896e-07 3.0405e-07 1.06112e-07 3.0754e-08 
0 8.81075e-08 2.77417e-07 7.57078e-07 1.94071e-06 4.70607e-06 1.07936e-05 2.33949e-05 4.78819e-05 9.24851e-05 0.000168562 0.000290042 0.000471905 0.000728191 0.00107095 0.00151182 0.00206685 0.0027628 0.00364042 0.0047506 0.00614363 0.00785762 0.00991482 0.0123287 0.0151151 0.0182961 0.0218914 0.0259031 0.030306 0.0350508 0.0400744 0.045309 0.0506837 0.0561215 0.0615344 0.0668248 0.0718908 0.0766351 0.0809725 0.0848336 0.0881651 0.0909287 0.0930986 0.094662 0.0956192 0.095984 0.0957843 0.0950599 0.0938608 0.0922428 0.0902648 0.0879859 0.0854628 0.0827486 0.0798926 0.0769391 0.073928 0.0708942 0.0678676 0.0648734 0.0619315 0.059057 0.0562609 0.0535498 0.0509275 0.0483948 0.0459508 0.043593 0.0413183 0.0391232 0.037004 0.0349575 0.0329807 0.0310709 0.029226 0.0274444 0.025725 0.024067 0.02247 0.0209341 0.0194596 0.018047 0.016697 0.0154107 0.0141891 0.0130333 0.0119447 0.0109244 0.00997376 0.00909402 0.00828637 0.00755196 0.00689184 0.006307 0.00579832 0.00536656 0.0050124 0.00473636 0.00453889 0.00442029 0.00438073 0.00442029 0.00453889 0.00473636 0.0050124 0.00536656 0.00579832 0.006307 0.00689184 0.00755196 0.00828637 0.00909402 0.00997376 0.0109244 0.0119447 0.0130333 0.0141891 0.0154107 0.016697 0.018047 0.0194596 0.0209341 0.02247 0.024067 0.025725 0.0274444 0.029226 0.0310709 0.0329807 0.0349575 0.037004 0.0391232 0.0413183 0.043593 0.0459508 0.0483948 0.0509275 0.0535498 0.0562609 0.059057 0.0619315 0.0648734 0.0678676 0.0708942 0.073928 0.0769391 0.0798926 0.0827486 0.0854628 0.0879859 0.0902648 0.0922428 0.0938608 0.0950599 0.0957843 0.095984 0.0956192 0.094662 0.0930986 0.0909287 0.0881651 0.0848336 0.0809725 0.0766351 0.0718908 0.0668248 0.0615344 0.0561215 0.0506837 0.045309 0.0400744 0.0350508 0.030306 0.0259031 0.0218914 0.0182961 0.0151151 0.0123287 0.00991482 0.00785762 0.00614363 0.0047506 0.00364042 0.0027628 0.00206685 0.00151182 0.00107095 0.000728191 0.000471905 0.000290042 0.000168562 9.24851e-05 4.78819e-05 2.33949e-05 1.07936e-05 4.70596e-06 1.94042e-06 7.56304e-07 2.75689e-07 8.52991e-08 
0 2.24935e-07 6.84364e-07 1.79119e-06 4.39233e-06 1.0174e-05 2.22616e-05 4.59775e-05 8.95734e-05 0.000164568 0.000285246 0.000467118 0.000724826 0.00107095 0.00151757 0.00208135 0.00279033 0.00368748 0.00482643 0.0062595 0.00802529 0.0101454 0.0126335 0.0155079 0.0187943 0.0225136 0.0266635 0.0312109 0.0360993 0.0412621 0.0466307 0.0521317 0.0576808 0.0631793 0.0685189 0.073591 0.0782969 0.0825539 0.0862959 0.0894722 0.0920453 0.0939912 0.0953008 0.095981 0.0960558 0.095564 0.0945568 0.0930929 0.0912349 0.0890459 0.0865874 0.0839179 0.081092 0.0781603 0.0751689 0.0721584 0.0691642 0.0662153 0.0633347 0.0605395 0.0578414 0.0552471 0.0527595 0.0503786 0.0481017 0.045925 0.0438435 0.0418517 0.0399441 0.0381149 0.036359 0.0346713 0.0330473 0.0314831 0.0299753 0.0285209 0.0271177 0.025764 0.0244586 0.0232008 0.0219906 0.020828 0.0197137 0.0186486 0.0176338 0.0166705 0.0157601 0.0149042 0.0141043 0.0133619 0.0126786 0.0120556 0.0114944 0.0109961 0.010562 0.0101929 0.00988983 0.00965334 0.00948402 0.00938227 0.00934833 0.00938227 0.00948402 0.00965334 0.00988983 0.0101929 0.010562 0.0109961 0.0114944 0.0120556 0.0126786 0.0133619 0.0141043 0.0149042 0.0157601 0.0166705 0.0176338 0.0186486 0.0197137 0.020828 0.0219906 0.0232008 0.0244586 0.025764 0.0271177 0.0285209 0.0299753 0.0314831 0.0330473 0.0346713 0.036359 0.0381149 0.0399441 0.0418517 0.0438435 0.045925 0.0481017 0.0503786 0.0527595 0.0552471 0.0578414 0.0605395 0.0633347 0.0662153 0.0691642 0.0721584 0.0751689 0.0781603 0.081092 0.0839179 0.0865874 0.0890459 0.0912349 0.0930929 0.0945568 0.095564 0.0960558 0.095981 0.0953008 0.0939912 0.0920453 0.0894722 0.0862959 0.0825539 0.0782969 0.073591 0.0685189 0.0631793 0.0576808 0.0521317 0.0466307 0.0412621 0.0360993 0.0312109 0.0266635 0.0225136 0.0187943 0.0155079 0.0126335 0.0101454 0.00802529 0.0062595 0.00482643 0.00368748 0.00279033 0.00208135 0.00151757 0.00107095 0.000724826 0.000467118 0.000285246 0.000164568 8.95734e-05 4.59775e-05 2.22615e-05 1.01738e-05 4.39169e-06 1.7898e-06 6.82266e-07 2.25647e-07 
0 5.46426e-07 1.60643e-06 4.03015e-06 9.44602e-06 2.08812e-05 4.35496e-05 8.56402e-05 0.000158738 0.000277407 0.000457665 0.000714805 0.00106202 0.00151182 0.00208135 0.00279956 0.00371123 0.00487249 0.0063379 0.00814693 0.010321 0.0128741 0.0158273 0.0192096 0.0230426 0.0273194 0.0319991 0.0370193 0.0423116 0.0478072 0.0534286 0.0590817 0.0646561 0.0700338 0.0751025 0.0797644 0.0839392 0.087562 0.0905814 0.0929595 0.0946742 0.095722 0.0961198 0.0959029 0.0951215 0.0938357 0.092111 0.0900143 0.087612 0.0849684 0.0821453 0.0792005 0.0761875 0.0731538 0.0701405 0.0671811 0.0643019 0.061522 0.0588542 0.056306 0.0538806 0.0515779 0.0493954 0.0473288 0.0453727 0.0435207 0.0417661 0.0401016 0.0385201 0.0370145 0.035578 0.0342044 0.0328878 0.0316231 0.0304061 0.029233 0.028101 0.027008 0.0259526 0.0249338 0.0239514 0.0230056 0.0220969 0.0212261 0.0203943 0.019603 0.0188533 0.018147 0.0174854 0.0168702 0.0163028 0.0157846 0.0153171 0.0149015 0.0145388 0.0142302 0.0139765 0.0137784 0.0136365 0.0135512 0.0135227 0.0135512 0.0136365 0.0137784 0.0139765 0.0142302 0.0145388 0.0149015 0.0153171 0.0157846 0.0163028 0.0168702 0.0174854 0.018147 0.0188533 0.019603 0.0203943 0.0212261 0.0220969 0.0230056 0.0239514 0.0249338 0.0259526 0.027008 0.028101 0.029233 0.0304061 0.0316231 0.0328878 0.0342044 0.035578 0.0370145 0.0385201 0.0401016 0.0417661 0.0435207 0.0453727 0.0473288 0.0493954 0.0515779 0.0538806 0.056306 0.0588542 0.061522 0.0643019 0.0671811 0.0701405 0.0731538 0.0761875 0.0792005 0.0821453 0.0849684 0.087612 0.0900143 0.092111 0.0938357 0.0951215 0.0959029 0.0961198 0.095722 0.0946742 0.0929595 0.0905814 0.087562 0.0839392 0.0797644 0.0751025 0.0700338 0.0646561 0.0590817 0.0534286 0.0478072 0.0423116 0.0370193 0.0319991 0.0273194 0.0230426 0.0192096 0.0158273 0.0128741 0.010321 0.00814693 0.0063379 0.00487249 0.00371123 0.00279956 0.00208135 0.00151182 0.00106202 0.000714805 0.000457665 0.000277407 0.000158738 8.56401e-05 4.35494e-05 2.08807e-05 9.44493e-06 4.02865e-06 1.60805e-06 5.69208e-07 
0 1.26265e-06 3.58702e-06 8.62165e-06 1.93002e-05 4.06841e-05 8.08192e-05 0.000151257 0.000266749 0.000443785 0.000698345 0.00104431 0.00149467 0.00206685 0.00279033 0.00371123 0.00488794 0.00637745 0.00822066 0.0104393 0.0130479 0.0160699 0.0195376 0.0234728 0.0278644 0.0326643 0.0378053 0.0432186 0.048835 0.0545711 0.0603212 0.0659628 0.071371 0.0764325 0.0810512 0.0851476 0.0886548 0.0915187 0.093701 0.095184 0.095973 0.0960961 0.0955997 0.0945425 0.0929908 0.0910143 0.0886836 0.0860694 0.0832411 0.0802655 0.0772044 0.0741137 0.0710411 0.0680254 0.065097 0.0622777 0.0595825 0.0570204 0.054596 0.0523101 0.0501609 0.0481445 0.046255 0.0444856 0.0428282 0.0412742 0.0398145 0.0384403 0.0371428 0.0359137 0.0347456 0.0336317 0.0325661 0.0315439 0.030561 0.029614 0.0287005 0.0278185 0.0269669 0.0261447 0.0253517 0.024588 0.0238538 0.0231499 0.0224771 0.0218364 0.0212289 0.0206559 0.0201186 0.0196184 0.0191565 0.0187343 0.0183528 0.0180134 0.0177169 0.0174644 0.0172567 0.0170944 0.0169781 0.0169082 0.0168848 0.0169082 0.0169781 0.0170944 0.0172567 0.0174644 0.0177169 0.0180134 0.0183528 0.0187343 0.0191565 0.0196184 0.0201186 0.0206559 0.0212289 0.0218364 0.0224771 0.0231499 0.0238538 0.024588 0.0253517 0.0261447 0.0269669 0.0278185 0.0287005 0.029614 0.030561 0.0315439 0.0325661 0.0336317 0.0347456 0.0359137 0.0371428 0.0384403 0.0398145 0.0412742 0.0428282 0.0444856 0.046255 0.0481445 0.0501609 0.0523101 0.054596 0.0570204 0.0595825 0.0622777 0.065097 0.0680254 0.0710411 0.0741137 0.0772044 0.0802655 0.0832411 0.0860694 0.0886836 0.0910143 0.0929908 0.0945425 0.0955997 0.0960961 0.095973 0.095184 0.093701 0.0915187 0.0886548 0.0851476 0.0810512 0.0764325 0.071371 0.0659628 0.0603212 0.0545711 0.048835 0.0432186 0.0378053 0.0326643 0.0278644 0.0234728 0.0195376 0.0160699 0.0130479 0.0104393 0.00822066 0.00637745 0.00488794 0.00371123 0.00279033 0.00206685 0.00149467 0.00104431 0.000698345 0.000443785 0.000266749 0.000151257 8.08188e-05 4.06833e-05 1.92992e-05 8.6239e-06 3.60935e-06 1.36902e-06 
0 2.77449e-06 7.61762e-06 1.75353e-05 3.74673e-05 7.52666e-05 0.000142356 0.000253576 0.000425829 0.000675803 0.00101815 0.00146639 0.00203808 0.0027628 0.00368748 0.00487249 0.00637745 0.00824536 0.0104988 0.013153 0.0162331 0.0197745 0.0237997 0.0282935 0.0332016 0.0384531 0.0439797 0.0497111 0.0555562 0.0613965 0.0670985 0.0725337 0.0775893 0.0821703 0.0861946 0.0895909 0.0923019 0.0942915 0.0955493 0.0960917 0.0959571 0.0952001 0.093885 0.0920816 0.089864 0.0873082 0.0844914 0.0814893 0.0783737 0.075209 0.0720509 0.0689446 0.0659256 0.0630202 0.060247 0.0576184 0.0551415 0.0528194 0.0506513 0.0486339 0.0467611 0.0450249 0.0434158 0.0419232 0.0405364 0.0392445 0.0380373 0.0369052 0.0358396 0.0348326 0.0338777 0.032969 0.0321017 0.0312716 0.0304752 0.0297098 0.028973 0.0282631 0.0275788 0.026919 0.0262832 0.0256713 0.0250831 0.0245191 0.0239798 0.0234659 0.0229782 0.0225178 0.0220856 0.0216828 0.0213105 0.0209697 0.0206616 0.0203871 0.0201472 0.0199428 0.0197744 0.0196428 0.0195485 0.0194918 0.0194728 0.0194918 0.0195485 0.0196428 0.0197744 0.0199428 0.0201472 0.0203871 0.0206616 0.0209697 0.0213105 0.0216828 0.0220856 0.0225178 0.0229782 0.0234659 0.0239798 0.0245191 0.0250831 0.0256713 0.0262832 0.026919 0.0275788 0.0282631 0.028973 0.0297098 0.0304752 0.0312716 0.0321017 0.032969 0.0338777 0.0348326 0.0358396 0.0369052 0.0380373 0.0392445 0.0405364 0.0419232 0.0434158 0.0450249 0.0467611 0.0486339 0.0506513 0.0528194 0.0551415 0.0576184 0.060247 0.0630202 0.0659256 0.0689446 0.0720509 0.075209 0.0783737 0.0814893 0.0844914 0.0873082 0.089864 0.0920816 0.093885 0.0952001 0.0959571 0.0960917 0.0955493 0.0942915 0.0923019 0.0895909 0.0861946 0.0821703 0.0775893 0.0725337 0.0670985 0.0613965 0.0555562 0.0497111 0.0439797 0.0384531 0.0332016 0.0282935 0.0237997 0.0197745 0.0162331 0.013153 0.0104988 0.00824536 0.00637745 0.00487249 0.00368748 0.0027628 0.00203808 0.00146639 0.00101815 0.000675803 0.000425829 0.000253575 0.000142356 7.5266e-05 3.74699e-05 1.75565e-05 7.71555e-06 3.13912e-06 
0 5.79604e-06 1.53843e-05 3.391e-05 6.91275e-05 0.000132296 0.000238254 0.000404246 0.00064767 0.000984036 0.00142744 0.00199548 0.00271742 0.00364042 0.00482643 0.0063379 0.00822066 0.0104988 0.0131881 0.0163152 0.0199177 0.0240195 0.0286027 0.0336074 0.0389598 0.044592 0.0504324 0.056381 0.0623057 0.0680643 0.0735267 0.0785821 0.0831334 0.0870928 0.0903832 0.0929463 0.0947511 0.0957974 0.0961118 0.0957402 0.0947421 0.093185 0.0911435 0.0886976 0.0859317 0.0829302 0.0797746 0.0765387 0.0732867 0.0700713 0.0669346 0.0639089 0.0610185 0.0582807 0.0557067 0.0533027 0.05107 0.0490059 0.0471038 0.0453547 0.0437474 0.0422699 0.0409097 0.0396548 0.0384937 0.0374161 0.0364124 0.0354744 0.0345947 0.0337665 0.0329843 0.0322428 0.0315376 0.0308649 0.0302211 0.0296037 0.0290102 0.0284388 0.0278882 0.0273573 0.0268457 0.026353 0.0258792 0.0254246 0.0249897 0.0245751 0.0241815 0.0238098 0.0234607 0.0231354 0.0228346 0.0225593 0.0223103 0.0220885 0.0218946 0.0217294 0.0215933 0.021487 0.0214107 0.0213648 0.0213495 0.0213648 0.0214107 0.021487 0.0215933 0.0217294 0.0218946 0.0220885 0.0223103 0.0225593 0.0228346 0.0231354 0.0234607 0.0238098 0.0241815 0.0245751 0.0249897 0.0254246 0.0258792 0.026353 0.0268457 0.0273573 0.0278882 0.0284388 0.0290102 0.0296037 0.0302211 0.0308649 0.0315376 0.0322428 0.0329843 0.0337665 0.0345947 0.0354744 0.0364124 0.0374161 0.0384937 0.0396548 0.0409097 0.0422699 0.0437474 0.0453547 0.0471038 0.0490059 0.05107 0.0533027 0.0557067 0.0582807 0.0610185 0.0639089 0.0669346 0.0700713 0.0732867 0.0765387 0.0797746 0.0829302 0.0859317 0.0886976 0.0911435 0.093185 0.0947421 0.0957402 0.0961118 0.0957974 0.0947511 0.0929463 0.0903832 0.0870928 0.0831334 0.0785821 0.0735267 0.0680643 0.0623057 0.056381 0.0504324 0.044592 0.0389598 0.0336074 0.0286027 0.0240195 0.0199177 0.0163152 0.0131881 0.0104988 0.00822066 0.0063379 0.00482643 0.00364042 0.00271742 0.00199548 0.00142744 0.000984036 0.00064767 0.000404245 0.000238254 0.000132299 6.91471e-05 3.39982e-05 1.57113e-05 6.86235e-06 
