0 0 0 0 0 0 0 0 0 0 0 0 0 0 0 0 0 0 0 0 0 0 0 0 0 0 0 0 0 0 0 0 0 0 0 0 0 0 0 0 0 0 0 0 0 0 0 0 0 0 0 0 0 0 0 0 0 0 0 0 0 0 0 0 0 0 0 0 0 0 0 0 0 0 0 0 0 0 0 0 0 0 0 0 0 0 0 0 0 0 0 0 0 0 0 0 0 0 0 0 0 0 0 0 0 0 0 0 0 0 0 0 0 0 0 0 0 0 0 0 0 0 0 0 0 0 0 0 0 0 0 0 0 0 0 0 0 0 0 0 0 0 0 0 0 0 0 0 0 0 0 0 0 0 0 0 0 0 0 0 0 0 0 0 0 0 0 0 0 0 0 0 0 0 0 0 0 0 0 0 0 0 0 0 0 0 0 0 0 0 0 0 0 0 0 0 0 0 0 0 
0 1.39299e-54 8.86531e-53 4.74836e-51 2.18474e-49 8.76992e-48 3.10892e-46 9.82865e-45 2.7934e-43 7.18514e-42 1.68211e-40 3.6015e-39 7.08162e-38 1.28342e-36 2.15062e-35 3.34138e-34 4.82524e-33 6.49068e-32 8.14857e-31 9.56415e-30 1.05113e-28 1.08324e-27 1.04806e-26 9.53096e-26 8.15492e-25 6.57109e-24 4.9906e-23 3.57519e-22 2.41757e-21 1.54408e-20 9.32031e-20 5.31985e-19 2.87278e-18 1.46843e-17 7.10819e-17 3.26005e-16 1.41727e-15 5.8432e-15 2.28578e-14 8.48843e-14 2.99415e-13 1.00377e-12 3.20029e-12 9.7108e-12 2.80652e-11 7.73218e-11 2.03266e-10 5.10382e-10 1.22539e-09 2.81653e-09 6.20522e-09 1.31214e-08 2.66672e-08 5.21645e-08 9.8357e-08 1.79026e-07 3.15033e-07 5.36759e-07 8.86811e-07 1.42282e-06 2.22003e-06 3.37343e-06 4.99896e-06 7.23364e-06 1.02342e-05 1.41745e-05 1.92408e-05 2.56265e-05 3.35252e-05 4.31232e-05 5.4592e-05 6.80809e-05 8.37097e-05 0.000101563 0.000121687 0.000144084 0.000168711 0.000195482 0.000224266 0.00025489 0.000287144 0.000320781 0.000355527 0.000391079 0.000427115 0.0004633 0.000499284 0.000534715 0.000569241 0.000602514 0.000634194 0.000663955 0.00069149 0.000716512 0.000738758 0.000757996 0.000774021 0.000786665 0.000795793 0.000801309 0.000803154 0.000801309 0.000795793 0.000786665 0.000774021 0.000757996 0.000738758 0.000716512 0.00069149 0.000663955 0.000634194 0.000602514 0.000569241 0.000534715 0.000499284 0.0004633 0.000427115 0.000391079 0.000355527 0.000320781 0.000287144 0.00025489 0.000224266 0.000195482 0.000168711 0.000144084 0.000121687 0.000101563 8.37097e-05 6.80809e-05 5.4592e-05 4.31232e-05 3.35252e-05 2.56265e-05 1.92408e-05 1.41745e-05 1.02342e-05 7.23364e-06 4.99896e-06 3.37343e-06 2.22003e-06 1.42282e-06 8.86811e-07 5.36759e-07 3.15033e-07 1.79026e-07 9.8357e-08 5.21645e-08 2.66672e-08 1.31214e-08 6.20522e-09 2.81653e-09 1.22539e-09 5.10382e-10 2.03266e-10 7.73218e-11 2.80652e-11 9.7108e-12 3.20029e-12 1.00377e-12 2.99415e-13 8.48843e-14 2.28578e-14 5.8432e-15 1.41727e-15 3.26005e-16 7.10819e-17 1.46843e-17 2.87278e-18 5.31985e-19 9.32031e-20 1.54408e-20 2.41757e-21 3.57519e-22 4.9906e-23 6.57109e-24 8.15492e-25 9.53096e-26 1.04806e-26 1.08324e-27 1.05113e-28 9.56415e-30 8.14857e-31 6.49068e-32 4.82524e-33 3.34138e-34 2.15062e-35 1.28342e-36 7.08162e-38 3.6015e-39 1.68211e-40 7.18514e-42 2.7934e-43 9.82865e-45 3.10892e-46 8.76992e-48 2.18474e-49 4.74836e-51 8.86443e-53 7.10166e-55 
0 8.86531e-53 4.79813e-51 2.23061e-49 9.0482e-48 3.2417e-46 1.03587e-44 2.9761e-43 7.73936e-42 1.83203e-40 3.9667e-39 7.88858e-38 1.44615e-36 2.45155e-35 3.85382e-34 5.6316e-33 7.66665e-32 9.7422e-31 1.15755e-29 1.28802e-28 1.34405e-27 1.31692e-26 1.21295e-25 1.05127e-24 8.58158e-24 6.60337e-23 4.79335e-22 3.28463e-21 2.1261e-20 1.30071e-19 7.5251e-19 4.11906e-18 2.13425e-17 1.04725e-16 4.8687e-16 2.14546e-15 8.96545e-15 3.55441e-14 1.33758e-13 4.78028e-13 1.62336e-12 5.2417e-12 1.61033e-11 4.71051e-11 1.31306e-10 3.49102e-10 8.86137e-10 2.14976e-09 4.99024e-09 1.10975e-08 2.36741e-08 4.85127e-08 9.56297e-08 1.81603e-07 3.32734e-07 5.89081e-07 1.00929e-06 1.67603e-06 2.70161e-06 4.23329e-06 6.45765e-06 9.60332e-06 1.39415e-05 1.97836e-05 2.74763e-05 3.73931e-05 4.99239e-05 6.54616e-05 8.4388e-05 0.000107059 0.00013379 0.000164843 0.000200414 0.000240623 0.00028551 0.000335029 0.000389047 0.000447345 0.000509621 0.000575496 0.000644517 0.00071617 0.000789883 0.000865041 0.000940987 0.00101704 0.00109249 0.00116664 0.00123877 0.00130817 0.00137417 0.00143611 0.00149337 0.00154536 0.00159155 0.00163148 0.00166473 0.00169095 0.00170988 0.00172132 0.00172514 0.00172132 0.00170988 0.00169095 0.00166473 0.00163148 0.00159155 0.00154536 0.00149337 0.00143611 0.00137417 0.00130817 0.00123877 0.00116664 0.00109249 0.00101704 0.000940987 0.000865041 0.000789883 0.00071617 0.000644517 0.000575496 0.000509621 0.000447345 0.000389047 0.000335029 0.00028551 0.000240623 0.000200414 0.000164843 0.00013379 0.000107059 8.4388e-05 6.54616e-05 4.99239e-05 3.73931e-05 2.74763e-05 1.97836e-05 1.39415e-05 9.60332e-06 6.45765e-06 4.23329e-06 2.70161e-06 1.67603e-06 1.00929e-06 5.89081e-07 3.32734e-07 1.81603e-07 9.56297e-08 4.85127e-08 2.36741e-08 1.10975e-08 4.99024e-09 2.14976e-09 8.86137e-10 3.49102e-10 1.31306e-10 4.71051e-11 1.61033e-11 5.2417e-12 1.62336e-12 4.78028e-13 1.33758e-13 3.55441e-14 8.96545e-15 2.14546e-15 4.8687e-16 1.04725e-16 2.13425e-17 4.11906e-18 7.5251e-19 1.30071e-19 2.1261e-20 3.28463e-21 4.79335e-22 6.60337e-23 8.58158e-24 1.05127e-24 1.21295e-25 1.31692e-26 1.34405e-27 1.28802e-28 1.15755e-29 9.7422e-31 7.66665e-32 5.6316e-33 3.85382e-34 2.45155e-35 1.44615e-36 7.88858e-38 3.9667e-39 1.83203e-40 7.73936e-42 2.9761e-43 1.03587e-44 3.2417e-46 9.0482e-48 2.23061e-49 4.79746e-51 4.56176e-53 
0 4.74836e-51 2.23061e-49 9.14139e-48 3.30915e-46 1.06853e-44 3.10248e-43 8.15439e-42 1.95114e-40 4.2707e-39 8.58671e-38 1.59163e-36 2.72846e-35 4.33769e-34 6.41108e-33 8.82837e-32 1.13488e-30 1.36423e-29 1.53591e-28 1.62178e-27 1.60806e-26 1.49896e-25 1.31489e-24 1.08642e-23 8.4621e-23 6.21798e-22 4.31329e-21 2.82633e-20 1.75041e-19 1.02514e-18 5.68024e-18 2.9791e-17 1.47954e-16 6.96106e-16 3.10391e-15 1.31222e-14 5.2621e-14 2.00243e-13 7.2345e-13 2.48278e-12 8.09827e-12 2.51213e-11 7.41631e-11 2.08527e-10 5.58903e-10 1.42927e-09 3.49093e-09 8.15274e-09 1.82274e-08 3.90626e-08 8.03541e-08 1.58885e-07 3.02436e-07 5.55031e-07 9.83579e-07 1.68573e-06 2.79855e-06 4.50733e-06 7.05361e-06 1.07414e-05 1.59406e-05 2.30866e-05 3.26753e-05 4.52544e-05 6.14089e-05 8.17445e-05 0.000106867 0.00013736 0.000173767 0.000216564 0.000266147 0.000322814 0.000386753 0.000458033 0.000536601 0.00062228 0.000714767 0.000813643 0.000918375 0.00102833 0.00114276 0.00126086 0.00138172 0.0015044 0.00162788 0.00175111 0.00187301 0.00199249 0.00210848 0.00221988 0.00232565 0.00242477 0.0025163 0.00259934 0.00267306 0.00273674 0.00278974 0.00283153 0.00286169 0.0028799 0.00288599 0.0028799 0.00286169 0.00283153 0.00278974 0.00273674 0.00267306 0.00259934 0.0025163 0.00242477 0.00232565 0.00221988 0.00210848 0.00199249 0.00187301 0.00175111 0.00162788 0.0015044 0.00138172 0.00126086 0.00114276 0.00102833 0.000918375 0.000813643 0.000714767 0.00062228 0.000536601 0.000458033 0.000386753 0.000322814 0.000266147 0.000216564 0.000173767 0.00013736 0.000106867 8.17445e-05 6.14089e-05 4.52544e-05 3.26753e-05 2.30866e-05 1.59406e-05 1.07414e-05 7.05361e-06 4.50733e-06 2.79855e-06 1.68573e-06 9.83579e-07 5.55031e-07 3.02436e-07 1.58885e-07 8.03541e-08 3.90626e-08 1.82274e-08 8.15274e-09 3.49093e-09 1.42927e-09 5.58903e-10 2.08527e-10 7.41631e-11 2.51213e-11 8.09827e-12 2.48278e-12 7.2345e-13 2.00243e-13 5.2621e-14 1.31222e-14 3.10391e-15 6.96106e-16 1.47954e-16 2.9791e-17 5.68024e-18 1.02514e-18 1.75041e-19 2.82633e-20 4.31329e-21 6.21798e-22 8.4621e-23 1.08642e-23 1.31489e-24 1.49896e-25 1.60806e-26 1.62178e-27 1.53591e-28 1.36423e-29 1.13488e-30 8.82837e-32 6.41108e-33 4.33769e-34 2.72846e-35 1.59163e-36 8.58671e-38 4.2707e-39 1.95114e-40 8.15439e-42 3.10248e-43 1.06853e-44 3.30915e-46 9.14138e-48 2.23019e-49 2.46645e-51 
0 2.18474e-49 9.0482e-48 3.30915e-46 1.07964e-44 3.16765e-43 8.41396e-42 2.0348e-40 4.50194e-39 9.15039e-38 1.71479e-36 2.97224e-35 4.77823e-34 7.14208e-33 9.94719e-32 1.29341e-30 1.57283e-29 1.79146e-28 1.91388e-27 1.92019e-26 1.81126e-25 1.60791e-24 1.34456e-23 1.05995e-22 7.88328e-22 5.53512e-21 3.67122e-20 2.30143e-19 1.36428e-18 7.6513e-18 4.0614e-17 2.04129e-16 9.71831e-16 4.3843e-15 1.87499e-14 7.6042e-14 2.92579e-13 1.06845e-12 3.705e-12 1.22059e-11 3.82252e-11 1.13868e-10 3.22874e-10 8.72149e-10 2.24624e-09 5.5215e-09 1.29675e-08 2.91316e-08 6.26795e-08 1.29338e-07 2.56323e-07 4.88597e-07 8.97198e-07 1.58959e-06 2.72168e-06 4.51069e-06 7.24775e-06 1.13086e-05 1.71609e-05 2.53668e-05 3.65789e-05 5.15306e-05 7.1019e-05 9.58827e-05 0.000126975 0.000165137 0.000211164 0.00026578 0.000329616 0.000403181 0.000486851 0.000580856 0.000685275 0.000800026 0.000924874 0.00105943 0.00120316 0.00135537 0.00151526 0.00168189 0.00185419 0.00203101 0.00221108 0.00239308 0.00257558 0.00275713 0.00293623 0.00311137 0.00328103 0.00344369 0.00359791 0.00374225 0.00387538 0.00399604 0.00410308 0.00419549 0.00427235 0.00433293 0.00437663 0.00440303 0.00441185 0.00440303 0.00437663 0.00433293 0.00427235 0.00419549 0.00410308 0.00399604 0.00387538 0.00374225 0.00359791 0.00344369 0.00328103 0.00311137 0.00293623 0.00275713 0.00257558 0.00239308 0.00221108 0.00203101 0.00185419 0.00168189 0.00151526 0.00135537 0.00120316 0.00105943 0.000924874 0.000800026 0.000685275 0.000580856 0.000486851 0.000403181 0.000329616 0.00026578 0.000211164 0.000165137 0.000126975 9.58827e-05 7.1019e-05 5.15306e-05 3.65789e-05 2.53668e-05 1.71609e-05 1.13086e-05 7.24775e-06 4.51069e-06 2.72168e-06 1.58959e-06 8.97198e-07 4.88597e-07 2.56323e-07 1.29338e-07 6.26795e-08 2.91316e-08 1.29675e-08 5.5215e-09 2.24624e-09 8.72149e-10 3.22874e-10 1.13868e-10 3.82252e-11 1.22059e-11 3.705e-12 1.06845e-12 2.92579e-13 7.6042e-14 1.87499e-14 4.3843e-15 9.71831e-16 2.04129e-16 4.0614e-17 7.6513e-18 1.36428e-18 2.30143e-19 3.67122e-20 5.53512e-21 7.88328e-22 1.05995e-22 1.34456e-23 1.60791e-24 1.81126e-25 1.92019e-26 1.91388e-27 1.79146e-28 1.57283e-29 1.29341e-30 9.94719e-32 7.14208e-33 4.77823e-34 2.97224e-35 1.71479e-36 9.15039e-38 4.50194e-39 2.0348e-40 8.41396e-42 3.16765e-43 1.07964e-44 3.30915e-46 9.04601e-48 1.14574e-49 
0 8.76992e-48 3.2417e-46 1.06853e-44 3.16765e-43 8.50231e-42 2.07796e-40 4.64664e-39 9.54651e-38 1.80853e-36 3.16922e-35 5.15147e-34 7.78622e-33 1.09669e-31 1.44224e-30 1.77396e-29 2.04395e-28 2.2091e-27 2.24242e-26 2.14022e-25 1.92253e-24 1.62687e-23 1.29792e-22 9.76951e-22 6.94246e-21 4.66044e-20 2.95696e-19 1.77411e-18 1.00699e-17 5.40952e-17 2.75135e-16 1.3254e-15 6.04937e-15 2.61691e-14 1.07333e-13 4.17546e-13 1.54123e-12 5.40013e-12 1.79686e-11 5.68098e-11 1.70758e-10 4.8828e-10 1.32926e-09 3.44791e-09 8.5293e-09 2.0143e-08 4.54651e-08 9.81994e-08 2.03231e-07 4.03584e-07 7.70174e-07 1.41458e-06 2.50467e-06 4.28218e-06 7.08099e-06 1.13438e-05 1.76353e-05 2.66487e-05 3.92046e-05 5.62404e-05 7.87908e-05 0.000107959 0.000144883 0.000190697 0.000246492 0.000313281 0.000391965 0.000483307 0.00058791 0.00070621 0.000838461 0.000984734 0.00114492 0.00131873 0.0015057 0.00170519 0.00191639 0.00213833 0.00236989 0.00260978 0.00285658 0.00310871 0.00336449 0.00362213 0.00387973 0.00413532 0.00438689 0.0046324 0.00486979 0.00509704 0.00531217 0.00551327 0.00569854 0.0058663 0.006015 0.00614326 0.00624989 0.00633388 0.00639445 0.00643103 0.00644326 0.00643103 0.00639445 0.00633388 0.00624989 0.00614326 0.006015 0.0058663 0.00569854 0.00551327 0.00531217 0.00509704 0.00486979 0.0046324 0.00438689 0.00413532 0.00387973 0.00362213 0.00336449 0.00310871 0.00285658 0.00260978 0.00236989 0.00213833 0.00191639 0.00170519 0.0015057 0.00131873 0.00114492 0.000984734 0.000838461 0.00070621 0.00058791 0.000483307 0.000391965 0.000313281 0.000246492 0.000190697 0.000144883 0.000107959 7.87908e-05 5.62404e-05 3.92046e-05 2.66487e-05 1.76353e-05 1.13438e-05 7.08099e-06 4.28218e-06 2.50467e-06 1.41458e-06 7.70174e-07 4.03584e-07 2.03231e-07 9.81994e-08 4.54651e-08 2.0143e-08 8.5293e-09 3.44791e-09 1.32926e-09 4.8828e-10 1.70758e-10 5.68098e-11 1.79686e-11 5.40013e-12 1.54123e-12 4.17546e-13 1.07333e-13 2.61691e-14 6.04937e-15 1.3254e-15 2.75135e-16 5.40952e-17 1.00699e-17 1.77411e-18 2.95696e-19 4.66044e-20 6.94246e-21 9.76951e-22 1.29792e-22 1.62687e-23 1.92253e-24 2.14022e-25 2.24242e-26 2.2091e-27 2.04395e-28 1.77396e-29 1.44224e-30 1.09669e-31 7.78622e-33 5.15147e-34 3.16922e-35 1.80853e-36 9.54651e-38 4.64664e-39 2.07796e-40 8.50231e-42 3.16765e-43 1.06853e-44 3.24072e-46 4.64412e-48 
0 3.10892e-46 1.03587e-44 3.10248e-43 8.41396e-42 2.07796e-40 4.69589e-39 9.75093e-38 1.86721e-36 3.30771e-35 5.43572e-34 8.30702e-33 1.18314e-31 1.5735e-30 1.95744e-29 2.28123e-28 2.49405e-27 2.56114e-26 2.47307e-25 2.24772e-24 1.92461e-23 1.55375e-22 1.18351e-21 8.51124e-21 5.78226e-20 3.7129e-19 2.25446e-18 1.295e-17 7.03991e-17 3.62316e-16 1.76595e-15 8.15416e-15 3.568e-14 1.47996e-13 5.82096e-13 2.17174e-12 7.6886e-12 2.58399e-11 8.24779e-11 2.50156e-10 7.21387e-10 1.97925e-09 5.17055e-09 1.28722e-08 3.05683e-08 6.93198e-08 1.50289e-07 3.11919e-07 6.20595e-07 1.18541e-06 2.17723e-06 3.85141e-06 6.5727e-06 1.08397e-05 1.73058e-05 2.67927e-05 4.02936e-05 5.89642e-05 8.40996e-05 0.0001171 0.000159427 0.000212554 0.000277913 0.000356853 0.000450594 0.000560199 0.000686551 0.00083034 0.000992056 0.00117199 0.00137024 0.0015867 0.00182108 0.0020729 0.00234146 0.00262589 0.0029251 0.0032378 0.00356248 0.00389744 0.00424078 0.00459041 0.00494406 0.00529931 0.00565364 0.0060044 0.0063489 0.00668442 0.00700824 0.00731767 0.00761011 0.00788306 0.00813416 0.00836124 0.00856228 0.00873552 0.00887942 0.0089927 0.00907434 0.00912363 0.0091401 0.00912363 0.00907434 0.0089927 0.00887942 0.00873552 0.00856228 0.00836124 0.00813416 0.00788306 0.00761011 0.00731767 0.00700824 0.00668442 0.0063489 0.0060044 0.00565364 0.00529931 0.00494406 0.00459041 0.00424078 0.00389744 0.00356248 0.0032378 0.0029251 0.00262589 0.00234146 0.0020729 0.00182108 0.0015867 0.00137024 0.00117199 0.000992056 0.00083034 0.000686551 0.000560199 0.000450594 0.000356853 0.000277913 0.000212554 0.000159427 0.0001171 8.40996e-05 5.89642e-05 4.02936e-05 2.67927e-05 1.73058e-05 1.08397e-05 6.5727e-06 3.85141e-06 2.17723e-06 1.18541e-06 6.20595e-07 3.11919e-07 1.50289e-07 6.93198e-08 3.05683e-08 1.28722e-08 5.17055e-09 1.97925e-09 7.21387e-10 2.50156e-10 8.24779e-11 2.58399e-11 7.6886e-12 2.17174e-12 5.82096e-13 1.47996e-13 3.568e-14 8.15416e-15 1.76595e-15 3.62316e-16 7.03991e-17 1.295e-17 2.25446e-18 3.7129e-19 5.78226e-20 8.51124e-21 1.18351e-21 1.55375e-22 1.92461e-23 2.24772e-24 2.47307e-25 2.56114e-26 2.49405e-27 2.28123e-28 1.95744e-29 1.5735e-30 1.18314e-31 8.30702e-33 5.43572e-34 3.30771e-35 1.86721e-36 9.75093e-38 4.69589e-39 2.07796e-40 8.41396e-42 3.10248e-43 1.03548e-44 1.66268e-46 
0 9.82865e-45 2.9761e-43 8.15439e-42 2.0348e-40 4.64664e-39 9.75093e-38 1.88718e-36 3.3792e-35 5.61372e-34 8.67337e-33 1.24902e-31 1.6797e-30 2.11312e-29 2.49066e-28 2.75422e-27 2.86095e-26 2.79467e-25 2.56972e-24 2.2262e-23 1.81847e-22 1.40159e-21 1.01997e-20 7.01208e-20 4.55642e-19 2.79972e-18 1.62741e-17 8.9522e-17 4.66187e-16 2.29891e-15 1.07385e-14 4.75271e-14 1.9936e-13 7.92783e-13 2.98963e-12 1.06946e-11 3.63039e-11 1.16991e-10 3.58061e-10 1.04136e-09 2.87966e-09 7.57677e-09 1.89834e-08 4.53319e-08 1.03281e-07 2.24757e-07 4.67768e-07 9.32327e-07 1.78224e-06 3.27268e-06 5.78226e-06 9.84672e-06 1.61901e-05 2.57484e-05 3.96806e-05 5.93629e-05 8.63656e-05 0.000122411 0.00016932 0.000228945 0.000303111 0.000393548 0.000501848 0.000629424 0.000777493 0.000947061 0.00113893 0.00135369 0.00159175 0.0018533 0.00213838 0.00244678 0.0027781 0.00313171 0.0035067 0.00390192 0.00431593 0.00474697 0.005193 0.00565169 0.00612044 0.00659638 0.00707641 0.00755729 0.00803558 0.00850777 0.0089703 0.0094196 0.00985213 0.0102645 0.0106532 0.0110153 0.0113478 0.0116479 0.0119132 0.0121414 0.0123308 0.0124797 0.012587 0.0126517 0.0126733 0.0126517 0.012587 0.0124797 0.0123308 0.0121414 0.0119132 0.0116479 0.0113478 0.0110153 0.0106532 0.0102645 0.00985213 0.0094196 0.0089703 0.00850777 0.00803558 0.00755729 0.00707641 0.00659638 0.00612044 0.00565169 0.005193 0.00474697 0.00431593 0.00390192 0.0035067 0.00313171 0.0027781 0.00244678 0.00213838 0.0018533 0.00159175 0.00135369 0.00113893 0.000947061 0.000777493 0.000629424 0.000501848 0.000393548 0.000303111 0.000228945 0.00016932 0.000122411 8.63656e-05 5.93629e-05 3.96806e-05 2.57484e-05 1.61901e-05 9.84672e-06 5.78226e-06 3.27268e-06 1.78224e-06 9.32327e-07 4.67768e-07 2.24757e-07 1.03281e-07 4.53319e-08 1.89834e-08 7.57677e-09 2.87966e-09 1.04136e-09 3.58061e-10 1.16991e-10 3.63039e-11 1.06946e-11 2.98963e-12 7.92783e-13 1.9936e-13 4.75271e-14 1.07385e-14 2.29891e-15 4.66187e-16 8.9522e-17 1.62741e-17 2.79972e-18 4.55642e-19 7.01208e-20 1.01997e-20 1.40159e-21 1.81847e-22 2.2262e-23 2.56972e-24 2.79467e-25 2.86095e-26 2.75422e-27 2.49066e-28 2.11312e-29 1.6797e-30 1.24902e-31 8.67337e-33 5.61372e-34 3.3792e-35 1.88718e-36 9.75093e-38 4.64664e-39 2.0348e-40 8.15438e-42 2.97476e-43 5.30953e-45 
0 2.7934e-43 7.73936e-42 1.95114e-40 4.50194e-39 9.54651e-38 1.86721e-36 3.3792e-35 5.67433e-34 8.86253e-33 1.29029e-31 1.75444e-30 2.23182e-29 2.66021e-28 2.97512e-27 3.12578e-26 3.08854e-25 2.87288e-24 2.51787e-23 2.08084e-22 1.62272e-21 1.19485e-20 8.3118e-20 5.46513e-19 3.39799e-18 1.99861e-17 1.11243e-16 5.86127e-16 2.9242e-15 1.38176e-14 6.18548e-14 2.62383e-13 1.05493e-12 4.02106e-12 1.45347e-11 4.98367e-11 1.6215e-10 5.00815e-10 1.46903e-09 4.09457e-09 1.08513e-08 2.73631e-08 6.5709e-08 1.5041e-07 3.28541e-07 6.85635e-07 1.36888e-06 2.61844e-06 4.80622e-06 8.47956e-06 1.44049e-05 2.36051e-05 3.73823e-05 5.73209e-05 8.52655e-05 0.000123275 0.000173555 0.000238377 0.000319997 0.000420578 0.00054213 0.000686467 0.000855193 0.0010497 0.00127117 0.0015206 0.00179883 0.00210651 0.00244414 0.00281201 0.00321018 0.00363846 0.00409634 0.00458297 0.00509709 0.00563704 0.00620072 0.00678561 0.00738878 0.00800689 0.00863627 0.00927296 0.00991274 0.0105512 0.0111839 0.0118061 0.0124134 0.0130012 0.0135652 0.014101 0.0146048 0.0150726 0.015501 0.0158868 0.0162271 0.0165194 0.0167615 0.0169517 0.0170886 0.0171711 0.0171987 0.0171711 0.0170886 0.0169517 0.0167615 0.0165194 0.0162271 0.0158868 0.015501 0.0150726 0.0146048 0.014101 0.0135652 0.0130012 0.0124134 0.0118061 0.0111839 0.0105512 0.00991274 0.00927296 0.00863627 0.00800689 0.00738878 0.00678561 0.00620072 0.00563704 0.00509709 0.00458297 0.00409634 0.00363846 0.00321018 0.00281201 0.00244414 0.00210651 0.00179883 0.0015206 0.00127117 0.0010497 0.000855193 0.000686467 0.00054213 0.000420578 0.000319997 0.000238377 0.000173555 0.000123275 8.52655e-05 5.73209e-05 3.73823e-05 2.36051e-05 1.44049e-05 8.47956e-06 4.80622e-06 2.61844e-06 1.36888e-06 6.85635e-07 3.28541e-07 1.5041e-07 6.5709e-08 2.73631e-08 1.08513e-08 4.09457e-09 1.46903e-09 5.00815e-10 1.6215e-10 4.98367e-11 1.45347e-11 4.02106e-12 1.05493e-12 2.62383e-13 6.18548e-14 1.38176e-14 2.9242e-15 5.86127e-16 1.11243e-16 1.99861e-17 3.39799e-18 5.46513e-19 8.3118e-20 1.19485e-20 1.62272e-21 2.08084e-22 2.51787e-23 2.87288e-24 3.08854e-25 3.12578e-26 2.97512e-27 2.66021e-28 2.23182e-29 1.75444e-30 1.29029e-31 8.86253e-33 5.67433e-34 3.3792e-35 1.86721e-36 9.54651e-38 4.50194e-39 1.95114e-40 7.73521e-42 1.52452e-43 
0 7.18514e-42 1.83203e-40 4.2707e-39 9.15039e-38 1.80853e-36 3.30771e-35 5.61372e-34 8.86253e-33 1.30434e-31 1.79304e-30 2.3062e-29 2.77958e-28 3.14363e-27 3.3403e-26 3.33823e-25 3.14087e-24 2.7846e-23 2.32807e-22 1.83675e-21 1.36833e-20 9.63075e-20 6.40712e-19 4.03075e-18 2.39878e-17 1.3509e-16 7.20125e-16 3.63461e-15 1.7373e-14 7.86597e-14 3.37425e-13 1.37162e-12 5.28463e-12 1.93023e-11 6.68539e-11 2.19627e-10 6.84585e-10 2.02545e-09 5.69072e-09 1.51916e-08 3.85581e-08 9.31176e-08 2.14161e-07 4.69553e-07 9.82579e-07 1.96496e-06 3.76069e-06 6.89903e-06 1.21519e-05 2.0588e-05 3.36133e-05 5.29879e-05 8.08119e-05 0.000119477 0.000171589 0.000239866 0.000327033 0.00043573 0.000568427 0.000727389 0.000914656 0.00113206 0.00138125 0.00166374 0.00198092 0.00233407 0.00272435 0.00315275 0.00362006 0.00412674 0.00467289 0.00525814 0.0058816 0.00654181 0.00723669 0.00796357 0.00871918 0.00949969 0.0103008 0.0111177 0.0119454 0.0127784 0.0136112 0.0144381 0.0152534 0.0160515 0.0168268 0.0175739 0.0182878 0.0189634 0.0195962 0.0201819 0.0207167 0.0211969 0.0216196 0.0219819 0.0222815 0.0225165 0.0226854 0.0227872 0.0228212 0.0227872 0.0226854 0.0225165 0.0222815 0.0219819 0.0216196 0.0211969 0.0207167 0.0201819 0.0195962 0.0189634 0.0182878 0.0175739 0.0168268 0.0160515 0.0152534 0.0144381 0.0136112 0.0127784 0.0119454 0.0111177 0.0103008 0.00949969 0.00871918 0.00796357 0.00723669 0.00654181 0.0058816 0.00525814 0.00467289 0.00412674 0.00362006 0.00315275 0.00272435 0.00233407 0.00198092 0.00166374 0.00138125 0.00113206 0.000914656 0.000727389 0.000568427 0.00043573 0.000327033 0.000239866 0.000171589 0.000119477 8.08119e-05 5.29879e-05 3.36133e-05 2.0588e-05 1.21519e-05 6.89903e-06 3.76069e-06 1.96496e-06 9.82579e-07 4.69553e-07 2.14161e-07 9.31176e-08 3.85581e-08 1.51916e-08 5.69072e-09 2.02545e-09 6.84585e-10 2.19627e-10 6.68539e-11 1.93023e-11 5.28463e-12 1.37162e-12 3.37425e-13 7.86597e-14 1.7373e-14 3.63461e-15 7.20125e-16 1.3509e-16 2.39878e-17 4.03075e-18 6.40712e-19 9.63075e-20 1.36833e-20 1.83675e-21 2.32807e-22 2.7846e-23 3.14087e-24 3.33823e-25 3.3403e-26 3.14363e-27 2.77958e-28 2.3062e-29 1.79304e-30 1.30434e-31 8.86253e-33 5.61372e-34 3.30771e-35 1.80853e-36 9.15039e-38 4.27069e-39 1.83088e-40 3.9623e-42 
0 1.68211e-40 3.9667e-39 8.58671e-38 1.71479e-36 3.16922e-35 5.43572e-34 8.67337e-33 1.29029e-31 1.79304e-30 2.33154e-29 2.84126e-28 3.24927e-27 3.49141e-26 3.5288e-25 3.35807e-24 3.01137e-23 2.54676e-22 2.03262e-21 1.53192e-20 1.09083e-19 7.34222e-19 4.6733e-18 2.81386e-17 1.60324e-16 8.64632e-16 4.41471e-15 2.13452e-14 9.77476e-14 4.24025e-13 1.74271e-12 6.78695e-12 2.50504e-11 8.7645e-11 2.9074e-10 9.14661e-10 2.7298e-09 7.73191e-09 2.07936e-08 5.31262e-08 1.29039e-07 2.98208e-07 6.56323e-07 1.37718e-06 2.75858e-06 5.28215e-06 9.68369e-06 1.7026e-05 2.8762e-05 4.67734e-05 7.33727e-05 0.00011126 0.000163435 0.000233081 0.000323425 0.000437618 0.000578638 0.000749234 0.000951926 0.00118904 0.00146275 0.00177519 0.00212843 0.00252455 0.0029656 0.00345352 0.00399003 0.00457652 0.00521393 0.00590258 0.0066421 0.00743134 0.0082683 0.00915017 0.0100733 0.0110334 0.0120253 0.0130435 0.0140818 0.0151337 0.0161927 0.0172518 0.018304 0.0193427 0.0203609 0.0213522 0.0223103 0.0232291 0.024103 0.0249267 0.0256952 0.0264041 0.0270493 0.0276271 0.0281343 0.0285682 0.0289264 0.029207 0.0294084 0.0295297 0.0295702 0.0295297 0.0294084 0.029207 0.0289264 0.0285682 0.0281343 0.0276271 0.0270493 0.0264041 0.0256952 0.0249267 0.024103 0.0232291 0.0223103 0.0213522 0.0203609 0.0193427 0.018304 0.0172518 0.0161927 0.0151337 0.0140818 0.0130435 0.0120253 0.0110334 0.0100733 0.00915017 0.0082683 0.00743134 0.0066421 0.00590258 0.00521393 0.00457652 0.00399003 0.00345352 0.0029656 0.00252455 0.00212843 0.00177519 0.00146275 0.00118904 0.000951926 0.000749234 0.000578638 0.000437618 0.000323425 0.000233081 0.000163435 0.00011126 7.33727e-05 4.67734e-05 2.8762e-05 1.7026e-05 9.68369e-06 5.28215e-06 2.75858e-06 1.37718e-06 6.56323e-07 2.98208e-07 1.29039e-07 5.31262e-08 2.07936e-08 7.73191e-09 2.7298e-09 9.14661e-10 2.9074e-10 8.7645e-11 2.50504e-11 6.78695e-12 1.74271e-12 4.24025e-13 9.77476e-14 2.13452e-14 4.41471e-15 8.64632e-16 1.60324e-16 2.81386e-17 4.6733e-18 7.34222e-19 1.09083e-19 1.53192e-20 2.03262e-21 2.54676e-22 3.01137e-23 3.35807e-24 3.5288e-25 3.49141e-26 3.24927e-27 2.84126e-28 2.33154e-29 1.79304e-30 1.29029e-31 8.67337e-33 5.43572e-34 3.16922e-35 1.71479e-36 8.5867e-38 3.9638e-39 9.3747e-41 
0 3.6015e-39 7.88858e-38 1.59163e-36 2.97224e-35 5.15147e-34 8.30702e-33 1.24902e-31 1.75444e-30 2.3062e-29 2.84126e-28 3.28527e-27 3.5695e-26 3.64831e-25 3.51112e-24 3.18453e-23 2.7241e-22 2.19924e-21 1.6767e-20 1.20782e-19 8.22449e-19 5.29604e-18 3.22611e-17 1.8596e-16 1.01457e-15 5.24035e-15 2.5629e-14 1.18703e-13 5.20722e-13 2.16382e-12 8.51833e-12 3.1773e-11 1.12303e-10 3.76198e-10 1.1946e-09 3.59679e-09 1.02713e-08 2.78309e-08 7.15857e-08 1.74898e-07 4.06181e-07 8.97449e-07 1.88843e-06 3.78891e-06 7.25842e-06 1.3297e-05 2.33338e-05 3.92961e-05 6.36378e-05 9.93128e-05 0.000149689 0.000218409 0.000309226 0.00042584 0.000571771 0.000750291 0.000964429 0.00121703 0.00151086 0.00184872 0.00223349 0.00266823 0.00315606 0.00370011 0.00430333 0.00496829 0.005697 0.00649067 0.00734961 0.00827306 0.00925916 0.010305 0.0114064 0.0125586 0.0137556 0.0149908 0.016257 0.0175467 0.018852 0.0201646 0.0214766 0.0227797 0.024066 0.0253277 0.0265575 0.0277481 0.0288929 0.0299854 0.03102 0.031991 0.0328936 0.0337234 0.0344762 0.0351485 0.0357373 0.0362399 0.0366541 0.0369781 0.0372105 0.0373504 0.037397 0.0373504 0.0372105 0.0369781 0.0366541 0.0362399 0.0357373 0.0351485 0.0344762 0.0337234 0.0328936 0.031991 0.03102 0.0299854 0.0288929 0.0277481 0.0265575 0.0253277 0.024066 0.0227797 0.0214766 0.0201646 0.018852 0.0175467 0.016257 0.0149908 0.0137556 0.0125586 0.0114064 0.010305 0.00925916 0.00827306 0.00734961 0.00649067 0.005697 0.00496829 0.00430333 0.00370011 0.00315606 0.00266823 0.00223349 0.00184872 0.00151086 0.00121703 0.000964429 0.000750291 0.000571771 0.00042584 0.000309226 0.000218409 0.000149689 9.93128e-05 6.36378e-05 3.92961e-05 2.33338e-05 1.3297e-05 7.25842e-06 3.78891e-06 1.88843e-06 8.97449e-07 4.06181e-07 1.74898e-07 7.15857e-08 2.78309e-08 1.02713e-08 3.59679e-09 1.1946e-09 3.76198e-10 1.12303e-10 3.1773e-11 8.51833e-12 2.16382e-12 5.20722e-13 1.18703e-13 2.5629e-14 5.24035e-15 1.01457e-15 1.8596e-16 3.22611e-17 5.29604e-18 8.22449e-19 1.20782e-19 1.6767e-20 2.19924e-21 2.7241e-22 3.18453e-23 3.51112e-24 3.64831e-25 3.5695e-26 3.28527e-27 2.84126e-28 2.3062e-29 1.75444e-30 1.24902e-31 8.30702e-33 5.15147e-34 2.97224e-35 1.59163e-36 7.88196e-38 2.02891e-39 
0 7.08162e-38 1.44615e-36 2.72846e-35 4.77823e-34 7.78622e-33 1.18314e-31 1.6797e-30 2.23182e-29 2.77958e-28 3.24927e-27 3.5695e-26 3.68904e-25 3.59024e-24 3.29315e-23 2.84911e-22 2.32652e-21 1.79417e-20 1.30738e-19 9.00574e-19 5.86656e-18 3.61525e-17 2.10816e-16 1.16354e-15 6.07929e-15 3.00737e-14 1.40876e-13 6.24952e-13 2.62574e-12 1.04492e-11 3.93887e-11 1.40654e-10 4.75842e-10 1.52533e-09 4.63366e-09 1.33428e-08 3.64303e-08 9.43505e-08 2.31906e-07 5.41306e-07 1.20082e-06 2.53415e-06 5.09322e-06 9.7619e-06 1.78696e-05 3.1295e-05 5.25341e-05 8.47062e-05 0.000131483 0.000196941 0.000285364 0.000401032 0.000548047 0.00073024 0.000951167 0.00121421 0.00152272 0.00188022 0.0022905 0.00275768 0.00328618 0.00388054 0.0045452 0.00528419 0.00610082 0.00699741 0.00797508 0.00903357 0.0101712 0.0113848 0.0126701 0.0140212 0.0154316 0.0168936 0.0183989 0.0199386 0.0215038 0.0230848 0.0246724 0.0262571 0.0278296 0.0293811 0.0309028 0.0323865 0.0338243 0.035209 0.0365335 0.0377918 0.0389779 0.0400866 0.0411134 0.0420539 0.0429045 0.0436621 0.0443239 0.0448876 0.0453513 0.0457135 0.045973 0.046129 0.0461811 0.046129 0.045973 0.0457135 0.0453513 0.0448876 0.0443239 0.0436621 0.0429045 0.0420539 0.0411134 0.0400866 0.0389779 0.0377918 0.0365335 0.035209 0.0338243 0.0323865 0.0309028 0.0293811 0.0278296 0.0262571 0.0246724 0.0230848 0.0215038 0.0199386 0.0183989 0.0168936 0.0154316 0.0140212 0.0126701 0.0113848 0.0101712 0.00903357 0.00797508 0.00699741 0.00610082 0.00528419 0.0045452 0.00388054 0.00328618 0.00275768 0.0022905 0.00188022 0.00152272 0.00121421 0.000951167 0.00073024 0.000548047 0.000401032 0.000285364 0.000196941 0.000131483 8.47062e-05 5.25341e-05 3.1295e-05 1.78696e-05 9.7619e-06 5.09322e-06 2.53415e-06 1.20082e-06 5.41306e-07 2.31906e-07 9.43505e-08 3.64303e-08 1.33428e-08 4.63366e-09 1.52533e-09 4.75842e-10 1.40654e-10 3.93887e-11 1.04492e-11 2.62574e-12 6.24952e-13 1.40876e-13 3.00737e-14 6.07929e-15 1.16354e-15 2.10816e-16 3.61525e-17 5.86656e-18 9.00574e-19 1.30738e-19 1.79417e-20 2.32652e-21 2.84911e-22 3.29315e-23 3.59024e-24 3.68904e-25 3.5695e-26 3.24927e-27 2.77958e-28 2.23182e-29 1.6797e-30 1.18314e-31 7.78622e-33 4.77823e-34 2.72845e-35 1.44476e-36 4.03339e-38 
0 1.28342e-36 2.45155e-35 4.33769e-34 7.14208e-33 1.09669e-31 1.5735e-30 2.11312e-29 2.66021e-28 3.14363e-27 3.49141e-26 3.64831e-25 3.59024e-24 3.33017e-23 2.91374e-22 2.40638e-21 1.877e-20 1.38346e-19 9.63983e-19 6.35229e-18 3.95995e-17 2.33594e-16 1.30418e-15 6.89278e-15 3.44895e-14 1.63402e-13 7.33052e-13 3.11415e-12 1.25281e-11 4.77292e-11 1.72204e-10 5.8841e-10 1.90423e-09 5.83722e-09 1.69512e-08 4.66446e-08 1.21657e-07 3.00876e-07 7.05975e-07 1.57268e-06 3.32901e-06 6.70306e-06 1.28547e-05 2.35138e-05 4.10962e-05 6.87602e-05 0.000110374 0.000170381 0.000253573 0.000364833 0.000508889 0.000690167 0.000912775 0.00118062 0.00149762 0.001868 0.00229646 0.00278829 0.00334934 0.00398578 0.00470379 0.00550911 0.00640662 0.00739996 0.00849121 0.00968072 0.010967 0.012347 0.0138156 0.0153667 0.0169926 0.0186848 0.0204338 0.0222297 0.0240619 0.02592 0.027793 0.0296702 0.031541 0.0333951 0.0352224 0.0370134 0.0387591 0.0404509 0.042081 0.0436421 0.0451276 0.0465317 0.0478491 0.049075 0.0502056 0.0512372 0.0521669 0.0529923 0.0537113 0.0543223 0.0548238 0.0552149 0.0554947 0.0556628 0.0557189 0.0556628 0.0554947 0.0552149 0.0548238 0.0543223 0.0537113 0.0529923 0.0521669 0.0512372 0.0502056 0.049075 0.0478491 0.0465317 0.0451276 0.0436421 0.042081 0.0404509 0.0387591 0.0370134 0.0352224 0.0333951 0.031541 0.0296702 0.027793 0.02592 0.0240619 0.0222297 0.0204338 0.0186848 0.0169926 0.0153667 0.0138156 0.012347 0.010967 0.00968072 0.00849121 0.00739996 0.00640662 0.00550911 0.00470379 0.00398578 0.00334934 0.00278829 0.00229646 0.001868 0.00149762 0.00118062 0.000912775 0.000690167 0.000508889 0.000364833 0.000253573 0.000170381 0.000110374 6.87602e-05 4.10962e-05 2.35138e-05 1.28547e-05 6.70306e-06 3.32901e-06 1.57268e-06 7.05975e-07 3.00876e-07 1.21657e-07 4.66446e-08 1.69512e-08 5.83722e-09 1.90423e-09 5.8841e-10 1.72204e-10 4.77292e-11 1.25281e-11 3.11415e-12 7.33052e-13 1.63402e-13 3.44895e-14 6.89278e-15 1.30418e-15 2.33594e-16 3.95995e-17 6.35229e-18 9.63983e-19 1.38346e-19 1.877e-20 2.40638e-21 2.91374e-22 3.33017e-23 3.59024e-24 3.64831e-25 3.49141e-26 3.14363e-27 2.66021e-28 2.11312e-29 1.5735e-30 1.09669e-31 7.14208e-33 4.33768e-34 2.4489e-35 7.39187e-37 
0 2.15062e-35 3.85382e-34 6.41108e-33 9.94719e-32 1.44224e-30 1.95744e-29 2.49066e-28 2.97512e-27 3.3403e-26 3.5288e-25 3.51112e-24 3.29315e-23 2.91374e-22 2.43361e-21 1.91983e-20 1.43122e-19 1.00871e-18 6.72359e-18 4.2398e-17 2.52992e-16 1.42879e-15 7.63837e-15 3.86586e-14 1.85241e-13 8.40406e-13 3.61e-12 1.46821e-11 5.65355e-11 2.06108e-10 7.11377e-10 2.32452e-09 7.19123e-09 2.1064e-08 5.84252e-08 1.53487e-07 3.82027e-07 9.01265e-07 2.01653e-06 4.28236e-06 8.63988e-06 1.65805e-05 3.03094e-05 5.28674e-05 8.81631e-05 0.00014088 0.000216256 0.000319769 0.000456816 0.000632479 0.000851445 0.00111813 0.00143699 0.00181283 0.00225122 0.00275862 0.00334238 0.00401047 0.00477102 0.00563177 0.00659942 0.00767916 0.00887424 0.0101858 0.0116126 0.0131516 0.0147975 0.0165434 0.0183811 0.0203009 0.0222925 0.0243448 0.0264461 0.0285843 0.0307472 0.0329226 0.0350982 0.0372621 0.0394026 0.0415086 0.0435695 0.0455754 0.0475173 0.0493868 0.0511765 0.0528797 0.0544906 0.0560044 0.0574168 0.0587243 0.0599241 0.0610139 0.061992 0.062857 0.063608 0.0642442 0.0647652 0.0651706 0.0654603 0.0656342 0.0656922 0.0656342 0.0654603 0.0651706 0.0647652 0.0642442 0.063608 0.062857 0.061992 0.0610139 0.0599241 0.0587243 0.0574168 0.0560044 0.0544906 0.0528797 0.0511765 0.0493868 0.0475173 0.0455754 0.0435695 0.0415086 0.0394026 0.0372621 0.0350982 0.0329226 0.0307472 0.0285843 0.0264461 0.0243448 0.0222925 0.0203009 0.0183811 0.0165434 0.0147975 0.0131516 0.0116126 0.0101858 0.00887424 0.00767916 0.00659942 0.00563177 0.00477102 0.00401047 0.00334238 0.00275862 0.00225122 0.00181283 0.00143699 0.00111813 0.000851445 0.000632479 0.000456816 0.000319769 0.000216256 0.00014088 8.81631e-05 5.28674e-05 3.03094e-05 1.65805e-05 8.63988e-06 4.28236e-06 2.01653e-06 9.01265e-07 3.82027e-07 1.53487e-07 5.84252e-08 2.1064e-08 7.19123e-09 2.32452e-09 7.11377e-10 2.06108e-10 5.65355e-11 1.46821e-11 3.61e-12 8.40406e-13 1.85241e-13 3.86586e-14 7.63837e-15 1.42879e-15 2.52992e-16 4.2398e-17 6.72359e-18 1.00871e-18 1.43122e-19 1.91983e-20 2.43361e-21 2.91374e-22 3.29315e-23 3.51112e-24 3.5288e-25 3.3403e-26 2.97512e-27 2.49066e-28 1.95744e-29 1.44224e-30 9.94719e-32 6.41105e-33 3.84915e-34 1.25282e-35 
0 3.34138e-34 5.6316e-33 8.82837e-32 1.29341e-30 1.77396e-29 2.28123e-28 2.75422e-27 3.12578e-26 3.33823e-25 3.35807e-24 3.18453e-23 2.84911e-22 2.40638e-21 1.91983e-20 1.4475e-19 1.03184e-18 6.95666e-18 4.43723e-17 2.67822e-16 1.52998e-15 8.27338e-15 4.23525e-14 2.05254e-13 9.4173e-13 4.09046e-12 1.68194e-11 6.54648e-11 2.41176e-10 8.40918e-10 2.77482e-09 8.66475e-09 2.56041e-08 7.16002e-08 1.89503e-07 4.74794e-07 1.12648e-06 2.53211e-06 5.39588e-06 1.09105e-05 2.09563e-05 3.82891e-05 6.66594e-05 0.000110802 0.000176259 0.000269051 0.00039527 0.000560724 0.000770748 0.00103029 0.00134422 0.00171785 0.00215744 0.00267049 0.00326584 0.00395333 0.00474325 0.00564558 0.00666914 0.00782095 0.00910569 0.0105254 0.0120795 0.0137649 0.0155763 0.0175064 0.0195463 0.0216859 0.0239138 0.0262179 0.0285852 0.0310022 0.0334551 0.0359296 0.0384118 0.0408874 0.0433428 0.0457647 0.0481409 0.0504595 0.0527099 0.0548826 0.0569691 0.058962 0.0608551 0.0626432 0.0643224 0.0658892 0.0673415 0.0686774 0.0698962 0.0709972 0.0719804 0.072846 0.0735945 0.0742264 0.0747423 0.0751429 0.0754286 0.0755998 0.0756569 0.0755998 0.0754286 0.0751429 0.0747423 0.0742264 0.0735945 0.072846 0.0719804 0.0709972 0.0698962 0.0686774 0.0673415 0.0658892 0.0643224 0.0626432 0.0608551 0.058962 0.0569691 0.0548826 0.0527099 0.0504595 0.0481409 0.0457647 0.0433428 0.0408874 0.0384118 0.0359296 0.0334551 0.0310022 0.0285852 0.0262179 0.0239138 0.0216859 0.0195463 0.0175064 0.0155763 0.0137649 0.0120795 0.0105254 0.00910569 0.00782095 0.00666914 0.00564558 0.00474325 0.00395333 0.00326584 0.00267049 0.00215744 0.00171785 0.00134422 0.00103029 0.000770748 0.000560724 0.00039527 0.000269051 0.000176259 0.000110802 6.66594e-05 3.82891e-05 2.09563e-05 1.09105e-05 5.39588e-06 2.53211e-06 1.12648e-06 4.74794e-07 1.89503e-07 7.16002e-08 2.56041e-08 8.66475e-09 2.77482e-09 8.40918e-10 2.41176e-10 6.54648e-11 1.68194e-11 4.09046e-12 9.4173e-13 2.05254e-13 4.23525e-14 8.27338e-15 1.52998e-15 2.67822e-16 4.43723e-17 6.95666e-18 1.03184e-18 1.4475e-19 1.91983e-20 2.40638e-21 2.84911e-22 3.18453e-23 3.35807e-24 3.33823e-25 3.12578e-26 2.75422e-27 2.28123e-28 1.77396e-29 1.29341e-30 8.82833e-32 5.62398e-33 1.96918e-34 
0 4.82524e-33 7.66665e-32 1.13488e-30 1.57283e-29 2.04395e-28 2.49405e-27 2.86095e-26 3.08854e-25 3.14087e-24 3.01137e-23 2.7241e-22 2.32652e-21 1.877e-20 1.43122e-19 1.03184e-18 7.03612e-18 4.53935e-17 2.77133e-16 1.60136e-15 8.75889e-15 4.53517e-14 2.22297e-13 1.03148e-12 4.53054e-12 1.8835e-11 7.41075e-11 2.75919e-10 9.72001e-10 3.23934e-09 1.02117e-08 3.04476e-08 8.58605e-08 2.28995e-07 5.7769e-07 1.37877e-06 3.11439e-06 6.66157e-06 1.35031e-05 2.59649e-05 4.74262e-05 8.24239e-05 0.000136578 0.000216305 0.000328362 0.000479353 0.000675371 0.00092195 0.00122437 0.00158826 0.00202031 0.00252883 0.00312395 0.00381738 0.00462168 0.00554929 0.0066115 0.00781746 0.00917358 0.0106831 0.0123464 0.0141605 0.0161205 0.0182189 0.0204467 0.0227931 0.0252463 0.027793 0.0304191 0.0331094 0.0358481 0.0386187 0.0414044 0.0441888 0.0469552 0.049688 0.0523723 0.0549942 0.0575412 0.0600023 0.0623678 0.0646296 0.066781 0.0688169 0.0707334 0.0725277 0.0741983 0.0757446 0.0771667 0.0784654 0.079642 0.0806981 0.0816356 0.0824567 0.0831633 0.0837573 0.0842407 0.0846149 0.0848812 0.0850406 0.0850937 0.0850406 0.0848812 0.0846149 0.0842407 0.0837573 0.0831633 0.0824567 0.0816356 0.0806981 0.079642 0.0784654 0.0771667 0.0757446 0.0741983 0.0725277 0.0707334 0.0688169 0.066781 0.0646296 0.0623678 0.0600023 0.0575412 0.0549942 0.0523723 0.049688 0.0469552 0.0441888 0.0414044 0.0386187 0.0358481 0.0331094 0.0304191 0.027793 0.0252463 0.0227931 0.0204467 0.0182189 0.0161205 0.0141605 0.0123464 0.0106831 0.00917358 0.00781746 0.0066115 0.00554929 0.00462168 0.00381738 0.00312395 0.00252883 0.00202031 0.00158826 0.00122437 0.00092195 0.000675371 0.000479353 0.000328362 0.000216305 0.000136578 8.24239e-05 4.74262e-05 2.59649e-05 1.35031e-05 6.66157e-06 3.11439e-06 1.37877e-06 5.7769e-07 2.28995e-07 8.58605e-08 3.04476e-08 1.02117e-08 3.23934e-09 9.72001e-10 2.75919e-10 7.41075e-11 1.8835e-11 4.53054e-12 1.03148e-12 2.22297e-13 4.53517e-14 8.75889e-15 1.60136e-15 2.77133e-16 4.53935e-17 7.03612e-18 1.03184e-18 1.43122e-19 1.877e-20 2.32652e-21 2.7241e-22 3.01137e-23 3.14087e-24 3.08854e-25 2.86095e-26 2.49405e-27 2.04395e-28 1.57283e-29 1.13487e-30 7.65514e-32 2.87747e-33 
0 6.49068e-32 9.7422e-31 1.36423e-29 1.79146e-28 2.2091e-27 2.56114e-26 2.79467e-25 2.87288e-24 2.7846e-23 2.54676e-22 2.19924e-21 1.79417e-20 1.38346e-19 1.00871e-18 6.95666e-18 4.53935e-17 2.80308e-16 1.63829e-15 9.06372e-15 4.74678e-14 2.35326e-13 1.10433e-12 4.90516e-12 2.06194e-11 8.20167e-11 3.08645e-10 1.09866e-09 3.6985e-09 1.17724e-08 3.54247e-08 1.00759e-07 2.70869e-07 6.88223e-07 1.65285e-06 3.753e-06 8.06015e-06 1.63837e-05 3.15488e-05 5.76244e-05 9.99989e-05 0.000165217 0.000260557 0.000393431 0.00057083 0.000799028 0.00108376 0.00143083 0.00184709 0.00234125 0.00292437 0.00360981 0.0044124 0.00534727 0.00642846 0.00766766 0.0090734 0.0106506 0.0124005 0.0143213 0.0164082 0.0186544 0.0210507 0.0235865 0.0262494 0.0290254 0.031899 0.0348531 0.0378694 0.0409286 0.044011 0.0470965 0.0501653 0.0531986 0.0561786 0.0590887 0.0619144 0.0646427 0.0672628 0.0697657 0.0721444 0.0743937 0.0765099 0.0784911 0.0803367 0.0820471 0.083624 0.0850695 0.0863868 0.0875793 0.0886507 0.0896049 0.0904459 0.0911775 0.0918033 0.0923268 0.0927508 0.0930779 0.09331 0.0934487 0.0934949 0.0934487 0.09331 0.0930779 0.0927508 0.0923268 0.0918033 0.0911775 0.0904459 0.0896049 0.0886507 0.0875793 0.0863868 0.0850695 0.083624 0.0820471 0.0803367 0.0784911 0.0765099 0.0743937 0.0721444 0.0697657 0.0672628 0.0646427 0.0619144 0.0590887 0.0561786 0.0531986 0.0501653 0.0470965 0.044011 0.0409286 0.0378694 0.0348531 0.031899 0.0290254 0.0262494 0.0235865 0.0210507 0.0186544 0.0164082 0.0143213 0.0124005 0.0106506 0.0090734 0.00766766 0.00642846 0.00534727 0.0044124 0.00360981 0.00292437 0.00234125 0.00184709 0.00143083 0.00108376 0.000799028 0.00057083 0.000393431 0.000260557 0.000165217 9.99989e-05 5.76244e-05 3.15488e-05 1.63837e-05 8.06015e-06 3.753e-06 1.65285e-06 6.88223e-07 2.70869e-07 1.00759e-07 3.54247e-08 1.17724e-08 3.6985e-09 1.09866e-09 3.08645e-10 8.20167e-11 2.06194e-11 4.90516e-12 1.10433e-12 2.35326e-13 4.74678e-14 9.06372e-15 1.63829e-15 2.80308e-16 4.53935e-17 6.95666e-18 1.00871e-18 1.38346e-19 1.79417e-20 2.19924e-21 2.54676e-22 2.7846e-23 2.87288e-24 2.79467e-25 2.56114e-26 2.2091e-27 1.79146e-28 1.36422e-29 9.72606e-31 3.91756e-32 
