0 0 0 0 0 0 0 0 0 0 0 0 0 0 0 0 0 0 0 0 0 0 0 0 0 0 0 0 0 0 0 0 0 0 0 0 0 0 0 0 0 0 0 0 0 0 0 0 0 0 0 0 0 0 0 0 0 0 0 0 0 0 0 0 0 0 0 0 0 0 0 0 0 0 0 0 0 0 0 0 0 0 0 0 0 0 0 0 0 0 0 0 0 0 0 0 0 0 0 0 0 0 0 0 0 0 0 0 0 0 0 0 0 0 0 0 0 0 0 0 0 0 0 0 0 0 0 0 0 0 0 0 0 0 0 0 0 0 0 0 0 0 0 0 0 0 0 0 0 0 0 0 0 0 0 0 0 0 0 0 0 0 0 0 0 0 0 0 0 0 0 0 0 0 0 0 0 0 0 0 0 0 0 0 0 0 0 0 0 0 0 0 0 0 0 0 0 0 0 0 
0 1.45195e-29 1.57951e-28 1.61464e-27 1.56331e-26 1.43467e-25 1.24874e-24 1.03145e-23 8.08909e-23 6.0259e-22 4.26565e-21 2.87038e-20 1.83661e-19 1.11771e-18 6.4711e-18 3.56486e-17 1.86893e-16 9.32583e-16 4.4297e-15 2.00305e-14 8.62332e-14 3.53467e-13 1.37957e-12 5.1272e-12 1.81464e-11 6.11659e-11 1.96372e-10 6.00558e-10 1.74989e-09 4.85889e-09 1.28604e-08 3.24571e-08 7.81422e-08 1.79558e-07 3.9403e-07 8.26369e-07 1.65768e-06 3.18367e-06 5.86037e-06 1.03519e-05 1.7571e-05 2.87004e-05 4.51841e-05 6.86797e-05 0.000100972 0.00014386 0.000199027 0.000267937 0.00035176 0.000451361 0.000567352 0.000700197 0.000850353 0.00101841 0.00120522 0.00141193 0.00163998 0.00189104 0.00216682 0.00246894 0.00279869 0.00315686 0.00354363 0.00395841 0.00439988 0.00486597 0.00535397 0.00586061 0.00638223 0.00691492 0.00745465 0.00799739 0.00853925 0.00907655 0.00960591 0.0101242 0.0106288 0.0111172 0.0115874 0.0120378 0.012467 0.0128739 0.0132579 0.0136184 0.013955 0.0142679 0.014557 0.0148227 0.0150653 0.0152853 0.0154833 0.0156599 0.0158158 0.0159515 0.0160676 0.0161649 0.0162437 0.0163045 0.0163476 0.0163734 0.016382 0.0163734 0.0163476 0.0163045 0.0162437 0.0161649 0.0160676 0.0159515 0.0158158 0.0156599 0.0154833 0.0152853 0.0150653 0.0148227 0.014557 0.0142679 0.013955 0.0136184 0.0132579 0.0128739 0.012467 0.0120378 0.0115874 0.0111172 0.0106288 0.0101242 0.00960591 0.00907655 0.00853925 0.00799739 0.00745465 0.00691492 0.00638223 0.00586061 0.00535397 0.00486597 0.00439988 0.00395841 0.00354363 0.00315686 0.00279869 0.00246894 0.00216682 0.00189104 0.00163998 0.00141193 0.00120522 0.00101841 0.000850353 0.000700197 0.000567352 0.000451361 0.00035176 0.000267937 0.000199027 0.00014386 0.000100972 6.86797e-05 4.51841e-05 2.87004e-05 1.7571e-05 1.03519e-05 5.86037e-06 3.18367e-06 1.65768e-06 8.26369e-07 3.9403e-07 1.79558e-07 7.81422e-08 3.24571e-08 1.28604e-08 4.85889e-09 1.74989e-09 6.00558e-10 1.96372e-10 6.11659e-11 1.81464e-11 5.1272e-12 1.37957e-12 3.53467e-13 8.62332e-14 2.00305e-14 4.4297e-15 9.32583e-16 1.86893e-16 3.56486e-17 6.4711e-18 1.11771e-18 1.83661e-19 2.87038e-20 4.26565e-21 6.0259e-22 8.08909e-23 1.03145e-23 1.24874e-24 1.43467e-25 1.56331e-26 1.6146e-27 1.57406e-28 8.32112e-30 
0 1.57951e-28 1.64492e-27 1.61009e-26 1.49388e-25 1.31477e-24 1.09823e-23 8.71087e-23 6.56375e-22 4.7004e-21 3.20007e-20 2.07184e-19 1.27596e-18 7.47651e-18 4.16891e-17 2.21245e-16 1.11766e-15 5.37491e-15 2.46092e-14 1.07279e-13 4.45294e-13 1.76e-12 6.62417e-12 2.37424e-11 8.10432e-11 2.63476e-10 8.15913e-10 2.40704e-09 6.76616e-09 1.81269e-08 4.62981e-08 1.12779e-07 2.62137e-07 5.8172e-07 1.23336e-06 2.50039e-06 4.85156e-06 9.01944e-06 1.60854e-05 2.75568e-05 4.54168e-05 7.21278e-05 0.000110572 0.000163928 0.000235495 0.000328494 0.000445886 0.00059024 0.000763695 0.000968015 0.00120473 0.00147532 0.00178143 0.00212504 0.00250851 0.0029346 0.0034063 0.00392661 0.00449827 0.00512348 0.00580356 0.00653876 0.00732812 0.00816942 0.00905917 0.00999275 0.0109646 0.0119683 0.012997 0.0140434 0.0151003 0.0161603 0.0172165 0.0182622 0.0192912 0.0202978 0.021277 0.0222243 0.0231358 0.0240084 0.0248394 0.0256268 0.0263691 0.0270653 0.0277149 0.0283178 0.0288743 0.0293849 0.0298506 0.0302723 0.0306512 0.0309887 0.0312861 0.0315447 0.0317658 0.0319507 0.0321003 0.0322157 0.0322976 0.0323465 0.0323627 0.0323465 0.0322976 0.0322157 0.0321003 0.0319507 0.0317658 0.0315447 0.0312861 0.0309887 0.0306512 0.0302723 0.0298506 0.0293849 0.0288743 0.0283178 0.0277149 0.0270653 0.0263691 0.0256268 0.0248394 0.0240084 0.0231358 0.0222243 0.021277 0.0202978 0.0192912 0.0182622 0.0172165 0.0161603 0.0151003 0.0140434 0.012997 0.0119683 0.0109646 0.00999275 0.00905917 0.00816942 0.00732812 0.00653876 0.00580356 0.00512348 0.00449827 0.00392661 0.0034063 0.0029346 0.00250851 0.00212504 0.00178143 0.00147532 0.00120473 0.000968015 0.000763695 0.00059024 0.000445886 0.000328494 0.000235495 0.000163928 0.000110572 7.21278e-05 4.54168e-05 2.75568e-05 1.60854e-05 9.01944e-06 4.85156e-06 2.50039e-06 1.23336e-06 5.8172e-07 2.62137e-07 1.12779e-07 4.62981e-08 1.81269e-08 6.76616e-09 2.40704e-09 8.15913e-10 2.63476e-10 8.10432e-11 2.37424e-11 6.62417e-12 1.76e-12 4.45294e-13 1.07279e-13 2.46092e-14 5.37491e-15 1.11766e-15 2.21245e-16 4.16891e-17 7.47651e-18 1.27596e-18 2.07184e-19 3.20007e-20 4.7004e-21 6.56375e-22 8.71087e-23 1.09823e-23 1.31477e-24 1.49388e-25 1.61003e-26 1.63882e-27 9.16311e-29 
0 1.61464e-27 1.61009e-26 1.50909e-25 1.34165e-24 1.13214e-23 9.07212e-23 6.90655e-22 4.99718e-21 3.43752e-20 2.2488e-19 1.39942e-18 8.28574e-18 4.66846e-17 2.50344e-16 1.27782e-15 6.20883e-15 2.87199e-14 1.26476e-13 5.30272e-13 2.1167e-12 8.0445e-12 2.91086e-11 1.00285e-10 3.28972e-10 1.02758e-09 3.05665e-09 8.65978e-09 2.33713e-08 6.01011e-08 1.47317e-07 3.44336e-07 7.67893e-07 1.63491e-06 3.32587e-06 6.47056e-06 1.20524e-05 2.15202e-05 3.68866e-05 6.0789e-05 9.64869e-05 0.00014778 0.000218851 0.000314049 0.000437671 0.000593764 0.000786027 0.00101781 0.00129222 0.00161229 0.00198124 0.00240256 0.00288018 0.0034184 0.00402171 0.00469457 0.00544105 0.00626448 0.00716712 0.0081499 0.00921224 0.010352 0.0115654 0.0128474 0.0141914 0.0155899 0.0170345 0.0185161 0.0200253 0.0215523 0.0230875 0.0246213 0.0261446 0.0276484 0.0291246 0.0305655 0.0319643 0.033315 0.0346121 0.0358514 0.0370292 0.0381428 0.0391902 0.0401703 0.0410824 0.0419268 0.0427041 0.0434154 0.0440623 0.0446465 0.0451701 0.0456351 0.0460439 0.0463985 0.0467011 0.0469536 0.0471576 0.0473147 0.0474261 0.0474926 0.0475146 0.0474926 0.0474261 0.0473147 0.0471576 0.0469536 0.0467011 0.0463985 0.0460439 0.0456351 0.0451701 0.0446465 0.0440623 0.0434154 0.0427041 0.0419268 0.0410824 0.0401703 0.0391902 0.0381428 0.0370292 0.0358514 0.0346121 0.033315 0.0319643 0.0305655 0.0291246 0.0276484 0.0261446 0.0246213 0.0230875 0.0215523 0.0200253 0.0185161 0.0170345 0.0155899 0.0141914 0.0128474 0.0115654 0.010352 0.00921224 0.0081499 0.00716712 0.00626448 0.00544105 0.00469457 0.00402171 0.0034184 0.00288018 0.00240256 0.00198124 0.00161229 0.00129222 0.00101781 0.000786027 0.000593764 0.000437671 0.000314049 0.000218851 0.00014778 9.64869e-05 6.0789e-05 3.68866e-05 2.15202e-05 1.20524e-05 6.47056e-06 3.32587e-06 1.63491e-06 7.67893e-07 3.44336e-07 1.47317e-07 6.01011e-08 2.33713e-08 8.65978e-09 3.05665e-09 1.02758e-09 3.28972e-10 1.00285e-10 2.91086e-11 8.0445e-12 2.1167e-12 5.30272e-13 1.26476e-13 2.87199e-14 6.20883e-15 1.27782e-15 2.50344e-16 4.66846e-17 8.28574e-18 1.39942e-18 2.2488e-19 3.43752e-20 4.99718e-21 6.90655e-22 9.07212e-23 1.13214e-23 1.34165e-24 1.50903e-25 1.60367e-26 9.48593e-28 
0 1.56331e-26 1.49388e-25 1.34165e-24 1.14362e-23 9.25762e-23 7.12e-22 5.20462e-21 3.61719e-20 2.39083e-19 1.50323e-18 8.99273e-18 5.11934e-17 2.77363e-16 1.43033e-15 7.02117e-15 3.28081e-14 1.45936e-13 6.17949e-13 2.49085e-12 9.55731e-12 3.49066e-11 1.21354e-10 4.01578e-10 1.2649e-09 3.79256e-09 1.08249e-08 2.94165e-08 7.61218e-08 1.87627e-07 4.40659e-07 9.86587e-07 2.10693e-06 4.29501e-06 8.36498e-06 1.55817e-05 2.77943e-05 4.75458e-05 7.81261e-05 0.000123539 0.000188374 0.00027759 0.00039627 0.000549384 0.000741651 0.00097752 0.0012613 0.00159737 0.00199046 0.00244586 0.00296947 0.00356777 0.00424754 0.00501548 0.00587769 0.00683922 0.00790366 0.00907278 0.0103464 0.0117224 0.0131966 0.0147632 0.016415 0.0181433 0.0199386 0.0217905 0.023688 0.0256198 0.0275743 0.0295398 0.0315048 0.0334579 0.0353882 0.0372852 0.0391391 0.040941 0.0426829 0.0443576 0.0459592 0.0474827 0.0489244 0.0502816 0.0515523 0.0527361 0.0538328 0.0548435 0.0557696 0.0566134 0.0573773 0.0580643 0.0586774 0.0592198 0.0596947 0.0601053 0.0604545 0.0607451 0.0609793 0.0611593 0.0612867 0.0613626 0.0613878 0.0613626 0.0612867 0.0611593 0.0609793 0.0607451 0.0604545 0.0601053 0.0596947 0.0592198 0.0586774 0.0580643 0.0573773 0.0566134 0.0557696 0.0548435 0.0538328 0.0527361 0.0515523 0.0502816 0.0489244 0.0474827 0.0459592 0.0443576 0.0426829 0.040941 0.0391391 0.0372852 0.0353882 0.0334579 0.0315048 0.0295398 0.0275743 0.0256198 0.023688 0.0217905 0.0199386 0.0181433 0.016415 0.0147632 0.0131966 0.0117224 0.0103464 0.00907278 0.00790366 0.00683922 0.00587769 0.00501548 0.00424754 0.00356777 0.00296947 0.00244586 0.00199046 0.00159737 0.0012613 0.00097752 0.000741651 0.000549384 0.00039627 0.00027759 0.000188374 0.000123539 7.81261e-05 4.75458e-05 2.77943e-05 1.55817e-05 8.36498e-06 4.29501e-06 2.10693e-06 9.86587e-07 4.40659e-07 1.87627e-07 7.61218e-08 2.94165e-08 1.08249e-08 3.79256e-09 1.2649e-09 4.01578e-10 1.21354e-10 3.49066e-11 9.55731e-12 2.49085e-12 6.17949e-13 1.45936e-13 3.28081e-14 7.02117e-15 1.43033e-15 2.77363e-16 5.11934e-17 8.99273e-18 1.50323e-18 2.39083e-19 3.61719e-20 5.20462e-21 7.12e-22 9.25762e-23 1.14362e-23 1.34159e-24 1.48751e-25 9.30368e-27 
0 1.43467e-25 1.31477e-24 1.13214e-23 9.25762e-23 7.19259e-22 5.31153e-21 3.72944e-20 2.49044e-19 1.58205e-18 9.56211e-18 5.49978e-17 3.01054e-16 1.5685e-15 7.77832e-15 3.67163e-14 1.64969e-13 7.05511e-13 2.87174e-12 1.11251e-11 4.10158e-11 1.439e-10 4.804e-10 1.52602e-09 4.61238e-09 1.32647e-08 3.62995e-08 9.45331e-08 2.3433e-07 5.53035e-07 1.24315e-06 2.66297e-06 5.4396e-06 1.06044e-05 1.97499e-05 3.51834e-05 6.00392e-05 9.83081e-05 0.000154753 0.000234708 0.000343798 0.000487645 0.000671662 0.000900993 0.00118065 0.00151579 0.00191211 0.00237617 0.00291553 0.00353876 0.00425504 0.00507366 0.00600336 0.0070516 0.00822403 0.00952398 0.0109523 0.0125074 0.0141852 0.0159796 0.0178825 0.0198846 0.0219751 0.0241425 0.0263743 0.0286575 0.0309788 0.0333243 0.0356803 0.0380328 0.0403683 0.0426737 0.0449364 0.0471447 0.0492879 0.0513565 0.0533421 0.0552377 0.0570379 0.0587383 0.060336 0.0618294 0.0632182 0.0645028 0.0656849 0.0667669 0.0677517 0.0686431 0.0694449 0.0701614 0.070797 0.0713561 0.071843 0.0722618 0.0726163 0.07291 0.0731459 0.0733267 0.0734543 0.0735303 0.0735555 0.0735303 0.0734543 0.0733267 0.0731459 0.07291 0.0726163 0.0722618 0.071843 0.0713561 0.070797 0.0701614 0.0694449 0.0686431 0.0677517 0.0667669 0.0656849 0.0645028 0.0632182 0.0618294 0.060336 0.0587383 0.0570379 0.0552377 0.0533421 0.0513565 0.0492879 0.0471447 0.0449364 0.0426737 0.0403683 0.0380328 0.0356803 0.0333243 0.0309788 0.0286575 0.0263743 0.0241425 0.0219751 0.0198846 0.0178825 0.0159796 0.0141852 0.0125074 0.0109523 0.00952398 0.00822403 0.0070516 0.00600336 0.00507366 0.00425504 0.00353876 0.00291553 0.00237617 0.00191211 0.00151579 0.00118065 0.000900993 0.000671662 0.000487645 0.000343798 0.000234708 0.000154753 9.83081e-05 6.00392e-05 3.51834e-05 1.97499e-05 1.06044e-05 5.4396e-06 2.66297e-06 1.24315e-06 5.53035e-07 2.3433e-07 9.45331e-08 3.62995e-08 1.32647e-08 4.61238e-09 1.52602e-09 4.804e-10 1.439e-10 4.10158e-11 1.11251e-11 2.87174e-12 7.05511e-13 1.64969e-13 3.67163e-14 7.77832e-15 1.5685e-15 3.01054e-16 5.49978e-17 9.56211e-18 1.58205e-18 2.49044e-19 3.72944e-20 5.31153e-21 7.19259e-22 9.25762e-23 1.13208e-23 1.30878e-24 8.65164e-26 
0 1.24874e-24 1.09823e-23 9.07212e-23 7.12e-22 5.31153e-21 3.76762e-20 2.54179e-19 1.6313e-18 9.96151e-18 5.78866e-17 3.20135e-16 1.68508e-15 8.44219e-15 4.02564e-14 1.82705e-13 7.89183e-13 3.24405e-12 1.26894e-11 4.72277e-11 1.67227e-10 5.6328e-10 1.80471e-09 5.49948e-09 1.59382e-08 4.39296e-08 1.15156e-07 2.87128e-07 6.81092e-07 1.53747e-06 3.30418e-06 6.76438e-06 1.32018e-05 2.45864e-05 4.37457e-05 7.44709e-05 0.000121507 0.000190396 0.000287188 0.000418087 0.000589136 0.000806065 0.00107438 0.00139967 0.00178814 0.00224706 0.0027851 0.00341239 0.00414019 0.0049802 0.00594378 0.00704101 0.00827987 0.00966575 0.0112011 0.0128853 0.014715 0.0166844 0.0187857 0.0210089 0.0233429 0.0257753 0.0282922 0.0308792 0.0335208 0.036201 0.0389033 0.0416109 0.0443073 0.0469762 0.049602 0.05217 0.0546669 0.0570805 0.0594005 0.061618 0.0637258 0.0657185 0.0675924 0.0693452 0.0709763 0.0724862 0.0738767 0.0751506 0.0763117 0.0773642 0.0783132 0.0791641 0.0799223 0.0805937 0.0811839 0.0816985 0.0821429 0.0825221 0.0828408 0.0831031 0.0833125 0.0834723 0.0835846 0.0836513 0.0836734 0.0836513 0.0835846 0.0834723 0.0833125 0.0831031 0.0828408 0.0825221 0.0821429 0.0816985 0.0811839 0.0805937 0.0799223 0.0791641 0.0783132 0.0773642 0.0763117 0.0751506 0.0738767 0.0724862 0.0709763 0.0693452 0.0675924 0.0657185 0.0637258 0.061618 0.0594005 0.0570805 0.0546669 0.05217 0.049602 0.0469762 0.0443073 0.0416109 0.0389033 0.036201 0.0335208 0.0308792 0.0282922 0.0257753 0.0233429 0.0210089 0.0187857 0.0166844 0.014715 0.0128853 0.0112011 0.00966575 0.00827987 0.00704101 0.00594378 0.0049802 0.00414019 0.00341239 0.0027851 0.00224706 0.00178814 0.00139967 0.00107438 0.000806065 0.000589136 0.000418087 0.000287188 0.000190396 0.000121507 7.44709e-05 4.37457e-05 2.45864e-05 1.32018e-05 6.76438e-06 3.30418e-06 1.53747e-06 6.81092e-07 2.87128e-07 1.15156e-07 4.39296e-08 1.59382e-08 5.49948e-09 1.80471e-09 5.6328e-10 1.67227e-10 4.72277e-11 1.26894e-11 3.24405e-12 7.89183e-13 1.82705e-13 4.02564e-14 8.44219e-15 1.68508e-15 3.20135e-16 5.78866e-17 9.96151e-18 1.6313e-18 2.54179e-19 3.76762e-20 5.31153e-21 7.11999e-22 9.07156e-23 1.09289e-23 7.63292e-25 
0 1.03145e-23 8.71087e-23 6.90655e-22 5.20462e-21 3.72944e-20 2.54179e-19 1.64805e-18 1.01674e-17 5.96919e-17 3.33522e-16 1.77361e-15 8.97688e-15 4.32432e-14 1.98251e-13 8.64941e-13 3.59076e-12 1.41829e-11 5.3292e-11 1.90465e-10 6.47377e-10 2.0923e-09 6.42915e-09 1.87799e-08 5.21443e-08 1.37618e-07 3.45227e-07 8.23273e-07 1.86672e-06 4.02585e-06 8.26216e-06 1.61467e-05 3.00759e-05 5.34572e-05 9.0798e-05 0.000147639 0.000230307 0.000345523 0.000499981 0.000700046 0.000951718 0.00126092 0.00163408 0.00207879 0.00260435 0.00322201 0.00394469 0.00478627 0.00576059 0.00688027 0.00815572 0.00959442 0.0112005 0.0129748 0.0149149 0.0170158 0.0192702 0.0216685 0.0241996 0.0268506 0.0296072 0.0324534 0.0353719 0.0383442 0.0413509 0.0443721 0.0473878 0.050378 0.0533238 0.0562073 0.059012 0.0617234 0.0643286 0.0668171 0.0691803 0.0714118 0.0735071 0.0754638 0.077281 0.0789596 0.0805018 0.081911 0.0831919 0.0843496 0.0853904 0.0863208 0.0871477 0.0878783 0.0885197 0.0890791 0.0895635 0.0899795 0.0903334 0.090631 0.0908777 0.0910782 0.0912366 0.0913561 0.0914396 0.0914889 0.0915053 0.0914889 0.0914396 0.0913561 0.0912366 0.0910782 0.0908777 0.090631 0.0903334 0.0899795 0.0895635 0.0890791 0.0885197 0.0878783 0.0871477 0.0863208 0.0853904 0.0843496 0.0831919 0.081911 0.0805018 0.0789596 0.077281 0.0754638 0.0735071 0.0714118 0.0691803 0.0668171 0.0643286 0.0617234 0.059012 0.0562073 0.0533238 0.050378 0.0473878 0.0443721 0.0413509 0.0383442 0.0353719 0.0324534 0.0296072 0.0268506 0.0241996 0.0216685 0.0192702 0.0170158 0.0149149 0.0129748 0.0112005 0.00959442 0.00815572 0.00688027 0.00576059 0.00478627 0.00394469 0.00322201 0.00260435 0.00207879 0.00163408 0.00126092 0.000951718 0.000700046 0.000499981 0.000345523 0.000230307 0.000147639 9.0798e-05 5.34572e-05 3.00759e-05 1.61467e-05 8.26216e-06 4.02585e-06 1.86672e-06 8.23273e-07 3.45227e-07 1.37618e-07 5.21443e-08 1.87799e-08 6.42915e-09 2.0923e-09 6.47377e-10 1.90465e-10 5.3292e-11 1.41829e-11 3.59076e-12 8.64941e-13 1.98251e-13 4.32432e-14 8.97688e-15 1.77361e-15 3.33522e-16 5.96919e-17 1.01674e-17 1.64805e-18 2.54179e-19 3.72944e-20 5.20462e-21 6.90606e-22 8.66586e-23 6.39269e-24 
0 8.08909e-23 6.56375e-22 4.99718e-21 3.61719e-20 2.49044e-19 1.6313e-18 1.01674e-17 6.0306e-17 3.40422e-16 1.82894e-15 9.35196e-15 4.5511e-14 2.1077e-13 9.28836e-13 3.89451e-12 1.55341e-11 5.89334e-11 2.12619e-10 7.29326e-10 2.37811e-09 7.36967e-09 2.17015e-08 6.07139e-08 1.61358e-07 4.07353e-07 9.76858e-07 2.22547e-06 4.81776e-06 9.91459e-06 1.94075e-05 3.61655e-05 6.42294e-05 0.000108872 0.000176457 0.000274077 0.000409058 0.000588488 0.000818978 0.00110681 0.00145852 0.00188171 0.0023859 0.00298298 0.00368717 0.0045143 0.00548062 0.00660139 0.00788959 0.00935492 0.0110034 0.0128372 0.0148553 0.0170534 0.0194251 0.0219616 0.024652 0.0274837 0.0304415 0.0335086 0.0366658 0.0398921 0.0431652 0.0464616 0.0497576 0.0530296 0.0562548 0.059412 0.0624817 0.0654466 0.0682915 0.0710042 0.0735747 0.0759954 0.0782615 0.0803699 0.0823199 0.0841127 0.085751 0.0872389 0.0885819 0.0897864 0.0908599 0.0918101 0.0926455 0.0933748 0.0940068 0.0945503 0.0950139 0.0954061 0.095735 0.096008 0.0962323 0.0964144 0.0965601 0.0966744 0.0967619 0.0968262 0.09687 0.0968955 0.0969038 0.0968955 0.09687 0.0968262 0.0967619 0.0966744 0.0965601 0.0964144 0.0962323 0.096008 0.095735 0.0954061 0.0950139 0.0945503 0.0940068 0.0933748 0.0926455 0.0918101 0.0908599 0.0897864 0.0885819 0.0872389 0.085751 0.0841127 0.0823199 0.0803699 0.0782615 0.0759954 0.0735747 0.0710042 0.0682915 0.0654466 0.0624817 0.059412 0.0562548 0.0530296 0.0497576 0.0464616 0.0431652 0.0398921 0.0366658 0.0335086 0.0304415 0.0274837 0.024652 0.0219616 0.0194251 0.0170534 0.0148553 0.0128372 0.0110034 0.00935492 0.00788959 0.00660139 0.00548062 0.0045143 0.00368717 0.00298298 0.0023859 0.00188171 0.00145852 0.00110681 0.000818978 0.000588488 0.000409058 0.000274077 0.000176457 0.000108872 6.42294e-05 3.61655e-05 1.94075e-05 9.91459e-06 4.81776e-06 2.22547e-06 9.76858e-07 4.07353e-07 1.61358e-07 6.07139e-08 2.17015e-08 7.36967e-09 2.37811e-09 7.29326e-10 2.12619e-10 5.89334e-11 1.55341e-11 3.89451e-12 9.28836e-13 2.1077e-13 4.5511e-14 9.35196e-15 1.82894e-15 3.40422e-16 6.0306e-17 1.01674e-17 1.6313e-18 2.49044e-19 3.61718e-20 4.99677e-21 6.52778e-22 5.08512e-23 
0 6.0259e-22 4.7004e-21 3.43752e-20 2.39083e-19 1.58205e-18 9.96151e-18 5.96919e-17 3.40422e-16 1.84776e-15 9.54532e-15 4.69281e-14 2.1955e-13 9.77334e-13 4.139e-12 1.66729e-11 6.38715e-11 2.32639e-10 8.05439e-10 2.65003e-09 8.28377e-09 2.45955e-08 6.9348e-08 1.85643e-07 4.7176e-07 1.13796e-06 2.60559e-06 5.66386e-06 1.16917e-05 2.29309e-05 4.27634e-05 7.59091e-05 0.000128444 0.000207561 0.000321083 0.000476859 0.000682274 0.000944137 0.00126911 0.00166461 0.00213991 0.00270702 0.00338095 0.00417915 0.00512024 0.00622225 0.00750102 0.00896884 0.0106339 0.0125001 0.0145677 0.0168337 0.0192927 0.0219368 0.0247558 0.0277373 0.0308659 0.0341234 0.0374889 0.0409388 0.0444473 0.0479874 0.0515312 0.0550515 0.0585217 0.061917 0.0652149 0.0683953 0.071441 0.0743378 0.0770742 0.0796416 0.0820342 0.0842488 0.0862844 0.0881424 0.0898258 0.0913397 0.0926905 0.0938857 0.094934 0.095845 0.0966285 0.0972951 0.0978554 0.0983199 0.0986993 0.0990037 0.099243 0.0994266 0.0995634 0.0996616 0.0997287 0.0997716 0.0997964 0.0998083 0.0998118 0.0998107 0.0998079 0.0998054 0.0998044 0.0998054 0.0998079 0.0998107 0.0998118 0.0998083 0.0997964 0.0997716 0.0997287 0.0996616 0.0995634 0.0994266 0.099243 0.0990037 0.0986993 0.0983199 0.0978554 0.0972951 0.0966285 0.095845 0.094934 0.0938857 0.0926905 0.0913397 0.0898258 0.0881424 0.0862844 0.0842488 0.0820342 0.0796416 0.0770742 0.0743378 0.071441 0.0683953 0.0652149 0.061917 0.0585217 0.0550515 0.0515312 0.0479874 0.0444473 0.0409388 0.0374889 0.0341234 0.0308659 0.0277373 0.0247558 0.0219368 0.0192927 0.0168337 0.0145677 0.0125001 0.0106339 0.00896884 0.00750102 0.00622225 0.00512024 0.00417915 0.00338095 0.00270702 0.00213991 0.00166461 0.00126911 0.000944137 0.000682274 0.000476859 0.000321083 0.000207561 0.000128444 7.59091e-05 4.27634e-05 2.29309e-05 1.16917e-05 5.66386e-06 2.60559e-06 1.13796e-06 4.7176e-07 1.85643e-07 6.9348e-08 2.45955e-08 8.28377e-09 2.65003e-09 8.05439e-10 2.32639e-10 6.38715e-11 1.66729e-11 4.139e-12 9.77334e-13 2.1955e-13 4.69281e-14 9.54532e-15 1.84776e-15 3.40422e-16 5.96919e-17 9.96151e-18 1.58205e-18 2.39083e-19 3.4372e-20 4.67315e-21 3.84366e-22 
0 4.26565e-21 3.20007e-20 2.2488e-19 1.50323e-18 9.56211e-18 5.78866e-17 3.33522e-16 1.82894e-15 9.54532e-15 4.74101e-14 2.24076e-13 1.00764e-12 4.31042e-12 1.7537e-11 6.78434e-11 2.49497e-10 8.71978e-10 2.89534e-09 9.13091e-09 2.73411e-08 7.77095e-08 2.0959e-07 5.36291e-07 1.30164e-06 2.9964e-06 6.54249e-06 1.3552e-05 2.66414e-05 4.97389e-05 8.82792e-05 0.000149164 0.00024041 0.000370517 0.000547763 0.000779744 0.00107347 0.00143614 0.00187644 0.00240587 0.00303951 0.00379587 0.00469564 0.00575975 0.00700725 0.0084535 0.0101093 0.0119808 0.0140698 0.0163751 0.0188923 0.0216151 0.0245343 0.0276379 0.0309105 0.034333 0.0378822 0.0415316 0.045252 0.0490123 0.0527805 0.056525 0.0602155 0.0638237 0.0673236 0.0706926 0.073911 0.0769624 0.0798337 0.082515 0.0849995 0.0872832 0.0893649 0.0912459 0.09293 0.0944228 0.0957318 0.0968661 0.0978359 0.0986525 0.0993278 0.0998743 0.100305 0.100631 0.100867 0.101024 0.101114 0.101148 0.101136 0.101089 0.101016 0.100925 0.100823 0.100718 0.100614 0.100518 0.100434 0.100365 0.100313 0.100282 0.100271 0.100282 0.100313 0.100365 0.100434 0.100518 0.100614 0.100718 0.100823 0.100925 0.101016 0.101089 0.101136 0.101148 0.101114 0.101024 0.100867 0.100631 0.100305 0.0998743 0.0993278 0.0986525 0.0978359 0.0968661 0.0957318 0.0944228 0.09293 0.0912459 0.0893649 0.0872832 0.0849995 0.082515 0.0798337 0.0769624 0.073911 0.0706926 0.0673236 0.0638237 0.0602155 0.056525 0.0527805 0.0490123 0.045252 0.0415316 0.0378822 0.034333 0.0309105 0.0276379 0.0245343 0.0216151 0.0188923 0.0163751 0.0140698 0.0119808 0.0101093 0.0084535 0.00700725 0.00575975 0.00469564 0.00379587 0.00303951 0.00240587 0.00187644 0.00143614 0.00107347 0.000779744 0.000547763 0.000370517 0.00024041 0.000149164 8.82792e-05 4.97389e-05 2.66414e-05 1.3552e-05 6.54249e-06 2.9964e-06 1.30164e-06 5.36291e-07 2.0959e-07 7.77095e-08 2.73411e-08 9.13091e-09 2.89534e-09 8.71978e-10 2.49497e-10 6.78434e-11 1.7537e-11 4.31042e-12 1.00764e-12 2.24076e-13 4.74101e-14 9.54532e-15 1.82894e-15 3.33522e-16 5.78866e-17 9.56211e-18 1.50323e-18 2.24856e-19 3.18049e-20 2.76182e-21 
0 2.87038e-20 2.07184e-19 1.39942e-18 8.99273e-18 5.49978e-17 3.20135e-16 1.77361e-15 9.35196e-15 4.69281e-14 2.24076e-13 1.01794e-12 4.39877e-12 1.80767e-11 7.0627e-11 2.62278e-10 9.25444e-10 3.10162e-09 9.87012e-09 2.9812e-08 8.54347e-08 2.32221e-07 5.98481e-07 1.46206e-06 3.38504e-06 7.42698e-06 1.54435e-05 3.04434e-05 5.69253e-05 0.000101063 0.000170596 0.000274341 0.00042141 0.000620422 0.00087912 0.00120476 0.00160533 0.00209125 0.00267679 0.00338061 0.0042249 0.00523331 0.00642836 0.00782907 0.00944948 0.0112984 0.0133799 0.0156944 0.0182396 0.0210107 0.0240003 0.0271975 0.0305872 0.0341494 0.0378591 0.041687 0.0455999 0.0495626 0.0535387 0.0574921 0.0613884 0.0651953 0.0688836 0.0724271 0.0758034 0.0789934 0.0819819 0.084757 0.0873103 0.0896371 0.0917356 0.0936072 0.0952561 0.0966892 0.0979152 0.0989451 0.0997911 0.100467 0.100986 0.101365 0.101617 0.101757 0.101801 0.101762 0.101654 0.10149 0.101282 0.101042 0.100779 0.100504 0.100225 0.0999501 0.099686 0.0994389 0.0992143 0.0990166 0.0988498 0.0987169 0.0986203 0.0985616 0.098542 0.0985616 0.0986203 0.0987169 0.0988498 0.0990166 0.0992143 0.0994389 0.099686 0.0999501 0.100225 0.100504 0.100779 0.101042 0.101282 0.10149 0.101654 0.101762 0.101801 0.101757 0.101617 0.101365 0.100986 0.100467 0.0997911 0.0989451 0.0979152 0.0966892 0.0952561 0.0936072 0.0917356 0.0896371 0.0873103 0.084757 0.0819819 0.0789934 0.0758034 0.0724271 0.0688836 0.0651953 0.0613884 0.0574921 0.0535387 0.0495626 0.0455999 0.041687 0.0378591 0.0341494 0.0305872 0.0271975 0.0240003 0.0210107 0.0182396 0.0156944 0.0133799 0.0112984 0.00944948 0.00782907 0.00642836 0.00523331 0.0042249 0.00338061 0.00267679 0.00209125 0.00160533 0.00120476 0.00087912 0.000620422 0.00042141 0.000274341 0.000170596 0.000101063 5.69253e-05 3.04434e-05 1.54435e-05 7.42698e-06 3.38504e-06 1.46206e-06 5.98481e-07 2.32221e-07 8.54347e-08 2.9812e-08 9.87012e-09 3.10162e-09 9.25444e-10 2.62278e-10 7.0627e-11 1.80767e-11 4.39877e-12 1.01794e-12 2.24076e-13 4.69281e-14 9.35196e-15 1.77361e-15 3.20135e-16 5.49978e-17 8.99271e-18 1.39925e-18 2.05849e-19 1.88716e-20 
0 1.83661e-19 1.27596e-18 8.28574e-18 5.11934e-17 3.01054e-16 1.68508e-15 8.97688e-15 4.5511e-14 2.1955e-13 1.00764e-12 4.39877e-12 1.82602e-11 7.20611e-11 2.70256e-10 9.62887e-10 3.25785e-09 1.04633e-08 3.18858e-08 9.21586e-08 2.52521e-07 6.55698e-07 1.61287e-06 3.75712e-06 8.28687e-06 1.73058e-05 3.42244e-05 6.41257e-05 0.000113936 0.000192228 0.000308589 0.000472678 0.00069337 0.00097852 0.00133573 0.00177409 0.00230624 0.00294978 0.00372731 0.0046646 0.00578769 0.00711973 0.00867878 0.0104769 0.012521 0.0148136 0.0173546 0.0201415 0.023169 0.0264283 0.0299051 0.0335793 0.0374247 0.0414091 0.0454958 0.0496451 0.0538163 0.0579687 0.0620634 0.0660639 0.0699368 0.0736523 0.077184 0.0805095 0.0836103 0.0864721 0.0890844 0.0914409 0.0935395 0.0953814 0.0969718 0.0983188 0.0994331 0.100328 0.101018 0.10152 0.10185 0.102026 0.102065 0.101986 0.101804 0.101536 0.101198 0.100803 0.100366 0.0998994 0.0994144 0.0989217 0.0984309 0.0979506 0.0974885 0.0970514 0.0966453 0.0962754 0.0959463 0.0956616 0.0954245 0.0952376 0.0951027 0.0950212 0.094994 0.0950212 0.0951027 0.0952376 0.0954245 0.0956616 0.0959463 0.0962754 0.0966453 0.0970514 0.0974885 0.0979506 0.0984309 0.0989217 0.0994144 0.0998994 0.100366 0.100803 0.101198 0.101536 0.101804 0.101986 0.102065 0.102026 0.10185 0.10152 0.101018 0.100328 0.0994331 0.0983188 0.0969718 0.0953814 0.0935395 0.0914409 0.0890844 0.0864721 0.0836103 0.0805095 0.077184 0.0736523 0.0699368 0.0660639 0.0620634 0.0579687 0.0538163 0.0496451 0.0454958 0.0414091 0.0374247 0.0335793 0.0299051 0.0264283 0.023169 0.0201415 0.0173546 0.0148136 0.012521 0.0104769 0.00867878 0.00711973 0.00578769 0.0046646 0.00372731 0.00294978 0.00230624 0.00177409 0.00133573 0.00097852 0.00069337 0.000472678 0.000308589 0.000192228 0.000113936 6.41257e-05 3.42244e-05 1.73058e-05 8.28687e-06 3.75712e-06 1.61287e-06 6.55698e-07 2.52521e-07 9.21586e-08 3.18858e-08 1.04633e-08 3.25785e-09 9.62887e-10 2.70256e-10 7.20611e-11 1.82602e-11 4.39877e-12 1.00764e-12 2.1955e-13 4.5511e-14 8.97688e-15 1.68508e-15 3.01054e-16 5.11933e-17 8.28458e-18 1.26733e-18 1.22667e-19 
0 1.11771e-18 7.47651e-18 4.66846e-17 2.77363e-16 1.5685e-15 8.44219e-15 4.32432e-14 2.1077e-13 9.77334e-13 4.31042e-12 1.80767e-11 7.20611e-11 2.72969e-10 9.8217e-10 3.35532e-09 1.08782e-08 3.34542e-08 9.75432e-08 2.69514e-07 7.05328e-07 1.74755e-06 4.09752e-06 9.08949e-06 1.90729e-05 3.78603e-05 7.11213e-05 0.000126534 0.000213495 0.000342324 0.000523162 0.000765075 0.00107603 0.00146412 0.00193989 0.00251867 0.0032219 0.00407623 0.00511072 0.00635296 0.00782577 0.00954545 0.0115221 0.0137609 0.0162642 0.0190321 0.0220624 0.0253486 0.0288788 0.0326337 0.0365863 0.0407024 0.044942 0.0492615 0.0536155 0.0579591 0.0622485 0.0664426 0.0705034 0.0743961 0.0780899 0.0815577 0.084777 0.0877298 0.0904031 0.0927889 0.0948839 0.0966899 0.0982128 0.0994623 0.100452 0.101197 0.101715 0.102026 0.102149 0.102105 0.101913 0.101595 0.101169 0.100653 0.100065 0.0994205 0.0987352 0.0980227 0.0972956 0.0965653 0.0958422 0.0951355 0.0944534 0.093803 0.0931909 0.0926224 0.0921023 0.0916347 0.0912231 0.0908703 0.0905786 0.0903498 0.0901855 0.0900864 0.0900534 0.0900864 0.0901855 0.0903498 0.0905786 0.0908703 0.0912231 0.0916347 0.0921023 0.0926224 0.0931909 0.093803 0.0944534 0.0951355 0.0958422 0.0965653 0.0972956 0.0980227 0.0987352 0.0994205 0.100065 0.100653 0.101169 0.101595 0.101913 0.102105 0.102149 0.102026 0.101715 0.101197 0.100452 0.0994623 0.0982128 0.0966899 0.0948839 0.0927889 0.0904031 0.0877298 0.084777 0.0815577 0.0780899 0.0743961 0.0705034 0.0664426 0.0622485 0.0579591 0.0536155 0.0492615 0.044942 0.0407024 0.0365863 0.0326337 0.0288788 0.0253486 0.0220624 0.0190321 0.0162642 0.0137609 0.0115221 0.00954545 0.00782577 0.00635296 0.00511072 0.00407623 0.0032219 0.00251867 0.00193989 0.00146412 0.00107603 0.000765075 0.000523162 0.000342324 0.000213495 0.000126534 7.11213e-05 3.78603e-05 1.90729e-05 9.08949e-06 4.09752e-06 1.74755e-06 7.05328e-07 2.69514e-07 9.75432e-08 3.34542e-08 1.08782e-08 3.35532e-09 9.8217e-10 2.72969e-10 7.20611e-11 1.80767e-11 4.31042e-12 9.77334e-13 2.1077e-13 4.32432e-14 8.44219e-15 1.5685e-15 2.77362e-16 4.66772e-17 7.42356e-18 7.58708e-19 
0 6.4711e-18 4.16891e-17 2.50344e-16 1.43033e-15 7.77832e-15 4.02564e-14 1.98251e-13 9.28836e-13 4.139e-12 1.7537e-11 7.0627e-11 2.70256e-10 9.8217e-10 3.38845e-09 1.10918e-08 3.44317e-08 1.01305e-07 2.8234e-07 7.44965e-07 1.85988e-06 4.39141e-06 9.80196e-06 2.06774e-05 4.12219e-05 7.76818e-05 0.000138475 0.000233803 0.000374682 0.000571679 0.000834009 0.00116977 0.00158774 0.00210025 0.00272582 0.00349003 0.00442355 0.00555815 0.00692207 0.00853688 0.0104168 0.0125702 0.0150019 0.017715 0.0207103 0.0239852 0.0275311 0.0313307 0.0353576 0.0395764 0.0439446 0.048415 0.0529382 0.0574646 0.0619458 0.0663358 0.0705911 0.0746713 0.0785398 0.0821639 0.085516 0.0885737 0.0913206 0.0937464 0.0958471 0.0976243 0.0990851 0.100241 0.101108 0.101704 0.10205 0.102168 0.102081 0.101813 0.101385 0.100822 0.100144 0.0993722 0.0985258 0.0976229 0.0966801 0.0957127 0.0947344 0.0937575 0.0927932 0.0918513 0.0909403 0.0900677 0.08924 0.0884626 0.0877404 0.0870774 0.0864767 0.0859412 0.0854732 0.0850744 0.0847463 0.08449 0.0843064 0.084196 0.0841592 0.084196 0.0843064 0.08449 0.0847463 0.0850744 0.0854732 0.0859412 0.0864767 0.0870774 0.0877404 0.0884626 0.08924 0.0900677 0.0909403 0.0918513 0.0927932 0.0937575 0.0947344 0.0957127 0.0966801 0.0976229 0.0985258 0.0993722 0.100144 0.100822 0.101385 0.101813 0.102081 0.102168 0.10205 0.101704 0.101108 0.100241 0.0990851 0.0976243 0.0958471 0.0937464 0.0913206 0.0885737 0.085516 0.0821639 0.0785398 0.0746713 0.0705911 0.0663358 0.0619458 0.0574646 0.0529382 0.048415 0.0439446 0.0395764 0.0353576 0.0313307 0.0275311 0.0239852 0.0207103 0.017715 0.0150019 0.0125702 0.0104168 0.00853688 0.00692207 0.00555815 0.00442355 0.00349003 0.00272582 0.00210025 0.00158774 0.00116977 0.000834009 0.000571679 0.000374682 0.000233803 0.000138475 7.76818e-05 4.12219e-05 2.06774e-05 9.80196e-06 4.39141e-06 1.85988e-06 7.44965e-07 2.8234e-07 1.01305e-07 3.44317e-08 1.10918e-08 3.38845e-09 9.8217e-10 2.70256e-10 7.0627e-11 1.7537e-11 4.139e-12 9.28836e-13 1.98251e-13 4.02564e-14 7.77831e-15 1.43033e-15 2.50299e-16 4.13809e-17 4.46639e-18 
0 3.56486e-17 2.21245e-16 1.27782e-15 7.02117e-15 3.67163e-14 1.82705e-13 8.64941e-13 3.89451e-12 1.66729e-11 6.78434e-11 2.62278e-10 9.62887e-10 3.35532e-09 1.10918e-08 3.47637e-08 1.03239e-07 2.90323e-07 7.72601e-07 1.94443e-06 4.62525e-06 1.03934e-05 2.20539e-05 4.41819e-05 8.35779e-05 0.000149378 0.00025256 0.000404805 0.000617068 0.000898691 0.00125796 0.00170451 0.00225281 0.00292495 0.00375081 0.00476489 0.00600094 0.00748691 0.00924251 0.01128 0.0136069 0.0162289 0.0191505 0.0223734 0.0258936 0.0296974 0.0337607 0.0380482 0.0425159 0.0471137 0.0517887 0.056487 0.0611558 0.0657436 0.070201 0.0744813 0.0785408 0.0823403 0.0858458 0.0890298 0.0918719 0.0943591 0.0964859 0.0982541 0.0996714 0.100751 0.101511 0.101972 0.102158 0.102093 0.101804 0.101317 0.100657 0.099851 0.0989223 0.0978945 0.0967894 0.0956272 0.0944265 0.0932041 0.0919753 0.0907536 0.0895507 0.088377 0.0872413 0.0861512 0.0851132 0.0841325 0.0832134 0.0823596 0.0815738 0.0808584 0.0802152 0.0796453 0.07915 0.0787299 0.0783857 0.0781175 0.0779259 0.0778108 0.0777724 0.0778108 0.0779259 0.0781175 0.0783857 0.0787299 0.07915 0.0796453 0.0802152 0.0808584 0.0815738 0.0823596 0.0832134 0.0841325 0.0851132 0.0861512 0.0872413 0.088377 0.0895507 0.0907536 0.0919753 0.0932041 0.0944265 0.0956272 0.0967894 0.0978945 0.0989223 0.099851 0.100657 0.101317 0.101804 0.102093 0.102158 0.101972 0.101511 0.100751 0.0996714 0.0982541 0.0964859 0.0943591 0.0918719 0.0890298 0.0858458 0.0823403 0.0785408 0.0744813 0.070201 0.0657436 0.0611558 0.056487 0.0517887 0.0471137 0.0425159 0.0380482 0.0337607 0.0296974 0.0258936 0.0223734 0.0191505 0.0162289 0.0136069 0.01128 0.00924251 0.00748691 0.00600094 0.00476489 0.00375081 0.00292495 0.00225281 0.00170451 0.00125796 0.000898691 0.000617068 0.000404805 0.00025256 0.000149378 8.35779e-05 4.41819e-05 2.20539e-05 1.03934e-05 4.62525e-06 1.94443e-06 7.72601e-07 2.90323e-07 1.03239e-07 3.47637e-08 1.10918e-08 3.35532e-09 9.62887e-10 2.62278e-10 6.78434e-11 1.66729e-11 3.89451e-12 8.64941e-13 1.82705e-13 3.67163e-14 7.02113e-15 1.27756e-15 2.19543e-16 2.50304e-17 
0 1.86893e-16 1.11766e-15 6.20883e-15 3.28081e-14 1.64969e-13 7.89183e-13 3.59076e-12 1.55341e-11 6.38715e-11 2.49497e-10 9.25444e-10 3.25785e-09 1.08782e-08 3.44317e-08 1.03239e-07 2.93033e-07 7.86796e-07 1.99697e-06 4.78787e-06 1.08369e-05 2.31437e-05 4.66228e-05 8.85936e-05 0.000158875 0.000269195 0.000431871 0.000658231 0.000957743 0.00133894 0.0018125 0.00239531 0.00311329 0.0040007 0.00509545 0.0064325 0.00803873 0.00993169 0.0121222 0.0146184 0.0174277 0.0205568 0.0240069 0.0277704 0.031827 0.0361436 0.0406758 0.045372 0.0501762 0.0550311 0.0598792 0.0646641 0.06933 0.0738229 0.0780915 0.0820887 0.0857734 0.0891116 0.0920783 0.0946572 0.0968409 0.0986304 0.100034 0.101066 0.101745 0.102095 0.102141 0.101912 0.101435 0.100742 0.0998598 0.098819 0.0976467 0.0963696 0.0950124 0.0935981 0.0921475 0.0906795 0.0892107 0.0877558 0.0863273 0.0849361 0.083591 0.0822997 0.0810682 0.0799012 0.0788027 0.0777755 0.0768217 0.0759429 0.07514 0.0744137 0.0737644 0.073192 0.0726966 0.072278 0.0719359 0.0716701 0.0714804 0.0713666 0.0713287 0.0713666 0.0714804 0.0716701 0.0719359 0.072278 0.0726966 0.073192 0.0737644 0.0744137 0.07514 0.0759429 0.0768217 0.0777755 0.0788027 0.0799012 0.0810682 0.0822997 0.083591 0.0849361 0.0863273 0.0877558 0.0892107 0.0906795 0.0921475 0.0935981 0.0950124 0.0963696 0.0976467 0.098819 0.0998598 0.100742 0.101435 0.101912 0.102141 0.102095 0.101745 0.101066 0.100034 0.0986304 0.0968409 0.0946572 0.0920783 0.0891116 0.0857734 0.0820887 0.0780915 0.0738229 0.06933 0.0646641 0.0598792 0.0550311 0.0501762 0.045372 0.0406758 0.0361436 0.031827 0.0277704 0.0240069 0.0205568 0.0174277 0.0146184 0.0121222 0.00993169 0.00803873 0.0064325 0.00509545 0.0040007 0.00311329 0.00239531 0.0018125 0.00133894 0.000957743 0.000658231 0.000431871 0.000269195 0.000158875 8.85936e-05 4.66228e-05 2.31437e-05 1.08369e-05 4.78787e-06 1.99697e-06 7.86796e-07 2.93033e-07 1.03239e-07 3.44317e-08 1.08782e-08 3.25785e-09 9.25444e-10 2.49497e-10 6.38715e-11 1.55341e-11 3.59076e-12 7.89183e-13 1.64969e-13 3.28079e-14 6.20742e-15 1.10874e-15 1.33564e-16 
0 9.32583e-16 5.37491e-15 2.87199e-14 1.45936e-13 7.05511e-13 3.24405e-12 1.41829e-11 5.89334e-11 2.32639e-10 8.71978e-10 3.10162e-09 1.04633e-08 3.34542e-08 1.01305e-07 2.90323e-07 7.86796e-07 2.01479e-06 4.87126e-06 1.11117e-05 2.38989e-05 4.84442e-05 9.25383e-05 0.000166639 0.00028319 0.000455133 0.000694169 0.00100992 0.00141123 0.00190995 0.00252559 0.00328807 0.00423594 0.00541005 0.00684583 0.00856851 0.0105936 0.0129316 0.0155922 0.0185859 0.0219206 0.0255958 0.0295979 0.0338978 0.0384533 0.0432119 0.0481161 0.0531054 0.058119 0.0630952 0.0679722 0.0726883 0.0771837 0.0814025 0.0852952 0.0888207 0.0919481 0.094657 0.096937 0.0987875 0.100216 0.101236 0.101869 0.102139 0.102073 0.101703 0.10106 0.100177 0.099089 0.0978275 0.096425 0.0949117 0.0933159 0.0916637 0.0899784 0.0882809 0.0865895 0.0849197 0.0832848 0.0816958 0.0801619 0.0786901 0.0772861 0.0759543 0.0746977 0.0735184 0.072418 0.0713969 0.0704555 0.0695935 0.0688105 0.0681057 0.0674783 0.0669274 0.0664521 0.0660516 0.0657251 0.0654719 0.0652915 0.0651833 0.0651473 0.0651833 0.0652915 0.0654719 0.0657251 0.0660516 0.0664521 0.0669274 0.0674783 0.0681057 0.0688105 0.0695935 0.0704555 0.0713969 0.072418 0.0735184 0.0746977 0.0759543 0.0772861 0.0786901 0.0801619 0.0816958 0.0832848 0.0849197 0.0865895 0.0882809 0.0899784 0.0916637 0.0933159 0.0949117 0.096425 0.0978275 0.099089 0.100177 0.10106 0.101703 0.102073 0.102139 0.101869 0.101236 0.100216 0.0987875 0.096937 0.094657 0.0919481 0.0888207 0.0852952 0.0814025 0.0771837 0.0726883 0.0679722 0.0630952 0.058119 0.0531054 0.0481161 0.0432119 0.0384533 0.0338978 0.0295979 0.0255958 0.0219206 0.0185859 0.0155922 0.0129316 0.0105936 0.00856851 0.00684583 0.00541005 0.00423594 0.00328807 0.00252559 0.00190995 0.00141123 0.00100992 0.000694169 0.000455133 0.00028319 0.000166639 9.25383e-05 4.84442e-05 2.38989e-05 1.11117e-05 4.87126e-06 2.01479e-06 7.86796e-07 2.90323e-07 1.01305e-07 3.34542e-08 1.04633e-08 3.10162e-09 8.71978e-10 2.32639e-10 5.89334e-11 1.41829e-11 3.24405e-12 7.05511e-13 1.45935e-13 2.87126e-14 5.33066e-15 6.78716e-16 
0 4.4297e-15 2.46092e-14 1.26476e-13 6.17949e-13 2.87174e-12 1.26894e-11 5.3292e-11 2.12619e-10 8.05439e-10 2.89534e-09 9.87012e-09 3.18858e-08 9.75432e-08 2.8234e-07 7.72601e-07 1.99697e-06 4.87126e-06 1.12049e-05 2.42853e-05 4.95693e-05 9.52586e-05 0.000172394 0.000294101 0.000473941 0.000724011 0.00105413 0.00147352 0.00199529 0.00264165 0.00344656 0.00445268 0.00570334 0.00723385 0.00906746 0.0112181 0.0136971 0.0165171 0.0196918 0.0232292 0.0271248 0.0313569 0.0358874 0.0406652 0.0456319 0.0507256 0.0558825 0.061037 0.0661214 0.0710667 0.0758038 0.0802673 0.0843983 0.0881474 0.0914765 0.0943598 0.0967827 0.0987413 0.100241 0.101295 0.101923 0.10215 0.102005 0.101523 0.10074 0.0996916 0.0984175 0.0969552 0.0953412 0.0936102 0.0917943 0.0899227 0.0880214 0.0861133 0.084218 0.0823521 0.0805296 0.0787617 0.0770575 0.075424 0.0738665 0.0723888 0.0709935 0.0696819 0.0684548 0.0673121 0.0662531 0.0652769 0.064382 0.0635669 0.06283 0.0621696 0.061584 0.0610716 0.0606308 0.0602603 0.0599588 0.0597254 0.0595593 0.0594599 0.0594268 0.0594599 0.0595593 0.0597254 0.0599588 0.0602603 0.0606308 0.0610716 0.061584 0.0621696 0.06283 0.0635669 0.064382 0.0652769 0.0662531 0.0673121 0.0684548 0.0696819 0.0709935 0.0723888 0.0738665 0.075424 0.0770575 0.0787617 0.0805296 0.0823521 0.084218 0.0861133 0.0880214 0.0899227 0.0917943 0.0936102 0.0953412 0.0969552 0.0984175 0.0996916 0.10074 0.101523 0.102005 0.10215 0.101923 0.101295 0.100241 0.0987413 0.0967827 0.0943598 0.0914765 0.0881474 0.0843983 0.0802673 0.0758038 0.0710667 0.0661214 0.061037 0.0558825 0.0507256 0.0456319 0.0406652 0.0358874 0.0313569 0.0271248 0.0232292 0.0196918 0.0165171 0.0136971 0.0112181 0.00906746 0.00723385 0.00570334 0.00445268 0.00344656 0.00264165 0.00199529 0.00147352 0.00105413 0.000724011 0.000473941 0.000294101 0.000172394 9.52586e-05 4.95693e-05 2.42853e-05 1.12049e-05 4.87126e-06 1.99697e-06 7.72601e-07 2.8234e-07 9.75432e-08 3.18858e-08 9.87012e-09 2.89534e-09 8.05439e-10 2.12619e-10 5.3292e-11 1.26894e-11 2.87174e-12 6.17943e-13 1.2644e-13 2.44009e-14 3.28495e-15 
