0 0 0 0 0 0 0 0 0 0 0 0 0 0 0 0 0 0 0 0 0 0 0 0 0 0 0 0 0 0 0 0 0 0 0 0 0 0 0 0 0 0 0 0 0 0 0 0 0 0 0 0 0 0 0 0 0 0 0 0 0 0 0 0 0 0 0 0 0 0 0 0 0 0 0 0 0 0 0 0 0 0 0 0 0 0 0 0 0 0 0 0 0 0 0 0 0 0 0 0 0 0 0 0 0 0 0 0 0 0 0 0 0 0 0 0 0 0 0 0 0 0 0 0 0 0 0 0 0 0 0 0 0 0 0 0 0 0 0 0 0 0 0 0 0 0 0 0 0 0 0 0 0 0 0 0 0 0 0 0 0 0 0 0 0 0 0 0 0 0 0 0 0 0 0 0 0 0 0 0 0 0 0 0 0 0 0 0 0 0 0 0 0 0 0 0 0 0 0 0 
0 5.28048e-06 4.45937e-05 5.75946e-05 6.75035e-05 0.000118058 0.000137923 0.000117301 0.000144637 0.000205809 0.000221512 0.000227697 0.000273473 0.000297646 0.000311187 0.000366363 0.000393463 0.000419287 0.000501168 0.000543067 0.000582717 0.000673105 0.00074022 0.000834715 0.000952321 0.00108215 0.00128206 0.00146255 0.00169278 0.00201531 0.00230967 0.0026769 0.00309099 0.0035145 0.00398301 0.00437338 0.00477027 0.00510017 0.00524913 0.00528504 0.00508588 0.00471285 0.00409751 0.00319656 0.00215571 0.000905437 -0.000409782 -0.00180505 -0.00320193 -0.00443827 -0.00555682 -0.00639736 -0.00705392 -0.00743315 -0.00753214 -0.00741012 -0.00701752 -0.00654099 -0.00590248 -0.00525266 -0.00454484 -0.00383741 -0.00319019 -0.00256154 -0.00207953 -0.00161758 -0.00130276 -0.000998657 -0.000791261 -0.000607139 -0.000463488 -0.000372237 -0.000272784 -0.000248278 -0.000179909 -0.000192622 -0.000144977 -0.000169975 -0.000137671 -0.00015957 -0.000141027 -0.000152812 -0.00014742 -0.000147318 -0.000153821 -0.000142805 -0.00015912 -0.000139347 -0.000163023 -0.000136918 -0.000165621 -0.000135363 -0.000167173 -0.000134464 -0.000167987 -0.000134004 -0.000168349 -0.000133801 -0.000168476 -0.000133731 -0.000168503 -0.000133731 -0.000168476 -0.000133801 -0.000168349 -0.000134004 -0.000167987 -0.000134464 -0.000167173 -0.000135363 -0.000165621 -0.000136918 -0.000163023 -0.000139344 -0.000159112 -0.000142784 -0.000153766 -0.000147176 -0.000147068 -0.000151972 -0.000139106 -0.000155355 -0.000128808 -0.000152127 -0.000110592 -0.000129287 -6.84264e-05 -6.07783e-05 2.86768e-05 9.17211e-05 0.000221769 0.000368075 0.000553459 0.000809868 0.0010851 0.00149221 0.00192088 0.00251093 0.00312254 0.00384048 0.0045594 0.00527263 0.00597971 0.00657348 0.00712069 0.00742729 0.00755776 0.00738163 0.00694462 0.00627521 0.00531418 0.00418937 0.00282016 0.00140545 -2.83962e-05 -0.0014159 -0.0026548 -0.0037987 -0.00465963 -0.00530691 -0.00572158 -0.0059043 -0.00594563 -0.00574292 -0.00545549 -0.00509836 -0.00465893 -0.00423135 -0.00375301 -0.0033473 -0.00298419 -0.00259914 -0.00231977 -0.0020689 -0.00184882 -0.00168192 -0.00151258 -0.00141244 -0.00130991 -0.0011887 -0.00114589 -0.001085 -0.00101131 -0.000993037 -0.00095393 -0.000913327 -0.00090296 -0.000866894 -0.000823462 -0.000813264 -0.000818725 -0.0008011 -0.000764932 -0.000761299 -0.000771774 -0.000749723 -0.000730272 -0.000735521 -0.000737203 -0.000728382 
0 4.45937e-05 8.5717e-05 0.000115411 0.000156906 0.00019356 0.000225671 0.000298411 0.000353429 0.00036332 0.000412196 0.000480238 0.000530007 0.000591535 0.00065008 0.000725418 0.000810947 0.000866011 0.000964329 0.00108542 0.00117545 0.00133125 0.00151911 0.00169087 0.00192963 0.00221912 0.00255416 0.00295219 0.00342085 0.00401359 0.00466774 0.0053798 0.00620926 0.00707823 0.00794471 0.00876565 0.00950413 0.0101085 0.0104289 0.0104265 0.0100671 0.00928614 0.00804542 0.0063142 0.00419752 0.00177747 -0.000866958 -0.00362041 -0.00634938 -0.00885008 -0.01101 -0.012743 -0.014008 -0.01477 -0.0149881 -0.0147108 -0.0140034 -0.0129993 -0.0117895 -0.0104572 -0.00906677 -0.00767288 -0.00635684 -0.00516059 -0.00413888 -0.00328279 -0.00259288 -0.00203427 -0.0015883 -0.0012349 -0.000956056 -0.000748992 -0.000591756 -0.000488125 -0.000411915 -0.000369778 -0.000337583 -0.000323932 -0.000311158 -0.000307348 -0.000302132 -0.000300395 -0.000298347 -0.000296298 -0.000296029 -0.000293244 -0.000294248 -0.000290846 -0.000292815 -0.000289006 -0.000291681 -0.000287651 -0.000290815 -0.000286697 -0.000290184 -0.000286063 -0.000289758 -0.000285681 -0.000289513 -0.000285503 -0.000289433 -0.000285503 -0.000289513 -0.000285681 -0.000289758 -0.000286063 -0.000290184 -0.000286697 -0.000290815 -0.000287651 -0.00029168 -0.000289006 -0.000292812 -0.00029084 -0.000294231 -0.000293196 -0.000295901 -0.000295973 -0.000297551 -0.000298521 -0.000297896 -0.000298157 -0.000292039 -0.000285828 -0.000264884 -0.000237079 -0.000180276 -0.000101433 2.59701e-05 0.000196691 0.000435066 0.000739379 0.00112956 0.0016178 0.00222601 0.00298707 0.00391401 0.00502873 0.00629477 0.00768384 0.00911631 0.0105436 0.0118992 0.0131196 0.0141186 0.0147653 0.0149657 0.0146321 0.0137779 0.0124116 0.0105665 0.00828492 0.00564825 0.00283863 1.99078e-06 -0.00271164 -0.00522409 -0.00742737 -0.00919207 -0.0104891 -0.0113156 -0.0117426 -0.0117752 -0.0114432 -0.0108753 -0.0101431 -0.00932329 -0.00843157 -0.00753535 -0.0067325 -0.00597416 -0.00527993 -0.0046815 -0.00417076 -0.00374926 -0.00335926 -0.00305036 -0.00282856 -0.00259989 -0.00242603 -0.00230586 -0.00217266 -0.00206777 -0.00197966 -0.00190225 -0.00183869 -0.0017612 -0.00172943 -0.00171415 -0.00164294 -0.00160225 -0.00159217 -0.00155257 -0.00153643 -0.00151982 -0.00148398 -0.00149244 -0.00148809 -0.00145255 -0.00146347 
0 5.75946e-05 0.000115411 0.000177797 0.000244478 0.000299801 0.000353909 0.00043208 0.000504772 0.000558374 0.000638427 0.000729004 0.000798359 0.000886501 0.000988514 0.00108357 0.00120358 0.00132971 0.00146254 0.00163596 0.00181138 0.00201787 0.00228956 0.0025737 0.00292939 0.00338088 0.00388369 0.00450481 0.00523832 0.00608612 0.0070788 0.0081526 0.00935427 0.0106372 0.0118874 0.0131085 0.0141712 0.0149926 0.0154538 0.0153989 0.0148333 0.0136224 0.0117349 0.00919602 0.00604223 0.00247871 -0.0014334 -0.00548054 -0.0094518 -0.0131462 -0.0163052 -0.0188903 -0.0207465 -0.0218695 -0.0222203 -0.0218196 -0.0208419 -0.0193601 -0.0176095 -0.0156314 -0.0135817 -0.0115326 -0.00956932 -0.00781839 -0.00626181 -0.00500132 -0.0039293 -0.00309981 -0.0024085 -0.00187454 -0.00145549 -0.00112649 -0.000906163 -0.000721149 -0.00063209 -0.000536304 -0.000516288 -0.000467609 -0.000473259 -0.000448168 -0.000456996 -0.000445648 -0.000448947 -0.000447664 -0.000443436 -0.000450243 -0.000439165 -0.000452289 -0.000435895 -0.000453604 -0.000433514 -0.00045428 -0.000431875 -0.000454505 -0.000430813 -0.000454474 -0.000430173 -0.000454355 -0.000429838 -0.000454266 -0.000429735 -0.000454266 -0.000429838 -0.000454355 -0.000430173 -0.000454474 -0.000430813 -0.000454505 -0.000431875 -0.00045428 -0.000433513 -0.000453602 -0.000435891 -0.000452277 -0.000439131 -0.000450151 -0.000443198 -0.000447067 -0.000447511 -0.000442325 -0.000449611 -0.000432412 -0.000441006 -0.000404316 -0.0003973 -0.000322107 -0.000262946 -0.000111975 5.72729e-05 0.000336315 0.000682757 0.00114682 0.00173975 0.00246593 0.00340607 0.00452693 0.00594433 0.00757326 0.0094718 0.0115052 0.0136307 0.0157454 0.0177325 0.0195417 0.0209576 0.0219061 0.0221561 0.0216719 0.0204068 0.0183679 0.0156532 0.012264 0.00842872 0.00429378 0.000125069 -0.00387525 -0.0075954 -0.0108067 -0.0134467 -0.0153881 -0.0166581 -0.0173329 -0.0173975 -0.0169997 -0.016206 -0.0151592 -0.0139772 -0.01267 -0.0113903 -0.0101686 -0.00902491 -0.00801401 -0.00709746 -0.0063306 -0.00568467 -0.00510782 -0.00465818 -0.00427794 -0.00394476 -0.00368993 -0.00346154 -0.00327288 -0.00312342 -0.0029771 -0.00286972 -0.00277715 -0.00267229 -0.00260396 -0.00254738 -0.00247397 -0.00242289 -0.00238416 -0.00234202 -0.00231151 -0.00227717 -0.00224789 -0.00224037 -0.00221756 -0.00218964 -0.00219792 
0 6.75035e-05 0.000156906 0.000244478 0.000309841 0.000408133 0.000514097 0.000556057 0.000636481 0.00078239 0.00087184 0.00095673 0.00108308 0.00119154 0.00132656 0.00146747 0.00159874 0.00179954 0.00199203 0.0021862 0.00247199 0.0027508 0.00307624 0.00351789 0.00399466 0.0045862 0.00530294 0.00612936 0.00713619 0.00826103 0.00955357 0.0110221 0.0125637 0.0142061 0.0158414 0.017376 0.0187236 0.0196915 0.0202069 0.0200972 0.0192436 0.0175973 0.0150675 0.0117321 0.00763993 0.00295268 -0.00211573 -0.00736962 -0.0124929 -0.0172611 -0.0214042 -0.0247546 -0.0272052 -0.0286589 -0.0291466 -0.0286872 -0.0274507 -0.0255906 -0.0232987 -0.0207468 -0.018056 -0.0153882 -0.012828 -0.0105112 -0.00847305 -0.00675935 -0.00534524 -0.00419706 -0.00328298 -0.00254792 -0.00198619 -0.00154468 -0.00123177 -0.000997129 -0.000847652 -0.000741918 -0.000681814 -0.000642551 -0.000620994 -0.000610253 -0.000601252 -0.000601257 -0.000594896 -0.00059878 -0.000592392 -0.000597692 -0.000591017 -0.000596755 -0.000590068 -0.000595782 -0.000589353 -0.000594817 -0.000588803 -0.000593941 -0.000588387 -0.000593224 -0.000588092 -0.000592718 -0.000587916 -0.000592456 -0.000587857 -0.000592456 -0.000587916 -0.000592718 -0.000588092 -0.000593224 -0.000588387 -0.000593941 -0.000588803 -0.000594817 -0.000589352 -0.000595779 -0.00059006 -0.000596732 -0.000590954 -0.000597528 -0.000591974 -0.000597757 -0.000592486 -0.000595797 -0.000589361 -0.000585378 -0.000571057 -0.000546395 -0.000504302 -0.00042783 -0.000314975 -0.000130765 0.000121163 0.000488044 0.000961177 0.0015932 0.00238244 0.00338762 0.00463254 0.00616928 0.00802954 0.0102033 0.0126745 0.0153347 0.0181142 0.020857 0.0234632 0.0257591 0.027574 0.0287243 0.0290151 0.0283679 0.0266933 0.0240472 0.0204676 0.0160942 0.011133 0.00580018 0.000411309 -0.00482454 -0.00963298 -0.0138332 -0.0172924 -0.019889 -0.0216571 -0.0225759 -0.0227646 -0.022341 -0.0213941 -0.0201144 -0.0185759 -0.0169411 -0.0153015 -0.0136723 -0.0121892 -0.0108336 -0.00962819 -0.00859854 -0.00768456 -0.00695259 -0.00632687 -0.0057672 -0.00535437 -0.00498035 -0.00465196 -0.00441669 -0.00418873 -0.0040066 -0.00385561 -0.00370517 -0.00361468 -0.00349601 -0.00336309 -0.00332533 -0.00326898 -0.00317423 -0.00313474 -0.00308972 -0.00304313 -0.00302644 -0.00297868 -0.00295005 -0.00295976 -0.00292955 
0 0.000118058 0.00019356 0.000299801 0.000408133 0.000487969 0.000610535 0.000744226 0.000844274 0.000957693 0.00107986 0.00120729 0.00136082 0.00151544 0.00167729 0.00185616 0.00205081 0.00227879 0.00251152 0.00278164 0.00313869 0.00351522 0.00394955 0.00451394 0.00515079 0.005893 0.00679962 0.00787073 0.00912233 0.0105365 0.0121543 0.0139662 0.0158576 0.0178142 0.0197665 0.0215705 0.0230875 0.0241422 0.0246297 0.0243814 0.0232192 0.0210888 0.0179486 0.0138548 0.00888327 0.00318535 -0.00295555 -0.00927367 -0.0154412 -0.0211787 -0.0262131 -0.0302896 -0.0332765 -0.0350677 -0.0356961 -0.035225 -0.0337942 -0.0316066 -0.0288476 -0.025756 -0.0224889 -0.0192363 -0.0161242 -0.0132694 -0.0107577 -0.00860303 -0.00682785 -0.00536729 -0.00420879 -0.00327876 -0.00256033 -0.0020073 -0.00159511 -0.00130365 -0.00109346 -0.000964784 -0.000869712 -0.000824858 -0.000784296 -0.000773611 -0.000755276 -0.00075469 -0.000745415 -0.000745777 -0.000741265 -0.000739919 -0.00073882 -0.000735393 -0.000737032 -0.000731835 -0.00073563 -0.000729121 -0.000734526 -0.00072714 -0.000733684 -0.000725776 -0.000733088 -0.000724929 -0.000732732 -0.000724525 -0.000732614 -0.000724525 -0.000732732 -0.000724929 -0.000733088 -0.000725776 -0.000733684 -0.00072714 -0.000734526 -0.000729121 -0.000735628 -0.00073183 -0.000737018 -0.000735352 -0.00073871 -0.000739635 -0.000740559 -0.000744086 -0.000741516 -0.000746046 -0.000736855 -0.000735904 -0.000710193 -0.000685109 -0.000616878 -0.000525959 -0.000362529 -0.000134195 0.000205074 0.000665265 0.00127902 0.00208012 0.00309081 0.00437637 0.00595598 0.00790562 0.0102185 0.0129153 0.0159275 0.0191769 0.0225471 0.0258766 0.0290183 0.0317424 0.0338654 0.035153 0.0354427 0.0346053 0.0325568 0.0293265 0.0249744 0.0197089 0.0137495 0.00736959 0.000872888 -0.00545494 -0.0112786 -0.0163908 -0.0206301 -0.0239009 -0.026169 -0.0274145 -0.0277796 -0.0273991 -0.0263973 -0.0249291 -0.0231338 -0.0212133 -0.0192504 -0.0172914 -0.0154622 -0.0137963 -0.0123071 -0.0109833 -0.00982706 -0.00888131 -0.00806218 -0.0073495 -0.00679789 -0.00633021 -0.00591935 -0.00558753 -0.00530625 -0.00506868 -0.00485006 -0.00466173 -0.00452511 -0.00438924 -0.00427384 -0.00418768 -0.00407321 -0.00399046 -0.00395148 -0.00387209 -0.00381011 -0.00379122 -0.00374278 -0.0037149 -0.00371591 -0.00367346 
0 0.000137923 0.000225671 0.000353909 0.000514097 0.000610535 0.000718211 0.000894836 0.00102935 0.00114355 0.00132418 0.00148871 0.00163992 0.00184567 0.00203605 0.00224306 0.00251728 0.00277567 0.00307357 0.00345131 0.00384696 0.00432786 0.00489775 0.00555742 0.00638062 0.0073113 0.00841887 0.00976513 0.011254 0.0129659 0.014901 0.0169841 0.0192031 0.0214236 0.0236133 0.0256254 0.027214 0.0283001 0.0286774 0.0281933 0.0266898 0.0240303 0.0202975 0.0154737 0.00967961 0.00310488 -0.00399358 -0.01121 -0.0182865 -0.0248622 -0.0306565 -0.035397 -0.0388499 -0.0409913 -0.041776 -0.041348 -0.0398075 -0.0373564 -0.0342369 -0.030658 -0.026902 -0.0231076 -0.0194917 -0.0161319 -0.0131449 -0.0105662 -0.0083937 -0.0066283 -0.00518528 -0.00406391 -0.00316316 -0.00249446 -0.00197504 -0.00161183 -0.00134869 -0.00117437 -0.00106385 -0.000988302 -0.000954081 -0.000920413 -0.000917748 -0.000898494 -0.000906399 -0.000891704 -0.000901876 -0.000889358 -0.00089882 -0.000888306 -0.000896064 -0.000887679 -0.000893519 -0.000887226 -0.000891291 -0.000886865 -0.00088948 -0.00088658 -0.00088815 -0.000886377 -0.000887341 -0.000886271 -0.000887069 -0.000886271 -0.000887341 -0.000886377 -0.00088815 -0.00088658 -0.00088948 -0.000886865 -0.000891291 -0.000887225 -0.000893516 -0.00088767 -0.000896037 -0.000888233 -0.00089863 -0.000888879 -0.00090071 -0.000888973 -0.000900242 -0.000885148 -0.000889938 -0.000864739 -0.000847055 -0.000790795 -0.000713972 -0.00057927 -0.000376089 -8.2397e-05 0.000343785 0.000904782 0.00167206 0.00263654 0.00389602 0.0054481 0.00739371 0.0097327 0.0125068 0.015688 0.0192071 0.0229995 0.0268875 0.0307562 0.0343347 0.0374327 0.0397702 0.0411428 0.0413877 0.0403305 0.0379417 0.0341538 0.029137 0.0230744 0.0162479 0.00897076 0.0014991 -0.00574994 -0.0124917 -0.0184205 -0.0233826 -0.0273113 -0.0300667 -0.0317216 -0.0323347 -0.0320858 -0.0311415 -0.0295754 -0.0276508 -0.0255028 -0.0232564 -0.0210328 -0.0188605 -0.0168954 -0.0151164 -0.0134949 -0.0121254 -0.0109335 -0.00991757 -0.00907141 -0.0083305 -0.00774616 -0.00724381 -0.00679002 -0.00645729 -0.00615323 -0.00587771 -0.00568093 -0.00547374 -0.00529714 -0.00518404 -0.00503741 -0.0049071 -0.00484065 -0.00475565 -0.00466578 -0.0046147 -0.00456611 -0.00451511 -0.00447783 -0.00445059 -0.00443713 
0 0.000117301 0.000298411 0.00043208 0.000556057 0.000744226 0.000894836 0.00101537 0.00119136 0.00138068 0.00156517 0.00175786 0.00194975 0.00217402 0.00242293 0.00268094 0.00297703 0.00330723 0.00369162 0.00413491 0.00462224 0.00521643 0.00591982 0.00672944 0.00771146 0.00885942 0.0102039 0.0117735 0.0135434 0.0155527 0.0177611 0.0201209 0.0225904 0.0250396 0.0273901 0.0294678 0.0310726 0.0320675 0.0322412 0.03145 0.0295237 0.0263726 0.0220424 0.0165462 0.0100329 0.00268751 -0.00517656 -0.0131733 -0.0209978 -0.0282784 -0.034726 -0.0400131 -0.0439209 -0.0463772 -0.0473656 -0.0470182 -0.0454265 -0.042809 -0.0393873 -0.0354347 -0.0312342 -0.0269825 -0.0228976 -0.0190709 -0.0156383 -0.0126274 -0.0100798 -0.00797444 -0.0062644 -0.00491568 -0.00384413 -0.00303627 -0.00240911 -0.00196561 -0.00163504 -0.00142031 -0.00126984 -0.00117931 -0.0011226 -0.00108703 -0.00107165 -0.00105507 -0.00105556 -0.00104374 -0.00104983 -0.00103874 -0.00104664 -0.00103579 -0.00104402 -0.00103374 -0.00104167 -0.00103223 -0.0010396 -0.00103112 -0.00103791 -0.00103035 -0.00103666 -0.00102985 -0.0010359 -0.00102961 -0.00103564 -0.00102961 -0.0010359 -0.00102985 -0.00103666 -0.00103035 -0.00103791 -0.00103112 -0.0010396 -0.00103222 -0.00104166 -0.00103372 -0.00104398 -0.00103567 -0.00104632 -0.00103795 -0.00104794 -0.00103942 -0.00104604 -0.00103489 -0.00103052 -0.00100653 -0.000971235 -0.000906012 -0.000795899 -0.00063046 -0.000368605 -8.5251e-06 0.000513118 0.00119326 0.00211201 0.00327622 0.00477627 0.00664007 0.0089379 0.0116949 0.0149058 0.018557 0.0225481 0.0268158 0.0311731 0.0354646 0.0394126 0.0427588 0.0452401 0.0466181 0.0467537 0.0454689 0.0427188 0.038469 0.0328689 0.0261614 0.0186198 0.0105888 0.00235239 -0.00568281 -0.0131801 -0.0198538 -0.025497 -0.0300277 -0.0333228 -0.0354159 -0.0363851 -0.036362 -0.0355339 -0.0340188 -0.0320372 -0.0297541 -0.0273035 -0.024841 -0.0224238 -0.0201568 -0.0180852 -0.0162117 -0.0145786 -0.0131432 -0.0119145 -0.0108869 -0.00999065 -0.00924371 -0.0086257 -0.00809691 -0.00765706 -0.00727593 -0.00696362 -0.00670449 -0.00645972 -0.00625395 -0.00606962 -0.00591293 -0.0058104 -0.00568359 -0.00555212 -0.00549547 -0.00542975 -0.00533883 -0.00530157 -0.00526191 -0.0052078 -0.00520795 
0 0.000144637 0.000353429 0.000504772 0.000636481 0.000844274 0.00102935 0.00119136 0.00141104 0.00160656 0.00178088 0.00203027 0.00228719 0.00252672 0.00282884 0.00315273 0.00348098 0.0038843 0.00434544 0.0048574 0.00546997 0.00619331 0.0070464 0.00803476 0.00918413 0.0105667 0.0121489 0.0139343 0.0160008 0.0182846 0.0207433 0.0233514 0.0260058 0.0286273 0.0310328 0.0330649 0.0345948 0.035376 0.0352603 0.0340736 0.0316802 0.0280538 0.0231361 0.0170458 0.00990798 0.00193843 -0.00651472 -0.0151505 -0.0235514 -0.0314073 -0.0383667 -0.0441025 -0.0484289 -0.05118 -0.0524198 -0.0521804 -0.0506168 -0.0479114 -0.0442813 -0.0400615 -0.0354836 -0.0308618 -0.026339 -0.0221 -0.0182333 -0.0148081 -0.0118867 -0.00942625 -0.00744996 -0.00584324 -0.00460762 -0.00362923 -0.00290311 -0.00235379 -0.00196016 -0.00168901 -0.00149592 -0.00138584 -0.00129725 -0.0012657 -0.00122279 -0.00122232 -0.00119699 -0.00120558 -0.00118763 -0.00119682 -0.00118348 -0.00119051 -0.00118116 -0.00118539 -0.00117967 -0.00118123 -0.00117867 -0.001178 -0.00117799 -0.00117566 -0.00117755 -0.00117413 -0.0011773 -0.00117338 -0.00117721 -0.00117338 -0.0011773 -0.00117413 -0.00117755 -0.00117566 -0.00117799 -0.001178 -0.00117867 -0.00118123 -0.00117966 -0.00118536 -0.00118108 -0.0011903 -0.00118295 -0.00119553 -0.00118464 -0.00119888 -0.00118254 -0.00119237 -0.0011631 -0.00115141 -0.00108704 -0.00101441 -0.000865192 -0.000658749 -0.000338937 0.000109324 0.000720522 0.00155099 0.00261569 0.00401573 0.00575651 0.00796003 0.0106113 0.0137856 0.0174257 0.0215076 0.0259468 0.0306107 0.0353783 0.0399774 0.0441973 0.0476846 0.0502145 0.0515405 0.0514936 0.0499714 0.0468528 0.0422175 0.0361486 0.0289322 0.0208495 0.0122139 0.00341486 -0.00523765 -0.0133424 -0.0206504 -0.0269297 -0.0320093 -0.0358635 -0.0384403 -0.0398411 -0.0401535 -0.0395208 -0.0381774 -0.0362456 -0.0339184 -0.0313618 -0.0287139 -0.0261201 -0.0235964 -0.0212395 -0.0191304 -0.017219 -0.0155285 -0.0140718 -0.0128271 -0.011775 -0.0108618 -0.0101059 -0.00949239 -0.00893402 -0.00846787 -0.00810067 -0.00774743 -0.00745513 -0.00724545 -0.00702594 -0.00682723 -0.00668898 -0.00654295 -0.00641229 -0.0063293 -0.00622801 -0.00613579 -0.00610479 -0.00606492 -0.00600535 -0.00598323 
0 0.000205809 0.00036332 0.000558374 0.00078239 0.000957693 0.00114355 0.00138068 0.00160656 0.00182381 0.00206738 0.0023347 0.00262172 0.00291444 0.00324094 0.00362988 0.00404252 0.00450804 0.00506787 0.00568625 0.00640528 0.00727631 0.00827952 0.0094452 0.0108236 0.0124347 0.0142654 0.0163192 0.0186393 0.0211756 0.0238471 0.0266197 0.0294135 0.032089 0.0344566 0.0363746 0.0376972 0.0381958 0.0376895 0.036036 0.0331632 0.0290175 0.0235689 0.0169362 0.009281 0.000857837 -0.00804833 -0.0171164 -0.0259481 -0.034208 -0.0415283 -0.0476337 -0.0522954 -0.0553712 -0.0568646 -0.0568007 -0.0553389 -0.0526265 -0.0489229 -0.0445122 -0.0396844 -0.0347364 -0.0298484 -0.0252243 -0.0209432 -0.0171282 -0.0138077 -0.0110107 -0.00871818 -0.00686641 -0.00542013 -0.0042783 -0.00342586 -0.00276715 -0.00230487 -0.00196099 -0.00173849 -0.00158292 -0.00148893 -0.00143097 -0.00139335 -0.0013786 -0.00136014 -0.00136223 -0.00134822 -0.00135644 -0.00134278 -0.00135312 -0.00133938 -0.00135028 -0.00133688 -0.00134764 -0.00133497 -0.00134531 -0.00133354 -0.00134343 -0.00133255 -0.00134211 -0.00133196 -0.00134144 -0.00133177 -0.00134144 -0.00133196 -0.00134211 -0.00133255 -0.00134343 -0.00133354 -0.00134531 -0.00133497 -0.00134764 -0.00133686 -0.00135023 -0.00133924 -0.00135277 -0.00134191 -0.00135439 -0.00134357 -0.00135202 -0.00133861 -0.00133493 -0.00130821 -0.00127147 -0.00120183 -0.00108625 -0.000912163 -0.000637208 -0.000258994 0.000291126 0.00101052 0.00198986 0.00323768 0.00486004 0.00688673 0.00940475 0.0124376 0.0159925 0.0200514 0.0245248 0.0293545 0.0343699 0.0394337 0.044271 0.0486213 0.052175 0.0546577 0.0558701 0.0556122 0.053805 0.0503676 0.0453778 0.0389714 0.0313744 0.0228952 0.0138449 0.00462442 -0.00443929 -0.0130172 -0.020829 -0.0276395 -0.0332482 -0.037614 -0.040724 -0.0426124 -0.0433465 -0.0430599 -0.0419726 -0.0402301 -0.0379778 -0.0353943 -0.0326601 -0.029904 -0.0271762 -0.0245823 -0.0222083 -0.0200552 -0.0181213 -0.0164209 -0.0149687 -0.0137128 -0.0126201 -0.0117152 -0.0109473 -0.0102834 -0.0097396 -0.00927882 -0.00887776 -0.00853335 -0.00824513 -0.00801007 -0.0077787 -0.00756987 -0.00743526 -0.00730399 -0.00715643 -0.00706787 -0.0069985 -0.00690143 -0.00684079 -0.00681699 -0.00677703 
0 0.000221512 0.000412196 0.000638427 0.00087184 0.00107986 0.00132418 0.00156517 0.00178088 0.00206738 0.0023786 0.00264944 0.0029673 0.00333256 0.00371218 0.00415308 0.00464273 0.00519648 0.00585364 0.00659229 0.00745838 0.00848268 0.00965515 0.0110387 0.0126464 0.0144781 0.0165654 0.0188839 0.0214378 0.0241888 0.0270346 0.0299318 0.0327748 0.035394 0.0376319 0.0393225 0.0403198 0.040425 0.039443 0.0372927 0.0339129 0.02926 0.0233418 0.0162554 0.00822397 -0.000519844 -0.00971913 -0.0190518 -0.0281642 -0.0366658 -0.0442388 -0.0506123 -0.0555609 -0.0589507 -0.0607019 -0.0608685 -0.0595523 -0.0569316 -0.053244 -0.0487499 -0.0437707 -0.0385632 -0.0333863 -0.0284046 -0.0237633 -0.0195662 -0.0158717 -0.0127329 -0.0101167 -0.00801259 -0.00632903 -0.00502496 -0.00401359 -0.0032536 -0.00269075 -0.00228253 -0.0020043 -0.00180763 -0.00169151 -0.00160571 -0.00156759 -0.00153083 -0.00152326 -0.00150535 -0.00150687 -0.00149621 -0.00149896 -0.00149197 -0.00149362 -0.00148931 -0.0014894 -0.00148734 -0.00148601 -0.00148583 -0.00148341 -0.00148472 -0.00148157 -0.00148398 -0.00148048 -0.00148361 -0.00148012 -0.00148361 -0.00148048 -0.00148398 -0.00148157 -0.00148472 -0.00148341 -0.00148583 -0.00148601 -0.00148732 -0.00148936 -0.00148922 -0.00149339 -0.0014914 -0.00149758 -0.00149302 -0.00149975 -0.00149007 -0.00149173 -0.00146824 -0.00144816 -0.0013867 -0.0013055 -0.00115343 -0.000937155 -0.000604463 -0.000141274 0.000499904 0.00136041 0.00248534 0.00395113 0.00580469 0.00814183 0.0109873 0.0143979 0.0183372 0.0227782 0.0276305 0.0327854 0.0381022 0.0433622 0.0483329 0.0527005 0.0561999 0.0585572 0.0595653 0.0590624 0.056939 0.0532058 0.0479284 0.0412792 0.0334588 0.0247382 0.0154682 0.00600319 -0.00330636 -0.0121907 -0.0203846 -0.0276221 -0.0337248 -0.0386002 -0.0422499 -0.0446791 -0.0459096 -0.0460787 -0.0453497 -0.0438821 -0.0418257 -0.03933 -0.0365964 -0.0337526 -0.0308857 -0.0281167 -0.025502 -0.0230969 -0.0209297 -0.0189821 -0.0172858 -0.0158152 -0.0145362 -0.01346 -0.0125343 -0.0117501 -0.0111013 -0.0105296 -0.0100649 -0.00967713 -0.00929461 -0.00899471 -0.0087739 -0.00854118 -0.00833853 -0.00818523 -0.00804173 -0.00793088 -0.00783929 -0.00773752 -0.00766618 -0.00762941 -0.00759217 
0 0.000227697 0.000480238 0.000729004 0.00095673 0.00120729 0.00148871 0.00175786 0.00203027 0.0023347 0.00264944 0.00298112 0.00336121 0.00378606 0.0042359 0.00472652 0.00530926 0.00597417 0.00670881 0.00759793 0.00864505 0.00981868 0.0112095 0.0128295 0.0146517 0.016729 0.0190554 0.0216212 0.0243907 0.0272868 0.0302754 0.0332284 0.0360046 0.038485 0.0404777 0.0418421 0.0424105 0.0420049 0.0405126 0.0378258 0.033927 0.0287971 0.0224553 0.0150462 0.00675425 -0.00217295 -0.0115035 -0.0209529 -0.0301584 -0.0387748 -0.0464773 -0.0530317 -0.0582248 -0.0618875 -0.0639304 -0.0643504 -0.0632584 -0.0608123 -0.0572341 -0.0527752 -0.0477208 -0.0423563 -0.0369321 -0.0316558 -0.02668 -0.0221264 -0.0180771 -0.0145839 -0.0116538 -0.00926035 -0.00734472 -0.00583993 -0.00467343 -0.00378558 -0.00312058 -0.00263612 -0.00229202 -0.00205616 -0.00190021 -0.00179972 -0.00173876 -0.00170024 -0.0016795 -0.0016645 -0.0016582 -0.00165073 -0.00164906 -0.00164385 -0.00164369 -0.00163932 -0.00163976 -0.00163597 -0.00163672 -0.00163346 -0.00163443 -0.00163165 -0.00163283 -0.00163049 -0.00163187 -0.00162992 -0.00163156 -0.00162992 -0.00163187 -0.00163049 -0.00163283 -0.00163165 -0.00163443 -0.00163345 -0.00163672 -0.00163595 -0.0016397 -0.00163918 -0.00164331 -0.00164293 -0.0016469 -0.00164584 -0.0016475 -0.00164203 -0.00163409 -0.00161198 -0.00157387 -0.00150359 -0.00138886 -0.00120656 -0.000932106 -0.00053508 2.07582e-05 0.000774471 0.00177697 0.00308368 0.00476524 0.00689142 0.00953128 0.0127282 0.016497 0.0208089 0.0256041 0.030785 0.036226 0.04175 0.0471354 0.0521132 0.0564032 0.0597398 0.0618811 0.0626304 0.0618247 0.0594018 0.0553837 0.0498923 0.0430896 0.0351638 0.0263795 0.0170439 0.00752167 -0.00189086 -0.0109337 -0.0193544 -0.0269284 -0.0334447 -0.0388218 -0.0430069 -0.045983 -0.0477935 -0.048494 -0.0482341 -0.0471428 -0.0453741 -0.04311 -0.0404659 -0.0376169 -0.0346989 -0.031795 -0.0289999 -0.0263552 -0.0239411 -0.0217731 -0.0198056 -0.0181022 -0.0166458 -0.0153622 -0.0142718 -0.0133569 -0.0125692 -0.0118877 -0.0113095 -0.0108445 -0.0104388 -0.0100672 -0.00978116 -0.00953805 -0.00929423 -0.00911008 -0.00896365 -0.00879603 -0.00867239 -0.0086175 -0.00854677 -0.00846297 -0.00842668 
0 0.000273473 0.000530007 0.000798359 0.00108308 0.00136082 0.00163992 0.00194975 0.00228719 0.00262172 0.0029673 0.00336121 0.00379706 0.0042655 0.00477728 0.00536674 0.00606439 0.00683334 0.00770244 0.00875781 0.00995955 0.0113223 0.0129384 0.0147842 0.016859 0.0191841 0.0217511 0.0245478 0.0274654 0.0304667 0.0335115 0.0364044 0.0390297 0.0412551 0.0429152 0.0438665 0.0439026 0.0429412 0.0408891 0.0376494 0.0332386 0.0276428 0.0209663 0.0133314 0.00490252 -0.00406983 -0.0133974 -0.0227809 -0.0319275 -0.0405149 -0.0482387 -0.0549036 -0.0602707 -0.0641934 -0.0665266 -0.0672507 -0.0664534 -0.0642618 -0.0609003 -0.0565632 -0.0515413 -0.0460914 -0.0404906 -0.0349673 -0.0296883 -0.0248106 -0.0204081 -0.0165751 -0.01331 -0.0106228 -0.00844807 -0.00672948 -0.00539084 -0.00436018 -0.00358899 -0.00301207 -0.0026069 -0.00231521 -0.00212898 -0.00199909 -0.00192632 -0.00187499 -0.00185076 -0.0018318 -0.00182406 -0.00181696 -0.00181324 -0.00181054 -0.00180708 -0.00180644 -0.00180252 -0.00180316 -0.00179886 -0.00180046 -0.001796 -0.00179837 -0.00179396 -0.00179693 -0.00179273 -0.00179621 -0.00179232 -0.00179621 -0.00179273 -0.00179693 -0.00179396 -0.00179837 -0.001796 -0.00180046 -0.00179884 -0.00180313 -0.00180242 -0.0018062 -0.00180648 -0.0018091 -0.00180991 -0.00180957 -0.00180827 -0.00179929 -0.0017864 -0.00175249 -0.00170212 -0.00160454 -0.00146106 -0.00122643 -0.000895235 -0.000411166 0.000242163 0.00112941 0.00228892 0.0037953 0.00571711 0.00812388 0.0110867 0.0146209 0.0187463 0.023393 0.0285125 0.0339677 0.039629 0.0452852 0.0506918 0.055589 0.0596896 0.0627836 0.0646242 0.065058 0.0639291 0.0612062 0.0569579 0.0512994 0.0444311 0.0365041 0.0277894 0.0185567 0.00911178 -0.000251141 -0.00932261 -0.0178313 -0.0256068 -0.0324652 -0.038276 -0.0429811 -0.0465068 -0.0489219 -0.0502489 -0.0505437 -0.0499481 -0.0485845 -0.0466438 -0.0442196 -0.0414459 -0.0385391 -0.0355712 -0.0326313 -0.0298094 -0.0271724 -0.0247811 -0.0225878 -0.0206299 -0.0189524 -0.0174634 -0.0161651 -0.0150815 -0.0141553 -0.0133607 -0.0126778 -0.012106 -0.0116407 -0.0112217 -0.0108444 -0.0105443 -0.0102997 -0.0100777 -0.00988229 -0.00973136 -0.00960607 -0.00948201 -0.00939013 -0.00933553 -0.00928577 
0 0.000297646 0.000591535 0.000886501 0.00119154 0.00151544 0.00184567 0.00217402 0.00252672 0.00291444 0.00333256 0.00378606 0.0042655 0.00479026 0.00540731 0.00610958 0.00688578 0.00778423 0.00884057 0.0100497 0.0114356 0.0130395 0.0148736 0.0169546 0.019278 0.0218293 0.0246219 0.0275787 0.0306072 0.0336788 0.0366677 0.0394219 0.0417996 0.0436586 0.0448947 0.0453018 0.044743 0.0431814 0.0405281 0.036762 0.031853 0.0258727 0.0189612 0.0111972 0.00277208 -0.00614713 -0.0153272 -0.0245112 -0.0334772 -0.0419086 -0.0495908 -0.0562739 -0.0617681 -0.0659063 -0.0685159 -0.0695856 -0.0691161 -0.0672683 -0.0641844 -0.0600683 -0.0551653 -0.0497128 -0.0440229 -0.0382984 -0.0327851 -0.0276014 -0.0228892 -0.018717 -0.0151258 -0.0121344 -0.00968043 -0.00773909 -0.00619589 -0.00502188 -0.00411099 -0.00344605 -0.00295012 -0.00260673 -0.0023679 -0.00220969 -0.00211242 -0.00204536 -0.00201447 -0.00198443 -0.00197995 -0.00196229 -0.00196689 -0.00195292 -0.00196023 -0.0019477 -0.0019556 -0.00194416 -0.00195196 -0.00194162 -0.00194913 -0.00193983 -0.00194709 -0.00193869 -0.00194587 -0.00193813 -0.00194546 -0.00193813 -0.00194587 -0.00193869 -0.00194709 -0.00193983 -0.00194912 -0.00194161 -0.00195194 -0.0019441 -0.00195545 -0.00194731 -0.00195928 -0.00195069 -0.00196185 -0.00195133 -0.00195699 -0.00193814 -0.00192468 -0.00187787 -0.00181199 -0.00169134 -0.00150701 -0.00122876 -0.000820472 -0.00025992 0.000517987 0.00153238 0.00288061 0.00459075 0.00678116 0.00948009 0.0127739 0.0166525 0.0211107 0.0260878 0.0314793 0.0371819 0.0429845 0.0487061 0.054041 0.0587609 0.0625933 0.0653389 0.066819 0.0668542 0.0653857 0.0623632 0.0579179 0.0521627 0.0452819 0.037476 0.028943 0.0199711 0.0107574 0.00157101 -0.00737315 -0.0158684 -0.0237185 -0.0308315 -0.037027 -0.0422034 -0.0463019 -0.0493163 -0.0513025 -0.0522307 -0.0521986 -0.0513549 -0.0498152 -0.0477186 -0.0451679 -0.0423478 -0.0394062 -0.0363988 -0.0334465 -0.0306328 -0.0280003 -0.0255912 -0.0234033 -0.0214575 -0.0197631 -0.018279 -0.0169875 -0.0158901 -0.0149664 -0.0141748 -0.0134824 -0.0128937 -0.0124164 -0.0120099 -0.011641 -0.0113339 -0.0110826 -0.01086 -0.0106914 -0.0105486 -0.01039 -0.0102853 -0.010237 -0.0101714 
0 0.000311187 0.00065008 0.000988514 0.00132656 0.00167729 0.00203605 0.00242293 0.00282884 0.00324094 0.00371218 0.0042359 0.00477728 0.00540731 0.00614105 0.00692334 0.00781719 0.00888962 0.0101123 0.0114981 0.0131085 0.0149579 0.0170314 0.0193407 0.0218979 0.0246767 0.0276263 0.0306857 0.0337889 0.0368274 0.0396693 0.0421833 0.0442099 0.0456316 0.046319 0.0461081 0.044925 0.04272 0.0394776 0.0351827 0.029832 0.0235626 0.0164847 0.00871508 0.000386928 -0.0083517 -0.0172492 -0.02613 -0.0347769 -0.0429777 -0.0505233 -0.0571608 -0.0627359 -0.0670354 -0.0699407 -0.0713601 -0.071289 -0.0698392 -0.0671046 -0.0632968 -0.0585783 -0.0532279 -0.047499 -0.0416555 -0.0359377 -0.0304919 -0.0254917 -0.0209868 -0.0170845 -0.0137629 -0.0110372 -0.00883331 -0.00709096 -0.00573938 -0.00469268 -0.00391879 -0.00333028 -0.00292779 -0.00262685 -0.00244488 -0.00230724 -0.00223824 -0.00218086 -0.00215911 -0.00213619 -0.00212943 -0.00212059 -0.00211636 -0.002114 -0.00210868 -0.00211013 -0.0021032 -0.0021073 -0.0020991 -0.00210516 -0.00209614 -0.00210362 -0.00209422 -0.0021027 -0.00209328 -0.00210239 -0.00209328 -0.0021027 -0.00209422 -0.00210362 -0.00209614 -0.00210515 -0.00209908 -0.00210727 -0.0021031 -0.00210988 -0.00210806 -0.00211253 -0.00211298 -0.00211309 -0.00211344 -0.00210334 -0.00209419 -0.00205744 -0.00201255 -0.00191026 -0.00177289 -0.00153113 -0.00120416 -0.000708859 -5.32437e-05 0.000852627 0.0020272 0.00356395 0.00552031 0.00797486 0.011 0.0146095 0.0188372 0.0236016 0.0288756 0.0345039 0.040378 0.0462686 0.0519458 0.0571421 0.0615822 0.065078 0.0674038 0.0684502 0.0680617 0.0662157 0.0629364 0.058319 0.0525342 0.0457139 0.0380981 0.0298682 0.0212436 0.0124021 0.00350952 -0.00519218 -0.0135473 -0.0213918 -0.0286294 -0.0351287 -0.0407214 -0.0453548 -0.0489835 -0.0516088 -0.0532225 -0.0538437 -0.0535934 -0.0525661 -0.0508819 -0.0486775 -0.0460722 -0.0432155 -0.040233 -0.0372242 -0.0342694 -0.0314396 -0.0288137 -0.0264132 -0.0242231 -0.022279 -0.020602 -0.019123 -0.017812 -0.0167146 -0.0157905 -0.0149725 -0.0142805 -0.0137104 -0.0132225 -0.0128068 -0.0124529 -0.012154 -0.0118956 -0.0116614 -0.0114846 -0.0113706 -0.0112619 -0.011156 -0.0110908 
0 0.000366363 0.000725418 0.00108357 0.00146747 0.00185616 0.00224306 0.00268094 0.00315273 0.00362988 0.00415308 0.00472652 0.00536674 0.00610958 0.00692334 0.00783729 0.00892066 0.010159 0.0115579 0.0131548 0.0149873 0.0170792 0.019385 0.0219207 0.0247202 0.0276825 0.0307378 0.0338585 0.0369357 0.0398365 0.0424232 0.0445789 0.0461801 0.047066 0.0471225 0.0462671 0.0444306 0.0415958 0.0377683 0.0329686 0.0272667 0.0207755 0.0136286 0.00593884 -0.00219739 -0.0106178 -0.0191403 -0.0275994 -0.0358448 -0.0437346 -0.0510548 -0.0576051 -0.0631899 -0.0676389 -0.0708225 -0.0726127 -0.0729917 -0.0719758 -0.0696737 -0.0662187 -0.0617795 -0.0565969 -0.0509085 -0.0450136 -0.0391287 -0.0334762 -0.0281912 -0.0233934 -0.0191632 -0.0155266 -0.0125042 -0.0100293 -0.00807099 -0.00652051 -0.00533756 -0.0044275 -0.0037588 -0.00326747 -0.00292279 -0.00268879 -0.00252989 -0.00243596 -0.00236824 -0.00233904 -0.00230846 -0.00230438 -0.00228644 -0.00229059 -0.00227664 -0.002283 -0.00227073 -0.00227743 -0.00226644 -0.00227299 -0.00226324 -0.00226959 -0.00226098 -0.00226728 -0.00225964 -0.00226612 -0.00225919 -0.00226612 -0.00225964 -0.00226728 -0.00226098 -0.00226959 -0.00226323 -0.00227296 -0.00226638 -0.00227727 -0.00227033 -0.00228204 -0.0022744 -0.00228553 -0.00227545 -0.00228139 -0.00226217 -0.00224934 -0.00220102 -0.00213604 -0.00201228 -0.0018286 -0.00154465 -0.00113499 -0.000564018 0.000220837 0.0012535 0.00261877 0.00435788 0.00657992 0.00932166 0.0126681 0.0166099 0.0211506 0.0262202 0.0317316 0.0375649 0.043532 0.0494349 0.0549854 0.0599449 0.0640491 0.0671191 0.0689903 0.0695391 0.0687097 0.0664852 0.0629615 0.0582331 0.0524521 0.0457799 0.0384119 0.0305601 0.0223668 0.013971 0.00550156 -0.00286856 -0.0109761 -0.018717 -0.0259816 -0.0326503 -0.0385911 -0.0436987 -0.0479107 -0.0511746 -0.0534712 -0.0548213 -0.0552466 -0.0548151 -0.0536513 -0.0518752 -0.0495987 -0.0469312 -0.0440342 -0.041057 -0.0380393 -0.0350719 -0.0322747 -0.029667 -0.027259 -0.02507 -0.0231314 -0.021448 -0.0199514 -0.0186464 -0.0175549 -0.0166164 -0.0158166 -0.0151322 -0.0145251 -0.0140365 -0.0136379 -0.0132691 -0.0129717 -0.0127384 -0.0125249 -0.0123548 -0.0122216 -0.0121136 -0.0120521 
0 0.000393463 0.000810947 0.00120358 0.00159874 0.00205081 0.00251728 0.00297703 0.00348098 0.00404252 0.00464273 0.00530926 0.00606439 0.00688578 0.00781719 0.00892066 0.0101665 0.0115716 0.0131926 0.0150272 0.0171066 0.0194269 0.0219539 0.0247265 0.027696 0.0307664 0.0338933 0.0369878 0.0399508 0.0426236 0.0448535 0.0465803 0.0476465 0.0479 0.0472786 0.0457282 0.0432427 0.0397924 0.0354104 0.0301995 0.0242313 0.0176305 0.0105082 0.00297255 -0.00485989 -0.012884 -0.0209432 -0.0289219 -0.0367212 -0.0442225 -0.0512708 -0.0576588 -0.0632129 -0.0677747 -0.0712049 -0.0733789 -0.0742064 -0.0736765 -0.0718395 -0.0688026 -0.0647155 -0.059773 -0.0542234 -0.0483337 -0.0423643 -0.0365351 -0.0310156 -0.0259402 -0.021397 -0.0174504 -0.0141118 -0.0113645 -0.00915158 -0.00740232 -0.00604335 -0.00500007 -0.00421931 -0.00364051 -0.00323112 -0.00294167 -0.00275256 -0.00262504 -0.00254941 -0.00249951 -0.00247269 -0.00245443 -0.00244482 -0.00243801 -0.00243324 -0.00243064 -0.00242684 -0.00242618 -0.00242243 -0.002423 -0.00241921 -0.0024207 -0.00241697 -0.00241918 -0.00241564 -0.00241843 -0.0024152 -0.00241843 -0.00241564 -0.00241918 -0.00241697 -0.00242069 -0.00241919 -0.00242296 -0.00242233 -0.00242593 -0.00242622 -0.00242917 -0.00242988 -0.00243057 -0.00242896 -0.00242188 -0.00240841 -0.00237732 -0.00232594 -0.00223173 -0.00208616 -0.00185368 -0.00151701 -0.00102907 -0.000361509 0.000543971 0.00173416 0.00328273 0.00525964 0.00774262 0.0107966 0.0144564 0.0187286 0.0235689 0.0289103 0.0346386 0.0406111 0.04663 0.0524537 0.0578167 0.0624592 0.0661664 0.0687635 0.0701205 0.070155 0.0688463 0.0662572 0.0624917 0.0576782 0.0519519 0.0454706 0.0384327 0.0310021 0.0233102 0.0154378 0.00748017 -0.000437609 -0.00822206 -0.0157604 -0.0229618 -0.0297102 -0.0358937 -0.0414259 -0.0461651 -0.0500374 -0.0530104 -0.0550724 -0.0562278 -0.0564616 -0.0558947 -0.0546533 -0.0528009 -0.0504655 -0.0477757 -0.044886 -0.0419004 -0.0388689 -0.0359245 -0.0331332 -0.0305142 -0.0281207 -0.0259389 -0.0239944 -0.0223156 -0.0208299 -0.0195221 -0.018415 -0.0174719 -0.0166626 -0.0159753 -0.0153909 -0.0148873 -0.0144667 -0.0141398 -0.0138605 -0.0136009 -0.0133968 -0.0132435 -0.0131252 -0.013053 
0 0.000419287 0.000866011 0.00132971 0.00179954 0.00227879 0.00277567 0.00330723 0.0038843 0.00450804 0.00519648 0.00597417 0.00683334 0.00778423 0.00888962 0.010159 0.0115716 0.0131834 0.0150391 0.0171304 0.0194444 0.0219766 0.024749 0.0277102 0.0307723 0.0339116 0.0370269 0.0400036 0.0427445 0.0450686 0.0468787 0.0480767 0.048507 0.0480919 0.0467569 0.0445216 0.0413991 0.0373552 0.0325061 0.0269542 0.0208167 0.0141999 0.00717315 -0.000104143 -0.00755903 -0.0150968 -0.0226246 -0.0300875 -0.0373806 -0.0444581 -0.0511683 -0.057352 -0.0628482 -0.0674889 -0.0711654 -0.0737017 -0.0749988 -0.074972 -0.0736353 -0.0710695 -0.0673789 -0.0627587 -0.0574035 -0.0516001 -0.0455938 -0.0396373 -0.0339184 -0.0285834 -0.0237539 -0.0194898 -0.0158485 -0.012804 -0.0103374 -0.00836378 -0.0068242 -0.00563245 -0.00473114 -0.00406099 -0.00357362 -0.00323346 -0.00299716 -0.0028467 -0.00274483 -0.00268809 -0.00264726 -0.00262925 -0.00261191 -0.00260722 -0.00259796 -0.00259711 -0.00259079 -0.00259088 -0.00258604 -0.00258638 -0.00258259 -0.0025831 -0.00258019 -0.00258093 -0.00257876 -0.00257985 -0.00257829 -0.00257985 -0.00257876 -0.00258093 -0.00258019 -0.00258309 -0.00258257 -0.00258632 -0.00258588 -0.00259049 -0.00258984 -0.0025949 -0.00259299 -0.00259643 -0.00258935 -0.00258384 -0.00255925 -0.00252392 -0.00245012 -0.00233743 -0.00214948 -0.00187281 -0.00146383 -0.000893325 -0.000112288 0.00093007 0.00229185 0.00405238 0.00627585 0.00905118 0.0124121 0.0164016 0.0209799 0.0261101 0.0316847 0.0375866 0.0436435 0.0496315 0.0553084 0.0603879 0.0646572 0.0678958 0.0699806 0.0707912 0.0702914 0.0685217 0.0655706 0.0616036 0.0567247 0.0511011 0.0448682 0.0382013 0.0312477 0.0240723 0.0167747 0.00938343 0.00198277 -0.00538425 -0.0126536 -0.0196875 -0.0264229 -0.0327479 -0.0385825 -0.043787 -0.0482074 -0.0518303 -0.0545942 -0.0564717 -0.0574526 -0.0575592 -0.0569229 -0.0556005 -0.053694 -0.0513447 -0.0486395 -0.0457408 -0.0427542 -0.0397349 -0.0367924 -0.0340002 -0.0314105 -0.0290249 -0.0268354 -0.0249082 -0.0232268 -0.0217215 -0.0204127 -0.0193037 -0.01835 -0.017541 -0.0168628 -0.0162804 -0.0157861 -0.0153722 -0.0150127 -0.0147281 -0.014529 -0.0143517 -0.0141924 -0.0141 
