0 0 0 0 0 0 0 0 0 0 0 0 0 0 0 0 0 0 0 0 0 0 0 0 0 0 0 0 0 0 0 0 0 0 0 0 0 0 0 0 0 0 0 0 0 0 0 0 0 0 0 0 0 0 0 0 0 0 0 0 0 0 0 0 0 0 0 0 0 0 0 0 0 0 0 0 0 0 0 0 0 0 0 0 0 0 0 0 0 0 0 0 0 0 0 0 0 0 0 0 0 0 0 0 0 0 0 0 0 0 0 0 0 0 0 0 0 0 0 0 0 0 0 0 0 0 0 0 0 0 0 0 0 0 0 0 0 0 0 0 0 0 0 0 0 0 0 0 0 0 0 0 0 0 0 0 0 0 0 0 0 0 0 0 0 0 0 0 0 0 0 0 0 0 0 0 0 0 0 0 0 0 0 0 0 0 0 0 0 0 0 0 0 0 0 0 0 0 0 0 
0 3.7189e-05 4.04128e-05 6.01578e-05 0.000131344 0.000161971 0.000140365 0.000186709 0.000252419 0.000253174 0.000287292 0.00035165 0.000380437 0.000433984 0.000486645 0.000525045 0.000610117 0.00068037 0.000769509 0.000913493 0.00101224 0.00116937 0.00139503 0.00157147 0.00184142 0.00217818 0.00250543 0.00292017 0.00333488 0.00378655 0.00426586 0.00463361 0.00501114 0.00529579 0.00539929 0.00537674 0.00509885 0.00465302 0.00396748 0.00298882 0.00187722 0.000566602 -0.000800615 -0.00221375 -0.00363617 -0.00486734 -0.00596541 -0.00678389 -0.00737866 -0.00773242 -0.00776652 -0.00760733 -0.00717222 -0.00664203 -0.00599711 -0.00529364 -0.00460073 -0.00385645 -0.00321669 -0.00258214 -0.00208571 -0.00165056 -0.00130133 -0.00104066 -0.000792263 -0.000646077 -0.000473189 -0.000397997 -0.000294329 -0.000257587 -0.000212481 -0.000188054 -0.000184161 -0.000157373 -0.00017753 -0.000145633 -0.000176227 -0.000143248 -0.000174415 -0.000145846 -0.000171096 -0.00015099 -0.000166837 -0.000157021 -0.000162429 -0.000162819 -0.000158452 -0.000167746 -0.000155206 -0.000171559 -0.000152761 -0.000174279 -0.000151046 -0.000176079 -0.000149923 -0.000177179 -0.000149245 -0.000177783 -0.000148891 -0.000178046 -0.000148782 -0.000178046 -0.000148891 -0.000177783 -0.000149245 -0.000177179 -0.000149923 -0.000176079 -0.000151046 -0.000174279 -0.000152761 -0.000171559 -0.000155206 -0.000167746 -0.000158452 -0.000162819 -0.000162428 -0.000157019 -0.00016683 -0.000150973 -0.000171048 -0.000145721 -0.000174101 -0.000142489 -0.000174467 -0.000141725 -0.000169219 -0.00014046 -0.000151265 -0.00012694 -0.000104098 -7.41357e-05 2.15175e-06 6.00954e-05 0.000205231 0.000320919 0.000542029 0.000754203 0.00106909 0.0014388 0.00189418 0.00247458 0.00309115 0.00383397 0.00454084 0.00530371 0.00600574 0.00665859 0.0072336 0.00759032 0.0077823 0.00764368 0.00728546 0.00665312 0.00574971 0.00465224 0.00329069 0.00188228 0.000412796 -0.00101873 -0.00233543 -0.00357206 -0.0045261 -0.00527858 -0.00580145 -0.00607577 -0.0061955 -0.00605001 -0.00580023 -0.0054827 -0.00503869 -0.00460746 -0.0041361 -0.00370199 -0.0033328 -0.00291758 -0.00260526 -0.00234976 -0.00206746 -0.00187786 -0.00170926 -0.00155737 -0.00146537 -0.00135136 -0.00127868 -0.00123008 -0.00113571 -0.00110591 -0.00108568 -0.00100094 -0.00099215 -0.00101682 -0.000958585 -0.000916204 -0.00092228 -0.000908655 -0.000896179 -0.000895743 -0.00088595 -0.000877481 
0 4.04128e-05 0.000133812 0.000170578 0.000186883 0.000275604 0.000347758 0.000388777 0.00046794 0.000533309 0.000591669 0.000690836 0.000766497 0.000840162 0.000972607 0.00110118 0.00122182 0.00138384 0.00157539 0.00179388 0.0020479 0.00237044 0.00277373 0.00321464 0.00373737 0.00437799 0.00507866 0.0058411 0.0066845 0.00758248 0.00846772 0.00926911 0.00997579 0.01051 0.0107468 0.0106236 0.0101044 0.00916998 0.00776137 0.00587602 0.00361242 0.00106724 -0.00165174 -0.00445674 -0.00719546 -0.00968343 -0.0118007 -0.0134599 -0.014647 -0.0153176 -0.0154547 -0.0150945 -0.0143094 -0.0132401 -0.011971 -0.0105989 -0.00917285 -0.00775425 -0.00641809 -0.0052051 -0.00417544 -0.00331108 -0.00262043 -0.00205943 -0.0016129 -0.00126017 -0.000978862 -0.000774848 -0.000614874 -0.000515512 -0.000437888 -0.000399055 -0.00036748 -0.000354476 -0.000344498 -0.000338257 -0.000337677 -0.000331036 -0.00033471 -0.000326397 -0.000332001 -0.000322774 -0.000328942 -0.000319901 -0.000325703 -0.000317713 -0.000322562 -0.000316122 -0.000319732 -0.000315013 -0.000317334 -0.000314268 -0.000315416 -0.000313786 -0.000313974 -0.000313487 -0.000312981 -0.000313316 -0.000312402 -0.000313239 -0.000312212 -0.000313239 -0.000312402 -0.000313316 -0.000312981 -0.000313487 -0.000313974 -0.000313786 -0.000315416 -0.000314268 -0.000317334 -0.000315013 -0.000319732 -0.000316122 -0.000322562 -0.000317712 -0.000325702 -0.000319896 -0.000328927 -0.000322733 -0.000331889 -0.000326109 -0.000333993 -0.000329327 -0.000333766 -0.000329675 -0.000326458 -0.000318173 -0.00029761 -0.000270527 -0.000212009 -0.000136282 -6.29061e-06 0.000160047 0.000399595 0.000698755 0.00108543 0.00156728 0.00216656 0.00292217 0.00384157 0.00495803 0.00622839 0.00763127 0.00908823 0.0105494 0.0119619 0.0132515 0.0143433 0.0150927 0.0154044 0.0151926 0.0144524 0.0132008 0.0114372 0.00920934 0.00659038 0.00375604 0.000865603 -0.00196104 -0.00461389 -0.00698571 -0.00893296 -0.0104113 -0.0114397 -0.0120392 -0.012225 -0.0120224 -0.0115521 -0.010903 -0.0101057 -0.00921661 -0.00831033 -0.00745972 -0.00665135 -0.00588833 -0.0052404 -0.00468922 -0.00420161 -0.00378696 -0.00344934 -0.00317814 -0.00292515 -0.00271224 -0.00257325 -0.00243303 -0.00230189 -0.00222813 -0.00214855 -0.00207061 -0.00202018 -0.00194614 -0.00189444 -0.00189489 -0.00186082 -0.00180983 -0.00180104 -0.00178311 -0.00175431 -0.00176283 
0 6.01578e-05 0.000170578 0.000259942 0.000314384 0.000410052 0.000520374 0.000592766 0.000686073 0.000807891 0.000907839 0.00102712 0.00116898 0.00129527 0.00146309 0.00166094 0.00184819 0.00210258 0.00240533 0.00272493 0.00314484 0.00363566 0.00420107 0.00490424 0.0056941 0.00662357 0.00769741 0.0088303 0.0100917 0.0114021 0.0126587 0.0138573 0.0148415 0.0155561 0.0158764 0.0156346 0.0148579 0.0134177 0.0112967 0.00854324 0.00518028 0.00144618 -0.0025828 -0.00671171 -0.0106965 -0.0143802 -0.0174771 -0.0199577 -0.0217068 -0.0226813 -0.0229186 -0.0223818 -0.0212901 -0.0197141 -0.0178615 -0.0158414 -0.0137176 -0.0116552 -0.00965122 -0.00788735 -0.00632675 -0.00504329 -0.00399596 -0.00313463 -0.00247669 -0.00191169 -0.00151628 -0.00117034 -0.000954042 -0.00077396 -0.000667525 -0.000597122 -0.000543102 -0.000532459 -0.000496361 -0.000512083 -0.000481044 -0.000504517 -0.000477458 -0.000499036 -0.000478361 -0.000493314 -0.000480972 -0.000487493 -0.000483979 -0.000482106 -0.000486684 -0.000477522 -0.00048877 -0.00047388 -0.000490176 -0.000471154 -0.000490995 -0.000469223 -0.000491391 -0.00046794 -0.00049153 -0.000467169 -0.000491555 -0.000466809 -0.000491552 -0.000466809 -0.000491555 -0.000467169 -0.00049153 -0.00046794 -0.000491391 -0.000469223 -0.000490995 -0.000471154 -0.000490176 -0.00047388 -0.00048877 -0.000477522 -0.000486684 -0.000482105 -0.000483976 -0.000487483 -0.000480943 -0.000493233 -0.000478148 -0.000498498 -0.000476147 -0.000501449 -0.000474149 -0.000497219 -0.000465649 -0.000471679 -0.000427971 -0.000388488 -0.000305917 -0.000174407 -2.30873e-06 0.000278616 0.000605509 0.00108943 0.00164576 0.00239807 0.00329901 0.00444033 0.00583797 0.00747783 0.00939369 0.0114354 0.0136203 0.0157649 0.0178531 0.0197466 0.0212947 0.0223884 0.0227853 0.022486 0.0213725 0.0195038 0.0169089 0.0136035 0.0098129 0.00564879 0.00140982 -0.00274261 -0.00666596 -0.0101156 -0.0130325 -0.0152569 -0.0168155 -0.01776 -0.0180487 -0.0178433 -0.0171996 -0.0162443 -0.0151165 -0.0138173 -0.0125155 -0.0112583 -0.0100378 -0.00895575 -0.0079708 -0.00710956 -0.00639663 -0.00575133 -0.00523018 -0.00481286 -0.00442646 -0.00413278 -0.0038935 -0.00366668 -0.00350357 -0.00335558 -0.00321296 -0.00312656 -0.00303728 -0.00293522 -0.00288266 -0.00284031 -0.0027748 -0.00273137 -0.00270981 -0.00268047 -0.00265483 -0.00264557 
0 0.000131344 0.000186883 0.000314384 0.000480461 0.000559171 0.000659568 0.000813021 0.000929855 0.00107185 0.00123852 0.00137367 0.00156528 0.00178841 0.00197348 0.00222056 0.00253054 0.00285561 0.00325681 0.0037324 0.00429217 0.004964 0.00573341 0.0066653 0.00775941 0.00897784 0.0103765 0.0119177 0.0135411 0.0152114 0.0168347 0.0183333 0.019566 0.0203889 0.0206989 0.0203449 0.0192288 0.017275 0.01446 0.0108399 0.00649548 0.00160546 -0.00362866 -0.00896133 -0.0141192 -0.0188535 -0.0229142 -0.0261481 -0.0284354 -0.0297295 -0.03004 -0.0294243 -0.0280407 -0.0260482 -0.0236537 -0.0210092 -0.0182615 -0.0155425 -0.0129535 -0.0106139 -0.00856049 -0.0068416 -0.00541976 -0.00427403 -0.00335544 -0.00262195 -0.0020569 -0.0016137 -0.00129911 -0.00106116 -0.000911491 -0.000802679 -0.00074252 -0.000701481 -0.000678805 -0.000668052 -0.000656543 -0.000658191 -0.000648327 -0.000654912 -0.00064475 -0.000652974 -0.000643 -0.000651086 -0.000642165 -0.000649069 -0.000641825 -0.000647005 -0.000641723 -0.000645027 -0.000641705 -0.000643249 -0.000641694 -0.000641755 -0.000641665 -0.0006406 -0.000641624 -0.000639818 -0.000641588 -0.000639423 -0.000641574 -0.000639423 -0.000641588 -0.000639818 -0.000641624 -0.0006406 -0.000641665 -0.000641755 -0.000641694 -0.000643249 -0.000641705 -0.000645027 -0.000641723 -0.000647005 -0.000641824 -0.000649066 -0.000642158 -0.000651067 -0.000642945 -0.000652827 -0.000644372 -0.000653975 -0.000646092 -0.000653075 -0.000645291 -0.000644305 -0.000630749 -0.00060828 -0.00056938 -0.000494675 -0.000386791 -0.000204728 4.18996e-05 0.000404852 0.00087329 0.00149762 0.00228245 0.00327624 0.00451796 0.00604594 0.00790876 0.010088 0.0125749 0.0152691 0.0180924 0.0209152 0.0236146 0.0260447 0.0280114 0.0293412 0.0298376 0.0293979 0.0279482 0.0254901 0.02208 0.0178203 0.0129123 0.00757185 0.00207373 -0.00332969 -0.00839335 -0.0128968 -0.0166993 -0.0196791 -0.0218034 -0.0230765 -0.0235671 -0.0233977 -0.0226569 -0.0214939 -0.0200454 -0.0184362 -0.0167769 -0.01511 -0.0135415 -0.0121144 -0.0108035 -0.00965566 -0.00866326 -0.0078171 -0.00710757 -0.00648944 -0.00600493 -0.00561054 -0.00523295 -0.0049504 -0.00472751 -0.00449717 -0.00432792 -0.0041846 -0.00404611 -0.00397597 -0.00388811 -0.00375929 -0.00370841 -0.00368461 -0.00361391 -0.00358012 -0.0035774 -0.00353368 
0 0.000161971 0.000275604 0.000410052 0.000559171 0.000688522 0.000856934 0.00103823 0.00117792 0.0013548 0.00156917 0.00175262 0.00197481 0.00225315 0.00252416 0.00284797 0.00324822 0.00367233 0.00417181 0.00479087 0.00551781 0.00637244 0.00737566 0.00856772 0.00994751 0.0114687 0.0131811 0.0150753 0.017031 0.0190083 0.0209377 0.0226771 0.0240727 0.0249391 0.0251693 0.0246269 0.0231285 0.0206326 0.0171335 0.0126952 0.00743883 0.00150262 -0.00481123 -0.0112128 -0.0174033 -0.0230769 -0.0280103 -0.0319385 -0.0347388 -0.0363449 -0.0367645 -0.0361229 -0.0345204 -0.0321893 -0.0293116 -0.0261071 -0.0227764 -0.0194497 -0.0163091 -0.0134138 -0.0108823 -0.00871451 -0.00691807 -0.00546525 -0.00428443 -0.00337033 -0.00263258 -0.00209193 -0.00166949 -0.00138084 -0.00117306 -0.00103633 -0.000955011 -0.000893304 -0.000873148 -0.000841073 -0.000844369 -0.000822696 -0.000831748 -0.000815283 -0.000822868 -0.000811316 -0.000814837 -0.000808605 -0.000807488 -0.000806478 -0.000801104 -0.000804682 -0.00079586 -0.000803114 -0.000791764 -0.000801748 -0.000788714 -0.000800599 -0.000786559 -0.000799697 -0.000785145 -0.000799075 -0.00078435 -0.000798757 -0.000784094 -0.000798757 -0.00078435 -0.000799075 -0.000785145 -0.000799697 -0.000786559 -0.000800599 -0.000788714 -0.000801748 -0.000791764 -0.000803114 -0.00079586 -0.000804681 -0.000801103 -0.000806473 -0.000807475 -0.000808569 -0.000814738 -0.000811058 -0.000822217 -0.000813705 -0.000828074 -0.000814475 -0.000826701 -0.000804629 -0.000801042 -0.00075652 -0.000706302 -0.000602892 -0.000448762 -0.000219204 0.000121578 0.000569734 0.00119309 0.00197079 0.00299247 0.00425142 0.0058376 0.00777097 0.0100851 0.0127894 0.0158077 0.0191037 0.0225154 0.0259477 0.029199 0.0320824 0.0343927 0.0358903 0.0364372 0.035848 0.0340688 0.0310659 0.0269074 0.0217868 0.0158863 0.00949671 0.00287639 -0.00365206 -0.00975335 -0.015219 -0.0198525 -0.0235588 -0.0262508 -0.0279026 -0.0286506 -0.0285965 -0.0278578 -0.0265775 -0.02491 -0.0230532 -0.0210824 -0.019066 -0.017153 -0.0153851 -0.0137659 -0.0123226 -0.0110667 -0.0100099 -0.00909458 -0.00829493 -0.00765959 -0.00712364 -0.00664191 -0.00627456 -0.00597177 -0.00568737 -0.00547549 -0.00529839 -0.0051117 -0.00496569 -0.00485912 -0.00476197 -0.00468413 -0.00461399 -0.00454465 -0.00449784 -0.00446936 -0.00444447 
0 0.000140365 0.000347758 0.000520374 0.000659568 0.000856934 0.00105725 0.00122945 0.0014398 0.00166362 0.00189158 0.00216327 0.00243739 0.00273863 0.00311615 0.00351597 0.00398021 0.00455199 0.00518252 0.00594819 0.00687314 0.00790902 0.00915241 0.0106106 0.0122408 0.0140904 0.0161218 0.0183092 0.0205847 0.0228131 0.0249559 0.0268484 0.0282743 0.0291092 0.0291775 0.0283456 0.0264539 0.0234031 0.0192621 0.0140758 0.00796848 0.00113726 -0.00613327 -0.0134588 -0.0205372 -0.0270536 -0.0327231 -0.0372895 -0.0405475 -0.0424532 -0.0430238 -0.0423764 -0.0406528 -0.038038 -0.0347728 -0.0310879 -0.0272317 -0.0233853 -0.0197143 -0.0163305 -0.0133162 -0.0107192 -0.00853748 -0.00675501 -0.00531522 -0.00417774 -0.00328379 -0.00260039 -0.00208527 -0.00171147 -0.0014485 -0.00126979 -0.00115543 -0.0010814 -0.00103997 -0.00101197 -0.000999868 -0.000988535 -0.000986124 -0.000980088 -0.000980196 -0.000976021 -0.000976389 -0.000973282 -0.00097324 -0.00097107 -0.000970435 -0.000969162 -0.000967931 -0.00096749 -0.000965747 -0.000966043 -0.000963913 -0.000964837 -0.000962458 -0.000963899 -0.000961402 -0.000963256 -0.000960763 -0.000962929 -0.00096055 -0.000962929 -0.000960763 -0.000963256 -0.000961402 -0.000963899 -0.000962458 -0.000964837 -0.000963913 -0.000966043 -0.000965747 -0.000967489 -0.000967931 -0.000969161 -0.000970432 -0.000971062 -0.000973216 -0.000973217 -0.000976214 -0.000975575 -0.000979101 -0.000977498 -0.000980233 -0.000975659 -0.000972841 -0.000957509 -0.000934703 -0.00088622 -0.000808375 -0.000677766 -0.000478916 -0.000184788 0.000230921 0.00079567 0.00154665 0.00251555 0.00375701 0.00531313 0.0072477 0.00959088 0.0123693 0.0155582 0.0191085 0.022933 0.0269024 0.0308614 0.0345843 0.0378454 0.0403853 0.0419991 0.0425026 0.0417421 0.0396249 0.0361074 0.0313099 0.0254164 0.0186896 0.0114005 0.00383336 -0.00362887 -0.0106611 -0.0169714 -0.0223886 -0.0267952 -0.0300511 -0.0321763 -0.0332411 -0.0333827 -0.0327438 -0.0314228 -0.0296554 -0.0276068 -0.0253793 -0.0231183 -0.0208929 -0.0188132 -0.0169129 -0.0151612 -0.0136452 -0.0123352 -0.01118 -0.0102259 -0.00941014 -0.0087157 -0.00816144 -0.00767262 -0.00726489 -0.00693944 -0.00663726 -0.00640618 -0.00621899 -0.00601048 -0.00586985 -0.00578514 -0.00565127 -0.00554265 -0.0055073 -0.0054457 -0.00537394 -0.00536854 
0 0.000186709 0.000388777 0.000592766 0.000813021 0.00103823 0.00122945 0.00144604 0.00172536 0.00198479 0.00224419 0.00257529 0.00292283 0.00329285 0.00374112 0.00423356 0.00480335 0.00549711 0.00629313 0.00723092 0.00832989 0.00960321 0.0111021 0.0127985 0.0147122 0.0168668 0.0191805 0.0216302 0.024139 0.0265732 0.0288437 0.0307579 0.0321432 0.0328433 0.0326568 0.031463 0.0291086 0.0255254 0.0207675 0.014885 0.00804335 0.000448268 -0.00758895 -0.015676 -0.0234949 -0.0306989 -0.0369948 -0.0420965 -0.0457817 -0.0479966 -0.0487506 -0.0481698 -0.0463872 -0.043588 -0.0400236 -0.0359465 -0.0316466 -0.0273303 -0.0231849 -0.0193324 -0.0158597 -0.0128341 -0.0102603 -0.0081421 -0.00642207 -0.00505933 -0.00398948 -0.00316432 -0.00254354 -0.00208195 -0.00175814 -0.00152921 -0.00138314 -0.00128505 -0.00122844 -0.00119215 -0.00117192 -0.00116028 -0.00115173 -0.00114877 -0.00114313 -0.00114306 -0.00113807 -0.0011389 -0.00113433 -0.00113527 -0.0011313 -0.00113201 -0.00112878 -0.00112914 -0.0011267 -0.0011267 -0.00112499 -0.00112472 -0.00112366 -0.00112321 -0.0011227 -0.00112221 -0.00112212 -0.0011217 -0.00112193 -0.0011217 -0.00112212 -0.00112221 -0.0011227 -0.00112321 -0.00112366 -0.00112472 -0.00112499 -0.0011267 -0.0011267 -0.00112914 -0.00112878 -0.00113201 -0.00113129 -0.00113525 -0.00113429 -0.00113878 -0.00113777 -0.00114231 -0.00114133 -0.00114461 -0.00114249 -0.00114054 -0.00113146 -0.00111252 -0.00107804 -0.00101254 -0.000909296 -0.000738088 -0.000488378 -0.000119071 0.000386839 0.00107509 0.00197753 0.0031447 0.00463431 0.00649663 0.0087971 0.0115513 0.0147796 0.0184348 0.022465 0.0267715 0.0312128 0.0356117 0.0397029 0.0432344 0.0459243 0.0475659 0.0479793 0.0470037 0.0445539 0.0405871 0.0352412 0.028721 0.0212974 0.0132749 0.00494934 -0.00328061 -0.0110785 -0.0181464 -0.0242638 -0.0293073 -0.0331385 -0.0357631 -0.0372387 -0.0376604 -0.0372034 -0.0359921 -0.0342248 -0.0320819 -0.0296902 -0.0272293 -0.0247727 -0.0223988 -0.0202095 -0.0182001 -0.0164023 -0.0148242 -0.013446 -0.0122899 -0.0112938 -0.0104388 -0.0097517 -0.00915159 -0.00863625 -0.00823676 -0.00787208 -0.0075506 -0.00732639 -0.00713541 -0.00693466 -0.00676374 -0.00664504 -0.0065505 -0.00645704 -0.00638897 -0.00634551 -0.006298 
0 0.000252419 0.00046794 0.000686073 0.000929855 0.00117792 0.0014398 0.00172536 0.00201178 0.00230831 0.00264361 0.00301678 0.00342796 0.00388753 0.00441836 0.00504043 0.0057354 0.00654133 0.0075215 0.00863545 0.00992108 0.0114716 0.0132208 0.0151698 0.0173839 0.0197931 0.0223556 0.0250103 0.027663 0.0302393 0.0325221 0.0343547 0.0356169 0.0360633 0.0355468 0.0339099 0.031045 0.0269537 0.0215947 0.0151006 0.00764061 -0.000568076 -0.00916893 -0.0178608 -0.0262438 -0.0339854 -0.0407824 -0.0463074 -0.0504002 -0.0529177 -0.0539053 -0.0534513 -0.0516751 -0.0488006 -0.0450219 -0.0406703 -0.0360018 -0.0312852 -0.0267181 -0.0224186 -0.0185243 -0.0150614 -0.0121103 -0.00963426 -0.00762738 -0.00602457 -0.00476062 -0.00379392 -0.00304394 -0.00250349 -0.00209485 -0.00182499 -0.00162887 -0.00151128 -0.00143091 -0.00138386 -0.00135706 -0.00133552 -0.00133024 -0.00131547 -0.00131803 -0.0013046 -0.00130972 -0.0012971 -0.0013026 -0.00129136 -0.00129628 -0.00128691 -0.0012908 -0.00128349 -0.00128622 -0.00128089 -0.00128256 -0.00127897 -0.00127979 -0.00127761 -0.00127786 -0.00127674 -0.00127672 -0.00127632 -0.00127634 -0.00127632 -0.00127672 -0.00127674 -0.00127786 -0.00127761 -0.00127979 -0.00127897 -0.00128256 -0.00128089 -0.00128622 -0.00128349 -0.0012908 -0.00128691 -0.00129627 -0.00129134 -0.00130253 -0.0012969 -0.00130921 -0.00130337 -0.00131513 -0.00130892 -0.00131603 -0.00130587 -0.00129766 -0.00126962 -0.00122009 -0.00113783 -0.000993691 -0.000786627 -0.000460738 -2.19952e-05 0.000603662 0.00141558 0.00249745 0.0038765 0.00563298 0.00782465 0.010487 0.0136661 0.0173109 0.0214195 0.0258742 0.0306052 0.0354374 0.0401605 0.044522 0.0481963 0.0509606 0.0525454 0.0528104 0.0515925 0.0487988 0.0444638 0.0386627 0.0316624 0.0236959 0.0150948 0.00621772 -0.00261264 -0.0110041 -0.0187073 -0.0254484 -0.0310465 -0.0354524 -0.038595 -0.0405445 -0.0413569 -0.0411674 -0.0402035 -0.0385623 -0.0364268 -0.0339877 -0.031379 -0.0287509 -0.0261424 -0.0236647 -0.0214258 -0.0193628 -0.0175118 -0.0159232 -0.0145317 -0.0133266 -0.0123035 -0.01144 -0.0107215 -0.0101005 -0.00958755 -0.00918402 -0.00880822 -0.00847649 -0.00823778 -0.00801913 -0.00781346 -0.007686 -0.00757148 -0.00743033 -0.00735503 -0.00732437 -0.00725379 
0 0.000253174 0.000533309 0.000807891 0.00107185 0.0013548 0.00166362 0.00198479 0.00230831 0.00266354 0.00307648 0.00351829 0.00399075 0.00453922 0.0051786 0.00590928 0.00674421 0.00772719 0.00888648 0.0102048 0.0117335 0.0135167 0.0155097 0.0177316 0.0201965 0.0228472 0.0256216 0.0284184 0.0311743 0.033759 0.0359391 0.0375992 0.0385838 0.0386856 0.0377465 0.0356069 0.0322513 0.0276437 0.0217602 0.0147528 0.00678478 -0.00185468 -0.010882 -0.0199965 -0.0287838 -0.0369281 -0.0440666 -0.0499442 -0.0543709 -0.0571928 -0.0584444 -0.0581469 -0.056472 -0.0535895 -0.0497291 -0.0452061 -0.040272 -0.0352481 -0.0303014 -0.0256237 -0.0213144 -0.0174517 -0.0141129 -0.011275 -0.00896755 -0.007091 -0.00562879 -0.00447844 -0.00360413 -0.00294799 -0.00245936 -0.00212465 -0.00187714 -0.00173275 -0.00161995 -0.00157032 -0.00152245 -0.00150976 -0.00149004 -0.00148675 -0.00147964 -0.00147566 -0.00147542 -0.00146831 -0.00147254 -0.00146255 -0.0014698 -0.00145785 -0.00146701 -0.00145404 -0.00146426 -0.00145102 -0.00146173 -0.0014487 -0.00145958 -0.00144701 -0.00145795 -0.00144591 -0.00145693 -0.00144537 -0.00145659 -0.00144537 -0.00145693 -0.00144591 -0.00145795 -0.00144701 -0.00145958 -0.0014487 -0.00146173 -0.00145102 -0.00146426 -0.00145404 -0.001467 -0.00145784 -0.00146978 -0.0014625 -0.00147241 -0.00146797 -0.00147458 -0.00147367 -0.00147506 -0.00147664 -0.00146858 -0.00146603 -0.00143683 -0.00140939 -0.00132958 -0.00122966 -0.00103957 -0.000782969 -0.000387286 0.000145895 0.000877847 0.00184589 0.00309747 0.00472012 0.00674485 0.00927901 0.0123099 0.0158924 0.0199567 0.0244676 0.0293318 0.0344107 0.039564 0.0445088 0.0490153 0.0527444 0.0554614 0.0569342 0.0569675 0.0554704 0.0523392 0.0476642 0.0415363 0.0341687 0.0258422 0.0168493 0.00760189 -0.00160548 -0.0104421 -0.0186164 -0.025885 -0.032007 -0.036947 -0.0406572 -0.0431222 -0.0444108 -0.0446174 -0.0439614 -0.042569 -0.0405607 -0.0381642 -0.0355285 -0.0327855 -0.030028 -0.0273421 -0.0248472 -0.0225401 -0.020429 -0.0185762 -0.0169535 -0.0155354 -0.0143216 -0.0132933 -0.0124274 -0.0116807 -0.0110462 -0.0105352 -0.0101031 -0.0097169 -0.00939185 -0.00914442 -0.00894395 -0.00874138 -0.00857365 -0.00847446 -0.00837448 -0.00827793 -0.00824774 
0 0.000287292 0.000591669 0.000907839 0.00123852 0.00156917 0.00189158 0.00224419 0.00264361 0.00307648 0.00354013 0.00404081 0.0046175 0.00528883 0.00602752 0.00687486 0.00789083 0.00905856 0.0103955 0.0119573 0.0137413 0.0157486 0.0180043 0.0204887 0.0231726 0.0260174 0.0289254 0.0318103 0.0345714 0.0370306 0.0390298 0.0404107 0.0410087 0.0406761 0.0392221 0.0365668 0.0326999 0.0275763 0.0212488 0.0138156 0.00550055 -0.00341502 -0.0127094 -0.0220432 -0.0310828 -0.0394546 -0.0468202 -0.0529724 -0.0576722 -0.0608209 -0.0623425 -0.062275 -0.0607699 -0.0579676 -0.0541483 -0.049538 -0.0444587 -0.0391801 -0.0339235 -0.0289021 -0.0242016 -0.019973 -0.0162344 -0.0130584 -0.0104167 -0.00827417 -0.0065841 -0.00524503 -0.0042359 -0.00344684 -0.00288504 -0.0024581 -0.00217541 -0.00197341 -0.00184619 -0.00176733 -0.00171199 -0.00169057 -0.00166169 -0.00166309 -0.00164208 -0.00165098 -0.00163272 -0.00164289 -0.001627 -0.00163589 -0.00162295 -0.00162955 -0.00161989 -0.00162393 -0.00161752 -0.00161917 -0.00161568 -0.00161535 -0.00161428 -0.00161249 -0.00161328 -0.00161059 -0.00161268 -0.00160964 -0.00161248 -0.00160964 -0.00161268 -0.00161059 -0.00161328 -0.00161249 -0.00161428 -0.00161535 -0.00161568 -0.00161917 -0.00161752 -0.00162393 -0.00161989 -0.00162953 -0.00162291 -0.00163581 -0.00162677 -0.00164233 -0.00163136 -0.00164782 -0.00163499 -0.00164777 -0.00162991 -0.00162723 -0.00159074 -0.00154446 -0.00145281 -0.00130634 -0.00108749 -0.000748852 -0.000291745 0.00036483 0.0012121 0.00235714 0.00380963 0.00568473 0.00801986 0.0108848 0.01431 0.0182623 0.0227359 0.0276063 0.0328217 0.0381895 0.0435439 0.0486196 0.0531254 0.0568118 0.0593798 0.0606588 0.0604286 0.0586099 0.0551863 0.0502127 0.0438617 0.0362693 0.0277276 0.0185463 0.00908043 -0.00032564 -0.00943854 -0.0179466 -0.0256017 -0.0322027 -0.0376327 -0.0418879 -0.0449087 -0.0467272 -0.0474534 -0.0472082 -0.0461587 -0.0444306 -0.042189 -0.039622 -0.0368484 -0.0339988 -0.0311805 -0.0284575 -0.0259116 -0.0235819 -0.0214639 -0.0195857 -0.0179576 -0.0165372 -0.0153058 -0.0142652 -0.0133891 -0.0126363 -0.0119825 -0.0114503 -0.0110349 -0.0106582 -0.0103206 -0.0100679 -0.00984723 -0.00965504 -0.00953284 -0.00941332 -0.00929878 -0.00926262 
0 0.00035165 0.000690836 0.00102712 0.00137367 0.00175262 0.00216327 0.00257529 0.00301678 0.00351829 0.00404081 0.00462224 0.00533112 0.00611186 0.00696996 0.00800446 0.0092 0.0105386 0.0120947 0.0138974 0.0159309 0.0181925 0.020696 0.0234267 0.0263002 0.0292533 0.032237 0.0351224 0.0377558 0.0400011 0.0417097 0.0427106 0.0428417 0.0419648 0.0399645 0.0367794 0.0323827 0.0267931 0.0200749 0.0123477 0.00383639 -0.00522984 -0.0146061 -0.0240057 -0.0331147 -0.0415606 -0.0490628 -0.0553853 -0.0603351 -0.0637774 -0.0655919 -0.0658154 -0.0645332 -0.0619303 -0.0582288 -0.0536574 -0.0485224 -0.0430678 -0.0375794 -0.0322379 -0.0272086 -0.0226111 -0.0185085 -0.0149813 -0.0120015 -0.009583 -0.00763227 -0.00610891 -0.00492314 -0.0040166 -0.00334382 -0.00283886 -0.00249509 -0.00223983 -0.00208881 -0.00197285 -0.00191715 -0.00186841 -0.00184987 -0.00183024 -0.0018215 -0.00181477 -0.00180604 -0.00180616 -0.00179521 -0.0017997 -0.00178681 -0.00179422 -0.00178022 -0.00178948 -0.00177516 -0.00178547 -0.00177138 -0.00178222 -0.00176867 -0.00177976 -0.00176686 -0.00177811 -0.00176582 -0.00177728 -0.00176548 -0.00177728 -0.00176582 -0.00177811 -0.00176686 -0.00177976 -0.00176867 -0.00178222 -0.00177138 -0.00178547 -0.00177515 -0.00178948 -0.00178021 -0.0017942 -0.00178675 -0.00179955 -0.00179484 -0.00180525 -0.00180389 -0.00180985 -0.00181071 -0.00180745 -0.00180362 -0.00177824 -0.00174831 -0.0016692 -0.00156419 -0.00136842 -0.00110164 -0.000689319 -0.00013609 0.000630344 0.00163752 0.0029525 0.00464944 0.00678316 0.00945002 0.012657 0.0164564 0.0207832 0.0256093 0.0308255 0.0363113 0.0419057 0.0473609 0.0524479 0.0568592 0.0603686 0.0627201 0.0637092 0.0631818 0.0610378 0.057332 0.0521405 0.0456237 0.0379477 0.0293434 0.0201394 0.010643 0.00116672 -0.00804326 -0.0167356 -0.0246574 -0.031635 -0.037534 -0.0422879 -0.0458668 -0.0482802 -0.0495905 -0.0498784 -0.0492719 -0.0479299 -0.0459917 -0.0435837 -0.0408708 -0.0380165 -0.0351119 -0.0322362 -0.0294898 -0.0269465 -0.0246116 -0.0224739 -0.0205925 -0.0189667 -0.0175135 -0.0162602 -0.015234 -0.0143494 -0.0135805 -0.0129457 -0.012414 -0.011961 -0.0115759 -0.0112585 -0.0110109 -0.0107977 -0.0106104 -0.0104839 -0.0103949 -0.0103037 
0 0.000380437 0.000766497 0.00116898 0.00156528 0.00197481 0.00243739 0.00292283 0.00342796 0.00399075 0.0046175 0.00533112 0.00613217 0.00701424 0.00805449 0.00927487 0.0106442 0.0122158 0.0140204 0.0160609 0.0183451 0.0208382 0.0235627 0.0264909 0.0294864 0.0325131 0.0355035 0.0382775 0.040694 0.042614 0.0439111 0.0444296 0.0439847 0.0425089 0.0399446 0.0362223 0.0313425 0.0253409 0.0183283 0.0104426 0.00184762 -0.00722798 -0.0165549 -0.0258721 -0.0348837 -0.0432914 -0.0508144 -0.0572367 -0.0623763 -0.0660644 -0.0681906 -0.0687263 -0.0677524 -0.0654291 -0.061944 -0.0575281 -0.052424 -0.0469072 -0.0412435 -0.0356546 -0.0303312 -0.0253926 -0.0209512 -0.0170589 -0.0137514 -0.0110156 -0.00880119 -0.00705258 -0.00567978 -0.00463337 -0.00383238 -0.00324727 -0.00281835 -0.00252252 -0.00232092 -0.00218842 -0.00210856 -0.00205389 -0.00202885 -0.00200467 -0.00200016 -0.00198607 -0.00198772 -0.00197706 -0.00197972 -0.001971 -0.00197299 -0.00196612 -0.00196695 -0.00196197 -0.00196162 -0.00195846 -0.00195712 -0.0019556 -0.00195355 -0.0019534 -0.00195096 -0.00195191 -0.00194939 -0.00195116 -0.00194887 -0.00195116 -0.00194939 -0.00195191 -0.00195096 -0.0019534 -0.00195355 -0.0019556 -0.00195712 -0.00195846 -0.00196162 -0.00196197 -0.00196694 -0.00196609 -0.0019729 -0.00197076 -0.00197912 -0.00197561 -0.00198436 -0.00197856 -0.00198403 -0.00197135 -0.00196268 -0.00192765 -0.00187721 -0.0017811 -0.00163159 -0.00140003 -0.00105664 -0.000575949 9.34102e-05 0.000978978 0.00215568 0.00366766 0.00560845 0.00803514 0.0110184 0.0145851 0.0187283 0.0234149 0.0285587 0.034068 0.0397796 0.0455051 0.0509927 0.0559774 0.060208 0.0634441 0.0654824 0.066125 0.0652392 0.0627825 0.0588081 0.053445 0.046838 0.0391665 0.0306618 0.021589 0.0122334 0.00285091 -0.00631392 -0.0150223 -0.0230927 -0.0303527 -0.0366592 -0.0419036 -0.0460265 -0.0490619 -0.051011 -0.0518951 -0.0518338 -0.0509604 -0.0494212 -0.0473142 -0.0447755 -0.0420162 -0.0391203 -0.0361616 -0.0332752 -0.0305252 -0.0279642 -0.0256072 -0.0234647 -0.0215957 -0.0199563 -0.0184996 -0.0172608 -0.0162093 -0.0153135 -0.014558 -0.0138931 -0.0133473 -0.0129284 -0.0125518 -0.0122229 -0.0119758 -0.0117688 -0.0116026 -0.0114879 -0.0113994 
0 0.000433984 0.000840162 0.00129527 0.00178841 0.00225315 0.00273863 0.00329285 0.00388753 0.00453922 0.00528883 0.00611186 0.00701424 0.0080807 0.00931874 0.0106933 0.0122764 0.0141062 0.0161519 0.0184395 0.0209576 0.0236812 0.0266093 0.0296447 0.0327113 0.035749 0.0386106 0.0411718 0.0432711 0.0447657 0.0455728 0.0455016 0.0444334 0.0423434 0.0391792 0.0349395 0.0296051 0.0232605 0.0160674 0.00811964 -0.000417224 -0.00936792 -0.0185075 -0.0275778 -0.0363718 -0.0446162 -0.0520812 -0.0585471 -0.0638143 -0.0677386 -0.0701668 -0.0710639 -0.070462 -0.0684858 -0.0653115 -0.0611179 -0.0561468 -0.0506385 -0.0448751 -0.0390997 -0.0335166 -0.0282862 -0.0235126 -0.0192865 -0.0156406 -0.0125905 -0.0100972 -0.0081049 -0.00653956 -0.00532585 -0.00440203 -0.00370754 -0.00320168 -0.0028395 -0.00259167 -0.00242532 -0.00231886 -0.00225194 -0.00221076 -0.00218597 -0.00216993 -0.0021601 -0.00215244 -0.00214721 -0.00214235 -0.00213849 -0.00213489 -0.00213155 -0.00212883 -0.00212582 -0.00212384 -0.00212116 -0.00211982 -0.0021175 -0.00211674 -0.00211479 -0.00211455 -0.00211301 -0.00211325 -0.00211212 -0.00211281 -0.00211212 -0.00211325 -0.00211301 -0.00211455 -0.00211479 -0.00211674 -0.0021175 -0.00211982 -0.00212116 -0.00212383 -0.00212581 -0.0021288 -0.00213149 -0.00213474 -0.00213809 -0.00214139 -0.00214494 -0.00214729 -0.00214884 -0.00214624 -0.00213807 -0.00211764 -0.00207801 -0.00200674 -0.00188696 -0.00169855 -0.00141246 -0.00100117 -0.000423796 0.000356347 0.00139528 0.00274862 0.00449128 0.00669729 0.00943507 0.0127568 0.0166705 0.0211638 0.0261687 0.0316078 0.0373457 0.043213 0.0489842 0.0543928 0.0591906 0.0631258 0.0660102 0.0676432 0.0678762 0.0666152 0.0638443 0.0596626 0.0541747 0.047559 0.0399928 0.0316945 0.0229043 0.0138107 0.0046636 -0.00432474 -0.0129408 -0.0210204 -0.0284623 -0.0350778 -0.0407488 -0.0454074 -0.0490321 -0.0516436 -0.0531937 -0.0537605 -0.053474 -0.0524145 -0.0507217 -0.0485036 -0.0459105 -0.0431056 -0.0401586 -0.0371923 -0.0343011 -0.0315326 -0.0289767 -0.0266271 -0.0244794 -0.0226066 -0.0209718 -0.0195108 -0.0182511 -0.0171956 -0.0162969 -0.01553 -0.0148926 -0.014355 -0.0138923 -0.013527 -0.0132407 -0.0129834 -0.0127783 -0.0126416 -0.0125442 
0 0.000486645 0.000972607 0.00146309 0.00197348 0.00252416 0.00311615 0.00374112 0.00441836 0.0051786 0.00602752 0.00696996 0.00805449 0.00931874 0.0107348 0.0123177 0.0141419 0.0162112 0.0184991 0.0210129 0.0237574 0.0267068 0.0297607 0.0328466 0.0359305 0.0388552 0.041484 0.0437203 0.0453932 0.0463972 0.0466042 0.0458771 0.04418 0.0414506 0.0377064 0.0329687 0.0272362 0.0206649 0.0133694 0.00547197 -0.00289226 -0.0116036 -0.0204072 -0.0291302 -0.0375878 -0.0455748 -0.0529132 -0.05934 -0.0647011 -0.0688143 -0.0715462 -0.0728372 -0.0726494 -0.0711036 -0.0682963 -0.0644176 -0.0596578 -0.0542441 -0.0484682 -0.0425586 -0.0367818 -0.0312803 -0.0262125 -0.0216581 -0.017679 -0.0143102 -0.011514 -0.00927155 -0.00747982 -0.00609695 -0.00502198 -0.00421799 -0.00361749 -0.00318497 -0.00288448 -0.00267488 -0.00254561 -0.00245311 -0.00240679 -0.00236635 -0.00235306 -0.00233277 -0.00232985 -0.00231736 -0.00231651 -0.00230796 -0.00230669 -0.00230097 -0.00229876 -0.0022954 -0.00229233 -0.00229094 -0.00228725 -0.00228745 -0.00228341 -0.00228488 -0.00228073 -0.00228319 -0.00227915 -0.00228234 -0.00227863 -0.00228234 -0.00227915 -0.00228319 -0.00228073 -0.00228488 -0.00228341 -0.00228745 -0.00228725 -0.00229094 -0.00229233 -0.00229539 -0.00229873 -0.00230088 -0.00230644 -0.00230734 -0.002315 -0.00231388 -0.0023221 -0.00231616 -0.00231885 -0.00229859 -0.00227779 -0.00221712 -0.00213065 -0.00197327 -0.00174255 -0.00139292 -0.000899494 -0.000221617 0.000694995 0.00189012 0.00345476 0.00543384 0.00793585 0.0109883 0.0146544 0.0189089 0.0237242 0.0290292 0.0347036 0.0406253 0.0465584 0.0522946 0.0575334 0.0620514 0.0656252 0.0680656 0.0692428 0.0690067 0.0673563 0.0642911 0.059926 0.0543867 0.0478141 0.0404457 0.0324457 0.0240305 0.0153362 0.00653294 -0.00214418 -0.0105612 -0.0185542 -0.026037 -0.0328709 -0.0388844 -0.0440352 -0.0482383 -0.0514733 -0.053734 -0.0550023 -0.0553731 -0.0549023 -0.0537027 -0.0519227 -0.0496273 -0.046979 -0.0441414 -0.0411913 -0.0382229 -0.03532 -0.0325775 -0.0300342 -0.0276586 -0.0255115 -0.0236428 -0.0219883 -0.0205264 -0.019281 -0.0182247 -0.0173202 -0.0165534 -0.0159036 -0.0153585 -0.0149217 -0.0145647 -0.0142657 -0.0140491 -0.0138891 -0.013742 
0 0.000525045 0.00110118 0.00166094 0.00222056 0.00284797 0.00351597 0.00423356 0.00504043 0.00590928 0.00687486 0.00800446 0.00927487 0.0106933 0.0123177 0.0141607 0.0162358 0.0185501 0.0210726 0.0238054 0.0267533 0.0298297 0.0329334 0.0360286 0.0390204 0.041738 0.0440522 0.0458515 0.0470238 0.0474309 0.0469419 0.0455382 0.0431812 0.0398359 0.0355539 0.0303612 0.0243565 0.0176531 0.010352 0.00260656 -0.00551296 -0.0138543 -0.022237 -0.0305296 -0.0385608 -0.0462342 -0.0533429 -0.0596777 -0.0650709 -0.0693288 -0.0723677 -0.0740443 -0.0743329 -0.0732577 -0.0708908 -0.0674056 -0.0629273 -0.0577165 -0.0519905 -0.0460392 -0.0401086 -0.0343828 -0.0290475 -0.0241703 -0.0198764 -0.0161624 -0.0130684 -0.0105359 -0.00851278 -0.00693031 -0.00569372 -0.0047685 -0.00405735 -0.00355863 -0.00318474 -0.00294584 -0.00277215 -0.00267202 -0.00260215 -0.00256285 -0.00253944 -0.00252065 -0.00251602 -0.00250168 -0.00250457 -0.00249018 -0.00249634 -0.00248149 -0.00248917 -0.00247442 -0.00248276 -0.00246869 -0.00247724 -0.00246418 -0.00247278 -0.00246085 -0.00246951 -0.00245865 -0.00246752 -0.00245755 -0.00246685 -0.00245755 -0.00246752 -0.00245865 -0.00246951 -0.00246085 -0.00247278 -0.00246418 -0.00247724 -0.00246869 -0.00248275 -0.0024744 -0.00248911 -0.00248133 -0.00249593 -0.00248919 -0.00250224 -0.00249641 -0.00250453 -0.00249655 -0.00249081 -0.00246848 -0.00242614 -0.00235647 -0.00222819 -0.00204356 -0.00174275 -0.00133384 -0.000734738 5.07075e-05 0.00111988 0.00249395 0.00427711 0.00652605 0.00931706 0.012709 0.0166939 0.0212873 0.0263881 0.0319557 0.0378213 0.0438452 0.0497854 0.0553802 0.060389 0.0645435 0.0676972 0.0696453 0.0703043 0.0695925 0.0675217 0.0641901 0.0596619 0.0541093 0.047657 0.0405286 0.0329162 0.0249359 0.016739 0.00841363 0.000143348 -0.00794637 -0.0157685 -0.0231836 -0.0301108 -0.0364085 -0.0419759 -0.0467298 -0.0505676 -0.0535016 -0.0555124 -0.0565786 -0.056764 -0.0561603 -0.0548939 -0.0530413 -0.050696 -0.0480449 -0.0452082 -0.0422458 -0.0392664 -0.0363771 -0.0336358 -0.0310782 -0.0287248 -0.0265893 -0.024704 -0.0230616 -0.0216071 -0.0203399 -0.0192691 -0.0183602 -0.0176058 -0.0169807 -0.0164333 -0.0159876 -0.0156576 -0.0153829 -0.0151613 -0.0150273 
0 0.000610117 0.00122182 0.00184819 0.00253054 0.00324822 0.00398021 0.00480335 0.0057354 0.00674421 0.00789083 0.0092 0.0106442 0.0122764 0.0141419 0.0162358 0.018555 0.0210881 0.0238424 0.0267969 0.0298695 0.0329992 0.0361161 0.0391176 0.0418945 0.0442953 0.0461819 0.0474719 0.0480507 0.0477775 0.0465914 0.0444975 0.04149 0.0375694 0.0327765 0.027223 0.0210326 0.0142816 0.00708785 -0.000436124 -0.00819268 -0.0160594 -0.023946 -0.0317211 -0.0392964 -0.0465823 -0.0534063 -0.0596094 -0.0649806 -0.0693866 -0.0726984 -0.0747759 -0.0755558 -0.074973 -0.0731078 -0.0700432 -0.0659338 -0.0609804 -0.0553929 -0.0494733 -0.0434411 -0.0375586 -0.0319707 -0.0268235 -0.0222104 -0.0181759 -0.0147709 -0.0119394 -0.009675 -0.0078626 -0.00646641 -0.00538231 -0.0045705 -0.00396921 -0.00353149 -0.00323466 -0.00302033 -0.00289619 -0.00279889 -0.00275762 -0.00271274 -0.00270369 -0.00267988 -0.00268004 -0.00266529 -0.00266618 -0.00265672 -0.00265584 -0.00265047 -0.00264745 -0.00264554 -0.00264067 -0.0026416 -0.00263537 -0.00263858 -0.00263147 -0.00263641 -0.00262892 -0.00263512 -0.00262765 -0.00263468 -0.00262765 -0.00263512 -0.00262892 -0.00263641 -0.00263147 -0.00263858 -0.00263537 -0.0026416 -0.00264066 -0.00264552 -0.00264742 -0.00265037 -0.00265558 -0.00265607 -0.00266465 -0.00266176 -0.00267221 -0.00266314 -0.00266927 -0.00264467 -0.00262817 -0.00256221 -0.00248012 -0.0023167 -0.00208881 -0.00173172 -0.00123645 -0.000547335 0.000380448 0.00159431 0.00318412 0.00519317 0.00773785 0.0108356 0.0145649 0.0188842 0.0237826 0.0291714 0.0349436 0.0409674 0.0470147 0.0528796 0.0582567 0.0629341 0.0666751 0.0693196 0.0707415 0.0708367 0.0696322 0.0671598 0.0635584 0.0589267 0.0533947 0.0471418 0.0403264 0.0331391 0.0256658 0.0180021 0.0102443 0.00246434 -0.00523314 -0.0127778 -0.0200516 -0.0269518 -0.0334128 -0.0393112 -0.0445179 -0.0489289 -0.0525046 -0.0552304 -0.0570491 -0.0579546 -0.0580308 -0.0573648 -0.0560286 -0.0541254 -0.0517764 -0.049113 -0.0462632 -0.0433126 -0.0403473 -0.037462 -0.0347295 -0.0321949 -0.0298443 -0.0276977 -0.0258212 -0.0241674 -0.0226946 -0.0214507 -0.0203901 -0.0194622 -0.0187099 -0.0180987 -0.0175703 -0.0171411 -0.0168016 -0.0165471 -0.0163954 
0 0.00068037 0.00138384 0.00210258 0.00285561 0.00367233 0.00455199 0.00549711 0.00654133 0.00772719 0.00905856 0.0105386 0.0122158 0.0141062 0.0162112 0.0185501 0.0210881 0.0238309 0.0268062 0.0299003 0.0330281 0.0361728 0.0392103 0.0420108 0.0444594 0.046422 0.0478096 0.0485009 0.0483878 0.0474148 0.0455287 0.0427599 0.0391411 0.0346797 0.0294763 0.0236643 0.0173676 0.0106752 0.00366101 -0.00354985 -0.0108544 -0.0181935 -0.0255095 -0.0327419 -0.0398192 -0.0466613 -0.0531628 -0.059164 -0.0644969 -0.0690169 -0.0725812 -0.0750606 -0.0763164 -0.0762711 -0.074927 -0.0723458 -0.0686647 -0.0640331 -0.0586775 -0.0528419 -0.0467938 -0.0407825 -0.034992 -0.0295925 -0.0246732 -0.0203334 -0.0165961 -0.0134751 -0.0109295 -0.00889265 -0.00730067 -0.00605976 -0.00512688 -0.00441762 -0.00391245 -0.00354276 -0.00329794 -0.00312778 -0.00302241 -0.00295428 -0.00291112 -0.00288774 -0.00286695 -0.00286106 -0.00284655 -0.00284733 -0.00283426 -0.00283781 -0.00282528 -0.00283014 -0.00281831 -0.0028238 -0.0028129 -0.00281872 -0.00280887 -0.0028149 -0.00280606 -0.00281234 -0.00280441 -0.00281106 -0.00280387 -0.00281106 -0.00280441 -0.00281234 -0.00280606 -0.0028149 -0.00280886 -0.00281872 -0.0028129 -0.00282379 -0.00281829 -0.00283008 -0.00282512 -0.0028374 -0.00283326 -0.002845 -0.00284129 -0.0028496 -0.00284293 -0.00283933 -0.00281725 -0.00277924 -0.00270855 -0.00258644 -0.00239922 -0.00210471 -0.0016905 -0.00109389 -0.000298072 0.00077815 0.0021703 0.00397533 0.00625224 0.00908391 0.0125171 0.0165638 0.0212143 0.0263921 0.032028 0.0379724 0.0440721 0.0500908 0.0557775 0.0608744 0.0651432 0.0684105 0.0705123 0.0713588 0.0709029 0.069195 0.0663513 0.0624995 0.0577808 0.0523269 0.046302 0.0398643 0.0331302 0.0261888 0.0191082 0.0119459 0.00473707 -0.00249778 -0.00968359 -0.0167141 -0.0235146 -0.030014 -0.0361239 -0.0416978 -0.0466044 -0.0507921 -0.0541865 -0.056736 -0.0584214 -0.0592323 -0.0592347 -0.0585002 -0.0571225 -0.0552125 -0.0528422 -0.0501776 -0.047365 -0.0444301 -0.0414735 -0.0386114 -0.0358879 -0.0333461 -0.0309968 -0.0288613 -0.0269784 -0.0253255 -0.0238806 -0.0226293 -0.0215453 -0.0206372 -0.0198894 -0.0192632 -0.0187663 -0.0183868 -0.0180856 -0.0178563 
