0 0 0 0 0 0 0 0 0 0 0 0 0 0 0 0 0 0 0 0 0 0 0 0 0 0 0 0 0 0 0 0 0 0 0 0 0 0 0 0 0 0 0 0 0 0 0 0 0 0 0 0 0 0 0 0 0 0 0 0 0 0 0 0 0 0 0 0 0 0 0 0 0 0 0 0 0 0 0 0 0 0 0 0 0 0 0 0 0 0 0 0 0 0 0 0 0 0 0 0 0 0 0 0 0 0 0 0 0 0 0 0 0 0 0 0 0 0 0 0 0 0 0 0 0 0 0 0 0 0 0 0 0 0 0 0 0 0 0 0 0 0 0 0 0 0 0 0 0 0 0 0 0 0 0 0 0 0 0 0 0 0 0 0 0 0 0 0 0 0 0 0 0 0 0 0 0 0 0 0 0 0 0 0 0 0 0 0 0 0 0 0 0 0 0 0 0 0 0 0 
0 0.000246856 0.000494189 0.000761036 0.00106367 0.00137772 0.00171004 0.00211716 0.00256854 0.00301096 0.00349734 0.00401396 0.00447744 0.00493484 0.00537659 0.00565787 0.00578664 0.00580026 0.00558588 0.00511977 0.00444094 0.003528 0.00241317 0.00110303 -0.000382624 -0.00189741 -0.00338677 -0.00483811 -0.00614323 -0.0072469 -0.00808589 -0.00862314 -0.00892154 -0.00896143 -0.00873926 -0.00830284 -0.00767109 -0.00694567 -0.00617914 -0.00538372 -0.00461218 -0.00385604 -0.00316322 -0.00256689 -0.00205767 -0.00166334 -0.00133993 -0.00108318 -0.000881665 -0.000706859 -0.000581829 -0.000474858 -0.000401725 -0.000351702 -0.000311425 -0.000296334 -0.000276239 -0.000274048 -0.000267819 -0.00026566 -0.000268558 -0.000263085 -0.00026936 -0.000262641 -0.000266813 -0.000261968 -0.000261011 -0.000259622 -0.000253659 -0.000255256 -0.000246611 -0.000249473 -0.000241067 -0.000243341 -0.000237421 -0.000237879 -0.00023547 -0.000233738 -0.000234728 -0.000231126 -0.000234681 -0.000229896 -0.000234922 -0.000229707 -0.000235189 -0.000230172 -0.000235354 -0.000230952 -0.000235381 -0.0002318 -0.00023529 -0.000232568 -0.000235124 -0.000233183 -0.000234934 -0.000233628 -0.000234765 -0.000233911 -0.000234649 -0.000234047 -0.000234608 -0.000234047 -0.000234649 -0.000233911 -0.000234765 -0.000233628 -0.000234934 -0.000233183 -0.000235124 -0.000232568 -0.00023529 -0.0002318 -0.000235381 -0.000230952 -0.000235354 -0.000230172 -0.000235189 -0.000229707 -0.000234922 -0.000229896 -0.000234681 -0.000231126 -0.000234728 -0.000233738 -0.00023547 -0.000237879 -0.000237421 -0.000243341 -0.000241067 -0.000249473 -0.000246611 -0.000255256 -0.000253659 -0.000259621 -0.000261009 -0.000261962 -0.000266794 -0.000262588 -0.000269216 -0.000262711 -0.000267626 -0.000263444 -0.000262794 -0.000263189 -0.000253898 -0.000252616 -0.000230123 -0.000208099 -0.000160848 -9.08822e-05 1.0069e-06 0.000138764 0.000298225 0.000513345 0.000775237 0.00110365 0.00153193 0.00204546 0.00267468 0.00337753 0.00413036 0.00492577 0.00571787 0.00652477 0.00728833 0.00793497 0.00841788 0.00865076 0.00864749 0.00839743 0.00784429 0.00700593 0.00587827 0.00453804 0.0030911 0.00152758 -8.32476e-05 -0.00163692 -0.00308289 -0.00433878 -0.00540803 -0.00628747 -0.00687143 -0.00720521 -0.00738118 -0.00735502 -0.00715844 -0.00687164 -0.00649365 -0.0060634 -0.00561633 -0.00514924 -0.0047266 -0.00435929 -0.00399459 -0.00369452 -0.00347553 -0.00323749 -0.00304534 -0.00300099 
0 0.000494189 0.00100534 0.00155198 0.00213941 0.00277837 0.00349807 0.00429102 0.00512549 0.00603332 0.00702976 0.00802154 0.00895936 0.00986334 0.010643 0.0111817 0.0114643 0.0114379 0.0109991 0.010096 0.00871296 0.0068881 0.00466439 0.00204916 -0.000834842 -0.00380506 -0.00676214 -0.0095937 -0.0121699 -0.0143582 -0.0160171 -0.0171284 -0.0177201 -0.0177848 -0.0173591 -0.0164822 -0.0152572 -0.0138389 -0.012313 -0.0107623 -0.00922849 -0.00774326 -0.00638457 -0.00518233 -0.00417445 -0.00335954 -0.00269759 -0.00217747 -0.00175214 -0.00141576 -0.00115561 -0.000952651 -0.000815137 -0.000712175 -0.000649832 -0.000608196 -0.00057929 -0.000565975 -0.000548605 -0.000543716 -0.00053206 -0.000526859 -0.000520864 -0.000513494 -0.000512553 -0.000504516 -0.000506284 -0.000499863 -0.000501507 -0.00049816 -0.000497725 -0.000497548 -0.000494487 -0.000496498 -0.000491422 -0.000494194 -0.000488274 -0.000490515 -0.000484921 -0.000485798 -0.000481368 -0.00048057 -0.000477714 -0.000475341 -0.000474104 -0.000470496 -0.00047069 -0.000466269 -0.0004676 -0.000462758 -0.000464926 -0.000459971 -0.00046272 -0.000457859 -0.000461008 -0.000456356 -0.000459792 -0.000455396 -0.000459066 -0.000454929 -0.000458826 -0.000454929 -0.000459066 -0.000455396 -0.000459792 -0.000456356 -0.000461008 -0.000457859 -0.00046272 -0.000459971 -0.000464926 -0.000462758 -0.0004676 -0.000466269 -0.00047069 -0.000470496 -0.000474104 -0.000475341 -0.000477714 -0.00048057 -0.000481368 -0.000485798 -0.000484921 -0.000490515 -0.000488274 -0.000494194 -0.000491422 -0.000496498 -0.000494487 -0.000497548 -0.000497725 -0.00049816 -0.000501507 -0.000499861 -0.000506279 -0.0005045 -0.000512506 -0.000513364 -0.000520517 -0.000525972 -0.000529888 -0.000538641 -0.000537285 -0.000541896 -0.000530494 -0.00051406 -0.000477075 -0.000410709 -0.000314849 -0.000162328 3.55691e-05 0.000304033 0.000640921 0.00105755 0.00158825 0.00224562 0.0030869 0.00412264 0.00535334 0.00675697 0.0082611 0.00983945 0.0114411 0.013021 0.0145137 0.0157699 0.016678 0.0171429 0.0171155 0.0165943 0.0155117 0.0138463 0.0116568 0.00903955 0.00614588 0.00306535 -0.000110176 -0.00318621 -0.00601565 -0.00851668 -0.0106291 -0.012322 -0.0135319 -0.0142594 -0.0146082 -0.0146016 -0.0142455 -0.0136602 -0.0129403 -0.0121117 -0.0112297 -0.0103558 -0.00952589 -0.00875714 -0.00805192 -0.00743955 -0.00695162 -0.00656394 -0.00625243 -0.00602919 
0 0.000761036 0.00155198 0.00238803 0.00327194 0.00424811 0.00534672 0.0065179 0.00776647 0.00914483 0.0105794 0.0119949 0.0134027 0.0146996 0.0157509 0.0165286 0.0169149 0.0167662 0.0160564 0.0146978 0.0126314 0.00993632 0.00662871 0.0027831 -0.00139579 -0.00576522 -0.0101253 -0.0142552 -0.0180203 -0.0212003 -0.0236448 -0.0253312 -0.0262064 -0.0263199 -0.0257236 -0.0244643 -0.0227314 -0.0206653 -0.0184172 -0.0161292 -0.0138378 -0.0116554 -0.00964319 -0.00785402 -0.00635846 -0.00511301 -0.00411994 -0.003324 -0.0026751 -0.00217488 -0.00176491 -0.00146581 -0.00124208 -0.00108085 -0.000983912 -0.000905948 -0.000871724 -0.000838586 -0.000822999 -0.000813185 -0.00079823 -0.000799021 -0.000783453 -0.000785736 -0.000773844 -0.000771893 -0.000766615 -0.000758846 -0.000759689 -0.000747964 -0.000751963 -0.000739703 -0.000743357 -0.000733664 -0.00073444 -0.000729037 -0.000725955 -0.000725036 -0.000718474 -0.000721137 -0.000712268 -0.000717123 -0.000707342 -0.000713012 -0.00070353 -0.000708946 -0.000700605 -0.000705105 -0.000698353 -0.000701646 -0.000696606 -0.000698681 -0.000695253 -0.000696277 -0.00069423 -0.000694467 -0.000693508 -0.000693261 -0.000693076 -0.000692659 -0.000692932 -0.000692659 -0.000693076 -0.000693261 -0.000693508 -0.000694467 -0.00069423 -0.000696277 -0.000695253 -0.000698681 -0.000696606 -0.000701646 -0.000698353 -0.000705105 -0.000700605 -0.000708946 -0.00070353 -0.000713012 -0.000707342 -0.000717123 -0.000712268 -0.000721137 -0.000718474 -0.000725036 -0.000725955 -0.000729037 -0.00073444 -0.000733664 -0.000743357 -0.000739703 -0.000751963 -0.000747963 -0.000759688 -0.000758842 -0.000766603 -0.000771859 -0.000773747 -0.000785473 -0.000782767 -0.000797308 -0.000794143 -0.00080386 -0.000802684 -0.00079635 -0.000787992 -0.000747771 -0.000699304 -0.000593135 -0.000445684 -0.000224822 8.55222e-05 0.000476847 0.000999185 0.00163499 0.00244753 0.00346947 0.00473248 0.00629695 0.00811499 0.010179 0.0124113 0.0147298 0.0171061 0.0194126 0.0215553 0.0233694 0.0246576 0.0253381 0.0252891 0.0244629 0.0228438 0.0203791 0.017182 0.013383 0.00911494 0.0046047 2.86865e-06 -0.00449212 -0.00864079 -0.0123495 -0.0154948 -0.0179717 -0.0198102 -0.0209864 -0.0215232 -0.0215579 -0.0211381 -0.0203397 -0.019324 -0.0181473 -0.0168712 -0.0156151 -0.0143957 -0.0132391 -0.0122296 -0.0113421 -0.0105633 -0.00997673 -0.00954374 -0.0091849 
0 0.00106367 0.00213941 0.00327194 0.00450284 0.00583628 0.00726472 0.00882156 0.0105368 0.0123338 0.0141335 0.0159671 0.0177726 0.0193578 0.0206516 0.0215919 0.0219708 0.0216631 0.0206241 0.0187626 0.0160575 0.0125127 0.00816961 0.00322664 -0.00215233 -0.00780513 -0.0134246 -0.0187621 -0.0235869 -0.0276576 -0.0308671 -0.0330891 -0.0342611 -0.0344559 -0.0337099 -0.032166 -0.0300007 -0.0273565 -0.0244647 -0.021458 -0.0184638 -0.0156206 -0.0129748 -0.0106394 -0.00863759 -0.00696447 -0.00562379 -0.00452559 -0.00366115 -0.00296913 -0.00241876 -0.00201205 -0.00169128 -0.00147915 -0.00132331 -0.00122273 -0.00116527 -0.00111666 -0.00110294 -0.00107786 -0.00107422 -0.00106323 -0.00105495 -0.00105349 -0.00103864 -0.00104129 -0.00102421 -0.00102537 -0.00101139 -0.00100746 -0.000999698 -0.00099011 -0.000988734 -0.000975318 -0.000978331 -0.000963986 -0.000968589 -0.000956011 -0.000959738 -0.000950694 -0.000951984 -0.000947155 -0.000945427 -0.000944621 -0.000940045 -0.000942552 -0.000935725 -0.000940654 -0.000932313 -0.000938826 -0.000929656 -0.000937092 -0.000927625 -0.000935535 -0.000926122 -0.000934258 -0.000925084 -0.000933351 -0.000924475 -0.000932881 -0.000924273 -0.000932881 -0.000924475 -0.000933351 -0.000925084 -0.000934258 -0.000926122 -0.000935535 -0.000927625 -0.000937092 -0.000929656 -0.000938826 -0.000932313 -0.000940654 -0.000935725 -0.000942552 -0.000940045 -0.000944621 -0.000945427 -0.000947155 -0.000951984 -0.000950694 -0.000959738 -0.000956011 -0.000968589 -0.000963986 -0.000978331 -0.000975318 -0.000988734 -0.00099011 -0.000999698 -0.00100746 -0.00101138 -0.00102537 -0.00102419 -0.00104122 -0.00103845 -0.00105299 -0.00105367 -0.00106014 -0.00106704 -0.00106195 -0.00106918 -0.00104834 -0.00103328 -0.000979565 -0.000896055 -0.000762932 -0.000544563 -0.00025482 0.000167189 0.000702759 0.0013997 0.00228868 0.00339115 0.00479638 0.00650503 0.00857146 0.0109747 0.0136504 0.0165698 0.0196036 0.02268 0.0256635 0.02836 0.0306306 0.0322515 0.0330763 0.0329885 0.0318489 0.029674 0.0264852 0.0223594 0.0174808 0.0119939 0.00616307 0.000283044 -0.00547015 -0.0108627 -0.0156871 -0.0198061 -0.0230833 -0.0255307 -0.027185 -0.0280076 -0.0281258 -0.0277222 -0.0268454 -0.0255931 -0.0241285 -0.0225524 -0.020942 -0.0193631 -0.0178797 -0.0165651 -0.0154145 -0.0143951 -0.0135599 -0.0129489 -0.0125371 
0 0.00137772 0.00277837 0.00424811 0.00583628 0.00753184 0.0093233 0.0112752 0.0133828 0.0155378 0.0177272 0.0199437 0.0220142 0.0238045 0.0252603 0.0262143 0.0264985 0.0259998 0.0245797 0.0222032 0.0188548 0.0144694 0.00920056 0.00327422 -0.00318628 -0.00992014 -0.0166265 -0.0230219 -0.0287592 -0.0336605 -0.0375751 -0.0402941 -0.0417939 -0.042078 -0.0412397 -0.0394951 -0.0369594 -0.0338519 -0.0303929 -0.0267394 -0.0231296 -0.0196582 -0.0164375 -0.0135706 -0.0110511 -0.00895031 -0.00721213 -0.00580277 -0.00469681 -0.00379653 -0.00311758 -0.00258234 -0.00218575 -0.00191021 -0.00169881 -0.00157969 -0.00148007 -0.00142936 -0.00139064 -0.00135819 -0.0013488 -0.00131979 -0.00131997 -0.00129718 -0.00129489 -0.00128323 -0.0012735 -0.00127317 -0.00125704 -0.00126354 -0.00124541 -0.00125257 -0.00123721 -0.00124007 -0.00123055 -0.00122679 -0.00122388 -0.00121373 -0.00121636 -0.00120172 -0.00120787 -0.00119123 -0.00119875 -0.00118238 -0.00118954 -0.0011751 -0.0011808 -0.00116921 -0.00117294 -0.00116449 -0.00116621 -0.00116079 -0.00116074 -0.00115794 -0.00115655 -0.00115588 -0.0011536 -0.00115453 -0.00115186 -0.00115386 -0.00115129 -0.00115386 -0.00115186 -0.00115453 -0.0011536 -0.00115588 -0.00115655 -0.00115794 -0.00116074 -0.00116079 -0.00116621 -0.00116449 -0.00117294 -0.00116921 -0.0011808 -0.0011751 -0.00118954 -0.00118238 -0.00119875 -0.00119123 -0.00120787 -0.00120172 -0.00121636 -0.00121373 -0.00122388 -0.00122679 -0.00123055 -0.00124007 -0.00123721 -0.00125257 -0.00124541 -0.00126354 -0.00125704 -0.00127315 -0.00127346 -0.0012831 -0.00129453 -0.00129626 -0.00131769 -0.00131443 -0.00133669 -0.00133206 -0.00133681 -0.00132342 -0.00128103 -0.00122273 -0.00108751 -0.000909659 -0.000617719 -0.000222751 0.00030565 0.00101588 0.00189606 0.00304604 0.00446917 0.00624351 0.0084153 0.010959 0.0139146 0.0171845 0.0207267 0.0244465 0.0281529 0.0317186 0.03489 0.0374836 0.0393445 0.0402314 0.0400271 0.0385907 0.0358844 0.0320431 0.0271219 0.0212788 0.0147519 0.00778095 0.000742772 -0.00610528 -0.012592 -0.0184189 -0.0234035 -0.0274699 -0.0305498 -0.0326916 -0.0339157 -0.0342549 -0.0339189 -0.0330446 -0.0316808 -0.0300211 -0.0282319 -0.0263536 -0.0244848 -0.0227261 -0.0210979 -0.0196512 -0.0184365 -0.0174339 -0.0166481 -0.0161122 
0 0.00171004 0.00349807 0.00534672 0.00726472 0.0093233 0.0115433 0.0138802 0.0162975 0.0187992 0.0213512 0.0238086 0.0260435 0.0279905 0.0294823 0.0303282 0.0304296 0.0296276 0.0277832 0.0248838 0.0208665 0.0157441 0.00970145 0.00288309 -0.00449397 -0.0121251 -0.0197524 -0.0269937 -0.0335157 -0.0391459 -0.0436328 -0.0468228 -0.0486485 -0.0490659 -0.0482591 -0.0463841 -0.0435915 -0.0401347 -0.0361751 -0.0319866 -0.0278045 -0.023752 -0.0200125 -0.016611 -0.0136171 -0.0110766 -0.00893264 -0.00721724 -0.00582639 -0.00472912 -0.00388486 -0.00320942 -0.0027287 -0.00235235 -0.0020987 -0.00192505 -0.00179664 -0.00173486 -0.0016687 -0.00164922 -0.00161672 -0.00160149 -0.0015908 -0.00156825 -0.00157017 -0.00154376 -0.00154835 -0.00152595 -0.00152516 -0.00151236 -0.00150267 -0.00150039 -0.00148291 -0.00148822 -0.00146692 -0.00147517 -0.00145464 -0.0014615 -0.00144531 -0.00144794 -0.00143797 -0.00143524 -0.00143176 -0.00142394 -0.00142615 -0.00141432 -0.00142088 -0.00140641 -0.00141593 -0.0014001 -0.0014114 -0.0013952 -0.00140743 -0.00139153 -0.00140418 -0.00138891 -0.00140177 -0.00138724 -0.0014003 -0.00138642 -0.0013998 -0.00138642 -0.0014003 -0.00138724 -0.00140177 -0.00138891 -0.00140418 -0.00139153 -0.00140743 -0.0013952 -0.0014114 -0.0014001 -0.00141593 -0.00140641 -0.00142088 -0.00141432 -0.00142615 -0.00142394 -0.00143176 -0.00143524 -0.00143797 -0.00144794 -0.00144531 -0.0014615 -0.00145464 -0.00147517 -0.00146692 -0.00148822 -0.00148291 -0.00150039 -0.00150266 -0.00151235 -0.00152515 -0.00152591 -0.00154826 -0.00154351 -0.00156951 -0.0015666 -0.00158684 -0.00159243 -0.00159685 -0.0016076 -0.00158537 -0.00157549 -0.00150553 -0.00141706 -0.00125119 -0.0009984 -0.000652207 -0.000141173 0.000503456 0.00137805 0.00248636 0.00389391 0.00568318 0.00784864 0.0104804 0.0135257 0.0169814 0.020822 0.0249198 0.0292152 0.0334728 0.037476 0.0410251 0.0438518 0.0458265 0.0467219 0.0463298 0.0445857 0.0414207 0.0369589 0.0313489 0.0246969 0.0172994 0.00944638 0.00144385 -0.0063496 -0.0137228 -0.0204303 -0.0262218 -0.0310291 -0.0347735 -0.0374198 -0.0390726 -0.0397838 -0.039639 -0.0388399 -0.0375296 -0.0358244 -0.0338776 -0.0318118 -0.0297423 -0.0277526 -0.0258703 -0.0241752 -0.022753 -0.0215844 -0.0206513 -0.0199885 
0 0.00211716 0.00429102 0.0065179 0.00882156 0.0112752 0.0138802 0.0165625 0.0193091 0.0221315 0.0249098 0.0274905 0.0298275 0.0318094 0.0332037 0.0338563 0.0336547 0.0324506 0.0301555 0.0266899 0.0220308 0.0163024 0.00958976 0.00202706 -0.00606883 -0.0144306 -0.0227498 -0.0306347 -0.037825 -0.0440271 -0.0489894 -0.0526096 -0.054732 -0.0553757 -0.0546846 -0.0527584 -0.0498431 -0.0461169 -0.0417872 -0.0371802 -0.0324823 -0.0279416 -0.0236977 -0.0197935 -0.0163535 -0.0133462 -0.0108196 -0.00875641 -0.00706931 -0.00576533 -0.00471509 -0.00391671 -0.00331063 -0.00284173 -0.00253143 -0.00228397 -0.00214286 -0.00203529 -0.00196764 -0.00193554 -0.00189146 -0.0018891 -0.00185536 -0.00185463 -0.0018332 -0.00182125 -0.00181372 -0.00178975 -0.00179243 -0.00176285 -0.00176868 -0.00174171 -0.00174398 -0.00172569 -0.00172053 -0.0017132 -0.00170013 -0.00170263 -0.00168366 -0.00169285 -0.0016711 -0.00168333 -0.00166188 -0.00167401 -0.00165517 -0.00166507 -0.00165021 -0.0016568 -0.00164639 -0.00164943 -0.00164334 -0.00164316 -0.00164086 -0.0016381 -0.00163889 -0.00163429 -0.00163744 -0.00163175 -0.00163655 -0.00163048 -0.00163624 -0.00163048 -0.00163655 -0.00163175 -0.00163744 -0.00163429 -0.00163889 -0.0016381 -0.00164086 -0.00164316 -0.00164334 -0.00164943 -0.00164639 -0.0016568 -0.00165021 -0.00166507 -0.00165517 -0.00167401 -0.00166188 -0.00168333 -0.0016711 -0.00169285 -0.00168366 -0.00170263 -0.00170013 -0.0017132 -0.00172053 -0.00172569 -0.00174398 -0.00174171 -0.00176868 -0.00176284 -0.00179241 -0.00178969 -0.00181354 -0.00182078 -0.00183201 -0.00185176 -0.00184866 -0.0018742 -0.00185973 -0.00187092 -0.00184192 -0.00180157 -0.00172766 -0.00157874 -0.00138458 -0.00105221 -0.000622634 -1.32115e-05 0.000793087 0.00182622 0.00319431 0.00489157 0.00704216 0.00964222 0.0127048 0.0162538 0.0201907 0.0245329 0.0291485 0.0338892 0.0385842 0.0429133 0.0466935 0.0496787 0.0516405 0.0524361 0.0518218 0.0497324 0.0461799 0.0411884 0.034969 0.0276983 0.0196254 0.0111092 0.00239973 -0.00616977 -0.0142533 -0.0216652 -0.0281971 -0.0336894 -0.0380746 -0.0412856 -0.0434025 -0.044558 -0.0447767 -0.0441926 -0.0430418 -0.0414356 -0.0394605 -0.0372975 -0.035101 -0.0329439 -0.0308963 -0.0290412 -0.0274147 -0.0260321 -0.0249598 -0.0242433 
0 0.00256854 0.00512549 0.00776647 0.0105368 0.0133828 0.0162975 0.0193091 0.0223793 0.0254168 0.0283181 0.0309855 0.0333135 0.0351465 0.0363131 0.0366637 0.0360654 0.0344247 0.0316313 0.0275868 0.0223674 0.0160874 0.00879709 0.000697455 -0.00792683 -0.0167952 -0.0255537 -0.0339248 -0.0416142 -0.0482507 -0.0536383 -0.0576092 -0.0600376 -0.0609717 -0.0604301 -0.0585691 -0.055618 -0.0517276 -0.0471987 -0.0422713 -0.0371895 -0.0322382 -0.0275105 -0.0231628 -0.0192512 -0.0157904 -0.0128694 -0.0104129 -0.00844088 -0.00687607 -0.00562996 -0.00469522 -0.0039463 -0.00340909 -0.00300236 -0.00270721 -0.00252135 -0.00236625 -0.00229425 -0.00221735 -0.00218365 -0.00215223 -0.00212125 -0.00211602 -0.00208168 -0.00208684 -0.00205612 -0.00205858 -0.00203907 -0.00203123 -0.00202544 -0.00200631 -0.00201133 -0.0019849 -0.00199485 -0.00196711 -0.00197598 -0.00195232 -0.00195584 -0.00193965 -0.00193594 -0.00192833 -0.00191753 -0.00191788 -0.00190144 -0.00190813 -0.00188798 -0.00189912 -0.00187715 -0.00189101 -0.00186869 -0.00188399 -0.00186231 -0.0018782 -0.00185769 -0.00187378 -0.00185457 -0.0018708 -0.00185278 -0.0018693 -0.00185219 -0.0018693 -0.00185278 -0.0018708 -0.00185457 -0.00187378 -0.00185769 -0.0018782 -0.00186231 -0.00188399 -0.00186869 -0.00189101 -0.00187715 -0.00189912 -0.00188798 -0.00190813 -0.00190144 -0.00191788 -0.00191753 -0.00192833 -0.00193594 -0.00193965 -0.00195584 -0.00195232 -0.00197598 -0.00196711 -0.00199485 -0.0019849 -0.00201133 -0.00200631 -0.00202543 -0.00203121 -0.00203902 -0.00205846 -0.00205579 -0.002086 -0.00207961 -0.00211114 -0.00211021 -0.00212833 -0.00213418 -0.00211943 -0.00210902 -0.00203133 -0.00194232 -0.00174904 -0.00148188 -0.00108876 -0.000527619 0.000191219 0.00118101 0.00242552 0.00404641 0.00608842 0.00858469 0.0116164 0.0151092 0.0191024 0.0235234 0.0282955 0.0333586 0.038466 0.0434424 0.0480073 0.0518831 0.0548939 0.056752 0.0572999 0.0564119 0.053976 0.0500577 0.044681 0.0379851 0.0302627 0.0217465 0.0127422 0.00354754 -0.00556426 -0.0142144 -0.0221584 -0.029276 -0.0353822 -0.0403609 -0.0441864 -0.0468766 -0.0485262 -0.0492141 -0.0490231 -0.0481309 -0.0467104 -0.0448854 -0.042791 -0.0405605 -0.0383158 -0.0361661 -0.034178 -0.0324007 -0.0308995 -0.029726 -0.0289029 
0 0.00301096 0.00603332 0.00914483 0.0123338 0.0155378 0.0187992 0.0221315 0.0254168 0.0285603 0.0315192 0.034177 0.0363581 0.0379195 0.0387411 0.0386841 0.0376239 0.0354656 0.0321181 0.0275628 0.0218674 0.0151016 0.00739055 -0.00106613 -0.010033 -0.0191798 -0.0282091 -0.0368845 -0.0448547 -0.0518048 -0.0575088 -0.0617667 -0.0645379 -0.065779 -0.0654783 -0.0638023 -0.0608935 -0.0569913 -0.0523703 -0.0472304 -0.0418924 -0.0365662 -0.0314332 -0.0266717 -0.0223022 -0.0184406 -0.015096 -0.0122671 -0.00998007 -0.00811625 -0.00667317 -0.00553829 -0.00465724 -0.00400991 -0.00349703 -0.00315666 -0.00289202 -0.00272276 -0.00261162 -0.00252116 -0.00248658 -0.00242996 -0.00241974 -0.00238438 -0.00237108 -0.00235499 -0.0023303 -0.00232932 -0.00229683 -0.00230274 -0.00227074 -0.00227468 -0.00225065 -0.00224662 -0.0022343 -0.00222047 -0.00221958 -0.00219765 -0.00220513 -0.00217877 -0.0021905 -0.00216366 -0.00217584 -0.00215174 -0.00216164 -0.00214231 -0.00214843 -0.00213475 -0.00213666 -0.0021286 -0.00212659 -0.00212358 -0.00211838 -0.00211957 -0.00211204 -0.00211654 -0.00210757 -0.00211449 -0.00210491 -0.00211346 -0.00210403 -0.00211346 -0.00210491 -0.00211449 -0.00210757 -0.00211654 -0.00211204 -0.00211957 -0.00211838 -0.00212358 -0.00212659 -0.0021286 -0.00213666 -0.00213475 -0.00214843 -0.00214231 -0.00216164 -0.00215174 -0.00217584 -0.00216366 -0.0021905 -0.00217877 -0.00220513 -0.00219765 -0.00221958 -0.00222047 -0.0022343 -0.00224662 -0.00225065 -0.00227468 -0.00227073 -0.00230271 -0.00229675 -0.0023291 -0.00232972 -0.00235353 -0.00236756 -0.00237631 -0.00240198 -0.00239256 -0.00241128 -0.00237618 -0.00234478 -0.00225313 -0.00210107 -0.00187997 -0.0015172 -0.00104995 -0.000371735 0.000501114 0.00165273 0.00315651 0.00504175 0.00743865 0.0103223 0.0137532 0.0177042 0.022112 0.0269796 0.0321522 0.0375333 0.0429119 0.0480175 0.0526584 0.0565286 0.0594101 0.0610815 0.0613201 0.0600909 0.0573377 0.0530694 0.0473833 0.0403825 0.0323499 0.0235844 0.0143128 0.00483809 -0.0045507 -0.0135678 -0.0219345 -0.029495 -0.0361138 -0.041658 -0.0460919 -0.0494084 -0.0516246 -0.0528438 -0.0531845 -0.0527328 -0.0516232 -0.050058 -0.0481798 -0.0460574 -0.0438282 -0.0416548 -0.0396018 -0.0377447 -0.0361982 -0.0349642 -0.0340268 
0 0.00349734 0.00702976 0.0105794 0.0141335 0.0177272 0.0213512 0.0249098 0.0283181 0.0315192 0.034424 0.0369133 0.0388342 0.0400319 0.040413 0.0398763 0.0382714 0.035519 0.0316344 0.0266315 0.0205234 0.0133996 0.0054226 -0.00322737 -0.0123182 -0.021567 -0.0307151 -0.0394793 -0.0475584 -0.0546839 -0.0605888 -0.0651228 -0.0682184 -0.0697785 -0.0698134 -0.0683908 -0.0656538 -0.0618732 -0.0572538 -0.0520533 -0.0465423 -0.0409247 -0.035467 -0.030299 -0.0255333 -0.0212715 -0.0175092 -0.0143245 -0.0116712 -0.00951868 -0.00782795 -0.00647608 -0.00545562 -0.00465422 -0.00405818 -0.00362717 -0.0032995 -0.00309916 -0.00293564 -0.00285028 -0.00277907 -0.00273242 -0.0027081 -0.00266743 -0.00266213 -0.00262342 -0.00261962 -0.00258921 -0.00257732 -0.00256019 -0.00253787 -0.00253374 -0.00250417 -0.00250841 -0.0024774 -0.00248386 -0.00245705 -0.00246047 -0.00244159 -0.00243891 -0.00242931 -0.00241974 -0.00241883 -0.00240324 -0.00240928 -0.00238941 -0.00240028 -0.00237809 -0.00239183 -0.00236897 -0.00238409 -0.0023618 -0.00237733 -0.00235631 -0.00237181 -0.00235233 -0.00236772 -0.00234974 -0.00236521 -0.00234846 -0.00236436 -0.00234846 -0.00236521 -0.00234974 -0.00236772 -0.00235233 -0.00237181 -0.00235631 -0.00237733 -0.0023618 -0.00238409 -0.00236897 -0.00239183 -0.00237809 -0.00240028 -0.00238941 -0.00240928 -0.00240324 -0.00241883 -0.00241974 -0.00242931 -0.00243891 -0.00244159 -0.00246047 -0.00245705 -0.00248386 -0.0024774 -0.00250841 -0.00250417 -0.00253373 -0.00253785 -0.00256014 -0.00257717 -0.0025888 -0.0026186 -0.00262092 -0.0026563 -0.00265439 -0.00268018 -0.00267524 -0.00266701 -0.00264028 -0.00255932 -0.00245391 -0.00223963 -0.00195608 -0.00152141 -0.000931548 -0.000148828 0.000910199 0.0022547 0.00401966 0.00622807 0.0089621 0.0122602 0.0160826 0.0204578 0.025287 0.0305237 0.0360486 0.04165 0.0471574 0.0522926 0.0568422 0.06058 0.0632203 0.064581 0.0644872 0.0628816 0.0597984 0.0552346 0.0492909 0.0421334 0.0339767 0.0251101 0.015781 0.00624569 -0.00321323 -0.012373 -0.0210181 -0.0289262 -0.0359427 -0.0419892 -0.0470087 -0.0509415 -0.0537873 -0.0556321 -0.0565816 -0.056715 -0.0561135 -0.0549279 -0.0533431 -0.0514712 -0.0494134 -0.0473309 -0.0453366 -0.0434893 -0.0418869 -0.0406077 -0.0396825 
0 0.00401396 0.00802154 0.0119949 0.0159671 0.0199437 0.0238086 0.0274905 0.0309855 0.034177 0.0369133 0.0391138 0.0406481 0.0413774 0.0412439 0.0401405 0.0379403 0.0346375 0.0302651 0.0248354 0.0183913 0.0110276 0.00291936 -0.00572873 -0.0147463 -0.0239259 -0.0329941 -0.0416796 -0.0497332 -0.0569017 -0.0629571 -0.0677337 -0.0711056 -0.0730002 -0.0733888 -0.072292 -0.069863 -0.0663047 -0.0618341 -0.0567022 -0.0511158 -0.0453317 -0.039592 -0.0340686 -0.028937 -0.0242612 -0.0201143 -0.0165424 -0.013523 -0.011071 -0.00909367 -0.00754095 -0.00633777 -0.00539428 -0.00469678 -0.00415436 -0.00377321 -0.00349558 -0.00329864 -0.00317789 -0.003076 -0.0030291 -0.00297408 -0.00295003 -0.00292169 -0.00289755 -0.00288653 -0.0028574 -0.00285557 -0.00282516 -0.00282435 -0.00279835 -0.00279232 -0.00277469 -0.00276068 -0.00275233 -0.00273098 -0.00273025 -0.00270438 -0.00270828 -0.00268145 -0.00268683 -0.00266216 -0.00266656 -0.00264619 -0.00264808 -0.00263306 -0.00263185 -0.00262234 -0.0026181 -0.00261365 -0.00260689 -0.00260675 -0.00259815 -0.00260148 -0.00259176 -0.00259777 -0.00258758 -0.00259555 -0.00258552 -0.00259481 -0.00258552 -0.00259555 -0.00258758 -0.00259777 -0.00259176 -0.00260148 -0.00259815 -0.00260675 -0.00260689 -0.00261365 -0.0026181 -0.00262234 -0.00263185 -0.00263306 -0.00264808 -0.00264619 -0.00266656 -0.00266216 -0.00268683 -0.00268145 -0.00270828 -0.00270438 -0.00273025 -0.00273098 -0.00275233 -0.00276068 -0.00277469 -0.00279232 -0.00279834 -0.00282431 -0.00282505 -0.0028553 -0.00285669 -0.00288478 -0.00289339 -0.00291225 -0.00292946 -0.00293121 -0.00294358 -0.00291281 -0.00288005 -0.00277854 -0.00262583 -0.00237808 -0.00200228 -0.00149291 -0.000770223 0.000164758 0.00141128 0.00301671 0.00505668 0.00762103 0.0107166 0.0143983 0.0186225 0.023364 0.028575 0.0341257 0.0398936 0.0456464 0.0511596 0.056219 0.0605779 0.0640297 0.0663285 0.0672761 0.06678 0.064797 0.0613617 0.0565415 0.050443 0.0432482 0.0351541 0.0263649 0.01713 0.00771798 -0.00164877 -0.0107879 -0.0195117 -0.0276218 -0.0349411 -0.0413884 -0.0469343 -0.0514901 -0.0550132 -0.0575669 -0.0591948 -0.0599629 -0.0599993 -0.0593856 -0.0582299 -0.0567261 -0.0550061 -0.0531493 -0.0512914 -0.0495523 -0.0480039 -0.0467468 -0.0458643 
0 0.00447744 0.00895936 0.0134027 0.0177726 0.0220142 0.0260435 0.0298275 0.0333135 0.0363581 0.0388342 0.0406481 0.0416975 0.0419062 0.0411793 0.0394259 0.0366496 0.0328504 0.0280188 0.022234 0.0155624 0.00808907 1.91445e-05 -0.00848411 -0.0173014 -0.0262331 -0.0350542 -0.0435181 -0.0513913 -0.0584999 -0.0646347 -0.0695893 -0.0732313 -0.0754609 -0.0762315 -0.0755584 -0.0735238 -0.0702975 -0.0660881 -0.0611021 -0.0555591 -0.0496968 -0.0437529 -0.0379591 -0.032486 -0.0274469 -0.0229291 -0.0189655 -0.0155894 -0.0127886 -0.0105141 -0.00871666 -0.00729855 -0.00620643 -0.00536669 -0.0047293 -0.0042665 -0.00392087 -0.00369031 -0.00352162 -0.00341274 -0.00333817 -0.00327997 -0.00324781 -0.00320763 -0.00319022 -0.00315909 -0.0031431 -0.00312069 -0.00310087 -0.00308712 -0.00306318 -0.00305599 -0.00303042 -0.00302631 -0.00300245 -0.00299801 -0.00297857 -0.00297145 -0.00295791 -0.00294716 -0.00293965 -0.00292553 -0.00292325 -0.00290672 -0.00290844 -0.00289072 -0.00289515 -0.0028774 -0.00288345 -0.00286653 -0.00287348 -0.00285793 -0.00286535 -0.00285141 -0.00285917 -0.00284685 -0.00285501 -0.00284414 -0.00285292 -0.00284324 -0.00285292 -0.00284414 -0.00285501 -0.00284685 -0.00285917 -0.00285141 -0.00286535 -0.00285793 -0.00287348 -0.00286653 -0.00288345 -0.0028774 -0.00289515 -0.00289072 -0.00290844 -0.00290672 -0.00292325 -0.00292553 -0.00293965 -0.00294716 -0.00295791 -0.00297145 -0.00297857 -0.00299801 -0.00300245 -0.00302631 -0.00303042 -0.00305598 -0.00306316 -0.00308705 -0.00310068 -0.0031202 -0.00314188 -0.00315617 -0.00318346 -0.00319267 -0.00321608 -0.00321554 -0.00321297 -0.00317997 -0.00310755 -0.00298504 -0.00276927 -0.00246001 -0.0019984 -0.00137203 -0.000525262 0.000595779 0.00204635 0.00392207 0.0062759 0.00918203 0.0126626 0.0167139 0.0213225 0.0264265 0.0319568 0.0377766 0.0436926 0.049484 0.0549101 0.0597553 0.0638092 0.0668505 0.0686826 0.0691664 0.0682288 0.0658693 0.0621244 0.0570788 0.050905 0.0437745 0.0358444 0.0272977 0.0183281 0.00918315 7.23775e-05 -0.00888923 -0.0175298 -0.0256711 -0.0332016 -0.0399926 -0.0459663 -0.0510928 -0.0553062 -0.0585892 -0.0609621 -0.062457 -0.0631977 -0.0632868 -0.0627602 -0.0617659 -0.0604859 -0.0589956 -0.0574063 -0.0558876 -0.0545304 -0.0533923 -0.0525529 
0 0.00493484 0.00986334 0.0146996 0.0193578 0.0238045 0.0279905 0.0318094 0.0351465 0.0379195 0.0400319 0.0413774 0.0419062 0.0415413 0.0401602 0.0377752 0.0344545 0.0301674 0.0249513 0.0189168 0.0121303 0.00472229 -0.00316565 -0.0114355 -0.019917 -0.028459 -0.0369012 -0.0449957 -0.0525901 -0.0595492 -0.06566 -0.0707499 -0.0746337 -0.0771893 -0.0783906 -0.07819 -0.0766343 -0.0738449 -0.0699713 -0.0652351 -0.0598292 -0.0539771 -0.0479364 -0.0419297 -0.0361747 -0.0308106 -0.0259291 -0.0216006 -0.0178489 -0.0146908 -0.0120984 -0.0100157 -0.0083749 -0.00709389 -0.00610761 -0.00535792 -0.00479671 -0.00438886 -0.00409771 -0.00389544 -0.00375848 -0.00366237 -0.00359813 -0.00354804 -0.00351083 -0.00347903 -0.0034496 -0.00342594 -0.003399 -0.00337974 -0.00335538 -0.0033384 -0.0033179 -0.00330166 -0.00328576 -0.00326945 -0.00325793 -0.00324151 -0.0032334 -0.00321738 -0.00321144 -0.00319654 -0.00319159 -0.00317848 -0.00317368 -0.00316281 -0.00315768 -0.00314924 -0.00314365 -0.00313763 -0.00313167 -0.00312791 -0.00312182 -0.00312007 -0.00311413 -0.00311415 -0.00310862 -0.00311018 -0.00310532 -0.00310819 -0.00310422 -0.00310819 -0.00310532 -0.00311018 -0.00310862 -0.00311415 -0.00311413 -0.00312007 -0.00312182 -0.00312791 -0.00313167 -0.00313763 -0.00314365 -0.00314924 -0.00315768 -0.00316281 -0.00317368 -0.00317848 -0.00319159 -0.00319654 -0.00321144 -0.00321738 -0.0032334 -0.00324151 -0.00325793 -0.00326945 -0.00328576 -0.00330166 -0.00331789 -0.00333835 -0.00335526 -0.00337942 -0.00339817 -0.00342391 -0.00344484 -0.00346829 -0.00348766 -0.00350014 -0.00350332 -0.00348279 -0.00343297 -0.00333054 -0.00315829 -0.00288918 -0.00249256 -0.00193836 -0.00118371 -0.00018122 0.00113013 0.00282824 0.00498545 0.00767489 0.0109393 0.0147887 0.0192179 0.0241783 0.0296156 0.0354184 0.0414136 0.0473977 0.0531134 0.0583453 0.0628806 0.0665007 0.0690368 0.0703174 0.0702727 0.0688909 0.0661523 0.0621349 0.0569426 0.0507442 0.0437518 0.0360747 0.0278701 0.0193329 0.0106029 0.00186021 -0.00676837 -0.0151871 -0.0232404 -0.0308474 -0.0379073 -0.0442494 -0.049841 -0.0546837 -0.0586901 -0.0618371 -0.0641641 -0.0657109 -0.0665567 -0.0667841 -0.0664746 -0.0657512 -0.0647554 -0.0636267 -0.0624737 -0.0613688 -0.0604189 -0.0597296 
0 0.00537659 0.010643 0.0157509 0.0206516 0.0252603 0.0294823 0.0332037 0.0363131 0.0387411 0.040413 0.0412439 0.0411793 0.0401602 0.03816 0.035227 0.031394 0.0266916 0.0211979 0.0149944 0.00822058 0.00100791 -0.00660891 -0.0145038 -0.0225097 -0.0305519 -0.0384768 -0.046128 -0.0534042 -0.060125 -0.0661506 -0.0713075 -0.0753676 -0.0782516 -0.0798758 -0.0801775 -0.0791839 -0.076901 -0.0734753 -0.0690893 -0.0639053 -0.0581776 -0.0521105 -0.0459629 -0.0399785 -0.034303 -0.0290942 -0.0244023 -0.0202861 -0.0167781 -0.0138456 -0.0114791 -0.00958407 -0.00810067 -0.0069509 -0.00605964 -0.00539605 -0.00489224 -0.00453633 -0.00427971 -0.00410308 -0.00398591 -0.00389925 -0.00384667 -0.00379936 -0.00377003 -0.00373954 -0.00371576 -0.00369338 -0.00366984 -0.00365169 -0.00362811 -0.00361187 -0.00358944 -0.00357372 -0.00355355 -0.00353781 -0.00352047 -0.00350481 -0.00349034 -0.00347519 -0.00346328 -0.00344917 -0.0034394 -0.00342672 -0.00341868 -0.00340766 -0.00340103 -0.00339175 -0.00338631 -0.00337874 -0.00337436 -0.00336839 -0.00336502 -0.00336053 -0.00335815 -0.003355 -0.00335363 -0.00335172 -0.00335138 -0.00335064 -0.00335138 -0.00335172 -0.00335363 -0.003355 -0.00335815 -0.00336053 -0.00336502 -0.00336839 -0.00337436 -0.00337874 -0.00338631 -0.00339175 -0.00340103 -0.00340766 -0.00341868 -0.00342672 -0.0034394 -0.00344917 -0.00346328 -0.00347519 -0.00349034 -0.00350481 -0.00352047 -0.00353781 -0.00355355 -0.00357372 -0.00358943 -0.00361184 -0.00362803 -0.00365148 -0.00366928 -0.003692 -0.00371245 -0.00373194 -0.00375333 -0.00376422 -0.00377583 -0.00376252 -0.00373333 -0.00365633 -0.0035227 -0.00330576 -0.00296901 -0.00249724 -0.0018287 -0.000943137 0.000237997 0.00177382 0.00373923 0.00622631 0.00926259 0.012906 0.0171276 0.0219084 0.0272063 0.0329073 0.0389094 0.044984 0.0509128 0.056469 0.0614005 0.0655416 0.0686621 0.0706067 0.0713034 0.0706882 0.0688203 0.0657153 0.0614335 0.0561601 0.0500294 0.0432241 0.0358975 0.028138 0.0201188 0.0119316 0.0036422 -0.00458021 -0.0126479 -0.0205042 -0.0280499 -0.0352093 -0.0418511 -0.0478675 -0.0532517 -0.0579442 -0.0618731 -0.0650475 -0.0674665 -0.0691494 -0.0701989 -0.0707076 -0.070735 -0.0703903 -0.0698243 -0.0691451 -0.0684272 -0.067781 -0.0673087 
0 0.00565787 0.0111817 0.0165286 0.0215919 0.0262143 0.0303282 0.0338563 0.0366637 0.0386841 0.0398763 0.0401405 0.0394259 0.0377752 0.035227 0.0317907 0.0275207 0.0225153 0.016845 0.0106158 0.0039893 -0.00296584 -0.0102041 -0.0175975 -0.0250559 -0.0324917 -0.0398142 -0.0469833 -0.0538538 -0.0602771 -0.0661611 -0.0712975 -0.0755265 -0.0787296 -0.080765 -0.0816091 -0.0811853 -0.079466 -0.076569 -0.0725872 -0.0677355 -0.0622156 -0.0562176 -0.050038 -0.0438726 -0.0379544 -0.0324391 -0.0273936 -0.0229314 -0.0190426 -0.0157694 -0.0130814 -0.0109049 -0.00920547 -0.007857 -0.00683211 -0.0060424 -0.00544826 -0.00502322 -0.00470165 -0.0044957 -0.00433558 -0.00423876 -0.00416359 -0.00410853 -0.00407303 -0.00403043 -0.0040109 -0.00397368 -0.00395811 -0.00392724 -0.00390985 -0.00388681 -0.00386577 -0.00385028 -0.00382629 -0.00381649 -0.00379153 -0.00378501 -0.00376124 -0.0037558 -0.00373491 -0.00372907 -0.00371203 -0.00370507 -0.00369216 -0.00368395 -0.00367501 -0.0036658 -0.00366039 -0.00365063 -0.00364822 -0.00363837 -0.00363847 -0.00362895 -0.00363115 -0.00362229 -0.00362625 -0.00361833 -0.0036238 -0.00361701 -0.0036238 -0.00361833 -0.00362625 -0.00362229 -0.00363115 -0.00362895 -0.00363847 -0.00363837 -0.00364822 -0.00365063 -0.00366039 -0.0036658 -0.00367501 -0.00368395 -0.00369216 -0.00370507 -0.00371203 -0.00372907 -0.00373491 -0.0037558 -0.00376124 -0.00378501 -0.00379153 -0.00381649 -0.00382629 -0.00385027 -0.00386575 -0.00388676 -0.00390971 -0.00392687 -0.00395717 -0.0039714 -0.00400559 -0.00401856 -0.00404759 -0.00405631 -0.00406088 -0.00404536 -0.00398686 -0.00389337 -0.00370406 -0.00343611 -0.00301637 -0.00244056 -0.00165307 -0.000593241 0.000774728 0.00257057 0.00482493 0.0076437 0.0110485 0.0150416 0.0196357 0.0247398 0.0303321 0.036265 0.0423713 0.0484564 0.0542332 0.0595241 0.0640852 0.0677159 0.0702689 0.0715708 0.0716301 0.0704559 0.0680808 0.0646221 0.0601446 0.0548279 0.0488467 0.042292 0.0353398 0.0281029 0.0206487 0.0130585 0.00534551 -0.00239577 -0.010044 -0.017589 -0.024974 -0.0320983 -0.038903 -0.0452948 -0.0511627 -0.0564462 -0.0611139 -0.065122 -0.0684217 -0.0710254 -0.0729979 -0.0743954 -0.0752907 -0.0757673 -0.0758896 -0.0757774 -0.075584 -0.0753694 -0.0751613 
0 0.00578664 0.0114643 0.0169149 0.0219708 0.0264985 0.0304296 0.0336547 0.0360654 0.0376239 0.0382714 0.0379403 0.0366496 0.0344545 0.031394 0.0275207 0.0229197 0.0177085 0.0120094 0.00592348 -0.000465375 -0.00707573 -0.0138276 -0.0206623 -0.0275051 -0.0342766 -0.0409821 -0.0475925 -0.0539869 -0.0600765 -0.0657336 -0.0708153 -0.0751985 -0.0786827 -0.0811505 -0.0825192 -0.0826584 -0.0815572 -0.079213 -0.0757212 -0.0712847 -0.0660408 -0.0602358 -0.0540918 -0.0478332 -0.0417364 -0.0359291 -0.030579 -0.0257568 -0.0214992 -0.0178776 -0.0148324 -0.0123756 -0.0104101 -0.00886166 -0.00767722 -0.0067446 -0.00606471 -0.00553933 -0.00517012 -0.00490625 -0.00471289 -0.00459582 -0.00449053 -0.00443846 -0.00437559 -0.0043425 -0.00430367 -0.00427072 -0.00424824 -0.0042119 -0.00419985 -0.00416312 -0.00415551 -0.00412273 -0.0041145 -0.00408881 -0.00407688 -0.00405947 -0.00404291 -0.00403321 -0.00401274 -0.00400917 -0.00398634 -0.003987 -0.00396356 -0.00396673 -0.00394418 -0.00394855 -0.00392795 -0.00393275 -0.00391467 -0.00391956 -0.00390419 -0.00390915 -0.00389641 -0.00390164 -0.00389125 -0.00389712 -0.00388868 -0.00389561 -0.00388868 -0.00389712 -0.00389125 -0.00390164 -0.00389641 -0.00390915 -0.00390419 -0.00391956 -0.00391467 -0.00393275 -0.00392795 -0.00394855 -0.00394418 -0.00396673 -0.00396356 -0.003987 -0.00398634 -0.00400917 -0.00401274 -0.00403321 -0.00404291 -0.00405947 -0.00407688 -0.00408881 -0.00411449 -0.00412272 -0.00415548 -0.00416303 -0.00419961 -0.00421127 -0.00424669 -0.00426706 -0.00429535 -0.00432435 -0.00433762 -0.00436236 -0.00434444 -0.00432723 -0.00423987 -0.00410766 -0.00387594 -0.00352161 -0.0030289 -0.00231913 -0.00139816 -0.000151128 0.00144828 0.00350276 0.00609084 0.0092356 0.0130119 0.017357 0.022281 0.0277076 0.0335289 0.0396386 0.0457802 0.0517632 0.0573276 0.0622442 0.0663494 0.0694034 0.0712969 0.0719484 0.0713504 0.069611 0.0667728 0.0629666 0.0583563 0.0530636 0.0472537 0.0410195 0.0344699 0.0277542 0.0209039 0.0139285 0.00686074 -0.000283615 -0.00746252 -0.0146368 -0.0217669 -0.0287845 -0.0356359 -0.0422573 -0.0485264 -0.05433 -0.0596407 -0.0644341 -0.0686252 -0.0721863 -0.0751523 -0.077513 -0.0793137 -0.0806851 -0.0816728 -0.082303 -0.0827065 -0.0829733 -0.0831263 
0 0.00580026 0.0114379 0.0167662 0.0216631 0.0259998 0.0296276 0.0324506 0.0344247 0.0354656 0.035519 0.0346375 0.0328504 0.0301674 0.0266916 0.0225153 0.0177085 0.0124382 0.00684801 0.000982515 -0.00508031 -0.0112365 -0.0174291 -0.0236213 -0.0297824 -0.0359002 -0.041975 -0.0479931 -0.0539032 -0.0596037 -0.06499 -0.0699842 -0.074441 -0.0781796 -0.0810549 -0.0829095 -0.0836412 -0.0831675 -0.0814295 -0.0785152 -0.074536 -0.0696634 -0.0641149 -0.0580716 -0.0518138 -0.0455671 -0.0395367 -0.0339084 -0.028745 -0.0241598 -0.0201677 -0.016786 -0.014015 -0.0117597 -0.00999654 -0.00860108 -0.00753008 -0.00671673 -0.0060927 -0.0056558 -0.00531888 -0.00510441 -0.00494029 -0.00483456 -0.00476194 -0.00469746 -0.00466592 -0.00461488 -0.00459684 -0.00455375 -0.00453536 -0.00450189 -0.00447753 -0.00445485 -0.00442411 -0.00441093 -0.00437642 -0.00436966 -0.0043351 -0.00433123 -0.00429999 -0.00429609 -0.00427047 -0.00426468 -0.00424571 -0.00423726 -0.00422496 -0.00421389 -0.00420763 -0.00419446 -0.00419329 -0.00417878 -0.00418172 -0.00416659 -0.00417278 -0.00415768 -0.0041664 -0.00415184 -0.00416258 -0.00414895 -0.0041613 -0.00414895 -0.00416258 -0.00415184 -0.0041664 -0.00415768 -0.00417278 -0.00416659 -0.00418172 -0.00417878 -0.00419329 -0.00419446 -0.00420763 -0.00421389 -0.00422496 -0.00423726 -0.00424571 -0.00426468 -0.00427047 -0.00429609 -0.00429999 -0.00433123 -0.0043351 -0.00436966 -0.00437642 -0.00441092 -0.00442409 -0.00445479 -0.00447737 -0.00450147 -0.00453433 -0.00455126 -0.00459109 -0.00460211 -0.00463869 -0.00464185 -0.00465311 -0.00463051 -0.00457377 -0.00447342 -0.00427664 -0.00400116 -0.00356119 -0.00297104 -0.00214726 -0.0010538 0.000370777 0.00223365 0.0045689 0.00749296 0.0110035 0.0151281 0.0198461 0.0250793 0.0307907 0.0368122 0.0429922 0.0490979 0.0548676 0.0601108 0.0645852 0.0681244 0.0705613 0.0717683 0.0717575 0.0705551 0.0682577 0.0649903 0.0608838 0.0561411 0.0509136 0.0453005 0.0394107 0.0333361 0.0271554 0.0209017 0.0145618 0.00813256 0.00161055 -0.00503572 -0.0117997 -0.0186056 -0.0254155 -0.0322189 -0.0389319 -0.045463 -0.051736 -0.0576441 -0.0631246 -0.0681477 -0.0726496 -0.0765944 -0.0799753 -0.0827928 -0.0851097 -0.0870003 -0.0884894 -0.089614 -0.0904305 -0.0909867 
