0 0 0 0 0 0 0 0 0 0 0 0 0 0 0 0 0 0 0 0 0 0 0 0 0 0 0 0 0 0 0 0 0 0 0 0 0 0 0 0 0 0 0 0 0 0 0 0 0 0 0 0 0 0 0 0 0 0 0 0 0 0 0 0 0 0 0 0 0 0 0 0 0 0 0 0 0 0 0 0 0 0 0 0 0 0 0 0 0 0 0 0 0 0 0 0 0 0 0 0 0 0 0 0 0 0 0 0 0 0 0 0 0 0 0 0 0 0 0 0 0 0 0 0 0 0 0 0 0 0 0 0 0 0 0 0 0 0 0 0 0 0 0 0 0 0 0 0 0 0 0 0 0 0 0 0 0 0 0 0 0 0 0 0 0 0 0 0 0 0 0 0 0 0 0 0 0 0 0 0 0 0 0 0 0 0 0 0 0 0 0 0 0 0 0 0 0 0 0 0 
0 0.000103016 0.000120535 0.000182672 0.000283233 0.000332333 0.000424321 0.000554678 0.000625167 0.000744603 0.00093257 0.00106469 0.00124364 0.0015265 0.00178974 0.00209052 0.00246897 0.00285158 0.00329264 0.0037578 0.00419946 0.00469213 0.00511102 0.00539511 0.00563541 0.00569937 0.00554101 0.00519763 0.00459382 0.00379598 0.00277262 0.00149406 0.000129748 -0.00132146 -0.00279899 -0.0042031 -0.00552716 -0.00660289 -0.00742683 -0.00801338 -0.00830192 -0.00836779 -0.00814708 -0.00770475 -0.00712913 -0.00642454 -0.00571442 -0.00495679 -0.00421081 -0.00351093 -0.00284485 -0.00230517 -0.00182596 -0.0014597 -0.00116124 -0.000910553 -0.000733918 -0.000562999 -0.000463515 -0.000365091 -0.000311248 -0.000273288 -0.000240396 -0.000239642 -0.00021479 -0.000227618 -0.000209268 -0.000219414 -0.000210393 -0.00021044 -0.000211958 -0.000201595 -0.000211502 -0.000194629 -0.000208596 -0.000190446 -0.000203902 -0.000188948 -0.000198481 -0.000189432 -0.000193315 -0.000191032 -0.000189056 -0.000193006 -0.000185981 -0.000194857 -0.000184068 -0.000196335 -0.000183112 -0.000197371 -0.000182839 -0.000198011 -0.000182978 -0.000198352 -0.000183302 -0.0001985 -0.000183643 -0.000198544 -0.000183889 -0.00019855 -0.000183978 -0.00019855 -0.000183889 -0.000198544 -0.000183643 -0.0001985 -0.000183302 -0.000198352 -0.000182978 -0.000198011 -0.000182839 -0.000197371 -0.000183112 -0.000196335 -0.000184068 -0.000194857 -0.000185981 -0.000193006 -0.000189056 -0.000191032 -0.000193315 -0.000189432 -0.000198481 -0.000188948 -0.000203901 -0.000190445 -0.000208594 -0.000194623 -0.000211485 -0.000201546 -0.000211829 -0.00021011 -0.00020958 -0.0002175 -0.000204961 -0.000218359 -0.000195798 -0.000202494 -0.000171174 -0.000150473 -0.000103811 -3.13853e-05 4.86018e-05 0.000189036 0.000328121 0.000541911 0.000778478 0.00108989 0.00148929 0.00196168 0.00257048 0.00322888 0.00397878 0.00474576 0.00551138 0.00629183 0.00698644 0.00761611 0.00804614 0.00823985 0.00820076 0.00786158 0.00729956 0.00643609 0.00529741 0.00398532 0.00250831 0.00101402 -0.0005026 -0.00199695 -0.00330253 -0.00444151 -0.00534879 -0.00601883 -0.00649812 -0.00668022 -0.00667208 -0.00655815 -0.00626304 -0.00588966 -0.00546921 -0.00499759 -0.00456515 -0.00410593 -0.00365562 -0.00332626 -0.002992 -0.00266542 -0.0024645 -0.00226547 -0.00205445 -0.00193308 -0.00180998 -0.00168734 -0.00166076 -0.00161282 -0.00150173 -0.00147754 -0.00149754 -0.0014421 
0 0.000120535 0.000246706 0.000407019 0.000563488 0.000694295 0.000865431 0.00107578 0.00127934 0.00152572 0.0018407 0.00218218 0.00257486 0.00305352 0.00360186 0.00422481 0.00493972 0.00575286 0.00663223 0.00752219 0.00843804 0.00934933 0.0101274 0.0107374 0.0111524 0.0112577 0.0109746 0.0102427 0.00906194 0.00745359 0.00537128 0.00289352 0.000167914 -0.00270275 -0.0055837 -0.0083812 -0.0109368 -0.0130697 -0.0147301 -0.0158682 -0.0164929 -0.0166057 -0.0161911 -0.0153577 -0.0141963 -0.0128428 -0.0113984 -0.00989585 -0.00842265 -0.00700343 -0.00571976 -0.00461256 -0.00368188 -0.00294503 -0.00233816 -0.00186527 -0.0014792 -0.00117302 -0.000943519 -0.000759424 -0.000642937 -0.000548078 -0.000498097 -0.000458661 -0.000436779 -0.000426579 -0.000412555 -0.00041561 -0.000403724 -0.000410797 -0.000401779 -0.00040744 -0.000402976 -0.000404484 -0.000405062 -0.000401846 -0.000406573 -0.000399573 -0.000406767 -0.00039765 -0.000405509 -0.000395999 -0.000403063 -0.000394525 -0.000399873 -0.000393159 -0.000396392 -0.00039187 -0.000392992 -0.000390662 -0.000389931 -0.000389566 -0.00038736 -0.000388623 -0.000385351 -0.000387875 -0.000383923 -0.000387357 -0.000383074 -0.000387092 -0.000382792 -0.000387092 -0.000383074 -0.000387357 -0.000383923 -0.000387875 -0.000385351 -0.000388623 -0.00038736 -0.000389566 -0.000389931 -0.000390662 -0.000392992 -0.00039187 -0.000396392 -0.000393159 -0.000399873 -0.000394525 -0.000403063 -0.000395999 -0.000405509 -0.00039765 -0.000406767 -0.000399573 -0.000406572 -0.000401844 -0.000405057 -0.000404469 -0.000402934 -0.000407324 -0.000401474 -0.000410027 -0.00040186 -0.000411288 -0.000402969 -0.000406256 -0.000395633 -0.000379175 -0.000351686 -0.000291052 -0.000212901 -7.31989e-05 0.00010274 0.000356076 0.000673753 0.00107486 0.00158638 0.00221155 0.0030162 0.00399028 0.00516822 0.00650951 0.00796116 0.00948829 0.0110092 0.0125147 0.0139099 0.0150957 0.0159517 0.0163389 0.0162405 0.0156132 0.0144544 0.0127593 0.0105263 0.00790433 0.00502635 0.0020278 -0.000967856 -0.00386875 -0.00648293 -0.00870182 -0.0105105 -0.0118717 -0.0127837 -0.0132282 -0.0132631 -0.013014 -0.012494 -0.0117493 -0.010903 -0.0100128 -0.00911317 -0.00823254 -0.00740844 -0.00668357 -0.00602318 -0.00542244 -0.00493689 -0.00452798 -0.00415976 -0.00388221 -0.00367075 -0.00346016 -0.00328095 -0.00316841 -0.00308666 -0.00300717 -0.00294415 -0.00290957 
0 0.000182672 0.000407019 0.000614515 0.000820689 0.00107773 0.0013393 0.00161785 0.00197505 0.00236052 0.00278627 0.00333665 0.0039571 0.00464749 0.00549869 0.00645136 0.00750058 0.00871329 0.00998789 0.0113015 0.0126721 0.0139427 0.0150606 0.0159655 0.0164805 0.0165682 0.0161068 0.0149717 0.0132237 0.0107939 0.00770621 0.00411238 8.61761e-05 -0.0041286 -0.00836394 -0.0124805 -0.0161813 -0.0193417 -0.0218019 -0.0234811 -0.0244311 -0.0245716 -0.0240047 -0.022816 -0.0211308 -0.019183 -0.0170282 -0.014832 -0.0126498 -0.0105512 -0.00867077 -0.00699297 -0.00561754 -0.0044762 -0.00355809 -0.00283809 -0.0022346 -0.00179273 -0.00141869 -0.00116444 -0.00096974 -0.000835251 -0.000760964 -0.000690983 -0.000677201 -0.000638942 -0.000643162 -0.000624049 -0.000624643 -0.000620813 -0.000611261 -0.00061923 -0.000601428 -0.000615963 -0.000595162 -0.000610496 -0.000592016 -0.000603521 -0.000591024 -0.000596081 -0.000591117 -0.000589096 -0.000591446 -0.000583148 -0.000591501 -0.000578472 -0.000591088 -0.000575037 -0.000590239 -0.000572658 -0.000589104 -0.000571099 -0.000587872 -0.000570128 -0.000586725 -0.000569558 -0.000585805 -0.000569249 -0.000585214 -0.000569116 -0.000585011 -0.000569116 -0.000585214 -0.000569249 -0.000585805 -0.000569558 -0.000586725 -0.000570128 -0.000587872 -0.000571099 -0.000589104 -0.000572658 -0.000590239 -0.000575037 -0.000591088 -0.000578472 -0.000591501 -0.000583148 -0.000591446 -0.000589096 -0.000591117 -0.000596081 -0.000591023 -0.00060352 -0.000592015 -0.000610493 -0.000595152 -0.000615933 -0.000601343 -0.000619003 -0.000610675 -0.000619366 -0.000621213 -0.000616263 -0.000626246 -0.000603792 -0.000607397 -0.000558602 -0.000521324 -0.000421259 -0.00028699 -8.83749e-05 0.000205589 0.000563731 0.0010678 0.00166113 0.00244173 0.00340045 0.00459443 0.00607869 0.00780018 0.00980056 0.0119395 0.0141932 0.0164702 0.0186593 0.0207138 0.0224004 0.0236152 0.0241812 0.0239925 0.0230711 0.0213154 0.0187984 0.0155591 0.0117128 0.00752782 0.00311522 -0.00129244 -0.00549593 -0.00936341 -0.0126568 -0.0153524 -0.0174112 -0.0187535 -0.0194872 -0.0196298 -0.0192668 -0.0185656 -0.0175387 -0.0163233 -0.0150544 -0.0137164 -0.0124269 -0.0112406 -0.0101082 -0.00912024 -0.0082751 -0.0075022 -0.00686995 -0.0063562 -0.00589038 -0.00553382 -0.00525754 -0.00498214 -0.00478405 -0.00467512 -0.00454401 -0.00442442 -0.00439681 
0 0.000283233 0.000563488 0.000820689 0.00111119 0.00147257 0.00183907 0.00222229 0.00270072 0.00324352 0.00383729 0.00455709 0.00540642 0.00637181 0.00749363 0.00877359 0.0101961 0.0117431 0.0133938 0.0151359 0.0168585 0.0184483 0.0198656 0.0209483 0.021528 0.0215246 0.0208023 0.0192885 0.016932 0.0136899 0.00968559 0.00501444 -0.000181841 -0.00563769 -0.0111492 -0.0164205 -0.0211956 -0.0252986 -0.0285004 -0.0307426 -0.0319707 -0.0321835 -0.0315063 -0.0300085 -0.027911 -0.0253889 -0.0226003 -0.0197413 -0.0168749 -0.0141657 -0.0116763 -0.00947808 -0.0076332 -0.00608258 -0.00485417 -0.00384666 -0.00305494 -0.00243387 -0.00194001 -0.00159316 -0.00131562 -0.00114957 -0.00101906 -0.000948308 -0.000902435 -0.0008677 -0.000861966 -0.000836438 -0.000844657 -0.000822928 -0.000831119 -0.000815711 -0.000817288 -0.000810755 -0.000803998 -0.000806374 -0.000792712 -0.000801804 -0.00078424 -0.000796838 -0.000778616 -0.000791614 -0.000775364 -0.000786427 -0.000773805 -0.000781574 -0.000773285 -0.000777276 -0.000773294 -0.000773652 -0.000773496 -0.000770736 -0.00077371 -0.000768501 -0.000773864 -0.000766896 -0.000773948 -0.000765865 -0.000773984 -0.000765361 -0.000773993 -0.000765361 -0.000773984 -0.000765865 -0.000773948 -0.000766896 -0.000773864 -0.000768501 -0.00077371 -0.000770736 -0.000773496 -0.000773652 -0.000773294 -0.000777276 -0.000773285 -0.000781574 -0.000773805 -0.000786427 -0.000775364 -0.000791614 -0.000778616 -0.000796838 -0.00078424 -0.000801804 -0.00079271 -0.000806367 -0.000803977 -0.000810697 -0.000817128 -0.000815292 -0.000830066 -0.000820387 -0.000838783 -0.000823427 -0.000834371 -0.000811702 -0.000793772 -0.000746774 -0.000661887 -0.000544576 -0.000335461 -7.19289e-05 0.000327781 0.000826023 0.00148654 0.0023209 0.00335691 0.00467959 0.00627955 0.00824895 0.010533 0.0131207 0.0159403 0.0188663 0.0218464 0.0246913 0.027289 0.0294327 0.0309142 0.031613 0.0313453 0.0300849 0.0277865 0.0244744 0.0203053 0.0153865 0.0099687 0.00428999 -0.00141315 -0.00683418 -0.0118141 -0.0161636 -0.0197175 -0.0224379 -0.0242795 -0.0253178 -0.0256358 -0.0252734 -0.0244154 -0.0232066 -0.0217182 -0.0200784 -0.0183846 -0.0167238 -0.0151519 -0.0136737 -0.012358 -0.0112238 -0.0102063 -0.00933592 -0.00862952 -0.00800686 -0.00747127 -0.00707802 -0.00677742 -0.00649446 -0.00625233 -0.0060998 -0.00599922 -0.00590267 
0 0.000332333 0.000694295 0.00107773 0.00147257 0.00189341 0.00235904 0.00288418 0.00348911 0.00418884 0.00498599 0.00590842 0.00699453 0.00822641 0.00961135 0.011217 0.012998 0.0148785 0.016903 0.0189973 0.0209908 0.0228415 0.0244403 0.0255987 0.0261802 0.0260066 0.0249905 0.0230629 0.0200676 0.0160676 0.011189 0.00551966 -0.000705568 -0.00728315 -0.0138942 -0.0201679 -0.0259074 -0.0308264 -0.0347339 -0.0375061 -0.0390127 -0.039361 -0.0386074 -0.036903 -0.0344665 -0.031434 -0.0280945 -0.0245935 -0.0211149 -0.0178202 -0.0147548 -0.0120706 -0.00973698 -0.00780309 -0.00622934 -0.00494247 -0.0039502 -0.00313322 -0.00253197 -0.00205519 -0.00171318 -0.0014777 -0.00129813 -0.00120845 -0.00111954 -0.00109616 -0.00105522 -0.00104912 -0.0010361 -0.00102606 -0.00103094 -0.0010129 -0.00102777 -0.00100543 -0.00102275 -0.0010017 -0.00101535 -0.00100004 -0.00100632 -0.00099902 -0.000996757 -0.000997634 -0.000987624 -0.000995424 -0.000979541 -0.000992364 -0.000972797 -0.000988704 -0.000967422 -0.000984806 -0.000963298 -0.000981038 -0.000960245 -0.000977707 -0.000958078 -0.000975042 -0.000956643 -0.000973192 -0.000955827 -0.000972248 -0.000955562 -0.000972248 -0.000955827 -0.000973192 -0.000956643 -0.000975042 -0.000958078 -0.000977707 -0.000960245 -0.000981038 -0.000963298 -0.000984806 -0.000967422 -0.000988704 -0.000972797 -0.000992364 -0.000979541 -0.000995424 -0.000987624 -0.000997634 -0.000996757 -0.00099902 -0.00100632 -0.00100004 -0.00101534 -0.00100168 -0.00102271 -0.00100531 -0.00102747 -0.00101215 -0.00102911 -0.00102176 -0.00102641 -0.0010282 -0.00101198 -0.00101062 -0.000957633 -0.000915363 -0.000790595 -0.000636459 -0.000376791 -1.6056e-05 0.000466209 0.00113266 0.00195271 0.00304211 0.00437392 0.00605746 0.00810932 0.0105395 0.0133827 0.0165218 0.0199563 0.0235202 0.027101 0.0305386 0.0335744 0.0360712 0.0377622 0.0385095 0.0381621 0.0365602 0.0337484 0.029736 0.0247052 0.0188544 0.0123448 0.00553548 -0.00128678 -0.00781467 -0.0137818 -0.0190728 -0.0234533 -0.0268129 -0.0291983 -0.0306166 -0.0311694 -0.0309352 -0.0300282 -0.0286913 -0.0270156 -0.0250794 -0.023087 -0.0211185 -0.0192004 -0.0174118 -0.0157822 -0.0143288 -0.0130557 -0.0119394 -0.011004 -0.0102405 -0.00957742 -0.00901856 -0.00859053 -0.00823775 -0.00793912 -0.00773448 -0.00759193 -0.00746191 
0 0.000424321 0.000865431 0.0013393 0.00183907 0.00235904 0.00294319 0.00362535 0.00438256 0.00523318 0.00623709 0.00739914 0.00871795 0.0102238 0.0119294 0.0138339 0.0159149 0.0181374 0.020467 0.0228083 0.0250458 0.0270747 0.028742 0.0298894 0.0303383 0.0299189 0.0285529 0.0261169 0.0225216 0.0178355 0.0121477 0.00562991 -0.00150971 -0.00903757 -0.0165528 -0.0237253 -0.0302739 -0.0359093 -0.0404502 -0.0436668 -0.0454875 -0.0459786 -0.0452121 -0.0434019 -0.0406843 -0.0372822 -0.0334614 -0.029412 -0.0254046 -0.0215451 -0.0179772 -0.0147859 -0.0119841 -0.00964621 -0.00768978 -0.00613059 -0.00488053 -0.00389236 -0.0031449 -0.00254998 -0.00214039 -0.00181884 -0.00161827 -0.00147358 -0.00138076 -0.00133337 -0.00128444 -0.00127974 -0.00124705 -0.00125407 -0.00123145 -0.00123518 -0.00122341 -0.00121828 -0.00121759 -0.00120359 -0.00121185 -0.00119187 -0.00120538 -0.0011833 -0.00119815 -0.00117749 -0.00119053 -0.00117375 -0.00118301 -0.00117138 -0.00117602 -0.00116981 -0.00116987 -0.00116865 -0.00116471 -0.00116771 -0.00116059 -0.00116691 -0.00115748 -0.00116625 -0.00115532 -0.00116577 -0.00115405 -0.00116552 -0.00115363 -0.00116552 -0.00115405 -0.00116577 -0.00115532 -0.00116625 -0.00115748 -0.00116691 -0.00116059 -0.00116771 -0.00116471 -0.00116865 -0.00116987 -0.00116981 -0.00117602 -0.00117138 -0.00118301 -0.00117375 -0.00119053 -0.00117749 -0.00119815 -0.0011833 -0.00120538 -0.00119187 -0.00121184 -0.00120357 -0.00121752 -0.00121808 -0.00122288 -0.00123388 -0.00122835 -0.00124698 -0.00123149 -0.00124702 -0.00121855 -0.00120637 -0.00114647 -0.00105987 -0.000918763 -0.000685007 -0.000375245 9.67554e-05 0.000691947 0.00150935 0.00254033 0.00385994 0.00552966 0.00756659 0.0100634 0.0129628 0.0163011 0.0199915 0.0239583 0.0281106 0.0322229 0.0361362 0.0395555 0.0422754 0.0441068 0.0448242 0.0443125 0.0423945 0.0390734 0.0344608 0.0286924 0.0220227 0.014648 0.00689068 -0.000862094 -0.00832456 -0.015203 -0.0213066 -0.0264562 -0.0304863 -0.0334141 -0.0352756 -0.0361259 -0.0360924 -0.0353008 -0.033932 -0.0321517 -0.0300741 -0.0278502 -0.0255999 -0.023396 -0.021308 -0.0193753 -0.0176314 -0.0160935 -0.0147419 -0.0135751 -0.0126003 -0.0117904 -0.0110981 -0.0105094 -0.0100632 -0.00973757 -0.00944454 -0.00920945 -0.00909464 
0 0.000554678 0.00107578 0.00161785 0.00222229 0.00288418 0.00362535 0.00445421 0.00536357 0.00641604 0.00765275 0.00903481 0.0105979 0.0124131 0.0144326 0.0166109 0.0189808 0.0215005 0.0240559 0.0265746 0.0289672 0.0310656 0.0326988 0.0337058 0.0339171 0.0331909 0.0313855 0.0284026 0.0242403 0.0189138 0.012527 0.00527892 -0.00263144 -0.0108869 -0.0191312 -0.0270337 -0.0342348 -0.0404875 -0.0455379 -0.0491647 -0.0513167 -0.0519802 -0.0513013 -0.0494409 -0.0465474 -0.0428863 -0.0386661 -0.0341906 -0.0296975 -0.0253449 -0.0213091 -0.0176206 -0.0143876 -0.0116117 -0.00929146 -0.00742362 -0.00590561 -0.00473929 -0.00381049 -0.00311551 -0.0025939 -0.00220578 -0.00195242 -0.00175524 -0.00165387 -0.00156364 -0.00152772 -0.0014921 -0.00147288 -0.0014647 -0.00144374 -0.00144919 -0.00142469 -0.00143511 -0.0014113 -0.0014205 -0.00140196 -0.00140595 -0.00139543 -0.00139251 -0.00139054 -0.00138094 -0.00138642 -0.00137157 -0.00138256 -0.00136435 -0.00137875 -0.00135899 -0.001375 -0.00135514 -0.00137146 -0.00135243 -0.00136829 -0.00135057 -0.00136565 -0.00134934 -0.00136369 -0.00134859 -0.00136247 -0.00134824 -0.00136206 -0.00134824 -0.00136247 -0.00134859 -0.00136369 -0.00134934 -0.00136565 -0.00135057 -0.00136829 -0.00135243 -0.00137146 -0.00135514 -0.001375 -0.00135899 -0.00137875 -0.00136435 -0.00138256 -0.00137157 -0.00138642 -0.00138094 -0.00139054 -0.00139251 -0.00139542 -0.00140594 -0.00140194 -0.00142045 -0.00141116 -0.00143475 -0.00142378 -0.00144699 -0.00143862 -0.00145329 -0.00144848 -0.00144212 -0.00142967 -0.00137946 -0.00132263 -0.00118467 -0.00101026 -0.000711953 -0.000314004 0.000245329 0.000994964 0.00195621 0.0032246 0.00480134 0.00680758 0.00924068 0.0121527 0.0155375 0.0193331 0.023532 0.0279893 0.0326159 0.0371837 0.0414344 0.0451325 0.0479869 0.0498409 0.050475 0.049721 0.0474902 0.043731 0.0385934 0.0322369 0.0248806 0.0168247 0.00835379 -0.000152006 -0.00836531 -0.0160168 -0.0228291 -0.0286419 -0.0333365 -0.0368388 -0.0391784 -0.0404184 -0.0406852 -0.0401296 -0.0388708 -0.0370871 -0.0349727 -0.0326311 -0.0301613 -0.0277149 -0.025382 -0.0231763 -0.0211455 -0.0193457 -0.0177638 -0.0163633 -0.0151445 -0.0141317 -0.0133084 -0.012614 -0.0120347 -0.0115854 -0.0112337 -0.0109654 -0.0107961 
0 0.000625167 0.00127934 0.00197505 0.00270072 0.00348911 0.00438256 0.00536357 0.00646792 0.0077696 0.00923487 0.0108523 0.0127083 0.0148018 0.0170764 0.0195417 0.0221842 0.0249267 0.0276607 0.0302776 0.0326898 0.0347362 0.0362003 0.036947 0.036851 0.0357272 0.0334295 0.0299091 0.02518 0.019277 0.0122948 0.00442591 -0.00405637 -0.0128418 -0.0216208 -0.0300429 -0.0377615 -0.0444834 -0.0499398 -0.0539578 -0.0564304 -0.057347 -0.0568231 -0.0549837 -0.0520326 -0.0481886 -0.0437028 -0.0388893 -0.0339803 -0.0292128 -0.0247193 -0.0205936 -0.0169278 -0.0137295 -0.0110514 -0.00884081 -0.00706909 -0.00567443 -0.00457369 -0.00374555 -0.00309912 -0.00264029 -0.00229799 -0.00206681 -0.00191395 -0.00180572 -0.00175293 -0.001701 -0.00168968 -0.00166207 -0.00166127 -0.00164686 -0.00164337 -0.0016388 -0.00162885 -0.00163186 -0.00161626 -0.00162397 -0.00160539 -0.00161469 -0.00159611 -0.00160437 -0.00158822 -0.00159369 -0.00158145 -0.00158332 -0.00157561 -0.00157384 -0.00157054 -0.00156558 -0.00156621 -0.00155873 -0.0015626 -0.00155334 -0.00155974 -0.00154938 -0.00155766 -0.00154679 -0.0015564 -0.00154551 -0.00155597 -0.00154551 -0.0015564 -0.00154679 -0.00155766 -0.00154938 -0.00155974 -0.00155334 -0.0015626 -0.00155873 -0.00156621 -0.00156558 -0.00157054 -0.00157384 -0.00157561 -0.00158332 -0.00158145 -0.00159369 -0.00158822 -0.00160437 -0.00159611 -0.00161469 -0.00160538 -0.00162396 -0.00161622 -0.00163177 -0.00162861 -0.00163817 -0.00164182 -0.00164321 -0.00165301 -0.00164411 -0.00165227 -0.0016263 -0.0016101 -0.00154419 -0.00145519 -0.00129546 -0.00105316 -0.000707945 -0.00020505 0.000452871 0.0013525 0.00250142 0.00399633 0.00588406 0.00822454 0.0110751 0.0144109 0.0182492 0.0225083 0.0271433 0.0320446 0.0370382 0.0419262 0.0464052 0.0502289 0.0531366 0.0549092 0.0553749 0.054355 0.0517898 0.0476793 0.0421182 0.0352932 0.0274299 0.0188482 0.00987667 0.000829405 -0.00796735 -0.0162028 -0.0236016 -0.0299891 -0.0352743 -0.0393774 -0.0422529 -0.0439662 -0.0446599 -0.0444392 -0.043414 -0.0417673 -0.0396894 -0.0373258 -0.0347742 -0.0321578 -0.0296244 -0.0272053 -0.024906 -0.0228256 -0.0209895 -0.0193501 -0.0179268 -0.0167194 -0.0156941 -0.0148503 -0.0141522 -0.0135713 -0.0131439 -0.0128394 -0.0125964 
0 0.000744603 0.00152572 0.00236052 0.00324352 0.00418884 0.00523318 0.00641604 0.0077696 0.00928214 0.0109625 0.0128842 0.0150402 0.0173732 0.0199147 0.0226474 0.025481 0.0283654 0.0311888 0.0338144 0.0361515 0.03801 0.039194 0.0395974 0.039065 0.0374406 0.0346227 0.0305631 0.0253137 0.0189204 0.0114563 0.00314699 -0.00572638 -0.0148736 -0.0239938 -0.0327738 -0.0408506 -0.0478967 -0.0536758 -0.0580127 -0.0608017 -0.0620107 -0.061688 -0.0599737 -0.0570574 -0.0531597 -0.0485491 -0.0435002 -0.0382906 -0.0331547 -0.0282524 -0.0237158 -0.0196141 -0.0160136 -0.0129431 -0.0103895 -0.00833159 -0.0066883 -0.00541127 -0.00442024 -0.00366677 -0.00310892 -0.00269509 -0.00241415 -0.00221067 -0.00208707 -0.00199898 -0.0019479 -0.00191437 -0.00188857 -0.00187797 -0.00185848 -0.00185651 -0.00183902 -0.00183915 -0.00182447 -0.00182334 -0.00181296 -0.00180897 -0.00180352 -0.0017963 -0.00179547 -0.0017855 -0.00178835 -0.00177654 -0.0017819 -0.00176928 -0.00177604 -0.00176347 -0.0017708 -0.00175891 -0.00176626 -0.00175539 -0.00176251 -0.00175278 -0.00175962 -0.00175097 -0.00175766 -0.00174991 -0.00175667 -0.00174956 -0.00175667 -0.00174991 -0.00175766 -0.00175097 -0.00175962 -0.00175278 -0.00176251 -0.00175539 -0.00176626 -0.00175891 -0.0017708 -0.00176347 -0.00177604 -0.00176928 -0.0017819 -0.00177654 -0.00178835 -0.0017855 -0.00179547 -0.0017963 -0.00180352 -0.00180896 -0.00181294 -0.00182328 -0.00182431 -0.00183872 -0.00183795 -0.00185395 -0.00185257 -0.00186492 -0.00186092 -0.0018582 -0.00183856 -0.00179511 -0.0017229 -0.00158718 -0.00138995 -0.00107798 -0.000648237 -4.53289e-05 0.000756847 0.00181065 0.003183 0.00492746 0.00713309 0.00983353 0.013072 0.0168334 0.0210822 0.0257695 0.0307969 0.0360514 0.0413355 0.0464102 0.0510069 0.0548485 0.0576946 0.0593137 0.0595173 0.0581883 0.055285 0.0508481 0.0449713 0.0378066 0.0296152 0.0207196 0.0114388 0.0020729 -0.00710049 -0.0157605 -0.0236177 -0.0305163 -0.0363393 -0.0410005 -0.0444547 -0.04671 -0.047893 -0.0481121 -0.0474512 -0.0460934 -0.0441971 -0.0419003 -0.0393713 -0.0367008 -0.0339925 -0.0313827 -0.0289022 -0.0265749 -0.0244655 -0.0225925 -0.0209591 -0.0195381 -0.0182921 -0.017259 -0.016439 -0.0157582 -0.0152109 -0.0148116 -0.0145344 
0 0.00093257 0.0018407 0.00278627 0.00383729 0.00498599 0.00623709 0.00765275 0.00923487 0.0109625 0.0129201 0.0151434 0.0175458 0.0201342 0.0229424 0.025869 0.0288308 0.0317711 0.0345727 0.0371226 0.0392528 0.0407838 0.0416132 0.0415677 0.0404898 0.0383184 0.034953 0.0303824 0.0246695 0.0178415 0.0100407 0.00146791 -0.00763277 -0.0169509 -0.0262423 -0.0351963 -0.04345 -0.0507117 -0.0567208 -0.0613334 -0.0644399 -0.0659521 -0.0659055 -0.0643932 -0.0616094 -0.0577837 -0.0531502 -0.0479927 -0.0425685 -0.0371329 -0.0318833 -0.026956 -0.0224617 -0.0184614 -0.0150063 -0.0121042 -0.00972988 -0.00783283 -0.00633859 -0.00518054 -0.00429264 -0.0036235 -0.00313106 -0.00277691 -0.00253161 -0.00236618 -0.00225745 -0.00218879 -0.0021429 -0.00211498 -0.00209333 -0.00207926 -0.00206643 -0.002056 -0.00204719 -0.00203742 -0.00203124 -0.00202165 -0.00201736 -0.00200827 -0.00200515 -0.00199702 -0.00199442 -0.00198762 -0.00198504 -0.00197976 -0.00197691 -0.00197319 -0.00196998 -0.00196772 -0.00196421 -0.00196324 -0.00195954 -0.00195968 -0.00195594 -0.00195702 -0.00195339 -0.00195524 -0.00195187 -0.00195435 -0.00195137 -0.00195435 -0.00195187 -0.00195524 -0.00195339 -0.00195702 -0.00195594 -0.00195968 -0.00195954 -0.00196324 -0.00196421 -0.00196772 -0.00196998 -0.00197319 -0.00197691 -0.00197976 -0.00198504 -0.00198762 -0.00199442 -0.00199702 -0.00200515 -0.00200827 -0.00201735 -0.00202161 -0.00203113 -0.00203713 -0.00204646 -0.00205422 -0.00206226 -0.0020699 -0.00207316 -0.00207327 -0.00206027 -0.00203188 -0.00197198 -0.0018684 -0.00169904 -0.00143929 -0.00106213 -0.000532943 0.00018382 0.00113474 0.00237741 0.00397671 0.00601033 0.00853976 0.0116129 0.0152418 0.0194024 0.0240551 0.0291175 0.0344928 0.0400169 0.045477 0.0506295 0.0551986 0.0589471 0.0616163 0.0629829 0.0628787 0.0612004 0.0579797 0.053261 0.0471435 0.0397952 0.0314394 0.0224175 0.0130167 0.00350172 -0.0058318 -0.0147348 -0.0229295 -0.0302301 -0.0365324 -0.0417031 -0.0457236 -0.0486001 -0.0503395 -0.0510728 -0.0509115 -0.0499647 -0.0483856 -0.0462907 -0.0438597 -0.0412429 -0.038477 -0.0357059 -0.0330809 -0.0305828 -0.0282316 -0.0261175 -0.02424 -0.0225763 -0.0211457 -0.0199424 -0.0189329 -0.0181062 -0.0174635 -0.0169788 -0.0166287 
0 0.00106469 0.00218218 0.00333665 0.00455709 0.00590842 0.00739914 0.00903481 0.0108523 0.0128842 0.0151434 0.0176025 0.0202438 0.0230825 0.0260743 0.0291321 0.0321691 0.035079 0.037777 0.0401149 0.0418808 0.0429948 0.0433565 0.0427547 0.0411036 0.0383531 0.0344497 0.0294222 0.0232705 0.016101 0.00810186 -0.000594314 -0.00973248 -0.0190607 -0.028349 -0.0372704 -0.045559 -0.0529126 -0.0590831 -0.0639492 -0.0673408 -0.0691892 -0.0694673 -0.068232 -0.065692 -0.0620241 -0.0574868 -0.0523205 -0.046771 -0.0411263 -0.0355737 -0.0303155 -0.025455 -0.0210783 -0.0172567 -0.0139897 -0.0112986 -0.00911189 -0.0073842 -0.00603294 -0.00498533 -0.00419678 -0.00359706 -0.00317156 -0.00286101 -0.00265586 -0.00251633 -0.00242698 -0.00237342 -0.00233425 -0.00231613 -0.00229527 -0.00228845 -0.00227425 -0.00226923 -0.00225851 -0.00225223 -0.00224422 -0.0022362 -0.00223045 -0.00222117 -0.00221716 -0.00220738 -0.00220459 -0.00219503 -0.00219303 -0.00218423 -0.00218271 -0.002175 -0.00217382 -0.00216733 -0.00216642 -0.00216116 -0.00216054 -0.00215644 -0.00215617 -0.00215312 -0.00215329 -0.00215114 -0.00215185 -0.00215049 -0.00215185 -0.00215114 -0.00215329 -0.00215312 -0.00215617 -0.00215644 -0.00216054 -0.00216116 -0.00216642 -0.00216733 -0.00217382 -0.002175 -0.00218271 -0.00218423 -0.00219303 -0.00219503 -0.00220459 -0.00220738 -0.00221716 -0.00222117 -0.00223044 -0.00223618 -0.00224414 -0.00225204 -0.00225801 -0.00226801 -0.00227135 -0.00228183 -0.00228074 -0.00228557 -0.0022726 -0.0022542 -0.00220603 -0.00212384 -0.00198721 -0.00176738 -0.00145105 -0.000986454 -0.000362483 0.000489178 0.00159949 0.00304768 0.00490437 0.00723446 0.0101176 0.0135561 0.0175781 0.0221231 0.0271457 0.0325557 0.0381992 0.0439173 0.0494389 0.0545436 0.0589721 0.0624844 0.0648759 0.065895 0.0654326 0.0634181 0.059888 0.0549509 0.0486727 0.0412577 0.0329194 0.0239181 0.0145626 0.00507028 -0.00426576 -0.0132095 -0.021594 -0.0291858 -0.0358557 -0.0415031 -0.0460674 -0.0495774 -0.0519743 -0.0532967 -0.0537126 -0.0532903 -0.052124 -0.0503687 -0.0481664 -0.0456795 -0.0429994 -0.0402 -0.0374331 -0.0347789 -0.032254 -0.0299142 -0.0277946 -0.025914 -0.024289 -0.0228837 -0.0216756 -0.0206906 -0.0199234 -0.0193396 -0.0189251 
0 0.00124364 0.00257486 0.0039571 0.00540642 0.00699453 0.00871795 0.0105979 0.0127083 0.0150402 0.0175458 0.0202438 0.0231454 0.0261837 0.0292847 0.0323911 0.0353983 0.0381937 0.0406681 0.0426441 0.0439824 0.0446059 0.0443692 0.0431501 0.0408837 0.0375293 0.0331288 0.0276711 0.0211705 0.0138115 0.00572927 -0.00292852 -0.0119553 -0.0211715 -0.0302812 -0.0390383 -0.0472266 -0.0545493 -0.0608294 -0.0658675 -0.0695135 -0.0717007 -0.0723261 -0.0714751 -0.0692648 -0.0658741 -0.0615515 -0.0564684 -0.0509157 -0.0451239 -0.0393399 -0.0337893 -0.028577 -0.0238557 -0.0196516 -0.0160333 -0.0130016 -0.0105114 -0.00853927 -0.00696683 -0.00576639 -0.00483169 -0.00413447 -0.00362008 -0.00324223 -0.00299221 -0.00280551 -0.00270089 -0.00261549 -0.00257482 -0.00253718 -0.00251671 -0.00250096 -0.0024834 -0.00247839 -0.00245979 -0.00246009 -0.00244139 -0.0024436 -0.0024267 -0.00242848 -0.00241479 -0.00241476 -0.00240497 -0.00240257 -0.00239667 -0.00239196 -0.00238955 -0.00238294 -0.00238342 -0.00237546 -0.00237823 -0.00236946 -0.00237398 -0.00236487 -0.00237072 -0.00236164 -0.00236852 -0.00235972 -0.0023674 -0.00235908 -0.0023674 -0.00235972 -0.00236852 -0.00236164 -0.00237072 -0.00236487 -0.00237398 -0.00236946 -0.00237823 -0.00237546 -0.00238342 -0.00238294 -0.00238955 -0.00239196 -0.00239667 -0.00240257 -0.00240496 -0.00241476 -0.00241479 -0.00242847 -0.00242668 -0.00244356 -0.00244127 -0.00245976 -0.00245896 -0.00247639 -0.00247876 -0.00249064 -0.0024946 -0.00249178 -0.00248541 -0.00244667 -0.00239533 -0.00227514 -0.00210869 -0.00182757 -0.00143794 -0.000881481 -0.000126613 0.000865618 0.0021818 0.00385311 0.00600261 0.00865413 0.011889 0.0157058 0.0200804 0.0249945 0.0303295 0.036022 0.0418632 0.0476587 0.0531625 0.0581015 0.0622963 0.06548 0.0674804 0.0681049 0.0672291 0.0648828 0.0610696 0.0559256 0.0495751 0.0421803 0.0340009 0.0252017 0.0160361 0.00675821 -0.00242442 -0.0112742 -0.0196781 -0.0274637 -0.0344178 -0.0404737 -0.0455634 -0.0496486 -0.052711 -0.0547165 -0.0557626 -0.0559524 -0.0553361 -0.0540473 -0.0522167 -0.0499563 -0.047425 -0.0447292 -0.0419291 -0.0391432 -0.0364904 -0.0339965 -0.031667 -0.0295646 -0.0277131 -0.0260836 -0.0247064 -0.023585 -0.0226482 -0.021923 -0.021465 
0 0.0015265 0.00305352 0.00464749 0.00637181 0.00822641 0.0102238 0.0124131 0.0148018 0.0173732 0.0201342 0.0230825 0.0261837 0.0293584 0.032506 0.0355631 0.0384506 0.0410171 0.0431128 0.0446376 0.0454837 0.0455068 0.0446062 0.0427328 0.0398326 0.0359199 0.0310395 0.0251954 0.0184825 0.0110407 0.0029999 -0.00547862 -0.0142844 -0.0232171 -0.0320104 -0.0404932 -0.0484442 -0.0556728 -0.0619825 -0.0671348 -0.0710264 -0.0735186 -0.0745445 -0.0741345 -0.0723269 -0.0693245 -0.0652786 -0.0603957 -0.0549249 -0.0490728 -0.043151 -0.037341 -0.0318447 -0.0267871 -0.0222263 -0.0182637 -0.0148677 -0.0120776 -0.00981125 -0.00801536 -0.00662245 -0.0055296 -0.00472207 -0.00409424 -0.00365838 -0.0033329 -0.00311755 -0.00297307 -0.0028709 -0.00281886 -0.00276529 -0.00275142 -0.00271726 -0.00271427 -0.00269047 -0.00268678 -0.00267167 -0.00266337 -0.00265635 -0.00264309 -0.00264283 -0.00262587 -0.00263043 -0.00261157 -0.00261894 -0.00259988 -0.00260836 -0.00259043 -0.00259885 -0.00258286 -0.00259055 -0.00257688 -0.00258361 -0.00257227 -0.00257813 -0.0025689 -0.00257418 -0.00256669 -0.00257181 -0.00256559 -0.00257101 -0.00256559 -0.00257181 -0.00256669 -0.00257418 -0.0025689 -0.00257813 -0.00257227 -0.00258361 -0.00257688 -0.00259055 -0.00258286 -0.00259885 -0.00259043 -0.00260836 -0.00259988 -0.00261893 -0.00261157 -0.00263043 -0.00262586 -0.00264282 -0.00264306 -0.00265627 -0.00266315 -0.00267112 -0.00268542 -0.00268728 -0.00270703 -0.00270148 -0.00271844 -0.00269912 -0.00269157 -0.0026361 -0.00255771 -0.00241253 -0.00218333 -0.00185436 -0.00136206 -0.000714494 0.000187449 0.00134395 0.00286895 0.00480748 0.00724338 0.0102516 0.0138268 0.0180183 0.0227382 0.0279734 0.0336041 0.0394913 0.045465 0.0512388 0.0566147 0.0613133 0.0651477 0.0679261 0.0694356 0.0695948 0.0683018 0.065603 0.0615628 0.0562586 0.0498986 0.0426413 0.0346994 0.0262454 0.0174201 0.00848093 -0.00039034 -0.00904236 -0.0173304 -0.0251454 -0.0323034 -0.0386855 -0.0442363 -0.0488653 -0.0525465 -0.0552752 -0.0570366 -0.0578856 -0.057916 -0.0572172 -0.0558684 -0.0539722 -0.0516882 -0.0491604 -0.0464641 -0.0436778 -0.0409295 -0.0383089 -0.0358253 -0.0335167 -0.03145 -0.0296275 -0.0280519 -0.02675 -0.0256934 -0.0248622 -0.0242766 
0 0.00178974 0.00360186 0.00549869 0.00749363 0.00961135 0.0119294 0.0144326 0.0170764 0.0199147 0.0229424 0.0260743 0.0292847 0.032506 0.0356181 0.0385633 0.0412283 0.0434262 0.0450547 0.0460435 0.04627 0.0456172 0.0440243 0.041487 0.0380086 0.0335853 0.0282605 0.0221323 0.0153025 0.00787785 -5.27949e-08 -0.00821533 -0.0166583 -0.0251529 -0.0335284 -0.0416139 -0.0492567 -0.0563205 -0.0625745 -0.0678241 -0.0719157 -0.0747129 -0.0761699 -0.0762194 -0.0749037 -0.0723389 -0.068651 -0.0640618 -0.0587419 -0.0529518 -0.0469518 -0.0409654 -0.0352347 -0.0298621 -0.02499 -0.0206638 -0.0169259 -0.0138021 -0.0112253 -0.00918533 -0.00755859 -0.00631069 -0.00534768 -0.00461968 -0.00409347 -0.00369799 -0.00344406 -0.00324982 -0.00314337 -0.00305754 -0.00301411 -0.00298018 -0.00295512 -0.00294457 -0.00292105 -0.00292078 -0.00289587 -0.00289927 -0.00287494 -0.00287809 -0.00285695 -0.00285756 -0.00284138 -0.00283839 -0.00282788 -0.0028212 -0.0028162 -0.00280635 -0.00280617 -0.00279395 -0.0027977 -0.00278397 -0.00279076 -0.00277627 -0.00278535 -0.00277067 -0.00278147 -0.00276704 -0.00277914 -0.00276525 -0.00277836 -0.00276525 -0.00277914 -0.00276704 -0.00278147 -0.00277067 -0.00278535 -0.00277627 -0.00279076 -0.00278397 -0.0027977 -0.00279395 -0.00280617 -0.00280635 -0.0028162 -0.0028212 -0.00282788 -0.00283839 -0.00284138 -0.00285755 -0.00285693 -0.00287804 -0.0028748 -0.0028989 -0.00289497 -0.0029186 -0.00291604 -0.00293347 -0.00293147 -0.00293187 -0.00291941 -0.0028795 -0.00282231 -0.00269437 -0.00252129 -0.0022237 -0.00182306 -0.00123886 -0.000461021 0.000574654 0.00193724 0.00367397 0.00590413 0.00864827 0.0120017 0.0159412 0.0204679 0.025537 0.0310483 0.0369257 0.0429541 0.0489496 0.0546362 0.0597678 0.0641448 0.0675341 0.0697992 0.0707725 0.0703947 0.0686797 0.0656453 0.0613975 0.0560281 0.0497203 0.0426871 0.0350706 0.0270245 0.0186741 0.0101808 0.00171705 -0.00661238 -0.0146836 -0.0223748 -0.0295906 -0.0362187 -0.0421422 -0.0472685 -0.051553 -0.0549743 -0.0574887 -0.0590666 -0.0597784 -0.059735 -0.0589781 -0.0575838 -0.0557047 -0.0534505 -0.0509322 -0.0482739 -0.0455327 -0.0427993 -0.0402024 -0.0377753 -0.0355333 -0.0335279 -0.0317656 -0.0302601 -0.0290551 -0.0281265 -0.0274372 
0 0.00209052 0.00422481 0.00645136 0.00877359 0.011217 0.0138339 0.0166109 0.0195417 0.0226474 0.025869 0.0291321 0.0323911 0.0355631 0.0385633 0.0412797 0.0435569 0.0452967 0.0464036 0.0467599 0.0462999 0.0449401 0.0426416 0.0394715 0.0354365 0.0305374 0.0248788 0.018577 0.0117425 0.00446686 -0.003165 -0.0110213 -0.0189903 -0.0269738 -0.0348406 -0.0424696 -0.0497504 -0.0565459 -0.0626813 -0.0679597 -0.072209 -0.0753199 -0.0771961 -0.0777581 -0.0769888 -0.0749233 -0.0716917 -0.0674517 -0.062386 -0.0567332 -0.0507254 -0.0446401 -0.0386933 -0.0330604 -0.0278786 -0.023211 -0.0191411 -0.0156663 -0.0127935 -0.0104697 -0.00861938 -0.0071844 -0.00606238 -0.00522419 -0.0045841 -0.00412686 -0.00379698 -0.00356859 -0.00342129 -0.0033135 -0.00325738 -0.00320388 -0.00318436 -0.00315365 -0.00314442 -0.0031252 -0.00311592 -0.0031048 -0.00309246 -0.00308788 -0.00307248 -0.00307284 -0.00305552 -0.00305907 -0.00304125 -0.00304642 -0.00302933 -0.00303491 -0.00301946 -0.0030247 -0.00301138 -0.00301594 -0.00300492 -0.00300878 -0.00299995 -0.00300332 -0.00299643 -0.00299966 -0.00299432 -0.00299781 -0.00299362 -0.00299781 -0.00299432 -0.00299966 -0.00299643 -0.00300332 -0.00299995 -0.00300878 -0.00300492 -0.00301594 -0.00301138 -0.0030247 -0.00301946 -0.00303491 -0.00302933 -0.00304642 -0.00304125 -0.00305907 -0.00305551 -0.00307283 -0.00307245 -0.00308779 -0.00309223 -0.0031042 -0.00311447 -0.00312178 -0.00313671 -0.00313693 -0.00314956 -0.00313438 -0.00312419 -0.00306865 -0.00298939 -0.00283722 -0.00260664 -0.00226134 -0.00176119 -0.00108537 -0.000159001 0.00104154 0.00261922 0.00462235 0.00714577 0.0102427 0.0139361 0.0182411 0.0230956 0.0284644 0.0342285 0.0402583 0.0463556 0.0522671 0.057759 0.0625761 0.0665288 0.0694274 0.0711173 0.0715195 0.0706101 0.0684503 0.0651093 0.0606726 0.0552799 0.0491037 0.0423284 0.0351012 0.0275307 0.0197324 0.0118144 0.00385174 -0.00405774 -0.0118021 -0.0192917 -0.0264473 -0.0332004 -0.0394178 -0.0449556 -0.0497788 -0.0538374 -0.0570527 -0.0594052 -0.0608857 -0.0615412 -0.061459 -0.0606906 -0.0593291 -0.0574793 -0.0552419 -0.052777 -0.0501747 -0.0474746 -0.0448177 -0.0422994 -0.0399219 -0.0377558 -0.0358562 -0.0341968 -0.0328056 -0.0317413 -0.0310048 
0 0.00246897 0.00493972 0.00750058 0.0101961 0.012998 0.0159149 0.0189808 0.0221842 0.025481 0.0288308 0.0321691 0.0353983 0.0384506 0.0412283 0.0435569 0.0453491 0.0465605 0.0470447 0.0467105 0.0455314 0.0434521 0.0405049 0.0367378 0.0321702 0.0268996 0.0210176 0.0146457 0.00792131 0.000870309 -0.00641811 -0.01381 -0.0212427 -0.0286346 -0.035939 -0.0430802 -0.0499326 -0.0564136 -0.0623676 -0.0676192 -0.0720174 -0.0754103 -0.0777044 -0.0787859 -0.0785733 -0.0770703 -0.0743389 -0.0705264 -0.0657994 -0.0603595 -0.0544512 -0.048326 -0.0422363 -0.0363819 -0.0309116 -0.0259338 -0.0215168 -0.0177046 -0.0145039 -0.0118822 -0.00978509 -0.0081312 -0.00684879 -0.00586545 -0.00512294 -0.00457717 -0.00418003 -0.00390679 -0.00371578 -0.00359318 -0.00350948 -0.00345612 -0.00342018 -0.00339257 -0.00337558 -0.00335589 -0.00334618 -0.00332917 -0.00332227 -0.00330724 -0.00330119 -0.00328852 -0.00328235 -0.00327239 -0.00326564 -0.00325847 -0.00325105 -0.0032465 -0.00323857 -0.00323632 -0.00322815 -0.00322786 -0.00321974 -0.00322108 -0.00321329 -0.00321598 -0.00320872 -0.00321258 -0.003206 -0.00321087 -0.00320509 -0.00321087 -0.003206 -0.00321258 -0.00320872 -0.00321598 -0.00321329 -0.00322108 -0.00321974 -0.00322786 -0.00322815 -0.00323632 -0.00323857 -0.0032465 -0.00325105 -0.00325847 -0.00326564 -0.00327239 -0.00328234 -0.0032885 -0.00330113 -0.00330709 -0.00332188 -0.00332821 -0.00334388 -0.00335061 -0.00336392 -0.00336786 -0.00336989 -0.00335786 -0.00332528 -0.00326184 -0.00314368 -0.00295776 -0.0026653 -0.00224577 -0.00165191 -0.000847841 0.000222907 0.00162414 0.00342729 0.00571626 0.00855459 0.0119931 0.0160416 0.0206775 0.025852 0.0314799 0.0374447 0.0435738 0.0496409 0.0554006 0.0606001 0.065028 0.0684922 0.0708227 0.071913 0.0717109 0.0702716 0.0676808 0.0640312 0.0594555 0.054083 0.0480983 0.0416486 0.0348369 0.0277969 0.020597 0.0132984 0.00593056 -0.00148427 -0.00881972 -0.0160139 -0.0230306 -0.0297693 -0.036146 -0.0420233 -0.047295 -0.0519163 -0.0557859 -0.0588732 -0.0611681 -0.0626012 -0.0632316 -0.0631639 -0.0624244 -0.0610914 -0.0592876 -0.0571285 -0.0547397 -0.0522137 -0.0496235 -0.0470551 -0.0445964 -0.0423309 -0.0402971 -0.0385157 -0.0370374 -0.035871 -0.0350047 
0 0.00285158 0.00575286 0.00871329 0.0117431 0.0148785 0.0181374 0.0215005 0.0249267 0.0283654 0.0317711 0.035079 0.0381937 0.0410171 0.0434262 0.0452967 0.0465605 0.0471339 0.0469146 0.0458491 0.043921 0.0411735 0.037641 0.0333241 0.0283406 0.0228123 0.0168085 0.0104818 0.0039183 -0.00283571 -0.00967113 -0.0165386 -0.0233628 -0.0301176 -0.0368405 -0.0434378 -0.0498424 -0.0559729 -0.0616936 -0.0669052 -0.071411 -0.0750692 -0.0777622 -0.0793279 -0.0796899 -0.0787612 -0.0765812 -0.0732648 -0.0689359 -0.0638103 -0.0580752 -0.0519996 -0.0458361 -0.0397992 -0.0340893 -0.0288054 -0.0240646 -0.0199066 -0.0163665 -0.0134359 -0.0110562 -0.00917764 -0.00769944 -0.00656887 -0.00570405 -0.00506251 -0.00459569 -0.00426188 -0.00403736 -0.0038803 -0.00378394 -0.00371404 -0.0036733 -0.00364004 -0.00361844 -0.00359917 -0.00358263 -0.00356904 -0.00355367 -0.00354299 -0.00352841 -0.00351958 -0.00350621 -0.00349869 -0.00348692 -0.0034804 -0.00347042 -0.00346472 -0.00345654 -0.0034516 -0.00344513 -0.00344092 -0.00343602 -0.00343258 -0.00342908 -0.00342643 -0.00342419 -0.00342239 -0.00342129 -0.00342039 -0.00342033 -0.00342039 -0.00342129 -0.00342239 -0.00342419 -0.00342643 -0.00342908 -0.00343258 -0.00343602 -0.00344092 -0.00344513 -0.0034516 -0.00345654 -0.00346472 -0.00347042 -0.0034804 -0.00348691 -0.00349869 -0.00350619 -0.00351955 -0.00352831 -0.00354274 -0.00355304 -0.00356751 -0.00357906 -0.00359115 -0.00360114 -0.00360414 -0.00360182 -0.00357739 -0.00353323 -0.00343878 -0.00329054 -0.00304721 -0.00269247 -0.00218216 -0.0014793 -0.000539539 0.000706771 0.00231238 0.00437731 0.0069551 0.0101253 0.0139046 0.01829 0.0232511 0.0287002 0.0345626 0.0406626 0.0468224 0.0527872 0.0583004 0.0631498 0.0671043 0.0700234 0.0717407 0.0721913 0.0714005 0.0694268 0.066428 0.0624996 0.0578052 0.0525219 0.0467672 0.040691 0.0343496 0.0278455 0.0212707 0.0145952 0.00784202 0.00101028 -0.005859 -0.0126786 -0.0194453 -0.0260691 -0.0324516 -0.0385467 -0.044204 -0.0493008 -0.0537724 -0.0575456 -0.0605843 -0.062823 -0.064233 -0.0648959 -0.0648629 -0.0641768 -0.0629406 -0.0612404 -0.05917 -0.0568706 -0.0544535 -0.0519833 -0.0495466 -0.0472446 -0.0451332 -0.0432627 -0.0417034 -0.0404594 -0.0395194 
