0 0 0 0 0 0 0 0 0 0 0 0 0 0 0 0 0 0 0 0 0 0 0 0 0 0 0 0 0 0 0 0 0 0 0 0 0 0 0 0 0 0 0 0 0 0 0 0 0 0 0 0 0 0 0 0 0 0 0 0 0 0 0 0 0 0 0 0 0 0 0 0 0 0 0 0 0 0 0 0 0 0 0 0 0 0 0 0 0 0 0 0 0 0 0 0 0 0 0 0 0 0 0 0 0 0 0 0 0 0 0 0 0 0 0 0 0 0 0 0 0 0 0 0 0 0 0 0 0 0 0 0 0 0 0 0 0 0 0 0 0 0 0 0 0 0 0 0 0 0 0 0 0 0 0 0 0 0 0 0 0 0 0 0 0 0 0 0 0 0 0 0 0 0 0 0 0 0 0 0 0 0 0 0 0 0 0 0 0 0 0 0 0 0 0 0 0 0 0 0 
0 0.00163967 0.00327495 0.00488269 0.00641169 0.00779322 0.00897025 0.0099226 0.0106611 0.011192 0.0114879 0.0114968 0.0111811 0.0105463 0.00963318 0.00849018 0.00715374 0.00565184 0.00401959 0.00230992 0.000589776 -0.00107454 -0.00263136 -0.00404799 -0.00530556 -0.00639077 -0.00729084 -0.00799433 -0.00849602 -0.00880137 -0.00892753 -0.00890019 -0.00874827 -0.0084988 -0.00817413 -0.00779189 -0.00736664 -0.00691195 -0.00644167 -0.0059699 -0.00550988 -0.0050725 -0.00466521 -0.00429162 -0.00395195 -0.00364407 -0.00336482 -0.00311103 -0.00288025 -0.00267094 -0.00248229 -0.0023139 -0.00216525 -0.00203543 -0.001923 -0.00182597 -0.00174199 -0.00166858 -0.00160341 -0.00154446 -0.00149017 -0.00143947 -0.00139174 -0.00134675 -0.00130448 -0.0012651 -0.00122878 -0.00119565 -0.00116577 -0.00113907 -0.00111539 -0.00109446 -0.00107598 -0.00105959 -0.00104493 -0.00103169 -0.00101955 -0.00100828 -0.000997677 -0.000987589 -0.000977918 -0.000968603 -0.000959616 -0.000950952 -0.000942625 -0.000934657 -0.000927079 -0.000919921 -0.000913215 -0.000906985 -0.000901255 -0.000896043 -0.000891363 -0.000887224 -0.000883633 -0.000880593 -0.000878107 -0.000876174 -0.000874793 -0.000873966 -0.00087369 -0.000873966 -0.000874793 -0.000876174 -0.000878107 -0.000880593 -0.000883633 -0.000887224 -0.000891363 -0.000896043 -0.000901255 -0.000906985 -0.000913215 -0.000919921 -0.000927079 -0.000934657 -0.000942625 -0.000950952 -0.000959616 -0.000968603 -0.000977918 -0.000987589 -0.000997677 -0.00100828 -0.00101955 -0.00103169 -0.00104493 -0.00105959 -0.00107598 -0.00109446 -0.00111539 -0.00113907 -0.00116577 -0.00119565 -0.00122878 -0.0012651 -0.00130448 -0.00134675 -0.00139174 -0.00143947 -0.00149017 -0.00154446 -0.00160341 -0.00166858 -0.00174199 -0.00182597 -0.001923 -0.00203543 -0.00216525 -0.0023139 -0.00248229 -0.00267094 -0.00288025 -0.00311103 -0.00336482 -0.00364407 -0.00395195 -0.00429162 -0.00466521 -0.0050725 -0.00550988 -0.0059699 -0.00644167 -0.00691195 -0.00736664 -0.00779189 -0.00817413 -0.0084988 -0.00874827 -0.00890019 -0.00892753 -0.00880137 -0.00849602 -0.00799433 -0.00729084 -0.00639077 -0.00530556 -0.00404797 -0.00263127 -0.00107427 0.000590537 0.00231195 0.00402463 0.00566355 0.00717927 0.00854234 0.00973311 0.0107258 0.0114836 0.0119751 0.0122002 0.0121958 0.0120126 0.0116846 0.0112305 0.0106854 0.0101232 0.00963605 0.00928673 0.00908098 
0 0.00327495 0.00652402 0.00968913 0.0126736 0.0153685 0.0176913 0.0196027 0.0210868 0.0221159 0.0226381 0.0225977 0.0219655 0.0207509 0.018994 0.0167545 0.0141062 0.011136 0.00794227 0.00463012 0.00130541 -0.00193227 -0.00499412 -0.00780469 -0.0103039 -0.0124488 -0.0142141 -0.0155917 -0.0165892 -0.0172264 -0.0175329 -0.0175448 -0.0173027 -0.0168495 -0.016229 -0.0154837 -0.0146531 -0.0137722 -0.0128702 -0.011971 -0.0110928 -0.0102493 -0.00945042 -0.00870303 -0.00801146 -0.00737792 -0.00680275 -0.00628457 -0.00582061 -0.00540701 -0.00503921 -0.00471242 -0.00442187 -0.00416319 -0.00393248 -0.00372641 -0.00354219 -0.00337744 -0.00323013 -0.00309844 -0.00298069 -0.00287531 -0.00278082 -0.0026958 -0.00261895 -0.00254909 -0.00248517 -0.00242632 -0.00237183 -0.00232111 -0.00227373 -0.00222935 -0.00218774 -0.00214873 -0.00211219 -0.00207802 -0.00204612 -0.00201641 -0.00198882 -0.00196324 -0.00193959 -0.00191777 -0.00189768 -0.00187922 -0.00186229 -0.00184679 -0.00183265 -0.00181978 -0.00180811 -0.00179757 -0.0017881 -0.00177966 -0.00177221 -0.00176571 -0.00176013 -0.00175544 -0.00175163 -0.00174869 -0.00174659 -0.00174533 -0.00174492 -0.00174533 -0.00174659 -0.00174869 -0.00175163 -0.00175544 -0.00176013 -0.00176571 -0.00177221 -0.00177966 -0.0017881 -0.00179757 -0.00180811 -0.00181978 -0.00183265 -0.00184679 -0.00186229 -0.00187922 -0.00189768 -0.00191777 -0.00193959 -0.00196324 -0.00198882 -0.00201641 -0.00204612 -0.00207802 -0.00211219 -0.00214873 -0.00218774 -0.00222935 -0.00227373 -0.00232111 -0.00237183 -0.00242632 -0.00248517 -0.00254909 -0.00261895 -0.0026958 -0.00278082 -0.00287531 -0.00298069 -0.00309844 -0.00323013 -0.00337744 -0.00354219 -0.00372641 -0.00393248 -0.00416319 -0.00442187 -0.00471242 -0.00503921 -0.00540701 -0.00582061 -0.00628457 -0.00680275 -0.00737792 -0.00801146 -0.00870303 -0.00945042 -0.0102493 -0.0110928 -0.011971 -0.0128702 -0.0137722 -0.0146531 -0.0154837 -0.016229 -0.0168495 -0.0173027 -0.0175448 -0.0175329 -0.0172264 -0.0165892 -0.0155917 -0.0142141 -0.0124488 -0.0103039 -0.00780461 -0.00499386 -0.0019315 0.00130752 0.0046355 0.00795514 0.0111649 0.0141671 0.0168751 0.0192186 0.0211438 0.0226118 0.0235997 0.0241076 0.0241676 0.0238403 0.0232 0.0223272 0.0213179 0.0202948 0.0193884 0.0186957 0.0182531 
0 0.00488269 0.00968913 0.0143169 0.018643 0.0225543 0.0259653 0.0288047 0.0309947 0.0324548 0.033127 0.0329895 0.0320423 0.0302922 0.0277618 0.0245141 0.0206619 0.0163534 0.0117463 0.00698866 0.0022139 -0.00245365 -0.00689293 -0.0109896 -0.0146466 -0.0177952 -0.0203991 -0.0224525 -0.0239712 -0.0249845 -0.0255297 -0.0256506 -0.0253974 -0.024827 -0.0240006 -0.022981 -0.0218272 -0.0205914 -0.0193165 -0.0180361 -0.0167755 -0.0155541 -0.0143864 -0.0132839 -0.0122551 -0.0113058 -0.0104389 -0.00965426 -0.008949 -0.00831809 -0.00775507 -0.00725281 -0.00680427 -0.00640301 -0.00604344 -0.00572089 -0.00543151 -0.0051721 -0.00493986 -0.00473224 -0.00454679 -0.00438113 -0.00423291 -0.00409988 -0.00397992 -0.00387111 -0.00377176 -0.00368043 -0.00359595 -0.00351741 -0.0034441 -0.00337551 -0.00331126 -0.00325106 -0.00319473 -0.00314209 -0.00309301 -0.00304734 -0.00300495 -0.00296569 -0.00292941 -0.00289595 -0.00286515 -0.00283685 -0.00281091 -0.00278717 -0.00276551 -0.00274579 -0.0027279 -0.00271176 -0.00269726 -0.00268433 -0.00267292 -0.00266295 -0.0026544 -0.00264722 -0.00264139 -0.00263687 -0.00263366 -0.00263174 -0.0026311 -0.00263174 -0.00263366 -0.00263687 -0.00264139 -0.00264722 -0.0026544 -0.00266295 -0.00267292 -0.00268433 -0.00269726 -0.00271176 -0.0027279 -0.00274579 -0.00276551 -0.00278717 -0.00281091 -0.00283685 -0.00286515 -0.00289595 -0.00292941 -0.00296569 -0.00300495 -0.00304734 -0.00309301 -0.00314209 -0.00319473 -0.00325106 -0.00331126 -0.00337551 -0.0034441 -0.00351741 -0.00359595 -0.00368043 -0.00377176 -0.00387111 -0.00397992 -0.00409988 -0.00423291 -0.00438113 -0.00454679 -0.00473224 -0.00493986 -0.0051721 -0.00543151 -0.00572089 -0.00604344 -0.00640301 -0.00680427 -0.00725281 -0.00775507 -0.00831809 -0.008949 -0.00965426 -0.0104389 -0.0113058 -0.0122551 -0.0132839 -0.0143864 -0.0155541 -0.0167755 -0.0180361 -0.0193165 -0.0205914 -0.0218272 -0.022981 -0.0240006 -0.024827 -0.0253974 -0.0256506 -0.0255297 -0.0249845 -0.0239712 -0.0224525 -0.0203991 -0.0177951 -0.0146465 -0.0109893 -0.00689224 -0.00245176 0.00221879 0.00700054 0.0117734 0.0164115 0.0207792 0.024737 0.0281605 0.0309642 0.033112 0.0346026 0.035444 0.0356493 0.0352652 0.0343993 0.0332112 0.0318723 0.0305318 0.0293108 0.028312 0.0276238 
0 0.00641169 0.0126736 0.018643 0.0241955 0.0292272 0.0336349 0.0372955 0.0400782 0.0418839 0.0426688 0.042427 0.0411609 0.0388811 0.0356319 0.0315086 0.0266512 0.0212275 0.0154169 0.00940035 0.00335397 -0.00255459 -0.00817235 -0.0133687 -0.0180397 -0.0221097 -0.0255308 -0.0282816 -0.0303646 -0.0318052 -0.0326478 -0.032951 -0.0327831 -0.0322158 -0.0313209 -0.0301669 -0.0288181 -0.0273332 -0.0257658 -0.0241629 -0.0225644 -0.0210029 -0.0195027 -0.018081 -0.0167483 -0.0155097 -0.0143666 -0.013318 -0.0123613 -0.0114926 -0.0107079 -0.0100021 -0.00937013 -0.00880598 -0.00830347 -0.00785616 -0.00745765 -0.00710181 -0.00678299 -0.00649618 -0.00623711 -0.0060022 -0.00578858 -0.00559391 -0.0054163 -0.00525419 -0.00510625 -0.00497127 -0.00484814 -0.0047358 -0.00463321 -0.00453941 -0.00445347 -0.00437452 -0.00430179 -0.00423456 -0.00417224 -0.00411429 -0.0040603 -0.0040099 -0.00396279 -0.00391876 -0.00387762 -0.00383923 -0.00380346 -0.00377024 -0.00373947 -0.00371111 -0.00368508 -0.00366134 -0.00363983 -0.00362053 -0.00360338 -0.00358834 -0.00357539 -0.00356448 -0.0035556 -0.00354871 -0.00354381 -0.00354087 -0.00353989 -0.00354087 -0.00354381 -0.00354871 -0.0035556 -0.00356448 -0.00357539 -0.00358834 -0.00360338 -0.00362053 -0.00363983 -0.00366134 -0.00368508 -0.00371111 -0.00373947 -0.00377024 -0.00380346 -0.00383923 -0.00387762 -0.00391876 -0.00396279 -0.0040099 -0.0040603 -0.00411429 -0.00417224 -0.00423456 -0.00430179 -0.00437452 -0.00445347 -0.00453941 -0.00463321 -0.0047358 -0.00484814 -0.00497127 -0.00510625 -0.00525419 -0.0054163 -0.00559391 -0.00578858 -0.0060022 -0.00623711 -0.00649618 -0.00678299 -0.00710181 -0.00745765 -0.00785616 -0.00830347 -0.00880598 -0.00937013 -0.0100021 -0.0107079 -0.0114926 -0.0123613 -0.013318 -0.0143666 -0.0155097 -0.0167483 -0.018081 -0.0195027 -0.0210029 -0.0225644 -0.0241629 -0.0257658 -0.0273332 -0.0288181 -0.0301669 -0.0313209 -0.0322158 -0.0327831 -0.032951 -0.0326478 -0.0318052 -0.0303646 -0.0282815 -0.0255308 -0.0221096 -0.0180395 -0.0133681 -0.0081707 -0.00255028 0.00336454 0.00942473 0.0154698 0.0213356 0.0268594 0.0318862 0.0362783 0.0399271 0.0427662 0.044776 0.0459699 0.0463794 0.0460666 0.0451567 0.0438435 0.0423394 0.0408153 0.0393908 0.0381764 0.037306 
0 0.00779322 0.0153685 0.0225543 0.0292272 0.0352699 0.0405331 0.0448491 0.0480809 0.0501508 0.0510206 0.0506632 0.0490716 0.0462892 0.0424152 0.0375812 0.031933 0.0256334 0.0188694 0.0118485 0.00478557 -0.0021176 -0.00869026 -0.0147972 -0.0203329 -0.0252161 -0.0293869 -0.032809 -0.0354732 -0.0373996 -0.0386335 -0.0392388 -0.0392897 -0.0388632 -0.0380352 -0.0368784 -0.0354625 -0.0338535 -0.0321136 -0.0302992 -0.0284598 -0.0266365 -0.0248613 -0.0231575 -0.021541 -0.0200215 -0.0186043 -0.0172913 -0.0160823 -0.0149755 -0.0139676 -0.0130542 -0.01223 -0.0114886 -0.0108234 -0.0102272 -0.00969291 -0.00921374 -0.0087833 -0.00839587 -0.00804634 -0.00773033 -0.00744403 -0.00718418 -0.006948 -0.00673303 -0.00653715 -0.00635844 -0.00619519 -0.00604586 -0.00590903 -0.00578347 -0.00566801 -0.00556165 -0.00546348 -0.00537273 -0.00528869 -0.00521077 -0.00513845 -0.00507129 -0.00500892 -0.00495101 -0.00489727 -0.00484747 -0.00480139 -0.00475885 -0.0047197 -0.00468379 -0.00465099 -0.00462119 -0.0045943 -0.00457021 -0.00454887 -0.00453019 -0.00451412 -0.00450061 -0.00448961 -0.0044811 -0.00447503 -0.0044714 -0.00447019 -0.0044714 -0.00447503 -0.0044811 -0.00448961 -0.00450061 -0.00451412 -0.00453019 -0.00454887 -0.00457021 -0.0045943 -0.00462119 -0.00465099 -0.00468379 -0.0047197 -0.00475885 -0.00480139 -0.00484747 -0.00489727 -0.00495101 -0.00500892 -0.00507129 -0.00513845 -0.00521077 -0.00528869 -0.00537273 -0.00546348 -0.00556165 -0.00566801 -0.00578347 -0.00590903 -0.00604586 -0.00619519 -0.00635844 -0.00653715 -0.00673303 -0.006948 -0.00718418 -0.00744403 -0.00773033 -0.00804634 -0.00839587 -0.0087833 -0.00921374 -0.00969291 -0.0102272 -0.0108234 -0.0114886 -0.01223 -0.0130542 -0.0139676 -0.0149755 -0.0160823 -0.0172913 -0.0186043 -0.0200215 -0.021541 -0.0231575 -0.0248613 -0.0266365 -0.0284598 -0.0302992 -0.0321136 -0.0338535 -0.0354625 -0.0368784 -0.0380352 -0.0388632 -0.0392897 -0.0392388 -0.0386335 -0.0373996 -0.0354732 -0.0328089 -0.0293868 -0.0252159 -0.0203324 -0.0147958 -0.00868652 -0.00210834 0.00480714 0.0118958 0.0189671 0.0258237 0.0322823 0.0381862 0.0434061 0.0478288 0.0513527 0.0539092 0.0554961 0.0561846 0.0560925 0.0553625 0.0541625 0.0526819 0.0511066 0.0495984 0.0483061 0.047383 
0 0.00897025 0.0176913 0.0259653 0.0336349 0.0405331 0.0464697 0.0512741 0.0548353 0.0570861 0.0579707 0.0574537 0.0555581 0.0523732 0.0480232 0.0426439 0.03639 0.0294436 0.0220098 0.0143052 0.00654466 -0.00107366 -0.00837549 -0.0152104 -0.0214541 -0.0270125 -0.0318224 -0.03585 -0.0390895 -0.0415569 -0.0432859 -0.0443253 -0.0447364 -0.0445899 -0.0439641 -0.0429397 -0.0415959 -0.0400069 -0.0382394 -0.0363516 -0.0343939 -0.0324095 -0.0304352 -0.0285026 -0.026637 -0.0248587 -0.023182 -0.0216155 -0.020163 -0.0188241 -0.0175954 -0.0164715 -0.015446 -0.0145122 -0.0136637 -0.0128942 -0.0121979 -0.0115691 -0.0110025 -0.0104928 -0.0100345 -0.00962259 -0.00925193 -0.00891777 -0.00861562 -0.00834147 -0.00809176 -0.00786341 -0.00765388 -0.00746097 -0.00728299 -0.00711845 -0.00696621 -0.00682529 -0.00669483 -0.00657415 -0.00646256 -0.00635949 -0.00626434 -0.00617664 -0.00609583 -0.00602149 -0.00595314 -0.00589039 -0.00583285 -0.00578019 -0.00573209 -0.00568827 -0.00564851 -0.00561256 -0.00558027 -0.00555145 -0.005526 -0.00550376 -0.00548467 -0.00546864 -0.00545561 -0.00544551 -0.00543834 -0.00543403 -0.00543261 -0.00543403 -0.00543834 -0.00544551 -0.00545561 -0.00546864 -0.00548467 -0.00550376 -0.005526 -0.00555145 -0.00558027 -0.00561256 -0.00564851 -0.00568827 -0.00573209 -0.00578019 -0.00583285 -0.00589039 -0.00595314 -0.00602149 -0.00609583 -0.00617664 -0.00626434 -0.00635949 -0.00646256 -0.00657415 -0.00669483 -0.00682529 -0.00696621 -0.00711845 -0.00728299 -0.00746097 -0.00765388 -0.00786341 -0.00809176 -0.00834147 -0.00861562 -0.00891777 -0.00925193 -0.00962259 -0.0100345 -0.0104928 -0.0110025 -0.0115691 -0.0121979 -0.0128942 -0.0136637 -0.0145122 -0.015446 -0.0164715 -0.0175954 -0.0188241 -0.020163 -0.0216155 -0.023182 -0.0248587 -0.026637 -0.0285026 -0.0304352 -0.0324095 -0.0343939 -0.0363516 -0.0382394 -0.0400069 -0.0415959 -0.0429397 -0.0439641 -0.0445899 -0.0447364 -0.0443253 -0.0432859 -0.0415569 -0.0390894 -0.03585 -0.0318223 -0.0270121 -0.0214529 -0.0152072 -0.00836748 -0.00105482 0.00658642 0.0143924 0.0221815 0.0297625 0.0369487 0.0435692 0.0494765 0.0545487 0.058683 0.0617994 0.0638763 0.0649878 0.0652856 0.0649316 0.0640605 0.0628088 0.0613576 0.0599244 0.0587137 0.0578759 
0 0.0099226 0.0196027 0.0288047 0.0372955 0.0448491 0.0512741 0.0564329 0.0602222 0.0625494 0.0633537 0.0626474 0.0605117 0.0570503 0.0523713 0.0466128 0.0399592 0.0326207 0.0248094 0.0167291 0.00857203 0.000519507 -0.00725354 -0.0145854 -0.0213427 -0.0274278 -0.032777 -0.0373577 -0.0411596 -0.0441878 -0.0464618 -0.0480164 -0.0489001 -0.049175 -0.0489135 -0.0481919 -0.047087 -0.0456722 -0.0440146 -0.0421757 -0.040211 -0.0381695 -0.0360953 -0.0340262 -0.0319942 -0.0300251 -0.0281385 -0.0263485 -0.024664 -0.0230896 -0.0216271 -0.0202751 -0.0190306 -0.0178895 -0.0168464 -0.0158956 -0.0150308 -0.0142457 -0.0135339 -0.012889 -0.0123051 -0.0117764 -0.0112974 -0.0108632 -0.0104693 -0.0101115 -0.00978604 -0.00948966 -0.00921931 -0.00897233 -0.00874638 -0.00853929 -0.00834925 -0.00817453 -0.00801374 -0.00786552 -0.00772877 -0.00760248 -0.00748577 -0.00737789 -0.00727813 -0.00718596 -0.00710079 -0.00702223 -0.00694983 -0.00688329 -0.00682223 -0.00676645 -0.00671564 -0.00666962 -0.00662819 -0.00659118 -0.00655844 -0.00652984 -0.00650527 -0.00648464 -0.00646787 -0.00645488 -0.00644564 -0.00644011 -0.00643827 -0.00644011 -0.00644564 -0.00645488 -0.00646787 -0.00648464 -0.00650527 -0.00652984 -0.00655844 -0.00659118 -0.00662819 -0.00666962 -0.00671564 -0.00676645 -0.00682223 -0.00688329 -0.00694983 -0.00702223 -0.00710079 -0.00718596 -0.00727813 -0.00737789 -0.00748577 -0.00760248 -0.00772877 -0.00786552 -0.00801374 -0.00817453 -0.00834925 -0.00853929 -0.00874638 -0.00897233 -0.00921931 -0.00948966 -0.00978604 -0.0101115 -0.0104693 -0.0108632 -0.0112974 -0.0117764 -0.0123051 -0.012889 -0.0135339 -0.0142457 -0.0150308 -0.0158956 -0.0168464 -0.0178895 -0.0190306 -0.0202751 -0.0216271 -0.0230896 -0.024664 -0.0263485 -0.0281385 -0.0300251 -0.0319942 -0.0340262 -0.0360953 -0.0381695 -0.040211 -0.0421757 -0.0440146 -0.0456722 -0.047087 -0.0481919 -0.0489135 -0.049175 -0.0489001 -0.0480164 -0.0464618 -0.0441878 -0.0411596 -0.0373576 -0.0327767 -0.0274268 -0.02134 -0.0145785 -0.00723729 0.000555925 0.00864899 0.0168824 0.0250974 0.0331312 0.0408144 0.047971 0.0544248 0.0600263 0.0646812 0.0683484 0.0710224 0.0727451 0.0736243 0.0738072 0.0734278 0.0726073 0.0715104 0.0703644 0.0693939 0.0687402 
0 0.0106611 0.0210868 0.0309947 0.0400782 0.0480809 0.0548353 0.0602222 0.0641175 0.066415 0.0670939 0.0662269 0.063917 0.0602611 0.0553795 0.0494422 0.0426453 0.0351852 0.0272574 0.0190552 0.0107626 0.00255518 -0.00540239 -0.0129692 -0.0200311 -0.0264943 -0.032287 -0.0373604 -0.0416853 -0.0452541 -0.0480812 -0.0501956 -0.0516382 -0.0524584 -0.0527099 -0.0524506 -0.0517433 -0.0506529 -0.0492464 -0.0475903 -0.0457465 -0.0437719 -0.0417158 -0.0396194 -0.0375177 -0.035439 -0.0334069 -0.0314411 -0.0295575 -0.0277686 -0.0260834 -0.0245074 -0.0230432 -0.0216897 -0.0204438 -0.0193006 -0.0182536 -0.0172963 -0.0164215 -0.0156226 -0.0148935 -0.0142282 -0.0136216 -0.0130689 -0.0125658 -0.012108 -0.0116916 -0.011313 -0.0109687 -0.0106554 -0.0103699 -0.0101095 -0.00987153 -0.00965361 -0.0094537 -0.00926987 -0.00910061 -0.00894442 -0.00880022 -0.00866687 -0.00854359 -0.00842958 -0.00832422 -0.00822696 -0.00813729 -0.00805484 -0.00797917 -0.00791004 -0.00784706 -0.00779007 -0.00773872 -0.00769292 -0.00765237 -0.00761703 -0.00758662 -0.00756115 -0.0075404 -0.0075244 -0.00751297 -0.00750617 -0.00750387 -0.00750617 -0.00751297 -0.0075244 -0.0075404 -0.00756115 -0.00758662 -0.00761703 -0.00765237 -0.00769292 -0.00773872 -0.00779007 -0.00784706 -0.00791004 -0.00797917 -0.00805484 -0.00813729 -0.00822696 -0.00832422 -0.00842958 -0.00854359 -0.00866687 -0.00880022 -0.00894442 -0.00910061 -0.00926987 -0.0094537 -0.00965361 -0.00987153 -0.0101095 -0.0103699 -0.0106554 -0.0109687 -0.011313 -0.0116916 -0.012108 -0.0125658 -0.0130689 -0.0136216 -0.0142282 -0.0148935 -0.0156226 -0.0164215 -0.0172963 -0.0182536 -0.0193006 -0.0204438 -0.0216897 -0.0230432 -0.0245074 -0.0260834 -0.0277686 -0.0295575 -0.0314411 -0.0334069 -0.035439 -0.0375177 -0.0396194 -0.0417158 -0.0437719 -0.0457465 -0.0475903 -0.0492464 -0.0506529 -0.0517433 -0.0524506 -0.0527099 -0.0524584 -0.0516382 -0.0501956 -0.0480812 -0.0452541 -0.0416852 -0.0373601 -0.0322862 -0.026492 -0.0200253 -0.0129554 -0.00537103 0.00262225 0.0108978 0.0193124 0.0277191 0.0359682 0.0439031 0.0513644 0.0581913 0.0642306 0.0693767 0.0736048 0.0769427 0.079417 0.0810568 0.0819406 0.0822037 0.0820029 0.0815001 0.080871 0.0802896 0.0798845 
0 0.011192 0.0221159 0.0324548 0.0418839 0.0501508 0.0570861 0.0625494 0.066415 0.0686231 0.0692032 0.068229 0.0657874 0.0620073 0.0570713 0.0511685 0.0444622 0.0371151 0.0293093 0.0212311 0.0130582 0.0049548 -0.00294281 -0.0105262 -0.0176971 -0.0243651 -0.0304554 -0.035908 -0.0406824 -0.0447634 -0.0481526 -0.0508632 -0.0529201 -0.0543542 -0.0552016 -0.0555078 -0.0553233 -0.0547039 -0.0537097 -0.0524006 -0.0508347 -0.0490682 -0.0471515 -0.0451312 -0.0430492 -0.0409415 -0.0388401 -0.0367715 -0.0347575 -0.0328156 -0.0309583 -0.0291952 -0.0275322 -0.0259722 -0.0245165 -0.0231639 -0.0219121 -0.0207579 -0.0196964 -0.0187229 -0.0178316 -0.0170169 -0.0162728 -0.0155934 -0.0149734 -0.0144071 -0.01389 -0.0134172 -0.0129847 -0.0125888 -0.0122262 -0.0118939 -0.0115891 -0.0113097 -0.0110531 -0.0108177 -0.0106016 -0.0104031 -0.0102209 -0.0100535 -0.0098999 -0.00975882 -0.00962952 -0.00951088 -0.00940236 -0.00930304 -0.0092125 -0.00913005 -0.00905533 -0.00898785 -0.00892729 -0.00887333 -0.00882568 -0.00878416 -0.0087485 -0.00871863 -0.00869431 -0.00867556 -0.00866216 -0.0086542 -0.00865151 -0.0086542 -0.00866216 -0.00867556 -0.00869431 -0.00871863 -0.0087485 -0.00878416 -0.00882568 -0.00887333 -0.00892729 -0.00898785 -0.00905533 -0.00913005 -0.0092125 -0.00930304 -0.00940236 -0.00951088 -0.00962952 -0.00975882 -0.0098999 -0.0100535 -0.0102209 -0.0104031 -0.0106016 -0.0108177 -0.0110531 -0.0113097 -0.0115891 -0.0118939 -0.0122262 -0.0125888 -0.0129847 -0.0134172 -0.01389 -0.0144071 -0.0149734 -0.0155934 -0.0162728 -0.0170169 -0.0178316 -0.0187229 -0.0196964 -0.0207579 -0.0219121 -0.0231639 -0.0245165 -0.0259722 -0.0275322 -0.0291952 -0.0309583 -0.0328156 -0.0347575 -0.0367715 -0.0388401 -0.0409415 -0.0430492 -0.0451312 -0.0471515 -0.0490682 -0.0508347 -0.0524006 -0.0537097 -0.0547039 -0.0553233 -0.0555078 -0.0552016 -0.0543542 -0.0529201 -0.0508632 -0.0481525 -0.0447633 -0.0406822 -0.0359073 -0.0304535 -0.0243604 -0.0176855 -0.0104995 -0.00288507 0.00507274 0.0132854 0.0216442 0.030019 0.0382695 0.0462466 0.0538051 0.0608246 0.0672024 0.0728408 0.0776804 0.0817275 0.0850092 0.0875231 0.0892782 0.0903714 0.0909779 0.0912631 0.0913338 0.0912738 0.0911873 
0 0.0114879 0.0226381 0.033127 0.0426688 0.0510206 0.0579707 0.0633537 0.0670939 0.0692032 0.0697173 0.0686736 0.0661714 0.0624019 0.0575768 0.0518628 0.0454071 0.0383744 0.0309299 0.0232254 0.0154089 0.00761556 -4.37075e-05 -0.00746687 -0.0145576 -0.0212401 -0.027454 -0.0331459 -0.0382773 -0.0428189 -0.046746 -0.0500477 -0.0527275 -0.0547986 -0.0562883 -0.0572325 -0.0576693 -0.0576421 -0.0571958 -0.0563751 -0.0552297 -0.0538095 -0.052165 -0.0503478 -0.0484049 -0.04638 -0.0443119 -0.0422318 -0.0401671 -0.0381392 -0.0361649 -0.034259 -0.0324315 -0.0306913 -0.0290448 -0.0274953 -0.0260456 -0.0246951 -0.0234426 -0.0222848 -0.0212172 -0.0202354 -0.019333 -0.018505 -0.0177453 -0.0170485 -0.0164095 -0.0158232 -0.0152856 -0.0147921 -0.0143395 -0.0139241 -0.013543 -0.0131934 -0.0128725 -0.0125782 -0.012308 -0.0120602 -0.0118327 -0.0116242 -0.0114328 -0.0112574 -0.0110966 -0.0109494 -0.0108148 -0.0106917 -0.0105797 -0.0104777 -0.0103856 -0.0103023 -0.0102278 -0.0101613 -0.0101028 -0.0100517 -0.0100081 -0.00997135 -0.00994167 -0.00991859 -0.00990231 -0.00989246 -0.00988928 -0.00989246 -0.00990231 -0.00991859 -0.00994167 -0.00997135 -0.0100081 -0.0100517 -0.0101028 -0.0101613 -0.0102278 -0.0103023 -0.0103856 -0.0104777 -0.0105797 -0.0106917 -0.0108148 -0.0109494 -0.0110966 -0.0112574 -0.0114328 -0.0116242 -0.0118327 -0.0120602 -0.012308 -0.0125782 -0.0128725 -0.0131934 -0.013543 -0.0139241 -0.0143395 -0.0147921 -0.0152856 -0.0158232 -0.0164095 -0.0170485 -0.0177453 -0.018505 -0.019333 -0.0202354 -0.0212172 -0.0222848 -0.0234426 -0.0246951 -0.0260456 -0.0274953 -0.0290448 -0.0306913 -0.0324315 -0.034259 -0.0361649 -0.0381392 -0.0401671 -0.0422318 -0.0443119 -0.04638 -0.0484049 -0.0503478 -0.052165 -0.0538095 -0.0552297 -0.0563751 -0.0571958 -0.0576421 -0.0576693 -0.0572325 -0.0562883 -0.0547986 -0.0527275 -0.0500476 -0.0467459 -0.0428188 -0.0382767 -0.0331444 -0.02745 -0.0212305 -0.0145352 -0.00741777 5.79137e-05 0.00781401 0.0157747 0.0238623 0.0319794 0.0400167 0.0478604 0.0553871 0.0624893 0.0691061 0.0751907 0.0806694 0.0854753 0.0895934 0.0930324 0.0957948 0.0979207 0.0995241 0.100732 0.101607 0.102173 0.102497 
0 0.0114968 0.0225977 0.0329895 0.042427 0.0506632 0.0574537 0.0626474 0.0662269 0.068229 0.0686736 0.0676123 0.0651911 0.0616037 0.0570191 0.0516016 0.04554 0.0390036 0.0321117 0.0249711 0.0176938 0.0103804 0.00312958 -0.00395646 -0.0107997 -0.0173463 -0.023543 -0.0293437 -0.0347092 -0.0395948 -0.0439631 -0.0477924 -0.0510668 -0.0537828 -0.0559508 -0.0575831 -0.0587008 -0.0593333 -0.0595108 -0.0592721 -0.0586603 -0.057718 -0.0564927 -0.0550302 -0.0533737 -0.0515677 -0.0496507 -0.0476599 -0.0456297 -0.0435881 -0.0415622 -0.0395731 -0.0376376 -0.0357704 -0.0339801 -0.0322748 -0.0306584 -0.0291329 -0.0277 -0.0263578 -0.0251059 -0.0239413 -0.022861 -0.0218621 -0.0209395 -0.0200902 -0.0193087 -0.018591 -0.0179321 -0.0173275 -0.0167731 -0.016264 -0.0157971 -0.015368 -0.014974 -0.0146116 -0.0142784 -0.0139718 -0.0136896 -0.0134301 -0.0131912 -0.0129718 -0.01277 -0.0125851 -0.0124155 -0.0122607 -0.0121194 -0.011991 -0.0118747 -0.0117699 -0.011676 -0.0115925 -0.011519 -0.0114549 -0.0114002 -0.0113542 -0.0113171 -0.0112882 -0.0112679 -0.0112555 -0.0112516 -0.0112555 -0.0112679 -0.0112882 -0.0113171 -0.0113542 -0.0114002 -0.0114549 -0.011519 -0.0115925 -0.011676 -0.0117699 -0.0118747 -0.011991 -0.0121194 -0.0122607 -0.0124155 -0.0125851 -0.01277 -0.0129718 -0.0131912 -0.0134301 -0.0136896 -0.0139718 -0.0142784 -0.0146116 -0.014974 -0.015368 -0.0157971 -0.016264 -0.0167731 -0.0173275 -0.0179321 -0.018591 -0.0193087 -0.0200902 -0.0209395 -0.0218621 -0.022861 -0.0239413 -0.0251059 -0.0263578 -0.0277 -0.0291329 -0.0306584 -0.0322748 -0.0339801 -0.0357704 -0.0376376 -0.0395731 -0.0415622 -0.0435881 -0.0456297 -0.0476599 -0.0496507 -0.0515677 -0.0533737 -0.0550302 -0.0564927 -0.057718 -0.0586603 -0.0592721 -0.0595108 -0.0593333 -0.0587008 -0.0575831 -0.0559508 -0.0537828 -0.0510668 -0.0477924 -0.043963 -0.0395944 -0.034708 -0.0293405 -0.0235351 -0.0173277 -0.0107585 -0.00386996 0.00330089 0.0107006 0.0182593 0.0259159 0.0336097 0.0412678 0.0488254 0.0562172 0.0633547 0.0701638 0.0766193 0.0826855 0.088266 0.0932695 0.097683 0.101536 0.104838 0.10759 0.109816 0.111549 0.11281 0.113623 
0 0.0111811 0.0219655 0.0320423 0.0411609 0.0490716 0.0555581 0.0605117 0.063917 0.0657874 0.0661714 0.0651911 0.0629987 0.0597172 0.0554865 0.0505137 0.0450027 0.0390811 0.032841 0.0263805 0.0197786 0.013101 0.00642831 -0.000169307 -0.00664465 -0.0129408 -0.0189983 -0.0247754 -0.0302276 -0.0353108 -0.0399978 -0.0442581 -0.0480587 -0.0513804 -0.0542045 -0.0565196 -0.0583333 -0.0596577 -0.0605137 -0.0609342 -0.0609488 -0.0605926 -0.0599043 -0.058918 -0.0576748 -0.0562146 -0.0545756 -0.0528002 -0.0509242 -0.0489828 -0.0470086 -0.0450263 -0.0430605 -0.0411289 -0.0392461 -0.0374252 -0.0356733 -0.033999 -0.0324059 -0.0308972 -0.0294753 -0.028139 -0.0268892 -0.0257225 -0.0246372 -0.0236299 -0.0226961 -0.0218332 -0.0210353 -0.0202997 -0.0196209 -0.0189956 -0.0184198 -0.0178892 -0.0174013 -0.0169516 -0.0165385 -0.0161578 -0.0158083 -0.0154866 -0.0151912 -0.01492 -0.0146712 -0.0144435 -0.0142348 -0.0140447 -0.013871 -0.0137139 -0.0135711 -0.0134431 -0.0133278 -0.013226 -0.0131357 -0.0130577 -0.0129904 -0.0129345 -0.0128888 -0.0128539 -0.0128287 -0.0128139 -0.0128088 -0.0128139 -0.0128287 -0.0128539 -0.0128888 -0.0129345 -0.0129904 -0.0130577 -0.0131357 -0.013226 -0.0133278 -0.0134431 -0.0135711 -0.0137139 -0.013871 -0.0140447 -0.0142348 -0.0144435 -0.0146712 -0.01492 -0.0151912 -0.0154866 -0.0158083 -0.0161578 -0.0165385 -0.0169516 -0.0174013 -0.0178892 -0.0184198 -0.0189956 -0.0196209 -0.0202997 -0.0210353 -0.0218332 -0.0226961 -0.0236299 -0.0246372 -0.0257225 -0.0268892 -0.028139 -0.0294753 -0.0308972 -0.0324059 -0.033999 -0.0356733 -0.0374252 -0.0392461 -0.0411289 -0.0430605 -0.0450263 -0.0470086 -0.0489828 -0.0509242 -0.0528002 -0.0545756 -0.0562146 -0.0576748 -0.058918 -0.0599043 -0.0605926 -0.0609488 -0.0609342 -0.0605137 -0.0596577 -0.0583333 -0.0565196 -0.0542045 -0.0513804 -0.0480587 -0.044258 -0.0399975 -0.0353099 -0.0302251 -0.024769 -0.0189832 -0.0129067 -0.00657191 -2.3182e-05 0.00670551 0.0135978 0.0206207 0.0277341 0.0349131 0.0421207 0.0493104 0.0564651 0.0635661 0.0705469 0.0773411 0.0839196 0.090225 0.0961453 0.101604 0.106601 0.111124 0.115085 0.118392 0.121027 0.123017 0.124348 
0 0.0105463 0.0207509 0.0302922 0.0388811 0.0462892 0.0523732 0.0570503 0.0602611 0.0620073 0.0624019 0.0616037 0.0597172 0.0568307 0.05311 0.048754 0.0438991 0.0386504 0.0331318 0.0274336 0.0215935 0.0156554 0.00966711 0.00365308 -0.00234386 -0.00825801 -0.0140464 -0.0196711 -0.0250822 -0.0302478 -0.0351367 -0.0397006 -0.0439048 -0.0477186 -0.0511051 -0.0540485 -0.056539 -0.058566 -0.0601389 -0.0612676 -0.0619654 -0.0622618 -0.0621821 -0.061759 -0.0610324 -0.0600347 -0.0588061 -0.0573838 -0.0557997 -0.0540918 -0.0522889 -0.0504213 -0.0485184 -0.0466015 -0.0446961 -0.0428186 -0.040985 -0.0392094 -0.0374981 -0.035861 -0.0343002 -0.032819 -0.031419 -0.030098 -0.0288575 -0.0276929 -0.0266043 -0.0255877 -0.0246404 -0.0237602 -0.0229422 -0.0221853 -0.0214837 -0.0208364 -0.0202382 -0.0196868 -0.019179 -0.018711 -0.0182813 -0.0178852 -0.0175225 -0.0171885 -0.0168833 -0.0166027 -0.016347 -0.0161129 -0.0159001 -0.0157066 -0.0155316 -0.015374 -0.0152326 -0.0151073 -0.0149964 -0.0149005 -0.0148177 -0.0147491 -0.0146927 -0.0146499 -0.0146187 -0.0146008 -0.0145942 -0.0146008 -0.0146187 -0.0146499 -0.0146927 -0.0147491 -0.0148177 -0.0149005 -0.0149964 -0.0151073 -0.0152326 -0.015374 -0.0155316 -0.0157066 -0.0159001 -0.0161129 -0.016347 -0.0166027 -0.0168833 -0.0171885 -0.0175225 -0.0178852 -0.0182813 -0.018711 -0.019179 -0.0196868 -0.0202382 -0.0208364 -0.0214837 -0.0221853 -0.0229422 -0.0237602 -0.0246404 -0.0255877 -0.0266043 -0.0276929 -0.0288575 -0.030098 -0.031419 -0.032819 -0.0343002 -0.035861 -0.0374981 -0.0392094 -0.040985 -0.0428186 -0.0446961 -0.0466015 -0.0485184 -0.0504213 -0.0522889 -0.0540918 -0.0557997 -0.0573838 -0.0588061 -0.0600347 -0.0610324 -0.061759 -0.0621821 -0.0622618 -0.0619654 -0.0612676 -0.0601389 -0.058566 -0.056539 -0.0540485 -0.0511051 -0.0477185 -0.0439047 -0.0397003 -0.035136 -0.0302458 -0.0250771 -0.0196589 -0.0140185 -0.00819763 -0.00222073 0.00389022 0.0100986 0.016398 0.0228047 0.029313 0.0359217 0.0426426 0.0494551 0.0563371 0.0633174 0.0704057 0.0775266 0.0845933 0.0915622 0.0983699 0.104906 0.111074 0.116791 0.121928 0.12633 0.129905 0.132628 0.134448 
0 0.00963318 0.018994 0.0277618 0.0356319 0.0424152 0.0480232 0.0523713 0.0553795 0.0570713 0.0575768 0.0570191 0.0554865 0.05311 0.0500478 0.0464022 0.0422608 0.0377685 0.0330519 0.0281518 0.0230966 0.0179302 0.0126611 0.00730038 0.00189781 -0.00351712 -0.00892901 -0.0142881 -0.0195507 -0.0246865 -0.0296388 -0.0343621 -0.0388304 -0.042999 -0.0468349 -0.0503176 -0.0534094 -0.0560905 -0.0583518 -0.0601777 -0.0615781 -0.0625667 -0.0631561 -0.0633789 -0.0632589 -0.0628243 -0.0621125 -0.0611485 -0.0599691 -0.0586077 -0.057092 -0.05546 -0.0537368 -0.0519522 -0.0501335 -0.0482987 -0.0464729 -0.0446683 -0.0429005 -0.0411821 -0.0395182 -0.0379206 -0.0363894 -0.0349315 -0.0335476 -0.0322374 -0.0310037 -0.0298415 -0.0287533 -0.0277332 -0.0267811 -0.0258932 -0.0250659 -0.024298 -0.0235832 -0.0229221 -0.0223078 -0.021741 -0.0212157 -0.0207316 -0.0202848 -0.0198732 -0.0194952 -0.0191473 -0.0188297 -0.0185379 -0.0182735 -0.0180316 -0.0178142 -0.0176168 -0.0174416 -0.0172844 -0.0171474 -0.0170269 -0.0169249 -0.0168385 -0.0167694 -0.0167152 -0.0166775 -0.0166542 -0.016647 -0.0166542 -0.0166775 -0.0167152 -0.0167694 -0.0168385 -0.0169249 -0.0170269 -0.0171474 -0.0172844 -0.0174416 -0.0176168 -0.0178142 -0.0180316 -0.0182735 -0.0185379 -0.0188297 -0.0191473 -0.0194952 -0.0198732 -0.0202848 -0.0207316 -0.0212157 -0.021741 -0.0223078 -0.0229221 -0.0235832 -0.024298 -0.0250659 -0.0258932 -0.0267811 -0.0277332 -0.0287533 -0.0298415 -0.0310037 -0.0322374 -0.0335476 -0.0349315 -0.0363894 -0.0379206 -0.0395182 -0.0411821 -0.0429005 -0.0446683 -0.0464729 -0.0482987 -0.0501335 -0.0519522 -0.0537368 -0.05546 -0.057092 -0.0586077 -0.0599691 -0.0611485 -0.0621125 -0.0628243 -0.0632589 -0.0633789 -0.0631561 -0.0625667 -0.0615781 -0.0601777 -0.0583518 -0.0560905 -0.0534094 -0.0503176 -0.0468349 -0.0429989 -0.0388302 -0.0343615 -0.0296372 -0.0246825 -0.019541 -0.0142655 -0.00887952 -0.00341465 0.00209826 0.00767092 0.0133088 0.019003 0.0247853 0.0306908 0.0367243 0.0429218 0.0493365 0.0559709 0.062828 0.0699558 0.0773464 0.0848939 0.092506 0.10014 0.1077 0.114999 0.121845 0.128075 0.133525 0.138032 0.141462 0.143718 
0 0.00849018 0.0167545 0.0245141 0.0315086 0.0375812 0.0426439 0.0466128 0.0494422 0.0511685 0.0518628 0.0516016 0.0505137 0.048754 0.0464022 0.0434982 0.0401579 0.0365176 0.0326276 0.0285179 0.0242544 0.0198586 0.0153171 0.0106591 0.00590332 0.00103487 -0.00391457 -0.00889601 -0.0138918 -0.0188547 -0.0237281 -0.0284904 -0.0330965 -0.0374931 -0.0416567 -0.0455409 -0.0491036 -0.0523308 -0.055189 -0.0576612 -0.0597488 -0.0614355 -0.0627301 -0.0636456 -0.0641866 -0.0643848 -0.0642608 -0.0638403 -0.0631634 -0.0622516 -0.0611424 -0.0598663 -0.0584461 -0.0569181 -0.0552997 -0.0536192 -0.0518999 -0.0501565 -0.0484154 -0.0466851 -0.0449849 -0.0433253 -0.0417131 -0.0401614 -0.0386684 -0.0372447 -0.0358876 -0.0346002 -0.0333832 -0.0322324 -0.0311519 -0.0301333 -0.029181 -0.0282871 -0.0274529 -0.0266742 -0.0259479 -0.0252739 -0.0246457 -0.0240658 -0.0235262 -0.0230303 -0.0225702 -0.022149 -0.0217604 -0.0214057 -0.0210809 -0.0207857 -0.0205182 -0.0202765 -0.0200607 -0.0198675 -0.0196988 -0.0195503 -0.019425 -0.019318 -0.0192333 -0.0191659 -0.01912 -0.0190906 -0.0190824 -0.0190906 -0.01912 -0.0191659 -0.0192333 -0.019318 -0.019425 -0.0195503 -0.0196988 -0.0198675 -0.0200607 -0.0202765 -0.0205182 -0.0207857 -0.0210809 -0.0214057 -0.0217604 -0.022149 -0.0225702 -0.0230303 -0.0235262 -0.0240658 -0.0246457 -0.0252739 -0.0259479 -0.0266742 -0.0274529 -0.0282871 -0.029181 -0.0301333 -0.0311519 -0.0322324 -0.0333832 -0.0346002 -0.0358876 -0.0372447 -0.0386684 -0.0401614 -0.0417131 -0.0433253 -0.0449849 -0.0466851 -0.0484154 -0.0501565 -0.0518999 -0.0536192 -0.0552997 -0.0569181 -0.0584461 -0.0598663 -0.0611424 -0.0622516 -0.0631634 -0.0638403 -0.0642608 -0.0643848 -0.0641866 -0.0636456 -0.0627301 -0.0614355 -0.0597488 -0.0576612 -0.055189 -0.0523308 -0.0491036 -0.0455409 -0.0416566 -0.037493 -0.0330961 -0.0284893 -0.023725 -0.0188471 -0.0138738 -0.00885597 -0.00383037 0.00120223 0.00621774 0.0112178 0.0162573 0.0213611 0.0265448 0.0318697 0.0373746 0.0430802 0.049078 0.0554653 0.0622512 0.0694303 0.0770265 0.0849994 0.0932356 0.101639 0.110103 0.118409 0.126282 0.133506 0.139904 0.145259 0.149333 0.151976 
0 0.00715374 0.0141062 0.0206619 0.0266512 0.031933 0.03639 0.0399592 0.0426453 0.0444622 0.0454071 0.04554 0.0450027 0.0438991 0.0422608 0.0401579 0.0376963 0.0349121 0.0318256 0.0285248 0.0250632 0.0214178 0.0176011 0.0136405 0.00950831 0.00521267 0.000804642 -0.00371584 -0.0083358 -0.0129979 -0.0176844 -0.0223637 -0.0269636 -0.031454 -0.0357966 -0.03993 -0.0438377 -0.0474865 -0.0508314 -0.0538663 -0.0565584 -0.0588851 -0.0608528 -0.0624421 -0.0636638 -0.0645356 -0.0650585 -0.0652675 -0.0651791 -0.0648144 -0.0642123 -0.0633857 -0.0623723 -0.0611978 -0.0598824 -0.0584641 -0.0569546 -0.0553855 -0.0537753 -0.052138 -0.0505 -0.048864 -0.0472529 -0.0456707 -0.0441273 -0.0426342 -0.0411887 -0.0398056 -0.0384776 -0.0372152 -0.0360144 -0.0348767 -0.0338043 -0.0327904 -0.0318418 -0.0309474 -0.0301145 -0.0293326 -0.0286061 -0.0279282 -0.0272984 -0.0267152 -0.0261733 -0.0256755 -0.0252133 -0.0247925 -0.0244027 -0.0240512 -0.0237275 -0.0234389 -0.0231758 -0.0229447 -0.0227376 -0.0225598 -0.0224048 -0.0222771 -0.0221715 -0.0220915 -0.0220331 -0.0219996 -0.0219873 -0.0219996 -0.0220331 -0.0220915 -0.0221715 -0.0222771 -0.0224048 -0.0225598 -0.0227376 -0.0229447 -0.0231758 -0.0234389 -0.0237275 -0.0240512 -0.0244027 -0.0247925 -0.0252133 -0.0256755 -0.0261733 -0.0267152 -0.0272984 -0.0279282 -0.0286061 -0.0293326 -0.0301145 -0.0309474 -0.0318418 -0.0327904 -0.0338043 -0.0348767 -0.0360144 -0.0372152 -0.0384776 -0.0398056 -0.0411887 -0.0426342 -0.0441273 -0.0456707 -0.0472529 -0.048864 -0.0505 -0.052138 -0.0537753 -0.0553855 -0.0569546 -0.0584641 -0.0598824 -0.0611978 -0.0623723 -0.0633857 -0.0642123 -0.0648144 -0.0651791 -0.0652675 -0.0650585 -0.0645356 -0.0636638 -0.0624421 -0.0608528 -0.0588851 -0.0565584 -0.0538663 -0.0508314 -0.0474865 -0.0438377 -0.03993 -0.0357965 -0.0314537 -0.0269627 -0.0223614 -0.0176785 -0.0129838 -0.00830384 -0.00364756 0.000942602 0.00547623 0.00998455 0.0144553 0.0189242 0.0234645 0.0280969 0.0328658 0.0378738 0.04318 0.0488409 0.0549883 0.0617124 0.0689862 0.0767832 0.0851094 0.0938967 0.102992 0.112219 0.121354 0.130107 0.138204 0.14541 0.151463 0.15608 0.159069 
0 0.00565184 0.011136 0.0163534 0.0212275 0.0256334 0.0294436 0.0326207 0.0351852 0.0371151 0.0383744 0.0390036 0.0390811 0.0386504 0.0377685 0.0365176 0.0349121 0.032939 0.0306754 0.0282016 0.0255006 0.0225737 0.0194679 0.0161627 0.0126408 0.00895474 0.00510487 0.00106884 -0.00310196 -0.00738552 -0.0117822 -0.0162237 -0.0206735 -0.0251187 -0.029488 -0.0337486 -0.0378785 -0.041808 -0.0455173 -0.0489811 -0.0521477 -0.05502 -0.0575734 -0.0597845 -0.0616699 -0.0632064 -0.0644033 -0.0652783 -0.0658231 -0.0660752 -0.0660454 -0.0657535 -0.0652407 -0.0645132 -0.0636133 -0.0625601 -0.0613726 -0.0600881 -0.0587095 -0.0572729 -0.0557874 -0.0542697 -0.052744 -0.0512093 -0.0496943 -0.0481951 -0.0467302 -0.0453045 -0.0439197 -0.042591 -0.0413077 -0.0400877 -0.0389184 -0.0378117 -0.0367609 -0.0357674 -0.0348334 -0.0339503 -0.0331275 -0.0323504 -0.0316312 -0.0309543 -0.0303306 -0.0297472 -0.0292113 -0.0287147 -0.0282594 -0.0278428 -0.027462 -0.0271192 -0.0268075 -0.0265329 -0.0262857 -0.0260748 -0.0258886 -0.0257376 -0.0256095 -0.0255158 -0.0254439 -0.0254058 -0.025389 -0.0254058 -0.0254439 -0.0255158 -0.0256095 -0.0257376 -0.0258886 -0.0260748 -0.0262857 -0.0265329 -0.0268075 -0.0271192 -0.027462 -0.0278428 -0.0282594 -0.0287147 -0.0292113 -0.0297472 -0.0303306 -0.0309543 -0.0316312 -0.0323504 -0.0331275 -0.0339503 -0.0348334 -0.0357674 -0.0367609 -0.0378117 -0.0389184 -0.0400877 -0.0413077 -0.042591 -0.0439197 -0.0453045 -0.0467302 -0.0481951 -0.0496943 -0.0512093 -0.052744 -0.0542697 -0.0557874 -0.0572729 -0.0587095 -0.0600881 -0.0613726 -0.0625601 -0.0636133 -0.0645132 -0.0652407 -0.0657535 -0.0660454 -0.0660752 -0.0658231 -0.0652783 -0.0644033 -0.0632064 -0.0616699 -0.0597845 -0.0575734 -0.05502 -0.0521477 -0.0489811 -0.0455173 -0.041808 -0.0378785 -0.0337486 -0.0294878 -0.0251181 -0.0206717 -0.0162191 -0.0117712 -0.00736036 -0.00304732 0.00118111 0.00532304 0.00935582 0.013339 0.0173154 0.0212789 0.0252953 0.0294399 0.0337385 0.0382935 0.04326 0.0487134 0.054717 0.0613802 0.068741 0.0767529 0.0853939 0.0946259 0.104284 0.114123 0.123899 0.133347 0.142153 0.149991 0.156561 0.161591 0.164866 
0 0.00401959 0.00794227 0.0117463 0.0154169 0.0188694 0.0220098 0.0248094 0.0272574 0.0293093 0.0309299 0.0321117 0.032841 0.0331318 0.0330519 0.0326276 0.0318256 0.0306754 0.0292467 0.0275317 0.025529 0.0233101 0.0208804 0.018197 0.0152998 0.0122062 0.00887326 0.0053433 0.001661 -0.00220112 -0.0062021 -0.0102957 -0.0145007 -0.0187618 -0.0230229 -0.0272817 -0.0314658 -0.0355292 -0.0394669 -0.0432099 -0.0467407 -0.0500492 -0.0530772 -0.0558325 -0.0582925 -0.0604269 -0.0622609 -0.063767 -0.0649574 -0.0658541 -0.0664423 -0.0667655 -0.0668252 -0.06664 -0.0662491 -0.0656483 -0.0648854 -0.0639684 -0.0629201 -0.0617757 -0.060533 -0.0592358 -0.0578819 -0.0564972 -0.0550977 -0.0536834 -0.0522854 -0.0508903 -0.0495277 -0.0481887 -0.0468871 -0.0456287 -0.044408 -0.0432439 -0.0421188 -0.0410556 -0.040035 -0.0390745 -0.0381618 -0.0373034 -0.0364974 -0.0357386 -0.0350351 -0.0343724 -0.0337655 -0.0331945 -0.0326777 -0.0321937 -0.0317608 -0.031359 -0.0310043 -0.0306799 -0.0303988 -0.0301477 -0.0299365 -0.0297551 -0.0296108 -0.0294964 -0.0294172 -0.029368 -0.029353 -0.029368 -0.0294172 -0.0294964 -0.0296108 -0.0297551 -0.0299365 -0.0301477 -0.0303988 -0.0306799 -0.0310043 -0.031359 -0.0317608 -0.0321937 -0.0326777 -0.0331945 -0.0337655 -0.0343724 -0.0350351 -0.0357386 -0.0364974 -0.0373034 -0.0381618 -0.0390745 -0.040035 -0.0410556 -0.0421188 -0.0432439 -0.044408 -0.0456287 -0.0468871 -0.0481887 -0.0495277 -0.0508903 -0.0522854 -0.0536834 -0.0550977 -0.0564972 -0.0578819 -0.0592358 -0.060533 -0.0617757 -0.0629201 -0.0639684 -0.0648854 -0.0656483 -0.0662491 -0.06664 -0.0668252 -0.0667655 -0.0664423 -0.0658541 -0.0649574 -0.063767 -0.0622609 -0.0604269 -0.0582925 -0.0558325 -0.0530772 -0.0500492 -0.0467407 -0.0432099 -0.0394669 -0.0355291 -0.0314657 -0.0272815 -0.0230224 -0.0187605 -0.0144973 -0.0102874 -0.00618256 -0.00215798 0.00175115 0.00552157 0.00920684 0.0127972 0.0162927 0.0197827 0.023299 0.0268554 0.0305618 0.0345075 0.0387507 0.043448 0.0487589 0.0547287 0.0613943 0.0688257 0.0770291 0.085953 0.0955264 0.105587 0.115869 0.126104 0.136038 0.145334 0.153601 0.160504 0.1658 0.169267 
