0 0 0 0 0 0 0 0 0 0 0 0 0 0 0 0 0 0 0 0 0 0 0 0 0 0 0 0 0 0 0 0 0 0 0 0 0 0 0 0 0 0 0 0 0 0 0 0 0 0 0 0 0 0 0 0 0 0 0 0 0 0 0 0 0 0 0 0 0 0 0 0 0 0 0 0 0 0 0 0 0 0 0 0 0 0 0 0 0 0 0 0 0 0 0 0 0 0 0 0 0 0 0 0 0 0 0 0 0 0 0 0 0 0 0 0 0 0 0 0 0 0 0 0 0 0 0 0 0 0 0 0 0 0 0 0 0 0 0 0 0 0 0 0 0 0 0 0 0 0 0 0 0 0 0 0 0 0 0 0 0 0 0 0 0 0 0 0 0 0 0 0 0 0 0 0 0 0 0 0 0 0 0 0 0 0 0 0 0 0 0 0 0 0 0 0 0 0 0 0 
0 2.57309e-05 4.6162e-05 7.4322e-05 9.05001e-05 9.49891e-05 0.000128916 0.000183224 0.000205786 0.000199818 0.000231128 0.000287858 0.000301033 0.000330621 0.000399748 0.00042011 0.000460909 0.000542864 0.000567013 0.000633412 0.000749686 0.000821537 0.000945288 0.00109574 0.00124966 0.0014684 0.00167642 0.00196056 0.00231874 0.00264213 0.00306704 0.0035211 0.00395058 0.00440399 0.00476289 0.00510143 0.00531573 0.0053137 0.00519435 0.00481996 0.00424542 0.00342456 0.00234436 0.00117152 -0.000180406 -0.00156409 -0.00296256 -0.00429733 -0.00540388 -0.0063642 -0.00702977 -0.00748514 -0.00766019 -0.00754482 -0.00725071 -0.00672243 -0.00615307 -0.00546009 -0.00476599 -0.00405735 -0.00335539 -0.00275802 -0.00218216 -0.00176588 -0.00136787 -0.00109796 -0.000848086 -0.000663162 -0.000523873 -0.000392384 -0.000335467 -0.000244577 -0.00023936 -0.000179121 -0.000195105 -0.000157896 -0.000173496 -0.000155279 -0.000159977 -0.000158421 -0.000149705 -0.000162159 -0.000141797 -0.0001648 -0.00013623 -0.00016602 -0.000132841 -0.000166023 -0.000131224 -0.00016519 -0.000130861 -0.000163919 -0.000131247 -0.000162548 -0.000131955 -0.000161331 -0.000132669 -0.000160437 -0.000133177 -0.000159967 -0.000133359 -0.000159967 -0.000133177 -0.000160437 -0.000132669 -0.000161331 -0.000131955 -0.000162548 -0.000131247 -0.000163919 -0.000130861 -0.00016519 -0.000131224 -0.000166023 -0.00013284 -0.000166017 -0.000136221 -0.000164774 -0.000141729 -0.000161983 -0.000149271 -0.000157393 -0.000157642 -0.000150191 -0.000162878 -0.000136692 -0.00015462 -0.000105258 -0.000110655 -3.03792e-05 5.23166e-06 0.000126388 0.000234565 0.000406315 0.000615323 0.000858696 0.00120487 0.00157424 0.00210125 0.00265166 0.00334188 0.00403825 0.00477287 0.0055036 0.00616122 0.0068041 0.00725508 0.00758295 0.00761522 0.00740068 0.00693172 0.00617009 0.00522587 0.00398739 0.00263786 0.00118727 -0.000262251 -0.00160634 -0.00290905 -0.00397483 -0.00484797 -0.00546661 -0.00583145 -0.00605184 -0.00599964 -0.00581084 -0.00551138 -0.00511119 -0.0047154 -0.00422822 -0.00378669 -0.00340622 -0.00299129 -0.00266049 -0.00235771 -0.00209592 -0.00190071 -0.00168389 -0.00155168 -0.00145644 -0.00131583 -0.00125107 -0.0011939 -0.00110306 -0.0010673 -0.0010242 -0.000968716 -0.000953242 -0.00093741 -0.000912622 -0.000876798 -0.000844257 -0.000854207 -0.000847944 -0.000804215 -0.000801252 -0.000820196 -0.000800432 -0.000778052 -0.000789807 
0 4.6162e-05 7.70195e-05 0.00013296 0.0001896 0.000232947 0.000284507 0.000314958 0.000356797 0.000444155 0.000504723 0.000546015 0.00061726 0.000688161 0.000763314 0.000843499 0.000929637 0.00105901 0.0011808 0.00130161 0.00149111 0.0016829 0.00188897 0.00218768 0.00253354 0.00292943 0.00340904 0.00398076 0.00464722 0.00535996 0.00615347 0.00703655 0.00791007 0.00874436 0.00950584 0.0101333 0.0105263 0.0105722 0.0102612 0.00954656 0.00836636 0.00670818 0.0046178 0.00221998 -0.000409983 -0.00317472 -0.00593396 -0.00851998 -0.0107655 -0.0126005 -0.0139675 -0.0148388 -0.0151808 -0.0150002 -0.0143795 -0.0134166 -0.0122391 -0.0109165 -0.00952478 -0.00811721 -0.0067608 -0.00552317 -0.00443815 -0.00353629 -0.00279194 -0.00219921 -0.00171692 -0.0013368 -0.00103519 -0.000804176 -0.00063544 -0.000511799 -0.000434109 -0.000377307 -0.000350198 -0.000326853 -0.000321418 -0.000311998 -0.000313169 -0.000309307 -0.000311037 -0.000309932 -0.000310328 -0.000311102 -0.000309824 -0.000312056 -0.000309291 -0.000312629 -0.000308724 -0.000312847 -0.000308162 -0.000312802 -0.000307646 -0.000312605 -0.000307211 -0.000312358 -0.000306882 -0.000312146 -0.000306679 -0.000312025 -0.00030661 -0.000312025 -0.000306679 -0.000312146 -0.000306882 -0.000312358 -0.000307211 -0.000312605 -0.000307646 -0.000312802 -0.000308162 -0.000312847 -0.000308723 -0.000312628 -0.000309288 -0.000312048 -0.000309802 -0.000311042 -0.000310169 -0.00030953 -0.000310056 -0.000307013 -0.000308018 -0.000300905 -0.000298525 -0.000281616 -0.000264676 -0.000222708 -0.000166973 -7.05183e-05 6.20003e-05 0.000252361 0.000503586 0.00082763 0.00124062 0.00175232 0.00240045 0.00319743 0.00418182 0.00533848 0.00665489 0.00806866 0.00952165 0.0109554 0.012306 0.0135139 0.0144615 0.0150418 0.0151354 0.0147024 0.0137422 0.0122736 0.0103274 0.00793747 0.00523683 0.00238155 -0.000458181 -0.0031729 -0.00567336 -0.00782408 -0.00953602 -0.0107631 -0.0115549 -0.0119407 -0.0119179 -0.011566 -0.0109754 -0.0102467 -0.00940692 -0.00849105 -0.00761509 -0.00679489 -0.00602864 -0.00533633 -0.00473683 -0.00425239 -0.00381351 -0.00343006 -0.00315056 -0.00289437 -0.00266599 -0.00250192 -0.00236033 -0.00224168 -0.00213554 -0.0020512 -0.00199739 -0.00191033 -0.00183338 -0.00181174 -0.00176782 -0.00172449 -0.00170555 -0.00165842 -0.00164041 -0.00164557 -0.00159593 -0.00157756 -0.00160259 -0.00157198 
0 7.4322e-05 0.00013296 0.000198755 0.000271798 0.000343447 0.000421362 0.000491059 0.000561579 0.000658721 0.000745478 0.000819945 0.000931925 0.00104604 0.00114769 0.00128563 0.00143003 0.00158292 0.00178199 0.00198953 0.00224169 0.00256076 0.00290061 0.00333696 0.00387027 0.00445978 0.00519621 0.00605131 0.00701368 0.00811965 0.00929807 0.0105765 0.0118752 0.0130765 0.0141909 0.0150517 0.0155592 0.0156177 0.0150906 0.0139984 0.0122116 0.00974402 0.00669554 0.00312755 -0.000733711 -0.00480909 -0.00885459 -0.0126273 -0.0159712 -0.018664 -0.0207143 -0.0219909 -0.0225016 -0.0222771 -0.021368 -0.0200045 -0.0182471 -0.0163145 -0.0142431 -0.0121606 -0.0101695 -0.00831233 -0.00672611 -0.00534244 -0.00425036 -0.00333083 -0.00261788 -0.00203926 -0.00158055 -0.00124654 -0.000969115 -0.000808441 -0.000657125 -0.000600443 -0.000525398 -0.000514842 -0.000480949 -0.000481325 -0.000470145 -0.000466181 -0.000469408 -0.000457261 -0.000470491 -0.000451178 -0.000471084 -0.000447081 -0.00047079 -0.000444576 -0.000469777 -0.000443277 -0.000468346 -0.000442796 -0.000466795 -0.000442794 -0.000465367 -0.000443003 -0.000464237 -0.000443238 -0.000463518 -0.000443383 -0.000463272 -0.000443383 -0.000463518 -0.000443238 -0.000464237 -0.000443003 -0.000465367 -0.000442794 -0.000466795 -0.000442796 -0.000468346 -0.000443277 -0.000469776 -0.000444574 -0.000470785 -0.000447066 -0.000471041 -0.000451063 -0.000470194 -0.000456521 -0.000467638 -0.000462114 -0.000461169 -0.000462319 -0.000442364 -0.000439791 -0.000385621 -0.000351295 -0.000232134 -0.00011444 0.000116967 0.000385638 0.0007825 0.00127147 0.00189571 0.00269193 0.00365417 0.00488901 0.00633305 0.00808274 0.0100059 0.0121059 0.0142496 0.016354 0.018359 0.0200841 0.0214717 0.0222622 0.0223964 0.0217503 0.0203189 0.0181657 0.0152613 0.0117865 0.00782347 0.00364804 -0.000525665 -0.00455701 -0.00820841 -0.0114048 -0.0139476 -0.0158116 -0.0170428 -0.0176125 -0.0176498 -0.0171793 -0.0163497 -0.0153085 -0.0140661 -0.0127786 -0.0114927 -0.0102571 -0.00914481 -0.00810346 -0.00720718 -0.00645321 -0.00577237 -0.00522581 -0.00476849 -0.00437143 -0.00406561 -0.00379169 -0.00356641 -0.00339547 -0.00322073 -0.00308645 -0.00298917 -0.00287573 -0.00278824 -0.00272516 -0.00265379 -0.00260187 -0.00255332 -0.00249767 -0.00247534 -0.00245258 -0.00240426 -0.00239293 -0.0024001 -0.00236553 
0 9.05001e-05 0.0001896 0.000271798 0.000363441 0.000455471 0.000540487 0.000675347 0.000794547 0.000856587 0.000978637 0.00113148 0.00124647 0.00139573 0.00155984 0.00172884 0.00194239 0.00214502 0.00239169 0.00271711 0.00304306 0.00345926 0.00398308 0.00455043 0.00525657 0.0060982 0.00706656 0.00821139 0.00949079 0.0109411 0.0125224 0.0141443 0.0158052 0.0173737 0.0187395 0.0197902 0.0203556 0.0203482 0.019613 0.0180668 0.0156843 0.0124433 0.00845536 0.00382872 -0.00123318 -0.00649526 -0.0117192 -0.016604 -0.0209307 -0.0244819 -0.0271377 -0.0288245 -0.029507 -0.0292511 -0.0281494 -0.0263955 -0.0241589 -0.0216219 -0.0189314 -0.0162128 -0.0136019 -0.011187 -0.00906408 -0.00724825 -0.0057522 -0.00453185 -0.00355349 -0.00277554 -0.00216187 -0.00169525 -0.00134038 -0.00109255 -0.000913247 -0.00080242 -0.000724651 -0.000683613 -0.00065394 -0.000640709 -0.000630285 -0.000625199 -0.000622051 -0.000618123 -0.000618165 -0.000613627 -0.0006155 -0.000610239 -0.000613326 -0.000607613 -0.000611494 -0.000605616 -0.00060997 -0.000604143 -0.000608741 -0.000603094 -0.000607797 -0.000602384 -0.00060713 -0.000601948 -0.000606732 -0.00060174 -0.0006066 -0.00060174 -0.000606732 -0.000601948 -0.00060713 -0.000602384 -0.000607797 -0.000603094 -0.000608741 -0.000604143 -0.00060997 -0.000605616 -0.000611492 -0.00060761 -0.000613316 -0.000610211 -0.000615421 -0.000613421 -0.000617643 -0.000616854 -0.00061908 -0.000618515 -0.000615836 -0.00061073 -0.000594276 -0.000569775 -0.000516519 -0.000437847 -0.000301323 -0.000107676 0.000181777 0.00056916 0.00109165 0.00175943 0.00260993 0.0036763 0.00499998 0.00663042 0.00857947 0.0108563 0.0133921 0.0161216 0.018918 0.0216744 0.024249 0.0264812 0.0281955 0.0291837 0.0293093 0.0284484 0.0265885 0.0237383 0.0199771 0.015458 0.0103658 0.0049827 -0.000455411 -0.00567191 -0.010441 -0.0145851 -0.0179412 -0.0204725 -0.0221282 -0.022967 -0.0230893 -0.0225819 -0.021612 -0.0202718 -0.0187222 -0.017094 -0.015421 -0.0138241 -0.0123324 -0.0109788 -0.00979467 -0.00872599 -0.00784031 -0.00710419 -0.00644309 -0.00592869 -0.00550064 -0.00511907 -0.00482174 -0.00455382 -0.00433981 -0.00416287 -0.0039725 -0.0038608 -0.00377601 -0.00363675 -0.00354743 -0.00348593 -0.00340492 -0.00336684 -0.00331147 -0.00324263 -0.00324764 -0.00322416 -0.00316093 -0.00317693 
0 9.49891e-05 0.000232947 0.000343447 0.000455471 0.000600257 0.000706745 0.000811063 0.000964639 0.0011118 0.00125776 0.00142366 0.00158439 0.0017631 0.00196887 0.00219388 0.00245124 0.00273369 0.0030745 0.00347824 0.00390687 0.00443997 0.00510475 0.00584543 0.00673974 0.00782823 0.00907272 0.010494 0.0120958 0.0138828 0.0157997 0.0177446 0.0197023 0.0215571 0.0231217 0.0242681 0.0248379 0.0247009 0.0236935 0.0216831 0.0186845 0.014707 0.00983608 0.00422324 -0.0019181 -0.00825768 -0.01452 -0.0203983 -0.0256133 -0.0299393 -0.0331647 -0.0352304 -0.0361018 -0.0358559 -0.0346229 -0.0325595 -0.0299049 -0.0268342 -0.0235751 -0.0202743 -0.0170878 -0.014142 -0.011503 -0.00924806 -0.00734419 -0.00580306 -0.00454775 -0.00355704 -0.00277677 -0.00217241 -0.00172776 -0.00139175 -0.00117296 -0.00100887 -0.000920892 -0.000850817 -0.00082325 -0.000796932 -0.000789786 -0.000782227 -0.000778289 -0.000779343 -0.000773276 -0.000779018 -0.00077018 -0.000778705 -0.000767867 -0.000777918 -0.000766057 -0.000776728 -0.000764646 -0.000775338 -0.000763566 -0.000773961 -0.000762767 -0.000772776 -0.000762215 -0.000771915 -0.000761891 -0.000771464 -0.000761784 -0.000771464 -0.000761891 -0.000771915 -0.000762215 -0.000772776 -0.000762767 -0.000773961 -0.000763566 -0.000775338 -0.000764646 -0.000776727 -0.000766055 -0.000777912 -0.000767848 -0.000778653 -0.000770041 -0.000778661 -0.000772393 -0.000777242 -0.00077348 -0.000771647 -0.000767421 -0.000751541 -0.000734851 -0.000685694 -0.000625116 -0.000500768 -0.000335432 -6.5622e-05 0.000293062 0.000799358 0.001456 0.00230749 0.0033918 0.00474156 0.00643036 0.00846547 0.0109037 0.01369 0.016798 0.0201124 0.0235147 0.0268626 0.0299527 0.0326123 0.0345887 0.0357103 0.0357898 0.0347121 0.0324313 0.0289397 0.0243835 0.0189261 0.0128313 0.00636591 -0.0001888 -0.00648443 -0.01226 -0.0172782 -0.0214147 -0.0245888 -0.026719 -0.0278747 -0.0281593 -0.0277151 -0.0266744 -0.0251473 -0.0233518 -0.0214232 -0.0194274 -0.0174736 -0.0156342 -0.0139774 -0.0124903 -0.0111515 -0.0100334 -0.00908628 -0.00824546 -0.00755578 -0.00698883 -0.00650523 -0.0061007 -0.00576044 -0.00549356 -0.00525901 -0.00503851 -0.00487283 -0.0047145 -0.00456467 -0.00448077 -0.00438605 -0.00427218 -0.00422039 -0.00416749 -0.00409274 -0.00406332 -0.00402582 -0.00397642 -0.00398591 
0 0.000128916 0.000284507 0.000421362 0.000540487 0.000706745 0.000878026 0.000997941 0.00115832 0.0013659 0.00152418 0.00170374 0.00194268 0.00215558 0.0024024 0.00270465 0.00299465 0.0033567 0.00379541 0.0042586 0.00483642 0.0055221 0.00631372 0.00727475 0.00837368 0.00968175 0.0112133 0.012895 0.0148162 0.0169269 0.0191237 0.0213852 0.0235778 0.0256142 0.0273038 0.0284311 0.0289227 0.0285633 0.0271986 0.0247307 0.0211121 0.0164532 0.0107829 0.00428258 -0.00276941 -0.010064 -0.0172139 -0.0239623 -0.0299721 -0.0349699 -0.0387455 -0.0411567 -0.0422492 -0.042055 -0.0407396 -0.038458 -0.0354313 -0.0319209 -0.028134 -0.0243175 -0.0206007 -0.0171496 -0.0140355 -0.0113262 -0.00904117 -0.00714752 -0.00562933 -0.00440478 -0.00345845 -0.00271388 -0.00216297 -0.00175056 -0.00146211 -0.00126426 -0.00113138 -0.00105289 -0.000997007 -0.000973231 -0.000948685 -0.000945236 -0.00093174 -0.000934047 -0.000924752 -0.0009277 -0.000920871 -0.000922929 -0.000918192 -0.000919023 -0.000916182 -0.000915843 -0.000914642 -0.000913333 -0.00091347 -0.000911429 -0.000912603 -0.000910068 -0.000912003 -0.000909195 -0.000911651 -0.000908769 -0.000911534 -0.000908769 -0.000911651 -0.000909195 -0.000912003 -0.000910068 -0.000912603 -0.000911429 -0.00091347 -0.000913332 -0.000914641 -0.000915842 -0.000916177 -0.00091901 -0.000918158 -0.000922836 -0.00092063 -0.000927097 -0.000923293 -0.000930654 -0.000924148 -0.000928911 -0.000914954 -0.000906311 -0.000869579 -0.000820049 -0.000723136 -0.00057711 -0.000350782 -2.0872e-05 0.000433889 0.00105876 0.00186529 0.00292266 0.00424533 0.00591987 0.00796475 0.0104397 0.0133362 0.0166276 0.0202581 0.0241015 0.0280528 0.0318906 0.0354314 0.0383981 0.0405693 0.0417404 0.0417241 0.0404267 0.0377273 0.03369 0.028423 0.0221723 0.0152225 0.00782013 0.000335513 -0.00692167 -0.0135822 -0.0194159 -0.0243041 -0.028086 -0.030746 -0.0322668 -0.0327912 -0.0324934 -0.0314435 -0.0298589 -0.0278979 -0.025732 -0.0235026 -0.0212366 -0.0191033 -0.0171455 -0.0153347 -0.0137511 -0.0123578 -0.0111645 -0.0101653 -0.00928164 -0.00857163 -0.00798577 -0.0074517 -0.00704073 -0.00668714 -0.00636005 -0.00612702 -0.00590593 -0.00569019 -0.00555099 -0.00541893 -0.00527958 -0.00517925 -0.00508808 -0.00501178 -0.00495521 -0.0048891 -0.00485099 -0.0048372 -0.00479418 
0 0.000183224 0.000314958 0.000491059 0.000675347 0.000811063 0.000997941 0.00122133 0.00139853 0.00158331 0.00180256 0.00203621 0.00229607 0.00256936 0.00287046 0.00321649 0.0035973 0.00404259 0.00454934 0.00513446 0.00585604 0.00668514 0.00765158 0.00881665 0.0101541 0.0117074 0.013489 0.0154746 0.0176892 0.0200561 0.0225184 0.0250071 0.0273666 0.0294911 0.0311765 0.032236 0.0325368 0.0318665 0.0301035 0.027134 0.0229426 0.0176207 0.0112267 0.00397978 -0.00385135 -0.0119106 -0.019817 -0.0272816 -0.0339432 -0.039524 -0.0437637 -0.0465323 -0.0478515 -0.0477657 -0.04644 -0.0440116 -0.0407276 -0.0368484 -0.0326375 -0.0283588 -0.0241712 -0.0202533 -0.0166762 -0.0135345 -0.0108442 -0.00860425 -0.00678863 -0.00532779 -0.00419176 -0.00329793 -0.00263284 -0.00212761 -0.00177389 -0.00152153 -0.00135584 -0.00124915 -0.00117983 -0.00114369 -0.00111472 -0.00110695 -0.00109186 -0.0010935 -0.00108282 -0.00108674 -0.00107806 -0.00108185 -0.00107485 -0.00107774 -0.00107242 -0.00107424 -0.00107054 -0.00107135 -0.00106908 -0.00106907 -0.00106799 -0.00106739 -0.00106723 -0.00106628 -0.00106677 -0.00106574 -0.00106662 -0.00106574 -0.00106677 -0.00106628 -0.00106723 -0.00106739 -0.00106799 -0.00106907 -0.00106908 -0.00107135 -0.00107054 -0.00107423 -0.00107241 -0.00107772 -0.00107479 -0.00108169 -0.00107766 -0.00108574 -0.00108046 -0.00108813 -0.00108012 -0.00108228 -0.00106491 -0.00104709 -0.00100001 -0.000927784 -0.000804379 -0.000612172 -0.000331057 7.96516e-05 0.000631976 0.00138748 0.00235785 0.00362416 0.00521202 0.0072045 0.00963053 0.0125224 0.0158759 0.0196326 0.0237429 0.0280632 0.0324741 0.0367338 0.0406075 0.0438101 0.0460826 0.0472413 0.0470879 0.0455299 0.042456 0.0379185 0.0320707 0.025152 0.0174844 0.00933091 0.00106947 -0.00695186 -0.0143838 -0.0209466 -0.0265051 -0.0308917 -0.0340695 -0.0360453 -0.0369035 -0.0368207 -0.0359022 -0.0343511 -0.0323447 -0.0300306 -0.0275958 -0.0251177 -0.0227112 -0.020456 -0.0183674 -0.0165134 -0.0148644 -0.0134176 -0.0122065 -0.0111601 -0.0102691 -0.00953081 -0.0089009 -0.00837877 -0.00792885 -0.00754335 -0.00723394 -0.00696185 -0.0067417 -0.0065523 -0.00634821 -0.00620486 -0.0061119 -0.00598033 -0.00587272 -0.00581805 -0.00574931 -0.00569639 -0.005671 -0.00562658 
0 0.000205786 0.000356797 0.000561579 0.000794547 0.000964639 0.00115832 0.00139853 0.00160543 0.00184013 0.0021314 0.00238948 0.00266087 0.00301082 0.00336777 0.00375561 0.00424645 0.0047858 0.00538728 0.0061246 0.00697695 0.0079621 0.00912766 0.010494 0.0120964 0.0139039 0.0159364 0.0182379 0.0206982 0.0232797 0.0259554 0.0285727 0.0310213 0.0331163 0.0346927 0.0356059 0.0356006 0.0345551 0.0323385 0.0288515 0.0241275 0.0181697 0.0111594 0.00329606 -0.00515231 -0.013791 -0.0223148 -0.0303206 -0.0375025 -0.0435491 -0.0481813 -0.0513115 -0.0528614 -0.0529513 -0.0516673 -0.049185 -0.045748 -0.0415927 -0.0370683 -0.0323823 -0.0277994 -0.0234395 -0.0194344 -0.0158706 -0.0127698 -0.0101857 -0.00804143 -0.00634622 -0.00498542 -0.00394603 -0.00314068 -0.00254253 -0.0021101 -0.00179557 -0.00159659 -0.00144754 -0.00137508 -0.00130884 -0.00129215 -0.00126162 -0.00126328 -0.00124753 -0.00125176 -0.0012434 -0.001245 -0.00124173 -0.00123964 -0.00124045 -0.00123502 -0.00123913 -0.00123111 -0.00123776 -0.00122792 -0.00123646 -0.00122547 -0.00123536 -0.00122375 -0.00123455 -0.00122272 -0.00123413 -0.00122238 -0.00123413 -0.00122272 -0.00123455 -0.00122375 -0.00123536 -0.00122547 -0.00123646 -0.00122792 -0.00123776 -0.00123111 -0.00123912 -0.00123501 -0.00124041 -0.00123954 -0.00124146 -0.00124433 -0.00124178 -0.00124801 -0.00123921 -0.00124549 -0.00122507 -0.00121998 -0.001172 -0.00112597 -0.001012 -0.00086487 -0.000613037 -0.000268535 0.000227917 0.000898499 0.0017825 0.00294821 0.00441957 0.00630612 0.00861118 0.0114329 0.0147285 0.0185171 0.0227159 0.027244 0.0319961 0.0367618 0.0413591 0.0454475 0.0487904 0.0510889 0.0521549 0.0518344 0.0499708 0.0465595 0.041589 0.0352766 0.0278449 0.0195942 0.0108836 0.00201784 -0.00658174 -0.0146323 -0.0218381 -0.0279738 -0.0329451 -0.0366408 -0.0391223 -0.0404209 -0.0406337 -0.0399745 -0.0385717 -0.0366239 -0.0342785 -0.0316933 -0.0290722 -0.0264493 -0.0239165 -0.0215894 -0.0194656 -0.0175666 -0.0158808 -0.0144171 -0.0131873 -0.012103 -0.011178 -0.010442 -0.00979435 -0.00923768 -0.00880902 -0.00842136 -0.00806606 -0.00779589 -0.00756228 -0.00734304 -0.00717475 -0.00702893 -0.00688881 -0.00678983 -0.00670869 -0.00661449 -0.00654353 -0.00650719 -0.00648125 
0 0.000199818 0.000444155 0.000658721 0.000856587 0.0011118 0.0013659 0.00158331 0.00184013 0.00213706 0.00242938 0.00273709 0.00308542 0.00348146 0.00391331 0.00438447 0.00494341 0.00558905 0.00631796 0.0071908 0.00821753 0.00939531 0.0107724 0.0123807 0.0142197 0.016274 0.0185746 0.0211192 0.0238028 0.0265758 0.0293797 0.032074 0.0344942 0.0364543 0.0378325 0.0384423 0.0380516 0.0365477 0.0338258 0.0298491 0.0245968 0.0181089 0.0105958 0.00225612 -0.00661255 -0.0156947 -0.0246466 -0.0330585 -0.0406296 -0.0470214 -0.0520183 -0.0554655 -0.0572931 -0.0575829 -0.0563993 -0.0539543 -0.0504356 -0.046137 -0.0413625 -0.036372 -0.0314372 -0.0266846 -0.0222931 -0.0183126 -0.0148391 -0.0118828 -0.0094329 -0.00746553 -0.00588749 -0.00467741 -0.00372386 -0.00302668 -0.00249199 -0.00212457 -0.00185813 -0.00168528 -0.00157311 -0.00149814 -0.00146185 -0.00142687 -0.00142228 -0.00140044 -0.00140721 -0.00138933 -0.00139928 -0.00138343 -0.00139344 -0.00137971 -0.00138853 -0.00137721 -0.00138439 -0.00137551 -0.00138101 -0.00137436 -0.00137841 -0.00137361 -0.00137658 -0.00137315 -0.00137548 -0.00137293 -0.00137512 -0.00137293 -0.00137548 -0.00137315 -0.00137658 -0.00137361 -0.00137841 -0.00137436 -0.00138101 -0.00137551 -0.00138439 -0.0013772 -0.00138851 -0.00137964 -0.00139327 -0.00138298 -0.00139819 -0.00138675 -0.00140138 -0.00138778 -0.0013958 -0.00137365 -0.00135911 -0.00130763 -0.00123381 -0.0011046 -0.00090245 -0.000609836 -0.000174868 0.000404228 0.00121072 0.00224315 0.00361126 0.00532979 0.00750921 0.0101718 0.0133655 0.0170847 0.0212719 0.0258892 0.0307914 0.0358891 0.0409397 0.0457288 0.0499412 0.0532889 0.0555344 0.0564362 0.0558811 0.053719 0.0499648 0.0446725 0.0380045 0.0302196 0.0215754 0.0124641 0.00321419 -0.0058168 -0.0143256 -0.0220568 -0.0287273 -0.0342211 -0.0384662 -0.0414693 -0.0432623 -0.0438903 -0.0435557 -0.0424255 -0.0406436 -0.0383722 -0.0357808 -0.0330662 -0.0303067 -0.0275758 -0.0250009 -0.0226273 -0.0204644 -0.0185214 -0.0168231 -0.0153652 -0.0140925 -0.0130073 -0.0121031 -0.0113239 -0.0106591 -0.0101087 -0.00964953 -0.00924778 -0.00889335 -0.00862019 -0.00839607 -0.00816542 -0.007975 -0.00784069 -0.00770785 -0.00758931 -0.00751138 -0.00744592 -0.00738568 -0.00734692 
0 0.000231128 0.000504723 0.000745478 0.000978637 0.00125776 0.00152418 0.00180256 0.0021314 0.00242938 0.00273548 0.00313492 0.00355203 0.00398228 0.00449858 0.00507508 0.00572442 0.00648837 0.00736402 0.00839321 0.00959805 0.0109837 0.0125994 0.0144467 0.0165224 0.0188484 0.0213988 0.0241386 0.0270058 0.029903 0.0327514 0.0354099 0.0376844 0.0394308 0.0404961 0.0406945 0.0398515 0.0378309 0.0345964 0.0301178 0.0243676 0.0174475 0.00953211 0.000873932 -0.00826703 -0.017622 -0.0268125 -0.0354846 -0.043283 -0.0499293 -0.0552185 -0.0589566 -0.0610911 -0.0616045 -0.0606124 -0.0582758 -0.054796 -0.0504646 -0.0455381 -0.0403437 -0.0350991 -0.0300223 -0.0252532 -0.0208928 -0.0170429 -0.0137128 -0.0109492 -0.00867779 -0.0068814 -0.00545983 -0.00436713 -0.00353565 -0.0029102 -0.00246621 -0.00213831 -0.00193251 -0.001778 -0.00169958 -0.00163256 -0.00160972 -0.00158104 -0.00157639 -0.00156372 -0.00156192 -0.00155697 -0.00155323 -0.00155317 -0.00154668 -0.00155023 -0.00154141 -0.00154771 -0.00153722 -0.00154553 -0.00153401 -0.00154376 -0.0015317 -0.00154243 -0.0015302 -0.00154162 -0.00152947 -0.00154134 -0.00152947 -0.00154162 -0.0015302 -0.00154243 -0.0015317 -0.00154376 -0.00153401 -0.00154553 -0.00153722 -0.0015477 -0.00154139 -0.00155019 -0.00154656 -0.00155287 -0.0015525 -0.00155522 -0.00155789 -0.00155482 -0.00155746 -0.00154232 -0.0015336 -0.00148878 -0.00143868 -0.00132312 -0.00117 -0.000908005 -0.00055198 -3.08773e-05 0.00066494 0.00159877 0.00282029 0.00438573 0.00638666 0.00885738 0.0118857 0.0154449 0.0195557 0.0241277 0.0290986 0.0343417 0.0396882 0.0449431 0.0498074 0.0540299 0.0572961 0.0593887 0.0600888 0.0592415 0.0567878 0.0527164 0.0471634 0.0402616 0.0322419 0.0233888 0.01404 0.00458059 -0.00470507 -0.0135271 -0.0216221 -0.0287443 -0.0347097 -0.0394817 -0.0430305 -0.0453521 -0.0465066 -0.0466129 -0.0458511 -0.0443582 -0.0422731 -0.0397891 -0.0370607 -0.0342141 -0.0313646 -0.0285914 -0.0259801 -0.0235785 -0.0213921 -0.0194511 -0.0177478 -0.0162633 -0.0149976 -0.0139012 -0.012968 -0.0121982 -0.0115143 -0.010938 -0.0104981 -0.0100946 -0.00972506 -0.0094433 -0.00920155 -0.0089873 -0.00881271 -0.00864736 -0.00851476 -0.00843396 -0.00835734 -0.00828127 -0.00823675 
0 0.000287858 0.000546015 0.000819945 0.00113148 0.00142366 0.00170374 0.00203621 0.00238948 0.00273709 0.00313492 0.00357631 0.00403179 0.0045427 0.00514204 0.00583085 0.00660371 0.00749327 0.0085542 0.00976178 0.0111345 0.0127623 0.0146174 0.0166877 0.0190309 0.0216098 0.0243762 0.0272836 0.0302561 0.0332154 0.0360107 0.0384988 0.0405462 0.0419679 0.0426118 0.042318 0.0409397 0.0383954 0.0346338 0.0296534 0.0234784 0.016206 0.00803323 -0.000811442 -0.0100872 -0.019529 -0.0288086 -0.0375661 -0.0454769 -0.0522881 -0.0577916 -0.0618118 -0.0642337 -0.0650277 -0.0642799 -0.0621359 -0.0588058 -0.0545284 -0.0495763 -0.0442411 -0.0387758 -0.033414 -0.0283091 -0.0236026 -0.0193775 -0.0156991 -0.0125902 -0.0100257 -0.00796976 -0.00633687 -0.00507668 -0.00410169 -0.00337668 -0.00283628 -0.00245444 -0.00218767 -0.00200912 -0.00189682 -0.00182201 -0.00178376 -0.00175271 -0.00174406 -0.00172822 -0.00172935 -0.00171821 -0.00172179 -0.00171252 -0.00171615 -0.00170829 -0.00171126 -0.00170486 -0.00170703 -0.00170207 -0.00170352 -0.00169989 -0.00170084 -0.00169833 -0.00169902 -0.00169739 -0.0016981 -0.00169707 -0.0016981 -0.00169739 -0.00169902 -0.00169833 -0.00170084 -0.00169989 -0.00170352 -0.00170206 -0.00170702 -0.00170485 -0.00171124 -0.00170822 -0.00171595 -0.00171203 -0.00172062 -0.00171547 -0.00172318 -0.00171486 -0.00171625 -0.00169704 -0.00167666 -0.001624 -0.00154505 -0.00140838 -0.00120055 -0.000891551 -0.00044672 0.000161577 0.000990088 0.0020717 0.00348876 0.0052897 0.00756794 0.0103675 0.0137386 0.017675 0.022141 0.0270716 0.0323547 0.0378655 0.043401 0.0487378 0.0535927 0.0576969 0.0607928 0.0626478 0.0630732 0.0619217 0.0591559 0.054826 0.0490624 0.0420257 0.0339142 0.0249986 0.0156105 0.00608557 -0.00329023 -0.0122654 -0.0205936 -0.0280377 -0.0344382 -0.0397021 -0.0437841 -0.0466793 -0.0484122 -0.049078 -0.0487837 -0.0476696 -0.0459085 -0.0436287 -0.0409878 -0.0381424 -0.035223 -0.0323371 -0.0295295 -0.0268988 -0.0245085 -0.0223136 -0.0203491 -0.0186469 -0.017158 -0.0158642 -0.0147611 -0.0138433 -0.013064 -0.0123685 -0.0118001 -0.0113427 -0.0109122 -0.0105523 -0.0102833 -0.0100262 -0.00980371 -0.00965498 -0.00951275 -0.00936133 -0.00925909 -0.00920262 -0.00915545 
0 0.000301033 0.00061726 0.000931925 0.00124647 0.00158439 0.00194268 0.00229607 0.00266087 0.00308542 0.00355203 0.00403179 0.00457067 0.00519059 0.00588929 0.00668559 0.00758008 0.00863102 0.00987715 0.0112696 0.0128771 0.0147577 0.0168432 0.0191633 0.0217413 0.0245238 0.0274647 0.0304704 0.0334971 0.0364352 0.0390716 0.0413137 0.0430223 0.0440095 0.0441366 0.04325 0.041298 0.0382069 0.0339177 0.028487 0.0219555 0.0144598 0.00616401 -0.00274123 -0.0119991 -0.021388 -0.0305936 -0.0393051 -0.047234 -0.0541223 -0.0597943 -0.0640465 -0.0667545 -0.0678563 -0.0674 -0.0655336 -0.0624247 -0.058308 -0.053416 -0.0480318 -0.0424233 -0.0368286 -0.0314482 -0.0264175 -0.0218576 -0.0178319 -0.014388 -0.0115177 -0.00918571 -0.00732998 -0.00587423 -0.00475341 -0.0038988 -0.0032652 -0.00280214 -0.00247738 -0.00225438 -0.00210788 -0.00201457 -0.00195613 -0.00192183 -0.00189972 -0.00188786 -0.00187852 -0.00187395 -0.00186881 -0.00186637 -0.00186289 -0.00186106 -0.00185858 -0.00185698 -0.00185529 -0.00185382 -0.00185279 -0.00185145 -0.00185099 -0.00184981 -0.00184982 -0.00184885 -0.00184924 -0.00184853 -0.00184924 -0.00184885 -0.00184982 -0.00184981 -0.00185099 -0.00185145 -0.00185279 -0.00185382 -0.00185528 -0.00185696 -0.00185854 -0.00186094 -0.00186257 -0.00186559 -0.00186697 -0.00186973 -0.00186922 -0.00186816 -0.00185955 -0.0018431 -0.00180782 -0.00174608 -0.00164061 -0.00147217 -0.00121643 -0.000841142 -0.000315667 0.00040564 0.00136388 0.00262336 0.00424501 0.00630859 0.00888152 0.0120178 0.0157426 0.0200341 0.0248493 0.0300915 0.035653 0.0413592 0.0470036 0.0523282 0.0570598 0.0609537 0.0637652 0.0653065 0.0653848 0.0639012 0.0608407 0.056283 0.0503873 0.043295 0.0352254 0.0264094 0.017144 0.00772476 -0.00161012 -0.0105904 -0.0190197 -0.0266895 -0.033444 -0.0391765 -0.043768 -0.0472358 -0.0495897 -0.0508604 -0.0511307 -0.0504927 -0.0491486 -0.0472097 -0.0447729 -0.0420422 -0.0391446 -0.0361926 -0.0332618 -0.0304274 -0.0278141 -0.0253985 -0.023181 -0.0212451 -0.0195433 -0.0180427 -0.0167529 -0.0156444 -0.0147156 -0.0139195 -0.0132154 -0.0126445 -0.0121828 -0.0117709 -0.0114118 -0.0111148 -0.0108733 -0.0106673 -0.0104887 -0.010354 -0.0102492 -0.0101601 -0.0100999 
0 0.000330621 0.000688161 0.00104604 0.00139573 0.0017631 0.00215558 0.00256936 0.00301082 0.00348146 0.00398228 0.0045427 0.00519059 0.00591545 0.00671858 0.00763724 0.00870924 0.00994843 0.011355 0.0129732 0.0148415 0.0169362 0.0192696 0.0218452 0.0246241 0.0275872 0.0306358 0.0336854 0.0366877 0.039459 0.0418491 0.0437469 0.0449978 0.0454758 0.0449987 0.043494 0.0409566 0.0372951 0.0325233 0.0266791 0.0198753 0.0122653 0.00394003 -0.00488157 -0.0140018 -0.0231839 -0.0321614 -0.040713 -0.0485391 -0.0554438 -0.0612102 -0.0656556 -0.0686499 -0.0700766 -0.0699918 -0.0684645 -0.0656766 -0.0618059 -0.0570646 -0.0517278 -0.0460366 -0.0402848 -0.0346553 -0.0293447 -0.0244602 -0.0200989 -0.0163204 -0.0131248 -0.0105125 -0.00840002 -0.00674793 -0.00545134 -0.00447029 -0.00372465 -0.00318155 -0.00279148 -0.00251975 -0.0023421 -0.00222072 -0.00215309 -0.00210228 -0.00208216 -0.00205916 -0.00205583 -0.00204254 -0.00204379 -0.0020342 -0.00203603 -0.00202854 -0.00202988 -0.00202412 -0.00202482 -0.00202059 -0.00202075 -0.00201786 -0.00201771 -0.00201592 -0.00201568 -0.00201475 -0.00201466 -0.00201437 -0.00201466 -0.00201475 -0.00201568 -0.00201592 -0.00201771 -0.00201786 -0.00202075 -0.00202058 -0.0020248 -0.00202409 -0.00202981 -0.00202834 -0.00203552 -0.00203297 -0.00204094 -0.00203615 -0.00204205 -0.00203056 -0.00202507 -0.00199269 -0.00195087 -0.001862 -0.00173013 -0.00151482 -0.00120074 -0.000749088 -0.000121289 0.000718593 0.00183906 0.00328113 0.00514497 0.00747469 0.0103672 0.0138341 0.0179048 0.0225315 0.0276516 0.0331715 0.0389324 0.0447736 0.0504227 0.05565 0.0601646 0.0637565 0.0662178 0.0673603 0.0670657 0.065226 0.0619035 0.0571677 0.0511873 0.0441306 0.03618 0.0276002 0.0185863 0.00940368 0.000260075 -0.00861407 -0.016996 -0.0247782 -0.0317848 -0.0378959 -0.0429866 -0.0470025 -0.0499973 -0.0519262 -0.0528276 -0.0527955 -0.0519467 -0.0504381 -0.0483385 -0.0458091 -0.0430301 -0.0400829 -0.0370953 -0.0341536 -0.0313296 -0.0287083 -0.0262881 -0.0240894 -0.0221446 -0.0204338 -0.0189414 -0.0176372 -0.0165141 -0.0155864 -0.0147945 -0.0140925 -0.013513 -0.0130407 -0.0126241 -0.0122772 -0.0119949 -0.0117277 -0.0115169 -0.0113942 -0.0112695 -0.0111408 -0.0110831 
0 0.000399748 0.000763314 0.00114769 0.00155984 0.00196887 0.0024024 0.00287046 0.00336777 0.00391331 0.00449858 0.00514204 0.00588929 0.00671858 0.00764043 0.00873648 0.0100083 0.0114218 0.0130374 0.0149118 0.0170092 0.0193253 0.0219017 0.0247008 0.0276615 0.0307335 0.0338314 0.036871 0.0397154 0.0422199 0.0442731 0.0457133 0.0464284 0.0462929 0.045169 0.0430481 0.0398935 0.0356948 0.0304804 0.0243017 0.017339 0.00968678 0.00146 -0.00716826 -0.0160295 -0.0248668 -0.0335262 -0.0417956 -0.0494504 -0.0562969 -0.0620908 -0.0667032 -0.0699454 -0.0717353 -0.0720509 -0.070931 -0.068536 -0.0649758 -0.0604869 -0.0552628 -0.0495903 -0.0437348 -0.0379204 -0.0323695 -0.0271841 -0.0225178 -0.0183947 -0.0148888 -0.0119638 -0.00959436 -0.00771267 -0.00623186 -0.00510447 -0.00423226 -0.00360379 -0.00312796 -0.00281293 -0.00258058 -0.00244323 -0.00234374 -0.00229117 -0.00225412 -0.00223371 -0.00222259 -0.00221088 -0.00221023 -0.00219929 -0.00220336 -0.0021915 -0.00219812 -0.0021855 -0.00219369 -0.00218082 -0.00219002 -0.00217729 -0.00218717 -0.00217483 -0.00218523 -0.00217337 -0.00218424 -0.00217289 -0.00218424 -0.00217337 -0.00218523 -0.00217483 -0.00218717 -0.00217729 -0.00219002 -0.00218082 -0.00219368 -0.00218546 -0.00219799 -0.00219117 -0.00220255 -0.00219739 -0.0022059 -0.00220138 -0.00220251 -0.00219287 -0.00217424 -0.00214092 -0.00207202 -0.00197069 -0.00178979 -0.00153804 -0.00114447 -0.000618374 0.000128367 0.00109859 0.00239291 0.00404541 0.00615637 0.00878641 0.0119891 0.0158062 0.0201955 0.0251483 0.0305348 0.0362845 0.0421924 0.0480754 0.0536627 0.058684 0.0629172 0.0661182 0.0681594 0.068848 0.0681243 0.0659416 0.0623575 0.0575054 0.0514917 0.0445388 0.0368098 0.0285444 0.0199183 0.0110815 0.0022622 -0.00637613 -0.014624 -0.0223853 -0.0295508 -0.035944 -0.041474 -0.0460395 -0.0496366 -0.0522449 -0.053829 -0.0544715 -0.0542298 -0.0532152 -0.0515624 -0.0493691 -0.0467888 -0.0439511 -0.0409867 -0.0380065 -0.0350546 -0.032234 -0.0296252 -0.0272051 -0.0249901 -0.0230404 -0.0213432 -0.0198399 -0.0185298 -0.0174277 -0.0164906 -0.0156774 -0.0149806 -0.0143971 -0.0139136 -0.013501 -0.013158 -0.0128928 -0.0126599 -0.0124402 -0.0122809 -0.0121821 -0.0121063 
0 0.00042011 0.000843499 0.00128563 0.00172884 0.00219388 0.00270465 0.00321649 0.00375561 0.00438447 0.00507508 0.00583085 0.00668559 0.00763724 0.00873648 0.0100138 0.0114437 0.0130696 0.014943 0.0170579 0.0193968 0.0219531 0.0247433 0.0277249 0.0307908 0.0338942 0.03698 0.0398937 0.0424839 0.0446481 0.0462597 0.0471699 0.0472559 0.0464308 0.0446528 0.0418868 0.0381312 0.0334352 0.0278391 0.0214556 0.0144173 0.00682713 -0.00119093 -0.00953026 -0.0179991 -0.0264228 -0.0346748 -0.0425885 -0.0500155 -0.056718 -0.0625103 -0.0672278 -0.0707074 -0.0728636 -0.073595 -0.0729464 -0.070974 -0.0678115 -0.0636304 -0.0586121 -0.0530418 -0.0471489 -0.0412291 -0.0354634 -0.0300373 -0.0250671 -0.0206308 -0.016803 -0.0135615 -0.0109215 -0.00878145 -0.00711271 -0.00580131 -0.00480987 -0.00405898 -0.00350876 -0.00311945 -0.00284148 -0.00266747 -0.00253976 -0.00247681 -0.00241983 -0.00240457 -0.00237612 -0.00237731 -0.00235971 -0.00236478 -0.00235217 -0.00235693 -0.00234765 -0.00235096 -0.00234447 -0.00234625 -0.00234213 -0.00234265 -0.00234045 -0.0023401 -0.00233936 -0.00233859 -0.00233883 -0.00233808 -0.00233883 -0.00233859 -0.00233936 -0.0023401 -0.00234045 -0.00234265 -0.00234213 -0.00234624 -0.00234444 -0.00235088 -0.00234744 -0.00235641 -0.00235092 -0.00236189 -0.00235325 -0.0023634 -0.00234731 -0.00234714 -0.00230972 -0.0022738 -0.00217975 -0.00205329 -0.00183252 -0.00152117 -0.00106233 -0.000430656 0.000421474 0.00155762 0.00302144 0.0049176 0.00728336 0.0102295 0.0137534 0.0179048 0.0226181 0.0278504 0.0334931 0.0394014 0.045409 0.0512466 0.0566886 0.0614339 0.0652939 0.0680609 0.0695966 0.0698018 0.0686076 0.0660772 0.0622619 0.0573113 0.051346 0.0445465 0.0371311 0.0292587 0.0210968 0.012735 0.00433341 -0.00394289 -0.0119731 -0.0196313 -0.0268328 -0.0334335 -0.0393137 -0.0443884 -0.0485615 -0.0518008 -0.0540924 -0.0554417 -0.0558781 -0.0554649 -0.0543374 -0.0526118 -0.0503631 -0.0477298 -0.0448841 -0.0419216 -0.0389094 -0.0359541 -0.0331517 -0.0305434 -0.0281239 -0.0259231 -0.0239872 -0.0222787 -0.0207699 -0.0194661 -0.0183336 -0.0173823 -0.0165986 -0.0159006 -0.0153057 -0.0148349 -0.0144239 -0.0140808 -0.0138131 -0.0135761 -0.0133999 -0.0132832 -0.0131719 
0 0.000460909 0.000929637 0.00143003 0.00194239 0.00245124 0.00299465 0.0035973 0.00424645 0.00494341 0.00572442 0.00660371 0.00758008 0.00870924 0.0100083 0.0114437 0.0130818 0.0149712 0.0170755 0.0194158 0.0219905 0.0247694 0.0277506 0.0308431 0.0339588 0.0370545 0.0400084 0.0426778 0.0449221 0.04663 0.0477109 0.0480007 0.0473958 0.0458865 0.0434459 0.0400612 0.0357541 0.0306065 0.0247318 0.0182216 0.0111887 0.00375244 -0.00398583 -0.0119141 -0.0199059 -0.0278383 -0.0356049 -0.0431137 -0.0502205 -0.0567342 -0.0624723 -0.0672639 -0.0709821 -0.073489 -0.0746825 -0.074525 -0.0730361 -0.0703243 -0.066508 -0.0617829 -0.0563679 -0.050529 -0.0445386 -0.0386171 -0.0329717 -0.02772 -0.0229902 -0.0188301 -0.015287 -0.0123428 -0.00995416 -0.0080612 -0.00657289 -0.00543812 -0.00456641 -0.00393299 -0.00346177 -0.0031427 -0.00291547 -0.00277425 -0.00267852 -0.00262251 -0.00258749 -0.0025646 -0.00255403 -0.00254108 -0.00253983 -0.00252882 -0.00253148 -0.00252048 -0.00252517 -0.00251409 -0.00252007 -0.00250918 -0.00251605 -0.00250559 -0.00251314 -0.00250324 -0.00251138 -0.00250207 -0.00251079 -0.00250207 -0.00251138 -0.00250324 -0.00251314 -0.00250559 -0.00251604 -0.00250918 -0.00252005 -0.00251404 -0.00252504 -0.00252015 -0.00253067 -0.00252691 -0.0025355 -0.00253158 -0.00253399 -0.00252389 -0.00250792 -0.00247292 -0.002408 -0.00230363 -0.00212732 -0.00187073 -0.00148019 -0.000945933 -0.00019645 0.000787841 0.00209585 0.0037708 0.0059108 0.00857425 0.0118255 0.015692 0.0201529 0.0251752 0.0306541 0.0364957 0.0425155 0.0485227 0.0542505 0.0594389 0.0638464 0.0672612 0.0695393 0.0705433 0.0702252 0.0685826 0.0657007 0.0616961 0.0566838 0.0508133 0.0442461 0.0371786 0.0297626 0.0220983 0.0142762 0.00639006 -0.00145158 -0.0091543 -0.0166261 -0.0237525 -0.0304329 -0.0365768 -0.0420633 -0.0467742 -0.0506257 -0.0536013 -0.0556938 -0.0568542 -0.0571247 -0.0566132 -0.0554103 -0.0536107 -0.051309 -0.0486638 -0.0458172 -0.0428356 -0.0398357 -0.0369047 -0.034099 -0.0314998 -0.0290954 -0.0268878 -0.0249413 -0.0232335 -0.021726 -0.0204169 -0.0192921 -0.0183398 -0.017531 -0.0168465 -0.016277 -0.0157786 -0.0153564 -0.0150432 -0.0147977 -0.0145863 -0.0144197 -0.0143008 
0 0.000542864 0.00105901 0.00158292 0.00214502 0.00273369 0.0033567 0.00404259 0.0047858 0.00558905 0.00648837 0.00749327 0.00863102 0.00994843 0.0114218 0.0130696 0.0149712 0.017103 0.0194354 0.0219983 0.024784 0.0277646 0.0308582 0.0339873 0.037115 0.0400976 0.042804 0.0451354 0.0469298 0.0481066 0.0485588 0.0481489 0.0468525 0.0446479 0.0415577 0.0375984 0.0327941 0.0273051 0.021241 0.0146932 0.00776782 0.000554952 -0.00680517 -0.0142501 -0.0217076 -0.0290926 -0.0363545 -0.0433986 -0.0501393 -0.0564129 -0.0620473 -0.0668986 -0.0708142 -0.0736701 -0.0753151 -0.0756651 -0.0746995 -0.07247 -0.0690938 -0.0647149 -0.0595474 -0.0538314 -0.0478404 -0.0418235 -0.0359885 -0.0305014 -0.025479 -0.0210133 -0.0171504 -0.0139033 -0.0112417 -0.00910678 -0.00742629 -0.00612208 -0.00512817 -0.00438249 -0.00383746 -0.00344886 -0.00318047 -0.00300192 -0.00288539 -0.00281394 -0.00276815 -0.00274258 -0.0027244 -0.00271535 -0.00270649 -0.0027026 -0.00269683 -0.00269446 -0.00269008 -0.00268827 -0.00268488 -0.00268342 -0.00268092 -0.00267979 -0.00267811 -0.00267738 -0.00267643 -0.00267618 -0.00267587 -0.00267618 -0.00267643 -0.00267738 -0.00267811 -0.00267979 -0.00268091 -0.00268341 -0.00268485 -0.00268819 -0.00268988 -0.00269394 -0.00269559 -0.00269973 -0.0027001 -0.00270161 -0.00269595 -0.0026859 -0.00265948 -0.00261351 -0.00252973 -0.0023945 -0.00218123 -0.00186334 -0.00140603 -0.000769368 9.12911e-05 0.0012332 0.00271851 0.00462429 0.00702503 0.00998989 0.0135626 0.0177501 0.0225243 0.0278133 0.0335211 0.0395042 0.045581 0.051518 0.0570507 0.0619271 0.0659159 0.0688502 0.0705838 0.0710369 0.070187 0.0680946 0.0648908 0.0606988 0.0556678 0.0499247 0.0436425 0.036979 0.0300412 0.0229264 0.0156776 0.00837454 0.00104858 -0.00625756 -0.0134396 -0.0204163 -0.0270768 -0.0333681 -0.0391775 -0.0443346 -0.048765 -0.0523914 -0.0551848 -0.0571015 -0.0581055 -0.0582853 -0.0576899 -0.0564103 -0.0545772 -0.0522585 -0.0496059 -0.0467598 -0.0437995 -0.0408177 -0.0378773 -0.0350853 -0.0325004 -0.0300799 -0.0278789 -0.0259471 -0.0242325 -0.0227278 -0.0214254 -0.0202873 -0.0193211 -0.0185149 -0.017824 -0.0172487 -0.0167929 -0.0164042 -0.0160615 -0.0158086 -0.0156367 -0.0155002 
