0 0 0 0 0 0 0 0 0 0 0 0 0 0 0 0 0 0 0 0 0 0 0 0 0 0 0 0 0 0 0 0 0 0 0 0 0 0 0 0 0 0 0 0 0 0 0 0 0 0 0 0 0 0 0 0 0 0 0 0 0 0 0 0 0 0 0 0 0 0 0 0 0 0 0 0 0 0 0 0 0 0 0 0 0 0 0 0 0 0 0 0 0 0 0 0 0 0 0 0 0 0 0 0 0 0 0 0 0 0 0 0 0 0 0 0 0 0 0 0 0 0 0 0 0 0 0 0 0 0 0 0 0 0 0 0 0 0 0 0 0 0 0 0 0 0 0 0 0 0 0 0 0 0 0 0 0 0 0 0 0 0 0 0 0 0 0 0 0 0 0 0 0 0 0 0 0 0 0 0 0 0 0 0 0 0 0 0 0 0 0 0 0 0 0 0 0 0 0 0 
0 0.00184152 0.00365433 0.005378 0.00692898 0.00823892 0.00927542 0.0100233 0.0104572 0.0105451 0.0102787 0.00968873 0.00882549 0.00772872 0.00642143 0.0049288 0.00329787 0.00159906 -8.97376e-05 -0.00170302 -0.00319752 -0.00454783 -0.00573538 -0.00674138 -0.00754782 -0.0081437 -0.00853122 -0.00872701 -0.00875772 -0.008653 -0.00843979 -0.00813972 -0.0077702 -0.00734708 -0.00688686 -0.00640723 -0.00592591 -0.00545843 -0.00501617 -0.00460559 -0.00422853 -0.00388373 -0.00356855 -0.00328039 -0.00301761 -0.00277959 -0.00256633 -0.0023778 -0.00221338 -0.00207149 -0.00194965 -0.0018447 -0.00175327 -0.00167217 -0.00159876 -0.00153118 -0.00146828 -0.0014096 -0.00135514 -0.00130511 -0.00125979 -0.00121932 -0.00118364 -0.00115249 -0.00112538 -0.0011017 -0.00108077 -0.00106192 -0.00104454 -0.00102812 -0.00101227 -0.000996759 -0.000981436 -0.00096627 -0.000951304 -0.000936622 -0.000922342 -0.000908583 -0.000895458 -0.000883061 -0.000871464 -0.000860711 -0.000850824 -0.0008418 -0.000833621 -0.000826253 -0.000819652 -0.000813769 -0.000808552 -0.00080395 -0.000799911 -0.000796392 -0.000793348 -0.000790745 -0.000788548 -0.000786732 -0.000785275 -0.000784159 -0.000783371 -0.000782902 -0.000782746 -0.000782902 -0.000783371 -0.000784159 -0.000785275 -0.000786732 -0.000788548 -0.000790745 -0.000793348 -0.000796392 -0.000799911 -0.00080395 -0.000808552 -0.000813769 -0.000819652 -0.000826253 -0.000833621 -0.0008418 -0.000850824 -0.000860711 -0.000871464 -0.000883061 -0.000895458 -0.000908583 -0.000922342 -0.000936622 -0.000951304 -0.00096627 -0.000981436 -0.000996759 -0.00101227 -0.00102812 -0.00104454 -0.00106192 -0.00108077 -0.0011017 -0.00112538 -0.00115249 -0.00118364 -0.00121932 -0.00125979 -0.00130511 -0.00135514 -0.0014096 -0.00146828 -0.00153118 -0.00159876 -0.00167217 -0.00175327 -0.0018447 -0.00194965 -0.00207149 -0.00221338 -0.0023778 -0.00256633 -0.00277959 -0.00301761 -0.00328039 -0.00356855 -0.00388373 -0.00422853 -0.00460559 -0.00501617 -0.00545843 -0.00592591 -0.00640723 -0.00688686 -0.00734708 -0.0077702 -0.00813972 -0.00843979 -0.008653 -0.00875772 -0.00872701 -0.00853121 -0.00814368 -0.00754773 -0.00674111 -0.0057346 -0.00454576 -0.00319242 -0.00169121 -6.40688e-05 0.00165141 0.00339802 0.00510855 0.00672411 0.00820742 0.00953849 0.0106943 0.0116341 0.012315 0.012732 0.0129398 0.0130241 0.0130441 0.0130066 0.0128965 0.0127299 0.0125738 
0 0.00365433 0.00721682 0.010576 0.0136072 0.0161972 0.0182572 0.0197198 0.0205357 0.0206841 0.0201808 0.0190681 0.0173986 0.01523 0.012633 0.00969819 0.00653374 0.00325674 -1.67411e-05 -0.00317997 -0.00614038 -0.00882165 -0.0111658 -0.0131347 -0.01471 -0.0158908 -0.0166914 -0.0171375 -0.0172631 -0.0171087 -0.0167192 -0.0161412 -0.0154207 -0.0146009 -0.0137198 -0.0128096 -0.0118962 -0.011 -0.0101367 -0.00931841 -0.00855351 -0.00784765 -0.00720362 -0.00662162 -0.00609966 -0.00563402 -0.00521992 -0.00485213 -0.00452549 -0.0042353 -0.00397743 -0.00374836 -0.00354509 -0.00336493 -0.00320543 -0.00306423 -0.00293904 -0.00282765 -0.002728 -0.0026382 -0.00255661 -0.00248187 -0.00241291 -0.00234893 -0.00228935 -0.00223379 -0.00218197 -0.00213374 -0.00208893 -0.00204743 -0.00200907 -0.00197371 -0.00194113 -0.00191115 -0.00188352 -0.00185805 -0.0018345 -0.00181268 -0.00179242 -0.00177354 -0.00175593 -0.00173946 -0.00172405 -0.00170963 -0.00169615 -0.00168356 -0.00167185 -0.00166099 -0.00165096 -0.00164176 -0.00163338 -0.00162581 -0.00161905 -0.00161309 -0.00160794 -0.00160359 -0.00160003 -0.00159726 -0.00159529 -0.00159411 -0.00159371 -0.00159411 -0.00159529 -0.00159726 -0.00160003 -0.00160359 -0.00160794 -0.00161309 -0.00161905 -0.00162581 -0.00163338 -0.00164176 -0.00165096 -0.00166099 -0.00167185 -0.00168356 -0.00169615 -0.00170963 -0.00172405 -0.00173946 -0.00175593 -0.00177354 -0.00179242 -0.00181268 -0.0018345 -0.00185805 -0.00188352 -0.00191115 -0.00194113 -0.00197371 -0.00200907 -0.00204743 -0.00208893 -0.00213374 -0.00218197 -0.00223379 -0.00228935 -0.00234893 -0.00241291 -0.00248187 -0.00255661 -0.0026382 -0.002728 -0.00282765 -0.00293904 -0.00306423 -0.00320543 -0.00336493 -0.00354509 -0.00374836 -0.00397743 -0.0042353 -0.00452549 -0.00485213 -0.00521992 -0.00563402 -0.00609966 -0.00662162 -0.00720362 -0.00784765 -0.00855351 -0.00931841 -0.0101367 -0.011 -0.0118962 -0.0128096 -0.0137198 -0.0146009 -0.0154207 -0.0161412 -0.0167192 -0.0171087 -0.0172631 -0.0171375 -0.0166914 -0.0158907 -0.0147097 -0.0131339 -0.0111637 -0.00881623 -0.00612747 -0.00315106 4.41175e-05 0.00337718 0.00675783 0.0100902 0.0132783 0.0162313 0.0188684 0.0211225 0.0229417 0.0242967 0.0251986 0.0257134 0.0259453 0.0259901 0.0259005 0.0257009 0.0254389 0.0252108 
0 0.005378 0.010576 0.0154386 0.0198303 0.0236094 0.026622 0.028737 0.0298913 0.0300949 0.0293893 0.027812 0.0254053 0.0222492 0.0184727 0.0142334 0.009691 0.00499557 0.000289815 -0.00428526 -0.00859162 -0.0125063 -0.015937 -0.018829 -0.0211624 -0.0229426 -0.0241906 -0.024937 -0.0252216 -0.0250941 -0.0246143 -0.023849 -0.0228668 -0.0217318 -0.0204997 -0.0192159 -0.0179162 -0.0166288 -0.0153763 -0.0141773 -0.0130468 -0.0119958 -0.0110312 -0.0101553 -0.0093665 -0.00865988 -0.00802864 -0.00746512 -0.00696191 -0.00651235 -0.00611081 -0.00575264 -0.00543385 -0.00515084 -0.00490017 -0.00467838 -0.00448198 -0.00430752 -0.00415171 -0.00401152 -0.00388435 -0.00376802 -0.00366082 -0.0035615 -0.00346914 -0.00338313 -0.00330305 -0.0032286 -0.00315955 -0.00309565 -0.00303666 -0.00298229 -0.00293224 -0.00288616 -0.00284371 -0.00280455 -0.00276835 -0.00273482 -0.00270367 -0.00267467 -0.00264763 -0.00262238 -0.00259877 -0.00257672 -0.00255613 -0.00253694 -0.00251912 -0.00250261 -0.0024874 -0.00247346 -0.00246078 -0.00244934 -0.00243914 -0.00243016 -0.0024224 -0.00241584 -0.00241049 -0.00240633 -0.00240337 -0.00240159 -0.00240099 -0.00240159 -0.00240337 -0.00240633 -0.00241049 -0.00241584 -0.0024224 -0.00243016 -0.00243914 -0.00244934 -0.00246078 -0.00247346 -0.0024874 -0.00250261 -0.00251912 -0.00253694 -0.00255613 -0.00257672 -0.00259877 -0.00262238 -0.00264763 -0.00267467 -0.00270367 -0.00273482 -0.00276835 -0.00280455 -0.00284371 -0.00288616 -0.00293224 -0.00298229 -0.00303666 -0.00309565 -0.00315955 -0.0032286 -0.00330305 -0.00338313 -0.00346914 -0.0035615 -0.00366082 -0.00376802 -0.00388435 -0.00401152 -0.00415171 -0.00430752 -0.00448198 -0.00467838 -0.00490017 -0.00515084 -0.00543385 -0.00575264 -0.00611081 -0.00651235 -0.00696191 -0.00746512 -0.00802864 -0.00865988 -0.0093665 -0.0101553 -0.0110312 -0.0119958 -0.0130468 -0.0141773 -0.0153763 -0.0166288 -0.0179162 -0.0192159 -0.0204997 -0.0217318 -0.0228668 -0.023849 -0.0246143 -0.0250941 -0.0252216 -0.024937 -0.0241905 -0.0229423 -0.0211617 -0.0188271 -0.0159321 -0.0124945 -0.00856472 -0.00422763 0.000406095 0.00521654 0.0100866 0.0149012 0.0195373 0.0238574 0.0277194 0.0310081 0.0336686 0.035709 0.0371718 0.0381106 0.038595 0.0387233 0.0386135 0.0383801 0.0381233 0.0379322 
0 0.00692898 0.0136072 0.0198303 0.0254301 0.0302326 0.0340526 0.0367413 0.0382294 0.0385152 0.0376263 0.0356079 0.0325418 0.0285557 0.0238094 0.018479 0.0127508 0.00681755 0.00087062 -0.00490789 -0.0103551 -0.0153367 -0.0197511 -0.0235272 -0.0266242 -0.0290305 -0.0307604 -0.031852 -0.0323615 -0.032357 -0.0319119 -0.0311008 -0.0299967 -0.028669 -0.0271831 -0.0255991 -0.0239702 -0.0223412 -0.0207479 -0.0192166 -0.017765 -0.0164042 -0.0151399 -0.0139745 -0.012908 -0.0119387 -0.0110637 -0.0102786 -0.00957782 -0.00895469 -0.00840169 -0.00791091 -0.00747456 -0.0070854 -0.006737 -0.00642396 -0.00614185 -0.00588712 -0.00565694 -0.00544895 -0.00526112 -0.00509156 -0.00493847 -0.00480008 -0.00467465 -0.00456055 -0.00445621 -0.00436027 -0.0042715 -0.00418889 -0.00411164 -0.0040391 -0.00397082 -0.00390643 -0.00384572 -0.00378852 -0.00373469 -0.00368417 -0.00363684 -0.00359266 -0.0035515 -0.0035133 -0.00347792 -0.00344528 -0.00341522 -0.00338765 -0.00336243 -0.00333946 -0.00331862 -0.0032998 -0.00328292 -0.00326787 -0.00325461 -0.00324304 -0.00323313 -0.00322482 -0.00321807 -0.00321285 -0.00320914 -0.00320692 -0.00320618 -0.00320692 -0.00320914 -0.00321285 -0.00321807 -0.00322482 -0.00323313 -0.00324304 -0.00325461 -0.00326787 -0.00328292 -0.0032998 -0.00331862 -0.00333946 -0.00336243 -0.00338765 -0.00341522 -0.00344528 -0.00347792 -0.0035133 -0.0035515 -0.00359266 -0.00363684 -0.00368417 -0.00373469 -0.00378852 -0.00384572 -0.00390643 -0.00397082 -0.0040391 -0.00411164 -0.00418889 -0.0042715 -0.00436027 -0.00445621 -0.00456055 -0.00467465 -0.00480008 -0.00493847 -0.00509156 -0.00526112 -0.00544895 -0.00565694 -0.00588712 -0.00614185 -0.00642396 -0.006737 -0.0070854 -0.00747456 -0.00791091 -0.00840169 -0.00895469 -0.00957782 -0.0102786 -0.0110637 -0.0119387 -0.012908 -0.0139745 -0.0151399 -0.0164042 -0.017765 -0.0192166 -0.0207479 -0.0223412 -0.0239702 -0.0255991 -0.0271831 -0.028669 -0.0299967 -0.0311008 -0.0319119 -0.032357 -0.0323615 -0.0318519 -0.0307602 -0.0290299 -0.0266226 -0.0235229 -0.0197407 -0.0153128 -0.0103031 -0.00480166 0.00107533 0.00718955 0.0133889 0.019514 0.0254021 0.0308924 0.0358335 0.0400999 0.0436197 0.046393 0.0484704 0.0499087 0.0507598 0.0511096 0.0511108 0.0509534 0.0507928 0.0507066 
0 0.00823892 0.0161972 0.0236094 0.0302326 0.0358552 0.0403117 0.0434857 0.0452919 0.0456711 0.0446194 0.0422192 0.0386206 0.033992 0.0284972 0.022314 0.0156509 0.00873905 0.00180909 -0.00493032 -0.0113069 -0.0171839 -0.022451 -0.0270211 -0.0308351 -0.0338663 -0.0361222 -0.0376422 -0.0384876 -0.0387313 -0.0384514 -0.0377256 -0.0366306 -0.0352421 -0.033634 -0.0318762 -0.0300324 -0.0281577 -0.0262964 -0.0244827 -0.0227411 -0.0210883 -0.0195354 -0.0180889 -0.0167524 -0.0155267 -0.0144104 -0.0134 -0.0124901 -0.0116738 -0.0109434 -0.0102906 -0.00970707 -0.00918505 -0.00871732 -0.00829761 -0.00792032 -0.00758072 -0.00727467 -0.00699853 -0.0067491 -0.00652346 -0.00631902 -0.00613335 -0.0059643 -0.00580993 -0.00566847 -0.00553846 -0.00541854 -0.00530761 -0.00520471 -0.00510904 -0.00501995 -0.00493687 -0.00485935 -0.00478695 -0.00471937 -0.00465628 -0.00459744 -0.00454258 -0.00449151 -0.00444401 -0.0043999 -0.00435903 -0.00432122 -0.00428634 -0.00425425 -0.00422486 -0.00419802 -0.00417367 -0.00415169 -0.00413203 -0.0041146 -0.00409937 -0.00408626 -0.00407524 -0.00406627 -0.00405932 -0.00405438 -0.00405142 -0.00405043 -0.00405142 -0.00405438 -0.00405932 -0.00406627 -0.00407524 -0.00408626 -0.00409937 -0.0041146 -0.00413203 -0.00415169 -0.00417367 -0.00419802 -0.00422486 -0.00425425 -0.00428634 -0.00432122 -0.00435903 -0.0043999 -0.00444401 -0.00449151 -0.00454258 -0.00459744 -0.00465628 -0.00471937 -0.00478695 -0.00485935 -0.00493687 -0.00501995 -0.00510904 -0.00520471 -0.00530761 -0.00541854 -0.00553846 -0.00566847 -0.00580993 -0.0059643 -0.00613335 -0.00631902 -0.00652346 -0.0067491 -0.00699853 -0.00727467 -0.00758072 -0.00792032 -0.00829761 -0.00871732 -0.00918505 -0.00970707 -0.0102906 -0.0109434 -0.0116738 -0.0124901 -0.0134 -0.0144104 -0.0155267 -0.0167524 -0.0180889 -0.0195354 -0.0210883 -0.0227411 -0.0244827 -0.0262964 -0.0281577 -0.0300324 -0.0318762 -0.033634 -0.0352421 -0.0366306 -0.0377256 -0.0384514 -0.0387313 -0.0384875 -0.037642 -0.0361217 -0.0338649 -0.0308315 -0.0270121 -0.02243 -0.0171379 -0.0112117 -0.0047448 0.00215036 0.00933181 0.0166248 0.0238323 0.0307544 0.037214 0.0430749 0.048237 0.0526223 0.0561859 0.0589382 0.0609387 0.0622667 0.0630193 0.0633412 0.0634234 0.0634381 0.0634732 
0 0.00927542 0.0182572 0.026622 0.0340526 0.0403117 0.0452627 0.0488117 0.050852 0.0512941 0.0501397 0.0474998 0.0435417 0.0384434 0.0323959 0.025614 0.0183269 0.0107653 0.00315484 -0.00429436 -0.0113965 -0.0179914 -0.0239491 -0.0291771 -0.0336197 -0.0372518 -0.0400761 -0.0421178 -0.0434193 -0.0440401 -0.0440538 -0.0435426 -0.0425929 -0.0412903 -0.0397137 -0.0379346 -0.0360163 -0.0340143 -0.0319776 -0.029949 -0.0279645 -0.0260536 -0.0242381 -0.0225323 -0.0209438 -0.0194749 -0.0181235 -0.0168857 -0.0157556 -0.0147275 -0.0137953 -0.0129531 -0.0121951 -0.0115147 -0.0109057 -0.0103613 -0.00987447 -0.00943857 -0.00904707 -0.00869416 -0.0083746 -0.00808398 -0.00781868 -0.00757568 -0.00735271 -0.00714781 -0.00695949 -0.00678642 -0.00662741 -0.00648144 -0.0063474 -0.00622437 -0.0061113 -0.00600732 -0.00591152 -0.00582309 -0.00574131 -0.00566549 -0.00559509 -0.00552957 -0.00546858 -0.0054117 -0.00535871 -0.00530934 -0.00526342 -0.00522079 -0.00518133 -0.00514494 -0.00511153 -0.00508104 -0.00505338 -0.00502853 -0.00500641 -0.00498701 -0.00497026 -0.00495616 -0.00494464 -0.00493573 -0.00492936 -0.00492556 -0.00492428 -0.00492556 -0.00492936 -0.00493573 -0.00494464 -0.00495616 -0.00497026 -0.00498701 -0.00500641 -0.00502853 -0.00505338 -0.00508104 -0.00511153 -0.00514494 -0.00518133 -0.00522079 -0.00526342 -0.00530934 -0.00535871 -0.0054117 -0.00546858 -0.00552957 -0.00559509 -0.00566549 -0.00574131 -0.00582309 -0.00591152 -0.00600732 -0.0061113 -0.00622437 -0.0063474 -0.00648144 -0.00662741 -0.00678642 -0.00695949 -0.00714781 -0.00735271 -0.00757568 -0.00781868 -0.00808398 -0.0083746 -0.00869416 -0.00904707 -0.00943857 -0.00987447 -0.0103613 -0.0109057 -0.0115147 -0.0121951 -0.0129531 -0.0137953 -0.0147275 -0.0157556 -0.0168857 -0.0181235 -0.0194749 -0.0209438 -0.0225323 -0.0242381 -0.0260536 -0.0279645 -0.029949 -0.0319776 -0.0340143 -0.0360163 -0.0379346 -0.0397137 -0.0412903 -0.0425929 -0.0435426 -0.0440538 -0.0440401 -0.0434192 -0.0421174 -0.040075 -0.0372487 -0.033612 -0.029159 -0.0239088 -0.0179072 -0.0112305 -0.0039854 0.00369791 0.0116681 0.0197506 0.0277536 0.0354809 0.0427477 0.0494062 0.0553619 0.0605532 0.0649218 0.0684281 0.0710984 0.073032 0.0743598 0.0752102 0.075712 0.0759947 0.0761684 
0 0.0100233 0.0197198 0.028737 0.0367413 0.0434857 0.0488117 0.0525991 0.0547496 0.0552237 0.0540576 0.0513384 0.0471938 0.041814 0.0354462 0.0283448 0.0207376 0.0128344 0.00484084 -0.00304082 -0.0106155 -0.0177074 -0.0241809 -0.0299446 -0.0349415 -0.0391414 -0.0425364 -0.0451346 -0.0469629 -0.0480693 -0.0485174 -0.0483826 -0.047747 -0.0466917 -0.0452942 -0.0436274 -0.0417575 -0.0397457 -0.037648 -0.0355133 -0.0333844 -0.0312968 -0.029278 -0.0273488 -0.0255236 -0.0238109 -0.0222156 -0.0207387 -0.0193787 -0.0181325 -0.0169949 -0.0159605 -0.0150223 -0.0141735 -0.0134067 -0.0127148 -0.0120908 -0.011528 -0.0110203 -0.010562 -0.0101478 -0.00977315 -0.00943354 -0.00912523 -0.00884479 -0.00858906 -0.00835545 -0.00814139 -0.00794491 -0.00776406 -0.00759732 -0.00744329 -0.00730073 -0.00716871 -0.00704622 -0.00693262 -0.00682711 -0.00672921 -0.00663831 -0.00655398 -0.00647579 -0.00640334 -0.00633633 -0.00627438 -0.00621729 -0.00616471 -0.0061165 -0.00607236 -0.00603219 -0.00599573 -0.00596294 -0.00593358 -0.00590763 -0.00588492 -0.00586543 -0.00584902 -0.0058357 -0.00582536 -0.00581802 -0.00581362 -0.00581216 -0.00581362 -0.00581802 -0.00582536 -0.0058357 -0.00584902 -0.00586543 -0.00588492 -0.00590763 -0.00593358 -0.00596294 -0.00599573 -0.00603219 -0.00607236 -0.0061165 -0.00616471 -0.00621729 -0.00627438 -0.00633633 -0.00640334 -0.00647579 -0.00655398 -0.00663831 -0.00672921 -0.00682711 -0.00693262 -0.00704622 -0.00716871 -0.00730073 -0.00744329 -0.00759732 -0.00776406 -0.00794491 -0.00814139 -0.00835545 -0.00858906 -0.00884479 -0.00912523 -0.00943354 -0.00977315 -0.0101478 -0.010562 -0.0110203 -0.011528 -0.0120908 -0.0127148 -0.0134067 -0.0141735 -0.0150223 -0.0159605 -0.0169949 -0.0181325 -0.0193787 -0.0207387 -0.0222156 -0.0238109 -0.0255236 -0.0273488 -0.029278 -0.0312968 -0.0333844 -0.0355133 -0.037648 -0.0397457 -0.0417575 -0.0436274 -0.0452942 -0.0466917 -0.047747 -0.0483826 -0.0485174 -0.0480692 -0.0469626 -0.0451336 -0.0425338 -0.0391349 -0.034926 -0.0299099 -0.0241074 -0.0175606 -0.0103388 -0.00254859 0.00566908 0.0141556 0.0227444 0.0312658 0.0395543 0.047448 0.0547898 0.0614551 0.0673772 0.0725194 0.0768397 0.0803194 0.0830211 0.0850756 0.0866016 0.0876674 0.0883374 0.0887249 
0 0.0104572 0.0205357 0.0298913 0.0382294 0.0452919 0.050852 0.0547496 0.056935 0.0574444 0.0563269 0.0536308 0.0494707 0.0440608 0.0376599 0.0305101 0.022835 0.0148507 0.00675828 -0.00125543 -0.00901404 -0.016364 -0.0231817 -0.0293646 -0.0348342 -0.0395432 -0.0434706 -0.0466184 -0.0490116 -0.0506882 -0.0516936 -0.0520826 -0.0519161 -0.0512599 -0.0501872 -0.0487721 -0.047087 -0.0452004 -0.0431725 -0.0410547 -0.0388919 -0.036721 -0.0345739 -0.0324785 -0.0304571 -0.0285289 -0.0267075 -0.0250016 -0.0234158 -0.0219499 -0.0206009 -0.0193636 -0.0182309 -0.0171964 -0.0162525 -0.0153927 -0.0146109 -0.0139009 -0.0132575 -0.0126751 -0.0121487 -0.0116731 -0.0112431 -0.0108542 -0.0105017 -0.0101814 -0.00988956 -0.00962271 -0.00937806 -0.00915289 -0.00894534 -0.00875339 -0.00857577 -0.00841109 -0.00825839 -0.00811678 -0.0079854 -0.0078637 -0.00775087 -0.00764654 -0.00754998 -0.0074609 -0.00737866 -0.00730298 -0.00723337 -0.00716954 -0.00711113 -0.00705783 -0.00700944 -0.00696563 -0.0069263 -0.00689115 -0.00686015 -0.00683302 -0.00680981 -0.00679024 -0.00677441 -0.00676209 -0.0067534 -0.00674812 -0.00674643 -0.00674812 -0.0067534 -0.00676209 -0.00677441 -0.00679024 -0.00680981 -0.00683302 -0.00686015 -0.00689115 -0.0069263 -0.00696563 -0.00700944 -0.00705783 -0.00711113 -0.00716954 -0.00723337 -0.00730298 -0.00737866 -0.0074609 -0.00754998 -0.00764654 -0.00775087 -0.0078637 -0.0079854 -0.00811678 -0.00825839 -0.00841109 -0.00857577 -0.00875339 -0.00894534 -0.00915289 -0.00937806 -0.00962271 -0.00988956 -0.0101814 -0.0105017 -0.0108542 -0.0112431 -0.0116731 -0.0121487 -0.0126751 -0.0132575 -0.0139009 -0.0146109 -0.0153927 -0.0162525 -0.0171964 -0.0182309 -0.0193636 -0.0206009 -0.0219499 -0.0234158 -0.0250016 -0.0267075 -0.0285289 -0.0304571 -0.0324785 -0.0345739 -0.036721 -0.0388919 -0.0410547 -0.0431725 -0.0452004 -0.047087 -0.0487721 -0.0501872 -0.0512599 -0.0519161 -0.0520826 -0.0516935 -0.0506879 -0.0490108 -0.0466163 -0.0434652 -0.0395302 -0.0348046 -0.0293011 -0.0230533 -0.0161191 -0.00857249 -0.000503015 0.00797321 0.0167169 0.0255783 0.0343996 0.043028 0.0513339 0.0591989 0.0664966 0.0731201 0.0790178 0.0841715 0.0885609 0.0921874 0.0951092 0.0974072 0.09913 0.100314 0.101043 
0 0.0105451 0.0206841 0.0300949 0.0385152 0.0456711 0.0512941 0.0552237 0.0574444 0.0580053 0.0569505 0.0543545 0.0503695 0.0451918 0.0390186 0.0320646 0.0245718 0.0167678 0.00884137 0.000956679 -0.00674301 -0.014136 -0.0211051 -0.0275379 -0.0333488 -0.0384807 -0.042899 -0.0465957 -0.0495809 -0.0518705 -0.0534923 -0.0544844 -0.0548909 -0.0547669 -0.0541747 -0.0531774 -0.0518411 -0.0502296 -0.0484015 -0.0464135 -0.0443161 -0.0421542 -0.0399691 -0.0377947 -0.0356596 -0.033588 -0.0315967 -0.0296999 -0.0279068 -0.0262227 -0.0246514 -0.0231925 -0.0218448 -0.0206052 -0.0194683 -0.0184291 -0.0174807 -0.0166165 -0.0158298 -0.0151133 -0.0144614 -0.0138676 -0.0133268 -0.0128341 -0.0123848 -0.0119754 -0.0116016 -0.0112608 -0.0109495 -0.0106652 -0.0104051 -0.010167 -0.00994878 -0.00974828 -0.00956413 -0.00939433 -0.00923787 -0.00909323 -0.00895956 -0.00883585 -0.00872126 -0.00861525 -0.00851702 -0.00842634 -0.00834244 -0.0082653 -0.00819423 -0.00812931 -0.00806993 -0.00801619 -0.0079676 -0.00792426 -0.00788577 -0.0078522 -0.00782327 -0.00779901 -0.00777924 -0.00776396 -0.00775306 -0.00774655 -0.00774437 -0.00774655 -0.00775306 -0.00776396 -0.00777924 -0.00779901 -0.00782327 -0.0078522 -0.00788577 -0.00792426 -0.0079676 -0.00801619 -0.00806993 -0.00812931 -0.00819423 -0.0082653 -0.00834244 -0.00842634 -0.00851702 -0.00861525 -0.00872126 -0.00883585 -0.00895956 -0.00909323 -0.00923787 -0.00939433 -0.00956413 -0.00974828 -0.00994878 -0.010167 -0.0104051 -0.0106652 -0.0109495 -0.0112608 -0.0116016 -0.0119754 -0.0123848 -0.0128341 -0.0133268 -0.0138676 -0.0144614 -0.0151133 -0.0158298 -0.0166165 -0.0174807 -0.0184291 -0.0194683 -0.0206052 -0.0218448 -0.0231925 -0.0246514 -0.0262227 -0.0279068 -0.0296999 -0.0315967 -0.033588 -0.0356596 -0.0377947 -0.0399691 -0.0421542 -0.0443161 -0.0464135 -0.0484015 -0.0502296 -0.0518411 -0.0531774 -0.0541747 -0.0547669 -0.0548909 -0.0544844 -0.053492 -0.0518698 -0.0495791 -0.0465913 -0.0428881 -0.0384557 -0.0332947 -0.027427 -0.0208905 -0.0137441 -0.00606624 0.00206359 0.0105622 0.0193243 0.0282286 0.037146 0.045938 0.0544842 0.0627068 0.0705285 0.0778312 0.0845039 0.0905059 0.0958376 0.100474 0.104374 0.107531 0.109984 0.111782 0.112966 
0 0.0102787 0.0201808 0.0293893 0.0376263 0.0446194 0.0501397 0.0540576 0.0563269 0.0569505 0.0559992 0.0536231 0.0499855 0.0452169 0.0394692 0.0329613 0.0259256 0.0185539 0.0110129 0.00345442 -0.00399853 -0.011235 -0.018143 -0.0246318 -0.0306331 -0.0360825 -0.0409298 -0.0451445 -0.0487042 -0.0516039 -0.0538609 -0.0554996 -0.0565538 -0.0570663 -0.0570782 -0.056635 -0.055789 -0.054592 -0.0531016 -0.0513772 -0.0494729 -0.0474422 -0.0453314 -0.0431784 -0.0410183 -0.0388774 -0.0367785 -0.0347419 -0.0327819 -0.0309122 -0.0291422 -0.0274775 -0.0259228 -0.0244775 -0.0231404 -0.0219078 -0.0207737 -0.0197334 -0.0187792 -0.0179057 -0.0171062 -0.0163746 -0.0157061 -0.0150946 -0.0145364 -0.0140264 -0.0135606 -0.0131355 -0.0127469 -0.0123922 -0.0120675 -0.0117706 -0.0114984 -0.0112488 -0.0110196 -0.0108087 -0.0106148 -0.0104358 -0.0102711 -0.0101188 -0.00997853 -0.00984882 -0.00972941 -0.00961922 -0.00951791 -0.00942484 -0.00933953 -0.0092617 -0.00919076 -0.00912672 -0.00906888 -0.00901748 -0.00897177 -0.00893213 -0.00889781 -0.00886928 -0.0088458 -0.00882792 -0.00881492 -0.0088074 -0.00880468 -0.0088074 -0.00881492 -0.00882792 -0.0088458 -0.00886928 -0.00889781 -0.00893213 -0.00897177 -0.00901748 -0.00906888 -0.00912672 -0.00919076 -0.0092617 -0.00933953 -0.00942484 -0.00951791 -0.00961922 -0.00972941 -0.00984882 -0.00997853 -0.0101188 -0.0102711 -0.0104358 -0.0106148 -0.0108087 -0.0110196 -0.0112488 -0.0114984 -0.0117706 -0.0120675 -0.0123922 -0.0127469 -0.0131355 -0.0135606 -0.0140264 -0.0145364 -0.0150946 -0.0157061 -0.0163746 -0.0171062 -0.0179057 -0.0187792 -0.0197334 -0.0207737 -0.0219078 -0.0231404 -0.0244775 -0.0259228 -0.0274775 -0.0291422 -0.0309122 -0.0327819 -0.0347419 -0.0367785 -0.0388774 -0.0410183 -0.0431784 -0.0453314 -0.0474422 -0.0494729 -0.0513772 -0.0531016 -0.054592 -0.055789 -0.056635 -0.0570782 -0.0570663 -0.0565538 -0.0554995 -0.0538604 -0.0516025 -0.0487006 -0.0451356 -0.0409091 -0.0360369 -0.0305384 -0.0244461 -0.0177989 -0.0106325 -0.00299963 0.00502726 0.0133766 0.0219677 0.0307052 0.0395059 0.0482954 0.05698 0.0654706 0.0737075 0.081611 0.0890541 0.0959332 0.102215 0.107864 0.112784 0.11688 0.120143 0.122615 0.124289 
0 0.00968873 0.0190681 0.027812 0.0356079 0.0422192 0.0474998 0.0513384 0.0536308 0.0543545 0.0536231 0.0516043 0.0484179 0.0441721 0.0390381 0.0332117 0.0268515 0.020107 0.0131412 0.00609092 -0.000935729 -0.00783144 -0.0145083 -0.0209052 -0.0269534 -0.0325808 -0.0377339 -0.0423632 -0.0464276 -0.0499128 -0.052813 -0.055128 -0.056875 -0.0580742 -0.0587495 -0.0589399 -0.0586851 -0.0580286 -0.0570232 -0.0557164 -0.0541579 -0.0523991 -0.0504839 -0.0484581 -0.0463631 -0.0442332 -0.0421032 -0.0399984 -0.0379407 -0.0359491 -0.0340342 -0.0322073 -0.0304743 -0.0288386 -0.027304 -0.0258692 -0.0245347 -0.0232981 -0.0221556 -0.0211045 -0.0201382 -0.0192529 -0.0184419 -0.0176995 -0.0170206 -0.0163984 -0.0158292 -0.0153067 -0.0148279 -0.014388 -0.0139838 -0.0136125 -0.0132706 -0.0129568 -0.0126675 -0.0124019 -0.0121573 -0.0119327 -0.0117261 -0.0115362 -0.0113621 -0.0112019 -0.0110554 -0.0109207 -0.010798 -0.0106853 -0.0105831 -0.0104897 -0.0104056 -0.0103292 -0.0102611 -0.0102002 -0.0101466 -0.0100998 -0.0100598 -0.0100261 -0.00999886 -0.00997775 -0.00996273 -0.00995377 -0.00995076 -0.00995377 -0.00996273 -0.00997775 -0.00999886 -0.0100261 -0.0100598 -0.0100998 -0.0101466 -0.0102002 -0.0102611 -0.0103292 -0.0104056 -0.0104897 -0.0105831 -0.0106853 -0.010798 -0.0109207 -0.0110554 -0.0112019 -0.0113621 -0.0115362 -0.0117261 -0.0119327 -0.0121573 -0.0124019 -0.0126675 -0.0129568 -0.0132706 -0.0136125 -0.0139838 -0.014388 -0.0148279 -0.0153067 -0.0158292 -0.0163984 -0.0170206 -0.0176995 -0.0184419 -0.0192529 -0.0201382 -0.0211045 -0.0221556 -0.0232981 -0.0245347 -0.0258692 -0.027304 -0.0288386 -0.0304743 -0.0322073 -0.0340342 -0.0359491 -0.0379407 -0.0399984 -0.0421032 -0.0442332 -0.0463631 -0.0484581 -0.0504839 -0.0523991 -0.0541579 -0.0557164 -0.0570232 -0.0580286 -0.0586851 -0.0589399 -0.0587495 -0.0580742 -0.0568749 -0.0551276 -0.0528119 -0.0499099 -0.0464204 -0.0423462 -0.037696 -0.0325009 -0.0267945 -0.0206065 -0.0139775 -0.00693892 0.000488776 0.00825821 0.0163046 0.0245734 0.0330054 0.0415494 0.0501939 0.0589186 0.0676331 0.0762278 0.0846326 0.092772 0.100523 0.10776 0.114391 0.120306 0.125375 0.12951 0.13267 0.134796 
0 0.00882549 0.0173986 0.0254053 0.0325418 0.0386206 0.0435417 0.0471938 0.0494707 0.0503695 0.0499855 0.0484179 0.0457664 0.0421845 0.0378363 0.0328294 0.0272694 0.0213118 0.0150996 0.0087281 0.0022915 -0.00412072 -0.0104497 -0.0166279 -0.0225714 -0.0282223 -0.0335322 -0.0384433 -0.0429172 -0.0469224 -0.0504181 -0.0533849 -0.0558175 -0.0577118 -0.0590871 -0.0599701 -0.0603845 -0.0603682 -0.0599571 -0.0591852 -0.0580993 -0.0567405 -0.0551535 -0.0533885 -0.0514857 -0.0494889 -0.0474363 -0.0453569 -0.0432819 -0.0412319 -0.0392255 -0.0372803 -0.0354051 -0.0336121 -0.0319072 -0.0302942 -0.0287782 -0.027357 -0.0260323 -0.0248005 -0.0236583 -0.0226031 -0.0216279 -0.0207304 -0.0199034 -0.0191432 -0.0184446 -0.0178021 -0.017213 -0.0166708 -0.016174 -0.0157167 -0.0152972 -0.0149116 -0.0145569 -0.0142314 -0.0139314 -0.0136563 -0.0134024 -0.0131698 -0.0129551 -0.0127585 -0.0125775 -0.0124117 -0.0122597 -0.0121206 -0.0119939 -0.0118783 -0.011774 -0.0116793 -0.0115951 -0.0115193 -0.0114534 -0.011395 -0.0113459 -0.0113039 -0.0112706 -0.0112441 -0.011226 -0.0112144 -0.0112112 -0.0112144 -0.011226 -0.0112441 -0.0112706 -0.0113039 -0.0113459 -0.011395 -0.0114534 -0.0115193 -0.0115951 -0.0116793 -0.011774 -0.0118783 -0.0119939 -0.0121206 -0.0122597 -0.0124117 -0.0125775 -0.0127585 -0.0129551 -0.0131698 -0.0134024 -0.0136563 -0.0139314 -0.0142314 -0.0145569 -0.0149116 -0.0152972 -0.0157167 -0.016174 -0.0166708 -0.017213 -0.0178021 -0.0184446 -0.0191432 -0.0199034 -0.0207304 -0.0216279 -0.0226031 -0.0236583 -0.0248005 -0.0260323 -0.027357 -0.0287782 -0.0302942 -0.0319072 -0.0336121 -0.0354051 -0.0372803 -0.0392255 -0.0412319 -0.0432819 -0.0453569 -0.0474363 -0.0494889 -0.0514857 -0.0533885 -0.0551535 -0.0567405 -0.0580993 -0.0591852 -0.0599571 -0.0603682 -0.0603845 -0.0599701 -0.0590871 -0.0577117 -0.0558172 -0.053384 -0.0504159 -0.0469167 -0.0429035 -0.0384122 -0.0334657 -0.0280879 -0.022315 -0.0161655 -0.00966045 -0.00284284 0.00426151 0.0116368 0.0192448 0.0270633 0.0351019 0.0433533 0.0518057 0.0604727 0.0693206 0.0782276 0.0870804 0.0958253 0.10437 0.112528 0.120103 0.126959 0.132966 0.137958 0.141771 0.144293 
0 0.00772872 0.01523 0.0222492 0.0285557 0.033992 0.0384434 0.041814 0.0440608 0.0451918 0.0452169 0.0441721 0.0421845 0.0394122 0.0359362 0.0318115 0.0271631 0.0221275 0.0167819 0.0112007 0.00547452 -0.000342184 -0.00619802 -0.012008 -0.0177101 -0.0232638 -0.0286027 -0.03367 -0.0384277 -0.0428164 -0.0467896 -0.0503253 -0.0533905 -0.0559687 -0.0580637 -0.0596691 -0.0607969 -0.0614726 -0.0617134 -0.0615565 -0.0610408 -0.0601983 -0.0590766 -0.0577133 -0.0561454 -0.0544181 -0.0525631 -0.0506188 -0.0486207 -0.0465942 -0.0445723 -0.042574 -0.0406185 -0.0387237 -0.0368957 -0.0351473 -0.0334808 -0.0318997 -0.0304078 -0.0290016 -0.0276848 -0.0264524 -0.0253041 -0.0242377 -0.0232475 -0.0223336 -0.0214879 -0.02071 -0.0199928 -0.0193332 -0.0187272 -0.0181688 -0.017657 -0.0171845 -0.0167515 -0.0163515 -0.0159843 -0.0156457 -0.0153338 -0.0150471 -0.0147824 -0.01454 -0.0143158 -0.0141114 -0.0139226 -0.0137514 -0.0135937 -0.0134516 -0.0133217 -0.0132055 -0.0131006 -0.0130078 -0.0129256 -0.0128543 -0.0127931 -0.0127419 -0.0127004 -0.0126682 -0.0126455 -0.0126317 -0.0126273 -0.0126317 -0.0126455 -0.0126682 -0.0127004 -0.0127419 -0.0127931 -0.0128543 -0.0129256 -0.0130078 -0.0131006 -0.0132055 -0.0133217 -0.0134516 -0.0135937 -0.0137514 -0.0139226 -0.0141114 -0.0143158 -0.01454 -0.0147824 -0.0150471 -0.0153338 -0.0156457 -0.0159843 -0.0163515 -0.0167515 -0.0171845 -0.017657 -0.0181688 -0.0187272 -0.0193332 -0.0199928 -0.02071 -0.0214879 -0.0223336 -0.0232475 -0.0242377 -0.0253041 -0.0264524 -0.0276848 -0.0290016 -0.0304078 -0.0318997 -0.0334808 -0.0351473 -0.0368957 -0.0387237 -0.0406185 -0.042574 -0.0445723 -0.0465942 -0.0486207 -0.0506188 -0.0525631 -0.0544181 -0.0561454 -0.0577133 -0.0590766 -0.0601983 -0.0610408 -0.0615565 -0.0617134 -0.0614726 -0.0607969 -0.0596691 -0.0580637 -0.0559685 -0.0533898 -0.0503235 -0.0467851 -0.0428054 -0.0384024 -0.0336153 -0.0284904 -0.0230463 -0.0173118 -0.0113175 -0.00506306 0.0014322 0.0081272 0.01502 0.0221233 0.0294438 0.0370377 0.0449752 0.0532512 0.0618295 0.0707042 0.0798317 0.0890981 0.0983958 0.107623 0.116589 0.12504 0.132769 0.139613 0.145354 0.149741 0.152613 
0 0.00642143 0.012633 0.0184727 0.0238094 0.0284972 0.0323959 0.0354462 0.0376599 0.0390186 0.0394692 0.0390381 0.0378363 0.0359362 0.0333672 0.0302149 0.0265858 0.0225241 0.0180805 0.0133578 0.00842137 0.00329708 -0.00195196 -0.00726967 -0.0126321 -0.0179727 -0.0232109 -0.0283045 -0.0331937 -0.0378143 -0.0421407 -0.0461302 -0.0497323 -0.0529292 -0.0556889 -0.0579859 -0.0598293 -0.061216 -0.0621579 -0.062688 -0.0628211 -0.0625907 -0.0620339 -0.0611739 -0.0600558 -0.0587138 -0.0571808 -0.055503 -0.0537073 -0.0518312 -0.049907 -0.0479547 -0.0460064 -0.0440755 -0.0421809 -0.0403392 -0.0385549 -0.0368441 -0.0352069 -0.0336503 -0.0321779 -0.0307862 -0.0294813 -0.0282551 -0.0271108 -0.0260428 -0.0250476 -0.0241248 -0.0232656 -0.0224724 -0.0217354 -0.0210559 -0.0204271 -0.0198467 -0.0193122 -0.0188178 -0.0183647 -0.0179449 -0.0175613 -0.0172061 -0.0168817 -0.0165823 -0.0163088 -0.0160576 -0.0158278 -0.0156186 -0.0154269 -0.0152542 -0.0150962 -0.0149558 -0.0148279 -0.0147164 -0.0146159 -0.0145307 -0.0144555 -0.0143947 -0.0143432 -0.0143056 -0.0142768 -0.0142615 -0.0142548 -0.0142615 -0.0142768 -0.0143056 -0.0143432 -0.0143947 -0.0144555 -0.0145307 -0.0146159 -0.0147164 -0.0148279 -0.0149558 -0.0150962 -0.0152542 -0.0154269 -0.0156186 -0.0158278 -0.0160576 -0.0163088 -0.0165823 -0.0168817 -0.0172061 -0.0175613 -0.0179449 -0.0183647 -0.0188178 -0.0193122 -0.0198467 -0.0204271 -0.0210559 -0.0217354 -0.0224724 -0.0232656 -0.0241248 -0.0250476 -0.0260428 -0.0271108 -0.0282551 -0.0294813 -0.0307862 -0.0321779 -0.0336503 -0.0352069 -0.0368441 -0.0385549 -0.0403392 -0.0421809 -0.0440755 -0.0460064 -0.0479547 -0.049907 -0.0518312 -0.0537073 -0.055503 -0.0571808 -0.0587138 -0.0600558 -0.0611739 -0.0620339 -0.0625907 -0.0628211 -0.062688 -0.0621579 -0.061216 -0.0598293 -0.0579859 -0.0556887 -0.0529287 -0.0497309 -0.0461266 -0.042132 -0.0377941 -0.0331493 -0.0282119 -0.0230287 -0.0176335 -0.0120345 -0.0062721 -0.000369049 0.00569536 0.0119137 0.0182854 0.0248741 0.0317388 0.0389242 0.0465218 0.054592 0.0630879 0.0719612 0.0812229 0.0908285 0.100625 0.11043 0.120051 0.129245 0.137737 0.145273 0.151595 0.15644 0.159618 
0 0.0049288 0.00969819 0.0142334 0.018479 0.022314 0.025614 0.0283448 0.0305101 0.0320646 0.0329613 0.0332117 0.0328294 0.0318115 0.0302149 0.0281206 0.0255302 0.0224411 0.0189452 0.0151285 0.0110103 0.00663873 0.002072 -0.00268676 -0.00759941 -0.0125792 -0.0175854 -0.0225714 -0.0274532 -0.0321913 -0.0367456 -0.0410414 -0.045047 -0.0487306 -0.0520379 -0.0549592 -0.057477 -0.0595629 -0.0612304 -0.0624754 -0.063301 -0.0637423 -0.0638102 -0.0635377 -0.0629664 -0.0621153 -0.0610311 -0.0597439 -0.0582795 -0.0566825 -0.0549705 -0.0531792 -0.0513375 -0.0494619 -0.0475873 -0.0457227 -0.0438907 -0.0421064 -0.0403732 -0.0387101 -0.037112 -0.0355904 -0.0341446 -0.032773 -0.0314821 -0.0302617 -0.0291198 -0.0280465 -0.0270442 -0.0261093 -0.025236 -0.0244275 -0.0236724 -0.0229767 -0.0223284 -0.0217319 -0.0211787 -0.0206687 -0.0201989 -0.0197644 -0.019367 -0.0189983 -0.0186634 -0.0183523 -0.0180714 -0.017811 -0.017577 -0.0173615 -0.0171688 -0.0169932 -0.0168374 -0.0166979 -0.0165755 -0.0164689 -0.0163774 -0.0163013 -0.0162387 -0.0161914 -0.0161567 -0.016137 -0.0161295 -0.016137 -0.0161567 -0.0161914 -0.0162387 -0.0163013 -0.0163774 -0.0164689 -0.0165755 -0.0166979 -0.0168374 -0.0169932 -0.0171688 -0.0173615 -0.017577 -0.017811 -0.0180714 -0.0183523 -0.0186634 -0.0189983 -0.019367 -0.0197644 -0.0201989 -0.0206687 -0.0211787 -0.0217319 -0.0223284 -0.0229767 -0.0236724 -0.0244275 -0.025236 -0.0261093 -0.0270442 -0.0280465 -0.0291198 -0.0302617 -0.0314821 -0.032773 -0.0341446 -0.0355904 -0.037112 -0.0387101 -0.0403732 -0.0421064 -0.0438907 -0.0457227 -0.0475873 -0.0494619 -0.0513375 -0.0531792 -0.0549705 -0.0566825 -0.0582795 -0.0597439 -0.0610311 -0.0621153 -0.0629664 -0.0635377 -0.0638102 -0.0637423 -0.063301 -0.0624754 -0.0612304 -0.0595629 -0.057477 -0.0549591 -0.0520375 -0.0487296 -0.0450443 -0.0410346 -0.0367296 -0.0321557 -0.0273779 -0.0224207 -0.0173 -0.0120681 -0.00673205 -0.00128882 0.00422055 0.00980629 0.0155241 0.021398 0.0274959 0.0339437 0.0408055 0.0481099 0.0559333 0.0643146 0.0732093 0.0825925 0.092447 0.102631 0.112898 0.12302 0.132771 0.141844 0.149892 0.156616 0.161784 0.165196 
0 0.00329787 0.00653374 0.009691 0.0127508 0.0156509 0.0183269 0.0207376 0.022835 0.0245718 0.0259256 0.0268515 0.0272694 0.0271631 0.0265858 0.0255302 0.0239471 0.021874 0.0193765 0.016457 0.0131548 0.00955888 0.00568563 0.00154135 -0.00280155 -0.00731335 -0.0119835 -0.0167255 -0.0214771 -0.0262069 -0.0308268 -0.035283 -0.0395574 -0.0435815 -0.0473224 -0.050766 -0.0538528 -0.0565696 -0.0589076 -0.060832 -0.0623626 -0.0635021 -0.0642493 -0.064646 -0.0646976 -0.0644322 -0.063891 -0.0630833 -0.0620575 -0.0608392 -0.0594519 -0.0579428 -0.0563223 -0.0546291 -0.0528866 -0.0511075 -0.0493275 -0.0475472 -0.0457935 -0.0440754 -0.0423984 -0.0407832 -0.0392209 -0.0377313 -0.0363074 -0.0349549 -0.0336777 -0.0324665 -0.0313331 -0.0302616 -0.0292628 -0.0283243 -0.0274487 -0.0266328 -0.0258693 -0.0251637 -0.0245018 -0.0238938 -0.0233238 -0.0228016 -0.0223143 -0.0218676 -0.0214542 -0.0210741 -0.0207265 -0.0204058 -0.0201164 -0.019849 -0.0196114 -0.0193921 -0.019201 -0.0190254 -0.0188763 -0.018741 -0.0186307 -0.0185329 -0.0184588 -0.0183966 -0.0183572 -0.0183292 -0.0183235 -0.0183292 -0.0183572 -0.0183966 -0.0184588 -0.0185329 -0.0186307 -0.018741 -0.0188763 -0.0190254 -0.019201 -0.0193921 -0.0196114 -0.019849 -0.0201164 -0.0204058 -0.0207265 -0.0210741 -0.0214542 -0.0218676 -0.0223143 -0.0228016 -0.0233238 -0.0238938 -0.0245018 -0.0251637 -0.0258693 -0.0266328 -0.0274487 -0.0283243 -0.0292628 -0.0302616 -0.0313331 -0.0324665 -0.0336777 -0.0349549 -0.0363074 -0.0377313 -0.0392209 -0.0407832 -0.0423984 -0.0440754 -0.0457935 -0.0475472 -0.0493275 -0.0511075 -0.0528866 -0.0546291 -0.0563223 -0.0579428 -0.0594519 -0.0608392 -0.0620575 -0.0630833 -0.063891 -0.0644322 -0.0646976 -0.064646 -0.0642493 -0.0635021 -0.0623626 -0.060832 -0.0589076 -0.0565695 -0.0538527 -0.0507657 -0.0473216 -0.0435794 -0.0395522 -0.0352706 -0.0307986 -0.0261464 -0.0213539 -0.0164884 -0.0115514 -0.00656768 -0.00157993 0.00344765 0.00853394 0.0136627 0.018903 0.0243455 0.0300413 0.0361056 0.0426713 0.0497634 0.0573928 0.0656426 0.0745524 0.0840668 0.0941038 0.104529 0.115104 0.125566 0.135664 0.145081 0.15343 0.160388 0.165736 0.169272 
0 0.00159906 0.00325674 0.00499557 0.00681755 0.00873905 0.0107653 0.0128344 0.0148507 0.0167678 0.0185539 0.020107 0.0213118 0.0221275 0.0225241 0.0224411 0.021874 0.0208463 0.0193139 0.0172684 0.0148077 0.0119851 0.00880077 0.0053222 0.00158929 -0.00242131 -0.00664883 -0.0110169 -0.015516 -0.0200737 -0.0246089 -0.0291117 -0.0335133 -0.0377439 -0.0417968 -0.0456064 -0.0491281 -0.0523655 -0.0552632 -0.0578095 -0.0600108 -0.0618254 -0.0632743 -0.0643609 -0.065074 -0.0654605 -0.0655207 -0.0652824 -0.0647909 -0.0640479 -0.0631063 -0.0619844 -0.060702 -0.0593063 -0.0577968 -0.056217 -0.0545815 -0.0529042 -0.0512219 -0.0495281 -0.0478589 -0.0462135 -0.0446046 -0.0430497 -0.041538 -0.0400958 -0.0387059 -0.0373863 -0.03613 -0.0349366 -0.0338146 -0.0327476 -0.0317533 -0.03081 -0.0299338 -0.0291082 -0.02834 -0.0276237 -0.0269541 -0.0263369 -0.0257574 -0.0252289 -0.0247315 -0.0242818 -0.0238594 -0.0234796 -0.0231252 -0.0228078 -0.0225153 -0.0222543 -0.022018 -0.0218084 -0.0216237 -0.0214617 -0.0213247 -0.0212074 -0.0211152 -0.0210406 -0.0209911 -0.0209581 -0.02095 -0.0209581 -0.0209911 -0.0210406 -0.0211152 -0.0212074 -0.0213247 -0.0214617 -0.0216237 -0.0218084 -0.022018 -0.0222543 -0.0225153 -0.0228078 -0.0231252 -0.0234796 -0.0238594 -0.0242818 -0.0247315 -0.0252289 -0.0257574 -0.0263369 -0.0269541 -0.0276237 -0.02834 -0.0291082 -0.0299338 -0.03081 -0.0317533 -0.0327476 -0.0338146 -0.0349366 -0.03613 -0.0373863 -0.0387059 -0.0400958 -0.041538 -0.0430497 -0.0446046 -0.0462135 -0.0478589 -0.0495281 -0.0512219 -0.0529042 -0.0545815 -0.056217 -0.0577968 -0.0593063 -0.060702 -0.0619844 -0.0631063 -0.0640479 -0.0647909 -0.0652824 -0.0655207 -0.0654605 -0.065074 -0.0643609 -0.0632743 -0.0618254 -0.0600108 -0.0578095 -0.0552632 -0.0523654 -0.0491279 -0.0456059 -0.0417953 -0.03774 -0.0335037 -0.0290897 -0.0245609 -0.0199744 -0.0153214 -0.0106561 -0.00601525 -0.00136549 0.00326353 0.00786009 0.012502 0.0172189 0.0220412 0.0271011 0.0325005 0.0382893 0.0445847 0.0514916 0.0590211 0.0672083 0.0761233 0.0857283 0.0958767 0.106404 0.117112 0.127728 0.137952 0.147455 0.15588 0.162906 0.168288 0.171821 
0 -8.97376e-05 -1.67411e-05 0.000289815 0.00087062 0.00180909 0.00315484 0.00484084 0.00675828 0.00884137 0.0110129 0.0131412 0.0150996 0.0167819 0.0180805 0.0189452 0.0193765 0.0193139 0.0186898 0.0175495 0.0159441 0.0138667 0.0113832 0.00857497 0.00542408 0.00196099 -0.00172978 -0.00565628 -0.00979155 -0.0140392 -0.0183879 -0.0227944 -0.0271562 -0.0314625 -0.0356683 -0.0396915 -0.0435398 -0.047164 -0.0505074 -0.0535866 -0.0563449 -0.0587635 -0.0608619 -0.0625929 -0.0639835 -0.065043 -0.0657528 -0.0661666 -0.066275 -0.0661034 -0.065696 -0.0650433 -0.064205 -0.0631895 -0.0620196 -0.0607432 -0.0593513 -0.0578973 -0.056382 -0.054826 -0.0532607 -0.0516736 -0.0501092 -0.0485513 -0.0470267 -0.0455405 -0.044089 -0.0426994 -0.0413482 -0.0400674 -0.0388343 -0.0376673 -0.0365599 -0.0355083 -0.0345248 -0.0335878 -0.0327209 -0.0318953 -0.0311353 -0.0304156 -0.0297527 -0.0291317 -0.028557 -0.0280265 -0.0275324 -0.0270841 -0.0266641 -0.0262901 -0.0259386 -0.0256321 -0.0253444 -0.0250997 -0.0248714 -0.024684 -0.0245118 -0.0243782 -0.0242592 -0.0241771 -0.0241095 -0.0240775 -0.0240598 -0.0240775 -0.0241095 -0.0241771 -0.0242592 -0.0243782 -0.0245118 -0.024684 -0.0248714 -0.0250997 -0.0253444 -0.0256321 -0.0259386 -0.0262901 -0.0266641 -0.0270841 -0.0275324 -0.0280265 -0.028557 -0.0291317 -0.0297527 -0.0304156 -0.0311353 -0.0318953 -0.0327209 -0.0335878 -0.0345248 -0.0355083 -0.0365599 -0.0376673 -0.0388343 -0.0400674 -0.0413482 -0.0426994 -0.044089 -0.0455405 -0.0470267 -0.0485513 -0.0501092 -0.0516736 -0.0532607 -0.054826 -0.056382 -0.0578973 -0.0593513 -0.0607432 -0.0620196 -0.0631895 -0.064205 -0.0650433 -0.065696 -0.0661034 -0.066275 -0.0661666 -0.0657528 -0.065043 -0.0639835 -0.0625929 -0.0608618 -0.0587635 -0.0563449 -0.0535865 -0.0505074 -0.0471638 -0.0435394 -0.0396904 -0.0356654 -0.0314553 -0.0271392 -0.0227568 -0.0183088 -0.0138816 -0.00949413 -0.00512443 -0.000827701 0.00341575 0.00766352 0.0118846 0.0161135 0.0204571 0.0249572 0.0297 0.0348491 0.0404801 0.0466254 0.0533922 0.0608693 0.0690729 0.0780121 0.0876403 0.0977984 0.108299 0.118962 0.129525 0.139645 0.148993 0.157273 0.164189 0.169458 0.172869 
