0 0 0 0 0 0 0 0 0 0 0 0 0 0 0 0 0 0 0 0 0 0 0 0 0 0 0 0 0 0 0 0 0 0 0 0 0 0 0 0 0 0 0 0 0 0 0 0 0 0 0 0 0 0 0 0 0 0 0 0 0 0 0 0 0 0 0 0 0 0 0 0 0 0 0 0 0 0 0 0 0 0 0 0 0 0 0 0 0 0 0 0 0 0 0 0 0 0 0 0 0 0 0 0 0 0 0 0 0 0 0 0 0 0 0 0 0 0 0 0 0 0 0 0 0 0 0 0 0 0 0 0 0 0 0 0 0 0 0 0 0 0 0 0 0 0 0 0 0 0 0 0 0 0 0 0 0 0 0 0 0 0 0 0 0 0 0 0 0 0 0 0 0 0 0 0 0 0 0 0 0 0 0 0 0 0 0 0 0 0 0 0 0 0 0 0 0 0 0 0 
0 0.000451865 0.000802252 0.00119652 0.00169151 0.0021682 0.00264363 0.00318538 0.0037183 0.00421215 0.00471295 0.00517126 0.00552314 0.00574625 0.00579307 0.00565706 0.00532517 0.00472023 0.00387304 0.0028531 0.00161104 0.000171482 -0.00134592 -0.00287991 -0.00435925 -0.00572985 -0.00695849 -0.00793402 -0.00861497 -0.00903756 -0.009192 -0.00909989 -0.0087683 -0.00820605 -0.00751042 -0.00673892 -0.00593663 -0.00514904 -0.00436714 -0.00363367 -0.0029768 -0.00240516 -0.00194808 -0.00157383 -0.00127568 -0.0010391 -0.000837097 -0.00068458 -0.0005585 -0.000466893 -0.000405693 -0.000358471 -0.000337566 -0.000318335 -0.000311888 -0.000307614 -0.000301506 -0.000302708 -0.000294585 -0.000294814 -0.000287609 -0.000283979 -0.000280274 -0.000273424 -0.000273292 -0.000265909 -0.000267525 -0.000262319 -0.000263536 -0.000261869 -0.000261385 -0.000262997 -0.00026066 -0.000264217 -0.0002607 -0.000264575 -0.000260841 -0.000263724 -0.000260604 -0.000261773 -0.00025976 -0.000259067 -0.000258307 -0.000256004 -0.000256392 -0.00025293 -0.000254228 -0.000250086 -0.000252029 -0.000247618 -0.000249972 -0.000245587 -0.000248185 -0.000244005 -0.000246748 -0.000242854 -0.000245705 -0.000242108 -0.000245074 -0.000241742 -0.000244863 -0.000241742 -0.000245074 -0.000242108 -0.000245705 -0.000242854 -0.000246748 -0.000244005 -0.000248185 -0.000245587 -0.000249972 -0.000247618 -0.000252029 -0.000250086 -0.000254228 -0.00025293 -0.000256392 -0.000256004 -0.000258307 -0.000259067 -0.00025976 -0.000261773 -0.000260604 -0.000263724 -0.000260841 -0.000264575 -0.0002607 -0.000264217 -0.00026066 -0.000262997 -0.000261385 -0.000261869 -0.000263536 -0.000262319 -0.000267525 -0.000265908 -0.000273291 -0.00027342 -0.000280263 -0.000283946 -0.000287518 -0.000294569 -0.000293958 -0.000301178 -0.000297945 -0.000299721 -0.000295235 -0.000284929 -0.000273904 -0.000243309 -0.000208017 -0.000144827 -5.97424e-05 5.18079e-05 0.000204943 0.000385165 0.000622935 0.000918509 0.00129485 0.00178126 0.00236153 0.00304566 0.00379182 0.00457028 0.00538248 0.00619147 0.00699232 0.00772301 0.0082914 0.00866627 0.00879902 0.00868632 0.00831915 0.00762696 0.00663545 0.00540758 0.00399463 0.00247621 0.000866986 -0.000772708 -0.00229818 -0.00368239 -0.00492446 -0.00595127 -0.0067362 -0.00726694 -0.00755927 -0.00768864 -0.00764077 -0.00740768 -0.00711453 -0.00677583 -0.00632123 -0.00586795 -0.00550736 -0.00512923 -0.00474504 -0.00449333 -0.00431361 -0.004111 
0 0.000802252 0.00162335 0.00249614 0.00340648 0.00433455 0.00531651 0.00636254 0.00742121 0.0084475 0.00940743 0.0102579 0.0109351 0.0113434 0.0114277 0.0111684 0.010469 0.00925564 0.00759056 0.00551852 0.00304247 0.000248574 -0.00272986 -0.0057429 -0.00865258 -0.0113795 -0.0137905 -0.0157188 -0.0171033 -0.0179356 -0.0182392 -0.0180529 -0.0173817 -0.0163046 -0.0149543 -0.0134418 -0.0118782 -0.0103081 -0.0087644 -0.00731192 -0.00598916 -0.00485236 -0.00391675 -0.0031578 -0.00256089 -0.00207728 -0.00169088 -0.00138621 -0.00114309 -0.000967773 -0.000835353 -0.000746226 -0.000687019 -0.000643858 -0.000621298 -0.000599892 -0.00059039 -0.000580931 -0.00057412 -0.000572063 -0.000565538 -0.000566576 -0.000561053 -0.000561177 -0.000557541 -0.000554516 -0.000552664 -0.000546523 -0.000545485 -0.000537805 -0.000536407 -0.000529134 -0.000526588 -0.000521145 -0.000517285 -0.000514222 -0.0005094 -0.000508511 -0.000503334 -0.000503973 -0.000499059 -0.000500467 -0.000496275 -0.000497803 -0.000494585 -0.000495791 -0.000493609 -0.000494265 -0.000493052 -0.000493098 -0.000492713 -0.000492202 -0.000492478 -0.000491519 -0.000492298 -0.000491021 -0.000492161 -0.000490692 -0.000492072 -0.000490529 -0.000492042 -0.000490529 -0.000492072 -0.000490692 -0.000492161 -0.000491021 -0.000492298 -0.000491519 -0.000492478 -0.000492202 -0.000492713 -0.000493098 -0.000493052 -0.000494265 -0.000493609 -0.000495791 -0.000494585 -0.000497803 -0.000496275 -0.000500467 -0.000499059 -0.000503973 -0.000503334 -0.000508511 -0.0005094 -0.000514222 -0.000517285 -0.000521145 -0.000526588 -0.000529134 -0.000536407 -0.000537805 -0.000545485 -0.000546523 -0.000552664 -0.000554515 -0.000557538 -0.000561168 -0.000561025 -0.000566494 -0.000565313 -0.000571472 -0.000572638 -0.000577379 -0.000582269 -0.000582191 -0.00058455 -0.00057126 -0.000550645 -0.000502779 -0.000422413 -0.000301848 -0.000120355 0.000114668 0.000425096 0.000810339 0.00128787 0.00189502 0.00265223 0.00360805 0.00476271 0.00609499 0.00757132 0.00912482 0.010735 0.0123614 0.013933 0.0153553 0.0164716 0.0171808 0.017435 0.0171876 0.0164149 0.0150598 0.0131223 0.0107199 0.00795836 0.00493502 0.00175863 -0.00144603 -0.0044865 -0.00723128 -0.00965565 -0.0116836 -0.0132331 -0.0143164 -0.0149717 -0.0152386 -0.0151536 -0.0147587 -0.0141634 -0.0134636 -0.012665 -0.0118187 -0.0110259 -0.0102947 -0.00961661 -0.00905575 -0.00863419 -0.00832925 
0 0.00119652 0.00249614 0.00381567 0.00513722 0.00656125 0.008062 0.00956852 0.0111064 0.0126257 0.0140065 0.0152109 0.0161561 0.0166987 0.0167832 0.0163265 0.0152039 0.0134166 0.0109744 0.00786905 0.00422067 0.000152595 -0.00420619 -0.00861383 -0.0128914 -0.0168845 -0.020364 -0.0231912 -0.025264 -0.0265134 -0.0269965 -0.0267323 -0.0257675 -0.024247 -0.0222923 -0.0200868 -0.0177808 -0.0154384 -0.0131677 -0.0110215 -0.00906868 -0.00738923 -0.00597167 -0.00482863 -0.00391118 -0.00316646 -0.00258334 -0.00210614 -0.00174307 -0.0014688 -0.00126375 -0.00113267 -0.00103286 -0.000977881 -0.000937668 -0.000910529 -0.000898407 -0.00087911 -0.000875958 -0.000861852 -0.000857386 -0.000849916 -0.000840831 -0.000839105 -0.00082704 -0.000827606 -0.000816192 -0.000815333 -0.000807502 -0.000803155 -0.000799827 -0.000792061 -0.000792283 -0.000782646 -0.000784506 -0.000774993 -0.000776588 -0.000768822 -0.000768856 -0.000763721 -0.000761662 -0.000759314 -0.000755265 -0.000755349 -0.000749787 -0.000751707 -0.000745236 -0.000748367 -0.000741548 -0.000745364 -0.000738626 -0.000742758 -0.000736372 -0.000740606 -0.000734701 -0.000738955 -0.00073355 -0.000737838 -0.000732876 -0.000737275 -0.000732654 -0.000737275 -0.000732876 -0.000737838 -0.00073355 -0.000738955 -0.000734701 -0.000740606 -0.000736372 -0.000742758 -0.000738626 -0.000745364 -0.000741548 -0.000748367 -0.000745236 -0.000751707 -0.000749787 -0.000755349 -0.000755265 -0.000759314 -0.000761662 -0.000763721 -0.000768856 -0.000768822 -0.000776588 -0.000774993 -0.000784506 -0.000782646 -0.000792283 -0.000792061 -0.000799827 -0.000803155 -0.000807502 -0.000815333 -0.000816191 -0.000827604 -0.000827033 -0.000839084 -0.00084077 -0.000849746 -0.000856931 -0.000860688 -0.000873112 -0.000872462 -0.000883577 -0.000878974 -0.000873671 -0.000854252 -0.000805503 -0.000734736 -0.000600691 -0.00041593 -0.000146237 0.000215808 0.00067175 0.00126457 0.00199176 0.00291899 0.00408372 0.0055123 0.00724111 0.00920913 0.0113843 0.0136985 0.01607 0.0184625 0.0207379 0.0227579 0.0243674 0.0253845 0.0257439 0.0253607 0.0241593 0.0221501 0.0193306 0.0158135 0.0117748 0.00733189 0.0026917 -0.00193293 -0.00638747 -0.0104598 -0.0140188 -0.0170122 -0.0193385 -0.0209938 -0.0220375 -0.0224713 -0.0223933 -0.0219368 -0.0211334 -0.0200979 -0.0189949 -0.0178289 -0.0166273 -0.0155485 -0.0146257 -0.0137923 -0.0131252 -0.0127126 
0 0.00169151 0.00340648 0.00513722 0.00694262 0.00886973 0.0108443 0.0128114 0.0147817 0.0166996 0.0184608 0.0199583 0.0210674 0.0216927 0.0217113 0.0209573 0.0193993 0.0170521 0.01383 0.00976927 0.00504406 -0.000213514 -0.00580488 -0.011484 -0.0170278 -0.022137 -0.0265854 -0.0302483 -0.0329562 -0.0346442 -0.0353208 -0.0350002 -0.0338244 -0.0319264 -0.0294558 -0.02664 -0.0236224 -0.0205644 -0.0176003 -0.0147916 -0.012256 -0.0100311 -0.00814014 -0.00659833 -0.00533246 -0.00432662 -0.00351955 -0.00287149 -0.00238082 -0.00199371 -0.00172339 -0.00152964 -0.00139649 -0.00132011 -0.00125832 -0.00123206 -0.00120388 -0.00118795 -0.00117605 -0.00115713 -0.00115217 -0.00113205 -0.00112738 -0.0011118 -0.00110362 -0.00109576 -0.00108381 -0.00108268 -0.0010693 -0.00107129 -0.00105955 -0.00106077 -0.00105284 -0.0010508 -0.00104729 -0.00104134 -0.00104152 -0.00103247 -0.00103487 -0.00102426 -0.00102734 -0.00101675 -0.0010193 -0.00100995 -0.00101123 -0.00100385 -0.0010036 -0.000998476 -0.000996761 -0.000993829 -0.000990915 -0.00098993 -0.000986158 -0.000986796 -0.000982508 -0.000984437 -0.00097994 -0.000982862 -0.000978418 -0.000982074 -0.000977915 -0.000982074 -0.000978418 -0.000982862 -0.00097994 -0.000984437 -0.000982508 -0.000986796 -0.000986158 -0.00098993 -0.000990915 -0.000993829 -0.000996761 -0.000998476 -0.0010036 -0.00100385 -0.00101123 -0.00100995 -0.0010193 -0.00101675 -0.00102734 -0.00102426 -0.00103487 -0.00103247 -0.00104152 -0.00104134 -0.00104729 -0.0010508 -0.00105284 -0.00106077 -0.00105955 -0.00107129 -0.0010693 -0.00108268 -0.00108381 -0.00109575 -0.00110361 -0.00111176 -0.00112726 -0.00113172 -0.00115131 -0.00115498 -0.00117095 -0.00117637 -0.00117876 -0.00118007 -0.00115571 -0.00112707 -0.00105035 -0.000938021 -0.000758684 -0.000490351 -0.000135299 0.000357361 0.00097551 0.00177201 0.00278239 0.00404057 0.00562874 0.00754415 0.00981441 0.0124045 0.0152341 0.0182646 0.021368 0.0244416 0.0273449 0.0298669 0.0318672 0.0331542 0.0335664 0.0330172 0.0313988 0.0287389 0.0251181 0.0205991 0.0153767 0.00966886 0.00371307 -0.0022036 -0.00790996 -0.0132171 -0.0178661 -0.0217574 -0.0248632 -0.0271269 -0.02857 -0.0292531 -0.0292828 -0.0288207 -0.0279326 -0.0266871 -0.0252887 -0.0238545 -0.0223827 -0.0209832 -0.0197772 -0.018751 -0.0179137 -0.0173279 
0 0.0021682 0.00433455 0.00656125 0.00886973 0.0112222 0.0136209 0.0160516 0.0184241 0.0206734 0.0227197 0.0243868 0.0255637 0.0261815 0.0260289 0.0249542 0.0229712 0.0200098 0.0160128 0.0110948 0.00538804 -0.000911714 -0.00755178 -0.0143431 -0.0209639 -0.0270434 -0.0323893 -0.0367973 -0.0400952 -0.0422152 -0.0430715 -0.042752 -0.0414342 -0.0392353 -0.036377 -0.0330398 -0.0294028 -0.0257135 -0.0220892 -0.0186728 -0.015568 -0.0127945 -0.0104355 -0.00845768 -0.00683994 -0.00555763 -0.00451501 -0.00371133 -0.00307541 -0.00258687 -0.00223724 -0.00196628 -0.00179674 -0.0016685 -0.00158819 -0.00154012 -0.0014951 -0.00148178 -0.00145327 -0.00144706 -0.00143214 -0.00142063 -0.00141685 -0.00139889 -0.00140021 -0.00138064 -0.00138005 -0.00136439 -0.00135751 -0.00134865 -0.00133509 -0.00133261 -0.00131503 -0.00131629 -0.0012985 -0.00130034 -0.00128562 -0.00128558 -0.00127581 -0.00127265 -0.00126824 -0.00126185 -0.00126216 -0.00125318 -0.00125699 -0.0012464 -0.00125243 -0.00124119 -0.00124834 -0.00123721 -0.00124471 -0.00123421 -0.0012416 -0.00123197 -0.00123909 -0.00123037 -0.00123723 -0.00122933 -0.0012361 -0.00122882 -0.00123572 -0.00122882 -0.0012361 -0.00122933 -0.00123723 -0.00123037 -0.00123909 -0.00123197 -0.0012416 -0.00123421 -0.00124471 -0.00123721 -0.00124834 -0.00124119 -0.00125243 -0.0012464 -0.00125699 -0.00125318 -0.00126216 -0.00126185 -0.00126824 -0.00127265 -0.00127581 -0.00128558 -0.00128562 -0.00130034 -0.0012985 -0.00131629 -0.00131503 -0.00133261 -0.00133509 -0.00134865 -0.00135751 -0.00136439 -0.00138004 -0.00138063 -0.00140018 -0.00139881 -0.00141661 -0.00142 -0.00143055 -0.00144324 -0.00144446 -0.00146235 -0.00145422 -0.00145797 -0.00143069 -0.00138045 -0.00129411 -0.00112892 -0.000903329 -0.000549904 -8.24622e-05 0.000540719 0.00135946 0.00238003 0.00369849 0.00532509 0.00732733 0.00973567 0.0125105 0.0156709 0.0191207 0.0227914 0.0265768 0.0302584 0.0336864 0.0366354 0.0389088 0.0403664 0.0407654 0.0399807 0.0379637 0.0347056 0.0303511 0.0249862 0.0187438 0.0119438 0.00486158 -0.00222539 -0.00903958 -0.0154002 -0.0210488 -0.0257843 -0.0296206 -0.0325219 -0.0344368 -0.035474 -0.0357406 -0.035335 -0.034428 -0.0331376 -0.0315711 -0.0299113 -0.0282643 -0.0266542 -0.0251797 -0.0239515 -0.0229837 -0.0222752 
0 0.00264363 0.00531651 0.008062 0.0108443 0.0136209 0.016432 0.0192533 0.0219609 0.0244654 0.0266654 0.0284138 0.0295938 0.0300488 0.029607 0.0282011 0.0257429 0.0221395 0.0174577 0.0117819 0.00522324 -0.00194742 -0.00950471 -0.0172106 -0.0246707 -0.0315805 -0.0376834 -0.0427161 -0.0465609 -0.0490666 -0.0501466 -0.0499338 -0.048541 -0.0461577 -0.0430059 -0.0392242 -0.0350887 -0.0308274 -0.0266151 -0.0226581 -0.0190003 -0.0157299 -0.0128981 -0.0104743 -0.00850086 -0.00689088 -0.00560848 -0.00461294 -0.00381261 -0.00322308 -0.0027636 -0.00243351 -0.0022088 -0.0020367 -0.00194441 -0.00186199 -0.00182154 -0.00178822 -0.00175789 -0.00174911 -0.0017193 -0.00171747 -0.00169307 -0.00168651 -0.00167274 -0.00165722 -0.00165382 -0.00163184 -0.00163388 -0.00161128 -0.00161262 -0.00159487 -0.00159117 -0.00158112 -0.00157102 -0.0015686 -0.00155329 -0.00155639 -0.00153846 -0.00154422 -0.00152645 -0.00153225 -0.00151681 -0.00152085 -0.00150902 -0.00151039 -0.00150263 -0.00150116 -0.00149731 -0.0014933 -0.00149287 -0.00148686 -0.00148922 -0.00148183 -0.00148634 -0.00147814 -0.00148426 -0.00147572 -0.001483 -0.00147453 -0.00148257 -0.00147453 -0.001483 -0.00147572 -0.00148426 -0.00147814 -0.00148634 -0.00148183 -0.00148922 -0.00148686 -0.00149287 -0.0014933 -0.00149731 -0.00150116 -0.00150263 -0.00151039 -0.00150902 -0.00152085 -0.00151681 -0.00153225 -0.00152645 -0.00154422 -0.00153846 -0.00155639 -0.00155329 -0.0015686 -0.00157102 -0.00158112 -0.00159117 -0.00159487 -0.00161262 -0.00161128 -0.00163388 -0.00163184 -0.00165381 -0.0016572 -0.00167268 -0.00168635 -0.00169262 -0.00171632 -0.00171648 -0.00174251 -0.00174312 -0.00175664 -0.001757 -0.0017361 -0.00171002 -0.00162015 -0.00150171 -0.00128565 -0.000977527 -0.000550389 5.08398e-05 0.000810621 0.00182595 0.00310629 0.00472491 0.00675314 0.00917886 0.0120684 0.0153636 0.019045 0.0230829 0.0273255 0.0316691 0.0358674 0.0396789 0.042938 0.0453925 0.046884 0.0472127 0.0461705 0.0437607 0.0399951 0.0349637 0.0288538 0.0218004 0.0140998 0.0061065 -0.00193448 -0.00970299 -0.0169244 -0.0234302 -0.0290052 -0.0335449 -0.0370583 -0.0395184 -0.0409898 -0.0415918 -0.0413968 -0.0405852 -0.0393658 -0.0378077 -0.0360252 -0.0342288 -0.0325131 -0.0309007 -0.0294921 -0.0283878 -0.0276182 
0 0.00318538 0.00636254 0.00956852 0.0128114 0.0160516 0.0192533 0.0223705 0.0253133 0.0279618 0.0302123 0.031963 0.033019 0.0331786 0.0323897 0.0305793 0.0275787 0.0233861 0.0181013 0.0117641 0.00453417 -0.00335319 -0.0116655 -0.0200354 -0.0281371 -0.0357092 -0.0423931 -0.0479635 -0.0522676 -0.0551095 -0.0564882 -0.0564472 -0.0550795 -0.052635 -0.0492595 -0.0451682 -0.0406493 -0.0358984 -0.0312075 -0.0267385 -0.0225732 -0.0188405 -0.0155202 -0.0126764 -0.0103109 -0.00835526 -0.00682158 -0.00558764 -0.00463344 -0.00390718 -0.00333581 -0.00294349 -0.00263702 -0.00244083 -0.00230587 -0.0022047 -0.00215817 -0.0020984 -0.00208028 -0.00204454 -0.00202406 -0.00200775 -0.00197814 -0.0019748 -0.00194263 -0.00194254 -0.0019172 -0.00191195 -0.00189885 -0.00188496 -0.0018836 -0.00186269 -0.00186835 -0.00184499 -0.00185173 -0.00183077 -0.00183381 -0.00181865 -0.00181551 -0.00180748 -0.00179789 -0.0017966 -0.00178182 -0.00178582 -0.00176779 -0.00177531 -0.00175597 -0.00176537 -0.00174629 -0.00175635 -0.00173857 -0.00174853 -0.0017326 -0.00174213 -0.00172816 -0.00173725 -0.00172511 -0.00173398 -0.00172331 -0.00173234 -0.00172273 -0.00173234 -0.00172331 -0.00173398 -0.00172511 -0.00173725 -0.00172816 -0.00174213 -0.0017326 -0.00174853 -0.00173857 -0.00175635 -0.00174629 -0.00176537 -0.00175597 -0.00177531 -0.00176779 -0.00178582 -0.00178182 -0.0017966 -0.00179789 -0.00180748 -0.00181551 -0.00181865 -0.00183381 -0.00183077 -0.00185173 -0.00184499 -0.00186835 -0.00186269 -0.0018836 -0.00188496 -0.00189885 -0.00191195 -0.00191718 -0.0019425 -0.00194251 -0.00197448 -0.00197731 -0.0020057 -0.00201919 -0.00203346 -0.00205621 -0.0020484 -0.00205898 -0.00201681 -0.00196602 -0.00185364 -0.00166687 -0.00140771 -0.000999493 -0.000477695 0.000248715 0.00118929 0.00239592 0.00397027 0.00591337 0.00833554 0.0112179 0.0145571 0.0183685 0.0225496 0.0270939 0.031849 0.03661 0.0411921 0.0452828 0.0487015 0.0512434 0.0526519 0.0527998 0.0515038 0.0487088 0.0444991 0.0389102 0.03215 0.0244822 0.016124 0.0074196 -0.0013283 -0.00984184 -0.0177821 -0.0249809 -0.0313133 -0.0365609 -0.0406676 -0.043701 -0.045691 -0.0467157 -0.0468956 -0.0463664 -0.0453126 -0.0438752 -0.0421558 -0.0403229 -0.0385387 -0.0368852 -0.0354313 -0.0342475 -0.0333893 
0 0.0037183 0.00742121 0.0111064 0.0147817 0.0184241 0.0219609 0.0253133 0.0283984 0.0311014 0.0333093 0.0348911 0.0356582 0.035483 0.0343072 0.0319996 0.028463 0.0237387 0.0178832 0.011004 0.00326946 -0.00515752 -0.0139579 -0.0227618 -0.0313377 -0.0393667 -0.0465048 -0.0525249 -0.0571733 -0.0603433 -0.0620342 -0.062199 -0.0609833 -0.0585598 -0.0550834 -0.0508483 -0.0460528 -0.0409623 -0.0358745 -0.0309232 -0.0263071 -0.0220903 -0.0183036 -0.0150447 -0.0122578 -0.00997994 -0.00815279 -0.006684 -0.0055669 -0.00467024 -0.00400291 -0.00349952 -0.0031155 -0.00286888 -0.00266706 -0.00255732 -0.00246744 -0.0024093 -0.0023805 -0.0023357 -0.00233122 -0.00229449 -0.00228965 -0.00226617 -0.00224918 -0.00224039 -0.0022114 -0.00221207 -0.00217864 -0.0021804 -0.00215148 -0.00214743 -0.00212893 -0.0021161 -0.00210943 -0.00208881 -0.00209166 -0.00206668 -0.0020749 -0.00204964 -0.00205901 -0.00203686 -0.00204416 -0.00202725 -0.00203065 -0.0020198 -0.00201871 -0.00201376 -0.00200848 -0.00200868 -0.00199999 -0.00200438 -0.0019932 -0.0020008 -0.00198804 -0.00199801 -0.00198442 -0.00199609 -0.00198228 -0.00199511 -0.00198157 -0.00199511 -0.00198228 -0.00199609 -0.00198442 -0.00199801 -0.00198804 -0.0020008 -0.0019932 -0.00200438 -0.00199999 -0.00200868 -0.00200848 -0.00201376 -0.00201871 -0.0020198 -0.00203065 -0.00202725 -0.00204416 -0.00203686 -0.00205901 -0.00204964 -0.0020749 -0.00206668 -0.00209166 -0.00208881 -0.00210943 -0.0021161 -0.00212893 -0.00214743 -0.00215147 -0.0021804 -0.00217863 -0.00221206 -0.00221137 -0.00224031 -0.00224895 -0.00226559 -0.00228817 -0.00229094 -0.00232301 -0.00231759 -0.00234225 -0.00233212 -0.00231872 -0.00228359 -0.00218576 -0.00205972 -0.00181274 -0.0014857 -0.00100298 -0.000343221 0.000508581 0.001663 0.00311301 0.00498747 0.00731605 0.0101203 0.0134589 0.0172445 0.0215061 0.0261692 0.0311241 0.0362822 0.0413639 0.0461684 0.0504478 0.0539133 0.0564008 0.0576452 0.0574883 0.0558855 0.0527398 0.0481165 0.0421172 0.0348916 0.0267725 0.0180007 0.00880575 -0.000453533 -0.00948023 -0.0179928 -0.0257542 -0.0326591 -0.0385483 -0.043287 -0.046924 -0.0495096 -0.0510733 -0.0517397 -0.0516414 -0.0508983 -0.0496929 -0.0482016 -0.0465301 -0.0447867 -0.0431345 -0.0417069 -0.0405339 -0.0396434 
0 0.00421215 0.0084475 0.0126257 0.0166996 0.0206734 0.0244654 0.0279618 0.0311014 0.0337777 0.0358139 0.0370721 0.0374709 0.036908 0.0352439 0.0323957 0.028367 0.0231617 0.0168372 0.00955148 0.00143836 -0.00730755 -0.016354 -0.0254288 -0.0342675 -0.0425447 -0.0499952 -0.056309 -0.0612431 -0.0647512 -0.066743 -0.0672014 -0.0662282 -0.0639027 -0.0604759 -0.0561925 -0.0512478 -0.0459629 -0.0405412 -0.0352121 -0.030185 -0.0255038 -0.0213044 -0.0176016 -0.0144104 -0.0117828 -0.00961421 -0.00791067 -0.00656753 -0.00550828 -0.00472162 -0.00409095 -0.00365098 -0.00331715 -0.00308035 -0.00293489 -0.0028078 -0.00275375 -0.00268646 -0.00265737 -0.0026273 -0.00259406 -0.00258658 -0.00254728 -0.00254746 -0.00251172 -0.00250667 -0.00248332 -0.00246654 -0.00245794 -0.00243035 -0.00243261 -0.00240005 -0.00240623 -0.00237577 -0.0023793 -0.00235635 -0.00235314 -0.00234019 -0.00232905 -0.00232593 -0.00230793 -0.0023127 -0.00229014 -0.00230018 -0.00227558 -0.00228838 -0.00226393 -0.00227755 -0.00225475 -0.00226794 -0.00224765 -0.00225982 -0.00224229 -0.00225336 -0.00223844 -0.00224868 -0.00223594 -0.00224585 -0.00223472 -0.0022449 -0.00223472 -0.00224585 -0.00223594 -0.00224868 -0.00223844 -0.00225336 -0.00224229 -0.00225982 -0.00224765 -0.00226794 -0.00225475 -0.00227755 -0.00226393 -0.00228838 -0.00227558 -0.00230018 -0.00229014 -0.0023127 -0.00230793 -0.00232593 -0.00232905 -0.00234019 -0.00235314 -0.00235635 -0.0023793 -0.00237577 -0.00240623 -0.00240005 -0.00243261 -0.00243035 -0.00245794 -0.00246653 -0.0024833 -0.00250662 -0.00251156 -0.00254706 -0.00254623 -0.00258402 -0.00258806 -0.00261384 -0.00262847 -0.00262717 -0.00263749 -0.00259002 -0.00254512 -0.00241344 -0.00222488 -0.00193483 -0.00149589 -0.000928645 -0.000121934 0.000903848 0.0022582 0.00400462 0.00617807 0.00889416 0.0121036 0.0158529 0.0201037 0.0247799 0.0298747 0.0352002 0.0406184 0.0459129 0.0507957 0.0550917 0.0585009 0.0607821 0.0617693 0.0612759 0.059305 0.0558442 0.0508746 0.0445566 0.0370641 0.0286546 0.0196344 0.0102063 0.000664216 -0.00865854 -0.0175419 -0.025755 -0.0331087 -0.0395184 -0.0448949 -0.0491778 -0.0523845 -0.054573 -0.0558416 -0.0562961 -0.0560439 -0.0552493 -0.0540928 -0.0527046 -0.0511949 -0.049688 -0.0483153 -0.0471958 -0.0464009 
0 0.00471295 0.00940743 0.0140065 0.0184608 0.0227197 0.0266654 0.0302123 0.0333093 0.0358139 0.0375543 0.038447 0.0384248 0.0373593 0.0351415 0.0317667 0.0272712 0.0216685 0.0150159 0.00743942 -0.000887137 -0.00972953 -0.0188557 -0.0280192 -0.0369092 -0.045268 -0.052837 -0.0593075 -0.0645066 -0.0683133 -0.070623 -0.0714427 -0.0707546 -0.0686588 -0.0653999 -0.0611639 -0.0562284 -0.0508386 -0.0451933 -0.0395882 -0.0341724 -0.0291005 -0.0244948 -0.0203558 -0.0167857 -0.013756 -0.0112542 -0.00926858 -0.00766782 -0.00644726 -0.00548893 -0.00475525 -0.00422383 -0.00380419 -0.003536 -0.00332239 -0.00318864 -0.00309775 -0.00301707 -0.00298504 -0.00292588 -0.00291044 -0.00286991 -0.00284911 -0.00282925 -0.00279769 -0.00279426 -0.00275722 -0.00276033 -0.00272678 -0.00272624 -0.00270316 -0.00269282 -0.00268257 -0.00266157 -0.00266219 -0.00263366 -0.00264071 -0.00260958 -0.00261818 -0.00258916 -0.00259545 -0.0025719 -0.00257361 -0.00255724 -0.00255361 -0.00254469 -0.00253608 -0.00253394 -0.0025213 -0.00252483 -0.00250934 -0.00251732 -0.00250007 -0.00251142 -0.00249334 -0.00250716 -0.00248897 -0.00250458 -0.00248682 -0.00250372 -0.00248682 -0.00250458 -0.00248897 -0.00250716 -0.00249334 -0.00251142 -0.00250007 -0.00251732 -0.00250934 -0.00252483 -0.0025213 -0.00253394 -0.00253608 -0.00254469 -0.00255361 -0.00255724 -0.00257361 -0.0025719 -0.00259545 -0.00258916 -0.00261818 -0.00260958 -0.00264071 -0.00263366 -0.00266219 -0.00266157 -0.00268257 -0.00269282 -0.00270316 -0.00272624 -0.00272678 -0.00276032 -0.00275719 -0.00279416 -0.00279741 -0.00282852 -0.00284729 -0.00286558 -0.00290056 -0.00290432 -0.00294005 -0.00292731 -0.00292661 -0.0028768 -0.00277919 -0.00263057 -0.00235749 -0.00200182 -0.00146195 -0.000756031 0.000183053 0.00143123 0.003008 0.00505685 0.0075789 0.0106503 0.0142856 0.018427 0.0231037 0.0281963 0.0336323 0.0392651 0.04484 0.0501915 0.0550491 0.0591872 0.0623937 0.0643735 0.0649914 0.0641514 0.0618051 0.0580132 0.0527871 0.0462485 0.0386293 0.0301253 0.0210044 0.0115454 0.00197917 -0.00744055 -0.016501 -0.0250038 -0.032734 -0.0395819 -0.0455099 -0.0504348 -0.0542982 -0.0571604 -0.0591293 -0.0602681 -0.0606597 -0.0604545 -0.0597829 -0.0587747 -0.0576192 -0.0564407 -0.0552885 -0.0542991 -0.053609 
0 0.00517126 0.0102579 0.0152109 0.0199583 0.0243868 0.0284138 0.031963 0.0348911 0.0370721 0.038447 0.038921 0.038378 0.0367589 0.034023 0.0301643 0.0252467 0.0193195 0.012425 0.00470489 -0.00362682 -0.0123871 -0.0214087 -0.0304533 -0.0392456 -0.0475333 -0.0550637 -0.0616192 -0.0670109 -0.0710608 -0.0736948 -0.0748617 -0.0745257 -0.0727933 -0.0698074 -0.0657813 -0.0609775 -0.0555769 -0.0498384 -0.0440023 -0.0382611 -0.0328425 -0.0278248 -0.0233039 -0.0193431 -0.0159233 -0.0130969 -0.0107819 -0.00893703 -0.00750118 -0.00635793 -0.00550458 -0.00483351 -0.00434315 -0.00399136 -0.00372415 -0.00356577 -0.00342934 -0.00336002 -0.0032966 -0.00325178 -0.00322709 -0.00318285 -0.00317409 -0.00313123 -0.00312197 -0.00308857 -0.00306957 -0.00305039 -0.00302038 -0.00301396 -0.00297772 -0.00297821 -0.00294289 -0.00294351 -0.00291526 -0.00291096 -0.00289315 -0.00288168 -0.00287467 -0.00285636 -0.00285837 -0.00283514 -0.00284337 -0.00281774 -0.00282937 -0.00280366 -0.00281638 -0.00279236 -0.00280465 -0.00278336 -0.00279444 -0.00277631 -0.002786 -0.00277098 -0.00277954 -0.00276724 -0.00277516 -0.00276501 -0.00277296 -0.00276427 -0.00277296 -0.00276501 -0.00277516 -0.00276724 -0.00277954 -0.00277098 -0.002786 -0.00277631 -0.00279444 -0.00278336 -0.00280465 -0.00279236 -0.00281638 -0.00280366 -0.00282937 -0.00281774 -0.00284337 -0.00283514 -0.00285837 -0.00285636 -0.00287467 -0.00288168 -0.00289315 -0.00291096 -0.00291526 -0.00294351 -0.00294289 -0.00297821 -0.00297772 -0.00301396 -0.00302037 -0.00305037 -0.00306949 -0.00308837 -0.00312146 -0.00312995 -0.003171 -0.0031757 -0.00321122 -0.00321808 -0.00322818 -0.00322721 -0.0031829 -0.00312863 -0.00298229 -0.00278522 -0.00246008 -0.00200091 -0.00138106 -0.000519012 0.000582441 0.00205106 0.00391944 0.00627313 0.00918539 0.0126334 0.0166688 0.0212218 0.0262602 0.03172 0.0374217 0.043223 0.0488702 0.054142 0.0588519 0.0627333 0.0655837 0.0671835 0.0673712 0.0661233 0.0634105 0.0592749 0.0538314 0.0472062 0.0395904 0.0311737 0.0221581 0.0128192 0.00339892 -0.00593694 -0.0150156 -0.0236293 -0.0315975 -0.0388112 -0.045196 -0.0506918 -0.0552575 -0.0588784 -0.0615995 -0.0634986 -0.0646482 -0.0651574 -0.0651473 -0.0647212 -0.0640382 -0.0632692 -0.0624942 -0.0617763 -0.0612156 
0 0.00552314 0.0109351 0.0161561 0.0210674 0.0255637 0.0295938 0.033019 0.0356582 0.0374709 0.0384248 0.038378 0.0372651 0.0351089 0.0318882 0.0276162 0.0223604 0.0161746 0.00916439 0.00148775 -0.00670318 -0.015245 -0.0239836 -0.0327451 -0.0412766 -0.0493301 -0.056722 -0.0632712 -0.0687743 -0.0730542 -0.0759897 -0.0775078 -0.0775976 -0.0762926 -0.0736941 -0.0700006 -0.0654089 -0.0601287 -0.0543951 -0.0484185 -0.0424589 -0.0367216 -0.0313455 -0.0264604 -0.0220955 -0.0183077 -0.0151088 -0.0124568 -0.0103395 -0.00864689 -0.00733024 -0.00631303 -0.00551973 -0.00494136 -0.00449348 -0.00418683 -0.00396395 -0.00380634 -0.00371089 -0.00362365 -0.00358339 -0.00352979 -0.00350237 -0.00347005 -0.0034381 -0.00342108 -0.00338327 -0.00337431 -0.00333674 -0.00332786 -0.00329735 -0.00328279 -0.00326314 -0.00324103 -0.00323208 -0.0032041 -0.00320279 -0.00317258 -0.00317475 -0.00314624 -0.00314812 -0.00312433 -0.00312337 -0.00310597 -0.003101 -0.00309041 -0.00308137 -0.00307711 -0.00306465 -0.00306575 -0.00305083 -0.00305623 -0.00303983 -0.00304851 -0.00303148 -0.00304265 -0.00302565 -0.00303869 -0.0030222 -0.00303671 -0.00302106 -0.00303671 -0.0030222 -0.00303869 -0.00302565 -0.00304265 -0.00303148 -0.00304851 -0.00303983 -0.00305623 -0.00305083 -0.00306575 -0.00306465 -0.00307711 -0.00308137 -0.00309041 -0.003101 -0.00310597 -0.00312337 -0.00312433 -0.00314812 -0.00314624 -0.00317475 -0.00317258 -0.00320279 -0.0032041 -0.00323208 -0.00324103 -0.00326314 -0.00328279 -0.00329735 -0.00332784 -0.00333669 -0.00337418 -0.00338292 -0.00342019 -0.00343592 -0.00346493 -0.00349084 -0.00350488 -0.00353191 -0.0035219 -0.00351859 -0.00345887 -0.00336336 -0.0031927 -0.00291471 -0.00252887 -0.00195863 -0.00121081 -0.000198054 0.00112537 0.00282759 0.00501301 0.00770615 0.0109828 0.0148289 0.019229 0.024167 0.0295461 0.0352844 0.0411954 0.0470584 0.0526651 0.0577731 0.0621895 0.0656969 0.068074 0.0691769 0.0689034 0.067219 0.0641402 0.0597232 0.0541094 0.0474809 0.0399892 0.031777 0.0230387 0.0139933 0.00483687 -0.00426528 -0.0131798 -0.0217524 -0.0298224 -0.0372976 -0.0440824 -0.0500823 -0.0553001 -0.0597132 -0.0632473 -0.0659565 -0.0679568 -0.0692973 -0.0700677 -0.070403 -0.0703889 -0.0701292 -0.0697766 -0.0694319 -0.0691484 
0 0.00574625 0.0113434 0.0166987 0.0216927 0.0261815 0.0300488 0.0331786 0.035483 0.036908 0.0373593 0.0367589 0.0351089 0.0324278 0.0287599 0.0241599 0.0186497 0.0123387 0.00539555 -0.0021014 -0.0100377 -0.0182334 -0.0265721 -0.0348966 -0.0429952 -0.0507068 -0.0578631 -0.0643037 -0.0698667 -0.0743337 -0.0775522 -0.0794546 -0.0799927 -0.0791751 -0.0770611 -0.0737725 -0.0694999 -0.0644425 -0.0588042 -0.0528148 -0.046714 -0.0407279 -0.0350495 -0.0298012 -0.0250634 -0.0208943 -0.0173077 -0.0143147 -0.0118751 -0.00992383 -0.00839781 -0.00720098 -0.00628648 -0.00558678 -0.00506089 -0.00468298 -0.00440056 -0.00421341 -0.00407208 -0.00397793 -0.00390938 -0.00385113 -0.00381601 -0.00377124 -0.00374852 -0.00371316 -0.00369166 -0.00366641 -0.00364131 -0.0036253 -0.00359651 -0.00358639 -0.00355671 -0.00354811 -0.00352113 -0.00351045 -0.00348891 -0.00347428 -0.00345934 -0.00344065 -0.00343202 -0.00341041 -0.00340683 -0.00338401 -0.00338387 -0.00336152 -0.00336332 -0.00334275 -0.00334537 -0.00332741 -0.00333015 -0.00331516 -0.00331773 -0.0033057 -0.00330812 -0.00329879 -0.0033013 -0.00329428 -0.00329723 -0.00329205 -0.00329587 -0.00329205 -0.00329723 -0.00329428 -0.0033013 -0.00329879 -0.00330812 -0.0033057 -0.00331773 -0.00331516 -0.00333015 -0.00332741 -0.00334537 -0.00334275 -0.00336332 -0.00336152 -0.00338387 -0.00338401 -0.00340683 -0.00341041 -0.00343202 -0.00344065 -0.00345934 -0.00347428 -0.00348891 -0.00351045 -0.00352113 -0.00354811 -0.00355671 -0.00358638 -0.0035965 -0.00362527 -0.00364122 -0.00366617 -0.00369105 -0.00371165 -0.00374491 -0.00376297 -0.00379784 -0.00381289 -0.00383243 -0.0038298 -0.00379939 -0.00373317 -0.00359088 -0.00337414 -0.00302746 -0.00254006 -0.00186461 -0.000953344 0.00023773 0.00179867 0.00378709 0.0062877 0.00934848 0.0129852 0.0172055 0.0219705 0.0272384 0.0329212 0.038868 0.0448842 0.0507335 0.0561851 0.0610291 0.065052 0.0680499 0.0698657 0.0703941 0.0696012 0.0674874 0.0640604 0.0594223 0.0537341 0.0471544 0.0398514 0.0319485 0.0235947 0.0149854 0.00623811 -0.00251784 -0.0111196 -0.0194969 -0.0275686 -0.0352015 -0.0422984 -0.0487651 -0.0545542 -0.0596685 -0.0640441 -0.0676525 -0.0705727 -0.0728431 -0.0745029 -0.0756776 -0.0764521 -0.0768781 -0.0770831 -0.0771866 -0.07724 
0 0.00579307 0.0114277 0.0167832 0.0217113 0.0260289 0.029607 0.0323897 0.0343072 0.0352439 0.0351415 0.034023 0.0318882 0.0287599 0.0247391 0.0198746 0.0142199 0.00795039 0.00118702 -0.00601888 -0.0135439 -0.0212765 -0.0290956 -0.0368422 -0.0444331 -0.0517383 -0.0585762 -0.0648461 -0.0703726 -0.0749445 -0.0784339 -0.0807104 -0.0817244 -0.081465 -0.0798984 -0.0771166 -0.0732593 -0.0684958 -0.0630539 -0.0571283 -0.0509639 -0.0448113 -0.0388665 -0.033307 -0.0282247 -0.0236853 -0.0197356 -0.016377 -0.0136043 -0.011363 -0.00958317 -0.00819168 -0.00710949 -0.00628158 -0.00565623 -0.00519269 -0.0048594 -0.00462246 -0.00445779 -0.00434398 -0.0042609 -0.00420175 -0.00415207 -0.00411191 -0.0040756 -0.00404048 -0.00401078 -0.00397758 -0.00395181 -0.00392149 -0.00389783 -0.00387201 -0.00384923 -0.00382868 -0.00380632 -0.00379063 -0.00376901 -0.00375695 -0.00373684 -0.0037269 -0.00370909 -0.00369996 -0.00368506 -0.00367589 -0.00366414 -0.00365454 -0.00364589 -0.00363588 -0.0036301 -0.00361991 -0.00361665 -0.00360662 -0.00360554 -0.00359601 -0.00359681 -0.00358807 -0.00359053 -0.00358278 -0.00358673 -0.00358014 -0.00358547 -0.00358014 -0.00358673 -0.00358278 -0.00359053 -0.00358807 -0.00359681 -0.00359601 -0.00360554 -0.00360662 -0.00361665 -0.00361991 -0.0036301 -0.00363588 -0.00364589 -0.00365454 -0.00366414 -0.00367589 -0.00368506 -0.00369996 -0.00370909 -0.0037269 -0.00373684 -0.00375695 -0.00376901 -0.00379063 -0.00380632 -0.00382868 -0.00384923 -0.00387201 -0.00389782 -0.00392143 -0.00395165 -0.00397717 -0.00400975 -0.00403797 -0.00406974 -0.00409883 -0.00412405 -0.00414433 -0.00414829 -0.00413273 -0.00407863 -0.00397108 -0.00378701 -0.00349746 -0.00307551 -0.00248318 -0.00167882 -0.000611957 0.000789671 0.00259656 0.00489067 0.00773524 0.0111595 0.0151804 0.0197659 0.024883 0.0304618 0.0363707 0.0424493 0.0484568 0.0541675 0.059368 0.0638268 0.0673653 0.0697875 0.0709753 0.0709141 0.0695768 0.0670076 0.063265 0.0584386 0.052731 0.04628 0.0392124 0.0317065 0.0238565 0.0157647 0.00753618 -0.000766564 -0.00900225 -0.0170836 -0.0250164 -0.0326895 -0.0399738 -0.0468239 -0.0531568 -0.0589052 -0.0640665 -0.0686077 -0.0724884 -0.0757234 -0.0783648 -0.0804734 -0.0821025 -0.0833306 -0.0842519 -0.084897 -0.0852912 
0 0.00565706 0.0111684 0.0163265 0.0209573 0.0249542 0.0282011 0.0305793 0.0319996 0.0323957 0.0317667 0.0301643 0.0276162 0.0241599 0.0198746 0.0148551 0.00923249 0.00312759 -0.00337337 -0.0101598 -0.0171653 -0.0243294 -0.0314993 -0.0386074 -0.0456373 -0.0524491 -0.0589292 -0.0649594 -0.0703563 -0.0750026 -0.0787242 -0.0813615 -0.0828781 -0.0831715 -0.0821981 -0.0799968 -0.0766155 -0.0722539 -0.0670949 -0.0613243 -0.055209 -0.0489523 -0.0428101 -0.0369763 -0.0315567 -0.0266737 -0.0223469 -0.0186232 -0.0155066 -0.012944 -0.0109068 -0.00928762 -0.00803099 -0.00706213 -0.00631625 -0.00576904 -0.00535594 -0.00506949 -0.00486212 -0.00471787 -0.00461972 -0.0045409 -0.0044895 -0.00443795 -0.00440163 -0.00436296 -0.00432967 -0.00429893 -0.00426617 -0.00424067 -0.00420946 -0.004187 -0.00415888 -0.00413788 -0.00411372 -0.00409342 -0.00407328 -0.00405365 -0.00403699 -0.0040184 -0.00400448 -0.00398737 -0.0039755 -0.00396024 -0.00394992 -0.00393669 -0.00392763 -0.00391647 -0.00390853 -0.00389939 -0.00389256 -0.00388531 -0.00387962 -0.00387414 -0.00386963 -0.00386581 -0.00386255 -0.00386027 -0.00385831 -0.00385751 -0.00385691 -0.00385751 -0.00385831 -0.00386027 -0.00386255 -0.00386581 -0.00386963 -0.00387414 -0.00387962 -0.00388531 -0.00389256 -0.00389939 -0.00390853 -0.00391647 -0.00392763 -0.00393669 -0.00394992 -0.00396024 -0.0039755 -0.00398737 -0.00400448 -0.0040184 -0.00403699 -0.00405365 -0.00407328 -0.00409342 -0.00411372 -0.00413787 -0.00415887 -0.00418699 -0.00420942 -0.00424057 -0.0042659 -0.00429823 -0.00432794 -0.00435887 -0.00439233 -0.0044177 -0.00444723 -0.00445644 -0.00445823 -0.00442242 -0.00434473 -0.00420153 -0.00395888 -0.00360616 -0.00308438 -0.00238089 -0.00142616 -0.00016789 0.0014611 0.00356195 0.00617512 0.00938162 0.0131783 0.0175579 0.022505 0.0279274 0.0337646 0.0398355 0.0459359 0.0518548 0.057324 0.0621717 0.0661721 0.069123 0.0709186 0.0714508 0.0707585 0.0688858 0.0658541 0.0618118 0.0568747 0.0511878 0.0449254 0.0381724 0.0310881 0.0237972 0.0162891 0.008624 0.000874189 -0.00692066 -0.0146761 -0.022356 -0.0299291 -0.0373049 -0.0444283 -0.0512274 -0.0575877 -0.0634708 -0.0688627 -0.0736933 -0.0779218 -0.0815756 -0.0846874 -0.0872729 -0.0893655 -0.0910165 -0.0922549 -0.0931039 
0 0.00532517 0.010469 0.0152039 0.0193993 0.0229712 0.0257429 0.0275787 0.028463 0.028367 0.0272712 0.0252467 0.0223604 0.0186497 0.0142199 0.00923249 0.00379627 -0.00202978 -0.00813915 -0.0144258 -0.020851 -0.0273377 -0.0338047 -0.0402483 -0.0466298 -0.052894 -0.0589666 -0.0646787 -0.0699284 -0.0746114 -0.0785178 -0.0815252 -0.0835054 -0.0843316 -0.0839781 -0.0823681 -0.0795493 -0.0756782 -0.0708772 -0.0653859 -0.0593965 -0.0531262 -0.0468637 -0.040775 -0.0350647 -0.029836 -0.025138 -0.0210608 -0.0175709 -0.0146932 -0.012365 -0.0105025 -0.00906194 -0.0079202 -0.0070603 -0.00639863 -0.00590469 -0.00555499 -0.00528736 -0.00511821 -0.00498031 -0.00489499 -0.00482491 -0.00476881 -0.00473151 -0.00468382 -0.00465997 -0.00461748 -0.00459598 -0.00456063 -0.00453588 -0.00450882 -0.00447955 -0.00445981 -0.00442765 -0.00441284 -0.0043807 -0.00436817 -0.00433881 -0.00432651 -0.0043018 -0.00428862 -0.00426935 -0.00425499 -0.00424112 -0.00422584 -0.00421678 -0.00420114 -0.00419608 -0.00418068 -0.00417883 -0.00416419 -0.00416488 -0.00415137 -0.00415414 -0.00414198 -0.00414651 -0.00413583 -0.00414196 -0.00413279 -0.00414044 -0.00413279 -0.00414196 -0.00413583 -0.00414651 -0.00414198 -0.00415414 -0.00415137 -0.00416488 -0.00416419 -0.00417883 -0.00418068 -0.00419608 -0.00420114 -0.00421678 -0.00422584 -0.00424112 -0.00425499 -0.00426935 -0.00428862 -0.0043018 -0.00432651 -0.00433881 -0.00436817 -0.0043807 -0.00441284 -0.00442765 -0.0044598 -0.00447954 -0.0045088 -0.00453581 -0.00456045 -0.00459552 -0.00461632 -0.00465716 -0.00467731 -0.00471707 -0.00473812 -0.00476242 -0.00477321 -0.00475315 -0.0047126 -0.00459371 -0.00441747 -0.00411227 -0.00367676 -0.00306142 -0.00221001 -0.00109895 0.00038699 0.002278 0.00468689 0.00766105 0.011217 0.0153945 0.0201168 0.0253812 0.0310852 0.0370913 0.0432514 0.0492861 0.0550062 0.0601751 0.0645682 0.0680326 0.0703475 0.0714464 0.071324 0.0699876 0.0675617 0.0641169 0.0597971 0.0548032 0.0492185 0.0431717 0.036793 0.0301634 0.0233915 0.0164852 0.00942601 0.00227084 -0.00498528 -0.0123486 -0.019745 -0.0271332 -0.0345092 -0.0418185 -0.0489549 -0.0558255 -0.0623724 -0.068526 -0.0742276 -0.0794523 -0.0841419 -0.0882449 -0.0917893 -0.0947818 -0.0971872 -0.0990472 -0.100409 
0 0.00472023 0.00925564 0.0134166 0.0170521 0.0200098 0.0221395 0.0233861 0.0237387 0.0231617 0.0216685 0.0193195 0.0161746 0.0123387 0.00795039 0.00312759 -0.00202978 -0.00744583 -0.0130528 -0.0187618 -0.0244998 -0.0302482 -0.0360108 -0.0417604 -0.0474818 -0.0531789 -0.0587635 -0.064122 -0.0691862 -0.0738245 -0.0778946 -0.0812357 -0.0836441 -0.0850242 -0.0852704 -0.0842798 -0.0820878 -0.0787364 -0.0743837 -0.0692353 -0.0634421 -0.0572732 -0.0509456 -0.044689 -0.0387377 -0.0331794 -0.0281552 -0.0237007 -0.0198433 -0.0166241 -0.0139599 -0.0118447 -0.0101643 -0.00885016 -0.00785098 -0.00706549 -0.00650187 -0.00606592 -0.00576408 -0.00554806 -0.00538544 -0.005287 -0.00518968 -0.00513909 -0.00507399 -0.00503419 -0.00499013 -0.00494756 -0.00491924 -0.00487336 -0.00485487 -0.00481041 -0.00479531 -0.00475731 -0.00474052 -0.00471195 -0.0046909 -0.00467214 -0.00464673 -0.00463621 -0.00460796 -0.00460319 -0.00457427 -0.00457275 -0.0045452 -0.00454494 -0.00452029 -0.00452001 -0.00449915 -0.00449823 -0.00448151 -0.00447986 -0.00446718 -0.00446506 -0.00445608 -0.00445392 -0.00444817 -0.00444648 -0.00444342 -0.00444276 -0.00444184 -0.00444276 -0.00444342 -0.00444648 -0.00444817 -0.00445392 -0.00445608 -0.00446506 -0.00446718 -0.00447986 -0.00448151 -0.00449823 -0.00449915 -0.00452001 -0.00452029 -0.00454494 -0.0045452 -0.00457275 -0.00457427 -0.00460319 -0.00460796 -0.00463621 -0.00464673 -0.00467214 -0.0046909 -0.00471195 -0.00474052 -0.00475731 -0.0047953 -0.00481037 -0.00485476 -0.00487306 -0.00491846 -0.00494565 -0.00498563 -0.00502404 -0.00505201 -0.0050935 -0.0050991 -0.00511472 -0.00507171 -0.00500094 -0.00484948 -0.00459802 -0.00423436 -0.0036827 -0.00295629 -0.00194871 -0.000639502 0.00106593 0.00325815 0.00597082 0.00930472 0.0132211 0.0177413 0.0228182 0.0283602 0.0343069 0.040441 0.0465839 0.0524903 0.0579053 0.0626678 0.0665338 0.0693479 0.0709908 0.071381 0.0705951 0.0686764 0.0657216 0.0619065 0.0573758 0.0523197 0.0468625 0.0410693 0.0350692 0.0289367 0.0226879 0.0163496 0.00991581 0.00335893 -0.00335734 -0.0102618 -0.0173296 -0.0245134 -0.0317974 -0.0391631 -0.0465258 -0.0537887 -0.0608956 -0.067748 -0.0742358 -0.0803391 -0.0859987 -0.0910738 -0.0955272 -0.0993808 -0.102577 -0.105082 -0.106902 
