0 0 0 0 0 0 0 0 0 0 0 0 0 0 0 0 0 0 0 0 0 0 0 0 0 0 0 0 0 0 0 0 0 0 0 0 0 0 0 0 0 0 0 0 0 0 0 0 0 0 0 0 0 0 0 0 0 0 0 0 0 0 0 0 0 0 0 0 0 0 0 0 0 0 0 0 0 0 0 0 0 0 0 0 0 0 0 0 0 0 0 0 0 0 0 0 0 0 0 0 0 0 0 0 0 0 0 0 0 0 0 0 0 0 0 0 0 0 0 0 0 0 0 0 0 0 0 0 0 0 0 0 0 0 0 0 0 0 0 0 0 0 0 0 0 0 0 0 0 0 0 0 0 0 0 0 0 0 0 0 0 0 0 0 0 0 0 0 0 0 0 0 0 0 0 0 0 0 0 0 0 0 0 0 0 0 0 0 0 0 0 0 0 0 0 0 0 0 0 0 
0 0.000772706 0.00158866 0.00228382 0.00271199 0.00292047 0.00294601 0.00269938 0.00213288 0.00130024 0.000249688 -0.000994103 -0.00238623 -0.00385185 -0.00528911 -0.00662468 -0.0078449 -0.00890136 -0.00968919 -0.0101643 -0.0103576 -0.0103031 -0.0100262 -0.00953799 -0.00885596 -0.00805076 -0.00719857 -0.006338 -0.0054954 -0.00468277 -0.00391633 -0.00323421 -0.00265616 -0.0021847 -0.00181235 -0.00151111 -0.00126373 -0.00106061 -0.000891472 -0.000759922 -0.000661487 -0.000590792 -0.000546048 -0.00051561 -0.000496523 -0.000483363 -0.000470465 -0.00046021 -0.000448041 -0.000436823 -0.000426932 -0.000416984 -0.00041082 -0.0004048 -0.000401533 -0.000399351 -0.000397012 -0.000396179 -0.000393214 -0.000391047 -0.000386928 -0.000382302 -0.000377318 -0.000370915 -0.000365709 -0.000359135 -0.000354335 -0.000349048 -0.00034508 -0.000341766 -0.000338806 -0.000337339 -0.000335344 -0.000335099 -0.000333878 -0.00033411 -0.000333409 -0.000333526 -0.000333099 -0.000332766 -0.000332423 -0.000331552 -0.000331175 -0.000329847 -0.000329388 -0.000327767 -0.000327232 -0.000325497 -0.000324925 -0.000323231 -0.000322676 -0.000321137 -0.000320654 -0.000319344 -0.000318983 -0.000317938 -0.000317744 -0.000316976 -0.000316985 -0.000316488 -0.000316729 -0.000316488 -0.000316985 -0.000316976 -0.000317744 -0.000317938 -0.000318983 -0.000319344 -0.000320654 -0.000321137 -0.000322676 -0.000323231 -0.000324925 -0.000325497 -0.000327232 -0.000327767 -0.000329388 -0.000329847 -0.000331175 -0.000331552 -0.000332423 -0.000332766 -0.000333099 -0.000333526 -0.000333409 -0.00033411 -0.000333878 -0.000335099 -0.000335344 -0.000337339 -0.000338806 -0.000341766 -0.00034508 -0.000349048 -0.000354335 -0.000359135 -0.000365709 -0.000370915 -0.000377318 -0.000382302 -0.000386928 -0.000391047 -0.000393214 -0.000396179 -0.000397012 -0.00039935 -0.000401531 -0.000404793 -0.000410797 -0.000416919 -0.000426749 -0.000436337 -0.000446812 -0.000457253 -0.000463711 -0.000468722 -0.000466429 -0.000457015 -0.000438062 -0.000402529 -0.000350959 -0.000274765 -0.000171408 -3.98986e-05 0.000129742 0.000341241 0.000612885 0.000968595 0.00142201 0.00198596 0.00264527 0.00336923 0.00414151 0.00494824 0.00578954 0.00665243 0.00746782 0.0081556 0.00865746 0.00894015 0.00900056 0.00880597 0.00829127 0.00745482 0.00635053 0.00501427 0.00346487 0.00172766 -0.0001242 -0.00196298 -0.00372737 -0.00544758 -0.0070786 -0.00850309 -0.00971591 -0.0107786 -0.0116523 -0.0122887 -0.0127589 -0.013116 
0 0.00158866 0.00306649 0.00430032 0.00518554 0.00565807 0.0056482 0.00509201 0.00397887 0.00235372 0.00029154 -0.00213564 -0.00485644 -0.00773223 -0.0105646 -0.0132148 -0.0156082 -0.0176321 -0.0191587 -0.0201284 -0.0205497 -0.0204699 -0.0199329 -0.01896 -0.0176185 -0.0160411 -0.0143561 -0.0126584 -0.0109991 -0.00939702 -0.00789228 -0.00653809 -0.00537093 -0.00441139 -0.00364239 -0.00302651 -0.002534 -0.0021336 -0.00180997 -0.00155605 -0.00135871 -0.00121358 -0.00110901 -0.00103386 -0.00098348 -0.000946649 -0.000921477 -0.000903648 -0.000888594 -0.000877989 -0.000866461 -0.000855935 -0.000844902 -0.00083203 -0.000820266 -0.000806411 -0.000794188 -0.000781906 -0.000770478 -0.000761243 -0.000751886 -0.000745455 -0.000738646 -0.000733749 -0.000728981 -0.000724326 -0.000720509 -0.000715381 -0.000711447 -0.000705774 -0.000701103 -0.000695208 -0.000689732 -0.000684042 -0.000678099 -0.000672944 -0.000667038 -0.000662585 -0.000657177 -0.000653446 -0.000648842 -0.00064576 -0.000642086 -0.000639539 -0.000636775 -0.00063465 -0.000632687 -0.000630889 -0.000629582 -0.00062804 -0.000627246 -0.000625913 -0.000625512 -0.000624359 -0.000624258 -0.000623271 -0.000623408 -0.000622579 -0.000622914 -0.000622242 -0.000622751 -0.000622242 -0.000622914 -0.000622579 -0.000623408 -0.000623271 -0.000624258 -0.000624359 -0.000625512 -0.000625913 -0.000627246 -0.00062804 -0.000629582 -0.000630889 -0.000632687 -0.00063465 -0.000636775 -0.000639539 -0.000642086 -0.00064576 -0.000648842 -0.000653446 -0.000657177 -0.000662585 -0.000667038 -0.000672944 -0.000678099 -0.000684042 -0.000689732 -0.000695208 -0.000701103 -0.000705774 -0.000711447 -0.000715381 -0.000720509 -0.000724326 -0.000728981 -0.000733749 -0.000738646 -0.000745455 -0.000751886 -0.000761243 -0.000770478 -0.000781906 -0.000794187 -0.000806409 -0.00082026 -0.000832011 -0.000844844 -0.000855768 -0.000866003 -0.000876799 -0.000885647 -0.000896712 -0.000905955 -0.000913654 -0.000916913 -0.000906496 -0.000878078 -0.000816833 -0.000712614 -0.000557078 -0.000338643 -5.76175e-05 0.000295174 0.000735418 0.00128683 0.00199473 0.00289327 0.00399743 0.00529579 0.0067395 0.00828723 0.00991411 0.0115892 0.0132635 0.0148298 0.0161473 0.0171185 0.0176845 0.0177941 0.0173814 0.0163601 0.0147087 0.012509 0.00984788 0.00677898 0.00338579 -0.000201571 -0.00383479 -0.00739046 -0.010796 -0.013971 -0.0168028 -0.0192477 -0.0213418 -0.0230786 -0.0244188 -0.0253936 -0.0260529 
0 0.00228382 0.00430032 0.00597935 0.00725155 0.0079072 0.00779866 0.00693408 0.00532174 0.00295901 -6.36048e-05 -0.00361226 -0.00755005 -0.0116784 -0.0157798 -0.0196713 -0.0231584 -0.0260665 -0.0282913 -0.0297505 -0.0304093 -0.0303184 -0.0295343 -0.0281227 -0.026213 -0.0239515 -0.021493 -0.0189872 -0.0165151 -0.014136 -0.0119202 -0.00991785 -0.00818293 -0.00674079 -0.00556393 -0.00462087 -0.00386332 -0.0032471 -0.00275613 -0.00236546 -0.00206447 -0.00184397 -0.00168118 -0.00156964 -0.00149136 -0.00143451 -0.0013965 -0.00136388 -0.00133977 -0.00131843 -0.00129739 -0.00128067 -0.00126096 -0.00124464 -0.00122733 -0.00121008 -0.00119546 -0.00117854 -0.00116564 -0.00115098 -0.0011387 -0.00112715 -0.00111515 -0.00110608 -0.0010948 -0.00108685 -0.00107688 -0.00106891 -0.00106053 -0.0010521 -0.00104514 -0.00103648 -0.00103047 -0.00102214 -0.00101659 -0.00100913 -0.00100371 -0.00099744 -0.000992033 -0.000987023 -0.000981677 -0.00097781 -0.000972666 -0.000969728 -0.000964946 -0.00096271 -0.000958419 -0.000956697 -0.000952977 -0.000951635 -0.00094852 -0.000947483 -0.000944966 -0.000944204 -0.000942256 -0.000941769 -0.000940346 -0.000940158 -0.000939209 -0.000939355 -0.000938832 -0.000939355 -0.000939209 -0.000940158 -0.000940346 -0.000941769 -0.000942256 -0.000944204 -0.000944966 -0.000947483 -0.00094852 -0.000951635 -0.000952977 -0.000956697 -0.000958419 -0.00096271 -0.000964946 -0.000969728 -0.000972666 -0.00097781 -0.000981677 -0.000987023 -0.000992033 -0.00099744 -0.00100371 -0.00100913 -0.00101659 -0.00102214 -0.00103047 -0.00103648 -0.00104514 -0.0010521 -0.00106053 -0.00106891 -0.00107688 -0.00108685 -0.0010948 -0.00110608 -0.00111515 -0.00112715 -0.0011387 -0.00115098 -0.00116564 -0.00117854 -0.00119546 -0.00121007 -0.00122732 -0.00124459 -0.00126083 -0.00128031 -0.00129644 -0.00131603 -0.00133402 -0.00135073 -0.0013679 -0.00137536 -0.00137517 -0.00135291 -0.00129742 -0.0011988 -0.00103351 -0.000795971 -0.000470683 -4.45637e-05 0.000489306 0.00116731 0.0020247 0.00310915 0.00447142 0.00611493 0.00802461 0.0101575 0.012449 0.0148604 0.017327 0.0197413 0.0219771 0.0238675 0.0252654 0.0260719 0.0261726 0.0254732 0.0239319 0.0215284 0.018309 0.0143851 0.00986875 0.0049129 -0.000294614 -0.00561185 -0.0108793 -0.0158853 -0.020507 -0.0247122 -0.0284164 -0.0315358 -0.0341015 -0.0361611 -0.0376828 -0.038658 
0 0.00271199 0.00518554 0.00725155 0.0087229 0.00939614 0.00917051 0.00802413 0.00593002 0.00289676 -0.000986118 -0.00554813 -0.0105424 -0.0157349 -0.0209465 -0.0259277 -0.0303728 -0.0340872 -0.0369579 -0.0388706 -0.0397784 -0.0397014 -0.038705 -0.0369388 -0.034563 -0.0317145 -0.0285737 -0.0253095 -0.0220527 -0.0189347 -0.0160364 -0.013416 -0.0111364 -0.00920457 -0.00760819 -0.0063178 -0.00526874 -0.00442474 -0.00375008 -0.00321179 -0.00280383 -0.0024977 -0.00227692 -0.00212637 -0.00201637 -0.00194205 -0.00188456 -0.00183635 -0.00179907 -0.00176065 -0.00173027 -0.00170116 -0.00167448 -0.00165419 -0.00163178 -0.00161601 -0.00159812 -0.00158211 -0.00156718 -0.00154902 -0.00153458 -0.0015154 -0.00149975 -0.00148181 -0.00146497 -0.00144985 -0.0014332 -0.00142115 -0.00140638 -0.00139667 -0.00138491 -0.00137652 -0.00136795 -0.00136011 -0.00135413 -0.00134649 -0.00134215 -0.00133472 -0.00133108 -0.00132406 -0.00132044 -0.00131406 -0.00131013 -0.00130457 -0.00130027 -0.00129563 -0.00129108 -0.00128737 -0.00128277 -0.00127998 -0.00127554 -0.00127361 -0.00126952 -0.0012684 -0.00126479 -0.00126443 -0.00126139 -0.00126176 -0.00125935 -0.00126041 -0.00125867 -0.00126041 -0.00125935 -0.00126176 -0.00126139 -0.00126443 -0.00126479 -0.0012684 -0.00126952 -0.00127361 -0.00127554 -0.00127998 -0.00128277 -0.00128737 -0.00129108 -0.00129563 -0.00130027 -0.00130457 -0.00131013 -0.00131406 -0.00132044 -0.00132406 -0.00133108 -0.00133472 -0.00134215 -0.00134649 -0.00135413 -0.00136011 -0.00136795 -0.00137652 -0.00138491 -0.00139667 -0.00140638 -0.00142115 -0.0014332 -0.00144985 -0.00146497 -0.00148181 -0.00149975 -0.0015154 -0.00153458 -0.00154902 -0.00156718 -0.00158211 -0.00159811 -0.001616 -0.00163175 -0.0016541 -0.00167421 -0.00170043 -0.00172842 -0.00175614 -0.00178858 -0.00181315 -0.0018357 -0.00184417 -0.00182991 -0.00178875 -0.00169565 -0.00154528 -0.00131581 -0.000987831 -0.000554934 1.60805e-05 0.000745939 0.00167578 0.00286753 0.00435743 0.00618889 0.008368 0.0108594 0.0136367 0.0166355 0.0197736 0.0229575 0.0260276 0.0288238 0.0311937 0.0329445 0.0339043 0.0339267 0.0328983 0.0308162 0.0277064 0.0235646 0.0184792 0.0126425 0.00626111 -0.000450526 -0.00729558 -0.0140849 -0.0205791 -0.0265962 -0.0320943 -0.0370004 -0.0411683 -0.0445798 -0.0473229 -0.0493955 -0.0507635 
0 0.00292047 0.00565807 0.0079072 0.00939614 0.0100047 0.00963278 0.00815972 0.00557649 0.001957 -0.00262658 -0.00799282 -0.0138474 -0.0199597 -0.0261073 -0.0319509 -0.0371774 -0.0415848 -0.0450059 -0.0473362 -0.0485182 -0.0485046 -0.0473849 -0.0453581 -0.0425851 -0.0392407 -0.0355172 -0.0315798 -0.0276325 -0.0238448 -0.0203032 -0.017096 -0.0142648 -0.0118191 -0.0097811 -0.00810999 -0.00675815 -0.00568569 -0.00482318 -0.00414487 -0.00361974 -0.00321217 -0.00291763 -0.00269962 -0.00254439 -0.00243938 -0.00235682 -0.00230205 -0.00225511 -0.00221513 -0.0021839 -0.00214753 -0.00211972 -0.00208742 -0.00205748 -0.0020307 -0.00199983 -0.00197726 -0.00194978 -0.00192891 -0.00190771 -0.00188718 -0.00187174 -0.00185196 -0.00183939 -0.00182157 -0.00180888 -0.00179383 -0.00177949 -0.00176707 -0.00175131 -0.00174069 -0.00172479 -0.00171497 -0.00170039 -0.00169065 -0.00167839 -0.00166847 -0.00165892 -0.00164894 -0.00164193 -0.00163222 -0.00162728 -0.0016182 -0.00161476 -0.00160663 -0.00160418 -0.00159717 -0.00159535 -0.00158953 -0.00158811 -0.00158345 -0.00158232 -0.00157875 -0.00157791 -0.0015753 -0.0015748 -0.00157304 -0.00157295 -0.00157192 -0.00157233 -0.00157192 -0.00157295 -0.00157304 -0.0015748 -0.0015753 -0.00157791 -0.00157875 -0.00158232 -0.00158345 -0.00158811 -0.00158953 -0.00159535 -0.00159717 -0.00160418 -0.00160663 -0.00161476 -0.0016182 -0.00162728 -0.00163222 -0.00164193 -0.00164894 -0.00165892 -0.00166847 -0.00167839 -0.00169065 -0.00170039 -0.00171497 -0.00172479 -0.00174069 -0.00175131 -0.00176707 -0.00177949 -0.00179383 -0.00180888 -0.00182157 -0.00183939 -0.00185196 -0.00187174 -0.00188718 -0.00190771 -0.00192891 -0.00194978 -0.00197726 -0.00199982 -0.00203068 -0.00205741 -0.00208722 -0.00211918 -0.00214613 -0.00218044 -0.00220697 -0.00223676 -0.0022628 -0.00227687 -0.00228442 -0.00225863 -0.00219816 -0.00207952 -0.00187579 -0.00158085 -0.0011557 -0.000588228 0.000150145 0.0011133 0.00233215 0.00387461 0.0057835 0.00806712 0.0107481 0.0137956 0.0171745 0.02084 0.0246533 0.0284577 0.0320763 0.0353058 0.037999 0.0399714 0.0409806 0.0408619 0.039515 0.0369051 0.0330837 0.0280799 0.0219648 0.0149756 0.00736809 -0.000659768 -0.00885796 -0.0169721 -0.0248081 -0.0321608 -0.0388544 -0.0448193 -0.0500031 -0.0543278 -0.057774 -0.0603782 -0.0621556 
0 0.00294601 0.0056482 0.00779866 0.00917051 0.00963278 0.00901437 0.00718155 0.00415959 3.29437e-05 -0.00509582 -0.0110326 -0.0175483 -0.0243918 -0.0312138 -0.0376767 -0.0435281 -0.0484994 -0.0523791 -0.0550806 -0.0565025 -0.0565938 -0.0554709 -0.0532882 -0.0502258 -0.046508 -0.0422992 -0.0377983 -0.0332591 -0.0288503 -0.024715 -0.0209528 -0.0175773 -0.0146354 -0.012142 -0.0100635 -0.00839008 -0.00704956 -0.0059791 -0.00514584 -0.00448293 -0.00397649 -0.00359797 -0.00330975 -0.00311224 -0.00296384 -0.0028585 -0.00278565 -0.00272 -0.002676 -0.00262981 -0.00258975 -0.00255506 -0.00251355 -0.00248343 -0.00244518 -0.00241435 -0.0023839 -0.00235167 -0.00232857 -0.00229806 -0.00227833 -0.00225298 -0.00223287 -0.00221373 -0.00219204 -0.00217747 -0.00215544 -0.0021426 -0.00212234 -0.00210888 -0.00209198 -0.00207693 -0.00206381 -0.00204755 -0.0020376 -0.00202127 -0.00201339 -0.00199825 -0.00199135 -0.00197834 -0.00197164 -0.00196123 -0.00195433 -0.00194658 -0.00193942 -0.00193408 -0.00192679 -0.0019235 -0.00191631 -0.00191469 -0.00190783 -0.00190756 -0.00190121 -0.00190204 -0.00189634 -0.00189812 -0.00189314 -0.00189577 -0.00189155 -0.00189498 -0.00189155 -0.00189577 -0.00189314 -0.00189812 -0.00189634 -0.00190204 -0.00190121 -0.00190756 -0.00190783 -0.00191469 -0.00191631 -0.0019235 -0.00192679 -0.00193408 -0.00193942 -0.00194658 -0.00195433 -0.00196123 -0.00197164 -0.00197834 -0.00199135 -0.00199825 -0.00201339 -0.00202127 -0.0020376 -0.00204755 -0.00206381 -0.00207693 -0.00209198 -0.00210888 -0.00212234 -0.0021426 -0.00215544 -0.00217747 -0.00219204 -0.00221373 -0.00223287 -0.00225298 -0.00227833 -0.00229806 -0.00232857 -0.00235166 -0.00238389 -0.00241433 -0.00244513 -0.00248328 -0.00251315 -0.00255402 -0.00258713 -0.00262355 -0.00266171 -0.00268897 -0.00272143 -0.00273199 -0.00272661 -0.00268876 -0.00258955 -0.00242933 -0.00216243 -0.00177854 -0.0012535 -0.000537207 0.000387011 0.00159198 0.00313248 0.00504233 0.00738002 0.0101325 0.0132976 0.0168819 0.020822 0.025057 0.0294413 0.0337418 0.0377737 0.041333 0.044213 0.0462437 0.0471847 0.0468385 0.04514 0.0420309 0.0375167 0.0317149 0.0247482 0.0168038 0.0081531 -0.000971588 -0.0103142 -0.0195706 -0.0285409 -0.0370582 -0.0448681 -0.0518171 -0.0579189 -0.0631245 -0.0673094 -0.0704592 -0.0726157 
0 0.00269938 0.00509201 0.00693408 0.00802413 0.00815972 0.00718155 0.00501542 0.00163403 -0.00290877 -0.00843419 -0.014764 -0.0217325 -0.0290126 -0.0362176 -0.0430995 -0.0493993 -0.0547886 -0.0590531 -0.0620462 -0.0636528 -0.0639047 -0.0628741 -0.0606479 -0.0574458 -0.0534703 -0.0488885 -0.0439615 -0.0389159 -0.0339527 -0.0292831 -0.0249806 -0.0210929 -0.0176778 -0.014715 -0.0122257 -0.0101939 -0.00854204 -0.00724335 -0.00621701 -0.00540701 -0.00479693 -0.00432029 -0.00397254 -0.00372069 -0.00352619 -0.0033966 -0.00328643 -0.00320418 -0.00313952 -0.00307394 -0.00303037 -0.00297907 -0.00294057 -0.00290483 -0.00286518 -0.00283898 -0.00280018 -0.00277406 -0.00274034 -0.00270885 -0.00268165 -0.00264613 -0.00262335 -0.00258917 -0.0025675 -0.0025396 -0.00251702 -0.00249721 -0.00247387 -0.00246072 -0.00243823 -0.00242866 -0.0024089 -0.00239986 -0.00238401 -0.00237357 -0.00236187 -0.00234944 -0.00234132 -0.00232732 -0.00232182 -0.00230719 -0.00230332 -0.00228908 -0.00228606 -0.00227304 -0.00227037 -0.00225911 -0.00225656 -0.00224732 -0.00224486 -0.00223767 -0.00223543 -0.00223018 -0.00222833 -0.00222484 -0.00222359 -0.00222163 -0.00222122 -0.00222057 -0.00222122 -0.00222163 -0.00222359 -0.00222484 -0.00222833 -0.00223018 -0.00223543 -0.00223767 -0.00224486 -0.00224732 -0.00225656 -0.00225911 -0.00227037 -0.00227304 -0.00228606 -0.00228908 -0.00230332 -0.00230719 -0.00232182 -0.00232732 -0.00234132 -0.00234944 -0.00236187 -0.00237357 -0.00238401 -0.00239986 -0.0024089 -0.00242866 -0.00243823 -0.00246072 -0.00247387 -0.00249721 -0.00251702 -0.0025396 -0.0025675 -0.00258917 -0.00262335 -0.00264613 -0.00268165 -0.00270885 -0.00274034 -0.00277405 -0.00280017 -0.00283895 -0.00286508 -0.00290454 -0.0029398 -0.00297712 -0.00302562 -0.00306295 -0.00311529 -0.00315326 -0.0031845 -0.00320231 -0.00317353 -0.00311081 -0.00296639 -0.00273319 -0.00239477 -0.00190137 -0.00125472 -0.000387559 0.000752275 0.00221072 0.00408531 0.00639081 0.00915287 0.0123877 0.0160436 0.0201277 0.0245847 0.0292784 0.0340763 0.0387412 0.0430408 0.0467994 0.0497558 0.0516827 0.0524137 0.0517588 0.0496351 0.0460253 0.0409025 0.0344013 0.0267403 0.0180536 0.00854568 -0.00146717 -0.0117035 -0.0218958 -0.031794 -0.0412264 -0.050006 -0.057922 -0.0648732 -0.0708192 -0.0756772 -0.0793883 -0.081939 
0 0.00213288 0.00397887 0.00532174 0.00593002 0.00557649 0.00415959 0.00163403 -0.00206199 -0.0068731 -0.0126319 -0.0192009 -0.0263712 -0.0337957 -0.0411806 -0.0482804 -0.0547825 -0.060418 -0.064956 -0.0681624 -0.0699809 -0.0704565 -0.0695678 -0.0674097 -0.0641771 -0.0600323 -0.0552302 -0.0500228 -0.044591 -0.0391999 -0.0340419 -0.0292117 -0.0248324 -0.0209195 -0.0174866 -0.0145871 -0.0121666 -0.0102066 -0.00865802 -0.00741363 -0.00645231 -0.00569744 -0.00510628 -0.00467621 -0.00433856 -0.00410223 -0.00393079 -0.00379322 -0.0037057 -0.00361849 -0.00355588 -0.00349891 -0.00343765 -0.00339626 -0.00333865 -0.00329924 -0.00325365 -0.00320987 -0.00317758 -0.00313238 -0.00310692 -0.00306726 -0.00304087 -0.00301109 -0.00298028 -0.00295943 -0.00292592 -0.00290941 -0.00287752 -0.00286048 -0.00283402 -0.00281374 -0.00279422 -0.0027707 -0.00275732 -0.00273247 -0.00272311 -0.00269938 -0.00269171 -0.00267117 -0.0026634 -0.00264722 -0.00263839 -0.00262685 -0.00261674 -0.00260947 -0.00259833 -0.00259465 -0.00258298 -0.00258211 -0.00257044 -0.00257173 -0.00256049 -0.00256342 -0.00255294 -0.00255718 -0.00254765 -0.00255301 -0.00254451 -0.00255093 -0.00254347 -0.00255093 -0.00254451 -0.00255301 -0.00254765 -0.00255718 -0.00255294 -0.00256342 -0.00256049 -0.00257173 -0.00257044 -0.00258211 -0.00258298 -0.00259465 -0.00259833 -0.00260947 -0.00261674 -0.00262685 -0.00263839 -0.00264722 -0.0026634 -0.00267117 -0.00269171 -0.00269938 -0.00272311 -0.00273247 -0.00275732 -0.0027707 -0.00279422 -0.00281374 -0.00283402 -0.00286048 -0.00287752 -0.00290941 -0.00292592 -0.00295943 -0.00298028 -0.00301109 -0.00304087 -0.00306726 -0.00310692 -0.00313238 -0.00317758 -0.00320984 -0.00325357 -0.00329903 -0.00333809 -0.00339482 -0.0034341 -0.00349056 -0.0035372 -0.00357861 -0.00362458 -0.00363601 -0.00364062 -0.00359192 -0.00348261 -0.00330428 -0.00299848 -0.00257959 -0.00198704 -0.00118323 -0.000139389 0.00125314 0.00302531 0.00524571 0.00796644 0.011149 0.0148236 0.0189585 0.0234903 0.028385 0.0334634 0.0385353 0.0434266 0.0478648 0.0516326 0.0544999 0.0561833 0.0565552 0.0555234 0.0529516 0.0488251 0.0431808 0.0361075 0.0278413 0.01858 0.0084732 -0.00217774 -0.013054 -0.0239448 -0.0345966 -0.0447496 -0.0542626 -0.0629889 -0.0707162 -0.0773108 -0.0827397 -0.0869598 -0.0898982 
0 0.00130024 0.00235372 0.00295901 0.00289676 0.001957 3.29437e-05 -0.00290877 -0.0068731 -0.0118232 -0.0176851 -0.0242979 -0.0313988 -0.0387542 -0.0461378 -0.0532184 -0.0597126 -0.0654252 -0.0700766 -0.0734522 -0.0755191 -0.0762173 -0.0755247 -0.0735458 -0.0703688 -0.0661945 -0.0613242 -0.0559393 -0.0502634 -0.0445516 -0.0389492 -0.0336554 -0.028796 -0.0243844 -0.0205105 -0.0171726 -0.0143502 -0.0120657 -0.0102126 -0.00874245 -0.00759857 -0.00667498 -0.005976 -0.00543147 -0.00501269 -0.004723 -0.00448886 -0.0043341 -0.00421391 -0.00411093 -0.00404496 -0.00396368 -0.003909 -0.00384752 -0.00378645 -0.00374239 -0.00367936 -0.00364258 -0.00358971 -0.0035503 -0.00351368 -0.00346939 -0.0034451 -0.00340089 -0.0033798 -0.00334227 -0.00331696 -0.00328946 -0.00325786 -0.00323919 -0.00320404 -0.00319009 -0.00315624 -0.00314261 -0.00311421 -0.00309803 -0.00307718 -0.00305764 -0.00304429 -0.00302222 -0.00301485 -0.00299192 -0.00298848 -0.00296643 -0.00296501 -0.00294521 -0.00294438 -0.00292766 -0.0029266 -0.00291327 -0.00291165 -0.00290167 -0.00289951 -0.00289258 -0.00289014 -0.00288586 -0.00288349 -0.00288141 -0.00287952 -0.0028792 -0.0028782 -0.0028792 -0.00287952 -0.00288141 -0.00288349 -0.00288586 -0.00289014 -0.00289258 -0.00289951 -0.00290167 -0.00291165 -0.00291327 -0.0029266 -0.00292766 -0.00294438 -0.00294521 -0.00296501 -0.00296643 -0.00298848 -0.00299192 -0.00301485 -0.00302222 -0.00304429 -0.00305764 -0.00307718 -0.00309803 -0.00311421 -0.00314261 -0.00315624 -0.00319009 -0.00320404 -0.00323919 -0.00325786 -0.00328946 -0.00331696 -0.00334227 -0.0033798 -0.00340089 -0.0034451 -0.00346939 -0.00351368 -0.0035503 -0.0035897 -0.00364253 -0.00367921 -0.00374199 -0.0037854 -0.00384489 -0.00390274 -0.00394946 -0.00401411 -0.00404715 -0.00408823 -0.00409815 -0.00406676 -0.00400294 -0.00383948 -0.00360098 -0.00323034 -0.00269515 -0.00199003 -0.00101159 0.000260588 0.0019138 0.00403663 0.00662198 0.00973687 0.0133563 0.0174429 0.0220201 0.0269732 0.0321975 0.037554 0.0427853 0.0477247 0.0521532 0.0557622 0.0583449 0.0596794 0.0595972 0.05808 0.0550364 0.0503985 0.0442765 0.0367769 0.0280389 0.0183256 0.00786154 -0.00314964 -0.0144416 -0.0257854 -0.0369522 -0.0476566 -0.0577017 -0.066972 -0.0752852 -0.0824609 -0.0884082 -0.0930397 -0.0962612 
0 0.000249688 0.00029154 -6.36048e-05 -0.000986118 -0.00262658 -0.00509582 -0.00843419 -0.0126319 -0.0176851 -0.0235319 -0.0299711 -0.036803 -0.0439032 -0.0510404 -0.0578999 -0.0642559 -0.0698739 -0.0745028 -0.078012 -0.0802718 -0.0811689 -0.0807448 -0.0790155 -0.0760193 -0.071995 -0.0671552 -0.061697 -0.0558988 -0.0499252 -0.0439749 -0.0382964 -0.0329735 -0.0281198 -0.0238101 -0.0200107 -0.0167902 -0.0141173 -0.0119249 -0.0102071 -0.00883049 -0.00775202 -0.00692694 -0.00625951 -0.00577409 -0.0053946 -0.00510531 -0.00490915 -0.00473364 -0.00462186 -0.00451933 -0.00443144 -0.00437278 -0.00429395 -0.00424953 -0.00418654 -0.00413539 -0.00409121 -0.00403008 -0.00399636 -0.0039355 -0.00390015 -0.00385109 -0.00380781 -0.00377451 -0.00372577 -0.00370382 -0.0036572 -0.00363857 -0.00360116 -0.00357935 -0.00355417 -0.00352681 -0.00351245 -0.00348097 -0.00347331 -0.00344116 -0.00343556 -0.00340631 -0.00339921 -0.00337536 -0.00336487 -0.00334753 -0.00333331 -0.00332237 -0.00330513 -0.00329977 -0.00328067 -0.00327978 -0.00326005 -0.00326257 -0.00324321 -0.00324829 -0.00323002 -0.00323707 -0.00322031 -0.00322901 -0.00321392 -0.00322416 -0.00321076 -0.00322254 -0.00321076 -0.00322416 -0.00321392 -0.00322901 -0.00322031 -0.00323707 -0.00323002 -0.00324829 -0.00324321 -0.00326257 -0.00326005 -0.00327978 -0.00328067 -0.00329977 -0.00330513 -0.00332237 -0.00333331 -0.00334753 -0.00336487 -0.00337536 -0.00339921 -0.00340631 -0.00343556 -0.00344116 -0.00347331 -0.00348097 -0.00351245 -0.00352681 -0.00355417 -0.00357935 -0.00360116 -0.00363857 -0.0036572 -0.00370382 -0.00372577 -0.00377451 -0.00380781 -0.00385109 -0.00390014 -0.0039355 -0.00399635 -0.00403005 -0.0040911 -0.0041351 -0.00418579 -0.00424762 -0.00428932 -0.00436209 -0.00440787 -0.0044698 -0.0045226 -0.00454407 -0.00456408 -0.00450638 -0.00440212 -0.0042005 -0.00386422 -0.0034101 -0.00274283 -0.0018666 -0.000707114 0.000835604 0.00277588 0.00523062 0.0082057 0.0116896 0.0157315 0.0202474 0.0252105 0.0305399 0.0360116 0.0414867 0.0467554 0.0515758 0.0557883 0.0591015 0.0612525 0.062122 0.0615463 0.0594468 0.055845 0.0507192 0.044162 0.0363396 0.0273372 0.0173484 0.0066777 -0.00448197 -0.0159661 -0.0275222 -0.0389048 -0.049903 -0.0603049 -0.0699199 -0.0785853 -0.0861609 -0.0925028 -0.0974395 -0.100856 
0 -0.000994103 -0.00213564 -0.00361226 -0.00554813 -0.00799282 -0.0110326 -0.014764 -0.0192009 -0.0242979 -0.0299711 -0.0360976 -0.0425622 -0.0492293 -0.0559046 -0.0623858 -0.0684349 -0.073799 -0.0783396 -0.0819135 -0.0842997 -0.0854209 -0.085276 -0.0838156 -0.0811313 -0.077372 -0.0726694 -0.0672966 -0.0614662 -0.0553244 -0.0491447 -0.0431064 -0.0373615 -0.0320994 -0.0273295 -0.023106 -0.0194835 -0.0163948 -0.0138744 -0.0118479 -0.0102127 -0.0089561 -0.00794459 -0.00716067 -0.00657121 -0.00609262 -0.00576353 -0.00549838 -0.00530078 -0.00516612 -0.00502993 -0.00494859 -0.00485371 -0.00477758 -0.0047163 -0.00463507 -0.00459093 -0.00451709 -0.00447099 -0.00441687 -0.00436028 -0.00432537 -0.00426348 -0.00423671 -0.00418091 -0.00415033 -0.00410891 -0.00406907 -0.00404281 -0.00399606 -0.00397957 -0.00393272 -0.00391859 -0.00387849 -0.00386095 -0.00383166 -0.00380824 -0.00379033 -0.00376164 -0.00375309 -0.00372155 -0.00371914 -0.0036877 -0.00368823 -0.00365941 -0.00366044 -0.00363589 -0.00363591 -0.00361643 -0.00361483 -0.00360049 -0.00359728 -0.0035877 -0.0035833 -0.00357786 -0.00357287 -0.00357087 -0.00356595 -0.00356669 -0.0035625 -0.00356529 -0.0035625 -0.00356669 -0.00356595 -0.00357087 -0.00357287 -0.00357786 -0.0035833 -0.0035877 -0.00359728 -0.00360049 -0.00361483 -0.00361643 -0.00363591 -0.00363589 -0.00366044 -0.00365941 -0.00368823 -0.0036877 -0.00371914 -0.00372155 -0.00375309 -0.00376164 -0.00379033 -0.00380824 -0.00383166 -0.00386095 -0.00387849 -0.00391859 -0.00393272 -0.00397957 -0.00399606 -0.00404281 -0.00406907 -0.00410891 -0.00415033 -0.00418091 -0.00423671 -0.00426348 -0.00432536 -0.00436028 -0.00441684 -0.00447092 -0.00451689 -0.00459039 -0.0046337 -0.00471291 -0.00476964 -0.00483593 -0.0049106 -0.00495252 -0.00501567 -0.00502205 -0.00500596 -0.00493323 -0.00475398 -0.00450167 -0.00407989 -0.00350507 -0.00272596 -0.00164995 -0.000273338 0.00154313 0.00383585 0.00662884 0.0100005 0.013882 0.018294 0.023216 0.0285033 0.0340763 0.0397151 0.0451838 0.0503485 0.0549495 0.0587603 0.0615987 0.063206 0.0634658 0.0623122 0.0596167 0.0554148 0.0498241 0.0429131 0.0348173 0.0256808 0.0156356 0.00491878 -0.00623697 -0.0176732 -0.0291819 -0.0405331 -0.0515544 -0.0620586 -0.0718197 -0.0806452 -0.0883813 -0.0948745 -0.099974 -0.103561 
0 -0.00238623 -0.00485644 -0.00755005 -0.0105424 -0.0138474 -0.0175483 -0.0217325 -0.0263712 -0.0313988 -0.036803 -0.0425622 -0.0485719 -0.0546833 -0.0607777 -0.0667155 -0.0722816 -0.0773107 -0.0816914 -0.0852229 -0.0877136 -0.0890603 -0.0891614 -0.0880218 -0.0857249 -0.0822927 -0.0778748 -0.0727023 -0.0669142 -0.0607412 -0.0544062 -0.0480635 -0.0419804 -0.0363027 -0.0310941 -0.0264759 -0.0224154 -0.0189325 -0.016054 -0.0136691 -0.0117764 -0.0102766 -0.00906896 -0.00815669 -0.00741914 -0.00686466 -0.00645713 -0.00612432 -0.00590937 -0.00571825 -0.00557912 -0.00547267 -0.00535455 -0.00528438 -0.00518517 -0.00511679 -0.00504668 -0.00496899 -0.00492388 -0.00484605 -0.00480884 -0.00474548 -0.00470067 -0.00465824 -0.00460199 -0.00457538 -0.00451476 -0.00449264 -0.0044384 -0.00441085 -0.00437044 -0.00433344 -0.0043082 -0.00426377 -0.00424995 -0.00420359 -0.00419525 -0.00415287 -0.00414452 -0.00411039 -0.0040985 -0.00407452 -0.00405775 -0.00404379 -0.00402251 -0.00401712 -0.00399268 -0.0039939 -0.00396792 -0.00397387 -0.00394782 -0.00395699 -0.00393195 -0.00394331 -0.00391996 -0.00393293 -0.00391158 -0.00392596 -0.00390662 -0.00392246 -0.00390498 -0.00392246 -0.00390662 -0.00392596 -0.00391158 -0.00393293 -0.00391996 -0.00394331 -0.00393195 -0.00395699 -0.00394782 -0.00397387 -0.00396792 -0.0039939 -0.00399268 -0.00401712 -0.00402251 -0.00404379 -0.00405775 -0.00407452 -0.0040985 -0.00411039 -0.00414452 -0.00415287 -0.00419525 -0.00420359 -0.00424995 -0.00426377 -0.0043082 -0.00433344 -0.00437044 -0.00441085 -0.0044384 -0.00449264 -0.00451476 -0.00457538 -0.00460199 -0.00465824 -0.00470067 -0.00474547 -0.00480882 -0.004846 -0.00492374 -0.00496861 -0.0050457 -0.00511435 -0.00517936 -0.00527115 -0.0053258 -0.00541305 -0.0054612 -0.00549586 -0.00550935 -0.00543767 -0.00533075 -0.00509464 -0.00474502 -0.00425379 -0.00353445 -0.00260671 -0.00133826 0.000320455 0.00242015 0.00507878 0.0082533 0.0119869 0.0162792 0.0210431 0.0262842 0.0318451 0.0375331 0.0432026 0.048585 0.0534944 0.0577433 0.0610379 0.06322 0.0641632 0.0637223 0.0618706 0.0585702 0.0538229 0.0477876 0.0405852 0.0322925 0.0230826 0.0131332 0.00258298 -0.00838848 -0.0195729 -0.0307863 -0.0418831 -0.0527057 -0.0630327 -0.0726502 -0.0813979 -0.089087 -0.0955251 -0.100615 -0.104265 
0 -0.00385185 -0.00773223 -0.0116784 -0.0157349 -0.0199597 -0.0243918 -0.0290126 -0.0337957 -0.0387542 -0.0439032 -0.0492293 -0.0546833 -0.0601755 -0.0656093 -0.0708936 -0.0759222 -0.0805669 -0.0846646 -0.0880539 -0.0905938 -0.0921084 -0.0924844 -0.0917371 -0.0898488 -0.0868236 -0.0827862 -0.0778519 -0.072208 -0.0661023 -0.0596811 -0.0531721 -0.0468207 -0.0407555 -0.0351623 -0.030112 -0.0256042 -0.021726 -0.0184259 -0.0156907 -0.0135063 -0.0117307 -0.010348 -0.00925707 -0.00838006 -0.00773102 -0.00720004 -0.00681415 -0.00652657 -0.00628669 -0.00613625 -0.00598321 -0.00587988 -0.00578575 -0.00568599 -0.00562467 -0.00552786 -0.00547112 -0.00539207 -0.0053229 -0.00526783 -0.00518809 -0.0051488 -0.00507265 -0.00503493 -0.00497598 -0.00493017 -0.00489285 -0.00483841 -0.00481746 -0.00476084 -0.00474615 -0.00469562 -0.00467792 -0.00463935 -0.00461355 -0.00458868 -0.00455435 -0.00454134 -0.00450131 -0.00449638 -0.00445481 -0.00445388 -0.00441468 -0.00441446 -0.00438046 -0.00437886 -0.00435159 -0.00434768 -0.00432755 -0.0043213 -0.00430794 -0.00429986 -0.00429249 -0.00428334 -0.00428102 -0.00427167 -0.00427341 -0.00426472 -0.00426962 -0.00426242 -0.00426962 -0.00426472 -0.00427341 -0.00427167 -0.00428102 -0.00428334 -0.00429249 -0.00429986 -0.00430794 -0.0043213 -0.00432755 -0.00434768 -0.00435159 -0.00437886 -0.00438046 -0.00441446 -0.00441468 -0.00445388 -0.00445481 -0.00449638 -0.00450131 -0.00454134 -0.00455435 -0.00458868 -0.00461355 -0.00463935 -0.00467792 -0.00469562 -0.00474615 -0.00476084 -0.00481746 -0.00483841 -0.00489285 -0.00493017 -0.00497598 -0.00503493 -0.00507265 -0.0051488 -0.00518808 -0.0052678 -0.00532281 -0.00539181 -0.00547043 -0.00552612 -0.00562047 -0.00567627 -0.00576427 -0.00583456 -0.00589197 -0.00596103 -0.00596571 -0.00596546 -0.00587712 -0.00570225 -0.00543239 -0.00497852 -0.00437741 -0.00352255 -0.0023724 -0.00088305 0.00108487 0.00352611 0.00651767 0.0100827 0.0141617 0.0188012 0.0239136 0.0293952 0.0351385 0.0408803 0.0464364 0.0516147 0.0561456 0.0598476 0.0625036 0.0639301 0.0640901 0.0629071 0.0603168 0.0563675 0.0511218 0.0446847 0.0372064 0.0288114 0.0196524 0.00990438 -0.000313338 -0.0108894 -0.0216487 -0.0323995 -0.0430088 -0.0533562 -0.0632412 -0.0724505 -0.0808431 -0.0882577 -0.0944883 -0.099405 -0.102919 
0 -0.00528911 -0.0105646 -0.0157798 -0.0209465 -0.0261073 -0.0312138 -0.0362176 -0.0411806 -0.0461378 -0.0510404 -0.0559046 -0.0607777 -0.0656093 -0.0703388 -0.0749656 -0.0794398 -0.0836214 -0.0873643 -0.0905526 -0.0930491 -0.0946928 -0.0953704 -0.0950045 -0.093541 -0.0909892 -0.0873685 -0.082759 -0.0773696 -0.0713813 -0.0649761 -0.0583954 -0.0518132 -0.0454441 -0.0394877 -0.0340034 -0.0290932 -0.0247865 -0.0210606 -0.0179653 -0.0154157 -0.0133595 -0.0117482 -0.0104436 -0.0094396 -0.00864752 -0.00801943 -0.00756647 -0.00719099 -0.00692945 -0.00672229 -0.00654688 -0.00643136 -0.00629798 -0.00621181 -0.00611374 -0.0060239 -0.0059563 -0.00586086 -0.00580786 -0.00572145 -0.00566512 -0.00560014 -0.00553263 -0.00548924 -0.00541545 -0.00538353 -0.00531491 -0.00528218 -0.00522845 -0.00518744 -0.00515186 -0.00510209 -0.00508147 -0.00502774 -0.00501537 -0.00496425 -0.00495323 -0.00491025 -0.00489571 -0.0048639 -0.00484365 -0.00482351 -0.00479766 -0.00478791 -0.00475796 -0.00475644 -0.00472441 -0.00472885 -0.00469667 -0.00470515 -0.00467431 -0.00468548 -0.00465691 -0.00467 -0.00464415 -0.00465885 -0.00463578 -0.00465212 -0.00463163 -0.00464987 -0.00463163 -0.00465212 -0.00463578 -0.00465885 -0.00464415 -0.00467 -0.00465691 -0.00468548 -0.00467431 -0.00470515 -0.00469667 -0.00472885 -0.00472441 -0.00475644 -0.00475796 -0.00478791 -0.00479766 -0.00482351 -0.00484365 -0.0048639 -0.00489571 -0.00491025 -0.00495323 -0.00496425 -0.00501537 -0.00502774 -0.00508147 -0.00510209 -0.00515186 -0.00518744 -0.00522845 -0.00528218 -0.00531491 -0.00538353 -0.00541545 -0.00548924 -0.00553263 -0.00560014 -0.0056651 -0.00572138 -0.00580768 -0.00586038 -0.00595508 -0.0060209 -0.00610669 -0.00619597 -0.00626398 -0.00636168 -0.00641061 -0.00646798 -0.00647655 -0.00642066 -0.00631316 -0.00606388 -0.00571031 -0.0051721 -0.00441212 -0.00340962 -0.00203363 -0.000267019 0.00199119 0.00480238 0.0081404 0.0120622 0.0165145 0.0214587 0.0268597 0.0325317 0.0383154 0.0440017 0.0493361 0.0541444 0.0581846 0.0612155 0.0631004 0.0637214 0.0630297 0.061025 0.0576919 0.0530924 0.0473559 0.0405881 0.0329056 0.0244822 0.0154979 0.00606746 -0.00371917 -0.0137347 -0.0238594 -0.033977 -0.0439164 -0.0535175 -0.062676 -0.0712544 -0.0790691 -0.0859579 -0.0917703 -0.0963519 -0.0995898 
0 -0.00662468 -0.0132148 -0.0196713 -0.0259277 -0.0319509 -0.0376767 -0.0430995 -0.0482804 -0.0532184 -0.0578999 -0.0623858 -0.0667155 -0.0708936 -0.0749656 -0.0789541 -0.0828209 -0.0865035 -0.089886 -0.0928312 -0.0952395 -0.0969866 -0.0979093 -0.097888 -0.0968624 -0.094785 -0.0916299 -0.0874533 -0.0823824 -0.0765886 -0.0702899 -0.0636764 -0.0569457 -0.0503421 -0.0440371 -0.0381767 -0.0328695 -0.0281248 -0.0239957 -0.0204855 -0.0175493 -0.0151829 -0.0132759 -0.0117631 -0.0105873 -0.00964142 -0.008927 -0.00836551 -0.0079304 -0.00761698 -0.00734848 -0.00716172 -0.00699431 -0.00685331 -0.00674581 -0.00662256 -0.00654199 -0.00644007 -0.00636209 -0.00628726 -0.00620294 -0.00614901 -0.00606413 -0.00601648 -0.00594232 -0.00588839 -0.00583199 -0.00576819 -0.00572844 -0.00565984 -0.00562964 -0.0055652 -0.00553622 -0.0054836 -0.00545014 -0.00541283 -0.00537325 -0.00535043 -0.00530644 -0.00529449 -0.00524954 -0.0052439 -0.0052016 -0.00519821 -0.00516137 -0.00515741 -0.00512762 -0.00512161 -0.00509939 -0.00509096 -0.005076 -0.00506552 -0.00505706 -0.00504528 -0.00504239 -0.00503019 -0.00503191 -0.00502019 -0.00502561 -0.0050152 -0.00502351 -0.0050152 -0.00502561 -0.00502019 -0.00503191 -0.00503019 -0.00504239 -0.00504528 -0.00505706 -0.00506552 -0.005076 -0.00509096 -0.00509939 -0.00512161 -0.00512762 -0.00515741 -0.00516137 -0.00519821 -0.0052016 -0.0052439 -0.00524954 -0.00529449 -0.00530644 -0.00535043 -0.00537325 -0.00541283 -0.00545014 -0.0054836 -0.00553622 -0.0055652 -0.00562964 -0.00565984 -0.00572844 -0.00576819 -0.00583199 -0.00588839 -0.00594231 -0.00601648 -0.00606412 -0.00614897 -0.00620282 -0.00628694 -0.00636124 -0.00643796 -0.00653695 -0.00661104 -0.00672065 -0.00680081 -0.00688971 -0.00696283 -0.00698753 -0.00699143 -0.00689386 -0.00671988 -0.00641575 -0.00594183 -0.00529769 -0.00438189 -0.00317418 -0.00158049 0.000490919 0.00306286 0.00621451 0.00992728 0.0141854 0.0189868 0.0242322 0.0298289 0.0356044 0.0413219 0.0467907 0.0517885 0.056091 0.059493 0.0617818 0.0628254 0.0625773 0.0610109 0.058134 0.0540256 0.0488147 0.0426282 0.0355897 0.0278305 0.0194933 0.010747 0.00171768 -0.00752765 -0.0168672 -0.026175 -0.0354156 -0.0444884 -0.0531924 -0.0614217 -0.069121 -0.0761269 -0.0822682 -0.0874446 -0.0915339 -0.0944201 
0 -0.0078449 -0.0156082 -0.0231584 -0.0303728 -0.0371774 -0.0435281 -0.0493993 -0.0547825 -0.0597126 -0.0642559 -0.0684349 -0.0722816 -0.0759222 -0.0794398 -0.0828209 -0.0861003 -0.0892903 -0.0922765 -0.0949617 -0.0972767 -0.0990761 -0.100206 -0.100527 -0.0999039 -0.0982764 -0.0956114 -0.0918919 -0.0872032 -0.0817067 -0.0755828 -0.0690277 -0.0622463 -0.0554471 -0.0488439 -0.0426233 -0.0368956 -0.0317343 -0.0271858 -0.0232509 -0.0199416 -0.0172192 -0.0150103 -0.0132599 -0.0118618 -0.0107606 -0.00990363 -0.00922301 -0.00871517 -0.00831619 -0.00801378 -0.00778792 -0.007592 -0.00744996 -0.00730996 -0.00719437 -0.00708925 -0.00697818 -0.0068941 -0.00678994 -0.00671333 -0.00662571 -0.00654771 -0.00648066 -0.0064009 -0.00634959 -0.00627418 -0.00622902 -0.00616505 -0.00611785 -0.00606882 -0.00601632 -0.00598091 -0.0059249 -0.00589841 -0.00584345 -0.00582037 -0.00577124 -0.00574724 -0.00570723 -0.00568005 -0.00565041 -0.00561976 -0.00560001 -0.00556694 -0.00555555 -0.0055217 -0.00551681 -0.00548381 -0.00548368 -0.00545283 -0.00545613 -0.00542826 -0.00543414 -0.00540966 -0.0054177 -0.00539664 -0.00540676 -0.00538894 -0.0054013 -0.00538639 -0.0054013 -0.00538894 -0.00540676 -0.00539664 -0.0054177 -0.00540966 -0.00543414 -0.00542826 -0.00545613 -0.00545283 -0.00548368 -0.00548381 -0.00551681 -0.0055217 -0.00555555 -0.00556694 -0.00560001 -0.00561976 -0.00565041 -0.00568005 -0.00570723 -0.00574724 -0.00577124 -0.00582037 -0.00584345 -0.00589841 -0.0059249 -0.00598091 -0.00601632 -0.00606882 -0.00611785 -0.00616505 -0.00622902 -0.00627418 -0.00634959 -0.0064009 -0.00648065 -0.00654768 -0.00662563 -0.00671311 -0.00678936 -0.00689264 -0.00697462 -0.00708099 -0.007176 -0.00727092 -0.00737074 -0.00743852 -0.00750399 -0.0075122 -0.0074693 -0.00734613 -0.00709847 -0.00672646 -0.00615954 -0.00537419 -0.00430609 -0.00286717 -0.00100434 0.00137575 0.00430757 0.00780229 0.0118682 0.0164621 0.0215422 0.0270191 0.0327285 0.0384743 0.0440331 0.0491815 0.0537123 0.0574079 0.0600477 0.0614803 0.0616323 0.0604643 0.0579947 0.0542863 0.049446 0.0436642 0.0370995 0.0298514 0.0220859 0.0139595 0.00555729 -0.00299505 -0.0115699 -0.020097 -0.0284937 -0.0366961 -0.0446684 -0.0523097 -0.0594927 -0.0661218 -0.0720859 -0.0772901 -0.0816776 -0.0851485 -0.0875993 
0 -0.00890136 -0.0176321 -0.0260665 -0.0340872 -0.0415848 -0.0484994 -0.0547886 -0.060418 -0.0654252 -0.0698739 -0.073799 -0.0773107 -0.0805669 -0.0836214 -0.0865035 -0.0892903 -0.0919934 -0.094586 -0.0970363 -0.0992287 -0.101047 -0.102371 -0.102985 -0.10273 -0.101547 -0.0993462 -0.0961016 -0.0918661 -0.0867193 -0.0808444 -0.0744347 -0.0676573 -0.0607402 -0.0539007 -0.0473351 -0.041219 -0.0356405 -0.0306565 -0.0263044 -0.0225834 -0.0194802 -0.0169477 -0.0149083 -0.0132841 -0.0119984 -0.0109807 -0.0101868 -0.00957058 -0.00909421 -0.00873494 -0.00845182 -0.0082334 -0.00805518 -0.00790023 -0.00777201 -0.00764549 -0.00753746 -0.00743021 -0.00732915 -0.0072389 -0.00714277 -0.00706505 -0.0069777 -0.0069062 -0.00683176 -0.00676204 -0.00670128 -0.00663282 -0.00658271 -0.00651816 -0.00647384 -0.00641672 -0.00637389 -0.00632654 -0.00628294 -0.00624568 -0.00620127 -0.00617264 -0.00612888 -0.00610652 -0.00606543 -0.00604692 -0.00601029 -0.00599376 -0.00596278 -0.00594707 -0.00592224 -0.00590688 -0.00588815 -0.00587315 -0.00586012 -0.00584581 -0.0058379 -0.00582473 -0.00582133 -0.00580979 -0.00581033 -0.00580088 -0.00580483 -0.00579791 -0.00580483 -0.00580088 -0.00581033 -0.00580979 -0.00582133 -0.00582473 -0.0058379 -0.00584581 -0.00586012 -0.00587315 -0.00588815 -0.00590688 -0.00592224 -0.00594707 -0.00596278 -0.00599376 -0.00601029 -0.00604692 -0.00606543 -0.00610652 -0.00612888 -0.00617264 -0.00620127 -0.00624568 -0.00628294 -0.00632654 -0.00637389 -0.00641672 -0.00647384 -0.00651816 -0.00658271 -0.00663282 -0.00670128 -0.00676204 -0.00683176 -0.00690619 -0.00697768 -0.007065 -0.00714263 -0.00723851 -0.00732815 -0.00742774 -0.00753161 -0.00763226 -0.00774339 -0.00784105 -0.00793832 -0.00801302 -0.00805488 -0.00805169 -0.00796888 -0.00779316 -0.00748571 -0.00701405 -0.0063398 -0.00540083 -0.00413346 -0.00245829 -0.000295076 0.00240835 0.0056813 0.00952735 0.0139143 0.018807 0.0241304 0.0297424 0.0354718 0.0410854 0.0463538 0.0510824 0.05503 0.0579861 0.0597831 0.0602842 0.059482 0.0573926 0.0540288 0.0495333 0.0440737 0.0378014 0.030912 0.0235498 0.0158542 0.0080058 8.4179e-05 -0.00785054 -0.0156504 -0.0232418 -0.0306255 -0.0377305 -0.0444804 -0.0508578 -0.0568147 -0.0622468 -0.0670621 -0.0712201 -0.0746983 -0.0774379 -0.0793725 
