0 0 0 0 0 0 0 0 0 0 0 0 0 0 0 0 0 0 0 0 0 0 0 0 0 0 0 0 0 0 0 0 0 0 0 0 0 0 0 0 0 0 0 0 0 0 0 0 0 0 0 0 0 0 0 0 0 0 0 0 0 0 0 0 0 0 0 0 0 0 0 0 0 0 0 0 0 0 0 0 0 0 0 0 0 0 0 0 0 0 0 0 0 0 0 0 0 0 0 0 0 0 0 0 0 0 0 0 0 0 0 0 0 0 0 0 0 0 0 0 0 0 0 0 0 0 0 0 0 0 0 0 0 0 0 0 0 0 0 0 0 0 0 0 0 0 0 0 0 0 0 0 0 0 0 0 0 0 0 0 0 0 0 0 0 0 0 0 0 0 0 0 0 0 0 0 0 0 0 0 0 0 0 0 0 0 0 0 0 0 0 0 0 0 0 0 0 0 0 0 
0 0.000590223 0.00110921 0.00149507 0.00170605 0.00171843 0.00151034 0.00106064 0.000375646 -0.000492152 -0.00146785 -0.00249537 -0.00354746 -0.00460107 -0.00561466 -0.00652915 -0.00728622 -0.00784981 -0.00821665 -0.00840787 -0.00845095 -0.00836756 -0.00817169 -0.00787453 -0.00749169 -0.00704637 -0.00656585 -0.00607543 -0.00559384 -0.00513131 -0.00469158 -0.00427595 -0.0038861 -0.00352538 -0.00319823 -0.00290808 -0.00265574 -0.00243894 -0.00225265 -0.00209069 -0.00194732 -0.00181828 -0.00170137 -0.00159602 -0.00150255 -0.00142139 -0.00135232 -0.00129424 -0.00124527 -0.001203 -0.00116508 -0.00112949 -0.00109493 -0.00106083 -0.00102725 -0.000994767 -0.000964097 -0.000935956 -0.000910872 -0.000889037 -0.000870374 -0.000854499 -0.000840865 -0.000828838 -0.000817779 -0.000807157 -0.000796541 -0.000785682 -0.000774454 -0.000762874 -0.000751055 -0.000739161 -0.000727406 -0.000715979 -0.000705077 -0.000694835 -0.000685369 -0.000676737 -0.000668963 -0.000662039 -0.00065592 -0.000650557 -0.000645871 -0.000641799 -0.000638252 -0.000635171 -0.000632479 -0.00063013 -0.000628064 -0.000626252 -0.000624652 -0.000623246 -0.000622012 -0.00062094 -0.000620019 -0.000619244 -0.000618612 -0.000618121 -0.00061777 -0.000617559 -0.000617489 -0.000617559 -0.00061777 -0.000618121 -0.000618612 -0.000619244 -0.000620019 -0.00062094 -0.000622012 -0.000623246 -0.000624652 -0.000626252 -0.000628064 -0.00063013 -0.000632479 -0.000635171 -0.000638252 -0.000641799 -0.000645871 -0.000650557 -0.00065592 -0.000662039 -0.000668963 -0.000676737 -0.000685369 -0.000694835 -0.000705077 -0.000715979 -0.000727406 -0.000739161 -0.000751055 -0.000762874 -0.000774454 -0.000785682 -0.000796541 -0.000807157 -0.000817779 -0.000828838 -0.000840865 -0.000854499 -0.000870374 -0.000889037 -0.000910872 -0.000935956 -0.000964097 -0.000994767 -0.00102725 -0.00106083 -0.00109493 -0.00112949 -0.00116508 -0.001203 -0.00124527 -0.00129424 -0.00135232 -0.00142139 -0.00150255 -0.00159602 -0.00170137 -0.00181828 -0.00194732 -0.00209069 -0.00225265 -0.00243894 -0.00265574 -0.00290808 -0.00319823 -0.00352537 -0.00388609 -0.00427592 -0.00469148 -0.00513103 -0.00559306 -0.00607341 -0.00656092 -0.00703503 -0.00746715 -0.0078246 -0.00807616 -0.00819583 -0.00816087 -0.00794703 -0.00752641 -0.00687006 -0.00595645 -0.00478086 -0.00335378 -0.00168798 0.000210123 0.00233229 0.00464625 0.00707587 0.00951185 0.0118621 0.0140943 0.0162062 0.0181463 0.0197894 0.021017 0.0218092 
0 0.00110921 0.00208125 0.00281017 0.00321947 0.00323941 0.00280755 0.00190516 0.000585041 -0.00105228 -0.00290979 -0.00491489 -0.00699857 -0.00907311 -0.0110349 -0.0127833 -0.0142397 -0.0153599 -0.0161323 -0.0165684 -0.0166936 -0.0165434 -0.016159 -0.0155835 -0.0148602 -0.0140299 -0.0131291 -0.0121912 -0.0112456 -0.0103179 -0.00942932 -0.00859552 -0.00782599 -0.0071249 -0.00649202 -0.00592429 -0.00541766 -0.00496782 -0.00457063 -0.00422224 -0.00391844 -0.00365462 -0.0034258 -0.00322662 -0.00305202 -0.00289748 -0.00275931 -0.00263489 -0.00252239 -0.00242067 -0.002329 -0.00224666 -0.00217294 -0.00210693 -0.00204755 -0.00199368 -0.00194418 -0.00189809 -0.00185462 -0.00181322 -0.00177363 -0.0017357 -0.00169952 -0.00166518 -0.00163285 -0.00160265 -0.00157463 -0.00154881 -0.00152509 -0.00150335 -0.0014834 -0.00146503 -0.00144803 -0.0014322 -0.00141734 -0.00140331 -0.00138998 -0.00137724 -0.00136505 -0.00135336 -0.00134216 -0.00133144 -0.00132121 -0.00131148 -0.00130228 -0.00129361 -0.00128549 -0.00127794 -0.00127095 -0.00126455 -0.00125873 -0.00125348 -0.00124881 -0.00124471 -0.00124117 -0.00123819 -0.00123576 -0.00123388 -0.00123254 -0.00123174 -0.00123147 -0.00123174 -0.00123254 -0.00123388 -0.00123576 -0.00123819 -0.00124117 -0.00124471 -0.00124881 -0.00125348 -0.00125873 -0.00126455 -0.00127095 -0.00127794 -0.00128549 -0.00129361 -0.00130228 -0.00131148 -0.00132121 -0.00133144 -0.00134216 -0.00135336 -0.00136505 -0.00137724 -0.00138998 -0.00140331 -0.00141734 -0.0014322 -0.00144803 -0.00146503 -0.0014834 -0.00150335 -0.00152509 -0.00154881 -0.00157463 -0.00160265 -0.00163285 -0.00166518 -0.00169952 -0.0017357 -0.00177363 -0.00181322 -0.00185462 -0.00189809 -0.00194418 -0.00199368 -0.00204755 -0.00210693 -0.00217294 -0.00224666 -0.002329 -0.00242067 -0.00252239 -0.00263489 -0.00275931 -0.00289748 -0.00305202 -0.00322662 -0.0034258 -0.00365462 -0.00391844 -0.00422224 -0.00457063 -0.00496782 -0.00541766 -0.00592429 -0.00649202 -0.00712489 -0.00782596 -0.00859543 -0.00942905 -0.0103171 -0.0112435 -0.012186 -0.0131169 -0.0140026 -0.0148029 -0.01547 -0.0159473 -0.0161716 -0.0160782 -0.0156074 -0.0147116 -0.0133596 -0.0115328 -0.00921916 -0.00641035 -0.00310372 0.000684744 0.00489966 0.00943684 0.0141577 0.0189161 0.0235816 0.0280485 0.0322181 0.0359638 0.0391249 0.0415589 0.0432026 
0 0.00149507 0.00281017 0.00380133 0.00434795 0.00433285 0.00367476 0.00238035 0.000537234 -0.00174673 -0.00437796 -0.00725705 -0.0102555 -0.0132247 -0.0160195 -0.0185157 -0.0206226 -0.0222848 -0.0234746 -0.024188 -0.0244477 -0.0242999 -0.0238057 -0.0230319 -0.0220424 -0.0208924 -0.0196298 -0.0182988 -0.0169409 -0.015595 -0.0142956 -0.0130685 -0.01193 -0.0108873 -0.00994023 -0.00908498 -0.00831635 -0.00762907 -0.00701867 -0.00648068 -0.00600979 -0.00559987 -0.00524355 -0.00493292 -0.00466039 -0.00441901 -0.00420333 -0.00400933 -0.00383417 -0.00367613 -0.00353384 -0.00340614 -0.0032918 -0.00318929 -0.00309704 -0.0030133 -0.00293647 -0.00286516 -0.00279821 -0.0027349 -0.0026747 -0.00261744 -0.00256308 -0.00251165 -0.00246331 -0.00241807 -0.00237599 -0.00233698 -0.00230091 -0.00226759 -0.00223677 -0.00220822 -0.00218162 -0.00215679 -0.00213345 -0.00211145 -0.00209062 -0.00207084 -0.00205205 -0.00203416 -0.00201717 -0.00200101 -0.00198574 -0.00197129 -0.00195771 -0.00194498 -0.00193312 -0.00192211 -0.00191198 -0.0019027 -0.00189427 -0.00188668 -0.00187993 -0.00187401 -0.0018689 -0.0018646 -0.00186109 -0.00185837 -0.00185643 -0.00185527 -0.00185488 -0.00185527 -0.00185643 -0.00185837 -0.00186109 -0.0018646 -0.0018689 -0.00187401 -0.00187993 -0.00188668 -0.00189427 -0.0019027 -0.00191198 -0.00192211 -0.00193312 -0.00194498 -0.00195771 -0.00197129 -0.00198574 -0.00200101 -0.00201717 -0.00203416 -0.00205205 -0.00207084 -0.00209062 -0.00211145 -0.00213345 -0.00215679 -0.00218162 -0.00220822 -0.00223677 -0.00226759 -0.00230091 -0.00233698 -0.00237599 -0.00241807 -0.00246331 -0.00251165 -0.00256308 -0.00261744 -0.0026747 -0.0027349 -0.00279821 -0.00286516 -0.00293647 -0.0030133 -0.00309704 -0.00318929 -0.0032918 -0.00340614 -0.00353384 -0.00367613 -0.00383417 -0.00400933 -0.00420333 -0.00441901 -0.00466039 -0.00493292 -0.00524355 -0.00559987 -0.00600979 -0.00648068 -0.00701867 -0.00762907 -0.00831635 -0.00908498 -0.00994022 -0.0108872 -0.0119299 -0.0130683 -0.014295 -0.0155933 -0.0169364 -0.0182879 -0.019605 -0.0208393 -0.0219351 -0.022827 -0.0234366 -0.0236723 -0.0234387 -0.0226504 -0.0212429 -0.0191777 -0.0164341 -0.0129911 -0.00882479 -0.00392766 0.00166192 0.00783886 0.0144383 0.0212792 0.0282043 0.0350622 0.0416572 0.0477523 0.0531358 0.0576663 0.0612394 0.0637363 
0 0.00170605 0.00321947 0.00434795 0.00491472 0.00479457 0.00394272 0.00238004 0.000154851 -0.00266105 -0.00594492 -0.00952581 -0.0132269 -0.0168914 -0.0203724 -0.0235281 -0.0262364 -0.0284087 -0.0299986 -0.0310055 -0.0314642 -0.0314256 -0.0309487 -0.0300987 -0.0289435 -0.0275538 -0.0260015 -0.0243525 -0.0226632 -0.0209793 -0.0193356 -0.0177583 -0.016268 -0.01488 -0.0136046 -0.0124476 -0.0114087 -0.0104826 -0.0096609 -0.00893252 -0.00828683 -0.00771423 -0.00720648 -0.00675731 -0.00636112 -0.00601274 -0.00570716 -0.00543872 -0.00520194 -0.00499136 -0.00480198 -0.00462986 -0.0044718 -0.00432576 -0.00419052 -0.00406529 -0.00394986 -0.00384385 -0.00374697 -0.00365866 -0.00357812 -0.00350454 -0.00343682 -0.00337407 -0.00331531 -0.0032598 -0.00320696 -0.00315632 -0.00310773 -0.00306097 -0.00301613 -0.00297321 -0.00293233 -0.0028936 -0.00285706 -0.00282282 -0.00279081 -0.00276108 -0.0027335 -0.00270805 -0.00268456 -0.00266296 -0.0026431 -0.00262487 -0.00260815 -0.00259281 -0.0025788 -0.00256598 -0.00255433 -0.00254374 -0.00253421 -0.00252564 -0.00251806 -0.00251139 -0.00250566 -0.0025008 -0.00249687 -0.00249379 -0.00249162 -0.0024903 -0.00248988 -0.0024903 -0.00249162 -0.00249379 -0.00249687 -0.0025008 -0.00250566 -0.00251139 -0.00251806 -0.00252564 -0.00253421 -0.00254374 -0.00255433 -0.00256598 -0.0025788 -0.00259281 -0.00260815 -0.00262487 -0.0026431 -0.00266296 -0.00268456 -0.00270805 -0.0027335 -0.00276108 -0.00279081 -0.00282282 -0.00285706 -0.0028936 -0.00293233 -0.00297321 -0.00301613 -0.00306097 -0.00310773 -0.00315632 -0.00320696 -0.0032598 -0.00331531 -0.00337407 -0.00343682 -0.00350454 -0.00357812 -0.00365866 -0.00374697 -0.00384385 -0.00394986 -0.00406529 -0.00419052 -0.00432576 -0.0044718 -0.00462986 -0.00480198 -0.00499136 -0.00520194 -0.00543872 -0.00570716 -0.00601274 -0.00636112 -0.00675731 -0.00720648 -0.00771423 -0.00828683 -0.00893252 -0.0096609 -0.0104826 -0.0114087 -0.0124476 -0.0136046 -0.0148799 -0.0162678 -0.0177578 -0.0193342 -0.0209755 -0.0226539 -0.0243311 -0.0259549 -0.0274582 -0.0287581 -0.029759 -0.0303604 -0.0304613 -0.0299641 -0.0287809 -0.0268337 -0.0240542 -0.0203899 -0.0158082 -0.0102993 -0.00389265 0.00333152 0.0112477 0.0196946 0.0284813 0.0373998 0.0462244 0.0546887 0.0624918 0.0693721 0.0751644 0.0797506 0.0829701 
0 0.00171843 0.00323941 0.00433285 0.00479457 0.00452812 0.00352747 0.00178975 -0.000700312 -0.00389057 -0.00761837 -0.0116712 -0.0158596 -0.0200233 -0.0240097 -0.0276716 -0.0308733 -0.033504 -0.0355008 -0.0368547 -0.0375904 -0.0377508 -0.0373936 -0.0365844 -0.0353951 -0.0339059 -0.032198 -0.0303452 -0.0284135 -0.0264574 -0.0245197 -0.0226362 -0.0208354 -0.0191389 -0.0175629 -0.0161164 -0.0148016 -0.0136164 -0.0125537 -0.0116042 -0.0107586 -0.0100066 -0.00933909 -0.00874786 -0.00822459 -0.00776216 -0.00735327 -0.00699106 -0.00666952 -0.00638261 -0.00612551 -0.0058939 -0.00568407 -0.00549336 -0.00531916 -0.0051597 -0.00501336 -0.00487866 -0.00475461 -0.00463992 -0.0045338 -0.0044353 -0.00434363 -0.00425823 -0.00417831 -0.00410357 -0.00403338 -0.00396749 -0.00390551 -0.00384716 -0.00379227 -0.00374049 -0.00369179 -0.00364584 -0.00360263 -0.0035619 -0.00352359 -0.00348757 -0.0034537 -0.00342195 -0.00339212 -0.00336427 -0.00333817 -0.0033139 -0.00329125 -0.00327031 -0.0032509 -0.00323307 -0.00321669 -0.00320179 -0.00318829 -0.00317618 -0.00316542 -0.00315598 -0.00314786 -0.00314101 -0.00313544 -0.0031311 -0.00312803 -0.00312617 -0.00312557 -0.00312617 -0.00312803 -0.0031311 -0.00313544 -0.00314101 -0.00314786 -0.00315598 -0.00316542 -0.00317618 -0.00318829 -0.00320179 -0.00321669 -0.00323307 -0.0032509 -0.00327031 -0.00329125 -0.0033139 -0.00333817 -0.00336427 -0.00339212 -0.00342195 -0.0034537 -0.00348757 -0.00352359 -0.0035619 -0.00360263 -0.00364584 -0.00369179 -0.00374049 -0.00379227 -0.00384716 -0.00390551 -0.00396749 -0.00403338 -0.00410357 -0.00417831 -0.00425823 -0.00434363 -0.0044353 -0.0045338 -0.00463992 -0.00475461 -0.00487866 -0.00501336 -0.0051597 -0.00531916 -0.00549336 -0.00568407 -0.0058939 -0.00612551 -0.00638261 -0.00666952 -0.00699106 -0.00735327 -0.00776216 -0.00822459 -0.00874786 -0.00933909 -0.0100066 -0.0107586 -0.0116042 -0.0125537 -0.0136164 -0.0148016 -0.0161164 -0.0175628 -0.0191387 -0.020835 -0.0226349 -0.0245165 -0.0264496 -0.0283953 -0.0303051 -0.0321146 -0.0337421 -0.0350908 -0.0360499 -0.0365044 -0.0363464 -0.0354755 -0.0337999 -0.0312351 -0.0276964 -0.0231069 -0.0174242 -0.0106578 -0.00287384 0.00581028 0.0152514 0.025304 0.0357894 0.0464463 0.0569462 0.0669632 0.0762101 0.0844244 0.091358 0.0967894 0.100536 
0 0.00151034 0.00280755 0.00367476 0.00394272 0.00352747 0.00239101 0.000497546 -0.00215655 -0.00549799 -0.0093915 -0.013672 -0.0181468 -0.0226112 -0.0268933 -0.0308646 -0.0344118 -0.0374304 -0.0398412 -0.0415939 -0.0426738 -0.0431118 -0.0429707 -0.0423237 -0.0412485 -0.0398216 -0.038112 -0.0361887 -0.0341223 -0.0319785 -0.0298178 -0.027692 -0.0256381 -0.0236821 -0.021841 -0.020123 -0.0185343 -0.0170779 -0.0157537 -0.0145607 -0.0134935 -0.0125435 -0.011701 -0.0109534 -0.0102887 -0.00969633 -0.00916631 -0.00869173 -0.00826646 -0.00788563 -0.00754558 -0.00724185 -0.00697086 -0.00672841 -0.00651023 -0.00631283 -0.00613227 -0.00596597 -0.00581145 -0.00566699 -0.00553173 -0.00540461 -0.00528562 -0.00517425 -0.00507047 -0.00497408 -0.00488461 -0.00480198 -0.00472536 -0.00465457 -0.00458878 -0.0045276 -0.00447045 -0.0044168 -0.0043664 -0.00431868 -0.00427366 -0.00423083 -0.00419033 -0.00415181 -0.0041154 -0.00408093 -0.00404842 -0.00401787 -0.0039892 -0.00396252 -0.00393764 -0.00391475 -0.0038936 -0.00387441 -0.00385691 -0.0038413 -0.00382732 -0.00381518 -0.00380462 -0.00379583 -0.00378857 -0.00378305 -0.00377902 -0.00377669 -0.00377585 -0.00377669 -0.00377902 -0.00378305 -0.00378857 -0.00379583 -0.00380462 -0.00381518 -0.00382732 -0.0038413 -0.00385691 -0.00387441 -0.0038936 -0.00391475 -0.00393764 -0.00396252 -0.0039892 -0.00401787 -0.00404842 -0.00408093 -0.0041154 -0.00415181 -0.00419033 -0.00423083 -0.00427366 -0.00431868 -0.0043664 -0.0044168 -0.00447045 -0.0045276 -0.00458878 -0.00465457 -0.00472536 -0.00480198 -0.00488461 -0.00497408 -0.00507047 -0.00517425 -0.00528562 -0.00540461 -0.00553173 -0.00566699 -0.00581145 -0.00596597 -0.00613227 -0.00631283 -0.00651023 -0.00672841 -0.00697086 -0.00724185 -0.00754558 -0.00788563 -0.00826646 -0.00869173 -0.00916631 -0.00969633 -0.0102887 -0.0109534 -0.011701 -0.0125435 -0.0134935 -0.0145607 -0.0157537 -0.0170779 -0.0185342 -0.020123 -0.0218408 -0.0236817 -0.0256371 -0.0276894 -0.0298113 -0.0319632 -0.0340883 -0.0361169 -0.0379692 -0.0395529 -0.0407701 -0.0415171 -0.0416798 -0.0411429 -0.0397957 -0.0375307 -0.0342538 -0.0298891 -0.0243718 -0.017665 -0.0097863 -0.000808247 0.00915095 0.0199316 0.0313523 0.0432123 0.0552417 0.067081 0.0783629 0.0887903 0.0980919 0.105948 0.112041 0.116173 
0 0.00106064 0.00190516 0.00238035 0.00238004 0.00178975 0.000497546 -0.00152883 -0.00422533 -0.00751266 -0.0113365 -0.015596 -0.0200959 -0.024618 -0.0289982 -0.0331177 -0.036874 -0.0401771 -0.0429379 -0.0450736 -0.0465439 -0.0473608 -0.0475647 -0.0472161 -0.0463879 -0.0451483 -0.0435643 -0.0417089 -0.0396518 -0.0374596 -0.0351979 -0.0329211 -0.0306737 -0.0284939 -0.0264083 -0.0244364 -0.0225935 -0.0208857 -0.0193165 -0.0178855 -0.0165869 -0.0154154 -0.0143628 -0.0134193 -0.0125769 -0.0118253 -0.0111555 -0.0105591 -0.0100265 -0.00955085 -0.00912451 -0.00874105 -0.00839568 -0.00808295 -0.00779973 -0.00754239 -0.00730807 -0.0070948 -0.00689966 -0.00672134 -0.00655747 -0.00640651 -0.00626705 -0.00613727 -0.00601656 -0.0059033 -0.00579718 -0.00569724 -0.00560305 -0.0055144 -0.00543062 -0.00535199 -0.00527774 -0.00520825 -0.00514288 -0.00508178 -0.00502462 -0.0049712 -0.00492149 -0.004875 -0.00483194 -0.00479168 -0.00475452 -0.00471983 -0.00468791 -0.00465823 -0.00463102 -0.00460588 -0.00458297 -0.00456204 -0.00454313 -0.00452615 -0.00451103 -0.00449781 -0.00448634 -0.00447675 -0.00446884 -0.0044628 -0.00445839 -0.00445585 -0.00445491 -0.00445585 -0.00445839 -0.0044628 -0.00446884 -0.00447675 -0.00448634 -0.00449781 -0.00451103 -0.00452615 -0.00454313 -0.00456204 -0.00458297 -0.00460588 -0.00463102 -0.00465823 -0.00468791 -0.00471983 -0.00475452 -0.00479168 -0.00483194 -0.004875 -0.00492149 -0.0049712 -0.00502462 -0.00508178 -0.00514288 -0.00520825 -0.00527774 -0.00535199 -0.00543062 -0.0055144 -0.00560305 -0.00569724 -0.00579718 -0.0059033 -0.00601656 -0.00613727 -0.00626705 -0.00640651 -0.00655747 -0.00672134 -0.00689966 -0.0070948 -0.00730807 -0.00754239 -0.00779973 -0.00808295 -0.00839568 -0.00874105 -0.00912451 -0.00955085 -0.0100265 -0.0105591 -0.0111555 -0.0118253 -0.0125769 -0.0134193 -0.0143628 -0.0154154 -0.0165869 -0.0178855 -0.0193165 -0.0208857 -0.0225935 -0.0244363 -0.026408 -0.0284931 -0.0306716 -0.0329158 -0.0351853 -0.037431 -0.0395908 -0.0415859 -0.0433297 -0.0447249 -0.0456642 -0.0460427 -0.0457531 -0.0446828 -0.0427267 -0.039782 -0.0357467 -0.0305417 -0.0241205 -0.0164645 -0.00760215 0.00238571 0.0133908 0.0252679 0.0377997 0.0507158 0.0637334 0.0765442 0.0887963 0.10013 0.110206 0.118683 0.125248 0.129696 
0 0.000375646 0.000585041 0.000537234 0.000154851 -0.000700312 -0.00215655 -0.00422533 -0.00683942 -0.00995626 -0.0135465 -0.0175211 -0.0217427 -0.0260747 -0.0303747 -0.0344954 -0.038325 -0.0417824 -0.0447813 -0.0472448 -0.0491269 -0.0503981 -0.0510513 -0.0511207 -0.0506598 -0.0497303 -0.048408 -0.0467653 -0.0448634 -0.0427654 -0.0405297 -0.0382078 -0.0358557 -0.0335225 -0.0312475 -0.0290663 -0.0270001 -0.0250608 -0.0232567 -0.0215871 -0.0200506 -0.0186458 -0.0173668 -0.0162104 -0.0151704 -0.0142379 -0.0134059 -0.0126629 -0.0119992 -0.0114056 -0.0108717 -0.0103912 -0.00995665 -0.00956293 -0.0092065 -0.00888251 -0.00858914 -0.0083226 -0.00808043 -0.00786038 -0.00765897 -0.007475 -0.00730518 -0.00714835 -0.00700257 -0.00686626 -0.00673899 -0.00661899 -0.00650661 -0.00640045 -0.00630081 -0.00620702 -0.00611883 -0.00603631 -0.00595863 -0.00588636 -0.00581836 -0.00575529 -0.00569609 -0.0056412 -0.00558991 -0.00554228 -0.00549804 -0.00545689 -0.00541895 -0.00538363 -0.00535138 -0.00532139 -0.00529432 -0.00526929 -0.00524703 -0.00522667 -0.00520896 -0.00519306 -0.0051797 -0.00516812 -0.00515899 -0.00515161 -0.00514663 -0.00514339 -0.00514252 -0.00514339 -0.00514663 -0.00515161 -0.00515899 -0.00516812 -0.0051797 -0.00519306 -0.00520896 -0.00522667 -0.00524703 -0.00526929 -0.00529432 -0.00532139 -0.00535138 -0.00538363 -0.00541895 -0.00545689 -0.00549804 -0.00554228 -0.00558991 -0.0056412 -0.00569609 -0.00575529 -0.00581836 -0.00588636 -0.00595863 -0.00603631 -0.00611883 -0.00620702 -0.00630081 -0.00640045 -0.00650661 -0.00661899 -0.00673899 -0.00686626 -0.00700257 -0.00714835 -0.00730518 -0.007475 -0.00765897 -0.00786038 -0.00808043 -0.0083226 -0.00858914 -0.00888251 -0.0092065 -0.00956293 -0.00995665 -0.0103912 -0.0108717 -0.0114056 -0.0119992 -0.0126629 -0.0134059 -0.0142379 -0.0151704 -0.0162104 -0.0173668 -0.0186458 -0.0200506 -0.0215871 -0.0232567 -0.0250607 -0.027 -0.029066 -0.0312469 -0.0335208 -0.0358514 -0.0381974 -0.040506 -0.0427142 -0.0447586 -0.0465627 -0.0480372 -0.0490877 -0.0496037 -0.0494691 -0.0485817 -0.0468433 -0.0441607 -0.0404544 -0.0356366 -0.0296169 -0.0223481 -0.0138325 -0.00411206 0.00672002 0.0185377 0.0312062 0.0445288 0.058203 0.0718979 0.0853281 0.0981919 0.110097 0.120622 0.129431 0.136282 0.140966 
0 -0.000492152 -0.00105228 -0.00174673 -0.00266105 -0.00389057 -0.00549799 -0.00751266 -0.00995626 -0.0128149 -0.0160142 -0.0194857 -0.0232114 -0.0271437 -0.031147 -0.0350736 -0.0388241 -0.0423125 -0.0454556 -0.0481913 -0.0504519 -0.0521656 -0.0533042 -0.0538765 -0.0539032 -0.0534316 -0.0525224 -0.051226 -0.0496015 -0.0477144 -0.0456196 -0.0433778 -0.041049 -0.0386786 -0.0363134 -0.0339926 -0.0317429 -0.0295922 -0.0275586 -0.0256519 -0.0238827 -0.0222503 -0.0207522 -0.0193858 -0.0181409 -0.0170117 -0.0159903 -0.0150669 -0.0142367 -0.0134899 -0.0128201 -0.0122206 -0.011682 -0.0111994 -0.0107642 -0.0103707 -0.0100141 -0.00968784 -0.00939018 -0.00911605 -0.00886411 -0.00863217 -0.00841778 -0.00822105 -0.00803884 -0.00787168 -0.00771706 -0.00757445 -0.0074428 -0.00732024 -0.00720705 -0.00710072 -0.00700206 -0.00690891 -0.00682181 -0.00673958 -0.00666204 -0.00658917 -0.00652002 -0.00645546 -0.00639404 -0.00633707 -0.00628299 -0.00623313 -0.00618609 -0.00614293 -0.00610264 -0.00606585 -0.00603199 -0.00600124 -0.00597348 -0.0059485 -0.00592653 -0.00590706 -0.0058906 -0.00587643 -0.00586526 -0.00585622 -0.00585018 -0.00584619 -0.00584518 -0.00584619 -0.00585018 -0.00585622 -0.00586526 -0.00587643 -0.0058906 -0.00590706 -0.00592653 -0.0059485 -0.00597348 -0.00600124 -0.00603199 -0.00606585 -0.00610264 -0.00614293 -0.00618609 -0.00623313 -0.00628299 -0.00633707 -0.00639404 -0.00645546 -0.00652002 -0.00658917 -0.00666204 -0.00673958 -0.00682181 -0.00690891 -0.00700206 -0.00710072 -0.00720705 -0.00732024 -0.0074428 -0.00757445 -0.00771706 -0.00787168 -0.00803884 -0.00822105 -0.00841778 -0.00863217 -0.00886411 -0.00911605 -0.00939018 -0.00968784 -0.0100141 -0.0103707 -0.0107642 -0.0111994 -0.011682 -0.0122206 -0.0128201 -0.0134899 -0.0142367 -0.0150669 -0.0159903 -0.0170117 -0.0181409 -0.0193858 -0.0207522 -0.0222503 -0.0238827 -0.0256519 -0.0275586 -0.0295921 -0.0317427 -0.0339921 -0.036312 -0.0386752 -0.0410406 -0.0433584 -0.0455771 -0.0476263 -0.0494285 -0.0509048 -0.0519577 -0.0524902 -0.052411 -0.0516179 -0.050019 -0.0475374 -0.0440838 -0.0395734 -0.0339405 -0.0271175 -0.0190644 -0.00980779 0.000595218 0.0120725 0.0244964 0.0376933 0.0514709 0.065572 0.0796605 0.0934052 0.106501 0.118588 0.129255 0.138173 0.145121 0.149888 
0 -0.00146785 -0.00290979 -0.00437796 -0.00594492 -0.00761837 -0.0093915 -0.0113365 -0.0135465 -0.0160142 -0.018677 -0.0215441 -0.0246607 -0.0279955 -0.0314648 -0.0349988 -0.0385129 -0.0419022 -0.0450922 -0.0480129 -0.0505646 -0.0526724 -0.0543017 -0.055418 -0.056011 -0.0561052 -0.0557209 -0.0548919 -0.0536792 -0.0521356 -0.0503168 -0.04829 -0.046104 -0.0438069 -0.0414522 -0.039077 -0.036722 -0.0344266 -0.0322133 -0.0301077 -0.0281251 -0.0262689 -0.0245471 -0.0229558 -0.0214906 -0.0201506 -0.0189254 -0.0178121 -0.0168037 -0.0158904 -0.0150688 -0.0143274 -0.0136601 -0.01306 -0.0125169 -0.012028 -0.0115837 -0.0111808 -0.0108144 -0.010479 -0.0101738 -0.00989274 -0.00963587 -0.00939922 -0.00918101 -0.00898052 -0.00879394 -0.0086226 -0.00846236 -0.00831449 -0.00817637 -0.00804771 -0.00792816 -0.00781569 -0.00771172 -0.00761329 -0.0075225 -0.00743649 -0.007357 -0.00728208 -0.00721248 -0.00714752 -0.00708677 -0.00703077 -0.0069781 -0.00693021 -0.00688503 -0.00684456 -0.00680641 -0.00677278 -0.00674129 -0.00671408 -0.00668893 -0.00666783 -0.00664876 -0.00663353 -0.00662036 -0.00661086 -0.00660343 -0.00659958 -0.00659781 -0.00659958 -0.00660343 -0.00661086 -0.00662036 -0.00663353 -0.00664876 -0.00666783 -0.00668893 -0.00671408 -0.00674129 -0.00677278 -0.00680641 -0.00684456 -0.00688503 -0.00693021 -0.0069781 -0.00703077 -0.00708677 -0.00714752 -0.00721248 -0.00728208 -0.007357 -0.00743649 -0.0075225 -0.00761329 -0.00771172 -0.00781569 -0.00792816 -0.00804771 -0.00817637 -0.00831449 -0.00846236 -0.0086226 -0.00879394 -0.00898052 -0.00918101 -0.00939922 -0.00963587 -0.00989274 -0.0101738 -0.010479 -0.0108144 -0.0111808 -0.0115837 -0.012028 -0.0125169 -0.01306 -0.0136601 -0.0143274 -0.0150688 -0.0158904 -0.0168037 -0.0178121 -0.0189254 -0.0201506 -0.0214906 -0.0229558 -0.0245471 -0.0262689 -0.0281251 -0.0301077 -0.0322132 -0.0344265 -0.0367216 -0.039076 -0.0414495 -0.0438002 -0.0460883 -0.0482552 -0.0502436 -0.0519897 -0.0534041 -0.0544009 -0.0548902 -0.0547696 -0.0539629 -0.052405 -0.0500177 -0.0467369 -0.0424903 -0.0371773 -0.0307304 -0.0231322 -0.0143805 -0.00451205 0.00639928 0.0182983 0.0311023 0.0446143 0.0585799 0.0727685 0.0869165 0.100674 0.113675 0.125593 0.136116 0.144937 0.151788 0.156446 
0 -0.00249537 -0.00491489 -0.00725705 -0.00952581 -0.0116712 -0.013672 -0.015596 -0.0175211 -0.0194857 -0.0215441 -0.0237642 -0.0261614 -0.0287351 -0.0315222 -0.0345151 -0.0376177 -0.040743 -0.0438361 -0.0468052 -0.0495536 -0.0520161 -0.0541082 -0.0557505 -0.0569223 -0.0576146 -0.0578209 -0.0575761 -0.0569123 -0.0558535 -0.0544547 -0.052766 -0.0508315 -0.0487192 -0.0464806 -0.0441599 -0.0418118 -0.0394672 -0.0371563 -0.0349134 -0.0327514 -0.0306924 -0.0287523 -0.0269329 -0.0252465 -0.0236893 -0.0222568 -0.0209489 -0.019751 -0.0186601 -0.0176671 -0.0167612 -0.0159412 -0.0151947 -0.0145197 -0.0139097 -0.0133565 -0.0128594 -0.0124074 -0.0119998 -0.0116293 -0.0112908 -0.0109831 -0.010698 -0.0104376 -0.010195 -0.00997088 -0.00976278 -0.00956829 -0.00938899 -0.0092201 -0.00906516 -0.00891919 -0.00878502 -0.00865954 -0.00854326 -0.00843576 -0.00833499 -0.00824291 -0.00815572 -0.00807671 -0.00800149 -0.00793357 -0.00786899 -0.00781063 -0.00775561 -0.0077057 -0.00765936 -0.00761714 -0.0075788 -0.00754376 -0.00751288 -0.00748468 -0.00746086 -0.00743929 -0.00742224 -0.00740715 -0.00739667 -0.00738798 -0.00738394 -0.0073816 -0.00738394 -0.00738798 -0.00739667 -0.00740715 -0.00742224 -0.00743929 -0.00746086 -0.00748468 -0.00751288 -0.00754376 -0.0075788 -0.00761714 -0.00765936 -0.0077057 -0.00775561 -0.00781063 -0.00786899 -0.00793357 -0.00800149 -0.00807671 -0.00815572 -0.00824291 -0.00833499 -0.00843576 -0.00854326 -0.00865954 -0.00878502 -0.00891919 -0.00906516 -0.0092201 -0.00938899 -0.00956829 -0.00976278 -0.00997088 -0.010195 -0.0104376 -0.010698 -0.0109831 -0.0112908 -0.0116293 -0.0119998 -0.0124074 -0.0128594 -0.0133565 -0.0139097 -0.0145197 -0.0151947 -0.0159412 -0.0167612 -0.0176671 -0.0186601 -0.019751 -0.0209489 -0.0222568 -0.0236893 -0.0252465 -0.0269329 -0.0287523 -0.0306924 -0.0327514 -0.0349133 -0.0371562 -0.0394669 -0.041811 -0.0441578 -0.0464754 -0.0487067 -0.0508033 -0.0527058 -0.0543331 -0.0556206 -0.0564901 -0.0568506 -0.0566371 -0.0557738 -0.054181 -0.0518131 -0.0486102 -0.0444935 -0.039412 -0.033304 -0.0261048 -0.0178233 -0.00850425 0.00182923 0.013123 0.0252868 0.0382329 0.0518025 0.0657238 0.0797295 0.093599 0.107039 0.119668 0.131162 0.141285 0.149774 0.156326 0.160715 
0 -0.00354746 -0.00699857 -0.0102555 -0.0132269 -0.0158596 -0.0181468 -0.0200959 -0.0217427 -0.0232114 -0.0246607 -0.0261614 -0.027739 -0.0294945 -0.0315327 -0.0338395 -0.0363585 -0.0390653 -0.0418966 -0.0447606 -0.0475979 -0.0503147 -0.0527733 -0.0548931 -0.056627 -0.0579177 -0.0587592 -0.0591652 -0.0591212 -0.0586497 -0.0577902 -0.0565635 -0.055027 -0.0532416 -0.0512456 -0.0491027 -0.0468614 -0.0445531 -0.0422305 -0.0399215 -0.0376517 -0.0354579 -0.0333485 -0.0313434 -0.0294565 -0.0276835 -0.0260374 -0.0245115 -0.0231017 -0.0218112 -0.0206243 -0.019543 -0.0185574 -0.0176574 -0.0168432 -0.016099 -0.0154255 -0.0148127 -0.0142537 -0.0137483 -0.0132841 -0.0128645 -0.0124794 -0.0121281 -0.0118081 -0.0115122 -0.0112442 -0.0109941 -0.0107668 -0.0105549 -0.0103595 -0.0101789 -0.0100094 -0.00985428 -0.00970665 -0.00957219 -0.00944366 -0.0093263 -0.00921482 -0.00911206 -0.00901589 -0.00892602 -0.00884359 -0.00876545 -0.00869531 -0.00862807 -0.00856894 -0.00851191 -0.00846274 -0.0084153 -0.00837525 -0.00833684 -0.00830525 -0.00827539 -0.00825178 -0.00823006 -0.0082141 -0.00820019 -0.0081917 -0.00818536 -0.00818427 -0.00818536 -0.0081917 -0.00820019 -0.0082141 -0.00823006 -0.00825178 -0.00827539 -0.00830525 -0.00833684 -0.00837525 -0.0084153 -0.00846274 -0.00851191 -0.00856894 -0.00862807 -0.00869531 -0.00876545 -0.00884359 -0.00892602 -0.00901589 -0.00911206 -0.00921482 -0.0093263 -0.00944366 -0.00957219 -0.00970665 -0.00985428 -0.0100094 -0.0101789 -0.0103595 -0.0105549 -0.0107668 -0.0109941 -0.0112442 -0.0115122 -0.0118081 -0.0121281 -0.0124794 -0.0128645 -0.0132841 -0.0137483 -0.0142537 -0.0148127 -0.0154255 -0.016099 -0.0168432 -0.0176574 -0.0185574 -0.019543 -0.0206243 -0.0218112 -0.0231017 -0.0245115 -0.0260374 -0.0276835 -0.0294565 -0.0313434 -0.0333485 -0.0354579 -0.0376517 -0.0399214 -0.0422303 -0.0445525 -0.0468598 -0.0490986 -0.0512357 -0.0532191 -0.0549782 -0.0564633 -0.0575953 -0.0582907 -0.0584945 -0.0581265 -0.0571203 -0.0554445 -0.0530351 -0.0498333 -0.0458052 -0.0408735 -0.0349721 -0.0280985 -0.0202424 -0.0114046 -0.00164363 0.00900901 0.0205456 0.0328582 0.0457678 0.0591199 0.0727279 0.0863296 0.0996641 0.112479 0.124473 0.135342 0.144849 0.152764 0.158826 0.162852 
0 -0.00460107 -0.00907311 -0.0132247 -0.0168914 -0.0200233 -0.0226112 -0.024618 -0.0260747 -0.0271437 -0.0279955 -0.0287351 -0.0294945 -0.0304337 -0.0316312 -0.0331199 -0.0349554 -0.0371255 -0.0395396 -0.0421508 -0.0449129 -0.0476985 -0.0503967 -0.0529284 -0.0551705 -0.0570403 -0.0585211 -0.0595691 -0.0601689 -0.0603526 -0.0601153 -0.0594738 -0.0584803 -0.0571515 -0.0555345 -0.0536956 -0.051666 -0.0495084 -0.0472769 -0.0449955 -0.042717 -0.0404644 -0.0382533 -0.0361198 -0.0340643 -0.0321057 -0.0302598 -0.0285194 -0.0269032 -0.0254026 -0.0240151 -0.0227454 -0.0215738 -0.0205059 -0.0195274 -0.0186302 -0.0178154 -0.0170644 -0.0163839 -0.0157595 -0.0151897 -0.014673 -0.0141967 -0.013768 -0.0133717 -0.0130132 -0.0126839 -0.0123811 -0.0121062 -0.0118487 -0.0116163 -0.0113965 -0.0111971 -0.0110092 -0.010836 -0.0106752 -0.0105238 -0.0103859 -0.0102535 -0.010135 -0.01002 -0.00991782 -0.00981886 -0.00973084 -0.00964663 -0.0095711 -0.00950042 -0.00943618 -0.00937788 -0.00932406 -0.00927708 -0.00923306 -0.00919652 -0.00916181 -0.00913501 -0.00910927 -0.00909167 -0.00907467 -0.0090659 -0.00905749 -0.00905735 -0.00905749 -0.0090659 -0.00907467 -0.00909167 -0.00910927 -0.00913501 -0.00916181 -0.00919652 -0.00923306 -0.00927708 -0.00932406 -0.00937788 -0.00943618 -0.00950042 -0.0095711 -0.00964663 -0.00973084 -0.00981886 -0.00991782 -0.01002 -0.010135 -0.0102535 -0.0103859 -0.0105238 -0.0106752 -0.010836 -0.0110092 -0.0111971 -0.0113965 -0.0116163 -0.0118487 -0.0121062 -0.0123811 -0.0126839 -0.0130132 -0.0133717 -0.013768 -0.0141967 -0.014673 -0.0151897 -0.0157595 -0.0163839 -0.0170644 -0.0178154 -0.0186302 -0.0195274 -0.0205059 -0.0215738 -0.0227454 -0.0240151 -0.0254026 -0.0269032 -0.0285194 -0.0302598 -0.0321057 -0.0340643 -0.0361198 -0.0382533 -0.0404644 -0.042717 -0.0449953 -0.0472764 -0.0495072 -0.0516628 -0.053688 -0.0555167 -0.0571124 -0.0583988 -0.0593127 -0.0598136 -0.0598172 -0.0592671 -0.0581242 -0.0563097 -0.0537894 -0.0505461 -0.0465127 -0.0416556 -0.0359535 -0.0293374 -0.0217985 -0.013391 -0.004123 0.00598772 0.0168725 0.0284903 0.0407629 0.0534812 0.0664318 0.0794829 0.0924507 0.105051 0.117018 0.128139 0.138177 0.146875 0.154021 0.159454 0.163059 
0 -0.00561466 -0.0110349 -0.0160195 -0.0203724 -0.0240097 -0.0268933 -0.0289982 -0.0303747 -0.031147 -0.0314648 -0.0315222 -0.0315327 -0.0316312 -0.031917 -0.03255 -0.0336368 -0.0351362 -0.0370031 -0.0392278 -0.0417263 -0.0444052 -0.0472097 -0.0500038 -0.0526284 -0.0550139 -0.0570785 -0.0587444 -0.06002 -0.0608869 -0.0613135 -0.061336 -0.0609575 -0.0601842 -0.0590828 -0.0576775 -0.0560092 -0.0541524 -0.052129 -0.0499926 -0.0477975 -0.045556 -0.0433226 -0.0411197 -0.0389585 -0.0368805 -0.0348791 -0.0329736 -0.0311776 -0.029477 -0.027895 -0.0264166 -0.0250434 -0.0237818 -0.0226104 -0.0215433 -0.0205607 -0.0196615 -0.0188445 -0.0180898 -0.0174086 -0.0167784 -0.0162052 -0.0156801 -0.0151945 -0.0147554 -0.0143441 -0.0139737 -0.0136272 -0.013312 -0.0130214 -0.0127518 -0.0125083 -0.0122776 -0.0120723 -0.0118758 -0.0117009 -0.0115342 -0.0113837 -0.0112429 -0.0111125 -0.0109938 -0.0108805 -0.0107806 -0.0106828 -0.0105989 -0.0105152 -0.0104452 -0.0103747 -0.010317 -0.010259 -0.0102125 -0.0101663 -0.0101304 -0.0100954 -0.0100696 -0.0100454 -0.0100295 -0.0100156 -0.0100095 -0.0100058 -0.0100095 -0.0100156 -0.0100295 -0.0100454 -0.0100696 -0.0100954 -0.0101304 -0.0101663 -0.0102125 -0.010259 -0.010317 -0.0103747 -0.0104452 -0.0105152 -0.0105989 -0.0106828 -0.0107806 -0.0108805 -0.0109938 -0.0111125 -0.0112429 -0.0113837 -0.0115342 -0.0117009 -0.0118758 -0.0120723 -0.0122776 -0.0125083 -0.0127518 -0.0130214 -0.013312 -0.0136272 -0.0139737 -0.0143441 -0.0147554 -0.0151945 -0.0156801 -0.0162052 -0.0167784 -0.0174086 -0.0180898 -0.0188445 -0.0196615 -0.0205607 -0.0215433 -0.0226104 -0.0237818 -0.0250434 -0.0264166 -0.027895 -0.029477 -0.0311776 -0.0329736 -0.0348791 -0.0368805 -0.0389585 -0.0411197 -0.0433226 -0.045556 -0.0477974 -0.0499922 -0.0521281 -0.0541501 -0.0560033 -0.0576637 -0.0590519 -0.0601187 -0.060826 -0.0610855 -0.0608614 -0.0601127 -0.0587591 -0.0567857 -0.0541609 -0.0508184 -0.046759 -0.0419568 -0.0363425 -0.0299225 -0.0226986 -0.0146354 -0.00577957 0.0038131 0.014156 0.0251923 0.0367783 0.0488012 0.0611284 0.0735564 0.0859113 0.0980399 0.109707 0.120658 0.130722 0.139727 0.147446 0.153702 0.158428 0.161566 
0 -0.00652915 -0.0127833 -0.0185157 -0.0235281 -0.0276716 -0.0308646 -0.0331177 -0.0344954 -0.0350736 -0.0349988 -0.0345151 -0.0338395 -0.0331199 -0.03255 -0.0323371 -0.0325672 -0.0332738 -0.0345041 -0.0362098 -0.0382953 -0.0407384 -0.0434616 -0.0463003 -0.0491587 -0.0519368 -0.0544819 -0.0567377 -0.0586681 -0.060188 -0.0613004 -0.0620124 -0.0622861 -0.0621668 -0.0616793 -0.0608188 -0.059657 -0.0582194 -0.0565323 -0.0546772 -0.0526707 -0.0505624 -0.0484127 -0.0462234 -0.0440506 -0.0419119 -0.0398107 -0.037792 -0.03584 -0.0339783 -0.0322199 -0.0305478 -0.0289931 -0.0275329 -0.0261764 -0.0249267 -0.0237606 -0.0226989 -0.0217121 -0.0208096 -0.0199832 -0.0192168 -0.0185249 -0.0178781 -0.0172945 -0.016753 -0.0162569 -0.0158052 -0.0153824 -0.0150041 -0.014645 -0.0143247 -0.0140219 -0.0137476 -0.0134933 -0.0132565 -0.0130432 -0.0128385 -0.0126587 -0.0124825 -0.01233 -0.0121796 -0.0120493 -0.0119224 -0.0118107 -0.0117049 -0.0116094 -0.0115226 -0.0114416 -0.0113718 -0.0113043 -0.0112497 -0.011195 -0.0111543 -0.0111118 -0.011084 -0.0110533 -0.0110377 -0.0110186 -0.0110147 -0.0110071 -0.0110147 -0.0110186 -0.0110377 -0.0110533 -0.011084 -0.0111118 -0.0111543 -0.011195 -0.0112497 -0.0113043 -0.0113718 -0.0114416 -0.0115226 -0.0116094 -0.0117049 -0.0118107 -0.0119224 -0.0120493 -0.0121796 -0.01233 -0.0124825 -0.0126587 -0.0128385 -0.0130432 -0.0132565 -0.0134933 -0.0137476 -0.0140219 -0.0143247 -0.014645 -0.0150041 -0.0153824 -0.0158052 -0.0162569 -0.016753 -0.0172945 -0.0178781 -0.0185249 -0.0192168 -0.0199832 -0.0208096 -0.0217121 -0.0226989 -0.0237606 -0.0249267 -0.0261764 -0.0275329 -0.0289931 -0.0305478 -0.0322199 -0.0339783 -0.03584 -0.037792 -0.0398107 -0.0419119 -0.0440506 -0.0462234 -0.0484127 -0.0505623 -0.0526704 -0.0546765 -0.0565306 -0.058215 -0.0596464 -0.0607948 -0.0616274 -0.0620608 -0.0620808 -0.0616352 -0.0606431 -0.0590996 -0.0569504 -0.0541425 -0.0507051 -0.0466033 -0.0417947 -0.0363003 -0.030067 -0.0230444 -0.0152887 -0.00681717 0.00237815 0.0122237 0.0226713 0.0336949 0.0451382 0.0568013 0.068576 0.0803428 0.0919003 0.103049 0.11361 0.123399 0.132265 0.140079 0.146696 0.152007 0.155988 0.158617 
0 -0.00728622 -0.0142397 -0.0206226 -0.0262364 -0.0308733 -0.0344118 -0.036874 -0.038325 -0.0388241 -0.0385129 -0.0376177 -0.0363585 -0.0349554 -0.0336368 -0.0325672 -0.0318864 -0.031764 -0.0322596 -0.0333015 -0.0348655 -0.0369271 -0.0393605 -0.0420817 -0.0450228 -0.048003 -0.0508929 -0.0536356 -0.0561027 -0.0582333 -0.0600328 -0.0614252 -0.0624011 -0.0629919 -0.0631532 -0.0629254 -0.0623545 -0.0614281 -0.0602246 -0.0587782 -0.0571016 -0.0552808 -0.0533224 -0.0512666 -0.0491766 -0.0470425 -0.0449264 -0.0428434 -0.0407945 -0.0388321 -0.0369298 -0.0351187 -0.0334045 -0.0317677 -0.030245 -0.0288016 -0.0274591 -0.0262121 -0.0250424 -0.0239763 -0.0229754 -0.0220653 -0.0212232 -0.0204464 -0.0197431 -0.0190829 -0.0184924 -0.0179356 -0.0174338 -0.0169671 -0.016536 -0.0161452 -0.0157735 -0.0154441 -0.0151251 -0.0148445 -0.0145733 -0.0143317 -0.0141035 -0.0138941 -0.0137035 -0.013522 -0.0133637 -0.0132073 -0.0130763 -0.012943 -0.0128349 -0.0127229 -0.0126344 -0.0125423 -0.0124708 -0.0123971 -0.012341 -0.0122842 -0.0122423 -0.0122014 -0.0121731 -0.0121471 -0.0121321 -0.0121202 -0.0121185 -0.0121202 -0.0121321 -0.0121471 -0.0121731 -0.0122014 -0.0122423 -0.0122842 -0.012341 -0.0123971 -0.0124708 -0.0125423 -0.0126344 -0.0127229 -0.0128349 -0.012943 -0.0130763 -0.0132073 -0.0133637 -0.013522 -0.0137035 -0.0138941 -0.0141035 -0.0143317 -0.0145733 -0.0148445 -0.0151251 -0.0154441 -0.0157735 -0.0161452 -0.016536 -0.0169671 -0.0174338 -0.0179356 -0.0184924 -0.0190829 -0.0197431 -0.0204464 -0.0212232 -0.0220653 -0.0229754 -0.0239763 -0.0250424 -0.0262121 -0.0274591 -0.0288016 -0.030245 -0.0317677 -0.0334045 -0.0351187 -0.0369298 -0.0388321 -0.0407945 -0.0428434 -0.0449264 -0.0470425 -0.0491766 -0.0512666 -0.0533223 -0.0552807 -0.0571012 -0.058777 -0.0602213 -0.0614201 -0.062336 -0.0628848 -0.0630688 -0.0628256 -0.0620903 -0.0608738 -0.0591038 -0.0567426 -0.0538161 -0.0502642 -0.0460813 -0.0413062 -0.0358729 -0.0297609 -0.022996 -0.0155202 -0.00734032 0.00145501 0.0108622 0.020864 0.0313408 0.0421964 0.0533315 0.0645616 0.0757258 0.0867123 0.0973405 0.107396 0.116735 0.125252 0.132822 0.139352 0.144803 0.149149 0.152373 0.154465 
0 -0.00784981 -0.0153599 -0.0222848 -0.0284087 -0.033504 -0.0374304 -0.0401771 -0.0417824 -0.0423125 -0.0419022 -0.040743 -0.0390653 -0.0371255 -0.0351362 -0.0332738 -0.031764 -0.0308004 -0.0304394 -0.0307125 -0.0316465 -0.0331554 -0.0351604 -0.0376411 -0.0404571 -0.0434423 -0.0465283 -0.0495751 -0.0524475 -0.055129 -0.0575279 -0.0595596 -0.0612463 -0.0625252 -0.0633728 -0.0638487 -0.0639166 -0.0636112 -0.0629967 -0.0620481 -0.0608411 -0.0594137 -0.0577646 -0.0559873 -0.054082 -0.0520862 -0.0500668 -0.0480013 -0.0459583 -0.0439428 -0.0419545 -0.0400499 -0.0381911 -0.0364227 -0.0347402 -0.0331299 -0.0316327 -0.0302027 -0.0288787 -0.0276375 -0.0264741 -0.0254094 -0.0244003 -0.0234868 -0.022626 -0.0218387 -0.0211137 -0.020435 -0.0198262 -0.0192453 -0.0187305 -0.0182391 -0.017799 -0.0173876 -0.017008 -0.0166653 -0.0163371 -0.0160508 -0.0157684 -0.0155273 -0.0152865 -0.0150815 -0.0148787 -0.0147029 -0.0145344 -0.0143834 -0.0142455 -0.0141163 -0.0140054 -0.0138962 -0.0138092 -0.0137189 -0.0136533 -0.013581 -0.0135347 -0.0134797 -0.0134513 -0.0134132 -0.0134019 -0.0133802 -0.0133855 -0.0133802 -0.0134019 -0.0134132 -0.0134513 -0.0134797 -0.0135347 -0.013581 -0.0136533 -0.0137189 -0.0138092 -0.0138962 -0.0140054 -0.0141163 -0.0142455 -0.0143834 -0.0145344 -0.0147029 -0.0148787 -0.0150815 -0.0152865 -0.0155273 -0.0157684 -0.0160508 -0.0163371 -0.0166653 -0.017008 -0.0173876 -0.017799 -0.0182391 -0.0187305 -0.0192453 -0.0198262 -0.020435 -0.0211137 -0.0218387 -0.022626 -0.0234868 -0.0244003 -0.0254094 -0.0264741 -0.0276375 -0.0288787 -0.0302027 -0.0316327 -0.0331299 -0.0347402 -0.0364227 -0.0381911 -0.0400499 -0.0419545 -0.0439428 -0.0459583 -0.0480013 -0.0500668 -0.0520862 -0.054082 -0.0559873 -0.0577645 -0.0594134 -0.0608402 -0.0620457 -0.0629907 -0.0635972 -0.0638852 -0.0637825 -0.0632399 -0.0622723 -0.0607894 -0.0587758 -0.0562483 -0.0531345 -0.0494648 -0.0452681 -0.0404788 -0.0351197 -0.0291868 -0.0225894 -0.015352 -0.007518 0.00094106 0.0099687 0.0194886 0.0294995 0.0399123 0.050542 0.0612576 0.0719446 0.0824381 0.0925663 0.10215 0.111013 0.119061 0.126241 0.132468 0.137693 0.141968 0.145344 0.147808 0.149362 
