0 0 0 0 0 0 0 0 0 0 0 0 0 0 0 0 0 0 0 0 0 0 0 0 0 0 0 0 0 0 0 0 0 0 0 0 0 0 0 0 0 0 0 0 0 0 0 0 0 0 0 0 0 0 0 0 0 0 0 0 0 0 0 0 0 0 0 0 0 0 0 0 0 0 0 0 0 0 0 0 0 0 0 0 0 0 0 0 0 0 0 0 0 0 0 0 0 0 0 0 0 0 0 0 0 0 0 0 0 0 0 0 0 0 0 0 0 0 0 0 0 0 0 0 0 0 0 0 0 0 0 0 0 0 0 0 0 0 0 0 0 0 0 0 0 0 0 0 0 0 0 0 0 0 0 0 0 0 0 0 0 0 0 0 0 0 0 0 0 0 0 0 0 0 0 0 0 0 0 0 0 0 0 0 0 0 0 0 0 0 0 0 0 0 0 0 0 0 0 0 
0 -0.000887509 -0.00180323 -0.00276969 -0.00379685 -0.00487942 -0.00601132 -0.00718694 -0.00835981 -0.00944123 -0.0103842 -0.0112036 -0.0118737 -0.0123006 -0.0124329 -0.0123071 -0.0119774 -0.01147 -0.0107891 -0.00994482 -0.00899048 -0.00800702 -0.00704574 -0.00612463 -0.00525414 -0.0044444 -0.00371652 -0.00309457 -0.00258133 -0.00216588 -0.00183216 -0.00155952 -0.001337 -0.00115901 -0.00101785 -0.000909987 -0.000828573 -0.000765491 -0.000717431 -0.000679014 -0.000648334 -0.000625398 -0.000607457 -0.000594932 -0.000585744 -0.000577604 -0.000570339 -0.000561248 -0.000550864 -0.000539074 -0.000525793 -0.000513119 -0.000500609 -0.000489968 -0.000481273 -0.000474249 -0.000469566 -0.00046561 -0.000462908 -0.000460133 -0.000457061 -0.000453612 -0.000448915 -0.000443915 -0.000437717 -0.000431413 -0.000424671 -0.000417996 -0.000411782 -0.000405753 -0.000400776 -0.000396069 -0.00039254 -0.000389353 -0.000387091 -0.00038523 -0.000383861 -0.000382928 -0.000382057 -0.000381622 -0.000380937 -0.000380658 -0.00037997 -0.000379631 -0.00037886 -0.000378369 -0.000377516 -0.000376873 -0.000375986 -0.000375242 -0.000374385 -0.000373617 -0.000372855 -0.000372138 -0.000371525 -0.000370925 -0.000370501 -0.000370068 -0.000369857 -0.000369625 -0.000369638 -0.000369625 -0.000369857 -0.000370068 -0.000370501 -0.000370925 -0.000371525 -0.000372138 -0.000372855 -0.000373617 -0.000374385 -0.000375242 -0.000375986 -0.000376873 -0.000377516 -0.000378369 -0.00037886 -0.000379631 -0.00037997 -0.000380658 -0.000380937 -0.000381622 -0.000382057 -0.000382928 -0.000383861 -0.00038523 -0.000387091 -0.000389353 -0.00039254 -0.000396069 -0.000400776 -0.000405753 -0.000411782 -0.000417996 -0.000424671 -0.000431413 -0.000437717 -0.000443915 -0.000448915 -0.000453612 -0.000457061 -0.000460133 -0.000462908 -0.00046561 -0.000469566 -0.000474249 -0.000481273 -0.000489968 -0.000500609 -0.000513119 -0.000525793 -0.000539072 -0.000550857 -0.000561228 -0.000570278 -0.000577429 -0.000585272 -0.000593719 -0.000604505 -0.000618583 -0.000633431 -0.00064817 -0.000657061 -0.000653843 -0.000633574 -0.000588318 -0.000516076 -0.00041659 -0.000289103 -0.000135796 5.19683e-05 0.000293067 0.00061091 0.00103293 0.00156742 0.00219583 0.00288935 0.00361814 0.00437173 0.00515779 0.00595597 0.00670327 0.00732081 0.00774108 0.00793539 0.0078926 0.00756117 0.00687795 0.00584597 0.00451651 0.00292168 0.00107144 -0.000997155 -0.00317521 -0.00531238 -0.00732934 -0.00922959 -0.0109407 -0.0122745 -0.0131326 
0 -0.00180323 -0.00364711 -0.00559548 -0.00767326 -0.00984278 -0.0120791 -0.0143811 -0.0166778 -0.0188266 -0.0207271 -0.0223385 -0.0235936 -0.0243951 -0.0246909 -0.0244968 -0.0238664 -0.0228503 -0.0214777 -0.0198019 -0.0179389 -0.0160182 -0.0141254 -0.0123026 -0.0105673 -0.00894452 -0.00748475 -0.00623189 -0.00519907 -0.0043716 -0.00370923 -0.00316915 -0.00272423 -0.00235589 -0.00205658 -0.00182324 -0.00164669 -0.00151893 -0.00142898 -0.00136389 -0.0013162 -0.00127733 -0.00124267 -0.00121112 -0.00118008 -0.00115133 -0.00112487 -0.00110063 -0.00108018 -0.00106165 -0.00104567 -0.00103107 -0.0010166 -0.00100278 -0.000987839 -0.00097289 -0.000957363 -0.000941596 -0.000926618 -0.000911751 -0.000898574 -0.000886194 -0.000875453 -0.000866062 -0.000857619 -0.000850617 -0.000843819 -0.000838077 -0.000832137 -0.000826626 -0.000820917 -0.000815059 -0.00080925 -0.000802959 -0.000797003 -0.000790522 -0.000784563 -0.000778256 -0.000772515 -0.000766715 -0.0007614 -0.000756324 -0.000751584 -0.000747322 -0.00074323 -0.000739773 -0.000736338 -0.000733612 -0.000730799 -0.000728707 -0.000726457 -0.0007249 -0.000723147 -0.000722041 -0.000720724 -0.000720005 -0.000719073 -0.000718699 -0.000718113 -0.000718061 -0.000717799 -0.000718061 -0.000718113 -0.000718699 -0.000719073 -0.000720005 -0.000720724 -0.000722041 -0.000723147 -0.0007249 -0.000726457 -0.000728707 -0.000730799 -0.000733612 -0.000736338 -0.000739773 -0.00074323 -0.000747322 -0.000751584 -0.000756324 -0.0007614 -0.000766715 -0.000772515 -0.000778256 -0.000784563 -0.000790522 -0.000797003 -0.000802959 -0.00080925 -0.000815059 -0.000820917 -0.000826626 -0.000832137 -0.000838077 -0.000843819 -0.000850617 -0.000857619 -0.000866062 -0.000875453 -0.000886194 -0.000898574 -0.000911751 -0.000926618 -0.000941596 -0.000957363 -0.00097289 -0.000987839 -0.00100278 -0.0010166 -0.00103107 -0.00104567 -0.00106164 -0.00108016 -0.00110058 -0.00112471 -0.00115088 -0.0011789 -0.00120816 -0.00123564 -0.00126147 -0.00128225 -0.00129505 -0.00129682 -0.00127887 -0.00123417 -0.00115228 -0.0010219 -0.000837743 -0.000591858 -0.000276561 0.000121673 0.000634114 0.00129711 0.00214353 0.00318806 0.00440696 0.00575807 0.00720584 0.00872488 0.0102941 0.0118554 0.0132868 0.0144512 0.0152486 0.0156164 0.0155007 0.0148159 0.0134642 0.0114267 0.00877793 0.00559828 0.00195058 -0.00205839 -0.00626202 -0.0104741 -0.0145171 -0.0182268 -0.021444 -0.0240123 -0.0258085 
0 -0.00276969 -0.00559548 -0.00854649 -0.0116556 -0.0149029 -0.0182507 -0.0216357 -0.0249528 -0.0280854 -0.0309074 -0.0332681 -0.0350473 -0.0361897 -0.0366532 -0.0364112 -0.0355032 -0.0340023 -0.0319824 -0.0295559 -0.0268672 -0.0240544 -0.0212438 -0.0185237 -0.0159384 -0.013539 -0.0113842 -0.00951412 -0.00795188 -0.00668203 -0.00565457 -0.00482277 -0.00414321 -0.00358447 -0.00313543 -0.00278167 -0.002511 -0.00231289 -0.00216741 -0.0020618 -0.00198346 -0.00191952 -0.00186706 -0.0018195 -0.00177529 -0.00173555 -0.00169702 -0.0016627 -0.00163087 -0.00160104 -0.00157472 -0.00154864 -0.00152496 -0.00150165 -0.00147865 -0.00145708 -0.00143477 -0.00141431 -0.00139376 -0.00137449 -0.00135654 -0.00133899 -0.00132365 -0.0013083 -0.00129497 -0.0012819 -0.00126988 -0.0012587 -0.00124752 -0.00123763 -0.00122715 -0.00121801 -0.00120827 -0.00119953 -0.00119064 -0.00118223 -0.00117425 -0.00116625 -0.00115918 -0.00115176 -0.00114555 -0.00113886 -0.00113343 -0.00112756 -0.00112284 -0.00111782 -0.00111374 -0.00110956 -0.00110607 -0.0011027 -0.00109975 -0.00109712 -0.00109471 -0.00109276 -0.00109086 -0.00108954 -0.00108815 -0.00108742 -0.00108655 -0.00108637 -0.00108601 -0.00108637 -0.00108655 -0.00108742 -0.00108815 -0.00108954 -0.00109086 -0.00109276 -0.00109471 -0.00109712 -0.00109975 -0.0011027 -0.00110607 -0.00110956 -0.00111374 -0.00111782 -0.00112284 -0.00112756 -0.00113343 -0.00113886 -0.00114555 -0.00115176 -0.00115918 -0.00116625 -0.00117425 -0.00118223 -0.00119064 -0.00119953 -0.00120827 -0.00121801 -0.00122715 -0.00123763 -0.00124752 -0.0012587 -0.00126988 -0.0012819 -0.00129497 -0.0013083 -0.00132365 -0.00133899 -0.00135654 -0.00137449 -0.00139376 -0.00141431 -0.00143477 -0.00145708 -0.00147865 -0.00150165 -0.00152496 -0.00154864 -0.00157472 -0.00160103 -0.00163082 -0.00166257 -0.00169666 -0.0017346 -0.00177285 -0.0018136 -0.00185347 -0.00188978 -0.00192171 -0.00194019 -0.00194032 -0.00191099 -0.00183656 -0.00170723 -0.00150635 -0.00122328 -0.000850313 -0.000366613 0.000251322 0.00104333 0.00206115 0.00333563 0.00487787 0.00666844 0.00865652 0.0107995 0.0130531 0.0153428 0.0175671 0.0195814 0.021219 0.0223458 0.0228415 0.0225769 0.0214556 0.0194197 0.0164407 0.012557 0.00787441 0.00253668 -0.00326217 -0.0093055 -0.0153965 -0.0212861 -0.0266397 -0.0312014 -0.0348725 -0.0375288 
0 -0.00379685 -0.00767326 -0.0116556 -0.0157754 -0.0200811 -0.0245209 -0.028927 -0.0331698 -0.0371834 -0.0408176 -0.0438445 -0.0461197 -0.0475878 -0.0481943 -0.0479085 -0.04676 -0.0448262 -0.042243 -0.0391721 -0.0357456 -0.0321051 -0.0284183 -0.02482 -0.0214138 -0.0182814 -0.0154637 -0.0129925 -0.0108913 -0.00914217 -0.00771226 -0.00655836 -0.00562344 -0.00487153 -0.00427297 -0.00379798 -0.00343233 -0.00315306 -0.00293984 -0.00278146 -0.00265862 -0.00256392 -0.00249028 -0.00242755 -0.00237626 -0.00232892 -0.0022838 -0.0022414 -0.00219674 -0.0021543 -0.00211165 -0.00207022 -0.00203278 -0.00199635 -0.00196529 -0.00193625 -0.00191042 -0.00188764 -0.00186496 -0.00184509 -0.00182388 -0.00180395 -0.00178334 -0.00176231 -0.00174222 -0.0017209 -0.00170171 -0.00168169 -0.00166393 -0.00164654 -0.0016307 -0.00161646 -0.00160277 -0.00159147 -0.00157992 -0.00157086 -0.00156125 -0.00155366 -0.00154567 -0.00153892 -0.0015322 -0.00152591 -0.00152016 -0.00151418 -0.00150919 -0.00150351 -0.00149917 -0.00149388 -0.00149012 -0.00148535 -0.00148218 -0.00147803 -0.00147548 -0.00147203 -0.00147013 -0.00146745 -0.00146625 -0.00146436 -0.0014639 -0.0014628 -0.00146311 -0.0014628 -0.0014639 -0.00146436 -0.00146625 -0.00146745 -0.00147013 -0.00147203 -0.00147548 -0.00147803 -0.00148218 -0.00148535 -0.00149012 -0.00149388 -0.00149917 -0.00150351 -0.00150919 -0.00151418 -0.00152016 -0.00152591 -0.0015322 -0.00153892 -0.00154567 -0.00155366 -0.00156125 -0.00157086 -0.00157992 -0.00159147 -0.00160277 -0.00161646 -0.0016307 -0.00164654 -0.00166393 -0.00168169 -0.00170171 -0.0017209 -0.00174222 -0.00176231 -0.00178334 -0.00180395 -0.00182388 -0.00184509 -0.00186496 -0.00188764 -0.00191042 -0.00193625 -0.00196529 -0.00199635 -0.00203278 -0.00207022 -0.00211164 -0.00215427 -0.00219664 -0.00224113 -0.00228306 -0.00232701 -0.00237155 -0.00241654 -0.0024658 -0.00251221 -0.00255485 -0.00258379 -0.00258243 -0.00253943 -0.00243089 -0.00224103 -0.00195854 -0.00156442 -0.00104939 -0.000387351 0.000466225 0.00155497 0.00293484 0.00464036 0.00666761 0.00900176 0.0115994 0.0143945 0.0173128 0.020231 0.0229957 0.0254654 0.0274758 0.028838 0.0293632 0.0288674 0.0272434 0.0244935 0.0206235 0.0156244 0.00959362 0.00275206 -0.00464296 -0.0123245 -0.0200076 -0.0273873 -0.0341322 -0.0399331 -0.0445626 -0.0478364 
0 -0.00487942 -0.00984278 -0.0149029 -0.0200811 -0.0254108 -0.030817 -0.0361438 -0.0412759 -0.0460917 -0.0503879 -0.0539636 -0.0566816 -0.0584389 -0.0591801 -0.0588913 -0.0575639 -0.0552742 -0.0522164 -0.0485758 -0.0444951 -0.0401392 -0.035675 -0.0312675 -0.0270856 -0.0232297 -0.0197443 -0.0166722 -0.0140222 -0.0117845 -0.00994533 -0.00844876 -0.0072372 -0.00626687 -0.00548493 -0.00486499 -0.00438535 -0.00401437 -0.00373861 -0.00353236 -0.00337327 -0.00325306 -0.00315165 -0.00306592 -0.00299175 -0.00292095 -0.00285971 -0.00280091 -0.00274657 -0.00269805 -0.00264931 -0.00260652 -0.00256344 -0.00252246 -0.00248411 -0.00244437 -0.00240905 -0.00237239 -0.00233904 -0.0023072 -0.00227612 -0.00224917 -0.00222138 -0.00219808 -0.00217425 -0.00215308 -0.00213295 -0.00211296 -0.00209552 -0.0020765 -0.00206056 -0.00204276 -0.00202748 -0.00201126 -0.00199631 -0.00198187 -0.00196738 -0.00195475 -0.00194107 -0.0019301 -0.00191763 -0.00190811 -0.00189714 -0.00188885 -0.0018795 -0.00187228 -0.00186457 -0.00185828 -0.00185211 -0.00184669 -0.00184192 -0.00183733 -0.00183382 -0.00183004 -0.00182767 -0.00182469 -0.00182334 -0.00182118 -0.00182077 -0.00181944 -0.00181992 -0.00181944 -0.00182077 -0.00182118 -0.00182334 -0.00182469 -0.00182767 -0.00183004 -0.00183382 -0.00183733 -0.00184192 -0.00184669 -0.00185211 -0.00185828 -0.00186457 -0.00187228 -0.0018795 -0.00188885 -0.00189714 -0.00190811 -0.00191763 -0.0019301 -0.00194107 -0.00195475 -0.00196738 -0.00198187 -0.00199631 -0.00201126 -0.00202748 -0.00204276 -0.00206056 -0.0020765 -0.00209552 -0.00211296 -0.00213295 -0.00215308 -0.00217425 -0.00219808 -0.00222138 -0.00224917 -0.00227612 -0.0023072 -0.00233904 -0.00237239 -0.00240905 -0.00244437 -0.00248411 -0.00252246 -0.00256344 -0.00260651 -0.00264929 -0.00269798 -0.00274637 -0.00280035 -0.00285824 -0.00291728 -0.00298303 -0.00304625 -0.00310945 -0.00316704 -0.00320665 -0.0032258 -0.00320265 -0.00312303 -0.00297248 -0.00272327 -0.0023652 -0.00187275 -0.00121077 -0.000348389 0.000774394 0.00220675 0.00397631 0.0061102 0.00859756 0.011418 0.0145557 0.0179343 0.0214289 0.0248799 0.0280847 0.0308708 0.0330865 0.0345126 0.034914 0.0341152 0.0320013 0.0285492 0.0237964 0.0177722 0.0105859 0.00249789 -0.00619789 -0.0152141 -0.0241819 -0.0327161 -0.0405239 -0.047305 -0.0526857 -0.0564004 
0 -0.00601132 -0.0120791 -0.0182507 -0.0245209 -0.030817 -0.0370706 -0.0432391 -0.0491905 -0.0546791 -0.0595047 -0.0635451 -0.0666416 -0.0686489 -0.0695266 -0.0692502 -0.0678003 -0.0652798 -0.0618702 -0.0577481 -0.0531127 -0.0481448 -0.0429969 -0.0378761 -0.03298 -0.0284223 -0.0242885 -0.0206171 -0.017403 -0.0146631 -0.0123813 -0.0105052 -0.00899401 -0.00777812 -0.00679791 -0.00602503 -0.00541372 -0.00494144 -0.00458836 -0.00431647 -0.00411422 -0.00395664 -0.0038245 -0.00371798 -0.00361917 -0.0035321 -0.00345488 -0.0033799 -0.00331675 -0.00325468 -0.00319834 -0.00314702 -0.00309395 -0.00304761 -0.00299826 -0.0029525 -0.00290819 -0.00286301 -0.00282372 -0.00278209 -0.0027467 -0.00271125 -0.00267879 -0.00264985 -0.00262012 -0.00259594 -0.00256923 -0.00254742 -0.00252397 -0.00250282 -0.0024824 -0.00246138 -0.00244338 -0.00242287 -0.00240658 -0.00238736 -0.00237222 -0.00235499 -0.0023407 -0.00232587 -0.00231237 -0.00230002 -0.00228741 -0.00227735 -0.00226582 -0.00225775 -0.00224745 -0.00224106 -0.00223209 -0.00222711 -0.00221951 -0.00221573 -0.0022095 -0.0022068 -0.00220189 -0.0022002 -0.00219654 -0.00219584 -0.00219336 -0.00219367 -0.00219231 -0.00219367 -0.00219336 -0.00219584 -0.00219654 -0.0022002 -0.00220189 -0.0022068 -0.0022095 -0.00221573 -0.00221951 -0.00222711 -0.00223209 -0.00224106 -0.00224745 -0.00225775 -0.00226582 -0.00227735 -0.00228741 -0.00230002 -0.00231237 -0.00232587 -0.0023407 -0.00235499 -0.00237222 -0.00238736 -0.00240658 -0.00242287 -0.00244338 -0.00246138 -0.0024824 -0.00250282 -0.00252397 -0.00254742 -0.00256923 -0.00259594 -0.00262012 -0.00264985 -0.00267879 -0.00271125 -0.0027467 -0.00278209 -0.00282372 -0.00286301 -0.00290819 -0.0029525 -0.00299826 -0.00304761 -0.00309395 -0.003147 -0.00319829 -0.00325453 -0.00331633 -0.00337878 -0.00345205 -0.00352528 -0.00360358 -0.00368405 -0.00375429 -0.00381852 -0.00385598 -0.00385752 -0.00381233 -0.00369075 -0.0034867 -0.00317383 -0.00272288 -0.00211416 -0.00128828 -0.00019439 0.00121641 0.00300334 0.00517167 0.00771856 0.0106483 0.0139306 0.0175413 0.0214089 0.0253564 0.0291881 0.0327 0.0356692 0.0379108 0.0392187 0.0393511 0.0381538 0.0355394 0.0314246 0.025828 0.0188893 0.0107823 0.00173816 -0.00793362 -0.0178997 -0.0277826 -0.0371645 -0.0456889 -0.0530477 -0.0589021 -0.062979 
0 -0.00718694 -0.0143811 -0.0216357 -0.028927 -0.0361438 -0.0432391 -0.0501782 -0.0567692 -0.0627704 -0.0680554 -0.0725029 -0.0759191 -0.078163 -0.0791648 -0.0788864 -0.0773869 -0.0747787 -0.0711542 -0.0666866 -0.0616122 -0.0561088 -0.0503737 -0.0446452 -0.0391017 -0.0338988 -0.0291526 -0.0248769 -0.0210917 -0.0178231 -0.0150475 -0.0127575 -0.0109119 -0.00942381 -0.00824376 -0.00730485 -0.00655025 -0.00596443 -0.00550265 -0.00514536 -0.00487923 -0.00466667 -0.0045065 -0.00437717 -0.00426329 -0.00417079 -0.00407825 -0.00399453 -0.00391531 -0.00383359 -0.00376296 -0.00368933 -0.00362423 -0.00356413 -0.00350482 -0.0034564 -0.00340486 -0.00336193 -0.00331853 -0.00327626 -0.00323866 -0.00319632 -0.00316106 -0.00312078 -0.00308563 -0.00304978 -0.00301476 -0.00298427 -0.00295103 -0.00292529 -0.00289578 -0.0028734 -0.00284881 -0.00282851 -0.0028089 -0.00278989 -0.00277445 -0.00275653 -0.00274405 -0.00272738 -0.00271671 -0.00270158 -0.00269188 -0.00267855 -0.00266935 -0.00265798 -0.00264915 -0.00263977 -0.00263136 -0.00262393 -0.00261613 -0.00261055 -0.00260356 -0.00259972 -0.00259372 -0.00259153 -0.00258668 -0.00258604 -0.00258244 -0.00258329 -0.00258103 -0.00258329 -0.00258244 -0.00258604 -0.00258668 -0.00259153 -0.00259372 -0.00259972 -0.00260356 -0.00261055 -0.00261613 -0.00262393 -0.00263136 -0.00263977 -0.00264915 -0.00265798 -0.00266935 -0.00267855 -0.00269188 -0.00270158 -0.00271671 -0.00272738 -0.00274405 -0.00275653 -0.00277445 -0.00278989 -0.0028089 -0.00282851 -0.00284881 -0.0028734 -0.00289578 -0.00292529 -0.00295103 -0.00298427 -0.00301476 -0.00304978 -0.00308563 -0.00312078 -0.00316106 -0.00319632 -0.00323866 -0.00327626 -0.00331853 -0.00336193 -0.00340486 -0.0034564 -0.00350482 -0.00356412 -0.00362422 -0.0036893 -0.00376285 -0.00383327 -0.00391447 -0.00399237 -0.00407299 -0.0041586 -0.00423636 -0.00432058 -0.00439344 -0.00445192 -0.00449139 -0.00447892 -0.00441144 -0.00425737 -0.0039884 -0.00359627 -0.00303095 -0.00226172 -0.00124172 0.00010918 0.00182462 0.00394513 0.00649387 0.00944029 0.0127895 0.0165232 0.0205561 0.0247892 0.0290386 0.0330704 0.0367002 0.0397035 0.0418187 0.0428458 0.042595 0.0409053 0.0377103 0.0329563 0.0266464 0.0189738 0.010193 0.000499102 -0.00982381 -0.0203632 -0.0307298 -0.040561 -0.0494518 -0.0570427 -0.0630892 -0.0673729 
0 -0.00835981 -0.0166778 -0.0249528 -0.0331698 -0.0412759 -0.0491905 -0.0567692 -0.0638406 -0.0702853 -0.0759759 -0.0807292 -0.0844001 -0.0868697 -0.0880028 -0.0877901 -0.0863486 -0.0837312 -0.0799954 -0.0753297 -0.0699359 -0.0640225 -0.057851 -0.0516176 -0.0454953 -0.0396956 -0.0343276 -0.0294411 -0.0250985 -0.0212903 -0.0180173 -0.0152965 -0.0130621 -0.0112617 -0.00983555 -0.00868487 -0.00777492 -0.00705747 -0.00648285 -0.00604845 -0.00570711 -0.00544083 -0.00524094 -0.00506795 -0.00493148 -0.00481119 -0.00469776 -0.00460405 -0.00450604 -0.00442105 -0.00433987 -0.0042578 -0.00418926 -0.00411404 -0.00405045 -0.00398672 -0.00392429 -0.00387139 -0.00381228 -0.00376542 -0.00371374 -0.00366862 -0.00362607 -0.00358167 -0.00354641 -0.00350448 -0.00347292 -0.00343579 -0.00340499 -0.00337378 -0.00334271 -0.00331692 -0.00328627 -0.00326436 -0.00323563 -0.00321589 -0.00319048 -0.0031717 -0.00315038 -0.00313202 -0.00311487 -0.00309695 -0.00308356 -0.00306643 -0.00305614 -0.00304024 -0.00303238 -0.0030181 -0.0030121 -0.00299968 -0.00299516 -0.00298472 -0.00298146 -0.002973 -0.0029709 -0.00296433 -0.00296341 -0.00295862 -0.00295893 -0.00295577 -0.00295745 -0.00295577 -0.00295893 -0.00295862 -0.00296341 -0.00296433 -0.0029709 -0.002973 -0.00298146 -0.00298472 -0.00299516 -0.00299968 -0.0030121 -0.0030181 -0.00303238 -0.00304024 -0.00305614 -0.00306643 -0.00308356 -0.00309695 -0.00311487 -0.00313202 -0.00315038 -0.0031717 -0.00319048 -0.00321589 -0.00323563 -0.00326436 -0.00328627 -0.00331692 -0.00334271 -0.00337378 -0.00340499 -0.00343579 -0.00347292 -0.00350448 -0.00354641 -0.00358167 -0.00362607 -0.00366862 -0.00371374 -0.00376542 -0.00381228 -0.00387139 -0.00392429 -0.00398672 -0.00405044 -0.00411404 -0.00418924 -0.00425772 -0.00433964 -0.00442042 -0.00450442 -0.00460005 -0.00468834 -0.00479007 -0.00488643 -0.00497651 -0.00506445 -0.00511687 -0.00514131 -0.00510713 -0.00498757 -0.00478151 -0.00443871 -0.00394543 -0.00326635 -0.00232504 -0.00108588 0.000528269 0.00257304 0.00503987 0.00795506 0.0113015 0.0150362 0.0191462 0.0235151 0.027971 0.0323593 0.0364534 0.040028 0.0428768 0.044711 0.0452975 0.0445325 0.0422929 0.0384818 0.0331192 0.0262716 0.0180899 0.00884427 -0.00120587 -0.0117887 -0.0225067 -0.0329528 -0.0428 -0.0516871 -0.059245 -0.0652347 -0.0694714 
0 -0.00944123 -0.0188266 -0.0280854 -0.0371834 -0.0460917 -0.0546791 -0.0627704 -0.0702853 -0.077144 -0.0831459 -0.0881207 -0.0920001 -0.0946614 -0.0959784 -0.0959673 -0.0946656 -0.0920907 -0.0883629 -0.0836302 -0.0780508 -0.0719017 -0.0654279 -0.0587806 -0.0521801 -0.0458249 -0.0398363 -0.0343609 -0.0294523 -0.0250955 -0.021334 -0.0181443 -0.015482 -0.0133344 -0.0116004 -0.0102106 -0.00912102 -0.00824116 -0.00755472 -0.00702351 -0.00659501 -0.00627508 -0.00601281 -0.00579779 -0.00562983 -0.00547075 -0.0053441 -0.00522667 -0.00511569 -0.00502582 -0.00492737 -0.00484618 -0.00476302 -0.00468002 -0.00460925 -0.00452748 -0.00446186 -0.00438989 -0.00432493 -0.00426695 -0.00420413 -0.00415726 -0.00410127 -0.00405937 -0.00401348 -0.00397201 -0.00393575 -0.00389382 -0.0038638 -0.0038233 -0.00379547 -0.00375897 -0.00373061 -0.00369974 -0.00367008 -0.00364503 -0.00361494 -0.00359477 -0.00356582 -0.0035491 -0.00352284 -0.00350825 -0.00348573 -0.00347231 -0.003454 -0.00344126 -0.00342711 -0.0034149 -0.00340457 -0.00339298 -0.00338599 -0.00337521 -0.00337109 -0.00336134 -0.00335965 -0.00335113 -0.00335157 -0.00334442 -0.00334674 -0.00334109 -0.00334514 -0.00334109 -0.00334674 -0.00334442 -0.00335157 -0.00335113 -0.00335965 -0.00336134 -0.00337109 -0.00337521 -0.00338599 -0.00339298 -0.00340457 -0.0034149 -0.00342711 -0.00344126 -0.003454 -0.00347231 -0.00348573 -0.00350825 -0.00352284 -0.0035491 -0.00356582 -0.00359477 -0.00361494 -0.00364503 -0.00367008 -0.00369974 -0.00373061 -0.00375897 -0.00379547 -0.0038233 -0.0038638 -0.00389382 -0.00393575 -0.00397201 -0.00401348 -0.00405937 -0.00410127 -0.00415726 -0.00420413 -0.00426695 -0.00432493 -0.00438989 -0.00446186 -0.00452748 -0.00460924 -0.00468 -0.00476297 -0.00484602 -0.00492691 -0.00502462 -0.00511268 -0.00521948 -0.00532775 -0.00543532 -0.00555676 -0.00565445 -0.00574531 -0.00580008 -0.00579168 -0.00572715 -0.00555237 -0.00526743 -0.00484973 -0.00423745 -0.00341651 -0.00229824 -0.000807102 0.00108523 0.00345106 0.00627923 0.00954174 0.0132568 0.0173497 0.0217371 0.0263188 0.0308782 0.0352408 0.039244 0.0426139 0.0451015 0.0464829 0.046524 0.0451341 0.0422874 0.0379003 0.0320051 0.024764 0.0163104 0.00684449 -0.00328557 -0.0137353 -0.0242059 -0.034364 -0.0438648 -0.0523873 -0.0596255 -0.0653243 -0.0693014 
0 -0.0103842 -0.0207271 -0.0309074 -0.0408176 -0.0503879 -0.0595047 -0.0680554 -0.0759759 -0.0831459 -0.0893924 -0.0946005 -0.0986734 -0.101509 -0.103076 -0.10334 -0.102234 -0.0998313 -0.096259 -0.0915816 -0.085983 -0.0797399 -0.0730388 -0.0660929 -0.0591302 -0.0522843 -0.0457503 -0.0397087 -0.0341971 -0.0292835 -0.0249986 -0.0212953 -0.0182002 -0.0156652 -0.0135937 -0.0119533 -0.0106328 -0.00956654 -0.008737 -0.00806145 -0.00753983 -0.00714114 -0.00681229 -0.00657117 -0.0063624 -0.00618512 -0.00604174 -0.00589224 -0.00577209 -0.00564972 -0.00553355 -0.00543691 -0.00532874 -0.0052458 -0.00515626 -0.00507568 -0.00500615 -0.00492644 -0.0048677 -0.00479463 -0.00473603 -0.00467457 -0.00461213 -0.00456189 -0.0044991 -0.00445554 -0.00439888 -0.00435718 -0.00431121 -0.00426906 -0.00423431 -0.00419237 -0.00416608 -0.00412666 -0.0041048 -0.00407026 -0.00404938 -0.00402108 -0.00399925 -0.00397731 -0.00395409 -0.00393775 -0.00391375 -0.00390177 -0.00387809 -0.00386926 -0.00384696 -0.00384031 -0.00382026 -0.00381515 -0.00379786 -0.00379397 -0.00377967 -0.00377692 -0.0037656 -0.0037641 -0.00375559 -0.00375554 -0.0037496 -0.00375126 -0.00374761 -0.00375126 -0.0037496 -0.00375554 -0.00375559 -0.0037641 -0.0037656 -0.00377692 -0.00377967 -0.00379397 -0.00379786 -0.00381515 -0.00382026 -0.00384031 -0.00384696 -0.00386926 -0.00387809 -0.00390177 -0.00391375 -0.00393775 -0.00395409 -0.00397731 -0.00399925 -0.00402108 -0.00404938 -0.00407026 -0.0041048 -0.00412666 -0.00416608 -0.00419237 -0.00423431 -0.00426906 -0.00431121 -0.00435718 -0.00439888 -0.00445554 -0.0044991 -0.00456189 -0.00461213 -0.00467457 -0.00473603 -0.00479463 -0.0048677 -0.00492644 -0.00500615 -0.00507568 -0.00515624 -0.00524576 -0.00532862 -0.00543658 -0.00553267 -0.00564748 -0.00576668 -0.00587974 -0.00601422 -0.00612745 -0.00624739 -0.00635289 -0.00641804 -0.00646306 -0.00642755 -0.00631679 -0.00610975 -0.00574785 -0.00524109 -0.00451014 -0.00349473 -0.00215918 -0.000393057 0.00181593 0.00447733 0.00763099 0.011217 0.015225 0.019617 0.0242172 0.0288858 0.0334447 0.0376542 0.0413597 0.0443376 0.0462912 0.0470572 0.046501 0.0444794 0.040985 0.0360556 0.0297441 0.0222321 0.0137185 0.00436974 -0.00550684 -0.0155263 -0.0254166 -0.0349313 -0.04375 -0.0515849 -0.0582124 -0.0634083 -0.0670009 
0 -0.0112036 -0.0223385 -0.0332681 -0.0438445 -0.0539636 -0.0635451 -0.0725029 -0.0807292 -0.0881207 -0.0946005 -0.100051 -0.10433 -0.107404 -0.109275 -0.10983 -0.109023 -0.106938 -0.10362 -0.0991469 -0.0937173 -0.0874965 -0.0806876 -0.0735734 -0.0663118 -0.0590605 -0.052067 -0.0454631 -0.0393688 -0.033909 -0.0290584 -0.0248385 -0.021276 -0.0182847 -0.0158503 -0.0138992 -0.0123058 -0.0110504 -0.010038 -0.00921782 -0.00859419 -0.0080822 -0.00769124 -0.00738996 -0.00712597 -0.00693056 -0.00674387 -0.00658113 -0.0064442 -0.00629508 -0.00618017 -0.00605492 -0.00594277 -0.00584585 -0.00573601 -0.00565588 -0.00555923 -0.00548088 -0.0054043 -0.00532255 -0.00526207 -0.00518259 -0.00512804 -0.0050594 -0.00500285 -0.00494901 -0.00488916 -0.00484764 -0.0047886 -0.00475334 -0.00470068 -0.004666 -0.00462341 -0.00458644 -0.00455444 -0.00451535 -0.00449195 -0.00445288 -0.00443496 -0.00439852 -0.00438313 -0.00435144 -0.00433649 -0.00431073 -0.00429516 -0.00427558 -0.00425921 -0.00424543 -0.00422858 -0.00421989 -0.00420314 -0.00419874 -0.00418268 -0.00418186 -0.004167 -0.00416922 -0.00415594 -0.0041608 -0.00414936 -0.00415659 -0.00414718 -0.00415659 -0.00414936 -0.0041608 -0.00415594 -0.00416922 -0.004167 -0.00418186 -0.00418268 -0.00419874 -0.00420314 -0.00421989 -0.00422858 -0.00424543 -0.00425921 -0.00427558 -0.00429516 -0.00431073 -0.00433649 -0.00435144 -0.00438313 -0.00439852 -0.00443496 -0.00445288 -0.00449195 -0.00451535 -0.00455444 -0.00458644 -0.00462341 -0.004666 -0.00470068 -0.00475334 -0.0047886 -0.00484764 -0.00488916 -0.00494901 -0.00500285 -0.0050594 -0.00512804 -0.00518259 -0.00526206 -0.00532255 -0.0054043 -0.00548088 -0.00555923 -0.00565587 -0.00573598 -0.00584576 -0.00594253 -0.00605428 -0.00617853 -0.00629105 -0.00643476 -0.00656003 -0.00669892 -0.00683939 -0.00694998 -0.00706657 -0.00712533 -0.00713809 -0.00708927 -0.0069179 -0.00665178 -0.00621841 -0.00557957 -0.00471279 -0.0034943 -0.00189918 0.000126331 0.00264848 0.00561225 0.00904344 0.0129382 0.0171968 0.0217733 0.0264978 0.0311311 0.0355331 0.0394825 0.0427345 0.0451276 0.0464353 0.0464871 0.0452471 0.042613 0.0385199 0.0331003 0.026515 0.0189115 0.01052 0.00157969 -0.00768322 -0.0169923 -0.0260666 -0.0346456 -0.0424707 -0.0493468 -0.0551333 -0.0596579 -0.0627751 
0 -0.0118737 -0.0235936 -0.0350473 -0.0461197 -0.0566816 -0.0666416 -0.0759191 -0.0844001 -0.0920001 -0.0986734 -0.10433 -0.108881 -0.112297 -0.114507 -0.115424 -0.115039 -0.113349 -0.110382 -0.106289 -0.101176 -0.0951277 -0.0883934 -0.0811987 -0.0736996 -0.0661503 -0.0587422 -0.0516208 -0.0450117 -0.0389912 -0.0335738 -0.0288387 -0.0247367 -0.0212547 -0.0184067 -0.0160658 -0.0141891 -0.0127038 -0.0114826 -0.010529 -0.00975981 -0.00913197 -0.00866148 -0.00825931 -0.00794984 -0.00770205 -0.00747206 -0.00730342 -0.00712894 -0.00698129 -0.00685122 -0.00670634 -0.00659773 -0.00646682 -0.00635745 -0.00625225 -0.00613819 -0.00605497 -0.0059486 -0.00587377 -0.00578822 -0.00571177 -0.00564917 -0.00557108 -0.00552271 -0.00544983 -0.00540389 -0.00534297 -0.00529198 -0.0052451 -0.00518843 -0.00515276 -0.00509479 -0.00506504 -0.00501159 -0.00498283 -0.00493833 -0.00490766 -0.00487393 -0.00484074 -0.00481726 -0.00478257 -0.00476738 -0.00473296 -0.00472363 -0.00469127 -0.00468562 -0.00465664 -0.00465306 -0.00462825 -0.0046258 -0.00460543 -0.00460369 -0.00458765 -0.00458663 -0.00457456 -0.00457451 -0.00456593 -0.00456728 -0.00456165 -0.00456487 -0.00456165 -0.00456728 -0.00456593 -0.00457451 -0.00457456 -0.00458663 -0.00458765 -0.00460369 -0.00460543 -0.0046258 -0.00462825 -0.00465306 -0.00465664 -0.00468562 -0.00469127 -0.00472363 -0.00473296 -0.00476738 -0.00478257 -0.00481726 -0.00484074 -0.00487393 -0.00490766 -0.00493833 -0.00498283 -0.00501159 -0.00506504 -0.00509479 -0.00515276 -0.00518843 -0.0052451 -0.00529198 -0.00534297 -0.00540389 -0.00544983 -0.00552271 -0.00557108 -0.00564917 -0.00571177 -0.00578822 -0.00587377 -0.00594859 -0.00605496 -0.00613818 -0.00625223 -0.00635739 -0.00646665 -0.00659727 -0.00670516 -0.00684827 -0.00697426 -0.00711296 -0.00726883 -0.00740071 -0.00756191 -0.00768774 -0.0077925 -0.00786902 -0.00784743 -0.00776582 -0.00755226 -0.00718489 -0.0066653 -0.00588174 -0.00482446 -0.00341346 -0.00154993 0.000740947 0.00352325 0.00679357 0.0104879 0.0146347 0.0191195 0.0237726 0.0284689 0.0329591 0.0370434 0.0405795 0.0432946 0.044986 0.0455591 0.0448757 0.0428825 0.0395995 0.0350182 0.0292599 0.0225596 0.0150869 0.00703459 -0.00131428 -0.00972804 -0.0180362 -0.0260215 -0.0334345 -0.0400764 -0.0458289 -0.0506119 -0.0543274 -0.0568832 
0 -0.0123006 -0.0243951 -0.0361897 -0.0475878 -0.0584389 -0.0686489 -0.078163 -0.0868697 -0.0946614 -0.101509 -0.107404 -0.112297 -0.116085 -0.118684 -0.120072 -0.120202 -0.11901 -0.116568 -0.112981 -0.108276 -0.102569 -0.0960507 -0.088873 -0.0812912 -0.0735505 -0.0657877 -0.0582453 -0.0511317 -0.044525 -0.0385631 -0.0332728 -0.028614 -0.0246519 -0.021322 -0.0185614 -0.0163566 -0.0145542 -0.0131083 -0.0119676 -0.0110195 -0.0102908 -0.00970336 -0.00922137 -0.00886532 -0.00854187 -0.00829077 -0.00807428 -0.0078618 -0.00770263 -0.0075239 -0.00737957 -0.00724296 -0.0070986 -0.00699305 -0.00685961 -0.00676151 -0.00665334 -0.00654845 -0.00646585 -0.00635816 -0.00628837 -0.00619152 -0.00612077 -0.00604474 -0.00596791 -0.00591251 -0.00583399 -0.00579114 -0.00571952 -0.00567943 -0.00562157 -0.00557781 -0.00553575 -0.00548693 -0.00545819 -0.0054068 -0.00538651 -0.00533669 -0.00531982 -0.00527541 -0.00525826 -0.00522174 -0.00520236 -0.00517467 -0.00515268 -0.00513355 -0.00510954 -0.00509801 -0.00507306 -0.0050679 -0.00504315 -0.00504321 -0.00501961 -0.00502396 -0.00500221 -0.00501017 -0.00499074 -0.0050019 -0.00498505 -0.00499913 -0.00498505 -0.0050019 -0.00499074 -0.00501017 -0.00500221 -0.00502396 -0.00501961 -0.00504321 -0.00504315 -0.0050679 -0.00507306 -0.00509801 -0.00510954 -0.00513355 -0.00515268 -0.00517467 -0.00520236 -0.00522174 -0.00525826 -0.00527541 -0.00531982 -0.00533669 -0.00538651 -0.0054068 -0.00545819 -0.00548693 -0.00553575 -0.00557781 -0.00562157 -0.00567943 -0.00571952 -0.00579114 -0.00583399 -0.00591251 -0.00596791 -0.00604474 -0.00612077 -0.00619152 -0.00628837 -0.00635816 -0.00646585 -0.00654845 -0.00665333 -0.00676149 -0.00685957 -0.00699294 -0.00709828 -0.00724211 -0.00737743 -0.00751873 -0.00769069 -0.00783553 -0.00801915 -0.00818057 -0.00833207 -0.00848488 -0.00856389 -0.00861893 -0.00857958 -0.00842661 -0.0081761 -0.00772514 -0.00708768 -0.00618646 -0.00491647 -0.00327965 -0.00116832 0.00142518 0.00445928 0.00799106 0.0119443 0.0162506 0.0208475 0.0254962 0.030017 0.0342531 0.0379457 0.0409199 0.0429923 0.0439376 0.0436999 0.0422645 0.039565 0.0356619 0.030699 0.0248061 0.0181675 0.0110009 0.00352025 -0.00403622 -0.0114554 -0.018573 -0.0252253 -0.0312764 -0.0366375 -0.0412097 -0.044908 -0.0477191 -0.0496399 
0 -0.0124329 -0.0246909 -0.0366532 -0.0481943 -0.0591801 -0.0695266 -0.0791648 -0.0880028 -0.0959784 -0.103076 -0.109275 -0.114507 -0.118684 -0.121754 -0.123687 -0.124416 -0.123895 -0.122133 -0.119135 -0.114963 -0.109736 -0.103539 -0.0965492 -0.0890424 -0.0811912 -0.0731994 -0.0653236 -0.0577145 -0.0505715 -0.0440586 -0.0381722 -0.032978 -0.0284881 -0.0246302 -0.0214377 -0.0188174 -0.0166668 -0.0149668 -0.0135716 -0.012453 -0.0115794 -0.0108476 -0.010295 -0.00983973 -0.00945684 -0.00916818 -0.00888433 -0.008663 -0.00845639 -0.00825444 -0.00810078 -0.00792115 -0.00778597 -0.00764415 -0.0075064 -0.0073996 -0.00726333 -0.00717114 -0.00705262 -0.00695614 -0.00686465 -0.00676021 -0.00669066 -0.00658823 -0.00652723 -0.00643979 -0.0063759 -0.00631018 -0.00623982 -0.00619379 -0.0061208 -0.00608666 -0.00601824 -0.00598726 -0.00592969 -0.00589576 -0.00585214 -0.00581293 -0.00578303 -0.00573938 -0.00572069 -0.00567521 -0.00566433 -0.00562004 -0.00561378 -0.00557319 -0.00556917 -0.00553395 -0.00553074 -0.00550166 -0.00549865 -0.00547579 -0.00547301 -0.00545597 -0.00545382 -0.00544195 -0.00544107 -0.0054336 -0.0054347 -0.00543082 -0.0054347 -0.0054336 -0.00544107 -0.00544195 -0.00545382 -0.00545597 -0.00547301 -0.00547579 -0.00549865 -0.00550166 -0.00553074 -0.00553395 -0.00556917 -0.00557319 -0.00561378 -0.00562004 -0.00566433 -0.00567521 -0.00572069 -0.00573938 -0.00578303 -0.00581293 -0.00585214 -0.00589576 -0.00592969 -0.00598726 -0.00601824 -0.00608666 -0.0061208 -0.00619379 -0.00623982 -0.00631018 -0.0063759 -0.00643979 -0.00652723 -0.00658823 -0.00669066 -0.00676021 -0.00686465 -0.00695614 -0.00705262 -0.00717114 -0.00726332 -0.00739958 -0.00750632 -0.00764393 -0.00778538 -0.00791963 -0.00809703 -0.00824564 -0.00843669 -0.00862095 -0.00879879 -0.00900237 -0.00915061 -0.00930075 -0.00938999 -0.00939482 -0.00934305 -0.00913698 -0.00880889 -0.00829963 -0.00751911 -0.00646748 -0.00500767 -0.00310392 -0.000756907 0.00210613 0.00541307 0.00914851 0.0133069 0.0177255 0.022291 0.0268315 0.0310944 0.0349397 0.0381638 0.0405044 0.0418232 0.0420019 0.040969 0.0387744 0.0354578 0.0310921 0.0258761 0.0200034 0.0136211 0.00693319 0.000197502 -0.00636695 -0.0126201 -0.0184386 -0.023683 -0.0282937 -0.0322928 -0.0356377 -0.0382474 -0.0401493 -0.0414084 
0 -0.0123071 -0.0244968 -0.0364112 -0.0479085 -0.0588913 -0.0692502 -0.0788864 -0.0877901 -0.0959673 -0.10334 -0.10983 -0.115424 -0.120072 -0.123687 -0.12622 -0.127646 -0.127905 -0.12691 -0.124642 -0.121167 -0.116533 -0.110806 -0.104174 -0.0968327 -0.0889902 -0.0809106 -0.0727769 -0.0647813 -0.0571797 -0.0500925 -0.0436205 -0.0378598 -0.0327695 -0.0283817 -0.0246986 -0.0216138 -0.0191157 -0.0170906 -0.0154259 -0.0141119 -0.0130232 -0.0121499 -0.0114692 -0.01089 -0.0104561 -0.0100843 -0.0097674 -0.00952107 -0.0092653 -0.00906748 -0.00886541 -0.00867358 -0.00851707 -0.00833287 -0.00819853 -0.0080432 -0.00791016 -0.00779361 -0.00765939 -0.00757038 -0.00744735 -0.00736521 -0.00726582 -0.00717666 -0.00710283 -0.00700633 -0.00694938 -0.00685492 -0.0068025 -0.00672089 -0.00666395 -0.00660127 -0.00653727 -0.00649321 -0.00642516 -0.00639484 -0.00632844 -0.0063054 -0.00624618 -0.00622486 -0.0061765 -0.00615336 -0.00611729 -0.00609096 -0.00606677 -0.00603747 -0.00602365 -0.0059925 -0.00598715 -0.00595554 -0.00595685 -0.00592607 -0.00593259 -0.00590363 -0.00591435 -0.00588786 -0.00590216 -0.00587849 -0.00589605 -0.00587539 -0.00589605 -0.00587849 -0.00590216 -0.00588786 -0.00591435 -0.00590363 -0.00593259 -0.00592607 -0.00595685 -0.00595554 -0.00598715 -0.0059925 -0.00602365 -0.00603747 -0.00606677 -0.00609096 -0.00611729 -0.00615336 -0.0061765 -0.00622486 -0.00624618 -0.0063054 -0.00632844 -0.00639484 -0.00642516 -0.00649321 -0.00653727 -0.00660127 -0.00666395 -0.00672089 -0.0068025 -0.00685492 -0.00694938 -0.00700633 -0.00710283 -0.00717666 -0.00726582 -0.00736521 -0.00744735 -0.00757038 -0.00765939 -0.0077936 -0.00791014 -0.00804314 -0.00819838 -0.00833246 -0.008516 -0.00867089 -0.00885901 -0.00905291 -0.00923366 -0.00945555 -0.00963804 -0.00984089 -0.0100197 -0.0101436 -0.0102496 -0.0102409 -0.01015 -0.00993224 -0.00951423 -0.00891307 -0.00800114 -0.00673437 -0.00507602 -0.00292312 -0.000321806 0.00274204 0.00627993 0.0101958 0.0144613 0.0189419 0.0234123 0.0277242 0.0316658 0.0350215 0.0376348 0.0392874 0.0398281 0.03924 0.0375088 0.03466 0.0308175 0.0261503 0.0208522 0.0151254 0.00916754 0.00318146 -0.00263623 -0.00810741 -0.0130973 -0.0175358 -0.0213791 -0.0246013 -0.0272308 -0.0293102 -0.0308591 -0.0319231 -0.0325678 
0 -0.0119774 -0.0238664 -0.0355032 -0.04676 -0.0575639 -0.0678003 -0.0773869 -0.0863486 -0.0946656 -0.102234 -0.109023 -0.115039 -0.120202 -0.124416 -0.127646 -0.129845 -0.130922 -0.130792 -0.129401 -0.126735 -0.122824 -0.117745 -0.111607 -0.10458 -0.0969151 -0.088845 -0.0805586 -0.0722995 -0.0642764 -0.0566616 -0.0496425 -0.0432778 -0.0375967 -0.0326578 -0.0284093 -0.0248408 -0.0219159 -0.0194992 -0.0175535 -0.0159743 -0.0146705 -0.0136447 -0.0127915 -0.0121106 -0.0115744 -0.0111063 -0.0107492 -0.0104225 -0.0101403 -0.00990598 -0.00966043 -0.00947079 -0.00926665 -0.00908683 -0.00892782 -0.00875112 -0.00862174 -0.00846241 -0.00833999 -0.00821193 -0.00808502 -0.00798763 -0.00786126 -0.00778122 -0.00766857 -0.00759067 -0.00750155 -0.00741784 -0.00735287 -0.00726477 -0.00721667 -0.00713138 -0.00709005 -0.00701541 -0.00697263 -0.00691354 -0.00686531 -0.00682266 -0.00676908 -0.00674061 -0.00668439 -0.00666628 -0.00661104 -0.00659937 -0.00654838 -0.00654001 -0.00649555 -0.00648846 -0.00645169 -0.0064449 -0.00641607 -0.00640943 -0.00638812 -0.006382 -0.00636745 -0.00636253 -0.00635379 -0.0063509 -0.006347 -0.00634704 -0.006347 -0.0063509 -0.00635379 -0.00636253 -0.00636745 -0.006382 -0.00638812 -0.00640943 -0.00641607 -0.0064449 -0.00645169 -0.00648846 -0.00649555 -0.00654001 -0.00654838 -0.00659937 -0.00661104 -0.00666628 -0.00668439 -0.00674061 -0.00676908 -0.00682266 -0.00686531 -0.00691354 -0.00697263 -0.00701541 -0.00709005 -0.00713138 -0.00721667 -0.00726477 -0.00735287 -0.00741784 -0.00750155 -0.00759067 -0.00766857 -0.00778122 -0.00786126 -0.00798763 -0.00808502 -0.00821193 -0.00833999 -0.0084624 -0.00862171 -0.00875102 -0.00892754 -0.00908609 -0.00926476 -0.0094662 -0.00964981 -0.0098825 -0.0100907 -0.0103229 -0.0105584 -0.0107575 -0.0109664 -0.0110987 -0.0111798 -0.0111799 -0.0110347 -0.0107722 -0.0102911 -0.00955526 -0.00851663 -0.00705408 -0.00516927 -0.00281463 2.83825e-05 0.0032961 0.00700293 0.0110807 0.0153949 0.0198211 0.0241351 0.0281293 0.0316454 0.0344654 0.0363967 0.0373111 0.037122 0.0358271 0.0334749 0.0301309 0.0259328 0.0211103 0.0159033 0.0105003 0.00510982 -2.52766e-05 -0.00476685 -0.00906314 -0.0128006 -0.0158822 -0.0183444 -0.0202442 -0.0215986 -0.0224895 -0.0230505 -0.0233607 -0.023465 
0 -0.01147 -0.0228503 -0.0340023 -0.0448262 -0.0552742 -0.0652798 -0.0747787 -0.0837312 -0.0920907 -0.0998313 -0.106938 -0.113349 -0.11901 -0.123895 -0.127905 -0.130922 -0.132887 -0.133708 -0.133257 -0.131498 -0.128461 -0.124172 -0.118702 -0.112198 -0.10486 -0.096918 -0.0886144 -0.0801729 -0.0718098 -0.063764 -0.0562171 -0.0492732 -0.0430225 -0.0374814 -0.0326507 -0.0285519 -0.0251146 -0.022283 -0.0199876 -0.0180989 -0.016577 -0.0153374 -0.0143139 -0.0135052 -0.012824 -0.0122745 -0.0118246 -0.0114226 -0.0111042 -0.0108004 -0.0105403 -0.0103105 -0.010078 -0.00989323 -0.00968989 -0.00952014 -0.00935333 -0.00918484 -0.00904984 -0.00888887 -0.00877028 -0.00863103 -0.00851487 -0.00840515 -0.00828761 -0.00820343 -0.0080904 -0.00802015 -0.00792083 -0.00785288 -0.00777339 -0.00770142 -0.0076421 -0.00756611 -0.00752248 -0.00744669 -0.00741219 -0.00734207 -0.00731068 -0.00725065 -0.00721836 -0.00717075 -0.00713583 -0.00710098 -0.00706354 -0.00704034 -0.00700155 -0.00698822 -0.00694962 -0.00694432 -0.00690735 -0.00690847 -0.00687424 -0.00688061 -0.00684985 -0.00686072 -0.00683379 -0.00684879 -0.00682583 -0.00684482 -0.00682583 -0.00684879 -0.00683379 -0.00686072 -0.00684985 -0.00688061 -0.00687424 -0.00690847 -0.00690735 -0.00694432 -0.00694962 -0.00698822 -0.00700155 -0.00704034 -0.00706354 -0.00710098 -0.00713583 -0.00717075 -0.00721836 -0.00725065 -0.00731068 -0.00734207 -0.00741219 -0.00744669 -0.00752248 -0.00756611 -0.0076421 -0.00770142 -0.00777339 -0.00785288 -0.00792083 -0.00802015 -0.0080904 -0.00820343 -0.00828761 -0.00840515 -0.00851487 -0.00863103 -0.00877028 -0.00888886 -0.00904983 -0.00918482 -0.00935326 -0.00951995 -0.00968937 -0.00989191 -0.0100748 -0.0103029 -0.0105231 -0.0107635 -0.0110286 -0.0112749 -0.0115494 -0.0117856 -0.0119947 -0.0121601 -0.0122218 -0.0122045 -0.0120368 -0.0116948 -0.0111463 -0.0102864 -0.00908399 -0.00745924 -0.00535992 -0.0028056 0.000225958 0.00370056 0.00755779 0.0117324 0.016058 0.0203394 0.0243906 0.0280114 0.0310218 0.0332474 0.034517 0.0347256 0.0338659 0.0319737 0.0291005 0.0253835 0.0210347 0.0162681 0.0113211 0.00642923 0.00177518 -0.00245502 -0.00611497 -0.00918493 -0.0116527 -0.013462 -0.01465 -0.0153208 -0.0155424 -0.0154276 -0.0151447 -0.0147873 -0.0144045 
