0 0 0 0 0 0 0 0 0 0 0 0 0 0 0 0 0 0 0 0 0 0 0 0 0 0 0 0 0 0 0 0 0 0 0 0 0 0 0 0 0 0 0 0 0 0 0 0 0 0 0 0 0 0 0 0 0 0 0 0 0 0 0 0 0 0 0 0 0 0 0 0 0 0 0 0 0 0 0 0 0 0 0 0 0 0 0 0 0 0 0 0 0 0 0 0 0 0 0 0 0 0 0 0 0 0 0 0 0 0 0 0 0 0 0 0 0 0 0 0 0 0 0 0 0 0 0 0 0 0 0 0 0 0 0 0 0 0 0 0 0 0 0 0 0 0 0 0 0 0 0 0 0 0 0 0 0 0 0 0 0 0 0 0 0 0 0 0 0 0 0 0 0 0 0 0 0 0 0 0 0 0 0 0 0 0 0 0 0 0 0 0 0 0 0 0 0 0 0 0 
0 -0.000475596 -0.00101271 -0.0016119 -0.00223682 -0.00287908 -0.00356691 -0.00431634 -0.00510295 -0.00588299 -0.00661996 -0.00728738 -0.00786409 -0.00833427 -0.00868662 -0.0089136 -0.00901407 -0.00899195 -0.00885095 -0.00859551 -0.00823672 -0.00779474 -0.00729724 -0.00677477 -0.0062529 -0.0057469 -0.00526301 -0.0048022 -0.00436465 -0.00395345 -0.00357438 -0.00323315 -0.00293327 -0.00267406 -0.00245079 -0.00225678 -0.00208536 -0.00193155 -0.00179305 -0.00166944 -0.00156126 -0.00146886 -0.00139139 -0.00132683 -0.00127221 -0.00122419 -0.00117996 -0.00113754 -0.00109608 -0.00105574 -0.00101726 -0.00098172 -0.000949971 -0.00092248 -0.000899245 -0.000879709 -0.000863061 -0.000848278 -0.00083439 -0.000820631 -0.000806442 -0.000791633 -0.000776207 -0.000760423 -0.000744646 -0.000729273 -0.000714717 -0.000701263 -0.000689157 -0.000678475 -0.000669234 -0.000661339 -0.000654634 -0.000648944 -0.00064404 -0.000639749 -0.00063586 -0.000632245 -0.00062876 -0.000625334 -0.000621901 -0.000618436 -0.000614937 -0.000611407 -0.000607882 -0.000604377 -0.000600949 -0.00059761 -0.000594419 -0.000591383 -0.000588555 -0.000585934 -0.000583562 -0.000581434 -0.000579581 -0.000577994 -0.000576696 -0.000575676 -0.000574952 -0.000574512 -0.000574369 -0.000574512 -0.000574952 -0.000575676 -0.000576696 -0.000577994 -0.000579581 -0.000581434 -0.000583562 -0.000585934 -0.000588555 -0.000591383 -0.000594419 -0.00059761 -0.000600949 -0.000604377 -0.000607882 -0.000611407 -0.000614937 -0.000618436 -0.000621901 -0.000625334 -0.00062876 -0.000632245 -0.00063586 -0.000639749 -0.00064404 -0.000648944 -0.000654634 -0.000661339 -0.000669234 -0.000678475 -0.000689157 -0.000701263 -0.000714717 -0.000729273 -0.000744646 -0.000760423 -0.000776207 -0.000791633 -0.000806442 -0.000820631 -0.00083439 -0.000848278 -0.000863061 -0.000879709 -0.000899245 -0.00092248 -0.000949971 -0.00098172 -0.00101726 -0.00105574 -0.00109608 -0.00113754 -0.00117996 -0.00122419 -0.00127221 -0.00132683 -0.00139139 -0.00146886 -0.00156126 -0.00166944 -0.00179305 -0.00193155 -0.00208536 -0.00225678 -0.00245078 -0.00267403 -0.00293317 -0.00323288 -0.00357362 -0.0039515 -0.00435987 -0.00479123 -0.00523928 -0.0056986 -0.0061604 -0.00660819 -0.00701518 -0.00734537 -0.00756148 -0.00763377 -0.00754126 -0.00726499 -0.00677582 -0.00602553 -0.00495797 -0.00354017 -0.00178726 0.000241594 0.00247644 0.00487641 0.00743254 0.010111 0.012794 0.015308 0.0175256 0.0194133 0.0209607 0.0220879 
0 -0.00101271 -0.00208289 -0.0032395 -0.00448169 -0.00579715 -0.00717746 -0.00862114 -0.0101208 -0.0116387 -0.0130971 -0.0144081 -0.0155172 -0.0164122 -0.0170969 -0.0175657 -0.0178006 -0.0177828 -0.0175088 -0.017001 -0.0163027 -0.0154639 -0.0145321 -0.0135476 -0.0125417 -0.0115405 -0.0105665 -0.00963785 -0.00876804 -0.00796552 -0.00723329 -0.00657071 -0.0059754 -0.00544393 -0.00497303 -0.00455938 -0.0041988 -0.0038864 -0.00361636 -0.00338218 -0.00317776 -0.00299761 -0.00283741 -0.00269428 -0.00256617 -0.00245185 -0.00235031 -0.00226035 -0.00218068 -0.00210968 -0.00204564 -0.00198701 -0.00193238 -0.00188083 -0.00183177 -0.00178498 -0.00174057 -0.0016987 -0.00165964 -0.00162355 -0.00159047 -0.00156033 -0.00153285 -0.00150777 -0.00148464 -0.00146311 -0.0014428 -0.00142341 -0.00140473 -0.00138657 -0.0013689 -0.00135167 -0.00133494 -0.00131874 -0.00130317 -0.00128829 -0.00127416 -0.00126086 -0.00124839 -0.0012368 -0.00122605 -0.00121616 -0.00120707 -0.00119876 -0.00119119 -0.0011843 -0.00117806 -0.00117241 -0.00116733 -0.00116276 -0.00115868 -0.00115506 -0.00115188 -0.0011491 -0.00114673 -0.00114474 -0.00114313 -0.00114187 -0.00114099 -0.00114045 -0.00114028 -0.00114045 -0.00114099 -0.00114187 -0.00114313 -0.00114474 -0.00114673 -0.0011491 -0.00115188 -0.00115506 -0.00115868 -0.00116276 -0.00116733 -0.00117241 -0.00117806 -0.0011843 -0.00119119 -0.00119876 -0.00120707 -0.00121616 -0.00122605 -0.0012368 -0.00124839 -0.00126086 -0.00127416 -0.00128829 -0.00130317 -0.00131874 -0.00133494 -0.00135167 -0.0013689 -0.00138657 -0.00140473 -0.00142341 -0.0014428 -0.00146311 -0.00148464 -0.00150777 -0.00153285 -0.00156033 -0.00159047 -0.00162355 -0.00165964 -0.0016987 -0.00174057 -0.00178498 -0.00183177 -0.00188083 -0.00193238 -0.00198701 -0.00204564 -0.00210968 -0.00218068 -0.00226035 -0.00235031 -0.00245185 -0.00256617 -0.00269428 -0.00283741 -0.00299761 -0.00317776 -0.00338218 -0.00361636 -0.00388639 -0.00419879 -0.00455937 -0.004973 -0.00544384 -0.00597513 -0.00656997 -0.00723131 -0.00796056 -0.00875629 -0.00961165 -0.0105114 -0.0114311 -0.0123373 -0.0131875 -0.0139343 -0.0145272 -0.014913 -0.0150376 -0.0148431 -0.0142639 -0.013226 -0.011653 -0.00947881 -0.00667086 -0.00324891 0.000721006 0.00515012 0.00994614 0.0150135 0.0202278 0.0254037 0.0303044 0.0347098 0.0384703 0.0414769 0.0435965 
0 -0.0016119 -0.0032395 -0.00494281 -0.00678324 -0.00875569 -0.0108051 -0.0128994 -0.0150395 -0.0171942 -0.0192658 -0.0211388 -0.022739 -0.0240412 -0.0250428 -0.0257371 -0.0261 -0.0261035 -0.0257446 -0.0250574 -0.0241002 -0.0229399 -0.0216395 -0.02025 -0.0188137 -0.0173697 -0.0159532 -0.014594 -0.0133153 -0.01213 -0.0110425 -0.0100524 -0.00915622 -0.00835027 -0.0076317 -0.00699688 -0.00644107 -0.00595797 -0.00553899 -0.00517485 -0.00485645 -0.00457546 -0.00432575 -0.00410279 -0.00390347 -0.00372586 -0.00356803 -0.00342815 -0.00330411 -0.00319335 -0.00309356 -0.00300234 -0.0029178 -0.00283862 -0.0027638 -0.00269308 -0.00262627 -0.00256352 -0.002505 -0.00245069 -0.00240067 -0.00235463 -0.00231232 -0.00227329 -0.00223707 -0.00220326 -0.00217135 -0.00214109 -0.00211213 -0.00208435 -0.0020576 -0.00203184 -0.00200709 -0.00198334 -0.00196069 -0.00193911 -0.00191872 -0.00189947 -0.00188143 -0.00186455 -0.00184884 -0.00183427 -0.00182077 -0.00180834 -0.00179687 -0.00178638 -0.00177675 -0.001768 -0.00176002 -0.00175283 -0.00174634 -0.00174057 -0.00173545 -0.001731 -0.00172715 -0.00172394 -0.00172131 -0.00171928 -0.00171783 -0.00171697 -0.00171668 -0.00171697 -0.00171783 -0.00171928 -0.00172131 -0.00172394 -0.00172715 -0.001731 -0.00173545 -0.00174057 -0.00174634 -0.00175283 -0.00176002 -0.001768 -0.00177675 -0.00178638 -0.00179687 -0.00180834 -0.00182077 -0.00183427 -0.00184884 -0.00186455 -0.00188143 -0.00189947 -0.00191872 -0.00193911 -0.00196069 -0.00198334 -0.00200709 -0.00203184 -0.0020576 -0.00208435 -0.00211213 -0.00214109 -0.00217135 -0.00220326 -0.00223707 -0.00227329 -0.00231232 -0.00235463 -0.00240067 -0.00245069 -0.002505 -0.00256352 -0.00262627 -0.00269308 -0.0027638 -0.00283862 -0.0029178 -0.00300234 -0.00309356 -0.00319335 -0.00330411 -0.00342815 -0.00356803 -0.00372586 -0.00390347 -0.00410279 -0.00432575 -0.00457546 -0.00485645 -0.00517485 -0.00553899 -0.00595797 -0.00644106 -0.00699685 -0.00763163 -0.00835005 -0.00915559 -0.0100507 -0.0110382 -0.0121196 -0.0132917 -0.0145433 -0.0158504 -0.017173 -0.0184584 -0.0196436 -0.0206607 -0.0214422 -0.0219179 -0.0220083 -0.0216221 -0.0206539 -0.0189917 -0.0165402 -0.013239 -0.00906844 -0.00405072 0.0017559 0.0082625 0.015333 0.0227642 0.0303097 0.0377279 0.0447861 0.05122 0.0567322 0.0610557 0.0640176 
0 -0.00223682 -0.00448169 -0.00678324 -0.00920089 -0.0117521 -0.0144091 -0.0171248 -0.0198399 -0.0224846 -0.0249939 -0.0273072 -0.0293509 -0.031047 -0.0323447 -0.0332255 -0.033685 -0.0337254 -0.0333586 -0.0326065 -0.0315082 -0.0301261 -0.0285357 -0.0268116 -0.0250214 -0.0232186 -0.0214404 -0.0197151 -0.0180651 -0.0165082 -0.0150603 -0.0137328 -0.0125303 -0.011452 -0.0104912 -0.00963732 -0.0088799 -0.00820854 -0.0076145 -0.00709125 -0.00663226 -0.00623142 -0.0058823 -0.0055773 -0.00530933 -0.0050714 -0.00485744 -0.00466324 -0.00448546 -0.00432242 -0.0041732 -0.00403704 -0.00391367 -0.00380211 -0.00370136 -0.00361008 -0.00352655 -0.00344943 -0.00337713 -0.00330866 -0.0032432 -0.00318024 -0.00311977 -0.00306169 -0.00300635 -0.00295386 -0.0029045 -0.00285842 -0.0028156 -0.00277611 -0.00273965 -0.00270616 -0.00267523 -0.00264667 -0.00262014 -0.00259537 -0.00257216 -0.00255023 -0.00252952 -0.00250977 -0.00249105 -0.00247316 -0.00245618 -0.00244002 -0.00242474 -0.00241029 -0.00239674 -0.00238409 -0.00237233 -0.00236151 -0.00235161 -0.00234267 -0.00233465 -0.00232761 -0.00232148 -0.00231634 -0.0023121 -0.00230885 -0.00230648 -0.00230511 -0.00230461 -0.00230511 -0.00230648 -0.00230885 -0.0023121 -0.00231634 -0.00232148 -0.00232761 -0.00233465 -0.00234267 -0.00235161 -0.00236151 -0.00237233 -0.00238409 -0.00239674 -0.00241029 -0.00242474 -0.00244002 -0.00245618 -0.00247316 -0.00249105 -0.00250977 -0.00252952 -0.00255023 -0.00257216 -0.00259537 -0.00262014 -0.00264667 -0.00267523 -0.00270616 -0.00273965 -0.00277611 -0.0028156 -0.00285842 -0.0029045 -0.00295386 -0.00300635 -0.00306169 -0.00311977 -0.00318024 -0.0032432 -0.00330866 -0.00337713 -0.00344943 -0.00352655 -0.00361008 -0.00370136 -0.00380211 -0.00391367 -0.00403704 -0.0041732 -0.00432242 -0.00448546 -0.00466324 -0.00485744 -0.0050714 -0.00530933 -0.0055773 -0.0058823 -0.00623142 -0.00663226 -0.00709124 -0.0076145 -0.00820854 -0.00887988 -0.00963726 -0.010491 -0.0114515 -0.0125289 -0.0137292 -0.0150514 -0.0164879 -0.018021 -0.0196242 -0.0212637 -0.0228938 -0.0244566 -0.0258816 -0.0270822 -0.0279608 -0.0284149 -0.028336 -0.02761 -0.0261206 -0.0237481 -0.0203847 -0.0159619 -0.0104599 -0.00390353 0.00363605 0.0120382 0.0211253 0.0306432 0.0402718 0.0496908 0.0586194 0.0667595 0.0737421 0.0792036 0.082921 
0 -0.00287908 -0.00579715 -0.00875569 -0.0117521 -0.014824 -0.0180068 -0.0212474 -0.0244169 -0.0274198 -0.0302419 -0.0328735 -0.0352413 -0.0372382 -0.0387831 -0.0398399 -0.040413 -0.0405296 -0.0402108 -0.039469 -0.0383335 -0.0368594 -0.0351179 -0.0331911 -0.0311574 -0.0290778 -0.0269993 -0.0249599 -0.0229878 -0.0211078 -0.0193417 -0.0177033 -0.0162012 -0.014838 -0.013609 -0.0125075 -0.0115246 -0.01065 -0.00987468 -0.00918959 -0.00858532 -0.00805387 -0.00758616 -0.00717396 -0.00680997 -0.00648662 -0.00619836 -0.00593998 -0.00570709 -0.00549676 -0.00530572 -0.00513195 -0.00497343 -0.00482817 -0.00469502 -0.00457221 -0.00445879 -0.00435365 -0.00425573 -0.00416458 -0.00407918 -0.0039993 -0.00392429 -0.00385377 -0.00378753 -0.00372502 -0.00366626 -0.00361071 -0.0035584 -0.00350898 -0.00346232 -0.00341834 -0.00337673 -0.00333759 -0.00330056 -0.00326579 -0.00323295 -0.00320215 -0.00317316 -0.00314598 -0.00312053 -0.00309668 -0.00307448 -0.00305371 -0.0030345 -0.00301658 -0.00300014 -0.0029849 -0.00297104 -0.0029583 -0.00294687 -0.00293652 -0.0029274 -0.00291934 -0.00291245 -0.00290659 -0.00290185 -0.00289815 -0.00289554 -0.00289394 -0.00289344 -0.00289394 -0.00289554 -0.00289815 -0.00290185 -0.00290659 -0.00291245 -0.00291934 -0.0029274 -0.00293652 -0.00294687 -0.0029583 -0.00297104 -0.0029849 -0.00300014 -0.00301658 -0.0030345 -0.00305371 -0.00307448 -0.00309668 -0.00312053 -0.00314598 -0.00317316 -0.00320215 -0.00323295 -0.00326579 -0.00330056 -0.00333759 -0.00337673 -0.00341834 -0.00346232 -0.00350898 -0.0035584 -0.00361071 -0.00366626 -0.00372502 -0.00378753 -0.00385377 -0.00392429 -0.0039993 -0.00407918 -0.00416458 -0.00425573 -0.00435365 -0.00445879 -0.00457221 -0.00469502 -0.00482817 -0.00497343 -0.00513195 -0.00530572 -0.00549676 -0.00570709 -0.00593998 -0.00619836 -0.00648662 -0.00680997 -0.00717396 -0.00758616 -0.00805387 -0.00858532 -0.00918959 -0.00987467 -0.0106499 -0.0115246 -0.0125073 -0.0136086 -0.0148368 -0.0161982 -0.017696 -0.0193246 -0.0210701 -0.0229093 -0.0248051 -0.0267105 -0.0285682 -0.0303055 -0.0318386 -0.0330706 -0.0338881 -0.0341677 -0.0337799 -0.032586 -0.0304524 -0.0272627 -0.0229208 -0.017365 -0.0105812 -0.00259612 0.00651473 0.0165945 0.0274054 0.0386611 0.0500338 0.0611505 0.0716231 0.0810803 0.0891638 0.0955344 0.0999226 
0 -0.00356691 -0.00717746 -0.0108051 -0.0144091 -0.0180068 -0.0216232 -0.0252084 -0.0286674 -0.0319418 -0.0350072 -0.0378254 -0.0403406 -0.042493 -0.044213 -0.0454425 -0.0461672 -0.0464037 -0.0461717 -0.0454997 -0.0444282 -0.0429987 -0.0412623 -0.0392853 -0.0371351 -0.0348781 -0.0325815 -0.0302994 -0.0280724 -0.0259327 -0.0238994 -0.021984 -0.0201978 -0.018547 -0.0170363 -0.0156692 -0.014442 -0.0133481 -0.0123776 -0.0115163 -0.0107515 -0.0100712 -0.00946439 -0.00892407 -0.00844316 -0.00801617 -0.00763853 -0.00730388 -0.00700733 -0.00674285 -0.00650468 -0.00628868 -0.00609013 -0.00590667 -0.00573618 -0.00557718 -0.00542961 -0.00529241 -0.00516582 -0.00504914 -0.00494177 -0.00484326 -0.0047522 -0.0046682 -0.00458979 -0.0045164 -0.00444716 -0.0043813 -0.00431872 -0.00425863 -0.00420136 -0.00414636 -0.00409398 -0.00404402 -0.0039966 -0.00395182 -0.00390949 -0.00386993 -0.00383271 -0.00379822 -0.00376593 -0.00373617 -0.00370847 -0.00368301 -0.00365948 -0.00363789 -0.00361809 -0.00359997 -0.00358353 -0.00356855 -0.00355516 -0.00354305 -0.00353247 -0.00352306 -0.00351513 -0.00350829 -0.00350289 -0.00349853 -0.0034956 -0.00349368 -0.00349318 -0.00349368 -0.0034956 -0.00349853 -0.00350289 -0.00350829 -0.00351513 -0.00352306 -0.00353247 -0.00354305 -0.00355516 -0.00356855 -0.00358353 -0.00359997 -0.00361809 -0.00363789 -0.00365948 -0.00368301 -0.00370847 -0.00373617 -0.00376593 -0.00379822 -0.00383271 -0.00386993 -0.00390949 -0.00395182 -0.0039966 -0.00404402 -0.00409398 -0.00414636 -0.00420136 -0.00425863 -0.00431872 -0.0043813 -0.00444716 -0.0045164 -0.00458979 -0.0046682 -0.0047522 -0.00484326 -0.00494177 -0.00504914 -0.00516582 -0.00529241 -0.00542961 -0.00557718 -0.00573618 -0.00590667 -0.00609013 -0.00628868 -0.00650468 -0.00674285 -0.00700733 -0.00730388 -0.00763853 -0.00801617 -0.00844316 -0.00892407 -0.00946439 -0.0100712 -0.0107515 -0.0115163 -0.0123776 -0.0133481 -0.0144419 -0.0156689 -0.0170354 -0.0185446 -0.0201918 -0.0219698 -0.0238677 -0.0258658 -0.0279386 -0.0300465 -0.0321289 -0.0341108 -0.0359 -0.0373909 -0.0384781 -0.0390498 -0.0389783 -0.0381244 -0.0363334 -0.0334468 -0.0293436 -0.0239572 -0.0172589 -0.0092547 1.54965e-05 0.0104745 0.0219619 0.0341976 0.0468375 0.0595392 0.0719286 0.0835559 0.0939684 0.102813 0.109813 0.114686 
0 -0.00431634 -0.00862114 -0.0128994 -0.0171248 -0.0212474 -0.0252084 -0.0289882 -0.0326077 -0.0360514 -0.0392378 -0.0420989 -0.0446298 -0.0468222 -0.0486192 -0.0499622 -0.050826 -0.0512066 -0.0511245 -0.0506191 -0.0497174 -0.0484383 -0.0468212 -0.0449179 -0.0427863 -0.0404984 -0.0381219 -0.0357097 -0.0333109 -0.0309643 -0.0286958 -0.0265315 -0.02449 -0.0225816 -0.0208166 -0.0191976 -0.0177219 -0.0163875 -0.015186 -0.014109 -0.0131487 -0.0122932 -0.0115332 -0.0108587 -0.0102583 -0.00972448 -0.00924768 -0.00882066 -0.00843817 -0.00809354 -0.0077836 -0.00750392 -0.00725083 -0.00702212 -0.0068136 -0.00662366 -0.00644921 -0.006288 -0.00613882 -0.00599914 -0.00586887 -0.00574628 -0.00563117 -0.00552318 -0.00542145 -0.00532655 -0.00523727 -0.00515422 -0.00507644 -0.00500392 -0.00493632 -0.00487293 -0.00481397 -0.00475831 -0.00470645 -0.0046573 -0.00461127 -0.00456766 -0.00452656 -0.00448777 -0.00445104 -0.0044166 -0.00438391 -0.00435353 -0.00432472 -0.00429819 -0.00427316 -0.00425035 -0.00422902 -0.00420981 -0.00419211 -0.00417641 -0.00416224 -0.00414996 -0.00413923 -0.00413029 -0.00412292 -0.00411726 -0.00411318 -0.00411078 -0.00410995 -0.00411078 -0.00411318 -0.00411726 -0.00412292 -0.00413029 -0.00413923 -0.00414996 -0.00416224 -0.00417641 -0.00419211 -0.00420981 -0.00422902 -0.00425035 -0.00427316 -0.00429819 -0.00432472 -0.00435353 -0.00438391 -0.0044166 -0.00445104 -0.00448777 -0.00452656 -0.00456766 -0.00461127 -0.0046573 -0.00470645 -0.00475831 -0.00481397 -0.00487293 -0.00493632 -0.00500392 -0.00507644 -0.00515422 -0.00523727 -0.00532655 -0.00542145 -0.00552318 -0.00563117 -0.00574628 -0.00586887 -0.00599914 -0.00613882 -0.006288 -0.00644921 -0.00662366 -0.0068136 -0.00702212 -0.00725083 -0.00750392 -0.0077836 -0.00809354 -0.00843817 -0.00882066 -0.00924768 -0.00972448 -0.0102583 -0.0108587 -0.0115332 -0.0122932 -0.0131487 -0.014109 -0.015186 -0.0163874 -0.0177216 -0.0191969 -0.0208147 -0.0225767 -0.0244783 -0.0265052 -0.0286394 -0.03085 -0.0330919 -0.0353122 -0.0374387 -0.0393836 -0.0410543 -0.0423425 -0.043131 -0.0433014 -0.0427146 -0.0412147 -0.0386522 -0.0348874 -0.0298116 -0.0233796 -0.0155877 -0.00644735 0.00398355 0.0155799 0.028157 0.0414482 0.0550949 0.0687065 0.0818932 0.0942243 0.105242 0.11456 0.121895 0.126975 
0 -0.00510295 -0.0101208 -0.0150395 -0.0198399 -0.0244169 -0.0286674 -0.0326077 -0.036308 -0.0397567 -0.0428863 -0.0456774 -0.0481447 -0.0502714 -0.052027 -0.0533947 -0.0543509 -0.0548816 -0.0550073 -0.0547447 -0.0540882 -0.0530495 -0.0516594 -0.0499511 -0.0479789 -0.0458071 -0.0434846 -0.0410628 -0.0385957 -0.0361243 -0.0336914 -0.031337 -0.0290836 -0.0269512 -0.0249529 -0.0230897 -0.021367 -0.0197855 -0.0183412 -0.0170351 -0.0158601 -0.0148078 -0.0138709 -0.0130351 -0.0122901 -0.011625 -0.0110278 -0.0104926 -0.0100107 -0.0095768 -0.00918732 -0.00883582 -0.00852036 -0.00823569 -0.007978 -0.00774475 -0.00753072 -0.00733488 -0.00715331 -0.00698458 -0.00682755 -0.00667988 -0.00654238 -0.00641276 -0.00629186 -0.00617855 -0.00607244 -0.00597379 -0.00588101 -0.00579511 -0.00571416 -0.00563903 -0.00556833 -0.00550216 -0.00544017 -0.00538157 -0.00532694 -0.0052749 -0.00522655 -0.00518039 -0.00513756 -0.00509681 -0.00505898 -0.00502329 -0.00499012 -0.00495922 -0.00493048 -0.00490414 -0.00487965 -0.00485765 -0.00483728 -0.00481944 -0.00480307 -0.00478922 -0.00477675 -0.00476677 -0.0047581 -0.00475191 -0.00474698 -0.00474451 -0.00474328 -0.00474451 -0.00474698 -0.00475191 -0.0047581 -0.00476677 -0.00477675 -0.00478922 -0.00480307 -0.00481944 -0.00483728 -0.00485765 -0.00487965 -0.00490414 -0.00493048 -0.00495922 -0.00499012 -0.00502329 -0.00505898 -0.00509681 -0.00513756 -0.00518039 -0.00522655 -0.0052749 -0.00532694 -0.00538157 -0.00544017 -0.00550216 -0.00556833 -0.00563903 -0.00571416 -0.00579511 -0.00588101 -0.00597379 -0.00607244 -0.00617855 -0.00629186 -0.00641276 -0.00654238 -0.00667988 -0.00682755 -0.00698458 -0.00715331 -0.00733488 -0.00753072 -0.00774475 -0.007978 -0.00823569 -0.00852036 -0.00883582 -0.00918732 -0.0095768 -0.0100107 -0.0104926 -0.0110278 -0.011625 -0.0122901 -0.0130351 -0.0138709 -0.0148078 -0.0158601 -0.0170351 -0.0183412 -0.0197853 -0.0213664 -0.0230882 -0.024949 -0.0269417 -0.0290619 -0.03129 -0.0335949 -0.0359367 -0.0382504 -0.0404607 -0.0424883 -0.0442386 -0.0456185 -0.0465338 -0.0468625 -0.0464674 -0.0452005 -0.0428954 -0.0394112 -0.0346617 -0.0285855 -0.0211445 -0.0123373 -0.0021815 0.00925321 0.0217808 0.0351408 0.0490771 0.0632968 0.0774038 0.0909549 0.103542 0.114777 0.124268 0.13166 0.136698 
0 -0.00588299 -0.0116387 -0.0171942 -0.0224846 -0.0274198 -0.0319418 -0.0360514 -0.0397567 -0.0430649 -0.0460163 -0.0486435 -0.0509271 -0.0528599 -0.0544838 -0.0558133 -0.0568144 -0.0574748 -0.0578015 -0.0577819 -0.0574146 -0.056712 -0.0556657 -0.0542798 -0.0525938 -0.0506468 -0.0484857 -0.0461761 -0.0437659 -0.0412967 -0.0388175 -0.0363597 -0.0339525 -0.0316313 -0.0294141 -0.0273195 -0.0253645 -0.0235495 -0.0218784 -0.0203499 -0.0189536 -0.0176874 -0.0165421 -0.0155085 -0.0145828 -0.0137526 -0.0130116 -0.0123515 -0.0117599 -0.0112319 -0.0107562 -0.0103264 -0.00993783 -0.00958248 -0.00925983 -0.00896419 -0.00869406 -0.00844807 -0.00822196 -0.00801676 -0.00782767 -0.00765472 -0.00749537 -0.00734714 -0.0072103 -0.00708096 -0.00696065 -0.00684621 -0.0067385 -0.0066365 -0.00653942 -0.00644838 -0.00636125 -0.00628023 -0.00620285 -0.00613113 -0.00606326 -0.0060002 -0.00594129 -0.00588622 -0.00583551 -0.00578773 -0.00574432 -0.00570317 -0.00566619 -0.00563108 -0.00559977 -0.00557015 -0.00554394 -0.00551938 -0.00549783 -0.00547798 -0.00546078 -0.00544539 -0.00543236 -0.00542122 -0.00541225 -0.00540524 -0.00540025 -0.00539728 -0.00539627 -0.00539728 -0.00540025 -0.00540524 -0.00541225 -0.00542122 -0.00543236 -0.00544539 -0.00546078 -0.00547798 -0.00549783 -0.00551938 -0.00554394 -0.00557015 -0.00559977 -0.00563108 -0.00566619 -0.00570317 -0.00574432 -0.00578773 -0.00583551 -0.00588622 -0.00594129 -0.0060002 -0.00606326 -0.00613113 -0.00620285 -0.00628023 -0.00636125 -0.00644838 -0.00653942 -0.0066365 -0.0067385 -0.00684621 -0.00696065 -0.00708096 -0.0072103 -0.00734714 -0.00749537 -0.00765472 -0.00782767 -0.00801676 -0.00822196 -0.00844807 -0.00869406 -0.00896419 -0.00925983 -0.00958248 -0.00993783 -0.0103264 -0.0107562 -0.0112319 -0.0117599 -0.0123515 -0.0130116 -0.0137526 -0.0145828 -0.0155085 -0.0165421 -0.0176874 -0.0189535 -0.0203498 -0.0218783 -0.0235491 -0.0253633 -0.0273164 -0.0294065 -0.0316137 -0.0339139 -0.0362792 -0.0386587 -0.0410001 -0.0432408 -0.0452945 -0.0470784 -0.0485017 -0.049454 -0.0498329 -0.0495222 -0.0483732 -0.0462459 -0.0430096 -0.0385415 -0.032779 -0.0257046 -0.017289 -0.0075279 0.00351295 0.015715 0.0288841 0.0427342 0.0569745 0.0713443 0.0855061 0.0990183 0.111468 0.122523 0.131835 0.139036 0.143888 
0 -0.00661996 -0.0130971 -0.0192658 -0.0249939 -0.0302419 -0.0350072 -0.0392378 -0.0428863 -0.0460163 -0.0487381 -0.0510788 -0.0530363 -0.0546865 -0.0561144 -0.0573255 -0.0583046 -0.0590478 -0.0595271 -0.0597296 -0.0596774 -0.0593535 -0.0587125 -0.0577451 -0.0564524 -0.0548451 -0.0529799 -0.0509121 -0.048678 -0.0463308 -0.0439102 -0.0414427 -0.0389756 -0.0365433 -0.0341719 -0.031899 -0.0297396 -0.0277046 -0.0258088 -0.0240471 -0.0224215 -0.0209327 -0.0195696 -0.0183334 -0.0172151 -0.0162044 -0.015299 -0.0144835 -0.0137522 -0.0130966 -0.0125044 -0.0119736 -0.0114924 -0.0110573 -0.010664 -0.0103043 -0.00997939 -0.00968093 -0.0094089 -0.00915994 -0.00892971 -0.00871975 -0.00852364 -0.00834392 -0.00817615 -0.00802026 -0.00787588 -0.00773965 -0.0076143 -0.00749504 -0.0073851 -0.00728076 -0.00718353 -0.00709227 -0.00700592 -0.00692596 -0.00684932 -0.00677908 -0.00671135 -0.00664951 -0.00659008 -0.00653566 -0.00648396 -0.00643626 -0.00639175 -0.00635027 -0.00631245 -0.00627685 -0.00624523 -0.00621525 -0.00618943 -0.00616486 -0.00614451 -0.00612516 -0.00611002 -0.00609575 -0.00608562 -0.00607631 -0.00607108 -0.00606664 -0.00606625 -0.00606664 -0.00607108 -0.00607631 -0.00608562 -0.00609575 -0.00611002 -0.00612516 -0.00614451 -0.00616486 -0.00618943 -0.00621525 -0.00624523 -0.00627685 -0.00631245 -0.00635027 -0.00639175 -0.00643626 -0.00648396 -0.00653566 -0.00659008 -0.00664951 -0.00671135 -0.00677908 -0.00684932 -0.00692596 -0.00700592 -0.00709227 -0.00718353 -0.00728076 -0.0073851 -0.00749504 -0.0076143 -0.00773965 -0.00787588 -0.00802026 -0.00817615 -0.00834392 -0.00852364 -0.00871975 -0.00892971 -0.00915994 -0.0094089 -0.00968093 -0.00997939 -0.0103043 -0.010664 -0.0110573 -0.0114924 -0.0119736 -0.0125044 -0.0130966 -0.0137522 -0.0144835 -0.015299 -0.0162044 -0.0172151 -0.0183334 -0.0195696 -0.0209327 -0.0224214 -0.024047 -0.0258085 -0.0277036 -0.0297372 -0.031893 -0.0341579 -0.0365119 -0.0389093 -0.0413099 -0.0436581 -0.0458778 -0.0479059 -0.0496613 -0.0510475 -0.0519827 -0.0523587 -0.052047 -0.0509348 -0.0488884 -0.0457729 -0.0415088 -0.0360313 -0.0292768 -0.021231 -0.0118967 -0.00128625 0.0104846 0.0232066 0.0366811 0.0506957 0.0649564 0.0791392 0.0929337 0.105995 0.117953 0.128476 0.137272 0.144064 0.148649 
0 -0.00728738 -0.0144081 -0.0211388 -0.0273072 -0.0328735 -0.0378254 -0.0420989 -0.0456774 -0.0486435 -0.0510788 -0.0530365 -0.0546203 -0.0559493 -0.0570777 -0.058049 -0.0589208 -0.0596778 -0.0602645 -0.0606798 -0.0609186 -0.0609326 -0.0607002 -0.060201 -0.0593843 -0.0582464 -0.0568161 -0.0551055 -0.0531613 -0.0510427 -0.0487782 -0.0464175 -0.0440081 -0.04157 -0.0391453 -0.0367663 -0.034448 -0.0322268 -0.0301179 -0.02813 -0.0262833 -0.024571 -0.022994 -0.0215529 -0.0202303 -0.0190277 -0.0179335 -0.0169372 -0.01604 -0.0152261 -0.0144947 -0.0138384 -0.0132451 -0.0127158 -0.0122351 -0.0118019 -0.0114091 -0.011048 -0.0107207 -0.0104161 -0.0101379 -0.00988 -0.00964095 -0.00942218 -0.00921691 -0.00903058 -0.00885551 -0.00869562 -0.0085469 -0.00840853 -0.00828168 -0.00816112 -0.00805156 -0.00794609 -0.00784994 -0.00775751 -0.00767201 -0.00759099 -0.00751448 -0.00744353 -0.00737517 -0.00731316 -0.00725259 -0.00719863 -0.00714563 -0.00709902 -0.00705343 -0.00701363 -0.0069752 -0.00694182 -0.00691028 -0.006883 -0.00685804 -0.00683665 -0.00681797 -0.0068023 -0.00678965 -0.00677962 -0.00677278 -0.00676833 -0.00676718 -0.00676833 -0.00677278 -0.00677962 -0.00678965 -0.0068023 -0.00681797 -0.00683665 -0.00685804 -0.006883 -0.00691028 -0.00694182 -0.0069752 -0.00701363 -0.00705343 -0.00709902 -0.00714563 -0.00719863 -0.00725259 -0.00731316 -0.00737517 -0.00744353 -0.00751448 -0.00759099 -0.00767201 -0.00775751 -0.00784994 -0.00794609 -0.00805156 -0.00816112 -0.00828168 -0.00840853 -0.0085469 -0.00869562 -0.00885551 -0.00903058 -0.00921691 -0.00942218 -0.00964095 -0.00988 -0.0101379 -0.0104161 -0.0107207 -0.011048 -0.0114091 -0.0118019 -0.0122351 -0.0127158 -0.0132451 -0.0138384 -0.0144947 -0.0152261 -0.01604 -0.0169372 -0.0179335 -0.0190277 -0.0202303 -0.0215529 -0.022994 -0.024571 -0.0262832 -0.0281297 -0.0301172 -0.032225 -0.0344434 -0.0367552 -0.0391201 -0.041516 -0.0438983 -0.0462059 -0.0483918 -0.0503736 -0.0520607 -0.0533807 -0.0542282 -0.0545052 -0.0541329 -0.052988 -0.0509475 -0.047916 -0.0437771 -0.0384544 -0.0319426 -0.0242163 -0.0152488 -0.00508746 0.00618544 0.0184446 0.0314601 0.0449881 0.0588499 0.072808 0.0865021 0.099595 0.111839 0.122969 0.132675 0.140709 0.146908 0.151126 
0 -0.00786409 -0.0155172 -0.022739 -0.0293509 -0.0352413 -0.0403406 -0.0446298 -0.0481447 -0.0509271 -0.0530363 -0.0546203 -0.0558483 -0.0567953 -0.0575248 -0.058178 -0.0588458 -0.0595042 -0.0601303 -0.0607044 -0.06116 -0.0614707 -0.0616403 -0.061602 -0.0612919 -0.0606956 -0.0597762 -0.0585304 -0.0570134 -0.0552488 -0.0532721 -0.0511466 -0.0488926 -0.0465468 -0.0441625 -0.0417556 -0.0393681 -0.0370392 -0.034777 -0.0326172 -0.030572 -0.0286413 -0.0268469 -0.0251776 -0.0236352 -0.0222246 -0.0209264 -0.0197473 -0.0186742 -0.0176958 -0.016815 -0.0160107 -0.0152856 -0.0146292 -0.014031 -0.0134947 -0.0130029 -0.0125606 -0.0121576 -0.0117891 -0.0114571 -0.0111482 -0.0108699 -0.0106101 -0.0103719 -0.0101519 -0.00994503 -0.00975669 -0.00957635 -0.00941277 -0.00925625 -0.00911257 -0.00897756 -0.00885077 -0.0087347 -0.00862312 -0.00852319 -0.00842572 -0.00833928 -0.00825494 -0.00817976 -0.00810748 -0.00804189 -0.00798049 -0.00792334 -0.00787167 -0.00782221 -0.00777922 -0.00773697 -0.00770182 -0.00766646 -0.00763847 -0.00760978 -0.00758849 -0.00756629 -0.00755138 -0.00753552 -0.00752681 -0.00751717 -0.00751457 -0.00751107 -0.00751457 -0.00751717 -0.00752681 -0.00753552 -0.00755138 -0.00756629 -0.00758849 -0.00760978 -0.00763847 -0.00766646 -0.00770182 -0.00773697 -0.00777922 -0.00782221 -0.00787167 -0.00792334 -0.00798049 -0.00804189 -0.00810748 -0.00817976 -0.00825494 -0.00833928 -0.00842572 -0.00852319 -0.00862312 -0.0087347 -0.00885077 -0.00897756 -0.00911257 -0.00925625 -0.00941277 -0.00957635 -0.00975669 -0.00994503 -0.0101519 -0.0103719 -0.0106101 -0.0108699 -0.0111482 -0.0114571 -0.0117891 -0.0121576 -0.0125606 -0.0130029 -0.0134947 -0.014031 -0.0146292 -0.0152856 -0.0160107 -0.016815 -0.0176958 -0.0186742 -0.0197473 -0.0209264 -0.0222246 -0.0236352 -0.0251776 -0.0268468 -0.0286412 -0.0305718 -0.0326166 -0.0347756 -0.0370356 -0.0393595 -0.0417357 -0.0441191 -0.0464571 -0.048717 -0.0508207 -0.0526986 -0.0542904 -0.0554885 -0.0562109 -0.0563834 -0.0558883 -0.0546421 -0.0525623 -0.0495187 -0.0454295 -0.0402473 -0.033901 -0.0263817 -0.017729 -0.00794589 0.00290481 0.0146507 0.0271282 0.0401785 0.053564 0.0670311 0.0803475 0.093225 0.105357 0.116527 0.126557 0.135222 0.142332 0.147796 0.151516 
0 -0.00833427 -0.0164122 -0.0240412 -0.031047 -0.0372382 -0.042493 -0.0468222 -0.0502714 -0.0528599 -0.0546865 -0.0559493 -0.0567953 -0.0573113 -0.0576459 -0.0579529 -0.0582941 -0.0587199 -0.0592705 -0.0598798 -0.0604765 -0.0610614 -0.0615805 -0.0619457 -0.0621289 -0.0620693 -0.0616945 -0.0610173 -0.0600382 -0.0587459 -0.0571968 -0.0554177 -0.0534265 -0.0512947 -0.04905 -0.0467232 -0.044377 -0.0420216 -0.0396899 -0.0374226 -0.0352173 -0.0331104 -0.0311156 -0.0292289 -0.0274788 -0.0258501 -0.0243451 -0.0229697 -0.0216986 -0.0205429 -0.0194847 -0.0185149 -0.0176392 -0.0168329 -0.0161066 -0.0154451 -0.0148422 -0.0143019 -0.0138036 -0.0133585 -0.0129488 -0.012576 -0.012238 -0.0119221 -0.0116388 -0.0113701 -0.0111274 -0.0108991 -0.0106878 -0.0104936 -0.0103084 -0.0101422 -0.00998061 -0.00983678 -0.00969719 -0.00957128 -0.0094518 -0.00934081 -0.00923911 -0.00914122 -0.00905475 -0.00896887 -0.00889522 -0.00882065 -0.00875781 -0.00869396 -0.00864043 -0.00858669 -0.00854143 -0.00849722 -0.00845956 -0.00842426 -0.0083938 -0.00836687 -0.0083434 -0.00832438 -0.00830779 -0.0082963 -0.00828658 -0.00828233 -0.00827954 -0.00828233 -0.00828658 -0.0082963 -0.00830779 -0.00832438 -0.0083434 -0.00836687 -0.0083938 -0.00842426 -0.00845956 -0.00849722 -0.00854143 -0.00858669 -0.00864043 -0.00869396 -0.00875781 -0.00882065 -0.00889522 -0.00896887 -0.00905475 -0.00914122 -0.00923911 -0.00934081 -0.0094518 -0.00957128 -0.00969719 -0.00983678 -0.00998061 -0.0101422 -0.0103084 -0.0104936 -0.0106878 -0.0108991 -0.0111274 -0.0113701 -0.0116388 -0.0119221 -0.012238 -0.012576 -0.0129488 -0.0133585 -0.0138036 -0.0143019 -0.0148422 -0.0154451 -0.0161066 -0.0168329 -0.0176392 -0.0185149 -0.0194847 -0.0205429 -0.0216986 -0.0229697 -0.0243451 -0.0258501 -0.0274788 -0.0292289 -0.0311156 -0.0331102 -0.0352169 -0.0374216 -0.0396872 -0.042015 -0.0443614 -0.0466887 -0.0489777 -0.0511508 -0.0531549 -0.0549317 -0.0563711 -0.0574113 -0.0579783 -0.0579655 -0.057325 -0.0559767 -0.0537967 -0.0507172 -0.0466476 -0.0414871 -0.0352395 -0.0279162 -0.0194902 -0.0100133 0.000428638 0.0117604 0.023802 0.0363166 0.0491508 0.0621356 0.0749789 0.0873908 0.0991673 0.110116 0.120043 0.128799 0.136267 0.142346 0.146968 0.150074 
0 -0.00868662 -0.0170969 -0.0250428 -0.0323447 -0.0387831 -0.044213 -0.0486192 -0.052027 -0.0544838 -0.0561144 -0.0570777 -0.0575248 -0.0576459 -0.0576175 -0.0575203 -0.0574496 -0.0575591 -0.0578912 -0.0583881 -0.0590373 -0.0597909 -0.0605417 -0.0612578 -0.0618963 -0.0623371 -0.0625332 -0.0624606 -0.0620501 -0.0613193 -0.0603004 -0.0589764 -0.0574037 -0.055624 -0.05364 -0.0515239 -0.0493072 -0.0470083 -0.0446989 -0.0423883 -0.0401056 -0.0378984 -0.0357545 -0.0337098 -0.031775 -0.0299373 -0.0282302 -0.0266324 -0.0251507 -0.0237942 -0.0225348 -0.0213931 -0.0203447 -0.0193852 -0.0185193 -0.0177172 -0.0169965 -0.0163319 -0.0157253 -0.0151766 -0.0146654 -0.0142096 -0.013783 -0.0133996 -0.0130472 -0.0127217 -0.0124305 -0.0121537 -0.0119096 -0.0116751 -0.0114656 -0.0112677 -0.0110843 -0.0109167 -0.0107545 -0.0106113 -0.0104682 -0.0103441 -0.010219 -0.0101101 -0.0100023 -0.00990592 -0.0098143 -0.00972912 -0.00965229 -0.00957755 -0.00951398 -0.00944929 -0.00939755 -0.00934265 -0.00930149 -0.00925611 -0.00922455 -0.0091884 -0.00916574 -0.00913849 -0.00912428 -0.00910564 -0.00909962 -0.00908933 -0.00909144 -0.00908933 -0.00909962 -0.00910564 -0.00912428 -0.00913849 -0.00916574 -0.0091884 -0.00922455 -0.00925611 -0.00930149 -0.00934265 -0.00939755 -0.00944929 -0.00951398 -0.00957755 -0.00965229 -0.00972912 -0.0098143 -0.00990592 -0.0100023 -0.0101101 -0.010219 -0.0103441 -0.0104682 -0.0106113 -0.0107545 -0.0109167 -0.0110843 -0.0112677 -0.0114656 -0.0116751 -0.0119096 -0.0121537 -0.0124305 -0.0127217 -0.0130472 -0.0133996 -0.013783 -0.0142096 -0.0146654 -0.0151766 -0.0157253 -0.0163319 -0.0169965 -0.0177172 -0.0185193 -0.0193852 -0.0203447 -0.0213931 -0.0225348 -0.0237942 -0.0251507 -0.0266324 -0.0282302 -0.0299373 -0.031775 -0.0337097 -0.0357544 -0.0378981 -0.0401048 -0.0423863 -0.0446938 -0.0469963 -0.0492802 -0.0514663 -0.0535236 -0.0554005 -0.0569967 -0.0582731 -0.0591445 -0.0595075 -0.0593288 -0.0585192 -0.0569877 -0.0547017 -0.0515512 -0.0474303 -0.042317 -0.0361524 -0.0289133 -0.0206795 -0.0114793 -0.00133149 0.00962158 0.0212207 0.0333273 0.0457199 0.0581627 0.0704749 0.0824235 0.0937359 0.104244 0.113848 0.122402 0.129786 0.135971 0.140949 0.144668 0.147109 
0 -0.0089136 -0.0175657 -0.0257371 -0.0332255 -0.0398399 -0.0454425 -0.0499622 -0.0533947 -0.0558133 -0.0573255 -0.058049 -0.058178 -0.0579529 -0.0575203 -0.05698 -0.0565072 -0.0562415 -0.0562164 -0.0564772 -0.0570306 -0.0577703 -0.0586439 -0.0596388 -0.0606312 -0.0615216 -0.0622693 -0.0627593 -0.0629382 -0.062833 -0.0623968 -0.0616372 -0.0606067 -0.0592777 -0.0576941 -0.055915 -0.0539354 -0.0518323 -0.0496486 -0.0473906 -0.0451353 -0.0428861 -0.0406624 -0.0385167 -0.0364265 -0.0344321 -0.0325442 -0.0307457 -0.0290783 -0.0275114 -0.026058 -0.0247248 -0.0234791 -0.0223505 -0.0213038 -0.0203459 -0.0194767 -0.0186671 -0.0179429 -0.0172673 -0.016657 -0.0160995 -0.0155818 -0.0151209 -0.0146838 -0.0142969 -0.0139316 -0.0136006 -0.0132974 -0.0130112 -0.0127583 -0.0125113 -0.0122969 -0.0120858 -0.0119005 -0.0117222 -0.0115594 -0.0114099 -0.0112659 -0.0111407 -0.0110139 -0.0109085 -0.010798 -0.0107086 -0.0106137 -0.0105375 -0.0104576 -0.0103926 -0.0103268 -0.0102717 -0.0102191 -0.0101733 -0.0101328 -0.0100961 -0.0100668 -0.010039 -0.0100203 -0.0100013 -0.00999252 -0.0099826 -0.00998332 -0.0099826 -0.00999252 -0.0100013 -0.0100203 -0.010039 -0.0100668 -0.0100961 -0.0101328 -0.0101733 -0.0102191 -0.0102717 -0.0103268 -0.0103926 -0.0104576 -0.0105375 -0.0106137 -0.0107086 -0.010798 -0.0109085 -0.0110139 -0.0111407 -0.0112659 -0.0114099 -0.0115594 -0.0117222 -0.0119005 -0.0120858 -0.0122969 -0.0125113 -0.0127583 -0.0130112 -0.0132974 -0.0136006 -0.0139316 -0.0142969 -0.0146838 -0.0151209 -0.0155818 -0.0160995 -0.016657 -0.0172673 -0.0179429 -0.0186671 -0.0194767 -0.0203459 -0.0213038 -0.0223505 -0.0234791 -0.0247248 -0.026058 -0.0275114 -0.0290783 -0.0307457 -0.0325442 -0.0344321 -0.0364264 -0.0385167 -0.0406621 -0.0428855 -0.0451338 -0.0473868 -0.0496395 -0.0518114 -0.0538902 -0.055822 -0.0575123 -0.058941 -0.0600144 -0.0606471 -0.0608195 -0.0604287 -0.0594118 -0.0577471 -0.055315 -0.0520433 -0.0478959 -0.0427619 -0.0366207 -0.0295253 -0.0214548 -0.0124432 -0.00259458 0.0080397 0.0193368 0.031053 0.0430021 0.0550338 0.0669041 0.0783542 0.0891911 0.0992468 0.108394 0.116556 0.12365 0.129618 0.134495 0.138339 0.141148 0.142948 
0 -0.00901407 -0.0178006 -0.0261 -0.033685 -0.040413 -0.0461672 -0.050826 -0.0543509 -0.0568144 -0.0583046 -0.0589208 -0.0588458 -0.0582941 -0.0574496 -0.0565072 -0.0556304 -0.0549038 -0.0544435 -0.0543694 -0.0546527 -0.0552352 -0.0561213 -0.0572203 -0.0584153 -0.0596741 -0.0608776 -0.061888 -0.0626882 -0.0632066 -0.0633786 -0.0632535 -0.0628022 -0.0620144 -0.0609639 -0.0596296 -0.0580448 -0.0562851 -0.0543342 -0.0522641 -0.0501247 -0.0479094 -0.0457036 -0.0435086 -0.0413401 -0.0392574 -0.0372257 -0.0352905 -0.0334554 -0.0316987 -0.0300689 -0.0285237 -0.0270888 -0.025765 -0.0245221 -0.0233989 -0.0223479 -0.0213928 -0.0205199 -0.0197074 -0.0189823 -0.0182971 -0.0176853 -0.0171142 -0.0165896 -0.0161157 -0.0156645 -0.015268 -0.0148838 -0.0145463 -0.0142245 -0.0139324 -0.0136658 -0.0134114 -0.0131904 -0.0129697 -0.0127843 -0.0125952 -0.0124367 -0.012277 -0.0121389 -0.0120059 -0.0118843 -0.0117748 -0.0116675 -0.0115782 -0.0114843 -0.0114123 -0.0113312 -0.011274 -0.0112056 -0.0111613 -0.0111054 -0.0110728 -0.0110289 -0.0110073 -0.010975 -0.010964 -0.010943 -0.0109425 -0.0109324 -0.0109425 -0.010943 -0.010964 -0.010975 -0.0110073 -0.0110289 -0.0110728 -0.0111054 -0.0111613 -0.0112056 -0.011274 -0.0113312 -0.0114123 -0.0114843 -0.0115782 -0.0116675 -0.0117748 -0.0118843 -0.0120059 -0.0121389 -0.012277 -0.0124367 -0.0125952 -0.0127843 -0.0129697 -0.0131904 -0.0134114 -0.0136658 -0.0139324 -0.0142245 -0.0145463 -0.0148838 -0.015268 -0.0156645 -0.0161157 -0.0165896 -0.0171142 -0.0176853 -0.0182971 -0.0189823 -0.0197074 -0.0205199 -0.0213928 -0.0223479 -0.0233989 -0.0245221 -0.025765 -0.0270888 -0.0285237 -0.0300689 -0.0316987 -0.0334554 -0.0352905 -0.0372257 -0.0392573 -0.04134 -0.0435084 -0.0457032 -0.0479083 -0.0501218 -0.0522573 -0.0543183 -0.05625 -0.0579714 -0.0594837 -0.0606888 -0.0615217 -0.0619638 -0.061895 -0.0612752 -0.0600788 -0.0581922 -0.0555952 -0.0522437 -0.0480088 -0.0428714 -0.0368137 -0.0297782 -0.0218377 -0.0130638 -0.00344573 0.00692168 0.0178766 0.0292866 0.0409401 0.0525819 0.0640338 0.0751032 0.0855392 0.0951599 0.103871 0.111588 0.118251 0.123847 0.128407 0.132004 0.134732 0.136672 0.137904 
0 -0.00899195 -0.0177828 -0.0261035 -0.0337254 -0.0405296 -0.0464037 -0.0512066 -0.0548816 -0.0574748 -0.0590478 -0.0596778 -0.0595042 -0.0587199 -0.0575591 -0.0562415 -0.0549038 -0.0536832 -0.0527659 -0.0522451 -0.0521282 -0.0524512 -0.053171 -0.0541751 -0.0554477 -0.0569256 -0.0584405 -0.0599198 -0.0612751 -0.06236 -0.0631717 -0.0636921 -0.0638513 -0.0637073 -0.0632523 -0.0624543 -0.0613974 -0.0600674 -0.0584862 -0.0567465 -0.0548275 -0.0527994 -0.050718 -0.0485631 -0.0464243 -0.0442943 -0.0421854 -0.0401614 -0.0381772 -0.03629 -0.0344953 -0.0327742 -0.0311807 -0.0296591 -0.0282508 -0.0269409 -0.0257073 -0.0245903 -0.023531 -0.022574 -0.0216842 -0.0208607 -0.0201207 -0.0194173 -0.0187973 -0.018206 -0.0176775 -0.0171875 -0.0167311 -0.0163259 -0.0159314 -0.0155919 -0.0152546 -0.0149637 -0.0146796 -0.0144253 -0.014189 -0.0139643 -0.0137689 -0.0135709 -0.0134087 -0.0132363 -0.0131005 -0.0129529 -0.012838 -0.0127144 -0.0126166 -0.0125154 -0.0124321 -0.0123515 -0.0122812 -0.0122193 -0.0121614 -0.0121163 -0.0120703 -0.0120405 -0.0120064 -0.0119907 -0.0119686 -0.011966 -0.011956 -0.011966 -0.0119686 -0.0119907 -0.0120064 -0.0120405 -0.0120703 -0.0121163 -0.0121614 -0.0122193 -0.0122812 -0.0123515 -0.0124321 -0.0125154 -0.0126166 -0.0127144 -0.012838 -0.0129529 -0.0131005 -0.0132363 -0.0134087 -0.0135709 -0.0137689 -0.0139643 -0.014189 -0.0144253 -0.0146796 -0.0149637 -0.0152546 -0.0155919 -0.0159314 -0.0163259 -0.0167311 -0.0171875 -0.0176775 -0.018206 -0.0187973 -0.0194173 -0.0201207 -0.0208607 -0.0216842 -0.022574 -0.023531 -0.0245903 -0.0257073 -0.0269409 -0.0282508 -0.0296591 -0.0311807 -0.0327742 -0.0344953 -0.03629 -0.0381772 -0.0401614 -0.0421854 -0.0442943 -0.0464242 -0.0485628 -0.0507172 -0.0527973 -0.0548224 -0.0567345 -0.0584594 -0.0600103 -0.0612818 -0.0622324 -0.0628474 -0.0630058 -0.0626944 -0.0618708 -0.0604231 -0.0583594 -0.0556203 -0.0521028 -0.0478153 -0.0426882 -0.0366438 -0.0297402 -0.0219813 -0.0133589 -0.00397778 0.00609766 0.016804 0.02793 0.0392498 0.0505967 0.0617583 0.0724969 0.0826049 0.0918924 0.100231 0.107559 0.113815 0.118964 0.123078 0.126283 0.128673 0.130361 0.131511 0.13225 
