0 0 0 0 0 0 0 0 0 0 0 0 0 0 0 0 0 0 0 0 0 0 0 0 0 0 0 0 0 0 0 0 0 0 0 0 0 0 0 0 0 0 0 0 0 0 0 0 0 0 0 0 0 0 0 0 0 0 0 0 0 0 0 0 0 0 0 0 0 0 0 0 0 0 0 0 0 0 0 0 0 0 0 0 0 0 0 0 0 0 0 0 0 0 0 0 0 0 0 0 0 0 0 0 0 0 0 0 0 0 0 0 0 0 0 0 0 0 0 0 0 0 0 0 0 0 0 0 0 0 0 0 0 0 0 0 0 0 0 0 0 0 0 0 0 0 0 0 0 0 0 0 0 0 0 0 0 0 0 0 0 0 0 0 0 0 0 0 0 0 0 0 0 0 0 0 0 0 0 0 0 0 0 0 0 0 0 0 0 0 0 0 0 0 0 0 0 0 0 0 
0 -0.00235154 -0.00466934 -0.00685684 -0.00879043 -0.0104085 -0.0117275 -0.0127646 -0.0134857 -0.0138523 -0.0138882 -0.0136686 -0.013262 -0.0127023 -0.0120047 -0.0111905 -0.0103016 -0.00939591 -0.00852268 -0.00770605 -0.00694862 -0.00624253 -0.00557983 -0.00496144 -0.00439662 -0.00389523 -0.00346308 -0.00309877 -0.00279293 -0.002533 -0.00230767 -0.00210864 -0.00193248 -0.00177896 -0.00164809 -0.0015392 -0.00144952 -0.00137433 -0.00130886 -0.0012489 -0.00119185 -0.00113729 -0.00108587 -0.00103911 -0.000998348 -0.000963954 -0.00093561 -0.000911952 -0.000891217 -0.000871764 -0.000852105 -0.000831598 -0.000810109 -0.000788054 -0.000766303 -0.000745624 -0.000726869 -0.000710485 -0.000696646 -0.00068526 -0.000675856 -0.00066798 -0.000660964 -0.000654294 -0.000647515 -0.000640289 -0.000632518 -0.000624114 -0.000615251 -0.00060604 -0.000596745 -0.000587574 -0.000578733 -0.000570428 -0.000562742 -0.000555821 -0.000549636 -0.000544249 -0.00053957 -0.000535585 -0.000532191 -0.000529325 -0.000526906 -0.000524845 -0.000523097 -0.000521569 -0.000520253 -0.000519062 -0.000518018 -0.000517046 -0.000516187 -0.000515377 -0.000514667 -0.000514003 -0.00051344 -0.000512932 -0.000512529 -0.000512191 -0.000511965 -0.000511811 -0.000511774 -0.000511811 -0.000511965 -0.000512191 -0.000512529 -0.000512932 -0.00051344 -0.000514003 -0.000514667 -0.000515377 -0.000516187 -0.000517046 -0.000518018 -0.000519062 -0.000520253 -0.000521569 -0.000523097 -0.000524845 -0.000526906 -0.000529325 -0.000532191 -0.000535585 -0.00053957 -0.000544249 -0.000549636 -0.000555821 -0.000562742 -0.000570428 -0.000578733 -0.000587574 -0.000596745 -0.00060604 -0.000615251 -0.000624114 -0.000632518 -0.000640289 -0.000647515 -0.000654294 -0.000660964 -0.00066798 -0.000675856 -0.00068526 -0.000696646 -0.000710485 -0.000726869 -0.000745624 -0.000766303 -0.000788054 -0.000810109 -0.000831598 -0.000852105 -0.000871764 -0.000891217 -0.000911952 -0.00093561 -0.000963954 -0.000998348 -0.00103911 -0.00108587 -0.00113729 -0.00119185 -0.0012489 -0.00130886 -0.00137431 -0.00144948 -0.00153908 -0.00164773 -0.00177798 -0.00193002 -0.00210276 -0.00229444 -0.00250493 -0.00273679 -0.00299305 -0.0032757 -0.00358265 -0.00390532 -0.0042318 -0.00455013 -0.00484865 -0.00511493 -0.00532763 -0.00544757 -0.00542275 -0.0052039 -0.00476004 -0.00408649 -0.00319089 -0.00206356 -0.000673598 0.000995891 0.00291215 0.00499106 0.00712954 0.009251 0.0113161 0.0132686 0.0149816 0.0163054 0.0171703 
0 -0.00466934 -0.00921364 -0.0134621 -0.0172478 -0.0204831 -0.0231427 -0.0251909 -0.0265752 -0.0272918 -0.0274151 -0.027053 -0.0262933 -0.0251945 -0.0238078 -0.0222054 -0.0204864 -0.0187502 -0.0170641 -0.0154586 -0.0139426 -0.0125176 -0.0111898 -0.00997156 -0.00887329 -0.00789857 -0.00704497 -0.00630419 -0.00566515 -0.0051173 -0.00464953 -0.0042506 -0.00391006 -0.0036173 -0.00336313 -0.00314074 -0.00294486 -0.00277233 -0.00262116 -0.0024892 -0.00237448 -0.00227438 -0.00218582 -0.0021062 -0.00203297 -0.00196455 -0.00190021 -0.00183961 -0.00178319 -0.00173122 -0.00168392 -0.00164137 -0.00160302 -0.00156838 -0.00153656 -0.00150673 -0.0014783 -0.00145061 -0.00142354 -0.00139693 -0.00137094 -0.00134583 -0.00132179 -0.0012992 -0.00127813 -0.00125878 -0.0012411 -0.00122505 -0.0012105 -0.00119721 -0.00118505 -0.00117373 -0.00116313 -0.00115303 -0.00114333 -0.00113394 -0.00112478 -0.00111587 -0.00110713 -0.00109866 -0.00109041 -0.00108248 -0.00107484 -0.00106759 -0.00106069 -0.00105423 -0.00104818 -0.00104257 -0.00103741 -0.0010327 -0.00102844 -0.00102461 -0.00102123 -0.00101826 -0.00101572 -0.00101358 -0.00101186 -0.0010105 -0.00100956 -0.00100898 -0.0010088 -0.00100898 -0.00100956 -0.0010105 -0.00101186 -0.00101358 -0.00101572 -0.00101826 -0.00102123 -0.00102461 -0.00102844 -0.0010327 -0.00103741 -0.00104257 -0.00104818 -0.00105423 -0.00106069 -0.00106759 -0.00107484 -0.00108248 -0.00109041 -0.00109866 -0.00110713 -0.00111587 -0.00112478 -0.00113394 -0.00114333 -0.00115303 -0.00116313 -0.00117373 -0.00118505 -0.00119721 -0.0012105 -0.00122505 -0.0012411 -0.00125878 -0.00127813 -0.0012992 -0.00132179 -0.00134583 -0.00137094 -0.00139693 -0.00142354 -0.00145061 -0.0014783 -0.00150673 -0.00153656 -0.00156838 -0.00160302 -0.00164137 -0.00168392 -0.00173122 -0.00178319 -0.00183961 -0.00190021 -0.00196455 -0.00203297 -0.0021062 -0.00218582 -0.00227437 -0.00237448 -0.00248919 -0.00262115 -0.00277229 -0.00294474 -0.0031404 -0.00336217 -0.00361481 -0.00390395 -0.00423642 -0.00461844 -0.00505299 -0.0055396 -0.00607299 -0.00664345 -0.00724062 -0.00785429 -0.00847464 -0.00909084 -0.00968183 -0.0102064 -0.0106003 -0.0107787 -0.0106528 -0.0101552 -0.00924894 -0.00791329 -0.00612381 -0.00384069 -0.00102714 0.00230165 0.00605163 0.0100842 0.0142658 0.0184708 0.022551 0.0263222 0.0295839 0.0321562 0.0339125 
0 -0.00685684 -0.0134621 -0.0196072 -0.0251413 -0.029942 -0.0338864 -0.0368783 -0.0388999 -0.0400101 -0.0402974 -0.039857 -0.0387939 -0.0372146 -0.0352242 -0.032942 -0.0305003 -0.0280151 -0.0255702 -0.0232181 -0.0209845 -0.0188823 -0.016927 -0.0151335 -0.0135105 -0.0120618 -0.010783 -0.00966331 -0.00869096 -0.00785289 -0.00713383 -0.00651907 -0.0059927 -0.00553867 -0.0051442 -0.00479853 -0.00449392 -0.00422604 -0.00399092 -0.00378549 -0.00360661 -0.00344983 -0.00331127 -0.00318689 -0.00307312 -0.00296801 -0.00286989 -0.00277835 -0.0026935 -0.00261516 -0.00254367 -0.00247855 -0.00241927 -0.00236517 -0.00231504 -0.00226826 -0.00222385 -0.00218132 -0.00214039 -0.00210075 -0.0020627 -0.00202613 -0.00199141 -0.00195862 -0.00192785 -0.00189927 -0.00187266 -0.00184813 -0.00182533 -0.00180423 -0.00178454 -0.00176608 -0.00174872 -0.00173221 -0.00171658 -0.00170155 -0.00168724 -0.00167344 -0.00166028 -0.00164765 -0.0016356 -0.00162414 -0.00161325 -0.00160301 -0.00159333 -0.00158434 -0.00157591 -0.00156818 -0.001561 -0.00155452 -0.00154857 -0.0015433 -0.00153856 -0.00153446 -0.00153088 -0.00152792 -0.00152546 -0.0015236 -0.00152223 -0.00152145 -0.00152116 -0.00152145 -0.00152223 -0.0015236 -0.00152546 -0.00152792 -0.00153088 -0.00153446 -0.00153856 -0.0015433 -0.00154857 -0.00155452 -0.001561 -0.00156818 -0.00157591 -0.00158434 -0.00159333 -0.00160301 -0.00161325 -0.00162414 -0.0016356 -0.00164765 -0.00166028 -0.00167344 -0.00168724 -0.00170155 -0.00171658 -0.00173221 -0.00174872 -0.00176608 -0.00178454 -0.00180423 -0.00182533 -0.00184813 -0.00187266 -0.00189927 -0.00192785 -0.00195862 -0.00199141 -0.00202613 -0.0020627 -0.00210075 -0.00214039 -0.00218132 -0.00222385 -0.00226826 -0.00231504 -0.00236517 -0.00241927 -0.00247855 -0.00254367 -0.00261516 -0.0026935 -0.00277835 -0.00286989 -0.00296801 -0.00307312 -0.00318689 -0.00331127 -0.00344983 -0.00360661 -0.00378548 -0.00399089 -0.00422594 -0.00449363 -0.00479773 -0.00514209 -0.00553339 -0.00598024 -0.00649121 -0.00707497 -0.0077353 -0.00846895 -0.0092672 -0.0101148 -0.0109946 -0.0118926 -0.0127934 -0.0136753 -0.0145011 -0.015202 -0.0156789 -0.015819 -0.015514 -0.01468 -0.0132635 -0.011216 -0.00847762 -0.00499972 -0.000779567 0.00411991 0.00957155 0.015417 0.0214979 0.0276242 0.033527 0.0389029 0.0435156 0.0472014 0.0497836 
0 -0.00879043 -0.0172478 -0.0251413 -0.0322993 -0.0385198 -0.0436054 -0.0474742 -0.0501661 -0.0517437 -0.0522544 -0.0517861 -0.05049 -0.0485374 -0.046088 -0.0432849 -0.040254 -0.0371136 -0.0339816 -0.0309514 -0.028073 -0.025368 -0.0228448 -0.0205078 -0.0183688 -0.0164431 -0.0147353 -0.0132395 -0.0119405 -0.0108129 -0.00983251 -0.00897901 -0.00823475 -0.00758787 -0.0070285 -0.00654531 -0.0061283 -0.00576626 -0.00544802 -0.0051657 -0.00491231 -0.00468371 -0.00447818 -0.00429362 -0.00412925 -0.00398335 -0.00385318 -0.00373657 -0.00363004 -0.00353119 -0.00343816 -0.00334923 -0.00326444 -0.00318345 -0.00310686 -0.00303533 -0.0029689 -0.00290819 -0.0028526 -0.00280198 -0.00275561 -0.00271257 -0.00267241 -0.00263405 -0.00259731 -0.00256154 -0.00252667 -0.00249266 -0.00245941 -0.00242733 -0.00239626 -0.00236673 -0.00233859 -0.0023122 -0.00228749 -0.00226452 -0.00224334 -0.00222374 -0.00220585 -0.0021893 -0.00217426 -0.00216033 -0.00214767 -0.00213592 -0.00212521 -0.00211528 -0.00210619 -0.00209782 -0.00209014 -0.00208314 -0.00207675 -0.00207103 -0.00206585 -0.00206136 -0.00205739 -0.00205411 -0.00205133 -0.00204926 -0.00204769 -0.00204683 -0.00204647 -0.00204683 -0.00204769 -0.00204926 -0.00205133 -0.00205411 -0.00205739 -0.00206136 -0.00206585 -0.00207103 -0.00207675 -0.00208314 -0.00209014 -0.00209782 -0.00210619 -0.00211528 -0.00212521 -0.00213592 -0.00214767 -0.00216033 -0.00217426 -0.0021893 -0.00220585 -0.00222374 -0.00224334 -0.00226452 -0.00228749 -0.0023122 -0.00233859 -0.00236673 -0.00239626 -0.00242733 -0.00245941 -0.00249266 -0.00252667 -0.00256154 -0.00259731 -0.00263405 -0.00267241 -0.00271257 -0.00275561 -0.00280198 -0.0028526 -0.00290819 -0.0029689 -0.00303533 -0.00310686 -0.00318345 -0.00326444 -0.00334923 -0.00343816 -0.00353119 -0.00363004 -0.00373657 -0.00385318 -0.00398335 -0.00412925 -0.00429362 -0.00447818 -0.00468371 -0.00491231 -0.00516568 -0.00544794 -0.00576603 -0.00612765 -0.00654358 -0.00702414 -0.00757743 -0.00821107 -0.00892821 -0.00972937 -0.0106148 -0.0115803 -0.0126197 -0.013724 -0.014875 -0.0160477 -0.0172083 -0.018305 -0.01927 -0.0200169 -0.0204368 -0.0204136 -0.0198357 -0.0185932 -0.016585 -0.013728 -0.00996108 -0.00527103 0.000286501 0.0066161 0.0136099 0.0211147 0.0288939 0.0366444 0.044039 0.0507637 0.0565477 0.0611591 0.0643707 
0 -0.0104085 -0.0204831 -0.029942 -0.0385198 -0.0459511 -0.0520521 -0.0567766 -0.0601503 -0.0621999 -0.0629761 -0.0625895 -0.061203 -0.0590166 -0.0562426 -0.053055 -0.0495806 -0.0459417 -0.0422667 -0.0386628 -0.0352082 -0.0319514 -0.0289076 -0.0260814 -0.023484 -0.0211237 -0.0190038 -0.0171243 -0.015471 -0.0140222 -0.0127572 -0.0116519 -0.0106858 -0.00984352 -0.0091084 -0.00846705 -0.00790815 -0.00741854 -0.00698895 -0.00661072 -0.00627518 -0.00597752 -0.00571184 -0.00547364 -0.00526021 -0.00506715 -0.00489248 -0.00473366 -0.004588 -0.00445474 -0.00433147 -0.00421748 -0.00411182 -0.00401302 -0.00392119 -0.00383488 -0.00375405 -0.00367815 -0.00360644 -0.00353923 -0.0034755 -0.00341568 -0.00335915 -0.00330583 -0.00325577 -0.00320832 -0.00316394 -0.0031218 -0.0030823 -0.00304488 -0.00300954 -0.00297621 -0.00294446 -0.00291464 -0.00288608 -0.00285929 -0.00283364 -0.00280955 -0.00278661 -0.002765 -0.00274462 -0.00272538 -0.00270742 -0.00269045 -0.0026748 -0.00266003 -0.00264658 -0.00263394 -0.00262258 -0.00261199 -0.00260262 -0.002594 -0.00258653 -0.00257981 -0.00257418 -0.0025693 -0.00256545 -0.00256235 -0.00256025 -0.00255889 -0.00255852 -0.00255889 -0.00256025 -0.00256235 -0.00256545 -0.0025693 -0.00257418 -0.00257981 -0.00258653 -0.002594 -0.00260262 -0.00261199 -0.00262258 -0.00263394 -0.00264658 -0.00266003 -0.0026748 -0.00269045 -0.00270742 -0.00272538 -0.00274462 -0.002765 -0.00278661 -0.00280955 -0.00283364 -0.00285929 -0.00288608 -0.00291464 -0.00294446 -0.00297621 -0.00300954 -0.00304488 -0.0030823 -0.0031218 -0.00316394 -0.00320832 -0.00325577 -0.00330583 -0.00335915 -0.00341568 -0.0034755 -0.00353923 -0.00360644 -0.00367815 -0.00375405 -0.00383488 -0.00392119 -0.00401302 -0.00411182 -0.00421748 -0.00433147 -0.00445474 -0.004588 -0.00473366 -0.00489248 -0.00506715 -0.00526021 -0.00547364 -0.00571183 -0.00597751 -0.00627516 -0.00661066 -0.00698877 -0.00741802 -0.00790676 -0.0084635 -0.0090998 -0.00982379 -0.0106429 -0.0115636 -0.012585 -0.0137045 -0.0149156 -0.0162032 -0.0175513 -0.018937 -0.0203233 -0.021662 -0.0228829 -0.023887 -0.0245638 -0.0247955 -0.0244615 -0.0234521 -0.0216544 -0.0189383 -0.0151946 -0.010377 -0.0045106 0.00231317 0.00996812 0.0183318 0.0272396 0.0363972 0.0454185 0.0539583 0.0617357 0.0684421 0.0737364 0.0773562 
0 -0.0117275 -0.0231427 -0.0338864 -0.0436054 -0.0520521 -0.0590958 -0.0646488 -0.0686532 -0.0711447 -0.0722432 -0.0720716 -0.0707581 -0.0685019 -0.0655484 -0.0621077 -0.0583415 -0.0543802 -0.0503258 -0.0462775 -0.0423441 -0.0386063 -0.0351034 -0.0318554 -0.0288624 -0.0261137 -0.0236097 -0.021351 -0.0193305 -0.0175436 -0.0159753 -0.0146012 -0.0133998 -0.0123458 -0.0114154 -0.0105946 -0.00986873 -0.00922791 -0.00866633 -0.00817372 -0.00774279 -0.00736514 -0.00702982 -0.00673072 -0.00646003 -0.0062126 -0.00598674 -0.00577883 -0.00558917 -0.00541659 -0.00525934 -0.00511748 -0.00498772 -0.00486915 -0.00475952 -0.00465646 -0.0045597 -0.00446689 -0.00437858 -0.00429395 -0.00421301 -0.00413659 -0.00406385 -0.00399615 -0.00393248 -0.00387351 -0.00381876 -0.00376775 -0.00372071 -0.00367635 -0.00363531 -0.00359622 -0.00355958 -0.00352456 -0.00349122 -0.00345945 -0.00342882 -0.00339985 -0.00337176 -0.00334541 -0.00331989 -0.00329613 -0.0032733 -0.00325214 -0.00323208 -0.00321353 -0.00319625 -0.0031803 -0.00316573 -0.00315233 -0.00314039 -0.00312946 -0.00312002 -0.00311147 -0.00310442 -0.00309818 -0.00309343 -0.00308942 -0.00308689 -0.00308507 -0.00308471 -0.00308507 -0.00308689 -0.00308942 -0.00309343 -0.00309818 -0.00310442 -0.00311147 -0.00312002 -0.00312946 -0.00314039 -0.00315233 -0.00316573 -0.0031803 -0.00319625 -0.00321353 -0.00323208 -0.00325214 -0.0032733 -0.00329613 -0.00331989 -0.00334541 -0.00337176 -0.00339985 -0.00342882 -0.00345945 -0.00349122 -0.00352456 -0.00355958 -0.00359622 -0.00363531 -0.00367635 -0.00372071 -0.00376775 -0.00381876 -0.00387351 -0.00393248 -0.00399615 -0.00406385 -0.00413659 -0.00421301 -0.00429395 -0.00437858 -0.00446689 -0.0045597 -0.00465646 -0.00475952 -0.00486915 -0.00498772 -0.00511748 -0.00525934 -0.00541659 -0.00558917 -0.00577883 -0.00598674 -0.0062126 -0.00646003 -0.00673072 -0.00702982 -0.00736512 -0.00774275 -0.00817358 -0.00866593 -0.00922681 -0.00986589 -0.0105876 -0.0113992 -0.01231 -0.0133253 -0.0144538 -0.0156993 -0.017054 -0.0185067 -0.020033 -0.0215977 -0.0231665 -0.024691 -0.0261052 -0.0273277 -0.028243 -0.028714 -0.0286123 -0.027814 -0.0262009 -0.0236692 -0.0201084 -0.0154163 -0.00956214 -0.00259408 0.00539641 0.0142666 0.0238119 0.0337894 0.043912 0.0538339 0.0632017 0.0716904 0.0789594 0.0846569 0.0885311 
0 -0.0127646 -0.0251909 -0.0368783 -0.0474742 -0.0567766 -0.0646488 -0.0709292 -0.0755225 -0.0784897 -0.0799664 -0.0800743 -0.0789603 -0.0768261 -0.0738875 -0.07036 -0.0664469 -0.06229 -0.0579854 -0.053647 -0.0493908 -0.0452991 -0.0414335 -0.0378252 -0.034469 -0.0313626 -0.0285112 -0.025909 -0.0235561 -0.0214496 -0.0195696 -0.0179003 -0.0164242 -0.0151165 -0.0139622 -0.0129447 -0.0120447 -0.0112515 -0.0105502 -0.00992772 -0.00937737 -0.00888726 -0.00845162 -0.00806529 -0.00771959 -0.00741217 -0.00713616 -0.00688643 -0.00666071 -0.00645259 -0.00626148 -0.0060843 -0.00591891 -0.00576628 -0.00562333 -0.00549159 -0.00536942 -0.00525599 -0.00515183 -0.00505408 -0.00496391 -0.00487874 -0.00479863 -0.00472296 -0.00465024 -0.00458167 -0.00451516 -0.00445236 -0.00439184 -0.00433443 -0.00428004 -0.00422818 -0.00417992 -0.00413381 -0.00409142 -0.00405102 -0.00401399 -0.003979 -0.0039467 -0.00391657 -0.00388842 -0.00386252 -0.00383799 -0.00381575 -0.00379445 -0.00377538 -0.00375702 -0.00374078 -0.00372517 -0.00371154 -0.00369854 -0.00368738 -0.00367692 -0.00366815 -0.00366018 -0.00365378 -0.00364825 -0.00364421 -0.0036411 -0.00363943 -0.00363872 -0.00363943 -0.0036411 -0.00364421 -0.00364825 -0.00365378 -0.00366018 -0.00366815 -0.00367692 -0.00368738 -0.00369854 -0.00371154 -0.00372517 -0.00374078 -0.00375702 -0.00377538 -0.00379445 -0.00381575 -0.00383799 -0.00386252 -0.00388842 -0.00391657 -0.0039467 -0.003979 -0.00401399 -0.00405102 -0.00409142 -0.00413381 -0.00417992 -0.00422818 -0.00428004 -0.00433443 -0.00439184 -0.00445236 -0.00451516 -0.00458167 -0.00465024 -0.00472296 -0.00479863 -0.00487874 -0.00496391 -0.00505408 -0.00515183 -0.00525599 -0.00536942 -0.00549159 -0.00562333 -0.00576628 -0.00591891 -0.0060843 -0.00626148 -0.00645259 -0.00666071 -0.00688643 -0.00713616 -0.00741217 -0.00771958 -0.00806528 -0.00845161 -0.00888723 -0.00937726 -0.00992741 -0.0105494 -0.0112493 -0.0120391 -0.0129316 -0.0139328 -0.0150543 -0.0162995 -0.0176634 -0.0191432 -0.0207215 -0.0223748 -0.0240814 -0.0258014 -0.0274862 -0.0290769 -0.0304766 -0.0315681 -0.032226 -0.0323079 -0.031687 -0.0302598 -0.0279073 -0.0245103 -0.0199851 -0.0142776 -0.00738561 0.000615979 0.0096185 0.0194801 0.0299482 0.0406859 0.0513983 0.0618303 0.0716546 0.0804709 0.0879245 0.0937568 0.0977634 
0 -0.0134857 -0.0265752 -0.0388999 -0.0501661 -0.0601503 -0.0686532 -0.0755225 -0.0807002 -0.0841993 -0.0860855 -0.0865199 -0.0857236 -0.0838747 -0.081127 -0.0776887 -0.0737738 -0.0695395 -0.0651251 -0.0606588 -0.056228 -0.051914 -0.0477959 -0.0439045 -0.0402507 -0.0368511 -0.0337008 -0.0307944 -0.0281394 -0.0257236 -0.0235346 -0.0215686 -0.0198054 -0.0182307 -0.0168348 -0.0155937 -0.0144936 -0.0135196 -0.0126503 -0.0118779 -0.0111896 -0.0105739 -0.0100287 -0.00954234 -0.0091101 -0.00872712 -0.00838262 -0.00807503 -0.00779592 -0.00754067 -0.00730821 -0.00709172 -0.00689307 -0.00670858 -0.00653712 -0.00637991 -0.0062326 -0.00609783 -0.00597193 -0.00585495 -0.0057466 -0.00564377 -0.0055487 -0.00545752 -0.00537229 -0.00529105 -0.0052137 -0.00514108 -0.00507093 -0.00500585 -0.00494282 -0.0048844 -0.00482842 -0.00477603 -0.00472676 -0.00467993 -0.00463677 -0.00459517 -0.00455737 -0.00452069 -0.00448756 -0.00445549 -0.00442646 -0.00439868 -0.00437333 -0.00434953 -0.00432756 -0.00430747 -0.00428868 -0.00427204 -0.00425631 -0.00424293 -0.00423018 -0.00421989 -0.00421006 -0.00420275 -0.0041958 -0.00419139 -0.00418728 -0.00418573 -0.00418445 -0.00418573 -0.00418728 -0.00419139 -0.0041958 -0.00420275 -0.00421006 -0.00421989 -0.00423018 -0.00424293 -0.00425631 -0.00427204 -0.00428868 -0.00430747 -0.00432756 -0.00434953 -0.00437333 -0.00439868 -0.00442646 -0.00445549 -0.00448756 -0.00452069 -0.00455737 -0.00459517 -0.00463677 -0.00467993 -0.00472676 -0.00477603 -0.00482842 -0.0048844 -0.00494282 -0.00500585 -0.00507093 -0.00514108 -0.0052137 -0.00529105 -0.00537229 -0.00545752 -0.0055487 -0.00564377 -0.0057466 -0.00585495 -0.00597193 -0.00609783 -0.0062326 -0.00637991 -0.00653712 -0.00670858 -0.00689307 -0.00709172 -0.00730821 -0.00754067 -0.00779592 -0.00807503 -0.00838262 -0.00872712 -0.0091101 -0.00954233 -0.0100287 -0.0105739 -0.0111893 -0.0118772 -0.0126485 -0.0135152 -0.014483 -0.0155698 -0.0167835 -0.0181264 -0.0196043 -0.0212012 -0.0228979 -0.0246755 -0.0264956 -0.0283268 -0.0301331 -0.0318453 -0.0333816 -0.034629 -0.0354335 -0.0356553 -0.0351736 -0.0338678 -0.0316441 -0.0284088 -0.0240407 -0.0184692 -0.0117099 -0.0038117 0.00513729 0.0149849 0.0255472 0.0365882 0.0477798 0.0587881 0.0693513 0.0791862 0.0879287 0.0952634 0.101004 0.10498 
0 -0.0138523 -0.0272918 -0.0400101 -0.0517437 -0.0621999 -0.0711447 -0.0784897 -0.0841993 -0.088213 -0.0905634 -0.0914458 -0.0910716 -0.0895818 -0.0871374 -0.0839413 -0.0801769 -0.0760269 -0.0716674 -0.0672018 -0.0627066 -0.0582905 -0.0540318 -0.0499668 -0.046132 -0.042529 -0.0391379 -0.0359713 -0.033035 -0.0303241 -0.0278521 -0.0256097 -0.0235755 -0.021744 -0.0200919 -0.0186007 -0.0172671 -0.0160709 -0.0150038 -0.0140591 -0.013216 -0.0124691 -0.0118044 -0.0112067 -0.0106742 -0.0101923 -0.00975821 -0.00936929 -0.00901566 -0.00870046 -0.00841497 -0.00815653 -0.00792406 -0.00770841 -0.00751237 -0.00732857 -0.00715666 -0.00699659 -0.00684334 -0.00670175 -0.00656635 -0.00644067 -0.00632315 -0.00621247 -0.00611149 -0.00601522 -0.005928 -0.00584486 -0.00576825 -0.00569616 -0.00562762 -0.00556419 -0.00550212 -0.00544524 -0.00538889 -0.0053371 -0.0052862 -0.00523876 -0.00519321 -0.00514991 -0.0051096 -0.00507053 -0.00503525 -0.00500054 -0.00497003 -0.00493978 -0.00491373 -0.00488791 -0.00486604 -0.00484453 -0.00482656 -0.00480919 -0.00479491 -0.00478147 -0.00477071 -0.00476101 -0.00475365 -0.00474752 -0.00474352 -0.00474083 -0.00474015 -0.00474083 -0.00474352 -0.00474752 -0.00475365 -0.00476101 -0.00477071 -0.00478147 -0.00479491 -0.00480919 -0.00482656 -0.00484453 -0.00486604 -0.00488791 -0.00491373 -0.00493978 -0.00497003 -0.00500054 -0.00503525 -0.00507053 -0.0051096 -0.00514991 -0.00519321 -0.00523876 -0.0052862 -0.0053371 -0.00538889 -0.00544524 -0.00550212 -0.00556419 -0.00562762 -0.00569616 -0.00576825 -0.00584486 -0.005928 -0.00601522 -0.00611149 -0.00621247 -0.00632315 -0.00644067 -0.00656635 -0.00670175 -0.00684334 -0.00699659 -0.00715666 -0.00732857 -0.00751237 -0.00770841 -0.00792406 -0.00815653 -0.00841497 -0.00870046 -0.00901566 -0.00936929 -0.00975821 -0.0101923 -0.0106742 -0.0112067 -0.0118044 -0.0124689 -0.0132155 -0.0140578 -0.0150003 -0.0160625 -0.017248 -0.0185589 -0.0200056 -0.0215753 -0.0232625 -0.0250589 -0.0269316 -0.0288594 -0.0308074 -0.0327139 -0.0345255 -0.0361551 -0.0374778 -0.0383753 -0.0387061 -0.0383232 -0.0371273 -0.0350138 -0.0318598 -0.0275853 -0.0221342 -0.0154794 -0.00769059 0.00111741 0.0108524 0.0213578 0.0323742 0.0436431 0.054921 0.0659022 0.0762539 0.0857012 0.0940163 0.100988 0.106432 0.110185 
0 -0.0138882 -0.0274151 -0.0402974 -0.0522544 -0.0629761 -0.0722432 -0.0799664 -0.0860855 -0.0905634 -0.0934627 -0.0949022 -0.0949981 -0.0939209 -0.0918819 -0.0890408 -0.0855569 -0.0816442 -0.0774653 -0.0731097 -0.0686899 -0.0643077 -0.0600175 -0.0558891 -0.0519674 -0.0482339 -0.0446908 -0.0413496 -0.0381969 -0.0352522 -0.0325329 -0.0300215 -0.0277235 -0.0256303 -0.0237148 -0.0219793 -0.0204079 -0.018983 -0.017708 -0.0165609 -0.0155321 -0.0146178 -0.0137944 -0.0130611 -0.0124058 -0.011814 -0.0112885 -0.0108122 -0.0103841 -0.0100003 -0.00964826 -0.00933352 -0.00904381 -0.0087796 -0.0085397 -0.00831519 -0.00811262 -0.00792182 -0.00774652 -0.00758406 -0.00743006 -0.00728976 -0.00715428 -0.00703038 -0.00691173 -0.0068004 -0.00669664 -0.00659628 -0.00650499 -0.00641536 -0.00633423 -0.00625529 -0.00618259 -0.00611384 -0.00604853 -0.00598892 -0.00593049 -0.00587865 -0.00582683 -0.00578144 -0.00573598 -0.00569596 -0.00565656 -0.00562117 -0.00558742 -0.00555624 -0.00552773 -0.00550051 -0.00547684 -0.0054535 -0.00543433 -0.00541483 -0.00539988 -0.0053842 -0.00537328 -0.0053614 -0.00535438 -0.00534629 -0.00534308 -0.00533876 -0.00533932 -0.00533876 -0.00534308 -0.00534629 -0.00535438 -0.0053614 -0.00537328 -0.0053842 -0.00539988 -0.00541483 -0.00543433 -0.0054535 -0.00547684 -0.00550051 -0.00552773 -0.00555624 -0.00558742 -0.00562117 -0.00565656 -0.00569596 -0.00573598 -0.00578144 -0.00582683 -0.00587865 -0.00593049 -0.00598892 -0.00604853 -0.00611384 -0.00618259 -0.00625529 -0.00633423 -0.00641536 -0.00650499 -0.00659628 -0.00669664 -0.0068004 -0.00691173 -0.00703038 -0.00715428 -0.00728976 -0.00743006 -0.00758406 -0.00774652 -0.00792182 -0.00811262 -0.00831519 -0.0085397 -0.0087796 -0.00904381 -0.00933352 -0.00964826 -0.0100003 -0.0103841 -0.0108122 -0.0112885 -0.011814 -0.0124058 -0.013061 -0.0137943 -0.0146174 -0.015531 -0.0165582 -0.0177015 -0.0189678 -0.0203744 -0.0219089 -0.0235749 -0.0253666 -0.0272521 -0.0292213 -0.0312404 -0.0332589 -0.0352465 -0.0371299 -0.0388142 -0.0402081 -0.0411654 -0.041538 -0.0412183 -0.040079 -0.0380103 -0.0349366 -0.0307423 -0.0253376 -0.0187483 -0.0110425 -0.00230885 0.00730122 0.0176364 0.0285438 0.039762 0.0509822 0.0619809 0.0725392 0.0823478 0.0911365 0.0987761 0.105157 0.110103 0.113472 
0 -0.0136686 -0.027053 -0.039857 -0.0517861 -0.0625895 -0.0720716 -0.0800743 -0.0865199 -0.0914458 -0.0949022 -0.0968905 -0.0974974 -0.0969375 -0.0953883 -0.0929681 -0.0898647 -0.0862838 -0.0823633 -0.0782448 -0.0740513 -0.0698201 -0.0656116 -0.0615228 -0.0575818 -0.0538047 -0.0502207 -0.0467994 -0.0435287 -0.0404363 -0.0375111 -0.0347661 -0.0322288 -0.0298784 -0.0277187 -0.0257502 -0.0239397 -0.0222916 -0.0207927 -0.0194208 -0.0181871 -0.0170706 -0.0160645 -0.0151721 -0.0143667 -0.0136517 -0.013013 -0.0124334 -0.0119184 -0.0114457 -0.0110183 -0.0106314 -0.010273 -0.00995318 -0.00965606 -0.00938783 -0.00914416 -0.00891705 -0.00871463 -0.00852188 -0.00834775 -0.00818343 -0.0080286 -0.00788643 -0.00774717 -0.00762131 -0.00749713 -0.00738357 -0.00727457 -0.0071715 -0.00707685 -0.00698406 -0.00690188 -0.00681971 -0.0067477 -0.00667621 -0.00661236 -0.00655097 -0.00649387 -0.00644152 -0.00639038 -0.00634576 -0.00630021 -0.00626211 -0.006222 -0.00618942 -0.00615468 -0.0061269 -0.00609745 -0.00607404 -0.00604974 -0.00603045 -0.00601113 -0.00599586 -0.00598135 -0.00597008 -0.0059602 -0.00595298 -0.00594756 -0.00594445 -0.00594335 -0.00594445 -0.00594756 -0.00595298 -0.0059602 -0.00597008 -0.00598135 -0.00599586 -0.00601113 -0.00603045 -0.00604974 -0.00607404 -0.00609745 -0.0061269 -0.00615468 -0.00618942 -0.006222 -0.00626211 -0.00630021 -0.00634576 -0.00639038 -0.00644152 -0.00649387 -0.00655097 -0.00661236 -0.00667621 -0.0067477 -0.00681971 -0.00690188 -0.00698406 -0.00707685 -0.0071715 -0.00727457 -0.00738357 -0.00749713 -0.00762131 -0.00774717 -0.00788643 -0.0080286 -0.00818343 -0.00834775 -0.00852188 -0.00871463 -0.00891705 -0.00914416 -0.00938783 -0.00965606 -0.00995318 -0.010273 -0.0106314 -0.0110183 -0.0114457 -0.0119184 -0.0124334 -0.013013 -0.0136517 -0.0143667 -0.015172 -0.0160643 -0.0170698 -0.018185 -0.0194158 -0.0207808 -0.0222649 -0.0238829 -0.0256356 -0.0274992 -0.0294794 -0.0315406 -0.033637 -0.035744 -0.0377861 -0.0396964 -0.0414161 -0.0428206 -0.0437935 -0.0442176 -0.0439252 -0.0428003 -0.0407608 -0.037683 -0.0334881 -0.0281426 -0.0216033 -0.0139243 -0.00525902 0.00427656 0.0145507 0.0253281 0.0363686 0.047461 0.0583495 0.0687819 0.0785697 0.0875233 0.0954528 0.102249 0.107842 0.112121 0.115014 
0 -0.013262 -0.0262933 -0.0387939 -0.05049 -0.061203 -0.0707581 -0.0789603 -0.0857236 -0.0910716 -0.0949981 -0.0974974 -0.0986803 -0.0986952 -0.0976527 -0.0957179 -0.0930879 -0.0898994 -0.0863157 -0.0825314 -0.078624 -0.0746256 -0.0706317 -0.0666938 -0.0628373 -0.0591341 -0.0555854 -0.0521533 -0.0488616 -0.0456994 -0.0426548 -0.0397755 -0.0370573 -0.0344966 -0.0321244 -0.0299128 -0.0278611 -0.0259824 -0.0242432 -0.0226556 -0.0212136 -0.0198902 -0.0187015 -0.0176219 -0.0166427 -0.0157706 -0.0149745 -0.0142654 -0.0136286 -0.0130492 -0.0125379 -0.0120671 -0.011646 -0.011264 -0.0109093 -0.0105934 -0.0102937 -0.010024 -0.00977283 -0.009538 -0.00932736 -0.00912402 -0.0089443 -0.00877141 -0.0086144 -0.00846896 -0.0083297 -0.00820606 -0.00808246 -0.00797422 -0.00786543 -0.00776756 -0.00767263 -0.00758247 -0.00749985 -0.00741681 -0.00734455 -0.00726916 -0.00720541 -0.00713843 -0.00708171 -0.00702358 -0.00697293 -0.00692357 -0.00687848 -0.0068374 -0.00679763 -0.00676413 -0.00672958 -0.00670289 -0.00667353 -0.00665296 -0.00662872 -0.00661372 -0.00659452 -0.0065847 -0.00657044 -0.00656555 -0.00655613 -0.00655602 -0.00655139 -0.00655602 -0.00655613 -0.00656555 -0.00657044 -0.0065847 -0.00659452 -0.00661372 -0.00662872 -0.00665296 -0.00667353 -0.00670289 -0.00672958 -0.00676413 -0.00679763 -0.0068374 -0.00687848 -0.00692357 -0.00697293 -0.00702358 -0.00708171 -0.00713843 -0.00720541 -0.00726916 -0.00734455 -0.00741681 -0.00749985 -0.00758247 -0.00767263 -0.00776756 -0.00786543 -0.00797422 -0.00808246 -0.00820606 -0.0083297 -0.00846896 -0.0086144 -0.00877141 -0.0089443 -0.00912402 -0.00932736 -0.009538 -0.00977283 -0.010024 -0.0102937 -0.0105934 -0.0109093 -0.011264 -0.011646 -0.0120671 -0.0125379 -0.0130492 -0.0136286 -0.0142654 -0.0149745 -0.0157706 -0.0166426 -0.0176217 -0.018701 -0.0198886 -0.0212098 -0.0226464 -0.0242223 -0.0259372 -0.0277683 -0.0297322 -0.0317906 -0.0339112 -0.0360811 -0.038224 -0.0402952 -0.0422461 -0.0439635 -0.0453706 -0.0463575 -0.0467545 -0.0464522 -0.0453327 -0.0432545 -0.0401589 -0.0359749 -0.0306011 -0.0240557 -0.0164188 -0.00776397 0.00175006 0.0119347 0.0226426 0.0336323 0.0445742 0.0552419 0.0654874 0.0751048 0.0838966 0.0917664 0.0986486 0.104454 0.109122 0.112645 0.115038 
0 -0.0127023 -0.0251945 -0.0372146 -0.0485374 -0.0590166 -0.0685019 -0.0768261 -0.0838747 -0.0895818 -0.0939209 -0.0969375 -0.0986952 -0.099242 -0.0987193 -0.0973408 -0.0952294 -0.0924891 -0.0893241 -0.0858954 -0.082282 -0.078601 -0.0749172 -0.0712193 -0.0675765 -0.0640443 -0.0605941 -0.0572542 -0.0540345 -0.050886 -0.0478418 -0.0449169 -0.042086 -0.0393971 -0.0368508 -0.0344304 -0.0321787 -0.0300722 -0.0281074 -0.0263091 -0.0246373 -0.023106 -0.0217123 -0.0204233 -0.0192643 -0.0182061 -0.0172436 -0.0163878 -0.0156019 -0.0149049 -0.0142752 -0.0137004 -0.0131934 -0.0127198 -0.0122989 -0.0119116 -0.0115529 -0.0112339 -0.0109279 -0.0106582 -0.0104017 -0.0101671 -0.00995409 -0.00974833 -0.00956886 -0.00939041 -0.00923414 -0.00908201 -0.00894181 -0.00881307 -0.00868595 -0.00857587 -0.00846171 -0.00836526 -0.0082648 -0.00817804 -0.00809144 -0.00801211 -0.00793857 -0.00786588 -0.00780381 -0.00773786 -0.0076854 -0.00762664 -0.00758208 -0.00753087 -0.00749289 -0.00744937 -0.00741707 -0.00738112 -0.00735399 -0.00732533 -0.00730314 -0.00728136 -0.00726406 -0.00724875 -0.0072364 -0.00722718 -0.00721991 -0.00721645 -0.00721443 -0.00721645 -0.00721991 -0.00722718 -0.0072364 -0.00724875 -0.00726406 -0.00728136 -0.00730314 -0.00732533 -0.00735399 -0.00738112 -0.00741707 -0.00744937 -0.00749289 -0.00753087 -0.00758208 -0.00762664 -0.0076854 -0.00773786 -0.00780381 -0.00786588 -0.00793857 -0.00801211 -0.00809144 -0.00817804 -0.0082648 -0.00836526 -0.00846171 -0.00857587 -0.00868595 -0.00881307 -0.00894181 -0.00908201 -0.00923414 -0.00939041 -0.00956886 -0.00974833 -0.00995409 -0.0101671 -0.0104017 -0.0106582 -0.0109279 -0.0112339 -0.0115529 -0.0119116 -0.0122989 -0.0127198 -0.0131934 -0.0137004 -0.0142752 -0.0149049 -0.0156019 -0.0163878 -0.0172436 -0.0182061 -0.0192642 -0.0204229 -0.0217112 -0.0231031 -0.0246303 -0.0262929 -0.0280718 -0.029998 -0.0320319 -0.0341545 -0.0363586 -0.0385624 -0.0407377 -0.0428356 -0.0447556 -0.0464614 -0.0478564 -0.0487958 -0.0491873 -0.0488686 -0.0476791 -0.0455604 -0.0424139 -0.0381499 -0.0327697 -0.026238 -0.0185596 -0.00989467 -0.000398477 0.00980252 0.0204759 0.0313588 0.0422245 0.0528028 0.0628448 0.0722131 0.0807842 0.0884174 0.0950672 0.100752 0.105443 0.109126 0.111881 0.113783 
0 -0.0120047 -0.0238078 -0.0352242 -0.046088 -0.0562426 -0.0655484 -0.0738875 -0.081127 -0.0871374 -0.0918819 -0.0953883 -0.0976527 -0.0987193 -0.0987582 -0.097922 -0.0963036 -0.0940614 -0.0913572 -0.0882918 -0.0850281 -0.0817099 -0.0783361 -0.0749392 -0.0715997 -0.0683025 -0.0650693 -0.0619499 -0.0588823 -0.0558575 -0.0529106 -0.0499984 -0.0471561 -0.0444267 -0.041775 -0.0392465 -0.0368493 -0.0345507 -0.0324007 -0.0303779 -0.0284754 -0.0267324 -0.0251056 -0.0236156 -0.0222632 -0.0210085 -0.0198844 -0.0188518 -0.0179086 -0.0170667 -0.016283 -0.0155885 -0.0149529 -0.0143735 -0.013863 -0.0133831 -0.0129644 -0.0125738 -0.0122185 -0.0119006 -0.011594 -0.0113275 -0.011065 -0.0108316 -0.0106103 -0.0104007 -0.0102149 -0.0100277 -0.00986889 -0.00970609 -0.00956646 -0.00942896 -0.0093033 -0.00918915 -0.00907528 -0.00898024 -0.00887804 -0.00879716 -0.00870718 -0.00863617 -0.00855872 -0.0084947 -0.00842946 -0.00837094 -0.00831704 -0.00826357 -0.00821983 -0.00817159 -0.00813682 -0.00809418 -0.00806733 -0.00803067 -0.00801094 -0.00798051 -0.00796736 -0.00794327 -0.00793638 -0.00791862 -0.00791785 -0.00790635 -0.00791169 -0.00790635 -0.00791785 -0.00791862 -0.00793638 -0.00794327 -0.00796736 -0.00798051 -0.00801094 -0.00803067 -0.00806733 -0.00809418 -0.00813682 -0.00817159 -0.00821983 -0.00826357 -0.00831704 -0.00837094 -0.00842946 -0.0084947 -0.00855872 -0.00863617 -0.00870718 -0.00879716 -0.00887804 -0.00898024 -0.00907528 -0.00918915 -0.0093033 -0.00942896 -0.00956646 -0.00970609 -0.00986889 -0.0100277 -0.0102149 -0.0104007 -0.0106103 -0.0108316 -0.011065 -0.0113275 -0.011594 -0.0119006 -0.0122185 -0.0125738 -0.0129644 -0.0133831 -0.013863 -0.0143735 -0.0149529 -0.0155885 -0.016283 -0.0170667 -0.0179086 -0.0188518 -0.0198844 -0.0210084 -0.0222629 -0.0236148 -0.0251034 -0.0267271 -0.028463 -0.0303503 -0.0323422 -0.0344329 -0.036624 -0.0388375 -0.0410693 -0.0432674 -0.0453382 -0.0472645 -0.0489445 -0.0502677 -0.0511747 -0.0514964 -0.0510882 -0.0498672 -0.0476777 -0.0444409 -0.0401476 -0.0347064 -0.0281003 -0.0204208 -0.0117304 -0.00217024 0.00802204 0.0186716 0.0295714 0.0403895 0.050847 0.0607748 0.0699951 0.0783367 0.0857026 0.0920518 0.0974001 0.10181 0.105337 0.108047 0.110065 0.111483 
0 -0.0111905 -0.0222054 -0.032942 -0.0432849 -0.053055 -0.0621077 -0.07036 -0.0776887 -0.0839413 -0.0890408 -0.0929681 -0.0957179 -0.0973408 -0.097922 -0.0975568 -0.096416 -0.0946746 -0.0924096 -0.0897448 -0.0868764 -0.0838852 -0.0808175 -0.0777762 -0.0747614 -0.0717619 -0.0688557 -0.0660138 -0.063186 -0.0604125 -0.0576443 -0.0548627 -0.0521379 -0.0494381 -0.0467826 -0.0442276 -0.0417259 -0.0393185 -0.0370289 -0.0348171 -0.0327446 -0.030793 -0.02895 -0.0272636 -0.0256808 -0.0242277 -0.0229052 -0.0216697 -0.0205655 -0.0195438 -0.018613 -0.0177818 -0.0170033 -0.0163187 -0.0156824 -0.0151057 -0.0145919 -0.0141042 -0.013682 -0.0132771 -0.0129178 -0.0125881 -0.0122755 -0.0120055 -0.0117353 -0.0115061 -0.0112778 -0.0110746 -0.0108852 -0.0107009 -0.0105431 -0.0103769 -0.0102417 -0.0100956 -0.00997534 -0.00985062 -0.00974046 -0.00963651 -0.00953469 -0.00944911 -0.00935582 -0.00928529 -0.00920155 -0.00914277 -0.00906956 -0.00901984 -0.00895764 -0.00891513 -0.0088639 -0.0088275 -0.00878676 -0.00875599 -0.00872503 -0.00869977 -0.0086778 -0.00865819 -0.00864447 -0.00863075 -0.00862463 -0.00861711 -0.00861804 -0.00861711 -0.00862463 -0.00863075 -0.00864447 -0.00865819 -0.0086778 -0.00869977 -0.00872503 -0.00875599 -0.00878676 -0.0088275 -0.0088639 -0.00891513 -0.00895764 -0.00901984 -0.00906956 -0.00914277 -0.00920155 -0.00928529 -0.00935582 -0.00944911 -0.00953469 -0.00963651 -0.00974046 -0.00985062 -0.00997534 -0.0100956 -0.0102417 -0.0103769 -0.0105431 -0.0107009 -0.0108852 -0.0110746 -0.0112778 -0.0115061 -0.0117353 -0.0120055 -0.0122755 -0.0125881 -0.0129178 -0.0132771 -0.013682 -0.0141042 -0.0145919 -0.0151057 -0.0156824 -0.0163187 -0.0170033 -0.0177818 -0.018613 -0.0195438 -0.0205654 -0.0216697 -0.0229051 -0.0242275 -0.0256802 -0.027262 -0.0289461 -0.0307837 -0.0327235 -0.0347716 -0.0369356 -0.0391369 -0.0413902 -0.0436379 -0.0457969 -0.0478666 -0.0497389 -0.0513369 -0.0526227 -0.0534325 -0.0536598 -0.0532027 -0.0518672 -0.0495792 -0.0462927 -0.0418972 -0.0363924 -0.0297853 -0.0220368 -0.0132708 -0.00369051 0.0065571 0.0172491 0.0281076 0.0389029 0.0493691 0.0592263 0.0683082 0.0764981 0.0836591 0.0897278 0.0947422 0.0987708 0.101911 0.104307 0.106107 0.107431 0.108363 
0 -0.0103016 -0.0204864 -0.0305003 -0.040254 -0.0495806 -0.0583415 -0.0664469 -0.0737738 -0.0801769 -0.0855569 -0.0898647 -0.0930879 -0.0952294 -0.0963036 -0.096416 -0.0957519 -0.0944351 -0.0925641 -0.090308 -0.0877916 -0.0851003 -0.0823825 -0.0796926 -0.0769919 -0.0743454 -0.0717789 -0.0692368 -0.0667595 -0.0643217 -0.061835 -0.0593417 -0.0568245 -0.0542526 -0.051713 -0.049186 -0.0466761 -0.044256 -0.0418755 -0.0395713 -0.0373778 -0.0352442 -0.0332389 -0.0313431 -0.0295428 -0.0278962 -0.0263427 -0.0249196 -0.0236229 -0.0224082 -0.0213273 -0.0203169 -0.0193998 -0.0185735 -0.0177939 -0.017111 -0.0164632 -0.0158844 -0.0153591 -0.0148637 -0.0144371 -0.01402 -0.0136623 -0.0133206 -0.0130094 -0.0127325 -0.012458 -0.0122291 -0.0119903 -0.011792 -0.0115897 -0.0114104 -0.0112427 -0.0110775 -0.010939 -0.0107882 -0.0106718 -0.0105378 -0.0104367 -0.0103216 -0.0102309 -0.0101351 -0.0100521 -0.00997468 -0.00989843 -0.00983727 -0.00976783 -0.00972059 -0.00965848 -0.00962295 -0.00956871 -0.00954312 -0.00949712 -0.0094802 -0.00944255 -0.00943354 -0.00940415 -0.00940268 -0.00938134 -0.00938732 -0.00937377 -0.00938732 -0.00938134 -0.00940268 -0.00940415 -0.00943354 -0.00944255 -0.0094802 -0.00949712 -0.00954312 -0.00956871 -0.00962295 -0.00965848 -0.00972059 -0.00976783 -0.00983727 -0.00989843 -0.00997468 -0.0100521 -0.0101351 -0.0102309 -0.0103216 -0.0104367 -0.0105378 -0.0106718 -0.0107882 -0.010939 -0.0110775 -0.0112427 -0.0114104 -0.0115897 -0.011792 -0.0119903 -0.0122291 -0.012458 -0.0127325 -0.0130094 -0.0133206 -0.0136623 -0.01402 -0.0144371 -0.0148637 -0.0153591 -0.0158844 -0.0164632 -0.017111 -0.0177939 -0.0185735 -0.0193998 -0.0203169 -0.0213273 -0.0224082 -0.0236229 -0.0249195 -0.0263425 -0.0278957 -0.0295416 -0.0313402 -0.033232 -0.0352283 -0.0373428 -0.0394984 -0.0417309 -0.0439839 -0.0461893 -0.0483576 -0.0503693 -0.0521682 -0.0537178 -0.0548651 -0.0555555 -0.0556913 -0.0550851 -0.053667 -0.0513219 -0.0479139 -0.043453 -0.0378985 -0.0311885 -0.0234047 -0.0146267 -0.00496036 0.00533968 0.0160379 0.0269464 0.037776 0.0482179 0.0580517 0.0670932 0.0751816 0.0821943 0.0880494 0.0927664 0.0964562 0.0992221 0.101181 0.102541 0.103507 0.104183 0.104652 
0 -0.00939591 -0.0187502 -0.0280151 -0.0371136 -0.0459417 -0.0543802 -0.06229 -0.0695395 -0.0760269 -0.0816442 -0.0862838 -0.0898994 -0.0924891 -0.0940614 -0.0946746 -0.0944351 -0.0934779 -0.091976 -0.0900648 -0.0878343 -0.0854486 -0.0830466 -0.0806359 -0.0782615 -0.0759763 -0.0737311 -0.0715526 -0.0694713 -0.0673867 -0.065287 -0.0631682 -0.0609428 -0.0586625 -0.0563485 -0.05396 -0.051585 -0.049211 -0.0468253 -0.0445116 -0.0422211 -0.0399914 -0.0378687 -0.0357974 -0.0338535 -0.0320128 -0.0302606 -0.0286575 -0.0271324 -0.0257353 -0.0244518 -0.0232449 -0.0221723 -0.0211591 -0.0202494 -0.0194212 -0.018644 -0.0179656 -0.0173118 -0.0167393 -0.0162028 -0.0157062 -0.0152695 -0.014839 -0.0144762 -0.0141128 -0.0137994 -0.013502 -0.013224 -0.0129838 -0.0127369 -0.0125394 -0.012325 -0.0121554 -0.0119749 -0.0118223 -0.0116744 -0.0115335 -0.0114139 -0.0112835 -0.0111864 -0.0110677 -0.0109874 -0.0108822 -0.0108141 -0.0107238 -0.0106646 -0.0105896 -0.0105377 -0.0104777 -0.0104324 -0.0103864 -0.0103476 -0.0103146 -0.0102826 -0.0102614 -0.0102367 -0.0102263 -0.0102094 -0.0102088 -0.0102003 -0.0102088 -0.0102094 -0.0102263 -0.0102367 -0.0102614 -0.0102826 -0.0103146 -0.0103476 -0.0103864 -0.0104324 -0.0104777 -0.0105377 -0.0105896 -0.0106646 -0.0107238 -0.0108141 -0.0108822 -0.0109874 -0.0110677 -0.0111864 -0.0112835 -0.0114139 -0.0115335 -0.0116744 -0.0118223 -0.0119749 -0.0121554 -0.012325 -0.0125394 -0.0127369 -0.0129838 -0.013224 -0.013502 -0.0137994 -0.0141128 -0.0144762 -0.014839 -0.0152695 -0.0157062 -0.0162028 -0.0167393 -0.0173118 -0.0179656 -0.018644 -0.0194212 -0.0202494 -0.0211591 -0.0221723 -0.0232449 -0.0244518 -0.0257353 -0.0271324 -0.0286574 -0.0302603 -0.032012 -0.0338514 -0.0357923 -0.0378568 -0.0399649 -0.0421648 -0.0443981 -0.0466075 -0.0488142 -0.0508972 -0.052824 -0.0545565 -0.0559508 -0.0569849 -0.057559 -0.0575166 -0.0568085 -0.0552808 -0.0527921 -0.0493268 -0.0447906 -0.0391345 -0.0324079 -0.0245865 -0.0157264 -0.00603702 0.00429565 0.0150642 0.025991 0.0368324 0.0473394 0.0572195 0.0662434 0.0742681 0.0811826 0.0869088 0.0914287 0.0948177 0.0972322 0.098826 0.0997459 0.100203 0.100413 0.100502 0.100568 
