0 0 0 0 0 0 0 0 0 0 0 0 0 0 0 0 0 0 0 0 0 0 0 0 0 0 0 0 0 0 0 0 0 0 0 0 0 0 0 0 0 0 0 0 0 0 0 0 0 0 0 0 0 0 0 0 0 0 0 0 0 0 0 0 0 0 0 0 0 0 0 0 0 0 0 0 0 0 0 0 0 0 0 0 0 0 0 0 0 0 0 0 0 0 0 0 0 0 0 0 0 0 0 0 0 0 0 0 0 0 0 0 0 0 0 0 0 0 0 0 0 0 0 0 0 0 0 0 0 0 0 0 0 0 0 0 0 0 0 0 0 0 0 0 0 0 0 0 0 0 0 0 0 0 0 0 0 0 0 0 0 0 0 0 0 0 0 0 0 0 0 0 0 0 0 0 0 0 0 0 0 0 0 0 0 0 0 0 0 0 0 0 0 0 0 0 0 0 0 0 
0 0.00175314 0.0033772 0.00479892 0.00599283 0.00692855 0.00754668 0.00779164 0.00765259 0.00716067 0.00635596 0.00527321 0.00395799 0.00248156 0.000930756 -0.000615622 -0.00210201 -0.00349445 -0.00476751 -0.0058922 -0.00683576 -0.00757216 -0.0080924 -0.00840693 -0.00854033 -0.00852164 -0.00837657 -0.00812545 -0.00778577 -0.00737579 -0.00691673 -0.00643189 -0.00594339 -0.00546878 -0.00501918 -0.00459934 -0.00420971 -0.00384895 -0.00351599 -0.00321102 -0.00293525 -0.00268996 -0.00247553 -0.00229066 -0.00213232 -0.00199629 -0.00187787 -0.00177278 -0.00167771 -0.00159056 -0.00151046 -0.0014373 -0.00137142 -0.00131314 -0.00126246 -0.00121896 -0.00118175 -0.00114967 -0.00112139 -0.00109564 -0.00107136 -0.00104777 -0.00102441 -0.00100115 -0.000978077 -0.000955452 -0.000933615 -0.000912921 -0.000893666 -0.000876065 -0.000860234 -0.000846179 -0.000833831 -0.000823039 -0.000813618 -0.000805353 -0.000798033 -0.000791454 -0.000785439 -0.000779841 -0.000774543 -0.000769463 -0.000764544 -0.00075976 -0.000755096 -0.000750563 -0.000746172 -0.000741949 -0.000737918 -0.00073411 -0.000730549 -0.000727261 -0.000724267 -0.000721588 -0.000719238 -0.000717231 -0.000715576 -0.000714282 -0.000713354 -0.000712796 -0.00071261 -0.000712796 -0.000713354 -0.000714282 -0.000715576 -0.000717231 -0.000719238 -0.000721588 -0.000724267 -0.000727261 -0.000730549 -0.00073411 -0.000737918 -0.000741949 -0.000746172 -0.000750563 -0.000755096 -0.00075976 -0.000764544 -0.000769463 -0.000774543 -0.000779841 -0.000785439 -0.000791454 -0.000798033 -0.000805353 -0.000813618 -0.000823039 -0.000833831 -0.000846179 -0.000860234 -0.000876065 -0.000893666 -0.000912921 -0.000933615 -0.000955452 -0.000978077 -0.00100115 -0.00102441 -0.00104777 -0.00107136 -0.00109564 -0.00112139 -0.00114967 -0.00118175 -0.00121896 -0.00126246 -0.00131314 -0.00137142 -0.0014373 -0.00151046 -0.00159056 -0.00167771 -0.00177278 -0.00187787 -0.00199629 -0.00213232 -0.00229066 -0.00247553 -0.00268996 -0.00293525 -0.00321102 -0.00351599 -0.00384895 -0.00420971 -0.00459934 -0.00501918 -0.00546878 -0.00594339 -0.00643189 -0.00691673 -0.00737578 -0.00778575 -0.00812539 -0.00837637 -0.00852107 -0.00853881 -0.00840314 -0.00808345 -0.00755237 -0.00679461 -0.00581186 -0.00462026 -0.00324108 -0.00169249 7.31612e-06 0.00182647 0.00370855 0.00557866 0.00736919 0.00904927 0.0106269 0.0121102 0.013465 0.0146213 0.0155338 0.0162274 0.0167747 0.0172272 0.0175739 
0 0.0033772 0.00655384 0.00937362 0.0117279 0.0135301 0.0147022 0.0151855 0.0149553 0.0140239 0.0124435 0.0103094 0.00775222 0.00491455 0.00193063 -0.00108062 -0.00401406 -0.00677678 -0.00928827 -0.0114833 -0.0133165 -0.0147638 -0.0158209 -0.0164996 -0.0168255 -0.016835 -0.0165722 -0.0160865 -0.015428 -0.0146443 -0.0137782 -0.0128659 -0.0119374 -0.0110173 -0.0101255 -0.00927757 -0.00848501 -0.00775514 -0.00709122 -0.00649305 -0.00595769 -0.00548053 -0.00505633 -0.00467986 -0.00434643 -0.00405188 -0.0037925 -0.00356483 -0.00336542 -0.00319079 -0.00303746 -0.00290204 -0.00278144 -0.00267299 -0.00257454 -0.00248448 -0.00240167 -0.0023254 -0.00225519 -0.00219071 -0.00213171 -0.00207786 -0.00202881 -0.00198411 -0.00194327 -0.00190577 -0.00187111 -0.00183883 -0.00180851 -0.00177983 -0.00175255 -0.00172651 -0.00170158 -0.00167774 -0.00165496 -0.00163326 -0.00161266 -0.00159318 -0.00157485 -0.00155767 -0.00154164 -0.00152674 -0.00151295 -0.00150024 -0.00148856 -0.00147787 -0.00146811 -0.00145924 -0.00145121 -0.00144399 -0.00143751 -0.00143176 -0.00142669 -0.00142228 -0.0014185 -0.00141534 -0.00141277 -0.00141079 -0.00140938 -0.00140854 -0.00140826 -0.00140854 -0.00140938 -0.00141079 -0.00141277 -0.00141534 -0.0014185 -0.00142228 -0.00142669 -0.00143176 -0.00143751 -0.00144399 -0.00145121 -0.00145924 -0.00146811 -0.00147787 -0.00148856 -0.00150024 -0.00151295 -0.00152674 -0.00154164 -0.00155767 -0.00157485 -0.00159318 -0.00161266 -0.00163326 -0.00165496 -0.00167774 -0.00170158 -0.00172651 -0.00175255 -0.00177983 -0.00180851 -0.00183883 -0.00187111 -0.00190577 -0.00194327 -0.00198411 -0.00202881 -0.00207786 -0.00213171 -0.00219071 -0.00225519 -0.0023254 -0.00240167 -0.00248448 -0.00257454 -0.00267299 -0.00278144 -0.00290204 -0.00303746 -0.00319079 -0.00336542 -0.00356483 -0.0037925 -0.00405188 -0.00434643 -0.00467986 -0.00505633 -0.00548053 -0.00595769 -0.00649305 -0.00709122 -0.00775514 -0.00848501 -0.00927757 -0.0101255 -0.0110173 -0.0119374 -0.0128659 -0.0137782 -0.0146443 -0.0154279 -0.0160863 -0.0165717 -0.0168334 -0.0168215 -0.0164899 -0.015799 -0.0147168 -0.0132215 -0.0113029 -0.00896576 -0.00623427 -0.00315411 0.000207593 0.00376389 0.00741401 0.0110553 0.0145966 0.0179696 0.0211313 0.0240495 0.0266766 0.0289454 0.0308063 0.0322736 0.0334197 0.0343107 0.0349536 
0 0.00479892 0.00937362 0.0134855 0.0169104 0.0194908 0.0211494 0.0218485 0.0215511 0.0202421 0.0179849 0.0149354 0.011296 0.00726061 0.00299801 -0.00133542 -0.00558537 -0.00960285 -0.0132582 -0.0164568 -0.0191436 -0.0212937 -0.0229023 -0.0239796 -0.0245507 -0.0246579 -0.0243605 -0.0237301 -0.0228413 -0.0217643 -0.0205598 -0.0192773 -0.0179576 -0.0166352 -0.0153398 -0.0140966 -0.0129258 -0.0118411 -0.0108495 -0.0099519 -0.00914445 -0.00842072 -0.00777323 -0.00719492 -0.00667969 -0.00622226 -0.00581799 -0.00546228 -0.00515033 -0.00487704 -0.00463709 -0.00442525 -0.00423673 -0.00406733 -0.00391374 -0.00377343 -0.00364466 -0.00352629 -0.00341751 -0.00331781 -0.00322666 -0.00314355 -0.00306785 -0.00299884 -0.00293577 -0.00287784 -0.00282432 -0.00277451 -0.00272782 -0.00268378 -0.00264204 -0.00260234 -0.0025645 -0.00252846 -0.00249414 -0.00246156 -0.0024307 -0.00240158 -0.0023742 -0.00234854 -0.00232459 -0.0023023 -0.00228165 -0.00226255 -0.00224496 -0.00222881 -0.00221403 -0.00220055 -0.00218832 -0.00217727 -0.00216735 -0.00215851 -0.00215071 -0.0021439 -0.00213807 -0.00213317 -0.00212919 -0.00212612 -0.00212393 -0.00212262 -0.00212218 -0.00212262 -0.00212393 -0.00212612 -0.00212919 -0.00213317 -0.00213807 -0.0021439 -0.00215071 -0.00215851 -0.00216735 -0.00217727 -0.00218832 -0.00220055 -0.00221403 -0.00222881 -0.00224496 -0.00226255 -0.00228165 -0.0023023 -0.00232459 -0.00234854 -0.0023742 -0.00240158 -0.0024307 -0.00246156 -0.00249414 -0.00252846 -0.0025645 -0.00260234 -0.00264204 -0.00268378 -0.00272782 -0.00277451 -0.00282432 -0.00287784 -0.00293577 -0.00299884 -0.00306785 -0.00314355 -0.00322666 -0.00331781 -0.00341751 -0.00352629 -0.00364466 -0.00377343 -0.00391374 -0.00406733 -0.00423673 -0.00442525 -0.00463709 -0.00487704 -0.00515033 -0.00546228 -0.00581799 -0.00622226 -0.00667969 -0.00719492 -0.00777323 -0.00842072 -0.00914445 -0.0099519 -0.0108495 -0.0118411 -0.0129258 -0.0140966 -0.0153398 -0.0166352 -0.0179576 -0.0192773 -0.0205598 -0.0217643 -0.0228411 -0.0237296 -0.0243592 -0.0246544 -0.0245421 -0.0239596 -0.0228585 -0.0212035 -0.0189685 -0.0161364 -0.0127053 -0.00870205 -0.00419609 0.000701484 0.00585602 0.0111332 0.0164172 0.02161 0.0266121 0.0313119 0.0356072 0.0394353 0.042772 0.0456052 0.0479243 0.0497359 0.0510717 0.0519735 
0 0.00599283 0.0117279 0.0169104 0.0212474 0.0245243 0.0266271 0.0275004 0.0271157 0.0254946 0.0227365 0.0190077 0.0145105 0.0094665 0.00410676 -0.00134646 -0.00669477 -0.0117673 -0.0164222 -0.0205479 -0.0240621 -0.026912 -0.0290784 -0.0305747 -0.0314405 -0.0317346 -0.0315274 -0.0308939 -0.0299109 -0.0286554 -0.027202 -0.0256204 -0.023973 -0.0223117 -0.0206771 -0.0190989 -0.0175975 -0.0161865 -0.0148749 -0.0136677 -0.0125676 -0.0115742 -0.0106842 -0.0098919 -0.00918931 -0.00856708 -0.00801564 -0.00752576 -0.00708944 -0.00669998 -0.00635195 -0.00604111 -0.00576375 -0.00551667 -0.00529671 -0.00510068 -0.00492549 -0.00476799 -0.00462536 -0.00449503 -0.00437487 -0.00426324 -0.00415887 -0.00406099 -0.00396905 -0.00388278 -0.00380201 -0.00372662 -0.00365653 -0.00359154 -0.00353147 -0.00347602 -0.00342488 -0.00337769 -0.00333407 -0.00329369 -0.00325616 -0.00322122 -0.00318854 -0.00315794 -0.00312921 -0.0031022 -0.00307681 -0.00305294 -0.00303055 -0.00300959 -0.00299004 -0.00297186 -0.00295507 -0.00293964 -0.00292558 -0.00291288 -0.00290154 -0.00289154 -0.0028829 -0.00287559 -0.00286963 -0.00286498 -0.00286168 -0.00285969 -0.00285903 -0.00285969 -0.00286168 -0.00286498 -0.00286963 -0.00287559 -0.0028829 -0.00289154 -0.00290154 -0.00291288 -0.00292558 -0.00293964 -0.00295507 -0.00297186 -0.00299004 -0.00300959 -0.00303055 -0.00305294 -0.00307681 -0.0031022 -0.00312921 -0.00315794 -0.00318854 -0.00322122 -0.00325616 -0.00329369 -0.00333407 -0.00337769 -0.00342488 -0.00347602 -0.00353147 -0.00359154 -0.00365653 -0.00372662 -0.00380201 -0.00388278 -0.00396905 -0.00406099 -0.00415887 -0.00426324 -0.00437487 -0.00449503 -0.00462536 -0.00476799 -0.00492549 -0.00510068 -0.00529671 -0.00551667 -0.00576375 -0.00604111 -0.00635195 -0.00669998 -0.00708944 -0.00752576 -0.00801564 -0.00856708 -0.00918931 -0.0098919 -0.0106842 -0.0115742 -0.0125676 -0.0136677 -0.0148749 -0.0161865 -0.0175975 -0.0190989 -0.0206771 -0.0223117 -0.023973 -0.0256203 -0.0272019 -0.0286553 -0.0299105 -0.0308927 -0.0315244 -0.0317271 -0.031423 -0.0305359 -0.0289973 -0.0267523 -0.0237653 -0.0200272 -0.0155585 -0.0104096 -0.00466349 0.00156317 0.00812952 0.014884 0.0216772 0.0283722 0.0348416 0.0409506 0.0465619 0.0515794 0.0559796 0.0597761 0.0629552 0.0654689 0.0672963 0.0684913 
0 0.00692855 0.0135301 0.0194908 0.0245243 0.0283825 0.0308709 0.0318814 0.0314214 0.0295914 0.0265221 0.0223484 0.0172452 0.0114577 0.00527164 -0.00104132 -0.00725235 -0.0131764 -0.0186637 -0.0235872 -0.0278402 -0.0313496 -0.0340857 -0.0360586 -0.0373093 -0.0378999 -0.037901 -0.0373882 -0.036442 -0.0351456 -0.0335829 -0.0318354 -0.0299767 -0.0280688 -0.0261621 -0.0242946 -0.0224941 -0.0207818 -0.0191722 -0.0176755 -0.0162979 -0.0150411 -0.0139036 -0.0128805 -0.0119642 -0.0111458 -0.010416 -0.00976523 -0.00918498 -0.00866729 -0.00820536 -0.00779307 -0.0074249 -0.00709601 -0.00680171 -0.00653788 -0.00630066 -0.00608652 -0.00589244 -0.00571565 -0.00555394 -0.00540536 -0.00526835 -0.00514167 -0.00502418 -0.00491513 -0.00481369 -0.0047193 -0.00463139 -0.00454944 -0.00447306 -0.00440176 -0.00433523 -0.00427305 -0.00421497 -0.00416064 -0.00410983 -0.00406231 -0.00401785 -0.00397629 -0.00393743 -0.00390117 -0.00386734 -0.00383587 -0.00380661 -0.00377953 -0.00375449 -0.00373147 -0.00371037 -0.00369116 -0.00367377 -0.00365816 -0.00364431 -0.00363215 -0.00362169 -0.00361287 -0.00360569 -0.00360011 -0.00359615 -0.00359376 -0.00359298 -0.00359376 -0.00359615 -0.00360011 -0.00360569 -0.00361287 -0.00362169 -0.00363215 -0.00364431 -0.00365816 -0.00367377 -0.00369116 -0.00371037 -0.00373147 -0.00375449 -0.00377953 -0.00380661 -0.00383587 -0.00386734 -0.00390117 -0.00393743 -0.00397629 -0.00401785 -0.00406231 -0.00410983 -0.00416064 -0.00421497 -0.00427305 -0.00433523 -0.00440176 -0.00447306 -0.00454944 -0.00463139 -0.0047193 -0.00481369 -0.00491513 -0.00502418 -0.00514167 -0.00526835 -0.00540536 -0.00555394 -0.00571565 -0.00589244 -0.00608652 -0.00630066 -0.00653788 -0.00680171 -0.00709601 -0.0074249 -0.00779307 -0.00820536 -0.00866729 -0.00918498 -0.00976523 -0.010416 -0.0111458 -0.0119642 -0.0128805 -0.0139036 -0.0150411 -0.0162979 -0.0176755 -0.0191722 -0.0207818 -0.0224941 -0.0242946 -0.0261621 -0.0280688 -0.0299767 -0.0318354 -0.0335828 -0.0351453 -0.0364411 -0.0373857 -0.0378946 -0.0378848 -0.0372755 -0.0359871 -0.0339432 -0.0310814 -0.0273634 -0.0227855 -0.0173857 -0.0112373 -0.00443505 0.00290851 0.0106626 0.0186788 0.0267878 0.0348068 0.0425654 0.0499233 0.0567567 0.0629526 0.0684363 0.0731846 0.0771843 0.0803932 0.0827739 0.0843521 
0 0.00754668 0.0147022 0.0211494 0.0266271 0.0308709 0.0336327 0.0347804 0.0343435 0.0324441 0.0292108 0.024781 0.0193477 0.0131609 0.00649156 -0.000389779 -0.00722714 -0.0137992 -0.0199277 -0.0254714 -0.0303267 -0.0344289 -0.0377424 -0.0402563 -0.0419887 -0.042983 -0.0433035 -0.0430325 -0.0422608 -0.0410778 -0.0395695 -0.0378144 -0.0358834 -0.0338417 -0.0317486 -0.0296555 -0.0276065 -0.0256351 -0.0237644 -0.0220093 -0.0203762 -0.0188667 -0.0174799 -0.0162124 -0.0150606 -0.0140199 -0.0130848 -0.0122486 -0.0115036 -0.0108407 -0.0102511 -0.00972513 -0.00925449 -0.00883148 -0.00844966 -0.00810406 -0.0077904 -0.00750565 -0.00724713 -0.00701254 -0.0067999 -0.006607 -0.00643196 -0.00627264 -0.00612713 -0.00599362 -0.00587035 -0.00575602 -0.00564926 -0.00554923 -0.00545508 -0.00536631 -0.00528252 -0.00520337 -0.00512877 -0.00505844 -0.00499242 -0.00493044 -0.00487254 -0.00481848 -0.00476822 -0.00472155 -0.00467835 -0.00463846 -0.0046017 -0.00456796 -0.00453701 -0.00450881 -0.00448312 -0.00445993 -0.00443902 -0.00442042 -0.00440392 -0.00438956 -0.00437718 -0.00436683 -0.00435837 -0.00435186 -0.00434719 -0.00434443 -0.00434349 -0.00434443 -0.00434719 -0.00435186 -0.00435837 -0.00436683 -0.00437718 -0.00438956 -0.00440392 -0.00442042 -0.00443902 -0.00445993 -0.00448312 -0.00450881 -0.00453701 -0.00456796 -0.0046017 -0.00463846 -0.00467835 -0.00472155 -0.00476822 -0.00481848 -0.00487254 -0.00493044 -0.00499242 -0.00505844 -0.00512877 -0.00520337 -0.00528252 -0.00536631 -0.00545508 -0.00554923 -0.00564926 -0.00575602 -0.00587035 -0.00599362 -0.00612713 -0.00627264 -0.00643196 -0.006607 -0.0067999 -0.00701254 -0.00724713 -0.00750565 -0.0077904 -0.00810406 -0.00844966 -0.00883148 -0.00925449 -0.00972513 -0.0102511 -0.0108407 -0.0115036 -0.0122486 -0.0130848 -0.0140199 -0.0150606 -0.0162124 -0.0174799 -0.0188667 -0.0203762 -0.0220093 -0.0237644 -0.0256351 -0.0276065 -0.0296555 -0.0317486 -0.0338417 -0.0358833 -0.0378144 -0.0395692 -0.041077 -0.0422587 -0.0430272 -0.0432907 -0.0429539 -0.0419265 -0.0401308 -0.0375032 -0.0339984 -0.0295937 -0.0242883 -0.0181112 -0.0111304 -0.00344676 0.00481851 0.0135289 0.0225395 0.0316973 0.0408232 0.049714 0.0581899 0.0661267 0.0734255 0.0799766 0.0856796 0.0904817 0.0943706 0.0973372 0.0993622 
0 0.00779164 0.0151855 0.0218485 0.0275004 0.0318814 0.0347804 0.0360883 0.0357962 0.0339615 0.0307078 0.0262309 0.0207557 0.0144943 0.00766653 0.000530116 -0.00664258 -0.0136068 -0.0201621 -0.0261595 -0.0315025 -0.0361257 -0.039979 -0.0430357 -0.0452962 -0.0467858 -0.0475571 -0.0476841 -0.0472473 -0.0463308 -0.0450185 -0.0433883 -0.0415154 -0.0394713 -0.0373201 -0.03512 -0.0329209 -0.030762 -0.028675 -0.0266828 -0.0248007 -0.0230392 -0.0214036 -0.0198953 -0.0185134 -0.0172536 -0.0161104 -0.0150771 -0.0141454 -0.0133075 -0.0125549 -0.0118796 -0.011274 -0.0107307 -0.0102431 -0.00980481 -0.00941017 -0.0090542 -0.00873192 -0.00843958 -0.00817335 -0.00793025 -0.00770771 -0.00750329 -0.00731539 -0.00714211 -0.00698229 -0.00683461 -0.00669801 -0.00657163 -0.0064544 -0.00634577 -0.00624476 -0.00615093 -0.0060635 -0.00598203 -0.00590601 -0.00583497 -0.00576864 -0.00570656 -0.00564863 -0.0055944 -0.00554391 -0.00549675 -0.00545299 -0.00541232 -0.00537478 -0.00534015 -0.00530844 -0.00527952 -0.00525332 -0.00522983 -0.00520892 -0.00519063 -0.00517482 -0.00516156 -0.00515069 -0.00514233 -0.00513631 -0.00513276 -0.00513153 -0.00513276 -0.00513631 -0.00514233 -0.00515069 -0.00516156 -0.00517482 -0.00519063 -0.00520892 -0.00522983 -0.00525332 -0.00527952 -0.00530844 -0.00534015 -0.00537478 -0.00541232 -0.00545299 -0.00549675 -0.00554391 -0.0055944 -0.00564863 -0.00570656 -0.00576864 -0.00583497 -0.00590601 -0.00598203 -0.0060635 -0.00615093 -0.00624476 -0.00634577 -0.0064544 -0.00657163 -0.00669801 -0.00683461 -0.00698229 -0.00714211 -0.00731539 -0.00750329 -0.00770771 -0.00793025 -0.00817335 -0.00843958 -0.00873192 -0.0090542 -0.00941017 -0.00980481 -0.0102431 -0.0107307 -0.011274 -0.0118796 -0.0125549 -0.0133075 -0.0141454 -0.0150771 -0.0161104 -0.0172536 -0.0185134 -0.0198953 -0.0214036 -0.0230392 -0.0248007 -0.0266828 -0.028675 -0.030762 -0.0329209 -0.03512 -0.0373201 -0.0394712 -0.0415153 -0.0433881 -0.0450178 -0.0463291 -0.0472429 -0.0476733 -0.0475324 -0.0467323 -0.045187 -0.0428249 -0.0395946 -0.0354627 -0.0304191 -0.0244763 -0.0176627 -0.0100338 -0.00168204 0.00727596 0.0167099 0.0264759 0.0364271 0.0464114 0.0562422 0.065709 0.0746417 0.082932 0.0904703 0.0971114 0.102738 0.107319 0.110859 0.113306 
0 0.00765259 0.0149553 0.0215511 0.0271157 0.0314214 0.0343435 0.0357962 0.0357003 0.0340509 0.0309831 0.0267153 0.021448 0.0153595 0.00866297 0.00160578 -0.00557009 -0.0126394 -0.0194009 -0.0256985 -0.0314168 -0.0364642 -0.040781 -0.0443429 -0.0471442 -0.0491965 -0.0505322 -0.0511937 -0.0512354 -0.050729 -0.049753 -0.0483884 -0.046718 -0.0448152 -0.0427444 -0.0405642 -0.0383235 -0.036066 -0.0338324 -0.0316553 -0.0295633 -0.027578 -0.0257121 -0.0239738 -0.0223645 -0.0208813 -0.0195203 -0.0182748 -0.0171387 -0.0161061 -0.0151701 -0.014325 -0.013564 -0.0128801 -0.0122666 -0.0117157 -0.0112208 -0.0107748 -0.0103715 -0.0100057 -0.00967221 -0.00936767 -0.00908832 -0.0088319 -0.00859612 -0.00837905 -0.00817944 -0.00799544 -0.00782625 -0.00767021 -0.00752647 -0.00739382 -0.00727117 -0.00715778 -0.00705246 -0.00695483 -0.00686378 -0.00677913 -0.0067 -0.00662623 -0.00655728 -0.00649292 -0.00643292 -0.00637693 -0.006325 -0.00627668 -0.00623217 -0.006191 -0.00615345 -0.00611903 -0.00608805 -0.00606007 -0.00603538 -0.00601357 -0.00599492 -0.00597909 -0.00596631 -0.00595629 -0.00594925 -0.00594494 -0.00594358 -0.00594494 -0.00594925 -0.00595629 -0.00596631 -0.00597909 -0.00599492 -0.00601357 -0.00603538 -0.00606007 -0.00608805 -0.00611903 -0.00615345 -0.006191 -0.00623217 -0.00627668 -0.006325 -0.00637693 -0.00643292 -0.00649292 -0.00655728 -0.00662623 -0.0067 -0.00677913 -0.00686378 -0.00695483 -0.00705246 -0.00715778 -0.00727117 -0.00739382 -0.00752647 -0.00767021 -0.00782625 -0.00799544 -0.00817944 -0.00837905 -0.00859612 -0.0088319 -0.00908832 -0.00936767 -0.00967221 -0.0100057 -0.0103715 -0.0107748 -0.0112208 -0.0117157 -0.0122666 -0.0128801 -0.013564 -0.014325 -0.0151701 -0.0161061 -0.0171387 -0.0182748 -0.0195203 -0.0208813 -0.0223645 -0.0239738 -0.0257121 -0.027578 -0.0295633 -0.0316553 -0.0338324 -0.036066 -0.0383235 -0.0405642 -0.0427444 -0.0448151 -0.0467178 -0.0483879 -0.0497516 -0.0507254 -0.0512264 -0.051173 -0.0504869 -0.0491026 -0.0469604 -0.0440033 -0.0401874 -0.0354815 -0.0298712 -0.0233779 -0.0160518 -0.00795457 0.000838128 0.0102376 0.0201521 0.030465 0.0410162 0.0516355 0.0621679 0.0724418 0.082261 0.0914511 0.099874 0.107387 0.113842 0.119135 0.123208 0.12599 
0 0.00716067 0.0140239 0.0202421 0.0254946 0.0295914 0.0324441 0.0339615 0.0340509 0.0327132 0.0300574 0.0262263 0.0213731 0.015697 0.00942107 0.00274221 -0.00415415 -0.0110658 -0.0178016 -0.0242023 -0.0301294 -0.035478 -0.04019 -0.0442289 -0.0475682 -0.0502038 -0.0521438 -0.0534057 -0.0540301 -0.0540721 -0.0535916 -0.0526598 -0.0513486 -0.0497244 -0.0478559 -0.0458058 -0.0436297 -0.041382 -0.0391076 -0.0368443 -0.0346264 -0.0324781 -0.0304196 -0.0284669 -0.0266287 -0.0249127 -0.0233213 -0.0218531 -0.0205066 -0.0192752 -0.0181528 -0.0171321 -0.0162044 -0.0153631 -0.0145999 -0.0139083 -0.0132823 -0.0127152 -0.0122028 -0.0117388 -0.0113191 -0.0109392 -0.0105941 -0.0102809 -0.00999478 -0.00973346 -0.00949338 -0.00927231 -0.00906822 -0.00887888 -0.0087035 -0.00854003 -0.00838827 -0.00824669 -0.00811504 -0.00799245 -0.00787835 -0.00777249 -0.00767392 -0.00758282 -0.00749806 -0.00741997 -0.00734747 -0.00728088 -0.00721928 -0.00716286 -0.007111 -0.00706368 -0.00702057 -0.00698149 -0.00694636 -0.00691485 -0.00688711 -0.00686268 -0.00684187 -0.00682418 -0.00681 -0.00679879 -0.00679104 -0.00678618 -0.00678475 -0.00678618 -0.00679104 -0.00679879 -0.00681 -0.00682418 -0.00684187 -0.00686268 -0.00688711 -0.00691485 -0.00694636 -0.00698149 -0.00702057 -0.00706368 -0.007111 -0.00716286 -0.00721928 -0.00728088 -0.00734747 -0.00741997 -0.00749806 -0.00758282 -0.00767392 -0.00777249 -0.00787835 -0.00799245 -0.00811504 -0.00824669 -0.00838827 -0.00854003 -0.0087035 -0.00887888 -0.00906822 -0.00927231 -0.00949338 -0.00973346 -0.00999478 -0.0102809 -0.0105941 -0.0109392 -0.0113191 -0.0117388 -0.0122028 -0.0127152 -0.0132823 -0.0139083 -0.0145999 -0.0153631 -0.0162044 -0.0171321 -0.0181528 -0.0192752 -0.0205066 -0.0218531 -0.0233213 -0.0249127 -0.0266287 -0.0284669 -0.0304196 -0.0324781 -0.0346264 -0.0368443 -0.0391076 -0.041382 -0.0436297 -0.0458058 -0.0478559 -0.0497243 -0.0513482 -0.0526587 -0.0535886 -0.0540648 -0.0540129 -0.0533676 -0.052064 -0.0500455 -0.0472714 -0.0437029 -0.0393073 -0.0340714 -0.0279923 -0.0210866 -0.0134075 -0.0050183 0.00402973 0.0136797 0.0238641 0.0345008 0.0454518 0.056526 0.0675587 0.0784299 0.0889786 0.0989731 0.108194 0.116485 0.123703 0.129672 0.134227 0.137271 
0 0.00635596 0.0124435 0.0179849 0.0227365 0.0265221 0.0292108 0.0307078 0.0309831 0.0300574 0.0279521 0.0247164 0.0204981 0.0155038 0.00989904 0.00381631 -0.00257588 -0.00908986 -0.0155619 -0.021839 -0.0277845 -0.033306 -0.0383308 -0.042785 -0.0466209 -0.0498169 -0.0523584 -0.0542552 -0.0555356 -0.0562255 -0.0563629 -0.0559986 -0.0551823 -0.0539762 -0.0524497 -0.0506647 -0.048686 -0.0465714 -0.0443664 -0.0421162 -0.0398566 -0.037617 -0.0354281 -0.033311 -0.0312849 -0.0293661 -0.0275615 -0.0258781 -0.0243166 -0.0228734 -0.0215465 -0.0203278 -0.019212 -0.0181927 -0.0172618 -0.0164149 -0.015644 -0.0149441 -0.0143092 -0.0137329 -0.0132112 -0.0127371 -0.012307 -0.0119157 -0.0115588 -0.0112334 -0.0109348 -0.0106615 -0.0104096 -0.0101779 -0.00996391 -0.00976601 -0.00958316 -0.00941329 -0.00925642 -0.00911028 -0.00897532 -0.00884957 -0.0087333 -0.00862521 -0.00852509 -0.00843241 -0.00834642 -0.00826728 -0.00819382 -0.00812668 -0.00806449 -0.00800813 -0.00795619 -0.00790964 -0.00786715 -0.00782965 -0.00779598 -0.00776696 -0.00774163 -0.00772068 -0.00770333 -0.00769017 -0.00768055 -0.00767502 -0.00767299 -0.00767502 -0.00768055 -0.00769017 -0.00770333 -0.00772068 -0.00774163 -0.00776696 -0.00779598 -0.00782965 -0.00786715 -0.00790964 -0.00795619 -0.00800813 -0.00806449 -0.00812668 -0.00819382 -0.00826728 -0.00834642 -0.00843241 -0.00852509 -0.00862521 -0.0087333 -0.00884957 -0.00897532 -0.00911028 -0.00925642 -0.00941329 -0.00958316 -0.00976601 -0.00996391 -0.0101779 -0.0104096 -0.0106615 -0.0109348 -0.0112334 -0.0115588 -0.0119157 -0.012307 -0.0127371 -0.0132112 -0.0137329 -0.0143092 -0.0149441 -0.015644 -0.0164149 -0.0172618 -0.0181927 -0.019212 -0.0203278 -0.0215465 -0.0228734 -0.0243166 -0.0258781 -0.0275615 -0.0293661 -0.0312849 -0.033311 -0.0354281 -0.037617 -0.0398566 -0.0421162 -0.0443664 -0.0465714 -0.048686 -0.0506647 -0.0524496 -0.0539759 -0.0551814 -0.0559963 -0.0563571 -0.0562115 -0.0555041 -0.0541881 -0.0522235 -0.0495604 -0.0461598 -0.0419999 -0.0370626 -0.0313545 -0.0249079 -0.0177454 -0.00988947 -0.00137503 0.0077771 0.0175439 0.0278546 0.0386137 0.0497281 0.0610689 0.0724696 0.0837863 0.0948765 0.105516 0.115431 0.124401 0.132257 0.138787 0.14376 0.147048 
0 0.00527321 0.0103094 0.0149354 0.0190077 0.0223484 0.024781 0.0262309 0.0267153 0.0262263 0.0247164 0.022215 0.0188509 0.0147443 0.0099814 0.00468896 -0.000974291 -0.006876 -0.0128839 -0.0188469 -0.0246461 -0.0301897 -0.0353748 -0.0401181 -0.0443713 -0.0480841 -0.0512197 -0.0537716 -0.055732 -0.0571034 -0.0579157 -0.0581981 -0.0579888 -0.0573441 -0.0563126 -0.0549476 -0.0533109 -0.0514525 -0.0494271 -0.0472888 -0.0450786 -0.0428407 -0.04061 -0.0384114 -0.0362721 -0.0342071 -0.03223 -0.0303541 -0.028583 -0.0269246 -0.0253803 -0.0239485 -0.0226303 -0.021418 -0.0203084 -0.0192943 -0.0183671 -0.0175222 -0.0167495 -0.0160449 -0.0154011 -0.0148125 -0.0142758 -0.0137842 -0.0133365 -0.0129267 -0.012553 -0.0122118 -0.0118994 -0.0116147 -0.0113529 -0.011114 -0.0108935 -0.0106912 -0.0105043 -0.0103315 -0.010172 -0.0100234 -0.00988639 -0.00975818 -0.00964013 -0.00952952 -0.00942781 -0.00933279 -0.00924552 -0.00916456 -0.00909032 -0.00902219 -0.00895992 -0.00890363 -0.0088525 -0.00880723 -0.00876658 -0.00873166 -0.00870096 -0.00867588 -0.00865474 -0.00863912 -0.00862727 -0.00862086 -0.00861815 -0.00862086 -0.00862727 -0.00863912 -0.00865474 -0.00867588 -0.00870096 -0.00873166 -0.00876658 -0.00880723 -0.0088525 -0.00890363 -0.00895992 -0.00902219 -0.00909032 -0.00916456 -0.00924552 -0.00933279 -0.00942781 -0.00952952 -0.00964013 -0.00975818 -0.00988639 -0.0100234 -0.010172 -0.0103315 -0.0105043 -0.0106912 -0.0108935 -0.011114 -0.0113529 -0.0116147 -0.0118994 -0.0122118 -0.012553 -0.0129267 -0.0133365 -0.0137842 -0.0142758 -0.0148125 -0.0154011 -0.0160449 -0.0167495 -0.0175222 -0.0183671 -0.0192943 -0.0203084 -0.021418 -0.0226303 -0.0239485 -0.0253803 -0.0269246 -0.028583 -0.0303541 -0.03223 -0.0342071 -0.0362721 -0.0384114 -0.04061 -0.0428407 -0.0450786 -0.0472888 -0.0494271 -0.0514525 -0.0533109 -0.0549475 -0.0563123 -0.0573434 -0.057987 -0.0581934 -0.0579044 -0.0570776 -0.0556764 -0.0536581 -0.0510006 -0.0476842 -0.0436803 -0.0389856 -0.0336086 -0.0275548 -0.0208591 -0.0135594 -0.00565214 0.00287124 0.0120037 0.0217419 0.0320406 0.0427889 0.0538957 0.0653166 0.0769511 0.0886061 0.100075 0.111155 0.121596 0.131117 0.139461 0.146396 0.151704 0.15523 
0 0.00395799 0.00775222 0.011296 0.0145105 0.0172452 0.0193477 0.0207557 0.021448 0.0213731 0.0204981 0.0188509 0.0164581 0.0133336 0.00955868 0.00525977 0.00051378 -0.00461333 -0.0099917 -0.0154834 -0.0209823 -0.0263697 -0.03154 -0.0364372 -0.0409965 -0.0451376 -0.048813 -0.0519792 -0.0545932 -0.0566548 -0.0581739 -0.059157 -0.0596388 -0.0596511 -0.0592209 -0.0583998 -0.0572327 -0.0557662 -0.0540631 -0.0521706 -0.050138 -0.0480167 -0.0458386 -0.0436422 -0.041458 -0.0393052 -0.0372114 -0.0351894 -0.0332529 -0.031416 -0.0296799 -0.0280532 -0.0265351 -0.025123 -0.0238183 -0.0226118 -0.0215028 -0.0204836 -0.0195478 -0.0186927 -0.0179078 -0.0171921 -0.0165366 -0.0159375 -0.0153907 -0.0148889 -0.0144316 -0.0140109 -0.0136268 -0.0132734 -0.0129491 -0.0126515 -0.0123766 -0.0121251 -0.0118917 -0.0116782 -0.0114798 -0.0112981 -0.0111295 -0.0109743 -0.0108313 -0.0106989 -0.0105777 -0.010465 -0.0103627 -0.0102674 -0.0101817 -0.0101018 -0.0100308 -0.009965 -0.0099072 -0.00985434 -0.00980872 -0.00976788 -0.00973369 -0.00970419 -0.00968089 -0.00966227 -0.00964953 -0.00964146 -0.00963913 -0.00964146 -0.00964953 -0.00966227 -0.00968089 -0.00970419 -0.00973369 -0.00976788 -0.00980872 -0.00985434 -0.0099072 -0.009965 -0.0100308 -0.0101018 -0.0101817 -0.0102674 -0.0103627 -0.010465 -0.0105777 -0.0106989 -0.0108313 -0.0109743 -0.0111295 -0.0112981 -0.0114798 -0.0116782 -0.0118917 -0.0121251 -0.0123766 -0.0126515 -0.0129491 -0.0132734 -0.0136268 -0.0140109 -0.0144316 -0.0148889 -0.0153907 -0.0159375 -0.0165366 -0.0171921 -0.0179078 -0.0186927 -0.0195478 -0.0204836 -0.0215028 -0.0226118 -0.0238183 -0.025123 -0.0265351 -0.0280532 -0.0296799 -0.031416 -0.0332529 -0.0351894 -0.0372114 -0.0393052 -0.041458 -0.0436422 -0.0458386 -0.0480167 -0.050138 -0.0521706 -0.0540631 -0.0557661 -0.0572326 -0.0583996 -0.0592204 -0.0596496 -0.0596352 -0.059148 -0.0581531 -0.0566093 -0.0544988 -0.0517942 -0.0484701 -0.0445358 -0.0399953 -0.0348534 -0.0291466 -0.0228924 -0.0160855 -0.00874362 -0.000864062 0.00759176 0.0166247 0.0262074 0.0363318 0.0469574 0.0579968 0.0693973 0.0811064 0.0929466 0.104649 0.115982 0.126736 0.136617 0.145289 0.152485 0.158024 0.161737 
0 0.00248156 0.00491455 0.00726061 0.0094665 0.0114577 0.0131609 0.0144943 0.0153595 0.015697 0.0155038 0.0147443 0.0133336 0.0112615 0.00861021 0.0054201 0.00168744 -0.00252237 -0.00710216 -0.011969 -0.0170084 -0.022083 -0.0271142 -0.032034 -0.0367404 -0.0411653 -0.0452565 -0.0489346 -0.0521553 -0.0548988 -0.0571267 -0.0588349 -0.0600405 -0.060745 -0.0609826 -0.0607949 -0.0602074 -0.0592729 -0.0580356 -0.0565306 -0.0548154 -0.0529293 -0.0509138 -0.0488207 -0.0466781 -0.0445249 -0.0423917 -0.0402933 -0.0382572 -0.0362907 -0.0344048 -0.0326118 -0.0309091 -0.029308 -0.0278058 -0.0264028 -0.0251023 -0.0238948 -0.022784 -0.0217599 -0.020819 -0.0199575 -0.0191645 -0.0184407 -0.0177739 -0.0171639 -0.0166032 -0.0160873 -0.015615 -0.0151779 -0.0147788 -0.0144088 -0.0140705 -0.0137578 -0.0134705 -0.0132067 -0.0129626 -0.01274 -0.0125327 -0.0123448 -0.0121692 -0.0120103 -0.0118622 -0.011728 -0.0116036 -0.0114906 -0.011387 -0.0112925 -0.0112073 -0.0111294 -0.0110607 -0.0109979 -0.0109441 -0.0108953 -0.0108555 -0.01082 -0.0107932 -0.0107704 -0.0107562 -0.0107458 -0.010744 -0.0107458 -0.0107562 -0.0107704 -0.0107932 -0.01082 -0.0108555 -0.0108953 -0.0109441 -0.0109979 -0.0110607 -0.0111294 -0.0112073 -0.0112925 -0.011387 -0.0114906 -0.0116036 -0.011728 -0.0118622 -0.0120103 -0.0121692 -0.0123448 -0.0125327 -0.01274 -0.0129626 -0.0132067 -0.0134705 -0.0137578 -0.0140705 -0.0144088 -0.0147788 -0.0151779 -0.015615 -0.0160873 -0.0166032 -0.0171639 -0.0177739 -0.0184407 -0.0191645 -0.0199575 -0.020819 -0.0217599 -0.022784 -0.0238948 -0.0251023 -0.0264028 -0.0278058 -0.029308 -0.0309091 -0.0326118 -0.0344048 -0.0362907 -0.0382572 -0.0402933 -0.0423917 -0.0445249 -0.0466781 -0.0488207 -0.0509138 -0.0529293 -0.0548154 -0.0565306 -0.0580356 -0.0592728 -0.0602073 -0.0607945 -0.0609815 -0.0607422 -0.0600335 -0.0588183 -0.0570898 -0.0548213 -0.052001 -0.048644 -0.0447383 -0.0402895 -0.0353339 -0.0298792 -0.0239461 -0.017579 -0.010765 -0.00346847 0.00431547 0.0126189 0.0214765 0.0308524 0.0407208 0.0511209 0.0620448 0.0733928 0.0850518 0.0968786 0.108638 0.120067 0.130925 0.140934 0.149747 0.157075 0.162724 0.166512 
0 0.000930756 0.00193063 0.00299801 0.00410676 0.00527164 0.00649156 0.00766653 0.00866297 0.00942107 0.00989904 0.0099814 0.00955868 0.00861021 0.00711889 0.00503698 0.00238486 -0.000773814 -0.00442641 -0.00853091 -0.0129573 -0.0175976 -0.0223702 -0.0271485 -0.0318408 -0.0364068 -0.040762 -0.0448272 -0.0485644 -0.0518996 -0.054776 -0.0571882 -0.0591088 -0.0605344 -0.0614987 -0.0620046 -0.06208 -0.0617697 -0.0610898 -0.0600891 -0.0588143 -0.0572937 -0.0555872 -0.0537307 -0.0517589 -0.0497224 -0.0476399 -0.0455478 -0.0434739 -0.0414285 -0.0394427 -0.0375206 -0.0356757 -0.0339212 -0.0322515 -0.0306814 -0.0292029 -0.0278187 -0.0265302 -0.0253264 -0.0242147 -0.0231812 -0.0222285 -0.0213501 -0.0205386 -0.0197964 -0.0191094 -0.0184829 -0.0179042 -0.0173745 -0.0168881 -0.0164393 -0.0160298 -0.0156489 -0.0153026 -0.0149794 -0.0146851 -0.014411 -0.0141598 -0.0139278 -0.0137132 -0.0135172 -0.0133343 -0.0131693 -0.0130142 -0.012876 -0.0127458 -0.0126311 -0.0125234 -0.0124296 -0.0123423 -0.0122674 -0.0121988 -0.0121412 -0.01209 -0.0120486 -0.0120137 -0.0119878 -0.0119686 -0.0119577 -0.0119536 -0.0119577 -0.0119686 -0.0119878 -0.0120137 -0.0120486 -0.01209 -0.0121412 -0.0121988 -0.0122674 -0.0123423 -0.0124296 -0.0125234 -0.0126311 -0.0127458 -0.012876 -0.0130142 -0.0131693 -0.0133343 -0.0135172 -0.0137132 -0.0139278 -0.0141598 -0.014411 -0.0146851 -0.0149794 -0.0153026 -0.0156489 -0.0160298 -0.0164393 -0.0168881 -0.0173745 -0.0179042 -0.0184829 -0.0191094 -0.0197964 -0.0205386 -0.0213501 -0.0222285 -0.0231812 -0.0242147 -0.0253264 -0.0265302 -0.0278187 -0.0292029 -0.0306814 -0.0322515 -0.0339212 -0.0356757 -0.0375206 -0.0394427 -0.0414285 -0.0434739 -0.0455478 -0.0476399 -0.0497224 -0.0517589 -0.0537307 -0.0555872 -0.0572937 -0.0588143 -0.0600891 -0.0610898 -0.0617696 -0.0620797 -0.0620038 -0.0614965 -0.060529 -0.0590958 -0.0571588 -0.0547132 -0.0517725 -0.0483211 -0.0443861 -0.0400042 -0.0351705 -0.0299189 -0.0242862 -0.0182576 -0.0118504 -0.00508566 0.00209284 0.00972831 0.0178223 0.0264202 0.0355561 0.0451994 0.0553623 0.0660914 0.0773095 0.0888283 0.100482 0.112108 0.123456 0.13423 0.144139 0.152892 0.160201 0.165821 0.169551 
0 -0.000615622 -0.00108062 -0.00133542 -0.00134646 -0.00104132 -0.000389779 0.000530116 0.00160578 0.00274221 0.00381631 0.00468896 0.00525977 0.0054201 0.00503698 0.00406955 0.00256114 0.000489954 -0.0021874 -0.00540838 -0.00908741 -0.0131651 -0.0175114 -0.0219934 -0.0265611 -0.0311319 -0.0355961 -0.0399101 -0.0440025 -0.0477777 -0.0512097 -0.0542531 -0.056849 -0.0590043 -0.0607008 -0.0619223 -0.0627096 -0.0630682 -0.0630216 -0.0626259 -0.0618937 -0.0608706 -0.0596039 -0.0581092 -0.0564444 -0.0546391 -0.0527217 -0.0507456 -0.0487232 -0.0466938 -0.0446835 -0.042699 -0.0407747 -0.0389067 -0.0371116 -0.0353993 -0.0337619 -0.032219 -0.0307563 -0.0293839 -0.0280996 -0.0268951 -0.0257807 -0.0247382 -0.023778 -0.0228865 -0.022063 -0.0213062 -0.020603 -0.0199617 -0.0193639 -0.0188193 -0.0183132 -0.0178491 -0.0174215 -0.0170252 -0.0166641 -0.016326 -0.0160205 -0.0157328 -0.0154741 -0.0152306 -0.0150113 -0.0148066 -0.0146212 -0.0144507 -0.0142948 -0.0141543 -0.0140247 -0.013911 -0.0138052 -0.0137153 -0.0136314 -0.0135633 -0.0134998 -0.0134519 -0.0134076 -0.0133787 -0.0133531 -0.0133425 -0.013335 -0.0133425 -0.0133531 -0.0133787 -0.0134076 -0.0134519 -0.0134998 -0.0135633 -0.0136314 -0.0137153 -0.0138052 -0.013911 -0.0140247 -0.0141543 -0.0142948 -0.0144507 -0.0146212 -0.0148066 -0.0150113 -0.0152306 -0.0154741 -0.0157328 -0.0160205 -0.016326 -0.0166641 -0.0170252 -0.0174215 -0.0178491 -0.0183132 -0.0188193 -0.0193639 -0.0199617 -0.020603 -0.0213062 -0.022063 -0.0228865 -0.023778 -0.0247382 -0.0257807 -0.0268951 -0.0280996 -0.0293839 -0.0307563 -0.032219 -0.0337619 -0.0353993 -0.0371116 -0.0389067 -0.0407747 -0.042699 -0.0446835 -0.0466938 -0.0487232 -0.0507456 -0.0527217 -0.0546391 -0.0564444 -0.0581092 -0.0596039 -0.0608706 -0.0618937 -0.0626259 -0.0630216 -0.063068 -0.062709 -0.0619207 -0.0606966 -0.0589942 -0.0568259 -0.0542028 -0.0511063 -0.0475765 -0.0436315 -0.0392617 -0.0345209 -0.0294343 -0.0239977 -0.0182671 -0.0122566 -0.00591894 0.000743607 0.00775325 0.0151944 0.0230861 0.031424 0.040285 0.0497215 0.0597004 0.0701966 0.08116 0.0924267 0.103804 0.115137 0.126211 0.136704 0.146316 0.154805 0.161912 0.167349 0.170906 
0 -0.00210201 -0.00401406 -0.00558537 -0.00669477 -0.00725235 -0.00722714 -0.00664258 -0.00557009 -0.00415415 -0.00257588 -0.000974291 0.00051378 0.00168744 0.00238486 0.00256114 0.00216985 0.0011357 -0.000528445 -0.00277927 -0.00562607 -0.00900221 -0.0127656 -0.0168451 -0.0211592 -0.0255644 -0.0299971 -0.0344087 -0.0386839 -0.0427732 -0.046638 -0.0501775 -0.0533619 -0.0561692 -0.0585349 -0.0604733 -0.0619863 -0.0630509 -0.0637154 -0.0639869 -0.0638763 -0.0634446 -0.0626966 -0.0616753 -0.0604328 -0.0589768 -0.0573691 -0.0556341 -0.0537939 -0.0519025 -0.0499604 -0.0480095 -0.0460703 -0.0441472 -0.0422799 -0.0404575 -0.0387057 -0.0370297 -0.0354236 -0.0339106 -0.0324688 -0.0311178 -0.0298451 -0.0286493 -0.0275378 -0.02649 -0.0255242 -0.0246165 -0.0237795 -0.0230011 -0.0222782 -0.0216149 -0.020994 -0.0204303 -0.0199006 -0.0194211 -0.0189724 -0.0185639 -0.0181859 -0.0178376 -0.0175204 -0.0172238 -0.0169584 -0.016707 -0.0164855 -0.0162741 -0.0160901 -0.0159144 -0.0157629 -0.0156194 -0.0154968 -0.0153824 -0.015286 -0.0151984 -0.0151261 -0.0150635 -0.0150142 -0.014975 -0.0149478 -0.0149311 -0.0149258 -0.0149311 -0.0149478 -0.014975 -0.0150142 -0.0150635 -0.0151261 -0.0151984 -0.015286 -0.0153824 -0.0154968 -0.0156194 -0.0157629 -0.0159144 -0.0160901 -0.0162741 -0.0164855 -0.016707 -0.0169584 -0.0172238 -0.0175204 -0.0178376 -0.0181859 -0.0185639 -0.0189724 -0.0194211 -0.0199006 -0.0204303 -0.020994 -0.0216149 -0.0222782 -0.0230011 -0.0237795 -0.0246165 -0.0255242 -0.02649 -0.0275378 -0.0286493 -0.0298451 -0.0311178 -0.0324688 -0.0339106 -0.0354236 -0.0370297 -0.0387057 -0.0404575 -0.0422799 -0.0441472 -0.0460703 -0.0480095 -0.0499604 -0.0519025 -0.0537939 -0.0556341 -0.0573691 -0.0589768 -0.0604328 -0.0616753 -0.0626966 -0.0634446 -0.0638763 -0.0639869 -0.0637152 -0.0630504 -0.0619851 -0.0604701 -0.0585271 -0.0561512 -0.0533222 -0.0500945 -0.0464736 -0.0424649 -0.0381357 -0.0334839 -0.0285131 -0.02329 -0.0178107 -0.0120746 -0.00613648 4.39997e-05 0.00654579 0.0133795 0.0206004 0.0282917 0.0364478 0.0450841 0.0542926 0.0640791 0.0743368 0.0849674 0.0958667 0.106868 0.117782 0.128388 0.138402 0.147538 0.155574 0.162276 0.167374 0.170677 
0 -0.00349445 -0.00677678 -0.00960285 -0.0117673 -0.0131764 -0.0137992 -0.0136068 -0.0126394 -0.0110658 -0.00908986 -0.006876 -0.00461333 -0.00252237 -0.000773814 0.000489954 0.0011357 0.00113434 0.000514863 -0.00077134 -0.00274499 -0.00530986 -0.00839987 -0.0119588 -0.0158335 -0.0199258 -0.0242051 -0.0285517 -0.0328772 -0.0371555 -0.0412743 -0.0451615 -0.0488089 -0.0521289 -0.0550897 -0.0576989 -0.0598894 -0.0616705 -0.0630568 -0.0640126 -0.0645906 -0.0648044 -0.0646571 -0.0642193 -0.0634895 -0.0625069 -0.0613244 -0.0599364 -0.0584085 -0.0567562 -0.0549991 -0.0531949 -0.0513338 -0.0494667 -0.0476051 -0.0457548 -0.043958 -0.0421931 -0.0404975 -0.0388636 -0.0372938 -0.0358096 -0.0343848 -0.033051 -0.031782 -0.0305925 -0.0294784 -0.028427 -0.0274567 -0.0265375 -0.0256949 -0.0249002 -0.0241691 -0.0234883 -0.0228549 -0.0222748 -0.0217282 -0.021235 -0.0207663 -0.0203468 -0.0199481 -0.0195911 -0.019255 -0.0189516 -0.0186711 -0.0184144 -0.0181828 -0.0179676 -0.0177792 -0.0176013 -0.0174512 -0.0173075 -0.0171918 -0.0170798 -0.0169954 -0.0169131 -0.0168579 -0.016804 -0.0167765 -0.01675 -0.0167496 -0.01675 -0.0167765 -0.016804 -0.0168579 -0.0169131 -0.0169954 -0.0170798 -0.0171918 -0.0173075 -0.0174512 -0.0176013 -0.0177792 -0.0179676 -0.0181828 -0.0184144 -0.0186711 -0.0189516 -0.019255 -0.0195911 -0.0199481 -0.0203468 -0.0207663 -0.021235 -0.0217282 -0.0222748 -0.0228549 -0.0234883 -0.0241691 -0.0249002 -0.0256949 -0.0265375 -0.0274567 -0.028427 -0.0294784 -0.0305925 -0.031782 -0.033051 -0.0343848 -0.0358096 -0.0372938 -0.0388636 -0.0404975 -0.0421931 -0.043958 -0.0457548 -0.0476051 -0.0494667 -0.0513338 -0.0531949 -0.0549991 -0.0567562 -0.0584085 -0.0599364 -0.0613244 -0.0625069 -0.0634895 -0.0642193 -0.0646571 -0.0648044 -0.0645905 -0.0640125 -0.0630565 -0.0616696 -0.059887 -0.057693 -0.0550759 -0.052098 -0.0487432 -0.045029 -0.0410213 -0.0366976 -0.0320909 -0.0272684 -0.0222071 -0.0169432 -0.0115357 -0.00593421 -0.000124516 0.00588454 0.0121945 0.0188772 0.0259286 0.0334168 0.0414175 0.0499211 0.0589362 0.0684782 0.0784523 0.0887193 0.0991815 0.109702 0.120063 0.13003 0.139379 0.14787 0.155275 0.161387 0.166012 0.169003 
