0 0 0 0 0 0 0 0 0 0 0 0 0 0 0 0 0 0 0 0 0 0 0 0 0 0 0 0 0 0 0 0 0 0 0 0 0 0 0 0 0 0 0 0 0 0 0 0 0 0 0 0 0 0 0 0 0 0 0 0 0 0 0 0 0 0 0 0 0 0 0 0 0 0 0 0 0 0 0 0 0 0 0 0 0 0 0 0 0 0 0 0 0 0 0 0 0 0 0 0 0 0 0 0 0 0 0 0 0 0 0 0 0 0 0 0 0 0 0 0 0 0 0 0 0 0 0 0 0 0 0 0 0 0 0 0 0 0 0 0 0 0 0 0 0 0 0 0 0 0 0 0 0 0 0 0 0 0 0 0 0 0 0 0 0 0 0 0 0 0 0 0 0 0 0 0 0 0 0 0 0 0 0 0 0 0 0 0 0 0 0 0 0 0 0 0 0 0 0 0 
0 -0.0025335 -0.00491268 -0.0071451 -0.00927685 -0.0112176 -0.012822 -0.0140617 -0.0149943 -0.0156266 -0.0159103 -0.0158294 -0.0154291 -0.0147799 -0.0139384 -0.0129314 -0.0117892 -0.0105786 -0.00937445 -0.00821792 -0.00712402 -0.00610238 -0.0051669 -0.00434177 -0.00364614 -0.00307606 -0.00261336 -0.00223612 -0.00192342 -0.00166482 -0.00145595 -0.00129058 -0.00116328 -0.00106608 -0.000989364 -0.0009277 -0.000876573 -0.000833619 -0.0007993 -0.000772096 -0.000751145 -0.000735007 -0.00072053 -0.000706495 -0.000691113 -0.000673707 -0.000655333 -0.00063622 -0.00061818 -0.000602152 -0.000588523 -0.000578042 -0.000569707 -0.000563316 -0.000557822 -0.000552222 -0.000546295 -0.000539082 -0.000531007 -0.000521867 -0.000512107 -0.000502314 -0.000492588 -0.000483798 -0.000475758 -0.000469047 -0.000463459 -0.000459003 -0.000455646 -0.000452924 -0.000450986 -0.000449188 -0.000447747 -0.000446136 -0.000444504 -0.000442612 -0.000440456 -0.000438109 -0.00043541 -0.000432662 -0.000429594 -0.000426622 -0.000423432 -0.000420444 -0.000417364 -0.000414542 -0.000411746 -0.000409218 -0.00040681 -0.000404648 -0.000402673 -0.000400906 -0.000399366 -0.000397993 -0.000396868 -0.000395871 -0.000395132 -0.000394491 -0.000394112 -0.000393813 -0.000393777 -0.000393813 -0.000394112 -0.000394491 -0.000395132 -0.000395871 -0.000396868 -0.000397993 -0.000399366 -0.000400906 -0.000402673 -0.000404648 -0.00040681 -0.000409218 -0.000411746 -0.000414542 -0.000417364 -0.000420444 -0.000423432 -0.000426622 -0.000429594 -0.000432662 -0.00043541 -0.000438109 -0.000440456 -0.000442612 -0.000444504 -0.000446136 -0.000447747 -0.000449188 -0.000450986 -0.000452924 -0.000455646 -0.000459003 -0.000463459 -0.000469047 -0.000475758 -0.000483798 -0.000492588 -0.000502314 -0.000512107 -0.000521867 -0.000531007 -0.000539082 -0.000546295 -0.000552222 -0.000557822 -0.000563316 -0.000569707 -0.000578042 -0.000588523 -0.000602152 -0.00061818 -0.00063622 -0.000655332 -0.000673702 -0.000691097 -0.000706446 -0.000720386 -0.00073461 -0.000750107 -0.000769526 -0.000793275 -0.000820255 -0.000848549 -0.00087218 -0.000885529 -0.000882879 -0.000858324 -0.000811221 -0.00074238 -0.000653427 -0.000546388 -0.000413336 -0.000236491 7.38889e-06 0.000342735 0.000775531 0.00128501 0.00183904 0.00240971 0.00299061 0.00359471 0.00421003 0.00477293 0.00519856 0.00542545 0.00544051 0.00525958 0.00486497 0.00419813 0.00324517 0.00207491 0.000765974 -0.000637748 -0.00208003 -0.003466 -0.00470118 -0.0057159 -0.00645049 
0 -0.00491268 -0.00967298 -0.014191 -0.018384 -0.0221226 -0.0252885 -0.0278327 -0.0297403 -0.0309813 -0.031526 -0.0313883 -0.0306472 -0.0294174 -0.0277859 -0.0258041 -0.0235515 -0.0211634 -0.0187774 -0.0164846 -0.0143236 -0.0123036 -0.0104444 -0.00878935 -0.00737509 -0.0062098 -0.00527249 -0.00451858 -0.00390208 -0.00339185 -0.00296773 -0.00261986 -0.00234347 -0.00212957 -0.00196853 -0.00184941 -0.00175903 -0.00168816 -0.00162883 -0.00157516 -0.00152572 -0.00147884 -0.00143501 -0.00139542 -0.00135954 -0.00132819 -0.00130035 -0.00127485 -0.00125133 -0.00122798 -0.00120487 -0.00118152 -0.00115787 -0.0011349 -0.00111242 -0.0010916 -0.00107245 -0.00105517 -0.00104009 -0.00102646 -0.00101458 -0.0010035 -0.000993192 -0.000983212 -0.000973125 -0.000963154 -0.000952712 -0.000942375 -0.000931728 -0.000921271 -0.000910953 -0.000900928 -0.000891497 -0.000882443 -0.000874263 -0.000866516 -0.000859701 -0.000853349 -0.000847807 -0.00084274 -0.000838271 -0.000834271 -0.000830644 -0.000827471 -0.00082448 -0.000821924 -0.000819417 -0.000817323 -0.000815204 -0.000813475 -0.000811692 -0.000810278 -0.000808812 -0.000807698 -0.000806547 -0.000805737 -0.000804909 -0.000804412 -0.000803915 -0.000803744 -0.000803582 -0.000803744 -0.000803915 -0.000804412 -0.000804909 -0.000805737 -0.000806547 -0.000807698 -0.000808812 -0.000810278 -0.000811692 -0.000813475 -0.000815204 -0.000817323 -0.000819417 -0.000821924 -0.00082448 -0.000827471 -0.000830644 -0.000834271 -0.000838271 -0.00084274 -0.000847807 -0.000853349 -0.000859701 -0.000866516 -0.000874263 -0.000882443 -0.000891497 -0.000900928 -0.000910953 -0.000921271 -0.000931728 -0.000942375 -0.000952712 -0.000963154 -0.000973125 -0.000983212 -0.000993192 -0.0010035 -0.00101458 -0.00102646 -0.00104009 -0.00105517 -0.00107245 -0.0010916 -0.00111242 -0.0011349 -0.00115787 -0.00118152 -0.00120487 -0.00122798 -0.00125133 -0.00127485 -0.00130034 -0.00132817 -0.0013595 -0.00139529 -0.00143463 -0.00147783 -0.00152314 -0.00156895 -0.00161462 -0.00165738 -0.00169589 -0.00172689 -0.00174379 -0.00173997 -0.0017049 -0.00162876 -0.00150619 -0.00133201 -0.00110307 -0.000810484 -0.000429376 7.37531e-05 0.000731972 0.00156132 0.00254086 0.00362583 0.00477499 0.00596059 0.0071628 0.00833632 0.00937943 0.0101686 0.0106174 0.0106817 0.0103263 0.00949974 0.00815057 0.00629184 0.00402984 0.00149032 -0.00123846 -0.00404353 -0.00673625 -0.00912427 -0.0110789 -0.0124972 
0 -0.0071451 -0.014191 -0.0209089 -0.0270477 -0.0324882 -0.0371835 -0.0410272 -0.0438919 -0.0457351 -0.046583 -0.0464772 -0.0454966 -0.043761 -0.0413884 -0.0385004 -0.0352477 -0.0317928 -0.0282932 -0.0248865 -0.0216555 -0.0186391 -0.0158792 -0.0134215 -0.0112994 -0.00952792 -0.0080838 -0.00691228 -0.00595894 -0.00517574 -0.00452812 -0.00400051 -0.00357871 -0.00324872 -0.00299835 -0.00280865 -0.00266345 -0.00255002 -0.00245491 -0.00237242 -0.00229809 -0.00222855 -0.00216523 -0.00210648 -0.00205272 -0.00200451 -0.00195959 -0.00191879 -0.00188022 -0.0018431 -0.00180786 -0.0017728 -0.00173935 -0.00170681 -0.00167558 -0.00164656 -0.00161879 -0.00159364 -0.00156996 -0.00154822 -0.00152817 -0.00150898 -0.00149138 -0.00147398 -0.00145767 -0.00144155 -0.00142594 -0.00141087 -0.00139591 -0.00138188 -0.00136787 -0.00135494 -0.00134222 -0.00133048 -0.00131926 -0.00130876 -0.00129907 -0.00128981 -0.00128152 -0.00127344 -0.00126637 -0.00125938 -0.00125332 -0.00124733 -0.00124212 -0.00123703 -0.00123254 -0.00122825 -0.00122441 -0.00122087 -0.00121763 -0.00121479 -0.00121214 -0.00120996 -0.00120789 -0.00120634 -0.00120486 -0.00120394 -0.00120305 -0.00120274 -0.00120244 -0.00120274 -0.00120305 -0.00120394 -0.00120486 -0.00120634 -0.00120789 -0.00120996 -0.00121214 -0.00121479 -0.00121763 -0.00122087 -0.00122441 -0.00122825 -0.00123254 -0.00123703 -0.00124212 -0.00124733 -0.00125332 -0.00125938 -0.00126637 -0.00127344 -0.00128152 -0.00128981 -0.00129907 -0.00130876 -0.00131926 -0.00133048 -0.00134222 -0.00135494 -0.00136787 -0.00138188 -0.00139591 -0.00141087 -0.00142594 -0.00144155 -0.00145767 -0.00147398 -0.00149138 -0.00150898 -0.00152817 -0.00154822 -0.00156996 -0.00159364 -0.00161879 -0.00164656 -0.00167558 -0.00170681 -0.00173935 -0.0017728 -0.00180786 -0.0018431 -0.00188021 -0.00191878 -0.00195958 -0.00200447 -0.00205262 -0.00210617 -0.00216441 -0.00222642 -0.00229285 -0.00236019 -0.00242784 -0.0024932 -0.00255046 -0.0025958 -0.00261863 -0.00260706 -0.00255042 -0.0024339 -0.00224932 -0.00199027 -0.00164287 -0.00118974 -0.000597625 0.000178135 0.00116798 0.00238277 0.00380444 0.00538476 0.00707653 0.00883435 0.0105884 0.0122453 0.0136879 0.0147827 0.0154186 0.0155041 0.0149397 0.0136571 0.0116643 0.00901519 0.00578862 0.00211851 -0.00180983 -0.00578969 -0.00959394 -0.012987 -0.0157648 -0.0177655 
0 -0.00927685 -0.018384 -0.0270477 -0.0350092 -0.0421314 -0.0482989 -0.0533387 -0.0571162 -0.0596074 -0.0608464 -0.0608812 -0.0597787 -0.0576364 -0.0546179 -0.0509513 -0.0468455 -0.0424573 -0.0379454 -0.0334762 -0.0291865 -0.0251868 -0.0215528 -0.0183173 -0.0155012 -0.013111 -0.011118 -0.00947967 -0.00814516 -0.00705628 -0.00617235 -0.00546176 -0.00489288 -0.00444514 -0.0040951 -0.00381891 -0.00360263 -0.00342943 -0.00328825 -0.00317348 -0.00307508 -0.0029898 -0.00291311 -0.0028396 -0.0027701 -0.0027014 -0.00263451 -0.00257132 -0.00251064 -0.00245588 -0.00240565 -0.00236028 -0.0023201 -0.0022822 -0.00224774 -0.00221394 -0.00218091 -0.00214849 -0.00211531 -0.00208338 -0.0020511 -0.00202049 -0.0019911 -0.00196332 -0.00193817 -0.00191436 -0.00189357 -0.00187395 -0.00185671 -0.00184061 -0.00182577 -0.00181212 -0.00179868 -0.00178641 -0.00177375 -0.00176213 -0.00175002 -0.00173873 -0.00172721 -0.00171624 -0.00170548 -0.00169501 -0.00168519 -0.00167546 -0.00166673 -0.00165796 -0.00165039 -0.00164273 -0.00163634 -0.00162985 -0.00162462 -0.00161932 -0.00161521 -0.00161106 -0.00160802 -0.00160498 -0.00160297 -0.00160099 -0.00159997 -0.00159901 -0.00159898 -0.00159901 -0.00159997 -0.00160099 -0.00160297 -0.00160498 -0.00160802 -0.00161106 -0.00161521 -0.00161932 -0.00162462 -0.00162985 -0.00163634 -0.00164273 -0.00165039 -0.00165796 -0.00166673 -0.00167546 -0.00168519 -0.00169501 -0.00170548 -0.00171624 -0.00172721 -0.00173873 -0.00175002 -0.00176213 -0.00177375 -0.00178641 -0.00179868 -0.00181212 -0.00182577 -0.00184061 -0.00185671 -0.00187395 -0.00189357 -0.00191436 -0.00193817 -0.00196332 -0.0019911 -0.00202049 -0.0020511 -0.00208338 -0.00211531 -0.00214849 -0.00218091 -0.00221394 -0.00224774 -0.0022822 -0.0023201 -0.00236028 -0.00240565 -0.00245588 -0.00251064 -0.00257131 -0.00263449 -0.00270132 -0.00276987 -0.00283896 -0.00291142 -0.00298558 -0.0030651 -0.00315103 -0.00324035 -0.00333245 -0.00341641 -0.00347984 -0.00350943 -0.00348451 -0.00339333 -0.00322588 -0.00297074 -0.00262232 -0.00215853 -0.00154137 -0.000729245 0.000326942 0.00165479 0.00324563 0.0050778 0.00711162 0.00928939 0.0115447 0.0137713 0.0158278 0.0175855 0.0189169 0.0196701 0.019697 0.018881 0.0171713 0.0146147 0.0112905 0.0072513 0.00262486 -0.00230283 -0.00721242 -0.0118704 -0.0160542 -0.0194869 -0.0219348 
0 -0.0112176 -0.0221226 -0.0324882 -0.0421314 -0.0508258 -0.0583291 -0.0644791 -0.0691878 -0.0723905 -0.0740832 -0.0743408 -0.0732378 -0.0708594 -0.0674027 -0.0631403 -0.0583047 -0.0530893 -0.0476812 -0.0422557 -0.0369971 -0.032076 -0.0275839 -0.0235586 -0.0200257 -0.0169814 -0.0144085 -0.0122823 -0.0105428 -0.00912543 -0.00797833 -0.00704697 -0.00629682 -0.00570356 -0.00523488 -0.00487056 -0.00458773 -0.00436084 -0.00417853 -0.00402472 -0.0038898 -0.00377218 -0.00366341 -0.00356473 -0.00347459 -0.00338915 -0.00331181 -0.00323788 -0.0031684 -0.0031036 -0.00304005 -0.00298136 -0.00292413 -0.00287005 -0.0028196 -0.00277059 -0.0027263 -0.00268333 -0.00264395 -0.00260692 -0.00257136 -0.00253894 -0.00250656 -0.002477 -0.0024475 -0.00241962 -0.00239276 -0.00236626 -0.00234179 -0.00231704 -0.00229474 -0.0022723 -0.002252 -0.00223223 -0.00221387 -0.00219682 -0.00218035 -0.00216579 -0.0021512 -0.00213875 -0.00212597 -0.00211523 -0.00210418 -0.00209483 -0.00208537 -0.00207719 -0.00206921 -0.00206205 -0.00205543 -0.00204925 -0.00204389 -0.00203867 -0.0020345 -0.00203024 -0.0020272 -0.00202394 -0.002022 -0.00201974 -0.00201887 -0.00201764 -0.00201783 -0.00201764 -0.00201887 -0.00201974 -0.002022 -0.00202394 -0.0020272 -0.00203024 -0.0020345 -0.00203867 -0.00204389 -0.00204925 -0.00205543 -0.00206205 -0.00206921 -0.00207719 -0.00208537 -0.00209483 -0.00210418 -0.00211523 -0.00212597 -0.00213875 -0.0021512 -0.00216579 -0.00218035 -0.00219682 -0.00221387 -0.00223223 -0.002252 -0.0022723 -0.00229474 -0.00231704 -0.00234179 -0.00236626 -0.00239276 -0.00241962 -0.0024475 -0.002477 -0.00250656 -0.00253894 -0.00257136 -0.00260692 -0.00264395 -0.00268333 -0.0027263 -0.00277059 -0.0028196 -0.00287005 -0.00292413 -0.00298136 -0.00304005 -0.0031036 -0.0031684 -0.00323786 -0.00331175 -0.00338897 -0.0034741 -0.00356341 -0.00366008 -0.0037642 -0.0038716 -0.0039853 -0.00409751 -0.00420276 -0.00429505 -0.00435615 -0.00437573 -0.00433726 -0.00422093 -0.0040187 -0.00370944 -0.00326781 -0.00266573 -0.00185164 -0.000783132 0.0005638 0.00220661 0.00413224 0.00631868 0.00875086 0.0113668 0.0140509 0.0166586 0.0190172 0.0209758 0.0224195 0.0231907 0.0231008 0.0220356 0.0199689 0.0169284 0.0129989 0.00830469 0.00301537 -0.00259507 -0.00818567 -0.0134629 -0.0181695 -0.0220178 -0.0247584 
0 -0.012822 -0.0252885 -0.0371835 -0.0482989 -0.0583291 -0.0670167 -0.0742402 -0.07989 -0.0838399 -0.0860684 -0.0866511 -0.0856723 -0.0832594 -0.0796148 -0.0749632 -0.0695551 -0.0636586 -0.0574887 -0.0512369 -0.0451295 -0.0393539 -0.0340225 -0.0292123 -0.0249478 -0.0212223 -0.0180437 -0.0153881 -0.0131969 -0.0114148 -0.00996687 -0.00878578 -0.00783535 -0.00707292 -0.00646805 -0.00599998 -0.00563132 -0.00534031 -0.00510645 -0.00490543 -0.00473366 -0.00458009 -0.00443976 -0.00431655 -0.00420186 -0.00409924 -0.00400612 -0.00391707 -0.00383644 -0.00375682 -0.00368101 -0.00360863 -0.0035365 -0.00347036 -0.00340518 -0.00334528 -0.00328961 -0.00323655 -0.00318973 -0.00314375 -0.00310292 -0.00306318 -0.00302557 -0.00299037 -0.00295464 -0.00292218 -0.00288838 -0.00285753 -0.00282635 -0.00279688 -0.00276888 -0.00274124 -0.00271656 -0.00269141 -0.0026698 -0.00264764 -0.00262866 -0.00260965 -0.00259287 -0.00257685 -0.00256192 -0.00254854 -0.00253524 -0.00252409 -0.00251229 -0.00250298 -0.00249263 -0.00248487 -0.00247595 -0.00246952 -0.00246202 -0.00245682 -0.00245071 -0.00244668 -0.00244195 -0.00243909 -0.00243571 -0.00243403 -0.00243197 -0.0024315 -0.00243072 -0.0024315 -0.00243197 -0.00243403 -0.00243571 -0.00243909 -0.00244195 -0.00244668 -0.00245071 -0.00245682 -0.00246202 -0.00246952 -0.00247595 -0.00248487 -0.00249263 -0.00250298 -0.00251229 -0.00252409 -0.00253524 -0.00254854 -0.00256192 -0.00257685 -0.00259287 -0.00260965 -0.00262866 -0.00264764 -0.0026698 -0.00269141 -0.00271656 -0.00274124 -0.00276888 -0.00279688 -0.00282635 -0.00285753 -0.00288838 -0.00292218 -0.00295464 -0.00299037 -0.00302557 -0.00306318 -0.00310292 -0.00314375 -0.00318973 -0.00323655 -0.00328961 -0.00334528 -0.00340518 -0.00347036 -0.0035365 -0.00360863 -0.00368101 -0.00375682 -0.00383643 -0.00391703 -0.00400598 -0.00409886 -0.00420085 -0.00431396 -0.00443346 -0.00456554 -0.00470169 -0.00483875 -0.00497436 -0.00509193 -0.00518781 -0.00524728 -0.00525174 -0.0051957 -0.00505546 -0.00481168 -0.00444343 -0.00390023 -0.00313909 -0.00211568 -0.000785069 0.000852309 0.00278743 0.00502126 0.0075339 0.0103053 0.0132756 0.0162873 0.0191546 0.0217096 0.0237801 0.025219 0.0258913 0.0256322 0.0243283 0.021963 0.0185444 0.014141 0.00897163 0.00330672 -0.00263976 -0.00861534 -0.0142574 -0.0192097 -0.023217 -0.0260814 
0 -0.0140617 -0.0278327 -0.0410272 -0.0533387 -0.0644791 -0.0742402 -0.0824579 -0.0889787 -0.0937062 -0.0965982 -0.0976445 -0.0969414 -0.0946892 -0.0910655 -0.0862476 -0.0805096 -0.0741378 -0.0673618 -0.0604294 -0.0535847 -0.0470167 -0.0408969 -0.0353335 -0.0303398 -0.0259289 -0.0221116 -0.018861 -0.0161582 -0.0139553 -0.0121633 -0.0107184 -0.00955348 -0.00860464 -0.00784625 -0.00723902 -0.00675157 -0.00637057 -0.00606144 -0.00580997 -0.00560401 -0.00542072 -0.0052619 -0.00511544 -0.00497601 -0.00484968 -0.00472566 -0.00461205 -0.00450665 -0.00440598 -0.00431777 -0.00423225 -0.00415536 -0.00408343 -0.00401289 -0.00394917 -0.00388345 -0.00382291 -0.00376264 -0.00370389 -0.00364972 -0.00359471 -0.00354643 -0.0034979 -0.00345484 -0.00341407 -0.00337557 -0.00334178 -0.00330744 -0.00327856 -0.00324808 -0.00322195 -0.00319496 -0.00317013 -0.00314616 -0.00312209 -0.00310062 -0.0030775 -0.00305806 -0.00303641 -0.0030187 -0.00299904 -0.0029829 -0.00296563 -0.002951 -0.00293628 -0.0029232 -0.00291104 -0.00289954 -0.0028898 -0.00287993 -0.00287245 -0.00286422 -0.00285882 -0.00285224 -0.00284876 -0.00284381 -0.00284212 -0.00283881 -0.00283883 -0.00283715 -0.00283883 -0.00283881 -0.00284212 -0.00284381 -0.00284876 -0.00285224 -0.00285882 -0.00286422 -0.00287245 -0.00287993 -0.0028898 -0.00289954 -0.00291104 -0.0029232 -0.00293628 -0.002951 -0.00296563 -0.0029829 -0.00299904 -0.0030187 -0.00303641 -0.00305806 -0.0030775 -0.00310062 -0.00312209 -0.00314616 -0.00317013 -0.00319496 -0.00322195 -0.00324808 -0.00327856 -0.00330744 -0.00334178 -0.00337557 -0.00341407 -0.00345484 -0.0034979 -0.00354643 -0.00359471 -0.00364972 -0.00370389 -0.00376264 -0.00382291 -0.00388345 -0.00394917 -0.00401289 -0.00408343 -0.00415536 -0.00423225 -0.00431777 -0.00440597 -0.00450662 -0.00461195 -0.00472538 -0.00484891 -0.00497402 -0.00511053 -0.00525041 -0.00539511 -0.0055498 -0.00570096 -0.00585328 -0.00599301 -0.0061007 -0.00617094 -0.00617329 -0.00609301 -0.00591844 -0.00561178 -0.00515083 -0.00448938 -0.00356086 -0.00233366 -0.000773803 0.0011314 0.00335204 0.00588622 0.00872109 0.0117848 0.0149874 0.0181827 0.0211746 0.0238086 0.0259204 0.0272954 0.0277775 0.027281 0.0257296 0.0230989 0.0194264 0.0147931 0.00940299 0.00356555 -0.00246739 -0.00847952 -0.0141367 -0.0190658 -0.0230255 -0.0258502 
0 -0.0149943 -0.0297403 -0.0438919 -0.0571162 -0.0691878 -0.07989 -0.0889787 -0.096312 -0.101839 -0.10546 -0.107107 -0.106897 -0.105017 -0.101609 -0.0968665 -0.0910478 -0.084402 -0.0772197 -0.0698004 -0.0623593 -0.0551085 -0.0482682 -0.0419519 -0.0362194 -0.0311199 -0.0266397 -0.0227747 -0.0195318 -0.016848 -0.0146583 -0.0128955 -0.0114587 -0.0102942 -0.00935735 -0.00859226 -0.00798521 -0.00750094 -0.00710576 -0.00679302 -0.00652758 -0.00630056 -0.00610667 -0.00592418 -0.00576341 -0.00561248 -0.00546875 -0.00534104 -0.00521458 -0.00510119 -0.00499426 -0.00489096 -0.00479986 -0.00470769 -0.00462571 -0.00454612 -0.00446939 -0.00440067 -0.00432971 -0.00426798 -0.00420492 -0.00414707 -0.00409258 -0.00403792 -0.00399051 -0.00394018 -0.00389743 -0.00385282 -0.00381285 -0.00377442 -0.00373663 -0.00370373 -0.0036685 -0.00363984 -0.00360795 -0.00358222 -0.00355425 -0.00353051 -0.00350663 -0.00348444 -0.00346441 -0.00344373 -0.00342705 -0.00340805 -0.00339418 -0.00337709 -0.00336554 -0.00335055 -0.00334096 -0.00332818 -0.00332033 -0.00330979 -0.00330355 -0.00329523 -0.00329058 -0.00328439 -0.00328134 -0.0032772 -0.00327582 -0.00327361 -0.00327398 -0.00327361 -0.00327582 -0.0032772 -0.00328134 -0.00328439 -0.00329058 -0.00329523 -0.00330355 -0.00330979 -0.00332033 -0.00332818 -0.00334096 -0.00335055 -0.00336554 -0.00337709 -0.00339418 -0.00340805 -0.00342705 -0.00344373 -0.00346441 -0.00348444 -0.00350663 -0.00353051 -0.00355425 -0.00358222 -0.00360795 -0.00363984 -0.0036685 -0.00370373 -0.00373663 -0.00377442 -0.00381285 -0.00385282 -0.00389743 -0.00394018 -0.00399051 -0.00403792 -0.00409258 -0.00414707 -0.00420492 -0.00426798 -0.00432971 -0.00440067 -0.00446939 -0.00454612 -0.00462571 -0.00470769 -0.00479986 -0.00489095 -0.00499425 -0.00510117 -0.0052145 -0.00534083 -0.00546818 -0.00561097 -0.00575963 -0.00591522 -0.00608641 -0.00625702 -0.00643869 -0.00662059 -0.00678801 -0.00694439 -0.00705755 -0.00711738 -0.00711237 -0.00700541 -0.0067911 -0.00643212 -0.00587168 -0.00507629 -0.00397632 -0.00252926 -0.000740799 0.00140796 0.00390287 0.00670732 0.00980585 0.0131016 0.0164405 0.0196999 0.0227227 0.0253271 0.0273531 0.0285899 0.0288469 0.0280845 0.0263037 0.0234729 0.0196543 0.0150038 0.00968055 0.00390448 -0.00200963 -0.00775613 -0.0130779 -0.0177239 -0.0214606 -0.0241007 
0 -0.0156266 -0.0309813 -0.0457351 -0.0596074 -0.0723905 -0.0838399 -0.0937062 -0.101839 -0.10813 -0.112476 -0.11487 -0.115382 -0.114082 -0.111114 -0.106692 -0.101006 -0.0943154 -0.0869783 -0.0792726 -0.0714056 -0.0636269 -0.056136 -0.0490831 -0.0426275 -0.0368259 -0.0316722 -0.0271983 -0.0233785 -0.0201622 -0.0175231 -0.0153652 -0.0136026 -0.0121866 -0.0110309 -0.0100966 -0.00935496 -0.00874553 -0.00825846 -0.00786049 -0.00751836 -0.00723842 -0.0069886 -0.00676922 -0.00658122 -0.00640121 -0.00624585 -0.00609766 -0.00595564 -0.00582862 -0.00569739 -0.00558028 -0.00546512 -0.00535453 -0.00525702 -0.00515737 -0.0050732 -0.00498929 -0.00491307 -0.00484427 -0.00477359 -0.00471439 -0.00464975 -0.00459409 -0.00453654 -0.00448137 -0.0044308 -0.00437672 -0.00433176 -0.00428131 -0.00424025 -0.00419586 -0.00415754 -0.00412031 -0.00408441 -0.00405396 -0.00402081 -0.00399583 -0.00396596 -0.00394488 -0.00391875 -0.00390022 -0.00387801 -0.00386115 -0.00384277 -0.00382714 -0.00381232 -0.00379783 -0.00378623 -0.00377298 -0.00376425 -0.00375243 -0.00374627 -0.00373608 -0.00373228 -0.00372386 -0.00372226 -0.00371572 -0.00371624 -0.00371167 -0.00371424 -0.00371167 -0.00371624 -0.00371572 -0.00372226 -0.00372386 -0.00373228 -0.00373608 -0.00374627 -0.00375243 -0.00376425 -0.00377298 -0.00378623 -0.00379783 -0.00381232 -0.00382714 -0.00384277 -0.00386115 -0.00387801 -0.00390022 -0.00391875 -0.00394488 -0.00396596 -0.00399583 -0.00402081 -0.00405396 -0.00408441 -0.00412031 -0.00415754 -0.00419586 -0.00424025 -0.00428131 -0.00433176 -0.00437672 -0.0044308 -0.00448137 -0.00453654 -0.00459409 -0.00464975 -0.00471439 -0.00477359 -0.00484427 -0.00491307 -0.00498929 -0.0050732 -0.00515737 -0.00525702 -0.00535453 -0.00546512 -0.00558028 -0.00569737 -0.00582857 -0.00595549 -0.00609724 -0.00624472 -0.00639834 -0.00657431 -0.00675338 -0.00695406 -0.0071668 -0.0073772 -0.0075961 -0.00778779 -0.00794831 -0.00806772 -0.00810891 -0.00808166 -0.00795598 -0.00769422 -0.00727877 -0.00662594 -0.00567688 -0.00439951 -0.00273685 -0.000705374 0.00167112 0.00440961 0.00745546 0.0107362 0.0141713 0.0175868 0.020833 0.0238025 0.0262951 0.0281027 0.0290897 0.0291231 0.0281384 0.0261731 0.0232461 0.0194139 0.014872 0.00981772 0.00440115 -0.00111054 -0.00636929 -0.0111471 -0.0153 -0.0186286 -0.0209435 
0 -0.0159103 -0.031526 -0.046583 -0.0608464 -0.0740832 -0.0860684 -0.0965982 -0.10546 -0.112476 -0.117609 -0.120882 -0.122242 -0.121693 -0.119402 -0.11553 -0.110233 -0.103803 -0.0965517 -0.0887265 -0.0806136 -0.0724572 -0.0644254 -0.0567515 -0.0496267 -0.0431129 -0.0372829 -0.0321621 -0.0277074 -0.023932 -0.0207941 -0.0181936 -0.0160828 -0.0143617 -0.0129424 -0.011802 -0.0108665 -0.0101053 -0.00950442 -0.00900117 -0.00859505 -0.00825699 -0.0079536 -0.00770121 -0.00746388 -0.00724896 -0.00705978 -0.00687177 -0.00671129 -0.00655518 -0.00640979 -0.00628252 -0.00615086 -0.00603941 -0.00592532 -0.00581892 -0.00572203 -0.00561978 -0.00553427 -0.00544179 -0.0053617 -0.00528354 -0.00520708 -0.00514265 -0.00507203 -0.00501682 -0.00495514 -0.00490422 -0.00485274 -0.00480336 -0.0047608 -0.00471282 -0.00467635 -0.00463122 -0.00459793 -0.00455735 -0.00452529 -0.00449034 -0.00445879 -0.00442967 -0.00439889 -0.00437511 -0.00434587 -0.00432658 -0.00429971 -0.00428402 -0.00426021 -0.00424736 -0.00422699 -0.00421647 -0.00419965 -0.00419116 -0.00417782 -0.00417122 -0.00416118 -0.00415647 -0.00414946 -0.00414673 -0.0041425 -0.00414189 -0.00414019 -0.00414189 -0.0041425 -0.00414673 -0.00414946 -0.00415647 -0.00416118 -0.00417122 -0.00417782 -0.00419116 -0.00419965 -0.00421647 -0.00422699 -0.00424736 -0.00426021 -0.00428402 -0.00429971 -0.00432658 -0.00434587 -0.00437511 -0.00439889 -0.00442967 -0.00445879 -0.00449034 -0.00452529 -0.00455735 -0.00459793 -0.00463122 -0.00467635 -0.00471282 -0.0047608 -0.00480336 -0.00485274 -0.00490422 -0.00495514 -0.00501682 -0.00507203 -0.00514265 -0.00520708 -0.00528354 -0.0053617 -0.00544179 -0.00553427 -0.00561978 -0.00572203 -0.00581892 -0.00592532 -0.00603941 -0.00615086 -0.00628251 -0.00640975 -0.00655507 -0.00671098 -0.00687093 -0.00705763 -0.00724371 -0.00745167 -0.00767415 -0.00789659 -0.00814281 -0.00837763 -0.0086076 -0.00882668 -0.00899324 -0.00912318 -0.00918008 -0.00913758 -0.00899861 -0.00868978 -0.00817304 -0.00740156 -0.00628188 -0.00480819 -0.0029662 -0.000725972 0.00186542 0.00480394 0.00806502 0.0115024 0.0149957 0.018422 0.0215974 0.0243985 0.0266824 0.0282251 0.0289147 0.0287291 0.0275937 0.0254974 0.0225494 0.0188662 0.014594 0.0099452 0.00511305 0.000288106 -0.00428981 -0.00841389 -0.0119364 -0.0146972 -0.0165691 
0 -0.0158294 -0.0313883 -0.0464772 -0.0608812 -0.0743408 -0.0866511 -0.0976445 -0.107107 -0.11487 -0.120882 -0.125071 -0.127341 -0.12772 -0.126304 -0.123194 -0.118584 -0.112708 -0.105759 -0.0980369 -0.0898758 -0.0814797 -0.0730721 -0.0649198 -0.0571772 -0.0499951 -0.0435055 -0.0377002 -0.0326008 -0.0282361 -0.0245295 -0.0214489 -0.0189301 -0.0168393 -0.0151343 -0.0137399 -0.0125787 -0.0116533 -0.0108944 -0.0102718 -0.00978038 -0.00935175 -0.00899634 -0.00868895 -0.00839939 -0.00815653 -0.00791977 -0.00770682 -0.00751888 -0.00732976 -0.00717308 -0.00701452 -0.00687075 -0.00674184 -0.00660642 -0.00649507 -0.00637411 -0.00626812 -0.00616639 -0.00606267 -0.00597739 -0.00588104 -0.00580486 -0.00572212 -0.00564919 -0.00558192 -0.00551103 -0.00545598 -0.00538963 -0.00534129 -0.00528274 -0.00523651 -0.00518755 -0.00514138 -0.00510163 -0.00505588 -0.00502339 -0.00497978 -0.00495211 -0.00491254 -0.0048876 -0.00485345 -0.0048299 -0.00480177 -0.00477905 -0.00475687 -0.00473501 -0.00471826 -0.00469758 -0.0046856 -0.00466652 -0.00465865 -0.00464156 -0.00463725 -0.00462244 -0.00462128 -0.00460894 -0.00461067 -0.0046009 -0.00460537 -0.00459824 -0.00460537 -0.0046009 -0.00461067 -0.00460894 -0.00462128 -0.00462244 -0.00463725 -0.00464156 -0.00465865 -0.00466652 -0.0046856 -0.00469758 -0.00471826 -0.00473501 -0.00475687 -0.00477905 -0.00480177 -0.0048299 -0.00485345 -0.0048876 -0.00491254 -0.00495211 -0.00497978 -0.00502339 -0.00505588 -0.00510163 -0.00514138 -0.00518755 -0.00523651 -0.00528274 -0.00534129 -0.00538963 -0.00545598 -0.00551103 -0.00558192 -0.00564919 -0.00572212 -0.00580486 -0.00588104 -0.00597739 -0.00606267 -0.00616639 -0.00626812 -0.00637411 -0.00649507 -0.00660642 -0.00674183 -0.00687074 -0.0070145 -0.007173 -0.00732953 -0.00751827 -0.00770523 -0.00791583 -0.00814722 -0.00837846 -0.00864414 -0.0089051 -0.00917508 -0.00945509 -0.00970202 -0.00994386 -0.0101394 -0.0102687 -0.0103454 -0.0103001 -0.0101223 -0.00976883 -0.00913838 -0.00821525 -0.0069397 -0.00526683 -0.00324208 -0.000831295 0.00197244 0.0050952 0.00850299 0.0120626 0.0155711 0.0189278 0.0219914 0.0245656 0.0265437 0.0278091 0.0282403 0.0278361 0.0265884 0.0244614 0.021583 0.0181687 0.0143493 0.010267 0.00613979 0.00214318 -0.00160366 -0.0049517 -0.00773757 -0.00985014 -0.0112417 
0 -0.0154291 -0.0306472 -0.0454966 -0.0597787 -0.0732378 -0.0856723 -0.0969414 -0.106897 -0.115382 -0.122242 -0.127341 -0.13063 -0.132089 -0.131697 -0.129562 -0.125878 -0.120763 -0.114387 -0.107063 -0.0990529 -0.0905945 -0.0819941 -0.0734643 -0.0651979 -0.0574504 -0.0503255 -0.0438608 -0.0381394 -0.0331276 -0.0288043 -0.0251884 -0.0221669 -0.0196711 -0.0176441 -0.0159507 -0.0145657 -0.0134363 -0.0124833 -0.0117238 -0.0110889 -0.0105526 -0.0101243 -0.00973449 -0.00940923 -0.0091228 -0.00884731 -0.00861857 -0.00838547 -0.00817741 -0.0079871 -0.00779186 -0.00763189 -0.0074623 -0.00731661 -0.00718128 -0.00704442 -0.00693594 -0.00681309 -0.00671576 -0.00661265 -0.00651571 -0.00643118 -0.00633437 -0.00626113 -0.00617089 -0.00610113 -0.00602383 -0.00595373 -0.00589137 -0.00582191 -0.00577202 -0.00570697 -0.00566485 -0.00560802 -0.00556928 -0.0055228 -0.00548478 -0.00544869 -0.00541063 -0.00538343 -0.00534597 -0.00532548 -0.00528985 -0.00527396 -0.00524142 -0.00522849 -0.00519997 -0.00518896 -0.00516498 -0.00515542 -0.00513611 -0.00512792 -0.00511316 -0.00510652 -0.005096 -0.00509122 -0.00508458 -0.00508205 -0.00507888 -0.00507899 -0.00507888 -0.00508205 -0.00508458 -0.00509122 -0.005096 -0.00510652 -0.00511316 -0.00512792 -0.00513611 -0.00515542 -0.00516498 -0.00518896 -0.00519997 -0.00522849 -0.00524142 -0.00527396 -0.00528985 -0.00532548 -0.00534597 -0.00538343 -0.00541063 -0.00544869 -0.00548478 -0.0055228 -0.00556928 -0.00560802 -0.00566485 -0.00570697 -0.00577202 -0.00582191 -0.00589137 -0.00595373 -0.00602383 -0.00610113 -0.00617089 -0.00626113 -0.00633437 -0.00643118 -0.00651571 -0.00661265 -0.00671576 -0.00681309 -0.00693594 -0.00704442 -0.00718128 -0.00731661 -0.00746229 -0.00763188 -0.00779181 -0.00798694 -0.00817697 -0.00838431 -0.00861566 -0.00884031 -0.00910681 -0.00937446 -0.00966249 -0.00998245 -0.010287 -0.0106154 -0.0109202 -0.0111823 -0.0114203 -0.0115628 -0.0116256 -0.0115804 -0.0113435 -0.0109125 -0.0101913 -0.00911029 -0.00768532 -0.00585029 -0.00361317 -0.00101437 0.00198732 0.00530477 0.00879822 0.0123819 0.0158732 0.0191119 0.0220127 0.0243812 0.026053 0.0270144 0.0272214 0.0266236 0.0252733 0.0232349 0.0206021 0.0175616 0.0142817 0.0108906 0.00755955 0.00443495 0.00159004 -0.000876654 -0.00285222 -0.00430867 -0.00525064 
0 -0.0147799 -0.0294174 -0.043761 -0.0576364 -0.0708594 -0.0832594 -0.0946892 -0.105017 -0.114082 -0.121693 -0.12772 -0.132089 -0.134695 -0.13548 -0.134526 -0.131927 -0.12777 -0.122248 -0.11556 -0.107914 -0.0996449 -0.0910348 -0.0822766 -0.073664 -0.0654345 -0.0577049 -0.0506377 -0.0442824 -0.0386089 -0.0336858 -0.0294761 -0.0259059 -0.022968 -0.0205255 -0.0184926 -0.0168398 -0.0154441 -0.0142987 -0.0133685 -0.0125714 -0.0119363 -0.011392 -0.0109179 -0.0105323 -0.0101629 -0.00985189 -0.00956846 -0.00929331 -0.00906758 -0.00883133 -0.0086299 -0.00844011 -0.00824911 -0.0080948 -0.00792239 -0.00778269 -0.00764014 -0.00750326 -0.00738966 -0.00725903 -0.00716236 -0.00704821 -0.00695592 -0.00686418 -0.00677127 -0.00669918 -0.00660866 -0.00654781 -0.006466 -0.00640793 -0.00633957 -0.00627966 -0.00622565 -0.00616381 -0.00612164 -0.00606074 -0.00602634 -0.00597009 -0.00593959 -0.00589094 -0.00586165 -0.00582213 -0.00579279 -0.00576256 -0.00573306 -0.00571133 -0.00568223 -0.00566779 -0.0056399 -0.00563146 -0.00560555 -0.00560205 -0.00557872 -0.00557934 -0.00555897 -0.00556321 -0.00554598 -0.00555356 -0.00553954 -0.00555035 -0.00553954 -0.00555356 -0.00554598 -0.00556321 -0.00555897 -0.00557934 -0.00557872 -0.00560205 -0.00560555 -0.00563146 -0.0056399 -0.00566779 -0.00568223 -0.00571133 -0.00573306 -0.00576256 -0.00579279 -0.00582213 -0.00586165 -0.00589094 -0.00593959 -0.00597009 -0.00602634 -0.00606074 -0.00612164 -0.00616381 -0.00622565 -0.00627966 -0.00633957 -0.00640793 -0.006466 -0.00654781 -0.00660866 -0.00669918 -0.00677127 -0.00686418 -0.00695592 -0.00704821 -0.00716236 -0.00725903 -0.00738966 -0.00750326 -0.00764014 -0.00778269 -0.00792239 -0.0080948 -0.00824909 -0.00844007 -0.00862978 -0.00883101 -0.00906674 -0.00929117 -0.00956327 -0.00983985 -0.0101363 -0.0104762 -0.0108055 -0.0111777 -0.0115476 -0.0118999 -0.0122624 -0.0125569 -0.0128117 -0.0130008 -0.0130562 -0.0130011 -0.0127355 -0.0121934 -0.0113624 -0.0101334 -0.0085146 -0.00652028 -0.00408364 -0.00126276 0.00190091 0.00536933 0.00894624 0.0124959 0.015934 0.0190689 0.0217609 0.0239036 0.0253351 0.0260201 0.0260118 0.0252921 0.0239085 0.0220273 0.0197727 0.0172312 0.0145441 0.0118819 0.00939099 0.00716125 0.00523429 0.00366093 0.00247663 0.00164374 0.00113487 
0 -0.0139384 -0.0277859 -0.0413884 -0.0546179 -0.0674027 -0.0796148 -0.0910655 -0.101609 -0.111114 -0.119402 -0.126304 -0.131697 -0.13548 -0.137581 -0.137951 -0.136585 -0.133596 -0.129115 -0.123247 -0.11624 -0.108413 -0.0999896 -0.0912426 -0.0824638 -0.0738379 -0.06561 -0.0579852 -0.0509922 -0.0447125 -0.0391865 -0.0343474 -0.0302278 -0.0267687 -0.0238458 -0.0214442 -0.0194401 -0.0177565 -0.0163943 -0.0152375 -0.0142855 -0.013509 -0.0128222 -0.0122665 -0.0117701 -0.0113258 -0.0109588 -0.0105964 -0.0102965 -0.0100157 -0.00974738 -0.00952816 -0.0092914 -0.00909814 -0.00890333 -0.00871504 -0.00855838 -0.00837988 -0.0082437 -0.00809067 -0.00795931 -0.00783909 -0.00770972 -0.00761528 -0.00749562 -0.00741272 -0.00731177 -0.00722906 -0.00714991 -0.0070641 -0.0070028 -0.00691754 -0.00686635 -0.006788 -0.00673955 -0.00667326 -0.00662318 -0.00657104 -0.00651836 -0.00647951 -0.00642576 -0.00639751 -0.00634531 -0.00632446 -0.00627635 -0.00626009 -0.00621796 -0.00620432 -0.00616914 -0.00615702 -0.00612904 -0.00611806 -0.00609698 -0.00608723 -0.00607245 -0.00606433 -0.00605514 -0.00604919 -0.00604482 -0.00604165 -0.0060414 -0.00604165 -0.00604482 -0.00604919 -0.00605514 -0.00606433 -0.00607245 -0.00608723 -0.00609698 -0.00611806 -0.00612904 -0.00615702 -0.00616914 -0.00620432 -0.00621796 -0.00626009 -0.00627635 -0.00632446 -0.00634531 -0.00639751 -0.00642576 -0.00647951 -0.00651836 -0.00657104 -0.00662318 -0.00667326 -0.00673955 -0.006788 -0.00686635 -0.00691754 -0.0070028 -0.0070641 -0.00714991 -0.00722906 -0.00731177 -0.00741272 -0.00749562 -0.00761528 -0.00770972 -0.00783909 -0.00795931 -0.00809067 -0.0082437 -0.00837988 -0.00855838 -0.00871504 -0.00890332 -0.00909811 -0.00929132 -0.00952794 -0.00974678 -0.0100142 -0.0102927 -0.0105874 -0.0109386 -0.0112827 -0.0116821 -0.0120958 -0.0125068 -0.0129544 -0.0133557 -0.0137484 -0.0141087 -0.0143779 -0.0146019 -0.0146887 -0.0145954 -0.0142986 -0.0136576 -0.0126631 -0.0112876 -0.00946203 -0.00725004 -0.00463098 -0.00158972 0.00174203 0.00529073 0.0089384 0.0124859 0.015845 0.0188837 0.0213852 0.0232612 0.0244762 0.0249782 0.0248077 0.024042 0.022757 0.0211018 0.0192296 0.0172325 0.0152202 0.0133297 0.0116645 0.0102901 0.00923536 0.00848303 0.00799334 0.00772795 0.0076597 
0 -0.0129314 -0.0258041 -0.0385004 -0.0509513 -0.0631403 -0.0749632 -0.0862476 -0.0968665 -0.106692 -0.11553 -0.123194 -0.129562 -0.134526 -0.137951 -0.139694 -0.13971 -0.138047 -0.134754 -0.129944 -0.123838 -0.116649 -0.108642 -0.100138 -0.0913545 -0.0825305 -0.0739739 -0.0658482 -0.0582901 -0.0514364 -0.0452665 -0.039815 -0.035122 -0.0310862 -0.0276923 -0.0248669 -0.0224653 -0.0204821 -0.0188162 -0.0174009 -0.0162556 -0.0152694 -0.0144505 -0.0137745 -0.01316 -0.0126595 -0.0121963 -0.0117774 -0.0114234 -0.0110637 -0.0107684 -0.0104787 -0.0102097 -0.00998512 -0.00974312 -0.00955572 -0.00935523 -0.00917834 -0.00902178 -0.00884914 -0.00872098 -0.00856317 -0.00844295 -0.00831169 -0.00818846 -0.00808549 -0.00796178 -0.00787874 -0.0077647 -0.00768992 -0.00759488 -0.00751997 -0.00744732 -0.00736994 -0.00731682 -0.00723955 -0.00719946 -0.00712701 -0.00709303 -0.00702972 -0.00699666 -0.00694505 -0.00691019 -0.00687088 -0.00683367 -0.00680579 -0.00676711 -0.00674901 -0.00671035 -0.00670024 -0.0066631 -0.00665941 -0.00662505 -0.00662661 -0.00659584 -0.00660192 -0.0065752 -0.00658542 -0.0065629 -0.00657716 -0.00655881 -0.00657716 -0.0065629 -0.00658542 -0.0065752 -0.00660192 -0.00659584 -0.00662661 -0.00662505 -0.00665941 -0.0066631 -0.00670024 -0.00671035 -0.00674901 -0.00676711 -0.00680579 -0.00683367 -0.00687088 -0.00691019 -0.00694505 -0.00699666 -0.00702972 -0.00709303 -0.00712701 -0.00719946 -0.00723955 -0.00731682 -0.00736994 -0.00744732 -0.00751997 -0.00759488 -0.00768992 -0.0077647 -0.00787874 -0.00796178 -0.00808549 -0.00818846 -0.00831169 -0.00844295 -0.00856317 -0.00872098 -0.00884914 -0.00902178 -0.00917834 -0.00935522 -0.00955572 -0.0097431 -0.00998507 -0.0102095 -0.0104783 -0.0107673 -0.011061 -0.0114168 -0.0117624 -0.0121635 -0.0125915 -0.0130257 -0.0135219 -0.013998 -0.0144969 -0.0149966 -0.0154365 -0.0158698 -0.0162104 -0.0164417 -0.0165546 -0.0164151 -0.0160107 -0.0152673 -0.0140924 -0.0125324 -0.0105352 -0.00808105 -0.00523963 -0.00199919 0.00153716 0.00518811 0.00887176 0.0124424 0.0157261 0.0186182 0.0209592 0.0226293 0.023654 0.0240512 0.0238248 0.0230763 0.0219608 0.0206119 0.0191392 0.017665 0.0163361 0.0152398 0.0143753 0.013765 0.013456 0.0134002 0.013502 0.0137339 0.0140689 
0 -0.0117892 -0.0235515 -0.0352477 -0.0468455 -0.0583047 -0.0695551 -0.0805096 -0.0910478 -0.101006 -0.110233 -0.118584 -0.125878 -0.131927 -0.136585 -0.13971 -0.141177 -0.140928 -0.138995 -0.135466 -0.130446 -0.124116 -0.116778 -0.108705 -0.100129 -0.091348 -0.0826063 -0.074111 -0.0661075 -0.0586979 -0.0519305 -0.0459061 -0.0405969 -0.0359906 -0.0320942 -0.0287703 -0.0259691 -0.0236275 -0.0216151 -0.0199447 -0.0185365 -0.017331 -0.0163524 -0.0154923 -0.0147671 -0.014152 -0.0135773 -0.0131031 -0.0126497 -0.0122433 -0.011892 -0.0115358 -0.0112482 -0.0109547 -0.0106949 -0.0104663 -0.0102252 -0.01004 -0.00982975 -0.00966013 -0.00949136 -0.00932378 -0.00919174 -0.00903104 -0.00891915 -0.00877808 -0.00867004 -0.00855696 -0.00844561 -0.00835913 -0.00824733 -0.00817868 -0.00807446 -0.00801309 -0.00792407 -0.00786232 -0.00779228 -0.00772713 -0.00767558 -0.00760798 -0.00757145 -0.00750455 -0.00747845 -0.00741582 -0.00739592 -0.00734044 -0.00732363 -0.00727701 -0.00726148 -0.00722431 -0.00720938 -0.00718143 -0.00716717 -0.0071477 -0.00713465 -0.00712269 -0.00711161 -0.00710614 -0.00709786 -0.0070979 -0.0070933 -0.0070979 -0.00709786 -0.00710614 -0.00711161 -0.00712269 -0.00713465 -0.0071477 -0.00716717 -0.00718143 -0.00720938 -0.00722431 -0.00726148 -0.00727701 -0.00732363 -0.00734044 -0.00739592 -0.00741582 -0.00747845 -0.00750455 -0.00757145 -0.00760798 -0.00767558 -0.00772713 -0.00779228 -0.00786232 -0.00792407 -0.00801309 -0.00807446 -0.00817868 -0.00824733 -0.00835913 -0.00844561 -0.00855696 -0.00867004 -0.00877808 -0.00891915 -0.00903104 -0.00919174 -0.00932378 -0.00949136 -0.00966013 -0.00982975 -0.01004 -0.0102252 -0.0104663 -0.0106949 -0.0109546 -0.0112479 -0.011535 -0.0118901 -0.0122385 -0.0126386 -0.0130786 -0.0135256 -0.0140478 -0.0145674 -0.0151279 -0.0157184 -0.0162788 -0.0168663 -0.0174001 -0.0178758 -0.0182959 -0.0185474 -0.0186309 -0.0184549 -0.0179126 -0.0170134 -0.0156735 -0.0138797 -0.0116687 -0.00897722 -0.00585305 -0.002393 0.00133191 0.00513964 0.00887628 0.0124498 0.015684 0.0184236 0.0205983 0.0221518 0.0230754 0.0234099 0.0232062 0.022565 0.021646 0.0206118 0.019584 0.0186605 0.0179563 0.0175468 0.0173999 0.0174721 0.0177747 0.0182689 0.0188585 0.0194954 0.0201304 
0 -0.0105786 -0.0211634 -0.0317928 -0.0424573 -0.0530893 -0.0636586 -0.0741378 -0.084402 -0.0943154 -0.103803 -0.112708 -0.120763 -0.12777 -0.133596 -0.138047 -0.140928 -0.142147 -0.141684 -0.13955 -0.135805 -0.130601 -0.124158 -0.116726 -0.108595 -0.100032 -0.091272 -0.0826066 -0.0742744 -0.066411 -0.0591606 -0.0525794 -0.0466732 -0.0415079 -0.0370376 -0.0332007 -0.0299721 -0.0272132 -0.0248717 -0.0229037 -0.021199 -0.0197745 -0.0185591 -0.0175024 -0.0166285 -0.015841 -0.0151684 -0.0145834 -0.0140348 -0.0135789 -0.0131349 -0.0127441 -0.0123935 -0.012043 -0.0117565 -0.0114549 -0.0111994 -0.0109573 -0.0107183 -0.0105276 -0.0103119 -0.0101497 -0.00997022 -0.0098164 -0.00967641 -0.00952462 -0.00941444 -0.00927072 -0.00917456 -0.00904886 -0.00895378 -0.00885216 -0.00875301 -0.00867485 -0.00857384 -0.00851336 -0.00841663 -0.00836628 -0.00828021 -0.00823352 -0.00816237 -0.00811542 -0.00806065 -0.0080121 -0.00797288 -0.00792324 -0.00789741 -0.00784817 -0.00783313 -0.00778597 -0.00777936 -0.0077357 -0.0077357 -0.00769651 -0.0077019 -0.00766771 -0.00767784 -0.00764878 -0.00766343 -0.00763939 -0.00765863 -0.00763939 -0.00766343 -0.00764878 -0.00767784 -0.00766771 -0.0077019 -0.00769651 -0.0077357 -0.0077357 -0.00777936 -0.00778597 -0.00783313 -0.00784817 -0.00789741 -0.00792324 -0.00797288 -0.0080121 -0.00806065 -0.00811542 -0.00816237 -0.00823352 -0.00828021 -0.00836628 -0.00841663 -0.00851336 -0.00857384 -0.00867485 -0.00875301 -0.00885216 -0.00895378 -0.00904886 -0.00917456 -0.00927072 -0.00941444 -0.00952462 -0.00967641 -0.0098164 -0.00997022 -0.0101497 -0.0103119 -0.0105276 -0.0107183 -0.0109573 -0.0111994 -0.0114548 -0.0117565 -0.0120428 -0.012393 -0.0127428 -0.0131315 -0.0135709 -0.0140167 -0.0145445 -0.0150886 -0.0156852 -0.0163387 -0.0169886 -0.0176903 -0.0183704 -0.0190241 -0.0196605 -0.0201902 -0.0206322 -0.0209109 -0.020931 -0.0206703 -0.0200087 -0.018908 -0.0173694 -0.0153265 -0.0128031 -0.00981683 -0.00638317 -0.00264518 0.00125859 0.00520811 0.00903972 0.0126188 0.0158119 0.01847 0.0205252 0.0219882 0.0228713 0.0231896 0.0230346 0.0225695 0.0219257 0.0212129 0.0205962 0.0202084 0.0200746 0.0202025 0.0206087 0.0212545 0.0220673 0.0229848 0.0239406 0.0248607 0.0256698 
