0 0 0 0 0 0 0 0 0 0 0 0 0 0 0 0 0 0 0 0 0 0 0 0 0 0 0 0 0 0 0 0 0 0 0 0 0 0 0 0 0 0 0 0 0 0 0 0 0 0 0 0 0 0 0 0 0 0 0 0 0 0 0 0 0 0 0 0 0 0 0 0 0 0 0 0 0 0 0 0 0 0 0 0 0 0 0 0 0 0 0 0 0 0 0 0 0 0 0 0 0 0 0 0 0 0 0 0 0 0 0 0 0 0 0 0 0 0 0 0 0 0 0 0 0 0 0 0 0 0 0 0 0 0 0 0 0 0 0 0 0 0 0 0 0 0 0 0 0 0 0 0 0 0 0 0 0 0 0 0 0 0 0 0 0 0 0 0 0 0 0 0 0 0 0 0 0 0 0 0 0 0 0 0 0 0 0 0 0 0 0 0 0 0 0 0 0 0 0 0 
0 -0.00186141 -0.00371503 -0.00552062 -0.00723189 -0.00883109 -0.0102997 -0.0115827 -0.0126328 -0.0134544 -0.0140457 -0.0143515 -0.0143376 -0.0140531 -0.0135672 -0.0129041 -0.0120632 -0.0110633 -0.00996337 -0.00885108 -0.00778968 -0.00679065 -0.00584795 -0.00496663 -0.00416478 -0.00347046 -0.00290047 -0.00244627 -0.00208786 -0.00180124 -0.00156391 -0.00136528 -0.0012 -0.0010644 -0.000958757 -0.000879783 -0.000822909 -0.000784431 -0.000757333 -0.000736822 -0.000719213 -0.000700611 -0.000681149 -0.000660557 -0.000639747 -0.000621013 -0.000604413 -0.000591281 -0.000581277 -0.000573269 -0.000567053 -0.000560638 -0.000553793 -0.000545777 -0.000536177 -0.000525864 -0.000514541 -0.000503517 -0.000492967 -0.000483449 -0.000475567 -0.000468888 -0.000464019 -0.000460098 -0.000457311 -0.000455055 -0.000452976 -0.000451044 -0.00044858 -0.000446004 -0.00044266 -0.000439085 -0.000434919 -0.000430513 -0.000425905 -0.000421122 -0.000416533 -0.000411868 -0.000407675 -0.000403512 -0.000399939 -0.000396486 -0.000393609 -0.00039092 -0.000388702 -0.000386718 -0.000385066 -0.000383671 -0.000382466 -0.000381529 -0.000380662 -0.000380063 -0.00037944 -0.000379084 -0.000378637 -0.000378453 -0.000378137 -0.000378078 -0.000377863 -0.000377903 -0.000377777 -0.000377903 -0.000377863 -0.000378078 -0.000378137 -0.000378453 -0.000378637 -0.000379084 -0.00037944 -0.000380063 -0.000380662 -0.000381529 -0.000382466 -0.000383671 -0.000385066 -0.000386718 -0.000388702 -0.00039092 -0.000393609 -0.000396486 -0.000399939 -0.000403512 -0.000407675 -0.000411868 -0.000416533 -0.000421122 -0.000425905 -0.000430513 -0.000434919 -0.000439085 -0.00044266 -0.000446004 -0.00044858 -0.000451044 -0.000452976 -0.000455055 -0.000457311 -0.000460098 -0.000464019 -0.000468888 -0.000475567 -0.000483449 -0.000492967 -0.000503517 -0.000514541 -0.000525864 -0.000536177 -0.000545777 -0.000553793 -0.000560638 -0.000567053 -0.000573269 -0.000581276 -0.000591279 -0.000604406 -0.000620991 -0.00063968 -0.000660366 -0.00068063 -0.000699278 -0.000715971 -0.000729354 -0.000741046 -0.000750843 -0.00075745 -0.000759329 -0.000749572 -0.000721489 -0.000668644 -0.000584379 -0.000468692 -0.000321198 -0.000136645 9.48984e-05 0.000395451 0.00078762 0.00127757 0.00185501 0.00249287 0.00316238 0.00385517 0.00456472 0.00525715 0.00587144 0.00633497 0.00659781 0.00665071 0.00647317 0.0059971 0.00517114 0.00402487 0.00263684 0.00106563 -0.00067298 -0.00255071 -0.00444442 -0.00617117 -0.00763917 -0.00886767 -0.00981479 
0 -0.00371503 -0.00739405 -0.0109589 -0.0143445 -0.0175284 -0.0204535 -0.0230015 -0.0250901 -0.0267151 -0.0278634 -0.0284715 -0.028502 -0.0279944 -0.0270302 -0.0256851 -0.024011 -0.0220618 -0.0199383 -0.0177705 -0.015654 -0.0136334 -0.0117311 -0.0099695 -0.00838709 -0.00702542 -0.00589647 -0.00498079 -0.00424229 -0.00363861 -0.00313986 -0.00273102 -0.00240074 -0.0021418 -0.0019449 -0.00179582 -0.0016834 -0.00159646 -0.00152612 -0.00146886 -0.0014205 -0.00137948 -0.00134503 -0.00131434 -0.00128705 -0.00126116 -0.0012353 -0.00120983 -0.00118357 -0.00115781 -0.00113286 -0.00110909 -0.00108784 -0.0010684 -0.00105161 -0.00103675 -0.0010233 -0.00101124 -0.000999254 -0.000987773 -0.000975812 -0.000963637 -0.000951252 -0.000938449 -0.000926041 -0.000913528 -0.000901874 -0.000890671 -0.000880449 -0.000871166 -0.000862702 -0.000855398 -0.000848639 -0.000842967 -0.000837602 -0.000833048 -0.000828672 -0.000824757 -0.000821 -0.000817388 -0.000813983 -0.000810504 -0.000807307 -0.000803924 -0.000800892 -0.000797651 -0.000794808 -0.000791792 -0.000789194 -0.000786492 -0.000784204 -0.000781888 -0.000779971 -0.000778095 -0.000776595 -0.000775193 -0.000774144 -0.000773234 -0.00077266 -0.000772248 -0.000772163 -0.000772248 -0.00077266 -0.000773234 -0.000774144 -0.000775193 -0.000776595 -0.000778095 -0.000779971 -0.000781888 -0.000784204 -0.000786492 -0.000789194 -0.000791792 -0.000794808 -0.000797651 -0.000800892 -0.000803924 -0.000807307 -0.000810504 -0.000813983 -0.000817388 -0.000821 -0.000824757 -0.000828672 -0.000833048 -0.000837602 -0.000842967 -0.000848639 -0.000855398 -0.000862702 -0.000871166 -0.000880449 -0.000890671 -0.000901874 -0.000913528 -0.000926041 -0.000938449 -0.000951252 -0.000963637 -0.000975812 -0.000987773 -0.000999254 -0.00101124 -0.0010233 -0.00103675 -0.00105161 -0.0010684 -0.00108784 -0.00110909 -0.00113286 -0.0011578 -0.00118357 -0.00120983 -0.00123528 -0.0012611 -0.00128687 -0.00131385 -0.00134372 -0.00137621 -0.00141275 -0.00145143 -0.00148894 -0.00152139 -0.00153999 -0.00153676 -0.00150243 -0.00142684 -0.00130565 -0.00113488 -0.000911505 -0.000630752 -0.000272464 0.000196078 0.000814009 0.00161574 0.00260326 0.00374323 0.00498901 0.00629949 0.00765605 0.00904315 0.0103944 0.0115862 0.0124852 0.0129919 0.0130552 0.012636 0.0116597 0.010058 0.0078507 0.0051303 0.00199347 -0.00145699 -0.00507162 -0.00865924 -0.0120226 -0.0149844 -0.0173938 -0.019119 
0 -0.00552062 -0.0109589 -0.0162323 -0.0212694 -0.0259898 -0.0302822 -0.0340373 -0.0371737 -0.0396133 -0.0412883 -0.0421776 -0.0422854 -0.0416212 -0.0402456 -0.0382731 -0.0358143 -0.0329791 -0.029907 -0.0267396 -0.0235972 -0.020577 -0.0177376 -0.015119 -0.0127726 -0.0107381 -0.00902567 -0.00762167 -0.00648134 -0.00555028 -0.00478953 -0.00416724 -0.00366332 -0.00326679 -0.00295951 -0.00272555 -0.0025496 -0.00241309 -0.00230617 -0.00221967 -0.0021461 -0.00208436 -0.0020296 -0.0019805 -0.00193642 -0.00189387 -0.0018541 -0.00181525 -0.00177713 -0.00174117 -0.00170574 -0.00167304 -0.00164221 -0.00161342 -0.00158756 -0.00156281 -0.0015406 -0.00151922 -0.00149899 -0.00147981 -0.00146058 -0.00144258 -0.00142426 -0.00140699 -0.00138996 -0.00137356 -0.0013582 -0.0013431 -0.00132953 -0.00131613 -0.00130423 -0.00129268 -0.0012822 -0.00127238 -0.00126308 -0.00125469 -0.00124637 -0.00123909 -0.00123162 -0.00122515 -0.00121847 -0.00121262 -0.00120668 -0.00120135 -0.00119613 -0.0011913 -0.00118679 -0.00118247 -0.00117864 -0.00117486 -0.00117172 -0.00116851 -0.00116603 -0.00116342 -0.00116159 -0.0011596 -0.00115842 -0.00115705 -0.00115652 -0.00115578 -0.00115589 -0.00115578 -0.00115652 -0.00115705 -0.00115842 -0.0011596 -0.00116159 -0.00116342 -0.00116603 -0.00116851 -0.00117172 -0.00117486 -0.00117864 -0.00118247 -0.00118679 -0.0011913 -0.00119613 -0.00120135 -0.00120668 -0.00121262 -0.00121847 -0.00122515 -0.00123162 -0.00123909 -0.00124637 -0.00125469 -0.00126308 -0.00127238 -0.0012822 -0.00129268 -0.00130423 -0.00131613 -0.00132953 -0.0013431 -0.0013582 -0.00137356 -0.00138996 -0.00140699 -0.00142426 -0.00144258 -0.00146058 -0.00147981 -0.00149899 -0.00151922 -0.0015406 -0.00156281 -0.00158756 -0.00161342 -0.00164221 -0.00167304 -0.00170574 -0.00174117 -0.00177712 -0.00181524 -0.00185406 -0.00189373 -0.00193602 -0.00197943 -0.00202689 -0.00207781 -0.00213106 -0.00218687 -0.00223838 -0.00228025 -0.00230298 -0.00229176 -0.00223639 -0.0021227 -0.00194045 -0.00168613 -0.00134867 -0.000914122 -0.00035533 0.000375994 0.00132434 0.00252051 0.00396841 0.0056289 0.00745084 0.00939082 0.0113973 0.0134054 0.0153137 0.0169689 0.0182161 0.0189268 0.0189779 0.018271 0.0167526 0.0143956 0.0112089 0.00726409 0.00269013 -0.002313 -0.00747621 -0.0125549 -0.0173641 -0.0216583 -0.0251075 -0.0274911 
0 -0.00723189 -0.0143445 -0.0212694 -0.0279039 -0.0340679 -0.039624 -0.044527 -0.0486879 -0.0519272 -0.0541304 -0.0553154 -0.0555182 -0.0547511 -0.0530675 -0.0505753 -0.0474228 -0.0437929 -0.0398554 -0.0357543 -0.0316466 -0.0276758 -0.0239337 -0.020489 -0.0173934 -0.0146739 -0.0123535 -0.0104287 -0.00885531 -0.00758087 -0.00654746 -0.00570088 -0.00501274 -0.00445971 -0.00402188 -0.00368789 -0.00343593 -0.00324693 -0.00310576 -0.00299233 -0.00289782 -0.0028142 -0.00273468 -0.00266155 -0.00259172 -0.00252705 -0.00246945 -0.00241607 -0.00236967 -0.00232688 -0.00228686 -0.00224971 -0.00221178 -0.00217541 -0.0021382 -0.00210134 -0.00206592 -0.0020307 -0.00199877 -0.00196807 -0.00194069 -0.0019158 -0.00189292 -0.00187305 -0.00185377 -0.00183693 -0.00182001 -0.00180428 -0.00178861 -0.0017729 -0.0017578 -0.00174193 -0.00172718 -0.00171161 -0.00169735 -0.00168272 -0.00166926 -0.00165612 -0.00164378 -0.00163241 -0.00162144 -0.00161188 -0.00160238 -0.00159451 -0.00158648 -0.00158007 -0.00157342 -0.00156826 -0.00156285 -0.00155872 -0.00155443 -0.00155118 -0.00154786 -0.0015454 -0.00154295 -0.00154119 -0.00153953 -0.00153844 -0.00153752 -0.00153708 -0.00153685 -0.00153708 -0.00153752 -0.00153844 -0.00153953 -0.00154119 -0.00154295 -0.0015454 -0.00154786 -0.00155118 -0.00155443 -0.00155872 -0.00156285 -0.00156826 -0.00157342 -0.00158007 -0.00158648 -0.00159451 -0.00160238 -0.00161188 -0.00162144 -0.00163241 -0.00164378 -0.00165612 -0.00166926 -0.00168272 -0.00169735 -0.00171161 -0.00172718 -0.00174193 -0.0017578 -0.0017729 -0.00178861 -0.00180428 -0.00182001 -0.00183693 -0.00185377 -0.00187305 -0.00189292 -0.0019158 -0.00194069 -0.00196807 -0.00199877 -0.0020307 -0.00206592 -0.00210134 -0.0021382 -0.00217541 -0.00221178 -0.00224971 -0.00228686 -0.00232687 -0.00236966 -0.00241604 -0.00246934 -0.00252674 -0.00259089 -0.0026594 -0.00272942 -0.00280192 -0.00287063 -0.00293513 -0.0029916 -0.00303074 -0.00304755 -0.00302567 -0.00294884 -0.00280333 -0.00256721 -0.00222751 -0.00176719 -0.00115549 -0.000362038 0.000657542 0.00194669 0.00352089 0.00538355 0.0075171 0.00987644 0.012408 0.0150192 0.017566 0.0199019 0.0218846 0.0233629 0.0241839 0.0241711 0.0231562 0.0210803 0.0179782 0.0138838 0.00886051 0.00308199 -0.00319109 -0.00966892 -0.0160513 -0.0220357 -0.0273122 -0.0315712 -0.034574 
0 -0.00883109 -0.0175284 -0.0259898 -0.0340679 -0.0415696 -0.0483651 -0.0543698 -0.0594364 -0.0633962 -0.0661642 -0.0677215 -0.0680759 -0.0672706 -0.0653644 -0.0624546 -0.058741 -0.0544579 -0.0497757 -0.0448495 -0.0398611 -0.0349784 -0.0303543 -0.026107 -0.0222814 -0.0188975 -0.0159754 -0.0135011 -0.0114484 -0.0097779 -0.00842116 -0.00732344 -0.00644167 -0.00573142 -0.00517086 -0.00473536 -0.00439602 -0.00413797 -0.00393662 -0.00377503 -0.00364562 -0.00353303 -0.00343562 -0.0033489 -0.00326669 -0.00319277 -0.00312104 -0.00305316 -0.00298999 -0.00292758 -0.002871 -0.00281616 -0.00276503 -0.00271832 -0.00267271 -0.00263218 -0.00259219 -0.00255521 -0.00252001 -0.00248507 -0.00245311 -0.00242021 -0.00239019 -0.00236006 -0.00233156 -0.00230472 -0.00227817 -0.00225462 -0.00223073 -0.00221001 -0.00218925 -0.0021708 -0.00215314 -0.00213649 -0.0021215 -0.00210636 -0.00209343 -0.00207968 -0.00206822 -0.00205584 -0.00204541 -0.00203439 -0.00202478 -0.00201512 -0.00200625 -0.00199792 -0.00198982 -0.00198278 -0.00197553 -0.00196973 -0.00196342 -0.00195882 -0.00195352 -0.00195008 -0.00194583 -0.00194352 -0.00194035 -0.00193914 -0.00193706 -0.00193696 -0.00193597 -0.00193696 -0.00193706 -0.00193914 -0.00194035 -0.00194352 -0.00194583 -0.00195008 -0.00195352 -0.00195882 -0.00196342 -0.00196973 -0.00197553 -0.00198278 -0.00198982 -0.00199792 -0.00200625 -0.00201512 -0.00202478 -0.00203439 -0.00204541 -0.00205584 -0.00206822 -0.00207968 -0.00209343 -0.00210636 -0.0021215 -0.00213649 -0.00215314 -0.0021708 -0.00218925 -0.00221001 -0.00223073 -0.00225462 -0.00227817 -0.00230472 -0.00233156 -0.00236006 -0.00239019 -0.00242021 -0.00245311 -0.00248507 -0.00252001 -0.00255521 -0.00259219 -0.00263218 -0.00267271 -0.00271832 -0.00276503 -0.00281616 -0.002871 -0.00292757 -0.00298996 -0.00305308 -0.0031208 -0.00319213 -0.00326502 -0.00334475 -0.00342581 -0.00351099 -0.00359858 -0.00367964 -0.003753 -0.00380242 -0.00381358 -0.00377396 -0.00365838 -0.00345524 -0.00314775 -0.00270945 -0.00212012 -0.00133497 -0.000302573 0.00101294 0.00264851 0.00461079 0.00688175 0.00945485 0.0122942 0.0153176 0.0184049 0.0213732 0.024031 0.0262372 0.0278353 0.0286239 0.0284124 0.027046 0.0244515 0.0206699 0.0157761 0.00985784 0.00312027 -0.00413106 -0.011602 -0.0189653 -0.0258013 -0.0317405 -0.0365573 -0.040035 
0 -0.0102997 -0.0204535 -0.0302822 -0.039624 -0.0483651 -0.0563551 -0.063366 -0.0692206 -0.0738613 -0.0772253 -0.0792078 -0.0797891 -0.079033 -0.0770029 -0.0738266 -0.0697309 -0.0649336 -0.0596224 -0.0539959 -0.0482334 -0.0425239 -0.0370843 -0.0320581 -0.0275042 -0.023459 -0.0199186 -0.0168677 -0.0143071 -0.0121971 -0.0104792 -0.00910334 -0.00799774 -0.00711129 -0.00641161 -0.0058541 -0.00541749 -0.00507876 -0.00480774 -0.00459643 -0.00442461 -0.00427991 -0.00416098 -0.00405233 -0.00395572 -0.00386663 -0.00377849 -0.00369792 -0.00361708 -0.00354074 -0.00346961 -0.00339977 -0.00333846 -0.00327877 -0.00322509 -0.00317574 -0.00312752 -0.00308502 -0.00304119 -0.00300143 -0.00296152 -0.00292249 -0.00288607 -0.00284828 -0.00281478 -0.00277996 -0.00274901 -0.00271856 -0.00269011 -0.00266436 -0.00263864 -0.00261694 -0.00259416 -0.00257542 -0.00255563 -0.00253882 -0.00252184 -0.00250627 -0.00249173 -0.00247712 -0.00246461 -0.00245095 -0.00244007 -0.00242751 -0.00241799 -0.0024067 -0.00239835 -0.00238849 -0.00238122 -0.00237288 -0.00236668 -0.00235987 -0.00235475 -0.00234947 -0.00234548 -0.00234168 -0.00233886 -0.00233649 -0.00233489 -0.0023339 -0.00233357 -0.0023339 -0.00233489 -0.00233649 -0.00233886 -0.00234168 -0.00234548 -0.00234947 -0.00235475 -0.00235987 -0.00236668 -0.00237288 -0.00238122 -0.00238849 -0.00239835 -0.0024067 -0.00241799 -0.00242751 -0.00244007 -0.00245095 -0.00246461 -0.00247712 -0.00249173 -0.00250627 -0.00252184 -0.00253882 -0.00255563 -0.00257542 -0.00259416 -0.00261694 -0.00263864 -0.00266436 -0.00269011 -0.00271856 -0.00274901 -0.00277996 -0.00281478 -0.00284828 -0.00288607 -0.00292249 -0.00296152 -0.00300143 -0.00304119 -0.00308502 -0.00312752 -0.00317574 -0.00322509 -0.00327877 -0.00333846 -0.00339977 -0.0034696 -0.00354072 -0.00361702 -0.00369775 -0.00377801 -0.00386535 -0.00395249 -0.0040446 -0.00414337 -0.00424177 -0.00434613 -0.00444303 -0.00452293 -0.00457636 -0.0045746 -0.00450638 -0.00435104 -0.00408403 -0.00369738 -0.00315506 -0.00241603 -0.00143806 -0.000153789 0.00147144 0.00344604 0.00577858 0.00844258 0.0114128 0.0146604 0.0180738 0.0214919 0.0247391 0.0276081 0.029915 0.0314888 0.0321054 0.0315736 0.0298073 0.0267514 0.0223911 0.0168254 0.0102263 0.00281087 -0.00512087 -0.0132211 -0.0211311 -0.028455 -0.0348182 -0.0399511 -0.0436229 
0 -0.0115827 -0.0230015 -0.0340373 -0.044527 -0.0543698 -0.063366 -0.0712507 -0.0778889 -0.0832341 -0.0871707 -0.0895848 -0.0904691 -0.0898675 -0.0878699 -0.084641 -0.0803457 -0.0751609 -0.069345 -0.0631406 -0.0567332 -0.0503463 -0.0441946 -0.0384187 -0.0331352 -0.0283992 -0.0242016 -0.02056 -0.0174732 -0.0148973 -0.0127984 -0.0111045 -0.00973084 -0.00863251 -0.00775046 -0.007045 -0.00649905 -0.00606896 -0.00573501 -0.00547606 -0.00525883 -0.00508124 -0.0049248 -0.00478163 -0.00465788 -0.00453912 -0.00443415 -0.00433877 -0.00424704 -0.0041675 -0.00408734 -0.00401364 -0.00394284 -0.00387084 -0.00380598 -0.00373823 -0.00367707 -0.00361764 -0.00356067 -0.00351081 -0.00346017 -0.00341788 -0.003375 -0.00333719 -0.00330144 -0.00326596 -0.00323509 -0.00320131 -0.00317278 -0.00314112 -0.00311326 -0.00308438 -0.00305676 -0.00303103 -0.00300421 -0.00298159 -0.00295655 -0.00293669 -0.0029143 -0.00289678 -0.00287757 -0.002862 -0.00284607 -0.00283219 -0.00281936 -0.002807 -0.00279691 -0.00278599 -0.00277825 -0.00276872 -0.00276297 -0.00275484 -0.00275078 -0.00274402 -0.00274148 -0.00273608 -0.00273491 -0.00273085 -0.002731 -0.00272826 -0.0027297 -0.00272826 -0.002731 -0.00273085 -0.00273491 -0.00273608 -0.00274148 -0.00274402 -0.00275078 -0.00275484 -0.00276297 -0.00276872 -0.00277825 -0.00278599 -0.00279691 -0.002807 -0.00281936 -0.00283219 -0.00284607 -0.002862 -0.00287757 -0.00289678 -0.0029143 -0.00293669 -0.00295655 -0.00298159 -0.00300421 -0.00303103 -0.00305676 -0.00308438 -0.00311326 -0.00314112 -0.00317278 -0.00320131 -0.00323509 -0.00326596 -0.00330144 -0.00333719 -0.003375 -0.00341788 -0.00346017 -0.00351081 -0.00356067 -0.00361764 -0.00367707 -0.00373823 -0.00380598 -0.00387084 -0.00394284 -0.00401363 -0.00408733 -0.00416746 -0.00424692 -0.00433841 -0.00443318 -0.00453664 -0.00465187 -0.00476773 -0.00489428 -0.00501748 -0.00513226 -0.00523736 -0.00530722 -0.00533983 -0.00531505 -0.00520779 -0.00501427 -0.00469798 -0.00423055 -0.00357885 -0.00266957 -0.00145673 0.000102436 0.00204578 0.00435133 0.00700942 0.0100203 0.0133369 0.0169039 0.0206069 0.0242402 0.0276166 0.0305508 0.0328074 0.0341823 0.0345038 0.0336102 0.0314294 0.0279399 0.0231079 0.0170287 0.00996995 0.00219494 -0.00605221 -0.0144152 -0.0224866 -0.02993 -0.0364233 -0.0416137 -0.045237 
0 -0.0126328 -0.0250901 -0.0371737 -0.0486879 -0.0594364 -0.0692206 -0.0778889 -0.085314 -0.0913324 -0.0958126 -0.0987104 -0.0999922 -0.0996679 -0.0978784 -0.0947712 -0.0904347 -0.0850597 -0.0789306 -0.0722889 -0.0653794 -0.0584456 -0.0516557 -0.0451873 -0.0392083 -0.0337732 -0.0289171 -0.0246726 -0.0210118 -0.0179276 -0.0153957 -0.0133263 -0.0116599 -0.0103251 -0.00924013 -0.00837934 -0.00769513 -0.00714827 -0.00672902 -0.00639098 -0.00611958 -0.00590193 -0.00570718 -0.00554422 -0.00539552 -0.00525633 -0.00513604 -0.00501581 -0.00490952 -0.00480909 -0.00471058 -0.00462503 -0.00453625 -0.00445797 -0.00438171 -0.00430712 -0.00424182 -0.0041726 -0.00411367 -0.00405283 -0.00399678 -0.00394504 -0.00389153 -0.0038468 -0.00379773 -0.003757 -0.00371422 -0.00367549 -0.0036394 -0.00360233 -0.0035718 -0.00353721 -0.00351042 -0.00347939 -0.0034547 -0.00342789 -0.00340433 -0.00338177 -0.0033591 -0.00334033 -0.0033188 -0.0033031 -0.00328318 -0.00326987 -0.00325199 -0.00324052 -0.00322498 -0.003215 -0.00320196 -0.00319329 -0.00318273 -0.00317533 -0.00316717 -0.00316107 -0.00315517 -0.00315044 -0.00314665 -0.0031434 -0.00314156 -0.00313989 -0.00313987 -0.00313989 -0.00314156 -0.0031434 -0.00314665 -0.00315044 -0.00315517 -0.00316107 -0.00316717 -0.00317533 -0.00318273 -0.00319329 -0.00320196 -0.003215 -0.00322498 -0.00324052 -0.00325199 -0.00326987 -0.00328318 -0.0033031 -0.0033188 -0.00334033 -0.0033591 -0.00338177 -0.00340433 -0.00342789 -0.0034547 -0.00347939 -0.00351042 -0.00353721 -0.0035718 -0.00360233 -0.0036394 -0.00367549 -0.00371422 -0.003757 -0.00379773 -0.0038468 -0.00389153 -0.00394504 -0.00399678 -0.00405283 -0.00411367 -0.0041726 -0.00424182 -0.00430712 -0.0043817 -0.00445797 -0.00453625 -0.00462502 -0.00471055 -0.00480899 -0.00490925 -0.00501508 -0.00513416 -0.00525171 -0.0053847 -0.00552009 -0.00565599 -0.00579874 -0.00592185 -0.0060309 -0.00610536 -0.00611956 -0.00607496 -0.00593327 -0.00568061 -0.00529921 -0.00472663 -0.00392833 -0.00283826 -0.00138279 0.000447148 0.00267389 0.00529443 0.00826498 0.0115862 0.0152095 0.0190062 0.022851 0.0265603 0.0299171 0.0327488 0.0348248 0.0358893 0.0358142 0.0345236 0.0319279 0.0280133 0.0228306 0.0164853 0.00922441 0.00136022 -0.00684658 -0.0150928 -0.0229935 -0.0302172 -0.0364801 -0.0414583 -0.0449056 
0 -0.0134544 -0.0267151 -0.0396133 -0.0519272 -0.0633962 -0.0738613 -0.0832341 -0.0913324 -0.0979477 -0.103005 -0.106466 -0.108243 -0.108356 -0.106933 -0.104064 -0.0998655 -0.0945482 -0.0883159 -0.0814192 -0.0741719 -0.0667887 -0.0594465 -0.0523796 -0.045741 -0.0396241 -0.0341262 -0.0292476 -0.0249794 -0.0213533 -0.0183205 -0.0158303 -0.0138346 -0.012217 -0.0109136 -0.00987223 -0.00901771 -0.00834151 -0.00780468 -0.0073688 -0.00703567 -0.00675837 -0.00652966 -0.00634239 -0.00616404 -0.00601225 -0.00586562 -0.00572393 -0.00559938 -0.00547 -0.00535834 -0.0052504 -0.00514775 -0.00506081 -0.0049695 -0.00489413 -0.00481671 -0.00474431 -0.0046788 -0.00460756 -0.0045485 -0.00448184 -0.00442452 -0.00436621 -0.00430956 -0.00426052 -0.0042067 -0.00416503 -0.00411716 -0.00407995 -0.00403996 -0.00400502 -0.00397285 -0.00393937 -0.00391344 -0.00388172 -0.00385984 -0.00383073 -0.00381095 -0.00378521 -0.0037663 -0.00374436 -0.00372581 -0.00370769 -0.00368955 -0.00367502 -0.00365764 -0.00364631 -0.00363014 -0.00362162 -0.00360704 -0.003601 -0.0035883 -0.00358449 -0.00357384 -0.00357211 -0.00356358 -0.00356387 -0.00355746 -0.00355975 -0.00355542 -0.00355975 -0.00355746 -0.00356387 -0.00356358 -0.00357211 -0.00357384 -0.00358449 -0.0035883 -0.003601 -0.00360704 -0.00362162 -0.00363014 -0.00364631 -0.00365764 -0.00367502 -0.00368955 -0.00370769 -0.00372581 -0.00374436 -0.0037663 -0.00378521 -0.00381095 -0.00383073 -0.00385984 -0.00388172 -0.00391344 -0.00393937 -0.00397285 -0.00400502 -0.00403996 -0.00407995 -0.00411716 -0.00416503 -0.0042067 -0.00426052 -0.00430956 -0.00436621 -0.00442452 -0.00448184 -0.0045485 -0.00460756 -0.0046788 -0.00474431 -0.00481671 -0.00489413 -0.0049695 -0.0050608 -0.00514775 -0.00525037 -0.00535827 -0.0054698 -0.00559885 -0.00572253 -0.00586212 -0.00600392 -0.00614519 -0.0063018 -0.00644653 -0.0065965 -0.006736 -0.00684121 -0.00692029 -0.00692701 -0.00685159 -0.0066805 -0.00635998 -0.00588321 -0.00519208 -0.00421363 -0.00291997 -0.0012379 0.000855373 0.0033361 0.00623099 0.00950758 0.0131013 0.0169557 0.0209003 0.0247481 0.0283732 0.03158 0.0341534 0.0359076 0.036608 0.0360967 0.0343587 0.0313573 0.0270806 0.0216754 0.0153197 0.00816306 0.000463908 -0.00743172 -0.0152168 -0.0226055 -0.0292981 -0.0350245 -0.0395616 -0.0427302 
0 -0.0140457 -0.0278634 -0.0412883 -0.0541304 -0.0661642 -0.0772253 -0.0871707 -0.0958126 -0.103005 -0.108667 -0.112709 -0.115083 -0.115814 -0.114909 -0.112435 -0.108584 -0.103509 -0.0973641 -0.0904457 -0.0830395 -0.0753413 -0.0675967 -0.0600156 -0.052742 -0.0459738 -0.0398213 -0.0342898 -0.0294326 -0.0252414 -0.0216693 -0.0187217 -0.0163124 -0.0143475 -0.0127815 -0.0115056 -0.0104737 -0.0096601 -0.00899138 -0.00846756 -0.00804987 -0.0076964 -0.00741994 -0.00717241 -0.00695846 -0.00677765 -0.0065986 -0.00645029 -0.00630436 -0.00616708 -0.0060478 -0.00591964 -0.00581229 -0.00570045 -0.00559546 -0.00550225 -0.00540189 -0.00532168 -0.00523392 -0.00515944 -0.00508847 -0.00501683 -0.00495959 -0.00489268 -0.00484211 -0.00478314 -0.00473332 -0.00468365 -0.0046326 -0.00459094 -0.00454028 -0.00450376 -0.00445666 -0.00442254 -0.00438167 -0.00434836 -0.00431491 -0.00428213 -0.00425579 -0.00422421 -0.00420372 -0.00417434 -0.00415812 -0.00413186 -0.00411852 -0.00409596 -0.00408447 -0.00406586 -0.00405563 -0.00404089 -0.00403169 -0.00402057 -0.00401241 -0.00400458 -0.00399759 -0.00399272 -0.00398711 -0.00398486 -0.00398085 -0.00398094 -0.00397877 -0.00398094 -0.00398085 -0.00398486 -0.00398711 -0.00399272 -0.00399759 -0.00400458 -0.00401241 -0.00402057 -0.00403169 -0.00404089 -0.00405563 -0.00406586 -0.00408447 -0.00409596 -0.00411852 -0.00413186 -0.00415812 -0.00417434 -0.00420372 -0.00422421 -0.00425579 -0.00428213 -0.00431491 -0.00434836 -0.00438167 -0.00442254 -0.00445666 -0.00450376 -0.00454028 -0.00459094 -0.0046326 -0.00468365 -0.00473332 -0.00478314 -0.00484211 -0.00489268 -0.00495959 -0.00501683 -0.00508847 -0.00515944 -0.00523392 -0.00532168 -0.00540189 -0.00550225 -0.00559546 -0.00570045 -0.00581227 -0.00591959 -0.00604766 -0.00616669 -0.00630332 -0.00644766 -0.00659227 -0.00676312 -0.00692667 -0.00710626 -0.00728899 -0.0074499 -0.00760855 -0.0077154 -0.00776892 -0.00775987 -0.00763617 -0.00741165 -0.00703591 -0.00645271 -0.00563937 -0.00449306 -0.00297049 -0.00106049 0.00128909 0.00404101 0.0071756 0.0107025 0.0145068 0.0184648 0.0224436 0.0262225 0.0296517 0.0325945 0.0348012 0.0360815 0.0363232 0.0353846 0.0332131 0.0298576 0.0253698 0.019899 0.0136804 0.00687244 -0.00034877 -0.0076536 -0.0147146 -0.0213102 -0.0272143 -0.0321982 -0.036123 -0.0388752 
0 -0.0143515 -0.0284715 -0.0421776 -0.0553154 -0.0677215 -0.0792078 -0.0895848 -0.0987104 -0.106466 -0.112709 -0.117361 -0.120441 -0.121898 -0.121655 -0.119798 -0.116482 -0.111813 -0.105992 -0.0992798 -0.0918754 -0.084041 -0.0760415 -0.0680278 -0.0602204 -0.052859 -0.0460413 -0.0398729 -0.0344134 -0.0296098 -0.0254857 -0.0220266 -0.0191384 -0.0167975 -0.0149052 -0.013355 -0.0121257 -0.0111219 -0.0103076 -0.00967276 -0.00913924 -0.00871762 -0.00837243 -0.00806501 -0.00782209 -0.00759187 -0.00739093 -0.00721766 -0.00703982 -0.00689535 -0.00674501 -0.00660719 -0.00648449 -0.00635136 -0.00624481 -0.00612703 -0.00602473 -0.00592894 -0.0058287 -0.00575057 -0.00565859 -0.00558817 -0.00551092 -0.00544111 -0.00537944 -0.00530969 -0.0052589 -0.00519324 -0.00514686 -0.00508978 -0.00504329 -0.00499682 -0.00494908 -0.00491228 -0.00486486 -0.00483492 -0.00479052 -0.00476431 -0.00472531 -0.00470046 -0.0046682 -0.00464347 -0.00461819 -0.00459336 -0.00457448 -0.00454998 -0.00453651 -0.00451304 -0.00450394 -0.00448218 -0.00447657 -0.00445705 -0.00445429 -0.00443732 -0.00443703 -0.00442275 -0.00442473 -0.00441314 -0.00441736 -0.00440836 -0.00441491 -0.00440836 -0.00441736 -0.00441314 -0.00442473 -0.00442275 -0.00443703 -0.00443732 -0.00445429 -0.00445705 -0.00447657 -0.00448218 -0.00450394 -0.00451304 -0.00453651 -0.00454998 -0.00457448 -0.00459336 -0.00461819 -0.00464347 -0.0046682 -0.00470046 -0.00472531 -0.00476431 -0.00479052 -0.00483492 -0.00486486 -0.00491228 -0.00494908 -0.00499682 -0.00504329 -0.00508978 -0.00514686 -0.00519324 -0.0052589 -0.00530969 -0.00537944 -0.00544111 -0.00551092 -0.00558817 -0.00565859 -0.00575057 -0.0058287 -0.00592894 -0.00602473 -0.00612703 -0.00624481 -0.00635135 -0.00648445 -0.00660709 -0.00674473 -0.00689459 -0.00703788 -0.00721291 -0.00737987 -0.00756728 -0.0077701 -0.00796036 -0.00817208 -0.00835271 -0.00850663 -0.00862736 -0.00865685 -0.00862163 -0.0084738 -0.00817877 -0.00773786 -0.00704848 -0.00607006 -0.00475385 -0.00300621 -0.000853445 0.00171394 0.00471814 0.00808063 0.0117758 0.0157168 0.0196944 0.023578 0.0272145 0.0303817 0.0329337 0.0346871 0.0354356 0.0351367 0.0337692 0.031252 0.0276405 0.0230963 0.0177578 0.0118121 0.00549811 -0.000973095 -0.0073827 -0.0134989 -0.0191278 -0.0240827 -0.0281951 -0.0313819 -0.0335835 
0 -0.0143376 -0.028502 -0.0422854 -0.0555182 -0.0680759 -0.0797891 -0.0904691 -0.0999922 -0.108243 -0.115083 -0.120441 -0.124272 -0.126484 -0.127044 -0.125998 -0.123394 -0.119369 -0.114125 -0.107791 -0.10057 -0.092781 -0.0846383 -0.0763404 -0.0681622 -0.0602741 -0.0528426 -0.0460571 -0.0399352 -0.0344985 -0.0297998 -0.025767 -0.0223879 -0.0196279 -0.0173453 -0.0155005 -0.0140075 -0.0127664 -0.0117866 -0.0109851 -0.0103329 -0.00983169 -0.00939725 -0.00905133 -0.00875692 -0.00847923 -0.00825553 -0.00802762 -0.00782812 -0.00764971 -0.00746549 -0.00732091 -0.00716475 -0.00703213 -0.00690987 -0.0067806 -0.00668071 -0.00656108 -0.00646606 -0.00636466 -0.00626586 -0.00618337 -0.00608481 -0.00601421 -0.00592573 -0.00585879 -0.0057874 -0.00572014 -0.00566603 -0.00559971 -0.0055576 -0.00549629 -0.0054593 -0.0054068 -0.00536969 -0.00532769 -0.00528826 -0.00525614 -0.00521484 -0.00519047 -0.00514927 -0.00513006 -0.00509127 -0.00507497 -0.00504048 -0.00502557 -0.00499652 -0.00498222 -0.00495903 -0.00494517 -0.00492773 -0.00491451 -0.00490239 -0.00489019 -0.00488284 -0.00487212 -0.00486896 -0.00486016 -0.00486067 -0.00485421 -0.00485791 -0.00485421 -0.00486067 -0.00486016 -0.00486896 -0.00487212 -0.00488284 -0.00489019 -0.00490239 -0.00491451 -0.00492773 -0.00494517 -0.00495903 -0.00498222 -0.00499652 -0.00502557 -0.00504048 -0.00507497 -0.00509127 -0.00513006 -0.00514927 -0.00519047 -0.00521484 -0.00525614 -0.00528826 -0.00532769 -0.00536969 -0.0054068 -0.0054593 -0.00549629 -0.0055576 -0.00559971 -0.00566603 -0.00572014 -0.0057874 -0.00585879 -0.00592573 -0.00601421 -0.00608481 -0.00618337 -0.00626586 -0.00636466 -0.00646606 -0.00656108 -0.00668071 -0.00678059 -0.00690986 -0.00703211 -0.00716468 -0.00732071 -0.00746495 -0.00764829 -0.00782461 -0.00801931 -0.00823676 -0.00843888 -0.00867434 -0.00889047 -0.00909911 -0.00930572 -0.00944865 -0.00956573 -0.00960405 -0.00953599 -0.00937805 -0.00903467 -0.00849093 -0.00769068 -0.00652081 -0.00498933 -0.00304232 -0.00065273 0.00211415 0.00529611 0.0088574 0.0126671 0.0166461 0.0206026 0.0243223 0.0277007 0.0305357 0.0326043 0.0338124 0.0340534 0.0332562 0.0314637 0.028684 0.0249549 0.0204718 0.0154292 0.00997101 0.00432738 -0.00124493 -0.00658931 -0.0115942 -0.0161202 -0.020025 -0.023201 -0.0255903 -0.0271717 
0 -0.0140531 -0.0279944 -0.0416212 -0.0547511 -0.0672706 -0.079033 -0.0898675 -0.0996679 -0.108356 -0.115814 -0.121898 -0.126484 -0.129524 -0.131013 -0.130901 -0.129201 -0.126054 -0.121556 -0.115795 -0.109007 -0.101439 -0.0933047 -0.0849074 -0.0764642 -0.0681394 -0.0602043 -0.0528171 -0.0460432 -0.0400011 -0.034673 -0.0300329 -0.0261251 -0.0228471 -0.0201374 -0.017952 -0.0161375 -0.0146672 -0.0134813 -0.0124865 -0.0117094 -0.0110661 -0.0105319 -0.0101168 -0.00973554 -0.0094278 -0.00915437 -0.00889095 -0.00868067 -0.00845683 -0.00826791 -0.00809044 -0.00790798 -0.0077648 -0.00760016 -0.00746893 -0.0073358 -0.007205 -0.00710146 -0.00697643 -0.00688761 -0.00677997 -0.00669163 -0.00660681 -0.00651475 -0.00644818 -0.00635771 -0.00629942 -0.00621895 -0.00616034 -0.00609529 -0.006033 -0.00598356 -0.00591937 -0.00588169 -0.0058201 -0.00578885 -0.00573434 -0.00570499 -0.00566043 -0.00563028 -0.00559648 -0.00556474 -0.00554089 -0.00550809 -0.00549251 -0.00545983 -0.00545064 -0.00541937 -0.00541492 -0.0053861 -0.00538517 -0.00535951 -0.00536136 -0.00533919 -0.00534349 -0.00532486 -0.00533156 -0.00531633 -0.00532559 -0.0053135 -0.00532559 -0.00531633 -0.00533156 -0.00532486 -0.00534349 -0.00533919 -0.00536136 -0.00535951 -0.00538517 -0.0053861 -0.00541492 -0.00541937 -0.00545064 -0.00545983 -0.00549251 -0.00550809 -0.00554089 -0.00556474 -0.00559648 -0.00563028 -0.00566043 -0.00570499 -0.00573434 -0.00578885 -0.0058201 -0.00588169 -0.00591937 -0.00598356 -0.006033 -0.00609529 -0.00616034 -0.00621895 -0.00629942 -0.00635771 -0.00644818 -0.00651475 -0.00660681 -0.00669163 -0.00677997 -0.00688761 -0.00697643 -0.00710146 -0.007205 -0.0073358 -0.00746893 -0.00760015 -0.00776475 -0.00790784 -0.00809005 -0.0082669 -0.00845427 -0.0086745 -0.00887681 -0.00912346 -0.00936345 -0.009608 -0.00987619 -0.0100997 -0.0103267 -0.010502 -0.0106 -0.010649 -0.0105589 -0.0103436 -0.00995767 -0.00929307 -0.00834961 -0.00702514 -0.00527238 -0.00313621 -0.000556696 0.00243147 0.00577069 0.00946823 0.0133646 0.0172846 0.0211153 0.0246354 0.0276696 0.0300902 0.0316789 0.0323312 0.0320733 0.0308665 0.0287132 0.0257298 0.0220346 0.0177759 0.0131551 0.00835971 0.00358214 -0.000989418 -0.00523959 -0.00907986 -0.012411 -0.0151888 -0.0174026 -0.0190079 -0.0199926 
0 -0.0135672 -0.0270302 -0.0402456 -0.0530675 -0.0653644 -0.0770029 -0.0878699 -0.0978784 -0.106933 -0.114909 -0.121655 -0.127044 -0.131013 -0.1335 -0.134431 -0.133808 -0.131672 -0.128068 -0.123125 -0.117002 -0.109848 -0.101951 -0.0936071 -0.0850027 -0.076403 -0.0680624 -0.0601211 -0.0527749 -0.0461207 -0.0401352 -0.034895 -0.0303827 -0.0265341 -0.0233669 -0.020751 -0.0185931 -0.0168596 -0.0154062 -0.0142231 -0.0132695 -0.0124562 -0.0118224 -0.011284 -0.0108269 -0.0104667 -0.0101192 -0.00983946 -0.00957813 -0.00932526 -0.00912091 -0.00889406 -0.0087101 -0.00852483 -0.00834358 -0.00819821 -0.00802844 -0.00790344 -0.00776218 -0.00763961 -0.0075319 -0.00740878 -0.00732385 -0.00720932 -0.00713062 -0.00703485 -0.00695163 -0.00687756 -0.00678927 -0.00673187 -0.0066452 -0.00659572 -0.0065189 -0.00646977 -0.00640809 -0.00635562 -0.00631001 -0.00625447 -0.00622236 -0.00616648 -0.00614366 -0.00609088 -0.00607316 -0.0060264 -0.0060106 -0.00597164 -0.00595592 -0.0059254 -0.00590904 -0.00588674 -0.00586986 -0.00585506 -0.0058382 -0.00582997 -0.00581386 -0.00581126 -0.00579664 -0.00579882 -0.00578637 -0.00579261 -0.00578296 -0.00579261 -0.00578637 -0.00579882 -0.00579664 -0.00581126 -0.00581386 -0.00582997 -0.0058382 -0.00585506 -0.00586986 -0.00588674 -0.00590904 -0.0059254 -0.00595592 -0.00597164 -0.0060106 -0.0060264 -0.00607316 -0.00609088 -0.00614366 -0.00616648 -0.00622236 -0.00625447 -0.00631001 -0.00635562 -0.00640809 -0.00646977 -0.0065189 -0.00659572 -0.0066452 -0.00673187 -0.00678927 -0.00687756 -0.00695163 -0.00703485 -0.00713062 -0.00720932 -0.00732385 -0.00740878 -0.0075319 -0.00763961 -0.00776218 -0.00790344 -0.00802844 -0.0081982 -0.00834354 -0.00852473 -0.00870983 -0.00889333 -0.00911906 -0.00932075 -0.00956762 -0.00981609 -0.0100697 -0.0103669 -0.0106352 -0.0109333 -0.0112114 -0.0114407 -0.011656 -0.0117634 -0.0117908 -0.0117053 -0.0114204 -0.0109551 -0.0101926 -0.00907178 -0.00759516 -0.00566667 -0.00332199 -0.000581697 0.00260147 0.00612145 0.00989208 0.0138089 0.0176349 0.0212336 0.0244829 0.0271553 0.029108 0.0302367 0.0304306 0.0297122 0.0281402 0.0257434 0.0226657 0.0191218 0.0152625 0.0112245 0.00719331 0.00335841 -0.000154415 -0.00328561 -0.00596643 -0.00812573 -0.00979398 -0.0110556 -0.0119194 -0.0123835 
0 -0.0129041 -0.0256851 -0.0382731 -0.0505753 -0.0624546 -0.0738266 -0.084641 -0.0947712 -0.104064 -0.112435 -0.119798 -0.125998 -0.130901 -0.134431 -0.13652 -0.137085 -0.136075 -0.133547 -0.129599 -0.124298 -0.117801 -0.110377 -0.102258 -0.093704 -0.0850013 -0.0763376 -0.0679493 -0.0600776 -0.0527966 -0.0462035 -0.0403613 -0.0352152 -0.0308084 -0.0271055 -0.0239906 -0.0214501 -0.0193516 -0.0176055 -0.0162044 -0.0150227 -0.0140636 -0.0132913 -0.0126189 -0.0120909 -0.0116205 -0.0112092 -0.0108723 -0.0105339 -0.0102629 -0.00999838 -0.00975209 -0.0095503 -0.00932627 -0.00915441 -0.0089672 -0.00879796 -0.0086506 -0.00848163 -0.00835912 -0.00820604 -0.00808914 -0.00796601 -0.00784597 -0.00775323 -0.00763476 -0.00756098 -0.00745506 -0.00738616 -0.00730114 -0.00722833 -0.00716538 -0.00708763 -0.00704153 -0.00696343 -0.00692622 -0.00685411 -0.00681864 -0.00675758 -0.00671949 -0.00667189 -0.00662986 -0.0065956 -0.00655055 -0.00652785 -0.00648184 -0.00646825 -0.00642353 -0.00641667 -0.0063751 -0.00637311 -0.00633592 -0.00633756 -0.00630537 -0.00631 -0.00628292 -0.00629038 -0.00626817 -0.00627864 -0.00626086 -0.00627473 -0.00626086 -0.00627864 -0.00626817 -0.00629038 -0.00628292 -0.00631 -0.00630537 -0.00633756 -0.00633592 -0.00637311 -0.0063751 -0.00641667 -0.00642353 -0.00646825 -0.00648184 -0.00652785 -0.00655055 -0.0065956 -0.00662986 -0.00667189 -0.00671949 -0.00675758 -0.00681864 -0.00685411 -0.00692622 -0.00696343 -0.00704153 -0.00708763 -0.00716538 -0.00722833 -0.00730114 -0.00738616 -0.00745506 -0.00756098 -0.00763476 -0.00775323 -0.00784597 -0.00796601 -0.00808914 -0.00820604 -0.00835912 -0.00848163 -0.0086506 -0.00879795 -0.00896718 -0.00915435 -0.00932608 -0.0095498 -0.00975077 -0.00999512 -0.0102552 -0.0105164 -0.0108347 -0.0111321 -0.0114696 -0.0118098 -0.0121201 -0.0124471 -0.0126986 -0.0129079 -0.0130511 -0.0130556 -0.0129592 -0.0126537 -0.0120852 -0.0112279 -0.00995245 -0.00827434 -0.00618247 -0.00362886 -0.000690679 0.00263262 0.00629299 0.0101024 0.0139407 0.0176465 0.021016 0.0239385 0.0262457 0.0277513 0.0284128 0.0282183 0.0271551 0.0253012 0.0227932 0.0198019 0.0165257 0.0131396 0.0097938 0.00662697 0.00375525 0.00127834 -0.000737178 -0.00227977 -0.00337225 -0.0040706 -0.00446673 -0.00464096 -0.00464102 
0 -0.0120632 -0.024011 -0.0358143 -0.0474228 -0.058741 -0.0697309 -0.0803457 -0.0904347 -0.0998655 -0.108584 -0.116482 -0.123394 -0.129201 -0.133808 -0.137085 -0.138893 -0.139149 -0.137841 -0.135 -0.130705 -0.125098 -0.118347 -0.110683 -0.102405 -0.0937418 -0.0849207 -0.0762339 -0.0678873 -0.0600522 -0.0528916 -0.0464172 -0.0406612 -0.0356698 -0.0313679 -0.0277498 -0.0247538 -0.0222404 -0.0201888 -0.018487 -0.0170613 -0.0159177 -0.0149429 -0.0141466 -0.0134934 -0.0129087 -0.0124418 -0.0120078 -0.0116269 -0.0113038 -0.0109759 -0.0107145 -0.0104464 -0.0102073 -0.00999904 -0.00977412 -0.00960345 -0.00940718 -0.00924703 -0.00909085 -0.00893011 -0.00880815 -0.00865442 -0.00854878 -0.00841617 -0.00831083 -0.00820695 -0.00809678 -0.00801824 -0.00790858 -0.00784481 -0.00774532 -0.00768523 -0.00760356 -0.00754026 -0.00747893 -0.00741105 -0.00736771 -0.00729791 -0.00726743 -0.0072001 -0.00717689 -0.00711617 -0.0070957 -0.00704443 -0.00702388 -0.00698333 -0.00696151 -0.00693167 -0.0069086 -0.00688865 -0.00686501 -0.00685376 -0.00683055 -0.00682676 -0.00680497 -0.0068075 -0.00678805 -0.00679596 -0.00677964 -0.00679211 -0.00677964 -0.00679596 -0.00678805 -0.0068075 -0.00680497 -0.00682676 -0.00683055 -0.00685376 -0.00686501 -0.00688865 -0.0069086 -0.00693167 -0.00696151 -0.00698333 -0.00702388 -0.00704443 -0.0070957 -0.00711617 -0.00717689 -0.0072001 -0.00726743 -0.00729791 -0.00736771 -0.00741105 -0.00747893 -0.00754026 -0.00760356 -0.00768523 -0.00774532 -0.00784481 -0.00790858 -0.00801824 -0.00809678 -0.00820695 -0.00831083 -0.00841617 -0.00854878 -0.00865442 -0.00880815 -0.00893011 -0.00909085 -0.00924703 -0.00940718 -0.00960344 -0.00977407 -0.00999892 -0.0102069 -0.0104455 -0.0107122 -0.0109703 -0.011291 -0.0115988 -0.011949 -0.0123246 -0.0126864 -0.0130913 -0.0134532 -0.0138014 -0.0141187 -0.0143374 -0.0145045 -0.0145329 -0.0143913 -0.0140568 -0.0133936 -0.0123869 -0.0109766 -0.00910015 -0.0068148 -0.00409045 -0.00094334 0.00252525 0.00625725 0.0100889 0.0138259 0.0173577 0.0205157 0.0231179 0.025037 0.0261496 0.0264104 0.0258681 0.0245718 0.0226 0.0201253 0.0173653 0.0144895 0.0116332 0.00898094 0.00669934 0.00482324 0.00335821 0.00237012 0.00185239 0.00168867 0.00179407 0.00211572 0.00254122 0.00296333 
0 -0.0110633 -0.0220618 -0.0329791 -0.0437929 -0.0544579 -0.0649336 -0.0751609 -0.0850597 -0.0945482 -0.103509 -0.111813 -0.119369 -0.126054 -0.131672 -0.136075 -0.139149 -0.140741 -0.140745 -0.139172 -0.136077 -0.131525 -0.125647 -0.118667 -0.110839 -0.102414 -0.0936619 -0.0848286 -0.0761462 -0.0678684 -0.0601479 -0.0530671 -0.0467186 -0.0411 -0.0362121 -0.0320655 -0.0285543 -0.0256233 -0.0231958 -0.021144 -0.0194551 -0.018044 -0.0168564 -0.0158994 -0.015074 -0.0143938 -0.01382 -0.0132964 -0.0128668 -0.0124525 -0.0120886 -0.0117641 -0.0114394 -0.0111762 -0.0109005 -0.0106671 -0.0104497 -0.0102316 -0.0100608 -0.00986398 -0.00971482 -0.00955051 -0.00940362 -0.00927389 -0.00912606 -0.00902087 -0.00888147 -0.00878605 -0.00866664 -0.00857027 -0.0084765 -0.00837657 -0.00830605 -0.0082068 -0.00815192 -0.00806033 -0.00801247 -0.00793452 -0.00788721 -0.00782596 -0.00777605 -0.00773143 -0.00767873 -0.00764854 -0.00759469 -0.00757578 -0.0075231 -0.00751237 -0.00746305 -0.00745801 -0.00741363 -0.00741264 -0.00737411 -0.00737628 -0.0073439 -0.00734898 -0.00732259 -0.00733078 -0.0073099 -0.00732168 -0.00730568 -0.00732168 -0.0073099 -0.00733078 -0.00732259 -0.00734898 -0.0073439 -0.00737628 -0.00737411 -0.00741264 -0.00741363 -0.00745801 -0.00746305 -0.00751237 -0.0075231 -0.00757578 -0.00759469 -0.00764854 -0.00767873 -0.00773143 -0.00777605 -0.00782596 -0.00788721 -0.00793452 -0.00801247 -0.00806033 -0.00815192 -0.0082068 -0.00830605 -0.00837657 -0.0084765 -0.00857027 -0.00866664 -0.00878605 -0.00888147 -0.00902087 -0.00912606 -0.00927389 -0.00940362 -0.00955051 -0.00971482 -0.00986398 -0.0100608 -0.0102316 -0.0104496 -0.010667 -0.0109003 -0.0111756 -0.0114378 -0.0117601 -0.0120793 -0.0124317 -0.0128226 -0.0132067 -0.0136465 -0.0140739 -0.0145117 -0.0149562 -0.0153432 -0.015715 -0.0160006 -0.0161789 -0.0162392 -0.0160699 -0.0156478 -0.0148889 -0.0137084 -0.01212 -0.0100768 -0.00758486 -0.00468526 -0.00137304 0.00225418 0.00604967 0.00987614 0.0135484 0.016909 0.0198238 0.0221209 0.0236677 0.0244237 0.0244013 0.0236341 0.0222039 0.0202593 0.0179712 0.0155227 0.013108 0.0108752 0.00895279 0.00748612 0.00652836 0.00602739 0.00595538 0.00627551 0.00686861 0.00763733 0.00852733 0.00941821 0.0101795 
