0 0 0 0 0 0 0 0 0 0 0 0 0 0 0 0 0 0 0 0 0 0 0 0 0 0 0 0 0 0 0 0 0 0 0 0 0 0 0 0 0 0 0 0 0 0 0 0 0 0 0 0 0 0 0 0 0 0 0 0 0 0 0 0 0 0 0 0 0 0 0 0 0 0 0 0 0 0 0 0 0 0 0 0 0 0 0 0 0 0 0 0 0 0 0 0 0 0 0 0 0 0 0 0 0 0 0 0 0 0 0 0 0 0 0 0 0 0 0 0 0 0 0 0 0 0 0 0 0 0 0 0 0 0 0 0 0 0 0 0 0 0 0 0 0 0 0 0 0 0 0 0 0 0 0 0 0 0 0 0 0 0 0 0 0 0 0 0 0 0 0 0 0 0 0 0 0 0 0 0 0 0 0 0 0 0 0 0 0 0 0 0 0 0 0 0 0 0 0 0 
0 0.00170275 0.00341617 0.00510683 0.00669142 0.00807593 0.00920606 0.0100824 0.0107264 0.0111336 0.0112631 0.0110714 0.0105511 0.00973538 0.00867188 0.00739878 0.00594433 0.00434273 0.0026466 0.000924609 -0.00075341 -0.00233211 -0.00377619 -0.0050651 -0.00618399 -0.00711824 -0.00785439 -0.00838547 -0.00871611 -0.00886344 -0.00885357 -0.00871577 -0.00847707 -0.0081596 -0.00778087 -0.00735578 -0.00689878 -0.00642495 -0.0059496 -0.0054868 -0.00504773 -0.00463958 -0.00426535 -0.00392468 -0.00361511 -0.00333348 -0.00307701 -0.0028438 -0.00263287 -0.00244384 -0.00227638 -0.00212981 -0.00200279 -0.00189333 -0.00179892 -0.0017168 -0.00164429 -0.00157904 -0.00151921 -0.00146354 -0.0014113 -0.00136221 -0.00131632 -0.00127378 -0.00123482 -0.00119958 -0.00116807 -0.00114016 -0.00111559 -0.001094 -0.00107497 -0.00105804 -0.00104278 -0.00102878 -0.00101572 -0.00100334 -0.000991429 -0.000979876 -0.000968608 -0.000957602 -0.00094687 -0.000936446 -0.000926376 -0.000916713 -0.000907507 -0.000898803 -0.000890639 -0.000883042 -0.000876034 -0.000869623 -0.000863815 -0.000858606 -0.000853991 -0.000849958 -0.000846497 -0.000843594 -0.000841238 -0.000839418 -0.000838125 -0.000837352 -0.000837095 -0.000837352 -0.000838125 -0.000839418 -0.000841238 -0.000843594 -0.000846497 -0.000849958 -0.000853991 -0.000858606 -0.000863815 -0.000869623 -0.000876034 -0.000883042 -0.000890639 -0.000898803 -0.000907507 -0.000916713 -0.000926376 -0.000936446 -0.00094687 -0.000957602 -0.000968608 -0.000979876 -0.000991429 -0.00100334 -0.00101572 -0.00102878 -0.00104278 -0.00105804 -0.00107497 -0.001094 -0.00111559 -0.00114016 -0.00116807 -0.00119958 -0.00123482 -0.00127378 -0.00131632 -0.00136221 -0.0014113 -0.00146354 -0.00151921 -0.00157904 -0.00164429 -0.0017168 -0.00179892 -0.00189333 -0.00200279 -0.00212981 -0.00227638 -0.00244384 -0.00263287 -0.0028438 -0.00307701 -0.00333348 -0.00361511 -0.00392468 -0.00426535 -0.00463958 -0.00504773 -0.0054868 -0.0059496 -0.00642495 -0.00689878 -0.00735578 -0.00778087 -0.0081596 -0.00847707 -0.00871577 -0.00885358 -0.00886344 -0.00871611 -0.00838547 -0.00785439 -0.00711824 -0.00618397 -0.00506504 -0.003776 -0.00233156 -0.000751924 0.000928377 0.00265554 0.00436263 0.00598584 0.00747997 0.00882085 0.00999167 0.0109649 0.0116998 0.0121644 0.0123645 0.0123464 0.0121693 0.0118776 0.0115033 0.0110901 0.0107007 0.0103935 0.0101968 
0 0.00341617 0.00681035 0.0101074 0.013177 0.0158833 0.0181387 0.0199116 0.0211908 0.0219492 0.0221441 0.0217436 0.0207469 0.019184 0.0171073 0.0145862 0.0117069 0.00856919 0.00528187 0.00195523 -0.00130621 -0.00440891 -0.00727289 -0.0098336 -0.0120438 -0.0138747 -0.015315 -0.0163699 -0.0170579 -0.0174071 -0.0174533 -0.0172372 -0.0168025 -0.0161938 -0.015455 -0.0146266 -0.0137447 -0.0128395 -0.0119353 -0.0110512 -0.0102014 -0.00939633 -0.00864343 -0.00794743 -0.00731074 -0.0067337 -0.00621475 -0.00575081 -0.0053377 -0.00497058 -0.00464447 -0.00435455 -0.00409648 -0.0038665 -0.00366138 -0.00347845 -0.00331535 -0.00317001 -0.00304053 -0.00292508 -0.00282193 -0.00272944 -0.00264608 -0.00257046 -0.00250139 -0.00243785 -0.00237903 -0.00232429 -0.00227317 -0.00222531 -0.0021805 -0.00213854 -0.00209932 -0.00206273 -0.00202867 -0.00199706 -0.00196776 -0.00194068 -0.00191568 -0.00189264 -0.00187141 -0.00185187 -0.0018339 -0.00181738 -0.00180221 -0.00178828 -0.00177552 -0.00176386 -0.00175323 -0.00174358 -0.00173487 -0.00172707 -0.00172014 -0.00171408 -0.00170884 -0.00170444 -0.00170085 -0.00169806 -0.00169607 -0.00169488 -0.00169449 -0.00169488 -0.00169607 -0.00169806 -0.00170085 -0.00170444 -0.00170884 -0.00171408 -0.00172014 -0.00172707 -0.00173487 -0.00174358 -0.00175323 -0.00176386 -0.00177552 -0.00178828 -0.00180221 -0.00181738 -0.0018339 -0.00185187 -0.00187141 -0.00189264 -0.00191568 -0.00194068 -0.00196776 -0.00199706 -0.00202867 -0.00206273 -0.00209932 -0.00213854 -0.0021805 -0.00222531 -0.00227317 -0.00232429 -0.00237903 -0.00243785 -0.00250139 -0.00257046 -0.00264608 -0.00272944 -0.00282193 -0.00292508 -0.00304053 -0.00317001 -0.00331535 -0.00347845 -0.00366138 -0.0038665 -0.00409648 -0.00435455 -0.00464447 -0.00497058 -0.0053377 -0.00575081 -0.00621475 -0.0067337 -0.00731074 -0.00794743 -0.00864343 -0.00939633 -0.0102014 -0.0110512 -0.0119353 -0.0128395 -0.0137447 -0.0146266 -0.015455 -0.0161938 -0.0168025 -0.0172372 -0.0174533 -0.0174071 -0.0170579 -0.0163699 -0.015315 -0.0138746 -0.0120438 -0.00983342 -0.00727234 -0.00440739 -0.00130223 0.00196495 0.00530412 0.00861708 0.0118037 0.0147701 0.0174356 0.0197353 0.0216186 0.0230455 0.0239906 0.0244578 0.0244943 0.0241848 0.0236296 0.0229266 0.0221707 0.0214575 0.0208733 0.0204791 
0 0.00510683 0.0101074 0.01488 0.0192925 0.0232211 0.0265571 0.0292027 0.0310744 0.0321204 0.0323285 0.0317082 0.0302679 0.0280203 0.0250125 0.0213466 0.0171689 0.0126418 0.00792054 0.00314528 -0.00155383 -0.00605014 -0.0102226 -0.0139671 -0.0172084 -0.0199052 -0.0220476 -0.0236485 -0.0247347 -0.0253416 -0.025512 -0.0252961 -0.0247517 -0.0239422 -0.0229321 -0.0217824 -0.0205464 -0.0192678 -0.0179807 -0.0167114 -0.0154799 -0.0143021 -0.0131905 -0.0121545 -0.0112003 -0.0103309 -0.00954554 -0.00884079 -0.0082109 -0.00764889 -0.00714736 -0.00669928 -0.00629841 -0.00593945 -0.00561803 -0.00533051 -0.00507373 -0.00484482 -0.004641 -0.00445954 -0.00429774 -0.00415298 -0.00402279 -0.00390494 -0.00379748 -0.00369877 -0.0036075 -0.00352267 -0.00344352 -0.00336952 -0.00330028 -0.00323554 -0.00317508 -0.00311875 -0.00306637 -0.00301778 -0.0029728 -0.00293123 -0.00289288 -0.00285753 -0.00282498 -0.00279502 -0.00276747 -0.00274213 -0.00271886 -0.0026975 -0.00267793 -0.00266004 -0.00264374 -0.00262895 -0.00261561 -0.00260365 -0.00259305 -0.00258376 -0.00257575 -0.00256901 -0.00256351 -0.00255925 -0.00255621 -0.00255439 -0.00255379 -0.00255439 -0.00255621 -0.00255925 -0.00256351 -0.00256901 -0.00257575 -0.00258376 -0.00259305 -0.00260365 -0.00261561 -0.00262895 -0.00264374 -0.00266004 -0.00267793 -0.0026975 -0.00271886 -0.00274213 -0.00276747 -0.00279502 -0.00282498 -0.00285753 -0.00289288 -0.00293123 -0.0029728 -0.00301778 -0.00306637 -0.00311875 -0.00317508 -0.00323554 -0.00330028 -0.00336952 -0.00344352 -0.00352267 -0.0036075 -0.00369877 -0.00379748 -0.00390494 -0.00402279 -0.00415298 -0.00429774 -0.00445954 -0.004641 -0.00484482 -0.00507373 -0.00533051 -0.00561803 -0.00593945 -0.00629841 -0.00669928 -0.00714736 -0.00764889 -0.0082109 -0.00884079 -0.00954554 -0.0103309 -0.0112003 -0.0121545 -0.0131905 -0.0143021 -0.0154799 -0.0167114 -0.0179807 -0.0192678 -0.0205464 -0.0217824 -0.0229321 -0.0239422 -0.0247517 -0.0252961 -0.025512 -0.0253416 -0.0247347 -0.0236484 -0.0220476 -0.0199052 -0.0172083 -0.0139667 -0.0102212 -0.00604654 -0.00154493 0.00316598 0.00796584 0.0127351 0.0173497 0.0216766 0.02558 0.0289412 0.031682 0.0337721 0.0352117 0.0360119 0.0362036 0.0358691 0.0351524 0.0342244 0.0332346 0.0322941 0.0314958 0.030933 
0 0.00669142 0.013177 0.0192925 0.0249201 0.0299517 0.0342506 0.037657 0.0400397 0.0413399 0.0415599 0.0407187 0.0388325 0.0359362 0.0321117 0.0274903 0.0222368 0.0165333 0.010567 0.00452211 -0.0014254 -0.0071135 -0.0124025 -0.0171806 -0.0213648 -0.0249008 -0.0277618 -0.0299464 -0.0314767 -0.0323955 -0.0327612 -0.0326418 -0.0321101 -0.0312389 -0.030098 -0.0287534 -0.0272661 -0.0256916 -0.024079 -0.0224698 -0.0208976 -0.0193874 -0.0179564 -0.0166152 -0.0153691 -0.0142195 -0.0131658 -0.0122054 -0.011335 -0.0105505 -0.00984674 -0.00921817 -0.00865842 -0.0081607 -0.00771811 -0.00732383 -0.00697152 -0.00665549 -0.00637083 -0.00611348 -0.00588012 -0.0056681 -0.00547527 -0.00529986 -0.00514033 -0.00499528 -0.00486342 -0.00474346 -0.00463419 -0.00453443 -0.00444308 -0.00435912 -0.00428163 -0.00420983 -0.00414302 -0.00408065 -0.00402225 -0.00396748 -0.00391604 -0.00386773 -0.00382237 -0.00377985 -0.00374006 -0.00370292 -0.00366836 -0.00363631 -0.00360671 -0.0035795 -0.00355461 -0.00353198 -0.00351156 -0.00349328 -0.0034771 -0.00346295 -0.00345078 -0.00344057 -0.00343226 -0.00342584 -0.00342126 -0.00341853 -0.00341762 -0.00341853 -0.00342126 -0.00342584 -0.00343226 -0.00344057 -0.00345078 -0.00346295 -0.0034771 -0.00349328 -0.00351156 -0.00353198 -0.00355461 -0.0035795 -0.00360671 -0.00363631 -0.00366836 -0.00370292 -0.00374006 -0.00377985 -0.00382237 -0.00386773 -0.00391604 -0.00396748 -0.00402225 -0.00408065 -0.00414302 -0.00420983 -0.00428163 -0.00435912 -0.00444308 -0.00453443 -0.00463419 -0.00474346 -0.00486342 -0.00499528 -0.00514033 -0.00529986 -0.00547527 -0.0056681 -0.00588012 -0.00611348 -0.00637083 -0.00665549 -0.00697152 -0.00732383 -0.00771811 -0.0081607 -0.00865842 -0.00921817 -0.00984674 -0.0105505 -0.011335 -0.0122054 -0.0131658 -0.0142195 -0.0153691 -0.0166152 -0.0179564 -0.0193874 -0.0208976 -0.0224698 -0.024079 -0.0256916 -0.0272661 -0.0287534 -0.030098 -0.0312389 -0.0321101 -0.0326418 -0.0327612 -0.0323955 -0.0314767 -0.0299464 -0.0277618 -0.0249007 -0.0213644 -0.0171794 -0.0123994 -0.00710564 -0.00140691 0.00456305 0.0106524 0.016701 0.0225471 0.028032 0.0330053 0.0373326 0.0409088 0.0436757 0.0456278 0.0467965 0.0472365 0.0470385 0.046351 0.0453664 0.0442697 0.0432043 0.0422861 0.0416317 
0 0.00807593 0.0158833 0.0232211 0.0299517 0.0359414 0.0410227 0.0450238 0.0478208 0.0493499 0.0495831 0.0485192 0.046203 0.0427334 0.0382418 0.0328706 0.026777 0.0201463 0.0131903 0.00613264 -0.000813199 -0.007464 -0.0136742 -0.0193301 -0.024342 -0.028643 -0.0321903 -0.03497 -0.0369986 -0.0383203 -0.0389982 -0.0391065 -0.0387229 -0.0379237 -0.0367833 -0.035373 -0.0337614 -0.0320133 -0.0301876 -0.0283354 -0.026499 -0.0247111 -0.0229953 -0.0213676 -0.0198379 -0.0184118 -0.0170917 -0.0158778 -0.0147683 -0.01376 -0.0128483 -0.0120274 -0.0112905 -0.0106304 -0.0100394 -0.00951025 -0.00903584 -0.00860975 -0.00822628 -0.00788044 -0.00756794 -0.0072851 -0.00702871 -0.00679603 -0.00658458 -0.00639218 -0.00621687 -0.00605685 -0.00591051 -0.00577637 -0.00565315 -0.00553967 -0.00543491 -0.00533798 -0.00524812 -0.00516468 -0.00508707 -0.00501485 -0.00494759 -0.00488497 -0.00482665 -0.00477242 -0.00472202 -0.00467527 -0.004632 -0.00459204 -0.00455525 -0.00452151 -0.00449071 -0.00446273 -0.00443749 -0.00441489 -0.00439487 -0.00437736 -0.0043623 -0.00434964 -0.00433934 -0.00433136 -0.00432568 -0.00432227 -0.00432115 -0.00432227 -0.00432568 -0.00433136 -0.00433934 -0.00434964 -0.0043623 -0.00437736 -0.00439487 -0.00441489 -0.00443749 -0.00446273 -0.00449071 -0.00452151 -0.00455525 -0.00459204 -0.004632 -0.00467527 -0.00472202 -0.00477242 -0.00482665 -0.00488497 -0.00494759 -0.00501485 -0.00508707 -0.00516468 -0.00524812 -0.00533798 -0.00543491 -0.00553967 -0.00565315 -0.00577637 -0.00591051 -0.00605685 -0.00621687 -0.00639218 -0.00658458 -0.00679603 -0.00702871 -0.0072851 -0.00756794 -0.00788044 -0.00822628 -0.00860975 -0.00903584 -0.00951025 -0.0100394 -0.0106304 -0.0112905 -0.0120274 -0.0128483 -0.01376 -0.0147683 -0.0158778 -0.0170917 -0.0184118 -0.0198379 -0.0213676 -0.0229953 -0.0247111 -0.026499 -0.0283354 -0.0301876 -0.0320133 -0.0337614 -0.035373 -0.0367833 -0.0379237 -0.0387229 -0.0391065 -0.0389982 -0.0383203 -0.0369986 -0.0349699 -0.0321902 -0.0286426 -0.024341 -0.0193274 -0.0136674 -0.00744775 -0.000776843 0.00620927 0.0133425 0.0204314 0.0272808 0.0337118 0.0395728 0.0447377 0.049094 0.0525469 0.0550528 0.0566492 0.0574401 0.0575521 0.0571166 0.0562854 0.0552411 0.0541748 0.0532553 0.0526132 
0 0.00920606 0.0181387 0.0265571 0.0342506 0.0410227 0.0466976 0.0511402 0.0542495 0.0559378 0.0561424 0.0548705 0.052215 0.0483154 0.0433172 0.0373719 0.0306565 0.0233757 0.0157503 0.00800363 0.000346563 -0.00703416 -0.0139773 -0.0203479 -0.0260423 -0.0309899 -0.035151 -0.0385145 -0.0410933 -0.0429185 -0.0440373 -0.0445108 -0.0444108 -0.043817 -0.0428123 -0.0414778 -0.0398895 -0.0381157 -0.0362159 -0.0342423 -0.0322397 -0.0302467 -0.0282965 -0.0264157 -0.0246251 -0.0229391 -0.0213661 -0.0199093 -0.0185676 -0.0173372 -0.0162125 -0.0151871 -0.0142544 -0.0134083 -0.0126426 -0.0119516 -0.0113294 -0.0107704 -0.0102689 -0.00981889 -0.00941492 -0.0090515 -0.00872358 -0.0084266 -0.0081565 -0.00790988 -0.00768382 -0.00747599 -0.00728445 -0.00710765 -0.00694434 -0.00679343 -0.00665405 -0.00652534 -0.0064066 -0.0062971 -0.00619618 -0.00610322 -0.00601759 -0.00593874 -0.00586612 -0.00579927 -0.00573771 -0.00568108 -0.00562898 -0.00558115 -0.00553728 -0.00549718 -0.00546061 -0.00542744 -0.00539752 -0.00537073 -0.00534697 -0.00532617 -0.00530826 -0.00529319 -0.00528091 -0.00527139 -0.00526461 -0.00526054 -0.0052592 -0.00526054 -0.00526461 -0.00527139 -0.00528091 -0.00529319 -0.00530826 -0.00532617 -0.00534697 -0.00537073 -0.00539752 -0.00542744 -0.00546061 -0.00549718 -0.00553728 -0.00558115 -0.00562898 -0.00568108 -0.00573771 -0.00579927 -0.00586612 -0.00593874 -0.00601759 -0.00610322 -0.00619618 -0.0062971 -0.0064066 -0.00652534 -0.00665405 -0.00679343 -0.00694434 -0.00710765 -0.00728445 -0.00747599 -0.00768382 -0.00790988 -0.0081565 -0.0084266 -0.00872358 -0.0090515 -0.00941492 -0.00981889 -0.0102689 -0.0107704 -0.0113294 -0.0119516 -0.0126426 -0.0134083 -0.0142544 -0.0151871 -0.0162125 -0.0173372 -0.0185676 -0.0199093 -0.0213661 -0.0229391 -0.0246251 -0.0264157 -0.0282965 -0.0302467 -0.0322397 -0.0342423 -0.0362159 -0.0381157 -0.0398895 -0.0414778 -0.0428123 -0.043817 -0.0444108 -0.0445108 -0.0440373 -0.0429185 -0.0410933 -0.0385144 -0.0351507 -0.0309891 -0.02604 -0.020342 -0.0139632 -0.00700229 0.000414491 0.00814011 0.0160088 0.0238379 0.0314372 0.038621 0.0452183 0.0510849 0.0561085 0.0602021 0.0633135 0.0654622 0.0667548 0.0673378 0.0673376 0.0668665 0.0660787 0.0651871 0.0644031 0.0638678 
0 0.0100824 0.0199116 0.0292027 0.037657 0.0450238 0.0511402 0.0559007 0.0592006 0.0609354 0.0610632 0.0596381 0.0567733 0.0525954 0.0472504 0.0409249 0.0338333 0.0261907 0.0182044 0.0100745 0.00199326 -0.00585366 -0.0132919 -0.0201753 -0.0263964 -0.0318845 -0.0366002 -0.040529 -0.0436723 -0.0460462 -0.047684 -0.0486341 -0.0489592 -0.0487332 -0.0480345 -0.046941 -0.0455279 -0.043864 -0.0420123 -0.04003 -0.0379683 -0.0358728 -0.0337831 -0.0317321 -0.0297464 -0.0278459 -0.0260446 -0.0243515 -0.022771 -0.0213044 -0.0199506 -0.0187062 -0.017567 -0.0165274 -0.0155814 -0.0147226 -0.0139442 -0.0132398 -0.0126025 -0.0120263 -0.0115052 -0.0110337 -0.0106068 -0.0102197 -0.00986844 -0.00954917 -0.00925849 -0.00899349 -0.00875137 -0.00852985 -0.00832673 -0.00814019 -0.00796856 -0.00781037 -0.0076644 -0.00752947 -0.00740469 -0.00728913 -0.00718214 -0.00708299 -0.00699118 -0.00690619 -0.00682758 -0.00675499 -0.00668803 -0.00662645 -0.00656993 -0.00651827 -0.00647119 -0.00642857 -0.00639016 -0.00635589 -0.00632553 -0.00629905 -0.00627627 -0.00625717 -0.00624161 -0.0062296 -0.00622102 -0.00621591 -0.00621419 -0.00621591 -0.00622102 -0.0062296 -0.00624161 -0.00625717 -0.00627627 -0.00629905 -0.00632553 -0.00635589 -0.00639016 -0.00642857 -0.00647119 -0.00651827 -0.00656993 -0.00662645 -0.00668803 -0.00675499 -0.00682758 -0.00690619 -0.00699118 -0.00708299 -0.00718214 -0.00728913 -0.00740469 -0.00752947 -0.0076644 -0.00781037 -0.00796856 -0.00814019 -0.00832673 -0.00852985 -0.00875137 -0.00899349 -0.00925849 -0.00954917 -0.00986844 -0.0102197 -0.0106068 -0.0110337 -0.0115052 -0.0120263 -0.0126025 -0.0132398 -0.0139442 -0.0147226 -0.0155814 -0.0165274 -0.017567 -0.0187062 -0.0199506 -0.0213044 -0.022771 -0.0243515 -0.0260446 -0.0278459 -0.0297464 -0.0317321 -0.0337831 -0.0358728 -0.0379683 -0.04003 -0.0420123 -0.043864 -0.0455279 -0.046941 -0.0480345 -0.0487332 -0.0489592 -0.0486341 -0.047684 -0.0460462 -0.0436722 -0.0405288 -0.0365995 -0.0318826 -0.0263914 -0.0201632 -0.0132643 -0.00579416 0.0021142 0.0103064 0.0186239 0.0269078 0.0349936 0.0427097 0.0498753 0.0563156 0.0619017 0.066575 0.0703255 0.0731656 0.0751429 0.0763564 0.0769327 0.076997 0.0766897 0.0761913 0.0756943 0.0753422 
0 0.0107264 0.0211908 0.0310744 0.0400397 0.0478208 0.0542495 0.0592006 0.0625576 0.0642531 0.0643072 0.0627973 0.0598153 0.0554833 0.0499819 0.0435273 0.0363292 0.0285852 0.0204921 0.012242 0.00401879 -0.00400198 -0.0116648 -0.0188439 -0.0254372 -0.0313638 -0.036568 -0.0410168 -0.0446985 -0.0476249 -0.0498247 -0.0513375 -0.052212 -0.0525027 -0.052268 -0.0515721 -0.0504828 -0.049069 -0.0473996 -0.0455388 -0.0435441 -0.0414662 -0.0393469 -0.0372216 -0.0351201 -0.0330666 -0.031082 -0.0291833 -0.0273831 -0.025691 -0.0241119 -0.0226476 -0.0212966 -0.0200548 -0.0189166 -0.0178751 -0.0169234 -0.0160545 -0.0152617 -0.0145392 -0.0138811 -0.0132823 -0.0127382 -0.0122439 -0.0117955 -0.0113886 -0.0110193 -0.0106839 -0.0103788 -0.0101008 -0.0098469 -0.00961452 -0.00940117 -0.00920496 -0.00902398 -0.00885683 -0.00870217 -0.00855891 -0.00842619 -0.00830311 -0.00818915 -0.00808355 -0.00798597 -0.00789579 -0.00781276 -0.00773637 -0.00766639 -0.00760244 -0.00754431 -0.0074917 -0.0074444 -0.00740221 -0.00736492 -0.00733242 -0.0073045 -0.00728111 -0.00726207 -0.00724739 -0.0072369 -0.00723067 -0.00722856 -0.00723067 -0.0072369 -0.00724739 -0.00726207 -0.00728111 -0.0073045 -0.00733242 -0.00736492 -0.00740221 -0.0074444 -0.0074917 -0.00754431 -0.00760244 -0.00766639 -0.00773637 -0.00781276 -0.00789579 -0.00798597 -0.00808355 -0.00818915 -0.00830311 -0.00842619 -0.00855891 -0.00870217 -0.00885683 -0.00902398 -0.00920496 -0.00940117 -0.00961452 -0.0098469 -0.0101008 -0.0103788 -0.0106839 -0.0110193 -0.0113886 -0.0117955 -0.0122439 -0.0127382 -0.0132823 -0.0138811 -0.0145392 -0.0152617 -0.0160545 -0.0169234 -0.0178751 -0.0189166 -0.0200548 -0.0212966 -0.0226476 -0.0241119 -0.025691 -0.0273831 -0.0291833 -0.031082 -0.0330666 -0.0351201 -0.0372216 -0.0393469 -0.0414662 -0.0435441 -0.0455388 -0.0473996 -0.049069 -0.0504828 -0.0515721 -0.052268 -0.0525027 -0.052212 -0.0513374 -0.0498247 -0.0476248 -0.0446983 -0.0410162 -0.0365664 -0.0313597 -0.025427 -0.0188203 -0.0116133 -0.00389604 0.00422447 0.0126188 0.0211441 0.0296531 0.0379904 0.045995 0.0535087 0.0603773 0.0664688 0.0717186 0.0761369 0.0797475 0.0825474 0.0845522 0.0858573 0.0866191 0.086989 0.0870882 0.0870322 0.0869472 
0 0.0111336 0.0219492 0.0321204 0.0413399 0.0493499 0.0559378 0.0609354 0.0642531 0.0658953 0.0659129 0.0643599 0.0613263 0.0569822 0.0515413 0.0451978 0.0381269 0.030517 0.0225637 0.0144506 0.00634793 -0.00159455 -0.00925602 -0.0165304 -0.0233165 -0.0295293 -0.0351042 -0.0399957 -0.0441838 -0.0476696 -0.0504648 -0.0525916 -0.0540815 -0.0549704 -0.0553032 -0.0551333 -0.0545173 -0.0535171 -0.0521951 -0.0506103 -0.0488204 -0.0468779 -0.0448298 -0.0427199 -0.0405853 -0.0384585 -0.0363674 -0.0343337 -0.0323752 -0.030505 -0.0287318 -0.0270621 -0.0254985 -0.0240418 -0.0226912 -0.0214436 -0.0202955 -0.0192419 -0.0182774 -0.017396 -0.0165913 -0.0158575 -0.0151882 -0.0145778 -0.0140209 -0.0135123 -0.0130479 -0.0126233 -0.012235 -0.0118796 -0.0115542 -0.0112562 -0.010983 -0.0107326 -0.0105029 -0.0102923 -0.0100987 -0.00992111 -0.00975779 -0.00960775 -0.00946975 -0.00934288 -0.00922627 -0.00911909 -0.00902078 -0.00893058 -0.00884818 -0.0087729 -0.00870459 -0.00864266 -0.00858708 -0.00853733 -0.00849345 -0.00845502 -0.00842211 -0.00839438 -0.00837191 -0.00835445 -0.00834209 -0.00833463 -0.0083322 -0.00833463 -0.00834209 -0.00835445 -0.00837191 -0.00839438 -0.00842211 -0.00845502 -0.00849345 -0.00853733 -0.00858708 -0.00864266 -0.00870459 -0.0087729 -0.00884818 -0.00893058 -0.00902078 -0.00911909 -0.00922627 -0.00934288 -0.00946975 -0.00960775 -0.00975779 -0.00992111 -0.0100987 -0.0102923 -0.0105029 -0.0107326 -0.010983 -0.0112562 -0.0115542 -0.0118796 -0.012235 -0.0126233 -0.0130479 -0.0135123 -0.0140209 -0.0145778 -0.0151882 -0.0158575 -0.0165913 -0.017396 -0.0182774 -0.0192419 -0.0202955 -0.0214436 -0.0226912 -0.0240418 -0.0254985 -0.0270621 -0.0287318 -0.030505 -0.0323752 -0.0343337 -0.0363674 -0.0384585 -0.0405853 -0.0427199 -0.0448298 -0.0468779 -0.0488204 -0.0506103 -0.0521951 -0.0535171 -0.0545173 -0.0551333 -0.0553032 -0.0549704 -0.0540815 -0.0525916 -0.0504647 -0.0476695 -0.0441833 -0.0399944 -0.0351007 -0.0295208 -0.0232966 -0.0164864 -0.00916432 -0.00141418 0.00668275 0.0150376 0.0235375 0.0320499 0.0404286 0.0485175 0.056181 0.0633234 0.0698637 0.0757229 0.0808571 0.0852648 0.0889399 0.0918649 0.0940807 0.0957162 0.0969129 0.0977485 0.098267 0.0985542 
0 0.0112631 0.0221441 0.0323285 0.0415599 0.0495831 0.0561424 0.0610632 0.0643072 0.0659129 0.0659136 0.0643607 0.0613927 0.0572118 0.0520052 0.045937 0.0391901 0.0319538 0.0243925 0.0166555 0.00888625 0.00120753 -0.00627284 -0.0134485 -0.02023 -0.0265511 -0.032354 -0.037592 -0.0422336 -0.0462526 -0.0496336 -0.0523805 -0.0545072 -0.0560392 -0.0570139 -0.0574702 -0.0574501 -0.0570003 -0.0561668 -0.0549997 -0.0535528 -0.051878 -0.0500286 -0.0480542 -0.0459983 -0.0439007 -0.0417933 -0.0397024 -0.037651 -0.0356556 -0.0337312 -0.0318893 -0.0301382 -0.0284851 -0.0269331 -0.0254844 -0.0241385 -0.0228926 -0.0217436 -0.0206858 -0.0197143 -0.0188227 -0.0180051 -0.0172558 -0.0165689 -0.0159397 -0.0153629 -0.0148344 -0.0143502 -0.0139064 -0.0135001 -0.0131274 -0.0127863 -0.0124733 -0.0121866 -0.0119236 -0.0116824 -0.0114611 -0.0112578 -0.0110713 -0.0108998 -0.0107426 -0.0105981 -0.0104657 -0.0103441 -0.0102331 -0.0101316 -0.0100392 -0.00995541 -0.00987967 -0.00981172 -0.00975106 -0.00969761 -0.00965087 -0.0096109 -0.00957723 -0.00955002 -0.00952883 -0.00951391 -0.00950483 -0.00950194 -0.00950483 -0.00951391 -0.00952883 -0.00955002 -0.00957723 -0.0096109 -0.00965087 -0.00969761 -0.00975106 -0.00981172 -0.00987967 -0.00995541 -0.0100392 -0.0101316 -0.0102331 -0.0103441 -0.0104657 -0.0105981 -0.0107426 -0.0108998 -0.0110713 -0.0112578 -0.0114611 -0.0116824 -0.0119236 -0.0121866 -0.0124733 -0.0127863 -0.0131274 -0.0135001 -0.0139064 -0.0143502 -0.0148344 -0.0153629 -0.0159397 -0.0165689 -0.0172558 -0.0180051 -0.0188227 -0.0197143 -0.0206858 -0.0217436 -0.0228926 -0.0241385 -0.0254844 -0.0269331 -0.0284851 -0.0301382 -0.0318893 -0.0337312 -0.0356556 -0.037651 -0.0397024 -0.0417933 -0.0439007 -0.0459983 -0.0480542 -0.0500286 -0.051878 -0.0535528 -0.0549997 -0.0561668 -0.0570003 -0.0574501 -0.0574702 -0.0570139 -0.0560392 -0.0545072 -0.0523804 -0.0496335 -0.0462522 -0.0422326 -0.0375892 -0.032347 -0.0265345 -0.0201929 -0.0133701 -0.00611648 0.00150176 0.00940924 0.0175347 0.0257945 0.0340834 0.0422923 0.0503071 0.058013 0.0653358 0.0722459 0.0786904 0.0845686 0.0898005 0.0943717 0.0982947 0.101579 0.104259 0.106397 0.108046 0.109231 0.109988 
0 0.0110714 0.0217436 0.0317082 0.0407187 0.0485192 0.0548705 0.0596381 0.0627973 0.0643599 0.0643607 0.0629081 0.0601691 0.0562983 0.0514429 0.0457952 0.0395626 0.032899 0.0259198 0.0187443 0.011485 0.0042425 -0.00287672 -0.00977876 -0.0164014 -0.0226889 -0.0285842 -0.0340428 -0.03902 -0.0434723 -0.0473754 -0.0507159 -0.0534867 -0.0556974 -0.0573629 -0.0585011 -0.0591423 -0.0593195 -0.0590695 -0.0584387 -0.0574713 -0.0562144 -0.0547173 -0.0530236 -0.0511784 -0.0492235 -0.0471953 -0.0451302 -0.0430576 -0.0410036 -0.0389911 -0.0370358 -0.0351523 -0.0333499 -0.0316348 -0.0300123 -0.0284833 -0.0270494 -0.0257095 -0.0244617 -0.0233042 -0.0222327 -0.0212444 -0.0203342 -0.0194976 -0.01873 -0.0180255 -0.0173803 -0.0167883 -0.0162459 -0.0157481 -0.0152912 -0.0148716 -0.0144855 -0.0141308 -0.0138039 -0.0135035 -0.0132264 -0.0129716 -0.0127369 -0.0125211 -0.0123228 -0.0121405 -0.0119736 -0.0118206 -0.0116811 -0.0115535 -0.0114381 -0.0113332 -0.0112391 -0.0111545 -0.0110796 -0.0110133 -0.0109559 -0.0109065 -0.0108654 -0.0108319 -0.0108062 -0.0107877 -0.0107768 -0.0107731 -0.0107768 -0.0107877 -0.0108062 -0.0108319 -0.0108654 -0.0109065 -0.0109559 -0.0110133 -0.0110796 -0.0111545 -0.0112391 -0.0113332 -0.0114381 -0.0115535 -0.0116811 -0.0118206 -0.0119736 -0.0121405 -0.0123228 -0.0125211 -0.0127369 -0.0129716 -0.0132264 -0.0135035 -0.0138039 -0.0141308 -0.0144855 -0.0148716 -0.0152912 -0.0157481 -0.0162459 -0.0167883 -0.0173803 -0.0180255 -0.01873 -0.0194976 -0.0203342 -0.0212444 -0.0222327 -0.0233042 -0.0244617 -0.0257095 -0.0270494 -0.0284833 -0.0300123 -0.0316348 -0.0333499 -0.0351523 -0.0370358 -0.0389911 -0.0410036 -0.0430576 -0.0451302 -0.0471953 -0.0492235 -0.0511784 -0.0530236 -0.0547173 -0.0562144 -0.0574713 -0.0584387 -0.0590695 -0.0593195 -0.0591423 -0.0585011 -0.0573629 -0.0556974 -0.0534867 -0.0507158 -0.0473751 -0.0434715 -0.0390178 -0.0340371 -0.0285706 -0.022658 -0.0163352 -0.00964482 -0.00262105 0.00470347 0.012271 0.0200145 0.0278736 0.0357761 0.0436512 0.0514532 0.0591307 0.0666091 0.0738363 0.0807793 0.0873533 0.093432 0.0989503 0.103924 0.108355 0.112183 0.115351 0.117867 0.119764 0.121036 
0 0.0105511 0.0207469 0.0302679 0.0388325 0.046203 0.052215 0.0567733 0.0598153 0.0613263 0.0613927 0.0601691 0.0577798 0.0543227 0.0499607 0.0449088 0.0393338 0.0333476 0.0270661 0.0205936 0.0140012 0.00736446 0.000766154 -0.00573613 -0.0120864 -0.0182139 -0.0240647 -0.0295969 -0.0347609 -0.0395219 -0.0438534 -0.0477186 -0.0510924 -0.0539606 -0.056309 -0.058143 -0.0594801 -0.0603388 -0.0607517 -0.0607524 -0.0603726 -0.0596529 -0.0586305 -0.0573442 -0.0558394 -0.0541548 -0.0523333 -0.0504152 -0.0484334 -0.0464225 -0.0444079 -0.0424122 -0.0404556 -0.0385505 -0.0367109 -0.0349448 -0.0332586 -0.0316586 -0.0301457 -0.0287233 -0.0273901 -0.026145 -0.0249866 -0.0239103 -0.0229141 -0.0219922 -0.0211415 -0.0203568 -0.0196333 -0.0189677 -0.0183542 -0.0177905 -0.017271 -0.0167937 -0.0163543 -0.0159503 -0.0155788 -0.0152369 -0.014923 -0.0146339 -0.0143691 -0.0141252 -0.0139021 -0.0136971 -0.01351 -0.0133388 -0.013183 -0.0130414 -0.0129132 -0.0127978 -0.0126941 -0.0126023 -0.012521 -0.0124507 -0.01239 -0.0123396 -0.0122983 -0.0122668 -0.012244 -0.0122308 -0.012226 -0.0122308 -0.012244 -0.0122668 -0.0122983 -0.0123396 -0.01239 -0.0124507 -0.012521 -0.0126023 -0.0126941 -0.0127978 -0.0129132 -0.0130414 -0.013183 -0.0133388 -0.01351 -0.0136971 -0.0139021 -0.0141252 -0.0143691 -0.0146339 -0.014923 -0.0152369 -0.0155788 -0.0159503 -0.0163543 -0.0167937 -0.017271 -0.0177905 -0.0183542 -0.0189677 -0.0196333 -0.0203568 -0.0211415 -0.0219922 -0.0229141 -0.0239103 -0.0249866 -0.026145 -0.0273901 -0.0287233 -0.0301457 -0.0316586 -0.0332586 -0.0349448 -0.0367109 -0.0385505 -0.0404556 -0.0424122 -0.0444079 -0.0464225 -0.0484334 -0.0504152 -0.0523333 -0.0541548 -0.0558394 -0.0573442 -0.0586305 -0.0596529 -0.0603726 -0.0607524 -0.0607517 -0.0603388 -0.0594801 -0.058143 -0.056309 -0.0539606 -0.0510923 -0.0477184 -0.0438527 -0.0395202 -0.0347563 -0.0295858 -0.0240393 -0.0181586 -0.0119731 -0.00551655 0.00116799 0.00805977 0.0151411 0.0223703 0.0297132 0.0371461 0.0446293 0.0521429 0.0597038 0.0672895 0.0748108 0.0821882 0.08937 0.0962721 0.102789 0.108861 0.114441 0.119419 0.123657 0.127089 0.129707 0.13147 
0 0.00973538 0.019184 0.0280203 0.0359362 0.0427334 0.0483154 0.0525954 0.0554833 0.0569822 0.0572118 0.0562983 0.0543227 0.0514019 0.0477102 0.0433901 0.038545 0.0333105 0.0278218 0.0221442 0.0163175 0.010398 0.00442323 -0.00157148 -0.00751502 -0.0133454 -0.0190256 -0.0245042 -0.0297352 -0.0346898 -0.0393209 -0.0435826 -0.0474478 -0.0508812 -0.0538584 -0.0563749 -0.05842 -0.0599969 -0.0611223 -0.0618073 -0.0620794 -0.0619712 -0.0615115 -0.0607424 -0.0597008 -0.0584224 -0.05695 -0.0553152 -0.0535549 -0.0517037 -0.0497886 -0.0478424 -0.045888 -0.0439481 -0.0420437 -0.0401867 -0.0383927 -0.0366681 -0.0350197 -0.0334528 -0.0319664 -0.0305647 -0.0292442 -0.0280052 -0.0268459 -0.0257623 -0.0247543 -0.0238157 -0.0229463 -0.0221403 -0.0213954 -0.0207078 -0.0200729 -0.019489 -0.0189499 -0.0184552 -0.0179987 -0.01758 -0.0171943 -0.0168401 -0.0165147 -0.0162156 -0.0159418 -0.0156899 -0.0154604 -0.0152495 -0.0150585 -0.0148836 -0.0147264 -0.0145836 -0.0144566 -0.0143427 -0.0142431 -0.0141557 -0.0140815 -0.0140187 -0.0139683 -0.0139289 -0.0139013 -0.0138844 -0.0138791 -0.0138844 -0.0139013 -0.0139289 -0.0139683 -0.0140187 -0.0140815 -0.0141557 -0.0142431 -0.0143427 -0.0144566 -0.0145836 -0.0147264 -0.0148836 -0.0150585 -0.0152495 -0.0154604 -0.0156899 -0.0159418 -0.0162156 -0.0165147 -0.0168401 -0.0171943 -0.01758 -0.0179987 -0.0184552 -0.0189499 -0.019489 -0.0200729 -0.0207078 -0.0213954 -0.0221403 -0.0229463 -0.0238157 -0.0247543 -0.0257623 -0.0268459 -0.0280052 -0.0292442 -0.0305647 -0.0319664 -0.0334528 -0.0350197 -0.0366681 -0.0383927 -0.0401867 -0.0420437 -0.0439481 -0.045888 -0.0478424 -0.0497886 -0.0517037 -0.0535549 -0.0553152 -0.05695 -0.0584224 -0.0597008 -0.0607424 -0.0615115 -0.0619712 -0.0620794 -0.0618073 -0.0611223 -0.0599969 -0.05842 -0.0563749 -0.0538584 -0.0508811 -0.0474476 -0.0435821 -0.0393195 -0.0346862 -0.0297263 -0.0244835 -0.0189801 -0.0132506 -0.00732866 -0.00122517 0.00503171 0.0114106 0.0179181 0.0245595 0.0313246 0.0382345 0.0453126 0.052547 0.0599474 0.0675472 0.0753018 0.0830919 0.0908392 0.0985088 0.106009 0.11318 0.119868 0.12593 0.131211 0.135564 0.138883 0.141082 
0 0.00867188 0.0171073 0.0250125 0.0321117 0.0382418 0.0433172 0.0472504 0.0499819 0.0515413 0.0520052 0.0514429 0.0499607 0.0477102 0.044795 0.0412661 0.0372344 0.0328564 0.0282186 0.0233571 0.0183298 0.0131714 0.00788483 0.00251154 -0.00289742 -0.00832394 -0.0137246 -0.0190357 -0.0242216 -0.0292344 -0.0340143 -0.0385338 -0.0427573 -0.046639 -0.0501585 -0.0532844 -0.0559846 -0.0582547 -0.0600833 -0.0614714 -0.0624419 -0.0630067 -0.0631933 -0.0630351 -0.0625542 -0.0617897 -0.0607728 -0.0595336 -0.0581136 -0.0565401 -0.0548492 -0.0530739 -0.0512375 -0.0493728 -0.0474975 -0.045633 -0.0437981 -0.0420016 -0.0402606 -0.0385787 -0.0369652 -0.0354253 -0.0339588 -0.0325724 -0.0312612 -0.0300291 -0.028872 -0.0277884 -0.0267773 -0.0258323 -0.0249549 -0.024137 -0.0233794 -0.0226755 -0.022024 -0.0214213 -0.0208631 -0.020349 -0.0198727 -0.0194357 -0.0190312 -0.0186611 -0.0183195 -0.0180076 -0.017721 -0.0174599 -0.0172218 -0.0170055 -0.0168102 -0.0166336 -0.0164765 -0.0163357 -0.0162131 -0.016105 -0.016014 -0.0159363 -0.0158749 -0.0158259 -0.0157926 -0.0157712 -0.0157654 -0.0157712 -0.0157926 -0.0158259 -0.0158749 -0.0159363 -0.016014 -0.016105 -0.0162131 -0.0163357 -0.0164765 -0.0166336 -0.0168102 -0.0170055 -0.0172218 -0.0174599 -0.017721 -0.0180076 -0.0183195 -0.0186611 -0.0190312 -0.0194357 -0.0198727 -0.020349 -0.0208631 -0.0214213 -0.022024 -0.0226755 -0.0233794 -0.024137 -0.0249549 -0.0258323 -0.0267773 -0.0277884 -0.028872 -0.0300291 -0.0312612 -0.0325724 -0.0339588 -0.0354253 -0.0369652 -0.0385787 -0.0402606 -0.0420016 -0.0437981 -0.045633 -0.0474975 -0.0493728 -0.0512375 -0.0530739 -0.0548492 -0.0565401 -0.0581136 -0.0595336 -0.0607728 -0.0617897 -0.0625542 -0.0630351 -0.0631933 -0.0630067 -0.0624419 -0.0614714 -0.0600833 -0.0582547 -0.0559846 -0.0532844 -0.0501585 -0.0466389 -0.0427569 -0.0385328 -0.0340115 -0.0292274 -0.024205 -0.0189986 -0.0136464 -0.0081677 -0.00260245 0.00303811 0.00877486 0.0145995 0.0205141 0.0265621 0.0327659 0.0391494 0.0457925 0.052753 0.0600194 0.0675942 0.0754932 0.0836528 0.0919632 0.100357 0.108746 0.116926 0.124643 0.131699 0.137934 0.143141 0.147105 0.149689 
0 0.00739878 0.0145862 0.0213466 0.0274903 0.0328706 0.0373719 0.0409249 0.0435273 0.0451978 0.045937 0.0457952 0.0449088 0.0433901 0.0412661 0.0385907 0.0354842 0.0320215 0.0282328 0.0241973 0.0199854 0.0155943 0.0110355 0.006347 0.0015234 -0.00342193 -0.00842266 -0.0134426 -0.0184494 -0.0233742 -0.0281809 -0.0328403 -0.0372891 -0.0414928 -0.0454207 -0.0490185 -0.0522674 -0.0551475 -0.0576275 -0.059711 -0.0613904 -0.0626604 -0.0635446 -0.0640486 -0.0641961 -0.0640222 -0.0635449 -0.0628059 -0.0618356 -0.0606604 -0.0593216 -0.0578388 -0.0562455 -0.0545696 -0.052829 -0.0510567 -0.0492651 -0.047478 -0.0457126 -0.0439777 -0.042293 -0.0406592 -0.0390897 -0.0375864 -0.0361513 -0.0347908 -0.0334981 -0.0322809 -0.0311308 -0.0300512 -0.0290379 -0.0280877 -0.0272016 -0.0263714 -0.0256012 -0.0248812 -0.0242152 -0.0235951 -0.0230221 -0.0224916 -0.0220011 -0.0215502 -0.0211331 -0.0207523 -0.0204003 -0.0200814 -0.0197873 -0.0195231 -0.0192809 -0.0190653 -0.0188698 -0.0186981 -0.018545 -0.0184134 -0.0182994 -0.0182051 -0.0181277 -0.0180686 -0.0180261 -0.0180011 -0.0179925 -0.0180011 -0.0180261 -0.0180686 -0.0181277 -0.0182051 -0.0182994 -0.0184134 -0.018545 -0.0186981 -0.0188698 -0.0190653 -0.0192809 -0.0195231 -0.0197873 -0.0200814 -0.0204003 -0.0207523 -0.0211331 -0.0215502 -0.0220011 -0.0224916 -0.0230221 -0.0235951 -0.0242152 -0.0248812 -0.0256012 -0.0263714 -0.0272016 -0.0280877 -0.0290379 -0.0300512 -0.0311308 -0.0322809 -0.0334981 -0.0347908 -0.0361513 -0.0375864 -0.0390897 -0.0406592 -0.042293 -0.0439777 -0.0457126 -0.047478 -0.0492651 -0.0510567 -0.052829 -0.0545696 -0.0562455 -0.0578388 -0.0593216 -0.0606604 -0.0618356 -0.0628059 -0.0635449 -0.0640222 -0.0641961 -0.0640486 -0.0635446 -0.0626604 -0.0613904 -0.059711 -0.0576275 -0.0551475 -0.0522674 -0.0490184 -0.0454206 -0.0414926 -0.0372883 -0.0328381 -0.0281754 -0.0233611 -0.0184197 -0.0133789 -0.0082933 -0.0031737 0.00197384 0.00712083 0.0122966 0.0175514 0.0228937 0.0283663 0.0340475 0.0399745 0.0462084 0.0528699 0.0600119 0.0675962 0.075614 0.0840761 0.0929098 0.101978 0.111132 0.120157 0.12877 0.136711 0.143767 0.14969 0.154206 0.157137 
0 0.00594433 0.0117069 0.0171689 0.0222368 0.026777 0.0306565 0.0338333 0.0363292 0.0381269 0.0391901 0.0395626 0.0393338 0.038545 0.0372344 0.0354842 0.0333311 0.030762 0.0278409 0.02467 0.0212646 0.0176251 0.0137977 0.00978016 0.0055544 0.00117349 -0.00333107 -0.00796182 -0.0126612 -0.0173802 -0.0221018 -0.0267556 -0.0312858 -0.0356724 -0.0398536 -0.0437925 -0.0474757 -0.0508499 -0.0538952 -0.056599 -0.0589224 -0.0608713 -0.0624423 -0.0636271 -0.0644565 -0.0649346 -0.065083 -0.0649374 -0.064507 -0.063833 -0.06294 -0.0618499 -0.0606055 -0.0592198 -0.0577297 -0.056159 -0.0545239 -0.0528583 -0.0511676 -0.0494788 -0.0478026 -0.0461483 -0.0445355 -0.0429608 -0.0414433 -0.0399792 -0.0385772 -0.0372409 -0.0359662 -0.0347632 -0.0336205 -0.0325485 -0.0315364 -0.0305888 -0.0297009 -0.0288692 -0.0280958 -0.0273708 -0.0267009 -0.0260734 -0.0254962 -0.0249573 -0.0244627 -0.0240037 -0.023583 -0.023196 -0.0228417 -0.0225196 -0.0222253 -0.0219619 -0.0217224 -0.0215125 -0.0213236 -0.021163 -0.0210211 -0.0209065 -0.0208092 -0.0207382 -0.0206837 -0.0206549 -0.0206421 -0.0206549 -0.0206837 -0.0207382 -0.0208092 -0.0209065 -0.0210211 -0.021163 -0.0213236 -0.0215125 -0.0217224 -0.0219619 -0.0222253 -0.0225196 -0.0228417 -0.023196 -0.023583 -0.0240037 -0.0244627 -0.0249573 -0.0254962 -0.0260734 -0.0267009 -0.0273708 -0.0280958 -0.0288692 -0.0297009 -0.0305888 -0.0315364 -0.0325485 -0.0336205 -0.0347632 -0.0359662 -0.0372409 -0.0385772 -0.0399792 -0.0414433 -0.0429608 -0.0445355 -0.0461483 -0.0478026 -0.0494788 -0.0511676 -0.0528583 -0.0545239 -0.056159 -0.0577297 -0.0592198 -0.0606055 -0.0618499 -0.06294 -0.063833 -0.064507 -0.0649374 -0.065083 -0.0649346 -0.0644565 -0.0636271 -0.0624423 -0.0608713 -0.0589224 -0.0565989 -0.0538952 -0.0508499 -0.0474756 -0.0437924 -0.0398534 -0.0356718 -0.0312842 -0.0267514 -0.0220916 -0.0173567 -0.01261 -0.00785608 -0.00312476 0.00155424 0.00621957 0.0108821 0.0155342 0.020241 0.0250576 0.0300069 0.0351879 0.0407189 0.0466511 0.0530614 0.0600619 0.0676706 0.0758414 0.0845736 0.0938394 0.103478 0.113255 0.12294 0.132272 0.140945 0.148656 0.155118 0.160065 0.163293 
0 0.00434273 0.00856919 0.0126418 0.0165333 0.0201463 0.0233757 0.0261907 0.0285852 0.030517 0.0319538 0.032899 0.0333476 0.0333105 0.0328564 0.0320215 0.030762 0.0290865 0.0270785 0.024758 0.0221178 0.0192231 0.0161044 0.0127294 0.00913254 0.00535214 0.00135869 -0.00281684 -0.00711226 -0.0115278 -0.0160164 -0.0205059 -0.0249887 -0.0294134 -0.0337137 -0.0378801 -0.041855 -0.0455875 -0.0490744 -0.0522634 -0.0551345 -0.0576908 -0.059892 -0.0617487 -0.0632605 -0.0644104 -0.0652322 -0.0657227 -0.0659012 -0.0658054 -0.065438 -0.0648453 -0.0640466 -0.0630626 -0.0619367 -0.0606724 -0.0593103 -0.0578651 -0.0563529 -0.0548065 -0.0532247 -0.0516412 -0.0500579 -0.0484909 -0.0469562 -0.0454502 -0.0439969 -0.0425849 -0.041233 -0.0399352 -0.0386959 -0.0375207 -0.0363997 -0.0353467 -0.0343448 -0.0334089 -0.0325234 -0.0316973 -0.0309221 -0.0301981 -0.0295254 -0.0288959 -0.0283171 -0.0277748 -0.0272812 -0.0268195 -0.0264031 -0.0260156 -0.0256693 -0.0253503 -0.0250684 -0.0248126 -0.0245902 -0.0243933 -0.0242266 -0.0240852 -0.0239714 -0.0238827 -0.0238201 -0.0237824 -0.02377 -0.0237824 -0.0238201 -0.0238827 -0.0239714 -0.0240852 -0.0242266 -0.0243933 -0.0245902 -0.0248126 -0.0250684 -0.0253503 -0.0256693 -0.0260156 -0.0264031 -0.0268195 -0.0272812 -0.0277748 -0.0283171 -0.0288959 -0.0295254 -0.0301981 -0.0309221 -0.0316973 -0.0325234 -0.0334089 -0.0343448 -0.0353467 -0.0363997 -0.0375207 -0.0386959 -0.0399352 -0.041233 -0.0425849 -0.0439969 -0.0454502 -0.0469562 -0.0484909 -0.0500579 -0.0516412 -0.0532247 -0.0548065 -0.0563529 -0.0578651 -0.0593103 -0.0606724 -0.0619367 -0.0630626 -0.0640466 -0.0648453 -0.065438 -0.0658054 -0.0659012 -0.0657227 -0.0652322 -0.0644104 -0.0632605 -0.0617487 -0.059892 -0.0576908 -0.0551345 -0.0522634 -0.0490744 -0.0455875 -0.0418549 -0.0378799 -0.0337132 -0.0294122 -0.0249855 -0.020498 -0.0159981 -0.0114872 -0.00702695 -0.00264754 0.00167659 0.00591722 0.0100847 0.0142543 0.0184355 0.0226457 0.0269816 0.0315033 0.0362708 0.0414437 0.0471531 0.0534324 0.0603413 0.0679617 0.0762919 0.0852847 0.094885 0.104937 0.115176 0.125342 0.135185 0.144382 0.152552 0.159376 0.164613 0.168051 
0 0.0026466 0.00528187 0.00792054 0.010567 0.0131903 0.0157503 0.0182044 0.0204921 0.0225637 0.0243925 0.0259198 0.0270661 0.0278218 0.0282186 0.0282328 0.0278409 0.0270785 0.0259429 0.0244022 0.0225203 0.0203674 0.0179172 0.0151833 0.0122206 0.00899876 0.00551968 0.00185951 -0.00198466 -0.0060089 -0.0101375 -0.0143669 -0.0186799 -0.0229897 -0.0272815 -0.0315194 -0.0356218 -0.039587 -0.0433732 -0.0469229 -0.0502466 -0.0532938 -0.0560383 -0.0584924 -0.0606089 -0.062402 -0.0638766 -0.0650111 -0.0658478 -0.0663772 -0.0666182 -0.0666081 -0.0663381 -0.0658593 -0.0651796 -0.0643207 -0.0633252 -0.062189 -0.0609615 -0.0596461 -0.0582659 -0.0568496 -0.0553918 -0.0539329 -0.0524615 -0.0510052 -0.0495678 -0.0481519 -0.0467798 -0.0454354 -0.0441478 -0.042898 -0.0417064 -0.0405646 -0.0394762 -0.0384476 -0.0374661 -0.0365495 -0.0356755 -0.0348659 -0.0340974 -0.0333882 -0.0327205 -0.0321048 -0.031532 -0.0310032 -0.0305185 -0.0300705 -0.0296673 -0.0292948 -0.0289669 -0.0286653 -0.0284075 -0.0281729 -0.0279809 -0.02781 -0.0276807 -0.0275713 -0.0275024 -0.0274528 -0.0274433 -0.0274528 -0.0275024 -0.0275713 -0.0276807 -0.02781 -0.0279809 -0.0281729 -0.0284075 -0.0286653 -0.0289669 -0.0292948 -0.0296673 -0.0300705 -0.0305185 -0.0310032 -0.031532 -0.0321048 -0.0327205 -0.0333882 -0.0340974 -0.0348659 -0.0356755 -0.0365495 -0.0374661 -0.0384476 -0.0394762 -0.0405646 -0.0417064 -0.042898 -0.0441478 -0.0454354 -0.0467798 -0.0481519 -0.0495678 -0.0510052 -0.0524615 -0.0539329 -0.0553918 -0.0568496 -0.0582659 -0.0596461 -0.0609615 -0.062189 -0.0633252 -0.0643207 -0.0651796 -0.0658593 -0.0663381 -0.0666081 -0.0666182 -0.0663772 -0.0658478 -0.0650111 -0.0638766 -0.062402 -0.0606089 -0.0584924 -0.0560383 -0.0532938 -0.0502466 -0.0469229 -0.0433732 -0.039587 -0.0356217 -0.031519 -0.0272806 -0.0229873 -0.018674 -0.0143527 -0.0101057 -0.00594099 -0.00184754 0.00212158 0.0059939 0.00981202 0.0135453 0.0172402 0.0209786 0.0247664 0.0286725 0.0328389 0.0373431 0.042279 0.047812 0.0540307 0.0609445 0.0686085 0.0770719 0.0862814 0.0961195 0.106422 0.116944 0.12741 0.137545 0.147017 0.155429 0.162441 0.167819 0.171349 
