0 0 0 0 0 0 0 0 0 0 0 0 0 0 0 0 0 0 0 0 0 0 0 0 0 0 0 0 0 0 0 0 0 0 0 0 0 0 0 0 0 0 0 0 0 0 0 0 0 0 0 0 0 0 0 0 0 0 0 0 0 0 0 0 0 0 0 0 0 0 0 0 0 0 0 0 0 0 0 0 0 0 0 0 0 0 0 0 0 0 0 0 0 0 0 0 0 0 0 0 0 0 0 0 0 0 0 0 0 0 0 0 0 0 0 0 0 0 0 0 0 0 0 0 0 0 0 0 0 0 0 0 0 0 0 0 0 0 0 0 0 0 0 0 0 0 0 0 0 0 0 0 0 0 0 0 0 0 0 0 0 0 0 0 0 0 0 0 0 0 0 0 0 0 0 0 0 0 0 0 0 0 0 0 0 0 0 0 0 0 0 0 0 0 0 0 0 0 0 0 
0 7.61489e-05 7.87118e-05 0.000120408 0.00021078 0.00024457 0.000279315 0.000360602 0.00041326 0.000489898 0.000607695 0.000662386 0.000752973 0.000934682 0.00106227 0.00122394 0.00149386 0.00172696 0.00199843 0.00236593 0.00272926 0.00315475 0.0036116 0.0040524 0.00454826 0.00495407 0.00525702 0.00553151 0.00560732 0.00549555 0.00519466 0.00463191 0.00389596 0.00288881 0.00165442 0.000334993 -0.00111284 -0.00255359 -0.00396603 -0.00528412 -0.00633987 -0.00719868 -0.00777374 -0.00809176 -0.00817289 -0.00794356 -0.00754529 -0.00695683 -0.00628864 -0.00558855 -0.00482807 -0.00412003 -0.00339895 -0.00277639 -0.00223023 -0.00176639 -0.00142102 -0.00110339 -0.000891041 -0.000683783 -0.000544811 -0.000429993 -0.000337461 -0.000295203 -0.000235326 -0.000234493 -0.000198528 -0.000209263 -0.000192939 -0.000197089 -0.000197674 -0.000189427 -0.000202732 -0.000184374 -0.00020442 -0.00018171 -0.000202251 -0.000181085 -0.000197204 -0.000181817 -0.000190702 -0.000183158 -0.000184031 -0.000184513 -0.000178075 -0.000185534 -0.000173279 -0.000186099 -0.000169739 -0.000186243 -0.000167328 -0.000186082 -0.000165812 -0.000185756 -0.000164939 -0.000185396 -0.000164484 -0.0001851 -0.000164278 -0.000184936 -0.000164222 -0.000184936 -0.000164278 -0.0001851 -0.000164484 -0.000185396 -0.000164939 -0.000185756 -0.000165812 -0.000186082 -0.000167328 -0.000186243 -0.000169739 -0.000186099 -0.000173279 -0.000185534 -0.000178075 -0.000184513 -0.000184031 -0.000183158 -0.000190702 -0.000181817 -0.000197203 -0.000181083 -0.000202245 -0.000181693 -0.000204371 -0.000184245 -0.000202402 -0.000188622 -0.00019579 -0.000192871 -0.000183912 -0.000190809 -0.000162525 -0.000167518 -0.000116592 -9.46436e-05 -1.4514e-05 6.64692e-05 0.000185951 0.000350994 0.000527881 0.000795617 0.00107846 0.00148553 0.00195558 0.00253686 0.00321709 0.00392552 0.0047107 0.00545007 0.00620959 0.00690279 0.00748095 0.00792078 0.00807428 0.00801446 0.00766245 0.00705002 0.00619878 0.00503515 0.00372027 0.00226062 0.000758326 -0.000701488 -0.00215944 -0.00342532 -0.00449254 -0.00535523 -0.00594878 -0.00636907 -0.00651806 -0.00644435 -0.00629051 -0.00597044 -0.00557137 -0.00514392 -0.00466374 -0.00424405 -0.00380859 -0.00336493 -0.00304885 -0.00273003 -0.00241616 -0.00222782 -0.00204137 -0.00185509 -0.00174114 -0.00161891 -0.00152072 -0.0014706 -0.00138303 -0.00132406 -0.00133269 -0.0012934 -0.00122274 -0.00121263 -0.0012216 -0.00119841 
0 7.87118e-05 0.000186443 0.000291593 0.000376174 0.000474057 0.000602102 0.000728452 0.000842454 0.000986309 0.00116489 0.00135221 0.00158181 0.00186181 0.00215643 0.00251213 0.00296449 0.00347405 0.00405677 0.00474574 0.00552336 0.00635764 0.00722386 0.00813575 0.00904357 0.00983172 0.0104813 0.0109482 0.0111107 0.010893 0.0102389 0.00915427 0.00762837 0.00561662 0.00321986 0.000557652 -0.0022607 -0.00511179 -0.00790395 -0.0104419 -0.0125806 -0.0142559 -0.0154139 -0.016077 -0.0162029 -0.0158179 -0.0150118 -0.0138763 -0.0125672 -0.0111379 -0.00966887 -0.00821229 -0.00681271 -0.00556165 -0.00446357 -0.00356701 -0.00283349 -0.00224578 -0.00178265 -0.00139935 -0.00111409 -0.000877704 -0.000717126 -0.00059316 -0.000512864 -0.00046256 -0.000423235 -0.000410758 -0.000388354 -0.000390142 -0.000375577 -0.000379525 -0.000371268 -0.000372288 -0.000370391 -0.000367136 -0.000370865 -0.000363933 -0.000371608 -0.00036247 -0.000372044 -0.000362325 -0.000371949 -0.000362995 -0.000371333 -0.000364031 -0.000370331 -0.000365105 -0.000369118 -0.000366028 -0.000367862 -0.000366721 -0.000366695 -0.000367186 -0.000365713 -0.000367465 -0.000364977 -0.000367611 -0.000364523 -0.000367671 -0.00036437 -0.000367671 -0.000364523 -0.000367611 -0.000364977 -0.000367465 -0.000365713 -0.000367186 -0.000366695 -0.000366721 -0.000367862 -0.000366028 -0.000369118 -0.000365105 -0.000370331 -0.000364031 -0.000371333 -0.000362995 -0.000371949 -0.000362325 -0.000372044 -0.00036247 -0.000371606 -0.000363928 -0.00037085 -0.000367093 -0.000370276 -0.000371984 -0.000370507 -0.000377692 -0.000371348 -0.000380802 -0.000368622 -0.000370916 -0.000346411 -0.000321205 -0.000264774 -0.000177841 -5.34988e-05 0.000136134 0.000371324 0.000697764 0.00108855 0.00159454 0.00221894 0.00299981 0.00397294 0.00511933 0.00645145 0.00788286 0.00938649 0.0108936 0.0123542 0.0137227 0.0148618 0.0156785 0.0160311 0.0158738 0.0152049 0.0139938 0.0122684 0.0100254 0.00738789 0.00452463 0.00155507 -0.00138052 -0.0041943 -0.00672541 -0.00883588 -0.0105188 -0.0117536 -0.0125436 -0.0128855 -0.0128211 -0.0124847 -0.0119151 -0.0111403 -0.0102667 -0.00936599 -0.00847892 -0.00761531 -0.00680887 -0.00611733 -0.00550095 -0.00493613 -0.00447313 -0.00408961 -0.00375002 -0.00347826 -0.00326777 -0.00308284 -0.00292336 -0.00280974 -0.00271616 -0.00260609 -0.0025299 -0.00251328 -0.0024761 -0.00241967 -0.00240805 
0 0.000120408 0.000291593 0.00043913 0.000560482 0.00073174 0.000915522 0.00108151 0.00129228 0.00152463 0.00175953 0.00207171 0.00242847 0.00280624 0.00329802 0.00387179 0.0045096 0.00530242 0.00619769 0.00719373 0.00835864 0.0095855 0.0108719 0.0122312 0.0135 0.0146503 0.0155992 0.0161831 0.0163746 0.0160042 0.0149936 0.0133837 0.0110607 0.00810319 0.00460472 0.000660464 -0.00346619 -0.00768362 -0.0117658 -0.0154579 -0.0186403 -0.0210946 -0.0228325 -0.0238084 -0.0239812 -0.0234696 -0.0222895 -0.0206756 -0.0187534 -0.0166404 -0.0144945 -0.0123164 -0.0102841 -0.00840899 -0.00678289 -0.0054361 -0.00430521 -0.00343456 -0.0026957 -0.00214026 -0.0016826 -0.00133504 -0.00108893 -0.000888352 -0.000785666 -0.000681754 -0.000652365 -0.000605447 -0.000598233 -0.000584331 -0.000574421 -0.000580369 -0.000561866 -0.000578665 -0.000554852 -0.000574917 -0.000551562 -0.000568843 -0.000550789 -0.00056143 -0.000551381 -0.000553828 -0.000552385 -0.000546911 -0.000553176 -0.000541166 -0.00055347 -0.000536736 -0.000553237 -0.000533533 -0.0005526 -0.000531347 -0.000551748 -0.000529938 -0.000550871 -0.000529083 -0.000550129 -0.00052861 -0.000549638 -0.000528403 -0.000549467 -0.000528403 -0.000549638 -0.00052861 -0.000550129 -0.000529083 -0.000550871 -0.000529938 -0.000551748 -0.000531347 -0.0005526 -0.000533533 -0.000553237 -0.000536736 -0.00055347 -0.000541166 -0.000553176 -0.000546911 -0.000552385 -0.000553828 -0.000551381 -0.000561429 -0.000550786 -0.000568832 -0.000551532 -0.000574832 -0.000554627 -0.000578088 -0.000560448 -0.000577026 -0.000566862 -0.000567961 -0.000564303 -0.000538184 -0.000524927 -0.00045111 -0.000386998 -0.000230045 -4.9417e-05 0.000237837 0.000605443 0.00107497 0.00169535 0.00243192 0.0034057 0.00456805 0.00602924 0.00774453 0.00969103 0.011838 0.0140347 0.0162909 0.0184362 0.0204199 0.0220796 0.0232075 0.0237314 0.0234689 0.022463 0.0206689 0.0180784 0.0148263 0.0109659 0.00677877 0.00243637 -0.00190828 -0.00599257 -0.00971907 -0.0128727 -0.0153744 -0.0172616 -0.0184363 -0.0189953 -0.0190045 -0.0185155 -0.0177198 -0.016639 -0.0153777 -0.014097 -0.012773 -0.0115028 -0.0103513 -0.00926425 -0.00832567 -0.00752373 -0.00679235 -0.00620478 -0.00571998 -0.00528154 -0.00495104 -0.00467501 -0.00441379 -0.00424003 -0.00410098 -0.00393893 -0.00383724 -0.00378982 -0.00370923 -0.00363623 -0.00362983 
0 0.00021078 0.000376174 0.000560482 0.000787415 0.00100823 0.00122034 0.00146394 0.0017574 0.00207855 0.00242266 0.00282897 0.00330044 0.00384304 0.00451092 0.00529332 0.00617738 0.00722337 0.00843112 0.00977345 0.0112605 0.0128768 0.0145843 0.0162886 0.0178982 0.0193553 0.0204974 0.0211757 0.0212969 0.0207196 0.0193666 0.0171632 0.0140839 0.0102311 0.00567416 0.000589241 -0.00479101 -0.0102536 -0.0154878 -0.0202742 -0.0243808 -0.0276093 -0.0299 -0.0311589 -0.0314373 -0.0307961 -0.029345 -0.0273065 -0.024816 -0.022097 -0.0192669 -0.0164503 -0.0137879 -0.0113269 -0.00919445 -0.00736653 -0.00587083 -0.00466029 -0.00367582 -0.00291448 -0.002289 -0.00183467 -0.00147308 -0.00122772 -0.0010539 -0.000934551 -0.000872907 -0.000815667 -0.000805935 -0.000775273 -0.000781124 -0.000763753 -0.000767987 -0.000760698 -0.00075735 -0.00075892 -0.00074778 -0.000756173 -0.00073965 -0.000752018 -0.000733294 -0.000746738 -0.000728684 -0.000740883 -0.00072554 -0.000735013 -0.000723489 -0.000729571 -0.000722181 -0.000724836 -0.000721342 -0.000720942 -0.000720791 -0.000717918 -0.000720418 -0.000715726 -0.00072017 -0.00071431 -0.000720025 -0.000713618 -0.000719977 -0.000713618 -0.000720025 -0.00071431 -0.00072017 -0.000715726 -0.000720418 -0.000717918 -0.000720791 -0.000720942 -0.000721342 -0.000724836 -0.000722181 -0.000729571 -0.000723489 -0.000735013 -0.00072554 -0.000740883 -0.000728684 -0.000746738 -0.000733293 -0.000752015 -0.000739643 -0.000756152 -0.000747722 -0.000758762 -0.00075694 -0.000759672 -0.000765525 -0.000758083 -0.000768601 -0.000748772 -0.000752236 -0.000711539 -0.000679779 -0.000592016 -0.000472871 -0.000284481 -5.45235e-06 0.000359391 0.00087404 0.00150396 0.00233819 0.00335987 0.00465337 0.0062502 0.00816926 0.0104467 0.012989 0.0157802 0.0186744 0.0215903 0.0243996 0.0269166 0.0290043 0.0304132 0.0310202 0.0306825 0.0293208 0.026956 0.0235806 0.019355 0.014429 0.00901554 0.00339818 -0.00220614 -0.00750462 -0.0123029 -0.0164531 -0.0197906 -0.0222821 -0.0239068 -0.0247271 -0.0248521 -0.0243375 -0.0233446 -0.0220319 -0.0204896 -0.0188284 -0.0171343 -0.0155009 -0.0139757 -0.0125483 -0.0112801 -0.0101953 -0.00924334 -0.00842833 -0.00775338 -0.00718151 -0.00669506 -0.00630026 -0.00598751 -0.00570848 -0.00547493 -0.00533684 -0.00520831 -0.00503871 -0.00494919 -0.00492509 -0.00485697 
0 0.00024457 0.000474057 0.00073174 0.00100823 0.00127086 0.00156244 0.00190282 0.00225566 0.00264351 0.00311188 0.00365282 0.00426817 0.00498623 0.00582839 0.00681646 0.0079544 0.00926509 0.0107911 0.01248 0.0142917 0.0162718 0.0183233 0.0203071 0.0221952 0.0238567 0.0251131 0.025817 0.0257932 0.0249676 0.0232147 0.0203978 0.016598 0.0118799 0.0063611 0.000251301 -0.00625626 -0.01279 -0.0190511 -0.0247974 -0.0297275 -0.0336902 -0.0364834 -0.0380519 -0.0384608 -0.0377449 -0.0361179 -0.0337081 -0.0307445 -0.0274607 -0.0239996 -0.0205986 -0.0173235 -0.0143323 -0.011683 -0.00939617 -0.00752145 -0.00595818 -0.00473568 -0.00373857 -0.00296865 -0.0023758 -0.00191454 -0.00160372 -0.00135324 -0.00121708 -0.00109803 -0.00104648 -0.00100008 -0.000976004 -0.000966962 -0.000945538 -0.000954823 -0.000931058 -0.000947487 -0.000924376 -0.000940471 -0.000922245 -0.000933208 -0.000922629 -0.00092613 -0.000923978 -0.000919734 -0.00092523 -0.000914321 -0.000925828 -0.00090998 -0.000925625 -0.000906642 -0.000924742 -0.000904162 -0.000923435 -0.000902376 -0.000921991 -0.000901134 -0.000920672 -0.000900324 -0.000919679 -0.000899867 -0.00091915 -0.000899719 -0.00091915 -0.000899867 -0.000919679 -0.000900324 -0.000920672 -0.000901134 -0.000921991 -0.000902376 -0.000923435 -0.000904162 -0.000924742 -0.000906642 -0.000925625 -0.00090998 -0.000925828 -0.000914321 -0.00092523 -0.000919734 -0.000923977 -0.000926128 -0.000922625 -0.000933194 -0.000922205 -0.000940363 -0.000924091 -0.000946764 -0.000929296 -0.000950697 -0.000936271 -0.000946999 -0.000934791 -0.000918583 -0.000892192 -0.000818447 -0.000732112 -0.000547558 -0.000320256 4.99346e-05 0.000521837 0.0011667 0.00199885 0.00304131 0.00438551 0.00601586 0.00805243 0.0104478 0.0132415 0.0163691 0.0197326 0.0232744 0.0267847 0.0301611 0.0331464 0.0355462 0.0371784 0.0378124 0.0373692 0.0356825 0.0327623 0.0286925 0.0235864 0.0177082 0.0112277 0.00445858 -0.00225117 -0.00864115 -0.0144206 -0.0194628 -0.0236041 -0.026696 -0.0288005 -0.0299615 -0.0302707 -0.0298414 -0.0287726 -0.0272964 -0.0255449 -0.0235703 -0.0215502 -0.0195915 -0.0177185 -0.0159848 -0.0144157 -0.0130348 -0.0118361 -0.0107773 -0.0098887 -0.00916969 -0.00853868 -0.0080096 -0.00761309 -0.00726412 -0.0069459 -0.00672142 -0.00654247 -0.00637216 -0.00627563 -0.00621468 -0.00611527 
0 0.000279315 0.000602102 0.000915522 0.00122034 0.00156244 0.00193766 0.0023503 0.00280173 0.00329019 0.00386999 0.00455426 0.00531861 0.00621536 0.00727657 0.00848875 0.00988861 0.0114973 0.0133019 0.0152948 0.017448 0.0197258 0.0220491 0.0242959 0.0263673 0.0281296 0.0293992 0.0299937 0.0297658 0.0286087 0.0263809 0.023 0.0185129 0.0130117 0.00665282 -0.000384272 -0.0078259 -0.0152862 -0.0224472 -0.0289977 -0.0346775 -0.0392578 -0.0425129 -0.0444002 -0.0449359 -0.0442395 -0.0424812 -0.0398047 -0.0364713 -0.0326887 -0.0287155 -0.0247603 -0.0209539 -0.0174562 -0.0143001 -0.0115775 -0.00927389 -0.00737569 -0.00585716 -0.00462868 -0.00368873 -0.00293869 -0.00239028 -0.00197531 -0.00168266 -0.00148879 -0.00134678 -0.00127669 -0.00121041 -0.00119413 -0.00116218 -0.00116061 -0.0011459 -0.00114233 -0.00113892 -0.00112876 -0.0011336 -0.00111769 -0.00112779 -0.00110892 -0.00112119 -0.00110231 -0.00111409 -0.00109754 -0.00110698 -0.00109416 -0.0011003 -0.00109176 -0.00109436 -0.00109002 -0.00108934 -0.00108872 -0.00108531 -0.00108773 -0.00108226 -0.001087 -0.00108014 -0.00108652 -0.0010789 -0.00108627 -0.00107849 -0.00108627 -0.0010789 -0.00108652 -0.00108014 -0.001087 -0.00108226 -0.00108773 -0.00108531 -0.00108872 -0.00108934 -0.00109002 -0.00109436 -0.00109176 -0.0011003 -0.00109416 -0.00110698 -0.00109754 -0.00111409 -0.00110231 -0.00112119 -0.00110891 -0.00112777 -0.00111762 -0.0011334 -0.00112826 -0.00113768 -0.00113938 -0.00113917 -0.00114586 -0.00113121 -0.00113177 -0.00109016 -0.00105456 -0.00095381 -0.000822643 -0.000599568 -0.000283345 0.000155824 0.000765072 0.00154178 0.00257532 0.00386048 0.00550209 0.00751583 0.00995637 0.0128406 0.0161194 0.0197835 0.0237004 0.0277917 0.0318605 0.0356922 0.0390615 0.0416963 0.0434347 0.0440596 0.0434267 0.0414201 0.0379933 0.0332851 0.027452 0.0207335 0.0133761 0.00566884 -0.00199373 -0.00929645 -0.0159736 -0.021826 -0.026696 -0.0304371 -0.0330499 -0.0346065 -0.0351859 -0.0349013 -0.033897 -0.032365 -0.0304633 -0.0283132 -0.0260532 -0.0237968 -0.0216265 -0.0195875 -0.017715 -0.016051 -0.0145806 -0.0132934 -0.0122058 -0.011282 -0.0104982 -0.00984725 -0.00929609 -0.00885721 -0.00850786 -0.008179 -0.00792714 -0.00778035 -0.00762147 -0.00747176 -0.00742843 
0 0.000360602 0.000728452 0.00108151 0.00146394 0.00190282 0.0023503 0.00282449 0.00338354 0.00402428 0.00473624 0.00553778 0.00647733 0.00759332 0.00886564 0.0103194 0.0120118 0.0139024 0.0159741 0.0182662 0.0207151 0.0232312 0.0257596 0.0281812 0.0303454 0.0320953 0.0332507 0.033651 0.0331385 0.0315599 0.0288248 0.0248873 0.0197635 0.0135716 0.00646731 -0.0013334 -0.0095134 -0.0177289 -0.0256112 -0.0328366 -0.0391379 -0.0442283 -0.0479201 -0.0501171 -0.0508396 -0.0502279 -0.0484048 -0.0455731 -0.0419475 -0.0377822 -0.0333749 -0.0289285 -0.0246572 -0.0206657 -0.0170498 -0.0138807 -0.0111578 -0.00891433 -0.00707486 -0.00562077 -0.0044724 -0.0035799 -0.00291107 -0.00239737 -0.00204628 -0.00178154 -0.00162127 -0.0015047 -0.00143869 -0.00139799 -0.00136725 -0.00135994 -0.00133837 -0.00134333 -0.00132402 -0.00133128 -0.00131484 -0.00131957 -0.00130792 -0.00130797 -0.00130221 -0.00129713 -0.00129717 -0.0012876 -0.00129252 -0.00127966 -0.00128817 -0.00127331 -0.00128413 -0.00126842 -0.00128049 -0.00126478 -0.00127737 -0.00126215 -0.00127484 -0.00126035 -0.00127299 -0.00125923 -0.00127186 -0.0012587 -0.00127148 -0.0012587 -0.00127186 -0.00125923 -0.00127299 -0.00126035 -0.00127484 -0.00126215 -0.00127737 -0.00126478 -0.00128049 -0.00126842 -0.00128413 -0.00127331 -0.00128817 -0.00127966 -0.00129252 -0.0012876 -0.00129717 -0.00129713 -0.00130221 -0.00130795 -0.00130788 -0.00131944 -0.0013145 -0.00133042 -0.00132194 -0.00133851 -0.00132763 -0.00133701 -0.00132027 -0.00130578 -0.00126524 -0.00119211 -0.00108133 -0.000886971 -0.000622576 -0.000215901 0.000317294 0.00105279 0.00200224 0.00322986 0.0047982 0.00674572 0.0091564 0.0120159 0.0153587 0.0191228 0.0232601 0.0276863 0.0322405 0.0367575 0.0409498 0.0445717 0.0473645 0.0491114 0.0496524 0.0487941 0.0464487 0.0425946 0.0373415 0.0309066 0.0235059 0.015432 0.00700642 -0.00141783 -0.00948222 -0.0169179 -0.023488 -0.0290072 -0.0333785 -0.0365525 -0.0385567 -0.0394862 -0.0394612 -0.0386395 -0.0371788 -0.0352334 -0.0329943 -0.0305947 -0.0281098 -0.0256709 -0.0233703 -0.0212194 -0.01926 -0.0175279 -0.0160161 -0.0146999 -0.0135522 -0.0125946 -0.0118105 -0.011114 -0.0105329 -0.0101105 -0.0097491 -0.00942455 -0.00918856 -0.00899041 -0.00883277 -0.00877164 
0 0.00041326 0.000842454 0.00129228 0.0017574 0.00225566 0.00280173 0.00338354 0.00404064 0.00481962 0.00568007 0.00664622 0.00781371 0.00914387 0.0106164 0.0123416 0.0143101 0.0164597 0.0188296 0.0213963 0.0240742 0.0267827 0.0294181 0.0318958 0.0340473 0.035652 0.0365965 0.0367232 0.0358237 0.0337776 0.0305083 0.0260109 0.0203197 0.0135087 0.00578586 -0.00259182 -0.0113311 -0.0200878 -0.0285189 -0.0362727 -0.0430407 -0.0485644 -0.052638 -0.0551601 -0.056134 -0.0556542 -0.0538675 -0.0509576 -0.0471491 -0.0427173 -0.0379501 -0.0331092 -0.0284037 -0.0239701 -0.0199183 -0.0163095 -0.0131916 -0.010574 -0.00842741 -0.00671317 -0.00535399 -0.00430391 -0.00349308 -0.00288641 -0.00244085 -0.00212043 -0.00190562 -0.00175464 -0.00166661 -0.00160195 -0.00157052 -0.00154401 -0.00153181 -0.00152155 -0.00151321 -0.00151077 -0.00150174 -0.0015036 -0.00149352 -0.0014975 -0.00148726 -0.0014917 -0.00148233 -0.001486 -0.00147828 -0.00148045 -0.00147481 -0.00147521 -0.00147175 -0.00147045 -0.00146904 -0.00146631 -0.0014667 -0.0014629 -0.00146478 -0.0014603 -0.00146335 -0.00145854 -0.00146247 -0.00145766 -0.00146217 -0.00145766 -0.00146247 -0.00145854 -0.00146335 -0.0014603 -0.00146478 -0.0014629 -0.0014667 -0.00146631 -0.00146904 -0.00147045 -0.00147175 -0.00147521 -0.00147481 -0.00148045 -0.00147828 -0.00148599 -0.00148233 -0.00149169 -0.00148725 -0.00149747 -0.00149343 -0.00150336 -0.00150115 -0.00150932 -0.0015098 -0.00151383 -0.00151505 -0.0015091 -0.00150077 -0.00146839 -0.00142147 -0.00132339 -0.00117796 -0.000941427 -0.000602838 -0.000121714 0.000534118 0.00140117 0.00254026 0.00399624 0.00585076 0.00814921 0.0109441 0.0142416 0.018021 0.0222411 0.0268219 0.0316681 0.0366138 0.0414405 0.0458753 0.0496351 0.0524696 0.0541614 0.0545259 0.0534124 0.0507359 0.0465069 0.0408407 0.0339201 0.0260012 0.0173931 0.00843047 -0.000537736 -0.00920246 -0.0172491 -0.0244047 -0.0305091 -0.0354553 -0.0392031 -0.0417317 -0.0430878 -0.0434475 -0.0429344 -0.0416584 -0.0398102 -0.0375667 -0.0350917 -0.0324867 -0.0298413 -0.0273174 -0.0249499 -0.022713 -0.0207066 -0.0189499 -0.0173771 -0.0160143 -0.0148684 -0.0138969 -0.0130819 -0.0123922 -0.0118151 -0.0113575 -0.0109801 -0.0106703 -0.0104573 -0.0103008 -0.0101535 
0 0.000489898 0.000986309 0.00152463 0.00207855 0.00264351 0.00329019 0.00402428 0.00481962 0.00571061 0.00673418 0.00792609 0.00929808 0.0108323 0.0125852 0.0145914 0.0167996 0.0192224 0.0218538 0.0246193 0.0274724 0.0302949 0.0329673 0.0354105 0.0374045 0.0387649 0.0393945 0.0391034 0.0377368 0.0351783 0.0313691 0.0263651 0.0201645 0.0128547 0.00467594 -0.00412625 -0.0132378 -0.0223656 -0.0311825 -0.0392948 -0.0464081 -0.0522541 -0.0566504 -0.0594974 -0.0607392 -0.0604612 -0.0587839 -0.0558964 -0.0520358 -0.0474521 -0.042454 -0.0373006 -0.0322267 -0.0273986 -0.0229253 -0.0189032 -0.0153758 -0.0123809 -0.00990225 -0.00790063 -0.00631704 -0.0050774 -0.00412652 -0.00340305 -0.00286873 -0.00248231 -0.00221205 -0.00203083 -0.00191093 -0.00183681 -0.00178907 -0.00176046 -0.00174156 -0.00172839 -0.00171943 -0.0017105 -0.00170473 -0.0016971 -0.00169235 -0.00168571 -0.00168123 -0.0016758 -0.00167132 -0.00166723 -0.00166268 -0.0016599 -0.00165535 -0.00165372 -0.00164926 -0.00164859 -0.00164435 -0.00164442 -0.0016405 -0.00164116 -0.00163762 -0.00163875 -0.00163562 -0.00163716 -0.00163445 -0.00163637 -0.00163406 -0.00163637 -0.00163445 -0.00163716 -0.00163562 -0.00163875 -0.00163762 -0.00164116 -0.0016405 -0.00164442 -0.00164435 -0.00164859 -0.00164926 -0.00165372 -0.00165535 -0.0016599 -0.00166268 -0.00166723 -0.00167132 -0.00167579 -0.00168121 -0.00168565 -0.0016922 -0.0016967 -0.00170374 -0.00170812 -0.00171395 -0.0017163 -0.00171594 -0.00170838 -0.00168753 -0.00164706 -0.00157095 -0.00144663 -0.00124837 -0.000953837 -0.000532049 5.15217e-05 0.000832434 0.00186464 0.00319879 0.00491029 0.00706174 0.00971261 0.0128954 0.0166001 0.0208036 0.0254331 0.0304152 0.0356163 0.0408532 0.045892 0.0504391 0.0542368 0.0570143 0.0585584 0.0586859 0.0572562 0.0542524 0.0496922 0.0436989 0.0364449 0.0281689 0.0192302 0.00994072 0.000621939 -0.00843023 -0.016934 -0.0245694 -0.0311841 -0.0366876 -0.0409894 -0.0440789 -0.0459591 -0.0467664 -0.046656 -0.045696 -0.0440729 -0.0419726 -0.0395221 -0.0368838 -0.0341496 -0.0314275 -0.0288404 -0.0263925 -0.0241239 -0.0220985 -0.0202963 -0.0187204 -0.0173559 -0.0161664 -0.0151862 -0.0143812 -0.0136667 -0.0130788 -0.012639 -0.0122798 -0.0119884 -0.0117756 -0.0116222 
0 0.000607695 0.00116489 0.00175953 0.00242266 0.00311188 0.00386999 0.00473624 0.00568007 0.00673418 0.00797277 0.00937834 0.0109324 0.0127243 0.0147841 0.0170335 0.0194883 0.0221774 0.0250086 0.0279257 0.0308702 0.033711 0.0363464 0.0386103 0.0403199 0.0413629 0.0415535 0.0407498 0.038859 0.0357484 0.0314345 0.0259451 0.0192909 0.0116302 0.00313742 -0.00590948 -0.0152149 -0.0245498 -0.0335462 -0.0418681 -0.0492006 -0.0552752 -0.0599683 -0.0631141 -0.0646642 -0.0646451 -0.063147 -0.0603951 -0.0565744 -0.0519662 -0.0468385 -0.0414556 -0.0360911 -0.0308999 -0.0260568 -0.0216354 -0.0177185 -0.0143521 -0.0115237 -0.00923285 -0.00738974 -0.0059554 -0.00483628 -0.0039851 -0.00334896 -0.00287672 -0.00255072 -0.00231493 -0.00216993 -0.00206577 -0.00200894 -0.00196739 -0.00194425 -0.00192869 -0.00191483 -0.00190938 -0.00189699 -0.00189544 -0.00188337 -0.00188313 -0.00187201 -0.00187179 -0.00186236 -0.0018615 -0.00185416 -0.00185241 -0.0018472 -0.00184459 -0.00184135 -0.00183805 -0.0018365 -0.00183275 -0.00183258 -0.00182863 -0.00182957 -0.0018256 -0.00182743 -0.00182361 -0.00182614 -0.00182263 -0.00182572 -0.00182263 -0.00182614 -0.00182361 -0.00182743 -0.0018256 -0.00182957 -0.00182863 -0.00183258 -0.00183275 -0.0018365 -0.00183805 -0.00184135 -0.00184459 -0.0018472 -0.00185241 -0.00185415 -0.0018615 -0.00186236 -0.00187177 -0.00187198 -0.00188303 -0.0018831 -0.00189477 -0.00189535 -0.00190554 -0.00190622 -0.00191013 -0.00190586 -0.0018912 -0.00186393 -0.00180113 -0.00170673 -0.00153686 -0.00129473 -0.000924408 -0.000418246 0.00027942 0.00120441 0.00240972 0.00397541 0.00594998 0.00843217 0.0114373 0.0150107 0.0191155 0.0237086 0.0287281 0.0340413 0.0395307 0.0449499 0.0500735 0.054619 0.058316 0.0609465 0.0622464 0.0620786 0.0603232 0.056989 0.0521678 0.0459283 0.0384769 0.0300325 0.0209259 0.0115053 0.00200862 -0.00725106 -0.0160146 -0.0240244 -0.0310585 -0.0370533 -0.0418927 -0.0455328 -0.0480194 -0.0493724 -0.0497301 -0.0492216 -0.0479547 -0.0461127 -0.0438183 -0.0412253 -0.0384981 -0.0356808 -0.0328901 -0.0302662 -0.027801 -0.025508 -0.0234614 -0.0216618 -0.0200682 -0.0186733 -0.017489 -0.0164965 -0.0156662 -0.0149916 -0.014438 -0.0139674 -0.0136025 -0.0133497 -0.013178 
0 0.000662386 0.00135221 0.00207171 0.00282897 0.00365282 0.00455426 0.00553778 0.00664622 0.00792609 0.00937834 0.0109917 0.012806 0.0148755 0.0171733 0.0196596 0.0223639 0.0252643 0.028263 0.031274 0.0342139 0.0369914 0.0394462 0.0413875 0.042732 0.0433382 0.0430024 0.0416415 0.0391658 0.0355217 0.0307248 0.0247642 0.0177625 0.00986129 0.00121322 -0.00789712 -0.0172581 -0.0265979 -0.0355981 -0.0439822 -0.0514007 -0.0576597 -0.0625889 -0.0660224 -0.0679092 -0.0681809 -0.0669651 -0.064424 -0.0607542 -0.0562324 -0.0510623 -0.0455614 -0.0399564 -0.0344728 -0.029294 -0.0245008 -0.0202274 -0.016479 -0.0133177 -0.0107052 -0.00859618 -0.00694096 -0.0056314 -0.00464529 -0.00387677 -0.00332372 -0.00291136 -0.00262727 -0.00243595 -0.0023024 -0.00223005 -0.00216833 -0.00214827 -0.00211667 -0.00211378 -0.00209545 -0.0020947 -0.00208434 -0.00208058 -0.00207642 -0.00206867 -0.00206939 -0.00205835 -0.00206256 -0.00204945 -0.00205578 -0.00204185 -0.00204919 -0.00203544 -0.002043 -0.00203012 -0.00203748 -0.00202583 -0.00203283 -0.00202251 -0.00202922 -0.00202016 -0.00202676 -0.00201874 -0.00202551 -0.00201827 -0.00202551 -0.00201874 -0.00202676 -0.00202016 -0.00202922 -0.00202251 -0.00203283 -0.00202583 -0.00203748 -0.00203012 -0.002043 -0.00203544 -0.00204919 -0.00204185 -0.00205578 -0.00204945 -0.00206256 -0.00205834 -0.00206937 -0.0020686 -0.00207624 -0.00208013 -0.00208323 -0.00209205 -0.0020894 -0.00210051 -0.00208874 -0.00209184 -0.00205894 -0.00202668 -0.00193975 -0.00181541 -0.00160734 -0.00129846 -0.000863522 -0.00024517 0.000563448 0.00165879 0.00305505 0.00487019 0.00714335 0.00995469 0.0133417 0.0172823 0.0217839 0.0267355 0.0320954 0.0376937 0.0433638 0.0488803 0.0539546 0.0583809 0.0618671 0.0642236 0.06522 0.0646909 0.0626171 0.0589857 0.0539369 0.0475602 0.0400164 0.031577 0.0224815 0.0130673 0.00357871 -0.0057354 -0.0145865 -0.0228085 -0.0301856 -0.0365728 -0.0419026 -0.0460997 -0.0492019 -0.0512028 -0.0521281 -0.0521505 -0.0513744 -0.0498943 -0.0478644 -0.0454397 -0.042786 -0.0399879 -0.0371189 -0.0343334 -0.0316957 -0.0291949 -0.0268894 -0.0248333 -0.0230154 -0.0214189 -0.0200371 -0.0188543 -0.0178578 -0.0170353 -0.0163511 -0.0157914 -0.0153774 -0.0150726 -0.0148286 
0 0.000752973 0.00158181 0.00242847 0.00330044 0.00426817 0.00531861 0.00647733 0.00781371 0.00929808 0.0109324 0.012806 0.0149212 0.0172352 0.0197644 0.0225054 0.0254195 0.0284603 0.0315388 0.0345513 0.0374187 0.0400184 0.0421624 0.0437181 0.0445931 0.0446348 0.0437048 0.0417171 0.0386427 0.0344945 0.0292323 0.0229054 0.0156713 0.00764694 -0.000988266 -0.0100479 -0.0193177 -0.0285015 -0.0373779 -0.0456605 -0.0530778 -0.0594414 -0.0645294 -0.0682367 -0.07043 -0.0710531 -0.0701958 -0.0679534 -0.0645662 -0.0602145 -0.0551346 -0.0496014 -0.0438359 -0.0381322 -0.0326343 -0.0275204 -0.0228789 -0.0187675 -0.0152577 -0.0123021 -0.0099212 -0.00800277 -0.0065112 -0.0053535 -0.0044644 -0.00381212 -0.00331401 -0.00298268 -0.00273017 -0.00258282 -0.00246996 -0.00240937 -0.00236594 -0.0023361 -0.0023237 -0.00230065 -0.00230135 -0.00227874 -0.00228436 -0.00226267 -0.00226898 -0.00225011 -0.00225475 -0.00224016 -0.00224192 -0.0022322 -0.00223075 -0.00222578 -0.00222134 -0.00222055 -0.00221367 -0.00221633 -0.00220765 -0.002213 -0.00220315 -0.00221051 -0.00220003 -0.00220884 -0.00219821 -0.00220801 -0.00219761 -0.00220801 -0.00219821 -0.00220884 -0.00220003 -0.00221051 -0.00220315 -0.002213 -0.00220765 -0.00221633 -0.00221367 -0.00222055 -0.00222134 -0.00222578 -0.00223075 -0.0022322 -0.00224192 -0.00224016 -0.00225474 -0.00225007 -0.00226887 -0.00226237 -0.00228361 -0.00227694 -0.00229715 -0.00229129 -0.00230365 -0.00229485 -0.0022845 -0.00225511 -0.00218966 -0.00209409 -0.00191193 -0.00166547 -0.00127091 -0.000749879 -1.2912e-05 0.000948773 0.00221472 0.00385316 0.00591988 0.00852417 0.0116665 0.0154217 0.0197261 0.0245677 0.0298599 0.0354792 0.0413009 0.0470619 0.0525653 0.0575156 0.0616982 0.0649003 0.0668795 0.067498 0.0665893 0.0641681 0.0602864 0.0550308 0.0485786 0.0410644 0.0327462 0.023852 0.0146012 0.00528058 -0.00390123 -0.0127136 -0.0209927 -0.0286025 -0.0353324 -0.0410877 -0.0458336 -0.0495363 -0.0521867 -0.0537741 -0.0543954 -0.0541851 -0.0532085 -0.051578 -0.0494572 -0.0469811 -0.0442697 -0.0414332 -0.038562 -0.0357514 -0.0330924 -0.0306078 -0.0283028 -0.0262358 -0.0244238 -0.0228288 -0.0214473 -0.0202666 -0.0192612 -0.0184503 -0.0178164 -0.0172947 -0.0168872 -0.0166212 
0 0.000934682 0.00186181 0.00280624 0.00384304 0.00498623 0.00621536 0.00759332 0.00914387 0.0108323 0.0127243 0.0148755 0.0172352 0.0197911 0.022564 0.0255234 0.0286001 0.0317029 0.0347653 0.0377136 0.0403963 0.0426691 0.044417 0.0455008 0.0457983 0.0452063 0.0436223 0.0410003 0.037357 0.0326988 0.027033 0.020445 0.013072 0.00506521 -0.00344323 -0.0123189 -0.0213282 -0.0302376 -0.0388409 -0.0469118 -0.0542561 -0.0606345 -0.0658584 -0.0697925 -0.0722892 -0.0733123 -0.0728512 -0.0710133 -0.0679724 -0.0638843 -0.0589939 -0.0535005 -0.0476874 -0.0418079 -0.0360662 -0.0306643 -0.0256795 -0.0212387 -0.0173606 -0.0140821 -0.0113859 -0.00920141 -0.00749405 -0.00614206 -0.00512421 -0.00433639 -0.00376369 -0.00334527 -0.00304845 -0.0028567 -0.00271477 -0.00264284 -0.0025759 -0.00255474 -0.00252037 -0.00251422 -0.00249507 -0.00248926 -0.00247957 -0.00246973 -0.00246726 -0.00245321 -0.00245624 -0.00243926 -0.00244604 -0.00242773 -0.00243663 -0.00241837 -0.00242812 -0.00241092 -0.00242067 -0.00240511 -0.00241442 -0.0024007 -0.00240948 -0.00239752 -0.00240591 -0.00239546 -0.00240375 -0.00239445 -0.00240303 -0.00239445 -0.00240375 -0.00239546 -0.00240591 -0.00239752 -0.00240948 -0.0024007 -0.00241442 -0.00240511 -0.00242067 -0.00241092 -0.00242812 -0.00241837 -0.00243663 -0.00242773 -0.00244604 -0.00243925 -0.00245622 -0.00245313 -0.00246707 -0.00246923 -0.00247835 -0.00248639 -0.00248855 -0.00250002 -0.00249061 -0.00249491 -0.00246043 -0.00242902 -0.00233479 -0.00220842 -0.00198552 -0.00166754 -0.00120811 -0.000567301 0.000279139 0.00141897 0.00287261 0.00476342 0.0071213 0.0100458 0.0135538 0.0176492 0.0223201 0.0274724 0.033058 0.0388989 0.0448395 0.0506256 0.0559963 0.0607315 0.0645787 0.0673783 0.0689174 0.0690679 0.067769 0.0650119 0.0609015 0.0555209 0.0490432 0.0416694 0.0335873 0.0250055 0.0160854 0.00705387 -0.00185852 -0.010498 -0.0187248 -0.0264088 -0.033385 -0.0395141 -0.0447435 -0.0490266 -0.0523142 -0.0546015 -0.0559228 -0.0563378 -0.0559469 -0.0548562 -0.0531553 -0.0509701 -0.0484492 -0.0457206 -0.0428766 -0.0399894 -0.0371844 -0.0345527 -0.0320661 -0.029758 -0.0277099 -0.0258863 -0.0242738 -0.0229167 -0.0217679 -0.0207884 -0.019999 -0.0193704 -0.0188886 -0.018573 
0 0.00106227 0.00215643 0.00329802 0.00451092 0.00582839 0.00727657 0.00886564 0.0106164 0.0125852 0.0147841 0.0171733 0.0197644 0.022564 0.0255332 0.0286468 0.0318078 0.0349011 0.0379004 0.0406759 0.0430283 0.0448763 0.0461217 0.0466243 0.0462807 0.0449986 0.0427544 0.0395417 0.0353415 0.0302139 0.0242261 0.0174628 0.0100738 0.00218258 -0.00609944 -0.0146379 -0.0232636 -0.0317712 -0.0399924 -0.0477824 -0.0549555 -0.0612982 -0.0666113 -0.070731 -0.0735458 -0.0749694 -0.0749667 -0.0735956 -0.0709611 -0.0672325 -0.062591 -0.0572468 -0.0514628 -0.045484 -0.0395717 -0.033906 -0.0286343 -0.0238616 -0.0196403 -0.0160285 -0.0129999 -0.0105429 -0.00857627 -0.00703395 -0.00584345 -0.00492642 -0.0042505 -0.00374138 -0.00339243 -0.00313887 -0.00297916 -0.00286928 -0.00280172 -0.00276129 -0.00272956 -0.00271815 -0.00269727 -0.00269648 -0.00267865 -0.0026808 -0.00266497 -0.00266674 -0.0026536 -0.00265351 -0.00264369 -0.00264121 -0.00263492 -0.00263011 -0.00262717 -0.00262043 -0.00262045 -0.00261232 -0.00261479 -0.00260582 -0.00261029 -0.00260097 -0.00260701 -0.00259775 -0.00260501 -0.00259615 -0.00260435 -0.00259615 -0.00260501 -0.00259775 -0.00260701 -0.00260097 -0.00261029 -0.00260582 -0.00261479 -0.00261232 -0.00262045 -0.00262043 -0.00262717 -0.00263011 -0.00263492 -0.00264121 -0.00264368 -0.00265349 -0.00265355 -0.00266662 -0.00266464 -0.00267999 -0.00267671 -0.00269201 -0.00268734 -0.00269698 -0.0026862 -0.00267602 -0.00264078 -0.00257772 -0.00247212 -0.00229173 -0.00203086 -0.00163181 -0.00109068 -0.000334391 0.000657512 0.00196763 0.00365455 0.00579764 0.00847822 0.01173 0.0155977 0.020041 0.0250362 0.0304929 0.0363038 0.0423121 0.0482865 0.0539925 0.0591568 0.0635638 0.0670088 0.0693117 0.0703372 0.0699872 0.0682614 0.0652029 0.0608905 0.0554468 0.0490357 0.0418649 0.0341198 0.0259353 0.0174551 0.00885252 0.00030025 -0.00805422 -0.0161092 -0.0237443 -0.0308202 -0.0372414 -0.042895 -0.0476938 -0.0516089 -0.0546025 -0.0566659 -0.0577971 -0.0580478 -0.0575626 -0.0564018 -0.0546259 -0.0524187 -0.0499096 -0.0471831 -0.0443477 -0.0414818 -0.0386871 -0.036045 -0.0335656 -0.0312859 -0.0292396 -0.0274261 -0.0258591 -0.0245139 -0.023357 -0.0224123 -0.0216788 -0.0211175 -0.0207139 
0 0.00122394 0.00251213 0.00387179 0.00529332 0.00681646 0.00848875 0.0103194 0.0123416 0.0145914 0.0170335 0.0196596 0.0225054 0.0255234 0.0286468 0.0318287 0.0349702 0.0379966 0.0408173 0.0432599 0.0452062 0.0465602 0.0472068 0.0470642 0.0460109 0.0440115 0.0411286 0.037325 0.0326198 0.0271182 0.0209013 0.0141001 0.00680292 -0.000892544 -0.00883851 -0.0169539 -0.025096 -0.0331142 -0.0409041 -0.0483243 -0.0552502 -0.0614823 -0.0668117 -0.0710991 -0.0742051 -0.0760468 -0.0765467 -0.0756882 -0.0735494 -0.0702412 -0.0659392 -0.0608312 -0.0551507 -0.0491633 -0.0431184 -0.0372445 -0.0317023 -0.0266151 -0.0220665 -0.0181066 -0.014757 -0.0119949 -0.00977087 -0.00801293 -0.00664214 -0.00559058 -0.00479318 -0.0042032 -0.00377572 -0.00347476 -0.00327092 -0.00313324 -0.00304703 -0.00298786 -0.00295307 -0.00292595 -0.00290955 -0.00289451 -0.00288341 -0.00287362 -0.00286369 -0.0028571 -0.00284739 -0.00284319 -0.00283374 -0.00283135 -0.00282241 -0.00282131 -0.00281312 -0.00281292 -0.00280565 -0.00280606 -0.00279979 -0.00280064 -0.00279538 -0.00279661 -0.00279229 -0.00279394 -0.00279047 -0.00279261 -0.00278987 -0.00279261 -0.00279047 -0.00279394 -0.00279229 -0.00279661 -0.00279538 -0.00280064 -0.00279979 -0.00280606 -0.00280565 -0.00281292 -0.00281312 -0.00282131 -0.00282241 -0.00283134 -0.00283373 -0.00284316 -0.00284731 -0.00285689 -0.00286316 -0.00287233 -0.00288038 -0.00288767 -0.00289469 -0.00289495 -0.00289096 -0.00286836 -0.00282632 -0.00274189 -0.00260439 -0.00238327 -0.00205428 -0.001582 -0.000927441 -4.75417e-05 0.00111672 0.00262779 0.00456493 0.0070028 0.0100049 0.0136102 0.017817 0.0225969 0.0278857 0.0335898 0.0395769 0.0456504 0.0515808 0.057102 0.0619751 0.0659886 0.0689519 0.0707238 0.0711864 0.070325 0.068177 0.0648137 0.0603429 0.0548692 0.0485887 0.0416868 0.0343161 0.0266131 0.0186597 0.0105989 0.00253373 -0.00545294 -0.0132245 -0.0207036 -0.0277873 -0.0343818 -0.0403918 -0.0456514 -0.0501211 -0.0537877 -0.0565658 -0.0584449 -0.0594386 -0.0596151 -0.0590796 -0.0578684 -0.0560931 -0.053903 -0.0513846 -0.0486726 -0.0458679 -0.0430146 -0.0402375 -0.0376254 -0.0351709 -0.0329109 -0.0308911 -0.0290949 -0.0275245 -0.0262146 -0.0251415 -0.0242496 -0.0235577 -0.0230977 
0 0.00149386 0.00296449 0.0045096 0.00617738 0.0079544 0.00988861 0.0120118 0.0143101 0.0167996 0.0194883 0.0223639 0.0254195 0.0286001 0.0318078 0.0349702 0.0380372 0.040895 0.0433762 0.0453878 0.0468479 0.04761 0.0475965 0.0467393 0.0449562 0.0422929 0.0387795 0.0344224 0.0293069 0.0235109 0.0171838 0.0104422 0.00331055 -0.00407232 -0.0116024 -0.0192039 -0.026769 -0.0342604 -0.0415562 -0.0485626 -0.0551897 -0.0612372 -0.0665618 -0.0709792 -0.0743636 -0.0766237 -0.0776161 -0.077314 -0.0757005 -0.0728742 -0.0689843 -0.0641797 -0.0587072 -0.0527814 -0.0466901 -0.0406626 -0.0348879 -0.0295263 -0.0246522 -0.0203653 -0.016674 -0.0135988 -0.0110918 -0.00908911 -0.00752465 -0.00630453 -0.00538521 -0.00468577 -0.00418298 -0.00381759 -0.00356913 -0.00340107 -0.00328975 -0.00322199 -0.00317278 -0.00314747 -0.00312206 -0.00311156 -0.00309475 -0.00308831 -0.00307547 -0.0030696 -0.00305959 -0.00305339 -0.00304586 -0.00303926 -0.00303392 -0.00302713 -0.00302364 -0.00301693 -0.00301498 -0.00300859 -0.00300791 -0.00300202 -0.00300241 -0.00299716 -0.0029985 -0.00299395 -0.00299615 -0.00299235 -0.00299536 -0.00299235 -0.00299615 -0.00299395 -0.0029985 -0.00299716 -0.00300241 -0.00300202 -0.00300791 -0.00300859 -0.00301498 -0.00301693 -0.00302364 -0.00302713 -0.00303392 -0.00303926 -0.00304584 -0.00305334 -0.00305946 -0.00306926 -0.00307462 -0.00308628 -0.0030901 -0.00310127 -0.00310021 -0.00310285 -0.00308528 -0.0030572 -0.00299177 -0.00288356 -0.00270527 -0.00242979 -0.0020329 -0.00146441 -0.000701434 0.00033028 0.00166743 0.00340578 0.00560518 0.00834836 0.011687 0.0156295 0.0201803 0.0252623 0.0308269 0.0367322 0.0428329 0.0489083 0.0546952 0.0599651 0.0644567 0.0680101 0.0704338 0.071613 0.0715038 0.0701075 0.0675503 0.0638994 0.0592888 0.0538595 0.0477596 0.0411944 0.0342506 0.0270553 0.0197023 0.0122329 0.00473098 -0.00278853 -0.0102131 -0.0174297 -0.0244195 -0.0310752 -0.0372962 -0.0429525 -0.0479188 -0.0521788 -0.0556479 -0.0582633 -0.0600464 -0.0609738 -0.0611024 -0.0605418 -0.0593375 -0.0575725 -0.05538 -0.0528948 -0.0502274 -0.0474457 -0.0446398 -0.0419111 -0.0393131 -0.0368835 -0.0346547 -0.0326522 -0.0309036 -0.0294042 -0.0281394 -0.0271177 -0.0263298 -0.0257583 
0 0.00172696 0.00347405 0.00530242 0.00722337 0.00926509 0.0114973 0.0139024 0.0164597 0.0192224 0.0221774 0.0252643 0.0284603 0.0317029 0.0349011 0.0379966 0.040895 0.0434374 0.0454959 0.0470015 0.0478592 0.0479529 0.0472099 0.0456015 0.0431466 0.0398587 0.0357581 0.030945 0.0255002 0.0195288 0.0131953 0.0065622 -0.000297524 -0.00728197 -0.0143242 -0.0213245 -0.0282897 -0.0352034 -0.0419675 -0.0485425 -0.0548026 -0.0606424 -0.0659207 -0.0704381 -0.0740991 -0.0767335 -0.078227 -0.0784796 -0.0774187 -0.0751357 -0.0716965 -0.0672881 -0.0620876 -0.056313 -0.0502544 -0.0441213 -0.0381785 -0.0325539 -0.0273931 -0.0227786 -0.0187493 -0.0153561 -0.0125372 -0.0102865 -0.00848916 -0.00710072 -0.00602962 -0.00521818 -0.00462605 -0.00418518 -0.003893 -0.00367618 -0.00355111 -0.00345419 -0.00340594 -0.00336488 -0.00334364 -0.00332652 -0.0033111 -0.00330463 -0.00328861 -0.00328749 -0.00327025 -0.00327198 -0.00325451 -0.00325759 -0.00324099 -0.00324447 -0.00322953 -0.00323286 -0.00322001 -0.00322298 -0.00321233 -0.00321497 -0.00320643 -0.00320892 -0.00320224 -0.00320488 -0.00319974 -0.00320286 -0.00319891 -0.00320286 -0.00319974 -0.00320488 -0.00320224 -0.00320892 -0.00320643 -0.00321497 -0.00321233 -0.00322298 -0.00322001 -0.00323286 -0.00322953 -0.00324447 -0.00324099 -0.00325758 -0.00325448 -0.0032719 -0.00327003 -0.00328694 -0.00328728 -0.00330151 -0.00330408 -0.00331133 -0.00331204 -0.0033017 -0.00328462 -0.00323043 -0.00315474 -0.00300146 -0.00278825 -0.00244235 -0.00197072 -0.00129892 -0.000404657 0.000779848 0.00232659 0.00429306 0.00678975 0.0098387 0.0135226 0.0178 0.022668 0.028045 0.0338287 0.0399031 0.046037 0.052039 0.057607 0.0625314 0.0665924 0.0696021 0.0714511 0.0720063 0.0713109 0.069412 0.0664399 0.0625422 0.0578179 0.0524718 0.0466254 0.0404189 0.0339585 0.0272956 0.0205505 0.0137192 0.0067994 -0.000171558 -0.00716211 -0.0140624 -0.0208405 -0.027445 -0.0337446 -0.039661 -0.0450718 -0.0498555 -0.0539495 -0.0572886 -0.0598368 -0.0615508 -0.0624181 -0.0625347 -0.0619819 -0.0607908 -0.0590599 -0.0569307 -0.054499 -0.0518612 -0.0491353 -0.0463819 -0.043668 -0.0411138 -0.0387522 -0.036574 -0.0346358 -0.0329429 -0.0314831 -0.0303207 -0.0294354 -0.0287609 
