0 0 0 0 0 0 0 0 0 0 0 0 0 0 0 0 0 0 0 0 0 0 0 0 0 0 0 0 0 0 0 0 0 0 0 0 0 0 0 0 0 0 0 0 0 0 0 0 0 0 0 0 0 0 0 0 0 0 0 0 0 0 0 0 0 0 0 0 0 0 0 0 0 0 0 0 0 0 0 0 0 0 0 0 0 0 0 0 0 0 0 0 0 0 0 0 0 0 0 0 0 0 0 0 0 0 0 0 0 0 0 0 0 0 0 0 0 0 0 0 0 0 0 0 0 0 0 0 0 0 0 0 0 0 0 0 0 0 0 0 0 0 0 0 0 0 0 0 0 0 0 0 0 0 0 0 0 0 0 0 0 0 0 0 0 0 0 0 0 0 0 0 0 0 0 0 0 0 0 0 0 0 0 0 0 0 0 0 0 0 0 0 0 0 0 0 0 0 0 0 
0 2.64322e-05 7.24229e-05 0.00011176 0.000106884 0.00013377 0.00022109 0.000244352 0.000241428 0.000322025 0.000374605 0.000383806 0.000456405 0.000521525 0.000578253 0.000683266 0.000764598 0.00087225 0.00101959 0.00114118 0.00135091 0.0015981 0.00181682 0.00216054 0.00253057 0.00288402 0.00333366 0.00377079 0.00422489 0.00466834 0.00499784 0.00531965 0.00548338 0.0054304 0.00523419 0.00476859 0.00411132 0.00320143 0.00203666 0.000791336 -0.000607586 -0.00202365 -0.00342343 -0.00475617 -0.00583697 -0.00675117 -0.00738115 -0.00776982 -0.00791398 -0.0077424 -0.0074086 -0.00685257 -0.00623427 -0.00554476 -0.00480593 -0.00410794 -0.00338029 -0.00277729 -0.00220669 -0.00176356 -0.00139673 -0.00108824 -0.000875416 -0.000658009 -0.00054138 -0.000399948 -0.000340237 -0.000267771 -0.000234469 -0.000214876 -0.000186747 -0.00019922 -0.000168202 -0.000194572 -0.000162728 -0.000189933 -0.000163022 -0.000182953 -0.000165774 -0.000174548 -0.000169201 -0.00016621 -0.000172263 -0.00015904 -0.000174444 -0.000153558 -0.000175625 -0.000149811 -0.000175939 -0.000147551 -0.000175637 -0.000146405 -0.000174994 -0.000145988 -0.000174254 -0.000145966 -0.000173602 -0.000146088 -0.000173163 -0.000146189 -0.000173009 -0.000146189 -0.000173163 -0.000146088 -0.000173602 -0.000145966 -0.000174254 -0.000145988 -0.000174994 -0.000146405 -0.000175637 -0.000147551 -0.000175939 -0.000149811 -0.000175625 -0.000153558 -0.000174444 -0.00015904 -0.000172262 -0.000166207 -0.000169193 -0.000174526 -0.000165715 -0.0001828 -0.000162638 -0.000189011 -0.000160603 -0.000189884 -0.000158302 -0.000179234 -0.000148204 -0.000143929 -0.000109876 -5.90337e-05 -6.42778e-06 0.00011042 0.000206866 0.000398817 0.000571745 0.000847279 0.00114931 0.00154523 0.00204395 0.00260352 0.00329862 0.00398712 0.00475881 0.00548296 0.00619818 0.00686469 0.00737723 0.00776638 0.00785043 0.00771784 0.00729649 0.00660521 0.0056975 0.00448163 0.00314279 0.00167194 0.000193496 -0.00121212 -0.00259234 -0.00374564 -0.00471019 -0.00543526 -0.00590213 -0.00622054 -0.00625593 -0.00612568 -0.00589884 -0.00552565 -0.00513224 -0.00465722 -0.00418071 -0.00378903 -0.00334313 -0.00296457 -0.00267575 -0.00237049 -0.00214153 -0.00193946 -0.00174941 -0.00163344 -0.00149237 -0.00138638 -0.0013517 -0.00125252 -0.00118522 -0.00119315 -0.00112281 -0.00104975 -0.00105715 -0.00104257 -0.00101483 -0.00100649 -0.000974942 -0.000960376 -0.000972134 -0.00095552 
0 7.24229e-05 0.000100106 0.000181955 0.000284393 0.000320175 0.000375334 0.000472337 0.00053757 0.000616364 0.000723536 0.000809078 0.000920631 0.00106282 0.00118415 0.00133285 0.00153879 0.00176949 0.00203127 0.00235183 0.00274866 0.00319973 0.00370744 0.00433234 0.00505118 0.00581923 0.00666261 0.00756706 0.0084695 0.00929272 0.00999822 0.0105556 0.0108397 0.0107614 0.0102947 0.00940828 0.00807486 0.00625443 0.00401952 0.00149467 -0.00123362 -0.00404901 -0.00683928 -0.00941753 -0.0116264 -0.013397 -0.014671 -0.0154494 -0.0156893 -0.0154129 -0.0147018 -0.0136539 -0.0124127 -0.0110356 -0.00960869 -0.00817554 -0.00679962 -0.00555543 -0.00446194 -0.00356457 -0.00282068 -0.00223274 -0.00175495 -0.00137329 -0.00107737 -0.000839879 -0.000676662 -0.000546035 -0.000471593 -0.000410713 -0.00038267 -0.000359768 -0.000348872 -0.00034437 -0.000336763 -0.000340945 -0.000332564 -0.00034062 -0.000331573 -0.000340645 -0.000332137 -0.000340325 -0.000333444 -0.000339589 -0.000334967 -0.000338549 -0.00033637 -0.000337357 -0.00033748 -0.000336153 -0.000338251 -0.000335044 -0.000338719 -0.000334101 -0.000338958 -0.000333369 -0.000339055 -0.000332872 -0.000339081 -0.000332621 -0.000339085 -0.000332621 -0.000339081 -0.000332872 -0.000339055 -0.000333369 -0.000338958 -0.000334101 -0.000338719 -0.000335044 -0.000338251 -0.000336153 -0.00033748 -0.000337357 -0.00033637 -0.000338549 -0.000334967 -0.000339589 -0.000333442 -0.000340319 -0.000332119 -0.000340594 -0.000331435 -0.000340265 -0.000331688 -0.000338867 -0.000332038 -0.000334074 -0.000327391 -0.000316894 -0.000300876 -0.000261652 -0.000212205 -0.000114999 7.85302e-06 0.000200814 0.000442034 0.000766931 0.00117151 0.00167867 0.00232164 0.00311114 0.00409805 0.00525407 0.00658423 0.00801331 0.00949339 0.0109685 0.0123719 0.0136581 0.0146941 0.0153811 0.0155917 0.01528 0.0144514 0.0130959 0.0112471 0.00891907 0.00624084 0.00337636 0.000466476 -0.00236026 -0.00502125 -0.00736121 -0.0092682 -0.010717 -0.0117142 -0.0122869 -0.0124204 -0.0121842 -0.011701 -0.0110279 -0.010212 -0.00931139 -0.00841981 -0.00757703 -0.00675542 -0.00600291 -0.00535861 -0.00479446 -0.00429617 -0.00387674 -0.00355211 -0.00327577 -0.00301946 -0.00283155 -0.00267937 -0.00252326 -0.00241107 -0.00232132 -0.00223202 -0.00218608 -0.00213898 -0.00205886 -0.00201427 -0.00200082 -0.00197059 -0.00194761 -0.00193743 -0.00191639 
0 0.00011176 0.000181955 0.000269578 0.000396337 0.00049274 0.000572779 0.000703615 0.000833391 0.000934154 0.00107853 0.00124053 0.00138956 0.00159094 0.00181211 0.00203948 0.00235199 0.0027007 0.00308748 0.0035997 0.00417949 0.00485157 0.00567622 0.00659007 0.00764513 0.00882206 0.0100443 0.0113686 0.012668 0.013847 0.0148994 0.0156413 0.0160075 0.0158794 0.0151258 0.0137928 0.0117573 0.00905053 0.00578691 0.00202995 -0.00196818 -0.00611834 -0.0101988 -0.0139426 -0.0172262 -0.0198174 -0.021728 -0.022876 -0.0232286 -0.0228805 -0.0218409 -0.0203626 -0.0185266 -0.0165017 -0.0144002 -0.0122578 -0.0102542 -0.00837356 -0.00677008 -0.00539828 -0.00427945 -0.00339123 -0.00264829 -0.00209808 -0.00161935 -0.00129577 -0.00101936 -0.000846548 -0.000718418 -0.000631152 -0.00059339 -0.000543643 -0.000549263 -0.000513298 -0.000533079 -0.000504847 -0.00052348 -0.000504109 -0.000514643 -0.000505852 -0.000506122 -0.000507984 -0.000498586 -0.000509588 -0.000492541 -0.000510329 -0.000488113 -0.000510225 -0.000485145 -0.00050948 -0.000483337 -0.000508369 -0.000482357 -0.000507158 -0.000481903 -0.000506067 -0.00048174 -0.000505256 -0.000481705 -0.000504827 -0.000481703 -0.000504827 -0.000481705 -0.000505256 -0.00048174 -0.000506067 -0.000481903 -0.000507158 -0.000482357 -0.000508369 -0.000483337 -0.00050948 -0.000485145 -0.000510225 -0.000488113 -0.000510329 -0.000492541 -0.000509586 -0.000498582 -0.000507971 -0.000506085 -0.000505751 -0.000514381 -0.000503447 -0.000521876 -0.000501114 -0.000524748 -0.000495471 -0.00051272 -0.000471936 -0.000458787 -0.000389559 -0.000303858 -0.000166239 4.94394e-05 0.000315036 0.000717197 0.00117918 0.00182236 0.00257685 0.00355825 0.00475744 0.00621246 0.00795683 0.00988545 0.0120236 0.0141857 0.0163746 0.0184457 0.0202974 0.0218187 0.0227629 0.0230849 0.0226087 0.0213751 0.0193787 0.0166078 0.0132241 0.00928694 0.00509332 0.000819963 -0.00337315 -0.00723923 -0.0106974 -0.0135253 -0.0156918 -0.0172279 -0.0180701 -0.018347 -0.018084 -0.0174009 -0.0164664 -0.0152755 -0.0139912 -0.0126979 -0.0114005 -0.0102157 -0.00911208 -0.00811737 -0.00729055 -0.00653902 -0.0059056 -0.00540532 -0.00494812 -0.00458401 -0.00429657 -0.00402418 -0.00382584 -0.00366528 -0.00349317 -0.00337709 -0.00329291 -0.0031884 -0.00310947 -0.00305786 -0.00300407 -0.00296389 -0.00293123 -0.00289993 -0.00288784 
0 0.000106884 0.000284393 0.000396337 0.000475856 0.000651278 0.000818273 0.000934108 0.00110473 0.00128566 0.0014509 0.00167175 0.00189804 0.00213199 0.00245451 0.00281144 0.0031937 0.0036726 0.00423927 0.00490378 0.00569149 0.00661882 0.00771826 0.0089569 0.0103351 0.0118762 0.013508 0.0151753 0.0168202 0.0183426 0.0196273 0.0205159 0.0208918 0.0206334 0.0196101 0.0177594 0.0150413 0.0115036 0.00723609 0.00237754 -0.00284604 -0.00821757 -0.013458 -0.0183116 -0.0225477 -0.02596 -0.0284577 -0.0299526 -0.0304586 -0.0300266 -0.0287677 -0.0268809 -0.0245222 -0.0218994 -0.0191337 -0.0163672 -0.0137213 -0.0112788 -0.00914515 -0.00731411 -0.00581873 -0.00459322 -0.00361582 -0.00283957 -0.00222204 -0.00176128 -0.00139976 -0.00115917 -0.000974603 -0.000868817 -0.000789877 -0.000748911 -0.000722879 -0.000704217 -0.000701375 -0.000686832 -0.00069331 -0.000678338 -0.000687822 -0.000673085 -0.000682299 -0.000669516 -0.000676603 -0.000667074 -0.000671108 -0.000665406 -0.000666157 -0.000664245 -0.00066195 -0.000663398 -0.000658554 -0.000662749 -0.000655942 -0.000662241 -0.00065404 -0.000661853 -0.000652761 -0.000661587 -0.000652027 -0.000661452 -0.000651789 -0.000661452 -0.000652027 -0.000661587 -0.000652761 -0.000661853 -0.00065404 -0.000662241 -0.000655942 -0.000662749 -0.000658554 -0.000663398 -0.00066195 -0.000664245 -0.000666157 -0.000665406 -0.000671107 -0.000667071 -0.000676594 -0.000669491 -0.00068223 -0.000672902 -0.000687353 -0.000677183 -0.000690573 -0.000680606 -0.000687782 -0.000675752 -0.000665756 -0.000639109 -0.000587809 -0.000512875 -0.000374365 -0.000189478 0.000103193 0.00047904 0.001001 0.00165638 0.00249766 0.00355256 0.00485954 0.00648368 0.00841974 0.0107024 0.0132475 0.0160068 0.0188585 0.0216905 0.0243843 0.0267544 0.0286483 0.029839 0.0301877 0.0295725 0.0279371 0.025304 0.0217063 0.0173021 0.0122646 0.00684042 0.00129616 -0.00412528 -0.00915638 -0.0136171 -0.0173488 -0.0202538 -0.0223009 -0.0234958 -0.0239389 -0.0237193 -0.0229454 -0.0217589 -0.0202934 -0.0186845 -0.0169993 -0.0153262 -0.0137641 -0.0123218 -0.0110186 -0.00987062 -0.00888351 -0.00805002 -0.00731316 -0.00669998 -0.00622216 -0.00579224 -0.00543491 -0.00516734 -0.0049183 -0.00471842 -0.00456051 -0.00438219 -0.00425715 -0.00419924 -0.00410963 -0.00401479 -0.0039676 -0.0039233 -0.00387925 -0.00386736 
0 0.00013377 0.000320175 0.00049274 0.000651278 0.000838831 0.00100929 0.00117757 0.00140392 0.00162933 0.00184411 0.00212736 0.00243607 0.00274312 0.00313478 0.00359503 0.00409483 0.0047182 0.00547298 0.00632646 0.00733086 0.00851684 0.0098841 0.0114259 0.0131285 0.0150148 0.0170146 0.0189983 0.0209371 0.0227202 0.024151 0.0250934 0.0253935 0.0249361 0.0235865 0.0212039 0.0178287 0.013506 0.00832191 0.00246281 -0.0038696 -0.0103261 -0.0166108 -0.0224549 -0.0275566 -0.0317321 -0.0347677 -0.0366075 -0.0372689 -0.0367995 -0.0353852 -0.0331519 -0.0303516 -0.027177 -0.0238166 -0.0204716 -0.0172316 -0.01427 -0.011614 -0.00934529 -0.00744976 -0.00589054 -0.00465502 -0.00364541 -0.00288073 -0.00226378 -0.00182135 -0.00148519 -0.00125421 -0.00110289 -0.00099257 -0.000943146 -0.000889865 -0.00088493 -0.000855618 -0.000863977 -0.000846472 -0.000854209 -0.000845474 -0.000847516 -0.000846688 -0.00084205 -0.000848012 -0.000837563 -0.000848681 -0.000834021 -0.00084851 -0.000831338 -0.000847611 -0.00082937 -0.000846234 -0.000827963 -0.000844667 -0.000826981 -0.000843173 -0.000826322 -0.000841962 -0.000825916 -0.000841178 -0.000825723 -0.000840907 -0.000825723 -0.000841178 -0.000825916 -0.000841962 -0.000826322 -0.000843173 -0.000826981 -0.000844667 -0.000827963 -0.000846234 -0.00082937 -0.000847611 -0.000831338 -0.00084851 -0.000834021 -0.000848679 -0.000837557 -0.000847996 -0.000842004 -0.000846564 -0.000847192 -0.000844665 -0.000852262 -0.000841969 -0.000853972 -0.000834282 -0.000841286 -0.000804273 -0.000782286 -0.000702927 -0.000603186 -0.000427717 -0.00017319 0.00018149 0.000684883 0.00132194 0.0021799 0.00323462 0.00459353 0.00625629 0.00829766 0.0107295 0.0135208 0.0166575 0.0199971 0.0234809 0.0269109 0.0301417 0.0329608 0.0351315 0.0364941 0.0368227 0.0360353 0.0340196 0.030781 0.0264384 0.0211264 0.0151179 0.00862346 0.00194878 -0.00456438 -0.0106512 -0.0160449 -0.0206278 -0.0242643 -0.0268492 -0.0284426 -0.0291177 -0.0290071 -0.0282218 -0.0268801 -0.0252145 -0.0233489 -0.0213512 -0.0193556 -0.0174476 -0.0156792 -0.0140601 -0.0125951 -0.0113477 -0.010284 -0.00933997 -0.00856702 -0.00793976 -0.0073776 -0.0069158 -0.00655068 -0.00621859 -0.00594446 -0.00574104 -0.0055614 -0.00540005 -0.00526329 -0.00514547 -0.00505736 -0.00499274 -0.00493512 -0.00488796 -0.00485535 
0 0.00022109 0.000375334 0.000572779 0.000818273 0.00100929 0.00120821 0.00147226 0.00172158 0.00197443 0.0022822 0.00260524 0.0029729 0.00340863 0.00387886 0.0044409 0.00511131 0.0058691 0.00678903 0.00786635 0.00909275 0.0105519 0.0122097 0.0140398 0.0160799 0.0182688 0.0205422 0.0228093 0.024955 0.0268868 0.028395 0.0292906 0.0294584 0.0287317 0.0269704 0.0240698 0.0200352 0.0149688 0.00895983 0.00218969 -0.00506617 -0.0124592 -0.0196358 -0.0263083 -0.0321845 -0.0370024 -0.0405498 -0.04273 -0.0435674 -0.0431502 -0.0416266 -0.0391647 -0.0359921 -0.0323473 -0.0284725 -0.0245766 -0.020817 -0.0173301 -0.0141912 -0.0114686 -0.00916462 -0.00727015 -0.00573946 -0.00451846 -0.00356556 -0.00282191 -0.00226897 -0.00185345 -0.00156678 -0.00136381 -0.00123483 -0.00115124 -0.00109908 -0.00107138 -0.0010488 -0.00104304 -0.00102942 -0.0010309 -0.00101989 -0.00102296 -0.00101364 -0.00101612 -0.00100891 -0.00100991 -0.00100518 -0.00100439 -0.0010022 -0.000999669 -0.000999801 -0.000995786 -0.00099787 -0.000992709 -0.000996336 -0.000990374 -0.00099516 -0.000988706 -0.000994324 -0.000987636 -0.000993823 -0.000987114 -0.000993656 -0.000987114 -0.000993823 -0.000987636 -0.000994324 -0.000988706 -0.00099516 -0.000990374 -0.000996336 -0.000992709 -0.00099787 -0.000995786 -0.000999801 -0.000999669 -0.0010022 -0.00100439 -0.00100518 -0.0010099 -0.00100888 -0.00101604 -0.00101342 -0.00102241 -0.00101853 -0.00102771 -0.0010222 -0.00102738 -0.00101619 -0.00100624 -0.000974334 -0.000922192 -0.000831647 -0.000683102 -0.000463452 -0.000133755 0.000314938 0.000933241 0.00173417 0.00277683 0.00409475 0.00575065 0.0077932 0.0102544 0.0131522 0.0164477 0.0200955 0.023988 0.0280056 0.0319645 0.0356458 0.0388062 0.0412017 0.0426356 0.0429241 0.0419297 0.0395472 0.0357815 0.0307552 0.0246798 0.01781 0.0104008 0.00278122 -0.00469327 -0.011678 -0.0179251 -0.0232796 -0.0275795 -0.0307433 -0.0327721 -0.0337673 -0.0338671 -0.0331564 -0.0318148 -0.0300365 -0.0279652 -0.0257451 -0.0234617 -0.0212438 -0.0191772 -0.0172441 -0.0155123 -0.014 -0.0126626 -0.011529 -0.0105612 -0.00972947 -0.00905403 -0.00847314 -0.00798575 -0.00760464 -0.00725051 -0.00695656 -0.0067574 -0.00655025 -0.00635063 -0.00623604 -0.00613866 -0.00602439 -0.00595419 -0.00591434 -0.00586288 
0 0.000244352 0.000472337 0.000703615 0.000934108 0.00117757 0.00147226 0.00176634 0.00203217 0.00236325 0.00274978 0.00312514 0.00356953 0.00410883 0.00469339 0.00538679 0.00621084 0.00714383 0.00824785 0.0095407 0.0110336 0.012756 0.0146784 0.0168198 0.0191584 0.0215976 0.0241046 0.0265725 0.0288516 0.0308217 0.0322779 0.0330503 0.032984 0.0318957 0.0296814 0.0262497 0.021607 0.0158586 0.00911109 0.00158437 -0.00643277 -0.0145876 -0.0225015 -0.0298725 -0.0363838 -0.0417511 -0.0457535 -0.0482654 -0.0493176 -0.0489941 -0.0474383 -0.0448281 -0.0413772 -0.0373647 -0.0330518 -0.0286866 -0.0244543 -0.020487 -0.0168913 -0.0137203 -0.0110151 -0.00876299 -0.00693288 -0.00547451 -0.00432377 -0.00343796 -0.00275882 -0.00225969 -0.00189633 -0.0016452 -0.00147696 -0.00136608 -0.00130075 -0.00125588 -0.00123495 -0.00121587 -0.00121007 -0.00120018 -0.00119783 -0.0011919 -0.0011892 -0.00118593 -0.00118198 -0.00118093 -0.00117581 -0.00117658 -0.00117065 -0.00117278 -0.00116646 -0.00116951 -0.00116315 -0.00116677 -0.00116061 -0.00116456 -0.00115875 -0.0011629 -0.00115747 -0.00116179 -0.00115674 -0.00116124 -0.00115649 -0.00116124 -0.00115674 -0.00116179 -0.00115747 -0.0011629 -0.00115875 -0.00116456 -0.00116061 -0.00116677 -0.00116315 -0.00116951 -0.00116646 -0.00117278 -0.00117065 -0.00117658 -0.00117581 -0.00118091 -0.00118193 -0.00118578 -0.00118882 -0.00119096 -0.00119559 -0.00119504 -0.00119874 -0.00119187 -0.00118618 -0.00116078 -0.00112289 -0.00104705 -0.000927963 -0.000738186 -0.000455596 -5.46627e-05 0.00050258 0.00124118 0.00221507 0.00346167 0.00504876 0.00702778 0.00944884 0.0123403 0.0156877 0.0194634 0.0235876 0.0279682 0.032454 0.0368382 0.0408725 0.0442707 0.0467951 0.0482289 0.0484014 0.0471695 0.0444254 0.0401962 0.034606 0.0278911 0.0203212 0.0121722 0.00380146 -0.00443847 -0.0121925 -0.0191842 -0.0252326 -0.0301593 -0.0338959 -0.0364325 -0.0378214 -0.0382024 -0.0376872 -0.0364528 -0.034679 -0.0325034 -0.0301235 -0.0276538 -0.0251798 -0.0228233 -0.0206224 -0.0186204 -0.0168315 -0.0152334 -0.0138699 -0.012699 -0.0116704 -0.0108361 -0.0101384 -0.00951809 -0.00903242 -0.00863801 -0.00826249 -0.00794824 -0.00771822 -0.00753276 -0.00736083 -0.00720914 -0.00709778 -0.00701062 -0.00693902 -0.00689926 
0 0.000241428 0.00053757 0.000833391 0.00110473 0.00140392 0.00172158 0.00203217 0.00238869 0.00280122 0.0032286 0.00370232 0.00425528 0.00487955 0.00559529 0.00642456 0.007405 0.00856197 0.00987176 0.0113974 0.0131782 0.0151354 0.0173171 0.0197546 0.0223242 0.0249849 0.0276704 0.030245 0.03258 0.0344596 0.0357478 0.0363015 0.035876 0.0343614 0.0316526 0.0276877 0.0225057 0.0161355 0.00877362 0.000650383 -0.00796425 -0.0166866 -0.0251956 -0.033112 -0.0401182 -0.0459431 -0.0503247 -0.053179 -0.0544665 -0.054286 -0.0527745 -0.0500859 -0.0464779 -0.0421904 -0.0375456 -0.0327902 -0.0281368 -0.0237469 -0.0197065 -0.0161199 -0.0130032 -0.0103929 -0.0082478 -0.00652746 -0.00517313 -0.00411268 -0.00331049 -0.00269799 -0.00226073 -0.00194169 -0.00173071 -0.00158708 -0.00149804 -0.00144393 -0.00140901 -0.00139301 -0.00137765 -0.00137521 -0.00136592 -0.00136731 -0.00136015 -0.00136195 -0.00135619 -0.00135724 -0.00135283 -0.00135285 -0.00134975 -0.00134877 -0.00134689 -0.0013451 -0.00134427 -0.00134192 -0.00134197 -0.0013393 -0.00134008 -0.0013373 -0.00133868 -0.00133594 -0.00133781 -0.00133526 -0.00133752 -0.00133526 -0.00133781 -0.00133594 -0.00133868 -0.0013373 -0.00134008 -0.0013393 -0.00134197 -0.00134192 -0.00134427 -0.0013451 -0.00134689 -0.00134877 -0.00134975 -0.00135284 -0.00135282 -0.00135721 -0.00135609 -0.00136169 -0.00135951 -0.00136576 -0.00136231 -0.00136712 -0.00136023 -0.00135699 -0.00133752 -0.00130778 -0.00124931 -0.00115107 -0.000996928 -0.000754771 -0.000412005 8.21824e-05 0.000740056 0.00162752 0.00277179 0.00425043 0.00611646 0.00843138 0.0112445 0.0145488 0.0183477 0.0225594 0.027133 0.0319323 0.0368009 0.0415123 0.0457697 0.0493152 0.0518583 0.0532208 0.0532092 0.05169 0.0486097 0.0439679 0.037946 0.0307322 0.0226205 0.0139352 0.00499757 -0.00379844 -0.0121683 -0.0197975 -0.0264399 -0.0319675 -0.0362615 -0.0393428 -0.0412113 -0.0419378 -0.0417316 -0.0407139 -0.0390503 -0.0369123 -0.034458 -0.0318882 -0.0292519 -0.026634 -0.0241955 -0.0219289 -0.0198456 -0.0180062 -0.0163953 -0.0150051 -0.0138011 -0.0127664 -0.0119201 -0.0111847 -0.0105387 -0.0100465 -0.00963707 -0.00925203 -0.00896111 -0.00873342 -0.00849785 -0.00831934 -0.00821607 -0.00810089 -0.00799418 -0.00796045 
0 0.000322025 0.000616364 0.000934154 0.00128566 0.00162933 0.00197443 0.00236325 0.00280122 0.00326046 0.00375395 0.0043321 0.00499759 0.00574581 0.00660652 0.00760292 0.00877241 0.0101256 0.0116616 0.0134479 0.0154772 0.0177009 0.0201657 0.0228309 0.0255999 0.0284173 0.0311728 0.0337654 0.0360143 0.037705 0.0387497 0.0389535 0.0381076 0.0361117 0.0328681 0.0283959 0.0226826 0.0157822 0.00793563 -0.000645724 -0.00965102 -0.0187735 -0.0276861 -0.0359724 -0.0433474 -0.0495004 -0.0542287 -0.057413 -0.0589727 -0.0590089 -0.0575999 -0.0549499 -0.0512767 -0.0468352 -0.0419572 -0.0368774 -0.031872 -0.0270759 -0.0226329 -0.0186315 -0.015115 -0.012143 -0.00966473 -0.0076826 -0.00609552 -0.00486754 -0.00391845 -0.00319872 -0.00267428 -0.00228439 -0.00202832 -0.0018391 -0.00173283 -0.00165067 -0.00161272 -0.00157992 -0.00156552 -0.00155363 -0.00154396 -0.0015414 -0.00153088 -0.00153311 -0.00152123 -0.00152609 -0.0015137 -0.0015198 -0.00150784 -0.00151424 -0.00150335 -0.00150944 -0.00149996 -0.00150546 -0.00149744 -0.00150229 -0.00149564 -0.00149994 -0.00149442 -0.00149839 -0.00149372 -0.00149762 -0.00149349 -0.00149762 -0.00149372 -0.00149839 -0.00149442 -0.00149994 -0.00149564 -0.00150229 -0.00149744 -0.00150546 -0.00149996 -0.00150944 -0.00150335 -0.00151424 -0.00150784 -0.00151979 -0.00151368 -0.00152602 -0.00152106 -0.00153268 -0.00152982 -0.0015389 -0.00153826 -0.00154115 -0.00153926 -0.00152688 -0.00150988 -0.00145931 -0.00139114 -0.0012534 -0.00106366 -0.000755432 -0.000336836 0.000258726 0.00104839 0.00209064 0.00344711 0.00516616 0.00734614 0.0100027 0.0132097 0.0169211 0.0211315 0.0257577 0.0307051 0.0358611 0.0410001 0.0459189 0.0502861 0.0538524 0.0563473 0.0575502 0.057318 0.0554909 0.0520856 0.0471224 0.0407561 0.0332018 0.0247017 0.0156461 0.00634498 -0.00285075 -0.0116432 -0.0197684 -0.0269104 -0.0329491 -0.0377969 -0.0414146 -0.0438202 -0.0450227 -0.0452135 -0.0445464 -0.0431175 -0.0411239 -0.0387248 -0.0360982 -0.0333657 -0.0305898 -0.0279274 -0.0254357 -0.0231073 -0.0210112 -0.0191524 -0.0175145 -0.0160958 -0.0148647 -0.0138275 -0.0129631 -0.012209 -0.0115711 -0.0110644 -0.0106451 -0.0102666 -0.00994152 -0.0097074 -0.00952101 -0.00933735 -0.00920775 -0.00912823 -0.00904367 
0 0.000374605 0.000723536 0.00107853 0.0014509 0.00184411 0.0022822 0.00274978 0.0032286 0.00375395 0.00436196 0.00505386 0.00582524 0.00670541 0.00774169 0.00894173 0.0103011 0.0118634 0.0136694 0.0157028 0.0179618 0.0204677 0.0231711 0.0260081 0.0289314 0.0318233 0.0345776 0.0370713 0.0391008 0.040528 0.0412019 0.0409378 0.0396089 0.0370738 0.033313 0.0283459 0.0221467 0.0148521 0.0066411 -0.00222783 -0.0114624 -0.0208303 -0.029948 -0.0384713 -0.0460702 -0.0524577 -0.0574862 -0.0609572 -0.0628293 -0.0631049 -0.0618769 -0.0593569 -0.0557126 -0.0512547 -0.0462284 -0.0409375 -0.0356358 -0.0304894 -0.0256875 -0.0212814 -0.0173987 -0.0140408 -0.0112387 -0.00895795 -0.00712548 -0.00570607 -0.00458456 -0.00375414 -0.00311047 -0.0026595 -0.00232703 -0.00210577 -0.0019597 -0.00185978 -0.00180957 -0.00176271 -0.00175333 -0.00172604 -0.00173028 -0.00171053 -0.00171698 -0.00170203 -0.00170643 -0.00169612 -0.00169713 -0.00169146 -0.00168897 -0.00168757 -0.00168204 -0.00168425 -0.00167636 -0.00168143 -0.00167188 -0.00167912 -0.00166852 -0.00167733 -0.0016662 -0.00167611 -0.00166483 -0.00167549 -0.00166439 -0.00167549 -0.00166483 -0.00167611 -0.0016662 -0.00167733 -0.00166852 -0.00167912 -0.00167188 -0.00168143 -0.00167636 -0.00168425 -0.00168204 -0.00168757 -0.00168897 -0.00169144 -0.00169709 -0.00169601 -0.00170615 -0.00170131 -0.00171527 -0.00170656 -0.00172145 -0.00170715 -0.00171449 -0.00168602 -0.00166424 -0.00159544 -0.00149811 -0.00133152 -0.00107793 -0.000717567 -0.000193188 0.000495366 0.00144168 0.00264704 0.00423041 0.0062166 0.00870647 0.0117317 0.0153041 0.0194283 0.0240101 0.0290217 0.0342967 0.0397229 0.0450584 0.0500471 0.0544283 0.0578914 0.0602436 0.0612193 0.0606916 0.0585614 0.0548268 0.0496134 0.0430055 0.035239 0.0265531 0.0172916 0.00782628 -0.0015917 -0.010646 -0.0190869 -0.0266492 -0.0331331 -0.0385014 -0.0426653 -0.0456152 -0.047395 -0.0480783 -0.0478358 -0.0467751 -0.0450408 -0.0428247 -0.0402523 -0.0374874 -0.0346584 -0.0318342 -0.0291234 -0.0265921 -0.0242537 -0.0221312 -0.0202444 -0.0185996 -0.0171691 -0.0159213 -0.0148732 -0.0140125 -0.0132567 -0.0125939 -0.0120744 -0.011649 -0.0112694 -0.0109796 -0.0107443 -0.0105163 -0.0103697 -0.010284 -0.0101729 
0 0.000383806 0.000809078 0.00124053 0.00167175 0.00212736 0.00260524 0.00312514 0.00370232 0.0043321 0.00505386 0.00587354 0.00676521 0.00780229 0.00903625 0.0104214 0.0119928 0.0138253 0.0158938 0.0181665 0.0206718 0.0234067 0.0262928 0.0292558 0.0322434 0.0351463 0.0378072 0.0400693 0.0417993 0.0428482 0.0430312 0.0422242 0.040327 0.0372506 0.0329883 0.0275355 0.0209536 0.0133695 0.0049458 -0.0040488 -0.0133891 -0.0228102 -0.0319803 -0.0405869 -0.0482789 -0.0548428 -0.0600849 -0.0638347 -0.0660152 -0.0665638 -0.065605 -0.0632762 -0.0597916 -0.0554057 -0.0503479 -0.0449415 -0.0394015 -0.0339843 -0.028836 -0.0240808 -0.0198283 -0.0161001 -0.0129665 -0.0103606 -0.00828117 -0.00662444 -0.00533936 -0.00435564 -0.00360251 -0.00306258 -0.00265367 -0.00239161 -0.00219283 -0.00208455 -0.00199938 -0.00196033 -0.00192888 -0.00191276 -0.00190488 -0.00189238 -0.00189516 -0.00188081 -0.00188879 -0.00187247 -0.00188286 -0.00186583 -0.00187688 -0.00186042 -0.00187103 -0.00185602 -0.00186559 -0.00185249 -0.00186085 -0.00184973 -0.00185698 -0.00184769 -0.00185414 -0.00184634 -0.00185241 -0.00184566 -0.00185183 -0.00184566 -0.00185241 -0.00184634 -0.00185414 -0.00184769 -0.00185698 -0.00184973 -0.00186085 -0.00185249 -0.00186559 -0.00185602 -0.00187102 -0.00186042 -0.00187687 -0.00186581 -0.00188278 -0.00187229 -0.00188832 -0.00187966 -0.00189243 -0.00188621 -0.00189146 -0.00188468 -0.00187244 -0.00185139 -0.0017975 -0.00172539 -0.0015791 -0.00138336 -0.00105878 -0.00062764 -3.46319e-06 0.000813966 0.0019059 0.00332057 0.00512592 0.00741661 0.0102183 0.013614 0.0175535 0.0220494 0.0269986 0.0323244 0.0378915 0.0434925 0.0489285 0.0538871 0.0581485 0.0614291 0.0635155 0.0642091 0.0633373 0.0608901 0.0568754 0.0514381 0.0447032 0.0368436 0.0281416 0.0188744 0.00938825 -6.20018e-05 -0.00922547 -0.0178291 -0.0256758 -0.0325657 -0.0383921 -0.0430848 -0.0465997 -0.048981 -0.0502593 -0.0505198 -0.0499151 -0.048584 -0.0466595 -0.044272 -0.0415899 -0.0387671 -0.0358744 -0.0329957 -0.0302571 -0.0277153 -0.0253536 -0.0232112 -0.0213438 -0.0197006 -0.0182388 -0.0169886 -0.0159376 -0.0150425 -0.0142797 -0.0136387 -0.0131212 -0.0126917 -0.0123113 -0.0120109 -0.0117912 -0.0115952 -0.0114391 -0.0113629 
0 0.000456405 0.000920631 0.00138956 0.00189804 0.00243607 0.0029729 0.00356953 0.00425528 0.00499759 0.00582524 0.00676521 0.00783649 0.00908692 0.0105016 0.0120888 0.0139229 0.0159998 0.0182977 0.020826 0.0235642 0.0264902 0.0295185 0.0325398 0.0355138 0.0383115 0.0407371 0.042673 0.0440004 0.0445604 0.0441921 0.0427827 0.0402949 0.0366859 0.0319165 0.0260333 0.0191422 0.0113715 0.00288828 -0.00611027 -0.015392 -0.0246962 -0.033761 -0.0422823 -0.0499812 -0.0566343 -0.0620399 -0.0660531 -0.0685286 -0.069419 -0.0687827 -0.0667435 -0.0635139 -0.0592827 -0.0543083 -0.0488458 -0.0431599 -0.037509 -0.0320606 -0.026991 -0.0223753 -0.0183101 -0.0148208 -0.0119076 -0.00954735 -0.00765347 -0.00618519 -0.00503363 -0.00417225 -0.003516 -0.00304521 -0.00270799 -0.00247459 -0.00232595 -0.00221966 -0.00216643 -0.0021175 -0.00210393 -0.00207751 -0.00207666 -0.00205949 -0.00206063 -0.00204898 -0.00204847 -0.00204146 -0.00203838 -0.00203559 -0.00203002 -0.00203085 -0.00202323 -0.002027 -0.0020179 -0.00202391 -0.00201386 -0.00202153 -0.00201098 -0.00201982 -0.00200912 -0.0020188 -0.00200822 -0.00201846 -0.00200822 -0.0020188 -0.00200912 -0.00201982 -0.00201098 -0.00202153 -0.00201386 -0.00202391 -0.0020179 -0.002027 -0.00202323 -0.00203085 -0.00203001 -0.00203557 -0.00203834 -0.00204134 -0.00204816 -0.00204821 -0.00205879 -0.00205525 -0.00206726 -0.00205748 -0.00206294 -0.00203691 -0.00201427 -0.00194379 -0.00184559 -0.00167069 -0.00141337 -0.00103505 -0.000498554 0.000221786 0.00119799 0.00245561 0.00409986 0.00616881 0.00876609 0.0119193 0.0156622 0.0199791 0.0248069 0.0300889 0.035679 0.0414464 0.0471504 0.052555 0.0573944 0.0614152 0.0644137 0.0661569 0.0664877 0.0652745 0.0625082 0.0582705 0.0526707 0.0458763 0.0380579 0.029461 0.0203543 0.0109918 0.00163954 -0.00746542 -0.0161013 -0.0240866 -0.0312716 -0.0374981 -0.0426608 -0.0467437 -0.0497496 -0.0516768 -0.0525598 -0.0525056 -0.051672 -0.050157 -0.0480575 -0.0455657 -0.0428296 -0.0399413 -0.0370092 -0.0341261 -0.0313895 -0.0288363 -0.0264597 -0.0243225 -0.02244 -0.0207726 -0.0193246 -0.0180671 -0.016993 -0.016121 -0.0153661 -0.0146968 -0.0141724 -0.0137494 -0.0133857 -0.0131096 -0.012886 -0.0127031 -0.012598 
0 0.000521525 0.00106282 0.00159094 0.00213199 0.00274312 0.00340863 0.00410883 0.00487955 0.00574581 0.00670541 0.00780229 0.00908692 0.0105256 0.0121298 0.0139912 0.0160875 0.0183805 0.0209218 0.0236835 0.0266126 0.0296734 0.0327541 0.0357785 0.0386534 0.0412061 0.0433123 0.0448339 0.0456415 0.0456262 0.0446244 0.0425834 0.0395087 0.0353552 0.0301361 0.0239067 0.0168028 0.00897971 0.000543007 -0.00832539 -0.0174091 -0.0264761 -0.0352857 -0.0436206 -0.0512301 -0.0578915 -0.0634144 -0.0676261 -0.0703981 -0.0716466 -0.0713884 -0.0697281 -0.0668216 -0.0628587 -0.0580492 -0.052637 -0.0468918 -0.041068 -0.035389 -0.0300212 -0.025087 -0.0206783 -0.0168421 -0.0136052 -0.0109375 -0.00879497 -0.00710127 -0.0057832 -0.00477459 -0.00400959 -0.00345035 -0.00304167 -0.00276353 -0.00256953 -0.00244855 -0.00236769 -0.00232021 -0.00229001 -0.00227016 -0.00225976 -0.00224791 -0.00224488 -0.00223464 -0.00223458 -0.00222467 -0.00222594 -0.00221649 -0.00221834 -0.00220972 -0.00221171 -0.00220418 -0.00220611 -0.00219977 -0.00220159 -0.00219641 -0.00219817 -0.00219404 -0.00219589 -0.00219264 -0.00219475 -0.00219217 -0.00219475 -0.00219264 -0.00219589 -0.00219404 -0.00219817 -0.00219641 -0.00220159 -0.00219977 -0.00220611 -0.00220418 -0.00221171 -0.00220971 -0.00221833 -0.00221647 -0.00222587 -0.00222447 -0.00223408 -0.00223341 -0.00224199 -0.00224141 -0.00224567 -0.0022408 -0.0022312 -0.00220705 -0.00215859 -0.00207744 -0.00193661 -0.00172531 -0.00140103 -0.000947048 -0.00031024 0.000539625 0.00166689 0.0031287 0.00500142 0.00736233 0.0102702 0.0137723 0.0178627 0.0225186 0.0276686 0.0332202 0.0390347 0.0449202 0.0506424 0.055935 0.0605495 0.0642623 0.0668732 0.0682053 0.068112 0.0665247 0.0634659 0.0590202 0.0533251 0.0465354 0.0388532 0.030501 0.0216788 0.0126053 0.00349203 -0.00542381 -0.0139504 -0.021971 -0.0293284 -0.0358756 -0.0414826 -0.0460931 -0.04972 -0.052307 -0.053862 -0.0544648 -0.0541954 -0.053183 -0.0515187 -0.0493297 -0.0467892 -0.0439976 -0.0410863 -0.0381572 -0.0352575 -0.032512 -0.0299638 -0.0275804 -0.0254297 -0.0235482 -0.0218903 -0.0204343 -0.0191762 -0.0181093 -0.0172056 -0.0164386 -0.0158108 -0.0152903 -0.0148486 -0.0145082 -0.0142567 -0.0140548 -0.0138993 
0 0.000578253 0.00118415 0.00181211 0.00245451 0.00313478 0.00387886 0.00469339 0.00559529 0.00660652 0.00774169 0.00903625 0.0105016 0.0121298 0.0139891 0.0161157 0.0184474 0.0209886 0.0237624 0.026716 0.0297845 0.0328799 0.0359426 0.0388913 0.0415319 0.0437512 0.0454533 0.0464576 0.0466718 0.0459873 0.0443112 0.0416517 0.0379748 0.0333134 0.0277135 0.021229 0.0140417 0.00625437 -0.00202287 -0.0106298 -0.0194052 -0.0281018 -0.0365638 -0.0446182 -0.0520469 -0.0586619 -0.064229 -0.0686099 -0.0716606 -0.0732793 -0.0734594 -0.072227 -0.0697306 -0.0661055 -0.0615476 -0.0562812 -0.0505495 -0.0446407 -0.0387724 -0.0331597 -0.0279299 -0.023195 -0.0190252 -0.0154482 -0.0124746 -0.0100488 -0.00812449 -0.00660995 -0.00544518 -0.00455659 -0.00389421 -0.00341309 -0.00306979 -0.00283876 -0.00268119 -0.00258514 -0.00252052 -0.00248519 -0.00245967 -0.00244651 -0.00243524 -0.00242847 -0.00242216 -0.00241673 -0.00241246 -0.00240722 -0.00240411 -0.00239901 -0.00239673 -0.00239194 -0.00239035 -0.00238603 -0.00238503 -0.00238128 -0.00238084 -0.00237772 -0.00237782 -0.00237534 -0.002376 -0.00237415 -0.00237539 -0.00237415 -0.002376 -0.00237534 -0.00237782 -0.00237772 -0.00238084 -0.00238128 -0.00238503 -0.00238603 -0.00239035 -0.00239194 -0.00239672 -0.00239899 -0.00240406 -0.00240709 -0.00241213 -0.00241592 -0.00242022 -0.00242403 -0.00242546 -0.00242576 -0.00241733 -0.00240216 -0.00236415 -0.00230222 -0.00218932 -0.00201655 -0.00174664 -0.00135927 -0.000811084 -6.55338e-05 0.000926977 0.00223011 0.00390504 0.0060417 0.00869601 0.0119397 0.0157785 0.020212 0.0251844 0.0306161 0.0364006 0.0423587 0.0482963 0.0539342 0.0590318 0.063339 0.0666561 0.0688185 0.0696584 0.0691112 0.0671314 0.0637939 0.0591898 0.0534393 0.0467417 0.0392705 0.0312555 0.0228372 0.0141628 0.00543852 -0.00317642 -0.0114926 -0.0194236 -0.026853 -0.0336061 -0.0395972 -0.0447094 -0.048899 -0.0521416 -0.0543884 -0.0556986 -0.0560928 -0.0556511 -0.0545327 -0.0527944 -0.0505515 -0.0479667 -0.0451587 -0.0422453 -0.0392841 -0.0363803 -0.0336624 -0.0311096 -0.0287276 -0.0265971 -0.0247076 -0.0230321 -0.0215742 -0.0203103 -0.0192348 -0.0183479 -0.017602 -0.0169608 -0.0164424 -0.0160382 -0.0157009 -0.0154444 -0.0152979 
0 0.000683266 0.00133285 0.00203948 0.00281144 0.00359503 0.0044409 0.00538679 0.00642456 0.00760292 0.00894173 0.0104214 0.0120888 0.0139912 0.0161157 0.0184554 0.0210196 0.0237961 0.0267576 0.0298563 0.032988 0.0360688 0.039052 0.0417766 0.0440713 0.0458648 0.0470349 0.0474488 0.0469987 0.0456054 0.0432885 0.0400121 0.0357691 0.0306597 0.0247324 0.0181114 0.010921 0.00325133 -0.00474703 -0.0129949 -0.0213217 -0.0295533 -0.0375919 -0.0452699 -0.0524662 -0.0589551 -0.0645309 -0.0690592 -0.0723671 -0.0743896 -0.0750226 -0.0742807 -0.0722449 -0.0690136 -0.0647891 -0.059727 -0.0541064 -0.0481695 -0.0421805 -0.0363682 -0.0308714 -0.0258489 -0.0213449 -0.017451 -0.0141515 -0.0114429 -0.0092657 -0.00753912 -0.0062078 -0.00517181 -0.00440735 -0.00382637 -0.0034235 -0.00312989 -0.0029403 -0.00281081 -0.00272958 -0.00268073 -0.00264475 -0.0026299 -0.00260931 -0.00260718 -0.00259124 -0.00259349 -0.00257952 -0.00258304 -0.0025708 -0.00257434 -0.00256403 -0.00256706 -0.00255873 -0.00256109 -0.00255464 -0.00255639 -0.00255159 -0.00255291 -0.00254946 -0.00255061 -0.00254821 -0.00254946 -0.00254779 -0.00254946 -0.00254821 -0.00255061 -0.00254946 -0.00255291 -0.00255159 -0.00255639 -0.00255464 -0.00256109 -0.00255873 -0.00256705 -0.00256402 -0.00257431 -0.00257072 -0.00258283 -0.00257899 -0.00259222 -0.00258826 -0.00260049 -0.00259484 -0.00259983 -0.00258468 -0.00256539 -0.0025168 -0.00243363 -0.00229756 -0.00207597 -0.00175806 -0.00128436 -0.000648574 0.000231735 0.00137326 0.0028776 0.00478961 0.00720646 0.0101849 0.0137592 0.0179525 0.0227015 0.0279805 0.0336509 0.0396126 0.0456494 0.0515349 0.0570127 0.0618068 0.0657378 0.0685804 0.0702257 0.0705412 0.0694986 0.0671501 0.0635452 0.0588323 0.0530993 0.0465512 0.0393844 0.0317497 0.0238089 0.015627 0.00737482 -0.000817577 -0.00885054 -0.0165835 -0.0239495 -0.0308058 -0.037055 -0.04261 -0.0473229 -0.0511747 -0.0541392 -0.0561789 -0.0573037 -0.0575341 -0.0570041 -0.0558113 -0.0539952 -0.0517155 -0.0491251 -0.0463179 -0.0433987 -0.0404542 -0.0375754 -0.0348454 -0.0322936 -0.029929 -0.0277814 -0.025884 -0.0242245 -0.0227731 -0.021519 -0.0204403 -0.0195297 -0.0187945 -0.0181894 -0.0176773 -0.0172802 -0.016993 -0.0167846 
0 0.000764598 0.00153879 0.00235199 0.0031937 0.00409483 0.00511131 0.00621084 0.007405 0.00877241 0.0103011 0.0119928 0.0139229 0.0160875 0.0184474 0.0210196 0.0238118 0.0267888 0.0298864 0.033031 0.0361537 0.0391616 0.0419264 0.0443097 0.0461897 0.0474582 0.0480187 0.0477632 0.04659 0.0445067 0.0415409 0.0376667 0.0329367 0.0274452 0.0213142 0.0146633 0.00755072 0.000112726 -0.00754065 -0.0153302 -0.0231246 -0.0308539 -0.0383964 -0.0456635 -0.0525489 -0.0588399 -0.0643893 -0.0690045 -0.0725702 -0.0749736 -0.0760778 -0.0758704 -0.0743283 -0.0715777 -0.0677373 -0.0629797 -0.0575489 -0.0516616 -0.0456305 -0.0396478 -0.0339399 -0.0286282 -0.0238177 -0.0195953 -0.0159628 -0.0129595 -0.0104962 -0.00855496 -0.00701853 -0.00584295 -0.00494608 -0.00427471 -0.0037951 -0.00344206 -0.0032176 -0.00304913 -0.00296097 -0.00288563 -0.00285714 -0.00282285 -0.00281414 -0.00279724 -0.0027919 -0.00278358 -0.00277651 -0.0027737 -0.00276409 -0.00276538 -0.00275375 -0.00275816 -0.00274526 -0.002752 -0.00273853 -0.00274696 -0.00273343 -0.0027431 -0.00272987 -0.0027405 -0.00272777 -0.00273918 -0.00272707 -0.00273918 -0.00272777 -0.0027405 -0.00272987 -0.0027431 -0.00273343 -0.00274696 -0.00273853 -0.002752 -0.00274526 -0.00275816 -0.00275373 -0.00276533 -0.00276396 -0.00277336 -0.00277567 -0.0027816 -0.00278737 -0.00278729 -0.00279308 -0.00277999 -0.00277325 -0.00272781 -0.00267568 -0.00255336 -0.00238891 -0.00210804 -0.00172304 -0.00116138 -0.000406245 0.000605361 0.00193594 0.00364 0.00582525 0.00852364 0.0118372 0.0157399 0.0202608 0.0253172 0.0308445 0.0367277 0.0427843 0.0488361 0.0545839 0.0598143 0.0642519 0.0677244 0.0700667 0.071139 0.0709176 0.0693787 0.066651 0.0628149 0.0579942 0.0523409 0.0459951 0.0391776 0.0319913 0.024554 0.0169559 0.00925893 0.00157309 -0.0060631 -0.0135338 -0.0207269 -0.0275856 -0.0340039 -0.0398837 -0.0450768 -0.0494873 -0.0531094 -0.0558753 -0.0577379 -0.0587161 -0.0588632 -0.0582673 -0.0570071 -0.0551755 -0.0528976 -0.0502989 -0.0475022 -0.0446045 -0.0416685 -0.0387865 -0.0360706 -0.0335356 -0.0311658 -0.0290339 -0.0271558 -0.0254763 -0.0240201 -0.022783 -0.0217037 -0.0208016 -0.020076 -0.0194786 -0.0190232 -0.0186806 -0.0183941 
0 0.00087225 0.00176949 0.0027007 0.0036726 0.0047182 0.0058691 0.00714383 0.00856197 0.0101256 0.0118634 0.0138253 0.0159998 0.0183805 0.0209886 0.0237961 0.0267888 0.0299206 0.0330676 0.0361868 0.0392288 0.0420243 0.0444465 0.0464055 0.0477772 0.0484539 0.0483328 0.047343 0.0454651 0.042704 0.0390987 0.0346925 0.0295459 0.0237899 0.0175669 0.0109571 0.00403459 -0.0030937 -0.0103236 -0.017571 -0.0248042 -0.0319729 -0.0389956 -0.0458151 -0.05232 -0.0583858 -0.0638482 -0.068537 -0.0723391 -0.0750941 -0.0766866 -0.0770032 -0.0760089 -0.0737726 -0.0703755 -0.0660019 -0.0608185 -0.0550833 -0.0490555 -0.0429785 -0.0370903 -0.0315223 -0.0264344 -0.0218781 -0.0179353 -0.0146039 -0.0118634 -0.0096688 -0.00792371 -0.00658447 -0.00554077 -0.00477438 -0.00419336 -0.00379089 -0.00350103 -0.00331139 -0.00318675 -0.00310401 -0.00305988 -0.00302118 -0.00301048 -0.00298653 -0.00298779 -0.00296834 -0.00297315 -0.00295588 -0.00296113 -0.00294607 -0.00295061 -0.00293805 -0.00294152 -0.00293156 -0.00293396 -0.00292646 -0.00292803 -0.00292269 -0.00292378 -0.00292019 -0.00292122 -0.00291894 -0.00292037 -0.00291894 -0.00292122 -0.00292019 -0.00292378 -0.00292269 -0.00292803 -0.00292646 -0.00293396 -0.00293156 -0.00294151 -0.00293804 -0.00295058 -0.00294599 -0.00296092 -0.00295535 -0.00297185 -0.00296533 -0.00298104 -0.00297199 -0.00298032 -0.00296101 -0.00294447 -0.0028912 -0.00280956 -0.00266845 -0.00244607 -0.00212215 -0.00164312 -0.00099818 -0.000104409 0.00105283 0.00258234 0.00451998 0.0069761 0.00999373 0.0136232 0.0178725 0.0226905 0.0280385 0.0337808 0.039816 0.0459219 0.0518869 0.0574397 0.0623258 0.0663496 0.069307 0.0710915 0.0715862 0.0707988 0.0687974 0.0656961 0.0616489 0.0567626 0.0512098 0.0451404 0.0386989 0.0320002 0.0251069 0.0181088 0.0110385 0.00390783 -0.00324769 -0.0103594 -0.0173216 -0.0240736 -0.0305569 -0.0366481 -0.0422101 -0.0471369 -0.0513464 -0.0547766 -0.057379 -0.0591251 -0.0600255 -0.0601109 -0.0594707 -0.0582119 -0.0563774 -0.0540813 -0.0515006 -0.0487242 -0.0458312 -0.0429202 -0.0400719 -0.0373719 -0.0348451 -0.0324954 -0.0303654 -0.0284606 -0.026789 -0.0253624 -0.0241251 -0.0230601 -0.0221913 -0.0214789 -0.0208965 -0.0204637 -0.0201752 
