0 0 0 0 0 0 0 0 0 0 0 0 0 0 0 0 0 0 0 0 0 0 0 0 0 0 0 0 0 0 0 0 0 0 0 0 0 0 0 0 0 0 0 0 0 0 0 0 0 0 0 0 0 0 0 0 0 0 0 0 0 0 0 0 0 0 0 0 0 0 0 0 0 0 0 0 0 0 0 0 0 0 0 0 0 0 0 0 0 0 0 0 0 0 0 0 0 0 0 0 0 0 0 0 0 0 0 0 0 0 0 0 0 0 0 0 0 0 0 0 0 0 0 0 0 0 0 0 0 0 0 0 0 0 0 0 0 0 0 0 0 0 0 0 0 0 0 0 0 0 0 0 0 0 0 0 0 0 0 0 0 0 0 0 0 0 0 0 0 0 0 0 0 0 0 0 0 0 0 0 0 0 0 0 0 0 0 0 0 0 0 0 0 0 0 0 0 0 0 0 
0 0.000290228 0.000470296 0.000507103 0.000430488 0.000250076 -8.76172e-05 -0.000644819 -0.00141133 -0.00229993 -0.00321837 -0.00412648 -0.00502393 -0.00590413 -0.00672933 -0.00744055 -0.00798562 -0.00834287 -0.0085231 -0.00855212 -0.00845368 -0.00824429 -0.00793667 -0.00754627 -0.0070956 -0.00661142 -0.00611821 -0.00563369 -0.0051674 -0.00472261 -0.00430076 -0.00390442 -0.00353786 -0.0032062 -0.00291307 -0.00265881 -0.00244038 -0.00225214 -0.00208753 -0.001941 -0.00180885 -0.00168946 -0.00158282 -0.00148937 -0.00140931 -0.00134194 -0.00128547 -0.00123748 -0.00119524 -0.00115632 -0.00111902 -0.0010824 -0.00104639 -0.00101148 -0.000978481 -0.000948223 -0.000921285 -0.000897953 -0.000878096 -0.000861276 -0.000846847 -0.000834034 -0.000822132 -0.000810506 -0.000798729 -0.000786549 -0.000773893 -0.00076086 -0.000747622 -0.000734451 -0.000721595 -0.000709316 -0.000697813 -0.000687236 -0.000677678 -0.000669157 -0.000661669 -0.000655136 -0.00064949 -0.000644609 -0.000640399 -0.000636741 -0.000633543 -0.000630712 -0.000628176 -0.000625878 -0.000623765 -0.000621814 -0.000619992 -0.000618299 -0.000616718 -0.000615262 -0.000613921 -0.000612717 -0.000611644 -0.000610725 -0.000609953 -0.000609351 -0.00060891 -0.000608649 -0.000608558 -0.000608649 -0.00060891 -0.000609351 -0.000609953 -0.000610725 -0.000611644 -0.000612717 -0.000613921 -0.000615262 -0.000616718 -0.000618299 -0.000619992 -0.000621814 -0.000623765 -0.000625878 -0.000628176 -0.000630712 -0.000633543 -0.000636741 -0.000640399 -0.000644609 -0.00064949 -0.000655136 -0.000661669 -0.000669157 -0.000677678 -0.000687236 -0.000697813 -0.000709316 -0.000721595 -0.000734451 -0.000747622 -0.00076086 -0.000773893 -0.000786549 -0.000798729 -0.000810506 -0.000822132 -0.000834034 -0.000846847 -0.000861276 -0.000878096 -0.000897953 -0.000921285 -0.000948223 -0.000978481 -0.00101148 -0.00104639 -0.0010824 -0.00111902 -0.00115632 -0.00119524 -0.00123748 -0.00128547 -0.00134194 -0.00140931 -0.00148937 -0.00158282 -0.00168946 -0.00180885 -0.001941 -0.00208753 -0.00225214 -0.00244038 -0.00265881 -0.00291307 -0.0032062 -0.00353784 -0.00390435 -0.00430056 -0.00472205 -0.00516593 -0.00563004 -0.00610964 -0.00659251 -0.00705633 -0.00746956 -0.00779581 -0.0080012 -0.00805925 -0.00794932 -0.00765176 -0.00714266 -0.00639188 -0.00536995 -0.0040594 -0.00245983 -0.000587156 0.0015276 0.00384003 0.00629281 0.00881304 0.0113189 0.0137401 0.0160226 0.0180996 0.0198694 0.0212303 0.0221399 
0 0.000470296 0.000794168 0.000898776 0.000767034 0.000366038 -0.000369701 -0.00147692 -0.00291081 -0.00456642 -0.0063379 -0.00814828 -0.0099398 -0.0116547 -0.013225 -0.014576 -0.0156424 -0.0163855 -0.0167973 -0.0168955 -0.016716 -0.0163044 -0.0157074 -0.0149687 -0.0141279 -0.0132193 -0.0122739 -0.0113204 -0.0103841 -0.00948618 -0.00864285 -0.00786391 -0.0071535 -0.00651163 -0.00593544 -0.00542108 -0.0049647 -0.00456237 -0.00421022 -0.00390393 -0.00363844 -0.00340832 -0.00320791 -0.00303187 -0.00287576 -0.00273604 -0.00261031 -0.00249702 -0.00239512 -0.00230385 -0.00222238 -0.00214971 -0.0020847 -0.00202599 -0.00197234 -0.00192257 -0.00187575 -0.00183126 -0.00178873 -0.00174807 -0.00170933 -0.00167268 -0.0016383 -0.0016063 -0.00157677 -0.00154965 -0.00152484 -0.00150213 -0.00148127 -0.00146202 -0.00144409 -0.00142725 -0.00141129 -0.00139605 -0.00138141 -0.00136729 -0.00135366 -0.00134049 -0.0013278 -0.00131561 -0.00130395 -0.00129284 -0.00128234 -0.00127243 -0.00126316 -0.00125452 -0.00124653 -0.00123918 -0.00123246 -0.00122635 -0.00122086 -0.00121595 -0.00121162 -0.00120784 -0.0012046 -0.00120189 -0.00119969 -0.00119799 -0.00119678 -0.00119606 -0.00119581 -0.00119606 -0.00119678 -0.00119799 -0.00119969 -0.00120189 -0.0012046 -0.00120784 -0.00121162 -0.00121595 -0.00122086 -0.00122635 -0.00123246 -0.00123918 -0.00124653 -0.00125452 -0.00126316 -0.00127243 -0.00128234 -0.00129284 -0.00130395 -0.00131561 -0.0013278 -0.00134049 -0.00135366 -0.00136729 -0.00138141 -0.00139605 -0.00141129 -0.00142725 -0.00144409 -0.00146202 -0.00148127 -0.00150213 -0.00152484 -0.00154965 -0.00157677 -0.0016063 -0.0016383 -0.00167268 -0.00170933 -0.00174807 -0.00178873 -0.00183126 -0.00187575 -0.00192257 -0.00197234 -0.00202599 -0.0020847 -0.00214971 -0.00222238 -0.00230385 -0.00239512 -0.00249702 -0.00261031 -0.00273604 -0.00287576 -0.00303187 -0.00320791 -0.00340832 -0.00363844 -0.00390393 -0.00421022 -0.00456237 -0.0049647 -0.00542107 -0.00593543 -0.00651161 -0.00715344 -0.00786372 -0.00864231 -0.00948471 -0.0103803 -0.0113113 -0.0122532 -0.0131748 -0.014038 -0.0147975 -0.0154004 -0.0157856 -0.0158893 -0.0156501 -0.0150146 -0.0139413 -0.0123965 -0.0103464 -0.00775687 -0.00460559 -0.000902104 0.00329252 0.00786468 0.0126773 0.0176031 0.0225263 0.027318 0.0318231 0.0358709 0.0392984 0.0419725 0.0438065 
0 0.000507103 0.000898776 0.00105201 0.000842029 0.000174322 -0.000977637 -0.00257443 -0.00455167 -0.00684277 -0.00935995 -0.0119813 -0.0145761 -0.0170336 -0.0192643 -0.0211894 -0.0227408 -0.0238651 -0.0245327 -0.0247497 -0.0245589 -0.0240247 -0.0232175 -0.022203 -0.0210353 -0.0197591 -0.018416 -0.017046 -0.0156875 -0.014375 -0.0131349 -0.0119834 -0.0109276 -0.00996767 -0.0090998 -0.00831959 -0.0076225 -0.00700437 -0.00646095 -0.00598652 -0.00557421 -0.00521611 -0.00490363 -0.00462893 -0.00438523 -0.00416723 -0.00397138 -0.00379514 -0.00363687 -0.00349523 -0.00336873 -0.00325586 -0.0031547 -0.00306335 -0.00297997 -0.00290282 -0.00283067 -0.00276254 -0.0026979 -0.00263651 -0.0025783 -0.00252344 -0.00247196 -0.00242398 -0.00237949 -0.00233836 -0.00230044 -0.00226541 -0.00223303 -0.0022029 -0.00217477 -0.00214832 -0.00212331 -0.00209956 -0.0020769 -0.00205525 -0.00203452 -0.00201472 -0.00199578 -0.00197776 -0.00196063 -0.00194442 -0.00192913 -0.00191478 -0.00190137 -0.00188889 -0.00187735 -0.00186671 -0.00185699 -0.00184813 -0.00184016 -0.001833 -0.00182668 -0.00182114 -0.0018164 -0.00181239 -0.00180916 -0.00180664 -0.00180486 -0.00180379 -0.00180344 -0.00180379 -0.00180486 -0.00180664 -0.00180916 -0.00181239 -0.0018164 -0.00182114 -0.00182668 -0.001833 -0.00184016 -0.00184813 -0.00185699 -0.00186671 -0.00187735 -0.00188889 -0.00190137 -0.00191478 -0.00192913 -0.00194442 -0.00196063 -0.00197776 -0.00199578 -0.00201472 -0.00203452 -0.00205525 -0.0020769 -0.00209956 -0.00212331 -0.00214832 -0.00217477 -0.0022029 -0.00223303 -0.00226541 -0.00230044 -0.00233836 -0.00237949 -0.00242398 -0.00247196 -0.00252344 -0.0025783 -0.00263651 -0.0026979 -0.00276254 -0.00283067 -0.00290282 -0.00297997 -0.00306335 -0.0031547 -0.00325586 -0.00336873 -0.00349523 -0.00363687 -0.00379514 -0.00397138 -0.00416723 -0.00438523 -0.00462893 -0.00490363 -0.00521611 -0.00557421 -0.00598652 -0.00646095 -0.00700437 -0.0076225 -0.00831958 -0.00909979 -0.00996762 -0.0109274 -0.0119829 -0.0131337 -0.0143717 -0.0156794 -0.0170273 -0.0183752 -0.0196749 -0.0208712 -0.0219014 -0.0226942 -0.0231667 -0.0232267 -0.0227831 -0.0217557 -0.0200817 -0.0177159 -0.0146191 -0.0107503 -0.00608284 -0.000636232 0.00550211 0.0121767 0.0191965 0.0263818 0.0335713 0.0405712 0.0471262 0.0529727 0.0579121 0.0618063 0.0645214 
0 0.000430488 0.000767034 0.000842029 0.000460439 -0.000485024 -0.00197862 -0.00395865 -0.00638398 -0.00920578 -0.0123151 -0.0155565 -0.0187786 -0.0218515 -0.0246592 -0.0270984 -0.0290834 -0.0305514 -0.0314753 -0.0318683 -0.031772 -0.0312423 -0.0303459 -0.0291536 -0.0277359 -0.0261624 -0.0244971 -0.0227931 -0.0210938 -0.0194337 -0.0178385 -0.0163298 -0.0149244 -0.0136332 -0.0124623 -0.0114116 -0.0104752 -0.00964396 -0.00890706 -0.00825355 -0.00767442 -0.00716179 -0.0067094 -0.0063119 -0.0059635 -0.00565862 -0.0053911 -0.00515467 -0.00494381 -0.00475338 -0.00457962 -0.00441988 -0.00427234 -0.00413627 -0.00401104 -0.00389638 -0.00379191 -0.00369689 -0.0036106 -0.00353182 -0.00345949 -0.00339242 -0.00332953 -0.00327004 -0.00321319 -0.00315869 -0.00310623 -0.00305581 -0.00300749 -0.00296136 -0.00291763 -0.00287631 -0.00283762 -0.00280146 -0.00276791 -0.00273684 -0.00270815 -0.00268171 -0.00265732 -0.00263487 -0.00261411 -0.00259498 -0.00257724 -0.00256086 -0.00254564 -0.00253158 -0.00251853 -0.0025065 -0.00249541 -0.00248525 -0.002476 -0.00246763 -0.00246015 -0.00245354 -0.00244782 -0.00244296 -0.002439 -0.0024359 -0.0024337 -0.00243236 -0.00243193 -0.00243236 -0.0024337 -0.0024359 -0.002439 -0.00244296 -0.00244782 -0.00245354 -0.00246015 -0.00246763 -0.002476 -0.00248525 -0.00249541 -0.0025065 -0.00251853 -0.00253158 -0.00254564 -0.00256086 -0.00257724 -0.00259498 -0.00261411 -0.00263487 -0.00265732 -0.00268171 -0.00270815 -0.00273684 -0.00276791 -0.00280146 -0.00283762 -0.00287631 -0.00291763 -0.00296136 -0.00300749 -0.00305581 -0.00310623 -0.00315869 -0.00321319 -0.00327004 -0.00332953 -0.00339242 -0.00345949 -0.00353182 -0.0036106 -0.00369689 -0.00379191 -0.00389638 -0.00401104 -0.00413627 -0.00427234 -0.00441988 -0.00457962 -0.00475338 -0.00494381 -0.00515467 -0.0053911 -0.00565862 -0.0059635 -0.0063119 -0.0067094 -0.00716179 -0.00767442 -0.00825355 -0.00890706 -0.00964396 -0.0104752 -0.0114116 -0.0124623 -0.0136331 -0.014924 -0.0163288 -0.0178358 -0.0194268 -0.0210778 -0.0227575 -0.0244226 -0.0260151 -0.0274606 -0.0286672 -0.0295329 -0.0299539 -0.0298288 -0.0290638 -0.0275726 -0.0252689 -0.0220696 -0.0179084 -0.0127494 -0.00660284 0.000463414 0.00833474 0.0168685 0.0258853 0.035153 0.044398 0.0533304 0.0616556 0.0690915 0.0753968 0.0803717 0.0838318 
0 0.000250076 0.000366038 0.000174322 -0.000485024 -0.00168523 -0.00342732 -0.00569933 -0.00847594 -0.0116781 -0.0151771 -0.0188324 -0.0224993 -0.0260247 -0.0292657 -0.0321073 -0.0344584 -0.0362548 -0.0374696 -0.0381065 -0.038189 -0.0377632 -0.0368938 -0.0356541 -0.0341242 -0.0323855 -0.0305097 -0.0285583 -0.0265837 -0.0246273 -0.0227235 -0.0209024 -0.0191863 -0.0175916 -0.0161286 -0.0147991 -0.0136006 -0.0125264 -0.0115668 -0.0107125 -0.00995363 -0.00928074 -0.00868579 -0.00816033 -0.00769653 -0.00728723 -0.0069249 -0.00660329 -0.00631647 -0.00605918 -0.00582749 -0.00561758 -0.00542681 -0.00525285 -0.00509362 -0.00494777 -0.00481361 -0.00469007 -0.00457598 -0.00447025 -0.00437218 -0.00428074 -0.00419548 -0.00411566 -0.00404083 -0.00397062 -0.00390454 -0.00384246 -0.00378391 -0.00372882 -0.00367686 -0.0036279 -0.00358176 -0.00353822 -0.00349727 -0.0034586 -0.00342229 -0.00338803 -0.00335591 -0.00332568 -0.00329738 -0.00327087 -0.00324609 -0.003223 -0.00320149 -0.0031816 -0.00316315 -0.00314623 -0.00313066 -0.00311655 -0.0031037 -0.00309225 -0.00308201 -0.0030731 -0.00306536 -0.0030589 -0.00305358 -0.00304951 -0.00304656 -0.00304484 -0.00304423 -0.00304484 -0.00304656 -0.00304951 -0.00305358 -0.0030589 -0.00306536 -0.0030731 -0.00308201 -0.00309225 -0.0031037 -0.00311655 -0.00313066 -0.00314623 -0.00316315 -0.0031816 -0.00320149 -0.003223 -0.00324609 -0.00327087 -0.00329738 -0.00332568 -0.00335591 -0.00338803 -0.00342229 -0.0034586 -0.00349727 -0.00353822 -0.00358176 -0.0036279 -0.00367686 -0.00372882 -0.00378391 -0.00384246 -0.00390454 -0.00397062 -0.00404083 -0.00411566 -0.00419548 -0.00428074 -0.00437218 -0.00447025 -0.00457598 -0.00469007 -0.00481361 -0.00494777 -0.00509362 -0.00525285 -0.00542681 -0.00561758 -0.00582749 -0.00605918 -0.00631647 -0.00660329 -0.0069249 -0.00728723 -0.00769653 -0.00816033 -0.00868579 -0.00928074 -0.00995363 -0.0107125 -0.0115668 -0.0125264 -0.0136006 -0.0147991 -0.0161285 -0.0175913 -0.0191855 -0.0209001 -0.0227178 -0.0246137 -0.0265533 -0.0284938 -0.0303805 -0.0321407 -0.0336855 -0.0349098 -0.0356962 -0.0359289 -0.0355001 -0.0343074 -0.0322526 -0.0292355 -0.0251523 -0.0199235 -0.0135293 -0.00601689 0.0025123 0.0119255 0.022084 0.0328211 0.043873 0.0548663 0.0654156 0.0752116 0.08399 0.0914612 0.0973263 0.101358 
0 -8.76172e-05 -0.000369701 -0.000977637 -0.00197862 -0.00342732 -0.00538818 -0.00788718 -0.0108711 -0.0142467 -0.0179292 -0.0218134 -0.0257345 -0.0295084 -0.0329948 -0.0360971 -0.0387367 -0.0408509 -0.0423911 -0.0433237 -0.0436516 -0.0434209 -0.0426979 -0.0415568 -0.040075 -0.038323 -0.0363659 -0.0342723 -0.0321063 -0.0299251 -0.0277794 -0.025706 -0.0237294 -0.0218671 -0.0201289 -0.0185207 -0.0170476 -0.0157101 -0.0145064 -0.0134317 -0.0124761 -0.0116286 -0.0108768 -0.0102078 -0.00961143 -0.00907836 -0.00860148 -0.00817569 -0.00779562 -0.00745743 -0.00715654 -0.00688819 -0.00664825 -0.00643167 -0.00623483 -0.0060541 -0.00588661 -0.00573078 -0.0055848 -0.00544831 -0.00532063 -0.00520153 -0.00509097 -0.00498835 -0.0048937 -0.00480614 -0.00472535 -0.00465054 -0.00458099 -0.00451621 -0.00445531 -0.00439812 -0.00434383 -0.00429243 -0.00424342 -0.00419676 -0.00415233 -0.00410996 -0.00406981 -0.00403162 -0.00399567 -0.00396164 -0.00392986 -0.00389999 -0.0038723 -0.00384652 -0.00382279 -0.00380094 -0.003781 -0.00376288 -0.00374653 -0.00373194 -0.00371898 -0.00370771 -0.00369796 -0.00368986 -0.00368318 -0.00367811 -0.00367441 -0.00367228 -0.0036715 -0.00367228 -0.00367441 -0.00367811 -0.00368318 -0.00368986 -0.00369796 -0.00370771 -0.00371898 -0.00373194 -0.00374653 -0.00376288 -0.003781 -0.00380094 -0.00382279 -0.00384652 -0.0038723 -0.00389999 -0.00392986 -0.00396164 -0.00399567 -0.00403162 -0.00406981 -0.00410996 -0.00415233 -0.00419676 -0.00424342 -0.00429243 -0.00434383 -0.00439812 -0.00445531 -0.00451621 -0.00458099 -0.00465054 -0.00472535 -0.00480614 -0.0048937 -0.00498835 -0.00509097 -0.00520153 -0.00532063 -0.00544831 -0.0055848 -0.00573078 -0.00588661 -0.0060541 -0.00623483 -0.00643167 -0.00664825 -0.00688819 -0.00715654 -0.00745743 -0.00779562 -0.00817569 -0.00860148 -0.00907836 -0.00961143 -0.0102078 -0.0108768 -0.0116286 -0.0124761 -0.0134317 -0.0145064 -0.0157101 -0.0170476 -0.0185206 -0.0201287 -0.0218664 -0.0237275 -0.0257013 -0.0277681 -0.0298995 -0.0320513 -0.0341605 -0.0361512 -0.037933 -0.0394045 -0.0404632 -0.0410008 -0.0409021 -0.0400517 -0.038328 -0.0356048 -0.0317713 -0.0267416 -0.0204632 -0.0129406 -0.00423423 0.00556689 0.0163424 0.0279175 0.0400617 0.0524839 0.0648172 0.07666 0.0876545 0.0974897 0.105836 0.112358 0.116812 
0 -0.000644819 -0.00147692 -0.00257443 -0.00395865 -0.00569933 -0.00788718 -0.0105318 -0.0135686 -0.0169473 -0.0206312 -0.02452 -0.0284496 -0.0322641 -0.0358419 -0.0390826 -0.0419127 -0.0442764 -0.0461105 -0.0473624 -0.0480209 -0.0481065 -0.0476603 -0.0467469 -0.0454369 -0.0437959 -0.0418947 -0.0398035 -0.0375843 -0.0352986 -0.0330006 -0.0307319 -0.02853 -0.0264235 -0.0244309 -0.0225681 -0.0208433 -0.0192583 -0.017814 -0.0165049 -0.015324 -0.0142647 -0.0133164 -0.0124703 -0.0117171 -0.0110461 -0.0104493 -0.00991716 -0.00944151 -0.00901586 -0.00863285 -0.00828804 -0.00797647 -0.00769416 -0.00743856 -0.0072059 -0.00699445 -0.0068014 -0.00662456 -0.00646237 -0.00631227 -0.00617345 -0.00604388 -0.00592278 -0.00580921 -0.00570217 -0.00560168 -0.00550667 -0.00541751 -0.0053334 -0.00525451 -0.00518052 -0.0051111 -0.00504637 -0.00498562 -0.00492919 -0.00487624 -0.00482709 -0.00478102 -0.00473818 -0.00469814 -0.0046608 -0.00462605 -0.00459355 -0.00456349 -0.00453537 -0.00450957 -0.0044855 -0.00446364 -0.0044434 -0.00442528 -0.00440871 -0.00439418 -0.00438119 -0.00437017 -0.00436067 -0.00435309 -0.00434705 -0.00434288 -0.00434025 -0.00433948 -0.00434025 -0.00434288 -0.00434705 -0.00435309 -0.00436067 -0.00437017 -0.00438119 -0.00439418 -0.00440871 -0.00442528 -0.0044434 -0.00446364 -0.0044855 -0.00450957 -0.00453537 -0.00456349 -0.00459355 -0.00462605 -0.0046608 -0.00469814 -0.00473818 -0.00478102 -0.00482709 -0.00487624 -0.00492919 -0.00498562 -0.00504637 -0.0051111 -0.00518052 -0.00525451 -0.0053334 -0.00541751 -0.00550667 -0.00560168 -0.00570217 -0.00580921 -0.00592278 -0.00604388 -0.00617345 -0.00631227 -0.00646237 -0.00662456 -0.0068014 -0.00699445 -0.0072059 -0.00743856 -0.00769416 -0.00797647 -0.00828804 -0.00863285 -0.00901586 -0.00944151 -0.00991716 -0.0104493 -0.0110461 -0.0117171 -0.0124703 -0.0133164 -0.0142647 -0.015324 -0.0165049 -0.017814 -0.0192583 -0.0208432 -0.0225679 -0.0244303 -0.026422 -0.0285262 -0.0307227 -0.0329792 -0.0352522 -0.0374887 -0.0396174 -0.041552 -0.0431986 -0.0444496 -0.0451949 -0.0453297 -0.0447409 -0.0433094 -0.0409148 -0.0374271 -0.0327283 -0.0267512 -0.0194782 -0.0109315 -0.0011743 0.0097078 0.0216051 0.0343196 0.0475427 0.0609358 0.0741871 0.0869581 0.0988406 0.109412 0.11831 0.125247 0.129995 
0 -0.00141133 -0.00291081 -0.00455167 -0.00638398 -0.00847594 -0.0108711 -0.0135686 -0.0165613 -0.0198379 -0.0233385 -0.0269716 -0.0306645 -0.0343378 -0.0378639 -0.0411165 -0.0440227 -0.0465322 -0.0485924 -0.0501642 -0.0512127 -0.0517044 -0.0516441 -0.0510764 -0.0500583 -0.0486607 -0.04696 -0.0450153 -0.0428821 -0.0406182 -0.0382724 -0.035896 -0.033541 -0.0312459 -0.0290439 -0.0269593 -0.025002 -0.0231797 -0.0214946 -0.0199434 -0.0185265 -0.0172396 -0.0160769 -0.0150343 -0.0141011 -0.0132688 -0.012527 -0.0118635 -0.0112701 -0.0107365 -0.0102555 -0.00982179 -0.00942882 -0.00907405 -0.00875285 -0.00846204 -0.00819923 -0.00796004 -0.007743 -0.00754419 -0.00736164 -0.00719328 -0.00703647 -0.00689084 -0.00675392 -0.00662588 -0.00650534 -0.00639198 -0.00628569 -0.00618542 -0.0060919 -0.00600371 -0.00592165 -0.00584455 -0.0057727 -0.00570556 -0.00564273 -0.00558434 -0.00552946 -0.00547867 -0.00543079 -0.00538662 -0.00534498 -0.00530663 -0.00527064 -0.00523752 -0.0052067 -0.0051784 -0.0051524 -0.00512863 -0.00510719 -0.00508774 -0.00507065 -0.00505539 -0.00504249 -0.00503132 -0.00502252 -0.00501537 -0.00501059 -0.00500742 -0.00500662 -0.00500742 -0.00501059 -0.00501537 -0.00502252 -0.00503132 -0.00504249 -0.00505539 -0.00507065 -0.00508774 -0.00510719 -0.00512863 -0.0051524 -0.0051784 -0.0052067 -0.00523752 -0.00527064 -0.00530663 -0.00534498 -0.00538662 -0.00543079 -0.00547867 -0.00552946 -0.00558434 -0.00564273 -0.00570556 -0.0057727 -0.00584455 -0.00592165 -0.00600371 -0.0060919 -0.00618542 -0.00628569 -0.00639198 -0.00650534 -0.00662588 -0.00675392 -0.00689084 -0.00703647 -0.00719328 -0.00736164 -0.00754419 -0.007743 -0.00796004 -0.00819923 -0.00846204 -0.00875285 -0.00907405 -0.00942882 -0.00982179 -0.0102555 -0.0107365 -0.0112701 -0.0118635 -0.012527 -0.0132688 -0.0141011 -0.0150343 -0.0160769 -0.0172396 -0.0185265 -0.0199434 -0.0214946 -0.0231796 -0.0250018 -0.0269589 -0.0290427 -0.0312428 -0.0335335 -0.0358784 -0.0382336 -0.0405374 -0.0427226 -0.0447174 -0.0464333 -0.0477781 -0.0486525 -0.0489395 -0.0485254 -0.0473007 -0.0451456 -0.0419486 -0.037611 -0.0320346 -0.0251567 -0.0169751 -0.00751781 0.00316011 0.0149481 0.0276891 0.0411772 0.0551171 0.0691566 0.0829768 0.0962691 0.108628 0.119582 0.128749 0.135884 0.140777 
0 -0.00229993 -0.00456642 -0.00684277 -0.00920578 -0.0116781 -0.0142467 -0.0169473 -0.0198379 -0.0228953 -0.026036 -0.0292367 -0.032525 -0.0358613 -0.0391346 -0.0422471 -0.0451244 -0.0476974 -0.049926 -0.0517774 -0.0531865 -0.0540978 -0.0544985 -0.0543927 -0.0538079 -0.0528033 -0.0514338 -0.0497506 -0.0478185 -0.0456927 -0.0434236 -0.0410706 -0.0386796 -0.036291 -0.0339479 -0.0316778 -0.0295057 -0.0274544 -0.0255325 -0.0237486 -0.0221059 -0.020598 -0.0192232 -0.017973 -0.0168382 -0.0158143 -0.0148903 -0.0140601 -0.0133167 -0.0126497 -0.0120543 -0.0115202 -0.0110405 -0.0106091 -0.0102173 -0.00986227 -0.00953743 -0.00924004 -0.00896765 -0.00871639 -0.00848659 -0.00827442 -0.00808002 -0.00790123 -0.00773634 -0.00758513 -0.00744446 -0.00731506 -0.00719387 -0.00708125 -0.00697551 -0.00687593 -0.00678254 -0.00669363 -0.00661044 -0.00653089 -0.00645654 -0.00638566 -0.00631937 -0.00625672 -0.006198 -0.00614318 -0.0060917 -0.00604426 -0.00599966 -0.00595912 -0.00592105 -0.00588691 -0.00585499 -0.00582677 -0.00580062 -0.00577791 -0.00575718 -0.00573965 -0.00572406 -0.00571144 -0.00570074 -0.00569285 -0.00568689 -0.00568363 -0.00568229 -0.00568363 -0.00568689 -0.00569285 -0.00570074 -0.00571144 -0.00572406 -0.00573965 -0.00575718 -0.00577791 -0.00580062 -0.00582677 -0.00585499 -0.00588691 -0.00592105 -0.00595912 -0.00599966 -0.00604426 -0.0060917 -0.00614318 -0.006198 -0.00625672 -0.00631937 -0.00638566 -0.00645654 -0.00653089 -0.00661044 -0.00669363 -0.00678254 -0.00687593 -0.00697551 -0.00708125 -0.00719387 -0.00731506 -0.00744446 -0.00758513 -0.00773634 -0.00790123 -0.00808002 -0.00827442 -0.00848659 -0.00871639 -0.00896765 -0.00924004 -0.00953743 -0.00986227 -0.0102173 -0.0106091 -0.0110405 -0.0115202 -0.0120543 -0.0126497 -0.0133167 -0.0140601 -0.0148903 -0.0158143 -0.0168382 -0.017973 -0.0192232 -0.020598 -0.0221059 -0.0237486 -0.0255325 -0.0274543 -0.0295053 -0.0316769 -0.0339454 -0.036285 -0.0386653 -0.0410387 -0.0433561 -0.0455575 -0.0475625 -0.0492913 -0.0506527 -0.0515417 -0.0518654 -0.0515256 -0.0504124 -0.048428 -0.0454676 -0.0414131 -0.0361799 -0.0297144 -0.0219757 -0.012968 -0.00273538 0.00867204 0.021146 0.0344726 0.0484004 0.0626888 0.0770498 0.0911264 0.104547 0.116938 0.127908 0.137099 0.144238 0.149107 
0 -0.00321837 -0.0063379 -0.00935995 -0.0123151 -0.0151771 -0.0179292 -0.0206312 -0.0233385 -0.026036 -0.0287156 -0.0314219 -0.0341794 -0.0369719 -0.0397936 -0.0426152 -0.0453427 -0.0478894 -0.0502143 -0.0522609 -0.0539622 -0.0552806 -0.0561728 -0.0565932 -0.0565431 -0.0560444 -0.055121 -0.0538301 -0.0522327 -0.0503741 -0.0483142 -0.0461052 -0.0437846 -0.0414047 -0.0390084 -0.0366296 -0.0343119 -0.0320813 -0.029957 -0.0279598 -0.0260915 -0.0243565 -0.0227568 -0.0212835 -0.0199368 -0.0187097 -0.0175936 -0.0165865 -0.0156759 -0.0148567 -0.0141209 -0.013457 -0.0128615 -0.0123231 -0.0118369 -0.0113974 -0.0109966 -0.0106339 -0.0103016 -0.00999873 -0.00972157 -0.00946635 -0.00923333 -0.00901702 -0.00881893 -0.00863476 -0.00846445 -0.00830674 -0.00815911 -0.00802297 -0.00789446 -0.00777591 -0.0076639 -0.00755992 -0.00746227 -0.0073707 -0.00728554 -0.00720486 -0.00713054 -0.00705968 -0.00699481 -0.00693292 -0.0068764 -0.00682278 -0.00677376 -0.00672779 -0.00668564 -0.00664678 -0.00661105 -0.00657882 -0.00654918 -0.00652319 -0.00649938 -0.00647932 -0.00646114 -0.00644678 -0.0064341 -0.00642525 -0.00641798 -0.00641454 -0.00641262 -0.00641454 -0.00641798 -0.00642525 -0.0064341 -0.00644678 -0.00646114 -0.00647932 -0.00649938 -0.00652319 -0.00654918 -0.00657882 -0.00661105 -0.00664678 -0.00668564 -0.00672779 -0.00677376 -0.00682278 -0.0068764 -0.00693292 -0.00699481 -0.00705968 -0.00713054 -0.00720486 -0.00728554 -0.0073707 -0.00746227 -0.00755992 -0.0076639 -0.00777591 -0.00789446 -0.00802297 -0.00815911 -0.00830674 -0.00846445 -0.00863476 -0.00881893 -0.00901702 -0.00923333 -0.00946635 -0.00972157 -0.00999873 -0.0103016 -0.0106339 -0.0109966 -0.0113974 -0.0118369 -0.0123231 -0.0128615 -0.013457 -0.0141209 -0.0148567 -0.0156759 -0.0165865 -0.0175936 -0.0187097 -0.0199368 -0.0212835 -0.0227568 -0.0243565 -0.0260915 -0.0279597 -0.0299569 -0.0320811 -0.0343112 -0.0366277 -0.0390036 -0.0413933 -0.0437587 -0.0460495 -0.0482011 -0.0501565 -0.0518363 -0.0531459 -0.0539997 -0.0542942 -0.0539283 -0.0528287 -0.0509081 -0.048071 -0.0442374 -0.0393065 -0.0331851 -0.0258495 -0.0173078 -0.00757119 0.00330435 0.0152331 0.0281144 0.0417558 0.0558733 0.0702101 0.0845322 0.0985023 0.111699 0.123764 0.134424 0.143384 0.150327 0.155017 
0 -0.00412648 -0.00814828 -0.0119813 -0.0155565 -0.0188324 -0.0218134 -0.02452 -0.0269716 -0.0292367 -0.0314219 -0.0335723 -0.0356837 -0.0378205 -0.0400789 -0.0424506 -0.0448566 -0.0472441 -0.049552 -0.0517002 -0.0536459 -0.055338 -0.0566829 -0.0576226 -0.0581385 -0.0582061 -0.0578398 -0.0570823 -0.0559547 -0.0544981 -0.0527704 -0.0508084 -0.0486676 -0.0464087 -0.0440676 -0.0416943 -0.0393297 -0.0369956 -0.0347289 -0.0325499 -0.0304718 -0.0285182 -0.0266905 -0.0249944 -0.0234346 -0.0219987 -0.0206876 -0.0194909 -0.0183976 -0.0174064 -0.0165026 -0.0156843 -0.0149445 -0.0142735 -0.0136714 -0.0131257 -0.0126348 -0.0121916 -0.0117882 -0.0114242 -0.011089 -0.010784 -0.0105021 -0.0102415 -0.0100017 -0.00977708 -0.00957111 -0.00937739 -0.00919937 -0.0090331 -0.00887888 -0.00873665 -0.00860312 -0.00848132 -0.00836595 -0.00826105 -0.00816154 -0.00807052 -0.00798474 -0.00790526 -0.00783133 -0.00776174 -0.00769805 -0.00763724 -0.00758252 -0.00752979 -0.00748308 -0.00743795 -0.00739856 -0.00736069 -0.00732816 -0.00729726 -0.00727126 -0.0072471 -0.00722743 -0.00720981 -0.00719636 -0.00718511 -0.0071778 -0.00717281 -0.00717163 -0.00717281 -0.0071778 -0.00718511 -0.00719636 -0.00720981 -0.00722743 -0.0072471 -0.00727126 -0.00729726 -0.00732816 -0.00736069 -0.00739856 -0.00743795 -0.00748308 -0.00752979 -0.00758252 -0.00763724 -0.00769805 -0.00776174 -0.00783133 -0.00790526 -0.00798474 -0.00807052 -0.00816154 -0.00826105 -0.00836595 -0.00848132 -0.00860312 -0.00873665 -0.00887888 -0.0090331 -0.00919937 -0.00937739 -0.00957111 -0.00977708 -0.0100017 -0.0102415 -0.0105021 -0.010784 -0.011089 -0.0114242 -0.0117882 -0.0121916 -0.0126348 -0.0131257 -0.0136714 -0.0142735 -0.0149445 -0.0156843 -0.0165026 -0.0174064 -0.0183976 -0.0194909 -0.0206876 -0.0219987 -0.0234346 -0.0249944 -0.0266905 -0.0285182 -0.0304718 -0.0325499 -0.0347287 -0.0369951 -0.0393283 -0.0416905 -0.0440586 -0.0463879 -0.0486223 -0.0507148 -0.0525876 -0.0541599 -0.0553618 -0.0560957 -0.0562774 -0.0558414 -0.0546961 -0.0527659 -0.0499883 -0.0462626 -0.0415031 -0.0356629 -0.0286863 -0.020555 -0.0113151 -0.000996344 0.0103689 0.0226599 0.0357151 0.0493773 0.0634228 0.0775612 0.0915161 0.104996 0.117646 0.129136 0.139231 0.147692 0.154226 0.158611 
0 -0.00502393 -0.0099398 -0.0145761 -0.0187786 -0.0224993 -0.0257345 -0.0284496 -0.0306645 -0.032525 -0.0341794 -0.0356837 -0.0371072 -0.0385841 -0.0401966 -0.0419569 -0.0438871 -0.0459704 -0.0481163 -0.0502623 -0.0523685 -0.0543317 -0.0560551 -0.0574897 -0.0585635 -0.0592256 -0.0594845 -0.0593308 -0.0587642 -0.057832 -0.0565599 -0.0549824 -0.0531674 -0.0511521 -0.048982 -0.0467186 -0.0443892 -0.0420378 -0.0397083 -0.0374165 -0.0351997 -0.0330773 -0.0310553 -0.029157 -0.0273781 -0.0257222 -0.0241955 -0.0227834 -0.0214917 -0.0203101 -0.019229 -0.01825 -0.017355 -0.0165451 -0.0158099 -0.0151397 -0.0145355 -0.0139821 -0.0134824 -0.0130266 -0.0126106 -0.0122344 -0.0118869 -0.0115734 -0.0112829 -0.0110181 -0.0107743 -0.0105477 -0.0103411 -0.0101458 -0.00996816 -0.00979935 -0.00964454 -0.00949856 -0.00936247 -0.00923625 -0.00911639 -0.0090072 -0.00890209 -0.00880754 -0.00871611 -0.00863425 -0.00855556 -0.00848481 -0.00841788 -0.00835708 -0.00830091 -0.00824917 -0.00820281 -0.00815948 -0.00812209 -0.00808665 -0.00805752 -0.00802962 -0.0080082 -0.00798753 -0.00797342 -0.00795979 -0.00795274 -0.00794602 -0.00794588 -0.00794602 -0.00795274 -0.00795979 -0.00797342 -0.00798753 -0.0080082 -0.00802962 -0.00805752 -0.00808665 -0.00812209 -0.00815948 -0.00820281 -0.00824917 -0.00830091 -0.00835708 -0.00841788 -0.00848481 -0.00855556 -0.00863425 -0.00871611 -0.00880754 -0.00890209 -0.0090072 -0.00911639 -0.00923625 -0.00936247 -0.00949856 -0.00964454 -0.00979935 -0.00996816 -0.0101458 -0.0103411 -0.0105477 -0.0107743 -0.0110181 -0.0112829 -0.0115734 -0.0118869 -0.0122344 -0.0126106 -0.0130266 -0.0134824 -0.0139821 -0.0145355 -0.0151397 -0.0158099 -0.0165451 -0.017355 -0.01825 -0.019229 -0.0203101 -0.0214917 -0.0227834 -0.0241955 -0.0257222 -0.0273781 -0.029157 -0.0310553 -0.0330773 -0.0351996 -0.0374163 -0.0397078 -0.0420367 -0.0443864 -0.0467115 -0.0489655 -0.0511156 -0.053091 -0.0548307 -0.0562747 -0.0573239 -0.0579052 -0.0579497 -0.0573648 -0.0561024 -0.0541139 -0.0513107 -0.0476322 -0.0430095 -0.0373443 -0.0306121 -0.0228397 -0.0140274 -0.00420777 0.00655402 0.0182222 0.0306987 0.0437645 0.0572139 0.07089 0.0845515 0.0978719 0.110565 0.122391 0.133096 0.142424 0.150151 0.156083 0.160059 
0 -0.00590413 -0.0116547 -0.0170336 -0.0218515 -0.0260247 -0.0295084 -0.0322641 -0.0343378 -0.0358613 -0.0369719 -0.0378205 -0.0385841 -0.0393757 -0.0402517 -0.0413237 -0.0426925 -0.0443251 -0.0461558 -0.0481615 -0.0502633 -0.0523569 -0.0543882 -0.0562599 -0.0578449 -0.059096 -0.0599752 -0.0604345 -0.0604974 -0.0601801 -0.0594739 -0.0584262 -0.057068 -0.0554187 -0.0535493 -0.0515015 -0.0493148 -0.047059 -0.0447586 -0.0424503 -0.0401778 -0.0379454 -0.0357866 -0.0337189 -0.0317426 -0.0298864 -0.0281433 -0.0265194 -0.0250235 -0.0236368 -0.0223695 -0.0212063 -0.0201387 -0.0191692 -0.0182758 -0.0174658 -0.0167245 -0.0160467 -0.0154341 -0.0148697 -0.0143623 -0.013896 -0.0134728 -0.0130885 -0.0127334 -0.0124142 -0.0121153 -0.0118457 -0.0115935 -0.0113619 -0.0111481 -0.010947 -0.0107644 -0.0105892 -0.0104317 -0.0102798 -0.0101425 -0.0100117 -0.00989151 -0.00977952 -0.00967425 -0.00957893 -0.00948715 -0.00940637 -0.00932707 -0.00925895 -0.00919135 -0.00913435 -0.00907771 -0.00903066 -0.00898432 -0.00894637 -0.0089097 -0.00888028 -0.00885274 -0.00883147 -0.00881261 -0.00879929 -0.00878874 -0.00878331 -0.00878082 -0.00878331 -0.00878874 -0.00879929 -0.00881261 -0.00883147 -0.00885274 -0.00888028 -0.0089097 -0.00894637 -0.00898432 -0.00903066 -0.00907771 -0.00913435 -0.00919135 -0.00925895 -0.00932707 -0.00940637 -0.00948715 -0.00957893 -0.00967425 -0.00977952 -0.00989151 -0.0100117 -0.0101425 -0.0102798 -0.0104317 -0.0105892 -0.0107644 -0.010947 -0.0111481 -0.0113619 -0.0115935 -0.0118457 -0.0121153 -0.0124142 -0.0127334 -0.0130885 -0.0134728 -0.013896 -0.0143623 -0.0148697 -0.0154341 -0.0160467 -0.0167245 -0.0174658 -0.0182758 -0.0191692 -0.0201387 -0.0212063 -0.0223695 -0.0236368 -0.0250235 -0.0265194 -0.0281433 -0.0298864 -0.0317426 -0.0337189 -0.0357866 -0.0379453 -0.0401777 -0.04245 -0.0447578 -0.0470568 -0.0493093 -0.0514886 -0.0535203 -0.055357 -0.0569436 -0.0581885 -0.0590433 -0.0594401 -0.0592889 -0.0585521 -0.0571652 -0.055049 -0.052178 -0.0484867 -0.0438872 -0.0383558 -0.0318546 -0.0243452 -0.0158828 -0.00651678 0.00375529 0.0148646 0.0266889 0.0391234 0.051996 0.0650647 0.0781391 0.0910366 0.10348 0.115191 0.125993 0.135704 0.144076 0.150909 0.156106 0.159587 
0 -0.00672933 -0.013225 -0.0192643 -0.0246592 -0.0292657 -0.0329948 -0.0358419 -0.0378639 -0.0391346 -0.0397936 -0.0400789 -0.0401966 -0.0402517 -0.0403798 -0.0407635 -0.0414784 -0.0425217 -0.0439162 -0.0456244 -0.047546 -0.0496424 -0.0518492 -0.0540096 -0.0560204 -0.0578113 -0.0592702 -0.0603627 -0.0610948 -0.0614197 -0.0613488 -0.060914 -0.0600994 -0.0589532 -0.0575258 -0.0558303 -0.0539395 -0.0518973 -0.049728 -0.0475028 -0.0452413 -0.0429743 -0.0407521 -0.038572 -0.0364697 -0.034461 -0.0325384 -0.0307335 -0.0290314 -0.0274393 -0.0259672 -0.0245932 -0.0233359 -0.0221759 -0.0211108 -0.0201438 -0.0192502 -0.0184436 -0.0177008 -0.0170232 -0.0164074 -0.0158362 -0.0153223 -0.0148425 -0.0144088 -0.0140081 -0.0136393 -0.0133054 -0.0129916 -0.0127117 -0.0124463 -0.0122089 -0.0119857 -0.0117818 -0.0115944 -0.0114178 -0.0112596 -0.0111063 -0.0109716 -0.0108388 -0.0107228 -0.0106086 -0.010508 -0.0104107 -0.0103231 -0.0102412 -0.0101653 -0.0100974 -0.0100324 -0.00997722 -0.00992265 -0.0098791 -0.00983464 -0.00980188 -0.00976729 -0.00974471 -0.00971977 -0.00970693 -0.00969148 -0.00968815 -0.0096821 -0.00968815 -0.00969148 -0.00970693 -0.00971977 -0.00974471 -0.00976729 -0.00980188 -0.00983464 -0.0098791 -0.00992265 -0.00997722 -0.0100324 -0.0100974 -0.0101653 -0.0102412 -0.0103231 -0.0104107 -0.010508 -0.0106086 -0.0107228 -0.0108388 -0.0109716 -0.0111063 -0.0112596 -0.0114178 -0.0115944 -0.0117818 -0.0119857 -0.0122089 -0.0124463 -0.0127117 -0.0129916 -0.0133054 -0.0136393 -0.0140081 -0.0144088 -0.0148425 -0.0153223 -0.0158362 -0.0164074 -0.0170232 -0.0177008 -0.0184436 -0.0192502 -0.0201438 -0.0211108 -0.0221759 -0.0233359 -0.0245932 -0.0259672 -0.0274393 -0.0290314 -0.0307335 -0.0325384 -0.034461 -0.0364697 -0.038572 -0.0407521 -0.0429742 -0.0452411 -0.0475022 -0.0497263 -0.0518932 -0.0539295 -0.0558075 -0.0574767 -0.0588525 -0.0599037 -0.0605535 -0.0607187 -0.0603734 -0.0594394 -0.0578568 -0.0556181 -0.052649 -0.0488892 -0.0443232 -0.0388704 -0.032488 -0.0252228 -0.0170765 -0.00805605 0.00176254 0.0123483 0.0236626 0.0355271 0.0477431 0.0601852 0.072683 0.0850012 0.0969348 0.108292 0.118869 0.128496 0.137028 0.144286 0.150134 0.154534 0.157458 
0 -0.00744055 -0.014576 -0.0211894 -0.0270984 -0.0321073 -0.0360971 -0.0390826 -0.0411165 -0.0422471 -0.0426152 -0.0424506 -0.0419569 -0.0413237 -0.0407635 -0.0404212 -0.0403809 -0.0407631 -0.0416233 -0.0428834 -0.044497 -0.0464473 -0.0486147 -0.0508912 -0.0532136 -0.0554289 -0.0574109 -0.0591267 -0.0604919 -0.0614603 -0.0620656 -0.0622745 -0.0620879 -0.0615601 -0.0606745 -0.0594692 -0.0580074 -0.0562915 -0.0543937 -0.052366 -0.0502221 -0.0480391 -0.0458321 -0.0436233 -0.0414659 -0.0393455 -0.0372996 -0.0353421 -0.0334611 -0.0316959 -0.0300241 -0.0284598 -0.0270113 -0.0256532 -0.024412 -0.0232578 -0.0221977 -0.0212296 -0.0203295 -0.0195175 -0.0187612 -0.0180752 -0.0174455 -0.0168631 -0.0163392 -0.0158464 -0.0154065 -0.0149928 -0.0146187 -0.0142736 -0.0139526 -0.0136643 -0.0133885 -0.0131455 -0.0129097 -0.0127019 -0.012502 -0.0123221 -0.0121539 -0.011997 -0.011856 -0.0117192 -0.0116012 -0.0114826 -0.0113839 -0.0112825 -0.0112 -0.0111145 -0.0110461 -0.0109756 -0.0109197 -0.0108632 -0.0108187 -0.0107754 -0.0107416 -0.0107106 -0.0106874 -0.010668 -0.0106552 -0.0106469 -0.0106445 -0.0106469 -0.0106552 -0.010668 -0.0106874 -0.0107106 -0.0107416 -0.0107754 -0.0108187 -0.0108632 -0.0109197 -0.0109756 -0.0110461 -0.0111145 -0.0112 -0.0112825 -0.0113839 -0.0114826 -0.0116012 -0.0117192 -0.011856 -0.011997 -0.0121539 -0.0123221 -0.012502 -0.0127019 -0.0129097 -0.0131455 -0.0133885 -0.0136643 -0.0139526 -0.0142736 -0.0146187 -0.0149928 -0.0154065 -0.0158464 -0.0163392 -0.0168631 -0.0174455 -0.0180752 -0.0187612 -0.0195175 -0.0203295 -0.0212296 -0.0221977 -0.0232578 -0.024412 -0.0256532 -0.0270113 -0.0284598 -0.0300241 -0.0316959 -0.0334611 -0.0353421 -0.0372996 -0.0393455 -0.0414659 -0.0436233 -0.045832 -0.048039 -0.0502217 -0.0523648 -0.0543906 -0.0562839 -0.0579898 -0.0594306 -0.060594 -0.0614011 -0.0617897 -0.0617441 -0.0611697 -0.0600196 -0.058278 -0.0558581 -0.052742 -0.0489275 -0.0443288 -0.0389248 -0.0327148 -0.0256352 -0.0177146 -0.00903357 0.00041368 0.0105926 0.0213867 0.0327092 0.0444244 0.0563018 0.0681688 0.0799072 0.091315 0.102162 0.112299 0.121604 0.129929 0.137152 0.143199 0.148027 0.151614 0.153956 
0 -0.00798562 -0.0156424 -0.0227408 -0.0290834 -0.0344584 -0.0387367 -0.0419127 -0.0440227 -0.0451244 -0.0453427 -0.0448566 -0.0438871 -0.0426925 -0.0414784 -0.0403809 -0.0395849 -0.0392701 -0.0394659 -0.0401547 -0.0413497 -0.042972 -0.0449234 -0.0471824 -0.0496323 -0.0520961 -0.054498 -0.0567265 -0.0586539 -0.0602786 -0.0615591 -0.0624326 -0.0629416 -0.0630651 -0.0627862 -0.0621778 -0.0612328 -0.0599829 -0.0585084 -0.0568024 -0.0549309 -0.0529479 -0.050851 -0.0487209 -0.0465681 -0.0444113 -0.0423114 -0.0402447 -0.0382558 -0.0363533 -0.034521 -0.0328034 -0.0311652 -0.0296304 -0.0281999 -0.02685 -0.0256149 -0.0244544 -0.023392 -0.022414 -0.021505 -0.0206864 -0.0199173 -0.0192275 -0.0185843 -0.0179965 -0.0174612 -0.0169575 -0.0165091 -0.0160792 -0.0156982 -0.0153346 -0.0150061 -0.0147012 -0.0144159 -0.014161 -0.0139135 -0.0136996 -0.0134868 -0.0133057 -0.013125 -0.0129702 -0.0128189 -0.0126857 -0.0125607 -0.0124459 -0.0123441 -0.0122457 -0.0121641 -0.0120809 -0.0120171 -0.0119481 -0.0119 -0.0118448 -0.011811 -0.0117689 -0.0117483 -0.011719 -0.0117111 -0.0116943 -0.0116988 -0.0116943 -0.0117111 -0.011719 -0.0117483 -0.0117689 -0.011811 -0.0118448 -0.0119 -0.0119481 -0.0120171 -0.0120809 -0.0121641 -0.0122457 -0.0123441 -0.0124459 -0.0125607 -0.0126857 -0.0128189 -0.0129702 -0.013125 -0.0133057 -0.0134868 -0.0136996 -0.0139135 -0.014161 -0.0144159 -0.0147012 -0.0150061 -0.0153346 -0.0156982 -0.0160792 -0.0165091 -0.0169575 -0.0174612 -0.0179965 -0.0185843 -0.0192275 -0.0199173 -0.0206864 -0.021505 -0.022414 -0.023392 -0.0244544 -0.0256149 -0.02685 -0.0281999 -0.0296304 -0.0311652 -0.0328034 -0.034521 -0.0363533 -0.0382558 -0.0402447 -0.0423114 -0.0444113 -0.0465681 -0.0487209 -0.0508509 -0.0529476 -0.05493 -0.0568001 -0.0585027 -0.0599695 -0.0612028 -0.0621143 -0.0626585 -0.0628215 -0.0625005 -0.0616743 -0.0603187 -0.0583421 -0.0557544 -0.0525363 -0.04861 -0.0439944 -0.0386598 -0.0325251 -0.0256256 -0.0179794 -0.00955741 -0.000433593 0.00932629 0.019715 0.0306061 0.0418003 0.0531637 0.0645493 0.0757615 0.0866313 0.0969867 0.106639 0.11547 0.123406 0.130339 0.136195 0.141003 0.144806 0.14759 0.149363 
0 -0.00834287 -0.0163855 -0.0238651 -0.0305514 -0.0362548 -0.0408509 -0.0442764 -0.0465322 -0.0476974 -0.0478894 -0.0472441 -0.0459704 -0.0443251 -0.0425217 -0.0407631 -0.0392701 -0.0381898 -0.0376165 -0.0376522 -0.0382889 -0.039431 -0.041063 -0.0431338 -0.0454864 -0.0480378 -0.0506942 -0.0532701 -0.055692 -0.0579086 -0.0597934 -0.0613404 -0.0625416 -0.0633232 -0.0637339 -0.0637805 -0.0634339 -0.0627778 -0.0618108 -0.0605496 -0.0590851 -0.0574027 -0.0555657 -0.0536343 -0.0515939 -0.0495313 -0.0474481 -0.0453589 -0.0433273 -0.0413172 -0.0393836 -0.037526 -0.0357315 -0.0340507 -0.0324369 -0.0309302 -0.0295171 -0.028182 -0.0269597 -0.0257991 -0.0247417 -0.0237528 -0.0228369 -0.0220037 -0.0212156 -0.0205123 -0.0198437 -0.0192441 -0.0186848 -0.0181691 -0.0177041 -0.0172601 -0.0168714 -0.0164919 -0.0161623 -0.0158414 -0.0155574 -0.015289 -0.0150416 -0.0148185 -0.0146023 -0.0144172 -0.0142293 -0.0140755 -0.0139141 -0.013786 -0.0136497 -0.0135431 -0.0134303 -0.0133423 -0.0132515 -0.01318 -0.0131095 -0.0130535 -0.0130016 -0.0129605 -0.012926 -0.0128993 -0.0128811 -0.012869 -0.0128662 -0.012869 -0.0128811 -0.0128993 -0.012926 -0.0129605 -0.0130016 -0.0130535 -0.0131095 -0.01318 -0.0132515 -0.0133423 -0.0134303 -0.0135431 -0.0136497 -0.013786 -0.0139141 -0.0140755 -0.0142293 -0.0144172 -0.0146023 -0.0148185 -0.0150416 -0.015289 -0.0155574 -0.0158414 -0.0161623 -0.0164919 -0.0168714 -0.0172601 -0.0177041 -0.0181691 -0.0186848 -0.0192441 -0.0198437 -0.0205123 -0.0212156 -0.0220037 -0.0228369 -0.0237528 -0.0247417 -0.0257991 -0.0269597 -0.028182 -0.0295171 -0.0309302 -0.0324369 -0.0340507 -0.0357315 -0.037526 -0.0393836 -0.0413172 -0.0433273 -0.0453589 -0.0474481 -0.0495313 -0.0515939 -0.0536342 -0.0555655 -0.0574021 -0.0590834 -0.0605454 -0.0618007 -0.0627549 -0.0633845 -0.0636794 -0.0635374 -0.0629609 -0.0619074 -0.0602845 -0.0581171 -0.0553607 -0.0519624 -0.0479755 -0.0433521 -0.0380335 -0.0320489 -0.0253389 -0.0178685 -0.00972735 -0.000936974 0.0085006 0.018481 0.0289182 0.0397201 0.0506803 0.0616017 0.0723633 0.0828051 0.0927211 0.101936 0.110316 0.11778 0.124286 0.129796 0.134307 0.137908 0.140697 0.142699 0.143948 
