0 0 0 0 0 0 0 0 0 0 0 0 0 0 0 0 0 0 0 0 0 0 0 0 0 0 0 0 0 0 0 0 0 0 0 0 0 0 0 0 0 0 0 0 0 0 0 0 0 0 0 0 0 0 0 0 0 0 0 0 0 0 0 0 0 0 0 0 0 0 0 0 0 0 0 0 0 0 0 0 0 0 0 0 0 0 0 0 0 0 0 0 0 0 0 0 0 0 0 0 0 0 0 0 0 0 0 0 0 0 0 0 0 0 0 0 0 0 0 0 0 0 0 0 0 0 0 0 0 0 0 0 0 0 0 0 0 0 0 0 0 0 0 0 0 0 0 0 0 0 0 0 0 0 0 0 0 0 0 0 0 0 0 0 0 0 0 0 0 0 0 0 0 0 0 0 0 0 0 0 0 0 0 0 0 0 0 0 0 0 0 0 0 0 0 0 0 0 0 0 
0 0.00026569 0.000429184 0.000643576 0.000954497 0.00122681 0.00151352 0.00191508 0.00231956 0.00270571 0.00319025 0.00370323 0.00416525 0.0046552 0.00512699 0.00547248 0.00570963 0.00581155 0.00573003 0.00545795 0.00492271 0.00413885 0.00317719 0.00197781 0.000574486 -0.000904686 -0.00242052 -0.00389626 -0.00527864 -0.00653454 -0.00753474 -0.00825686 -0.00872567 -0.00891567 -0.00886561 -0.00856066 -0.00802493 -0.00736292 -0.00660698 -0.00582862 -0.00505362 -0.00427668 -0.00356032 -0.0029029 -0.00234249 -0.00189114 -0.00151452 -0.00122844 -0.000986001 -0.000792753 -0.000642665 -0.000514586 -0.000433171 -0.000363381 -0.000324824 -0.000299275 -0.000280109 -0.000278566 -0.000267012 -0.000271843 -0.000265575 -0.000266445 -0.000265477 -0.000259718 -0.000262454 -0.000252673 -0.000256035 -0.000246644 -0.000247829 -0.000242231 -0.000239986 -0.000239339 -0.000234118 -0.000237548 -0.000230861 -0.000236417 -0.000229992 -0.000235623 -0.000230795 -0.000234978 -0.000232438 -0.000234389 -0.00023423 -0.000233821 -0.000235729 -0.000233265 -0.000236735 -0.000232724 -0.000237232 -0.00023221 -0.000237315 -0.000231738 -0.000237127 -0.000231329 -0.000236814 -0.000231001 -0.000236498 -0.000230771 -0.000236272 -0.000230653 -0.000236191 -0.000230653 -0.000236272 -0.000230771 -0.000236498 -0.000231001 -0.000236814 -0.000231329 -0.000237127 -0.000231738 -0.000237315 -0.00023221 -0.000237232 -0.000232724 -0.000236735 -0.000233265 -0.000235729 -0.000233821 -0.00023423 -0.000234389 -0.000232438 -0.000234978 -0.000230795 -0.000235623 -0.000229992 -0.000236417 -0.000230861 -0.000237548 -0.000234118 -0.000239339 -0.000239986 -0.000242231 -0.000247828 -0.000246643 -0.000256031 -0.000252661 -0.000262419 -0.000259621 -0.000265218 -0.000265789 -0.00026399 -0.000268186 -0.000258965 -0.0002617 -0.00024647 -0.000235481 -0.000209874 -0.000166647 -0.000113254 -1.96044e-05 8.82036e-05 0.000242398 0.000430833 0.000662992 0.000970872 0.00134358 0.00183155 0.00241568 0.00308959 0.00384172 0.0046111 0.00541459 0.00621418 0.00698396 0.00769159 0.00822328 0.00855363 0.00864489 0.00847299 0.00805727 0.00732437 0.00629168 0.00503783 0.00360148 0.00207883 0.000493709 -0.00111014 -0.00257736 -0.00388273 -0.00502836 -0.00594942 -0.00664457 -0.00708235 -0.00727407 -0.00732159 -0.00719108 -0.00687848 -0.00653218 -0.00614852 -0.00567461 -0.00521893 -0.00480335 -0.00436785 -0.00398731 -0.00370321 -0.00343546 -0.00318003 -0.00299453 -0.00286917 -0.00277699 
0 0.000429184 0.000877789 0.00138143 0.00191562 0.00246736 0.0031079 0.00384686 0.00462576 0.00547659 0.00642869 0.00740237 0.00835459 0.00929088 0.0101517 0.0108548 0.0113251 0.0114978 0.011334 0.0107419 0.00964842 0.00811307 0.00616545 0.0037893 0.00107496 -0.00184629 -0.00483199 -0.00774484 -0.0105043 -0.0129585 -0.0149402 -0.0163964 -0.0173044 -0.0176897 -0.0175789 -0.0169684 -0.0159547 -0.0146554 -0.0131862 -0.0116613 -0.0101104 -0.00858979 -0.00715357 -0.00584339 -0.00472622 -0.00379535 -0.00304806 -0.00245607 -0.00197349 -0.00159749 -0.00129091 -0.0010582 -0.000885787 -0.000756817 -0.000676764 -0.000614597 -0.00058142 -0.000555571 -0.000538534 -0.000530318 -0.000517569 -0.000516661 -0.000507196 -0.000507526 -0.000502868 -0.000501219 -0.000501394 -0.000497059 -0.000500163 -0.000494198 -0.000497564 -0.000491666 -0.000493123 -0.000488688 -0.000487213 -0.000484882 -0.000480589 -0.000480266 -0.000474013 -0.000475131 -0.00046804 -0.00046988 -0.00046297 -0.000464887 -0.000458885 -0.000460425 -0.000455723 -0.000456642 -0.00045335 -0.00045358 -0.000451615 -0.000451204 -0.000450378 -0.000449443 -0.000449523 -0.000448213 -0.000448968 -0.00044744 -0.000448656 -0.000447067 -0.000448555 -0.000447067 -0.000448656 -0.00044744 -0.000448968 -0.000448213 -0.000449523 -0.000449443 -0.000450378 -0.000451204 -0.000451615 -0.00045358 -0.00045335 -0.000456642 -0.000455723 -0.000460425 -0.000458885 -0.000464887 -0.00046297 -0.00046988 -0.00046804 -0.000475131 -0.000474013 -0.000480266 -0.000480589 -0.000484882 -0.000487213 -0.000488688 -0.000493123 -0.000491666 -0.000497563 -0.000494197 -0.000500162 -0.000497056 -0.000501384 -0.000501188 -0.00050278 -0.000507289 -0.000506579 -0.000515126 -0.000513919 -0.000522036 -0.0005206 -0.000518552 -0.000508642 -0.000478431 -0.000434442 -0.000346692 -0.00022525 -4.41359e-05 0.000197863 0.000503626 0.00089778 0.00137588 0.00198696 0.00275192 0.00370371 0.00486402 0.00619087 0.00766165 0.00920908 0.0107944 0.0123939 0.0139198 0.0152852 0.0163412 0.0169691 0.0171337 0.0167857 0.0159077 0.0144629 0.0124437 0.00997724 0.00718278 0.00416247 0.00103295 -0.00209327 -0.00502716 -0.00762968 -0.00988227 -0.0117185 -0.0130706 -0.0139517 -0.0144025 -0.014494 -0.0142654 -0.0137391 -0.0130361 -0.0122467 -0.0113608 -0.0104498 -0.00961284 -0.00882779 -0.00808044 -0.00742809 -0.00688373 -0.00642885 -0.00607038 -0.00580001 -0.00560201 
0 0.000643576 0.00138143 0.00213582 0.00289679 0.00378558 0.00479139 0.00584275 0.0070158 0.0083332 0.00969163 0.011094 0.0125366 0.0138842 0.0150825 0.016083 0.0167183 0.0169137 0.0166094 0.0156569 0.0140414 0.0117808 0.00884376 0.0053394 0.0013822 -0.00290588 -0.00727256 -0.0115552 -0.0155915 -0.0191345 -0.0220556 -0.0242279 -0.0255869 -0.0261929 -0.0260282 -0.0251623 -0.023728 -0.0218376 -0.0197049 -0.0174428 -0.0151385 -0.012905 -0.0107721 -0.00885195 -0.00718737 -0.00578418 -0.00466335 -0.0037437 -0.00301861 -0.00243682 -0.00196632 -0.00161817 -0.00133864 -0.0011528 -0.00101663 -0.000926201 -0.000876712 -0.000831836 -0.000819634 -0.000796393 -0.000791534 -0.00078205 -0.000772777 -0.00077282 -0.00075892 -0.000763096 -0.000749152 -0.000751932 -0.00074239 -0.000740325 -0.000737078 -0.000729665 -0.000731866 -0.000720882 -0.000726048 -0.000714211 -0.000719569 -0.000709348 -0.000712781 -0.000705742 -0.000706154 -0.000702854 -0.000700088 -0.000700293 -0.000694824 -0.000697851 -0.000690446 -0.000695476 -0.000686928 -0.000693208 -0.000684184 -0.000691135 -0.000682106 -0.000689353 -0.000680595 -0.000687944 -0.000679571 -0.000686971 -0.000678978 -0.000686475 -0.000678784 -0.000686475 -0.000678978 -0.000686971 -0.000679571 -0.000687944 -0.000680595 -0.000689353 -0.000682106 -0.000691135 -0.000684184 -0.000693208 -0.000686928 -0.000695476 -0.000690446 -0.000697851 -0.000694824 -0.000700293 -0.000700088 -0.000702854 -0.000706154 -0.000705742 -0.000712781 -0.000709348 -0.000719569 -0.000714211 -0.000726048 -0.000720882 -0.000731866 -0.000729665 -0.000737078 -0.000740325 -0.000742388 -0.000751924 -0.000749129 -0.000763032 -0.000758742 -0.000772347 -0.000771577 -0.000779139 -0.00078478 -0.00078142 -0.000787944 -0.000767852 -0.000753557 -0.000700354 -0.000622128 -0.000496245 -0.000296507 -3.71102e-05 0.000334741 0.00079304 0.00138389 0.00212769 0.00304798 0.00422617 0.00565498 0.00737921 0.00935529 0.011512 0.0138175 0.0161594 0.0185001 0.0207242 0.0226579 0.024175 0.0250808 0.0252991 0.0247811 0.0234345 0.0212889 0.018357 0.0147424 0.0106562 0.00621677 0.00162652 -0.00288958 -0.00718669 -0.0110496 -0.0143607 -0.0170856 -0.0191175 -0.020478 -0.0212405 -0.0214066 -0.0211003 -0.020443 -0.0194602 -0.0182929 -0.0170641 -0.0157692 -0.0144966 -0.0133433 -0.0122682 -0.0112818 -0.0104628 -0.00979739 -0.00924475 -0.00882053 -0.0085367 
0 0.000954497 0.00191562 0.00289679 0.00398429 0.00522142 0.00653777 0.00795019 0.0095452 0.0112557 0.0130013 0.0148243 0.0166669 0.018377 0.0198739 0.0210535 0.0217825 0.0219496 0.0214024 0.0200707 0.0179493 0.0149431 0.0110799 0.00652879 0.00140127 -0.00410457 -0.00974074 -0.0152913 -0.0204489 -0.0249945 -0.0287825 -0.0316193 -0.0334552 -0.0342724 -0.0340834 -0.0330366 -0.0312333 -0.0288557 -0.0261206 -0.0231596 -0.0201655 -0.0172343 -0.014458 -0.0119564 -0.00974381 -0.00788727 -0.00635721 -0.00510798 -0.00412388 -0.00331642 -0.00269357 -0.00220279 -0.00182856 -0.00156981 -0.0013715 -0.00125767 -0.00117078 -0.00112374 -0.0010961 -0.0010697 -0.00106653 -0.00104543 -0.0010463 -0.00103056 -0.00102562 -0.00101766 -0.00100501 -0.00100425 -0.000987134 -0.000990099 -0.00097353 -0.000976059 -0.000964144 -0.000963269 -0.000957874 -0.000952572 -0.000953348 -0.000944274 -0.000949445 -0.000938191 -0.000945504 -0.00093385 -0.00094129 -0.000930705 -0.000936855 -0.000928285 -0.000932398 -0.000926269 -0.000928148 -0.000924484 -0.000924308 -0.000922879 -0.000921031 -0.000921479 -0.000918414 -0.000920344 -0.000916517 -0.000919542 -0.00091537 -0.000919127 -0.000914986 -0.000919127 -0.00091537 -0.000919542 -0.000916517 -0.000920344 -0.000918414 -0.000921479 -0.000921031 -0.000922879 -0.000924308 -0.000924484 -0.000928148 -0.000926269 -0.000932398 -0.000928285 -0.000936855 -0.000930705 -0.00094129 -0.00093385 -0.000945504 -0.000938191 -0.000949445 -0.000944274 -0.000953348 -0.000952572 -0.000957874 -0.000963269 -0.000964144 -0.000976059 -0.00097353 -0.000990097 -0.000987129 -0.00100423 -0.00100497 -0.00101753 -0.00102527 -0.00102968 -0.00104412 -0.00104028 -0.0010549 -0.00104461 -0.00104439 -0.001022 -0.000979831 -0.000915825 -0.000787692 -0.000617896 -0.000344287 1.6612e-05 0.000502149 0.00113894 0.00192847 0.00295255 0.00421596 0.00579998 0.0077296 0.00998802 0.012582 0.0154021 0.0184026 0.0214792 0.0244883 0.0273213 0.0297514 0.0316206 0.0327667 0.033006 0.0322784 0.0304912 0.0276567 0.0238882 0.019256 0.0139653 0.00825265 0.00234715 -0.00344792 -0.00895286 -0.0139943 -0.0183298 -0.0218784 -0.0246134 -0.0265017 -0.0275942 -0.0279327 -0.0276329 -0.0268859 -0.0257475 -0.0242987 -0.0227461 -0.0211548 -0.0195158 -0.0179565 -0.0165729 -0.0153351 -0.0142368 -0.0133126 -0.0125715 -0.012011 -0.0116299 
0 0.00122681 0.00246736 0.00378558 0.00522142 0.0067493 0.00838819 0.0102061 0.0121794 0.0142459 0.0164027 0.0185965 0.020725 0.0227096 0.0244061 0.0256737 0.0264305 0.0264714 0.0256205 0.0238873 0.0211906 0.0174419 0.0127543 0.00724662 0.00109243 -0.00546231 -0.0122314 -0.018872 -0.0250201 -0.0304876 -0.0350332 -0.0384923 -0.0407791 -0.0417902 -0.0416411 -0.0404643 -0.038384 -0.0356403 -0.0323773 -0.0288231 -0.0251986 -0.0216128 -0.0182513 -0.0151658 -0.0124277 -0.0101026 -0.00813667 -0.00655927 -0.00528071 -0.00426114 -0.00347545 -0.0028402 -0.0023834 -0.00202729 -0.00178082 -0.00161583 -0.00148983 -0.00142942 -0.00136646 -0.00134518 -0.00131742 -0.00130124 -0.00129534 -0.00127505 -0.00128035 -0.00125942 -0.00126564 -0.0012502 -0.00124998 -0.0012434 -0.00123422 -0.00123584 -0.00121952 -0.00122589 -0.00120661 -0.0012135 -0.00119561 -0.00119965 -0.00118628 -0.00118566 -0.00117822 -0.00117265 -0.0011711 -0.00116136 -0.00116472 -0.00115207 -0.001159 -0.00114476 -0.00115394 -0.00113922 -0.00114958 -0.00113515 -0.00114596 -0.00113225 -0.00114312 -0.00113029 -0.00114109 -0.00112908 -0.00113986 -0.00112851 -0.00113945 -0.00112851 -0.00113986 -0.00112908 -0.00114109 -0.00113029 -0.00114312 -0.00113225 -0.00114596 -0.00113515 -0.00114958 -0.00113922 -0.00115394 -0.00114476 -0.001159 -0.00115207 -0.00116472 -0.00116136 -0.0011711 -0.00117265 -0.00117822 -0.00118566 -0.00118628 -0.00119965 -0.00119561 -0.0012135 -0.00120661 -0.00122589 -0.00121952 -0.00123584 -0.00123422 -0.0012434 -0.00124997 -0.00125016 -0.00126555 -0.00125917 -0.00127971 -0.00127345 -0.00129151 -0.00129246 -0.00129816 -0.00130478 -0.00128551 -0.00127454 -0.0012069 -0.00112233 -0.00095835 -0.000715792 -0.000377683 0.000112027 0.000726266 0.00155289 0.00258453 0.00389098 0.00553729 0.0075267 0.00994194 0.0127231 0.0158668 0.0193192 0.0229497 0.0266906 0.0303156 0.0336466 0.0364982 0.0386265 0.0399101 0.0401287 0.0391324 0.0369126 0.0334539 0.0289103 0.0234147 0.0170923 0.0102758 0.00325506 -0.00369475 -0.0102867 -0.0163574 -0.0216587 -0.0259925 -0.0293928 -0.0318387 -0.0333093 -0.0339249 -0.0337865 -0.0330287 -0.0318155 -0.0302237 -0.028401 -0.0265322 -0.0246468 -0.0227868 -0.0210844 -0.0195664 -0.0182047 -0.0170498 -0.0161361 -0.0154353 -0.0149345 
0 0.00151352 0.0031079 0.00479139 0.00653777 0.00838819 0.0104221 0.012621 0.0149184 0.0173321 0.0198457 0.0223264 0.0246841 0.0268392 0.0286215 0.0298977 0.0305303 0.0303134 0.0291482 0.0269653 0.0236522 0.0192393 0.0138012 0.00744024 0.000415042 -0.00706695 -0.0147623 -0.0222619 -0.0292665 -0.035499 -0.0406953 -0.0447315 -0.0474136 -0.0486783 -0.048645 -0.0473994 -0.0451641 -0.0421188 -0.0384255 -0.0343844 -0.0301772 -0.0260337 -0.0221236 -0.0184939 -0.0152777 -0.0124635 -0.010084 -0.00814239 -0.00654586 -0.00530505 -0.00430738 -0.00353828 -0.00296009 -0.00250714 -0.0022078 -0.00197188 -0.00183157 -0.00173183 -0.00166208 -0.00163285 -0.00158905 -0.00158524 -0.00155561 -0.00155184 -0.00153668 -0.00152322 -0.00152146 -0.00149934 -0.00150544 -0.00148101 -0.00148757 -0.0014676 -0.00146878 -0.00145742 -0.00145068 -0.00144863 -0.00143461 -0.00143993 -0.00142129 -0.00143077 -0.00141075 -0.00142119 -0.00140261 -0.00141155 -0.00139633 -0.00140231 -0.00139137 -0.00139389 -0.00138737 -0.00138655 -0.00138408 -0.00138043 -0.00138138 -0.00137559 -0.00137924 -0.00137202 -0.00137768 -0.00136967 -0.00137673 -0.0013685 -0.0013764 -0.0013685 -0.00137673 -0.00136967 -0.00137768 -0.00137202 -0.00137924 -0.00137559 -0.00138138 -0.00138043 -0.00138408 -0.00138655 -0.00138737 -0.00139389 -0.00139137 -0.00140231 -0.00139633 -0.00141155 -0.00140261 -0.00142119 -0.00141075 -0.00143077 -0.00142129 -0.00143993 -0.00143461 -0.00144863 -0.00145068 -0.00145742 -0.00146878 -0.0014676 -0.00148757 -0.001481 -0.00150541 -0.00149928 -0.00152129 -0.00152276 -0.00153553 -0.00154904 -0.00154909 -0.00157071 -0.00155807 -0.00156971 -0.00153912 -0.00150309 -0.00142506 -0.00128133 -0.0010852 -0.000757035 -0.000335394 0.000264444 0.00104187 0.00203937 0.0033413 0.00494738 0.00697589 0.00941155 0.0122844 0.0155984 0.019264 0.0232856 0.0275061 0.0317836 0.0359267 0.0396414 0.0427738 0.0450863 0.0463837 0.0465147 0.0452569 0.0426095 0.0386274 0.0333943 0.0271276 0.0199814 0.0122454 0.00430457 -0.00358931 -0.0111292 -0.018048 -0.024178 -0.0293063 -0.0333625 -0.0363728 -0.038313 -0.0392801 -0.0394075 -0.0387745 -0.0375693 -0.0359689 -0.0340447 -0.0319474 -0.0298513 -0.0278028 -0.0258244 -0.0240047 -0.0224258 -0.0210927 -0.0199775 -0.0191079 -0.0185203 
0 0.00191508 0.00384686 0.00584275 0.00795019 0.0102061 0.012621 0.015155 0.0177825 0.0205103 0.0232775 0.0259662 0.0284739 0.0306847 0.0324571 0.0336147 0.0339659 0.0334178 0.0318804 0.0291779 0.0252796 0.0202618 0.0141474 0.00709335 -0.000667701 -0.00891443 -0.0172848 -0.0254565 -0.0331418 -0.0399725 -0.0457388 -0.0502446 -0.0532859 -0.0548658 -0.0549898 -0.053789 -0.0514929 -0.0482228 -0.0442458 -0.0398027 -0.0351224 -0.0305099 -0.0260745 -0.0219698 -0.0182728 -0.0149849 -0.0122013 -0.009853 -0.00795134 -0.00644125 -0.00522599 -0.00431208 -0.00357959 -0.0030487 -0.00265511 -0.00236494 -0.00218971 -0.00204346 -0.00197795 -0.00191229 -0.00188114 -0.00185902 -0.00182864 -0.00182745 -0.00179384 -0.0017974 -0.00176847 -0.00176593 -0.00174897 -0.00173593 -0.00173258 -0.00171063 -0.00171723 -0.0016915 -0.00170193 -0.00167817 -0.00168664 -0.00166913 -0.00167185 -0.00166261 -0.0016582 -0.00165713 -0.00164611 -0.0016518 -0.0016358 -0.00164625 -0.00162725 -0.00164051 -0.00162031 -0.00163483 -0.00161478 -0.00162954 -0.0016105 -0.00162495 -0.0016073 -0.0016213 -0.00160507 -0.00161877 -0.00160376 -0.00161748 -0.00160333 -0.00161748 -0.00160376 -0.00161877 -0.00160507 -0.0016213 -0.0016073 -0.00162495 -0.0016105 -0.00162954 -0.00161478 -0.00163483 -0.00162031 -0.00164051 -0.00162725 -0.00164625 -0.0016358 -0.0016518 -0.00164611 -0.00165713 -0.0016582 -0.00166261 -0.00167185 -0.00166913 -0.00168664 -0.00167817 -0.00170193 -0.0016915 -0.00171723 -0.00171063 -0.00173257 -0.00173592 -0.00174893 -0.00176581 -0.00176815 -0.00179658 -0.00179182 -0.00182267 -0.00181782 -0.00183559 -0.00183258 -0.00181609 -0.00179584 -0.001714 -0.00161992 -0.00142191 -0.00115885 -0.000766479 -0.000220256 0.000482575 0.00144384 0.00264508 0.0042122 0.00617112 0.00856734 0.0114661 0.0147953 0.0185985 0.0227858 0.0272901 0.0320261 0.0367355 0.0412418 0.0452535 0.0485303 0.0509178 0.0521444 0.0520714 0.0505563 0.0475152 0.043068 0.0372837 0.0303538 0.0225693 0.0141617 0.00548822 -0.00312688 -0.011417 -0.0190494 -0.0258519 -0.0317114 -0.0364439 -0.0400166 -0.0424871 -0.043904 -0.0443762 -0.044013 -0.042966 -0.0414507 -0.0395738 -0.0374089 -0.0351441 -0.0329216 -0.0307675 -0.0287475 -0.0269614 -0.0254268 -0.0241314 -0.0231221 -0.0224393 
0 0.00231956 0.00462576 0.0070158 0.0095452 0.0121794 0.0149184 0.0177825 0.0207397 0.0237296 0.0266771 0.0294764 0.032007 0.0341565 0.0357814 0.0366765 0.0366912 0.0357566 0.0337288 0.0304764 0.0260253 0.0204273 0.0137612 0.00617693 -0.0021555 -0.0109196 -0.019763 -0.0284399 -0.036603 -0.0439159 -0.0501339 -0.0549886 -0.0583812 -0.060264 -0.0606023 -0.0595618 -0.0572711 -0.0539241 -0.0497933 -0.0450644 -0.0400633 -0.0350292 -0.0301369 -0.0255862 -0.0213963 -0.0176765 -0.0144537 -0.0117111 -0.00949294 -0.00768022 -0.00626874 -0.00516373 -0.00429552 -0.00366242 -0.00315675 -0.00281907 -0.00256128 -0.00238949 -0.0022846 -0.00219298 -0.00216236 -0.00210944 -0.00210053 -0.00207309 -0.00205985 -0.00205272 -0.0020288 -0.00203455 -0.00200472 -0.00201344 -0.00198595 -0.00198898 -0.0019703 -0.00196309 -0.00195566 -0.00193817 -0.0019407 -0.00191608 -0.00192502 -0.00189772 -0.00190899 -0.00188313 -0.00189331 -0.00187183 -0.00187871 -0.00186315 -0.00186573 -0.00185643 -0.00185466 -0.00185118 -0.00184561 -0.00184704 -0.0018385 -0.00184384 -0.0018332 -0.00184146 -0.00182955 -0.00183988 -0.00182742 -0.00183909 -0.00182672 -0.00183909 -0.00182742 -0.00183988 -0.00182955 -0.00184146 -0.0018332 -0.00184384 -0.0018385 -0.00184704 -0.00184561 -0.00185118 -0.00185466 -0.00185643 -0.00186573 -0.00186315 -0.00187871 -0.00187183 -0.00189331 -0.00188313 -0.00190899 -0.00189772 -0.00192502 -0.00191608 -0.0019407 -0.00193817 -0.00195566 -0.00196309 -0.0019703 -0.00198898 -0.00198594 -0.00201341 -0.00200464 -0.00203433 -0.00202822 -0.00205128 -0.00205639 -0.00206514 -0.00208303 -0.00207257 -0.00208806 -0.00204987 -0.00202109 -0.00192558 -0.00177985 -0.00155775 -0.00120115 -0.000739966 -6.72671e-05 0.000789087 0.00192718 0.003399 0.00524373 0.00758051 0.0103747 0.0136963 0.0174974 0.0217309 0.0263933 0.0313253 0.0364397 0.0414943 0.0462186 0.0504082 0.0537526 0.056072 0.0571506 0.0567856 0.0549479 0.0515661 0.0466962 0.0404856 0.0330873 0.0248314 0.0159997 0.00683118 -0.00231892 -0.0111443 -0.0193603 -0.0267377 -0.0331814 -0.0385414 -0.0427008 -0.0457236 -0.0476807 -0.0486222 -0.0486631 -0.0479435 -0.0466205 -0.0448565 -0.042781 -0.0405109 -0.0381758 -0.0359085 -0.0337853 -0.0318175 -0.0300715 -0.0286531 -0.0275557 -0.0267443 
0 0.00270571 0.00547659 0.0083332 0.0112557 0.0142459 0.0173321 0.0205103 0.0237296 0.0269058 0.0299417 0.03275 0.0352169 0.0371823 0.0384926 0.0390193 0.0386337 0.0372021 0.0346205 0.0308472 0.0258824 0.0197852 0.0126786 0.00467664 -0.00401894 -0.0130791 -0.0222268 -0.0311848 -0.0396304 -0.0472751 -0.0537881 -0.058947 -0.0626745 -0.0648573 -0.065503 -0.0646803 -0.0624903 -0.0591949 -0.0549918 -0.0501317 -0.0449161 -0.0395457 -0.0342995 -0.0293174 -0.0246975 -0.0205607 -0.0168926 -0.0137786 -0.011185 -0.00906989 -0.00741537 -0.00608667 -0.00508438 -0.0043002 -0.0037099 -0.0032903 -0.00296338 -0.00276729 -0.00260546 -0.00251855 -0.00245183 -0.0024018 -0.00238325 -0.00234146 -0.00234086 -0.00230528 -0.00230384 -0.00228022 -0.00226866 -0.00225974 -0.00223703 -0.00224004 -0.0022107 -0.00221936 -0.00218999 -0.00219767 -0.00217394 -0.00217589 -0.00216109 -0.00215523 -0.00215004 -0.00213665 -0.00213985 -0.00212067 -0.00213007 -0.00210741 -0.00212065 -0.0020967 -0.00211179 -0.00208823 -0.00210376 -0.00208169 -0.00209684 -0.00207677 -0.00209126 -0.00207325 -0.00208717 -0.00207099 -0.00208468 -0.00206988 -0.00208385 -0.00206988 -0.00208468 -0.00207099 -0.00208717 -0.00207325 -0.00209126 -0.00207677 -0.00209684 -0.00208169 -0.00210376 -0.00208823 -0.00211179 -0.0020967 -0.00212065 -0.00210741 -0.00213007 -0.00212067 -0.00213985 -0.00213665 -0.00215004 -0.00215523 -0.00216109 -0.00217589 -0.00217394 -0.00219767 -0.00218999 -0.00221936 -0.0022107 -0.00224003 -0.00223701 -0.00225969 -0.00226851 -0.00227982 -0.00230282 -0.00230281 -0.00233509 -0.00232855 -0.00235561 -0.00234514 -0.00234077 -0.00231039 -0.00223239 -0.00212761 -0.00191277 -0.00163421 -0.00119684 -0.000614199 0.000166768 0.00121653 0.00254495 0.00429042 0.006458 0.0091432 0.0123648 0.0160867 0.0203385 0.0250088 0.0300717 0.0353947 0.0407723 0.0460309 0.0508616 0.0550518 0.058353 0.060486 0.0613006 0.0606248 0.0584253 0.054733 0.0495395 0.0429983 0.0353207 0.0267716 0.0176732 0.00825314 -0.00120523 -0.0103602 -0.0189671 -0.0268135 -0.0337321 -0.0396224 -0.0443957 -0.0480261 -0.0505566 -0.0520529 -0.0526147 -0.0523538 -0.0513831 -0.0498627 -0.0479791 -0.0458542 -0.0435606 -0.0412354 -0.0390289 -0.0369816 -0.0351323 -0.0335905 -0.0323875 -0.0315055 
0 0.00319025 0.00642869 0.00969163 0.0130013 0.0164027 0.0198457 0.0232775 0.0266771 0.0299417 0.0329651 0.0356976 0.0379891 0.0396319 0.0405301 0.0406026 0.039695 0.0376904 0.0345542 0.0302796 0.0248719 0.0183806 0.0109189 0.0026539 -0.00619481 -0.0153819 -0.0246395 -0.0336791 -0.0422378 -0.0500179 -0.0567126 -0.0621362 -0.0661479 -0.0686594 -0.0696485 -0.0690966 -0.067139 -0.0639833 -0.0598361 -0.0549828 -0.0496394 -0.0440652 -0.0385217 -0.0331601 -0.0281674 -0.0236046 -0.019537 -0.0160314 -0.013051 -0.0106294 -0.00867414 -0.00713201 -0.00594558 -0.00500794 -0.00432323 -0.00379026 -0.00341692 -0.00315249 -0.00295935 -0.00285061 -0.00275101 -0.00271026 -0.002658 -0.00263317 -0.00260841 -0.00257916 -0.00257162 -0.00253709 -0.00253751 -0.00250465 -0.00250434 -0.00248012 -0.0024732 -0.00246098 -0.00244555 -0.00244461 -0.00242224 -0.0024291 -0.00240331 -0.00241355 -0.00238818 -0.00239787 -0.00237598 -0.00238246 -0.00236591 -0.00236787 -0.00235733 -0.0023546 -0.00234989 -0.00234303 -0.00234344 -0.00233335 -0.00233797 -0.00232565 -0.00233355 -0.00231992 -0.0023303 -0.00231614 -0.00232831 -0.00231426 -0.00232764 -0.00231426 -0.00232831 -0.00231614 -0.0023303 -0.00231992 -0.00233355 -0.00232565 -0.00233797 -0.00233335 -0.00234344 -0.00234303 -0.00234989 -0.0023546 -0.00235733 -0.00236787 -0.00236591 -0.00238246 -0.00237598 -0.00239787 -0.00238818 -0.00241355 -0.00240331 -0.0024291 -0.00242224 -0.00244461 -0.00244554 -0.00246098 -0.00247319 -0.00248011 -0.0025043 -0.00250455 -0.00253723 -0.00253639 -0.00256988 -0.00257503 -0.00259902 -0.0026127 -0.00261533 -0.00262514 -0.00258861 -0.00255424 -0.00244192 -0.00228748 -0.00202997 -0.00165187 -0.00114154 -0.000418786 0.00050362 0.00174085 0.00332072 0.00533313 0.00786003 0.0109028 0.0145274 0.0186687 0.0233157 0.0284091 0.0338159 0.0394274 0.0449921 0.0502985 0.0551158 0.0591751 0.0622722 0.064137 0.0645928 0.06357 0.0610254 0.0570133 0.0515806 0.0448373 0.0370226 0.028379 0.0191733 0.00968424 0.0001656 -0.00911958 -0.0179405 -0.0260986 -0.0334078 -0.0397529 -0.0450886 -0.0493594 -0.0525118 -0.0546057 -0.055773 -0.056084 -0.0556162 -0.0545275 -0.0529665 -0.051061 -0.0489431 -0.0467149 -0.0444973 -0.0424342 -0.0405867 -0.038972 -0.0376725 -0.0367653 
0 0.00370323 0.00740237 0.011094 0.0148243 0.0185965 0.0223264 0.0259662 0.0294764 0.03275 0.0356976 0.0382212 0.0401551 0.0413798 0.0418145 0.0413355 0.0398394 0.0372575 0.0335625 0.028806 0.0230148 0.0162088 0.00854055 0.000209061 -0.00862131 -0.0177523 -0.0269421 -0.0359245 -0.0444259 -0.0521905 -0.0589788 -0.0645768 -0.0688339 -0.0716615 -0.0729853 -0.0727918 -0.0711694 -0.068273 -0.0643364 -0.0595877 -0.0542422 -0.0485632 -0.0427747 -0.037111 -0.0317536 -0.026799 -0.0223563 -0.0184483 -0.0151129 -0.0123498 -0.0100947 -0.00831977 -0.00691283 -0.00582902 -0.00499872 -0.00436047 -0.00390571 -0.00355819 -0.00333259 -0.00316682 -0.0030595 -0.00299316 -0.00293492 -0.00291289 -0.00287361 -0.00286414 -0.00283646 -0.00282396 -0.00280737 -0.00278677 -0.00277974 -0.00275257 -0.00275117 -0.00272215 -0.00272159 -0.00269575 -0.00269213 -0.00267301 -0.00266429 -0.00265328 -0.00263928 -0.00263595 -0.00261779 -0.00262057 -0.00259997 -0.00260691 -0.00258561 -0.00259488 -0.00257429 -0.00258449 -0.00256552 -0.00257577 -0.00255889 -0.00256875 -0.00255404 -0.00256348 -0.00255073 -0.00255996 -0.00254881 -0.00255821 -0.00254817 -0.00255821 -0.00254881 -0.00255996 -0.00255073 -0.00256348 -0.00255404 -0.00256875 -0.00255889 -0.00257577 -0.00256552 -0.00258449 -0.00257429 -0.00259488 -0.00258561 -0.00260691 -0.00259997 -0.00262057 -0.00261779 -0.00263595 -0.00263928 -0.00265328 -0.00266429 -0.00267301 -0.00269213 -0.00269575 -0.00272159 -0.00272215 -0.00275116 -0.00275255 -0.00277967 -0.00278659 -0.00280689 -0.00282275 -0.00283354 -0.00285739 -0.00285866 -0.00288117 -0.00287052 -0.00286806 -0.00282698 -0.00275337 -0.00262875 -0.00240963 -0.00210521 -0.00164065 -0.00102327 -0.000179342 0.000932305 0.00236947 0.0042344 0.00656286 0.00944712 0.0128894 0.0168925 0.0214422 0.0264604 0.0318955 0.0375915 0.0433669 0.0490066 0.0542569 0.0589178 0.0627499 0.0655168 0.0670138 0.067076 0.0656574 0.0627685 0.0584501 0.052806 0.0459874 0.0381862 0.0296189 0.0205153 0.0111309 0.0017274 -0.00749929 -0.0163866 -0.0247144 -0.0322911 -0.0390186 -0.0448268 -0.0496661 -0.053487 -0.0562716 -0.0581081 -0.0590802 -0.0592368 -0.0587059 -0.0576129 -0.056057 -0.0542239 -0.0522579 -0.0502007 -0.0481796 -0.0463552 -0.044772 -0.0434751 -0.042546 
0 0.00416525 0.00835459 0.0125366 0.0166669 0.020725 0.0246841 0.0284739 0.032007 0.0352169 0.0379891 0.0401551 0.0416367 0.0423863 0.0422552 0.0411458 0.0390434 0.0358864 0.0316821 0.0265091 0.0203817 0.01338 0.00567193 -0.00259957 -0.0112668 -0.0201723 -0.0291396 -0.037886 -0.0461727 -0.0538151 -0.0605912 -0.0663085 -0.0707907 -0.0739016 -0.0755827 -0.0757952 -0.074576 -0.0720586 -0.068423 -0.0638838 -0.0586561 -0.0529604 -0.0470443 -0.0411499 -0.0354779 -0.0301839 -0.0253627 -0.0210755 -0.0173675 -0.014237 -0.0116708 -0.00961053 -0.00798087 -0.00671698 -0.0057335 -0.00499188 -0.00443251 -0.00402382 -0.00373729 -0.00353028 -0.00339981 -0.00330108 -0.00324225 -0.00319507 -0.00316037 -0.00313657 -0.00310716 -0.00309362 -0.00306606 -0.00305557 -0.00303185 -0.00301997 -0.00300231 -0.00298695 -0.0029759 -0.00295711 -0.00295151 -0.00293081 -0.00292856 -0.00290804 -0.00290693 -0.0028885 -0.00288677 -0.00287174 -0.00286838 -0.00285737 -0.00285201 -0.00284507 -0.00283785 -0.00283461 -0.00282596 -0.00282592 -0.00281635 -0.00281893 -0.00280898 -0.00281367 -0.00280378 -0.00281014 -0.00280069 -0.00280837 -0.00279966 -0.00280837 -0.00280069 -0.00281014 -0.00280378 -0.00281367 -0.00280898 -0.00281893 -0.00281635 -0.00282592 -0.00282596 -0.00283461 -0.00283785 -0.00284507 -0.00285201 -0.00285737 -0.00286838 -0.00287174 -0.00288677 -0.0028885 -0.00290693 -0.00290804 -0.00292856 -0.00293081 -0.00295151 -0.00295711 -0.0029759 -0.00298695 -0.0030023 -0.00301993 -0.00303173 -0.00305524 -0.00306523 -0.00309158 -0.00310237 -0.00312578 -0.0031371 -0.00314697 -0.00314711 -0.00312097 -0.00307354 -0.00296449 -0.00279716 -0.00252435 -0.00213082 -0.00157917 -0.000823871 0.000169976 0.00148197 0.00316852 0.00531767 0.00799296 0.0112318 0.015056 0.0194385 0.0243485 0.0297181 0.0354344 0.0413362 0.047202 0.0527965 0.0578972 0.0622859 0.06575 0.0680822 0.069102 0.0687197 0.0669058 0.063672 0.0591035 0.0533207 0.0465063 0.0388506 0.0304922 0.0216417 0.0125402 0.00338471 -0.00563735 -0.0143981 -0.0227422 -0.0304666 -0.0374804 -0.0437077 -0.0490457 -0.0534913 -0.0570241 -0.0595939 -0.061269 -0.0621459 -0.0622871 -0.0617911 -0.0607734 -0.0593731 -0.0577439 -0.0559818 -0.0541811 -0.0524755 -0.0509698 -0.0497442 -0.0488657 
0 0.0046552 0.00929088 0.0138842 0.018377 0.0227096 0.0268392 0.0306847 0.0341565 0.0371823 0.0396319 0.0413798 0.0423863 0.0425632 0.0417837 0.0400266 0.0372982 0.0336006 0.0289772 0.0234458 0.0170833 0.0100422 0.00240723 -0.00568766 -0.0140625 -0.0226254 -0.031197 -0.0395466 -0.0475202 -0.0549277 -0.06161 -0.0673955 -0.0720433 -0.0754327 -0.0774797 -0.0781188 -0.077385 -0.0753222 -0.0720791 -0.0678566 -0.062828 -0.0572305 -0.0512845 -0.0452352 -0.039327 -0.0337191 -0.0285535 -0.023901 -0.0198112 -0.0163197 -0.0134066 -0.0110468 -0.00916706 -0.00769278 -0.0065529 -0.00567559 -0.00501655 -0.00452655 -0.00417297 -0.00392427 -0.0037509 -0.00363379 -0.00355192 -0.00349407 -0.00345152 -0.00341635 -0.00338874 -0.00336267 -0.00334054 -0.00331985 -0.00329999 -0.00328354 -0.00326513 -0.00325179 -0.00323496 -0.00322341 -0.00320859 -0.00319765 -0.00318518 -0.00317409 -0.00316408 -0.00315261 -0.00314488 -0.0031332 -0.00312742 -0.00311591 -0.00311169 -0.00310078 -0.00309778 -0.00308785 -0.0030858 -0.00307711 -0.00307588 -0.00306855 -0.0030681 -0.00306215 -0.0030625 -0.0030579 -0.00305913 -0.00305578 -0.00305801 -0.00305578 -0.00305913 -0.0030579 -0.0030625 -0.00306215 -0.0030681 -0.00306855 -0.00307588 -0.00307711 -0.0030858 -0.00308785 -0.00309778 -0.00310078 -0.00311169 -0.00311591 -0.00312742 -0.0031332 -0.00314488 -0.00315261 -0.00316408 -0.00317409 -0.00318518 -0.00319765 -0.00320859 -0.00322341 -0.00323496 -0.00325178 -0.0032651 -0.00328346 -0.00329978 -0.00331929 -0.00333914 -0.00335932 -0.00338107 -0.0033995 -0.00341607 -0.00342266 -0.00341421 -0.0033796 -0.00330174 -0.00316397 -0.00293841 -0.0025993 -0.00211498 -0.00144525 -0.000551986 0.000629087 0.00215953 0.00412014 0.00658658 0.00960582 0.0132178 0.0174048 0.0221495 0.0273989 0.0330569 0.0390009 0.045011 0.050867 0.0563289 0.0611629 0.0651863 0.0681712 0.0699594 0.0704466 0.0695653 0.0673502 0.0638093 0.0590312 0.053203 0.046473 0.0390266 0.0310013 0.0225273 0.0138372 0.00507669 -0.00363186 -0.0121166 -0.020293 -0.0280527 -0.0352549 -0.0418158 -0.0476239 -0.0526284 -0.0568417 -0.0601812 -0.0626218 -0.0642735 -0.0651935 -0.0654258 -0.0650884 -0.0642819 -0.0631086 -0.0617346 -0.0603054 -0.0588937 -0.0575764 -0.0564782 -0.0556945 
0 0.00512699 0.0101517 0.0150825 0.0198739 0.0244061 0.0286215 0.0324571 0.0357814 0.0384926 0.0405301 0.0418145 0.0422552 0.0417837 0.0403678 0.037991 0.0346796 0.0305103 0.0255011 0.0196867 0.0132383 0.0062712 -0.00116436 -0.00893073 -0.0169208 -0.025021 -0.0330637 -0.0409515 -0.0485267 -0.0556204 -0.0621428 -0.0678817 -0.0726385 -0.0762875 -0.0786825 -0.0798016 -0.0796044 -0.0780702 -0.0753286 -0.0714895 -0.0667555 -0.0613424 -0.0554374 -0.0493304 -0.0432339 -0.0373674 -0.0318986 -0.0268945 -0.0224593 -0.0185991 -0.0153399 -0.0126647 -0.0104979 -0.0088 -0.00746002 -0.00643343 -0.0056491 -0.0050565 -0.00463286 -0.00431826 -0.00411196 -0.00396168 -0.00386593 -0.00379906 -0.00374826 -0.00371664 -0.00368105 -0.003661 -0.00363152 -0.00361311 -0.0035884 -0.00356844 -0.00354848 -0.00352694 -0.00351116 -0.00348937 -0.00347667 -0.00345616 -0.00344538 -0.00342732 -0.00341757 -0.00340257 -0.00339331 -0.00338147 -0.00337251 -0.00336358 -0.00335494 -0.00334851 -0.00334032 -0.00333597 -0.00332839 -0.00332575 -0.00331891 -0.00331769 -0.00331171 -0.0033117 -0.00330664 -0.00330774 -0.00330363 -0.00330576 -0.00330263 -0.00330576 -0.00330363 -0.00330774 -0.00330664 -0.0033117 -0.00331171 -0.00331769 -0.00331891 -0.00332575 -0.00332839 -0.00333597 -0.00334032 -0.00334851 -0.00335494 -0.00336358 -0.00337251 -0.00338147 -0.00339331 -0.00340257 -0.00341757 -0.00342732 -0.00344538 -0.00345616 -0.00347667 -0.00348937 -0.00351116 -0.00352692 -0.00354842 -0.00356829 -0.00358802 -0.00361216 -0.0036292 -0.00365561 -0.00366901 -0.00369086 -0.00369537 -0.00369515 -0.00367047 -0.00360967 -0.00350472 -0.00331386 -0.0030371 -0.00261466 -0.00203723 -0.00124622 -0.000192555 0.00117624 0.00296205 0.00520926 0.00801704 0.011403 0.0153813 0.0199478 0.0250278 0.0305899 0.0364849 0.0425541 0.048585 0.0543041 0.0595262 0.0640034 0.067548 0.0699959 0.0711799 0.0710961 0.0697213 0.0670791 0.0632594 0.0583272 0.0524899 0.0459249 0.0387423 0.0311233 0.0231715 0.0149997 0.006746 -0.00152539 -0.00967014 -0.0175729 -0.0252241 -0.0325055 -0.039272 -0.0454561 -0.05098 -0.0557929 -0.0598642 -0.0631458 -0.0656364 -0.0673746 -0.0684205 -0.0688637 -0.0687812 -0.0682655 -0.0674555 -0.0664784 -0.0654503 -0.0644856 -0.0636435 -0.0629781 
0 0.00547248 0.0108548 0.016083 0.0210535 0.0256737 0.0298977 0.0336147 0.0366765 0.0390193 0.0406026 0.0413355 0.0411458 0.0400266 0.037991 0.0350503 0.0312524 0.0266638 0.021343 0.0154046 0.00898741 0.00217961 -0.00493283 -0.0122836 -0.0197899 -0.0273001 -0.0347524 -0.0421012 -0.0491982 -0.0559502 -0.0622274 -0.0678495 -0.0726899 -0.0765472 -0.079301 -0.0809049 -0.0812384 -0.0802995 -0.078103 -0.0747293 -0.0703936 -0.0652363 -0.0594968 -0.053415 -0.0472051 -0.0411512 -0.0353875 -0.0300699 -0.0252831 -0.0210506 -0.0174481 -0.0144201 -0.0119684 -0.0100119 -0.0084637 -0.00728037 -0.00634893 -0.00566498 -0.00514294 -0.00477008 -0.00451039 -0.00431831 -0.00420458 -0.00410606 -0.00405597 -0.00400265 -0.00397106 -0.00394093 -0.0039103 -0.00389319 -0.00386073 -0.00385011 -0.00381857 -0.00380933 -0.00378213 -0.00377088 -0.00375009 -0.00373536 -0.00372136 -0.00370332 -0.00369518 -0.00367501 -0.00367122 -0.00365044 -0.00364941 -0.00362941 -0.00362985 -0.00361165 -0.00361269 -0.00359689 -0.00359805 -0.00358489 -0.00358604 -0.00357547 -0.00357669 -0.0035685 -0.00357002 -0.0035639 -0.00356602 -0.0035616 -0.00356469 -0.0035616 -0.00356602 -0.0035639 -0.00357002 -0.0035685 -0.00357669 -0.00357547 -0.00358604 -0.00358489 -0.00359805 -0.00359689 -0.00361269 -0.00361165 -0.00362985 -0.00362941 -0.00364941 -0.00365044 -0.00367122 -0.00367501 -0.00369518 -0.00370332 -0.00372136 -0.00373536 -0.00375009 -0.00377088 -0.00378212 -0.0038093 -0.00381847 -0.00384986 -0.0038601 -0.00389162 -0.00390657 -0.00393244 -0.00395257 -0.00396401 -0.00397863 -0.00395777 -0.00393233 -0.00383953 -0.00370333 -0.00346422 -0.00311021 -0.00261128 -0.00190371 -0.000981338 0.000264966 0.00186018 0.0039158 0.00649612 0.00963793 0.013404 0.0177347 0.022645 0.0280465 0.0338459 0.0399244 0.0460294 0.0519759 0.0574915 0.0623621 0.0664126 0.0694019 0.0712297 0.0717955 0.0710948 0.0692144 0.0661626 0.0620652 0.0570623 0.0512846 0.0449298 0.0380966 0.0309169 0.0235384 0.0159759 0.00828612 0.0005564 -0.00714741 -0.0147282 -0.0221474 -0.0293566 -0.0362277 -0.0426787 -0.0486431 -0.0540161 -0.0587467 -0.0628249 -0.0661945 -0.0688068 -0.0707216 -0.0720359 -0.0727915 -0.073068 -0.0729943 -0.0726381 -0.0720954 -0.0715412 -0.071053 -0.0706469 
0 0.00570963 0.0113251 0.0167183 0.0217825 0.0264305 0.0305303 0.0339659 0.0366912 0.0386337 0.039695 0.0398394 0.0390434 0.0372982 0.0346796 0.0312524 0.0270351 0.0221225 0.0166596 0.0107429 0.00445641 -0.0020903 -0.00881918 -0.0156837 -0.02259 -0.0294569 -0.036273 -0.0430038 -0.0495946 -0.0559493 -0.061917 -0.067404 -0.0722653 -0.0763078 -0.0794216 -0.0814646 -0.0823445 -0.0820092 -0.080387 -0.0775747 -0.0736902 -0.0688916 -0.0634154 -0.0574309 -0.0512193 -0.0450162 -0.0390127 -0.0334125 -0.0282696 -0.0236985 -0.0197234 -0.016348 -0.0135891 -0.011341 -0.00958497 -0.00819971 -0.00713112 -0.00632601 -0.00570166 -0.00526705 -0.00493003 -0.00471243 -0.00454984 -0.00443909 -0.00436899 -0.00430146 -0.00427223 -0.00422236 -0.00420591 -0.00416823 -0.00415108 -0.00412563 -0.00410289 -0.00408863 -0.00406049 -0.0040543 -0.00402358 -0.00402138 -0.00399156 -0.00398969 -0.00396367 -0.00395964 -0.00393919 -0.00393183 -0.00391756 -0.00390681 -0.00389847 -0.00388494 -0.00388178 -0.00386637 -0.00386748 -0.00385112 -0.00385563 -0.00383913 -0.00384631 -0.00383027 -0.0038396 -0.00382443 -0.00383555 -0.00382154 -0.0038342 -0.00382154 -0.00383555 -0.00382443 -0.0038396 -0.00383027 -0.00384631 -0.00383913 -0.00385563 -0.00385112 -0.00386748 -0.00386637 -0.00388178 -0.00388494 -0.00389847 -0.00390681 -0.00391756 -0.00393183 -0.00393919 -0.00395964 -0.00396367 -0.00398969 -0.00399156 -0.00402138 -0.00402357 -0.00405429 -0.00406047 -0.00408857 -0.00410272 -0.0041252 -0.00415003 -0.00416568 -0.00420002 -0.00420928 -0.00424439 -0.00424467 -0.00425801 -0.00423135 -0.0041773 -0.00407221 -0.00387444 -0.00359424 -0.00314684 -0.0025521 -0.00171589 -0.000616928 0.000819544 0.0026893 0.00502842 0.00795597 0.0114564 0.015572 0.0202682 0.0254774 0.0311654 0.037156 0.0433154 0.0493958 0.0551461 0.0603758 0.0648269 0.0683449 0.0707419 0.0718931 0.0718171 0.0705189 0.068105 0.0646772 0.0603418 0.0552999 0.0496717 0.0435702 0.0371324 0.0304506 0.0236284 0.0166937 0.0096296 0.00249293 -0.00467101 -0.0118433 -0.018967 -0.0259798 -0.0328386 -0.0394748 -0.0457715 -0.051622 -0.056961 -0.0617385 -0.0659169 -0.0694559 -0.0723312 -0.074584 -0.0762675 -0.0774291 -0.0781687 -0.0785798 -0.0787177 -0.0786856 -0.0786061 -0.0785432 
0 0.00581155 0.0114978 0.0169137 0.0219496 0.0264714 0.0303134 0.0334178 0.0357566 0.0372021 0.0376904 0.0372575 0.0358864 0.0336006 0.0305103 0.0266638 0.0221225 0.0170452 0.0115638 0.00576686 -0.000263208 -0.00645586 -0.0127205 -0.0189908 -0.0252502 -0.0314692 -0.0376293 -0.0437458 -0.0497937 -0.0556795 -0.0613095 -0.066598 -0.0714226 -0.0756393 -0.0790693 -0.0815506 -0.0829805 -0.0832314 -0.0822378 -0.0800178 -0.0766383 -0.0722818 -0.0671123 -0.0613304 -0.0551917 -0.0489094 -0.0427517 -0.0368869 -0.0314455 -0.0265424 -0.0221971 -0.0184836 -0.0153685 -0.0128283 -0.0108104 -0.00920462 -0.00797932 -0.00701869 -0.00630608 -0.00577332 -0.00538158 -0.00511871 -0.00491586 -0.00479889 -0.00469604 -0.00463939 -0.0045858 -0.00454457 -0.00451563 -0.00447437 -0.00445779 -0.00441605 -0.00440406 -0.00436622 -0.00435345 -0.00432352 -0.00430693 -0.00428669 -0.00426555 -0.00425454 -0.0042298 -0.00422611 -0.00419962 -0.00420082 -0.00417453 -0.00417834 -0.00415388 -0.00415858 -0.00413702 -0.00414155 -0.00412341 -0.00412728 -0.00411265 -0.00411583 -0.00410446 -0.00410722 -0.0040987 -0.00410148 -0.00409526 -0.00409861 -0.00409412 -0.00409861 -0.00409526 -0.00410148 -0.0040987 -0.00410722 -0.00410446 -0.00411583 -0.00411265 -0.00412728 -0.00412341 -0.00414155 -0.00413702 -0.00415858 -0.00415388 -0.00417834 -0.00417453 -0.00420082 -0.00419962 -0.00422611 -0.0042298 -0.00425454 -0.00426555 -0.00428669 -0.00430693 -0.0043235 -0.00435341 -0.00436612 -0.00440379 -0.00441535 -0.00445607 -0.00447033 -0.0045065 -0.00452479 -0.00454469 -0.00455748 -0.00453969 -0.00451294 -0.00441468 -0.00427626 -0.00402147 -0.00365961 -0.00313419 -0.00240436 -0.0014427 -0.000148349 0.00150445 0.00364153 0.0063045 0.00955736 0.0134334 0.0178884 0.0229255 0.0284386 0.0343493 0.0404982 0.046655 0.0526123 0.058097 0.0629181 0.0668767 0.0697766 0.07151 0.0719929 0.0712651 0.0694115 0.0665157 0.0627335 0.0582271 0.0531671 0.0476961 0.0418943 0.0358634 0.0297072 0.0234667 0.0171441 0.0107413 0.00424864 -0.00235105 -0.00905109 -0.0158184 -0.0225896 -0.0293218 -0.0359977 -0.0425079 -0.0487208 -0.0545909 -0.0600334 -0.0649547 -0.0693636 -0.0732247 -0.0764618 -0.0791194 -0.0812664 -0.0829213 -0.0841628 -0.0850949 -0.0857576 -0.0861906 -0.0864648 
