0 0 0 0 0 0 0 0 0 0 0 0 0 0 0 0 0 0 0 0 0 0 0 0 0 0 0 0 0 0 0 0 0 0 0 0 0 0 0 0 0 0 0 0 0 0 0 0 0 0 0 0 0 0 0 0 0 0 0 0 0 0 0 0 0 0 0 0 0 0 0 0 0 0 0 0 0 0 0 0 0 0 0 0 0 0 0 0 0 0 0 0 0 0 0 0 0 0 0 0 0 0 0 0 0 0 0 0 0 0 0 0 0 0 0 0 0 0 0 0 0 0 0 0 0 0 0 0 0 0 0 0 0 0 0 0 0 0 0 0 0 0 0 0 0 0 0 0 0 0 0 0 0 0 0 0 0 0 0 0 0 0 0 0 0 0 0 0 0 0 0 0 0 0 0 0 0 0 0 0 0 0 0 0 0 0 0 0 0 0 0 0 0 0 0 0 0 0 0 0 
0 0.000158725 0.000209244 0.000311976 0.000490372 0.000609663 0.000752604 0.000986032 0.00118689 0.00140145 0.00172557 0.00204788 0.00238022 0.00282821 0.00329258 0.00373593 0.00422159 0.00468321 0.00510186 0.00546359 0.00567357 0.00576675 0.00570315 0.00535089 0.00478335 0.00401593 0.00299011 0.00177737 0.000390363 -0.00108877 -0.00254519 -0.00400793 -0.00537209 -0.00653602 -0.00747908 -0.00811973 -0.0085116 -0.00865335 -0.0085042 -0.00814156 -0.00756867 -0.00688331 -0.00615698 -0.00538138 -0.00463252 -0.00388676 -0.00319633 -0.00259907 -0.00207428 -0.00167155 -0.00132921 -0.00106323 -0.000851884 -0.000668259 -0.000544948 -0.000430122 -0.00036515 -0.00031136 -0.000277564 -0.000265315 -0.00024428 -0.000250333 -0.000236055 -0.000242964 -0.000236095 -0.000235402 -0.000236408 -0.000227432 -0.000234021 -0.000220685 -0.00022879 -0.000216197 -0.000221992 -0.000213987 -0.00021525 -0.000213428 -0.000209816 -0.000213727 -0.000206298 -0.000214242 -0.000204701 -0.000214591 -0.000204647 -0.000214628 -0.000205607 -0.000214364 -0.000207078 -0.000213886 -0.000208669 -0.0002133 -0.000210133 -0.0002127 -0.000211341 -0.000212157 -0.000212251 -0.000211719 -0.000212871 -0.000211414 -0.000213226 -0.000211258 -0.000213342 -0.000211258 -0.000213226 -0.000211414 -0.000212871 -0.000211719 -0.000212251 -0.000212157 -0.000211341 -0.0002127 -0.000210133 -0.0002133 -0.000208669 -0.000213886 -0.000207078 -0.000214364 -0.000205607 -0.000214628 -0.000204647 -0.000214591 -0.000204701 -0.000214242 -0.000206298 -0.000213727 -0.000209816 -0.000213428 -0.00021525 -0.000213987 -0.000221992 -0.000216196 -0.000228787 -0.000220676 -0.000233996 -0.000227363 -0.000236223 -0.000234931 -0.000234947 -0.00024029 -0.000230105 -0.000237706 -0.000218745 -0.000216142 -0.000187473 -0.000154395 -0.000105068 -1.99146e-05 7.22818e-05 0.000221331 0.000383831 0.000604685 0.000877933 0.0012131 0.00166147 0.00218609 0.00283374 0.0035469 0.0043047 0.0051026 0.00587542 0.00665691 0.00736093 0.00793093 0.00832143 0.00843835 0.00833126 0.00795897 0.00729648 0.00637183 0.00515396 0.00377239 0.00229414 0.00072273 -0.000825194 -0.00231264 -0.00363882 -0.00472367 -0.00564557 -0.00633246 -0.00673928 -0.00695512 -0.00696921 -0.00682643 -0.00656683 -0.00615745 -0.00572254 -0.00530242 -0.00480829 -0.00435325 -0.00398734 -0.00359557 -0.00324345 -0.00298285 -0.00271292 -0.00248585 -0.00236801 -0.0022383 -0.00207961 -0.00200404 -0.00197395 -0.00191098 
0 0.000209244 0.000434933 0.000700232 0.000969719 0.00123472 0.00156595 0.00196205 0.00237876 0.00287248 0.00347499 0.00413218 0.00485487 0.0056768 0.00656618 0.00749308 0.00843045 0.00934654 0.0101906 0.0108461 0.0112566 0.011416 0.0112026 0.0105295 0.00941896 0.00785944 0.00585865 0.00344643 0.000698322 -0.00219869 -0.00512833 -0.0080059 -0.0106669 -0.0129782 -0.0148048 -0.0160925 -0.0168784 -0.0171356 -0.0168853 -0.0161719 -0.0150739 -0.0137527 -0.0122921 -0.0107775 -0.00926492 -0.00778192 -0.00641878 -0.00520214 -0.00417826 -0.00334845 -0.0026725 -0.00214628 -0.00171189 -0.00137342 -0.00110596 -0.000897569 -0.000754762 -0.000642246 -0.00057854 -0.000527618 -0.000500443 -0.000482993 -0.000467374 -0.000465643 -0.000453486 -0.000457121 -0.000448567 -0.000451513 -0.000448038 -0.000447381 -0.000448943 -0.000444345 -0.000449253 -0.000442069 -0.000447928 -0.000440149 -0.00044482 -0.000438212 -0.000440361 -0.000436023 -0.000435208 -0.000433513 -0.000429987 -0.000430749 -0.00042516 -0.000427882 -0.000420992 -0.000425083 -0.00041758 -0.000422505 -0.000414912 -0.000420261 -0.000412913 -0.000418425 -0.000411486 -0.000417034 -0.000410539 -0.000416105 -0.000410001 -0.000415641 -0.000409827 -0.000415641 -0.000410001 -0.000416105 -0.000410539 -0.000417034 -0.000411486 -0.000418425 -0.000412913 -0.000420261 -0.000414912 -0.000422505 -0.00041758 -0.000425083 -0.000420992 -0.000427882 -0.00042516 -0.000430749 -0.000429987 -0.000433513 -0.000435208 -0.000436023 -0.000440361 -0.000438212 -0.00044482 -0.000440149 -0.000447928 -0.000442069 -0.000449252 -0.000444342 -0.000448936 -0.00044736 -0.000447977 -0.000451345 -0.000448129 -0.000456021 -0.00045085 -0.000459596 -0.000454125 -0.00045528 -0.000445162 -0.000422534 -0.000388309 -0.000314396 -0.000216698 -5.56681e-05 0.000153034 0.000433507 0.000792284 0.0012309 0.00179571 0.0024883 0.00336877 0.00443933 0.0056934 0.00710904 0.00860527 0.0101636 0.0117209 0.0132341 0.0146284 0.0157482 0.0164953 0.0167629 0.0165218 0.0157727 0.0144532 0.012583 0.0102169 0.00748252 0.0045505 0.00149072 -0.00157246 -0.0044712 -0.0070812 -0.00929476 -0.0111033 -0.0124793 -0.0133449 -0.0137617 -0.0138196 -0.0135496 -0.0130156 -0.0122885 -0.0114568 -0.0105881 -0.00967471 -0.00877583 -0.00797373 -0.00722945 -0.00654106 -0.00597985 -0.00551192 -0.00507885 -0.00471761 -0.00444923 -0.00423799 -0.00406784 -0.00394066 -0.00385252 
0 0.000311976 0.000700232 0.00107854 0.00144713 0.00191104 0.00243509 0.00298329 0.00365093 0.0044328 0.00528053 0.00627386 0.00740308 0.00859495 0.00990331 0.0112877 0.0126364 0.0139578 0.015148 0.0160545 0.0166571 0.0168203 0.0164084 0.0154126 0.0137352 0.0113767 0.00841669 0.00484862 0.000849063 -0.00338116 -0.00771739 -0.0119093 -0.0157942 -0.0191873 -0.0218682 -0.0238221 -0.024988 -0.0253658 -0.0250298 -0.0239886 -0.0224321 -0.0205096 -0.0183542 -0.0161363 -0.0138796 -0.0117122 -0.00969823 -0.00788904 -0.0063744 -0.00509765 -0.00408575 -0.0032671 -0.00260372 -0.00209506 -0.0016706 -0.00137274 -0.00113536 -0.000977359 -0.000873985 -0.000794661 -0.00076492 -0.000724032 -0.000720653 -0.000700748 -0.000698001 -0.000693038 -0.000682624 -0.000688016 -0.000671682 -0.000681452 -0.000664686 -0.000672883 -0.000660724 -0.000663364 -0.000658424 -0.000654244 -0.000656506 -0.000646519 -0.000654155 -0.00064062 -0.000651076 -0.000636499 -0.000647367 -0.000633822 -0.00064332 -0.000632167 -0.000639271 -0.000631151 -0.000635499 -0.000630492 -0.000632195 -0.000630019 -0.000629467 -0.000629648 -0.000627355 -0.000629354 -0.000625863 -0.000629144 -0.000624977 -0.000629033 -0.000624683 -0.000629033 -0.000624977 -0.000629144 -0.000625863 -0.000629354 -0.000627355 -0.000629648 -0.000629467 -0.000630019 -0.000632195 -0.000630492 -0.000635499 -0.000631151 -0.000639271 -0.000632167 -0.00064332 -0.000633822 -0.000647367 -0.000636499 -0.000651076 -0.00064062 -0.000654155 -0.000646519 -0.000656506 -0.000654244 -0.000658424 -0.000663364 -0.000660723 -0.000672878 -0.000664671 -0.000681408 -0.000671558 -0.000687685 -0.000681776 -0.000690963 -0.000693137 -0.000689838 -0.00069726 -0.00067612 -0.000671259 -0.000620012 -0.000563463 -0.000450926 -0.000283844 -5.65051e-05 0.000279246 0.000685339 0.00123561 0.00190311 0.00275088 0.00382289 0.00512919 0.00674509 0.00859713 0.0106845 0.0129178 0.0152072 0.0175293 0.0197299 0.0217312 0.0233429 0.0243805 0.0247774 0.0243988 0.0232518 0.0213059 0.0185385 0.0151118 0.0111299 0.0067966 0.0023264 -0.00216124 -0.00640069 -0.0102247 -0.0135452 -0.0162111 -0.018231 -0.0195925 -0.0202726 -0.0204202 -0.0200906 -0.0193423 -0.0183536 -0.0171686 -0.0158563 -0.0145633 -0.0132815 -0.012045 -0.0109584 -0.00997116 -0.00907607 -0.00835437 -0.00773865 -0.00717593 -0.00675137 -0.00644865 -0.00617272 -0.00595422 -0.00584351 
0 0.000490372 0.000969719 0.00144713 0.00199914 0.00265166 0.00334153 0.00410629 0.00503224 0.00607325 0.00721317 0.00853574 0.0100232 0.011618 0.0133222 0.0150862 0.016837 0.0184896 0.0199172 0.0210497 0.0217554 0.0218265 0.0212058 0.0198269 0.0175678 0.0144568 0.0105382 0.00591237 0.000784432 -0.00470503 -0.0102992 -0.0156989 -0.0207074 -0.025054 -0.0285714 -0.0311543 -0.0326854 -0.0332238 -0.0328013 -0.0315198 -0.0295797 -0.0271105 -0.0243488 -0.0214393 -0.0184987 -0.0156841 -0.0130365 -0.0106846 -0.00865283 -0.00694491 -0.00557301 -0.00444118 -0.00355853 -0.0028438 -0.00228591 -0.00187086 -0.0015447 -0.00133754 -0.00117444 -0.00108537 -0.00102145 -0.000981103 -0.000966719 -0.000940141 -0.000943836 -0.000922265 -0.000926607 -0.000911984 -0.000909109 -0.000903732 -0.000892429 -0.000895443 -0.000878599 -0.000886548 -0.00086862 -0.000877297 -0.000862301 -0.000868298 -0.000858733 -0.000860157 -0.000856817 -0.00085327 -0.000855627 -0.00084777 -0.000854555 -0.000843578 -0.000853313 -0.000840494 -0.000851846 -0.000838278 -0.000850244 -0.000836712 -0.000848658 -0.000835623 -0.000847244 -0.000834888 -0.000846135 -0.000834433 -0.000845431 -0.000834215 -0.00084519 -0.000834215 -0.000845431 -0.000834433 -0.000846135 -0.000834888 -0.000847244 -0.000835623 -0.000848658 -0.000836712 -0.000850244 -0.000838278 -0.000851846 -0.000840494 -0.000853313 -0.000843578 -0.000854555 -0.00084777 -0.000855627 -0.00085327 -0.000856817 -0.000860157 -0.000858733 -0.000868298 -0.000862301 -0.000877297 -0.000868619 -0.000886547 -0.000878595 -0.000895432 -0.000892398 -0.000903645 -0.000908872 -0.000911368 -0.000925074 -0.000918608 -0.000935485 -0.000921885 -0.000928554 -0.000904854 -0.000875951 -0.000820263 -0.000713285 -0.000571302 -0.000327227 -1.70129e-05 0.000428474 0.000995754 0.00171868 0.00264978 0.00379154 0.00524926 0.00701207 0.009133 0.0115862 0.0142926 0.0172219 0.0202224 0.0232267 0.0260773 0.0285817 0.0305978 0.0318869 0.0323412 0.0318378 0.0302792 0.0277129 0.0241462 0.0197254 0.0146324 0.00903142 0.00323872 -0.00250631 -0.0079835 -0.0129499 -0.0172818 -0.0208118 -0.0234643 -0.0253186 -0.0263649 -0.0266516 -0.0263245 -0.0254875 -0.0242801 -0.0228073 -0.0211544 -0.0194885 -0.017865 -0.0162679 -0.0148091 -0.0135291 -0.0123496 -0.0113085 -0.0104768 -0.00979502 -0.00919727 -0.00870603 -0.00834687 -0.00808826 -0.00789856 
0 0.000609663 0.00123472 0.00191104 0.00265166 0.00344553 0.00432789 0.0053525 0.00651803 0.00782749 0.00931053 0.0109613 0.0127774 0.0147427 0.016786 0.0188869 0.0209863 0.022888 0.0245007 0.0257598 0.0264198 0.0263318 0.0254428 0.0236142 0.0207967 0.0169671 0.0121583 0.00659746 0.000422018 -0.00619019 -0.0128781 -0.0193668 -0.0253371 -0.0305275 -0.0348074 -0.0379388 -0.0398509 -0.0405639 -0.0401082 -0.0386955 -0.0364399 -0.0335404 -0.0302437 -0.0266921 -0.0231398 -0.0196885 -0.0164602 -0.0135752 -0.0110254 -0.00890202 -0.00713335 -0.00570527 -0.00457873 -0.00365948 -0.00297271 -0.002416 -0.00201901 -0.00172598 -0.00151291 -0.00138966 -0.00128207 -0.0012427 -0.00119203 -0.00117858 -0.00116081 -0.00114663 -0.00114898 -0.00112874 -0.00114078 -0.00111896 -0.00113116 -0.00111403 -0.00111954 -0.00111106 -0.00110697 -0.00110774 -0.00109479 -0.00110279 -0.00108396 -0.00109594 -0.00107493 -0.00108763 -0.0010677 -0.00107863 -0.00106203 -0.00106972 -0.0010576 -0.0010615 -0.00105412 -0.00105435 -0.00105136 -0.00104847 -0.0010492 -0.00104388 -0.00104755 -0.00104055 -0.00104638 -0.00103838 -0.00104568 -0.00103732 -0.00104545 -0.00103732 -0.00104568 -0.00103838 -0.00104638 -0.00104055 -0.00104755 -0.00104388 -0.0010492 -0.00104847 -0.00105136 -0.00105435 -0.00105412 -0.0010615 -0.0010576 -0.00106972 -0.00106203 -0.00107863 -0.0010677 -0.00108763 -0.00107493 -0.00109594 -0.00108396 -0.00110279 -0.00109479 -0.00110774 -0.00110697 -0.00111106 -0.00111953 -0.00111401 -0.0011311 -0.0011188 -0.00114034 -0.00112763 -0.0011463 -0.00114042 -0.00114701 -0.00114922 -0.00113226 -0.00112643 -0.00106589 -0.00100554 -0.000860466 -0.000665529 -0.000366735 5.88202e-05 0.000604749 0.00135593 0.00227737 0.00347937 0.0049682 0.00680555 0.00905191 0.0116576 0.0146686 0.0179665 0.0215029 0.0251702 0.0287675 0.0321734 0.0351121 0.0374181 0.0389124 0.0393671 0.0386993 0.0367587 0.0335773 0.0292917 0.0239827 0.017891 0.0112233 0.00427301 -0.00256963 -0.00911429 -0.0151294 -0.0203772 -0.0247373 -0.0280758 -0.0304309 -0.0318839 -0.0324052 -0.0321504 -0.0313244 -0.0300055 -0.0283392 -0.0264704 -0.0244949 -0.0225354 -0.0206344 -0.0188256 -0.0172138 -0.0157929 -0.014506 -0.0134087 -0.0125163 -0.0117531 -0.0111213 -0.0106604 -0.0103221 -0.0100587 
0 0.000752604 0.00156595 0.00243509 0.00334153 0.00432789 0.00545962 0.00674016 0.00815499 0.00975093 0.0115559 0.0135352 0.0156779 0.0179636 0.0203271 0.0227151 0.0250166 0.0270825 0.028813 0.0300389 0.0305639 0.0302739 0.0290221 0.0267105 0.0233116 0.0187688 0.0131979 0.00679555 -0.000304048 -0.0078167 -0.0154306 -0.0228186 -0.0295961 -0.0355607 -0.040481 -0.0441232 -0.0464212 -0.0473081 -0.046915 -0.045416 -0.0429289 -0.0397137 -0.0359429 -0.0318771 -0.0277717 -0.0237498 -0.0200115 -0.016591 -0.0135716 -0.0109999 -0.00882453 -0.00708434 -0.00566237 -0.00455166 -0.0036852 -0.00300127 -0.0025143 -0.00212642 -0.00188111 -0.00169389 -0.0015786 -0.00150975 -0.00144976 -0.00143657 -0.0013979 -0.00140112 -0.00137592 -0.00137546 -0.00136419 -0.00135317 -0.00135481 -0.00133456 -0.00134463 -0.00132046 -0.00133286 -0.00131064 -0.00131998 -0.00130404 -0.00130703 -0.00129935 -0.00129499 -0.00129547 -0.00128451 -0.00129171 -0.00127587 -0.00128778 -0.00126905 -0.0012837 -0.00126382 -0.00127964 -0.00125991 -0.00127585 -0.00125706 -0.00127254 -0.00125505 -0.00126992 -0.00125371 -0.0012681 -0.00125295 -0.00126717 -0.0012527 -0.00126717 -0.00125295 -0.0012681 -0.00125371 -0.00126992 -0.00125505 -0.00127254 -0.00125706 -0.00127585 -0.00125991 -0.00127964 -0.00126382 -0.0012837 -0.00126905 -0.00128778 -0.00127587 -0.00129171 -0.00128451 -0.00129547 -0.00129499 -0.00129935 -0.00130703 -0.00130404 -0.00131998 -0.00131064 -0.00133285 -0.00132046 -0.00134462 -0.00133452 -0.0013547 -0.00135286 -0.00136341 -0.00137353 -0.00137138 -0.00139087 -0.00137572 -0.00139066 -0.00135884 -0.00133759 -0.00126687 -0.00115406 -0.000986301 -0.00070443 -0.000342526 0.000197663 0.000879245 0.00178886 0.00295361 0.00441205 0.00626858 0.00850121 0.0112021 0.0143155 0.0178258 0.0216993 0.0257904 0.0300303 0.0341642 0.0379843 0.0412703 0.0437596 0.0453297 0.0457369 0.0448274 0.0425341 0.038824 0.033886 0.0278523 0.0209051 0.013356 0.00548104 -0.00233437 -0.00979205 -0.0167005 -0.0227791 -0.0278712 -0.0318994 -0.0348064 -0.0366707 -0.0375485 -0.0375228 -0.0367885 -0.0354792 -0.0337304 -0.0317155 -0.0295328 -0.0272973 -0.0251319 -0.0230625 -0.0211282 -0.0194102 -0.0179091 -0.0165708 -0.0154075 -0.0144767 -0.0137467 -0.0131314 -0.0126552 -0.0123674 
0 0.000986032 0.00196205 0.00298329 0.00410629 0.0053525 0.00674016 0.00827624 0.00997066 0.0118672 0.0139801 0.0162662 0.018702 0.0212803 0.0239238 0.0264942 0.0288919 0.0310377 0.0327456 0.0338082 0.0341185 0.033524 0.0318479 0.0290278 0.0250161 0.0198349 0.0136119 0.00646014 -0.00138109 -0.00960831 -0.0179523 -0.0260185 -0.0334809 -0.040082 -0.0455179 -0.049633 -0.0522743 -0.0533955 -0.0531448 -0.0516156 -0.0490237 -0.0455696 -0.0414457 -0.036984 -0.0323822 -0.027888 -0.0236553 -0.0197398 -0.0162741 -0.0132314 -0.010675 -0.00857342 -0.0068608 -0.00553397 -0.00446251 -0.00366366 -0.00304206 -0.00258335 -0.00226809 -0.00202455 -0.00189251 -0.00177579 -0.00172702 -0.00167931 -0.00165285 -0.00164113 -0.00161327 -0.00161832 -0.00158783 -0.00159663 -0.00157021 -0.00157401 -0.00155769 -0.0015522 -0.00154807 -0.00153325 -0.0015396 -0.00151827 -0.0015312 -0.00150735 -0.0015225 -0.00149987 -0.00151361 -0.00149489 -0.0015049 -0.00149152 -0.00149675 -0.00148907 -0.00148948 -0.00148712 -0.00148327 -0.00148544 -0.00147822 -0.001484 -0.00147434 -0.00148282 -0.00147161 -0.00148198 -0.00146999 -0.00148153 -0.00146945 -0.00148153 -0.00146999 -0.00148198 -0.00147161 -0.00148282 -0.00147434 -0.001484 -0.00147822 -0.00148544 -0.00148327 -0.00148712 -0.00148948 -0.00148907 -0.00149675 -0.00149152 -0.0015049 -0.00149489 -0.00151361 -0.00149987 -0.0015225 -0.00150735 -0.0015312 -0.00151827 -0.0015396 -0.00153325 -0.00154807 -0.00155219 -0.00155766 -0.00157393 -0.00157 -0.00159608 -0.00158646 -0.00161504 -0.00160575 -0.00162461 -0.00161808 -0.00160927 -0.00159204 -0.00152697 -0.0014537 -0.00128374 -0.00106929 -0.000719816 -0.000250542 0.00038241 0.00123893 0.00231454 0.00373641 0.00549585 0.00770364 0.0103737 0.0134998 0.0171127 0.0211039 0.0254766 0.0300849 0.0347688 0.0393353 0.04346 0.046956 0.0495612 0.0510799 0.05136 0.0501803 0.0475206 0.0433882 0.0378876 0.0312484 0.0236422 0.0153887 0.00682622 -0.00175683 -0.0099898 -0.0176101 -0.0244015 -0.0301642 -0.0348354 -0.0383409 -0.0406725 -0.0419697 -0.0423183 -0.0418035 -0.0406066 -0.0389064 -0.0368491 -0.0345549 -0.0321461 -0.0297657 -0.0274818 -0.025297 -0.0232759 -0.0214984 -0.0199474 -0.018588 -0.0174485 -0.01653 -0.0157818 -0.0152103 -0.0148424 
0 0.00118689 0.00237876 0.00365093 0.00503224 0.00651803 0.00815499 0.00997066 0.0119707 0.014188 0.0166033 0.0191611 0.0218593 0.0246693 0.0274693 0.0301353 0.0325826 0.0346802 0.0362196 0.0370264 0.0369908 0.0359739 0.0338286 0.0304662 0.0258862 0.0201667 0.013367 0.00561837 -0.00279085 -0.0115755 -0.0204225 -0.0289892 -0.0369762 -0.0440288 -0.0498862 -0.0543804 -0.0573423 -0.058773 -0.0587112 -0.0572717 -0.0546759 -0.0510776 -0.0467553 -0.0419754 -0.0369874 -0.0320811 -0.0273735 -0.0230235 -0.0190947 -0.0156195 -0.0126747 -0.0101961 -0.00820736 -0.0066143 -0.00535864 -0.00440305 -0.0036442 -0.00310425 -0.00268284 -0.00240002 -0.00220108 -0.00206049 -0.00198806 -0.00191578 -0.00189873 -0.00185928 -0.00185565 -0.00183681 -0.00182782 -0.00182477 -0.0018062 -0.00181366 -0.00178882 -0.00180016 -0.00177491 -0.00178395 -0.00176352 -0.00176615 -0.00175362 -0.00174829 -0.00174442 -0.00173169 -0.00173549 -0.00171721 -0.00172674 -0.00170519 -0.00171833 -0.00169559 -0.00171051 -0.00168818 -0.00170355 -0.00168261 -0.00169765 -0.00167856 -0.00169295 -0.00167576 -0.00168956 -0.001674 -0.00168752 -0.00167315 -0.00168683 -0.00167315 -0.00168752 -0.001674 -0.00168956 -0.00167576 -0.00169295 -0.00167856 -0.00169765 -0.00168261 -0.00170355 -0.00168818 -0.00171051 -0.00169559 -0.00171833 -0.00170519 -0.00172674 -0.00171721 -0.00173549 -0.00173169 -0.00174442 -0.00174829 -0.00175362 -0.00176615 -0.00176352 -0.00178395 -0.00177491 -0.00180014 -0.00178877 -0.00181352 -0.00180582 -0.00182381 -0.00182548 -0.00183137 -0.0018435 -0.00183329 -0.00184548 -0.00181135 -0.00179209 -0.00170865 -0.00159633 -0.00140393 -0.00110773 -0.000706445 -0.000116964 0.00063362 0.00165676 0.00295911 0.00463131 0.00674578 0.00931526 0.0124207 0.015993 0.0200489 0.0245176 0.0293089 0.034342 0.0393708 0.0442009 0.0485358 0.0521113 0.0547331 0.0561369 0.056183 0.0547264 0.051706 0.0471984 0.041266 0.0341219 0.0260391 0.0172993 0.0082468 -0.00084428 -0.00965452 -0.01784 -0.0251984 -0.0315789 -0.0368605 -0.04096 -0.0438455 -0.0456159 -0.0463918 -0.0462418 -0.0453021 -0.0437754 -0.0418182 -0.0395334 -0.0370516 -0.034522 -0.0320343 -0.0296477 -0.027421 -0.0253839 -0.0235793 -0.0220313 -0.020685 -0.01954 -0.0186674 -0.0180217 -0.0175279 
0 0.00140145 0.00287248 0.0044328 0.00607325 0.00782749 0.00975093 0.0118672 0.014188 0.0166986 0.019365 0.0221902 0.0251329 0.0280717 0.0309265 0.0336185 0.0359874 0.0378758 0.0391334 0.0395893 0.0391177 0.0376067 0.0349268 0.0310206 0.0259269 0.0197061 0.0124329 0.00427024 -0.00452571 -0.0136491 -0.0227972 -0.0316965 -0.0400114 -0.0473894 -0.0535768 -0.0583704 -0.0616639 -0.0634086 -0.0635874 -0.0623305 -0.0597938 -0.056189 -0.0517848 -0.0468098 -0.0415737 -0.0363114 -0.0312153 -0.026455 -0.0220814 -0.0182025 -0.0148327 -0.0119901 -0.00967522 -0.00779741 -0.00634043 -0.00518822 -0.00431147 -0.00365004 -0.0031472 -0.0028053 -0.00254213 -0.00238694 -0.00226652 -0.00219842 -0.00215324 -0.00211431 -0.0021037 -0.00207183 -0.00207329 -0.00204598 -0.00204713 -0.00202778 -0.00202249 -0.00201338 -0.00200011 -0.0020006 -0.00198102 -0.00198818 -0.00196557 -0.00197566 -0.00195348 -0.00196312 -0.00194412 -0.00195096 -0.00193676 -0.00193962 -0.0019308 -0.00192946 -0.00192583 -0.0019207 -0.00192161 -0.00191346 -0.00191808 -0.00190776 -0.00191524 -0.00190355 -0.00191314 -0.00190079 -0.00191186 -0.00189942 -0.00191143 -0.00189942 -0.00191186 -0.00190079 -0.00191314 -0.00190355 -0.00191524 -0.00190776 -0.00191808 -0.00191346 -0.00192161 -0.0019207 -0.00192583 -0.00192946 -0.0019308 -0.00193962 -0.00193676 -0.00195096 -0.00194412 -0.00196312 -0.00195348 -0.00197566 -0.00196557 -0.00198818 -0.00198102 -0.0020006 -0.0020001 -0.00201335 -0.00202239 -0.00202752 -0.00204647 -0.00204434 -0.0020694 -0.00206302 -0.00208452 -0.00207433 -0.00207345 -0.00204603 -0.00198793 -0.0018994 -0.00172469 -0.00149024 -0.0011125 -0.000612192 8.38063e-05 0.00100387 0.00219347 0.00375095 0.00570046 0.00815591 0.0111173 0.0146151 0.0186338 0.0231026 0.0279997 0.0331828 0.0385287 0.0438178 0.0487794 0.0531849 0.0567423 0.0592352 0.0604399 0.0601739 0.0583867 0.0550451 0.0502049 0.043968 0.0364997 0.0281067 0.0190941 0.00974205 0.000338639 -0.00882279 -0.0174279 -0.0252367 -0.0321135 -0.0379368 -0.0426 -0.0460794 -0.0484209 -0.0496964 -0.0500151 -0.0495008 -0.0482752 -0.0465056 -0.0443536 -0.0419293 -0.0393506 -0.0367374 -0.0341946 -0.0318038 -0.0295703 -0.0275129 -0.0257205 -0.0241985 -0.0228964 -0.0218456 -0.0210567 -0.0204917 
0 0.00172557 0.00347499 0.00528053 0.00721317 0.00931053 0.0115559 0.0139801 0.0166033 0.019365 0.0222682 0.0253328 0.0284199 0.0314047 0.0342611 0.0368534 0.0389902 0.0405525 0.0414073 0.041415 0.0404444 0.0383612 0.0351194 0.0307138 0.0251401 0.0184835 0.0108677 0.00244607 -0.00653369 -0.0158005 -0.0250904 -0.0341201 -0.0425833 -0.0501545 -0.0565569 -0.0616146 -0.0652159 -0.0672732 -0.0677626 -0.066748 -0.0643812 -0.0608917 -0.056508 -0.0514838 -0.0460881 -0.0405616 -0.0351463 -0.0299962 -0.0252331 -0.0209467 -0.0171718 -0.0139629 -0.0112906 -0.00913178 -0.00742213 -0.00607564 -0.00504917 -0.00425156 -0.00366692 -0.00323158 -0.00292323 -0.00271623 -0.00256594 -0.00248224 -0.00241068 -0.00237842 -0.00234305 -0.00232425 -0.00230713 -0.00228752 -0.00228117 -0.00225879 -0.00225829 -0.00223593 -0.00223689 -0.00221801 -0.00221696 -0.00220389 -0.00219887 -0.00219238 -0.00218295 -0.00218243 -0.00216932 -0.0021734 -0.00215789 -0.00216498 -0.00214846 -0.00215714 -0.0021408 -0.00214998 -0.00213465 -0.00214369 -0.00212982 -0.00213844 -0.00212618 -0.00213438 -0.00212363 -0.00213162 -0.00212211 -0.00213022 -0.00212161 -0.00213022 -0.00212211 -0.00213162 -0.00212363 -0.00213438 -0.00212618 -0.00213844 -0.00212982 -0.00214369 -0.00213465 -0.00214998 -0.0021408 -0.00215714 -0.00214846 -0.00216498 -0.00215789 -0.0021734 -0.00216932 -0.00218243 -0.00218295 -0.00219238 -0.00219887 -0.00220389 -0.00221695 -0.002218 -0.00223686 -0.00223587 -0.00225811 -0.00225834 -0.00228003 -0.00228478 -0.00230081 -0.00231027 -0.00231342 -0.00231824 -0.00229365 -0.0022644 -0.0021777 -0.00205339 -0.00183796 -0.0015241 -0.00107802 -0.000454212 0.000363883 0.00145916 0.00286253 0.00467246 0.00694735 0.00974214 0.0131003 0.0169935 0.0214161 0.0262938 0.0315516 0.0370651 0.0426339 0.0480463 0.0530361 0.0573626 0.0607829 0.063043 0.0639418 0.0633366 0.0611909 0.0575395 0.0524343 0.0459782 0.03836 0.0298434 0.0207217 0.0112703 0.00174618 -0.00756549 -0.016398 -0.0245446 -0.0318118 -0.0380732 -0.0432707 -0.0473517 -0.0503142 -0.0521901 -0.053059 -0.053069 -0.0522994 -0.0508404 -0.0489167 -0.0466787 -0.0441797 -0.0415557 -0.038939 -0.0363909 -0.0339817 -0.0317615 -0.0297591 -0.0280244 -0.0265675 -0.0253612 -0.0244218 -0.0237755 
0 0.00204788 0.00413218 0.00627386 0.00853574 0.0109613 0.0135352 0.0162662 0.0191611 0.0221902 0.0253328 0.0285152 0.0316238 0.0346008 0.037347 0.0396964 0.0415134 0.0426525 0.0429969 0.0424645 0.0408901 0.0381917 0.0344203 0.029545 0.0235663 0.0165953 0.0087527 0.000233431 -0.00876158 -0.0180337 -0.02729 -0.0362705 -0.0447126 -0.0523121 -0.0588433 -0.0641119 -0.0679824 -0.0703741 -0.0712095 -0.0705241 -0.0684471 -0.0651699 -0.0609327 -0.0559586 -0.0504954 -0.0448015 -0.0391128 -0.0336362 -0.0285137 -0.0238442 -0.0196978 -0.0161108 -0.0130947 -0.0106257 -0.00864471 -0.00708648 -0.00587132 -0.00493695 -0.00423019 -0.00370157 -0.00332396 -0.0030536 -0.00287409 -0.00275262 -0.00267415 -0.00262557 -0.00258884 -0.00256986 -0.00254763 -0.00253781 -0.00252122 -0.00251208 -0.00249939 -0.00248796 -0.00247893 -0.00246489 -0.00245896 -0.00244333 -0.00243947 -0.00242378 -0.00242083 -0.00240651 -0.00240349 -0.00239157 -0.00238786 -0.00237886 -0.0023742 -0.0023682 -0.00236262 -0.0023594 -0.0023531 -0.0023523 -0.00234556 -0.00234675 -0.00233987 -0.00234267 -0.00233591 -0.00233998 -0.00233358 -0.00233864 -0.00233281 -0.00233864 -0.00233358 -0.00233998 -0.00233591 -0.00234267 -0.00233987 -0.00234675 -0.00234556 -0.0023523 -0.0023531 -0.0023594 -0.00236262 -0.0023682 -0.0023742 -0.00237886 -0.00238786 -0.00239157 -0.00240349 -0.00240651 -0.00242083 -0.00242378 -0.00243947 -0.00244333 -0.00245895 -0.00246488 -0.00247889 -0.00248785 -0.00249908 -0.0025113 -0.00251931 -0.00253333 -0.00253758 -0.00254817 -0.00254403 -0.00253686 -0.00250595 -0.00244728 -0.00234312 -0.0021684 -0.00190692 -0.00151807 -0.000980561 -0.000245948 0.000727917 0.00200164 0.00364982 0.00574246 0.00835326 0.0115221 0.0152624 0.019558 0.024361 0.0296046 0.0351792 0.0409186 0.0466155 0.0520234 0.0569073 0.0610416 0.0641849 0.0661204 0.0666498 0.0656735 0.0631947 0.0592431 0.0539166 0.047335 0.0396802 0.0312106 0.0221481 0.012762 0.00332813 -0.0059427 -0.0148249 -0.0231436 -0.0307167 -0.0373544 -0.043026 -0.0476977 -0.0512802 -0.0537957 -0.0553056 -0.0558985 -0.0556905 -0.0547422 -0.0531864 -0.0512122 -0.0489105 -0.046387 -0.0437803 -0.0411621 -0.038636 -0.0363045 -0.0341581 -0.0322161 -0.0305679 -0.0292306 -0.0281817 -0.027432 
0 0.00238022 0.00485487 0.00740308 0.0100232 0.0127774 0.0156779 0.018702 0.0218593 0.0251329 0.0284199 0.0316238 0.0347126 0.0375862 0.0400694 0.042059 0.0434422 0.0440587 0.0438333 0.0426695 0.040445 0.0371771 0.0328839 0.0275566 0.0212647 0.0140762 0.00615316 -0.00229639 -0.0111721 -0.0202701 -0.0293253 -0.0381214 -0.0463872 -0.0539196 -0.0605102 -0.0659212 -0.0700399 -0.0727339 -0.0739277 -0.0736432 -0.0719301 -0.0689854 -0.0650025 -0.0601842 -0.0547813 -0.0490068 -0.0431381 -0.0373917 -0.0319382 -0.0269199 -0.0223938 -0.0184369 -0.0150587 -0.0122548 -0.00999073 -0.00818469 -0.00678047 -0.00568723 -0.00485685 -0.00423256 -0.00377197 -0.00344743 -0.00321639 -0.0030659 -0.00296119 -0.00289531 -0.00284933 -0.00281693 -0.00279421 -0.00277321 -0.00275869 -0.00274207 -0.00273027 -0.00271645 -0.00270559 -0.00269416 -0.00268381 -0.00267436 -0.0026646 -0.0026566 -0.00264766 -0.00264065 -0.00263272 -0.00262638 -0.00261955 -0.00261373 -0.002608 -0.00260267 -0.002598 -0.0025932 -0.00258951 -0.00258532 -0.00258254 -0.00257902 -0.00257709 -0.00257431 -0.00257318 -0.00257116 -0.00257083 -0.00256959 -0.00257005 -0.00256959 -0.00257083 -0.00257116 -0.00257318 -0.00257431 -0.00257709 -0.00257902 -0.00258254 -0.00258532 -0.00258951 -0.0025932 -0.002598 -0.00260267 -0.002608 -0.00261373 -0.00261955 -0.00262638 -0.00263272 -0.00264065 -0.00264766 -0.0026566 -0.0026646 -0.00267435 -0.0026838 -0.00269413 -0.00270551 -0.00271625 -0.00272974 -0.00274076 -0.00275557 -0.00276607 -0.00277855 -0.002784 -0.00278294 -0.00276711 -0.00272409 -0.00264582 -0.00250303 -0.00228486 -0.00195004 -0.0014788 -0.000827201 4.74706e-05 0.00119331 0.00269096 0.00459768 0.00700719 0.0099615 0.0134972 0.0176154 0.0222701 0.0274293 0.0329786 0.038799 0.0446894 0.0504038 0.0557252 0.0603956 0.0642264 0.0669927 0.0684838 0.068587 0.067207 0.0643852 0.0601774 0.0546675 0.0480566 0.0405016 0.0322085 0.0233869 0.0142259 0.00501818 -0.00404865 -0.012848 -0.0211827 -0.0289069 -0.0358574 -0.0419256 -0.0471057 -0.0513068 -0.0544869 -0.0567071 -0.057979 -0.0583833 -0.058052 -0.0570339 -0.0554312 -0.0534226 -0.0511327 -0.0486511 -0.0460809 -0.0435351 -0.0411025 -0.0388323 -0.0367838 -0.0350055 -0.0335056 -0.0323303 -0.0315257 
0 0.00282821 0.0056768 0.00859495 0.011618 0.0147427 0.0179636 0.0212803 0.0246693 0.0280717 0.0314047 0.0346008 0.0375862 0.0402137 0.0423322 0.0438533 0.0446815 0.0447103 0.0438392 0.0419851 0.0391539 0.0353496 0.0305513 0.0248479 0.0183172 0.0110337 0.00319044 -0.00509192 -0.0137083 -0.0224639 -0.0311934 -0.0396547 -0.0476411 -0.0550302 -0.0615773 -0.0670924 -0.0714141 -0.0743814 -0.0759702 -0.0761153 -0.0748573 -0.072341 -0.0686901 -0.0641439 -0.0588808 -0.0531308 -0.0471735 -0.0412108 -0.0354947 -0.0301432 -0.0252683 -0.0209518 -0.0171998 -0.0140641 -0.0114779 -0.0094142 -0.0077886 -0.00651558 -0.00555206 -0.00480444 -0.00426557 -0.0038616 -0.0035836 -0.00339174 -0.00325728 -0.00317788 -0.00311097 -0.00307945 -0.00304155 -0.00302477 -0.00300101 -0.00298581 -0.00297116 -0.0029541 -0.00294594 -0.00292752 -0.00292336 -0.0029052 -0.00290274 -0.0028864 -0.00288387 -0.00287038 -0.00286674 -0.00285651 -0.00285141 -0.00284437 -0.00283792 -0.00283373 -0.00282629 -0.00282451 -0.00281652 -0.00281671 -0.0028086 -0.00281036 -0.00280247 -0.00280554 -0.00279813 -0.00280229 -0.00279553 -0.00280065 -0.00279466 -0.00280065 -0.00279553 -0.00280229 -0.00279813 -0.00280554 -0.00280247 -0.00281036 -0.0028086 -0.00281671 -0.00281652 -0.00282451 -0.00282629 -0.00283373 -0.00283792 -0.00284437 -0.00285141 -0.00285651 -0.00286674 -0.00287038 -0.00288387 -0.0028864 -0.00290274 -0.00290519 -0.00292334 -0.00292747 -0.00294581 -0.00295375 -0.00297027 -0.00298366 -0.00299601 -0.00301362 -0.00301767 -0.00303043 -0.00301455 -0.00299615 -0.00292917 -0.00282398 -0.00264113 -0.00235835 -0.00195603 -0.00137494 -0.000609365 0.000430072 0.00176894 0.0035062 0.00570995 0.00843716 0.0117608 0.0156523 0.020137 0.0251381 0.0305989 0.0364165 0.042389 0.04834 0.0539792 0.0590968 0.0634765 0.0668862 0.0691806 0.0701585 0.0697644 0.067987 0.0648226 0.0603923 0.0547842 0.0482 0.0408523 0.0328479 0.0243822 0.0156231 0.00675965 -0.00199572 -0.0105612 -0.0187877 -0.0265093 -0.0336476 -0.040062 -0.0456603 -0.0504204 -0.0542827 -0.0572267 -0.0592423 -0.0603477 -0.0606665 -0.0602801 -0.059225 -0.0576408 -0.0556903 -0.0534649 -0.0510569 -0.0485828 -0.0461372 -0.0438071 -0.0416927 -0.0398421 -0.0382535 -0.0369804 -0.0360899 
0 0.00329258 0.00656618 0.00990331 0.0133222 0.016786 0.0203271 0.0239238 0.0274693 0.0309265 0.0342611 0.037347 0.0400694 0.0423322 0.0440032 0.0449797 0.0451998 0.0445654 0.0429784 0.0404504 0.0370317 0.0327036 0.0274957 0.0215159 0.014856 0.00763598 -3.67452e-05 -0.00806928 -0.0163004 -0.0246185 -0.0328855 -0.040893 -0.0485356 -0.0556637 -0.0620917 -0.0676569 -0.0721241 -0.0753889 -0.077376 -0.0779903 -0.0772686 -0.0752253 -0.072004 -0.0677949 -0.0627469 -0.0571303 -0.0511467 -0.0450687 -0.0391397 -0.0334985 -0.0283227 -0.0236439 -0.01955 -0.0160574 -0.0131392 -0.0107949 -0.00890522 -0.00744613 -0.00630304 -0.00543339 -0.0047874 -0.00429748 -0.00396869 -0.00371767 -0.00356922 -0.00345484 -0.00338899 -0.00334304 -0.00330492 -0.00328901 -0.00325712 -0.00325199 -0.00322245 -0.00321856 -0.00319338 -0.00318614 -0.00316752 -0.00315537 -0.00314399 -0.00312734 -0.00312243 -0.0031028 -0.00310275 -0.00308197 -0.003085 -0.00306472 -0.00306929 -0.00305069 -0.00305569 -0.00303948 -0.00304427 -0.00303068 -0.003035 -0.00302398 -0.00302787 -0.00301913 -0.00302283 -0.00301598 -0.00301982 -0.00301443 -0.00301882 -0.00301443 -0.00301982 -0.00301598 -0.00302283 -0.00301913 -0.00302787 -0.00302398 -0.003035 -0.00303068 -0.00304427 -0.00303948 -0.00305569 -0.00305069 -0.00306929 -0.00306472 -0.003085 -0.00308197 -0.00310275 -0.0031028 -0.00312243 -0.00312734 -0.00314398 -0.00315535 -0.00316749 -0.00318605 -0.00319315 -0.00321797 -0.00322099 -0.00324854 -0.00324928 -0.00327192 -0.0032692 -0.00327147 -0.00325155 -0.0032019 -0.00312309 -0.00296302 -0.00274288 -0.00238158 -0.00189749 -0.00121063 -0.000299363 0.000896056 0.00246638 0.00444873 0.00697079 0.0100371 0.0137168 0.0179862 0.022804 0.028146 0.0338681 0.0398807 0.0459434 0.0518291 0.0573093 0.0621143 0.0660927 0.0690102 0.0707261 0.0711582 0.0702413 0.0680522 0.0645993 0.0599737 0.0543489 0.0478704 0.0407581 0.0331306 0.0251008 0.0168541 0.00848883 0.000137971 -0.00806537 -0.0160384 -0.0236596 -0.0308545 -0.0375235 -0.0435031 -0.048737 -0.053211 -0.0568499 -0.0596045 -0.0614893 -0.0625496 -0.0628473 -0.0624617 -0.0614728 -0.0599662 -0.05808 -0.0559571 -0.0536841 -0.0513602 -0.0490977 -0.0469642 -0.0450464 -0.0434398 -0.0421504 -0.0411777 
0 0.00373593 0.00749308 0.0112877 0.0150862 0.0188869 0.0227151 0.0264942 0.0301353 0.0336185 0.0368534 0.0396964 0.042059 0.0438533 0.0449797 0.0453575 0.0448971 0.0435374 0.0412733 0.0381253 0.0341361 0.0293512 0.023823 0.0176602 0.011005 0.00394523 -0.00346774 -0.0111163 -0.0188719 -0.0266521 -0.03435 -0.0418706 -0.0491047 -0.0559078 -0.062167 -0.0676869 -0.0722723 -0.0758109 -0.0781686 -0.0792913 -0.0791176 -0.0776192 -0.0749146 -0.0711054 -0.066393 -0.0609813 -0.0550716 -0.0489628 -0.0428551 -0.0369885 -0.0315066 -0.026494 -0.022061 -0.0181974 -0.0149617 -0.0122954 -0.0101528 -0.00847517 -0.00714761 -0.00615112 -0.00537184 -0.00480996 -0.00439218 -0.00409618 -0.00390185 -0.00375341 -0.00367637 -0.00360022 -0.00357074 -0.0035289 -0.00351095 -0.00348816 -0.00346796 -0.00345786 -0.00343297 -0.00343107 -0.00340371 -0.00340572 -0.00337924 -0.00338142 -0.00335865 -0.00335844 -0.0033411 -0.00333723 -0.00332587 -0.00331819 -0.00331253 -0.00330155 -0.00330084 -0.00328745 -0.00329075 -0.00327589 -0.00328231 -0.00326679 -0.0032756 -0.00326007 -0.00327074 -0.00325565 -0.00326779 -0.00325346 -0.0032668 -0.00325346 -0.00326779 -0.00325565 -0.00327074 -0.00326007 -0.0032756 -0.00326679 -0.00328231 -0.00327589 -0.00329075 -0.00328745 -0.00330084 -0.00330155 -0.00331253 -0.00331819 -0.00332587 -0.00333723 -0.0033411 -0.00335844 -0.00335865 -0.00338141 -0.00337923 -0.0034057 -0.00340366 -0.00343092 -0.00343258 -0.00345688 -0.0034656 -0.00348273 -0.00349889 -0.00350324 -0.00351834 -0.00349767 -0.00348397 -0.00340744 -0.00330527 -0.0031088 -0.00282103 -0.00240038 -0.00179819 -0.00100467 8.09534e-05 0.00146816 0.00328355 0.00556809 0.00840452 0.0118457 0.0158678 0.0204981 0.0256372 0.0312497 0.0371984 0.0433013 0.0493666 0.0550998 0.0603089 0.0647507 0.0682322 0.0706049 0.0717076 0.0715422 0.0701149 0.0674851 0.0637519 0.0589878 0.0533822 0.0471017 0.0402822 0.0330778 0.0255837 0.0179105 0.0101334 0.00229515 -0.00548518 -0.0131049 -0.0205177 -0.0276586 -0.0344236 -0.0406862 -0.0463452 -0.0513382 -0.0556084 -0.0590967 -0.0617742 -0.0636389 -0.0646977 -0.0650251 -0.0647257 -0.0638303 -0.0624259 -0.0607025 -0.058762 -0.0566709 -0.0545779 -0.0525687 -0.0506862 -0.0490586 -0.0477726 -0.0468361 
0 0.00422159 0.00843045 0.0126364 0.016837 0.0209863 0.0250166 0.0288919 0.0325826 0.0359874 0.0389902 0.0415134 0.0434422 0.0446815 0.0451998 0.0448971 0.0436924 0.0416391 0.038756 0.0350352 0.0305574 0.0253996 0.0196471 0.0134373 0.00687671 4.43205e-05 -0.00699232 -0.0141629 -0.0213617 -0.0285193 -0.0356186 -0.0426054 -0.049377 -0.0558279 -0.0618392 -0.0672623 -0.0719399 -0.0757073 -0.078445 -0.0800599 -0.0804389 -0.0795423 -0.0773854 -0.0740661 -0.0697609 -0.0646291 -0.0589054 -0.0528233 -0.0466301 -0.0405801 -0.0348229 -0.0295181 -0.0247323 -0.0205273 -0.0169449 -0.0139484 -0.0115346 -0.0095981 -0.00809002 -0.00692081 -0.00602043 -0.00535714 -0.00485037 -0.004506 -0.00424707 -0.00408338 -0.00396579 -0.00388673 -0.00383914 -0.00379181 -0.00377405 -0.00373779 -0.00372997 -0.00370043 -0.00369315 -0.00367102 -0.00366015 -0.00364611 -0.00363053 -0.00362394 -0.00360438 -0.00360358 -0.00358169 -0.00358466 -0.00356229 -0.00356716 -0.0035459 -0.00355127 -0.00353221 -0.00353723 -0.00352096 -0.00352526 -0.00351195 -0.00351554 -0.00350505 -0.00350819 -0.00350016 -0.00350326 -0.00349724 -0.00350079 -0.00349627 -0.00350079 -0.00349724 -0.00350326 -0.00350016 -0.00350819 -0.00350505 -0.00351554 -0.00351195 -0.00352526 -0.00352096 -0.00353723 -0.00353221 -0.00355127 -0.0035459 -0.00356716 -0.00356229 -0.00358466 -0.00358169 -0.00360358 -0.00360437 -0.00362393 -0.00363051 -0.00364607 -0.00366005 -0.00367077 -0.0036925 -0.00369885 -0.00372625 -0.0037294 -0.00375586 -0.00375398 -0.00376367 -0.00374238 -0.00370109 -0.00361795 -0.0034618 -0.00323305 -0.00286371 -0.00236344 -0.00164838 -0.00070634 0.000544218 0.00217005 0.00423589 0.00684563 0.0100171 0.0138139 0.0181977 0.023145 0.028596 0.034431 0.0405337 0.0466689 0.0526191 0.0581319 0.0629741 0.0669667 0.0699013 0.0716513 0.0721362 0.0713622 0.0694181 0.0663786 0.0623623 0.0575131 0.0519865 0.045941 0.0394893 0.0327431 0.0258192 0.0187745 0.011615 0.00436958 -0.0028987 -0.010118 -0.0172298 -0.0241956 -0.0309295 -0.0373271 -0.0433173 -0.0487759 -0.0535963 -0.0577641 -0.0612156 -0.0638744 -0.0657489 -0.0668681 -0.0672963 -0.0671217 -0.0663974 -0.065217 -0.0637105 -0.0619836 -0.0601659 -0.0583766 -0.0566824 -0.0551711 -0.0539385 -0.0530401 
0 0.00468321 0.00934654 0.0139578 0.0184896 0.022888 0.0270825 0.0310377 0.0346802 0.0378758 0.0405525 0.0426525 0.0440587 0.0447103 0.0445654 0.0435374 0.0416391 0.038938 0.0354502 0.0312298 0.0263555 0.0209342 0.0151197 0.00898372 0.00259698 -0.00391539 -0.0105152 -0.0171474 -0.0237271 -0.0302547 -0.0367234 -0.0431195 -0.0493961 -0.0554336 -0.0611551 -0.0664594 -0.0711855 -0.075181 -0.0782824 -0.0803594 -0.0812983 -0.0809929 -0.0794231 -0.0766488 -0.0727973 -0.0680417 -0.0625724 -0.0566149 -0.0504246 -0.0442419 -0.03828 -0.0326942 -0.0275878 -0.0230451 -0.0191001 -0.015775 -0.0130415 -0.0108417 -0.00911105 -0.0077557 -0.00672205 -0.00593282 -0.00535036 -0.00492793 -0.00462569 -0.00442468 -0.00427944 -0.00419247 -0.00412296 -0.00408262 -0.00404568 -0.00401893 -0.0039964 -0.00397129 -0.00395636 -0.0039307 -0.00392022 -0.00389524 -0.00388698 -0.00386454 -0.0038568 -0.00383828 -0.00382994 -0.003816 -0.00380654 -0.00379719 -0.00378659 -0.00378139 -0.00376994 -0.00376826 -0.00375637 -0.00375753 -0.00374564 -0.00374906 -0.00373754 -0.00374276 -0.00373188 -0.00373858 -0.00372854 -0.00373649 -0.00372743 -0.00373649 -0.00372854 -0.00373858 -0.00373188 -0.00374276 -0.00373754 -0.00374906 -0.00374564 -0.00375753 -0.00375637 -0.00376826 -0.00376994 -0.00378139 -0.00378659 -0.00379719 -0.00380654 -0.003816 -0.00382994 -0.00383828 -0.0038568 -0.00386453 -0.00388696 -0.00389518 -0.00392005 -0.00393028 -0.00395531 -0.00396878 -0.00399064 -0.00400621 -0.00401875 -0.00402785 -0.00401615 -0.00399273 -0.00392122 -0.00380833 -0.00360727 -0.00330927 -0.00286961 -0.00225463 -0.0014249 -0.000314152 0.00112697 0.00299319 0.00534815 0.00826946 0.0117961 0.0159315 0.0206596 0.0259159 0.0316265 0.0376609 0.0438388 0.0499358 0.0556967 0.0608897 0.0653055 0.0687537 0.0710785 0.0721697 0.0720052 0.0706529 0.068205 0.0647886 0.0605492 0.0556472 0.0502597 0.0444867 0.0384207 0.0321735 0.0258105 0.0193839 0.012874 0.00626008 -0.000408419 -0.00713691 -0.0138943 -0.0205905 -0.0271921 -0.0336303 -0.0398096 -0.0456263 -0.050932 -0.0556698 -0.0598103 -0.0632455 -0.0659491 -0.0679395 -0.0691934 -0.0697832 -0.0698171 -0.0693304 -0.0684081 -0.0672006 -0.0658156 -0.06435 -0.0629363 -0.0616768 -0.0606064 -0.059772 
