0 0 0 0 0 0 0 0 0 0 0 0 0 0 0 0 0 0 0 0 0 0 0 0 0 0 0 0 0 0 0 0 0 0 0 0 0 0 0 0 0 0 0 0 0 0 0 0 0 0 0 0 0 0 0 0 0 0 0 0 0 0 0 0 0 0 0 0 0 0 0 0 0 0 0 0 0 0 0 0 0 0 0 0 0 0 0 0 0 0 0 0 0 0 0 0 0 0 0 0 0 0 0 0 0 0 0 0 0 0 0 0 0 0 0 0 0 0 0 0 0 0 0 0 0 0 0 0 0 0 0 0 0 0 0 0 0 0 0 0 0 0 0 0 0 0 0 0 0 0 0 0 0 0 0 0 0 0 0 0 0 0 0 0 0 0 0 0 0 0 0 0 0 0 0 0 0 0 0 0 0 0 0 0 0 0 0 0 0 0 0 0 0 0 0 0 0 0 0 0 
0 3.65267e-05 3.07269e-05 5.15464e-05 0.000106587 0.000112435 0.00010473 0.000164379 0.000208442 0.000188804 0.000215289 0.000272268 0.00028656 0.000328171 0.000377782 0.000388289 0.000439573 0.000496515 0.000531939 0.000608762 0.000679546 0.000769893 0.000888801 0.00097753 0.00114318 0.00133615 0.00150357 0.001784 0.00208863 0.00241353 0.00281425 0.00320917 0.00367792 0.00411987 0.00449809 0.00490243 0.00516464 0.00531113 0.00528678 0.00503739 0.00464113 0.00393527 0.00302037 0.00191488 0.000632082 -0.000691125 -0.00213256 -0.00348931 -0.00473783 -0.00580664 -0.00660816 -0.00723512 -0.00753412 -0.00761532 -0.00741163 -0.00700401 -0.00648545 -0.00582371 -0.00517562 -0.00443491 -0.00375858 -0.00308542 -0.0024963 -0.00200741 -0.00157067 -0.00126825 -0.00096531 -0.000784961 -0.000583592 -0.00047379 -0.000358163 -0.000289493 -0.000243369 -0.000194927 -0.000195153 -0.000153405 -0.000177543 -0.000138056 -0.000169867 -0.000134378 -0.000163924 -0.000135881 -0.000157819 -0.000139671 -0.000151782 -0.000144241 -0.000146366 -0.000148713 -0.00014192 -0.000152607 -0.00013854 -0.000155723 -0.000136141 -0.000158042 -0.000134551 -0.000159642 -0.000133579 -0.00016063 -0.000133066 -0.000161098 -0.000132907 -0.000161098 -0.000133066 -0.00016063 -0.000133579 -0.000159642 -0.000134551 -0.000158042 -0.000136141 -0.000155723 -0.00013854 -0.000152607 -0.00014192 -0.000148712 -0.000146364 -0.000144234 -0.000151765 -0.000139624 -0.000157699 -0.00013558 -0.0001632 -0.000132706 -0.000166165 -0.000130197 -0.000161573 -0.00012236 -0.000137464 -9.25121e-05 -6.9698e-05 -8.08915e-06 7.80429e-05 0.0001746 0.000344152 0.000499789 0.000768054 0.00102569 0.00142265 0.00185157 0.00241065 0.00304313 0.00372601 0.00447849 0.00517289 0.00590741 0.00651771 0.00708103 0.00745165 0.00759694 0.00750776 0.00709387 0.00649149 0.00557895 0.00447694 0.0031666 0.00172352 0.000313108 -0.00111645 -0.0023956 -0.00357039 -0.00453143 -0.00520766 -0.0057112 -0.00594524 -0.00601766 -0.0058875 -0.00558352 -0.00526342 -0.00482769 -0.00437662 -0.00393112 -0.00348381 -0.00313045 -0.00275097 -0.0024247 -0.002196 -0.00194077 -0.00174692 -0.00159303 -0.00144821 -0.00135979 -0.00125145 -0.00117797 -0.00114693 -0.00106393 -0.0010186 -0.000998198 -0.000930671 -0.000914742 -0.000919408 -0.000863219 -0.000837764 -0.000858728 -0.00083766 -0.00079227 -0.000784004 -0.000793759 -0.00078639 -0.000778809 -0.000777307 -0.00076511 
0 3.07269e-05 9.88511e-05 0.000134922 0.000154095 0.000222878 0.000278078 0.000297492 0.000353666 0.000418009 0.000470227 0.000540287 0.000581222 0.000629508 0.000734732 0.000804612 0.000872796 0.00100372 0.00110733 0.00121255 0.00137585 0.00154688 0.00174722 0.00199546 0.00230322 0.00268074 0.00308948 0.00359511 0.00421325 0.00487324 0.00561846 0.00645365 0.00733499 0.00820873 0.0090108 0.00973955 0.0102915 0.0105461 0.0104642 0.00999658 0.00911375 0.00774768 0.00591073 0.00370519 0.00121068 -0.0014702 -0.00424686 -0.00695034 -0.00940407 -0.0114932 -0.0131381 -0.0143171 -0.0149747 -0.0151039 -0.0147362 -0.0139633 -0.0129095 -0.0116626 -0.0103126 -0.00890419 -0.00751493 -0.00620138 -0.00502557 -0.0040205 -0.00318522 -0.00251357 -0.00196677 -0.00153659 -0.00118823 -0.000923816 -0.000719251 -0.00057454 -0.000472713 -0.000405526 -0.000365371 -0.000338173 -0.000327453 -0.00031619 -0.000316592 -0.000310269 -0.000313788 -0.000308844 -0.000312556 -0.000308322 -0.000311257 -0.000307822 -0.000309702 -0.00030721 -0.000308029 -0.000306521 -0.000306405 -0.000305823 -0.000304958 -0.000305185 -0.000303773 -0.000304659 -0.000302901 -0.000304286 -0.00030237 -0.000304094 -0.000302192 -0.000304094 -0.00030237 -0.000304286 -0.000302901 -0.000304659 -0.000303773 -0.000305185 -0.000304958 -0.000305823 -0.000306405 -0.000306521 -0.000308029 -0.000307208 -0.000309697 -0.000307808 -0.000311216 -0.000308214 -0.00031228 -0.000308161 -0.000312166 -0.000306568 -0.000308489 -0.000299182 -0.000293257 -0.000272363 -0.000244225 -0.000192307 -0.000113947 2.86095e-06 0.000170783 0.000393448 0.000690898 0.00106094 0.00153444 0.00211711 0.00285207 0.00375118 0.00483592 0.00608629 0.00745998 0.00890168 0.0103389 0.0117287 0.0129925 0.0140578 0.0147946 0.0150935 0.0148763 0.0141221 0.0128616 0.0111009 0.00888978 0.00629724 0.00348728 0.000632316 -0.00214196 -0.00472365 -0.00702531 -0.00890575 -0.0103107 -0.0112577 -0.011779 -0.0119123 -0.0116625 -0.0111465 -0.0104674 -0.00966175 -0.00878401 -0.00787895 -0.00704096 -0.00626887 -0.0055305 -0.00490204 -0.00437385 -0.00391719 -0.00352916 -0.0032 -0.00295588 -0.00273179 -0.00251963 -0.00238881 -0.00225855 -0.00212389 -0.00205486 -0.00198575 -0.00190792 -0.00185023 -0.00179 -0.00175447 -0.00172087 -0.00166052 -0.0016361 -0.0016347 -0.00160872 -0.00158339 -0.00156187 -0.00154216 -0.001538 -0.00153763 
0 5.15464e-05 0.000134922 0.000201776 0.000248269 0.000327058 0.000411219 0.000463848 0.00053497 0.000629536 0.000703967 0.000787827 0.000889436 0.000980258 0.00109388 0.00121985 0.00133451 0.00149348 0.00167088 0.00184556 0.00208838 0.00236181 0.0026622 0.00305874 0.00351284 0.00405553 0.00471644 0.00546784 0.00637735 0.00739581 0.00850176 0.00975036 0.0110228 0.0122866 0.0134813 0.0144833 0.0152513 0.0155867 0.0154218 0.0147149 0.0133339 0.0113099 0.00859823 0.00533215 0.00166511 -0.00232353 -0.00637616 -0.0103503 -0.0139597 -0.0170343 -0.0194973 -0.0212075 -0.0222037 -0.0223881 -0.0218792 -0.0207774 -0.0192227 -0.0174156 -0.0153903 -0.0133387 -0.0112674 -0.0093401 -0.00759662 -0.00608686 -0.00485278 -0.00381178 -0.00301532 -0.00233329 -0.00183417 -0.00141108 -0.00111446 -0.00088585 -0.000724916 -0.000629247 -0.000545692 -0.000524307 -0.000476248 -0.000487111 -0.000453653 -0.0004735 -0.000448121 -0.000466194 -0.00044828 -0.000460269 -0.000450239 -0.000454923 -0.000452599 -0.00045028 -0.000454782 -0.000446491 -0.000456551 -0.00044358 -0.00045785 -0.000441467 -0.000458725 -0.000440032 -0.000459262 -0.000439154 -0.000459544 -0.00043874 -0.000459631 -0.00043874 -0.000459544 -0.000439154 -0.000459262 -0.000440032 -0.000458725 -0.000441467 -0.00045785 -0.000443579 -0.000456551 -0.000446491 -0.000454781 -0.000450276 -0.000452589 -0.000454894 -0.000450162 -0.000460067 -0.000447769 -0.000464954 -0.000445227 -0.000467012 -0.000439689 -0.000458282 -0.000419198 -0.00041617 -0.000349459 -0.000288428 -0.000158291 1.65676e-05 0.00026449 0.000616033 0.00104392 0.00163352 0.00232293 0.0032405 0.00432759 0.00570157 0.00731108 0.00916583 0.0112095 0.0133192 0.0154734 0.0174923 0.0193673 0.0208838 0.0219359 0.0223509 0.0219988 0.0209071 0.0190057 0.0164215 0.0131513 0.00936255 0.00527131 0.00105449 -0.00300733 -0.00683387 -0.0102043 -0.0129887 -0.0151301 -0.0165579 -0.0173926 -0.0176121 -0.0173064 -0.0166198 -0.0156148 -0.0144598 -0.0131787 -0.0118643 -0.0106372 -0.00945796 -0.00839857 -0.00746544 -0.00663862 -0.00596173 -0.00536273 -0.0048602 -0.00447273 -0.00411689 -0.00383168 -0.00361215 -0.00340128 -0.00323883 -0.00310226 -0.00297025 -0.00287727 -0.00278401 -0.00269123 -0.00263999 -0.00258432 -0.00251453 -0.00247524 -0.00244539 -0.00240405 -0.00237176 -0.00235089 -0.0023366 -0.00232447 -0.00230728 
0 0.000106587 0.000154095 0.000248269 0.000376724 0.000435406 0.000509513 0.0006469 0.000742119 0.000826811 0.000944714 0.00104769 0.00119159 0.00135075 0.00145831 0.0016289 0.00183432 0.00199843 0.00224118 0.00252964 0.00281961 0.00320437 0.00364464 0.00416041 0.00479554 0.00551914 0.00641419 0.00745673 0.0086237 0.00999259 0.011483 0.0130725 0.0147301 0.0163414 0.017859 0.0191154 0.019988 0.020371 0.0200849 0.0190639 0.0172024 0.014483 0.0109601 0.00669704 0.00189635 -0.00326872 -0.00853865 -0.0136413 -0.0183302 -0.0223441 -0.0255496 -0.0278105 -0.0290885 -0.0293841 -0.0287616 -0.0273857 -0.0254115 -0.0230496 -0.0204374 -0.0177318 -0.0150534 -0.0125176 -0.0102304 -0.00823372 -0.00656607 -0.00518704 -0.00408137 -0.00318865 -0.00248683 -0.00193749 -0.00151997 -0.00121516 -0.000994897 -0.000851253 -0.000750683 -0.000695526 -0.000654435 -0.000638115 -0.000621406 -0.000618398 -0.000610644 -0.000610776 -0.000606675 -0.000606717 -0.000604728 -0.000603895 -0.000603506 -0.000601745 -0.000602647 -0.000600098 -0.000602013 -0.00059886 -0.000601539 -0.000597959 -0.000601187 -0.000597334 -0.000600941 -0.000596941 -0.000600795 -0.000596752 -0.000600746 -0.000596752 -0.000600795 -0.000596941 -0.000600941 -0.000597334 -0.000601187 -0.000597959 -0.000601539 -0.00059886 -0.000602013 -0.000600097 -0.000602644 -0.000601738 -0.000603487 -0.000603843 -0.000604588 -0.00060636 -0.000605794 -0.000608681 -0.000605856 -0.000607882 -0.000599227 -0.000593226 -0.000567308 -0.000533429 -0.000461706 -0.000357601 -0.000186467 5.54139e-05 0.000400176 0.000860985 0.00146222 0.00223322 0.00319805 0.00441232 0.00590088 0.00771948 0.00985278 0.0122903 0.014943 0.0177202 0.0205031 0.0231557 0.0255466 0.0274767 0.0287815 0.0292571 0.0287987 0.0273363 0.0248692 0.02147 0.0172253 0.0123521 0.00705701 0.00162611 -0.00368292 -0.00864513 -0.013019 -0.016689 -0.0195217 -0.0214985 -0.0226447 -0.0230025 -0.0227317 -0.0219082 -0.0206853 -0.0192101 -0.0175749 -0.0159299 -0.0142928 -0.0127489 -0.011374 -0.0101127 -0.00902078 -0.00808079 -0.00727133 -0.00661668 -0.00603157 -0.00556236 -0.00520423 -0.00484959 -0.00458344 -0.00438135 -0.00415592 -0.00398801 -0.00385279 -0.00372348 -0.00363608 -0.00352421 -0.00342934 -0.00340157 -0.00333097 -0.00323941 -0.00320957 -0.00318365 -0.00314575 -0.00312789 -0.00311055 -0.00308616 
0 0.000112435 0.000222878 0.000327058 0.000435406 0.000552983 0.000676169 0.000795436 0.000910813 0.00105459 0.00121101 0.00134289 0.00149762 0.00167744 0.00184844 0.00207027 0.00232282 0.00255883 0.00286472 0.00323154 0.00361131 0.0040853 0.00466953 0.00534811 0.00615292 0.00710396 0.0082458 0.00955316 0.0110116 0.0126923 0.0145321 0.0164504 0.0184236 0.0203526 0.0221216 0.023549 0.0244788 0.0248116 0.0243512 0.0229644 0.0205846 0.0171982 0.0128846 0.00770917 0.00187123 -0.00435904 -0.0106983 -0.016817 -0.0224597 -0.0273348 -0.0312261 -0.0339976 -0.0355669 -0.0359883 -0.0353194 -0.033733 -0.0314116 -0.0285623 -0.0254106 -0.022111 -0.0188589 -0.0157582 -0.0129423 -0.0104672 -0.00836155 -0.00662763 -0.00520585 -0.00408287 -0.00317757 -0.0024884 -0.00195056 -0.00156174 -0.00127976 -0.00108597 -0.000963422 -0.000877603 -0.000837546 -0.000800409 -0.000794639 -0.000775751 -0.000780651 -0.000768443 -0.000774575 -0.00076594 -0.000770118 -0.000764554 -0.000765971 -0.000763365 -0.000762103 -0.000762198 -0.000758679 -0.000761069 -0.000755825 -0.000760044 -0.0007536 -0.000759198 -0.00075202 -0.000758594 -0.000751079 -0.000758281 -0.000750767 -0.000758281 -0.000751079 -0.000758594 -0.00075202 -0.000759198 -0.0007536 -0.000760044 -0.000755825 -0.000761069 -0.000758679 -0.000762197 -0.000762098 -0.000763353 -0.000765937 -0.000764461 -0.000769875 -0.000765332 -0.000773105 -0.000765027 -0.000773015 -0.000759349 -0.000760798 -0.000733389 -0.000710201 -0.000645524 -0.000557782 -0.000405776 -0.000184598 0.000133898 0.000579968 0.00116353 0.0019395 0.00290988 0.00415374 0.00568247 0.00757415 0.00983438 0.0124745 0.0154544 0.0186792 0.0220612 0.0254269 0.0286431 0.0314843 0.0337559 0.0352409 0.0357446 0.0351513 0.0333446 0.0303425 0.0261943 0.0210743 0.0152186 0.00886646 0.00233505 -0.00409366 -0.010088 -0.0153993 -0.0198827 -0.0234061 -0.0259305 -0.0274303 -0.0280051 -0.0278207 -0.0269713 -0.0256121 -0.0238976 -0.0219974 -0.0200415 -0.0180574 -0.0161675 -0.0144539 -0.0128939 -0.0115107 -0.0103099 -0.0093023 -0.0084551 -0.00770384 -0.00709951 -0.00661299 -0.00616017 -0.00579704 -0.00551417 -0.00525322 -0.00504202 -0.00486369 -0.00469694 -0.00455976 -0.00444013 -0.00433516 -0.00423679 -0.00415014 -0.00410456 -0.00405643 -0.0039884 -0.00395008 -0.00391231 -0.00387262 -0.00388188 
0 0.00010473 0.000278078 0.000411219 0.000509513 0.000676169 0.000837871 0.000950112 0.00110991 0.00128946 0.00144457 0.00163737 0.00183546 0.00202942 0.00228152 0.00253714 0.00280684 0.00315142 0.00351981 0.0039554 0.00448243 0.00506039 0.00578847 0.00664946 0.0076149 0.00881085 0.0101947 0.0117551 0.0135495 0.0155203 0.0176749 0.0199093 0.0221243 0.0243026 0.0262147 0.0277034 0.0286284 0.028799 0.0281015 0.0263162 0.0234041 0.019404 0.0143278 0.00833736 0.00158235 -0.00559326 -0.0128434 -0.019875 -0.0263339 -0.0319754 -0.0364842 -0.0397085 -0.0415867 -0.0421309 -0.0414823 -0.0397386 -0.0371431 -0.0338932 -0.0302529 -0.0264501 -0.022657 -0.019061 -0.0157364 -0.0128075 -0.0102738 -0.00816756 -0.00644064 -0.0050518 -0.0039588 -0.00309428 -0.00244756 -0.00194796 -0.0016031 -0.0013464 -0.0011873 -0.00107381 -0.00101054 -0.000968454 -0.000944534 -0.000932924 -0.000921142 -0.000921385 -0.000911939 -0.000916772 -0.00090732 -0.000913953 -0.000904487 -0.000911672 -0.000902611 -0.000909695 -0.000901355 -0.000908008 -0.000900521 -0.000906631 -0.000899977 -0.000905585 -0.000899637 -0.000904882 -0.000899451 -0.000904529 -0.000899391 -0.000904529 -0.000899451 -0.000904882 -0.000899637 -0.000905585 -0.000899977 -0.000906631 -0.000900521 -0.000908007 -0.000901354 -0.000909692 -0.000902603 -0.000911649 -0.000904426 -0.00091379 -0.000906907 -0.000915759 -0.000909547 -0.000915951 -0.000909268 -0.00090799 -0.000894242 -0.000871063 -0.000829531 -0.000750947 -0.000634544 -0.000437413 -0.000165482 0.000243026 0.000779149 0.00151393 0.00244891 0.00365819 0.00517222 0.00705173 0.00934467 0.012052 0.0151913 0.0186706 0.0224464 0.026352 0.0302575 0.033937 0.0371521 0.039676 0.0412502 0.0417398 0.0409499 0.0388226 0.0353104 0.0305041 0.0246334 0.0179162 0.0106885 0.00320169 -0.00416862 -0.0110666 -0.0172421 -0.022465 -0.0266814 -0.0297541 -0.0316763 -0.0325683 -0.0325286 -0.0317589 -0.0303443 -0.0284801 -0.0263963 -0.0241542 -0.0219054 -0.0197204 -0.0176753 -0.0158505 -0.0141703 -0.0127076 -0.0114782 -0.0103856 -0.00948054 -0.00872067 -0.00806848 -0.00755266 -0.00709038 -0.00670307 -0.00640651 -0.00611619 -0.00588296 -0.00569832 -0.00549867 -0.00536482 -0.00526139 -0.00511041 -0.00501544 -0.00496971 -0.00487058 -0.00479082 -0.00477547 -0.00473545 -0.00468098 -0.00467496 
0 0.000164379 0.000297492 0.000463848 0.0006469 0.000795436 0.000950112 0.00113938 0.00133715 0.00151788 0.00170186 0.00193112 0.00217827 0.00242809 0.00271452 0.00301735 0.00335828 0.00377534 0.00422796 0.00475602 0.00540134 0.00613721 0.00701169 0.00804261 0.00924454 0.0106683 0.0122896 0.0141396 0.0162238 0.0184794 0.0208988 0.0233765 0.0258157 0.028122 0.0300862 0.0315633 0.0323632 0.0323092 0.0312635 0.0290374 0.0256095 0.020987 0.0152321 0.00850313 0.000982765 -0.00696011 -0.014987 -0.0227514 -0.0299111 -0.0361799 -0.0412223 -0.0448771 -0.0470487 -0.0477805 -0.0471853 -0.0453774 -0.0425886 -0.0390254 -0.0349964 -0.0307418 -0.0264895 -0.0224176 -0.0186308 -0.0152504 -0.0122928 -0.00981074 -0.00775328 -0.00610154 -0.0047874 -0.00375848 -0.0029743 -0.00237431 -0.00194787 -0.00163136 -0.00142936 -0.00128276 -0.00120196 -0.00114259 -0.00111484 -0.00109374 -0.00108372 -0.00107791 -0.00107154 -0.00107205 -0.00106524 -0.00106882 -0.00106102 -0.0010663 -0.00105789 -0.00106409 -0.00105553 -0.00106217 -0.00105378 -0.00106056 -0.00105252 -0.00105932 -0.00105168 -0.00105847 -0.00105119 -0.00105804 -0.00105104 -0.00105804 -0.00105119 -0.00105847 -0.00105168 -0.00105932 -0.00105252 -0.00106056 -0.00105378 -0.00106216 -0.00105552 -0.00106409 -0.00105787 -0.00106626 -0.00106091 -0.00106855 -0.00106455 -0.0010704 -0.00106773 -0.00106944 -0.00106564 -0.00105663 -0.00104165 -0.00100402 -0.00095008 -0.000843136 -0.000692226 -0.000442723 -0.000101463 0.000395461 0.00105088 0.00192969 0.00305948 0.00450235 0.00631829 0.00854649 0.0112466 0.014393 0.0179941 0.0219507 0.0261986 0.0305803 0.0349178 0.0389785 0.0424667 0.0451494 0.0467598 0.0471564 0.0461664 0.0437003 0.0397455 0.034383 0.0278751 0.0204635 0.0124836 0.00423855 -0.00391288 -0.0115779 -0.0184983 -0.0244274 -0.02926 -0.0328928 -0.0352882 -0.0365569 -0.0367855 -0.0361563 -0.0348184 -0.0329356 -0.0307286 -0.0283083 -0.0258325 -0.0234051 -0.0210761 -0.0189453 -0.0170098 -0.0152862 -0.0137894 -0.0124821 -0.0113876 -0.0104556 -0.00964991 -0.00900387 -0.00845329 -0.00797345 -0.00758128 -0.00723701 -0.00694847 -0.00671509 -0.00650279 -0.00631293 -0.00615393 -0.0060391 -0.00592936 -0.00579062 -0.00570523 -0.00566525 -0.00558757 -0.00554129 -0.00553252 -0.0054742 
0 0.000208442 0.000353666 0.00053497 0.000742119 0.000910813 0.00110991 0.00133715 0.00153163 0.00175222 0.0020147 0.00226021 0.00252078 0.0028295 0.00316417 0.00353864 0.00396655 0.00445244 0.00501123 0.00564471 0.00640321 0.0073146 0.00834539 0.00957316 0.0110438 0.0126913 0.0145705 0.0167084 0.0190439 0.0215615 0.0241798 0.026841 0.0294379 0.0317566 0.0336914 0.035052 0.0356243 0.035265 0.0337725 0.0310857 0.0271367 0.0219161 0.0155643 0.00818862 7.85527e-05 -0.0084685 -0.0171065 -0.0254336 -0.0331626 -0.0399052 -0.0454074 -0.049446 -0.0519176 -0.0528845 -0.0523807 -0.0506037 -0.0476943 -0.0439337 -0.0396067 -0.0349812 -0.0303435 -0.0258268 -0.0216297 -0.0177968 -0.0144402 -0.0115649 -0.00917322 -0.00724289 -0.00568721 -0.00449166 -0.00354336 -0.00285175 -0.00231629 -0.00195186 -0.00168394 -0.00151371 -0.00140117 -0.00132857 -0.00129308 -0.00125977 -0.00125667 -0.00123553 -0.00124404 -0.0012259 -0.00123763 -0.00122076 -0.00123246 -0.00121722 -0.00122761 -0.00121451 -0.00122315 -0.0012124 -0.00121927 -0.00121079 -0.00121616 -0.00120961 -0.00121388 -0.00120883 -0.00121251 -0.00120844 -0.00121205 -0.00120844 -0.00121251 -0.00120883 -0.00121388 -0.00120961 -0.00121616 -0.00121079 -0.00121927 -0.0012124 -0.00122314 -0.0012145 -0.00122758 -0.00121715 -0.00123228 -0.00122029 -0.00123651 -0.00122326 -0.00123809 -0.0012226 -0.00122966 -0.00120556 -0.00118855 -0.00113503 -0.00105701 -0.000925733 -0.000718066 -0.000424041 1.58017e-05 0.000593274 0.00139905 0.00242107 0.00377305 0.0054607 0.00759171 0.0101838 0.0132752 0.0168637 0.0208786 0.0252902 0.0299358 0.0347254 0.0393958 0.0437229 0.0473939 0.0501264 0.0517225 0.0519536 0.0507407 0.0479386 0.0435887 0.0377943 0.0307652 0.022829 0.0142474 0.00542465 -0.00331582 -0.0116109 -0.0191406 -0.0257143 -0.0311062 -0.0352785 -0.0381983 -0.0398957 -0.0405027 -0.0401131 -0.0389598 -0.0371987 -0.0349599 -0.0324626 -0.0298299 -0.0271995 -0.0246432 -0.0222093 -0.0200232 -0.0180547 -0.0162791 -0.0147617 -0.0134588 -0.012331 -0.0113711 -0.0105564 -0.00988463 -0.00930745 -0.00881178 -0.00842621 -0.00808053 -0.00776024 -0.0075295 -0.00731825 -0.00709305 -0.00694331 -0.00682164 -0.00667738 -0.00659979 -0.00653947 -0.00641775 -0.00635381 -0.00635258 -0.006303 
0 0.000188804 0.000418009 0.000629536 0.000826811 0.00105459 0.00128946 0.00151788 0.00175222 0.00200841 0.00230555 0.00260639 0.00290605 0.0032699 0.00367675 0.00410105 0.00460362 0.00519053 0.00585104 0.00662748 0.00754683 0.00861634 0.00984822 0.0112954 0.0129864 0.0148867 0.0170247 0.0194223 0.0220168 0.0247401 0.0275259 0.0303084 0.0329248 0.0351786 0.0369545 0.0380723 0.0383331 0.0375506 0.0355905 0.0324183 0.0279532 0.0222155 0.0153213 0.00745016 -0.00111193 -0.0101097 -0.0191749 -0.0279424 -0.0360608 -0.04317 -0.0490321 -0.053398 -0.0561882 -0.0573818 -0.0570458 -0.0553403 -0.0524142 -0.048561 -0.0440294 -0.0391511 -0.0341731 -0.0293011 -0.0247089 -0.0204751 -0.0167269 -0.0134633 -0.0107427 -0.00850035 -0.00671269 -0.00530265 -0.00420408 -0.00337684 -0.00274204 -0.0022988 -0.00196371 -0.00175656 -0.00159923 -0.00151789 -0.0014523 -0.00142522 -0.00140101 -0.0013912 -0.00138468 -0.00137737 -0.00137912 -0.00137008 -0.00137646 -0.00136527 -0.00137455 -0.00136183 -0.00137289 -0.00135934 -0.00137142 -0.00135758 -0.00137019 -0.0013564 -0.00136926 -0.00135567 -0.00136868 -0.00135532 -0.00136848 -0.00135532 -0.00136868 -0.00135567 -0.00136926 -0.0013564 -0.00137019 -0.00135758 -0.00137142 -0.00135934 -0.00137288 -0.00136181 -0.0013745 -0.00136515 -0.00137616 -0.00136932 -0.00137732 -0.00137323 -0.00137554 -0.0013718 -0.00136137 -0.00134742 -0.00130558 -0.00125212 -0.00113668 -0.000982638 -0.000717357 -0.000363418 0.00016327 0.000853022 0.00179094 0.00300014 0.00456002 0.00653551 0.00897508 0.0119489 0.0154282 0.0194346 0.0238599 0.0286612 0.0336815 0.0387708 0.0436978 0.0481652 0.051908 0.0546087 0.0560861 0.056122 0.0546153 0.0514996 0.0467951 0.0406639 0.0332763 0.024948 0.0159785 0.00674565 -0.00238724 -0.0111308 -0.019163 -0.0262569 -0.0321929 -0.0368885 -0.0403525 -0.0425687 -0.0436131 -0.0435969 -0.0427207 -0.0411616 -0.0390307 -0.0365283 -0.033835 -0.0310775 -0.0283362 -0.02569 -0.0232499 -0.0210248 -0.019003 -0.0172242 -0.015687 -0.0143591 -0.0132113 -0.0122463 -0.0114413 -0.0107384 -0.0101515 -0.0096735 -0.00924452 -0.00887404 -0.00857588 -0.0083268 -0.0081058 -0.00789699 -0.00773506 -0.00761911 -0.00748057 -0.00736064 -0.00731086 -0.0072469 -0.00716853 -0.00715275 
0 0.000215289 0.000470227 0.000703967 0.000944714 0.00121101 0.00144457 0.00170186 0.0020147 0.00230555 0.00260065 0.00295091 0.00333539 0.00375756 0.00421301 0.00472128 0.00532647 0.00600769 0.00679201 0.00773073 0.00880597 0.0100567 0.0115238 0.0131993 0.0151198 0.0172845 0.0196773 0.022307 0.0251007 0.0279777 0.030877 0.0336728 0.0362085 0.0383116 0.0398233 0.0406004 0.040437 0.0391612 0.0367024 0.0330052 0.0280449 0.021838 0.0145041 0.00628401 -0.00259387 -0.0118556 -0.0211819 -0.0302147 -0.0385615 -0.045931 -0.052049 -0.0567202 -0.0598157 -0.0612706 -0.0611634 -0.0595905 -0.0567625 -0.0529019 -0.0482901 -0.0432371 -0.037994 -0.0328218 -0.0278587 -0.0232677 -0.0191208 -0.0154959 -0.0124203 -0.00986964 -0.00782465 -0.00618807 -0.00493048 -0.00394689 -0.00322095 -0.00267258 -0.00228786 -0.00201627 -0.00183381 -0.0017204 -0.00164113 -0.00160472 -0.00156889 -0.0015638 -0.00154316 -0.00154852 -0.00153293 -0.00154069 -0.0015276 -0.00153495 -0.00152407 -0.00153008 -0.00152146 -0.00152595 -0.00151949 -0.00152259 -0.00151804 -0.00152005 -0.00151703 -0.00151836 -0.00151644 -0.00151751 -0.00151624 -0.00151751 -0.00151644 -0.00151836 -0.00151703 -0.00152005 -0.00151804 -0.00152259 -0.00151949 -0.00152594 -0.00152145 -0.00153005 -0.00152399 -0.00153475 -0.0015271 -0.00153948 -0.0015301 -0.00154216 -0.0015294 -0.0015352 -0.00151174 -0.00149495 -0.00143857 -0.00136124 -0.00122165 -0.00101241 -0.000701669 -0.000252241 0.000355907 0.00119078 0.00226932 0.00369078 0.00548282 0.00775432 0.0105291 0.0138634 0.0177395 0.0221155 0.0269312 0.0320578 0.0373863 0.042688 0.0477485 0.0522579 0.0559418 0.0585396 0.0598143 0.0596157 0.0578022 0.0543795 0.0493985 0.0430082 0.0354098 0.0268403 0.0176536 0.00819416 -0.00118577 -0.0102043 -0.0186064 -0.0261075 -0.032517 -0.0377256 -0.041713 -0.0444829 -0.0460388 -0.0464975 -0.046022 -0.04476 -0.0428653 -0.0404906 -0.0378205 -0.0350084 -0.0321413 -0.0293337 -0.0266698 -0.0241861 -0.0219345 -0.0199121 -0.0181189 -0.0165758 -0.0152358 -0.0140842 -0.0131184 -0.0122882 -0.0115841 -0.0109847 -0.0104768 -0.0100713 -0.00969758 -0.00936139 -0.00913097 -0.00891834 -0.00869408 -0.00853703 -0.00839621 -0.00826258 -0.00819941 -0.00813077 -0.0080421 -0.00801518 
0 0.000272268 0.000540287 0.000787827 0.00104769 0.00134289 0.00163737 0.00193112 0.00226021 0.00260639 0.00295091 0.00334555 0.00379918 0.00426093 0.0047869 0.00543451 0.00613501 0.00691895 0.0078743 0.00896185 0.010204 0.0116757 0.0133696 0.0152963 0.0174628 0.019874 0.0225261 0.0253347 0.0282622 0.0312536 0.0341619 0.0368724 0.0392309 0.0410691 0.042239 0.0425557 0.0418778 0.0400774 0.0370758 0.0328634 0.0274239 0.0208151 0.0131764 0.00471831 -0.00431641 -0.0136936 -0.0231138 -0.0322284 -0.0406837 -0.0481818 -0.0544915 -0.059414 -0.0627926 -0.0645445 -0.0646923 -0.0633471 -0.0606891 -0.0569346 -0.0523467 -0.0472055 -0.0417935 -0.036359 -0.0310945 -0.0261578 -0.0216515 -0.0176668 -0.0142367 -0.0113747 -0.00904142 -0.00718036 -0.00572265 -0.00459256 -0.00373882 -0.00309565 -0.0026354 -0.0023029 -0.00208336 -0.00193219 -0.00184168 -0.00178174 -0.0017485 -0.00172745 -0.00171448 -0.00170804 -0.00170033 -0.00169931 -0.00169223 -0.00169362 -0.00168624 -0.001689 -0.00168142 -0.0016851 -0.00167758 -0.00168192 -0.00167465 -0.00167948 -0.0016726 -0.00167784 -0.00167138 -0.00167702 -0.00167098 -0.00167702 -0.00167138 -0.00167784 -0.0016726 -0.00167948 -0.00167465 -0.00168192 -0.00167758 -0.0016851 -0.0016814 -0.00168895 -0.00168611 -0.00169329 -0.00169142 -0.0016974 -0.00169595 -0.00169841 -0.00169412 -0.00168602 -0.00166746 -0.00162937 -0.00156641 -0.00145414 -0.00128484 -0.00101843 -0.000642097 -0.000103684 0.000619087 0.00158963 0.00285099 0.00448028 0.00654392 0.0091118 0.012236 0.0159272 0.0201741 0.0249086 0.0300534 0.0354762 0.0410188 0.0464594 0.0515385 0.0559791 0.0595101 0.0618951 0.0629186 0.0624187 0.0603048 0.056593 0.0513858 0.044836 0.037124 0.02849 0.0192439 0.00973117 0.000267077 -0.00889338 -0.0174937 -0.0252967 -0.032098 -0.0377787 -0.0422929 -0.0456023 -0.0477389 -0.0487627 -0.04878 -0.0479391 -0.0463736 -0.044259 -0.0417292 -0.0389238 -0.0360215 -0.0331048 -0.0302552 -0.0275604 -0.0250717 -0.0228275 -0.0207948 -0.0189952 -0.0174632 -0.0161077 -0.0149262 -0.0139618 -0.0131325 -0.0124061 -0.0118118 -0.0113189 -0.0108864 -0.0105054 -0.0101898 -0.00992783 -0.00969058 -0.00950298 -0.00936793 -0.00922782 -0.00908878 -0.0090012 -0.00895015 -0.00890081 
0 0.00028656 0.000581222 0.000889436 0.00119159 0.00149762 0.00183546 0.00217827 0.00252078 0.00290605 0.00333539 0.00379918 0.00429567 0.00483287 0.0054723 0.00620988 0.00700838 0.00795384 0.0090783 0.010344 0.0118071 0.0134997 0.0154289 0.0175997 0.0199899 0.0226443 0.025504 0.028451 0.0314885 0.0345054 0.0373375 0.0398628 0.04192 0.0433969 0.0441008 0.0438604 0.0426167 0.0402494 0.0367189 0.0320084 0.026139 0.0192347 0.0113957 0.00283389 -0.00623686 -0.0155955 -0.0249443 -0.0340048 -0.0424318 -0.0499677 -0.0563924 -0.0614989 -0.0651409 -0.0671809 -0.0676341 -0.0665758 -0.0641713 -0.0606243 -0.056151 -0.0510333 -0.0455264 -0.0399116 -0.0343948 -0.0291562 -0.0243245 -0.019989 -0.0162204 -0.0130256 -0.0104016 -0.00828272 -0.00661349 -0.00531076 -0.00431413 -0.0035631 -0.00300853 -0.00261332 -0.00233547 -0.00215293 -0.00203068 -0.00195832 -0.00191059 -0.00188574 -0.00186809 -0.00186005 -0.00185301 -0.00184978 -0.00184643 -0.00184425 -0.00184243 -0.00184039 -0.00183944 -0.00183741 -0.00183708 -0.00183512 -0.00183526 -0.00183343 -0.00183395 -0.00183231 -0.00183317 -0.00183176 -0.00183291 -0.00183176 -0.00183317 -0.00183231 -0.00183395 -0.00183343 -0.00183526 -0.00183511 -0.00183707 -0.0018374 -0.00183941 -0.00184031 -0.00184221 -0.00184372 -0.00184515 -0.00184681 -0.00184637 -0.00184574 -0.00183845 -0.0018267 -0.00179749 -0.0017501 -0.00166216 -0.00152571 -0.00130792 -0.000990562 -0.000532688 9.67824e-05 0.000945935 0.00206686 0.00351986 0.00538378 0.0077221 0.0106111 0.014073 0.0181245 0.0227147 0.0277824 0.0332177 0.0388754 0.0445716 0.0500511 0.0550655 0.0593278 0.0626161 0.0646999 0.0653936 0.0645594 0.0621242 0.0581612 0.0527692 0.046132 0.0384165 0.029849 0.0207251 0.0113148 0.00192567 -0.00722387 -0.0158874 -0.0238515 -0.0309709 -0.0370739 -0.0420933 -0.0459617 -0.0486948 -0.0503555 -0.0509478 -0.0506085 -0.0494818 -0.0477104 -0.0454392 -0.0427649 -0.0399009 -0.0369706 -0.0340068 -0.0311431 -0.0284486 -0.0259597 -0.0236933 -0.0216425 -0.0198675 -0.0183234 -0.016947 -0.0157939 -0.014825 -0.0139739 -0.0132511 -0.0126377 -0.0121289 -0.0117091 -0.0113263 -0.0110019 -0.0107551 -0.0105336 -0.010329 -0.0101718 -0.0100522 -0.00994909 -0.00986762 -0.00981583 
0 0.000328171 0.000629508 0.000980258 0.00135075 0.00167744 0.00202942 0.00242809 0.0028295 0.0032699 0.00375756 0.00426093 0.00483287 0.00550846 0.00624497 0.00705983 0.00802527 0.00914844 0.0104245 0.011901 0.0135959 0.0155206 0.0176998 0.0201022 0.0227361 0.0255989 0.0285857 0.0316428 0.0347011 0.0376296 0.0402978 0.0425238 0.0442068 0.045223 0.0453571 0.0445262 0.0426583 0.0397077 0.0356518 0.0304537 0.0242424 0.0171178 0.00919882 0.000665266 -0.00832404 -0.0174965 -0.0266421 -0.0354988 -0.0437859 -0.0512877 -0.0577451 -0.0630073 -0.0668718 -0.0692206 -0.0700225 -0.0693088 -0.067249 -0.0639728 -0.0597178 -0.054694 -0.0491787 -0.0434475 -0.0377235 -0.0322332 -0.0270887 -0.0224385 -0.0183233 -0.0148087 -0.011875 -0.00948982 -0.00759517 -0.00610155 -0.00496137 -0.00408087 -0.00344054 -0.00296025 -0.00263518 -0.00240145 -0.00225675 -0.00215779 -0.00210062 -0.00206464 -0.00204192 -0.00203141 -0.00201919 -0.00201822 -0.00200817 -0.00201096 -0.00200107 -0.0020056 -0.00199573 -0.00200121 -0.00199161 -0.00199767 -0.00198854 -0.00199498 -0.0019864 -0.00199317 -0.00198514 -0.00199227 -0.00198472 -0.00199227 -0.00198514 -0.00199317 -0.0019864 -0.00199498 -0.00198853 -0.00199767 -0.00199161 -0.00200119 -0.00199568 -0.00200546 -0.00200072 -0.00201012 -0.00200618 -0.00201369 -0.00200927 -0.00201049 -0.00199948 -0.00198182 -0.00194521 -0.00187744 -0.00177042 -0.00158966 -0.00132975 -0.000934246 -0.000398234 0.000353267 0.00133409 0.00263685 0.00430003 0.00642294 0.00906111 0.0122731 0.016087 0.0204692 0.0253941 0.0307402 0.0364234 0.0422393 0.0480005 0.0534301 0.058266 0.0622732 0.065212 0.0669309 0.0672274 0.066032 0.0632989 0.0591122 0.0536177 0.0469495 0.0393356 0.0309529 0.0220753 0.0129231 0.00371755 -0.00527891 -0.0138908 -0.0219058 -0.0292179 -0.0356814 -0.0411356 -0.0455492 -0.0488849 -0.0511839 -0.0524419 -0.0526919 -0.0521109 -0.0507979 -0.0488736 -0.0464749 -0.0437382 -0.0408419 -0.037857 -0.0348737 -0.0320157 -0.0293144 -0.0268201 -0.0245584 -0.0225197 -0.0207382 -0.0191911 -0.0178242 -0.0166488 -0.0156673 -0.0148271 -0.0140929 -0.0134763 -0.0129681 -0.0125363 -0.012173 -0.0118597 -0.011578 -0.011351 -0.0111828 -0.011043 -0.0109224 -0.010828 -0.0107618 
0 0.000377782 0.000734732 0.00109388 0.00145831 0.00184844 0.00228152 0.00271452 0.00316417 0.00367675 0.00421301 0.0047869 0.0054723 0.00624497 0.00708166 0.00805518 0.00920374 0.0104979 0.0119582 0.0136523 0.0155919 0.0177584 0.0201623 0.0228125 0.0256734 0.0286691 0.0317487 0.0348446 0.0378222 0.0405705 0.0429473 0.0447965 0.0460172 0.04645 0.0459695 0.0445026 0.0419967 0.0384734 0.0338908 0.0282926 0.0218162 0.014562 0.00667965 -0.00173755 -0.0104995 -0.0193756 -0.0281969 -0.0367287 -0.0448027 -0.0521678 -0.0586117 -0.0639631 -0.0680168 -0.0706827 -0.0718447 -0.0715523 -0.0698815 -0.0669661 -0.0630017 -0.058157 -0.0527286 -0.0469407 -0.0410928 -0.0353771 -0.0299742 -0.0250179 -0.0205763 -0.0167406 -0.0134819 -0.0108255 -0.0086696 -0.0069849 -0.00566355 -0.00465891 -0.00390261 -0.00334198 -0.00295004 -0.0026649 -0.00248994 -0.00235834 -0.00229504 -0.00223678 -0.00222077 -0.00219277 -0.00219234 -0.00217622 -0.00217884 -0.00216831 -0.00217002 -0.00216319 -0.00216316 -0.00215931 -0.00215766 -0.00215628 -0.00215344 -0.00215404 -0.00215044 -0.00215254 -0.00214866 -0.00215179 -0.00214807 -0.00215179 -0.00214866 -0.00215254 -0.00215044 -0.00215403 -0.00215343 -0.00215628 -0.00215765 -0.00215927 -0.00216307 -0.00216297 -0.00216947 -0.002167 -0.0021758 -0.00216944 -0.00217778 -0.00216268 -0.00216094 -0.00212236 -0.00208463 -0.00198623 -0.00185684 -0.00162768 -0.00131141 -0.000840226 -0.000201127 0.000666314 0.00181307 0.00329414 0.00520487 0.0075875 0.010549 0.0140819 0.0182392 0.0229423 0.0281582 0.0337611 0.0396153 0.0455394 0.0512661 0.0565685 0.0611411 0.0648072 0.0673401 0.0686064 0.0684785 0.0668814 0.0638718 0.0594988 0.0539429 0.0473301 0.0398741 0.0317921 0.0232575 0.0144828 0.00560382 -0.00313813 -0.0115623 -0.0195385 -0.0269293 -0.0336394 -0.0394847 -0.04439 -0.0483302 -0.0512622 -0.0532018 -0.0541437 -0.0541791 -0.0534187 -0.0519484 -0.049921 -0.0474483 -0.0446619 -0.0417222 -0.0387228 -0.0357462 -0.0328752 -0.030187 -0.0277166 -0.0254432 -0.0233991 -0.0216261 -0.0200685 -0.0186834 -0.0175134 -0.0165429 -0.0156897 -0.0149552 -0.0143523 -0.013827 -0.0133767 -0.0130143 -0.0127079 -0.012459 -0.0122509 -0.0120553 -0.0119174 -0.0118326 -0.0117468 
0 0.000388289 0.000804612 0.00121985 0.0016289 0.00207027 0.00253714 0.00301735 0.00353864 0.00410105 0.00472128 0.00543451 0.00620988 0.00705983 0.00805518 0.0092034 0.0105143 0.0120079 0.0136955 0.0156389 0.0178293 0.0202148 0.0228431 0.0257098 0.028716 0.0318028 0.0349203 0.0379653 0.0407866 0.0432435 0.045233 0.0466221 0.0472559 0.0470328 0.0458872 0.0437606 0.0406446 0.0365512 0.0315112 0.0256108 0.0189549 0.0116849 0.00390658 -0.00428249 -0.0127062 -0.0212016 -0.0295898 -0.0377401 -0.0455049 -0.0526642 -0.0590351 -0.0644043 -0.0686342 -0.0715817 -0.0731396 -0.0732979 -0.0720688 -0.0695887 -0.0659678 -0.0614082 -0.0561287 -0.050386 -0.0444696 -0.0385873 -0.0329694 -0.0277221 -0.0229884 -0.0188128 -0.0152467 -0.0122805 -0.00986382 -0.00795224 -0.00643972 -0.00529182 -0.00440193 -0.00375927 -0.00327611 -0.00295063 -0.00271761 -0.00257217 -0.00247575 -0.00241682 -0.00238448 -0.00235915 -0.00235299 -0.00233763 -0.00234141 -0.00232794 -0.00233558 -0.00232215 -0.00233144 -0.00231802 -0.00232806 -0.00231495 -0.00232534 -0.00231275 -0.00232332 -0.00231132 -0.00232209 -0.00231061 -0.00232167 -0.00231061 -0.00232209 -0.00231132 -0.00232332 -0.00231275 -0.00232533 -0.00231495 -0.00232804 -0.00231797 -0.0023313 -0.0023218 -0.00233472 -0.00232593 -0.00233683 -0.00232764 -0.00233196 -0.00231653 -0.0023014 -0.00226106 -0.00219487 -0.00208493 -0.00190403 -0.00164141 -0.00124221 -0.000701458 6.06458e-05 0.00105228 0.00237673 0.00406148 0.00622097 0.00889683 0.0121652 0.016041 0.0205063 0.0255263 0.0309882 0.0368069 0.042778 0.0487237 0.0543555 0.0594267 0.0636876 0.0669287 0.0690092 0.0697717 0.0691746 0.0671819 0.0638817 0.0593746 0.0537852 0.0472943 0.0400714 0.0323462 0.0242577 0.0159358 0.0075167 -0.000852931 -0.00899497 -0.0168151 -0.024203 -0.0310364 -0.0371956 -0.0425585 -0.0470566 -0.050623 -0.0532301 -0.0548943 -0.0556233 -0.0554693 -0.054551 -0.0529934 -0.0508951 -0.0483644 -0.0455565 -0.0426216 -0.0396213 -0.0366231 -0.0337629 -0.0310899 -0.0285966 -0.0263272 -0.024303 -0.0225258 -0.0209717 -0.019596 -0.0184153 -0.0174222 -0.0165667 -0.0158415 -0.0152215 -0.0146936 -0.0142762 -0.0139203 -0.0135978 -0.0133453 -0.013149 -0.0129851 -0.0128626 -0.0127797 
0 0.000439573 0.000872796 0.00133451 0.00183432 0.00232282 0.00280684 0.00335828 0.00396655 0.00460362 0.00532647 0.00613501 0.00700838 0.00802527 0.00920374 0.0105143 0.0120096 0.0137195 0.0156601 0.0178493 0.0202513 0.02288 0.0257369 0.0287475 0.0318556 0.0349769 0.0380321 0.0409232 0.0434598 0.0455321 0.0470588 0.0478791 0.0478712 0.0469585 0.0451244 0.0423591 0.0386333 0.0340124 0.0285898 0.0224589 0.0157349 0.00852402 0.000944607 -0.0069 -0.0148951 -0.0229001 -0.0308021 -0.0385054 -0.0458933 -0.0528024 -0.0590325 -0.0644065 -0.0687778 -0.0720046 -0.0739716 -0.0745911 -0.0738596 -0.0718373 -0.068632 -0.0644075 -0.0593535 -0.0537324 -0.0478007 -0.0418238 -0.0360111 -0.0305272 -0.0255046 -0.0210186 -0.0171402 -0.0138624 -0.0111798 -0.00901715 -0.00731706 -0.00599377 -0.00498263 -0.00422586 -0.00366553 -0.00327221 -0.00299102 -0.00281252 -0.00268616 -0.00261754 -0.00256463 -0.0025427 -0.00251964 -0.00251372 -0.00250183 -0.00249996 -0.00249273 -0.00249116 -0.00248666 -0.00248454 -0.0024821 -0.00247942 -0.00247866 -0.00247565 -0.00247625 -0.00247317 -0.00247482 -0.00247193 -0.00247434 -0.00247193 -0.00247482 -0.00247317 -0.00247625 -0.00247565 -0.00247866 -0.00247941 -0.00248206 -0.00248445 -0.00248644 -0.00249061 -0.00249141 -0.00249691 -0.00249506 -0.00249922 -0.0024897 -0.00248322 -0.00245093 -0.00240844 -0.00231627 -0.00218277 -0.00195825 -0.00163843 -0.00116738 -0.000523607 0.000352503 0.00150829 0.00301075 0.00493856 0.00735775 0.0103497 0.013937 0.018146 0.0229231 0.028217 0.0339113 0.0398729 0.045911 0.0517841 0.057237 0.061998 0.0658596 0.0686315 0.070186 0.070428 0.0693315 0.066953 0.0633894 0.0587704 0.0532201 0.046898 0.0399928 0.0326767 0.0250791 0.0172846 0.00938432 0.00149193 -0.00629556 -0.0138801 -0.0211575 -0.0280237 -0.0343695 -0.0401041 -0.0450972 -0.0492412 -0.052513 -0.0548897 -0.0563573 -0.0569087 -0.0566181 -0.0556284 -0.0539999 -0.0518315 -0.0492786 -0.046464 -0.0435151 -0.0405054 -0.0375227 -0.034679 -0.0320012 -0.0295253 -0.0272715 -0.0252318 -0.0234543 -0.0219025 -0.0205134 -0.0193322 -0.0183389 -0.0174722 -0.0167521 -0.0161551 -0.0156227 -0.015172 -0.0148238 -0.0145411 -0.0142966 -0.0141042 -0.0139642 -0.0138601 
0 0.000496515 0.00100372 0.00149348 0.00199843 0.00255883 0.00315142 0.00377534 0.00445244 0.00519053 0.00600769 0.00691895 0.00795384 0.00914844 0.0104979 0.0120079 0.0137195 0.015673 0.017867 0.0202592 0.0228825 0.0257555 0.0287689 0.0318738 0.035026 0.0380983 0.0410074 0.0436115 0.0457637 0.0473842 0.0483319 0.0485062 0.0478115 0.0461873 0.0436882 0.0402871 0.0360035 0.030946 0.0252193 0.0189687 0.012256 0.00518819 -0.00209796 -0.00953273 -0.0170105 -0.0244795 -0.0318544 -0.0390599 -0.0460326 -0.0526172 -0.05867 -0.0640066 -0.06849 -0.0719865 -0.0743396 -0.0754462 -0.075225 -0.0737104 -0.0709717 -0.0671416 -0.0623992 -0.0569617 -0.0511039 -0.0450764 -0.0391269 -0.0334323 -0.0281438 -0.0233644 -0.019165 -0.0155823 -0.0126018 -0.0101873 -0.00826368 -0.00676265 -0.00560419 -0.00472913 -0.00407885 -0.0036089 -0.00327889 -0.00305379 -0.00290672 -0.00281182 -0.00275434 -0.00271801 -0.00269722 -0.00268314 -0.00267498 -0.00266838 -0.00266403 -0.00266002 -0.00265686 -0.00265405 -0.00265146 -0.0026495 -0.00264737 -0.00264613 -0.00264448 -0.0026439 -0.00264276 -0.00264279 -0.00264219 -0.00264279 -0.00264276 -0.0026439 -0.00264448 -0.00264613 -0.00264736 -0.00264948 -0.00265141 -0.00265391 -0.00265651 -0.00265917 -0.00266203 -0.00266386 -0.00266512 -0.00266241 -0.00265523 -0.00263618 -0.00260087 -0.00253491 -0.00242588 -0.00224979 -0.00198295 -0.00159185 -0.00104027 -0.000285644 0.000724901 0.00204803 0.00375961 0.00592959 0.0086393 0.0119368 0.0158551 0.0203741 0.0254456 0.0309822 0.0368588 0.0429191 0.0489393 0.0546802 0.0598625 0.0642577 0.0676589 0.0699158 0.0709227 0.0706161 0.0690404 0.0662759 0.0624779 0.0577681 0.0522858 0.0461928 0.0396374 0.0327842 0.0257001 0.0184722 0.0111573 0.00379938 -0.00353458 -0.010807 -0.0178832 -0.0246783 -0.0311232 -0.0371047 -0.0425154 -0.0471889 -0.0510782 -0.0541562 -0.056345 -0.0576515 -0.0580791 -0.0577104 -0.0566469 -0.0549495 -0.0527644 -0.050194 -0.0473614 -0.0444299 -0.041437 -0.0384621 -0.0356291 -0.0329694 -0.0304971 -0.0282262 -0.0261925 -0.0244187 -0.0228516 -0.0214763 -0.0203035 -0.0192942 -0.0184316 -0.0177034 -0.0170818 -0.0165703 -0.0161541 -0.0157997 -0.0155128 -0.015299 -0.0151336 -0.0150022 
