0 0 0 0 0 0 0 0 0 0 0 0 0 0 0 0 0 0 0 0 0 0 0 0 0 0 0 0 0 0 0 0 0 0 0 0 0 0 0 0 0 0 0 0 0 0 0 0 0 0 0 0 0 0 0 0 0 0 0 0 0 0 0 0 0 0 0 0 0 0 0 0 0 0 0 0 0 0 0 0 0 0 0 0 0 0 0 0 0 0 0 0 0 0 0 0 0 0 0 0 0 0 0 0 0 0 0 0 0 0 0 0 0 0 0 0 0 0 0 0 0 0 0 0 0 0 0 0 0 0 0 0 0 0 0 0 0 0 0 0 0 0 0 0 0 0 0 0 0 0 0 0 0 0 0 0 0 0 0 0 0 0 0 0 0 0 0 0 0 0 0 0 0 0 0 0 0 0 0 0 0 0 0 0 0 0 0 0 0 0 0 0 0 0 0 0 0 0 0 0 
0 0.000684738 0.0013788 0.00194489 0.00226335 0.00236147 0.00225095 0.00184704 0.00113906 0.000218932 -0.000887655 -0.00220088 -0.00363818 -0.00506431 -0.00640841 -0.00764078 -0.00872376 -0.00959632 -0.0101823 -0.0104621 -0.0104852 -0.0102788 -0.00984343 -0.00920919 -0.00843033 -0.00757838 -0.00671998 -0.00587394 -0.00504515 -0.00425548 -0.0035281 -0.00289563 -0.00237841 -0.00196513 -0.00164016 -0.0013804 -0.00116396 -0.000986429 -0.000840401 -0.000724252 -0.00063924 -0.0005772 -0.000536937 -0.000512075 -0.000495609 -0.000486885 -0.000478734 -0.000471449 -0.000463734 -0.000453367 -0.000444014 -0.000432984 -0.000423396 -0.000415246 -0.00040776 -0.000403521 -0.00039928 -0.000397422 -0.000395651 -0.000393916 -0.000392696 -0.000389669 -0.000387271 -0.000382809 -0.000378583 -0.000373379 -0.000367808 -0.000362741 -0.000356919 -0.000352618 -0.000347606 -0.000344322 -0.000340749 -0.000338427 -0.000336396 -0.000334819 -0.000334043 -0.000332957 -0.000332973 -0.000332164 -0.000332518 -0.000331839 -0.000332187 -0.000331561 -0.000331706 -0.000331108 -0.000330979 -0.000330418 -0.000330037 -0.000329539 -0.000328974 -0.000328572 -0.00032791 -0.000327633 -0.000326957 -0.00032683 -0.00032621 -0.000326247 -0.000325735 -0.000325941 -0.000325572 -0.000325941 -0.000325735 -0.000326247 -0.00032621 -0.00032683 -0.000326957 -0.000327633 -0.00032791 -0.000328572 -0.000328974 -0.000329539 -0.000330037 -0.000330418 -0.000330979 -0.000331108 -0.000331706 -0.000331561 -0.000332187 -0.000331839 -0.000332518 -0.000332164 -0.000332973 -0.000332957 -0.000334043 -0.000334819 -0.000336396 -0.000338427 -0.000340749 -0.000344322 -0.000347606 -0.000352618 -0.000356919 -0.000362741 -0.000367808 -0.000373379 -0.000378583 -0.000382809 -0.000387271 -0.000389669 -0.000392696 -0.000393916 -0.000395651 -0.000397422 -0.00039928 -0.000403521 -0.000407759 -0.000415243 -0.000423386 -0.000432951 -0.000443918 -0.000453102 -0.000463041 -0.000469726 -0.000474666 -0.000477764 -0.000476209 -0.000472974 -0.000462321 -0.000442491 -0.000409236 -0.00035268 -0.000271443 -0.000157555 -7.57439e-06 0.000179394 0.000417788 0.000719613 0.00110563 0.00159661 0.00218797 0.00286735 0.00361117 0.00439598 0.00522501 0.00608823 0.00694136 0.00771754 0.00833252 0.00874104 0.00894719 0.0089268 0.00862293 0.00799499 0.00704154 0.00581759 0.00437941 0.00272658 0.000896826 -0.000984401 -0.00283857 -0.0046731 -0.00645465 -0.00808605 -0.00950345 -0.0107138 -0.0117512 -0.0126115 -0.013241 -0.0136223 
0 0.0013788 0.00264722 0.00364853 0.00427681 0.00449785 0.00423895 0.00341227 0.00203982 0.000215205 -0.00200265 -0.00455238 -0.00730554 -0.0100968 -0.0127725 -0.0152184 -0.0173437 -0.0190276 -0.0201592 -0.0207306 -0.0207986 -0.0204008 -0.0195652 -0.0183397 -0.0168168 -0.0151383 -0.0134215 -0.0117249 -0.0100858 -0.00853429 -0.00711159 -0.00587021 -0.00483106 -0.00398668 -0.00331248 -0.00276749 -0.00232544 -0.00196939 -0.00168441 -0.00146688 -0.00130485 -0.00118684 -0.00110481 -0.00104441 -0.0010011 -0.000968608 -0.000941959 -0.000922564 -0.000905444 -0.000892209 -0.000881261 -0.000870305 -0.00086141 -0.000850619 -0.000840344 -0.000829046 -0.000816637 -0.000805144 -0.000792249 -0.000781328 -0.000770166 -0.000760586 -0.000752353 -0.000744567 -0.000739019 -0.000733016 -0.000729009 -0.000724373 -0.000720673 -0.000716787 -0.000712606 -0.000708889 -0.000704025 -0.000700097 -0.000694778 -0.000690516 -0.000685153 -0.000680641 -0.000675631 -0.000671068 -0.000666681 -0.000662292 -0.00065865 -0.000654623 -0.000651727 -0.000648181 -0.00064596 -0.000642947 -0.000641296 -0.000638814 -0.000637629 -0.000635643 -0.000634833 -0.000633289 -0.000632791 -0.000631632 -0.000631403 -0.000630579 -0.000630598 -0.000630067 -0.000630335 -0.000630067 -0.000630598 -0.000630579 -0.000631403 -0.000631632 -0.000632791 -0.000633289 -0.000634833 -0.000635643 -0.000637629 -0.000638814 -0.000641296 -0.000642947 -0.00064596 -0.000648181 -0.000651727 -0.000654623 -0.00065865 -0.000662292 -0.000666681 -0.000671068 -0.000675631 -0.000680641 -0.000685153 -0.000690516 -0.000694778 -0.000700097 -0.000704025 -0.000708889 -0.000712606 -0.000716787 -0.000720673 -0.000724373 -0.000729009 -0.000733016 -0.000739019 -0.000744567 -0.000752353 -0.000760586 -0.000770166 -0.000781328 -0.000792249 -0.000805144 -0.000816637 -0.000829045 -0.000840341 -0.00085061 -0.000861381 -0.000870218 -0.000881016 -0.000891549 -0.000903758 -0.000918463 -0.000932476 -0.000947773 -0.000957642 -0.000958421 -0.000943525 -0.000900252 -0.000822409 -0.00069685 -0.000516526 -0.000279181 2.43582e-05 0.000399513 0.000869078 0.00147133 0.00224332 0.00322136 0.00440667 0.00576388 0.00725091 0.00882438 0.0104623 0.0121433 0.0137887 0.0152782 0.0164868 0.0173163 0.0177208 0.0176471 0.0170003 0.0157248 0.0138486 0.0114456 0.00859388 0.00534787 0.00178341 -0.0019389 -0.00565441 -0.00928369 -0.0127529 -0.0159422 -0.0187776 -0.021249 -0.0233281 -0.0249785 -0.0262126 -0.0270513 
0 0.00194489 0.00364853 0.00499287 0.00588333 0.00614867 0.00565961 0.00442275 0.00246613 -0.000203399 -0.00347792 -0.00716611 -0.0111124 -0.0151491 -0.0190487 -0.0226148 -0.0256893 -0.0281112 -0.0297831 -0.0306824 -0.0308128 -0.0302287 -0.0290142 -0.0272489 -0.0250695 -0.0226483 -0.0201215 -0.0176036 -0.015172 -0.0128721 -0.010773 -0.00893002 -0.00736577 -0.00608675 -0.00505378 -0.00421873 -0.00354831 -0.00300366 -0.00257035 -0.00223643 -0.00198154 -0.00179919 -0.0016685 -0.00157509 -0.00151152 -0.00146139 -0.00142503 -0.00139514 -0.00136821 -0.00134749 -0.00132551 -0.0013075 -0.00128959 -0.00127141 -0.00125601 -0.00123797 -0.00122312 -0.00120679 -0.00119159 -0.00117783 -0.00116289 -0.00115132 -0.00113789 -0.0011275 -0.00111643 -0.00110645 -0.00109767 -0.00108793 -0.00108071 -0.00107148 -0.00106492 -0.0010566 -0.00105005 -0.00104288 -0.0010361 -0.00103009 -0.00102321 -0.00101818 -0.00101149 -0.00100719 -0.00100101 -0.000997213 -0.000991783 -0.000988315 -0.000983755 -0.000980535 -0.000976867 -0.000973868 -0.000971047 -0.000968284 -0.000966231 -0.000963735 -0.00096236 -0.00096017 -0.000959393 -0.000957541 -0.000957295 -0.00095581 -0.000956044 -0.000954951 -0.000955629 -0.000954951 -0.000956044 -0.00095581 -0.000957295 -0.000957541 -0.000959393 -0.00096017 -0.00096236 -0.000963735 -0.000966231 -0.000968284 -0.000971047 -0.000973868 -0.000976867 -0.000980535 -0.000983755 -0.000988315 -0.000991783 -0.000997213 -0.00100101 -0.00100719 -0.00101149 -0.00101818 -0.00102321 -0.00103009 -0.0010361 -0.00104288 -0.00105005 -0.0010566 -0.00106492 -0.00107148 -0.00108071 -0.00108793 -0.00109767 -0.00110645 -0.00111643 -0.0011275 -0.00113789 -0.00115132 -0.00116289 -0.00117783 -0.00119159 -0.00120679 -0.00122312 -0.00123797 -0.001256 -0.00127138 -0.00128952 -0.00130731 -0.00132498 -0.00134613 -0.00136485 -0.0013872 -0.00140721 -0.00142333 -0.00143428 -0.00142625 -0.00139626 -0.00132658 -0.00120245 -0.00101501 -0.000743912 -0.000386087 7.17837e-05 0.000653658 0.00138368 0.00231711 0.00350124 0.00496345 0.00671424 0.00871068 0.0109008 0.0132421 0.0156719 0.018125 0.0204936 0.0226136 0.02434 0.0255411 0.026089 0.0258954 0.0248782 0.0229836 0.0202457 0.0167258 0.0125004 0.00772199 0.00255541 -0.00286311 -0.00834861 -0.0136938 -0.0187582 -0.0234449 -0.0276692 -0.0313633 -0.034454 -0.0369028 -0.0387578 -0.040051 
0 0.00226335 0.00427681 0.00588333 0.00688778 0.00705416 0.00630551 0.00468812 0.00217426 -0.00125247 -0.00543091 -0.0101262 -0.0151388 -0.0202459 -0.0251968 -0.0297418 -0.0336366 -0.0367209 -0.0389218 -0.0401514 -0.0403641 -0.0396363 -0.0380866 -0.0358594 -0.0331333 -0.03006 -0.0267974 -0.0235133 -0.0203167 -0.0173017 -0.0145544 -0.0121177 -0.0100333 -0.0083068 -0.00689488 -0.00575995 -0.00484464 -0.00410146 -0.00351231 -0.00304569 -0.00269039 -0.00243251 -0.00224448 -0.00211853 -0.00203012 -0.00196603 -0.00192114 -0.00187901 -0.00184483 -0.00181073 -0.00177667 -0.00174765 -0.00171605 -0.00169112 -0.00166641 -0.00164466 -0.00162723 -0.00160816 -0.00159449 -0.00157777 -0.00156379 -0.00154882 -0.00153264 -0.00151853 -0.00150083 -0.00148683 -0.00146962 -0.00145551 -0.00144059 -0.00142677 -0.00141497 -0.00140215 -0.00139324 -0.0013821 -0.00137526 -0.00136616 -0.00136046 -0.0013534 -0.00134812 -0.00134283 -0.00133757 -0.00133364 -0.00132831 -0.00132533 -0.00132001 -0.00131766 -0.00131253 -0.0013106 -0.00130583 -0.00130422 -0.00129998 -0.00129865 -0.00129503 -0.00129403 -0.00129109 -0.00129046 -0.00128822 -0.00128804 -0.00128648 -0.00128682 -0.00128589 -0.00128682 -0.00128648 -0.00128804 -0.00128822 -0.00129046 -0.00129109 -0.00129403 -0.00129503 -0.00129865 -0.00129998 -0.00130422 -0.00130583 -0.0013106 -0.00131253 -0.00131766 -0.00132001 -0.00132533 -0.00132831 -0.00133364 -0.00133757 -0.00134283 -0.00134812 -0.0013534 -0.00136046 -0.00136616 -0.00137526 -0.0013821 -0.00139324 -0.00140215 -0.00141497 -0.00142677 -0.00144059 -0.00145551 -0.00146962 -0.00148683 -0.00150083 -0.00151853 -0.00153264 -0.00154882 -0.00156379 -0.00157777 -0.00159449 -0.00160816 -0.00162723 -0.00164466 -0.00166639 -0.00169107 -0.00171591 -0.00174725 -0.00177563 -0.00180811 -0.00183855 -0.00186468 -0.00189001 -0.00190166 -0.00190357 -0.00188205 -0.00182448 -0.00172319 -0.00154981 -0.00129522 -0.000938282 -0.000454767 0.000167306 0.000971968 0.00199819 0.00329113 0.00490704 0.00685632 0.00913915 0.0117358 0.0145883 0.0176488 0.0208275 0.0239822 0.0269719 0.0296238 0.0317616 0.0332325 0.0338514 0.0334732 0.032055 0.0295736 0.0260239 0.0214568 0.0159732 0.00977911 0.00313407 -0.0037968 -0.0108605 -0.017793 -0.024365 -0.0304735 -0.0360085 -0.0408323 -0.0448924 -0.048191 -0.0506972 -0.0523828 
0 0.00236147 0.00449785 0.00614867 0.00705416 0.0070524 0.00607492 0.00405321 0.00095781 -0.00311398 -0.00800086 -0.0135156 -0.0193956 -0.0253695 -0.0311924 -0.036546 -0.0411267 -0.0447918 -0.047441 -0.0489497 -0.0492867 -0.0485041 -0.0467226 -0.0441517 -0.0409685 -0.0373164 -0.0334013 -0.0294136 -0.0255138 -0.0218538 -0.0185014 -0.0155009 -0.0129013 -0.0106931 -0.00886765 -0.00739412 -0.00620235 -0.00525685 -0.0045082 -0.00391562 -0.00346822 -0.00312659 -0.00287664 -0.0027001 -0.00256628 -0.00247524 -0.0024033 -0.00234651 -0.00230437 -0.00226162 -0.00222986 -0.00219634 -0.00216497 -0.00213768 -0.00210523 -0.00207985 -0.0020495 -0.00202312 -0.00199768 -0.00197077 -0.00195029 -0.00192552 -0.00190799 -0.00188774 -0.0018711 -0.00185577 -0.00183914 -0.00182733 -0.00181104 -0.00180059 -0.0017855 -0.0017747 -0.00176151 -0.00174962 -0.00173856 -0.0017258 -0.00171663 -0.00170374 -0.00169599 -0.00168385 -0.00167704 -0.00166631 -0.00166007 -0.00165116 -0.00164527 -0.00163827 -0.00163267 -0.00162747 -0.00162218 -0.00161858 -0.00161365 -0.00161143 -0.00160694 -0.00160587 -0.00160189 -0.00160179 -0.00159837 -0.00159911 -0.0015963 -0.00159778 -0.00159561 -0.00159778 -0.0015963 -0.00159911 -0.00159837 -0.00160179 -0.00160189 -0.00160587 -0.00160694 -0.00161143 -0.00161365 -0.00161858 -0.00162218 -0.00162747 -0.00163267 -0.00163827 -0.00164527 -0.00165116 -0.00166007 -0.00166631 -0.00167704 -0.00168385 -0.00169599 -0.00170374 -0.00171663 -0.0017258 -0.00173856 -0.00174962 -0.00176151 -0.0017747 -0.0017855 -0.00180059 -0.00181104 -0.00182733 -0.00183914 -0.00185577 -0.0018711 -0.00188774 -0.00190799 -0.00192552 -0.00195029 -0.00197077 -0.00199768 -0.00202312 -0.00204949 -0.00207984 -0.0021052 -0.00213757 -0.00216467 -0.00219556 -0.00222786 -0.00225677 -0.00229313 -0.0023217 -0.00235118 -0.00237103 -0.00236808 -0.00234152 -0.00225928 -0.00211386 -0.00188194 -0.0015349 -0.00106787 -0.000440552 0.000373043 0.00141206 0.00274688 0.00441149 0.00645108 0.0088868 0.0116929 0.0148665 0.01836 0.022078 0.0259067 0.0296517 0.0331227 0.0361742 0.0386117 0.0402327 0.0408402 0.0402431 0.0383857 0.0352965 0.0309622 0.0254342 0.0188769 0.0114875 0.00351254 -0.00478973 -0.0132186 -0.0215405 -0.0294846 -0.0368765 -0.043595 -0.0494961 -0.0545082 -0.0586186 -0.061748 -0.063835 
0 0.00225095 0.00423895 0.00565961 0.00630551 0.00607492 0.00480412 0.0023372 -0.00126686 -0.00584181 -0.0112817 -0.01741 -0.0239268 -0.0305561 -0.0370115 -0.0429439 -0.0480862 -0.0522505 -0.0552538 -0.0570095 -0.0575004 -0.0567283 -0.0548358 -0.0520367 -0.0484858 -0.0443782 -0.0399288 -0.0353285 -0.030813 -0.02655 -0.022611 -0.0190736 -0.0159562 -0.0132628 -0.0110186 -0.00917539 -0.00769097 -0.00652051 -0.00558405 -0.00485605 -0.00429311 -0.00385628 -0.00354048 -0.00330076 -0.00312839 -0.00300674 -0.00290751 -0.00284036 -0.00277956 -0.00272978 -0.00268981 -0.00264504 -0.00261235 -0.00257299 -0.00253872 -0.00250619 -0.00246919 -0.00244147 -0.00240612 -0.00237971 -0.0023505 -0.00232355 -0.00230148 -0.00227486 -0.00225758 -0.0022335 -0.0022176 -0.00219776 -0.00218095 -0.00216552 -0.00214738 -0.00213523 -0.00211676 -0.00210624 -0.00208892 -0.00207863 -0.00206367 -0.00205283 -0.00204081 -0.00202933 -0.0020202 -0.00200842 -0.00200177 -0.00199021 -0.00198547 -0.00197465 -0.00197125 -0.00196156 -0.00195909 -0.00195075 -0.00194894 -0.00194202 -0.00194074 -0.00193521 -0.00193443 -0.00193021 -0.00192996 -0.00192692 -0.0019273 -0.00192528 -0.00192642 -0.00192528 -0.0019273 -0.00192692 -0.00192996 -0.00193021 -0.00193443 -0.00193521 -0.00194074 -0.00194202 -0.00194894 -0.00195075 -0.00195909 -0.00196156 -0.00197125 -0.00197465 -0.00198547 -0.00199021 -0.00200177 -0.00200842 -0.0020202 -0.00202933 -0.00204081 -0.00205283 -0.00206367 -0.00207863 -0.00208892 -0.00210624 -0.00211676 -0.00213523 -0.00214738 -0.00216552 -0.00218095 -0.00219776 -0.0022176 -0.0022335 -0.00225758 -0.00227486 -0.00230148 -0.00232355 -0.0023505 -0.00237971 -0.00240612 -0.00244147 -0.00246918 -0.00250616 -0.00253865 -0.00257278 -0.00261177 -0.00264354 -0.0026861 -0.00272108 -0.00276009 -0.00279882 -0.00282313 -0.00284362 -0.00282827 -0.00277511 -0.0026631 -0.00245796 -0.00215851 -0.00172078 -0.00112775 -0.000352017 0.000673631 0.00198198 0.0036446 0.00571265 0.00818699 0.0110964 0.0144193 0.0181254 0.0221919 0.0264846 0.0308335 0.0350492 0.0388957 0.0422053 0.0447988 0.04642 0.0468738 0.0460089 0.043714 0.040007 0.0349356 0.0285644 0.0210876 0.0127161 0.00363216 -0.00586412 -0.0154453 -0.0249032 -0.0340276 -0.0425591 -0.0503217 -0.0572153 -0.0631277 -0.0679589 -0.0716557 -0.0741877 
0 0.00184704 0.00341227 0.00442275 0.00468812 0.00405321 0.0023372 -0.000537971 -0.00449916 -0.00946048 -0.0153149 -0.0218441 -0.0287814 -0.0358258 -0.0426263 -0.0489153 -0.054478 -0.0590164 -0.0623113 -0.0643065 -0.0649467 -0.0642482 -0.0623606 -0.0594242 -0.0556273 -0.0512115 -0.0463501 -0.0412703 -0.0362335 -0.0313951 -0.0269008 -0.0228358 -0.0191999 -0.0160449 -0.0133715 -0.0111434 -0.0093529 -0.00791382 -0.00676779 -0.00587762 -0.00516853 -0.00463339 -0.00423269 -0.003929 -0.00372246 -0.0035613 -0.00344619 -0.00335952 -0.00327752 -0.00321916 -0.00315475 -0.00310172 -0.00305427 -0.0030029 -0.00296782 -0.00292354 -0.00289211 -0.00285865 -0.00282507 -0.00279991 -0.00276446 -0.00274138 -0.00270792 -0.002682 -0.00265382 -0.00262424 -0.00260188 -0.00257133 -0.00255304 -0.00252532 -0.00250866 -0.00248653 -0.0024698 -0.00245399 -0.0024367 -0.00242621 -0.00240888 -0.00240183 -0.00238542 -0.00237989 -0.0023653 -0.00235986 -0.00234768 -0.00234153 -0.00233198 -0.00232491 -0.00231793 -0.00231011 -0.00230545 -0.00229725 -0.0022946 -0.00228642 -0.0022855 -0.0022777 -0.00227828 -0.00227114 -0.00227304 -0.00226675 -0.00226987 -0.00226456 -0.0022688 -0.00226456 -0.00226987 -0.00226675 -0.00227304 -0.00227114 -0.00227828 -0.0022777 -0.0022855 -0.00228642 -0.0022946 -0.00229725 -0.00230545 -0.00231011 -0.00231793 -0.00232491 -0.00233198 -0.00234153 -0.00234768 -0.00235986 -0.0023653 -0.00237989 -0.00238542 -0.00240183 -0.00240888 -0.00242621 -0.0024367 -0.00245399 -0.0024698 -0.00248653 -0.00250866 -0.00252532 -0.00255304 -0.00257133 -0.00260188 -0.00262424 -0.00265382 -0.002682 -0.00270792 -0.00274138 -0.00276446 -0.00279991 -0.00282507 -0.00285865 -0.00289209 -0.00292349 -0.00296766 -0.00300247 -0.00305315 -0.00309893 -0.00314811 -0.00320407 -0.00324483 -0.00329208 -0.0033137 -0.00331351 -0.00328116 -0.00318007 -0.00301946 -0.00275212 -0.00236474 -0.00183959 -0.00111267 -0.00016548 0.0010822 0.0027013 0.00472039 0.00720462 0.0101388 0.0135064 0.0173229 0.0215251 0.0260613 0.0308159 0.035558 0.040098 0.0442151 0.0476531 0.0502216 0.0516872 0.0518427 0.0506101 0.0478866 0.043604 0.0378587 0.0307808 0.0225242 0.0133205 0.00338526 -0.0070192 -0.0175321 -0.0278965 -0.0379562 -0.0474549 -0.0561317 -0.0638649 -0.0705418 -0.0760195 -0.0802458 -0.083196 
0 0.00113906 0.00203982 0.00246613 0.00217426 0.00095781 -0.00126686 -0.00449916 -0.00876051 -0.0140201 -0.0201024 -0.0268072 -0.0339258 -0.0411181 -0.0480566 -0.0545459 -0.0603199 -0.0650554 -0.0685765 -0.0707715 -0.0715758 -0.0710574 -0.0692702 -0.0662991 -0.0623906 -0.05776 -0.0526016 -0.0471909 -0.0417273 -0.0364023 -0.0314172 -0.0268268 -0.0226907 -0.0190658 -0.0159254 -0.0133019 -0.0111654 -0.00943263 -0.00807745 -0.00700039 -0.00615017 -0.00550532 -0.00499288 -0.00461927 -0.00434179 -0.00412785 -0.00398627 -0.00386314 -0.00377602 -0.00370398 -0.00363168 -0.00358246 -0.00351947 -0.00347267 -0.00342322 -0.00337143 -0.00333378 -0.00328177 -0.00324826 -0.00320436 -0.00316867 -0.00313655 -0.00309813 -0.00307487 -0.00303771 -0.0030172 -0.00298581 -0.00296311 -0.00293946 -0.00291314 -0.00289609 -0.00286778 -0.00285439 -0.00282713 -0.00281437 -0.00279083 -0.00277672 -0.00275837 -0.00274231 -0.0027293 -0.00271174 -0.00270328 -0.00268525 -0.00268013 -0.00266273 -0.00265976 -0.00264389 -0.00264213 -0.00262835 -0.0026272 -0.00261575 -0.0026149 -0.00260579 -0.00260517 -0.00259823 -0.00259795 -0.00259293 -0.00259317 -0.00258979 -0.0025908 -0.00258874 -0.0025908 -0.00258979 -0.00259317 -0.00259293 -0.00259795 -0.00259823 -0.00260517 -0.00260579 -0.0026149 -0.00261575 -0.0026272 -0.00262835 -0.00264213 -0.00264389 -0.00265976 -0.00266273 -0.00268013 -0.00268525 -0.00270328 -0.00271174 -0.0027293 -0.00274231 -0.00275837 -0.00277672 -0.00279083 -0.00281437 -0.00282713 -0.00285439 -0.00286778 -0.00289609 -0.00291314 -0.00293946 -0.00296311 -0.00298581 -0.0030172 -0.00303771 -0.00307487 -0.00309813 -0.00313655 -0.00316867 -0.00320436 -0.00324825 -0.00328176 -0.00333374 -0.00337132 -0.00342291 -0.00347185 -0.0035174 -0.00357745 -0.00362013 -0.00367858 -0.00372278 -0.00375683 -0.00378412 -0.00376178 -0.00371008 -0.00357907 -0.00335461 -0.0030284 -0.00253724 -0.00188541 -0.00100471 0.000169724 0.00167463 0.00361753 0.00601633 0.00888858 0.0122649 0.0160868 0.0203582 0.0250363 0.0299761 0.0350594 0.0400693 0.0447631 0.0489616 0.0523809 0.0547547 0.0559245 0.0557118 0.0540187 0.0508085 0.0459949 0.0396427 0.0319666 0.0231134 0.0132663 0.00271513 -0.00828895 -0.0194908 -0.0305827 -0.0413212 -0.0515073 -0.0609101 -0.0693315 -0.0766238 -0.0826563 -0.0873452 -0.0906244 
0 0.000218932 0.000215205 -0.000203399 -0.00125247 -0.00311398 -0.00584181 -0.00946048 -0.0140201 -0.0194542 -0.0255899 -0.0322768 -0.0393122 -0.0464155 -0.0533493 -0.0598523 -0.0656097 -0.0704077 -0.0740692 -0.0764132 -0.0774275 -0.0771384 -0.0755026 -0.072635 -0.0687396 -0.0639986 -0.0586973 -0.053068 -0.0472729 -0.041571 -0.0361267 -0.0310371 -0.0264344 -0.0223212 -0.0187251 -0.0156963 -0.0131681 -0.0111325 -0.00952333 -0.00822967 -0.00723389 -0.00644206 -0.00582156 -0.00536455 -0.00499779 -0.00474222 -0.00454872 -0.00439546 -0.00429665 -0.00419587 -0.00412793 -0.00406077 -0.00399289 -0.00394483 -0.00387658 -0.00383151 -0.00377373 -0.00372242 -0.00368007 -0.00362486 -0.00359292 -0.00354269 -0.00351227 -0.00347402 -0.00343962 -0.00341386 -0.00337592 -0.0033577 -0.00332053 -0.00330339 -0.00327161 -0.00325103 -0.00322704 -0.00320185 -0.00318532 -0.00315707 -0.00314587 -0.00311738 -0.0031088 -0.00308285 -0.00307461 -0.00305308 -0.00304381 -0.00302754 -0.00301672 -0.00300568 -0.00299346 -0.00298706 -0.00297395 -0.00297139 -0.00295799 -0.00295848 -0.00294534 -0.00294822 -0.00293576 -0.00294055 -0.00292907 -0.00293545 -0.00292511 -0.0029329 -0.0029238 -0.0029329 -0.00292511 -0.00293545 -0.00292907 -0.00294055 -0.00293576 -0.00294822 -0.00294534 -0.00295848 -0.00295799 -0.00297139 -0.00297395 -0.00298706 -0.00299346 -0.00300568 -0.00301672 -0.00302754 -0.00304381 -0.00305308 -0.00307461 -0.00308285 -0.0031088 -0.00311738 -0.00314587 -0.00315707 -0.00318532 -0.00320185 -0.00322704 -0.00325103 -0.00327161 -0.00330339 -0.00332053 -0.0033577 -0.00337592 -0.00341386 -0.00343962 -0.00347402 -0.00351227 -0.00354269 -0.00359292 -0.00362486 -0.00368006 -0.00372239 -0.00377365 -0.00383129 -0.00387599 -0.00394331 -0.00398916 -0.00405205 -0.00410843 -0.00415435 -0.00421238 -0.00423251 -0.00424857 -0.0042154 -0.0041157 -0.00395288 -0.00365537 -0.00324054 -0.0026507 -0.00183457 -0.000775824 0.000643714 0.00245792 0.0047255 0.00751625 0.0107865 0.0145685 0.0188457 0.0235365 0.0286084 0.0338833 0.0391571 0.0442796 0.0489911 0.0530664 0.0562848 0.0583399 0.0590754 0.0584111 0.056205 0.0524255 0.0470994 0.0402589 0.0320874 0.0227958 0.0125415 0.00158995 -0.00977771 -0.0213794 -0.0329489 -0.044141 -0.0547389 -0.0646004 -0.073518 -0.0812805 -0.0877394 -0.0927726 -0.0962784 
0 -0.000887655 -0.00200265 -0.00347792 -0.00543091 -0.00800086 -0.0112817 -0.0153149 -0.0201024 -0.0255899 -0.0316729 -0.0381854 -0.0449351 -0.0517755 -0.0584997 -0.0647799 -0.0703792 -0.0751488 -0.0788547 -0.0813369 -0.0825655 -0.082464 -0.0810352 -0.0783942 -0.074626 -0.0699501 -0.0646504 -0.0588816 -0.0528724 -0.0468599 -0.0409841 -0.0354624 -0.0304038 -0.0258227 -0.0218126 -0.018349 -0.0154216 -0.0130496 -0.0111165 -0.00959041 -0.00840006 -0.00744076 -0.00672131 -0.00615311 -0.00571905 -0.00541218 -0.00515584 -0.0049846 -0.00483957 -0.00471784 -0.0046339 -0.00453443 -0.00447149 -0.00439772 -0.00433336 -0.00428481 -0.00421751 -0.00418046 -0.00412007 -0.00407878 -0.00403273 -0.00398133 -0.00394802 -0.00389195 -0.00386353 -0.00381282 -0.00378172 -0.0037435 -0.00370693 -0.00368213 -0.0036423 -0.00362683 -0.00358852 -0.00357647 -0.00354414 -0.00353062 -0.00350671 -0.00348922 -0.00347387 -0.00345227 -0.00344395 -0.00341963 -0.00341611 -0.00339106 -0.00339017 -0.00336625 -0.00336634 -0.00334494 -0.00334499 -0.0033269 -0.00332647 -0.00331198 -0.00331108 -0.00330008 -0.00329899 -0.00329118 -0.00329032 -0.00328525 -0.0032851 -0.00328228 -0.00328336 -0.00328228 -0.0032851 -0.00328525 -0.00329032 -0.00329118 -0.00329899 -0.00330008 -0.00331108 -0.00331198 -0.00332647 -0.0033269 -0.00334499 -0.00334494 -0.00336634 -0.00336625 -0.00339017 -0.00339106 -0.00341611 -0.00341963 -0.00344395 -0.00345227 -0.00347387 -0.00348922 -0.00350671 -0.00353062 -0.00354414 -0.00357647 -0.00358852 -0.00362683 -0.0036423 -0.00368213 -0.00370693 -0.0037435 -0.00378172 -0.00381282 -0.00386353 -0.00389195 -0.00394802 -0.00398133 -0.00403273 -0.00407878 -0.00412005 -0.0041804 -0.00421735 -0.00428438 -0.00433225 -0.00439498 -0.00446497 -0.00451965 -0.00460192 -0.00465185 -0.0047098 -0.00474141 -0.00472153 -0.00467242 -0.00451538 -0.00427717 -0.00390983 -0.00336768 -0.00266137 -0.00167987 -0.000397702 0.00126205 0.00340863 0.00602961 0.00919447 0.0128953 0.0170777 0.0217708 0.026856 0.0322023 0.0376813 0.0430339 0.048095 0.0526828 0.0564929 0.0593149 0.0609307 0.0611318 0.0598774 0.0570989 0.052735 0.0469021 0.0396972 0.0311866 0.0215761 0.0111007 -2.98732e-05 -0.0115644 -0.0232822 -0.0349734 -0.0463577 -0.0571819 -0.067263 -0.0764017 -0.0844064 -0.0911202 -0.0963682 -0.100016 
0 -0.00220088 -0.00455238 -0.00716611 -0.0101262 -0.0135156 -0.01741 -0.0218441 -0.0268072 -0.0322768 -0.0381854 -0.0443888 -0.0507609 -0.0571988 -0.0634896 -0.0693872 -0.0747307 -0.0793337 -0.0830005 -0.08561 -0.0870077 -0.0871007 -0.0859552 -0.0835881 -0.0800591 -0.0755979 -0.0703764 -0.064587 -0.0584915 -0.0522343 -0.0460336 -0.040132 -0.0346091 -0.0295966 -0.0251496 -0.0212341 -0.0179241 -0.015166 -0.0129048 -0.0111291 -0.00969463 -0.00857493 -0.00770894 -0.00700755 -0.0064998 -0.00609445 -0.00579181 -0.00558092 -0.00539104 -0.00527132 -0.00515185 -0.00505407 -0.00497999 -0.00488532 -0.00482954 -0.00474854 -0.00468888 -0.00463106 -0.00456195 -0.00452221 -0.00445315 -0.00441737 -0.00436094 -0.0043181 -0.00427948 -0.00422814 -0.00420303 -0.00414964 -0.0041289 -0.00408191 -0.00405753 -0.0040224 -0.00399094 -0.00396838 -0.00393107 -0.00391804 -0.00387885 -0.00387074 -0.00383416 -0.0038267 -0.00379612 -0.00378651 -0.00376366 -0.00375071 -0.00373578 -0.00371958 -0.00371177 -0.00369314 -0.00369119 -0.00367122 -0.00367379 -0.00365355 -0.00365952 -0.00363982 -0.00364837 -0.00362977 -0.00364036 -0.00362319 -0.00363555 -0.00361993 -0.00363394 -0.00361993 -0.00363555 -0.00362319 -0.00364036 -0.00362977 -0.00364837 -0.00363982 -0.00365952 -0.00365355 -0.00367379 -0.00367122 -0.00369119 -0.00369314 -0.00371177 -0.00371958 -0.00373578 -0.00375071 -0.00376366 -0.00378651 -0.00379612 -0.0038267 -0.00383416 -0.00387074 -0.00387885 -0.00391804 -0.00393107 -0.00396838 -0.00399094 -0.0040224 -0.00405753 -0.00408191 -0.0041289 -0.00414964 -0.00420303 -0.00422814 -0.00427948 -0.0043181 -0.00436094 -0.00441737 -0.00445314 -0.00452219 -0.00456191 -0.00463095 -0.00468858 -0.00474775 -0.00482756 -0.00488053 -0.00496893 -0.00502976 -0.00510083 -0.00516924 -0.00519638 -0.0052271 -0.00517846 -0.0050792 -0.00489161 -0.00456133 -0.00411897 -0.00346271 -0.00258773 -0.00143328 0.000119937 0.00207798 0.00455437 0.00756983 0.0110945 0.0151877 0.0197702 0.0247973 0.0302032 0.0357526 0.0412922 0.0466287 0.0515065 0.0557721 0.0591658 0.061422 0.0624311 0.0620356 0.0601213 0.056708 0.0518006 0.0454905 0.0379456 0.0292338 0.0194783 0.0089455 -0.00214584 -0.0136161 -0.0252251 -0.0367482 -0.0480106 -0.0588089 -0.0688851 -0.077994 -0.085977 -0.0927117 -0.0980194 -0.101739 
0 -0.00363818 -0.00730554 -0.0111124 -0.0151388 -0.0193956 -0.0239268 -0.0287814 -0.0339258 -0.0393122 -0.0449351 -0.0507609 -0.0566937 -0.0625984 -0.0683347 -0.0737713 -0.078736 -0.0830542 -0.0866223 -0.089278 -0.0908086 -0.0911563 -0.0903152 -0.0882567 -0.0850821 -0.0809057 -0.0758502 -0.0701775 -0.0640671 -0.0576726 -0.051265 -0.0450077 -0.0390744 -0.0336481 -0.0287317 -0.0243963 -0.0206761 -0.0175049 -0.0149221 -0.0128315 -0.0111448 -0.00984138 -0.00878075 -0.0079624 -0.0073357 -0.0068289 -0.00648049 -0.00619291 -0.00598604 -0.00583709 -0.00569004 -0.00560074 -0.00548984 -0.00540587 -0.00532788 -0.0052342 -0.00517762 -0.00508758 -0.00503386 -0.00496467 -0.00490238 -0.00485784 -0.00478936 -0.00475913 -0.00469532 -0.00466481 -0.00461535 -0.00457545 -0.00454284 -0.00449333 -0.004473 -0.00442011 -0.00440427 -0.0043559 -0.00433766 -0.0042996 -0.00427527 -0.00424968 -0.00421904 -0.00420486 -0.00417004 -0.00416434 -0.00412843 -0.00412781 -0.00409371 -0.00409524 -0.00406507 -0.00406672 -0.00404166 -0.00404235 -0.00402275 -0.00402216 -0.00400779 -0.00400613 -0.00399643 -0.0039942 -0.00398843 -0.0039863 -0.00398367 -0.00398236 -0.00398209 -0.00398236 -0.00398367 -0.0039863 -0.00398843 -0.0039942 -0.00399643 -0.00400613 -0.00400779 -0.00402216 -0.00402275 -0.00404235 -0.00404166 -0.00406672 -0.00406507 -0.00409524 -0.00409371 -0.00412781 -0.00412843 -0.00416434 -0.00417004 -0.00420486 -0.00421904 -0.00424968 -0.00427527 -0.0042996 -0.00433766 -0.0043559 -0.00440427 -0.00442011 -0.004473 -0.00449333 -0.00454284 -0.00457545 -0.00461535 -0.00466481 -0.00469532 -0.00475913 -0.00478936 -0.00485784 -0.00490237 -0.00496465 -0.00503378 -0.00508738 -0.00517706 -0.00523278 -0.00532439 -0.00539771 -0.00547159 -0.00556179 -0.00561076 -0.00568321 -0.00570127 -0.00569033 -0.0056338 -0.0054648 -0.00522791 -0.00482569 -0.00426122 -0.00349881 -0.00242661 -0.00104555 0.000777489 0.00309466 0.00590892 0.0093046 0.0132159 0.0176456 0.0225925 0.0279061 0.0334997 0.0391716 0.0446647 0.0498367 0.0544337 0.0582074 0.0609949 0.0625735 0.0628339 0.0617368 0.0591591 0.0550987 0.0496702 0.0429549 0.0350865 0.0262308 0.0165216 0.00613767 -0.00472417 -0.0158938 -0.027167 -0.0383309 -0.0492151 -0.0596409 -0.0693926 -0.0782514 -0.0860229 -0.0925533 -0.0977179 -0.10139 
0 -0.00506431 -0.0100968 -0.0151491 -0.0202459 -0.0253695 -0.0305561 -0.0358258 -0.0411181 -0.0464155 -0.0517755 -0.0571988 -0.0625984 -0.0678912 -0.0730293 -0.0779298 -0.0824492 -0.0864634 -0.0898549 -0.0924459 -0.0940858 -0.0946771 -0.0941325 -0.0924648 -0.0897166 -0.0858894 -0.0811289 -0.0756377 -0.0695625 -0.0631444 -0.0565853 -0.0500502 -0.0438024 -0.0379659 -0.0326204 -0.0278765 -0.0236959 -0.0201178 -0.017152 -0.0146963 -0.0127537 -0.0112051 -0.00996501 -0.00902179 -0.00825077 -0.007672 -0.00723045 -0.00687081 -0.0066303 -0.00641157 -0.00625775 -0.00613143 -0.00600405 -0.0059258 -0.00581713 -0.00574747 -0.00566651 -0.00558545 -0.0055298 -0.00544133 -0.00539504 -0.00531521 -0.00526222 -0.00520298 -0.00513824 -0.00509952 -0.00502971 -0.00500206 -0.00493873 -0.00491089 -0.0048629 -0.00482784 -0.00479761 -0.00475453 -0.0047386 -0.00469129 -0.00468317 -0.0046372 -0.00463044 -0.00459065 -0.00458067 -0.00455001 -0.00453466 -0.004514 -0.00449321 -0.00448187 -0.00445684 -0.00445332 -0.00442578 -0.00442836 -0.00440001 -0.00440716 -0.00437937 -0.00438993 -0.00436362 -0.00437684 -0.00435254 -0.00436805 -0.00434597 -0.00436363 -0.0043438 -0.00436363 -0.00434597 -0.00436805 -0.00435254 -0.00437684 -0.00436362 -0.00438993 -0.00437937 -0.00440716 -0.00440001 -0.00442836 -0.00442578 -0.00445332 -0.00445684 -0.00448187 -0.00449321 -0.004514 -0.00453466 -0.00455001 -0.00458067 -0.00459065 -0.00463044 -0.0046372 -0.00468317 -0.00469129 -0.0047386 -0.00475453 -0.00479761 -0.00482784 -0.0048629 -0.00491089 -0.00493873 -0.00500206 -0.00502971 -0.00509952 -0.00513824 -0.00520298 -0.00526222 -0.00531521 -0.00539502 -0.00544128 -0.00552966 -0.00558506 -0.00566551 -0.00574497 -0.00581118 -0.00591228 -0.0059747 -0.00607064 -0.00613764 -0.00618523 -0.00622347 -0.00617291 -0.00608616 -0.00587441 -0.00553543 -0.00505872 -0.00434444 -0.0034144 -0.00214904 -0.000481912 0.00161916 0.00427712 0.00745752 0.0111863 0.0154822 0.0202526 0.0254916 0.0310576 0.0367365 0.0423784 0.0477235 0.0525608 0.0567101 0.0598888 0.0619301 0.0627414 0.0622054 0.0602963 0.0570011 0.0523204 0.0463839 0.0393279 0.0312545 0.0223444 0.0127969 0.00273893 -0.00771762 -0.0183984 -0.0290987 -0.0396632 -0.0499441 -0.0597318 -0.0688485 -0.0771806 -0.0845411 -0.0906986 -0.0955359 -0.0989835 
0 -0.00640841 -0.0127725 -0.0190487 -0.0251968 -0.0311924 -0.0370115 -0.0426263 -0.0480566 -0.0533493 -0.0584997 -0.0634896 -0.0683347 -0.0730293 -0.0775478 -0.081876 -0.0859493 -0.0896276 -0.0927645 -0.0952483 -0.0969604 -0.0977517 -0.0975322 -0.0962841 -0.0939617 -0.0905629 -0.0861804 -0.0809251 -0.0750006 -0.0686367 -0.0619867 -0.055286 -0.0487555 -0.0425345 -0.0368051 -0.031621 -0.0270005 -0.0230184 -0.0196209 -0.0168106 -0.0145537 -0.0127203 -0.0112936 -0.010158 -0.00925281 -0.00857421 -0.00801688 -0.00761282 -0.00729857 -0.00704186 -0.00686962 -0.0066952 -0.00657691 -0.00646018 -0.00634882 -0.00627064 -0.0061617 -0.00609672 -0.00600474 -0.00593271 -0.00586647 -0.00578352 -0.00573687 -0.0056535 -0.00561178 -0.00554171 -0.00549287 -0.00544322 -0.00538422 -0.00535268 -0.00528878 -0.00526695 -0.0052069 -0.00518555 -0.00513675 -0.00510971 -0.0050756 -0.00504101 -0.005021 -0.0049805 -0.00497135 -0.00492839 -0.00492592 -0.00488421 -0.00488464 -0.00484713 -0.00484772 -0.00481623 -0.00481546 -0.00479074 -0.00478809 -0.00477006 -0.00476574 -0.00475381 -0.00474843 -0.00474174 -0.00473612 -0.00473374 -0.00472876 -0.00472975 -0.00472632 -0.00472975 -0.00472876 -0.00473374 -0.00473612 -0.00474174 -0.00474843 -0.00475381 -0.00476574 -0.00477006 -0.00478809 -0.00479074 -0.00481546 -0.00481623 -0.00484772 -0.00484713 -0.00488464 -0.00488421 -0.00492592 -0.00492839 -0.00497135 -0.0049805 -0.005021 -0.00504101 -0.0050756 -0.00510971 -0.00513675 -0.00518555 -0.0052069 -0.00526695 -0.00528878 -0.00535268 -0.00538422 -0.00544322 -0.00549287 -0.00554171 -0.00561178 -0.0056535 -0.00573687 -0.00578351 -0.00586644 -0.00593261 -0.00600448 -0.00609602 -0.00615993 -0.00626636 -0.00633894 -0.00643835 -0.00653092 -0.00660266 -0.006692 -0.00671664 -0.00673025 -0.00666397 -0.00650037 -0.00624676 -0.00580805 -0.00521501 -0.00437743 -0.00323467 -0.00175564 0.000199471 0.00263832 0.00561839 0.00917781 0.0132537 0.0178779 0.0229789 0.0284334 0.0341287 0.0398121 0.0452763 0.0503381 0.0547351 0.0582672 0.0607357 0.0619635 0.0619065 0.0605236 0.0577726 0.0537104 0.0484367 0.0420626 0.0347223 0.0265622 0.0177505 0.00845775 -0.0011794 -0.0110554 -0.0210463 -0.0309808 -0.0407082 -0.050121 -0.0590642 -0.0673623 -0.074908 -0.0815736 -0.0871635 -0.0915418 -0.0946418 
0 -0.00764078 -0.0152184 -0.0226148 -0.0297418 -0.036546 -0.0429439 -0.0489153 -0.0545459 -0.0598523 -0.0647799 -0.0693872 -0.0737713 -0.0779298 -0.081876 -0.0856663 -0.0892592 -0.0925413 -0.0954177 -0.0977905 -0.0995401 -0.100533 -0.100639 -0.0997649 -0.0978659 -0.0949286 -0.090959 -0.0860484 -0.0803808 -0.0741311 -0.0674941 -0.0606916 -0.0539079 -0.0473679 -0.0412517 -0.0356338 -0.0306093 -0.026192 -0.0223759 -0.0191928 -0.0165605 -0.0144383 -0.0127597 -0.0114047 -0.0103598 -0.00952969 -0.00888078 -0.00840275 -0.00801006 -0.0077334 -0.00750406 -0.00731512 -0.00717579 -0.0070239 -0.00691869 -0.00679809 -0.00669554 -0.00660776 -0.00650284 -0.00643737 -0.00634135 -0.00628046 -0.00620506 -0.00613669 -0.00608358 -0.00600765 -0.00596838 -0.00589356 -0.00585618 -0.00579238 -0.00574838 -0.00570104 -0.00564836 -0.00561685 -0.00555904 -0.00553845 -0.00548161 -0.0054657 -0.00541563 -0.00539919 -0.00535963 -0.0053396 -0.00531188 -0.00528738 -0.00527084 -0.00524255 -0.00523544 -0.00520484 -0.00520503 -0.00517377 -0.00517932 -0.00514879 -0.00515819 -0.0051294 -0.00514167 -0.0051152 -0.00512982 -0.00510589 -0.00512268 -0.00510129 -0.00512029 -0.00510129 -0.00512268 -0.00510589 -0.00512982 -0.0051152 -0.00514167 -0.0051294 -0.00515819 -0.00514879 -0.00517932 -0.00517377 -0.00520503 -0.00520484 -0.00523544 -0.00524255 -0.00527084 -0.00528738 -0.00531188 -0.0053396 -0.00535963 -0.00539919 -0.00541563 -0.0054657 -0.00548161 -0.00553845 -0.00555904 -0.00561685 -0.00564836 -0.00570104 -0.00574838 -0.00579238 -0.00585618 -0.00589356 -0.00596838 -0.00600765 -0.00608358 -0.00613669 -0.00620505 -0.00628044 -0.00634129 -0.00643719 -0.00650236 -0.00660653 -0.00669251 -0.00679096 -0.00690268 -0.00698955 -0.00710543 -0.00717755 -0.0072474 -0.00727636 -0.00723269 -0.00713782 -0.00690662 -0.00656352 -0.00604844 -0.0053084 -0.0043278 -0.0029815 -0.00123255 0.00100299 0.00379867 0.00713082 0.0110372 0.0154786 0.0203972 0.025747 0.031353 0.0370338 0.0425895 0.047777 0.0524058 0.0562512 0.0590704 0.0607063 0.0610587 0.06008 0.0577761 0.0541847 0.0494009 0.0435743 0.0368471 0.0293281 0.0211672 0.0125638 0.00365383 -0.00545959 -0.0146176 -0.0237067 -0.03268 -0.0414187 -0.0497698 -0.0576446 -0.0649433 -0.0715197 -0.0772566 -0.082069 -0.0858634 -0.0885526 
0 -0.00872376 -0.0173437 -0.0256893 -0.0336366 -0.0411267 -0.0480862 -0.054478 -0.0603199 -0.0656097 -0.0703792 -0.0747307 -0.078736 -0.0824492 -0.0859493 -0.0892592 -0.0923696 -0.0952795 -0.0979073 -0.100143 -0.101918 -0.103094 -0.103487 -0.102989 -0.101525 -0.0990369 -0.0955198 -0.0910178 -0.0856482 -0.0795969 -0.0730581 -0.0662174 -0.0592849 -0.0524833 -0.0459957 -0.0399758 -0.0345154 -0.0296447 -0.0254085 -0.0218009 -0.0187929 -0.0163569 -0.0143898 -0.0128279 -0.0115967 -0.0106093 -0.00985205 -0.00925122 -0.00878944 -0.00844437 -0.00815874 -0.00795387 -0.00777068 -0.0076218 -0.00749733 -0.00736662 -0.00726991 -0.0071537 -0.00706217 -0.0069667 -0.00687072 -0.00679582 -0.00669938 -0.00663643 -0.0065501 -0.0064887 -0.00642054 -0.00635518 -0.00630587 -0.00623783 -0.00620155 -0.00613639 -0.00610486 -0.00604855 -0.00601504 -0.00597114 -0.00593244 -0.00590131 -0.00585772 -0.00583717 -0.00579125 -0.00577795 -0.00573298 -0.00572361 -0.00568254 -0.00567455 -0.00563937 -0.00563123 -0.00560292 -0.00559401 -0.00557272 -0.00556308 -0.0055484 -0.0055385 -0.00552969 -0.00552019 -0.00551643 -0.00550807 -0.00550851 -0.00550203 -0.00550588 -0.00550203 -0.00550851 -0.00550807 -0.00551643 -0.00552019 -0.00552969 -0.0055385 -0.0055484 -0.00556308 -0.00557272 -0.00559401 -0.00560292 -0.00563123 -0.00563937 -0.00567455 -0.00568254 -0.00572361 -0.00573298 -0.00577795 -0.00579125 -0.00583717 -0.00585772 -0.00590131 -0.00593244 -0.00597114 -0.00601504 -0.00604855 -0.00610486 -0.00613639 -0.00620155 -0.00623783 -0.00630587 -0.00635518 -0.00642054 -0.0064887 -0.0065501 -0.00663642 -0.00669936 -0.00679578 -0.0068706 -0.00696637 -0.00706132 -0.00715157 -0.00726484 -0.00735503 -0.00747203 -0.00756902 -0.00766555 -0.00775397 -0.00779591 -0.00781538 -0.00774682 -0.00759519 -0.00732356 -0.00688205 -0.00626422 -0.0053825 -0.00419506 -0.00262374 -0.000573946 0.00198539 0.00511063 0.00879831 0.0130216 0.0177665 0.0229501 0.0284581 0.0341207 0.0397086 0.045007 0.0498068 0.0538832 0.0570152 0.059013 0.059743 0.0591543 0.0572517 0.0540497 0.0496424 0.0442109 0.0379068 0.030873 0.0232751 0.0152526 0.00696364 -0.00143743 -0.00986308 -0.0181894 -0.02628 -0.0341228 -0.041696 -0.0488586 -0.0555112 -0.061611 -0.0670527 -0.0717445 -0.0756641 -0.0787558 -0.0809383 
0 -0.00959632 -0.0190276 -0.0281112 -0.0367209 -0.0447918 -0.0522505 -0.0590164 -0.0650554 -0.0704077 -0.0751488 -0.0793337 -0.0830542 -0.0864634 -0.0896276 -0.0925413 -0.0952795 -0.097881 -0.100265 -0.102384 -0.104172 -0.105473 -0.106142 -0.106025 -0.104973 -0.102944 -0.0999028 -0.0958273 -0.090825 -0.0850446 -0.0786548 -0.0718648 -0.0648574 -0.0578413 -0.0510441 -0.0446328 -0.0387341 -0.0334257 -0.028739 -0.024696 -0.0212929 -0.0184873 -0.0162176 -0.0144042 -0.0129563 -0.0118113 -0.0109069 -0.0101937 -0.00964663 -0.00921656 -0.00888802 -0.00863135 -0.00841836 -0.00825159 -0.00809584 -0.00796543 -0.00784241 -0.00772351 -0.00762162 -0.00751 -0.00741941 -0.00732004 -0.00723295 -0.00714995 -0.00706384 -0.00699583 -0.00691359 -0.00685481 -0.00678156 -0.00672572 -0.00666516 -0.00660861 -0.0065611 -0.00650375 -0.00646666 -0.00641095 -0.00638023 -0.00632939 -0.00630121 -0.00625783 -0.00622961 -0.00619499 -0.00616561 -0.00613977 -0.00610934 -0.00609139 -0.00606072 -0.00604937 -0.00601953 -0.00601346 -0.00598543 -0.00598355 -0.00595808 -0.00595962 -0.00593715 -0.00594166 -0.00592239 -0.00592969 -0.00591361 -0.0059237 -0.0059107 -0.0059237 -0.00591361 -0.00592969 -0.00592239 -0.00594166 -0.00593715 -0.00595962 -0.00595808 -0.00598355 -0.00598543 -0.00601346 -0.00601953 -0.00604937 -0.00606072 -0.00609139 -0.00610934 -0.00613977 -0.00616561 -0.00619499 -0.00622961 -0.00625783 -0.00630121 -0.00632939 -0.00638023 -0.00641095 -0.00646666 -0.00650375 -0.0065611 -0.00660861 -0.00666516 -0.00672572 -0.00678156 -0.00685481 -0.00691359 -0.00699583 -0.00706383 -0.00714994 -0.00723292 -0.00731996 -0.00741919 -0.00750942 -0.00762015 -0.00771995 -0.00783414 -0.00794705 -0.00805679 -0.00817234 -0.00826476 -0.00834709 -0.00838561 -0.00836776 -0.00827356 -0.00806127 -0.00771539 -0.00718572 -0.00642914 -0.00538991 -0.00398571 -0.00214697 0.000196652 0.00309231 0.00654785 0.0105545 0.0150873 0.0200857 0.0254595 0.0310557 0.0366532 0.042037 0.0469806 0.0512541 0.0546582 0.0569693 0.0580339 0.0578131 0.0562729 0.0534406 0.0494104 0.0442889 0.0382794 0.0315887 0.0243453 0.0167472 0.00899693 0.00118284 -0.00658858 -0.0141861 -0.0215414 -0.0285855 -0.0352463 -0.0414957 -0.047303 -0.0526286 -0.0574291 -0.0616363 -0.0652204 -0.0681908 -0.0704969 -0.0720836 
