0 0 0 0 0 0 0 0 0 0 0 0 0 0 0 0 0 0 0 0 0 0 0 0 0 0 0 0 0 0 0 0 0 0 0 0 0 0 0 0 0 0 0 0 0 0 0 0 0 0 0 0 0 0 0 0 0 0 0 0 0 0 0 0 0 0 0 0 0 0 0 0 0 0 0 0 0 0 0 0 0 0 0 0 0 0 0 0 0 0 0 0 0 0 0 0 0 0 0 0 0 0 0 0 0 0 0 0 0 0 0 0 0 0 0 0 0 0 0 0 0 0 0 0 0 0 0 0 0 0 0 0 0 0 0 0 0 0 0 0 0 0 0 0 0 0 0 0 0 0 0 0 0 0 0 0 0 0 0 0 0 0 0 0 0 0 0 0 0 0 0 0 0 0 0 0 0 0 0 0 0 0 0 0 0 0 0 0 0 0 0 0 0 0 0 0 0 0 0 0 
0 0.000882295 0.0017406 0.00248917 0.0030461 0.00338802 0.00351206 0.00339507 0.00298845 0.00226538 0.00128676 0.000138734 -0.00117365 -0.00263943 -0.00414099 -0.0055711 -0.0069047 -0.00809659 -0.00906301 -0.00974604 -0.0101268 -0.0102377 -0.0101263 -0.00978935 -0.00922745 -0.00849629 -0.0076648 -0.00680215 -0.00595523 -0.00512948 -0.00434054 -0.00361622 -0.0029752 -0.00243955 -0.00200674 -0.00165636 -0.0013762 -0.00114638 -0.000958695 -0.000812921 -0.000699604 -0.00061887 -0.000562964 -0.000522641 -0.000496527 -0.000474887 -0.000457994 -0.0004443 -0.000430714 -0.000421697 -0.000412985 -0.000407422 -0.000404095 -0.00040065 -0.000399877 -0.000397068 -0.000395162 -0.000391789 -0.000386989 -0.000382477 -0.00037554 -0.000370058 -0.000363013 -0.0003573 -0.000351884 -0.000346849 -0.0003437 -0.000340006 -0.000338726 -0.000336563 -0.000336251 -0.000335356 -0.000335137 -0.000334987 -0.000334309 -0.000334349 -0.000333035 -0.000332843 -0.000330993 -0.000330345 -0.000328196 -0.000327053 -0.000324859 -0.000323311 -0.000321279 -0.000319476 -0.00031774 -0.00031584 -0.000314466 -0.000312602 -0.000311605 -0.000309876 -0.000309243 -0.00030771 -0.000307411 -0.000306108 -0.000306115 -0.000305056 -0.000305344 -0.000304536 -0.000305088 -0.000304536 -0.000305344 -0.000305056 -0.000306115 -0.000306108 -0.000307411 -0.00030771 -0.000309243 -0.000309876 -0.000311605 -0.000312602 -0.000314466 -0.00031584 -0.00031774 -0.000319476 -0.000321279 -0.000323311 -0.000324859 -0.000327053 -0.000328196 -0.000330345 -0.000330993 -0.000332843 -0.000333035 -0.000334349 -0.000334309 -0.000334987 -0.000335137 -0.000335356 -0.000336251 -0.000336563 -0.000338726 -0.000340006 -0.0003437 -0.000346849 -0.000351884 -0.0003573 -0.000363013 -0.000370058 -0.00037554 -0.000382477 -0.000386989 -0.000391789 -0.000395161 -0.000397067 -0.000399872 -0.000400635 -0.000404051 -0.000407296 -0.000412647 -0.000420825 -0.00042858 -0.000439335 -0.000447027 -0.000451906 -0.000450882 -0.000436787 -0.000410146 -0.000361501 -0.0002892 -0.000191946 -6.3291e-05 9.28354e-05 0.000286446 0.000531359 0.000844263 0.00125639 0.00177833 0.00240552 0.00312005 0.00388344 0.00468152 0.00551355 0.006362 0.00719441 0.00793592 0.00850622 0.00887852 0.00903474 0.00893843 0.00854748 0.00782358 0.00679745 0.00555352 0.0041125 0.00246569 0.000682686 -0.00113025 -0.00290017 -0.00458905 -0.00617497 -0.00760436 -0.00881636 -0.00984482 -0.0107423 -0.0114376 -0.0118847 -0.0122174 -0.0125205 
0 0.0017406 0.00336376 0.00478059 0.00588921 0.00657558 0.00678294 0.00649488 0.00566415 0.00427093 0.00239524 0.000123924 -0.00250193 -0.00537329 -0.00829615 -0.0111136 -0.0137271 -0.0160382 -0.0179347 -0.0193036 -0.0200924 -0.0203452 -0.0201153 -0.0194234 -0.0183192 -0.016897 -0.0152823 -0.0136036 -0.0119299 -0.0102903 -0.00872359 -0.0072717 -0.00598701 -0.00490941 -0.00403346 -0.00333611 -0.00278036 -0.00232713 -0.00195987 -0.00166268 -0.00142776 -0.00125236 -0.00112286 -0.00103388 -0.000974476 -0.000933748 -0.000908833 -0.000889625 -0.000875513 -0.000863357 -0.000849763 -0.000837884 -0.000823429 -0.000810063 -0.000796748 -0.000783336 -0.000772748 -0.000761608 -0.00075373 -0.000746014 -0.000739802 -0.000734865 -0.000729212 -0.000725339 -0.000719608 -0.00071518 -0.000709231 -0.000703486 -0.000697466 -0.000690592 -0.000684729 -0.000677483 -0.000671974 -0.000665212 -0.000660185 -0.000654522 -0.000650047 -0.000645739 -0.000641837 -0.00063883 -0.000635488 -0.00063354 -0.000630721 -0.000629525 -0.000627178 -0.000626454 -0.000624525 -0.000624057 -0.000622494 -0.000622149 -0.000620904 -0.000620615 -0.000619651 -0.000619399 -0.000618685 -0.000618482 -0.00061799 -0.000617864 -0.000617569 -0.000617552 -0.000617428 -0.000617552 -0.000617569 -0.000617864 -0.00061799 -0.000618482 -0.000618685 -0.000619399 -0.000619651 -0.000620615 -0.000620904 -0.000622149 -0.000622494 -0.000624057 -0.000624525 -0.000626454 -0.000627178 -0.000629525 -0.000630721 -0.00063354 -0.000635488 -0.00063883 -0.000641837 -0.000645739 -0.000650047 -0.000654522 -0.000660185 -0.000665212 -0.000671974 -0.000677483 -0.000684729 -0.000690592 -0.000697466 -0.000703486 -0.000709231 -0.00071518 -0.000719608 -0.000725339 -0.000729212 -0.000734865 -0.000739802 -0.000746014 -0.00075373 -0.000761608 -0.000772747 -0.000783332 -0.000796736 -0.000810024 -0.000823316 -0.000837569 -0.000848928 -0.000861255 -0.000870476 -0.000878146 -0.000883972 -0.000882619 -0.000874708 -0.000849305 -0.000799257 -0.000714587 -0.000579801 -0.000390727 -0.000136313 0.000189581 0.000595027 0.00110854 0.00175968 0.00258787 0.00362134 0.00484856 0.00624083 0.00775306 0.00934735 0.011011 0.0127004 0.0143235 0.0157551 0.016862 0.0175704 0.0178494 0.0176331 0.0168427 0.0154382 0.013447 0.0109644 0.00807415 0.00482692 0.00134241 -0.00220193 -0.00568761 -0.00904542 -0.0121859 -0.0150142 -0.0174691 -0.0195394 -0.0212531 -0.0226291 -0.0236708 -0.0244094 -0.0248896 
0 0.00248917 0.00478059 0.00676241 0.00831697 0.00928464 0.00955405 0.00907047 0.0078061 0.00578956 0.00307736 -0.000270501 -0.00411005 -0.00822852 -0.0124463 -0.0165767 -0.0203988 -0.0237475 -0.0264917 -0.0284931 -0.0296958 -0.0301184 -0.0297899 -0.0287854 -0.0272074 -0.0251685 -0.0228387 -0.0203776 -0.0178869 -0.0154557 -0.0131428 -0.0110021 -0.00910866 -0.00749474 -0.00616321 -0.00509503 -0.00423269 -0.00353788 -0.00297893 -0.00252614 -0.00217593 -0.00190901 -0.00171257 -0.00157775 -0.00148084 -0.00141726 -0.00137258 -0.00133781 -0.00131405 -0.00128989 -0.00127084 -0.00125203 -0.00123255 -0.00121686 -0.00119801 -0.00118341 -0.00116757 -0.00115303 -0.00114085 -0.0011268 -0.00111696 -0.00110451 -0.00109517 -0.00108496 -0.00107509 -0.00106687 -0.00105658 -0.00104947 -0.00103953 -0.00103265 -0.00102387 -0.00101671 -0.0010095 -0.00100206 -0.000996363 -0.000988973 -0.00098444 -0.000977524 -0.00097372 -0.000967636 -0.000964192 -0.000959139 -0.000955823 -0.000951844 -0.000948562 -0.000945586 -0.000942344 -0.000940242 -0.0009371 -0.000935729 -0.000932765 -0.000932 -0.000929285 -0.000929028 -0.000926618 -0.000926803 -0.000924732 -0.00092532 -0.000923609 -0.000924578 -0.000923235 -0.000924578 -0.000923609 -0.00092532 -0.000924732 -0.000926803 -0.000926618 -0.000929028 -0.000929285 -0.000932 -0.000932765 -0.000935729 -0.0009371 -0.000940242 -0.000942344 -0.000945586 -0.000948562 -0.000951844 -0.000955823 -0.000959139 -0.000964192 -0.000967636 -0.00097372 -0.000977524 -0.00098444 -0.000988973 -0.000996363 -0.00100206 -0.0010095 -0.00101671 -0.00102387 -0.00103265 -0.00103953 -0.00104947 -0.00105658 -0.00106687 -0.00107509 -0.00108496 -0.00109517 -0.00110451 -0.00111696 -0.0011268 -0.00114085 -0.00115303 -0.00116757 -0.0011834 -0.00119798 -0.00121677 -0.0012323 -0.00125137 -0.00126915 -0.00128575 -0.00130442 -0.00131648 -0.00132763 -0.00132726 -0.00130966 -0.00126862 -0.00118253 -0.00104548 -0.000836865 -0.000543233 -0.000160299 0.000335795 0.000958488 0.00174495 0.00274873 0.00400411 0.00554674 0.00736684 0.00941728 0.0116593 0.0140334 0.0164842 0.0189422 0.0212651 0.023299 0.0248998 0.0259259 0.0262875 0.0259001 0.0246738 0.0225982 0.0197089 0.01606 0.0117855 0.00704822 0.00199617 -0.00318779 -0.00832482 -0.0132738 -0.0178818 -0.02204 -0.0257224 -0.0288711 -0.0314295 -0.0334864 -0.0351397 -0.036327 -0.0370212 
0 0.0030461 0.00588921 0.00831697 0.010159 0.0112933 0.0115779 0.0108846 0.00921055 0.00661421 0.0031094 -0.00120528 -0.0060737 -0.0112707 -0.0166371 -0.0219213 -0.0268238 -0.0311118 -0.0345999 -0.037175 -0.0387892 -0.0393917 -0.0390083 -0.0377666 -0.0357925 -0.0332366 -0.0302848 -0.0270945 -0.023834 -0.0206506 -0.0176256 -0.014845 -0.0123702 -0.0102239 -0.00843015 -0.0069598 -0.0057651 -0.00481118 -0.00404173 -0.00343217 -0.00296187 -0.00259942 -0.00233817 -0.00214848 -0.00201229 -0.00191972 -0.00184635 -0.00179473 -0.00175221 -0.00171565 -0.00168937 -0.00166175 -0.00164243 -0.00162265 -0.00160413 -0.00158902 -0.00156924 -0.00155422 -0.00153433 -0.00151667 -0.0014985 -0.00147875 -0.00146314 -0.00144397 -0.0014306 -0.00141467 -0.00140278 -0.00139122 -0.00138025 -0.00137251 -0.00136235 -0.00135687 -0.00134768 -0.0013428 -0.00133476 -0.00132935 -0.00132252 -0.00131611 -0.0013104 -0.0013031 -0.00129831 -0.00129057 -0.00128647 -0.00127882 -0.00127524 -0.00126814 -0.00126495 -0.0012587 -0.00125585 -0.00125062 -0.00124811 -0.00124395 -0.00124181 -0.00123868 -0.00123694 -0.00123477 -0.0012335 -0.0012322 -0.00123145 -0.00123092 -0.00123077 -0.00123092 -0.00123145 -0.0012322 -0.0012335 -0.00123477 -0.00123694 -0.00123868 -0.00124181 -0.00124395 -0.00124811 -0.00125062 -0.00125585 -0.0012587 -0.00126495 -0.00126814 -0.00127524 -0.00127882 -0.00128647 -0.00129057 -0.00129831 -0.0013031 -0.0013104 -0.00131611 -0.00132252 -0.00132935 -0.00133476 -0.0013428 -0.00134768 -0.00135687 -0.00136235 -0.00137251 -0.00138025 -0.00139122 -0.00140278 -0.00141467 -0.0014306 -0.00144397 -0.00146314 -0.00147875 -0.0014985 -0.00151667 -0.00153433 -0.00155422 -0.00156923 -0.001589 -0.00160406 -0.00162247 -0.00164193 -0.00166045 -0.00168615 -0.00170803 -0.00173505 -0.00175792 -0.00177121 -0.00177385 -0.00174302 -0.00167586 -0.00154891 -0.0013436 -0.00105287 -0.000648212 -0.000124318 0.000544994 0.00140225 0.00248204 0.00385247 0.00555356 0.00759785 0.0099895 0.0126765 0.0156077 0.0187221 0.0219015 0.0250265 0.0279451 0.0304779 0.0324786 0.0337666 0.0341527 0.0335346 0.0318579 0.0291216 0.0253811 0.0206843 0.0151617 0.00906542 0.00260023 -0.00408181 -0.0107501 -0.0171559 -0.0231296 -0.0285665 -0.0334116 -0.0376165 -0.0411157 -0.0439175 -0.0461095 -0.0477352 -0.0488022 
0 0.00338802 0.00657558 0.00928464 0.0112933 0.0124668 0.0126452 0.0117102 0.00967026 0.00654088 0.00234484 -0.0027409 -0.00846266 -0.0146105 -0.0209327 -0.0271271 -0.0329098 -0.0379854 -0.0421294 -0.0452553 -0.0472619 -0.0480501 -0.0476719 -0.0462556 -0.0439635 -0.0410054 -0.0375392 -0.0337305 -0.0298028 -0.0259212 -0.0222249 -0.0188294 -0.0157706 -0.0130974 -0.0108332 -0.00894601 -0.00741942 -0.00619274 -0.00520491 -0.00442939 -0.00381247 -0.00333847 -0.00298765 -0.00272406 -0.002545 -0.00241591 -0.00232463 -0.00226402 -0.0022098 -0.00217242 -0.00213473 -0.00209983 -0.00207087 -0.00203598 -0.00201058 -0.00198048 -0.00195544 -0.00193304 -0.00190834 -0.00189191 -0.0018696 -0.00185496 -0.00183671 -0.00182068 -0.00180635 -0.00178834 -0.00177625 -0.00175774 -0.00174592 -0.00172893 -0.0017162 -0.00170215 -0.00168842 -0.00167762 -0.00166365 -0.00165557 -0.0016424 -0.00163609 -0.00162462 -0.00161916 -0.00160988 -0.00160463 -0.00159765 -0.00159228 -0.00158741 -0.00158186 -0.00157875 -0.00157312 -0.00157141 -0.00156588 -0.00156525 -0.00155998 -0.0015602 -0.00155534 -0.00155624 -0.00155188 -0.00155339 -0.00154959 -0.00155166 -0.00154845 -0.00155109 -0.00154845 -0.00155166 -0.00154959 -0.00155339 -0.00155188 -0.00155624 -0.00155534 -0.0015602 -0.00155998 -0.00156525 -0.00156588 -0.00157141 -0.00157312 -0.00157875 -0.00158186 -0.00158741 -0.00159228 -0.00159765 -0.00160463 -0.00160988 -0.00161916 -0.00162462 -0.00163609 -0.0016424 -0.00165557 -0.00166365 -0.00167762 -0.00168842 -0.00170215 -0.0017162 -0.00172893 -0.00174592 -0.00175774 -0.00177625 -0.00178834 -0.00180635 -0.00182068 -0.00183671 -0.00185496 -0.0018696 -0.00189191 -0.00190834 -0.00193304 -0.00195542 -0.00198043 -0.00201045 -0.00203561 -0.0020699 -0.00209737 -0.00212884 -0.00215896 -0.00218046 -0.00220316 -0.00220442 -0.00218996 -0.00214086 -0.00203575 -0.00186998 -0.00160394 -0.00123037 -0.000723403 -4.47813e-05 0.000822739 0.00194531 0.00336913 0.00513411 0.00729181 0.00982928 0.0127433 0.0160186 0.0195816 0.0233601 0.0272035 0.0309083 0.0343158 0.0372411 0.0394958 0.0409016 0.0412284 0.0403369 0.0382232 0.0348808 0.0303392 0.0246997 0.0181014 0.0107935 0.00306311 -0.0049003 -0.0128786 -0.0205838 -0.0278308 -0.0345054 -0.0404636 -0.045643 -0.0500656 -0.05369 -0.05649 -0.0585764 -0.0600319 
0 0.00351206 0.00678294 0.00955405 0.0115779 0.0126452 0.0126174 0.0114316 0.00903271 0.00540276 0.000670791 -0.00497278 -0.0113726 -0.0182693 -0.0253007 -0.0321809 -0.0386301 -0.0443191 -0.0490351 -0.0526372 -0.0549634 -0.0559612 -0.0556703 -0.0541772 -0.0516968 -0.0484388 -0.0445484 -0.0402447 -0.0357453 -0.0312432 -0.0269514 -0.0229715 -0.0193575 -0.0161766 -0.0134221 -0.0111051 -0.00921541 -0.00767828 -0.00646053 -0.00549577 -0.00472708 -0.0041427 -0.00368853 -0.00335458 -0.00311852 -0.00294117 -0.00282671 -0.00273704 -0.00267067 -0.00262234 -0.00257091 -0.00253541 -0.00249323 -0.00245718 -0.00242496 -0.0023874 -0.00236213 -0.00232829 -0.00230462 -0.00227861 -0.00225343 -0.00223475 -0.00220877 -0.00219351 -0.00216952 -0.0021536 -0.00213386 -0.00211541 -0.00210027 -0.00207992 -0.00206809 -0.00204793 -0.00203749 -0.00201965 -0.00200904 -0.00199484 -0.00198334 -0.00197302 -0.00196072 -0.00195373 -0.0019412 -0.00193662 -0.00192457 -0.00192146 -0.00191051 -0.00190811 -0.00189868 -0.00189651 -0.0018888 -0.00188663 -0.00188064 -0.00187845 -0.00187408 -0.00187194 -0.00186902 -0.00186708 -0.00186543 -0.00186385 -0.00186328 -0.00186224 -0.00186256 -0.00186224 -0.00186328 -0.00186385 -0.00186543 -0.00186708 -0.00186902 -0.00187194 -0.00187408 -0.00187845 -0.00188064 -0.00188663 -0.0018888 -0.00189651 -0.00189868 -0.00190811 -0.00191051 -0.00192146 -0.00192457 -0.00193662 -0.0019412 -0.00195373 -0.00196072 -0.00197302 -0.00198334 -0.00199484 -0.00200904 -0.00201965 -0.00203749 -0.00204793 -0.00206809 -0.00207992 -0.00210027 -0.00211541 -0.00213386 -0.0021536 -0.00216952 -0.00219351 -0.00220877 -0.00223475 -0.00225343 -0.00227861 -0.00230462 -0.00232828 -0.0023621 -0.0023873 -0.00242469 -0.00245645 -0.00249139 -0.00253092 -0.0025605 -0.00259932 -0.00262217 -0.00263968 -0.00264067 -0.00260267 -0.00253188 -0.00238509 -0.0021574 -0.00182407 -0.00134456 -0.000714267 0.000129978 0.00122833 0.00262923 0.00441344 0.00659221 0.00919517 0.0122286 0.0156527 0.0194733 0.0236212 0.0279606 0.0323389 0.0365118 0.0402725 0.0434603 0.0458406 0.0472079 0.0473838 0.046201 0.0436359 0.0397136 0.0344427 0.0279658 0.0204897 0.0121988 0.00337351 -0.00567577 -0.014726 -0.0235561 -0.0319455 -0.0397297 -0.046743 -0.0528775 -0.0581581 -0.0625907 -0.0661092 -0.0687264 -0.0705047 
0 0.00339507 0.00649488 0.00907047 0.0108846 0.0117102 0.0114316 0.00996117 0.00718424 0.00314163 -0.00196935 -0.00801994 -0.0148751 -0.0222211 -0.0297179 -0.0370777 -0.0439709 -0.0501147 -0.0552843 -0.059227 -0.0618147 -0.0630508 -0.0629113 -0.0614782 -0.0589488 -0.0554774 -0.0512786 -0.0465976 -0.0416235 -0.0366199 -0.0318048 -0.02728 -0.02316 -0.0194736 -0.0162266 -0.0134723 -0.0111721 -0.00930158 -0.0078246 -0.00664185 -0.00572578 -0.00501385 -0.00445603 -0.00405028 -0.00373562 -0.00351073 -0.00335089 -0.00322182 -0.00313957 -0.00306351 -0.00300808 -0.00296406 -0.00291572 -0.0028861 -0.00284397 -0.00281369 -0.00278021 -0.00274323 -0.00271643 -0.00267639 -0.00265113 -0.00261541 -0.00258792 -0.00256116 -0.00253156 -0.00251332 -0.00248469 -0.00247111 -0.00244692 -0.00243373 -0.00241581 -0.00240048 -0.00238844 -0.00237067 -0.00236261 -0.00234368 -0.00233726 -0.00231899 -0.00231231 -0.00229625 -0.00228823 -0.0022753 -0.0022657 -0.00225616 -0.00224527 -0.0022389 -0.00222732 -0.00222366 -0.00221201 -0.00221052 -0.00219935 -0.00219958 -0.00218925 -0.00219084 -0.00218158 -0.00218432 -0.00217621 -0.00217999 -0.00217304 -0.00217783 -0.00217199 -0.00217783 -0.00217304 -0.00217999 -0.00217621 -0.00218432 -0.00218158 -0.00219084 -0.00218925 -0.00219958 -0.00219935 -0.00221052 -0.00221201 -0.00222366 -0.00222732 -0.0022389 -0.00224527 -0.00225616 -0.0022657 -0.0022753 -0.00228823 -0.00229625 -0.00231231 -0.00231899 -0.00233726 -0.00234368 -0.00236261 -0.00237067 -0.00238844 -0.00240048 -0.00241581 -0.00243373 -0.00244692 -0.00247111 -0.00248469 -0.00251332 -0.00253156 -0.00256116 -0.00258792 -0.00261541 -0.00265113 -0.00267639 -0.00271642 -0.00274321 -0.00278014 -0.0028135 -0.00284344 -0.00288474 -0.00291235 -0.00295612 -0.00299026 -0.00302535 -0.00306176 -0.00307067 -0.00307127 -0.00301793 -0.00290747 -0.00272078 -0.00241098 -0.0019868 -0.00139039 -0.000596551 0.000430349 0.00178358 0.00349223 0.00562894 0.00823216 0.0112751 0.0147871 0.0187301 0.0230549 0.0277129 0.0325124 0.0372595 0.0417546 0.0457376 0.0490248 0.0514015 0.0526102 0.0525219 0.0510188 0.0479939 0.0434871 0.0375796 0.0304089 0.0222206 0.0131969 0.00352831 -0.00642921 -0.0163671 -0.0261169 -0.0354624 -0.0441722 -0.0521209 -0.0592116 -0.0653524 -0.0705238 -0.0747218 -0.0779013 -0.0800444 
0 0.00298845 0.00566415 0.0078061 0.00921055 0.00967026 0.00903271 0.00718424 0.00407899 -0.000209476 -0.00557775 -0.0119099 -0.0189774 -0.0265072 -0.0342319 -0.0418048 -0.0489152 -0.0553506 -0.060807 -0.0649998 -0.0678528 -0.0693168 -0.0693639 -0.0680953 -0.0656007 -0.0620403 -0.0576955 -0.0527624 -0.0474642 -0.0420819 -0.0367856 -0.0317625 -0.0271467 -0.022949 -0.0192443 -0.0160481 -0.0133357 -0.011132 -0.0093496 -0.00793068 -0.00683131 -0.00594975 -0.00528089 -0.00476915 -0.00437472 -0.00410402 -0.00388975 -0.00374433 -0.00363713 -0.00354252 -0.00348328 -0.00341334 -0.00336399 -0.00331469 -0.00326213 -0.00322777 -0.00317673 -0.0031466 -0.00310583 -0.00307181 -0.0030438 -0.00300542 -0.00298513 -0.00294756 -0.00292744 -0.00289623 -0.00287146 -0.00284877 -0.0028193 -0.00280349 -0.00277268 -0.00276009 -0.00273215 -0.00271934 -0.00269727 -0.00268226 -0.00266704 -0.00264959 -0.00264047 -0.00262153 -0.0026168 -0.00259783 -0.00259558 -0.00257795 -0.00257661 -0.00256129 -0.00255982 -0.00254735 -0.00254524 -0.00253573 -0.00253289 -0.00252619 -0.00252279 -0.00251861 -0.00251494 -0.00251292 -0.00250935 -0.00250913 -0.00250599 -0.00250723 -0.00250488 -0.00250723 -0.00250599 -0.00250913 -0.00250935 -0.00251292 -0.00251494 -0.00251861 -0.00252279 -0.00252619 -0.00253289 -0.00253573 -0.00254524 -0.00254735 -0.00255982 -0.00256129 -0.00257661 -0.00257795 -0.00259558 -0.00259783 -0.0026168 -0.00262153 -0.00264047 -0.00264959 -0.00266704 -0.00268226 -0.00269727 -0.00271934 -0.00273215 -0.00276009 -0.00277268 -0.00280349 -0.0028193 -0.00284877 -0.00287146 -0.00289623 -0.00292744 -0.00294756 -0.00298513 -0.00300542 -0.0030438 -0.0030718 -0.00310581 -0.00314655 -0.00317659 -0.00322739 -0.00326112 -0.00331218 -0.00335801 -0.0033997 -0.00345363 -0.00348109 -0.00351583 -0.00351613 -0.00348075 -0.00340507 -0.00323416 -0.00298732 -0.00260572 -0.00207005 -0.00136335 -0.000395998 0.000851058 0.00247142 0.00453723 0.00705295 0.0100807 0.0135852 0.0175432 0.0219661 0.0267432 0.0317827 0.0369255 0.0419138 0.0465738 0.050665 0.0539026 0.0560981 0.0570329 0.0565601 0.054648 0.0511879 0.0461557 0.0397138 0.0320148 0.0232414 0.0136401 0.00340925 -0.00719228 -0.017832 -0.0282869 -0.038374 -0.047864 -0.0566169 -0.064547 -0.0714993 -0.077371 -0.0821724 -0.0858811 -0.0884375 
0 0.00226538 0.00427093 0.00578956 0.00661421 0.00654088 0.00540276 0.00314163 -0.000209476 -0.00464807 -0.0101663 -0.0165851 -0.0236432 -0.0311475 -0.0388369 -0.0463739 -0.0535235 -0.0600378 -0.0655915 -0.0699816 -0.0730721 -0.0747462 -0.075041 -0.0739905 -0.0716134 -0.068126 -0.0637567 -0.0586982 -0.0532357 -0.047565 -0.0418785 -0.0364316 -0.031323 -0.0266496 -0.0224989 -0.018841 -0.0157309 -0.0131549 -0.011037 -0.00937075 -0.00803974 -0.00698893 -0.00618935 -0.00554802 -0.00508167 -0.00473036 -0.00446344 -0.00428992 -0.00413835 -0.00403987 -0.00395448 -0.00387398 -0.00382151 -0.0037491 -0.00370439 -0.00364878 -0.00359913 -0.0035627 -0.00350978 -0.00348347 -0.00343629 -0.00340825 -0.00337338 -0.00333781 -0.00331467 -0.0032739 -0.00325641 -0.00321713 -0.00319851 -0.00316668 -0.0031431 -0.00312111 -0.00309263 -0.00307916 -0.00304862 -0.00304025 -0.0030113 -0.00300436 -0.00297995 -0.00297175 -0.00295346 -0.00294269 -0.00293075 -0.00291731 -0.00291098 -0.00289553 -0.00289366 -0.00287717 -0.00287857 -0.00286198 -0.00286565 -0.00284971 -0.00285493 -0.00284014 -0.00284649 -0.00283309 -0.0028404 -0.00282845 -0.00283673 -0.00282615 -0.0028355 -0.00282615 -0.00283673 -0.00282845 -0.0028404 -0.00283309 -0.00284649 -0.00284014 -0.00285493 -0.00284971 -0.00286565 -0.00286198 -0.00287857 -0.00287717 -0.00289366 -0.00289553 -0.00291098 -0.00291731 -0.00293075 -0.00294269 -0.00295346 -0.00297175 -0.00297995 -0.00300436 -0.0030113 -0.00304025 -0.00304862 -0.00307916 -0.00309263 -0.00312111 -0.0031431 -0.00316668 -0.00319851 -0.00321713 -0.00325641 -0.0032739 -0.00331467 -0.00333781 -0.00337338 -0.00340825 -0.00343629 -0.00348346 -0.00350975 -0.0035626 -0.00359886 -0.00364806 -0.00370255 -0.00374465 -0.00381121 -0.00385123 -0.00390657 -0.00394368 -0.00395433 -0.00395441 -0.00388021 -0.0037626 -0.00354553 -0.00320767 -0.00275115 -0.0020903 -0.00122942 -8.19656e-05 0.00143602 0.00335164 0.00577664 0.00870271 0.0121292 0.0160849 0.0204861 0.0253207 0.0304987 0.0358201 0.041154 0.0462706 0.0509303 0.0549471 0.0580038 0.0598585 0.0604013 0.059487 0.0570699 0.0531503 0.0476874 0.0408067 0.0327086 0.0235218 0.013487 0.00290175 -0.00804954 -0.0191527 -0.0301212 -0.0407391 -0.0508422 -0.0602619 -0.0688455 -0.0764508 -0.0829717 -0.0883545 -0.0925343 -0.0954387 
0 0.00128676 0.00239524 0.00307736 0.0031094 0.00234484 0.000670791 -0.00196935 -0.00557775 -0.0101663 -0.015687 -0.0219682 -0.0288268 -0.0360844 -0.043502 -0.0508451 -0.0578571 -0.0642208 -0.0697236 -0.0742102 -0.0774561 -0.0793686 -0.0799558 -0.0791527 -0.0770209 -0.0737301 -0.0694262 -0.0643878 -0.0588643 -0.0530028 -0.0470696 -0.0412615 -0.0357131 -0.0306139 -0.0259902 -0.0218815 -0.018359 -0.0153616 -0.0129112 -0.0109531 -0.00937302 -0.00815839 -0.00718866 -0.0064297 -0.00586454 -0.00540618 -0.00508851 -0.00484241 -0.0046555 -0.00453653 -0.00441748 -0.00434811 -0.00427332 -0.00420808 -0.00416199 -0.00409234 -0.0040549 -0.00399204 -0.00394708 -0.00390076 -0.00384539 -0.00381415 -0.0037572 -0.00373165 -0.00368455 -0.00365568 -0.00362431 -0.00358893 -0.0035714 -0.00353232 -0.00352179 -0.00348459 -0.00347365 -0.00344321 -0.00342707 -0.00340565 -0.00338303 -0.0033702 -0.00334262 -0.00333619 -0.00330654 -0.00330373 -0.00327501 -0.0032734 -0.00324792 -0.00324582 -0.00322495 -0.00322151 -0.00320573 -0.00320077 -0.00318995 -0.00318369 -0.00317732 -0.00317025 -0.00316766 -0.00316033 -0.00316084 -0.00315381 -0.00315678 -0.00315058 -0.00315543 -0.00315058 -0.00315678 -0.00315381 -0.00316084 -0.00316033 -0.00316766 -0.00317025 -0.00317732 -0.00318369 -0.00318995 -0.00320077 -0.00320573 -0.00322151 -0.00322495 -0.00324582 -0.00324792 -0.0032734 -0.00327501 -0.00330373 -0.00330654 -0.00333619 -0.00334262 -0.0033702 -0.00338303 -0.00340565 -0.00342707 -0.00344321 -0.00347365 -0.00348459 -0.00352179 -0.00353232 -0.0035714 -0.00358893 -0.00362431 -0.00365568 -0.00368455 -0.00373165 -0.0037572 -0.00381415 -0.00384538 -0.00390074 -0.00394701 -0.00399184 -0.00405438 -0.00409101 -0.00415871 -0.00420039 -0.00425608 -0.00431121 -0.00434215 -0.00438993 -0.00438352 -0.00436131 -0.0042764 -0.00409565 -0.003837 -0.00340992 -0.00283588 -0.0020496 -0.000977704 0.000393775 0.00220143 0.0044678 0.00723375 0.0105618 0.0143842 0.018733 0.0235698 0.0287674 0.0342519 0.0397942 0.0451817 0.0502706 0.0547852 0.0585033 0.0612091 0.0626312 0.0626773 0.061284 0.0583414 0.0539004 0.0480416 0.040822 0.0324158 0.0230026 0.0127663 0.00198871 -0.00912086 -0.0204314 -0.0316995 -0.042659 -0.0531505 -0.0630188 -0.0720773 -0.0801864 -0.0872371 -0.0931033 -0.0976644 -0.100843 
0 0.000138734 0.000123924 -0.000270501 -0.00120528 -0.0027409 -0.00497278 -0.00801994 -0.0119099 -0.0165851 -0.0219682 -0.0279754 -0.0344768 -0.0412939 -0.0482732 -0.0552372 -0.0618847 -0.0679551 -0.0733158 -0.0777721 -0.0811219 -0.0832714 -0.0841064 -0.0835885 -0.0818051 -0.0787962 -0.0747177 -0.0698433 -0.0643331 -0.0584095 -0.0523141 -0.046191 -0.0402924 -0.0347812 -0.0297073 -0.0251968 -0.0212361 -0.0178308 -0.0150249 -0.0127096 -0.0108708 -0.00942765 -0.00826382 -0.00738612 -0.00668304 -0.00614668 -0.00576009 -0.0054419 -0.00523662 -0.00506251 -0.00493137 -0.00484145 -0.0047371 -0.00467934 -0.00459859 -0.00453918 -0.00448561 -0.00441656 -0.00438102 -0.00431308 -0.00427878 -0.00422534 -0.00418099 -0.00414622 -0.00409232 -0.00406993 -0.00401537 -0.00399482 -0.00394943 -0.00392275 -0.00389169 -0.00385676 -0.00383921 -0.00379905 -0.00379015 -0.00375014 -0.00374399 -0.00370917 -0.00370105 -0.00367458 -0.00366195 -0.00364478 -0.00362721 -0.00361858 -0.00359702 -0.00359525 -0.00357132 -0.0035745 -0.00354986 -0.00355632 -0.00353232 -0.00354083 -0.00351839 -0.0035282 -0.0035078 -0.00351859 -0.00350036 -0.00351212 -0.00349595 -0.00350887 -0.00349448 -0.00350887 -0.00349595 -0.00351212 -0.00350036 -0.00351859 -0.0035078 -0.0035282 -0.00351839 -0.00354083 -0.00353232 -0.00355632 -0.00354986 -0.0035745 -0.00357132 -0.00359525 -0.00359702 -0.00361858 -0.00362721 -0.00364478 -0.00366195 -0.00367458 -0.00370105 -0.00370917 -0.00374399 -0.00375014 -0.00379015 -0.00379905 -0.00383921 -0.00385676 -0.00389169 -0.00392275 -0.00394943 -0.00399482 -0.00401537 -0.00406993 -0.00409232 -0.00414622 -0.00418099 -0.00422534 -0.00427876 -0.00431303 -0.00438088 -0.00441619 -0.00448466 -0.00453681 -0.00459293 -0.00466644 -0.00470903 -0.00478319 -0.004816 -0.00484469 -0.00484443 -0.00476813 -0.00465405 -0.00440769 -0.00405491 -0.00354976 -0.0028237 -0.00188939 -0.000613259 0.00103658 0.00312776 0.00576452 0.00890454 0.0126065 0.0168533 0.0215744 0.026778 0.032293 0.0379459 0.0435811 0.0489254 0.0538156 0.0580499 0.0613318 0.0635049 0.064404 0.0638754 0.0619015 0.0584313 0.053484 0.0472321 0.0397697 0.0311782 0.0216651 0.0114276 0.000638114 -0.0104973 -0.0217965 -0.0330855 -0.0441659 -0.0548439 -0.0649276 -0.074253 -0.0826973 -0.0900963 -0.0962586 -0.101077 -0.104487 
0 -0.00117365 -0.00250193 -0.00411005 -0.0060737 -0.00846266 -0.0113726 -0.0148751 -0.0189774 -0.0236432 -0.0288268 -0.0344768 -0.040501 -0.0467735 -0.0531712 -0.0595288 -0.0656414 -0.0713412 -0.0764535 -0.080788 -0.0841991 -0.086505 -0.0875567 -0.0873748 -0.0859665 -0.0833359 -0.0796373 -0.0750091 -0.0696264 -0.0637553 -0.0575489 -0.0512221 -0.0450432 -0.039137 -0.0336801 -0.0287615 -0.0243634 -0.0205751 -0.0173574 -0.0146799 -0.0125478 -0.0108183 -0.0094697 -0.00842076 -0.0075766 -0.00696074 -0.00646478 -0.00610118 -0.00584081 -0.00561648 -0.00547835 -0.0053383 -0.00523736 -0.00515427 -0.00505816 -0.0050055 -0.0049202 -0.0048711 -0.00480954 -0.0047495 -0.00471137 -0.00464338 -0.00461531 -0.00455212 -0.00451904 -0.00447133 -0.00442618 -0.00439596 -0.00434174 -0.00432311 -0.00426862 -0.0042527 -0.00420678 -0.0041865 -0.00415421 -0.00412659 -0.00410832 -0.0040743 -0.00406704 -0.00402989 -0.00402917 -0.00399273 -0.00399429 -0.00396177 -0.00396249 -0.0039359 -0.00393405 -0.00391421 -0.00390924 -0.00389606 -0.00388824 -0.00388108 -0.00387112 -0.00386911 -0.0038579 -0.00386009 -0.00384851 -0.00385406 -0.00384291 -0.00385103 -0.00384105 -0.00385103 -0.00384291 -0.00385406 -0.00384851 -0.00386009 -0.0038579 -0.00386911 -0.00387112 -0.00388108 -0.00388824 -0.00389606 -0.00390924 -0.00391421 -0.00393405 -0.0039359 -0.00396249 -0.00396177 -0.00399429 -0.00399273 -0.00402917 -0.00402989 -0.00406704 -0.0040743 -0.00410832 -0.00412659 -0.00415421 -0.0041865 -0.00420678 -0.0042527 -0.00426862 -0.00432311 -0.00434174 -0.00439596 -0.00442618 -0.00447133 -0.00451904 -0.00455212 -0.00461531 -0.00464337 -0.00471134 -0.00474941 -0.00480929 -0.00487043 -0.00491851 -0.00500138 -0.00504863 -0.00513321 -0.00519288 -0.00524866 -0.00530605 -0.00530063 -0.00528834 -0.00517814 -0.00498891 -0.00469538 -0.00422426 -0.00361229 -0.00274526 -0.00160067 -0.000116464 0.00183936 0.00425978 0.00724086 0.0107887 0.014856 0.0194916 0.0245903 0.0300666 0.0358037 0.0415345 0.0470984 0.0522942 0.0568633 0.060642 0.0633874 0.0649077 0.0651493 0.0639901 0.0613642 0.0573305 0.0519478 0.0453467 0.0376802 0.0290302 0.0195415 0.00941297 -0.00121714 -0.0121934 -0.0233033 -0.0343787 -0.0453108 -0.0559472 -0.0660557 -0.0754329 -0.083953 -0.0914546 -0.097738 -0.102689 -0.106228 
0 -0.00263943 -0.00537329 -0.00822852 -0.0112707 -0.0146105 -0.0182693 -0.0222211 -0.0265072 -0.0311475 -0.0360844 -0.0412939 -0.0467735 -0.0524306 -0.0581265 -0.063767 -0.0692685 -0.0744832 -0.0792289 -0.0833665 -0.0867393 -0.0891391 -0.0904462 -0.0906121 -0.0895889 -0.0874135 -0.0841371 -0.079828 -0.0747049 -0.0689608 -0.0627599 -0.056362 -0.0499486 -0.0437221 -0.0379042 -0.0325469 -0.0277449 -0.0235454 -0.0199067 -0.0168861 -0.014406 -0.0123981 -0.0108342 -0.00956738 -0.008591 -0.00783209 -0.00722503 -0.00679769 -0.00644657 -0.00620275 -0.00602132 -0.0058607 -0.00576455 -0.00564701 -0.00557071 -0.0054883 -0.00540294 -0.00534697 -0.00525695 -0.00521002 -0.00513311 -0.00507968 -0.00502697 -0.00496332 -0.00493166 -0.00486544 -0.00484224 -0.00478482 -0.00475741 -0.00471621 -0.00467831 -0.00465374 -0.0046066 -0.00459344 -0.00454305 -0.00453401 -0.00448736 -0.00447619 -0.00443851 -0.00442161 -0.00439533 -0.0043719 -0.0043569 -0.00432812 -0.00432264 -0.00429069 -0.00429231 -0.00425948 -0.00426587 -0.00423407 -0.0042434 -0.00421389 -0.00422496 -0.00419842 -0.0042106 -0.0041872 -0.00420034 -0.0041799 -0.00419419 -0.0041763 -0.00419214 -0.0041763 -0.00419419 -0.0041799 -0.00420034 -0.0041872 -0.0042106 -0.00419842 -0.00422496 -0.00421389 -0.0042434 -0.00423407 -0.00426587 -0.00425948 -0.00429231 -0.00429069 -0.00432264 -0.00432812 -0.0043569 -0.0043719 -0.00439533 -0.00442161 -0.00443851 -0.00447619 -0.00448736 -0.00453401 -0.00454305 -0.00459344 -0.0046066 -0.00465374 -0.00467831 -0.00471621 -0.00475741 -0.00478482 -0.00484224 -0.00486544 -0.00493166 -0.00496332 -0.00502696 -0.00507966 -0.00513305 -0.00520985 -0.00525649 -0.00534577 -0.00539999 -0.00548136 -0.00555511 -0.00561348 -0.00569579 -0.00572615 -0.00577011 -0.00575521 -0.0056852 -0.00555885 -0.00529213 -0.00492941 -0.00437482 -0.00361043 -0.00260158 -0.00121948 0.000542794 0.00280546 0.00561321 0.00894754 0.0128739 0.0173218 0.0222723 0.0276859 0.0333706 0.0391899 0.0449212 0.0503164 0.0552191 0.0593701 0.0625395 0.0645938 0.0653838 0.0648562 0.0629903 0.0597298 0.0551418 0.0493592 0.0424768 0.0346252 0.0259653 0.0166321 0.00674236 -0.00358257 -0.0141931 -0.0249306 -0.035656 -0.0462344 -0.0565304 -0.0663883 -0.0755992 -0.0839563 -0.0913107 -0.0975292 -0.102463 -0.105976 
0 -0.00414099 -0.00829615 -0.0124463 -0.0166371 -0.0209327 -0.0253007 -0.0297179 -0.0342319 -0.0388369 -0.043502 -0.0482732 -0.0531712 -0.0581265 -0.0630785 -0.0679962 -0.072823 -0.0774625 -0.081781 -0.0856289 -0.0888583 -0.0913197 -0.092861 -0.0933545 -0.0927556 -0.0910559 -0.0882292 -0.0843448 -0.0795516 -0.0740037 -0.0679262 -0.0615188 -0.0549592 -0.0485092 -0.0423443 -0.0365999 -0.0314086 -0.0267693 -0.0227331 -0.0193178 -0.0164571 -0.0141586 -0.0123113 -0.0108376 -0.00970142 -0.00878117 -0.00808781 -0.00755118 -0.00713064 -0.00684183 -0.00659294 -0.00642633 -0.00628421 -0.00615836 -0.00607387 -0.00596384 -0.00589718 -0.00580857 -0.00573569 -0.00567326 -0.00559091 -0.00554628 -0.00546595 -0.00542377 -0.00535879 -0.00530802 -0.00526378 -0.00520337 -0.00517551 -0.0051125 -0.00509135 -0.00503513 -0.00501148 -0.00496876 -0.00493757 -0.00491025 -0.00487128 -0.00485704 -0.00481343 -0.00480769 -0.00476386 -0.00476178 -0.00472179 -0.00471953 -0.00468614 -0.00468139 -0.00465593 -0.0046478 -0.00463042 -0.00461905 -0.00460912 -0.00459526 -0.00459178 -0.00457642 -0.00457828 -0.00456243 -0.00456861 -0.00455318 -0.00456279 -0.00454858 -0.00456085 -0.00454858 -0.00456279 -0.00455318 -0.00456861 -0.00456243 -0.00457828 -0.00457642 -0.00459178 -0.00459526 -0.00460912 -0.00461905 -0.00463042 -0.0046478 -0.00465593 -0.00468139 -0.00468614 -0.00471953 -0.00472179 -0.00476178 -0.00476386 -0.00480769 -0.00481343 -0.00485704 -0.00487128 -0.00491025 -0.00493757 -0.00496876 -0.00501148 -0.00503513 -0.00509135 -0.0051125 -0.00517551 -0.00520337 -0.00526378 -0.00530802 -0.00535879 -0.00542376 -0.00546593 -0.00554624 -0.0055908 -0.00567294 -0.00573486 -0.00580648 -0.00589219 -0.00595243 -0.00604893 -0.00610631 -0.00618048 -0.00622907 -0.00623491 -0.00622136 -0.00610266 -0.00591957 -0.00559888 -0.0051161 -0.00446371 -0.00353236 -0.00231781 -0.000706346 0.00137998 0.00396249 0.00713212 0.0108494 0.0151151 0.0199282 0.0251827 0.030814 0.0366419 0.0424351 0.0480203 0.0531525 0.0576129 0.0611992 0.0636768 0.0649312 0.0649173 0.063585 0.060942 0.0570342 0.0519395 0.0457768 0.0386595 0.0307101 0.022097 0.0129847 0.0034599 -0.00641684 -0.0165131 -0.026697 -0.0368939 -0.0469561 -0.0566818 -0.0659706 -0.0747212 -0.0827066 -0.0897256 -0.0956675 -0.100385 -0.103728 
0 -0.0055711 -0.0111136 -0.0165767 -0.0219213 -0.0271271 -0.0321809 -0.0370777 -0.0418048 -0.0463739 -0.0508451 -0.0552372 -0.0595288 -0.063767 -0.0679962 -0.0721811 -0.0763111 -0.0803668 -0.0842121 -0.0877005 -0.0907352 -0.0931828 -0.0948828 -0.0956988 -0.095526 -0.094296 -0.0919754 -0.0885707 -0.0841552 -0.0788976 -0.0730017 -0.0666494 -0.0600572 -0.0534427 -0.0469981 -0.0409263 -0.0353328 -0.0302792 -0.025834 -0.021983 -0.0187453 -0.0160956 -0.0139423 -0.0122501 -0.010904 -0.00984233 -0.00902872 -0.00837449 -0.00789251 -0.00751472 -0.00722311 -0.007016 -0.00682812 -0.00670143 -0.00657653 -0.00647345 -0.0063904 -0.00629195 -0.00622982 -0.0061406 -0.00607935 -0.00600803 -0.00593741 -0.00588473 -0.00580749 -0.00576558 -0.00569219 -0.00565073 -0.00559108 -0.00554356 -0.00550159 -0.00544768 -0.00542081 -0.00536493 -0.00534675 -0.00529493 -0.0052786 -0.00523577 -0.00521641 -0.00518504 -0.00516049 -0.0051406 -0.00511107 -0.005101 -0.00506815 -0.00506548 -0.00503147 -0.00503383 -0.00500066 -0.00500613 -0.00497529 -0.0049826 -0.00495501 -0.00496351 -0.0049395 -0.00494903 -0.00492856 -0.00493931 -0.00492205 -0.00493443 -0.00491988 -0.00493443 -0.00492205 -0.00493931 -0.00492856 -0.00494903 -0.0049395 -0.00496351 -0.00495501 -0.0049826 -0.00497529 -0.00500613 -0.00500066 -0.00503383 -0.00503147 -0.00506548 -0.00506815 -0.005101 -0.00511107 -0.0051406 -0.00516049 -0.00518504 -0.00521641 -0.00523577 -0.0052786 -0.00529493 -0.00534675 -0.00536493 -0.00542081 -0.00544768 -0.00550159 -0.00554356 -0.00559108 -0.00565073 -0.00569219 -0.00576558 -0.00580749 -0.00588472 -0.00593738 -0.00600795 -0.00607913 -0.00614003 -0.00622836 -0.00628841 -0.00638217 -0.00645516 -0.00653765 -0.00662252 -0.00667524 -0.00673325 -0.00672375 -0.00667188 -0.00653069 -0.00626237 -0.00587214 -0.00527414 -0.00446676 -0.00337101 -0.00190616 -2.92984e-05 0.00237125 0.00531091 0.00881453 0.0128986 0.0175078 0.0226267 0.0281583 0.0339381 0.0397906 0.0454739 0.0507746 0.055494 0.0593937 0.0622681 0.0639649 0.064392 0.063524 0.0613648 0.0579448 0.0533625 0.0477664 0.0412688 0.0339672 0.026021 0.017581 0.0087498 -0.000363203 -0.0096777 -0.0191332 -0.0286273 -0.0380698 -0.047368 -0.0563569 -0.0648976 -0.0729088 -0.0802433 -0.0867165 -0.0921882 -0.0965117 -0.099566 
0 -0.0069047 -0.0137271 -0.0203988 -0.0268238 -0.0329098 -0.0386301 -0.0439709 -0.0489152 -0.0535235 -0.0578571 -0.0618847 -0.0656414 -0.0692685 -0.072823 -0.0763111 -0.0797863 -0.0832293 -0.0865501 -0.0896741 -0.0924854 -0.0948611 -0.0966896 -0.0977832 -0.0979776 -0.0972013 -0.0953776 -0.0924665 -0.0885167 -0.0836333 -0.0779918 -0.0717953 -0.0652308 -0.058507 -0.0518503 -0.0454604 -0.0394917 -0.0340511 -0.0291866 -0.0249293 -0.0212994 -0.0182661 -0.0157962 -0.0138179 -0.0122381 -0.0110026 -0.0100244 -0.00926457 -0.00868578 -0.00823186 -0.00790192 -0.00763889 -0.00743772 -0.00728077 -0.00713522 -0.0070262 -0.00690935 -0.0068147 -0.00672203 -0.0066292 -0.00655699 -0.00646809 -0.00640722 -0.00632993 -0.0062705 -0.0062097 -0.00614681 -0.00610102 -0.00603621 -0.00599912 -0.00593776 -0.00590213 -0.00584958 -0.00581055 -0.00576963 -0.00572594 -0.00569633 -0.00564976 -0.00562891 -0.00558272 -0.00556722 -0.00552474 -0.00551151 -0.0054752 -0.00546208 -0.00543321 -0.0054191 -0.00539792 -0.00538257 -0.00536861 -0.00535234 -0.00534473 -0.00532815 -0.00532592 -0.00530971 -0.00531196 -0.00529675 -0.00530271 -0.00528906 -0.0052981 -0.00528651 -0.0052981 -0.00528906 -0.00530271 -0.00529675 -0.00531196 -0.00530971 -0.00532592 -0.00532815 -0.00534473 -0.00535234 -0.00536861 -0.00538257 -0.00539792 -0.0054191 -0.00543321 -0.00546208 -0.0054752 -0.00551151 -0.00552474 -0.00556722 -0.00558272 -0.00562891 -0.00564976 -0.00569633 -0.00572594 -0.00576963 -0.00581055 -0.00584958 -0.00590213 -0.00593776 -0.00599912 -0.00603621 -0.00610102 -0.00614681 -0.0062097 -0.00627049 -0.00632991 -0.00640716 -0.00646795 -0.0065566 -0.0066282 -0.00671956 -0.00680885 -0.0068961 -0.00699755 -0.00707601 -0.00716386 -0.00721733 -0.00724213 -0.00721942 -0.00710858 -0.00691301 -0.00657283 -0.00607486 -0.00537306 -0.00440101 -0.00311277 -0.00140783 0.000777659 0.00350032 0.00680273 0.0106711 0.0150964 0.0200412 0.0254253 0.0311303 0.036969 0.0427165 0.0481574 0.0530791 0.0572574 0.060484 0.0625736 0.0634038 0.0629523 0.0612092 0.0581906 0.0540136 0.048816 0.0427437 0.0359567 0.0285597 0.0206847 0.0124925 0.00404256 -0.004594 -0.0132744 -0.0219507 -0.0306121 -0.0391504 -0.0474661 -0.0555039 -0.0631484 -0.0702474 -0.0766835 -0.0823585 -0.0871589 -0.0909549 -0.0936477 
0 -0.00809659 -0.0160382 -0.0237475 -0.0311118 -0.0379854 -0.0443191 -0.0501147 -0.0553506 -0.0600378 -0.0642208 -0.0679551 -0.0713412 -0.0744832 -0.0774625 -0.0803668 -0.0832293 -0.0860505 -0.0888678 -0.0916259 -0.0941903 -0.0964922 -0.0983978 -0.0996867 -0.100216 -0.0998513 -0.0984836 -0.0960931 -0.0926468 -0.0881895 -0.0828935 -0.0769133 -0.0704416 -0.0636994 -0.0568804 -0.050223 -0.0439186 -0.0380832 -0.0328139 -0.0281442 -0.0240954 -0.0206777 -0.0178504 -0.0155619 -0.0137354 -0.012285 -0.0111439 -0.0102505 -0.00955507 -0.00902321 -0.00861625 -0.00830443 -0.00806668 -0.00787301 -0.00771753 -0.00758205 -0.00746009 -0.00735381 -0.00724741 -0.00715607 -0.00706292 -0.00697864 -0.00689954 -0.00681934 -0.00675243 -0.00667748 -0.00661819 -0.0065515 -0.00649525 -0.00643892 -0.00638331 -0.0063371 -0.00628248 -0.00624406 -0.00619253 -0.00615873 -0.00611275 -0.00608077 -0.00604205 -0.00601025 -0.00597935 -0.00594728 -0.00592372 -0.00589185 -0.00587454 -0.00584379 -0.00583143 -0.00580277 -0.00579421 -0.00576843 -0.0057628 -0.00574039 -0.00573715 -0.00571834 -0.00571724 -0.00570201 -0.00570304 -0.00569123 -0.00569454 -0.00568586 -0.00569171 -0.00568586 -0.00569454 -0.00569123 -0.00570304 -0.00570201 -0.00571724 -0.00571834 -0.00573715 -0.00574039 -0.0057628 -0.00576843 -0.00579421 -0.00580277 -0.00583143 -0.00584379 -0.00587454 -0.00589185 -0.00592372 -0.00594728 -0.00597935 -0.00601025 -0.00604205 -0.00608077 -0.00611275 -0.00615873 -0.00619253 -0.00624406 -0.00628248 -0.0063371 -0.00638331 -0.00643892 -0.00649525 -0.0065515 -0.00661819 -0.00667747 -0.00675242 -0.00681931 -0.00689945 -0.00697838 -0.00706224 -0.00715436 -0.0072433 -0.00734436 -0.00743927 -0.00753821 -0.00762934 -0.00770354 -0.0077556 -0.00775884 -0.00770107 -0.00755239 -0.00728393 -0.00686794 -0.00626095 -0.00541653 -0.00427404 -0.0027521 -0.000776084 0.00172323 0.0047956 0.00844216 0.0126597 0.0174137 0.0226333 0.0282304 0.0340226 0.0397985 0.045347 0.050425 0.0548412 0.0583816 0.0608188 0.0620432 0.0619767 0.0605957 0.0579629 0.0541241 0.049222 0.0434792 0.0370219 0.0299915 0.0225689 0.0148569 0.00695521 -0.00103692 -0.00906242 -0.017021 -0.0248356 -0.0325156 -0.0400174 -0.0472491 -0.0541655 -0.0606921 -0.0667019 -0.0721037 -0.0768245 -0.0807804 -0.0839165 -0.0861778 
