0 0 0 0 0 0 0 0 0 0 0 0 0 0 0 0 0 0 0 0 0 0 0 0 0 0 0 0 0 0 0 0 0 0 0 0 0 0 0 0 0 0 0 0 0 0 0 0 0 0 0 0 0 0 0 0 0 0 0 0 0 0 0 0 0 0 0 0 0 0 0 0 0 0 0 0 0 0 0 0 0 0 0 0 0 0 0 0 0 0 0 0 0 0 0 0 0 0 0 0 0 0 0 0 0 0 0 0 0 0 0 0 0 0 0 0 0 0 0 0 0 0 0 0 0 0 0 0 0 0 0 0 0 0 0 0 0 0 0 0 0 0 0 0 0 0 0 0 0 0 0 0 0 0 0 0 0 0 0 0 0 0 0 0 0 0 0 0 0 0 0 0 0 0 0 0 0 0 0 0 0 0 0 0 0 0 0 0 0 0 0 0 0 0 0 0 0 0 0 0 
0 -0.00288579 -0.00571858 -0.00836459 -0.0106677 -0.0125566 -0.0140432 -0.0151373 -0.0158128 -0.0160506 -0.0158814 -0.0153865 -0.0146643 -0.013787 -0.0127865 -0.0116862 -0.0105345 -0.00939661 -0.00832856 -0.00736067 -0.00649524 -0.00571864 -0.00502041 -0.0043991 -0.00385633 -0.00339242 -0.00300228 -0.00267455 -0.00239739 -0.00216185 -0.0019617 -0.00179398 -0.00165628 -0.00154421 -0.00145245 -0.00137473 -0.00130512 -0.00124025 -0.00117864 -0.00112077 -0.00106848 -0.001023 -0.000984991 -0.000953902 -0.000927877 -0.000904983 -0.000883063 -0.000860628 -0.000837195 -0.000812775 -0.000788315 -0.000764839 -0.000743327 -0.000724634 -0.000708898 -0.00069609 -0.00068563 -0.000676762 -0.00066877 -0.000660811 -0.000652472 -0.000643341 -0.000633387 -0.000622738 -0.000611597 -0.000600401 -0.0005894 -0.000579027 -0.00056946 -0.000560922 -0.00055349 -0.000547136 -0.000541856 -0.000537451 -0.000533868 -0.000530856 -0.000528341 -0.000526116 -0.000524101 -0.000522179 -0.000520274 -0.000518363 -0.000516377 -0.000514365 -0.000512263 -0.000510164 -0.000508011 -0.00050591 -0.000503812 -0.000501819 -0.000499888 -0.000498107 -0.000496439 -0.000494953 -0.000493619 -0.00049249 -0.000491539 -0.000490805 -0.000490266 -0.000489951 -0.000489838 -0.000489951 -0.000490266 -0.000490805 -0.000491539 -0.00049249 -0.000493619 -0.000494953 -0.000496439 -0.000498107 -0.000499888 -0.000501819 -0.000503812 -0.00050591 -0.000508011 -0.000510164 -0.000512263 -0.000514365 -0.000516377 -0.000518363 -0.000520274 -0.000522179 -0.000524101 -0.000526116 -0.000528341 -0.000530856 -0.000533868 -0.000537451 -0.000541856 -0.000547136 -0.00055349 -0.000560922 -0.00056946 -0.000579027 -0.0005894 -0.000600401 -0.000611597 -0.000622738 -0.000633387 -0.000643341 -0.000652472 -0.000660811 -0.00066877 -0.000676762 -0.00068563 -0.00069609 -0.000708898 -0.000724634 -0.000743327 -0.000764839 -0.000788315 -0.000812775 -0.000837195 -0.000860628 -0.000883063 -0.000904983 -0.000927877 -0.000953902 -0.000984991 -0.001023 -0.00106848 -0.00112076 -0.00117862 -0.00124019 -0.00130495 -0.00137424 -0.00145116 -0.00154101 -0.00164881 -0.00177749 -0.00192736 -0.00209443 -0.00227272 -0.00245748 -0.00264636 -0.00284204 -0.00305083 -0.00327593 -0.00351277 -0.00374374 -0.00393563 -0.00404942 -0.00405386 -0.00393293 -0.00368675 -0.00331593 -0.0027967 -0.00208256 -0.00113853 2.7048e-05 0.00136086 0.00280079 0.00432557 0.00594724 0.00762875 0.00924219 0.0106572 0.0118431 0.0128237 0.0135509 
0 -0.00571858 -0.0112461 -0.0163776 -0.0209152 -0.0247083 -0.0276787 -0.0298131 -0.0311279 -0.031642 -0.0313955 -0.0304935 -0.0290972 -0.027361 -0.0253906 -0.0232604 -0.0210459 -0.0188364 -0.0167253 -0.0147847 -0.0130442 -0.0114987 -0.0101281 -0.00891101 -0.00783424 -0.00689361 -0.00608573 -0.00540388 -0.00483726 -0.00436947 -0.00398197 -0.00365795 -0.00338258 -0.00314524 -0.00293953 -0.00276072 -0.00260594 -0.00247253 -0.00235691 -0.00225582 -0.00216568 -0.00208334 -0.00200709 -0.00193563 -0.00186885 -0.00180719 -0.00175079 -0.00170008 -0.00165468 -0.00161393 -0.00157703 -0.00154274 -0.00151028 -0.00147884 -0.00144799 -0.00141779 -0.00138822 -0.00135978 -0.00133274 -0.00130747 -0.00128426 -0.00126307 -0.001244 -0.00122671 -0.00121105 -0.00119664 -0.00118317 -0.00117041 -0.00115802 -0.00114597 -0.00113401 -0.00112222 -0.00111053 -0.00109903 -0.00108778 -0.00107683 -0.00106633 -0.00105625 -0.00104677 -0.00103781 -0.00102951 -0.00102178 -0.00101471 -0.00100821 -0.0010023 -0.000996939 -0.000992091 -0.000987741 -0.000983822 -0.000980353 -0.000977241 -0.000974534 -0.000972126 -0.000970086 -0.000968305 -0.000966864 -0.000965654 -0.000964767 -0.000964093 -0.000963732 -0.000963578 -0.000963732 -0.000964093 -0.000964767 -0.000965654 -0.000966864 -0.000968305 -0.000970086 -0.000972126 -0.000974534 -0.000977241 -0.000980353 -0.000983822 -0.000987741 -0.000992091 -0.000996939 -0.0010023 -0.00100821 -0.00101471 -0.00102178 -0.00102951 -0.00103781 -0.00104677 -0.00105625 -0.00106633 -0.00107683 -0.00108778 -0.00109903 -0.00111053 -0.00112222 -0.00113401 -0.00114597 -0.00115802 -0.00117041 -0.00118317 -0.00119664 -0.00121105 -0.00122671 -0.001244 -0.00126307 -0.00128426 -0.00130747 -0.00133274 -0.00135978 -0.00138822 -0.00141779 -0.00144799 -0.00147884 -0.00151028 -0.00154274 -0.00157703 -0.00161393 -0.00165468 -0.00170008 -0.00175079 -0.00180719 -0.00186885 -0.00193563 -0.00200709 -0.00208334 -0.00216567 -0.0022558 -0.00235686 -0.00247237 -0.00260546 -0.00275944 -0.00293628 -0.00313742 -0.00336477 -0.00361963 -0.00390408 -0.00422003 -0.00456674 -0.00494183 -0.00534062 -0.00575669 -0.0061859 -0.00662415 -0.00706099 -0.00747327 -0.00781596 -0.00802368 -0.00803007 -0.00778672 -0.00726978 -0.0064701 -0.0053649 -0.00390268 -0.00203423 0.000241049 0.00286518 0.00575047 0.00881669 0.0120004 0.0152161 0.0183155 0.0211234 0.0235151 0.0254199 0.0267501 
0 -0.00836459 -0.0163776 -0.0237891 -0.0304067 -0.0360178 -0.0404372 -0.0436033 -0.0455623 -0.0463831 -0.0461425 -0.0449677 -0.0430402 -0.0405592 -0.0377086 -0.0346355 -0.0314528 -0.0282704 -0.025205 -0.0223517 -0.019764 -0.0174549 -0.0154057 -0.0135862 -0.0119758 -0.0105636 -0.00934177 -0.00830346 -0.00743423 -0.0067113 -0.00611027 -0.00560603 -0.00517661 -0.0048073 -0.00448711 -0.00420881 -0.00396813 -0.00375972 -0.00357874 -0.00342043 -0.00327915 -0.00315129 -0.00303382 -0.00292474 -0.00282394 -0.00273087 -0.00264576 -0.00256868 -0.00249868 -0.00243535 -0.00237728 -0.00232332 -0.00227264 -0.00222406 -0.00217751 -0.00213252 -0.00208925 -0.002048 -0.00200875 -0.00197208 -0.00193779 -0.00190609 -0.00187684 -0.00184973 -0.00182473 -0.00180125 -0.00177932 -0.00175842 -0.00173851 -0.00171936 -0.00170084 -0.00168301 -0.00166566 -0.00164904 -0.00163293 -0.0016176 -0.00160288 -0.00158896 -0.00157579 -0.00156337 -0.00155179 -0.00154092 -0.0015309 -0.00152152 -0.00151297 -0.001505 -0.00149781 -0.00149114 -0.00148517 -0.00147969 -0.00147483 -0.00147044 -0.00146661 -0.00146323 -0.00146036 -0.00145792 -0.00145596 -0.00145443 -0.00145335 -0.0014527 -0.00145249 -0.0014527 -0.00145335 -0.00145443 -0.00145596 -0.00145792 -0.00146036 -0.00146323 -0.00146661 -0.00147044 -0.00147483 -0.00147969 -0.00148517 -0.00149114 -0.00149781 -0.001505 -0.00151297 -0.00152152 -0.0015309 -0.00154092 -0.00155179 -0.00156337 -0.00157579 -0.00158896 -0.00160288 -0.0016176 -0.00163293 -0.00164904 -0.00166566 -0.00168301 -0.00170084 -0.00171936 -0.00173851 -0.00175842 -0.00177932 -0.00180125 -0.00182473 -0.00184973 -0.00187684 -0.00190609 -0.00193779 -0.00197208 -0.00200875 -0.002048 -0.00208925 -0.00213252 -0.00217751 -0.00222406 -0.00227264 -0.00232332 -0.00237728 -0.00243535 -0.00249868 -0.00256868 -0.00264576 -0.00273087 -0.00282394 -0.00292474 -0.00303382 -0.00315128 -0.00327914 -0.00342039 -0.00357861 -0.00375933 -0.00396707 -0.00420605 -0.00448036 -0.00479163 -0.0051422 -0.00553452 -0.00596976 -0.00645029 -0.00697582 -0.00754182 -0.00814262 -0.00876878 -0.00940845 -0.0100493 -0.0106681 -0.0112232 -0.0116542 -0.011881 -0.0118188 -0.0114006 -0.0105769 -0.00930599 -0.00755245 -0.00528083 -0.00246378 0.000890472 0.00473244 0.00898338 0.0135209 0.0181728 0.022768 0.0271724 0.0312373 0.0347485 0.0374826 0.039308 
0 -0.0106677 -0.0209152 -0.0304067 -0.0388802 -0.0461038 -0.0518863 -0.0561129 -0.0587664 -0.0599338 -0.0597803 -0.0584866 -0.0562241 -0.0531908 -0.0496174 -0.0457208 -0.0416813 -0.0376537 -0.0337623 -0.0300966 -0.0267199 -0.0236629 -0.0209238 -0.0184901 -0.0163465 -0.0144721 -0.0128481 -0.0114544 -0.0102649 -0.00925528 -0.00840286 -0.00768353 -0.0070775 -0.00656579 -0.00612889 -0.00575205 -0.00542202 -0.00512852 -0.00486671 -0.0046323 -0.00442328 -0.00423872 -0.0040754 -0.00393107 -0.00380215 -0.00368448 -0.00357579 -0.00347306 -0.00337534 -0.00328255 -0.0031944 -0.00311226 -0.00303612 -0.00296648 -0.00290338 -0.00284577 -0.00279341 -0.00274472 -0.00269902 -0.0026554 -0.00261294 -0.00257173 -0.00253108 -0.00249159 -0.00245311 -0.00241607 -0.00238087 -0.00234748 -0.0023165 -0.00228755 -0.00226107 -0.00223662 -0.0022143 -0.00219381 -0.00217491 -0.00215755 -0.00214124 -0.00212617 -0.00211178 -0.00209835 -0.0020854 -0.00207321 -0.00206147 -0.00205034 -0.00203971 -0.00202962 -0.00202012 -0.00201113 -0.00200282 -0.001995 -0.00198795 -0.00198139 -0.00197565 -0.00197041 -0.00196601 -0.00196212 -0.0019591 -0.00195658 -0.00195494 -0.00195381 -0.00195356 -0.00195381 -0.00195494 -0.00195658 -0.0019591 -0.00196212 -0.00196601 -0.00197041 -0.00197565 -0.00198139 -0.00198795 -0.001995 -0.00200282 -0.00201113 -0.00202012 -0.00202962 -0.00203971 -0.00205034 -0.00206147 -0.00207321 -0.0020854 -0.00209835 -0.00211178 -0.00212617 -0.00214124 -0.00215755 -0.00217491 -0.00219381 -0.0022143 -0.00223662 -0.00226107 -0.00228755 -0.0023165 -0.00234748 -0.00238087 -0.00241607 -0.00245311 -0.00249159 -0.00253108 -0.00257173 -0.00261294 -0.0026554 -0.00269902 -0.00274472 -0.00279341 -0.00284577 -0.00290338 -0.00296648 -0.00303612 -0.00311226 -0.0031944 -0.00328255 -0.00337534 -0.00347306 -0.00357579 -0.00368448 -0.00380215 -0.00393107 -0.00407539 -0.00423871 -0.00442325 -0.00463219 -0.0048664 -0.00512767 -0.00541978 -0.00574647 -0.00611577 -0.00653655 -0.00701579 -0.00756022 -0.00816961 -0.0088376 -0.00955635 -0.0103139 -0.0111012 -0.011914 -0.0127417 -0.0135624 -0.0143343 -0.0149843 -0.0154229 -0.0155627 -0.0153225 -0.0146341 -0.0134338 -0.0116436 -0.00919206 -0.00605439 -0.00225021 0.00217766 0.0071684 0.0126399 0.0184616 0.0244203 0.0302653 0.0358019 0.0408749 0.0452623 0.0486909 0.0509837 
0 -0.0125566 -0.0247083 -0.0360178 -0.0461038 -0.0547275 -0.0617346 -0.0669731 -0.0703616 -0.0719937 -0.0720809 -0.0708213 -0.0683902 -0.0650041 -0.0609212 -0.0564051 -0.051697 -0.046981 -0.0423768 -0.0379815 -0.0338805 -0.0301257 -0.0267395 -0.0237236 -0.0210553 -0.0187066 -0.016656 -0.0148778 -0.0133466 -0.0120399 -0.0109282 -0.00998331 -0.00918119 -0.00849546 -0.00790605 -0.00739719 -0.00695281 -0.00656352 -0.00622083 -0.00591642 -0.0056466 -0.00540552 -0.00518901 -0.00499481 -0.00481832 -0.00465811 -0.00451186 -0.00437701 -0.00425338 -0.00413847 -0.00403189 -0.00393286 -0.00383978 -0.00375317 -0.00367141 -0.00359471 -0.0035227 -0.00345454 -0.00339092 -0.00333059 -0.00327419 -0.00322102 -0.00317087 -0.00312391 -0.00307918 -0.00303733 -0.0029973 -0.00295957 -0.0029236 -0.0028893 -0.00285684 -0.00282561 -0.00279626 -0.00276797 -0.00274145 -0.00271604 -0.00269219 -0.00266959 -0.00264829 -0.00262839 -0.00260954 -0.00259216 -0.00257566 -0.00256062 -0.00254633 -0.00253344 -0.00252124 -0.00251032 -0.00250006 -0.00249097 -0.00248255 -0.00247517 -0.00246849 -0.00246273 -0.0024577 -0.00245351 -0.00245007 -0.00244742 -0.00244553 -0.00244439 -0.00244402 -0.00244439 -0.00244553 -0.00244742 -0.00245007 -0.00245351 -0.0024577 -0.00246273 -0.00246849 -0.00247517 -0.00248255 -0.00249097 -0.00250006 -0.00251032 -0.00252124 -0.00253344 -0.00254633 -0.00256062 -0.00257566 -0.00259216 -0.00260954 -0.00262839 -0.00264829 -0.00266959 -0.00269219 -0.00271604 -0.00274145 -0.00276797 -0.00279626 -0.00282561 -0.00285684 -0.0028893 -0.0029236 -0.00295957 -0.0029973 -0.00303733 -0.00307918 -0.00312391 -0.00317087 -0.00322102 -0.00327419 -0.00333059 -0.00339092 -0.00345454 -0.0035227 -0.00359471 -0.00367141 -0.00375317 -0.00383978 -0.00393286 -0.00403189 -0.00413847 -0.00425338 -0.00437701 -0.00451186 -0.00465811 -0.00481832 -0.00499481 -0.005189 -0.00540549 -0.00564652 -0.00591618 -0.00622015 -0.00656172 -0.00694829 -0.00738642 -0.00788172 -0.0084434 -0.00907566 -0.00978069 -0.0105597 -0.0114045 -0.0123065 -0.013257 -0.0142411 -0.0152453 -0.0162472 -0.0171995 -0.0180369 -0.0186744 -0.0190124 -0.0189653 -0.0184584 -0.0174045 -0.0157103 -0.0132861 -0.0100617 -0.00603149 -0.00125561 0.00419967 0.0102689 0.0168361 0.0237274 0.0307354 0.037613 0.0440875 0.0499149 0.0548941 0.0588325 0.0615422 
0 -0.0140432 -0.0276787 -0.0404372 -0.0518863 -0.0617346 -0.0697913 -0.0759167 -0.0800695 -0.0823274 -0.0828281 -0.0817472 -0.0793159 -0.0757942 -0.0714482 -0.066564 -0.0614076 -0.0561658 -0.0509742 -0.0459602 -0.0412272 -0.0368494 -0.032877 -0.0293143 -0.026133 -0.0233096 -0.0208198 -0.0186387 -0.0167503 -0.0151283 -0.0137367 -0.0125454 -0.0115202 -0.010632 -0.00986382 -0.00919675 -0.00861747 -0.00811651 -0.00767872 -0.0072945 -0.0069542 -0.00664706 -0.00636983 -0.00611706 -0.00588623 -0.00567784 -0.00548829 -0.00531793 -0.00516431 -0.00502405 -0.00489652 -0.00477726 -0.00466562 -0.00455992 -0.00445842 -0.00436245 -0.00427026 -0.00418355 -0.00410193 -0.00402537 -0.00395491 -0.00388888 -0.0038285 -0.00377197 -0.00371949 -0.00367038 -0.00362358 -0.00357966 -0.00353693 -0.00349654 -0.00345707 -0.0034194 -0.00338299 -0.00334794 -0.00331467 -0.0032825 -0.0032525 -0.00322353 -0.00319686 -0.00317128 -0.00314786 -0.00312568 -0.00310535 -0.0030864 -0.00306893 -0.00305296 -0.00303811 -0.00302484 -0.0030124 -0.00300155 -0.00299133 -0.00298269 -0.00297454 -0.00296793 -0.00296174 -0.00295704 -0.00295272 -0.00294987 -0.00294736 -0.0029463 -0.00294558 -0.0029463 -0.00294736 -0.00294987 -0.00295272 -0.00295704 -0.00296174 -0.00296793 -0.00297454 -0.00298269 -0.00299133 -0.00300155 -0.0030124 -0.00302484 -0.00303811 -0.00305296 -0.00306893 -0.0030864 -0.00310535 -0.00312568 -0.00314786 -0.00317128 -0.00319686 -0.00322353 -0.0032525 -0.0032825 -0.00331467 -0.00334794 -0.00338299 -0.0034194 -0.00345707 -0.00349654 -0.00353693 -0.00357966 -0.00362358 -0.00367038 -0.00371949 -0.00377197 -0.0038285 -0.00388888 -0.00395491 -0.00402537 -0.00410193 -0.00418355 -0.00427026 -0.00436245 -0.00445842 -0.00455992 -0.00466562 -0.00477726 -0.00489652 -0.00502405 -0.00516431 -0.00531793 -0.00548829 -0.00567784 -0.00588622 -0.00611706 -0.00636981 -0.006647 -0.00695401 -0.00729397 -0.0076773 -0.00811289 -0.00860874 -0.00917678 -0.00982051 -0.010543 -0.0113468 -0.0122253 -0.0131766 -0.0141978 -0.015279 -0.0164152 -0.0175903 -0.018768 -0.0199015 -0.0209165 -0.0217182 -0.0222214 -0.0223427 -0.021998 -0.0211084 -0.0195668 -0.0172451 -0.0140607 -0.00999521 -0.0050754 0.00063117 0.00704411 0.014083 0.0216005 0.0293612 0.0371345 0.0447185 0.0518487 0.0582092 0.0635713 0.0678107 0.0707692 
0 -0.0151373 -0.0298131 -0.0436033 -0.0561129 -0.0669731 -0.0759167 -0.0828518 -0.0877932 -0.0907499 -0.0917689 -0.0910401 -0.088842 -0.0854325 -0.0810714 -0.076052 -0.0706385 -0.0650419 -0.0594445 -0.0539797 -0.0487409 -0.043827 -0.0393135 -0.0352225 -0.0315545 -0.0282898 -0.0253858 -0.0228154 -0.0205578 -0.0185818 -0.0168668 -0.0153878 -0.0141092 -0.0130067 -0.0120529 -0.0112196 -0.0104925 -0.00985299 -0.00928732 -0.00879006 -0.00834853 -0.00795773 -0.00761224 -0.00730202 -0.00702524 -0.00677426 -0.00654439 -0.0063349 -0.00613975 -0.00596033 -0.00579439 -0.00564022 -0.00549969 -0.00536878 -0.00524912 -0.00513829 -0.00503463 -0.00493881 -0.00484706 -0.00476121 -0.0046786 -0.0045997 -0.00452474 -0.00445214 -0.00438421 -0.00431858 -0.00425754 -0.00419958 -0.00414534 -0.00409502 -0.00404734 -0.00400384 -0.00396218 -0.00392429 -0.0038879 -0.00385441 -0.00382248 -0.00379245 -0.00376425 -0.00373711 -0.00371205 -0.00368751 -0.0036652 -0.00364318 -0.00362341 -0.00360392 -0.00358657 -0.00356966 -0.00355468 -0.00354036 -0.00352775 -0.00351603 -0.00350579 -0.00349664 -0.00348878 -0.00348215 -0.00347667 -0.00347252 -0.00346942 -0.00346771 -0.00346701 -0.00346771 -0.00346942 -0.00347252 -0.00347667 -0.00348215 -0.00348878 -0.00349664 -0.00350579 -0.00351603 -0.00352775 -0.00354036 -0.00355468 -0.00356966 -0.00358657 -0.00360392 -0.00362341 -0.00364318 -0.0036652 -0.00368751 -0.00371205 -0.00373711 -0.00376425 -0.00379245 -0.00382248 -0.00385441 -0.0038879 -0.00392429 -0.00396218 -0.00400384 -0.00404734 -0.00409502 -0.00414534 -0.00419958 -0.00425754 -0.00431858 -0.00438421 -0.00445214 -0.00452474 -0.0045997 -0.0046786 -0.00476121 -0.00484706 -0.00493881 -0.00503463 -0.00513829 -0.00524912 -0.00536878 -0.00549969 -0.00564022 -0.00579439 -0.00596033 -0.00613975 -0.0063349 -0.00654439 -0.00677426 -0.00702523 -0.00730201 -0.00761219 -0.00795759 -0.00834812 -0.00878895 -0.00928446 -0.009846 -0.0104763 -0.011184 -0.0119787 -0.0128601 -0.0138346 -0.0149001 -0.0160445 -0.0172629 -0.018538 -0.0198461 -0.0211661 -0.0224481 -0.0236202 -0.0246005 -0.0252796 -0.0255543 -0.0253483 -0.0245726 -0.023128 -0.0209197 -0.0178428 -0.0138317 -0.00890809 -0.00312135 0.00348109 0.0107962 0.0186621 0.0268956 0.0352781 0.0435657 0.0515407 0.058982 0.0656167 0.0711903 0.0755395 0.0785328 
0 -0.0158128 -0.0311279 -0.0455623 -0.0587664 -0.0703616 -0.0800695 -0.0877932 -0.0934941 -0.0971272 -0.098755 -0.0985811 -0.0968402 -0.0937677 -0.0896347 -0.0847083 -0.0792369 -0.0734829 -0.067663 -0.0618998 -0.0562985 -0.0509731 -0.046001 -0.0414419 -0.037332 -0.0336455 -0.0303416 -0.0273941 -0.024764 -0.0224292 -0.0203816 -0.0185913 -0.0170345 -0.0156879 -0.014512 -0.0134841 -0.0125828 -0.0117826 -0.0110771 -0.0104528 -0.00989788 -0.00941079 -0.00897705 -0.0085916 -0.00824891 -0.00793701 -0.00765638 -0.00739895 -0.00716165 -0.00694562 -0.00674396 -0.00656025 -0.00639048 -0.00623315 -0.00608993 -0.00595492 -0.00583138 -0.00571489 -0.00560541 -0.00550341 -0.00540502 -0.00531391 -0.00522567 -0.00514312 -0.00506462 -0.0049897 -0.00492021 -0.00485284 -0.0047912 -0.00473141 -0.00467639 -0.00462387 -0.0045745 -0.0045285 -0.00448415 -0.00444375 -0.00440406 -0.00436832 -0.00433305 -0.00430125 -0.00427019 -0.00424183 -0.00421476 -0.00418953 -0.00416619 -0.00414394 -0.00412408 -0.00410474 -0.00408812 -0.00407166 -0.00405807 -0.00404444 -0.00403374 -0.00402291 -0.00401498 -0.00400689 -0.00400166 -0.00399628 -0.00399371 -0.003991 -0.00399106 -0.003991 -0.00399371 -0.00399628 -0.00400166 -0.00400689 -0.00401498 -0.00402291 -0.00403374 -0.00404444 -0.00405807 -0.00407166 -0.00408812 -0.00410474 -0.00412408 -0.00414394 -0.00416619 -0.00418953 -0.00421476 -0.00424183 -0.00427019 -0.00430125 -0.00433305 -0.00436832 -0.00440406 -0.00444375 -0.00448415 -0.0045285 -0.0045745 -0.00462387 -0.00467639 -0.00473141 -0.0047912 -0.00485284 -0.00492021 -0.0049897 -0.00506462 -0.00514312 -0.00522567 -0.00531391 -0.00540502 -0.00550341 -0.00560541 -0.00571489 -0.00583138 -0.00595492 -0.00608993 -0.00623315 -0.00639048 -0.00656025 -0.00674396 -0.00694562 -0.00716165 -0.00739895 -0.00765638 -0.00793701 -0.0082489 -0.00859156 -0.00897695 -0.00941048 -0.00989703 -0.0104505 -0.0110716 -0.0117696 -0.0125539 -0.013423 -0.0143895 -0.0154549 -0.0166143 -0.0178723 -0.0192115 -0.0206127 -0.0220606 -0.0235123 -0.0249225 -0.0262353 -0.0273531 -0.0281775 -0.0286118 -0.02854 -0.0278701 -0.0265176 -0.0243664 -0.0213316 -0.0173837 -0.0125064 -0.00671981 -8.46263e-05 0.0073409 0.0154363 0.0239581 0.032659 0.0413731 0.0499128 0.0580186 0.0654588 0.0720573 0.0776124 0.081905 0.084802 
0 -0.0160506 -0.031642 -0.0463831 -0.0599338 -0.0719937 -0.0823274 -0.0907499 -0.0971272 -0.101445 -0.103806 -0.104332 -0.103191 -0.100648 -0.0969727 -0.0923699 -0.0870767 -0.081372 -0.0754708 -0.0695402 -0.0637357 -0.0581508 -0.0528549 -0.0479374 -0.0434354 -0.0393405 -0.0356517 -0.0323358 -0.0293509 -0.0266879 -0.0243184 -0.0222118 -0.0203591 -0.0187262 -0.0172872 -0.01603 -0.0149215 -0.0139461 -0.0130903 -0.0123266 -0.0116505 -0.0110469 -0.0105022 -0.0100187 -0.00958187 -0.009191 -0.00884389 -0.00852847 -0.00824858 -0.00799313 -0.00775908 -0.00754624 -0.00734453 -0.00715944 -0.00698397 -0.00681916 -0.00666696 -0.00652161 -0.00638982 -0.00626488 -0.00615038 -0.00604461 -0.00594454 -0.00585397 -0.00576593 -0.00568575 -0.00560769 -0.00553426 -0.00546435 -0.00539603 -0.00533279 -0.00526955 -0.00521194 -0.00515446 -0.00510193 -0.0050508 -0.00500318 -0.00495856 -0.00491584 -0.00487741 -0.00483962 -0.00480676 -0.00477382 -0.00474582 -0.00471755 -0.00469375 -0.00466987 -0.00464974 -0.00462995 -0.0046131 -0.0045971 -0.00458328 -0.00457079 -0.00455985 -0.00455064 -0.00454251 -0.0045364 -0.00453105 -0.00452791 -0.00452535 -0.00452509 -0.00452535 -0.00452791 -0.00453105 -0.0045364 -0.00454251 -0.00455064 -0.00455985 -0.00457079 -0.00458328 -0.0045971 -0.0046131 -0.00462995 -0.00464974 -0.00466987 -0.00469375 -0.00471755 -0.00474582 -0.00477382 -0.00480676 -0.00483962 -0.00487741 -0.00491584 -0.00495856 -0.00500318 -0.0050508 -0.00510193 -0.00515446 -0.00521194 -0.00526955 -0.00533279 -0.00539603 -0.00546435 -0.00553426 -0.00560769 -0.00568575 -0.00576593 -0.00585397 -0.00594454 -0.00604461 -0.00615038 -0.00626488 -0.00638982 -0.00652161 -0.00666696 -0.00681916 -0.00698397 -0.00715944 -0.00734453 -0.00754624 -0.00775908 -0.00799313 -0.00824858 -0.00852847 -0.00884389 -0.00919099 -0.00958185 -0.0100186 -0.010502 -0.0110463 -0.0116487 -0.0123223 -0.01308 -0.0139229 -0.0148718 -0.0159288 -0.0170917 -0.0183683 -0.0197369 -0.0211839 -0.0226997 -0.0242478 -0.0258084 -0.0273466 -0.0287831 -0.0300404 -0.0310103 -0.0315568 -0.0315868 -0.0310097 -0.0297156 -0.0276261 -0.0246551 -0.0207173 -0.0158226 -0.0100295 -0.00336697 0.00409714 0.0122279 0.0208681 0.0298028 0.0387718 0.0475808 0.0560763 0.0640325 0.0712171 0.0775012 0.0827705 0.0868457 0.0896012 
0 -0.0158814 -0.0313955 -0.0461425 -0.0597803 -0.0720809 -0.0828281 -0.0917689 -0.098755 -0.103806 -0.106964 -0.108262 -0.107861 -0.106026 -0.102966 -0.0988692 -0.0939784 -0.0885181 -0.0827045 -0.0767846 -0.0709261 -0.0652048 -0.0597191 -0.0545525 -0.0497346 -0.0453111 -0.0412944 -0.0376385 -0.0343289 -0.0313455 -0.0286456 -0.0262277 -0.0240741 -0.0221491 -0.0204492 -0.0189439 -0.0176036 -0.0164241 -0.0153722 -0.0144352 -0.0136075 -0.0128618 -0.0122003 -0.0116102 -0.0110764 -0.0106047 -0.0101757 -0.00979004 -0.00944467 -0.00912562 -0.00884128 -0.00857793 -0.00833707 -0.00811873 -0.00791225 -0.00772668 -0.0075502 -0.00738738 -0.00723637 -0.00709129 -0.00695988 -0.00683135 -0.00671422 -0.00660195 -0.00649609 -0.00639868 -0.0063034 -0.00621828 -0.00613386 -0.00605826 -0.00598464 -0.00591646 -0.00585274 -0.00579082 -0.00573541 -0.00567938 -0.00563055 -0.00558037 -0.00553666 -0.00549232 -0.0054528 -0.00541415 -0.00537835 -0.00534511 -0.00531289 -0.00528467 -0.00525608 -0.00523249 -0.00520762 -0.0051883 -0.00516721 -0.00515186 -0.00513458 -0.00512298 -0.00510947 -0.00510149 -0.0050917 -0.00508725 -0.00508109 -0.00508015 -0.00507757 -0.00508015 -0.00508109 -0.00508725 -0.0050917 -0.00510149 -0.00510947 -0.00512298 -0.00513458 -0.00515186 -0.00516721 -0.0051883 -0.00520762 -0.00523249 -0.00525608 -0.00528467 -0.00531289 -0.00534511 -0.00537835 -0.00541415 -0.0054528 -0.00549232 -0.00553666 -0.00558037 -0.00563055 -0.00567938 -0.00573541 -0.00579082 -0.00585274 -0.00591646 -0.00598464 -0.00605826 -0.00613386 -0.00621828 -0.0063034 -0.00639868 -0.00649609 -0.00660195 -0.00671422 -0.00683135 -0.00695988 -0.00709129 -0.00723637 -0.00738738 -0.0075502 -0.00772668 -0.00791225 -0.00811873 -0.00833707 -0.00857793 -0.00884128 -0.00912562 -0.00944467 -0.00979004 -0.0101757 -0.0106047 -0.0110764 -0.01161 -0.0121999 -0.0128605 -0.0136041 -0.0144272 -0.0153539 -0.0163842 -0.017521 -0.0187819 -0.0201477 -0.0216166 -0.0231804 -0.0247992 -0.0264623 -0.028138 -0.0297676 -0.0313122 -0.0326798 -0.0337455 -0.03441 -0.0345417 -0.0340218 -0.0327873 -0.030738 -0.02777 -0.0238499 -0.0189534 -0.0130899 -0.00635923 0.00114638 0.00934389 0.0180395 0.0269995 0.036067 0.0450722 0.0537722 0.0619521 0.069461 0.0761597 0.0819326 0.0867074 0.0904131 0.0929726 
0 -0.0153865 -0.0304935 -0.0449677 -0.0584866 -0.0708213 -0.0817472 -0.0910401 -0.0985811 -0.104332 -0.108262 -0.110409 -0.110907 -0.109893 -0.107535 -0.104085 -0.0997592 -0.0947229 -0.0892203 -0.0835007 -0.0777058 -0.0719694 -0.0664195 -0.0611049 -0.0560919 -0.0514543 -0.0471745 -0.0432383 -0.0396479 -0.0363539 -0.0333478 -0.0306384 -0.0281853 -0.0259845 -0.0240223 -0.0222507 -0.0206691 -0.0192539 -0.0179758 -0.0168447 -0.0158308 -0.0149248 -0.0141271 -0.013405 -0.012764 -0.0121886 -0.011662 -0.0111948 -0.0107637 -0.0103755 -0.0100266 -0.00970313 -0.00941831 -0.00915268 -0.00891307 -0.0086951 -0.00848822 -0.00830366 -0.00812386 -0.00796021 -0.00780446 -0.00765562 -0.00752029 -0.00738603 -0.00726677 -0.00714888 -0.00704207 -0.00694103 -0.00684477 -0.00675869 -0.00667247 -0.00659804 -0.00652188 -0.00645575 -0.00638943 -0.00632925 -0.00627199 -0.00621659 -0.00616721 -0.00611639 -0.00607359 -0.0060276 -0.00599024 -0.00594943 -0.00591667 -0.00588128 -0.00585258 -0.00582266 -0.00579774 -0.00577315 -0.0057519 -0.00573241 -0.00571482 -0.00570017 -0.00568627 -0.00567619 -0.00566604 -0.00566031 -0.00565397 -0.00565239 -0.00564996 -0.00565239 -0.00565397 -0.00566031 -0.00566604 -0.00567619 -0.00568627 -0.00570017 -0.00571482 -0.00573241 -0.0057519 -0.00577315 -0.00579774 -0.00582266 -0.00585258 -0.00588128 -0.00591667 -0.00594943 -0.00599024 -0.0060276 -0.00607359 -0.00611639 -0.00616721 -0.00621659 -0.00627199 -0.00632925 -0.00638943 -0.00645575 -0.00652188 -0.00659804 -0.00667247 -0.00675869 -0.00684477 -0.00694103 -0.00704207 -0.00714888 -0.00726677 -0.00738603 -0.00752029 -0.00765562 -0.00780446 -0.00796021 -0.00812386 -0.00830366 -0.00848822 -0.0086951 -0.00891307 -0.00915268 -0.00941831 -0.00970313 -0.0100266 -0.0103755 -0.0107637 -0.0111948 -0.011662 -0.0121885 -0.0127638 -0.0134046 -0.0141261 -0.0149223 -0.0158247 -0.0168303 -0.0179441 -0.0191873 -0.0205364 -0.0219996 -0.0235715 -0.0252156 -0.0269369 -0.0287027 -0.0304672 -0.0322136 -0.0338578 -0.0353043 -0.0364681 -0.0371982 -0.0373752 -0.0369254 -0.0357283 -0.0336958 -0.0307663 -0.026831 -0.0218615 -0.0159394 -0.00912556 -0.00150624 0.0067539 0.0155023 0.0245627 0.0336841 0.0426768 0.0514279 0.0597397 0.0673724 0.0742143 0.0802328 0.0853518 0.0895114 0.0927269 0.094989 
0 -0.0146643 -0.0290972 -0.0430402 -0.0562241 -0.0683902 -0.0793159 -0.088842 -0.0968402 -0.103191 -0.107861 -0.110907 -0.112345 -0.112203 -0.110667 -0.107986 -0.104322 -0.0998628 -0.0948509 -0.0894618 -0.0838738 -0.0782905 -0.0727999 -0.0674567 -0.0623746 -0.0575928 -0.0531176 -0.0489942 -0.0451875 -0.0416557 -0.0384186 -0.0354391 -0.032702 -0.0302301 -0.0279791 -0.0259414 -0.0241177 -0.022457 -0.0209659 -0.0196272 -0.0184063 -0.0173209 -0.0163387 -0.0154521 -0.0146693 -0.0139544 -0.013322 -0.0127549 -0.0122364 -0.0117808 -0.0113563 -0.0109758 -0.0106294 -0.0103041 -0.0100166 -0.00974143 -0.00949549 -0.00926763 -0.00905364 -0.00886495 -0.0086801 -0.00851866 -0.00836159 -0.00821749 -0.00808433 -0.00795288 -0.00783743 -0.00771826 -0.00761442 -0.0075087 -0.00741264 -0.00732078 -0.00723142 -0.00715237 -0.00707048 -0.00700213 -0.00692904 -0.0068691 -0.0068057 -0.0067523 -0.00669868 -0.00665062 -0.00660613 -0.00656283 -0.00652641 -0.0064877 -0.00645819 -0.00642407 -0.00640044 -0.006371 -0.00635245 -0.00632771 -0.0063137 -0.00629364 -0.00628384 -0.00626839 -0.00626265 -0.00625168 -0.00624999 -0.00624337 -0.00624578 -0.00624337 -0.00624999 -0.00625168 -0.00626265 -0.00626839 -0.00628384 -0.00629364 -0.0063137 -0.00632771 -0.00635245 -0.006371 -0.00640044 -0.00642407 -0.00645819 -0.0064877 -0.00652641 -0.00656283 -0.00660613 -0.00665062 -0.00669868 -0.0067523 -0.0068057 -0.0068691 -0.00692904 -0.00700213 -0.00707048 -0.00715237 -0.00723142 -0.00732078 -0.00741264 -0.0075087 -0.00761442 -0.00771826 -0.00783743 -0.00795288 -0.00808433 -0.00821749 -0.00836159 -0.00851866 -0.0086801 -0.00886495 -0.00905364 -0.00926763 -0.00949549 -0.00974143 -0.0100166 -0.0103041 -0.0106294 -0.0109758 -0.0113563 -0.0117807 -0.0122364 -0.0127549 -0.013322 -0.0139543 -0.014669 -0.0154514 -0.0163368 -0.0173162 -0.0183953 -0.0196024 -0.0209128 -0.0223496 -0.0239111 -0.0255643 -0.0273249 -0.0291505 -0.0310021 -0.0328744 -0.034689 -0.0363913 -0.0379228 -0.0391367 -0.0399257 -0.0401806 -0.039747 -0.0385573 -0.0365445 -0.0335799 -0.029614 -0.0246308 -0.0186117 -0.0116684 -0.00395894 0.0044237 0.0133086 0.0224388 0.031625 0.0406993 0.0494468 0.0576935 0.0653145 0.0721814 0.0782216 0.0834305 0.087783 0.0912586 0.0939101 0.0957789 
0 -0.013787 -0.027361 -0.0405592 -0.0531908 -0.0650041 -0.0757942 -0.0854325 -0.0937677 -0.100648 -0.106026 -0.109893 -0.112203 -0.112991 -0.112397 -0.110553 -0.107629 -0.103866 -0.0994346 -0.0944906 -0.089284 -0.0839856 -0.0786617 -0.0734353 -0.0683901 -0.0635455 -0.0589937 -0.0547669 -0.0508112 -0.0471419 -0.0437327 -0.0405309 -0.0375762 -0.0348521 -0.032334 -0.0300571 -0.0279748 -0.0260714 -0.0243593 -0.0227823 -0.0213537 -0.020065 -0.0188789 -0.0178248 -0.0168674 -0.0160013 -0.0152385 -0.0145356 -0.0139155 -0.0133539 -0.0128375 -0.0123841 -0.0119554 -0.0115756 -0.0112256 -0.0108992 -0.0106125 -0.0103339 -0.0100911 -0.0098591 -0.00964561 -0.00945395 -0.00926446 -0.00910197 -0.00893672 -0.00879254 -0.00865182 -0.00851962 -0.00840078 -0.00827927 -0.00817723 -0.00806794 -0.00797729 -0.00788189 -0.00779876 -0.00771758 -0.0076402 -0.007572 -0.00750031 -0.0074429 -0.00737768 -0.00732872 -0.00727086 -0.00722838 -0.00717847 -0.00714113 -0.00709929 -0.00706632 -0.00703231 -0.00700339 -0.00697673 -0.00695184 -0.00693195 -0.00691119 -0.00689753 -0.00688107 -0.00687315 -0.00686116 -0.0068586 -0.00685125 -0.00685377 -0.00685125 -0.0068586 -0.00686116 -0.00687315 -0.00688107 -0.00689753 -0.00691119 -0.00693195 -0.00695184 -0.00697673 -0.00700339 -0.00703231 -0.00706632 -0.00709929 -0.00714113 -0.00717847 -0.00722838 -0.00727086 -0.00732872 -0.00737768 -0.0074429 -0.00750031 -0.007572 -0.0076402 -0.00771758 -0.00779876 -0.00788189 -0.00797729 -0.00806794 -0.00817723 -0.00827927 -0.00840078 -0.00851962 -0.00865182 -0.00879254 -0.00893672 -0.00910197 -0.00926446 -0.00945395 -0.00964561 -0.0098591 -0.0100911 -0.0103339 -0.0106125 -0.0108992 -0.0112256 -0.0115756 -0.0119554 -0.0123841 -0.0128375 -0.0133539 -0.0139155 -0.0145356 -0.0152385 -0.0160011 -0.0168668 -0.0178234 -0.0188754 -0.0200566 -0.0213344 -0.0227406 -0.0242735 -0.0259035 -0.027663 -0.0295069 -0.0314105 -0.0333743 -0.0353136 -0.0371984 -0.0389799 -0.0405308 -0.0417853 -0.0426242 -0.0428806 -0.0424825 -0.0413189 -0.0392612 -0.0362739 -0.0322718 -0.0271785 -0.0210753 -0.0140544 -0.00619634 0.00231607 0.0113042 0.0206069 0.0299518 0.0390742 0.0478383 0.0560943 0.0636433 0.0703861 0.0763229 0.0814475 0.0857513 0.0892586 0.0920152 0.094081 0.0955197 
0 -0.0127865 -0.0253906 -0.0377086 -0.0496174 -0.0609212 -0.0714482 -0.0810714 -0.0896347 -0.0969727 -0.102966 -0.107535 -0.110667 -0.112397 -0.112738 -0.111759 -0.109676 -0.106682 -0.102897 -0.098532 -0.0938078 -0.0888456 -0.0838055 -0.0788267 -0.0739223 -0.0691684 -0.0646643 -0.0603904 -0.0563743 -0.05264 -0.049109 -0.0457934 -0.0427041 -0.0397848 -0.0370788 -0.0345785 -0.0322411 -0.0301109 -0.0281463 -0.0263312 -0.0246961 -0.0231818 -0.0218076 -0.020568 -0.0194179 -0.018395 -0.0174558 -0.0166009 -0.0158452 -0.0151411 -0.0145245 -0.0139617 -0.013448 -0.0129997 -0.012572 -0.0122005 -0.0118497 -0.0115267 -0.0112388 -0.0109548 -0.0107109 -0.0104676 -0.0102521 -0.0100501 -0.00985611 -0.00968954 -0.0095175 -0.00937598 -0.00922833 -0.0091022 -0.00897906 -0.00886268 -0.00876073 -0.00865273 -0.00856657 -0.00846816 -0.00839237 -0.00830535 -0.00823595 -0.00816135 -0.0080963 -0.00803403 -0.00797287 -0.00792191 -0.00786513 -0.00782403 -0.00777245 -0.0077397 -0.0076941 -0.00766844 -0.00762932 -0.00760981 -0.00757737 -0.00756344 -0.00753763 -0.00752898 -0.00750961 -0.00750618 -0.00749293 -0.00749482 -0.0074874 -0.00749482 -0.00749293 -0.00750618 -0.00750961 -0.00752898 -0.00753763 -0.00756344 -0.00757737 -0.00760981 -0.00762932 -0.00766844 -0.0076941 -0.0077397 -0.00777245 -0.00782403 -0.00786513 -0.00792191 -0.00797287 -0.00803403 -0.0080963 -0.00816135 -0.00823595 -0.00830535 -0.00839237 -0.00846816 -0.00856657 -0.00865273 -0.00876073 -0.00886268 -0.00897906 -0.0091022 -0.00922833 -0.00937598 -0.0095175 -0.00968954 -0.00985611 -0.0100501 -0.0102521 -0.0104676 -0.0107109 -0.0109548 -0.0112388 -0.0115267 -0.0118497 -0.0122005 -0.012572 -0.0129997 -0.013448 -0.0139617 -0.0145245 -0.0151411 -0.0158452 -0.0166008 -0.0174557 -0.0183946 -0.0194168 -0.0205654 -0.0218013 -0.0231671 -0.0246638 -0.0262635 -0.0280115 -0.0298562 -0.0317838 -0.0337974 -0.0358077 -0.0378081 -0.0397522 -0.0415348 -0.0431317 -0.0444231 -0.0452577 -0.0455589 -0.0451625 -0.0439429 -0.0418702 -0.0388263 -0.0347306 -0.029599 -0.0234055 -0.016221 -0.0082456 0.000394593 0.00956409 0.0190044 0.0284755 0.0377679 0.0466343 0.0548839 0.0624011 0.0690714 0.0748458 0.0797728 0.0838881 0.0872109 0.0898321 0.0918654 0.0933685 0.0944058 
0 -0.0116862 -0.0232604 -0.0346355 -0.0457208 -0.0564051 -0.066564 -0.076052 -0.0847083 -0.0923699 -0.0988692 -0.104085 -0.107986 -0.110553 -0.111759 -0.111688 -0.11049 -0.108278 -0.105222 -0.101522 -0.0973108 -0.0927673 -0.08812 -0.0834438 -0.0787859 -0.0742614 -0.0698812 -0.0656702 -0.061719 -0.0579821 -0.0544326 -0.0511055 -0.047927 -0.0449041 -0.0420776 -0.0393874 -0.0368753 -0.0345482 -0.0323511 -0.0303378 -0.0284699 -0.0267271 -0.0251525 -0.0236814 -0.0223423 -0.021132 -0.0200029 -0.0190038 -0.0180803 -0.0172418 -0.0164991 -0.0157996 -0.0151907 -0.0146229 -0.0141078 -0.0136533 -0.0132161 -0.0128429 -0.0124813 -0.0121602 -0.0118675 -0.0115841 -0.0113439 -0.0110968 -0.0108894 -0.0106807 -0.0104921 -0.0103197 -0.0101457 -0.0100021 -0.0098448 -0.00972056 -0.00958395 -0.00947143 -0.0093573 -0.00925241 -0.00915943 -0.00906142 -0.00898594 -0.00889601 -0.00883358 -0.00875342 -0.00870005 -0.00863092 -0.00858375 -0.00852612 -0.00848353 -0.0084371 -0.00839845 -0.00836247 -0.00832775 -0.00830126 -0.00827078 -0.00825284 -0.00822702 -0.00821679 -0.00819606 -0.00819287 -0.0081776 -0.00818095 -0.00817147 -0.00818095 -0.0081776 -0.00819287 -0.00819606 -0.00821679 -0.00822702 -0.00825284 -0.00827078 -0.00830126 -0.00832775 -0.00836247 -0.00839845 -0.0084371 -0.00848353 -0.00852612 -0.00858375 -0.00863092 -0.00870005 -0.00875342 -0.00883358 -0.00889601 -0.00898594 -0.00906142 -0.00915943 -0.00925241 -0.0093573 -0.00947143 -0.00958395 -0.00972056 -0.0098448 -0.0100021 -0.0101457 -0.0103197 -0.0104921 -0.0106807 -0.0108894 -0.0110968 -0.0113439 -0.0115841 -0.0118675 -0.0121602 -0.0124813 -0.0128429 -0.0132161 -0.0136533 -0.0141078 -0.0146229 -0.0151907 -0.0157996 -0.0164991 -0.0172418 -0.0180802 -0.0190037 -0.0200026 -0.0211312 -0.0223404 -0.0236767 -0.0251415 -0.0267024 -0.0284171 -0.030231 -0.0321457 -0.0341726 -0.0362223 -0.0383062 -0.0403683 -0.0423135 -0.0441421 -0.0457389 -0.0469978 -0.0478614 -0.0481407 -0.0477114 -0.0465018 -0.0443546 -0.0412185 -0.037077 -0.0318326 -0.0255211 -0.0182628 -0.0101333 -0.00130641 0.00799442 0.017607 0.027283 0.0367038 0.045661 0.0540062 0.0615627 0.0681988 0.0738713 0.0786054 0.082471 0.085532 0.087862 0.0896109 0.0909385 0.0919199 0.0926178 
0 -0.0105345 -0.0210459 -0.0314528 -0.0416813 -0.051697 -0.0614076 -0.0706385 -0.0792369 -0.0870767 -0.0939784 -0.0997592 -0.104322 -0.107629 -0.109676 -0.11049 -0.110117 -0.10869 -0.106402 -0.103379 -0.0997465 -0.0957351 -0.0915086 -0.0871594 -0.0828361 -0.0785924 -0.0744229 -0.0704314 -0.066636 -0.0629919 -0.0595512 -0.056265 -0.0530821 -0.0500657 -0.0471682 -0.0443892 -0.0417875 -0.0392949 -0.0369437 -0.0347515 -0.0326557 -0.0307218 -0.0289172 -0.0272236 -0.0256954 -0.0242611 -0.0229579 -0.0217773 -0.0206699 -0.0196918 -0.0187753 -0.0179456 -0.0172034 -0.0165003 -0.0158928 -0.0153153 -0.0148021 -0.014341 -0.013901 -0.0135288 -0.0131581 -0.012842 -0.0125387 -0.012257 -0.0120108 -0.0117578 -0.0115517 -0.0113308 -0.0111485 -0.0109632 -0.0107948 -0.0106436 -0.0104868 -0.0103631 -0.0102205 -0.0101158 -0.00999103 -0.00989793 -0.00979303 -0.00970677 -0.00962167 -0.00954028 -0.009473 -0.00939653 -0.00934413 -0.00927361 -0.0092331 -0.00916975 -0.0091386 -0.00908337 -0.00905976 -0.00901316 -0.008996 -0.00895809 -0.00894684 -0.00891738 -0.00891198 -0.00889052 -0.00889115 -0.00887717 -0.00888423 -0.00887717 -0.00889115 -0.00889052 -0.00891198 -0.00891738 -0.00894684 -0.00895809 -0.008996 -0.00901316 -0.00905976 -0.00908337 -0.0091386 -0.00916975 -0.0092331 -0.00927361 -0.00934413 -0.00939653 -0.009473 -0.00954028 -0.00962167 -0.00970677 -0.00979303 -0.00989793 -0.00999103 -0.0101158 -0.0102205 -0.0103631 -0.0104868 -0.0106436 -0.0107948 -0.0109632 -0.0111485 -0.0113308 -0.0115517 -0.0117578 -0.0120108 -0.012257 -0.0125387 -0.012842 -0.0131581 -0.0135288 -0.013901 -0.014341 -0.0148021 -0.0153153 -0.0158928 -0.0165003 -0.0172034 -0.0179456 -0.0187753 -0.0196918 -0.0206698 -0.0217771 -0.0229574 -0.0242597 -0.025692 -0.0272154 -0.0288985 -0.0306812 -0.0325722 -0.0345879 -0.0366392 -0.0387556 -0.0408783 -0.0429269 -0.0449168 -0.0467308 -0.0483 -0.0495813 -0.0503903 -0.0506292 -0.0501889 -0.0488823 -0.0466671 -0.0434868 -0.0392288 -0.0339095 -0.0275343 -0.0201118 -0.0118261 -0.00286705 0.0066282 0.016421 0.0262384 0.0358421 0.0449696 0.0534012 0.0610061 0.0676706 0.073314 0.0779399 0.0815988 0.0843711 0.0863819 0.0877831 0.0887375 0.0894036 0.089901 0.0903104 
0 -0.00939661 -0.0188364 -0.0282704 -0.0376537 -0.046981 -0.0561658 -0.0650419 -0.0734829 -0.081372 -0.0885181 -0.0947229 -0.0998628 -0.103866 -0.106682 -0.108278 -0.10869 -0.108044 -0.106481 -0.10412 -0.101129 -0.0976722 -0.0938728 -0.0899254 -0.0859744 -0.0820335 -0.0781783 -0.0744724 -0.0708805 -0.0674564 -0.0642108 -0.0610561 -0.0580255 -0.0550999 -0.0522224 -0.049469 -0.0468088 -0.0442275 -0.0417959 -0.0394476 -0.037214 -0.0351242 -0.0331122 -0.0312498 -0.0295023 -0.0278528 -0.0263601 -0.0249472 -0.023665 -0.0224964 -0.0214 -0.020436 -0.0195242 -0.0187089 -0.0179699 -0.0172713 -0.0166679 -0.0160808 -0.0155693 -0.0150917 -0.0146457 -0.0142613 -0.0138756 -0.0135572 -0.0132355 -0.0129581 -0.0126988 -0.012449 -0.0122408 -0.0120166 -0.0118428 -0.0116477 -0.0114932 -0.0113297 -0.0111852 -0.011052 -0.0109148 -0.0108071 -0.0106788 -0.0105903 -0.0104742 -0.010399 -0.0102979 -0.0102314 -0.0101469 -0.0100865 -0.0100187 -0.00996314 -0.00991097 -0.0098602 -0.00982214 -0.00977654 -0.00975092 -0.00971106 -0.00969636 -0.00966282 -0.00965783 -0.00963108 -0.00963487 -0.00961534 -0.00962724 -0.00961534 -0.00963487 -0.00963108 -0.00965783 -0.00966282 -0.00969636 -0.00971106 -0.00975092 -0.00977654 -0.00982214 -0.0098602 -0.00991097 -0.00996314 -0.0100187 -0.0100865 -0.0101469 -0.0102314 -0.0102979 -0.010399 -0.0104742 -0.0105903 -0.0106788 -0.0108071 -0.0109148 -0.011052 -0.0111852 -0.0113297 -0.0114932 -0.0116477 -0.0118428 -0.0120166 -0.0122408 -0.012449 -0.0126988 -0.0129581 -0.0132355 -0.0135572 -0.0138756 -0.0142613 -0.0146457 -0.0150917 -0.0155693 -0.0160808 -0.0166679 -0.0172713 -0.0179699 -0.0187089 -0.0195242 -0.020436 -0.0214 -0.0224963 -0.0236649 -0.0249469 -0.0263592 -0.0278503 -0.0294963 -0.0312358 -0.0330815 -0.0350598 -0.0370854 -0.0392038 -0.041356 -0.0434721 -0.045572 -0.0475327 -0.0493113 -0.0508729 -0.0520586 -0.0528146 -0.0530185 -0.0524774 -0.0511295 -0.0488555 -0.0455458 -0.0412199 -0.0358214 -0.0293161 -0.0218117 -0.0134042 -0.0042418 0.00542068 0.0153711 0.0253918 0.0351746 0.044441 0.0530048 0.0607198 0.0674524 0.0730961 0.0776373 0.0811614 0.0837483 0.0854715 0.086505 0.087076 0.0873411 0.0874238 0.0874804 0.0876219 
