0 0 0 0 0 0 0 0 0 0 0 0 0 0 0 0 0 0 0 0 0 0 0 0 0 0 0 0 0 0 0 0 0 0 0 0 0 0 0 0 0 0 0 0 0 0 0 0 0 0 0 0 0 0 0 0 0 0 0 0 0 0 0 0 0 0 0 0 0 0 0 0 0 0 0 0 0 0 0 0 0 0 0 0 0 0 0 0 0 0 0 0 0 0 0 0 0 0 0 0 0 0 0 0 0 0 0 0 0 0 0 0 0 0 0 0 0 0 0 0 0 0 0 0 0 0 0 0 0 0 0 0 0 0 0 0 0 0 0 0 0 0 0 0 0 0 0 0 0 0 0 0 0 0 0 0 0 0 0 0 0 0 0 0 0 0 0 0 0 0 0 0 0 0 0 0 0 0 0 0 0 0 0 0 0 0 0 0 0 0 0 0 0 0 0 0 0 0 0 0 
0 0.000841216 0.00159284 0.00233657 0.00310879 0.00379533 0.00436706 0.00488665 0.00527828 0.00543365 0.00540449 0.00521582 0.00476262 0.00402207 0.0030634 0.00190137 0.00054878 -0.000939287 -0.00249376 -0.00401244 -0.00543371 -0.00675327 -0.00789275 -0.00875298 -0.00931959 -0.00960087 -0.00962171 -0.00941073 -0.00896106 -0.00831802 -0.00756591 -0.00675718 -0.00594353 -0.00514148 -0.00435248 -0.00361653 -0.00295603 -0.00239376 -0.00194478 -0.00158394 -0.00130124 -0.00107594 -0.000888883 -0.000743892 -0.000625583 -0.000536637 -0.000473459 -0.000424687 -0.00039604 -0.000373874 -0.000361106 -0.000354769 -0.00034829 -0.000348601 -0.000345278 -0.000345175 -0.000343589 -0.00033989 -0.000338354 -0.000331801 -0.000328834 -0.000322049 -0.000317311 -0.000312478 -0.000306876 -0.000304624 -0.00029961 -0.000299225 -0.000295943 -0.000296194 -0.000295002 -0.000294877 -0.000295379 -0.00029441 -0.000295793 -0.00029402 -0.000295436 -0.000293192 -0.000294021 -0.000291711 -0.000291651 -0.000289604 -0.000288635 -0.00028705 -0.000285334 -0.000284287 -0.000282067 -0.000281545 -0.000279064 -0.000279007 -0.000276467 -0.000276799 -0.000274344 -0.000274998 -0.000272715 -0.000273638 -0.000271572 -0.000272732 -0.000270896 -0.00027228 -0.000270673 -0.00027228 -0.000270896 -0.000272732 -0.000271572 -0.000273638 -0.000272715 -0.000274998 -0.000274344 -0.000276799 -0.000276467 -0.000279007 -0.000279064 -0.000281545 -0.000282067 -0.000284287 -0.000285334 -0.00028705 -0.000288635 -0.000289604 -0.000291651 -0.000291711 -0.000294021 -0.000293192 -0.000295436 -0.00029402 -0.000295793 -0.00029441 -0.000295379 -0.000294877 -0.000295002 -0.000296194 -0.000295943 -0.000299225 -0.00029961 -0.000304624 -0.000306876 -0.000312478 -0.000317311 -0.000322049 -0.000328833 -0.000331798 -0.000338346 -0.000339868 -0.000343524 -0.000344995 -0.000344805 -0.000347418 -0.000345471 -0.000348377 -0.000347328 -0.000345664 -0.000341237 -0.000323745 -0.000297278 -0.000245229 -0.000168331 -6.14397e-05 8.46904e-05 0.000261691 0.000486515 0.000765234 0.00111486 0.00156547 0.00211477 0.00276598 0.00349566 0.00426872 0.00508469 0.00592373 0.00676459 0.00756271 0.00822124 0.00868592 0.00893415 0.00894454 0.00871056 0.00817947 0.00732146 0.00620415 0.00488181 0.00338205 0.00175454 5.81933e-05 -0.00159531 -0.0031105 -0.00450698 -0.00576438 -0.00677596 -0.00753976 -0.00811654 -0.00848228 -0.00862739 -0.00862798 -0.00854702 -0.00839967 -0.00818981 -0.00794578 -0.00774348 -0.00763093 
0 0.00159284 0.00315483 0.00469702 0.00617194 0.00749349 0.00865543 0.00964747 0.0103576 0.0107015 0.0106737 0.0102235 0.00927434 0.00782696 0.00592883 0.00363105 0.000986539 -0.00193846 -0.00499697 -0.00799892 -0.0108374 -0.0134281 -0.0156277 -0.0173182 -0.0184464 -0.019019 -0.0190916 -0.0186846 -0.0178155 -0.0165781 -0.0150939 -0.0134899 -0.0118661 -0.0102572 -0.00870417 -0.0072574 -0.0059585 -0.00485579 -0.0039508 -0.00322055 -0.0026397 -0.00216577 -0.00178412 -0.00148071 -0.00124232 -0.00107007 -0.000944985 -0.000861608 -0.00080815 -0.000770087 -0.000747955 -0.000728074 -0.000713856 -0.000701353 -0.000687971 -0.000679376 -0.000667948 -0.000661473 -0.000654135 -0.000648488 -0.000645155 -0.000639768 -0.000638314 -0.000633241 -0.000631187 -0.000626638 -0.000622561 -0.000618544 -0.000612465 -0.000608753 -0.000601684 -0.000597979 -0.000591188 -0.000587306 -0.000581758 -0.000577698 -0.000573825 -0.000569737 -0.000567487 -0.000563587 -0.000562608 -0.000559096 -0.000558932 -0.000555944 -0.000556176 -0.00055377 -0.000554091 -0.000552258 -0.000552482 -0.000551173 -0.000551218 -0.000550363 -0.000550224 -0.000549744 -0.00054946 -0.000549282 -0.000548913 -0.00054897 -0.000548583 -0.000548812 -0.000548472 -0.000548812 -0.000548583 -0.00054897 -0.000548913 -0.000549282 -0.00054946 -0.000549744 -0.000550224 -0.000550363 -0.000551218 -0.000551173 -0.000552482 -0.000552258 -0.000554091 -0.00055377 -0.000556176 -0.000555944 -0.000558932 -0.000559096 -0.000562608 -0.000563587 -0.000567487 -0.000569737 -0.000573825 -0.000577698 -0.000581758 -0.000587306 -0.000591188 -0.000597979 -0.000601684 -0.000608753 -0.000612465 -0.000618544 -0.000622561 -0.000626638 -0.000631187 -0.000633241 -0.000638313 -0.000639767 -0.000645153 -0.000648482 -0.000654116 -0.000661415 -0.000667783 -0.000678933 -0.000686831 -0.000698558 -0.000707324 -0.000713538 -0.000717174 -0.000708127 -0.000689684 -0.00064661 -0.000574723 -0.000464763 -0.000301624 -8.67958e-05 0.00019534 0.000548355 0.000987137 0.00154729 0.00225635 0.00315935 0.00427069 0.00556888 0.0070215 0.00856864 0.0101793 0.0118332 0.013469 0.0149991 0.016286 0.0172043 0.017702 0.0177306 0.0172326 0.016154 0.0144664 0.0122515 0.00963587 0.00668883 0.00349666 0.000201003 -0.0030421 -0.00609061 -0.00886873 -0.0113214 -0.0133398 -0.0148783 -0.0160078 -0.0167623 -0.0171337 -0.0171943 -0.0170447 -0.0167392 -0.0163478 -0.0159581 -0.0156092 -0.0153263 
0 0.00233657 0.00469702 0.00697787 0.00908784 0.0110394 0.0127823 0.0141652 0.0151202 0.0156267 0.015554 0.0147936 0.0133616 0.0112476 0.00843987 0.00503894 0.00115096 -0.00311194 -0.00753707 -0.0119241 -0.0161066 -0.0198739 -0.023064 -0.02556 -0.0272503 -0.0281359 -0.0282644 -0.0276597 -0.0264166 -0.0246547 -0.0225146 -0.0201854 -0.0177849 -0.0153958 -0.013106 -0.0109613 -0.00903892 -0.00739211 -0.00601638 -0.00491012 -0.00401902 -0.00329859 -0.00272699 -0.002263 -0.00190717 -0.00163931 -0.00144126 -0.00131088 -0.00121618 -0.00115798 -0.00111845 -0.00108777 -0.00107097 -0.00105025 -0.00103875 -0.00102471 -0.00101195 -0.00100339 -0.000989542 -0.000983515 -0.000971319 -0.000964595 -0.000955974 -0.000947117 -0.000941855 -0.000931575 -0.000927913 -0.000918003 -0.000913991 -0.000906018 -0.000900531 -0.000895108 -0.000888105 -0.000884892 -0.000877103 -0.000875218 -0.000867629 -0.000866122 -0.000859565 -0.000857731 -0.000852686 -0.000850172 -0.000846762 -0.000843523 -0.000841611 -0.000837801 -0.000837117 -0.000832977 -0.000833223 -0.000828993 -0.000829906 -0.000825785 -0.000827171 -0.000823291 -0.000825026 -0.000821462 -0.000823484 -0.000820263 -0.000822555 -0.000819668 -0.000822245 -0.000819668 -0.000822555 -0.000820263 -0.000823484 -0.000821462 -0.000825026 -0.000823291 -0.000827171 -0.000825785 -0.000829906 -0.000828993 -0.000833223 -0.000832977 -0.000837117 -0.000837801 -0.000841611 -0.000843523 -0.000846762 -0.000850172 -0.000852686 -0.000857731 -0.000859565 -0.000866122 -0.000867629 -0.000875218 -0.000877103 -0.000884892 -0.000888105 -0.000895108 -0.000900531 -0.000906018 -0.000913991 -0.000918003 -0.000927913 -0.000931575 -0.000941855 -0.000947117 -0.000955974 -0.000964594 -0.000971314 -0.0009835 -0.000989499 -0.00100327 -0.0010116 -0.00102381 -0.00103651 -0.0010449 -0.00105878 -0.00106136 -0.00106392 -0.00105086 -0.00101609 -0.000955588 -0.000841448 -0.00067573 -0.000431143 -9.93923e-05 0.000324457 0.000872197 0.00155139 0.00241411 0.00350807 0.004863 0.00651593 0.00842988 0.0105608 0.0128599 0.0152493 0.0176874 0.0200749 0.0222598 0.0241014 0.0254288 0.0261283 0.0261323 0.0253371 0.0237066 0.0212606 0.0180438 0.014199 0.00987633 0.00521394 0.000429042 -0.00428869 -0.00879291 -0.0128888 -0.0164529 -0.0194553 -0.021828 -0.0235477 -0.0246995 -0.0253498 -0.0255505 -0.0254075 -0.0250319 -0.0245372 -0.0240385 -0.0235774 -0.0231832 
0 0.00310879 0.00617194 0.00908784 0.0118269 0.0143805 0.0165902 0.0182923 0.019467 0.0200378 0.0198218 0.0187552 0.0168545 0.0140756 0.0104226 0.00599667 0.000946049 -0.00450493 -0.0101421 -0.0157888 -0.0211646 -0.0259864 -0.0300937 -0.0333284 -0.0355708 -0.0367929 -0.0369825 -0.0362261 -0.0346806 -0.0324709 -0.0297821 -0.0268028 -0.0236738 -0.0205599 -0.0175609 -0.014754 -0.0122381 -0.0100418 -0.00819577 -0.00669268 -0.00546973 -0.00449954 -0.00372036 -0.00309699 -0.00261813 -0.0022422 -0.00197168 -0.00177689 -0.00163864 -0.00155376 -0.00148875 -0.0014529 -0.00142502 -0.00140344 -0.0013918 -0.00137274 -0.00136397 -0.00134699 -0.001334 -0.00132058 -0.00130279 -0.00129245 -0.00127364 -0.00126439 -0.00124893 -0.00123905 -0.00122916 -0.00121829 -0.00121344 -0.00120245 -0.00120035 -0.00119054 -0.00118867 -0.001181 -0.00117761 -0.00117238 -0.00116683 -0.00116371 -0.00115632 -0.00115465 -0.00114622 -0.00114527 -0.00113672 -0.00113591 -0.00112801 -0.00112698 -0.00112022 -0.00111881 -0.00111343 -0.00111166 -0.00110771 -0.00110567 -0.00110305 -0.00110089 -0.00109945 -0.00109735 -0.00109691 -0.001095 -0.00109539 -0.00109384 -0.00109488 -0.00109384 -0.00109539 -0.001095 -0.00109691 -0.00109735 -0.00109945 -0.00110089 -0.00110305 -0.00110567 -0.00110771 -0.00111166 -0.00111343 -0.00111881 -0.00112022 -0.00112698 -0.00112801 -0.00113591 -0.00113672 -0.00114527 -0.00114622 -0.00115465 -0.00115632 -0.00116371 -0.00116683 -0.00117238 -0.00117761 -0.001181 -0.00118867 -0.00119054 -0.00120035 -0.00120245 -0.00121344 -0.00121829 -0.00122916 -0.00123905 -0.00124893 -0.00126439 -0.00127364 -0.00129245 -0.00130278 -0.00132054 -0.00133391 -0.00134674 -0.00136329 -0.00137103 -0.00138766 -0.00139387 -0.00140389 -0.00140844 -0.00139962 -0.00138362 -0.00132945 -0.00124194 -0.00108988 -0.000855084 -0.000529947 -7.56336e-05 0.00050559 0.00125339 0.00220447 0.00339098 0.0048868 0.00670852 0.00887574 0.0113791 0.0141503 0.0171525 0.0202929 0.0234513 0.0265065 0.0292603 0.0315466 0.0332094 0.0340556 0.0339689 0.0328617 0.0306939 0.0275347 0.0234311 0.0184711 0.0128853 0.00691122 0.000776805 -0.00528182 -0.0110792 -0.0163952 -0.02103 -0.0249609 -0.028173 -0.0305631 -0.0321645 -0.0331393 -0.0335797 -0.0335668 -0.033252 -0.0327629 -0.0321919 -0.03166 -0.031266 
0 0.00379533 0.00749349 0.0110394 0.0143805 0.017388 0.0199175 0.0219005 0.0232395 0.0237585 0.0233504 0.0219723 0.0195597 0.0161172 0.0117069 0.0063854 0.000348117 -0.00612322 -0.0128491 -0.0195852 -0.0259646 -0.0317135 -0.0366149 -0.0404876 -0.0432524 -0.0448055 -0.0451097 -0.0443089 -0.0425457 -0.0399884 -0.0368492 -0.0332806 -0.0295008 -0.0257207 -0.0220598 -0.0186596 -0.0155825 -0.0128607 -0.0105508 -0.00861571 -0.00703974 -0.00578212 -0.00476485 -0.00397495 -0.00335244 -0.00287541 -0.00253209 -0.00227215 -0.00210273 -0.0019807 -0.00189611 -0.00184464 -0.00179475 -0.0017684 -0.00173659 -0.0017135 -0.00169533 -0.00167103 -0.00166104 -0.00163922 -0.00163026 -0.00161479 -0.00160205 -0.00159309 -0.0015762 -0.00157054 -0.00155239 -0.00154604 -0.00153012 -0.00152056 -0.00150896 -0.00149594 -0.0014888 -0.00147382 -0.00146985 -0.00145509 -0.00145249 -0.00143982 -0.00143706 -0.0014276 -0.00142375 -0.00141777 -0.00141254 -0.0014097 -0.00140326 -0.00140293 -0.00139568 -0.00139714 -0.00138955 -0.00139217 -0.00138463 -0.00138797 -0.00138077 -0.00138454 -0.00137785 -0.00138192 -0.0013758 -0.00138014 -0.00137458 -0.00137924 -0.00137418 -0.00137924 -0.00137458 -0.00138014 -0.0013758 -0.00138192 -0.00137785 -0.00138454 -0.00138077 -0.00138797 -0.00138463 -0.00139217 -0.00138955 -0.00139714 -0.00139568 -0.00140293 -0.00140326 -0.0014097 -0.00141254 -0.00141777 -0.00142375 -0.0014276 -0.00143706 -0.00143982 -0.00145249 -0.00145509 -0.00146985 -0.00147382 -0.0014888 -0.00149594 -0.00150896 -0.00152056 -0.00153012 -0.00154604 -0.00155239 -0.00157054 -0.0015762 -0.00159308 -0.00160205 -0.00161478 -0.00163024 -0.00163915 -0.00166086 -0.00167053 -0.00169406 -0.00171038 -0.00172925 -0.00175195 -0.00175957 -0.00177289 -0.00175664 -0.0017224 -0.00164689 -0.00150509 -0.00129958 -0.000979708 -0.000550896 2.31096e-05 0.000777785 0.0017279 0.00295585 0.00449069 0.0063883 0.00869245 0.011373 0.0144411 0.0178389 0.021486 0.0253026 0.0290915 0.032679 0.0358895 0.0385106 0.0403959 0.041333 0.0411132 0.0396804 0.0370125 0.0331604 0.028238 0.0223288 0.0156639 0.00857813 0.00129688 -0.00594448 -0.0128697 -0.019272 -0.0249511 -0.0297727 -0.0337395 -0.0368268 -0.0390127 -0.0404271 -0.0412148 -0.0414613 -0.0413166 -0.0409426 -0.0404397 -0.0399429 -0.0395786 
0 0.00436706 0.00865543 0.0127823 0.0165902 0.0199175 0.0227126 0.0248928 0.0262424 0.0266186 0.0259949 0.0242665 0.0213447 0.017297 0.0121905 0.00611225 -0.000708749 -0.00804924 -0.0156789 -0.0232446 -0.0304313 -0.0369616 -0.0425325 -0.0469881 -0.0502177 -0.0520682 -0.052557 -0.0517897 -0.0498983 -0.0471211 -0.0436264 -0.0395898 -0.0352849 -0.0309057 -0.0266568 -0.022698 -0.0190656 -0.0158451 -0.0130543 -0.0106813 -0.00874785 -0.0071722 -0.0059206 -0.00494304 -0.0041623 -0.00358008 -0.00313104 -0.0028033 -0.00257957 -0.00240858 -0.00230742 -0.00222539 -0.00217086 -0.0021343 -0.00209265 -0.00207384 -0.00204047 -0.00202267 -0.00200069 -0.00197764 -0.00196579 -0.00193975 -0.00193176 -0.00190846 -0.00189787 -0.00188143 -0.00186539 -0.00185607 -0.00183592 -0.00183087 -0.00181025 -0.00180573 -0.00178825 -0.00178144 -0.00176915 -0.00175899 -0.00175214 -0.00173911 -0.00173658 -0.00172208 -0.00172218 -0.00170779 -0.0017089 -0.00169593 -0.00169682 -0.00168609 -0.00168606 -0.00167793 -0.00167673 -0.00167117 -0.00166887 -0.00166565 -0.0016625 -0.00166128 -0.00165759 -0.00165801 -0.00165412 -0.00165583 -0.00165205 -0.00165474 -0.00165137 -0.00165474 -0.00165205 -0.00165583 -0.00165412 -0.00165801 -0.00165759 -0.00166128 -0.0016625 -0.00166565 -0.00166887 -0.00167117 -0.00167673 -0.00167793 -0.00168606 -0.00168609 -0.00169682 -0.00169593 -0.0017089 -0.00170779 -0.00172218 -0.00172208 -0.00173658 -0.00173911 -0.00175214 -0.00175899 -0.00176915 -0.00178144 -0.00178825 -0.00180573 -0.00181025 -0.00183087 -0.00183592 -0.00185607 -0.00186539 -0.00188143 -0.00189787 -0.00190846 -0.00193175 -0.00193973 -0.00196574 -0.00197751 -0.00200034 -0.00202173 -0.00203814 -0.00206831 -0.00208005 -0.00210692 -0.00211411 -0.00211321 -0.00209605 -0.00202888 -0.00192897 -0.00173866 -0.00146349 -0.00107166 -0.000521756 0.000183195 0.00112362 0.00232204 0.00384327 0.00576416 0.00808297 0.0108531 0.0140471 0.0176314 0.0216021 0.025834 0.0302094 0.0345355 0.0385498 0.0420925 0.0449531 0.0469169 0.0478147 0.0474167 0.0456357 0.04251 0.0380512 0.0323892 0.0257102 0.0182013 0.0101818 0.00195016 -0.00626147 -0.0141411 -0.0214508 -0.0280575 -0.0337649 -0.0384688 -0.0422425 -0.0451216 -0.0471159 -0.0483498 -0.0489875 -0.0491688 -0.0490435 -0.0487519 -0.0484077 -0.0481089 
0 0.00488665 0.00964747 0.0141652 0.0182923 0.0219005 0.0248928 0.0270959 0.0283242 0.0285127 0.0276035 0.025484 0.0221184 0.017537 0.0118171 0.0051467 -0.00229558 -0.0103278 -0.0185921 -0.0267417 -0.034541 -0.0416583 -0.0477932 -0.0527669 -0.056371 -0.0585203 -0.0592492 -0.0585774 -0.0566865 -0.053795 -0.0500475 -0.0457023 -0.0409856 -0.0361136 -0.0313662 -0.0268636 -0.0227127 -0.0190036 -0.0157202 -0.0129277 -0.0106061 -0.00870183 -0.00720574 -0.00600384 -0.005069 -0.00435084 -0.00378314 -0.00338179 -0.00307284 -0.00286206 -0.00272245 -0.00261224 -0.00255691 -0.00249799 -0.00246624 -0.002436 -0.00240142 -0.00238518 -0.00234721 -0.00233205 -0.00229968 -0.00227778 -0.00225694 -0.00222825 -0.00221758 -0.00218774 -0.00218114 -0.00215669 -0.00214804 -0.00213261 -0.00211883 -0.00211208 -0.00209362 -0.00209243 -0.00207197 -0.00207232 -0.00205305 -0.00205167 -0.00203603 -0.00203112 -0.00202029 -0.0020115 -0.00200554 -0.00199354 -0.00199176 -0.00197769 -0.00197909 -0.00196415 -0.00196774 -0.00195293 -0.0019579 -0.00194392 -0.00194973 -0.00193695 -0.00194333 -0.00193189 -0.00193874 -0.00192858 -0.00193598 -0.00192695 -0.00193506 -0.00192695 -0.00193598 -0.00192858 -0.00193874 -0.00193189 -0.00194333 -0.00193695 -0.00194973 -0.00194392 -0.0019579 -0.00195293 -0.00196774 -0.00196415 -0.00197909 -0.00197769 -0.00199176 -0.00199354 -0.00200554 -0.0020115 -0.00202029 -0.00203112 -0.00203603 -0.00205167 -0.00205305 -0.00207232 -0.00207197 -0.00209243 -0.00209362 -0.00211208 -0.00211883 -0.00213261 -0.00214804 -0.00215669 -0.00218114 -0.00218774 -0.00221757 -0.00222825 -0.00225693 -0.00227775 -0.00229959 -0.00233179 -0.00234653 -0.00238348 -0.0023973 -0.00242647 -0.00244521 -0.0024537 -0.00246791 -0.0024417 -0.00241081 -0.00231876 -0.00216836 -0.00194109 -0.00158087 -0.00110654 -0.000438497 0.000436503 0.00156969 0.00305578 0.00490684 0.0072167 0.00998764 0.0132025 0.0168905 0.0209732 0.0254339 0.030179 0.0349955 0.0397148 0.0440641 0.0478079 0.0507791 0.0527053 0.0534087 0.0527661 0.0506443 0.047078 0.042121 0.0358578 0.0285538 0.0204318 0.0116978 0.00270225 -0.00624055 -0.0148717 -0.0229362 -0.0302963 -0.0368157 -0.0423182 -0.0468114 -0.0503952 -0.053068 -0.0548941 -0.0560697 -0.0567432 -0.0570204 -0.0570495 -0.0569552 -0.056821 
0 0.00527828 0.0103576 0.0151202 0.019467 0.0232395 0.0262424 0.0283242 0.029397 0.0293558 0.0280849 0.0255565 0.0217728 0.0167313 0.0105694 0.00347959 -0.0044244 -0.0128941 -0.0215489 -0.0301144 -0.0383076 -0.0458057 -0.0523687 -0.0577127 -0.0616299 -0.0641143 -0.0651166 -0.0646534 -0.0628943 -0.0599637 -0.0560935 -0.0515551 -0.0465279 -0.0413112 -0.0361403 -0.0311599 -0.026557 -0.0223574 -0.0186126 -0.0153896 -0.0126388 -0.0103973 -0.00859621 -0.0071538 -0.00605193 -0.00517088 -0.00450838 -0.00401134 -0.00362685 -0.00337486 -0.00317205 -0.00304529 -0.00295276 -0.00287442 -0.0028359 -0.00277879 -0.00275492 -0.00271755 -0.00268854 -0.00266986 -0.00263361 -0.00262469 -0.00258902 -0.00257814 -0.0025512 -0.00253124 -0.00251575 -0.00248698 -0.00247979 -0.00244777 -0.00244293 -0.00241436 -0.00240665 -0.00238612 -0.00237296 -0.00236182 -0.00234343 -0.00234027 -0.00231874 -0.0023207 -0.00229872 -0.00230276 -0.00228268 -0.00228638 -0.00226981 -0.00227166 -0.00225932 -0.00225872 -0.00225067 -0.00224763 -0.0022435 -0.00223843 -0.00223764 -0.00223113 -0.00223304 -0.0022257 -0.00222972 -0.0022221 -0.0022277 -0.0022203 -0.00222702 -0.0022203 -0.0022277 -0.0022221 -0.00222972 -0.0022257 -0.00223304 -0.00223113 -0.00223764 -0.00223843 -0.0022435 -0.00224763 -0.00225067 -0.00225872 -0.00225932 -0.00227166 -0.00226981 -0.00228638 -0.00228268 -0.00230276 -0.00229872 -0.0023207 -0.00231874 -0.00234027 -0.00234343 -0.00236182 -0.00237296 -0.00238612 -0.00240665 -0.00241436 -0.00244293 -0.00244777 -0.00247979 -0.00248698 -0.00251575 -0.00253124 -0.0025512 -0.00257813 -0.002589 -0.00262463 -0.00263343 -0.00266938 -0.0026873 -0.00271451 -0.0027478 -0.00276283 -0.00280176 -0.00280469 -0.00281686 -0.00279266 -0.00272399 -0.00261608 -0.00239796 -0.00210302 -0.0016562 -0.00104763 -0.000253477 0.000822838 0.00218481 0.00395124 0.00616626 0.00884652 0.0120577 0.015729 0.0198736 0.0244585 0.0293613 0.034511 0.0396705 0.0446089 0.0491379 0.0529574 0.0558665 0.0576516 0.0580835 0.0571185 0.0546779 0.0507008 0.0452987 0.0385929 0.0308079 0.0222425 0.0130744 0.00357301 -0.00588508 -0.015064 -0.023762 -0.0317587 -0.0389407 -0.0452136 -0.050486 -0.0547865 -0.0581976 -0.0607909 -0.0626674 -0.0639414 -0.0647449 -0.0652308 -0.0655004 -0.0656202 
0 0.00543365 0.0107015 0.0156267 0.0200378 0.0237585 0.0266186 0.0285127 0.0293558 0.0290061 0.0273645 0.0244443 0.0202708 0.0148973 0.0084551 0.0010687 -0.0070839 -0.0157115 -0.0245526 -0.0333273 -0.0416944 -0.0494163 -0.0562308 -0.0618131 -0.0660367 -0.0688353 -0.0701267 -0.0699723 -0.0684149 -0.0655725 -0.0617383 -0.0571095 -0.0519306 -0.046492 -0.0409621 -0.0355963 -0.0305532 -0.0258835 -0.0217164 -0.0180392 -0.0148841 -0.0122848 -0.0101424 -0.00846106 -0.00713478 -0.0060865 -0.00530515 -0.00467841 -0.00423068 -0.00389694 -0.00364541 -0.00349183 -0.00335348 -0.00327947 -0.00320894 -0.00315375 -0.0031226 -0.00306927 -0.00305304 -0.00300822 -0.00298792 -0.0029596 -0.00292766 -0.00291461 -0.00287506 -0.00286835 -0.00283079 -0.00282052 -0.00279298 -0.00277371 -0.00275882 -0.00273099 -0.00272616 -0.00269427 -0.00269419 -0.00266384 -0.00266321 -0.00263883 -0.00263409 -0.00261791 -0.00260769 -0.00259986 -0.00258455 -0.0025838 -0.00256486 -0.0025693 -0.00254849 -0.00255623 -0.00253512 -0.00254466 -0.00252443 -0.00253472 -0.00251608 -0.00252659 -0.00250983 -0.00252039 -0.00250548 -0.00251621 -0.00250291 -0.0025141 -0.00250206 -0.0025141 -0.00250291 -0.00251621 -0.00250548 -0.00252039 -0.00250983 -0.00252659 -0.00251608 -0.00253472 -0.00252443 -0.00254466 -0.00253512 -0.00255623 -0.00254849 -0.0025693 -0.00256486 -0.0025838 -0.00258455 -0.00259986 -0.00260769 -0.00261791 -0.00263409 -0.00263883 -0.00266321 -0.00266384 -0.00269419 -0.00269427 -0.00272616 -0.00273099 -0.00275882 -0.00277371 -0.00279298 -0.00282052 -0.00283079 -0.00286835 -0.00287506 -0.00291459 -0.00292761 -0.00295947 -0.00298758 -0.00300733 -0.00305084 -0.00306402 -0.00311065 -0.00312776 -0.00315497 -0.00317249 -0.00315116 -0.00312668 -0.00301621 -0.00286052 -0.0025951 -0.00219742 -0.00167138 -0.000919562 3.87323e-05 0.00131125 0.002961 0.00502362 0.00761701 0.0107032 0.0143193 0.0184571 0.0230312 0.0280485 0.0333495 0.0387682 0.0441432 0.0491845 0.0537141 0.0574888 0.0602036 0.0617068 0.0618226 0.0604657 0.0576594 0.0533344 0.0475622 0.0405587 0.0324945 0.0236281 0.0142308 0.0045037 -0.00526645 -0.0148145 -0.0239641 -0.0324889 -0.0402303 -0.0471644 -0.0532191 -0.0583173 -0.0625272 -0.0659589 -0.0686527 -0.0706613 -0.0721208 -0.0731779 -0.0739083 -0.0743608 
0 0.00540449 0.0106737 0.015554 0.0198218 0.0233504 0.0259949 0.0276035 0.0280849 0.0273645 0.0253761 0.0221205 0.0176661 0.0120927 0.00546718 -0.00206153 -0.0102232 -0.0187961 -0.0275991 -0.0363312 -0.0447034 -0.0524849 -0.0593716 -0.0651329 -0.0696259 -0.0726889 -0.074303 -0.0744795 -0.0731892 -0.0706042 -0.0669272 -0.0623528 -0.0571833 -0.0516012 -0.0458285 -0.0401451 -0.0346739 -0.0295972 -0.0250027 -0.0208903 -0.0173606 -0.0143628 -0.0118924 -0.00992992 -0.00834076 -0.007123 -0.00616262 -0.00541468 -0.00487365 -0.00443975 -0.00415532 -0.00393793 -0.00378435 -0.00369381 -0.00359803 -0.00355712 -0.00349378 -0.00345503 -0.00341796 -0.00336737 -0.00334785 -0.00329387 -0.00327816 -0.003235 -0.00321192 -0.00318723 -0.00315388 -0.00314526 -0.00310649 -0.00310507 -0.00306888 -0.00306516 -0.00303805 -0.00302604 -0.00301058 -0.00298905 -0.002984 -0.00295542 -0.00295726 -0.00292579 -0.00293043 -0.00290024 -0.00290428 -0.00287845 -0.00287974 -0.00285998 -0.00285761 -0.0028444 -0.0028384 -0.00283137 -0.00282235 -0.00282069 -0.00280948 -0.00281221 -0.0027997 -0.00280587 -0.00279286 -0.00280166 -0.00278882 -0.00279955 -0.00278748 -0.00279955 -0.00278882 -0.00280166 -0.00279286 -0.00280587 -0.0027997 -0.00281221 -0.00280948 -0.00282069 -0.00282235 -0.00283137 -0.0028384 -0.0028444 -0.00285761 -0.00285998 -0.00287974 -0.00287845 -0.00290428 -0.00290024 -0.00293043 -0.00292579 -0.00295726 -0.00295542 -0.002984 -0.00298905 -0.00301058 -0.00302604 -0.00303805 -0.00306516 -0.00306888 -0.00310507 -0.00310649 -0.00314526 -0.00315387 -0.00318723 -0.00321191 -0.00323497 -0.00327807 -0.00329363 -0.00334723 -0.00336579 -0.00341414 -0.0034462 -0.00347425 -0.00351587 -0.00351486 -0.00353374 -0.00349031 -0.00342223 -0.00329096 -0.00305278 -0.00273693 -0.00224165 -0.00159749 -0.000723664 0.000446001 0.00193405 0.00388744 0.00630626 0.00926231 0.0127844 0.0168036 0.0213637 0.0263647 0.0317185 0.0373235 0.0429173 0.0483445 0.0533871 0.0577791 0.0613393 0.0637698 0.0648725 0.0645916 0.062824 0.0595881 0.0549436 0.048933 0.0417541 0.033596 0.0246216 0.0151278 0.00536699 -0.00449628 -0.0142383 -0.0236389 -0.0325279 -0.0407689 -0.0482969 -0.055062 -0.060995 -0.0660809 -0.0703614 -0.0739002 -0.0767768 -0.0790473 -0.0807576 -0.0819996 -0.0828537 
0 0.00521582 0.0102235 0.0147936 0.0187552 0.0219723 0.0242665 0.025484 0.0255565 0.0244443 0.0221205 0.0186111 0.013982 0.00829759 0.00164823 -0.0057796 -0.0137609 -0.0221231 -0.0306762 -0.03918 -0.0473873 -0.0550161 -0.0618372 -0.0676976 -0.0723771 -0.0757169 -0.0776805 -0.0781921 -0.0772746 -0.075047 -0.0716197 -0.0672528 -0.0621808 -0.0565696 -0.0506994 -0.0447616 -0.0389609 -0.0335224 -0.0284932 -0.0239863 -0.0200419 -0.0166342 -0.0138272 -0.0115226 -0.00968543 -0.00825915 -0.00711278 -0.00625692 -0.00558038 -0.00507169 -0.00471314 -0.00442293 -0.00424881 -0.00409785 -0.00400102 -0.00393298 -0.00385829 -0.00382879 -0.00376612 -0.00374197 -0.00369803 -0.00366196 -0.00363846 -0.0035902 -0.00357864 -0.00352864 -0.00351646 -0.00347628 -0.00345454 -0.00343012 -0.00339716 -0.00338723 -0.00334751 -0.00334603 -0.0033066 -0.00330643 -0.00327359 -0.00326923 -0.00324664 -0.00323542 -0.00322383 -0.00320568 -0.0032037 -0.00318024 -0.00318542 -0.00315895 -0.00316866 -0.00314142 -0.00315346 -0.0031272 -0.00314006 -0.00311589 -0.0031287 -0.00310715 -0.00311963 -0.00310076 -0.00311304 -0.00309656 -0.00310904 -0.00309448 -0.00310769 -0.00309448 -0.00310904 -0.00309656 -0.00311304 -0.00310076 -0.00311963 -0.00310715 -0.0031287 -0.00311589 -0.00314006 -0.0031272 -0.00315346 -0.00314142 -0.00316866 -0.00315895 -0.00318542 -0.00318024 -0.0032037 -0.00320568 -0.00322383 -0.00323542 -0.00324664 -0.00326923 -0.00327359 -0.00330643 -0.0033066 -0.00334603 -0.00334751 -0.00338723 -0.00339716 -0.00343012 -0.00345454 -0.00347628 -0.00351645 -0.00352863 -0.00357862 -0.00359014 -0.00363829 -0.00366152 -0.00369691 -0.00373922 -0.00375967 -0.00381429 -0.00382717 -0.00386913 -0.00387595 -0.00386395 -0.00383114 -0.00371031 -0.00354975 -0.00325008 -0.00283523 -0.00225683 -0.00144623 -0.000412271 0.000984774 0.00276303 0.00501339 0.00781706 0.0111384 0.0150477 0.0194823 0.0244052 0.0297893 0.0354401 0.0412277 0.0469281 0.0522932 0.0571784 0.061314 0.0644719 0.0664782 0.0671277 0.0663771 0.0642019 0.0605701 0.0556098 0.0494483 0.0421993 0.0340448 0.0251539 0.0157489 0.00608826 -0.00367883 -0.0134167 -0.0229246 -0.0320476 -0.0406908 -0.0487516 -0.0561398 -0.0628279 -0.0688012 -0.0740017 -0.0784301 -0.0821903 -0.0853188 -0.0877696 -0.0895924 -0.0908721 
0 0.00476262 0.00927434 0.0133616 0.0168545 0.0195597 0.0213447 0.0221184 0.0217728 0.0202708 0.0176661 0.013982 0.00924224 0.00356862 -0.00289094 -0.0100178 -0.017663 -0.0256423 -0.033781 -0.0418938 -0.0497363 -0.0570676 -0.0637339 -0.0695705 -0.0743704 -0.0779777 -0.080257 -0.081144 -0.0806757 -0.0788675 -0.0758322 -0.0717856 -0.0668937 -0.0613933 -0.0555047 -0.0494065 -0.0433794 -0.0375947 -0.0321908 -0.0273057 -0.0229343 -0.0191516 -0.0159595 -0.0133039 -0.0111954 -0.00950063 -0.00817903 -0.00716139 -0.00634882 -0.00576075 -0.00529354 -0.00496199 -0.00472749 -0.0045381 -0.00443194 -0.00432128 -0.00426141 -0.00420035 -0.00414425 -0.00411411 -0.00405441 -0.00403558 -0.00398212 -0.00395764 -0.00392019 -0.00388257 -0.00386228 -0.00381471 -0.00380471 -0.00375653 -0.00374717 -0.00370767 -0.00369164 -0.00366596 -0.00364066 -0.00362889 -0.00359605 -0.00359463 -0.0035584 -0.00356232 -0.0035273 -0.0035319 -0.00350173 -0.00350376 -0.00348057 -0.00347837 -0.00346285 -0.0034561 -0.00344792 -0.00343717 -0.00343538 -0.00342161 -0.00342508 -0.00340937 -0.00341698 -0.00340033 -0.00341113 -0.00339439 -0.00340759 -0.00339144 -0.00340641 -0.00339144 -0.00340759 -0.00339439 -0.00341113 -0.00340033 -0.00341698 -0.00340937 -0.00342508 -0.00342161 -0.00343538 -0.00343717 -0.00344792 -0.0034561 -0.00346285 -0.00347837 -0.00348057 -0.00350376 -0.00350173 -0.0035319 -0.0035273 -0.00356232 -0.0035584 -0.00359463 -0.00359605 -0.00362889 -0.00364066 -0.00366596 -0.00369164 -0.00370767 -0.00374717 -0.00375653 -0.00380471 -0.00381471 -0.00386227 -0.00388255 -0.00392015 -0.00395753 -0.00398182 -0.0040348 -0.00405247 -0.00410946 -0.00413364 -0.00417716 -0.00421302 -0.00422479 -0.0042482 -0.00420396 -0.00414691 -0.00399715 -0.00375699 -0.00340875 -0.0028741 -0.00218175 -0.0012183 3.71666e-05 0.00165978 0.00376262 0.00634732 0.00951341 0.0132384 0.0175063 0.0223349 0.0276113 0.0332789 0.0391647 0.0450285 0.0507013 0.055927 0.0605063 0.0642487 0.0669019 0.0683455 0.0684858 0.0672394 0.064619 0.0606451 0.0554234 0.0491398 0.0419118 0.0338631 0.0251814 0.016048 0.00662453 -0.00293981 -0.0125127 -0.0219797 -0.0312357 -0.04016 -0.048636 -0.056581 -0.0639472 -0.0707124 -0.0768284 -0.0822154 -0.0868525 -0.0907732 -0.0939763 -0.0964422 -0.0981711 
0 0.00402207 0.00782696 0.0112476 0.0140756 0.0161172 0.017297 0.017537 0.0167313 0.0148973 0.0120927 0.00829759 0.00356862 -0.00192534 -0.00806516 -0.0147668 -0.0219039 -0.0293339 -0.0368989 -0.0444307 -0.051768 -0.0587356 -0.0651577 -0.0708779 -0.0757279 -0.0795125 -0.0820789 -0.0833751 -0.0833784 -0.082084 -0.0795632 -0.0759204 -0.071334 -0.066032 -0.0601923 -0.0540521 -0.0478535 -0.0417892 -0.0360782 -0.0308158 -0.026069 -0.0219103 -0.018314 -0.0153153 -0.012867 -0.0108903 -0.00935425 -0.00813037 -0.00719478 -0.00647965 -0.00592428 -0.00553822 -0.0052314 -0.00502969 -0.00487663 -0.00475592 -0.00468234 -0.00459376 -0.00454794 -0.00448151 -0.00443537 -0.00439203 -0.00433823 -0.00431324 -0.00425789 -0.00423998 -0.00419316 -0.00417119 -0.00413931 -0.00410779 -0.00409072 -0.00405095 -0.00404338 -0.00400096 -0.0039958 -0.00395717 -0.00394855 -0.00391843 -0.00390321 -0.0038836 -0.00386143 -0.00385189 -0.00382435 -0.00382294 -0.00379249 -0.00379671 -0.00376582 -0.00377337 -0.003744 -0.00375311 -0.00372654 -0.00373611 -0.00371293 -0.00372247 -0.00370277 -0.00371225 -0.00369572 -0.00370544 -0.00369158 -0.00370205 -0.00369021 -0.00370205 -0.00369158 -0.00370544 -0.00369572 -0.00371225 -0.00370277 -0.00372247 -0.00371293 -0.00373611 -0.00372654 -0.00375311 -0.003744 -0.00377337 -0.00376582 -0.00379671 -0.00379249 -0.00382294 -0.00382435 -0.00385189 -0.00386143 -0.0038836 -0.00390321 -0.00391843 -0.00394855 -0.00395717 -0.0039958 -0.00400096 -0.00404338 -0.00405095 -0.00409072 -0.00410779 -0.00413931 -0.00417118 -0.00419315 -0.00423996 -0.00425782 -0.00431303 -0.00433769 -0.00439067 -0.00443206 -0.00447383 -0.00453089 -0.00455756 -0.00460887 -0.00461342 -0.00461265 -0.00456245 -0.0044406 -0.00425647 -0.00392974 -0.00348908 -0.00285414 -0.00199909 -0.000881709 0.000610697 0.00250364 0.00491422 0.00787631 0.0113997 0.0155215 0.0201743 0.0253473 0.0309547 0.0368318 0.0428226 0.0486741 0.0541771 0.0591407 0.0633226 0.0665387 0.0686185 0.0694468 0.068998 0.0672331 0.0641493 0.0598356 0.0544268 0.0480748 0.0409211 0.0330956 0.0247323 0.0159606 0.00688522 -0.00238944 -0.0117215 -0.0210144 -0.0302459 -0.0393201 -0.0480926 -0.0565091 -0.0645081 -0.0719701 -0.0788482 -0.0851092 -0.0906285 -0.0953276 -0.0992256 -0.102299 -0.104481 
0 0.0030634 0.00592883 0.00843987 0.0104226 0.0117069 0.0121905 0.0118171 0.0105694 0.0084551 0.00546718 0.00164823 -0.00289094 -0.00806516 -0.0137833 -0.0199261 -0.0264269 -0.0331849 -0.0400253 -0.046852 -0.0535926 -0.0600846 -0.0661704 -0.0717051 -0.0765097 -0.0804178 -0.0832764 -0.0849723 -0.085465 -0.0847298 -0.0827563 -0.0796087 -0.0754323 -0.0704104 -0.0647499 -0.0586692 -0.0523826 -0.0461342 -0.0401332 -0.0345205 -0.0294143 -0.0248555 -0.0208801 -0.0175135 -0.0147123 -0.0124562 -0.0106587 -0.00923828 -0.00814409 -0.00728078 -0.00663458 -0.00614343 -0.00577647 -0.0055233 -0.005322 -0.00519417 -0.00508455 -0.00500433 -0.0049428 -0.00487471 -0.00483476 -0.00477294 -0.00473685 -0.0046863 -0.00464447 -0.00460822 -0.00455968 -0.00453484 -0.0044849 -0.00446482 -0.00442061 -0.00439884 -0.00436542 -0.00433842 -0.00431708 -0.00428484 -0.00427353 -0.00423857 -0.00423346 -0.00419921 -0.00419633 -0.00416587 -0.00416214 -0.00413751 -0.00413114 -0.00411321 -0.00410363 -0.00409233 -0.00407982 -0.00407449 -0.00405981 -0.00405954 -0.00404359 -0.00404747 -0.0040311 -0.00403831 -0.00402226 -0.00403216 -0.00401699 -0.00402906 -0.00401524 -0.00402906 -0.00401699 -0.00403216 -0.00402226 -0.00403831 -0.0040311 -0.00404747 -0.00404359 -0.00405954 -0.00405981 -0.00407449 -0.00407982 -0.00409233 -0.00410363 -0.00411321 -0.00413114 -0.00413751 -0.00416214 -0.00416587 -0.00419633 -0.00419921 -0.00423346 -0.00423857 -0.00427353 -0.00428484 -0.00431708 -0.00433842 -0.00436542 -0.00439884 -0.00442061 -0.00446482 -0.00448489 -0.00453483 -0.00455966 -0.00460817 -0.00464434 -0.00468594 -0.00473591 -0.00477063 -0.00482928 -0.00486235 -0.00491609 -0.00494911 -0.00497548 -0.0049883 -0.00495069 -0.00488301 -0.00471963 -0.00447027 -0.00408597 -0.00353007 -0.00278425 -0.00176159 -0.000430462 0.00130815 0.00352833 0.00627591 0.00961362 0.0135219 0.0180003 0.0230179 0.0284947 0.0343372 0.0403577 0.0463422 0.0520771 0.057336 0.0619148 0.0656033 0.0682079 0.0696155 0.0697843 0.0686992 0.0663713 0.0628556 0.0582492 0.0527015 0.0463541 0.0393162 0.0317436 0.0237644 0.015412 0.00675249 -0.00211665 -0.0111265 -0.020198 -0.029286 -0.0383627 -0.0473276 -0.0560885 -0.0645735 -0.0726349 -0.0801556 -0.0871017 -0.0933707 -0.0988193 -0.103376 -0.106971 -0.109525 
0 0.00190137 0.00363105 0.00503894 0.00599667 0.0063854 0.00611225 0.0051467 0.00347959 0.0010687 -0.00206153 -0.0057796 -0.0100178 -0.0147668 -0.0199261 -0.0254078 -0.031184 -0.0371433 -0.0431767 -0.049252 -0.0552921 -0.0612055 -0.0668817 -0.0721322 -0.0768204 -0.0808207 -0.0839299 -0.0860191 -0.0870114 -0.0868209 -0.0854301 -0.0828468 -0.0791465 -0.0745128 -0.0691278 -0.0631913 -0.0569311 -0.0505669 -0.0443332 -0.0384215 -0.0329556 -0.028022 -0.0236671 -0.0199122 -0.0167614 -0.0141802 -0.0121049 -0.0104659 -0.00917633 -0.00817265 -0.0074014 -0.00680902 -0.00637342 -0.00604793 -0.00581422 -0.00564695 -0.00551726 -0.0054277 -0.00534539 -0.00528441 -0.00522506 -0.00516992 -0.00512391 -0.00506894 -0.0050301 -0.00497802 -0.00494092 -0.00489621 -0.00485745 -0.00482239 -0.00478164 -0.00475527 -0.00471471 -0.0046939 -0.00465669 -0.00463782 -0.00460661 -0.00458697 -0.00456308 -0.00454142 -0.00452476 -0.00450117 -0.00449068 -0.0044661 -0.00446024 -0.00443592 -0.0044332 -0.00441032 -0.00440954 -0.00438895 -0.00438932 -0.00437152 -0.00437265 -0.0043578 -0.00435961 -0.00434763 -0.00435026 -0.0043409 -0.00434464 -0.00433755 -0.00434277 -0.00433755 -0.00434464 -0.0043409 -0.00435026 -0.00434763 -0.00435961 -0.0043578 -0.00437265 -0.00437152 -0.00438932 -0.00438895 -0.00440954 -0.00441032 -0.0044332 -0.00443592 -0.00446024 -0.0044661 -0.00449068 -0.00450117 -0.00452476 -0.00454142 -0.00456308 -0.00458697 -0.00460661 -0.00463782 -0.00465669 -0.0046939 -0.00471471 -0.00475527 -0.00478164 -0.00482239 -0.00485745 -0.0048962 -0.00494089 -0.00497793 -0.00502985 -0.0050683 -0.00512231 -0.00516607 -0.00521622 -0.00526496 -0.00530445 -0.00534532 -0.00535881 -0.00535567 -0.0053023 -0.00518702 -0.00498578 -0.00465973 -0.00419074 -0.00352551 -0.00262521 -0.00142662 0.000149163 0.00217267 0.0047218 0.00784056 0.011544 0.0158283 0.0206621 0.0259933 0.0317365 0.0377359 0.0437927 0.0496893 0.0551937 0.0601068 0.0642126 0.0672954 0.0692255 0.0699202 0.0693769 0.0676447 0.0647502 0.0608096 0.0559739 0.0503341 0.0440208 0.037159 0.0298547 0.0222409 0.0143457 0.00615833 -0.00224255 -0.0108364 -0.0196334 -0.0285453 -0.0375136 -0.0465245 -0.0554789 -0.0642441 -0.0727144 -0.0807673 -0.0882653 -0.0950785 -0.101092 -0.106189 -0.11022 -0.113078 
0 0.00054878 0.000986539 0.00115096 0.000946049 0.000348117 -0.000708749 -0.00229558 -0.0044244 -0.0070839 -0.0102232 -0.0137609 -0.017663 -0.0219039 -0.0264269 -0.031184 -0.0361141 -0.0411765 -0.0463741 -0.0516471 -0.0569391 -0.0622402 -0.067414 -0.0722978 -0.0768155 -0.080811 -0.0841136 -0.0865877 -0.0880507 -0.0884177 -0.0876412 -0.0856433 -0.0824938 -0.0783159 -0.0732629 -0.0675697 -0.0614154 -0.055026 -0.048657 -0.0424898 -0.036713 -0.0314252 -0.0266811 -0.0225443 -0.0190075 -0.0160732 -0.0136957 -0.0117938 -0.0103056 -0.0091377 -0.00823634 -0.00754776 -0.00702356 -0.0066389 -0.00635135 -0.00614253 -0.00598682 -0.00586597 -0.00577216 -0.00569138 -0.00562317 -0.00556168 -0.00550499 -0.00545405 -0.00540488 -0.00535986 -0.005317 -0.00527527 -0.0052374 -0.00519808 -0.00516346 -0.0051269 -0.005094 -0.00506091 -0.00502894 -0.00499979 -0.0049688 -0.00494352 -0.00491419 -0.00489227 -0.00486547 -0.00484623 -0.0048227 -0.00480551 -0.00478569 -0.00477011 -0.00475411 -0.0047399 -0.00472756 -0.00471465 -0.00470568 -0.00469412 -0.00468817 -0.00467804 -0.00467476 -0.0046662 -0.00466531 -0.0046584 -0.00465968 -0.00465453 -0.00465781 -0.00465453 -0.00465968 -0.0046584 -0.00466531 -0.0046662 -0.00467476 -0.00467804 -0.00468817 -0.00469412 -0.00470568 -0.00471465 -0.00472756 -0.0047399 -0.00475411 -0.00477011 -0.00478569 -0.00480551 -0.0048227 -0.00484623 -0.00486547 -0.00489227 -0.00491419 -0.00494352 -0.0049688 -0.00499979 -0.00502894 -0.00506091 -0.005094 -0.0051269 -0.00516346 -0.00519808 -0.00523739 -0.00527525 -0.00531694 -0.0053597 -0.00540445 -0.00545295 -0.00550232 -0.00555544 -0.0056092 -0.00566144 -0.00571078 -0.00574565 -0.00576134 -0.00573853 -0.00565881 -0.00550172 -0.00523106 -0.00482694 -0.00424277 -0.00344164 -0.00237061 -0.00095062 0.000879294 0.00321381 0.00610172 0.00957381 0.0136479 0.0182794 0.0234502 0.0290742 0.035016 0.0411154 0.047117 0.0528152 0.0579989 0.0624341 0.0659538 0.0683586 0.0695468 0.0695297 0.0682911 0.0659074 0.0624888 0.0581428 0.0530651 0.0473635 0.0411029 0.0344434 0.0274709 0.0202202 0.0127538 0.00506295 -0.00286923 -0.0110381 -0.0194718 -0.0281268 -0.0369147 -0.0458173 -0.0547786 -0.0636593 -0.0723399 -0.0806961 -0.0885511 -0.0957315 -0.102092 -0.107498 -0.111823 -0.114955 
0 -0.000939287 -0.00193846 -0.00311194 -0.00450493 -0.00612322 -0.00804924 -0.0103278 -0.0128941 -0.0157115 -0.0187961 -0.0221231 -0.0256423 -0.0293339 -0.0331849 -0.0371433 -0.0411765 -0.0453398 -0.0496596 -0.0540906 -0.0586312 -0.0632507 -0.0678446 -0.0723401 -0.0766198 -0.0805398 -0.0839958 -0.08677 -0.0886576 -0.0895702 -0.0893683 -0.0879898 -0.0854548 -0.0817868 -0.0771731 -0.0717968 -0.0658203 -0.0595056 -0.0530472 -0.0466841 -0.0406373 -0.0350009 -0.0299066 -0.0253877 -0.0214683 -0.0181849 -0.0154666 -0.0132915 -0.0115652 -0.0102012 -0.00915514 -0.00833084 -0.00771688 -0.00725066 -0.0069036 -0.00665907 -0.0064651 -0.00633404 -0.00621978 -0.00613317 -0.00605811 -0.00598532 -0.00592871 -0.00586259 -0.00581334 -0.00575529 -0.00570786 -0.00565942 -0.00561237 -0.00557274 -0.00552723 -0.00549392 -0.00545199 -0.00542226 -0.00538551 -0.00535742 -0.00532643 -0.00529911 -0.00527355 -0.00524702 -0.00522602 -0.00520076 -0.00518335 -0.00515997 -0.00514528 -0.0051243 -0.00511175 -0.00509349 -0.00508273 -0.00506733 -0.00505823 -0.00504569 -0.00503823 -0.00502846 -0.00502273 -0.0050156 -0.00501168 -0.00500704 -0.00500506 -0.00500277 -0.00500286 -0.00500277 -0.00500506 -0.00500704 -0.00501168 -0.0050156 -0.00502273 -0.00502846 -0.00503823 -0.00504569 -0.00505823 -0.00506733 -0.00508273 -0.00509349 -0.00511175 -0.0051243 -0.00514528 -0.00515997 -0.00518335 -0.00520076 -0.00522602 -0.00524702 -0.00527355 -0.00529911 -0.00532643 -0.00535742 -0.00538551 -0.00542226 -0.00545199 -0.00549392 -0.00552723 -0.00557273 -0.00561235 -0.00565938 -0.00570775 -0.005755 -0.0058126 -0.00586076 -0.00592437 -0.00597542 -0.00603651 -0.00608807 -0.00612966 -0.00616186 -0.0061505 -0.00610916 -0.00598321 -0.00577312 -0.00543579 -0.0049317 -0.00424381 -0.00328592 -0.00203209 -0.000379177 0.0017462 0.0043964 0.00765348 0.0114886 0.0159209 0.0209078 0.0263662 0.0322335 0.0383007 0.0443791 0.0502438 0.0556346 0.0603934 0.0642831 0.0671154 0.0687971 0.0692306 0.0684654 0.066556 0.0635424 0.0596123 0.0549244 0.049614 0.0438433 0.0376832 0.0312297 0.0245817 0.0177149 0.0106383 0.00339488 -0.00406938 -0.011814 -0.0198364 -0.028117 -0.036629 -0.045323 -0.0541128 -0.062905 -0.0715972 -0.0800071 -0.0879307 -0.0952321 -0.10175 -0.107284 -0.111724 -0.114986 
