0 0 0 0 0 0 0 0 0 0 0 0 0 0 0 0 0 0 0 0 0 0 0 0 0 0 0 0 0 0 0 0 0 0 0 0 0 0 0 0 0 0 0 0 0 0 0 0 0 0 0 0 0 0 0 0 0 0 0 0 0 0 0 0 0 0 0 0 0 0 0 0 0 0 0 0 0 0 0 0 0 0 0 0 0 0 0 0 0 0 0 0 0 0 0 0 0 0 0 0 0 0 0 0 0 0 0 0 0 0 0 0 0 0 0 0 0 0 0 0 0 0 0 0 0 0 0 0 0 0 0 0 0 0 0 0 0 0 0 0 0 0 0 0 0 0 0 0 0 0 0 0 0 0 0 0 0 0 0 0 0 0 0 0 0 0 0 0 0 0 0 0 0 0 0 0 0 0 0 0 0 0 0 0 0 0 0 0 0 0 0 0 0 0 0 0 0 0 0 0 
0 -0.00276457 -0.00541131 -0.00789068 -0.0101749 -0.0121859 -0.0138325 -0.0150915 -0.0159828 -0.0164933 -0.0166008 -0.0163447 -0.0158029 -0.0150232 -0.0140291 -0.0128644 -0.0116027 -0.0103285 -0.009104 -0.00794557 -0.00684803 -0.00582363 -0.00490149 -0.00410953 -0.00346108 -0.00294287 -0.00252421 -0.00217793 -0.00188539 -0.001638 -0.00143624 -0.00127865 -0.00116009 -0.00107373 -0.0010089 -0.000956819 -0.000912272 -0.000871329 -0.000834212 -0.000801904 -0.000774547 -0.000753089 -0.000736068 -0.000721776 -0.000708828 -0.000694889 -0.000679629 -0.000662748 -0.000644604 -0.000626762 -0.000609727 -0.000594854 -0.00058253 -0.000572612 -0.000565184 -0.000559083 -0.000553987 -0.000548919 -0.000543284 -0.000536964 -0.000529439 -0.000521251 -0.000512266 -0.000503092 -0.000494037 -0.000485347 -0.000477566 -0.000470533 -0.000464729 -0.000459801 -0.000455953 -0.000452892 -0.000450499 -0.000448683 -0.000447089 -0.000445834 -0.000444475 -0.00044325 -0.000441769 -0.000440283 -0.000438537 -0.000436713 -0.00043472 -0.000432628 -0.000430496 -0.000428276 -0.000426145 -0.000423951 -0.000421948 -0.000419915 -0.000418141 -0.000416365 -0.00041489 -0.000413434 -0.0004123 -0.000411199 -0.000410426 -0.000409697 -0.000409296 -0.000408944 -0.000408918 -0.000408944 -0.000409296 -0.000409697 -0.000410426 -0.000411199 -0.0004123 -0.000413434 -0.00041489 -0.000416365 -0.000418141 -0.000419915 -0.000421948 -0.000423951 -0.000426145 -0.000428276 -0.000430496 -0.000432628 -0.00043472 -0.000436713 -0.000438537 -0.000440283 -0.000441769 -0.00044325 -0.000444475 -0.000445834 -0.000447089 -0.000448683 -0.000450499 -0.000452892 -0.000455953 -0.000459801 -0.000464729 -0.000470533 -0.000477566 -0.000485347 -0.000494037 -0.000503092 -0.000512266 -0.000521251 -0.000529439 -0.000536964 -0.000543284 -0.000548919 -0.000553987 -0.000559083 -0.000565184 -0.000572612 -0.00058253 -0.000594854 -0.000609727 -0.000626762 -0.000644604 -0.000662748 -0.000679629 -0.000694887 -0.000708821 -0.000721752 -0.000735995 -0.00075288 -0.000773981 -0.000800451 -0.00083068 -0.000863205 -0.000894599 -0.000920486 -0.000938368 -0.000944549 -0.000936946 -0.000915011 -0.000876304 -0.000820308 -0.000745392 -0.000645038 -0.000510319 -0.000324956 -6.84154e-05 0.000269984 0.00068713 0.00116408 0.00167233 0.00219879 0.00274912 0.00331898 0.0038721 0.00433808 0.00464247 0.00476169 0.00472023 0.00451544 0.0040903 0.00340059 0.00247876 0.00142119 0.000316357 -0.000812583 -0.00196307 -0.00304756 -0.00390962 -0.00447487 
0 -0.00541131 -0.0106458 -0.0155819 -0.0200995 -0.024041 -0.0272875 -0.0298145 -0.0316188 -0.0326571 -0.0329095 -0.0324467 -0.0313945 -0.0298647 -0.0279377 -0.0256894 -0.0232321 -0.0207142 -0.0182609 -0.0159333 -0.013754 -0.011743 -0.00993023 -0.00835365 -0.00703406 -0.00595726 -0.00508737 -0.00438196 -0.00380195 -0.00332298 -0.00293052 -0.00261254 -0.00236074 -0.00216523 -0.00201452 -0.00189975 -0.00181106 -0.00174013 -0.00168146 -0.00162915 -0.00158045 -0.00153402 -0.00148869 -0.00144585 -0.00140582 -0.00136923 -0.00133698 -0.00130805 -0.00128244 -0.00125897 -0.00123648 -0.00121475 -0.00119261 -0.0011705 -0.0011483 -0.00112631 -0.0011054 -0.00108544 -0.00106736 -0.00105091 -0.00103628 -0.00102341 -0.00101173 -0.00100139 -0.000991542 -0.000982324 -0.000973169 -0.000964037 -0.000954885 -0.000945456 -0.000936139 -0.000926578 -0.00091732 -0.000908067 -0.000899253 -0.000890758 -0.000882749 -0.000875314 -0.000868339 -0.000862079 -0.000856212 -0.000851085 -0.000846278 -0.000842148 -0.000838277 -0.000834977 -0.000831895 -0.000829262 -0.00082683 -0.000824734 -0.000822836 -0.000821182 -0.000819734 -0.000818461 -0.000817405 -0.000816477 -0.000815777 -0.000815177 -0.000814813 -0.000814532 -0.000814493 -0.000814532 -0.000814813 -0.000815177 -0.000815777 -0.000816477 -0.000817405 -0.000818461 -0.000819734 -0.000821182 -0.000822836 -0.000824734 -0.00082683 -0.000829262 -0.000831895 -0.000834977 -0.000838277 -0.000842148 -0.000846278 -0.000851085 -0.000856212 -0.000862079 -0.000868339 -0.000875314 -0.000882749 -0.000890758 -0.000899253 -0.000908067 -0.00091732 -0.000926578 -0.000936139 -0.000945456 -0.000954885 -0.000964037 -0.000973169 -0.000982324 -0.000991542 -0.00100139 -0.00101173 -0.00102341 -0.00103628 -0.00105091 -0.00106736 -0.00108544 -0.0011054 -0.00112631 -0.0011483 -0.0011705 -0.00119261 -0.00121475 -0.00123648 -0.00125897 -0.00128244 -0.00130805 -0.00133698 -0.00136922 -0.00140579 -0.00144578 -0.00148849 -0.00153348 -0.00157902 -0.00162558 -0.00167299 -0.00172111 -0.00177063 -0.00181842 -0.00185986 -0.0018873 -0.00188878 -0.00185463 -0.00177706 -0.00165225 -0.00148265 -0.00126563 -0.000987232 -0.000620005 -0.000123137 0.000534801 0.00135336 0.00230074 0.00332597 0.00438724 0.00547132 0.00656229 0.00759987 0.00848152 0.00909755 0.00937551 0.00929332 0.00883087 0.00793878 0.00659656 0.00486711 0.00285809 0.000668615 -0.0015984 -0.00380811 -0.00580557 -0.0074485 -0.00863145 
0 -0.00789068 -0.0155819 -0.0228486 -0.0294589 -0.0352326 -0.0400617 -0.043863 -0.0465589 -0.0481239 -0.0485984 -0.0480558 -0.0466062 -0.0444075 -0.0416182 -0.0383751 -0.0348355 -0.0311771 -0.0275537 -0.0240792 -0.0208274 -0.017837 -0.0151446 -0.012792 -0.010796 -0.00914398 -0.00779977 -0.00670635 -0.00581117 -0.00507765 -0.0044763 -0.0039891 -0.00360277 -0.00329953 -0.00306535 -0.00288556 -0.00274419 -0.00263154 -0.00253739 -0.00245425 -0.00237946 -0.0023088 -0.00224214 -0.00217989 -0.00212101 -0.00206746 -0.0020182 -0.00197306 -0.00193222 -0.00189356 -0.0018576 -0.00182291 -0.0017891 -0.00175668 -0.00172457 -0.00169413 -0.00166473 -0.00163694 -0.00161118 -0.00158678 -0.00156472 -0.00154384 -0.00152476 -0.00150685 -0.00148983 -0.00147396 -0.00145831 -0.00144365 -0.00142901 -0.00141512 -0.00140143 -0.0013882 -0.00137554 -0.00136314 -0.00135161 -0.00134026 -0.00132992 -0.00131979 -0.00131063 -0.0013018 -0.00129377 -0.00128621 -0.00127922 -0.00127283 -0.00126681 -0.00126146 -0.00125632 -0.0012519 -0.00124756 -0.00124395 -0.00124036 -0.00123749 -0.00123461 -0.00123242 -0.00123021 -0.00122866 -0.0012271 -0.00122618 -0.00122525 -0.00122494 -0.00122464 -0.00122494 -0.00122525 -0.00122618 -0.0012271 -0.00122866 -0.00123021 -0.00123242 -0.00123461 -0.00123749 -0.00124036 -0.00124395 -0.00124756 -0.0012519 -0.00125632 -0.00126146 -0.00126681 -0.00127283 -0.00127922 -0.00128621 -0.00129377 -0.0013018 -0.00131063 -0.00131979 -0.00132992 -0.00134026 -0.00135161 -0.00136314 -0.00137554 -0.0013882 -0.00140143 -0.00141512 -0.00142901 -0.00144365 -0.00145831 -0.00147396 -0.00148983 -0.00150685 -0.00152476 -0.00154384 -0.00156472 -0.00158678 -0.00161118 -0.00163694 -0.00166473 -0.00169413 -0.00172457 -0.00175668 -0.0017891 -0.00182291 -0.0018576 -0.00189356 -0.00193222 -0.00197306 -0.0020182 -0.00206744 -0.00212096 -0.00217973 -0.0022417 -0.00230762 -0.00237647 -0.00244703 -0.00252086 -0.00259563 -0.00267026 -0.00274138 -0.00279909 -0.00283399 -0.0028316 -0.00277698 -0.00266279 -0.00248176 -0.00222976 -0.0019 -0.00146608 -0.000889862 -0.000129849 0.000847629 0.00203913 0.00340703 0.00490458 0.00647989 0.00808281 0.00965843 0.0111145 0.012332 0.0132025 0.0136228 0.0134947 0.0127616 0.011417 0.00949261 0.00705876 0.00420701 0.00105103 -0.00221508 -0.00532755 -0.00808605 -0.0103944 -0.012127 
0 -0.0101749 -0.0200995 -0.0294589 -0.0379761 -0.0454926 -0.0518659 -0.0568976 -0.0604608 -0.0625939 -0.0633909 -0.0629064 -0.061222 -0.0585038 -0.0549696 -0.0508541 -0.0463765 -0.0417115 -0.0370182 -0.0324585 -0.0281568 -0.0241934 -0.0206317 -0.0175076 -0.0148288 -0.0125858 -0.0107354 -0.00921369 -0.00796617 -0.00694335 -0.00610804 -0.00543917 -0.00491098 -0.00449831 -0.00417939 -0.00392707 -0.00372311 -0.00355494 -0.00341039 -0.00328681 -0.00317982 -0.0030852 -0.00300271 -0.00292685 -0.00285605 -0.00278885 -0.00272208 -0.00265788 -0.00259502 -0.00253485 -0.00247929 -0.00242717 -0.00238084 -0.00233854 -0.00230023 -0.00226557 -0.00223222 -0.00220112 -0.00216993 -0.00213936 -0.00210895 -0.00207832 -0.00204888 -0.00201944 -0.00199195 -0.00196543 -0.00194093 -0.00191837 -0.0018974 -0.00187885 -0.00186133 -0.00184607 -0.00183146 -0.00181848 -0.00180603 -0.00179444 -0.00178345 -0.00177267 -0.00176264 -0.00175242 -0.00174307 -0.00173338 -0.00172463 -0.0017156 -0.00170748 -0.00169926 -0.00169187 -0.00168462 -0.00167806 -0.00167186 -0.00166623 -0.00166114 -0.00165651 -0.00165254 -0.00164894 -0.0016461 -0.00164354 -0.00164181 -0.00164031 -0.00163966 -0.00163923 -0.00163966 -0.00164031 -0.00164181 -0.00164354 -0.0016461 -0.00164894 -0.00165254 -0.00165651 -0.00166114 -0.00166623 -0.00167186 -0.00167806 -0.00168462 -0.00169187 -0.00169926 -0.00170748 -0.0017156 -0.00172463 -0.00173338 -0.00174307 -0.00175242 -0.00176264 -0.00177267 -0.00178345 -0.00179444 -0.00180603 -0.00181848 -0.00183146 -0.00184607 -0.00186133 -0.00187885 -0.0018974 -0.00191837 -0.00194093 -0.00196543 -0.00199195 -0.00201944 -0.00204888 -0.00207832 -0.00210895 -0.00213936 -0.00216993 -0.00220112 -0.00223222 -0.00226557 -0.00230023 -0.00233854 -0.00238084 -0.00242717 -0.00247929 -0.00253485 -0.00259502 -0.00265788 -0.00272207 -0.00278881 -0.00285593 -0.00292651 -0.00300179 -0.00308281 -0.00317397 -0.00327321 -0.00338038 -0.00349208 -0.00359828 -0.00369203 -0.00375976 -0.00378756 -0.00376719 -0.0036856 -0.00353564 -0.00331046 -0.00298918 -0.00254634 -0.00194321 -0.0011313 -8.26926e-05 0.00121169 0.00274318 0.00447902 0.00638689 0.00842617 0.0105096 0.0125178 0.0143245 0.0158009 0.0168361 0.0173231 0.0171292 0.0161608 0.0144337 0.0120149 0.00896331 0.00538416 0.00147549 -0.00251198 -0.00632791 -0.00974922 -0.0125854 -0.0146589 
0 -0.0121859 -0.024041 -0.0352326 -0.0454926 -0.0546145 -0.0623709 -0.0685427 -0.0730322 -0.0758569 -0.0770661 -0.0767326 -0.074971 -0.0719418 -0.0678877 -0.063108 -0.0578482 -0.0522896 -0.0466298 -0.041074 -0.0357909 -0.0309137 -0.0265165 -0.0226158 -0.0192231 -0.0163369 -0.0139218 -0.0119332 -0.0103115 -0.00898599 -0.007908 -0.0070366 -0.00633406 -0.00577885 -0.00534265 -0.00499807 -0.00472778 -0.00450792 -0.00432443 -0.00416903 -0.0040295 -0.00390499 -0.00379138 -0.00368498 -0.00358863 -0.00349773 -0.00341367 -0.0033363 -0.00326225 -0.00319444 -0.00312915 -0.00306732 -0.0030092 -0.00295227 -0.00289962 -0.00284832 -0.00280027 -0.00275521 -0.00271191 -0.00267263 -0.00263443 -0.00259967 -0.00256635 -0.00253485 -0.00250549 -0.00247648 -0.00244989 -0.0024231 -0.00239836 -0.0023738 -0.00235049 -0.00232823 -0.00230642 -0.00228642 -0.00226641 -0.00224856 -0.00223064 -0.00221477 -0.0021991 -0.00218503 -0.00217158 -0.00215916 -0.00214778 -0.00213688 -0.00212734 -0.00211785 -0.00210992 -0.00210177 -0.00209525 -0.00208837 -0.00208311 -0.00207744 -0.00207333 -0.00206884 -0.00206581 -0.00206245 -0.00206048 -0.00205823 -0.0020573 -0.00205612 -0.00205624 -0.00205612 -0.0020573 -0.00205823 -0.00206048 -0.00206245 -0.00206581 -0.00206884 -0.00207333 -0.00207744 -0.00208311 -0.00208837 -0.00209525 -0.00210177 -0.00210992 -0.00211785 -0.00212734 -0.00213688 -0.00214778 -0.00215916 -0.00217158 -0.00218503 -0.0021991 -0.00221477 -0.00223064 -0.00224856 -0.00226641 -0.00228642 -0.00230642 -0.00232823 -0.00235049 -0.0023738 -0.00239836 -0.0024231 -0.00244989 -0.00247648 -0.00250549 -0.00253485 -0.00256635 -0.00259967 -0.00263443 -0.00267263 -0.00271191 -0.00275521 -0.00280027 -0.00284832 -0.00289962 -0.00295227 -0.0030092 -0.00306732 -0.00312915 -0.00319444 -0.00326225 -0.0033363 -0.00341364 -0.00349764 -0.00358837 -0.00368426 -0.00378951 -0.00390034 -0.00401855 -0.0041445 -0.00427231 -0.0044028 -0.00452665 -0.0046329 -0.0047132 -0.00474736 -0.00472304 -0.00462884 -0.00444517 -0.0041602 -0.00374696 -0.00316218 -0.00236907 -0.0013262 -9.3715e-06 0.0015717 0.00341026 0.00549551 0.00778991 0.0102337 0.0127095 0.0150465 0.0171017 0.0187652 0.0199087 0.0203964 0.0201019 0.0189311 0.0168882 0.0140598 0.010532 0.00643449 0.00201769 -0.00244206 -0.00673582 -0.0106266 -0.0138027 -0.0160388 
0 -0.0138325 -0.0272875 -0.0400617 -0.0518659 -0.0623709 -0.0713085 -0.0785564 -0.0840382 -0.0876482 -0.0893654 -0.0893136 -0.087651 -0.0845446 -0.0802441 -0.0750346 -0.06916 -0.0628622 -0.0563889 -0.0499605 -0.043793 -0.038063 -0.0328442 -0.0281637 -0.0240437 -0.0204779 -0.0174565 -0.014958 -0.0129127 -0.011247 -0.00989637 -0.00879164 -0.00789411 -0.00717539 -0.00659983 -0.00614893 -0.00579554 -0.00551045 -0.00528033 -0.0050828 -0.00490715 -0.00475071 -0.00460319 -0.00446886 -0.0043456 -0.00423059 -0.00412876 -0.00403319 -0.00394603 -0.00386551 -0.00378699 -0.00371445 -0.00364215 -0.00357322 -0.00350723 -0.00344236 -0.00338315 -0.0033252 -0.00327273 -0.00322342 -0.00317721 -0.00313573 -0.00309507 -0.00305894 -0.00302293 -0.00298969 -0.00295736 -0.00292564 -0.00289607 -0.00286574 -0.00283827 -0.0028099 -0.00278424 -0.00275851 -0.00273468 -0.00271198 -0.00269017 -0.00267054 -0.00265095 -0.00263416 -0.00261691 -0.00260256 -0.00258767 -0.00257538 -0.00256275 -0.0025522 -0.00254167 -0.00253262 -0.002524 -0.00251631 -0.00250944 -0.00250302 -0.00249775 -0.00249256 -0.00248877 -0.00248481 -0.00248241 -0.00247968 -0.00247861 -0.00247712 -0.00247735 -0.00247712 -0.00247861 -0.00247968 -0.00248241 -0.00248481 -0.00248877 -0.00249256 -0.00249775 -0.00250302 -0.00250944 -0.00251631 -0.002524 -0.00253262 -0.00254167 -0.0025522 -0.00256275 -0.00257538 -0.00258767 -0.00260256 -0.00261691 -0.00263416 -0.00265095 -0.00267054 -0.00269017 -0.00271198 -0.00273468 -0.00275851 -0.00278424 -0.0028099 -0.00283827 -0.00286574 -0.00289607 -0.00292564 -0.00295736 -0.00298969 -0.00302293 -0.00305894 -0.00309507 -0.00313573 -0.00317721 -0.00322342 -0.00327273 -0.0033252 -0.00338315 -0.00344236 -0.00350723 -0.00357322 -0.00364215 -0.00371445 -0.00378699 -0.00386551 -0.00394602 -0.00403316 -0.00412869 -0.00423039 -0.00434505 -0.00446741 -0.00459954 -0.00474201 -0.00488739 -0.0050402 -0.00519315 -0.00534108 -0.00548323 -0.00560202 -0.00568921 -0.00573052 -0.0057013 -0.00559178 -0.00537674 -0.00502335 -0.00450409 -0.00376696 -0.00277013 -0.00149784 6.77787e-05 0.00192068 0.00404659 0.00645054 0.00908982 0.0118545 0.0146063 0.0171737 0.019397 0.0211692 0.0223565 0.022787 0.0223519 0.0210088 0.0187411 0.0156117 0.0117752 0.00741473 0.00274163 -0.00198887 -0.0065155 -0.0105679 -0.0138588 -0.0161788 
0 -0.0150915 -0.0298145 -0.043863 -0.0568976 -0.0685427 -0.0785564 -0.0868381 -0.0932564 -0.09766 -0.100031 -0.100471 -0.0991187 -0.0961739 -0.0918732 -0.0864472 -0.0801753 -0.0733717 -0.0662862 -0.0591463 -0.0522076 -0.0456622 -0.0396259 -0.0341804 -0.0293396 -0.0250916 -0.0214487 -0.0183841 -0.0158425 -0.0137731 -0.012091 -0.0107212 -0.00961825 -0.0087236 -0.00800203 -0.00742866 -0.00696228 -0.00658664 -0.00628073 -0.0060202 -0.00580329 -0.00561256 -0.00544139 -0.0052903 -0.0051456 -0.00501278 -0.00488701 -0.00476488 -0.0046538 -0.00454553 -0.00444684 -0.0043558 -0.00426926 -0.00419304 -0.00411851 -0.00405114 -0.00398657 -0.00392344 -0.00386525 -0.00380532 -0.00375048 -0.00369505 -0.00364269 -0.00359319 -0.00354438 -0.00350117 -0.00345762 -0.00341996 -0.0033827 -0.00334945 -0.00331825 -0.00328841 -0.00326212 -0.00323507 -0.00321218 -0.00318763 -0.00316684 -0.00314469 -0.0031252 -0.0031054 -0.00308691 -0.0030694 -0.00305195 -0.00303665 -0.00302048 -0.00300729 -0.00299267 -0.00298147 -0.00296863 -0.00295933 -0.00294841 -0.00294093 -0.002932 -0.00292629 -0.00291934 -0.00291537 -0.00291036 -0.00290813 -0.002905 -0.00290452 -0.00290322 -0.00290452 -0.002905 -0.00290813 -0.00291036 -0.00291537 -0.00291934 -0.00292629 -0.002932 -0.00294093 -0.00294841 -0.00295933 -0.00296863 -0.00298147 -0.00299267 -0.00300729 -0.00302048 -0.00303665 -0.00305195 -0.0030694 -0.00308691 -0.0031054 -0.0031252 -0.00314469 -0.00316684 -0.00318763 -0.00321218 -0.00323507 -0.00326212 -0.00328841 -0.00331825 -0.00334945 -0.0033827 -0.00341996 -0.00345762 -0.00350117 -0.00354438 -0.00359319 -0.00364269 -0.00369505 -0.00375048 -0.00380532 -0.00386525 -0.00392344 -0.00398657 -0.00405114 -0.00411851 -0.00419304 -0.00426926 -0.0043558 -0.00444684 -0.00454552 -0.00465378 -0.00476483 -0.00488686 -0.00501236 -0.00514449 -0.00528748 -0.00543455 -0.00559683 -0.0057689 -0.00594878 -0.00613988 -0.00632286 -0.00649308 -0.00663525 -0.00672397 -0.00675603 -0.00670922 -0.00656451 -0.00630951 -0.00589292 -0.00526741 -0.00438753 -0.00319595 -0.00168603 0.00013041 0.00225761 0.00467066 0.0073438 0.0102365 0.0132192 0.0161367 0.018856 0.0212079 0.0230186 0.024149 0.02446 0.0238683 0.0223848 0.0200094 0.0167511 0.0127753 0.00834189 0.00365087 -0.00109306 -0.00558334 -0.00952381 -0.0127292 -0.0150436 
0 -0.0159828 -0.0316188 -0.0465589 -0.0604608 -0.0730322 -0.0840382 -0.0932564 -0.100509 -0.105727 -0.108891 -0.110004 -0.109188 -0.106658 -0.102593 -0.0971995 -0.090803 -0.0837233 -0.0762186 -0.068564 -0.0610046 -0.0537303 -0.0469342 -0.0407354 -0.0351525 -0.0302121 -0.0259216 -0.0222478 -0.0191773 -0.0166556 -0.0145881 -0.0129135 -0.0115538 -0.0104399 -0.00954472 -0.00881785 -0.00822699 -0.00775646 -0.00736482 -0.00704177 -0.00677191 -0.00653111 -0.00632498 -0.00613611 -0.00596125 -0.00580519 -0.0056528 -0.00551503 -0.00538486 -0.00525986 -0.0051484 -0.00503798 -0.00493886 -0.00484464 -0.00475406 -0.00467325 -0.00459139 -0.00451886 -0.00444699 -0.00437926 -0.00431691 -0.00425365 -0.00419842 -0.00414108 -0.00409033 -0.00404005 -0.00399234 -0.00394883 -0.00390422 -0.0038661 -0.00382542 -0.00379105 -0.00375507 -0.00372325 -0.0036922 -0.00366244 -0.00363595 -0.00360831 -0.00358566 -0.00356047 -0.00354085 -0.00351844 -0.00350118 -0.00348173 -0.00346637 -0.00344992 -0.0034362 -0.00342265 -0.00341048 -0.00339964 -0.00338903 -0.0033807 -0.00337169 -0.00336568 -0.00335834 -0.00335448 -0.00334887 -0.00334705 -0.00334322 -0.00334334 -0.00334134 -0.00334334 -0.00334322 -0.00334705 -0.00334887 -0.00335448 -0.00335834 -0.00336568 -0.00337169 -0.0033807 -0.00338903 -0.00339964 -0.00341048 -0.00342265 -0.0034362 -0.00344992 -0.00346637 -0.00348173 -0.00350118 -0.00351844 -0.00354085 -0.00356047 -0.00358566 -0.00360831 -0.00363595 -0.00366244 -0.0036922 -0.00372325 -0.00375507 -0.00379105 -0.00382542 -0.0038661 -0.00390422 -0.00394883 -0.00399234 -0.00404005 -0.00409033 -0.00414108 -0.00419842 -0.00425365 -0.00431691 -0.00437926 -0.00444699 -0.00451886 -0.00459139 -0.00467325 -0.00475406 -0.00484464 -0.00493886 -0.00503798 -0.0051484 -0.00525985 -0.00538483 -0.00551492 -0.00565249 -0.00580435 -0.00595909 -0.00613082 -0.00631262 -0.00650369 -0.00671411 -0.006926 -0.00714457 -0.00735847 -0.0075433 -0.00769954 -0.007798 -0.00782331 -0.00777251 -0.00760479 -0.0072967 -0.00680474 -0.0060515 -0.00500278 -0.00362454 -0.0018927 0.000160814 0.00253103 0.00521277 0.00813075 0.0112044 0.0143261 0.0173341 0.0201026 0.0224925 0.0242786 0.0252884 0.0254601 0.0247532 0.0231632 0.0207373 0.0175199 0.0136239 0.00929351 0.0047829 0.000303082 -0.00389049 -0.00754489 -0.010511 -0.0126548 
0 -0.0164933 -0.0326571 -0.0481239 -0.0625939 -0.0758569 -0.0876482 -0.09766 -0.105727 -0.111804 -0.115818 -0.117735 -0.117679 -0.115796 -0.112213 -0.107158 -0.100918 -0.0937782 -0.0860739 -0.0781148 -0.0701001 -0.0622485 -0.0547906 -0.0478506 -0.0415236 -0.0358815 -0.0309096 -0.0266116 -0.0229872 -0.0199577 -0.0174611 -0.0154254 -0.0137445 -0.0123739 -0.0112625 -0.0103507 -0.00962573 -0.00903864 -0.00855338 -0.00816083 -0.00781745 -0.00752075 -0.00726292 -0.00702235 -0.00681526 -0.00662341 -0.00644752 -0.00629377 -0.00614226 -0.00600823 -0.00587816 -0.00575199 -0.00563786 -0.00552024 -0.00541588 -0.00531274 -0.00521592 -0.00512943 -0.00504221 -0.00496883 -0.00489388 -0.00482807 -0.00476527 -0.00470345 -0.00464958 -0.00459123 -0.00454208 -0.00448842 -0.00444105 -0.00439325 -0.00434689 -0.00430517 -0.00426079 -0.00422442 -0.00418365 -0.00415149 -0.00411569 -0.00408668 -0.00405646 -0.00402993 -0.00400515 -0.00398081 -0.00396085 -0.00393868 -0.00392269 -0.00390281 -0.00389001 -0.00387254 -0.0038623 -0.00384732 -0.00383921 -0.00382674 -0.00382052 -0.00381052 -0.00380608 -0.00379847 -0.00379582 -0.00379049 -0.00378967 -0.00378651 -0.00378763 -0.00378651 -0.00378967 -0.00379049 -0.00379582 -0.00379847 -0.00380608 -0.00381052 -0.00382052 -0.00382674 -0.00383921 -0.00384732 -0.0038623 -0.00387254 -0.00389001 -0.00390281 -0.00392269 -0.00393868 -0.00396085 -0.00398081 -0.00400515 -0.00402993 -0.00405646 -0.00408668 -0.00411569 -0.00415149 -0.00418365 -0.00422442 -0.00426079 -0.00430517 -0.00434689 -0.00439325 -0.00444105 -0.00448842 -0.00454208 -0.00459123 -0.00464958 -0.00470345 -0.00476527 -0.00482807 -0.00489388 -0.00496883 -0.00504221 -0.00512943 -0.00521592 -0.00531274 -0.00541588 -0.00552024 -0.00563786 -0.00575199 -0.00587815 -0.0060082 -0.00614218 -0.00629354 -0.0064469 -0.00662178 -0.0068112 -0.00701276 -0.00724133 -0.00747453 -0.00772341 -0.00797907 -0.00821956 -0.00845584 -0.00865727 -0.00881511 -0.00893053 -0.00896348 -0.00890969 -0.00873388 -0.00836467 -0.007768 -0.00687413 -0.0056327 -0.00406 -0.00213703 0.00013608 0.00272331 0.00562369 0.00876128 0.0119824 0.0151809 0.0182303 0.0209641 0.0232549 0.0249378 0.0258327 0.0258947 0.0251302 0.0235 0.021059 0.0179725 0.0143697 0.0103816 0.00624495 0.00222147 -0.00149198 -0.0047271 -0.00731701 -0.009125 
0 -0.0166008 -0.0329095 -0.0485984 -0.0633909 -0.0770661 -0.0893654 -0.100031 -0.108891 -0.115818 -0.120718 -0.123593 -0.124474 -0.123404 -0.120542 -0.116113 -0.110306 -0.103403 -0.0957755 -0.0876943 -0.0793847 -0.0711185 -0.0630967 -0.0554929 -0.048494 -0.0421591 -0.0364985 -0.0315603 -0.0273117 -0.0237117 -0.0207375 -0.0182783 -0.0162514 -0.0146023 -0.0132329 -0.0121128 -0.0112078 -0.0104548 -0.00985184 -0.00935421 -0.00892922 -0.00858146 -0.00826693 -0.00799117 -0.00774832 -0.00751382 -0.00731081 -0.00711504 -0.00693333 -0.00677264 -0.00661152 -0.00647359 -0.00633805 -0.00621206 -0.0060998 -0.00598361 -0.00588491 -0.00578165 -0.0056879 -0.00559908 -0.00550851 -0.00543154 -0.00534791 -0.00527829 -0.00520593 -0.00514061 -0.00508073 -0.00501934 -0.0049697 -0.00491364 -0.00487038 -0.00482121 -0.00478093 -0.00473919 -0.0047001 -0.00466515 -0.00462706 -0.0045975 -0.00456123 -0.00453551 -0.00450219 -0.00447906 -0.00444962 -0.00442831 -0.00440326 -0.00438345 -0.00436291 -0.00434459 -0.00432838 -0.00431171 -0.0042995 -0.00428472 -0.00427612 -0.00426343 -0.0042581 -0.00424767 -0.00424533 -0.00423726 -0.0042377 -0.00423208 -0.00423517 -0.00423208 -0.0042377 -0.00423726 -0.00424533 -0.00424767 -0.0042581 -0.00426343 -0.00427612 -0.00428472 -0.0042995 -0.00431171 -0.00432838 -0.00434459 -0.00436291 -0.00438345 -0.00440326 -0.00442831 -0.00444962 -0.00447906 -0.00450219 -0.00453551 -0.00456123 -0.0045975 -0.00462706 -0.00466515 -0.0047001 -0.00473919 -0.00478093 -0.00482121 -0.00487038 -0.00491364 -0.0049697 -0.00501934 -0.00508073 -0.00514061 -0.00520593 -0.00527829 -0.00534791 -0.00543154 -0.00550851 -0.00559908 -0.0056879 -0.00578165 -0.00588491 -0.00598361 -0.0060998 -0.00621206 -0.00633805 -0.00647358 -0.0066115 -0.00677258 -0.00693316 -0.00711458 -0.00730959 -0.00751076 -0.00774098 -0.00797438 -0.00823043 -0.00850601 -0.00878098 -0.00907742 -0.00936054 -0.00962497 -0.00987117 -0.0100533 -0.0101823 -0.0102316 -0.0101518 -0.009933 -0.00949321 -0.00876702 -0.00773532 -0.00633521 -0.00456985 -0.00246363 2.22723e-05 0.00285034 0.00594276 0.00923391 0.0125621 0.0157758 0.018798 0.0214681 0.0236035 0.0251159 0.0259089 0.0258959 0.0250856 0.0234947 0.0211728 0.0183104 0.015104 0.0116471 0.00808392 0.00465157 0.00152716 -0.00116568 -0.00326471 -0.00465606 
0 -0.0163447 -0.0324467 -0.0480558 -0.0629064 -0.0767326 -0.0893136 -0.100471 -0.110004 -0.117735 -0.123593 -0.127527 -0.129439 -0.129348 -0.127437 -0.123856 -0.118762 -0.112431 -0.105137 -0.0971315 -0.0887393 -0.0802195 -0.0717636 -0.0636393 -0.0560383 -0.0490305 -0.0427146 -0.0371161 -0.032203 -0.0280111 -0.0244913 -0.0215481 -0.0191391 -0.0171459 -0.0154841 -0.0141297 -0.0129964 -0.0120651 -0.0113159 -0.0106812 -0.0101692 -0.00973703 -0.00935348 -0.00903451 -0.00873252 -0.0084635 -0.00822238 -0.00798469 -0.0077824 -0.00758288 -0.00740196 -0.00724151 -0.00707891 -0.00694386 -0.00680449 -0.0066796 -0.00656391 -0.00644434 -0.0063449 -0.00623525 -0.0061428 -0.00604861 -0.00595878 -0.00588048 -0.00579502 -0.00572813 -0.0056515 -0.00559038 -0.00552573 -0.00546686 -0.00541415 -0.0053571 -0.00531364 -0.00526004 -0.00522224 -0.00517419 -0.00513904 -0.00509796 -0.0050638 -0.00503001 -0.00499647 -0.00496937 -0.00493695 -0.00491546 -0.004885 -0.00486794 -0.00484029 -0.00482666 -0.00480241 -0.00479153 -0.00477101 -0.00476245 -0.00474574 -0.00473934 -0.00472634 -0.00472211 -0.00471261 -0.00471067 -0.00470443 -0.00470497 -0.00470171 -0.00470497 -0.00470443 -0.00471067 -0.00471261 -0.00472211 -0.00472634 -0.00473934 -0.00474574 -0.00476245 -0.00477101 -0.00479153 -0.00480241 -0.00482666 -0.00484029 -0.00486794 -0.004885 -0.00491546 -0.00493695 -0.00496937 -0.00499647 -0.00503001 -0.0050638 -0.00509796 -0.00513904 -0.00517419 -0.00522224 -0.00526004 -0.00531364 -0.0053571 -0.00541415 -0.00546686 -0.00552573 -0.00559038 -0.0056515 -0.00572813 -0.00579502 -0.00588048 -0.00595878 -0.00604861 -0.0061428 -0.00623525 -0.0063449 -0.00644434 -0.00656391 -0.0066796 -0.00680449 -0.00694386 -0.0070789 -0.0072415 -0.00740192 -0.00758276 -0.00778207 -0.0079838 -0.0082201 -0.00845794 -0.00871962 -0.00900604 -0.00929368 -0.00961759 -0.00994241 -0.0102718 -0.0106126 -0.0109136 -0.0111948 -0.0114244 -0.0115629 -0.0116228 -0.0115285 -0.011235 -0.0107112 -0.00985696 -0.00866204 -0.00711892 -0.00517256 -0.00285481 -0.00016751 0.00288939 0.00617216 0.00955333 0.0129369 0.0161542 0.0190927 0.0216562 0.0236557 0.0249885 0.0256585 0.0255995 0.0247718 0.023276 0.0212314 0.0187493 0.015993 0.0131189 0.0102523 0.00753441 0.00509455 0.00303915 0.00148622 0.000502827 
0 -0.0158029 -0.0313945 -0.0466062 -0.061222 -0.074971 -0.087651 -0.0991187 -0.109188 -0.117679 -0.124474 -0.129439 -0.132461 -0.133555 -0.132786 -0.130244 -0.12612 -0.120607 -0.113873 -0.106228 -0.0980056 -0.089415 -0.0807234 -0.0722173 -0.0640642 -0.056454 -0.0495259 -0.0432691 -0.0377281 -0.032929 -0.0287975 -0.0253278 -0.0224511 -0.0200385 -0.0180594 -0.0164191 -0.0150416 -0.0139276 -0.0129902 -0.0122102 -0.0115764 -0.0110165 -0.0105541 -0.0101509 -0.00978295 -0.00947826 -0.00918345 -0.00892562 -0.00869272 -0.00846016 -0.00826472 -0.00806198 -0.00788122 -0.00771388 -0.00754375 -0.0074046 -0.00725509 -0.00713066 -0.00700938 -0.00689185 -0.00679489 -0.00668545 -0.00660115 -0.00650475 -0.00642273 -0.0063418 -0.00625861 -0.00619088 -0.00610949 -0.00604991 -0.00597577 -0.00591963 -0.00585686 -0.00580176 -0.00575147 -0.00569753 -0.00565813 -0.00560701 -0.00557551 -0.00552922 -0.00550256 -0.00546263 -0.00543847 -0.00540559 -0.00538261 -0.00535671 -0.00533443 -0.00531497 -0.0052935 -0.0052797 -0.00525945 -0.00525051 -0.00523196 -0.00522724 -0.0052108 -0.00520979 -0.0051958 -0.00519815 -0.00518685 -0.00519233 -0.00518387 -0.00519233 -0.00518685 -0.00519815 -0.0051958 -0.00520979 -0.0052108 -0.00522724 -0.00523196 -0.00525051 -0.00525945 -0.0052797 -0.0052935 -0.00531497 -0.00533443 -0.00535671 -0.00538261 -0.00540559 -0.00543847 -0.00546263 -0.00550256 -0.00552922 -0.00557551 -0.00560701 -0.00565813 -0.00569753 -0.00575147 -0.00580176 -0.00585686 -0.00591963 -0.00597577 -0.00604991 -0.00610949 -0.00619088 -0.00625861 -0.0063418 -0.00642273 -0.00650475 -0.00660115 -0.00668545 -0.00679489 -0.00689185 -0.00700938 -0.00713066 -0.00725509 -0.0074046 -0.00754375 -0.00771388 -0.00788121 -0.00806195 -0.00826463 -0.00845993 -0.00869207 -0.00892395 -0.0091793 -0.00946849 -0.00976104 -0.0101041 -0.0104591 -0.0108329 -0.0112391 -0.0116208 -0.0120088 -0.0123674 -0.0126642 -0.0129292 -0.013093 -0.0131403 -0.0130446 -0.0126901 -0.0120551 -0.0110846 -0.00970861 -0.00797045 -0.00583824 -0.00328201 -0.000379852 0.00283774 0.00627317 0.00973454 0.0131372 0.0163755 0.0192512 0.0216555 0.0235057 0.0246964 0.0252328 0.0251415 0.024396 0.0230824 0.021374 0.0193643 0.0171417 0.0148819 0.0127386 0.0107878 0.00909409 0.00772479 0.00672045 0.00610323 
0 -0.0150232 -0.0298647 -0.0444075 -0.0585038 -0.0719418 -0.0845446 -0.0961739 -0.106658 -0.115796 -0.123404 -0.129348 -0.133555 -0.135946 -0.136452 -0.135155 -0.132203 -0.127684 -0.121776 -0.114779 -0.106933 -0.0985028 -0.0898093 -0.0810673 -0.07251 -0.0644183 -0.0568981 -0.0500194 -0.043877 -0.0384308 -0.0336864 -0.0296657 -0.0262523 -0.0234011 -0.0210472 -0.019054 -0.0174106 -0.0160459 -0.0148858 -0.0139491 -0.0131487 -0.012471 -0.0119149 -0.0114054 -0.0109805 -0.0105986 -0.0102419 -0.00994489 -0.00964712 -0.00939106 -0.00915404 -0.00891994 -0.00872748 -0.00852202 -0.00834919 -0.0081811 -0.0080155 -0.00787911 -0.00772568 -0.00760537 -0.00747446 -0.00735811 -0.00725302 -0.00713923 -0.0070536 -0.00694871 -0.00687214 -0.00678298 -0.00670776 -0.00663647 -0.0065606 -0.00650412 -0.0064302 -0.00638274 -0.00631509 -0.00627113 -0.00621319 -0.00616929 -0.00612248 -0.00607763 -0.00604141 -0.0059964 -0.00596904 -0.00592552 -0.00590486 -0.00586454 -0.00584868 -0.00581288 -0.00580039 -0.00576986 -0.00575989 -0.00573489 -0.00572706 -0.00570747 -0.00570175 -0.00568722 -0.00568381 -0.00567386 -0.0056731 -0.00566721 -0.00566954 -0.00566721 -0.0056731 -0.00567386 -0.00568381 -0.00568722 -0.00570175 -0.00570747 -0.00572706 -0.00573489 -0.00575989 -0.00576986 -0.00580039 -0.00581288 -0.00584868 -0.00586454 -0.00590486 -0.00592552 -0.00596904 -0.0059964 -0.00604141 -0.00607763 -0.00612248 -0.00616929 -0.00621319 -0.00627113 -0.00631509 -0.00638274 -0.0064302 -0.00650412 -0.0065606 -0.00663647 -0.00670776 -0.00678298 -0.00687214 -0.00694871 -0.0070536 -0.00713923 -0.00725302 -0.00735811 -0.00747446 -0.00760537 -0.00772568 -0.00787911 -0.0080155 -0.0081811 -0.00834919 -0.00852202 -0.00872746 -0.00891988 -0.00915388 -0.00939059 -0.00964591 -0.00994183 -0.0102346 -0.0105819 -0.0109444 -0.0113307 -0.0117681 -0.0121966 -0.0126605 -0.013122 -0.0135487 -0.0139766 -0.0143313 -0.0146215 -0.0148349 -0.0148706 -0.0147247 -0.0143078 -0.0135261 -0.0124002 -0.0108623 -0.00889516 -0.00654728 -0.00376931 -0.00062152 0.00275364 0.00629383 0.00985685 0.0132841 0.0165016 0.0193347 0.0216006 0.0232839 0.024375 0.0248352 0.0247221 0.024119 0.0230924 0.0217516 0.0202098 0.0185744 0.0169914 0.0155718 0.0143504 0.0133677 0.0126571 0.0121812 0.0119185 
0 -0.0140291 -0.0279377 -0.0416182 -0.0549696 -0.0678877 -0.0802441 -0.0918732 -0.102593 -0.112213 -0.120542 -0.127437 -0.132786 -0.136452 -0.138339 -0.138451 -0.136811 -0.133492 -0.128668 -0.122517 -0.115266 -0.107264 -0.0987759 -0.0900098 -0.0812783 -0.0728146 -0.0647706 -0.0573457 -0.0505932 -0.0445129 -0.0391896 -0.0345731 -0.0306101 -0.0272957 -0.0244842 -0.0221147 -0.0201517 -0.0184713 -0.0170836 -0.0159337 -0.0149445 -0.0141453 -0.0134449 -0.0128369 -0.012327 -0.0118406 -0.011432 -0.0110534 -0.0106998 -0.0104064 -0.010107 -0.00985915 -0.00962157 -0.00939337 -0.00920485 -0.00899701 -0.00883078 -0.00865481 -0.00849262 -0.00835084 -0.00819341 -0.00807504 -0.00793444 -0.00782516 -0.00771089 -0.00760295 -0.00751457 -0.0074093 -0.00733814 -0.00724193 -0.00717737 -0.00709604 -0.00703083 -0.00696634 -0.00689848 -0.00684875 -0.00678034 -0.00674099 -0.00667596 -0.00664231 -0.00658438 -0.00655288 -0.0065044 -0.00647308 -0.00643489 -0.00640321 -0.00637493 -0.00634326 -0.00632381 -0.00629299 -0.00628108 -0.00625202 -0.00624642 -0.0062199 -0.00621963 -0.00619621 -0.00620059 -0.00618062 -0.00618919 -0.00617288 -0.0061854 -0.00617288 -0.00618919 -0.00618062 -0.00620059 -0.00619621 -0.00621963 -0.0062199 -0.00624642 -0.00625202 -0.00628108 -0.00629299 -0.00632381 -0.00634326 -0.00637493 -0.00640321 -0.00643489 -0.00647308 -0.0065044 -0.00655288 -0.00658438 -0.00664231 -0.00667596 -0.00674099 -0.00678034 -0.00684875 -0.00689848 -0.00696634 -0.00703083 -0.00709604 -0.00717737 -0.00724193 -0.00733814 -0.0074093 -0.00751457 -0.00760295 -0.00771089 -0.00782516 -0.00793444 -0.00807504 -0.00819341 -0.00835084 -0.00849262 -0.00865481 -0.00883078 -0.00899701 -0.00920484 -0.00939336 -0.00962153 -0.00985903 -0.0101067 -0.0104055 -0.0106976 -0.011048 -0.0114195 -0.011813 -0.012269 -0.012721 -0.0132244 -0.0137459 -0.0142556 -0.0148004 -0.0153008 -0.015779 -0.0162273 -0.0165588 -0.0167948 -0.0168388 -0.016598 -0.0160677 -0.0151373 -0.0137957 -0.012072 -0.0098862 -0.00727026 -0.00426871 -0.000890228 0.00269824 0.00635466 0.0100142 0.0135011 0.0166591 0.0193979 0.0215814 0.0231593 0.0241819 0.0246436 0.0245701 0.0241034 0.0233691 0.0224342 0.0213856 0.0203476 0.0194359 0.018701 0.0181404 0.0177752 0.0176229 0.0176258 0.01773 
0 -0.0128644 -0.0256894 -0.0383751 -0.0508541 -0.063108 -0.0750346 -0.0864472 -0.0971995 -0.107158 -0.116113 -0.123856 -0.130244 -0.135155 -0.138451 -0.140009 -0.139786 -0.137851 -0.134286 -0.129192 -0.122824 -0.115479 -0.107388 -0.098843 -0.0901249 -0.0814332 -0.0730457 -0.065167 -0.057851 -0.0512144 -0.0452961 -0.0400548 -0.035545 -0.0316959 -0.0284037 -0.0256552 -0.0233125 -0.0213192 -0.0196662 -0.0182361 -0.0170469 -0.0160512 -0.0151741 -0.0144578 -0.0138125 -0.0132462 -0.0127658 -0.0122986 -0.0119092 -0.0115361 -0.0111901 -0.0108966 -0.010591 -0.0103437 -0.0100938 -0.00986641 -0.0096723 -0.00946239 -0.00930315 -0.00912237 -0.00897375 -0.00882891 -0.00868044 -0.00856491 -0.00842177 -0.00832079 -0.00819433 -0.00809522 -0.00799278 -0.00789111 -0.00781195 -0.00771115 -0.00764842 -0.00755548 -0.00750068 -0.00742174 -0.00736836 -0.00730626 -0.00725128 -0.00720542 -0.00714892 -0.00711642 -0.00706035 -0.00703747 -0.00698433 -0.00696765 -0.00691961 -0.00690659 -0.0068651 -0.00685422 -0.00681995 -0.00681057 -0.00678356 -0.00677568 -0.00675553 -0.00674954 -0.00673563 -0.00673214 -0.00672374 -0.00672345 -0.00671978 -0.00672345 -0.00672374 -0.00673214 -0.00673563 -0.00674954 -0.00675553 -0.00677568 -0.00678356 -0.00681057 -0.00681995 -0.00685422 -0.0068651 -0.00690659 -0.00691961 -0.00696765 -0.00698433 -0.00703747 -0.00706035 -0.00711642 -0.00714892 -0.00720542 -0.00725128 -0.00730626 -0.00736836 -0.00742174 -0.00750068 -0.00755548 -0.00764842 -0.00771115 -0.00781195 -0.00789111 -0.00799278 -0.00809522 -0.00819433 -0.00832079 -0.00842177 -0.00856491 -0.00868044 -0.00882891 -0.00897375 -0.00912236 -0.00930315 -0.00946239 -0.0096723 -0.0098664 -0.0100938 -0.0103437 -0.0105909 -0.0108964 -0.0111895 -0.0115345 -0.0119053 -0.0122894 -0.0127451 -0.0132019 -0.0137222 -0.0142828 -0.0148513 -0.0154842 -0.0160973 -0.0167165 -0.017335 -0.0178745 -0.0183804 -0.0187685 -0.0189727 -0.0189816 -0.0186515 -0.0179525 -0.0168697 -0.0153137 -0.0133251 -0.0108888 -0.00796094 -0.00465618 -0.00105699 0.00274532 0.00656342 0.0102964 0.0138349 0.0169746 0.0196139 0.0217335 0.0232878 0.0242771 0.0247539 0.0247891 0.0245024 0.0240262 0.0234674 0.0229292 0.022487 0.022173 0.022014 0.0220263 0.0221941 0.0224901 0.0228819 0.0233167 
0 -0.0116027 -0.0232321 -0.0348355 -0.0463765 -0.0578482 -0.06916 -0.0801753 -0.090803 -0.100918 -0.110306 -0.118762 -0.12612 -0.132203 -0.136811 -0.139786 -0.141046 -0.140579 -0.138403 -0.13461 -0.129369 -0.12288 -0.115427 -0.107324 -0.0987927 -0.0901034 -0.0815561 -0.0733219 -0.0655722 -0.0584453 -0.0519425 -0.0461358 -0.041063 -0.0366435 -0.0328809 -0.0296867 -0.0269346 -0.0246207 -0.0226313 -0.0209218 -0.0195003 -0.018256 -0.0172128 -0.016326 -0.015528 -0.0148676 -0.0142548 -0.0137133 -0.0132434 -0.0127819 -0.0123996 -0.0120227 -0.011684 -0.0113889 -0.0110847 -0.0108437 -0.0105873 -0.010369 -0.010167 -0.00995932 -0.00979886 -0.00960962 -0.00946811 -0.00930962 -0.00917063 -0.00904619 -0.00890712 -0.00880856 -0.00867721 -0.00859111 -0.00847733 -0.00839268 -0.00830185 -0.00821415 -0.00814535 -0.00805618 -0.00800397 -0.00791827 -0.00787575 -0.00779877 -0.00776007 -0.00769548 -0.00765693 -0.00760625 -0.00756642 -0.0075293 -0.0074884 -0.00746335 -0.00742248 -0.00740759 -0.00736811 -0.00736151 -0.00732464 -0.00732484 -0.00729149 -0.00729744 -0.00726818 -0.0072792 -0.00725433 -0.0072701 -0.00724974 -0.0072701 -0.00725433 -0.0072792 -0.00726818 -0.00729744 -0.00729149 -0.00732484 -0.00732464 -0.00736151 -0.00736811 -0.00740759 -0.00742248 -0.00746335 -0.0074884 -0.0075293 -0.00756642 -0.00760625 -0.00765693 -0.00769548 -0.00776007 -0.00779877 -0.00787575 -0.00791827 -0.00800397 -0.00805618 -0.00814535 -0.00821415 -0.00830185 -0.00839268 -0.00847733 -0.00859111 -0.00867721 -0.00880856 -0.00890712 -0.00904619 -0.00917063 -0.00930962 -0.00946811 -0.00960962 -0.00979886 -0.00995932 -0.010167 -0.010369 -0.0105873 -0.0108437 -0.0110847 -0.0113888 -0.0116839 -0.0120223 -0.0123984 -0.0127791 -0.0132367 -0.0136979 -0.0142213 -0.0147982 -0.015391 -0.0160685 -0.0167519 -0.0174697 -0.0182195 -0.0189242 -0.0196356 -0.0202775 -0.0208093 -0.0212325 -0.0214092 -0.0213069 -0.020866 -0.0199749 -0.0186605 -0.0168753 -0.0145653 -0.0117839 -0.00852534 -0.00486697 -0.000990709 0.0030076 0.00700728 0.01084 0.014395 0.0175401 0.0201549 0.0222292 0.0237707 0.0247654 0.025268 0.0254172 0.0253557 0.0251709 0.0249522 0.0248387 0.0249033 0.0251007 0.0254158 0.0258935 0.0265014 0.0271546 0.0278274 0.0284862 
0 -0.0103285 -0.0207142 -0.0311771 -0.0417115 -0.0522896 -0.0628622 -0.0733717 -0.0837233 -0.0937782 -0.103403 -0.112431 -0.120607 -0.127684 -0.133492 -0.137851 -0.140579 -0.141596 -0.140911 -0.138556 -0.134596 -0.129206 -0.122654 -0.115196 -0.107088 -0.0986248 -0.0900565 -0.0816274 -0.0735856 -0.0660396 -0.0590705 -0.0527763 -0.0471421 -0.0421892 -0.037921 -0.0342219 -0.0310627 -0.028367 -0.0260242 -0.0240442 -0.0223339 -0.0208531 -0.0196096 -0.0185001 -0.0175528 -0.0167256 -0.0159682 -0.0153316 -0.0147309 -0.0142053 -0.0137406 -0.0132898 -0.0129171 -0.0125409 -0.0122135 -0.0119127 -0.0116114 -0.0113676 -0.0111013 -0.0108871 -0.0106696 -0.0104675 -0.0102982 -0.0101085 -0.00997155 -0.00980453 -0.00968033 -0.00954422 -0.00942059 -0.009315 -0.00919062 -0.00910727 -0.00898837 -0.00891615 -0.00881067 -0.00874058 -0.00865387 -0.00858139 -0.00851462 -0.0084396 -0.00839051 -0.00831554 -0.00828003 -0.00820866 -0.0081824 -0.0081178 -0.00809726 -0.00804153 -0.00802434 -0.00797847 -0.00796341 -0.00792744 -0.00791418 -0.00788752 -0.00787632 -0.00785807 -0.00784953 -0.00783865 -0.00783357 -0.007829 -0.00782827 -0.007829 -0.00783357 -0.00783865 -0.00784953 -0.00785807 -0.00787632 -0.00788752 -0.00791418 -0.00792744 -0.00796341 -0.00797847 -0.00802434 -0.00804153 -0.00809726 -0.0081178 -0.0081824 -0.00820866 -0.00828003 -0.00831554 -0.00839051 -0.0084396 -0.00851462 -0.00858139 -0.00865387 -0.00874058 -0.00881067 -0.00891615 -0.00898837 -0.00910727 -0.00919062 -0.009315 -0.00942059 -0.00954422 -0.00968033 -0.00980453 -0.00997155 -0.0101085 -0.0102982 -0.0104675 -0.0106696 -0.0108871 -0.0111013 -0.0113676 -0.0116114 -0.0119126 -0.0122135 -0.0125408 -0.0129168 -0.013289 -0.0137386 -0.0142004 -0.0147196 -0.0153066 -0.0159156 -0.0166197 -0.01735 -0.0181303 -0.0189666 -0.0197862 -0.0206407 -0.0214645 -0.0222327 -0.0229596 -0.0235331 -0.023932 -0.0240764 -0.0238377 -0.0232028 -0.0220919 -0.02046 -0.0183331 -0.0156556 -0.0124489 -0.00881133 -0.00481995 -0.000627482 0.00361073 0.00779551 0.011772 0.0153719 0.018501 0.0211094 0.0231673 0.0246741 0.0256765 0.0262647 0.0265531 0.0266809 0.0267688 0.0268853 0.027108 0.0275146 0.0280958 0.0288108 0.0296559 0.030582 0.0314915 0.0323438 0.0331119 
