0 0 0 0 0 0 0 0 0 0 0 0 0 0 0 0 0 0 0 0 0 0 0 0 0 0 0 0 0 0 0 0 0 0 0 0 0 0 0 0 0 0 0 0 0 0 0 0 0 0 0 0 0 0 0 0 0 0 0 0 0 0 0 0 0 0 0 0 0 0 0 0 0 0 0 0 0 0 0 0 0 0 0 0 0 0 0 0 0 0 0 0 0 0 0 0 0 0 0 0 0 0 0 0 0 0 0 0 0 0 0 0 0 0 0 0 0 0 0 0 0 0 0 0 0 0 0 0 0 0 0 0 0 0 0 0 0 0 0 0 0 0 0 0 0 0 0 0 0 0 0 0 0 0 0 0 0 0 0 0 0 0 0 0 0 0 0 0 0 0 0 0 0 0 0 0 0 0 0 0 0 0 0 0 0 0 0 0 0 0 0 0 0 0 0 0 0 0 0 0 
0 -0.00222528 -0.00433926 -0.00634955 -0.00828858 -0.0100871 -0.0116315 -0.0128824 -0.0138686 -0.0146048 -0.0150551 -0.0151666 -0.0149404 -0.014453 -0.0137835 -0.0129499 -0.0119519 -0.0108319 -0.00966395 -0.00851811 -0.00743697 -0.00642739 -0.00548756 -0.00463284 -0.00388329 -0.00325051 -0.00273532 -0.00232203 -0.00198878 -0.00171963 -0.00150049 -0.0013217 -0.00117822 -0.00106291 -0.000971045 -0.000899716 -0.000844387 -0.000803297 -0.000773723 -0.000751594 -0.000734804 -0.000719547 -0.000703589 -0.000686486 -0.000667222 -0.000647475 -0.000628272 -0.000610564 -0.000596002 -0.000584061 -0.000575063 -0.000568126 -0.000561984 -0.000556312 -0.000549628 -0.000542068 -0.000533246 -0.000523281 -0.000512984 -0.000502296 -0.000492357 -0.000483112 -0.000475148 -0.000468595 -0.000463214 -0.000459293 -0.000456083 -0.00045384 -0.000451831 -0.0004501 -0.000448299 -0.000446211 -0.000443953 -0.000441127 -0.000438167 -0.000434647 -0.000431086 -0.000427162 -0.000423285 -0.000419314 -0.000415445 -0.000411733 -0.000408139 -0.000404883 -0.000401734 -0.000399024 -0.000396396 -0.000394236 -0.000392129 -0.000390473 -0.000388844 -0.000387621 -0.000386404 -0.000385541 -0.000384671 -0.000384105 -0.000383523 -0.000383208 -0.000382872 -0.000382778 -0.00038266 -0.000382778 -0.000382872 -0.000383208 -0.000383523 -0.000384105 -0.000384671 -0.000385541 -0.000386404 -0.000387621 -0.000388844 -0.000390473 -0.000392129 -0.000394236 -0.000396396 -0.000399024 -0.000401734 -0.000404883 -0.000408139 -0.000411733 -0.000415445 -0.000419314 -0.000423285 -0.000427162 -0.000431086 -0.000434647 -0.000438167 -0.000441127 -0.000443953 -0.000446211 -0.000448299 -0.0004501 -0.000451831 -0.00045384 -0.000456083 -0.000459293 -0.000463214 -0.000468595 -0.000475148 -0.000483112 -0.000492357 -0.000502296 -0.000512984 -0.000523281 -0.000533246 -0.000542068 -0.000549628 -0.000556312 -0.000561984 -0.000568126 -0.000575063 -0.000584061 -0.000596001 -0.000610563 -0.000628269 -0.000647465 -0.000667189 -0.000686388 -0.000703312 -0.000718811 -0.000732946 -0.000747158 -0.000763696 -0.000781851 -0.000801031 -0.000816936 -0.000821874 -0.000809285 -0.000771129 -0.000703576 -0.000608785 -0.000488315 -0.000343455 -0.000166639 6.49977e-05 0.000377344 0.000789873 0.00130281 0.00188673 0.00250509 0.00313854 0.00378308 0.00443645 0.00506704 0.00559784 0.00595223 0.00609711 0.00602051 0.00569729 0.00508889 0.004173 0.00298579 0.00160639 7.6658e-05 -0.00159223 -0.00330427 -0.00488229 -0.00623017 -0.00736393 -0.00824246 
0 -0.00433926 -0.00857898 -0.0126368 -0.016444 -0.0199262 -0.0229913 -0.0255477 -0.0275465 -0.0289812 -0.0298323 -0.0300616 -0.0296856 -0.0287962 -0.0274853 -0.025807 -0.0238205 -0.0216243 -0.0193455 -0.0171027 -0.0149615 -0.012938 -0.011049 -0.00933139 -0.00782719 -0.00656543 -0.0055415 -0.00471736 -0.00404832 -0.00349646 -0.00303616 -0.0026579 -0.00235559 -0.00212104 -0.00194568 -0.00181563 -0.00171736 -0.0016409 -0.00157675 -0.00152077 -0.00147108 -0.00142589 -0.00138633 -0.00135146 -0.00132059 -0.00129348 -0.00126786 -0.00124348 -0.0012192 -0.00119437 -0.00116986 -0.00114517 -0.00112163 -0.00109951 -0.0010791 -0.0010612 -0.00104501 -0.00103104 -0.00101838 -0.00100674 -0.000995858 -0.000984856 -0.000974127 -0.000962841 -0.000951533 -0.000939939 -0.000928274 -0.000916916 -0.000905644 -0.000895187 -0.000885077 -0.000875994 -0.000867511 -0.00085997 -0.000853191 -0.000847093 -0.000841799 -0.00083689 -0.000832722 -0.000828705 -0.000825301 -0.000821916 -0.00081899 -0.000816048 -0.000813422 -0.000810814 -0.000808404 -0.000806084 -0.000803878 -0.000801845 -0.000799871 -0.000798147 -0.000796449 -0.000795065 -0.00079369 -0.000792677 -0.000791667 -0.000791048 -0.000790431 -0.000790223 -0.000790015 -0.000790223 -0.000790431 -0.000791048 -0.000791667 -0.000792677 -0.00079369 -0.000795065 -0.000796449 -0.000798147 -0.000799871 -0.000801845 -0.000803878 -0.000806084 -0.000808404 -0.000810814 -0.000813422 -0.000816048 -0.00081899 -0.000821916 -0.000825301 -0.000828705 -0.000832722 -0.00083689 -0.000841799 -0.000847093 -0.000853191 -0.00085997 -0.000867511 -0.000875994 -0.000885077 -0.000895187 -0.000905644 -0.000916916 -0.000928274 -0.000939939 -0.000951533 -0.000962841 -0.000974127 -0.000984856 -0.000995858 -0.00100674 -0.00101838 -0.00103104 -0.00104501 -0.0010612 -0.0010791 -0.00109951 -0.00112163 -0.00114517 -0.00116986 -0.00119437 -0.0012192 -0.00124347 -0.00126785 -0.00129345 -0.0013205 -0.0013512 -0.00138562 -0.00142405 -0.00146656 -0.00151024 -0.00155349 -0.00159226 -0.00162108 -0.00163539 -0.00162669 -0.00158733 -0.00151049 -0.00138818 -0.00121725 -0.000993 -0.000703359 -0.000328737 0.000165144 0.000815788 0.00164156 0.0026343 0.00375665 0.00496001 0.00621719 0.00751404 0.0088115 0.0100234 0.011021 0.0116816 0.0119435 0.0117783 0.0111281 0.0099186 0.0081253 0.00580547 0.00307415 5.11899e-05 -0.00315727 -0.00640623 -0.00948507 -0.0121945 -0.014406 -0.0160084 
0 -0.00634955 -0.0126368 -0.0186796 -0.0242863 -0.0293769 -0.0338975 -0.0377259 -0.0407377 -0.0428772 -0.0441307 -0.0445087 -0.0440565 -0.0428382 -0.0409366 -0.0384731 -0.0355848 -0.0324061 -0.0290901 -0.0257847 -0.0225869 -0.0195583 -0.0167491 -0.0142008 -0.0119598 -0.0100599 -0.0084917 -0.00721618 -0.00618158 -0.00533189 -0.0046309 -0.00405852 -0.00359734 -0.00323713 -0.00296325 -0.00275562 -0.00259934 -0.00247747 -0.0023774 -0.00229358 -0.00221907 -0.00215274 -0.00209388 -0.00203983 -0.00199187 -0.00194753 -0.00190592 -0.00186723 -0.00182896 -0.00179252 -0.00175687 -0.00172214 -0.00168965 -0.00165814 -0.00162939 -0.00160241 -0.00157745 -0.0015548 -0.00153309 -0.00151343 -0.00149417 -0.00147603 -0.00145842 -0.00144102 -0.00142454 -0.00140787 -0.00139231 -0.00137676 -0.0013622 -0.00134818 -0.00133483 -0.00132253 -0.00131058 -0.00129993 -0.00128947 -0.00128025 -0.00127123 -0.00126318 -0.00125546 -0.00124835 -0.00124174 -0.00123541 -0.00122974 -0.00122409 -0.0012192 -0.0012142 -0.00120999 -0.00120561 -0.00120202 -0.00119826 -0.00119527 -0.00119214 -0.00118972 -0.00118723 -0.0011854 -0.00118355 -0.0011823 -0.00118109 -0.00118044 -0.00117985 -0.00117982 -0.00117985 -0.00118044 -0.00118109 -0.0011823 -0.00118355 -0.0011854 -0.00118723 -0.00118972 -0.00119214 -0.00119527 -0.00119826 -0.00120202 -0.00120561 -0.00120999 -0.0012142 -0.0012192 -0.00122409 -0.00122974 -0.00123541 -0.00124174 -0.00124835 -0.00125546 -0.00126318 -0.00127123 -0.00128025 -0.00128947 -0.00129993 -0.00131058 -0.00132253 -0.00133483 -0.00134818 -0.0013622 -0.00137676 -0.00139231 -0.00140787 -0.00142454 -0.00144102 -0.00145842 -0.00147603 -0.00149417 -0.00151343 -0.00153309 -0.0015548 -0.00157745 -0.00160241 -0.00162939 -0.00165814 -0.00168965 -0.00172214 -0.00175687 -0.00179252 -0.00182896 -0.00186722 -0.0019059 -0.00194746 -0.00199166 -0.00203926 -0.00209237 -0.00214896 -0.00221009 -0.00227332 -0.00233407 -0.00238961 -0.00243053 -0.00244837 -0.00243356 -0.00237146 -0.00225362 -0.00207052 -0.0018118 -0.00147014 -0.00102352 -0.000437823 0.000325904 0.00131076 0.00253474 0.00397998 0.00561186 0.00738234 0.00924283 0.011147 0.0130091 0.014697 0.0160716 0.0169987 0.0173597 0.0170656 0.0160371 0.0142143 0.0116068 0.00828141 0.00433357 -6.50068e-05 -0.00466397 -0.00923954 -0.0136122 -0.0175353 -0.0207 -0.0229038 
0 -0.00828858 -0.016444 -0.0242863 -0.0316227 -0.0382944 -0.0441787 -0.0491715 -0.0531619 -0.0560355 -0.0577442 -0.0583356 -0.0578697 -0.0563869 -0.053993 -0.0508732 -0.0472093 -0.043164 -0.0389042 -0.0345862 -0.0303585 -0.026357 -0.022663 -0.0193182 -0.0163608 -0.0138074 -0.0116534 -0.00988041 -0.0084384 -0.0072676 -0.00632043 -0.00555077 -0.00492751 -0.00443189 -0.00404003 -0.00373608 -0.0035044 -0.00332492 -0.00318694 -0.00307678 -0.00298306 -0.00290183 -0.00282491 -0.00275136 -0.00268114 -0.00261212 -0.00254846 -0.0024889 -0.00243458 -0.00238677 -0.00234238 -0.00230309 -0.00226576 -0.00222983 -0.00219534 -0.00215982 -0.00212556 -0.00209066 -0.00205682 -0.00202441 -0.00199299 -0.0019647 -0.00193766 -0.00191395 -0.00189193 -0.00187216 -0.0018544 -0.00183743 -0.00182238 -0.00180712 -0.00179328 -0.00177897 -0.00176541 -0.00175172 -0.00173814 -0.00172503 -0.00171164 -0.00169927 -0.00168649 -0.00167504 -0.0016633 -0.00165294 -0.00164255 -0.00163338 -0.00162448 -0.00161653 -0.00160912 -0.00160237 -0.00159638 -0.00159076 -0.00158606 -0.0015815 -0.00157796 -0.00157438 -0.00157187 -0.00156921 -0.00156764 -0.00156584 -0.00156515 -0.00156418 -0.00156433 -0.00156418 -0.00156515 -0.00156584 -0.00156764 -0.00156921 -0.00157187 -0.00157438 -0.00157796 -0.0015815 -0.00158606 -0.00159076 -0.00159638 -0.00160237 -0.00160912 -0.00161653 -0.00162448 -0.00163338 -0.00164255 -0.00165294 -0.0016633 -0.00167504 -0.00168649 -0.00169927 -0.00171164 -0.00172503 -0.00173814 -0.00175172 -0.00176541 -0.00177897 -0.00179328 -0.00180712 -0.00182238 -0.00183743 -0.0018544 -0.00187216 -0.00189193 -0.00191395 -0.00193766 -0.0019647 -0.00199299 -0.00202441 -0.00205682 -0.00209066 -0.00212556 -0.00215982 -0.00219534 -0.00222983 -0.00226576 -0.00230309 -0.00234238 -0.00238677 -0.00243458 -0.00248888 -0.00254841 -0.00261196 -0.00268069 -0.00275017 -0.00282189 -0.00289455 -0.0029664 -0.00304056 -0.00311218 -0.00317854 -0.00323258 -0.00325726 -0.00323935 -0.00315872 -0.00299657 -0.00274445 -0.00238684 -0.00190869 -0.00128743 -0.00047732 0.000565165 0.00187511 0.00347427 0.00534584 0.00745471 0.0097583 0.0121774 0.014605 0.0169166 0.0189648 0.020613 0.0217304 0.0221398 0.0216629 0.0202127 0.017791 0.0144447 0.0102456 0.00529016 -0.000238708 -0.00602644 -0.0117376 -0.0171234 -0.0219334 -0.0258443 -0.0285987 
0 -0.0100871 -0.0199262 -0.0293769 -0.0382944 -0.0464416 -0.0536133 -0.0597103 -0.0646245 -0.0682131 -0.0704286 -0.0713215 -0.0709296 -0.0693017 -0.0665731 -0.0629378 -0.0586141 -0.0538251 -0.0487461 -0.0435295 -0.0383681 -0.0334427 -0.0288698 -0.0247276 -0.0210499 -0.0178363 -0.0150931 -0.0128039 -0.0109187 -0.00938748 -0.00814823 -0.00714104 -0.00633244 -0.00568715 -0.00517655 -0.00478286 -0.00447629 -0.00423693 -0.00404917 -0.0038925 -0.00376171 -0.00364797 -0.00354447 -0.00345328 -0.00336742 -0.00328818 -0.00321505 -0.00314373 -0.00307829 -0.00301445 -0.0029538 -0.00289732 -0.00284194 -0.00279185 -0.00274337 -0.00269855 -0.00265714 -0.00261694 -0.00258086 -0.0025449 -0.0025119 -0.00247966 -0.00244836 -0.00241909 -0.00238936 -0.00236234 -0.00233482 -0.00230966 -0.00228503 -0.00226175 -0.00224025 -0.0022191 -0.00220052 -0.00218174 -0.00216561 -0.00214926 -0.00213504 -0.00212101 -0.00210826 -0.00209628 -0.00208473 -0.00207449 -0.00206402 -0.00205522 -0.00204579 -0.00203821 -0.00202985 -0.00202334 -0.00201608 -0.00201055 -0.00200442 -0.00199985 -0.00199487 -0.00199126 -0.00198743 -0.0019848 -0.0019821 -0.00198049 -0.00197891 -0.00197832 -0.00197784 -0.00197832 -0.00197891 -0.00198049 -0.0019821 -0.0019848 -0.00198743 -0.00199126 -0.00199487 -0.00199985 -0.00200442 -0.00201055 -0.00201608 -0.00202334 -0.00202985 -0.00203821 -0.00204579 -0.00205522 -0.00206402 -0.00207449 -0.00208473 -0.00209628 -0.00210826 -0.00212101 -0.00213504 -0.00214926 -0.00216561 -0.00218174 -0.00220052 -0.0022191 -0.00224025 -0.00226175 -0.00228503 -0.00230966 -0.00233482 -0.00236234 -0.00238936 -0.00241909 -0.00244836 -0.00247966 -0.0025119 -0.0025449 -0.00258086 -0.00261694 -0.00265714 -0.00269855 -0.00274337 -0.00279185 -0.00284194 -0.00289732 -0.0029538 -0.00301444 -0.00307828 -0.00314369 -0.00321493 -0.00328784 -0.0033665 -0.00345092 -0.00353869 -0.00363456 -0.00373212 -0.00383052 -0.00392589 -0.00400419 -0.00405918 -0.00407272 -0.00402618 -0.00390912 -0.00369908 -0.00338184 -0.00293944 -0.00233204 -0.00152304 -0.000465945 0.000885402 0.00254068 0.00450055 0.00675859 0.00928212 0.0120309 0.0149186 0.0177816 0.0204476 0.0227637 0.0245746 0.0257299 0.0260524 0.0253433 0.0235035 0.0205624 0.0165719 0.0116052 0.00583199 -0.000508813 -0.00714098 -0.0137151 -0.0198479 -0.0252291 -0.0296231 -0.0327929 
0 -0.0116315 -0.0229913 -0.0338975 -0.0441787 -0.0536133 -0.0619928 -0.0691447 -0.0749134 -0.0792055 -0.0819962 -0.083269 -0.0830437 -0.0814238 -0.0785434 -0.0745681 -0.0697541 -0.064364 -0.0585844 -0.0526022 -0.0466296 -0.0408521 -0.03544 -0.0305141 -0.0261041 -0.0222199 -0.0188698 -0.016026 -0.0136601 -0.0117289 -0.0101561 -0.00888604 -0.00786849 -0.00705042 -0.00640673 -0.00590329 -0.00550568 -0.00519716 -0.00494755 -0.00474133 -0.00457134 -0.00442096 -0.00429205 -0.00417813 -0.00407286 -0.00398034 -0.00389081 -0.00380701 -0.00372765 -0.00364806 -0.00357483 -0.00350196 -0.00343397 -0.00337094 -0.00330998 -0.00325656 -0.00320435 -0.00315775 -0.00311373 -0.00307119 -0.00303271 -0.00299298 -0.00295714 -0.00292021 -0.00288543 -0.00285167 -0.00281804 -0.00278758 -0.00275619 -0.00272884 -0.00270085 -0.00267626 -0.00265222 -0.00263008 -0.00260989 -0.00259 -0.00257306 -0.00255531 -0.00254086 -0.00252518 -0.00251253 -0.00249884 -0.00248749 -0.0024757 -0.0024654 -0.00245538 -0.00244603 -0.00243767 -0.00242928 -0.00242247 -0.00241512 -0.00240976 -0.00240352 -0.00239955 -0.00239449 -0.00239187 -0.00238803 -0.00238674 -0.00238416 -0.00238417 -0.00238287 -0.00238417 -0.00238416 -0.00238674 -0.00238803 -0.00239187 -0.00239449 -0.00239955 -0.00240352 -0.00240976 -0.00241512 -0.00242247 -0.00242928 -0.00243767 -0.00244603 -0.00245538 -0.0024654 -0.0024757 -0.00248749 -0.00249884 -0.00251253 -0.00252518 -0.00254086 -0.00255531 -0.00257306 -0.00259 -0.00260989 -0.00263008 -0.00265222 -0.00267626 -0.00270085 -0.00272884 -0.00275619 -0.00278758 -0.00281804 -0.00285167 -0.00288543 -0.00292021 -0.00295714 -0.00299298 -0.00303271 -0.00307119 -0.00311373 -0.00315775 -0.00320435 -0.00325656 -0.00330998 -0.00337094 -0.00343397 -0.00350196 -0.00357483 -0.00364805 -0.00372762 -0.00380692 -0.00389055 -0.00397964 -0.00407103 -0.00417361 -0.00428141 -0.00439714 -0.00452072 -0.00463912 -0.00475158 -0.00484033 -0.00488832 -0.00488693 -0.00481054 -0.00464956 -0.00439085 -0.00400224 -0.00345974 -0.00271182 -0.00169563 -0.000376089 0.00127998 0.00327454 0.0055777 0.00818553 0.0110789 0.014191 0.0174225 0.0205988 0.0235059 0.025976 0.0278392 0.0288964 0.0289896 0.0279955 0.0258165 0.0224394 0.017918 0.0123563 0.00598528 -0.000879814 -0.00797417 -0.0150171 -0.0215981 -0.0273192 -0.0319419 -0.0352679 
0 -0.0128824 -0.0255477 -0.0377259 -0.0491715 -0.0597103 -0.0691447 -0.0772293 -0.0838139 -0.0888601 -0.0922869 -0.0939982 -0.0940483 -0.092586 -0.0897323 -0.0856516 -0.0805814 -0.074749 -0.0683945 -0.061779 -0.0551108 -0.0485905 -0.0424312 -0.0367533 -0.0316076 -0.0270356 -0.0230311 -0.019585 -0.0167019 -0.0143283 -0.0123971 -0.0108467 -0.0095895 -0.00857276 -0.00776148 -0.00710788 -0.00659583 -0.00619749 -0.0058789 -0.00563074 -0.0054237 -0.00524481 -0.00509116 -0.0049448 -0.00481301 -0.00469025 -0.00457281 -0.00446977 -0.00437011 -0.00428106 -0.00419931 -0.00411963 -0.00404911 -0.00397697 -0.00391025 -0.00384497 -0.00377965 -0.0037203 -0.00365896 -0.0036046 -0.00355084 -0.00350126 -0.00345643 -0.0034121 -0.00337473 -0.00333609 -0.00330336 -0.00327015 -0.00323962 -0.00321081 -0.00318133 -0.00315554 -0.00312713 -0.00310315 -0.00307647 -0.00305363 -0.0030294 -0.00300752 -0.00298621 -0.00296552 -0.00294723 -0.00292811 -0.00291269 -0.00289548 -0.00288261 -0.00286757 -0.0028569 -0.00284411 -0.00283534 -0.00282477 -0.00281766 -0.00280921 -0.0028036 -0.00279712 -0.00279292 -0.00278826 -0.00278543 -0.00278246 -0.00278099 -0.00277958 -0.00277952 -0.00277958 -0.00278099 -0.00278246 -0.00278543 -0.00278826 -0.00279292 -0.00279712 -0.0028036 -0.00280921 -0.00281766 -0.00282477 -0.00283534 -0.00284411 -0.0028569 -0.00286757 -0.00288261 -0.00289548 -0.00291269 -0.00292811 -0.00294723 -0.00296552 -0.00298621 -0.00300752 -0.0030294 -0.00305363 -0.00307647 -0.00310315 -0.00312713 -0.00315554 -0.00318133 -0.00321081 -0.00323962 -0.00327015 -0.00330336 -0.00333609 -0.00337473 -0.0034121 -0.00345643 -0.00350126 -0.00355084 -0.0036046 -0.00365896 -0.0037203 -0.00377965 -0.00384497 -0.00391025 -0.00397697 -0.00404911 -0.00411963 -0.0041993 -0.00428104 -0.00437005 -0.00446958 -0.00457227 -0.00468885 -0.00480951 -0.00493646 -0.00507223 -0.00520397 -0.00534001 -0.00546779 -0.0055775 -0.00566774 -0.00570995 -0.00569536 -0.00560634 -0.0054102 -0.00509706 -0.00462554 -0.00394539 -0.00301851 -0.00177806 -0.000191024 0.00174011 0.00402705 0.00664861 0.00957904 0.0128031 0.0162199 0.0196719 0.0230008 0.026005 0.0284855 0.0302718 0.0311535 0.0309571 0.0296269 0.0271143 0.0233621 0.0184396 0.0125355 0.00588042 -0.00123964 -0.0085091 -0.0156303 -0.0222735 -0.0280659 -0.0326948 -0.0359505 
0 -0.0138686 -0.0275465 -0.0407377 -0.0531619 -0.0646245 -0.0749134 -0.0838139 -0.0912119 -0.0970144 -0.101073 -0.10332 -0.103821 -0.102678 -0.100031 -0.096066 -0.0909409 -0.0848588 -0.0781367 -0.0710566 -0.0638295 -0.056696 -0.0498574 -0.0434426 -0.0375766 -0.0323113 -0.0276377 -0.0235846 -0.0201444 -0.0172693 -0.0149276 -0.0130321 -0.0114913 -0.0102562 -0.00925354 -0.00844396 -0.00780815 -0.00729625 -0.00689441 -0.0065772 -0.00630966 -0.0060928 -0.00590051 -0.00572676 -0.00557563 -0.00542805 -0.00529721 -0.00517427 -0.00505584 -0.0049522 -0.00484768 -0.00475464 -0.00466578 -0.00457893 -0.00450258 -0.00442328 -0.00435386 -0.00428464 -0.00421881 -0.00415943 -0.00409761 -0.00404507 -0.00398946 -0.0039406 -0.00389255 -0.00384598 -0.00380493 -0.00376118 -0.00372524 -0.00368565 -0.00365283 -0.00361842 -0.00358746 -0.00355832 -0.00352891 -0.00350434 -0.00347684 -0.00345575 -0.00343071 -0.00341206 -0.00338996 -0.00337298 -0.00335405 -0.00333833 -0.00332254 -0.00330796 -0.00329513 -0.00328174 -0.0032716 -0.00325956 -0.00325183 -0.00324129 -0.00323574 -0.00322681 -0.00322327 -0.00321604 -0.00321439 -0.0032089 -0.00320907 -0.00320535 -0.0032073 -0.00320535 -0.00320907 -0.0032089 -0.00321439 -0.00321604 -0.00322327 -0.00322681 -0.00323574 -0.00324129 -0.00325183 -0.00325956 -0.0032716 -0.00328174 -0.00329513 -0.00330796 -0.00332254 -0.00333833 -0.00335405 -0.00337298 -0.00338996 -0.00341206 -0.00343071 -0.00345575 -0.00347684 -0.00350434 -0.00352891 -0.00355832 -0.00358746 -0.00361842 -0.00365283 -0.00368565 -0.00372524 -0.00376118 -0.00380493 -0.00384598 -0.00389255 -0.0039406 -0.00398946 -0.00404507 -0.00409761 -0.00415943 -0.00421881 -0.00428464 -0.00435386 -0.00442328 -0.00450258 -0.00457893 -0.00466578 -0.00475464 -0.00484767 -0.00495215 -0.0050557 -0.00517388 -0.00529616 -0.00542538 -0.00556917 -0.00571189 -0.00586797 -0.00602508 -0.00617573 -0.00632554 -0.00644495 -0.00653265 -0.0065718 -0.00653028 -0.00640881 -0.00617021 -0.00578114 -0.00521566 -0.00439628 -0.00327511 -0.0018163 2.66153e-05 0.00223362 0.00479181 0.00771129 0.0109389 0.0144096 0.0180215 0.02158 0.0249184 0.0278896 0.0302693 0.0318456 0.0324576 0.0319523 0.0302669 0.0274155 0.0233855 0.0182463 0.0122339 0.00558892 -0.00147962 -0.00864993 -0.0155433 -0.0218783 -0.0274051 -0.0318193 -0.0348865 
0 -0.0146048 -0.0289812 -0.0428772 -0.0560355 -0.0682131 -0.0792055 -0.0888601 -0.0970144 -0.103483 -0.108175 -0.111096 -0.112226 -0.111588 -0.109346 -0.105663 -0.10066 -0.0945847 -0.0877442 -0.0803855 -0.0727737 -0.0651553 -0.0576964 -0.0505993 -0.0440426 -0.0380775 -0.0327493 -0.0280836 -0.0240412 -0.0206249 -0.0178069 -0.0154934 -0.0136314 -0.0121351 -0.0109141 -0.00994101 -0.00915269 -0.00851181 -0.00800913 -0.00759241 -0.0072563 -0.0069838 -0.00674265 -0.00654567 -0.00636539 -0.00619993 -0.00605518 -0.00590747 -0.00577643 -0.00564775 -0.00552247 -0.00541229 -0.00529864 -0.0052016 -0.00510687 -0.00501845 -0.0049418 -0.00486154 -0.00479524 -0.00472455 -0.00466103 -0.00459981 -0.00453652 -0.00448235 -0.00442146 -0.00437123 -0.00431638 -0.0042682 -0.00422161 -0.0041755 -0.00413701 -0.00409427 -0.00406201 -0.00402414 -0.0039958 -0.00396367 -0.00393746 -0.00391105 -0.00388604 -0.00386466 -0.0038407 -0.00382331 -0.00380074 -0.00378632 -0.00376562 -0.00375338 -0.00373499 -0.00372441 -0.00370862 -0.00369945 -0.00368638 -0.00367856 -0.00366823 -0.00366181 -0.00365412 -0.00364923 -0.00364404 -0.00364084 -0.003638 -0.00363665 -0.00363598 -0.00363665 -0.003638 -0.00364084 -0.00364404 -0.00364923 -0.00365412 -0.00366181 -0.00366823 -0.00367856 -0.00368638 -0.00369945 -0.00370862 -0.00372441 -0.00373499 -0.00375338 -0.00376562 -0.00378632 -0.00380074 -0.00382331 -0.0038407 -0.00386466 -0.00388604 -0.00391105 -0.00393746 -0.00396367 -0.0039958 -0.00402414 -0.00406201 -0.00409427 -0.00413701 -0.0041755 -0.00422161 -0.0042682 -0.00431638 -0.00437123 -0.00442146 -0.00448235 -0.00453652 -0.00459981 -0.00466103 -0.00472455 -0.00479524 -0.00486154 -0.0049418 -0.00501845 -0.00510687 -0.0052016 -0.00529864 -0.00541228 -0.00552243 -0.00564765 -0.00577614 -0.00590669 -0.00605316 -0.00619499 -0.00635386 -0.00652006 -0.00668853 -0.00687504 -0.00704859 -0.00721533 -0.00735801 -0.00744076 -0.00746994 -0.00740551 -0.00722984 -0.00693748 -0.00646343 -0.00577621 -0.00481849 -0.00350478 -0.00182494 0.000245765 0.0027215 0.00555255 0.00873188 0.0122117 0.0158463 0.0195151 0.0230711 0.0263238 0.0291346 0.0313096 0.0325886 0.0328346 0.0319914 0.0299873 0.0268393 0.0226484 0.0175145 0.0116068 0.00517274 -0.00154927 -0.0082779 -0.0146666 -0.0204453 -0.0254319 -0.0294119 -0.0321833 
0 -0.0150551 -0.0298323 -0.0441307 -0.0577442 -0.0704286 -0.0819962 -0.0922869 -0.101073 -0.108175 -0.11357 -0.117237 -0.119092 -0.11915 -0.11752 -0.114297 -0.109658 -0.103853 -0.0970931 -0.0896508 -0.0818451 -0.0738751 -0.0659329 -0.0582723 -0.0510499 -0.0443865 -0.0383975 -0.0330741 -0.0284141 -0.0244452 -0.0211011 -0.018338 -0.0161034 -0.0142722 -0.0127918 -0.0116006 -0.010619 -0.00984287 -0.0092174 -0.0087049 -0.00830505 -0.00796024 -0.00767245 -0.00742895 -0.00719825 -0.00700549 -0.00682056 -0.00665062 -0.00650334 -0.00635241 -0.00622532 -0.0060978 -0.00597726 -0.00587049 -0.00575597 -0.00566026 -0.00555861 -0.00546655 -0.00538162 -0.00529343 -0.00522226 -0.00514306 -0.00507938 -0.00501319 -0.00495241 -0.00489882 -0.00484013 -0.00479503 -0.00474028 -0.00469875 -0.00465021 -0.00460899 -0.0045677 -0.00452602 -0.00449148 -0.00445047 -0.00442121 -0.00438277 -0.00435708 -0.00432294 -0.00429949 -0.00427066 -0.00424865 -0.00422539 -0.00420455 -0.00418655 -0.00416697 -0.0041536 -0.00413552 -0.00412606 -0.00410975 -0.00410358 -0.00408926 -0.00408587 -0.00407367 -0.00407275 -0.00406273 -0.00406406 -0.00405624 -0.00405974 -0.00405409 -0.00405974 -0.00405624 -0.00406406 -0.00406273 -0.00407275 -0.00407367 -0.00408587 -0.00408926 -0.00410358 -0.00410975 -0.00412606 -0.00413552 -0.0041536 -0.00416697 -0.00418655 -0.00420455 -0.00422539 -0.00424865 -0.00427066 -0.00429949 -0.00432294 -0.00435708 -0.00438277 -0.00442121 -0.00445047 -0.00449148 -0.00452602 -0.0045677 -0.00460899 -0.00465021 -0.00469875 -0.00474028 -0.00479503 -0.00484013 -0.00489882 -0.00495241 -0.00501319 -0.00507938 -0.00514306 -0.00522226 -0.00529343 -0.00538162 -0.00546655 -0.00555861 -0.00566026 -0.00575597 -0.00587048 -0.00597725 -0.00609777 -0.00622524 -0.0063522 -0.00650276 -0.00664912 -0.00681684 -0.00699666 -0.00717835 -0.00738622 -0.00758519 -0.00779082 -0.00799232 -0.00815579 -0.00829926 -0.00837767 -0.00837943 -0.00830551 -0.00809539 -0.00774337 -0.00719666 -0.00636716 -0.00523239 -0.00372144 -0.00180147 0.000490746 0.00318451 0.00625943 0.00964048 0.0132809 0.0170246 0.0206784 0.0241368 0.0272329 0.0297625 0.0315799 0.0324989 0.0323699 0.0311871 0.0289361 0.0256062 0.0213529 0.0163749 0.0107918 0.00478913 -0.00134044 -0.00733184 -0.0129661 -0.0180223 -0.0223079 -0.0256785 -0.0280141 
0 -0.0151666 -0.0300616 -0.0445087 -0.0583356 -0.0713215 -0.083269 -0.0939982 -0.10332 -0.111096 -0.117237 -0.121655 -0.124317 -0.125228 -0.124371 -0.121833 -0.117826 -0.112505 -0.106043 -0.0987616 -0.0909322 -0.08276 -0.0745132 -0.0663967 -0.0585737 -0.0512761 -0.0446168 -0.0386164 -0.0333436 -0.0287725 -0.0248591 -0.0216113 -0.0189255 -0.0167177 -0.0149416 -0.0134766 -0.0122887 -0.0113419 -0.0105567 -0.00994047 -0.00943803 -0.00901131 -0.0086725 -0.0083623 -0.00809652 -0.00786575 -0.00764 -0.00745438 -0.00726982 -0.00710302 -0.00695641 -0.00680257 -0.00667663 -0.00654269 -0.00642164 -0.00631065 -0.00619261 -0.00609783 -0.00599103 -0.00590275 -0.0058141 -0.0057278 -0.00565643 -0.00557441 -0.00551347 -0.00544077 -0.00538307 -0.00532278 -0.00526483 -0.0052162 -0.00515872 -0.00511819 -0.00506421 -0.00502765 -0.00498019 -0.0049446 -0.00490529 -0.00486947 -0.00483825 -0.00480253 -0.0047782 -0.00474372 -0.00472459 -0.00469266 -0.00467713 -0.0046488 -0.00463568 -0.00461158 -0.00460012 -0.00458046 -0.00457034 -0.00455504 -0.00454623 -0.004535 -0.00452765 -0.00452013 -0.00451448 -0.00451028 -0.00450662 -0.00450538 -0.00450401 -0.00450538 -0.00450662 -0.00451028 -0.00451448 -0.00452013 -0.00452765 -0.004535 -0.00454623 -0.00455504 -0.00457034 -0.00458046 -0.00460012 -0.00461158 -0.00463568 -0.0046488 -0.00467713 -0.00469266 -0.00472459 -0.00474372 -0.0047782 -0.00480253 -0.00483825 -0.00486947 -0.00490529 -0.0049446 -0.00498019 -0.00502765 -0.00506421 -0.00511819 -0.00515872 -0.0052162 -0.00526483 -0.00532278 -0.00538307 -0.00544077 -0.00551347 -0.00557441 -0.00565643 -0.0057278 -0.0058141 -0.00590275 -0.00599103 -0.00609783 -0.00619261 -0.00631064 -0.00642164 -0.00654269 -0.00667661 -0.00680252 -0.00695626 -0.0071026 -0.00726872 -0.0074516 -0.00763333 -0.00785048 -0.00806321 -0.00829315 -0.00853598 -0.00875498 -0.00898021 -0.00916193 -0.0092939 -0.00938229 -0.00936653 -0.00926456 -0.00903369 -0.00860227 -0.007956 -0.00699051 -0.00565158 -0.00394506 -0.00181486 0.00070747 0.00358877 0.00685641 0.0104087 0.0141189 0.0178801 0.0214826 0.0247651 0.0276131 0.0298016 0.0311651 0.0316593 0.0311971 0.0297229 0.0272801 0.0239155 0.0197524 0.0150273 0.00992789 0.00460516 -0.000708443 -0.00579431 -0.0105151 -0.0147042 -0.0181743 -0.0208326 -0.0226383 
0 -0.0149404 -0.0296856 -0.0440565 -0.0578697 -0.0709296 -0.0830437 -0.0940483 -0.103821 -0.112226 -0.119092 -0.124317 -0.127883 -0.129719 -0.12977 -0.128141 -0.124966 -0.120341 -0.114472 -0.107594 -0.0999092 -0.0917223 -0.083312 -0.0748441 -0.0665727 -0.0587347 -0.05143 -0.0447923 -0.0388792 -0.0336457 -0.0291396 -0.0253347 -0.0221397 -0.0195371 -0.0174051 -0.0156422 -0.0142254 -0.0130452 -0.0120814 -0.0113167 -0.0106695 -0.0101615 -0.00973903 -0.00936865 -0.00907353 -0.00878854 -0.00854212 -0.00831997 -0.0080948 -0.00790973 -0.0077158 -0.00754574 -0.00739193 -0.00723328 -0.00710906 -0.0069713 -0.00685784 -0.00674672 -0.00663405 -0.00654342 -0.00643472 -0.00635206 -0.00625581 -0.00617221 -0.00609305 -0.00600796 -0.00594375 -0.00586282 -0.00580739 -0.00573719 -0.00568466 -0.00562863 -0.00557613 -0.00553359 -0.00548144 -0.00544884 -0.00539922 -0.00537217 -0.00532758 -0.00530247 -0.00526466 -0.00523935 -0.00520897 -0.00518277 -0.00515958 -0.00513281 -0.00511599 -0.00508949 -0.00507804 -0.00505276 -0.00504574 -0.00502248 -0.00501918 -0.00499852 -0.00499845 -0.00498071 -0.0049836 -0.00496891 -0.00497468 -0.00496304 -0.00497171 -0.00496304 -0.00497468 -0.00496891 -0.0049836 -0.00498071 -0.00499845 -0.00499852 -0.00501918 -0.00502248 -0.00504574 -0.00505276 -0.00507804 -0.00508949 -0.00511599 -0.00513281 -0.00515958 -0.00518277 -0.00520897 -0.00523935 -0.00526466 -0.00530247 -0.00532758 -0.00537217 -0.00539922 -0.00544884 -0.00548144 -0.00553359 -0.00557613 -0.00562863 -0.00568466 -0.00573719 -0.00580739 -0.00586282 -0.00594375 -0.00600796 -0.00609305 -0.00617221 -0.00625581 -0.00635206 -0.00643472 -0.00654342 -0.00663405 -0.00674672 -0.00685784 -0.0069713 -0.00710906 -0.00723326 -0.00739189 -0.00754564 -0.00771551 -0.00790893 -0.00809276 -0.00831499 -0.00853055 -0.0087629 -0.00901942 -0.00926 -0.00953147 -0.00978421 -0.0100168 -0.0102399 -0.0103838 -0.0104769 -0.0104774 -0.0103326 -0.010055 -0.00954087 -0.00874209 -0.00763213 -0.00611156 -0.00420445 -0.00191307 0.000809688 0.00389389 0.00731026 0.0109971 0.0147445 0.0184163 0.0218884 0.0249453 0.0274485 0.0292636 0.0302161 0.0302847 0.0294975 0.0277965 0.0252206 0.02193 0.0180579 0.0137585 0.00925381 0.00474638 0.000391704 -0.00369019 -0.00740053 -0.010609 -0.0131886 -0.0151064 -0.016369 
0 -0.014453 -0.0287962 -0.0428382 -0.0563869 -0.0693017 -0.0814238 -0.092586 -0.102678 -0.111588 -0.11915 -0.125228 -0.129719 -0.132533 -0.133652 -0.133101 -0.130914 -0.127219 -0.122179 -0.115899 -0.108605 -0.100631 -0.0922018 -0.0835607 -0.0749972 -0.0666805 -0.0588087 -0.0515766 -0.045 -0.0391301 -0.0340183 -0.0295923 -0.0258634 -0.0227847 -0.020216 -0.0181287 -0.0164148 -0.0149811 -0.0138355 -0.0128773 -0.0120926 -0.0114716 -0.0109273 -0.0104938 -0.0101168 -0.00977254 -0.00949436 -0.00921361 -0.00897567 -0.00875596 -0.00853527 -0.00835782 -0.0081632 -0.00800092 -0.00784347 -0.00768475 -0.00755853 -0.00741147 -0.00729923 -0.00717647 -0.00706557 -0.00696976 -0.00685999 -0.0067822 -0.00668157 -0.0066093 -0.00652525 -0.00645065 -0.00638462 -0.00630733 -0.0062549 -0.00617974 -0.0061341 -0.00606698 -0.00602243 -0.00596728 -0.00592104 -0.00587872 -0.00583086 -0.00579976 -0.00575214 -0.00572938 -0.0056844 -0.00566703 -0.00562674 -0.00561237 -0.00557809 -0.00556521 -0.00553746 -0.00552535 -0.00550405 -0.00549258 -0.00547728 -0.00546668 -0.00545675 -0.00544747 -0.00544223 -0.00543476 -0.00543356 -0.00542843 -0.00543068 -0.00542843 -0.00543356 -0.00543476 -0.00544223 -0.00544747 -0.00545675 -0.00546668 -0.00547728 -0.00549258 -0.00550405 -0.00552535 -0.00553746 -0.00556521 -0.00557809 -0.00561237 -0.00562674 -0.00566703 -0.0056844 -0.00572938 -0.00575214 -0.00579976 -0.00583086 -0.00587872 -0.00592104 -0.00596728 -0.00602243 -0.00606698 -0.0061341 -0.00617974 -0.0062549 -0.00630733 -0.00638462 -0.00645065 -0.00652525 -0.0066093 -0.00668157 -0.0067822 -0.00685999 -0.00696976 -0.00706557 -0.00717647 -0.00729923 -0.00741147 -0.00755853 -0.00768474 -0.00784346 -0.00800089 -0.00816313 -0.00835761 -0.0085347 -0.00875448 -0.00897201 -0.00920496 -0.00947488 -0.00973074 -0.0100314 -0.0103278 -0.0106202 -0.0109307 -0.0111846 -0.0114217 -0.0115995 -0.011674 -0.0116777 -0.0115138 -0.0111581 -0.010574 -0.0096357 -0.00834993 -0.00667608 -0.00456469 -0.00208265 0.000804722 0.00408781 0.0076292 0.0113515 0.0150931 0.0186391 0.0218979 0.0247074 0.0268518 0.0282535 0.0288477 0.028571 0.0274721 0.0256033 0.0230238 0.0199128 0.0164529 0.0127573 0.00898811 0.00534635 0.00196637 -0.00107301 -0.00370422 -0.00587742 -0.00756903 -0.00877981 -0.0095216 
0 -0.0137835 -0.0274853 -0.0409366 -0.053993 -0.0665731 -0.0785434 -0.0897323 -0.100031 -0.109346 -0.11752 -0.124371 -0.12977 -0.133652 -0.135957 -0.136597 -0.13557 -0.132983 -0.128908 -0.123444 -0.116826 -0.10928 -0.101047 -0.0924499 -0.0837103 -0.075033 -0.0667148 -0.0589115 -0.0517166 -0.0452555 -0.0395 -0.0344507 -0.0301537 -0.026505 -0.0234693 -0.0209908 -0.0189148 -0.0172254 -0.015838 -0.0146661 -0.0137344 -0.0129421 -0.0122818 -0.0117508 -0.0112643 -0.0108731 -0.0105194 -0.0101932 -0.00992883 -0.00965312 -0.00942629 -0.00920585 -0.00898885 -0.008812 -0.00861126 -0.00845299 -0.00828581 -0.00813021 -0.00799998 -0.00785029 -0.00774334 -0.00761268 -0.00751167 -0.00740836 -0.00730489 -0.00722581 -0.00712288 -0.00705703 -0.00696319 -0.00689933 -0.00682154 -0.00675367 -0.00669365 -0.00662203 -0.00657655 -0.00650549 -0.00646896 -0.00640378 -0.00637082 -0.00631556 -0.00628254 -0.00623908 -0.00620448 -0.0061727 -0.00613665 -0.00611518 -0.00607875 -0.00606565 -0.0060302 -0.00602361 -0.00599037 -0.00598878 -0.00595865 -0.00596102 -0.00593451 -0.00594024 -0.00591753 -0.00592641 -0.00590746 -0.0059195 -0.00590412 -0.0059195 -0.00590746 -0.00592641 -0.00591753 -0.00594024 -0.00593451 -0.00596102 -0.00595865 -0.00598878 -0.00599037 -0.00602361 -0.0060302 -0.00606565 -0.00607875 -0.00611518 -0.00613665 -0.0061727 -0.00620448 -0.00623908 -0.00628254 -0.00631556 -0.00637082 -0.00640378 -0.00646896 -0.00650549 -0.00657655 -0.00662203 -0.00669365 -0.00675367 -0.00682154 -0.00689933 -0.00696319 -0.00705703 -0.00712288 -0.00722581 -0.00730489 -0.00740836 -0.00751167 -0.00761268 -0.00774334 -0.00785029 -0.00799998 -0.00813021 -0.00828581 -0.00845299 -0.00861124 -0.00881195 -0.00898871 -0.00920545 -0.00942523 -0.00965047 -0.00992245 -0.0101786 -0.0104875 -0.0108068 -0.0111332 -0.0115039 -0.011839 -0.0121853 -0.0124999 -0.0127389 -0.0129462 -0.0130321 -0.0130019 -0.012832 -0.0124015 -0.0117096 -0.0106653 -0.00919542 -0.00734808 -0.00506325 -0.00235159 0.000714454 0.00414281 0.00779551 0.0114904 0.0151388 0.0185616 0.0215881 0.0241119 0.0259424 0.0269619 0.027202 0.0266576 0.0253399 0.0233817 0.0209401 0.0181548 0.015172 0.0121348 0.00919515 0.00648367 0.00407505 0.00204563 0.000460826 -0.000719663 -0.00158212 -0.0021402 -0.00239355 
0 -0.0129499 -0.025807 -0.0384731 -0.0508732 -0.0629378 -0.0745681 -0.0856516 -0.096066 -0.105663 -0.114297 -0.121833 -0.128141 -0.133101 -0.136597 -0.138515 -0.1388 -0.137443 -0.134493 -0.130079 -0.124334 -0.117422 -0.109643 -0.101281 -0.0925449 -0.0837258 -0.075077 -0.0667713 -0.0590352 -0.0519637 -0.0455625 -0.0399207 -0.0350084 -0.0307836 -0.0272618 -0.0243047 -0.0218424 -0.0198293 -0.0181231 -0.0167283 -0.0155818 -0.0146047 -0.013831 -0.013159 -0.0125903 -0.0121218 -0.0116737 -0.0113086 -0.010961 -0.0106403 -0.0103737 -0.0100925 -0.00986954 -0.00964282 -0.00943412 -0.00925924 -0.00906234 -0.00891517 -0.00874387 -0.00860016 -0.00846298 -0.00831596 -0.00820659 -0.00806621 -0.00796967 -0.00784996 -0.00775395 -0.00766165 -0.00756297 -0.00749451 -0.00739793 -0.00734343 -0.00725659 -0.00720577 -0.00713442 -0.00708077 -0.0070266 -0.00696841 -0.00692942 -0.00686859 -0.00684073 -0.00678086 -0.00675976 -0.00670444 -0.00668658 -0.00663847 -0.0066216 -0.00658212 -0.00656521 -0.00653471 -0.00651767 -0.00649575 -0.00647903 -0.00646489 -0.00644922 -0.00644189 -0.00642809 -0.00642663 -0.00641548 -0.00641902 -0.00641129 -0.00641902 -0.00641548 -0.00642663 -0.00642809 -0.00644189 -0.00644922 -0.00646489 -0.00647903 -0.00649575 -0.00651767 -0.00653471 -0.00656521 -0.00658212 -0.0066216 -0.00663847 -0.00668658 -0.00670444 -0.00675976 -0.00678086 -0.00684073 -0.00686859 -0.00692942 -0.00696841 -0.0070266 -0.00708077 -0.00713442 -0.00720577 -0.00725659 -0.00734343 -0.00739793 -0.00749451 -0.00756297 -0.00766165 -0.00775395 -0.00784996 -0.00796967 -0.00806621 -0.00820659 -0.00831596 -0.00846298 -0.00860016 -0.00874386 -0.00891517 -0.00906234 -0.00925923 -0.00943409 -0.00964272 -0.00986927 -0.0100918 -0.0103718 -0.0106357 -0.0109502 -0.0112846 -0.011623 -0.0120196 -0.0123943 -0.012801 -0.0132077 -0.0135697 -0.0139382 -0.0142238 -0.0144426 -0.0145822 -0.0145399 -0.0143302 -0.0138463 -0.0130024 -0.0118093 -0.010174 -0.00811145 -0.00565754 -0.00275648 0.000508107 0.00404045 0.00775906 0.0114549 0.0149877 0.0182623 0.0210771 0.0232814 0.0247923 0.025522 0.0254785 0.0247302 0.023333 0.0214205 0.0191945 0.0168128 0.0143857 0.0120397 0.00992714 0.00814977 0.00671956 0.00564933 0.00497347 0.00463359 0.00450838 0.00455054 0.00473727 
0 -0.0119519 -0.0238205 -0.0355848 -0.0472093 -0.0586141 -0.0697541 -0.0805814 -0.0909409 -0.10066 -0.109658 -0.117826 -0.124966 -0.130914 -0.13557 -0.1388 -0.14045 -0.14044 -0.1388 -0.13559 -0.130884 -0.124855 -0.117756 -0.109824 -0.101337 -0.0925689 -0.0837264 -0.0750813 -0.0668786 -0.059224 -0.0522458 -0.0460007 -0.0404569 -0.0356684 -0.031586 -0.0281164 -0.0252433 -0.0228267 -0.0207988 -0.019137 -0.0177188 -0.0165581 -0.0155978 -0.0147654 -0.0140972 -0.0134956 -0.0129774 -0.0125367 -0.0121074 -0.0117575 -0.011413 -0.0111038 -0.0108376 -0.0105586 -0.0103403 -0.0101053 -0.00990316 -0.00971867 -0.00952284 -0.00937527 -0.0091967 -0.00906315 -0.00891563 -0.00878117 -0.00866702 -0.00853171 -0.00844073 -0.00831467 -0.00823224 -0.00812595 -0.00804162 -0.00795947 -0.00787063 -0.00780977 -0.00772023 -0.00767345 -0.00758969 -0.00754915 -0.00747692 -0.00743679 -0.00737928 -0.00733666 -0.00729432 -0.00724891 -0.0072202 -0.00717328 -0.00715571 -0.00710922 -0.00710019 -0.00705599 -0.00705333 -0.00701284 -0.00701501 -0.0069791 -0.0069852 -0.00695423 -0.0069639 -0.00693785 -0.00695112 -0.00692973 -0.00694687 -0.00692973 -0.00695112 -0.00693785 -0.0069639 -0.00695423 -0.0069852 -0.0069791 -0.00701501 -0.00701284 -0.00705333 -0.00705599 -0.00710019 -0.00710922 -0.00715571 -0.00717328 -0.0072202 -0.00724891 -0.00729432 -0.00733666 -0.00737928 -0.00743679 -0.00747692 -0.00754915 -0.00758969 -0.00767345 -0.00772023 -0.00780977 -0.00787063 -0.00795947 -0.00804162 -0.00812595 -0.00823224 -0.00831467 -0.00844073 -0.00853171 -0.00866702 -0.00878117 -0.00891563 -0.00906315 -0.0091967 -0.00937527 -0.00952284 -0.00971867 -0.00990315 -0.0101053 -0.0103403 -0.0105584 -0.0108371 -0.0111024 -0.0114097 -0.0117496 -0.0120896 -0.0124984 -0.0128989 -0.0133421 -0.0138114 -0.0142584 -0.0147402 -0.015172 -0.0155718 -0.0159357 -0.0161792 -0.0163349 -0.0163079 -0.0160204 -0.0154528 -0.0144775 -0.0130878 -0.0112874 -0.0090195 -0.00634218 -0.0032668 0.0001826 0.00384096 0.00758447 0.0112815 0.0147439 0.0178479 0.0204468 0.0223712 0.0235731 0.0240697 0.023868 0.0230198 0.0216493 0.0199215 0.0179946 0.0160198 0.014165 0.0125617 0.0112721 0.0103431 0.00979993 0.00960483 0.00969727 0.010022 0.0105056 0.0110639 0.0116159 
0 -0.0108319 -0.0216243 -0.0324061 -0.043164 -0.0538251 -0.064364 -0.074749 -0.0848588 -0.0945847 -0.103853 -0.112505 -0.120341 -0.127219 -0.132983 -0.137443 -0.14044 -0.141857 -0.141622 -0.139744 -0.136293 -0.131375 -0.125154 -0.117883 -0.109849 -0.101294 -0.0924753 -0.0836785 -0.075124 -0.0670165 -0.0595181 -0.052667 -0.0465276 -0.0411415 -0.0364579 -0.0324808 -0.0291328 -0.0262936 -0.0239334 -0.0219331 -0.0202391 -0.0188409 -0.0176354 -0.0166399 -0.0158017 -0.0150638 -0.0144606 -0.0139035 -0.0134216 -0.0129977 -0.0125846 -0.0122427 -0.011896 -0.0115928 -0.0113165 -0.0110377 -0.0108158 -0.0105729 -0.010378 -0.0101832 -0.00999768 -0.00984682 -0.00967121 -0.00954576 -0.00939065 -0.00927113 -0.0091447 -0.00902164 -0.00892286 -0.00879867 -0.00871872 -0.00860242 -0.00853038 -0.00843086 -0.00835875 -0.0082805 -0.00820535 -0.00814774 -0.00807092 -0.00802974 -0.00795492 -0.00792465 -0.00785586 -0.00783148 -0.00777181 -0.00774974 -0.00770084 -0.00767914 -0.00764139 -0.00761943 -0.00759229 -0.00757033 -0.00755275 -0.00753153 -0.0075223 -0.00750274 -0.00750068 -0.0074837 -0.00748774 -0.00747423 -0.00748344 -0.00747423 -0.00748774 -0.0074837 -0.00750068 -0.00750274 -0.0075223 -0.00753153 -0.00755275 -0.00757033 -0.00759229 -0.00761943 -0.00764139 -0.00767914 -0.00770084 -0.00774974 -0.00777181 -0.00783148 -0.00785586 -0.00792465 -0.00795492 -0.00802974 -0.00807092 -0.00814774 -0.00820535 -0.0082805 -0.00835875 -0.00843086 -0.00853038 -0.00860242 -0.00871872 -0.00879867 -0.00892286 -0.00902164 -0.0091447 -0.00927113 -0.00939065 -0.00954576 -0.00967121 -0.00984682 -0.00999768 -0.0101832 -0.010378 -0.0105729 -0.0108158 -0.0110377 -0.0113163 -0.0115924 -0.0118951 -0.0122404 -0.0125789 -0.0129847 -0.0133931 -0.0138438 -0.0143419 -0.0148386 -0.0153945 -0.0159381 -0.01648 -0.0170201 -0.0174818 -0.0179006 -0.0182045 -0.0183401 -0.0182899 -0.0179257 -0.0172117 -0.0161033 -0.0145288 -0.0125225 -0.0100617 -0.00713543 -0.00382463 -0.000195857 0.00361213 0.00741182 0.0110802 0.0144754 0.017426 0.0198006 0.0215067 0.022509 0.0228377 0.0225491 0.0217128 0.0204544 0.0189707 0.017428 0.0159285 0.0146326 0.0137157 0.0131979 0.0130259 0.0132128 0.0137321 0.0144641 0.0153272 0.0162802 0.0172189 0.0180255 
