0 0 0 0 0 0 0 0 0 0 0 0 0 0 0 0 0 0 0 0 0 0 0 0 0 0 0 0 0 0 0 0 0 0 0 0 0 0 0 0 0 0 0 0 0 0 0 0 0 0 0 0 0 0 0 0 0 0 0 0 0 0 0 0 0 0 0 0 0 0 0 0 0 0 0 0 0 0 0 0 0 0 0 0 0 0 0 0 0 0 0 0 0 0 0 0 0 0 0 0 0 0 0 0 0 0 0 0 0 0 0 0 0 0 0 0 0 0 0 0 0 0 0 0 0 0 0 0 0 0 0 0 0 0 0 0 0 0 0 0 0 0 0 0 0 0 0 0 0 0 0 0 0 0 0 0 0 0 0 0 0 0 0 0 0 0 0 0 0 0 0 0 0 0 0 0 0 0 0 0 0 0 0 0 0 0 0 0 0 0 0 0 0 0 0 0 0 0 0 0 
0 1.43869e-05 8.76839e-05 0.000129894 0.000142092 0.000199374 0.000250002 0.000286845 0.000359579 0.000395102 0.000425321 0.000546064 0.00063021 0.000675861 0.0008229 0.000953105 0.00105563 0.00126963 0.00149034 0.00172017 0.0020415 0.00236677 0.00275229 0.00318369 0.0035842 0.00407338 0.00453931 0.00490214 0.00526575 0.00548941 0.00555473 0.00544883 0.00507101 0.00453576 0.00374564 0.00268534 0.00149136 0.000120283 -0.00128225 -0.00271063 -0.00412952 -0.00534781 -0.00640717 -0.0071898 -0.00772466 -0.00803251 -0.00801601 -0.00779993 -0.00733271 -0.00674283 -0.0060827 -0.0053397 -0.00463202 -0.00387909 -0.00321278 -0.0025971 -0.00207072 -0.00166437 -0.00129742 -0.001052 -0.000808438 -0.000652015 -0.000506538 -0.000400656 -0.000335783 -0.000263038 -0.000251422 -0.000201739 -0.000212362 -0.000181401 -0.000191632 -0.000178581 -0.000177771 -0.000181321 -0.00016808 -0.000184447 -0.000162494 -0.00018606 -0.000160831 -0.00018581 -0.000162282 -0.000184065 -0.000165703 -0.000181442 -0.000169986 -0.000178528 -0.000174282 -0.000175756 -0.00017807 -0.000173374 -0.000181113 -0.000171482 -0.000183378 -0.000170078 -0.000184945 -0.000169109 -0.000185941 -0.00016851 -0.000186484 -0.000168226 -0.000186656 -0.000168226 -0.000186484 -0.00016851 -0.000185941 -0.000169109 -0.000184945 -0.000170078 -0.000183378 -0.000171482 -0.000181113 -0.000173374 -0.00017807 -0.000175756 -0.000174282 -0.000178528 -0.000169986 -0.000181442 -0.000165703 -0.000184065 -0.000162281 -0.000185808 -0.000160826 -0.000186046 -0.000162454 -0.000184341 -0.000167808 -0.000180653 -0.0001762 -0.000175042 -0.000184005 -0.000165694 -0.000181467 -0.000143758 -0.000147662 -8.60256e-05 -4.78138e-05 4.66255e-05 0.000158424 0.000298169 0.000504425 0.000715118 0.00103742 0.00138129 0.00185934 0.00240831 0.00304891 0.00377818 0.00449839 0.00528004 0.00599198 0.0066988 0.00730341 0.00773353 0.00798515 0.00792007 0.00764461 0.00707741 0.00624494 0.00518349 0.00384642 0.00243471 0.000939169 -0.000548457 -0.00194511 -0.00327202 -0.00433276 -0.00518171 -0.00582601 -0.00620076 -0.00640461 -0.00635626 -0.00615891 -0.00590902 -0.0054948 -0.00505181 -0.00460878 -0.00413291 -0.00372365 -0.00330415 -0.00293073 -0.00267012 -0.00237217 -0.00212704 -0.00198368 -0.00178969 -0.00163416 -0.00155875 -0.00145477 -0.00137809 -0.0013298 -0.00125989 -0.00123548 -0.00121221 -0.00113568 -0.00111473 -0.00114577 -0.00111872 -0.00107554 -0.00108805 
0 8.76839e-05 0.000155707 0.000226316 0.000316913 0.000410211 0.00048865 0.000573711 0.000690157 0.000811445 0.00092858 0.00107179 0.00122643 0.00139876 0.00163469 0.00190336 0.00219308 0.00256396 0.00300761 0.00350064 0.00407773 0.00476229 0.00553814 0.00636029 0.0072334 0.00816153 0.00904076 0.00980758 0.0104444 0.0108711 0.0109966 0.0107242 0.0100328 0.00892817 0.00734096 0.00529442 0.00287568 0.00019986 -0.00260038 -0.00545463 -0.00819745 -0.0106554 -0.0127102 -0.0142703 -0.0153484 -0.0159017 -0.0159252 -0.0154633 -0.0145812 -0.0134368 -0.0121074 -0.0106914 -0.00924037 -0.00779813 -0.00645491 -0.0052326 -0.00420205 -0.00334081 -0.00264749 -0.0020947 -0.00164105 -0.00129475 -0.00100675 -0.000804452 -0.000643951 -0.000540831 -0.000470024 -0.000422977 -0.00040272 -0.000379939 -0.000381438 -0.000367419 -0.00037461 -0.000364901 -0.000370347 -0.000364759 -0.000365686 -0.000364514 -0.000360597 -0.000363467 -0.000355645 -0.000361564 -0.000351288 -0.000359021 -0.000347748 -0.000356146 -0.000345053 -0.000353238 -0.000343109 -0.00035053 -0.000341772 -0.000348181 -0.000340892 -0.000346276 -0.000340338 -0.000344849 -0.000340011 -0.000343905 -0.00033984 -0.000343436 -0.000339788 -0.000343436 -0.00033984 -0.000343905 -0.000340011 -0.000344849 -0.000340338 -0.000346276 -0.000340892 -0.000348181 -0.000341772 -0.00035053 -0.000343109 -0.000353238 -0.000345053 -0.000356146 -0.000347748 -0.000359021 -0.000351288 -0.000361564 -0.000355644 -0.000363463 -0.000360585 -0.00036448 -0.000365591 -0.00036451 -0.000369719 -0.000363381 -0.000371085 -0.000359582 -0.000364764 -0.00034601 -0.000336749 -0.000300496 -0.000253001 -0.000173882 -5.15942e-05 0.000109757 0.000345782 0.000631572 0.00101562 0.00147829 0.00207123 0.00280941 0.00372098 0.00483409 0.00610505 0.00752604 0.00900297 0.0105067 0.0119739 0.0133392 0.0145297 0.0153876 0.0158265 0.0157467 0.0151426 0.0140258 0.0123713 0.01023 0.00765967 0.00483315 0.00191084 -0.00101231 -0.00380338 -0.00635294 -0.00850971 -0.0102078 -0.0114784 -0.0122964 -0.0126681 -0.0126312 -0.01228 -0.0117214 -0.0109673 -0.0100884 -0.0091953 -0.00831792 -0.007467 -0.0066635 -0.00595394 -0.00534314 -0.00478348 -0.00430675 -0.00393571 -0.00361445 -0.00333819 -0.00312139 -0.0029375 -0.0027771 -0.00264958 -0.00255021 -0.00245635 -0.00237776 -0.00234484 -0.00230568 -0.00222817 -0.00219463 -0.00220035 -0.00217161 
0 0.000129894 0.000226316 0.000346764 0.000488903 0.000607227 0.000739665 0.000893984 0.00103661 0.00121417 0.00142352 0.00161648 0.00186291 0.00217196 0.0024862 0.00288308 0.00337011 0.00390291 0.00457102 0.0053506 0.00621082 0.00724678 0.00838265 0.00958602 0.0109091 0.0122205 0.0134819 0.0146328 0.0155084 0.0160935 0.0162223 0.0157603 0.0147348 0.0130188 0.0106403 0.00764088 0.00406066 0.000155267 -0.00398886 -0.00817382 -0.012154 -0.0157867 -0.0187912 -0.0211327 -0.0227364 -0.0235409 -0.0236235 -0.0229428 -0.0217081 -0.0200344 -0.0180737 -0.0159984 -0.0138184 -0.0117197 -0.00970653 -0.00791065 -0.00637047 -0.0050639 -0.00404053 -0.00317285 -0.00252005 -0.00196883 -0.00155503 -0.00123891 -0.000991319 -0.000844899 -0.000709753 -0.000662388 -0.000594726 -0.000587052 -0.000557951 -0.000555227 -0.00054998 -0.000538995 -0.000549451 -0.000529373 -0.000548953 -0.000524004 -0.000546619 -0.000521895 -0.000542549 -0.000522074 -0.000537445 -0.000523552 -0.000532066 -0.000525507 -0.000527 -0.000527385 -0.000522603 -0.000528898 -0.000519028 -0.000529961 -0.000516283 -0.000530618 -0.000514297 -0.000530971 -0.000512972 -0.000531131 -0.000512218 -0.000531188 -0.000511974 -0.000531188 -0.000512218 -0.000531131 -0.000512972 -0.000530971 -0.000514297 -0.000530618 -0.000516283 -0.000529961 -0.000519028 -0.000528898 -0.000522603 -0.000527385 -0.000527 -0.000525507 -0.000532066 -0.000523552 -0.000537445 -0.000522073 -0.000542546 -0.000521887 -0.000546594 -0.000523935 -0.000548769 -0.000528901 -0.000548284 -0.000536226 -0.000543682 -0.000541492 -0.000529268 -0.000529726 -0.000485163 -0.000462254 -0.000360447 -0.000262289 -6.19669e-05 0.000181319 0.00053034 0.00098601 0.00154308 0.00228391 0.00315929 0.0043058 0.0056669 0.00732476 0.00922276 0.0112914 0.0135046 0.0156944 0.0178743 0.0198579 0.021558 0.0228042 0.0233905 0.0232968 0.022383 0.0207206 0.0182871 0.0151115 0.0113951 0.00723928 0.00294037 -0.00134963 -0.00547809 -0.00918193 -0.0123925 -0.0149442 -0.016824 -0.0180852 -0.0186553 -0.0186841 -0.0182513 -0.0174261 -0.0163855 -0.0151412 -0.0138218 -0.0125437 -0.0112624 -0.0100884 -0.00904547 -0.00808161 -0.00727725 -0.00658405 -0.00596631 -0.0054899 -0.00507898 -0.00471266 -0.00444525 -0.00420794 -0.00399976 -0.00386011 -0.00371712 -0.00358648 -0.00352532 -0.00345381 -0.00335749 -0.00332666 -0.00332096 -0.00326616 
0 0.000142092 0.000316913 0.000488903 0.000645252 0.000811106 0.00100307 0.00121569 0.00142062 0.00163664 0.00190624 0.00220939 0.00255095 0.00295748 0.00340628 0.00393666 0.00459531 0.0053478 0.00622502 0.00727661 0.00847675 0.00981662 0.0112976 0.0129093 0.0145984 0.0162696 0.0178732 0.0193033 0.0203996 0.0210443 0.0210963 0.0204516 0.0190139 0.0167007 0.013554 0.00961612 0.00500494 -8.64145e-05 -0.00546982 -0.0108557 -0.0160051 -0.0206665 -0.0245954 -0.0276716 -0.0297581 -0.0308497 -0.0309603 -0.0301529 -0.0286101 -0.0264677 -0.0239585 -0.0212224 -0.0184035 -0.0156461 -0.0130208 -0.0106717 -0.00860824 -0.00688854 -0.00547555 -0.00432729 -0.00342473 -0.00268578 -0.00213305 -0.00168689 -0.00137519 -0.00114154 -0.000984505 -0.000886887 -0.000812297 -0.000785063 -0.000746557 -0.000747001 -0.000723939 -0.000730214 -0.000716726 -0.000719646 -0.000714733 -0.000711493 -0.00071434 -0.000705197 -0.000714107 -0.000700697 -0.000713434 -0.000697789 -0.000712163 -0.000696127 -0.000710385 -0.000695326 -0.00070831 -0.000695049 -0.000706173 -0.000695044 -0.000704182 -0.000695146 -0.000702497 -0.000695264 -0.000701228 -0.000695354 -0.000700442 -0.000695401 -0.000700177 -0.000695401 -0.000700442 -0.000695354 -0.000701228 -0.000695264 -0.000702497 -0.000695146 -0.000704182 -0.000695044 -0.000706173 -0.000695049 -0.00070831 -0.000695326 -0.000710385 -0.000696127 -0.000712163 -0.000697789 -0.000713434 -0.000700695 -0.000714101 -0.000705181 -0.000714293 -0.000711365 -0.000714399 -0.000718808 -0.000714702 -0.000725523 -0.000713508 -0.000724761 -0.000701129 -0.000696214 -0.000645997 -0.0005891 -0.000474353 -0.000304978 -6.04557e-05 0.000297577 0.000753241 0.00137724 0.00214045 0.00313082 0.00434889 0.00586626 0.00771519 0.00988355 0.0123792 0.0150832 0.0179528 0.0208385 0.0236385 0.0262075 0.0283393 0.029883 0.0306132 0.0304367 0.0292573 0.0270441 0.0238594 0.0197604 0.0149546 0.00963458 0.00404975 -0.00151329 -0.00683376 -0.0116542 -0.0158246 -0.0192223 -0.0217469 -0.0234228 -0.0242854 -0.0244336 -0.0239713 -0.0229969 -0.0216878 -0.0201605 -0.0184958 -0.0168004 -0.0151583 -0.0136337 -0.012228 -0.0109607 -0.00988043 -0.00894379 -0.00812259 -0.00743846 -0.00686802 -0.00639246 -0.00600041 -0.00567501 -0.00540849 -0.00517995 -0.00500113 -0.00486067 -0.00469987 -0.00458281 -0.00455543 -0.00449023 -0.00439723 -0.00438997 
0 0.000199374 0.000410211 0.000607227 0.000811106 0.00104638 0.00128216 0.00152278 0.00180439 0.00211847 0.00245484 0.00283116 0.0032684 0.00378671 0.00438771 0.00508768 0.00593252 0.00691047 0.008017 0.00933234 0.0108455 0.0124906 0.0143187 0.0163058 0.0183231 0.0203114 0.022178 0.0237956 0.0250127 0.0256219 0.0255365 0.0246444 0.0227619 0.0198699 0.0159785 0.0111751 0.00561833 -0.000562146 -0.00704369 -0.0135155 -0.0196981 -0.0252713 -0.030049 -0.0337777 -0.0363309 -0.0376942 -0.0378587 -0.0369948 -0.0352008 -0.0326944 -0.0296956 -0.0263738 -0.0229788 -0.0196006 -0.0164262 -0.0135258 -0.0109682 -0.00881415 -0.00699916 -0.00555776 -0.00437255 -0.00345476 -0.00272799 -0.00216843 -0.00176717 -0.00145437 -0.00126838 -0.00111387 -0.0010451 -0.000979384 -0.000957004 -0.0009362 -0.000922846 -0.000924265 -0.000907032 -0.000919243 -0.000897519 -0.000913637 -0.000890958 -0.000906197 -0.000886329 -0.000897557 -0.00088305 -0.000888686 -0.000880646 -0.00088039 -0.000878756 -0.00087317 -0.000877158 -0.000867244 -0.00087575 -0.000862623 -0.000874514 -0.000859201 -0.000873481 -0.000856819 -0.000872697 -0.000855329 -0.000872207 -0.000854614 -0.00087204 -0.000854614 -0.000872207 -0.000855329 -0.000872697 -0.000856819 -0.000873481 -0.000859201 -0.000874514 -0.000862623 -0.00087575 -0.000867244 -0.000877158 -0.00087317 -0.000878756 -0.00088039 -0.000880646 -0.000888686 -0.000883049 -0.000897553 -0.000886318 -0.000906166 -0.000890871 -0.000913407 -0.000896932 -0.000917805 -0.000903644 -0.000916602 -0.000906216 -0.000901594 -0.000887985 -0.000847529 -0.000803885 -0.0006913 -0.000559244 -0.000313252 -3.36967e-06 0.000457272 0.00105035 0.00182441 0.00282454 0.0040591 0.00563674 0.00753475 0.00985277 0.0125336 0.01557 0.0188883 0.0223521 0.0258841 0.0292496 0.0323122 0.0348158 0.0365596 0.0373864 0.0370901 0.0356259 0.0329009 0.0289994 0.0240814 0.0183051 0.011959 0.00526242 -0.0014377 -0.00780693 -0.0136403 -0.0187088 -0.0229036 -0.0260962 -0.0282325 -0.0294442 -0.029792 -0.029373 -0.0283419 -0.0268496 -0.0250958 -0.0231636 -0.0211299 -0.0191686 -0.0173187 -0.0155726 -0.0140009 -0.0126218 -0.0114191 -0.0103836 -0.00950127 -0.00877498 -0.00816602 -0.007632 -0.00720591 -0.00686696 -0.00654919 -0.006297 -0.00612779 -0.00595969 -0.00581061 -0.00571989 -0.00561923 -0.00553086 -0.00552563 
0 0.000250002 0.00048865 0.000739665 0.00100307 0.00128216 0.00157973 0.00187434 0.00220904 0.00261581 0.00303655 0.00349895 0.00407098 0.0047169 0.00545586 0.00634926 0.00738047 0.00857418 0.00996986 0.0115586 0.0133536 0.0153345 0.0174723 0.0197481 0.0220516 0.0242734 0.0263283 0.0280563 0.029269 0.0297915 0.0294914 0.0282414 0.0258949 0.0224003 0.0178065 0.0122251 0.00579405 -0.00129264 -0.0087101 -0.0161079 -0.0231489 -0.0295441 -0.0350401 -0.0393681 -0.0423762 -0.0440017 -0.0443023 -0.0434123 -0.0414623 -0.0386711 -0.0352428 -0.0314383 -0.0274913 -0.0235781 -0.0198762 -0.0164609 -0.0134407 -0.0108316 -0.00864788 -0.0068683 -0.00542474 -0.00429769 -0.00339766 -0.0027227 -0.00220261 -0.00183029 -0.00156736 -0.00138297 -0.00127401 -0.00118965 -0.00115604 -0.00111696 -0.00111129 -0.00109185 -0.00109168 -0.00108283 -0.00107983 -0.00107864 -0.00107094 -0.00107564 -0.00106398 -0.00107269 -0.00105868 -0.00106945 -0.00105479 -0.00106595 -0.001052 -0.00106237 -0.00105001 -0.00105891 -0.00104858 -0.00105578 -0.00104754 -0.00105312 -0.00104679 -0.00105106 -0.00104627 -0.00104965 -0.00104596 -0.00104894 -0.00104586 -0.00104894 -0.00104596 -0.00104965 -0.00104627 -0.00105106 -0.00104679 -0.00105312 -0.00104754 -0.00105578 -0.00104858 -0.00105891 -0.00105001 -0.00106237 -0.001052 -0.00106595 -0.00105479 -0.00106945 -0.00105868 -0.00107268 -0.00106396 -0.00107559 -0.00107078 -0.00107824 -0.00107882 -0.00108043 -0.00108615 -0.00107966 -0.00108548 -0.00106455 -0.00105405 -0.000999462 -0.000934187 -0.000801038 -0.000611491 -0.000322021 8.88068e-05 0.000639767 0.00138724 0.00233487 0.00356925 0.0051037 0.00702538 0.00935527 0.0121176 0.0153088 0.0188576 0.0227183 0.026742 0.0307989 0.0346644 0.0380986 0.0408734 0.0427495 0.0435712 0.043151 0.0413746 0.0381965 0.0336819 0.0280326 0.0214551 0.0142087 0.00658205 -0.00107355 -0.00838785 -0.015097 -0.0209951 -0.0259196 -0.0297362 -0.0324028 -0.0339976 -0.0346163 -0.0343654 -0.0333803 -0.0318496 -0.0299553 -0.0278085 -0.025544 -0.0232862 -0.0211093 -0.0190775 -0.0172096 -0.0155385 -0.0140868 -0.0128084 -0.0117147 -0.0108079 -0.010019 -0.00935715 -0.00882713 -0.00837363 -0.00799886 -0.007688 -0.00741986 -0.00723072 -0.00706982 -0.00689496 -0.00679798 -0.00675444 -0.00666705 
0 0.000286845 0.000573711 0.000893984 0.00121569 0.00152278 0.00187434 0.00227306 0.00268624 0.00313157 0.00364692 0.00426064 0.00495542 0.00572988 0.00665674 0.00774084 0.00896549 0.0104136 0.0120897 0.0139473 0.0160304 0.0183182 0.0207377 0.0232486 0.0257545 0.0281453 0.0302887 0.031994 0.0331038 0.033446 0.0328401 0.0311672 0.0283164 0.0242449 0.0190126 0.0127188 0.00553503 -0.00229975 -0.0104771 -0.0186171 -0.0263764 -0.0334489 -0.0395345 -0.0443825 -0.047795 -0.0497086 -0.0501857 -0.0493318 -0.0473178 -0.0443219 -0.0405835 -0.0363837 -0.0319721 -0.0275947 -0.0233997 -0.0195188 -0.0160337 -0.0129868 -0.0104168 -0.0082831 -0.00657129 -0.00520305 -0.00413527 -0.00331295 -0.00268391 -0.00223023 -0.00189216 -0.00167238 -0.00151288 -0.00142079 -0.00135632 -0.00131983 -0.001299 -0.00128055 -0.00127783 -0.00126327 -0.00126747 -0.00125382 -0.00125981 -0.00124776 -0.00125285 -0.00124358 -0.00124631 -0.00124052 -0.00124031 -0.0012381 -0.00123499 -0.00123601 -0.00123043 -0.00123413 -0.00122666 -0.00123243 -0.00122366 -0.00123094 -0.00122139 -0.00122974 -0.00121981 -0.0012289 -0.00121888 -0.00122846 -0.00121857 -0.00122846 -0.00121888 -0.0012289 -0.00121981 -0.00122974 -0.00122139 -0.00123094 -0.00122366 -0.00123243 -0.00122666 -0.00123413 -0.00123043 -0.00123601 -0.00123499 -0.0012381 -0.00124031 -0.00124052 -0.00124631 -0.00124357 -0.00125281 -0.00124766 -0.00125954 -0.00125312 -0.00126578 -0.00125934 -0.00126902 -0.00126158 -0.00125982 -0.00124223 -0.00120894 -0.00115253 -0.00104475 -0.000888725 -0.000632123 -0.000280377 0.000228276 0.000900341 0.00179452 0.00295002 0.00441955 0.0062772 0.00855329 0.0113078 0.0145187 0.0181777 0.0222191 0.0265552 0.031072 0.0355658 0.0398164 0.0435346 0.0464703 0.0484064 0.0491464 0.0485422 0.0464523 0.0428503 0.037827 0.0315656 0.0243221 0.0163558 0.00798704 -0.000415658 -0.00850702 -0.0159757 -0.0225919 -0.0281796 -0.032602 -0.0358298 -0.0378873 -0.0388481 -0.0388584 -0.038054 -0.0365957 -0.0346619 -0.0324013 -0.0299814 -0.0275067 -0.0250512 -0.0227453 -0.0206201 -0.0186634 -0.0169351 -0.0154282 -0.0141043 -0.0129697 -0.0120131 -0.0112198 -0.0105468 -0.00996466 -0.00951632 -0.00915433 -0.00879984 -0.00852113 -0.00833364 -0.00816268 -0.00803634 -0.00795266 -0.0078548 
0 0.000359579 0.000690157 0.00103661 0.00142062 0.00180439 0.00220904 0.00268624 0.00319448 0.00372305 0.00436406 0.00510621 0.00590111 0.00685417 0.0080021 0.00927657 0.0107463 0.0124646 0.0143821 0.0165154 0.018869 0.0214117 0.0240903 0.0267768 0.0294097 0.0318911 0.0339838 0.0355476 0.0364486 0.0364828 0.0354998 0.0333476 0.029971 0.0253759 0.0195546 0.0126462 0.00484766 -0.00358834 -0.0123254 -0.0210428 -0.0293634 -0.0369488 -0.0435083 -0.0487621 -0.0525443 -0.0547609 -0.0554453 -0.0547116 -0.0526981 -0.0496108 -0.0456769 -0.0411859 -0.0364236 -0.0316347 -0.0270157 -0.022691 -0.0187628 -0.0152909 -0.0123133 -0.00983056 -0.00780978 -0.00619916 -0.00493379 -0.00395533 -0.0032102 -0.0026556 -0.00225327 -0.00197185 -0.0017805 -0.00165717 -0.00157785 -0.00153099 -0.00150078 -0.0014837 -0.00147137 -0.00146323 -0.00145679 -0.00145033 -0.00144617 -0.00143957 -0.00143674 -0.00142993 -0.00142808 -0.0014214 -0.00142026 -0.00141408 -0.00141338 -0.00140797 -0.00140751 -0.00140302 -0.00140265 -0.00139912 -0.00139878 -0.00139616 -0.00139584 -0.00139403 -0.00139379 -0.00139265 -0.00139258 -0.00139198 -0.00139218 -0.00139198 -0.00139258 -0.00139265 -0.00139379 -0.00139403 -0.00139584 -0.00139616 -0.00139878 -0.00139912 -0.00140265 -0.00140302 -0.00140751 -0.00140797 -0.00141338 -0.00141408 -0.00142026 -0.0014214 -0.00142808 -0.0014299 -0.00143668 -0.00143939 -0.0014457 -0.00144917 -0.00145403 -0.00145694 -0.00145762 -0.0014548 -0.00144253 -0.00141837 -0.0013691 -0.00128614 -0.00114786 -0.00093601 -0.000621882 -0.000177948 0.00043053 0.0012416 0.00230336 0.0036713 0.00541134 0.00758402 0.0102397 0.0133982 0.0170473 0.0211486 0.02563 0.0304021 0.0353114 0.0401572 0.0446702 0.0485625 0.0515753 0.0534707 0.0540747 0.0532168 0.050802 0.0468251 0.0413701 0.0346431 0.026871 0.0183668 0.00947138 0.000514688 -0.00814816 -0.0162368 -0.0234652 -0.0296286 -0.0346509 -0.0384502 -0.0410299 -0.042435 -0.0427811 -0.0422712 -0.0410042 -0.0391323 -0.0368869 -0.0343984 -0.0317893 -0.0291582 -0.0265997 -0.0242255 -0.0220133 -0.0199813 -0.0182298 -0.0166943 -0.0153246 -0.014185 -0.0132292 -0.0123912 -0.0116919 -0.0111192 -0.0106419 -0.0102531 -0.00993552 -0.00967704 -0.00946665 -0.00928795 -0.00915862 -0.00909566 
0 0.000395102 0.000811445 0.00121417 0.00163664 0.00211847 0.00261581 0.00313157 0.00372305 0.00440572 0.00517295 0.00602271 0.00699897 0.00815915 0.0094822 0.010981 0.0127205 0.0146854 0.0168716 0.0192858 0.0218807 0.0246449 0.0274865 0.03027 0.0329563 0.0353798 0.0373231 0.0386678 0.0392385 0.0388811 0.0374321 0.0347455 0.0308503 0.0257267 0.0193863 0.0119865 0.00371381 -0.00512064 -0.0142369 -0.0233423 -0.0320382 -0.0400034 -0.0469014 -0.0524919 -0.0566179 -0.0591423 -0.0600945 -0.0595273 -0.0575983 -0.054511 -0.0504799 -0.0458173 -0.0407839 -0.0356693 -0.030675 -0.0259481 -0.0216156 -0.0177294 -0.0143682 -0.011523 -0.00919249 -0.00732029 -0.00583897 -0.00469401 -0.00380615 -0.00314759 -0.00265307 -0.00230708 -0.00206243 -0.00190122 -0.00179762 -0.00172968 -0.00169284 -0.00166399 -0.00165307 -0.00163843 -0.00163545 -0.00162625 -0.00162466 -0.00161843 -0.00161623 -0.00161226 -0.00160903 -0.00160689 -0.00160278 -0.00160204 -0.00159737 -0.00159764 -0.00159273 -0.00159369 -0.00158883 -0.00159026 -0.00158564 -0.00158742 -0.00158316 -0.00158522 -0.00158138 -0.00158373 -0.00158031 -0.00158298 -0.00157995 -0.00158298 -0.00158031 -0.00158373 -0.00158138 -0.00158522 -0.00158316 -0.00158742 -0.00158564 -0.00159026 -0.00158883 -0.00159369 -0.00159273 -0.00159764 -0.00159737 -0.00160204 -0.00160278 -0.00160688 -0.00160901 -0.00161221 -0.0016161 -0.00161811 -0.00162387 -0.00162433 -0.00163103 -0.00162858 -0.00163202 -0.00162083 -0.0016079 -0.00156936 -0.00150739 -0.00139721 -0.00122211 -0.000960194 -0.000573175 -4.39805e-05 0.000685803 0.00163851 0.00289229 0.00449322 0.00652272 0.0090391 0.0120734 0.0156494 0.0197142 0.0242409 0.0291223 0.0342606 0.0394817 0.0445461 0.0492027 0.0531348 0.0561134 0.0578851 0.0582669 0.0571292 0.0543811 0.0500868 0.0443126 0.0372452 0.0291289 0.0202565 0.0110202 0.00170488 -0.00737253 -0.0159058 -0.0236336 -0.0303016 -0.0358504 -0.0402163 -0.0433305 -0.0452545 -0.0460649 -0.0459338 -0.0449969 -0.0433453 -0.0412141 -0.0387618 -0.0360866 -0.0333426 -0.0306147 -0.0279998 -0.0255664 -0.0233023 -0.0212697 -0.0194921 -0.0179135 -0.0165419 -0.0153741 -0.0143855 -0.0135644 -0.0128551 -0.0122532 -0.0117936 -0.0114148 -0.0110741 -0.0108117 -0.01062 -0.0104712 -0.0103706 
0 0.000425321 0.00092858 0.00142352 0.00190624 0.00245484 0.00303655 0.00364692 0.00436406 0.00517295 0.00604484 0.00706489 0.00827441 0.00961979 0.0111343 0.0129012 0.0148981 0.017107 0.0195607 0.0222202 0.025037 0.027957 0.0308712 0.0337046 0.0363258 0.0385505 0.0402563 0.0412586 0.0413967 0.0405588 0.0385612 0.0353555 0.0309474 0.0253167 0.0185595 0.010774 0.00219607 -0.00687339 -0.0162206 -0.0255108 -0.0344236 -0.0426045 -0.0497131 -0.0555756 -0.0599778 -0.0628247 -0.0640678 -0.0637259 -0.061981 -0.0589777 -0.0549876 -0.0502575 -0.0450643 -0.0397115 -0.0343875 -0.0293176 -0.0245887 -0.0203203 -0.0165703 -0.0133574 -0.0107079 -0.0085413 -0.00684096 -0.00549431 -0.00446672 -0.00368158 -0.00309431 -0.00267673 -0.00236912 -0.00217625 -0.00203171 -0.00195655 -0.00189478 -0.00186857 -0.00184398 -0.00183214 -0.00182388 -0.00181339 -0.001813 -0.00180084 -0.00180457 -0.0017912 -0.00179684 -0.00178351 -0.00178954 -0.00177732 -0.00178276 -0.0017723 -0.00177664 -0.00176823 -0.00177132 -0.00176496 -0.00176689 -0.0017624 -0.00176342 -0.00176049 -0.00176093 -0.00175922 -0.00175944 -0.00175858 -0.00175894 -0.00175858 -0.00175944 -0.00175922 -0.00176093 -0.00176049 -0.00176342 -0.0017624 -0.00176689 -0.00176496 -0.00177132 -0.00176823 -0.00177664 -0.0017723 -0.00178276 -0.00177732 -0.00178954 -0.0017835 -0.00179681 -0.00179112 -0.00180435 -0.0018003 -0.00181169 -0.00181031 -0.00181692 -0.00181702 -0.00181242 -0.00180533 -0.00177323 -0.00173242 -0.00163522 -0.00150299 -0.00127056 -0.000951224 -0.000478562 0.000158465 0.00101461 0.00214539 0.00359509 0.00546754 0.00779093 0.0106657 0.0140763 0.018044 0.0225132 0.0274081 0.0326566 0.0380762 0.0435195 0.048696 0.0533623 0.0572417 0.0600651 0.0616436 0.0617388 0.0602813 0.0572234 0.0526285 0.0466319 0.0393402 0.0310359 0.0220002 0.0125819 0.00310757 -0.00620033 -0.0150114 -0.0230778 -0.0301941 -0.0362098 -0.0411036 -0.0447854 -0.047269 -0.0486514 -0.0489954 -0.0484649 -0.0471892 -0.0452932 -0.0429712 -0.0403492 -0.0375689 -0.0347555 -0.0319636 -0.0293123 -0.0268624 -0.0245771 -0.0225105 -0.0207154 -0.0191327 -0.0177339 -0.0165562 -0.015578 -0.0147367 -0.0140291 -0.0134473 -0.0129464 -0.0125477 -0.0122672 -0.0120334 -0.0118328 -0.0117067 
0 0.000546064 0.00107179 0.00161648 0.00220939 0.00283116 0.00349895 0.00426064 0.00510621 0.00602271 0.00706489 0.0082843 0.00967593 0.0112349 0.0130116 0.0150452 0.0173 0.0197536 0.0224284 0.025299 0.0282758 0.0312657 0.0342118 0.0369997 0.0394259 0.0413638 0.0426999 0.0432453 0.0428674 0.0414421 0.0388832 0.0351724 0.0302592 0.0242042 0.0171057 0.00907252 0.00035623 -0.00883102 -0.0182307 -0.0275471 -0.0365091 -0.0447365 -0.0519747 -0.0580084 -0.0626484 -0.0658043 -0.0673407 -0.0673091 -0.0658079 -0.0630086 -0.0591672 -0.0544744 -0.049247 -0.0437178 -0.0381549 -0.0327707 -0.0276862 -0.0230605 -0.0189179 -0.015357 -0.0123522 -0.0098961 -0.0079375 -0.00638098 -0.00519547 -0.0042646 -0.00358877 -0.00307194 -0.00271723 -0.00246417 -0.00229516 -0.00219222 -0.00211469 -0.00208339 -0.00204332 -0.00203929 -0.00201335 -0.00201609 -0.00199731 -0.00199879 -0.00198603 -0.00198368 -0.00197683 -0.00197037 -0.00196892 -0.00195899 -0.00196203 -0.00194961 -0.00195605 -0.00194214 -0.00195096 -0.00193636 -0.00194675 -0.00193207 -0.00194346 -0.00192904 -0.00194109 -0.00192711 -0.00193966 -0.00192618 -0.00193918 -0.00192618 -0.00193966 -0.00192711 -0.00194109 -0.00192904 -0.00194346 -0.00193207 -0.00194675 -0.00193636 -0.00195096 -0.00194214 -0.00195605 -0.00194961 -0.00196203 -0.00195899 -0.00196891 -0.00197035 -0.00197678 -0.00198354 -0.00198567 -0.0019979 -0.0019952 -0.00201124 -0.00200263 -0.00201651 -0.00199685 -0.00199243 -0.00194383 -0.00188426 -0.00176243 -0.00157891 -0.00130215 -0.000891226 -0.000339184 0.000435303 0.00142955 0.00275741 0.00443695 0.00658369 0.00923962 0.012453 0.016253 0.0205781 0.0254239 0.0306518 0.03619 0.0418374 0.0473805 0.0525804 0.0571355 0.0608494 0.0634355 0.0647128 0.0644953 0.0626829 0.0593347 0.0544889 0.0483119 0.0409338 0.0325754 0.0235602 0.0141468 0.00465737 -0.00467505 -0.0136041 -0.0218653 -0.0293145 -0.0357693 -0.0411334 -0.0453805 -0.0484748 -0.0504665 -0.0513892 -0.0513494 -0.050531 -0.0490222 -0.0469461 -0.04449 -0.0417971 -0.0389691 -0.0360849 -0.0332628 -0.0306055 -0.0281133 -0.025805 -0.0237518 -0.0219543 -0.020358 -0.018958 -0.0177739 -0.0167735 -0.0159221 -0.0152197 -0.0146446 -0.0141728 -0.0137965 -0.0134903 -0.013259 -0.0131227 
0 0.00063021 0.00122643 0.00186291 0.00255095 0.0032684 0.00407098 0.00495542 0.00590111 0.00699897 0.00827441 0.00967593 0.0112578 0.0130749 0.0151146 0.0173909 0.0198907 0.0225847 0.0254774 0.0285044 0.031553 0.0345557 0.0374288 0.0400166 0.042151 0.0437066 0.0445687 0.0445884 0.0436108 0.0415618 0.0384383 0.0341956 0.0288221 0.0224056 0.0150575 0.00694013 -0.00178487 -0.0109253 -0.0202096 -0.0294086 -0.038238 -0.0464105 -0.0536899 -0.0598286 -0.0646888 -0.0681057 -0.0699695 -0.0702839 -0.0690929 -0.0665991 -0.0629704 -0.0584371 -0.0532509 -0.0476443 -0.0419229 -0.0362696 -0.0309019 -0.0259277 -0.0214424 -0.0175267 -0.014172 -0.0114162 -0.00916476 -0.00739669 -0.00600403 -0.00493352 -0.0041262 -0.00351231 -0.00308507 -0.00276213 -0.00256482 -0.00241323 -0.0023348 -0.00227187 -0.00224176 -0.00221985 -0.00220306 -0.00219952 -0.00218342 -0.00218842 -0.00217062 -0.00217943 -0.00216098 -0.00217079 -0.00215332 -0.00216235 -0.0021471 -0.00215434 -0.002142 -0.00214703 -0.00213779 -0.00214068 -0.00213437 -0.00213547 -0.00213169 -0.00213149 -0.00212976 -0.00212881 -0.00212859 -0.00212747 -0.0021282 -0.00212747 -0.00212859 -0.00212881 -0.00212976 -0.00213149 -0.00213169 -0.00213547 -0.00213437 -0.00214068 -0.00213779 -0.00214703 -0.002142 -0.00215434 -0.0021471 -0.00216235 -0.00215331 -0.00217076 -0.00216089 -0.00217919 -0.00217003 -0.00218699 -0.00218008 -0.00219201 -0.00218684 -0.00218615 -0.00217458 -0.00214331 -0.00209869 -0.00199701 -0.00186019 -0.00161524 -0.00128708 -0.000790402 -0.000133651 0.000763334 0.00193587 0.00345174 0.00540275 0.00782913 0.0108352 0.0144005 0.0185674 0.0232602 0.028429 0.0339739 0.0397258 0.0455236 0.0510774 0.0561719 0.0605312 0.0639407 0.0662003 0.0670845 0.0664947 0.064346 0.0607112 0.0556907 0.0493998 0.04204 0.0337934 0.0249325 0.0157007 0.00633319 -0.00289138 -0.0117741 -0.02012 -0.0277686 -0.0345682 -0.0403602 -0.0451108 -0.0488179 -0.0514502 -0.0530184 -0.0535994 -0.0533254 -0.0523057 -0.0506254 -0.0484343 -0.0459088 -0.0431571 -0.0402699 -0.0373723 -0.0345527 -0.0318721 -0.0293838 -0.0270862 -0.0250071 -0.0231968 -0.0216062 -0.0201994 -0.0190085 -0.0180077 -0.017166 -0.016483 -0.0159081 -0.0154224 -0.0150683 -0.0148182 -0.0146198 
0 0.000675861 0.00139876 0.00217196 0.00295748 0.00378671 0.0047169 0.00572988 0.00685417 0.00815915 0.00961979 0.0112349 0.0130749 0.0151508 0.0174449 0.019951 0.022668 0.0255962 0.0286517 0.0317355 0.0348057 0.0377468 0.0404139 0.0426951 0.0444343 0.0455059 0.0458091 0.0451981 0.0435772 0.0409175 0.0372159 0.0324766 0.0267115 0.0200164 0.0125514 0.00444969 -0.0041641 -0.0131095 -0.0221609 -0.0310836 -0.0396557 -0.0476679 -0.0548796 -0.0610773 -0.0660848 -0.0697394 -0.0719433 -0.0726309 -0.0718497 -0.0697271 -0.0664178 -0.0621364 -0.0570757 -0.0515024 -0.0456732 -0.0398336 -0.0342065 -0.0289194 -0.0241128 -0.0198347 -0.0161499 -0.0130564 -0.010521 -0.00850249 -0.00689981 -0.00567292 -0.0047185 -0.00401445 -0.00348707 -0.00311423 -0.00285635 -0.00267738 -0.00257114 -0.00249009 -0.00245523 -0.00241618 -0.00240804 -0.00238574 -0.00238421 -0.00237004 -0.00236765 -0.00235929 -0.00235391 -0.00235054 -0.00234206 -0.00234292 -0.00233197 -0.00233615 -0.00232358 -0.00233017 -0.00231679 -0.00232503 -0.00231146 -0.0023208 -0.00230746 -0.00231755 -0.00230469 -0.00231534 -0.00230306 -0.00231423 -0.00230252 -0.00231423 -0.00230306 -0.00231534 -0.00230469 -0.00231755 -0.00230746 -0.0023208 -0.00231146 -0.00232503 -0.00231679 -0.00233017 -0.00232358 -0.00233614 -0.00233197 -0.00234291 -0.00234204 -0.00235049 -0.00235375 -0.0023589 -0.00236669 -0.00236777 -0.00237902 -0.00237433 -0.00238393 -0.00236722 -0.00235978 -0.00231144 -0.00225016 -0.00212359 -0.00193809 -0.00164882 -0.00123141 -0.000655549 0.000137962 0.00117247 0.00254349 0.0042865 0.00651255 0.00926277 0.0126007 0.016536 0.021037 0.0260716 0.0315269 0.0373108 0.0432226 0.0490531 0.0545408 0.0594242 0.0634951 0.066527 0.0683553 0.0688081 0.0677974 0.0653246 0.0614408 0.0562725 0.0499529 0.0426755 0.0346551 0.0260823 0.0171555 0.00808064 -0.000909504 -0.00961305 -0.017899 -0.0256362 -0.0326574 -0.0388222 -0.044056 -0.0483273 -0.0516078 -0.0538625 -0.05513 -0.0554962 -0.0550322 -0.0538569 -0.0520854 -0.0498238 -0.0472414 -0.0444656 -0.0415763 -0.0386733 -0.035844 -0.0331736 -0.0306855 -0.0283649 -0.0262909 -0.0244892 -0.0228824 -0.0214889 -0.0203237 -0.0193097 -0.0184498 -0.0177749 -0.0172334 -0.0167964 -0.0164669 -0.0162321 
0 0.0008229 0.00163469 0.0024862 0.00340628 0.00438771 0.00545586 0.00665674 0.0080021 0.0094822 0.0111343 0.0130116 0.0151146 0.0174449 0.0199936 0.0227232 0.025655 0.0287468 0.0318522 0.0349364 0.0379496 0.0407066 0.0430792 0.0449529 0.0461968 0.0467089 0.0463447 0.0450383 0.0427757 0.0395031 0.0352582 0.0300774 0.0239978 0.0171569 0.00967412 0.00168059 -0.00670074 -0.0153443 -0.0240274 -0.0325629 -0.0407889 -0.0485304 -0.0556063 -0.0617854 -0.0668853 -0.0707598 -0.0732847 -0.0743946 -0.0740723 -0.0723942 -0.0694925 -0.0655285 -0.0607007 -0.0552334 -0.0493884 -0.0434298 -0.0375846 -0.0320366 -0.0269125 -0.0223052 -0.0182769 -0.0148474 -0.0120121 -0.00971637 -0.00789902 -0.00647885 -0.00538482 -0.00455778 -0.00393855 -0.00349466 -0.00317561 -0.00296372 -0.00281785 -0.00272799 -0.00266806 -0.00263093 -0.00260745 -0.00258849 -0.00257894 -0.00256493 -0.00256077 -0.00254812 -0.00254628 -0.00253464 -0.00253381 -0.00252356 -0.00252304 -0.00251451 -0.00251389 -0.00250721 -0.00250632 -0.00250143 -0.00250026 -0.002497 -0.00249563 -0.00249378 -0.00249238 -0.00249167 -0.00249045 -0.00249063 -0.00248981 -0.00249063 -0.00249045 -0.00249167 -0.00249238 -0.00249378 -0.00249563 -0.002497 -0.00250026 -0.00250143 -0.00250632 -0.00250721 -0.00251389 -0.00251451 -0.00252304 -0.00252355 -0.00253377 -0.00253454 -0.00254603 -0.00254749 -0.00255925 -0.00256139 -0.00257103 -0.00257147 -0.00257226 -0.00256102 -0.0025347 -0.00248373 -0.00238825 -0.00223775 -0.00199556 -0.00164632 -0.00114169 -0.000455743 0.00046903 0.00168182 0.00325356 0.00526132 0.00777503 0.0108616 0.0145435 0.018824 0.0236591 0.0289828 0.0346943 0.0406432 0.0466326 0.0524127 0.0577248 0.0623299 0.0660151 0.0686032 0.0699335 0.069897 0.0684627 0.0656559 0.0615659 0.0562953 0.0500032 0.0428984 0.0351673 0.0269867 0.0184827 0.00982491 0.00121523 -0.00721078 -0.0153184 -0.0230083 -0.03015 -0.0365932 -0.0422686 -0.0470728 -0.0509497 -0.0539025 -0.0558906 -0.0569448 -0.057128 -0.0565334 -0.0552962 -0.0534624 -0.0511556 -0.0485792 -0.0457977 -0.0428865 -0.0399822 -0.037162 -0.0344941 -0.0320113 -0.0297154 -0.0276507 -0.0258308 -0.0242321 -0.0228448 -0.0216555 -0.020664 -0.0198578 -0.0191922 -0.018658 -0.0182603 -0.0179825 
0 0.000953105 0.00190336 0.00288308 0.00393666 0.00508768 0.00634926 0.00774084 0.00927657 0.010981 0.0129012 0.0150452 0.0173909 0.019951 0.0227232 0.0256791 0.0287808 0.031931 0.0350483 0.0380784 0.040889 0.0433416 0.0453076 0.0466639 0.0473462 0.0472104 0.046135 0.0441539 0.0412412 0.0373838 0.0326399 0.0270579 0.020776 0.0138889 0.00648389 -0.00128093 -0.00933447 -0.0175407 -0.0257432 -0.0338242 -0.0416219 -0.0490457 -0.0559159 -0.062016 -0.0671825 -0.0712328 -0.0740814 -0.0756153 -0.0757772 -0.0746012 -0.0721473 -0.0685836 -0.064057 -0.0587878 -0.0530231 -0.0470147 -0.0410332 -0.0352575 -0.0298631 -0.0249421 -0.0205787 -0.0168169 -0.0136539 -0.0110745 -0.00900071 -0.00737707 -0.00611119 -0.00514796 -0.00442254 -0.00388922 -0.00351057 -0.00324419 -0.00307063 -0.00295243 -0.00288294 -0.00283464 -0.00280859 -0.00278831 -0.00277681 -0.00276666 -0.00275892 -0.00275256 -0.00274549 -0.00274089 -0.00273398 -0.00273044 -0.00272384 -0.00272104 -0.00271496 -0.00271276 -0.00270737 -0.00270571 -0.0027011 -0.00269997 -0.00269619 -0.00269561 -0.00269267 -0.00269269 -0.00269055 -0.00269122 -0.00268984 -0.00269122 -0.00269055 -0.00269269 -0.00269267 -0.00269561 -0.00269619 -0.00269997 -0.0027011 -0.0027057 -0.00270737 -0.00271276 -0.00271496 -0.00272104 -0.00272383 -0.00273042 -0.00273392 -0.00274073 -0.00274508 -0.00275155 -0.00275654 -0.00276125 -0.00276497 -0.00276336 -0.00275808 -0.00273644 -0.00269957 -0.0026236 -0.00250411 -0.00230577 -0.00201383 -0.00158571 -0.000991817 -0.000185719 0.00088678 0.00228119 0.00408378 0.00635531 0.00918452 0.0125996 0.0166296 0.0212425 0.0263849 0.0319799 0.0378869 0.0439549 0.0499323 0.0555827 0.0606382 0.0648751 0.0681154 0.0701731 0.0709586 0.0703905 0.0685103 0.0653892 0.0611035 0.0558001 0.0496068 0.0427494 0.0353948 0.0276581 0.0196773 0.0115352 0.00339111 -0.00465448 -0.0125164 -0.0200457 -0.0271795 -0.0338034 -0.0398009 -0.0450765 -0.0495079 -0.053106 -0.0558412 -0.0576327 -0.0585378 -0.0586233 -0.0579696 -0.0566694 -0.0547889 -0.0524867 -0.049904 -0.0471131 -0.0442336 -0.0413534 -0.0385371 -0.0358829 -0.033414 -0.0311208 -0.0290548 -0.0272404 -0.0256489 -0.0242786 -0.0231286 -0.0221484 -0.0213271 -0.0207084 -0.0202526 -0.0198954 
0 0.00105563 0.00219308 0.00337011 0.00459531 0.00593252 0.00738047 0.00896549 0.0107463 0.0127205 0.0148981 0.0173 0.0198907 0.022668 0.025655 0.0287808 0.0319403 0.0350894 0.0381638 0.0410141 0.0435103 0.0455546 0.0470117 0.0477909 0.0478114 0.0469489 0.0451804 0.0425232 0.0389825 0.0346052 0.0294205 0.0235609 0.0171819 0.0103266 0.00311226 -0.00435887 -0.0119932 -0.0196647 -0.0273351 -0.0348814 -0.042211 -0.0492536 -0.0558323 -0.0618135 -0.0669854 -0.0712027 -0.0743659 -0.0763181 -0.0770077 -0.0763554 -0.0744199 -0.071311 -0.0671521 -0.0621697 -0.0565455 -0.0505777 -0.0445017 -0.0385508 -0.0329156 -0.0276959 -0.0230243 -0.0189182 -0.0154418 -0.0125531 -0.0102202 -0.00837367 -0.0069219 -0.00581858 -0.00496551 -0.00434912 -0.00388593 -0.00357316 -0.00334968 -0.00320726 -0.003114 -0.00305198 -0.00301902 -0.00298796 -0.00297887 -0.00295786 -0.00295694 -0.00293956 -0.00294077 -0.00292593 -0.002927 -0.00291487 -0.00291495 -0.00290569 -0.00290457 -0.00289808 -0.00289585 -0.00289186 -0.0028888 -0.00288694 -0.00288337 -0.00288328 -0.00287953 -0.00288084 -0.00287725 -0.00287962 -0.00287649 -0.00287962 -0.00287725 -0.00288084 -0.00287953 -0.00288328 -0.00288337 -0.00288694 -0.0028888 -0.00289186 -0.00289585 -0.00289807 -0.00290457 -0.00290568 -0.00291494 -0.00291483 -0.00292689 -0.00292567 -0.00294011 -0.00293799 -0.00295329 -0.00294973 -0.00296142 -0.00295198 -0.00294771 -0.00291623 -0.00286573 -0.00277107 -0.00261305 -0.00237606 -0.00201059 -0.00151007 -0.000798694 0.000132473 0.00138067 0.00298002 0.00503423 0.00760441 0.0107506 0.0145189 0.0188749 0.0238168 0.0292304 0.0350509 0.0411005 0.0471914 0.0530845 0.0584951 0.0632222 0.0670154 0.0697431 0.0712425 0.0714393 0.0703566 0.0680308 0.0646131 0.0601725 0.0548601 0.048845 0.0422745 0.0353378 0.0280961 0.020667 0.0131342 0.00552935 -0.00204834 -0.00955013 -0.016849 -0.0238555 -0.030545 -0.0367701 -0.0424111 -0.0473662 -0.051559 -0.054974 -0.0575244 -0.0591859 -0.0600113 -0.0600241 -0.0593178 -0.057996 -0.0561205 -0.0538207 -0.0512505 -0.0485037 -0.045645 -0.0427702 -0.0399833 -0.0373392 -0.0348697 -0.0326048 -0.0305626 -0.0287609 -0.0271895 -0.0258245 -0.0246808 -0.023752 -0.0229934 -0.0224099 -0.0220199 
0 0.00126963 0.00256396 0.00390291 0.0053478 0.00691047 0.00857418 0.0104136 0.0124646 0.0146854 0.017107 0.0197536 0.0225847 0.0255962 0.0287468 0.031931 0.0350894 0.03817 0.0410586 0.0436095 0.0456978 0.0472379 0.0481322 0.0482559 0.0475286 0.0459379 0.0434804 0.0401657 0.0360586 0.0312145 0.0257129 0.0197081 0.0133063 0.00659018 -0.000358258 -0.00746048 -0.0145848 -0.0216945 -0.0287734 -0.0357504 -0.0425884 -0.0491775 -0.0554337 -0.0612306 -0.0663736 -0.0707492 -0.0741853 -0.076568 -0.0777676 -0.0776677 -0.0762965 -0.0736775 -0.0699727 -0.0653255 -0.0599387 -0.0540801 -0.0479735 -0.0419125 -0.0360542 -0.0305861 -0.0256011 -0.0211754 -0.0173734 -0.0141648 -0.0115639 -0.0094605 -0.00782486 -0.00654375 -0.0055719 -0.004843 -0.00430061 -0.00392572 -0.00364825 -0.00348106 -0.00335072 -0.00328701 -0.00322778 -0.0032051 -0.00317715 -0.00316581 -0.00315227 -0.0031414 -0.003136 -0.00312294 -0.00312305 -0.00310801 -0.00311198 -0.00309586 -0.00310243 -0.00308612 -0.00309431 -0.00307848 -0.00308762 -0.00307267 -0.00308238 -0.00306849 -0.00307862 -0.00306578 -0.00307636 -0.00306445 -0.0030756 -0.00306445 -0.00307636 -0.00306578 -0.00307862 -0.00306849 -0.00308238 -0.00307267 -0.00308762 -0.00307848 -0.00309431 -0.00308612 -0.00310243 -0.00309585 -0.00311196 -0.00310794 -0.00312289 -0.00312252 -0.00313497 -0.00313897 -0.00314676 -0.00315378 -0.00315188 -0.00315405 -0.00312868 -0.00310216 -0.00301947 -0.00291054 -0.00270308 -0.00241747 -0.00197753 -0.00137959 -0.000556696 0.000536768 0.00195687 0.0038014 0.00611187 0.00900401 0.0124755 0.016585 0.0212715 0.0264975 0.0321719 0.0381496 0.0442903 0.050323 0.0560388 0.0611465 0.0654486 0.0687595 0.0709076 0.0718245 0.0714338 0.0698312 0.067106 0.0633903 0.0588359 0.0535537 0.0477469 0.0415293 0.0350178 0.0283121 0.0214633 0.0145567 0.00757046 0.000517753 -0.00652592 -0.0135015 -0.0203221 -0.0269483 -0.03329 -0.0391997 -0.0445827 -0.0493293 -0.0533457 -0.0565921 -0.0590267 -0.0606153 -0.0613655 -0.0613466 -0.0606521 -0.0593394 -0.0574742 -0.0552009 -0.0526635 -0.0499295 -0.0470933 -0.0442722 -0.0415109 -0.0388814 -0.0364611 -0.0342188 -0.0321691 -0.0303848 -0.0288402 -0.0275179 -0.0264385 -0.0255515 -0.0248513 -0.0243802 
