0 0 0 0 0 0 0 0 0 0 0 0 0 0 0 0 0 0 0 0 0 0 0 0 0 0 0 0 0 0 0 0 0 0 0 0 0 0 0 0 0 0 0 0 0 0 0 0 0 0 0 0 0 0 0 0 0 0 0 0 0 0 0 0 0 0 0 0 0 0 0 0 0 0 0 0 0 0 0 0 0 0 0 0 0 0 0 0 0 0 0 0 0 0 0 0 0 0 0 0 0 0 0 0 0 0 0 0 0 0 0 0 0 0 0 0 0 0 0 0 0 0 0 0 0 0 0 0 0 0 0 0 0 0 0 0 0 0 0 0 0 0 0 0 0 0 0 0 0 0 0 0 0 0 0 0 0 0 0 0 0 0 0 0 0 0 0 0 0 0 0 0 0 0 0 0 0 0 0 0 0 0 0 0 0 0 0 0 0 0 0 0 0 0 0 0 0 0 0 0 
0 -0.00262217 -0.00523031 -0.00769221 -0.00982954 -0.0115722 -0.0129668 -0.0140456 -0.0147601 -0.0150578 -0.0149673 -0.0145852 -0.014008 -0.0132874 -0.0124362 -0.0114671 -0.0104268 -0.00938686 -0.00840712 -0.00751475 -0.00670765 -0.00596916 -0.00528673 -0.00466178 -0.00410336 -0.00361917 -0.0032106 -0.00286984 -0.0025834 -0.00233872 -0.00212645 -0.00194161 -0.00178313 -0.0016501 -0.00154033 -0.00145018 -0.0013741 -0.00130681 -0.00124455 -0.00118514 -0.00112876 -0.0010767 -0.00103035 -0.000990913 -0.000958232 -0.000931255 -0.000908322 -0.000887283 -0.000866596 -0.000845141 -0.000822575 -0.000799382 -0.000776241 -0.000754247 -0.000734236 -0.000716776 -0.000702167 -0.000690129 -0.000680308 -0.000671991 -0.000664502 -0.000657244 -0.000649648 -0.000641503 -0.000632597 -0.000623053 -0.000613011 -0.000602729 -0.000592532 -0.000582639 -0.00057337 -0.000564825 -0.000557198 -0.000550481 -0.000544704 -0.000539804 -0.000535679 -0.00053226 -0.000529378 -0.000526985 -0.000524904 -0.000523115 -0.000521472 -0.000519978 -0.000518535 -0.000517157 -0.000515796 -0.000514465 -0.000513158 -0.00051188 -0.000510655 -0.000509477 -0.000508388 -0.000507369 -0.000506474 -0.000505673 -0.000505024 -0.000504486 -0.000504119 -0.000503876 -0.000503812 -0.000503876 -0.000504119 -0.000504486 -0.000505024 -0.000505673 -0.000506474 -0.000507369 -0.000508388 -0.000509477 -0.000510655 -0.00051188 -0.000513158 -0.000514465 -0.000515796 -0.000517157 -0.000518535 -0.000519978 -0.000521472 -0.000523115 -0.000524904 -0.000526985 -0.000529378 -0.00053226 -0.000535679 -0.000539804 -0.000544704 -0.000550481 -0.000557198 -0.000564825 -0.00057337 -0.000582639 -0.000592532 -0.000602729 -0.000613011 -0.000623053 -0.000632597 -0.000641503 -0.000649648 -0.000657244 -0.000664502 -0.000671991 -0.000680308 -0.000690129 -0.000702167 -0.000716776 -0.000734236 -0.000754247 -0.000776241 -0.000799382 -0.000822575 -0.000845141 -0.000866596 -0.000887283 -0.000908322 -0.000931255 -0.000958232 -0.000990913 -0.00103035 -0.0010767 -0.00112876 -0.00118514 -0.00124454 -0.00130678 -0.00137401 -0.00144993 -0.00153964 -0.00164831 -0.00177878 -0.00193163 -0.00210485 -0.00229464 -0.00249863 -0.00271636 -0.00294904 -0.00319932 -0.00346726 -0.00374803 -0.00403229 -0.00430376 -0.00453874 -0.00470836 -0.00477826 -0.00471375 -0.00448979 -0.00409024 -0.00349958 -0.00269866 -0.00166465 -0.000383223 0.00112741 0.0028158 0.00462949 0.00652786 0.00845335 0.0103153 0.0120173 0.0134838 0.0146527 0.0154617 
0 -0.00523031 -0.010316 -0.015057 -0.0192499 -0.0227754 -0.0255978 -0.0276982 -0.0290499 -0.0296527 -0.0295661 -0.0289044 -0.0278008 -0.0263635 -0.0246655 -0.0227753 -0.0207832 -0.0187887 -0.0168748 -0.0150931 -0.013461 -0.0119736 -0.0106231 -0.00940496 -0.00831739 -0.00735994 -0.00653002 -0.00581992 -0.00521913 -0.00471471 -0.00429134 -0.00393449 -0.00363084 -0.00336882 -0.00314054 -0.00294056 -0.0027652 -0.00261244 -0.00247987 -0.0023648 -0.00226443 -0.00217524 -0.00209443 -0.0020198 -0.00194981 -0.00188418 -0.00182287 -0.00176627 -0.00171484 -0.00166842 -0.00162686 -0.00158941 -0.00155515 -0.00152329 -0.00149284 -0.00146335 -0.00143442 -0.001406 -0.00137831 -0.00135151 -0.00132607 -0.00130216 -0.00128006 -0.00125987 -0.0012415 -0.00122494 -0.00120985 -0.0011961 -0.00118335 -0.00117139 -0.00116 -0.00114897 -0.00113825 -0.00112769 -0.00111734 -0.00110711 -0.00109713 -0.00108736 -0.00107792 -0.00106883 -0.00106014 -0.00105192 -0.00104415 -0.00103692 -0.00103016 -0.00102397 -0.00101825 -0.00101307 -0.00100834 -0.00100413 -0.00100032 -0.000996984 -0.000994023 -0.000991487 -0.000989298 -0.000987496 -0.000986018 -0.000984899 -0.000984088 -0.000983619 -0.000983451 -0.000983619 -0.000984088 -0.000984899 -0.000986018 -0.000987496 -0.000989298 -0.000991487 -0.000994023 -0.000996984 -0.00100032 -0.00100413 -0.00100834 -0.00101307 -0.00101825 -0.00102397 -0.00103016 -0.00103692 -0.00104415 -0.00105192 -0.00106014 -0.00106883 -0.00107792 -0.00108736 -0.00109713 -0.00110711 -0.00111734 -0.00112769 -0.00113825 -0.00114897 -0.00116 -0.00117139 -0.00118335 -0.0011961 -0.00120985 -0.00122494 -0.0012415 -0.00125987 -0.00128006 -0.00130216 -0.00132607 -0.00135151 -0.00137831 -0.001406 -0.00143442 -0.00146335 -0.00149284 -0.00152329 -0.00155515 -0.00158941 -0.00162686 -0.00166842 -0.00171484 -0.00176627 -0.00182287 -0.00188418 -0.00194981 -0.0020198 -0.00209443 -0.00217524 -0.00226443 -0.0023648 -0.00247984 -0.00261236 -0.00276496 -0.00293989 -0.00313875 -0.00336434 -0.00362027 -0.00391087 -0.00424151 -0.00461543 -0.0050325 -0.005489 -0.00597643 -0.0064852 -0.00700819 -0.00753927 -0.00807062 -0.00858352 -0.0090352 -0.00935776 -0.00947055 -0.00929966 -0.00879945 -0.00795353 -0.00674555 -0.0051349 -0.00306791 -0.000516065 0.0024848 0.00583167 0.00940486 0.0131129 0.0168625 0.0205017 0.0238347 0.0266936 0.0289598 0.0305272 
0 -0.00769221 -0.015057 -0.0218725 -0.0279907 -0.0332442 -0.0374541 -0.0405298 -0.0425019 -0.0434502 -0.0434536 -0.0426158 -0.0410833 -0.0390147 -0.0365569 -0.0338462 -0.0310058 -0.0281465 -0.0253692 -0.0227503 -0.020329 -0.0181175 -0.0161139 -0.0143082 -0.0126923 -0.0112624 -0.0100123 -0.00893361 -0.00801513 -0.00723906 -0.006585 -0.00603249 -0.00556078 -0.00515344 -0.00479875 -0.00448767 -0.00421529 -0.00397782 -0.00377102 -0.00359139 -0.0034341 -0.00329435 -0.00316852 -0.00305294 -0.00294584 -0.00284632 -0.00275377 -0.0026687 -0.00259084 -0.00252006 -0.00245598 -0.00239741 -0.00234366 -0.00229347 -0.00224597 -0.00220065 -0.00215684 -0.00211471 -0.00207406 -0.0020352 -0.00199837 -0.00196359 -0.00193124 -0.00190108 -0.00187327 -0.00184751 -0.00182364 -0.00180149 -0.00178067 -0.00176116 -0.00174252 -0.00172482 -0.00170777 -0.00169139 -0.00167561 -0.00166038 -0.00164578 -0.0016317 -0.00161834 -0.00160551 -0.00159346 -0.00158198 -0.00157129 -0.00156121 -0.00155189 -0.00154321 -0.00153523 -0.0015279 -0.0015212 -0.00151515 -0.00150967 -0.00150481 -0.00150047 -0.00149674 -0.00149347 -0.00149079 -0.00148855 -0.00148689 -0.00148563 -0.00148495 -0.00148467 -0.00148495 -0.00148563 -0.00148689 -0.00148855 -0.00149079 -0.00149347 -0.00149674 -0.00150047 -0.00150481 -0.00150967 -0.00151515 -0.0015212 -0.0015279 -0.00153523 -0.00154321 -0.00155189 -0.00156121 -0.00157129 -0.00158198 -0.00159346 -0.00160551 -0.00161834 -0.0016317 -0.00164578 -0.00166038 -0.00167561 -0.00169139 -0.00170777 -0.00172482 -0.00174252 -0.00176116 -0.00178067 -0.00180149 -0.00182364 -0.00184751 -0.00187327 -0.00190108 -0.00193124 -0.00196359 -0.00199837 -0.0020352 -0.00207406 -0.00211471 -0.00215684 -0.00220065 -0.00224597 -0.00229347 -0.00234366 -0.00239741 -0.00245598 -0.00252006 -0.00259084 -0.0026687 -0.00275377 -0.00284632 -0.00294584 -0.00305294 -0.00316852 -0.00329435 -0.00343409 -0.00359137 -0.00377096 -0.00397762 -0.00421473 -0.00448617 -0.00479493 -0.00514423 -0.00553981 -0.00598731 -0.00649294 -0.00706174 -0.0076923 -0.00837798 -0.00910731 -0.00986446 -0.0106363 -0.0114113 -0.0121698 -0.0128767 -0.0134688 -0.0138508 -0.013917 -0.0135756 -0.0127593 -0.0114268 -0.00954257 -0.00705425 -0.00391241 -0.000113782 0.00428511 0.00917626 0.0144101 0.0198184 0.0252297 0.0304467 0.0352307 0.0393431 0.0425916 0.044825 
0 -0.00982954 -0.0192499 -0.0279907 -0.0358629 -0.0426424 -0.0481064 -0.0521531 -0.0548114 -0.0561639 -0.0563132 -0.0553943 -0.053572 -0.051033 -0.047977 -0.0445871 -0.0410133 -0.0373924 -0.0338524 -0.0304869 -0.027349 -0.0244624 -0.0218264 -0.0194346 -0.0172883 -0.0153872 -0.0137239 -0.0122853 -0.0110485 -0.0099857 -0.00907353 -0.00829015 -0.00761737 -0.00704176 -0.00654859 -0.00612408 -0.00575636 -0.00543299 -0.0051455 -0.0048882 -0.00465649 -0.00444919 -0.00426456 -0.0041006 -0.00395579 -0.00382643 -0.00370965 -0.00360245 -0.00350176 -0.00340657 -0.00331554 -0.0032288 -0.00314696 -0.00307012 -0.00299936 -0.00293437 -0.00287524 -0.00282151 -0.0027721 -0.0027266 -0.00268362 -0.00264277 -0.00260327 -0.0025647 -0.00252714 -0.00249022 -0.0024545 -0.00241979 -0.00238666 -0.00235514 -0.00232544 -0.0022978 -0.00227202 -0.0022484 -0.0022265 -0.00220658 -0.00218815 -0.00217133 -0.00215577 -0.0021414 -0.0021281 -0.00211564 -0.00210411 -0.00209318 -0.00208308 -0.00207345 -0.0020646 -0.00205617 -0.00204848 -0.00204122 -0.00203468 -0.00202861 -0.00202325 -0.00201841 -0.00201427 -0.00201068 -0.0020078 -0.0020055 -0.0020039 -0.00200289 -0.00200259 -0.00200289 -0.0020039 -0.0020055 -0.0020078 -0.00201068 -0.00201427 -0.00201841 -0.00202325 -0.00202861 -0.00203468 -0.00204122 -0.00204848 -0.00205617 -0.0020646 -0.00207345 -0.00208308 -0.00209318 -0.00210411 -0.00211564 -0.0021281 -0.0021414 -0.00215577 -0.00217133 -0.00218815 -0.00220658 -0.0022265 -0.0022484 -0.00227202 -0.0022978 -0.00232544 -0.00235514 -0.00238666 -0.00241979 -0.0024545 -0.00249022 -0.00252714 -0.0025647 -0.00260327 -0.00264277 -0.00268362 -0.0027266 -0.0027721 -0.00282151 -0.00287524 -0.00293437 -0.00299936 -0.00307012 -0.00314696 -0.0032288 -0.00331554 -0.00340657 -0.00350176 -0.00360245 -0.00370965 -0.00382643 -0.00395579 -0.0041006 -0.00426455 -0.00444919 -0.00465647 -0.00488815 -0.00514535 -0.00543254 -0.00575514 -0.00612094 -0.00654092 -0.00702407 -0.00757868 -0.00821007 -0.0089166 -0.00969471 -0.0105376 -0.0114356 -0.0123817 -0.013367 -0.014375 -0.0153804 -0.016336 -0.0171679 -0.0177871 -0.0180932 -0.0179864 -0.0173802 -0.0161887 -0.0143155 -0.0116769 -0.00822691 -0.00396841 0.00104211 0.00672165 0.0129878 0.0197118 0.0266565 0.0335225 0.0400485 0.0460135 0.0511681 0.0552418 0.0580251 
0 -0.0115722 -0.0227754 -0.0332442 -0.0426424 -0.0507117 -0.0572915 -0.0622885 -0.0656657 -0.0674794 -0.0678742 -0.0670129 -0.0650579 -0.0622171 -0.0587365 -0.054838 -0.0507028 -0.0464872 -0.0423173 -0.0382926 -0.0344972 -0.0309811 -0.027758 -0.0248303 -0.022194 -0.0198375 -0.0177532 -0.0159287 -0.0143415 -0.012969 -0.0117865 -0.0107662 -0.00988684 -0.00912823 -0.00847064 -0.0079005 -0.00740352 -0.00696751 -0.00658471 -0.00624583 -0.00594493 -0.00567756 -0.00543778 -0.00522305 -0.00502956 -0.00485388 -0.00469468 -0.00454861 -0.00441464 -0.00429133 -0.00417672 -0.00407084 -0.00397182 -0.00387944 -0.0037931 -0.00371166 -0.00363557 -0.00356354 -0.00349592 -0.00343221 -0.003372 -0.00331565 -0.00326219 -0.00321223 -0.00316492 -0.00312044 -0.00307854 -0.00303874 -0.00300139 -0.00296565 -0.00293208 -0.00289991 -0.00286952 -0.00284056 -0.002813 -0.00278696 -0.00276205 -0.00273873 -0.00271638 -0.00269561 -0.00267577 -0.0026574 -0.00263999 -0.0026239 -0.00260883 -0.0025949 -0.00258203 -0.00257014 -0.00255936 -0.00254941 -0.00254059 -0.00253249 -0.0025255 -0.00251917 -0.00251395 -0.00250932 -0.00250579 -0.00250281 -0.00250092 -0.00249958 -0.00249931 -0.00249958 -0.00250092 -0.00250281 -0.00250579 -0.00250932 -0.00251395 -0.00251917 -0.0025255 -0.00253249 -0.00254059 -0.00254941 -0.00255936 -0.00257014 -0.00258203 -0.0025949 -0.00260883 -0.0026239 -0.00263999 -0.0026574 -0.00267577 -0.00269561 -0.00271638 -0.00273873 -0.00276205 -0.00278696 -0.002813 -0.00284056 -0.00286952 -0.00289991 -0.00293208 -0.00296565 -0.00300139 -0.00303874 -0.00307854 -0.00312044 -0.00316492 -0.00321223 -0.00326219 -0.00331565 -0.003372 -0.00343221 -0.00349592 -0.00356354 -0.00363557 -0.00371166 -0.0037931 -0.00387944 -0.00397182 -0.00407084 -0.00417672 -0.00429133 -0.00441464 -0.00454861 -0.00469468 -0.00485388 -0.00502956 -0.00522305 -0.00543778 -0.00567755 -0.00594489 -0.00624571 -0.00658436 -0.00696653 -0.00740098 -0.00789424 -0.008456 -0.0090958 -0.00981878 -0.0106309 -0.0115318 -0.0125148 -0.0135735 -0.0146951 -0.0158643 -0.0170668 -0.0182739 -0.0194388 -0.020495 -0.0213457 -0.0218811 -0.022001 -0.0216086 -0.0206078 -0.0188982 -0.0163599 -0.0128875 -0.00845468 -0.00311414 0.00304873 0.00993639 0.0174386 0.0254039 0.0335781 0.0416139 0.0491869 0.0560531 0.0619692 0.0666482 0.0698493 
0 -0.0129668 -0.0255978 -0.0374541 -0.0481064 -0.0572915 -0.0648741 -0.0707347 -0.0748053 -0.0771529 -0.0779255 -0.0772652 -0.0753396 -0.0723873 -0.0686772 -0.0644623 -0.0599613 -0.0553294 -0.0506728 -0.0461052 -0.0417431 -0.0376661 -0.0339186 -0.0305124 -0.0274255 -0.0246363 -0.0221364 -0.0199137 -0.0179584 -0.0162589 -0.0147868 -0.0135128 -0.0124088 -0.0114438 -0.0105979 -0.00985672 -0.0092054 -0.00863697 -0.00814143 -0.00770741 -0.0073275 -0.00699001 -0.00668708 -0.00641366 -0.00616314 -0.00593484 -0.00572651 -0.00553643 -0.00536524 -0.00520957 -0.00506886 -0.00494067 -0.00482188 -0.00471196 -0.00460756 -0.0045087 -0.00441429 -0.00432363 -0.00423792 -0.00415594 -0.00407931 -0.00400727 -0.00394017 -0.00387823 -0.00382029 -0.00376718 -0.00371714 -0.00367082 -0.00362696 -0.00358549 -0.00354619 -0.00350824 -0.00347233 -0.00343727 -0.00340414 -0.00337184 -0.00334129 -0.00331188 -0.00328398 -0.00325758 -0.00323248 -0.00320916 -0.00318695 -0.00316667 -0.00314736 -0.00313 -0.00311352 -0.00309888 -0.0030851 -0.003073 -0.00306175 -0.00305202 -0.00304315 -0.00303563 -0.00302898 -0.00302356 -0.00301903 -0.00301562 -0.00301312 -0.00301168 -0.00301116 -0.00301168 -0.00301312 -0.00301562 -0.00301903 -0.00302356 -0.00302898 -0.00303563 -0.00304315 -0.00305202 -0.00306175 -0.003073 -0.0030851 -0.00309888 -0.00311352 -0.00313 -0.00314736 -0.00316667 -0.00318695 -0.00320916 -0.00323248 -0.00325758 -0.00328398 -0.00331188 -0.00334129 -0.00337184 -0.00340414 -0.00343727 -0.00347233 -0.00350824 -0.00354619 -0.00358549 -0.00362696 -0.00367082 -0.00371714 -0.00376718 -0.00382029 -0.00387823 -0.00394017 -0.00400727 -0.00407931 -0.00415594 -0.00423792 -0.00432363 -0.00441429 -0.0045087 -0.00460756 -0.00471196 -0.00482188 -0.00494067 -0.00506886 -0.00520957 -0.00536524 -0.00553643 -0.00572651 -0.00593484 -0.00616314 -0.00641366 -0.00668708 -0.00698998 -0.00732741 -0.00770713 -0.00814067 -0.00863495 -0.00920036 -0.00984478 -0.0105711 -0.0113867 -0.0122938 -0.0132932 -0.0143894 -0.015577 -0.0168469 -0.0181872 -0.0195689 -0.020957 -0.0223057 -0.0235417 -0.0245787 -0.0253188 -0.0256467 -0.0254568 -0.0246503 -0.0231081 -0.0207093 -0.0173568 -0.0129835 -0.00758659 -0.00123393 0.00599207 0.0139937 0.022589 0.031524 0.0405437 0.0493826 0.0577201 0.0652201 0.0715987 0.0766228 0.0800827 
0 -0.0140456 -0.0276982 -0.0405298 -0.0521531 -0.0622885 -0.0707347 -0.0773554 -0.0821164 -0.0850664 -0.0862906 -0.0859362 -0.0842273 -0.0814014 -0.0776916 -0.0733614 -0.0686566 -0.0637449 -0.0587567 -0.0538214 -0.0490443 -0.0445154 -0.0403109 -0.0364548 -0.0329367 -0.0297482 -0.0268694 -0.0242804 -0.0219757 -0.0199375 -0.0181423 -0.0165733 -0.0152017 -0.0140013 -0.012954 -0.0120346 -0.011226 -0.0105155 -0.00988538 -0.00932846 -0.00883559 -0.0083966 -0.00800882 -0.0076632 -0.00735438 -0.00707883 -0.00682815 -0.00660097 -0.00639234 -0.00619887 -0.00602106 -0.00585472 -0.00570142 -0.00555953 -0.00542776 -0.00530734 -0.0051948 -0.00509149 -0.00499486 -0.00490409 -0.00481925 -0.00473766 -0.00466103 -0.00458683 -0.00451638 -0.00444895 -0.00438425 -0.00432349 -0.00426499 -0.0042108 -0.00415897 -0.00411109 -0.00406595 -0.00402388 -0.0039849 -0.00394803 -0.00391434 -0.00388204 -0.00385271 -0.00382438 -0.00379861 -0.00377377 -0.00375097 -0.00372924 -0.00370907 -0.00369019 -0.00367246 -0.00365626 -0.00364089 -0.00362726 -0.00361426 -0.00360313 -0.0035925 -0.00358383 -0.00357559 -0.00356936 -0.00356353 -0.00355971 -0.00355629 -0.00355489 -0.00355388 -0.00355489 -0.00355629 -0.00355971 -0.00356353 -0.00356936 -0.00357559 -0.00358383 -0.0035925 -0.00360313 -0.00361426 -0.00362726 -0.00364089 -0.00365626 -0.00367246 -0.00369019 -0.00370907 -0.00372924 -0.00375097 -0.00377377 -0.00379861 -0.00382438 -0.00385271 -0.00388204 -0.00391434 -0.00394803 -0.0039849 -0.00402388 -0.00406595 -0.00411109 -0.00415897 -0.0042108 -0.00426499 -0.00432349 -0.00438425 -0.00444895 -0.00451638 -0.00458683 -0.00466103 -0.00473766 -0.00481925 -0.00490409 -0.00499486 -0.00509149 -0.0051948 -0.00530734 -0.00542776 -0.00555953 -0.00570142 -0.00585472 -0.00602106 -0.00619887 -0.00639234 -0.00660097 -0.00682815 -0.00707883 -0.00735438 -0.00766319 -0.0080088 -0.00839653 -0.00883538 -0.00932787 -0.0098838 -0.0105114 -0.0112164 -0.0120127 -0.0129068 -0.0139047 -0.0150146 -0.0162298 -0.0175441 -0.0189481 -0.0204176 -0.0219335 -0.0234679 -0.0249686 -0.026375 -0.0275968 -0.0285131 -0.0290116 -0.0289833 -0.0283162 -0.0269147 -0.0246708 -0.0214569 -0.0171966 -0.0118813 -0.00553168 0.00179272 0.00998536 0.0189062 0.0283368 0.03797 0.0475265 0.0568013 0.0655319 0.0733461 0.0799159 0.0850495 0.0885908 
0 -0.0147601 -0.0290499 -0.0425019 -0.0548114 -0.0656657 -0.0748053 -0.0821164 -0.0875698 -0.0911327 -0.0928505 -0.0929294 -0.0916227 -0.0891226 -0.0856291 -0.081392 -0.0766475 -0.0716052 -0.0664538 -0.0613149 -0.0562696 -0.0514215 -0.0468555 -0.0426116 -0.0387186 -0.0351741 -0.0319453 -0.0290174 -0.0263764 -0.0239985 -0.0218787 -0.0200025 -0.0183436 -0.0168884 -0.0156105 -0.0144821 -0.0134892 -0.0126079 -0.0118233 -0.0111289 -0.0105086 -0.00995914 -0.00947327 -0.00903957 -0.0086566 -0.00831303 -0.00800331 -0.00772455 -0.00746742 -0.00723323 -0.00701678 -0.00681605 -0.00663261 -0.00646101 -0.00630433 -0.0061589 -0.00602386 -0.00589998 -0.00578264 -0.00567473 -0.00557197 -0.00547555 -0.0053847 -0.00529743 -0.00521622 -0.00513739 -0.00506417 -0.00499371 -0.00492752 -0.00486515 -0.00480554 -0.00475056 -0.00469731 -0.00464875 -0.00460164 -0.00455852 -0.00451715 -0.00447871 -0.00444257 -0.00440826 -0.00437678 -0.00434629 -0.00431892 -0.00429204 -0.00426834 -0.00424494 -0.00422455 -0.00420451 -0.0041872 -0.0041704 -0.004156 -0.00414234 -0.00413075 -0.00412013 -0.00411128 -0.00410359 -0.00409747 -0.00409263 -0.00408921 -0.00408717 -0.00408647 -0.00408717 -0.00408921 -0.00409263 -0.00409747 -0.00410359 -0.00411128 -0.00412013 -0.00413075 -0.00414234 -0.004156 -0.0041704 -0.0041872 -0.00420451 -0.00422455 -0.00424494 -0.00426834 -0.00429204 -0.00431892 -0.00434629 -0.00437678 -0.00440826 -0.00444257 -0.00447871 -0.00451715 -0.00455852 -0.00460164 -0.00464875 -0.00469731 -0.00475056 -0.00480554 -0.00486515 -0.00492752 -0.00499371 -0.00506417 -0.00513739 -0.00521622 -0.00529743 -0.0053847 -0.00547555 -0.00557197 -0.00567473 -0.00578264 -0.00589998 -0.00602386 -0.0061589 -0.00630433 -0.00646101 -0.00663261 -0.00681605 -0.00701678 -0.00723323 -0.00746742 -0.00772455 -0.00800331 -0.00831303 -0.0086566 -0.00903955 -0.00947321 -0.00995898 -0.0105082 -0.0111276 -0.0118202 -0.0126002 -0.0134716 -0.0144434 -0.0155303 -0.0167307 -0.0180498 -0.0194832 -0.0210072 -0.0226065 -0.0242522 -0.0259031 -0.0275275 -0.0290629 -0.0304175 -0.0314917 -0.0321513 -0.0322597 -0.031717 -0.0304185 -0.028255 -0.0251453 -0.0210079 -0.0157859 -0.00950589 -0.00222598 0.00599766 0.0150265 0.0246282 0.0345626 0.0445888 0.0544348 0.0638377 0.0725514 0.0802986 0.0868015 0.0918578 0.0953245 
0 -0.0150578 -0.0296527 -0.0434502 -0.0561639 -0.0674794 -0.0771529 -0.0850664 -0.0911327 -0.0952885 -0.0976072 -0.0982769 -0.0974853 -0.0954259 -0.0923243 -0.088382 -0.0837987 -0.0788224 -0.0736602 -0.0684302 -0.0632469 -0.0582223 -0.0534219 -0.0489104 -0.0447341 -0.0408777 -0.0373276 -0.0340823 -0.0311165 -0.0284247 -0.0260069 -0.0238341 -0.0218924 -0.0201657 -0.0186209 -0.0172489 -0.0160326 -0.0149489 -0.0139939 -0.0131466 -0.0123917 -0.0117238 -0.0111225 -0.0105844 -0.0101027 -0.00966565 -0.00927703 -0.00892603 -0.00861048 -0.00832919 -0.00807121 -0.00783957 -0.0076253 -0.00742642 -0.00724319 -0.00706818 -0.0069068 -0.00675301 -0.00660924 -0.00647582 -0.00634911 -0.00623416 -0.00612468 -0.00602509 -0.00593158 -0.0058441 -0.00576359 -0.00568567 -0.0056146 -0.00554457 -0.00548001 -0.00541688 -0.00535716 -0.00530028 -0.00524495 -0.00519382 -0.00514313 -0.00509735 -0.00505174 -0.00501095 -0.00497075 -0.00493463 -0.00489987 -0.00486815 -0.00483863 -0.00481107 -0.00478642 -0.00476281 -0.00474259 -0.00472272 -0.00470653 -0.00469023 -0.00467772 -0.00466482 -0.00465572 -0.0046461 -0.00464023 -0.00463377 -0.00463102 -0.00462766 -0.00462797 -0.00462766 -0.00463102 -0.00463377 -0.00464023 -0.0046461 -0.00465572 -0.00466482 -0.00467772 -0.00469023 -0.00470653 -0.00472272 -0.00474259 -0.00476281 -0.00478642 -0.00481107 -0.00483863 -0.00486815 -0.00489987 -0.00493463 -0.00497075 -0.00501095 -0.00505174 -0.00509735 -0.00514313 -0.00519382 -0.00524495 -0.00530028 -0.00535716 -0.00541688 -0.00548001 -0.00554457 -0.0056146 -0.00568567 -0.00576359 -0.0058441 -0.00593158 -0.00602509 -0.00612468 -0.00623416 -0.00634911 -0.00647582 -0.00660924 -0.00675301 -0.0069068 -0.00706818 -0.00724319 -0.00742642 -0.0076253 -0.00783957 -0.00807121 -0.00832919 -0.00861048 -0.00892603 -0.00927703 -0.00966565 -0.0101026 -0.0105844 -0.0111224 -0.0117235 -0.0123908 -0.0131442 -0.0139879 -0.0149349 -0.0160013 -0.0171831 -0.0184897 -0.0199173 -0.0214466 -0.0230743 -0.0247753 -0.0265192 -0.0282889 -0.0300305 -0.0316782 -0.0331572 -0.034339 -0.0350938 -0.0353113 -0.0348626 -0.0336455 -0.0315791 -0.0285433 -0.0244467 -0.0192781 -0.0130486 -0.00580212 0.0023585 0.0113288 0.0209674 0.0310129 0.0411846 0.0512892 0.0611118 0.0703414 0.0787061 0.0860508 0.0922252 0.0970276 0.100303 
0 -0.0149673 -0.0295661 -0.0434536 -0.0563132 -0.0678742 -0.0779255 -0.0862906 -0.0928505 -0.0976072 -0.100632 -0.101982 -0.101784 -0.100284 -0.0977062 -0.0942014 -0.0899671 -0.0852416 -0.0802055 -0.0750254 -0.0698594 -0.0647858 -0.059871 -0.0552075 -0.0508267 -0.0467315 -0.0429425 -0.0394373 -0.0361944 -0.0332275 -0.0305169 -0.0280479 -0.0258251 -0.0238167 -0.0220074 -0.0203919 -0.0189372 -0.0176379 -0.0164816 -0.0154419 -0.0145198 -0.0136955 -0.012955 -0.0122994 -0.011707 -0.0111779 -0.0107053 -0.0102749 -0.00989238 -0.0095427 -0.0092258 -0.00894027 -0.00867456 -0.00843621 -0.00821367 -0.00800933 -0.00782224 -0.00764472 -0.00748421 -0.00733014 -0.00718853 -0.00705512 -0.00692807 -0.00681173 -0.00669797 -0.00659492 -0.00649443 -0.00640186 -0.00631424 -0.00623072 -0.00615461 -0.00607972 -0.00601313 -0.0059468 -0.00588775 -0.00582969 -0.00577666 -0.00572627 -0.00567835 -0.00563473 -0.0055915 -0.00555372 -0.00551507 -0.00548229 -0.00544822 -0.00541981 -0.00539032 -0.00536586 -0.00534089 -0.00532013 -0.00529957 -0.00528239 -0.00526611 -0.00525244 -0.00524028 -0.00523013 -0.00522195 -0.00521533 -0.00521099 -0.00520795 -0.00520734 -0.00520795 -0.00521099 -0.00521533 -0.00522195 -0.00523013 -0.00524028 -0.00525244 -0.00526611 -0.00528239 -0.00529957 -0.00532013 -0.00534089 -0.00536586 -0.00539032 -0.00541981 -0.00544822 -0.00548229 -0.00551507 -0.00555372 -0.0055915 -0.00563473 -0.00567835 -0.00572627 -0.00577666 -0.00582969 -0.00588775 -0.0059468 -0.00601313 -0.00607972 -0.00615461 -0.00623072 -0.00631424 -0.00640186 -0.00649443 -0.00659492 -0.00669797 -0.00681173 -0.00692807 -0.00705512 -0.00718853 -0.00733014 -0.00748421 -0.00764472 -0.00782224 -0.00800933 -0.00821367 -0.00843621 -0.00867456 -0.00894027 -0.0092258 -0.0095427 -0.00989238 -0.0102749 -0.0107053 -0.0111779 -0.0117069 -0.0122993 -0.0129547 -0.0136948 -0.0145179 -0.0154373 -0.0164705 -0.0176129 -0.018884 -0.0202839 -0.0217999 -0.0234381 -0.0251697 -0.026969 -0.0288234 -0.0306815 -0.0325059 -0.0342496 -0.0358063 -0.0370731 -0.0379277 -0.0382111 -0.0378188 -0.0366646 -0.034631 -0.0316359 -0.0276056 -0.0224568 -0.0162116 -0.00897496 -0.000825731 0.00812343 0.0176823 0.0276654 0.0378762 0.0480566 0.0579653 0.0674015 0.0761244 0.0839052 0.090637 0.0962524 0.100614 0.103595 
0 -0.0145852 -0.0289044 -0.0426158 -0.0553943 -0.0670129 -0.0772652 -0.0859362 -0.0929294 -0.0982769 -0.101982 -0.104033 -0.10455 -0.103738 -0.101755 -0.0987791 -0.0950309 -0.0906873 -0.08593 -0.0809805 -0.0759683 -0.070954 -0.0660471 -0.0613278 -0.0568277 -0.0526072 -0.0486742 -0.0449844 -0.0415442 -0.038345 -0.0353639 -0.0326292 -0.0301332 -0.0278526 -0.0257969 -0.0239317 -0.0222351 -0.0207094 -0.0193207 -0.0180684 -0.0169498 -0.0159379 -0.0150417 -0.0142413 -0.0135211 -0.0128851 -0.0123056 -0.0117859 -0.0113175 -0.0108854 -0.0105008 -0.0101448 -0.00982349 -0.00953384 -0.00926441 -0.00902605 -0.00880146 -0.00859845 -0.00841061 -0.00823228 -0.00807125 -0.0079132 -0.00777017 -0.00763122 -0.00750118 -0.00738013 -0.00726203 -0.00715647 -0.00705125 -0.00695818 -0.00686663 -0.00678349 -0.00670511 -0.00663031 -0.00656337 -0.0064962 -0.00643841 -0.00637863 -0.00632783 -0.00627531 -0.00622992 -0.0061844 -0.00614346 -0.00610453 -0.00606765 -0.00603479 -0.00600189 -0.00597458 -0.00594573 -0.0059235 -0.00589882 -0.00588129 -0.00586085 -0.00584775 -0.00583159 -0.00582273 -0.00581083 -0.00580612 -0.00579843 -0.00579783 -0.00579431 -0.00579783 -0.00579843 -0.00580612 -0.00581083 -0.00582273 -0.00583159 -0.00584775 -0.00586085 -0.00588129 -0.00589882 -0.0059235 -0.00594573 -0.00597458 -0.00600189 -0.00603479 -0.00606765 -0.00610453 -0.00614346 -0.0061844 -0.00622992 -0.00627531 -0.00632783 -0.00637863 -0.00643841 -0.0064962 -0.00656337 -0.00663031 -0.00670511 -0.00678349 -0.00686663 -0.00695818 -0.00705125 -0.00715647 -0.00726203 -0.00738013 -0.00750118 -0.00763122 -0.00777017 -0.0079132 -0.00807125 -0.00823228 -0.00841061 -0.00859845 -0.00880146 -0.00902605 -0.00926441 -0.00953384 -0.00982349 -0.0101448 -0.0105008 -0.0108854 -0.0113175 -0.0117859 -0.0123056 -0.0128851 -0.013521 -0.0142411 -0.0150412 -0.0159365 -0.0169462 -0.0180598 -0.019301 -0.0206668 -0.0221473 -0.0237603 -0.0254791 -0.0272934 -0.0291978 -0.0311384 -0.0330914 -0.0350132 -0.0368128 -0.0384277 -0.0397502 -0.0406309 -0.0409676 -0.0406341 -0.0394983 -0.0374946 -0.0345232 -0.030467 -0.0253102 -0.0190731 -0.0117969 -0.00362119 0.00530669 0.0148716 0.0248568 0.0349856 0.0450759 0.0549651 0.0644036 0.0731575 0.0810895 0.0880962 0.0940787 0.0989725 0.102735 0.105326 
0 -0.014008 -0.0278008 -0.0410833 -0.053572 -0.0650579 -0.0753396 -0.0842273 -0.0916227 -0.0974853 -0.101784 -0.10455 -0.10586 -0.10578 -0.104449 -0.102109 -0.0989387 -0.0950751 -0.090741 -0.0861363 -0.0813612 -0.0765409 -0.0717832 -0.0671175 -0.0626223 -0.0583733 -0.0543498 -0.0505577 -0.0470059 -0.043645 -0.040489 -0.0375564 -0.0348167 -0.0322941 -0.0299847 -0.0278528 -0.0259169 -0.0241506 -0.0225319 -0.0210761 -0.0197464 -0.0185427 -0.0174655 -0.016481 -0.015605 -0.0148161 -0.0141013 -0.0134715 -0.0128947 -0.0123819 -0.0119203 -0.0114945 -0.011118 -0.010764 -0.0104453 -0.0101523 -0.00987695 -0.00963226 -0.00939658 -0.00918724 -0.00898981 -0.00880688 -0.00864242 -0.0084819 -0.00834169 -0.00820212 -0.00807768 -0.00795738 -0.00784348 -0.00773944 -0.00763449 -0.00754297 -0.00744765 -0.00736532 -0.00728079 -0.00720553 -0.00713226 -0.0070632 -0.00700072 -0.00693788 -0.00688498 -0.00682874 -0.00678394 -0.00673463 -0.00669656 -0.00665429 -0.00662184 -0.00658647 -0.00655889 -0.00653008 -0.00650691 -0.00648424 -0.00646524 -0.00644825 -0.00643335 -0.00642164 -0.00641084 -0.00640407 -0.00639744 -0.00639533 -0.00639299 -0.00639533 -0.00639744 -0.00640407 -0.00641084 -0.00642164 -0.00643335 -0.00644825 -0.00646524 -0.00648424 -0.00650691 -0.00653008 -0.00655889 -0.00658647 -0.00662184 -0.00665429 -0.00669656 -0.00673463 -0.00678394 -0.00682874 -0.00688498 -0.00693788 -0.00700072 -0.0070632 -0.00713226 -0.00720553 -0.00728079 -0.00736532 -0.00744765 -0.00754297 -0.00763449 -0.00773944 -0.00784348 -0.00795738 -0.00807768 -0.00820212 -0.00834169 -0.0084819 -0.00864242 -0.00880688 -0.00898981 -0.00918724 -0.00939658 -0.00963226 -0.00987695 -0.0101523 -0.0104453 -0.010764 -0.011118 -0.0114945 -0.0119203 -0.0123819 -0.0128947 -0.0134714 -0.0141013 -0.014816 -0.0156048 -0.0164806 -0.0174644 -0.01854 -0.0197398 -0.0210608 -0.0224982 -0.0240802 -0.025777 -0.0275892 -0.0295129 -0.0314917 -0.0335175 -0.0355467 -0.037504 -0.0393605 -0.0410193 -0.0423584 -0.0432891 -0.043652 -0.0433081 -0.042189 -0.0401736 -0.037162 -0.0331121 -0.0279389 -0.0216298 -0.0143146 -0.00610569 0.00288894 0.0124703 0.0224384 0.0325963 0.0426705 0.0524211 0.061713 0.0703841 0.0782437 0.0852141 0.091284 0.0963848 0.100457 0.10354 0.105675 
0 -0.0132874 -0.0263635 -0.0390147 -0.051033 -0.0622171 -0.0723873 -0.0814014 -0.0891226 -0.0954259 -0.100284 -0.103738 -0.10578 -0.106424 -0.105838 -0.104214 -0.10167 -0.098382 -0.0945611 -0.0903447 -0.0859005 -0.0814023 -0.0768882 -0.0723987 -0.0680401 -0.0638353 -0.0598081 -0.0560192 -0.0524258 -0.0490007 -0.0457722 -0.042698 -0.0397867 -0.0370766 -0.0345312 -0.0321724 -0.0300092 -0.0279971 -0.0261615 -0.0244803 -0.0229256 -0.0215234 -0.0202336 -0.0190602 -0.0180099 -0.0170442 -0.0161877 -0.0154136 -0.0147105 -0.0140919 -0.0135186 -0.0130106 -0.0125477 -0.0121196 -0.0117418 -0.0113817 -0.0110631 -0.0107654 -0.0104895 -0.0102442 -0.0100052 -0.0097978 -0.00959492 -0.00941271 -0.00924298 -0.00907942 -0.00893624 -0.00879014 -0.00866552 -0.00853775 -0.00842527 -0.00831586 -0.00821221 -0.00811932 -0.00802394 -0.0079444 -0.00785818 -0.00778863 -0.00771263 -0.00765041 -0.00758509 -0.00752855 -0.00747365 -0.00742207 -0.00737677 -0.00733005 -0.00729327 -0.00725161 -0.00722227 -0.00718594 -0.00716313 -0.0071323 -0.00711535 -0.00709011 -0.00707855 -0.00705887 -0.00705247 -0.00703824 -0.0070369 -0.00702798 -0.00703172 -0.00702798 -0.0070369 -0.00703824 -0.00705247 -0.00705887 -0.00707855 -0.00709011 -0.00711535 -0.0071323 -0.00716313 -0.00718594 -0.00722227 -0.00725161 -0.00729327 -0.00733005 -0.00737677 -0.00742207 -0.00747365 -0.00752855 -0.00758509 -0.00765041 -0.00771263 -0.00778863 -0.00785818 -0.0079444 -0.00802394 -0.00811932 -0.00821221 -0.00831586 -0.00842527 -0.00853775 -0.00866552 -0.00879014 -0.00893624 -0.00907942 -0.00924298 -0.00941271 -0.00959492 -0.0097978 -0.0100052 -0.0102442 -0.0104895 -0.0107654 -0.0110631 -0.0113817 -0.0117418 -0.0121196 -0.0125477 -0.0130106 -0.0135186 -0.0140919 -0.0147104 -0.0154136 -0.0161876 -0.0170441 -0.0180096 -0.0190594 -0.0202316 -0.0215185 -0.0229139 -0.0244541 -0.0261057 -0.0278844 -0.0297931 -0.031779 -0.0338507 -0.0359563 -0.0380265 -0.0400471 -0.0419222 -0.0435708 -0.0449362 -0.0458593 -0.0462158 -0.0459041 -0.0447559 -0.0426882 -0.0396519 -0.0355273 -0.0302836 -0.023963 -0.0165865 -0.00828193 0.000753729 0.0103958 0.0204577 0.0306338 0.0406781 0.0504091 0.059611 0.0681014 0.0757806 0.0825815 0.0884786 0.0934849 0.0975898 0.100797 0.103192 0.10486 
0 -0.0124362 -0.0246655 -0.0365569 -0.047977 -0.0587365 -0.0686772 -0.0776916 -0.0856291 -0.0923243 -0.0977062 -0.101755 -0.104449 -0.105838 -0.106026 -0.105102 -0.103221 -0.100588 -0.0973228 -0.0935674 -0.0895539 -0.0854079 -0.0811783 -0.076978 -0.0728496 -0.0687968 -0.0649146 -0.0612157 -0.0576535 -0.054266 -0.0510216 -0.0478839 -0.044911 -0.0420786 -0.0393811 -0.0368674 -0.0344909 -0.0322647 -0.0302112 -0.0282811 -0.0265114 -0.0248883 -0.0233812 -0.0220271 -0.0207777 -0.0196393 -0.0186187 -0.01767 -0.0168275 -0.0160566 -0.0153536 -0.0147347 -0.0141559 -0.01365 -0.0131845 -0.0127593 -0.012385 -0.0120248 -0.0117121 -0.0114104 -0.0111364 -0.010886 -0.0106416 -0.0104305 -0.0102166 -0.0100328 -0.00985162 -0.00968679 -0.00953688 -0.00938812 -0.0092635 -0.00913132 -0.0090243 -0.00890988 -0.00881396 -0.00871725 -0.00862858 -0.00854791 -0.00846524 -0.00839788 -0.00832163 -0.00826465 -0.00819587 -0.00814677 -0.00808645 -0.00804348 -0.00799213 -0.00795429 -0.00791197 -0.00787883 -0.00784522 -0.00781672 -0.00779131 -0.0077676 -0.0077498 -0.00773112 -0.00772038 -0.00770698 -0.00770281 -0.00769496 -0.00769697 -0.00769496 -0.00770281 -0.00770698 -0.00772038 -0.00773112 -0.0077498 -0.0077676 -0.00779131 -0.00781672 -0.00784522 -0.00787883 -0.00791197 -0.00795429 -0.00799213 -0.00804348 -0.00808645 -0.00814677 -0.00819587 -0.00826465 -0.00832163 -0.00839788 -0.00846524 -0.00854791 -0.00862858 -0.00871725 -0.00881396 -0.00890988 -0.0090243 -0.00913132 -0.0092635 -0.00938812 -0.00953688 -0.00968679 -0.00985162 -0.0100328 -0.0102166 -0.0104305 -0.0106416 -0.010886 -0.0111364 -0.0114104 -0.0117121 -0.0120248 -0.012385 -0.0127593 -0.0131845 -0.01365 -0.0141559 -0.0147347 -0.0153536 -0.0160566 -0.0168275 -0.0176699 -0.0186187 -0.0196391 -0.0207772 -0.0220256 -0.0233775 -0.0248794 -0.0264912 -0.0282374 -0.0301215 -0.0320897 -0.0341668 -0.0362969 -0.0384256 -0.0405528 -0.0425785 -0.0444525 -0.0461315 -0.0474666 -0.0483727 -0.0487327 -0.048356 -0.0471641 -0.0450676 -0.041937 -0.0377547 -0.0324805 -0.0260565 -0.0185923 -0.0102353 -0.00108896 0.00864722 0.0187433 0.0290006 0.0391332 0.048843 0.0579684 0.0663804 0.0739151 0.080492 0.0861321 0.0908641 0.0947221 0.0977805 0.100135 0.101879 0.103096 
0 -0.0114671 -0.0227753 -0.0338462 -0.0445871 -0.054838 -0.0644623 -0.0733614 -0.081392 -0.088382 -0.0942014 -0.0987791 -0.102109 -0.104214 -0.105102 -0.104857 -0.103674 -0.101695 -0.0990091 -0.0958041 -0.0922522 -0.088456 -0.0845792 -0.0807249 -0.0768745 -0.073097 -0.0694559 -0.0659111 -0.0625051 -0.0592502 -0.0560698 -0.0530011 -0.0500474 -0.0471627 -0.0444137 -0.0417861 -0.0392569 -0.0368886 -0.0346358 -0.0325091 -0.0305454 -0.0286874 -0.0269788 -0.0254069 -0.0239369 -0.0226161 -0.021389 -0.020271 -0.0192685 -0.0183317 -0.0175056 -0.0167417 -0.0160477 -0.0154329 -0.0148509 -0.0143459 -0.0138694 -0.0134403 -0.0130563 -0.0126873 -0.0123724 -0.0120607 -0.0117905 -0.0115338 -0.0112931 -0.0110824 -0.0108672 -0.0106889 -0.0105009 -0.0103426 -0.0101834 -0.0100376 -0.00990549 -0.0097704 -0.00966048 -0.0095377 -0.00944396 -0.00933591 -0.00925313 -0.00916129 -0.00908597 -0.00901031 -0.00894076 -0.00887995 -0.00881585 -0.00876786 -0.00870957 -0.00867232 -0.00862042 -0.00859206 -0.00854705 -0.00852622 -0.00848836 -0.00847418 -0.00844351 -0.00843549 -0.00841188 -0.00840986 -0.00839305 -0.00839708 -0.00838681 -0.00839708 -0.00839305 -0.00840986 -0.00841188 -0.00843549 -0.00844351 -0.00847418 -0.00848836 -0.00852622 -0.00854705 -0.00859206 -0.00862042 -0.00867232 -0.00870957 -0.00876786 -0.00881585 -0.00887995 -0.00894076 -0.00901031 -0.00908597 -0.00916129 -0.00925313 -0.00933591 -0.00944396 -0.0095377 -0.00966048 -0.0097704 -0.00990549 -0.0100376 -0.0101834 -0.0103426 -0.0105009 -0.0106889 -0.0108672 -0.0110824 -0.0112931 -0.0115338 -0.0117905 -0.0120607 -0.0123724 -0.0126873 -0.0130563 -0.0134403 -0.0138694 -0.0143459 -0.0148509 -0.0154329 -0.0160477 -0.0167417 -0.0175056 -0.0183317 -0.0192685 -0.0202709 -0.0213888 -0.0226157 -0.0239358 -0.0254042 -0.0269721 -0.0286721 -0.0305117 -0.0324387 -0.034496 -0.0366249 -0.0387843 -0.0409805 -0.0431051 -0.0451305 -0.0470158 -0.0486305 -0.0499376 -0.0508217 -0.0511032 -0.0507024 -0.0494663 -0.047256 -0.0440642 -0.0398101 -0.0344243 -0.0279612 -0.0204411 -0.0119432 -0.00269497 0.00712321 0.0173476 0.0276873 0.037851 0.0476196 0.0567734 0.0651289 0.0725683 0.0789985 0.084398 0.0888323 0.0923638 0.0950672 0.0971059 0.0986524 0.099792 0.10059 
0 -0.0104268 -0.0207832 -0.0310058 -0.0410133 -0.0507028 -0.0599613 -0.0686566 -0.0766475 -0.0837987 -0.0899671 -0.0950309 -0.0989387 -0.10167 -0.103221 -0.103674 -0.103151 -0.101762 -0.0996667 -0.0970232 -0.093926 -0.0905465 -0.0870743 -0.0835487 -0.0800195 -0.0765778 -0.0732009 -0.0699148 -0.0667851 -0.063737 -0.0607557 -0.0578674 -0.0549954 -0.0521783 -0.0494561 -0.0467778 -0.0442118 -0.0417549 -0.0393678 -0.037121 -0.0349687 -0.0329183 -0.0310193 -0.0292097 -0.0275439 -0.0260093 -0.0245704 -0.0232827 -0.0220788 -0.020985 -0.0199989 -0.0190708 -0.0182546 -0.0174866 -0.0167941 -0.0161727 -0.0155835 -0.0150768 -0.0145882 -0.0141609 -0.0137672 -0.013397 -0.0130795 -0.0127599 -0.0124934 -0.0122244 -0.0119881 -0.0117669 -0.0115514 -0.0113692 -0.0111741 -0.0110194 -0.0108484 -0.0107108 -0.0105666 -0.0104396 -0.0103215 -0.0102031 -0.0101076 -0.00999835 -0.00992047 -0.00982226 -0.0097572 -0.00967162 -0.00961561 -0.00954348 -0.00949409 -0.00943537 -0.00939136 -0.00934535 -0.00930633 -0.00927198 -0.00923807 -0.00921425 -0.0091858 -0.00917146 -0.00914891 -0.00914316 -0.00912695 -0.00912907 -0.00911966 -0.00912907 -0.00912695 -0.00914316 -0.00914891 -0.00917146 -0.0091858 -0.00921425 -0.00923807 -0.00927198 -0.00930633 -0.00934535 -0.00939136 -0.00943537 -0.00949409 -0.00954348 -0.00961561 -0.00967162 -0.0097572 -0.00982226 -0.00992047 -0.00999835 -0.0101076 -0.0102031 -0.0103215 -0.0104396 -0.0105666 -0.0107108 -0.0108484 -0.0110194 -0.0111741 -0.0113692 -0.0115514 -0.0117669 -0.0119881 -0.0122244 -0.0124934 -0.0127599 -0.0130795 -0.013397 -0.0137672 -0.0141609 -0.0145882 -0.0150768 -0.0155835 -0.0161727 -0.0167941 -0.0174866 -0.0182546 -0.0190708 -0.0199989 -0.0209849 -0.0220788 -0.0232826 -0.0245701 -0.0260085 -0.0275419 -0.0292048 -0.0310078 -0.0328927 -0.0349141 -0.0370107 -0.039156 -0.0413683 -0.0435406 -0.0456681 -0.0477037 -0.0495248 -0.051121 -0.0523756 -0.0531481 -0.0533811 -0.0528924 -0.0515448 -0.0492964 -0.0460163 -0.0416544 -0.0362305 -0.0296766 -0.0220353 -0.0134732 -0.00411531 0.00584743 0.0161496 0.0265766 0.0368716 0.0467153 0.0558844 0.0642447 0.0716576 0.0780066 0.0832463 0.0874179 0.0906296 0.0929925 0.0946311 0.0957463 0.0965403 0.0971129 0.0975336 
0 -0.00938686 -0.0187887 -0.0281465 -0.0373924 -0.0464872 -0.0553294 -0.0637449 -0.0716052 -0.0788224 -0.0852416 -0.0906873 -0.0950751 -0.098382 -0.100588 -0.101695 -0.101762 -0.100939 -0.0994031 -0.0972581 -0.0946268 -0.0916996 -0.088593 -0.0853946 -0.0822329 -0.0791224 -0.0760552 -0.0731166 -0.0702848 -0.0675152 -0.0648475 -0.0622051 -0.0595517 -0.0569458 -0.054331 -0.0517355 -0.0492174 -0.0467159 -0.0442938 -0.0419616 -0.0396746 -0.0375151 -0.0354403 -0.0334576 -0.0316213 -0.0298614 -0.0282398 -0.0267363 -0.0253197 -0.0240508 -0.0228532 -0.0217715 -0.0207893 -0.0198668 -0.01906 -0.0182907 -0.0176083 -0.0169824 -0.0163936 -0.0158837 -0.0153817 -0.0149527 -0.0145382 -0.0141639 -0.0138297 -0.0135 -0.0132279 -0.0129438 -0.0127126 -0.0124761 -0.0122696 -0.0120781 -0.0118887 -0.0117338 -0.0115611 -0.0114319 -0.0112786 -0.0111656 -0.0110342 -0.0109306 -0.0108219 -0.0107246 -0.0106371 -0.0105456 -0.0104769 -0.0103921 -0.0103389 -0.0102621 -0.0102217 -0.0101542 -0.0101242 -0.0100666 -0.0100456 -0.00999812 -0.00998514 -0.00994766 -0.00994238 -0.00991445 -0.00991688 -0.00989797 -0.00990841 -0.00989797 -0.00991688 -0.00991445 -0.00994238 -0.00994766 -0.00998514 -0.00999812 -0.0100456 -0.0100666 -0.0101242 -0.0101542 -0.0102217 -0.0102621 -0.0103389 -0.0103921 -0.0104769 -0.0105456 -0.0106371 -0.0107246 -0.0108219 -0.0109306 -0.0110342 -0.0111656 -0.0112786 -0.0114319 -0.0115611 -0.0117338 -0.0118887 -0.0120781 -0.0122696 -0.0124761 -0.0127126 -0.0129438 -0.0132279 -0.0135 -0.0138297 -0.0141639 -0.0145382 -0.0149527 -0.0153817 -0.0158837 -0.0163936 -0.0169824 -0.0176083 -0.0182907 -0.01906 -0.0198668 -0.0207893 -0.0217715 -0.0228532 -0.0240508 -0.0253197 -0.0267362 -0.0282393 -0.02986 -0.0316177 -0.0334491 -0.035421 -0.0374734 -0.0395887 -0.0417936 -0.0439815 -0.0461635 -0.0482872 -0.050241 -0.0520315 -0.0535413 -0.0546707 -0.0553832 -0.0554965 -0.0548955 -0.0534971 -0.0511268 -0.047743 -0.0433308 -0.0377981 -0.0311688 -0.0234944 -0.0148139 -0.00532653 0.00472051 0.0151425 0.02569 0.0360643 0.0460067 0.0552817 0.063694 0.0711032 0.0773984 0.0825345 0.0865491 0.0895155 0.0915481 0.0928214 0.0935282 0.0938522 0.0939679 0.0940178 0.0941062 
