0 0 0 0 0 0 0 0 0 0 0 0 0 0 0 0 0 0 0 0 0 0 0 0 0 0 0 0 0 0 0 0 0 0 0 0 0 0 0 0 0 0 0 0 0 0 0 0 0 0 0 0 0 0 0 0 0 0 0 0 0 0 0 0 0 0 0 0 0 0 0 0 0 0 0 0 0 0 0 0 0 0 0 0 0 0 0 0 0 0 0 0 0 0 0 0 0 0 0 0 0 0 0 0 0 0 0 0 0 0 0 0 0 0 0 0 0 0 0 0 0 0 0 0 0 0 0 0 0 0 0 0 0 0 0 0 0 0 0 0 0 0 0 0 0 0 0 0 0 0 0 0 0 0 0 0 0 0 0 0 0 0 0 0 0 0 0 0 0 0 0 0 0 0 0 0 0 0 0 0 0 0 0 0 0 0 0 0 0 0 0 0 0 0 0 0 0 0 0 0 
0 0.000579668 0.00124834 0.00190236 0.00249049 0.00311329 0.00375319 0.00429601 0.00478072 0.00524807 0.00556558 0.00567018 0.00562611 0.00539045 0.00488435 0.00413822 0.00317793 0.00200627 0.000653782 -0.000852213 -0.0024184 -0.00392211 -0.00534546 -0.00665667 -0.0077536 -0.00858654 -0.00913185 -0.00939522 -0.00942094 -0.00919513 -0.00872396 -0.00807768 -0.00731312 -0.0065075 -0.00570586 -0.00490615 -0.00414232 -0.00343128 -0.00279632 -0.00226996 -0.0018352 -0.0014898 -0.00121518 -0.000986658 -0.000810047 -0.000665888 -0.000558109 -0.000483383 -0.000426738 -0.0003955 -0.000370587 -0.000355774 -0.000346167 -0.000334224 -0.000329626 -0.000319459 -0.000314992 -0.000309288 -0.000304021 -0.000303302 -0.000298492 -0.000300407 -0.000297548 -0.000298975 -0.000298471 -0.000297512 -0.0002985 -0.000295075 -0.000296087 -0.000291357 -0.000291149 -0.000286558 -0.000284595 -0.000281177 -0.000277655 -0.000275788 -0.000271367 -0.000270882 -0.00026634 -0.000266773 -0.000262759 -0.000263586 -0.000260497 -0.000261293 -0.000259274 -0.000259762 -0.000258769 -0.000258823 -0.0002587 -0.000258302 -0.000258852 -0.00025805 -0.000259083 -0.000257955 -0.000259309 -0.000257939 -0.000259485 -0.00025795 -0.000259595 -0.000257962 -0.000259632 -0.000257962 -0.000259595 -0.00025795 -0.000259485 -0.000257939 -0.000259309 -0.000257955 -0.000259083 -0.00025805 -0.000258852 -0.000258302 -0.0002587 -0.000258823 -0.000258769 -0.000259762 -0.000259274 -0.000261293 -0.000260497 -0.000263586 -0.000262759 -0.000266773 -0.00026634 -0.000270882 -0.000271367 -0.000275788 -0.000277655 -0.000281177 -0.000284595 -0.000286558 -0.000291149 -0.000291357 -0.000296087 -0.000295075 -0.0002985 -0.000297512 -0.000298471 -0.000298975 -0.000297547 -0.000300405 -0.000298486 -0.000303283 -0.000303964 -0.000309132 -0.000314581 -0.000318429 -0.000327162 -0.000328615 -0.000334019 -0.000330763 -0.000321686 -0.00030479 -0.000267186 -0.000217283 -0.000136945 -3.18419e-05 0.000101865 0.000275037 0.000479923 0.000744825 0.00108014 0.00150727 0.00205103 0.00268987 0.00341588 0.00419429 0.00499493 0.0058254 0.00665055 0.00743226 0.00810682 0.00858476 0.00885124 0.00889201 0.00867134 0.0081684 0.00733946 0.00621892 0.00490835 0.00343546 0.00183313 0.000181368 -0.00144565 -0.00295384 -0.00430971 -0.00552979 -0.00652339 -0.00722518 -0.00771845 -0.00802893 -0.00811377 -0.00803622 -0.0078718 -0.00761069 -0.00726636 -0.00690255 -0.00657205 -0.00629746 -0.00606119 -0.00585714 
0 0.00124834 0.00250734 0.00374467 0.00497791 0.00623725 0.00745089 0.00854836 0.00954122 0.0103796 0.010944 0.0111892 0.0110956 0.0105822 0.00958434 0.00809645 0.00615749 0.00383452 0.00116599 -0.00177779 -0.004817 -0.00779594 -0.0106323 -0.0132052 -0.015375 -0.0170288 -0.0181039 -0.0186383 -0.0186755 -0.0182191 -0.017322 -0.016073 -0.0145947 -0.0130225 -0.0114195 -0.00983072 -0.00830431 -0.00687861 -0.00562048 -0.00455956 -0.00369276 -0.00300732 -0.00245471 -0.00201132 -0.00165494 -0.00136558 -0.00114669 -0.000979003 -0.000860802 -0.000781596 -0.00072587 -0.000695347 -0.000672277 -0.00066055 -0.000652756 -0.000645136 -0.000642703 -0.000635055 -0.000631958 -0.000624624 -0.000618278 -0.000612172 -0.000603167 -0.000598355 -0.000589051 -0.000584922 -0.000577628 -0.000573551 -0.000569364 -0.000565112 -0.00056375 -0.000559522 -0.000559838 -0.000556023 -0.000556694 -0.000553632 -0.000553652 -0.000551494 -0.000550368 -0.00054907 -0.000546766 -0.000546156 -0.000542941 -0.000542799 -0.000539067 -0.000539194 -0.000535327 -0.000535581 -0.000531884 -0.000532183 -0.000528856 -0.000529175 -0.000526322 -0.000526679 -0.000524329 -0.000524768 -0.000522898 -0.000523479 -0.000522039 -0.000522832 -0.000521752 -0.000522832 -0.000522039 -0.000523479 -0.000522898 -0.000524768 -0.000524329 -0.000526679 -0.000526322 -0.000529175 -0.000528856 -0.000532183 -0.000531884 -0.000535581 -0.000535327 -0.000539194 -0.000539067 -0.000542799 -0.000542941 -0.000546156 -0.000546766 -0.00054907 -0.000550368 -0.000551494 -0.000553652 -0.000553632 -0.000556694 -0.000556023 -0.000559838 -0.000559522 -0.00056375 -0.000565112 -0.000569364 -0.000573551 -0.000577628 -0.000584922 -0.000589051 -0.000598355 -0.000603165 -0.000612166 -0.000618261 -0.000624574 -0.000631816 -0.000634672 -0.000641716 -0.000642708 -0.000647059 -0.000647812 -0.000645158 -0.000640425 -0.000620148 -0.000588299 -0.000525244 -0.000425792 -0.000279505 -6.96676e-05 0.000199809 0.000548614 0.000982839 0.00152572 0.00221967 0.00308733 0.00416128 0.0054278 0.00684479 0.00837637 0.0099702 0.0116072 0.0132456 0.0147802 0.0160923 0.0170451 0.0175575 0.0176094 0.0171429 0.0161042 0.0144786 0.0123091 0.00972596 0.00682961 0.00367935 0.000417014 -0.00278121 -0.00578013 -0.00848414 -0.0108424 -0.0127848 -0.0142384 -0.0152461 -0.0158755 -0.0161106 -0.0159908 -0.0156447 -0.0151442 -0.0145246 -0.0138656 -0.0132291 -0.0126423 -0.0121597 -0.0118292 
0 0.00190236 0.00374467 0.00559738 0.00749194 0.00932571 0.0110516 0.012696 0.0141583 0.0152915 0.0160688 0.0164259 0.0162084 0.0153616 0.0138699 0.011672 0.00880874 0.00537657 0.00143905 -0.00284063 -0.00725421 -0.011644 -0.0158002 -0.0195282 -0.0226915 -0.0251218 -0.0267442 -0.027584 -0.0276439 -0.0269887 -0.0257118 -0.0239128 -0.0217835 -0.0194761 -0.0170965 -0.0147551 -0.0124969 -0.0104007 -0.00854512 -0.00694918 -0.00564313 -0.00458746 -0.00373502 -0.00306088 -0.00250932 -0.00207844 -0.00174542 -0.0014911 -0.00131821 -0.00119018 -0.00111105 -0.00105813 -0.00102012 -0.0010016 -0.00097955 -0.000970655 -0.000957486 -0.000947305 -0.000940589 -0.000927654 -0.000923921 -0.000911218 -0.00090665 -0.000897266 -0.000889825 -0.00088465 -0.000874763 -0.000872482 -0.000862126 -0.000860503 -0.000851771 -0.000848964 -0.000843077 -0.000838303 -0.000835355 -0.000828857 -0.000828119 -0.00082075 -0.000821158 -0.000813907 -0.000814476 -0.000808146 -0.000808189 -0.000803256 -0.000802437 -0.000799066 -0.000797331 -0.000795457 -0.000792935 -0.000792364 -0.000789269 -0.000789764 -0.000786324 -0.000787659 -0.000784076 -0.000786061 -0.000782495 -0.000784986 -0.000781558 -0.000784445 -0.000781247 -0.000784445 -0.000781558 -0.000784986 -0.000782495 -0.000786061 -0.000784076 -0.000787659 -0.000786324 -0.000789764 -0.000789269 -0.000792364 -0.000792935 -0.000795457 -0.000797331 -0.000799066 -0.000802437 -0.000803256 -0.000808189 -0.000808146 -0.000814476 -0.000813907 -0.000821158 -0.00082075 -0.000828119 -0.000828857 -0.000835355 -0.000838303 -0.000843077 -0.000848964 -0.000851771 -0.000860503 -0.000862126 -0.000872482 -0.000874763 -0.00088465 -0.000889825 -0.000897265 -0.000906646 -0.000911205 -0.000923883 -0.000927547 -0.000940295 -0.000946534 -0.00095555 -0.000966017 -0.000968946 -0.000978484 -0.000972115 -0.000963199 -0.000932413 -0.000870476 -0.000773981 -0.000609279 -0.000383011 -6.49853e-05 0.000351205 0.000872471 0.00154152 0.00237106 0.00342512 0.00474386 0.00633712 0.00821631 0.0103119 0.0125752 0.0149548 0.0173658 0.0197486 0.0219552 0.0238122 0.025187 0.0259293 0.0259664 0.0252415 0.023671 0.0212827 0.0181442 0.0143496 0.0100823 0.00549374 0.000753953 -0.00389721 -0.00829926 -0.0123101 -0.0157645 -0.0186186 -0.0208555 -0.0224165 -0.0233577 -0.0237838 -0.0237308 -0.0232891 -0.0226057 -0.0217717 -0.0208642 -0.0199657 -0.0191333 -0.01845 -0.0179868 
0 0.00249049 0.00497791 0.00749194 0.00996935 0.0123178 0.014564 0.0166835 0.018494 0.0198881 0.0208402 0.0211943 0.0207864 0.0195867 0.0175649 0.0146847 0.0109734 0.00648667 0.00138822 -0.00408377 -0.00976482 -0.0154286 -0.0207593 -0.0255409 -0.0295892 -0.0327372 -0.0349184 -0.0360643 -0.0361789 -0.0353843 -0.0337803 -0.0315294 -0.028833 -0.0258423 -0.0227497 -0.0196874 -0.0167391 -0.0140219 -0.0115801 -0.00946616 -0.00770703 -0.00625423 -0.00509322 -0.00415999 -0.00341049 -0.00283178 -0.00237308 -0.00203902 -0.00179584 -0.00162184 -0.00151353 -0.00142984 -0.00138252 -0.00134385 -0.00131441 -0.00129677 -0.0012721 -0.00126244 -0.00124389 -0.00123466 -0.00122459 -0.00121294 -0.00120957 -0.00119646 -0.00119504 -0.00118305 -0.00117916 -0.00117023 -0.00116191 -0.00115635 -0.00114433 -0.00114103 -0.0011276 -0.00112491 -0.00111256 -0.00110911 -0.00109959 -0.00109468 -0.00108868 -0.00108229 -0.0010796 -0.00107217 -0.00107207 -0.00106423 -0.00106581 -0.00105815 -0.0010606 -0.00105356 -0.00105627 -0.00105011 -0.00105272 -0.00104753 -0.00104987 -0.00104563 -0.00104768 -0.00104427 -0.00104612 -0.0010434 -0.0010452 -0.00104297 -0.00104489 -0.00104297 -0.0010452 -0.0010434 -0.00104612 -0.00104427 -0.00104768 -0.00104563 -0.00104987 -0.00104753 -0.00105272 -0.00105011 -0.00105627 -0.00105356 -0.0010606 -0.00105815 -0.00106581 -0.00106423 -0.00107207 -0.00107217 -0.0010796 -0.00108229 -0.00108868 -0.00109468 -0.00109959 -0.00110911 -0.00111256 -0.00112491 -0.0011276 -0.00114103 -0.00114433 -0.00115635 -0.00116191 -0.00117023 -0.00117916 -0.00118304 -0.00119504 -0.00119645 -0.00120956 -0.00121292 -0.00122452 -0.00123445 -0.00124332 -0.00126098 -0.00126855 -0.0012885 -0.00129605 -0.001305 -0.0013041 -0.00127903 -0.00123728 -0.00113989 -0.000994494 -0.000767466 -0.000442693 -1.70167e-05 0.000552834 0.00126411 0.00217087 0.00331848 0.00474404 0.00651904 0.00863368 0.0110864 0.0138381 0.0167977 0.0199142 0.0230597 0.0260923 0.0288702 0.0311837 0.0328845 0.0338157 0.0338032 0.0327828 0.030709 0.0276008 0.0235676 0.018692 0.0131637 0.00727444 0.00123769 -0.00473287 -0.0104106 -0.0156113 -0.0201335 -0.0238763 -0.0268612 -0.029028 -0.0303531 -0.031006 -0.0311216 -0.0307317 -0.0299605 -0.0289813 -0.0278981 -0.0268115 -0.025833 -0.025018 -0.0244048 
0 0.00311329 0.00623725 0.00932571 0.0123178 0.0152065 0.0179542 0.0204163 0.0224749 0.0240734 0.0250735 0.0253112 0.0246968 0.0231299 0.020551 0.0169977 0.0124683 0.00703267 0.000953264 -0.00556212 -0.0123444 -0.0190737 -0.0254369 -0.0311632 -0.0359927 -0.0398093 -0.0424967 -0.0439229 -0.0441439 -0.0432659 -0.0414296 -0.0388559 -0.0356877 -0.0321215 -0.0283928 -0.0246457 -0.0210599 -0.0177374 -0.0147258 -0.0121133 -0.00988441 -0.00804088 -0.00655869 -0.00535248 -0.00440866 -0.00365609 -0.00306724 -0.00263206 -0.00229477 -0.00206926 -0.00190623 -0.00179692 -0.00173368 -0.0016785 -0.0016557 -0.00162636 -0.00160978 -0.00159516 -0.00157355 -0.00156585 -0.00154182 -0.00153371 -0.00151374 -0.00150086 -0.00148867 -0.00147121 -0.00146592 -0.0014473 -0.00144516 -0.00142941 -0.00142643 -0.00141606 -0.00140989 -0.00140521 -0.00139553 -0.00139514 -0.00138313 -0.00138486 -0.00137231 -0.00137412 -0.00136266 -0.00136314 -0.0013539 -0.00135237 -0.00134585 -0.00134226 -0.00133849 -0.00133316 -0.00133186 -0.0013253 -0.00132606 -0.00131877 -0.00132117 -0.00131361 -0.00131729 -0.0013098 -0.00131448 -0.00130728 -0.00131278 -0.00130604 -0.00131221 -0.00130604 -0.00131278 -0.00130728 -0.00131448 -0.0013098 -0.00131729 -0.00131361 -0.00132117 -0.00131877 -0.00132606 -0.0013253 -0.00133186 -0.00133316 -0.00133849 -0.00134226 -0.00134585 -0.00135237 -0.0013539 -0.00136314 -0.00136266 -0.00137412 -0.00137231 -0.00138486 -0.00138313 -0.00139514 -0.00139553 -0.00140521 -0.00140989 -0.00141606 -0.00142643 -0.00142941 -0.00144516 -0.0014473 -0.00146592 -0.00147121 -0.00148866 -0.00150086 -0.00151372 -0.00153365 -0.00154167 -0.00156543 -0.00157247 -0.00159249 -0.00160349 -0.00161219 -0.00162519 -0.00161585 -0.00161097 -0.00156783 -0.00149849 -0.00137707 -0.00117263 -0.000891029 -0.000473267 7.24443e-05 0.000791112 0.00172567 0.00289569 0.00439306 0.0062334 0.00846214 0.0110987 0.0140889 0.0174332 0.0210407 0.0248045 0.0286042 0.0322065 0.0354452 0.0381377 0.0400672 0.0410835 0.0409733 0.0396142 0.0370464 0.033291 0.0284444 0.022654 0.0160803 0.00905267 0.00188143 -0.00524799 -0.0120624 -0.0182948 -0.0237881 -0.0284006 -0.0320878 -0.0348753 -0.0367339 -0.0377356 -0.0380677 -0.0378299 -0.0371182 -0.0361249 -0.0349956 -0.033827 -0.0327504 -0.0318498 -0.0311675 
0 0.00375319 0.00745089 0.0110516 0.014564 0.0179542 0.0210643 0.023768 0.0260335 0.0277263 0.0286372 0.0286839 0.0277902 0.0258055 0.0226955 0.0184915 0.0132075 0.00700216 9.40054e-05 -0.00734112 -0.0150087 -0.0225866 -0.0297978 -0.0362856 -0.0418014 -0.0462174 -0.0493352 -0.051073 -0.0514661 -0.0505776 -0.0486295 -0.0458098 -0.0422623 -0.0382456 -0.0339587 -0.0296272 -0.0254758 -0.0215787 -0.0180498 -0.0149338 -0.0122281 -0.00998315 -0.00813024 -0.00664258 -0.00547372 -0.00453286 -0.00382139 -0.00326403 -0.00284894 -0.00255881 -0.00233702 -0.00220486 -0.00210125 -0.00203789 -0.00199756 -0.00195567 -0.00194099 -0.00190843 -0.00189627 -0.00187462 -0.00185526 -0.00184447 -0.00181904 -0.00181394 -0.00178897 -0.00178276 -0.00176431 -0.00175272 -0.00174297 -0.00172586 -0.00172298 -0.00170323 -0.00170333 -0.00168475 -0.00168397 -0.00166954 -0.00166545 -0.00165652 -0.0016484 -0.0016448 -0.00163329 -0.00163386 -0.0016203 -0.00162352 -0.00160937 -0.00161384 -0.00160031 -0.00160498 -0.00159289 -0.00159713 -0.0015869 -0.00159044 -0.00158217 -0.00158502 -0.00157858 -0.00158093 -0.00157605 -0.00157819 -0.00157455 -0.00157682 -0.00157405 -0.00157682 -0.00157455 -0.00157819 -0.00157605 -0.00158093 -0.00157858 -0.00158502 -0.00158217 -0.00159044 -0.0015869 -0.00159713 -0.00159289 -0.00160498 -0.00160031 -0.00161384 -0.00160937 -0.00162352 -0.0016203 -0.00163386 -0.00163329 -0.0016448 -0.0016484 -0.00165652 -0.00166545 -0.00166954 -0.00168397 -0.00168475 -0.00170333 -0.00170323 -0.00172298 -0.00172586 -0.00174297 -0.00175272 -0.00176431 -0.00178275 -0.00178897 -0.00181392 -0.001819 -0.00184436 -0.00185496 -0.00187384 -0.0018943 -0.00190372 -0.00193021 -0.00193211 -0.00194838 -0.00193995 -0.00191519 -0.00186774 -0.00175416 -0.00159623 -0.00132758 -0.000955855 -0.000445569 0.000251734 0.00113543 0.00230159 0.0037714 0.00561171 0.0078849 0.0105654 0.013696 0.0172251 0.0211099 0.0253134 0.0296533 0.0339753 0.0380489 0.0416226 0.0445554 0.0466124 0.047583 0.047315 0.0456448 0.0426039 0.0382786 0.0327209 0.0261345 0.0187447 0.0108011 0.0026627 -0.00540221 -0.0131492 -0.0202767 -0.026623 -0.0320729 -0.0364803 -0.0398676 -0.042319 -0.0438281 -0.0444851 -0.0444986 -0.0440231 -0.0431803 -0.042119 -0.0409829 -0.0399026 -0.0389873 -0.0383128 
0 0.00429601 0.00854836 0.012696 0.0166835 0.0204163 0.023768 0.0266716 0.0290415 0.0306819 0.0314324 0.0312175 0.0299344 0.0275009 0.0238846 0.0190695 0.0131703 0.00636093 -0.00125124 -0.0094094 -0.0177366 -0.0259679 -0.0337907 -0.0408614 -0.0469667 -0.0518599 -0.0553606 -0.0574418 -0.0580459 -0.0572656 -0.0553115 -0.0523171 -0.0485242 -0.0441623 -0.0394305 -0.0346419 -0.0299725 -0.0255646 -0.021551 -0.0179254 -0.0147685 -0.0120883 -0.00984704 -0.0080626 -0.00662324 -0.00550028 -0.00463677 -0.00395219 -0.00346181 -0.00307994 -0.00281485 -0.00263346 -0.0024915 -0.00241598 -0.00233943 -0.00230052 -0.00226313 -0.00222843 -0.00221454 -0.00217981 -0.00217418 -0.00214639 -0.00213648 -0.00212065 -0.00210128 -0.00209579 -0.00206951 -0.00206801 -0.00204131 -0.00203709 -0.00201599 -0.00200518 -0.00199257 -0.001975 -0.00197037 -0.0019486 -0.00194923 -0.00192684 -0.00192942 -0.00190959 -0.00191134 -0.00189611 -0.00189532 -0.00188551 -0.00188154 -0.00187698 -0.00187 -0.00186994 -0.00186057 -0.00186403 -0.00185302 -0.00185909 -0.00184717 -0.00185507 -0.0018428 -0.001852 -0.00183978 -0.00184991 -0.00183801 -0.00184885 -0.00183743 -0.00184885 -0.00183801 -0.00184991 -0.00183978 -0.001852 -0.0018428 -0.00185507 -0.00184717 -0.00185909 -0.00185302 -0.00186403 -0.00186057 -0.00186994 -0.00187 -0.00187698 -0.00188154 -0.00188551 -0.00189532 -0.00189611 -0.00191134 -0.00190959 -0.00192942 -0.00192684 -0.00194923 -0.0019486 -0.00197037 -0.001975 -0.00199257 -0.00200518 -0.00201599 -0.00203709 -0.00204131 -0.00206801 -0.0020695 -0.00209579 -0.00210128 -0.00212062 -0.0021364 -0.00214618 -0.00217362 -0.00217838 -0.00221105 -0.00222034 -0.00224517 -0.00226244 -0.00226233 -0.00226702 -0.00221689 -0.00215033 -0.00200294 -0.00177454 -0.00144834 -0.000961485 -0.000337651 0.000514079 0.00160938 0.00300871 0.00480987 0.00701179 0.0097005 0.0128523 0.0164437 0.0204931 0.0248929 0.0295935 0.0344275 0.0391358 0.043535 0.0473457 0.0503649 0.0524216 0.0532493 0.052729 0.0507731 0.0473161 0.0424711 0.0363393 0.0291013 0.0210748 0.0124797 0.00359462 -0.00519667 -0.0136399 -0.021517 -0.0286132 -0.0348042 -0.0399475 -0.0439776 -0.0470099 -0.0491076 -0.0502847 -0.0507165 -0.050608 -0.0500601 -0.0492075 -0.0482394 -0.047291 -0.0464603 -0.0458384 
0 0.00478072 0.00954122 0.0141583 0.018494 0.0224749 0.0260335 0.0290415 0.0313362 0.0327956 0.0333194 0.0327732 0.0310693 0.0281821 0.0240513 0.0187066 0.0123253 0.00501388 -0.00310201 -0.011704 -0.0204839 -0.0291559 -0.0373819 -0.0449128 -0.051459 -0.0567067 -0.0605604 -0.0629443 -0.0638017 -0.0632491 -0.0613718 -0.0583481 -0.0544528 -0.0498534 -0.0448351 -0.0396712 -0.0345393 -0.0296834 -0.0251769 -0.0210829 -0.017493 -0.014368 -0.0117664 -0.00964393 -0.00792419 -0.00659733 -0.00553233 -0.00472266 -0.00410772 -0.00362943 -0.00330927 -0.00305538 -0.00289924 -0.00278758 -0.00270204 -0.00266238 -0.00260461 -0.0025859 -0.00254703 -0.00252239 -0.00250165 -0.00246607 -0.00245749 -0.00241918 -0.00241257 -0.0023822 -0.00236932 -0.0023526 -0.00233105 -0.00232677 -0.00229963 -0.002302 -0.00227487 -0.00227714 -0.00225511 -0.00225241 -0.00223829 -0.00222863 -0.00222272 -0.00220667 -0.00220744 -0.0021871 -0.00219222 -0.00217016 -0.00217731 -0.00215578 -0.00216317 -0.00214379 -0.00215027 -0.00213393 -0.00213901 -0.00212601 -0.00212965 -0.00211984 -0.00212231 -0.00211529 -0.00211706 -0.0021123 -0.00211392 -0.00211082 -0.00211287 -0.00211082 -0.00211392 -0.0021123 -0.00211706 -0.00211529 -0.00212231 -0.00211984 -0.00212965 -0.00212601 -0.00213901 -0.00213393 -0.00215027 -0.00214379 -0.00216317 -0.00215578 -0.00217731 -0.00217016 -0.00219222 -0.0021871 -0.00220744 -0.00220667 -0.00222272 -0.00222863 -0.00223829 -0.00225241 -0.00225511 -0.00227714 -0.00227487 -0.002302 -0.00229963 -0.00232677 -0.00233105 -0.0023526 -0.00236932 -0.00238219 -0.00241255 -0.00241913 -0.00245734 -0.00246567 -0.00250062 -0.00251985 -0.00254104 -0.00257238 -0.00257549 -0.00260245 -0.00258427 -0.00256669 -0.00250381 -0.00237928 -0.00220367 -0.00189636 -0.00149467 -0.000915698 -0.000143893 0.000853571 0.00218768 0.00386224 0.00599812 0.00861629 0.0117146 0.0153388 0.019398 0.0239018 0.0287773 0.0338629 0.0390402 0.0440237 0.048587 0.0525263 0.0555375 0.0574473 0.0580574 0.057208 0.054907 0.0510905 0.0457925 0.0392189 0.0315522 0.0230682 0.014045 0.00468911 -0.0046426 -0.0136119 -0.022054 -0.0297679 -0.0365673 -0.042377 -0.0471274 -0.0508136 -0.0535343 -0.0553714 -0.0564066 -0.0567788 -0.0566537 -0.0562062 -0.0555781 -0.0548691 -0.0542095 -0.0537196 
0 0.00524807 0.0103796 0.0152915 0.0198881 0.0240734 0.0277263 0.0306819 0.0327956 0.0339943 0.0341909 0.0332577 0.0311237 0.0277631 0.0231734 0.0174401 0.0106707 0.00297999 -0.00540297 -0.0142296 -0.0232528 -0.0321308 -0.0405924 -0.0484018 -0.0551986 -0.060741 -0.0649089 -0.0675755 -0.0687617 -0.0684851 -0.0667743 -0.0638672 -0.0599585 -0.0552718 -0.0501127 -0.0446628 -0.0391965 -0.0339351 -0.0289658 -0.0244506 -0.0204006 -0.0168535 -0.0138707 -0.0113707 -0.00937595 -0.00778945 -0.00652863 -0.00557856 -0.00481505 -0.00426107 -0.00384368 -0.00353198 -0.00333753 -0.0031721 -0.00308682 -0.00300782 -0.00295453 -0.00292339 -0.0028729 -0.00286084 -0.00281522 -0.00280117 -0.00276995 -0.00274399 -0.0027298 -0.00269367 -0.00269033 -0.00265271 -0.00265034 -0.00262028 -0.00261112 -0.00259352 -0.00257481 -0.00256938 -0.00254307 -0.00254586 -0.00251648 -0.00252229 -0.00249464 -0.00249897 -0.00247664 -0.00247666 -0.00246149 -0.00245612 -0.00244838 -0.00243793 -0.00243683 -0.00242235 -0.00242661 -0.00240943 -0.00241769 -0.00239905 -0.00241016 -0.00239105 -0.00240414 -0.00238523 -0.00239974 -0.00238144 -0.00239707 -0.00237958 -0.00239617 -0.00237958 -0.00239707 -0.00238144 -0.00239974 -0.00238523 -0.00240414 -0.00239105 -0.00241016 -0.00239905 -0.00241769 -0.00240943 -0.00242661 -0.00242235 -0.00243683 -0.00243793 -0.00244838 -0.00245612 -0.00246149 -0.00247666 -0.00247664 -0.00249897 -0.00249464 -0.00252229 -0.00251648 -0.00254586 -0.00254307 -0.00256938 -0.00257481 -0.00259352 -0.00261112 -0.00262028 -0.00265034 -0.00265271 -0.00269032 -0.00269365 -0.00272976 -0.00274388 -0.00276967 -0.00280044 -0.00281339 -0.00285645 -0.00286286 -0.0029014 -0.00290851 -0.00291584 -0.0029113 -0.00285233 -0.00278112 -0.00260635 -0.00236863 -0.00200278 -0.00147968 -0.000801899 0.000141568 0.00133901 0.0029112 0.004919 0.00738865 0.0104177 0.0139403 0.0179829 0.0225127 0.0274274 0.0326984 0.0381115 0.0434808 0.0486149 0.0532157 0.057101 0.0599956 0.0616335 0.0619214 0.0607307 0.0580397 0.0538873 0.0482649 0.0413673 0.0334513 0.0247071 0.0154192 0.00585057 -0.00375956 -0.0130963 -0.0219311 -0.0301002 -0.0374207 -0.0438202 -0.0492733 -0.0537002 -0.0571199 -0.0596672 -0.0614297 -0.0624688 -0.0629383 -0.0630349 -0.0628783 -0.0625458 -0.0621728 -0.0618861 
0 0.00556558 0.010944 0.0160688 0.0208402 0.0250735 0.0286372 0.0314324 0.0333194 0.0341909 0.0339842 0.032615 0.030017 0.0262144 0.0212855 0.015275 0.00823637 0.000361863 -0.0081055 -0.016983 -0.0260176 -0.0349126 -0.0434329 -0.0512863 -0.0581945 -0.0639682 -0.0683937 -0.0713791 -0.0729193 -0.0729386 -0.0715168 -0.0688183 -0.0650104 -0.0603986 -0.0551924 -0.0495988 -0.0439121 -0.0382885 -0.0329401 -0.0280055 -0.0235062 -0.0195626 -0.0161518 -0.0132877 -0.0109781 -0.00909928 -0.00764951 -0.00650678 -0.00561481 -0.00495747 -0.00442892 -0.00407007 -0.00379215 -0.00359734 -0.00347573 -0.00336226 -0.00331385 -0.00324625 -0.00321492 -0.00318106 -0.00314304 -0.00313176 -0.0030875 -0.00308311 -0.00304319 -0.00303148 -0.0030047 -0.00297938 -0.00296725 -0.00293087 -0.00292837 -0.00288878 -0.00288827 -0.00285379 -0.00284886 -0.00282498 -0.00281239 -0.00280074 -0.00278055 -0.00277958 -0.00275402 -0.00276048 -0.00273267 -0.00274295 -0.00271581 -0.00272691 -0.0027026 -0.00271247 -0.00269222 -0.00269982 -0.00268406 -0.00268911 -0.00267769 -0.00268047 -0.00267286 -0.00267397 -0.00266945 -0.00266962 -0.00266742 -0.00266745 -0.00266674 -0.00266745 -0.00266742 -0.00266962 -0.00266945 -0.00267397 -0.00267286 -0.00268047 -0.00267769 -0.00268911 -0.00268406 -0.00269982 -0.00269222 -0.00271247 -0.0027026 -0.00272691 -0.00271581 -0.00274295 -0.00273267 -0.00276048 -0.00275402 -0.00277958 -0.00278055 -0.00280074 -0.00281239 -0.00282498 -0.00284886 -0.00285379 -0.00288827 -0.00288878 -0.00292837 -0.00293087 -0.00296725 -0.00297938 -0.00300469 -0.00303146 -0.00304312 -0.00308291 -0.00308699 -0.00313046 -0.00313988 -0.00317369 -0.00319852 -0.00321136 -0.00324291 -0.0032245 -0.00322026 -0.00314483 -0.003026 -0.00282824 -0.00249716 -0.00206303 -0.0014178 -0.000585257 0.000523255 0.00198211 0.00381693 0.00616696 0.00901335 0.0124115 0.0163662 0.0208016 0.0257441 0.0310567 0.0366184 0.0422736 0.0477409 0.0528612 0.0573874 0.0610509 0.0636616 0.0649554 0.0648291 0.0632701 0.0602131 0.0557237 0.0498876 0.0428202 0.0347721 0.0259498 0.0165827 0.00698174 -0.00264766 -0.0121272 -0.0212075 -0.0296901 -0.0374489 -0.0443968 -0.050475 -0.0556245 -0.0598339 -0.0631697 -0.0657237 -0.0675884 -0.068852 -0.069609 -0.0700048 -0.0701911 -0.0702453 -0.0702227 
0 0.00567018 0.0111892 0.0164259 0.0211943 0.0253112 0.0286839 0.0312175 0.0327732 0.0332577 0.032615 0.0307886 0.0277741 0.0236312 0.0184236 0.0122019 0.00506945 -0.00278572 -0.0111634 -0.0198788 -0.0287302 -0.0374921 -0.0458818 -0.0536262 -0.0605454 -0.0664264 -0.0710607 -0.0743573 -0.076217 -0.0766007 -0.0755705 -0.0731845 -0.0696508 -0.0652185 -0.0600631 -0.0544546 -0.0485987 -0.0427065 -0.0370413 -0.0317026 -0.0268266 -0.0224831 -0.0186625 -0.015445 -0.0127622 -0.0105927 -0.00888975 -0.00752315 -0.00649197 -0.00567787 -0.00506359 -0.00462173 -0.00427289 -0.00405725 -0.00387824 -0.00376851 -0.00368911 -0.00361381 -0.00358171 -0.003519 -0.00349813 -0.00345145 -0.00342242 -0.00339632 -0.00335561 -0.00334586 -0.00330083 -0.00329671 -0.00325782 -0.00324883 -0.00322323 -0.00320386 -0.00319281 -0.00316351 -0.00316332 -0.00312859 -0.0031333 -0.00309894 -0.00310286 -0.00307371 -0.00307296 -0.00305192 -0.00304481 -0.00303273 -0.00301937 -0.00301563 -0.00299725 -0.00300039 -0.00297864 -0.002987 -0.00296348 -0.00297557 -0.00295158 -0.00296622 -0.00294267 -0.0029591 -0.00293649 -0.0029543 -0.00293287 -0.00295188 -0.00293168 -0.00295188 -0.00293287 -0.0029543 -0.00293649 -0.0029591 -0.00294267 -0.00296622 -0.00295158 -0.00297557 -0.00296348 -0.002987 -0.00297864 -0.00300039 -0.00299725 -0.00301563 -0.00301937 -0.00303273 -0.00304481 -0.00305192 -0.00307296 -0.00307371 -0.00310286 -0.00309894 -0.0031333 -0.00312859 -0.00316332 -0.00316351 -0.00319281 -0.00320386 -0.00322323 -0.00324883 -0.00325782 -0.00329671 -0.00330081 -0.00334581 -0.00335548 -0.00339597 -0.0034215 -0.0034492 -0.0034928 -0.00350693 -0.00355559 -0.00355979 -0.00358233 -0.00356691 -0.00351463 -0.00343046 -0.00323901 -0.00298648 -0.0025758 -0.00202193 -0.00127564 -0.00025766 0.00103605 0.00274974 0.0049039 0.00757897 0.0108317 0.0146124 0.0189702 0.0238234 0.0291147 0.0347631 0.0405367 0.0462774 0.0517453 0.056709 0.0610033 0.0643443 0.0665291 0.0674112 0.0668551 0.0648695 0.0614558 0.0566552 0.0506402 0.043546 0.0355203 0.0267823 0.0175528 0.00807852 -0.00143518 -0.0108566 -0.0200078 -0.0286853 -0.0367645 -0.0441685 -0.0508126 -0.0566453 -0.0616756 -0.0659027 -0.0693284 -0.0720583 -0.0742084 -0.075796 -0.076897 -0.0776859 -0.0782399 -0.0785729 
0 0.00562611 0.0110956 0.0162084 0.0207864 0.0246968 0.0277902 0.0299344 0.0310693 0.0311237 0.030017 0.0277741 0.0244515 0.0200481 0.0146249 0.008325 0.00127103 -0.00639988 -0.0145069 -0.022893 -0.0314095 -0.0398427 -0.0479343 -0.0554714 -0.0622815 -0.068179 -0.0729879 -0.0765398 -0.0787201 -0.0795159 -0.0789148 -0.0769639 -0.0738262 -0.0696629 -0.0646998 -0.0591652 -0.0532399 -0.0471973 -0.0412497 -0.0355738 -0.0303436 -0.0255916 -0.021399 -0.0177904 -0.0147363 -0.0122611 -0.010256 -0.00867982 -0.00745782 -0.0064891 -0.00577571 -0.00521435 -0.00481375 -0.00452662 -0.00430721 -0.00417845 -0.00405758 -0.00399399 -0.00392829 -0.00387693 -0.00384376 -0.00378945 -0.00377149 -0.00372014 -0.00370233 -0.00366382 -0.00363702 -0.00361537 -0.00357869 -0.00357034 -0.00352922 -0.00352627 -0.00348831 -0.00348292 -0.00345409 -0.00344142 -0.00342427 -0.0034032 -0.00339699 -0.00336933 -0.00337121 -0.00334021 -0.00334666 -0.00331571 -0.00332355 -0.00329535 -0.00330232 -0.00327858 -0.00328342 -0.00326486 -0.00326719 -0.00325382 -0.00325383 -0.00324517 -0.00324344 -0.00323877 -0.00323604 -0.00323454 -0.00323162 -0.00323242 -0.00323015 -0.00323242 -0.00323162 -0.00323454 -0.00323604 -0.00323877 -0.00324344 -0.00324517 -0.00325383 -0.00325382 -0.00326719 -0.00326486 -0.00328342 -0.00327858 -0.00330232 -0.00329535 -0.00332355 -0.00331571 -0.00334666 -0.00334021 -0.00337121 -0.00336933 -0.00339699 -0.0034032 -0.00342427 -0.00344142 -0.00345409 -0.00348292 -0.00348831 -0.00352627 -0.00352922 -0.00357034 -0.00357869 -0.00361536 -0.00363699 -0.00366373 -0.00370209 -0.00371951 -0.00376991 -0.00378564 -0.00383499 -0.00385763 -0.00388768 -0.00391229 -0.00390049 -0.00388988 -0.00380058 -0.00367575 -0.00344449 -0.00309745 -0.00261973 -0.00193041 -0.00104395 0.000154632 0.00170301 0.00367983 0.00618711 0.0092198 0.0128491 0.0170368 0.0217551 0.0269872 0.0325918 0.038459 0.0443712 0.0500868 0.0554294 0.0601538 0.0640637 0.0669589 0.0686307 0.0689969 0.0679893 0.0655704 0.0617954 0.0567589 0.0506259 0.0435697 0.0357097 0.0272039 0.0182643 0.00907723 -0.000209576 -0.00944524 -0.0184827 -0.0272105 -0.0355123 -0.0432662 -0.0504078 -0.0569043 -0.0627218 -0.0678363 -0.0722174 -0.0758814 -0.0789274 -0.0814272 -0.0833971 -0.084891 -0.0859846 -0.0867276 
0 0.00539045 0.0105822 0.0153616 0.0195867 0.0231299 0.0258055 0.0275009 0.0281821 0.0277631 0.0262144 0.0236312 0.0200481 0.0154631 0.00999476 0.00378882 -0.00304543 -0.0103786 -0.0180887 -0.0260379 -0.0340483 -0.0419678 -0.0496314 -0.0568434 -0.0634544 -0.0693165 -0.0742289 -0.0780029 -0.0805188 -0.0817186 -0.0815875 -0.0801518 -0.0774777 -0.0737082 -0.0690465 -0.0636789 -0.0578225 -0.0517104 -0.0455602 -0.0396144 -0.0340272 -0.028904 -0.0243339 -0.0203237 -0.0169165 -0.0140902 -0.0117878 -0.00997357 -0.0085296 -0.00741452 -0.00655228 -0.00588304 -0.00539967 -0.00502381 -0.00477064 -0.00458273 -0.00444807 -0.00436418 -0.00428169 -0.00424123 -0.00418464 -0.00415183 -0.00411414 -0.0040744 -0.00405091 -0.00400455 -0.00398764 -0.00394218 -0.00392365 -0.00388685 -0.00386163 -0.00383729 -0.00380493 -0.00379212 -0.00375581 -0.00375046 -0.00371489 -0.00371204 -0.00368143 -0.00367701 -0.003654 -0.00364563 -0.00363109 -0.00361809 -0.00361148 -0.0035944 -0.00359439 -0.00357441 -0.00357941 -0.00355788 -0.00356644 -0.00354455 -0.00355555 -0.00353418 -0.00354688 -0.00352656 -0.00354056 -0.00352156 -0.00353672 -0.00351908 -0.00353543 -0.00351908 -0.00353672 -0.00352156 -0.00354056 -0.00352656 -0.00354688 -0.00353418 -0.00355555 -0.00354455 -0.00356644 -0.00355788 -0.00357941 -0.00357441 -0.00359439 -0.0035944 -0.00361148 -0.00361809 -0.00363109 -0.00364563 -0.003654 -0.00367701 -0.00368143 -0.00371204 -0.00371489 -0.00375046 -0.00375581 -0.00379212 -0.00380493 -0.00383729 -0.00386163 -0.00388685 -0.00392364 -0.00394216 -0.00398758 -0.00400439 -0.00405048 -0.0040733 -0.00411145 -0.00414554 -0.00417057 -0.0042111 -0.00421998 -0.00424334 -0.00422195 -0.00417828 -0.00407874 -0.00389027 -0.00361734 -0.00318469 -0.00260201 -0.00179414 -0.000717419 0.000681786 0.00251284 0.00481066 0.0076649 0.0110921 0.0150851 0.0196522 0.0247238 0.0302528 0.0361118 0.0421045 0.0480344 0.0536553 0.0587594 0.0631431 0.0665789 0.0688972 0.0699787 0.0697629 0.0682375 0.0654017 0.0613096 0.0561035 0.0499518 0.0429895 0.035355 0.0271983 0.0186524 0.00985691 0.000938467 -0.00798895 -0.0167983 -0.0254302 -0.033841 -0.0418833 -0.049452 -0.0565409 -0.0630813 -0.0690034 -0.074324 -0.079016 -0.0830325 -0.0864331 -0.0892805 -0.091557 -0.093266 -0.0944522 
0 0.00488435 0.00958434 0.0138699 0.0175649 0.020551 0.0226955 0.0238846 0.0240513 0.0231734 0.0212855 0.0184236 0.0146249 0.00999476 0.00464164 -0.0013384 -0.00780148 -0.0146603 -0.021858 -0.0292194 -0.0365925 -0.043912 -0.0510446 -0.0578471 -0.0641957 -0.0699126 -0.0748366 -0.0788 -0.0816301 -0.0832601 -0.0836537 -0.0827719 -0.0806452 -0.0773562 -0.073059 -0.0679591 -0.062254 -0.0561615 -0.0499223 -0.0437651 -0.0378879 -0.0324353 -0.027488 -0.0231025 -0.019312 -0.0161117 -0.0134885 -0.0113777 -0.00970623 -0.0084051 -0.00738713 -0.00661427 -0.00602523 -0.00558724 -0.00527473 -0.00504007 -0.00488427 -0.00476117 -0.00467541 -0.0046079 -0.00454596 -0.0045042 -0.00445117 -0.00441898 -0.00437474 -0.004343 -0.00430976 -0.00427481 -0.00425176 -0.0042145 -0.00419766 -0.00416158 -0.00414601 -0.00411483 -0.00409673 -0.00407277 -0.00405055 -0.00403417 -0.00400831 -0.00399832 -0.00397061 -0.00396504 -0.00393767 -0.00393448 -0.00390937 -0.00390693 -0.00388541 -0.00388269 -0.00386541 -0.00386195 -0.00384902 -0.00384478 -0.00383594 -0.00383119 -0.00382595 -0.00382109 -0.0038189 -0.00381443 -0.00381471 -0.00381111 -0.00381332 -0.00381111 -0.00381471 -0.00381443 -0.0038189 -0.00382109 -0.00382595 -0.00383119 -0.00383594 -0.00384478 -0.00384902 -0.00386195 -0.00386541 -0.00388269 -0.00388541 -0.00390693 -0.00390937 -0.00393448 -0.00393767 -0.00396504 -0.00397061 -0.00399832 -0.00400831 -0.00403417 -0.00405055 -0.00407277 -0.00409673 -0.00411483 -0.00414601 -0.00416158 -0.00419766 -0.0042145 -0.00425174 -0.00427478 -0.00430965 -0.00434271 -0.00437398 -0.00441711 -0.00444673 -0.00449408 -0.0045239 -0.0045619 -0.00458368 -0.00458628 -0.00456549 -0.00448436 -0.00434739 -0.00410324 -0.0037416 -0.0032223 -0.00250114 -0.00154451 -0.000270826 0.00137717 0.00348692 0.00612748 0.00933355 0.013132 0.0175024 0.0224176 0.0278251 0.033618 0.0396419 0.0456875 0.0515212 0.0569272 0.061694 0.0656033 0.0684704 0.0701519 0.070583 0.0697729 0.0677171 0.0644567 0.0601033 0.0547777 0.0486443 0.0418439 0.0344882 0.0267425 0.0186971 0.0103813 0.00191463 -0.00660296 -0.015129 -0.0235975 -0.031967 -0.040174 -0.0481006 -0.0556826 -0.0628626 -0.0695527 -0.0757356 -0.0813864 -0.086402 -0.0907414 -0.0944286 -0.0974502 -0.0998018 -0.10149 
0 0.00413822 0.00809645 0.011672 0.0146847 0.0169977 0.0184915 0.0190695 0.0187066 0.0174401 0.015275 0.0122019 0.008325 0.00378882 -0.0013384 -0.00695256 -0.0129253 -0.0192163 -0.0257451 -0.0323799 -0.039059 -0.0457046 -0.0522336 -0.0585813 -0.0645739 -0.0700567 -0.0749358 -0.0790179 -0.0821456 -0.0842238 -0.0851337 -0.0848399 -0.0833137 -0.0805584 -0.076726 -0.0719768 -0.0665055 -0.0605444 -0.0542918 -0.0480028 -0.0418973 -0.0361326 -0.0308446 -0.0260875 -0.0219124 -0.0183451 -0.015366 -0.0129494 -0.0110193 -0.0095006 -0.00832024 -0.00740553 -0.00671082 -0.00618834 -0.00580291 -0.00552519 -0.00532407 -0.00517987 -0.00507376 -0.00499059 -0.00492585 -0.0048682 -0.00481907 -0.00477396 -0.00473068 -0.00469356 -0.00465383 -0.00462178 -0.0045861 -0.00455646 -0.00452575 -0.00449673 -0.00447114 -0.00444227 -0.00442102 -0.00439297 -0.0043747 -0.00434867 -0.00433197 -0.00430911 -0.00429292 -0.00427394 -0.00425775 -0.00424286 -0.00422663 -0.00421559 -0.00419959 -0.00419195 -0.00417659 -0.00417182 -0.00415749 -0.00415511 -0.00414215 -0.00414179 -0.00413041 -0.00413182 -0.00412212 -0.00412519 -0.00411719 -0.00412188 -0.00411555 -0.00412188 -0.00411719 -0.00412519 -0.00412212 -0.00413182 -0.00413041 -0.00414179 -0.00414215 -0.00415511 -0.00415749 -0.00417182 -0.00417659 -0.00419195 -0.00419959 -0.00421559 -0.00422663 -0.00424286 -0.00425775 -0.00427394 -0.00429292 -0.00430911 -0.00433197 -0.00434867 -0.0043747 -0.00439297 -0.00442102 -0.00444227 -0.00447114 -0.00449673 -0.00452575 -0.00455646 -0.00458608 -0.00462171 -0.00465364 -0.00469305 -0.0047294 -0.00477085 -0.00481189 -0.00485227 -0.00489202 -0.00492189 -0.00494027 -0.00493187 -0.00488342 -0.00477584 -0.00458165 -0.00427651 -0.00382659 -0.00319438 -0.00234015 -0.00119998 0.000288981 0.00220853 0.00463687 0.00762044 0.0112008 0.0153647 0.0200934 0.0253485 0.0310319 0.0370293 0.0431331 0.049116 0.0547678 0.0598469 0.0641682 0.0675239 0.0697324 0.0707411 0.070511 0.0690742 0.0665003 0.0628344 0.0582372 0.0528568 0.0467815 0.0401776 0.0331747 0.0258654 0.0183409 0.0105862 0.002625 -0.00544612 -0.013624 -0.0218826 -0.0301276 -0.0383424 -0.0465012 -0.0544885 -0.0622078 -0.0695948 -0.0765661 -0.0830312 -0.0889165 -0.0941655 -0.0986993 -0.102441 -0.105389 -0.107541 
0 0.00317793 0.00615749 0.00880874 0.0109734 0.0124683 0.0132075 0.0131703 0.0123253 0.0106707 0.00823637 0.00506945 0.00127103 -0.00304543 -0.00780148 -0.0129253 -0.0183459 -0.0239718 -0.0297179 -0.0355698 -0.041481 -0.0473765 -0.053266 -0.0590779 -0.0646449 -0.069879 -0.0746494 -0.0787956 -0.0821994 -0.0846648 -0.086071 -0.0863693 -0.0854439 -0.0833042 -0.0800227 -0.0757043 -0.0705807 -0.0648219 -0.0586396 -0.0523015 -0.0460012 -0.0399776 -0.0343686 -0.0292524 -0.0247234 -0.0207771 -0.017448 -0.0147073 -0.0124847 -0.0107367 -0.00935054 -0.00828092 -0.00745736 -0.00682639 -0.00636842 -0.00602188 -0.00578395 -0.00560795 -0.00548221 -0.00539257 -0.00531439 -0.0052594 -0.00520047 -0.00515502 -0.00510636 -0.00506179 -0.00502064 -0.00497639 -0.00494084 -0.00489919 -0.00486738 -0.0048306 -0.00480118 -0.00477025 -0.00474266 -0.00471732 -0.00469159 -0.00467081 -0.00464726 -0.00462979 -0.00460873 -0.00459356 -0.00457512 -0.00456157 -0.00454576 -0.00453349 -0.00452018 -0.00450909 -0.00449811 -0.00448826 -0.00447944 -0.00447093 -0.00446412 -0.00445707 -0.00445217 -0.00444668 -0.0044436 -0.00443974 -0.00443845 -0.00443628 -0.00443674 -0.00443628 -0.00443845 -0.00443974 -0.0044436 -0.00444668 -0.00445217 -0.00445707 -0.00446412 -0.00447093 -0.00447944 -0.00448826 -0.00449811 -0.00450909 -0.00452018 -0.00453349 -0.00454576 -0.00456157 -0.00457512 -0.00459356 -0.00460873 -0.00462979 -0.00464726 -0.00467081 -0.00469159 -0.00471732 -0.00474266 -0.00477025 -0.00480118 -0.00483059 -0.00486738 -0.00489918 -0.00494079 -0.00497626 -0.0050203 -0.00506092 -0.00510422 -0.00515 -0.00518912 -0.00523487 -0.00526363 -0.00529206 -0.00529185 -0.0052631 -0.0051861 -0.00502903 -0.00478605 -0.00439939 -0.00386144 -0.00311039 -0.00209947 -0.000773843 0.000970185 0.00317842 0.0059484 0.00930448 0.0132504 0.0177949 0.0228601 0.0284148 0.0343293 0.0404233 0.0465151 0.0523308 0.0576843 0.062366 0.0661431 0.0688775 0.0704069 0.0707009 0.0698124 0.0677474 0.0646327 0.0606056 0.0557946 0.0503849 0.0444519 0.0380892 0.0314618 0.0246104 0.0175571 0.0103449 0.00294448 -0.00465127 -0.0124288 -0.020385 -0.0284646 -0.0366332 -0.0448879 -0.0531448 -0.0612823 -0.0692087 -0.0768176 -0.0839866 -0.0906145 -0.0966151 -0.10189 -0.106324 -0.109821 -0.112327 
0 0.00200627 0.00383452 0.00537657 0.00648667 0.00703267 0.00700216 0.00636093 0.00501388 0.00297999 0.000361863 -0.00278572 -0.00639988 -0.0103786 -0.0146603 -0.0192163 -0.0239718 -0.028827 -0.0337594 -0.0387869 -0.0438798 -0.0490291 -0.0542331 -0.0594223 -0.0645314 -0.0694565 -0.0740541 -0.078244 -0.0818566 -0.0846706 -0.0865725 -0.0874142 -0.0870972 -0.0856045 -0.0828969 -0.0791037 -0.0743959 -0.068919 -0.062928 -0.0566104 -0.0502096 -0.0439859 -0.0380686 -0.0326308 -0.0277282 -0.0234015 -0.0197143 -0.0166096 -0.0140953 -0.012081 -0.010483 -0.0092543 -0.00828031 -0.00755497 -0.006997 -0.00658424 -0.00629332 -0.00606559 -0.00592097 -0.00579436 -0.00571125 -0.00563745 -0.0055726 -0.00552585 -0.00546617 -0.00543123 -0.00537754 -0.00534464 -0.00530026 -0.0052644 -0.0052303 -0.00519086 -0.00516512 -0.00512439 -0.00510363 -0.00506489 -0.00504587 -0.00501189 -0.00499244 -0.00496476 -0.004944 -0.00492292 -0.00490102 -0.00488595 -0.00486361 -0.00485354 -0.00483168 -0.0048255 -0.00480492 -0.00480169 -0.00478298 -0.00478203 -0.00476553 -0.00476642 -0.00475225 -0.00475478 -0.00474293 -0.00474706 -0.0047374 -0.00474321 -0.00473557 -0.00474321 -0.0047374 -0.00474706 -0.00474293 -0.00475478 -0.00475225 -0.00476642 -0.00476553 -0.00478203 -0.00478298 -0.00480169 -0.00480492 -0.0048255 -0.00483168 -0.00485354 -0.00486361 -0.00488595 -0.00490102 -0.00492292 -0.004944 -0.00496476 -0.00499244 -0.00501189 -0.00504587 -0.00506489 -0.00510363 -0.00512439 -0.00516512 -0.00519085 -0.00523029 -0.00526437 -0.00530018 -0.00534441 -0.00537696 -0.00542978 -0.0054627 -0.00551788 -0.00555505 -0.00560046 -0.00563661 -0.00565023 -0.0056547 -0.00559486 -0.00549634 -0.00529019 -0.0049773 -0.00451495 -0.00384887 -0.00296819 -0.00176421 -0.000211276 0.0018017 0.004345 0.00744786 0.0111797 0.0154817 0.0203609 0.0257526 0.0315405 0.0376257 0.0437541 0.0497259 0.0553152 0.0602745 0.0644555 0.0676245 0.0696401 0.0704606 0.0700425 0.0684784 0.0658414 0.0622305 0.0578721 0.0529112 0.0474711 0.0416855 0.0356143 0.0293485 0.0229404 0.0163615 0.00963988 0.0027774 -0.00431315 -0.0116747 -0.0192851 -0.0271323 -0.0352115 -0.0434695 -0.0518213 -0.0602023 -0.0685051 -0.0765609 -0.0842542 -0.0914876 -0.0980842 -0.103897 -0.108848 -0.112801 -0.115629 
