0 0 0 0 0 0 0 0 0 0 0 0 0 0 0 0 0 0 0 0 0 0 0 0 0 0 0 0 0 0 0 0 0 0 0 0 0 0 0 0 0 0 0 0 0 0 0 0 0 0 0 0 0 0 0 0 0 0 0 0 0 0 0 0 0 0 0 0 0 0 0 0 0 0 0 0 0 0 0 0 0 0 0 0 0 0 0 0 0 0 0 0 0 0 0 0 0 0 0 0 0 0 0 0 0 0 0 0 0 0 0 0 0 0 0 0 0 0 0 0 0 0 0 0 0 0 0 0 0 0 0 0 0 0 0 0 0 0 0 0 0 0 0 0 0 0 0 0 0 0 0 0 0 0 0 0 0 0 0 0 0 0 0 0 0 0 0 0 0 0 0 0 0 0 0 0 0 0 0 0 0 0 0 0 0 0 0 0 0 0 0 0 0 0 0 0 0 0 0 0 
0 -0.00322165 -0.00638205 -0.0093306 -0.0118996 -0.0140247 -0.0157196 -0.0169622 -0.0176923 -0.017909 -0.0176921 -0.0171258 -0.0162611 -0.0151491 -0.013864 -0.0124933 -0.011116 -0.00978098 -0.00850833 -0.00731762 -0.00623799 -0.00529264 -0.00449014 -0.0038236 -0.00327241 -0.00281522 -0.00243758 -0.00212745 -0.00187506 -0.00167191 -0.00150752 -0.00137344 -0.00126438 -0.00117571 -0.0011052 -0.00105061 -0.00100789 -0.000973558 -0.000943436 -0.000913938 -0.000883924 -0.000852806 -0.000821784 -0.000792809 -0.000766936 -0.000745463 -0.000728197 -0.000714216 -0.000702557 -0.000691396 -0.000679851 -0.000667111 -0.000652874 -0.000637751 -0.000622051 -0.000606849 -0.000592755 -0.000580292 -0.000569943 -0.000561449 -0.000554871 -0.000549588 -0.000545237 -0.000541338 -0.00053734 -0.000533125 -0.000528243 -0.000522856 -0.000516796 -0.000510297 -0.000503487 -0.000496507 -0.000489673 -0.000482983 -0.000476787 -0.00047098 -0.00046583 -0.000461201 -0.000457218 -0.000453783 -0.000450876 -0.000448469 -0.00044643 -0.000444807 -0.000443401 -0.00044232 -0.000441339 -0.000440604 -0.000439894 -0.000439368 -0.00043883 -0.000438433 -0.000438012 -0.000437706 -0.00043738 -0.000437155 -0.000436919 -0.000436778 -0.000436636 -0.000436585 -0.00043654 -0.000436585 -0.000436636 -0.000436778 -0.000436919 -0.000437155 -0.00043738 -0.000437706 -0.000438012 -0.000438433 -0.00043883 -0.000439368 -0.000439894 -0.000440604 -0.000441339 -0.00044232 -0.000443401 -0.000444807 -0.00044643 -0.000448469 -0.000450876 -0.000453783 -0.000457218 -0.000461201 -0.00046583 -0.00047098 -0.000476787 -0.000482983 -0.000489673 -0.000496507 -0.000503487 -0.000510297 -0.000516796 -0.000522856 -0.000528243 -0.000533125 -0.00053734 -0.000541338 -0.000545237 -0.000549588 -0.000554871 -0.000561449 -0.000569943 -0.000580292 -0.000592755 -0.000606849 -0.000622051 -0.000637751 -0.000652874 -0.000667111 -0.000679851 -0.000691396 -0.000702557 -0.000714216 -0.000728197 -0.000745463 -0.000766935 -0.000792807 -0.000821776 -0.00085278 -0.000883846 -0.000913714 -0.000942825 -0.000971987 -0.00100407 -0.00104184 -0.00108616 -0.00113668 -0.00118889 -0.00123576 -0.00127085 -0.00128835 -0.00128789 -0.00127508 -0.00125581 -0.00123347 -0.00120091 -0.00113528 -0.00100889 -0.000802413 -0.000517002 -0.000180894 0.000172194 0.000534225 0.000924338 0.00136409 0.00184294 0.00230051 0.00266793 0.00293322 0.00313464 0.00329082 0.00337039 0.00333109 0.0031743 0.00296052 0.00275878 0.00257625 0.00237447 0.00216519 
0 -0.00638205 -0.0125611 -0.0182891 -0.0233447 -0.0276061 -0.0310025 -0.0334476 -0.0348868 -0.03537 -0.0350231 -0.0339701 -0.0323103 -0.0301506 -0.0276366 -0.0249481 -0.022246 -0.0196224 -0.0171159 -0.0147606 -0.0126045 -0.010699 -0.00907832 -0.00773738 -0.00663699 -0.00572883 -0.00497035 -0.00433261 -0.0038021 -0.00336986 -0.00302555 -0.00275748 -0.00254977 -0.00238608 -0.00225357 -0.00214132 -0.00204301 -0.00195597 -0.00187812 -0.00180939 -0.00174916 -0.00169573 -0.00164813 -0.00160412 -0.00156221 -0.00152174 -0.00148183 -0.00144318 -0.00140617 -0.00137138 -0.00133974 -0.00131105 -0.0012856 -0.00126282 -0.00124202 -0.00122279 -0.00120412 -0.0011859 -0.00116757 -0.00114913 -0.00113078 -0.0011125 -0.0010949 -0.00107793 -0.0010621 -0.00104746 -0.0010341 -0.00102214 -0.00101129 -0.00100171 -0.000992939 -0.00098507 -0.000977717 -0.000970852 -0.000964302 -0.000957916 -0.000951749 -0.00094557 -0.000939592 -0.000933564 -0.000927761 -0.000921964 -0.000916425 -0.000910995 -0.000905847 -0.000900915 -0.000896275 -0.00089194 -0.000887893 -0.000884212 -0.000880805 -0.000877801 -0.000875051 -0.00087272 -0.000870625 -0.000868953 -0.000867499 -0.000866466 -0.00086564 -0.000865231 -0.000865023 -0.000865231 -0.00086564 -0.000866466 -0.000867499 -0.000868953 -0.000870625 -0.00087272 -0.000875051 -0.000877801 -0.000880805 -0.000884212 -0.000887893 -0.00089194 -0.000896275 -0.000900915 -0.000905847 -0.000910995 -0.000916425 -0.000921964 -0.000927761 -0.000933564 -0.000939592 -0.00094557 -0.000951749 -0.000957916 -0.000964302 -0.000970852 -0.000977717 -0.00098507 -0.000992939 -0.00100171 -0.00101129 -0.00102214 -0.0010341 -0.00104746 -0.0010621 -0.00107793 -0.0010949 -0.0011125 -0.00113078 -0.00114913 -0.00116757 -0.0011859 -0.00120412 -0.00122279 -0.00124202 -0.00126282 -0.0012856 -0.00131105 -0.00133974 -0.00137138 -0.00140617 -0.00144318 -0.00148183 -0.00152174 -0.00156221 -0.00160411 -0.00164811 -0.00169566 -0.00174895 -0.0018088 -0.00187656 -0.00195208 -0.00203382 -0.00212072 -0.0022099 -0.00229855 -0.00238403 -0.00246109 -0.00252494 -0.00257062 -0.00259301 -0.00259154 -0.0025661 -0.0025119 -0.00241649 -0.00225232 -0.00198327 -0.00158477 -0.00105535 -0.000419554 0.000286233 0.0010456 0.00186678 0.00274828 0.00365123 0.00450328 0.0052334 0.00581608 0.00626399 0.00656683 0.00667887 0.00658497 0.0063346 0.00599381 0.00560225 0.0051888 0.00479508 0.00446789 
0 -0.0093306 -0.0182891 -0.0265856 -0.0340009 -0.0403211 -0.0453413 -0.048948 -0.0511504 -0.0520222 -0.0516638 -0.0502214 -0.047876 -0.0448131 -0.0412374 -0.0373786 -0.0334407 -0.0295679 -0.0258583 -0.0223811 -0.0191954 -0.0163637 -0.0139275 -0.011882 -0.0101885 -0.00878873 -0.00762174 -0.00664572 -0.00583545 -0.0051713 -0.00463882 -0.00421991 -0.00389099 -0.00363153 -0.00342164 -0.00324519 -0.00309374 -0.00296035 -0.00284177 -0.00273723 -0.00264384 -0.00256063 -0.00248566 -0.00241605 -0.00235125 -0.00228928 -0.0022298 -0.0021733 -0.00211923 -0.00206891 -0.00202211 -0.00197894 -0.00193971 -0.00190325 -0.0018698 -0.00183823 -0.00180817 -0.00177945 -0.00175124 -0.00172414 -0.0016975 -0.00167189 -0.00164728 -0.00162369 -0.00160165 -0.00158067 -0.00156139 -0.00154323 -0.00152654 -0.001511 -0.00149647 -0.00148304 -0.00147021 -0.00145836 -0.00144684 -0.0014361 -0.00142564 -0.00141576 -0.0014062 -0.00139706 -0.00138837 -0.00137997 -0.00137214 -0.00136452 -0.00135755 -0.00135078 -0.00134469 -0.00133881 -0.0013336 -0.00132862 -0.00132429 -0.00132021 -0.00131673 -0.00131355 -0.00131092 -0.00130859 -0.00130679 -0.00130532 -0.00130434 -0.00130369 -0.00130352 -0.00130369 -0.00130434 -0.00130532 -0.00130679 -0.00130859 -0.00131092 -0.00131355 -0.00131673 -0.00132021 -0.00132429 -0.00132862 -0.0013336 -0.00133881 -0.00134469 -0.00135078 -0.00135755 -0.00136452 -0.00137214 -0.00137997 -0.00138837 -0.00139706 -0.0014062 -0.00141576 -0.00142564 -0.0014361 -0.00144684 -0.00145836 -0.00147021 -0.00148304 -0.00149647 -0.001511 -0.00152654 -0.00154323 -0.00156139 -0.00158067 -0.00160165 -0.00162369 -0.00164728 -0.00167189 -0.0016975 -0.00172414 -0.00175124 -0.00177945 -0.00180817 -0.00183823 -0.0018698 -0.00190325 -0.00193971 -0.00197894 -0.00202211 -0.00206891 -0.00211923 -0.0021733 -0.0022298 -0.00228927 -0.00235125 -0.00241603 -0.0024856 -0.00256046 -0.00264336 -0.00273595 -0.0028385 -0.00295246 -0.00307571 -0.00320614 -0.00334155 -0.00347603 -0.00360529 -0.00372316 -0.00382089 -0.0038936 -0.00393549 -0.00394143 -0.00390864 -0.00382372 -0.00366173 -0.00339017 -0.00296978 -0.00237548 -0.00161006 -0.00068993 0.00036249 0.00152397 0.00277652 0.0040841 0.00537932 0.00659731 0.0076921 0.00861426 0.00930977 0.00973933 0.00988991 0.00979169 0.0095094 0.00908544 0.00853452 0.00792511 0.00738766 0.00699519 
0 -0.0118996 -0.0233447 -0.0340009 -0.04358 -0.051755 -0.0582669 -0.0630415 -0.0661101 -0.0674954 -0.0672586 -0.0655814 -0.0627271 -0.0589685 -0.0545614 -0.0497322 -0.0446896 -0.0396473 -0.034794 -0.0302527 -0.026101 -0.0223919 -0.0191461 -0.0163629 -0.014022 -0.0120734 -0.0104588 -0.00912712 -0.00802902 -0.00712684 -0.00639303 -0.00579822 -0.00531938 -0.00493679 -0.00462841 -0.00437891 -0.00417368 -0.00399821 -0.00384487 -0.00370543 -0.00357526 -0.00345433 -0.00334065 -0.00323606 -0.00314136 -0.00305534 -0.00297892 -0.0029093 -0.00284511 -0.00278509 -0.00272653 -0.00267003 -0.00261423 -0.00255975 -0.00250761 -0.00245749 -0.00241127 -0.00236825 -0.0023292 -0.0022939 -0.00226144 -0.00223218 -0.00220441 -0.00217856 -0.0021534 -0.00212887 -0.00210487 -0.00208077 -0.00205742 -0.00203396 -0.00201149 -0.00198939 -0.00196841 -0.0019484 -0.00192948 -0.00191201 -0.00189549 -0.00188064 -0.00186659 -0.00185415 -0.0018424 -0.00183203 -0.0018223 -0.00181364 -0.0018056 -0.00179832 -0.00179168 -0.00178555 -0.0017801 -0.00177496 -0.00177054 -0.00176631 -0.00176282 -0.00175945 -0.00175684 -0.00175432 -0.00175258 -0.0017509 -0.00175002 -0.00174919 -0.00174917 -0.00174919 -0.00175002 -0.0017509 -0.00175258 -0.00175432 -0.00175684 -0.00175945 -0.00176282 -0.00176631 -0.00177054 -0.00177496 -0.0017801 -0.00178555 -0.00179168 -0.00179832 -0.0018056 -0.00181364 -0.0018223 -0.00183203 -0.0018424 -0.00185415 -0.00186659 -0.00188064 -0.00189549 -0.00191201 -0.00192948 -0.0019484 -0.00196841 -0.00198939 -0.00201149 -0.00203396 -0.00205742 -0.00208077 -0.00210487 -0.00212887 -0.0021534 -0.00217856 -0.00220441 -0.00223218 -0.00226144 -0.0022939 -0.0023292 -0.00236825 -0.00241127 -0.00245749 -0.00250761 -0.00255975 -0.00261423 -0.00267003 -0.00272653 -0.00278509 -0.0028451 -0.0029093 -0.00297892 -0.00305534 -0.00314135 -0.00323602 -0.00334052 -0.00345395 -0.00357423 -0.00370279 -0.00383842 -0.00398325 -0.00414077 -0.00431029 -0.00449279 -0.00468282 -0.00486864 -0.00503961 -0.0051802 -0.00527945 -0.00533543 -0.00534314 -0.00529655 -0.00517889 -0.00494995 -0.00456506 -0.00398707 -0.00319122 -0.00218174 -0.000976453 0.000413748 0.00196292 0.00362012 0.00532433 0.00700498 0.00859593 0.0100464 0.0112812 0.012199 0.0127585 0.0130052 0.0129854 0.0127076 0.0122011 0.0115536 0.0108787 0.0102742 0.00979929 
0 -0.0140247 -0.0276061 -0.0403211 -0.051755 -0.0615456 -0.0694711 -0.0754393 -0.0794068 -0.0813761 -0.0814427 -0.0797944 -0.0766992 -0.0724852 -0.067457 -0.06185 -0.0559 -0.049875 -0.0440119 -0.0384838 -0.0334052 -0.0288259 -0.0247639 -0.021236 -0.0182306 -0.015705 -0.0136075 -0.011872 -0.0104347 -0.00925272 -0.00828559 -0.00749835 -0.00686579 -0.00635591 -0.00594201 -0.00560445 -0.00532066 -0.00507848 -0.00486875 -0.0046812 -0.00451416 -0.00436257 -0.00422301 -0.00409611 -0.00397741 -0.00386754 -0.00376564 -0.00366932 -0.00358065 -0.00349696 -0.00341896 -0.00334667 -0.00327801 -0.00321474 -0.00315434 -0.00309757 -0.00304396 -0.00299216 -0.00294371 -0.00289649 -0.0028521 -0.00280955 -0.00276894 -0.00273102 -0.00269442 -0.00266081 -0.00262841 -0.00259854 -0.00257019 -0.00254347 -0.00251863 -0.00249461 -0.00247257 -0.0024509 -0.00243102 -0.00241146 -0.00239329 -0.00237568 -0.002359 -0.00234323 -0.00232798 -0.00231394 -0.00230016 -0.00228779 -0.00227553 -0.00226475 -0.00225407 -0.00224482 -0.00223572 -0.00222795 -0.00222041 -0.00221406 -0.00220805 -0.00220309 -0.00219856 -0.00219495 -0.00219184 -0.00218956 -0.00218783 -0.00218688 -0.0021865 -0.00218688 -0.00218783 -0.00218956 -0.00219184 -0.00219495 -0.00219856 -0.00220309 -0.00220805 -0.00221406 -0.00222041 -0.00222795 -0.00223572 -0.00224482 -0.00225407 -0.00226475 -0.00227553 -0.00228779 -0.00230016 -0.00231394 -0.00232798 -0.00234323 -0.002359 -0.00237568 -0.00239329 -0.00241146 -0.00243102 -0.0024509 -0.00247257 -0.00249461 -0.00251863 -0.00254347 -0.00257019 -0.00259854 -0.00262841 -0.00266081 -0.00269442 -0.00273102 -0.00276894 -0.00280955 -0.0028521 -0.00289649 -0.00294371 -0.00299216 -0.00304396 -0.00309757 -0.00315434 -0.00321474 -0.00327801 -0.00334667 -0.00341896 -0.00349696 -0.00358065 -0.00366932 -0.00376564 -0.00386753 -0.00397737 -0.00409601 -0.00422272 -0.00436177 -0.00451207 -0.00467603 -0.00485659 -0.00505137 -0.0052633 -0.00548936 -0.00572304 -0.00596083 -0.00618934 -0.00639754 -0.0065782 -0.00671769 -0.00681 -0.00684458 -0.00679293 -0.00662365 -0.00629438 -0.00575996 -0.0050022 -0.00401258 -0.00277911 -0.00130115 0.000418609 0.00235348 0.00441578 0.00650226 0.00854628 0.0104896 0.0122581 0.0137665 0.0149208 0.0156702 0.0160541 0.0161248 0.0158816 0.0153655 0.0147222 0.0140796 0.0134682 0.0129304 
0 -0.0157196 -0.0310025 -0.0453413 -0.0582669 -0.0694711 -0.0787403 -0.0858636 -0.0907187 -0.0933632 -0.0939401 -0.0925994 -0.0895717 -0.0851855 -0.0797644 -0.0736007 -0.0669907 -0.06021 -0.0535047 -0.0471011 -0.0411505 -0.0357197 -0.0308548 -0.0265815 -0.0228883 -0.0197534 -0.0171289 -0.0149383 -0.0131204 -0.0116206 -0.0103851 -0.00937995 -0.00856742 -0.00790581 -0.00736818 -0.00692265 -0.00654535 -0.00622596 -0.00594826 -0.00570646 -0.00549625 -0.00530713 -0.00513849 -0.00498367 -0.00483797 -0.00470295 -0.00457323 -0.00445167 -0.00433821 -0.00423115 -0.00413435 -0.00404388 -0.00396146 -0.00388576 -0.00381393 -0.0037479 -0.00368333 -0.00362224 -0.00356291 -0.00350488 -0.00345006 -0.00339588 -0.00334563 -0.00329696 -0.00325168 -0.00320942 -0.00316939 -0.00313324 -0.00309833 -0.00306711 -0.0030368 -0.00300914 -0.00298263 -0.00295748 -0.00293394 -0.00291071 -0.00288946 -0.00286796 -0.00284855 -0.00282883 -0.00281105 -0.00279325 -0.00277703 -0.00276126 -0.00274664 -0.00273296 -0.00272001 -0.00270839 -0.00269717 -0.00268756 -0.00267809 -0.00267041 -0.00266268 -0.00265684 -0.00265085 -0.00264678 -0.00264249 -0.00264012 -0.00263751 -0.00263681 -0.00263585 -0.00263681 -0.00263751 -0.00264012 -0.00264249 -0.00264678 -0.00265085 -0.00265684 -0.00266268 -0.00267041 -0.00267809 -0.00268756 -0.00269717 -0.00270839 -0.00272001 -0.00273296 -0.00274664 -0.00276126 -0.00277703 -0.00279325 -0.00281105 -0.00282883 -0.00284855 -0.00286796 -0.00288946 -0.00291071 -0.00293394 -0.00295748 -0.00298263 -0.00300914 -0.0030368 -0.00306711 -0.00309833 -0.00313324 -0.00316939 -0.00320942 -0.00325168 -0.00329696 -0.00334563 -0.00339588 -0.00345006 -0.00350488 -0.00356291 -0.00362224 -0.00368333 -0.0037479 -0.00381393 -0.00388576 -0.00396146 -0.00404388 -0.00413435 -0.00423115 -0.0043382 -0.00445166 -0.00457322 -0.00470293 -0.0048379 -0.00498345 -0.00513787 -0.00530549 -0.00549215 -0.00569671 -0.00592623 -0.00617868 -0.00644911 -0.00673681 -0.00702772 -0.00731379 -0.00758892 -0.00783881 -0.0080627 -0.00825337 -0.00838963 -0.00845067 -0.00839013 -0.00815073 -0.00769678 -0.00699868 -0.00604683 -0.00485095 -0.003389 -0.00162857 0.000421934 0.00271765 0.00516364 0.00762787 0.0100216 0.0122911 0.014346 0.0160939 0.0174884 0.0184852 0.0190439 0.0191937 0.0190217 0.01862 0.0180831 0.0174968 0.0169191 0.0164191 
0 -0.0169622 -0.0334476 -0.048948 -0.0630415 -0.0754393 -0.0858636 -0.0940372 -0.0998349 -0.103305 -0.104554 -0.103735 -0.101073 -0.0968346 -0.0913214 -0.084891 -0.0778751 -0.0705452 -0.0631843 -0.0560583 -0.0493357 -0.0431249 -0.0374963 -0.0324665 -0.0280512 -0.0242635 -0.0210606 -0.0183817 -0.0161616 -0.0143138 -0.0127775 -0.0115108 -0.0104632 -0.00960661 -0.00891114 -0.00833729 -0.00786551 -0.0074687 -0.00712379 -0.00682482 -0.0065552 -0.00631138 -0.00609316 -0.00589137 -0.00571092 -0.00554656 -0.00539477 -0.00525835 -0.00512858 -0.0050085 -0.00489493 -0.00478491 -0.00468286 -0.00458309 -0.00449048 -0.00440317 -0.00432048 -0.00424581 -0.00417402 -0.00410961 -0.00404823 -0.00399092 -0.00393763 -0.00388512 -0.00383695 -0.00378826 -0.00374303 -0.00369808 -0.00365502 -0.00361402 -0.00357353 -0.0035366 -0.00349959 -0.00346664 -0.00343386 -0.00340464 -0.00337638 -0.00335057 -0.00332665 -0.00330392 -0.00328384 -0.00326392 -0.00324704 -0.0032297 -0.00321543 -0.00320047 -0.00318838 -0.00317564 -0.00316541 -0.00315477 -0.00314622 -0.00313759 -0.00313064 -0.00312393 -0.00311857 -0.00311372 -0.00310996 -0.00310692 -0.0031048 -0.00310352 -0.00310308 -0.00310352 -0.0031048 -0.00310692 -0.00310996 -0.00311372 -0.00311857 -0.00312393 -0.00313064 -0.00313759 -0.00314622 -0.00315477 -0.00316541 -0.00317564 -0.00318838 -0.00320047 -0.00321543 -0.0032297 -0.00324704 -0.00326392 -0.00328384 -0.00330392 -0.00332665 -0.00335057 -0.00337638 -0.00340464 -0.00343386 -0.00346664 -0.00349959 -0.0035366 -0.00357353 -0.00361402 -0.00365502 -0.00369808 -0.00374303 -0.00378826 -0.00383695 -0.00388512 -0.00393763 -0.00399092 -0.00404823 -0.00410961 -0.00417402 -0.00424581 -0.00432048 -0.00440317 -0.00449048 -0.00458309 -0.00468286 -0.00478491 -0.00489493 -0.0050085 -0.00512858 -0.00525834 -0.00539475 -0.0055465 -0.00571075 -0.0058909 -0.00609189 -0.00630818 -0.00654749 -0.00680713 -0.00708531 -0.00738922 -0.0077097 -0.00804748 -0.00839943 -0.00874793 -0.00909078 -0.00941388 -0.00969886 -0.00994086 -0.0101078 -0.0101591 -0.0100557 -0.00973409 -0.0091541 -0.00830611 -0.00716736 -0.00572761 -0.00397905 -0.00189413 0.000500354 0.00311681 0.00587759 0.008693 0.0114465 0.0140414 0.0163781 0.0183551 0.0199473 0.0211606 0.0219335 0.0222398 0.0222033 0.0219705 0.0215841 0.021086 0.0206027 0.0202372 
0 -0.0176923 -0.0348868 -0.0511504 -0.0661101 -0.0794068 -0.0907187 -0.0998349 -0.106636 -0.111047 -0.113115 -0.113032 -0.110998 -0.107197 -0.101921 -0.0955444 -0.0883896 -0.0807639 -0.0729839 -0.0653005 -0.0579169 -0.0510092 -0.0446578 -0.038897 -0.0337817 -0.0293245 -0.0255028 -0.0222901 -0.0196048 -0.0173552 -0.0154829 -0.0139172 -0.0126101 -0.0115372 -0.0106504 -0.00992086 -0.00932283 -0.00881491 -0.0083843 -0.00801078 -0.00767514 -0.00738046 -0.00711159 -0.00686774 -0.00665055 -0.00644771 -0.00626636 -0.00609849 -0.00594109 -0.00579866 -0.00566061 -0.00553409 -0.00541399 -0.00529908 -0.00519437 -0.00509163 -0.00499856 -0.00490919 -0.00482506 -0.00474796 -0.00467203 -0.00460411 -0.0045366 -0.00447484 -0.00441555 -0.0043584 -0.00430621 -0.00425358 -0.00420687 -0.00415931 -0.00411666 -0.00407453 -0.00403512 -0.00399828 -0.00396191 -0.00392973 -0.00389657 -0.00386825 -0.00383856 -0.00381336 -0.0037873 -0.0037647 -0.00374224 -0.00372193 -0.0037029 -0.00368477 -0.00366891 -0.00365292 -0.00363995 -0.00362613 -0.0036158 -0.00360416 -0.00359628 -0.00358682 -0.00358123 -0.00357395 -0.00357055 -0.00356544 -0.00356418 -0.0035612 -0.00356206 -0.0035612 -0.00356418 -0.00356544 -0.00357055 -0.00357395 -0.00358123 -0.00358682 -0.00359628 -0.00360416 -0.0036158 -0.00362613 -0.00363995 -0.00365292 -0.00366891 -0.00368477 -0.0037029 -0.00372193 -0.00374224 -0.0037647 -0.0037873 -0.00381336 -0.00383856 -0.00386825 -0.00389657 -0.00392973 -0.00396191 -0.00399828 -0.00403512 -0.00407453 -0.00411666 -0.00415931 -0.00420687 -0.00425358 -0.00430621 -0.0043584 -0.00441555 -0.00447484 -0.0045366 -0.00460411 -0.00467203 -0.00474796 -0.00482506 -0.00490919 -0.00499856 -0.00509163 -0.00519437 -0.00529908 -0.00541399 -0.00553409 -0.00566061 -0.00579866 -0.00594109 -0.00609848 -0.00626632 -0.00644758 -0.0066502 -0.00686678 -0.00710912 -0.00737443 -0.00766112 -0.00797984 -0.00831943 -0.0086858 -0.00907894 -0.00948345 -0.00990502 -0.0103279 -0.0107363 -0.0111313 -0.0114833 -0.0117696 -0.0119639 -0.0119987 -0.0118263 -0.0114056 -0.0106846 -0.00965633 -0.00830716 -0.00659057 -0.00450511 -0.0020762 0.000657637 0.0035965 0.00665252 0.00978509 0.0128847 0.0157852 0.0183778 0.0205934 0.0223811 0.0237504 0.0247191 0.0252741 0.0254612 0.0253951 0.0251576 0.0248195 0.024505 0.0242969 
0 -0.017909 -0.03537 -0.0520222 -0.0674954 -0.0813761 -0.0933632 -0.103305 -0.111047 -0.116445 -0.119516 -0.12039 -0.119182 -0.116069 -0.111347 -0.105329 -0.0983388 -0.0907293 -0.0827777 -0.0747135 -0.0668134 -0.0592984 -0.0522832 -0.0458679 -0.0401025 -0.0349818 -0.0305286 -0.0267268 -0.0235016 -0.0208005 -0.0185451 -0.0166464 -0.0150661 -0.0137466 -0.0126375 -0.0117219 -0.0109517 -0.0103019 -0.00975994 -0.00928827 -0.00888375 -0.00853085 -0.00820886 -0.00792515 -0.0076604 -0.00741552 -0.0071939 -0.00698167 -0.00679224 -0.00661552 -0.00645199 -0.00630704 -0.00616704 -0.00604284 -0.00592351 -0.00581035 -0.00570612 -0.0056008 -0.00550567 -0.00540981 -0.00532065 -0.00523624 -0.00515362 -0.0050805 -0.00500674 -0.00494286 -0.00487953 -0.00482248 -0.00476915 -0.00471729 -0.00467188 -0.00462455 -0.00458445 -0.00454159 -0.00450467 -0.00446637 -0.00443145 -0.00439764 -0.00436447 -0.00433485 -0.00430376 -0.00427793 -0.00424944 -0.00422698 -0.00420159 -0.00418211 -0.00416012 -0.00414336 -0.00412488 -0.00411065 -0.00409563 -0.00408383 -0.00407212 -0.00406269 -0.00405411 -0.00404705 -0.0040414 -0.00403673 -0.00403384 -0.0040316 -0.00403133 -0.0040316 -0.00403384 -0.00403673 -0.0040414 -0.00404705 -0.00405411 -0.00406269 -0.00407212 -0.00408383 -0.00409563 -0.00411065 -0.00412488 -0.00414336 -0.00416012 -0.00418211 -0.00420159 -0.00422698 -0.00424944 -0.00427793 -0.00430376 -0.00433485 -0.00436447 -0.00439764 -0.00443145 -0.00446637 -0.00450467 -0.00454159 -0.00458445 -0.00462455 -0.00467188 -0.00471729 -0.00476915 -0.00482248 -0.00487953 -0.00494286 -0.00500674 -0.0050805 -0.00515362 -0.00523624 -0.00532065 -0.00540981 -0.00550567 -0.0056008 -0.00570612 -0.00581035 -0.00592351 -0.00604284 -0.00616704 -0.00630704 -0.00645199 -0.00661552 -0.00679223 -0.00698164 -0.00719381 -0.00741526 -0.00765967 -0.00792327 -0.0082042 -0.00851988 -0.00885917 -0.00923596 -0.00965422 -0.010099 -0.010582 -0.0110817 -0.0115826 -0.0120881 -0.0125675 -0.0130184 -0.0134323 -0.0137566 -0.0139592 -0.0139762 -0.013722 -0.0131693 -0.0122813 -0.0110196 -0.00939013 -0.00736328 -0.00492162 -0.00213884 0.000918725 0.00419909 0.00760133 0.0110403 0.0144231 0.0175781 0.0203811 0.0228157 0.024835 0.0263775 0.0274952 0.0282729 0.028717 0.0288503 0.0287925 0.028674 0.0285616 0.0284854 
0 -0.0176921 -0.0350231 -0.0516638 -0.0672586 -0.0814427 -0.0939401 -0.104554 -0.113115 -0.119516 -0.123707 -0.125662 -0.125457 -0.123305 -0.119427 -0.114056 -0.10754 -0.100213 -0.0923118 -0.0841127 -0.0759131 -0.0679267 -0.0603559 -0.0533554 -0.0469566 -0.0411993 -0.0361311 -0.0317188 -0.0279397 -0.0247533 -0.0220513 -0.0197735 -0.0178636 -0.0162411 -0.0148862 -0.0137556 -0.0127964 -0.0120012 -0.011322 -0.0107342 -0.0102348 -0.00978516 -0.00939114 -0.00904201 -0.00871835 -0.00843591 -0.00817156 -0.00793003 -0.00771335 -0.0075033 -0.0073174 -0.00713843 -0.00697157 -0.00682072 -0.00667151 -0.00654107 -0.00641259 -0.00629534 -0.00618737 -0.00608056 -0.00598783 -0.00589216 -0.00580805 -0.00572431 -0.00564478 -0.00557191 -0.00549666 -0.00543204 -0.00536298 -0.00530394 -0.00524305 -0.00518802 -0.00513597 -0.00508471 -0.00504076 -0.00499383 -0.0049564 -0.00491455 -0.0048819 -0.0048456 -0.00481636 -0.00478565 -0.00475898 -0.00473351 -0.00470905 -0.00468828 -0.00466599 -0.00464931 -0.00462935 -0.00461624 -0.00459877 -0.00458884 -0.00457401 -0.00456698 -0.0045549 -0.00455062 -0.00454132 -0.00453972 -0.0045332 -0.00453428 -0.00453049 -0.00453428 -0.0045332 -0.00453972 -0.00454132 -0.00455062 -0.0045549 -0.00456698 -0.00457401 -0.00458884 -0.00459877 -0.00461624 -0.00462935 -0.00464931 -0.00466599 -0.00468828 -0.00470905 -0.00473351 -0.00475898 -0.00478565 -0.00481636 -0.0048456 -0.0048819 -0.00491455 -0.0049564 -0.00499383 -0.00504076 -0.00508471 -0.00513597 -0.00518802 -0.00524305 -0.00530394 -0.00536298 -0.00543204 -0.00549666 -0.00557191 -0.00564478 -0.00572431 -0.00580805 -0.00589216 -0.00598783 -0.00608056 -0.00618737 -0.00629534 -0.00641259 -0.00654107 -0.00667151 -0.00682072 -0.00697157 -0.00713843 -0.0073174 -0.00750329 -0.00771333 -0.00792996 -0.00817136 -0.00843537 -0.00871693 -0.00903847 -0.00938266 -0.00976589 -0.0101931 -0.0106486 -0.0111552 -0.0116922 -0.0122525 -0.0128449 -0.0134324 -0.01402 -0.014599 -0.0151269 -0.0156002 -0.0159615 -0.0161309 -0.0160701 -0.0156983 -0.0149638 -0.0138686 -0.012356 -0.0103929 -0.0080027 -0.00518496 -0.00200534 0.00141588 0.0050374 0.00879492 0.0125305 0.0161235 0.0194828 0.0224949 0.0251119 0.0273209 0.0290609 0.0303363 0.0312637 0.0319099 0.0322813 0.0324661 0.0325821 0.0326541 0.0326942 
0 -0.0171258 -0.0339701 -0.0502214 -0.0655814 -0.0797944 -0.0925994 -0.103735 -0.113032 -0.12039 -0.125662 -0.128749 -0.129742 -0.128787 -0.125986 -0.121549 -0.115783 -0.108954 -0.101352 -0.0932984 -0.0850208 -0.0767566 -0.0687885 -0.0612707 -0.0542927 -0.0479635 -0.0422948 -0.0372825 -0.0329535 -0.0292328 -0.0260463 -0.0233548 -0.0210556 -0.019102 -0.0174684 -0.0160765 -0.014911 -0.013934 -0.0130857 -0.0123697 -0.0117422 -0.0111844 -0.0107065 -0.0102685 -0.0098849 -0.00954463 -0.00922603 -0.00895039 -0.00868664 -0.00844599 -0.00822757 -0.00801244 -0.00782476 -0.00763941 -0.00747096 -0.00731717 -0.00716552 -0.00703629 -0.00690442 -0.00678942 -0.00667845 -0.00657137 -0.00647742 -0.00637786 -0.0062943 -0.00620486 -0.00612634 -0.00604883 -0.00597346 -0.00590728 -0.00583621 -0.00577885 -0.00571442 -0.00566299 -0.00560704 -0.00555943 -0.00551247 -0.00546774 -0.00542904 -0.00538723 -0.00535537 -0.00531703 -0.00529041 -0.00525615 -0.00523343 -0.00520371 -0.00518397 -0.00515896 -0.00514168 -0.00512134 -0.00510631 -0.00509042 -0.00507766 -0.00506594 -0.00505555 -0.00504771 -0.00503986 -0.00503562 -0.00503049 -0.00502958 -0.00502737 -0.00502958 -0.00503049 -0.00503562 -0.00503986 -0.00504771 -0.00505555 -0.00506594 -0.00507766 -0.00509042 -0.00510631 -0.00512134 -0.00514168 -0.00515896 -0.00518397 -0.00520371 -0.00523343 -0.00525615 -0.00529041 -0.00531703 -0.00535537 -0.00538723 -0.00542904 -0.00546774 -0.00551247 -0.00555943 -0.00560704 -0.00566299 -0.00571442 -0.00577885 -0.00583621 -0.00590728 -0.00597346 -0.00604883 -0.00612634 -0.00620486 -0.0062943 -0.00637786 -0.00647742 -0.00657137 -0.00667845 -0.00678942 -0.00690442 -0.00703629 -0.00716552 -0.00731717 -0.00747096 -0.00763941 -0.00782476 -0.00801244 -0.00822757 -0.00844597 -0.00868659 -0.00895025 -0.00922564 -0.00954358 -0.00988223 -0.010262 -0.0106916 -0.0111516 -0.0116738 -0.0122341 -0.0128304 -0.0134772 -0.0141332 -0.0148149 -0.0155121 -0.0161887 -0.0168633 -0.0174843 -0.0179932 -0.0183577 -0.0184671 -0.0182597 -0.0177162 -0.0167629 -0.0153867 -0.0135734 -0.0112447 -0.00842575 -0.00519555 -0.00159705 0.00225431 0.00623828 0.010299 0.0142984 0.0180737 0.021588 0.024797 0.0275799 0.0298907 0.0317614 0.0332099 0.0342835 0.0350755 0.035659 0.0360885 0.0364115 0.0366464 0.0368233 
0 -0.0162611 -0.0323103 -0.047876 -0.0627271 -0.0766992 -0.0895717 -0.101073 -0.110998 -0.119182 -0.125457 -0.129742 -0.132048 -0.132388 -0.130848 -0.127606 -0.122829 -0.116752 -0.109728 -0.102031 -0.0938762 -0.0855749 -0.0773891 -0.0694895 -0.0620745 -0.055239 -0.0489908 -0.0434102 -0.038506 -0.0342221 -0.0305569 -0.0274209 -0.0247155 -0.0224214 -0.02045 -0.0187578 -0.0173407 -0.016119 -0.0150844 -0.0142115 -0.0134378 -0.0127803 -0.0121946 -0.0116636 -0.011205 -0.0107724 -0.010391 -0.0100476 -0.00972306 -0.00944651 -0.00917881 -0.008942 -0.00872671 -0.00851562 -0.00833539 -0.00815007 -0.0079863 -0.00782886 -0.00767419 -0.00754068 -0.00739922 -0.00728143 -0.00715999 -0.00705143 -0.00695192 -0.00685094 -0.00676896 -0.00667752 -0.00660583 -0.00652631 -0.00645892 -0.00639186 -0.00632607 -0.00626983 -0.00620604 -0.00615773 -0.00609796 -0.0060547 -0.00600112 -0.00596086 -0.00591486 -0.00587663 -0.00583862 -0.00580229 -0.00577187 -0.00573785 -0.00571416 -0.00568303 -0.00566509 -0.00563735 -0.00562428 -0.00560027 -0.0055914 -0.00557128 -0.00556614 -0.00554994 -0.00554828 -0.00553589 -0.00553763 -0.00552893 -0.0055341 -0.00552893 -0.00553763 -0.00553589 -0.00554828 -0.00554994 -0.00556614 -0.00557128 -0.0055914 -0.00560027 -0.00562428 -0.00563735 -0.00566509 -0.00568303 -0.00571416 -0.00573785 -0.00577187 -0.00580229 -0.00583862 -0.00587663 -0.00591486 -0.00596086 -0.00600112 -0.0060547 -0.00609796 -0.00615773 -0.00620604 -0.00626983 -0.00632607 -0.00639186 -0.00645892 -0.00652631 -0.00660583 -0.00667752 -0.00676896 -0.00685094 -0.00695192 -0.00705143 -0.00715999 -0.00728143 -0.00739922 -0.00754068 -0.00767419 -0.00782886 -0.0079863 -0.00815007 -0.00833539 -0.00851562 -0.00872671 -0.008942 -0.0091788 -0.00944648 -0.00972296 -0.0100473 -0.0103903 -0.0107704 -0.0112001 -0.0116522 -0.0121692 -0.0127263 -0.0133291 -0.0140032 -0.0147051 -0.0154622 -0.0162573 -0.0170515 -0.017873 -0.0186681 -0.0194091 -0.0200878 -0.0205963 -0.0208836 -0.0208929 -0.0205128 -0.0197358 -0.0185277 -0.0168012 -0.0145638 -0.0118006 -0.00850454 -0.00480643 -0.000799121 0.00347206 0.00785208 0.0121951 0.0164158 0.0203841 0.0240198 0.0273185 0.0301988 0.0325781 0.034515 0.0360872 0.0373056 0.0382277 0.0389621 0.03956 0.0400324 0.0404203 0.0407661 
0 -0.0151491 -0.0301506 -0.0448131 -0.0589685 -0.0724852 -0.0851855 -0.0968346 -0.107197 -0.116069 -0.123305 -0.128787 -0.132388 -0.134072 -0.133932 -0.132035 -0.128449 -0.123407 -0.117197 -0.11005 -0.102274 -0.0941703 -0.0859433 -0.0778584 -0.0701456 -0.0628733 -0.0561475 -0.0500584 -0.0445843 -0.0397691 -0.0356051 -0.0319789 -0.0288648 -0.0261878 -0.0238489 -0.0218574 -0.0201426 -0.0186582 -0.0174147 -0.0163266 -0.0153895 -0.0145881 -0.0138575 -0.0132307 -0.012663 -0.0121434 -0.0116967 -0.0112692 -0.0108974 -0.010558 -0.0102361 -0.00996317 -0.00969039 -0.00945447 -0.00923246 -0.009018 -0.00883618 -0.00864496 -0.0084855 -0.00832388 -0.00817447 -0.0080417 -0.00790112 -0.00778844 -0.00766226 -0.00755932 -0.00745241 -0.00735333 -0.00726567 -0.00717047 -0.00709756 -0.0070098 -0.00694565 -0.00686908 -0.00680893 -0.00674539 -0.00668698 -0.00663593 -0.00657926 -0.00653852 -0.0064849 -0.00645172 -0.00640278 -0.00637471 -0.00633177 -0.00630703 -0.00627081 -0.00624842 -0.00621909 -0.00619869 -0.006176 -0.00615765 -0.00614112 -0.0061251 -0.0061142 -0.00610088 -0.00609507 -0.00608483 -0.00608362 -0.00607683 -0.00607981 -0.00607683 -0.00608362 -0.00608483 -0.00609507 -0.00610088 -0.0061142 -0.0061251 -0.00614112 -0.00615765 -0.006176 -0.00619869 -0.00621909 -0.00624842 -0.00627081 -0.00630703 -0.00633177 -0.00637471 -0.00640278 -0.00645172 -0.0064849 -0.00653852 -0.00657926 -0.00663593 -0.00668698 -0.00674539 -0.00680893 -0.00686908 -0.00694565 -0.0070098 -0.00709756 -0.00717047 -0.00726567 -0.00735333 -0.00745241 -0.00755932 -0.00766226 -0.00778844 -0.00790112 -0.0080417 -0.00817447 -0.00832388 -0.0084855 -0.00864496 -0.00883618 -0.009018 -0.00923246 -0.00945447 -0.00969039 -0.00996316 -0.0102361 -0.0105579 -0.0108972 -0.0112686 -0.0116952 -0.0121398 -0.0126544 -0.0132112 -0.0138155 -0.0145019 -0.0152216 -0.0160155 -0.0168663 -0.0177381 -0.0186695 -0.0195989 -0.0205164 -0.0214256 -0.0222288 -0.0229067 -0.0233888 -0.023548 -0.0233679 -0.0227734 -0.021684 -0.0201112 -0.0179724 -0.0152159 -0.0119246 -0.00813741 -0.00393515 0.000523788 0.00517578 0.00992507 0.0145603 0.018963 0.0230861 0.0268235 0.0301102 0.0329554 0.0353614 0.0373534 0.0389837 0.040279 0.0412938 0.0421245 0.0428164 0.0433868 0.0439037 0.0444014 
0 -0.013864 -0.0276366 -0.0412374 -0.0545614 -0.067457 -0.0797644 -0.0913214 -0.101921 -0.111347 -0.119427 -0.125986 -0.130848 -0.133932 -0.135224 -0.134712 -0.132476 -0.128675 -0.123473 -0.117146 -0.110017 -0.1023 -0.0942424 -0.0861694 -0.0782699 -0.0707051 -0.063648 -0.0571178 -0.0511588 -0.0458584 -0.0411592 -0.0370458 -0.0335033 -0.0304001 -0.0277138 -0.0254015 -0.0233634 -0.0216216 -0.0201117 -0.0187804 -0.0176539 -0.016647 -0.0157668 -0.0150087 -0.0143069 -0.0137073 -0.0131573 -0.0126522 -0.0122167 -0.0117902 -0.0114229 -0.0110777 -0.010753 -0.0104773 -0.0101971 -0.00996466 -0.00973697 -0.00952719 -0.00934638 -0.0091551 -0.00900271 -0.00883571 -0.00869378 -0.00855485 -0.00841615 -0.00830144 -0.00816953 -0.00807003 -0.00795262 -0.00785986 -0.00776223 -0.00767204 -0.00759428 -0.00750709 -0.00744505 -0.00736396 -0.00731189 -0.00724024 -0.00719311 -0.00713301 -0.00708768 -0.00703955 -0.00699485 -0.00695776 -0.00691397 -0.00688626 -0.00684436 -0.00682425 -0.00678539 -0.00677133 -0.00673645 -0.00672732 -0.00669706 -0.00669216 -0.00666681 -0.00666581 -0.0066454 -0.00664826 -0.00663263 -0.00663948 -0.00662839 -0.00663948 -0.00663263 -0.00664826 -0.0066454 -0.00666581 -0.00666681 -0.00669216 -0.00669706 -0.00672732 -0.00673645 -0.00677133 -0.00678539 -0.00682425 -0.00684436 -0.00688626 -0.00691397 -0.00695776 -0.00699485 -0.00703955 -0.00708768 -0.00713301 -0.00719311 -0.00724024 -0.00731189 -0.00736396 -0.00744505 -0.00750709 -0.00759428 -0.00767204 -0.00776223 -0.00785986 -0.00795262 -0.00807003 -0.00816953 -0.00830144 -0.00841615 -0.00855485 -0.00869378 -0.00883571 -0.00900271 -0.0091551 -0.00934638 -0.00952719 -0.00973697 -0.00996466 -0.0101971 -0.0104773 -0.010753 -0.0110777 -0.0114228 -0.01179 -0.0122163 -0.0126511 -0.0131546 -0.0137009 -0.0142922 -0.0149764 -0.0156994 -0.0165133 -0.0174017 -0.0183281 -0.0193391 -0.0203635 -0.0214036 -0.0224686 -0.0234728 -0.0244346 -0.0252885 -0.0259183 -0.0263001 -0.0263054 -0.0258467 -0.024929 -0.0234495 -0.0213675 -0.0187009 -0.0153925 -0.0115134 -0.00720605 -0.00251356 0.00244858 0.0075067 0.0125551 0.0174373 0.0219878 0.0261653 0.0299235 0.0331707 0.0359204 0.038261 0.0402336 0.0418508 0.0431489 0.0441949 0.0450666 0.04581 0.0464548 0.0470525 0.0476187 
0 -0.0124933 -0.0249481 -0.0373786 -0.0497322 -0.06185 -0.0736007 -0.084891 -0.0955444 -0.105329 -0.114056 -0.121549 -0.127606 -0.132035 -0.134712 -0.135626 -0.134832 -0.132371 -0.128374 -0.123108 -0.116807 -0.109689 -0.102064 -0.094187 -0.0862727 -0.0785984 -0.0712967 -0.0644187 -0.0580968 -0.0523505 -0.0471751 -0.0426335 -0.0386364 -0.0351192 -0.0320761 -0.0293832 -0.0270268 -0.0249936 -0.0231843 -0.0216299 -0.0202724 -0.0190554 -0.0180164 -0.017068 -0.0162275 -0.0154939 -0.0148029 -0.0142138 -0.0136648 -0.0131658 -0.0127361 -0.0123127 -0.0119573 -0.0116128 -0.0112965 -0.0110217 -0.0107382 -0.0105079 -0.0102675 -0.0100586 -0.00986593 -0.00967079 -0.00951613 -0.00934077 -0.00920671 -0.00905933 -0.00893214 -0.00881423 -0.00868961 -0.00859478 -0.00847629 -0.00839448 -0.0082884 -0.00821096 -0.00812182 -0.0080443 -0.00797298 -0.0078952 -0.00783942 -0.00776387 -0.00771977 -0.00764975 -0.00761338 -0.00755166 -0.00751991 -0.00746812 -0.00743908 -0.00739769 -0.00737051 -0.00733913 -0.00731372 -0.00729148 -0.00726817 -0.00725404 -0.00723335 -0.00722631 -0.00720882 -0.00720797 -0.00719425 -0.00719885 -0.00718941 -0.00719885 -0.00719425 -0.00720797 -0.00720882 -0.00722631 -0.00723335 -0.00725404 -0.00726817 -0.00729148 -0.00731372 -0.00733913 -0.00737051 -0.00739769 -0.00743908 -0.00746812 -0.00751991 -0.00755166 -0.00761338 -0.00764975 -0.00771977 -0.00776387 -0.00783942 -0.0078952 -0.00797298 -0.0080443 -0.00812182 -0.00821096 -0.0082884 -0.00839448 -0.00847629 -0.00859478 -0.00868961 -0.00881423 -0.00893214 -0.00905933 -0.00920671 -0.00934077 -0.00951613 -0.00967079 -0.00986593 -0.0100586 -0.0102675 -0.0105079 -0.0107382 -0.0110217 -0.0112965 -0.0116128 -0.0119573 -0.0123127 -0.012736 -0.0131656 -0.0136641 -0.0142119 -0.0147982 -0.0154829 -0.016203 -0.0170159 -0.0179114 -0.0188536 -0.0199038 -0.0209889 -0.0221218 -0.0233107 -0.0244699 -0.0256374 -0.0267515 -0.0277268 -0.0285575 -0.029096 -0.0292533 -0.0289963 -0.0281905 -0.0268149 -0.0248506 -0.0221911 -0.0188718 -0.014954 -0.0104681 -0.00556805 -0.000374759 0.00504856 0.0105073 0.0157984 0.0208196 0.0254609 0.0296275 0.0332894 0.0364321 0.0390777 0.0412899 0.043115 0.0446049 0.0458416 0.0468784 0.0477448 0.0484972 0.0491841 0.0498061 0.0503562 
0 -0.011116 -0.022246 -0.0334407 -0.0446896 -0.0559 -0.0669907 -0.0778751 -0.0883896 -0.0983388 -0.10754 -0.115783 -0.122829 -0.128449 -0.132476 -0.134832 -0.13548 -0.134427 -0.13178 -0.127702 -0.122386 -0.116115 -0.109139 -0.101657 -0.0939635 -0.0863252 -0.078882 -0.0718131 -0.0652215 -0.0591109 -0.0535801 -0.0486365 -0.0442107 -0.0403268 -0.036893 -0.0338334 -0.0311699 -0.028799 -0.02671 -0.0249031 -0.0232744 -0.0218589 -0.0206032 -0.0194559 -0.0184663 -0.0175475 -0.0167314 -0.0160132 -0.0153334 -0.0147578 -0.0142114 -0.0137217 -0.0132926 -0.0128682 -0.0125166 -0.0121631 -0.0118518 -0.0115698 -0.0112861 -0.0110579 -0.0108099 -0.0106101 -0.0104073 -0.0102197 -0.0100597 -0.00988287 -0.00975212 -0.00959373 -0.00947618 -0.00934365 -0.00922892 -0.00912363 -0.00900956 -0.00892665 -0.00881701 -0.00874851 -0.00864909 -0.00858743 -0.00850278 -0.00844294 -0.00837498 -0.00831494 -0.0082631 -0.00820314 -0.00816525 -0.00810691 -0.00808022 -0.00802538 -0.00800729 -0.00795753 -0.00794606 -0.00790244 -0.00789627 -0.0078593 -0.00785773 -0.00782747 -0.00783032 -0.00780648 -0.00781392 -0.00779606 -0.00780847 -0.00779606 -0.00781392 -0.00780648 -0.00783032 -0.00782747 -0.00785773 -0.0078593 -0.00789627 -0.00790244 -0.00794606 -0.00795753 -0.00800729 -0.00802538 -0.00808022 -0.00810691 -0.00816525 -0.00820314 -0.0082631 -0.00831494 -0.00837498 -0.00844294 -0.00850278 -0.00858743 -0.00864909 -0.00874851 -0.00881701 -0.00892665 -0.00900956 -0.00912363 -0.00922892 -0.00934365 -0.00947618 -0.00959373 -0.00975212 -0.00988287 -0.0100597 -0.0102197 -0.0104073 -0.0106101 -0.0108099 -0.0110579 -0.0112861 -0.0115698 -0.0118518 -0.0121631 -0.0125166 -0.0128682 -0.0132925 -0.0137216 -0.0142112 -0.0147573 -0.0153321 -0.0160098 -0.0167233 -0.0175291 -0.0184266 -0.0193744 -0.0204438 -0.0215623 -0.0227491 -0.0240162 -0.0252805 -0.0265921 -0.0278907 -0.0291173 -0.0302846 -0.0312514 -0.0319457 -0.0323005 -0.032152 -0.0314765 -0.0302253 -0.0282948 -0.0257005 -0.0224029 -0.0183783 -0.0137616 -0.00865061 -0.00313552 0.00260212 0.00841749 0.0141611 0.019627 0.0246947 0.0293176 0.0334159 0.0369255 0.0398658 0.0423135 0.0443305 0.0459432 0.0472284 0.0483243 0.0492929 0.0501162 0.0508317 0.0514994 0.0520959 0.0526031 
0 -0.00978098 -0.0196224 -0.0295679 -0.0396473 -0.049875 -0.06021 -0.0705452 -0.0807639 -0.0907293 -0.100213 -0.108954 -0.116752 -0.123407 -0.128675 -0.132371 -0.134427 -0.13483 -0.133592 -0.130796 -0.126641 -0.121371 -0.115182 -0.108316 -0.101054 -0.0936151 -0.0862381 -0.0791302 -0.0723556 -0.0660139 -0.0601987 -0.0548892 -0.050131 -0.0459103 -0.0421203 -0.0387672 -0.0357795 -0.0330854 -0.0307218 -0.0285998 -0.0267094 -0.0250598 -0.0235532 -0.0222316 -0.0210451 -0.0199512 -0.0190004 -0.0181047 -0.0173079 -0.0165941 -0.0159166 -0.0153415 -0.0147862 -0.0143001 -0.0138638 -0.0134418 -0.0130944 -0.0127374 -0.0124383 -0.0121496 -0.0118745 -0.0116434 -0.0113914 -0.0111957 -0.0109776 -0.0107976 -0.0106206 -0.0104477 -0.0103083 -0.0101454 -0.0100319 -0.009887 -0.00978629 -0.00966579 -0.00956871 -0.00947409 -0.00937737 -0.00930534 -0.00921036 -0.00915496 -0.00906536 -0.00902036 -0.00893993 -0.00890039 -0.00883177 -0.00879462 -0.008739 -0.00870293 -0.00866025 -0.00862519 -0.00859455 -0.00856115 -0.00854131 -0.0085105 -0.00850016 -0.00847289 -0.00847088 -0.00844802 -0.00845336 -0.00843564 -0.00844752 -0.00843564 -0.00845336 -0.00844802 -0.00847088 -0.00847289 -0.00850016 -0.0085105 -0.00854131 -0.00856115 -0.00859455 -0.00862519 -0.00866025 -0.00870293 -0.008739 -0.00879462 -0.00883177 -0.00890039 -0.00893993 -0.00902036 -0.00906536 -0.00915496 -0.00921036 -0.00930534 -0.00937737 -0.00947409 -0.00956871 -0.00966579 -0.00978629 -0.009887 -0.0100319 -0.0101454 -0.0103083 -0.0104477 -0.0106206 -0.0107976 -0.0109776 -0.0111957 -0.0113914 -0.0116434 -0.0118745 -0.0121496 -0.0124383 -0.0127374 -0.0130944 -0.0134418 -0.0138638 -0.0143 -0.0147862 -0.0153414 -0.0159162 -0.0165931 -0.0173055 -0.0180988 -0.0189868 -0.0199214 -0.0209828 -0.0221074 -0.0233177 -0.0246346 -0.0259781 -0.0273996 -0.0288369 -0.030242 -0.0316369 -0.0329016 -0.0339992 -0.0348618 -0.0353238 -0.0353393 -0.0348068 -0.0336197 -0.0317834 -0.0292185 -0.0258726 -0.0218023 -0.0170359 -0.0116794 -0.00590959 0.000163437 0.00638997 0.0125469 0.0184562 0.0239888 0.0290396 0.0335357 0.0374298 0.0407095 0.0433976 0.0455499 0.0472603 0.0486185 0.0497002 0.0506052 0.0514098 0.0521229 0.0527587 0.0533515 0.0538914 0.0543711 
