0 0 0 0 0 0 0 0 0 0 0 0 0 0 0 0 0 0 0 0 0 0 0 0 0 0 0 0 0 0 0 0 0 0 0 0 0 0 0 0 0 0 0 0 0 0 0 0 0 0 0 0 0 0 0 0 0 0 0 0 0 0 0 0 0 0 0 0 0 0 0 0 0 0 0 0 0 0 0 0 0 0 0 0 0 0 0 0 0 0 0 0 0 0 0 0 0 0 0 0 0 0 0 0 0 0 0 0 0 0 0 0 0 0 0 0 0 0 0 0 0 0 0 0 0 0 0 0 0 0 0 0 0 0 0 0 0 0 0 0 0 0 0 0 0 0 0 0 0 0 0 0 0 0 0 0 0 0 0 0 0 0 0 0 0 0 0 0 0 0 0 0 0 0 0 0 0 0 0 0 0 0 0 0 0 0 0 0 0 0 0 0 0 0 0 0 0 0 0 0 
0 -0.0031229 -0.00611238 -0.00886334 -0.0112972 -0.0133392 -0.0149196 -0.016009 -0.0166316 -0.0168268 -0.0166223 -0.0160611 -0.015224 -0.0142026 -0.0130663 -0.0118644 -0.0106398 -0.00943459 -0.00829208 -0.00724805 -0.00631849 -0.00550307 -0.00479513 -0.00418426 -0.00365941 -0.0032113 -0.00282985 -0.0025056 -0.00223241 -0.00200527 -0.0018197 -0.00167136 -0.00155334 -0.0014576 -0.00137673 -0.00130412 -0.00123626 -0.00117252 -0.00111357 -0.00106136 -0.00101708 -0.000980505 -0.00095064 -0.000925113 -0.000901578 -0.00087826 -0.000853843 -0.000828429 -0.00080262 -0.000777493 -0.000754403 -0.000734053 -0.000717024 -0.000703153 -0.00069184 -0.000682394 -0.00067373 -0.000665178 -0.000656041 -0.000645999 -0.000635074 -0.000623329 -0.000611258 -0.000599157 -0.000587545 -0.000576757 -0.000567038 -0.000558615 -0.00055142 -0.000545512 -0.000540636 -0.000536702 -0.000533436 -0.000530657 -0.000528185 -0.000525812 -0.000523487 -0.000521029 -0.000518489 -0.00051574 -0.000512884 -0.000509857 -0.000506765 -0.000503599 -0.000500436 -0.00049731 -0.000494256 -0.000491336 -0.000488542 -0.000485952 -0.000483525 -0.000481345 -0.000479347 -0.00047762 -0.000476082 -0.000474822 -0.000473753 -0.000472962 -0.00047236 -0.000472035 -0.000471897 -0.000472035 -0.00047236 -0.000472962 -0.000473753 -0.000474822 -0.000476082 -0.00047762 -0.000479347 -0.000481345 -0.000483525 -0.000485952 -0.000488542 -0.000491336 -0.000494256 -0.00049731 -0.000500436 -0.000503599 -0.000506765 -0.000509857 -0.000512884 -0.00051574 -0.000518489 -0.000521029 -0.000523487 -0.000525812 -0.000528185 -0.000530657 -0.000533436 -0.000536702 -0.000540636 -0.000545512 -0.00055142 -0.000558615 -0.000567038 -0.000576757 -0.000587545 -0.000599157 -0.000611258 -0.000623329 -0.000635074 -0.000645999 -0.000656041 -0.000665178 -0.00067373 -0.000682394 -0.00069184 -0.000703153 -0.000717024 -0.000734053 -0.000754403 -0.000777493 -0.00080262 -0.000828429 -0.000853843 -0.00087826 -0.000901578 -0.000925113 -0.00095064 -0.000980504 -0.00101708 -0.00106135 -0.00111353 -0.0011724 -0.00123591 -0.0013032 -0.0013744 -0.00145205 -0.00154085 -0.00164481 -0.00176651 -0.00190482 -0.00205375 -0.00220634 -0.00235736 -0.00250619 -0.00265954 -0.00282484 -0.00300064 -0.0031704 -0.00329918 -0.00334435 -0.00327871 -0.00310101 -0.00282662 -0.00246408 -0.00198797 -0.00134338 -0.000496321 0.000526115 0.00165671 0.00284421 0.00408725 0.00540807 0.00677678 0.00807727 0.00919207 0.0101083 0.0108744 0.0114582 
0 -0.00611238 -0.0119781 -0.0173993 -0.0222054 -0.026225 -0.0293314 -0.0315017 -0.0327856 -0.0332285 -0.0328693 -0.0318008 -0.0301862 -0.0282061 -0.0260043 -0.0236746 -0.0212837 -0.0189072 -0.0166391 -0.0145621 -0.0127189 -0.0111116 -0.00971402 -0.00849294 -0.00742603 -0.00650266 -0.0057161 -0.00505921 -0.00451938 -0.00407786 -0.00371548 -0.0034146 -0.00316076 -0.00294483 -0.00276037 -0.00260241 -0.00246736 -0.0023508 -0.00224847 -0.00215696 -0.00207294 -0.00199487 -0.00192211 -0.00185447 -0.0017927 -0.00173688 -0.00168694 -0.0016425 -0.00160231 -0.00156547 -0.00153074 -0.0014972 -0.00146451 -0.00143229 -0.00140092 -0.00137064 -0.0013419 -0.00131521 -0.00129062 -0.00126844 -0.0012484 -0.00123034 -0.00121394 -0.00119872 -0.00118446 -0.00117067 -0.00115726 -0.00114396 -0.00113076 -0.00111765 -0.00110464 -0.00109192 -0.00107947 -0.00106754 -0.00105611 -0.00104536 -0.00103527 -0.00102593 -0.00101733 -0.00100944 -0.00100229 -0.000995743 -0.000989876 -0.000984513 -0.000979732 -0.000975356 -0.000971467 -0.000967907 -0.000964748 -0.000961868 -0.000959323 -0.000957028 -0.000955021 -0.000953252 -0.000951739 -0.00095046 -0.00094942 -0.000948613 -0.000948035 -0.000947693 -0.000947575 -0.000947693 -0.000948035 -0.000948613 -0.00094942 -0.00095046 -0.000951739 -0.000953252 -0.000955021 -0.000957028 -0.000959323 -0.000961868 -0.000964748 -0.000967907 -0.000971467 -0.000975356 -0.000979732 -0.000984513 -0.000989876 -0.000995743 -0.00100229 -0.00100944 -0.00101733 -0.00102593 -0.00103527 -0.00104536 -0.00105611 -0.00106754 -0.00107947 -0.00109192 -0.00110464 -0.00111765 -0.00113076 -0.00114396 -0.00115726 -0.00117067 -0.00118446 -0.00119872 -0.00121394 -0.00123034 -0.0012484 -0.00126844 -0.00129062 -0.00131521 -0.0013419 -0.00137064 -0.00140092 -0.00143229 -0.00146451 -0.0014972 -0.00153074 -0.00156547 -0.00160231 -0.0016425 -0.00168694 -0.00173688 -0.0017927 -0.00185447 -0.00192211 -0.00199487 -0.00207293 -0.00215692 -0.00224836 -0.00235047 -0.00246646 -0.00260007 -0.00275463 -0.0029315 -0.00313152 -0.00335398 -0.00359677 -0.00385849 -0.00413684 -0.00442949 -0.00473606 -0.00505582 -0.00538775 -0.00572792 -0.00605994 -0.00635072 -0.00655248 -0.00661005 -0.00648028 -0.00614542 -0.00560044 -0.00483071 -0.00379984 -0.00245841 -0.000782306 0.00119423 0.00340158 0.00578531 0.00831116 0.0109258 0.0135317 0.0160023 0.0182199 0.0201052 0.021603 0.0226405 
0 -0.00886334 -0.0173993 -0.0253088 -0.0323167 -0.0381877 -0.0427797 -0.0460549 -0.0480306 -0.0487531 -0.0483206 -0.0468926 -0.044669 -0.0418697 -0.0387023 -0.0353249 -0.0318553 -0.0284109 -0.0251133 -0.022064 -0.0193277 -0.0169203 -0.0148151 -0.0129736 -0.0113661 -0.00997201 -0.00877967 -0.00777842 -0.00694834 -0.00626455 -0.00570081 -0.00523062 -0.00483418 -0.00449755 -0.00420949 -0.00396314 -0.00375197 -0.00356888 -0.00340867 -0.00326554 -0.00313522 -0.00301569 -0.00290493 -0.00280291 -0.00270975 -0.00262489 -0.00254852 -0.00247937 -0.00241635 -0.0023584 -0.00230382 -0.00225214 -0.00220242 -0.00215446 -0.00210853 -0.00206445 -0.00202294 -0.00198391 -0.00194765 -0.00191423 -0.00188326 -0.00185485 -0.00182832 -0.00180361 -0.00178024 -0.00175793 -0.0017366 -0.00171585 -0.00169591 -0.00167642 -0.00165768 -0.00163952 -0.00162212 -0.00160551 -0.00158966 -0.00157477 -0.00156064 -0.00154753 -0.00153517 -0.00152379 -0.00151314 -0.00150336 -0.00149427 -0.00148591 -0.00147822 -0.00147113 -0.00146467 -0.0014587 -0.00145333 -0.00144837 -0.001444 -0.00143997 -0.00143651 -0.00143336 -0.00143076 -0.00142846 -0.00142669 -0.00142521 -0.00142426 -0.00142359 -0.00142345 -0.00142359 -0.00142426 -0.00142521 -0.00142669 -0.00142846 -0.00143076 -0.00143336 -0.00143651 -0.00143997 -0.001444 -0.00144837 -0.00145333 -0.0014587 -0.00146467 -0.00147113 -0.00147822 -0.00148591 -0.00149427 -0.00150336 -0.00151314 -0.00152379 -0.00153517 -0.00154753 -0.00156064 -0.00157477 -0.00158966 -0.00160551 -0.00162212 -0.00163952 -0.00165768 -0.00167642 -0.00169591 -0.00171585 -0.0017366 -0.00175793 -0.00178024 -0.00180361 -0.00182832 -0.00185485 -0.00188326 -0.00191423 -0.00194765 -0.00198391 -0.00202294 -0.00206445 -0.00210853 -0.00215446 -0.00220242 -0.00225214 -0.00230382 -0.0023584 -0.00241635 -0.00247937 -0.00254852 -0.00262489 -0.00270975 -0.00280291 -0.00290493 -0.00301568 -0.00313519 -0.00326545 -0.0034084 -0.00356813 -0.00375 -0.00395822 -0.00419787 -0.00447153 -0.00477906 -0.00512016 -0.00549145 -0.00588935 -0.00631232 -0.0067574 -0.00722342 -0.00770976 -0.00820858 -0.00870385 -0.00916526 -0.00954144 -0.0097712 -0.00979509 -0.00956037 -0.00902921 -0.00817015 -0.00693996 -0.00529583 -0.00321991 -0.000720064 0.0021761 0.00542418 0.00896805 0.0127194 0.0165318 0.020245 0.0237564 0.0269864 0.0297797 0.0319328 0.0333347 
0 -0.0112972 -0.0222054 -0.0323167 -0.0412726 -0.0488394 -0.054877 -0.0592671 -0.0619477 -0.0630008 -0.062628 -0.0610407 -0.0584291 -0.055009 -0.0510257 -0.0467185 -0.0422992 -0.0379351 -0.0337428 -0.0298136 -0.0262219 -0.0230066 -0.020172 -0.0177005 -0.0155565 -0.013701 -0.0121053 -0.0107427 -0.00958906 -0.00862432 -0.00782365 -0.00716081 -0.00661191 -0.00615132 -0.00575805 -0.0054172 -0.00511604 -0.00484853 -0.00461131 -0.00440081 -0.00421599 -0.0040534 -0.003909 -0.00377975 -0.00366081 -0.00354979 -0.00344494 -0.00334482 -0.0032505 -0.00316187 -0.00307986 -0.00300514 -0.00293695 -0.00287554 -0.00281932 -0.00276741 -0.00271878 -0.00267195 -0.00262687 -0.00258246 -0.0025391 -0.00249674 -0.00245557 -0.00241634 -0.00237886 -0.002344 -0.00231142 -0.00228153 -0.00225412 -0.00222896 -0.00220609 -0.00218482 -0.00216537 -0.00214697 -0.00212984 -0.00211342 -0.00209779 -0.00208274 -0.00206816 -0.00205418 -0.00204053 -0.00202756 -0.00201488 -0.00200299 -0.00199145 -0.00198074 -0.00197047 -0.00196106 -0.00195219 -0.00194414 -0.00193672 -0.00193008 -0.00192412 -0.0019189 -0.00191439 -0.00191058 -0.00190749 -0.00190506 -0.00190337 -0.00190232 -0.001902 -0.00190232 -0.00190337 -0.00190506 -0.00190749 -0.00191058 -0.00191439 -0.0019189 -0.00192412 -0.00193008 -0.00193672 -0.00194414 -0.00195219 -0.00196106 -0.00197047 -0.00198074 -0.00199145 -0.00200299 -0.00201488 -0.00202756 -0.00204053 -0.00205418 -0.00206816 -0.00208274 -0.00209779 -0.00211342 -0.00212984 -0.00214697 -0.00216537 -0.00218482 -0.00220609 -0.00222896 -0.00225412 -0.00228153 -0.00231142 -0.002344 -0.00237886 -0.00241634 -0.00245557 -0.00249674 -0.0025391 -0.00258246 -0.00262687 -0.00267195 -0.00271878 -0.00276741 -0.00281932 -0.00287554 -0.00293695 -0.00300514 -0.00307986 -0.00316187 -0.0032505 -0.00334482 -0.00344494 -0.00354979 -0.00366081 -0.00377974 -0.00390899 -0.00405338 -0.00421591 -0.0044006 -0.00461071 -0.00484693 -0.00511201 -0.00540754 -0.00573612 -0.00610413 -0.00651576 -0.0069753 -0.00748481 -0.00803807 -0.00862716 -0.00924249 -0.00987245 -0.0105113 -0.0111497 -0.0117632 -0.0123113 -0.0127301 -0.0129392 -0.0128674 -0.0124547 -0.0116443 -0.0103863 -0.0086326 -0.00634318 -0.00351614 -0.000180833 0.00363763 0.00790149 0.0125145 0.017327 0.0221726 0.0268936 0.0313534 0.0354155 0.0388963 0.0415894 0.0433691 
0 -0.0133392 -0.026225 -0.0381877 -0.0488394 -0.0579351 -0.0652876 -0.070716 -0.0741466 -0.0756902 -0.0755625 -0.0739846 -0.0711737 -0.0673611 -0.0628034 -0.0577929 -0.052613 -0.0474671 -0.0424842 -0.0377674 -0.0333969 -0.0294276 -0.025894 -0.0227931 -0.0200887 -0.0177423 -0.015716 -0.0139731 -0.0124884 -0.0112355 -0.0101824 -0.00930172 -0.00856347 -0.0079385 -0.00740675 -0.0069486 -0.00654934 -0.00620068 -0.00589246 -0.00561915 -0.00537652 -0.00515831 -0.00496262 -0.00478563 -0.00462408 -0.00447735 -0.00434199 -0.00421745 -0.00410252 -0.00399511 -0.00389573 -0.00380232 -0.00371491 -0.00363313 -0.00355574 -0.00348364 -0.00341536 -0.00335147 -0.00329152 -0.00323485 -0.00318206 -0.00313179 -0.00308481 -0.00304008 -0.00299772 -0.00295763 -0.00291911 -0.00288284 -0.00284778 -0.00281478 -0.00278302 -0.00275299 -0.00272446 -0.00269728 -0.00267185 -0.0026475 -0.00262498 -0.00260341 -0.00258356 -0.00256464 -0.00254723 -0.00253079 -0.00251557 -0.0025014 -0.00248818 -0.00247608 -0.00246471 -0.00245449 -0.00244483 -0.00243635 -0.00242832 -0.00242146 -0.002415 -0.00240969 -0.00240475 -0.00240093 -0.00239748 -0.00239512 -0.00239313 -0.00239223 -0.00239169 -0.00239223 -0.00239313 -0.00239512 -0.00239748 -0.00240093 -0.00240475 -0.00240969 -0.002415 -0.00242146 -0.00242832 -0.00243635 -0.00244483 -0.00245449 -0.00246471 -0.00247608 -0.00248818 -0.0025014 -0.00251557 -0.00253079 -0.00254723 -0.00256464 -0.00258356 -0.00260341 -0.00262498 -0.0026475 -0.00267185 -0.00269728 -0.00272446 -0.00275299 -0.00278302 -0.00281478 -0.00284778 -0.00288284 -0.00291911 -0.00295763 -0.00299772 -0.00304008 -0.00308481 -0.00313179 -0.00318206 -0.00323485 -0.00329152 -0.00335147 -0.00341536 -0.00348364 -0.00355574 -0.00363313 -0.00371491 -0.00380232 -0.00389573 -0.00399511 -0.00410252 -0.00421745 -0.00434199 -0.00447735 -0.00462408 -0.00478562 -0.0049626 -0.00515825 -0.00537635 -0.00561868 -0.00589119 -0.00619743 -0.00654147 -0.00693049 -0.00736724 -0.00785684 -0.00840356 -0.00900505 -0.00966073 -0.0103651 -0.0111072 -0.0118812 -0.0126753 -0.0134711 -0.0142453 -0.0149515 -0.0155235 -0.0158924 -0.0159826 -0.0157223 -0.01505 -0.0138891 -0.0121545 -0.00979526 -0.00680043 -0.00318859 0.000995814 0.00570972 0.0109043 0.0164567 0.0221722 0.0278811 0.0334507 0.0386952 0.0433782 0.0473202 0.0504189 0.0525576 
0 -0.0149196 -0.0293314 -0.0427797 -0.054877 -0.0652876 -0.0737429 -0.0801034 -0.0843639 -0.0865847 -0.0868836 -0.0854833 -0.0826698 -0.0787071 -0.0738588 -0.06843 -0.0627126 -0.0569375 -0.0512882 -0.0458957 -0.0408418 -0.0361975 -0.0320126 -0.0282909 -0.0250159 -0.0221605 -0.0196809 -0.0175409 -0.0157098 -0.0141466 -0.012817 -0.0116896 -0.0107284 -0.00990985 -0.00921283 -0.00861454 -0.00810172 -0.00765772 -0.00726708 -0.00692194 -0.00661087 -0.00632887 -0.00607409 -0.00584163 -0.0056327 -0.00544472 -0.00527479 -0.00512263 -0.00498285 -0.00485439 -0.00473456 -0.0046204 -0.00451291 -0.00440945 -0.00431158 -0.00421918 -0.0041318 -0.0040513 -0.00397573 -0.00390659 -0.00384237 -0.00378265 -0.00372745 -0.00367474 -0.00362563 -0.00357794 -0.00353265 -0.00348875 -0.00344625 -0.00340563 -0.00336591 -0.00332855 -0.00329211 -0.00325815 -0.00322548 -0.00319506 -0.00316639 -0.00313951 -0.00311472 -0.00309126 -0.00307002 -0.00304974 -0.00303163 -0.00301425 -0.00299884 -0.00298406 -0.00297099 -0.00295858 -0.00294758 -0.00293731 -0.00292821 -0.00291994 -0.00291262 -0.00290622 -0.00290062 -0.00289602 -0.00289211 -0.00288925 -0.00288702 -0.00288588 -0.00288533 -0.00288588 -0.00288702 -0.00288925 -0.00289211 -0.00289602 -0.00290062 -0.00290622 -0.00291262 -0.00291994 -0.00292821 -0.00293731 -0.00294758 -0.00295858 -0.00297099 -0.00298406 -0.00299884 -0.00301425 -0.00303163 -0.00304974 -0.00307002 -0.00309126 -0.00311472 -0.00313951 -0.00316639 -0.00319506 -0.00322548 -0.00325815 -0.00329211 -0.00332855 -0.00336591 -0.00340563 -0.00344625 -0.00348875 -0.00353265 -0.00357794 -0.00362563 -0.00367474 -0.00372745 -0.00378265 -0.00384237 -0.00390659 -0.00397573 -0.0040513 -0.0041318 -0.00421918 -0.00431158 -0.00440945 -0.00451291 -0.0046204 -0.00473456 -0.00485439 -0.00498285 -0.00512263 -0.00527479 -0.00544471 -0.00563269 -0.00584161 -0.00607405 -0.00632874 -0.0066105 -0.00692095 -0.0072645 -0.00765138 -0.00808696 -0.00858192 -0.00914445 -0.00977403 -0.0104727 -0.0112332 -0.012044 -0.0129016 -0.0137965 -0.0147211 -0.015669 -0.0166073 -0.0174838 -0.0182297 -0.0187531 -0.0189751 -0.018841 -0.0182885 -0.0172459 -0.0156281 -0.013331 -0.0102934 -0.00653816 -0.00211803 0.00291365 0.00847956 0.0144833 0.0208054 0.0272723 0.033686 0.0398701 0.0456279 0.050727 0.0549986 0.058366 0.0607162 
0 -0.016009 -0.0315017 -0.0460549 -0.0592671 -0.070716 -0.0801034 -0.0873513 -0.092468 -0.0954376 -0.0963215 -0.0953387 -0.0927719 -0.0888999 -0.0840216 -0.0784362 -0.0724164 -0.0662299 -0.0601025 -0.0541696 -0.0485297 -0.0432808 -0.0384845 -0.0341738 -0.0303621 -0.0270154 -0.024083 -0.0215291 -0.0193099 -0.0173898 -0.0157464 -0.0143427 -0.0131448 -0.012126 -0.0112494 -0.0104916 -0.00983474 -0.00925725 -0.00875165 -0.00830737 -0.0079129 -0.00756579 -0.00725507 -0.00697536 -0.00672371 -0.00649155 -0.0062797 -0.00608419 -0.00590271 -0.00573741 -0.00558359 -0.0054434 -0.00531455 -0.00519472 -0.00508522 -0.00498123 -0.00488451 -0.00479235 -0.00470404 -0.00462072 -0.00453956 -0.00446357 -0.00439022 -0.00432132 -0.00425654 -0.00419509 -0.00413877 -0.00408493 -0.00403604 -0.00398937 -0.00394645 -0.00390595 -0.00386764 -0.00383204 -0.00379739 -0.00376553 -0.00373399 -0.00370506 -0.0036764 -0.00364993 -0.0036241 -0.00359993 -0.00357693 -0.00355507 -0.00353489 -0.00351545 -0.00349805 -0.0034811 -0.00346642 -0.00345201 -0.00343994 -0.00342807 -0.00341853 -0.00340916 -0.00340206 -0.00339513 -0.0033904 -0.00338586 -0.00338345 -0.00338125 -0.00338114 -0.00338125 -0.00338345 -0.00338586 -0.0033904 -0.00339513 -0.00340206 -0.00340916 -0.00341853 -0.00342807 -0.00343994 -0.00345201 -0.00346642 -0.0034811 -0.00349805 -0.00351545 -0.00353489 -0.00355507 -0.00357693 -0.00359993 -0.0036241 -0.00364993 -0.0036764 -0.00370506 -0.00373399 -0.00376553 -0.00379739 -0.00383204 -0.00386764 -0.00390595 -0.00394645 -0.00398937 -0.00403604 -0.00408493 -0.00413877 -0.00419509 -0.00425654 -0.00432132 -0.00439022 -0.00446357 -0.00453956 -0.00462072 -0.00470404 -0.00479235 -0.00488451 -0.00498123 -0.00508522 -0.00519472 -0.00531455 -0.0054434 -0.00558359 -0.00573741 -0.00590271 -0.00608419 -0.0062797 -0.00649154 -0.0067237 -0.00697533 -0.00725498 -0.00756551 -0.00791213 -0.00830535 -0.00874662 -0.00924538 -0.00980813 -0.010435 -0.0111354 -0.0119082 -0.0127503 -0.0136645 -0.0146382 -0.015663 -0.0167325 -0.0178204 -0.0189 -0.0199269 -0.0208211 -0.0215022 -0.0218877 -0.02189 -0.0214499 -0.0205043 -0.0189551 -0.0167162 -0.0137309 -0.00996461 -0.00544382 -0.000236431 0.00560011 0.0119668 0.0186892 0.0256087 0.032607 0.0395057 0.0460605 0.0520664 0.0573804 0.0618594 0.0653497 0.0677266 
0 -0.0166316 -0.0327856 -0.0480306 -0.0619477 -0.0741466 -0.0843639 -0.092468 -0.0983845 -0.102106 -0.103725 -0.103394 -0.101313 -0.0977839 -0.0931356 -0.0876397 -0.0815659 -0.0752061 -0.0687836 -0.0624553 -0.0563663 -0.050621 -0.0452914 -0.0404535 -0.0361328 -0.0322973 -0.0289156 -0.0259409 -0.0233206 -0.0210346 -0.0190544 -0.0173428 -0.0158778 -0.0146194 -0.0135296 -0.0125882 -0.0117637 -0.0110394 -0.010407 -0.00984681 -0.00935488 -0.00892155 -0.008533 -0.0081887 -0.00787624 -0.00759162 -0.00733413 -0.00709475 -0.00687745 -0.00667716 -0.00649201 -0.00632442 -0.00616728 -0.00602431 -0.00589089 -0.00576571 -0.00565037 -0.00553922 -0.00543657 -0.00533781 -0.00524463 -0.00515711 -0.00507255 -0.00499479 -0.00491914 -0.0048496 -0.00478298 -0.00472044 -0.00466217 -0.00460592 -0.00455471 -0.00450438 -0.0044588 -0.0044141 -0.00437304 -0.00433358 -0.00429634 -0.00426164 -0.0042279 -0.00419742 -0.0041671 -0.00414034 -0.00411343 -0.00408997 -0.00406645 -0.00404599 -0.0040258 -0.00400813 -0.00399118 -0.00397617 -0.00396231 -0.00394988 -0.00393897 -0.00392908 -0.003921 -0.00391362 -0.00390826 -0.00390339 -0.00390065 -0.00389829 -0.00389812 -0.00389829 -0.00390065 -0.00390339 -0.00390826 -0.00391362 -0.003921 -0.00392908 -0.00393897 -0.00394988 -0.00396231 -0.00397617 -0.00399118 -0.00400813 -0.0040258 -0.00404599 -0.00406645 -0.00408997 -0.00411343 -0.00414034 -0.0041671 -0.00419742 -0.0042279 -0.00426164 -0.00429634 -0.00433358 -0.00437304 -0.0044141 -0.0044588 -0.00450438 -0.00455471 -0.00460592 -0.00466217 -0.00472044 -0.00478298 -0.0048496 -0.00491914 -0.00499479 -0.00507255 -0.00515711 -0.00524463 -0.00533781 -0.00543657 -0.00553922 -0.00565037 -0.00576571 -0.00589089 -0.00602431 -0.00616728 -0.00632442 -0.00649201 -0.00667716 -0.00687745 -0.00709475 -0.00733413 -0.00759161 -0.00787622 -0.00818863 -0.00853279 -0.00892096 -0.00935332 -0.00984287 -0.0103975 -0.011018 -0.0117175 -0.0124936 -0.0133463 -0.0142822 -0.0152892 -0.0163666 -0.0175116 -0.0187019 -0.0199263 -0.0211531 -0.0223192 -0.0233634 -0.0241964 -0.0247164 -0.0248564 -0.0245418 -0.0236835 -0.0222079 -0.0200194 -0.0170331 -0.0132517 -0.00871174 -0.00343045 0.00254057 0.0091084 0.0161506 0.02347 0.0308461 0.038142 0.0452365 0.0519171 0.0579761 0.063306 0.0677917 0.0712471 0.0735552 
0 -0.0168268 -0.0332285 -0.0487531 -0.0630008 -0.0756902 -0.0865847 -0.0954376 -0.102106 -0.106623 -0.109073 -0.109515 -0.108126 -0.105212 -0.101053 -0.0958946 -0.0900172 -0.0836867 -0.0771305 -0.0705828 -0.0642177 -0.0581207 -0.0523851 -0.0470981 -0.0422875 -0.0379738 -0.0341521 -0.0307622 -0.0277636 -0.0251243 -0.0227932 -0.0207518 -0.0189783 -0.0174314 -0.0160956 -0.0149404 -0.0139296 -0.0130518 -0.0122769 -0.0115872 -0.0109785 -0.0104294 -0.00994045 -0.00950578 -0.00911297 -0.00876721 -0.00845474 -0.00817281 -0.00792007 -0.00768367 -0.00746902 -0.00726712 -0.00707754 -0.00690311 -0.00673598 -0.00658412 -0.00644076 -0.00630836 -0.00618764 -0.00607278 -0.00596986 -0.0058705 -0.00577948 -0.00569276 -0.00560947 -0.00553215 -0.005455 -0.00538438 -0.00531358 -0.00524816 -0.00518443 -0.00512394 -0.00506759 -0.00501248 -0.00496319 -0.00491404 -0.00487104 -0.00482813 -0.00479051 -0.00475371 -0.00472066 -0.00468948 -0.00466037 -0.00463417 -0.00460858 -0.00458668 -0.00456437 -0.0045462 -0.00452701 -0.00451213 -0.00449599 -0.0044841 -0.00447093 -0.00446186 -0.00445162 -0.00444527 -0.0044379 -0.00443424 -0.00442969 -0.00442874 -0.00442696 -0.00442874 -0.00442969 -0.00443424 -0.0044379 -0.00444527 -0.00445162 -0.00446186 -0.00447093 -0.0044841 -0.00449599 -0.00451213 -0.00452701 -0.0045462 -0.00456437 -0.00458668 -0.00460858 -0.00463417 -0.00466037 -0.00468948 -0.00472066 -0.00475371 -0.00479051 -0.00482813 -0.00487104 -0.00491404 -0.00496319 -0.00501248 -0.00506759 -0.00512394 -0.00518443 -0.00524816 -0.00531358 -0.00538438 -0.005455 -0.00553215 -0.00560947 -0.00569276 -0.00577948 -0.0058705 -0.00596986 -0.00607278 -0.00618764 -0.00630836 -0.00644076 -0.00658412 -0.00673598 -0.00690311 -0.00707754 -0.00726712 -0.00746902 -0.00768367 -0.00792007 -0.0081728 -0.00845474 -0.00876719 -0.00911292 -0.00950563 -0.00994 -0.0104282 -0.0109754 -0.0115797 -0.0122598 -0.0130145 -0.0138521 -0.0147878 -0.0158106 -0.016926 -0.0181271 -0.0193866 -0.0207009 -0.0220433 -0.0233752 -0.02467 -0.0258521 -0.0268268 -0.0275114 -0.027792 -0.0275756 -0.0268045 -0.0253811 -0.0232116 -0.0202517 -0.0164613 -0.0118496 -0.00649467 -0.000441296 0.00626869 0.0134855 0.0210173 0.0287062 0.0363659 0.04379 0.0508341 0.0573844 0.0632991 0.0684448 0.072712 0.0759906 0.0782108 
0 -0.0166223 -0.0328693 -0.0483206 -0.062628 -0.0755625 -0.0868836 -0.0963215 -0.103725 -0.109073 -0.112366 -0.113671 -0.113174 -0.111085 -0.10761 -0.103018 -0.0975671 -0.0914709 -0.0849974 -0.0784271 -0.0719245 -0.0656103 -0.059606 -0.0539689 -0.0487556 -0.0440355 -0.0397958 -0.0360006 -0.0326302 -0.0296221 -0.0269386 -0.0245723 -0.0224793 -0.0206409 -0.0190424 -0.0176354 -0.0164061 -0.0153302 -0.0143719 -0.0135309 -0.0127822 -0.0121112 -0.0115207 -0.0109859 -0.0105096 -0.0100847 -0.00969554 -0.0093511 -0.00903428 -0.00874655 -0.00848778 -0.00824459 -0.00802739 -0.00782288 -0.0076342 -0.00746153 -0.00729527 -0.00714562 -0.00700025 -0.00686649 -0.00674072 -0.00661981 -0.00651068 -0.00640279 -0.00630645 -0.00621229 -0.00612565 -0.00604456 -0.00596603 -0.00589585 -0.00582503 -0.00576298 -0.00569988 -0.00564362 -0.00558806 -0.00553619 -0.00548761 -0.00543969 -0.00539725 -0.00535341 -0.00531622 -0.00527681 -0.00524411 -0.00520944 -0.00518067 -0.00515086 -0.00512567 -0.00510066 -0.00507885 -0.00505844 -0.00503992 -0.00502384 -0.00500858 -0.00499656 -0.00498453 -0.00497633 -0.00496754 -0.00496295 -0.00495743 -0.0049563 -0.00495407 -0.0049563 -0.00495743 -0.00496295 -0.00496754 -0.00497633 -0.00498453 -0.00499656 -0.00500858 -0.00502384 -0.00503992 -0.00505844 -0.00507885 -0.00510066 -0.00512567 -0.00515086 -0.00518067 -0.00520944 -0.00524411 -0.00527681 -0.00531622 -0.00535341 -0.00539725 -0.00543969 -0.00548761 -0.00553619 -0.00558806 -0.00564362 -0.00569988 -0.00576298 -0.00582503 -0.00589585 -0.00596603 -0.00604456 -0.00612565 -0.00621229 -0.00630645 -0.00640279 -0.00651068 -0.00661981 -0.00674072 -0.00686649 -0.00700025 -0.00714562 -0.00729527 -0.00746153 -0.0076342 -0.00782288 -0.00802739 -0.00824459 -0.00848778 -0.00874655 -0.00903428 -0.0093511 -0.00969553 -0.0100847 -0.0105095 -0.0109856 -0.0115198 -0.0121089 -0.0127765 -0.0135175 -0.0143422 -0.0152675 -0.0162806 -0.0173972 -0.0186132 -0.0199065 -0.0212831 -0.0227125 -0.024165 -0.0256293 -0.0270408 -0.0283372 -0.0294508 -0.0302545 -0.0306505 -0.0305591 -0.0298641 -0.028489 -0.0263668 -0.0233953 -0.0195543 -0.0148957 -0.00944357 -0.00325409 0.00356501 0.0109168 0.0186407 0.0264988 0.0343286 0.0420253 0.0493931 0.056221 0.0624263 0.0679654 0.0727257 0.0766119 0.0796125 0.0817104 
0 -0.0160611 -0.0318008 -0.0468926 -0.0610407 -0.0739846 -0.0854833 -0.0953387 -0.103394 -0.109515 -0.113671 -0.11596 -0.116484 -0.115322 -0.112682 -0.108843 -0.104005 -0.0983757 -0.0922351 -0.0858133 -0.079305 -0.0729205 -0.0667708 -0.0609073 -0.0554313 -0.0503896 -0.0457764 -0.0416177 -0.0378809 -0.0345081 -0.031498 -0.0288092 -0.0264018 -0.0242785 -0.0223912 -0.0207132 -0.0192406 -0.017926 -0.0167643 -0.0157435 -0.0148269 -0.014022 -0.0133026 -0.012652 -0.0120777 -0.0115497 -0.0110767 -0.0106516 -0.0102591 -0.00991421 -0.00959484 -0.009308 -0.0090504 -0.0088074 -0.00859282 -0.0083864 -0.00819788 -0.00802198 -0.00785172 -0.00769907 -0.00754716 -0.00741111 -0.00727949 -0.00715643 -0.00704442 -0.00693385 -0.00683773 -0.00674041 -0.00665552 -0.00657156 -0.00649435 -0.00642244 -0.00635126 -0.00628906 -0.00622379 -0.00616878 -0.00610994 -0.00606013 -0.00600821 -0.00596243 -0.00591754 -0.00587535 -0.00583715 -0.00579861 -0.00576653 -0.0057319 -0.00570525 -0.00567481 -0.00565298 -0.00562688 -0.00560938 -0.0055877 -0.00557418 -0.00555685 -0.0055471 -0.00553401 -0.00552792 -0.00551892 -0.00551648 -0.00551142 -0.00551268 -0.00551142 -0.00551648 -0.00551892 -0.00552792 -0.00553401 -0.0055471 -0.00555685 -0.00557418 -0.0055877 -0.00560938 -0.00562688 -0.00565298 -0.00567481 -0.00570525 -0.0057319 -0.00576653 -0.00579861 -0.00583715 -0.00587535 -0.00591754 -0.00596243 -0.00600821 -0.00606013 -0.00610994 -0.00616878 -0.00622379 -0.00628906 -0.00635126 -0.00642244 -0.00649435 -0.00657156 -0.00665552 -0.00674041 -0.00683773 -0.00693385 -0.00704442 -0.00715643 -0.00727949 -0.00741111 -0.00754716 -0.00769907 -0.00785172 -0.00802198 -0.00819788 -0.0083864 -0.00859282 -0.0088074 -0.0090504 -0.009308 -0.00959484 -0.00991421 -0.0102591 -0.0106516 -0.0110766 -0.0115496 -0.0120774 -0.0126514 -0.0133008 -0.0140176 -0.0148165 -0.0157201 -0.0167141 -0.017824 -0.0190438 -0.0203529 -0.0217644 -0.0232412 -0.0247644 -0.0263337 -0.0278926 -0.029414 -0.0308471 -0.0320703 -0.0329949 -0.0335097 -0.0334778 -0.0328419 -0.0315269 -0.0294167 -0.0264629 -0.0226211 -0.0178593 -0.0122686 -0.00595224 0.00103816 0.00855996 0.0164055 0.0244186 0.0324331 0.0402574 0.0477584 0.0548078 0.0612368 0.0669467 0.0719257 0.0761381 0.0795501 0.0821974 0.084087 
0 -0.015224 -0.0301862 -0.044669 -0.0584291 -0.0711737 -0.0826698 -0.0927719 -0.101313 -0.108126 -0.113174 -0.116484 -0.11804 -0.117897 -0.116248 -0.113284 -0.109193 -0.104228 -0.0986048 -0.0925045 -0.0861981 -0.0799067 -0.0737238 -0.0677679 -0.0621353 -0.0568425 -0.0519567 -0.0475141 -0.0434588 -0.0397862 -0.0364734 -0.0334552 -0.030743 -0.0283154 -0.0261263 -0.0241897 -0.0224614 -0.0209086 -0.0195388 -0.0183009 -0.0171931 -0.0162119 -0.015318 -0.0145305 -0.0138238 -0.0131836 -0.0126232 -0.0121057 -0.0116454 -0.0112294 -0.0108412 -0.0104996 -0.0101749 -0.00988375 -0.00961741 -0.00936571 -0.00914598 -0.00893206 -0.00874394 -0.00856596 -0.00839871 -0.0082496 -0.00809939 -0.00796908 -0.00783611 -0.00771656 -0.00760101 -0.007489 -0.00738907 -0.00728552 -0.00719794 -0.00710532 -0.00702685 -0.00694693 -0.00687537 -0.0068082 -0.00674264 -0.00668673 -0.00662721 -0.00658034 -0.00652725 -0.00648717 -0.00644083 -0.00640579 -0.00636628 -0.00633516 -0.00630226 -0.0062745 -0.00624784 -0.00622327 -0.00620237 -0.00618107 -0.00616549 -0.00614761 -0.00613695 -0.00612268 -0.00611663 -0.00610614 -0.00610446 -0.00609789 -0.0061004 -0.00609789 -0.00610446 -0.00610614 -0.00611663 -0.00612268 -0.00613695 -0.00614761 -0.00616549 -0.00618107 -0.00620237 -0.00622327 -0.00624784 -0.0062745 -0.00630226 -0.00633516 -0.00636628 -0.00640579 -0.00644083 -0.00648717 -0.00652725 -0.00658034 -0.00662721 -0.00668673 -0.00674264 -0.0068082 -0.00687537 -0.00694693 -0.00702685 -0.00710532 -0.00719794 -0.00728552 -0.00738907 -0.007489 -0.00760101 -0.00771656 -0.00783611 -0.00796908 -0.00809939 -0.0082496 -0.00839871 -0.00856596 -0.00874394 -0.00893206 -0.00914598 -0.00936571 -0.00961741 -0.00988375 -0.0101749 -0.0104996 -0.0108412 -0.0112294 -0.0116454 -0.0121056 -0.0126231 -0.0131834 -0.0138233 -0.0145292 -0.0153147 -0.0162039 -0.0171749 -0.0182613 -0.019457 -0.0207481 -0.0221624 -0.0236608 -0.0252363 -0.026888 -0.0285535 -0.0302258 -0.0318632 -0.0333698 -0.0346962 -0.0357225 -0.0363031 -0.0363669 -0.0357969 -0.0344878 -0.0324057 -0.0294495 -0.0255409 -0.0207249 -0.0150356 -0.00853041 -0.00136681 0.00632167 0.0143941 0.0225974 0.0307225 0.0386774 0.0463167 0.0534387 0.0599307 0.0657456 0.070826 0.0751436 0.0787231 0.0816062 0.0838317 0.0854153 
0 -0.0142026 -0.0282061 -0.0418697 -0.055009 -0.0673611 -0.0787071 -0.0888999 -0.0977839 -0.105212 -0.111085 -0.115322 -0.117897 -0.118867 -0.118296 -0.116282 -0.113064 -0.108887 -0.1039 -0.098324 -0.092423 -0.0863538 -0.0802801 -0.0743705 -0.0686694 -0.0632465 -0.0582092 -0.053545 -0.049253 -0.0453511 -0.0417606 -0.0384682 -0.0354868 -0.0327568 -0.0302946 -0.0280919 -0.0260874 -0.0242998 -0.0226892 -0.0212198 -0.0199155 -0.0187254 -0.0176543 -0.0167062 -0.0158358 -0.0150709 -0.0143796 -0.0137495 -0.0131978 -0.0126807 -0.0122236 -0.0118061 -0.0114169 -0.0110772 -0.0107497 -0.0104625 -0.010194 -0.00994299 -0.00972299 -0.00950405 -0.00931639 -0.00913024 -0.00896194 -0.00880646 -0.00865248 -0.00852086 -0.00838234 -0.00826618 -0.00814567 -0.00803875 -0.00793668 -0.00783657 -0.00775057 -0.00765786 -0.00758395 -0.0075005 -0.00743477 -0.00736211 -0.00730182 -0.0072404 -0.00718423 -0.00713347 -0.00708123 -0.00703984 -0.00699196 -0.00695845 -0.00691554 -0.00688855 -0.0068511 -0.00682957 -0.00679785 -0.00678108 -0.00675512 -0.00674272 -0.0067224 -0.00671421 -0.0066993 -0.00669532 -0.00668554 -0.00668592 -0.00668097 -0.00668592 -0.00668554 -0.00669532 -0.0066993 -0.00671421 -0.0067224 -0.00674272 -0.00675512 -0.00678108 -0.00679785 -0.00682957 -0.0068511 -0.00688855 -0.00691554 -0.00695845 -0.00699196 -0.00703984 -0.00708123 -0.00713347 -0.00718423 -0.0072404 -0.00730182 -0.00736211 -0.00743477 -0.0075005 -0.00758395 -0.00765786 -0.00775057 -0.00783657 -0.00793668 -0.00803875 -0.00814567 -0.00826618 -0.00838234 -0.00852086 -0.00865248 -0.00880646 -0.00896194 -0.00913024 -0.00931639 -0.00950405 -0.00972299 -0.00994299 -0.010194 -0.0104625 -0.0107497 -0.0110772 -0.0114169 -0.0118061 -0.0122236 -0.0126807 -0.0131978 -0.0137494 -0.0143794 -0.0150706 -0.0158348 -0.0167037 -0.0176483 -0.0187114 -0.0198846 -0.021155 -0.0225599 -0.0240547 -0.0256462 -0.0273367 -0.0290633 -0.0308387 -0.0326189 -0.0343271 -0.0359452 -0.0373549 -0.038433 -0.0391053 -0.0392136 -0.0386591 -0.0374032 -0.0353171 -0.0323241 -0.0284024 -0.0234866 -0.0176335 -0.0110002 -0.00366745 0.0042406 0.0124962 0.0209093 0.02929 0.0374084 0.0451171 0.0523156 0.0588532 0.0646372 0.0696883 0.0740149 0.0776034 0.0805143 0.0828338 0.0845919 0.0858201 
0 -0.0130663 -0.0260043 -0.0387023 -0.0510257 -0.0628034 -0.0738588 -0.0840216 -0.0931356 -0.101053 -0.10761 -0.112682 -0.116248 -0.118296 -0.11879 -0.117821 -0.115595 -0.112273 -0.108042 -0.103144 -0.097747 -0.0920293 -0.0862407 -0.0805004 -0.0748655 -0.06947 -0.0643582 -0.0595437 -0.055111 -0.0510258 -0.0472371 -0.0437719 -0.0405634 -0.0375909 -0.0348914 -0.0324023 -0.0301351 -0.028098 -0.0262232 -0.0245407 -0.0230189 -0.0216174 -0.0203717 -0.0192239 -0.0181833 -0.0172574 -0.0163964 -0.015641 -0.0149521 -0.0143259 -0.0137807 -0.013266 -0.0128189 -0.0124044 -0.0120209 -0.0116847 -0.0113537 -0.0110683 -0.0107902 -0.0105366 -0.0103084 -0.0100819 -0.00989203 -0.00969631 -0.00953096 -0.00936848 -0.00921825 -0.00908548 -0.00894761 -0.00883626 -0.00871229 -0.00861343 -0.00850559 -0.008413 -0.00832184 -0.00823315 -0.00815707 -0.00807287 -0.00800894 -0.00793126 -0.00787633 -0.00780721 -0.00775871 -0.00769947 -0.00765572 -0.00760675 -0.00756696 -0.00752791 -0.00749186 -0.00746193 -0.00742978 -0.00740804 -0.00738006 -0.00736559 -0.00734207 -0.00733414 -0.00731532 -0.00731334 -0.00729942 -0.007303 -0.00729415 -0.007303 -0.00729942 -0.00731334 -0.00731532 -0.00733414 -0.00734207 -0.00736559 -0.00738006 -0.00740804 -0.00742978 -0.00746193 -0.00749186 -0.00752791 -0.00756696 -0.00760675 -0.00765572 -0.00769947 -0.00775871 -0.00780721 -0.00787633 -0.00793126 -0.00800894 -0.00807287 -0.00815707 -0.00823315 -0.00832184 -0.008413 -0.00850559 -0.00861343 -0.00871229 -0.00883626 -0.00894761 -0.00908548 -0.00921825 -0.00936848 -0.00953096 -0.00969631 -0.00989203 -0.0100819 -0.0103084 -0.0105366 -0.0107902 -0.0110683 -0.0113537 -0.0116847 -0.0120209 -0.0124044 -0.0128189 -0.013266 -0.0137807 -0.0143258 -0.0149521 -0.0156409 -0.0163962 -0.0172567 -0.0181815 -0.0192194 -0.0203611 -0.0215937 -0.0229682 -0.0244378 -0.0260247 -0.0277343 -0.0295017 -0.0313517 -0.0332281 -0.0350672 -0.0368734 -0.0385377 -0.0399842 -0.0411519 -0.041862 -0.0420152 -0.0415275 -0.0402462 -0.0381292 -0.035124 -0.0311088 -0.0261007 -0.0201644 -0.0133436 -0.00580712 0.00226269 0.0107474 0.0194179 0.0279956 0.0363154 0.0442244 0.0515246 0.0580828 0.0638467 0.0688127 0.0730226 0.0765149 0.0793223 0.0815381 0.0832691 0.0845571 0.085456 
0 -0.0118644 -0.0236746 -0.0353249 -0.0467185 -0.0577929 -0.06843 -0.0784362 -0.0876397 -0.0958946 -0.103018 -0.108843 -0.113284 -0.116282 -0.117821 -0.117956 -0.116755 -0.114354 -0.110987 -0.106829 -0.10202 -0.0968141 -0.0914221 -0.085942 -0.0805273 -0.0752713 -0.0701799 -0.0653646 -0.0608796 -0.0566778 -0.0527998 -0.0492089 -0.0458286 -0.0427052 -0.0397985 -0.0370815 -0.0346095 -0.0323176 -0.0302093 -0.0283046 -0.0265287 -0.0249212 -0.0234571 -0.0220961 -0.0208871 -0.0197662 -0.0187513 -0.0178481 -0.0170019 -0.0162632 -0.0155788 -0.0149572 -0.0144115 -0.0138897 -0.0134422 -0.0130173 -0.0126337 -0.0122939 -0.0119607 -0.011681 -0.0113985 -0.0111536 -0.0109213 -0.0106981 -0.0105073 -0.0103055 -0.0101423 -0.00996698 -0.00981939 -0.00967347 -0.00953551 -0.0094167 -0.00928834 -0.00919029 -0.00907455 -0.00898989 -0.00888977 -0.00881267 -0.00872942 -0.00865663 -0.00858946 -0.0085201 -0.00846683 -0.00840154 -0.00835948 -0.00829948 -0.00826615 -0.00821264 -0.00818609 -0.00813991 -0.0081189 -0.00808041 -0.00806428 -0.00803349 -0.00802204 -0.00799866 -0.007992 -0.00797561 -0.00797403 -0.00796413 -0.00796805 -0.00796413 -0.00797403 -0.00797561 -0.007992 -0.00799866 -0.00802204 -0.00803349 -0.00806428 -0.00808041 -0.0081189 -0.00813991 -0.00818609 -0.00821264 -0.00826615 -0.00829948 -0.00835948 -0.00840154 -0.00846683 -0.0085201 -0.00858946 -0.00865663 -0.00872942 -0.00881267 -0.00888977 -0.00898989 -0.00907455 -0.00919029 -0.00928834 -0.0094167 -0.00953551 -0.00967347 -0.00981939 -0.00996698 -0.0101423 -0.0103055 -0.0105073 -0.0106981 -0.0109213 -0.0111536 -0.0113985 -0.011681 -0.0119607 -0.0122939 -0.0126337 -0.0130173 -0.0134422 -0.0138897 -0.0144115 -0.0149572 -0.0155788 -0.0162631 -0.0170019 -0.0178479 -0.0187508 -0.0197649 -0.0208838 -0.0220882 -0.0234391 -0.024882 -0.0264478 -0.0281459 -0.0299133 -0.0317927 -0.0337232 -0.0356544 -0.0375992 -0.0394453 -0.0411524 -0.0426724 -0.0438408 -0.0445874 -0.0447923 -0.04428 -0.0430094 -0.040886 -0.037787 -0.0337136 -0.028624 -0.0225115 -0.0155432 -0.00785443 0.0004495 0.00915025 0.0180294 0.0268851 0.0354501 0.0435111 0.0509488 0.0576236 0.0634177 0.0683267 0.0724041 0.075709 0.078319 0.0803291 0.0818476 0.0829861 0.0838343 0.0844708 
0 -0.0106398 -0.0212837 -0.0318553 -0.0422992 -0.052613 -0.0627126 -0.0724164 -0.0815659 -0.0900172 -0.0975671 -0.104005 -0.109193 -0.113064 -0.115595 -0.116755 -0.116556 -0.115138 -0.112678 -0.109303 -0.105209 -0.100612 -0.0956562 -0.0905392 -0.0854446 -0.0804031 -0.0754928 -0.070817 -0.0663566 -0.0621613 -0.0582705 -0.0545964 -0.0511575 -0.047951 -0.0449009 -0.0420644 -0.0394177 -0.0369167 -0.0346242 -0.0324767 -0.0304763 -0.0286594 -0.0269504 -0.0253998 -0.0239838 -0.0226613 -0.0214878 -0.0203893 -0.0193947 -0.0185027 -0.0176605 -0.0169284 -0.016239 -0.0156207 -0.015072 -0.0145475 -0.0141037 -0.0136709 -0.0132929 -0.0129457 -0.0126119 -0.0123306 -0.0120388 -0.011798 -0.0115524 -0.0113338 -0.0111335 -0.0109312 -0.0107672 -0.0105845 -0.0104443 -0.0102866 -0.0101593 -0.0100294 -0.00990933 -0.0098052 -0.00969152 -0.00960798 -0.00950283 -0.00943368 -0.00933991 -0.00927979 -0.00919949 -0.00914478 -0.00907873 -0.00902759 -0.0089754 -0.00892737 -0.00888787 -0.00884328 -0.00881504 -0.00877457 -0.00875616 -0.00872052 -0.00871076 -0.00868053 -0.00867852 -0.00865414 -0.00865924 -0.00864102 -0.00865283 -0.00864102 -0.00865924 -0.00865414 -0.00867852 -0.00868053 -0.00871076 -0.00872052 -0.00875616 -0.00877457 -0.00881504 -0.00884328 -0.00888787 -0.00892737 -0.0089754 -0.00902759 -0.00907873 -0.00914478 -0.00919949 -0.00927979 -0.00933991 -0.00943368 -0.00950283 -0.00960798 -0.00969152 -0.0098052 -0.00990933 -0.0100294 -0.0101593 -0.0102866 -0.0104443 -0.0105845 -0.0107672 -0.0109312 -0.0111335 -0.0113338 -0.0115524 -0.011798 -0.0120388 -0.0123306 -0.0126119 -0.0129457 -0.0132929 -0.0136709 -0.0141037 -0.0145475 -0.015072 -0.0156207 -0.016239 -0.0169284 -0.0176605 -0.0185026 -0.0193945 -0.0203889 -0.0214869 -0.0226589 -0.023978 -0.0253863 -0.0269205 -0.0285968 -0.0303511 -0.0322388 -0.0341945 -0.0361779 -0.0382069 -0.0401673 -0.0420474 -0.0438067 -0.0453072 -0.0465166 -0.0472989 -0.0474776 -0.0469919 -0.0456932 -0.0434749 -0.0403381 -0.0361834 -0.030968 -0.024774 -0.017648 -0.00972374 -0.00122935 0.00768544 0.0168346 0.025923 0.0347035 0.0429922 0.0506059 0.057394 0.0632577 0.068169 0.07218 0.0753471 0.0777223 0.0794372 0.0806664 0.0815259 0.0821135 0.0825667 0.0829849 
0 -0.00943459 -0.0189072 -0.0284109 -0.0379351 -0.0474671 -0.0569375 -0.0662299 -0.0752061 -0.0836867 -0.0914709 -0.0983757 -0.104228 -0.108887 -0.112273 -0.114354 -0.115138 -0.11469 -0.113113 -0.110573 -0.107256 -0.103291 -0.0988613 -0.0942117 -0.0894717 -0.0847304 -0.0801127 -0.0756305 -0.0713133 -0.0672582 -0.0634256 -0.0598005 -0.0564136 -0.0531734 -0.0500893 -0.0471907 -0.0444065 -0.0417954 -0.039349 -0.0370145 -0.0348612 -0.032828 -0.0309163 -0.0291697 -0.0275105 -0.0259994 -0.0246101 -0.0233086 -0.0221555 -0.021069 -0.0200936 -0.0192124 -0.0183813 -0.0176607 -0.0169691 -0.0163574 -0.0157989 -0.015269 -0.0148177 -0.0143683 -0.0139889 -0.0136233 -0.0132901 -0.0129995 -0.0127043 -0.0124673 -0.0122126 -0.0120064 -0.0117951 -0.0116044 -0.0114335 -0.0112541 -0.0111144 -0.0109494 -0.01083 -0.0106847 -0.0105766 -0.0104546 -0.0103524 -0.0102542 -0.0101564 -0.0100796 -0.009987 -0.00992774 -0.00984242 -0.00979663 -0.00972045 -0.00968469 -0.00961893 -0.00959075 -0.00953596 -0.00951389 -0.00946994 -0.00945334 -0.0094197 -0.00940849 -0.00938436 -0.00937886 -0.00936337 -0.00936412 -0.00935641 -0.00936412 -0.00936337 -0.00937886 -0.00938436 -0.00940849 -0.0094197 -0.00945334 -0.00946994 -0.00951389 -0.00953596 -0.00959075 -0.00961893 -0.00968469 -0.00972045 -0.00979663 -0.00984242 -0.00992774 -0.009987 -0.0100796 -0.0101564 -0.0102542 -0.0103524 -0.0104546 -0.0105766 -0.0106847 -0.01083 -0.0109494 -0.0111144 -0.0112541 -0.0114335 -0.0116044 -0.0117951 -0.0120064 -0.0122126 -0.0124673 -0.0127043 -0.0129995 -0.0132901 -0.0136233 -0.0139889 -0.0143683 -0.0148177 -0.015269 -0.0157989 -0.0163574 -0.0169691 -0.0176607 -0.0183813 -0.0192124 -0.0200936 -0.0210689 -0.0221552 -0.023308 -0.0246084 -0.0259952 -0.0275005 -0.0291473 -0.0308684 -0.0327305 -0.0346725 -0.0366671 -0.0387405 -0.0407799 -0.0427878 -0.0447173 -0.046448 -0.047976 -0.0491734 -0.0499017 -0.0500977 -0.0495724 -0.048212 -0.0459784 -0.042745 -0.038482 -0.0332028 -0.0268661 -0.019573 -0.0115019 -0.00278253 0.00638504 0.0157531 0.0250972 0.034149 0.0426446 0.0504168 0.0573507 0.0633396 0.0683102 0.0722717 0.0753189 0.0775477 0.07903 0.0799159 0.0804191 0.08068 0.0807929 0.0808998 0.0811023 
