0 0 0 0 0 0 0 0 0 0 0 0 0 0 0 0 0 0 0 0 0 0 0 0 0 0 0 0 0 0 0 0 0 0 0 0 0 0 0 0 0 0 0 0 0 0 0 0 0 0 0 0 0 0 0 0 0 0 0 0 0 0 0 0 0 0 0 0 0 0 0 0 0 0 0 0 0 0 0 0 0 0 0 0 0 0 0 0 0 0 0 0 0 0 0 0 0 0 0 0 0 0 0 0 0 0 0 0 0 0 0 0 0 0 0 0 0 0 0 0 0 0 0 0 0 0 0 0 0 0 0 0 0 0 0 0 0 0 0 0 0 0 0 0 0 0 0 0 0 0 0 0 0 0 0 0 0 0 0 0 0 0 0 0 0 0 0 0 0 0 0 0 0 0 0 0 0 0 0 0 0 0 0 0 0 0 0 0 0 0 0 0 0 0 0 0 0 0 0 0 
0 0.000975027 0.00187891 0.0027115 0.00346749 0.00408527 0.00449981 0.00468099 0.00463658 0.00437354 0.00384124 0.00300521 0.00193871 0.000706773 -0.000704126 -0.00223813 -0.00376255 -0.00521517 -0.00657449 -0.00778131 -0.00876622 -0.00946011 -0.00983883 -0.00995397 -0.00983549 -0.00947782 -0.00891243 -0.00818977 -0.00737728 -0.00654669 -0.00571773 -0.00490135 -0.00412429 -0.00340587 -0.00278199 -0.00227055 -0.00185858 -0.00153636 -0.00127699 -0.00106211 -0.000888886 -0.000744991 -0.000634125 -0.000552792 -0.000493097 -0.000457013 -0.000432518 -0.000418849 -0.000412051 -0.000405246 -0.000402464 -0.000396364 -0.000390673 -0.000384285 -0.000375449 -0.000369255 -0.000360608 -0.000355152 -0.000349675 -0.000345363 -0.000343589 -0.000340631 -0.000340961 -0.000339232 -0.000339482 -0.000338483 -0.000337209 -0.000336254 -0.000333195 -0.000331696 -0.000327478 -0.000325157 -0.000320718 -0.000317646 -0.000313777 -0.000310273 -0.000307398 -0.000303867 -0.000302054 -0.000298851 -0.000297925 -0.000295281 -0.000294965 -0.000292975 -0.00029299 -0.000291639 -0.000291767 -0.00029097 -0.000291066 -0.00029071 -0.000290699 -0.00029067 -0.000290527 -0.000290725 -0.000290458 -0.000290804 -0.000290436 -0.000290869 -0.000290432 -0.000290904 -0.000290432 -0.000290904 -0.000290432 -0.000290869 -0.000290436 -0.000290804 -0.000290458 -0.000290725 -0.000290527 -0.00029067 -0.000290699 -0.00029071 -0.000291066 -0.00029097 -0.000291767 -0.000291639 -0.00029299 -0.000292975 -0.000294965 -0.000295281 -0.000297925 -0.000298851 -0.000302054 -0.000303867 -0.000307398 -0.000310273 -0.000313777 -0.000317646 -0.000320718 -0.000325157 -0.000327478 -0.000331696 -0.000333195 -0.000336254 -0.000337209 -0.000338483 -0.000339482 -0.000339232 -0.000340961 -0.000340631 -0.000343589 -0.000345363 -0.000349675 -0.000355151 -0.000360604 -0.000369242 -0.000375411 -0.000384174 -0.000390374 -0.000395594 -0.000400575 -0.000400838 -0.000402277 -0.000398271 -0.000391424 -0.000379244 -0.000353719 -0.000316302 -0.000254019 -0.000165191 -4.62899e-05 0.000112146 0.000307075 0.000555244 0.000872016 0.00127288 0.00178206 0.002391 0.00308382 0.00383987 0.00463045 0.00545944 0.00631677 0.00715442 0.00791011 0.00849752 0.00886845 0.00902727 0.00894637 0.00858111 0.00790631 0.00692492 0.00570423 0.00430115 0.00270844 0.000981405 -0.000749154 -0.00240883 -0.00397651 -0.00542321 -0.00670526 -0.00776583 -0.00859975 -0.00926686 -0.00976021 -0.01004 -0.0102081 -0.0103744 -0.0104567 -0.010402 
0 0.00187891 0.00369347 0.00535461 0.00679267 0.00796081 0.00877716 0.00915511 0.00907208 0.00850778 0.00740061 0.00576264 0.00369652 0.00125876 -0.00151771 -0.00450242 -0.0075154 -0.0104137 -0.0130855 -0.0154344 -0.0173456 -0.0187031 -0.0194886 -0.0197548 -0.0195298 -0.0188392 -0.0177356 -0.0163122 -0.0147144 -0.0130609 -0.0114102 -0.00980546 -0.00827715 -0.00686935 -0.00563888 -0.00460482 -0.00376547 -0.00309681 -0.00255651 -0.00212274 -0.00177344 -0.00149534 -0.00128586 -0.00112873 -0.00101811 -0.000941945 -0.000886887 -0.000850853 -0.000822129 -0.000801388 -0.000785742 -0.000771463 -0.000762723 -0.000753164 -0.000746884 -0.000740775 -0.000733973 -0.000728918 -0.000720734 -0.000714471 -0.000705646 -0.000697406 -0.000689097 -0.000679749 -0.000672674 -0.00066385 -0.000658107 -0.000651159 -0.000646467 -0.000641894 -0.000637902 -0.000635364 -0.000631822 -0.000630509 -0.000627302 -0.00062635 -0.000623452 -0.000622226 -0.000619643 -0.000617831 -0.000615569 -0.000613146 -0.000611199 -0.000608318 -0.00060667 -0.000603563 -0.000602198 -0.000599095 -0.000597998 -0.000595083 -0.00059425 -0.000591648 -0.00059108 -0.000588862 -0.000588568 -0.000586761 -0.000586757 -0.000585358 -0.000585666 -0.000584658 -0.000585301 -0.000584658 -0.000585666 -0.000585358 -0.000586757 -0.000586761 -0.000588568 -0.000588862 -0.00059108 -0.000591648 -0.00059425 -0.000595083 -0.000597998 -0.000599095 -0.000602198 -0.000603563 -0.00060667 -0.000608318 -0.000611199 -0.000613146 -0.000615569 -0.000617831 -0.000619643 -0.000622226 -0.000623452 -0.00062635 -0.000627302 -0.000630509 -0.000631822 -0.000635364 -0.000637902 -0.000641894 -0.000646467 -0.000651159 -0.000658107 -0.00066385 -0.000672674 -0.000679749 -0.000689097 -0.000697406 -0.000705646 -0.00071447 -0.000720733 -0.000728914 -0.000733961 -0.00074074 -0.000746784 -0.000752888 -0.00076199 -0.000769613 -0.000781295 -0.000791216 -0.000799999 -0.000805105 -0.000797093 -0.000774729 -0.000722821 -0.000634243 -0.000499903 -0.000306913 -5.67058e-05 0.000262114 0.000658161 0.00115009 0.00178025 0.002582 0.00358849 0.00480291 0.00618518 0.00769491 0.00928755 0.0109342 0.0126106 0.014231 0.0156731 0.0168148 0.0175598 0.0178704 0.0177001 0.0169594 0.0156063 0.0136764 0.0112587 0.00845863 0.00534165 0.00199607 -0.00140103 -0.0046974 -0.00782377 -0.0106963 -0.0132097 -0.0153132 -0.0170126 -0.0183408 -0.0193309 -0.0200047 -0.0204154 -0.0206538 -0.0207842 -0.0208395 
0 0.0027115 0.00535461 0.00777686 0.00984868 0.0115021 0.0126454 0.0131792 0.0130337 0.0121394 0.0104787 0.00811346 0.00509062 0.00147212 -0.00257547 -0.00687143 -0.011254 -0.0155009 -0.0194061 -0.0228265 -0.0255988 -0.027603 -0.0288163 -0.0292371 -0.0289083 -0.0279147 -0.0263317 -0.0242997 -0.0219993 -0.019565 -0.0171181 -0.0147378 -0.0124705 -0.0103965 -0.00856927 -0.00701625 -0.00575003 -0.00472479 -0.00390084 -0.00324189 -0.00270554 -0.00228547 -0.00196 -0.00171476 -0.00154378 -0.00141946 -0.0013378 -0.00128168 -0.00123947 -0.00121303 -0.00118727 -0.00116964 -0.00115305 -0.00113663 -0.00112532 -0.00110978 -0.00109971 -0.00108668 -0.00107523 -0.00106518 -0.00105231 -0.00104405 -0.00103149 -0.00102336 -0.00101284 -0.00100391 -0.000996074 -0.000986529 -0.000980829 -0.000971544 -0.000966866 -0.000958776 -0.000954108 -0.00094775 -0.000942555 -0.000937955 -0.000932202 -0.000929012 -0.000923006 -0.00092072 -0.000914883 -0.000913027 -0.000907735 -0.000905967 -0.000901468 -0.000899605 -0.000896013 -0.000894003 -0.000891322 -0.0008892 -0.000887367 -0.000885215 -0.000884135 -0.000882047 -0.000881622 -0.000879688 -0.000879826 -0.000878125 -0.000878748 -0.000877347 -0.000878388 -0.000877347 -0.000878748 -0.000878125 -0.000879826 -0.000879688 -0.000881622 -0.000882047 -0.000884135 -0.000885215 -0.000887367 -0.0008892 -0.000891322 -0.000894003 -0.000896013 -0.000899605 -0.000901468 -0.000905967 -0.000907735 -0.000913027 -0.000914883 -0.00092072 -0.000923006 -0.000929012 -0.000932202 -0.000937955 -0.000942555 -0.00094775 -0.000954108 -0.000958776 -0.000966866 -0.000971544 -0.000980829 -0.000986529 -0.000996074 -0.00100391 -0.00101284 -0.00102336 -0.00103149 -0.00104405 -0.00105231 -0.00106518 -0.00107523 -0.00108667 -0.00109969 -0.0011097 -0.00112511 -0.00113606 -0.00115157 -0.00116601 -0.0011788 -0.00119416 -0.00119953 -0.00120122 -0.00118377 -0.0011393 -0.00105973 -0.000919857 -0.000717388 -0.000430945 -5.05674e-05 0.000428683 0.00104022 0.0018053 0.00277556 0.00400463 0.00550987 0.00730348 0.00934176 0.0115637 0.01393 0.0163703 0.0188141 0.0211529 0.0232119 0.024848 0.0259333 0.0263483 0.026024 0.0248829 0.0228817 0.0200809 0.0165583 0.0124221 0.00785307 0.0030131 -0.00193808 -0.0067945 -0.0113916 -0.0156036 -0.0193078 -0.0224633 -0.0250697 -0.0270949 -0.0285952 -0.0297062 -0.0304541 -0.0308497 -0.0310718 -0.0312598 
0 0.00346749 0.00679267 0.00984868 0.0124888 0.0145514 0.0159293 0.0165461 0.0162774 0.0150431 0.0128925 0.00985511 0.00591831 0.00123246 -0.00393875 -0.00941094 -0.0149955 -0.0204259 -0.0254508 -0.0298342 -0.0333858 -0.0360188 -0.0376527 -0.0382361 -0.037847 -0.0365972 -0.034617 -0.0320901 -0.0291718 -0.0260277 -0.0228363 -0.0197048 -0.0167382 -0.0140278 -0.0116157 -0.00955548 -0.00784634 -0.00644786 -0.00532975 -0.00442491 -0.00369735 -0.00312452 -0.00267017 -0.0023336 -0.00208693 -0.00191173 -0.0017992 -0.00171753 -0.00166757 -0.00163025 -0.00159888 -0.00157708 -0.00154946 -0.00152917 -0.00150529 -0.00148283 -0.00146462 -0.00144251 -0.00142898 -0.00141113 -0.0013995 -0.00138753 -0.00137567 -0.00136811 -0.00135567 -0.00134943 -0.00133724 -0.00132963 -0.00131872 -0.00130866 -0.00129949 -0.00128749 -0.00127989 -0.00126736 -0.00126079 -0.00124925 -0.00124313 -0.00123363 -0.0012276 -0.00122057 -0.0012145 -0.00120985 -0.00120379 -0.00120112 -0.00119523 -0.00119401 -0.00118847 -0.00118822 -0.00118317 -0.0011835 -0.00117904 -0.00117971 -0.00117586 -0.00117675 -0.00117349 -0.00117455 -0.00117184 -0.00117309 -0.00117087 -0.00117236 -0.00117055 -0.00117236 -0.00117087 -0.00117309 -0.00117184 -0.00117455 -0.00117349 -0.00117675 -0.00117586 -0.00117971 -0.00117904 -0.0011835 -0.00118317 -0.00118822 -0.00118847 -0.00119401 -0.00119523 -0.00120112 -0.00120379 -0.00120985 -0.0012145 -0.00122057 -0.0012276 -0.00123363 -0.00124313 -0.00124925 -0.00126079 -0.00126736 -0.00127989 -0.00128749 -0.00129949 -0.00130866 -0.00131872 -0.00132963 -0.00133724 -0.00134943 -0.00135567 -0.00136811 -0.00137567 -0.00138753 -0.00139949 -0.00141113 -0.00142898 -0.00144249 -0.00146457 -0.00148267 -0.00150486 -0.00152804 -0.00154665 -0.00157043 -0.00158382 -0.00159779 -0.00160089 -0.00158721 -0.00155688 -0.0014831 -0.00136532 -0.00117594 -0.000896165 -0.000517952 -5.50062e-06 0.000649457 0.00148702 0.00255761 0.00389604 0.00556487 0.00757558 0.00991701 0.0125726 0.0154712 0.0185576 0.0217452 0.0248849 0.0278384 0.0304274 0.032467 0.0338107 0.0342777 0.0337402 0.032175 0.0295714 0.0259658 0.0214426 0.0161121 0.0102087 0.00400402 -0.00233416 -0.00860939 -0.0145557 -0.02 -0.0248602 -0.029066 -0.0325728 -0.03536 -0.0374673 -0.039029 -0.0401608 -0.0409066 -0.0413497 -0.0416012 
0 0.00408527 0.00796081 0.0115021 0.0145514 0.0169099 0.0184556 0.019076 0.0186238 0.0170638 0.0144409 0.0107411 0.00601964 0.000486356 -0.00564314 -0.01215 -0.0187553 -0.025193 -0.0311641 -0.0363498 -0.0405904 -0.0437936 -0.0458163 -0.0466158 -0.0462496 -0.044825 -0.0425512 -0.0396106 -0.0361499 -0.0323914 -0.0285247 -0.0247136 -0.0211208 -0.0178103 -0.0148439 -0.0122749 -0.0100883 -0.00829067 -0.0068383 -0.00566514 -0.00474449 -0.00401076 -0.0034404 -0.00301319 -0.00268582 -0.00245897 -0.00229385 -0.00217681 -0.00210116 -0.00203697 -0.00199778 -0.00196122 -0.00193148 -0.00191043 -0.00188293 -0.00186719 -0.00184338 -0.0018253 -0.00180668 -0.00178421 -0.00176929 -0.00174541 -0.00173115 -0.00171025 -0.00169456 -0.00167919 -0.00166214 -0.00165198 -0.00163522 -0.00162811 -0.00161359 -0.00160704 -0.00159595 -0.00158828 -0.00158072 -0.00157145 -0.00156664 -0.0015562 -0.00155303 -0.0015423 -0.0015397 -0.00152959 -0.0015268 -0.00151799 -0.00151465 -0.00150753 -0.00150356 -0.00149823 -0.00149376 -0.00149016 -0.00148543 -0.00148337 -0.00147862 -0.00147791 -0.00147337 -0.0014738 -0.00146964 -0.00147106 -0.00146741 -0.00146969 -0.00146668 -0.00146969 -0.00146741 -0.00147106 -0.00146964 -0.0014738 -0.00147337 -0.00147791 -0.00147862 -0.00148337 -0.00148543 -0.00149016 -0.00149376 -0.00149823 -0.00150356 -0.00150753 -0.00151465 -0.00151799 -0.0015268 -0.00152959 -0.0015397 -0.0015423 -0.00155303 -0.0015562 -0.00156664 -0.00157145 -0.00158072 -0.00158828 -0.00159595 -0.00160704 -0.00161359 -0.00162811 -0.00163522 -0.00165198 -0.00166214 -0.00167919 -0.00169456 -0.00171025 -0.00173115 -0.00174541 -0.00176928 -0.0017842 -0.00180666 -0.00182526 -0.00184327 -0.00186687 -0.00188209 -0.00190831 -0.00192638 -0.0019495 -0.0019721 -0.00198337 -0.00199456 -0.00197496 -0.00192994 -0.00183403 -0.0016624 -0.00141161 -0.00103732 -0.000537377 0.000120121 0.00097867 0.00206077 0.00344492 0.00516915 0.0072663 0.0097719 0.0126492 0.0158876 0.0194414 0.0231972 0.0270439 0.0307845 0.0342182 0.0372015 0.0395326 0.0410174 0.0414744 0.0407204 0.0387282 0.0355472 0.0311854 0.0257413 0.0193971 0.0123734 0.00496974 -0.00256707 -0.0100569 -0.0172265 -0.0238311 -0.02978 -0.0349842 -0.0393592 -0.0429464 -0.0457998 -0.0479431 -0.0495085 -0.0506583 -0.0514238 -0.0518352 
0 0.00449981 0.00877716 0.0126454 0.0159293 0.0184556 0.0200529 0.0205634 0.0199076 0.0180574 0.0149606 0.0106547 0.00532305 -0.000878761 -0.00779348 -0.0151126 -0.0225206 -0.0297485 -0.0364428 -0.0423046 -0.0471667 -0.0508452 -0.053218 -0.0542631 -0.0539748 -0.0524937 -0.0500465 -0.0467848 -0.0429128 -0.0386536 -0.0341976 -0.0297962 -0.0256133 -0.0217297 -0.0182421 -0.0151601 -0.0125051 -0.0103003 -0.0084841 -0.00703461 -0.00588848 -0.00497347 -0.00427523 -0.00372828 -0.00331886 -0.00302557 -0.00280247 -0.00265788 -0.00254723 -0.00246923 -0.00241725 -0.00236518 -0.00233555 -0.00229872 -0.00227133 -0.00224699 -0.00221631 -0.00219872 -0.00216837 -0.00215028 -0.00212541 -0.00210297 -0.0020852 -0.00205964 -0.00204657 -0.00202202 -0.00200981 -0.00199003 -0.00197595 -0.00196236 -0.00194593 -0.00193751 -0.00192003 -0.00191444 -0.0018979 -0.00189271 -0.00187877 -0.00187237 -0.00186188 -0.00185364 -0.00184664 -0.00183674 -0.0018327 -0.00182181 -0.00181997 -0.00180886 -0.00180847 -0.00179782 -0.0017983 -0.0017886 -0.00178957 -0.0017811 -0.00178235 -0.0017752 -0.0017767 -0.00177084 -0.00177266 -0.00176796 -0.00177023 -0.00176653 -0.00176942 -0.00176653 -0.00177023 -0.00176796 -0.00177266 -0.00177084 -0.0017767 -0.0017752 -0.00178235 -0.0017811 -0.00178957 -0.0017886 -0.0017983 -0.00179782 -0.00180847 -0.00180886 -0.00181997 -0.00182181 -0.0018327 -0.00183674 -0.00184664 -0.00185364 -0.00186188 -0.00187237 -0.00187877 -0.00189271 -0.0018979 -0.00191444 -0.00192003 -0.00193751 -0.00194593 -0.00196236 -0.00197595 -0.00199003 -0.00200981 -0.00202202 -0.00204657 -0.00205964 -0.0020852 -0.00210297 -0.0021254 -0.00215027 -0.00216834 -0.00219864 -0.00221608 -0.00224637 -0.00226975 -0.00229487 -0.00232656 -0.0023452 -0.00237487 -0.00238357 -0.00238228 -0.00235534 -0.00227368 -0.002144 -0.0019144 -0.00158369 -0.00112288 -0.000488593 0.000324921 0.00139545 0.00276232 0.00447803 0.00661496 0.00916194 0.0121446 0.0155515 0.0193303 0.0234621 0.0278087 0.0321863 0.0364097 0.0402291 0.0434743 0.0459735 0.0474723 0.0477948 0.0467995 0.0443987 0.0406544 0.0356228 0.0293931 0.0222083 0.0142995 0.00589446 -0.00268123 -0.0111618 -0.0193521 -0.0270142 -0.0339649 -0.0401073 -0.0453733 -0.0497903 -0.0534302 -0.0562926 -0.0584298 -0.0600101 -0.0611443 -0.0618691 
0 0.00468099 0.00915511 0.0131792 0.0165461 0.019076 0.0205634 0.0208813 0.0200064 0.0178518 0.0143332 0.00957693 0.00377238 -0.0029727 -0.0104431 -0.0183113 -0.026286 -0.0340387 -0.0412452 -0.0476733 -0.0530414 -0.0571062 -0.0598069 -0.0610857 -0.0609412 -0.0595362 -0.0570145 -0.0535595 -0.0494207 -0.0447705 -0.0398574 -0.0349545 -0.0302152 -0.0258073 -0.0218076 -0.0182231 -0.0151247 -0.0124908 -0.0103058 -0.00855806 -0.00714554 -0.00604031 -0.00517774 -0.00449597 -0.00399751 -0.00361348 -0.00334237 -0.00315669 -0.00301278 -0.00292758 -0.0028495 -0.00279501 -0.00275055 -0.00269958 -0.00266943 -0.00262361 -0.00259497 -0.00256197 -0.00252996 -0.00251024 -0.00247748 -0.00246402 -0.00243592 -0.00242057 -0.00240035 -0.00237916 -0.00236586 -0.00234007 -0.00232994 -0.00230372 -0.00229277 -0.00227029 -0.00225617 -0.00223971 -0.00222226 -0.00221191 -0.00219253 -0.00218682 -0.00216756 -0.00216444 -0.00214714 -0.00214477 -0.00213063 -0.00212774 -0.00211727 -0.00211321 -0.00210634 -0.00210101 -0.00209735 -0.00209095 -0.00208995 -0.00208283 -0.00208395 -0.00207652 -0.0020793 -0.00207187 -0.00207595 -0.00206882 -0.00207394 -0.0020673 -0.00207327 -0.0020673 -0.00207394 -0.00206882 -0.00207595 -0.00207187 -0.0020793 -0.00207652 -0.00208395 -0.00208283 -0.00208995 -0.00209095 -0.00209735 -0.00210101 -0.00210634 -0.00211321 -0.00211727 -0.00212774 -0.00213063 -0.00214477 -0.00214714 -0.00216444 -0.00216756 -0.00218682 -0.00219253 -0.00221191 -0.00222226 -0.00223971 -0.00225617 -0.00227029 -0.00229277 -0.00230372 -0.00232994 -0.00234007 -0.00236586 -0.00237916 -0.00240035 -0.00242057 -0.00243592 -0.00246401 -0.00247747 -0.00251022 -0.0025299 -0.00256181 -0.00259452 -0.00262245 -0.00266656 -0.00269278 -0.00273519 -0.00276193 -0.00278157 -0.00279462 -0.00276477 -0.00271577 -0.00259472 -0.00240231 -0.00211809 -0.00169151 -0.00113277 -0.00036752 0.000635343 0.00192735 0.00360873 0.00569279 0.00824262 0.0112643 0.0147157 0.0186225 0.0229166 0.0275266 0.0323482 0.0371344 0.0416879 0.0457925 0.0491874 0.0516979 0.0530912 0.0531606 0.0518473 0.0490658 0.0448001 0.0391856 0.0323522 0.0244999 0.0158921 0.00672998 -0.00268456 -0.011979 -0.0209634 -0.0294992 -0.037355 -0.0443883 -0.0505696 -0.0558633 -0.0602782 -0.0638856 -0.0667395 -0.0688992 -0.0704677 -0.0715245 
0 0.00463658 0.00907208 0.0130337 0.0162774 0.0186238 0.0199076 0.0200064 0.0188358 0.0163226 0.0124908 0.00745018 0.00129975 -0.00578996 -0.0135567 -0.0217513 -0.0300518 -0.0380884 -0.0456297 -0.052423 -0.0581148 -0.0625115 -0.0655184 -0.0670477 -0.0671579 -0.0659175 -0.0634111 -0.0598949 -0.0555818 -0.0506718 -0.0454623 -0.0401535 -0.0349591 -0.0300839 -0.0255717 -0.0215124 -0.0179492 -0.0148611 -0.0123022 -0.0102085 -0.00852512 -0.00721848 -0.00617061 -0.00536953 -0.00475371 -0.0042731 -0.00393929 -0.00367652 -0.00350022 -0.00337546 -0.00327208 -0.00321469 -0.00314772 -0.00310794 -0.00306639 -0.0030228 -0.00299726 -0.00295091 -0.00292843 -0.00288872 -0.00285978 -0.00283226 -0.00279603 -0.0027785 -0.00274111 -0.00272685 -0.00269568 -0.00267865 -0.0026577 -0.00263564 -0.00262423 -0.00259868 -0.00259296 -0.00256741 -0.00256282 -0.00254065 -0.00253374 -0.00251705 -0.00250623 -0.00249551 -0.0024809 -0.00247542 -0.0024582 -0.00245662 -0.00243833 -0.00243924 -0.00242132 -0.00242353 -0.00240703 -0.00240975 -0.0023953 -0.00239811 -0.00238596 -0.00238873 -0.00237884 -0.00238167 -0.00237384 -0.00237697 -0.00237087 -0.00237463 -0.00236988 -0.00237463 -0.00237087 -0.00237697 -0.00237384 -0.00238167 -0.00237884 -0.00238873 -0.00238596 -0.00239811 -0.0023953 -0.00240975 -0.00240703 -0.00242353 -0.00242132 -0.00243924 -0.00243833 -0.00245662 -0.0024582 -0.00247542 -0.0024809 -0.00249551 -0.00250623 -0.00251705 -0.00253374 -0.00254065 -0.00256282 -0.00256741 -0.00259296 -0.00259868 -0.00262423 -0.00263564 -0.0026577 -0.00267865 -0.00269568 -0.00272685 -0.00274111 -0.0027785 -0.00279603 -0.00283225 -0.00285976 -0.00288868 -0.00292831 -0.00295059 -0.00299642 -0.00302068 -0.00306131 -0.00309628 -0.00312222 -0.00316148 -0.0031662 -0.00317463 -0.00313706 -0.00305017 -0.00290761 -0.00264655 -0.00229058 -0.00176991 -0.00106486 -0.000147342 0.00108577 0.00265148 0.00465005 0.00712963 0.0100757 0.0135392 0.017461 0.0218213 0.0265994 0.0316332 0.0367988 0.0418825 0.0466172 0.0508293 0.0542423 0.0565983 0.0577515 0.0575195 0.0558287 0.0526661 0.0479636 0.0418392 0.0345276 0.0261896 0.0170545 0.00739213 -0.00256251 -0.0124979 -0.0221433 -0.0313637 -0.0399885 -0.0478464 -0.0548846 -0.0610506 -0.0662929 -0.0706814 -0.0742969 -0.0771349 -0.0792191 -0.0806197 
0 0.00437354 0.00850778 0.0121394 0.0150431 0.0170638 0.0180574 0.0178518 0.0163226 0.0134931 0.0094511 0.0042214 -0.0021098 -0.009306 -0.0171504 -0.0254248 -0.0337826 -0.0419224 -0.0496131 -0.0565324 -0.0624119 -0.0670757 -0.0703361 -0.0721583 -0.0725774 -0.0715509 -0.0692027 -0.0657511 -0.0613758 -0.0563735 -0.0509771 -0.0453663 -0.0398254 -0.0345048 -0.0295249 -0.025021 -0.02098 -0.0174684 -0.0145098 -0.0120403 -0.0100768 -0.00850901 -0.00726794 -0.00632236 -0.00556046 -0.00499677 -0.00456782 -0.00423904 -0.00402434 -0.00384398 -0.0037335 -0.00364449 -0.00356838 -0.00352613 -0.00346282 -0.00343202 -0.00338419 -0.00334511 -0.0033144 -0.00326582 -0.00324469 -0.00319685 -0.00317435 -0.00313764 -0.00310745 -0.00308512 -0.00304842 -0.00303629 -0.0029992 -0.00298978 -0.00295879 -0.00294585 -0.0029246 -0.00290548 -0.00289394 -0.00286947 -0.002865 -0.0028381 -0.00283704 -0.00281108 -0.00281018 -0.00278784 -0.00278493 -0.00276774 -0.00276187 -0.00275028 -0.00274145 -0.00273513 -0.00272391 -0.00272212 -0.00270931 -0.00271121 -0.00269761 -0.0027024 -0.0026887 -0.00269574 -0.00268244 -0.00269128 -0.00267873 -0.00268903 -0.0026775 -0.00268903 -0.00267873 -0.00269128 -0.00268244 -0.00269574 -0.0026887 -0.0027024 -0.00269761 -0.00271121 -0.00270931 -0.00272212 -0.00272391 -0.00273513 -0.00274145 -0.00275028 -0.00276187 -0.00276774 -0.00278493 -0.00278784 -0.00281018 -0.00281108 -0.00283704 -0.0028381 -0.002865 -0.00286947 -0.00289394 -0.00290548 -0.0029246 -0.00294585 -0.00295879 -0.00298978 -0.0029992 -0.00303629 -0.00304842 -0.00308512 -0.00310745 -0.00313764 -0.00317434 -0.00319684 -0.00324466 -0.00326574 -0.00331417 -0.00334451 -0.00338265 -0.00342827 -0.00345409 -0.00350673 -0.00352722 -0.00356121 -0.00357282 -0.00354838 -0.00350566 -0.00337008 -0.00317533 -0.00285592 -0.00238927 -0.00177218 -0.000905965 0.000206883 0.00166958 0.00355781 0.00588826 0.00875874 0.012129 0.0160006 0.0203863 0.025181 0.0303517 0.035741 0.0411204 0.0463423 0.0511405 0.0552788 0.0585498 0.0606484 0.0614317 0.0608345 0.0587367 0.0551411 0.050069 0.0435721 0.0358886 0.0272314 0.0177701 0.00779857 -0.00243897 -0.0127772 -0.0229524 -0.0327152 -0.041939 -0.0505135 -0.0583262 -0.0653028 -0.071405 -0.0766373 -0.0810055 -0.084496 -0.0871357 -0.0889626 
0 0.00384124 0.00740061 0.0104787 0.0128925 0.0144409 0.0149606 0.0143332 0.0124908 0.0094511 0.00525122 -7.7189e-05 -0.00640421 -0.0135246 -0.0212383 -0.0293061 -0.0374852 -0.0455459 -0.0531644 -0.0600474 -0.0660171 -0.0708331 -0.0743127 -0.0764385 -0.0771412 -0.0764066 -0.0743558 -0.0710838 -0.0668226 -0.0618617 -0.0563607 -0.0505794 -0.0447539 -0.0390371 -0.0336655 -0.0287191 -0.0242424 -0.0203328 -0.0169429 -0.0141084 -0.0118098 -0.0099375 -0.00848864 -0.00733859 -0.00643891 -0.00577076 -0.0052334 -0.0048605 -0.00457553 -0.00436258 -0.00422838 -0.00409747 -0.00402391 -0.00394371 -0.00387899 -0.00383401 -0.00376782 -0.00373953 -0.00368297 -0.00365291 -0.00361575 -0.00357533 -0.00355544 -0.00350827 -0.00349463 -0.00345044 -0.00343167 -0.00339843 -0.00336925 -0.00334897 -0.00331124 -0.00330046 -0.00326037 -0.00325317 -0.00321743 -0.0032085 -0.00318167 -0.00316797 -0.0031516 -0.00313263 -0.00312576 -0.00310279 -0.00310302 -0.00307814 -0.00308276 -0.00305806 -0.00306469 -0.00304181 -0.00304877 -0.00302873 -0.00303508 -0.00301833 -0.00302373 -0.00301026 -0.00301482 -0.00300431 -0.00300841 -0.00300039 -0.00300455 -0.00299843 -0.00300326 -0.00299843 -0.00300455 -0.00300039 -0.00300841 -0.00300431 -0.00301482 -0.00301026 -0.00302373 -0.00301833 -0.00303508 -0.00302873 -0.00304877 -0.00304181 -0.00306469 -0.00305806 -0.00308276 -0.00307814 -0.00310302 -0.00310279 -0.00312576 -0.00313263 -0.0031516 -0.00316797 -0.00318167 -0.0032085 -0.00321743 -0.00325317 -0.00326037 -0.00330046 -0.00331124 -0.00334897 -0.00336925 -0.00339843 -0.00343167 -0.00345044 -0.00349463 -0.00350827 -0.00355544 -0.00357531 -0.00361569 -0.00365275 -0.00368254 -0.00373842 -0.00376509 -0.00382755 -0.00386441 -0.00391226 -0.00395921 -0.00397048 -0.00399063 -0.00393803 -0.00385182 -0.00368109 -0.00339126 -0.00300283 -0.00241822 -0.00165982 -0.000645046 0.000706322 0.00241708 0.00462725 0.00733538 0.0105755 0.0143841 0.0186764 0.0234761 0.0286905 0.0341595 0.0397711 0.0452648 0.0504529 0.055168 0.0591059 0.0620579 0.0638099 0.06416 0.0630924 0.0605525 0.0565016 0.0510686 0.0443477 0.0364528 0.0276119 0.0180222 0.00790657 -0.00248152 -0.0129948 -0.0234608 -0.0336174 -0.0433047 -0.0524544 -0.0609509 -0.068679 -0.0755813 -0.0816084 -0.0867041 -0.0908462 -0.0940484 -0.0963041 
0 0.00300521 0.00576264 0.00811346 0.00985511 0.0107411 0.0106547 0.00957693 0.00745018 0.0042214 -7.7189e-05 -0.00535499 -0.011502 -0.0183676 -0.0257367 -0.0334107 -0.0412422 -0.0489848 -0.0563185 -0.0630361 -0.0689471 -0.0738215 -0.0775237 -0.0799218 -0.0809131 -0.0805462 -0.0788398 -0.0758661 -0.0718725 -0.0670399 -0.0615799 -0.0557575 -0.0497224 -0.0437271 -0.0379956 -0.0326143 -0.0277411 -0.0233978 -0.0195904 -0.0163912 -0.013714 -0.011556 -0.0098546 -0.00848312 -0.00744335 -0.00661437 -0.0059783 -0.00551725 -0.00514349 -0.00490261 -0.00470605 -0.00456619 -0.0044746 -0.00437369 -0.00432438 -0.00424911 -0.0042007 -0.00415211 -0.00409163 -0.0040624 -0.00399858 -0.00397333 -0.00392101 -0.00388727 -0.00385422 -0.00380959 -0.00379272 -0.00374376 -0.00373333 -0.00368957 -0.00367576 -0.00364404 -0.00362151 -0.00360351 -0.00357227 -0.00356523 -0.00352899 -0.00352794 -0.0034917 -0.00349168 -0.00345979 -0.00345718 -0.00343238 -0.00342539 -0.00340868 -0.00339702 -0.00338811 -0.00337252 -0.00337035 -0.00335199 -0.00335526 -0.00333537 -0.00334281 -0.00332245 -0.00333306 -0.00331301 -0.00332604 -0.00330684 -0.00332181 -0.00330379 -0.0033204 -0.00330379 -0.00332181 -0.00330684 -0.00332604 -0.00331301 -0.00333306 -0.00332245 -0.00334281 -0.00333537 -0.00335526 -0.00335199 -0.00337035 -0.00337252 -0.00338811 -0.00339702 -0.00340868 -0.00342539 -0.00343238 -0.00345718 -0.00345979 -0.00349168 -0.0034917 -0.00352794 -0.00352899 -0.00356523 -0.00357227 -0.00360351 -0.00362151 -0.00364404 -0.00367576 -0.00368957 -0.00373333 -0.00374376 -0.00379272 -0.00380959 -0.00385422 -0.00388727 -0.003921 -0.0039733 -0.00399847 -0.0040621 -0.00409085 -0.00415014 -0.00419598 -0.00423828 -0.00430066 -0.00432406 -0.00437548 -0.00437731 -0.00436268 -0.0043068 -0.00415552 -0.00394844 -0.00358511 -0.0030916 -0.00241247 -0.00147235 -0.000272042 0.00133464 0.00337203 0.00590677 0.0090168 0.0126413 0.0168337 0.0215461 0.0266943 0.0322387 0.0379513 0.043653 0.0491672 0.0542277 0.0586788 0.062279 0.0647594 0.0660094 0.0658833 0.0642945 0.0612746 0.0568262 0.0510638 0.0441628 0.0361923 0.0272968 0.017721 0.00764877 -0.00274754 -0.0132826 -0.0238066 -0.0341699 -0.044218 -0.0538119 -0.0628314 -0.0711893 -0.0787881 -0.0855011 -0.091261 -0.0960467 -0.0997818 -0.102388 
0 0.00193871 0.00369652 0.00509062 0.00591831 0.00601964 0.00532305 0.00377238 0.00129975 -0.0021098 -0.00640421 -0.011502 -0.0173125 -0.0237245 -0.0305928 -0.0377623 -0.0450595 -0.0522647 -0.0591662 -0.0655721 -0.0712876 -0.076163 -0.0800211 -0.0826461 -0.0839688 -0.0839848 -0.0826689 -0.0801257 -0.0764848 -0.0718921 -0.0666121 -0.0608189 -0.0546983 -0.0485272 -0.0424679 -0.0367285 -0.0314633 -0.0266844 -0.0224947 -0.018885 -0.0158323 -0.0133649 -0.0113536 -0.00977107 -0.00853657 -0.00754233 -0.00680547 -0.00621498 -0.00578034 -0.00547092 -0.00521825 -0.00506825 -0.00492691 -0.00483534 -0.0047614 -0.00467882 -0.0046369 -0.00455934 -0.00452009 -0.00445983 -0.00440788 -0.00436995 -0.0043073 -0.00428384 -0.00422306 -0.00420062 -0.00415398 -0.00412288 -0.00409504 -0.00405372 -0.00404099 -0.0039946 -0.00398869 -0.00394488 -0.00393747 -0.00390252 -0.0038883 -0.00386519 -0.00384266 -0.00383112 -0.00380172 -0.00379933 -0.00376609 -0.00376959 -0.00373576 -0.00374211 -0.0037104 -0.00371733 -0.00368949 -0.00369564 -0.00367253 -0.00367736 -0.00365912 -0.00366267 -0.00364894 -0.00365165 -0.00364179 -0.00364431 -0.00363754 -0.00364065 -0.00363613 -0.00364065 -0.00363754 -0.00364431 -0.00364179 -0.00365165 -0.00364894 -0.00366267 -0.00365912 -0.00367736 -0.00367253 -0.00369564 -0.00368949 -0.00371733 -0.0037104 -0.00374211 -0.00373576 -0.00376959 -0.00376609 -0.00379933 -0.00380172 -0.00383112 -0.00384266 -0.00386519 -0.0038883 -0.00390252 -0.00393747 -0.00394488 -0.00398869 -0.0039946 -0.00404099 -0.00405372 -0.00409504 -0.00412288 -0.00415398 -0.00420062 -0.00422306 -0.00428383 -0.00430727 -0.00436988 -0.00440768 -0.00445928 -0.00451869 -0.00455594 -0.00462898 -0.00466116 -0.00472381 -0.00475894 -0.00477872 -0.00479394 -0.00473356 -0.00465273 -0.00445863 -0.00416625 -0.00374637 -0.00312023 -0.00231298 -0.00119689 0.000257771 0.00212366 0.00451718 0.00741424 0.0108929 0.0149296 0.0194774 0.02456 0.0300352 0.0357904 0.0416556 0.047359 0.0527469 0.0575905 0.0616397 0.0647315 0.0666475 0.0672747 0.0665818 0.0644713 0.0609574 0.0561473 0.0501357 0.0430684 0.035075 0.0262659 0.0168279 0.00693433 -0.0032967 -0.0137152 -0.0241669 -0.0345574 -0.0447895 -0.0546865 -0.0640692 -0.0728598 -0.0809853 -0.0882806 -0.0946125 -0.0999194 -0.104086 -0.107 
0 0.000706773 0.00125876 0.00147212 0.00123246 0.000486356 -0.000878761 -0.0029727 -0.00578996 -0.009306 -0.0135246 -0.0183676 -0.0237245 -0.0295595 -0.0358073 -0.0423028 -0.0488841 -0.055429 -0.0617873 -0.0677715 -0.0732207 -0.077987 -0.0818689 -0.0846867 -0.0863367 -0.0867448 -0.0859139 -0.083879 -0.0806671 -0.0764406 -0.0714 -0.0657125 -0.0596269 -0.0533423 -0.0470625 -0.0410447 -0.0353997 -0.0302439 -0.0256576 -0.0216181 -0.0181939 -0.0153436 -0.0130123 -0.0111823 -0.00971114 -0.00857524 -0.00769495 -0.00699494 -0.0064931 -0.00608694 -0.0058027 -0.00559187 -0.0054162 -0.0053108 -0.00519276 -0.00512318 -0.00504759 -0.00497849 -0.00493447 -0.00486184 -0.00483106 -0.00476626 -0.00473024 -0.00468319 -0.00463356 -0.00460429 -0.00454504 -0.00452517 -0.00446711 -0.00444622 -0.00439954 -0.00437081 -0.00434034 -0.00430264 -0.00428722 -0.00424401 -0.00423859 -0.0041953 -0.00419375 -0.00415546 -0.00415268 -0.00412273 -0.00411565 -0.00409537 -0.00408293 -0.00407201 -0.00405461 -0.00405178 -0.00403066 -0.00403429 -0.00401091 -0.00401941 -0.00399513 -0.00400724 -0.0039831 -0.00399793 -0.00397465 -0.00399162 -0.00396963 -0.00398843 -0.00396797 -0.00398843 -0.00396963 -0.00399162 -0.00397465 -0.00399793 -0.0039831 -0.00400724 -0.00399513 -0.00401941 -0.00401091 -0.00403429 -0.00403066 -0.00405178 -0.00405461 -0.00407201 -0.00408293 -0.00409537 -0.00411565 -0.00412273 -0.00415268 -0.00415546 -0.00419375 -0.0041953 -0.00423859 -0.00424401 -0.00428722 -0.00430264 -0.00434034 -0.00437081 -0.00439954 -0.00444622 -0.00446711 -0.00452517 -0.00454504 -0.00460428 -0.00463356 -0.00468317 -0.00473019 -0.00476612 -0.00483068 -0.00486086 -0.00493205 -0.00497276 -0.00503461 -0.00509509 -0.00513465 -0.00519602 -0.0051998 -0.0052024 -0.00513311 -0.00498591 -0.00475755 -0.00436359 -0.00384041 -0.00309049 -0.0020879 -0.000783822 0.000949008 0.00312086 0.0058398 0.00912546 0.0129553 0.017374 0.022298 0.027689 0.0334464 0.0393449 0.0452202 0.0508336 0.0559582 0.0604231 0.063972 0.066427 0.0676924 0.0676676 0.0663293 0.0636629 0.0596779 0.0545038 0.0482801 0.0411126 0.0331429 0.0245196 0.0153503 0.00572325 -0.00424228 -0.0144104 -0.0246799 -0.0349593 -0.0451409 -0.0551105 -0.0647175 -0.0737964 -0.0822299 -0.0899007 -0.0966446 -0.102307 -0.106774 -0.109952 
0 -0.000704126 -0.00151771 -0.00257547 -0.00393875 -0.00564314 -0.00779348 -0.0104431 -0.0135567 -0.0171504 -0.0212383 -0.0257367 -0.0305928 -0.0358073 -0.0413078 -0.0469868 -0.052764 -0.0585519 -0.064255 -0.0697453 -0.0748434 -0.0793825 -0.0832174 -0.0861812 -0.0881169 -0.0889385 -0.0886108 -0.0870952 -0.0844032 -0.080628 -0.075908 -0.070455 -0.064482 -0.058172 -0.0517752 -0.0455036 -0.0395304 -0.0340238 -0.029028 -0.0246022 -0.0207866 -0.017544 -0.0148934 -0.0127511 -0.0110403 -0.00971528 -0.00865449 -0.00784897 -0.00722667 -0.00674465 -0.00640778 -0.00613172 -0.00594856 -0.00579884 -0.00567706 -0.00559498 -0.00549602 -0.00543863 -0.00535929 -0.00530064 -0.00524452 -0.00517735 -0.00513964 -0.00507092 -0.00503951 -0.00498065 -0.0049443 -0.00490234 -0.00485668 -0.00483092 -0.00477897 -0.00476292 -0.00471167 -0.00469725 -0.00465358 -0.00463465 -0.00460264 -0.00457659 -0.00455693 -0.0045244 -0.00451515 -0.00447874 -0.00447675 -0.00443969 -0.00444167 -0.00440682 -0.00441017 -0.00437953 -0.00438256 -0.00435717 -0.00435907 -0.00433921 -0.00433987 -0.00432523 -0.00432498 -0.00431493 -0.0043144 -0.00430816 -0.00430807 -0.00430479 -0.00430597 -0.00430479 -0.00430807 -0.00430816 -0.0043144 -0.00431493 -0.00432498 -0.00432523 -0.00433987 -0.00433921 -0.00435907 -0.00435717 -0.00438256 -0.00437953 -0.00441017 -0.00440682 -0.00444167 -0.00443969 -0.00447675 -0.00447874 -0.00451515 -0.0045244 -0.00455693 -0.00457659 -0.00460264 -0.00463465 -0.00465358 -0.00469725 -0.00471167 -0.00476292 -0.00477897 -0.00483092 -0.00485668 -0.00490234 -0.0049443 -0.00498065 -0.0050395 -0.00507089 -0.00513955 -0.0051771 -0.00524385 -0.00529894 -0.00535521 -0.00542922 -0.0054753 -0.00555135 -0.00558931 -0.00563032 -0.00563953 -0.00559043 -0.00550128 -0.00529052 -0.00498603 -0.00451926 -0.00385864 -0.0029834 -0.00178402 -0.000237776 0.0017664 0.00429365 0.00735923 0.0110235 0.01524 0.0200014 0.0252736 0.0309271 0.0368424 0.0427992 0.0485668 0.0539591 0.0587382 0.0626933 0.0656337 0.0673941 0.0679184 0.0671841 0.0651671 0.0618985 0.0574657 0.0519828 0.0455705 0.0383586 0.0304828 0.0220731 0.0132213 0.00395866 -0.00564886 -0.0154654 -0.0254149 -0.0354462 -0.0454198 -0.0552292 -0.0648211 -0.0740139 -0.0825686 -0.090358 -0.097265 -0.103106 -0.107743 -0.111082 
0 -0.00223813 -0.00450242 -0.00687143 -0.00941094 -0.01215 -0.0151126 -0.0183113 -0.0217513 -0.0254248 -0.0293061 -0.0334107 -0.0377623 -0.0423028 -0.0469868 -0.051822 -0.0567478 -0.0617021 -0.0666814 -0.0715816 -0.0762248 -0.080485 -0.0842185 -0.0872565 -0.0894532 -0.090665 -0.0908001 -0.0898196 -0.0876857 -0.0844182 -0.0801344 -0.0750055 -0.0692245 -0.0630007 -0.0565489 -0.0500901 -0.0438521 -0.0379968 -0.0326284 -0.0278254 -0.0236035 -0.0199883 -0.0169743 -0.014501 -0.0125303 -0.0109624 -0.00972757 -0.00877531 -0.00802383 -0.00746648 -0.00704003 -0.0067224 -0.00649835 -0.00631234 -0.00618744 -0.00607014 -0.00597734 -0.00589787 -0.00581086 -0.00575115 -0.00567041 -0.00561641 -0.0055503 -0.00549345 -0.00544553 -0.00538501 -0.00535091 -0.00529193 -0.00526295 -0.00521214 -0.00518053 -0.00514195 -0.00510415 -0.0050778 -0.00503476 -0.00501743 -0.0049729 -0.00496005 -0.00491843 -0.004906 -0.00487078 -0.00485609 -0.00482915 -0.00481112 -0.00479282 -0.00477165 -0.00476125 -0.00473786 -0.0047341 -0.00470968 -0.00471119 -0.00468687 -0.00469246 -0.00466911 -0.00467788 -0.00465609 -0.00466745 -0.00464755 -0.00466119 -0.00464333 -0.0046591 -0.00464333 -0.00466119 -0.00464755 -0.00466745 -0.00465609 -0.00467788 -0.00466911 -0.00469246 -0.00468687 -0.00471119 -0.00470968 -0.0047341 -0.00473786 -0.00476125 -0.00477165 -0.00479282 -0.00481112 -0.00482915 -0.00485609 -0.00487078 -0.004906 -0.00491843 -0.00496005 -0.0049729 -0.00501743 -0.00503476 -0.0050778 -0.00510415 -0.00514195 -0.00518053 -0.00521214 -0.00526295 -0.00529193 -0.0053509 -0.005385 -0.00544551 -0.00549339 -0.00555013 -0.00561595 -0.00566923 -0.00574828 -0.00580413 -0.00588279 -0.00594502 -0.00600394 -0.00605793 -0.0060703 -0.00606628 -0.00598512 -0.0058357 -0.00557884 -0.00517514 -0.00461723 -0.00382627 -0.0027756 -0.00138042 0.000445209 0.0027546 0.00563099 0.00908058 0.0131072 0.0177011 0.0228019 0.0283492 0.0342063 0.040179 0.0460627 0.0516335 0.0566814 0.0609985 0.0643638 0.0665968 0.0676057 0.0673555 0.0658439 0.0631189 0.0592576 0.0543824 0.048638 0.0421042 0.0348831 0.0271411 0.0189705 0.0104223 0.00157162 -0.00755055 -0.0169086 -0.0264268 -0.0360505 -0.0456872 -0.0552027 -0.0645124 -0.0734937 -0.0819328 -0.0896488 -0.0964944 -0.102298 -0.10693 -0.110288 
0 -0.00376255 -0.0075154 -0.011254 -0.0149955 -0.0187553 -0.0225206 -0.026286 -0.0300518 -0.0337826 -0.0374852 -0.0412422 -0.0450595 -0.0488841 -0.052764 -0.0567478 -0.0608061 -0.0649507 -0.0691761 -0.073394 -0.0775225 -0.081434 -0.0849704 -0.0880313 -0.0904447 -0.092001 -0.0925995 -0.0921433 -0.0905533 -0.0878397 -0.0840415 -0.0792961 -0.0738089 -0.0677546 -0.0613453 -0.0548082 -0.0483551 -0.0421971 -0.0364747 -0.031273 -0.0266535 -0.0226403 -0.01924 -0.0164339 -0.0141633 -0.0123536 -0.0109285 -0.00980637 -0.00893358 -0.00826088 -0.0077435 -0.00736037 -0.00706799 -0.00685228 -0.00668882 -0.00655496 -0.00645427 -0.00635776 -0.00628089 -0.00620498 -0.00613352 -0.00607144 -0.00600087 -0.00594666 -0.00588005 -0.00582791 -0.00576993 -0.00571658 -0.00566949 -0.00561531 -0.00557782 -0.00552587 -0.00549443 -0.00544841 -0.00541918 -0.00538167 -0.00535202 -0.00532373 -0.00529275 -0.00527272 -0.00524096 -0.00522725 -0.00519601 -0.00518648 -0.00515723 -0.00515003 -0.00512398 -0.00511784 -0.00509576 -0.00509 -0.00507219 -0.00506663 -0.00505306 -0.00504785 -0.00503824 -0.00503371 -0.00502767 -0.00502428 -0.00502133 -0.00501956 -0.00501921 -0.00501956 -0.00502133 -0.00502428 -0.00502767 -0.00503371 -0.00503824 -0.00504785 -0.00505306 -0.00506663 -0.00507219 -0.00509 -0.00509576 -0.00511784 -0.00512398 -0.00515003 -0.00515723 -0.00518648 -0.00519601 -0.00522725 -0.00524096 -0.00527272 -0.00529275 -0.00532373 -0.00535202 -0.00538167 -0.00541918 -0.00544841 -0.00549443 -0.00552587 -0.00557782 -0.00561531 -0.00566949 -0.00571658 -0.00576993 -0.0058279 -0.00588001 -0.00594655 -0.00600057 -0.00607064 -0.00613153 -0.00620023 -0.00627007 -0.00633415 -0.00640501 -0.00645675 -0.00650176 -0.00651186 -0.00647588 -0.00637489 -0.00617112 -0.00584871 -0.00536131 -0.00467413 -0.00373735 -0.00247954 -0.000832287 0.00128691 0.00394359 0.00717182 0.0109855 0.0153709 0.0202899 0.0256909 0.0314603 0.0374259 0.0433869 0.0491041 0.0543689 0.0589797 0.0627006 0.0653573 0.0668163 0.0670084 0.0659642 0.0636943 0.0602646 0.055845 0.0505611 0.0445365 0.0379004 0.0307269 0.0231392 0.0152436 0.00704912 -0.00137836 -0.0099708 -0.0187709 -0.0277644 -0.0368469 -0.0459528 -0.0550002 -0.0638388 -0.0723274 -0.0803475 -0.0877497 -0.0943345 -0.0999059 -0.104341 -0.107548 
0 -0.00521517 -0.0104137 -0.0155009 -0.0204259 -0.025193 -0.0297485 -0.0340387 -0.0380884 -0.0419224 -0.0455459 -0.0489848 -0.0522647 -0.055429 -0.0585519 -0.0617021 -0.0649507 -0.06832 -0.0717652 -0.0752892 -0.0788646 -0.082347 -0.0856458 -0.0886672 -0.0911967 -0.093056 -0.0940776 -0.0940931 -0.0930567 -0.0909113 -0.0876336 -0.0833604 -0.0782261 -0.0724095 -0.0661371 -0.0595806 -0.0529878 -0.0465868 -0.0405279 -0.0349654 -0.0299535 -0.0255356 -0.0217524 -0.0185712 -0.0159757 -0.0138915 -0.0122316 -0.0109335 -0.00990899 -0.00911775 -0.00851013 -0.00804507 -0.00770125 -0.00743755 -0.00724069 -0.00708603 -0.00695919 -0.00685464 -0.00675931 -0.00667525 -0.00659609 -0.00652144 -0.00645209 -0.00638447 -0.00632143 -0.00626084 -0.00620235 -0.00614837 -0.00609422 -0.0060455 -0.00599637 -0.00595139 -0.00590791 -0.00586568 -0.00582786 -0.00578823 -0.00575542 -0.00571888 -0.00569003 -0.00565727 -0.00563138 -0.00560296 -0.00557927 -0.00555543 -0.00553353 -0.00551419 -0.00549397 -0.00547881 -0.00546036 -0.00544898 -0.00543246 -0.00542442 -0.00541001 -0.00540496 -0.00539279 -0.00539046 -0.00538063 -0.00538085 -0.00537338 -0.00537605 -0.00537097 -0.00537605 -0.00537338 -0.00538085 -0.00538063 -0.00539046 -0.00539279 -0.00540496 -0.00541001 -0.00542442 -0.00543246 -0.00544898 -0.00546036 -0.00547881 -0.00549397 -0.00551419 -0.00553353 -0.00555543 -0.00557927 -0.00560296 -0.00563138 -0.00565727 -0.00569003 -0.00571888 -0.00575542 -0.00578823 -0.00582786 -0.00586568 -0.00590791 -0.00595139 -0.00599637 -0.0060455 -0.00609422 -0.00614836 -0.00620234 -0.00626082 -0.00632136 -0.00638426 -0.00645155 -0.00652008 -0.00659279 -0.00666759 -0.0067423 -0.00681848 -0.00688573 -0.0069434 -0.00697604 -0.00696817 -0.00690491 -0.00675075 -0.00648986 -0.00607883 -0.00548392 -0.00466389 -0.00354445 -0.00207272 -0.000151996 0.00228424 0.0052789 0.00887531 0.0130404 0.0177664 0.0230032 0.0286422 0.0345704 0.0405583 0.0463848 0.0518458 0.0566903 0.0607395 0.0637818 0.0656342 0.0662643 0.0656338 0.0637651 0.0607553 0.0566781 0.051716 0.0460567 0.0397788 0.0330255 0.0259373 0.0185569 0.0109475 0.00315831 -0.00479321 -0.0128661 -0.0210675 -0.0294119 -0.0378255 -0.0462332 -0.0545754 -0.0627296 -0.0705574 -0.0779398 -0.0847338 -0.090782 -0.0959295 -0.10002 -0.10294 
