0 0 0 0 0 0 0 0 0 0 0 0 0 0 0 0 0 0 0 0 0 0 0 0 0 0 0 0 0 0 0 0 0 0 0 0 0 0 0 0 0 0 0 0 0 0 0 0 0 0 0 0 0 0 0 0 0 0 0 0 0 0 0 0 0 0 0 0 0 0 0 0 0 0 0 0 0 0 0 0 0 0 0 0 0 0 0 0 0 0 0 0 0 0 0 0 0 0 0 0 0 0 0 0 0 0 0 0 0 0 0 0 0 0 0 0 0 0 0 0 0 0 0 0 0 0 0 0 0 0 0 0 0 0 0 0 0 0 0 0 0 0 0 0 0 0 0 0 0 0 0 0 0 0 0 0 0 0 0 0 0 0 0 0 0 0 0 0 0 0 0 0 0 0 0 0 0 0 0 0 0 0 0 0 0 0 0 0 0 0 0 0 0 0 0 0 0 0 0 0 
0 9.96011e-05 0.000317431 0.000503682 0.000633056 0.000855824 0.0011139 0.00132878 0.00162985 0.00201206 0.00236417 0.00277465 0.0032687 0.00372441 0.00418324 0.00468131 0.00511667 0.00547184 0.00571804 0.00579349 0.00572 0.00542047 0.0048411 0.00408101 0.00310652 0.00188331 0.000510485 -0.000974274 -0.0024805 -0.00393214 -0.00533118 -0.00654398 -0.00749729 -0.00819694 -0.00860317 -0.00877026 -0.00868411 -0.0083308 -0.00780261 -0.00712413 -0.00638373 -0.00562686 -0.00484165 -0.00409471 -0.00337694 -0.00273792 -0.00220665 -0.00175599 -0.00141628 -0.00113167 -0.000909728 -0.000736879 -0.000587514 -0.000490375 -0.000401914 -0.00035133 -0.000311789 -0.00028262 -0.000272774 -0.000252254 -0.000253848 -0.00024061 -0.000241883 -0.000237769 -0.00023419 -0.000238439 -0.00023086 -0.000239504 -0.000231285 -0.000239395 -0.000233793 -0.000237766 -0.000236447 -0.000235 -0.000237813 -0.000231719 -0.000237273 -0.000228451 -0.000234936 -0.000225521 -0.000231338 -0.000223053 -0.000227146 -0.000221047 -0.000222945 -0.000219444 -0.000219141 -0.000218169 -0.000215948 -0.000217161 -0.00021343 -0.000216372 -0.000211552 -0.000215769 -0.000210229 -0.000215331 -0.000209366 -0.000215046 -0.000208885 -0.000214905 -0.00020873 -0.000214905 -0.000208885 -0.000215046 -0.000209366 -0.000215331 -0.000210229 -0.000215769 -0.000211552 -0.000216372 -0.00021343 -0.000217161 -0.000215948 -0.000218169 -0.000219141 -0.000219444 -0.000222945 -0.000221047 -0.000227146 -0.000223053 -0.000231338 -0.000225521 -0.000234936 -0.000228451 -0.000237273 -0.000231719 -0.000237813 -0.000235 -0.000236447 -0.000237766 -0.000233792 -0.000239394 -0.000231281 -0.000239493 -0.00023083 -0.000238357 -0.000233971 -0.000237211 -0.00024053 -0.000237474 -0.00024691 -0.000237623 -0.00024339 -0.00022647 -0.000209771 -0.000175171 -0.000112773 -3.8731e-05 8.56044e-05 0.00022467 0.000415815 0.00064719 0.000928826 0.00130206 0.00174644 0.00231273 0.00296328 0.00368331 0.0044624 0.00523973 0.00604541 0.00682191 0.00752433 0.00810251 0.00844233 0.00855621 0.00841424 0.00799468 0.00731475 0.00631483 0.00507636 0.0036895 0.00217234 0.000615971 -0.000955878 -0.00245758 -0.00375294 -0.00488103 -0.00581579 -0.0064796 -0.00691057 -0.00710601 -0.00711293 -0.00700127 -0.00671344 -0.00631985 -0.00593479 -0.00547707 -0.00497581 -0.00455636 -0.00415466 -0.00375579 -0.00345358 -0.00318499 -0.00289778 -0.00269197 -0.00257043 -0.0024427 -0.00232872 -0.00227573 
0 0.000317431 0.0006369 0.000951114 0.00131208 0.00175051 0.00221535 0.002723 0.00334026 0.00403004 0.00476302 0.00559695 0.00651967 0.00746505 0.00841491 0.0093387 0.0101796 0.010862 0.0112969 0.011459 0.0112912 0.0106605 0.00955395 0.00801786 0.0060325 0.00363359 0.000907442 -0.00201371 -0.00495787 -0.00784492 -0.0105661 -0.0129399 -0.0148572 -0.0162389 -0.0170831 -0.0174254 -0.0172392 -0.0165754 -0.0155215 -0.0141908 -0.0127333 -0.0112058 -0.00967242 -0.00818344 -0.00677428 -0.00552745 -0.00445479 -0.00357568 -0.0028727 -0.00229863 -0.00184886 -0.00147683 -0.00118856 -0.000967366 -0.00079916 -0.000690917 -0.000608443 -0.000566042 -0.000534299 -0.00051806 -0.000510842 -0.000500324 -0.000501862 -0.000491865 -0.000493506 -0.000485336 -0.000483134 -0.000478648 -0.00047213 -0.000471518 -0.000462436 -0.000464339 -0.000455226 -0.000457703 -0.000450698 -0.000452115 -0.000448361 -0.000447832 -0.000447448 -0.000444848 -0.000447224 -0.000442958 -0.000447153 -0.000441869 -0.000446931 -0.000441286 -0.000446453 -0.000440972 -0.000445743 -0.00044077 -0.000444891 -0.000440597 -0.000444011 -0.000440428 -0.00044321 -0.000440268 -0.000442577 -0.000440142 -0.000442172 -0.000440072 -0.000442033 -0.000440072 -0.000442172 -0.000440142 -0.000442577 -0.000440268 -0.00044321 -0.000440428 -0.000444011 -0.000440597 -0.000444891 -0.00044077 -0.000445743 -0.000440972 -0.000446453 -0.000441286 -0.000446931 -0.000441869 -0.000447153 -0.000442958 -0.000447224 -0.000444848 -0.000447448 -0.000447832 -0.000448361 -0.000452115 -0.000450698 -0.000457703 -0.000455226 -0.000464339 -0.000462436 -0.000471515 -0.000472122 -0.000478622 -0.00048306 -0.000485136 -0.000492984 -0.000490562 -0.000498752 -0.000493228 -0.000495386 -0.000485947 -0.000470707 -0.000446119 -0.000393206 -0.000323335 -0.000201581 -4.12743e-05 0.000183463 0.000475492 0.000837258 0.0013041 0.00187642 0.00261308 0.00353033 0.00464491 0.00595468 0.00739153 0.00892813 0.0104984 0.0120684 0.013596 0.0149577 0.016049 0.0167322 0.0169364 0.0166567 0.015837 0.0144619 0.0125243 0.0100899 0.00733045 0.00434633 0.00123963 -0.00184512 -0.00476789 -0.0073637 -0.00957625 -0.0114052 -0.0127628 -0.0136303 -0.0140743 -0.0141411 -0.0138863 -0.013354 -0.0126209 -0.0118089 -0.0109394 -0.010019 -0.00915164 -0.00836079 -0.00759815 -0.00691616 -0.0063634 -0.00589319 -0.0054836 -0.00515363 -0.00489684 -0.00470651 -0.00458471 
0 0.000503682 0.000951114 0.00145916 0.00206517 0.00268297 0.00336626 0.00419878 0.00511155 0.00610574 0.00726001 0.00850988 0.00981645 0.0112208 0.012622 0.0139317 0.0151394 0.0160971 0.016692 0.0168922 0.0165383 0.0155481 0.0139296 0.0116129 0.0086534 0.00514416 0.0011434 -0.0031167 -0.00744921 -0.0117148 -0.015661 -0.019132 -0.0219585 -0.0239978 -0.0252835 -0.0257795 -0.0255156 -0.0245909 -0.0230712 -0.0211723 -0.019036 -0.0167728 -0.0145185 -0.0122962 -0.0102273 -0.00837121 -0.00675929 -0.00544628 -0.00435892 -0.00350161 -0.00281108 -0.00225027 -0.00182663 -0.00147849 -0.00124032 -0.00105805 -0.000937179 -0.000864816 -0.000804919 -0.000786324 -0.00075555 -0.000752142 -0.000738578 -0.000732261 -0.000731079 -0.000718285 -0.000724258 -0.000708706 -0.000715661 -0.000702659 -0.000705619 -0.000698708 -0.000695432 -0.000695331 -0.000686331 -0.000691474 -0.000678998 -0.000686743 -0.000673538 -0.000681271 -0.000669657 -0.000675463 -0.00066691 -0.000669774 -0.000664869 -0.000664564 -0.000663225 -0.000660053 -0.000661796 -0.000656328 -0.00066051 -0.000653383 -0.000659369 -0.000651158 -0.000658409 -0.000649577 -0.000657679 -0.000648568 -0.000657222 -0.000648077 -0.000657067 -0.000648077 -0.000657222 -0.000648568 -0.000657679 -0.000649577 -0.000658409 -0.000651158 -0.000659369 -0.000653383 -0.00066051 -0.000656328 -0.000661796 -0.000660053 -0.000663225 -0.000664564 -0.000664869 -0.000669774 -0.00066691 -0.000675463 -0.000669657 -0.000681271 -0.000673538 -0.000686743 -0.000678998 -0.000691474 -0.000686331 -0.000695331 -0.000695432 -0.000698708 -0.000705617 -0.000702653 -0.000715642 -0.000708652 -0.000724108 -0.000717888 -0.000730068 -0.000729797 -0.000732831 -0.000739327 -0.000728251 -0.000730812 -0.000697245 -0.00066571 -0.000586308 -0.000468716 -0.000296086 -3.26602e-05 0.000296008 0.00075216 0.00130708 0.00201596 0.00291096 0.00401433 0.00540922 0.00705911 0.00898543 0.0111158 0.0133659 0.0157086 0.0180171 0.0202388 0.0222161 0.0237566 0.0247531 0.0250399 0.0245883 0.0233587 0.0212824 0.0184486 0.0149207 0.0108654 0.00650491 0.00195437 -0.00254773 -0.00679142 -0.0106548 -0.0139513 -0.0166321 -0.0186773 -0.0200117 -0.0207279 -0.0208988 -0.0205501 -0.0198452 -0.0188698 -0.0176672 -0.0163994 -0.0151161 -0.013815 -0.0126161 -0.0115374 -0.0105255 -0.00965875 -0.00896334 -0.00834972 -0.00782512 -0.00744534 -0.00717171 -0.00696146 
0 0.000633056 0.00131208 0.00206517 0.00285062 0.00367664 0.00464782 0.0057649 0.00696471 0.00831755 0.00986114 0.0114973 0.0132058 0.0149973 0.0167764 0.0184533 0.0199306 0.0210798 0.0218039 0.021934 0.021326 0.0199763 0.0177991 0.0147257 0.0108586 0.00628053 0.00113966 -0.00433948 -0.00997662 -0.0154688 -0.0205403 -0.0250163 -0.0286602 -0.0313633 -0.0330659 -0.0337186 -0.0334319 -0.0322745 -0.0303921 -0.0279998 -0.0252329 -0.0223087 -0.019346 -0.0164472 -0.0137536 -0.011297 -0.00917963 -0.00739972 -0.00593203 -0.0047705 -0.00381766 -0.00307971 -0.00248942 -0.00203262 -0.00170353 -0.00144618 -0.00128897 -0.00116505 -0.0010961 -0.00104907 -0.00101291 -0.00100291 -0.000977242 -0.000979836 -0.000961883 -0.000963439 -0.000955285 -0.00095006 -0.000951391 -0.000939468 -0.000946679 -0.00093149 -0.000939632 -0.000925401 -0.000930317 -0.000920227 -0.000919689 -0.000915147 -0.000908925 -0.000909708 -0.000898979 -0.000903842 -0.000890416 -0.00089774 -0.00088343 -0.000891711 -0.000877956 -0.000886062 -0.000873794 -0.000881035 -0.000870703 -0.000876782 -0.000868457 -0.00087338 -0.000866877 -0.000870847 -0.000865832 -0.000869175 -0.000865236 -0.000868346 -0.000865042 -0.000868346 -0.000865236 -0.000869175 -0.000865832 -0.000870847 -0.000866877 -0.00087338 -0.000868457 -0.000876782 -0.000870703 -0.000881035 -0.000873794 -0.000886062 -0.000877956 -0.000891711 -0.00088343 -0.00089774 -0.000890416 -0.000903842 -0.000898979 -0.000909708 -0.000908925 -0.000915147 -0.000919689 -0.000920227 -0.000930317 -0.000925401 -0.000939632 -0.000931488 -0.000946674 -0.000939455 -0.000951353 -0.000949954 -0.000954998 -0.000962699 -0.000960049 -0.000975484 -0.000967361 -0.000981448 -0.000968364 -0.000960767 -0.000928987 -0.00086326 -0.000768816 -0.000590086 -0.000356143 2.41923e-07 0.000461783 0.00106382 0.00184284 0.00280019 0.00403086 0.00553474 0.0073845 0.00958202 0.0120801 0.0148657 0.0178076 0.0208528 0.0238728 0.0266987 0.0291985 0.0311285 0.0323476 0.0327064 0.032058 0.0303947 0.0276755 0.0239867 0.0194802 0.0142698 0.00862358 0.00279145 -0.00299655 -0.00846804 -0.0134751 -0.0178265 -0.0213405 -0.0240319 -0.0258961 -0.0269341 -0.0272478 -0.0269279 -0.0261219 -0.0249634 -0.0234938 -0.0218669 -0.0202379 -0.018594 -0.0169968 -0.0155789 -0.0143133 -0.0131462 -0.0121372 -0.011323 -0.0106648 -0.0101322 -0.00972768 -0.00945411 
0 0.000855824 0.00175051 0.00268297 0.00367664 0.0047999 0.00606595 0.00744582 0.00897718 0.0106937 0.0125595 0.0145595 0.0166642 0.0187949 0.0208993 0.0228541 0.024486 0.0257387 0.0264715 0.0264353 0.0255682 0.0238171 0.0210432 0.0172597 0.0125226 0.00695863 0.00081445 -0.00576478 -0.0125169 -0.0190527 -0.0251297 -0.0304721 -0.0348714 -0.0382118 -0.0403048 -0.0411699 -0.0408948 -0.0395671 -0.0374203 -0.0345866 -0.0312855 -0.0277598 -0.0241396 -0.0206455 -0.017352 -0.0143531 -0.0117418 -0.00948536 -0.00764185 -0.00612764 -0.00491165 -0.00396224 -0.00318933 -0.00262231 -0.00217181 -0.00185724 -0.00163789 -0.00147733 -0.00139569 -0.00131823 -0.00129491 -0.00126056 -0.00124805 -0.00123794 -0.00121889 -0.0012219 -0.00119718 -0.00120385 -0.00118089 -0.00118366 -0.00116893 -0.00116389 -0.00115979 -0.00114698 -0.00115201 -0.00113424 -0.00114457 -0.00112568 -0.00113709 -0.00112048 -0.00112962 -0.0011175 -0.00112241 -0.00111571 -0.00111573 -0.00111434 -0.0011098 -0.00111298 -0.00110472 -0.00111149 -0.00110053 -0.00110991 -0.0010972 -0.00110837 -0.00109468 -0.00110704 -0.00109292 -0.00110606 -0.00109189 -0.00110555 -0.00109154 -0.00110555 -0.00109189 -0.00110606 -0.00109292 -0.00110704 -0.00109468 -0.00110837 -0.0010972 -0.00110991 -0.00110053 -0.00111149 -0.00110472 -0.00111298 -0.0011098 -0.00111434 -0.00111573 -0.00111571 -0.00112241 -0.0011175 -0.00112962 -0.00112048 -0.00113709 -0.00112568 -0.00114457 -0.00113424 -0.001152 -0.00114698 -0.00115979 -0.00116388 -0.00116892 -0.00118364 -0.00118082 -0.00120365 -0.00119665 -0.00122057 -0.00121568 -0.00123054 -0.0012317 -0.00122603 -0.00122518 -0.00118369 -0.00114775 -0.00104085 -0.000903551 -0.00067512 -0.00034723 8.64314e-05 0.000695215 0.001447 0.00244276 0.00368252 0.00523794 0.00717566 0.00947663 0.0122067 0.0152747 0.0186552 0.0222665 0.0259426 0.0295853 0.0329359 0.035819 0.0380531 0.039403 0.0397603 0.0389229 0.0368231 0.0335316 0.0290889 0.0236904 0.017493 0.010712 0.00374315 -0.00315521 -0.00973586 -0.0157425 -0.021022 -0.0253611 -0.0286952 -0.0311119 -0.0325675 -0.03311 -0.0329224 -0.0321124 -0.0308207 -0.0291959 -0.0273345 -0.0253977 -0.0234813 -0.0215818 -0.0197994 -0.018223 -0.0168033 -0.0155441 -0.0145095 -0.0136675 -0.0129684 -0.0124397 -0.0121011 
0 0.0011139 0.00221535 0.00336626 0.00464782 0.00606595 0.0075926 0.00927295 0.0111621 0.013218 0.0154054 0.017742 0.0201668 0.0225829 0.0249169 0.0270235 0.0287611 0.0300194 0.030596 0.0303324 0.0291463 0.0268981 0.0235386 0.0190862 0.0135643 0.00717875 0.000136533 -0.00738714 -0.0150336 -0.022474 -0.0293944 -0.0354718 -0.0405522 -0.0444126 -0.0468857 -0.047998 -0.0477716 -0.0463993 -0.0440639 -0.0409004 -0.0371923 -0.0331252 -0.0289543 -0.0248981 -0.0210385 -0.0175394 -0.0144099 -0.011707 -0.00945636 -0.00758188 -0.00610624 -0.00491068 -0.00398272 -0.00327083 -0.00271013 -0.00232494 -0.00201935 -0.00183277 -0.00169466 -0.00160583 -0.00156081 -0.00151029 -0.00150447 -0.00147073 -0.00147195 -0.00145243 -0.00144579 -0.00144067 -0.00142339 -0.00142917 -0.00140549 -0.00141565 -0.00139222 -0.00140015 -0.00138255 -0.00138389 -0.001375 -0.00136832 -0.00136825 -0.00135455 -0.00136147 -0.00134312 -0.00135441 -0.00133409 -0.00134715 -0.00132719 -0.00134001 -0.00132202 -0.00133332 -0.00131817 -0.00132736 -0.00131532 -0.00132234 -0.00131324 -0.00131838 -0.00131177 -0.00131554 -0.00131082 -0.00131383 -0.00131036 -0.00131326 -0.00131036 -0.00131383 -0.00131082 -0.00131554 -0.00131177 -0.00131838 -0.00131324 -0.00132234 -0.00131532 -0.00132736 -0.00131817 -0.00133332 -0.00132202 -0.00134001 -0.00132719 -0.00134715 -0.00133409 -0.00135441 -0.00134312 -0.00136147 -0.00135455 -0.00136825 -0.00136832 -0.001375 -0.00138389 -0.00138255 -0.00140015 -0.00139222 -0.00141564 -0.00140548 -0.00142912 -0.00142325 -0.0014403 -0.00144484 -0.0014501 -0.00146649 -0.00145849 -0.00147819 -0.00145631 -0.0014548 -0.00140688 -0.00133778 -0.0012207 -0.00101466 -0.000743713 -0.000317339 0.000224048 0.000967595 0.00192435 0.00313667 0.00470143 0.00661027 0.00897286 0.0117534 0.0149599 0.0185783 0.0224943 0.0266811 0.0309311 0.035062 0.0388567 0.042031 0.0444521 0.0458795 0.0461287 0.0450711 0.0425673 0.0387234 0.0336445 0.0274621 0.0204338 0.0127759 0.00485334 -0.00297243 -0.0104848 -0.0173887 -0.0234663 -0.028586 -0.0326075 -0.0355515 -0.037462 -0.0383576 -0.038393 -0.0377083 -0.0364232 -0.0347355 -0.0327672 -0.0306086 -0.0284263 -0.0263056 -0.0242521 -0.0223426 -0.0206665 -0.0192144 -0.0179353 -0.0168512 -0.0160166 -0.0153961 -0.0149377 
0 0.00132878 0.002723 0.00419878 0.0057649 0.00744582 0.00927295 0.0112903 0.0135094 0.0158871 0.0183962 0.0210236 0.023701 0.0263158 0.0287543 0.0309196 0.0326725 0.0337874 0.0341038 0.0335433 0.0319341 0.0291532 0.0252189 0.0201253 0.0139531 0.00687833 -0.00093679 -0.00918328 -0.017531 -0.0256905 -0.0332642 -0.0399785 -0.0456097 -0.0498958 -0.0527553 -0.0541164 -0.0540321 -0.0527075 -0.050251 -0.0468987 -0.0428705 -0.0383827 -0.0337683 -0.0291884 -0.0248444 -0.0208492 -0.0172272 -0.0140941 -0.0114013 -0.00918542 -0.00740001 -0.0059574 -0.00485749 -0.00397096 -0.00331774 -0.00281817 -0.00244823 -0.00220677 -0.00201251 -0.00191521 -0.00182359 -0.0017841 -0.00175007 -0.00172228 -0.00171902 -0.00168967 -0.00169874 -0.00167114 -0.00167891 -0.00165977 -0.0016581 -0.00165093 -0.0016377 -0.00164141 -0.00161933 -0.00162972 -0.00160386 -0.00161581 -0.00159134 -0.0016006 -0.00158132 -0.0015853 -0.00157317 -0.00157099 -0.00156632 -0.00155838 -0.00156038 -0.0015478 -0.00155517 -0.00153929 -0.00155061 -0.00153271 -0.00154675 -0.00152783 -0.00154365 -0.00152441 -0.00154138 -0.00152224 -0.00153999 -0.00152119 -0.00153952 -0.00152119 -0.00153999 -0.00152224 -0.00154138 -0.00152441 -0.00154365 -0.00152783 -0.00154675 -0.00153271 -0.00155061 -0.00153929 -0.00155517 -0.0015478 -0.00156038 -0.00155838 -0.00156632 -0.00157099 -0.00157317 -0.0015853 -0.00158132 -0.0016006 -0.00159134 -0.00161581 -0.00160386 -0.00162972 -0.00161933 -0.00164141 -0.00163769 -0.00165091 -0.00165806 -0.00165967 -0.00167865 -0.00167046 -0.00169707 -0.0016857 -0.00170998 -0.00170256 -0.00170887 -0.00170181 -0.00166641 -0.00162817 -0.00151123 -0.00136888 -0.00110573 -0.000751183 -0.000248937 0.000442024 0.00131973 0.00250016 0.00396894 0.00584897 0.00816082 0.0109254 0.0141898 0.0178621 0.0219707 0.0264036 0.0310554 0.0357864 0.0402943 0.0443872 0.0477807 0.0502587 0.0516655 0.05174 0.0503895 0.0475384 0.0432051 0.0375769 0.0307767 0.0230665 0.0147648 0.00613296 -0.00245525 -0.0107001 -0.0183487 -0.0251288 -0.0309291 -0.0356377 -0.0391426 -0.0415217 -0.0428714 -0.0432566 -0.0428115 -0.0416878 -0.0400583 -0.0380756 -0.0358257 -0.0334541 -0.03113 -0.028893 -0.0267546 -0.0248062 -0.0230991 -0.0216058 -0.0203383 -0.0193401 -0.0185833 -0.0180293 
0 0.00162985 0.00334026 0.00511155 0.00696471 0.00897718 0.0111621 0.0135094 0.0160285 0.0186963 0.0214807 0.0243498 0.0272101 0.0299261 0.0323922 0.0345063 0.0360846 0.0369229 0.0369147 0.0359504 0.0338615 0.0305626 0.026051 0.0203789 0.0136568 0.00598744 -0.00239897 -0.0111537 -0.0200074 -0.0286399 -0.0367051 -0.0439215 -0.0499641 -0.0546463 -0.0578614 -0.0595027 -0.0596583 -0.0584219 -0.0559541 -0.0525079 -0.0482546 -0.0435044 -0.0385223 -0.0335259 -0.0287617 -0.0242895 -0.020238 -0.0166505 -0.0135347 -0.0109544 -0.00881549 -0.00712711 -0.0057913 -0.00474215 -0.0039612 -0.00334082 -0.00291546 -0.00258792 -0.0023726 -0.0022312 -0.00212247 -0.00207749 -0.00201667 -0.00200562 -0.00197005 -0.00195975 -0.00194339 -0.00192279 -0.00192162 -0.00189265 -0.0019 -0.00186993 -0.00187801 -0.00185401 -0.0018567 -0.00184305 -0.00183737 -0.00183485 -0.00182092 -0.00182761 -0.00180764 -0.0018203 -0.00179729 -0.00181256 -0.00178938 -0.0018045 -0.00178331 -0.00179649 -0.00177858 -0.00178894 -0.00177484 -0.00178221 -0.00177187 -0.00177659 -0.00176957 -0.00177226 -0.00176791 -0.00176933 -0.0017669 -0.00176785 -0.00176657 -0.00176785 -0.0017669 -0.00176933 -0.00176791 -0.00177226 -0.00176957 -0.00177659 -0.00177187 -0.00178221 -0.00177484 -0.00178894 -0.00177858 -0.00179649 -0.00178331 -0.0018045 -0.00178938 -0.00181256 -0.00179729 -0.0018203 -0.00180764 -0.00182761 -0.00182092 -0.00183485 -0.00183737 -0.00184305 -0.0018567 -0.00185401 -0.001878 -0.0018699 -0.00189993 -0.00189248 -0.00192115 -0.00192161 -0.00194054 -0.00195316 -0.00195543 -0.00197459 -0.00195361 -0.00195493 -0.00189465 -0.00182617 -0.00168344 -0.0014643 -0.00115626 -0.000687796 -9.15021e-05 0.000743393 0.00180357 0.00318647 0.00495781 0.00714774 0.00986185 0.0130475 0.0167494 0.020907 0.0254555 0.0303588 0.0354143 0.0404774 0.0452653 0.0495021 0.0529855 0.0554264 0.0566648 0.0565117 0.054832 0.051649 0.04695 0.0408668 0.0336113 0.0254148 0.0166294 0.00752465 -0.00161682 -0.0104195 -0.0186103 -0.0259735 -0.0323571 -0.0376702 -0.0417916 -0.0447213 -0.0465795 -0.0474293 -0.0473471 -0.046497 -0.0450552 -0.0431678 -0.0409613 -0.0385652 -0.0361042 -0.0336841 -0.0313832 -0.02923 -0.0272638 -0.0255736 -0.0241662 -0.022975 -0.0220426 -0.0214335 
0 0.00201206 0.00403004 0.00610574 0.00831755 0.0106937 0.013218 0.0158871 0.0186963 0.021631 0.0246581 0.027683 0.0305992 0.033328 0.035737 0.0376478 0.0389144 0.039402 0.0389685 0.0374924 0.034874 0.0310425 0.0260062 0.0198525 0.0126647 0.00456828 -0.00417481 -0.0132704 -0.0224292 -0.0313485 -0.0397466 -0.0472733 -0.0536204 -0.0586267 -0.0621417 -0.0641137 -0.0645509 -0.0634933 -0.0611461 -0.0576954 -0.0533754 -0.048478 -0.0432241 -0.0379166 -0.0327467 -0.0278557 -0.0233855 -0.0193497 -0.0158464 -0.0128665 -0.0103976 -0.00842939 -0.00684337 -0.00563105 -0.00467635 -0.00395436 -0.00342343 -0.00301611 -0.00275526 -0.00254808 -0.00243347 -0.00234352 -0.00228824 -0.00225919 -0.00222007 -0.0022172 -0.00218307 -0.00218569 -0.00215928 -0.00215589 -0.0021412 -0.00212757 -0.00212493 -0.00210235 -0.00210836 -0.00208129 -0.00209084 -0.00206446 -0.00207274 -0.00205119 -0.00205491 -0.00204055 -0.00203826 -0.0020317 -0.00202343 -0.00202402 -0.00201078 -0.00201719 -0.00200037 -0.0020111 -0.00199209 -0.00200578 -0.00198573 -0.00200134 -0.00198105 -0.00199789 -0.00197786 -0.00199553 -0.00197601 -0.00199433 -0.0019754 -0.00199433 -0.00197601 -0.00199553 -0.00197786 -0.00199789 -0.00198105 -0.00200134 -0.00198573 -0.00200578 -0.00199209 -0.0020111 -0.00200037 -0.00201719 -0.00201078 -0.00202402 -0.00202343 -0.0020317 -0.00203826 -0.00204055 -0.00205491 -0.00205119 -0.00207274 -0.00206446 -0.00209084 -0.00208129 -0.00210836 -0.00210235 -0.00212491 -0.00212753 -0.00214108 -0.00215556 -0.00215845 -0.00218367 -0.00217833 -0.0022065 -0.00219698 -0.00221147 -0.00219387 -0.00216496 -0.00211026 -0.00198821 -0.00182624 -0.00153679 -0.00115698 -0.00060098 0.000137041 0.0011051 0.00239005 0.004009 0.00609444 0.00865083 0.011744 0.0153746 0.0194874 0.0240889 0.029055 0.0343171 0.0396976 0.0449525 0.0498741 0.0541558 0.0575819 0.0599069 0.060891 0.0604307 0.058426 0.0548943 0.0498903 0.0434799 0.0359013 0.0274304 0.0183569 0.0089782 -0.000453023 -0.00961517 -0.0181987 -0.0260141 -0.0329052 -0.0387428 -0.0434504 -0.046997 -0.0494134 -0.0507802 -0.0511984 -0.0507786 -0.0496557 -0.0479916 -0.0459424 -0.0436352 -0.0411633 -0.0386333 -0.0361923 -0.0339129 -0.0317892 -0.0298889 -0.028286 -0.0269543 -0.0259047 -0.0251879 
0 0.00236417 0.00476302 0.00726001 0.00986114 0.0125595 0.0154054 0.0183962 0.0214807 0.0246581 0.0278584 0.0309283 0.0338133 0.0364537 0.038647 0.0402282 0.0411082 0.0411454 0.040191 0.0381434 0.0349463 0.0305991 0.0251173 0.0185477 0.0110128 0.00267904 -0.00624349 -0.0154871 -0.0247679 -0.0338189 -0.0423464 -0.0500245 -0.0565843 -0.0618275 -0.0656333 -0.0679393 -0.0686832 -0.0679117 -0.0657678 -0.0624389 -0.058189 -0.0532426 -0.0478585 -0.0423114 -0.0368038 -0.0315541 -0.0266673 -0.0222337 -0.0183305 -0.0149558 -0.012154 -0.0098597 -0.00803176 -0.00660405 -0.00547748 -0.00463356 -0.00397447 -0.00350102 -0.00315387 -0.0029065 -0.00275186 -0.00262949 -0.00257189 -0.00251235 -0.00248923 -0.00246201 -0.00244292 -0.00243414 -0.0024102 -0.00241112 -0.00238422 -0.0023873 -0.00236266 -0.00236202 -0.002344 -0.00233646 -0.002327 -0.00231224 -0.00231083 -0.00229058 -0.00229514 -0.00227212 -0.00228003 -0.00225692 -0.00226578 -0.0022447 -0.00225275 -0.00223502 -0.00224125 -0.00222743 -0.00223147 -0.00222154 -0.0022235 -0.00221708 -0.00221736 -0.00221386 -0.00221302 -0.00221176 -0.00221044 -0.00221073 -0.00220959 -0.00221073 -0.00221044 -0.00221176 -0.00221302 -0.00221386 -0.00221736 -0.00221708 -0.0022235 -0.00222154 -0.00223147 -0.00222743 -0.00224125 -0.00223502 -0.00225275 -0.0022447 -0.00226578 -0.00225692 -0.00228003 -0.00227212 -0.00229514 -0.00229058 -0.00231083 -0.00231224 -0.002327 -0.00233646 -0.002344 -0.00236201 -0.00236263 -0.00238722 -0.002384 -0.00241055 -0.00240878 -0.00243076 -0.00243519 -0.00244505 -0.00245359 -0.0024406 -0.00243368 -0.00237476 -0.00230252 -0.00214739 -0.00192397 -0.00158567 -0.00109809 -0.000450601 0.000441593 0.00158542 0.00309095 0.00500437 0.00740056 0.0103459 0.0138242 0.0178652 0.0223969 0.0273794 0.0327254 0.0382699 0.043851 0.0492045 0.054104 0.0583121 0.0615628 0.0636397 0.0643187 0.0634919 0.0611479 0.0572971 0.0520134 0.0454044 0.0376684 0.0290888 0.0199333 0.0104639 0.000953034 -0.00833676 -0.0171643 -0.0253104 -0.0325941 -0.038892 -0.044132 -0.0482835 -0.0513235 -0.0532745 -0.0542706 -0.054423 -0.0537715 -0.0524606 -0.0506861 -0.0485574 -0.0461864 -0.0437077 -0.0412205 -0.0388282 -0.0366053 -0.0345696 -0.03278 -0.0313167 -0.0301812 -0.0293561 
0 0.00277465 0.00559695 0.00850988 0.0114973 0.0145595 0.017742 0.0210236 0.0243498 0.027683 0.0309283 0.0339886 0.0367949 0.0391964 0.0410299 0.0421943 0.0425687 0.0420429 0.0405151 0.0378721 0.034123 0.0293171 0.0234258 0.0165204 0.00877237 0.00034088 -0.00857706 -0.0177719 -0.0270076 -0.0359941 -0.0444723 -0.0521808 -0.058854 -0.0643014 -0.0683835 -0.0709977 -0.0720867 -0.0716512 -0.0697943 -0.0667113 -0.0626242 -0.0577615 -0.0523648 -0.0466725 -0.0409357 -0.0353672 -0.0301175 -0.0253096 -0.0210013 -0.017249 -0.0140714 -0.011443 -0.00933654 -0.00766123 -0.00636126 -0.00535704 -0.0045885 -0.00402314 -0.00359795 -0.00330843 -0.00309776 -0.00296146 -0.00286958 -0.00280257 -0.00276592 -0.00272487 -0.00270857 -0.00267874 -0.00266642 -0.00264558 -0.00263082 -0.00261895 -0.00260054 -0.00259614 -0.00257558 -0.00257564 -0.00255551 -0.00255667 -0.00253938 -0.00253894 -0.00252605 -0.00252248 -0.00251458 -0.00250744 -0.00250431 -0.00249399 -0.0024949 -0.00248225 -0.00248631 -0.00247227 -0.00247862 -0.00246404 -0.002472 -0.00245753 -0.00246664 -0.00245269 -0.00246269 -0.00244949 -0.00246027 -0.0024479 -0.00245946 -0.0024479 -0.00246027 -0.00244949 -0.00246269 -0.00245269 -0.00246664 -0.00245753 -0.002472 -0.00246404 -0.00247862 -0.00247227 -0.00248631 -0.00248225 -0.0024949 -0.00249399 -0.00250431 -0.00250744 -0.00251458 -0.00252248 -0.00252605 -0.00253894 -0.00253938 -0.00255667 -0.00255551 -0.00257564 -0.00257557 -0.00259612 -0.00260048 -0.00261881 -0.00263044 -0.00264461 -0.00266406 -0.00267323 -0.00269627 -0.00269858 -0.00271207 -0.00269695 -0.00267132 -0.00260524 -0.00248487 -0.00229758 -0.00199677 -0.00158058 -0.000986607 -0.000199159 0.000846109 0.00220968 0.00395454 0.00617478 0.00891053 0.0122175 0.0160898 0.0205047 0.0254257 0.0307626 0.0364094 0.0421808 0.0478546 0.0531985 0.057972 0.0619551 0.0649129 0.0666167 0.0669034 0.0656961 0.0629971 0.0588629 0.0533727 0.0466634 0.0389413 0.030416 0.0213289 0.0119467 0.00251502 -0.00672591 -0.0155975 -0.0239233 -0.0314737 -0.0381339 -0.0438667 -0.0485946 -0.052279 -0.0549151 -0.056551 -0.0573081 -0.0572502 -0.0564503 -0.0550807 -0.0532685 -0.0511256 -0.04881 -0.046398 -0.0439613 -0.0416632 -0.0395828 -0.0377148 -0.0361253 -0.0348824 -0.0339972 
0 0.0032687 0.00651967 0.00981645 0.0132058 0.0166642 0.0201668 0.023701 0.0272101 0.0305992 0.0338133 0.0367949 0.039376 0.0413986 0.0428007 0.043459 0.0432355 0.0420851 0.039922 0.0366884 0.0324455 0.0272001 0.0209704 0.0138788 0.00605065 -0.00232915 -0.0110874 -0.0201037 -0.029125 -0.0378866 -0.046186 -0.0537812 -0.0604769 -0.066071 -0.0703719 -0.073294 -0.0747463 -0.0747066 -0.0732544 -0.0705147 -0.0667052 -0.062032 -0.0567051 -0.0509746 -0.0450736 -0.0392488 -0.0336892 -0.0285245 -0.0238542 -0.0197271 -0.0161814 -0.0132168 -0.0107981 -0.00886977 -0.00735285 -0.00617516 -0.005272 -0.00458737 -0.00408166 -0.00371561 -0.00345816 -0.00328395 -0.00316448 -0.00308827 -0.00303372 -0.00299761 -0.00296968 -0.00294619 -0.00292883 -0.00290844 -0.00289544 -0.00287646 -0.00286496 -0.00284818 -0.00283652 -0.00282287 -0.00281029 -0.00280011 -0.00278661 -0.00277957 -0.00276567 -0.00276104 -0.00274752 -0.00274444 -0.00273201 -0.00272974 -0.00271893 -0.00271693 -0.00270805 -0.00270603 -0.00269915 -0.00269701 -0.00269205 -0.00268986 -0.00268664 -0.00268453 -0.00268282 -0.00268101 -0.00268054 -0.00267925 -0.00267978 -0.00267925 -0.00268054 -0.00268101 -0.00268282 -0.00268453 -0.00268664 -0.00268986 -0.00269205 -0.00269701 -0.00269915 -0.00270603 -0.00270805 -0.00271693 -0.00271893 -0.00272974 -0.00273201 -0.00274444 -0.00274752 -0.00276104 -0.00276567 -0.00277957 -0.00278661 -0.00280011 -0.00281029 -0.00282286 -0.00283651 -0.00284814 -0.00286486 -0.0028762 -0.00289477 -0.0029068 -0.00292496 -0.0029374 -0.00295055 -0.00295771 -0.00295404 -0.00293593 -0.00288563 -0.00279518 -0.00263714 -0.00239202 -0.00202898 -0.00151498 -0.0008151 0.000120551 0.00134729 0.00293596 0.00496583 0.00750362 0.0106046 0.0142865 0.0185379 0.02333 0.0285929 0.0342381 0.0401071 0.0459901 0.0516598 0.0568649 0.0614019 0.0650497 0.0675889 0.0688503 0.0686911 0.0670896 0.0640634 0.0596579 0.0540201 0.0472968 0.0396819 0.0313681 0.0225111 0.0133783 0.00420658 -0.00484748 -0.013605 -0.0219306 -0.0296504 -0.0365974 -0.0427374 -0.047993 -0.0522794 -0.0556164 -0.0579836 -0.059399 -0.0599968 -0.0598561 -0.0590341 -0.0576635 -0.0558847 -0.0538236 -0.0515898 -0.0492805 -0.0470192 -0.0449086 -0.0430115 -0.0413953 -0.0400988 -0.0391454 
0 0.00372441 0.00746505 0.0112208 0.0149973 0.0187949 0.0225829 0.0263158 0.0299261 0.033328 0.0364537 0.0391964 0.0413986 0.0429725 0.0438564 0.0439214 0.0430691 0.041248 0.0384326 0.034663 0.0299467 0.0243043 0.0178656 0.0107133 0.00295083 -0.00523016 -0.0137351 -0.0224267 -0.0310751 -0.0395054 -0.0474972 -0.0548824 -0.0615251 -0.0671725 -0.0716627 -0.0748722 -0.0766873 -0.0771119 -0.0761277 -0.0738318 -0.0704046 -0.0659983 -0.0608539 -0.0551715 -0.0491952 -0.0431982 -0.0373654 -0.0318953 -0.0268775 -0.0223877 -0.0184849 -0.0151593 -0.0124251 -0.010209 -0.00845569 -0.00708794 -0.00602237 -0.00521982 -0.00460716 -0.0041668 -0.00384775 -0.00362759 -0.00348163 -0.00337884 -0.00331779 -0.00326817 -0.00323979 -0.0032118 -0.00319224 -0.00317332 -0.00315468 -0.00314008 -0.00312119 -0.00310872 -0.00309048 -0.0030789 -0.00306241 -0.00305109 -0.00303698 -0.00302579 -0.0030142 -0.00300331 -0.00299405 -0.00298375 -0.00297644 -0.00296701 -0.0029613 -0.00295293 -0.00294848 -0.00294128 -0.00293788 -0.00293187 -0.00292939 -0.00292453 -0.00292288 -0.00291913 -0.0029183 -0.00291558 -0.00291557 -0.00291382 -0.00291466 -0.00291382 -0.00291557 -0.00291558 -0.0029183 -0.00291913 -0.00292288 -0.00292453 -0.00292939 -0.00293187 -0.00293788 -0.00294128 -0.00294848 -0.00295293 -0.0029613 -0.00296701 -0.00297644 -0.00298375 -0.00299405 -0.00300331 -0.0030142 -0.00302579 -0.00303698 -0.00305108 -0.0030624 -0.00307889 -0.00309046 -0.00310866 -0.00312102 -0.00313964 -0.00315356 -0.00317063 -0.00318603 -0.00319806 -0.00321062 -0.00320886 -0.00320226 -0.00316336 -0.00309675 -0.00296888 -0.00276634 -0.00246053 -0.00201248 -0.00140279 -0.000565852 0.000527465 0.00196431 0.00380894 0.00613727 0.00902608 0.0124851 0.0165481 0.021164 0.0262988 0.0318763 0.0377482 0.0437629 0.0496554 0.0552065 0.0601883 0.0643699 0.067588 0.0696195 0.0703525 0.0697296 0.0677123 0.0643739 0.0597559 0.0540116 0.0473615 0.0399375 0.0319236 0.0234653 0.0147274 0.00594542 -0.00277503 -0.0113087 -0.0194867 -0.0272289 -0.0343959 -0.0408513 -0.0465394 -0.0513867 -0.0553742 -0.0584897 -0.060674 -0.061995 -0.0625693 -0.0624212 -0.0616245 -0.0603303 -0.0586589 -0.0567306 -0.0546809 -0.0526005 -0.0505605 -0.0486809 -0.0470826 -0.0457994 -0.0448444 
0 0.00418324 0.00841491 0.012622 0.0167764 0.0208993 0.0249169 0.0287543 0.0323922 0.035737 0.038647 0.0410299 0.0428007 0.0438564 0.0441164 0.0435182 0.0419893 0.0394985 0.0361082 0.031852 0.0267123 0.0207939 0.0142385 0.00712024 -0.000439355 -0.00833569 -0.0164685 -0.0246691 -0.0328335 -0.0408123 -0.0484136 -0.0555524 -0.0620495 -0.0676992 -0.0723463 -0.0757952 -0.0779919 -0.0788831 -0.0784051 -0.0766417 -0.0736567 -0.069629 -0.0647639 -0.0592248 -0.0532962 -0.0471901 -0.0411604 -0.0354182 -0.0300627 -0.0252354 -0.0209526 -0.0172729 -0.0141979 -0.0116716 -0.00967425 -0.00808289 -0.00686224 -0.00591769 -0.00520024 -0.00467803 -0.00428254 -0.00402157 -0.00382332 -0.00370219 -0.00361169 -0.00355051 -0.00351149 -0.00347086 -0.0034534 -0.00342051 -0.00341007 -0.00338351 -0.00337315 -0.00335383 -0.00334069 -0.00332852 -0.00331221 -0.00330579 -0.00328737 -0.00328462 -0.00326569 -0.00326462 -0.00324671 -0.00324581 -0.00323004 -0.00322841 -0.00321541 -0.00321272 -0.0032027 -0.00319899 -0.00319186 -0.00318739 -0.0031829 -0.00317806 -0.00317587 -0.00317104 -0.00317081 -0.00316636 -0.00316775 -0.00316402 -0.00316673 -0.00316402 -0.00316775 -0.00316636 -0.00317081 -0.00317104 -0.00317587 -0.00317806 -0.0031829 -0.00318739 -0.00319186 -0.00319899 -0.0032027 -0.00321272 -0.00321541 -0.00322841 -0.00323004 -0.00324581 -0.00324671 -0.00326462 -0.00326569 -0.00328462 -0.00328736 -0.00330579 -0.00331221 -0.00332851 -0.00334065 -0.00335372 -0.00337285 -0.00338275 -0.00340822 -0.00341619 -0.00344366 -0.00344982 -0.00346792 -0.00346406 -0.00344736 -0.00340302 -0.00330147 -0.00314871 -0.00288042 -0.00250989 -0.00196223 -0.00122803 -0.000245023 0.00105416 0.0027151 0.00485718 0.00750409 0.0107456 0.0145758 0.018982 0.0239521 0.0293789 0.03521 0.0412483 0.0472972 0.0531282 0.0584627 0.0631336 0.066894 0.0695733 0.071042 0.0711831 0.0700437 0.067617 0.0639559 0.0591909 0.0534344 0.046917 0.0397861 0.0321435 0.02417 0.0159617 0.00764274 -0.000647406 -0.00882849 -0.0167596 -0.0243635 -0.0315954 -0.0382886 -0.0443284 -0.049685 -0.0542944 -0.0581017 -0.0610739 -0.0631989 -0.0645171 -0.0650994 -0.0650264 -0.0643754 -0.0632396 -0.0617578 -0.0600598 -0.0582499 -0.0564475 -0.0547455 -0.0532133 -0.0519676 -0.0510975 
0 0.00468131 0.0093387 0.0139317 0.0184533 0.0228541 0.0270235 0.0309196 0.0345063 0.0376478 0.0402282 0.0421943 0.043459 0.0439214 0.0435182 0.0422143 0.0400039 0.0369167 0.0329978 0.0282853 0.0228412 0.0167744 0.0102068 0.00325338 -0.00401719 -0.0115433 -0.0191782 -0.0268178 -0.0344144 -0.0418487 -0.0490264 -0.0558319 -0.0620988 -0.0677026 -0.0724335 -0.076127 -0.0787136 -0.0800682 -0.0801591 -0.078957 -0.0764849 -0.0729186 -0.0683818 -0.0630963 -0.0572851 -0.0511586 -0.0450193 -0.0390372 -0.0334123 -0.0282561 -0.0236183 -0.019595 -0.0161505 -0.0133175 -0.0110226 -0.00919517 -0.00778404 -0.00666919 -0.00584359 -0.00520361 -0.00474634 -0.0044169 -0.00417939 -0.00403329 -0.00391312 -0.00385496 -0.00379145 -0.0037633 -0.003728 -0.00370337 -0.00368451 -0.00365591 -0.00364713 -0.00361579 -0.00361186 -0.00358167 -0.00357817 -0.00355267 -0.00354662 -0.00352785 -0.0035179 -0.00350631 -0.00349251 -0.00348738 -0.00347062 -0.00347066 -0.00345218 -0.00345595 -0.00343695 -0.00344321 -0.00342464 -0.00343247 -0.00341496 -0.00342378 -0.00340767 -0.00341721 -0.00340259 -0.00341281 -0.00339959 -0.0034106 -0.0033986 -0.0034106 -0.00339959 -0.00341281 -0.00340259 -0.00341721 -0.00340767 -0.00342378 -0.00341496 -0.00343247 -0.00342464 -0.00344321 -0.00343695 -0.00345595 -0.00345218 -0.00347066 -0.00347062 -0.00348738 -0.00349251 -0.00350631 -0.0035179 -0.00352785 -0.00354662 -0.00355267 -0.00357816 -0.00358164 -0.00361179 -0.00361559 -0.00364663 -0.00365466 -0.00368154 -0.00369656 -0.00371303 -0.00373173 -0.00372763 -0.00373132 -0.00368365 -0.00362524 -0.0034837 -0.00327848 -0.00295481 -0.00248469 -0.00184939 -0.000964674 0.000172551 0.001686 0.00360671 0.00603826 0.00904148 0.0126228 0.0168298 0.0215791 0.0268662 0.0325799 0.0385852 0.0447252 0.0507158 0.056365 0.0614102 0.0656475 0.0689106 0.0709872 0.0718275 0.0713887 0.0697088 0.0668834 0.0629456 0.0580576 0.0523778 0.0460452 0.0392363 0.0320436 0.0245947 0.0169935 0.0092531 0.00146777 -0.00625251 -0.0138418 -0.0212333 -0.0283778 -0.0351781 -0.0415047 -0.0472806 -0.0524333 -0.0568804 -0.0605868 -0.063534 -0.0656827 -0.0670572 -0.0677717 -0.0678882 -0.0674314 -0.0665347 -0.065342 -0.063935 -0.0624617 -0.0610628 -0.0597699 -0.058662 -0.0578596 
0 0.00511667 0.0101796 0.0151394 0.0199306 0.024486 0.0287611 0.0326725 0.0360846 0.0389144 0.0411082 0.0425687 0.0432355 0.0430691 0.0419893 0.0400039 0.0371925 0.0335626 0.0291492 0.0240759 0.0184444 0.0123496 0.00591056 -0.000788022 -0.00769393 -0.0147311 -0.0218032 -0.0288413 -0.0358073 -0.0426749 -0.0493722 -0.0557688 -0.0617661 -0.0672411 -0.0720165 -0.0759525 -0.0788946 -0.0807342 -0.0813948 -0.0807713 -0.078889 -0.0758215 -0.0717045 -0.0667524 -0.0611288 -0.0550963 -0.0488957 -0.0427511 -0.0368953 -0.031424 -0.0264731 -0.0220842 -0.0182908 -0.0151246 -0.0125105 -0.0104395 -0.00879159 -0.00751675 -0.00654169 -0.00578958 -0.00525268 -0.00483993 -0.00457093 -0.00436873 -0.00424091 -0.00415421 -0.00408587 -0.00405273 -0.00400486 -0.00399107 -0.00395213 -0.00394097 -0.00391061 -0.00389496 -0.00387447 -0.00385263 -0.00384159 -0.00381493 -0.00381115 -0.00378241 -0.00378293 -0.00375502 -0.00375704 -0.00373227 -0.00373371 -0.00371348 -0.00371315 -0.003698 -0.00369547 -0.00368532 -0.00368071 -0.00367508 -0.00366882 -0.00366703 -0.00365972 -0.00366105 -0.00365331 -0.00365709 -0.0036495 -0.00365511 -0.00364823 -0.00365511 -0.0036495 -0.00365709 -0.00365331 -0.00366105 -0.00365972 -0.00366703 -0.00366882 -0.00367508 -0.00368071 -0.00368532 -0.00369547 -0.003698 -0.00371315 -0.00371348 -0.00373371 -0.00373227 -0.00375704 -0.00375502 -0.00378293 -0.00378241 -0.00381115 -0.00381492 -0.00384158 -0.00385259 -0.00387435 -0.00389463 -0.00390978 -0.00393895 -0.00394743 -0.00398057 -0.0039823 -0.00400626 -0.00399412 -0.00398059 -0.00392607 -0.00382142 -0.0036581 -0.00337696 -0.00299432 -0.00242077 -0.00166604 -0.000639821 0.000701505 0.0024284 0.00464781 0.00738675 0.0107439 0.01469 0.0192359 0.0243354 0.0298951 0.035845 0.0419741 0.0481017 0.0539678 0.0593251 0.0639906 0.0677277 0.0703933 0.0718455 0.0720283 0.0710056 0.0688212 0.0655883 0.0614236 0.0564619 0.0508874 0.0448111 0.0383492 0.0316381 0.0247653 0.0177823 0.0106929 0.00351368 -0.0036863 -0.0108556 -0.017964 -0.0249419 -0.0317046 -0.0381904 -0.0442923 -0.0498775 -0.0548893 -0.0592895 -0.063012 -0.0660189 -0.0682868 -0.069836 -0.0707496 -0.0710914 -0.0709348 -0.0704008 -0.0695823 -0.0685826 -0.0675511 -0.0665875 -0.0657457 -0.0650981 
0 0.00547184 0.010862 0.0160971 0.0210798 0.0257387 0.0300194 0.0337874 0.0369229 0.039402 0.0411454 0.0420429 0.0420851 0.041248 0.0394985 0.0369167 0.0335626 0.0294509 0.0246824 0.0193841 0.0136774 0.00767813 0.00144187 -0.00494598 -0.0113857 -0.0178526 -0.0242997 -0.0306792 -0.0370109 -0.0432895 -0.0494624 -0.0554445 -0.0611319 -0.0664336 -0.0712278 -0.0753419 -0.0786135 -0.0809101 -0.0821027 -0.0820916 -0.0808257 -0.0783272 -0.0747234 -0.0701646 -0.0648378 -0.0589677 -0.0527784 -0.0465423 -0.0404688 -0.0347323 -0.0294657 -0.0247271 -0.0205977 -0.0170744 -0.0141584 -0.0118038 -0.009923 -0.00846596 -0.00732261 -0.00646233 -0.0058079 -0.00532677 -0.00498724 -0.00473644 -0.00457997 -0.00445537 -0.00438641 -0.00432411 -0.00428661 -0.00425453 -0.00422378 -0.0042074 -0.00417654 -0.00416812 -0.00413781 -0.00413196 -0.00410485 -0.00409775 -0.00407603 -0.00406552 -0.00405018 -0.00403571 -0.00402661 -0.00400875 -0.00400498 -0.00398492 -0.00398529 -0.00396436 -0.00396768 -0.00394705 -0.00395239 -0.0039329 -0.00393962 -0.00392178 -0.00392954 -0.00391357 -0.00392227 -0.00390816 -0.00391789 -0.00390547 -0.00391642 -0.00390547 -0.00391789 -0.00390816 -0.00392227 -0.00391357 -0.00392954 -0.00392178 -0.00393962 -0.0039329 -0.00395239 -0.00394705 -0.00396768 -0.00396436 -0.00398529 -0.00398492 -0.00400498 -0.00400875 -0.00402661 -0.00403571 -0.00405018 -0.00406552 -0.00407602 -0.00409774 -0.00410482 -0.00413188 -0.0041376 -0.00416757 -0.0041752 -0.00420421 -0.00421651 -0.00423863 -0.00425324 -0.00425696 -0.00425685 -0.00421576 -0.00415514 -0.00401395 -0.00380725 -0.00347243 -0.00299616 -0.00233368 -0.00142697 -0.000242805 0.00132238 0.00331227 0.00583293 0.00892765 0.0126281 0.016945 0.0218195 0.0272202 0.0330307 0.0391239 0.0453062 0.0513269 0.056963 0.0619708 0.0661607 0.0693503 0.0713769 0.0721699 0.0717231 0.070111 0.0674412 0.0638307 0.0594446 0.0544627 0.0490261 0.0432412 0.0372014 0.0309988 0.0247152 0.0183573 0.0119016 0.00536808 -0.00125162 -0.00795721 -0.0146888 -0.021399 -0.02803 -0.034526 -0.0408246 -0.0467755 -0.0522741 -0.0572927 -0.0617311 -0.0655251 -0.0686859 -0.0711604 -0.0729493 -0.0741677 -0.0748766 -0.0751184 -0.0750132 -0.0746673 -0.0741521 -0.0735796 -0.073078 -0.0727194 
