0 0 0 0 0 0 0 0 0 0 0 0 0 0 0 0 0 0 0 0 0 0 0 0 0 0 0 0 0 0 0 0 0 0 0 0 0 0 0 0 0 0 0 0 0 0 0 0 0 0 0 0 0 0 0 0 0 0 0 0 0 0 0 0 0 0 0 0 0 0 0 0 0 0 0 0 0 0 0 0 0 0 0 0 0 0 0 0 0 0 0 0 0 0 0 0 0 0 0 0 0 0 0 0 0 0 0 0 0 0 0 0 0 0 0 0 0 0 0 0 0 0 0 0 0 0 0 0 0 0 0 0 0 0 0 0 0 0 0 0 0 0 0 0 0 0 0 0 0 0 0 0 0 0 0 0 0 0 0 0 0 0 0 0 0 0 0 0 0 0 0 0 0 0 0 0 0 0 0 0 0 0 0 0 0 0 0 0 0 0 0 0 0 0 0 0 0 0 0 0 
0 0.000358588 0.000717676 0.00109439 0.00149671 0.00193761 0.00241518 0.00289258 0.00338581 0.00392501 0.00444051 0.00489641 0.00532607 0.00564291 0.00576794 0.00576591 0.00559846 0.00515291 0.00446584 0.00357084 0.00244531 0.00113063 -0.000336782 -0.00187802 -0.003372 -0.00480969 -0.00615212 -0.0072833 -0.00816299 -0.00875714 -0.00906818 -0.00914294 -0.00895185 -0.00851643 -0.00790569 -0.00716598 -0.00638914 -0.00560264 -0.00481252 -0.00406226 -0.00335249 -0.00272735 -0.00220578 -0.00177085 -0.0014342 -0.00115604 -0.000933093 -0.000758913 -0.000612618 -0.000512511 -0.000432761 -0.000381736 -0.000350735 -0.000325213 -0.000317654 -0.000303852 -0.000300418 -0.000293624 -0.000286567 -0.000284795 -0.000275166 -0.000275754 -0.000267808 -0.000267918 -0.000264702 -0.000262788 -0.000264453 -0.000260727 -0.000265151 -0.000260928 -0.000265314 -0.000262011 -0.000264242 -0.000262688 -0.00026191 -0.000262176 -0.000258678 -0.000260275 -0.000255023 -0.000257228 -0.000251362 -0.000253496 -0.000247982 -0.000249567 -0.000245044 -0.000245834 -0.000242603 -0.000242548 -0.000240648 -0.000239829 -0.000239133 -0.000237697 -0.000237997 -0.000236112 -0.000237182 -0.000235006 -0.000236638 -0.000234312 -0.000236326 -0.000233979 -0.000236225 -0.000233979 -0.000236326 -0.000234312 -0.000236638 -0.000235006 -0.000237182 -0.000236112 -0.000237997 -0.000237697 -0.000239133 -0.000239829 -0.000240648 -0.000242548 -0.000242603 -0.000245834 -0.000245044 -0.000249567 -0.000247982 -0.000253496 -0.000251362 -0.000257228 -0.000255023 -0.000260275 -0.000258678 -0.000262176 -0.00026191 -0.000262688 -0.000264242 -0.000262011 -0.000265314 -0.000260928 -0.000265151 -0.000260727 -0.000264453 -0.000262787 -0.0002647 -0.00026791 -0.000267787 -0.000275692 -0.000274997 -0.000284357 -0.000285481 -0.000291051 -0.000294611 -0.000291373 -0.000292139 -0.000275632 -0.000259236 -0.000221465 -0.000166302 -9.16542e-05 2.03356e-05 0.000151438 0.000327471 0.000539633 0.000803681 0.00115029 0.001578 0.00212434 0.00276781 0.0034876 0.00426934 0.00506341 0.00588179 0.00669383 0.00744458 0.00808829 0.00852589 0.00873798 0.00872416 0.00844043 0.00788204 0.00701025 0.00584847 0.00450991 0.00302242 0.00142552 -0.000195346 -0.00177705 -0.00321061 -0.00446276 -0.00557096 -0.00644539 -0.00703625 -0.00742239 -0.00760641 -0.0075799 -0.00740589 -0.00711716 -0.00675737 -0.00636636 -0.00592142 -0.00547347 -0.00509237 -0.00471753 -0.00436282 -0.00414287 -0.00398064 -0.00377298 
0 0.000717676 0.00145563 0.00222067 0.0030315 0.00390566 0.00482763 0.00579549 0.00682683 0.00786621 0.00883587 0.00974488 0.0105609 0.0111453 0.0114344 0.0114197 0.0110043 0.01011 0.00874708 0.00693953 0.00472725 0.00214542 -0.000738925 -0.00374613 -0.00672304 -0.00959099 -0.0122151 -0.0144506 -0.0161844 -0.0173492 -0.017984 -0.0181159 -0.0177417 -0.0169207 -0.0157326 -0.0143085 -0.012781 -0.0112054 -0.00964274 -0.00813281 -0.00672097 -0.00547991 -0.00442502 -0.00356861 -0.00288775 -0.00233661 -0.00190181 -0.00154553 -0.00126486 -0.00105074 -0.000885873 -0.000776085 -0.000694869 -0.00064568 -0.00061411 -0.000591797 -0.000583529 -0.000572088 -0.000570946 -0.000565404 -0.000563238 -0.00056159 -0.000556007 -0.0005559 -0.000548069 -0.000547039 -0.000539387 -0.000535959 -0.000530385 -0.000524544 -0.000521656 -0.000514504 -0.000513767 -0.000506793 -0.000507115 -0.000501558 -0.000501864 -0.000498383 -0.000497954 -0.000496619 -0.000495166 -0.000495635 -0.000493218 -0.000494955 -0.000491832 -0.000494294 -0.000490787 -0.000493534 -0.000489937 -0.00049267 -0.000489202 -0.000491763 -0.000488559 -0.0004909 -0.000488018 -0.000490169 -0.000487602 -0.00048964 -0.00048734 -0.000489363 -0.00048725 -0.000489363 -0.00048734 -0.00048964 -0.000487602 -0.000490169 -0.000488018 -0.0004909 -0.000488559 -0.000491763 -0.000489202 -0.00049267 -0.000489937 -0.000493534 -0.000490787 -0.000494294 -0.000491832 -0.000494955 -0.000493218 -0.000495635 -0.000495166 -0.000496619 -0.000497954 -0.000498383 -0.000501864 -0.000501558 -0.000507115 -0.000506793 -0.000513767 -0.000514504 -0.000521656 -0.000524544 -0.000530385 -0.000535959 -0.000539386 -0.000547037 -0.000548062 -0.000555882 -0.000555952 -0.000561438 -0.00056283 -0.000564363 -0.000568409 -0.000566187 -0.000570436 -0.000564115 -0.000558383 -0.000538958 -0.000500573 -0.000439915 -0.000332978 -0.000185301 2.77836e-05 0.000305093 0.00065472 0.00110025 0.00164863 0.00235057 0.00322897 0.0043046 0.00557895 0.00699578 0.00852283 0.0101086 0.011718 0.0133201 0.0148027 0.0160475 0.0169254 0.0173427 0.0172877 0.0167097 0.0155586 0.0138328 0.011576 0.0089297 0.00601176 0.00288402 -0.000312185 -0.00340897 -0.00626973 -0.0087942 -0.0109493 -0.0126688 -0.0138781 -0.0146401 -0.0150303 -0.0150416 -0.0147263 -0.01419 -0.0134951 -0.0126927 -0.0118415 -0.0109991 -0.0102189 -0.00950949 -0.00886596 -0.00832851 -0.00792849 -0.00765785 
0 0.00109439 0.00222067 0.00338851 0.00462468 0.00593447 0.0073017 0.00875472 0.0102739 0.0117606 0.0131889 0.0145306 0.0156392 0.0164258 0.0168455 0.0167461 0.0160359 0.0147072 0.0126873 0.00999054 0.00671486 0.00290091 -0.00130152 -0.00567222 -0.0100628 -0.0142605 -0.018065 -0.0213364 -0.023885 -0.0256412 -0.0266231 -0.0268129 -0.0262845 -0.0251122 -0.023399 -0.0213524 -0.0191014 -0.016772 -0.01447 -0.0122316 -0.010165 -0.0083234 -0.00674185 -0.00545392 -0.00439868 -0.00356144 -0.00289028 -0.00234404 -0.0019271 -0.00159226 -0.00135364 -0.00118158 -0.00105931 -0.000989301 -0.000931791 -0.000906713 -0.000882416 -0.000868204 -0.0008609 -0.000846258 -0.000845859 -0.000831868 -0.000830985 -0.00082144 -0.000816109 -0.00081247 -0.000802644 -0.000803266 -0.000791559 -0.000793243 -0.000782867 -0.00078275 -0.000775906 -0.000772551 -0.00076985 -0.000763352 -0.000764073 -0.000755546 -0.000758287 -0.000749194 -0.000752492 -0.000744129 -0.000746848 -0.000740085 -0.000741561 -0.000736807 -0.000736802 -0.000734097 -0.000732682 -0.000731827 -0.000729248 -0.000729937 -0.000726501 -0.000728405 -0.000724416 -0.000727236 -0.00072296 -0.000726445 -0.0007221 -0.000726045 -0.000721816 -0.000726045 -0.0007221 -0.000726445 -0.00072296 -0.000727236 -0.000724416 -0.000728405 -0.000726501 -0.000729937 -0.000729248 -0.000731827 -0.000732682 -0.000734097 -0.000736802 -0.000736807 -0.000741561 -0.000740085 -0.000746848 -0.000744129 -0.000752492 -0.000749194 -0.000758287 -0.000755546 -0.000764073 -0.000763352 -0.00076985 -0.000772551 -0.000775906 -0.00078275 -0.000782867 -0.000793243 -0.000791559 -0.000803265 -0.000802643 -0.000812466 -0.000816096 -0.000821399 -0.00083087 -0.000831557 -0.000845049 -0.000844244 -0.000856115 -0.000857346 -0.000858899 -0.000858139 -0.000836187 -0.000810102 -0.000739561 -0.000638462 -0.0004748 -0.000235219 7.87271e-05 0.000507627 0.00103476 0.00170914 0.00255684 0.00361288 0.00494784 0.00654897 0.00843027 0.010536 0.0127865 0.0151514 0.0175297 0.0198536 0.0219948 0.0237549 0.0250126 0.0256213 0.0254994 0.0246181 0.0228914 0.0203528 0.0170926 0.01321 0.00890955 0.00434617 -0.000313929 -0.00481778 -0.00901569 -0.0127711 -0.0159265 -0.0184589 -0.0203406 -0.0215352 -0.0221407 -0.0222302 -0.0218438 -0.0211194 -0.020154 -0.0190051 -0.0178043 -0.016613 -0.0154373 -0.0143834 -0.0134914 -0.0126936 -0.0120611 -0.011689 
0 0.00149671 0.0030315 0.00462468 0.00628489 0.00802693 0.0098707 0.0117872 0.0137033 0.0156079 0.0174815 0.0191518 0.0204701 0.0214159 0.0218539 0.0215861 0.0205721 0.0187711 0.0160975 0.0125753 0.0082692 0.00331347 -0.00206285 -0.00769656 -0.013365 -0.0187493 -0.0236399 -0.0278337 -0.0311438 -0.0334995 -0.034813 -0.0350946 -0.0344578 -0.0329814 -0.0308489 -0.0282479 -0.025333 -0.0223131 -0.0192926 -0.0163821 -0.0136952 -0.0112672 -0.00918257 -0.00743549 -0.00599867 -0.0048569 -0.00392509 -0.00319569 -0.00261965 -0.00217037 -0.00184993 -0.0016045 -0.0014489 -0.00133813 -0.00126552 -0.00122564 -0.00118593 -0.00117222 -0.00114726 -0.00113653 -0.00112304 -0.0011082 -0.00110406 -0.00108708 -0.00108748 -0.00107313 -0.00107265 -0.00106432 -0.0010596 -0.00105761 -0.00104834 -0.00105054 -0.0010386 -0.00104185 -0.0010299 -0.0010315 -0.00102177 -0.00102019 -0.00101388 -0.00100884 -0.00100613 -0.000998235 -0.000998579 -0.00098888 -0.000991419 -0.000980998 -0.000984844 -0.000974592 -0.000979022 -0.000969539 -0.000974063 -0.000965665 -0.000970022 -0.000962792 -0.000966909 -0.000960769 -0.000964711 -0.000959482 -0.000963404 -0.000958857 -0.000962971 -0.000958857 -0.000963404 -0.000959482 -0.000964711 -0.000960769 -0.000966909 -0.000962792 -0.000970022 -0.000965665 -0.000974063 -0.000969539 -0.000979022 -0.000974592 -0.000984844 -0.000980998 -0.000991419 -0.00098888 -0.000998579 -0.000998235 -0.00100613 -0.00100884 -0.00101388 -0.00102019 -0.00102177 -0.0010315 -0.0010299 -0.00104185 -0.0010386 -0.00105054 -0.00104834 -0.00105761 -0.0010596 -0.00106431 -0.00107265 -0.00107312 -0.00108745 -0.001087 -0.00110384 -0.00110761 -0.00112154 -0.00113288 -0.00113884 -0.00115365 -0.00114683 -0.00114706 -0.0011149 -0.00106294 -0.000969614 -0.000808338 -0.000586862 -0.000252095 0.000179832 0.000750374 0.00148113 0.00238924 0.0035551 0.00499335 0.0067743 0.00890923 0.0113618 0.014119 0.0170714 0.0201555 0.0232656 0.0262306 0.0289218 0.0311246 0.0326699 0.0334272 0.0332205 0.0319969 0.0297303 0.0264359 0.0222496 0.017272 0.0116961 0.00582399 -0.000126402 -0.00592204 -0.0113384 -0.016215 -0.0203523 -0.0236716 -0.026216 -0.0279248 -0.0288004 -0.0290093 -0.0286642 -0.0278419 -0.0266771 -0.0252952 -0.0238082 -0.0222986 -0.0208077 -0.0194299 -0.0182605 -0.0172873 -0.0164966 -0.0159297 
0 0.00193761 0.00390566 0.00593447 0.00802693 0.0102078 0.0125036 0.0148416 0.0171521 0.019446 0.0216206 0.0234864 0.0249764 0.0259967 0.0263312 0.025853 0.0244879 0.0221433 0.0188202 0.0145178 0.00928014 0.00335213 -0.00306692 -0.00982256 -0.01658 -0.0230225 -0.0288786 -0.0338732 -0.0378868 -0.0407749 -0.0423995 -0.0428259 -0.0421267 -0.0404518 -0.0380164 -0.0349472 -0.0314795 -0.0278243 -0.0241308 -0.0206009 -0.0173013 -0.0143231 -0.0117392 -0.00952409 -0.00771596 -0.00624173 -0.00505619 -0.00413149 -0.00338103 -0.00282002 -0.00238418 -0.00206466 -0.00184997 -0.00168538 -0.00159685 -0.00152322 -0.00148546 -0.00146051 -0.00143472 -0.0014313 -0.00140793 -0.00140788 -0.00138989 -0.001383 -0.00137346 -0.00135759 -0.00135531 -0.00133432 -0.00133497 -0.0013149 -0.00131384 -0.0012995 -0.00129397 -0.00128729 -0.00127697 -0.00127717 -0.00126359 -0.00126823 -0.00125367 -0.00125994 -0.00124656 -0.00125211 -0.0012414 -0.00124475 -0.00123744 -0.00123799 -0.00123415 -0.00123193 -0.00123124 -0.00122667 -0.00122859 -0.00122227 -0.00122622 -0.00121875 -0.00122424 -0.00121612 -0.00122272 -0.00121436 -0.00122178 -0.00121349 -0.00122146 -0.00121349 -0.00122178 -0.00121436 -0.00122272 -0.00121612 -0.00122424 -0.00121875 -0.00122622 -0.00122227 -0.00122859 -0.00122667 -0.00123124 -0.00123193 -0.00123415 -0.00123799 -0.00123744 -0.00124475 -0.0012414 -0.00125211 -0.00124656 -0.00125994 -0.00125367 -0.00126823 -0.00126359 -0.00127717 -0.00127697 -0.00128729 -0.00129397 -0.0012995 -0.00131384 -0.0013149 -0.00133497 -0.00133432 -0.00135531 -0.00135757 -0.0013734 -0.00138284 -0.00138946 -0.00140678 -0.00140523 -0.00142495 -0.00142049 -0.00143002 -0.00142308 -0.00140142 -0.00136993 -0.00128201 -0.00116553 -0.000954771 -0.000660684 -0.000248899 0.000320028 0.00103711 0.00198721 0.00317288 0.00467044 0.00653569 0.00876649 0.011419 0.0144254 0.0177611 0.0213673 0.0250932 0.0288388 0.0323747 0.0355025 0.038066 0.0398261 0.0406378 0.0403172 0.0387254 0.0359245 0.0319532 0.026919 0.0210029 0.014369 0.00735785 0.000295606 -0.00663413 -0.0131577 -0.0190274 -0.0240877 -0.0281938 -0.0313482 -0.033583 -0.0348567 -0.0352944 -0.0350872 -0.0342922 -0.0330321 -0.0315053 -0.02981 -0.0280456 -0.0263435 -0.0247478 -0.0233025 -0.0221039 -0.021173 -0.0204922 
0 0.00241518 0.00482763 0.0073017 0.0098707 0.0125036 0.0151768 0.0178839 0.0205902 0.023183 0.0255177 0.0275233 0.0290976 0.0300217 0.0301506 0.029403 0.0276202 0.024737 0.0207806 0.0157307 0.00970943 0.00294318 -0.00440814 -0.0120665 -0.0196994 -0.0270196 -0.033657 -0.0393663 -0.0440067 -0.0473511 -0.0493223 -0.0499321 -0.0492392 -0.0474774 -0.0447977 -0.0413708 -0.0374608 -0.0332455 -0.0289937 -0.0248936 -0.021032 -0.0175506 -0.0144514 -0.0117846 -0.00956906 -0.00773135 -0.00628209 -0.00511676 -0.00420291 -0.00350838 -0.00295659 -0.00257314 -0.00227792 -0.00208169 -0.00195311 -0.00185347 -0.00180962 -0.00175665 -0.00173969 -0.00171373 -0.00169552 -0.00168755 -0.00166263 -0.00166336 -0.00163766 -0.00163745 -0.00161841 -0.00161095 -0.00160209 -0.00158633 -0.00158628 -0.0015654 -0.00156974 -0.00154863 -0.00155251 -0.00153541 -0.00153536 -0.00152467 -0.00151925 -0.00151536 -0.00150492 -0.00150678 -0.00149273 -0.0014986 -0.0014827 -0.0014908 -0.00147465 -0.00148351 -0.00146828 -0.00147691 -0.00146332 -0.0014712 -0.00145952 -0.00146651 -0.00145671 -0.00146294 -0.00145477 -0.00146054 -0.00145363 -0.00145933 -0.00145325 -0.00145933 -0.00145363 -0.00146054 -0.00145477 -0.00146294 -0.00145671 -0.00146651 -0.00145952 -0.0014712 -0.00146332 -0.00147691 -0.00146828 -0.00148351 -0.00147465 -0.0014908 -0.0014827 -0.0014986 -0.00149273 -0.00150678 -0.00150492 -0.00151536 -0.00151925 -0.00152467 -0.00153536 -0.00153541 -0.00155251 -0.00154863 -0.00156974 -0.0015654 -0.00158628 -0.00158633 -0.00160209 -0.00161094 -0.00161839 -0.00163741 -0.00163754 -0.00166306 -0.00166184 -0.00168557 -0.0016908 -0.001703 -0.00171632 -0.00170805 -0.00171308 -0.00167039 -0.00162169 -0.00150872 -0.00133106 -0.00107469 -0.000679194 -0.000171064 0.00053601 0.00143948 0.00260015 0.00409569 0.00593443 0.00821806 0.0109191 0.0140487 0.0176019 0.0214816 0.0256678 0.0299847 0.0342396 0.0382399 0.0417015 0.0444775 0.0463598 0.047113 0.0466103 0.0446946 0.041393 0.0368326 0.0310768 0.0243415 0.0168737 0.00893841 0.00091533 -0.00693702 -0.0143814 -0.0211126 -0.0269803 -0.0318699 -0.0356634 -0.0384132 -0.0401813 -0.0409925 -0.0409895 -0.0403329 -0.039149 -0.0375957 -0.0358019 -0.0338956 -0.0320338 -0.0302791 -0.0286523 -0.0272585 -0.0261826 -0.0254332 
0 0.00289258 0.00579549 0.00875472 0.0117872 0.0148416 0.0178839 0.0209315 0.0239214 0.0266865 0.029133 0.0312038 0.0326916 0.0333898 0.0332328 0.0321077 0.0298677 0.0264676 0.021884 0.0161801 0.00952086 0.0020233 -0.00607426 -0.0144093 -0.0227227 -0.0306856 -0.0379402 -0.0442697 -0.0494058 -0.0531639 -0.055493 -0.0563131 -0.055746 -0.0539771 -0.051136 -0.0474876 -0.0432228 -0.038581 -0.0338745 -0.0292504 -0.0249049 -0.0209255 -0.0173321 -0.0142279 -0.0115666 -0.00937484 -0.00761689 -0.00619512 -0.00511148 -0.00424615 -0.00359675 -0.00311581 -0.00274571 -0.00251123 -0.00232158 -0.0022144 -0.00213252 -0.00207236 -0.00204552 -0.00199965 -0.00199238 -0.00195814 -0.00194955 -0.00193141 -0.00191348 -0.00191063 -0.00188527 -0.00189055 -0.00186459 -0.00186898 -0.00184911 -0.00184614 -0.00183576 -0.00182341 -0.00182216 -0.00180227 -0.0018072 -0.00178366 -0.00179092 -0.00176786 -0.0017741 -0.00175469 -0.00175773 -0.00174375 -0.00174265 -0.00173461 -0.00172943 -0.00172694 -0.00171831 -0.0017205 -0.00170932 -0.00171518 -0.00170233 -0.00171092 -0.00169716 -0.00170771 -0.00169362 -0.00170557 -0.00169156 -0.00170449 -0.00169089 -0.00170449 -0.00169156 -0.00170557 -0.00169362 -0.00170771 -0.00169716 -0.00171092 -0.00170233 -0.00171518 -0.00170932 -0.0017205 -0.00171831 -0.00172694 -0.00172943 -0.00173461 -0.00174265 -0.00174375 -0.00175773 -0.00175469 -0.0017741 -0.00176786 -0.00179092 -0.00178366 -0.0018072 -0.00180227 -0.00182216 -0.00182341 -0.00183576 -0.00184614 -0.00184911 -0.00186898 -0.00186459 -0.00189054 -0.00188524 -0.00191055 -0.00191327 -0.00193084 -0.00194811 -0.00195468 -0.00198439 -0.00198199 -0.00200817 -0.00199692 -0.00198698 -0.00194627 -0.00184976 -0.00171755 -0.00146751 -0.00114006 -0.000654949 -7.15623e-06 0.000831229 0.00195247 0.00335194 0.00515678 0.00738117 0.0100611 0.0132399 0.016838 0.0208882 0.0252989 0.0299675 0.034777 0.0394337 0.0437416 0.0474476 0.050305 0.0521735 0.0527917 0.0520178 0.0497996 0.0460774 0.0409863 0.034657 0.027264 0.0191433 0.0105427 0.00175727 -0.00682929 -0.0149673 -0.0224217 -0.0289922 -0.0345859 -0.0390601 -0.042373 -0.0446568 -0.0459517 -0.0462931 -0.0458874 -0.0449234 -0.0434986 -0.0417477 -0.0398332 -0.0378813 -0.0359969 -0.0342858 -0.0328282 -0.0316527 -0.0307881 
0 0.00338581 0.00682683 0.0102739 0.0137033 0.0171521 0.0205902 0.0239214 0.0270566 0.0299126 0.032393 0.0343516 0.0356091 0.0360336 0.0355103 0.0339182 0.0311818 0.027231 0.0220689 0.0158446 0.00865585 0.000608005 -0.00798803 -0.0168222 -0.0256133 -0.0340139 -0.0417583 -0.0485391 -0.0540452 -0.0581738 -0.0608093 -0.0619029 -0.061567 -0.0598691 -0.0570205 -0.0532603 -0.0487597 -0.0438428 -0.0387406 -0.0336778 -0.0288874 -0.0244133 -0.0203821 -0.0168259 -0.0137433 -0.0111997 -0.00909587 -0.00743119 -0.00612315 -0.00508195 -0.00431067 -0.00369344 -0.0032584 -0.00293732 -0.00270393 -0.00256806 -0.00244796 -0.00239854 -0.0023413 -0.0023133 -0.00229237 -0.00225981 -0.00225705 -0.0022202 -0.00222004 -0.00218869 -0.00218026 -0.00216186 -0.00214173 -0.00213702 -0.00210847 -0.00211262 -0.0020824 -0.00208849 -0.00206315 -0.00206538 -0.00204901 -0.00204424 -0.00203792 -0.0020258 -0.00202823 -0.00201032 -0.00201893 -0.00199765 -0.00200967 -0.00198744 -0.0020005 -0.00197925 -0.00199172 -0.0019727 -0.0019837 -0.00196748 -0.00197676 -0.00196342 -0.00197114 -0.00196042 -0.00196703 -0.00195843 -0.00196452 -0.00195743 -0.00196368 -0.00195743 -0.00196452 -0.00195843 -0.00196703 -0.00196042 -0.00197114 -0.00196342 -0.00197676 -0.00196748 -0.0019837 -0.0019727 -0.00199172 -0.00197925 -0.0020005 -0.00198744 -0.00200967 -0.00199765 -0.00201893 -0.00201032 -0.00202823 -0.0020258 -0.00203792 -0.00204424 -0.00204901 -0.00206538 -0.00206315 -0.00208849 -0.0020824 -0.00211262 -0.00210847 -0.00213702 -0.00214172 -0.00216185 -0.00218021 -0.00218854 -0.00221964 -0.00221918 -0.00225455 -0.00225393 -0.00227918 -0.00228496 -0.00228309 -0.0022843 -0.00223382 -0.00218454 -0.00204739 -0.00186164 -0.00156807 -0.00113766 -0.000576472 0.000217354 0.00122023 0.00255049 0.00425124 0.00637095 0.0090095 0.0121139 0.015738 0.0198241 0.0243141 0.0291924 0.0342652 0.0394001 0.0443471 0.0488191 0.052638 0.0555058 0.057225 0.0576331 0.0565469 0.0539769 0.0499013 0.0443568 0.0375687 0.0297391 0.0211567 0.0121233 0.00285718 -0.00627902 -0.0149448 -0.0229668 -0.0301499 -0.0363336 -0.041431 -0.0453734 -0.0482113 -0.0500422 -0.0509106 -0.0509324 -0.0502844 -0.0491073 -0.0475496 -0.0457619 -0.0438608 -0.0419796 -0.0402526 -0.0387535 -0.037527 -0.0366296 
0 0.00392501 0.00786621 0.0117606 0.0156079 0.019446 0.023183 0.0266865 0.0299126 0.0327937 0.0351617 0.0368584 0.0377921 0.0378478 0.0368713 0.0347703 0.0314995 0.0270217 0.0213965 0.0147302 0.00710923 -0.00127527 -0.0101651 -0.0192953 -0.0283306 -0.0370008 -0.0450481 -0.0521015 -0.0579206 -0.0623608 -0.0652901 -0.0667235 -0.066648 -0.0651243 -0.0623857 -0.0585992 -0.0540305 -0.0489546 -0.0435707 -0.0381908 -0.032979 -0.0280749 -0.0236186 -0.0196013 -0.0161252 -0.0131769 -0.0107291 -0.00878918 -0.00722025 -0.00601817 -0.00507887 -0.00434998 -0.00382785 -0.00341192 -0.00314625 -0.00294064 -0.00280759 -0.0027271 -0.00264987 -0.00262627 -0.00257466 -0.00256328 -0.00253233 -0.00251202 -0.00250025 -0.00246817 -0.0024688 -0.00243246 -0.00243522 -0.00240437 -0.00240054 -0.00238162 -0.00236728 -0.00236145 -0.0023377 -0.00234187 -0.00231297 -0.00232204 -0.00229312 -0.00230212 -0.00227739 -0.00228276 -0.00226478 -0.00226473 -0.00225438 -0.00224862 -0.00224551 -0.00223476 -0.00223781 -0.00222326 -0.00223113 -0.00221404 -0.00222547 -0.00220695 -0.00222093 -0.00220183 -0.00221759 -0.0021985 -0.00221555 -0.00219687 -0.00221486 -0.00219687 -0.00221555 -0.0021985 -0.00221759 -0.00220183 -0.00222093 -0.00220695 -0.00222547 -0.00221404 -0.00223113 -0.00222326 -0.00223781 -0.00223476 -0.00224551 -0.00224862 -0.00225438 -0.00226473 -0.00226478 -0.00228276 -0.00227739 -0.00230212 -0.00229312 -0.00232204 -0.00231297 -0.00234187 -0.0023377 -0.00236145 -0.00236728 -0.00238162 -0.00240054 -0.00240437 -0.00243521 -0.00243242 -0.0024687 -0.00246789 -0.00249953 -0.00251023 -0.00252807 -0.00255356 -0.00255343 -0.00258191 -0.00256132 -0.00255816 -0.00249964 -0.00240404 -0.00225165 -0.00198243 -0.00163246 -0.00109694 -0.00040572 0.00052478 0.00175263 0.00330714 0.00532697 0.00780102 0.0108166 0.0143653 0.0183973 0.0229377 0.0278583 0.0331078 0.0385254 0.0438632 0.0489501 0.0534843 0.057244 0.0600025 0.0614734 0.0615557 0.0601478 0.0572112 0.0528095 0.0469562 0.0398411 0.031753 0.0229136 0.0136115 0.00411442 -0.00531685 -0.014354 -0.022777 -0.0304264 -0.0371187 -0.0427736 -0.0473608 -0.0508353 -0.0532475 -0.0547182 -0.0553279 -0.0551526 -0.054354 -0.0531336 -0.0516191 -0.049915 -0.0481826 -0.0465372 -0.0450374 -0.0438152 -0.042982 
0 0.00444051 0.00883587 0.0131889 0.0174815 0.0216206 0.0255177 0.029133 0.032393 0.0351617 0.0372938 0.038662 0.0391729 0.0387403 0.0372457 0.0346013 0.0308063 0.0258952 0.0198925 0.0128583 0.00495942 -0.00358764 -0.012588 -0.0217815 -0.0308792 -0.0396416 -0.0477705 -0.0549727 -0.061027 -0.0657202 -0.0689715 -0.0707425 -0.0709634 -0.0697282 -0.0671752 -0.0635019 -0.0590026 -0.0538661 -0.0483559 -0.0427328 -0.0371698 -0.0319034 -0.0270129 -0.0225832 -0.0187004 -0.0153344 -0.0125502 -0.0102739 -0.00845344 -0.00704751 -0.0059239 -0.00508913 -0.00443615 -0.00395308 -0.00361428 -0.00334826 -0.00319443 -0.003059 -0.00298705 -0.00292712 -0.0028777 -0.00285821 -0.00281278 -0.00280894 -0.00277072 -0.00276491 -0.0027408 -0.00272396 -0.00271547 -0.00268731 -0.00268964 -0.00265587 -0.00266122 -0.00262935 -0.00263063 -0.00260656 -0.00259969 -0.00258618 -0.00257044 -0.00256721 -0.00254438 -0.00254918 -0.00252226 -0.00253207 -0.00250415 -0.00251613 -0.0024897 -0.0025017 -0.00247838 -0.00248907 -0.00246963 -0.00247845 -0.002463 -0.00246995 -0.00245813 -0.00246359 -0.00245479 -0.00245938 -0.00245284 -0.00245728 -0.0024522 -0.00245728 -0.00245284 -0.00245938 -0.00245479 -0.00246359 -0.00245813 -0.00246995 -0.002463 -0.00247845 -0.00246963 -0.00248907 -0.00247838 -0.0025017 -0.0024897 -0.00251613 -0.00250415 -0.00253207 -0.00252226 -0.00254918 -0.00254438 -0.00256721 -0.00257044 -0.00258618 -0.00259969 -0.00260656 -0.00263063 -0.00262935 -0.00266122 -0.00265587 -0.00268964 -0.0026873 -0.00271544 -0.00272389 -0.00274061 -0.00276441 -0.00276946 -0.00280589 -0.00280571 -0.0028425 -0.00284433 -0.00285934 -0.00285543 -0.00281473 -0.00276108 -0.00261285 -0.00241876 -0.00208703 -0.00163009 -0.00100601 -0.000145063 0.000948675 0.0024098 0.00425218 0.00657732 0.00944265 0.0128274 0.0167888 0.0212395 0.0261653 0.0314903 0.0370383 0.0426801 0.0481419 0.0532109 0.0576788 0.0612522 0.0637332 0.0648858 0.0645727 0.0628002 0.0595307 0.0548169 0.0487629 0.0415006 0.033293 0.0243793 0.0149953 0.00544424 -0.00403579 -0.0132339 -0.0219103 -0.0298696 -0.0369756 -0.0431513 -0.0483435 -0.0524837 -0.0555638 -0.0576784 -0.0589363 -0.0594056 -0.0591836 -0.058443 -0.0573381 -0.0559728 -0.0544909 -0.0530425 -0.0517154 -0.0506056 -0.0498104 
0 0.00489641 0.00974488 0.0145306 0.0191518 0.0234864 0.0275233 0.0312038 0.0343516 0.0368584 0.038662 0.0396262 0.0396483 0.0386772 0.0366184 0.0334285 0.0291626 0.0238585 0.0175373 0.0102938 0.00230215 -0.00624169 -0.0151563 -0.0242454 -0.0332649 -0.0419322 -0.0499861 -0.057211 -0.0633735 -0.068282 -0.0718319 -0.0739212 -0.0745161 -0.0736493 -0.0714009 -0.0679954 -0.063651 -0.0585786 -0.0530416 -0.0472383 -0.0414282 -0.0358272 -0.0305548 -0.0257596 -0.0214651 -0.0177266 -0.0145738 -0.0119483 -0.00985691 -0.00818388 -0.00687873 -0.00587909 -0.00509189 -0.0045266 -0.00408676 -0.00378675 -0.00357517 -0.00341968 -0.00333503 -0.00324934 -0.00321519 -0.00316524 -0.00313822 -0.0031116 -0.00307666 -0.00306554 -0.00302497 -0.00302012 -0.00298272 -0.00297532 -0.00294868 -0.00293347 -0.0029204 -0.00289682 -0.00289537 -0.00286643 -0.00287183 -0.00284209 -0.00284904 -0.00282272 -0.00282704 -0.00280697 -0.00280626 -0.00279364 -0.00278721 -0.00278192 -0.00277027 -0.00277137 -0.00275568 -0.00276188 -0.00274352 -0.00275356 -0.00273375 -0.00274657 -0.00272629 -0.00274113 -0.00272105 -0.0027374 -0.00271794 -0.0027355 -0.00271691 -0.0027355 -0.00271794 -0.0027374 -0.00272105 -0.00274113 -0.00272629 -0.00274657 -0.00273375 -0.00275356 -0.00274352 -0.00276188 -0.00275568 -0.00277137 -0.00277027 -0.00278192 -0.00278721 -0.00279364 -0.00280626 -0.00280697 -0.00282704 -0.00282272 -0.00284904 -0.00284209 -0.00287183 -0.00286643 -0.00289537 -0.00289682 -0.0029204 -0.00293347 -0.00294867 -0.00297531 -0.00298267 -0.00301999 -0.00302463 -0.00306466 -0.0030745 -0.00310651 -0.00312674 -0.00314045 -0.00316396 -0.00314808 -0.00314368 -0.00307397 -0.00297773 -0.00279818 -0.00251749 -0.00212984 -0.00155601 -0.000816014 0.000194616 0.00150256 0.00318829 0.00535222 0.00801041 0.011254 0.0150484 0.0193909 0.0242589 0.029545 0.0351834 0.0409687 0.0466939 0.0521542 0.0570917 0.0613249 0.0646051 0.0666934 0.0674452 0.0667394 0.064571 0.0609723 0.0559899 0.0497771 0.0425029 0.0343414 0.0255147 0.0162652 0.00684859 -0.00251945 -0.0116801 -0.0204506 -0.0286159 -0.0360295 -0.0426341 -0.0483579 -0.0531224 -0.056928 -0.059798 -0.0617711 -0.062965 -0.0634803 -0.0633772 -0.0628012 -0.0619286 -0.060868 -0.0597434 -0.0586981 -0.0577988 -0.0570954 
0 0.00532607 0.0105609 0.0156392 0.0204701 0.0249764 0.0290976 0.0326916 0.0356091 0.0377921 0.0391729 0.0396483 0.0391443 0.0375915 0.0349656 0.0313053 0.0266248 0.0209666 0.0144409 0.00714134 -0.000793638 -0.00916867 -0.0178485 -0.0266835 -0.0354325 -0.043848 -0.0517123 -0.0588349 -0.0650355 -0.0701181 -0.0739153 -0.0763313 -0.0773202 -0.0768685 -0.0750471 -0.0720056 -0.0679312 -0.0630519 -0.0575733 -0.051717 -0.0457426 -0.0398587 -0.0342694 -0.0291027 -0.0244247 -0.0203141 -0.0167686 -0.0138068 -0.0113955 -0.00945583 -0.00794654 -0.00675536 -0.00584702 -0.00515591 -0.00463094 -0.00426476 -0.00398502 -0.00380832 -0.00367495 -0.0035866 -0.00352955 -0.00347282 -0.00344822 -0.00340356 -0.00338659 -0.00335267 -0.00333131 -0.00330981 -0.00328105 -0.00327029 -0.00323706 -0.00323208 -0.00319981 -0.00319489 -0.00316854 -0.00315946 -0.0031418 -0.00312685 -0.00311816 -0.00309788 -0.00309658 -0.0030729 -0.00307657 -0.00305186 -0.00305803 -0.0030344 -0.00304111 -0.00302009 -0.00302606 -0.00300846 -0.00301308 -0.00299917 -0.00300236 -0.00299195 -0.00299397 -0.00298664 -0.00298798 -0.00298314 -0.00298438 -0.00298141 -0.00298318 -0.00298141 -0.00298438 -0.00298314 -0.00298798 -0.00298664 -0.00299397 -0.00299195 -0.00300236 -0.00299917 -0.00301308 -0.00300846 -0.00302606 -0.00302009 -0.00304111 -0.0030344 -0.00305803 -0.00305186 -0.00307657 -0.0030729 -0.00309658 -0.00309788 -0.00311816 -0.00312685 -0.0031418 -0.00315946 -0.00316854 -0.00319489 -0.00319981 -0.00323208 -0.00323705 -0.00327026 -0.00328097 -0.00330958 -0.00333071 -0.00335117 -0.00338298 -0.00339528 -0.00343004 -0.0034346 -0.00345265 -0.00343859 -0.00340257 -0.00332886 -0.00317711 -0.00295962 -0.00260469 -0.00212223 -0.0014474 -0.000543599 0.000633898 0.00218546 0.004151 0.00663545 0.00967068 0.0132771 0.0174676 0.0221842 0.0274027 0.0330165 0.0388764 0.0447972 0.0505262 0.0558567 0.060572 0.0644518 0.0672972 0.0689101 0.0691725 0.0680368 0.0654857 0.0615614 0.0563762 0.0500929 0.0428867 0.0349145 0.0263353 0.017371 0.00825337 -0.000867902 -0.00984794 -0.0185195 -0.0267471 -0.0343865 -0.0413198 -0.0474923 -0.0528479 -0.0573624 -0.0610334 -0.0638282 -0.0658119 -0.0671247 -0.06781 -0.067938 -0.0676994 -0.0672199 -0.0665655 -0.0658723 -0.0652585 -0.0647834 
0 0.00564291 0.0111453 0.0164258 0.0214159 0.0259967 0.0300217 0.0333898 0.0360336 0.0378478 0.0387403 0.0386772 0.0375915 0.035445 0.032323 0.0282599 0.0232319 0.0173489 0.0107452 0.00350353 -0.00422862 -0.0123174 -0.0206496 -0.0290492 -0.0373597 -0.0454015 -0.0529623 -0.0599129 -0.0660905 -0.0712721 -0.075294 -0.0780255 -0.0794035 -0.0794254 -0.0780962 -0.075509 -0.0718252 -0.0672259 -0.0619213 -0.0561235 -0.0500643 -0.0439925 -0.038122 -0.0326138 -0.0275802 -0.0230832 -0.0191643 -0.0158428 -0.0130934 -0.0108786 -0.00912119 -0.00774285 -0.00667934 -0.00585513 -0.00523893 -0.0047769 -0.00444268 -0.00420971 -0.0040397 -0.00393215 -0.00384655 -0.00379336 -0.00374807 -0.00371182 -0.00368606 -0.0036531 -0.00363615 -0.0036049 -0.00358967 -0.00356251 -0.00354449 -0.00352347 -0.00350104 -0.00348636 -0.0034605 -0.00345066 -0.00342387 -0.00341656 -0.00339161 -0.00338461 -0.00336367 -0.00335548 -0.00333971 -0.00332962 -0.00331925 -0.00330727 -0.00330185 -0.00328843 -0.00328718 -0.00327294 -0.00327498 -0.00326056 -0.00326511 -0.00325101 -0.00325748 -0.00324407 -0.00325205 -0.00323954 -0.0032488 -0.00323731 -0.00324772 -0.00323731 -0.0032488 -0.00323954 -0.00325205 -0.00324407 -0.00325748 -0.00325101 -0.00326511 -0.00326056 -0.00327498 -0.00327294 -0.00328718 -0.00328843 -0.00330185 -0.00330727 -0.00331925 -0.00332962 -0.00333971 -0.00335548 -0.00336367 -0.00338461 -0.00339161 -0.00341656 -0.00342387 -0.00345066 -0.0034605 -0.00348636 -0.00350104 -0.00352347 -0.00354447 -0.00356246 -0.00358952 -0.00360449 -0.00363512 -0.00365057 -0.00368018 -0.00369867 -0.00371993 -0.00373571 -0.00373356 -0.00372029 -0.00365971 -0.00355741 -0.00336971 -0.0030823 -0.00266161 -0.00206531 -0.00126577 -0.000193033 0.00120368 0.00300852 0.00529696 0.00812322 0.0115319 0.0155184 0.0200681 0.0251419 0.0306648 0.0365225 0.0425342 0.0484736 0.0541129 0.0592273 0.0636037 0.0670428 0.0693463 0.0703898 0.0701188 0.0685026 0.0655694 0.0613744 0.0560448 0.0497852 0.0427347 0.0350275 0.0268306 0.0182831 0.00956241 0.00081775 -0.00784916 -0.0162835 -0.0243963 -0.0321353 -0.0393361 -0.0458896 -0.0517886 -0.0569737 -0.0613923 -0.0650409 -0.0679212 -0.0700943 -0.0716544 -0.0726661 -0.0732111 -0.0733952 -0.0733318 -0.0731479 -0.0729324 -0.0727396 
0 0.00576794 0.0114344 0.0168455 0.0218539 0.0263312 0.0301506 0.0332328 0.0355103 0.0368713 0.0372457 0.0366184 0.0349656 0.032323 0.0287683 0.0243264 0.0190617 0.0130954 0.00653175 -0.000495196 -0.007891 -0.0155997 -0.023451 -0.0313034 -0.0390902 -0.0466453 -0.0538302 -0.0605363 -0.0665735 -0.0717878 -0.0759974 -0.0790277 -0.0808402 -0.0813708 -0.0805863 -0.0785431 -0.0753106 -0.0710742 -0.0660314 -0.0603666 -0.0543348 -0.0481581 -0.0420774 -0.0362955 -0.0309257 -0.0260756 -0.0217845 -0.0180851 -0.0149875 -0.0124465 -0.0104186 -0.00881729 -0.00756984 -0.00661091 -0.00587716 -0.00533265 -0.00493159 -0.00464593 -0.00444597 -0.00430522 -0.00420814 -0.00413617 -0.00408182 -0.00403794 -0.00399897 -0.0039658 -0.00393358 -0.0039048 -0.00387768 -0.00385133 -0.00382884 -0.00380465 -0.00378579 -0.00376413 -0.00374749 -0.00372883 -0.00371316 -0.00369767 -0.00368223 -0.00366974 -0.00365436 -0.00364439 -0.00362933 -0.00362131 -0.00360704 -0.00360043 -0.00358742 -0.00358182 -0.00357045 -0.00356561 -0.00355611 -0.00355195 -0.00354438 -0.00354092 -0.00353526 -0.00353262 -0.00352876 -0.00352706 -0.00352485 -0.00352428 -0.00352355 -0.00352428 -0.00352485 -0.00352706 -0.00352876 -0.00353262 -0.00353526 -0.00354092 -0.00354438 -0.00355195 -0.00355611 -0.00356561 -0.00357045 -0.00358182 -0.00358742 -0.00360043 -0.00360704 -0.00362131 -0.00362933 -0.00364439 -0.00365436 -0.00366974 -0.00368223 -0.00369767 -0.00371316 -0.00372883 -0.00374749 -0.00376413 -0.00378578 -0.00380463 -0.00382881 -0.00385123 -0.00387741 -0.00390409 -0.00393183 -0.00396167 -0.00398959 -0.0040175 -0.00403918 -0.00405104 -0.00404549 -0.00400792 -0.00392587 -0.00377438 -0.00353035 -0.00316582 -0.00264311 -0.00193161 -0.00097423 0.000281991 0.00191277 0.00400101 0.00660653 0.00979335 0.0135653 0.0179209 0.0228309 0.0282241 0.0340248 0.0400577 0.0461244 0.0519959 0.0574209 0.0622142 0.0661466 0.069028 0.0707319 0.0711552 0.0703214 0.0682388 0.0649255 0.060511 0.0551136 0.0489104 0.042075 0.0346994 0.0269523 0.0189546 0.0107495 0.00247435 -0.00575791 -0.013878 -0.0217962 -0.0294766 -0.0368275 -0.0436992 -0.0500482 -0.0558328 -0.0609672 -0.0654481 -0.0692746 -0.0724069 -0.0748962 -0.0768429 -0.0782903 -0.0792863 -0.0799445 -0.0803799 -0.0806506 -0.0808 
0 0.00576591 0.0114197 0.0167461 0.0215861 0.025853 0.029403 0.0321077 0.0339182 0.0347703 0.0346013 0.0334285 0.0313053 0.0282599 0.0243264 0.0196119 0.0142463 0.0083128 0.00193524 -0.00475682 -0.0117394 -0.0189331 -0.0261861 -0.0334365 -0.0406079 -0.0476117 -0.0543835 -0.0607531 -0.0665869 -0.0717775 -0.076105 -0.0794391 -0.0816817 -0.082715 -0.0825261 -0.0810615 -0.0783582 -0.0745847 -0.0698724 -0.0644521 -0.0585352 -0.0523304 -0.0461249 -0.040096 -0.0344312 -0.0292462 -0.0245837 -0.0205279 -0.0170601 -0.01419 -0.0118715 -0.0100164 -0.00857862 -0.00744832 -0.00659123 -0.005941 -0.00545433 -0.00511187 -0.00485573 -0.00468938 -0.00456289 -0.00447866 -0.00441539 -0.00436158 -0.00432502 -0.00428191 -0.00425465 -0.0042181 -0.00419264 -0.00416276 -0.0041366 -0.00411309 -0.00408638 -0.00406781 -0.00404184 -0.00402634 -0.00400256 -0.00398851 -0.0039679 -0.00395431 -0.00393725 -0.00392374 -0.00391013 -0.00389678 -0.00388622 -0.00387331 -0.00386531 -0.00385319 -0.0038473 -0.00383626 -0.00383211 -0.00382238 -0.00381973 -0.00381141 -0.00381012 -0.00380327 -0.00380326 -0.00379787 -0.00379916 -0.00379519 -0.00379779 -0.00379519 -0.00379916 -0.00379787 -0.00380326 -0.00380327 -0.00381012 -0.00381141 -0.00381973 -0.00382238 -0.00383211 -0.00383626 -0.0038473 -0.00385319 -0.00386531 -0.00387331 -0.00388622 -0.00389678 -0.00391013 -0.00392374 -0.00393725 -0.00395431 -0.0039679 -0.00398851 -0.00400256 -0.00402634 -0.00404184 -0.00406781 -0.00408637 -0.00411307 -0.00413653 -0.00416258 -0.00419216 -0.00421691 -0.00425179 -0.0042753 -0.00431037 -0.00433047 -0.00435211 -0.00435547 -0.00433335 -0.00428002 -0.00415658 -0.00396689 -0.00365265 -0.0032088 -0.0025824 -0.00173072 -0.000613556 0.000866506 0.00275184 0.00515173 0.00810733 0.0116501 0.0158034 0.0205061 0.0257515 0.0314323 0.0374241 0.0435609 0.0495735 0.0552698 0.0604022 0.0647603 0.0681769 0.070436 0.07148 0.0712846 0.0698578 0.0672989 0.0636426 0.0590271 0.0536345 0.047558 0.040967 0.0339994 0.0267485 0.01933 0.0117431 0.00401921 -0.00371613 -0.0114341 -0.0191021 -0.0266275 -0.0339655 -0.0410525 -0.0477825 -0.0540763 -0.0598815 -0.0651687 -0.0698973 -0.0740117 -0.077509 -0.0804264 -0.0828137 -0.0847469 -0.0862674 -0.0873882 -0.0881921 -0.0887663 
0 0.00559846 0.0110043 0.0160359 0.0205721 0.0244879 0.0276202 0.0298677 0.0311818 0.0314995 0.0308063 0.0291626 0.0266248 0.0232319 0.0190617 0.0142463 0.0089129 0.00315936 -0.00291493 -0.00922741 -0.0157039 -0.02226 -0.0288497 -0.0354189 -0.0419158 -0.0483525 -0.0546428 -0.0606326 -0.066243 -0.0713302 -0.0757419 -0.0793528 -0.0819725 -0.0835184 -0.0839148 -0.0830501 -0.080966 -0.077712 -0.0734324 -0.068351 -0.0626158 -0.056493 -0.0502143 -0.043996 -0.0380835 -0.032565 -0.0275717 -0.0231522 -0.0193187 -0.0161199 -0.0134735 -0.0113652 -0.00969567 -0.00838248 -0.0073855 -0.0066011 -0.00603378 -0.0056016 -0.00529691 -0.00508659 -0.00492719 -0.00483445 -0.00474679 -0.00470096 -0.00464839 -0.00461288 -0.00457972 -0.00454185 -0.00451985 -0.00447943 -0.00446218 -0.00442346 -0.00440599 -0.00437307 -0.00435256 -0.00432756 -0.00430349 -0.00428636 -0.00425989 -0.00424911 -0.00422213 -0.00421563 -0.00419003 -0.00418586 -0.00416308 -0.00415976 -0.00414062 -0.00413729 -0.00412207 -0.00411835 -0.00410695 -0.00410283 -0.0040949 -0.0040906 -0.0040857 -0.00408154 -0.0040792 -0.00407556 -0.00407532 -0.00407259 -0.00407403 -0.00407259 -0.00407532 -0.00407556 -0.0040792 -0.00408154 -0.0040857 -0.0040906 -0.0040949 -0.00410283 -0.00410695 -0.00411835 -0.00412207 -0.00413729 -0.00414062 -0.00415976 -0.00416308 -0.00418586 -0.00419003 -0.00421563 -0.00422213 -0.00424911 -0.00425989 -0.00428636 -0.00430349 -0.00432756 -0.00435256 -0.00437307 -0.00440597 -0.00442342 -0.00446207 -0.00447912 -0.00451905 -0.0045399 -0.00457513 -0.00460253 -0.004626 -0.00465457 -0.00465474 -0.00465959 -0.00460923 -0.00453293 -0.00437284 -0.00412089 -0.00375014 -0.00319945 -0.00247045 -0.00146096 -0.000153326 0.00155767 0.00374765 0.00646336 0.00979497 0.013703 0.0182162 0.0232735 0.0287986 0.0347233 0.0408311 0.0469558 0.0528395 0.0582427 0.0629986 0.0668532 0.069661 0.0712829 0.0716411 0.0708132 0.0688192 0.0657601 0.0617896 0.0570241 0.0516551 0.0457893 0.0395079 0.0329786 0.0262721 0.0194149 0.0124418 0.00534183 -0.00185453 -0.0091127 -0.0164252 -0.0237272 -0.0309661 -0.0381344 -0.0451576 -0.0519044 -0.0582983 -0.0643081 -0.0698639 -0.0749014 -0.0794224 -0.0833982 -0.0867847 -0.0896466 -0.0920449 -0.093944 -0.0953686 -0.096391 
0 0.00515291 0.01011 0.0147072 0.0187711 0.0221433 0.024737 0.0264676 0.027231 0.0270217 0.0258952 0.0238585 0.0209666 0.0173489 0.0130954 0.0083128 0.00315936 -0.00228023 -0.00796427 -0.0137886 -0.0196515 -0.0255281 -0.0314114 -0.0372715 -0.0431107 -0.0489304 -0.0546691 -0.060251 -0.065571 -0.0705165 -0.0749979 -0.0788289 -0.0818238 -0.0838671 -0.084807 -0.0845688 -0.0831092 -0.0804213 -0.076663 -0.0719696 -0.0665299 -0.0605814 -0.05431 -0.0480067 -0.0418716 -0.0360695 -0.0307569 -0.0259597 -0.0217768 -0.0182026 -0.0152252 -0.0128313 -0.010901 -0.00941008 -0.00823723 -0.00733984 -0.00666975 -0.00615195 -0.00579925 -0.00552222 -0.00534569 -0.00520954 -0.00511167 -0.00504779 -0.00497857 -0.00494566 -0.00488949 -0.00486505 -0.00482132 -0.0047945 -0.00476448 -0.004732 -0.00471407 -0.00467743 -0.00466733 -0.00463027 -0.00462302 -0.00458942 -0.00458102 -0.00455359 -0.00454175 -0.00452169 -0.0045058 -0.00449301 -0.00447365 -0.0044672 -0.00444558 -0.0044442 -0.00442166 -0.00442411 -0.00440181 -0.00440708 -0.00438589 -0.00439329 -0.00437372 -0.00438285 -0.00436515 -0.00437585 -0.00436006 -0.00437233 -0.00435837 -0.00437233 -0.00436006 -0.00437585 -0.00436515 -0.00438285 -0.00437372 -0.00439329 -0.00438589 -0.00440708 -0.00440181 -0.00442411 -0.00442166 -0.0044442 -0.00444558 -0.0044672 -0.00447365 -0.00449301 -0.0045058 -0.00452169 -0.00454175 -0.00455359 -0.00458102 -0.00458942 -0.00462302 -0.00463027 -0.00466732 -0.00467742 -0.00471404 -0.00473193 -0.00476428 -0.00479397 -0.00482001 -0.00486191 -0.00488228 -0.00492977 -0.00494503 -0.00497996 -0.00498029 -0.00496591 -0.00491304 -0.00478596 -0.00459711 -0.00426478 -0.00381287 -0.00315296 -0.00226997 -0.00110104 0.000447166 0.00240874 0.00491592 0.00797683 0.0116514 0.0159348 0.0207685 0.0261467 0.0319283 0.0380116 0.044192 0.0502127 0.0558817 0.0609337 0.0651974 0.0684846 0.0706096 0.0715338 0.0712255 0.0697542 0.0672291 0.063737 0.0594794 0.0546316 0.0493161 0.0436614 0.037744 0.0316594 0.0254823 0.0192019 0.012824 0.00635781 -0.00024387 -0.00701565 -0.0139269 -0.0209392 -0.0280438 -0.0352063 -0.0423629 -0.0494471 -0.0563569 -0.0629914 -0.0692947 -0.0752064 -0.0806726 -0.0856549 -0.0900798 -0.0938988 -0.0971369 -0.09981 -0.101903 -0.103407 
