0 0 0 0 0 0 0 0 0 0 0 0 0 0 0 0 0 0 0 0 0 0 0 0 0 0 0 0 0 0 0 0 0 0 0 0 0 0 0 0 0 0 0 0 0 0 0 0 0 0 0 0 0 0 0 0 0 0 0 0 0 0 0 0 0 0 0 0 0 0 0 0 0 0 0 0 0 0 0 0 0 0 0 0 0 0 0 0 0 0 0 0 0 0 0 0 0 0 0 0 0 0 0 0 0 0 0 0 0 0 0 0 0 0 0 0 0 0 0 0 0 0 0 0 0 0 0 0 0 0 0 0 0 0 0 0 0 0 0 0 0 0 0 0 0 0 0 0 0 0 0 0 0 0 0 0 0 0 0 0 0 0 0 0 0 0 0 0 0 0 0 0 0 0 0 0 0 0 0 0 0 0 0 0 0 0 0 0 0 0 0 0 0 0 0 0 0 0 0 0 
0 4.69308e-05 6.00996e-05 9.34415e-05 0.000138841 0.000165697 0.000211145 0.000245448 0.000259565 0.00033979 0.000411275 0.000408254 0.000477413 0.000578775 0.000611255 0.00071569 0.00085699 0.000944281 0.0011043 0.00129409 0.00148069 0.00175089 0.00202843 0.00236899 0.00278954 0.00316316 0.00361709 0.00410592 0.00450495 0.00491426 0.00522863 0.00543247 0.00551429 0.00532633 0.00498709 0.00442095 0.00356949 0.00254139 0.00127588 -6.36983e-05 -0.00146738 -0.00292912 -0.00425974 -0.00548833 -0.00645722 -0.00718876 -0.00770447 -0.0079017 -0.00789248 -0.00758622 -0.00711697 -0.00652849 -0.00583214 -0.00514999 -0.00439184 -0.00370384 -0.00302864 -0.00244165 -0.0019616 -0.00153336 -0.00123782 -0.000946714 -0.000763582 -0.000579581 -0.000458903 -0.000365495 -0.000283857 -0.000258305 -0.0002018 -0.000213009 -0.00017394 -0.00019452 -0.000171036 -0.000184301 -0.00017667 -0.000176101 -0.000183231 -0.000169129 -0.000187678 -0.000163887 -0.000189195 -0.000160649 -0.000188064 -0.000159241 -0.000185049 -0.000159211 -0.00018101 -0.000160042 -0.000176687 -0.000161281 -0.000172614 -0.000162596 -0.000169118 -0.000163776 -0.000166361 -0.000164708 -0.000164399 -0.000165341 -0.000163232 -0.000165659 -0.000162846 -0.000165659 -0.000163232 -0.000165341 -0.000164399 -0.000164708 -0.000166361 -0.000163776 -0.000169118 -0.000162596 -0.000172614 -0.000161281 -0.000176687 -0.000160042 -0.00018101 -0.000159211 -0.000185049 -0.000159241 -0.000188064 -0.000160648 -0.000189191 -0.000163876 -0.000187646 -0.000169043 -0.000183008 -0.00017555 -0.000175366 -0.000181346 -0.000164624 -0.000181215 -0.000147556 -0.000163056 -0.00011156 -0.000102818 -2.8282e-05 3.56364e-05 0.000143555 0.000289437 0.000446885 0.000692847 0.000937964 0.00131323 0.00172089 0.00226338 0.00288338 0.00356584 0.00432769 0.00504732 0.00581582 0.006491 0.00712087 0.00760322 0.00784836 0.00788779 0.00759552 0.00709803 0.00630913 0.00525837 0.00401874 0.0025703 0.00112878 -0.000345099 -0.00176401 -0.00303425 -0.00417392 -0.00501315 -0.0056594 -0.00610258 -0.00627251 -0.00628772 -0.00608822 -0.00579446 -0.00544982 -0.00496327 -0.00451511 -0.00408338 -0.0036312 -0.0032582 -0.00288601 -0.00257741 -0.00233913 -0.00206179 -0.00187847 -0.00175123 -0.00157145 -0.00148061 -0.00142617 -0.00131265 -0.00125153 -0.00121614 -0.00115715 -0.00112654 -0.00108726 -0.00105279 -0.00106999 -0.00105046 -0.000987883 -0.000987164 -0.00101132 -0.00098348 
0 6.00996e-05 0.000128165 0.00020317 0.000271788 0.000331136 0.000409182 0.000503557 0.000576851 0.000652005 0.000755545 0.000862005 0.00098859 0.00113858 0.00127623 0.0014499 0.00168228 0.00192422 0.00221533 0.00259682 0.0030346 0.00352854 0.00411071 0.0047982 0.00555693 0.00636104 0.00724597 0.00816532 0.0090247 0.00978822 0.0104089 0.0108134 0.0108849 0.0105529 0.00982809 0.00865894 0.00701515 0.00492653 0.00248273 -0.000174575 -0.00297566 -0.00579878 -0.00847992 -0.0108648 -0.0128104 -0.0142947 -0.015275 -0.0157303 -0.0156652 -0.0151045 -0.014183 -0.012994 -0.0116584 -0.0102407 -0.00878872 -0.00738515 -0.00606342 -0.00490922 -0.0039212 -0.00311714 -0.0024698 -0.00194385 -0.00153468 -0.00119503 -0.000946539 -0.000744752 -0.000609825 -0.000509257 -0.000444593 -0.00040606 -0.000375241 -0.000367065 -0.000349079 -0.000352491 -0.000339586 -0.000345485 -0.000336396 -0.000340777 -0.000335907 -0.000337209 -0.000336681 -0.000334625 -0.000337938 -0.000332952 -0.000339204 -0.000332043 -0.000340224 -0.000331701 -0.000340907 -0.000331724 -0.000341272 -0.000331942 -0.000341395 -0.000332229 -0.000341369 -0.000332499 -0.000341281 -0.0003327 -0.000341201 -0.000332807 -0.000341169 -0.000332807 -0.000341201 -0.0003327 -0.000341281 -0.000332499 -0.000341369 -0.000332229 -0.000341395 -0.000331942 -0.000341272 -0.000331724 -0.000340907 -0.000331701 -0.000340224 -0.000332043 -0.000339204 -0.000332952 -0.000337937 -0.000334622 -0.000336671 -0.000337181 -0.00033583 -0.000340574 -0.000335881 -0.000344232 -0.000336661 -0.000345948 -0.000335057 -0.000338312 -0.000318863 -0.000300443 -0.000255656 -0.000186584 -8.3554e-05 7.58864e-05 0.000279722 0.000567476 0.000915068 0.00137084 0.00192669 0.00263076 0.00350413 0.0045573 0.00580111 0.0071695 0.00863814 0.0101169 0.0115756 0.0129489 0.0141479 0.0150753 0.0155774 0.0155972 0.0150818 0.0140483 0.012506 0.0104483 0.00796886 0.00518338 0.00227776 -0.000619497 -0.00341993 -0.00597787 -0.00817604 -0.00991177 -0.0111889 -0.0120401 -0.0124398 -0.0124309 -0.0120982 -0.0115441 -0.010825 -0.0099614 -0.00905841 -0.00818439 -0.00733412 -0.00652829 -0.00580742 -0.00519781 -0.00466112 -0.00418342 -0.00381054 -0.00350252 -0.00321684 -0.00298767 -0.00280682 -0.00265203 -0.00252636 -0.00242102 -0.00233399 -0.00226041 -0.00220042 -0.00215049 -0.00208463 -0.00204003 -0.00204664 -0.00202596 -0.00197945 -0.00198015 
0 9.34415e-05 0.00020317 0.000302191 0.000400593 0.00051384 0.000619449 0.000738616 0.000880364 0.00100014 0.00113743 0.00132539 0.00149923 0.00169345 0.00195486 0.00222347 0.00254562 0.00295574 0.00339786 0.00395106 0.00462439 0.0053603 0.00625784 0.0072856 0.00838907 0.00963216 0.0109206 0.0122206 0.0134938 0.0145715 0.0154497 0.0159911 0.0160236 0.0155441 0.0144149 0.0126358 0.0102055 0.00709524 0.00352721 -0.00041611 -0.00455347 -0.00866559 -0.0126153 -0.0160813 -0.0189743 -0.0211731 -0.0226015 -0.0233057 -0.0231947 -0.0224343 -0.0211017 -0.0193726 -0.01743 -0.0153083 -0.013199 -0.0110966 -0.00916351 -0.00743792 -0.00594951 -0.00475212 -0.00373784 -0.00296913 -0.00231261 -0.00182397 -0.00142808 -0.00112924 -0.000928179 -0.000759928 -0.000685388 -0.000597053 -0.000584132 -0.000539932 -0.000544315 -0.000525881 -0.000526015 -0.000525296 -0.000514808 -0.000526927 -0.000506986 -0.000527265 -0.000501827 -0.000525648 -0.000498959 -0.00052242 -0.000497859 -0.000518228 -0.000497929 -0.000513717 -0.000498636 -0.000509392 -0.00049958 -0.000505587 -0.000500506 -0.000502484 -0.000501278 -0.000500158 -0.000501837 -0.00049862 -0.00050217 -0.000497858 -0.00050228 -0.000497858 -0.00050217 -0.00049862 -0.000501837 -0.000500158 -0.000501278 -0.000502484 -0.000500506 -0.000505587 -0.00049958 -0.000509392 -0.000498636 -0.000513717 -0.000497929 -0.000518228 -0.000497859 -0.000522419 -0.000498957 -0.000525641 -0.000501807 -0.000527209 -0.000506837 -0.000526542 -0.000513852 -0.000523016 -0.000520793 -0.000514413 -0.000520185 -0.000491311 -0.000490393 -0.000424229 -0.000380799 -0.000246755 -0.000101167 0.000147447 0.000464647 0.000881289 0.00143467 0.00209232 0.00296869 0.00400433 0.00533549 0.00689871 0.00873176 0.0107736 0.0129125 0.0151361 0.0172635 0.0192977 0.0210333 0.0223462 0.0230841 0.0230658 0.0223288 0.0207673 0.0184693 0.0154504 0.0117918 0.00775718 0.0034684 -0.000791601 -0.00488584 -0.00865881 -0.0118647 -0.014488 -0.0164196 -0.0176882 -0.0183557 -0.0183888 -0.017981 -0.0172063 -0.0161364 -0.0149362 -0.013617 -0.0123092 -0.0110781 -0.00987915 -0.0088279 -0.00790492 -0.00706628 -0.00638474 -0.00579278 -0.0052811 -0.0048915 -0.00453814 -0.00423971 -0.00402765 -0.00382319 -0.00364943 -0.00352619 -0.00339962 -0.00330386 -0.00324006 -0.00315111 -0.00308993 -0.00307652 -0.00302682 -0.002971 -0.00298172 
0 0.000138841 0.000271788 0.000400593 0.000536143 0.000695733 0.000851319 0.000985107 0.00115933 0.00137088 0.00156395 0.00177881 0.00203007 0.00230128 0.00264535 0.00304307 0.00347496 0.00402119 0.00466917 0.00539718 0.00627705 0.00731709 0.00850451 0.00984521 0.0113306 0.0129491 0.0146218 0.0162791 0.0178659 0.0192493 0.0202995 0.0208804 0.0208656 0.0201494 0.0186102 0.0162183 0.0129826 0.00896334 0.00430781 -0.000824656 -0.00618162 -0.0115167 -0.0165734 -0.0210774 -0.0248507 -0.0277175 -0.0296149 -0.0305154 -0.0304329 -0.0294948 -0.0278196 -0.025629 -0.0230844 -0.0203486 -0.0175713 -0.0148431 -0.0123142 -0.0100291 -0.0080738 -0.00643524 -0.00509467 -0.00402462 -0.00315307 -0.00248451 -0.001944 -0.00155398 -0.00125446 -0.00105251 -0.000915315 -0.000822156 -0.000775702 -0.000732911 -0.000726655 -0.000703201 -0.000709646 -0.000694249 -0.000701108 -0.000691423 -0.000694054 -0.000690023 -0.000687288 -0.000688645 -0.000681036 -0.000686905 -0.00067563 -0.000684786 -0.000671227 -0.000682424 -0.000667813 -0.000680011 -0.000665276 -0.000677737 -0.000663464 -0.000675759 -0.000662223 -0.000674191 -0.000661429 -0.00067311 -0.000660989 -0.000672559 -0.000660848 -0.000672559 -0.000660989 -0.00067311 -0.000661429 -0.000674191 -0.000662223 -0.000675759 -0.000663464 -0.000677737 -0.000665276 -0.000680011 -0.000667813 -0.000682424 -0.000671227 -0.000684786 -0.00067563 -0.000686903 -0.000681032 -0.000688631 -0.00068725 -0.00068992 -0.000693784 -0.000690741 -0.000699452 -0.000690387 -0.000700999 -0.000684627 -0.000688409 -0.000657464 -0.000633196 -0.000564522 -0.000469541 -0.000314059 -8.20841e-05 0.0002331 0.000679132 0.00123815 0.00198055 0.00289203 0.00405463 0.00548537 0.007237 0.00933051 0.0117227 0.0143881 0.0171939 0.0200729 0.0228734 0.0254682 0.0276893 0.0293213 0.0302126 0.0301819 0.0291737 0.0271414 0.0241078 0.0201798 0.0154842 0.0102663 0.0047513 -0.000791678 -0.00609607 -0.0109549 -0.0151628 -0.018613 -0.0212164 -0.0229474 -0.0238719 -0.024061 -0.0236306 -0.0226888 -0.021378 -0.0198563 -0.0182035 -0.0165143 -0.0148784 -0.0133544 -0.0119661 -0.0106999 -0.00960296 -0.00867586 -0.00785447 -0.00716712 -0.00661332 -0.00614303 -0.00575512 -0.00542417 -0.00514401 -0.00492667 -0.00473334 -0.0045671 -0.00443439 -0.00431795 -0.00425007 -0.00418529 -0.00407509 -0.00402565 -0.00402973 -0.00397956 
0 0.000165697 0.000331136 0.00051384 0.000695733 0.000869391 0.00106406 0.00127565 0.00148969 0.00171778 0.00197325 0.00227139 0.00260506 0.00296707 0.00339871 0.00390376 0.00446884 0.00516544 0.0060096 0.00695561 0.00807519 0.00940803 0.0108858 0.0125295 0.0143632 0.0163193 0.01833 0.0202988 0.0221456 0.0237526 0.0248916 0.0254387 0.0252914 0.0242704 0.022285 0.0192697 0.0152713 0.0104101 0.00476226 -0.00142601 -0.00787721 -0.0142906 -0.0203298 -0.0257786 -0.0303484 -0.0338547 -0.0361945 -0.037303 -0.0372911 -0.0362212 -0.0342895 -0.03169 -0.0286136 -0.0253138 -0.0219113 -0.018616 -0.0155111 -0.0127106 -0.0102836 -0.00821317 -0.00653685 -0.00515072 -0.00406899 -0.00319577 -0.00252483 -0.00201664 -0.00162813 -0.00137174 -0.00116927 -0.00106407 -0.000969428 -0.000935421 -0.000895883 -0.00088464 -0.000872559 -0.000862672 -0.000865567 -0.000851169 -0.00086273 -0.000844524 -0.000860391 -0.000840966 -0.000857691 -0.000839547 -0.000854611 -0.000839485 -0.000851367 -0.000840138 -0.000848207 -0.000841043 -0.000845333 -0.000841919 -0.000842885 -0.000842628 -0.000840942 -0.000843133 -0.000839544 -0.000843444 -0.000838704 -0.00084359 -0.000838424 -0.00084359 -0.000838704 -0.000843444 -0.000839544 -0.000843133 -0.000840942 -0.000842628 -0.000842885 -0.000841919 -0.000845333 -0.000841043 -0.000848207 -0.000840138 -0.000851367 -0.000839484 -0.00085461 -0.000839544 -0.000857682 -0.000840941 -0.000860322 -0.00084434 -0.000862256 -0.000850001 -0.000862798 -0.000856367 -0.000858772 -0.000855721 -0.000837714 -0.000823284 -0.000762321 -0.000697654 -0.000548102 -0.000361942 -5.16272e-05 0.000352596 0.000913982 0.00164508 0.00257152 0.00376688 0.00522933 0.00706966 0.00925898 0.0118589 0.0148033 0.0180343 0.0214697 0.024939 0.0283407 0.0314247 0.0340263 0.0359088 0.0368755 0.0368027 0.035523 0.0330386 0.0293448 0.0245889 0.0189857 0.0127242 0.0061199 -0.000558475 -0.00696565 -0.0128133 -0.0179533 -0.0221969 -0.0254566 -0.0276812 -0.0289127 -0.0293134 -0.0289466 -0.0279365 -0.0264818 -0.0247263 -0.0228073 -0.0207983 -0.018802 -0.0169494 -0.0152248 -0.0136363 -0.0122667 -0.0110864 -0.0100523 -0.00917898 -0.00844697 -0.00783014 -0.00730909 -0.00687298 -0.00652794 -0.00623364 -0.00597027 -0.00577907 -0.00561835 -0.00544323 -0.00531906 -0.00523745 -0.00514481 -0.00509351 -0.005068 -0.00499947 
0 0.000211145 0.000409182 0.000619449 0.000851319 0.00106406 0.00128273 0.00156296 0.00184017 0.00209728 0.00242984 0.00280891 0.00319484 0.00366723 0.00421732 0.00482986 0.0055758 0.00644736 0.00745454 0.00865007 0.0100236 0.011608 0.0134042 0.0153623 0.0175092 0.0197809 0.0220524 0.0242641 0.0262916 0.0279726 0.0291233 0.0295648 0.0291878 0.0278309 0.0253549 0.0217406 0.0170391 0.0113651 0.0048506 -0.00227417 -0.00966982 -0.0169877 -0.0239008 -0.030134 -0.035407 -0.0394815 -0.0422141 -0.0435747 -0.0436451 -0.0425383 -0.040427 -0.0375045 -0.0340108 -0.0301952 -0.0262704 -0.0224339 -0.0188076 -0.0155124 -0.0126035 -0.0101185 -0.00805456 -0.00636754 -0.00502644 -0.00395617 -0.00313428 -0.00249742 -0.00203007 -0.00169009 -0.0014529 -0.00129903 -0.00119238 -0.00113665 -0.00109141 -0.00107705 -0.00105635 -0.00105471 -0.0010438 -0.00104333 -0.00103776 -0.00103481 -0.00103335 -0.00102737 -0.00102932 -0.00102085 -0.00102541 -0.00101535 -0.00102165 -0.00101086 -0.00101812 -0.00100732 -0.00101496 -0.00100462 -0.00101227 -0.00100262 -0.00101011 -0.00100123 -0.00100854 -0.00100034 -0.00100759 -0.000999916 -0.00100727 -0.000999916 -0.00100759 -0.00100034 -0.00100854 -0.00100123 -0.00101011 -0.00100262 -0.00101227 -0.00100462 -0.00101496 -0.00100732 -0.00101812 -0.00101086 -0.00102165 -0.00101535 -0.00102541 -0.00102085 -0.00102931 -0.00102732 -0.00103323 -0.00103449 -0.00103695 -0.00104138 -0.00103929 -0.00104468 -0.00103494 -0.00103321 -0.00100532 -0.000974595 -0.000899947 -0.000793137 -0.000613329 -0.000351789 2.30867e-05 0.000542807 0.00122694 0.00213054 0.00327411 0.00473381 0.00654087 0.00876001 0.0114062 0.0144764 0.017937 0.0217015 0.02568 0.0297056 0.0335976 0.0371101 0.0400006 0.0420468 0.0430489 0.0428541 0.0413172 0.0383834 0.0340968 0.0286269 0.0222067 0.0150804 0.00753761 -8.86987e-05 -0.0074229 -0.0141684 -0.0201176 -0.0251073 -0.0290123 -0.0317557 -0.0334071 -0.0340779 -0.0338676 -0.0329212 -0.0313981 -0.029503 -0.0273761 -0.0251037 -0.0228434 -0.0206753 -0.0186361 -0.0167834 -0.0151132 -0.0136538 -0.0124017 -0.0113018 -0.0103865 -0.00962493 -0.00895398 -0.00842079 -0.00798677 -0.00758619 -0.00726869 -0.00701882 -0.00679338 -0.00661249 -0.00645353 -0.00632271 -0.00624625 -0.00615945 -0.00607236 -0.00605608 
0 0.000245448 0.000503557 0.000738616 0.000985107 0.00127565 0.00156296 0.00184492 0.00216673 0.00254008 0.00294324 0.00336186 0.00385055 0.00444172 0.0050967 0.00586542 0.00679491 0.0078402 0.00905864 0.0105049 0.012136 0.0139875 0.0160714 0.018338 0.0207674 0.0232704 0.0257579 0.0281388 0.0302312 0.0318886 0.0329399 0.033186 0.0324972 0.0307143 0.0277331 0.0235462 0.0181879 0.0117937 0.00452867 -0.00336073 -0.0115148 -0.019583 -0.0272149 -0.0341045 -0.039968 -0.0445321 -0.0476476 -0.0492734 -0.0494795 -0.0483997 -0.0461808 -0.0430363 -0.039209 -0.034975 -0.0305982 -0.026278 -0.0221823 -0.0184122 -0.0150513 -0.0121447 -0.00969577 -0.00769319 -0.00607659 -0.00480361 -0.00380686 -0.00304413 -0.00247273 -0.00205162 -0.0017599 -0.00155394 -0.00142663 -0.00133888 -0.00129147 -0.00125852 -0.00124147 -0.0012306 -0.00122163 -0.00121928 -0.00121106 -0.00121221 -0.00120342 -0.001206 -0.00119718 -0.00120005 -0.00119197 -0.00119441 -0.00118766 -0.00118927 -0.00118412 -0.00118477 -0.00118127 -0.00118099 -0.00117901 -0.00117798 -0.0011773 -0.00117574 -0.0011761 -0.00117426 -0.00117538 -0.00117352 -0.00117514 -0.00117352 -0.00117538 -0.00117426 -0.0011761 -0.00117574 -0.0011773 -0.00117798 -0.00117901 -0.00118099 -0.00118127 -0.00118477 -0.00118412 -0.00118927 -0.00118766 -0.00119441 -0.00119197 -0.00120004 -0.00119715 -0.00120592 -0.0012032 -0.00121165 -0.0012097 -0.0012161 -0.00121444 -0.00121498 -0.00120894 -0.00119352 -0.00116686 -0.0011098 -0.00102275 -0.00087077 -0.000649996 -0.000316694 0.000143092 0.000772875 0.00160517 0.002684 0.00406987 0.00581025 0.00797518 0.0105904 0.0136798 0.0172169 0.0211512 0.0254086 0.0298609 0.0343505 0.0386377 0.0424593 0.0455478 0.0476633 0.0486263 0.0482593 0.0464366 0.0430994 0.0383041 0.0322456 0.0251555 0.017315 0.00903091 0.00064717 -0.00744979 -0.0149618 -0.0216398 -0.0272949 -0.0318138 -0.0351136 -0.0372362 -0.0382631 -0.0382978 -0.0375212 -0.0360747 -0.0341329 -0.0318847 -0.0294523 -0.0269791 -0.0245475 -0.0222224 -0.0201011 -0.0181625 -0.0164122 -0.0149105 -0.0136043 -0.0124722 -0.0115343 -0.0107411 -0.0100648 -0.00949476 -0.00902434 -0.00864664 -0.00830174 -0.00800572 -0.00781319 -0.00764266 -0.00746196 -0.00733814 -0.00723779 -0.00715011 -0.00712509 
0 0.000259565 0.000576851 0.000880364 0.00115933 0.00148969 0.00184017 0.00216673 0.00255077 0.00300494 0.00345658 0.00397231 0.0046135 0.00530339 0.00607769 0.00702909 0.00811934 0.00936724 0.0108412 0.012531 0.0144448 0.0165708 0.018903 0.0214529 0.0240956 0.0267565 0.0294076 0.0318465 0.0339069 0.0354482 0.0362741 0.0362397 0.03514 0.032857 0.0293723 0.0246211 0.0186792 0.0116703 0.00378495 -0.00466813 -0.013407 -0.0220484 -0.0302372 -0.0376589 -0.0439765 -0.0489708 -0.0524449 -0.0543541 -0.0547579 -0.053749 -0.0515168 -0.0482347 -0.0441798 -0.0396346 -0.0348749 -0.0301531 -0.0256183 -0.0214201 -0.0176241 -0.0143034 -0.0114783 -0.00913527 -0.00724703 -0.00573823 -0.0045667 -0.00365495 -0.00297057 -0.00245976 -0.00209353 -0.00183951 -0.00166579 -0.00155765 -0.0014843 -0.00144527 -0.00141587 -0.00140341 -0.00139081 -0.00138641 -0.00138021 -0.00137746 -0.00137422 -0.00137138 -0.00136989 -0.0013667 -0.00136635 -0.00136292 -0.00136329 -0.00135979 -0.00136059 -0.00135719 -0.00135822 -0.00135502 -0.00135621 -0.00135328 -0.00135459 -0.00135195 -0.00135339 -0.00135105 -0.00135266 -0.0013506 -0.00135242 -0.0013506 -0.00135266 -0.00135105 -0.00135339 -0.00135195 -0.00135459 -0.00135328 -0.00135621 -0.00135502 -0.00135822 -0.00135719 -0.00136059 -0.00135979 -0.00136328 -0.00136292 -0.00136634 -0.00136668 -0.00136984 -0.00137123 -0.00137384 -0.00137653 -0.00137799 -0.00138132 -0.00137958 -0.00137961 -0.00136745 -0.00135078 -0.00130742 -0.00124001 -0.00111846 -0.000933841 -0.00065228 -0.00024916 0.000307355 0.00106169 0.0020465 0.00333278 0.00496298 0.00702107 0.00954254 0.0125687 0.0160919 0.0200713 0.0244587 0.0291405 0.0340093 0.0388478 0.0434204 0.0474337 0.0506036 0.0527153 0.0535452 0.0529637 0.0508316 0.0471257 0.0419325 0.0354012 0.027811 0.0194199 0.0105815 0.00165263 -0.0070508 -0.0151757 -0.0224833 -0.0287385 -0.0338123 -0.0376915 -0.0403201 -0.0417722 -0.0421652 -0.0416487 -0.0404182 -0.0385673 -0.0362947 -0.0338141 -0.0311896 -0.028544 -0.0259877 -0.0235865 -0.0213979 -0.0193933 -0.0176182 -0.0161097 -0.0147626 -0.013592 -0.0126472 -0.0118252 -0.011108 -0.0105476 -0.0100813 -0.00966684 -0.0093336 -0.0090602 -0.00881469 -0.00862034 -0.00848641 -0.00837961 -0.00828507 -0.00821262 
0 0.00033979 0.000652005 0.00100014 0.00137088 0.00171778 0.00209728 0.00254008 0.00300494 0.00349012 0.00403796 0.00468538 0.00542222 0.00623962 0.00719911 0.00832731 0.0096126 0.0110988 0.0128066 0.0147461 0.0169278 0.0193092 0.0219045 0.0246758 0.0274766 0.0302658 0.0329481 0.0353231 0.0372448 0.0385315 0.0390454 0.0386233 0.0370417 0.0342637 0.0302543 0.0249828 0.0185293 0.0109933 0.00265228 -0.00622159 -0.0153629 -0.0243906 -0.0329836 -0.0407565 -0.0474157 -0.0527477 -0.0565425 -0.0587661 -0.059395 -0.0585462 -0.0563801 -0.0530737 -0.0489204 -0.0441642 -0.0391344 -0.0340624 -0.0291469 -0.0245449 -0.0203273 -0.0166069 -0.0133847 -0.0107027 -0.00850783 -0.00675584 -0.00538568 -0.00431364 -0.00351159 -0.0028958 -0.00246345 -0.00214405 -0.00193683 -0.00179384 -0.0017052 -0.00165225 -0.00161446 -0.00160001 -0.00157962 -0.00157884 -0.00156369 -0.00156648 -0.00155375 -0.00155638 -0.00154608 -0.00154721 -0.00153967 -0.00153895 -0.00153423 -0.00153178 -0.00152964 -0.00152577 -0.00152582 -0.00152092 -0.00152273 -0.00151718 -0.00152034 -0.00151446 -0.00151865 -0.0015127 -0.00151763 -0.00151183 -0.00151729 -0.00151183 -0.00151763 -0.0015127 -0.00151865 -0.00151446 -0.00152034 -0.00151718 -0.00152273 -0.00152092 -0.00152582 -0.00152577 -0.00152964 -0.00153178 -0.00153423 -0.00153895 -0.00153966 -0.00154717 -0.00154598 -0.00155613 -0.00155312 -0.00156496 -0.00156013 -0.00157086 -0.00156242 -0.00156442 -0.00154375 -0.00151746 -0.00145867 -0.00136116 -0.00120767 -0.000962844 -0.0006206 -0.000119422 0.000541508 0.00144288 0.0026012 0.00410789 0.00601272 0.00838513 0.0112816 0.0146936 0.0186376 0.0230229 0.0278133 0.0328706 0.0380561 0.0431581 0.0478857 0.0519875 0.0551452 0.0571627 0.0578143 0.0569524 0.054513 0.0504634 0.0449434 0.0380736 0.0301078 0.0213575 0.0121447 0.00286064 -0.00623588 -0.0148235 -0.0226051 -0.0293807 -0.0349824 -0.0394098 -0.042608 -0.0445615 -0.0454155 -0.0452868 -0.0443437 -0.0427165 -0.0405461 -0.0380761 -0.0354088 -0.032635 -0.02991 -0.0272938 -0.0248483 -0.0226059 -0.0205696 -0.0187887 -0.0172313 -0.0158575 -0.0146989 -0.0137275 -0.0128946 -0.012185 -0.0115884 -0.0111114 -0.0107153 -0.0103553 -0.0100699 -0.00986241 -0.00967899 -0.00952851 -0.00942474 -0.0093464 
0 0.000411275 0.000755545 0.00113743 0.00156395 0.00197325 0.00242984 0.00294324 0.00345658 0.00403796 0.00473389 0.00548265 0.00631137 0.00730821 0.00846739 0.00977576 0.0112861 0.0130221 0.0149794 0.0171733 0.0195953 0.0222323 0.0250485 0.0279492 0.0308674 0.0337021 0.0362914 0.038509 0.0401708 0.0411092 0.0412122 0.0402764 0.0381832 0.0348875 0.0303469 0.0246143 0.0177136 0.00980539 0.0011689 -0.00797796 -0.0173235 -0.0265829 -0.0353983 -0.0433802 -0.0502919 -0.055869 -0.0599782 -0.062505 -0.0633994 -0.0627785 -0.0607391 -0.0575301 -0.0533655 -0.0485233 -0.0433141 -0.0379621 -0.0327383 -0.0277544 -0.0231702 -0.0190512 -0.0154545 -0.0124243 -0.00990652 -0.00790418 -0.00629832 -0.00506787 -0.00410981 -0.00339314 -0.00286572 -0.00247825 -0.00222351 -0.00203371 -0.00193161 -0.0018461 -0.00181372 -0.00177623 -0.0017674 -0.00175105 -0.00174578 -0.00174004 -0.00173203 -0.00173285 -0.00172135 -0.00172661 -0.00171262 -0.00172069 -0.00170555 -0.0017151 -0.00169992 -0.00170998 -0.00169552 -0.0017055 -0.00169218 -0.00170179 -0.00168973 -0.00169893 -0.00168805 -0.001697 -0.00168708 -0.00169603 -0.00168676 -0.00169603 -0.00168708 -0.001697 -0.00168805 -0.00169893 -0.00168973 -0.00170179 -0.00169218 -0.0017055 -0.00169552 -0.00170998 -0.00169992 -0.0017151 -0.00170554 -0.00172068 -0.0017126 -0.00172654 -0.00172118 -0.00173243 -0.00173099 -0.00173759 -0.00174018 -0.00173879 -0.00174157 -0.001724 -0.00171233 -0.00165722 -0.00159391 -0.00145403 -0.00126735 -0.000960391 -0.000541496 5.04873e-05 0.000845627 0.00188657 0.00325681 0.00498688 0.00719724 0.00989537 0.0131666 0.0169727 0.021301 0.0260877 0.031219 0.0366062 0.0420165 0.0472672 0.0520432 0.0560895 0.0591493 0.0609608 0.0613727 0.0601958 0.0574313 0.0531019 0.0473112 0.0402414 0.0320605 0.0231223 0.0137436 0.00425394 -0.0050451 -0.0139269 -0.0220616 -0.0292479 -0.0353551 -0.0402883 -0.0440448 -0.0465748 -0.0479563 -0.048326 -0.0477741 -0.0464756 -0.0445723 -0.0422119 -0.0395819 -0.0367907 -0.033953 -0.0311717 -0.028505 -0.0260316 -0.0237669 -0.0217046 -0.0199025 -0.0183487 -0.0169682 -0.0157809 -0.0148101 -0.0139723 -0.0132353 -0.0126433 -0.0121569 -0.0117397 -0.0114256 -0.0111621 -0.0109023 -0.010724 -0.0106221 -0.0105234 
0 0.000408254 0.000862005 0.00132539 0.00177881 0.00227139 0.00280891 0.00336186 0.00397231 0.00468538 0.00548265 0.00636208 0.00736793 0.00854373 0.00989047 0.0114026 0.0131405 0.015144 0.017367 0.0197994 0.02247 0.0253282 0.0282739 0.0312519 0.0342 0.0369602 0.0393726 0.0413119 0.0426169 0.0431309 0.0426952 0.041187 0.0385496 0.0347113 0.0296829 0.0235184 0.0162804 0.00816062 -0.000642415 -0.00988068 -0.0192833 -0.0285996 -0.0374556 -0.045544 -0.0525883 -0.0583656 -0.0627486 -0.0655591 -0.0667718 -0.066409 -0.0646014 -0.0615714 -0.0575012 -0.0526929 -0.0473782 -0.0418546 -0.0363581 -0.0310582 -0.0261333 -0.0216364 -0.017691 -0.0142897 -0.0114645 -0.00916701 -0.00732869 -0.00590377 -0.00478094 -0.00394992 -0.00330516 -0.00285601 -0.00252178 -0.00230302 -0.00215483 -0.00205695 -0.0020051 -0.00195939 -0.00194955 -0.00192245 -0.0019276 -0.0019072 -0.00191565 -0.0018994 -0.00190644 -0.00189443 -0.00189826 -0.00189073 -0.00189091 -0.00188769 -0.00188445 -0.00188504 -0.00187898 -0.0018827 -0.00187453 -0.00188068 -0.00187109 -0.00187907 -0.00186866 -0.00187794 -0.00186722 -0.00187735 -0.00186674 -0.00187735 -0.00186722 -0.00187794 -0.00186866 -0.00187907 -0.00187109 -0.00188068 -0.00187453 -0.0018827 -0.00187898 -0.00188504 -0.00188445 -0.00188769 -0.0018909 -0.00189072 -0.00189822 -0.00189432 -0.00190617 -0.0018987 -0.00191398 -0.00190332 -0.00191896 -0.00190396 -0.00191147 -0.00188411 -0.00186225 -0.00179674 -0.00169976 -0.00153846 -0.00128626 -0.000931962 -0.000409946 0.000274259 0.00121868 0.00242488 0.00401076 0.00600888 0.0085158 0.0115766 0.0151997 0.0194016 0.024088 0.0292327 0.0346747 0.0402959 0.0458681 0.0511361 0.0558581 0.0597346 0.0625753 0.0641146 0.0641952 0.0627025 0.0596123 0.0550425 0.04907 0.0418824 0.0336672 0.0247027 0.0153336 0.00581572 -0.00355346 -0.0125396 -0.0208994 -0.0284029 -0.0349325 -0.0403557 -0.0446269 -0.0477545 -0.0497442 -0.0506733 -0.0506351 -0.049778 -0.0482551 -0.0461614 -0.0436578 -0.0409273 -0.0380725 -0.0351702 -0.0323353 -0.0296708 -0.0271908 -0.0248969 -0.0228426 -0.0210454 -0.0194583 -0.0180568 -0.0168712 -0.0158898 -0.0150409 -0.0143167 -0.0137337 -0.0132396 -0.0128144 -0.0124833 -0.0122282 -0.0120264 -0.0118705 -0.0117518 
0 0.000477413 0.00098859 0.00149923 0.00203007 0.00260506 0.00319484 0.00385055 0.0046135 0.00542222 0.00631137 0.00736793 0.00857216 0.00993289 0.0114903 0.0132442 0.0152431 0.0174944 0.0199437 0.022615 0.0255005 0.0285019 0.0315422 0.0345469 0.0374158 0.0399968 0.0421112 0.043652 0.044501 0.0444718 0.0434345 0.0413371 0.0381359 0.0337929 0.028315 0.0217805 0.0143274 0.0060978 -0.0027309 -0.011923 -0.0212469 -0.03043 -0.0391874 -0.0472417 -0.0543205 -0.0602441 -0.0648293 -0.0679321 -0.069474 -0.0694383 -0.0679612 -0.0651904 -0.0613445 -0.0566496 -0.0513433 -0.0457223 -0.0400094 -0.0344535 -0.0291944 -0.0243654 -0.0200557 -0.0163008 -0.0131484 -0.0105394 -0.00846117 -0.00680727 -0.00553102 -0.00454959 -0.00380681 -0.00326789 -0.00286708 -0.00260513 -0.00241007 -0.00230163 -0.00221559 -0.00217676 -0.00214106 -0.00212585 -0.00211194 -0.00210091 -0.00209729 -0.00208459 -0.00208681 -0.00207192 -0.00207773 -0.00206166 -0.00206955 -0.00205344 -0.00206227 -0.00204699 -0.00205599 -0.00204205 -0.0020508 -0.00203838 -0.00204673 -0.00203579 -0.00204383 -0.00203414 -0.00204209 -0.00203334 -0.00204151 -0.00203334 -0.00204209 -0.00203414 -0.00204383 -0.00203579 -0.00204673 -0.00203838 -0.0020508 -0.00204205 -0.00205599 -0.00204699 -0.00206227 -0.00205343 -0.00206954 -0.00206163 -0.00207767 -0.00207174 -0.00208635 -0.00208347 -0.00209465 -0.00209491 -0.00209887 -0.00209846 -0.00208591 -0.00207015 -0.0020177 -0.00194895 -0.00180632 -0.00161146 -0.00129235 -0.000859386 -0.000240708 0.00058091 0.00166999 0.0030903 0.00489893 0.00719822 0.0100166 0.0134339 0.017417 0.0219661 0.0270003 0.0324293 0.038132 0.0438986 0.0495287 0.0547285 0.0592705 0.0629054 0.0654171 0.0666192 0.0663278 0.0644964 0.0611285 0.0563358 0.0502535 0.0430284 0.0348894 0.0260689 0.0168428 0.007467 -0.00181738 -0.010758 -0.0191691 -0.0268837 -0.0337385 -0.0395993 -0.0443872 -0.0481022 -0.0507498 -0.0523159 -0.0528685 -0.0525549 -0.0514891 -0.0497705 -0.0475379 -0.0449575 -0.0421786 -0.0392752 -0.0363428 -0.0335177 -0.030838 -0.0283276 -0.0260402 -0.0239752 -0.0221564 -0.0205841 -0.0191869 -0.0179831 -0.0169963 -0.0161499 -0.0154234 -0.0148284 -0.0143292 -0.0139309 -0.0136319 -0.0133762 -0.01317 -0.0130499 
0 0.000578775 0.00113858 0.00169345 0.00230128 0.00296707 0.00366723 0.00444172 0.00530339 0.00623962 0.00730821 0.00854373 0.00993289 0.0115007 0.0132852 0.015316 0.0175793 0.0200379 0.022727 0.0256284 0.0286405 0.0317244 0.0347956 0.0377227 0.0404117 0.0426911 0.0444116 0.0454847 0.0457588 0.0451074 0.0434416 0.0407212 0.0369644 0.0321354 0.0262621 0.0194761 0.0119074 0.00369769 -0.00501618 -0.0140398 -0.0231248 -0.0320507 -0.0405868 -0.0484991 -0.0555575 -0.0615487 -0.0663024 -0.0696691 -0.0715406 -0.0718932 -0.0707921 -0.0683773 -0.0648287 -0.0603392 -0.055145 -0.0494991 -0.04367 -0.0378991 -0.0323698 -0.0272346 -0.0225817 -0.0184923 -0.0149907 -0.0120774 -0.00971443 -0.00782899 -0.00636013 -0.00521753 -0.00435756 -0.00370792 -0.00324114 -0.00290696 -0.00267939 -0.00253023 -0.00243036 -0.00237429 -0.00233135 -0.00231424 -0.00229261 -0.00228877 -0.00227468 -0.00227403 -0.00226353 -0.00226263 -0.00225497 -0.00225279 -0.00224783 -0.00224421 -0.00224178 -0.00223691 -0.00223668 -0.00223088 -0.0022325 -0.00222612 -0.00222922 -0.00222259 -0.00222687 -0.00222026 -0.00222544 -0.00221911 -0.00222497 -0.00221911 -0.00222544 -0.00222026 -0.00222687 -0.00222259 -0.00222922 -0.00222612 -0.0022325 -0.00223088 -0.00223668 -0.00223691 -0.00224178 -0.00224421 -0.00224782 -0.00225274 -0.00225485 -0.00226233 -0.00226279 -0.00227224 -0.00227057 -0.00227965 -0.00227317 -0.00227438 -0.00225284 -0.00222578 -0.00216059 -0.00205955 -0.00189009 -0.00163326 -0.00125952 -0.00072761 -9.87954e-06 0.000958245 0.0022154 0.00385026 0.00592091 0.0085137 0.0116753 0.0154318 0.0197756 0.0246513 0.0299946 0.0356801 0.0415601 0.0474148 0.0529943 0.0580407 0.0623093 0.0655968 0.0677059 0.0684713 0.0677773 0.0655901 0.0619666 0.0570118 0.0508657 0.0437106 0.0357517 0.0272081 0.0182814 0.00917356 0.000127754 -0.00865048 -0.0169991 -0.0247887 -0.0318812 -0.0380992 -0.0433646 -0.0476524 -0.0509238 -0.0531718 -0.0543998 -0.0547036 -0.0541998 -0.0529587 -0.0511261 -0.0488323 -0.0461948 -0.0433791 -0.0404623 -0.0375202 -0.0346778 -0.0319905 -0.029491 -0.0271963 -0.0251247 -0.0233225 -0.0217405 -0.0203288 -0.0191365 -0.0181343 -0.0172638 -0.0165601 -0.0159989 -0.0155055 -0.0150963 -0.0147986 -0.0145817 -0.0144209 
0 0.000611255 0.00127623 0.00195486 0.00264535 0.00339871 0.00421732 0.0050967 0.00607769 0.00719911 0.00846739 0.00989047 0.0114903 0.0132852 0.0153196 0.0176102 0.0200934 0.0227826 0.0257143 0.0287673 0.0318543 0.0349533 0.0379414 0.0406941 0.0430749 0.0449418 0.0462093 0.0467133 0.046333 0.045026 0.042702 0.0393762 0.0350723 0.029787 0.0236259 0.0166842 0.0091105 0.00103663 -0.00745657 -0.016163 -0.0248934 -0.0334548 -0.0416622 -0.0493641 -0.0563151 -0.062322 -0.0672007 -0.0707956 -0.0730167 -0.073778 -0.0731214 -0.0711288 -0.067946 -0.0637558 -0.0587454 -0.0531778 -0.0473006 -0.0413833 -0.0356353 -0.0302187 -0.0252604 -0.0208317 -0.0169973 -0.0137578 -0.0111002 -0.00896277 -0.00727615 -0.0059663 -0.00495969 -0.00420458 -0.00364418 -0.00324514 -0.00296468 -0.00277787 -0.00265506 -0.00257784 -0.00253029 -0.0025003 -0.00248265 -0.00246976 -0.00246209 -0.00245476 -0.00244997 -0.00244466 -0.00244063 -0.00243641 -0.00243263 -0.00242927 -0.00242569 -0.00242308 -0.00241977 -0.00241783 -0.00241489 -0.00241355 -0.00241106 -0.00241031 -0.00240831 -0.00240812 -0.00240665 -0.00240702 -0.0024061 -0.00240702 -0.00240665 -0.00240812 -0.00240831 -0.00241031 -0.00241106 -0.00241355 -0.00241489 -0.00241783 -0.00241977 -0.00242308 -0.00242569 -0.00242926 -0.00243261 -0.00243634 -0.00244043 -0.00244417 -0.00244878 -0.00245199 -0.00245582 -0.00245614 -0.00245422 -0.00244326 -0.00242033 -0.00237424 -0.00229293 -0.00215889 -0.00194707 -0.00163351 -0.00117988 -0.000555583 0.000291716 0.00140753 0.00286318 0.00472813 0.00708033 0.00998861 0.0134875 0.0175944 0.0222668 0.0274574 0.0330605 0.0389502 0.0449387 0.0507836 0.0562361 0.0610247 0.0649495 0.0678041 0.0694339 0.0697142 0.068571 0.0660441 0.0621815 0.0571148 0.0509786 0.0439593 0.0362858 0.0281056 0.0195944 0.0108929 0.00219454 -0.00629784 -0.0144912 -0.0222432 -0.0294383 -0.0359401 -0.0416128 -0.0464268 -0.0502975 -0.0532023 -0.0551671 -0.0561685 -0.0562959 -0.0556485 -0.054317 -0.0524266 -0.0500585 -0.047388 -0.0445724 -0.0416322 -0.0386854 -0.035867 -0.0331929 -0.0306904 -0.0283942 -0.0263244 -0.0245039 -0.0229113 -0.0215189 -0.0203249 -0.0193218 -0.0184818 -0.0177661 -0.0171754 -0.0167203 -0.0163588 -0.0160751 -0.0158883 
0 0.00071569 0.0014499 0.00222347 0.00304307 0.00390376 0.00482986 0.00586542 0.00702909 0.00832731 0.00977576 0.0114026 0.0132442 0.015316 0.0176102 0.0201141 0.0228253 0.0257453 0.0288146 0.031941 0.0350596 0.038084 0.0409061 0.0433756 0.0453315 0.0467147 0.0474089 0.0472413 0.0461755 0.0441773 0.0412243 0.0373382 0.0325192 0.0268821 0.020522 0.0135201 0.00604256 -0.00183631 -0.00998984 -0.018271 -0.0265525 -0.0346427 -0.0424607 -0.0498524 -0.0566212 -0.0625906 -0.0675373 -0.0713624 -0.0739225 -0.0751314 -0.0749725 -0.0734526 -0.0707197 -0.0668818 -0.0621477 -0.0567307 -0.0508796 -0.044886 -0.0389517 -0.0333042 -0.0280476 -0.0233075 -0.0191387 -0.0155713 -0.0126145 -0.0102006 -0.00829613 -0.00678988 -0.00564146 -0.00475832 -0.00410647 -0.00362974 -0.0032904 -0.00306328 -0.00290367 -0.00281119 -0.00274056 -0.00270854 -0.00267553 -0.00266529 -0.00264697 -0.00264243 -0.00263066 -0.00262646 -0.00261881 -0.00261362 -0.00260921 -0.00260301 -0.00260127 -0.00259436 -0.00259475 -0.00258748 -0.00258953 -0.00258221 -0.00258554 -0.0025784 -0.00258272 -0.00257593 -0.00258104 -0.00257471 -0.00258048 -0.00257471 -0.00258104 -0.00257593 -0.00258272 -0.0025784 -0.00258554 -0.00258221 -0.00258953 -0.00258748 -0.00259474 -0.00259436 -0.00260126 -0.002603 -0.00260917 -0.0026135 -0.00261849 -0.00262568 -0.00262881 -0.00263817 -0.00263756 -0.0026453 -0.00263466 -0.00262825 -0.00258899 -0.0025363 -0.00242463 -0.00226056 -0.00199548 -0.00161501 -0.00107525 -0.00033377 0.000647835 0.00194911 0.00361223 0.00574739 0.00839279 0.0116366 0.0154774 0.0199184 0.0249112 0.0303657 0.0361952 0.0422059 0.0482253 0.053965 0.0591893 0.0636514 0.0671415 0.069518 0.0706082 0.0703767 0.0687869 0.0659181 0.0618668 0.0567174 0.0506607 0.043846 0.0364996 0.0287595 0.0207185 0.0125341 0.00430115 -0.00381738 -0.0117278 -0.019343 -0.0265118 -0.0331748 -0.039201 -0.0444704 -0.0489181 -0.0524706 -0.0551476 -0.0569048 -0.0577189 -0.0577189 -0.0569849 -0.0555875 -0.0536381 -0.0512565 -0.0486031 -0.0457747 -0.0428385 -0.0399162 -0.0370898 -0.0344086 -0.0319212 -0.0296347 -0.0275638 -0.0257445 -0.0241627 -0.0227739 -0.0215755 -0.0205679 -0.0197192 -0.0190305 -0.0184936 -0.0180432 -0.0176869 -0.017471 
0 0.00085699 0.00168228 0.00254562 0.00347496 0.00446884 0.0055758 0.00679491 0.00811934 0.0096126 0.0112861 0.0131405 0.0152431 0.0175793 0.0200934 0.0228253 0.0257751 0.028848 0.0319794 0.0351224 0.0381788 0.0410328 0.0435629 0.045621 0.0470972 0.0479081 0.0479272 0.0470645 0.0452888 0.0426081 0.0390574 0.0346241 0.0293833 0.0234883 0.0170182 0.0100832 0.00277581 -0.00480204 -0.0125111 -0.0202977 -0.0280367 -0.0356287 -0.0430057 -0.0500226 -0.056568 -0.0624228 -0.0674204 -0.0714383 -0.0743174 -0.0759875 -0.076323 -0.0753371 -0.0730878 -0.0696761 -0.0652978 -0.0601059 -0.0543886 -0.0483748 -0.0423376 -0.0364904 -0.0309742 -0.0259443 -0.0214383 -0.0175552 -0.0142644 -0.0115735 -0.00940816 -0.00769681 -0.00637753 -0.00535185 -0.00459951 -0.00402466 -0.00363315 -0.00334232 -0.00316176 -0.00303285 -0.00295746 -0.00290847 -0.00287519 -0.00286063 -0.00284008 -0.00283917 -0.00282119 -0.00282559 -0.0028081 -0.00281443 -0.00279778 -0.0028045 -0.00278938 -0.0027957 -0.00278256 -0.00278818 -0.00277714 -0.00278206 -0.00277301 -0.00277741 -0.0027701 -0.00277429 -0.00276836 -0.00277273 -0.00276779 -0.00277273 -0.00276836 -0.00277429 -0.0027701 -0.00277741 -0.00277301 -0.00278206 -0.00277714 -0.00278818 -0.00278255 -0.0027957 -0.00278937 -0.00280447 -0.00279771 -0.00281423 -0.00280759 -0.00282437 -0.00281834 -0.00283277 -0.00282622 -0.00283175 -0.00281737 -0.00279719 -0.00275166 -0.0026671 -0.00253686 -0.00231495 -0.00200547 -0.00153412 -0.000908324 -3.43903e-05 0.00109641 0.00258895 0.00448956 0.00688999 0.00985865 0.013419 0.0176102 0.0223583 0.0276482 0.0333384 0.0393308 0.0454198 0.0513721 0.0569465 0.0618545 0.0659244 0.0689283 0.0707565 0.0712921 0.070506 0.0684794 0.065271 0.0610381 0.0558647 0.0499217 0.0433985 0.0364287 0.0291726 0.0216807 0.0140635 0.00640141 -0.00126629 -0.00882171 -0.0161922 -0.0232651 -0.0299651 -0.0362285 -0.0418808 -0.0468191 -0.0509879 -0.054334 -0.0568237 -0.0584055 -0.0591177 -0.0590464 -0.0582461 -0.056815 -0.05486 -0.0524801 -0.0498195 -0.0470039 -0.0440909 -0.0411644 -0.0383515 -0.0357009 -0.0332151 -0.030937 -0.0288855 -0.0270577 -0.0254623 -0.024078 -0.0228936 -0.0219114 -0.0210856 -0.0203978 -0.0198771 -0.0194891 -0.0191865 
0 0.000944281 0.00192422 0.00295574 0.00402119 0.00516544 0.00644736 0.0078402 0.00936724 0.0110988 0.0130221 0.015144 0.0174944 0.0200379 0.0227826 0.0257453 0.028848 0.0320077 0.0351605 0.0382343 0.0411308 0.0436884 0.0457878 0.0473599 0.0482758 0.0484185 0.0477276 0.0461521 0.0436854 0.0403659 0.0362285 0.0313273 0.0257744 0.0197059 0.0132398 0.00644773 -0.000598361 -0.00776879 -0.0149818 -0.0221943 -0.0293552 -0.0364234 -0.0433039 -0.0499245 -0.0561746 -0.0618803 -0.0669044 -0.0710749 -0.0742783 -0.0763742 -0.0772258 -0.0767942 -0.0750614 -0.0721478 -0.0681653 -0.0632972 -0.0577731 -0.0518233 -0.0457464 -0.0397359 -0.0340149 -0.0286956 -0.0238924 -0.0196773 -0.0160634 -0.0130761 -0.0106317 -0.00870744 -0.0071841 -0.00602327 -0.00513426 -0.00447518 -0.00400023 -0.00365621 -0.00343444 -0.00327108 -0.00318468 -0.00311099 -0.00308428 -0.00304924 -0.0030428 -0.00302377 -0.00302116 -0.00301007 -0.00300589 -0.00300018 -0.0029933 -0.00299188 -0.0029826 -0.00298467 -0.00297367 -0.0029785 -0.00296645 -0.00297341 -0.00296092 -0.0029695 -0.00295702 -0.00296684 -0.0029547 -0.0029655 -0.00295393 -0.0029655 -0.0029547 -0.00296684 -0.00295702 -0.0029695 -0.00296092 -0.00297341 -0.00296645 -0.0029785 -0.00297366 -0.00298467 -0.00298259 -0.00299183 -0.00299318 -0.00299986 -0.0030051 -0.00300819 -0.00301686 -0.00301429 -0.00302268 -0.00300819 -0.00300373 -0.00295907 -0.00290929 -0.00279117 -0.00262998 -0.00235754 -0.00197761 -0.00142832 -0.000680888 0.000315456 0.0016342 0.00332095 0.00548924 0.00817099 0.0114668 0.0153607 0.0198725 0.0249338 0.0304677 0.0363713 0.0424581 0.0485539 0.0543676 0.0596759 0.0642179 0.0678067 0.0702898 0.0715236 0.0714835 0.0701634 0.0676922 0.064188 0.059779 0.0546229 0.0488511 0.042649 0.0361215 0.0293618 0.0224587 0.0154542 0.00839278 0.00126833 -0.00586816 -0.0129119 -0.0197959 -0.0264543 -0.0328082 -0.0387311 -0.0440858 -0.0487877 -0.0527626 -0.0559394 -0.0582887 -0.0597916 -0.0604388 -0.0603039 -0.0594862 -0.0580472 -0.0560749 -0.0536982 -0.0510655 -0.0482789 -0.0453844 -0.0424946 -0.0397121 -0.0370518 -0.0345757 -0.0323203 -0.0302538 -0.0284312 -0.0268748 -0.0255045 -0.024322 -0.0233497 -0.0225432 -0.0219026 -0.0214282 -0.0210841 
