0 0 0 0 0 0 0 0 0 0 0 0 0 0 0 0 0 0 0 0 0 0 0 0 0 0 0 0 0 0 0 0 0 0 0 0 0 0 0 0 0 0 0 0 0 0 0 0 0 0 0 0 0 0 0 0 0 0 0 0 0 0 0 0 0 0 0 0 0 0 0 0 0 0 0 0 0 0 0 0 0 0 0 0 0 0 0 0 0 0 0 0 0 0 0 0 0 0 0 0 0 0 0 0 0 0 0 0 0 0 0 0 0 0 0 0 0 0 0 0 0 0 0 0 0 0 0 0 0 0 0 0 0 0 0 0 0 0 0 0 0 0 0 0 0 0 0 0 0 0 0 0 0 0 0 0 0 0 0 0 0 0 0 0 0 0 0 0 0 0 0 0 0 0 0 0 0 0 0 0 0 0 0 0 0 0 0 0 0 0 0 0 0 0 0 0 0 0 0 0 
0 0.000265561 0.000642576 0.00100664 0.00132108 0.00172379 0.002186 0.00260631 0.00307861 0.00363599 0.00414188 0.00460301 0.00507799 0.00545649 0.00568567 0.00580537 0.00575407 0.00547626 0.00496051 0.00418041 0.00319144 0.00202263 0.000637561 -0.000861834 -0.00236544 -0.00385862 -0.00527064 -0.00654071 -0.00760422 -0.00836466 -0.00884721 -0.00907705 -0.00903381 -0.00875493 -0.00824902 -0.00757789 -0.00683993 -0.00605537 -0.0052723 -0.00450304 -0.00375333 -0.00308174 -0.00248851 -0.00199917 -0.00161218 -0.00129291 -0.00105019 -0.000847142 -0.000688189 -0.000569648 -0.000472098 -0.00041316 -0.000363624 -0.000335396 -0.00031656 -0.000298706 -0.000294164 -0.000280685 -0.000279324 -0.000271766 -0.000268504 -0.000267917 -0.000262454 -0.000266597 -0.000261104 -0.000265928 -0.000262654 -0.000264799 -0.000264625 -0.000262811 -0.000265078 -0.000260029 -0.000263198 -0.000256708 -0.000259205 -0.000253138 -0.000253917 -0.000249573 -0.000248284 -0.000246205 -0.000243074 -0.000243174 -0.000238745 -0.000240558 -0.00023546 -0.000238389 -0.000233167 -0.000236658 -0.000231698 -0.000235324 -0.000230843 -0.000234334 -0.000230404 -0.000233626 -0.000230218 -0.000233148 -0.000230163 -0.000232855 -0.00023016 -0.000232716 -0.000230164 -0.000232716 -0.00023016 -0.000232855 -0.000230163 -0.000233148 -0.000230218 -0.000233626 -0.000230404 -0.000234334 -0.000230843 -0.000235324 -0.000231698 -0.000236658 -0.000233167 -0.000238389 -0.00023546 -0.000240558 -0.000238745 -0.000243174 -0.000243074 -0.000246205 -0.000248284 -0.000249573 -0.000253917 -0.000253138 -0.000259205 -0.000256708 -0.000263198 -0.000260029 -0.000265078 -0.000262811 -0.000264625 -0.000264798 -0.000262653 -0.000265927 -0.000261099 -0.000266582 -0.000262412 -0.000267802 -0.0002682 -0.000270999 -0.000277477 -0.000276443 -0.000284881 -0.000279368 -0.000278251 -0.000263287 -0.000234749 -0.000194519 -0.000119809 -2.96442e-05 0.00010197 0.000262855 0.000458975 0.000712318 0.00101538 0.00141484 0.00190905 0.00250568 0.003204 0.00395018 0.00474598 0.00555807 0.00636812 0.00716397 0.00784846 0.00836977 0.0086724 0.00871989 0.00854166 0.0080831 0.0073152 0.00627412 0.00498707 0.00355248 0.00201459 0.000377084 -0.00122826 -0.00270807 -0.00403982 -0.00517431 -0.00611087 -0.00681313 -0.00723652 -0.00747614 -0.00755528 -0.00740472 -0.00712097 -0.0067978 -0.0063875 -0.00593341 -0.00552052 -0.00510876 -0.0046875 -0.00432947 -0.00404938 -0.00381753 -0.00362811 -0.00348687 
0 0.000642576 0.00130145 0.00196703 0.00268695 0.00350392 0.00436563 0.00525838 0.00623597 0.00725578 0.00823856 0.00919297 0.0100897 0.0108179 0.0113013 0.0114889 0.0113264 0.0107573 0.0097072 0.00817994 0.00624606 0.00390181 0.00118118 -0.00175629 -0.00476345 -0.00771355 -0.0104893 -0.0129866 -0.015043 -0.0165553 -0.0175339 -0.0179835 -0.0179283 -0.0173918 -0.0164118 -0.0151247 -0.013654 -0.0120969 -0.0105335 -0.00898529 -0.00751436 -0.00617674 -0.00500731 -0.0040452 -0.00326139 -0.00263609 -0.0021373 -0.00172672 -0.00140576 -0.00114685 -0.000953826 -0.000815873 -0.000715802 -0.000657695 -0.000614543 -0.000593956 -0.000579819 -0.000570232 -0.000568065 -0.000559651 -0.000559705 -0.000551731 -0.000549025 -0.000543081 -0.000536465 -0.000533202 -0.000524246 -0.000522877 -0.000514203 -0.000513292 -0.000507057 -0.000505416 -0.00050254 -0.000499679 -0.000499858 -0.000495963 -0.000498138 -0.000493783 -0.000496697 -0.000492531 -0.000495134 -0.00049167 -0.000493298 -0.000490827 -0.000491211 -0.000489818 -0.000488986 -0.000488611 -0.000486768 -0.00048727 -0.000484693 -0.00048591 -0.000482872 -0.000484655 -0.000481387 -0.000483614 -0.000480293 -0.000482873 -0.000479625 -0.000482488 -0.0004794 -0.000482488 -0.000479625 -0.000482873 -0.000480293 -0.000483614 -0.000481387 -0.000484655 -0.000482872 -0.00048591 -0.000484693 -0.00048727 -0.000486768 -0.000488611 -0.000488986 -0.000489818 -0.000491211 -0.000490827 -0.000493298 -0.00049167 -0.000495134 -0.000492531 -0.000496697 -0.000493783 -0.000498138 -0.000495963 -0.000499858 -0.000499679 -0.00050254 -0.000505416 -0.000507057 -0.000513292 -0.000514203 -0.000522877 -0.000524245 -0.000533198 -0.000536453 -0.000543045 -0.000548922 -0.000551451 -0.000558979 -0.000557851 -0.000563807 -0.000560618 -0.00055912 -0.000551507 -0.000531683 -0.000503871 -0.000444346 -0.000360506 -0.000227144 -4.14701e-05 0.000202852 0.000525817 0.000921517 0.00142794 0.00206359 0.00286574 0.00387199 0.00506685 0.00644085 0.00793213 0.00949156 0.0110977 0.012693 0.0142257 0.0155714 0.016585 0.017186 0.017305 0.0169217 0.0159984 0.0144727 0.0123974 0.00987957 0.00703676 0.00398982 0.00081682 -0.00232937 -0.00525712 -0.0078906 -0.0101761 -0.0120338 -0.0134182 -0.0143164 -0.0147902 -0.0149157 -0.0146946 -0.014193 -0.0135458 -0.0127802 -0.0119061 -0.0110309 -0.0102171 -0.00945256 -0.00876127 -0.00817241 -0.00768048 -0.00730133 -0.00705411 
0 0.00100664 0.00196703 0.00299552 0.00414731 0.00533797 0.00658658 0.00797576 0.0094289 0.0108691 0.0123345 0.0137509 0.01498 0.0159886 0.0166774 0.0168914 0.0165894 0.0156917 0.0140985 0.0118507 0.00896616 0.00546637 0.0015114 -0.00276015 -0.00717663 -0.0114931 -0.015564 -0.0192038 -0.0221975 -0.024467 -0.0259394 -0.0266102 -0.0265482 -0.0257616 -0.0243683 -0.0225298 -0.0203802 -0.0181061 -0.015787 -0.0134977 -0.0113391 -0.00934765 -0.0076164 -0.00616145 -0.00496294 -0.0040156 -0.00324003 -0.00262755 -0.00213923 -0.00174893 -0.0014673 -0.00124729 -0.00110511 -0.00100515 -0.000938035 -0.000904095 -0.000870104 -0.000860999 -0.000843108 -0.000836579 -0.000829576 -0.000818612 -0.000818499 -0.000804853 -0.000806434 -0.000794596 -0.000793395 -0.000786552 -0.000780682 -0.000779235 -0.000769538 -0.000771643 -0.000760541 -0.000763504 -0.000753574 -0.000755105 -0.000748118 -0.000746958 -0.000743576 -0.000739534 -0.000739484 -0.000733117 -0.000735586 -0.000727797 -0.00073181 -0.000723514 -0.0007282 -0.000720132 -0.000724855 -0.000717498 -0.00072188 -0.000715473 -0.00071936 -0.000713951 -0.000717357 -0.00071286 -0.000715908 -0.000712152 -0.000715033 -0.000711804 -0.00071474 -0.000711804 -0.000715033 -0.000712152 -0.000715908 -0.00071286 -0.000717357 -0.000713951 -0.00071936 -0.000715473 -0.00072188 -0.000717498 -0.000724855 -0.000720132 -0.0007282 -0.000723514 -0.00073181 -0.000727797 -0.000735586 -0.000733117 -0.000739484 -0.000739534 -0.000743576 -0.000746958 -0.000748118 -0.000755105 -0.000753574 -0.000763504 -0.000760541 -0.000771643 -0.000769538 -0.000779235 -0.000780682 -0.000786551 -0.000793393 -0.000794587 -0.000806407 -0.000804776 -0.000818287 -0.000818052 -0.00082816 -0.000833159 -0.000835214 -0.000843598 -0.000833511 -0.000830729 -0.000797898 -0.000750262 -0.000663746 -0.000519379 -0.000322489 -2.76564e-05 0.00034497 0.000834059 0.00145117 0.00221484 0.00319651 0.00440603 0.0059054 0.00768465 0.0096956 0.0119098 0.0142225 0.0165979 0.0189568 0.0211599 0.0230901 0.0245418 0.0253881 0.0255573 0.0249424 0.0235318 0.021297 0.0182659 0.0146091 0.0104475 0.00595072 0.00134019 -0.00323317 -0.00755001 -0.0114275 -0.0147992 -0.0175407 -0.0195986 -0.0210242 -0.021803 -0.0220022 -0.0217677 -0.0211355 -0.02019 -0.0190947 -0.0178938 -0.0166264 -0.0154189 -0.0143158 -0.0133018 -0.0124165 -0.0116933 -0.0111378 -0.0107585 
0 0.00132108 0.00268695 0.00414731 0.00566807 0.00723165 0.00893125 0.0107683 0.0126269 0.0145062 0.016413 0.0181857 0.0196985 0.0209098 0.0216874 0.0218851 0.0213931 0.020099 0.017981 0.0150248 0.0111961 0.00664183 0.00155415 -0.00394324 -0.00960934 -0.0151843 -0.0204361 -0.0250838 -0.0289639 -0.0319485 -0.0338963 -0.0348218 -0.0347553 -0.0337727 -0.0320543 -0.0297282 -0.026996 -0.0240542 -0.0210163 -0.0180456 -0.015218 -0.0126171 -0.0103384 -0.00837696 -0.00676796 -0.00546201 -0.00440531 -0.00357927 -0.00290738 -0.00239713 -0.00200471 -0.00171112 -0.00151538 -0.00136529 -0.0012803 -0.00121393 -0.00117348 -0.00114974 -0.00112229 -0.00111636 -0.0010955 -0.00109287 -0.00108072 -0.00107428 -0.0010713 -0.00105992 -0.00106269 -0.0010491 -0.00105242 -0.00104035 -0.00104001 -0.00103206 -0.00102633 -0.00102314 -0.00101266 -0.00101321 -0.00100009 -0.00100258 -0.000989259 -0.000991863 -0.000980315 -0.000981717 -0.000973125 -0.00097264 -0.000967413 -0.000964908 -0.00096288 -0.000958589 -0.000959273 -0.000953607 -0.000956407 -0.000949808 -0.000954159 -0.000947018 -0.000952454 -0.000945074 -0.000951255 -0.000943851 -0.00095054 -0.000943261 -0.000950303 -0.000943261 -0.00095054 -0.000943851 -0.000951255 -0.000945074 -0.000952454 -0.000947018 -0.000954159 -0.000949808 -0.000956407 -0.000953607 -0.000959273 -0.000958589 -0.00096288 -0.000964908 -0.000967413 -0.00097264 -0.000973125 -0.000981717 -0.000980315 -0.000991863 -0.000989259 -0.00100258 -0.00100009 -0.00101321 -0.00101266 -0.00102314 -0.00102633 -0.00103206 -0.00104001 -0.00104035 -0.00105242 -0.0010491 -0.00106268 -0.0010599 -0.00107124 -0.00107412 -0.00108031 -0.00109182 -0.00109292 -0.00111029 -0.00110868 -0.00112055 -0.00111375 -0.00109731 -0.00106322 -0.000980034 -0.000863353 -0.000657743 -0.000377157 1.54689e-05 0.00053939 0.00119444 0.00204601 0.0030968 0.00442517 0.00607227 0.0080498 0.0103911 0.0130184 0.0158971 0.0189443 0.0220362 0.0250862 0.027893 0.03029 0.0321109 0.0331503 0.0333104 0.0324643 0.0305533 0.0276437 0.0237685 0.0190613 0.0137125 0.00791306 0.00197355 -0.00386857 -0.00944763 -0.0145061 -0.0188702 -0.0224614 -0.0252194 -0.0271741 -0.0283315 -0.0287132 -0.0285034 -0.0278269 -0.0267095 -0.0253254 -0.023857 -0.0223215 -0.0207628 -0.0193023 -0.0179966 -0.0168611 -0.015925 -0.0151957 -0.0146732 
0 0.00172379 0.00350392 0.00533797 0.00723165 0.00925081 0.0114069 0.0136216 0.0158733 0.0181635 0.0203838 0.0224177 0.0241755 0.0255015 0.026266 0.0263509 0.0255639 0.0238375 0.0211922 0.0175246 0.0128542 0.00738131 0.0012495 -0.00533195 -0.0120935 -0.018786 -0.0250374 -0.0305673 -0.0352413 -0.038844 -0.041262 -0.0424621 -0.0424362 -0.0413669 -0.0394008 -0.036686 -0.0334681 -0.029903 -0.0262194 -0.0226051 -0.0191462 -0.0159932 -0.013174 -0.0107352 -0.00870941 -0.00702421 -0.00568628 -0.00460757 -0.00374914 -0.00309413 -0.00256974 -0.00220133 -0.00192245 -0.00173354 -0.00161547 -0.00152346 -0.00148518 -0.001441 -0.00142614 -0.00140746 -0.00139023 -0.00138565 -0.00136243 -0.00136255 -0.00133967 -0.00133679 -0.00132101 -0.00131132 -0.00130519 -0.00128944 -0.00129101 -0.00127283 -0.00127772 -0.00126136 -0.00126519 -0.0012537 -0.0012536 -0.00124818 -0.00124319 -0.0012434 -0.00123409 -0.0012385 -0.00122629 -0.00123315 -0.00121967 -0.00122744 -0.00121408 -0.00122162 -0.00120937 -0.00121603 -0.00120545 -0.00121099 -0.00120226 -0.00120673 -0.00119977 -0.00120342 -0.00119798 -0.00120116 -0.0011969 -0.00120002 -0.00119654 -0.00120002 -0.0011969 -0.00120116 -0.00119798 -0.00120342 -0.00119977 -0.00120673 -0.00120226 -0.00121099 -0.00120545 -0.00121603 -0.00120937 -0.00122162 -0.00121408 -0.00122744 -0.00121967 -0.00123315 -0.00122629 -0.0012385 -0.00123409 -0.0012434 -0.00124319 -0.00124818 -0.0012536 -0.0012537 -0.00126519 -0.00126136 -0.00127772 -0.00127283 -0.00129101 -0.00128944 -0.00130519 -0.00131132 -0.00132099 -0.00133675 -0.00133957 -0.00136226 -0.00136167 -0.00138375 -0.00138569 -0.0013971 -0.00140357 -0.00139399 -0.0013917 -0.00134607 -0.00129425 -0.00117834 -0.00100578 -0.00075316 -0.000374786 0.000110051 0.000778505 0.00162067 0.00270057 0.00407849 0.00577147 0.00787268 0.0103512 0.0132208 0.0164508 0.0199385 0.0236449 0.0273884 0.0310052 0.0343193 0.0370821 0.0391633 0.0403507 0.0404423 0.0393502 0.036978 0.0334113 0.0287756 0.0231385 0.016742 0.00985781 0.00277084 -0.00418781 -0.010839 -0.0169635 -0.0222704 -0.0266773 -0.0301539 -0.0326417 -0.0341968 -0.0348846 -0.0348068 -0.0341567 -0.0330308 -0.03151 -0.0298009 -0.0280292 -0.0262213 -0.0244879 -0.0229323 -0.0215639 -0.0204077 -0.0195082 -0.0188795 
0 0.002186 0.00436563 0.00658658 0.00893125 0.0114069 0.0139385 0.0165156 0.0191644 0.0217777 0.0242172 0.0264358 0.028307 0.0296316 0.0302908 0.0301348 0.0290012 0.0268505 0.0236159 0.0192458 0.0138549 0.00755979 0.000530433 -0.0069408 -0.0146259 -0.0222053 -0.0292748 -0.0356019 -0.0409483 -0.0451014 -0.0479696 -0.0494234 -0.0495187 -0.0484361 -0.046292 -0.0433199 -0.0397018 -0.0356331 -0.0314147 -0.0272047 -0.0231944 -0.0195037 -0.016155 -0.0132534 -0.0107678 -0.00870741 -0.00705391 -0.00570673 -0.00466971 -0.00384171 -0.00320859 -0.00274337 -0.00238175 -0.00215189 -0.0019721 -0.00186657 -0.00179511 -0.00173897 -0.00171946 -0.00168116 -0.00167662 -0.00165112 -0.00164215 -0.00163052 -0.00161186 -0.0016113 -0.00158683 -0.00159045 -0.00156743 -0.00156811 -0.00155233 -0.00154594 -0.00153951 -0.00152574 -0.00152728 -0.00150864 -0.00151478 -0.0014949 -0.00150194 -0.00148413 -0.00148918 -0.00147564 -0.00147706 -0.00146874 -0.00146606 -0.0014629 -0.00145649 -0.0014578 -0.00144846 -0.00145331 -0.00144195 -0.00144941 -0.00143687 -0.00144616 -0.00143308 -0.00144363 -0.00143046 -0.0014419 -0.00142893 -0.00144102 -0.00142843 -0.00144102 -0.00142893 -0.0014419 -0.00143046 -0.00144363 -0.00143308 -0.00144616 -0.00143687 -0.00144941 -0.00144195 -0.00145331 -0.00144846 -0.0014578 -0.00145649 -0.0014629 -0.00146606 -0.00146874 -0.00147706 -0.00147564 -0.00148918 -0.00148413 -0.00150194 -0.0014949 -0.00151478 -0.00150864 -0.00152728 -0.00152574 -0.00153951 -0.00154594 -0.00155233 -0.00156811 -0.00156742 -0.00159044 -0.00158681 -0.00161122 -0.00161165 -0.00162998 -0.00164076 -0.00164777 -0.00166887 -0.001664 -0.00168313 -0.0016655 -0.0016532 -0.00160491 -0.00151137 -0.00137666 -0.00113346 -0.000815312 -0.000342013 0.000279516 0.00109009 0.0021603 0.00349278 0.00520545 0.00730087 0.00982751 0.0128085 0.0161748 0.0199493 0.0240191 0.0282851 0.0326035 0.0366948 0.0403868 0.0434395 0.0456476 0.0468648 0.0468289 0.0454332 0.0426561 0.0385145 0.0331897 0.0268006 0.0195421 0.0117713 0.00376105 -0.0041776 -0.0117349 -0.0187221 -0.024891 -0.0300657 -0.0342207 -0.0372914 -0.0393051 -0.0403927 -0.0406069 -0.0400741 -0.0390156 -0.0375349 -0.0357185 -0.0337564 -0.0317991 -0.0299049 -0.0281237 -0.0265331 -0.0252081 -0.0241742 -0.0234355 
0 0.00260631 0.00525838 0.00797576 0.0107683 0.0136216 0.0165156 0.0194637 0.0224243 0.0252623 0.0278709 0.0301657 0.0319977 0.0332061 0.0336327 0.0331339 0.0316334 0.0290114 0.025157 0.020161 0.0141289 0.00712594 -0.000604289 -0.00879535 -0.0171875 -0.0254005 -0.0331397 -0.040119 -0.0460095 -0.0506603 -0.053907 -0.0556345 -0.0559406 -0.0548992 -0.0526972 -0.0495669 -0.0456458 -0.0412291 -0.0365584 -0.0318496 -0.0273555 -0.0231352 -0.0193086 -0.0159288 -0.0129845 -0.0105482 -0.00853229 -0.00692655 -0.00566986 -0.00466361 -0.00391825 -0.00332458 -0.00289953 -0.00259198 -0.00236138 -0.0022286 -0.00211044 -0.00205727 -0.00200349 -0.00197135 -0.00195474 -0.00192271 -0.00192371 -0.00189326 -0.00189579 -0.00187431 -0.00186803 -0.00185926 -0.00184158 -0.00184328 -0.00181798 -0.00182416 -0.00179783 -0.00180218 -0.00178077 -0.00177904 -0.00176596 -0.00175677 -0.00175259 -0.00173693 -0.00174014 -0.00172033 -0.00172844 -0.00170709 -0.00171754 -0.00169688 -0.00170763 -0.00168919 -0.00169888 -0.00168346 -0.00169142 -0.00167923 -0.00168533 -0.00167615 -0.00168062 -0.00167399 -0.00167728 -0.00167262 -0.0016753 -0.00167195 -0.00167464 -0.00167195 -0.0016753 -0.00167262 -0.00167728 -0.00167399 -0.00168062 -0.00167615 -0.00168533 -0.00167923 -0.00169142 -0.00168346 -0.00169888 -0.00168919 -0.00170763 -0.00169688 -0.00171754 -0.00170709 -0.00172844 -0.00172033 -0.00174014 -0.00173693 -0.00175259 -0.00175677 -0.00176596 -0.00177904 -0.00178077 -0.00180218 -0.00179783 -0.00182416 -0.00181798 -0.00184328 -0.00184158 -0.00185925 -0.00186798 -0.00187417 -0.0018954 -0.00189227 -0.00192128 -0.00191698 -0.00194186 -0.00194365 -0.00194654 -0.0019454 -0.00190052 -0.00185238 -0.00171696 -0.00153582 -0.00123983 -0.000816054 -0.000256176 0.000526181 0.0015079 0.00280647 0.00444618 0.00648644 0.00900826 0.0119638 0.015411 0.0192811 0.0235329 0.0281317 0.0328758 0.0376244 0.0421001 0.0460346 0.0492613 0.0515046 0.0526005 0.0523742 0.0506552 0.0474874 0.0428886 0.0369681 0.0299708 0.0220843 0.0136204 0.0049093 -0.00379085 -0.0121075 -0.0197698 -0.0266494 -0.0325458 -0.0373366 -0.0410125 -0.0435813 -0.0451351 -0.0457569 -0.0455122 -0.0446122 -0.0432619 -0.0415295 -0.0395433 -0.037499 -0.0354896 -0.0335647 -0.031833 -0.0303845 -0.0292366 -0.028403 
0 0.00307861 0.00623597 0.0094289 0.0126269 0.0158733 0.0191644 0.0224243 0.0255752 0.0285437 0.0312234 0.0334766 0.0351682 0.0361399 0.0362171 0.0353112 0.0333479 0.0301773 0.0257748 0.0202493 0.0136571 0.00611949 -0.0021435 -0.0108868 -0.0197479 -0.0284117 -0.0366388 -0.0440578 -0.0503816 -0.0554253 -0.05899 -0.0610571 -0.0616252 -0.0607315 -0.0585999 -0.0553788 -0.051296 -0.0466395 -0.0416076 -0.0365219 -0.031574 -0.0268905 -0.022626 -0.0187699 -0.0154149 -0.0125675 -0.0101873 -0.00829801 -0.00676746 -0.00558625 -0.00467051 -0.00395264 -0.00344398 -0.00303981 -0.00278017 -0.00258748 -0.0024572 -0.00238642 -0.0023126 -0.00229249 -0.00224619 -0.00223302 -0.00220788 -0.00218416 -0.00217652 -0.00214307 -0.00214502 -0.00211105 -0.00211276 -0.0020875 -0.00208182 -0.00206985 -0.00205451 -0.00205499 -0.00203216 -0.00204064 -0.0020148 -0.00202572 -0.00200154 -0.00201019 -0.00199112 -0.00199461 -0.00198239 -0.00197967 -0.00197455 -0.001966 -0.0019672 -0.00195398 -0.00196026 -0.00194381 -0.00195387 -0.00193552 -0.00194823 -0.00192906 -0.00194358 -0.00192433 -0.00194012 -0.00192124 -0.00193798 -0.00191971 -0.00193726 -0.00191971 -0.00193798 -0.00192124 -0.00194012 -0.00192433 -0.00194358 -0.00192906 -0.00194823 -0.00193552 -0.00195387 -0.00194381 -0.00196026 -0.00195398 -0.0019672 -0.001966 -0.00197455 -0.00197967 -0.00198239 -0.00199461 -0.00199112 -0.00201019 -0.00200154 -0.00202572 -0.0020148 -0.00204064 -0.00203216 -0.00205499 -0.00205451 -0.00206985 -0.00208182 -0.0020875 -0.00211275 -0.00211101 -0.00214492 -0.0021428 -0.00217582 -0.00218241 -0.0022037 -0.00222349 -0.00222535 -0.00224891 -0.00222552 -0.00222018 -0.00215396 -0.00205883 -0.00189853 -0.00163079 -0.00128015 -0.000747349 -6.87322e-05 0.000850919 0.00204957 0.00357026 0.00553831 0.00793811 0.0108641 0.0142871 0.0181728 0.0225366 0.0272488 0.0322697 0.0374125 0.042431 0.047134 0.0512034 0.0544442 0.0566351 0.0575206 0.0570177 0.0550025 0.0514561 0.0464666 0.0400935 0.0326 0.0242832 0.015364 0.00616457 -0.00301959 -0.0118839 -0.0201064 -0.0275474 -0.0340755 -0.0394958 -0.0437679 -0.0469304 -0.0490143 -0.0501129 -0.0503338 -0.0497952 -0.0486719 -0.0471306 -0.0452943 -0.043276 -0.0412151 -0.0392662 -0.0375071 -0.0359579 -0.0347059 -0.0338402 
0 0.00363599 0.00725578 0.0108691 0.0145062 0.0181635 0.0217777 0.0252623 0.0285437 0.0315531 0.0341825 0.0362781 0.0376933 0.0382992 0.037971 0.0365972 0.0340775 0.0303656 0.0254877 0.0194809 0.0124384 0.00452339 -0.00409776 -0.0131414 -0.0222602 -0.0312146 -0.0397107 -0.0474126 -0.0540611 -0.0593858 -0.0632633 -0.065668 -0.0665144 -0.0658794 -0.0638897 -0.0607013 -0.0566117 -0.0518193 -0.04659 -0.0412188 -0.0358747 -0.0307997 -0.026082 -0.0217879 -0.0180202 -0.0147413 -0.0120179 -0.00979213 -0.0079987 -0.00661703 -0.00550792 -0.00468135 -0.00404098 -0.0035609 -0.00323359 -0.00297329 -0.00282732 -0.0027021 -0.00263383 -0.00258514 -0.00253727 -0.00252547 -0.00248203 -0.00248017 -0.00244553 -0.00243711 -0.00241755 -0.0023966 -0.00239219 -0.00236145 -0.00236622 -0.00233308 -0.00233889 -0.00231093 -0.0023112 -0.00229322 -0.00228478 -0.00227803 -0.00226105 -0.00226395 -0.00224083 -0.00225024 -0.00222425 -0.00223681 -0.00221099 -0.0022239 -0.00220052 -0.0022119 -0.00219229 -0.00220118 -0.00218585 -0.00219202 -0.00218085 -0.00218461 -0.00217709 -0.00217902 -0.00217445 -0.00217529 -0.00217288 -0.00217343 -0.00217236 -0.00217343 -0.00217288 -0.00217529 -0.00217445 -0.00217902 -0.00217709 -0.00218461 -0.00218085 -0.00219202 -0.00218585 -0.00220118 -0.00219229 -0.0022119 -0.00220052 -0.0022239 -0.00221099 -0.00223681 -0.00222425 -0.00225024 -0.00224083 -0.00226395 -0.00226105 -0.00227803 -0.00228478 -0.00229322 -0.0023112 -0.00231093 -0.00233889 -0.00233308 -0.00236621 -0.00236144 -0.00239216 -0.00239653 -0.00241737 -0.00243662 -0.00244428 -0.00247717 -0.00247506 -0.00250998 -0.00250433 -0.0025182 -0.0025038 -0.00246067 -0.00239889 -0.00224609 -0.00205136 -0.00171575 -0.00126702 -0.000646508 0.000199502 0.00127495 0.00271427 0.00451951 0.00680653 0.00961224 0.0129232 0.0167909 0.0211145 0.0258952 0.0310409 0.0363867 0.0418043 0.0469992 0.0517636 0.0558616 0.0589965 0.0609907 0.0616086 0.0607433 0.0584005 0.0545225 0.0491867 0.0425241 0.0347291 0.0261356 0.0169841 0.00751376 -0.00194283 -0.0111197 -0.0197636 -0.0276496 -0.0346502 -0.0406373 -0.0455207 -0.0492973 -0.0519833 -0.0536529 -0.0544363 -0.0544212 -0.0536994 -0.0524544 -0.0508757 -0.0490634 -0.0471193 -0.0452184 -0.0434779 -0.0419274 -0.0406574 -0.0397714 
0 0.00414188 0.00823856 0.0123345 0.016413 0.0203838 0.0242172 0.0278709 0.0312234 0.0341825 0.0366513 0.0384528 0.0394588 0.0396169 0.038812 0.0368972 0.0338247 0.0296215 0.0242984 0.0178878 0.0105171 0.00235551 -0.00640496 -0.0155142 -0.0247247 -0.0337693 -0.0423456 -0.0501927 -0.0570172 -0.0625672 -0.0667446 -0.0694448 -0.0706175 -0.0702974 -0.0685295 -0.0655311 -0.0615366 -0.0567505 -0.0514654 -0.0458833 -0.0402583 -0.0348242 -0.0296831 -0.024996 -0.0207917 -0.0171169 -0.0140238 -0.0114407 -0.00938527 -0.00774509 -0.00645853 -0.00548116 -0.0047028 -0.00414612 -0.00371187 -0.00340989 -0.00320329 -0.00304332 -0.00296274 -0.00287717 -0.00284562 -0.00280253 -0.0027773 -0.00276162 -0.00272916 -0.00272853 -0.0026922 -0.00269395 -0.00266244 -0.00265673 -0.00263649 -0.0026192 -0.00261162 -0.0025843 -0.0025863 -0.00255402 -0.00256041 -0.00252904 -0.00253475 -0.00250895 -0.00251042 -0.00249282 -0.00248843 -0.00247965 -0.00246936 -0.00246861 -0.00245342 -0.00245917 -0.0024405 -0.00245106 -0.00243034 -0.00244417 -0.00242258 -0.00243854 -0.0024169 -0.00243422 -0.00241304 -0.00243129 -0.00241079 -0.00242982 -0.00241006 -0.00242982 -0.00241079 -0.00243129 -0.00241304 -0.00243422 -0.0024169 -0.00243854 -0.00242258 -0.00244417 -0.00243034 -0.00245106 -0.0024405 -0.00245917 -0.00245342 -0.00246861 -0.00246936 -0.00247965 -0.00248843 -0.00249282 -0.00251042 -0.00250895 -0.00253475 -0.00252904 -0.00256041 -0.00255402 -0.0025863 -0.0025843 -0.00261162 -0.0026192 -0.00263649 -0.00265671 -0.00266239 -0.00269382 -0.00269186 -0.00272766 -0.00272702 -0.00275658 -0.00276593 -0.00277795 -0.00279481 -0.00277672 -0.00277289 -0.00270029 -0.00261052 -0.00242917 -0.00215544 -0.00176982 -0.00119866 -0.000466086 0.000543859 0.00183864 0.00351402 0.0056558 0.00827852 0.0114787 0.0152013 0.019459 0.0242151 0.0293647 0.0348554 0.0404677 0.0460149 0.051279 0.055985 0.0599478 0.0628802 0.0645479 0.0648184 0.0635766 0.0608543 0.0566757 0.0510769 0.0442385 0.036352 0.0276573 0.0184332 0.00891597 -0.000620512 -0.00992144 -0.0187884 -0.0269922 -0.0343478 -0.0407838 -0.046251 -0.0506721 -0.0540152 -0.05635 -0.0577721 -0.0583527 -0.0581969 -0.0574447 -0.0562466 -0.0547642 -0.0531163 -0.0513882 -0.0497235 -0.0482728 -0.0470915 -0.0462105 
0 0.00460301 0.00919297 0.0137509 0.0181857 0.0224177 0.0264358 0.0301657 0.0334766 0.0362781 0.0384528 0.0398604 0.0404255 0.0400679 0.0386746 0.0361861 0.0325955 0.0279294 0.0222337 0.0155486 0.00798343 -0.000257199 -0.00897856 -0.0180136 -0.0271417 -0.0360841 -0.0445789 -0.0523836 -0.0592515 -0.0649822 -0.0694096 -0.072415 -0.0739539 -0.0739844 -0.0725602 -0.0698539 -0.0660504 -0.0614044 -0.0561398 -0.0504659 -0.0446616 -0.038921 -0.0334473 -0.0283822 -0.0237749 -0.0197252 -0.0162253 -0.0132943 -0.0109152 -0.00899244 -0.00750416 -0.00632829 -0.00543059 -0.00475536 -0.00423503 -0.00388134 -0.00360587 -0.00343473 -0.00330777 -0.00321873 -0.00316887 -0.00310926 -0.00308982 -0.00304436 -0.00302904 -0.00299837 -0.00297585 -0.00296092 -0.00293032 -0.00292719 -0.00289359 -0.00289501 -0.00286502 -0.00286393 -0.00284246 -0.00283447 -0.00282337 -0.00280742 -0.00280571 -0.00278334 -0.00278835 -0.00276245 -0.00277099 -0.00274461 -0.0027539 -0.00272955 -0.00273764 -0.00271692 -0.00272275 -0.00270642 -0.0027097 -0.00269784 -0.00269881 -0.00269105 -0.00269026 -0.00268599 -0.00268413 -0.00268262 -0.00268046 -0.00268093 -0.00267923 -0.00268093 -0.00268046 -0.00268262 -0.00268413 -0.00268599 -0.00269026 -0.00269105 -0.00269881 -0.00269784 -0.0027097 -0.00270642 -0.00272275 -0.00271692 -0.00273764 -0.00272955 -0.0027539 -0.00274461 -0.00277099 -0.00276245 -0.00278835 -0.00278334 -0.00280571 -0.00280742 -0.00282337 -0.00283447 -0.00284246 -0.00286393 -0.00286502 -0.00289501 -0.00289358 -0.00292716 -0.00293023 -0.00296069 -0.00297525 -0.00299687 -0.00302545 -0.00303612 -0.00307172 -0.00307119 -0.00309226 -0.00307129 -0.00303648 -0.00295731 -0.00280169 -0.00258281 -0.00222013 -0.00174045 -0.00106094 -0.000162708 0.00100747 0.00254938 0.00449113 0.00695436 0.00995084 0.0135133 0.01765 0.0222921 0.0274316 0.0329408 0.0386835 0.0444752 0.0500533 0.05523 0.0597651 0.0634299 0.0660137 0.0672831 0.0671345 0.0655246 0.0624471 0.0579751 0.0522006 0.0452828 0.0374232 0.0288073 0.0196713 0.0102895 0.000890185 -0.00835217 -0.0172561 -0.0256165 -0.0332609 -0.040085 -0.0460376 -0.0510601 -0.055085 -0.0581321 -0.0602724 -0.0615535 -0.0620836 -0.0619948 -0.0613534 -0.0602994 -0.0590428 -0.0576755 -0.0562677 -0.0549864 -0.0539369 -0.0531512 
0 0.00507799 0.0100897 0.01498 0.0196985 0.0241755 0.028307 0.0319977 0.0351682 0.0376933 0.0394588 0.0404255 0.0404992 0.0395407 0.0375369 0.0345088 0.030431 0.0253602 0.0193741 0.0125147 0.0049211 -0.00322397 -0.0117795 -0.0205822 -0.0294449 -0.0381375 -0.0463981 -0.0540317 -0.0608655 -0.0666902 -0.0713194 -0.074619 -0.0765025 -0.0769364 -0.0759458 -0.0736257 -0.0701558 -0.0657505 -0.0606111 -0.0549679 -0.0490508 -0.043095 -0.0373335 -0.0319092 -0.0269447 -0.0225072 -0.0186245 -0.0153388 -0.0126093 -0.0104101 -0.00866907 -0.00729621 -0.00624792 -0.00542947 -0.00482405 -0.00437283 -0.0040438 -0.00382432 -0.00365647 -0.00355944 -0.00347646 -0.00342712 -0.00338651 -0.00334806 -0.00332823 -0.00329073 -0.00327894 -0.00324485 -0.00323244 -0.00320642 -0.00318859 -0.00317274 -0.00314877 -0.00314174 -0.00311402 -0.00311222 -0.00308452 -0.00308392 -0.00305975 -0.00305716 -0.00303883 -0.00303247 -0.00302088 -0.00301035 -0.00300521 -0.00299108 -0.0029914 -0.00297472 -0.00297926 -0.0029612 -0.00296879 -0.00295033 -0.00296003 -0.00294192 -0.00295308 -0.00293579 -0.00294805 -0.00293178 -0.002945 -0.00292979 -0.00294398 -0.00292979 -0.002945 -0.00293178 -0.00294805 -0.00293579 -0.00295308 -0.00294192 -0.00296003 -0.00295033 -0.00296879 -0.0029612 -0.00297926 -0.00297472 -0.0029914 -0.00299108 -0.00300521 -0.00301035 -0.00302088 -0.00303247 -0.00303883 -0.00305716 -0.00305975 -0.00308392 -0.00308452 -0.00311222 -0.00311402 -0.00314174 -0.00314877 -0.00317274 -0.00318857 -0.00320636 -0.00323228 -0.00324444 -0.00327791 -0.00328821 -0.00332234 -0.00333491 -0.00335835 -0.00336944 -0.00336342 -0.00334759 -0.00327669 -0.00317275 -0.00297273 -0.00268249 -0.00225523 -0.00165517 -0.000860671 0.00021157 0.00159199 0.00338409 0.00564995 0.00844672 0.0118283 0.015772 0.0202832 0.025306 0.0307668 0.0365571 0.0424748 0.048313 0.053833 0.0588115 0.0630499 0.0663215 0.0684286 0.0692243 0.0686233 0.0666085 0.0632014 0.0584734 0.0525753 0.0456898 0.037967 0.0295731 0.0207159 0.0116165 0.0024886 -0.00652884 -0.0153118 -0.023672 -0.0314743 -0.038622 -0.0449844 -0.0505137 -0.055207 -0.0590081 -0.0619154 -0.0639953 -0.0653152 -0.0659671 -0.0660362 -0.0656145 -0.0648708 -0.063963 -0.0629781 -0.0620132 -0.0611733 -0.0605372 
0 0.00545649 0.0108179 0.0159886 0.0209098 0.0255015 0.0296316 0.0332061 0.0361399 0.0382992 0.0396169 0.0400679 0.0395407 0.0379745 0.0354228 0.0318966 0.0274061 0.02202 0.0158059 0.00889562 0.00143441 -0.00649565 -0.014744 -0.0231516 -0.0316078 -0.0398985 -0.0478134 -0.0552152 -0.0619223 -0.0677611 -0.0725444 -0.076085 -0.0783137 -0.0791851 -0.078677 -0.076854 -0.0738195 -0.0697515 -0.0648557 -0.059326 -0.0533986 -0.0473154 -0.0413107 -0.0355877 -0.0302786 -0.0254725 -0.0212264 -0.0175655 -0.0144945 -0.011984 -0.00997003 -0.00838516 -0.00714658 -0.00618962 -0.00546307 -0.00491368 -0.00451792 -0.00423045 -0.00403331 -0.00389874 -0.00380298 -0.00374314 -0.00369086 -0.00365948 -0.00362516 -0.00360011 -0.00357522 -0.0035486 -0.0035299 -0.00350116 -0.00348594 -0.00345765 -0.00344319 -0.0034184 -0.00340264 -0.00338338 -0.00336551 -0.00335228 -0.00333266 -0.00332469 -0.00330441 -0.00330023 -0.00328062 -0.00327864 -0.00326087 -0.00325974 -0.0032446 -0.00324341 -0.00323128 -0.00322959 -0.0032205 -0.0032182 -0.00321195 -0.00320918 -0.00320544 -0.00320247 -0.00320084 -0.00319803 -0.0031981 -0.00319581 -0.00319718 -0.00319581 -0.0031981 -0.00319803 -0.00320084 -0.00320247 -0.00320544 -0.00320918 -0.00321195 -0.0032182 -0.0032205 -0.00322959 -0.00323128 -0.00324341 -0.0032446 -0.00325974 -0.00326087 -0.00327864 -0.00328062 -0.00330023 -0.00330441 -0.00332469 -0.00333266 -0.00335228 -0.00336551 -0.00338338 -0.00340264 -0.00341839 -0.00344318 -0.00345764 -0.00348591 -0.00350106 -0.00352962 -0.00354789 -0.00357346 -0.00359596 -0.00361572 -0.00363892 -0.003648 -0.0036576 -0.00363966 -0.00360043 -0.00351187 -0.00335741 -0.00311562 -0.00274735 -0.002233 -0.00152056 -0.000571144 0.000679389 0.00230649 0.00438163 0.00698219 0.0101499 0.0139029 0.0182327 0.0231023 0.0284567 0.0341994 0.0401695 0.0461654 0.0519495 0.0572914 0.061989 0.0658217 0.0685982 0.0701618 0.0704067 0.0693213 0.0668924 0.0631541 0.0582357 0.0522849 0.0454968 0.0380239 0.0299709 0.0215315 0.012868 0.0041029 -0.00459044 -0.0130992 -0.0213247 -0.0291399 -0.0364656 -0.0431776 -0.0491702 -0.0544634 -0.0590135 -0.0627276 -0.0656442 -0.0678241 -0.0692984 -0.0701779 -0.0705747 -0.0705463 -0.0702053 -0.069717 -0.0691939 -0.0686949 -0.0682874 
0 0.00568567 0.0113013 0.0166774 0.0216874 0.026266 0.0302908 0.0336327 0.0362171 0.037971 0.038812 0.0386746 0.0375369 0.0354228 0.032354 0.0283773 0.0235668 0.0179588 0.0116649 0.00487054 -0.00236281 -0.00997138 -0.0177901 -0.0257179 -0.0336361 -0.0413905 -0.0488858 -0.0559577 -0.0624513 -0.0682485 -0.0731172 -0.0768928 -0.0794867 -0.0807976 -0.0808219 -0.0795433 -0.0770015 -0.0733666 -0.0687862 -0.0634738 -0.057652 -0.0515306 -0.0453861 -0.0394167 -0.0337966 -0.0286502 -0.024026 -0.0199938 -0.0165544 -0.0137022 -0.0113996 -0.00956253 -0.00813189 -0.00701694 -0.00616436 -0.00552163 -0.0050411 -0.00469825 -0.00444982 -0.00428014 -0.00415995 -0.00407491 -0.00401414 -0.00396457 -0.00392708 -0.0038922 -0.00386314 -0.00383579 -0.00381048 -0.00378779 -0.00376527 -0.00374543 -0.0037256 -0.00370731 -0.00369 -0.00367261 -0.00365738 -0.00364084 -0.00362713 -0.00361172 -0.00359902 -0.00358515 -0.00357315 -0.00356111 -0.0035497 -0.00353965 -0.00352888 -0.00352081 -0.00351083 -0.00350464 -0.00349562 -0.00349118 -0.00348327 -0.00348043 -0.00347374 -0.00347239 -0.00346698 -0.00346704 -0.00346294 -0.00346437 -0.0034616 -0.00346437 -0.00346294 -0.00346704 -0.00346698 -0.00347239 -0.00347374 -0.00348043 -0.00348327 -0.00349118 -0.00349562 -0.00350464 -0.00351083 -0.00352081 -0.00352888 -0.00353965 -0.0035497 -0.00356111 -0.00357315 -0.00358515 -0.00359902 -0.00361172 -0.00362713 -0.00364084 -0.00365738 -0.00367261 -0.00369 -0.00370731 -0.00372559 -0.00374541 -0.00376521 -0.00378761 -0.00381 -0.00383459 -0.00386025 -0.00388552 -0.00391227 -0.00393315 -0.00395027 -0.00395067 -0.00392867 -0.00386811 -0.00374689 -0.00354843 -0.00323398 -0.0027845 -0.00215296 -0.00130177 -0.000177648 0.00129695 0.00318273 0.00557434 0.00851553 0.0120444 0.0161682 0.0208457 0.0260561 0.0316986 0.0376557 0.0437452 0.0497154 0.0553613 0.0604347 0.064735 0.0680755 0.070252 0.0711968 0.0708618 0.06925 0.0664242 0.0624083 0.0573561 0.0514501 0.0448123 0.0376229 0.0300005 0.0220541 0.0139268 0.00566845 -0.00260468 -0.0107336 -0.0186937 -0.0264259 -0.0338068 -0.0407574 -0.0471799 -0.0530001 -0.0581924 -0.0627007 -0.0664945 -0.0695852 -0.0719876 -0.0737761 -0.0750479 -0.0758554 -0.076278 -0.0764303 -0.0764109 -0.0763297 -0.0762715 
0 0.00580537 0.0114889 0.0168914 0.0218851 0.0263509 0.0301348 0.0331339 0.0353112 0.0365972 0.0368972 0.0361861 0.0345088 0.0318966 0.0283773 0.0240432 0.0189886 0.0132943 0.00710181 0.000521324 -0.00639529 -0.0135499 -0.0208543 -0.0282081 -0.0354841 -0.04266 -0.0496638 -0.0563285 -0.0625673 -0.0682274 -0.0731198 -0.0771194 -0.0800453 -0.0818177 -0.0823973 -0.081684 -0.0797233 -0.076585 -0.0724026 -0.0674091 -0.0617595 -0.0557059 -0.0494944 -0.0433316 -0.0374624 -0.0319863 -0.0270193 -0.0226249 -0.0188095 -0.0156205 -0.0129894 -0.0108869 -0.00923018 -0.007927 -0.00693797 -0.00616679 -0.00560295 -0.00518178 -0.00487965 -0.00467412 -0.00451901 -0.00442499 -0.0043431 -0.00429346 -0.00424611 -0.00420853 -0.00417831 -0.00414265 -0.00412106 -0.00408709 -0.00406886 -0.00403886 -0.00402067 -0.00399629 -0.00397668 -0.00395812 -0.00393716 -0.00392348 -0.00390214 -0.0038919 -0.0038714 -0.00386322 -0.0038446 -0.00383742 -0.00382135 -0.00381455 -0.00380132 -0.00379465 -0.00378425 -0.00377771 -0.00376998 -0.00376372 -0.00375838 -0.00375261 -0.00374939 -0.00374434 -0.00374299 -0.00373886 -0.00373915 -0.00373613 -0.00373787 -0.00373613 -0.00373915 -0.00373886 -0.00374299 -0.00374434 -0.00374939 -0.00375261 -0.00375838 -0.00376372 -0.00376998 -0.00377771 -0.00378425 -0.00379465 -0.00380132 -0.00381455 -0.00382135 -0.00383742 -0.0038446 -0.00386322 -0.0038714 -0.0038919 -0.00390214 -0.00392348 -0.00393716 -0.00395812 -0.00397668 -0.00399628 -0.00402065 -0.00403881 -0.00406874 -0.00408677 -0.00412025 -0.00414067 -0.00417364 -0.00419801 -0.00422338 -0.00424641 -0.00424985 -0.00424805 -0.00419767 -0.0041153 -0.00394826 -0.00369148 -0.00330781 -0.00275273 -0.00201129 -0.000996967 0.000314661 0.00202888 0.00421041 0.00692067 0.010233 0.0141202 0.0186095 0.0236355 0.0291385 0.0350357 0.0411218 0.0472282 0.0530862 0.0584686 0.0631907 0.0670003 0.0697558 0.0713049 0.0715849 0.0706604 0.0685303 0.065288 0.0610487 0.0559183 0.0500982 0.0436955 0.0368267 0.0296754 0.0222989 0.0147481 0.00708905 -0.000644014 -0.00834716 -0.0159657 -0.0234967 -0.0308393 -0.0379048 -0.044643 -0.0509379 -0.0566992 -0.0619215 -0.0665818 -0.0706143 -0.073997 -0.0767764 -0.0789917 -0.0806884 -0.0819775 -0.082933 -0.0835676 -0.0839806 -0.0842851 
0 0.00575407 0.0113264 0.0165894 0.0213931 0.0255639 0.0290012 0.0316334 0.0333479 0.0340775 0.0338247 0.0325955 0.030431 0.0274061 0.0235668 0.0189886 0.0138194 0.00819678 0.00219995 -0.00409263 -0.0105724 -0.017176 -0.0238641 -0.030539 -0.0371586 -0.0437337 -0.0501856 -0.0564264 -0.0623448 -0.0677886 -0.0726705 -0.0768232 -0.0800613 -0.0823041 -0.0834121 -0.0833097 -0.0819741 -0.0793849 -0.0757047 -0.0710826 -0.0656966 -0.0598023 -0.0535816 -0.0473211 -0.0412347 -0.0354717 -0.0301981 -0.0254359 -0.0212751 -0.017723 -0.014754 -0.0123669 -0.0104406 -0.00894718 -0.00777821 -0.0068775 -0.00621079 -0.00569524 -0.00534535 -0.0050773 -0.00490428 -0.00478 -0.0046875 -0.00463329 -0.00457124 -0.00454298 -0.00449447 -0.00447004 -0.00443268 -0.00440362 -0.0043773 -0.00434296 -0.00432569 -0.00428922 -0.00427736 -0.00424289 -0.00423267 -0.00420352 -0.00419218 -0.00417007 -0.00415626 -0.00414141 -0.00412503 -0.00411659 -0.00409833 -0.00409497 -0.00407583 -0.00407617 -0.00405714 -0.00406001 -0.0040419 -0.00404647 -0.00402978 -0.00403555 -0.00402055 -0.00402731 -0.00401406 -0.00402179 -0.0040102 -0.00401902 -0.00400892 -0.00401902 -0.0040102 -0.00402179 -0.00401406 -0.00402731 -0.00402055 -0.00403555 -0.00402978 -0.00404647 -0.0040419 -0.00406001 -0.00405714 -0.00407617 -0.00407583 -0.00409497 -0.00409833 -0.00411659 -0.00412503 -0.00414141 -0.00415626 -0.00417007 -0.00419218 -0.00420352 -0.00423267 -0.00424289 -0.00427736 -0.00428921 -0.00432566 -0.00434288 -0.00437709 -0.00440308 -0.00443133 -0.00446683 -0.0044871 -0.00452676 -0.00453705 -0.00456424 -0.00455396 -0.00453272 -0.00446581 -0.00433234 -0.00413101 -0.00379208 -0.00333433 -0.00266828 -0.00178722 -0.000614834 0.000928205 0.00288807 0.00539185 0.00844426 0.0121152 0.016385 0.0212088 0.0265736 0.0323366 0.0384065 0.0445637 0.0505655 0.0562168 0.0612469 0.0654974 0.0687612 0.070859 0.0717533 0.0713951 0.069864 0.0672466 0.0636096 0.0591492 0.0540028 0.0482929 0.0421664 0.0357059 0.0290453 0.0222648 0.0153349 0.00828764 0.00115691 -0.00605808 -0.0133098 -0.0205438 -0.0277217 -0.0348006 -0.0417208 -0.0483851 -0.0546944 -0.0605855 -0.0660163 -0.0709383 -0.0753 -0.0790903 -0.0823283 -0.0850244 -0.0872261 -0.0890118 -0.0904096 -0.0914289 -0.0921172 
0 0.00547626 0.0107573 0.0156917 0.020099 0.0238375 0.0268505 0.0290114 0.0301773 0.0303656 0.0296215 0.0279294 0.0253602 0.02202 0.0179588 0.0132943 0.00819678 0.00276315 -0.00294106 -0.00882327 -0.0147923 -0.0207866 -0.0267777 -0.032755 -0.03871 -0.0446287 -0.0504993 -0.0562661 -0.0618056 -0.0670338 -0.071863 -0.0761261 -0.0796705 -0.0823236 -0.083937 -0.084437 -0.0837086 -0.0817416 -0.0786212 -0.0744493 -0.0694437 -0.0637753 -0.05766 -0.0513736 -0.0451105 -0.0391185 -0.0335244 -0.0284213 -0.0239097 -0.0199779 -0.0166847 -0.0139704 -0.0117849 -0.0100742 -0.00871412 -0.00768812 -0.00688462 -0.00629126 -0.00585552 -0.00552871 -0.00531776 -0.00514492 -0.00504716 -0.00495663 -0.00490069 -0.00485333 -0.00480638 -0.00478164 -0.00473559 -0.00472064 -0.00467804 -0.00466384 -0.00462902 -0.00461013 -0.00458538 -0.00456009 -0.00454496 -0.0045145 -0.00450663 -0.00447383 -0.00447017 -0.00443814 -0.00443594 -0.00440718 -0.0044045 -0.0043806 -0.00437637 -0.004358 -0.00435194 -0.00433907 -0.00433139 -0.00432355 -0.00431476 -0.00431128 -0.004302 -0.00430215 -0.00429299 -0.0042961 -0.00428763 -0.00429308 -0.00428585 -0.00429308 -0.00428763 -0.0042961 -0.00429299 -0.00430215 -0.004302 -0.00431128 -0.00431476 -0.00432355 -0.00433139 -0.00433907 -0.00435194 -0.004358 -0.00437637 -0.0043806 -0.0044045 -0.00440718 -0.00443594 -0.00443814 -0.00447017 -0.00447383 -0.00450663 -0.0045145 -0.00454495 -0.00456009 -0.00458537 -0.00461011 -0.00462897 -0.00466371 -0.00467769 -0.00471974 -0.00473341 -0.00477654 -0.00479498 -0.00482883 -0.00485027 -0.00485722 -0.00485945 -0.00480547 -0.00472965 -0.00455155 -0.00429587 -0.00389378 -0.00332289 -0.00255246 -0.00149354 -0.000132623 0.00166192 0.00392516 0.00674712 0.0101774 0.0141923 0.018822 0.0239708 0.0296007 0.0355886 0.0417397 0.0478764 0.0537109 0.0590478 0.0636757 0.0673758 0.0700156 0.0714384 0.0716296 0.0706427 0.0685258 0.0654205 0.0614596 0.0568193 0.0516889 0.0461561 0.040324 0.0343053 0.0281608 0.0219303 0.0156138 0.00919857 0.00267729 -0.00398293 -0.0107934 -0.0176977 -0.024646 -0.0316465 -0.0386562 -0.0455621 -0.0523013 -0.0588003 -0.0649287 -0.0706447 -0.075945 -0.0807421 -0.0849931 -0.0887272 -0.0919181 -0.0945508 -0.0966869 -0.0983531 -0.0995361 
