0 0 0 0 0 0 0 0 0 0 0 0 0 0 0 0 0 0 0 0 0 0 0 0 0 0 0 0 0 0 0 0 0 0 0 0 0 0 0 0 0 0 0 0 0 0 0 0 0 0 0 0 0 0 0 0 0 0 0 0 0 0 0 0 0 0 0 0 0 0 0 0 0 0 0 0 0 0 0 0 0 0 0 0 0 0 0 0 0 0 0 0 0 0 0 0 0 0 0 0 0 0 0 0 0 0 0 0 0 0 0 0 0 0 0 0 0 0 0 0 0 0 0 0 0 0 0 0 0 0 0 0 0 0 0 0 0 0 0 0 0 0 0 0 0 0 0 0 0 0 0 0 0 0 0 0 0 0 0 0 0 0 0 0 0 0 0 0 0 0 0 0 0 0 0 0 0 0 0 0 0 0 0 0 0 0 0 0 0 0 0 0 0 0 0 0 0 0 0 0 
0 0.000494403 0.000902507 0.0013496 0.0018876 0.00239801 0.00289598 0.00347392 0.00403718 0.00450683 0.00497016 0.00539835 0.00566021 0.00576825 0.00573289 0.00546282 0.00493827 0.00418079 0.00319817 0.00203291 0.000682498 -0.000830723 -0.00236871 -0.00386391 -0.00530284 -0.00659447 -0.00766997 -0.00847379 -0.00897071 -0.00921606 -0.00921798 -0.00896024 -0.00848835 -0.00783545 -0.00707954 -0.00629515 -0.00548902 -0.00469937 -0.00394139 -0.00323538 -0.00263131 -0.00212212 -0.00171623 -0.00139837 -0.00113494 -0.000930575 -0.000757646 -0.000621119 -0.000519522 -0.000437374 -0.000388112 -0.000349107 -0.000327787 -0.000316449 -0.000306045 -0.000307082 -0.000301265 -0.000303339 -0.000300928 -0.000298583 -0.000298526 -0.000291839 -0.00029208 -0.000284192 -0.000282808 -0.000276954 -0.000273295 -0.000270988 -0.000265804 -0.000266622 -0.000261389 -0.000263781 -0.000259869 -0.000262155 -0.000260309 -0.000261339 -0.000261587 -0.000260937 -0.000262788 -0.00026063 -0.000263373 -0.000260205 -0.000263161 -0.000259563 -0.000262227 -0.000258699 -0.000260781 -0.000257669 -0.000259069 -0.000256563 -0.000257318 -0.000255479 -0.000255706 -0.000254507 -0.000254356 -0.000253717 -0.000253348 -0.000253163 -0.000252728 -0.000252879 -0.000252519 -0.000252879 -0.000252728 -0.000253163 -0.000253348 -0.000253717 -0.000254356 -0.000254507 -0.000255706 -0.000255479 -0.000257318 -0.000256563 -0.000259069 -0.000257669 -0.000260781 -0.000258699 -0.000262227 -0.000259563 -0.000263161 -0.000260205 -0.000263373 -0.00026063 -0.000262788 -0.000260937 -0.000261587 -0.000261339 -0.000260309 -0.000262155 -0.000259869 -0.000263781 -0.000261389 -0.000266622 -0.000265804 -0.000270988 -0.000273295 -0.000276953 -0.000282807 -0.00028419 -0.000292074 -0.000291822 -0.000298477 -0.000298448 -0.000300574 -0.000302448 -0.000299126 -0.000302191 -0.000295396 -0.000294396 -0.000284389 -0.00026802 -0.000244353 -0.000195575 -0.000133422 -3.46631e-05 9.29899e-05 0.000255087 0.000467141 0.000721422 0.00105485 0.00147303 0.00199113 0.00262014 0.00331929 0.00408165 0.00487487 0.0056817 0.00650962 0.00729447 0.00798072 0.0084961 0.00877175 0.00882232 0.00861916 0.00812031 0.0073262 0.00623515 0.00493275 0.00349985 0.00192786 0.000285034 -0.00132297 -0.00283311 -0.00417582 -0.00534193 -0.00631277 -0.00699752 -0.00743469 -0.0077184 -0.00779737 -0.00766902 -0.0074439 -0.00713432 -0.00672701 -0.0063063 -0.00592077 -0.00554847 -0.005192 -0.00487907 -0.0046426 -0.00449967 
0 0.000902507 0.00181692 0.00278598 0.00378984 0.004792 0.00583955 0.00693996 0.00800306 0.0089979 0.00992777 0.0106941 0.0111943 0.0114 0.0112654 0.0107188 0.00970296 0.00819469 0.00624888 0.00391778 0.00121492 -0.00173767 -0.00475255 -0.00771581 -0.0105228 -0.0130529 -0.0151806 -0.0167729 -0.0178023 -0.0183098 -0.0182994 -0.0178002 -0.0168633 -0.0155811 -0.0141089 -0.0125479 -0.010964 -0.00941019 -0.00791039 -0.00653129 -0.00532063 -0.00429752 -0.0034742 -0.00280921 -0.00227862 -0.001855 -0.00151006 -0.00124685 -0.00104212 -0.000895564 -0.00079534 -0.000723521 -0.000682278 -0.000649311 -0.000630514 -0.000615552 -0.000602045 -0.000595425 -0.000584059 -0.000580739 -0.000573208 -0.000570107 -0.000567261 -0.000563058 -0.000563479 -0.000558407 -0.000559466 -0.000554515 -0.000553942 -0.00054999 -0.000546788 -0.000544143 -0.000538627 -0.000537035 -0.000530313 -0.000529227 -0.000522576 -0.000521447 -0.000515866 -0.000514326 -0.000510358 -0.000508261 -0.000506018 -0.000503401 -0.000502696 -0.000499704 -0.000500202 -0.00049701 -0.00049835 -0.000495115 -0.000496985 -0.000493823 -0.000495988 -0.000492966 -0.000495278 -0.000492419 -0.000494801 -0.000492097 -0.000494525 -0.000491948 -0.000494435 -0.000491948 -0.000494525 -0.000492097 -0.000494801 -0.000492419 -0.000495278 -0.000492966 -0.000495988 -0.000493823 -0.000496985 -0.000495115 -0.00049835 -0.00049701 -0.000500202 -0.000499704 -0.000502696 -0.000503401 -0.000506018 -0.000508261 -0.000510358 -0.000514326 -0.000515866 -0.000521447 -0.000522576 -0.000529227 -0.000530313 -0.000537035 -0.000538627 -0.000544143 -0.000546788 -0.00054999 -0.000553942 -0.000554515 -0.000559466 -0.000558406 -0.000563477 -0.000563053 -0.000567246 -0.000570064 -0.000573087 -0.000580411 -0.00058321 -0.000593329 -0.000597106 -0.000604454 -0.000606756 -0.000600895 -0.000588433 -0.000550639 -0.000492769 -0.000392428 -0.000246429 -4.73356e-05 0.000220802 0.000550766 0.00096926 0.00148885 0.00214367 0.00298058 0.00401018 0.00524642 0.00664748 0.00815998 0.00975172 0.0113719 0.0129921 0.0145292 0.0158449 0.0168274 0.0173751 0.017452 0.0170378 0.0160555 0.0144828 0.0123656 0.00980269 0.00693227 0.00383273 0.000604562 -0.00255751 -0.00550816 -0.00817086 -0.0104778 -0.0123737 -0.0137927 -0.0147294 -0.0152684 -0.0154352 -0.0152341 -0.0147859 -0.0141965 -0.0134732 -0.0126666 -0.011869 -0.0111153 -0.0104309 -0.00986136 -0.00941165 -0.00907689 
0 0.0013496 0.00278598 0.00424383 0.00569404 0.00722765 0.00883294 0.0103994 0.0119317 0.0134301 0.0147439 0.0157749 0.0164949 0.0167667 0.0164787 0.0156086 0.0140709 0.011831 0.00896363 0.00549922 0.00153286 -0.00273593 -0.00715367 -0.0115227 -0.0156233 -0.0193169 -0.0224119 -0.0247535 -0.02632 -0.0270823 -0.0270748 -0.0263736 -0.0250293 -0.0232075 -0.0210792 -0.0187731 -0.0164359 -0.0141216 -0.0119039 -0.00987481 -0.00806764 -0.00654679 -0.00529851 -0.00428445 -0.00348461 -0.00282962 -0.00231382 -0.00190813 -0.00159068 -0.00136861 -0.00120016 -0.00109422 -0.00102207 -0.000972206 -0.000947884 -0.000920823 -0.000911969 -0.000896718 -0.000887842 -0.000881228 -0.000868896 -0.000867258 -0.00085421 -0.000852877 -0.000842899 -0.000838512 -0.000833401 -0.000825291 -0.000824262 -0.000814017 -0.000814753 -0.000804815 -0.00080491 -0.000797278 -0.00079521 -0.000790805 -0.000786199 -0.000784882 -0.000778256 -0.000779215 -0.000771529 -0.000773722 -0.000765975 -0.000768465 -0.000761443 -0.000763567 -0.000757755 -0.000759152 -0.000754752 -0.000755312 -0.000752315 -0.000752104 -0.000750371 -0.000749548 -0.000748877 -0.000747646 -0.000747814 -0.000746388 -0.000747177 -0.000745763 -0.000746964 -0.000745763 -0.000747177 -0.000746388 -0.000747814 -0.000747646 -0.000748877 -0.000749548 -0.000750371 -0.000752104 -0.000752315 -0.000755312 -0.000754752 -0.000759152 -0.000757755 -0.000763567 -0.000761443 -0.000768465 -0.000765975 -0.000773722 -0.000771529 -0.000779215 -0.000778256 -0.000784882 -0.000786199 -0.000790805 -0.00079521 -0.000797278 -0.00080491 -0.000804815 -0.000814753 -0.000814017 -0.000824261 -0.000825291 -0.000833401 -0.000838511 -0.000842896 -0.000852867 -0.000854178 -0.000867167 -0.000868645 -0.000880568 -0.000886181 -0.000892724 -0.000902793 -0.000900712 -0.000905856 -0.000888525 -0.000863438 -0.000808023 -0.000708832 -0.000565493 -0.000338908 -4.2434e-05 0.000357234 0.000866895 0.00149838 0.00230888 0.00331394 0.00458259 0.00613547 0.00795435 0.0100261 0.0122581 0.0146063 0.0170117 0.0193678 0.0215849 0.0234751 0.0248748 0.0256811 0.0257695 0.0250991 0.0236194 0.021289 0.0182096 0.0144854 0.0102533 0.00572329 0.0010485 -0.00356907 -0.00790235 -0.0118407 -0.0152528 -0.0180235 -0.0201633 -0.0216485 -0.0224718 -0.0227607 -0.022594 -0.0220121 -0.0211626 -0.0201607 -0.0190398 -0.0178865 -0.0167979 -0.015818 -0.0149881 -0.0143273 -0.0138393 
0 0.0018876 0.00378984 0.00569404 0.00766121 0.0097354 0.0118146 0.0138358 0.0158388 0.0177271 0.0193253 0.020588 0.02144 0.0216915 0.0212229 0.019969 0.0178733 0.014945 0.0111847 0.00665343 0.00156598 -0.00390697 -0.00960589 -0.0152348 -0.0205319 -0.025273 -0.0292302 -0.0322971 -0.0343753 -0.0353961 -0.0354359 -0.0345629 -0.0328986 -0.0306356 -0.0279158 -0.0249434 -0.0218864 -0.0188449 -0.0159609 -0.0132972 -0.0109257 -0.00890893 -0.00721674 -0.00585258 -0.00475282 -0.00386375 -0.00316857 -0.00260526 -0.00218208 -0.00186331 -0.00162955 -0.00147986 -0.00136743 -0.00130728 -0.00126231 -0.00123463 -0.00122133 -0.00120094 -0.00119737 -0.00117989 -0.0011738 -0.00116137 -0.0011487 -0.00114197 -0.00112485 -0.00112154 -0.00110483 -0.00110157 -0.00108944 -0.00108384 -0.00107795 -0.0010695 -0.00106896 -0.00105872 -0.00106117 -0.00105087 -0.00105375 -0.00104498 -0.00104634 -0.00104007 -0.00103895 -0.00103547 -0.00103175 -0.00103083 -0.00102495 -0.00102609 -0.00101876 -0.00102136 -0.00101329 -0.00101685 -0.00100863 -0.00101277 -0.00100481 -0.00100931 -0.00100185 -0.00100661 -0.00099975 -0.00100476 -0.000998492 -0.00100382 -0.000998073 -0.00100382 -0.000998492 -0.00100476 -0.00099975 -0.00100661 -0.00100185 -0.00100931 -0.00100481 -0.00101277 -0.00100863 -0.00101685 -0.00101329 -0.00102136 -0.00101876 -0.00102609 -0.00102495 -0.00103083 -0.00103175 -0.00103547 -0.00103895 -0.00104007 -0.00104634 -0.00104498 -0.00105375 -0.00105087 -0.00106117 -0.00105872 -0.00106896 -0.0010695 -0.00107795 -0.00108384 -0.00108944 -0.00110157 -0.00110483 -0.00112154 -0.00112484 -0.00114195 -0.00114863 -0.00116119 -0.00117332 -0.00117865 -0.00119433 -0.00119384 -0.00120548 -0.00120086 -0.00119368 -0.00117432 -0.00112191 -0.00104786 -0.00090492 -0.00070321 -0.000405554 6.17145e-06 0.000534526 0.00123339 0.002103 0.00321102 0.00460337 0.0063077 0.00837763 0.0107676 0.0134563 0.0163821 0.0194407 0.0225694 0.0256063 0.0283936 0.0307716 0.0325231 0.0335161 0.033597 0.0326383 0.0306461 0.0276235 0.0236507 0.0188772 0.0134362 0.00759411 0.00162964 -0.00428346 -0.00991111 -0.0150244 -0.0194673 -0.0231081 -0.0259393 -0.0279832 -0.0291934 -0.0296705 -0.0296006 -0.0290227 -0.0280061 -0.0267575 -0.0254087 -0.0240073 -0.0226439 -0.0214016 -0.0203224 -0.0194641 -0.0188726 
0 0.00239801 0.004792 0.00722765 0.0097354 0.0122598 0.0147548 0.0172375 0.0196388 0.0218046 0.0236457 0.0250642 0.0258946 0.0260183 0.0253111 0.0236408 0.0210099 0.0174104 0.0127907 0.00731495 0.00122049 -0.00534501 -0.012126 -0.0188231 -0.0251551 -0.0307886 -0.0355381 -0.0392862 -0.0418408 -0.0431596 -0.0432806 -0.0422861 -0.0403957 -0.0377574 -0.0345448 -0.0310037 -0.0272893 -0.0236101 -0.0201089 -0.0168486 -0.0139476 -0.0114125 -0.00926895 -0.00752063 -0.00608614 -0.00495901 -0.00405807 -0.00334856 -0.00281728 -0.00239921 -0.0021131 -0.00190091 -0.00175678 -0.00166855 -0.00159418 -0.00156123 -0.00152147 -0.0015024 -0.00148424 -0.00146368 -0.00145899 -0.00143737 -0.00143696 -0.00141974 -0.00141573 -0.00140636 -0.0013954 -0.00139308 -0.00137659 -0.00137754 -0.00135961 -0.00135955 -0.00134429 -0.00134036 -0.00133026 -0.00132168 -0.00131721 -0.00130492 -0.00130503 -0.00129084 -0.00129376 -0.0012796 -0.00128354 -0.00127092 -0.0012745 -0.00126433 -0.00126673 -0.00125936 -0.00126022 -0.00125558 -0.00125493 -0.00125271 -0.00125077 -0.00125054 -0.00124765 -0.00124898 -0.00124548 -0.00124795 -0.00124421 -0.00124744 -0.00124379 -0.00124744 -0.00124421 -0.00124795 -0.00124548 -0.00124898 -0.00124765 -0.00125054 -0.00125077 -0.00125271 -0.00125493 -0.00125558 -0.00126022 -0.00125936 -0.00126673 -0.00126433 -0.0012745 -0.00127092 -0.00128354 -0.0012796 -0.00129376 -0.00129084 -0.00130503 -0.00130492 -0.00131721 -0.00132168 -0.00133026 -0.00134036 -0.00134429 -0.00135955 -0.00135961 -0.00137754 -0.00137659 -0.00139308 -0.0013954 -0.00140636 -0.00141571 -0.00141969 -0.00143683 -0.00143702 -0.00145808 -0.00146142 -0.00147889 -0.00149025 -0.00149515 -0.00150681 -0.0014868 -0.00146644 -0.00139395 -0.00127943 -0.0010964 -0.000807637 -0.000425902 0.00011485 0.0008028 0.00169121 0.00283116 0.00424429 0.00602793 0.00817926 0.0107313 0.01368 0.0169483 0.0205201 0.0242598 0.0280267 0.0316633 0.0349194 0.037648 0.0396567 0.0407298 0.0407345 0.0395007 0.0370146 0.0333755 0.0286203 0.0229016 0.0164294 0.00945046 0.00232972 -0.00469152 -0.0114303 -0.0175813 -0.0229485 -0.027451 -0.0309996 -0.0336012 -0.0352846 -0.0360743 -0.0361393 -0.0356435 -0.0346453 -0.0332974 -0.0317944 -0.0302151 -0.0286415 -0.0271981 -0.0259492 -0.0249427 -0.0242353 
0 0.00289598 0.00583955 0.00883294 0.0118146 0.0147548 0.0176923 0.0205732 0.0232347 0.0255978 0.0276006 0.0290428 0.0297575 0.0296673 0.0286234 0.0265189 0.0233453 0.0190516 0.013686 0.00743616 0.00045297 -0.0070272 -0.0146904 -0.0222825 -0.0294443 -0.0358375 -0.0412962 -0.045601 -0.0485906 -0.0502235 -0.0504644 -0.0494734 -0.0474531 -0.0445347 -0.0409628 -0.036929 -0.0326538 -0.0284107 -0.024317 -0.0205212 -0.0171006 -0.0140627 -0.0114867 -0.00932302 -0.00756082 -0.00616508 -0.00503649 -0.00417619 -0.00349592 -0.00298227 -0.00261443 -0.00233092 -0.00215688 -0.00202065 -0.00193948 -0.00188621 -0.00183779 -0.00182147 -0.00178592 -0.00177757 -0.00175447 -0.00174011 -0.00173019 -0.00170803 -0.00170672 -0.00168221 -0.00168199 -0.0016619 -0.00165665 -0.00164498 -0.00163255 -0.00162925 -0.00161127 -0.00161336 -0.0015935 -0.00159704 -0.00157904 -0.00158072 -0.00156719 -0.00156512 -0.00155717 -0.0015509 -0.00154834 -0.00153846 -0.00154032 -0.00152793 -0.00153297 -0.00151928 -0.0015263 -0.00151232 -0.00152041 -0.00150687 -0.00151542 -0.00150273 -0.00151144 -0.00149975 -0.00150854 -0.00149783 -0.00150678 -0.00149688 -0.00150619 -0.00149688 -0.00150678 -0.00149783 -0.00150854 -0.00149975 -0.00151144 -0.00150273 -0.00151542 -0.00150687 -0.00152041 -0.00151232 -0.0015263 -0.00151928 -0.00153297 -0.00152793 -0.00154032 -0.00153846 -0.00154834 -0.0015509 -0.00155717 -0.00156512 -0.00156719 -0.00158072 -0.00157904 -0.00159704 -0.0015935 -0.00161336 -0.00161127 -0.00162925 -0.00163255 -0.00164498 -0.00165665 -0.0016619 -0.00168198 -0.0016822 -0.00170669 -0.00170794 -0.00172993 -0.00173945 -0.00175282 -0.00177359 -0.00177675 -0.00180131 -0.00179541 -0.00180116 -0.00177657 -0.00172288 -0.00163734 -0.00146493 -0.00123305 -0.000867897 -0.000378549 0.00027284 0.00114387 0.0022359 0.00365829 0.00542618 0.00760145 0.0102284 0.0132598 0.0167301 0.0205614 0.024689 0.0290244 0.0333271 0.037421 0.0410626 0.0440262 0.0461769 0.0472573 0.0470904 0.0455773 0.0426449 0.0384145 0.0329873 0.0264716 0.019155 0.0113028 0.00321499 -0.00475663 -0.0123906 -0.0194397 -0.0256534 -0.0309427 -0.0352083 -0.0383836 -0.0405662 -0.0418131 -0.0421658 -0.0418255 -0.040981 -0.0397152 -0.0381555 -0.0364764 -0.0348146 -0.0332659 -0.0319014 -0.0307906 -0.0299956 
0 0.00347392 0.00693996 0.0103994 0.0138358 0.0172375 0.0205732 0.0237223 0.0265648 0.0290484 0.0310542 0.0323932 0.0329257 0.0325239 0.0310749 0.0285138 0.0247538 0.019808 0.01384 0.00693934 -0.000760796 -0.00893557 -0.017304 -0.0255698 -0.0333526 -0.0403929 -0.0464182 -0.0511693 -0.0545636 -0.056487 -0.0569295 -0.0560592 -0.0539852 -0.0509221 -0.0470967 -0.042676 -0.0379785 -0.033229 -0.0286146 -0.0243286 -0.0203899 -0.0168934 -0.0138677 -0.011286 -0.00919188 -0.00748124 -0.00613073 -0.00508052 -0.00424055 -0.00362668 -0.00314335 -0.00280414 -0.00256846 -0.00239171 -0.00229853 -0.00221114 -0.00217367 -0.00213503 -0.00210509 -0.00209217 -0.00205738 -0.00205315 -0.00201991 -0.00201175 -0.00198896 -0.00197127 -0.00196186 -0.00193639 -0.00193661 -0.00190951 -0.00191243 -0.00189012 -0.00188954 -0.00187591 -0.00186862 -0.00186424 -0.00185021 -0.00185309 -0.00183446 -0.00184143 -0.00182117 -0.00182911 -0.00180994 -0.0018165 -0.00180034 -0.00180419 -0.00179205 -0.00179273 -0.00178486 -0.00178256 -0.00177869 -0.00177396 -0.00177354 -0.00176706 -0.00176944 -0.0017619 -0.00176646 -0.00175848 -0.00176465 -0.00175677 -0.00176405 -0.00175677 -0.00176465 -0.00175848 -0.00176646 -0.0017619 -0.00176944 -0.00176706 -0.00177354 -0.00177396 -0.00177869 -0.00178256 -0.00178486 -0.00179273 -0.00179205 -0.00180419 -0.00180034 -0.0018165 -0.00180994 -0.00182911 -0.00182117 -0.00184143 -0.00183446 -0.00185309 -0.00185021 -0.00186424 -0.00186862 -0.00187591 -0.00188954 -0.00189012 -0.00191243 -0.00190951 -0.00193661 -0.00193639 -0.00196185 -0.00197124 -0.0019889 -0.00201158 -0.00201944 -0.00205196 -0.00205446 -0.00208535 -0.00208985 -0.00210247 -0.00210723 -0.00208171 -0.00205782 -0.00196428 -0.0018433 -0.00162708 -0.00131102 -0.000881635 -0.000264759 0.000516385 0.00156861 0.00291426 0.00461888 0.0067756 0.00936062 0.0124439 0.0159744 0.0199199 0.0242778 0.0289 0.0336948 0.0384327 0.0428403 0.0467409 0.0498565 0.0520032 0.0529961 0.0525954 0.0507573 0.0474455 0.0426857 0.0366703 0.0295506 0.0215818 0.0130893 0.00429843 -0.00444789 -0.0127954 -0.0205586 -0.0275289 -0.0335194 -0.0384464 -0.0422445 -0.0449683 -0.0467355 -0.0475629 -0.0475517 -0.0469404 -0.0458698 -0.0444288 -0.042805 -0.0411688 -0.0396007 -0.038186 -0.0370304 -0.0362051 
0 0.00403718 0.00800306 0.0119317 0.0158388 0.0196388 0.0232347 0.0265648 0.0295492 0.0320506 0.033921 0.0350401 0.035265 0.0344624 0.032576 0.0295176 0.0252021 0.0197312 0.0132346 0.00577648 -0.00243163 -0.0111028 -0.0199546 -0.0286296 -0.0368577 -0.0443769 -0.0508165 -0.0559735 -0.0597229 -0.0619365 -0.0626683 -0.0619626 -0.059933 -0.0568418 -0.0528488 -0.0482122 -0.04322 -0.0380667 -0.0330424 -0.0282784 -0.0238627 -0.0199157 -0.0164113 -0.0134286 -0.010951 -0.00891738 -0.00733186 -0.00605732 -0.00508256 -0.00433461 -0.00374904 -0.00334429 -0.0030212 -0.0028167 -0.00266624 -0.00255778 -0.00250262 -0.00243578 -0.00241714 -0.00237581 -0.00235923 -0.00234036 -0.00231394 -0.0023112 -0.0022783 -0.00228041 -0.00225022 -0.00224653 -0.00222638 -0.00221164 -0.00220345 -0.00217874 -0.00217952 -0.00215 -0.00215438 -0.00212622 -0.00212906 -0.00210702 -0.00210498 -0.00209145 -0.00208336 -0.00207847 -0.00206489 -0.00206729 -0.00204974 -0.00205742 -0.00203769 -0.00204863 -0.00202833 -0.00204088 -0.00202118 -0.00203424 -0.00201585 -0.0020288 -0.00201198 -0.00202463 -0.00200937 -0.00202182 -0.00200785 -0.0020204 -0.00200735 -0.0020204 -0.00200785 -0.00202182 -0.00200937 -0.00202463 -0.00201198 -0.0020288 -0.00201585 -0.00203424 -0.00202118 -0.00204088 -0.00202833 -0.00204863 -0.00203769 -0.00205742 -0.00204974 -0.00206729 -0.00206489 -0.00207847 -0.00208336 -0.00209145 -0.00210498 -0.00210702 -0.00212906 -0.00212622 -0.00215438 -0.00215 -0.00217952 -0.00217874 -0.00220345 -0.00221164 -0.00222637 -0.00224653 -0.00225021 -0.00228037 -0.00227818 -0.00231087 -0.00231309 -0.00233824 -0.00235422 -0.00236443 -0.00239244 -0.00238454 -0.00240109 -0.00236565 -0.00231906 -0.00221733 -0.00203145 -0.00177787 -0.00136578 -0.000834083 -9.35609e-05 0.000879777 0.00212453 0.00376087 0.00578538 0.00830992 0.0113299 0.0148268 0.0188325 0.0232404 0.0280452 0.033121 0.0382602 0.0432992 0.0479239 0.0519203 0.0550718 0.0570897 0.057843 0.0571678 0.0549773 0.0513173 0.0461672 0.0396784 0.0321231 0.0237116 0.0147418 0.00549085 -0.00377209 -0.0126655 -0.0209512 -0.0285067 -0.0351236 -0.0406723 -0.0451315 -0.0484856 -0.0507972 -0.0521703 -0.0526822 -0.0524638 -0.0516994 -0.0505576 -0.0491733 -0.0476566 -0.0461486 -0.0448071 -0.0437053 -0.0428798 
0 0.00450683 0.0089979 0.0134301 0.0177271 0.0218046 0.0255978 0.0290484 0.0320506 0.0344417 0.0360806 0.0368694 0.0366945 0.0354494 0.0330607 0.0294697 0.0246904 0.0187928 0.0118437 0.00400098 -0.0045143 -0.013483 -0.0225764 -0.0314841 -0.039992 -0.0477682 -0.054496 -0.0599752 -0.0640075 -0.0665511 -0.0676054 -0.0671311 -0.0652907 -0.062259 -0.0582347 -0.0535272 -0.0483265 -0.0429058 -0.0375312 -0.0323307 -0.0275049 -0.0230989 -0.0191617 -0.0157792 -0.0128922 -0.010546 -0.00866021 -0.00715508 -0.0060107 -0.00509178 -0.00441552 -0.00389781 -0.00350999 -0.00325633 -0.00304788 -0.00293622 -0.00283639 -0.00277697 -0.00273877 -0.00268973 -0.00267977 -0.00263548 -0.00262948 -0.00259759 -0.00258157 -0.0025666 -0.00253804 -0.00253649 -0.00250138 -0.00250459 -0.00247188 -0.00247124 -0.00244792 -0.0024384 -0.00242721 -0.00240822 -0.00240782 -0.00238208 -0.00238874 -0.00236042 -0.00236982 -0.00234291 -0.00235145 -0.00232884 -0.0023342 -0.00231746 -0.0023186 -0.00230811 -0.00230501 -0.00230036 -0.00229362 -0.00229398 -0.00228446 -0.00228885 -0.00227747 -0.00228496 -0.00227258 -0.00228234 -0.00226968 -0.00228102 -0.00226873 -0.00228102 -0.00226968 -0.00228234 -0.00227258 -0.00228496 -0.00227747 -0.00228885 -0.00228446 -0.00229398 -0.00229362 -0.00230036 -0.00230501 -0.00230811 -0.0023186 -0.00231746 -0.0023342 -0.00232884 -0.00235145 -0.00234291 -0.00236982 -0.00236042 -0.00238874 -0.00238208 -0.00240782 -0.00240822 -0.00242721 -0.0024384 -0.00244792 -0.00247124 -0.00247188 -0.00250459 -0.00250137 -0.00253648 -0.00253801 -0.00256652 -0.00258134 -0.00259699 -0.00262797 -0.00263185 -0.00267138 -0.00267122 -0.00269973 -0.0026983 -0.00268492 -0.00265764 -0.00255838 -0.00243381 -0.00218619 -0.00185174 -0.00136714 -0.000692956 0.000170239 0.00134592 0.00282918 0.00474334 0.00713958 0.0100265 0.013479 0.0174113 0.0218417 0.0267123 0.0318953 0.037314 0.0427052 0.0478669 0.0525806 0.0565436 0.0595698 0.0613872 0.0618065 0.0607964 0.0582679 0.0542445 0.0487916 0.0419941 0.03414 0.0254894 0.0162543 0.0067494 -0.00275411 -0.0119917 -0.0206808 -0.0286566 -0.0357782 -0.0419074 -0.0470021 -0.0510267 -0.0539697 -0.0559482 -0.0570923 -0.0574658 -0.0571868 -0.0564583 -0.0554377 -0.0542119 -0.0529222 -0.0517477 -0.0507679 -0.0500184 
0 0.00497016 0.00992777 0.0147439 0.0193253 0.0236457 0.0276006 0.0310542 0.033921 0.0360806 0.037391 0.0377781 0.0371657 0.0354273 0.032494 0.0284087 0.0232271 0.0169653 0.00971587 0.00167743 -0.0069662 -0.0160013 -0.0251455 -0.0341494 -0.04273 -0.0505824 -0.0574751 -0.0631528 -0.0674483 -0.0703285 -0.0717 -0.0715603 -0.0700051 -0.0671432 -0.0632512 -0.0585625 -0.0532827 -0.0477128 -0.042039 -0.0365004 -0.0312863 -0.0264504 -0.0221283 -0.0183191 -0.0150516 -0.0123581 -0.0101379 -0.00839829 -0.00701948 -0.00594131 -0.00513554 -0.0044932 -0.00404867 -0.00370614 -0.00347129 -0.00332005 -0.00319264 -0.00313594 -0.00306233 -0.00303214 -0.00299182 -0.00295646 -0.00293937 -0.00289529 -0.0028899 -0.00284708 -0.002841 -0.00281013 -0.0027951 -0.0027807 -0.00275516 -0.00275464 -0.00272261 -0.00272911 -0.00269696 -0.00270308 -0.00267653 -0.00267691 -0.00265933 -0.00265158 -0.00264376 -0.00262811 -0.00262887 -0.00260721 -0.00261437 -0.0025892 -0.00260042 -0.00257411 -0.00258738 -0.00256177 -0.00257569 -0.00255195 -0.00256571 -0.00254438 -0.00255772 -0.00253889 -0.00255192 -0.0025353 -0.0025484 -0.00253353 -0.00254723 -0.00253353 -0.0025484 -0.0025353 -0.00255192 -0.00253889 -0.00255772 -0.00254438 -0.00256571 -0.00255195 -0.00257569 -0.00256177 -0.00258738 -0.00257411 -0.00260042 -0.0025892 -0.00261437 -0.00260721 -0.00262887 -0.00262811 -0.00264376 -0.00265158 -0.00265933 -0.00267691 -0.00267653 -0.00270308 -0.00269696 -0.00272911 -0.00272261 -0.00275464 -0.00275516 -0.0027807 -0.00279509 -0.00281012 -0.00284094 -0.00284692 -0.00288948 -0.00289423 -0.00293677 -0.00295035 -0.00297813 -0.00300279 -0.00300214 -0.003018 -0.00297183 -0.00292504 -0.00279565 -0.0025998 -0.00231052 -0.00186464 -0.00129261 -0.000481697 0.000557916 0.00192225 0.0036957 0.0059039 0.0086709 0.0119592 0.0158035 0.0201852 0.025015 0.0302834 0.0358089 0.0414344 0.0469666 0.0521269 0.056752 0.0605719 0.0633254 0.0648351 0.0649002 0.0634945 0.0606241 0.0562662 0.0505427 0.0435933 0.0356115 0.0268749 0.0176034 0.00805695 -0.001486 -0.0108411 -0.019789 -0.0280814 -0.035574 -0.0421932 -0.0478705 -0.0525437 -0.0562017 -0.0589104 -0.0607584 -0.0618297 -0.0622238 -0.0620622 -0.0615088 -0.0607404 -0.0598645 -0.0589604 -0.0581608 -0.0575802 
0 0.00539835 0.0106941 0.0157749 0.020588 0.0250642 0.0290428 0.0323932 0.0350401 0.0368694 0.0377781 0.0377073 0.0365721 0.034299 0.0308929 0.026399 0.0208629 0.0143397 0.00693881 -0.00115753 -0.00974711 -0.0186479 -0.0276723 -0.0365626 -0.0450237 -0.0528279 -0.0597554 -0.0655716 -0.0701276 -0.0732971 -0.0749967 -0.0752333 -0.0740114 -0.0714651 -0.0678236 -0.0632732 -0.0580753 -0.052444 -0.0465886 -0.0407905 -0.0352019 -0.0299923 -0.0252667 -0.0210403 -0.017405 -0.0143226 -0.0117902 -0.00977344 -0.00815273 -0.00691458 -0.00593543 -0.00519042 -0.00463945 -0.00420916 -0.0039288 -0.00370399 -0.00356712 -0.00346712 -0.00338846 -0.00335238 -0.00329482 -0.00328057 -0.003238 -0.0032208 -0.00319542 -0.00316607 -0.00315586 -0.00311707 -0.00311443 -0.00307481 -0.00307071 -0.00303877 -0.00302695 -0.0030074 -0.00298609 -0.00297902 -0.00295034 -0.00295254 -0.00292067 -0.00292757 -0.00289689 -0.00290422 -0.00287813 -0.00288285 -0.00286328 -0.0028638 -0.00285134 -0.00284732 -0.00284158 -0.00283346 -0.00283353 -0.00282219 -0.00282696 -0.0028134 -0.0028218 -0.00280696 -0.00281807 -0.00280274 -0.0028158 -0.00280065 -0.00281504 -0.00280065 -0.0028158 -0.00280274 -0.00281807 -0.00280696 -0.0028218 -0.0028134 -0.00282696 -0.00282219 -0.00283353 -0.00283346 -0.00284158 -0.00284732 -0.00285134 -0.0028638 -0.00286328 -0.00288285 -0.00287813 -0.00290422 -0.00289689 -0.00292757 -0.00292067 -0.00295254 -0.00295034 -0.00297902 -0.00298609 -0.0030074 -0.00302695 -0.00303877 -0.00307071 -0.0030748 -0.00311442 -0.00311703 -0.00315576 -0.00316579 -0.00319468 -0.00321895 -0.00323361 -0.00327057 -0.00327303 -0.00330691 -0.00329778 -0.00329427 -0.00325223 -0.00315554 -0.00301465 -0.00274836 -0.00239529 -0.00186321 -0.0011518 -0.000209998 0.00105294 0.00265352 0.00472968 0.00729842 0.0104184 0.0141204 0.0183437 0.0231131 0.0283273 0.0338957 0.0396829 0.0454336 0.050972 0.0560555 0.0604582 0.0639864 0.0663647 0.0674322 0.0670903 0.065274 0.0620296 0.0573987 0.051491 0.0444986 0.0365717 0.0279019 0.0187446 0.00934295 -8.74607e-05 -0.00937674 -0.0183557 -0.0268173 -0.0345953 -0.0416118 -0.047812 -0.0531216 -0.0575131 -0.0610168 -0.0636517 -0.065486 -0.0666671 -0.0672784 -0.0673834 -0.0671698 -0.0668014 -0.0663237 -0.0658377 -0.0654759 
0 0.00566021 0.0111943 0.0164949 0.02144 0.0258946 0.0297575 0.0329257 0.035265 0.0366945 0.0371657 0.0365721 0.0348642 0.0321023 0.0282996 0.0234541 0.0176573 0.0110038 0.00359422 -0.00438742 -0.012765 -0.0214032 -0.0301278 -0.0387142 -0.0469231 -0.0545417 -0.0613917 -0.067291 -0.0720395 -0.0754757 -0.0775266 -0.0781524 -0.0773571 -0.0752391 -0.0719374 -0.0676591 -0.0626293 -0.0570326 -0.0511193 -0.0451193 -0.039245 -0.0337066 -0.0285901 -0.0239941 -0.0199645 -0.0164991 -0.0136325 -0.0112863 -0.00942293 -0.00796475 -0.00681262 -0.00594655 -0.0052663 -0.00477123 -0.00440765 -0.0041382 -0.0039688 -0.00382742 -0.00375146 -0.00367926 -0.00363249 -0.00359797 -0.00355383 -0.00353794 -0.00349422 -0.00348253 -0.00344586 -0.00342849 -0.00340415 -0.00337751 -0.00336557 -0.00333186 -0.00332802 -0.0032927 -0.00329098 -0.00325978 -0.00325512 -0.00323197 -0.00322155 -0.00320791 -0.00319128 -0.0031865 -0.00316487 -0.00316705 -0.00314247 -0.00314932 -0.00312388 -0.00313331 -0.00310873 -0.00311918 -0.00309662 -0.00310712 -0.00308716 -0.00309731 -0.00308007 -0.00308987 -0.00307514 -0.00308487 -0.00307223 -0.00308237 -0.00307127 -0.00308237 -0.00307223 -0.00308487 -0.00307514 -0.00308987 -0.00308007 -0.00309731 -0.00308716 -0.00310712 -0.00309662 -0.00311918 -0.00310873 -0.00313331 -0.00312388 -0.00314932 -0.00314247 -0.00316705 -0.00316487 -0.0031865 -0.00319128 -0.00320791 -0.00322155 -0.00323197 -0.00325512 -0.00325978 -0.00329098 -0.0032927 -0.00332802 -0.00333186 -0.00336557 -0.0033775 -0.00340413 -0.00342842 -0.00344567 -0.00348201 -0.00349294 -0.00353483 -0.00354663 -0.00358199 -0.00359858 -0.00361043 -0.00361786 -0.00357952 -0.00352902 -0.0033917 -0.00319358 -0.00287501 -0.00241253 -0.00178998 -0.000923631 0.000192567 0.00167073 0.00356278 0.00593983 0.00888211 0.012374 0.0164536 0.0210731 0.0261878 0.0317404 0.0375605 0.0434864 0.0492801 0.0547075 0.0595812 0.0636614 0.0667448 0.0686432 0.0692087 0.0683968 0.066182 0.0625837 0.0577089 0.051709 0.0447496 0.0369793 0.0285485 0.01966 0.010546 0.00138322 -0.00769853 -0.0165374 -0.02499 -0.0329572 -0.0403087 -0.0469443 -0.0528395 -0.0579534 -0.0622474 -0.0657334 -0.0684508 -0.0704936 -0.0719673 -0.0729175 -0.0734247 -0.0736419 -0.073689 -0.0736454 -0.0735843 
0 0.00576825 0.0114 0.0167667 0.0216915 0.0260183 0.0296673 0.0325239 0.0344624 0.0354494 0.0354273 0.034299 0.0321023 0.0289171 0.0247406 0.0196251 0.0136875 0.00703235 -0.000202476 -0.00789824 -0.0159545 -0.0241988 -0.0324748 -0.0406361 -0.0484638 -0.055787 -0.062478 -0.0683526 -0.0732222 -0.0769159 -0.0793111 -0.0803699 -0.0800771 -0.0784525 -0.0756 -0.0716831 -0.0668954 -0.0614488 -0.0555595 -0.0494576 -0.0433911 -0.0375595 -0.0321128 -0.0271575 -0.0227371 -0.0189021 -0.0156568 -0.012976 -0.0108272 -0.0091159 -0.00778618 -0.00675538 -0.00596138 -0.00537423 -0.00492682 -0.00461632 -0.00438781 -0.00422907 -0.00412239 -0.00403306 -0.00398116 -0.003922 -0.00388715 -0.00384605 -0.00381198 -0.00378549 -0.00374891 -0.00373272 -0.0036967 -0.00368458 -0.00365375 -0.00363992 -0.00361739 -0.00359863 -0.00358486 -0.00356098 -0.00355417 -0.00352717 -0.00352436 -0.00349716 -0.00349542 -0.00347072 -0.00346784 -0.00344753 -0.00344229 -0.00342728 -0.00341935 -0.00340974 -0.00339942 -0.00339476 -0.00338268 -0.00338228 -0.00336918 -0.00337228 -0.00335884 -0.00336476 -0.00335156 -0.00335974 -0.00334724 -0.00335722 -0.00334581 -0.00335722 -0.00334724 -0.00335974 -0.00335156 -0.00336476 -0.00335884 -0.00337228 -0.00336918 -0.00338228 -0.00338268 -0.00339476 -0.00339942 -0.00340974 -0.00341935 -0.00342728 -0.00344229 -0.00344753 -0.00346784 -0.00347072 -0.00349542 -0.00349716 -0.00352436 -0.00352717 -0.00355417 -0.00356098 -0.00358486 -0.00359863 -0.00361739 -0.00363992 -0.00365374 -0.00368456 -0.00369665 -0.00373259 -0.00374856 -0.00378461 -0.0038098 -0.00384093 -0.00387559 -0.00389705 -0.0039296 -0.00393113 -0.00392972 -0.00388081 -0.00378559 -0.00361896 -0.00334195 -0.00295078 -0.00238156 -0.00162272 -0.000606718 0.000726836 0.00244129 0.00463544 0.0073512 0.0106461 0.0145251 0.0189675 0.0239537 0.0294046 0.0352187 0.041224 0.0471944 0.0529068 0.0581346 0.0626677 0.0663042 0.0688492 0.0701647 0.070189 0.06889 0.0662647 0.0623665 0.0573031 0.0512563 0.0444 0.0368504 0.028769 0.0203207 0.0116305 0.00285299 -0.00588531 -0.0144816 -0.0228176 -0.0308289 -0.0384145 -0.0454162 -0.0518031 -0.0575804 -0.062662 -0.0670266 -0.0707136 -0.0737129 -0.0760752 -0.0779244 -0.0793187 -0.0802951 -0.0809585 -0.0814172 -0.0817271 
0 0.00573289 0.0112654 0.0164787 0.0212229 0.0253111 0.0286234 0.0310749 0.032576 0.0330607 0.032494 0.0308929 0.0282996 0.0247406 0.020288 0.0150416 0.00908496 0.00257333 -0.0043563 -0.0116782 -0.0192775 -0.0269773 -0.0346922 -0.042297 -0.0496462 -0.0566342 -0.0630902 -0.0688628 -0.0738025 -0.0776924 -0.0804193 -0.0819263 -0.0821458 -0.0810865 -0.0787723 -0.0753053 -0.0708807 -0.065674 -0.0599032 -0.0538009 -0.0475947 -0.0415309 -0.0357835 -0.0304787 -0.0257021 -0.0214918 -0.0178804 -0.0148614 -0.0123973 -0.0104303 -0.00887934 -0.0076697 -0.00673734 -0.00602433 -0.00549192 -0.00510194 -0.00482071 -0.00462655 -0.00448699 -0.00439239 -0.00432147 -0.00426683 -0.00422504 -0.00418319 -0.00415226 -0.00411531 -0.00408705 -0.00405476 -0.00402576 -0.00399906 -0.00396886 -0.00394748 -0.00391751 -0.00389994 -0.00387236 -0.00385661 -0.00383329 -0.00381772 -0.00379965 -0.0037834 -0.00377058 -0.00375356 -0.00374528 -0.00372794 -0.00372315 -0.00370617 -0.00370381 -0.00368787 -0.00368707 -0.00367268 -0.00367285 -0.00366034 -0.00366115 -0.00365063 -0.00365201 -0.00364344 -0.00364545 -0.00363867 -0.0036415 -0.0036363 -0.00364018 -0.0036363 -0.0036415 -0.00363867 -0.00364545 -0.00364344 -0.00365201 -0.00365063 -0.00366115 -0.00366034 -0.00367285 -0.00367268 -0.00368707 -0.00368787 -0.00370381 -0.00370617 -0.00372315 -0.00372794 -0.00374528 -0.00375356 -0.00377058 -0.0037834 -0.00379965 -0.00381772 -0.00383329 -0.00385661 -0.00387236 -0.00389994 -0.00391751 -0.00394748 -0.00396885 -0.00399903 -0.00402568 -0.00405453 -0.00408645 -0.00411381 -0.00414867 -0.00417495 -0.00420693 -0.00422872 -0.00424473 -0.0042446 -0.00421474 -0.00414679 -0.00401123 -0.00379235 -0.00345552 -0.00297039 -0.00230106 -0.00139654 -0.000202238 0.00135578 0.00335764 0.00587176 0.00895476 0.0126267 0.0168785 0.0216903 0.0270012 0.0327299 0.0387328 0.0447998 0.0507172 0.0562416 0.0611638 0.0652846 0.0683828 0.0703246 0.0710189 0.0704401 0.0686279 0.0655837 0.0613983 0.0562308 0.0502108 0.0435156 0.0362806 0.0286177 0.020682 0.0125269 0.00421391 -0.00409683 -0.0123352 -0.0204642 -0.0283922 -0.0360537 -0.0433567 -0.0502016 -0.0565579 -0.0623753 -0.0676007 -0.0722309 -0.0762317 -0.0795907 -0.0823912 -0.0846985 -0.0865356 -0.0879538 -0.0889925 -0.0896839 
0 0.00546282 0.0107188 0.0156086 0.019969 0.0236408 0.0265189 0.0285138 0.0295176 0.0294697 0.0284087 0.026399 0.0234541 0.0196251 0.0150416 0.00979669 0.00398593 -0.00224028 -0.00880471 -0.0156489 -0.022647 -0.0297161 -0.0367725 -0.0437278 -0.0505593 -0.057137 -0.0632835 -0.0689089 -0.0738352 -0.0778841 -0.0809481 -0.0828819 -0.0836371 -0.0831747 -0.0814333 -0.07851 -0.0745222 -0.0696403 -0.0640998 -0.0580768 -0.051833 -0.045611 -0.0395999 -0.0339924 -0.0288604 -0.0242838 -0.0203059 -0.0169182 -0.0141321 -0.0118714 -0.0100802 -0.00867925 -0.00758267 -0.00675107 -0.00611195 -0.00564392 -0.00530226 -0.0050565 -0.00488952 -0.0047645 -0.00468182 -0.00461373 -0.00456307 -0.00451933 -0.00447861 -0.00444496 -0.00440818 -0.00437855 -0.00434538 -0.00431735 -0.00428821 -0.00426121 -0.00423591 -0.00421034 -0.00418819 -0.0041647 -0.00414492 -0.00412399 -0.00410602 -0.00408782 -0.0040714 -0.00405577 -0.00404087 -0.00402753 -0.00401424 -0.00400286 -0.00399127 -0.00398158 -0.00397175 -0.00396355 -0.00395549 -0.00394868 -0.00394236 -0.00393689 -0.00393224 -0.0039281 -0.00392506 -0.00392227 -0.00392077 -0.00391936 -0.00391935 -0.00391936 -0.00392077 -0.00392227 -0.00392506 -0.0039281 -0.00393224 -0.00393689 -0.00394236 -0.00394868 -0.00395549 -0.00396355 -0.00397175 -0.00398158 -0.00399127 -0.00400286 -0.00401424 -0.00402753 -0.00404087 -0.00405577 -0.0040714 -0.00408782 -0.00410602 -0.00412399 -0.00414492 -0.0041647 -0.00418819 -0.00421034 -0.00423591 -0.0042612 -0.00428819 -0.00431729 -0.00434523 -0.00437815 -0.00440716 -0.00444247 -0.00447281 -0.00450635 -0.00453527 -0.00455672 -0.00456996 -0.00455447 -0.00451222 -0.00440768 -0.00423298 -0.00395173 -0.00353297 -0.0029511 -0.00214424 -0.0010819 0.000324687 0.00214013 0.00444161 0.00730799 0.0107483 0.0147969 0.0194116 0.0245545 0.0301695 0.0361052 0.0422189 0.0482657 0.054014 0.0592694 0.0637837 0.0673879 0.0698905 0.0711603 0.0712102 0.0700247 0.0676671 0.0642324 0.0598006 0.0545672 0.0486614 0.0421777 0.0352994 0.0281235 0.0207138 0.0131362 0.00539223 -0.00243392 -0.0102512 -0.0180702 -0.0258345 -0.0334625 -0.0409395 -0.048183 -0.0550634 -0.0615243 -0.0675399 -0.0730568 -0.0780239 -0.0824282 -0.0862654 -0.0895122 -0.0921985 -0.0943931 -0.096079 -0.0972293 
0 0.00493827 0.00970296 0.0140709 0.0178733 0.0210099 0.0233453 0.0247538 0.0252021 0.0246904 0.0232271 0.0208629 0.0176573 0.0136875 0.00908496 0.00398593 -0.00151527 -0.00735442 -0.0134447 -0.0196764 -0.0260043 -0.0323861 -0.038729 -0.0450299 -0.0512793 -0.0573476 -0.0631402 -0.0685402 -0.0733935 -0.0775995 -0.0809648 -0.0833275 -0.0846276 -0.0847331 -0.0836053 -0.0812691 -0.0777707 -0.0733204 -0.0680806 -0.0622432 -0.0560715 -0.0497546 -0.0435636 -0.0376774 -0.0322076 -0.027285 -0.0229161 -0.0191668 -0.0160282 -0.0134492 -0.0114071 -0.00977713 -0.00852077 -0.00754635 -0.00679632 -0.00624741 -0.00582377 -0.00553526 -0.0053153 -0.00516503 -0.00505771 -0.00496882 -0.00491387 -0.00485122 -0.00481518 -0.0047681 -0.00473552 -0.00470124 -0.00466701 -0.00464267 -0.00460714 -0.00458857 -0.00455426 -0.00453733 -0.00450681 -0.0044887 -0.0044635 -0.00444313 -0.00442352 -0.00440121 -0.00438656 -0.00436342 -0.00435267 -0.00433 -0.00432203 -0.00430096 -0.00429488 -0.00427619 -0.00427138 -0.00425547 -0.00425161 -0.00423858 -0.00423557 -0.00422533 -0.00422321 -0.00421553 -0.00421445 -0.00420908 -0.00420922 -0.00420587 -0.00420749 -0.00420587 -0.00420922 -0.00420908 -0.00421445 -0.00421553 -0.00422321 -0.00422533 -0.00423557 -0.00423858 -0.00425161 -0.00425547 -0.00427138 -0.00427619 -0.00429488 -0.00430096 -0.00432203 -0.00433 -0.00435267 -0.00436342 -0.00438656 -0.00440121 -0.00442352 -0.00444313 -0.0044635 -0.0044887 -0.00450681 -0.00453733 -0.00455426 -0.00458856 -0.0046071 -0.00464257 -0.00466675 -0.00470056 -0.00473382 -0.00476407 -0.00480601 -0.00483122 -0.0048721 -0.0048853 -0.00489785 -0.00487223 -0.00480194 -0.00467297 -0.00443401 -0.00409295 -0.00357283 -0.00287154 -0.0019178 -0.000651407 0.000978628 0.00309149 0.00571203 0.00892856 0.0127417 0.0171313 0.0220993 0.0275386 0.0333957 0.0394948 0.0456176 0.0515689 0.057068 0.0619432 0.0659805 0.0689629 0.0707981 0.0713808 0.0707486 0.0689796 0.0661072 0.0623 0.0577006 0.0524355 0.0466654 0.0404585 0.0339436 0.02726 0.0204074 0.0134081 0.00629382 -0.000961525 -0.00834046 -0.0158096 -0.0233413 -0.0308883 -0.0384248 -0.0458997 -0.0532031 -0.0602438 -0.0669648 -0.073303 -0.0791876 -0.0845617 -0.0893833 -0.0935994 -0.0971676 -0.100099 -0.102412 -0.104087 
0 0.00418079 0.00819469 0.011831 0.014945 0.0174104 0.0190516 0.019808 0.0197312 0.0187928 0.0169653 0.0143397 0.0110038 0.00703235 0.00257333 -0.00224028 -0.00735442 -0.0127069 -0.0181927 -0.02374 -0.0293339 -0.0349536 -0.0405817 -0.0462171 -0.0518253 -0.0573664 -0.0627617 -0.0678763 -0.0726373 -0.0769253 -0.0805311 -0.083312 -0.085106 -0.085786 -0.0853056 -0.0835793 -0.0806674 -0.0767095 -0.0718333 -0.0662797 -0.0602271 -0.0539079 -0.0476007 -0.0414697 -0.0357282 -0.0304634 -0.0257377 -0.0216353 -0.0181194 -0.0152261 -0.0128773 -0.0110023 -0.00955057 -0.00839767 -0.0075362 -0.00686747 -0.00637577 -0.00602458 -0.00575649 -0.00558934 -0.00544602 -0.00536202 -0.00528357 -0.00522458 -0.00517923 -0.00512351 -0.00509392 -0.0050401 -0.00501523 -0.00496845 -0.00494153 -0.00490585 -0.00487429 -0.00485022 -0.00481491 -0.0048 -0.00476377 -0.00475423 -0.00472031 -0.00471251 -0.00468339 -0.00467475 -0.0046518 -0.00464101 -0.00462453 -0.00461134 -0.00460087 -0.00458571 -0.00458041 -0.00456406 -0.00456299 -0.00454626 -0.00454859 -0.00453219 -0.00453728 -0.00452175 -0.00452912 -0.00451484 -0.0045242 -0.0045114 -0.00452255 -0.0045114 -0.0045242 -0.00451484 -0.00452912 -0.00452175 -0.00453728 -0.00453219 -0.00454859 -0.00454626 -0.00456299 -0.00456406 -0.00458041 -0.00458571 -0.00460087 -0.00461134 -0.00462453 -0.00464101 -0.0046518 -0.00467475 -0.00468339 -0.00471251 -0.00472031 -0.00475423 -0.00476377 -0.0048 -0.00481491 -0.00485022 -0.00487428 -0.00490582 -0.00494147 -0.00496827 -0.00501478 -0.00503895 -0.00509117 -0.00511712 -0.00516505 -0.0051944 -0.00522207 -0.00524201 -0.00522187 -0.00518854 -0.00507004 -0.00489713 -0.00459644 -0.00416132 -0.00355467 -0.00270478 -0.00160267 -0.000122972 0.00176388 0.00416524 0.00714388 0.0107027 0.014894 0.0196367 0.0249203 0.0306534 0.0366807 0.0428621 0.0489149 0.0546385 0.0598122 0.0642017 0.0676642 0.069992 0.0711066 0.0710194 0.0697376 0.0673833 0.0640557 0.0599028 0.0551467 0.0498991 0.0442688 0.0383755 0.0322865 0.026079 0.0197742 0.013352 0.00682441 0.000150456 -0.00674101 -0.0138369 -0.0210838 -0.0284751 -0.0360013 -0.0435864 -0.0511641 -0.0586865 -0.0660279 -0.0730659 -0.0797574 -0.0860109 -0.091701 -0.0967895 -0.10123 -0.104921 -0.107825 -0.109942 
