0 0 0 0 0 0 0 0 0 0 0 0 0 0 0 0 0 0 0 0 0 0 0 0 0 0 0 0 0 0 0 0 0 0 0 0 0 0 0 0 0 0 0 0 0 0 0 0 0 0 0 0 0 0 0 0 0 0 0 0 0 0 0 0 0 0 0 0 0 0 0 0 0 0 0 0 0 0 0 0 0 0 0 0 0 0 0 0 0 0 0 0 0 0 0 0 0 0 0 0 0 0 0 0 0 0 0 0 0 0 0 0 0 0 0 0 0 0 0 0 0 0 0 0 0 0 0 0 0 0 0 0 0 0 0 0 0 0 0 0 0 0 0 0 0 0 0 0 0 0 0 0 0 0 0 0 0 0 0 0 0 0 0 0 0 0 0 0 0 0 0 0 0 0 0 0 0 0 0 0 0 0 0 0 0 0 0 0 0 0 0 0 0 0 0 0 0 0 0 0 
0 0.000854602 0.00168055 0.00239433 0.0028838 0.0030823 0.00299461 0.00265324 0.00207536 0.00127165 0.000276194 -0.00085144 -0.00204728 -0.00325575 -0.00442661 -0.00550964 -0.00645527 -0.00722263 -0.00779105 -0.00816475 -0.00836454 -0.00841479 -0.00833529 -0.00813997 -0.00784136 -0.0074568 -0.00701038 -0.00652945 -0.00603952 -0.00555953 -0.00509997 -0.00466483 -0.00425506 -0.00387148 -0.00351653 -0.00319383 -0.00290653 -0.00265586 -0.00244019 -0.00225523 -0.00209532 -0.00195465 -0.00182858 -0.00171429 -0.00161059 -0.00151753 -0.00143558 -0.00136488 -0.00130495 -0.00125443 -0.00121143 -0.00117376 -0.00113935 -0.00110662 -0.00107456 -0.0010428 -0.00101154 -0.000981268 -0.000952678 -0.000926379 -0.000902818 -0.0008822 -0.000864447 -0.000849288 -0.000836261 -0.00082485 -0.000814516 -0.000804774 -0.000795243 -0.000785639 -0.000775819 -0.000765719 -0.000755387 -0.000744914 -0.000734439 -0.000724116 -0.000714087 -0.000704493 -0.000695431 -0.000686991 -0.000679211 -0.000672124 -0.000665721 -0.000659988 -0.000654887 -0.000650379 -0.000646412 -0.000642937 -0.000639907 -0.00063727 -0.00063499 -0.000633021 -0.00063134 -0.000629908 -0.000628713 -0.000627725 -0.00062694 -0.000626335 -0.000625914 -0.000625659 -0.000625578 -0.000625659 -0.000625914 -0.000626335 -0.00062694 -0.000627725 -0.000628713 -0.000629908 -0.00063134 -0.000633021 -0.00063499 -0.00063727 -0.000639907 -0.000642937 -0.000646412 -0.000650379 -0.000654887 -0.000659988 -0.000665721 -0.000672124 -0.000679211 -0.000686991 -0.000695431 -0.000704493 -0.000714087 -0.000724116 -0.000734439 -0.000744914 -0.000755387 -0.000765719 -0.000775819 -0.000785639 -0.000795243 -0.000804774 -0.000814516 -0.00082485 -0.000836261 -0.000849288 -0.000864447 -0.0008822 -0.000902818 -0.000926379 -0.000952678 -0.000981268 -0.00101154 -0.0010428 -0.00107456 -0.00110662 -0.00113935 -0.00117376 -0.00121143 -0.00125443 -0.00130495 -0.00136488 -0.00143558 -0.00151753 -0.00161059 -0.00171429 -0.00182858 -0.00195465 -0.00209532 -0.00225523 -0.00244019 -0.00265586 -0.00290653 -0.00319383 -0.00351653 -0.00387148 -0.00425506 -0.00466481 -0.00509992 -0.00555939 -0.00603912 -0.00652837 -0.00700762 -0.00745019 -0.00782645 -0.00810836 -0.00827229 -0.00829679 -0.00815688 -0.00782138 -0.00725683 -0.00643802 -0.00536049 -0.00404325 -0.00251417 -0.000789987 0.00112954 0.0032437 0.00551746 0.00786201 0.0101623 0.0123401 0.0143834 0.0162983 0.0180365 0.0194921 0.0205761 0.0212805 
0 0.00168055 0.00324677 0.00456067 0.00547833 0.00589294 0.00575966 0.00509048 0.00393729 0.00237323 0.000474863 -0.00168181 -0.00400651 -0.00638323 -0.0086825 -0.0107871 -0.0126103 -0.0141011 -0.0152399 -0.0160284 -0.0164803 -0.016619 -0.0164776 -0.0160961 -0.0155191 -0.0147926 -0.0139594 -0.013058 -0.0121224 -0.011182 -0.0102616 -0.00938155 -0.00855661 -0.00779593 -0.0071035 -0.0064789 -0.00591901 -0.00541952 -0.00497576 -0.00458341 -0.00423849 -0.0039369 -0.00367443 -0.00344644 -0.00324803 -0.00307438 -0.00292101 -0.00278419 -0.00266102 -0.00254945 -0.00244817 -0.00235633 -0.00227332 -0.00219859 -0.00213143 -0.00207106 -0.00201651 -0.0019668 -0.00192099 -0.0018782 -0.0018378 -0.00179929 -0.00176243 -0.0017271 -0.00169331 -0.00166118 -0.00163079 -0.00160228 -0.0015757 -0.00155107 -0.00152836 -0.00150748 -0.00148831 -0.00147068 -0.00145444 -0.00143941 -0.00142545 -0.0014124 -0.00140016 -0.00138861 -0.00137768 -0.00136733 -0.00135751 -0.0013482 -0.00133938 -0.00133107 -0.00132325 -0.00131594 -0.00130913 -0.00130286 -0.00129711 -0.0012919 -0.00128722 -0.0012831 -0.00127952 -0.00127649 -0.00127402 -0.00127209 -0.00127071 -0.00126989 -0.00126961 -0.00126989 -0.00127071 -0.00127209 -0.00127402 -0.00127649 -0.00127952 -0.0012831 -0.00128722 -0.0012919 -0.00129711 -0.00130286 -0.00130913 -0.00131594 -0.00132325 -0.00133107 -0.00133938 -0.0013482 -0.00135751 -0.00136733 -0.00137768 -0.00138861 -0.00140016 -0.0014124 -0.00142545 -0.00143941 -0.00145444 -0.00147068 -0.00148831 -0.00150748 -0.00152836 -0.00155107 -0.0015757 -0.00160228 -0.00163079 -0.00166118 -0.00169331 -0.0017271 -0.00176243 -0.00179929 -0.0018378 -0.0018782 -0.00192099 -0.0019668 -0.00201651 -0.00207106 -0.00213143 -0.00219859 -0.00227332 -0.00235633 -0.00244817 -0.00254945 -0.00266102 -0.00278419 -0.00292101 -0.00307438 -0.00324803 -0.00344644 -0.00367443 -0.0039369 -0.00423849 -0.00458341 -0.00497576 -0.00541952 -0.00591901 -0.0064789 -0.0071035 -0.00779593 -0.0085566 -0.00938151 -0.0102615 -0.0111817 -0.0121214 -0.0130552 -0.0139524 -0.0147763 -0.0154836 -0.0160229 -0.0163356 -0.0163594 -0.0160336 -0.0153041 -0.0141311 -0.0124913 -0.0103786 -0.00780152 -0.00477885 -0.00133344 0.00250384 0.00668032 0.0111076 0.0156574 0.0201769 0.0245276 0.0286183 0.0323877 0.0357492 0.0385711 0.0407324 0.0421878 
0 0.00239433 0.00456067 0.00632837 0.00757301 0.0081727 0.00801826 0.00707907 0.00543228 0.00320752 0.000517361 -0.00254426 -0.00585618 -0.00925094 -0.0125422 -0.0155647 -0.018201 -0.0203862 -0.0220929 -0.0233124 -0.0240502 -0.0243308 -0.0241981 -0.0237115 -0.0229391 -0.0219472 -0.0207942 -0.0195314 -0.0182041 -0.0168535 -0.0155178 -0.01423 -0.0130148 -0.0118883 -0.0108576 -0.00992252 -0.00907895 -0.00832107 -0.00764305 -0.00703997 -0.00650703 -0.00603931 -0.0056312 -0.00527596 -0.00496643 -0.00469526 -0.00445565 -0.00424196 -0.00404975 -0.00387591 -0.00371842 -0.00357582 -0.00344715 -0.00333132 -0.00322724 -0.0031336 -0.00304892 -0.00297177 -0.00290072 -0.00283459 -0.00277242 -0.00271351 -0.00265748 -0.00260408 -0.0025533 -0.00250514 -0.00245971 -0.00241707 -0.00237723 -0.00234019 -0.00230583 -0.00227405 -0.00224465 -0.00221744 -0.00219221 -0.00216874 -0.00214686 -0.00212637 -0.00210715 -0.00208906 -0.00207202 -0.00205592 -0.00204076 -0.00202646 -0.00201301 -0.0020004 -0.00198862 -0.00197766 -0.00196751 -0.0019582 -0.00194969 -0.00194202 -0.00193514 -0.0019291 -0.00192386 -0.00191945 -0.00191583 -0.00191303 -0.00191101 -0.00190982 -0.00190941 -0.00190982 -0.00191101 -0.00191303 -0.00191583 -0.00191945 -0.00192386 -0.0019291 -0.00193514 -0.00194202 -0.00194969 -0.0019582 -0.00196751 -0.00197766 -0.00198862 -0.0020004 -0.00201301 -0.00202646 -0.00204076 -0.00205592 -0.00207202 -0.00208906 -0.00210715 -0.00212637 -0.00214686 -0.00216874 -0.00219221 -0.00221744 -0.00224465 -0.00227405 -0.00230583 -0.00234019 -0.00237723 -0.00241707 -0.00245971 -0.00250514 -0.0025533 -0.00260408 -0.00265748 -0.00271351 -0.00277242 -0.00283459 -0.00290072 -0.00297177 -0.00304892 -0.0031336 -0.00322724 -0.00333132 -0.00344715 -0.00357582 -0.00371842 -0.00387591 -0.00404975 -0.00424196 -0.00445565 -0.00469526 -0.00496643 -0.00527596 -0.0056312 -0.00603931 -0.00650703 -0.00703997 -0.00764305 -0.00832107 -0.00907895 -0.00992252 -0.0108576 -0.0118883 -0.0130148 -0.0142299 -0.0155175 -0.0168526 -0.0182016 -0.0195252 -0.0207796 -0.0219147 -0.0228707 -0.0235758 -0.0239442 -0.0238828 -0.0233033 -0.0221348 -0.0203305 -0.0178687 -0.0147411 -0.0109435 -0.00648164 -0.00138463 0.00428001 0.0103986 0.0168239 0.0234031 0.0299868 0.0364078 0.0424739 0.0480018 0.0528517 0.0569203 0.0601111 0.0623269 
0 0.0028838 0.00547833 0.00757301 0.00902554 0.0097092 0.00951556 0.00840561 0.00642781 0.00368788 0.000324372 -0.0034943 -0.00758146 -0.0117517 -0.0158253 -0.0196287 -0.0230112 -0.0258632 -0.0281207 -0.0297635 -0.0308095 -0.0312992 -0.0312837 -0.0308221 -0.02998 -0.0288272 -0.0274379 -0.0258867 -0.0242409 -0.0225585 -0.0208853 -0.0192555 -0.0176945 -0.0162214 -0.0148499 -0.0135897 -0.0124456 -0.0114175 -0.0105007 -0.00968712 -0.00896619 -0.00832738 -0.00776062 -0.00725751 -0.00681138 -0.00641648 -0.00606808 -0.00576142 -0.00549157 -0.00525365 -0.0050425 -0.00485344 -0.00468233 -0.00452574 -0.00438129 -0.00424725 -0.00412269 -0.00400712 -0.0039002 -0.00380181 -0.00371155 -0.00362904 -0.00355363 -0.00348454 -0.003421 -0.00336209 -0.00330711 -0.0032553 -0.00320616 -0.00315926 -0.00311431 -0.00307119 -0.00302977 -0.00299015 -0.00295228 -0.00291628 -0.00288218 -0.00285005 -0.0028199 -0.00279172 -0.00276552 -0.00274122 -0.00271879 -0.00269812 -0.00267917 -0.0026618 -0.00264597 -0.00263156 -0.00261852 -0.00260674 -0.00259619 -0.00258679 -0.0025785 -0.00257127 -0.00256508 -0.00255988 -0.00255565 -0.00255239 -0.00255006 -0.00254867 -0.00254821 -0.00254867 -0.00255006 -0.00255239 -0.00255565 -0.00255988 -0.00256508 -0.00257127 -0.0025785 -0.00258679 -0.00259619 -0.00260674 -0.00261852 -0.00263156 -0.00264597 -0.0026618 -0.00267917 -0.00269812 -0.00271879 -0.00274122 -0.00276552 -0.00279172 -0.0028199 -0.00285005 -0.00288218 -0.00291628 -0.00295228 -0.00299015 -0.00302977 -0.00307119 -0.00311431 -0.00315926 -0.00320616 -0.0032553 -0.00330711 -0.00336209 -0.003421 -0.00348454 -0.00355363 -0.00362904 -0.00371155 -0.00380181 -0.0039002 -0.00400712 -0.00412269 -0.00424725 -0.00438129 -0.00452574 -0.00468233 -0.00485344 -0.0050425 -0.00525365 -0.00549157 -0.00576142 -0.00606808 -0.00641648 -0.00681138 -0.00725751 -0.00776062 -0.00832738 -0.00896619 -0.00968712 -0.0105007 -0.0114175 -0.0124456 -0.0135897 -0.0148499 -0.0162214 -0.0176944 -0.0192553 -0.0208846 -0.0225564 -0.0242357 -0.0258741 -0.0274095 -0.0287666 -0.0298582 -0.0305906 -0.0308679 -0.0305933 -0.0296744 -0.0280291 -0.0255894 -0.0223097 -0.0181712 -0.0131759 -0.00734574 -0.000732134 0.00657493 0.0144421 0.0226939 0.0311367 0.0395859 0.0478507 0.0556924 0.062842 0.0690848 0.0743044 0.0784197 0.0813035 
0 0.0030823 0.00589294 0.0081727 0.0097092 0.0103744 0.0101177 0.00891527 0.00675 0.00366805 -0.000165817 -0.0045078 -0.00912733 -0.0138415 -0.0184841 -0.0228832 -0.0268708 -0.0303025 -0.0330808 -0.0351709 -0.0365872 -0.0373678 -0.0375634 -0.0372331 -0.0364414 -0.0352625 -0.0337794 -0.0320751 -0.0302268 -0.0283029 -0.0263579 -0.0244351 -0.0225694 -0.0207873 -0.0191095 -0.017551 -0.01612 -0.0148189 -0.0136456 -0.0125931 -0.0116527 -0.0108147 -0.0100688 -0.00940613 -0.00881802 -0.00829666 -0.00783505 -0.00742608 -0.00706357 -0.00674144 -0.00645403 -0.00619664 -0.00596474 -0.00575486 -0.00556399 -0.00538959 -0.00522988 -0.00508304 -0.00494788 -0.00482318 -0.00470788 -0.0046012 -0.00450214 -0.00441014 -0.00432438 -0.00424434 -0.0041695 -0.00409932 -0.00403354 -0.00397167 -0.00391355 -0.00385881 -0.00380731 -0.00375882 -0.00371316 -0.00367023 -0.00362979 -0.00359184 -0.00355613 -0.00352268 -0.00349128 -0.00346194 -0.0034345 -0.00340893 -0.00338515 -0.00336308 -0.00334271 -0.00332392 -0.00330673 -0.00329103 -0.00327686 -0.00326409 -0.0032528 -0.00324285 -0.00323432 -0.00322709 -0.00322125 -0.00321667 -0.00321345 -0.00321148 -0.00321086 -0.00321148 -0.00321345 -0.00321667 -0.00322125 -0.00322709 -0.00323432 -0.00324285 -0.0032528 -0.00326409 -0.00327686 -0.00329103 -0.00330673 -0.00332392 -0.00334271 -0.00336308 -0.00338515 -0.00340893 -0.0034345 -0.00346194 -0.00349128 -0.00352268 -0.00355613 -0.00359184 -0.00362979 -0.00367023 -0.00371316 -0.00375882 -0.00380731 -0.00385881 -0.00391355 -0.00397167 -0.00403354 -0.00409932 -0.0041695 -0.00424434 -0.00432438 -0.00441014 -0.00450214 -0.0046012 -0.00470788 -0.00482318 -0.00494788 -0.00508304 -0.00522988 -0.00538959 -0.00556399 -0.00575486 -0.00596474 -0.00619664 -0.00645403 -0.00674144 -0.00706357 -0.00742608 -0.00783505 -0.00829666 -0.00881802 -0.00940613 -0.0100688 -0.0108147 -0.0116527 -0.0125931 -0.0136456 -0.0148189 -0.01612 -0.017551 -0.0191095 -0.0207872 -0.0225691 -0.0244344 -0.0263562 -0.0282985 -0.0302162 -0.0320508 -0.0337269 -0.0351555 -0.0362353 -0.0368579 -0.0369173 -0.0363136 -0.0349519 -0.032748 -0.0296284 -0.0255322 -0.0204252 -0.0143101 -0.00722441 0.00075594 0.009513 0.0188993 0.028742 0.0388292 0.0489176 0.0587587 0.0680996 0.076666 0.0841925 0.0904784 0.0953845 0.0987783 
0 0.00299461 0.00575966 0.00801826 0.00951556 0.0101177 0.00979169 0.00850857 0.00623306 0.00301094 -0.000993535 -0.00555998 -0.010472 -0.0155231 -0.0205194 -0.0252911 -0.0296857 -0.033563 -0.0368158 -0.0393811 -0.0412322 -0.0423799 -0.0428712 -0.0427718 -0.0421556 -0.0411024 -0.0396892 -0.0379885 -0.0360741 -0.0340176 -0.0318854 -0.0297393 -0.0276295 -0.0255929 -0.0236561 -0.0218343 -0.0201357 -0.0185653 -0.0171245 -0.0158132 -0.0146298 -0.0135691 -0.0126239 -0.0117848 -0.0110401 -0.0103786 -0.00978905 -0.00926176 -0.00878919 -0.00836457 -0.00798341 -0.00764151 -0.00733512 -0.00706109 -0.00681544 -0.00659488 -0.00639571 -0.00621448 -0.00604846 -0.00589479 -0.00575181 -0.00561787 -0.00549203 -0.0053738 -0.00526256 -0.00515842 -0.00506091 -0.00497011 -0.00488566 -0.00480729 -0.00473473 -0.0046674 -0.0046051 -0.0045471 -0.00449323 -0.00444285 -0.00439576 -0.00435156 -0.00430998 -0.00427087 -0.00423394 -0.00419923 -0.00416644 -0.00413572 -0.00410679 -0.00407985 -0.00405464 -0.00403136 -0.00400981 -0.00399012 -0.00397216 -0.00395601 -0.00394158 -0.00392891 -0.00391796 -0.00390871 -0.00390118 -0.00389531 -0.00389115 -0.00388864 -0.00388782 -0.00388864 -0.00389115 -0.00389531 -0.00390118 -0.00390871 -0.00391796 -0.00392891 -0.00394158 -0.00395601 -0.00397216 -0.00399012 -0.00400981 -0.00403136 -0.00405464 -0.00407985 -0.00410679 -0.00413572 -0.00416644 -0.00419923 -0.00423394 -0.00427087 -0.00430998 -0.00435156 -0.00439576 -0.00444285 -0.00449323 -0.0045471 -0.0046051 -0.0046674 -0.00473473 -0.00480729 -0.00488566 -0.00497011 -0.00506091 -0.00515842 -0.00526256 -0.0053738 -0.00549203 -0.00561787 -0.00575181 -0.00589479 -0.00604846 -0.00621448 -0.00639571 -0.00659488 -0.00681544 -0.00706109 -0.00733512 -0.00764151 -0.00798341 -0.00836457 -0.00878919 -0.00926176 -0.00978905 -0.0103786 -0.0110401 -0.0117848 -0.0126239 -0.0135691 -0.0146298 -0.0158132 -0.0171245 -0.0185653 -0.0201356 -0.0218343 -0.023656 -0.0255927 -0.027629 -0.0297379 -0.0318818 -0.0340087 -0.0360536 -0.0379436 -0.0395965 -0.0409215 -0.0418218 -0.0421894 -0.0419083 -0.040867 -0.038963 -0.0361105 -0.0322493 -0.0273337 -0.0213256 -0.0142135 -0.006029 0.00314512 0.0131652 0.0238448 0.0349967 0.0464254 0.0578761 0.0690376 0.0796106 0.0893346 0.0979444 0.105155 0.110722 0.1145 
0 0.00265324 0.00509048 0.00707907 0.00840561 0.00891527 0.00850857 0.00713908 0.00483386 0.00168057 -0.00221698 -0.00673236 -0.0116722 -0.0167989 -0.0219072 -0.0268431 -0.0314692 -0.0356569 -0.0392958 -0.0422914 -0.0445818 -0.0461589 -0.0470542 -0.0473184 -0.0470191 -0.0462284 -0.0450139 -0.043448 -0.041606 -0.0395593 -0.0373794 -0.035132 -0.0328708 -0.0306421 -0.0284821 -0.0264161 -0.0244643 -0.0226395 -0.0209479 -0.0193934 -0.0179741 -0.0166855 -0.0155221 -0.0144749 -0.0135358 -0.0126959 -0.0119453 -0.0112761 -0.0106789 -0.0101455 -0.00966895 -0.00924132 -0.00885709 -0.00851047 -0.00819669 -0.00791228 -0.00765327 -0.00741747 -0.0072021 -0.0070051 -0.00682484 -0.00665909 -0.00650682 -0.00636604 -0.00623575 -0.00611464 -0.00600153 -0.00589587 -0.00579645 -0.00570317 -0.0056151 -0.00553221 -0.00545402 -0.00538031 -0.00531103 -0.00524573 -0.00518464 -0.00512717 -0.00507362 -0.00502343 -0.0049768 -0.0049333 -0.00489297 -0.00485558 -0.00482097 -0.00478912 -0.00475973 -0.00473291 -0.00470829 -0.00468609 -0.00466588 -0.00464797 -0.0046319 -0.00461802 -0.00460589 -0.00459586 -0.00458752 -0.00458122 -0.00457658 -0.00457394 -0.00457294 -0.00457394 -0.00457658 -0.00458122 -0.00458752 -0.00459586 -0.00460589 -0.00461802 -0.0046319 -0.00464797 -0.00466588 -0.00468609 -0.00470829 -0.00473291 -0.00475973 -0.00478912 -0.00482097 -0.00485558 -0.00489297 -0.0049333 -0.0049768 -0.00502343 -0.00507362 -0.00512717 -0.00518464 -0.00524573 -0.00531103 -0.00538031 -0.00545402 -0.00553221 -0.0056151 -0.00570317 -0.00579645 -0.00589587 -0.00600153 -0.00611464 -0.00623575 -0.00636604 -0.00650682 -0.00665909 -0.00682484 -0.0070051 -0.0072021 -0.00741747 -0.00765327 -0.00791228 -0.00819669 -0.00851047 -0.00885709 -0.00924132 -0.00966895 -0.0101455 -0.0106789 -0.0112761 -0.0119453 -0.0126959 -0.0135358 -0.0144749 -0.0155221 -0.0166855 -0.0179741 -0.0193934 -0.0209479 -0.0226395 -0.0244643 -0.0264161 -0.028482 -0.0306417 -0.0328697 -0.0351291 -0.037372 -0.0395422 -0.041568 -0.0433686 -0.044857 -0.0459349 -0.0465 -0.0464487 -0.0456702 -0.0440584 -0.0415226 -0.0379818 -0.0333731 -0.0276566 -0.0208009 -0.0127914 -0.00366494 0.00648511 0.0175186 0.0292449 0.0414462 0.0539102 0.0663974 0.0785918 0.0901456 0.100762 0.110175 0.118081 0.124176 0.128286 
0 0.00207536 0.00393729 0.00543228 0.00642781 0.00675 0.00623306 0.00483386 0.00263108 -0.000296758 -0.00391505 -0.00814221 -0.0128039 -0.0177066 -0.0226896 -0.0276017 -0.0322963 -0.0366492 -0.0405441 -0.0438738 -0.0465739 -0.0486199 -0.0500042 -0.0507452 -0.0508871 -0.0504815 -0.0495936 -0.0483016 -0.0466773 -0.044789 -0.042705 -0.0404829 -0.0381779 -0.0358456 -0.0335313 -0.0312761 -0.029114 -0.0270648 -0.0251429 -0.0233549 -0.0216996 -0.020177 -0.0187826 -0.0175117 -0.0163607 -0.0153224 -0.0143905 -0.0135572 -0.012812 -0.012147 -0.0115515 -0.0110169 -0.0105358 -0.0101002 -0.00970598 -0.00934766 -0.00902173 -0.00872561 -0.00845564 -0.00821038 -0.00798658 -0.00778243 -0.00759576 -0.00742402 -0.00726615 -0.00711951 -0.00698352 -0.00685633 -0.00673724 -0.00662554 -0.0065202 -0.0064214 -0.00632796 -0.00624042 -0.00615777 -0.0060804 -0.00600771 -0.00593965 -0.00587613 -0.00581664 -0.00576148 -0.00570984 -0.00566223 -0.00561775 -0.00557695 -0.00553899 -0.00550434 -0.00547234 -0.00544332 -0.00541681 -0.00539298 -0.00537159 -0.00535263 -0.00533605 -0.00532174 -0.00530976 -0.00529992 -0.0052924 -0.00528693 -0.00528376 -0.00528262 -0.00528376 -0.00528693 -0.0052924 -0.00529992 -0.00530976 -0.00532174 -0.00533605 -0.00535263 -0.00537159 -0.00539298 -0.00541681 -0.00544332 -0.00547234 -0.00550434 -0.00553899 -0.00557695 -0.00561775 -0.00566223 -0.00570984 -0.00576148 -0.00581664 -0.00587613 -0.00593965 -0.00600771 -0.0060804 -0.00615777 -0.00624042 -0.00632796 -0.0064214 -0.0065202 -0.00662554 -0.00673724 -0.00685633 -0.00698352 -0.00711951 -0.00726615 -0.00742402 -0.00759576 -0.00778243 -0.00798658 -0.00821038 -0.00845564 -0.00872561 -0.00902173 -0.00934766 -0.00970598 -0.0101002 -0.0105358 -0.0110169 -0.0115515 -0.012147 -0.012812 -0.0135572 -0.0143905 -0.0153224 -0.0163607 -0.0175117 -0.0187826 -0.020177 -0.0216996 -0.0233549 -0.0251429 -0.0270647 -0.0291139 -0.031276 -0.033531 -0.0358447 -0.0381755 -0.0404769 -0.0426909 -0.0447573 -0.0466101 -0.0481669 -0.0493383 -0.0500236 -0.0501093 -0.0494911 -0.0480774 -0.0457833 -0.0425421 -0.038294 -0.0329653 -0.0264933 -0.01885 -0.0100405 -0.000124098 0.0107809 0.0225429 0.035024 0.0480216 0.0612645 0.0744726 0.0873611 0.0996034 0.110851 0.120787 0.129122 0.13559 0.139985 
0 0.00127165 0.00237323 0.00320752 0.00368788 0.00366805 0.00301094 0.00168057 -0.000296758 -0.00290475 -0.00610918 -0.00982162 -0.0139446 -0.0183895 -0.0230266 -0.0276928 -0.0322558 -0.0366062 -0.0406238 -0.0442052 -0.0472775 -0.0497745 -0.0516545 -0.0529204 -0.0535901 -0.0536935 -0.0532852 -0.0524206 -0.0511537 -0.0495523 -0.0476807 -0.0455988 -0.0433734 -0.0410605 -0.0387082 -0.0363646 -0.0340639 -0.031835 -0.0297046 -0.0276874 -0.0257962 -0.0240396 -0.0224165 -0.0209276 -0.0195673 -0.0183273 -0.0172024 -0.0161822 -0.0152599 -0.0144284 -0.0136785 -0.0130055 -0.0124006 -0.0118576 -0.0113703 -0.0109306 -0.0105345 -0.0101747 -0.00984722 -0.00954807 -0.00927277 -0.00902016 -0.00878633 -0.00857087 -0.00837158 -0.00818722 -0.00801736 -0.00785974 -0.00771484 -0.00758019 -0.00745607 -0.00734076 -0.00723368 -0.00713425 -0.00704108 -0.00695456 -0.00687291 -0.00679697 -0.00672508 -0.00665807 -0.00659476 -0.0065356 -0.00648005 -0.00642805 -0.00637971 -0.00633446 -0.00629289 -0.00625408 -0.00621895 -0.00618636 -0.00615738 -0.00613078 -0.0061077 -0.00608691 -0.00606953 -0.00605437 -0.00604251 -0.00603285 -0.00602641 -0.00602214 -0.00602106 -0.00602214 -0.00602641 -0.00603285 -0.00604251 -0.00605437 -0.00606953 -0.00608691 -0.0061077 -0.00613078 -0.00615738 -0.00618636 -0.00621895 -0.00625408 -0.00629289 -0.00633446 -0.00637971 -0.00642805 -0.00648005 -0.0065356 -0.00659476 -0.00665807 -0.00672508 -0.00679697 -0.00687291 -0.00695456 -0.00704108 -0.00713425 -0.00723368 -0.00734076 -0.00745607 -0.00758019 -0.00771484 -0.00785974 -0.00801736 -0.00818722 -0.00837158 -0.00857087 -0.00878633 -0.00902016 -0.00927277 -0.00954807 -0.00984722 -0.0101747 -0.0105345 -0.0109306 -0.0113703 -0.0118576 -0.0124006 -0.0130055 -0.0136785 -0.0144284 -0.0152599 -0.0161822 -0.0172024 -0.0183273 -0.0195673 -0.0209276 -0.0224165 -0.0240396 -0.0257962 -0.0276874 -0.0297046 -0.0318349 -0.0340638 -0.0363644 -0.0387075 -0.0410586 -0.0433686 -0.0455873 -0.0476545 -0.0494961 -0.0510395 -0.052201 -0.0528856 -0.053005 -0.0524643 -0.0511683 -0.0490453 -0.0460301 -0.0420567 -0.0370743 -0.0310251 -0.0238416 -0.0155022 -0.00604324 0.00446858 0.015928 0.0282018 0.0411677 0.054664 0.0684089 0.0820586 0.0953197 0.107919 0.119511 0.129722 0.13826 0.144916 0.149478 
0 0.000276194 0.000474863 0.000517361 0.000324372 -0.000165817 -0.000993535 -0.00221698 -0.00391505 -0.00610918 -0.00874057 -0.011769 -0.0152094 -0.0190247 -0.0230871 -0.0272752 -0.0315059 -0.035678 -0.0396796 -0.0434153 -0.0467751 -0.0496539 -0.0520046 -0.0538098 -0.0550551 -0.0557553 -0.055935 -0.0556123 -0.0548318 -0.0536524 -0.0521276 -0.050326 -0.0483137 -0.0461407 -0.0438633 -0.0415291 -0.0391747 -0.036844 -0.0345686 -0.0323739 -0.0302862 -0.0283161 -0.0264726 -0.0247614 -0.0231772 -0.0217202 -0.0203843 -0.0191618 -0.0180502 -0.0170393 -0.0161242 -0.0152981 -0.0145512 -0.0138797 -0.013273 -0.0127259 -0.0122319 -0.0117832 -0.0113772 -0.0110063 -0.0106685 -0.0103596 -0.0100757 -0.00981619 -0.00957613 -0.00935616 -0.00915225 -0.00896424 -0.0087903 -0.00862851 -0.00847925 -0.0083394 -0.00821041 -0.00808922 -0.00797703 -0.00787186 -0.00777386 -0.00768255 -0.00759684 -0.00751757 -0.00744276 -0.00737405 -0.00730908 -0.00724974 -0.00719377 -0.00714284 -0.00709517 -0.00705194 -0.00701197 -0.00697589 -0.00694314 -0.00691379 -0.00688783 -0.00686491 -0.00684543 -0.0068287 -0.00681546 -0.00680478 -0.0067976 -0.00679288 -0.00679167 -0.00679288 -0.0067976 -0.00680478 -0.00681546 -0.0068287 -0.00684543 -0.00686491 -0.00688783 -0.00691379 -0.00694314 -0.00697589 -0.00701197 -0.00705194 -0.00709517 -0.00714284 -0.00719377 -0.00724974 -0.00730908 -0.00737405 -0.00744276 -0.00751757 -0.00759684 -0.00768255 -0.00777386 -0.00787186 -0.00797703 -0.00808922 -0.00821041 -0.0083394 -0.00847925 -0.00862851 -0.0087903 -0.00896424 -0.00915225 -0.00935616 -0.00957613 -0.00981619 -0.0100757 -0.0103596 -0.0106685 -0.0110063 -0.0113772 -0.0117832 -0.0122319 -0.0127259 -0.013273 -0.0138797 -0.0145512 -0.0152981 -0.0161242 -0.0170393 -0.0180502 -0.0191618 -0.0203843 -0.0217202 -0.0231772 -0.0247614 -0.0264726 -0.0283161 -0.0302862 -0.0323738 -0.0345686 -0.0368439 -0.0391745 -0.0415285 -0.0438619 -0.0461369 -0.0483045 -0.0503047 -0.0520812 -0.0535568 -0.0546451 -0.0552674 -0.0553318 -0.0547546 -0.0534762 -0.0514292 -0.0485524 -0.0448006 -0.0401054 -0.0343953 -0.0276339 -0.0197956 -0.0108759 -0.000930805 0.00997106 0.0217805 0.0343984 0.0476531 0.061351 0.0752578 0.0890598 0.102431 0.115086 0.126714 0.13696 0.145516 0.152169 0.156711 
0 -0.00085144 -0.00168181 -0.00254426 -0.0034943 -0.0045078 -0.00555998 -0.00673236 -0.00814221 -0.00982162 -0.011769 -0.0140447 -0.0167025 -0.019708 -0.0230052 -0.0265591 -0.0302935 -0.0341042 -0.0379184 -0.0416458 -0.0451537 -0.0483403 -0.0511357 -0.0534633 -0.0552845 -0.0565999 -0.0573988 -0.0576913 -0.057515 -0.0568935 -0.055866 -0.0544925 -0.0528179 -0.0509006 -0.0488072 -0.0465837 -0.0442847 -0.0419585 -0.0396335 -0.0373477 -0.0351252 -0.0329818 -0.030942 -0.029013 -0.0272043 -0.025525 -0.0239695 -0.0225408 -0.021232 -0.0200337 -0.0189432 -0.0179466 -0.0170401 -0.0162158 -0.0154645 -0.0147848 -0.0141663 -0.0136072 -0.0131011 -0.0126416 -0.0122274 -0.0118492 -0.011507 -0.0111935 -0.0109064 -0.0106432 -0.0103987 -0.0101744 -0.00996416 -0.00977033 -0.00958874 -0.00941999 -0.00926301 -0.00911588 -0.00898026 -0.00885241 -0.00873532 -0.00862484 -0.0085238 -0.0084289 -0.00834177 -0.00826071 -0.00818573 -0.00811686 -0.00805261 -0.00799447 -0.00793985 -0.00789124 -0.0078454 -0.00780535 -0.00776765 -0.00773546 -0.0077054 -0.00768056 -0.00765777 -0.00763994 -0.00762414 -0.0076131 -0.00760411 -0.00759976 -0.00759746 -0.00759976 -0.00760411 -0.0076131 -0.00762414 -0.00763994 -0.00765777 -0.00768056 -0.0077054 -0.00773546 -0.00776765 -0.00780535 -0.0078454 -0.00789124 -0.00793985 -0.00799447 -0.00805261 -0.00811686 -0.00818573 -0.00826071 -0.00834177 -0.0084289 -0.0085238 -0.00862484 -0.00873532 -0.00885241 -0.00898026 -0.00911588 -0.00926301 -0.00941999 -0.00958874 -0.00977033 -0.00996416 -0.0101744 -0.0103987 -0.0106432 -0.0109064 -0.0111935 -0.011507 -0.0118492 -0.0122274 -0.0126416 -0.0131011 -0.0136072 -0.0141663 -0.0147848 -0.0154645 -0.0162158 -0.0170401 -0.0179466 -0.0189432 -0.0200337 -0.021232 -0.0225408 -0.0239695 -0.025525 -0.0272043 -0.029013 -0.030942 -0.0329818 -0.0351252 -0.0373476 -0.0396335 -0.0419583 -0.0442843 -0.0465825 -0.0488042 -0.0508933 -0.0528008 -0.0544547 -0.0557868 -0.0567365 -0.0572207 -0.0571685 -0.0565183 -0.0551904 -0.0531311 -0.0503046 -0.0466543 -0.042139 -0.0367239 -0.0303393 -0.0229435 -0.0145548 -0.00519374 0.0051045 0.0162694 0.028255 0.0410077 0.0543479 0.0680109 0.0817735 0.0954201 0.108648 0.121109 0.132498 0.142529 0.150911 0.157376 0.161723 
0 -0.00204728 -0.00400651 -0.00585618 -0.00758146 -0.00912733 -0.010472 -0.0116722 -0.0128039 -0.0139446 -0.0152094 -0.0167025 -0.0184597 -0.0205205 -0.0229579 -0.0257641 -0.0288409 -0.0321258 -0.0355807 -0.0391109 -0.0426149 -0.0460045 -0.0491464 -0.0519232 -0.0542893 -0.0562024 -0.0576309 -0.0585908 -0.059081 -0.059097 -0.0586761 -0.0578453 -0.0566388 -0.0551253 -0.0533534 -0.0513748 -0.0492555 -0.0470321 -0.0447492 -0.0424528 -0.0401639 -0.0379199 -0.035745 -0.0336508 -0.0316628 -0.0297836 -0.0280198 -0.0263799 -0.0248542 -0.0234483 -0.0221545 -0.0209652 -0.0198812 -0.0188875 -0.0179842 -0.0171615 -0.0164109 -0.0157314 -0.0151094 -0.014546 -0.0140315 -0.013562 -0.0131356 -0.0127431 -0.0123875 -0.0120592 -0.0117602 -0.0114851 -0.0112316 -0.0110001 -0.0107839 -0.0105872 -0.0104023 -0.0102333 -0.0100747 -0.00992812 -0.00979177 -0.00966393 -0.00954644 -0.00943487 -0.00933348 -0.00923647 -0.00914901 -0.00906532 -0.00899012 -0.00891873 -0.00885456 -0.00879455 -0.00874049 -0.00869104 -0.00864641 -0.0086068 -0.00857108 -0.0085407 -0.00851352 -0.00849188 -0.00847294 -0.00845968 -0.00844881 -0.00844369 -0.00844081 -0.00844369 -0.00844881 -0.00845968 -0.00847294 -0.00849188 -0.00851352 -0.0085407 -0.00857108 -0.0086068 -0.00864641 -0.00869104 -0.00874049 -0.00879455 -0.00885456 -0.00891873 -0.00899012 -0.00906532 -0.00914901 -0.00923647 -0.00933348 -0.00943487 -0.00954644 -0.00966393 -0.00979177 -0.00992812 -0.0100747 -0.0102333 -0.0104023 -0.0105872 -0.0107839 -0.0110001 -0.0112316 -0.0114851 -0.0117602 -0.0120592 -0.0123875 -0.0127431 -0.0131356 -0.013562 -0.0140315 -0.014546 -0.0151094 -0.0157314 -0.0164109 -0.0171615 -0.0179842 -0.0188875 -0.0198812 -0.0209652 -0.0221545 -0.0234483 -0.0248542 -0.0263799 -0.0280198 -0.0297836 -0.0316628 -0.0336508 -0.0357449 -0.0379199 -0.0401639 -0.0424528 -0.0447491 -0.0470318 -0.0492547 -0.0513725 -0.0533477 -0.0551117 -0.0566083 -0.0577805 -0.0585458 -0.0588488 -0.0586329 -0.0578242 -0.056385 -0.0542718 -0.0514224 -0.0478142 -0.0434162 -0.0381701 -0.0320581 -0.0250656 -0.0171524 -0.00833524 0.00133612 0.0118559 0.0231936 0.0352503 0.0479264 0.0610885 0.074502 0.0879212 0.101157 0.113963 0.125989 0.136911 0.146492 0.15448 0.160592 0.164638 
0 -0.00325575 -0.00638323 -0.00925094 -0.0117517 -0.0138415 -0.0155231 -0.0167989 -0.0177066 -0.0183895 -0.0190247 -0.019708 -0.0205205 -0.0216208 -0.0231303 -0.0250401 -0.027323 -0.0299745 -0.0329277 -0.0360995 -0.039443 -0.042849 -0.046161 -0.0492844 -0.0521316 -0.0546001 -0.0566576 -0.0582844 -0.0594372 -0.0601277 -0.0603739 -0.0601713 -0.0595647 -0.058593 -0.0572791 -0.0556893 -0.0538698 -0.0518615 -0.0497341 -0.0475222 -0.0452664 -0.0430151 -0.0407805 -0.038596 -0.0364818 -0.0344414 -0.0325019 -0.030662 -0.02893 -0.0273174 -0.0258125 -0.0244262 -0.0231481 -0.0219719 -0.020899 -0.0199107 -0.0190111 -0.0181861 -0.0174303 -0.0167427 -0.0161087 -0.0155343 -0.0150053 -0.0145237 -0.0140842 -0.0136798 -0.0133143 -0.012975 -0.0126687 -0.0123842 -0.0121247 -0.0118856 -0.0116636 -0.0114612 -0.0112702 -0.0110974 -0.0109326 -0.0107836 -0.0106419 -0.0105126 -0.010391 -0.0102786 -0.0101749 -0.0100774 -0.00998957 -0.00990565 -0.00983193 -0.00976068 -0.00969959 -0.00964021 -0.0095906 -0.00954243 -0.00950343 -0.00946586 -0.00943684 -0.00940939 -0.00938993 -0.00937219 -0.00936203 -0.00935372 -0.00935278 -0.00935372 -0.00936203 -0.00937219 -0.00938993 -0.00940939 -0.00943684 -0.00946586 -0.00950343 -0.00954243 -0.0095906 -0.00964021 -0.00969959 -0.00976068 -0.00983193 -0.00990565 -0.00998957 -0.0100774 -0.0101749 -0.0102786 -0.010391 -0.0105126 -0.0106419 -0.0107836 -0.0109326 -0.0110974 -0.0112702 -0.0114612 -0.0116636 -0.0118856 -0.0121247 -0.0123842 -0.0126687 -0.012975 -0.0133143 -0.0136798 -0.0140842 -0.0145237 -0.0150053 -0.0155343 -0.0161087 -0.0167427 -0.0174303 -0.0181861 -0.0190111 -0.0199107 -0.020899 -0.0219719 -0.0231481 -0.0244262 -0.0258125 -0.0273174 -0.02893 -0.030662 -0.0325019 -0.0344414 -0.0364818 -0.038596 -0.0407805 -0.0430151 -0.0452664 -0.0475221 -0.0497339 -0.0518608 -0.0538681 -0.0556849 -0.0572685 -0.0585688 -0.0595125 -0.0600645 -0.060167 -0.0597481 -0.058777 -0.0571943 -0.0549432 -0.05202 -0.0483921 -0.0440239 -0.0389219 -0.033045 -0.0263385 -0.0188188 -0.010494 -0.0013549 0.00854789 0.0191777 0.0305413 0.0425473 0.0550079 0.0677772 0.0807242 0.0936398 0.106281 0.118408 0.129743 0.139994 0.148922 0.156311 0.161931 0.165629 
0 -0.00442661 -0.0086825 -0.0125422 -0.0158253 -0.0184841 -0.0205194 -0.0219072 -0.0226896 -0.0230266 -0.0230871 -0.0230052 -0.0229579 -0.0231303 -0.0236278 -0.0245392 -0.0259606 -0.0278743 -0.0301888 -0.0328759 -0.0358906 -0.0391061 -0.0424274 -0.0457609 -0.0489448 -0.0518737 -0.0544986 -0.056733 -0.0585423 -0.0599358 -0.0608743 -0.0613613 -0.0614297 -0.0610706 -0.0603258 -0.0592489 -0.057858 -0.0562216 -0.0543896 -0.0523896 -0.0502903 -0.0481184 -0.0459059 -0.0437037 -0.0415176 -0.0393833 -0.0373218 -0.035332 -0.0334446 -0.0316511 -0.0299599 -0.0283813 -0.0268988 -0.0255291 -0.0242568 -0.0230815 -0.0220057 -0.02101 -0.0201055 -0.0192721 -0.0185115 -0.017818 -0.0171779 -0.0165991 -0.0160612 -0.0155735 -0.0151223 -0.0147078 -0.0143292 -0.0139756 -0.0136565 -0.0133556 -0.0130847 -0.0128302 -0.0125987 -0.0123842 -0.0121855 -0.0120052 -0.0118345 -0.0116825 -0.0115363 -0.0114077 -0.0112832 -0.0111741 -0.0110689 -0.0109762 -0.0108883 -0.0108099 -0.0107377 -0.0106721 -0.010614 -0.0105604 -0.0105153 -0.010473 -0.0104399 -0.0104084 -0.0103867 -0.0103659 -0.0103551 -0.0103448 -0.0103446 -0.0103448 -0.0103551 -0.0103659 -0.0103867 -0.0104084 -0.0104399 -0.010473 -0.0105153 -0.0105604 -0.010614 -0.0106721 -0.0107377 -0.0108099 -0.0108883 -0.0109762 -0.0110689 -0.0111741 -0.0112832 -0.0114077 -0.0115363 -0.0116825 -0.0118345 -0.0120052 -0.0121855 -0.0123842 -0.0125987 -0.0128302 -0.0130847 -0.0133556 -0.0136565 -0.0139756 -0.0143292 -0.0147078 -0.0151223 -0.0155735 -0.0160612 -0.0165991 -0.0171779 -0.017818 -0.0185115 -0.0192721 -0.0201055 -0.02101 -0.0220057 -0.0230815 -0.0242568 -0.0255291 -0.0268988 -0.0283813 -0.0299599 -0.0316511 -0.0334446 -0.035332 -0.0373218 -0.0393833 -0.0415176 -0.0437037 -0.0459059 -0.0481184 -0.0502902 -0.0523894 -0.0543891 -0.0562203 -0.0578546 -0.0592407 -0.0603068 -0.061029 -0.0613432 -0.0611909 -0.0605564 -0.0593737 -0.0575987 -0.0552256 -0.0521975 -0.0484976 -0.0441488 -0.0391123 -0.0333727 -0.0269443 -0.0197719 -0.0118324 -0.0031823 0.00616983 0.0162238 0.0269051 0.0381567 0.0499258 0.0620469 0.074327 0.086655 0.0988847 0.110754 0.122001 0.132423 0.141805 0.14991 0.156544 0.161572 0.164889 
0 -0.00550964 -0.0107871 -0.0155647 -0.0196287 -0.0228832 -0.0252911 -0.0268431 -0.0276017 -0.0276928 -0.0272752 -0.0265591 -0.0257641 -0.0250401 -0.0245392 -0.0244746 -0.0249698 -0.0260036 -0.0275674 -0.0296586 -0.0321833 -0.0350634 -0.0382491 -0.0415855 -0.0449171 -0.0481723 -0.0512324 -0.0539934 -0.0564383 -0.0584999 -0.0601214 -0.0613248 -0.0620826 -0.062392 -0.0623102 -0.0618344 -0.0610001 -0.0598704 -0.0584512 -0.0568046 -0.0549832 -0.0530033 -0.0509383 -0.0488125 -0.0466523 -0.0445125 -0.0423885 -0.0403168 -0.0383145 -0.0363747 -0.0345336 -0.032775 -0.031114 -0.0295594 -0.0280931 -0.0267393 -0.0254742 -0.0243058 -0.0232315 -0.0222324 -0.0213246 -0.0204796 -0.0197103 -0.0190015 -0.0183475 -0.0177541 -0.0171991 -0.0166996 -0.0162312 -0.0158071 -0.015414 -0.0150514 -0.0147219 -0.0144113 -0.014134 -0.0138688 -0.0136335 -0.0134083 -0.0132069 -0.013017 -0.0128435 -0.0126842 -0.0125347 -0.0124017 -0.0122733 -0.012163 -0.0120538 -0.0119628 -0.0118714 -0.0117974 -0.0117225 -0.0116637 -0.0116041 -0.0115592 -0.0115141 -0.0114824 -0.011451 -0.0114318 -0.0114135 -0.0114067 -0.0114011 -0.0114067 -0.0114135 -0.0114318 -0.011451 -0.0114824 -0.0115141 -0.0115592 -0.0116041 -0.0116637 -0.0117225 -0.0117974 -0.0118714 -0.0119628 -0.0120538 -0.012163 -0.0122733 -0.0124017 -0.0125347 -0.0126842 -0.0128435 -0.013017 -0.0132069 -0.0134083 -0.0136335 -0.0138688 -0.014134 -0.0144113 -0.0147219 -0.0150514 -0.015414 -0.0158071 -0.0162312 -0.0166996 -0.0171991 -0.0177541 -0.0183475 -0.0190015 -0.0197103 -0.0204796 -0.0213246 -0.0222324 -0.0232315 -0.0243058 -0.0254742 -0.0267393 -0.0280931 -0.0295594 -0.031114 -0.032775 -0.0345336 -0.0363747 -0.0383145 -0.0403168 -0.0423885 -0.0445125 -0.0466523 -0.0488125 -0.0509383 -0.0530033 -0.0549831 -0.0568042 -0.0584502 -0.0598678 -0.0609938 -0.0618197 -0.0622774 -0.0623228 -0.0619441 -0.0610619 -0.0596485 -0.0576923 -0.0551267 -0.0519607 -0.0482101 -0.0438319 -0.0388497 -0.0332704 -0.0270231 -0.0201088 -0.0125492 -0.00430634 0.00458677 0.0140627 0.0241384 0.0347852 0.0458652 0.0572688 0.0689068 0.0806218 0.0922462 0.103624 0.114533 0.124741 0.134091 0.142437 0.14958 0.155364 0.159731 0.162621 
0 -0.00645527 -0.0126103 -0.018201 -0.0230112 -0.0268708 -0.0296857 -0.0314692 -0.0322963 -0.0322558 -0.0315059 -0.0302935 -0.0288409 -0.027323 -0.0259606 -0.0249698 -0.0244672 -0.0245489 -0.0252959 -0.0266587 -0.0285584 -0.0309851 -0.0338447 -0.0369805 -0.0403156 -0.0437306 -0.047057 -0.0502362 -0.053195 -0.0558179 -0.0580954 -0.059994 -0.0614469 -0.0624883 -0.0631093 -0.0632914 -0.0631035 -0.0625476 -0.0616501 -0.0604888 -0.0590635 -0.0574329 -0.0556525 -0.0537231 -0.0517189 -0.0496564 -0.0475558 -0.0454772 -0.0434071 -0.0413901 -0.0394401 -0.0375483 -0.035757 -0.0340386 -0.0324166 -0.0308918 -0.0294459 -0.0281085 -0.0268453 -0.0256786 -0.0245951 -0.0235851 -0.0226651 -0.0218018 -0.0210212 -0.0202932 -0.0196285 -0.0190197 -0.0184525 -0.0179427 -0.0174597 -0.0170289 -0.0166199 -0.0162513 -0.0159068 -0.0155886 -0.015299 -0.0150236 -0.0147799 -0.0145426 -0.0143366 -0.0141339 -0.0139591 -0.013788 -0.0136394 -0.013497 -0.013371 -0.0132543 -0.0131483 -0.0130547 -0.012967 -0.012894 -0.0128233 -0.0127691 -0.0127144 -0.0126773 -0.0126381 -0.0126171 -0.012593 -0.0125873 -0.012578 -0.0125873 -0.012593 -0.0126171 -0.0126381 -0.0126773 -0.0127144 -0.0127691 -0.0128233 -0.012894 -0.012967 -0.0130547 -0.0131483 -0.0132543 -0.013371 -0.013497 -0.0136394 -0.013788 -0.0139591 -0.0141339 -0.0143366 -0.0145426 -0.0147799 -0.0150236 -0.015299 -0.0155886 -0.0159068 -0.0162513 -0.0166199 -0.0170289 -0.0174597 -0.0179427 -0.0184525 -0.0190197 -0.0196285 -0.0202932 -0.0210212 -0.0218018 -0.0226651 -0.0235851 -0.0245951 -0.0256786 -0.0268453 -0.0281085 -0.0294459 -0.0308918 -0.0324166 -0.0340386 -0.035757 -0.0375483 -0.0394401 -0.0413901 -0.0434071 -0.0454772 -0.0475558 -0.0496564 -0.0517189 -0.0537231 -0.0556525 -0.0574328 -0.0590632 -0.060488 -0.0616482 -0.0625429 -0.0630923 -0.063266 -0.0630547 -0.0623772 -0.0612322 -0.0596008 -0.0574121 -0.054689 -0.0514173 -0.0475549 -0.0431599 -0.0382311 -0.0327253 -0.0266754 -0.0200454 -0.0127655 -0.00488613 0.00355696 0.0125824 0.0221305 0.0321456 0.0426234 0.0534563 0.0644632 0.0755364 0.0865748 0.0973933 0.107791 0.117595 0.126645 0.134817 0.142006 0.14809 0.152975 0.156636 0.159043 
0 -0.00722263 -0.0141011 -0.0203862 -0.0258632 -0.0303025 -0.033563 -0.0356569 -0.0366492 -0.0366062 -0.035678 -0.0341042 -0.0321258 -0.0299745 -0.0278743 -0.0260036 -0.0245489 -0.0237123 -0.0235647 -0.0240719 -0.0252494 -0.0270716 -0.0294182 -0.0322266 -0.0354131 -0.0387811 -0.0422177 -0.0456557 -0.0489456 -0.0520295 -0.0548826 -0.0573879 -0.0595236 -0.0612842 -0.062594 -0.0634914 -0.063994 -0.0640754 -0.0638152 -0.0632217 -0.0623062 -0.0611537 -0.0597533 -0.0581588 -0.0564296 -0.0545554 -0.0526176 -0.0506253 -0.0485962 -0.0465933 -0.0445901 -0.04264 -0.0407466 -0.0389027 -0.0371556 -0.0354667 -0.0338754 -0.0323697 -0.0309405 -0.0296178 -0.0283587 -0.0272016 -0.0261137 -0.0251035 -0.0241749 -0.023299 -0.0225079 -0.0217574 -0.0210801 -0.0204451 -0.019862 -0.019329 -0.0188268 -0.0183795 -0.0179494 -0.0175714 -0.0172064 -0.016884 -0.0165772 -0.0162999 -0.0160441 -0.0158048 -0.0155928 -0.0153868 -0.0152116 -0.0150357 -0.0148917 -0.0147434 -0.014626 -0.0145034 -0.0144091 -0.0143103 -0.0142368 -0.0141603 -0.0141058 -0.0140501 -0.0140139 -0.0139779 -0.0139594 -0.013942 -0.0139414 -0.013942 -0.0139594 -0.0139779 -0.0140139 -0.0140501 -0.0141058 -0.0141603 -0.0142368 -0.0143103 -0.0144091 -0.0145034 -0.014626 -0.0147434 -0.0148917 -0.0150357 -0.0152116 -0.0153868 -0.0155928 -0.0158048 -0.0160441 -0.0162999 -0.0165772 -0.016884 -0.0172064 -0.0175714 -0.0179494 -0.0183795 -0.0188268 -0.019329 -0.019862 -0.0204451 -0.0210801 -0.0217574 -0.0225079 -0.023299 -0.0241749 -0.0251035 -0.0261137 -0.0272016 -0.0283587 -0.0296178 -0.0309405 -0.0323697 -0.0338754 -0.0354667 -0.0371556 -0.0389027 -0.0407466 -0.04264 -0.0445901 -0.0465933 -0.0485962 -0.0506253 -0.0526176 -0.0545554 -0.0564296 -0.0581588 -0.0597532 -0.0611535 -0.0623057 -0.0632203 -0.0638117 -0.0640669 -0.0639746 -0.0634489 -0.0625059 -0.0611111 -0.0592008 -0.0568167 -0.0539221 -0.0504912 -0.0465896 -0.042186 -0.0372693 -0.031896 -0.0260074 -0.0195632 -0.0126043 -0.00508916 0.00299517 0.0115634 0.0206089 0.0301491 0.0400923 0.0503406 0.0608146 0.0713672 0.0818427 0.0921142 0.102004 0.111316 0.119928 0.127752 0.134684 0.140647 0.145617 0.149577 0.152505 0.154388 
