0 0 0 0 0 0 0 0 0 0 0 0 0 0 0 0 0 0 0 0 0 0 0 0 0 0 0 0 0 0 0 0 0 0 0 0 0 0 0 0 0 0 0 0 0 0 0 0 0 0 0 0 0 0 0 0 0 0 0 0 0 0 0 0 0 0 0 0 0 0 0 0 0 0 0 0 0 0 0 0 0 0 0 0 0 0 0 0 0 0 0 0 0 0 0 0 0 0 0 0 0 0 0 0 0 0 0 0 0 0 0 0 0 0 0 0 0 0 0 0 0 0 0 0 0 0 0 0 0 0 0 0 0 0 0 0 0 0 0 0 0 0 0 0 0 0 0 0 0 0 0 0 0 0 0 0 0 0 0 0 0 0 0 0 0 0 0 0 0 0 0 0 0 0 0 0 0 0 0 0 0 0 0 0 0 0 0 0 0 0 0 0 0 0 0 0 0 0 0 0 
0 0.00186994 0.00359561 0.00510506 0.00639502 0.00746124 0.00824599 0.0086621 0.00866139 0.00826797 0.00754693 0.00655562 0.0053315 0.00391474 0.00236697 0.000765353 -0.000817244 -0.00232697 -0.0037292 -0.00499758 -0.00610409 -0.0070197 -0.00772337 -0.00821022 -0.00849344 -0.00859898 -0.00855648 -0.00839216 -0.00812686 -0.00777807 -0.00736341 -0.00690294 -0.00641854 -0.00593124 -0.00545822 -0.00501069 -0.00459376 -0.00420811 -0.00385217 -0.00352423 -0.00322368 -0.00295101 -0.00270722 -0.00249281 -0.00230703 -0.00214761 -0.00201097 -0.00189283 -0.00178894 -0.00169572 -0.00161059 -0.00153212 -0.00145981 -0.00139377 -0.00133433 -0.00128174 -0.00123595 -0.00119653 -0.00116267 -0.00113333 -0.00110737 -0.00108371 -0.00106141 -0.0010398 -0.00101845 -0.000997188 -0.000976059 -0.00095524 -0.000934997 -0.000915612 -0.000897354 -0.000880424 -0.000864962 -0.000851025 -0.0008386 -0.000827616 -0.000817954 -0.000809473 -0.000802012 -0.000795415 -0.000789531 -0.00078423 -0.000779396 -0.000774941 -0.000770792 -0.0007669 -0.000763232 -0.000759768 -0.000756502 -0.000753433 -0.000750571 -0.000747924 -0.000745508 -0.000743335 -0.000741421 -0.000739777 -0.000738417 -0.000737347 -0.000736579 -0.000736115 -0.000735961 -0.000736115 -0.000736579 -0.000737347 -0.000738417 -0.000739777 -0.000741421 -0.000743335 -0.000745508 -0.000747924 -0.000750571 -0.000753433 -0.000756502 -0.000759768 -0.000763232 -0.0007669 -0.000770792 -0.000774941 -0.000779396 -0.00078423 -0.000789531 -0.000795415 -0.000802012 -0.000809473 -0.000817954 -0.000827616 -0.0008386 -0.000851025 -0.000864962 -0.000880424 -0.000897354 -0.000915612 -0.000934997 -0.00095524 -0.000976059 -0.000997188 -0.00101845 -0.0010398 -0.00106141 -0.00108371 -0.00110737 -0.00113333 -0.00116267 -0.00119653 -0.00123595 -0.00128174 -0.00133433 -0.00139377 -0.00145981 -0.00153212 -0.00161059 -0.00169572 -0.00178894 -0.00189283 -0.00201097 -0.00214761 -0.00230703 -0.00249281 -0.00270722 -0.00295101 -0.00322368 -0.00352423 -0.00385217 -0.00420811 -0.00459376 -0.00501069 -0.00545822 -0.00593124 -0.00641854 -0.00690294 -0.00736341 -0.00777807 -0.00812685 -0.00839213 -0.00855639 -0.0085987 -0.00849265 -0.00820814 -0.00771827 -0.00700793 -0.00607855 -0.00494557 -0.00362976 -0.00214852 -0.000516651 0.00124112 0.00307639 0.00491673 0.00668445 0.00832571 0.00982645 0.0111958 0.0124298 0.0134964 0.0143618 0.0150255 0.0155225 0.0158948 0.0161692 0.0163589 
0 0.00359561 0.00697413 0.00998933 0.012565 0.014636 0.0161094 0.0168869 0.0169148 0.0162066 0.0148279 0.0128737 0.010456 0.00769539 0.00471204 0.00162133 -0.0014665 -0.00444779 -0.00722892 -0.00973033 -0.0118913 -0.0136734 -0.0150602 -0.016054 -0.0166721 -0.0169438 -0.0169077 -0.0166086 -0.0160958 -0.0154183 -0.014623 -0.0137513 -0.0128382 -0.0119129 -0.0109986 -0.0101141 -0.00927384 -0.00848866 -0.00776537 -0.00710717 -0.00651395 -0.00598294 -0.00550972 -0.00508902 -0.00471551 -0.00438433 -0.00409117 -0.00383229 -0.0036043 -0.00340399 -0.00322818 -0.0030737 -0.00293742 -0.00281639 -0.00270796 -0.00260989 -0.0025204 -0.00243816 -0.00236225 -0.00229209 -0.00222729 -0.00216758 -0.00211273 -0.0020625 -0.00201658 -0.00197462 -0.00193622 -0.00190095 -0.00186839 -0.00183813 -0.00180983 -0.00178318 -0.00175796 -0.00173397 -0.0017111 -0.00168928 -0.00166845 -0.00164861 -0.00162975 -0.00161189 -0.00159504 -0.0015792 -0.00156437 -0.00155055 -0.00153773 -0.00152589 -0.00151501 -0.00150506 -0.00149601 -0.00148782 -0.00148047 -0.00147392 -0.00146815 -0.00146312 -0.00145882 -0.00145521 -0.00145228 -0.00145002 -0.00144842 -0.00144746 -0.00144714 -0.00144746 -0.00144842 -0.00145002 -0.00145228 -0.00145521 -0.00145882 -0.00146312 -0.00146815 -0.00147392 -0.00148047 -0.00148782 -0.00149601 -0.00150506 -0.00151501 -0.00152589 -0.00153773 -0.00155055 -0.00156437 -0.0015792 -0.00159504 -0.00161189 -0.00162975 -0.00164861 -0.00166845 -0.00168928 -0.0017111 -0.00173397 -0.00175796 -0.00178318 -0.00180983 -0.00183813 -0.00186839 -0.00190095 -0.00193622 -0.00197462 -0.00201658 -0.0020625 -0.00211273 -0.00216758 -0.00222729 -0.00229209 -0.00236225 -0.00243816 -0.0025204 -0.00260989 -0.00270796 -0.00281639 -0.00293742 -0.0030737 -0.00322818 -0.00340399 -0.0036043 -0.00383229 -0.00409117 -0.00438433 -0.00471551 -0.00508902 -0.00550972 -0.00598294 -0.00651395 -0.00710717 -0.00776537 -0.00848866 -0.00927384 -0.0101141 -0.0109986 -0.0119129 -0.0128382 -0.0137513 -0.014623 -0.0154183 -0.0160957 -0.0166085 -0.0169074 -0.0169431 -0.0166699 -0.0160486 -0.0150474 -0.0136447 -0.0118311 -0.00961122 -0.00700724 -0.00405969 -0.000826935 0.00261515 0.00617344 0.00974183 0.0132113 0.0164853 0.0194975 0.0222177 0.0246347 0.0267293 0.028471 0.0298467 0.0308867 0.0316556 0.0322159 0.0326037 
0 0.00510506 0.00998933 0.0144318 0.0182248 0.0212017 0.0232573 0.0243374 0.024409 0.0234564 0.0215174 0.0187151 0.015237 0.0112797 0.0070127 0.00258256 -0.00186758 -0.00618888 -0.0102345 -0.0138787 -0.0170342 -0.0196543 -0.0217231 -0.0232448 -0.0242373 -0.0247316 -0.0247736 -0.0244242 -0.0237541 -0.0228369 -0.0217416 -0.0205273 -0.0192427 -0.0179271 -0.016613 -0.0153282 -0.0140962 -0.0129358 -0.0118601 -0.0108763 -0.00998549 -0.00918434 -0.0084666 -0.00782471 -0.0072513 -0.0067398 -0.00628462 -0.00588103 -0.0055246 -0.00521098 -0.00493559 -0.00469364 -0.00448034 -0.00429105 -0.00412163 -0.00396856 -0.00382904 -0.00370104 -0.00358311 -0.0034743 -0.003374 -0.00328172 -0.00319708 -0.00311961 -0.00304882 -0.00298413 -0.0029249 -0.00287049 -0.00282025 -0.0027736 -0.00273001 -0.00268905 -0.00265036 -0.00261369 -0.00257886 -0.00254572 -0.00251422 -0.0024843 -0.00245596 -0.00242917 -0.00240395 -0.00238026 -0.00235812 -0.00233748 -0.00231834 -0.00230065 -0.00228437 -0.00226947 -0.00225589 -0.0022436 -0.00223254 -0.00222268 -0.00221396 -0.00220636 -0.00219984 -0.00219437 -0.00218993 -0.0021865 -0.00218406 -0.0021826 -0.00218211 -0.0021826 -0.00218406 -0.0021865 -0.00218993 -0.00219437 -0.00219984 -0.00220636 -0.00221396 -0.00222268 -0.00223254 -0.0022436 -0.00225589 -0.00226947 -0.00228437 -0.00230065 -0.00231834 -0.00233748 -0.00235812 -0.00238026 -0.00240395 -0.00242917 -0.00245596 -0.0024843 -0.00251422 -0.00254572 -0.00257886 -0.00261369 -0.00265036 -0.00268905 -0.00273001 -0.0027736 -0.00282025 -0.00287049 -0.0029249 -0.00298413 -0.00304882 -0.00311961 -0.00319708 -0.00328172 -0.003374 -0.0034743 -0.00358311 -0.00370104 -0.00382904 -0.00396856 -0.00412163 -0.00429105 -0.00448034 -0.00469364 -0.00493559 -0.00521098 -0.0055246 -0.00588103 -0.00628462 -0.0067398 -0.0072513 -0.00782471 -0.0084666 -0.00918434 -0.00998549 -0.0108763 -0.0118601 -0.0129358 -0.0140962 -0.0153282 -0.016613 -0.0179271 -0.0192427 -0.0205273 -0.0217415 -0.0228369 -0.023754 -0.0244239 -0.024773 -0.0247298 -0.0242325 -0.0232332 -0.0216967 -0.0195977 -0.01692 -0.0136614 -0.00984499 -0.00553017 -0.000815093 0.00417624 0.00931123 0.0144613 0.019505 0.0243233 0.0287999 0.0328439 0.0364135 0.0395068 0.0421244 0.044255 0.0459065 0.0471335 0.048017 0.0486188 
0 0.00639502 0.012565 0.0182248 0.0230615 0.0268308 0.0294104 0.030759 0.0308521 0.0296812 0.0273033 0.0238624 0.0195591 0.0146104 0.00923406 0.00364204 -0.00196642 -0.00740907 -0.0125238 -0.0171752 -0.0212584 -0.0246992 -0.0274557 -0.0295202 -0.0309151 -0.031687 -0.0318995 -0.0316254 -0.0309402 -0.0299206 -0.0286418 -0.0271761 -0.0255909 -0.0239462 -0.0222919 -0.0206675 -0.0191016 -0.0176137 -0.0162166 -0.014918 -0.0137224 -0.0126316 -0.011645 -0.0107597 -0.00997026 -0.00926941 -0.00864854 -0.00809838 -0.00760986 -0.00717487 -0.00678635 -0.00643864 -0.00612719 -0.00584828 -0.00559882 -0.0053759 -0.00517678 -0.00499868 -0.00483883 -0.00469461 -0.00456352 -0.00444341 -0.00433243 -0.00422913 -0.00413244 -0.0040416 -0.00395614 -0.00387575 -0.00380027 -0.00372959 -0.00366361 -0.00360223 -0.00354526 -0.00349255 -0.00344382 -0.00339884 -0.0033573 -0.00331892 -0.00328343 -0.00325055 -0.00322007 -0.00319174 -0.0031654 -0.00314089 -0.00311811 -0.00309692 -0.00307728 -0.00305911 -0.00304237 -0.00302703 -0.00301307 -0.00300046 -0.0029892 -0.00297928 -0.00297069 -0.00296343 -0.00295749 -0.00295288 -0.00294958 -0.0029476 -0.00294694 -0.0029476 -0.00294958 -0.00295288 -0.00295749 -0.00296343 -0.00297069 -0.00297928 -0.0029892 -0.00300046 -0.00301307 -0.00302703 -0.00304237 -0.00305911 -0.00307728 -0.00309692 -0.00311811 -0.00314089 -0.0031654 -0.00319174 -0.00322007 -0.00325055 -0.00328343 -0.00331892 -0.0033573 -0.00339884 -0.00344382 -0.00349255 -0.00354526 -0.00360223 -0.00366361 -0.00372959 -0.00380027 -0.00387575 -0.00395614 -0.0040416 -0.00413244 -0.00422913 -0.00433243 -0.00444341 -0.00456352 -0.00469461 -0.00483883 -0.00499868 -0.00517678 -0.0053759 -0.00559882 -0.00584828 -0.00612719 -0.00643864 -0.00678635 -0.00717487 -0.00760986 -0.00809838 -0.00864854 -0.00926941 -0.00997026 -0.0107597 -0.011645 -0.0126316 -0.0137224 -0.014918 -0.0162166 -0.0176137 -0.0191016 -0.0206675 -0.0222919 -0.0239462 -0.0255909 -0.0271761 -0.0286418 -0.0299205 -0.03094 -0.0316248 -0.0318979 -0.0316829 -0.030905 -0.0294969 -0.0274052 -0.0245957 -0.0210587 -0.0168115 -0.0118984 -0.00639166 -0.000395925 0.00595329 0.0124993 0.0190769 0.0255295 0.031721 0.0375311 0.0428464 0.0475762 0.0516812 0.0551709 0.0580684 0.0603899 0.0621614 0.0634363 0.0642844 
0 0.00746124 0.014636 0.0212017 0.0268308 0.0312587 0.0343134 0.0359014 0.0359989 0.0346575 0.0319883 0.0281305 0.0232497 0.0175623 0.0113344 0.00484032 -0.0016754 -0.00800923 -0.0139948 -0.019493 -0.024383 -0.0285666 -0.0319825 -0.0346121 -0.0364753 -0.0376221 -0.0381198 -0.0380426 -0.0374685 -0.0364777 -0.0351518 -0.0335724 -0.0318184 -0.0299605 -0.0280593 -0.0261634 -0.0243095 -0.0225246 -0.0208283 -0.019234 -0.017751 -0.0163847 -0.0151367 -0.0140057 -0.0129871 -0.0120739 -0.0112577 -0.0105293 -0.00987957 -0.00929974 -0.00878191 -0.00831921 -0.00790542 -0.00753524 -0.00720385 -0.00690684 -0.00664031 -0.00640049 -0.00618411 -0.00598813 -0.00580985 -0.00564704 -0.00549763 -0.00536004 -0.00523287 -0.00511501 -0.00500556 -0.00490371 -0.00480889 -0.00472048 -0.00463806 -0.00456116 -0.00448941 -0.00442246 -0.00435994 -0.0043016 -0.00424711 -0.00419626 -0.00414877 -0.00410447 -0.00406314 -0.00402464 -0.00398879 -0.00395547 -0.00392456 -0.00389595 -0.00386956 -0.00384528 -0.00382307 -0.00380284 -0.00378456 -0.00376813 -0.00375357 -0.00374079 -0.0037298 -0.00372052 -0.00371298 -0.00370711 -0.00370296 -0.00370045 -0.00369962 -0.00370045 -0.00370296 -0.00370711 -0.00371298 -0.00372052 -0.0037298 -0.00374079 -0.00375357 -0.00376813 -0.00378456 -0.00380284 -0.00382307 -0.00384528 -0.00386956 -0.00389595 -0.00392456 -0.00395547 -0.00398879 -0.00402464 -0.00406314 -0.00410447 -0.00414877 -0.00419626 -0.00424711 -0.0043016 -0.00435994 -0.00442246 -0.00448941 -0.00456116 -0.00463806 -0.00472048 -0.00480889 -0.00490371 -0.00500556 -0.00511501 -0.00523287 -0.00536004 -0.00549763 -0.00564704 -0.00580985 -0.00598813 -0.00618411 -0.00640049 -0.00664031 -0.00690684 -0.00720385 -0.00753524 -0.00790542 -0.00831921 -0.00878191 -0.00929974 -0.00987957 -0.0105293 -0.0112577 -0.0120739 -0.0129871 -0.0140057 -0.0151367 -0.0163847 -0.017751 -0.019234 -0.0208283 -0.0225246 -0.0243095 -0.0261634 -0.0280593 -0.0299605 -0.0318184 -0.0335724 -0.0351517 -0.0364776 -0.037468 -0.0380413 -0.0381162 -0.0376134 -0.0364551 -0.0345678 -0.0318907 -0.0283872 -0.0240521 -0.0189164 -0.0130439 -0.00652108 0.000545417 0.00802169 0.0157458 0.0235361 0.0312075 0.0385998 0.0455918 0.052078 0.0579416 0.0630825 0.0674731 0.0711584 0.0741879 0.0765722 0.0783161 0.0794681 
0 0.00824599 0.0161094 0.0232573 0.0294104 0.0343134 0.0377343 0.0395235 0.0396706 0.0382753 0.0354642 0.0313602 0.0261278 0.0200045 0.0132695 0.00619908 -0.000950386 -0.00795108 -0.0146108 -0.0207693 -0.0262962 -0.0310984 -0.0351197 -0.0383329 -0.0407386 -0.0423647 -0.0432612 -0.0434974 -0.0431582 -0.0423338 -0.0411136 -0.0395823 -0.0378166 -0.0358852 -0.0338511 -0.0317703 -0.0296923 -0.0276591 -0.025703 -0.0238471 -0.0221058 -0.0204857 -0.0189885 -0.0176125 -0.0163538 -0.0152086 -0.0141717 -0.0132377 -0.0124005 -0.0116528 -0.0109867 -0.0103937 -0.00986499 -0.00939234 -0.00896794 -0.00858533 -0.00823894 -0.0079243 -0.00763804 -0.00737725 -0.00713981 -0.00692365 -0.00672699 -0.00654814 -0.00638523 -0.0062367 -0.00610076 -0.00597594 -0.00586075 -0.00575391 -0.00565441 -0.00556124 -0.00547381 -0.00539144 -0.00531382 -0.00524056 -0.00517149 -0.00510642 -0.00504521 -0.00498778 -0.00493398 -0.0048838 -0.00483703 -0.00479367 -0.00475351 -0.00471653 -0.00468253 -0.00465146 -0.00462315 -0.00459754 -0.00457449 -0.00455393 -0.00453575 -0.0045199 -0.0045063 -0.00449487 -0.00448561 -0.00447843 -0.00447333 -0.00447027 -0.00446926 -0.00447027 -0.00447333 -0.00447843 -0.00448561 -0.00449487 -0.0045063 -0.0045199 -0.00453575 -0.00455393 -0.00457449 -0.00459754 -0.00462315 -0.00465146 -0.00468253 -0.00471653 -0.00475351 -0.00479367 -0.00483703 -0.0048838 -0.00493398 -0.00498778 -0.00504521 -0.00510642 -0.00517149 -0.00524056 -0.00531382 -0.00539144 -0.00547381 -0.00556124 -0.00565441 -0.00575391 -0.00586075 -0.00597594 -0.00610076 -0.0062367 -0.00638523 -0.00654814 -0.00672699 -0.00692365 -0.00713981 -0.00737725 -0.00763804 -0.0079243 -0.00823894 -0.00858533 -0.00896794 -0.00939234 -0.00986499 -0.0103937 -0.0109867 -0.0116528 -0.0124005 -0.0132377 -0.0141717 -0.0152086 -0.0163538 -0.0176125 -0.0189885 -0.0204857 -0.0221058 -0.0238471 -0.025703 -0.0276591 -0.0296923 -0.0317703 -0.0338511 -0.0358852 -0.0378166 -0.0395823 -0.0411134 -0.0423334 -0.0431571 -0.0434945 -0.0432539 -0.0423474 -0.0407002 -0.0382525 -0.0349607 -0.0308013 -0.025772 -0.0198942 -0.0132246 -0.00585856 0.00207944 0.0104416 0.0190661 0.0277918 0.0364587 0.0448992 0.052952 0.0604839 0.0673813 0.0735382 0.0788861 0.0834271 0.087202 0.0902277 0.0924944 0.0940141 
0 0.0086621 0.0168869 0.0243374 0.030759 0.0359014 0.0395235 0.0414811 0.0417663 0.0404496 0.0376286 0.0334469 0.0281145 0.0218726 0.0149622 0.00763387 0.000149477 -0.00724453 -0.0143355 -0.0209489 -0.0269563 -0.0322725 -0.0368366 -0.040607 -0.0435679 -0.0457281 -0.0471209 -0.0478063 -0.0478605 -0.0473654 -0.0464067 -0.0450663 -0.043421 -0.0415444 -0.039505 -0.0373643 -0.0351791 -0.0329966 -0.0308552 -0.0287859 -0.0268103 -0.0249435 -0.0231957 -0.0215714 -0.0200724 -0.0186973 -0.0174421 -0.0163017 -0.0152693 -0.0143373 -0.0134979 -0.0127429 -0.0120645 -0.0114552 -0.0109079 -0.0104161 -0.00997356 -0.00957493 -0.009215 -0.00888927 -0.0085938 -0.00832477 -0.00807934 -0.00785458 -0.00764833 -0.00745859 -0.00728361 -0.00712214 -0.00697274 -0.00683457 -0.00670649 -0.00658781 -0.00647771 -0.00637548 -0.00628058 -0.00619229 -0.00611027 -0.00603384 -0.00596278 -0.00589654 -0.00583491 -0.0057775 -0.00572411 -0.00567451 -0.00562846 -0.00558587 -0.00554649 -0.00551033 -0.00547714 -0.00544697 -0.00541959 -0.00539509 -0.00537323 -0.00535415 -0.00533762 -0.00532377 -0.00531241 -0.00530367 -0.00529737 -0.00529366 -0.00529238 -0.00529366 -0.00529737 -0.00530367 -0.00531241 -0.00532377 -0.00533762 -0.00535415 -0.00537323 -0.00539509 -0.00541959 -0.00544697 -0.00547714 -0.00551033 -0.00554649 -0.00558587 -0.00562846 -0.00567451 -0.00572411 -0.0057775 -0.00583491 -0.00589654 -0.00596278 -0.00603384 -0.00611027 -0.00619229 -0.00628058 -0.00637548 -0.00647771 -0.00658781 -0.00670649 -0.00683457 -0.00697274 -0.00712214 -0.00728361 -0.00745859 -0.00764833 -0.00785458 -0.00807934 -0.00832477 -0.0085938 -0.00888927 -0.009215 -0.00957493 -0.00997356 -0.0104161 -0.0109079 -0.0114552 -0.0120645 -0.0127429 -0.0134979 -0.0143373 -0.0152693 -0.0163017 -0.0174421 -0.0186973 -0.0200724 -0.0215714 -0.0231957 -0.0249435 -0.0268103 -0.0287859 -0.0308552 -0.0329966 -0.0351791 -0.0373643 -0.039505 -0.0415444 -0.043421 -0.0450662 -0.0464063 -0.0473645 -0.0478581 -0.0478002 -0.0471063 -0.0456952 -0.0434983 -0.0404675 -0.0365729 -0.0318012 -0.0261595 -0.0196714 -0.0123853 -0.00439238 0.00417733 0.013176 0.0224527 0.0318676 0.041296 0.0505932 0.0595679 0.0680281 0.0758486 0.0829603 0.0892921 0.0947652 0.099339 0.103022 0.105829 0.107744 
0 0.00866139 0.0169148 0.024409 0.0308521 0.0359989 0.0396706 0.0417663 0.0422381 0.0410861 0.0384012 0.0343719 0.0292133 0.0231212 0.0163062 0.00902162 0.00152639 -0.00594901 -0.0132024 -0.0200659 -0.0264114 -0.0321349 -0.0371525 -0.0414149 -0.044903 -0.0476177 -0.0495818 -0.0508344 -0.0514218 -0.0514038 -0.0508525 -0.0498441 -0.04846 -0.0467805 -0.0448769 -0.0428137 -0.0406473 -0.0384243 -0.0361879 -0.0339754 -0.0318181 -0.0297439 -0.0277728 -0.0259187 -0.02419 -0.022588 -0.0211114 -0.0197556 -0.0185139 -0.0173805 -0.0163481 -0.0154106 -0.0145621 -0.0137957 -0.0131056 -0.0124849 -0.0119271 -0.0114257 -0.0109738 -0.0105659 -0.0101961 -0.00985981 -0.00955281 -0.00927141 -0.00901314 -0.0087752 -0.00855606 -0.00835383 -0.00816722 -0.00799508 -0.00783607 -0.00768948 -0.00755395 -0.00742895 -0.00731327 -0.00720634 -0.00710729 -0.00701545 -0.00693031 -0.00685113 -0.00677772 -0.00670934 -0.00664598 -0.006587 -0.00653246 -0.00648187 -0.00643529 -0.00639235 -0.00635309 -0.00631727 -0.00628487 -0.00625579 -0.00622992 -0.00620727 -0.0061877 -0.00617127 -0.00615781 -0.00614744 -0.00613998 -0.00613558 -0.00613406 -0.00613558 -0.00613998 -0.00614744 -0.00615781 -0.00617127 -0.0061877 -0.00620727 -0.00622992 -0.00625579 -0.00628487 -0.00631727 -0.00635309 -0.00639235 -0.00643529 -0.00648187 -0.00653246 -0.006587 -0.00664598 -0.00670934 -0.00677772 -0.00685113 -0.00693031 -0.00701545 -0.00710729 -0.00720634 -0.00731327 -0.00742895 -0.00755395 -0.00768948 -0.00783607 -0.00799508 -0.00816722 -0.00835383 -0.00855606 -0.0087752 -0.00901314 -0.00927141 -0.00955281 -0.00985981 -0.0101961 -0.0105659 -0.0109738 -0.0114257 -0.0119271 -0.0124849 -0.0131056 -0.0137957 -0.0145621 -0.0154106 -0.0163481 -0.0173805 -0.0185139 -0.0197556 -0.0211114 -0.022588 -0.02419 -0.0259187 -0.0277728 -0.0297439 -0.0318181 -0.0339754 -0.0361879 -0.0384243 -0.0406473 -0.0428137 -0.0448769 -0.0467805 -0.0484599 -0.0498438 -0.0508518 -0.0514019 -0.0514168 -0.0508223 -0.0495541 -0.0475581 -0.0447822 -0.0411833 -0.0367331 -0.0314165 -0.025245 -0.0182642 -0.01054 -0.00215638 0.00678041 0.0161601 0.0258747 0.0357993 0.0457941 0.0557174 0.0654057 0.0746682 0.0833493 0.0913665 0.0986458 0.105059 0.110475 0.11485 0.118193 0.120478 
0 0.00826797 0.0162066 0.0234564 0.0296812 0.0346575 0.0382753 0.0404496 0.0410861 0.0401639 0.0377953 0.0341544 0.0293957 0.0236828 0.0172365 0.010298 0.00308385 -0.00420369 -0.0113754 -0.0182757 -0.0247718 -0.0307425 -0.0361005 -0.0407941 -0.0447873 -0.0480635 -0.0506279 -0.0524927 -0.0536844 -0.0542497 -0.0542425 -0.0537257 -0.0527711 -0.0514467 -0.0498198 -0.0479576 -0.0459188 -0.0437596 -0.0415318 -0.0392778 -0.0370363 -0.0348391 -0.0327097 -0.0306689 -0.0287306 -0.0269042 -0.0251972 -0.023611 -0.0221463 -0.0208006 -0.0195681 -0.0184439 -0.0174199 -0.0164888 -0.0156433 -0.0148753 -0.0141788 -0.0135466 -0.0129734 -0.012454 -0.0119828 -0.0115561 -0.0111687 -0.0108172 -0.0104977 -0.0102064 -0.0099406 -0.00969681 -0.00947319 -0.00926679 -0.00907627 -0.00889965 -0.00873565 -0.00858331 -0.00844126 -0.00830927 -0.00818602 -0.00807157 -0.0079648 -0.00786578 -0.0077737 -0.0076884 -0.00760946 -0.00753647 -0.00746932 -0.00740741 -0.00735087 -0.00729897 -0.00725203 -0.00720926 -0.00717107 -0.0071367 -0.00710658 -0.00708004 -0.00705748 -0.00703832 -0.00702296 -0.00701087 -0.00700246 -0.00699726 -0.00699566 -0.00699726 -0.00700246 -0.00701087 -0.00702296 -0.00703832 -0.00705748 -0.00708004 -0.00710658 -0.0071367 -0.00717107 -0.00720926 -0.00725203 -0.00729897 -0.00735087 -0.00740741 -0.00746932 -0.00753647 -0.00760946 -0.0076884 -0.0077737 -0.00786578 -0.0079648 -0.00807157 -0.00818602 -0.00830927 -0.00844126 -0.00858331 -0.00873565 -0.00889965 -0.00907627 -0.00926679 -0.00947319 -0.00969681 -0.0099406 -0.0102064 -0.0104977 -0.0108172 -0.0111687 -0.0115561 -0.0119828 -0.012454 -0.0129734 -0.0135466 -0.0141788 -0.0148753 -0.0156433 -0.0164888 -0.0174199 -0.0184439 -0.0195681 -0.0208006 -0.0221463 -0.023611 -0.0251972 -0.0269042 -0.0287306 -0.0306689 -0.0327097 -0.0348391 -0.0370363 -0.0392778 -0.0415318 -0.0437596 -0.0459188 -0.0479576 -0.0498198 -0.0514466 -0.0527709 -0.0537251 -0.0542409 -0.0542456 -0.0536744 -0.0524696 -0.0505776 -0.0479601 -0.0445862 -0.0404249 -0.0354593 -0.0296875 -0.0231217 -0.0158099 -0.00782989 0.000743952 0.00984258 0.0193962 0.0293404 0.0395842 0.0499721 0.0603283 0.0705205 0.080433 0.0899153 0.0988039 0.106958 0.114235 0.120483 0.125577 0.129451 0.132056 
0 0.00754693 0.0148279 0.0215174 0.0273033 0.0319883 0.0354642 0.0376286 0.0384012 0.0377953 0.0358961 0.0327956 0.0286112 0.0235245 0.0177322 0.0113973 0.0046907 -0.00218721 -0.00905605 -0.0157713 -0.0222012 -0.0282414 -0.0338199 -0.0388643 -0.043308 -0.0471138 -0.0502603 -0.0527411 -0.0545778 -0.0558001 -0.0564387 -0.0565388 -0.0561478 -0.0553157 -0.0541062 -0.0525826 -0.0508068 -0.0488435 -0.0467463 -0.0445625 -0.0423363 -0.0401 -0.0378851 -0.0357186 -0.0336204 -0.0316111 -0.0297037 -0.0279075 -0.0262297 -0.02467 -0.0232282 -0.0219002 -0.0206794 -0.0195614 -0.0185376 -0.0176025 -0.0167495 -0.0159716 -0.0152645 -0.0146208 -0.0140363 -0.0135055 -0.013023 -0.012585 -0.0121858 -0.0118226 -0.0114907 -0.0111872 -0.0109092 -0.0106534 -0.0104185 -0.0102012 -0.0100012 -0.00981562 -0.00964421 -0.0094852 -0.0093378 -0.00920129 -0.0090744 -0.00895719 -0.00884811 -0.00874764 -0.0086542 -0.00856839 -0.00848884 -0.00841602 -0.00834892 -0.00828776 -0.00823194 -0.0081814 -0.00813591 -0.00809517 -0.00805926 -0.0080277 -0.0080008 -0.00797795 -0.00795964 -0.00794518 -0.00793517 -0.00792891 -0.00792706 -0.00792891 -0.00793517 -0.00794518 -0.00795964 -0.00797795 -0.0080008 -0.0080277 -0.00805926 -0.00809517 -0.00813591 -0.0081814 -0.00823194 -0.00828776 -0.00834892 -0.00841602 -0.00848884 -0.00856839 -0.0086542 -0.00874764 -0.00884811 -0.00895719 -0.0090744 -0.00920129 -0.0093378 -0.0094852 -0.00964421 -0.00981562 -0.0100012 -0.0102012 -0.0104185 -0.0106534 -0.0109092 -0.0111872 -0.0114907 -0.0118226 -0.0121858 -0.012585 -0.013023 -0.0135055 -0.0140363 -0.0146208 -0.0152645 -0.0159716 -0.0167495 -0.0176025 -0.0185376 -0.0195614 -0.0206794 -0.0219002 -0.0232282 -0.02467 -0.0262297 -0.0279075 -0.0297037 -0.0316111 -0.0336204 -0.0357186 -0.0378851 -0.0401 -0.0423363 -0.0445625 -0.0467463 -0.0488435 -0.0508068 -0.0525826 -0.0541062 -0.0553155 -0.0561473 -0.0565376 -0.0564354 -0.0557919 -0.0545588 -0.0526991 -0.0501727 -0.0469412 -0.0429865 -0.038298 -0.0328749 -0.0267437 -0.019936 -0.0124807 -0.00442698 0.00417424 0.0132927 0.0228865 0.03289 0.0432329 0.0538087 0.0644563 0.0750348 0.0854627 0.0956229 0.105295 0.114237 0.122279 0.129278 0.13506 0.139447 0.142347 
0 0.00655562 0.0128737 0.0187151 0.0238624 0.0281305 0.0313602 0.0334469 0.0343719 0.0341544 0.0327956 0.030331 0.0268973 0.0226598 0.0177227 0.012183 0.00620189 -4.43191e-05 -0.00640913 -0.0127494 -0.0189398 -0.0248993 -0.0305485 -0.0357948 -0.0405721 -0.0448302 -0.048519 -0.0516175 -0.0541231 -0.0560306 -0.0573564 -0.0581306 -0.058381 -0.0581535 -0.0575 -0.0564667 -0.0551116 -0.0534899 -0.0516507 -0.0496505 -0.0475367 -0.045352 -0.0431405 -0.0409324 -0.038757 -0.0366385 -0.0345908 -0.0326308 -0.0307667 -0.029005 -0.0273528 -0.0258095 -0.0243775 -0.0230547 -0.0218363 -0.0207199 -0.0196967 -0.0187622 -0.0179086 -0.0171284 -0.0164166 -0.0157649 -0.01517 -0.0146252 -0.0141266 -0.0136709 -0.013253 -0.0128717 -0.0125217 -0.0122022 -0.0119092 -0.011641 -0.0113953 -0.0111693 -0.0109625 -0.0107712 -0.010596 -0.0104334 -0.010284 -0.0101453 -0.0100174 -0.00989891 -0.00978917 -0.00968808 -0.00959424 -0.0095084 -0.00942877 -0.00935659 -0.00928991 -0.0092302 -0.00917552 -0.00912737 -0.00908396 -0.00904668 -0.00901396 -0.00898707 -0.00896461 -0.00894775 -0.00893525 -0.00892821 -0.00892551 -0.00892821 -0.00893525 -0.00894775 -0.00896461 -0.00898707 -0.00901396 -0.00904668 -0.00908396 -0.00912737 -0.00917552 -0.0092302 -0.00928991 -0.00935659 -0.00942877 -0.0095084 -0.00959424 -0.00968808 -0.00978917 -0.00989891 -0.0100174 -0.0101453 -0.010284 -0.0104334 -0.010596 -0.0107712 -0.0109625 -0.0111693 -0.0113953 -0.011641 -0.0119092 -0.0122022 -0.0125217 -0.0128717 -0.013253 -0.0136709 -0.0141266 -0.0146252 -0.01517 -0.0157649 -0.0164166 -0.0171284 -0.0179086 -0.0187622 -0.0196967 -0.0207199 -0.0218363 -0.0230547 -0.0243775 -0.0258095 -0.0273528 -0.029005 -0.0307667 -0.0326308 -0.0345908 -0.0366385 -0.038757 -0.0409324 -0.0431405 -0.045352 -0.0475367 -0.0496505 -0.0516507 -0.0534899 -0.0551116 -0.0564667 -0.0574998 -0.0581532 -0.05838 -0.058128 -0.0573499 -0.0560151 -0.0540885 -0.0515443 -0.0483726 -0.0445535 -0.0400773 -0.0349568 -0.0292016 -0.0228359 -0.0159089 -0.00844731 -0.000457169 0.00804392 0.0170495 0.0265548 0.0364976 0.046786 0.0573624 0.0681619 0.0790602 0.0899172 0.100591 0.110871 0.120482 0.129193 0.136831 0.143189 0.148038 0.151234 
0 0.0053315 0.010456 0.015237 0.0195591 0.0232497 0.0261278 0.0281145 0.0292133 0.0293957 0.0286112 0.0268973 0.0243638 0.0210828 0.0171048 0.0125358 0.00749537 0.00207072 -0.00362215 -0.00943271 -0.0152485 -0.0209799 -0.0265239 -0.0318086 -0.0367862 -0.0413834 -0.0455355 -0.0492028 -0.0523373 -0.0549127 -0.0569374 -0.0584157 -0.0593666 -0.0598278 -0.0598239 -0.0593915 -0.0585787 -0.0574235 -0.0559793 -0.0543012 -0.0524338 -0.0504318 -0.0483381 -0.0461881 -0.0440214 -0.0418617 -0.0397344 -0.0376624 -0.0356571 -0.0337368 -0.031909 -0.0301799 -0.0285572 -0.0270377 -0.0256249 -0.0243147 -0.0231024 -0.0219866 -0.0209578 -0.0200145 -0.0191483 -0.0183542 -0.0176282 -0.0169618 -0.0163538 -0.0157957 -0.0152857 -0.0148184 -0.0143897 -0.0139976 -0.0136363 -0.013306 -0.0130009 -0.0127214 -0.0124634 -0.012226 -0.0120075 -0.0118054 -0.0116201 -0.011448 -0.0112908 -0.0111445 -0.0110113 -0.0108875 -0.0107749 -0.0106708 -0.0105763 -0.0104897 -0.0104112 -0.0103404 -0.0102764 -0.0102199 -0.0101693 -0.0101259 -0.0100879 -0.0100568 -0.0100307 -0.0100114 -0.0099967 -0.00998882 -0.00998545 -0.00998882 -0.0099967 -0.0100114 -0.0100307 -0.0100568 -0.0100879 -0.0101259 -0.0101693 -0.0102199 -0.0102764 -0.0103404 -0.0104112 -0.0104897 -0.0105763 -0.0106708 -0.0107749 -0.0108875 -0.0110113 -0.0111445 -0.0112908 -0.011448 -0.0116201 -0.0118054 -0.0120075 -0.012226 -0.0124634 -0.0127214 -0.0130009 -0.013306 -0.0136363 -0.0139976 -0.0143897 -0.0148184 -0.0152857 -0.0157957 -0.0163538 -0.0169618 -0.0176282 -0.0183542 -0.0191483 -0.0200145 -0.0209578 -0.0219866 -0.0231024 -0.0243147 -0.0256249 -0.0270377 -0.0285572 -0.0301799 -0.031909 -0.0337368 -0.0356571 -0.0376624 -0.0397344 -0.0418617 -0.0440214 -0.0461881 -0.0483381 -0.0504318 -0.0524338 -0.0543012 -0.0559793 -0.0574235 -0.0585787 -0.0593914 -0.0598237 -0.059827 -0.0593645 -0.0584105 -0.056925 -0.0548845 -0.0522768 -0.0490801 -0.0453 -0.0409557 -0.0360509 -0.0306091 -0.0246611 -0.0182104 -0.0112783 -0.00389825 0.00394056 0.0122583 0.0210506 0.0303282 0.0400876 0.0502548 0.0607605 0.0715955 0.0826998 0.0938854 0.104924 0.115613 0.125725 0.134985 0.143129 0.149918 0.155134 0.158601 
0 0.00391474 0.00769539 0.0112797 0.0146104 0.0175623 0.0200045 0.0218726 0.0231212 0.0236828 0.0235245 0.0226598 0.0210828 0.018793 0.0158712 0.0124097 0.0084243 0.00394378 -0.000917729 -0.00604438 -0.0113424 -0.0166899 -0.0219897 -0.0271961 -0.0322354 -0.0370204 -0.0414998 -0.0456077 -0.0492751 -0.052478 -0.0551887 -0.0573798 -0.0590628 -0.0602431 -0.0609301 -0.0611653 -0.0609765 -0.0603987 -0.0594849 -0.0582683 -0.0567945 -0.0551141 -0.0532604 -0.0512837 -0.0492238 -0.047112 -0.0449906 -0.0428804 -0.0408064 -0.0387905 -0.0368392 -0.0349703 -0.0331865 -0.031493 -0.0298974 -0.0283947 -0.026992 -0.0256841 -0.0244699 -0.0233491 -0.0223123 -0.0213611 -0.0204848 -0.0196813 -0.0189445 -0.0182667 -0.0176471 -0.0170753 -0.0165524 -0.0160696 -0.0156264 -0.0152185 -0.0148417 -0.0144965 -0.0141762 -0.0138837 -0.0136118 -0.0133636 -0.0131335 -0.0129228 -0.0127286 -0.01255 -0.0123868 -0.0122358 -0.0120992 -0.0119725 -0.0118589 -0.0117535 -0.0116602 -0.0115738 -0.0114984 -0.0114294 -0.0113703 -0.0113171 -0.0112731 -0.0112347 -0.0112049 -0.0111807 -0.0111645 -0.0111539 -0.0111511 -0.0111539 -0.0111645 -0.0111807 -0.0112049 -0.0112347 -0.0112731 -0.0113171 -0.0113703 -0.0114294 -0.0114984 -0.0115738 -0.0116602 -0.0117535 -0.0118589 -0.0119725 -0.0120992 -0.0122358 -0.0123868 -0.01255 -0.0127286 -0.0129228 -0.0131335 -0.0133636 -0.0136118 -0.0138837 -0.0141762 -0.0144965 -0.0148417 -0.0152185 -0.0156264 -0.0160696 -0.0165524 -0.0170753 -0.0176471 -0.0182667 -0.0189445 -0.0196813 -0.0204848 -0.0213611 -0.0223123 -0.0233491 -0.0244699 -0.0256841 -0.026992 -0.0283947 -0.0298974 -0.031493 -0.0331865 -0.0349703 -0.0368392 -0.0387905 -0.0408064 -0.0428804 -0.0449906 -0.047112 -0.0492238 -0.0512837 -0.0532604 -0.0551141 -0.0567945 -0.0582683 -0.0594849 -0.0603987 -0.0609765 -0.0611651 -0.0609295 -0.0602415 -0.0590588 -0.0573699 -0.0551661 -0.0524288 -0.0491735 -0.0454096 -0.0411344 -0.0363822 -0.0311781 -0.02553 -0.0194803 -0.0130531 -0.00622955 0.000986154 0.0085986 0.0166616 0.0251976 0.0341914 0.0436697 0.0536524 0.0640858 0.0749115 0.0860772 0.0974219 0.108682 0.119623 0.130048 0.139677 0.148167 0.155239 0.160696 0.164352 
0 0.00236697 0.00471204 0.0070127 0.00923406 0.0113344 0.0132695 0.0149622 0.0163062 0.0172365 0.0177322 0.0177227 0.0171048 0.0158712 0.0140863 0.01175 0.00883777 0.00540305 0.00151068 -0.00280223 -0.0074363 -0.0122644 -0.0172193 -0.0222216 -0.0271622 -0.0319866 -0.0366427 -0.0410403 -0.0451296 -0.048866 -0.0521753 -0.0550306 -0.0574182 -0.0593093 -0.0607225 -0.0616764 -0.062176 -0.0622639 -0.0619666 -0.0613082 -0.0603424 -0.0590978 -0.0576168 -0.0559523 -0.0541313 -0.0522031 -0.0502028 -0.0481543 -0.0460987 -0.0440499 -0.0420327 -0.0400685 -0.0381615 -0.0363339 -0.0345855 -0.032924 -0.0313569 -0.0298766 -0.0284933 -0.0271968 -0.0259893 -0.0248682 -0.0238247 -0.0228631 -0.0219699 -0.0211491 -0.0203909 -0.0196927 -0.0190523 -0.0184602 -0.0179199 -0.0174192 -0.0169626 -0.0165401 -0.0161529 -0.0157965 -0.0154673 -0.0151664 -0.0148862 -0.0146317 -0.0143936 -0.0141781 -0.0139765 -0.0137942 -0.0136246 -0.013471 -0.0133296 -0.0132013 -0.013085 -0.0129794 -0.0128857 -0.0128007 -0.0127277 -0.0126618 -0.0126078 -0.0125599 -0.0125237 -0.012493 -0.0124739 -0.0124599 -0.0124573 -0.0124599 -0.0124739 -0.012493 -0.0125237 -0.0125599 -0.0126078 -0.0126618 -0.0127277 -0.0128007 -0.0128857 -0.0129794 -0.013085 -0.0132013 -0.0133296 -0.013471 -0.0136246 -0.0137942 -0.0139765 -0.0141781 -0.0143936 -0.0146317 -0.0148862 -0.0151664 -0.0154673 -0.0157965 -0.0161529 -0.0165401 -0.0169626 -0.0174192 -0.0179199 -0.0184602 -0.0190523 -0.0196927 -0.0203909 -0.0211491 -0.0219699 -0.0228631 -0.0238247 -0.0248682 -0.0259893 -0.0271968 -0.0284933 -0.0298766 -0.0313569 -0.032924 -0.0345855 -0.0363339 -0.0381615 -0.0400685 -0.0420327 -0.0440499 -0.0460987 -0.0481543 -0.0502028 -0.0522031 -0.0541313 -0.0559523 -0.0576168 -0.0590978 -0.0603424 -0.0613082 -0.0619666 -0.0622639 -0.0621758 -0.061676 -0.0607213 -0.0593062 -0.0574105 -0.0550126 -0.0521357 -0.048783 -0.0449651 -0.0407318 -0.0360949 -0.0310645 -0.0256867 -0.0199681 -0.0139141 -0.00757338 -0.000939841 0.00603809 0.0133795 0.0211319 0.0293735 0.0381078 0.0473195 0.0570682 0.0673818 0.0781662 0.0892888 0.100612 0.111929 0.122987 0.133543 0.143314 0.151956 0.159161 0.164718 0.168429 
0 0.000765353 0.00162133 0.00258256 0.00364204 0.00484032 0.00619908 0.00763387 0.00902162 0.010298 0.0113973 0.012183 0.0125358 0.0124097 0.01175 0.0105022 0.00869735 0.006372 0.00349073 7.2916e-05 -0.00377223 -0.00797105 -0.0124512 -0.0170832 -0.021792 -0.02654 -0.0312273 -0.0357776 -0.0401507 -0.0442544 -0.0480272 -0.0514501 -0.0544617 -0.0570362 -0.0591783 -0.0608547 -0.0620776 -0.0628726 -0.0632371 -0.0632175 -0.0628466 -0.0621431 -0.061165 -0.0599349 -0.0584874 -0.0568737 -0.0551099 -0.0532444 -0.0513092 -0.0493243 -0.0473347 -0.0453488 -0.0433942 -0.0414903 -0.0396378 -0.0378619 -0.0361554 -0.0345304 -0.0329908 -0.0315292 -0.0301595 -0.0288669 -0.0276611 -0.0265346 -0.0254835 -0.0245121 -0.0236051 -0.0227721 -0.0219968 -0.0212844 -0.020626 -0.0200176 -0.0194601 -0.0189413 -0.0184691 -0.018028 -0.017627 -0.0172531 -0.0169118 -0.0165958 -0.0163052 -0.0160391 -0.0157921 -0.015569 -0.0153601 -0.015174 -0.0149989 -0.0148451 -0.0147004 -0.014575 -0.0144578 -0.014358 -0.0142659 -0.0141894 -0.0141206 -0.0140658 -0.0140188 -0.0139847 -0.0139586 -0.0139446 -0.0139386 -0.0139446 -0.0139586 -0.0139847 -0.0140188 -0.0140658 -0.0141206 -0.0141894 -0.0142659 -0.014358 -0.0144578 -0.014575 -0.0147004 -0.0148451 -0.0149989 -0.015174 -0.0153601 -0.015569 -0.0157921 -0.0160391 -0.0163052 -0.0165958 -0.0169118 -0.0172531 -0.017627 -0.018028 -0.0184691 -0.0189413 -0.0194601 -0.0200176 -0.020626 -0.0212844 -0.0219968 -0.0227721 -0.0236051 -0.0245121 -0.0254835 -0.0265346 -0.0276611 -0.0288669 -0.0301595 -0.0315292 -0.0329908 -0.0345304 -0.0361554 -0.0378619 -0.0396378 -0.0414903 -0.0433942 -0.0453488 -0.0473347 -0.0493243 -0.0513092 -0.0532444 -0.0551099 -0.0568737 -0.0584874 -0.0599349 -0.061165 -0.0621431 -0.0628466 -0.0632175 -0.0632371 -0.0628724 -0.0620773 -0.0608538 -0.0591759 -0.0570303 -0.0544476 -0.0514186 -0.0479602 -0.0441194 -0.0398933 -0.0353128 -0.0304319 -0.0252467 -0.0197872 -0.0141045 -0.00817849 -0.0020061 0.00439343 0.0110895 0.0181613 0.02563 0.0335606 0.0420334 0.051044 0.0605909 0.0707179 0.0813699 0.092369 0.10355 0.114763 0.125772 0.136272 0.145958 0.154534 0.161704 0.167207 0.170836 
0 -0.000817244 -0.0014665 -0.00186758 -0.00196642 -0.0016754 -0.000950386 0.000149477 0.00152639 0.00308385 0.0046907 0.00620189 0.00749537 0.0084243 0.00883777 0.00869735 0.00802575 0.00676936 0.00488385 0.0024285 -0.000551535 -0.00402915 -0.00788676 -0.0120215 -0.0164014 -0.0209278 -0.0254924 -0.0300613 -0.0345501 -0.0388639 -0.0429824 -0.0468371 -0.0503546 -0.0535299 -0.05631 -0.0586593 -0.0605998 -0.0621034 -0.0631796 -0.0638666 -0.0641532 -0.0640829 -0.063689 -0.0629792 -0.0620153 -0.0608163 -0.0594138 -0.0578631 -0.0561712 -0.0543887 -0.0525408 -0.0506413 -0.0487368 -0.0468253 -0.0449398 -0.043095 -0.0412918 -0.0395611 -0.0378889 -0.0362974 -0.0347835 -0.0333444 -0.0319945 -0.0307136 -0.0295199 -0.0283952 -0.0273457 -0.0263681 -0.0254512 -0.0246062 -0.0238117 -0.0230832 -0.0224009 -0.0217738 -0.0211922 -0.0206537 -0.0201605 -0.0196997 -0.0192826 -0.0188905 -0.0185381 -0.0182065 -0.0179091 -0.0176308 -0.0173804 -0.0171489 -0.0169392 -0.0167489 -0.0165751 -0.0164213 -0.0162797 -0.0161584 -0.0160462 -0.0159544 -0.0158696 -0.015805 -0.015746 -0.0157071 -0.0156729 -0.0156586 -0.0156487 -0.0156586 -0.0156729 -0.0157071 -0.015746 -0.015805 -0.0158696 -0.0159544 -0.0160462 -0.0161584 -0.0162797 -0.0164213 -0.0165751 -0.0167489 -0.0169392 -0.0171489 -0.0173804 -0.0176308 -0.0179091 -0.0182065 -0.0185381 -0.0188905 -0.0192826 -0.0196997 -0.0201605 -0.0206537 -0.0211922 -0.0217738 -0.0224009 -0.0230832 -0.0238117 -0.0246062 -0.0254512 -0.0263681 -0.0273457 -0.0283952 -0.0295199 -0.0307136 -0.0319945 -0.0333444 -0.0347835 -0.0362974 -0.0378889 -0.0395611 -0.0412918 -0.043095 -0.0449398 -0.0468253 -0.0487368 -0.0506413 -0.0525408 -0.0543887 -0.0561712 -0.0578631 -0.0594138 -0.0608163 -0.0620153 -0.0629792 -0.063689 -0.0640829 -0.0641532 -0.0638665 -0.0631796 -0.0621031 -0.0605992 -0.0586575 -0.0563055 -0.0535191 -0.0503299 -0.0467837 -0.0428731 -0.0386519 -0.0341606 -0.029383 -0.0243709 -0.019162 -0.0137407 -0.00816002 -0.00244659 0.00346866 0.00961782 0.0160381 0.0228458 0.0300984 0.0377925 0.0460047 0.0548169 0.0642096 0.0741418 0.0845661 0.0953452 0.1063 0.117271 0.128038 0.138273 0.147664 0.155962 0.162903 0.168197 0.171636 
0 -0.00232697 -0.00444779 -0.00618888 -0.00740907 -0.00800923 -0.00795108 -0.00724453 -0.00594901 -0.00420369 -0.00218721 -4.43191e-05 0.00207072 0.00394378 0.00540305 0.006372 0.00676936 0.00652388 0.00565981 0.00419285 0.00208682 -0.000595418 -0.00373939 -0.00730947 -0.0112259 -0.0153584 -0.0196731 -0.0241153 -0.0285618 -0.0329738 -0.0372954 -0.0414136 -0.045308 -0.0489388 -0.0522269 -0.0551825 -0.0577727 -0.059951 -0.0617493 -0.0631387 -0.0641179 -0.0647352 -0.0649734 -0.0648777 -0.0644873 -0.0638009 -0.0628853 -0.0617511 -0.0604249 -0.0589623 -0.0573582 -0.0556686 -0.0539109 -0.0520986 -0.0502817 -0.0484486 -0.0466421 -0.0448665 -0.043127 -0.0414544 -0.0398273 -0.038279 -0.0367933 -0.0353796 -0.0340457 -0.0327733 -0.0315874 -0.0304592 -0.0294108 -0.0284236 -0.0275014 -0.0266457 -0.0258398 -0.0251015 -0.0244031 -0.0237671 -0.0231669 -0.0226193 -0.0221077 -0.0216366 -0.0212035 -0.0207997 -0.0204351 -0.0200911 -0.0197859 -0.0194955 -0.019242 -0.0190001 -0.0187918 -0.0185938 -0.0184257 -0.0182677 -0.018136 -0.0180148 -0.0179167 -0.0178297 -0.0177632 -0.0177084 -0.0176723 -0.0176484 -0.0176423 -0.0176484 -0.0176723 -0.0177084 -0.0177632 -0.0178297 -0.0179167 -0.0180148 -0.018136 -0.0182677 -0.0184257 -0.0185938 -0.0187918 -0.0190001 -0.019242 -0.0194955 -0.0197859 -0.0200911 -0.0204351 -0.0207997 -0.0212035 -0.0216366 -0.0221077 -0.0226193 -0.0231669 -0.0237671 -0.0244031 -0.0251015 -0.0258398 -0.0266457 -0.0275014 -0.0284236 -0.0294108 -0.0304592 -0.0315874 -0.0327733 -0.0340457 -0.0353796 -0.0367933 -0.038279 -0.0398273 -0.0414544 -0.043127 -0.0448665 -0.0466421 -0.0484486 -0.0502817 -0.0520986 -0.0539109 -0.0556686 -0.0573582 -0.0589623 -0.0604249 -0.0617511 -0.0628853 -0.0638009 -0.0644873 -0.0648777 -0.0649734 -0.0647352 -0.0641178 -0.0631386 -0.0617491 -0.0599505 -0.0577714 -0.0551791 -0.0522187 -0.0489198 -0.045266 -0.0413262 -0.037123 -0.0326513 -0.0279903 -0.0231537 -0.0181338 -0.013004 -0.00776492 -0.00238343 0.00310232 0.00873863 0.0146429 0.0208542 0.0274303 0.0344789 0.0420207 0.0500577 0.0586728 0.0678956 0.0776366 0.0877944 0.0982688 0.108902 0.119496 0.12982 0.139579 0.148485 0.156309 0.162821 0.167759 0.170937 
