0 0 0 0 0 0 0 0 0 0 0 0 0 0 0 0 0 0 0 0 0 0 0 0 0 0 0 0 0 0 0 0 0 0 0 0 0 0 0 0 0 0 0 0 0 0 0 0 0 0 0 0 0 0 0 0 0 0 0 0 0 0 0 0 0 0 0 0 0 0 0 0 0 0 0 0 0 0 0 0 0 0 0 0 0 0 0 0 0 0 0 0 0 0 0 0 0 0 0 0 0 0 0 0 0 0 0 0 0 0 0 0 0 0 0 0 0 0 0 0 0 0 0 0 0 0 0 0 0 0 0 0 0 0 0 0 0 0 0 0 0 0 0 0 0 0 0 0 0 0 0 0 0 0 0 0 0 0 0 0 0 0 0 0 0 0 0 0 0 0 0 0 0 0 0 0 0 0 0 0 0 0 0 0 0 0 0 0 0 0 0 0 0 0 0 0 0 0 0 0 
0 3.10231e-05 6.78243e-05 9.86703e-05 0.00016091 0.000214239 0.000208252 0.0002561 0.000350667 0.000364924 0.000403363 0.000516331 0.000572113 0.000635441 0.00075361 0.000845045 0.000981725 0.00115668 0.00132674 0.00158341 0.00184502 0.00211428 0.00251113 0.00289273 0.00328514 0.0037791 0.00422696 0.00466381 0.00505548 0.00532119 0.00553077 0.00551908 0.00528569 0.00490217 0.00423531 0.00336653 0.00226295 0.000963439 -0.000374465 -0.00182911 -0.00325306 -0.00458905 -0.00578587 -0.006693 -0.00741265 -0.00784197 -0.00801073 -0.00793678 -0.00757239 -0.00708819 -0.00643943 -0.00575584 -0.00503822 -0.00428646 -0.00360544 -0.00292344 -0.00237742 -0.00188492 -0.00150031 -0.00119788 -0.000928743 -0.000753859 -0.000565884 -0.000468062 -0.000353833 -0.000299455 -0.00024976 -0.000213387 -0.000208626 -0.000176078 -0.000194512 -0.000163712 -0.000188028 -0.000163372 -0.000182339 -0.000168523 -0.000176514 -0.000175468 -0.000171321 -0.000181956 -0.000167486 -0.000186783 -0.000165263 -0.000189562 -0.000164498 -0.000190464 -0.000164815 -0.000189945 -0.000165789 -0.000188544 -0.000167046 -0.000186749 -0.00016831 -0.000184944 -0.000169402 -0.000183401 -0.000170225 -0.000182292 -0.000170731 -0.000181716 -0.000170901 -0.000181716 -0.000170731 -0.000182292 -0.000170225 -0.000183401 -0.000169402 -0.000184944 -0.00016831 -0.000186749 -0.000167046 -0.000188544 -0.000165789 -0.000189945 -0.000164815 -0.000190464 -0.000164498 -0.000189562 -0.000165263 -0.000186782 -0.000167485 -0.000181953 -0.000171312 -0.000175441 -0.000176442 -0.000168336 -0.000181872 -0.000162257 -0.000185474 -0.000158113 -0.000182775 -0.000152572 -0.000163683 -0.000131419 -0.000107213 -6.30711e-05 2.02542e-05 9.79842e-05 0.000255871 0.000396697 0.000635625 0.000883593 0.0012282 0.00165176 0.00215308 0.00278925 0.00344896 0.00421352 0.00494709 0.00569898 0.0064193 0.00704025 0.00758294 0.00786776 0.00795397 0.00774772 0.00727547 0.00658184 0.0055667 0.00437001 0.00296624 0.00148858 3.63475e-05 -0.00144081 -0.00276358 -0.0039421 -0.00489194 -0.00556388 -0.00608391 -0.00632446 -0.00634814 -0.00623109 -0.00594164 -0.00561677 -0.00518874 -0.00469897 -0.00429234 -0.00384008 -0.00340413 -0.00305643 -0.00270777 -0.00243426 -0.00220054 -0.00197163 -0.00184032 -0.00169305 -0.00153256 -0.00148035 -0.00139737 -0.00128048 -0.0012655 -0.00124347 -0.00117582 -0.00115019 -0.00111436 -0.00107881 -0.00109867 -0.00108319 -0.00103804 -0.00105539 
0 6.78243e-05 0.000168989 0.000224998 0.000270575 0.000380211 0.000477208 0.000542714 0.000649261 0.000760587 0.000856847 0.000991945 0.00114027 0.0012922 0.00149938 0.00174475 0.00200573 0.00231697 0.00270684 0.00316874 0.00368695 0.00430263 0.00503468 0.00581755 0.00664935 0.00754924 0.00845527 0.00929879 0.0100212 0.0105921 0.0109343 0.0109101 0.0104873 0.00965138 0.00835963 0.00660196 0.00439385 0.00187062 -0.000848172 -0.00368476 -0.00649536 -0.00914385 -0.0114458 -0.013299 -0.0146815 -0.0155455 -0.0159011 -0.0157242 -0.0150834 -0.014096 -0.0128602 -0.0115045 -0.0100612 -0.0086125 -0.00720569 -0.00590098 -0.00476714 -0.00379699 -0.00302147 -0.0023832 -0.0018813 -0.00147713 -0.00115433 -0.000914465 -0.000721988 -0.00060044 -0.00050191 -0.000452072 -0.000410709 -0.000392489 -0.000380235 -0.000370177 -0.000371123 -0.000360539 -0.000366826 -0.0003549 -0.000362388 -0.000350925 -0.000357155 -0.00034805 -0.00035164 -0.000346026 -0.000346452 -0.00034463 -0.000342005 -0.00034366 -0.000338475 -0.000342961 -0.000335858 -0.000342431 -0.000334035 -0.000342013 -0.000332841 -0.000341683 -0.000332108 -0.000341431 -0.000331691 -0.00034126 -0.000331483 -0.000341174 -0.000331421 -0.000341174 -0.000331483 -0.00034126 -0.000331691 -0.000341431 -0.000332108 -0.000341683 -0.000332841 -0.000342013 -0.000334035 -0.000342431 -0.000335858 -0.000342961 -0.000338475 -0.00034366 -0.000342005 -0.00034463 -0.000346452 -0.000346025 -0.000351637 -0.000348042 -0.000357132 -0.000350861 -0.000362219 -0.000354466 -0.00036576 -0.000358025 -0.000365442 -0.000357884 -0.000354779 -0.000342096 -0.000315411 -0.000280022 -0.000205459 -0.000112834 4.43683e-05 0.000238834 0.000513439 0.000852349 0.00128227 0.00182388 0.00249005 0.00333788 0.00435341 0.00556965 0.00692389 0.00838046 0.0098772 0.0113487 0.0127682 0.0140238 0.015034 0.015647 0.015773 0.0153842 0.014456 0.0130232 0.0110624 0.00864529 0.00590622 0.00299525 7.75504e-05 -0.00277361 -0.00542156 -0.00772083 -0.00959102 -0.0109957 -0.0119765 -0.012513 -0.0126083 -0.0123682 -0.0118742 -0.0111892 -0.0103512 -0.00943838 -0.00855465 -0.00769487 -0.00686567 -0.0061296 -0.0054919 -0.00492547 -0.00442044 -0.00400434 -0.00367369 -0.00337582 -0.00313098 -0.00295392 -0.00278917 -0.00264925 -0.00254726 -0.00243637 -0.00234521 -0.00230657 -0.00226483 -0.00220447 -0.00216245 -0.00213772 -0.00211826 -0.00210615 
0 9.86703e-05 0.000224998 0.000347482 0.000442554 0.000562331 0.000715273 0.000836401 0.00096223 0.00114729 0.00132178 0.00149543 0.00173747 0.00199123 0.00227361 0.00265016 0.00305668 0.00353528 0.00415007 0.00482542 0.00562094 0.00657445 0.00760857 0.00877987 0.0100451 0.0113309 0.0126644 0.0138851 0.0149195 0.0157405 0.0161388 0.0160644 0.0154196 0.0141076 0.0121841 0.00955245 0.00631346 0.00263076 -0.00141233 -0.00555656 -0.00968905 -0.0135654 -0.0169302 -0.0197135 -0.0217372 -0.0230378 -0.0235627 -0.0233059 -0.022424 -0.0209666 -0.0191909 -0.0171731 -0.0150412 -0.0129153 -0.0108148 -0.00892127 -0.007206 -0.00578111 -0.00459808 -0.0036321 -0.00288305 -0.00224571 -0.00178617 -0.0013873 -0.00112255 -0.000908802 -0.000768881 -0.000683152 -0.000609359 -0.00059406 -0.000549113 -0.000561858 -0.000530941 -0.000547457 -0.000528258 -0.000537237 -0.000530482 -0.000528336 -0.00053346 -0.000520916 -0.000535491 -0.000515392 -0.000536 -0.000511799 -0.000535037 -0.000509846 -0.000532971 -0.000509093 -0.000530277 -0.000509095 -0.000527403 -0.000509489 -0.0005247 -0.000510015 -0.000522416 -0.000510505 -0.000520703 -0.000510869 -0.000519649 -0.00051106 -0.000519294 -0.00051106 -0.000519649 -0.000510869 -0.000520703 -0.000510505 -0.000522416 -0.000510015 -0.0005247 -0.000509489 -0.000527403 -0.000509095 -0.000530277 -0.000509093 -0.000532971 -0.000509846 -0.000535037 -0.000511799 -0.000536 -0.00051539 -0.000535485 -0.0005209 -0.000533415 -0.000528212 -0.000530159 -0.000536426 -0.000526304 -0.000542938 -0.000520923 -0.000540579 -0.000505837 -0.000509865 -0.000452744 -0.000404731 -0.000295876 -0.000140489 7.22117e-05 0.000395596 0.00077642 0.00132009 0.00195001 0.0027886 0.0038035 0.00507117 0.00661912 0.00839462 0.0104312 0.0125584 0.0147868 0.0169629 0.0190247 0.0208703 0.0222767 0.0231691 0.0233206 0.0227358 0.0213744 0.0192107 0.0163542 0.0128023 0.00881324 0.00456346 0.000233226 -0.00392563 -0.00782895 -0.0112191 -0.0139961 -0.0161498 -0.0175919 -0.0184256 -0.0186431 -0.0183269 -0.0176675 -0.0166695 -0.0154804 -0.0142099 -0.0128738 -0.0116122 -0.0104119 -0.0092858 -0.00833174 -0.007469 -0.00671271 -0.00611056 -0.00557021 -0.00512366 -0.00478192 -0.00445797 -0.00420171 -0.00401923 -0.00383081 -0.0036773 -0.00357361 -0.00346895 -0.00338771 -0.00332728 -0.00325665 -0.00321723 -0.00320298 -0.00316476 
0 0.00016091 0.000270575 0.000442554 0.000645994 0.000772862 0.000921265 0.0011386 0.00132739 0.00152755 0.00178802 0.00204995 0.00235103 0.00272361 0.00311909 0.00358606 0.00417352 0.00485587 0.00564908 0.00658268 0.00767533 0.00891994 0.0102949 0.0118258 0.013477 0.0151601 0.016824 0.0183748 0.0196947 0.0206409 0.0210666 0.0208812 0.0199514 0.0181893 0.0155795 0.0121239 0.00793349 0.00312773 -0.00210125 -0.00749265 -0.0128227 -0.0177951 -0.0221856 -0.025797 -0.0284715 -0.0301777 -0.0308612 -0.0305971 -0.029483 -0.0276708 -0.025384 -0.0227593 -0.0199968 -0.017194 -0.0144847 -0.0119819 -0.00973763 -0.00783894 -0.00623787 -0.00495378 -0.00390818 -0.00307664 -0.00242623 -0.00190706 -0.00153566 -0.0012414 -0.00105836 -0.000915491 -0.000838314 -0.000782346 -0.000750099 -0.000736822 -0.000717474 -0.000722765 -0.000705404 -0.000717259 -0.000700962 -0.000713069 -0.000699752 -0.000708612 -0.000699984 -0.000703921 -0.000700668 -0.000699346 -0.000701219 -0.000695187 -0.000701362 -0.000691618 -0.000701049 -0.000688699 -0.000700378 -0.00068641 -0.000699514 -0.000684694 -0.000698632 -0.000683481 -0.000697886 -0.00068271 -0.000697392 -0.000682337 -0.00069722 -0.000682337 -0.000697392 -0.00068271 -0.000697886 -0.000683481 -0.000698632 -0.000684694 -0.000699514 -0.00068641 -0.000700378 -0.000688699 -0.000701049 -0.000691618 -0.000701362 -0.000695187 -0.000701219 -0.000699345 -0.000700666 -0.000703917 -0.000699973 -0.000708581 -0.000699667 -0.000712842 -0.000700383 -0.000715841 -0.000702067 -0.000715224 -0.00070113 -0.000702865 -0.000682523 -0.000653607 -0.000603619 -0.000506122 -0.000374975 -0.000148596 0.000141199 0.000568792 0.00110506 0.00181302 0.0027011 0.00381177 0.00520962 0.0069006 0.00895329 0.0113026 0.0139381 0.0167451 0.0196268 0.0224813 0.025137 0.0274721 0.0292506 0.0303168 0.0305054 0.0297072 0.0279096 0.0250822 0.0213361 0.0167892 0.0116438 0.00615918 0.000560348 -0.00485587 -0.00987385 -0.0142994 -0.0179738 -0.0208291 -0.0227998 -0.0239379 -0.0243323 -0.0240598 -0.0232536 -0.0220404 -0.0205735 -0.0189615 -0.0172657 -0.0156025 -0.014038 -0.0125865 -0.011271 -0.0101154 -0.00913886 -0.00829252 -0.00755584 -0.00696522 -0.00646547 -0.00602755 -0.00568684 -0.0053952 -0.0051448 -0.00497488 -0.00481893 -0.00464799 -0.00452706 -0.00445372 -0.00438538 -0.00432182 -0.00427361 -0.00424336 
0 0.000214239 0.000380211 0.000562331 0.000772862 0.000971898 0.00119702 0.00145222 0.00168897 0.00195575 0.00228618 0.00262229 0.00300115 0.00348725 0.00402678 0.00463368 0.00539229 0.00626954 0.00726057 0.00845235 0.00983821 0.011385 0.0131073 0.0149854 0.0169831 0.019002 0.0209316 0.0227326 0.0242352 0.0252281 0.0256176 0.0252521 0.0239999 0.0217613 0.018469 0.0142373 0.00914425 0.00331509 -0.00298195 -0.0094963 -0.0158675 -0.0218195 -0.0271176 -0.0314749 -0.0347641 -0.0368408 -0.0377167 -0.0374806 -0.0362095 -0.0341347 -0.0313997 -0.0282575 -0.0249027 -0.0214861 -0.018206 -0.015117 -0.012374 -0.00997953 -0.007972 -0.00633417 -0.00499109 -0.00394965 -0.0030972 -0.00246675 -0.00196639 -0.0016129 -0.0013604 -0.00118057 -0.00108091 -0.000993891 -0.000969476 -0.000924989 -0.000926746 -0.000902221 -0.000906114 -0.000894337 -0.000891512 -0.000890241 -0.000879302 -0.000886573 -0.00086931 -0.000882512 -0.000861733 -0.000878044 -0.000856458 -0.00087342 -0.000853103 -0.000868939 -0.000851179 -0.000864857 -0.00085022 -0.000861352 -0.000849843 -0.00085852 -0.000849773 -0.000856402 -0.000849826 -0.000855 -0.000849895 -0.000854303 -0.000849923 -0.000854303 -0.000849895 -0.000855 -0.000849826 -0.000856402 -0.000849773 -0.00085852 -0.000849843 -0.000861352 -0.00085022 -0.000864857 -0.000851179 -0.000868939 -0.000853103 -0.00087342 -0.000856458 -0.000878044 -0.000861731 -0.000882505 -0.00086929 -0.000886516 -0.000879147 -0.000889839 -0.000890513 -0.000891946 -0.00090062 -0.000890103 -0.000901104 -0.000872971 -0.000868361 -0.000805629 -0.000745228 -0.000607234 -0.000421779 -0.000137932 0.000263364 0.000786402 0.00150241 0.00238284 0.00353838 0.00494926 0.00672061 0.00885842 0.0113798 0.0142874 0.0174704 0.0209011 0.0243923 0.0278425 0.0310411 0.0337695 0.0358516 0.0370325 0.0372088 0.0362046 0.0339682 0.0305329 0.0259693 0.0205231 0.0143652 0.00777358 0.00106423 -0.00547268 -0.0114973 -0.0168533 -0.0213772 -0.0249131 -0.0274382 -0.0289529 -0.0295899 -0.029453 -0.0286047 -0.0272603 -0.0255868 -0.0236885 -0.0216886 -0.019679 -0.0177774 -0.0160212 -0.014381 -0.0129341 -0.011699 -0.0105962 -0.00965232 -0.00888787 -0.00823235 -0.00767644 -0.00723463 -0.00686181 -0.00653546 -0.00626533 -0.00604853 -0.00587838 -0.00573696 -0.00561117 -0.00551024 -0.00543194 -0.00537244 -0.00533899 
0 0.000208252 0.000477208 0.000715273 0.000921265 0.00119702 0.00149335 0.0017518 0.00206232 0.00243308 0.00280807 0.00324029 0.00374774 0.00431431 0.0049929 0.00578628 0.0067002 0.00779091 0.009046 0.0104871 0.0121579 0.0140077 0.0160332 0.0182362 0.0205227 0.0228041 0.0249808 0.0269311 0.0284977 0.0294705 0.0297053 0.0290795 0.0274372 0.02467 0.020759 0.0157924 0.00988261 0.00317935 -0.00406059 -0.0115038 -0.0187827 -0.0255963 -0.0316652 -0.0367167 -0.040538 -0.0429871 -0.0440794 -0.0438911 -0.0425581 -0.0402593 -0.0371825 -0.0335928 -0.0297111 -0.0257715 -0.0219433 -0.0183503 -0.0151091 -0.0122523 -0.00983667 -0.00782318 -0.00619532 -0.00489422 -0.00386239 -0.00307204 -0.0024549 -0.00201346 -0.00168013 -0.00146263 -0.00130827 -0.00121384 -0.00115614 -0.00111578 -0.00110191 -0.00108009 -0.00108278 -0.00106661 -0.00107362 -0.00106059 -0.00106659 -0.00105726 -0.00105995 -0.00105497 -0.00105363 -0.00105303 -0.00104786 -0.0010511 -0.00104282 -0.00104908 -0.00103857 -0.00104702 -0.00103513 -0.00104501 -0.00103245 -0.00104321 -0.00103045 -0.00104174 -0.00102908 -0.0010407 -0.00102827 -0.00104016 -0.00102801 -0.00104016 -0.00102827 -0.0010407 -0.00102908 -0.00104174 -0.00103045 -0.00104321 -0.00103245 -0.00104501 -0.00103513 -0.00104702 -0.00103857 -0.00104908 -0.00104282 -0.0010511 -0.00104786 -0.00105303 -0.00105363 -0.00105496 -0.00105991 -0.00105716 -0.00106631 -0.0010599 -0.00107193 -0.00106268 -0.00107397 -0.00106112 -0.00106274 -0.00103825 -0.00100903 -0.000946358 -0.00084215 -0.000683716 -0.00043053 -8.51582e-05 0.000415291 0.00106378 0.00193166 0.0030325 0.00443563 0.00619029 0.00833703 0.0109261 0.0139288 0.0173432 0.0210741 0.0250422 0.0290995 0.0330526 0.0366875 0.0397342 0.0419885 0.043235 0.0433135 0.0420808 0.0394415 0.0354393 0.0302033 0.0239649 0.0169583 0.00945043 0.00178274 -0.00568716 -0.0126313 -0.0188341 -0.0241227 -0.0283439 -0.0314196 -0.0333757 -0.0343264 -0.0343657 -0.0336145 -0.0322528 -0.0304579 -0.0283906 -0.026154 -0.0238723 -0.0216735 -0.0195851 -0.0176549 -0.0159297 -0.0143933 -0.0130639 -0.011923 -0.0109379 -0.0101261 -0.00943497 -0.00883921 -0.00837891 -0.00798573 -0.00762179 -0.0073545 -0.00715178 -0.0069529 -0.00678906 -0.00667068 -0.00657614 -0.00650434 -0.0064539 
0 0.0002561 0.000542714 0.000836401 0.0011386 0.00145222 0.0017518 0.00208856 0.00250406 0.00292405 0.00336762 0.00392912 0.00455671 0.0052378 0.00607082 0.00704326 0.00815053 0.00946637 0.0109845 0.0127032 0.0146422 0.0167787 0.0191103 0.0215768 0.0240831 0.0265716 0.0288971 0.0308905 0.0324088 0.0332526 0.0332592 0.0322857 0.0301837 0.0268884 0.0223864 0.016745 0.0101103 0.0026538 -0.00534666 -0.0135383 -0.0215655 -0.029082 -0.0357955 -0.0414209 -0.0457065 -0.0485243 -0.049852 -0.0497811 -0.048451 -0.0460172 -0.0427041 -0.0387544 -0.0344509 -0.0300474 -0.025734 -0.0216739 -0.0179517 -0.0146551 -0.0118124 -0.00942952 -0.00748758 -0.00592102 -0.00469483 -0.00372954 -0.0029991 -0.00244655 -0.00204521 -0.00176529 -0.00156834 -0.00144912 -0.00136244 -0.00132143 -0.0012853 -0.00127377 -0.00125876 -0.00125426 -0.00124889 -0.00124348 -0.00124366 -0.00123566 -0.00123941 -0.00122938 -0.00123519 -0.00122427 -0.00123084 -0.00122012 -0.00122646 -0.00121677 -0.00122227 -0.00121406 -0.00121845 -0.0012119 -0.00121516 -0.00121021 -0.00121252 -0.00120896 -0.00121059 -0.00120812 -0.00120942 -0.00120771 -0.00120903 -0.00120771 -0.00120942 -0.00120812 -0.00121059 -0.00120896 -0.00121252 -0.00121021 -0.00121516 -0.0012119 -0.00121845 -0.00121406 -0.00122227 -0.00121677 -0.00122646 -0.00122012 -0.00123083 -0.00122426 -0.00123518 -0.00122935 -0.00123934 -0.00123547 -0.00124318 -0.00124231 -0.00124612 -0.00124794 -0.00124494 -0.00124474 -0.00122681 -0.00120842 -0.00115313 -0.00107745 -0.000935377 -0.00073039 -0.000418113 1.948e-05 0.000615669 0.00141556 0.00244677 0.00378405 0.00546232 0.00756134 0.0101076 0.0131264 0.0166043 0.0204857 0.0247138 0.0291609 0.0336841 0.0380535 0.0420058 0.0452784 0.0476202 0.0488493 0.0487832 0.047281 0.0442697 0.0397775 0.0339762 0.0270882 0.019375 0.0111401 0.00271745 -0.00551327 -0.013228 -0.0201766 -0.0261437 -0.030996 -0.0346504 -0.0371039 -0.0384421 -0.0387572 -0.038207 -0.0369615 -0.0351596 -0.032997 -0.0306252 -0.0281488 -0.0256894 -0.0233185 -0.0211141 -0.0191159 -0.0172977 -0.0157133 -0.0143617 -0.0131588 -0.0121415 -0.0113132 -0.0105815 -0.00996233 -0.00948586 -0.00909128 -0.0087398 -0.00843734 -0.00820034 -0.00802365 -0.0078742 -0.00775134 -0.00766362 -0.00759775 
0 0.000350667 0.000649261 0.00096223 0.00132739 0.00168897 0.00206232 0.00250406 0.00296797 0.00344479 0.00401814 0.00468337 0.00541619 0.00627588 0.00728513 0.00844778 0.00978708 0.0113165 0.0130892 0.0150954 0.0172835 0.0197105 0.0223258 0.0249843 0.0276636 0.0302641 0.0326056 0.0345416 0.0358837 0.0364951 0.0362002 0.0347879 0.0322002 0.0283786 0.0233071 0.0170751 0.0097991 0.00173511 -0.00683764 -0.0156081 -0.0241895 -0.0322573 -0.039467 -0.0455316 -0.0502275 -0.0533836 -0.0549907 -0.0550963 -0.053834 -0.051374 -0.047913 -0.0437309 -0.0391005 -0.0343112 -0.0295823 -0.0250767 -0.0209181 -0.0171775 -0.0139208 -0.0111577 -0.00888233 -0.00704743 -0.00559396 -0.00446196 -0.00358934 -0.0029336 -0.00244784 -0.00210236 -0.00186176 -0.0017021 -0.00159848 -0.00153372 -0.00149367 -0.0014688 -0.00145286 -0.00144193 -0.00143368 -0.00142707 -0.00142125 -0.00141605 -0.00141142 -0.00140687 -0.00140326 -0.00139914 -0.00139652 -0.00139275 -0.00139103 -0.00138757 -0.00138664 -0.00138346 -0.00138317 -0.00138028 -0.0013805 -0.0013779 -0.00137851 -0.00137621 -0.00137715 -0.00137512 -0.00137634 -0.00137459 -0.00137608 -0.00137459 -0.00137634 -0.00137512 -0.00137715 -0.00137621 -0.00137851 -0.0013779 -0.0013805 -0.00138028 -0.00138317 -0.00138346 -0.00138664 -0.00138757 -0.00139103 -0.00139275 -0.00139651 -0.00139914 -0.00140324 -0.00140683 -0.0014113 -0.00141573 -0.00142045 -0.00142514 -0.00142921 -0.00143199 -0.00143162 -0.00142527 -0.00140805 -0.00137225 -0.00130646 -0.00119552 -0.00101819 -0.000752111 -0.000365932 0.000167729 0.000890818 0.00184056 0.00307552 0.00465207 0.00663735 0.00908756 0.0120319 0.0154805 0.0193921 0.0237225 0.0283764 0.0332387 0.0381267 0.0427906 0.0469604 0.0503383 0.0527001 0.0538298 0.0535614 0.0517737 0.0483972 0.0435118 0.0372496 0.0298515 0.0216012 0.0128077 0.00385133 -0.00495605 -0.0132812 -0.0208317 -0.0274019 -0.0328177 -0.03705 -0.0400625 -0.0418528 -0.0425642 -0.0423249 -0.041298 -0.0396291 -0.0374602 -0.0350347 -0.0324609 -0.0298003 -0.0272198 -0.0247839 -0.0225106 -0.0204395 -0.0185792 -0.0169655 -0.0155641 -0.0143261 -0.0133104 -0.0124718 -0.0117121 -0.0110885 -0.0106047 -0.0101669 -0.00980089 -0.00953994 -0.00931146 -0.00910209 -0.00896201 -0.0088674 -0.00877812 
0 0.000364924 0.000760587 0.00114729 0.00152755 0.00195575 0.00243308 0.00292405 0.00344479 0.00405529 0.00475829 0.00552516 0.00640509 0.00744192 0.00863127 0.0100076 0.0115835 0.0133704 0.0154162 0.0176753 0.0201259 0.0228027 0.0255962 0.0284097 0.0311919 0.0337926 0.036068 0.0378264 0.0388921 0.0391697 0.0384344 0.036529 0.0334246 0.0290666 0.0234942 0.0167474 0.00897638 0.000481399 -0.00850307 -0.0176518 -0.0266299 -0.0350928 -0.0426531 -0.0490689 -0.0540925 -0.057579 -0.0594822 -0.0597979 -0.0586781 -0.0562553 -0.0527606 -0.0484539 -0.0436055 -0.0385345 -0.0334495 -0.0285681 -0.0240016 -0.0198519 -0.016195 -0.0130464 -0.0104364 -0.00830021 -0.00660995 -0.00527691 -0.0042488 -0.00346838 -0.00287992 -0.00246164 -0.00215599 -0.00195949 -0.00182013 -0.0017406 -0.00168529 -0.00165561 -0.00163661 -0.00162325 -0.00161826 -0.00160857 -0.00160868 -0.00159947 -0.00160122 -0.00159237 -0.00159425 -0.00158631 -0.00158759 -0.00158096 -0.00158136 -0.00157623 -0.00157574 -0.00157209 -0.00157084 -0.00156856 -0.00156677 -0.00156566 -0.00156357 -0.00156345 -0.00156128 -0.00156196 -0.00155991 -0.00156121 -0.00155945 -0.00156121 -0.00155991 -0.00156196 -0.00156128 -0.00156345 -0.00156357 -0.00156566 -0.00156677 -0.00156856 -0.00157084 -0.00157209 -0.00157574 -0.00157623 -0.00158136 -0.00158096 -0.00158759 -0.0015863 -0.00159422 -0.00159229 -0.001601 -0.00159892 -0.00160735 -0.00160545 -0.00161119 -0.00160791 -0.00160463 -0.00159159 -0.00156235 -0.00151416 -0.00142004 -0.00128098 -0.00105035 -0.000727489 -0.000254976 0.000379229 0.00123461 0.00235303 0.0037945 0.00563965 0.00793288 0.0107533 0.0140899 0.0179582 0.0222923 0.0270302 0.0320784 0.0372704 0.0424335 0.0472708 0.0515283 0.0549107 0.0571761 0.0581362 0.0575933 0.055491 0.0517846 0.0465674 0.0399887 0.0322313 0.0236289 0.0144867 0.00517228 -0.00400619 -0.0127847 -0.0208157 -0.0278892 -0.0338464 -0.0386161 -0.0421917 -0.0445079 -0.0456783 -0.0458614 -0.0451597 -0.0437421 -0.0417436 -0.0393594 -0.0367661 -0.0340171 -0.0312616 -0.0286189 -0.0261031 -0.023783 -0.0216824 -0.0198036 -0.018174 -0.0167438 -0.0154969 -0.0144651 -0.0135963 -0.0128372 -0.0121987 -0.0116928 -0.0112887 -0.0109301 -0.0106261 -0.010409 -0.0102355 -0.0100917 -0.0100094 
0 0.000403363 0.000856847 0.00132178 0.00178802 0.00228618 0.00280807 0.00336762 0.00401814 0.00475829 0.00556208 0.0064717 0.00754063 0.00876483 0.0101515 0.0117452 0.0135755 0.015645 0.0179323 0.0204356 0.023155 0.0260051 0.0289148 0.0318314 0.0346031 0.0371018 0.0391849 0.0406435 0.0413604 0.0411774 0.0399156 0.0375018 0.0338533 0.0289919 0.0229578 0.0157775 0.00767739 -0.00111469 -0.0103349 -0.0196813 -0.0288892 -0.0375484 -0.045337 -0.0519896 -0.0572718 -0.0610819 -0.0632739 -0.0638703 -0.0629526 -0.0606618 -0.0572515 -0.0529174 -0.0479827 -0.0427018 -0.0373417 -0.0321288 -0.0271815 -0.0226602 -0.0185972 -0.0150858 -0.0121168 -0.00967734 -0.00772952 -0.00617655 -0.00498992 -0.00405899 -0.00337714 -0.00285977 -0.00249868 -0.00224539 -0.00207258 -0.00196957 -0.0018918 -0.00186014 -0.00182289 -0.00181799 -0.00179676 -0.0017983 -0.00178485 -0.00178519 -0.00177737 -0.00177433 -0.00177136 -0.00176487 -0.00176596 -0.00175673 -0.00176092 -0.0017499 -0.00175626 -0.00174432 -0.00175206 -0.00173987 -0.00174843 -0.00173646 -0.0017455 -0.00173398 -0.00174334 -0.00173237 -0.00174202 -0.00173157 -0.00174158 -0.00173157 -0.00174202 -0.00173237 -0.00174334 -0.00173398 -0.0017455 -0.00173646 -0.00174843 -0.00173987 -0.00175206 -0.00174432 -0.00175626 -0.0017499 -0.00176092 -0.00175673 -0.00176595 -0.00176485 -0.00177131 -0.00177419 -0.00177701 -0.00178429 -0.00178269 -0.00179335 -0.00178582 -0.0017948 -0.00177563 -0.00176774 -0.00171847 -0.00165758 -0.00153364 -0.00135117 -0.00107145 -0.00066373 -0.000109709 0.000659732 0.00165217 0.00297273 0.00464253 0.00677522 0.00940473 0.0125834 0.0163244 0.0205725 0.0253107 0.0304036 0.0357775 0.0412241 0.0465325 0.0514434 0.0556505 0.0589395 0.0610206 0.0617292 0.0608939 0.058449 0.0544603 0.0489735 0.0421746 0.0342268 0.0254231 0.0161316 0.00663045 -0.00275123 -0.0117759 -0.0201549 -0.0276133 -0.0340488 -0.0393362 -0.0434378 -0.0463456 -0.0480668 -0.0487515 -0.0484978 -0.0474311 -0.0457376 -0.0435293 -0.0409798 -0.0382496 -0.035417 -0.032601 -0.0298957 -0.027357 -0.0250255 -0.022896 -0.021003 -0.0193677 -0.017918 -0.016644 -0.0156005 -0.0147342 -0.0139703 -0.0133398 -0.0128363 -0.012392 -0.0120385 -0.0117933 -0.0115655 -0.0113738 -0.0112924 
0 0.000516331 0.000991945 0.00149543 0.00204995 0.00262229 0.00324029 0.00392912 0.00468337 0.00552516 0.0064717 0.00755276 0.00881903 0.0102592 0.0118663 0.0137089 0.0158077 0.018113 0.0206261 0.0233776 0.0262985 0.0292749 0.0322625 0.0351733 0.0378378 0.0401139 0.0418593 0.0429367 0.0431923 0.0424499 0.040636 0.0376769 0.0335102 0.0281816 0.0217179 0.0142389 0.00593255 -0.00300911 -0.0122951 -0.0216997 -0.0309295 -0.0396277 -0.0475161 -0.0542923 -0.0597994 -0.0638746 -0.0663741 -0.067292 -0.066634 -0.0645923 -0.0613433 -0.0571148 -0.0521884 -0.046791 -0.041244 -0.035732 -0.03047 -0.0255809 -0.0211483 -0.0172732 -0.0139394 -0.0111968 -0.00895395 -0.00718729 -0.00580062 -0.00472764 -0.00392451 -0.00330759 -0.00288162 -0.00255699 -0.00235798 -0.0022067 -0.00212438 -0.00206321 -0.00202811 -0.00200832 -0.00198664 -0.0019847 -0.0019648 -0.00197042 -0.0019505 -0.00195884 -0.0019401 -0.0019485 -0.00193235 -0.00193926 -0.00192657 -0.00193122 -0.00192223 -0.00192444 -0.00191897 -0.00191892 -0.00191651 -0.00191463 -0.00191469 -0.00191148 -0.00191343 -0.00190943 -0.00191268 -0.00190842 -0.00191243 -0.00190842 -0.00191268 -0.00190943 -0.00191343 -0.00191148 -0.00191469 -0.00191463 -0.00191651 -0.00191892 -0.00191897 -0.00192444 -0.00192223 -0.00193122 -0.00192656 -0.00193926 -0.00193234 -0.00194847 -0.00194001 -0.0019586 -0.0019499 -0.00196895 -0.00196138 -0.00197701 -0.00197004 -0.00197389 -0.00195957 -0.00193223 -0.0018842 -0.001784 -0.00164356 -0.00139616 -0.00106488 -0.000561871 9.65912e-05 0.00100157 0.00217371 0.00369485 0.00564166 0.00806246 0.011053 0.0145877 0.0187116 0.0233325 0.0284127 0.0338348 0.0394405 0.0450625 0.050407 0.0552636 0.0593298 0.0623927 0.0642243 0.0646036 0.063449 0.0606862 0.0564247 0.0507549 0.0438086 0.0358118 0.0269877 0.0176916 0.00819442 -0.0012428 -0.0103357 -0.0188807 -0.0266314 -0.0334429 -0.0392081 -0.0438257 -0.0473197 -0.0496847 -0.05095 -0.0512278 -0.0506367 -0.0493326 -0.047426 -0.0450473 -0.0424042 -0.0396101 -0.0367242 -0.0338702 -0.0311562 -0.0286074 -0.0262311 -0.0240841 -0.0222006 -0.0205436 -0.0190853 -0.017831 -0.0167773 -0.015889 -0.0151213 -0.0144818 -0.0139828 -0.0135704 -0.0132203 -0.0129653 -0.0127813 -0.0126273 
0 0.000572113 0.00114027 0.00173747 0.00235103 0.00300115 0.00374774 0.00455671 0.00541619 0.00640509 0.00754063 0.00881903 0.0102753 0.0119181 0.0137824 0.0159017 0.0182383 0.0207823 0.0235457 0.0264824 0.029518 0.0325615 0.0355295 0.0383281 0.0407838 0.0427282 0.0440633 0.04466 0.0443386 0.0429871 0.0405675 0.0370434 0.0323923 0.0266262 0.019843 0.012196 0.0038145 -0.00510473 -0.0143336 -0.0236381 -0.0327289 -0.0413502 -0.0492076 -0.0560533 -0.0617169 -0.0660049 -0.0688131 -0.0700453 -0.0697267 -0.067997 -0.0650035 -0.0609931 -0.0561584 -0.0507741 -0.0451053 -0.0393854 -0.0338573 -0.0286347 -0.0238757 -0.019625 -0.0159517 -0.0128656 -0.0103246 -0.00830627 -0.00669492 -0.00546584 -0.0045055 -0.00379748 -0.00326827 -0.00289052 -0.00263455 -0.00245125 -0.00234917 -0.00226537 -0.00223494 -0.00219503 -0.00219004 -0.00216864 -0.00216831 -0.00215647 -0.00215339 -0.0021483 -0.00214079 -0.00214118 -0.0021297 -0.00213438 -0.00212009 -0.00212784 -0.00211198 -0.00212174 -0.00210533 -0.0021163 -0.00210008 -0.0021117 -0.00209611 -0.00210812 -0.00209335 -0.00210567 -0.00209172 -0.00210443 -0.00209118 -0.00210443 -0.00209172 -0.00210567 -0.00209335 -0.00210812 -0.00209611 -0.0021117 -0.00210008 -0.0021163 -0.00210533 -0.00212174 -0.00211198 -0.00212784 -0.00212008 -0.00213437 -0.00212968 -0.00214112 -0.00214063 -0.00214791 -0.0021524 -0.00215413 -0.00216298 -0.00215692 -0.00216529 -0.00214485 -0.00213727 -0.00208288 -0.00202187 -0.0018876 -0.00170171 -0.00140468 -0.000985405 -0.000404092 0.000392817 0.00142848 0.00280366 0.00454286 0.00677064 0.00951015 0.0128383 0.0167488 0.0212141 0.0261984 0.0315786 0.0372723 0.0430593 0.0487463 0.054058 0.0587372 0.0625707 0.0653058 0.0667774 0.0667837 0.065254 0.062202 0.0576954 0.0518908 0.0449088 0.0369699 0.0283106 0.0191727 0.00983181 0.000513245 -0.00852541 -0.0170838 -0.0250126 -0.0321285 -0.0382907 -0.0434073 -0.0474607 -0.0504593 -0.052376 -0.0532576 -0.0532423 -0.052446 -0.0509559 -0.0489048 -0.0464576 -0.0437554 -0.0409 -0.0379794 -0.0351134 -0.0323884 -0.0298215 -0.0274531 -0.0253142 -0.0234064 -0.0217506 -0.0203017 -0.0190152 -0.0179493 -0.0170789 -0.0163189 -0.0156933 -0.0151935 -0.0147682 -0.0144564 -0.0142404 -0.0140523 
0 0.000635441 0.0012922 0.00199123 0.00272361 0.00348725 0.00431431 0.0052378 0.00627588 0.00744192 0.00876483 0.0102592 0.0119181 0.0138008 0.0159502 0.0183011 0.0208571 0.0236601 0.0266236 0.0296749 0.0327703 0.0357966 0.0386585 0.0412286 0.0433378 0.044872 0.0457037 0.0457003 0.0447514 0.0427623 0.0397319 0.0356683 0.0305477 0.0244264 0.0174306 0.00970602 0.00138532 -0.00739401 -0.0164263 -0.025469 -0.034299 -0.0426966 -0.050429 -0.0572729 -0.0630185 -0.067502 -0.0705868 -0.0721704 -0.0722529 -0.0709008 -0.0682704 -0.0645413 -0.0599067 -0.054614 -0.0489023 -0.0430546 -0.0372903 -0.0317973 -0.0267158 -0.0221251 -0.018112 -0.0146783 -0.0118409 -0.00953612 -0.00770875 -0.00628284 -0.00517621 -0.00434713 -0.00371601 -0.00327199 -0.00294475 -0.00273316 -0.00258441 -0.00249422 -0.00243635 -0.00239765 -0.00237955 -0.00235785 -0.00235523 -0.00233789 -0.00234068 -0.00232485 -0.00232897 -0.00231486 -0.00231846 -0.00230677 -0.00230896 -0.00230011 -0.0023006 -0.00229463 -0.00229347 -0.00229018 -0.00228764 -0.00228665 -0.00228312 -0.00228402 -0.00227991 -0.00228226 -0.002278 -0.00228138 -0.00227736 -0.00228138 -0.002278 -0.00228226 -0.00227991 -0.00228402 -0.00228312 -0.00228665 -0.00228764 -0.00229018 -0.00229347 -0.00229463 -0.0023006 -0.00230011 -0.00230896 -0.00230675 -0.00231842 -0.00231476 -0.00232871 -0.00232419 -0.00233911 -0.00233423 -0.00234705 -0.0023403 -0.00234331 -0.00232578 -0.00229951 -0.00224409 -0.00214539 -0.00199282 -0.00174387 -0.00139492 -0.000881334 -0.000197314 0.000735977 0.00194718 0.00352444 0.005533 0.00804612 0.0111332 0.0148027 0.0190736 0.0238779 0.0291684 0.0348234 0.040698 0.0465915 0.052242 0.0574093 0.0618325 0.0653153 0.0676555 0.068679 0.0682696 0.066371 0.0630369 0.0583546 0.0524585 0.0455242 0.0377508 0.0293557 0.0205295 0.0114708 0.00241268 -0.0064279 -0.0148903 -0.0228446 -0.0301485 -0.036633 -0.042189 -0.0467922 -0.050401 -0.052987 -0.0545673 -0.0551967 -0.0549863 -0.054023 -0.052409 -0.0502915 -0.0477807 -0.0450267 -0.0421626 -0.0392319 -0.036352 -0.0336369 -0.0310819 -0.0287052 -0.0265547 -0.0246493 -0.022983 -0.0215198 -0.0202596 -0.0192078 -0.0183104 -0.0175554 -0.0169574 -0.0164673 -0.0160614 -0.0157674 -0.0155845 
0 0.00075361 0.00149938 0.00227361 0.00311909 0.00402678 0.0049929 0.00607082 0.00728513 0.00863127 0.0101515 0.0118663 0.0137824 0.0159502 0.0183422 0.0209088 0.0237017 0.0266942 0.029777 0.0328954 0.035971 0.0389057 0.0415635 0.0437667 0.045439 0.0464677 0.0466797 0.046015 0.0443971 0.0417735 0.038172 0.0335809 0.028056 0.0216827 0.0145644 0.0068748 -0.0012937 -0.00981846 -0.0185078 -0.0271796 -0.0356258 -0.0437015 -0.0512288 -0.0579803 -0.063766 -0.0683945 -0.0717408 -0.0736994 -0.0742124 -0.0733203 -0.0711121 -0.0677471 -0.0633977 -0.0582716 -0.05262 -0.0467016 -0.0407765 -0.0350487 -0.029677 -0.0247751 -0.020418 -0.0166548 -0.0134914 -0.0109008 -0.0088259 -0.00719024 -0.00592284 -0.00495052 -0.0042207 -0.00368218 -0.00329596 -0.0030284 -0.00284573 -0.00272939 -0.00265115 -0.00260591 -0.00257285 -0.00255514 -0.00253926 -0.00253019 -0.002521 -0.00251398 -0.00250823 -0.00250139 -0.00249805 -0.00249106 -0.0024896 -0.00248256 -0.00248253 -0.00247565 -0.00247669 -0.00247015 -0.00247198 -0.00246592 -0.00246834 -0.00246283 -0.00246575 -0.00246081 -0.0024642 -0.00245981 -0.00246368 -0.00245981 -0.0024642 -0.00246081 -0.00246575 -0.00246283 -0.00246834 -0.00246592 -0.00247198 -0.00247015 -0.00247669 -0.00247565 -0.00248253 -0.00248256 -0.00248959 -0.00249104 -0.00249799 -0.00250122 -0.00250781 -0.00251293 -0.00251853 -0.00252457 -0.00252697 -0.00252932 -0.00252068 -0.00250469 -0.00246254 -0.00239192 -0.00226565 -0.00206974 -0.00177042 -0.00133957 -0.000739029 7.58648e-05 0.00115372 0.00256237 0.00436988 0.00665753 0.00949051 0.0129144 0.0169415 0.0215444 0.0266702 0.0322287 0.0380942 0.0440905 0.0499829 0.0555191 0.0604386 0.0645239 0.0675818 0.0694393 0.0699735 0.0691013 0.0668421 0.0632527 0.0584299 0.0525213 0.0456933 0.0381739 0.0301302 0.021707 0.0130714 0.00438802 -0.00413522 -0.0123836 -0.0202536 -0.0275966 -0.0343068 -0.0402471 -0.0453435 -0.0495477 -0.0527896 -0.0550954 -0.0564521 -0.0568791 -0.0565174 -0.0554494 -0.0537654 -0.0515901 -0.0490504 -0.0463147 -0.0434463 -0.040498 -0.0376355 -0.0349192 -0.032346 -0.0299822 -0.027845 -0.0259362 -0.0242795 -0.0228303 -0.0215553 -0.0204852 -0.0196118 -0.018883 -0.0182859 -0.0178297 -0.0174843 -0.017221 
0 0.000845045 0.00174475 0.00265016 0.00358606 0.00463368 0.00578628 0.00704326 0.00844778 0.0100076 0.0117452 0.0137089 0.0159017 0.0183011 0.0209088 0.023734 0.0267345 0.0298384 0.0329866 0.0360844 0.0390429 0.0417705 0.0440765 0.0458397 0.0470102 0.0474266 0.0469735 0.0456068 0.0432927 0.0400616 0.0358898 0.0308215 0.0249926 0.0184602 0.0113558 0.00380011 -0.0041238 -0.0122636 -0.0205211 -0.0287239 -0.03672 -0.0444255 -0.0516593 -0.0582651 -0.0640216 -0.0687478 -0.0723391 -0.0746487 -0.0756281 -0.0752279 -0.0735031 -0.0705791 -0.0665812 -0.0617287 -0.0562156 -0.0503239 -0.0443069 -0.038392 -0.0327775 -0.0275709 -0.0228955 -0.018787 -0.015294 -0.0123939 -0.0100444 -0.00818449 -0.00672294 -0.00560703 -0.00475057 -0.00412332 -0.00366051 -0.00334016 -0.00311859 -0.00297295 -0.00288123 -0.00282006 -0.00278692 -0.0027596 -0.00274827 -0.00273256 -0.00272777 -0.00271615 -0.00271269 -0.00270325 -0.00269964 -0.00269204 -0.00268804 -0.00268217 -0.00267788 -0.00267364 -0.00266927 -0.00266649 -0.00266225 -0.00266073 -0.00265681 -0.00265641 -0.00265295 -0.00265353 -0.00265065 -0.00265208 -0.00264988 -0.00265208 -0.00265065 -0.00265353 -0.00265295 -0.00265641 -0.00265681 -0.00266073 -0.00266225 -0.00266649 -0.00266927 -0.00267364 -0.00267788 -0.00268217 -0.00268802 -0.002692 -0.00269954 -0.00270297 -0.002712 -0.00271451 -0.00272397 -0.00272408 -0.00273012 -0.00272225 -0.00271307 -0.00267977 -0.0026253 -0.00252441 -0.00236301 -0.00211534 -0.00174644 -0.00123239 -0.000516738 0.000428111 0.00168288 0.00329388 0.00535809 0.00793543 0.0110915 0.0148577 0.0192148 0.0241423 0.0295414 0.0353348 0.0413462 0.0473878 0.0532066 0.0585316 0.0631455 0.0668114 0.0693885 0.0707094 0.0707011 0.0693592 0.0667162 0.062895 0.0579631 0.0520906 0.0454579 0.0382452 0.0306369 0.022702 0.0145874 0.00641348 -0.00171296 -0.00965167 -0.0173391 -0.0246345 -0.0314425 -0.0376895 -0.043208 -0.0479292 -0.0518023 -0.0547932 -0.0568981 -0.0580611 -0.058367 -0.0579398 -0.0568065 -0.0550762 -0.0528836 -0.0503443 -0.0475969 -0.0447233 -0.041804 -0.038951 -0.0362344 -0.0336929 -0.0313411 -0.0291948 -0.0272887 -0.025622 -0.0241761 -0.0229387 -0.0218819 -0.0209987 -0.0202978 -0.0197507 -0.0193245 -0.0190146 
0 0.000981725 0.00200573 0.00305668 0.00417352 0.00539229 0.0067002 0.00815053 0.00978708 0.0115835 0.0135755 0.0158077 0.0182383 0.0208571 0.0237017 0.0267345 0.0298618 0.0330225 0.0361554 0.039154 0.0419031 0.044272 0.0461314 0.0473922 0.0479416 0.0476735 0.0465214 0.0444393 0.041476 0.0376547 0.032964 0.0275304 0.0214721 0.0148898 0.00789201 0.000535867 -0.00702932 -0.0147084 -0.0224392 -0.0300878 -0.0375994 -0.0448547 -0.0517457 -0.0581413 -0.063811 -0.0686303 -0.0724318 -0.0751063 -0.0765571 -0.0766699 -0.0754858 -0.0730322 -0.069465 -0.0649403 -0.0596476 -0.0538646 -0.0478117 -0.0417845 -0.0359505 -0.0304892 -0.0255078 -0.0210721 -0.0172569 -0.0140307 -0.0114091 -0.00929013 -0.00763511 -0.00634346 -0.00535687 -0.00462075 -0.00406907 -0.00368878 -0.00340775 -0.00323652 -0.00310743 -0.0030407 -0.00298556 -0.00296059 -0.00293753 -0.00292459 -0.00291535 -0.00290371 -0.0029013 -0.00288843 -0.00289 -0.00287609 -0.0028801 -0.00286594 -0.00287136 -0.00285766 -0.0028638 -0.00285104 -0.0028575 -0.00284592 -0.00285254 -0.00284216 -0.00284895 -0.0028397 -0.00284679 -0.00283848 -0.00284607 -0.00283848 -0.00284679 -0.0028397 -0.00284895 -0.00284216 -0.00285254 -0.00284592 -0.0028575 -0.00285104 -0.0028638 -0.00285766 -0.00287135 -0.00286593 -0.00288007 -0.00287602 -0.00288982 -0.00288798 -0.00290022 -0.00290116 -0.00290958 -0.00291201 -0.00291116 -0.00290745 -0.00288266 -0.00284927 -0.00276528 -0.00264883 -0.00243677 -0.00214349 -0.00169506 -0.00108994 -0.000255237 0.000845233 0.00227961 0.00413274 0.00645799 0.00935996 0.0128407 0.0169558 0.0216392 0.0268616 0.0325199 0.0384804 0.0445892 0.050579 0.0562377 0.0612677 0.0654807 0.0686764 0.0706933 0.071454 0.0708806 0.0690668 0.066073 0.0620242 0.0570479 0.0512606 0.0448863 0.0380466 0.0308885 0.0235063 0.01596 0.00836611 0.000739553 -0.00682455 -0.0142145 -0.0213638 -0.0281677 -0.0345748 -0.0404405 -0.0456128 -0.0500618 -0.0537184 -0.0565305 -0.0584715 -0.0595287 -0.0597763 -0.0592788 -0.0581076 -0.0563753 -0.0541723 -0.0516323 -0.0489097 -0.0460685 -0.0431651 -0.040328 -0.03764 -0.0350981 -0.0327412 -0.0306218 -0.0287235 -0.0270575 -0.0256392 -0.0244128 -0.0233742 -0.0225389 -0.0218475 -0.0213169 -0.0209972 
0 0.00115668 0.00231697 0.00353528 0.00485587 0.00626954 0.00779091 0.00946637 0.0113165 0.0133704 0.015645 0.018113 0.0207823 0.0236601 0.0266942 0.0298384 0.0330225 0.0361562 0.0391879 0.0419965 0.0444058 0.0463244 0.047674 0.0483224 0.0481691 0.0471692 0.0452929 0.0425461 0.0389682 0.0345955 0.0295024 0.0238003 0.017619 0.0110848 0.0042489 -0.00280022 -0.0099333 -0.0170925 -0.0242192 -0.0312948 -0.0382664 -0.045033 -0.051544 -0.0576541 -0.0632216 -0.0680899 -0.0720877 -0.0751202 -0.0770134 -0.0776731 -0.0770351 -0.0751098 -0.0720267 -0.0678852 -0.062908 -0.0572881 -0.0512961 -0.0451994 -0.0392007 -0.0335197 -0.0282433 -0.0235126 -0.0193552 -0.01582 -0.0128919 -0.0105107 -0.00863679 -0.00715184 -0.00603002 -0.00515849 -0.00452836 -0.00405796 -0.00373364 -0.00351025 -0.00335776 -0.00326847 -0.0031981 -0.00317032 -0.003133 -0.00312854 -0.0031036 -0.0031058 -0.00308679 -0.00308933 -0.00307491 -0.00307561 -0.00306557 -0.00306387 -0.00305795 -0.00305397 -0.00305169 -0.00304587 -0.00304662 -0.00303949 -0.00304268 -0.00303478 -0.00303985 -0.00303168 -0.00303814 -0.00303014 -0.00303757 -0.00303014 -0.00303814 -0.00303168 -0.00303985 -0.00303478 -0.00304268 -0.00303949 -0.00304662 -0.00304587 -0.00305169 -0.00305397 -0.00305794 -0.00306385 -0.00306553 -0.0030755 -0.00307463 -0.00308863 -0.00308511 -0.00310193 -0.003095 -0.00311019 -0.00309531 -0.0030959 -0.00305691 -0.00301108 -0.00290683 -0.00275058 -0.00250164 -0.00213117 -0.0016152 -0.000887058 6.60756e-05 0.00134829 0.00298101 0.00508963 0.00770842 0.010926 0.0147572 0.0191898 0.0242007 0.0296779 0.0355564 0.0416361 0.0477523 0.0536318 0.0590226 0.0637008 0.0674351 0.0701025 0.0715324 0.0716915 0.0705826 0.0682945 0.064981 0.0607351 0.0557321 0.0501027 0.0440116 0.0375966 0.0309198 0.0240975 0.0171726 0.0101773 0.00312468 -0.00397137 -0.010998 -0.0178917 -0.0246046 -0.0310487 -0.0371223 -0.0426869 -0.0476406 -0.051904 -0.0553923 -0.0580718 -0.0599174 -0.0609016 -0.061079 -0.0605589 -0.0594015 -0.0576676 -0.055487 -0.0529923 -0.0502903 -0.0474644 -0.0445903 -0.0417757 -0.0390945 -0.0365775 -0.0342685 -0.0321644 -0.0302608 -0.0286132 -0.0272109 -0.0260039 -0.0250095 -0.0242254 -0.0236155 -0.0231744 
