0 0 0 0 0 0 0 0 0 0 0 0 0 0 0 0 0 0 0 0 0 0 0 0 0 0 0 0 0 0 0 0 0 0 0 0 0 0 0 0 0 0 0 0 0 0 0 0 0 0 0 0 0 0 0 0 0 0 0 0 0 0 0 0 0 0 0 0 0 0 0 0 0 0 0 0 0 0 0 0 0 0 0 0 0 0 0 0 0 0 0 0 0 0 0 0 0 0 0 0 0 0 0 0 0 0 0 0 0 0 0 0 0 0 0 0 0 0 0 0 0 0 0 0 0 0 0 0 0 0 0 0 0 0 0 0 0 0 0 0 0 0 0 0 0 0 0 0 0 0 0 0 0 0 0 0 0 0 0 0 0 0 0 0 0 0 0 0 0 0 0 0 0 0 0 0 0 0 0 0 0 0 0 0 0 0 0 0 0 0 0 0 0 0 0 0 0 0 0 0 
0 2.52296e-05 5.53444e-05 8.25408e-05 0.000119311 0.000148697 0.000158588 0.000210804 0.00027256 0.00026136 0.000286952 0.000381856 0.000407627 0.000440162 0.000537995 0.000575684 0.000632619 0.000753809 0.000836152 0.000962466 0.00112912 0.00128967 0.00152648 0.00175877 0.00202922 0.00241372 0.00276119 0.00316614 0.00365026 0.00408038 0.00453169 0.00490779 0.00520239 0.00543253 0.00541354 0.00524391 0.00487655 0.00424206 0.00342133 0.00231419 0.00108363 -0.000248161 -0.00169088 -0.00307503 -0.00443595 -0.0055792 -0.00650738 -0.00722625 -0.00763781 -0.00784752 -0.00772876 -0.00741138 -0.00691506 -0.00628041 -0.00563165 -0.00488315 -0.00419091 -0.00347344 -0.0028412 -0.00229148 -0.0018076 -0.00145871 -0.00112332 -0.00091264 -0.000691199 -0.000556465 -0.000429161 -0.000338412 -0.000287737 -0.000223211 -0.000222329 -0.000173192 -0.000194048 -0.00015689 -0.000179162 -0.000155327 -0.000168098 -0.000159265 -0.000158798 -0.000164532 -0.000151554 -0.000169234 -0.000146753 -0.000172597 -0.000144322 -0.00017448 -0.000143814 -0.000175098 -0.000144629 -0.000174815 -0.000146176 -0.000174014 -0.000147966 -0.000173025 -0.000149644 -0.000172094 -0.000150975 -0.000171391 -0.000151821 -0.000171016 -0.00015211 -0.000171016 -0.000151821 -0.000171391 -0.000150975 -0.000172094 -0.000149644 -0.000173025 -0.000147966 -0.000174014 -0.000146176 -0.000174815 -0.000144629 -0.000175098 -0.000143814 -0.00017448 -0.000144321 -0.000172595 -0.00014675 -0.000169225 -0.000151528 -0.000164461 -0.000158615 -0.000158812 -0.000167022 -0.000152871 -0.000173797 -0.000145673 -0.000171623 -0.000130361 -0.000144222 -8.72814e-05 -6.19804e-05 1.96763e-05 0.000114259 0.000235065 0.000420794 0.000603882 0.000899142 0.00119616 0.00163602 0.00212178 0.00272749 0.00341106 0.00411639 0.00488855 0.00558638 0.00631318 0.0069173 0.0074214 0.00773603 0.00776604 0.00758701 0.00707917 0.00637255 0.00538313 0.00415284 0.0027974 0.00130391 -0.000122123 -0.00154243 -0.00285782 -0.00396167 -0.00489121 -0.00551394 -0.00596075 -0.00619368 -0.00616199 -0.00601939 -0.00571201 -0.00534974 -0.0049428 -0.00444136 -0.00402614 -0.00360992 -0.00318062 -0.00284573 -0.00251591 -0.00225158 -0.0020362 -0.00180955 -0.00168583 -0.00156518 -0.00141427 -0.00135958 -0.00128209 -0.0011746 -0.00115649 -0.00112459 -0.00105743 -0.00103631 -0.00101901 -0.000995154 -0.000973186 -0.000930559 -0.000920117 -0.00094556 -0.000928287 -0.000894663 -0.000906017 
0 5.53444e-05 0.000120095 0.00017035 0.000218987 0.000295633 0.000360845 0.00040294 0.000478672 0.000569083 0.000640831 0.000726891 0.000811149 0.000898147 0.0010357 0.00117284 0.00130523 0.00150304 0.00172304 0.00194952 0.00224914 0.00261953 0.00304538 0.00354103 0.0041362 0.00483433 0.00558079 0.00638973 0.00728036 0.00817449 0.00901156 0.00975476 0.0103608 0.0107323 0.0107486 0.0103856 0.00961547 0.00838855 0.00668371 0.00453743 0.00208156 -0.000591863 -0.00338958 -0.00617735 -0.00879939 -0.011074 -0.0129254 -0.0143024 -0.0151771 -0.0155332 -0.0153554 -0.014733 -0.0137554 -0.0125546 -0.0112161 -0.00979757 -0.00837416 -0.00698489 -0.00572024 -0.00460263 -0.00367034 -0.00290749 -0.00228923 -0.00180137 -0.00140039 -0.00109739 -0.000851133 -0.000680047 -0.000549661 -0.000466832 -0.000412194 -0.000376586 -0.0003617 -0.00034511 -0.000346758 -0.000335988 -0.000342536 -0.000333748 -0.00034013 -0.000333166 -0.000337318 -0.000332746 -0.000333989 -0.000332115 -0.000330495 -0.000331227 -0.000327173 -0.000330146 -0.000324242 -0.000328977 -0.000321809 -0.000327832 -0.000319896 -0.000326806 -0.000318478 -0.000325977 -0.000317512 -0.000325397 -0.000316953 -0.000325099 -0.00031677 -0.000325099 -0.000316953 -0.000325397 -0.000317512 -0.000325977 -0.000318478 -0.000326806 -0.000319896 -0.000327832 -0.000321809 -0.000328977 -0.000324242 -0.000330146 -0.000327173 -0.000331226 -0.000330494 -0.000332112 -0.000333981 -0.000332723 -0.000337255 -0.000333001 -0.000339709 -0.00033272 -0.000340122 -0.000330551 -0.000335023 -0.000320859 -0.00031375 -0.000285947 -0.000248494 -0.000184442 -8.42975e-05 5.3233e-05 0.000255804 0.000508746 0.000850504 0.00126441 0.00179679 0.00245286 0.00327426 0.00428014 0.0054608 0.00680494 0.008234 0.00971372 0.0111637 0.012546 0.0137796 0.0147506 0.0153483 0.0154489 0.0150328 0.0140834 0.0126246 0.0106697 0.00825829 0.00553518 0.0026509 -0.000228684 -0.0030069 -0.00558002 -0.00780102 -0.00958317 -0.0108923 -0.0117702 -0.0122254 -0.0122558 -0.0119497 -0.0114045 -0.0106958 -0.00985134 -0.00893461 -0.00805224 -0.00721324 -0.00641566 -0.00569833 -0.00508539 -0.00456408 -0.00408961 -0.00369254 -0.00338981 -0.00310943 -0.00286997 -0.00270301 -0.0025565 -0.00242622 -0.00231812 -0.00222194 -0.00215056 -0.0020845 -0.00201862 -0.00197237 -0.00193631 -0.00191624 -0.00189273 -0.00183976 -0.00181713 -0.00182744 -0.00180793 
0 8.25408e-05 0.00017035 0.000260271 0.000342059 0.000433746 0.000541482 0.000629016 0.000718885 0.00085076 0.000970968 0.00107874 0.00123475 0.00139525 0.00155638 0.00177425 0.00200283 0.00226522 0.00261287 0.00298367 0.00343505 0.00401004 0.00463843 0.00539988 0.0063044 0.00729656 0.00843707 0.00965666 0.010934 0.0122607 0.0134667 0.0145449 0.0153976 0.0158466 0.0158573 0.0152723 0.0140753 0.0122424 0.00968315 0.00655908 0.00293229 -0.00102321 -0.00511468 -0.00922904 -0.0130387 -0.0164091 -0.019157 -0.021184 -0.0225073 -0.0230049 -0.0227935 -0.0218927 -0.0204806 -0.0187369 -0.0167332 -0.0146676 -0.0125317 -0.0105069 -0.00862248 -0.00696203 -0.00557968 -0.00440677 -0.00350347 -0.00273142 -0.00215731 -0.00167339 -0.00131717 -0.00104969 -0.000843873 -0.00072856 -0.000617368 -0.000588002 -0.000528152 -0.000533138 -0.000500532 -0.000510403 -0.000495463 -0.000497793 -0.000496954 -0.000488798 -0.000499386 -0.000482151 -0.000500983 -0.000477651 -0.000501343 -0.000475042 -0.0005006 -0.000473901 -0.000499093 -0.000473756 -0.000497203 -0.000474178 -0.000495267 -0.000474833 -0.000493542 -0.000475485 -0.000492204 -0.000475988 -0.000491363 -0.000476257 -0.000491077 -0.000476257 -0.000491363 -0.000475988 -0.000492204 -0.000475485 -0.000493542 -0.000474833 -0.000495267 -0.000474178 -0.000497203 -0.000473756 -0.000499093 -0.000473901 -0.0005006 -0.000475041 -0.000501341 -0.000477646 -0.000500967 -0.000482106 -0.000499265 -0.000488486 -0.000496174 -0.000495922 -0.000491154 -0.000500874 -0.000480329 -0.000492098 -0.000448335 -0.000439478 -0.000353042 -0.000278694 -0.000111362 9.2788e-05 0.000393382 0.000793717 0.00128682 0.00194964 0.00272814 0.00375864 0.00497739 0.00649862 0.00825509 0.0102292 0.0123658 0.0145202 0.0166941 0.0186945 0.0204968 0.0218841 0.022709 0.022866 0.0222129 0.020834 0.0186503 0.0157658 0.0122554 0.00825367 0.0040615 -0.000206822 -0.00429239 -0.0080601 -0.0113612 -0.0139939 -0.0160047 -0.0173278 -0.0180136 -0.0181417 -0.0177265 -0.0169809 -0.015957 -0.0147284 -0.0134533 -0.0121361 -0.0108873 -0.00973372 -0.00864552 -0.00772616 -0.00691885 -0.00619905 -0.00563018 -0.00513213 -0.00471142 -0.00438851 -0.0040891 -0.00385213 -0.00367434 -0.00348908 -0.00334707 -0.00324691 -0.00313663 -0.00305053 -0.00298292 -0.00291132 -0.00286965 -0.00283082 -0.00277274 -0.00275464 -0.00275575 -0.00271635 
0 0.000119311 0.000218987 0.000342059 0.000481843 0.000582219 0.000695244 0.000864306 0.00100249 0.00111958 0.00129067 0.00147038 0.00166321 0.00189728 0.0021197 0.00238713 0.00273488 0.00309209 0.00352733 0.0040847 0.00470809 0.00544882 0.00633613 0.00736205 0.00854882 0.00987677 0.0113637 0.0129807 0.0146354 0.0162951 0.0178634 0.0192095 0.0202111 0.0207197 0.0206293 0.0198092 0.0181665 0.0156774 0.0123437 0.00825896 0.00354765 -0.0015927 -0.00692271 -0.0121991 -0.0171353 -0.0215029 -0.0250897 -0.0277681 -0.0294717 -0.0301658 -0.0299165 -0.0288113 -0.0270384 -0.0247754 -0.0221997 -0.0194748 -0.0167105 -0.0140556 -0.0115871 -0.00940931 -0.00754445 -0.00599754 -0.00474535 -0.00372766 -0.00293065 -0.00228731 -0.00180566 -0.00143098 -0.00116878 -0.000981261 -0.000856245 -0.000780551 -0.000725443 -0.000704086 -0.000677556 -0.000677273 -0.000661111 -0.000666546 -0.000655284 -0.000660292 -0.000653084 -0.000655432 -0.000652292 -0.00065139 -0.000652077 -0.000648103 -0.000652039 -0.000645536 -0.00065198 -0.000643608 -0.000651829 -0.000642214 -0.000651594 -0.000641242 -0.000651321 -0.000640597 -0.000651072 -0.000640208 -0.000650899 -0.000640025 -0.000650837 -0.000640025 -0.000650899 -0.000640208 -0.000651072 -0.000640597 -0.000651321 -0.000641242 -0.000651594 -0.000642214 -0.000651829 -0.000643608 -0.00065198 -0.000645536 -0.000652039 -0.000648102 -0.000652074 -0.000651379 -0.000652262 -0.00065535 -0.000652866 -0.000659739 -0.000653935 -0.000663381 -0.000653977 -0.000661835 -0.000645511 -0.000640327 -0.000603914 -0.000558727 -0.000468591 -0.000332496 -0.000128182 0.000171227 0.000568467 0.00111076 0.00178937 0.00266879 0.00375434 0.00511834 0.0067845 0.00878218 0.0111058 0.0136858 0.0164615 0.0192966 0.0221008 0.0247159 0.0269907 0.0287363 0.029751 0.0298995 0.0290596 0.0272167 0.0243711 0.0206039 0.0160626 0.010939 0.00549904 -1.53474e-05 -0.00533141 -0.0102194 -0.0144919 -0.0179999 -0.0206775 -0.0224792 -0.0234557 -0.0236957 -0.0232987 -0.022398 -0.0211097 -0.0195977 -0.0179691 -0.0162852 -0.0146534 -0.0131215 -0.0117256 -0.0104735 -0.00935953 -0.00843449 -0.00764307 -0.00694603 -0.00639921 -0.00593972 -0.00553028 -0.005204 -0.00492403 -0.00469931 -0.00452236 -0.00434138 -0.00420284 -0.00410747 -0.00400136 -0.00390907 -0.00382664 -0.00376097 -0.00374607 -0.00371005 -0.00364939 -0.00364541 
0 0.000148697 0.000295633 0.000433746 0.000582219 0.000744857 0.000904564 0.00106831 0.0012454 0.00144341 0.00165834 0.00186917 0.00210715 0.00239581 0.00270127 0.00306113 0.00350642 0.00398416 0.00454548 0.00525501 0.00605848 0.00699152 0.00813087 0.00944426 0.0109237 0.0125835 0.0144118 0.0163722 0.0183528 0.0202935 0.0221343 0.0236715 0.0247482 0.0252428 0.0249967 0.0238871 0.0217709 0.0186324 0.0145485 0.00956503 0.00385726 -0.00236106 -0.00879441 -0.0151017 -0.0210372 -0.0262931 -0.0306491 -0.0339233 -0.0359932 -0.0368954 -0.0366493 -0.0354165 -0.0333517 -0.0306539 -0.0275658 -0.0242406 -0.0209024 -0.0176518 -0.0146408 -0.0119478 -0.00961039 -0.00767038 -0.00605603 -0.00477963 -0.00373994 -0.00293941 -0.00231188 -0.00183946 -0.00150295 -0.00125119 -0.00110219 -0.000982369 -0.000932675 -0.000879992 -0.000869768 -0.000847888 -0.000846378 -0.000839506 -0.000834992 -0.000837052 -0.000827011 -0.000835061 -0.000820482 -0.000832303 -0.000815129 -0.000828804 -0.000810899 -0.000824913 -0.00080768 -0.00082101 -0.000805306 -0.000817414 -0.000803605 -0.000814352 -0.00080243 -0.00081197 -0.000801666 -0.000810351 -0.000801236 -0.000809533 -0.000801098 -0.000809533 -0.000801236 -0.000810351 -0.000801666 -0.00081197 -0.00080243 -0.000814352 -0.000803605 -0.000817414 -0.000805306 -0.00082101 -0.00080768 -0.000824912 -0.000810899 -0.000828802 -0.000815122 -0.000832283 -0.000820427 -0.000834913 -0.000826631 -0.000836108 -0.000832739 -0.000834341 -0.000835003 -0.000823837 -0.000820977 -0.000785082 -0.000755715 -0.000666175 -0.000560686 -0.000361793 -0.000100264 0.000289148 0.000805519 0.00148376 0.00236801 0.00346714 0.00487355 0.00658268 0.00868956 0.0111621 0.0140125 0.017169 0.0205266 0.0239933 0.0273709 0.0305278 0.0332096 0.0352294 0.0363812 0.0364812 0.0354445 0.0331601 0.029689 0.0251195 0.0196466 0.013527 0.00698262 0.000355733 -0.00605729 -0.0119582 -0.0171233 -0.0214501 -0.0247879 -0.027097 -0.0284216 -0.0288585 -0.0285606 -0.0276033 -0.0261501 -0.0244125 -0.0224899 -0.0204865 -0.0185013 -0.0166262 -0.0149252 -0.0133614 -0.0119679 -0.0107995 -0.00977686 -0.00888214 -0.00815576 -0.00754717 -0.00702917 -0.00660728 -0.00625495 -0.00595843 -0.00570131 -0.00548419 -0.00531498 -0.0051516 -0.00500844 -0.00492628 -0.00484304 -0.00474769 -0.00469235 -0.004634 -0.00457744 -0.00458257 
0 0.000158588 0.000360845 0.000541482 0.000695244 0.000904564 0.00112489 0.00129267 0.001506 0.00177656 0.00201333 0.00227898 0.00260789 0.00293938 0.00333072 0.00379962 0.00430926 0.00492928 0.00566528 0.00651213 0.00753294 0.00870641 0.0100713 0.011672 0.0134355 0.0153983 0.0175598 0.0198013 0.0220713 0.0242645 0.0262587 0.0279005 0.0289609 0.0293283 0.0288579 0.0273637 0.0247602 0.0210108 0.0162023 0.0104309 0.0038296 -0.0033147 -0.0106806 -0.0179061 -0.0246863 -0.0307424 -0.0357785 -0.0395877 -0.0420363 -0.0431341 -0.0429611 -0.041643 -0.039361 -0.0363163 -0.0327647 -0.0289375 -0.025055 -0.021285 -0.0177597 -0.0145788 -0.0117957 -0.00944 -0.00748815 -0.00591114 -0.00464866 -0.00365837 -0.00288883 -0.00230602 -0.00187593 -0.00156691 -0.001357 -0.00121392 -0.0011275 -0.00106896 -0.00103941 -0.0010165 -0.001008 -0.000998194 -0.000995592 -0.000990802 -0.000988923 -0.000986772 -0.000984178 -0.000983946 -0.000980407 -0.000981696 -0.000977351 -0.000979797 -0.000974892 -0.000978158 -0.000972941 -0.000976749 -0.000971428 -0.000975577 -0.0009703 -0.000974664 -0.000969517 -0.000974037 -0.000969057 -0.000973718 -0.000968905 -0.000973718 -0.000969057 -0.000974037 -0.000969517 -0.000974664 -0.0009703 -0.000975577 -0.000971428 -0.000976749 -0.000972941 -0.000978158 -0.000974892 -0.000979797 -0.00097735 -0.000981691 -0.000980394 -0.000983909 -0.000984079 -0.000986513 -0.000988272 -0.000989227 -0.000991923 -0.000989978 -0.000990325 -0.000980009 -0.0009671 -0.00093154 -0.000877075 -0.000776251 -0.000623101 -0.000384949 -4.44582e-05 0.000431409 0.0010712 0.0019087 0.00298938 0.00435585 0.00607028 0.00817247 0.0107048 0.0136607 0.0170164 0.0206984 0.024609 0.0286082 0.0325075 0.0360874 0.0390904 0.0412949 0.0424879 0.0425122 0.0412263 0.038548 0.0345103 0.0292426 0.0229925 0.0159989 0.00854655 0.000963666 -0.00639832 -0.0131874 -0.0192024 -0.0242708 -0.0282623 -0.0311136 -0.0328264 -0.0335549 -0.0334044 -0.0324889 -0.0310039 -0.0291089 -0.0269911 -0.0247476 -0.0224651 -0.0203033 -0.0182749 -0.0164045 -0.0147529 -0.0132879 -0.0120327 -0.0109635 -0.0100305 -0.00927422 -0.00863364 -0.00807266 -0.00764069 -0.00725847 -0.00691243 -0.00667099 -0.00645424 -0.00623547 -0.00608238 -0.00595787 -0.00583575 -0.00574017 -0.00565767 -0.00560015 -0.00556562 -0.00551981 
0 0.000210804 0.00040294 0.000629016 0.000864306 0.00106831 0.00129267 0.00155886 0.00182897 0.00209045 0.00238209 0.0027397 0.00312419 0.00353192 0.00402531 0.00458045 0.00520617 0.00598144 0.00687631 0.00790505 0.00914327 0.0105654 0.0121916 0.0140485 0.0161051 0.0183753 0.0207931 0.023277 0.0257732 0.0281194 0.0301822 0.0318006 0.0327589 0.0329256 0.0321211 0.0301986 0.0270881 0.0227486 0.0172777 0.010779 0.00342478 -0.00448194 -0.0126152 -0.0205871 -0.0280792 -0.0347879 -0.0403956 -0.0446805 -0.0474854 -0.0488188 -0.0487613 -0.0474342 -0.0450222 -0.0417217 -0.0378132 -0.0335597 -0.0292118 -0.0249703 -0.0209683 -0.0173255 -0.0140967 -0.0113305 -0.00901873 -0.00713314 -0.00562679 -0.00443482 -0.00351469 -0.00280729 -0.00228477 -0.00190293 -0.00163738 -0.00145809 -0.00134009 -0.00126885 -0.00122183 -0.00119796 -0.00117939 -0.00117225 -0.00116382 -0.00116112 -0.00115663 -0.00115438 -0.00115202 -0.00114925 -0.00114842 -0.00114507 -0.00114538 -0.00114165 -0.00114276 -0.00113888 -0.00114051 -0.00113669 -0.00113864 -0.001135 -0.00113715 -0.00113378 -0.00113608 -0.00113297 -0.00113542 -0.00113258 -0.00113521 -0.00113258 -0.00113542 -0.00113297 -0.00113608 -0.00113378 -0.00113715 -0.001135 -0.00113864 -0.00113669 -0.00114051 -0.00113888 -0.00114276 -0.00114165 -0.00114538 -0.00114506 -0.0011484 -0.00114919 -0.00115185 -0.00115394 -0.00115554 -0.00115855 -0.00115797 -0.00115946 -0.00115252 -0.00114378 -0.00111697 -0.00107417 -0.000993346 -0.000865415 -0.000664359 -0.000366335 5.46606e-05 0.000636922 0.00140713 0.00241996 0.00371395 0.00535795 0.00740127 0.00989252 0.0128547 0.0162676 0.0200999 0.0242606 0.0286554 0.0331152 0.0374303 0.0413422 0.0445652 0.0468725 0.0480434 0.0479283 0.0463803 0.0433194 0.0387949 0.0329451 0.0260396 0.0183349 0.0101349 0.00179453 -0.00633764 -0.0138946 -0.0206454 -0.0263961 -0.0309959 -0.0344003 -0.0365892 -0.0376729 -0.0377724 -0.0370137 -0.0356041 -0.0336841 -0.0314338 -0.029023 -0.0265366 -0.0241034 -0.0217866 -0.0196357 -0.0177133 -0.015979 -0.0144619 -0.0131859 -0.0120677 -0.0111165 -0.0103324 -0.00965099 -0.00908136 -0.00861869 -0.00822732 -0.00789084 -0.00760047 -0.0073826 -0.00720185 -0.00699958 -0.00684667 -0.00675958 -0.00666182 -0.00658831 -0.00654785 -0.00648252 
0 0.00027256 0.000478672 0.000718885 0.00100249 0.0012454 0.001506 0.00182897 0.00213189 0.00244005 0.00283022 0.0032371 0.00365306 0.00417441 0.00477667 0.00543651 0.00622819 0.00715522 0.00821766 0.00946013 0.0109011 0.0125831 0.014487 0.0165895 0.0189542 0.0214948 0.024107 0.0267905 0.0294058 0.0318029 0.0338335 0.0352991 0.036078 0.035946 0.0347219 0.0323445 0.0287003 0.0238127 0.0177353 0.0105894 0.00264224 -0.00587264 -0.0145832 -0.0231327 -0.0311908 -0.0383855 -0.0444646 -0.0491438 -0.0522957 -0.0539004 -0.0539963 -0.0527491 -0.0502789 -0.0468389 -0.0426789 -0.0380918 -0.0333694 -0.0286968 -0.0242755 -0.0201813 -0.0165288 -0.0133496 -0.0106645 -0.00846536 -0.00668328 -0.00529068 -0.00418972 -0.00336153 -0.00272704 -0.00227086 -0.00194314 -0.0017179 -0.00157397 -0.00147438 -0.0014237 -0.0013812 -0.0013688 -0.0013483 -0.00134766 -0.00133543 -0.00133633 -0.00132826 -0.00132755 -0.00132264 -0.00131979 -0.00131764 -0.00131291 -0.0013131 -0.00130702 -0.00130909 -0.00130217 -0.00130566 -0.00129833 -0.00130286 -0.00129544 -0.00130075 -0.00129344 -0.00129932 -0.00129226 -0.00129861 -0.00129187 -0.00129861 -0.00129226 -0.00129932 -0.00129344 -0.00130075 -0.00129544 -0.00130286 -0.00129833 -0.00130566 -0.00130217 -0.00130909 -0.00130702 -0.0013131 -0.00131291 -0.00131762 -0.00131974 -0.00132253 -0.00132726 -0.00132752 -0.00133455 -0.00133132 -0.00133853 -0.00132878 -0.00132875 -0.00130231 -0.00127455 -0.00120377 -0.00110277 -0.000929865 -0.000675876 -0.000307393 0.000211879 0.000902988 0.00183297 0.00302081 0.00456257 0.00648543 0.00887876 0.0117565 0.0151353 0.0189925 0.0232509 0.0278578 0.0326503 0.0374922 0.0421101 0.0462397 0.0495947 0.0519049 0.0530039 0.052681 0.0508524 0.047435 0.0424885 0.0361944 0.0287549 0.0205079 0.0117388 0.00282617 -0.00587015 -0.0140622 -0.0214206 -0.0277702 -0.032946 -0.0368858 -0.0396236 -0.0411409 -0.0415868 -0.041119 -0.039882 -0.038066 -0.0357881 -0.0332692 -0.0306681 -0.0280137 -0.0254529 -0.02307 -0.0208715 -0.0188901 -0.0171143 -0.0155782 -0.0142655 -0.0131002 -0.0121348 -0.0113525 -0.0106457 -0.0100595 -0.00960718 -0.00918689 -0.00881928 -0.00854962 -0.00830911 -0.00809166 -0.0079471 -0.00782042 -0.00767413 -0.00757601 -0.00752822 -0.00747911 
0 0.00026136 0.000569083 0.00085076 0.00111958 0.00144341 0.00177656 0.00209045 0.00244005 0.00284661 0.00328966 0.00375691 0.00428002 0.0049007 0.005605 0.00640224 0.00734334 0.00844226 0.00971487 0.0111817 0.0128708 0.0148113 0.0169615 0.0193304 0.0219418 0.0246799 0.0274744 0.0302716 0.032925 0.0352867 0.0371536 0.0383851 0.0388501 0.0382968 0.0366077 0.0337107 0.0295523 0.0241604 0.0175451 0.00991044 0.00150282 -0.00743256 -0.0165421 -0.0255227 -0.0339677 -0.04154 -0.0479696 -0.0529832 -0.056478 -0.0583505 -0.058666 -0.0575341 -0.0550971 -0.0516139 -0.0473001 -0.0425008 -0.0374664 -0.0324522 -0.0276444 -0.0231472 -0.0190974 -0.0155114 -0.0124707 -0.00992966 -0.00787874 -0.00624778 -0.00496433 -0.00398806 -0.00322951 -0.00268715 -0.00227443 -0.00200482 -0.00180674 -0.00168929 -0.00160856 -0.001561 -0.00153536 -0.00151278 -0.00150992 -0.00149383 -0.00149959 -0.00148478 -0.00149331 -0.00147942 -0.00148809 -0.0014758 -0.00148333 -0.00147321 -0.00147902 -0.00147128 -0.00147525 -0.00146979 -0.00147209 -0.00146864 -0.0014696 -0.00146778 -0.0014678 -0.0014672 -0.00146672 -0.00146691 -0.00146636 -0.00146691 -0.00146672 -0.0014672 -0.0014678 -0.00146778 -0.0014696 -0.00146864 -0.00147209 -0.00146979 -0.00147525 -0.00147127 -0.00147902 -0.0014732 -0.00148332 -0.00147577 -0.00148801 -0.00147922 -0.00149281 -0.00148357 -0.00149674 -0.00148739 -0.00149593 -0.00148356 -0.00147678 -0.00144822 -0.00140018 -0.00131968 -0.00117714 -0.000973899 -0.000649173 -0.000214345 0.000412957 0.00122607 0.00231847 0.00371423 0.00550272 0.00774427 0.0104804 0.0137643 0.017545 0.0218283 0.0264936 0.031482 0.0366247 0.0417281 0.0465501 0.0507648 0.054137 0.0563676 0.0572935 0.0567303 0.0545751 0.0508391 0.0455537 0.0389267 0.0311384 0.0225025 0.0133753 0.00407917 -0.00501456 -0.0136591 -0.0215353 -0.0283905 -0.0341085 -0.0385929 -0.041868 -0.0439057 -0.044777 -0.0446859 -0.0437505 -0.0421311 -0.0399808 -0.0374759 -0.0348135 -0.032049 -0.0292936 -0.0266832 -0.0242359 -0.0219891 -0.0199698 -0.0181852 -0.01664 -0.0152875 -0.0141274 -0.0131641 -0.0123343 -0.0116185 -0.0110292 -0.0105487 -0.0101404 -0.00977396 -0.00947724 -0.00925752 -0.00905049 -0.00886352 -0.00874055 -0.00863916 -0.00854667 -0.00849895 
0 0.000286952 0.000640831 0.000970968 0.00129067 0.00165834 0.00201333 0.00238209 0.00283022 0.00328966 0.00376061 0.00433331 0.00499214 0.00570845 0.0065301 0.00749096 0.00860464 0.00989283 0.0113791 0.0130929 0.0150433 0.017219 0.0196288 0.0222608 0.0250513 0.0279453 0.0308596 0.0336696 0.0362618 0.0384529 0.0400621 0.0409707 0.0409888 0.0399538 0.0377542 0.0343168 0.0296684 0.0237845 0.0167387 0.00874262 9.34794e-06 -0.00916219 -0.0185206 -0.027733 -0.0363987 -0.0442172 -0.0508692 -0.0561775 -0.0599703 -0.0621391 -0.062722 -0.061763 -0.0594733 -0.0560293 -0.0516997 -0.04678 -0.0415261 -0.0362418 -0.0310767 -0.0262305 -0.0217786 -0.0178185 -0.0144032 -0.0115194 -0.00918268 -0.00728748 -0.00582098 -0.00466268 -0.00379381 -0.00313373 -0.00265182 -0.0023153 -0.00207153 -0.00192707 -0.00181379 -0.00176578 -0.00171391 -0.00170427 -0.00167853 -0.0016791 -0.00166542 -0.00166537 -0.00165912 -0.00165536 -0.0016548 -0.00164717 -0.00165116 -0.00164044 -0.00164785 -0.00163502 -0.00164486 -0.0016308 -0.00164224 -0.00162762 -0.00164008 -0.00162536 -0.00163847 -0.00162391 -0.00163748 -0.00162321 -0.00163714 -0.00162321 -0.00163748 -0.00162391 -0.00163847 -0.00162536 -0.00164008 -0.00162762 -0.00164224 -0.0016308 -0.00164486 -0.00163502 -0.00164785 -0.00164043 -0.00165114 -0.00164713 -0.00165467 -0.00165503 -0.0016583 -0.00166342 -0.00166094 -0.0016692 -0.00165749 -0.00166134 -0.00162975 -0.00160739 -0.00152758 -0.00143044 -0.00124337 -0.000986459 -0.000595995 -5.86176e-05 0.000669109 0.00164656 0.00290137 0.00454266 0.00659007 0.00916378 0.0122562 0.0159194 0.0201033 0.0247545 0.0298039 0.0350959 0.0405128 0.0457786 0.050673 0.0548804 0.0581416 0.0602308 0.0609066 0.0600663 0.0575913 0.053546 0.0480164 0.0411407 0.0331577 0.0243072 0.0149829 0.00550264 -0.00383961 -0.0127509 -0.0209918 -0.0282695 -0.0344527 -0.0394769 -0.0432795 -0.0458791 -0.0472959 -0.0476666 -0.0471461 -0.0458401 -0.0439297 -0.0415724 -0.0389151 -0.0361147 -0.0332639 -0.030461 -0.0277982 -0.025319 -0.0230579 -0.0210262 -0.0192268 -0.0176697 -0.0163145 -0.0151268 -0.0141409 -0.0133245 -0.0125923 -0.0119824 -0.0115154 -0.0110966 -0.0107298 -0.0104478 -0.0101854 -0.00997187 -0.00985337 -0.0097312 -0.00960228 -0.0095499 
0 0.000381856 0.000726891 0.00107874 0.00147038 0.00186917 0.00227898 0.0027397 0.0032371 0.00375691 0.00433331 0.00499799 0.00575715 0.00660239 0.00757235 0.00872954 0.0100477 0.0115234 0.0132463 0.0152175 0.0173949 0.0198169 0.0224856 0.0253261 0.0282681 0.0312554 0.0341936 0.0369322 0.0393235 0.0412307 0.0424995 0.0429583 0.0424544 0.0408789 0.0381342 0.034184 0.0290391 0.0227258 0.0153628 0.00711808 -0.00177195 -0.0110512 -0.0204852 -0.0297406 -0.0384874 -0.046396 -0.0532002 -0.0587287 -0.0627828 -0.0652691 -0.0661322 -0.0654416 -0.0633653 -0.0600738 -0.0558396 -0.05089 -0.0455323 -0.0400219 -0.0345796 -0.0294033 -0.0245877 -0.0202711 -0.0164748 -0.0132628 -0.0105998 -0.00845017 -0.00675506 -0.00541997 -0.00441185 -0.00362915 -0.00307072 -0.00264871 -0.00236997 -0.00216994 -0.00204618 -0.00196655 -0.00191382 -0.00188993 -0.00186277 -0.00186116 -0.001841 -0.00184714 -0.00182888 -0.00183696 -0.00182033 -0.00182794 -0.00181366 -0.00181977 -0.00180835 -0.00181258 -0.00180414 -0.00180653 -0.00180088 -0.00180169 -0.00179843 -0.00179809 -0.00179673 -0.00179572 -0.00179573 -0.00179454 -0.0017954 -0.00179454 -0.00179573 -0.00179572 -0.00179673 -0.00179809 -0.00179843 -0.00180169 -0.00180088 -0.00180652 -0.00180414 -0.00181257 -0.00180834 -0.00181975 -0.00181363 -0.00182786 -0.00182011 -0.00183641 -0.00182756 -0.00184406 -0.00183409 -0.00184622 -0.00183172 -0.00182795 -0.00179499 -0.00174778 -0.0016594 -0.0015129 -0.00129647 -0.000959078 -0.000502604 0.000152128 0.00100179 0.00214649 0.00360627 0.00548777 0.0078411 0.0107321 0.0142016 0.0182204 0.0227842 0.0277786 0.0331434 0.0387 0.0442771 0.0496263 0.0544665 0.0585584 0.0616182 0.063457 0.063848 0.0626746 0.059904 0.0555819 0.0498589 0.0428521 0.034782 0.0259076 0.0165493 0.00704151 -0.00236909 -0.0114074 -0.0198348 -0.0274305 -0.0340219 -0.0395253 -0.0438656 -0.0470353 -0.049069 -0.0500165 -0.0499848 -0.0491141 -0.0475574 -0.0454463 -0.0429196 -0.0401523 -0.0372852 -0.03439 -0.0315463 -0.0288716 -0.0263991 -0.0241066 -0.0220489 -0.0202573 -0.0186824 -0.0173023 -0.0161281 -0.0151502 -0.0143112 -0.0135726 -0.0129683 -0.0124783 -0.0120419 -0.0116884 -0.0114256 -0.0111871 -0.0109725 -0.0108197 -0.0107158 -0.0106388 
0 0.000407627 0.000811149 0.00123475 0.00166321 0.00210715 0.00260789 0.00312419 0.00365306 0.00428002 0.00499214 0.00575715 0.00663 0.00762798 0.00877855 0.0101233 0.0116315 0.013349 0.01534 0.0175488 0.019973 0.0226392 0.0254976 0.0284875 0.0315162 0.0345144 0.0373953 0.0399544 0.0420523 0.0435935 0.0443997 0.0443124 0.0432114 0.041033 0.0377413 0.0332812 0.0276832 0.0210412 0.0134689 0.00513099 -0.00377953 -0.0130335 -0.0223762 -0.0315392 -0.0402174 -0.0481181 -0.0550056 -0.0606782 -0.0649711 -0.0677426 -0.0689199 -0.068551 -0.0667532 -0.06372 -0.0596563 -0.0547979 -0.0494172 -0.0437701 -0.0381217 -0.0326549 -0.0275348 -0.0228663 -0.0187257 -0.0151675 -0.0121791 -0.00975175 -0.00780123 -0.00627869 -0.00509257 -0.00419147 -0.00351668 -0.00301922 -0.0026728 -0.00242466 -0.00227145 -0.00216058 -0.00210419 -0.002058 -0.0020408 -0.00202139 -0.00201594 -0.00200755 -0.00200352 -0.00200066 -0.00199511 -0.00199584 -0.00198843 -0.00199176 -0.00198292 -0.00198813 -0.00197842 -0.00198493 -0.00197483 -0.00198221 -0.00197211 -0.00198008 -0.00197019 -0.0019786 -0.00196905 -0.00197785 -0.00196867 -0.00197785 -0.00196905 -0.0019786 -0.00197019 -0.00198008 -0.00197211 -0.00198221 -0.00197483 -0.00198493 -0.00197842 -0.00198813 -0.00198291 -0.00199174 -0.00198837 -0.0019957 -0.00199475 -0.00199978 -0.00200144 -0.00200279 -0.00200546 -0.00199922 -0.00199575 -0.00197002 -0.00193916 -0.00186323 -0.00175673 -0.00156801 -0.00130025 -0.000897818 -0.00034504 0.000411217 0.00141605 0.00272404 0.00441775 0.00655301 0.00922276 0.012451 0.0162769 0.0206614 0.02556 0.0308841 0.0365041 0.0422637 0.0479235 0.0532443 0.0579476 0.0617981 0.0645721 0.0660589 0.0660967 0.0645724 0.061498 0.0569582 0.0510865 0.0440457 0.0360241 0.0272752 0.0180727 0.00868057 -0.000641922 -0.0096583 -0.0181513 -0.0259391 -0.0328763 -0.0388098 -0.0436532 -0.0474006 -0.0500544 -0.051637 -0.0521878 -0.0518364 -0.0507518 -0.0490116 -0.0467465 -0.0441395 -0.041321 -0.0384038 -0.0354602 -0.0326012 -0.0299303 -0.0274273 -0.0251285 -0.0230951 -0.0212888 -0.0197069 -0.0183349 -0.0171339 -0.0161383 -0.0153083 -0.0145676 -0.0139532 -0.0134661 -0.0130476 -0.0126993 -0.0124152 -0.012175 -0.0119984 -0.0118751 -0.0117732 
0 0.000440162 0.000898147 0.00139525 0.00189728 0.00239581 0.00293938 0.00353192 0.00417441 0.0049007 0.00570845 0.00660239 0.00762798 0.00881622 0.0101675 0.0116821 0.0134191 0.01542 0.0176351 0.0200742 0.0227611 0.0256243 0.0286301 0.031712 0.0347513 0.0376901 0.0403778 0.0426367 0.0443669 0.0454203 0.0456693 0.0449763 0.0432334 0.0404613 0.0366145 0.0316681 0.0256961 0.0187954 0.0111295 0.00281193 -0.0060022 -0.0150753 -0.0241962 -0.0331099 -0.0415892 -0.0493904 -0.0562676 -0.0620418 -0.0665209 -0.0695717 -0.0710992 -0.0710997 -0.0696776 -0.0669718 -0.0631789 -0.0584983 -0.0531769 -0.0474825 -0.0416724 -0.0359796 -0.0305718 -0.0255855 -0.0211092 -0.0172047 -0.0138948 -0.0111616 -0.00895874 -0.00721418 -0.00585535 -0.00481126 -0.00402191 -0.00343854 -0.00301672 -0.00272287 -0.00252301 -0.00239299 -0.00231024 -0.00225868 -0.0022279 -0.00220737 -0.00219605 -0.00218576 -0.0021809 -0.00217369 -0.00217093 -0.00216493 -0.00216294 -0.00215784 -0.0021562 -0.00215201 -0.00215056 -0.00214729 -0.00214598 -0.00214359 -0.00214244 -0.00214086 -0.00213993 -0.00213906 -0.00213844 -0.00213817 -0.00213794 -0.00213817 -0.00213844 -0.00213906 -0.00213993 -0.00214086 -0.00214244 -0.00214359 -0.00214598 -0.00214729 -0.00215056 -0.00215201 -0.00215619 -0.00215781 -0.00216285 -0.0021647 -0.00217035 -0.00217229 -0.00217765 -0.00217851 -0.00218045 -0.00217506 -0.00216364 -0.00213584 -0.00208465 -0.00199497 -0.00184798 -0.00162128 -0.00128412 -0.00080594 -0.000145579 0.000740087 0.00190705 0.0034208 0.00535439 0.0077849 0.0107713 0.0143511 0.0185215 0.0232452 0.0284548 0.0340424 0.0398695 0.0457309 0.0513901 0.0565783 0.0610458 0.0645763 0.066964 0.0680458 0.0676725 0.0657976 0.0624505 0.0577291 0.0517857 0.0447699 0.036906 0.0284026 0.0194787 0.0103567 0.00124237 -0.00760888 -0.0160364 -0.0239009 -0.0310505 -0.0373507 -0.0426557 -0.0469574 -0.0502489 -0.0524845 -0.0537093 -0.053982 -0.0534326 -0.0521767 -0.0502888 -0.0479485 -0.0452866 -0.0424119 -0.0394702 -0.0365191 -0.0336539 -0.0309768 -0.0284817 -0.0261901 -0.0241387 -0.0223297 -0.0207512 -0.0193586 -0.0181577 -0.0171668 -0.0163191 -0.0155913 -0.0149985 -0.0144876 -0.0140468 -0.0137185 -0.0134709 -0.0132506 -0.0130743 -0.012967 
0 0.000537995 0.0010357 0.00155638 0.0021197 0.00270127 0.00333072 0.00402531 0.00477667 0.005605 0.0065301 0.00757235 0.00877855 0.0101675 0.0117145 0.0134577 0.0154705 0.0177096 0.020136 0.0228134 0.0257091 0.0287298 0.0318303 0.0349238 0.0379189 0.0406805 0.0430423 0.0449223 0.0461706 0.0466409 0.0462619 0.0449023 0.042536 0.0391706 0.0347762 0.0294171 0.0231409 0.0160933 0.00843208 0.000224187 -0.00835304 -0.0171335 -0.0259015 -0.0344499 -0.0426435 -0.05024 -0.0570508 -0.0628584 -0.0674809 -0.0708031 -0.0726806 -0.0731126 -0.0721161 -0.0698164 -0.0663724 -0.0619444 -0.0567837 -0.0511105 -0.0452259 -0.0393541 -0.0337053 -0.0284336 -0.0236324 -0.0194018 -0.0157521 -0.0127154 -0.0102291 -0.00825217 -0.00669716 -0.00549382 -0.00458155 -0.00389199 -0.00339776 -0.00303609 -0.00279814 -0.00262939 -0.00252975 -0.00245945 -0.00242173 -0.0023943 -0.00237872 -0.00236791 -0.00235826 -0.00235394 -0.00234524 -0.00234392 -0.00233523 -0.00233564 -0.00232711 -0.00232863 -0.00232054 -0.00232282 -0.00231537 -0.0023182 -0.00231149 -0.00231476 -0.00230878 -0.00231247 -0.00230718 -0.00231134 -0.00230665 -0.00231134 -0.00230718 -0.00231247 -0.00230878 -0.00231476 -0.00231149 -0.0023182 -0.00231537 -0.00232282 -0.00232054 -0.00232862 -0.00232709 -0.00233558 -0.00233509 -0.00234355 -0.00234432 -0.00235177 -0.00235331 -0.00235707 -0.00235587 -0.002348 -0.00233153 -0.0022906 -0.00222604 -0.00210433 -0.00192502 -0.00163773 -0.00123657 -0.000659986 0.000111068 0.00114604 0.00249276 0.00422748 0.00643036 0.00915925 0.0124857 0.0164002 0.0209145 0.025945 0.0314315 0.0372359 0.0431917 0.0490863 0.0546384 0.0596189 0.0637591 0.0668932 0.0688288 0.0694316 0.0686283 0.0663832 0.0627972 0.0579384 0.0519738 0.0450729 0.0374325 0.029282 0.0207411 0.0120061 0.00324666 -0.00534178 -0.0135812 -0.0214078 -0.0286579 -0.0352061 -0.040938 -0.0457536 -0.0496521 -0.0525604 -0.0544834 -0.0554707 -0.0555389 -0.0548271 -0.0534423 -0.0514762 -0.0490768 -0.0463625 -0.0434922 -0.0405541 -0.0375831 -0.0347287 -0.0320613 -0.0295496 -0.027246 -0.0252015 -0.0233986 -0.0218131 -0.0204288 -0.0192355 -0.0182222 -0.0173683 -0.0166416 -0.0160318 -0.0155507 -0.0151547 -0.0148066 -0.0145491 -0.0143724 -0.0142246 
0 0.000575684 0.00117284 0.00177425 0.00238713 0.00306113 0.00379962 0.00458045 0.00543651 0.00640224 0.00749096 0.00872954 0.0101233 0.0116821 0.0134577 0.0154776 0.0177263 0.0201902 0.0228707 0.0257602 0.0288063 0.03192 0.0350196 0.0380488 0.040886 0.0433413 0.0453179 0.0467272 0.0474008 0.0472323 0.0461461 0.0441086 0.0411227 0.0371555 0.0322799 0.0265736 0.0201066 0.0130391 0.00545782 -0.00251535 -0.010755 -0.0191369 -0.0274472 -0.0355837 -0.0434017 -0.0507365 -0.0574137 -0.0631855 -0.0679287 -0.0714732 -0.0737165 -0.0745934 -0.0740638 -0.0722383 -0.0691899 -0.0651133 -0.0601808 -0.0546316 -0.0487505 -0.0427631 -0.0369374 -0.0313992 -0.0263173 -0.0217533 -0.0177792 -0.0144178 -0.0116324 -0.00940365 -0.00762023 -0.00625136 -0.00518149 -0.00439002 -0.00379345 -0.00337076 -0.00307413 -0.0028705 -0.00274536 -0.00265496 -0.0026133 -0.00257201 -0.0025639 -0.00254096 -0.00254346 -0.00252747 -0.00253177 -0.00251954 -0.00252275 -0.00251361 -0.00251499 -0.00250872 -0.00250831 -0.00250463 -0.00250276 -0.0025013 -0.00249839 -0.00249875 -0.00249525 -0.00249702 -0.00249336 -0.00249614 -0.00249272 -0.00249614 -0.00249336 -0.00249702 -0.00249525 -0.00249875 -0.00249839 -0.0025013 -0.00250276 -0.00250463 -0.00250831 -0.00250871 -0.00251496 -0.00251352 -0.00252251 -0.00251894 -0.00253033 -0.00252414 -0.00253603 -0.00252502 -0.002531 -0.00250668 -0.00248864 -0.00242634 -0.00234237 -0.00218737 -0.00195944 -0.00161709 -0.00112733 -0.000461229 0.000450006 0.00162999 0.00318592 0.00514836 0.00763841 0.0106783 0.0143357 0.018592 0.0234129 0.0287432 0.0344504 0.0404314 0.0464432 0.0522872 0.0576633 0.0623398 0.0661042 0.0687576 0.0701939 0.0702688 0.068999 0.0663971 0.0625644 0.0576245 0.0516832 0.0449692 0.0376411 0.0298967 0.0218502 0.0135949 0.00531128 -0.00289847 -0.0108851 -0.0185569 -0.0258176 -0.0325137 -0.0385766 -0.0438731 -0.0483076 -0.0518569 -0.0544804 -0.0561909 -0.0569744 -0.0568908 -0.0560928 -0.0546415 -0.0526185 -0.0501799 -0.0474657 -0.0445867 -0.0416203 -0.038663 -0.035824 -0.0331494 -0.0306549 -0.0283701 -0.0263174 -0.0245009 -0.0229156 -0.0215335 -0.0203259 -0.0193076 -0.0184696 -0.0177566 -0.0171584 -0.016669 -0.0162622 -0.0159581 -0.0157423 -0.0155669 
0 0.000632619 0.00130523 0.00200283 0.00273488 0.00350642 0.00430926 0.00520617 0.00622819 0.00734334 0.00860464 0.0100477 0.0116315 0.0134191 0.0154705 0.0177263 0.0201874 0.0228907 0.0257942 0.0288441 0.0319756 0.0351038 0.0381538 0.0410183 0.0435514 0.0456186 0.0471156 0.0479405 0.0479706 0.0471001 0.0453068 0.042619 0.0390171 0.0345193 0.0292314 0.023258 0.0167151 0.00968994 0.00228483 -0.00536368 -0.0131817 -0.0210454 -0.028845 -0.0364943 -0.0438734 -0.0508926 -0.0573508 -0.0630677 -0.0678872 -0.0716492 -0.0742657 -0.0755879 -0.0755829 -0.0742519 -0.0716709 -0.0679957 -0.0633593 -0.0580205 -0.0521947 -0.0461775 -0.0401993 -0.034451 -0.0291033 -0.0242283 -0.0199451 -0.0162465 -0.0131747 -0.0106596 -0.00865805 -0.00708889 -0.00586799 -0.0049522 -0.00425062 -0.00375888 -0.00338907 -0.00315511 -0.002981 -0.00288406 -0.00281104 -0.00277372 -0.00274632 -0.00272875 -0.00272056 -0.0027069 -0.00270729 -0.00269304 -0.00269792 -0.00268266 -0.00269017 -0.00267452 -0.00268357 -0.00266816 -0.0026781 -0.00266335 -0.00267378 -0.0026599 -0.00267067 -0.00265767 -0.0026688 -0.00265658 -0.00266817 -0.00265658 -0.0026688 -0.00265767 -0.00267067 -0.0026599 -0.00267378 -0.00266335 -0.0026781 -0.00266816 -0.00268356 -0.00267449 -0.00269011 -0.00268251 -0.00269753 -0.0026921 -0.00270508 -0.00270188 -0.00270959 -0.00270569 -0.00269966 -0.00268296 -0.00264132 -0.00257895 -0.00245361 -0.0022779 -0.00198334 -0.00158437 -0.000995084 -0.000219649 0.000836429 0.00220037 0.00396757 0.00620591 0.00898142 0.0123657 0.0163442 0.0209397 0.0260513 0.0316363 0.0375359 0.0436035 0.0496133 0.0552955 0.0604182 0.0647093 0.0680194 0.0701553 0.0710281 0.0705805 0.0688292 0.065894 0.0618503 0.0568529 0.0510182 0.044532 0.0375846 0.0302859 0.0227628 0.0150731 0.00732188 -0.000406226 -0.00805125 -0.0154859 -0.022625 -0.0293745 -0.0356451 -0.0413269 -0.046265 -0.0504009 -0.053714 -0.0561509 -0.0576797 -0.0583231 -0.0581655 -0.0572936 -0.0557786 -0.0537294 -0.0512831 -0.0485604 -0.0456788 -0.0427372 -0.0397951 -0.036954 -0.0343016 -0.0318155 -0.0295157 -0.0274699 -0.0256556 -0.0240555 -0.0226813 -0.0214951 -0.0204777 -0.0196239 -0.0189055 -0.0183252 -0.0178691 -0.0174881 -0.0171929 -0.0170117 
0 0.000753809 0.00150304 0.00226522 0.00309209 0.00398416 0.00492928 0.00598144 0.00715522 0.00844226 0.00989283 0.0115234 0.013349 0.01542 0.0177096 0.0201902 0.0228907 0.0257964 0.0288605 0.0319989 0.0351307 0.0382207 0.0411314 0.0436964 0.0458362 0.0474255 0.0483428 0.0485073 0.0478171 0.0462346 0.0437678 0.0404337 0.0362713 0.0313245 0.0257148 0.0195933 0.0130467 0.00615412 -0.000978397 -0.00823872 -0.0155414 -0.0228405 -0.0300848 -0.0371987 -0.0441168 -0.0507458 -0.0569473 -0.062564 -0.0674236 -0.0713994 -0.0743494 -0.0761331 -0.0766519 -0.0758505 -0.0737903 -0.0705569 -0.0663081 -0.0612335 -0.055561 -0.0495726 -0.0435014 -0.0375928 -0.0319938 -0.0268491 -0.0222425 -0.0182295 -0.0148418 -0.0120377 -0.00979249 -0.00800269 -0.00662318 -0.00555392 -0.0047564 -0.00416329 -0.00373744 -0.00344352 -0.00323793 -0.00311304 -0.00302123 -0.00297753 -0.00293543 -0.00292393 -0.00290085 -0.00289945 -0.0028839 -0.00288438 -0.00287299 -0.0028728 -0.00286471 -0.00286326 -0.00285811 -0.00285545 -0.00285288 -0.0028493 -0.00284889 -0.00284475 -0.00284607 -0.00284175 -0.0028444 -0.00284027 -0.00284384 -0.00284027 -0.0028444 -0.00284175 -0.00284607 -0.00284475 -0.00284889 -0.0028493 -0.00285287 -0.00285544 -0.00285809 -0.00286322 -0.00286461 -0.00287256 -0.00287238 -0.00288293 -0.00288055 -0.00289201 -0.00288491 -0.00289108 -0.00287028 -0.0028533 -0.00279344 -0.00271144 -0.00255677 -0.002331 -0.00198503 -0.00149521 -0.00081855 9.93891e-05 0.0013001 0.00287428 0.00486932 0.00739342 0.0104788 0.0141899 0.0185049 0.0233978 0.0287941 0.0345799 0.0406272 0.0467172 0.0526353 0.0580954 0.062867 0.0667312 0.0695165 0.0711026 0.0713932 0.0704074 0.0682092 0.0649365 0.060721 0.0556888 0.050001 0.0438083 0.0372626 0.0304615 0.02348 0.016394 0.00924126 0.00204411 -0.00515627 -0.0122756 -0.0192105 -0.0258989 -0.0322786 -0.0382171 -0.0435801 -0.0482666 -0.0522038 -0.0553426 -0.0576193 -0.0590256 -0.0595908 -0.0593496 -0.0584222 -0.056899 -0.0548383 -0.0523903 -0.049692 -0.046837 -0.0439036 -0.040964 -0.0381423 -0.0354921 -0.0330016 -0.0307318 -0.0286949 -0.0268671 -0.0252856 -0.0239121 -0.0226958 -0.021684 -0.0208601 -0.0201591 -0.019591 -0.0191539 -0.0188144 -0.0185664 
