0 0 0 0 0 0 0 0 0 0 0 0 0 0 0 0 0 0 0 0 0 0 0 0 0 0 0 0 0 0 0 0 0 0 0 0 0 0 0 0 0 0 0 0 0 0 0 0 0 0 0 0 0 0 0 0 0 0 0 0 0 0 0 0 0 0 0 0 0 0 0 0 0 0 0 0 0 0 0 0 0 0 0 0 0 0 0 0 0 0 0 0 0 0 0 0 0 0 0 0 0 0 0 0 0 0 0 0 0 0 0 0 0 0 0 0 0 0 0 0 0 0 0 0 0 0 0 0 0 0 0 0 0 0 0 0 0 0 0 0 0 0 0 0 0 0 0 0 0 0 0 0 0 0 0 0 0 0 0 0 0 0 0 0 0 0 0 0 0 0 0 0 0 0 0 0 0 0 0 0 0 0 0 0 0 0 0 0 0 0 0 0 0 0 0 0 0 0 0 0 
0 2.32321e-05 0.000110376 0.000165282 0.000209703 0.000295733 0.000337763 0.000385024 0.000509316 0.00058647 0.000650615 0.000818542 0.000965365 0.00108627 0.00130252 0.00153461 0.00178748 0.002123 0.00246693 0.00287175 0.00332781 0.00373814 0.00421378 0.00469475 0.00505186 0.00538302 0.00560287 0.00563397 0.00550046 0.00509542 0.00449181 0.00368569 0.00258514 0.00133945 -3.97023e-05 -0.00149211 -0.00291459 -0.00433975 -0.00558834 -0.00661866 -0.00742612 -0.0079328 -0.00822843 -0.00822644 -0.0079671 -0.00752202 -0.00688961 -0.0062219 -0.00547764 -0.00473076 -0.00400534 -0.00328954 -0.00268997 -0.00213923 -0.00171726 -0.00136564 -0.00107863 -0.000870534 -0.000669856 -0.000549464 -0.00042189 -0.000353561 -0.00029214 -0.000249635 -0.000235785 -0.000203241 -0.000213533 -0.000187307 -0.000202654 -0.000185867 -0.000194801 -0.000190452 -0.000188669 -0.000196349 -0.000184794 -0.000200937 -0.000183431 -0.000203093 -0.000184185 -0.000202774 -0.000186276 -0.000200552 -0.000188883 -0.000197212 -0.00019137 -0.000193472 -0.000193364 -0.000189861 -0.000194734 -0.000186696 -0.000195519 -0.000184117 -0.000195853 -0.000182148 -0.0001959 -0.00018075 -0.000195814 -0.000179863 -0.000195712 -0.000179435 -0.00019567 -0.000179435 -0.000195712 -0.000179863 -0.000195814 -0.00018075 -0.0001959 -0.000182148 -0.000195853 -0.000184117 -0.000195519 -0.000186696 -0.000194734 -0.000189861 -0.000193364 -0.000193472 -0.00019137 -0.000197212 -0.000188883 -0.000200552 -0.000186276 -0.000202774 -0.000184185 -0.000203093 -0.00018343 -0.000200932 -0.00018478 -0.00019631 -0.000188562 -0.000190176 -0.000194121 -0.000184259 -0.000199017 -0.000179439 -0.000197276 -0.000171193 -0.000175553 -0.000141786 -0.000108208 -5.4682e-05 4.14427e-05 0.000137607 0.000309067 0.000478135 0.000732261 0.00102306 0.00139611 0.00187707 0.00242404 0.00310432 0.00380612 0.00457413 0.00533855 0.00607725 0.00681108 0.00740917 0.00789234 0.00812609 0.0081021 0.00784714 0.00728437 0.00649594 0.00540596 0.00408947 0.00267129 0.0011448 -0.000345498 -0.0018109 -0.00316755 -0.00426762 -0.00519261 -0.00587612 -0.00632267 -0.00657304 -0.00655546 -0.00642154 -0.00618646 -0.00577886 -0.00535267 -0.00490292 -0.00442458 -0.0040012 -0.00356894 -0.00319537 -0.00291253 -0.00258983 -0.00232991 -0.00217194 -0.00196541 -0.00179885 -0.00172574 -0.00161977 -0.00153498 -0.00149693 -0.00140449 -0.00134735 -0.00137593 -0.00133962 -0.00127193 -0.0012975 
0 0.000110376 0.000228288 0.000316019 0.000413585 0.000561238 0.000696994 0.000821403 0.000994431 0.00118239 0.00137096 0.00161541 0.00190753 0.00223386 0.00263233 0.00310941 0.00365089 0.00425951 0.00496418 0.00577548 0.00662984 0.0075148 0.00845264 0.00934201 0.0100986 0.0107021 0.0110796 0.0111519 0.01082 0.0100426 0.00885421 0.00719959 0.00507984 0.0025972 -0.000143093 -0.00299072 -0.00586188 -0.00863153 -0.0110991 -0.013158 -0.0147136 -0.0157612 -0.0163056 -0.0163063 -0.0158278 -0.014928 -0.0137433 -0.0123982 -0.0109459 -0.00947901 -0.00801496 -0.00663903 -0.0054026 -0.00433161 -0.0034625 -0.00274251 -0.00218071 -0.00172022 -0.00135627 -0.00107517 -0.000850361 -0.000700996 -0.000580497 -0.00051577 -0.000463266 -0.000438523 -0.000422572 -0.000409489 -0.000410072 -0.000397722 -0.000403959 -0.000391445 -0.000397475 -0.000387147 -0.000389912 -0.00038385 -0.000382246 -0.000381161 -0.000375499 -0.000378844 -0.000370268 -0.000376765 -0.000366692 -0.00037487 -0.000364595 -0.000373159 -0.000363639 -0.000371654 -0.000363454 -0.000370374 -0.000363715 -0.000369329 -0.00036417 -0.000368515 -0.00036465 -0.000367922 -0.000365048 -0.000367536 -0.000365306 -0.000367346 -0.000365395 -0.000367346 -0.000365306 -0.000367536 -0.000365048 -0.000367922 -0.00036465 -0.000368515 -0.00036417 -0.000369329 -0.000363715 -0.000370374 -0.000363454 -0.000371654 -0.000363639 -0.000373159 -0.000364595 -0.00037487 -0.000366692 -0.000376765 -0.000370267 -0.000378844 -0.000375499 -0.000381159 -0.000382242 -0.000383838 -0.000389877 -0.000387052 -0.000397223 -0.000390806 -0.000402404 -0.000394096 -0.00040198 -0.000392217 -0.00038734 -0.000369905 -0.000335762 -0.000289843 -0.00019879 -8.57641e-05 9.70561e-05 0.000322704 0.000628791 0.00100976 0.00148236 0.00208755 0.00282751 0.00376812 0.00488426 0.00618651 0.00761782 0.00911383 0.0106461 0.0121321 0.0135467 0.0147641 0.0156634 0.0161373 0.0160887 0.0155383 0.0144507 0.0128283 0.0106972 0.00812293 0.00529772 0.00233966 -0.000636408 -0.00350482 -0.0061467 -0.00839214 -0.0102065 -0.0115978 -0.0125205 -0.0129878 -0.013034 -0.0127615 -0.0122601 -0.0115327 -0.0106768 -0.00979985 -0.00890856 -0.0080281 -0.00720082 -0.00646065 -0.0058097 -0.00522025 -0.00472506 -0.0043317 -0.00397883 -0.0036814 -0.00345832 -0.00325121 -0.00306871 -0.00295699 -0.00287385 -0.00277653 -0.00269329 -0.00264669 -0.00261685 -0.00258671 
0 0.000165282 0.000316019 0.00048813 0.000664908 0.000835982 0.00104882 0.00127524 0.00149583 0.00178727 0.00212497 0.00246696 0.00290752 0.00343915 0.00401566 0.00473116 0.00556568 0.006477 0.00755696 0.00874485 0.00998461 0.0113302 0.0126618 0.0139092 0.0150404 0.0158768 0.0163766 0.016437 0.0158766 0.0147262 0.0129129 0.0104049 0.00730883 0.00364367 -0.000369561 -0.00455078 -0.00878963 -0.0127961 -0.0164239 -0.0194601 -0.0217603 -0.0233542 -0.0241343 -0.0241705 -0.023495 -0.0221947 -0.0205052 -0.0184982 -0.0163741 -0.0141892 -0.0120218 -0.0100092 -0.00815108 -0.00658547 -0.00525529 -0.00418223 -0.00332917 -0.00261991 -0.00209087 -0.00163667 -0.0013228 -0.00106746 -0.000896024 -0.000784788 -0.000695043 -0.000666245 -0.000616541 -0.000620522 -0.000592096 -0.00059968 -0.000587361 -0.000586167 -0.000587973 -0.000575973 -0.000588433 -0.000568857 -0.000586904 -0.000564752 -0.000583215 -0.000563089 -0.000577968 -0.000563011 -0.000572004 -0.000563687 -0.000566078 -0.0005645 -0.000560717 -0.000565097 -0.000556201 -0.00056535 -0.000552611 -0.000565288 -0.000549903 -0.000565017 -0.000547969 -0.00056467 -0.000546691 -0.000564365 -0.000545968 -0.00056419 -0.000545734 -0.00056419 -0.000545968 -0.000564365 -0.000546691 -0.00056467 -0.000547969 -0.000565017 -0.000549903 -0.000565288 -0.000552611 -0.00056535 -0.000556201 -0.000565097 -0.000560717 -0.0005645 -0.000566078 -0.000563687 -0.000572004 -0.000563011 -0.000577968 -0.000563088 -0.000583214 -0.000564749 -0.000586895 -0.000568832 -0.000588364 -0.000575787 -0.00058749 -0.000584967 -0.000584503 -0.000593153 -0.00057782 -0.00059064 -0.000556729 -0.000551843 -0.000486067 -0.00042032 -0.000289008 -0.000101203 0.000149994 0.000519586 0.000955348 0.00155759 0.00226913 0.00319344 0.00433458 0.00572695 0.00742176 0.00932189 0.0114534 0.0136595 0.0159119 0.018122 0.020148 0.021922 0.0231852 0.0238546 0.0237964 0.0229452 0.0213514 0.0189286 0.0158034 0.0120736 0.00790699 0.0035805 -0.000811368 -0.00502044 -0.00885879 -0.0122171 -0.014911 -0.0169792 -0.0183874 -0.0191021 -0.0192779 -0.0189415 -0.0182081 -0.0172254 -0.0160046 -0.0147069 -0.0134137 -0.0121022 -0.0109006 -0.00981093 -0.00879745 -0.00795045 -0.00721628 -0.00655582 -0.00604127 -0.00560698 -0.00521717 -0.00492919 -0.0046835 -0.00446174 -0.00432392 -0.00420093 -0.00405857 -0.0039903 -0.00396362 -0.00389309 
0 0.000209703 0.000413585 0.000664908 0.000925137 0.00114492 0.00140701 0.00173446 0.00206012 0.00242923 0.00289052 0.00340171 0.00398878 0.00469713 0.005511 0.00645261 0.00755792 0.00882911 0.0102454 0.0117762 0.0134317 0.0151586 0.016834 0.0184163 0.0198082 0.0208394 0.0213968 0.0213352 0.0205546 0.0189838 0.0165214 0.0132219 0.00915823 0.00442362 -0.000761291 -0.00621554 -0.0116628 -0.0168265 -0.0215056 -0.0254317 -0.0284843 -0.0305595 -0.0316025 -0.031689 -0.030845 -0.0292547 -0.0270848 -0.0245087 -0.021743 -0.018871 -0.0160699 -0.013413 -0.0109996 -0.00891478 -0.00713323 -0.00570007 -0.00451752 -0.00358557 -0.00284109 -0.00224776 -0.00181117 -0.00146023 -0.00123588 -0.00105641 -0.000956609 -0.000882857 -0.00083855 -0.000819891 -0.00079308 -0.000798396 -0.000776409 -0.000788551 -0.000771036 -0.000780786 -0.000770252 -0.000773209 -0.000770943 -0.000766067 -0.000771375 -0.000759851 -0.000770678 -0.000754819 -0.000768643 -0.000750962 -0.000765489 -0.000748109 -0.000761641 -0.000746028 -0.000757561 -0.000744506 -0.000753644 -0.00074338 -0.000750183 -0.000742544 -0.000747368 -0.000741941 -0.000745307 -0.000741545 -0.000744056 -0.000741348 -0.000743636 -0.000741348 -0.000744056 -0.000741545 -0.000745307 -0.000741941 -0.000747368 -0.000742544 -0.000750183 -0.00074338 -0.000753644 -0.000744506 -0.000757561 -0.000746028 -0.000761641 -0.000748109 -0.000765489 -0.000750962 -0.000768643 -0.000754819 -0.000770678 -0.00075985 -0.000771373 -0.000766061 -0.000770927 -0.000773162 -0.000770121 -0.000780442 -0.000770168 -0.000786449 -0.00077152 -0.000787494 -0.000769792 -0.000772261 -0.000745344 -0.000708437 -0.000644573 -0.000522699 -0.000362616 -9.15291e-05 0.000248495 0.000738538 0.00135023 0.00214072 0.0031414 0.00437477 0.0059334 0.00779261 0.0100182 0.0125295 0.0152812 0.0181888 0.0211107 0.0239794 0.0265852 0.028792 0.0303885 0.0311842 0.0310906 0.0299675 0.0278328 0.0246901 0.0206263 0.0158422 0.0104917 0.00486292 -0.000794119 -0.00623815 -0.011204 -0.0155673 -0.0191615 -0.02189 -0.0237772 -0.0248354 -0.0251663 -0.024852 -0.023988 -0.0227703 -0.0212941 -0.0196376 -0.0179397 -0.0162807 -0.0147127 -0.0132577 -0.0119387 -0.0107979 -0.0097965 -0.00891507 -0.00819429 -0.00759011 -0.00706761 -0.0066653 -0.00634677 -0.0060452 -0.00578832 -0.00562024 -0.00550334 -0.00538118 -0.00527908 -0.0052367 
0 0.000295733 0.000561238 0.000835982 0.00114492 0.00147145 0.00182709 0.00222777 0.00266011 0.00314538 0.00372655 0.00439168 0.00514631 0.00606086 0.00713293 0.00832388 0.00970841 0.0113067 0.0130296 0.0149037 0.0169364 0.0189885 0.020979 0.0228222 0.0243753 0.0255083 0.0260108 0.0257607 0.024707 0.0226648 0.0195877 0.0155374 0.0105717 0.00488288 -0.00138326 -0.0079661 -0.0144839 -0.0206942 -0.0262832 -0.0310292 -0.0347609 -0.0372748 -0.0385995 -0.0387384 -0.0378094 -0.0360009 -0.0334334 -0.0303904 -0.0270263 -0.0235551 -0.0201535 -0.0168982 -0.0139636 -0.0113451 -0.00913147 -0.00729198 -0.00578211 -0.00459887 -0.00362579 -0.00289918 -0.0023125 -0.00189152 -0.00158345 -0.00135964 -0.0012314 -0.00112031 -0.00108374 -0.00102969 -0.00102437 -0.000999871 -0.000995386 -0.000989368 -0.000975943 -0.000982609 -0.000961062 -0.000975046 -0.000950166 -0.000966107 -0.000943003 -0.000956478 -0.000938876 -0.000947072 -0.000936844 -0.000938622 -0.000936016 -0.000931544 -0.000935722 -0.000925955 -0.000935554 -0.000921763 -0.000935322 -0.000918759 -0.000934992 -0.000916701 -0.00093461 -0.000915366 -0.000934258 -0.000914575 -0.000934011 -0.000914209 -0.000933923 -0.000914209 -0.000934011 -0.000914575 -0.000934258 -0.000915366 -0.00093461 -0.000916701 -0.000934992 -0.000918759 -0.000935322 -0.000921763 -0.000935554 -0.000925955 -0.000935722 -0.000931544 -0.000936016 -0.000938622 -0.000936844 -0.000947072 -0.000938876 -0.000956476 -0.000943 -0.000966096 -0.000950134 -0.000974957 -0.000960824 -0.000981998 -0.000974439 -0.000985814 -0.000987326 -0.000982347 -0.00098786 -0.000956864 -0.000944667 -0.000866187 -0.000787035 -0.000615756 -0.000389935 -5.27894e-05 0.00041541 0.00101329 0.00182478 0.00281414 0.00410522 0.00568135 0.00763412 0.00998085 0.0126929 0.0157879 0.0191194 0.0226593 0.0262219 0.0296559 0.0327838 0.0353336 0.0371739 0.0380561 0.0378591 0.0364723 0.0338056 0.0299872 0.025097 0.0193566 0.0129932 0.00622666 -0.00054749 -0.00706336 -0.0130685 -0.0183485 -0.0227932 -0.0262116 -0.0286003 -0.0300613 -0.0306155 -0.0303861 -0.0295035 -0.0281317 -0.0264674 -0.0245628 -0.0225384 -0.0205709 -0.0186672 -0.0168552 -0.0152277 -0.0137846 -0.0125114 -0.0114152 -0.0104838 -0.00970474 -0.0090437 -0.0084767 -0.00802654 -0.00767415 -0.00736861 -0.00712224 -0.00694267 -0.00678682 -0.00666367 -0.00660573 
0 0.000337763 0.000696994 0.00104882 0.00140701 0.00182709 0.00228525 0.00275218 0.00329638 0.00394406 0.00465742 0.00547591 0.00644801 0.00756921 0.00886136 0.0103465 0.0120286 0.0139122 0.0159701 0.0181757 0.0204888 0.0228096 0.0250291 0.0270295 0.028671 0.0297777 0.0301517 0.0296761 0.028236 0.0256922 0.0220111 0.0172278 0.0114711 0.00491137 -0.002283 -0.00978075 -0.0172285 -0.0243016 -0.030684 -0.0361632 -0.0404725 -0.0434428 -0.0450426 -0.0452898 -0.0443591 -0.0423742 -0.0395306 -0.0360706 -0.0321977 -0.0282008 -0.024229 -0.0204606 -0.0170022 -0.013903 -0.0112522 -0.00899963 -0.00717554 -0.00569461 -0.00452001 -0.00361045 -0.00288832 -0.00236956 -0.0019616 -0.00169645 -0.00149804 -0.001376 -0.00129982 -0.00124251 -0.00122559 -0.00119186 -0.00119713 -0.00117299 -0.00118163 -0.00116546 -0.00116896 -0.00116175 -0.0011573 -0.00115888 -0.00114696 -0.00115553 -0.00113836 -0.00115126 -0.00113158 -0.00114614 -0.00112644 -0.00114051 -0.00112264 -0.00113482 -0.00111984 -0.00112945 -0.00111778 -0.0011247 -0.00111624 -0.00112078 -0.00111512 -0.00111779 -0.00111434 -0.00111578 -0.00111389 -0.00111478 -0.00111373 -0.00111478 -0.00111389 -0.00111578 -0.00111434 -0.00111779 -0.00111512 -0.00112078 -0.00111624 -0.0011247 -0.00111778 -0.00112945 -0.00111984 -0.00113482 -0.00112264 -0.00114051 -0.00112644 -0.00114614 -0.00113158 -0.00115126 -0.00113836 -0.00115553 -0.00114696 -0.00115885 -0.00115724 -0.00116158 -0.00116854 -0.0011644 -0.00117909 -0.00116714 -0.00118419 -0.00116445 -0.00116992 -0.00113425 -0.00109821 -0.00101651 -0.000884075 -0.000691195 -0.000381107 2.25229e-05 0.000608881 0.00134937 0.0023354 0.00358066 0.00514941 0.00711228 0.00947034 0.0122938 0.0155096 0.0191187 0.0230193 0.0270974 0.0312216 0.0351331 0.0386428 0.0414705 0.0434269 0.044337 0.0439957 0.0423143 0.039204 0.0347669 0.0291811 0.0226267 0.0153776 0.00769339 -5.12016e-05 -0.0074954 -0.0143996 -0.020525 -0.0257047 -0.0297957 -0.0327404 -0.0346208 -0.0354982 -0.0354654 -0.0346788 -0.0333032 -0.0315111 -0.0294329 -0.0271959 -0.0249339 -0.0227272 -0.0206359 -0.018705 -0.0169644 -0.015432 -0.0140851 -0.0129203 -0.0119478 -0.0111231 -0.0104167 -0.00983741 -0.00937626 -0.00900924 -0.00869335 -0.00842165 -0.00824354 -0.00812702 -0.00800857 
0 0.000385024 0.000821403 0.00127524 0.00173446 0.00222777 0.00275218 0.00333928 0.00403927 0.0048149 0.00567185 0.00670537 0.00790233 0.00922611 0.0107657 0.0125477 0.0145142 0.0166823 0.0190528 0.0215441 0.0240818 0.0265871 0.0289449 0.0310118 0.0326111 0.0335714 0.0337404 0.0329464 0.0310502 0.0279845 0.0237101 0.0182749 0.0118158 0.00449106 -0.00344594 -0.0116814 -0.0198731 -0.0276415 -0.0346998 -0.0407662 -0.0455734 -0.0489658 -0.0508414 -0.0512736 -0.0503885 -0.0483238 -0.0453031 -0.041517 -0.0372629 -0.0328012 -0.0283469 -0.0241049 -0.0201489 -0.0166046 -0.0134936 -0.0108485 -0.0086711 -0.0068892 -0.00549475 -0.00437792 -0.00353106 -0.00287794 -0.00239273 -0.00205265 -0.00179871 -0.00165013 -0.00153037 -0.00147729 -0.00142653 -0.00140789 -0.00139078 -0.0013777 -0.00137769 -0.00136141 -0.00137 -0.00135092 -0.00136239 -0.00134369 -0.00135378 -0.00133851 -0.00134449 -0.00133452 -0.00133516 -0.00133108 -0.00132639 -0.00132781 -0.00131859 -0.00132458 -0.00131197 -0.00132143 -0.00130658 -0.00131848 -0.00130237 -0.00131589 -0.00129925 -0.00131381 -0.00129711 -0.00131235 -0.00129586 -0.0013116 -0.00129545 -0.0013116 -0.00129586 -0.00131235 -0.00129711 -0.00131381 -0.00129925 -0.00131589 -0.00130237 -0.00131848 -0.00130658 -0.00132143 -0.00131197 -0.00132458 -0.00131859 -0.00132781 -0.00132639 -0.00133108 -0.00133516 -0.00133452 -0.00134449 -0.00133851 -0.00135377 -0.00134365 -0.00136228 -0.00135063 -0.00136927 -0.00135962 -0.0013735 -0.00136828 -0.0013705 -0.00136598 -0.00134359 -0.00132001 -0.00124472 -0.00115309 -0.000969508 -0.000724558 -0.000346017 0.000166297 0.000856269 0.00177599 0.00294326 0.0044613 0.0063394 0.00867657 0.0114698 0.0147323 0.0184457 0.0225246 0.0269297 0.0314895 0.036051 0.0403554 0.0441236 0.0471329 0.0491303 0.0499648 0.0494435 0.0474356 0.043929 0.038979 0.032796 0.0255898 0.0176189 0.00922228 0.000730074 -0.00749136 -0.0151455 -0.0220005 -0.0278422 -0.0325612 -0.0361033 -0.0384621 -0.0397224 -0.0400008 -0.0394318 -0.0381692 -0.0363683 -0.0342099 -0.0318529 -0.0293842 -0.0269179 -0.0245833 -0.0223947 -0.0203569 -0.018547 -0.016964 -0.0155574 -0.0143454 -0.0133419 -0.0125091 -0.0117992 -0.0111902 -0.0107021 -0.0103274 -0.0100204 -0.00977858 -0.0096047 -0.00947699 
0 0.000509316 0.000994431 0.00149583 0.00206012 0.00266011 0.00329638 0.00403927 0.0048747 0.00577345 0.00683079 0.00808343 0.00947926 0.0110674 0.0129 0.0149443 0.0171886 0.0196258 0.0222362 0.0249622 0.0276693 0.0302752 0.0326935 0.0347028 0.0361228 0.0368377 0.0366753 0.0354663 0.0330819 0.0294723 0.0246561 0.0186561 0.0115816 0.00365056 -0.00486758 -0.0136621 -0.0223975 -0.0307203 -0.03829 -0.0448065 -0.050027 -0.0537721 -0.0559566 -0.0566128 -0.0558398 -0.0538007 -0.0506837 -0.0467161 -0.0421855 -0.0373616 -0.0325133 -0.0278247 -0.0234304 -0.0194345 -0.0158832 -0.0128375 -0.0102807 -0.00820084 -0.00653995 -0.0052284 -0.00422172 -0.00344003 -0.00286818 -0.00243938 -0.00214411 -0.00193897 -0.00180161 -0.00172009 -0.00165815 -0.0016325 -0.00160086 -0.0015943 -0.00157503 -0.00157143 -0.00155965 -0.00155337 -0.00154808 -0.00153807 -0.00153834 -0.00152548 -0.0015298 -0.00151561 -0.00152219 -0.00150819 -0.00151542 -0.00150279 -0.00150945 -0.00149891 -0.00150428 -0.00149614 -0.00149992 -0.00149414 -0.00149638 -0.0014927 -0.00149365 -0.00149169 -0.00149171 -0.00149104 -0.00149055 -0.00149072 -0.00149017 -0.00149072 -0.00149055 -0.00149104 -0.00149171 -0.00149169 -0.00149365 -0.0014927 -0.00149638 -0.00149414 -0.00149992 -0.00149614 -0.00150428 -0.00149891 -0.00150945 -0.00150279 -0.00151542 -0.00150819 -0.00152219 -0.0015156 -0.00152979 -0.00152547 -0.00153831 -0.001538 -0.00154788 -0.00155287 -0.0015584 -0.00156846 -0.00156826 -0.00157948 -0.00156973 -0.0015698 -0.00153713 -0.00149629 -0.00140501 -0.00126518 -0.0010454 -0.00071661 -0.000263538 0.000370743 0.00119672 0.00229245 0.00369045 0.00547345 0.00769738 0.0104024 0.0136214 0.0173179 0.0214739 0.0260062 0.0308301 0.0357986 0.0406908 0.0452563 0.049197 0.0522667 0.0542369 0.0549122 0.054139 0.0518079 0.0479198 0.0425626 0.0359049 0.0281862 0.0197024 0.0107874 0.00177461 -0.00701845 -0.0152827 -0.0227277 -0.0291632 -0.0344845 -0.0386144 -0.0415217 -0.0432367 -0.0438989 -0.0436649 -0.0426236 -0.0409464 -0.0388475 -0.0364578 -0.0338926 -0.0312627 -0.0286888 -0.0262626 -0.0239746 -0.0218741 -0.0200466 -0.0184286 -0.0169824 -0.015767 -0.0147455 -0.013864 -0.0131397 -0.012551 -0.0120694 -0.0116939 -0.0113926 -0.0111599 -0.0110172 
0 0.00058647 0.00118239 0.00178727 0.00242923 0.00314538 0.00394406 0.0048149 0.00577345 0.00688791 0.00818194 0.00961743 0.0112447 0.0131255 0.0152171 0.0175199 0.020044 0.0227257 0.0255425 0.0284161 0.0311974 0.0338238 0.0361552 0.0379705 0.0391372 0.0395021 0.0389094 0.0372225 0.0343013 0.0301554 0.0248226 0.0183075 0.0107536 0.00237739 -0.00653728 -0.0156803 -0.0247776 -0.0334672 -0.0413906 -0.0482502 -0.0537934 -0.0578731 -0.0603814 -0.0613007 -0.0607177 -0.0587668 -0.0556557 -0.0516136 -0.0469103 -0.0418399 -0.0366625 -0.0316012 -0.0268088 -0.0223936 -0.0184373 -0.0149865 -0.0120661 -0.00966019 -0.00772183 -0.00619176 -0.00499596 -0.00407851 -0.00338309 -0.00286786 -0.00249898 -0.00223839 -0.00206735 -0.00195148 -0.00188237 -0.00183638 -0.00180947 -0.00179236 -0.00177884 -0.0017726 -0.00176206 -0.00175974 -0.00174982 -0.00174856 -0.00173951 -0.00173789 -0.00173038 -0.00172765 -0.00172216 -0.00171807 -0.00171474 -0.00170938 -0.00170805 -0.00170174 -0.00170213 -0.00169524 -0.00169701 -0.0016899 -0.00169274 -0.0016857 -0.00168937 -0.00168261 -0.00168694 -0.00168057 -0.00168547 -0.00167956 -0.00168498 -0.00167956 -0.00168547 -0.00168057 -0.00168694 -0.00168261 -0.00168937 -0.0016857 -0.00169274 -0.0016899 -0.00169701 -0.00169524 -0.00170213 -0.00170174 -0.00170805 -0.00170938 -0.00171474 -0.00171807 -0.00172216 -0.00172765 -0.00173038 -0.00173787 -0.00173946 -0.00174843 -0.00174948 -0.00175888 -0.00175999 -0.0017678 -0.00176815 -0.00176953 -0.00176268 -0.00174446 -0.00170928 -0.00163911 -0.00152689 -0.00134115 -0.00106752 -0.000668019 -0.000116073 0.000629171 0.00161528 0.00289509 0.00454154 0.00661832 0.00918954 0.0122887 0.0159163 0.0200471 0.0246214 0.0295635 0.0347559 0.0400225 0.0451378 0.0498215 0.0538038 0.0568271 0.0586568 0.0591086 0.0580298 0.055375 0.0511683 0.0454906 0.0385108 0.0304456 0.0216256 0.0123917 0.00303243 -0.00613876 -0.0148349 -0.0227529 -0.0296766 -0.0355345 -0.0402209 -0.0436821 -0.0459499 -0.0470991 -0.0472889 -0.0466178 -0.0452036 -0.04327 -0.0409494 -0.0383639 -0.0356702 -0.0329454 -0.0302993 -0.0278184 -0.0254905 -0.0233687 -0.0215048 -0.0198582 -0.0184107 -0.0171629 -0.0161156 -0.0152654 -0.014549 -0.013936 -0.0134624 -0.0131061 -0.0128303 -0.0126412 
0 0.000650615 0.00137096 0.00212497 0.00289052 0.00372655 0.00465742 0.00567185 0.00683079 0.00818194 0.00967713 0.011337 0.0132519 0.0153955 0.0177285 0.0202905 0.0230536 0.0259498 0.0289112 0.0318267 0.0346189 0.0371577 0.0392449 0.0407712 0.0415793 0.0414805 0.0403837 0.0381442 0.0346855 0.0300439 0.0242118 0.0172793 0.00938424 0.000716734 -0.00840438 -0.0177418 -0.0270172 -0.0358797 -0.0440156 -0.0510815 -0.0568766 -0.0612525 -0.0640667 -0.0653001 -0.0649583 -0.0631902 -0.0601958 -0.0561852 -0.0514459 -0.0462233 -0.0408112 -0.0354391 -0.0302819 -0.0254902 -0.0211313 -0.017296 -0.0140005 -0.0112558 -0.00902841 -0.00724819 -0.00586166 -0.00477955 -0.00396232 -0.00334447 -0.00289583 -0.00257758 -0.00235645 -0.00221438 -0.00211719 -0.00206224 -0.00202207 -0.00200173 -0.00198421 -0.00197438 -0.0019654 -0.00195762 -0.00195219 -0.00194441 -0.00194065 -0.00193289 -0.00192992 -0.00192258 -0.00191991 -0.00191335 -0.00191073 -0.00190513 -0.0019025 -0.00189793 -0.00189532 -0.00189173 -0.00188924 -0.00188656 -0.00188428 -0.00188241 -0.00188044 -0.0018793 -0.00187772 -0.00187722 -0.00187609 -0.00187619 -0.00187555 -0.00187619 -0.00187609 -0.00187722 -0.00187772 -0.0018793 -0.00188044 -0.00188241 -0.00188428 -0.00188656 -0.00188924 -0.00189173 -0.00189532 -0.00189793 -0.0019025 -0.00190513 -0.00191073 -0.00191335 -0.00191991 -0.00192258 -0.00192991 -0.00193286 -0.00194057 -0.00194418 -0.0019516 -0.00195619 -0.00196204 -0.00196677 -0.00196768 -0.00196727 -0.00195314 -0.00193007 -0.00187424 -0.00178625 -0.00163264 -0.00140224 -0.00105909 -0.000574289 8.47258e-05 0.000972164 0.00212539 0.00362955 0.00553673 0.00793394 0.0108627 0.0143453 0.0183791 0.0229015 0.0278697 0.0331589 0.038644 0.0441168 0.0493231 0.0540185 0.0579118 0.0607866 0.0623919 0.0625418 0.0611442 0.0581555 0.0536706 0.0477566 0.0405628 0.032338 0.0233569 0.0139832 0.00447674 -0.00489688 -0.0138219 -0.0220713 -0.0294094 -0.0357162 -0.040928 -0.044945 -0.047806 -0.0495509 -0.0502365 -0.0500314 -0.0490373 -0.0473796 -0.0452413 -0.0427544 -0.0400764 -0.0373097 -0.0345152 -0.0318443 -0.0293458 -0.0269774 -0.0248259 -0.0229533 -0.021294 -0.0198349 -0.0186064 -0.0175677 -0.0166795 -0.0159636 -0.0154053 -0.0149446 -0.0145925 -0.0143788 
0 0.000818542 0.00161541 0.00246696 0.00340171 0.00439168 0.00547591 0.00670537 0.00808343 0.00961743 0.011337 0.0132837 0.0154719 0.0178714 0.0204666 0.0232541 0.0262031 0.0292364 0.0322348 0.035134 0.0378501 0.0401615 0.0419214 0.0430518 0.0433662 0.0427256 0.0410333 0.0382044 0.0342494 0.0291292 0.0228769 0.0156425 0.00752579 -0.00125085 -0.0104409 -0.0198277 -0.0290926 -0.0379774 -0.046156 -0.0533191 -0.0593026 -0.0639028 -0.0670248 -0.0685794 -0.0685405 -0.0670594 -0.0642702 -0.0604273 -0.0557544 -0.0504919 -0.0449421 -0.0393117 -0.033856 -0.0287019 -0.0239731 -0.0197607 -0.0160851 -0.0130043 -0.0104547 -0.00842232 -0.00681268 -0.00556016 -0.00460701 -0.00387295 -0.00334659 -0.00294936 -0.00268716 -0.00249714 -0.00237931 -0.00230107 -0.00224804 -0.0022209 -0.00219131 -0.0021839 -0.0021622 -0.00216075 -0.00214341 -0.00214234 -0.00212943 -0.00212661 -0.00211839 -0.00211321 -0.00210938 -0.00210206 -0.00210184 -0.00209295 -0.00209541 -0.00208563 -0.0020899 -0.00207981 -0.00208519 -0.00207527 -0.00208129 -0.0020718 -0.00207821 -0.0020693 -0.00207597 -0.00206767 -0.00207462 -0.00206687 -0.00207416 -0.00206687 -0.00207462 -0.00206767 -0.00207597 -0.0020693 -0.00207821 -0.0020718 -0.00208129 -0.00207527 -0.00208519 -0.00207981 -0.0020899 -0.00208563 -0.00209541 -0.00209295 -0.00210184 -0.00210206 -0.00210937 -0.00211321 -0.00211837 -0.00212655 -0.00212928 -0.00214195 -0.00214244 -0.00215842 -0.00215685 -0.00217209 -0.00216625 -0.00216988 -0.00214841 -0.00211453 -0.00204441 -0.00192038 -0.0017335 -0.00143301 -0.00102243 -0.000427775 0.000351715 0.00140033 0.00275484 0.00449569 0.00670535 0.00942339 0.0127272 0.016579 0.0209935 0.0258854 0.0311827 0.0367731 0.0424505 0.048034 0.0532239 0.0578035 0.0615181 0.064122 0.0654312 0.0652277 0.0634827 0.0601939 0.0554404 0.0493637 0.042067 0.0338217 0.024882 0.0155238 0.00605279 -0.00332385 -0.0123194 -0.0207263 -0.028387 -0.0350881 -0.0407571 -0.0453381 -0.0487993 -0.0511744 -0.0524569 -0.0527779 -0.0523032 -0.0510798 -0.0492477 -0.0469936 -0.0444398 -0.0416997 -0.0388619 -0.0360439 -0.033361 -0.0308266 -0.0284605 -0.0263262 -0.0244373 -0.0227747 -0.021321 -0.0200703 -0.019033 -0.0181885 -0.0174955 -0.0169445 -0.0165318 -0.0162432 
0 0.000965365 0.00190753 0.00290752 0.00398878 0.00514631 0.00644801 0.00790233 0.00947926 0.0112447 0.0132519 0.0154719 0.0178963 0.0205382 0.0233751 0.0263634 0.0294431 0.0325182 0.0354953 0.0382931 0.0407614 0.0427269 0.0440778 0.0446933 0.0444422 0.043201 0.040873 0.0374799 0.0330182 0.0274467 0.0208718 0.0134187 0.00523465 -0.00349245 -0.0126137 -0.0218576 -0.0309662 -0.0397152 -0.0477968 -0.055001 -0.0610935 -0.0658938 -0.0693041 -0.07117 -0.0715049 -0.0703579 -0.0678754 -0.0642919 -0.0597696 -0.0545909 -0.0489747 -0.0431912 -0.0374936 -0.0320272 -0.0269797 -0.0223933 -0.0183717 -0.014928 -0.0120535 -0.00973776 -0.00787211 -0.00643546 -0.00530308 -0.0044558 -0.00381404 -0.00334376 -0.00301927 -0.00278024 -0.00264144 -0.00252977 -0.0024806 -0.00243058 -0.00241355 -0.00239173 -0.00238041 -0.00237262 -0.00235841 -0.00235859 -0.00234078 -0.00234539 -0.00232586 -0.00233222 -0.00231318 -0.00231931 -0.00230246 -0.0023071 -0.00229345 -0.002296 -0.00228592 -0.00228632 -0.00227971 -0.00227822 -0.00227471 -0.00227178 -0.00227085 -0.00226698 -0.00226811 -0.00226382 -0.00226646 -0.00226225 -0.00226592 -0.00226225 -0.00226646 -0.00226382 -0.00226811 -0.00226698 -0.00227085 -0.00227178 -0.00227471 -0.00227822 -0.00227971 -0.00228632 -0.00228592 -0.002296 -0.00229345 -0.0023071 -0.00230246 -0.00231931 -0.00231317 -0.00233221 -0.00232582 -0.00234529 -0.00234052 -0.00235794 -0.00235683 -0.00236891 -0.00237208 -0.00237375 -0.00237629 -0.00235646 -0.00233922 -0.00227114 -0.00218759 -0.0020158 -0.00178183 -0.00141481 -0.000910232 -0.000218918 0.0007139 0.00191698 0.00350198 0.00549216 0.00801366 0.0110766 0.014734 0.0189708 0.0237275 0.0289752 0.0345579 0.040377 0.0461853 0.0517558 0.0568457 0.0611843 0.0646034 0.066839 0.0677359 0.067155 0.0650398 0.0614818 0.0565245 0.0503355 0.0430746 0.0349364 0.0261918 0.0170231 0.00770633 -0.00150704 -0.0104341 -0.0188705 -0.026691 -0.0337059 -0.0397589 -0.044842 -0.0489062 -0.0519149 -0.053879 -0.0548463 -0.0549467 -0.0542669 -0.0528834 -0.0509577 -0.0486311 -0.0460172 -0.0432431 -0.0404018 -0.0375778 -0.03488 -0.032361 -0.0300032 -0.027846 -0.0259581 -0.0243051 -0.0228562 -0.0216447 -0.0206269 -0.0197685 -0.019127 -0.018657 -0.0182753 
0 0.00108627 0.00223386 0.00343915 0.00469713 0.00606086 0.00756921 0.00922611 0.0110674 0.0131255 0.0153955 0.0178714 0.0205382 0.0233938 0.0264333 0.029561 0.0326732 0.0357269 0.0386137 0.0411665 0.0432639 0.0447958 0.0456289 0.0456475 0.0447539 0.042856 0.0399233 0.0359777 0.031021 0.0250911 0.0182827 0.0107341 0.00261608 -0.00596552 -0.0148582 -0.0238202 -0.0326468 -0.0411065 -0.049007 -0.0561486 -0.0622786 -0.067248 -0.0708892 -0.0730957 -0.0738348 -0.0730933 -0.0710253 -0.0677659 -0.0635144 -0.0584952 -0.0529089 -0.0470628 -0.0411649 -0.0354595 -0.0300982 -0.0251784 -0.0208141 -0.0170039 -0.0138128 -0.0111743 -0.00906251 -0.00739863 -0.00609208 -0.00510814 -0.00434111 -0.00379732 -0.00338358 -0.00311028 -0.00291567 -0.00278943 -0.00271402 -0.00265387 -0.00263286 -0.00259731 -0.00259607 -0.00256998 -0.00257268 -0.00255292 -0.00255304 -0.00253981 -0.00253516 -0.00252856 -0.00251903 -0.00251841 -0.00250491 -0.00250906 -0.00249292 -0.0025005 -0.00248301 -0.0024928 -0.00247503 -0.00248611 -0.0024688 -0.00248058 -0.00246414 -0.00247634 -0.00246091 -0.00247346 -0.00245902 -0.00247201 -0.0024584 -0.00247201 -0.00245902 -0.00247346 -0.00246091 -0.00247634 -0.00246414 -0.00248058 -0.0024688 -0.00248611 -0.00247503 -0.0024928 -0.00248301 -0.0025005 -0.00249292 -0.00250906 -0.00250491 -0.00251841 -0.00251902 -0.00252854 -0.00253509 -0.00253964 -0.00255261 -0.00255185 -0.00257015 -0.00256419 -0.00258334 -0.00257045 -0.00257846 -0.00254814 -0.0025169 -0.00243688 -0.00231055 -0.00211253 -0.00180066 -0.00137519 -0.000754854 5.00182e-05 0.0011456 0.00254783 0.00436475 0.00665802 0.00948706 0.0129208 0.0169236 0.0215214 0.0266108 0.0321433 0.0379762 0.0439196 0.0497721 0.0552339 0.0601076 0.0641381 0.0671415 0.0689416 0.0693586 0.0683577 0.0659022 0.0620761 0.0569816 0.050742 0.0435871 0.0356858 0.0272336 0.0184105 0.00940327 0.000468974 -0.00823637 -0.0165849 -0.0244267 -0.0316209 -0.0380157 -0.0435402 -0.0481561 -0.0517997 -0.0544583 -0.0561501 -0.0569093 -0.0568253 -0.0560116 -0.0545539 -0.0525569 -0.0501858 -0.0475774 -0.0448075 -0.0419594 -0.0391428 -0.0364564 -0.0339311 -0.0315718 -0.0294446 -0.0275798 -0.025931 -0.0245056 -0.0233198 -0.0223289 -0.0215271 -0.0209331 -0.020528 
0 0.00130252 0.00263233 0.00401566 0.005511 0.00713293 0.00886136 0.0107657 0.0129 0.0152171 0.0177285 0.0204666 0.0233751 0.0264333 0.0296054 0.0327588 0.0358325 0.0387783 0.0414271 0.0436296 0.0452864 0.0462886 0.046526 0.0458704 0.0442615 0.0417103 0.0381915 0.0337134 0.0283425 0.0221454 0.0152254 0.00771645 -0.000258459 -0.00858283 -0.0171207 -0.0256966 -0.0341106 -0.0422001 -0.0498281 -0.0568031 -0.0629196 -0.0679835 -0.0718364 -0.0743881 -0.0755451 -0.0752947 -0.0736952 -0.0708538 -0.0669577 -0.0621698 -0.0567268 -0.0508755 -0.0448677 -0.0389652 -0.0333241 -0.0281108 -0.0233958 -0.019252 -0.0157153 -0.0127596 -0.0103769 -0.00846343 -0.00698013 -0.00582267 -0.00494495 -0.00428973 -0.00380126 -0.00346695 -0.00321845 -0.00306991 -0.00295459 -0.00289544 -0.00284509 -0.00281891 -0.00279815 -0.00277966 -0.00277303 -0.0027543 -0.00275508 -0.00273542 -0.00273986 -0.00272071 -0.0027262 -0.00270913 -0.00271388 -0.00269992 -0.00270289 -0.00269252 -0.0026933 -0.00268651 -0.00268516 -0.00268162 -0.00267851 -0.00267775 -0.00267335 -0.00267483 -0.00266968 -0.00267287 -0.00266748 -0.00267188 -0.00266675 -0.00267188 -0.00266748 -0.00267287 -0.00266968 -0.00267483 -0.00267335 -0.00267775 -0.00267851 -0.00268162 -0.00268516 -0.00268651 -0.0026933 -0.00269252 -0.00270289 -0.00269992 -0.00271388 -0.00270912 -0.00272619 -0.00272067 -0.00273975 -0.00273514 -0.00275437 -0.00275259 -0.00276905 -0.00277077 -0.00277905 -0.00277952 -0.00276707 -0.0027472 -0.00268433 -0.00259705 -0.00242393 -0.00218326 -0.00180304 -0.00128442 -0.000562225 0.000400083 0.00165732 0.00329793 0.00536873 0.00798023 0.0111494 0.0149327 0.0192996 0.0242141 0.0296171 0.0353803 0.0413816 0.0473807 0.0531529 0.0584336 0.0629873 0.0666292 0.0691529 0.0704303 0.07035 0.0688948 0.0661124 0.0620566 0.0568517 0.0506493 0.0436544 0.0360626 0.0280049 0.0196242 0.0110836 0.00255113 -0.00582996 -0.0139537 -0.0217064 -0.0289574 -0.0356003 -0.0415284 -0.0466286 -0.0508583 -0.0541998 -0.0566128 -0.0580952 -0.0586934 -0.058515 -0.0576535 -0.0561442 -0.0541246 -0.0517696 -0.0491509 -0.0463731 -0.0435557 -0.040758 -0.0380821 -0.0355953 -0.0332738 -0.0311526 -0.0292889 -0.0276707 -0.0262933 -0.0251556 -0.0242266 -0.023508 -0.0230158 
0 0.00153461 0.00310941 0.00473116 0.00645261 0.00832388 0.0103465 0.0125477 0.0149443 0.0175199 0.0202905 0.0232541 0.0263634 0.029561 0.0327588 0.0358867 0.0388714 0.0415649 0.0438453 0.0456063 0.0467137 0.0471024 0.0466699 0.0452929 0.0430034 0.0398255 0.0357375 0.030796 0.025075 0.0187003 0.0117898 0.00440596 -0.00331701 -0.0112644 -0.0193422 -0.0274044 -0.035333 -0.042999 -0.0502807 -0.0570437 -0.0630773 -0.0681947 -0.0722446 -0.0751093 -0.0767051 -0.0769592 -0.0758719 -0.0735191 -0.0700296 -0.0655757 -0.0603545 -0.0545996 -0.048576 -0.0425311 -0.036682 -0.0311879 -0.026158 -0.021679 -0.0177882 -0.0145095 -0.011812 -0.00964421 -0.00793609 -0.00660212 -0.00558553 -0.00481031 -0.00424414 -0.00383036 -0.00354423 -0.00334946 -0.00321891 -0.00313949 -0.00308158 -0.00305259 -0.00302307 -0.00301176 -0.00299262 -0.00298549 -0.00297136 -0.00296376 -0.00295354 -0.00294426 -0.00293767 -0.00292679 -0.00292343 -0.00291149 -0.00291077 -0.00289843 -0.00289973 -0.00288759 -0.00289034 -0.00287884 -0.00288265 -0.00287205 -0.00287666 -0.0028671 -0.00287239 -0.00286386 -0.00286983 -0.00286226 -0.00286898 -0.00286226 -0.00286983 -0.00286386 -0.00287239 -0.0028671 -0.00287666 -0.00287205 -0.00288265 -0.00287884 -0.00289034 -0.00288759 -0.00289973 -0.00289843 -0.00291077 -0.00291149 -0.00292342 -0.00292678 -0.00293765 -0.0029442 -0.00295336 -0.0029633 -0.00297022 -0.0029828 -0.0029865 -0.00299837 -0.00299493 -0.00299581 -0.00297161 -0.00293508 -0.00285427 -0.00272487 -0.002516 -0.00220087 -0.00175237 -0.00112191 -0.000280348 0.000843087 0.00229723 0.00417087 0.00653284 0.00945231 0.0129733 0.0170948 0.0218001 0.0270223 0.0326822 0.0386473 0.0447348 0.0507159 0.0563288 0.0613322 0.0655087 0.0686683 0.070655 0.071353 0.0707284 0.0688204 0.0656945 0.0614468 0.0561892 0.050091 0.0433533 0.0361225 0.0285319 0.0206836 0.0126867 0.00466267 -0.00331872 -0.011136 -0.0186761 -0.025877 -0.0326333 -0.038844 -0.0443736 -0.0491245 -0.0531054 -0.0562425 -0.0584707 -0.0598328 -0.060359 -0.0601248 -0.0592195 -0.0576999 -0.0556973 -0.0533451 -0.0507479 -0.0480255 -0.045238 -0.0424648 -0.0398307 -0.0373589 -0.0350579 -0.0329976 -0.0311809 -0.0295927 -0.0282772 -0.0272327 -0.0264088 -0.0257963 
0 0.00178748 0.00365089 0.00556568 0.00755792 0.00970841 0.0120286 0.0145142 0.0171886 0.020044 0.0230536 0.0262031 0.0294431 0.0326732 0.0358325 0.0388714 0.0416292 0.0439537 0.0457822 0.0469957 0.0474817 0.0471823 0.0460043 0.0439329 0.0410008 0.0372089 0.0326248 0.027301 0.0213353 0.0149103 0.00808175 0.000918814 -0.00645147 -0.013954 -0.0214722 -0.0289582 -0.0363544 -0.0435309 -0.0504266 -0.0568995 -0.0627868 -0.0679297 -0.0721379 -0.0753213 -0.0773502 -0.0781218 -0.0775963 -0.075767 -0.07276 -0.0687005 -0.063776 -0.0582084 -0.0522299 -0.0461242 -0.0401036 -0.0343714 -0.0290551 -0.0242491 -0.0200279 -0.016408 -0.0134017 -0.0109529 -0.00900747 -0.00748185 -0.00630192 -0.00540638 -0.00473232 -0.00424448 -0.00389296 -0.00365426 -0.00349143 -0.00338663 -0.00331849 -0.00327389 -0.00324543 -0.00322351 -0.00320908 -0.00319487 -0.00318483 -0.00317365 -0.00316501 -0.00315568 -0.00314769 -0.00313987 -0.00313246 -0.00312594 -0.00311921 -0.00311382 -0.00310788 -0.00310348 -0.00309842 -0.00309489 -0.00309076 -0.00308804 -0.00308486 -0.00308292 -0.00308067 -0.00307951 -0.00307817 -0.00307781 -0.00307733 -0.00307781 -0.00307817 -0.00307951 -0.00308067 -0.00308292 -0.00308486 -0.00308804 -0.00309076 -0.00309489 -0.00309842 -0.00310348 -0.00310788 -0.00311382 -0.00311921 -0.00312594 -0.00313245 -0.00313985 -0.00314765 -0.00315557 -0.00316471 -0.00317291 -0.00318303 -0.0031907 -0.00319981 -0.00320368 -0.00320468 -0.00319344 -0.00316601 -0.00310924 -0.00300692 -0.00284114 -0.00258025 -0.00220176 -0.00165999 -0.000924573 6.43588e-05 0.00135884 0.00303467 0.00517089 0.00783495 0.011094 0.0149557 0.0194258 0.0244443 0.0299479 0.0358266 0.0419163 0.0480242 0.0538789 0.0592498 0.0638893 0.0676052 0.0702338 0.0716213 0.071732 0.0705591 0.0682029 0.0647653 0.0603373 0.0550878 0.0491512 0.0427139 0.035903 0.0288003 0.021539 0.0141535 0.0066965 -0.000775923 -0.00820589 -0.0154532 -0.0224864 -0.0292538 -0.0356125 -0.0414709 -0.0467058 -0.0512434 -0.0550473 -0.0580217 -0.0601568 -0.0614558 -0.0619152 -0.061657 -0.0607645 -0.059265 -0.0572911 -0.0549891 -0.052449 -0.0497587 -0.0470103 -0.0442925 -0.041687 -0.0392627 -0.0370472 -0.0350381 -0.033277 -0.0317935 -0.0305551 -0.0295912 -0.0289467 
0 0.002123 0.00425951 0.006477 0.00882911 0.0113067 0.0139122 0.0166823 0.0196258 0.0227257 0.0259498 0.0292364 0.0325182 0.0357269 0.0387783 0.0415649 0.0439537 0.0458312 0.0471149 0.0477158 0.0475319 0.0464782 0.0445634 0.0418287 0.0382592 0.0339207 0.0289202 0.0233211 0.0172692 0.0108806 0.00421594 -0.0026233 -0.00958504 -0.0165632 -0.0234815 -0.0303752 -0.0371797 -0.0438463 -0.0503012 -0.0564191 -0.0621283 -0.0672371 -0.0715967 -0.0750809 -0.0775195 -0.0788269 -0.0788611 -0.0776086 -0.0751314 -0.0715203 -0.0669774 -0.0616538 -0.0558154 -0.0497071 -0.043573 -0.0376514 -0.0320647 -0.0269704 -0.0224131 -0.018467 -0.0151373 -0.0123921 -0.0101985 -0.00844982 -0.00710605 -0.00605912 -0.00527984 -0.00469614 -0.00427598 -0.0039847 -0.00377798 -0.00365187 -0.00355637 -0.00350844 -0.00346303 -0.00344468 -0.00342031 -0.00340997 -0.00339552 -0.00338564 -0.00337721 -0.003366 -0.00336182 -0.00334943 -0.00334827 -0.00333537 -0.00333622 -0.00332351 -0.00332559 -0.00331361 -0.00331641 -0.00330552 -0.00330877 -0.00329913 -0.00330273 -0.00329437 -0.00329837 -0.0032912 -0.00329573 -0.00328963 -0.00329485 -0.00328963 -0.00329573 -0.0032912 -0.00329837 -0.00329437 -0.00330273 -0.00329913 -0.00330877 -0.00330552 -0.00331641 -0.00331361 -0.00332559 -0.00332351 -0.00333622 -0.00333537 -0.00334826 -0.0033494 -0.00336175 -0.0033658 -0.00337673 -0.00338446 -0.00339273 -0.00340365 -0.00340654 -0.00341584 -0.00340499 -0.00339628 -0.00334827 -0.00328111 -0.00314345 -0.00294054 -0.00262128 -0.00216493 -0.00153077 -0.00066256 0.000473272 0.00197476 0.00388132 0.00630897 0.00929124 0.0128911 0.0171054 0.0218947 0.0272219 0.0329578 0.0390107 0.0451572 0.0511902 0.0568474 0.061872 0.0660865 0.0692682 0.0713103 0.0720867 0.0715903 0.0699088 0.0671197 0.0633953 0.0588341 0.0536102 0.0478966 0.0417845 0.0354151 0.0288438 0.0221653 0.0154327 0.00859273 0.00169275 -0.00523494 -0.0121326 -0.0189209 -0.0255813 -0.0319951 -0.0380541 -0.0436801 -0.0487152 -0.0530786 -0.056739 -0.0596295 -0.0617083 -0.0629577 -0.0634273 -0.0632054 -0.0623326 -0.0608765 -0.0589628 -0.0567055 -0.0542115 -0.0515951 -0.0489364 -0.0462899 -0.0437463 -0.0413918 -0.0392441 -0.037328 -0.0356862 -0.0343151 -0.0332354 -0.0324855 
