0 0 0 0 0 0 0 0 0 0 0 0 0 0 0 0 0 0 0 0 0 0 0 0 0 0 0 0 0 0 0 0 0 0 0 0 0 0 0 0 0 0 0 0 0 0 0 0 0 0 0 0 0 0 0 0 0 0 0 0 0 0 0 0 0 0 0 0 0 0 0 0 0 0 0 0 0 0 0 0 0 0 0 0 0 0 0 0 0 0 0 0 0 0 0 0 0 0 0 0 0 0 0 0 0 0 0 0 0 0 0 0 0 0 0 0 0 0 0 0 0 0 0 0 0 0 0 0 0 0 0 0 0 0 0 0 0 0 0 0 0 0 0 0 0 0 0 0 0 0 0 0 0 0 0 0 0 0 0 0 0 0 0 0 0 0 0 0 0 0 0 0 0 0 0 0 0 0 0 0 0 0 0 0 0 0 0 0 0 0 0 0 0 0 0 0 0 0 0 0 
0 0.000471377 0.000775448 0.000943893 0.00101938 0.000885121 0.000437904 -0.000272108 -0.00116826 -0.00224014 -0.00347356 -0.00480387 -0.00613737 -0.00738918 -0.00851851 -0.00949025 -0.0102209 -0.0106495 -0.0108045 -0.0107321 -0.0104426 -0.00993966 -0.00924069 -0.00840177 -0.00751192 -0.0066286 -0.00576986 -0.00494854 -0.00417433 -0.00346899 -0.00286207 -0.00235919 -0.00195373 -0.00163203 -0.00137116 -0.00116076 -0.000993134 -0.000859527 -0.000758905 -0.000683045 -0.00062581 -0.000584593 -0.000551935 -0.000527966 -0.000510399 -0.000496684 -0.000488602 -0.000482051 -0.000477663 -0.000474004 -0.000468664 -0.000463477 -0.000455666 -0.000447314 -0.00043825 -0.000428401 -0.000420146 -0.000411717 -0.000405619 -0.000400413 -0.000396622 -0.00039443 -0.000392213 -0.000391459 -0.000389788 -0.000388737 -0.000386768 -0.000384398 -0.000381696 -0.00037791 -0.000374463 -0.000369811 -0.000365893 -0.000361139 -0.000357139 -0.000352921 -0.0003492 -0.000345879 -0.000342684 -0.00034034 -0.000337782 -0.000336302 -0.000334379 -0.000333554 -0.000332191 -0.0003318 -0.000330886 -0.000330741 -0.000330164 -0.00033013 -0.000329791 -0.000329787 -0.00032961 -0.000329593 -0.000329522 -0.000329481 -0.00032948 -0.000329417 -0.000329459 -0.000329387 -0.000329453 -0.000329387 -0.000329459 -0.000329417 -0.00032948 -0.000329481 -0.000329522 -0.000329593 -0.00032961 -0.000329787 -0.000329791 -0.00033013 -0.000330164 -0.000330741 -0.000330886 -0.0003318 -0.000332191 -0.000333554 -0.000334379 -0.000336302 -0.000337782 -0.00034034 -0.000342684 -0.000345879 -0.0003492 -0.000352921 -0.000357139 -0.000361139 -0.000365893 -0.000369811 -0.000374463 -0.00037791 -0.000381696 -0.000384398 -0.000386768 -0.000388737 -0.000389788 -0.000391459 -0.000392213 -0.00039443 -0.000396622 -0.000400413 -0.000405619 -0.000411717 -0.000420146 -0.000428401 -0.00043825 -0.000447314 -0.000455664 -0.000463469 -0.000468639 -0.000473931 -0.000477458 -0.000481506 -0.000487223 -0.000493377 -0.000502866 -0.000511699 -0.000518653 -0.000520136 -0.000507737 -0.000478574 -0.00042409 -0.000340404 -0.000228519 -8.45909e-05 8.92898e-05 0.00030117 0.000571391 0.000920357 0.00137514 0.00194449 0.00260968 0.0033465 0.00412593 0.00493498 0.00577733 0.00662394 0.00741259 0.0080737 0.00854699 0.00881269 0.00885698 0.00861535 0.00803012 0.00711472 0.00592167 0.00449587 0.00284651 0.000975196 -0.00103253 -0.00304027 -0.00500425 -0.00693215 -0.00873842 -0.0103215 -0.0116946 -0.0128738 -0.0137714 -0.0143344 
0 0.000775448 0.00140868 0.00179566 0.00184157 0.00145333 0.000584565 -0.000752761 -0.00251635 -0.00465057 -0.00708209 -0.00968724 -0.0122859 -0.0147269 -0.0169346 -0.0188213 -0.0202506 -0.0211355 -0.0214806 -0.0213312 -0.0207353 -0.0197286 -0.0183619 -0.016749 -0.0150252 -0.0132823 -0.0115731 -0.00992659 -0.00837273 -0.0069673 -0.00575661 -0.00475537 -0.0039535 -0.00331208 -0.00279083 -0.00236482 -0.00201389 -0.00173217 -0.00151559 -0.00135369 -0.00124046 -0.0011628 -0.00110922 -0.00107305 -0.00104401 -0.00102014 -0.000998255 -0.000976151 -0.000956448 -0.000936677 -0.000919446 -0.000904431 -0.000890711 -0.000880175 -0.000869758 -0.000861164 -0.000852519 -0.000843444 -0.000834762 -0.000824392 -0.000814689 -0.000803711 -0.000793206 -0.000782857 -0.00077258 -0.000763784 -0.000754842 -0.00074788 -0.00074091 -0.00073553 -0.000730526 -0.000726233 -0.000722717 -0.000719026 -0.000716342 -0.000712911 -0.000710478 -0.000707141 -0.000704585 -0.000701312 -0.000698489 -0.000695328 -0.00069227 -0.000689301 -0.000686137 -0.00068344 -0.00068033 -0.00067797 -0.00067506 -0.000673076 -0.000670478 -0.000668895 -0.000666679 -0.000665507 -0.000663712 -0.000662953 -0.000661594 -0.00066125 -0.000660327 -0.000660399 -0.000659905 -0.000660399 -0.000660327 -0.00066125 -0.000661594 -0.000662953 -0.000663712 -0.000665507 -0.000666679 -0.000668895 -0.000670478 -0.000673076 -0.00067506 -0.00067797 -0.00068033 -0.00068344 -0.000686137 -0.000689301 -0.00069227 -0.000695328 -0.000698489 -0.000701312 -0.000704585 -0.000707141 -0.000710478 -0.000712911 -0.000716342 -0.000719026 -0.000722717 -0.000726233 -0.000730526 -0.00073553 -0.00074091 -0.00074788 -0.000754842 -0.000763784 -0.00077258 -0.000782857 -0.000793206 -0.000803711 -0.000814689 -0.000824392 -0.000834762 -0.000843444 -0.000852519 -0.000861163 -0.000869757 -0.000880173 -0.000890705 -0.00090441 -0.00091938 -0.000936487 -0.000955931 -0.000974809 -0.00099494 -0.00101236 -0.00102667 -0.00103634 -0.00103554 -0.00102266 -0.000987998 -0.000922997 -0.000819423 -0.000664 -0.000452358 -0.000176468 0.000175 0.000616241 0.00118197 0.00190981 0.00282974 0.00395495 0.00525768 0.00669473 0.0082332 0.00984798 0.0115198 0.0131888 0.0147291 0.0160067 0.0169228 0.017418 0.0174497 0.0169383 0.0157943 0.0140136 0.0116636 0.00880649 0.00549971 0.00183237 -0.00205983 -0.00601808 -0.00992754 -0.013716 -0.0172659 -0.0204334 -0.0231577 -0.0254291 -0.0271881 -0.0283752 
0 0.000943893 0.00179566 0.00229756 0.00222319 0.00154181 0.000257937 -0.00168931 -0.00428869 -0.00741637 -0.0109309 -0.0146659 -0.0184106 -0.0219766 -0.0251968 -0.0278955 -0.0299436 -0.0312675 -0.03182 -0.031624 -0.030757 -0.0292885 -0.0273217 -0.0250094 -0.0224972 -0.0199202 -0.0173829 -0.0149387 -0.0126483 -0.0105795 -0.00877492 -0.00726468 -0.00603689 -0.00504361 -0.00424436 -0.00359442 -0.00306401 -0.00264363 -0.00231454 -0.00206793 -0.00189148 -0.00176406 -0.00167729 -0.00161453 -0.00156628 -0.00152986 -0.00149561 -0.00146659 -0.00143922 -0.00141245 -0.00138983 -0.0013663 -0.00134652 -0.00132743 -0.00130908 -0.00129345 -0.0012763 -0.00126198 -0.0012464 -0.00123187 -0.00121802 -0.00120325 -0.00119079 -0.00117675 -0.00116518 -0.00115287 -0.00114189 -0.0011317 -0.00112136 -0.00111305 -0.00110359 -0.00109653 -0.0010882 -0.00108179 -0.00107469 -0.00106851 -0.00106257 -0.00105651 -0.00105154 -0.00104563 -0.0010414 -0.00103582 -0.00103213 -0.00102703 -0.00102374 -0.00101925 -0.00101628 -0.00101246 -0.00100978 -0.00100666 -0.00100429 -0.00100185 -0.000999812 -0.000998022 -0.000996342 -0.000995158 -0.000993875 -0.000993255 -0.000992399 -0.000992306 -0.000991908 -0.000992306 -0.000992399 -0.000993255 -0.000993875 -0.000995158 -0.000996342 -0.000998022 -0.000999812 -0.00100185 -0.00100429 -0.00100666 -0.00100978 -0.00101246 -0.00101628 -0.00101925 -0.00102374 -0.00102703 -0.00103213 -0.00103582 -0.0010414 -0.00104563 -0.00105154 -0.00105651 -0.00106257 -0.00106851 -0.00107469 -0.00108179 -0.0010882 -0.00109653 -0.00110359 -0.00111305 -0.00112136 -0.0011317 -0.00114189 -0.00115287 -0.00116518 -0.00117675 -0.00119079 -0.00120325 -0.00121802 -0.00123187 -0.0012464 -0.00126198 -0.0012763 -0.00129345 -0.00130908 -0.00132742 -0.00134651 -0.00136625 -0.00138968 -0.00141204 -0.00143814 -0.00146388 -0.00148911 -0.00151506 -0.00153424 -0.00154862 -0.00154858 -0.00152553 -0.0014721 -0.00136812 -0.00120485 -0.000967127 -0.00064019 -0.000219206 0.000320383 0.00100571 0.00187622 0.00298862 0.00437187 0.00603438 0.00795598 0.0100801 0.012365 0.0147676 0.0172135 0.0196063 0.0217973 0.0236159 0.024934 0.0256327 0.0255966 0.0247501 0.0230331 0.0204217 0.0169662 0.0127441 0.00786839 0.0025239 -0.00311842 -0.00892625 -0.0147035 -0.0202297 -0.0253805 -0.0300609 -0.0341157 -0.0374303 -0.0399969 -0.0417955 
0 0.00101938 0.00184157 0.00222319 0.00197831 0.00101876 -0.000727454 -0.00330607 -0.00666365 -0.0106603 -0.0151054 -0.0197904 -0.0245285 -0.0290981 -0.0331996 -0.0365972 -0.0391928 -0.0409065 -0.0416622 -0.041467 -0.0403836 -0.0385236 -0.0360534 -0.0331255 -0.0298936 -0.0265417 -0.023213 -0.0200132 -0.0170374 -0.0143364 -0.0119546 -0.00992821 -0.00824175 -0.00686904 -0.00576743 -0.00487739 -0.0041681 -0.00360608 -0.00316368 -0.00283053 -0.00257871 -0.00239385 -0.00226205 -0.00216186 -0.00209122 -0.00203628 -0.00199205 -0.00195867 -0.0019256 -0.00189815 -0.00186986 -0.00184061 -0.00181361 -0.00178275 -0.00175559 -0.0017271 -0.00170069 -0.00167752 -0.00165405 -0.00163613 -0.00161721 -0.00160243 -0.00158791 -0.0015741 -0.00156233 -0.00154837 -0.00153728 -0.00152319 -0.00151138 -0.00149775 -0.00148489 -0.00147233 -0.00145896 -0.00144782 -0.00143489 -0.00142519 -0.00141357 -0.00140516 -0.0013954 -0.00138805 -0.0013803 -0.00137382 -0.00136796 -0.00136219 -0.00135792 -0.00135278 -0.00134976 -0.00134519 -0.00134312 -0.00133911 -0.00133775 -0.00133429 -0.00133348 -0.00133055 -0.0013302 -0.00132781 -0.00132789 -0.001326 -0.0013265 -0.0013251 -0.00132604 -0.0013251 -0.0013265 -0.001326 -0.00132789 -0.00132781 -0.0013302 -0.00133055 -0.00133348 -0.00133429 -0.00133775 -0.00133911 -0.00134312 -0.00134519 -0.00134976 -0.00135278 -0.00135792 -0.00136219 -0.00136796 -0.00137382 -0.0013803 -0.00138805 -0.0013954 -0.00140516 -0.00141357 -0.00142519 -0.00143489 -0.00144782 -0.00145896 -0.00147233 -0.00148489 -0.00149775 -0.00151138 -0.00152319 -0.00153728 -0.00154837 -0.00156233 -0.0015741 -0.00158791 -0.00160243 -0.00161721 -0.00163613 -0.00165405 -0.00167752 -0.00170069 -0.0017271 -0.00175559 -0.00178274 -0.00181357 -0.0018405 -0.00186955 -0.00189732 -0.00192349 -0.00195353 -0.00198016 -0.00201009 -0.00203638 -0.00205265 -0.00205539 -0.00202233 -0.00194395 -0.00179862 -0.0015641 -0.00123325 -0.000781963 -0.000197372 0.000544254 0.00149363 0.00269211 0.00419546 0.00604231 0.00822593 0.0107346 0.0135239 0.0165232 0.0196597 0.0228045 0.0258039 0.0285182 0.0307785 0.0324091 0.0332378 0.0330816 0.0318436 0.0295227 0.0261076 0.0216099 0.0161372 0.00985899 0.00298209 -0.00428383 -0.0117603 -0.0192119 -0.0263395 -0.0329571 -0.038989 -0.0442761 -0.0486208 -0.0519591 -0.0542763 
0 0.000885121 0.00145333 0.00154181 0.00101876 -0.000313892 -0.00257391 -0.00573005 -0.00972136 -0.0144451 -0.019671 -0.0251544 -0.0307012 -0.0360313 -0.0408083 -0.0448128 -0.0479077 -0.0499665 -0.0509217 -0.0507494 -0.0494931 -0.0473308 -0.0444597 -0.0410227 -0.0371969 -0.0331685 -0.0291076 -0.0251976 -0.0215539 -0.0182326 -0.015295 -0.0127559 -0.0106111 -0.00885412 -0.00742506 -0.00627421 -0.00535909 -0.00462408 -0.00405186 -0.00361405 -0.00328147 -0.00304499 -0.00287018 -0.00274403 -0.00265333 -0.00257657 -0.00251848 -0.00246447 -0.0024156 -0.00237443 -0.0023311 -0.00229657 -0.00226115 -0.00222902 -0.00220108 -0.00217027 -0.00214583 -0.00211741 -0.00209256 -0.0020675 -0.00204127 -0.00201923 -0.0019934 -0.00197325 -0.00195034 -0.00193118 -0.00191261 -0.00189432 -0.00187988 -0.00186295 -0.00185134 -0.00183641 -0.00182607 -0.00181348 -0.00180331 -0.00179297 -0.0017825 -0.00177402 -0.00176335 -0.00175621 -0.00174573 -0.00173946 -0.00172963 -0.00172389 -0.0017151 -0.00170973 -0.0017022 -0.00169716 -0.00169101 -0.00168634 -0.00168155 -0.00167733 -0.00167383 -0.00167016 -0.00166786 -0.00166481 -0.00166361 -0.00166127 -0.00166107 -0.00165951 -0.00166022 -0.00165951 -0.00166107 -0.00166127 -0.00166361 -0.00166481 -0.00166786 -0.00167016 -0.00167383 -0.00167733 -0.00168155 -0.00168634 -0.00169101 -0.00169716 -0.0017022 -0.00170973 -0.0017151 -0.00172389 -0.00172963 -0.00173946 -0.00174573 -0.00175621 -0.00176335 -0.00177402 -0.0017825 -0.00179297 -0.00180331 -0.00181348 -0.00182607 -0.00183641 -0.00185134 -0.00186295 -0.00187988 -0.00189432 -0.00191261 -0.00193118 -0.00195034 -0.00197325 -0.0019934 -0.00201923 -0.00204127 -0.0020675 -0.00209256 -0.00211741 -0.00214583 -0.00217026 -0.00220108 -0.00222899 -0.00226107 -0.00229634 -0.00233047 -0.00237282 -0.00241163 -0.00245514 -0.00249761 -0.00253217 -0.00256345 -0.002571 -0.00255344 -0.00249352 -0.00236726 -0.00216818 -0.00186325 -0.00143842 -0.000873416 -0.000122904 0.000841628 0.00208134 0.00365312 0.00558074 0.00789734 0.010593 0.0136417 0.0170292 0.0206722 0.0244466 0.0281979 0.0317183 0.0348412 0.0374128 0.0392085 0.0400125 0.0396525 0.0380103 0.0350844 0.0308989 0.0254483 0.0188474 0.0113271 0.00309905 -0.00560561 -0.0145043 -0.0233475 -0.0318965 -0.0398842 -0.0471018 -0.0534171 -0.0586866 -0.0627588 -0.0655448 
0 0.000437904 0.000584565 0.000257937 -0.000727454 -0.00257391 -0.00535094 -0.00902305 -0.0135544 -0.0188366 -0.0246555 -0.0307736 -0.0369081 -0.0427373 -0.0480112 -0.052512 -0.0560023 -0.0583449 -0.0594815 -0.059353 -0.0580247 -0.0556852 -0.0525018 -0.048658 -0.0443502 -0.0397414 -0.0350542 -0.0305112 -0.0262359 -0.0223311 -0.0188477 -0.0157855 -0.0131756 -0.0110016 -0.00921625 -0.00778905 -0.00664376 -0.00573093 -0.00502156 -0.00446292 -0.00404459 -0.00373605 -0.00350412 -0.00334364 -0.00321777 -0.00312196 -0.00304723 -0.00297559 -0.00292016 -0.00286373 -0.00281382 -0.00277096 -0.00272497 -0.00269013 -0.0026508 -0.00261735 -0.00258537 -0.00255068 -0.00252321 -0.00248914 -0.0024624 -0.0024321 -0.00240429 -0.00237925 -0.00235126 -0.00233065 -0.00230479 -0.00228662 -0.00226483 -0.00224739 -0.00223028 -0.00221287 -0.00219969 -0.00218257 -0.00217191 -0.00215584 -0.00214627 -0.00213198 -0.00212252 -0.00211045 -0.00210067 -0.00209093 -0.00208085 -0.00207326 -0.00206317 -0.00205741 -0.00204769 -0.00204345 -0.00203442 -0.00203141 -0.00202335 -0.00202135 -0.0020144 -0.00201331 -0.00200752 -0.00200728 -0.00200265 -0.00200327 -0.00199974 -0.00200127 -0.00199878 -0.00200127 -0.00199974 -0.00200327 -0.00200265 -0.00200728 -0.00200752 -0.00201331 -0.0020144 -0.00202135 -0.00202335 -0.00203141 -0.00203442 -0.00204345 -0.00204769 -0.00205741 -0.00206317 -0.00207326 -0.00208085 -0.00209093 -0.00210067 -0.00211045 -0.00212252 -0.00213198 -0.00214627 -0.00215584 -0.00217191 -0.00218257 -0.00219969 -0.00221287 -0.00223028 -0.00224739 -0.00226483 -0.00228662 -0.00230479 -0.00233065 -0.00235126 -0.00237925 -0.00240429 -0.0024321 -0.0024624 -0.00248914 -0.00252321 -0.00255068 -0.00258537 -0.00261734 -0.00265078 -0.00269007 -0.0027248 -0.00277049 -0.00281261 -0.00286069 -0.00291293 -0.0029592 -0.00301184 -0.00304919 -0.00307541 -0.00307872 -0.00303499 -0.0029449 -0.00277169 -0.00250334 -0.00212264 -0.00158654 -0.000881007 5.30682e-05 0.00127617 0.00282996 0.00478399 0.00714923 0.0099214 0.0131129 0.0166855 0.0206108 0.0248168 0.0291201 0.0333341 0.0372548 0.0406586 0.0433727 0.045176 0.0458173 0.0451563 0.0430977 0.0395724 0.034618 0.0283075 0.0207498 0.0121696 0.00281443 -0.00707136 -0.0171559 -0.0271381 -0.0368302 -0.0459729 -0.0542253 -0.0613939 -0.0674035 -0.0721045 -0.0753418 
0 -0.000272108 -0.000752761 -0.00168931 -0.00330607 -0.00573005 -0.00902305 -0.0132068 -0.0182033 -0.0238701 -0.0300781 -0.0366008 -0.043077 -0.0492246 -0.05485 -0.0596697 -0.0634185 -0.0659765 -0.067253 -0.0672151 -0.0659482 -0.0635431 -0.0601476 -0.0560037 -0.0512972 -0.0462232 -0.0410446 -0.0359531 -0.0311156 -0.0266688 -0.0226345 -0.0190518 -0.015958 -0.0133286 -0.0111708 -0.00943668 -0.00804311 -0.00695285 -0.00608679 -0.00540269 -0.00488364 -0.00447556 -0.00417685 -0.00395721 -0.00378729 -0.00367203 -0.00357353 -0.00349847 -0.0034367 -0.00337218 -0.00332279 -0.00326451 -0.00321347 -0.00316406 -0.00311028 -0.00306884 -0.0030194 -0.00298197 -0.00294305 -0.00290689 -0.00287853 -0.00284402 -0.00282127 -0.0027904 -0.00276768 -0.00274173 -0.0027162 -0.00269468 -0.0026669 -0.00264805 -0.00262056 -0.0026025 -0.00257797 -0.00255959 -0.00253962 -0.00252081 -0.00250566 -0.00248703 -0.00247596 -0.00245842 -0.00245022 -0.00243456 -0.00242807 -0.00241482 -0.00240913 -0.00239847 -0.00239305 -0.00238491 -0.00237955 -0.00237371 -0.00236839 -0.00236457 -0.00235943 -0.00235734 -0.00235254 -0.00235193 -0.00234766 -0.00234833 -0.00234474 -0.00234653 -0.00234377 -0.00234653 -0.00234474 -0.00234833 -0.00234766 -0.00235193 -0.00235254 -0.00235734 -0.00235943 -0.00236457 -0.00236839 -0.00237371 -0.00237955 -0.00238491 -0.00239305 -0.00239847 -0.00240913 -0.00241482 -0.00242807 -0.00243456 -0.00245022 -0.00245842 -0.00247596 -0.00248703 -0.00250566 -0.00252081 -0.00253962 -0.00255959 -0.00257797 -0.0026025 -0.00262056 -0.00264805 -0.0026669 -0.00269468 -0.0027162 -0.00274173 -0.00276768 -0.0027904 -0.00282127 -0.00284402 -0.00287853 -0.00290689 -0.00294305 -0.00298197 -0.0030194 -0.00306883 -0.00311024 -0.00316393 -0.00321313 -0.00326361 -0.00332051 -0.00336666 -0.003424 -0.00347061 -0.00351537 -0.00355643 -0.00356863 -0.00356358 -0.00350198 -0.00337195 -0.0031579 -0.00281203 -0.00233356 -0.00167232 -0.000782274 0.000370827 0.00187882 0.00377855 0.00610476 0.00889508 0.0121149 0.0157717 0.0198546 0.0242727 0.0289337 0.0336461 0.0381659 0.0423118 0.0458499 0.0485328 0.0501722 0.0505492 0.049502 0.0469653 0.0428472 0.037151 0.0300576 0.0217326 0.0123242 0.00208647 -0.00868787 -0.0196981 -0.0306104 -0.0411486 -0.0510854 -0.0601375 -0.0680434 -0.0746477 -0.0798159 -0.0834089 
0 -0.00116826 -0.00251635 -0.00428869 -0.00666365 -0.00972136 -0.0135544 -0.0182033 -0.0235631 -0.0295134 -0.0359435 -0.0426049 -0.0491968 -0.055505 -0.0612814 -0.0662343 -0.070157 -0.0728713 -0.0742575 -0.0743556 -0.0731997 -0.0708025 -0.0673389 -0.0630221 -0.0580395 -0.0526563 -0.0470896 -0.0415206 -0.0361847 -0.0312027 -0.0266354 -0.0225658 -0.018985 -0.01591 -0.0133625 -0.0112693 -0.00959854 -0.00828159 -0.00722459 -0.00640969 -0.00576819 -0.00526989 -0.00490711 -0.00462026 -0.00441642 -0.00426162 -0.00413213 -0.00404163 -0.00395007 -0.00387879 -0.00381342 -0.00374512 -0.003695 -0.00363275 -0.00358539 -0.00353505 -0.00348436 -0.00344486 -0.00339363 -0.00335838 -0.00331305 -0.00327631 -0.00324058 -0.00320146 -0.00317411 -0.00313586 -0.00311266 -0.00307943 -0.00305634 -0.00303043 -0.00300561 -0.00298663 -0.00296058 -0.0029463 -0.00292084 -0.00290857 -0.00288565 -0.00287326 -0.00285419 -0.00284061 -0.00282583 -0.00281095 -0.0028002 -0.00278453 -0.00277714 -0.00276145 -0.00275666 -0.0027417 -0.00273882 -0.00272516 -0.00272368 -0.00271168 -0.00271129 -0.0027011 -0.00270168 -0.00269329 -0.00269483 -0.00268814 -0.00269073 -0.00268559 -0.00268936 -0.00268559 -0.00269073 -0.00268814 -0.00269483 -0.00269329 -0.00270168 -0.0027011 -0.00271129 -0.00271168 -0.00272368 -0.00272516 -0.00273882 -0.0027417 -0.00275666 -0.00276145 -0.00277714 -0.00278453 -0.0028002 -0.00281095 -0.00282583 -0.00284061 -0.00285419 -0.00287326 -0.00288565 -0.00290857 -0.00292084 -0.0029463 -0.00296058 -0.00298663 -0.00300561 -0.00303043 -0.00305634 -0.00307943 -0.00311266 -0.00313586 -0.00317411 -0.00320146 -0.00324058 -0.00327631 -0.00331305 -0.00335838 -0.00339363 -0.00344486 -0.00348435 -0.00353502 -0.0035853 -0.0036325 -0.00369433 -0.00374342 -0.00380925 -0.00386906 -0.00392841 -0.0039957 -0.00403938 -0.00408329 -0.00409003 -0.00405131 -0.00396144 -0.00376782 -0.0034804 -0.0030522 -0.00244836 -0.00165305 -0.000573024 0.000831747 0.00262932 0.00489701 0.00761981 0.0108267 0.0145099 0.0186166 0.0231447 0.027981 0.0329536 0.0379108 0.0426057 0.0468117 0.0503223 0.052835 0.0541335 0.0541007 0.0525783 0.0494769 0.0447738 0.0384638 0.0307065 0.0217416 0.0117169 0.000848812 -0.0105252 -0.0221234 -0.0336678 -0.0447972 -0.0552235 -0.064766 -0.0731957 -0.0802442 -0.0857291 -0.0895445 
0 -0.00224014 -0.00465057 -0.00741637 -0.0106603 -0.0144451 -0.0188366 -0.0238701 -0.0295134 -0.0356683 -0.0421467 -0.0487407 -0.0552901 -0.0615676 -0.0672805 -0.0722316 -0.0762292 -0.0790277 -0.0805436 -0.080799 -0.0797527 -0.0774564 -0.0740534 -0.0696756 -0.0645753 -0.0590142 -0.0531487 -0.0472178 -0.0414427 -0.0359461 -0.0308903 -0.0263314 -0.0222661 -0.0187609 -0.0157852 -0.0133139 -0.0113379 -0.00974304 -0.00848734 -0.00751037 -0.00672593 -0.0061385 -0.00568051 -0.00532887 -0.00507988 -0.00487009 -0.00472167 -0.00459716 -0.00448539 -0.00440574 -0.00431527 -0.00424989 -0.00418293 -0.00411693 -0.00406821 -0.00400305 -0.00395908 -0.00390258 -0.00385324 -0.00380886 -0.00375425 -0.00371832 -0.00366577 -0.00363175 -0.00358863 -0.00355234 -0.00352109 -0.00348276 -0.00346065 -0.00342357 -0.00340545 -0.0033733 -0.00335462 -0.00332951 -0.00330802 -0.00328997 -0.00326573 -0.00325321 -0.00322779 -0.00321865 -0.00319407 -0.00318633 -0.00316432 -0.00315661 -0.00313826 -0.0031299 -0.00311563 -0.00310649 -0.00309626 -0.00308656 -0.00308001 -0.00307014 -0.00306679 -0.00305717 -0.00305655 -0.00304757 -0.00304925 -0.00304124 -0.00304489 -0.00303809 -0.00304343 -0.00303809 -0.00304489 -0.00304124 -0.00304925 -0.00304757 -0.00305655 -0.00305717 -0.00306679 -0.00307014 -0.00308001 -0.00308656 -0.00309626 -0.00310649 -0.00311563 -0.0031299 -0.00313826 -0.00315661 -0.00316432 -0.00318633 -0.00319407 -0.00321865 -0.00322779 -0.00325321 -0.00326573 -0.00328997 -0.00330802 -0.00332951 -0.00335462 -0.0033733 -0.00340545 -0.00342357 -0.00346065 -0.00348276 -0.00352109 -0.00355234 -0.00358863 -0.00363175 -0.00366577 -0.00371832 -0.00375425 -0.00380886 -0.00385324 -0.00390257 -0.00395906 -0.00400299 -0.00406803 -0.00411645 -0.00418168 -0.00424679 -0.00430792 -0.00438912 -0.00444957 -0.00452365 -0.00457796 -0.0046026 -0.00460566 -0.00452739 -0.00438685 -0.00413838 -0.00375106 -0.00323 -0.00249157 -0.00151717 -0.000235411 0.0014569 0.00357642 0.00620146 0.00934011 0.0129521 0.0170687 0.0216167 0.0265096 0.0316577 0.0368345 0.0418649 0.0465793 0.0506927 0.0539687 0.0561577 0.0569989 0.0564079 0.0543166 0.0506065 0.0453058 0.0384987 0.030256 0.0207763 0.0103118 -0.000911534 -0.012602 -0.0244665 -0.0362627 -0.0476764 -0.0583743 -0.0681392 -0.0767687 -0.0840067 -0.0896628 -0.0936215 
0 -0.00347356 -0.00708209 -0.0109309 -0.0151054 -0.019671 -0.0246555 -0.0300781 -0.0359435 -0.0421467 -0.0485129 -0.0549439 -0.0613234 -0.0673901 -0.0729087 -0.0777292 -0.0816414 -0.0844706 -0.0861426 -0.0865509 -0.0856627 -0.0835615 -0.0802821 -0.0759616 -0.0708809 -0.0652242 -0.059192 -0.0530308 -0.0468812 -0.04095 -0.0354277 -0.030353 -0.0258193 -0.0218587 -0.0184347 -0.0155956 -0.0132719 -0.0113893 -0.00991898 -0.00873146 -0.00779954 -0.00708073 -0.00649947 -0.00607988 -0.00575087 -0.00550114 -0.00532898 -0.00517019 -0.00506232 -0.00495761 -0.00486042 -0.00478644 -0.00469224 -0.00462712 -0.00454861 -0.00447959 -0.0044229 -0.00435204 -0.00430934 -0.00424677 -0.00420524 -0.00415799 -0.00411054 -0.00407702 -0.00402543 -0.00399793 -0.00394893 -0.00391958 -0.00387917 -0.00384422 -0.00381441 -0.00377496 -0.00375387 -0.00371396 -0.00369769 -0.00366176 -0.0036465 -0.00361762 -0.00360091 -0.00358019 -0.00356119 -0.00354808 -0.0035272 -0.00352018 -0.00349848 -0.00349577 -0.00347445 -0.00347447 -0.00345454 -0.00345612 -0.00343827 -0.0034407 -0.00342528 -0.00342827 -0.00341534 -0.00341889 -0.00340831 -0.0034126 -0.00340412 -0.00340945 -0.00340272 -0.00340945 -0.00340412 -0.0034126 -0.00340831 -0.00341889 -0.00341534 -0.00342827 -0.00342528 -0.0034407 -0.00343827 -0.00345612 -0.00345454 -0.00347447 -0.00347445 -0.00349577 -0.00349848 -0.00352018 -0.0035272 -0.00354808 -0.00356119 -0.00358019 -0.00360091 -0.00361762 -0.0036465 -0.00366176 -0.00369769 -0.00371396 -0.00375387 -0.00377496 -0.00381441 -0.00384422 -0.00387917 -0.00391958 -0.00394893 -0.00399793 -0.00402543 -0.00407702 -0.00411054 -0.00415799 -0.00420524 -0.00424677 -0.00430933 -0.00435202 -0.00442286 -0.00447947 -0.00454826 -0.00462621 -0.00468996 -0.00478095 -0.00484782 -0.00493002 -0.00500477 -0.00505578 -0.00511235 -0.00511041 -0.00507911 -0.00497742 -0.00476806 -0.00446873 -0.00399511 -0.00334891 -0.00247577 -0.00127759 0.000262649 0.00226057 0.00475389 0.0077333 0.0112582 0.0152708 0.0197516 0.0246809 0.0298811 0.0352165 0.0405058 0.0454949 0.0500313 0.0538713 0.0567082 0.0583692 0.0586686 0.0574548 0.0547118 0.0503935 0.0445118 0.0372271 0.0286397 0.0188563 0.0081629 -0.00314671 -0.0148617 -0.0267277 -0.0384579 -0.0497913 -0.0604591 -0.0701887 -0.0787356 -0.0859023 -0.0915506 -0.0955476 
0 -0.00480387 -0.00968724 -0.0146659 -0.0197904 -0.0251544 -0.0307736 -0.0366008 -0.0426049 -0.0487407 -0.0549439 -0.0611433 -0.0671998 -0.0729323 -0.0781773 -0.0827465 -0.0864889 -0.0893276 -0.0911003 -0.0916442 -0.0909734 -0.0890986 -0.0860246 -0.0819227 -0.0769602 -0.0713061 -0.0652307 -0.0588937 -0.0524555 -0.0461818 -0.040207 -0.0346647 -0.0296855 -0.0252422 -0.0213874 -0.0181382 -0.0154146 -0.0132293 -0.0114787 -0.0100689 -0.00898329 -0.00810136 -0.00742026 -0.00690592 -0.00648689 -0.00619789 -0.00595861 -0.00577482 -0.00564249 -0.00550426 -0.00541296 -0.00530896 -0.00521927 -0.00514563 -0.00505229 -0.00499364 -0.00491046 -0.00484938 -0.00478705 -0.00471784 -0.00467346 -0.00460346 -0.0045652 -0.00450564 -0.00446307 -0.00441985 -0.00437023 -0.00434111 -0.00428884 -0.00426654 -0.00421867 -0.00419573 -0.00415762 -0.00412973 -0.00410309 -0.00406984 -0.00405303 -0.0040168 -0.0040064 -0.00397062 -0.00396301 -0.0039308 -0.00392318 -0.00389657 -0.00388735 -0.00386722 -0.00385589 -0.00384216 -0.00382895 -0.00382101 -0.00380655 -0.00380353 -0.00378857 -0.00378961 -0.00377484 -0.00377918 -0.00376518 -0.00377223 -0.00375945 -0.00376875 -0.00375754 -0.00376875 -0.00375945 -0.00377223 -0.00376518 -0.00377918 -0.00377484 -0.00378961 -0.00378857 -0.00380353 -0.00380655 -0.00382101 -0.00382895 -0.00384216 -0.00385589 -0.00386722 -0.00388735 -0.00389657 -0.00392318 -0.0039308 -0.00396301 -0.00397062 -0.0040064 -0.0040168 -0.00405303 -0.00406984 -0.00410309 -0.00412973 -0.00415762 -0.00419573 -0.00421867 -0.00426654 -0.00428884 -0.00434111 -0.00437023 -0.00441985 -0.00446307 -0.00450564 -0.0045652 -0.00460346 -0.00467346 -0.00471783 -0.00478704 -0.00484935 -0.00491037 -0.0049934 -0.00505164 -0.00514397 -0.00521523 -0.00529953 -0.00539199 -0.00545976 -0.00555253 -0.00560151 -0.00564047 -0.00564126 -0.00555758 -0.00542236 -0.00514823 -0.00474815 -0.00418684 -0.00337807 -0.00232593 -0.000904242 0.000944346 0.00324721 0.00610187 0.0094605 0.013334 0.0177402 0.0225693 0.0277777 0.0332069 0.0386096 0.0438455 0.0486806 0.0528674 0.0562307 0.0584966 0.0594763 0.0591037 0.0572282 0.0537808 0.0488357 0.0424504 0.0347445 0.0258962 0.0160373 0.00537476 -0.00580502 -0.0172874 -0.0288605 -0.0402412 -0.0511794 -0.0614616 -0.0708391 -0.0790747 -0.0859927 -0.0914426 -0.0952829 
0 -0.00613737 -0.0122859 -0.0184106 -0.0245285 -0.0307012 -0.0369081 -0.043077 -0.0491968 -0.0552901 -0.0613234 -0.0671998 -0.0728314 -0.0781552 -0.0830403 -0.0873182 -0.0909039 -0.0936894 -0.0954779 -0.0961652 -0.0957165 -0.0940856 -0.0913397 -0.087562 -0.0828056 -0.077289 -0.0712321 -0.0647728 -0.0581625 -0.0515973 -0.0452292 -0.039291 -0.03385 -0.0289439 -0.0246605 -0.0209444 -0.0178192 -0.0152778 -0.0131962 -0.011565 -0.0102709 -0.00922844 -0.00844075 -0.00779474 -0.0073066 -0.00693936 -0.00663006 -0.00642269 -0.00623145 -0.00608614 -0.0059726 -0.00584759 -0.0057693 -0.00566539 -0.00558705 -0.00551042 -0.00542054 -0.00536286 -0.00527237 -0.00521668 -0.00514186 -0.00507736 -0.00502461 -0.00495328 -0.0049164 -0.0048486 -0.00481577 -0.0047615 -0.00472362 -0.00468662 -0.00464134 -0.00461853 -0.00456933 -0.00455388 -0.00450669 -0.00449167 -0.00445172 -0.00443256 -0.00440267 -0.00437779 -0.0043582 -0.00432845 -0.00431764 -0.00428514 -0.00428078 -0.00424798 -0.00424776 -0.00421671 -0.00421881 -0.00419093 -0.00419415 -0.00417017 -0.00417392 -0.00415403 -0.00415821 -0.00414219 -0.00414701 -0.00413441 -0.0041403 -0.00413056 -0.00413807 -0.00413056 -0.0041403 -0.00413441 -0.00414701 -0.00414219 -0.00415821 -0.00415403 -0.00417392 -0.00417017 -0.00419415 -0.00419093 -0.00421881 -0.00421671 -0.00424776 -0.00424798 -0.00428078 -0.00428514 -0.00431764 -0.00432845 -0.0043582 -0.00437779 -0.00440267 -0.00443256 -0.00445172 -0.00449167 -0.00450669 -0.00455388 -0.00456933 -0.00461853 -0.00464134 -0.00468662 -0.00472362 -0.0047615 -0.00481577 -0.0048486 -0.0049164 -0.00495328 -0.00502461 -0.00507736 -0.00514186 -0.00521668 -0.00527235 -0.0053628 -0.00542038 -0.00550997 -0.00558586 -0.00566244 -0.00576233 -0.00583184 -0.00593864 -0.00601629 -0.0060945 -0.00616679 -0.00617426 -0.00616484 -0.00604893 -0.00583782 -0.00551129 -0.00498732 -0.00429698 -0.00332985 -0.00203612 -0.000376008 0.00178535 0.0044311 0.00760787 0.0113475 0.0155719 0.0203102 0.025468 0.0308664 0.0363814 0.0417539 0.0467708 0.0512802 0.0549954 0.057706 0.0592703 0.0595015 0.0583299 0.0557095 0.0515658 0.0459989 0.0391756 0.0311898 0.0222003 0.0124225 0.00202729 -0.00880287 -0.0198361 -0.0308237 -0.0415386 -0.0518006 -0.0614165 -0.070154 -0.0778308 -0.0843021 -0.0893743 -0.0928986 
0 -0.00738918 -0.0147269 -0.0219766 -0.0290981 -0.0360313 -0.0427373 -0.0492246 -0.055505 -0.0615676 -0.0673901 -0.0729323 -0.0781552 -0.0830336 -0.0875135 -0.0915076 -0.0949046 -0.0975618 -0.0993636 -0.100211 -0.0999801 -0.0986523 -0.09628 -0.0928406 -0.088398 -0.0831251 -0.0771549 -0.0707073 -0.0640113 -0.0572027 -0.0505304 -0.0441971 -0.0382898 -0.0329577 -0.0282137 -0.0240486 -0.0205303 -0.0175749 -0.0151617 -0.0132486 -0.0116899 -0.0104805 -0.00952001 -0.00874781 -0.00818095 -0.0077116 -0.00737043 -0.00710938 -0.00688037 -0.00672804 -0.0065642 -0.00644206 -0.00632907 -0.00620694 -0.00612646 -0.00601346 -0.00594015 -0.00585321 -0.00577149 -0.00571229 -0.00562481 -0.00557898 -0.00549903 -0.0054495 -0.00538779 -0.00532662 -0.00528406 -0.00521495 -0.00518399 -0.00511706 -0.0050878 -0.00503258 -0.00499808 -0.00495921 -0.00491764 -0.00489423 -0.00484803 -0.00483558 -0.00478922 -0.00478213 -0.00474 -0.00473351 -0.00469872 -0.00468978 -0.00466374 -0.0046511 -0.00463385 -0.00461757 -0.00460826 -0.00458919 -0.00458658 -0.00456587 -0.00456868 -0.00454747 -0.00455461 -0.00453383 -0.00454445 -0.00452481 -0.00453831 -0.00452033 -0.00453626 -0.00452033 -0.00453831 -0.00452481 -0.00454445 -0.00453383 -0.00455461 -0.00454747 -0.00456868 -0.00456587 -0.00458658 -0.00458919 -0.00460826 -0.00461757 -0.00463385 -0.0046511 -0.00466374 -0.00468978 -0.00469872 -0.00473351 -0.00474 -0.00478213 -0.00478922 -0.00483558 -0.00484803 -0.00489423 -0.00491764 -0.00495921 -0.00499808 -0.00503258 -0.0050878 -0.00511706 -0.00518399 -0.00521495 -0.00528406 -0.00532662 -0.00538779 -0.0054495 -0.00549903 -0.00557898 -0.0056248 -0.00571228 -0.00577145 -0.0058531 -0.00593983 -0.00601262 -0.00612435 -0.00620186 -0.00631741 -0.00641648 -0.00651066 -0.0066212 -0.0066771 -0.00674068 -0.00673247 -0.00665727 -0.00651286 -0.00621255 -0.00580095 -0.00518486 -0.00432683 -0.00320079 -0.00166202 0.000296886 0.0027603 0.00578371 0.00930776 0.0133875 0.0179701 0.0229695 0.0283362 0.0338398 0.0392833 0.0444966 0.049207 0.0532249 0.0563371 0.0582904 0.0589981 0.0583894 0.0563631 0.0529302 0.0481338 0.0420521 0.034855 0.026696 0.0177255 0.00816163 -0.00180252 -0.0120301 -0.022345 -0.0325132 -0.0423281 -0.0516542 -0.0603507 -0.0682231 -0.075107 -0.0808848 -0.0854088 -0.0885582 
0 -0.00851851 -0.0169346 -0.0251968 -0.0331996 -0.0408083 -0.0480112 -0.05485 -0.0612814 -0.0672805 -0.0729087 -0.0781773 -0.0830403 -0.0875135 -0.0916286 -0.0953256 -0.0984847 -0.101015 -0.10284 -0.103828 -0.103854 -0.102879 -0.100869 -0.097811 -0.0937638 -0.0887827 -0.0830072 -0.0766736 -0.0699383 -0.0629955 -0.0560919 -0.0493822 -0.043071 -0.0372998 -0.0320763 -0.0274849 -0.0235169 -0.0201355 -0.0173724 -0.0151095 -0.013295 -0.0118744 -0.0107148 -0.00982758 -0.00912409 -0.00856465 -0.00816331 -0.00781893 -0.00757414 -0.00737047 -0.00718599 -0.00705756 -0.00690518 -0.00679828 -0.00668248 -0.00657081 -0.00648867 -0.00637585 -0.00630854 -0.00621151 -0.00613951 -0.00606854 -0.0059859 -0.00593646 -0.00585144 -0.00580974 -0.00573542 -0.00568876 -0.00563349 -0.00557698 -0.00554064 -0.00547752 -0.00545352 -0.00539137 -0.00537115 -0.0053174 -0.00529419 -0.00525338 -0.00522394 -0.00519704 -0.00516142 -0.00514666 -0.00510705 -0.00510129 -0.00506067 -0.00506059 -0.00502171 -0.00502457 -0.00498944 -0.00499341 -0.00496318 -0.0049673 -0.00494234 -0.00494635 -0.00492649 -0.00493064 -0.00491535 -0.00492017 -0.00490873 -0.00491494 -0.00490654 -0.00491494 -0.00490873 -0.00492017 -0.00491535 -0.00493064 -0.00492649 -0.00494635 -0.00494234 -0.0049673 -0.00496318 -0.00499341 -0.00498944 -0.00502457 -0.00502171 -0.00506059 -0.00506067 -0.00510129 -0.00510705 -0.00514666 -0.00516142 -0.00519704 -0.00522394 -0.00525338 -0.00529419 -0.0053174 -0.00537115 -0.00539137 -0.00545352 -0.00547752 -0.00554064 -0.00557698 -0.00563349 -0.00568876 -0.00573542 -0.00580974 -0.00585144 -0.00593646 -0.0059859 -0.00606854 -0.0061395 -0.00621149 -0.00630846 -0.00637563 -0.00648809 -0.00656932 -0.00667883 -0.00678975 -0.00688616 -0.00701706 -0.00710372 -0.00721106 -0.0072796 -0.0072998 -0.00728966 -0.0071582 -0.00695183 -0.00659529 -0.0060567 -0.005335 -0.00430223 -0.00294796 -0.00116998 0.00112204 0.00390941 0.00726791 0.0111591 0.0155406 0.0204207 0.02565 0.031097 0.0365901 0.041864 0.0467509 0.0510336 0.0544382 0.0567864 0.0579066 0.0576932 0.0561495 0.0532526 0.0490274 0.0436084 0.0371213 0.0296777 0.0214466 0.0126431 0.00346783 -0.00591883 -0.0153571 -0.0246895 -0.0337997 -0.042554 -0.0507724 -0.0583173 -0.0650999 -0.0710042 -0.0759114 -0.0797513 -0.0824637 
0 -0.00949025 -0.0188213 -0.0278955 -0.0365972 -0.0448128 -0.052512 -0.0596697 -0.0662343 -0.0722316 -0.0777292 -0.0827465 -0.0873182 -0.0915076 -0.0953256 -0.0987403 -0.101702 -0.104131 -0.105946 -0.107069 -0.107385 -0.106774 -0.105166 -0.102552 -0.0989168 -0.0942837 -0.0887917 -0.0826108 -0.0759229 -0.0689531 -0.0618741 -0.0548836 -0.0482148 -0.0419835 -0.0363026 -0.0312462 -0.0267922 -0.0229922 -0.0198169 -0.0171947 -0.0151082 -0.0134212 -0.0120779 -0.0110278 -0.0101673 -0.00951795 -0.00899903 -0.00859098 -0.00829717 -0.00803408 -0.00784992 -0.00767912 -0.00752754 -0.00741125 -0.00726994 -0.00717248 -0.00705079 -0.00694797 -0.00685457 -0.00674366 -0.00667213 -0.00656676 -0.00650166 -0.00641687 -0.00634645 -0.00628713 -0.00621013 -0.00616959 -0.00609323 -0.0060592 -0.00599277 -0.0059547 -0.00590406 -0.00585724 -0.00582284 -0.00576851 -0.00574656 -0.0056896 -0.00567448 -0.00562057 -0.00560709 -0.00556079 -0.0055454 -0.00550924 -0.00549033 -0.00546496 -0.00544242 -0.00542713 -0.00540184 -0.00539521 -0.00536843 -0.00536887 -0.00534184 -0.00534791 -0.00532168 -0.00533223 -0.00530757 -0.00532179 -0.00529923 -0.00531658 -0.00529647 -0.00531658 -0.00529923 -0.00532179 -0.00530757 -0.00533223 -0.00532168 -0.00534791 -0.00534184 -0.00536887 -0.00536843 -0.00539521 -0.00540184 -0.00542713 -0.00544242 -0.00546496 -0.00549033 -0.00550924 -0.0055454 -0.00556079 -0.00560709 -0.00562057 -0.00567448 -0.0056896 -0.00574656 -0.00576851 -0.00582284 -0.00585724 -0.00590406 -0.0059547 -0.00599277 -0.0060592 -0.00609323 -0.00616959 -0.00621013 -0.00628713 -0.00634645 -0.00641687 -0.00650166 -0.00656676 -0.00667211 -0.00674361 -0.00685442 -0.00694757 -0.00704974 -0.00716989 -0.00726379 -0.0073973 -0.00749731 -0.00761659 -0.00772653 -0.00780179 -0.00788 -0.00787576 -0.00782668 -0.00767634 -0.00738474 -0.00696476 -0.00631186 -0.0054234 -0.00421517 -0.00258776 -0.000523738 0.00208019 0.00521965 0.00887939 0.013086 0.0177568 0.0228421 0.0282259 0.0336806 0.0390249 0.0440335 0.0484703 0.0521428 0.054809 0.0562792 0.0564752 0.0553435 0.0528718 0.049112 0.0441672 0.0381902 0.0313459 0.023783 0.0156615 0.00719141 -0.00142068 -0.0100482 -0.0185645 -0.0267968 -0.0346623 -0.042139 -0.0490885 -0.055351 -0.0608918 -0.0656785 -0.069621 -0.0726867 -0.0748597 
0 -0.0102209 -0.0202506 -0.0299436 -0.0391928 -0.0479077 -0.0560023 -0.0634185 -0.070157 -0.0762292 -0.0816414 -0.0864889 -0.0909039 -0.0949046 -0.0984847 -0.101702 -0.104536 -0.106894 -0.108743 -0.110029 -0.110617 -0.110376 -0.109205 -0.107034 -0.103843 -0.0996446 -0.0945006 -0.0885555 -0.0820097 -0.0750518 -0.0678647 -0.0606674 -0.0536583 -0.0470176 -0.0409005 -0.0353607 -0.0304461 -0.0261901 -0.0225597 -0.0195574 -0.0171152 -0.0151383 -0.0135804 -0.0123247 -0.0113322 -0.0105594 -0.00993246 -0.00946574 -0.00908518 -0.00878576 -0.00855602 -0.00834049 -0.00818177 -0.00801916 -0.00788107 -0.00775991 -0.0076267 -0.0075308 -0.00740958 -0.00731921 -0.00722033 -0.00712411 -0.00704813 -0.00694837 -0.00688574 -0.00679312 -0.00673188 -0.00665621 -0.00658946 -0.00653375 -0.00646208 -0.00642229 -0.00635145 -0.00631988 -0.00625681 -0.00622611 -0.00617568 -0.00614129 -0.00610509 -0.00606577 -0.00604251 -0.00599958 -0.00598629 -0.00594231 -0.00593564 -0.00589331 -0.00589034 -0.00585185 -0.00585053 -0.00581725 -0.00581647 -0.005789 -0.00578837 -0.00576671 -0.00576642 -0.00575015 -0.0057507 -0.00573916 -0.00574126 -0.00573369 -0.00573811 -0.00573369 -0.00574126 -0.00573916 -0.0057507 -0.00575015 -0.00576642 -0.00576671 -0.00578837 -0.005789 -0.00581647 -0.00581725 -0.00585053 -0.00585185 -0.00589034 -0.00589331 -0.00593564 -0.00594231 -0.00598629 -0.00599958 -0.00604251 -0.00606577 -0.00610509 -0.00614129 -0.00617568 -0.00622611 -0.00625681 -0.00631988 -0.00635145 -0.00642229 -0.00646208 -0.00653375 -0.00658946 -0.00665621 -0.00673188 -0.00679312 -0.00688574 -0.00694837 -0.00704812 -0.0071241 -0.00722029 -0.00731911 -0.00740931 -0.00753008 -0.00762488 -0.00775553 -0.00787098 -0.0079969 -0.00813489 -0.00824625 -0.00837523 -0.00845483 -0.00850693 -0.00850014 -0.00838852 -0.00818832 -0.00781995 -0.00728016 -0.00651541 -0.00544032 -0.00402168 -0.00214661 0.000229508 0.00313048 0.0065932 0.0105715 0.0150495 0.0199762 0.0252184 0.0306272 0.0359832 0.0410531 0.0456385 0.0495142 0.0524506 0.0542597 0.054812 0.0540506 0.0519775 0.0486241 0.0440666 0.0384789 0.0320657 0.0249814 0.0174134 0.00958192 0.00163944 -0.00627327 -0.0139975 -0.0214292 -0.0284756 -0.0350364 -0.0410759 -0.0465723 -0.0514684 -0.0557336 -0.0593465 -0.0622664 -0.0644973 -0.066054 
0 -0.0106495 -0.0211355 -0.0312675 -0.0409065 -0.0499665 -0.0583449 -0.0659765 -0.0728713 -0.0790277 -0.0844706 -0.0893276 -0.0936894 -0.0975618 -0.101015 -0.104131 -0.106894 -0.109284 -0.111263 -0.112727 -0.113587 -0.113722 -0.112968 -0.111257 -0.108565 -0.104844 -0.100127 -0.0945202 -0.088172 -0.0812896 -0.0740718 -0.0667086 -0.0594226 -0.0524215 -0.0458643 -0.039863 -0.0344789 -0.0297345 -0.0256486 -0.0222132 -0.0193772 -0.0170876 -0.0152523 -0.0137838 -0.0126263 -0.0116985 -0.0109715 -0.0104027 -0.00994529 -0.00959707 -0.00930336 -0.00906738 -0.00886881 -0.00868359 -0.00853514 -0.00838104 -0.00825286 -0.00812742 -0.00800483 -0.00790314 -0.00778588 -0.00769684 -0.0075921 -0.0075049 -0.00741822 -0.00732873 -0.00725917 -0.00717068 -0.00711194 -0.00703128 -0.00697593 -0.00690876 -0.006852 -0.00680019 -0.00674114 -0.00670269 -0.00664358 -0.00661429 -0.00655866 -0.00653399 -0.00648511 -0.00646151 -0.00642142 -0.00639689 -0.00636628 -0.00634019 -0.00631866 -0.0062914 -0.00627791 -0.00625033 -0.00624363 -0.00621673 -0.00621564 -0.0061903 -0.00619388 -0.00617075 -0.00617832 -0.00615785 -0.00616898 -0.00615144 -0.00616587 -0.00615144 -0.00616898 -0.00615785 -0.00617832 -0.00617075 -0.00619388 -0.0061903 -0.00621564 -0.00621673 -0.00624363 -0.00625033 -0.00627791 -0.0062914 -0.00631866 -0.00634019 -0.00636628 -0.00639689 -0.00642142 -0.00646151 -0.00648511 -0.00653399 -0.00655866 -0.00661429 -0.00664358 -0.00670269 -0.00674114 -0.00680019 -0.006852 -0.00690876 -0.00697593 -0.00703128 -0.00711194 -0.00717068 -0.00725917 -0.00732873 -0.00741822 -0.0075049 -0.00759209 -0.00769682 -0.00778582 -0.00790296 -0.00800434 -0.00812617 -0.00824979 -0.00837384 -0.00851897 -0.00864893 -0.00879781 -0.00892856 -0.0090443 -0.00913556 -0.0091598 -0.0091234 -0.00897279 -0.00869181 -0.00825033 -0.00758835 -0.00667336 -0.00541987 -0.0037557 -0.00161971 0.00105092 0.00426389 0.00801457 0.0122833 0.0170124 0.0221122 0.0274344 0.0327659 0.0378795 0.0425645 0.0465993 0.0497728 0.051891 0.0527806 0.0523778 0.0506825 0.0476901 0.0434917 0.0382537 0.0321568 0.025435 0.018293 0.0109004 0.00348706 -0.00378356 -0.0108501 -0.0175741 -0.023808 -0.0295312 -0.0347231 -0.0393176 -0.0433226 -0.0467974 -0.049758 -0.0521883 -0.0540863 -0.0554782 -0.0564011 
