0 0 0 0 0 0 0 0 0 0 0 0 0 0 0 0 0 0 0 0 0 0 0 0 0 0 0 0 0 0 0 0 0 0 0 0 0 0 0 0 0 0 0 0 0 0 0 0 0 0 0 0 0 0 0 0 0 0 0 0 0 0 0 0 0 0 0 0 0 0 0 0 0 0 0 0 0 0 0 0 0 0 0 0 0 0 0 0 0 0 0 0 0 0 0 0 0 0 0 0 0 0 0 0 0 0 0 0 0 0 0 0 0 0 0 0 0 0 0 0 0 0 0 0 0 0 0 0 0 0 0 0 0 0 0 0 0 0 0 0 0 0 0 0 0 0 0 0 0 0 0 0 0 0 0 0 0 0 0 0 0 0 0 0 0 0 0 0 0 0 0 0 0 0 0 0 0 0 0 0 0 0 0 0 0 0 0 0 0 0 0 0 0 0 0 0 0 0 0 0 
0 2.61592e-05 3.1296e-05 4.52834e-05 9.56063e-05 0.000125995 0.000114537 0.000133821 0.000179369 0.000199422 0.000216986 0.000244944 0.000280942 0.000321013 0.000340833 0.000373671 0.000418064 0.000447458 0.000518077 0.00058136 0.000618486 0.000727163 0.000817173 0.00088865 0.00104775 0.00119962 0.00137956 0.00162026 0.00187259 0.00221543 0.0025575 0.00292452 0.00339335 0.00381206 0.00424347 0.00465157 0.00497517 0.00524681 0.00529562 0.00519855 0.00491731 0.004363 0.00361623 0.00258278 0.0014211 0.00013029 -0.00127683 -0.00264716 -0.00400895 -0.00515223 -0.00612335 -0.00686481 -0.00733022 -0.0075829 -0.00749981 -0.00724666 -0.00676668 -0.00619455 -0.00555243 -0.00483715 -0.00416201 -0.00344147 -0.00284374 -0.0022634 -0.00181802 -0.00143268 -0.00112222 -0.000893171 -0.000671465 -0.000547798 -0.000393329 -0.000338933 -0.000243292 -0.000226818 -0.000178473 -0.000173226 -0.000158775 -0.000148677 -0.000157147 -0.000136972 -0.000160231 -0.000131368 -0.000163049 -0.000129352 -0.000164344 -0.000129713 -0.000164189 -0.000131564 -0.000163034 -0.000134162 -0.000161362 -0.00013693 -0.000159575 -0.000139463 -0.00015796 -0.000141508 -0.000156703 -0.000142926 -0.000155914 -0.000143647 -0.000155645 -0.000143647 -0.000155914 -0.000142926 -0.000156703 -0.000141508 -0.00015796 -0.000139463 -0.000159575 -0.00013693 -0.000161362 -0.000134162 -0.000163033 -0.000131563 -0.000164185 -0.000129702 -0.000164313 -0.00012927 -0.000162841 -0.000130862 -0.000159042 -0.000134296 -0.000151371 -0.000136736 -0.000135148 -0.000128518 -9.76188e-05 -8.71213e-05 -1.26804e-05 2.50915e-05 0.000157135 0.000252123 0.000450909 0.000636759 0.000917712 0.00124395 0.00165011 0.00217345 0.00274206 0.0034472 0.00412953 0.00489038 0.00558123 0.00625864 0.00685171 0.00728373 0.00756471 0.00752721 0.00728433 0.00672353 0.00594338 0.0049262 0.0036599 0.00230364 0.000827404 -0.000564313 -0.00191031 -0.00314188 -0.00414943 -0.00497755 -0.00549804 -0.00584724 -0.00599077 -0.00590209 -0.00570377 -0.00534704 -0.0049717 -0.00454195 -0.00404692 -0.00363775 -0.00322276 -0.00285014 -0.0025311 -0.00222646 -0.00202312 -0.00180988 -0.00161196 -0.00150793 -0.00137371 -0.00126121 -0.00119997 -0.00112369 -0.00107814 -0.00103323 -0.000980549 -0.000957755 -0.000917171 -0.000886578 -0.000873988 -0.000828506 -0.00082167 -0.000848458 -0.000805229 -0.000758417 -0.000778475 -0.000780952 -0.000749804 -0.00075484 -0.000769735 -0.000743462 
0 3.1296e-05 0.000104656 0.000128528 0.000142659 0.000207848 0.00025265 0.000297527 0.000361598 0.000384413 0.000434892 0.000522158 0.00055041 0.000597442 0.000697865 0.00076503 0.000838762 0.000937235 0.0010313 0.00114532 0.00126658 0.00142768 0.00163158 0.00182945 0.00210274 0.00244741 0.00280441 0.003253 0.00379961 0.00442354 0.00512572 0.00589534 0.00676569 0.00765242 0.00848687 0.00927832 0.00994057 0.0103872 0.0105158 0.0102826 0.00967722 0.00860691 0.00706081 0.00507733 0.00275371 0.000191814 -0.00254521 -0.00530299 -0.00792382 -0.0102384 -0.0121495 -0.0136171 -0.0145836 -0.0150322 -0.0149463 -0.0144034 -0.013504 -0.0123615 -0.011071 -0.00968724 -0.00828702 -0.00691972 -0.00566612 -0.00456047 -0.00363266 -0.00287236 -0.00225755 -0.0017681 -0.00137258 -0.00106773 -0.000826555 -0.000654567 -0.000525692 -0.000443784 -0.000386309 -0.000353955 -0.000333074 -0.000321495 -0.000315918 -0.000310527 -0.000310541 -0.000306016 -0.000308044 -0.000303157 -0.000305974 -0.000300797 -0.00030391 -0.000298762 -0.000301914 -0.000297057 -0.000300102 -0.000295687 -0.000298562 -0.00029464 -0.000297342 -0.000293888 -0.000296465 -0.000293404 -0.000295939 -0.000293169 -0.000295764 -0.000293169 -0.000295939 -0.000293404 -0.000296465 -0.000293888 -0.000297342 -0.00029464 -0.000298562 -0.000295687 -0.000300102 -0.000297056 -0.000301913 -0.000298759 -0.000303901 -0.000300771 -0.000305901 -0.000302969 -0.000307572 -0.000304876 -0.000307899 -0.000304648 -0.000303371 -0.000295833 -0.000282811 -0.00025975 -0.000217448 -0.000154377 -5.13334e-05 8.97077e-05 0.000293493 0.000554166 0.000897926 0.00132297 0.00186107 0.00252797 0.00335626 0.00436404 0.0055439 0.00687402 0.00828595 0.00973218 0.0111364 0.0124561 0.0136044 0.0144819 0.0149678 0.0149564 0.0144215 0.0133545 0.0117995 0.00976523 0.00731897 0.00458632 0.00173155 -0.00107101 -0.00373756 -0.00614993 -0.00820296 -0.00979572 -0.0109 -0.0115842 -0.0118511 -0.0117395 -0.0113077 -0.0106639 -0.00991361 -0.00904976 -0.00815109 -0.007293 -0.00649308 -0.00576394 -0.00508197 -0.00451433 -0.00405048 -0.00361618 -0.00327237 -0.00300451 -0.0027685 -0.00257547 -0.00240457 -0.00227897 -0.00216345 -0.00203625 -0.00197694 -0.00191736 -0.00182151 -0.00178907 -0.00176045 -0.00169625 -0.00166231 -0.00161858 -0.00158258 -0.0015969 -0.00156984 -0.00152184 -0.00153164 -0.00151842 -0.0014808 -0.00150338 
0 4.52834e-05 0.000128528 0.000194617 0.000241385 0.000313055 0.000384481 0.000445435 0.000520684 0.000591754 0.000666565 0.000763226 0.000842735 0.000925115 0.00104448 0.0011497 0.00125959 0.00141244 0.00156079 0.0017314 0.0019474 0.0021765 0.00246469 0.00280451 0.00319584 0.00370304 0.00427699 0.00495294 0.00578882 0.00671239 0.00776559 0.00893652 0.0101731 0.0114736 0.0127003 0.0138285 0.0147795 0.0153664 0.0155438 0.0151706 0.0142075 0.0126066 0.0102809 0.00737098 0.00392773 0.000123063 -0.00388641 -0.00795488 -0.0117682 -0.0151938 -0.0180154 -0.0201737 -0.0216167 -0.0222537 -0.022177 -0.0213856 -0.0201041 -0.0184324 -0.0165232 -0.0145015 -0.0124097 -0.0104235 -0.00854123 -0.00692032 -0.0055149 -0.00437313 -0.00344575 -0.00268771 -0.00210848 -0.00161702 -0.00127938 -0.000984678 -0.000813467 -0.000660651 -0.000587696 -0.000523375 -0.000493625 -0.000476838 -0.00045816 -0.000464928 -0.000444745 -0.000462938 -0.000439212 -0.00046248 -0.000436949 -0.00046148 -0.000436412 -0.000459788 -0.000436868 -0.000457703 -0.000437827 -0.000455554 -0.00043894 -0.000453603 -0.000439973 -0.000452024 -0.000440782 -0.000450924 -0.00044129 -0.000450363 -0.000441463 -0.000450363 -0.00044129 -0.000450924 -0.000440782 -0.000452024 -0.000439973 -0.000453603 -0.00043894 -0.000455554 -0.000437827 -0.000457702 -0.000436865 -0.000459782 -0.000436393 -0.000461429 -0.000436813 -0.00046213 -0.000438349 -0.000460893 -0.000440087 -0.00045474 -0.000436773 -0.000433788 -0.000410589 -0.000369992 -0.00031647 -0.000201548 -6.92261e-05 0.000172126 0.000448413 0.000871105 0.00136208 0.0020273 0.00282885 0.00384356 0.00509718 0.0065899 0.00836706 0.0103074 0.0124256 0.0145395 0.0166372 0.0185696 0.020237 0.0215091 0.0221669 0.02216 0.0213357 0.0197726 0.0174517 0.0144378 0.0108648 0.00684402 0.00268818 -0.00146295 -0.00538273 -0.00892196 -0.0119626 -0.0143161 -0.0160273 -0.0170659 -0.0174982 -0.0174031 -0.0168132 -0.0159345 -0.0148232 -0.0135676 -0.0122834 -0.0109919 -0.00980849 -0.00871423 -0.00771072 -0.00687495 -0.00613689 -0.00550835 -0.00499596 -0.00454742 -0.00419539 -0.00389511 -0.00362929 -0.0034383 -0.00325811 -0.00309556 -0.0029865 -0.00287213 -0.00276685 -0.00269383 -0.0026155 -0.00255338 -0.00250671 -0.00244307 -0.00240367 -0.00238607 -0.00233757 -0.00229968 -0.00230062 -0.00228002 -0.00224747 -0.00225333 
0 9.56063e-05 0.000142659 0.000241385 0.00035512 0.000421504 0.000511449 0.000599282 0.000677446 0.000812963 0.000913445 0.00098296 0.00114149 0.00128192 0.00137897 0.00154575 0.0017131 0.00188536 0.00211541 0.002347 0.00263497 0.00297295 0.00333569 0.00382173 0.00437529 0.00501324 0.00583216 0.00676006 0.00784248 0.00910018 0.0104853 0.0120317 0.01364 0.0152748 0.0168844 0.018295 0.0194365 0.0201406 0.020274 0.0197388 0.0183845 0.0162073 0.0131705 0.00934276 0.00487069 -0.000104669 -0.00531559 -0.0105463 -0.0155007 -0.0199245 -0.0236314 -0.0264468 -0.0283228 -0.0291896 -0.0291044 -0.0281611 -0.02652 -0.0243844 -0.0219015 -0.0192541 -0.0165454 -0.0139261 -0.0114889 -0.0093231 -0.00747264 -0.0059269 -0.00467709 -0.0036592 -0.00285943 -0.0022188 -0.00173401 -0.00136322 -0.00109942 -0.000914033 -0.000790005 -0.00071367 -0.000662354 -0.000638246 -0.000617323 -0.000613524 -0.000603079 -0.000605642 -0.000598598 -0.000602493 -0.00059697 -0.000600583 -0.000596233 -0.000599081 -0.000595835 -0.000597819 -0.00059559 -0.000596767 -0.000595421 -0.000595923 -0.000595294 -0.000595289 -0.0005952 -0.000594864 -0.000595142 -0.000594652 -0.000595121 -0.000594652 -0.000595142 -0.000594864 -0.0005952 -0.000595289 -0.000595294 -0.000595923 -0.000595421 -0.000596767 -0.00059559 -0.000597817 -0.000595831 -0.000599069 -0.000596198 -0.00060049 -0.000596727 -0.000601884 -0.00059713 -0.000602234 -0.000595477 -0.000597228 -0.00058379 -0.000572048 -0.000537046 -0.000486331 -0.000394755 -0.000255348 -4.64126e-05 0.000254133 0.000658613 0.00120231 0.00188998 0.00277471 0.00386867 0.00524149 0.00690928 0.00891147 0.0112221 0.0137879 0.0165257 0.0193053 0.0220292 0.0245276 0.0266686 0.0282374 0.0290636 0.0289923 0.0279253 0.0258678 0.0228194 0.0189093 0.0142601 0.00910995 0.00372021 -0.00166569 -0.00675752 -0.0113792 -0.0153124 -0.0184569 -0.0207614 -0.0221897 -0.0228475 -0.022784 -0.0221518 -0.0210783 -0.0196596 -0.0180927 -0.0164317 -0.0147793 -0.0132152 -0.0117478 -0.0104701 -0.00932238 -0.0083118 -0.00749574 -0.00677164 -0.00616703 -0.00567739 -0.00524672 -0.00491774 -0.00462051 -0.00436902 -0.00420062 -0.00399733 -0.00383039 -0.00374341 -0.00360514 -0.00348474 -0.00342385 -0.00334322 -0.00329355 -0.00324263 -0.00314519 -0.00311898 -0.00311989 -0.00305123 -0.00303003 -0.0030524 -0.00300149 
0 0.000125995 0.000207848 0.000313055 0.000421504 0.000508513 0.000643374 0.000780372 0.000871686 0.00100231 0.00114994 0.00126765 0.00142507 0.0015959 0.00175146 0.00196072 0.00218915 0.0024095 0.00267806 0.00299356 0.00335916 0.00378173 0.00428141 0.00491076 0.0056288 0.0064579 0.00748959 0.00867651 0.0100205 0.0115736 0.0133075 0.0151902 0.0171356 0.0190928 0.0209938 0.0226357 0.0238851 0.0246107 0.0246483 0.0238603 0.0220923 0.0193303 0.0155974 0.0109335 0.00549654 -0.000523627 -0.00681779 -0.0130873 -0.0190504 -0.0243969 -0.0289029 -0.0323451 -0.0346304 -0.0357327 -0.0356878 -0.0346373 -0.0327192 -0.0301693 -0.0271764 -0.0239496 -0.0206661 -0.0174612 -0.0144874 -0.0118054 -0.00950102 -0.00755507 -0.00596622 -0.0046818 -0.00365503 -0.00285596 -0.00222722 -0.00176835 -0.00141823 -0.00118731 -0.00101792 -0.000919361 -0.000850043 -0.000813165 -0.000790377 -0.000775177 -0.000771357 -0.000760947 -0.000764548 -0.000753968 -0.000760573 -0.000749333 -0.000757082 -0.00074582 -0.000753751 -0.000743114 -0.000750692 -0.000741075 -0.000748052 -0.000739587 -0.000745935 -0.000738556 -0.000744398 -0.00073791 -0.000743468 -0.000737599 -0.000743158 -0.000737599 -0.000743468 -0.00073791 -0.000744398 -0.000738556 -0.000745935 -0.000739587 -0.000748052 -0.000741074 -0.000750691 -0.000743112 -0.000753743 -0.000745797 -0.00075702 -0.000749169 -0.000760156 -0.000752946 -0.000762136 -0.000755473 -0.00075941 -0.000750123 -0.000739928 -0.00071567 -0.000669288 -0.00059792 -0.000469553 -0.000289357 -5.12263e-06 0.000372972 0.000906095 0.00158777 0.00247963 0.00359855 0.00500259 0.00673889 0.00883439 0.0113239 0.014154 0.017293 0.0206074 0.0239934 0.0272784 0.0302815 0.032806 0.0346131 0.0355353 0.0353816 0.034071 0.0315457 0.0278409 0.0231024 0.0175088 0.0113448 0.00486002 -0.00163071 -0.00780598 -0.0134047 -0.0181972 -0.0220944 -0.0249954 -0.0268639 -0.0277755 -0.0278359 -0.0272206 -0.0260313 -0.0244124 -0.0225752 -0.0206232 -0.018653 -0.0167318 -0.014939 -0.0133474 -0.0118985 -0.0106192 -0.00955875 -0.00864751 -0.00787093 -0.00722506 -0.0066937 -0.00625726 -0.005858 -0.00553338 -0.0052874 -0.00503932 -0.00483829 -0.00469386 -0.00453543 -0.00441321 -0.00432145 -0.0041963 -0.00410006 -0.0040499 -0.00398809 -0.00393221 -0.0038909 -0.00384223 -0.00380799 -0.00379263 -0.00377553 
0 0.000114537 0.00025265 0.000384481 0.000511449 0.000643374 0.000772985 0.000922819 0.00107348 0.0012053 0.00138032 0.00157214 0.00172845 0.00192947 0.0021615 0.00237649 0.00265461 0.00295992 0.00327427 0.00369425 0.00415312 0.00466165 0.00532252 0.00607323 0.00695566 0.00802457 0.00925674 0.0107194 0.0123611 0.0141924 0.0162663 0.0184306 0.0206593 0.0228918 0.0249644 0.0267612 0.0280417 0.0286983 0.0285854 0.0274624 0.0252706 0.0219301 0.0175094 0.0120854 0.00575129 -0.00117434 -0.00841782 -0.0155991 -0.0224171 -0.0285887 -0.0337717 -0.0377882 -0.0404513 -0.0417853 -0.0418363 -0.0407145 -0.0386199 -0.0357182 -0.0323064 -0.0285733 -0.0247711 -0.0210536 -0.0175612 -0.0144133 -0.01164 -0.00930824 -0.00735593 -0.00579299 -0.00452812 -0.00354371 -0.00277637 -0.00219408 -0.00177148 -0.00145907 -0.00125916 -0.00111047 -0.00103398 -0.000969742 -0.000948563 -0.00092148 -0.000919074 -0.000907196 -0.000908255 -0.000903385 -0.000902969 -0.00090232 -0.000899448 -0.00090184 -0.000896768 -0.000901415 -0.00089469 -0.000900953 -0.000893111 -0.000900478 -0.000891958 -0.000900049 -0.000891175 -0.000899725 -0.000890721 -0.000899551 -0.000890572 -0.000899551 -0.000890721 -0.000899725 -0.000891175 -0.000900049 -0.000891958 -0.000900478 -0.000893111 -0.000900952 -0.000894688 -0.00090141 -0.000896754 -0.0009018 -0.00089934 -0.000902039 -0.00090227 -0.00090171 -0.00090439 -0.000898618 -0.00090077 -0.00088395 -0.000874664 -0.000830048 -0.000780525 -0.000669082 -0.000521 -0.000272434 6.51888e-05 0.000549655 0.00119221 0.00203549 0.0031264 0.00449386 0.00622238 0.00831832 0.010861 0.0138031 0.0171528 0.0208037 0.0246634 0.0285868 0.0323631 0.0358042 0.0386117 0.0406048 0.041535 0.0412747 0.0396959 0.0367221 0.0324368 0.0269444 0.0205529 0.0134949 0.00608302 -0.00134506 -0.00847198 -0.0149141 -0.0205171 -0.0251075 -0.0285986 -0.0309634 -0.0321905 -0.0324933 -0.0319707 -0.0307656 -0.0290681 -0.0270147 -0.0248385 -0.0225851 -0.0203439 -0.0182721 -0.0163473 -0.0146262 -0.0131053 -0.0117676 -0.0106666 -0.00969509 -0.00886466 -0.00821505 -0.0076309 -0.00714761 -0.0067652 -0.00640846 -0.0061328 -0.00589826 -0.00566261 -0.00549081 -0.0053399 -0.00519211 -0.00508355 -0.00496901 -0.00487609 -0.00482693 -0.00473934 -0.00466054 -0.00465235 -0.00461197 -0.00454766 -0.00455724 
0 0.000133821 0.000297527 0.000445435 0.000599282 0.000780372 0.000922819 0.00106168 0.00126332 0.00145475 0.00162637 0.00183934 0.00206106 0.00229666 0.00256685 0.002838 0.0031525 0.00353027 0.00394421 0.00442891 0.00499002 0.00564908 0.00643854 0.00734567 0.00843284 0.00972001 0.0111938 0.0129093 0.0148377 0.0169744 0.0193081 0.0217357 0.0242143 0.0266212 0.0288076 0.0306286 0.0318577 0.0323653 0.0319652 0.0304722 0.0278082 0.0239067 0.0188509 0.0127086 0.0056351 -0.00206599 -0.0100853 -0.0180215 -0.0255749 -0.0324095 -0.0381958 -0.0427012 -0.0457377 -0.0473272 -0.0475005 -0.0463948 -0.0441711 -0.04103 -0.0372656 -0.0331123 -0.0288583 -0.0246663 -0.0207131 -0.0170978 -0.0138924 -0.0111511 -0.00884618 -0.00698259 -0.00547215 -0.00429746 -0.00337239 -0.00267718 -0.00215524 -0.0017787 -0.00151985 -0.00133832 -0.00123139 -0.00115236 -0.00111861 -0.00108461 -0.00107923 -0.00106246 -0.0010652 -0.00105517 -0.00105863 -0.00105221 -0.00105419 -0.00105051 -0.00105062 -0.00104926 -0.00104768 -0.00104825 -0.00104532 -0.00104742 -0.00104353 -0.00104678 -0.00104228 -0.00104633 -0.00104154 -0.0010461 -0.00104129 -0.0010461 -0.00104154 -0.00104633 -0.00104228 -0.00104678 -0.00104353 -0.00104742 -0.00104532 -0.00104825 -0.00104767 -0.00104925 -0.00105059 -0.00105044 -0.001054 -0.00105174 -0.00105748 -0.00105248 -0.00105913 -0.00104929 -0.00105177 -0.00102956 -0.00101261 -0.000956383 -0.000883498 -0.000745098 -0.000547464 -0.000244337 0.000180358 0.000762239 0.00154474 0.00255355 0.00386514 0.00550236 0.00755946 0.0100421 0.0130059 0.0164097 0.0202216 0.0243565 0.0286839 0.0330655 0.0372467 0.0410058 0.0440277 0.0460966 0.0469968 0.04657 0.0447153 0.0413386 0.0365351 0.0304443 0.0233657 0.0155874 0.00740864 -0.000793092 -0.0086883 -0.0158982 -0.0222114 -0.0274652 -0.0315318 -0.0343962 -0.0360498 -0.036646 -0.0363181 -0.0352045 -0.0335151 -0.031391 -0.0290339 -0.0265721 -0.0240989 -0.0217446 -0.0195322 -0.0175258 -0.0157486 -0.0141631 -0.0128064 -0.0116455 -0.0106503 -0.00981782 -0.0091056 -0.00852613 -0.00804047 -0.00760595 -0.00725962 -0.0069617 -0.00669343 -0.0064807 -0.00627513 -0.00609558 -0.00598234 -0.0058685 -0.00573416 -0.00563071 -0.00556407 -0.00550297 -0.0054382 -0.00539724 -0.00537378 -0.0053364 
0 0.000179369 0.000361598 0.000520684 0.000677446 0.000871686 0.00107348 0.00126332 0.00147088 0.00168025 0.00188826 0.00213897 0.00240342 0.00266442 0.00298625 0.00334531 0.00370835 0.00415254 0.00466799 0.0052196 0.00590313 0.00672804 0.00765465 0.00876091 0.0100713 0.0115797 0.0133126 0.0152645 0.0174734 0.0198926 0.0224312 0.025094 0.0277512 0.0302478 0.032461 0.0341839 0.0352771 0.0355241 0.0347351 0.0328254 0.0296504 0.0252223 0.0195695 0.0127916 0.0051286 -0.00320189 -0.0118077 -0.0203537 -0.0284878 -0.0358361 -0.0421276 -0.0470345 -0.0504481 -0.0522983 -0.0526432 -0.0516169 -0.0493314 -0.0460628 -0.0420236 -0.0375597 -0.0329118 -0.0283103 -0.0239361 -0.019875 -0.0162657 -0.0131011 -0.0104577 -0.00826224 -0.00651045 -0.00511856 -0.00403313 -0.00321193 -0.00257957 -0.00213889 -0.00180201 -0.00159727 -0.00143695 -0.00135841 -0.00128979 -0.00126533 -0.0012384 -0.00123046 -0.0012217 -0.00121527 -0.00121538 -0.00120628 -0.00121168 -0.00119968 -0.00120863 -0.00119455 -0.00120587 -0.00119062 -0.00120345 -0.00118772 -0.00120146 -0.00118569 -0.00119998 -0.00118441 -0.00119907 -0.0011838 -0.00119877 -0.0011838 -0.00119907 -0.00118441 -0.00119998 -0.00118569 -0.00120146 -0.00118772 -0.00120345 -0.00119062 -0.00120586 -0.00119454 -0.00120858 -0.00119956 -0.00121137 -0.0012055 -0.00121353 -0.00121104 -0.00121236 -0.00121064 -0.00119796 -0.00118605 -0.00114052 -0.00108845 -0.000967917 -0.000813948 -0.000543035 -0.000188105 0.000342096 0.00103119 0.00196459 0.00316405 0.00470016 0.00664178 0.00902006 0.0119132 0.0152729 0.0191305 0.0233635 0.0279309 0.0326657 0.0374 0.0419001 0.0458471 0.0490024 0.0510547 0.0518651 0.0512342 0.0490748 0.0453501 0.0400976 0.0335555 0.0259323 0.0175901 0.00883208 2.0034e-05 -0.00845523 -0.0163204 -0.0232548 -0.029109 -0.0337439 -0.0371048 -0.0392611 -0.0402301 -0.0401837 -0.0392833 -0.037698 -0.0356312 -0.0331912 -0.0305907 -0.027969 -0.0253662 -0.0228991 -0.0206182 -0.0185647 -0.0167424 -0.0151146 -0.0137419 -0.0125835 -0.0115549 -0.0107052 -0.0100049 -0.00938226 -0.00886517 -0.0084407 -0.0080679 -0.00775403 -0.00749398 -0.0072729 -0.00707154 -0.00688033 -0.00673126 -0.00661399 -0.00649636 -0.00641062 -0.00634164 -0.00625119 -0.00619991 -0.00618486 -0.00613715 
0 0.000199422 0.000384413 0.000591754 0.000812963 0.00100231 0.0012053 0.00145475 0.00168025 0.00190023 0.00218371 0.00247498 0.00275375 0.00308091 0.00345048 0.00385165 0.00430636 0.00483017 0.00543839 0.00613001 0.00694254 0.00791263 0.00902108 0.0103164 0.0118531 0.0136095 0.0155893 0.0178173 0.0202907 0.0229348 0.0256726 0.0284756 0.031214 0.0337112 0.0358134 0.037365 0.0382025 0.0380903 0.0368756 0.0344779 0.0308103 0.0258637 0.019659 0.0123646 0.00420691 -0.00456769 -0.0136134 -0.0226049 -0.0311403 -0.0388809 -0.0455199 -0.0507791 -0.0545233 -0.0566462 -0.057213 -0.0562995 -0.0540681 -0.0507438 -0.0465692 -0.0418844 -0.0369333 -0.0319991 -0.0272319 -0.0227876 -0.0187626 -0.0152131 -0.0121991 -0.0096768 -0.00765391 -0.00602436 -0.00476855 -0.00378634 -0.00305326 -0.00250678 -0.00211237 -0.00184451 -0.00165347 -0.00154488 -0.00145978 -0.0014278 -0.00138922 -0.00138701 -0.00136641 -0.0013726 -0.00135934 -0.00136591 -0.00135687 -0.00136135 -0.00135571 -0.00135762 -0.00135494 -0.00135449 -0.00135433 -0.00135197 -0.00135382 -0.00135007 -0.00135343 -0.0013488 -0.00135318 -0.00134817 -0.00135309 -0.00134817 -0.00135318 -0.0013488 -0.00135343 -0.00135007 -0.00135382 -0.00135197 -0.00135433 -0.00135449 -0.00135493 -0.00135759 -0.00135563 -0.00136115 -0.00135635 -0.00136466 -0.00135642 -0.00136605 -0.00135229 -0.0013577 -0.00133073 -0.00131563 -0.00125313 -0.00117912 -0.00103123 -0.000826085 -0.000506355 -6.11738e-05 0.000553466 0.00138336 0.00246061 0.00387269 0.00564664 0.00789325 0.0106172 0.0138897 0.0176623 0.0219168 0.0265644 0.0314944 0.0365787 0.0415799 0.0462782 0.050333 0.0534942 0.0554849 0.0561186 0.0552535 0.0527753 0.0487127 0.0431179 0.0362099 0.0282185 0.0194594 0.0103018 0.0010841 -0.00782312 -0.0161553 -0.023621 -0.0299945 -0.0351577 -0.0390547 -0.0417284 -0.0431855 -0.0435276 -0.0429427 -0.0416001 -0.0396636 -0.0372659 -0.0346108 -0.0318682 -0.0291061 -0.0264175 -0.0238965 -0.0216009 -0.0195209 -0.0176543 -0.0160437 -0.0146542 -0.0134452 -0.0124218 -0.0115622 -0.0108351 -0.0102117 -0.0096943 -0.00926654 -0.0088712 -0.00853924 -0.00828951 -0.00804694 -0.00782168 -0.0076572 -0.00751801 -0.00738594 -0.00726665 -0.0071697 -0.00710565 -0.00704198 -0.00698144 -0.00696253 
0 0.000216986 0.000434892 0.000666565 0.000913445 0.00114994 0.00138032 0.00162637 0.00188826 0.00218371 0.0024934 0.00278799 0.00313679 0.00354509 0.00395005 0.00441496 0.00496895 0.00557631 0.00629392 0.00713434 0.00809248 0.00922844 0.0105429 0.0120614 0.0138307 0.0158256 0.0180641 0.0205521 0.0232358 0.0260675 0.0289601 0.0318294 0.0345592 0.0369507 0.0388536 0.040128 0.0405786 0.0400222 0.0383142 0.0353946 0.0312325 0.0257854 0.0191269 0.0114297 0.00292319 -0.00612829 -0.0154591 -0.0247086 -0.033501 -0.0414923 -0.0483743 -0.0539329 -0.0579675 -0.0603925 -0.0612007 -0.060468 -0.0583654 -0.0550744 -0.0508808 -0.0460537 -0.0409013 -0.0356777 -0.0305787 -0.025778 -0.0213633 -0.0174509 -0.0140573 -0.0112219 -0.00889621 -0.00703778 -0.00557877 -0.00444145 -0.00358583 -0.00293218 -0.00247154 -0.00212905 -0.00191063 -0.00175207 -0.00166334 -0.00159923 -0.00156735 -0.00154508 -0.00153231 -0.00152698 -0.00151813 -0.00151994 -0.00151052 -0.00151591 -0.00150529 -0.00151276 -0.00150133 -0.00151008 -0.00149834 -0.00150783 -0.00149615 -0.00150609 -0.00149466 -0.0015049 -0.0014938 -0.00150429 -0.00149352 -0.00150429 -0.0014938 -0.0015049 -0.00149466 -0.00150609 -0.00149615 -0.00150783 -0.00149834 -0.00151007 -0.00150131 -0.00151271 -0.00150515 -0.00151557 -0.00150968 -0.00151796 -0.00151361 -0.00151705 -0.00151134 -0.00150248 -0.00148417 -0.00144313 -0.00138184 -0.00126419 -0.00109733 -0.00082351 -0.000449691 9.65225e-05 0.000817007 0.0017928 0.00305142 0.00467863 0.00673435 0.00928247 0.0123789 0.0160139 0.0201899 0.0248133 0.0298252 0.0350729 0.0404061 0.045591 0.0503509 0.0544092 0.0574658 0.0593085 0.0597156 0.0585662 0.0557895 0.0514151 0.0455742 0.0384219 0.0302104 0.0212238 0.011829 0.00239034 -0.00679893 -0.0154533 -0.0233214 -0.0301547 -0.0358037 -0.0402401 -0.0434448 -0.0454332 -0.0462698 -0.046096 -0.0450986 -0.0434059 -0.0411708 -0.0385858 -0.0357972 -0.0329385 -0.0301021 -0.0273706 -0.0248346 -0.0225034 -0.0203992 -0.0185462 -0.0169102 -0.0155053 -0.0143062 -0.0132636 -0.0124022 -0.0116709 -0.0110251 -0.0105055 -0.0100668 -0.00966503 -0.00932667 -0.00905153 -0.0088315 -0.00862926 -0.00842703 -0.00827741 -0.00816088 -0.00804384 -0.0079637 -0.00789584 -0.00782699 -0.00780035 
0 0.000244944 0.000522158 0.000763226 0.00098296 0.00126765 0.00157214 0.00183934 0.00213897 0.00247498 0.00278799 0.00314429 0.00357678 0.00401236 0.00449004 0.00506693 0.00570338 0.00641839 0.00725788 0.00823832 0.00938214 0.0106959 0.0122333 0.0140164 0.016002 0.0182437 0.0207474 0.0234376 0.0263004 0.029265 0.0322363 0.0351057 0.0377023 0.0398959 0.0415144 0.0423822 0.0423598 0.041273 0.0390325 0.0355884 0.0309111 0.0250274 0.0180015 0.0100242 0.00131927 -0.00788491 -0.0173173 -0.0266665 -0.0355576 -0.0436621 -0.0507093 -0.056478 -0.0607877 -0.063501 -0.0645847 -0.0640982 -0.0621872 -0.0590467 -0.0549157 -0.0500672 -0.044789 -0.0393503 -0.0339779 -0.0288476 -0.0240915 -0.019811 -0.0160671 -0.0128923 -0.010267 -0.0081522 -0.00647519 -0.00517065 -0.00416796 -0.00341184 -0.00285469 -0.00245232 -0.00217534 -0.00198498 -0.00186611 -0.00178628 -0.00174296 -0.00171152 -0.00169795 -0.00168453 -0.00168044 -0.00167328 -0.00167146 -0.00166689 -0.00166522 -0.00166227 -0.00166031 -0.00165867 -0.00165641 -0.00165588 -0.00165344 -0.00165383 -0.00165135 -0.00165249 -0.00165011 -0.00165182 -0.0016497 -0.00165182 -0.00165011 -0.00165249 -0.00165135 -0.00165383 -0.00165344 -0.00165588 -0.00165641 -0.00165865 -0.00166028 -0.00166219 -0.001665 -0.00166634 -0.00167012 -0.0016702 -0.00167355 -0.00166972 -0.00166733 -0.00165064 -0.00162657 -0.00157245 -0.00148847 -0.00134364 -0.001127 -0.000800354 -0.000339664 0.000298419 0.00115446 0.00228147 0.00374406 0.00560889 0.00795347 0.0108302 0.0142787 0.0182881 0.0228216 0.027799 0.0331152 0.0386228 0.0441266 0.0493824 0.0541138 0.0580449 0.0609212 0.0625193 0.0626512 0.0611952 0.0581175 0.0534949 0.0474589 0.0401862 0.0318863 0.0228401 0.0133953 0.00387566 -0.00542407 -0.0142668 -0.0223993 -0.0295908 -0.0357012 -0.0406381 -0.0443876 -0.0469373 -0.0483343 -0.0486935 -0.0481199 -0.0467859 -0.0448403 -0.0424264 -0.0397111 -0.036817 -0.0338968 -0.0310271 -0.0282536 -0.0256949 -0.0233656 -0.0212536 -0.0193899 -0.0177652 -0.0163679 -0.0151489 -0.0140956 -0.0132358 -0.0124835 -0.0118178 -0.0113065 -0.0108706 -0.0104564 -0.01013 -0.00986013 -0.00959468 -0.00938441 -0.00923155 -0.00907694 -0.00893784 -0.00884761 -0.00877181 -0.00870047 -0.0086585 
0 0.000280942 0.00055041 0.000842735 0.00114149 0.00142507 0.00172845 0.00206106 0.00240342 0.00275375 0.00313679 0.00357678 0.00404103 0.00452662 0.00510166 0.00576804 0.0065093 0.00736134 0.00835031 0.00951146 0.0108409 0.01235 0.0141279 0.0161408 0.0183594 0.0208622 0.023591 0.0264731 0.0294713 0.0324974 0.0354729 0.0382125 0.0405721 0.0424657 0.0436776 0.0440603 0.0434802 0.0418227 0.0390476 0.0350652 0.0299108 0.0236418 0.0163426 0.0082107 -0.000588236 -0.00980032 -0.0191897 -0.0284756 -0.0373083 -0.0454188 -0.052524 -0.058441 -0.0629724 -0.0659596 -0.0673521 -0.0671576 -0.0655311 -0.0626237 -0.0586655 -0.0538958 -0.0485824 -0.043015 -0.0374181 -0.0320163 -0.0269382 -0.0223196 -0.0182261 -0.0147093 -0.0117721 -0.00937407 -0.00746709 -0.00596278 -0.00480884 -0.00392269 -0.00326948 -0.00278773 -0.00245229 -0.00222 -0.00206853 -0.00197239 -0.00191206 -0.00187871 -0.00185577 -0.00184666 -0.0018364 -0.00183522 -0.00182867 -0.00182972 -0.00182435 -0.00182592 -0.0018212 -0.00182283 -0.00181869 -0.0018203 -0.00181673 -0.00181835 -0.00181532 -0.00181703 -0.00181447 -0.00181636 -0.00181418 -0.00181636 -0.00181447 -0.00181703 -0.00181532 -0.00181835 -0.00181673 -0.0018203 -0.00181868 -0.00182281 -0.00182114 -0.00182578 -0.00182399 -0.00182884 -0.00182659 -0.0018305 -0.00182609 -0.00182495 -0.0018118 -0.00179309 -0.00175176 -0.00168389 -0.00156924 -0.00138857 -0.00111847 -0.000722454 -0.000175074 0.000578157 0.0015695 0.00287604 0.00454692 0.00667507 0.00931351 0.0125246 0.0163198 0.0206779 0.0255494 0.0308284 0.0364099 0.0420986 0.0476989 0.0529292 0.0575331 0.0612515 0.0638498 0.0651436 0.0649384 0.0631666 0.059804 0.0549701 0.0488103 0.0414876 0.0332317 0.0242697 0.0149365 0.00549708 -0.00378019 -0.0126473 -0.020912 -0.028347 -0.0348417 -0.040261 -0.0445329 -0.0476786 -0.0496942 -0.0506631 -0.0506339 -0.049743 -0.0481899 -0.0460563 -0.043499 -0.0406767 -0.0377324 -0.0347896 -0.0318707 -0.0291037 -0.0265687 -0.0242165 -0.0220991 -0.0202402 -0.0186096 -0.0171951 -0.0159629 -0.0149304 -0.0140679 -0.0132956 -0.0126442 -0.0121203 -0.0116618 -0.0112585 -0.0109147 -0.0106357 -0.0104118 -0.0102016 -0.0100178 -0.00988109 -0.00976134 -0.00966075 -0.00959333 -0.00954473 
0 0.000321013 0.000597442 0.000925115 0.00128192 0.0015959 0.00192947 0.00229666 0.00266442 0.00308091 0.00354509 0.00401236 0.00452662 0.00513193 0.00580696 0.00655641 0.00742113 0.00842539 0.00959104 0.010932 0.0124596 0.0142229 0.0162337 0.018469 0.0209531 0.0236705 0.0265735 0.029603 0.0326592 0.0356894 0.0385583 0.0410679 0.04313 0.0445999 0.0453133 0.0451268 0.0439136 0.0416709 0.0383213 0.0338234 0.0282488 0.021662 0.0142234 0.00603962 -0.0027141 -0.011797 -0.0210149 -0.0300762 -0.0387521 -0.0467606 -0.0538598 -0.0598715 -0.0645682 -0.0678334 -0.0695327 -0.0696942 -0.068406 -0.0658063 -0.0621081 -0.0574879 -0.0522412 -0.0466013 -0.0408603 -0.0352249 -0.0298711 -0.0249444 -0.0205139 -0.016675 -0.0134079 -0.0107344 -0.00856585 -0.00686325 -0.00553111 -0.0045122 -0.00374706 -0.00317653 -0.00277724 -0.00248679 -0.00230599 -0.00217321 -0.00210535 -0.00204874 -0.00202898 -0.00200406 -0.00200039 -0.00198777 -0.00198759 -0.00198038 -0.00197977 -0.00197581 -0.00197396 -0.00197241 -0.00196943 -0.0019698 -0.00196601 -0.00196787 -0.00196362 -0.0019666 -0.0019622 -0.00196596 -0.00196174 -0.00196596 -0.0019622 -0.0019666 -0.00196362 -0.00196787 -0.00196601 -0.0019698 -0.00196942 -0.00197238 -0.00197387 -0.00197558 -0.0019792 -0.001979 -0.0019844 -0.00198068 -0.0019852 -0.00197273 -0.00196684 -0.00193018 -0.00188786 -0.00178956 -0.00165494 -0.00142292 -0.00110075 -0.000623201 2.21546e-05 0.000899294 0.00205278 0.00354657 0.00546503 0.00786107 0.0108282 0.0143662 0.0185166 0.0232014 0.0283832 0.0339289 0.039705 0.0455165 0.0511037 0.0562289 0.0605935 0.0640118 0.0662455 0.0671496 0.0665759 0.064458 0.0608579 0.0558529 0.0496434 0.0423661 0.0342533 0.0255358 0.0164397 0.00723444 -0.00189271 -0.0106728 -0.0189353 -0.0265344 -0.0333115 -0.0391634 -0.0439419 -0.0476556 -0.050322 -0.0519228 -0.052522 -0.0521906 -0.0511031 -0.0493796 -0.0471006 -0.0444608 -0.0415956 -0.0386188 -0.0356353 -0.032713 -0.0299577 -0.0274025 -0.0250501 -0.022945 -0.0210821 -0.0194519 -0.0180412 -0.0168084 -0.0157616 -0.014894 -0.0141292 -0.0134561 -0.01292 -0.0124737 -0.0120692 -0.0117425 -0.0114626 -0.0111962 -0.0110105 -0.0108701 -0.010702 -0.0105874 -0.0105333 -0.010457 
0 0.000340833 0.000697865 0.00104448 0.00137897 0.00175146 0.0021615 0.00256685 0.00298625 0.00345048 0.00395005 0.00449004 0.00510166 0.00580696 0.0065913 0.00745586 0.00846856 0.00965563 0.0109884 0.012513 0.0142917 0.0163056 0.018539 0.0210236 0.0237453 0.0266416 0.0296722 0.0327683 0.0358325 0.0387613 0.0413987 0.0436108 0.045266 0.0462177 0.0463497 0.0455178 0.0436729 0.0408152 0.0368927 0.0319338 0.0259902 0.0191999 0.0117021 0.00357144 -0.00500585 -0.0138574 -0.0227549 -0.0314928 -0.0398992 -0.0477125 -0.0547488 -0.06077 -0.0656093 -0.0691133 -0.0711431 -0.0717046 -0.0708045 -0.0686015 -0.065217 -0.0608524 -0.0557396 -0.0501197 -0.0443002 -0.0384795 -0.0329033 -0.0276779 -0.0229492 -0.0187718 -0.0151901 -0.0122116 -0.00977427 -0.00784977 -0.00632031 -0.00516137 -0.00425966 -0.00360707 -0.00311666 -0.00278233 -0.00254611 -0.00239334 -0.00229674 -0.00223198 -0.00220105 -0.00217109 -0.00216675 -0.00214775 -0.00215307 -0.0021369 -0.00214556 -0.0021303 -0.00214007 -0.00212562 -0.00213566 -0.00212219 -0.00213219 -0.00211977 -0.00212969 -0.00211821 -0.00212818 -0.00211745 -0.00212767 -0.00211745 -0.00212818 -0.00211821 -0.00212969 -0.00211977 -0.00213219 -0.00212219 -0.00213563 -0.00212557 -0.00213992 -0.00212993 -0.00214466 -0.00213477 -0.00214827 -0.00213727 -0.00214474 -0.0021266 -0.00211455 -0.00207024 -0.00200587 -0.00189017 -0.00170824 -0.00143772 -0.00103333 -0.000482811 0.000289372 0.00129232 0.00263231 0.0043303 0.00651012 0.00919953 0.0124865 0.0163684 0.0208374 0.025845 0.0312814 0.0370565 0.0429563 0.0488081 0.0543067 0.0592218 0.0632894 0.0663108 0.0681307 0.0685774 0.067603 0.0651482 0.0613205 0.0562166 0.0499954 0.0428537 0.0349676 0.0265899 0.0178651 0.00899461 0.000167019 -0.00842289 -0.0165767 -0.0242177 -0.0311937 -0.0373716 -0.0426308 -0.0468967 -0.0501892 -0.0524604 -0.0537264 -0.0540565 -0.0535318 -0.0522875 -0.0504242 -0.0480749 -0.0453832 -0.0424673 -0.0394707 -0.0364771 -0.0335485 -0.0307883 -0.0282467 -0.025911 -0.023796 -0.0219427 -0.0203262 -0.0188902 -0.0176441 -0.016606 -0.0157266 -0.0149524 -0.0142991 -0.0137697 -0.0133017 -0.0128902 -0.0125684 -0.0122929 -0.0120432 -0.0118516 -0.0117052 -0.0115854 -0.0114892 -0.0114088 
0 0.000373671 0.00076503 0.0011497 0.00154575 0.00196072 0.00237649 0.002838 0.00334531 0.00385165 0.00441496 0.00506693 0.00576804 0.00655641 0.00745586 0.00847436 0.00967681 0.0110451 0.0125688 0.0143376 0.0163567 0.0185894 0.0210558 0.0237647 0.0266855 0.0297293 0.0328276 0.0359403 0.0389254 0.0416259 0.0439413 0.0457433 0.0468858 0.0472399 0.0467063 0.0452221 0.0427488 0.0392763 0.0348328 0.0294597 0.0232493 0.0163447 0.00885419 0.000888464 -0.00742676 -0.0159217 -0.0244002 -0.0327338 -0.0407645 -0.0483237 -0.055203 -0.0611862 -0.066122 -0.0698334 -0.0722186 -0.0731894 -0.0727517 -0.0709873 -0.067995 -0.0639614 -0.059056 -0.053555 -0.0477072 -0.0417839 -0.0360058 -0.0305308 -0.0255116 -0.0210084 -0.0171141 -0.0138086 -0.0111029 -0.00891593 -0.00719458 -0.00585553 -0.00482703 -0.00406198 -0.00348803 -0.00309185 -0.00280108 -0.00262347 -0.00249148 -0.00242563 -0.00237026 -0.00235126 -0.00232788 -0.00232401 -0.00231318 -0.00231208 -0.00230686 -0.00230484 -0.00230297 -0.00229939 -0.00229999 -0.0022951 -0.00229764 -0.00229188 -0.00229591 -0.00228973 -0.00229485 -0.00228866 -0.0022945 -0.00228866 -0.00229485 -0.00228973 -0.00229591 -0.00229188 -0.00229763 -0.00229509 -0.00229995 -0.0022993 -0.00230273 -0.00230426 -0.00230547 -0.00230887 -0.00230605 -0.00230875 -0.00229647 -0.00228903 -0.00225162 -0.0022081 -0.0021078 -0.00197216 -0.00173609 -0.00141198 -0.000926457 -0.000275475 0.00061685 0.00178379 0.0033035 0.00524763 0.0076836 0.0106943 0.0142917 0.0185124 0.0232839 0.0285716 0.0342384 0.0401639 0.0461409 0.051929 0.0572722 0.0618906 0.0655927 0.0681686 0.069505 0.0694796 0.0680636 0.0652969 0.0612589 0.0560967 0.0499319 0.0429694 0.0354017 0.0274145 0.0191536 0.0107244 0.00229946 -0.00596746 -0.0139336 -0.0214962 -0.0285563 -0.0349691 -0.0406244 -0.0454314 -0.0493204 -0.052259 -0.0542373 -0.0552736 -0.0554066 -0.0547166 -0.0533434 -0.0514049 -0.0489848 -0.0462375 -0.0433233 -0.0403286 -0.0373262 -0.0344049 -0.0316645 -0.029127 -0.0267686 -0.0246593 -0.0228177 -0.0211824 -0.0197579 -0.0185268 -0.0174678 -0.0165896 -0.0158239 -0.0151461 -0.0145994 -0.0141452 -0.013754 -0.0134348 -0.013154 -0.0129169 -0.0127435 -0.0125935 -0.0124699 -0.0124082 
0 0.000418064 0.000838762 0.00125959 0.0017131 0.00218915 0.00265461 0.0031525 0.00370835 0.00430636 0.00496895 0.00570338 0.0065093 0.00742113 0.00846856 0.00967681 0.0110447 0.0125859 0.0143675 0.0163859 0.0186211 0.0211002 0.0237962 0.0266985 0.0297634 0.0328696 0.0359806 0.0390126 0.041789 0.0441886 0.0460919 0.0473929 0.0479517 0.047626 0.0464018 0.0442491 0.041134 0.037086 0.0321585 0.0264633 0.0200946 0.0131597 0.0057886 -0.00192735 -0.00986841 -0.0179063 -0.0259095 -0.0337656 -0.0413842 -0.0486201 -0.0552888 -0.0611979 -0.0661795 -0.070095 -0.0728079 -0.0742099 -0.0742541 -0.0729607 -0.0704201 -0.0667584 -0.0621527 -0.0568289 -0.0510445 -0.0450755 -0.0391512 -0.0334747 -0.0281838 -0.023394 -0.0191764 -0.0155653 -0.0125619 -0.0101151 -0.00817276 -0.00664419 -0.00547267 -0.00457702 -0.00391702 -0.00343353 -0.00309586 -0.00286405 -0.00271077 -0.00261489 -0.00255191 -0.00251846 -0.00249227 -0.00248321 -0.00246951 -0.00246886 -0.00245894 -0.00246108 -0.00245249 -0.00245565 -0.0024479 -0.00245154 -0.00244456 -0.00244851 -0.00244227 -0.0024465 -0.00244093 -0.0024455 -0.00244048 -0.0024455 -0.00244093 -0.0024465 -0.00244227 -0.00244851 -0.00244455 -0.00245152 -0.00244784 -0.0024555 -0.00245211 -0.00246017 -0.00245682 -0.00246407 -0.00245908 -0.00246134 -0.00244811 -0.00243266 -0.00239149 -0.00232632 -0.00221126 -0.00203145 -0.00175797 -0.00135742 -0.000798313 -2.81676e-05 0.000991511 0.00233633 0.00406069 0.00625764 0.00898407 0.0123075 0.0162405 0.0207728 0.0258489 0.0313775 0.0372415 0.0432642 0.0492391 0.0548994 0.0599865 0.0642544 0.0675072 0.0695928 0.0703946 0.0698611 0.0680053 0.0649151 0.0607095 0.0555123 0.0494711 0.0427597 0.0355675 0.0280487 0.0202963 0.0124041 0.00447072 -0.00338933 -0.0110734 -0.0184946 -0.025529 -0.0320816 -0.0380483 -0.0433097 -0.0477632 -0.0513225 -0.0539971 -0.0557686 -0.0566051 -0.0565785 -0.0557852 -0.0543456 -0.0523401 -0.0498689 -0.0471238 -0.0442025 -0.041186 -0.0381925 -0.0352831 -0.0325434 -0.0300097 -0.0276678 -0.0255654 -0.0237135 -0.0220876 -0.0206646 -0.0194128 -0.018353 -0.0174655 -0.0166891 -0.0160412 -0.0155014 -0.0150169 -0.0146277 -0.0143336 -0.0140642 -0.0138256 -0.0136542 -0.0135346 -0.0134454 
0 0.000447458 0.000937235 0.00141244 0.00188536 0.0024095 0.00295992 0.00353027 0.00415254 0.00483017 0.00557631 0.00641839 0.00736134 0.00842539 0.00965563 0.0110451 0.0125859 0.0143633 0.0164003 0.0186362 0.0211044 0.0238198 0.0267238 0.029778 0.032899 0.0360214 0.0390689 0.0418836 0.0443596 0.0463615 0.0477589 0.0484789 0.0483598 0.0473371 0.0454234 0.0425946 0.0388839 0.0343064 0.0289847 0.0230676 0.0166141 0.00975146 0.00257039 -0.00480904 -0.0122857 -0.0198113 -0.0272708 -0.0346196 -0.0417712 -0.0486227 -0.055037 -0.060815 -0.0658297 -0.0699166 -0.0729511 -0.0747891 -0.0753254 -0.0745511 -0.0724915 -0.0692727 -0.0650221 -0.0599541 -0.0543069 -0.0483484 -0.0423406 -0.0364846 -0.030965 -0.0258904 -0.0213696 -0.017443 -0.0141356 -0.0114159 -0.00922973 -0.00750665 -0.00616504 -0.00514399 -0.0043727 -0.00381202 -0.00340648 -0.00313044 -0.00294135 -0.00282242 -0.00274491 -0.00269955 -0.0026707 -0.00265399 -0.00264328 -0.0026359 -0.00263136 -0.00262665 -0.00262436 -0.00262051 -0.00261932 -0.00261596 -0.00261554 -0.00261265 -0.00261288 -0.00261047 -0.00261128 -0.00260938 -0.00261075 -0.00260938 -0.00261128 -0.00261047 -0.00261287 -0.00261264 -0.00261553 -0.00261593 -0.00261923 -0.00262027 -0.00262378 -0.00262527 -0.00262819 -0.00262887 -0.00262827 -0.0026231 -0.00260952 -0.0025829 -0.00253091 -0.00244458 -0.00229913 -0.00207859 -0.00174419 -0.00127207 -0.000610241 0.000276403 0.00145559 0.00298274 0.0049413 0.00740176 0.0104322 0.0140752 0.0183283 0.0231668 0.0285038 0.0342503 0.0402437 0.0463099 0.0521979 0.0576512 0.0624127 0.0662559 0.0690238 0.0705661 0.0708267 0.0697735 0.0674937 0.0641067 0.0597462 0.0545625 0.0486742 0.0422759 0.0354995 0.0284749 0.0212762 0.0139512 0.00658975 -0.000793024 -0.00811257 -0.0152906 -0.0222226 -0.0287969 -0.0349731 -0.0405947 -0.045533 -0.0496968 -0.0530251 -0.0555198 -0.0571015 -0.0577927 -0.0576771 -0.0568044 -0.0553017 -0.0532521 -0.0507686 -0.0480093 -0.0450709 -0.0420759 -0.0390909 -0.0361796 -0.0334689 -0.0309512 -0.0286029 -0.0265 -0.0246503 -0.0230129 -0.0215773 -0.0203367 -0.0192782 -0.0183812 -0.0176175 -0.0169604 -0.0164067 -0.0159509 -0.0155567 -0.015235 -0.015009 -0.0148204 -0.0146496 -0.014537 
