0 0 0 0 0 0 0 0 0 0 0 0 0 0 0 0 0 0 0 0 0 0 0 0 0 0 0 0 0 0 0 0 0 0 0 0 0 0 0 0 0 0 0 0 0 0 0 0 0 0 0 0 0 0 0 0 0 0 0 0 0 0 0 0 0 0 0 0 0 0 0 0 0 0 0 0 0 0 0 0 0 0 0 0 0 0 0 0 0 0 0 0 0 0 0 0 0 0 0 0 0 0 0 0 0 0 0 0 0 0 0 0 0 0 0 0 0 0 0 0 0 0 0 0 0 0 0 0 0 0 0 0 0 0 0 0 0 0 0 0 0 0 0 0 0 0 0 0 0 0 0 0 0 0 0 0 0 0 0 0 0 0 0 0 0 0 0 0 0 0 0 0 0 0 0 0 0 0 0 0 0 0 0 0 0 0 0 0 0 0 0 0 0 0 0 0 0 0 0 0 
0 1.57128e-05 7.1898e-05 0.000108634 0.000100523 0.000130109 0.000198309 0.000232617 0.00025785 0.000290335 0.000320672 0.000385574 0.000435483 0.00046712 0.000564235 0.000636502 0.000681183 0.000816391 0.000926471 0.00102767 0.00124221 0.00143908 0.00165491 0.00196148 0.00226497 0.00264172 0.00304592 0.00344627 0.00394709 0.00438294 0.00476576 0.00514638 0.00536652 0.0054738 0.00537051 0.00503609 0.00455305 0.00376064 0.00276385 0.00158597 0.000243312 -0.00111454 -0.00256846 -0.00393733 -0.00516318 -0.00621619 -0.00697469 -0.00755426 -0.00782188 -0.00784003 -0.00761582 -0.00714827 -0.00660464 -0.00591371 -0.00522944 -0.00449454 -0.00377286 -0.00312124 -0.00249579 -0.0020222 -0.00157702 -0.00126775 -0.000987134 -0.000775948 -0.000616309 -0.000464826 -0.000392475 -0.000289651 -0.000271229 -0.000209849 -0.000211998 -0.000183379 -0.000182832 -0.000179097 -0.000166375 -0.000180506 -0.000156154 -0.000181178 -0.000150364 -0.000179565 -0.00014823 -0.000176008 -0.000148872 -0.000171373 -0.000151286 -0.000166501 -0.00015455 -0.000161998 -0.000157962 -0.000158202 -0.000161074 -0.000155228 -0.000163654 -0.00015305 -0.000165621 -0.000151564 -0.00016698 -0.000150656 -0.00016777 -0.000150228 -0.000168029 -0.000150228 -0.00016777 -0.000150656 -0.00016698 -0.000151564 -0.000165621 -0.00015305 -0.000163654 -0.000155228 -0.000161074 -0.000158202 -0.000157962 -0.000161998 -0.00015455 -0.000166501 -0.000151286 -0.000171372 -0.00014887 -0.000176003 -0.000148215 -0.000179526 -0.00015026 -0.000180912 -0.000155505 -0.000178989 -0.00016297 -0.000171783 -0.000167804 -0.000153869 -0.000156658 -0.000110807 -0.000102108 -1.40412e-05 3.66641e-05 0.000175096 0.000301128 0.000495766 0.000729263 0.00100436 0.00138989 0.0018081 0.00238476 0.0029893 0.00370895 0.00443896 0.00517199 0.00591701 0.00656223 0.00718206 0.00758765 0.00781534 0.00777106 0.00743678 0.00689457 0.00602966 0.00497186 0.00366309 0.00222265 0.000779801 -0.000703715 -0.0020568 -0.00332308 -0.00437733 -0.00514855 -0.00575443 -0.00608522 -0.00622919 -0.00617508 -0.00592272 -0.00564871 -0.00524595 -0.00478115 -0.00435003 -0.00388211 -0.00348087 -0.00308919 -0.00271182 -0.00246316 -0.00219602 -0.00195393 -0.00181959 -0.00165219 -0.0015116 -0.00143075 -0.00132468 -0.00125509 -0.00120491 -0.00114787 -0.00113435 -0.00108439 -0.00101471 -0.00102771 -0.00102249 -0.000960663 -0.000953674 -0.000971422 -0.000946883 -0.000924149 -0.000931714 
0 7.1898e-05 9.913e-05 0.000170245 0.000263943 0.000310598 0.000362747 0.000433997 0.000501599 0.00059368 0.000687635 0.000764198 0.000861507 0.00097855 0.00110443 0.00124437 0.00141124 0.00163102 0.00187304 0.00213522 0.00248455 0.00289764 0.00335301 0.00391145 0.00457607 0.00531316 0.00610771 0.00696963 0.00788298 0.00875025 0.00952575 0.0101919 0.0106568 0.0108195 0.010599 0.00998206 0.00894252 0.00741449 0.00542996 0.00307104 0.000459515 -0.00230395 -0.00513153 -0.00784387 -0.0102854 -0.0123189 -0.0138849 -0.0149707 -0.0155253 -0.0155618 -0.0150979 -0.0142423 -0.0131168 -0.0118118 -0.0104243 -0.0089839 -0.00757757 -0.00624931 -0.00506494 -0.00405855 -0.00321925 -0.00255267 -0.00200271 -0.00157536 -0.0012243 -0.000957563 -0.000753215 -0.000602422 -0.000504409 -0.000429726 -0.000395084 -0.000361304 -0.000355194 -0.000340255 -0.000342457 -0.000336487 -0.000338184 -0.000337643 -0.000336086 -0.000339463 -0.00033453 -0.000340644 -0.000333197 -0.000340897 -0.000332044 -0.000340312 -0.000331057 -0.000339128 -0.000330222 -0.00033762 -0.000329522 -0.000336038 -0.000328948 -0.000334578 -0.000328496 -0.000333382 -0.000328169 -0.000332542 -0.000327971 -0.000332109 -0.000327904 -0.000332109 -0.000327971 -0.000332542 -0.000328169 -0.000333382 -0.000328496 -0.000334578 -0.000328948 -0.000336038 -0.000329522 -0.00033762 -0.000330222 -0.000339128 -0.000331057 -0.000340311 -0.000332043 -0.000340895 -0.000333193 -0.000340632 -0.000334495 -0.00033937 -0.000335844 -0.000337034 -0.000336718 -0.000333098 -0.00033495 -0.000324322 -0.000322831 -0.000298441 -0.000278397 -0.000222851 -0.000154145 -3.58212e-05 0.000123613 0.000343763 0.000635264 0.000997342 0.00146637 0.00203715 0.0027693 0.00366097 0.00474932 0.00600743 0.00739598 0.00886589 0.0103368 0.0117823 0.0131139 0.0142662 0.015105 0.0155096 0.0154134 0.0147753 0.0136314 0.0119683 0.00982118 0.0072692 0.00445327 0.00156112 -0.0013039 -0.00402578 -0.00648959 -0.00856645 -0.0101706 -0.0113325 -0.0120587 -0.0123531 -0.0122491 -0.0118361 -0.0112308 -0.0104601 -0.00957384 -0.00867005 -0.00780317 -0.00698381 -0.00620601 -0.00552229 -0.00494882 -0.00442561 -0.00397299 -0.00361666 -0.00331838 -0.00306154 -0.00284855 -0.00268933 -0.00255522 -0.00241343 -0.00230848 -0.00223264 -0.00214985 -0.00210408 -0.00206118 -0.0019847 -0.00196273 -0.00195964 -0.00189576 -0.00187155 -0.001892 -0.0018579 
0 0.000108634 0.000170245 0.000256534 0.000376386 0.000464041 0.000550821 0.000668153 0.000773046 0.000887498 0.00102838 0.00115237 0.00130286 0.00149662 0.00167452 0.00189311 0.00217453 0.00246535 0.00283235 0.00327928 0.00377795 0.00440984 0.00513522 0.00595712 0.00695566 0.00803613 0.00921407 0.0105117 0.0118006 0.0130761 0.0142282 0.0151448 0.0157969 0.0159672 0.0156051 0.0146696 0.0130416 0.0107808 0.00784372 0.0043688 0.000543281 -0.00356113 -0.00767302 -0.0116498 -0.0152354 -0.0182221 -0.020582 -0.02216 -0.02301 -0.0230735 -0.0224173 -0.0212155 -0.0195463 -0.0176588 -0.0155767 -0.0134605 -0.0113788 -0.00940027 -0.0076653 -0.00612821 -0.00489883 -0.00386053 -0.0030507 -0.00239424 -0.00186458 -0.00147649 -0.00114586 -0.000947366 -0.000764004 -0.000681934 -0.000596093 -0.000566544 -0.000537121 -0.00052015 -0.000521135 -0.000500635 -0.00051738 -0.000491453 -0.000514996 -0.000487211 -0.000511363 -0.000485974 -0.000506532 -0.000486616 -0.00050118 -0.000488253 -0.000495954 -0.000490223 -0.000491293 -0.000492096 -0.000487421 -0.000493654 -0.000484397 -0.000494824 -0.000482181 -0.000495625 -0.000480688 -0.000496112 -0.000479833 -0.000496339 -0.000479555 -0.000496339 -0.000479833 -0.000496112 -0.000480688 -0.000495625 -0.000482181 -0.000494824 -0.000484397 -0.000493654 -0.000487421 -0.000492096 -0.000491293 -0.000490223 -0.000495954 -0.000488253 -0.000501179 -0.000486613 -0.000506523 -0.00048595 -0.000511296 -0.000487033 -0.00051454 -0.000490331 -0.000514729 -0.000494623 -0.000508056 -0.000492881 -0.000482674 -0.000462502 -0.000405939 -0.000349622 -0.00020865 -5.92078e-05 0.000215567 0.000529212 0.000986865 0.00153861 0.00224398 0.00313749 0.00421842 0.00559448 0.00718498 0.0090717 0.0111067 0.0132728 0.0154607 0.0175612 0.0195393 0.0211689 0.0223861 0.0229476 0.0227886 0.021871 0.0201402 0.0177071 0.0145276 0.0108026 0.00670088 0.00241706 -0.00177774 -0.00580775 -0.00941542 -0.0124743 -0.0149121 -0.0166347 -0.0177526 -0.0182213 -0.0181197 -0.0176081 -0.0167192 -0.015626 -0.0143799 -0.0130473 -0.0117836 -0.0105455 -0.00939567 -0.0083974 -0.00748442 -0.006716 -0.0060667 -0.00548864 -0.00504229 -0.00465829 -0.00431409 -0.00406643 -0.00384364 -0.00364321 -0.00350419 -0.00336427 -0.00324555 -0.00317672 -0.00308416 -0.0029955 -0.00296611 -0.00292348 -0.00285575 -0.00283809 -0.00283788 -0.00279699 
0 0.000100523 0.000263943 0.000376386 0.000463521 0.00061197 0.000758819 0.000900049 0.00105967 0.00119456 0.00135697 0.00157215 0.00177532 0.00200236 0.00228174 0.00258905 0.00295145 0.00336438 0.00385431 0.00447083 0.00517268 0.00599626 0.00699776 0.00812902 0.00940615 0.0108471 0.0124138 0.01407 0.015735 0.017347 0.018805 0.019949 0.0206638 0.0208133 0.0202761 0.0189531 0.0167709 0.0137487 0.00992577 0.0054229 0.000416124 -0.00488799 -0.0102193 -0.015335 -0.0199606 -0.0238813 -0.0269449 -0.0290372 -0.0301449 -0.0302584 -0.0294815 -0.027953 -0.0258524 -0.0233844 -0.0206833 -0.0179202 -0.0151901 -0.0126272 -0.0103156 -0.00830573 -0.00663319 -0.00524768 -0.00414677 -0.00325039 -0.00255327 -0.00200263 -0.00158559 -0.00128318 -0.00105944 -0.000921292 -0.000815097 -0.000765887 -0.000719288 -0.000706637 -0.000686666 -0.000683461 -0.000675983 -0.000671778 -0.000671652 -0.000663934 -0.000668864 -0.000658106 -0.000666364 -0.000653884 -0.000663903 -0.000651025 -0.000661499 -0.000649239 -0.000659237 -0.000648225 -0.000657207 -0.000647719 -0.000655482 -0.000647512 -0.000654109 -0.00064746 -0.000653117 -0.000647468 -0.000652519 -0.000647484 -0.000652319 -0.000647484 -0.000652519 -0.000647468 -0.000653117 -0.00064746 -0.000654109 -0.000647512 -0.000655482 -0.000647719 -0.000657207 -0.000648225 -0.000659237 -0.000649239 -0.000661499 -0.000651024 -0.000663901 -0.000653879 -0.000666348 -0.00065806 -0.00066874 -0.000663613 -0.000670851 -0.000669851 -0.00067153 -0.00067358 -0.00066563 -0.000663699 -0.00063531 -0.000608592 -0.000533038 -0.000437082 -0.000263305 -2.8069e-05 0.0003154 0.000771969 0.00136551 0.00213267 0.00308359 0.00429243 0.00576761 0.00758191 0.00971474 0.0121581 0.0148378 0.0176504 0.0205055 0.0232496 0.025769 0.0278589 0.0293449 0.030041 0.0298049 0.0285828 0.0263311 0.0231134 0.0190116 0.0142027 0.00891725 0.00339348 -0.00208417 -0.00728304 -0.0119685 -0.0159741 -0.019192 -0.0215423 -0.0230411 -0.0237366 -0.023737 -0.0231522 -0.02209 -0.0207165 -0.0191487 -0.0174864 -0.0158107 -0.0141918 -0.0127135 -0.011361 -0.010145 -0.00911767 -0.0082324 -0.00747073 -0.00683251 -0.00629547 -0.00586283 -0.00548202 -0.00515468 -0.00492561 -0.0047167 -0.00452086 -0.00438185 -0.00423308 -0.00411523 -0.00406618 -0.00396391 -0.00386417 -0.00386619 -0.00382596 -0.00374416 -0.00375813 
0 0.000130109 0.000310598 0.000464041 0.00061197 0.000799725 0.000955954 0.00110681 0.00132253 0.00153858 0.00174331 0.00199527 0.00226637 0.00255393 0.00290395 0.00331176 0.00378055 0.00433014 0.00498162 0.00576434 0.00666256 0.00770523 0.00896601 0.0103987 0.0119793 0.0137675 0.0157005 0.0176836 0.0196649 0.0215469 0.0232184 0.0244925 0.0251971 0.025252 0.0244816 0.0227453 0.0200039 0.0162517 0.0116008 0.0061437 6.37367e-05 -0.00632482 -0.0127497 -0.0188731 -0.024438 -0.0291991 -0.03291 -0.0354843 -0.036836 -0.0370361 -0.0361822 -0.0344075 -0.0319488 -0.0289669 -0.0257189 -0.0223536 -0.0190405 -0.015923 -0.0130683 -0.0105938 -0.00846771 -0.00673186 -0.00530884 -0.00417308 -0.00328009 -0.00256846 -0.00204764 -0.00163549 -0.0013673 -0.00115867 -0.00104083 -0.000953371 -0.000906491 -0.000880559 -0.000857831 -0.000859296 -0.000841134 -0.000853337 -0.000835102 -0.000850044 -0.000832673 -0.000846169 -0.000831603 -0.000841434 -0.000831039 -0.000836283 -0.000830572 -0.000831209 -0.000830019 -0.000826584 -0.00082934 -0.000822634 -0.000828588 -0.000819466 -0.000827857 -0.000817112 -0.000827248 -0.000815562 -0.000826846 -0.000814795 -0.000826705 -0.000814795 -0.000826846 -0.000815562 -0.000827248 -0.000817112 -0.000827857 -0.000819466 -0.000828588 -0.000822634 -0.00082934 -0.000826584 -0.000830019 -0.000831209 -0.000830572 -0.000836282 -0.000831035 -0.000841424 -0.000831573 -0.000846086 -0.000832454 -0.000849487 -0.000833742 -0.000850142 -0.000833922 -0.000843664 -0.000825317 -0.000815702 -0.000782474 -0.000726128 -0.000641838 -0.000487187 -0.000283164 4.63865e-05 0.000465573 0.00106122 0.00180795 0.00278227 0.00400456 0.00552518 0.00741295 0.00965896 0.0123181 0.0152961 0.0185694 0.0219962 0.0254542 0.0287913 0.0317764 0.0342446 0.0359314 0.0366926 0.0363575 0.0348188 0.0320718 0.0281282 0.0231858 0.0174221 0.0110883 0.00447621 -0.002137 -0.00838614 -0.0140464 -0.0189369 -0.0229089 -0.025895 -0.0278304 -0.0288201 -0.028994 -0.0284252 -0.0272724 -0.025696 -0.0238724 -0.0219265 -0.019906 -0.0179539 -0.0161562 -0.0144815 -0.0129696 -0.0116564 -0.0105216 -0.00954773 -0.00871093 -0.00802325 -0.00746686 -0.00697292 -0.00656579 -0.00624957 -0.00594517 -0.00569296 -0.0055265 -0.0053525 -0.00518972 -0.00509391 -0.004993 -0.00489282 -0.00484405 -0.00478116 -0.00471598 -0.00471939 
0 0.000198309 0.000362747 0.000550821 0.000758819 0.000955954 0.00116625 0.00137773 0.0016021 0.00187624 0.00214575 0.00242323 0.00278293 0.00316733 0.00358096 0.00410404 0.00468942 0.00536233 0.00619856 0.00715352 0.00826488 0.00958769 0.0110941 0.0128114 0.0147196 0.0167965 0.0190391 0.0213122 0.0235346 0.0256371 0.0274232 0.0287251 0.0293705 0.0292159 0.0281328 0.025944 0.0226147 0.0181936 0.0127571 0.00644907 -0.000539316 -0.00787545 -0.0152049 -0.0222113 -0.0285903 -0.0340753 -0.0383991 -0.0414028 -0.0430389 -0.0433588 -0.0424842 -0.0405598 -0.0377915 -0.0344036 -0.0306502 -0.0267546 -0.0229075 -0.0192589 -0.0159137 -0.0129555 -0.010411 -0.00829201 -0.00655715 -0.00516853 -0.00406749 -0.00320856 -0.00255278 -0.00205852 -0.00170583 -0.0014522 -0.0012886 -0.00117537 -0.00111098 -0.0010665 -0.0010437 -0.00102785 -0.00101825 -0.0010135 -0.00100642 -0.00100639 -0.000999029 -0.00100139 -0.000993595 -0.000997199 -0.000989465 -0.000993534 -0.000986359 -0.000990336 -0.000984058 -0.000987599 -0.000982374 -0.000985324 -0.000981157 -0.00098351 -0.000980298 -0.000982155 -0.000979726 -0.000981256 -0.000979397 -0.000980808 -0.00097929 -0.000980808 -0.000979397 -0.000981256 -0.000979726 -0.000982155 -0.000980298 -0.00098351 -0.000981157 -0.000985324 -0.000982374 -0.000987599 -0.000984058 -0.000990336 -0.000986358 -0.000993531 -0.000989459 -0.000997179 -0.00099354 -0.00100124 -0.000998649 -0.00100544 -0.00100417 -0.00100833 -0.00100686 -0.00100376 -0.000994772 -0.000971175 -0.000932913 -0.000856427 -0.000740746 -0.000549083 -0.000275165 0.000123943 0.00066274 0.00138422 0.002319 0.00351392 0.00502336 0.00689416 0.00917987 0.0118902 0.0150258 0.0185292 0.0223287 0.0263031 0.0302974 0.034109 0.0374944 0.0402158 0.0420433 0.0428011 0.0423226 0.0404946 0.0372691 0.032718 0.0270348 0.0204486 0.0132332 0.00566716 -0.00189194 -0.00907947 -0.0156206 -0.0213034 -0.0260033 -0.0295839 -0.0320052 -0.0333628 -0.0337548 -0.0333225 -0.0321865 -0.0305251 -0.0285568 -0.0263707 -0.0240944 -0.0218575 -0.0197169 -0.0177496 -0.0159511 -0.0143437 -0.0129753 -0.0117704 -0.0107357 -0.00989047 -0.00914931 -0.00853319 -0.00804265 -0.00760159 -0.00723969 -0.00695024 -0.00669073 -0.0064927 -0.00631344 -0.00613372 -0.00603141 -0.00594769 -0.00582399 -0.00576585 -0.005753 -0.00568254 
0 0.000232617 0.000433997 0.000668153 0.000900049 0.00110681 0.00137773 0.00167363 0.0019254 0.00221257 0.00255633 0.00292 0.00333451 0.00380489 0.00433913 0.00496379 0.00567766 0.00652608 0.00752553 0.00867209 0.0100395 0.0116183 0.0133826 0.0153896 0.0175964 0.0199564 0.0224424 0.0249364 0.0273527 0.029552 0.0313416 0.0325779 0.0330569 0.0326209 0.0311403 0.0284649 0.0245814 0.0195205 0.0133765 0.00632469 -0.00142635 -0.00952465 -0.0176095 -0.0253443 -0.0323973 -0.0384897 -0.0433286 -0.0467371 -0.0486615 -0.0491425 -0.0483133 -0.0463083 -0.043334 -0.0396314 -0.0354709 -0.0311268 -0.0268038 -0.0226804 -0.0188662 -0.0154494 -0.0124821 -0.00997257 -0.00791248 -0.00624654 -0.0049297 -0.00389813 -0.00310537 -0.00250972 -0.00206952 -0.00176096 -0.00154453 -0.00140621 -0.00131405 -0.00126011 -0.00122587 -0.00120554 -0.00119422 -0.0011844 -0.00118125 -0.00117402 -0.00117369 -0.00116724 -0.0011678 -0.00116212 -0.00116272 -0.00115809 -0.00115832 -0.00115489 -0.00115458 -0.00115236 -0.00115148 -0.00115037 -0.00114901 -0.00114884 -0.00114712 -0.00114772 -0.0011458 -0.00114698 -0.00114502 -0.00114662 -0.00114476 -0.00114662 -0.00114502 -0.00114698 -0.0011458 -0.00114772 -0.00114712 -0.00114884 -0.00114901 -0.00115037 -0.00115148 -0.00115236 -0.00115458 -0.00115489 -0.00115832 -0.00115808 -0.00116271 -0.00116208 -0.0011677 -0.00116698 -0.00117304 -0.00117245 -0.0011776 -0.00117624 -0.00117664 -0.00116921 -0.00115383 -0.00112304 -0.00106391 -0.000968282 -0.000808662 -0.000572774 -0.000222676 0.000260884 0.000919865 0.0017879 0.0029121 0.00435045 0.00615405 0.00838744 0.0110751 0.0142348 0.0178338 0.021817 0.0261014 0.0305501 0.0349963 0.0391886 0.0428659 0.0457586 0.0476372 0.0483288 0.047658 0.0455218 0.0418694 0.036792 0.0304991 0.0232303 0.0152892 0.0069719 -0.00135131 -0.00930633 -0.01661 -0.0230093 -0.0283586 -0.0325333 -0.0354813 -0.0372769 -0.0379885 -0.0377677 -0.0367753 -0.0351554 -0.0331151 -0.0307905 -0.0283288 -0.0258648 -0.0234439 -0.0211792 -0.0191209 -0.0172431 -0.0155939 -0.0141638 -0.0129235 -0.0118713 -0.0109647 -0.0102091 -0.00958413 -0.00903861 -0.00861252 -0.00826167 -0.00791083 -0.00764404 -0.0074606 -0.00726035 -0.00708712 -0.00697634 -0.0068747 -0.0067958 -0.00674351 -0.00668338 
0 0.00025785 0.000501599 0.000773046 0.00105967 0.00132253 0.0016021 0.0019254 0.00225461 0.00260653 0.00302384 0.00346529 0.00392902 0.00450247 0.00516861 0.00589297 0.0067781 0.00783128 0.00899779 0.0103761 0.0119943 0.0138027 0.0158476 0.0181247 0.0206031 0.0232308 0.0258896 0.0285456 0.0310658 0.033225 0.0349209 0.0359687 0.0361746 0.0353883 0.03343 0.0302675 0.0258547 0.0201952 0.0134468 0.00575551 -0.00258729 -0.0112684 -0.0199549 -0.0282428 -0.0358382 -0.0423959 -0.0476559 -0.0514424 -0.0536475 -0.054348 -0.0536102 -0.0516087 -0.0485307 -0.0446116 -0.040168 -0.0354487 -0.0307343 -0.0261784 -0.0219301 -0.018082 -0.0146857 -0.0117969 -0.00938027 -0.00743374 -0.00587129 -0.00465501 -0.00371191 -0.00299564 -0.00246977 -0.00208243 -0.00182343 -0.00163791 -0.00152988 -0.00145205 -0.00141429 -0.00138521 -0.00137279 -0.00136315 -0.00135679 -0.0013547 -0.00134827 -0.00134941 -0.0013419 -0.00134455 -0.00133638 -0.00133967 -0.00133149 -0.00133489 -0.00132722 -0.00133044 -0.00132358 -0.00132651 -0.00132058 -0.00132325 -0.00131824 -0.00132075 -0.00131657 -0.00131905 -0.00131556 -0.0013182 -0.00131523 -0.0013182 -0.00131556 -0.00131905 -0.00131657 -0.00132075 -0.00131824 -0.00132325 -0.00132058 -0.00132651 -0.00132358 -0.00133044 -0.00132722 -0.00133489 -0.00133149 -0.00133966 -0.00133636 -0.00134449 -0.00134172 -0.00134898 -0.0013472 -0.00135216 -0.001351 -0.00135049 -0.00134619 -0.00133151 -0.00131027 -0.00125873 -0.00118511 -0.00104773 -0.000852836 -0.000546567 -0.00012598 0.00046437 0.00124787 0.00227674 0.00361031 0.00529666 0.00742265 0.0100082 0.0131116 0.0166935 0.0207376 0.0251636 0.0298704 0.0347326 0.0395162 0.0439964 0.0478458 0.0508192 0.0526742 0.0532172 0.0523215 0.0498461 0.0458203 0.0403108 0.033529 0.0257459 0.0172321 0.0083744 -0.000513109 -0.00906606 -0.0169754 -0.024012 -0.0299337 -0.0346815 -0.0382 -0.0404812 -0.0416217 -0.0417076 -0.0409546 -0.0395106 -0.0374878 -0.0351289 -0.0325755 -0.0299396 -0.0273292 -0.0248051 -0.0224861 -0.0203668 -0.0184161 -0.0167342 -0.0152854 -0.0139979 -0.0129229 -0.01203 -0.0112521 -0.0105945 -0.0100489 -0.00959518 -0.00921213 -0.00888308 -0.00862007 -0.00840653 -0.00821341 -0.00806002 -0.0079435 -0.00782844 -0.00774126 -0.00771671 
0 0.000290335 0.00059368 0.000887498 0.00119456 0.00153858 0.00187624 0.00221257 0.00260653 0.00304793 0.00351177 0.00402365 0.00461497 0.00530346 0.00607884 0.00696191 0.00801846 0.00924164 0.0106336 0.0122616 0.0141216 0.0162032 0.0185162 0.0210372 0.0237493 0.0265468 0.0293323 0.0320681 0.0345572 0.0366114 0.0381064 0.0388543 0.0387035 0.0374507 0.0349821 0.0313092 0.026361 0.0201903 0.0129211 0.00475266 -0.0039996 -0.0130964 -0.0221749 -0.0308701 -0.038847 -0.0457469 -0.0513672 -0.0554812 -0.0580071 -0.0589536 -0.0583723 -0.056456 -0.0533502 -0.0493408 -0.0446944 -0.0397042 -0.0346565 -0.0297164 -0.025081 -0.0208119 -0.0170244 -0.0137437 -0.0109849 -0.00873818 -0.00692203 -0.00551208 -0.00439718 -0.00356414 -0.0029244 -0.00246629 -0.0021368 -0.00190876 -0.00176451 -0.00166073 -0.00161055 -0.0015634 -0.00155203 -0.00152747 -0.00152808 -0.00151308 -0.00151504 -0.00150575 -0.00150561 -0.00150095 -0.00149799 -0.00149731 -0.0014918 -0.00149434 -0.00148686 -0.00149183 -0.00148301 -0.00148972 -0.00148011 -0.00148799 -0.001478 -0.00148665 -0.00147658 -0.00148574 -0.00147575 -0.00148527 -0.00147548 -0.00148527 -0.00147575 -0.00148574 -0.00147658 -0.00148665 -0.001478 -0.00148799 -0.00148011 -0.00148972 -0.00148301 -0.00149183 -0.00148686 -0.00149433 -0.00149179 -0.00149729 -0.00149795 -0.00150084 -0.00150532 -0.00150503 -0.00151329 -0.00150904 -0.00151909 -0.00150824 -0.00151252 -0.0014855 -0.00146311 -0.0013929 -0.0012975 -0.00112659 -0.000876916 -0.000510797 8.28885e-06 0.000700424 0.00163966 0.00284028 0.00441065 0.00637335 0.00883137 0.0117973 0.0152961 0.0193071 0.023753 0.0285893 0.033654 0.0388306 0.0438538 0.0484722 0.0523927 0.0553249 0.0570782 0.0574139 0.0562391 0.0534523 0.0490851 0.0432648 0.0361316 0.0279855 0.0190993 0.00985704 0.000605078 -0.0083835 -0.0167657 -0.0243044 -0.030757 -0.0360205 -0.0400962 -0.0429111 -0.0445282 -0.0450528 -0.0446428 -0.0434798 -0.0416477 -0.0393563 -0.0368049 -0.0340799 -0.0313138 -0.0286011 -0.0260313 -0.0236637 -0.0214801 -0.0195352 -0.0178458 -0.0163502 -0.0150594 -0.0139719 -0.0130459 -0.0122592 -0.0115857 -0.0110303 -0.0105878 -0.0101981 -0.00985042 -0.00958038 -0.00937249 -0.0091857 -0.00902364 -0.00891329 -0.00883589 -0.00876208 
0 0.000320672 0.000687635 0.00102838 0.00135697 0.00174331 0.00214575 0.00255633 0.00302384 0.00351177 0.00403198 0.00466942 0.00539438 0.00617595 0.00709677 0.00818273 0.00940751 0.0108217 0.0124703 0.0143409 0.0164464 0.0187955 0.0213562 0.0241062 0.0269827 0.0298894 0.0327549 0.0354406 0.0377831 0.0396327 0.0408014 0.0411585 0.0405374 0.0387574 0.0357852 0.0315793 0.0261416 0.0195316 0.0118486 0.00337118 -0.00566338 -0.0149959 -0.0242918 -0.0332354 -0.0414172 -0.0485636 -0.0544401 -0.058843 -0.0616924 -0.0628961 -0.0625545 -0.0607807 -0.0577671 -0.0537769 -0.0490386 -0.0438961 -0.0385725 -0.0333309 -0.0283272 -0.0236799 -0.0195106 -0.0158366 -0.0127397 -0.0101556 -0.00808734 -0.00643871 -0.00515426 -0.00417336 -0.00341735 -0.00287737 -0.00246533 -0.00220142 -0.00200089 -0.0018898 -0.0018045 -0.00176226 -0.00173172 -0.00171249 -0.00170585 -0.00169075 -0.0016946 -0.00167851 -0.00168713 -0.00167004 -0.00168054 -0.00166371 -0.00167436 -0.00165889 -0.00166867 -0.00165523 -0.00166364 -0.00165248 -0.0016594 -0.00165043 -0.00165605 -0.00164898 -0.00165364 -0.00164804 -0.00165219 -0.00164758 -0.0016517 -0.00164758 -0.00165219 -0.00164804 -0.00165364 -0.00164898 -0.00165605 -0.00165043 -0.0016594 -0.00165248 -0.00166364 -0.00165523 -0.00166867 -0.00165889 -0.00167435 -0.00166368 -0.00168047 -0.00166985 -0.00168664 -0.00167732 -0.00169181 -0.00168444 -0.00169213 -0.0016838 -0.00167414 -0.00165126 -0.00159912 -0.00152498 -0.0013785 -0.00118069 -0.000853463 -0.000420723 0.000207683 0.00102517 0.00212023 0.0035313 0.00533277 0.00760964 0.0103874 0.0137432 0.0176182 0.0220267 0.0268541 0.0320311 0.037413 0.042794 0.0479665 0.052603 0.0564784 0.0592902 0.0608376 0.0609321 0.0594278 0.0563404 0.0516795 0.0456097 0.0382722 0.0298986 0.0208361 0.0113943 0.00194095 -0.00727877 -0.0159878 -0.0238832 -0.0307892 -0.0365516 -0.0411432 -0.044531 -0.0466905 -0.0477445 -0.0477978 -0.0469897 -0.0454783 -0.0433922 -0.0409218 -0.038211 -0.035372 -0.0325373 -0.0297771 -0.0271662 -0.0247725 -0.0225846 -0.0206153 -0.018904 -0.0174103 -0.016092 -0.0149803 -0.0140637 -0.0132715 -0.0125894 -0.0120274 -0.0115627 -0.011175 -0.0108452 -0.0105621 -0.0103392 -0.0101746 -0.0100465 -0.0099394 -0.00985027 
0 0.000385574 0.000764198 0.00115237 0.00157215 0.00199527 0.00242323 0.00292 0.00346529 0.00402365 0.00466942 0.00542099 0.00623166 0.00715701 0.00826253 0.00953365 0.0109699 0.0126187 0.0145165 0.0166408 0.0189766 0.0215591 0.024357 0.0272749 0.0302552 0.0332324 0.0360672 0.0385951 0.040687 0.042197 0.0429526 0.0428069 0.041622 0.039308 0.0358093 0.0310974 0.0252217 0.0182396 0.0103007 0.00163652 -0.00753417 -0.0169346 -0.0263012 -0.0352961 -0.0435609 -0.0508411 -0.0568872 -0.0615531 -0.0646825 -0.0661908 -0.0661285 -0.0645791 -0.0617675 -0.0578821 -0.0531907 -0.04797 -0.0424738 -0.0369851 -0.031656 -0.0266786 -0.022126 -0.0180968 -0.0146319 -0.0117218 -0.00936693 -0.00746568 -0.00599588 -0.00483813 -0.00397258 -0.00331449 -0.00283849 -0.00250365 -0.00226562 -0.00212208 -0.00201281 -0.00196529 -0.00191531 -0.00190624 -0.00188051 -0.00188199 -0.00186692 -0.00186807 -0.00185952 -0.0018571 -0.00185382 -0.00184749 -0.00184867 -0.0018391 -0.00184391 -0.00183201 -0.00183958 -0.00182624 -0.00183582 -0.00182175 -0.00183276 -0.00181848 -0.00183049 -0.00181635 -0.0018291 -0.0018153 -0.00182863 -0.0018153 -0.0018291 -0.00181635 -0.00183049 -0.00181848 -0.00183276 -0.00182175 -0.00183582 -0.00182624 -0.00183958 -0.00183201 -0.00184391 -0.0018391 -0.00184866 -0.00184745 -0.00185369 -0.00185678 -0.00185873 -0.00186617 -0.00186255 -0.00187232 -0.00185995 -0.00186422 -0.00183284 -0.00180983 -0.00173145 -0.00163305 -0.00144873 -0.0011906 -0.00080351 -0.000265268 0.000460214 0.00143865 0.00269517 0.00434036 0.00639926 0.00898946 0.0121166 0.0158289 0.0200904 0.0248447 0.0300288 0.0354894 0.0411069 0.04662 0.0518086 0.0563806 0.0600804 0.0626868 0.0639499 0.0637344 0.0619084 0.0585081 0.0536195 0.0473612 0.039924 0.0314967 0.0224075 0.0129657 0.00346231 -0.00582507 -0.0146726 -0.0228118 -0.030059 -0.036281 -0.0413721 -0.0453086 -0.048079 -0.0497274 -0.050329 -0.0499889 -0.0488762 -0.0471279 -0.0448639 -0.0422505 -0.0394552 -0.0365778 -0.0336865 -0.0308915 -0.0282791 -0.025858 -0.0236363 -0.0216646 -0.0199597 -0.0184532 -0.0171262 -0.0160253 -0.015094 -0.0142695 -0.0135878 -0.0130323 -0.0125566 -0.0121707 -0.0118548 -0.0115857 -0.0113709 -0.0111903 -0.0110549 -0.0109931 
0 0.000435483 0.000861507 0.00130286 0.00177532 0.00226637 0.00278293 0.00333451 0.00392902 0.00461497 0.00539438 0.00623166 0.00719039 0.00832053 0.00959683 0.0110539 0.012722 0.0146119 0.0167644 0.019139 0.0217138 0.024529 0.0274955 0.0305095 0.033535 0.0364655 0.0391518 0.0414311 0.0431679 0.0442553 0.0445073 0.0437692 0.041985 0.0390973 0.0350624 0.029878 0.0236052 0.0163686 0.00830669 -0.000406724 -0.00954631 -0.018876 -0.0281348 -0.0370281 -0.0452671 -0.052579 -0.0587572 -0.0636283 -0.0670259 -0.0688611 -0.0691106 -0.0678784 -0.0653293 -0.0616547 -0.0570965 -0.0518852 -0.0463126 -0.0406237 -0.0350475 -0.0297601 -0.0248736 -0.0205029 -0.0166789 -0.0134517 -0.0107811 -0.00863419 -0.0069361 -0.0056081 -0.00459713 -0.00382052 -0.00326013 -0.00284113 -0.0025621 -0.0023614 -0.00223914 -0.00215596 -0.0021063 -0.00207752 -0.00205447 -0.00204804 -0.00203229 -0.00203458 -0.0020203 -0.00202593 -0.00201233 -0.00201893 -0.00200648 -0.00201288 -0.00200208 -0.00200764 -0.00199873 -0.00200323 -0.00199621 -0.00199967 -0.00199435 -0.00199699 -0.00199307 -0.00199519 -0.00199231 -0.00199429 -0.00199206 -0.00199429 -0.00199231 -0.00199519 -0.00199307 -0.00199699 -0.00199435 -0.00199967 -0.00199621 -0.00200323 -0.00199873 -0.00200764 -0.00200207 -0.00201287 -0.00200645 -0.00201885 -0.00201212 -0.0020254 -0.00201903 -0.00203159 -0.00202557 -0.0020335 -0.00202422 -0.00201705 -0.00199017 -0.00194179 -0.0018598 -0.00171577 -0.00150521 -0.00117445 -0.000722146 -7.69552e-05 0.000771394 0.00190664 0.00336872 0.00524616 0.00760843 0.0105116 0.0140074 0.0180721 0.0226974 0.0277874 0.0332647 0.0389732 0.0447246 0.0502859 0.0553783 0.0597676 0.0631995 0.0654769 0.0663954 0.0658066 0.0636611 0.059987 0.0549106 0.0485624 0.0411145 0.032788 0.0238353 0.0145369 0.00514588 -0.00408835 -0.0129258 -0.0211761 -0.0286724 -0.0352576 -0.0408096 -0.0452638 -0.0486323 -0.0509278 -0.0521459 -0.0523849 -0.0517901 -0.0504776 -0.0485609 -0.0461653 -0.0434795 -0.0406379 -0.0376904 -0.0347713 -0.0319865 -0.0293557 -0.026927 -0.0247155 -0.0227383 -0.0210212 -0.0195041 -0.0181702 -0.0170526 -0.0161117 -0.0153118 -0.0146317 -0.014048 -0.0135812 -0.0132101 -0.0128844 -0.0126204 -0.012426 -0.0122776 -0.0121725 
0 0.00046712 0.00097855 0.00149662 0.00200236 0.00255393 0.00316733 0.00380489 0.00450247 0.00530346 0.00617595 0.00715701 0.00832053 0.00963323 0.0110965 0.0127806 0.0146937 0.016842 0.0192258 0.0218242 0.0246486 0.0276332 0.0306868 0.0337655 0.0367493 0.0395221 0.0419583 0.0438703 0.0451658 0.0457222 0.045361 0.044004 0.0415963 0.0381308 0.033597 0.0279808 0.0214129 0.0140249 0.00593912 -0.0026871 -0.011684 -0.0207987 -0.0298043 -0.0384756 -0.0465577 -0.0538279 -0.0600586 -0.0650759 -0.068723 -0.0708746 -0.0715005 -0.0706459 -0.0684508 -0.0650843 -0.0607421 -0.0556549 -0.0500755 -0.0442765 -0.0384997 -0.0329432 -0.0277565 -0.0230446 -0.0188837 -0.0153116 -0.0123286 -0.00990124 -0.00796309 -0.00644552 -0.00526958 -0.00437605 -0.00370688 -0.00321845 -0.00287303 -0.00263349 -0.0024777 -0.00237348 -0.00231278 -0.00227064 -0.00224929 -0.00223131 -0.00222307 -0.00221376 -0.00220876 -0.00220308 -0.00219832 -0.00219485 -0.00218966 -0.00218793 -0.00218235 -0.00218207 -0.00217629 -0.0021772 -0.00217143 -0.0021733 -0.00216771 -0.00217037 -0.0021651 -0.00216841 -0.00216355 -0.00216744 -0.00216304 -0.00216744 -0.00216355 -0.00216841 -0.0021651 -0.00217037 -0.00216771 -0.0021733 -0.00217143 -0.0021772 -0.00217629 -0.00218207 -0.00218234 -0.00218791 -0.00218961 -0.00219471 -0.00219797 -0.00220224 -0.00220675 -0.00220916 -0.00221293 -0.00220982 -0.00220555 -0.00218505 -0.00215192 -0.00208305 -0.00197392 -0.00179328 -0.00152396 -0.00112902 -0.000576882 0.000174492 0.00117586 0.00248276 0.00417054 0.0063093 0.00897554 0.0122166 0.0160546 0.0204723 0.0254167 0.0308078 0.0365238 0.0423991 0.0482151 0.0537125 0.0586353 0.0627414 0.0658266 0.0677013 0.0681995 0.0672229 0.0647434 0.0608376 0.0556165 0.0492297 0.0418688 0.0337338 0.0250614 0.016045 0.00690524 -0.00211665 -0.0108266 -0.0190471 -0.0266691 -0.0335324 -0.0394731 -0.04444 -0.0483924 -0.0513298 -0.0532333 -0.0541202 -0.0541304 -0.0533449 -0.0518637 -0.0498357 -0.0473706 -0.044634 -0.0417487 -0.0387879 -0.0358737 -0.033073 -0.0304437 -0.028027 -0.0257958 -0.0238075 -0.0220959 -0.0205715 -0.0192352 -0.018125 -0.0171761 -0.0163585 -0.0156901 -0.0151265 -0.0146338 -0.0142497 -0.0139752 -0.0137455 -0.0135489 -0.0134166 
0 0.000564235 0.00110443 0.00167452 0.00228174 0.00290395 0.00358096 0.00433913 0.00516861 0.00607884 0.00709677 0.00826253 0.00959683 0.0110965 0.0127923 0.0147262 0.0169068 0.0193026 0.0218941 0.0247203 0.0277293 0.0307939 0.0338954 0.0369547 0.0397988 0.0423234 0.044383 0.0458463 0.0466101 0.0465149 0.0454973 0.0434959 0.0404632 0.0364522 0.0314403 0.0254881 0.018733 0.0112802 0.00328884 -0.00515388 -0.0138774 -0.0226466 -0.031301 -0.0396294 -0.0474759 -0.0546205 -0.0608325 -0.0659581 -0.0698075 -0.0722904 -0.0733173 -0.0728978 -0.0711343 -0.0681374 -0.0641085 -0.0592186 -0.053729 -0.0478973 -0.0419796 -0.0362139 -0.0307478 -0.0257338 -0.0212354 -0.0173293 -0.014021 -0.0112953 -0.00910478 -0.00736665 -0.00602273 -0.00498221 -0.00420687 -0.00362596 -0.00321483 -0.0029235 -0.00272932 -0.00260236 -0.00252026 -0.00247262 -0.00243868 -0.0024229 -0.0024062 -0.00240107 -0.00238996 -0.00238774 -0.00237887 -0.00237719 -0.00236985 -0.00236811 -0.00236221 -0.00236033 -0.00235579 -0.00235385 -0.00235057 -0.00234869 -0.00234653 -0.00234484 -0.00234365 -0.0023423 -0.00234193 -0.00234103 -0.00234136 -0.00234103 -0.00234193 -0.0023423 -0.00234365 -0.00234484 -0.00234653 -0.00234869 -0.00235057 -0.00235385 -0.00235579 -0.00236032 -0.0023622 -0.00236808 -0.00236977 -0.00237697 -0.00237831 -0.00238641 -0.00238685 -0.00239409 -0.00239115 -0.00239169 -0.00237645 -0.00235342 -0.00230087 -0.0022144 -0.00206984 -0.00184479 -0.00151437 -0.00103654 -0.000386306 0.000499397 0.00165463 0.00316671 0.00508939 0.00751581 0.0104979 0.0140771 0.0182602 0.0229994 0.0282494 0.0338849 0.039792 0.0457538 0.0515446 0.0568964 0.0615495 0.0653081 0.0679567 0.0693678 0.0693936 0.0679972 0.0652054 0.0610829 0.0557798 0.0494136 0.0422122 0.0343698 0.0260592 0.017458 0.00869534 8.90768e-06 -0.00844484 -0.016545 -0.0241575 -0.0311867 -0.0374508 -0.0428704 -0.0473964 -0.0509457 -0.0535363 -0.0551464 -0.0558128 -0.0556366 -0.0546908 -0.0531262 -0.0510337 -0.0485113 -0.045764 -0.0428766 -0.0399023 -0.0369723 -0.0341731 -0.0315527 -0.0291207 -0.0268947 -0.0249311 -0.0232085 -0.0216783 -0.0203487 -0.0192143 -0.0182556 -0.017455 -0.0167825 -0.0162269 -0.0157762 -0.0154001 -0.015097 -0.0148809 -0.0147442 
0 0.000636502 0.00124437 0.00189311 0.00258905 0.00331176 0.00410404 0.00496379 0.00589297 0.00696191 0.00818273 0.00953365 0.0110539 0.0127806 0.0147262 0.0169089 0.019322 0.0219395 0.0247682 0.0277885 0.0308942 0.0340052 0.0370744 0.0399821 0.0425807 0.0447291 0.0463224 0.0472711 0.0474022 0.0466234 0.0449315 0.0422679 0.0386458 0.0340927 0.0286601 0.0224777 0.0156173 0.00822291 0.000416023 -0.00773108 -0.0160388 -0.0243779 -0.032577 -0.0405023 -0.0480502 -0.0549892 -0.0611517 -0.0663249 -0.0703645 -0.0731688 -0.074602 -0.0746693 -0.0733635 -0.0708111 -0.0671478 -0.0625354 -0.0572254 -0.0514307 -0.0454639 -0.0395288 -0.0338455 -0.0285512 -0.0237419 -0.0195147 -0.0158699 -0.0128488 -0.0103703 -0.00840884 -0.00686001 -0.00566717 -0.00476049 -0.00407629 -0.00358839 -0.00322777 -0.00299651 -0.00282566 -0.00273227 -0.00265848 -0.00262609 -0.00259547 -0.00258396 -0.00257132 -0.00256426 -0.00255981 -0.00255208 -0.00255223 -0.00254298 -0.00254613 -0.00253573 -0.00254091 -0.00252992 -0.00253646 -0.00252537 -0.00253279 -0.00252194 -0.00252997 -0.00251954 -0.00252806 -0.00251812 -0.00252709 -0.00251765 -0.00252709 -0.00251812 -0.00252806 -0.00251954 -0.00252997 -0.00252194 -0.00253279 -0.00252537 -0.00253646 -0.00252992 -0.00254091 -0.00253571 -0.00254608 -0.00254284 -0.00255187 -0.0025512 -0.00255773 -0.00255952 -0.00256092 -0.00256199 -0.00255084 -0.00253896 -0.00249501 -0.00243752 -0.00231482 -0.00214489 -0.00186046 -0.00147008 -0.000901175 -0.000140813 0.000881633 0.00221849 0.00393674 0.00613096 0.00884404 0.0121669 0.0160768 0.0206001 0.0256486 0.0311646 0.0370194 0.0430387 0.0490291 0.0546952 0.0598203 0.0641261 0.067449 0.0696105 0.0704775 0.0700081 0.0681672 0.0650697 0.060775 0.0554227 0.0491728 0.0421957 0.0347256 0.0268601 0.0187414 0.0104842 0.00221745 -0.00588849 -0.0137724 -0.0212952 -0.0283488 -0.0348432 -0.0406344 -0.0456518 -0.0497927 -0.0530294 -0.0553814 -0.0567855 -0.0572849 -0.0569839 -0.0559705 -0.0543417 -0.052179 -0.049643 -0.046891 -0.0439818 -0.0410135 -0.0381054 -0.0353168 -0.0326968 -0.0302781 -0.0280597 -0.0260683 -0.0243382 -0.0228268 -0.0214929 -0.0203622 -0.0194097 -0.0185969 -0.0179456 -0.0174065 -0.0169303 -0.0165856 -0.0163535 -0.0161504 
0 0.000681183 0.00141124 0.00217453 0.00295145 0.00378055 0.00468942 0.00567766 0.0067781 0.00801846 0.00940751 0.0109699 0.012722 0.0146937 0.0169068 0.019322 0.0219409 0.0247946 0.0278183 0.0309294 0.0340772 0.0371721 0.040106 0.0427633 0.0449967 0.0466818 0.0477387 0.0480488 0.0474846 0.0460087 0.0436236 0.0403381 0.0361601 0.031132 0.0253979 0.0190634 0.0122078 0.00495669 -0.0026016 -0.0103403 -0.0181654 -0.025987 -0.033667 -0.0411484 -0.0483033 -0.0549869 -0.0610248 -0.0662051 -0.0704239 -0.073519 -0.075393 -0.0759558 -0.075166 -0.0731146 -0.06987 -0.0656276 -0.0605518 -0.0548948 -0.0489292 -0.0428867 -0.0370251 -0.0314661 -0.0263802 -0.0218175 -0.0178588 -0.0145124 -0.0117489 -0.00953881 -0.00777336 -0.00642132 -0.00536302 -0.00458553 -0.00399536 -0.00358311 -0.00328897 -0.00309147 -0.00296629 -0.00287788 -0.00283523 -0.00279282 -0.00278403 -0.00275801 -0.00276067 -0.00274055 -0.0027459 -0.00272915 -0.00273406 -0.00272045 -0.00272392 -0.00271349 -0.00271531 -0.00270793 -0.00270828 -0.0027036 -0.00270284 -0.00270041 -0.00269898 -0.00269831 -0.00269668 -0.00269727 -0.00269592 -0.00269727 -0.00269668 -0.00269831 -0.00269898 -0.00270041 -0.00270284 -0.0027036 -0.00270828 -0.00270793 -0.00271531 -0.00271348 -0.00272388 -0.00272036 -0.00273383 -0.00272858 -0.00274453 -0.00273738 -0.00275358 -0.00274276 -0.00275248 -0.00273003 -0.00271511 -0.002657 -0.0025759 -0.00242792 -0.00220331 -0.0018706 -0.00138522 -0.000730221 0.000174829 0.00134332 0.00288978 0.00484074 0.00731803 0.0103493 0.0139965 0.0182534 0.0230756 0.0284203 0.0341479 0.0401633 0.046228 0.0521423 0.0576179 0.0624113 0.0663212 0.0691408 0.0707722 0.0710816 0.07009 0.0678389 0.0644316 0.0600037 0.0546438 0.0485508 0.0418759 0.0347965 0.027433 0.0198472 0.0121624 0.00443098 -0.0032568 -0.0108116 -0.0181454 -0.0251324 -0.0317231 -0.0378091 -0.0432399 -0.0479219 -0.0517927 -0.0548336 -0.056992 -0.0582327 -0.0586257 -0.0582488 -0.0571691 -0.0554881 -0.0533186 -0.0507819 -0.0480186 -0.0451334 -0.0421878 -0.039277 -0.0364983 -0.033891 -0.0314691 -0.0292497 -0.0272722 -0.0255453 -0.024021 -0.0226997 -0.0215866 -0.02062 -0.0197988 -0.0191556 -0.0186446 -0.0182301 -0.0179099 -0.0176733 
0 0.000816391 0.00163102 0.00246535 0.00336438 0.00433014 0.00536233 0.00652608 0.00783128 0.00924164 0.0108217 0.0126187 0.0146119 0.016842 0.0193026 0.0219395 0.0247946 0.0278411 0.0309572 0.0340989 0.0372123 0.0401848 0.042887 0.0451741 0.0469521 0.0481154 0.0485294 0.0481251 0.0468445 0.0446611 0.0416179 0.0377386 0.0330589 0.0276793 0.0217351 0.0153481 0.00859478 0.00155478 -0.00564931 -0.0129162 -0.0201974 -0.0274389 -0.0345855 -0.0415647 -0.0482905 -0.054665 -0.0605177 -0.0656945 -0.0700455 -0.0734294 -0.075725 -0.0767817 -0.0765471 -0.075013 -0.0722629 -0.0684341 -0.0636776 -0.0582372 -0.0523384 -0.0462715 -0.0402581 -0.034496 -0.0291378 -0.0242707 -0.0199965 -0.0163178 -0.0132666 -0.0107721 -0.00879276 -0.00723854 -0.00603688 -0.00513084 -0.00444443 -0.00395924 -0.00359971 -0.00337013 -0.00320113 -0.00310723 -0.00303504 -0.00300027 -0.00297091 -0.00295593 -0.00294433 -0.00293336 -0.00292982 -0.00291818 -0.0029192 -0.00290629 -0.00291032 -0.00289662 -0.00290276 -0.00288888 -0.00289648 -0.0028829 -0.00289153 -0.00287855 -0.00288797 -0.00287571 -0.00288582 -0.0028743 -0.0028851 -0.0028743 -0.00288582 -0.00287571 -0.00288797 -0.00287855 -0.00289153 -0.0028829 -0.00289648 -0.00288888 -0.00290275 -0.0028966 -0.00291027 -0.00290614 -0.00291884 -0.0029173 -0.00292773 -0.00292859 -0.00293389 -0.00293393 -0.00292629 -0.00291324 -0.00287184 -0.00281301 -0.00269109 -0.00251932 -0.00223236 -0.00183823 -0.00126071 -0.000491662 0.000549138 0.0019034 0.0036524 0.00587611 0.00863353 0.0120016 0.01597 0.020556 0.025672 0.031261 0.037182 0.0432767 0.0493336 0.0550819 0.0602877 0.0646895 0.0681228 0.0704134 0.0714576 0.0712118 0.0696986 0.0670465 0.0633663 0.0588062 0.0534975 0.0475962 0.0412725 0.0346333 0.0277806 0.0207827 0.0136992 0.00656387 -0.000616399 -0.00777534 -0.0148148 -0.0216588 -0.0282459 -0.0344896 -0.0402523 -0.0453976 -0.0498498 -0.0535408 -0.0564002 -0.0584106 -0.0595581 -0.0598668 -0.0594289 -0.0583267 -0.056647 -0.0544763 -0.0519393 -0.0492042 -0.0463313 -0.043379 -0.0404943 -0.0377348 -0.0351286 -0.0327347 -0.030536 -0.0285441 -0.0268084 -0.0252921 -0.0239669 -0.0228482 -0.0219124 -0.0211324 -0.0204964 -0.0199847 -0.0195972 -0.0193385 
