0 0 0 0 0 0 0 0 0 0 0 0 0 0 0 0 0 0 0 0 0 0 0 0 0 0 0 0 0 0 0 0 0 0 0 0 0 0 0 0 0 0 0 0 0 0 0 0 0 0 0 0 0 0 0 0 0 0 0 0 0 0 0 0 0 0 0 0 0 0 0 0 0 0 0 0 0 0 0 0 0 0 0 0 0 0 0 0 0 0 0 0 0 0 0 0 0 0 0 0 0 0 0 0 0 0 0 0 0 0 0 0 0 0 0 0 0 0 0 0 0 0 0 0 0 0 0 0 0 0 0 0 0 0 0 0 0 0 0 0 0 0 0 0 0 0 0 0 0 0 0 0 0 0 0 0 0 0 0 0 0 0 0 0 0 0 0 0 0 0 0 0 0 0 0 0 0 0 0 0 0 0 0 0 0 0 0 0 0 0 0 0 0 0 0 0 0 0 0 0 
0 -0.00134864 -0.00260646 -0.00378111 -0.00493916 -0.0060864 -0.00713705 -0.00800978 -0.00871174 -0.00930307 -0.00980707 -0.0101852 -0.0103863 -0.0103977 -0.0102525 -0.010004 -0.00968945 -0.00931455 -0.0088688 -0.00835005 -0.00777409 -0.00717012 -0.00656963 -0.00599428 -0.0054525 -0.00494513 -0.00447136 -0.00403249 -0.00363314 -0.00327799 -0.00296832 -0.00270141 -0.00247083 -0.00226868 -0.00208866 -0.00192695 -0.00178236 -0.00165554 -0.00154697 -0.00145604 -0.00138069 -0.00131735 -0.00126217 -0.00121171 -0.00116355 -0.00111687 -0.00107188 -0.00102959 -0.000991269 -0.000957725 -0.000929313 -0.000905615 -0.000885674 -0.000868296 -0.000852138 -0.000836188 -0.000819711 -0.000802413 -0.000784426 -0.00076608 -0.000747975 -0.00073065 -0.00071463 -0.000700285 -0.000687772 -0.000677143 -0.000668206 -0.000660749 -0.000654424 -0.000648906 -0.000643878 -0.000639048 -0.000634231 -0.000629245 -0.000624046 -0.000618575 -0.000612885 -0.000607008 -0.000601033 -0.000595043 -0.000589118 -0.000583355 -0.0005778 -0.00057254 -0.000567586 -0.000563 -0.000558767 -0.000554927 -0.000551444 -0.000548341 -0.000545578 -0.00054316 -0.00054105 -0.000539247 -0.000537718 -0.000536459 -0.000535447 -0.000534675 -0.000534128 -0.000533805 -0.000533696 -0.000533805 -0.000534128 -0.000534675 -0.000535447 -0.000536459 -0.000537718 -0.000539247 -0.00054105 -0.00054316 -0.000545578 -0.000548341 -0.000551444 -0.000554927 -0.000558767 -0.000563 -0.000567586 -0.00057254 -0.0005778 -0.000583355 -0.000589118 -0.000595043 -0.000601033 -0.000607008 -0.000612885 -0.000618575 -0.000624046 -0.000629245 -0.000634231 -0.000639048 -0.000643878 -0.000648906 -0.000654424 -0.000660749 -0.000668206 -0.000677143 -0.000687772 -0.000700285 -0.00071463 -0.00073065 -0.000747975 -0.00076608 -0.000784426 -0.000802413 -0.000819711 -0.000836188 -0.000852138 -0.000868296 -0.000885674 -0.000905615 -0.000929313 -0.000957725 -0.000991269 -0.00102959 -0.00107188 -0.00111687 -0.00116355 -0.00121171 -0.00126217 -0.00131735 -0.00138069 -0.00145604 -0.00154696 -0.00165554 -0.00178235 -0.00192694 -0.00208862 -0.00226855 -0.00247045 -0.00270039 -0.00296573 -0.00327181 -0.00361925 -0.00400304 -0.00441256 -0.00483465 -0.00525727 -0.00566974 -0.00606156 -0.0064188 -0.00671837 -0.00692658 -0.00700206 -0.00689825 -0.00656885 -0.00597491 -0.00508762 -0.00389106 -0.00238644 -0.000587891 0.00148455 0.00379847 0.00629737 0.00890109 0.0115106 0.0140102 0.0162842 0.0182419 0.0198145 0.0209251 
0 -0.00260646 -0.00512469 -0.0075374 -0.00986163 -0.0120649 -0.0140619 -0.0157886 -0.0172435 -0.0184502 -0.019408 -0.0200869 -0.0204558 -0.0205113 -0.0202881 -0.0198431 -0.0192249 -0.0184618 -0.0175707 -0.0165683 -0.0154781 -0.0143337 -0.0131737 -0.0120338 -0.0109434 -0.00992332 -0.00898444 -0.0081299 -0.00735804 -0.00666395 -0.00604258 -0.00548985 -0.00500179 -0.00457468 -0.00420403 -0.00388372 -0.00360703 -0.00336686 -0.0031565 -0.00297081 -0.00280594 -0.00265931 -0.00252942 -0.0024148 -0.00231404 -0.00222542 -0.00214679 -0.00207613 -0.00201141 -0.00195108 -0.00189418 -0.00184011 -0.00178891 -0.00174074 -0.0016959 -0.00165466 -0.00161703 -0.00158294 -0.00155201 -0.00152378 -0.00149774 -0.00147329 -0.00145005 -0.00142758 -0.00140571 -0.00138429 -0.00136333 -0.00134293 -0.00132317 -0.00130424 -0.00128623 -0.00126929 -0.00125347 -0.00123881 -0.00122532 -0.00121294 -0.00120164 -0.0011913 -0.00118189 -0.00117325 -0.00116534 -0.00115805 -0.00115132 -0.00114508 -0.00113929 -0.0011339 -0.00112888 -0.00112423 -0.0011199 -0.00111592 -0.00111225 -0.00110893 -0.00110593 -0.00110328 -0.00110096 -0.001099 -0.00109737 -0.00109612 -0.00109521 -0.00109468 -0.00109448 -0.00109468 -0.00109521 -0.00109612 -0.00109737 -0.001099 -0.00110096 -0.00110328 -0.00110593 -0.00110893 -0.00111225 -0.00111592 -0.0011199 -0.00112423 -0.00112888 -0.0011339 -0.00113929 -0.00114508 -0.00115132 -0.00115805 -0.00116534 -0.00117325 -0.00118189 -0.0011913 -0.00120164 -0.00121294 -0.00122532 -0.00123881 -0.00125347 -0.00126929 -0.00128623 -0.00130424 -0.00132317 -0.00134293 -0.00136333 -0.00138429 -0.00140571 -0.00142758 -0.00145005 -0.00147329 -0.00149774 -0.00152378 -0.00155201 -0.00158294 -0.00161703 -0.00165466 -0.0016959 -0.00174074 -0.00178891 -0.00184011 -0.00189418 -0.00195108 -0.00201141 -0.00207613 -0.00214679 -0.00222542 -0.00231404 -0.0024148 -0.00252942 -0.00265931 -0.00280594 -0.00297081 -0.0031565 -0.00336686 -0.00360702 -0.00388368 -0.0042039 -0.00457431 -0.00500078 -0.00548722 -0.00603612 -0.00664897 -0.00732526 -0.00806222 -0.00885262 -0.00968131 -0.0105246 -0.0113504 -0.0121199 -0.0127925 -0.0133262 -0.0136716 -0.0137649 -0.0135219 -0.0128412 -0.0116272 -0.00981856 -0.00740079 -0.00439603 -0.000839352 0.00323931 0.00779621 0.0127258 0.0178443 0.022934 0.0277932 0.0322394 0.0360879 0.0391552 0.0412854 
0 -0.00378111 -0.0075374 -0.0111945 -0.0146437 -0.0178066 -0.0206635 -0.0232094 -0.0254039 -0.0271912 -0.0285476 -0.0294818 -0.0300039 -0.0301228 -0.0298642 -0.0292718 -0.0283982 -0.0272976 -0.0260163 -0.0245874 -0.0230418 -0.0214176 -0.0197585 -0.0181118 -0.0165233 -0.0150271 -0.0136429 -0.012378 -0.0112297 -0.0101908 -0.00925503 -0.0084169 -0.00767236 -0.00701785 -0.00644724 -0.00595238 -0.00552372 -0.00515041 -0.00482303 -0.00453392 -0.00427713 -0.00404915 -0.00384721 -0.00366891 -0.0035121 -0.00337376 -0.00325095 -0.00314064 -0.00303988 -0.0029467 -0.00285944 -0.00277731 -0.00270012 -0.00262773 -0.00256049 -0.00249835 -0.0024413 -0.00238911 -0.00234121 -0.00229717 -0.00225622 -0.00221784 -0.00218147 -0.00214668 -0.00211327 -0.00208097 -0.00204985 -0.00201985 -0.0019911 -0.00196368 -0.00193764 -0.00191311 -0.00189005 -0.00186856 -0.0018485 -0.00182992 -0.00181267 -0.0017967 -0.00178191 -0.00176819 -0.00175548 -0.00174364 -0.00173268 -0.00172244 -0.00171296 -0.00170411 -0.00169594 -0.00168834 -0.00168137 -0.00167494 -0.00166912 -0.00166383 -0.00165911 -0.00165494 -0.00165134 -0.00164828 -0.00164578 -0.00164384 -0.00164245 -0.00164161 -0.00164133 -0.00164161 -0.00164245 -0.00164384 -0.00164578 -0.00164828 -0.00165134 -0.00165494 -0.00165911 -0.00166383 -0.00166912 -0.00167494 -0.00168137 -0.00168834 -0.00169594 -0.00170411 -0.00171296 -0.00172244 -0.00173268 -0.00174364 -0.00175548 -0.00176819 -0.00178191 -0.0017967 -0.00181267 -0.00182992 -0.0018485 -0.00186856 -0.00189005 -0.00191311 -0.00193764 -0.00196368 -0.0019911 -0.00201985 -0.00204985 -0.00208097 -0.00211327 -0.00214668 -0.00218147 -0.00221784 -0.00225622 -0.00229717 -0.00234121 -0.00238911 -0.0024413 -0.00249835 -0.00256049 -0.00262773 -0.00270012 -0.00277731 -0.00285944 -0.0029467 -0.00303988 -0.00314064 -0.00325095 -0.00337376 -0.0035121 -0.00366891 -0.00384721 -0.00404915 -0.00427713 -0.00453392 -0.00482302 -0.0051504 -0.00552369 -0.00595228 -0.00644694 -0.007017 -0.00767011 -0.00841129 -0.00924177 -0.0101613 -0.0111674 -0.0122537 -0.0134091 -0.0146117 -0.0158255 -0.0170027 -0.018085 -0.0190083 -0.0197076 -0.0201095 -0.0201199 -0.0196222 -0.0184835 -0.0165786 -0.0138266 -0.0102068 -0.00573993 -0.000466329 0.00555506 0.0122302 0.0193963 0.0268027 0.0341514 0.0411639 0.0475849 0.0531379 0.0575364 0.0605624 
0 -0.00493916 -0.00986163 -0.0146437 -0.0191162 -0.0231962 -0.0268899 -0.0301833 -0.0330011 -0.035276 -0.0369985 -0.038188 -0.0388618 -0.0390413 -0.0387601 -0.0380644 -0.0370155 -0.0356776 -0.034099 -0.032319 -0.0303849 -0.0283511 -0.0262752 -0.024214 -0.022213 -0.0203027 -0.0185055 -0.0168363 -0.0153033 -0.0139118 -0.012661 -0.0115435 -0.0105497 -0.00966751 -0.0088846 -0.00819195 -0.00758139 -0.00704591 -0.00657948 -0.0061742 -0.00582196 -0.00551438 -0.00524266 -0.00500007 -0.00478104 -0.00458172 -0.00440039 -0.00423549 -0.00408647 -0.00395255 -0.00383224 -0.00372424 -0.0036263 -0.00353648 -0.00345297 -0.003374 -0.00329881 -0.00322655 -0.00315721 -0.00309095 -0.00302795 -0.00296878 -0.00291344 -0.00286232 -0.00281521 -0.00277198 -0.00273235 -0.00269576 -0.00266195 -0.00263026 -0.00260049 -0.00257211 -0.00254497 -0.00251884 -0.00249355 -0.00246916 -0.00244551 -0.0024228 -0.00240088 -0.00238 -0.00236004 -0.0023412 -0.00232342 -0.00230677 -0.00229125 -0.00227685 -0.00226361 -0.00225142 -0.00224038 -0.00223031 -0.00222133 -0.00221325 -0.0022062 -0.00219999 -0.00219474 -0.00219027 -0.00218672 -0.0021839 -0.00218197 -0.00218075 -0.0021804 -0.00218075 -0.00218197 -0.0021839 -0.00218672 -0.00219027 -0.00219474 -0.00219999 -0.0022062 -0.00221325 -0.00222133 -0.00223031 -0.00224038 -0.00225142 -0.00226361 -0.00227685 -0.00229125 -0.00230677 -0.00232342 -0.0023412 -0.00236004 -0.00238 -0.00240088 -0.0024228 -0.00244551 -0.00246916 -0.00249355 -0.00251884 -0.00254497 -0.00257211 -0.00260049 -0.00263026 -0.00266195 -0.00269576 -0.00273235 -0.00277198 -0.00281521 -0.00286232 -0.00291344 -0.00296878 -0.00302795 -0.00309095 -0.00315721 -0.00322655 -0.00329881 -0.003374 -0.00345297 -0.00353648 -0.0036263 -0.00372424 -0.00383224 -0.00395255 -0.00408647 -0.00423549 -0.00440039 -0.00458172 -0.00478104 -0.00500007 -0.00524266 -0.00551438 -0.00582196 -0.00617419 -0.00657947 -0.00704588 -0.00758131 -0.00819171 -0.00888391 -0.00966566 -0.0105451 -0.0115323 -0.0126356 -0.0138575 -0.0151935 -0.0166261 -0.0181251 -0.0196514 -0.0211559 -0.0225835 -0.0238741 -0.0249535 -0.0257274 -0.0260802 -0.0258728 -0.0249576 -0.023204 -0.0205079 -0.0167916 -0.0120083 -0.00614081 0.000783439 0.00865394 0.0172692 0.0263848 0.0357444 0.0450513 0.053949 0.0620562 0.0690139 0.0745112 0.0783025 
0 -0.0060864 -0.0120649 -0.0178066 -0.0231962 -0.0281613 -0.0326424 -0.0365692 -0.0398871 -0.0425736 -0.0446187 -0.0460254 -0.04683 -0.0470835 -0.0468231 -0.0460878 -0.0449373 -0.0434359 -0.0416421 -0.039617 -0.0374187 -0.0350996 -0.0327167 -0.0303271 -0.0279769 -0.0257063 -0.0235482 -0.0215231 -0.0196454 -0.0179241 -0.0163583 -0.014944 -0.0136743 -0.0125379 -0.0115252 -0.0106267 -0.00983144 -0.00913102 -0.00851568 -0.00797529 -0.00750138 -0.00708423 -0.00671574 -0.00638922 -0.00609779 -0.00583707 -0.00560276 -0.00539112 -0.00519992 -0.00502606 -0.00486773 -0.00472306 -0.00458998 -0.00446761 -0.00435418 -0.00424898 -0.0041511 -0.00405953 -0.00397412 -0.00389384 -0.00381861 -0.00374784 -0.00368114 -0.00361843 -0.00355907 -0.00350325 -0.00345036 -0.00340053 -0.00335343 -0.00330892 -0.00326704 -0.00322737 -0.00319016 -0.00315493 -0.00312191 -0.00309071 -0.00306145 -0.00303391 -0.00300801 -0.00298377 -0.00296093 -0.00293965 -0.0029196 -0.00290102 -0.00288355 -0.00286746 -0.0028524 -0.00283863 -0.00282587 -0.00281429 -0.00280372 -0.00279425 -0.00278579 -0.00277838 -0.00277197 -0.00276656 -0.00276216 -0.00275872 -0.00275629 -0.00275481 -0.00275434 -0.00275481 -0.00275629 -0.00275872 -0.00276216 -0.00276656 -0.00277197 -0.00277838 -0.00278579 -0.00279425 -0.00280372 -0.00281429 -0.00282587 -0.00283863 -0.0028524 -0.00286746 -0.00288355 -0.00290102 -0.0029196 -0.00293965 -0.00296093 -0.00298377 -0.00300801 -0.00303391 -0.00306145 -0.00309071 -0.00312191 -0.00315493 -0.00319016 -0.00322737 -0.00326704 -0.00330892 -0.00335343 -0.00340053 -0.00345036 -0.00350325 -0.00355907 -0.00361843 -0.00368114 -0.00374784 -0.00381861 -0.00389384 -0.00397412 -0.00405953 -0.0041511 -0.00424898 -0.00435418 -0.00446761 -0.00458998 -0.00472306 -0.00486773 -0.00502606 -0.00519992 -0.00539112 -0.00560276 -0.00583707 -0.00609779 -0.00638922 -0.00671574 -0.00708423 -0.00750138 -0.00797528 -0.00851566 -0.00913095 -0.00983125 -0.0106261 -0.0115237 -0.012534 -0.0136649 -0.0149226 -0.016312 -0.0178292 -0.0194613 -0.021185 -0.0229604 -0.0247371 -0.0264576 -0.0280528 -0.0294462 -0.0305464 -0.0312316 -0.0313545 -0.0307557 -0.0292778 -0.0267939 -0.0232193 -0.0184832 -0.0125188 -0.00529534 0.00314192 0.0126398 0.0229322 0.0337081 0.044685 0.0555681 0.0659556 0.07537 0.083396 0.0897316 0.0941216 
0 -0.00713705 -0.0140619 -0.0206635 -0.0268899 -0.0326424 -0.0377825 -0.0422297 -0.0459777 -0.0490126 -0.0512998 -0.0528603 -0.0537786 -0.0541247 -0.0539271 -0.0532122 -0.0520241 -0.0504275 -0.0485126 -0.0463659 -0.0440395 -0.0415705 -0.0390027 -0.0363827 -0.0337656 -0.0312111 -0.0287613 -0.0264417 -0.0242689 -0.0222465 -0.0203754 -0.0186599 -0.0170995 -0.0156925 -0.0144356 -0.0133171 -0.0123244 -0.0114444 -0.0106617 -0.00996588 -0.00934766 -0.00879861 -0.00831394 -0.00788647 -0.00750983 -0.00717796 -0.00688262 -0.00661824 -0.00637872 -0.00615914 -0.00595727 -0.00576999 -0.00559691 -0.00543721 -0.00529 -0.00515554 -0.00503212 -0.00491944 -0.00481593 -0.00472012 -0.00463123 -0.00454733 -0.00446826 -0.00439265 -0.00432041 -0.00425125 -0.0041848 -0.00412163 -0.00406116 -0.00400417 -0.00395016 -0.00389958 -0.00385221 -0.00380795 -0.00376692 -0.00372855 -0.00369319 -0.00366003 -0.00362951 -0.00360085 -0.00357436 -0.00354952 -0.00352643 -0.00350488 -0.00348474 -0.00346608 -0.00344861 -0.00343261 -0.00341763 -0.00340413 -0.00339158 -0.00338049 -0.00337032 -0.00336162 -0.00335382 -0.00334747 -0.00334204 -0.00333805 -0.00333497 -0.00333334 -0.00333262 -0.00333334 -0.00333497 -0.00333805 -0.00334204 -0.00334747 -0.00335382 -0.00336162 -0.00337032 -0.00338049 -0.00339158 -0.00340413 -0.00341763 -0.00343261 -0.00344861 -0.00346608 -0.00348474 -0.00350488 -0.00352643 -0.00354952 -0.00357436 -0.00360085 -0.00362951 -0.00366003 -0.00369319 -0.00372855 -0.00376692 -0.00380795 -0.00385221 -0.00389958 -0.00395016 -0.00400417 -0.00406116 -0.00412163 -0.0041848 -0.00425125 -0.00432041 -0.00439265 -0.00446826 -0.00454733 -0.00463123 -0.00472012 -0.00481593 -0.00491944 -0.00503212 -0.00515554 -0.00529 -0.00543721 -0.00559691 -0.00576999 -0.00595727 -0.00615914 -0.00637872 -0.00661824 -0.00688262 -0.00717796 -0.00750983 -0.00788647 -0.00831394 -0.00879861 -0.00934766 -0.00996586 -0.0106616 -0.0114443 -0.012324 -0.0133158 -0.0144325 -0.0156849 -0.0170819 -0.0186211 -0.0202946 -0.0220876 -0.0239729 -0.0259197 -0.0278884 -0.0298235 -0.0316605 -0.0333169 -0.0346845 -0.0356404 -0.0360425 -0.0357299 -0.0345506 -0.0323701 -0.0290652 -0.0245383 -0.0187153 -0.0115392 -0.00301334 0.00675257 0.0175685 0.0291935 0.0413231 0.053596 0.0656272 0.0770035 0.0872805 0.0960415 0.102948 0.107721 
0 -0.00800978 -0.0157886 -0.0232094 -0.0301833 -0.0365692 -0.0422297 -0.0471137 -0.0512112 -0.054493 -0.056956 -0.0586627 -0.0596913 -0.0601015 -0.0599512 -0.0592868 -0.0581373 -0.0565603 -0.0546495 -0.0524844 -0.0501205 -0.0476072 -0.0449788 -0.0422666 -0.0395221 -0.0367965 -0.0341308 -0.0315659 -0.0291291 -0.0268328 -0.0246906 -0.0227074 -0.0208812 -0.019214 -0.0177002 -0.0163319 -0.0151046 -0.0140069 -0.0130288 -0.0121615 -0.0113912 -0.0107085 -0.0101031 -0.00956337 -0.00908326 -0.00865397 -0.0082695 -0.0079259 -0.00761664 -0.00733928 -0.00708914 -0.00686216 -0.00665631 -0.00646687 -0.00629268 -0.00613095 -0.00597986 -0.00583923 -0.00570682 -0.00558351 -0.00546786 -0.00535993 -0.00525965 -0.00516577 -0.00507902 -0.00499762 -0.0049221 -0.0048512 -0.00478461 -0.00472211 -0.00466258 -0.00460666 -0.00455294 -0.00450234 -0.00445372 -0.00440772 -0.00436385 -0.00432218 -0.00428288 -0.00424547 -0.00421061 -0.00417744 -0.00414687 -0.00411788 -0.00409141 -0.00406648 -0.00404387 -0.00402279 -0.00400381 -0.00398638 -0.0039708 -0.00395679 -0.00394441 -0.0039336 -0.00392427 -0.00391651 -0.00391009 -0.00390525 -0.00390166 -0.00389966 -0.00389887 -0.00389966 -0.00390166 -0.00390525 -0.00391009 -0.00391651 -0.00392427 -0.0039336 -0.00394441 -0.00395679 -0.0039708 -0.00398638 -0.00400381 -0.00402279 -0.00404387 -0.00406648 -0.00409141 -0.00411788 -0.00414687 -0.00417744 -0.00421061 -0.00424547 -0.00428288 -0.00432218 -0.00436385 -0.00440772 -0.00445372 -0.00450234 -0.00455294 -0.00460666 -0.00466258 -0.00472211 -0.00478461 -0.0048512 -0.0049221 -0.00499762 -0.00507902 -0.00516577 -0.00525965 -0.00535993 -0.00546786 -0.00558351 -0.00570682 -0.00583923 -0.00597986 -0.00613095 -0.00629268 -0.00646687 -0.00665631 -0.00686216 -0.00708914 -0.00733928 -0.00761664 -0.0079259 -0.0082695 -0.00865397 -0.00908326 -0.00956337 -0.0101031 -0.0107085 -0.0113912 -0.0121615 -0.0130287 -0.0140066 -0.0151037 -0.0163295 -0.017694 -0.0191995 -0.020849 -0.0226394 -0.024555 -0.0265767 -0.0286709 -0.0307889 -0.0328785 -0.0348721 -0.0366868 -0.0382329 -0.0393922 -0.040018 -0.0399565 -0.0390441 -0.0371265 -0.0340906 -0.02984 -0.0242748 -0.0173266 -0.00898056 0.000713048 0.0116044 0.0234697 0.0360807 0.0491681 0.0623265 0.0750658 0.0869585 0.0976563 0.106793 0.113979 0.118907 
0 -0.00871174 -0.0172435 -0.0254039 -0.0330011 -0.0398871 -0.0459777 -0.0512112 -0.0555359 -0.0589674 -0.0615856 -0.0634417 -0.0645509 -0.0649837 -0.064859 -0.0642521 -0.0631987 -0.0617467 -0.0599472 -0.0578553 -0.0555514 -0.0531003 -0.0505263 -0.0478546 -0.0451152 -0.0423328 -0.0395527 -0.0368277 -0.0341918 -0.0316779 -0.0293085 -0.0270852 -0.0250133 -0.0230943 -0.0213222 -0.0197005 -0.0182276 -0.0168963 -0.0157048 -0.014641 -0.0136925 -0.0128497 -0.0120965 -0.0114237 -0.0108223 -0.0102818 -0.00979916 -0.00936639 -0.00897873 -0.00863284 -0.00832095 -0.00804109 -0.00778709 -0.00755496 -0.00734284 -0.00714553 -0.00696344 -0.00679327 -0.00663444 -0.00648691 -0.00634826 -0.00622018 -0.00609995 -0.00598857 -0.00588474 -0.00578752 -0.00569745 -0.00561214 -0.00553306 -0.00545778 -0.00538738 -0.00532056 -0.00525728 -0.00519772 -0.00514067 -0.00508744 -0.0050362 -0.00498864 -0.00494297 -0.0049006 -0.00486029 -0.00482278 -0.00478758 -0.00475465 -0.00472427 -0.0046957 -0.00466983 -0.0046454 -0.00462373 -0.00460327 -0.00458552 -0.00456884 -0.0045548 -0.00454175 -0.00453124 -0.00452169 -0.00451459 -0.00450845 -0.00450468 -0.00450186 -0.00450138 -0.00450186 -0.00450468 -0.00450845 -0.00451459 -0.00452169 -0.00453124 -0.00454175 -0.0045548 -0.00456884 -0.00458552 -0.00460327 -0.00462373 -0.0046454 -0.00466983 -0.0046957 -0.00472427 -0.00475465 -0.00478758 -0.00482278 -0.00486029 -0.0049006 -0.00494297 -0.00498864 -0.0050362 -0.00508744 -0.00514067 -0.00519772 -0.00525728 -0.00532056 -0.00538738 -0.00545778 -0.00553306 -0.00561214 -0.00569745 -0.00578752 -0.00588474 -0.00598857 -0.00609995 -0.00622018 -0.00634826 -0.00648691 -0.00663444 -0.00679327 -0.00696344 -0.00714553 -0.00734284 -0.00755496 -0.00778709 -0.00804109 -0.00832095 -0.00863284 -0.00897873 -0.00936639 -0.00979916 -0.0102818 -0.0108223 -0.0114237 -0.0120965 -0.0128497 -0.0136924 -0.014641 -0.0157046 -0.0168955 -0.0182256 -0.0196956 -0.0213105 -0.0230679 -0.0249568 -0.0269709 -0.0290893 -0.0312801 -0.0335072 -0.0357088 -0.0378104 -0.0397351 -0.0413822 -0.0426425 -0.0434006 -0.0435047 -0.0427921 -0.0411147 -0.0383268 -0.0343122 -0.0290025 -0.0223348 -0.0142677 -0.00484374 0.00582866 0.0176062 0.0302781 0.0435677 0.0571648 0.0706896 0.0836813 0.0957113 0.10645 0.115573 0.12272 0.1276 
0 -0.00930307 -0.0184502 -0.0271912 -0.035276 -0.0425736 -0.0490126 -0.054493 -0.0589674 -0.0625182 -0.0652467 -0.0671724 -0.0683205 -0.0687952 -0.0687095 -0.0681484 -0.0671948 -0.0658978 -0.06427 -0.0623618 -0.0602484 -0.0579666 -0.0555421 -0.0530056 -0.0503644 -0.0476394 -0.04488 -0.0421202 -0.039395 -0.0367474 -0.0341961 -0.0317595 -0.029461 -0.0273035 -0.0252947 -0.0234417 -0.021735 -0.0201747 -0.0187563 -0.0174673 -0.016307 -0.015265 -0.0143311 -0.0135013 -0.0127602 -0.0121004 -0.0115123 -0.0109827 -0.0105081 -0.0100778 -0.00968744 -0.00933453 -0.00901172 -0.00872051 -0.00845495 -0.00821358 -0.00799507 -0.00779367 -0.00761077 -0.00744043 -0.00728279 -0.00713568 -0.00699631 -0.00686641 -0.00674183 -0.00662547 -0.00651443 -0.00640998 -0.00631193 -0.00621893 -0.0061331 -0.00605133 -0.00597652 -0.00590545 -0.0058402 -0.00577882 -0.00572171 -0.00566872 -0.00561854 -0.00557261 -0.00552844 -0.00548844 -0.00544963 -0.00541467 -0.00538079 -0.00535031 -0.00532105 -0.00529471 -0.00526987 -0.00524747 -0.0052269 -0.00520836 -0.00519194 -0.00517723 -0.00516486 -0.00515397 -0.00514558 -0.00513851 -0.00513404 -0.00513079 -0.00513019 -0.00513079 -0.00513404 -0.00513851 -0.00514558 -0.00515397 -0.00516486 -0.00517723 -0.00519194 -0.00520836 -0.0052269 -0.00524747 -0.00526987 -0.00529471 -0.00532105 -0.00535031 -0.00538079 -0.00541467 -0.00544963 -0.00548844 -0.00552844 -0.00557261 -0.00561854 -0.00566872 -0.00572171 -0.00577882 -0.0058402 -0.00590545 -0.00597652 -0.00605133 -0.0061331 -0.00621893 -0.00631193 -0.00640998 -0.00651443 -0.00662547 -0.00674183 -0.00686641 -0.00699631 -0.00713568 -0.00728279 -0.00744043 -0.00761077 -0.00779367 -0.00799507 -0.00821358 -0.00845495 -0.00872051 -0.00901172 -0.00933453 -0.00968744 -0.0100778 -0.0105081 -0.0109827 -0.0115123 -0.0121004 -0.0127602 -0.0135013 -0.0143311 -0.015265 -0.016307 -0.0174671 -0.0187557 -0.0201732 -0.0217311 -0.0234323 -0.0252733 -0.0272571 -0.0293656 -0.031574 -0.0338544 -0.0361505 -0.038405 -0.0405571 -0.0425201 -0.0442115 -0.0455371 -0.0463628 -0.0465509 -0.0459541 -0.0444059 -0.0417788 -0.0379814 -0.0329136 -0.0265062 -0.0187405 -0.00962276 0.000767389 0.0122574 0.0246729 0.0378375 0.0514608 0.065156 0.0785639 0.0913556 0.103163 0.113606 0.122361 0.129172 0.133827 
0 -0.00980707 -0.019408 -0.0285476 -0.0369985 -0.0446187 -0.0512998 -0.056956 -0.0615856 -0.0652467 -0.0679898 -0.069889 -0.0710637 -0.0715986 -0.0715471 -0.071025 -0.0701624 -0.0690072 -0.0675839 -0.0659405 -0.0640942 -0.0620587 -0.0598801 -0.0575733 -0.0551337 -0.052592 -0.0499699 -0.0472823 -0.0445777 -0.0418899 -0.0392409 -0.0366737 -0.0342079 -0.0318547 -0.0296388 -0.0275596 -0.0256189 -0.0238269 -0.0221724 -0.0206573 -0.0192812 -0.0180297 -0.0169042 -0.0158926 -0.0149822 -0.0141706 -0.0134399 -0.0127853 -0.0121987 -0.0116675 -0.0111922 -0.0107604 -0.0103699 -0.0100174 -0.00969404 -0.00940252 -0.00913368 -0.00888823 -0.00866336 -0.00845398 -0.00826332 -0.00808386 -0.00791932 -0.00776521 -0.00762122 -0.00748813 -0.00736134 -0.00724508 -0.00713347 -0.00703055 -0.0069325 -0.0068405 -0.0067544 -0.00667194 -0.00659615 -0.00652253 -0.00645557 -0.00639039 -0.00633108 -0.00627396 -0.00622143 -0.00617187 -0.00612555 -0.00608298 -0.00604246 -0.00600628 -0.00597128 -0.00594092 -0.00591118 -0.00588615 -0.00586147 -0.00584138 -0.00582156 -0.00580613 -0.00579098 -0.00578 -0.00576938 -0.00576273 -0.00575651 -0.00575414 -0.00575224 -0.00575414 -0.00575651 -0.00576273 -0.00576938 -0.00578 -0.00579098 -0.00580613 -0.00582156 -0.00584138 -0.00586147 -0.00588615 -0.00591118 -0.00594092 -0.00597128 -0.00600628 -0.00604246 -0.00608298 -0.00612555 -0.00617187 -0.00622143 -0.00627396 -0.00633108 -0.00639039 -0.00645557 -0.00652253 -0.00659615 -0.00667194 -0.0067544 -0.0068405 -0.0069325 -0.00703055 -0.00713347 -0.00724508 -0.00736134 -0.00748813 -0.00762122 -0.00776521 -0.00791932 -0.00808386 -0.00826332 -0.00845398 -0.00866336 -0.00888823 -0.00913368 -0.00940252 -0.00969404 -0.0100174 -0.0103699 -0.0107604 -0.0111922 -0.0116675 -0.0121987 -0.0127853 -0.0134399 -0.0141706 -0.0149822 -0.0158926 -0.0169042 -0.0180296 -0.019281 -0.0206568 -0.0221712 -0.0238239 -0.0256115 -0.0275425 -0.0296011 -0.0317762 -0.0340529 -0.0363835 -0.0387261 -0.0410229 -0.0431885 -0.0451567 -0.0468462 -0.0481517 -0.0489796 -0.0491983 -0.0486392 -0.0471634 -0.044638 -0.0409445 -0.0360335 -0.0298637 -0.0223694 -0.0135546 -0.00350124 0.00767973 0.0198073 0.0326397 0.0459549 0.0595 0.0729178 0.0858576 0.0980623 0.109252 0.119058 0.127172 0.133431 0.137708 
0 -0.0101852 -0.0200869 -0.0294818 -0.038188 -0.0460254 -0.0528603 -0.0586627 -0.0634417 -0.0671724 -0.069889 -0.0717559 -0.0729263 -0.0734514 -0.0734091 -0.0729494 -0.0721766 -0.0711499 -0.0699373 -0.0685524 -0.0669758 -0.0652487 -0.0634034 -0.0614174 -0.059295 -0.0570436 -0.0546454 -0.0521346 -0.0495593 -0.0469365 -0.0443123 -0.041722 -0.0391704 -0.0366927 -0.0343093 -0.0320252 -0.0298723 -0.027855 -0.0259737 -0.0242434 -0.0226479 -0.0211855 -0.0198555 -0.0186379 -0.0175374 -0.0165422 -0.0156415 -0.0148383 -0.014113 -0.0134653 -0.0128858 -0.0123601 -0.0118908 -0.0114607 -0.0110706 -0.010715 -0.0103853 -0.0100872 -0.00980867 -0.00955564 -0.00932223 -0.00910629 -0.00891083 -0.00872668 -0.00856083 -0.00840395 -0.00826012 -0.00812575 -0.00799859 -0.00788187 -0.0077684 -0.00766517 -0.007564 -0.00747132 -0.0073817 -0.00729794 -0.00721916 -0.00714365 -0.00707484 -0.00700743 -0.00694758 -0.00688823 -0.00683633 -0.00678489 -0.00674008 -0.00669624 -0.00665782 -0.00662114 -0.00658857 -0.00655856 -0.00653146 -0.00650763 -0.00648574 -0.00646767 -0.00645078 -0.00643813 -0.00642614 -0.00641863 -0.00641148 -0.00640895 -0.00640662 -0.00640895 -0.00641148 -0.00641863 -0.00642614 -0.00643813 -0.00645078 -0.00646767 -0.00648574 -0.00650763 -0.00653146 -0.00655856 -0.00658857 -0.00662114 -0.00665782 -0.00669624 -0.00674008 -0.00678489 -0.00683633 -0.00688823 -0.00694758 -0.00700743 -0.00707484 -0.00714365 -0.00721916 -0.00729794 -0.0073817 -0.00747132 -0.007564 -0.00766517 -0.0077684 -0.00788187 -0.00799859 -0.00812575 -0.00826012 -0.00840395 -0.00856083 -0.00872668 -0.00891083 -0.00910629 -0.00932223 -0.00955564 -0.00980867 -0.0100872 -0.0103853 -0.010715 -0.0110706 -0.0114607 -0.0118908 -0.0123601 -0.0128858 -0.0134653 -0.014113 -0.0148383 -0.0156415 -0.0165422 -0.0175374 -0.0186379 -0.0198555 -0.0211854 -0.0226475 -0.0242425 -0.0259714 -0.0278493 -0.0298588 -0.031995 -0.0342455 -0.0365646 -0.0389268 -0.0412828 -0.0435608 -0.0457141 -0.047662 -0.0493112 -0.05059 -0.0513776 -0.0515379 -0.0509555 -0.0494756 -0.0469623 -0.0433489 -0.0385563 -0.0325166 -0.025226 -0.0166779 -0.00689848 0.0039608 0.0157126 0.0281998 0.0411902 0.0543745 0.0674814 0.0802653 0.0924467 0.103758 0.113962 0.12281 0.130083 0.135655 0.139441 
0 -0.0103863 -0.0204558 -0.0300039 -0.0388618 -0.04683 -0.0537786 -0.0596913 -0.0645509 -0.0683205 -0.0710637 -0.0729263 -0.074023 -0.0744743 -0.0744427 -0.0740347 -0.0733152 -0.0724002 -0.0713664 -0.0701938 -0.0688963 -0.0675125 -0.0660156 -0.0643956 -0.0626661 -0.0607798 -0.0587201 -0.0565237 -0.05419 -0.0517482 -0.0492565 -0.0467222 -0.0441779 -0.0416682 -0.0391938 -0.0367904 -0.034486 -0.0322765 -0.0301943 -0.0282423 -0.0264145 -0.0247322 -0.0231774 -0.0217509 -0.0204563 -0.0192691 -0.0181979 -0.0172268 -0.0163432 -0.0155524 -0.0148305 -0.0141827 -0.0135983 -0.0130656 -0.0125912 -0.0121546 -0.011763 -0.0114057 -0.0110766 -0.0107804 -0.0105013 -0.0102498 -0.0100128 -0.00979408 -0.00959252 -0.00940084 -0.00922807 -0.00906113 -0.00891114 -0.00876754 -0.00863582 -0.00851332 -0.008397 -0.00829238 -0.0081898 -0.00809948 -0.00800959 -0.00793039 -0.00785224 -0.00778188 -0.00771443 -0.00765151 -0.00759366 -0.00753751 -0.00748821 -0.00743856 -0.00739689 -0.0073537 -0.00731893 -0.00728218 -0.00725377 -0.00722341 -0.007201 -0.00717693 -0.0071603 -0.00714238 -0.00713141 -0.0071195 -0.00711416 -0.0071081 -0.00710842 -0.0071081 -0.00711416 -0.0071195 -0.00713141 -0.00714238 -0.0071603 -0.00717693 -0.007201 -0.00722341 -0.00725377 -0.00728218 -0.00731893 -0.0073537 -0.00739689 -0.00743856 -0.00748821 -0.00753751 -0.00759366 -0.00765151 -0.00771443 -0.00778188 -0.00785224 -0.00793039 -0.00800959 -0.00809948 -0.0081898 -0.00829238 -0.008397 -0.00851332 -0.00863582 -0.00876754 -0.00891114 -0.00906113 -0.00922807 -0.00940084 -0.00959252 -0.00979408 -0.0100128 -0.0102498 -0.0105013 -0.0107804 -0.0110766 -0.0114057 -0.011763 -0.0121546 -0.0125912 -0.0130656 -0.0135983 -0.0141827 -0.0148305 -0.0155524 -0.0163432 -0.0172268 -0.0181979 -0.0192691 -0.0204563 -0.0217509 -0.0231774 -0.024732 -0.0264139 -0.0282405 -0.0301898 -0.032266 -0.0344621 -0.036739 -0.0390892 -0.0414661 -0.0438075 -0.0460781 -0.0481917 -0.0500706 -0.0516598 -0.0528477 -0.0535377 -0.0536365 -0.0529814 -0.0514408 -0.0489197 -0.0452984 -0.0405271 -0.0346023 -0.0274619 -0.0190863 -0.00955833 0.00102237 0.0124964 0.0246172 0.0371795 0.0499992 0.0627799 0.0752034 0.0870686 0.0981985 0.108349 0.117312 0.124976 0.131256 0.136045 0.139269 
0 -0.0103977 -0.0205113 -0.0301228 -0.0390413 -0.0470835 -0.0541247 -0.0601015 -0.0649837 -0.0687952 -0.0715986 -0.0734514 -0.0744743 -0.0748842 -0.0748401 -0.0744017 -0.0736877 -0.0728481 -0.0719246 -0.0709344 -0.0699178 -0.0688367 -0.067658 -0.0664222 -0.0651023 -0.0636379 -0.0620332 -0.0602535 -0.0582691 -0.056136 -0.0538729 -0.0514982 -0.0490821 -0.0466331 -0.0441698 -0.041744 -0.0393486 -0.0370137 -0.0347756 -0.0326241 -0.0305966 -0.0286998 -0.0269224 -0.0252911 -0.0237814 -0.0223934 -0.0211322 -0.0199674 -0.0189143 -0.0179534 -0.0170757 -0.01629 -0.015568 -0.014923 -0.0143379 -0.0138047 -0.0133299 -0.0128887 -0.0124955 -0.0121312 -0.0117974 -0.0114949 -0.0112083 -0.0109527 -0.0107076 -0.0104868 -0.0102791 -0.0100854 -0.00990982 -0.00973971 -0.00958972 -0.00944166 -0.00931116 -0.00918382 -0.00906827 -0.00895967 -0.00885638 -0.00876388 -0.00867162 -0.00859241 -0.00851076 -0.00844235 -0.00837111 -0.00831157 -0.00825047 -0.00819853 -0.00814711 -0.008102 -0.00805968 -0.008021 -0.00798715 -0.00795472 -0.00792873 -0.00790249 -0.00788384 -0.00786378 -0.00785207 -0.00783819 -0.00783312 -0.00782547 -0.00782682 -0.00782547 -0.00783312 -0.00783819 -0.00785207 -0.00786378 -0.00788384 -0.00790249 -0.00792873 -0.00795472 -0.00798715 -0.008021 -0.00805968 -0.008102 -0.00814711 -0.00819853 -0.00825047 -0.00831157 -0.00837111 -0.00844235 -0.00851076 -0.00859241 -0.00867162 -0.00876388 -0.00885638 -0.00895967 -0.00906827 -0.00918382 -0.00931116 -0.00944166 -0.00958972 -0.00973971 -0.00990982 -0.0100854 -0.0102791 -0.0104868 -0.0107076 -0.0109527 -0.0112083 -0.0114949 -0.0117974 -0.0121312 -0.0124955 -0.0128887 -0.0133299 -0.0138047 -0.0143379 -0.014923 -0.015568 -0.01629 -0.0170757 -0.0179534 -0.0189143 -0.0199674 -0.0211322 -0.0223934 -0.0237814 -0.025291 -0.0269222 -0.0286994 -0.0305953 -0.0326207 -0.0347675 -0.0369951 -0.0393079 -0.0416597 -0.0440042 -0.0463244 -0.0485361 -0.0505806 -0.0524044 -0.0538888 -0.0549635 -0.0555463 -0.055495 -0.0547218 -0.0531159 -0.0505233 -0.0468817 -0.0421427 -0.0362286 -0.0291504 -0.0209342 -0.0115782 -0.00120725 0.00996671 0.0217818 0.0340405 0.04647 0.058833 0.0709049 0.0824197 0.0931641 0.103 0.111773 0.119354 0.125732 0.130917 0.134843 0.137463 
0 -0.0102525 -0.0202881 -0.0298642 -0.0387601 -0.0468231 -0.0539271 -0.0599512 -0.064859 -0.0687095 -0.0715471 -0.0734091 -0.0744427 -0.0748401 -0.0747197 -0.0742104 -0.0734856 -0.0726409 -0.0717386 -0.070878 -0.0700581 -0.0692082 -0.0683516 -0.0674908 -0.0665557 -0.0655421 -0.0644191 -0.0630939 -0.0615737 -0.05987 -0.0579562 -0.0558955 -0.0537203 -0.0514253 -0.0490813 -0.0467027 -0.0442984 -0.0419351 -0.0396066 -0.0373379 -0.0351723 -0.033087 -0.0311198 -0.0292762 -0.0275387 -0.0259431 -0.0244605 -0.0230967 -0.0218595 -0.0207136 -0.0196822 -0.0187364 -0.0178711 -0.017094 -0.0163714 -0.0157261 -0.0151311 -0.014589 -0.0141033 -0.013649 -0.0132489 -0.0128731 -0.0125365 -0.0122282 -0.0119399 -0.0116845 -0.0114363 -0.0112186 -0.0110061 -0.0108147 -0.0106337 -0.0104623 -0.0103081 -0.0101546 -0.010022 -0.00988632 -0.00977057 -0.00965309 -0.00955069 -0.00945089 -0.00935968 -0.00927618 -0.00919504 -0.00912589 -0.00905433 -0.00899745 -0.00893526 -0.00888878 -0.00883576 -0.00879822 -0.00875413 -0.00872447 -0.00868897 -0.00866654 -0.00863925 -0.00862369 -0.00860423 -0.00859541 -0.0085834 -0.00858134 -0.00857649 -0.00858134 -0.0085834 -0.00859541 -0.00860423 -0.00862369 -0.00863925 -0.00866654 -0.00868897 -0.00872447 -0.00875413 -0.00879822 -0.00883576 -0.00888878 -0.00893526 -0.00899745 -0.00905433 -0.00912589 -0.00919504 -0.00927618 -0.00935968 -0.00945089 -0.00955069 -0.00965309 -0.00977057 -0.00988632 -0.010022 -0.0101546 -0.0103081 -0.0104623 -0.0106337 -0.0108147 -0.0110061 -0.0112186 -0.0114363 -0.0116845 -0.0119399 -0.0122282 -0.0125365 -0.0128731 -0.0132489 -0.013649 -0.0141033 -0.014589 -0.0151311 -0.0157261 -0.0163714 -0.017094 -0.0178711 -0.0187364 -0.0196822 -0.0207136 -0.0218595 -0.0230967 -0.0244605 -0.0259431 -0.0275386 -0.0292761 -0.0311195 -0.0330861 -0.0351698 -0.0373318 -0.0395922 -0.0419032 -0.0442313 -0.0465687 -0.0488271 -0.0509679 -0.0529383 -0.0546233 -0.0559795 -0.0569229 -0.0573297 -0.0571481 -0.0562574 -0.0545112 -0.0518482 -0.0481623 -0.0433639 -0.0374754 -0.030471 -0.0223142 -0.0130959 -0.00292643 0.0080671 0.0196388 0.0315588 0.0436731 0.0557372 0.0674369 0.0785499 0.0889163 0.098363 0.106758 0.114039 0.120195 0.125265 0.129299 0.132311 0.134316 
0 -0.010004 -0.0198431 -0.0292718 -0.0380644 -0.0460878 -0.0532122 -0.0592868 -0.0642521 -0.0681484 -0.071025 -0.0729494 -0.0740347 -0.0744017 -0.0742104 -0.0736639 -0.0728842 -0.0719421 -0.0709921 -0.0701476 -0.0693883 -0.0687211 -0.0681523 -0.0675914 -0.0670157 -0.0664382 -0.0657594 -0.0649312 -0.0639527 -0.0627415 -0.0613005 -0.0596762 -0.0578366 -0.0558371 -0.05373 -0.0514985 -0.0492163 -0.0469083 -0.0445689 -0.0422726 -0.0400096 -0.0377986 -0.0356921 -0.0336588 -0.0317422 -0.0299474 -0.028251 -0.0266963 -0.0252437 -0.0239054 -0.0226872 -0.0215502 -0.0205285 -0.0195826 -0.0187194 -0.017942 -0.0172158 -0.0165724 -0.015971 -0.0154292 -0.014937 -0.0144765 -0.0140713 -0.0136825 -0.013341 -0.0130174 -0.0127226 -0.0124553 -0.0121981 -0.0119751 -0.0117524 -0.0115618 -0.0113718 -0.0112044 -0.0110446 -0.0108949 -0.0107613 -0.0106268 -0.0105145 -0.010395 -0.0102991 -0.0101947 -0.0101116 -0.0100222 -0.00994938 -0.0098746 -0.00981047 -0.00974935 -0.00969326 -0.0096447 -0.00959642 -0.00955926 -0.00951877 -0.009492 -0.00945938 -0.00944218 -0.00941749 -0.00940926 -0.00939258 -0.00939288 -0.00938431 -0.00939288 -0.00939258 -0.00940926 -0.00941749 -0.00944218 -0.00945938 -0.009492 -0.00951877 -0.00955926 -0.00959642 -0.0096447 -0.00969326 -0.00974935 -0.00981047 -0.0098746 -0.00994938 -0.0100222 -0.0101116 -0.0101947 -0.0102991 -0.010395 -0.0105145 -0.0106268 -0.0107613 -0.0108949 -0.0110446 -0.0112044 -0.0113718 -0.0115618 -0.0117524 -0.0119751 -0.0121981 -0.0124553 -0.0127226 -0.0130174 -0.013341 -0.0136825 -0.0140713 -0.0144765 -0.014937 -0.0154292 -0.015971 -0.0165724 -0.0172158 -0.017942 -0.0187194 -0.0195826 -0.0205285 -0.0215502 -0.0226872 -0.0239054 -0.0252437 -0.0266963 -0.028251 -0.0299474 -0.0317421 -0.0336585 -0.0356914 -0.0377968 -0.040005 -0.0422617 -0.0445443 -0.0468556 -0.0491092 -0.0512918 -0.0533515 -0.0551784 -0.0567464 -0.0579548 -0.0586966 -0.0589456 -0.0585825 -0.0575049 -0.0556637 -0.0529059 -0.0491309 -0.0443255 -0.0384138 -0.0313909 -0.0233336 -0.0142447 -0.00419607 0.00659803 0.0179547 0.0296925 0.041549 0.0532885 0.0646979 0.0755071 0.0854932 0.094542 0.10255 0.109431 0.115207 0.119956 0.123738 0.126625 0.128726 0.13013 
0 -0.00968945 -0.0192249 -0.0283982 -0.0370155 -0.0449373 -0.0520241 -0.0581373 -0.0631987 -0.0671948 -0.0701624 -0.0721766 -0.0733152 -0.0736877 -0.0734856 -0.0728842 -0.0719832 -0.0709256 -0.0698797 -0.0689199 -0.0681151 -0.0675324 -0.0670992 -0.0667482 -0.0665054 -0.0662992 -0.0660446 -0.0657389 -0.0652814 -0.0645927 -0.0637078 -0.062578 -0.0611996 -0.0596464 -0.0578849 -0.0559516 -0.0539132 -0.0517409 -0.0495091 -0.0472564 -0.0449687 -0.0427316 -0.0405331 -0.0383857 -0.0363464 -0.0343708 -0.0325072 -0.0307554 -0.0290899 -0.0275631 -0.0261255 -0.0248032 -0.0235959 -0.0224658 -0.0214557 -0.0205108 -0.0196552 -0.0188767 -0.0181477 -0.0175027 -0.0168882 -0.0163424 -0.0158336 -0.0153641 -0.014946 -0.0145428 -0.0141953 -0.0138551 -0.0135588 -0.0132774 -0.013019 -0.0127881 -0.0125609 -0.0123694 -0.0121711 -0.0120082 -0.0118379 -0.0116949 -0.0115513 -0.011423 -0.0113038 -0.0111877 -0.0110896 -0.0109852 -0.0109047 -0.0108122 -0.0107464 -0.0106661 -0.0106126 -0.0105447 -0.0105017 -0.0104462 -0.0104127 -0.0103689 -0.0103444 -0.0103119 -0.0102961 -0.0102743 -0.0102674 -0.0102557 -0.0102579 -0.0102557 -0.0102674 -0.0102743 -0.0102961 -0.0103119 -0.0103444 -0.0103689 -0.0104127 -0.0104462 -0.0105017 -0.0105447 -0.0106126 -0.0106661 -0.0107464 -0.0108122 -0.0109047 -0.0109852 -0.0110896 -0.0111877 -0.0113038 -0.011423 -0.0115513 -0.0116949 -0.0118379 -0.0120082 -0.0121711 -0.0123694 -0.0125609 -0.0127881 -0.013019 -0.0132774 -0.0135588 -0.0138551 -0.0141953 -0.0145428 -0.014946 -0.0153641 -0.0158336 -0.0163424 -0.0168882 -0.0175027 -0.0181477 -0.0188767 -0.0196552 -0.0205108 -0.0214557 -0.0224658 -0.0235959 -0.0248032 -0.0261255 -0.0275631 -0.0290899 -0.0307554 -0.0325072 -0.0343707 -0.0363463 -0.0383852 -0.0405317 -0.0427282 -0.0449605 -0.0472376 -0.0494682 -0.0516564 -0.0537472 -0.0556421 -0.0573366 -0.0587228 -0.0597165 -0.0602995 -0.0603414 -0.0597779 -0.0585671 -0.0565519 -0.0536616 -0.0498404 -0.0449607 -0.0390257 -0.0320698 -0.0240529 -0.0150445 -0.00517104 0.00547699 0.0166941 0.0282139 0.039858 0.0514173 0.0625924 0.0731228 0.0828186 0.0915328 0.0991759 0.10569 0.111056 0.115363 0.118748 0.121296 0.123106 0.12436 0.125202 
0 -0.00931455 -0.0184618 -0.0272976 -0.0356776 -0.0434359 -0.0504275 -0.0565603 -0.0617467 -0.0658978 -0.0690072 -0.0711499 -0.0724002 -0.0728481 -0.0726409 -0.0719421 -0.0709256 -0.0697604 -0.0685477 -0.0673954 -0.0664615 -0.0657895 -0.0653356 -0.06512 -0.0650972 -0.0651594 -0.0652996 -0.0654487 -0.0654694 -0.0653516 -0.0650413 -0.0644564 -0.0636525 -0.0626073 -0.0612948 -0.0598003 -0.0580975 -0.0562112 -0.0542274 -0.0521132 -0.0499403 -0.0477544 -0.0455287 -0.0433544 -0.0412146 -0.0391206 -0.0371355 -0.0352058 -0.0333905 -0.0316801 -0.0300504 -0.0285579 -0.0271392 -0.0258367 -0.024635 -0.0235059 -0.0224955 -0.0215378 -0.0206797 -0.0198865 -0.0191514 -0.018499 -0.0178734 -0.0173281 -0.0168051 -0.0163372 -0.0159064 -0.0154984 -0.0151429 -0.0147886 -0.0144892 -0.0141874 -0.0139279 -0.0136763 -0.0134466 -0.0132399 -0.0130353 -0.0128657 -0.0126851 -0.0125443 -0.0123878 -0.0122682 -0.0121358 -0.0120321 -0.0119227 -0.0118315 -0.0117433 -0.0116629 -0.0115936 -0.0115232 -0.0114707 -0.0114101 -0.0113724 -0.0113218 -0.0112973 -0.0112567 -0.0112442 -0.0112139 -0.0112127 -0.0111927 -0.0112022 -0.0111927 -0.0112127 -0.0112139 -0.0112442 -0.0112567 -0.0112973 -0.0113218 -0.0113724 -0.0114101 -0.0114707 -0.0115232 -0.0115936 -0.0116629 -0.0117433 -0.0118315 -0.0119227 -0.0120321 -0.0121358 -0.0122682 -0.0123878 -0.0125443 -0.0126851 -0.0128657 -0.0130353 -0.0132399 -0.0134466 -0.0136763 -0.0139279 -0.0141874 -0.0144892 -0.0147886 -0.0151429 -0.0154984 -0.0159064 -0.0163372 -0.0168051 -0.0173281 -0.0178734 -0.018499 -0.0191514 -0.0198865 -0.0206797 -0.0215378 -0.0224955 -0.0235059 -0.024635 -0.0258367 -0.0271392 -0.0285579 -0.0300504 -0.0316801 -0.0333905 -0.0352058 -0.0371355 -0.0391205 -0.0412142 -0.0433535 -0.0455262 -0.0477483 -0.0499262 -0.052082 -0.0541617 -0.0560797 -0.0578478 -0.0593496 -0.0605216 -0.0613437 -0.0616791 -0.0614982 -0.0607587 -0.0593222 -0.0571593 -0.0541806 -0.0502367 -0.0453193 -0.0393951 -0.0324191 -0.0244812 -0.0156259 -0.00586786 0.00462736 0.0156607 0.027055 0.0385569 0.0499103 0.0608992 0.0712649 0.0807576 0.0892243 0.0965754 0.10276 0.10778 0.11169 0.114606 0.116689 0.118085 0.118946 0.119466 0.119807 
