0 0 0 0 0 0 0 0 0 0 0 0 0 0 0 0 0 0 0 0 0 0 0 0 0 0 0 0 0 0 0 0 0 0 0 0 0 0 0 0 0 0 0 0 0 0 0 0 0 0 0 0 0 0 0 0 0 0 0 0 0 0 0 0 0 0 0 0 0 0 0 0 0 0 0 0 0 0 0 0 0 0 0 0 0 0 0 0 0 0 0 0 0 0 0 0 0 0 0 0 0 0 0 0 0 0 0 0 0 0 0 0 0 0 0 0 0 0 0 0 0 0 0 0 0 0 0 0 0 0 0 0 0 0 0 0 0 0 0 0 0 0 0 0 0 0 0 0 0 0 0 0 0 0 0 0 0 0 0 0 0 0 0 0 0 0 0 0 0 0 0 0 0 0 0 0 0 0 0 0 0 0 0 0 0 0 0 0 0 0 0 0 0 0 0 0 0 0 0 0 
0 5.52577e-05 8.82466e-05 0.000131271 0.000221887 0.000283962 0.000291388 0.000361557 0.000471123 0.000532753 0.00062402 0.000745402 0.000847208 0.00100412 0.00117997 0.00135616 0.00163684 0.00192747 0.00220883 0.00261669 0.00303012 0.00342514 0.00391471 0.00437908 0.00480616 0.00519806 0.00544911 0.00562043 0.0056085 0.00532711 0.00489237 0.00420695 0.0032778 0.00215918 0.000821402 -0.00056347 -0.00200359 -0.00346762 -0.00479755 -0.00599951 -0.00693097 -0.00760814 -0.00806133 -0.00820151 -0.00812154 -0.00776716 -0.00723407 -0.00660884 -0.00587896 -0.00516753 -0.00440904 -0.00369477 -0.00303644 -0.00243535 -0.00196878 -0.00154735 -0.0012464 -0.00097915 -0.000772752 -0.000616855 -0.000470733 -0.000394852 -0.000302198 -0.000273827 -0.000227903 -0.00021602 -0.000205088 -0.000191345 -0.000202311 -0.000182803 -0.000203399 -0.000182529 -0.000202596 -0.000186463 -0.000199171 -0.000191822 -0.000194186 -0.000196607 -0.000188948 -0.000199671 -0.000184402 -0.000200662 -0.000181001 -0.000199809 -0.000178795 -0.000197637 -0.000177596 -0.000194742 -0.000177127 -0.000191644 -0.000177111 -0.000188728 -0.000177326 -0.00018624 -0.000177614 -0.000184316 -0.000177875 -0.000183019 -0.000178049 -0.000182367 -0.00017811 -0.000182367 -0.000178049 -0.000183019 -0.000177875 -0.000184316 -0.000177614 -0.00018624 -0.000177326 -0.000188728 -0.000177111 -0.000191644 -0.000177127 -0.000194742 -0.000177596 -0.000197637 -0.000178795 -0.000199809 -0.000181001 -0.000200662 -0.000184402 -0.000199671 -0.000188947 -0.000196606 -0.000194182 -0.000191813 -0.000199144 -0.000186391 -0.000202406 -0.000182054 -0.000202258 -0.000180176 -0.00019653 -0.000179186 -0.000180676 -0.00016927 -0.000142573 -0.000125447 -5.63744e-05 -6.50692e-06 0.000115461 0.000231691 0.00041173 0.000626951 0.000886234 0.00124492 0.0016488 0.00219769 0.00280284 0.00350958 0.004262 0.00500961 0.00579259 0.00649826 0.00717817 0.00770422 0.00802441 0.00812733 0.00791994 0.00750294 0.0067904 0.00580497 0.00460401 0.00318062 0.00172395 0.000216967 -0.00128147 -0.00264697 -0.00388836 -0.00486008 -0.00561293 -0.00618495 -0.006459 -0.00654489 -0.00645324 -0.00620604 -0.00590584 -0.00546818 -0.00499888 -0.00458686 -0.0041073 -0.00366382 -0.00330573 -0.00294419 -0.00265298 -0.00240628 -0.00216912 -0.00201512 -0.00185376 -0.00168305 -0.00161996 -0.0015549 -0.00144637 -0.00140693 -0.00137297 -0.00131217 -0.00130112 -0.00127764 -0.00123306 -0.00125008 
0 8.82466e-05 0.000216838 0.000307541 0.000379148 0.000512089 0.000657238 0.000773762 0.000911499 0.00107932 0.00125901 0.00147088 0.00173499 0.00204015 0.00237902 0.00279273 0.00329442 0.00384433 0.00448193 0.00524498 0.00606595 0.00692619 0.00783849 0.00875144 0.00959868 0.0103009 0.0108246 0.0111226 0.0110496 0.0105546 0.00964238 0.00827247 0.00644706 0.00417713 0.00157755 -0.00119241 -0.00406429 -0.00690176 -0.00956014 -0.0118846 -0.0137324 -0.015101 -0.0159537 -0.0162839 -0.0161051 -0.0154381 -0.0144273 -0.0131665 -0.0117729 -0.0103191 -0.00883515 -0.00741369 -0.00607978 -0.00491582 -0.00393211 -0.00312353 -0.0024865 -0.00195995 -0.00155657 -0.00122208 -0.000972162 -0.000781875 -0.00064093 -0.000553943 -0.000482985 -0.000453866 -0.000420531 -0.000413503 -0.000398978 -0.0003949 -0.00039097 -0.000383405 -0.000386229 -0.000375274 -0.000381888 -0.000369945 -0.000377557 -0.000367149 -0.000373485 -0.000366331 -0.000369969 -0.000366789 -0.000367183 -0.000367868 -0.000365157 -0.000369084 -0.000363808 -0.00037015 -0.000362998 -0.000370941 -0.00036257 -0.000371445 -0.000362387 -0.000371715 -0.000362341 -0.000371828 -0.000362355 -0.000371856 -0.000362381 -0.000371855 -0.000362392 -0.000371855 -0.000362381 -0.000371856 -0.000362355 -0.000371828 -0.000362341 -0.000371715 -0.000362387 -0.000371445 -0.00036257 -0.000370941 -0.000362998 -0.00037015 -0.000363808 -0.000369084 -0.000365157 -0.000367868 -0.000367183 -0.000366789 -0.000369969 -0.000366331 -0.000373484 -0.000367146 -0.000377549 -0.000369923 -0.000381824 -0.000375103 -0.000385787 -0.000382314 -0.000388383 -0.00038903 -0.000386232 -0.000387039 -0.000368046 -0.000354511 -0.000303571 -0.000244983 -0.000133437 1.40896e-05 0.000222547 0.000500448 0.000842233 0.00128924 0.00182606 0.00251963 0.00336896 0.00441334 0.00564588 0.0070162 0.00850008 0.0100038 0.0115143 0.0129563 0.014253 0.0153003 0.0159373 0.0161085 0.0157482 0.0148666 0.0134631 0.0115101 0.00910326 0.00634992 0.00342509 0.000462914 -0.00246387 -0.00518715 -0.00757987 -0.00954981 -0.0110688 -0.012169 -0.0127971 -0.0129778 -0.01282 -0.0123847 -0.0117337 -0.0109137 -0.010015 -0.00913422 -0.00825282 -0.00739621 -0.00664025 -0.00596608 -0.00535238 -0.00482337 -0.00438723 -0.00402474 -0.00371304 -0.00346512 -0.00326808 -0.00307557 -0.00292475 -0.00283686 -0.00273775 -0.00264027 -0.00260038 -0.00256425 -0.00251412 -0.00249499 
0 0.000131271 0.000307541 0.000473026 0.000600926 0.000772477 0.000990192 0.00117408 0.00137734 0.00165427 0.00193318 0.00224756 0.00265914 0.00310393 0.00362612 0.00428566 0.00500995 0.00585311 0.00685796 0.00794042 0.0091477 0.0104554 0.0117597 0.013089 0.0143154 0.0153103 0.0160727 0.0164152 0.0162387 0.0155052 0.0140835 0.0120292 0.00931719 0.00596296 0.00219076 -0.00191242 -0.00613542 -0.0102742 -0.0141879 -0.0175695 -0.0203308 -0.02237 -0.0236171 -0.0241374 -0.0238589 -0.0229318 -0.0214728 -0.0196226 -0.0175962 -0.0154156 -0.0132529 -0.0111408 -0.00917619 -0.00746252 -0.00596772 -0.004778 -0.00378088 -0.00300197 -0.0023746 -0.00186417 -0.00149448 -0.00117936 -0.000988759 -0.000822207 -0.000736863 -0.000669333 -0.000628645 -0.000616121 -0.000587076 -0.000599106 -0.000572561 -0.00059053 -0.000568783 -0.000582062 -0.000569272 -0.000572894 -0.000570934 -0.000564132 -0.00057206 -0.000556808 -0.000571849 -0.00055139 -0.000570176 -0.000547839 -0.000567339 -0.000545818 -0.000563814 -0.000544887 -0.000560082 -0.000544633 -0.00055653 -0.000544734 -0.000553426 -0.000544974 -0.000550931 -0.000545222 -0.000549123 -0.00054541 -0.000548034 -0.000545509 -0.00054767 -0.000545509 -0.000548034 -0.00054541 -0.000549123 -0.000545222 -0.000550931 -0.000544974 -0.000553426 -0.000544734 -0.00055653 -0.000544633 -0.000560082 -0.000544887 -0.000563814 -0.000545818 -0.000567339 -0.000547839 -0.000570176 -0.00055139 -0.000571848 -0.000556807 -0.000572058 -0.000564126 -0.000570917 -0.000572847 -0.000569146 -0.000581732 -0.000567949 -0.000588511 -0.000567874 -0.000588683 -0.000564881 -0.000570906 -0.000540593 -0.000505511 -0.000445795 -0.00032835 -0.000188139 6.25197e-05 0.000353334 0.000783611 0.00129903 0.00196502 0.00280588 0.00383098 0.00514424 0.00668391 0.00852691 0.0105571 0.0127349 0.0149907 0.0171913 0.0193284 0.0211876 0.0226744 0.0235953 0.0237976 0.0232863 0.0219481 0.0198569 0.0170032 0.0134631 0.00948162 0.00517404 0.000806736 -0.00346167 -0.0074816 -0.0109855 -0.0139357 -0.0162335 -0.0178386 -0.01883 -0.0191623 -0.018979 -0.0184077 -0.0174626 -0.0163261 -0.0150644 -0.0137234 -0.0124465 -0.0112062 -0.0100436 -0.00904524 -0.00813139 -0.00733418 -0.00669251 -0.00611251 -0.00563259 -0.00527201 -0.00493171 -0.00464827 -0.004456 -0.0042757 -0.00411863 -0.00401434 -0.00391909 -0.00384201 -0.00379734 -0.00375633 
0 0.000221887 0.000379148 0.000600926 0.000873203 0.00107777 0.00129281 0.00158939 0.00190322 0.00224066 0.00264445 0.00310125 0.00362094 0.00424043 0.00498164 0.00584035 0.00682811 0.007993 0.00931131 0.010742 0.0123204 0.0140073 0.0157127 0.0173789 0.0189019 0.0201783 0.0210623 0.0213855 0.0210801 0.020024 0.0181153 0.0153643 0.0117703 0.00745049 0.00254951 -0.0027745 -0.00823072 -0.013597 -0.0186038 -0.0229907 -0.0266073 -0.0292662 -0.030938 -0.0316063 -0.031295 -0.03016 -0.0283059 -0.0259693 -0.0233139 -0.0204878 -0.0176618 -0.0148962 -0.0123529 -0.0100681 -0.00810922 -0.00648918 -0.00514754 -0.00409455 -0.00322518 -0.00255988 -0.00202798 -0.00162748 -0.0013423 -0.00112417 -0.00100086 -0.000895291 -0.000855059 -0.000810167 -0.000798802 -0.000785082 -0.000776276 -0.000779273 -0.0007654 -0.000776975 -0.00075921 -0.000773369 -0.000755547 -0.000767708 -0.000753352 -0.000760605 -0.000751838 -0.000752984 -0.000750439 -0.000745656 -0.000748845 -0.000739154 -0.000746977 -0.000733737 -0.000744907 -0.000729449 -0.000742792 -0.000726202 -0.000740804 -0.000723852 -0.0007391 -0.000722244 -0.0007378 -0.000721249 -0.000736989 -0.000720775 -0.000736714 -0.000720775 -0.000736989 -0.000721249 -0.0007378 -0.000722244 -0.0007391 -0.000723852 -0.000740804 -0.000726202 -0.000742792 -0.000729449 -0.000744907 -0.000733737 -0.000746977 -0.000739154 -0.000748845 -0.000745656 -0.000750439 -0.000752984 -0.000751837 -0.000760604 -0.000753348 -0.000767698 -0.000755515 -0.000773282 -0.000758977 -0.000776376 -0.000763927 -0.000775792 -0.000768387 -0.000767945 -0.000763147 -0.00073916 -0.000719786 -0.000648866 -0.000571647 -0.000409144 -0.000201878 0.000117172 0.000539735 0.00109095 0.00181582 0.00270381 0.00385378 0.00525233 0.00699447 0.00906581 0.0114566 0.0141329 0.0169647 0.0199087 0.0227934 0.0255188 0.0279043 0.0297367 0.0308756 0.0311136 0.030398 0.0286539 0.0258775 0.0221767 0.0176365 0.012496 0.00696382 0.00128667 -0.00423038 -0.00939726 -0.0139866 -0.0178543 -0.0209133 -0.0230751 -0.0244134 -0.0249905 -0.0248676 -0.0241878 -0.0230701 -0.021667 -0.0200842 -0.0183808 -0.0166979 -0.0151032 -0.0135936 -0.0122244 -0.0110274 -0.00998721 -0.00908025 -0.00830329 -0.00766331 -0.00711463 -0.00665353 -0.00631552 -0.00602141 -0.00573657 -0.00554908 -0.0054173 -0.00526045 -0.0051494 -0.00509758 -0.00503958 
0 0.000283962 0.000512089 0.000772477 0.00107777 0.00136303 0.00168079 0.00206594 0.00244982 0.00286653 0.00339987 0.00400477 0.00467229 0.00549246 0.00645423 0.0075269 0.00878546 0.0102454 0.0118678 0.0136585 0.0155903 0.017624 0.0196764 0.0216005 0.0233455 0.0247911 0.0256914 0.0259439 0.0254374 0.024017 0.021619 0.0181684 0.0137554 0.0085342 0.00258671 -0.00381354 -0.0103853 -0.0168237 -0.0227828 -0.0280805 -0.0324436 -0.0356948 -0.0377681 -0.0385961 -0.0383241 -0.0370306 -0.0348936 -0.0321414 -0.0289269 -0.0255294 -0.0220635 -0.0187128 -0.0155978 -0.0127698 -0.0103489 -0.00827494 -0.00659863 -0.00523058 -0.00413787 -0.00329212 -0.00260693 -0.00212003 -0.00172625 -0.00147449 -0.00128228 -0.00116321 -0.00109149 -0.00103158 -0.00101852 -0.000980159 -0.000988113 -0.000959918 -0.000969461 -0.000951362 -0.000953951 -0.000947389 -0.000940695 -0.000945093 -0.00093032 -0.000943057 -0.0009231 -0.000940624 -0.000918737 -0.000937636 -0.000916583 -0.000934232 -0.000915908 -0.000930675 -0.00091607 -0.00092724 -0.0009166 -0.00092415 -0.0009172 -0.000921562 -0.000917717 -0.00091957 -0.000918089 -0.000918224 -0.000918307 -0.000917547 -0.000918378 -0.000917547 -0.000918307 -0.000918224 -0.000918089 -0.00091957 -0.000917717 -0.000921562 -0.0009172 -0.00092415 -0.0009166 -0.00092724 -0.00091607 -0.000930675 -0.000915908 -0.000934232 -0.000916583 -0.000937636 -0.000918737 -0.000940624 -0.000923099 -0.000943055 -0.000930312 -0.000945072 -0.000940636 -0.000947228 -0.000953532 -0.000950316 -0.00096695 -0.000954133 -0.000975326 -0.000953067 -0.000963539 -0.000924724 -0.000892728 -0.000809403 -0.000679381 -0.000490266 -0.000184651 0.000202386 0.000769741 0.00146701 0.00239664 0.00355251 0.00500192 0.00681135 0.00897036 0.0115591 0.0144768 0.0177289 0.0211869 0.0247326 0.0282488 0.0314831 0.0342979 0.0364201 0.0376868 0.0379417 0.0370002 0.0348546 0.0314564 0.0269564 0.0215393 0.0153649 0.00874765 0.00194027 -0.00470117 -0.0108764 -0.0164451 -0.0211788 -0.0249581 -0.0277216 -0.0294682 -0.0303447 -0.0303872 -0.0296895 -0.0284819 -0.0268909 -0.0250411 -0.0230588 -0.0210408 -0.0191154 -0.0172982 -0.0155871 -0.0140834 -0.0127742 -0.0115953 -0.0106046 -0.00979947 -0.00909332 -0.00849548 -0.00802593 -0.00762725 -0.00728802 -0.00703179 -0.00682111 -0.00664061 -0.00652386 -0.00644006 -0.00634913 
0 0.000291388 0.000657238 0.000990192 0.00129281 0.00168079 0.00211321 0.00253861 0.00302811 0.00359908 0.00423848 0.00498554 0.00585059 0.00685157 0.0080274 0.00937373 0.010909 0.0126594 0.0145965 0.0167005 0.0189484 0.0212713 0.0235663 0.025714 0.0276063 0.0290801 0.0299331 0.0300208 0.0292101 0.0273809 0.0244325 0.0203287 0.0151844 0.00912168 0.00229439 -0.00503196 -0.0125515 -0.0198767 -0.0266982 -0.0327675 -0.0377967 -0.0416027 -0.0440302 -0.0450784 -0.0448625 -0.0434829 -0.0411529 -0.0380389 -0.0343908 -0.0304673 -0.0264544 -0.0225784 -0.0189216 -0.0156159 -0.0127085 -0.0102162 -0.00816668 -0.00647484 -0.00514654 -0.00407786 -0.00325674 -0.00262852 -0.0021501 -0.00182282 -0.00157088 -0.00142765 -0.00131128 -0.00125819 -0.00121315 -0.00119115 -0.00118058 -0.00116311 -0.00116854 -0.00114883 -0.00116043 -0.00114012 -0.00115174 -0.00113431 -0.00114206 -0.00113018 -0.00113211 -0.00112688 -0.00112267 -0.00112389 -0.0011143 -0.00112091 -0.00110729 -0.00111791 -0.00110168 -0.00111494 -0.00109736 -0.00111217 -0.00109415 -0.00110975 -0.00109188 -0.00110782 -0.00109038 -0.00110648 -0.00108953 -0.00110579 -0.00108925 -0.00110579 -0.00108953 -0.00110648 -0.00109038 -0.00110782 -0.00109188 -0.00110975 -0.00109415 -0.00111217 -0.00109736 -0.00111494 -0.00110168 -0.00111791 -0.00110729 -0.00112091 -0.0011143 -0.00112389 -0.00112267 -0.00112688 -0.00113211 -0.00113017 -0.00114205 -0.00113427 -0.00115163 -0.00113983 -0.0011597 -0.00114705 -0.00116437 -0.00115374 -0.00116041 -0.00114947 -0.00113068 -0.0011019 -0.00102763 -0.000934607 -0.000749535 -0.00050981 -0.000131643 0.000364385 0.00104036 0.00192321 0.00304247 0.00448615 0.00625898 0.00846509 0.0110815 0.0141402 0.0175961 0.0213699 0.0254014 0.0295014 0.0335278 0.0372114 0.0403207 0.0426464 0.0439606 0.0441337 0.0429719 0.0404095 0.0364782 0.0312962 0.0251057 0.0180947 0.0105477 0.00280776 -0.00478333 -0.0118866 -0.0183034 -0.023838 -0.0283109 -0.031661 -0.0338949 -0.0351033 -0.0353768 -0.0348199 -0.0336218 -0.031953 -0.0299524 -0.0277542 -0.0254846 -0.0232539 -0.0211188 -0.0191287 -0.0173281 -0.0157204 -0.0143144 -0.0130991 -0.0120547 -0.0111908 -0.0104585 -0.00981718 -0.00931829 -0.0089325 -0.00857475 -0.00828469 -0.00809142 -0.00792429 -0.0077826 -0.00770934 
0 0.000361557 0.000773762 0.00117408 0.00158939 0.00206594 0.00253861 0.00304822 0.0036925 0.00440759 0.00517126 0.00608471 0.00715473 0.00836155 0.0097626 0.0113828 0.0132142 0.0152496 0.017474 0.0198766 0.0223916 0.0249179 0.027386 0.029672 0.0315884 0.0329783 0.0336791 0.0335089 0.0323278 0.0300201 0.0265096 0.0218111 0.0159926 0.00919265 0.00162531 -0.00646159 -0.0147174 -0.0227708 -0.0303045 -0.0369981 -0.0425994 -0.0468701 -0.0496519 -0.0509574 -0.0508446 -0.0494773 -0.0470203 -0.0436607 -0.0396799 -0.035314 -0.0308515 -0.0264812 -0.0223461 -0.0185733 -0.0151943 -0.0122936 -0.00984132 -0.00783805 -0.00623199 -0.00494967 -0.00396794 -0.00319204 -0.00262948 -0.0022003 -0.00190655 -0.0017032 -0.00156395 -0.00148803 -0.00142355 -0.00140548 -0.00137255 -0.00137295 -0.00135458 -0.00135548 -0.00134688 -0.00134198 -0.00134152 -0.00133013 -0.00133597 -0.00131988 -0.0013296 -0.00131137 -0.00132251 -0.00130455 -0.00131511 -0.00129921 -0.00130787 -0.00129506 -0.00130118 -0.00129184 -0.00129533 -0.00128934 -0.00129048 -0.00128745 -0.00128672 -0.00128607 -0.00128405 -0.00128516 -0.00128245 -0.00128471 -0.00128193 -0.00128471 -0.00128245 -0.00128516 -0.00128405 -0.00128607 -0.00128672 -0.00128745 -0.00129048 -0.00128934 -0.00129533 -0.00129184 -0.00130118 -0.00129506 -0.00130787 -0.00129921 -0.00131511 -0.00130455 -0.00132251 -0.00131137 -0.0013296 -0.00131987 -0.00133595 -0.00133006 -0.00134133 -0.00134148 -0.00134564 -0.00135252 -0.00134782 -0.00135814 -0.00134144 -0.00134284 -0.00130268 -0.00126461 -0.00116829 -0.00103159 -0.000812636 -0.00048748 -4.44849e-05 0.000581733 0.00138386 0.0024561 0.00380763 0.0055324 0.00767189 0.0102624 0.0133419 0.0168552 0.0208013 0.0250706 0.0295802 0.0341642 0.0385825 0.0426013 0.0459179 0.0483336 0.0496366 0.0496459 0.0482324 0.0452878 0.0408814 0.0351502 0.0283051 0.0206138 0.0123447 0.00386293 -0.00447723 -0.0123661 -0.0195193 -0.0257389 -0.0308664 -0.0348112 -0.0375758 -0.039197 -0.0397805 -0.0394821 -0.0384332 -0.0367886 -0.0347389 -0.032432 -0.0299838 -0.027507 -0.0251024 -0.0228544 -0.0207788 -0.0188817 -0.0172289 -0.0157932 -0.0145008 -0.0134142 -0.0125437 -0.0117797 -0.0111284 -0.0106254 -0.010205 -0.00985591 -0.0095927 -0.00936499 -0.009191 -0.00911479 
0 0.000471123 0.000911499 0.00137734 0.00190322 0.00244982 0.00302811 0.0036925 0.00443733 0.00526352 0.00621657 0.00732225 0.00860286 0.0100627 0.011703 0.0135865 0.0157058 0.0179927 0.0204886 0.0231683 0.0258781 0.0285529 0.0311176 0.0333956 0.0352156 0.0364063 0.0368276 0.0363262 0.0347044 0.0318787 0.0278375 0.0225733 0.0161586 0.00874063 0.000558779 -0.00808877 -0.0168925 -0.0255002 -0.033559 -0.0407473 -0.0467829 -0.0514421 -0.0545805 -0.0561583 -0.0562369 -0.0549499 -0.0524596 -0.0489782 -0.0447568 -0.0400788 -0.0352314 -0.0304328 -0.0258643 -0.021632 -0.017821 -0.0144903 -0.0116517 -0.00931376 -0.0074162 -0.00591828 -0.00474361 -0.00383726 -0.00315479 -0.00264006 -0.00227934 -0.00201574 -0.00184824 -0.00173014 -0.00166001 -0.00161433 -0.00158291 -0.00156852 -0.00154896 -0.00154674 -0.00153068 -0.00153237 -0.00151897 -0.0015207 -0.00151087 -0.00151068 -0.00150508 -0.00150213 -0.0015007 -0.00149499 -0.00149713 -0.00148914 -0.00149399 -0.0014844 -0.0014911 -0.00148063 -0.00148844 -0.00147768 -0.00148607 -0.00147542 -0.00148409 -0.00147378 -0.0014826 -0.00147272 -0.00148167 -0.00147219 -0.00148136 -0.00147219 -0.00148167 -0.00147272 -0.0014826 -0.00147378 -0.00148409 -0.00147542 -0.00148607 -0.00147768 -0.00148844 -0.00148063 -0.0014911 -0.0014844 -0.00149399 -0.00148914 -0.00149713 -0.00149499 -0.0015007 -0.00150213 -0.00150507 -0.00151066 -0.00151082 -0.00152057 -0.00151862 -0.00153151 -0.0015286 -0.00154192 -0.00153823 -0.0015456 -0.00153595 -0.00152211 -0.00148646 -0.00141717 -0.00130717 -0.00111833 -0.000849185 -0.000444985 0.000100437 0.00084565 0.0018204 0.00308432 0.00470433 0.00673279 0.00924184 0.0122413 0.0157472 0.0197158 0.0240959 0.0288097 0.0337238 0.0386669 0.0433801 0.0475911 0.051025 0.053442 0.0546442 0.0544498 0.0527335 0.049446 0.0446401 0.0384592 0.0311171 0.0228871 0.0140981 0.00509082 -0.00381319 -0.0122896 -0.0200484 -0.0268511 -0.0325558 -0.0371068 -0.0404339 -0.0425455 -0.0435567 -0.0435994 -0.0428172 -0.0413307 -0.0393215 -0.0370136 -0.0344924 -0.0318525 -0.0292629 -0.0267835 -0.0244392 -0.0222844 -0.0203479 -0.0186545 -0.0171729 -0.0158679 -0.0147826 -0.0138845 -0.0130913 -0.0124353 -0.011929 -0.0115019 -0.0111526 -0.010908 -0.0107235 -0.0105656 
0 0.000532753 0.00107932 0.00165427 0.00224066 0.00286653 0.00359908 0.00440759 0.00526352 0.0062567 0.00742011 0.00872546 0.0102208 0.011927 0.0138421 0.0160059 0.0183784 0.020927 0.0236736 0.0265174 0.0293491 0.0321065 0.0346415 0.0368067 0.0384277 0.039312 0.0393648 0.0384119 0.036272 0.0329224 0.0283456 0.022568 0.0156645 0.0077643 -0.000839146 -0.00986519 -0.0190377 -0.0280095 -0.0364476 -0.043988 -0.0503506 -0.055344 -0.058804 -0.0606836 -0.0609948 -0.0598462 -0.0574177 -0.0539048 -0.0495741 -0.0446981 -0.0395647 -0.0344276 -0.0294682 -0.0248319 -0.0206051 -0.0168604 -0.0136372 -0.0109383 -0.00874065 -0.00698371 -0.00560492 -0.00453625 -0.00371908 -0.00310851 -0.0026601 -0.00234385 -0.00212613 -0.00198209 -0.00189098 -0.0018321 -0.00179849 -0.00177436 -0.00176168 -0.00174982 -0.00174273 -0.00173543 -0.00172882 -0.00172391 -0.00171659 -0.00171338 -0.00170552 -0.00170352 -0.00169564 -0.00169437 -0.00168702 -0.00168607 -0.00167966 -0.00167873 -0.0016735 -0.00167244 -0.00166846 -0.00166723 -0.00166446 -0.0016631 -0.00166142 -0.00166004 -0.00165929 -0.00165803 -0.00165803 -0.00165702 -0.00165761 -0.00165702 -0.00165803 -0.00165803 -0.00165929 -0.00166004 -0.00166142 -0.0016631 -0.00166446 -0.00166723 -0.00166846 -0.00167244 -0.0016735 -0.00167873 -0.00167966 -0.00168607 -0.00168702 -0.00169437 -0.00169564 -0.00170352 -0.00170551 -0.00171335 -0.00171651 -0.00172368 -0.00172823 -0.00173399 -0.00173934 -0.00174215 -0.00174501 -0.00173961 -0.00172904 -0.00169903 -0.0016466 -0.00155181 -0.00139944 -0.00116514 -0.000820262 -0.00033713 0.00032439 0.00120246 0.00235247 0.00383664 0.00572275 0.0080809 0.0109524 0.0143596 0.0182821 0.0226745 0.0274727 0.0325682 0.0378237 0.0430208 0.0479035 0.0521944 0.0556154 0.0579415 0.0589464 0.0584758 0.0564372 0.0528139 0.0476951 0.0411865 0.0335048 0.0249399 0.0158165 0.00648755 -0.00278263 -0.0116839 -0.0198959 -0.0271997 -0.0334263 -0.038522 -0.0424209 -0.0450687 -0.0465848 -0.0470795 -0.0466608 -0.0454852 -0.0436834 -0.0414563 -0.0389586 -0.036263 -0.0335304 -0.0308641 -0.0282985 -0.0259187 -0.023737 -0.021763 -0.020057 -0.018562 -0.017229 -0.0161182 -0.0152116 -0.0144323 -0.0137758 -0.013253 -0.0128439 -0.0125263 -0.0122841 -0.01211 
0 0.00062402 0.00125901 0.00193318 0.00264445 0.00339987 0.00423848 0.00517126 0.00621657 0.00742011 0.00878531 0.0103091 0.0120327 0.0139976 0.016205 0.0186144 0.0212225 0.0240397 0.0269577 0.0298808 0.0327808 0.0355048 0.0378932 0.0398322 0.0411214 0.0416212 0.0412045 0.0396931 0.0370258 0.0331492 0.0280565 0.0218354 0.0145234 0.00630529 -0.00254665 -0.0117997 -0.0211438 -0.0303077 -0.0389455 -0.0466823 -0.0532884 -0.0585359 -0.062303 -0.0645008 -0.0650818 -0.0641648 -0.0618768 -0.0584509 -0.0541283 -0.049158 -0.0438501 -0.0384312 -0.0331452 -0.0281356 -0.0235166 -0.0193845 -0.0157683 -0.0127194 -0.0101955 -0.00817087 -0.00656879 -0.00531737 -0.00436258 -0.00363035 -0.00309878 -0.00270547 -0.00243892 -0.00225368 -0.00213507 -0.0020606 -0.00201081 -0.00198519 -0.00196174 -0.00195353 -0.00193908 -0.00193533 -0.00192467 -0.00192094 -0.00191292 -0.00190806 -0.00190239 -0.0018964 -0.00189276 -0.00188604 -0.001884 -0.00187703 -0.00187616 -0.00186935 -0.00186931 -0.00186296 -0.0018635 -0.00185778 -0.00185874 -0.00185373 -0.00185505 -0.00185075 -0.00185242 -0.00184879 -0.00185084 -0.00184782 -0.00185032 -0.00184782 -0.00185084 -0.00184879 -0.00185242 -0.00185075 -0.00185505 -0.00185373 -0.00185874 -0.00185778 -0.0018635 -0.00186296 -0.00186931 -0.00186935 -0.00187616 -0.00187703 -0.001884 -0.00188604 -0.00189276 -0.0018964 -0.00190237 -0.001908 -0.00191277 -0.00192054 -0.00192368 -0.00193297 -0.00193367 -0.00194156 -0.00193637 -0.00193356 -0.00191009 -0.0018722 -0.00179719 -0.00167249 -0.00147913 -0.00118134 -0.000765782 -0.000176615 0.000602112 0.00164289 0.00298688 0.00471545 0.00690029 0.00959218 0.0128478 0.016641 0.0209704 0.0257527 0.0309172 0.0363402 0.0418286 0.0471807 0.0520982 0.0563455 0.05965 0.0617722 0.0625236 0.0617224 0.0593569 0.0554348 0.0500479 0.0433366 0.0354562 0.0267349 0.0174736 0.00797985 -0.00145117 -0.0105873 -0.0191016 -0.0267762 -0.0334742 -0.0390539 -0.043491 -0.0467388 -0.0488209 -0.0498575 -0.0499143 -0.049147 -0.0477082 -0.0456875 -0.0432866 -0.0406605 -0.0378793 -0.0350743 -0.0323514 -0.0297748 -0.0273785 -0.0251595 -0.0231749 -0.0214546 -0.0199295 -0.0185985 -0.0174986 -0.0165768 -0.0157942 -0.0151669 -0.0146615 -0.0142368 -0.0139277 -0.0137571 
0 0.000745402 0.00147088 0.00224756 0.00310125 0.00400477 0.00498554 0.00608471 0.00732225 0.00872546 0.0103091 0.0120815 0.0140787 0.016324 0.0187763 0.0214049 0.024245 0.0272428 0.0302544 0.0332305 0.0360984 0.0386746 0.0408137 0.0423763 0.0432302 0.0432511 0.0422517 0.0401612 0.0369606 0.0325677 0.0270287 0.0204082 0.0128017 0.00442542 -0.00454767 -0.0138505 -0.0232084 -0.0323886 -0.0410276 -0.0488473 -0.0555864 -0.0610318 -0.0650875 -0.0675852 -0.0685021 -0.0678775 -0.0658306 -0.0626078 -0.058385 -0.0534495 -0.0480445 -0.042431 -0.0368762 -0.0315239 -0.0265605 -0.0220422 -0.0180618 -0.0146518 -0.0117956 -0.00949265 -0.00763729 -0.00620273 -0.00507727 -0.004227 -0.00358812 -0.00311377 -0.00278776 -0.00254645 -0.00240292 -0.00229167 -0.0022365 -0.0021888 -0.00216647 -0.0021475 -0.00213302 -0.00212747 -0.00211296 -0.00211415 -0.00209882 -0.00210312 -0.00208818 -0.00209319 -0.00207997 -0.00208409 -0.00207345 -0.00207582 -0.0020681 -0.00206845 -0.00206359 -0.00206205 -0.00205976 -0.00205667 -0.00205655 -0.00205234 -0.00205397 -0.00204908 -0.00205207 -0.00204691 -0.00205091 -0.00204582 -0.00205052 -0.00204582 -0.00205091 -0.00204691 -0.00205207 -0.00204908 -0.00205397 -0.00205234 -0.00205655 -0.00205667 -0.00205976 -0.00206205 -0.00206359 -0.00206845 -0.0020681 -0.00207582 -0.00207345 -0.00208409 -0.00207996 -0.00209318 -0.00208814 -0.00210302 -0.00209855 -0.00211349 -0.00211135 -0.00212369 -0.00212454 -0.0021292 -0.00212859 -0.00211354 -0.00209312 -0.0020297 -0.00194385 -0.00177432 -0.00153971 -0.00117116 -0.000667997 2.77813e-05 0.000957418 0.00216454 0.00374486 0.00573248 0.0082441 0.0112872 0.0149167 0.0191018 0.0237936 0.0289454 0.03441 0.040084 0.0457165 0.0510911 0.0559458 0.0600134 0.0631002 0.0649282 0.0653466 0.064214 0.0615106 0.0573351 0.0517374 0.0448971 0.03698 0.028246 0.0190231 0.009538 9.75022e-05 -0.00906017 -0.0177195 -0.025639 -0.0326976 -0.0387326 -0.0436652 -0.0475218 -0.0502486 -0.0518792 -0.0525098 -0.0522486 -0.0512494 -0.0495903 -0.0474135 -0.044939 -0.0422466 -0.0394075 -0.0365727 -0.0338331 -0.0312297 -0.0288006 -0.02658 -0.0246014 -0.0228692 -0.021355 -0.0200301 -0.0189038 -0.0179882 -0.0172299 -0.0165971 -0.0161256 -0.01578 -0.015501 
0 0.000847208 0.00173499 0.00265914 0.00362094 0.00467229 0.00585059 0.00715473 0.00860286 0.0102208 0.0120327 0.0140787 0.0163587 0.0188389 0.0215206 0.0243997 0.0274181 0.0304928 0.0335425 0.0364766 0.0391765 0.0414965 0.0432714 0.0443763 0.0447232 0.0441479 0.042519 0.0398335 0.0360634 0.0311945 0.0252592 0.0183285 0.0105893 0.00218078 -0.00674839 -0.0159413 -0.0251863 -0.034203 -0.0427244 -0.0505199 -0.0573003 -0.0629128 -0.0671847 -0.0699759 -0.0712457 -0.0709537 -0.0692568 -0.0663076 -0.0623088 -0.0575113 -0.052109 -0.0464165 -0.0406444 -0.035031 -0.0297438 -0.0248706 -0.0205403 -0.0167496 -0.0135669 -0.0109358 -0.00882211 -0.00716165 -0.00585224 -0.0048692 -0.00410142 -0.0035559 -0.00314388 -0.00286747 -0.00267617 -0.00254717 -0.00247505 -0.00241357 -0.00239438 -0.00235924 -0.00235777 -0.00233359 -0.00233431 -0.00231741 -0.00231459 -0.00230453 -0.00229679 -0.00229312 -0.002281 -0.00228267 -0.00226747 -0.00227308 -0.00225624 -0.0022644 -0.00224717 -0.00225675 -0.00224003 -0.00225024 -0.00223456 -0.00224495 -0.00223055 -0.00224096 -0.00222781 -0.00223828 -0.00222622 -0.00223694 -0.00222569 -0.00223694 -0.00222622 -0.00223828 -0.00222781 -0.00224096 -0.00223055 -0.00224495 -0.00223456 -0.00225024 -0.00224003 -0.00225675 -0.00224717 -0.0022644 -0.00225624 -0.00227307 -0.00226747 -0.00228267 -0.00228099 -0.0022931 -0.00229672 -0.00230436 -0.00231414 -0.00231632 -0.00233171 -0.00232766 -0.00234475 -0.0023318 -0.00233888 -0.00230586 -0.00227455 -0.00218914 -0.00206265 -0.00185756 -0.00154436 -0.00111241 -0.000489227 0.000318761 0.0014179 0.00281819 0.00463676 0.00692181 0.00974383 0.0131587 0.0171343 0.0216934 0.0267241 0.0321855 0.037919 0.043745 0.0494536 0.0547473 0.0594334 0.0632373 0.0659739 0.0674361 0.0674364 0.0659437 0.0629249 0.0584999 0.0527725 0.0458776 0.0380563 0.0294905 0.0204468 0.0111577 0.00185289 -0.0071913 -0.0158324 -0.0238982 -0.031203 -0.0376158 -0.0430208 -0.04742 -0.0507919 -0.053077 -0.0543482 -0.0547087 -0.0542456 -0.0530651 -0.0512796 -0.0490415 -0.0464987 -0.043751 -0.0408989 -0.0380491 -0.0352924 -0.0326924 -0.0302779 -0.0280572 -0.026062 -0.0243289 -0.0228232 -0.0215021 -0.0203925 -0.0194863 -0.0187423 -0.0181713 -0.0177431 -0.0174061 
0 0.00100412 0.00204015 0.00310393 0.00424043 0.00549246 0.00685157 0.00836155 0.0100627 0.011927 0.0139976 0.016324 0.0188389 0.0215349 0.0244611 0.0275331 0.0306407 0.0337392 0.0367427 0.0395215 0.041943 0.0438728 0.0451887 0.0457697 0.045494 0.0442584 0.0420021 0.0387102 0.0344012 0.0290967 0.0228282 0.0157259 0.00795534 -0.00037151 -0.00910626 -0.0180714 -0.0270376 -0.0357553 -0.0440507 -0.0516943 -0.0584648 -0.0641726 -0.0686189 -0.0717078 -0.0733249 -0.0734494 -0.0721657 -0.0695776 -0.0659045 -0.0613093 -0.0560288 -0.05032 -0.0444169 -0.0386015 -0.0330186 -0.0278462 -0.0231593 -0.0190247 -0.0154965 -0.0125347 -0.0101501 -0.00822924 -0.00674003 -0.00557969 -0.00469489 -0.00404085 -0.00354646 -0.00321529 -0.00296419 -0.00281879 -0.00270478 -0.00264731 -0.0026012 -0.00257474 -0.00255949 -0.00253917 -0.00253784 -0.00251664 -0.00252147 -0.0024996 -0.00250638 -0.00248588 -0.00249196 -0.00247463 -0.00247846 -0.00246536 -0.00246626 -0.00245766 -0.00245561 -0.00245127 -0.00244665 -0.00244601 -0.00243942 -0.00244182 -0.00243389 -0.00243867 -0.00243 -0.00243656 -0.00242769 -0.0024355 -0.00242693 -0.0024355 -0.00242769 -0.00243656 -0.00243 -0.00243867 -0.00243389 -0.00244182 -0.00243942 -0.00244601 -0.00244665 -0.00245127 -0.00245561 -0.00245766 -0.00246626 -0.00246536 -0.00247846 -0.00247463 -0.00249194 -0.00248584 -0.00250627 -0.00249931 -0.00252074 -0.00251488 -0.00253375 -0.00253003 -0.00253989 -0.00253436 -0.00252137 -0.00249587 -0.00242917 -0.00233746 -0.00215695 -0.00191354 -0.00152388 -0.00100435 -0.000274016 0.000687918 0.0019485 0.00358855 0.00565552 0.00826498 0.0114205 0.0151935 0.0195341 0.0244201 0.029781 0.0354868 0.0414189 0.0473189 0.0529792 0.0581182 0.0625116 0.0659685 0.0682623 0.0692651 0.0688288 0.0669424 0.0636508 0.0590183 0.0532076 0.0463636 0.0387099 0.0304423 0.0217136 0.0127463 0.00374498 -0.00507745 -0.0135683 -0.0216245 -0.0290704 -0.0357548 -0.0415855 -0.046499 -0.0504586 -0.053429 -0.0554095 -0.0564484 -0.0566151 -0.0560039 -0.0547241 -0.0528719 -0.0505691 -0.0479927 -0.0452523 -0.0423923 -0.0395402 -0.0368107 -0.0342143 -0.0317861 -0.0295754 -0.0275915 -0.0258561 -0.0243634 -0.0230768 -0.021999 -0.0211161 -0.0203902 -0.0198468 -0.0195082 
0 0.00117997 0.00237902 0.00362612 0.00498164 0.00645423 0.0080274 0.0097626 0.011703 0.0138421 0.016205 0.0187763 0.0215206 0.0244611 0.0275563 0.0307037 0.0338401 0.0368857 0.0397421 0.0422716 0.0442978 0.04574 0.0465153 0.0464556 0.0454819 0.0435717 0.0406864 0.0368342 0.0320371 0.026349 0.0198681 0.0127009 0.00498706 -0.00314505 -0.0115892 -0.0201858 -0.0287365 -0.0370638 -0.0450143 -0.0524288 -0.0591125 -0.0648428 -0.0694496 -0.0728019 -0.0747932 -0.0753803 -0.0745593 -0.072429 -0.0691335 -0.0648365 -0.0597581 -0.054111 -0.0481754 -0.0421973 -0.0363918 -0.0309376 -0.0259262 -0.0214667 -0.017581 -0.0143044 -0.0116072 -0.00943137 -0.00772319 -0.0063779 -0.00535975 -0.00457417 -0.00400322 -0.00358291 -0.00328948 -0.00309322 -0.00295491 -0.00287808 -0.00281381 -0.00278936 -0.0027561 -0.00274922 -0.00272951 -0.00272543 -0.00271372 -0.00270735 -0.00270189 -0.00269212 -0.00269174 -0.00267906 -0.00268248 -0.00266793 -0.00267388 -0.00265856 -0.00266596 -0.0026508 -0.00265887 -0.0026445 -0.00265278 -0.00263956 -0.00264786 -0.00263591 -0.00264425 -0.00263349 -0.00264205 -0.00263229 -0.00264131 -0.00263229 -0.00264205 -0.00263349 -0.00264425 -0.00263591 -0.00264786 -0.00263956 -0.00265278 -0.0026445 -0.00265887 -0.0026508 -0.00266596 -0.00265856 -0.00267388 -0.00266793 -0.00268248 -0.00267905 -0.00269171 -0.00269205 -0.0027017 -0.00270687 -0.00271254 -0.00272265 -0.00272318 -0.0027354 -0.00272712 -0.00273098 -0.00270096 -0.00266873 -0.00258219 -0.00245613 -0.00224286 -0.00192773 -0.00147727 -0.000842245 -1.1411e-06 0.00113102 0.00258446 0.0044686 0.00683183 0.00975732 0.0132788 0.0173929 0.0220906 0.0272865 0.0329205 0.0388364 0.0448628 0.0507618 0.0562661 0.0611508 0.0651789 0.0681805 0.0699787 0.0704501 0.0695514 0.0672849 0.0637258 0.0589564 0.053114 0.0463963 0.0389961 0.0310821 0.0227861 0.0142559 0.00567738 -0.00279151 -0.011037 -0.0189403 -0.0263834 -0.0332491 -0.0394199 -0.0448072 -0.0493265 -0.052944 -0.0556604 -0.0574246 -0.0582664 -0.0583061 -0.0576158 -0.0562736 -0.0543844 -0.0520822 -0.0495233 -0.0467771 -0.0439194 -0.0410924 -0.038358 -0.035765 -0.0333853 -0.0311973 -0.0292122 -0.0275022 -0.0260319 -0.0247578 -0.0237158 -0.0228944 -0.022258 -0.0218086 
0 0.00135616 0.00279273 0.00428566 0.00584035 0.0075269 0.00937373 0.0113828 0.0135865 0.0160059 0.0186144 0.0214049 0.0243997 0.0275331 0.0307037 0.0338783 0.0369703 0.0398533 0.0424416 0.0445742 0.046113 0.0470137 0.0471457 0.0463894 0.0447201 0.042122 0.0386302 0.03425 0.0290032 0.0230396 0.0164552 0.00933232 0.00180212 -0.0060471 -0.0140866 -0.0221977 -0.0302638 -0.0381238 -0.0456813 -0.0528053 -0.059314 -0.0650209 -0.069729 -0.0733186 -0.075684 -0.0767331 -0.0764354 -0.0748111 -0.071971 -0.0680622 -0.0632621 -0.0577917 -0.0518953 -0.0458393 -0.0398623 -0.0341525 -0.0288522 -0.0240559 -0.0198308 -0.016212 -0.0131925 -0.0107402 -0.00878354 -0.00725222 -0.00606766 -0.0051641 -0.00449066 -0.0039937 -0.00364529 -0.00339906 -0.00323928 -0.00313052 -0.00306336 -0.00301875 -0.00298834 -0.00296956 -0.00295069 -0.00294155 -0.00292575 -0.00292029 -0.00290588 -0.00290185 -0.00288911 -0.00288547 -0.0028749 -0.0028711 -0.00286296 -0.00285877 -0.00285306 -0.00284846 -0.002845 -0.00284008 -0.0028386 -0.00283355 -0.00283374 -0.00282876 -0.00283032 -0.00282563 -0.00282829 -0.00282407 -0.00282762 -0.00282407 -0.00282829 -0.00282563 -0.00283032 -0.00282876 -0.00283374 -0.00283355 -0.0028386 -0.00284008 -0.002845 -0.00284846 -0.00285306 -0.00285877 -0.00286296 -0.0028711 -0.00287489 -0.00288546 -0.00288907 -0.00290173 -0.00290557 -0.00291951 -0.00292388 -0.00293722 -0.00294108 -0.00294904 -0.00294624 -0.0029358 -0.00290648 -0.00284575 -0.00274301 -0.00256813 -0.0023069 -0.00191569 -0.00137192 -0.000623494 0.000370951 0.00167552 0.00336155 0.00550302 0.00817904 0.0114359 0.0153022 0.0197604 0.0247674 0.0302507 0.0360978 0.0421541 0.0482045 0.0539978 0.0592828 0.0638234 0.0674262 0.0699153 0.0711525 0.0710743 0.0696762 0.0670315 0.0632161 0.05833 0.0525331 0.045998 0.038924 0.0314384 0.0236438 0.0156736 0.00761671 -0.000409265 -0.00830865 -0.0159862 -0.0233129 -0.0302406 -0.0366598 -0.0424148 -0.0474343 -0.0516517 -0.0550432 -0.0575661 -0.0591606 -0.0599136 -0.0599 -0.059151 -0.0577892 -0.0559077 -0.053606 -0.0510508 -0.0483319 -0.0455136 -0.0427083 -0.0400014 -0.0374461 -0.0350752 -0.0329104 -0.0309756 -0.0292741 -0.0278234 -0.0266399 -0.02568 -0.0249199 -0.0243794 
0 0.00163684 0.00329442 0.00500995 0.00682811 0.00878546 0.010909 0.0132142 0.0157058 0.0183784 0.0212225 0.024245 0.0274181 0.0306407 0.0338401 0.0369703 0.0399136 0.0425352 0.0447146 0.0463417 0.0473418 0.0475969 0.0470058 0.0455492 0.0431835 0.0399384 0.0358854 0.0310164 0.0254399 0.0193082 0.0127032 0.00573658 -0.00153713 -0.00901004 -0.0165423 -0.0241063 -0.031603 -0.038949 -0.0460708 -0.0528264 -0.0591154 -0.0647386 -0.0695201 -0.0733442 -0.0760601 -0.0775921 -0.077829 -0.0767492 -0.074425 -0.0709491 -0.0665143 -0.0612881 -0.0555188 -0.0494655 -0.0433688 -0.0374675 -0.0318982 -0.0268031 -0.0222468 -0.0182885 -0.0149466 -0.0121883 -0.00997805 -0.00822222 -0.00686397 -0.00581468 -0.00502562 -0.00444058 -0.00401639 -0.00372283 -0.00351769 -0.00338809 -0.00329793 -0.00324577 -0.00320679 -0.00318434 -0.00316531 -0.00315196 -0.00314052 -0.00312941 -0.00312134 -0.00311091 -0.00310474 -0.00309496 -0.00309004 -0.00308116 -0.00307711 -0.00306932 -0.00306595 -0.00305935 -0.00305656 -0.00305114 -0.00304892 -0.00304464 -0.00304301 -0.00303981 -0.00303881 -0.0030366 -0.0030363 -0.003035 -0.00303546 -0.003035 -0.0030363 -0.0030366 -0.00303881 -0.00303981 -0.00304301 -0.00304464 -0.00304892 -0.00305114 -0.00305656 -0.00305935 -0.00306595 -0.00306932 -0.00307711 -0.00308115 -0.00309003 -0.00309493 -0.00310467 -0.00311071 -0.00312084 -0.00312817 -0.00313761 -0.00314537 -0.00315099 -0.0031544 -0.00314666 -0.00312982 -0.00308331 -0.00300667 -0.00286655 -0.00265404 -0.00232683 -0.0018622 -0.00121513 -0.000340636 0.000810815 0.0023179 0.00423944 0.0066734 0.00966407 0.0132679 0.0174771 0.0222628 0.0275718 0.0332939 0.0393198 0.0454357 0.0514296 0.0570316 0.0619974 0.0661303 0.0692202 0.071148 0.0717871 0.0711363 0.0692598 0.0662334 0.0621975 0.0572385 0.0515372 0.0452657 0.0385494 0.0315386 0.0242929 0.0169192 0.00947299 0.00195945 -0.00550594 -0.0128518 -0.0199916 -0.0268512 -0.033386 -0.0394212 -0.0448488 -0.0496209 -0.0536335 -0.0568565 -0.0592488 -0.0607705 -0.0614735 -0.0614057 -0.0606505 -0.0593037 -0.0574221 -0.0551525 -0.0526518 -0.0499732 -0.0471957 -0.044436 -0.0417605 -0.0392244 -0.0368912 -0.0347808 -0.032894 -0.0312637 -0.0298959 -0.0287546 -0.0278689 -0.0272787 
0 0.00192747 0.00384433 0.00585311 0.007993 0.0102454 0.0126594 0.0152496 0.0179927 0.020927 0.0240397 0.0272428 0.0304928 0.0337392 0.0368857 0.0398533 0.0425352 0.0447726 0.0464568 0.0475366 0.0479 0.0474205 0.0460884 0.0439132 0.0408864 0.0370627 0.0324904 0.0272528 0.0214815 0.0152694 0.00874951 0.00199926 -0.00494384 -0.0119387 -0.0189264 -0.0258803 -0.0327625 -0.0395718 -0.0461913 -0.0525512 -0.0585653 -0.0640564 -0.0689069 -0.0729265 -0.0759944 -0.0779916 -0.0787571 -0.0782621 -0.0764725 -0.0735009 -0.0694847 -0.0645754 -0.0590243 -0.0530335 -0.0469042 -0.0408464 -0.0350567 -0.0296884 -0.0248109 -0.0205336 -0.0168476 -0.0137887 -0.0112909 -0.00930071 -0.00774583 -0.00653119 -0.00562168 -0.00492299 -0.0044295 -0.00406296 -0.00382131 -0.0036523 -0.00354403 -0.00347699 -0.00342723 -0.00340485 -0.00337628 -0.00337046 -0.00334909 -0.00334805 -0.00333035 -0.00332953 -0.00331519 -0.00331293 -0.00330212 -0.00329796 -0.00329063 -0.00328472 -0.00328055 -0.00327331 -0.00327186 -0.00326379 -0.00326461 -0.00325619 -0.00325886 -0.00325051 -0.0032547 -0.00324673 -0.00325218 -0.00324485 -0.00325133 -0.00324485 -0.00325218 -0.00324673 -0.0032547 -0.00325051 -0.00325886 -0.00325619 -0.00326461 -0.00326379 -0.00327186 -0.00327331 -0.00328055 -0.00328472 -0.00329063 -0.00329796 -0.0033021 -0.00331288 -0.00331506 -0.00332921 -0.00332954 -0.00334612 -0.00334464 -0.0033606 -0.00335528 -0.00336187 -0.00334274 -0.00331749 -0.0032549 -0.00314889 -0.00297883 -0.00270607 -0.00232211 -0.00175825 -0.00101043 1.31849e-05 0.00133568 0.00306114 0.00524879 0.00797689 0.011311 0.0152453 0.0198031 0.0248917 0.0304734 0.0364028 0.0425315 0.0486522 0.0544873 0.0598247 0.0643917 0.0680353 0.0705703 0.0718727 0.0719152 0.0706921 0.0683528 0.0649869 0.0607383 0.0557685 0.0502034 0.044235 0.0379321 0.0313978 0.0247371 0.0179718 0.0111507 0.00423627 -0.00273112 -0.00965142 -0.0165085 -0.0232231 -0.0297239 -0.0359257 -0.0416873 -0.0469213 -0.0515104 -0.0553681 -0.0584899 -0.0608045 -0.0622631 -0.0629305 -0.0628774 -0.0621527 -0.060829 -0.0590087 -0.0568011 -0.0543246 -0.0516939 -0.0489841 -0.0462739 -0.0436577 -0.041189 -0.0389137 -0.0368723 -0.0350571 -0.0334896 -0.0322278 -0.0312548 -0.030533 
