0 0 0 0 0 0 0 0 0 0 0 0 0 0 0 0 0 0 0 0 0 0 0 0 0 0 0 0 0 0 0 0 0 0 0 0 0 0 0 0 0 0 0 0 0 0 0 0 0 0 0 0 0 0 0 0 0 0 0 0 0 0 0 0 0 0 0 0 0 0 0 0 0 0 0 0 0 0 0 0 0 0 0 0 0 0 0 0 0 0 0 0 0 0 0 0 0 0 0 0 0 0 0 0 0 0 0 0 0 0 0 0 0 0 0 0 0 0 0 0 0 0 0 0 0 0 0 0 0 0 0 0 0 0 0 0 0 0 0 0 0 0 0 0 0 0 0 0 0 0 0 0 0 0 0 0 0 0 0 0 0 0 0 0 0 0 0 0 0 0 0 0 0 0 0 0 0 0 0 0 0 0 0 0 0 0 0 0 0 0 0 0 0 0 0 0 0 0 0 0 
0 0.000493792 0.00101549 0.0015471 0.00208045 0.0026237 0.00318022 0.00375682 0.00431483 0.00479598 0.00521544 0.00555821 0.00572728 0.00572028 0.00556392 0.00515326 0.00444975 0.00354334 0.00244078 0.00112943 -0.000324267 -0.00185818 -0.00338459 -0.00483084 -0.00618888 -0.00737105 -0.0082737 -0.00889317 -0.00922877 -0.00930312 -0.00914491 -0.00873697 -0.00813479 -0.00741666 -0.006629 -0.00583534 -0.00504202 -0.00426048 -0.00353554 -0.00287771 -0.00232404 -0.00187823 -0.00151683 -0.00123964 -0.00101115 -0.000828366 -0.000685987 -0.000567544 -0.000486177 -0.00042128 -0.000377874 -0.00035049 -0.00032718 -0.000318901 -0.000307669 -0.000305184 -0.000302876 -0.000300036 -0.000302838 -0.000298817 -0.000301824 -0.000298039 -0.000297628 -0.000295255 -0.000290672 -0.000289672 -0.000282622 -0.000282072 -0.000275155 -0.000274049 -0.000269302 -0.000267134 -0.000265349 -0.000262241 -0.000263061 -0.000259545 -0.000261959 -0.000258669 -0.000261543 -0.000258978 -0.000261411 -0.000259837 -0.000261301 -0.000260756 -0.000261075 -0.000261447 -0.000260696 -0.000261797 -0.000260186 -0.000261821 -0.000259603 -0.000261604 -0.000259014 -0.000261258 -0.000258483 -0.000260893 -0.000258064 -0.000260599 -0.000257796 -0.000260436 -0.000257705 -0.000260436 -0.000257796 -0.000260599 -0.000258064 -0.000260893 -0.000258483 -0.000261258 -0.000259014 -0.000261604 -0.000259603 -0.000261821 -0.000260186 -0.000261797 -0.000260696 -0.000261447 -0.000261075 -0.000260756 -0.000261301 -0.000259837 -0.000261411 -0.000258978 -0.000261543 -0.000258669 -0.000261959 -0.000259545 -0.000263061 -0.000262241 -0.000265349 -0.000267134 -0.000269302 -0.000274049 -0.000275155 -0.000282072 -0.000282622 -0.000289672 -0.000290672 -0.000295254 -0.000297626 -0.00029803 -0.000301799 -0.000298745 -0.000302642 -0.000299527 -0.000301617 -0.000302214 -0.000300996 -0.000304638 -0.000298197 -0.000294555 -0.000275427 -0.000243298 -0.000192846 -0.000108413 -1.64702e-06 0.000147646 0.000330648 0.000555624 0.000844529 0.00119841 0.00165543 0.00221369 0.00286479 0.00359991 0.00437116 0.00517932 0.00600936 0.00682634 0.0075982 0.0082248 0.00864612 0.00884674 0.00879511 0.00849357 0.00790031 0.00698371 0.00582254 0.00447186 0.00296528 0.00136011 -0.000301183 -0.00190246 -0.00333784 -0.00463226 -0.00575485 -0.00661562 -0.00723676 -0.00765487 -0.00786225 -0.00788017 -0.00772667 -0.00745033 -0.00713423 -0.00676694 -0.00634435 -0.00597624 -0.00566159 -0.00530973 -0.00502658 -0.00492408 
0 0.00101549 0.00203782 0.00308988 0.00417326 0.00527121 0.00638826 0.0075064 0.00855854 0.00951735 0.0103719 0.0110101 0.0113215 0.0113052 0.0109202 0.0100603 0.00871467 0.00692994 0.00472689 0.00214825 -0.000728678 -0.00376232 -0.00676665 -0.00963841 -0.0122939 -0.0145771 -0.0163671 -0.0176067 -0.0182923 -0.0184742 -0.0181609 -0.0173714 -0.0162064 -0.0147804 -0.0132266 -0.0116414 -0.0100565 -0.00852593 -0.00709269 -0.00580467 -0.00471342 -0.0038111 -0.00308782 -0.00251033 -0.00203867 -0.00166494 -0.0013625 -0.001131 -0.000962188 -0.000838653 -0.000761826 -0.000707529 -0.000675932 -0.000655815 -0.000638914 -0.000630776 -0.000617708 -0.000611035 -0.000601172 -0.000592946 -0.000587237 -0.000578423 -0.000576071 -0.000568833 -0.000567731 -0.000563494 -0.000561706 -0.000560414 -0.000557099 -0.000557527 -0.00055295 -0.000553512 -0.000548528 -0.000547984 -0.000543473 -0.000541263 -0.000537791 -0.000534002 -0.000531737 -0.00052687 -0.000525672 -0.000520369 -0.000519943 -0.000514784 -0.000514806 -0.000510204 -0.000510405 -0.000506588 -0.000506785 -0.00050382 -0.000503915 -0.00050176 -0.000501726 -0.000500277 -0.000500134 -0.000499259 -0.000499059 -0.000498624 -0.00049844 -0.00049832 -0.000498239 -0.00049832 -0.00049844 -0.000498624 -0.000499059 -0.000499259 -0.000500134 -0.000500277 -0.000501726 -0.00050176 -0.000503915 -0.00050382 -0.000506785 -0.000506588 -0.000510405 -0.000510204 -0.000514806 -0.000514784 -0.000519943 -0.000520369 -0.000525672 -0.00052687 -0.000531737 -0.000534002 -0.000537791 -0.000541263 -0.000543473 -0.000547984 -0.000548528 -0.000553512 -0.00055295 -0.000557527 -0.000557099 -0.000560414 -0.000561706 -0.000563493 -0.00056773 -0.00056883 -0.000576064 -0.000578401 -0.000587173 -0.000592767 -0.000600695 -0.000609822 -0.000614762 -0.000623955 -0.000623856 -0.000624163 -0.000612629 -0.000587172 -0.000544418 -0.000465646 -0.000354097 -0.000187684 3.41191e-05 0.000318438 0.000682674 0.00112964 0.001701 0.0024249 0.00333587 0.00445946 0.00576412 0.00721989 0.00876998 0.0103697 0.0120036 0.013603 0.0150765 0.0162944 0.0171233 0.0175157 0.0174294 0.0168108 0.0156195 0.0138283 0.0115233 0.0088444 0.0058711 0.00270278 -0.000519918 -0.00364284 -0.00651582 -0.00907906 -0.0112922 -0.0130423 -0.0142937 -0.0151185 -0.0155466 -0.0155964 -0.0153441 -0.0148718 -0.0142458 -0.0135199 -0.0127404 -0.0119822 -0.011311 -0.0107331 -0.0102545 -0.00990822 
0 0.0015471 0.00308988 0.00466818 0.00628746 0.00793 0.00959124 0.011216 0.0127432 0.0141546 0.0153518 0.0161943 0.0166327 0.0165843 0.0159114 0.0145914 0.0126209 0.00995791 0.00668017 0.00289709 -0.00130177 -0.00570488 -0.0101017 -0.0143408 -0.0182054 -0.0215227 -0.0241682 -0.0260128 -0.0270594 -0.0273441 -0.0268762 -0.0257581 -0.0240976 -0.0220418 -0.0197883 -0.0174379 -0.0150914 -0.0128319 -0.0107031 -0.00880336 -0.00716596 -0.00580071 -0.00470739 -0.00381706 -0.00310981 -0.00254246 -0.00208458 -0.00174114 -0.00147284 -0.00128724 -0.00115834 -0.00106794 -0.00101824 -0.000975962 -0.000956678 -0.000937803 -0.000923792 -0.000916653 -0.000901728 -0.000898718 -0.000885384 -0.000880987 -0.000872402 -0.000864307 -0.000860789 -0.00084997 -0.000849234 -0.000838395 -0.000837433 -0.000829073 -0.000825819 -0.000821081 -0.000815048 -0.000813601 -0.000805596 -0.00080619 -0.000797612 -0.000798779 -0.000790976 -0.000791539 -0.000785428 -0.000784717 -0.000780698 -0.000778529 -0.000776577 -0.000773108 -0.000772938 -0.000768505 -0.000769729 -0.000764707 -0.000766946 -0.000761667 -0.000764612 -0.000759324 -0.000762757 -0.000757621 -0.00076141 -0.000756513 -0.000760593 -0.000755966 -0.000760319 -0.000755966 -0.000760593 -0.000756513 -0.00076141 -0.000757621 -0.000762757 -0.000759324 -0.000764612 -0.000761667 -0.000766946 -0.000764707 -0.000769729 -0.000768505 -0.000772938 -0.000773108 -0.000776577 -0.000778529 -0.000780698 -0.000784717 -0.000785428 -0.000791539 -0.000790976 -0.000798779 -0.000797612 -0.00080619 -0.000805596 -0.000813601 -0.000815048 -0.000821081 -0.000825819 -0.000829073 -0.000837433 -0.000838395 -0.000849234 -0.000849969 -0.000860787 -0.000864301 -0.000872386 -0.000880939 -0.000885249 -0.000898351 -0.000900778 -0.000914299 -0.000918223 -0.000925229 -0.000929603 -0.0009204 -0.000909659 -0.000865978 -0.000800942 -0.000685407 -0.000507648 -0.000263951 8.0431e-05 0.000512264 0.00106863 0.00176794 0.00263985 0.00375471 0.00512556 0.00678912 0.00872086 0.0108532 0.0131518 0.015528 0.0179286 0.0202684 0.0223767 0.024117 0.0253211 0.0258662 0.025706 0.0247418 0.0229422 0.0203438 0.0169962 0.0130657 0.00871376 0.00407853 -0.000605304 -0.00514983 -0.00940952 -0.0131929 -0.0164095 -0.0190205 -0.0209479 -0.0222182 -0.0229102 -0.023059 -0.02277 -0.0221585 -0.021274 -0.0202415 -0.0191877 -0.0181153 -0.0170969 -0.0162781 -0.0156279 -0.015088 
0 0.00208045 0.00417326 0.00628746 0.00843331 0.0106065 0.0127601 0.0148469 0.0168404 0.0186272 0.0200406 0.0210308 0.0215398 0.0213608 0.0203742 0.0185981 0.0159727 0.0124677 0.00819285 0.00327536 -0.00210313 -0.00772367 -0.0134064 -0.0188718 -0.0238256 -0.0281029 -0.0315248 -0.0339601 -0.0353826 -0.0357652 -0.0351937 -0.0338113 -0.0317301 -0.029154 -0.0262608 -0.0231981 -0.0201424 -0.0171754 -0.0143993 -0.0119081 -0.00972503 -0.00790327 -0.00640884 -0.0051979 -0.00424212 -0.00346463 -0.00285925 -0.00238561 -0.0020204 -0.00176446 -0.00157026 -0.00144824 -0.00136244 -0.0013048 -0.00127498 -0.001244 -0.0012347 -0.00121745 -0.00120955 -0.00120178 -0.00118892 -0.0011861 -0.00116994 -0.00116671 -0.00115176 -0.00114442 -0.001134 -0.00112205 -0.00111671 -0.00110229 -0.00110033 -0.00108655 -0.00108547 -0.00107486 -0.00107265 -0.00106638 -0.00106205 -0.00105998 -0.00105355 -0.00105464 -0.00104681 -0.00104972 -0.00104141 -0.0010449 -0.00103694 -0.00104014 -0.00103314 -0.00103553 -0.00102982 -0.00103123 -0.00102693 -0.00102741 -0.00102446 -0.00102421 -0.00102246 -0.00102173 -0.00102098 -0.00102004 -0.00102007 -0.00101919 -0.00101976 -0.00101919 -0.00102007 -0.00102004 -0.00102098 -0.00102173 -0.00102246 -0.00102421 -0.00102446 -0.00102741 -0.00102693 -0.00103123 -0.00102982 -0.00103553 -0.00103314 -0.00104014 -0.00103694 -0.0010449 -0.00104141 -0.00104972 -0.00104681 -0.00105464 -0.00105355 -0.00105998 -0.00106205 -0.00106638 -0.00107265 -0.00107486 -0.00108547 -0.00108655 -0.00110033 -0.00110229 -0.00111671 -0.00112205 -0.001134 -0.00114442 -0.00115176 -0.0011667 -0.00116991 -0.001186 -0.00118865 -0.00120107 -0.00120777 -0.00121317 -0.00122489 -0.00122247 -0.00122993 -0.00121489 -0.00119145 -0.00113841 -0.00103531 -0.00088376 -0.000635716 -0.000300843 0.000158915 0.000760298 0.0015141 0.00248534 0.00368978 0.00519926 0.00704875 0.00923017 0.0117532 0.0145364 0.0175271 0.0206492 0.0237599 0.0267473 0.0294144 0.0315737 0.0330824 0.0337444 0.0334502 0.0321312 0.0297457 0.0263843 0.022119 0.0170559 0.0114409 0.00550546 -0.000509012 -0.00635412 -0.0118584 -0.0167933 -0.0209651 -0.024376 -0.0270088 -0.0287928 -0.0297949 -0.0301365 -0.0299057 -0.029216 -0.028187 -0.026954 -0.0256632 -0.0243728 -0.02312 -0.0220222 -0.0211666 -0.0205652 
0 0.0026237 0.00527121 0.00793 0.0106065 0.0132826 0.015885 0.0183865 0.0207437 0.0227836 0.0243747 0.0254702 0.0259009 0.0254779 0.0241586 0.0218888 0.0186061 0.0143499 0.00917687 0.00324539 -0.00317033 -0.00989321 -0.0166903 -0.0231796 -0.0290882 -0.0341961 -0.038299 -0.0413082 -0.0430985 -0.0436297 -0.0430457 -0.0414622 -0.0390603 -0.0360498 -0.0325777 -0.0288905 -0.0251751 -0.0215601 -0.0182038 -0.0151445 -0.0124515 -0.010165 -0.00824255 -0.00669562 -0.00544452 -0.00444464 -0.00367121 -0.00305142 -0.00259832 -0.00225633 -0.00201188 -0.00185479 -0.00173349 -0.00166977 -0.00161388 -0.00158024 -0.00155706 -0.00152766 -0.00151832 -0.00149179 -0.00148419 -0.0014661 -0.0014541 -0.00144652 -0.00142994 -0.00142944 -0.00141191 -0.00141256 -0.00139826 -0.00139515 -0.00138641 -0.0013776 -0.00137429 -0.00136073 -0.00136094 -0.00134519 -0.00134644 -0.00133133 -0.00133154 -0.00131919 -0.00131715 -0.00130866 -0.00130403 -0.00129957 -0.00129264 -0.00129174 -0.00128315 -0.00128507 -0.00127551 -0.00127945 -0.00126955 -0.00127484 -0.00126504 -0.00127119 -0.00126176 -0.00126848 -0.00125955 -0.00126669 -0.00125828 -0.00126579 -0.00125786 -0.00126579 -0.00125828 -0.00126669 -0.00125955 -0.00126848 -0.00126176 -0.00127119 -0.00126504 -0.00127484 -0.00126955 -0.00127945 -0.00127551 -0.00128507 -0.00128315 -0.00129174 -0.00129264 -0.00129957 -0.00130403 -0.00130866 -0.00131715 -0.00131919 -0.00133154 -0.00133133 -0.00134644 -0.00134519 -0.00136094 -0.00136073 -0.00137429 -0.0013776 -0.00138641 -0.00139515 -0.00139826 -0.00141256 -0.00141191 -0.00142944 -0.00142993 -0.00144649 -0.00145403 -0.00146591 -0.00148367 -0.00149048 -0.00151512 -0.00152019 -0.00154042 -0.00154484 -0.00154198 -0.00153047 -0.00147612 -0.00140129 -0.00124933 -0.00103109 -0.000712662 -0.000261892 0.00031446 0.00108699 0.00205687 0.00329327 0.00485769 0.00676744 0.00909495 0.0118034 0.014882 0.0182985 0.0219359 0.0257232 0.0294703 0.0329759 0.0360827 0.0385598 0.0402555 0.0409833 0.0405281 0.0388508 0.0359426 0.0318628 0.0267574 0.0207215 0.0140029 0.006956 -0.000187103 -0.00717373 -0.0137432 -0.0197024 -0.0248301 -0.0290276 -0.0323272 -0.0346694 -0.0360606 -0.0366753 -0.0366236 -0.0359897 -0.0349544 -0.0336523 -0.0321807 -0.0307052 -0.029333 -0.0280889 -0.0270688 -0.0263722 
0 0.00318022 0.00638826 0.00959124 0.0127601 0.015885 0.0189243 0.0217916 0.0243674 0.0265545 0.0282703 0.0293328 0.0295463 0.0288493 0.0271595 0.0243487 0.0204359 0.0154746 0.00950786 0.00275258 -0.0045531 -0.0122093 -0.0198706 -0.0272038 -0.0339306 -0.0397376 -0.0444615 -0.0479705 -0.0500869 -0.0508323 -0.0502945 -0.0486053 -0.0460093 -0.0426508 -0.0387332 -0.0345289 -0.030217 -0.0260358 -0.0221158 -0.0185118 -0.0153307 -0.012556 -0.0102192 -0.00831222 -0.00675148 -0.00553359 -0.00456052 -0.00380363 -0.00323738 -0.00279325 -0.00249323 -0.00226649 -0.00211728 -0.0020231 -0.00194497 -0.00191164 -0.00186696 -0.00184853 -0.00182513 -0.00180252 -0.00179369 -0.00176643 -0.00176336 -0.00173861 -0.00173272 -0.00171657 -0.00170351 -0.00169709 -0.0016778 -0.00167777 -0.0016565 -0.00165775 -0.00163921 -0.0016375 -0.0016248 -0.00161806 -0.00161204 -0.00160039 -0.00160006 -0.00158506 -0.00158847 -0.0015722 -0.00157724 -0.00156162 -0.00156661 -0.00155299 -0.00155684 -0.00154596 -0.00154816 -0.00154024 -0.00154075 -0.00153563 -0.00153468 -0.00153202 -0.00152999 -0.00152933 -0.00152666 -0.00152754 -0.00152468 -0.00152665 -0.00152402 -0.00152665 -0.00152468 -0.00152754 -0.00152666 -0.00152933 -0.00152999 -0.00153202 -0.00153468 -0.00153563 -0.00154075 -0.00154024 -0.00154816 -0.00154596 -0.00155684 -0.00155299 -0.00156661 -0.00156162 -0.00157724 -0.0015722 -0.00158847 -0.00158506 -0.00160006 -0.00160039 -0.00161204 -0.00161806 -0.0016248 -0.0016375 -0.00163921 -0.00165775 -0.0016565 -0.00167777 -0.0016778 -0.00169709 -0.00170351 -0.00171657 -0.0017327 -0.00173856 -0.00176323 -0.00176607 -0.00179274 -0.00180016 -0.00181954 -0.00183589 -0.00183962 -0.00185518 -0.00183371 -0.00181389 -0.0017419 -0.0016235 -0.00144058 -0.00114273 -0.000750819 -0.000188642 0.000537959 0.00148151 0.00271142 0.00424295 0.00618338 0.0085312 0.0113123 0.0145404 0.0181397 0.0221149 0.0263481 0.0306859 0.0349655 0.0389015 0.0423197 0.0450288 0.0467929 0.0474611 0.0468149 0.0447627 0.0413741 0.0366777 0.0308198 0.0240016 0.0164237 0.00844305 0.000367606 -0.00757173 -0.0150555 -0.0218632 -0.0278558 -0.032843 -0.0367702 -0.0396887 -0.0416067 -0.0426042 -0.0428258 -0.0423967 -0.0414833 -0.040234 -0.0387451 -0.0371896 -0.0357439 -0.0344573 -0.0333703 -0.0325718 
0 0.00375682 0.0075064 0.011216 0.0148469 0.0183865 0.0217916 0.0249208 0.0276401 0.0299034 0.0315826 0.032446 0.0323917 0.0313779 0.0292445 0.0259009 0.0213924 0.0157661 0.00915569 0.00174823 -0.00628868 -0.0146311 -0.0229261 -0.0309267 -0.0382817 -0.04468 -0.0499438 -0.0538448 -0.0562885 -0.0572908 -0.056861 -0.0551997 -0.0524975 -0.0489017 -0.0446895 -0.0400618 -0.0352739 -0.0305982 -0.0261363 -0.0220412 -0.018363 -0.015112 -0.0123669 -0.0100624 -0.00820075 -0.00672725 -0.00554168 -0.00464407 -0.00392853 -0.00339469 -0.00300612 -0.00270741 -0.00252492 -0.00237697 -0.00229481 -0.00223549 -0.00218714 -0.00217063 -0.00213237 -0.0021266 -0.00209808 -0.00208484 -0.00206903 -0.00204398 -0.00203834 -0.00200709 -0.00200463 -0.00197616 -0.00197 -0.00195096 -0.00193774 -0.00192991 -0.00191039 -0.0019113 -0.0018889 -0.00189399 -0.00187275 -0.00187754 -0.00186063 -0.001862 -0.00185105 -0.00184763 -0.00184283 -0.00183468 -0.00183524 -0.00182331 -0.00182797 -0.00181356 -0.00182105 -0.0018054 -0.00181465 -0.00179876 -0.00180901 -0.00179356 -0.00180437 -0.00178972 -0.00180093 -0.00178718 -0.00179881 -0.00178593 -0.0017981 -0.00178593 -0.00179881 -0.00178718 -0.00180093 -0.00178972 -0.00180437 -0.00179356 -0.00180901 -0.00179876 -0.00181465 -0.0018054 -0.00182105 -0.00181356 -0.00182797 -0.00182331 -0.00183524 -0.00183468 -0.00184283 -0.00184763 -0.00185105 -0.001862 -0.00186063 -0.00187754 -0.00187275 -0.00189399 -0.0018889 -0.0019113 -0.00191039 -0.00192991 -0.00193774 -0.00195096 -0.00197 -0.00197616 -0.00200462 -0.00200708 -0.00203831 -0.00204388 -0.00206877 -0.00208416 -0.00209636 -0.00212247 -0.00212289 -0.0021498 -0.00214342 -0.00214787 -0.00212721 -0.00207097 -0.00199147 -0.00181865 -0.00158842 -0.00122338 -0.000722814 -5.87917e-05 0.000847449 0.00199005 0.0034889 0.00536896 0.00768043 0.0104844 0.0137199 0.0174259 0.0215406 0.0259966 0.0307391 0.0355309 0.0401871 0.0444593 0.0480736 0.0508811 0.0526211 0.0530945 0.0521973 0.0497977 0.0459499 0.0407459 0.0342801 0.0268345 0.0186509 0.00996354 0.00113754 -0.00752895 -0.0157565 -0.0232751 -0.0299688 -0.0356899 -0.0402759 -0.0437853 -0.0463052 -0.0478231 -0.048438 -0.0483444 -0.0476905 -0.04662 -0.0452939 -0.0438493 -0.0424078 -0.0410897 -0.0400046 -0.0392272 
0 0.00431483 0.00855854 0.0127432 0.0168404 0.0207437 0.0243674 0.0276401 0.0304585 0.0326893 0.034168 0.0347612 0.0343876 0.032933 0.0302976 0.0264585 0.0214124 0.0152519 0.00814925 0.000208263 -0.00835145 -0.0171465 -0.0258999 -0.0343343 -0.0421078 -0.0489691 -0.0546278 -0.0588696 -0.0616699 -0.0629505 -0.0627426 -0.0612115 -0.0584697 -0.0547727 -0.0503618 -0.0454319 -0.0403132 -0.0352036 -0.0302906 -0.0257463 -0.0215778 -0.0178921 -0.0147012 -0.0119908 -0.00980073 -0.00801496 -0.00662047 -0.00553582 -0.00467645 -0.00405188 -0.00355557 -0.00321282 -0.00296556 -0.00278169 -0.0026794 -0.00257952 -0.00253609 -0.00248443 -0.0024505 -0.00242967 -0.00239135 -0.00238632 -0.00234953 -0.00234542 -0.00231965 -0.00230662 -0.00229553 -0.00227183 -0.00227178 -0.00224222 -0.00224564 -0.00221739 -0.00221714 -0.00219596 -0.00218797 -0.00217639 -0.00216022 -0.00215764 -0.0021355 -0.00213935 -0.00211458 -0.00212167 -0.00209751 -0.00210503 -0.0020839 -0.00208989 -0.00207315 -0.00207658 -0.00206469 -0.00206531 -0.00205805 -0.0020561 -0.0020529 -0.00204893 -0.00204903 -0.00204367 -0.00204632 -0.00204024 -0.00204471 -0.00203855 -0.00204418 -0.00203855 -0.00204471 -0.00204024 -0.00204632 -0.00204367 -0.00204903 -0.00204893 -0.0020529 -0.0020561 -0.00205805 -0.00206531 -0.00206469 -0.00207658 -0.00207315 -0.00208989 -0.0020839 -0.00210503 -0.00209751 -0.00212167 -0.00211458 -0.00213935 -0.0021355 -0.00215764 -0.00216022 -0.00217639 -0.00218797 -0.00219596 -0.00221714 -0.00221739 -0.00224564 -0.00224222 -0.00227178 -0.00227183 -0.00229552 -0.0023066 -0.00231959 -0.00234524 -0.00234904 -0.00238508 -0.00238833 -0.00242265 -0.00243482 -0.00245098 -0.00246795 -0.00244694 -0.0024331 -0.00234477 -0.00222488 -0.00201118 -0.00168532 -0.00124934 -0.000614348 0.000190099 0.00127113 0.00266528 0.00442664 0.00666896 0.00936504 0.0125867 0.0162972 0.0204487 0.0250548 0.0299686 0.0351013 0.0402517 0.0451362 0.049577 0.05328 0.0560208 0.0576197 0.0578354 0.056615 0.0539095 0.0496683 0.0440255 0.0371207 0.0291949 0.0205726 0.0114488 0.00211397 -0.00705033 -0.0158 -0.0239126 -0.0311945 -0.0375375 -0.0428086 -0.0469569 -0.0500642 -0.0521782 -0.0533602 -0.0537624 -0.053526 -0.052796 -0.0517574 -0.0505456 -0.0492608 -0.0480471 -0.0470427 -0.0463225 
0 0.00479598 0.00951735 0.0141546 0.0186272 0.0227836 0.0265545 0.0299034 0.0326893 0.0347296 0.0359225 0.0361956 0.035411 0.0334526 0.030314 0.0259933 0.0204964 0.0139388 0.00644259 -0.00185467 -0.0106726 -0.0197241 -0.0287391 -0.0373922 -0.0454345 -0.0525853 -0.0585095 -0.0630737 -0.0661888 -0.0677694 -0.0678751 -0.0665345 -0.0638945 -0.060234 -0.0557304 -0.0506687 -0.0453126 -0.0398521 -0.0345695 -0.0295723 -0.0249645 -0.0208533 -0.0172118 -0.014128 -0.0115637 -0.0094702 -0.00783871 -0.00652603 -0.00553039 -0.00475903 -0.00416244 -0.00374761 -0.00341501 -0.00320935 -0.00305005 -0.00294185 -0.0028807 -0.00280995 -0.00278885 -0.00273898 -0.00272153 -0.00269294 -0.00266449 -0.00265469 -0.0026172 -0.00261666 -0.00257995 -0.00257719 -0.00255047 -0.00253804 -0.00252514 -0.00250192 -0.00250081 -0.00247074 -0.00247592 -0.002445 -0.00245044 -0.00242407 -0.00242525 -0.00240677 -0.00240151 -0.00239194 -0.00238013 -0.00237875 -0.00236163 -0.00236673 -0.00234613 -0.00235577 -0.00233351 -0.00234593 -0.00232348 -0.00233739 -0.00231574 -0.00233034 -0.00231 -0.00232491 -0.00230605 -0.00232124 -0.00230374 -0.00231939 -0.00230298 -0.00231939 -0.00230374 -0.00232124 -0.00230605 -0.00232491 -0.00231 -0.00233034 -0.00231574 -0.00233739 -0.00232348 -0.00234593 -0.00233351 -0.00235577 -0.00234613 -0.00236673 -0.00236163 -0.00237875 -0.00238013 -0.00239194 -0.00240151 -0.00240677 -0.00242525 -0.00242407 -0.00245044 -0.002445 -0.00247592 -0.00247074 -0.00250081 -0.00250192 -0.00252514 -0.00253804 -0.00255047 -0.00257719 -0.00257993 -0.00261662 -0.00261708 -0.00265435 -0.00266362 -0.00269077 -0.00271639 -0.00272733 -0.00276359 -0.00275761 -0.00277711 -0.00274602 -0.00269648 -0.00259936 -0.00240825 -0.0021548 -0.00173926 -0.00119919 -0.000454279 0.000538086 0.00180194 0.00347365 0.00555196 0.00814486 0.0112689 0.0148908 0.0190546 0.0236528 0.0286652 0.0339846 0.0393942 0.0447492 0.0497605 0.0542034 0.0578697 0.0604432 0.0617623 0.0616756 0.0600843 0.0570307 0.0524722 0.0464809 0.0392899 0.0311002 0.022194 0.0128472 0.00327934 -0.00618517 -0.0152729 -0.0238097 -0.0315752 -0.038424 -0.0443083 -0.0491424 -0.0528902 -0.0556423 -0.0575098 -0.058565 -0.0588993 -0.0586766 -0.0580712 -0.0572062 -0.0562273 -0.0552968 -0.0544802 -0.0538234 
0 0.00521544 0.0103719 0.0153518 0.0200406 0.0243747 0.0282703 0.0315826 0.034168 0.0359225 0.0367661 0.0366144 0.0353589 0.03292 0.0292999 0.0245394 0.0186877 0.0118157 0.00405633 -0.0043637 -0.0132254 -0.0223324 -0.0313897 -0.0401108 -0.0482578 -0.0555148 -0.0616348 -0.0664628 -0.0698459 -0.0717643 -0.0721997 -0.071135 -0.0687519 -0.0652295 -0.0607924 -0.0557322 -0.0502236 -0.0445421 -0.0389289 -0.0335238 -0.0285283 -0.0239764 -0.0199329 -0.0164632 -0.0135095 -0.0111166 -0.00918543 -0.0076512 -0.00647742 -0.00553439 -0.00484298 -0.00430606 -0.00391203 -0.00364831 -0.00343601 -0.00332369 -0.00321887 -0.00316296 -0.00311909 -0.00307117 -0.00305674 -0.00300783 -0.00299927 -0.0029581 -0.00294049 -0.00291528 -0.00288452 -0.00287532 -0.00283643 -0.00283633 -0.0027984 -0.00279842 -0.00276944 -0.00276287 -0.00274676 -0.00273107 -0.0027274 -0.00270382 -0.00270923 -0.00268117 -0.0026912 -0.0026626 -0.00267319 -0.00264733 -0.00265561 -0.0026346 -0.00263905 -0.00262384 -0.00262406 -0.0026147 -0.00261107 -0.002607 -0.00260032 -0.00260073 -0.00259194 -0.00259594 -0.00258597 -0.00259269 -0.0025824 -0.00259104 -0.00258121 -0.00259104 -0.0025824 -0.00259269 -0.00258597 -0.00259594 -0.00259194 -0.00260073 -0.00260032 -0.002607 -0.00261107 -0.0026147 -0.00262406 -0.00262384 -0.00263905 -0.0026346 -0.00265561 -0.00264733 -0.00267319 -0.0026626 -0.0026912 -0.00268117 -0.00270923 -0.00270382 -0.0027274 -0.00273107 -0.00274676 -0.00276287 -0.00276944 -0.00279842 -0.0027984 -0.00283633 -0.00283642 -0.00287531 -0.00288449 -0.0029152 -0.00294026 -0.00295749 -0.00299773 -0.00300412 -0.00304819 -0.00305233 -0.0030794 -0.00308303 -0.00306508 -0.00304102 -0.00293954 -0.00281439 -0.00257018 -0.00223221 -0.00175289 -0.00107416 -0.000207377 0.000977509 0.0024851 0.00442709 0.00687587 0.00982891 0.0133683 0.0174172 0.0219781 0.0270091 0.0323678 0.0379752 0.0435847 0.048988 0.0539992 0.05833 0.0617872 0.0641049 0.0650553 0.0645881 0.0626254 0.0591816 0.0543297 0.0481258 0.0407812 0.032522 0.0235407 0.0141302 0.00454813 -0.00500098 -0.0142749 -0.0230567 -0.0311541 -0.0384243 -0.0448235 -0.0503006 -0.0547755 -0.0582624 -0.0608614 -0.0626535 -0.0637057 -0.0641466 -0.0641401 -0.06381 -0.0632799 -0.0626961 -0.0621483 -0.0616965 
0 0.00555821 0.0110101 0.0161943 0.0210308 0.0254702 0.0293328 0.032446 0.0347612 0.0361956 0.0366144 0.0359614 0.0342032 0.0312887 0.0272428 0.0221393 0.016022 0.00896292 0.0011369 -0.007242 -0.0160044 -0.0249668 -0.0338846 -0.0424992 -0.0505391 -0.0577704 -0.0640084 -0.0690341 -0.0727058 -0.0749684 -0.0757411 -0.0750517 -0.0730008 -0.0697262 -0.065498 -0.0605221 -0.0550052 -0.0492195 -0.0433485 -0.0376408 -0.0322693 -0.0273062 -0.0228796 -0.0189826 -0.0156567 -0.0129124 -0.0106599 -0.00889837 -0.00749831 -0.00641195 -0.00559079 -0.0049395 -0.00448457 -0.00412742 -0.00388546 -0.00371838 -0.00358449 -0.00351752 -0.00343676 -0.00340445 -0.00335736 -0.00332529 -0.00330379 -0.00326337 -0.00325694 -0.00321433 -0.0032098 -0.00317473 -0.00316182 -0.00314026 -0.00311533 -0.0031071 -0.00307294 -0.00307322 -0.00303617 -0.00303858 -0.00300519 -0.00300437 -0.00297924 -0.00297216 -0.00295724 -0.00294326 -0.00293819 -0.00291839 -0.00292141 -0.00289772 -0.00290654 -0.00288102 -0.00289344 -0.00286782 -0.00288216 -0.00285764 -0.00287276 -0.00285001 -0.00286536 -0.00284458 -0.00286002 -0.00284109 -0.00285679 -0.00283938 -0.00285572 -0.00283938 -0.00285679 -0.00284109 -0.00286002 -0.00284458 -0.00286536 -0.00285001 -0.00287276 -0.00285764 -0.00288216 -0.00286782 -0.00289344 -0.00288102 -0.00290654 -0.00289772 -0.00292141 -0.00291839 -0.00293819 -0.00294326 -0.00295724 -0.00297216 -0.00297924 -0.00300437 -0.00300519 -0.00303858 -0.00303617 -0.00307322 -0.00307294 -0.0031071 -0.00311533 -0.00314026 -0.00316181 -0.00317471 -0.00320974 -0.00321417 -0.00325652 -0.00326229 -0.00330115 -0.0033191 -0.00334349 -0.00337473 -0.00337586 -0.00339824 -0.00336127 -0.00331916 -0.00320271 -0.00300947 -0.00272804 -0.00228258 -0.00170515 -0.000889437 0.000169929 0.001551 0.00335341 0.00559655 0.00840085 0.0117453 0.0156494 0.0201139 0.0250483 0.0304375 0.0361161 0.0419057 0.0476208 0.0529881 0.0578387 0.0619376 0.0650279 0.0669356 0.0674678 0.0665627 0.0642248 0.0604412 0.0553221 0.0490096 0.0416458 0.0334287 0.0245524 0.0152591 0.00581534 -0.00360682 -0.0128565 -0.0217253 -0.0300242 -0.0376432 -0.0445073 -0.0505411 -0.0557081 -0.0599979 -0.0634017 -0.0659876 -0.0678801 -0.0691511 -0.0698808 -0.0702191 -0.0702822 -0.0701517 -0.0699628 -0.0698266 
0 0.00572728 0.0113215 0.0166327 0.0215398 0.0259009 0.0295463 0.0323917 0.0343876 0.035411 0.0353589 0.0342032 0.0319363 0.0285885 0.0242089 0.0188331 0.012549 0.00548507 -0.00223199 -0.0104318 -0.0189348 -0.027593 -0.0362103 -0.0445315 -0.0523324 -0.059444 -0.0656863 -0.0708587 -0.0747944 -0.0773663 -0.0785209 -0.0782663 -0.0766295 -0.0737495 -0.0698238 -0.0650393 -0.0596361 -0.0538143 -0.0477991 -0.0418539 -0.0361409 -0.0308317 -0.0260147 -0.0217219 -0.0180278 -0.0148968 -0.0123318 -0.0102807 -0.00864116 -0.00738437 -0.0063906 -0.0056397 -0.00507622 -0.0046442 -0.00435544 -0.00412557 -0.003985 -0.00387519 -0.00379496 -0.00374795 -0.0036874 -0.0036654 -0.00361672 -0.00359662 -0.0035631 -0.00353436 -0.00351654 -0.00347913 -0.0034717 -0.00343193 -0.00342668 -0.00339214 -0.0033821 -0.00335792 -0.00333976 -0.00332721 -0.0033014 -0.00329848 -0.00326803 -0.00327106 -0.00323983 -0.00324494 -0.00321638 -0.00322051 -0.00319695 -0.00319827 -0.00318084 -0.00317862 -0.00316746 -0.00316182 -0.00315641 -0.00314796 -0.00314748 -0.00313703 -0.00314055 -0.00312896 -0.00313558 -0.00312364 -0.0031326 -0.00312101 -0.0031316 -0.00312101 -0.0031326 -0.00312364 -0.00313558 -0.00312896 -0.00314055 -0.00313703 -0.00314748 -0.00314796 -0.00315641 -0.00316182 -0.00316746 -0.00317862 -0.00318084 -0.00319827 -0.00319695 -0.00322051 -0.00321638 -0.00324494 -0.00323983 -0.00327106 -0.00326803 -0.00329848 -0.0033014 -0.00332721 -0.00333976 -0.00335792 -0.0033821 -0.00339214 -0.00342668 -0.00343192 -0.00347169 -0.00347909 -0.00351643 -0.00353407 -0.00356235 -0.00359476 -0.0036123 -0.00365532 -0.00366544 -0.00370215 -0.00370363 -0.00370114 -0.00366792 -0.00357327 -0.0034347 -0.00317245 -0.00281437 -0.0022847 -0.00156456 -0.000616819 0.000655529 0.00227465 0.00436512 0.00696387 0.0101148 0.0138584 0.0181408 0.0229745 0.0282795 0.0339516 0.0398575 0.0457486 0.0514265 0.0566647 0.0612365 0.0649558 0.0675869 0.0689705 0.0690206 0.0676716 0.0649323 0.0608481 0.0555296 0.0491572 0.0418823 0.0338373 0.0252066 0.0162133 0.00705176 -0.00212274 -0.0111664 -0.0199499 -0.0283403 -0.0362082 -0.043456 -0.049995 -0.0557853 -0.0608415 -0.065121 -0.0686006 -0.0713958 -0.0735908 -0.0751894 -0.0762978 -0.0770652 -0.0775547 -0.0778455 -0.0780354 
0 0.00572028 0.0113052 0.0165843 0.0213608 0.0254779 0.0288493 0.0313779 0.032933 0.0334526 0.03292 0.0312887 0.0285885 0.0249108 0.0202632 0.0146961 0.0083878 0.00145916 -0.00600502 -0.0138525 -0.0219517 -0.0301679 -0.0383164 -0.046227 -0.0537167 -0.0606097 -0.0667703 -0.0720124 -0.0761331 -0.0790076 -0.0805669 -0.0807821 -0.0796657 -0.0772781 -0.0737502 -0.0692755 -0.064056 -0.0582966 -0.0522375 -0.0461104 -0.0401413 -0.0345169 -0.0293359 -0.024687 -0.0206053 -0.017104 -0.0141968 -0.0118192 -0.00993019 -0.00844418 -0.00727918 -0.00639535 -0.00570821 -0.00520839 -0.00483846 -0.00457204 -0.00439598 -0.00425669 -0.00417545 -0.00409893 -0.00404904 -0.00400415 -0.00395787 -0.00392987 -0.00388297 -0.00386202 -0.00382003 -0.00379853 -0.0037672 -0.00374103 -0.00372197 -0.00369115 -0.0036817 -0.00364925 -0.00364447 -0.00361438 -0.0036094 -0.00358495 -0.0035764 -0.00355928 -0.00354583 -0.00353614 -0.00351811 -0.0035148 -0.00349353 -0.00349504 -0.00347221 -0.00347697 -0.00345413 -0.00346084 -0.00343916 -0.00344695 -0.00342717 -0.00343557 -0.003418 -0.00342689 -0.00341153 -0.00342105 -0.00340769 -0.00341811 -0.00340641 -0.00341811 -0.00340769 -0.00342105 -0.00341153 -0.00342689 -0.003418 -0.00343557 -0.00342717 -0.00344695 -0.00343916 -0.00346084 -0.00345413 -0.00347697 -0.00347221 -0.00349504 -0.00349353 -0.0035148 -0.00351811 -0.00353614 -0.00354583 -0.00355928 -0.0035764 -0.00358495 -0.0036094 -0.00361438 -0.00364447 -0.00364925 -0.0036817 -0.00369115 -0.00372196 -0.00374102 -0.00376717 -0.00379846 -0.00381984 -0.0038615 -0.00388168 -0.00392675 -0.00395064 -0.00398813 -0.00401504 -0.00402991 -0.00404147 -0.00400804 -0.00395472 -0.00382272 -0.0036192 -0.00330295 -0.00283872 -0.00221308 -0.00134989 -0.000226103 0.00125185 0.0031545 0.00554675 0.00850713 0.012036 0.0161527 0.0208269 0.0260059 0.0316261 0.0375331 0.0435445 0.0494343 0.054967 0.0599418 0.0641446 0.0673682 0.0694457 0.0702637 0.0697722 0.0679598 0.0648317 0.0604597 0.0550076 0.0486416 0.0415091 0.0337585 0.0255206 0.0169541 0.00820641 -0.000621719 -0.0093786 -0.0179401 -0.0262728 -0.034268 -0.0417808 -0.0487583 -0.055156 -0.0609253 -0.0660515 -0.0704962 -0.0742482 -0.077371 -0.0799224 -0.0819522 -0.0835307 -0.0847141 -0.0855615 -0.0861367 
0 0.00556392 0.0109202 0.0159114 0.0203742 0.0241586 0.0271595 0.0292445 0.0302976 0.030314 0.0292999 0.0272428 0.0242089 0.0202632 0.01544 0.00986573 0.00368716 -0.00299688 -0.0100713 -0.0174546 -0.0250478 -0.032672 -0.040227 -0.0476303 -0.0547017 -0.061311 -0.0673286 -0.0725552 -0.0768331 -0.0800033 -0.0819549 -0.0826701 -0.0821032 -0.0802579 -0.0772302 -0.0731502 -0.0682206 -0.0626465 -0.0566329 -0.0504307 -0.0442698 -0.0383567 -0.0328476 -0.0278306 -0.0233694 -0.0194986 -0.0162237 -0.0135273 -0.0113557 -0.00963329 -0.00828777 -0.00724086 -0.00643736 -0.00583139 -0.00537696 -0.00505248 -0.00481596 -0.00465241 -0.00453691 -0.00444991 -0.00439113 -0.00433564 -0.00429803 -0.00425695 -0.00422394 -0.00419227 -0.00415806 -0.0041332 -0.00409793 -0.00407671 -0.00404315 -0.00402234 -0.00399346 -0.00397097 -0.00394844 -0.00392381 -0.00390763 -0.0038818 -0.00387069 -0.00384531 -0.00383743 -0.00381418 -0.00380777 -0.00378793 -0.00378167 -0.00376591 -0.00375908 -0.00374754 -0.0037399 -0.00373233 -0.003724 -0.00371996 -0.00371124 -0.00371021 -0.00370148 -0.00370295 -0.0036946 -0.00369813 -0.00369051 -0.00369573 -0.00368915 -0.00369573 -0.00369051 -0.00369813 -0.0036946 -0.00370295 -0.00370148 -0.00371021 -0.00371124 -0.00371996 -0.003724 -0.00373233 -0.0037399 -0.00374754 -0.00375908 -0.00376591 -0.00378167 -0.00378793 -0.00380777 -0.00381418 -0.00383743 -0.00384531 -0.00387069 -0.0038818 -0.00390763 -0.00392381 -0.00394844 -0.00397097 -0.00399346 -0.00402234 -0.00404314 -0.0040767 -0.00409788 -0.00413308 -0.00415771 -0.00419138 -0.00422177 -0.00425184 -0.00428651 -0.00431074 -0.00433966 -0.00434813 -0.00434444 -0.00430433 -0.00421365 -0.00405425 -0.00378943 -0.00340183 -0.00284543 -0.00208657 -0.00107261 0.00026482 0.00199459 0.00420048 0.00694475 0.0102653 0.014176 0.0186577 0.0236752 0.0291702 0.0350253 0.041078 0.0471121 0.0528879 0.0581982 0.0628199 0.0665463 0.0692021 0.0706397 0.0708284 0.0697655 0.0674495 0.063955 0.0593696 0.0538468 0.0475704 0.0406449 0.0332249 0.0254621 0.0174063 0.00914929 0.00079528 -0.00757515 -0.0158516 -0.023998 -0.0319864 -0.0396855 -0.04702 -0.0539579 -0.060395 -0.0662861 -0.0716431 -0.076398 -0.0805075 -0.0840375 -0.0870354 -0.0894914 -0.0914218 -0.092879 -0.0939037 
0 0.00515326 0.0100603 0.0145914 0.0185981 0.0218888 0.0243487 0.0259009 0.0264585 0.0259933 0.0245394 0.0221393 0.0188331 0.0146961 0.00986573 0.00445541 -0.00146504 -0.00776784 -0.0143539 -0.0211906 -0.0281433 -0.0350824 -0.0419894 -0.048785 -0.0553696 -0.0616441 -0.0674234 -0.0725798 -0.0769761 -0.0804004 -0.0827614 -0.0839802 -0.0839665 -0.0827257 -0.0802507 -0.0766456 -0.0721071 -0.0667905 -0.0609302 -0.0547467 -0.0484625 -0.0423384 -0.0365274 -0.0311703 -0.0263501 -0.0220958 -0.0184586 -0.0154115 -0.0129292 -0.0109504 -0.00938271 -0.00816907 -0.00722378 -0.00650526 -0.00596651 -0.00556577 -0.00528255 -0.0050754 -0.00493321 -0.00482882 -0.00475145 -0.00469297 -0.00464156 -0.0046004 -0.00455992 -0.00452454 -0.00449003 -0.00445702 -0.00442638 -0.00439551 -0.00436739 -0.00433925 -0.00431287 -0.0042878 -0.00426303 -0.00424088 -0.00421801 -0.00419829 -0.00417777 -0.00415992 -0.0041421 -0.00412571 -0.00411068 -0.00409556 -0.00408322 -0.00406933 -0.00405943 -0.00404688 -0.00403911 -0.00402801 -0.00402211 -0.00401256 -0.00400832 -0.00400039 -0.00399766 -0.00399136 -0.00399008 -0.00398539 -0.00398555 -0.00398242 -0.00398404 -0.00398242 -0.00398555 -0.00398539 -0.00399008 -0.00399136 -0.00399766 -0.00400039 -0.00400832 -0.00401256 -0.00402211 -0.00402801 -0.00403911 -0.00404688 -0.00405943 -0.00406933 -0.00408322 -0.00409556 -0.00411068 -0.00412571 -0.0041421 -0.00415992 -0.00417777 -0.00419829 -0.00421801 -0.00424088 -0.00426303 -0.0042878 -0.00431287 -0.00433924 -0.00436738 -0.00439548 -0.0044263 -0.00445679 -0.00448944 -0.00452305 -0.00455635 -0.00459222 -0.00462356 -0.0046551 -0.00467517 -0.0046818 -0.0046622 -0.00459739 -0.00447525 -0.00425838 -0.00393138 -0.00345 -0.00278105 -0.00188089 -0.000677754 0.000881577 0.00289593 0.00542393 0.00852033 0.0122185 0.0164889 0.0213296 0.026669 0.032423 0.0384633 0.0445613 0.0505201 0.0560933 0.0610621 0.0652453 0.0684042 0.0704111 0.0711899 0.0707131 0.0690611 0.0662585 0.0624005 0.0576614 0.0521412 0.0459891 0.0393426 0.032299 0.0250119 0.0175224 0.00982053 0.0020074 -0.00587005 -0.013804 -0.0217219 -0.0295866 -0.0373679 -0.0449816 -0.0523428 -0.0593592 -0.0659638 -0.0721378 -0.0778282 -0.082963 -0.0875067 -0.0914297 -0.0947351 -0.0974592 -0.0995809 -0.101067 
0 0.00444975 0.00871467 0.0126209 0.0159727 0.0186061 0.0204359 0.0213924 0.0214124 0.0204964 0.0186877 0.016022 0.012549 0.0083878 0.00368716 -0.00146504 -0.0069958 -0.0128014 -0.0188126 -0.02496 -0.0311641 -0.0373991 -0.0436169 -0.0497699 -0.0558401 -0.0616843 -0.0671568 -0.0721912 -0.0766181 -0.08028 -0.0830485 -0.0847489 -0.0853232 -0.0846998 -0.0828125 -0.0797673 -0.0756662 -0.0706925 -0.0650775 -0.0589845 -0.0526895 -0.0464169 -0.040358 -0.0347108 -0.0295306 -0.0249167 -0.0209019 -0.0174805 -0.0146742 -0.0123893 -0.010588 -0.00917696 -0.00807301 -0.0072426 -0.0065965 -0.00613165 -0.00578426 -0.0055353 -0.00536451 -0.00522853 -0.00514283 -0.00506066 -0.00500562 -0.00495064 -0.00490296 -0.00486407 -0.00481842 -0.00478906 -0.00474716 -0.00472203 -0.00468651 -0.00466186 -0.00463374 -0.00460793 -0.00458644 -0.00455962 -0.00454293 -0.00451627 -0.00450238 -0.0044773 -0.00446462 -0.00444224 -0.00442984 -0.00441082 -0.00439835 -0.0043829 -0.00437042 -0.00435843 -0.00434626 -0.00433743 -0.00432592 -0.00431993 -0.0043094 -0.00430592 -0.00429667 -0.00429543 -0.00428763 -0.00428844 -0.00428225 -0.00428495 -0.00428045 -0.00428495 -0.00428225 -0.00428844 -0.00428763 -0.00429543 -0.00429667 -0.00430592 -0.0043094 -0.00431993 -0.00432592 -0.00433743 -0.00434626 -0.00435843 -0.00437042 -0.0043829 -0.00439835 -0.00441082 -0.00442984 -0.00444224 -0.00446462 -0.0044773 -0.00450238 -0.00451627 -0.00454293 -0.00455962 -0.00458644 -0.00460793 -0.00463374 -0.00466185 -0.00468649 -0.00472197 -0.00474701 -0.00478866 -0.00481741 -0.00486162 -0.00489723 -0.00493782 -0.00497814 -0.00500426 -0.00503205 -0.00502033 -0.00499009 -0.00489068 -0.00472056 -0.00444616 -0.00402444 -0.00344816 -0.00263631 -0.00157441 -0.000167209 0.00165361 0.00395236 0.00682765 0.0102727 0.0143332 0.0189686 0.0241291 0.0297753 0.0357385 0.0418808 0.0479601 0.0537275 0.059005 0.0635364 0.067155 0.0696868 0.0709883 0.071088 0.0699838 0.0677409 0.0644887 0.0603181 0.0554251 0.0499497 0.0439561 0.0376063 0.0310068 0.0242113 0.0172795 0.0101888 0.00294123 -0.00443268 -0.0119619 -0.0196122 -0.027305 -0.0350385 -0.0427942 -0.0504704 -0.0579661 -0.0652174 -0.0721442 -0.0786467 -0.0846722 -0.0901703 -0.0950232 -0.0991677 -0.102635 -0.105387 -0.107346 
0 0.00354334 0.00692994 0.00995791 0.0124677 0.0143499 0.0154746 0.0157661 0.0152519 0.0139388 0.0118157 0.00896292 0.00548507 0.00145916 -0.00299688 -0.00776784 -0.0128014 -0.0180347 -0.0233643 -0.0287338 -0.0341636 -0.0396471 -0.0451377 -0.0506411 -0.0561263 -0.0614864 -0.0666467 -0.0714989 -0.0759159 -0.0797822 -0.0828788 -0.0850411 -0.0861783 -0.0861459 -0.0849091 -0.0824722 -0.0788888 -0.074367 -0.069053 -0.0631531 -0.0569204 -0.0505455 -0.0443104 -0.0383786 -0.032874 -0.0279226 -0.0235248 -0.019759 -0.0165993 -0.0140054 -0.0119496 -0.0103014 -0.00903578 -0.00804549 -0.00728776 -0.00673147 -0.00630025 -0.00601226 -0.00578577 -0.00563835 -0.00552737 -0.00543814 -0.00538259 -0.00531434 -0.00527878 -0.00522238 -0.00518853 -0.0051444 -0.00510538 -0.00507341 -0.00502963 -0.00500677 -0.00496232 -0.00494402 -0.00490362 -0.00488576 -0.00485274 -0.00483284 -0.00480849 -0.00478585 -0.00476972 -0.00474498 -0.00473552 -0.00470998 -0.00470531 -0.00468038 -0.00467878 -0.00465562 -0.00465581 -0.00463517 -0.00463634 -0.00461861 -0.00462039 -0.00460564 -0.00460796 -0.00459605 -0.00459909 -0.00458971 -0.00459376 -0.00458655 -0.00459198 -0.00458655 -0.00459376 -0.00458971 -0.00459909 -0.00459605 -0.00460796 -0.00460564 -0.00462039 -0.00461861 -0.00463634 -0.00463517 -0.00465581 -0.00465562 -0.00467878 -0.00468038 -0.00470531 -0.00470998 -0.00473552 -0.00474498 -0.00476972 -0.00478585 -0.00480849 -0.00483284 -0.00485274 -0.00488576 -0.00490362 -0.00494402 -0.00496232 -0.00500676 -0.00502959 -0.00507331 -0.00510512 -0.00514373 -0.00518687 -0.00521842 -0.00526977 -0.00529468 -0.00534147 -0.00535581 -0.00536961 -0.00534901 -0.00527777 -0.00515771 -0.00492088 -0.0045899 -0.00407888 -0.00338554 -0.00244583 -0.00118424 0.000435223 0.00254631 0.00516967 0.00839098 0.0122231 0.0166291 0.021622 0.0270862 0.0329609 0.0390813 0.0452124 0.0511682 0.0566684 0.0615332 0.0655691 0.0685523 0.070395 0.0710036 0.0704012 0.0686812 0.0658866 0.0621869 0.0577628 0.0527546 0.0473263 0.0415553 0.0355328 0.029375 0.0230872 0.0166709 0.0101511 0.00348407 -0.00338858 -0.0104835 -0.0177845 -0.0252678 -0.0329136 -0.0406882 -0.0485441 -0.0564079 -0.0641694 -0.0717144 -0.0789281 -0.0857044 -0.0919763 -0.0976598 -0.102626 -0.106779 -0.11007 -0.112453 
