0 0 0 0 0 0 0 0 0 0 0 0 0 0 0 0 0 0 0 0 0 0 0 0 0 0 0 0 0 0 0 0 0 0 0 0 0 0 0 0 0 0 0 0 0 0 0 0 0 0 0 0 0 0 0 0 0 0 0 0 0 0 0 0 0 0 0 0 0 0 0 0 0 0 0 0 0 0 0 0 0 0 0 0 0 0 0 0 0 0 0 0 0 0 0 0 0 0 0 0 0 0 0 0 0 0 0 0 0 0 0 0 0 0 0 0 0 0 0 0 0 0 0 0 0 0 0 0 0 0 0 0 0 0 0 0 0 0 0 0 0 0 0 0 0 0 0 0 0 0 0 0 0 0 0 0 0 0 0 0 0 0 0 0 0 0 0 0 0 0 0 0 0 0 0 0 0 0 0 0 0 0 0 0 0 0 0 0 0 0 0 0 0 0 0 0 0 0 0 0 
0 -0.00308411 -0.00614854 -0.00902896 -0.0115291 -0.0135978 -0.0152827 -0.0165677 -0.0173681 -0.0176533 -0.0174925 -0.0169897 -0.0162172 -0.0152066 -0.0139887 -0.0126376 -0.0112569 -0.00992248 -0.00866273 -0.00748508 -0.00639723 -0.00541595 -0.00456461 -0.00385422 -0.00327553 -0.00280932 -0.00243189 -0.0021208 -0.00186213 -0.00164675 -0.0014682 -0.00132404 -0.00121098 -0.00112464 -0.00106099 -0.00101344 -0.000975688 -0.000943013 -0.000911002 -0.000878472 -0.000845852 -0.000814057 -0.00078546 -0.000760997 -0.000741025 -0.000725369 -0.000712224 -0.000700441 -0.000688459 -0.000675158 -0.000660593 -0.000644587 -0.000628156 -0.000612074 -0.000597076 -0.00058411 -0.000573135 -0.000564486 -0.000557677 -0.00055225 -0.000547775 -0.000543424 -0.00053904 -0.00053399 -0.000528315 -0.000521889 -0.000514782 -0.000507325 -0.000499531 -0.000491918 -0.00048445 -0.000477554 -0.000471206 -0.000465584 -0.000460722 -0.000456536 -0.000453127 -0.000450231 -0.000447991 -0.000446077 -0.000444634 -0.000443365 -0.00044238 -0.000441473 -0.000440698 -0.000439959 -0.000439251 -0.000438577 -0.000437875 -0.000437233 -0.000436539 -0.000435938 -0.000435286 -0.00043476 -0.000434193 -0.000433782 -0.000433343 -0.000433081 -0.000432803 -0.000432716 -0.000432619 -0.000432716 -0.000432803 -0.000433081 -0.000433343 -0.000433782 -0.000434193 -0.00043476 -0.000435286 -0.000435938 -0.000436539 -0.000437233 -0.000437875 -0.000438577 -0.000439251 -0.000439959 -0.000440698 -0.000441473 -0.00044238 -0.000443365 -0.000444634 -0.000446077 -0.000447991 -0.000450231 -0.000453127 -0.000456536 -0.000460722 -0.000465584 -0.000471206 -0.000477554 -0.00048445 -0.000491918 -0.000499531 -0.000507325 -0.000514782 -0.000521889 -0.000528315 -0.00053399 -0.00053904 -0.000543424 -0.000547775 -0.00055225 -0.000557677 -0.000564486 -0.000573135 -0.00058411 -0.000597076 -0.000612074 -0.000628156 -0.000644587 -0.000660593 -0.000675158 -0.000688459 -0.000700441 -0.000712224 -0.000725368 -0.000741024 -0.000760992 -0.000785443 -0.000814004 -0.000845697 -0.000878042 -0.000909876 -0.000940226 -0.000969163 -0.000998994 -0.00103078 -0.001065 -0.00109991 -0.00112901 -0.00114534 -0.00114224 -0.00111567 -0.001069 -0.00100717 -0.000930541 -0.000831056 -0.000686215 -0.00046918 -0.000168658 0.000204406 0.000619596 0.00104483 0.00147415 0.00192165 0.0023841 0.00282385 0.00318334 0.00341777 0.00352477 0.00352296 0.0033991 0.00312248 0.00271189 0.00222918 0.00170941 0.00116011 0.000624258 0.000178483 -0.000135643 
0 -0.00614854 -0.0121166 -0.0176794 -0.0226238 -0.0268173 -0.0301886 -0.032676 -0.0342336 -0.0348697 -0.0346646 -0.0337459 -0.032237 -0.0302337 -0.0278457 -0.0252309 -0.0225554 -0.0199347 -0.017428 -0.0150661 -0.0128813 -0.0109224 -0.00923371 -0.00782463 -0.00667019 -0.00572598 -0.00494417 -0.00429141 -0.00374996 -0.00330762 -0.00295483 -0.00267959 -0.0024653 -0.0022971 -0.00216195 -0.0020494 -0.00195436 -0.00187295 -0.0018026 -0.00174216 -0.0016888 -0.00164064 -0.00159595 -0.00155263 -0.00151062 -0.00146955 -0.00142988 -0.00139281 -0.00135844 -0.00132764 -0.0013002 -0.0012756 -0.00125358 -0.00123287 -0.00121316 -0.00119367 -0.00117405 -0.00115448 -0.00113468 -0.00111536 -0.00109653 -0.0010787 -0.00106216 -0.00104691 -0.00103331 -0.00102097 -0.00101011 -0.00100026 -0.000991367 -0.000983174 -0.000975373 -0.000967999 -0.000960634 -0.000953508 -0.000946252 -0.000939137 -0.000931953 -0.000924883 -0.00091791 -0.000911068 -0.000904505 -0.000898107 -0.000892131 -0.000886358 -0.000881087 -0.000876049 -0.000871535 -0.000867272 -0.000863514 -0.000860016 -0.000856978 -0.000854203 -0.000851834 -0.000849725 -0.000847972 -0.000846475 -0.000845293 -0.000844363 -0.000843719 -0.000843323 -0.000843199 -0.000843323 -0.000843719 -0.000844363 -0.000845293 -0.000846475 -0.000847972 -0.000849725 -0.000851834 -0.000854203 -0.000856978 -0.000860016 -0.000863514 -0.000867272 -0.000871535 -0.000876049 -0.000881087 -0.000886358 -0.000892131 -0.000898107 -0.000904505 -0.000911068 -0.00091791 -0.000924883 -0.000931953 -0.000939137 -0.000946252 -0.000953508 -0.000960634 -0.000967999 -0.000975373 -0.000983174 -0.000991367 -0.00100026 -0.00101011 -0.00102097 -0.00103331 -0.00104691 -0.00106216 -0.0010787 -0.00109653 -0.00111536 -0.00113468 -0.00115448 -0.00117405 -0.00119367 -0.00121316 -0.00123287 -0.00125358 -0.0012756 -0.0013002 -0.00132764 -0.00135844 -0.00139281 -0.00142988 -0.00146954 -0.00151061 -0.00155261 -0.0015959 -0.0016405 -0.00168839 -0.00174106 -0.00179979 -0.00186619 -0.00193892 -0.00201604 -0.00209376 -0.00216533 -0.00222474 -0.00226478 -0.00227889 -0.0022649 -0.00222165 -0.00214961 -0.00204753 -0.00190159 -0.00168537 -0.00136471 -0.000908057 -0.000309876 0.000402723 0.00119019 0.00202246 0.00289313 0.0038061 0.00472862 0.00557429 0.00624997 0.00670557 0.00693639 0.00694636 0.00670875 0.00618495 0.00539921 0.00445282 0.00343983 0.00240447 0.00140559 0.000549526 -7.96838e-05 
0 -0.00902896 -0.0176794 -0.0257178 -0.0329766 -0.0392239 -0.0442252 -0.0478842 -0.0502265 -0.0512984 -0.0511629 -0.0499435 -0.0478059 -0.0449303 -0.0415187 -0.0377809 -0.0339041 -0.0300465 -0.0263268 -0.0228182 -0.0195806 -0.0166777 -0.0141527 -0.0120158 -0.0102449 -0.0087858 -0.00757816 -0.00657702 -0.00574841 -0.00507008 -0.00452667 -0.00409711 -0.00375991 -0.00349521 -0.00328219 -0.00310727 -0.00296106 -0.0028354 -0.0027274 -0.00263311 -0.00254886 -0.00247329 -0.00240279 -0.00233627 -0.00227319 -0.00221224 -0.00215487 -0.00210073 -0.00205029 -0.00200435 -0.00196178 -0.00192316 -0.00188729 -0.00185357 -0.00182188 -0.00179092 -0.00176128 -0.00173217 -0.00170392 -0.00167678 -0.00165046 -0.00162584 -0.00160229 -0.00158055 -0.00156022 -0.00154132 -0.00152398 -0.00150758 -0.00149258 -0.00147816 -0.0014648 -0.00145187 -0.0014396 -0.0014278 -0.00141632 -0.00140544 -0.0013947 -0.00138464 -0.00137471 -0.00136548 -0.00135645 -0.00134809 -0.00134004 -0.00133258 -0.00132555 -0.00131901 -0.001313 -0.00130738 -0.00130236 -0.00129763 -0.00129355 -0.00128969 -0.00128649 -0.00128346 -0.00128109 -0.00127887 -0.0012773 -0.00127585 -0.00127504 -0.00127435 -0.00127429 -0.00127435 -0.00127504 -0.00127585 -0.0012773 -0.00127887 -0.00128109 -0.00128346 -0.00128649 -0.00128969 -0.00129355 -0.00129763 -0.00130236 -0.00130738 -0.001313 -0.00131901 -0.00132555 -0.00133258 -0.00134004 -0.00134809 -0.00135645 -0.00136548 -0.00137471 -0.00138464 -0.0013947 -0.00140544 -0.00141632 -0.0014278 -0.0014396 -0.00145187 -0.0014648 -0.00147816 -0.00149258 -0.00150758 -0.00152398 -0.00154132 -0.00156022 -0.00158055 -0.00160229 -0.00162584 -0.00165046 -0.00167678 -0.00170392 -0.00173217 -0.00176128 -0.00179092 -0.00182188 -0.00185357 -0.00188729 -0.00192316 -0.00196178 -0.00200435 -0.00205029 -0.00210073 -0.00215487 -0.00221224 -0.00227317 -0.00233623 -0.00240268 -0.00247296 -0.00254796 -0.00263077 -0.00272165 -0.00282202 -0.00293152 -0.0030455 -0.00315987 -0.00326593 -0.00335315 -0.00341387 -0.00343862 -0.00342283 -0.00336662 -0.00326504 -0.00310934 -0.00287799 -0.00253104 -0.00202905 -0.00134531 -0.00047551 0.000551785 0.00169879 0.00294244 0.00425964 0.00561147 0.0069333 0.00812784 0.00910054 0.0097967 0.0101757 0.01019 0.00981987 0.00908651 0.00802841 0.00671428 0.00526255 0.00380353 0.00243919 0.00125846 0.000357247 
0 -0.0115291 -0.0226238 -0.0329766 -0.0423334 -0.0504017 -0.0569294 -0.0618031 -0.0650143 -0.0665991 -0.0666386 -0.0652691 -0.0626876 -0.0591517 -0.054927 -0.0502332 -0.0452755 -0.040272 -0.0354103 -0.0308216 -0.0265968 -0.0227882 -0.0194242 -0.0165262 -0.0140877 -0.0120657 -0.0104043 -0.00903969 -0.00791212 -0.00698362 -0.00622462 -0.00561022 -0.00512331 -0.00474102 -0.0044404 -0.00420305 -0.00400792 -0.0038411 -0.00369393 -0.00355821 -0.0034335 -0.00331889 -0.00321366 -0.00312002 -0.00303552 -0.00295962 -0.0028909 -0.00282577 -0.00276429 -0.00270398 -0.00264477 -0.0025875 -0.00253141 -0.00247886 -0.00242935 -0.00238387 -0.00234286 -0.00230514 -0.00227154 -0.00224011 -0.00221108 -0.00218338 -0.00215625 -0.00213005 -0.00210349 -0.00207773 -0.0020518 -0.00202665 -0.00200215 -0.00197846 -0.00195626 -0.00193493 -0.00191556 -0.00189714 -0.00188066 -0.00186523 -0.00185137 -0.00183864 -0.00182697 -0.00181645 -0.00180652 -0.0017977 -0.00178913 -0.00178161 -0.00177414 -0.00176762 -0.0017611 -0.00175542 -0.00174977 -0.00174487 -0.00174009 -0.00173595 -0.00173204 -0.0017287 -0.00172569 -0.0017232 -0.0017211 -0.00171949 -0.00171833 -0.00171762 -0.0017174 -0.00171762 -0.00171833 -0.00171949 -0.0017211 -0.0017232 -0.00172569 -0.0017287 -0.00173204 -0.00173595 -0.00174009 -0.00174487 -0.00174977 -0.00175542 -0.0017611 -0.00176762 -0.00177414 -0.00178161 -0.00178913 -0.0017977 -0.00180652 -0.00181645 -0.00182697 -0.00183864 -0.00185137 -0.00186523 -0.00188066 -0.00189714 -0.00191556 -0.00193493 -0.00195626 -0.00197846 -0.00200215 -0.00202665 -0.0020518 -0.00207773 -0.00210349 -0.00213005 -0.00215625 -0.00218338 -0.00221108 -0.00224011 -0.00227154 -0.00230514 -0.00234286 -0.00238387 -0.00242935 -0.00247886 -0.00253141 -0.0025875 -0.00264477 -0.00270398 -0.00276429 -0.00282577 -0.0028909 -0.00295962 -0.00303549 -0.00311993 -0.0032134 -0.00331817 -0.00343162 -0.00355354 -0.00368292 -0.00381641 -0.00395543 -0.00409729 -0.00423838 -0.00437535 -0.00449568 -0.00458753 -0.0046388 -0.00463416 -0.00456707 -0.00442884 -0.00420077 -0.0038602 -0.00336972 -0.00268822 -0.0017953 -0.000683953 0.000638567 0.00214363 0.00379595 0.00554011 0.00728273 0.00893195 0.010422 0.0116832 0.0126268 0.0131525 0.0131744 0.0126894 0.011791 0.0105592 0.00901616 0.00724544 0.00544618 0.00380325 0.00240561 0.00133326 
0 -0.0135978 -0.0268173 -0.0392239 -0.0504017 -0.06006 -0.0680104 -0.0740937 -0.0782159 -0.0804125 -0.080792 -0.0794815 -0.0766918 -0.0727327 -0.0679044 -0.0624532 -0.0566202 -0.0506472 -0.0447584 -0.0391563 -0.0339783 -0.0292814 -0.025098 -0.0214485 -0.0183232 -0.0156973 -0.0135249 -0.0117334 -0.0102597 -0.00905218 -0.00806272 -0.00726132 -0.00661982 -0.00610558 -0.00569632 -0.00536659 -0.00509371 -0.00486619 -0.00466918 -0.00449517 -0.00434101 -0.00419926 -0.00407024 -0.00395135 -0.00383966 -0.0037373 -0.0036407 -0.0035509 -0.00346789 -0.0033892 -0.00331709 -0.00324867 -0.00318457 -0.00312462 -0.00306669 -0.00301277 -0.00296032 -0.00291074 -0.00286354 -0.00281797 -0.00277571 -0.00273466 -0.00269687 -0.00266075 -0.00262697 -0.00259552 -0.00256532 -0.00253773 -0.00251072 -0.002486 -0.0024618 -0.00243914 -0.00241737 -0.00239635 -0.00237666 -0.00235717 -0.0023393 -0.00232142 -0.00230522 -0.00228909 -0.00227446 -0.00226017 -0.00224706 -0.00223464 -0.00222305 -0.00221244 -0.00220235 -0.00219346 -0.00218484 -0.00217756 -0.00217037 -0.00216458 -0.00215878 -0.00215439 -0.00214992 -0.00214686 -0.00214368 -0.00214189 -0.00213997 -0.00213942 -0.00213874 -0.00213942 -0.00213997 -0.00214189 -0.00214368 -0.00214686 -0.00214992 -0.00215439 -0.00215878 -0.00216458 -0.00217037 -0.00217756 -0.00218484 -0.00219346 -0.00220235 -0.00221244 -0.00222305 -0.00223464 -0.00224706 -0.00226017 -0.00227446 -0.00228909 -0.00230522 -0.00232142 -0.0023393 -0.00235717 -0.00237666 -0.00239635 -0.00241737 -0.00243914 -0.0024618 -0.002486 -0.00251072 -0.00253773 -0.00256532 -0.00259552 -0.00262697 -0.00266075 -0.00269687 -0.00273466 -0.00277571 -0.00281797 -0.00286354 -0.00291074 -0.00296032 -0.00301277 -0.00306669 -0.00312462 -0.00318457 -0.00324867 -0.00331709 -0.0033892 -0.00346789 -0.0035509 -0.00364069 -0.00373728 -0.00383959 -0.00395115 -0.00406968 -0.00419779 -0.00433729 -0.00448628 -0.00464898 -0.00482264 -0.00500464 -0.00519378 -0.00537835 -0.00555043 -0.00569912 -0.00580749 -0.00586893 -0.00587184 -0.00579992 -0.00563878 -0.00535341 -0.00490126 -0.00425022 -0.00336922 -0.00224794 -0.000894625 0.000697021 0.00252232 0.00453423 0.00665206 0.00875718 0.0107253 0.0124879 0.0139902 0.0151194 0.0157512 0.0158231 0.0153381 0.0143598 0.0129871 0.0113009 0.00939006 0.00742296 0.00560456 0.00407986 0.00294305 
0 -0.0152827 -0.0301886 -0.0442252 -0.0569294 -0.0680104 -0.0772584 -0.0844645 -0.0895194 -0.0924538 -0.0933474 -0.0923229 -0.0896081 -0.085499 -0.0803008 -0.074325 -0.0678514 -0.0611137 -0.0543654 -0.0478646 -0.0417858 -0.0362279 -0.0312456 -0.0268422 -0.023011 -0.0197477 -0.0170101 -0.0147384 -0.0128754 -0.0113483 -0.010099 -0.00908672 -0.00826319 -0.00759577 -0.00705741 -0.00661483 -0.00625193 -0.00595107 -0.00569425 -0.00547652 -0.0052845 -0.00511114 -0.00495461 -0.0048059 -0.00466734 -0.00453701 -0.00441298 -0.00429999 -0.00419383 -0.0040972 -0.00400928 -0.00392663 -0.0038519 -0.00377982 -0.00371202 -0.00364703 -0.00358297 -0.00352273 -0.00346278 -0.00340667 -0.0033526 -0.00330135 -0.00325422 -0.00320884 -0.00316826 -0.00312909 -0.00309373 -0.00306017 -0.0030286 -0.0029994 -0.00297058 -0.00294439 -0.00291781 -0.00289361 -0.00286914 -0.00284641 -0.00282409 -0.00280273 -0.00278263 -0.00276282 -0.00274493 -0.00272692 -0.00271119 -0.00269519 -0.00268152 -0.00266762 -0.0026559 -0.00264412 -0.00263421 -0.00262449 -0.0026163 -0.00260853 -0.00260197 -0.00259604 -0.00259103 -0.00258682 -0.00258333 -0.00258076 -0.00257876 -0.00257775 -0.00257724 -0.00257775 -0.00257876 -0.00258076 -0.00258333 -0.00258682 -0.00259103 -0.00259604 -0.00260197 -0.00260853 -0.0026163 -0.00262449 -0.00263421 -0.00264412 -0.0026559 -0.00266762 -0.00268152 -0.00269519 -0.00271119 -0.00272692 -0.00274493 -0.00276282 -0.00278263 -0.00280273 -0.00282409 -0.00284641 -0.00286914 -0.00289361 -0.00291781 -0.00294439 -0.00297058 -0.0029994 -0.0030286 -0.00306017 -0.00309373 -0.00312909 -0.00316826 -0.00320884 -0.00325422 -0.00330135 -0.0033526 -0.00340667 -0.00346278 -0.00352273 -0.00358297 -0.00364703 -0.00371202 -0.00377982 -0.0038519 -0.00392663 -0.00400928 -0.0040972 -0.00419383 -0.00429999 -0.00441296 -0.00453696 -0.00466719 -0.00480547 -0.00495346 -0.00510822 -0.00527742 -0.00546023 -0.00565863 -0.00587716 -0.00610639 -0.00634292 -0.00657524 -0.00678347 -0.0069604 -0.00709075 -0.00716328 -0.0071759 -0.00710322 -0.00691247 -0.00656279 -0.00599334 -0.0051698 -0.00408549 -0.00273458 -0.0011286 0.000727609 0.00284244 0.00516673 0.00759386 0.0100113 0.0122938 0.0143221 0.0160102 0.0172604 0.0179747 0.0181322 0.0177466 0.0168029 0.0153561 0.0135902 0.0116878 0.00975257 0.0079101 0.00635095 0.0052201 
0 -0.0165677 -0.032676 -0.0478842 -0.0618031 -0.0740937 -0.0844645 -0.0927169 -0.0987491 -0.102512 -0.104049 -0.103538 -0.101204 -0.097256 -0.0919836 -0.0857425 -0.0788384 -0.0715458 -0.0641604 -0.056935 -0.050064 -0.0437038 -0.0379248 -0.0327418 -0.0281843 -0.0242555 -0.020922 -0.018147 -0.0158557 -0.0139598 -0.0124019 -0.0111211 -0.010069 -0.00922029 -0.00853226 -0.00797325 -0.00752036 -0.00713816 -0.00681319 -0.00653199 -0.0062786 -0.00605594 -0.00585436 -0.00567112 -0.00550862 -0.00535643 -0.00521833 -0.00508941 -0.00496553 -0.00485129 -0.0047393 -0.0046347 -0.00453593 -0.00444132 -0.00435599 -0.00427385 -0.00419994 -0.00413066 -0.00406539 -0.0040061 -0.00394731 -0.00389382 -0.00384024 -0.00378955 -0.00374047 -0.00369183 -0.00364681 -0.00360116 -0.00355995 -0.00351871 -0.00348124 -0.00344531 -0.00341162 -0.00338103 -0.00335114 -0.00332524 -0.00329907 -0.00327691 -0.00325426 -0.00323491 -0.00321544 -0.00319822 -0.00318157 -0.00316606 -0.00315187 -0.0031379 -0.0031259 -0.00311343 -0.00310339 -0.00309248 -0.00308429 -0.00307501 -0.00306857 -0.00306099 -0.00305629 -0.00305046 -0.00304748 -0.00304342 -0.00304218 -0.0030399 -0.00304041 -0.0030399 -0.00304218 -0.00304342 -0.00304748 -0.00305046 -0.00305629 -0.00306099 -0.00306857 -0.00307501 -0.00308429 -0.00309248 -0.00310339 -0.00311343 -0.0031259 -0.0031379 -0.00315187 -0.00316606 -0.00318157 -0.00319822 -0.00321544 -0.00323491 -0.00325426 -0.00327691 -0.00329907 -0.00332524 -0.00335114 -0.00338103 -0.00341162 -0.00344531 -0.00348124 -0.00351871 -0.00355995 -0.00360116 -0.00364681 -0.00369183 -0.00374047 -0.00378955 -0.00384024 -0.00389382 -0.00394731 -0.0040061 -0.00406539 -0.00413066 -0.00419994 -0.00427385 -0.00435599 -0.00444132 -0.00453593 -0.0046347 -0.0047393 -0.00485129 -0.00496553 -0.00508939 -0.00521829 -0.00535632 -0.0055083 -0.00567025 -0.00585209 -0.00605038 -0.00626563 -0.00650322 -0.00675261 -0.00701708 -0.00729068 -0.00755966 -0.00782472 -0.00806833 -0.00827863 -0.00845286 -0.00856514 -0.00859795 -0.00852204 -0.00827702 -0.00782018 -0.0071109 -0.00611359 -0.00483781 -0.00328407 -0.00143098 0.00071085 0.00311697 0.00573138 0.00842725 0.011085 0.0136154 0.0158809 0.017735 0.0190987 0.0199248 0.0201853 0.0198914 0.0190493 0.0176955 0.0160013 0.0141932 0.0123931 0.010681 0.00921724 0.00815679 
0 -0.0173681 -0.0342336 -0.0502265 -0.0650143 -0.0782159 -0.0895194 -0.0987491 -0.105751 -0.110397 -0.112743 -0.112981 -0.111266 -0.107761 -0.102741 -0.0965278 -0.0894516 -0.0818679 -0.0740727 -0.0662903 -0.0587602 -0.0516766 -0.0451319 -0.0391996 -0.0339269 -0.0293072 -0.0253441 -0.0220119 -0.0192259 -0.0169173 -0.0150119 -0.0134268 -0.0121243 -0.0110597 -0.0101845 -0.00947837 -0.00889789 -0.00841177 -0.00800713 -0.00765249 -0.0073429 -0.00707147 -0.00682247 -0.00660351 -0.0064026 -0.00621732 -0.00605152 -0.00589226 -0.00574756 -0.005611 -0.00548027 -0.0053617 -0.00524524 -0.00513941 -0.00503874 -0.0049429 -0.00485631 -0.00477055 -0.00469391 -0.00461882 -0.0045487 -0.00448343 -0.00441868 -0.00436095 -0.0043021 -0.00424949 -0.00419725 -0.0041483 -0.00410254 -0.00405701 -0.00401678 -0.00397512 -0.00393915 -0.00390191 -0.00386913 -0.00383655 -0.00380634 -0.00377821 -0.00375041 -0.00372625 -0.00370094 -0.00368016 -0.00365752 -0.00363956 -0.00361974 -0.00360417 -0.0035872 -0.00357374 -0.00355958 -0.00354807 -0.00353661 -0.00352697 -0.00351807 -0.00351029 -0.00350381 -0.0034979 -0.0034937 -0.00348969 -0.00348766 -0.00348561 -0.00348566 -0.00348561 -0.00348766 -0.00348969 -0.0034937 -0.0034979 -0.00350381 -0.00351029 -0.00351807 -0.00352697 -0.00353661 -0.00354807 -0.00355958 -0.00357374 -0.0035872 -0.00360417 -0.00361974 -0.00363956 -0.00365752 -0.00368016 -0.00370094 -0.00372625 -0.00375041 -0.00377821 -0.00380634 -0.00383655 -0.00386913 -0.00390191 -0.00393915 -0.00397512 -0.00401678 -0.00405701 -0.00410254 -0.0041483 -0.00419725 -0.00424949 -0.0043021 -0.00436095 -0.00441868 -0.00448343 -0.0045487 -0.00461882 -0.00469391 -0.00477055 -0.00485631 -0.0049429 -0.00503874 -0.00513941 -0.00524524 -0.0053617 -0.00548027 -0.005611 -0.00574755 -0.00589224 -0.00605143 -0.00621708 -0.00640193 -0.00660178 -0.00681816 -0.00706127 -0.00731994 -0.00760344 -0.00790758 -0.00821998 -0.0085471 -0.00886881 -0.00917681 -0.00947064 -0.00972446 -0.00993573 -0.0100863 -0.0101277 -0.0100273 -0.00972233 -0.00914826 -0.00829143 -0.00712987 -0.00565174 -0.00387074 -0.00176042 0.000680169 0.00337094 0.00622905 0.00915873 0.0120305 0.0147481 0.0172 0.0192165 0.0207019 0.0216559 0.0220458 0.021844 0.0211282 0.02001 0.0185754 0.0169547 0.0153276 0.0138421 0.0126016 0.0116991 
0 -0.0176533 -0.0348697 -0.0512984 -0.0665991 -0.0804125 -0.0924538 -0.102512 -0.110397 -0.116009 -0.119368 -0.120533 -0.119606 -0.116793 -0.112329 -0.106464 -0.099555 -0.0919707 -0.0839694 -0.0758115 -0.0677792 -0.060071 -0.0528486 -0.0462405 -0.0402713 -0.0349584 -0.0303396 -0.0263825 -0.0230455 -0.0202803 -0.0179787 -0.0160652 -0.0144843 -0.0131598 -0.0120652 -0.0111677 -0.0104187 -0.00980854 -0.00929979 -0.0088639 -0.00849734 -0.00816703 -0.00787186 -0.00760729 -0.0073559 -0.00713208 -0.00692238 -0.00672867 -0.00655741 -0.00639319 -0.00624879 -0.00611248 -0.00598371 -0.0058674 -0.00574988 -0.00564387 -0.0055382 -0.00543769 -0.00534453 -0.00525096 -0.00516895 -0.00508627 -0.00501308 -0.00494331 -0.00487725 -0.004819 -0.00475951 -0.00470919 -0.00465623 -0.00461024 -0.00456358 -0.00451975 -0.00447868 -0.00443651 -0.0044 -0.00436015 -0.00432717 -0.00429065 -0.00426046 -0.00422811 -0.00420031 -0.00417252 -0.00414701 -0.00412375 -0.00410062 -0.00408155 -0.00406093 -0.0040456 -0.00402761 -0.00401556 -0.00400024 -0.00399108 -0.00397842 -0.00397186 -0.00396182 -0.00395767 -0.00395015 -0.00394831 -0.00394323 -0.00394366 -0.00394093 -0.00394366 -0.00394323 -0.00394831 -0.00395015 -0.00395767 -0.00396182 -0.00397186 -0.00397842 -0.00399108 -0.00400024 -0.00401556 -0.00402761 -0.0040456 -0.00406093 -0.00408155 -0.00410062 -0.00412375 -0.00414701 -0.00417252 -0.00420031 -0.00422811 -0.00426046 -0.00429065 -0.00432717 -0.00436015 -0.0044 -0.00443651 -0.00447868 -0.00451975 -0.00456358 -0.00461024 -0.00465623 -0.00470919 -0.00475951 -0.004819 -0.00487725 -0.00494331 -0.00501308 -0.00508627 -0.00516895 -0.00525096 -0.00534453 -0.00543769 -0.0055382 -0.00564387 -0.00574988 -0.0058674 -0.0059837 -0.00611248 -0.00624879 -0.00639318 -0.00655739 -0.00672861 -0.00692221 -0.00713159 -0.00735459 -0.00760399 -0.00786393 -0.00814894 -0.0084581 -0.00878302 -0.00914151 -0.00951436 -0.00989923 -0.0102953 -0.0106686 -0.0110211 -0.011335 -0.0115769 -0.0117429 -0.0117789 -0.0116241 -0.0112432 -0.0105645 -0.00955696 -0.00822571 -0.00653057 -0.00446565 -0.0020603 0.000668983 0.00362885 0.00669454 0.0098132 0.0128978 0.0157939 0.0183798 0.0205367 0.0221523 0.0232142 0.0237399 0.0237095 0.0231919 0.0223434 0.0212398 0.0199233 0.0185628 0.0173633 0.0164082 0.0157308 
0 -0.0174925 -0.0346646 -0.0511629 -0.0666386 -0.080792 -0.0933474 -0.104049 -0.112743 -0.119368 -0.123823 -0.126028 -0.126093 -0.124218 -0.120562 -0.115356 -0.108941 -0.101611 -0.0936474 -0.08537 -0.0770243 -0.0688307 -0.0610431 -0.0538022 -0.0471625 -0.0412022 -0.0359336 -0.0313382 -0.0274292 -0.0241368 -0.0213691 -0.0190737 -0.0171503 -0.0155362 -0.0142059 -0.0130898 -0.0121652 -0.011406 -0.0107568 -0.010216 -0.00975086 -0.00933682 -0.00898348 -0.00865815 -0.00836747 -0.00810873 -0.00786125 -0.00764416 -0.00743653 -0.00724348 -0.00707007 -0.00689845 -0.00674832 -0.00660207 -0.00646681 -0.00634506 -0.00622314 -0.00611838 -0.00601172 -0.00591575 -0.00582433 -0.00573346 -0.00565383 -0.00556917 -0.00549666 -0.00542096 -0.00535253 -0.00528725 -0.00522249 -0.00516688 -0.00510724 -0.00505905 -0.00500626 -0.00496309 -0.00491805 -0.00487821 -0.00484069 -0.00480345 -0.00477235 -0.00473774 -0.00471162 -0.00468003 -0.00465758 -0.00462943 -0.00460968 -0.00458529 -0.00456765 -0.00454713 -0.00453136 -0.00451467 -0.00450077 -0.00448774 -0.00447582 -0.00446626 -0.00445647 -0.00445018 -0.00444269 -0.00443947 -0.00443444 -0.00443411 -0.0044317 -0.00443411 -0.00443444 -0.00443947 -0.00444269 -0.00445018 -0.00445647 -0.00446626 -0.00447582 -0.00448774 -0.00450077 -0.00451467 -0.00453136 -0.00454713 -0.00456765 -0.00458529 -0.00460968 -0.00462943 -0.00465758 -0.00468003 -0.00471162 -0.00473774 -0.00477235 -0.00480345 -0.00484069 -0.00487821 -0.00491805 -0.00496309 -0.00500626 -0.00505905 -0.00510724 -0.00516688 -0.00522249 -0.00528725 -0.00535253 -0.00542096 -0.00549666 -0.00556917 -0.00565383 -0.00573346 -0.00582433 -0.00591575 -0.00601172 -0.00611838 -0.00622314 -0.00634506 -0.00646681 -0.00660207 -0.00674832 -0.00689845 -0.00707007 -0.00724346 -0.00743648 -0.00764403 -0.00786089 -0.00810775 -0.00836498 -0.00865206 -0.0089694 -0.00930581 -0.00968595 -0.0100869 -0.010513 -0.0109683 -0.0114179 -0.0118745 -0.0123174 -0.0127189 -0.0130911 -0.0133851 -0.0135623 -0.0135914 -0.0133773 -0.0128766 -0.0120643 -0.0108806 -0.00932982 -0.00740053 -0.00504626 -0.00232402 0.000679984 0.00390096 0.00721377 0.0105247 0.0137832 0.016834 0.0195109 0.0217612 0.0235241 0.0247206 0.0253743 0.025558 0.0253221 0.024753 0.0239584 0.0230216 0.0220561 0.0212018 0.0205364 0.0200942 
0 -0.0169897 -0.0337459 -0.0499435 -0.0652691 -0.0794815 -0.0923229 -0.103538 -0.112981 -0.120533 -0.126028 -0.129383 -0.13065 -0.129907 -0.127286 -0.123028 -0.117361 -0.110539 -0.10291 -0.0947655 -0.0863118 -0.07784 -0.0696201 -0.0618126 -0.0545839 -0.0480229 -0.0421161 -0.0369076 -0.0324009 -0.0285244 -0.025256 -0.0225161 -0.0201976 -0.01827 -0.0166537 -0.0152884 -0.0141652 -0.0132116 -0.0124067 -0.0117363 -0.0111445 -0.0106438 -0.0102061 -0.00980917 -0.00947123 -0.00915337 -0.0088688 -0.00861268 -0.00836273 -0.00814528 -0.00793182 -0.00773637 -0.00755994 -0.00738464 -0.00723577 -0.00708602 -0.0069528 -0.00682934 -0.0067063 -0.00660192 -0.00649043 -0.00639546 -0.00629832 -0.00620708 -0.00612417 -0.00603677 -0.00596474 -0.00588463 -0.00581921 -0.00574962 -0.00568795 -0.0056298 -0.00557121 -0.00552306 -0.00546845 -0.00542762 -0.00537843 -0.00534224 -0.00529956 -0.00526608 -0.00523027 -0.00519858 -0.00516932 -0.00513926 -0.0051158 -0.0050877 -0.00506918 -0.00504351 -0.0050291 -0.0050063 -0.00499539 -0.00497577 -0.00496794 -0.00495165 -0.00494667 -0.00493373 -0.00493152 -0.00492186 -0.00492245 -0.00491595 -0.00491943 -0.00491595 -0.00492245 -0.00492186 -0.00493152 -0.00493373 -0.00494667 -0.00495165 -0.00496794 -0.00497577 -0.00499539 -0.0050063 -0.0050291 -0.00504351 -0.00506918 -0.0050877 -0.0051158 -0.00513926 -0.00516932 -0.00519858 -0.00523027 -0.00526608 -0.00529956 -0.00534224 -0.00537843 -0.00542762 -0.00546845 -0.00552306 -0.00557121 -0.0056298 -0.00568795 -0.00574962 -0.00581921 -0.00588463 -0.00596474 -0.00603677 -0.00612417 -0.00620708 -0.00629832 -0.00639546 -0.00649043 -0.00660192 -0.0067063 -0.00682934 -0.0069528 -0.00708602 -0.00723577 -0.00738464 -0.00755994 -0.00773637 -0.00793181 -0.00814525 -0.00836264 -0.00861241 -0.00886809 -0.00915151 -0.00946663 -0.00979835 -0.010182 -0.0105923 -0.0110405 -0.0115365 -0.012042 -0.0125785 -0.0131187 -0.0136369 -0.0141553 -0.0146271 -0.0150433 -0.0153903 -0.0155746 -0.0155563 -0.0152694 -0.0146224 -0.0136215 -0.0122374 -0.0104197 -0.00819629 -0.0055549 -0.0025156 0.000783928 0.00426097 0.00785289 0.0114053 0.0147985 0.0179416 0.0206977 0.0230122 0.0248946 0.026268 0.0270901 0.0274698 0.0275092 0.0272435 0.0267706 0.0262335 0.0257064 0.0252225 0.0248439 0.0246317 
0 -0.0162172 -0.032237 -0.0478059 -0.0626876 -0.0766918 -0.0896081 -0.101204 -0.111266 -0.119606 -0.126093 -0.13065 -0.133194 -0.133717 -0.132364 -0.129286 -0.124603 -0.118578 -0.111536 -0.103717 -0.0954017 -0.0868995 -0.078423 -0.070216 -0.0625098 -0.0553682 -0.0488579 -0.0430553 -0.0379252 -0.0334748 -0.0296931 -0.0264605 -0.0237283 -0.0214308 -0.0194617 -0.0178152 -0.0164326 -0.0152537 -0.0142855 -0.0134535 -0.0127389 -0.0121367 -0.0115862 -0.011112 -0.0106864 -0.0102911 -0.00995449 -0.0096321 -0.00934884 -0.00909444 -0.00884743 -0.00863844 -0.0084272 -0.00823875 -0.00806259 -0.00788572 -0.0077355 -0.0075763 -0.00744038 -0.0073065 -0.00717934 -0.00707031 -0.00695388 -0.00686175 -0.00676058 -0.00667627 -0.00659219 -0.00651066 -0.00644111 -0.00636234 -0.00630211 -0.00622895 -0.00617303 -0.00610846 -0.00605387 -0.00599933 -0.00594554 -0.00590065 -0.00584877 -0.00581195 -0.00576375 -0.00573299 -0.00569006 -0.00566359 -0.00562692 -0.00560347 -0.00557338 -0.00555226 -0.00552856 -0.00550949 -0.00549169 -0.00547469 -0.00546219 -0.00544743 -0.00543962 -0.00542731 -0.00542368 -0.00541406 -0.00541418 -0.00540748 -0.00541103 -0.00540748 -0.00541418 -0.00541406 -0.00542368 -0.00542731 -0.00543962 -0.00544743 -0.00546219 -0.00547469 -0.00549169 -0.00550949 -0.00552856 -0.00555226 -0.00557338 -0.00560347 -0.00562692 -0.00566359 -0.00569006 -0.00573299 -0.00576375 -0.00581195 -0.00584877 -0.00590065 -0.00594554 -0.00599933 -0.00605387 -0.00610846 -0.00617303 -0.00622895 -0.00630211 -0.00636234 -0.00644111 -0.00651066 -0.00659219 -0.00667627 -0.00676058 -0.00686175 -0.00695388 -0.00707031 -0.00717934 -0.0073065 -0.00744038 -0.0075763 -0.0077355 -0.00788572 -0.00806259 -0.00823875 -0.0084272 -0.00863844 -0.00884741 -0.00909438 -0.00934865 -0.00963157 -0.00995312 -0.0102877 -0.0106782 -0.0110934 -0.011546 -0.0120539 -0.0125772 -0.0131533 -0.0137552 -0.0143623 -0.0150028 -0.01562 -0.0162192 -0.0167939 -0.0172644 -0.0176219 -0.0177896 -0.0176642 -0.0172353 -0.0164296 -0.0152017 -0.013575 -0.0114786 -0.0088949 -0.00590442 -0.00253927 0.00109979 0.00486211 0.00869363 0.0124776 0.0160123 0.0192163 0.0220588 0.0244618 0.0264038 0.0278944 0.0289132 0.0295079 0.0297856 0.0298183 0.0296963 0.0295417 0.029396 0.0292509 0.0291625 0.0291925 
0 -0.0152066 -0.0302337 -0.0449303 -0.0591517 -0.0727327 -0.085499 -0.097256 -0.107761 -0.116793 -0.124218 -0.129907 -0.133717 -0.135624 -0.135687 -0.133933 -0.130467 -0.125505 -0.119256 -0.112003 -0.104096 -0.0957705 -0.0872514 -0.0788549 -0.0707757 -0.0631459 -0.0561295 -0.0497518 -0.0440251 -0.0390199 -0.0346713 -0.0309239 -0.0277544 -0.0250295 -0.0227034 -0.0207457 -0.0190555 -0.0176398 -0.0164487 -0.015414 -0.0145557 -0.0137992 -0.013134 -0.0125674 -0.012037 -0.0115811 -0.0111669 -0.0107798 -0.0104519 -0.0101291 -0.00984942 -0.00959106 -0.00934043 -0.00913024 -0.00891168 -0.00872609 -0.00854571 -0.00837182 -0.0082244 -0.00806438 -0.00793584 -0.00779752 -0.00767597 -0.0075623 -0.00744472 -0.00735095 -0.00724164 -0.00715918 -0.00706405 -0.00698583 -0.00690771 -0.00683097 -0.00676836 -0.00669428 -0.00664285 -0.00657445 -0.00652936 -0.00646945 -0.00642702 -0.00637711 -0.00633547 -0.00629557 -0.00625446 -0.00622354 -0.00618366 -0.00616018 -0.00612263 -0.00610509 -0.0060709 -0.00605806 -0.00602798 -0.006019 -0.00599344 -0.00598785 -0.00596694 -0.00596456 -0.00594819 -0.00594907 -0.00593701 -0.00594134 -0.0059333 -0.00594134 -0.00593701 -0.00594907 -0.00594819 -0.00596456 -0.00596694 -0.00598785 -0.00599344 -0.006019 -0.00602798 -0.00605806 -0.0060709 -0.00610509 -0.00612263 -0.00616018 -0.00618366 -0.00622354 -0.00625446 -0.00629557 -0.00633547 -0.00637711 -0.00642702 -0.00646945 -0.00652936 -0.00657445 -0.00664285 -0.00669428 -0.00676836 -0.00683097 -0.00690771 -0.00698583 -0.00706405 -0.00715918 -0.00724164 -0.00735095 -0.00744472 -0.0075623 -0.00767597 -0.00779752 -0.00793584 -0.00806438 -0.0082244 -0.00837182 -0.00854571 -0.00872608 -0.00891168 -0.00913024 -0.00934043 -0.00959105 -0.00984937 -0.010129 -0.0104515 -0.0107788 -0.0111644 -0.0115749 -0.0120228 -0.0125363 -0.013069 -0.01367 -0.0143114 -0.0149751 -0.0156978 -0.0164151 -0.0171454 -0.0178846 -0.0185636 -0.0192045 -0.0197322 -0.0200565 -0.0201572 -0.0199144 -0.0192795 -0.0182637 -0.0167783 -0.0148126 -0.0123725 -0.00940179 -0.00599232 -0.00227482 0.0017009 0.0057962 0.00985978 0.0138105 0.0174953 0.0207874 0.0236942 0.0261805 0.0281666 0.0296919 0.0308463 0.0316648 0.0321893 0.032504 0.0327036 0.0328645 0.0330146 0.0331638 0.0333561 0.0336173 
0 -0.0139887 -0.0278457 -0.0415187 -0.054927 -0.0679044 -0.0803008 -0.0919836 -0.102741 -0.112329 -0.120562 -0.127286 -0.132364 -0.135687 -0.137174 -0.136832 -0.134761 -0.131046 -0.125837 -0.119448 -0.112164 -0.104205 -0.0958866 -0.0874802 -0.0791811 -0.0712482 -0.0638236 -0.0569332 -0.0506896 -0.0451184 -0.0401843 -0.0359316 -0.0322731 -0.0291106 -0.0264304 -0.0241095 -0.0221068 -0.020418 -0.0189415 -0.017693 -0.0166333 -0.015693 -0.0149082 -0.0142032 -0.013576 -0.0130382 -0.0125226 -0.0120803 -0.0116679 -0.0112813 -0.0109529 -0.010623 -0.0103456 -0.0100817 -0.00983348 -0.00962569 -0.00940578 -0.00922868 -0.00904398 -0.00887691 -0.00872679 -0.00856562 -0.00843908 -0.00829188 -0.00817554 -0.00805109 -0.00793744 -0.00783759 -0.00772723 -0.00764655 -0.00754492 -0.00747496 -0.00738757 -0.00732133 -0.00725066 -0.00718477 -0.00712976 -0.00706434 -0.00702156 -0.00695878 -0.00692411 -0.00686662 -0.00683654 -0.00678644 -0.00675858 -0.006717 -0.00669024 -0.00665739 -0.00663151 -0.00660696 -0.0065823 -0.0065653 -0.00654247 -0.00653217 -0.00651179 -0.00650741 -0.00649006 -0.00649095 -0.0064771 -0.00648273 -0.00647279 -0.00648273 -0.0064771 -0.00649095 -0.00649006 -0.00650741 -0.00651179 -0.00653217 -0.00654247 -0.0065653 -0.0065823 -0.00660696 -0.00663151 -0.00665739 -0.00669024 -0.006717 -0.00675858 -0.00678644 -0.00683654 -0.00686662 -0.00692411 -0.00695878 -0.00702156 -0.00706434 -0.00712976 -0.00718477 -0.00725066 -0.00732133 -0.00738757 -0.00747496 -0.00754492 -0.00764655 -0.00772723 -0.00783759 -0.00793744 -0.00805109 -0.00817554 -0.00829188 -0.00843908 -0.00856562 -0.00872679 -0.00887691 -0.00904398 -0.00922868 -0.00940578 -0.00962569 -0.00983348 -0.0100817 -0.0103456 -0.0106229 -0.0109528 -0.0112811 -0.0116672 -0.0120784 -0.0125181 -0.0130276 -0.0135523 -0.0141528 -0.0148062 -0.0154968 -0.0162743 -0.0170679 -0.0179039 -0.018773 -0.0196056 -0.0204436 -0.0212182 -0.0218739 -0.0224068 -0.0226793 -0.0226369 -0.0222441 -0.0213838 -0.0200636 -0.0182557 -0.0158689 -0.012956 -0.00955903 -0.00571805 -0.00160154 0.00269245 0.00710388 0.0114396 0.015543 0.019346 0.0227471 0.0256869 0.0281695 0.0301785 0.0317474 0.0329822 0.0339491 0.0346838 0.0352547 0.0357197 0.0361125 0.0364865 0.036889 0.037319 0.0377504 
0 -0.0126376 -0.0252309 -0.0377809 -0.0502332 -0.0624532 -0.074325 -0.0857425 -0.0965278 -0.106464 -0.115356 -0.123028 -0.129286 -0.133933 -0.136832 -0.137967 -0.137353 -0.135011 -0.131081 -0.125776 -0.11931 -0.111985 -0.104102 -0.0958673 -0.0875684 -0.0794841 -0.0717336 -0.0644656 -0.057791 -0.0516961 -0.046259 -0.0414984 -0.0373191 -0.0337244 -0.0306252 -0.0279123 -0.0255992 -0.0235858 -0.0218351 -0.0203591 -0.0190514 -0.017932 -0.0169663 -0.0160866 -0.0153433 -0.0146596 -0.0140479 -0.0135208 -0.0130113 -0.0125821 -0.0121743 -0.0117986 -0.0114762 -0.0111464 -0.0108749 -0.0106015 -0.0103539 -0.0101371 -0.00990975 -0.00973205 -0.00953581 -0.00937569 -0.00921786 -0.00906395 -0.00893934 -0.00879331 -0.00868796 -0.00855775 -0.00845806 -0.00834966 -0.00824883 -0.0081623 -0.00806111 -0.00799146 -0.00789518 -0.00783552 -0.00775 -0.00769445 -0.00762351 -0.00756874 -0.00751337 -0.00745854 -0.00741745 -0.00736343 -0.00733407 -0.00728249 -0.00726208 -0.00721457 -0.00720068 -0.00715847 -0.00714937 -0.00711314 -0.00710779 -0.00707774 -0.00707569 -0.00705166 -0.00705289 -0.00703448 -0.00703926 -0.00702595 -0.00703472 -0.00702595 -0.00703926 -0.00703448 -0.00705289 -0.00705166 -0.00707569 -0.00707774 -0.00710779 -0.00711314 -0.00714937 -0.00715847 -0.00720068 -0.00721457 -0.00726208 -0.00728249 -0.00733407 -0.00736343 -0.00741745 -0.00745854 -0.00751337 -0.00756874 -0.00762351 -0.00769445 -0.00775 -0.00783552 -0.00789518 -0.00799146 -0.00806111 -0.0081623 -0.00824883 -0.00834966 -0.00845806 -0.00855775 -0.00868796 -0.00879331 -0.00893934 -0.00906395 -0.00921786 -0.00937569 -0.00953581 -0.00973205 -0.00990975 -0.0101371 -0.0103539 -0.0106015 -0.0108749 -0.0111464 -0.0114762 -0.0117985 -0.0121741 -0.0125816 -0.01301 -0.0135175 -0.01404 -0.0146417 -0.0153047 -0.0160072 -0.0168107 -0.0176421 -0.0185372 -0.0194903 -0.0204336 -0.0214208 -0.0223814 -0.0232838 -0.0241399 -0.0248191 -0.0252852 -0.0254696 -0.0252301 -0.0245679 -0.0234215 -0.0217058 -0.0194496 -0.0165991 -0.0131522 -0.00925518 -0.00498387 -0.000431547 0.00423471 0.00892136 0.0134972 0.017764 0.0216395 0.0250948 0.0280504 0.0304806 0.0324523 0.0340541 0.0353529 0.0363897 0.0372298 0.0379681 0.038636 0.0392188 0.0397716 0.0403602 0.0409456 0.0414718 
0 -0.0112569 -0.0225554 -0.0339041 -0.0452755 -0.0566202 -0.0678514 -0.0788384 -0.0894516 -0.099555 -0.108941 -0.117361 -0.124603 -0.130467 -0.134761 -0.137353 -0.138196 -0.137319 -0.134792 -0.130717 -0.125313 -0.118874 -0.111619 -0.103794 -0.0957138 -0.0876066 -0.0796933 -0.0721941 -0.0651625 -0.0586668 -0.0528054 -0.0475396 -0.0428892 -0.0388513 -0.0352985 -0.0322206 -0.0295546 -0.0271981 -0.0251805 -0.0234132 -0.021857 -0.0205324 -0.0193348 -0.0182951 -0.0173837 -0.0165413 -0.015827 -0.0151591 -0.0145643 -0.0140451 -0.01354 -0.0131178 -0.0127047 -0.012334 -0.0120071 -0.0116756 -0.0114078 -0.0111265 -0.0108877 -0.0106636 -0.0104406 -0.0102629 -0.0100606 -0.00990806 -0.00973714 -0.00959212 -0.00945612 -0.00931317 -0.00920554 -0.00906955 -0.00897821 -0.0088576 -0.00877153 -0.00867213 -0.00858539 -0.00850794 -0.00842012 -0.00836102 -0.00827528 -0.00822894 -0.00814956 -0.00811052 -0.00804108 -0.00800533 -0.00794789 -0.0079132 -0.00786827 -0.00783394 -0.00780091 -0.00776722 -0.00774487 -0.00771262 -0.00769956 -0.00766966 -0.00766459 -0.0076379 -0.00763975 -0.00761694 -0.00762488 -0.00760654 -0.00761993 -0.00760654 -0.00762488 -0.00761694 -0.00763975 -0.0076379 -0.00766459 -0.00766966 -0.00769956 -0.00771262 -0.00774487 -0.00776722 -0.00780091 -0.00783394 -0.00786827 -0.0079132 -0.00794789 -0.00800533 -0.00804108 -0.00811052 -0.00814956 -0.00822894 -0.00827528 -0.00836102 -0.00842012 -0.00850794 -0.00858539 -0.00867213 -0.00877153 -0.0088576 -0.00897821 -0.00906955 -0.00920554 -0.00931317 -0.00945612 -0.00959212 -0.00973714 -0.00990806 -0.0100606 -0.0102629 -0.0104406 -0.0106636 -0.0108877 -0.0111265 -0.0114078 -0.0116756 -0.0120071 -0.012334 -0.0127046 -0.0131177 -0.0135396 -0.0140442 -0.0145619 -0.0151533 -0.0158138 -0.0165121 -0.0173226 -0.0181734 -0.0191037 -0.0201148 -0.0211381 -0.0222327 -0.023326 -0.0244 -0.0254781 -0.0264496 -0.02731 -0.0279855 -0.0283285 -0.0283147 -0.0278317 -0.0267977 -0.0252346 -0.0230544 -0.0202312 -0.0168245 -0.0128404 -0.00839363 -0.00364425 0.00133855 0.00641379 0.0113828 0.0161148 0.0204882 0.0244026 0.0278261 0.0307345 0.03312 0.0350429 0.0365997 0.0378736 0.0389205 0.0398006 0.0406017 0.041375 0.0421074 0.0428056 0.0434952 0.044143 0.0447112 
0 -0.00992248 -0.0199347 -0.0300465 -0.040272 -0.0506472 -0.0611137 -0.0715458 -0.0818679 -0.0919707 -0.101611 -0.110539 -0.118578 -0.125505 -0.131046 -0.135011 -0.137319 -0.137936 -0.136858 -0.134153 -0.129993 -0.124583 -0.118155 -0.110987 -0.103325 -0.095412 -0.0875475 -0.079921 -0.0726469 -0.0658709 -0.0596293 -0.05395 -0.0489065 -0.0444306 -0.0404824 -0.0370434 -0.0339875 -0.0313076 -0.0289693 -0.0268831 -0.0250862 -0.0234996 -0.0220869 -0.0208714 -0.0197534 -0.0187717 -0.017894 -0.0170739 -0.0163714 -0.0157033 -0.0151139 -0.01459 -0.0140865 -0.0136688 -0.013253 -0.0128944 -0.0125645 -0.0122406 -0.0119752 -0.0116886 -0.0114572 -0.0112187 -0.0110011 -0.0108113 -0.0106058 -0.0104519 -0.0102685 -0.010133 -0.00998124 -0.00985151 -0.00973322 -0.0096057 -0.00951445 -0.00939274 -0.00931803 -0.00920836 -0.00914036 -0.0090477 -0.00898011 -0.00890638 -0.00883698 -0.00878116 -0.0087108 -0.00867001 -0.00860112 -0.0085719 -0.00850721 -0.0084864 -0.00842812 -0.00841338 -0.00836291 -0.00835278 -0.0083107 -0.00830453 -0.00827079 -0.00826851 -0.00824265 -0.0082446 -0.00822591 -0.00823267 -0.00822035 -0.00823267 -0.00822591 -0.0082446 -0.00824265 -0.00826851 -0.00827079 -0.00830453 -0.0083107 -0.00835278 -0.00836291 -0.00841338 -0.00842812 -0.0084864 -0.00850721 -0.0085719 -0.00860112 -0.00867001 -0.0087108 -0.00878116 -0.00883698 -0.00890638 -0.00898011 -0.0090477 -0.00914036 -0.00920836 -0.00931803 -0.00939274 -0.00951445 -0.0096057 -0.00973322 -0.00985151 -0.00998124 -0.010133 -0.0102685 -0.0104519 -0.0106058 -0.0108113 -0.0110011 -0.0112187 -0.0114572 -0.0116886 -0.0119752 -0.0122406 -0.0125645 -0.0128943 -0.0132529 -0.0136688 -0.0140864 -0.0145898 -0.0151132 -0.0157016 -0.0163673 -0.0170642 -0.0178723 -0.0187254 -0.0196594 -0.0206895 -0.021752 -0.0229121 -0.0241035 -0.025312 -0.0265605 -0.0277488 -0.028891 -0.0299244 -0.0307291 -0.0312779 -0.0314297 -0.0310898 -0.0302417 -0.0287802 -0.0266816 -0.0239419 -0.0205012 -0.0164307 -0.0118463 -0.00683409 -0.00154993 0.00386035 0.00926987 0.0144817 0.0193222 0.0237154 0.0276145 0.0309635 0.0337427 0.0360151 0.0378669 0.0393351 0.040484 0.0414493 0.0423261 0.0431375 0.0439202 0.04471 0.0454845 0.0462028 0.0468539 0.0474398 
