0 0 0 0 0 0 0 0 0 0 0 0 0 0 0 0 0 0 0 0 0 0 0 0 0 0 0 0 0 0 0 0 0 0 0 0 0 0 0 0 0 0 0 0 0 0 0 0 0 0 0 0 0 0 0 0 0 0 0 0 0 0 0 0 0 0 0 0 0 0 0 0 0 0 0 0 0 0 0 0 0 0 0 0 0 0 0 0 0 0 0 0 0 0 0 0 0 0 0 0 0 0 0 0 0 0 0 0 0 0 0 0 0 0 0 0 0 0 0 0 0 0 0 0 0 0 0 0 0 0 0 0 0 0 0 0 0 0 0 0 0 0 0 0 0 0 0 0 0 0 0 0 0 0 0 0 0 0 0 0 0 0 0 0 0 0 0 0 0 0 0 0 0 0 0 0 0 0 0 0 0 0 0 0 0 0 0 0 0 0 0 0 0 0 0 0 0 0 0 0 
0 6.02471e-05 8.62151e-05 0.000134408 0.00017418 0.000201646 0.000289745 0.000354301 0.000365375 0.000458961 0.000562969 0.000595203 0.000700483 0.000849821 0.000961064 0.00113484 0.00133587 0.00154108 0.00182701 0.00211759 0.00246015 0.00290424 0.00330465 0.00374722 0.0042546 0.00466526 0.00504964 0.00536423 0.00553327 0.00559218 0.00539389 0.00498619 0.00440543 0.00352138 0.00244393 0.00117327 -0.000229078 -0.00163364 -0.00310389 -0.00447157 -0.00567476 -0.00668293 -0.00738849 -0.00789615 -0.00811092 -0.00806044 -0.00778928 -0.00727554 -0.00668782 -0.00598468 -0.00526339 -0.00453508 -0.00378979 -0.00313874 -0.00251303 -0.00202361 -0.00160044 -0.0012637 -0.00101075 -0.00077573 -0.000631045 -0.000475134 -0.000395843 -0.000312863 -0.000268063 -0.000242577 -0.000210188 -0.000218475 -0.000189304 -0.000209475 -0.000184798 -0.000201881 -0.000186404 -0.000192771 -0.000189368 -0.00018334 -0.00019148 -0.000175324 -0.000191883 -0.00016974 -0.000190554 -0.00016676 -0.000187935 -0.000165979 -0.000184625 -0.000166743 -0.000181174 -0.000168388 -0.000177977 -0.000170372 -0.000175263 -0.000172319 -0.000173119 -0.000174 -0.000171541 -0.000175301 -0.000170477 -0.000176175 -0.000169869 -0.000176612 -0.000169672 -0.000176612 -0.000169869 -0.000176175 -0.000170477 -0.000175301 -0.000171541 -0.000174 -0.000173119 -0.000172319 -0.000175263 -0.000170372 -0.000177977 -0.000168388 -0.000181174 -0.000166743 -0.000184625 -0.000165979 -0.000187935 -0.00016676 -0.000190554 -0.00016974 -0.000191882 -0.00017532 -0.000191469 -0.000183308 -0.00018928 -0.000192543 -0.000185839 -0.000200539 -0.000181742 -0.000202821 -0.000175457 -0.000190961 -0.000158034 -0.000148328 -0.000105753 -4.64331e-05 2.1442e-05 0.000149869 0.000267687 0.000472202 0.000674942 0.000968885 0.00131724 0.00174907 0.00230561 0.00291217 0.00364271 0.0043686 0.00513922 0.00589395 0.00659376 0.00725785 0.00772413 0.00802499 0.00804144 0.00778977 0.00730984 0.00651085 0.00549678 0.00421629 0.00278717 0.00133081 -0.000187077 -0.00161386 -0.00295825 -0.0041227 -0.00500829 -0.00573519 -0.00620532 -0.00643673 -0.00648378 -0.00630688 -0.00606216 -0.00570864 -0.00522919 -0.0048012 -0.00435334 -0.003895 -0.00350736 -0.00311769 -0.00279619 -0.00252732 -0.00223668 -0.0020542 -0.00191538 -0.0017231 -0.00162545 -0.00156827 -0.00144385 -0.00137248 -0.00133776 -0.0012751 -0.00126561 -0.00125257 -0.00117645 -0.00116509 -0.00119621 -0.00115254 
0 8.62151e-05 0.000154758 0.00026459 0.000381254 0.000450614 0.0005442 0.000676356 0.00078603 0.000912461 0.00108232 0.00125153 0.00144568 0.00169144 0.00196097 0.00227356 0.00266748 0.00314238 0.00367882 0.00428571 0.00500523 0.00580332 0.00662959 0.00752208 0.00844882 0.00931317 0.0100657 0.0106522 0.0110169 0.0110508 0.0106554 0.00985251 0.0086132 0.00689955 0.00475067 0.00223871 -0.000479707 -0.00331049 -0.00616521 -0.00886401 -0.0112677 -0.0132269 -0.014695 -0.0156724 -0.0161101 -0.0160368 -0.0154668 -0.0145126 -0.0133083 -0.011935 -0.0105019 -0.00902809 -0.00759718 -0.00626125 -0.00506691 -0.00406837 -0.00323174 -0.00257435 -0.00203405 -0.00160747 -0.00126805 -0.000994892 -0.000800511 -0.000642603 -0.000549056 -0.00047178 -0.000433757 -0.00040383 -0.000387394 -0.00038158 -0.000370048 -0.00037528 -0.000364142 -0.000373188 -0.000363178 -0.000371661 -0.000364528 -0.000369885 -0.000366721 -0.000367864 -0.000368795 -0.000365781 -0.0003702 -0.000363804 -0.000370746 -0.000362037 -0.000370494 -0.000360526 -0.000369648 -0.000359276 -0.000368461 -0.000358273 -0.000367175 -0.000357497 -0.000365987 -0.000356929 -0.000365044 -0.000356558 -0.000364442 -0.000356374 -0.000364236 -0.000356374 -0.000364442 -0.000356558 -0.000365044 -0.000356929 -0.000365987 -0.000357497 -0.000367175 -0.000358273 -0.000368461 -0.000359276 -0.000369648 -0.000360526 -0.000370494 -0.000362037 -0.000370746 -0.000363804 -0.0003702 -0.000365781 -0.000368794 -0.000367863 -0.000366718 -0.000369875 -0.0003645 -0.000371583 -0.000362971 -0.00037266 -0.000362851 -0.000372254 -0.000363251 -0.000366973 -0.000357373 -0.000344883 -0.000323259 -0.000274148 -0.000211862 -9.35985e-05 5.35291e-05 0.000277578 0.0005551 0.000918775 0.0013752 0.00193906 0.00266251 0.00354155 0.00462998 0.00588244 0.00728314 0.00876701 0.0102669 0.0117603 0.0131554 0.0144011 0.0153493 0.0158834 0.0159332 0.0154452 0.0144549 0.0129253 0.0108794 0.00839473 0.00559366 0.0026703 -0.000285311 -0.00315568 -0.00579492 -0.00808189 -0.00990837 -0.0112988 -0.012253 -0.0127357 -0.0128079 -0.0125481 -0.0120502 -0.0113592 -0.0105046 -0.00961004 -0.00872755 -0.00784427 -0.0070123 -0.00627487 -0.0056328 -0.00506216 -0.00456225 -0.00416124 -0.0038197 -0.00351101 -0.00327534 -0.00308541 -0.00291148 -0.00279203 -0.00270063 -0.00258951 -0.00249775 -0.00245213 -0.00241753 -0.00237555 -0.00234105 -0.00232402 
0 0.000134408 0.00026459 0.000392141 0.000543171 0.000698836 0.000834253 0.00100748 0.00121643 0.00139952 0.00162233 0.00191645 0.00220938 0.00256014 0.00300824 0.00348939 0.00407867 0.00480049 0.00558574 0.00652219 0.00760172 0.00874631 0.0100184 0.0113413 0.0126404 0.0139116 0.0149795 0.0157923 0.0162846 0.0162442 0.0156585 0.0144475 0.0125433 0.0100185 0.00682838 0.00314424 -0.000849485 -0.00505881 -0.00921127 -0.013169 -0.016688 -0.0195591 -0.0217697 -0.0231835 -0.0238519 -0.0237589 -0.0229422 -0.0216094 -0.019832 -0.0178455 -0.0157147 -0.0135359 -0.0114394 -0.00943536 -0.00769095 -0.00616351 -0.00491808 -0.00390933 -0.00307942 -0.00244913 -0.00190772 -0.00152666 -0.00120357 -0.000990016 -0.00083302 -0.000721207 -0.000669555 -0.000608582 -0.000607173 -0.000569742 -0.00058221 -0.00055973 -0.000567655 -0.000559028 -0.000555911 -0.000560141 -0.00054623 -0.000560325 -0.000539112 -0.000558787 -0.000534682 -0.000555646 -0.000532552 -0.000551432 -0.000532075 -0.000546771 -0.000532587 -0.000542195 -0.000533547 -0.000538075 -0.000534592 -0.000534616 -0.000535515 -0.000531895 -0.000536228 -0.000529909 -0.000536716 -0.000528622 -0.000536995 -0.000527992 -0.000537085 -0.000527992 -0.000536995 -0.000528622 -0.000536716 -0.000529909 -0.000536228 -0.000531895 -0.000535515 -0.000534616 -0.000534592 -0.000538075 -0.000533547 -0.000542195 -0.000532587 -0.000546771 -0.000532075 -0.000551432 -0.000532552 -0.000555645 -0.000534681 -0.000558785 -0.000539105 -0.000560305 -0.000546174 -0.000559988 -0.000555515 -0.000558039 -0.000565285 -0.000554286 -0.000570222 -0.000544463 -0.000556173 -0.000510199 -0.000488205 -0.000401885 -0.000295903 -0.000126379 0.000125932 0.000438205 0.000891651 0.00141698 0.00212973 0.00298076 0.00406789 0.00540832 0.0069987 0.0088822 0.0109199 0.013128 0.0153472 0.0175389 0.019611 0.0213803 0.0227654 0.0235087 0.023568 0.022859 0.0213425 0.0190936 0.0160576 0.0124293 0.00835823 0.00403275 -0.000281739 -0.00450073 -0.00836247 -0.0117108 -0.0144828 -0.0165496 -0.0179897 -0.0187745 -0.0189287 -0.0186382 -0.0179231 -0.0169156 -0.0157438 -0.0144246 -0.0131189 -0.0118528 -0.0106165 -0.00953304 -0.00855633 -0.00767268 -0.0069547 -0.00631942 -0.00576983 -0.00535489 -0.00498164 -0.00465887 -0.00443028 -0.00422199 -0.00404227 -0.00391779 -0.00379058 -0.00368963 -0.00364534 -0.00358005 -0.00350984 -0.00350493 
0 0.00017418 0.000381254 0.000543171 0.000698568 0.000933049 0.00116506 0.00136507 0.00162679 0.00192494 0.00222295 0.00258963 0.00302166 0.00350357 0.00409497 0.0047971 0.00559444 0.00652437 0.00761623 0.0088728 0.0102653 0.011795 0.0134617 0.0151649 0.0168311 0.0184026 0.019746 0.0207388 0.0212326 0.0211044 0.0202741 0.0186068 0.0160769 0.0127159 0.0085712 0.00381247 -0.001407 -0.0068447 -0.0122202 -0.0173145 -0.0218363 -0.0256094 -0.028483 -0.030352 -0.0312416 -0.0311353 -0.0301666 -0.0284734 -0.0262274 -0.0236552 -0.0208655 -0.0180466 -0.0152812 -0.0126898 -0.0103751 -0.00835174 -0.00668666 -0.00530059 -0.00420218 -0.00331552 -0.00261112 -0.00207542 -0.00164725 -0.00135832 -0.00112834 -0.000995669 -0.000893 -0.000838192 -0.000804445 -0.000777039 -0.00077495 -0.000753235 -0.000762872 -0.000742488 -0.000753629 -0.000736656 -0.000744015 -0.000733094 -0.000734345 -0.000730664 -0.000725523 -0.0007287 -0.00071818 -0.000726819 -0.000712543 -0.000724865 -0.000708521 -0.000722841 -0.000705845 -0.000720837 -0.000704186 -0.000718969 -0.000703233 -0.00071735 -0.00070273 -0.000716068 -0.000702492 -0.000715182 -0.000702394 -0.000714731 -0.000702369 -0.000714731 -0.000702394 -0.000715182 -0.000702492 -0.000716068 -0.00070273 -0.00071735 -0.000703233 -0.000718969 -0.000704186 -0.000720837 -0.000705845 -0.000722841 -0.000708521 -0.000724865 -0.000712543 -0.000726819 -0.00071818 -0.000728699 -0.000725521 -0.000730659 -0.000734332 -0.000733055 -0.000743909 -0.000736376 -0.000752919 -0.000740758 -0.000758823 -0.000744146 -0.000755393 -0.000736724 -0.000724888 -0.000687978 -0.000621725 -0.000527117 -0.000353987 -0.000132493 0.000215282 0.000649285 0.00124318 0.00198451 0.0029225 0.0041083 0.00555749 0.00735865 0.00946829 0.011917 0.0146042 0.0174558 0.0203795 0.023219 0.0258823 0.0281404 0.0298389 0.0307792 0.0308045 0.0298637 0.0278689 0.0248852 0.0209736 0.0162839 0.0110537 0.00547796 -0.000139553 -0.00555928 -0.0105599 -0.01493 -0.0185738 -0.0213648 -0.0232825 -0.0243932 -0.0247427 -0.0244466 -0.0236083 -0.0223722 -0.0209042 -0.0192683 -0.017567 -0.0159166 -0.0143541 -0.0129023 -0.0115809 -0.0104268 -0.00943841 -0.00856915 -0.00784276 -0.00725472 -0.00674312 -0.0063233 -0.00598852 -0.00568088 -0.00542871 -0.0052614 -0.00512365 -0.00497982 -0.00485813 -0.00478696 -0.00474178 -0.00469138 
0 0.000201646 0.000450614 0.000698836 0.000933049 0.00119317 0.00146457 0.00174497 0.00208221 0.00246105 0.00285926 0.00333887 0.00391041 0.00453251 0.00527171 0.00618077 0.00720583 0.00838628 0.00979285 0.0113593 0.0130665 0.0149522 0.01695 0.0189823 0.020957 0.0227638 0.0243143 0.025392 0.0258176 0.0255346 0.0243739 0.0222234 0.0190613 0.0148962 0.00988894 0.0041423 -0.00215988 -0.0086781 -0.0151489 -0.0212296 -0.0266704 -0.0312648 -0.034754 -0.0370817 -0.0381792 -0.0381178 -0.0370441 -0.0350602 -0.0324316 -0.0293137 -0.0259466 -0.0225192 -0.0191439 -0.0160099 -0.0131399 -0.0106583 -0.00854759 -0.00680088 -0.00540524 -0.00425833 -0.00338475 -0.00266991 -0.002149 -0.00174694 -0.0014603 -0.00127252 -0.00112735 -0.00106252 -0.000991264 -0.000979955 -0.000945061 -0.000947157 -0.000932983 -0.00093103 -0.000931461 -0.000920896 -0.000931776 -0.000914038 -0.000930968 -0.000909641 -0.000928302 -0.000907082 -0.000923993 -0.000905712 -0.000918633 -0.000904964 -0.000912882 -0.000904438 -0.000907298 -0.000903918 -0.000902278 -0.000903335 -0.000898058 -0.000902719 -0.000894754 -0.000902149 -0.000892401 -0.00090171 -0.000890998 -0.000901471 -0.000890532 -0.000901471 -0.000890998 -0.00090171 -0.000892401 -0.000902149 -0.000894754 -0.000902719 -0.000898058 -0.000903335 -0.000902278 -0.000903918 -0.000907298 -0.000904438 -0.000912882 -0.000904964 -0.000918633 -0.000905712 -0.000923993 -0.000907081 -0.000928299 -0.000909633 -0.000930942 -0.000913966 -0.000931583 -0.000920399 -0.000930232 -0.000928108 -0.000926312 -0.000932549 -0.000914391 -0.000918255 -0.00087239 -0.000843252 -0.000740193 -0.000617875 -0.000399379 -9.63531e-05 0.000322573 0.000904726 0.00163109 0.00260366 0.00379043 0.00531278 0.00716572 0.00940864 0.0120534 0.0150282 0.018329 0.0217848 0.0253334 0.0287738 0.0319181 0.0345846 0.0365046 0.0375599 0.0375325 0.0363286 0.0339005 0.0302388 0.0255397 0.0199319 0.0136631 0.00700246 0.000221826 -0.00628704 -0.0123082 -0.0176393 -0.0220938 -0.0255867 -0.0280189 -0.0294825 -0.0300946 -0.0298862 -0.0290247 -0.027678 -0.0259931 -0.0241089 -0.0220884 -0.0200787 -0.0181924 -0.0163977 -0.014754 -0.0133322 -0.012076 -0.0109709 -0.0100436 -0.00926066 -0.00859293 -0.00803851 -0.00758894 -0.00722648 -0.00691804 -0.00664996 -0.00644068 -0.00627861 -0.00614083 -0.00604114 -0.00597156 -0.00590625 
0 0.000289745 0.0005442 0.000834253 0.00116506 0.00146457 0.00178082 0.00217837 0.00259355 0.00302599 0.00355466 0.00416353 0.0048468 0.00565748 0.0065987 0.00769028 0.00896767 0.0104274 0.0120947 0.0139683 0.0160065 0.0182045 0.020509 0.022808 0.0250025 0.0269791 0.0285879 0.0296312 0.0299393 0.0293963 0.0278605 0.025216 0.0214218 0.0165443 0.0107224 0.00408389 -0.00313443 -0.0106075 -0.0179855 -0.0249199 -0.031161 -0.0364324 -0.0404981 -0.0432262 -0.0445584 -0.044604 -0.04347 -0.0413242 -0.0383769 -0.0348288 -0.030967 -0.026981 -0.0230816 -0.0194033 -0.0160332 -0.013074 -0.0105153 -0.00840174 -0.00666436 -0.00527713 -0.0041841 -0.00331885 -0.00267507 -0.002171 -0.00182768 -0.00156816 -0.00140669 -0.00129559 -0.00122466 -0.00118963 -0.00115384 -0.0011509 -0.0011264 -0.0011333 -0.00111414 -0.00112068 -0.0011073 -0.00110918 -0.00110267 -0.00109864 -0.00109898 -0.00108953 -0.00109562 -0.00108213 -0.00109232 -0.00107644 -0.00108902 -0.00107226 -0.00108582 -0.0010693 -0.00108283 -0.00106726 -0.00108021 -0.00106591 -0.00107806 -0.00106504 -0.00107647 -0.00106453 -0.0010755 -0.00106429 -0.00107517 -0.00106429 -0.0010755 -0.00106453 -0.00107647 -0.00106504 -0.00107806 -0.00106591 -0.00108021 -0.00106726 -0.00108283 -0.0010693 -0.00108582 -0.00107226 -0.00108902 -0.00107644 -0.00109232 -0.00108213 -0.00109562 -0.00108953 -0.00109897 -0.00109862 -0.00110262 -0.00110905 -0.00110696 -0.00111982 -0.00111206 -0.00112849 -0.00111569 -0.00112804 -0.00110703 -0.00109778 -0.00105202 -0.000984732 -0.000870422 -0.000681151 -0.000419064 -1.85108e-05 0.000499706 0.00121874 0.00212875 0.00330986 0.00479723 0.00664282 0.00891453 0.0115975 0.0147297 0.0182263 0.0220497 0.026079 0.0301592 0.0341157 0.0376727 0.0406268 0.0427273 0.0437997 0.0436805 0.0422038 0.039336 0.0350993 0.0296767 0.0232836 0.0161383 0.00854684 0.000832942 -0.00662564 -0.0135358 -0.0197022 -0.0249277 -0.0290766 -0.0320813 -0.0339881 -0.0349002 -0.0348988 -0.0341209 -0.0327467 -0.0309521 -0.0288743 -0.026631 -0.0243627 -0.0221575 -0.020066 -0.0181428 -0.0164046 -0.0148705 -0.0135373 -0.0123739 -0.0113976 -0.0105837 -0.00987303 -0.00929235 -0.00883679 -0.00843915 -0.0080985 -0.00783062 -0.00762404 -0.00746626 -0.00732671 -0.00721349 -0.00715834 
0 0.000354301 0.000676356 0.00100748 0.00136507 0.00174497 0.00217837 0.00264319 0.00311382 0.00367409 0.00434302 0.00505658 0.00588846 0.00690732 0.00805447 0.00936349 0.0109028 0.0126385 0.014575 0.0167346 0.0190783 0.0215592 0.0240935 0.0265833 0.0289298 0.0309614 0.0325071 0.0334187 0.0335108 0.0326272 0.0306493 0.027476 0.0230938 0.0175668 0.0110112 0.00362264 -0.00435079 -0.0125828 -0.0206897 -0.0283434 -0.0352343 -0.0410782 -0.0456422 -0.0487398 -0.0503488 -0.0505351 -0.049422 -0.047191 -0.0440116 -0.0401503 -0.0358674 -0.0314227 -0.0270491 -0.0228758 -0.0190467 -0.0156106 -0.0126316 -0.0101219 -0.00804779 -0.00639337 -0.00506531 -0.00404437 -0.00324674 -0.00265184 -0.00221533 -0.00189753 -0.00169198 -0.00153949 -0.00146006 -0.00139301 -0.00136736 -0.00133955 -0.00132903 -0.00131942 -0.00130883 -0.0013089 -0.00129486 -0.00130045 -0.00128416 -0.00129223 -0.001276 -0.00128411 -0.00126995 -0.00127636 -0.00126554 -0.00126927 -0.00126232 -0.00126307 -0.00125991 -0.00125786 -0.00125806 -0.00125365 -0.00125662 -0.00125041 -0.00125551 -0.00124807 -0.00125471 -0.00124655 -0.00125423 -0.0012458 -0.00125406 -0.0012458 -0.00125423 -0.00124655 -0.00125471 -0.00124807 -0.00125551 -0.00125041 -0.00125662 -0.00125365 -0.00125806 -0.00125786 -0.00125991 -0.00126307 -0.00126232 -0.00126927 -0.00126554 -0.00127636 -0.00126995 -0.00128411 -0.00127599 -0.0012922 -0.00128408 -0.00130022 -0.00129427 -0.00130745 -0.00130541 -0.00131168 -0.00131225 -0.00130458 -0.00129753 -0.00125936 -0.00121494 -0.00110863 -0.000965745 -0.000722369 -0.00038626 9.39936e-05 0.000743486 0.0015925 0.00270955 0.00411676 0.00591227 0.00811479 0.0107899 0.0139318 0.0175169 0.0215124 0.0258124 0.030333 0.0348726 0.0392161 0.0430915 0.0462231 0.0484088 0.049431 0.0491386 0.0473833 0.0441024 0.0393793 0.0333668 0.0263113 0.0184691 0.0101385 0.00169008 -0.00653258 -0.0142137 -0.0211001 -0.0270077 -0.0317861 -0.0353751 -0.0377883 -0.0390751 -0.039362 -0.0387994 -0.0375253 -0.0357196 -0.0335564 -0.0311823 -0.0287249 -0.0262633 -0.0239009 -0.0217167 -0.0196888 -0.017859 -0.0162871 -0.014905 -0.0136946 -0.0126991 -0.0118627 -0.01113 -0.0105147 -0.0100229 -0.00963636 -0.00931204 -0.00902987 -0.00881226 -0.00865044 -0.00852541 -0.00844377 
0 0.000365375 0.00078603 0.00121643 0.00162679 0.00208221 0.00259355 0.00311382 0.00370489 0.00442 0.00519756 0.00606339 0.00710222 0.00829515 0.00964751 0.0112144 0.0130076 0.0150331 0.0172619 0.0196753 0.0222878 0.0249844 0.0276519 0.0302644 0.0326561 0.0346217 0.0360239 0.0366906 0.0364633 0.0351664 0.0326663 0.0289578 0.024023 0.017901 0.0107421 0.00274574 -0.00579626 -0.0145737 -0.0232484 -0.0314482 -0.0388537 -0.0451625 -0.0501312 -0.0535984 -0.0554954 -0.0558769 -0.054858 -0.0526009 -0.0493068 -0.0452218 -0.0406325 -0.0358221 -0.0310302 -0.0264347 -0.022161 -0.0182927 -0.0148942 -0.0119888 -0.00957729 -0.0076206 -0.00606201 -0.00484274 -0.00389526 -0.00317994 -0.00264197 -0.00225727 -0.00198448 -0.00180144 -0.00168316 -0.00160561 -0.00156318 -0.00153118 -0.00151923 -0.001504 -0.00150147 -0.00149258 -0.00149126 -0.00148588 -0.00148299 -0.00148044 -0.00147535 -0.00147519 -0.00146817 -0.00146986 -0.00146156 -0.00146448 -0.00145562 -0.00145921 -0.00145042 -0.00145427 -0.001446 -0.00144987 -0.0014424 -0.00144618 -0.0014396 -0.00144332 -0.00143761 -0.00144138 -0.00143642 -0.0014404 -0.00143603 -0.0014404 -0.00143642 -0.00144138 -0.00143761 -0.00144332 -0.0014396 -0.00144618 -0.0014424 -0.00144987 -0.001446 -0.00145427 -0.00145042 -0.00145921 -0.00145562 -0.00146448 -0.00146156 -0.00146986 -0.00146817 -0.00147518 -0.00147532 -0.00148038 -0.00148283 -0.00148548 -0.00149026 -0.00149018 -0.00149596 -0.00149183 -0.00149345 -0.00147881 -0.00146114 -0.00141504 -0.001342 -0.00121576 -0.00101942 -0.000728495 -0.000308095 0.000264996 0.00104098 0.00205347 0.00336947 0.00504472 0.00714777 0.0097297 0.0128129 0.0163956 0.0204351 0.024875 0.0296221 0.034543 0.0394406 0.0440583 0.0481114 0.0513323 0.0534885 0.0543858 0.0538598 0.0517906 0.0481575 0.0430268 0.0365675 0.0290093 0.0206311 0.0117795 0.00278302 -0.00602053 -0.0143141 -0.0218242 -0.0283102 -0.0336708 -0.037844 -0.0407785 -0.0425295 -0.0431985 -0.0429533 -0.0419354 -0.040246 -0.0381124 -0.0357124 -0.0331206 -0.030476 -0.0278949 -0.0254517 -0.0231889 -0.021101 -0.0192509 -0.0176516 -0.0162128 -0.0149709 -0.013966 -0.0130961 -0.0123447 -0.0117537 -0.0112615 -0.0108343 -0.010501 -0.0102441 -0.0100367 -0.00988206 -0.00977826 
0 0.000458961 0.000912461 0.00139952 0.00192494 0.00246105 0.00302599 0.00367409 0.00442 0.00523081 0.00613645 0.00721483 0.0084534 0.00984318 0.0114492 0.0132755 0.0153243 0.017618 0.0201002 0.0227639 0.025588 0.0284217 0.0311933 0.0338232 0.0361124 0.0379063 0.0390342 0.0393425 0.0387059 0.0369139 0.0338951 0.0296696 0.0242076 0.0175853 0.00992803 0.00147315 -0.00745961 -0.0166206 -0.0256663 -0.0342397 -0.042005 -0.0486346 -0.0539358 -0.0577298 -0.0599336 -0.0605706 -0.0597092 -0.0575348 -0.0542297 -0.0500473 -0.0452746 -0.0401844 -0.0350569 -0.0300721 -0.0253894 -0.0211042 -0.0172871 -0.0139936 -0.0112198 -0.00895825 -0.00714256 -0.00571687 -0.00460989 -0.00376123 -0.00312743 -0.00265795 -0.00232829 -0.00209688 -0.00194599 -0.00184664 -0.00178476 -0.00174661 -0.00172111 -0.00170638 -0.00169343 -0.00168615 -0.0016775 -0.00167223 -0.00166569 -0.00166088 -0.00165591 -0.00165128 -0.0016476 -0.00164323 -0.00164055 -0.00163655 -0.00163459 -0.00163109 -0.00162961 -0.00162668 -0.00162553 -0.00162317 -0.00162226 -0.00162047 -0.00161976 -0.00161849 -0.001618 -0.00161719 -0.00161695 -0.00161655 -0.00161661 -0.00161655 -0.00161695 -0.00161719 -0.001618 -0.00161849 -0.00161976 -0.00162047 -0.00162226 -0.00162317 -0.00162553 -0.00162668 -0.00162961 -0.00163109 -0.00163459 -0.00163655 -0.00164055 -0.00164322 -0.0016476 -0.00165127 -0.00165587 -0.00166078 -0.00166541 -0.00167154 -0.00167584 -0.00168227 -0.00168472 -0.00168762 -0.00168233 -0.00166971 -0.00163853 -0.00158002 -0.00147982 -0.0013147 -0.00106722 -0.00070026 -0.000192636 0.000503174 0.00142171 0.00262271 0.00416897 0.00612534 0.00856545 0.0115176 0.0150098 0.0190046 0.0234623 0.0283057 0.0334207 0.0386648 0.0437974 0.0485727 0.0526914 0.0558935 0.0579518 0.0586439 0.0578443 0.0554489 0.0514835 0.0460348 0.0392303 0.0313245 0.0225913 0.0133974 0.00407116 -0.00512026 -0.013839 -0.0218159 -0.0288103 -0.0346906 -0.0394319 -0.042933 -0.0452112 -0.0463785 -0.0465403 -0.0458583 -0.0444374 -0.042446 -0.0401078 -0.0375073 -0.0347711 -0.0320493 -0.0293942 -0.0268913 -0.0245798 -0.0224549 -0.020581 -0.0189476 -0.0174955 -0.0162497 -0.0152155 -0.0143476 -0.0136049 -0.0129698 -0.0124668 -0.0120803 -0.0117523 -0.0114909 -0.0113068 -0.0111729 
0 0.000562969 0.00108232 0.00162233 0.00222295 0.00285926 0.00355466 0.00434302 0.00519756 0.00613645 0.00724372 0.00852501 0.00995136 0.0115827 0.0134582 0.0155499 0.0178594 0.0203835 0.0231059 0.0259879 0.0289201 0.0318318 0.0346369 0.0371442 0.039226 0.0407358 0.0414764 0.041346 0.0401834 0.0378476 0.0343248 0.0295734 0.023643 0.016611 0.00858654 -0.000134991 -0.00930995 -0.0186733 -0.0279004 -0.0366918 -0.0446503 -0.05151 -0.0570725 -0.0611513 -0.0636843 -0.0645937 -0.0639675 -0.0619547 -0.0587339 -0.0545825 -0.0497229 -0.0444723 -0.0390805 -0.0337691 -0.0287289 -0.0240458 -0.0198479 -0.0161582 -0.0130294 -0.0104418 -0.00834632 -0.00669913 -0.00539831 -0.00441315 -0.00365201 -0.00309769 -0.00269057 -0.00240594 -0.00221675 -0.00208469 -0.00201119 -0.0019527 -0.00192899 -0.0019012 -0.00189357 -0.00187849 -0.00187339 -0.00186496 -0.00185833 -0.00185444 -0.00184582 -0.00184528 -0.00183534 -0.00183704 -0.00182667 -0.00182964 -0.00181958 -0.0018231 -0.00181387 -0.00181745 -0.00180932 -0.00181272 -0.00180577 -0.00180893 -0.00180311 -0.00180609 -0.00180126 -0.0018042 -0.00180016 -0.00180325 -0.00179979 -0.00180325 -0.00180016 -0.0018042 -0.00180126 -0.00180609 -0.00180311 -0.00180893 -0.00180577 -0.00181272 -0.00180932 -0.00181745 -0.00181387 -0.0018231 -0.00181958 -0.00182964 -0.00182667 -0.00183703 -0.00183533 -0.00184525 -0.00184576 -0.00185426 -0.00185786 -0.00186382 -0.00187069 -0.00187234 -0.00188009 -0.00187286 -0.00187177 -0.00184192 -0.00180547 -0.0017183 -0.00159063 -0.00137823 -0.00106763 -0.00062565 -8.01625e-06 0.000806317 0.00189739 0.00329171 0.00509569 0.00734983 0.0101328 0.0134694 0.0173455 0.0217504 0.0265839 0.031795 0.0372161 0.0426834 0.0479557 0.0527467 0.0568231 0.0598879 0.0617466 0.0621751 0.0610416 0.058336 0.0540644 0.0483696 0.0413563 0.0332459 0.0243635 0.0150033 0.00551735 -0.0038575 -0.0128428 -0.0211263 -0.0285356 -0.0348942 -0.040132 -0.0442083 -0.0470644 -0.0487971 -0.0494812 -0.0492171 -0.0481901 -0.0465031 -0.0443145 -0.041812 -0.0390987 -0.0362981 -0.0335024 -0.0307924 -0.0282691 -0.0259246 -0.0237684 -0.0218908 -0.0202577 -0.0187903 -0.0175294 -0.0164887 -0.0155955 -0.0148426 -0.0142521 -0.0137584 -0.0133338 -0.0130364 -0.0128292 -0.0126418 
0 0.000595203 0.00125153 0.00191645 0.00258963 0.00333887 0.00416353 0.00505658 0.00606339 0.00721483 0.00852501 0.0100024 0.0116575 0.0135362 0.0156679 0.0180237 0.0205769 0.0233377 0.02628 0.029282 0.0322541 0.0351642 0.0378544 0.0401379 0.0419115 0.0430201 0.0433102 0.0426391 0.0408714 0.0379874 0.0339342 0.0286905 0.0223577 0.0149991 0.00678922 -0.00204714 -0.0113066 -0.0206861 -0.0299465 -0.0387668 -0.0467944 -0.0538044 -0.0595463 -0.0638994 -0.0667314 -0.0679466 -0.0676215 -0.0658332 -0.0628184 -0.0587821 -0.0539595 -0.0486493 -0.0430705 -0.0375195 -0.0321497 -0.0271279 -0.0225599 -0.0184934 -0.0150135 -0.0120748 -0.00969817 -0.00778467 -0.00628756 -0.00512998 -0.00423425 -0.00357919 -0.00307753 -0.00274206 -0.00249047 -0.00233938 -0.00223095 -0.0021683 -0.0021306 -0.00210088 -0.00209342 -0.00207261 -0.00207627 -0.00205756 -0.00206389 -0.00204705 -0.00205219 -0.00203843 -0.00204065 -0.00203083 -0.00202961 -0.00202394 -0.00201948 -0.00201765 -0.00201057 -0.002012 -0.00200303 -0.00200708 -0.00199692 -0.00200299 -0.00199224 -0.00199983 -0.00198894 -0.00199768 -0.00198698 -0.0019966 -0.00198634 -0.0019966 -0.00198698 -0.00199768 -0.00198894 -0.00199983 -0.00199224 -0.00200299 -0.00199692 -0.00200708 -0.00200303 -0.002012 -0.00201057 -0.00201765 -0.00201948 -0.00202394 -0.00202961 -0.00203083 -0.00204064 -0.00203839 -0.00205207 -0.00204675 -0.00206312 -0.00205571 -0.00207199 -0.00206305 -0.00207298 -0.00205887 -0.00204776 -0.00201161 -0.00194663 -0.00184437 -0.001663 -0.00141208 -0.00101787 -0.000496837 0.000240019 0.00119612 0.00246078 0.00408847 0.00614875 0.00873562 0.0118565 0.0155785 0.0198312 0.0246074 0.0298039 0.0353091 0.040984 0.0465715 0.0518722 0.0565761 0.0604698 0.0633089 0.0648516 0.0649565 0.0634706 0.0604451 0.0559324 0.0500379 0.0429378 0.0347889 0.025916 0.0165909 0.00708583 -0.00230403 -0.0113729 -0.0198443 -0.0275362 -0.0343072 -0.0399937 -0.0445833 -0.0480522 -0.0503946 -0.0516764 -0.0519632 -0.0514206 -0.050172 -0.048285 -0.0459567 -0.0433594 -0.0405737 -0.0377051 -0.0348726 -0.0321715 -0.0296329 -0.0272615 -0.0251131 -0.0232206 -0.0215531 -0.0200871 -0.0188298 -0.0177839 -0.0169096 -0.0161625 -0.0155499 -0.0150724 -0.0146921 -0.0144033 -0.0142172 
0 0.000700483 0.00144568 0.00220938 0.00302166 0.00391041 0.0048468 0.00588846 0.00710222 0.0084534 0.00995136 0.0116575 0.0135831 0.0157344 0.0181133 0.0206974 0.0234839 0.0264489 0.0295063 0.0325609 0.0355371 0.0383323 0.0407909 0.0427528 0.0440907 0.0446976 0.0444299 0.0431309 0.0407629 0.0373239 0.0327626 0.0271052 0.0204286 0.0128685 0.00460238 -0.00423708 -0.0134153 -0.0226813 -0.0318037 -0.040478 -0.0484672 -0.055504 -0.0613761 -0.0659544 -0.0690564 -0.0706291 -0.0706448 -0.0691957 -0.0664811 -0.0626576 -0.0579936 -0.052693 -0.0470359 -0.0412889 -0.0356437 -0.0303194 -0.0253873 -0.0209815 -0.0171278 -0.0138579 -0.0111708 -0.00898481 -0.00727938 -0.00592503 -0.00490464 -0.00411585 -0.00353759 -0.00311939 -0.00281648 -0.00262546 -0.00247916 -0.00240758 -0.00233897 -0.00231713 -0.00228365 -0.00227574 -0.00225933 -0.00225116 -0.00224517 -0.00223301 -0.00223437 -0.00221858 -0.00222497 -0.00220712 -0.00221642 -0.00219817 -0.00220862 -0.00219129 -0.00220164 -0.00218604 -0.00219556 -0.00218207 -0.00219048 -0.00217912 -0.00218647 -0.00217703 -0.00218358 -0.00217567 -0.00218183 -0.00217501 -0.00218125 -0.00217501 -0.00218183 -0.00217567 -0.00218358 -0.00217703 -0.00218647 -0.00217912 -0.00219048 -0.00218207 -0.00219556 -0.00218604 -0.00220164 -0.00219129 -0.00220862 -0.00219817 -0.00221641 -0.00220711 -0.00222494 -0.0022185 -0.00223417 -0.0022325 -0.00224392 -0.00224821 -0.00225265 -0.00226119 -0.00225321 -0.002256 -0.00222117 -0.00218978 -0.00209277 -0.00196739 -0.00173941 -0.00142235 -0.000957036 -0.000316128 0.000534531 0.00167607 0.00313015 0.00502323 0.00737532 0.0102962 0.0137862 0.0178589 0.0224897 0.0275848 0.0330959 0.0388324 0.0446505 0.0502808 0.0554752 0.0600057 0.0636086 0.0661188 0.0672904 0.0670011 0.0651844 0.0618506 0.0571331 0.0511116 0.0439808 0.0359395 0.02721 0.0180701 0.00872571 -0.000543961 -0.00951084 -0.0180168 -0.0258726 -0.0329341 -0.0390415 -0.0441175 -0.0481795 -0.0511785 -0.0531017 -0.0540251 -0.0540554 -0.0533055 -0.051864 -0.0498595 -0.0474662 -0.0448104 -0.0419838 -0.0391 -0.0362618 -0.0335372 -0.0309847 -0.0286248 -0.0264607 -0.0245536 -0.0229101 -0.0214485 -0.0201801 -0.0191352 -0.0182487 -0.0175183 -0.016958 -0.0164862 -0.0161134 -0.0159028 
0 0.000849821 0.00169144 0.00256014 0.00350357 0.00453251 0.00565748 0.00690732 0.00829515 0.00984318 0.0115827 0.0135362 0.0157344 0.0181558 0.020756 0.0235694 0.0265728 0.0296453 0.0327365 0.0357892 0.0386607 0.0412232 0.0433419 0.0448705 0.0456996 0.0457114 0.0447867 0.0428496 0.0398767 0.0358767 0.0308553 0.0248374 0.0179305 0.0103013 0.00207767 -0.00661187 -0.0155751 -0.0245928 -0.03342 -0.0418524 -0.0496862 -0.0566754 -0.0626314 -0.0673636 -0.0707344 -0.0726536 -0.0730576 -0.0720289 -0.0696742 -0.0661784 -0.0617428 -0.0565629 -0.0509222 -0.0450489 -0.0392171 -0.0336112 -0.0283743 -0.0236314 -0.0194187 -0.0158166 -0.0127869 -0.0103286 -0.00836175 -0.0068138 -0.0056259 -0.00470215 -0.00402877 -0.00351403 -0.00316541 -0.00290914 -0.00274716 -0.00263787 -0.00256601 -0.00252842 -0.00249143 -0.00248361 -0.00245775 -0.00246009 -0.0024386 -0.0024427 -0.0024251 -0.00242742 -0.00241449 -0.00241362 -0.00240573 -0.00240139 -0.00239831 -0.00239087 -0.00239196 -0.0023821 -0.00238655 -0.00237503 -0.00238206 -0.00236955 -0.0023785 -0.00236557 -0.00237592 -0.00236297 -0.00237435 -0.00236169 -0.00237382 -0.00236169 -0.00237435 -0.00236297 -0.00237592 -0.00236557 -0.0023785 -0.00236955 -0.00238206 -0.00237503 -0.00238655 -0.0023821 -0.00239196 -0.00239087 -0.00239831 -0.00240138 -0.00240572 -0.0024136 -0.00241444 -0.00242729 -0.00242477 -0.00244186 -0.00243659 -0.00245547 -0.00244753 -0.00246184 -0.00244692 -0.00244104 -0.00240136 -0.00234016 -0.00223042 -0.0020475 -0.00178326 -0.00137673 -0.000833329 -6.62602e-05 0.00092722 0.00224808 0.00393702 0.00608605 0.0087676 0.0120131 0.015873 0.0202899 0.025257 0.030662 0.0364108 0.0423344 0.0481986 0.0537792 0.0587869 0.063027 0.0662713 0.0683368 0.0690708 0.0683457 0.0661729 0.0625798 0.0576781 0.0516082 0.0445366 0.0366958 0.0282627 0.0194283 0.0104007 0.00139757 -0.00736476 -0.0157583 -0.0236586 -0.0308985 -0.0373336 -0.0428737 -0.0474753 -0.0510996 -0.0537115 -0.055326 -0.0560134 -0.0558523 -0.0549443 -0.053413 -0.0513525 -0.0489011 -0.0462248 -0.0433951 -0.0404881 -0.0376372 -0.0349233 -0.0323784 -0.0300164 -0.0278662 -0.0259729 -0.0243078 -0.0228368 -0.0215952 -0.0205612 -0.019683 -0.0189798 -0.0184454 -0.0180288 -0.0177167 
0 0.000961064 0.00196097 0.00300824 0.00409497 0.00527171 0.0065987 0.00805447 0.00964751 0.0114492 0.0134582 0.0156679 0.0181133 0.020756 0.0235824 0.0266164 0.0297472 0.0328673 0.0359482 0.0388798 0.0415192 0.0437311 0.0453876 0.0464106 0.0466568 0.0459902 0.0443908 0.0418128 0.0382375 0.0337111 0.0282607 0.0219732 0.0149668 0.0073644 -0.000694489 -0.00911108 -0.0177355 -0.0263594 -0.0348027 -0.0428995 -0.0504897 -0.0573763 -0.0633365 -0.0681913 -0.0718013 -0.074057 -0.0748981 -0.0743239 -0.072415 -0.0693154 -0.0651859 -0.0602322 -0.0546796 -0.0487882 -0.0428235 -0.0369971 -0.0314955 -0.0264271 -0.0218886 -0.0179313 -0.0145713 -0.0118047 -0.00956352 -0.00779972 -0.00641538 -0.00535748 -0.00455345 -0.00395633 -0.00352906 -0.00322141 -0.00302271 -0.00288044 -0.00280128 -0.00274041 -0.00271167 -0.00268568 -0.00267258 -0.00266097 -0.00264999 -0.00264519 -0.0026327 -0.00263184 -0.00261783 -0.00261939 -0.00260483 -0.0026077 -0.00259363 -0.00259699 -0.00258416 -0.0025875 -0.00257635 -0.00257941 -0.0025701 -0.00257286 -0.00256534 -0.00256792 -0.00256199 -0.00256461 -0.00255999 -0.00256296 -0.00255933 -0.00256296 -0.00255999 -0.00256461 -0.00256199 -0.00256792 -0.00256534 -0.00257286 -0.0025701 -0.00257941 -0.00257635 -0.0025875 -0.00258416 -0.00259699 -0.00259362 -0.0026077 -0.00260482 -0.00261936 -0.00261775 -0.00263162 -0.00263215 -0.00264385 -0.00264685 -0.00265389 -0.00265723 -0.0026537 -0.00264772 -0.0026176 -0.00257494 -0.00247994 -0.00234209 -0.00210928 -0.00177884 -0.00129685 -0.000638843 0.000245852 0.00141593 0.00292631 0.0048708 0.00730379 0.0103098 0.0139056 0.0181043 0.0228681 0.0281305 0.033807 0.0397433 0.0457606 0.051605 0.0570235 0.0617726 0.0656345 0.0684315 0.0699932 0.0702091 0.069035 0.0664941 0.0626624 0.0576382 0.0515695 0.0446575 0.0370965 0.0290496 0.0206515 0.0120522 0.00344865 -0.00500875 -0.0132027 -0.0210092 -0.0283145 -0.0349763 -0.040895 -0.0459927 -0.0501821 -0.0534653 -0.0558246 -0.0572276 -0.0577466 -0.0574677 -0.0564867 -0.0548918 -0.0527671 -0.0503037 -0.0476337 -0.0447895 -0.0419023 -0.0390841 -0.0363682 -0.0338261 -0.0314791 -0.0293221 -0.0274196 -0.0257798 -0.0243448 -0.0231091 -0.0220815 -0.0212406 -0.0205718 -0.0200692 -0.01972 
0 0.00113484 0.00227356 0.00348939 0.0047971 0.00618077 0.00769028 0.00936349 0.0112144 0.0132755 0.0155499 0.0180237 0.0206974 0.0235694 0.0266164 0.0297589 0.0329175 0.0360392 0.039009 0.0417075 0.0440173 0.0457713 0.0468968 0.0473201 0.0468689 0.0454973 0.0432161 0.0400032 0.0358896 0.03089 0.0251031 0.01867 0.0116488 0.00417323 -0.00363903 -0.0117003 -0.0198574 -0.0279984 -0.0359696 -0.0436438 -0.0509242 -0.0576107 -0.0635213 -0.0684622 -0.072285 -0.0748999 -0.0761907 -0.0761285 -0.0747262 -0.0720778 -0.0683391 -0.0636686 -0.0582965 -0.0524577 -0.0464235 -0.0404394 -0.0346956 -0.0293484 -0.0244893 -0.0201989 -0.0165084 -0.0134221 -0.0109063 -0.00889473 -0.00731738 -0.00609305 -0.00515989 -0.00445851 -0.00394377 -0.00357647 -0.0033207 -0.00314979 -0.00303681 -0.00296495 -0.00291877 -0.00288844 -0.0028688 -0.00285321 -0.00284304 -0.00283239 -0.00282559 -0.0028171 -0.00281165 -0.00280472 -0.00279987 -0.0027944 -0.00278982 -0.00278574 -0.00278132 -0.0027785 -0.00277425 -0.00277256 -0.00276853 -0.00276784 -0.00276412 -0.0027643 -0.00276099 -0.00276193 -0.00275911 -0.00276075 -0.00275849 -0.00276075 -0.00275911 -0.00276193 -0.00276099 -0.0027643 -0.00276412 -0.00276784 -0.00276853 -0.00277256 -0.00277425 -0.0027785 -0.00278132 -0.00278573 -0.00278982 -0.00279439 -0.00279985 -0.00280467 -0.00281151 -0.00281674 -0.00282471 -0.00283028 -0.0028382 -0.00284253 -0.00284615 -0.00284228 -0.00282842 -0.00279519 -0.00273054 -0.00261914 -0.00243702 -0.00216019 -0.00175464 -0.0011858 -0.000410938 0.000622245 0.00197207 0.00371603 0.00592596 0.00867873 0.0120204 0.0159696 0.0205111 0.025588 0.0311308 0.037011 0.0430733 0.0490908 0.0548098 0.0599826 0.0643684 0.0677905 0.0700645 0.0710743 0.0707563 0.0691153 0.0662385 0.0621878 0.0570923 0.0510987 0.0443934 0.0371798 0.0295597 0.0216663 0.0136082 0.00549502 -0.00253869 -0.0104271 -0.0180356 -0.0252639 -0.0320557 -0.0382652 -0.0437881 -0.0485264 -0.0524285 -0.0555031 -0.0576592 -0.058895 -0.0593166 -0.0589652 -0.0579265 -0.0563024 -0.0541858 -0.0517353 -0.0490633 -0.0462455 -0.043385 -0.0405605 -0.0378603 -0.0353453 -0.0330087 -0.030882 -0.0290023 -0.027351 -0.0259321 -0.024748 -0.0237556 -0.0229434 -0.0223364 -0.0219309 
0 0.00133587 0.00266748 0.00407867 0.00559444 0.00720583 0.00896767 0.0109028 0.0130076 0.0153243 0.0178594 0.0205769 0.0234839 0.0265728 0.0297472 0.0329175 0.0360562 0.0390716 0.0418106 0.0441675 0.0460219 0.0472525 0.0477822 0.0474947 0.0463201 0.0442559 0.0412946 0.0374951 0.0328803 0.0274871 0.021493 0.0149948 0.00806649 0.000821124 -0.0066698 -0.0142601 -0.0218785 -0.0294722 -0.036909 -0.0441393 -0.0510374 -0.0574676 -0.0632789 -0.0682507 -0.0722803 -0.0752216 -0.076965 -0.0774359 -0.0765646 -0.0744405 -0.0711424 -0.0668444 -0.0617382 -0.0560344 -0.0500255 -0.0439311 -0.0380072 -0.0324004 -0.0272432 -0.0226296 -0.0185951 -0.0151897 -0.0123628 -0.0100958 -0.00829192 -0.00689013 -0.00581286 -0.00499259 -0.00439287 -0.00394778 -0.00364709 -0.00343006 -0.00329712 -0.00320237 -0.0031481 -0.00310954 -0.00308479 -0.00306905 -0.00305282 -0.00304601 -0.00303168 -0.0030286 -0.00301501 -0.00301358 -0.00300105 -0.00300029 -0.00298926 -0.00298865 -0.00297937 -0.00297869 -0.00297122 -0.00297043 -0.00296467 -0.00296386 -0.00295965 -0.00295896 -0.0029561 -0.00295572 -0.00295398 -0.0029541 -0.00295327 -0.0029541 -0.00295398 -0.00295572 -0.0029561 -0.00295896 -0.00295965 -0.00296386 -0.00296467 -0.00297043 -0.00297122 -0.00297869 -0.00297937 -0.00298865 -0.00298925 -0.00300028 -0.00300102 -0.00301349 -0.00301478 -0.00302802 -0.00303028 -0.00304275 -0.00304549 -0.00305323 -0.00305193 -0.00304399 -0.00302253 -0.00297134 -0.00288891 -0.00273699 -0.00251521 -0.0021667 -0.00168586 -0.00100603 -0.000102861 0.00109549 0.00265146 0.00463625 0.00714295 0.0102084 0.0138992 0.018181 0.0230474 0.0284118 0.0341823 0.0402265 0.0463268 0.052277 0.0577809 0.0626298 0.0665949 0.0695001 0.07122 0.071632 0.0707712 0.0686691 0.0654466 0.0612148 0.0560711 0.0502183 0.0437894 0.0369577 0.0298323 0.022482 0.015034 0.00750161 -4.7623e-05 -0.00752463 -0.0148583 -0.0219275 -0.0287111 -0.0351096 -0.0409513 -0.0461631 -0.050651 -0.0543604 -0.0572537 -0.0592638 -0.0604257 -0.060782 -0.0603823 -0.0593469 -0.0577344 -0.0556216 -0.0531858 -0.050545 -0.0477524 -0.0449082 -0.0421265 -0.0394651 -0.036961 -0.0346572 -0.0325582 -0.0306782 -0.0290638 -0.0276907 -0.0265301 -0.0256229 -0.0249281 -0.0243807 
0 0.00154108 0.00314238 0.00480049 0.00652437 0.00838628 0.0104274 0.0126385 0.0150331 0.017618 0.0203835 0.0233377 0.0264489 0.0296453 0.0328673 0.0360392 0.0390716 0.0418602 0.0442582 0.0461437 0.0474509 0.0480865 0.0479195 0.0468933 0.0450183 0.0422771 0.0386959 0.0343494 0.0292887 0.023635 0.017523 0.0110502 0.00432074 -0.00262333 -0.00967815 -0.0167278 -0.0237705 -0.0307557 -0.0376536 -0.0443975 -0.0508697 -0.0570134 -0.0626551 -0.0676456 -0.0718456 -0.0750859 -0.0772801 -0.0782588 -0.0779621 -0.0763887 -0.0735904 -0.0697405 -0.0649592 -0.0594954 -0.0535703 -0.0474484 -0.041391 -0.0355572 -0.0301407 -0.0252001 -0.0208478 -0.0170993 -0.0139623 -0.0114144 -0.00936333 -0.00777363 -0.00652228 -0.00558808 -0.00487301 -0.00435998 -0.00399054 -0.00373314 -0.0035683 -0.0034484 -0.00338724 -0.00333016 -0.00331178 -0.00327995 -0.00327473 -0.00325365 -0.0032499 -0.00323529 -0.00322935 -0.00322007 -0.00321134 -0.00320673 -0.00319568 -0.00319499 -0.00318241 -0.00318483 -0.00317149 -0.00317628 -0.00316281 -0.00316939 -0.00315623 -0.00316419 -0.00315164 -0.0031607 -0.00314893 -0.00315896 -0.00314803 -0.00315896 -0.00314893 -0.0031607 -0.00315164 -0.00316419 -0.00315623 -0.00316939 -0.00316281 -0.00317628 -0.00317149 -0.00318483 -0.00318241 -0.00319499 -0.00319568 -0.00320671 -0.00321129 -0.00321992 -0.00322898 -0.00323438 -0.00324773 -0.00324869 -0.00326383 -0.00325689 -0.00326489 -0.00323857 -0.00321539 -0.00313868 -0.00303199 -0.0028402 -0.00255911 -0.00214618 -0.00156071 -0.000777018 0.000287552 0.00165493 0.0034451 0.00568968 0.00850154 0.0119018 0.0159205 0.0205437 0.0256941 0.0313268 0.0372744 0.0434154 0.0494926 0.0552722 0.0605039 0.0649388 0.068429 0.0707687 0.0718848 0.0717098 0.0702902 0.0677591 0.0642039 0.0598026 0.0546685 0.0489784 0.0428918 0.0364797 0.0298728 0.023121 0.0162879 0.00939123 0.00239394 -0.004616 -0.0115781 -0.0184336 -0.0251062 -0.0315404 -0.0375972 -0.0431668 -0.0481629 -0.0524622 -0.0560218 -0.0588123 -0.0607657 -0.0618712 -0.0621875 -0.0617963 -0.0607612 -0.0591498 -0.0570805 -0.0546924 -0.0520892 -0.0493481 -0.0465618 -0.0438114 -0.0411577 -0.0386856 -0.0364316 -0.0343728 -0.032544 -0.0309816 -0.0296602 -0.0285828 -0.0277559 -0.0271575 
