0 0 0 0 0 0 0 0 0 0 0 0 0 0 0 0 0 0 0 0 0 0 0 0 0 0 0 0 0 0 0 0 0 0 0 0 0 0 0 0 0 0 0 0 0 0 0 0 0 0 0 0 0 0 0 0 0 0 0 0 0 0 0 0 0 0 0 0 0 0 0 0 0 0 0 0 0 0 0 0 0 0 0 0 0 0 0 0 0 0 0 0 0 0 0 0 0 0 0 0 0 0 0 0 0 0 0 0 0 0 0 0 0 0 0 0 0 0 0 0 0 0 0 0 0 0 0 0 0 0 0 0 0 0 0 0 0 0 0 0 0 0 0 0 0 0 0 0 0 0 0 0 0 0 0 0 0 0 0 0 0 0 0 0 0 0 0 0 0 0 0 0 0 0 0 0 0 0 0 0 0 0 0 0 0 0 0 0 0 0 0 0 0 0 0 0 0 0 0 0 
0 3.21658e-05 4.28582e-05 6.32008e-05 0.000114286 0.000150102 0.000155887 0.000171295 0.000206815 0.000260069 0.000299464 0.000309435 0.000360842 0.000420633 0.000431559 0.000498848 0.000584309 0.000617427 0.000725671 0.000844935 0.000915805 0.00107413 0.00124719 0.00142547 0.00168396 0.00194567 0.00228849 0.00267438 0.00303243 0.00350198 0.00395614 0.00436235 0.00478505 0.00509336 0.00534059 0.00541327 0.00525586 0.00497004 0.00439694 0.00360481 0.00258554 0.00135072 6.55421e-05 -0.0013621 -0.00276936 -0.00410939 -0.00532102 -0.00625864 -0.00703167 -0.00750059 -0.00773636 -0.00770426 -0.00739685 -0.00696397 -0.00634214 -0.00570967 -0.00499056 -0.00427593 -0.00358967 -0.00291753 -0.00238015 -0.00186638 -0.00150593 -0.00116628 -0.000925976 -0.000721019 -0.000549762 -0.000445177 -0.000324207 -0.000289956 -0.000211034 -0.000213785 -0.00016834 -0.000179525 -0.000160244 -0.000163309 -0.000164768 -0.000154403 -0.000171569 -0.000149291 -0.000176751 -0.000146933 -0.000179321 -0.000146716 -0.000179493 -0.000147988 -0.00017792 -0.000150094 -0.000175336 -0.000152489 -0.000172378 -0.000154784 -0.000169523 -0.000156743 -0.000167087 -0.000158248 -0.000165255 -0.000159255 -0.000164128 -0.000159757 -0.000163748 -0.000159757 -0.000164128 -0.000159255 -0.000165255 -0.000158248 -0.000167087 -0.000156743 -0.000169523 -0.000154784 -0.000172378 -0.000152489 -0.000175336 -0.000150094 -0.00017792 -0.000147987 -0.000179492 -0.000146712 -0.00017931 -0.000146901 -0.000176666 -0.000149074 -0.000171037 -0.000153151 -0.000161941 -0.000157194 -0.000147582 -0.000154451 -0.000120894 -0.000128051 -6.31474e-05 -4.64114e-05 5.90494e-05 0.000132277 0.000286125 0.000447357 0.000661373 0.000944919 0.00125984 0.001714 0.0021969 0.00283865 0.00349789 0.00423872 0.00498093 0.00568917 0.00640041 0.00696812 0.00746436 0.00769607 0.00770588 0.00744272 0.00688576 0.00613295 0.00506279 0.00383154 0.00241907 0.000949768 -0.000458819 -0.00186752 -0.00309416 -0.00417604 -0.00501033 -0.00557209 -0.00598602 -0.00612407 -0.00608951 -0.00589255 -0.00555205 -0.00520619 -0.0047379 -0.00426251 -0.00384968 -0.003408 -0.00304062 -0.00269356 -0.00238646 -0.00217433 -0.0019232 -0.00173259 -0.00162086 -0.00145974 -0.00135866 -0.00130116 -0.00120777 -0.00115984 -0.00112058 -0.0010618 -0.00102494 -0.000980627 -0.00096533 -0.000972026 -0.000920295 -0.000886956 -0.000913142 -0.000895609 -0.000851978 -0.000858765 -0.00087317 -0.000851062 
0 4.28582e-05 0.000119213 0.000160427 0.000190873 0.000256637 0.000318193 0.00038463 0.000454412 0.000494394 0.000555657 0.000648179 0.000725451 0.000809105 0.00090968 0.00102345 0.00115242 0.00127585 0.0014405 0.00165979 0.00187911 0.00215758 0.00252365 0.00292031 0.00338321 0.00394811 0.00460336 0.00532977 0.00611668 0.00699321 0.00790019 0.00874795 0.00952293 0.0101713 0.0106005 0.0107037 0.0104266 0.00976558 0.0086552 0.00706505 0.00503105 0.00265247 4.46075e-05 -0.00272256 -0.00551428 -0.00817037 -0.0105217 -0.0124548 -0.0139356 -0.0149132 -0.0153735 -0.0152997 -0.0147533 -0.0138446 -0.0126794 -0.0113711 -0.00996657 -0.00854502 -0.00715467 -0.00586823 -0.00473725 -0.00377602 -0.00299815 -0.00236022 -0.00185965 -0.00145016 -0.00113385 -0.000885319 -0.000699896 -0.000569758 -0.000474338 -0.000420104 -0.000375978 -0.000359819 -0.000339397 -0.000337242 -0.000326781 -0.000327326 -0.000321907 -0.00032113 -0.00031934 -0.00031634 -0.000317574 -0.000312576 -0.000316213 -0.000309784 -0.000315132 -0.000307867 -0.000314267 -0.000306662 -0.00031358 -0.000305983 -0.000313044 -0.000305653 -0.000312642 -0.000305529 -0.000312363 -0.000305503 -0.000312199 -0.000305507 -0.000312145 -0.000305507 -0.000312199 -0.000305503 -0.000312363 -0.000305529 -0.000312642 -0.000305653 -0.000313044 -0.000305983 -0.00031358 -0.000306662 -0.000314267 -0.000307866 -0.000315132 -0.000309783 -0.00031621 -0.000312566 -0.000317546 -0.000316265 -0.000319143 -0.000320633 -0.000320705 -0.000324532 -0.000320548 -0.000323916 -0.000312113 -0.000306366 -0.000275844 -0.000240842 -0.000167722 -6.85513e-05 8.39088e-05 0.000289818 0.000561177 0.000913854 0.00134838 0.00190393 0.00258416 0.00344113 0.00447039 0.00568349 0.00703612 0.00847283 0.0099397 0.0113654 0.0127132 0.013883 0.0147819 0.0152737 0.0152693 0.0147403 0.0136824 0.012129 0.0100797 0.00761049 0.00484934 0.00196763 -0.000880892 -0.00360976 -0.00609402 -0.00821431 -0.00987085 -0.0110552 -0.0118143 -0.0121441 -0.012076 -0.0116842 -0.0110838 -0.0103447 -0.00947855 -0.00857546 -0.00770771 -0.00688798 -0.00611778 -0.00541394 -0.00483047 -0.00432917 -0.00387261 -0.00351739 -0.00323293 -0.00297451 -0.00276127 -0.00258791 -0.0024496 -0.00231951 -0.00220078 -0.00213799 -0.00207595 -0.00199411 -0.00194723 -0.00189418 -0.00184264 -0.00183652 -0.00179503 -0.00174257 -0.00176101 -0.00174887 -0.00169855 -0.00171561 
0 6.32008e-05 0.000160427 0.000242152 0.00030666 0.00039369 0.000481428 0.000565811 0.000666801 0.000756897 0.00085317 0.000983711 0.00109777 0.00121518 0.00138227 0.00154495 0.00172433 0.0019606 0.00220739 0.00251037 0.00288495 0.00329571 0.0038244 0.00444814 0.00514585 0.00601385 0.0069876 0.00806063 0.00927221 0.0105275 0.0118324 0.013088 0.0141827 0.0151137 0.0156782 0.015788 0.015379 0.0143252 0.0126591 0.0102824 0.00727232 0.00378693 -0.000104602 -0.00415701 -0.00825943 -0.0121486 -0.0155833 -0.0184717 -0.0206298 -0.0220945 -0.0227645 -0.022671 -0.021921 -0.0205871 -0.0189234 -0.0169707 -0.0149187 -0.0128148 -0.0107573 -0.00887456 -0.00716371 -0.00575536 -0.00454702 -0.00360475 -0.00282305 -0.00220708 -0.00172855 -0.00133537 -0.00107474 -0.00084496 -0.000730273 -0.00061221 -0.000574845 -0.000523175 -0.00051279 -0.000497608 -0.000488286 -0.000493657 -0.000477152 -0.000494521 -0.00047125 -0.000494933 -0.000468176 -0.000493827 -0.000467003 -0.000491426 -0.000467088 -0.000488266 -0.000467891 -0.00048487 -0.000468991 -0.000481647 -0.0004701 -0.000478872 -0.00047105 -0.000476707 -0.000471755 -0.000475236 -0.000472184 -0.000474494 -0.000472327 -0.000474494 -0.000472184 -0.000475236 -0.000471755 -0.000476707 -0.00047105 -0.000478872 -0.0004701 -0.000481647 -0.000468991 -0.00048487 -0.000467891 -0.000488266 -0.000467088 -0.000491424 -0.000466996 -0.000493807 -0.000468122 -0.000494789 -0.000470881 -0.000493607 -0.000474981 -0.000488701 -0.000477426 -0.000474789 -0.000466847 -0.0004346 -0.000411425 -0.000323783 -0.000243299 -5.80219e-05 0.000144008 0.000477853 0.00087236 0.00140763 0.00207279 0.0028955 0.0039516 0.00520797 0.0067777 0.00854864 0.0105677 0.0126848 0.0148497 0.0169793 0.0189311 0.020663 0.0219204 0.0226328 0.0226054 0.021807 0.0202572 0.0179129 0.0149148 0.0112756 0.00724624 0.00303277 -0.00119031 -0.00517251 -0.00883993 -0.0119507 -0.0144225 -0.0162476 -0.0173758 -0.0179272 -0.0178839 -0.0173687 -0.0165472 -0.0154416 -0.0142127 -0.0129101 -0.0116029 -0.010403 -0.00925227 -0.00822487 -0.00735257 -0.00656148 -0.00590923 -0.00536 -0.00488027 -0.00451178 -0.00418396 -0.00390495 -0.00370581 -0.00350968 -0.00334214 -0.00322696 -0.00310554 -0.00300601 -0.00293266 -0.0028452 -0.00278925 -0.00275689 -0.00269037 -0.00264531 -0.00264377 -0.00260779 -0.00256352 -0.0025771 
0 0.000114286 0.000190873 0.00030666 0.000435395 0.000536603 0.000651699 0.000753821 0.000864584 0.00103503 0.00117848 0.00129918 0.00147854 0.00166292 0.00185282 0.00208667 0.00233881 0.00265409 0.00302077 0.00341389 0.00392385 0.0045236 0.00519879 0.00604445 0.00703178 0.00815811 0.00945634 0.0108928 0.0124686 0.0141128 0.0157567 0.0173576 0.018764 0.0198592 0.0205145 0.020583 0.0199639 0.0185323 0.0162525 0.0131295 0.00921395 0.00465206 -0.000393426 -0.00568033 -0.0109625 -0.0159732 -0.0204467 -0.0241914 -0.0270445 -0.0289391 -0.0298327 -0.0297594 -0.0288231 -0.0271722 -0.0250117 -0.0225003 -0.0198124 -0.0170668 -0.0143956 -0.0119084 -0.00968217 -0.00777857 -0.00618183 -0.00489015 -0.00383907 -0.00300824 -0.00234737 -0.00183729 -0.00145492 -0.00117125 -0.000981354 -0.000843995 -0.000767645 -0.000709168 -0.00068601 -0.000662905 -0.000658346 -0.000649666 -0.000648621 -0.00064647 -0.000643945 -0.000645637 -0.000640675 -0.000645013 -0.000637994 -0.000644109 -0.000635751 -0.000642907 -0.000633908 -0.000641524 -0.00063243 -0.00064011 -0.000631279 -0.000638808 -0.00063042 -0.000637734 -0.000629825 -0.000636974 -0.000629475 -0.00063658 -0.00062936 -0.00063658 -0.000629475 -0.000636974 -0.000629825 -0.000637734 -0.00063042 -0.000638808 -0.000631279 -0.00064011 -0.00063243 -0.000641524 -0.000633908 -0.000642907 -0.00063575 -0.000644105 -0.000637981 -0.000644976 -0.000640577 -0.000645379 -0.000643297 -0.000644902 -0.000644975 -0.00064152 -0.000640871 -0.000626942 -0.000615057 -0.000575034 -0.000524773 -0.000422835 -0.00028172 -5.68584e-05 0.00024993 0.000674509 0.00123009 0.00194085 0.00284611 0.00396993 0.00537831 0.00708711 0.00913852 0.0114936 0.0141088 0.0168849 0.0197109 0.0224735 0.0250169 0.0271926 0.028789 0.0296368 0.029577 0.0285284 0.0264709 0.0234229 0.0194905 0.014812 0.00962245 0.00416574 -0.00129322 -0.00649292 -0.0112234 -0.0152842 -0.0185727 -0.0210089 -0.0225814 -0.0233555 -0.0234048 -0.022868 -0.0218454 -0.020477 -0.0189248 -0.0172617 -0.0155938 -0.0139855 -0.0124919 -0.0111644 -0.00995459 -0.00890691 -0.00803774 -0.00726562 -0.00662232 -0.00609848 -0.00565223 -0.00529439 -0.00497675 -0.00472183 -0.0045342 -0.00432246 -0.00414812 -0.00404296 -0.00392065 -0.00382729 -0.00375601 -0.00364992 -0.00360748 -0.00359056 -0.00349764 -0.00346247 -0.0034875 -0.00343288 
0 0.000150102 0.000256637 0.00039369 0.000536603 0.000651718 0.000813263 0.000989251 0.00112319 0.00128203 0.00147021 0.00165367 0.00186976 0.00211384 0.00237058 0.00266407 0.00299957 0.00339508 0.00385196 0.0043784 0.00504149 0.00582254 0.00670128 0.00777322 0.00903293 0.0104344 0.0120299 0.0138129 0.0157306 0.0177131 0.0196724 0.0215537 0.0231886 0.0243813 0.0250333 0.0249869 0.0240931 0.0222352 0.0193475 0.0155022 0.010747 0.00520626 -0.000884848 -0.00726976 -0.0136026 -0.019614 -0.0250244 -0.0295619 -0.0330622 -0.035371 -0.0364981 -0.0364777 -0.0354201 -0.033515 -0.0309265 -0.0279128 -0.0246365 -0.0213013 -0.0180511 -0.015 -0.0122731 -0.0098844 -0.00789629 -0.0062435 -0.00492106 -0.00386009 -0.00302144 -0.00238151 -0.00188083 -0.00153345 -0.00126516 -0.0011041 -0.000979234 -0.000916073 -0.000866669 -0.000842569 -0.000828036 -0.000813901 -0.000814863 -0.000800634 -0.000808743 -0.00079293 -0.000804183 -0.000787976 -0.000799981 -0.000784857 -0.000796059 -0.000783052 -0.000792542 -0.000782139 -0.000789537 -0.000781777 -0.000787098 -0.000781714 -0.000785234 -0.000781778 -0.000783929 -0.000781867 -0.00078316 -0.000781923 -0.000782906 -0.000781923 -0.00078316 -0.000781867 -0.000783929 -0.000781778 -0.000785234 -0.000781714 -0.000787098 -0.000781777 -0.000789537 -0.000782139 -0.000792542 -0.000783051 -0.000796057 -0.000784848 -0.000799957 -0.00078791 -0.000804008 -0.000792483 -0.000807645 -0.000798038 -0.000808961 -0.000801011 -0.000801007 -0.000788182 -0.000761715 -0.000721899 -0.000634878 -0.000518593 -0.000310028 -3.65865e-05 0.00037768 0.000909384 0.00162769 0.00253671 0.00368988 0.00513914 0.00691106 0.00907818 0.0116052 0.014512 0.0176893 0.021066 0.0245004 0.0278272 0.0308854 0.0334252 0.0352755 0.0362035 0.0360756 0.0347783 0.0322461 0.0285493 0.0237791 0.0181749 0.011961 0.00540344 -0.0011683 -0.00746667 -0.0131774 -0.0181292 -0.0221956 -0.025253 -0.0272918 -0.0283441 -0.0285559 -0.0280603 -0.026941 -0.0253953 -0.0235928 -0.0216495 -0.0196613 -0.0176954 -0.0158731 -0.0142205 -0.0126968 -0.0113736 -0.010259 -0.00928879 -0.00846581 -0.00778016 -0.00721224 -0.0067334 -0.00631088 -0.00597645 -0.0057054 -0.00544991 -0.00526192 -0.00510869 -0.00492901 -0.0048034 -0.00472208 -0.00460761 -0.004525 -0.00448032 -0.00441057 -0.0043738 -0.00436533 -0.00431259 
0 0.000155887 0.000318193 0.000481428 0.000651699 0.000813263 0.000975556 0.00118211 0.00138289 0.0015548 0.00178831 0.00204851 0.00227938 0.00257414 0.0029154 0.00326082 0.00370083 0.00420575 0.00475852 0.00545541 0.00626642 0.0072029 0.00833045 0.00962836 0.0111454 0.0128666 0.0147524 0.0168609 0.0190865 0.0213292 0.0235579 0.0256142 0.0273568 0.0285895 0.0291398 0.0289122 0.0276901 0.0253608 0.0219048 0.0173476 0.0118127 0.00539848 -0.00163309 -0.00894247 -0.0162035 -0.0230702 -0.0292817 -0.0345283 -0.038577 -0.0412973 -0.0426489 -0.0427257 -0.0416223 -0.0395224 -0.0366233 -0.0331649 -0.0294007 -0.0255317 -0.021757 -0.0181958 -0.0149684 -0.0121297 -0.00971246 -0.00770888 -0.00607638 -0.00477654 -0.003745 -0.00295069 -0.00234056 -0.0018937 -0.00156962 -0.00134824 -0.00120027 -0.00110588 -0.0010493 -0.00101373 -0.000996069 -0.000982582 -0.000978558 -0.00097188 -0.0009718 -0.00096699 -0.000967763 -0.000963619 -0.000964375 -0.00096073 -0.000961243 -0.00095813 -0.000958364 -0.000955816 -0.000955804 -0.000953821 -0.000953632 -0.000952182 -0.000951897 -0.000950928 -0.000950636 -0.000950081 -0.000949871 -0.000949654 -0.000949615 -0.000949654 -0.000949871 -0.000950081 -0.000950636 -0.000950928 -0.000951897 -0.000952182 -0.000953632 -0.000953821 -0.000955804 -0.000955816 -0.000958363 -0.000958128 -0.000961237 -0.000960714 -0.000964332 -0.000963502 -0.00096746 -0.000966234 -0.000969983 -0.000967684 -0.000969241 -0.000962704 -0.000955348 -0.000933672 -0.000898306 -0.000832714 -0.000726196 -0.000558582 -0.000305739 5.35932e-05 0.000555204 0.00121986 0.00209591 0.00321164 0.00463149 0.00639546 0.0085621 0.0111532 0.0141679 0.017573 0.0212831 0.0252061 0.0291741 0.0330147 0.036479 0.0393296 0.0413352 0.0422903 0.0420541 0.0404746 0.0375167 0.0332064 0.0277176 0.0213006 0.0141973 0.00672527 -0.000813843 -0.00803263 -0.0146207 -0.0203877 -0.0251569 -0.0288508 -0.031379 -0.0328021 -0.0332768 -0.0328883 -0.0318061 -0.0301761 -0.0281926 -0.0260403 -0.0237626 -0.0215126 -0.0193921 -0.0174073 -0.0156254 -0.0140269 -0.0126337 -0.0114621 -0.0104227 -0.00955613 -0.00885335 -0.00822497 -0.00772328 -0.00731308 -0.00692923 -0.00663754 -0.00639813 -0.00616149 -0.00597843 -0.00582249 -0.00568482 -0.00558898 -0.00547977 -0.00538325 -0.00534714 -0.00528756 -0.00521559 -0.00521862 
0 0.000171295 0.00038463 0.000565811 0.000753821 0.000989251 0.00118211 0.00136459 0.00161699 0.00187972 0.00213591 0.00242236 0.002732 0.00308345 0.00348104 0.00392833 0.00445875 0.00506312 0.00577483 0.00662754 0.00759371 0.00874096 0.0101042 0.0116487 0.0134295 0.0154355 0.017631 0.0200129 0.0224785 0.0249625 0.0273637 0.0295048 0.0312575 0.0324108 0.0327934 0.0322696 0.0306423 0.027835 0.0238066 0.0186028 0.0123542 0.0051861 -0.00260624 -0.0106898 -0.0187046 -0.0262932 -0.0331745 -0.0390094 -0.0435565 -0.0466537 -0.0482632 -0.048477 -0.0473864 -0.0451786 -0.0420427 -0.0382439 -0.0340623 -0.0297355 -0.0254904 -0.0214553 -0.0177648 -0.0144788 -0.0116476 -0.00927688 -0.00733128 -0.00577797 -0.00454181 -0.00358886 -0.00285265 -0.00230817 -0.00190938 -0.00163013 -0.0014427 -0.00131727 -0.00124363 -0.00119324 -0.00116987 -0.00114995 -0.00114427 -0.00113525 -0.00113402 -0.00112914 -0.00112806 -0.00112534 -0.00112341 -0.00112221 -0.00111942 -0.0011194 -0.001116 -0.00111688 -0.00111314 -0.00111467 -0.00111083 -0.00111283 -0.00110905 -0.00111141 -0.00110779 -0.00111044 -0.00110705 -0.00110995 -0.0011068 -0.00110995 -0.00110705 -0.00111044 -0.00110779 -0.00111141 -0.00110905 -0.00111283 -0.00111083 -0.00111467 -0.00111314 -0.00111688 -0.001116 -0.0011194 -0.00111941 -0.00112218 -0.00112333 -0.00112513 -0.00112755 -0.00112788 -0.00113108 -0.00112862 -0.00112987 -0.00111995 -0.00110983 -0.0010779 -0.00103103 -0.000941218 -0.000804122 -0.00058819 -0.000273223 0.000170183 0.000779828 0.00158207 0.00263637 0.00397572 0.0056782 0.00778097 0.0103415 0.0133672 0.0168416 0.0207228 0.0249124 0.0293148 0.0337382 0.0379808 0.0417606 0.0448094 0.0468956 0.0478055 0.0474065 0.0455424 0.0421772 0.0373593 0.0312665 0.0241802 0.0163531 0.0081255 -0.000174172 -0.00816779 -0.0155139 -0.022007 -0.0274411 -0.0317222 -0.0347861 -0.0366499 -0.0374518 -0.0372829 -0.0363219 -0.034742 -0.0326936 -0.0303849 -0.027926 -0.0254463 -0.0230541 -0.0207798 -0.018717 -0.0168641 -0.015197 -0.0137691 -0.0125384 -0.0114783 -0.0105924 -0.00983846 -0.00921727 -0.00869611 -0.00824332 -0.00787689 -0.00754692 -0.00726297 -0.00707129 -0.00688014 -0.00667985 -0.00655874 -0.00646126 -0.00634498 -0.0062645 -0.00620148 -0.00614397 -0.00612535 
0 0.000206815 0.000454412 0.000666801 0.000864584 0.00112319 0.00138289 0.00161699 0.00189673 0.0021942 0.00247483 0.00282097 0.00322937 0.00363272 0.00410362 0.00467807 0.00528954 0.00600641 0.00689294 0.00789491 0.0090626 0.010454 0.0120472 0.0138641 0.0158977 0.0181617 0.02065 0.0232366 0.0258979 0.0285657 0.0310328 0.0331797 0.0348252 0.0357904 0.035919 0.0349808 0.0329006 0.0295932 0.0250049 0.0192295 0.0123385 0.00457088 -0.00381069 -0.0124995 -0.0210843 -0.0292632 -0.0366563 -0.0429695 -0.0479489 -0.0513911 -0.0533 -0.0536764 -0.052674 -0.0504303 -0.0471489 -0.0431225 -0.0386009 -0.0339131 -0.0292401 -0.024787 -0.020659 -0.016942 -0.013713 -0.0109576 -0.00870621 -0.00686847 -0.00543009 -0.00429422 -0.00342817 -0.00277482 -0.0022882 -0.00195149 -0.00170404 -0.0015563 -0.00144309 -0.00139026 -0.00134171 -0.00132656 -0.00130577 -0.00130099 -0.00129241 -0.00128796 -0.00128596 -0.00127933 -0.00128165 -0.0012729 -0.00127822 -0.00126805 -0.00127532 -0.00126445 -0.00127288 -0.00126186 -0.00127088 -0.00126004 -0.0012693 -0.00125883 -0.00126817 -0.00125809 -0.00126749 -0.00125774 -0.00126726 -0.00125774 -0.00126749 -0.00125809 -0.00126817 -0.00125883 -0.0012693 -0.00126004 -0.00127088 -0.00126186 -0.00127288 -0.00126445 -0.00127532 -0.00126804 -0.0012782 -0.00127285 -0.00128152 -0.00127899 -0.00128511 -0.00128593 -0.00128775 -0.0012907 -0.00128396 -0.00128215 -0.00125485 -0.00122722 -0.00114931 -0.00104805 -0.000859255 -0.000600633 -0.000205934 0.000327835 0.00105635 0.00201811 0.00325625 0.0048545 0.00684049 0.00931313 0.0122577 0.01572 0.0196311 0.023949 0.0285787 0.0333708 0.0381727 0.0426883 0.0466806 0.0498219 0.0518978 0.0527083 0.0520776 0.0499324 0.0461837 0.040957 0.0344002 0.0267801 0.0184152 0.00959634 0.000737256 -0.00785693 -0.0158441 -0.0229489 -0.0290035 -0.0338301 -0.0374382 -0.0398135 -0.0409992 -0.0411618 -0.0404259 -0.0390053 -0.0370364 -0.0346589 -0.0321147 -0.029484 -0.0268527 -0.0243393 -0.0219917 -0.0198745 -0.0179612 -0.0162565 -0.0148253 -0.0135768 -0.0124772 -0.011585 -0.0108227 -0.0101488 -0.00961126 -0.00916989 -0.00877759 -0.00844988 -0.00817953 -0.00794388 -0.0077426 -0.007575 -0.00743174 -0.00731118 -0.0072207 -0.00715855 -0.00710421 -0.00704611 
0 0.000260069 0.000494394 0.000756897 0.00103503 0.00128203 0.0015548 0.00187972 0.0021942 0.00250933 0.00287821 0.00329257 0.00373647 0.00422494 0.00479719 0.00546657 0.00621655 0.00709257 0.00813386 0.00932627 0.0107087 0.0123213 0.0141666 0.0162424 0.0185385 0.0210744 0.0237839 0.0265509 0.0293522 0.0320681 0.034513 0.0365361 0.0379613 0.0386562 0.0384042 0.0370148 0.0344478 0.0306187 0.0255251 0.0192076 0.0117918 0.00355781 -0.0052723 -0.0143662 -0.0233789 -0.0319607 -0.0397157 -0.0463904 -0.0516952 -0.0554808 -0.0576753 -0.0582735 -0.0574202 -0.0552179 -0.0519204 -0.0477577 -0.0430343 -0.0380557 -0.0330353 -0.0282106 -0.0236674 -0.0195558 -0.0159101 -0.0127886 -0.0101913 -0.00806699 -0.006393 -0.00505835 -0.00405118 -0.0032643 -0.00269807 -0.00227474 -0.00198582 -0.0017889 -0.00165643 -0.00158272 -0.00152438 -0.00150663 -0.00147723 -0.00147998 -0.00146068 -0.00146854 -0.00145371 -0.00146088 -0.00144957 -0.00145415 -0.00144637 -0.00144796 -0.00144363 -0.00144244 -0.00144121 -0.00143774 -0.00143913 -0.00143396 -0.00143743 -0.00143113 -0.00143616 -0.00142926 -0.00143538 -0.00142832 -0.00143511 -0.00142832 -0.00143538 -0.00142926 -0.00143616 -0.00143113 -0.00143743 -0.00143396 -0.00143913 -0.00143774 -0.00144121 -0.00144243 -0.00144362 -0.00144795 -0.00144634 -0.00145406 -0.00144934 -0.00146031 -0.00145232 -0.0014653 -0.00145343 -0.00146434 -0.00144481 -0.00144209 -0.001401 -0.00135629 -0.00125738 -0.00111331 -0.000885879 -0.000549652 -8.55021e-05 0.000568589 0.00141678 0.00255683 0.00399727 0.00585677 0.00815512 0.0109758 0.0143216 0.0181768 0.0225134 0.0272179 0.0322318 0.0373513 0.0424145 0.0471206 0.0511903 0.0543508 0.0563292 0.0569749 0.0560849 0.0536174 0.049544 0.0439631 0.0370719 0.0290695 0.0203142 0.0111181 0.00186208 -0.00712926 -0.0155936 -0.0232025 -0.0297681 -0.0351368 -0.0392759 -0.0422024 -0.0438845 -0.044461 -0.0440886 -0.042925 -0.0411293 -0.0388272 -0.0362499 -0.0335403 -0.030761 -0.0280462 -0.0254786 -0.0231054 -0.0209419 -0.0189925 -0.0172988 -0.0158255 -0.0145353 -0.0134514 -0.0125396 -0.0117535 -0.0110872 -0.0105376 -0.0100849 -0.00968202 -0.00932812 -0.00905721 -0.00883606 -0.00862821 -0.00845359 -0.00832072 -0.00821173 -0.0081155 -0.0080426 -0.00800408 
0 0.000299464 0.000555657 0.00085317 0.00117848 0.00147021 0.00178831 0.00213591 0.00247483 0.00287821 0.00333816 0.00378203 0.00428823 0.0049044 0.00557548 0.00634193 0.0072556 0.00830377 0.00951567 0.0109242 0.0125406 0.0143933 0.0164863 0.0188117 0.021372 0.0241218 0.0269874 0.0299002 0.0327524 0.0354179 0.0377403 0.0395271 0.040648 0.0409426 0.0402065 0.038327 0.0352258 0.0308881 0.0253169 0.0185354 0.0107466 0.00217382 -0.00692542 -0.0162588 -0.0255332 -0.0343352 -0.0423401 -0.0492503 -0.0548268 -0.0589281 -0.0614036 -0.0622808 -0.0616086 -0.0595478 -0.0563145 -0.0521257 -0.0473107 -0.0421128 -0.0368376 -0.0316682 -0.0267725 -0.0222792 -0.0182444 -0.0147659 -0.0118094 -0.00940539 -0.00745819 -0.00593419 -0.00474687 -0.0038345 -0.00316025 -0.00264879 -0.00230482 -0.00204488 -0.00189477 -0.00177688 -0.00172246 -0.00167427 -0.00165655 -0.00163918 -0.00163046 -0.00162692 -0.00161743 -0.00162108 -0.00160883 -0.00161677 -0.0016023 -0.00161283 -0.00159721 -0.00160914 -0.00159329 -0.0016058 -0.00159035 -0.00160295 -0.00158822 -0.00160071 -0.00158678 -0.00159917 -0.00158595 -0.00159839 -0.00158568 -0.00159839 -0.00158595 -0.00159917 -0.00158678 -0.00160071 -0.00158822 -0.00160295 -0.00159035 -0.0016058 -0.00159329 -0.00160914 -0.0015972 -0.00161281 -0.00160224 -0.00161662 -0.00160845 -0.00162014 -0.00161522 -0.00162187 -0.00161938 -0.00161582 -0.00160922 -0.00158212 -0.00155019 -0.00146761 -0.00136138 -0.00116049 -0.000893222 -0.000475274 7.74003e-05 0.000847596 0.00185232 0.00316562 0.00485545 0.00697526 0.00962089 0.0127875 0.0165322 0.0207732 0.0254912 0.0305645 0.0358775 0.041264 0.0464646 0.0512476 0.0552789 0.0583359 0.0601512 0.060541 0.0593765 0.0565744 0.0522184 0.0463799 0.0392558 0.031055 0.0220702 0.0126883 0.00321387 -0.0060275 -0.0147883 -0.0227938 -0.0297828 -0.0356523 -0.040323 -0.0437827 -0.0460302 -0.0471114 -0.0471932 -0.0464046 -0.0448826 -0.0428001 -0.0403115 -0.037587 -0.0347525 -0.0319025 -0.0291442 -0.0265404 -0.0241307 -0.0219507 -0.0199949 -0.0182718 -0.0167935 -0.0155055 -0.0143936 -0.0134841 -0.0127022 -0.0120036 -0.0114408 -0.0109844 -0.0105793 -0.0102387 -0.00995245 -0.00971263 -0.00953066 -0.00937103 -0.00921777 -0.00910463 -0.00903371 -0.00898438 
0 0.000309435 0.000648179 0.000983711 0.00129918 0.00165367 0.00204851 0.00242236 0.00282097 0.00329257 0.00378203 0.0043102 0.00494491 0.00566051 0.0064472 0.00735484 0.00842188 0.00965745 0.0110615 0.0126909 0.0145801 0.016679 0.0190069 0.0215945 0.0243668 0.0272648 0.0302446 0.0332103 0.0360295 0.0385479 0.0406233 0.0421002 0.0428045 0.0425836 0.041308 0.0388795 0.0352473 0.030411 0.0243916 0.017272 0.00922484 0.000468166 -0.00874588 -0.0181741 -0.0275105 -0.0363955 -0.0445078 -0.0515583 -0.0573551 -0.0617114 -0.0644912 -0.0656554 -0.065235 -0.0633962 -0.0603093 -0.0562217 -0.051392 -0.0460931 -0.040618 -0.0351708 -0.0299663 -0.0251107 -0.0207283 -0.0168754 -0.0135849 -0.0108637 -0.00864651 -0.0069022 -0.00552159 -0.00447425 -0.00366632 -0.00307622 -0.00264324 -0.00233984 -0.00213757 -0.00199673 -0.00191879 -0.00185635 -0.00183439 -0.00180386 -0.00180231 -0.00178378 -0.0017875 -0.0017745 -0.00177803 -0.00176899 -0.00177061 -0.00176512 -0.00176451 -0.00176222 -0.00175954 -0.00175999 -0.00175563 -0.00175828 -0.00175269 -0.00175702 -0.00175065 -0.00175619 -0.00174946 -0.00175577 -0.00174906 -0.00175577 -0.00174946 -0.00175619 -0.00175065 -0.00175702 -0.00175269 -0.00175828 -0.00175563 -0.00175999 -0.00175954 -0.00176222 -0.00176449 -0.00176509 -0.00177052 -0.00176874 -0.00177741 -0.001773 -0.00178403 -0.00177604 -0.0017857 -0.0017696 -0.00176647 -0.00172699 -0.00168217 -0.00158094 -0.0014353 -0.00119858 -0.000855634 -0.000370873 0.000302186 0.00118953 0.00237338 0.00388395 0.00583161 0.00825023 0.0112285 0.014769 0.0188744 0.0234985 0.0285509 0.0339456 0.039501 0.0450473 0.0503063 0.0550259 0.0589302 0.061769 0.0633369 0.0634236 0.0619376 0.0588397 0.0542212 0.048212 0.0409617 0.0326963 0.0236805 0.0142622 0.00474866 -0.00459353 -0.0135045 -0.0217456 -0.0290889 -0.0353912 -0.0405659 -0.0445606 -0.047377 -0.0490565 -0.0496772 -0.0493534 -0.0482373 -0.0464794 -0.0442153 -0.041587 -0.0387572 -0.0358637 -0.032965 -0.0301514 -0.0275359 -0.0251271 -0.0229246 -0.0209666 -0.0192593 -0.0177692 -0.0164533 -0.015336 -0.0144208 -0.0136142 -0.0129171 -0.0123738 -0.0119044 -0.0114816 -0.0111512 -0.0108717 -0.0106169 -0.0104236 -0.0102837 -0.0101695 -0.0100727 -0.00999142 
0 0.000360842 0.000725451 0.00109777 0.00147854 0.00186976 0.00227938 0.002732 0.00322937 0.00373647 0.00428823 0.00494491 0.00567485 0.00648106 0.00742039 0.00850067 0.00975446 0.0111942 0.0128113 0.0146878 0.0168191 0.0191443 0.0217237 0.0245336 0.0274741 0.0304968 0.0335178 0.036446 0.0391213 0.0413634 0.0430929 0.0441442 0.0443266 0.0435353 0.0416721 0.0386926 0.034547 0.0292308 0.0228409 0.0154724 0.00728559 -0.00152079 -0.0107322 -0.0200885 -0.0293288 -0.0381421 -0.0462269 -0.0533393 -0.0592678 -0.0638425 -0.066908 -0.0683809 -0.0682869 -0.0667372 -0.063912 -0.060016 -0.0552829 -0.0499806 -0.0443759 -0.0387278 -0.0332396 -0.0280713 -0.0233437 -0.019134 -0.0155015 -0.0124454 -0.00994936 -0.00794758 -0.00637438 -0.00515555 -0.00422232 -0.00352733 -0.00301219 -0.00265251 -0.00239732 -0.00223475 -0.00212394 -0.00206033 -0.00201784 -0.00199459 -0.00197975 -0.0019692 -0.0019646 -0.0019566 -0.00195602 -0.00194789 -0.00194927 -0.00194079 -0.00194332 -0.00193481 -0.00193806 -0.00192988 -0.0019336 -0.00192598 -0.00193004 -0.00192309 -0.00192745 -0.00192118 -0.00192588 -0.00192023 -0.00192535 -0.00192023 -0.00192588 -0.00192118 -0.00192745 -0.00192309 -0.00193004 -0.00192598 -0.0019336 -0.00192988 -0.00193806 -0.0019348 -0.0019433 -0.00194073 -0.00194911 -0.00194749 -0.00195502 -0.00195424 -0.00195926 -0.00195754 -0.00195528 -0.00194519 -0.00192199 -0.00188167 -0.001804 -0.00168411 -0.00148583 -0.0011993 -0.000776089 -0.000197218 0.000594272 0.00163644 0.00299782 0.0047456 0.00695308 0.00969341 0.0130024 0.0169027 0.0213565 0.0263132 0.0316737 0.0373113 0.0430498 0.048657 0.0538782 0.0584429 0.062112 0.0646634 0.0658934 0.0656428 0.0638186 0.0604425 0.0556156 0.0494772 0.0422 0.0339808 0.025086 0.0157984 0.00638403 -0.00289221 -0.0118069 -0.0201348 -0.0277046 -0.0343759 -0.04 -0.0445244 -0.0479333 -0.0502487 -0.0515043 -0.0517373 -0.051118 -0.0497887 -0.0478396 -0.0454282 -0.0427052 -0.0398325 -0.0368981 -0.0339554 -0.0311572 -0.0285458 -0.026103 -0.0238998 -0.0219418 -0.0202174 -0.0187214 -0.017405 -0.0162894 -0.015369 -0.014561 -0.013862 -0.0132879 -0.0128129 -0.0124198 -0.0120797 -0.01179 -0.0115681 -0.0113869 -0.0112338 -0.0111225 -0.0110477 
0 0.000420633 0.000809105 0.00121518 0.00166292 0.00211384 0.00257414 0.00308345 0.00363272 0.00422494 0.0049044 0.00566051 0.00648106 0.00743097 0.0085421 0.00980816 0.0112537 0.0129 0.0147831 0.0169112 0.0192523 0.0218348 0.0246416 0.0275972 0.0306626 0.0337314 0.0367099 0.0395049 0.0419104 0.0438092 0.0450992 0.0456035 0.0452023 0.043775 0.0412982 0.0377652 0.0331037 0.0273847 0.0207074 0.0131989 0.00501174 -0.00373173 -0.0127883 -0.0219384 -0.030949 -0.0395555 -0.0475363 -0.0546234 -0.0606341 -0.0653818 -0.0687023 -0.0705123 -0.0707723 -0.0695905 -0.0670935 -0.0634706 -0.0589295 -0.0536993 -0.0480652 -0.0422713 -0.0365695 -0.0311262 -0.0260874 -0.0215493 -0.0175726 -0.0141949 -0.0113911 -0.00913093 -0.0073318 -0.00593256 -0.00485206 -0.00403625 -0.00343068 -0.00299184 -0.00268622 -0.00247579 -0.00234147 -0.00225241 -0.00220124 -0.00216654 -0.0021487 -0.00213464 -0.00212776 -0.00212083 -0.00211691 -0.00211261 -0.00210938 -0.00210641 -0.0021034 -0.00210132 -0.00209851 -0.00209714 -0.0020946 -0.00209381 -0.00209161 -0.00209133 -0.00208949 -0.00208967 -0.00208823 -0.00208885 -0.00208781 -0.00208885 -0.00208823 -0.00208967 -0.00208949 -0.00209133 -0.00209161 -0.00209381 -0.0020946 -0.00209714 -0.00209851 -0.0021013 -0.00210336 -0.0021063 -0.00210912 -0.00211195 -0.00211533 -0.00211719 -0.0021197 -0.0021174 -0.00211324 -0.00209646 -0.00206814 -0.00200946 -0.0019153 -0.00175691 -0.00151897 -0.00116435 -0.000665152 2.15452e-05 0.000941897 0.00214871 0.00371582 0.00570733 0.00821057 0.0112696 0.0149302 0.019173 0.0239652 0.0292274 0.0348472 0.0406818 0.0465104 0.0521047 0.0571779 0.0614991 0.0648385 0.0670035 0.0678321 0.0671779 0.0650216 0.0613845 0.0564004 0.0502089 0.0429782 0.0349392 0.0262897 0.0172829 0.00811628 -0.000975644 -0.00975092 -0.018064 -0.0257465 -0.0326833 -0.0387126 -0.0437164 -0.0477124 -0.0506625 -0.0525722 -0.0534675 -0.0534271 -0.0526192 -0.0511117 -0.0490288 -0.0465474 -0.0437752 -0.0408611 -0.037897 -0.0349537 -0.0321502 -0.0295192 -0.027086 -0.0248842 -0.0229113 -0.0211976 -0.0197071 -0.0183776 -0.017253 -0.0163235 -0.0155072 -0.0148116 -0.0142477 -0.0137608 -0.0133527 -0.0130496 -0.0127849 -0.0125259 -0.0123468 -0.0122422 -0.0121458 
0 0.000431559 0.00090968 0.00138227 0.00185282 0.00237058 0.0029154 0.00348104 0.00410362 0.00479719 0.00557548 0.0064472 0.00742039 0.0085421 0.00983851 0.0112927 0.0129316 0.0148259 0.0169753 0.0193248 0.021906 0.0247343 0.0277045 0.030764 0.0338699 0.0369001 0.0397512 0.0422731 0.0443257 0.0458048 0.0465396 0.0464308 0.0453796 0.0432964 0.0402183 0.0361124 0.0309941 0.0249515 0.0180764 0.0105486 0.00244533 -0.00610048 -0.0148753 -0.0237059 -0.0323537 -0.0406726 -0.0484471 -0.0554414 -0.0614802 -0.0663399 -0.069912 -0.0720505 -0.0727172 -0.0719595 -0.0698548 -0.0665926 -0.0623081 -0.0572539 -0.0516594 -0.0458017 -0.0399425 -0.0342626 -0.0289547 -0.0240934 -0.0197982 -0.0160813 -0.0129717 -0.010428 -0.00838787 -0.00679261 -0.0055431 -0.00460488 -0.00388523 -0.00337391 -0.00299541 -0.0027458 -0.00257061 -0.00246275 -0.00239315 -0.00234922 -0.00232647 -0.00230577 -0.00230124 -0.00228723 -0.00228933 -0.00227701 -0.0022815 -0.00226996 -0.00227525 -0.0022646 -0.00227002 -0.00226047 -0.00226573 -0.00225733 -0.00226239 -0.00225507 -0.00225999 -0.0022536 -0.00225854 -0.00225287 -0.00225806 -0.00225287 -0.00225854 -0.0022536 -0.00225999 -0.00225507 -0.00226239 -0.00225733 -0.00226573 -0.00226047 -0.00227001 -0.00226458 -0.00227518 -0.00226979 -0.00228108 -0.00227597 -0.0022869 -0.00228173 -0.00228925 -0.00228067 -0.00227593 -0.0022514 -0.00221114 -0.00213725 -0.00201095 -0.00181987 -0.0015194 -0.00110228 -0.000500534 0.000293972 0.00137011 0.00275383 0.00454942 0.00680835 0.0096146 0.0130126 0.0170057 0.0215928 0.0266823 0.0322223 0.038043 0.0440026 0.0498463 0.0553223 0.060177 0.0641556 0.0671011 0.0688032 0.0691689 0.0680921 0.0655867 0.061737 0.0566293 0.0504543 0.0433524 0.0355681 0.027285 0.0186539 0.00987329 0.0010941 -0.00744325 -0.0156158 -0.0233197 -0.030397 -0.0367405 -0.0421942 -0.0467238 -0.0503023 -0.0528671 -0.0544663 -0.0551139 -0.0548917 -0.053927 -0.0523024 -0.0501623 -0.0476144 -0.0447948 -0.0418724 -0.0388903 -0.0359333 -0.0331368 -0.0305258 -0.0280977 -0.0258849 -0.0239237 -0.0222066 -0.0206857 -0.0193588 -0.0182407 -0.0172987 -0.0164923 -0.0158042 -0.0152302 -0.0147512 -0.0143419 -0.0140139 -0.0137728 -0.013579 -0.0134152 -0.0132962 
0 0.000498848 0.00102345 0.00154495 0.00208667 0.00266407 0.00326082 0.00392833 0.00467807 0.00546657 0.00634193 0.00735484 0.00850067 0.00980816 0.0112927 0.0129598 0.0148614 0.0170118 0.0193761 0.0219541 0.0247625 0.0277579 0.0308476 0.0339594 0.0370324 0.0399524 0.0425481 0.0446913 0.0463046 0.0472337 0.047337 0.046554 0.0448196 0.0421192 0.038444 0.0338132 0.0283207 0.0220277 0.0150734 0.00759063 -0.000341171 -0.00857061 -0.0169741 -0.0253582 -0.0335711 -0.0415129 -0.0489871 -0.055833 -0.0618142 -0.0667654 -0.0705556 -0.0730293 -0.074146 -0.0738445 -0.0722177 -0.0693621 -0.065425 -0.0606204 -0.0551441 -0.0493088 -0.0433324 -0.0374823 -0.0319143 -0.0267684 -0.0221527 -0.0181024 -0.0146819 -0.0118303 -0.00954781 -0.00772045 -0.00630904 -0.00521633 -0.00439268 -0.00378694 -0.00334072 -0.00304195 -0.00282273 -0.00269796 -0.00259899 -0.00255723 -0.00251286 -0.00250266 -0.00248057 -0.00247871 -0.00246622 -0.00246441 -0.00245736 -0.00245346 -0.00245046 -0.0024444 -0.00244469 -0.00243695 -0.00243991 -0.00243109 -0.00243615 -0.00242676 -0.00243342 -0.00242391 -0.00243178 -0.0024225 -0.00243123 -0.0024225 -0.00243178 -0.00242391 -0.00243342 -0.00242676 -0.00243615 -0.00243109 -0.00243991 -0.00243695 -0.00244467 -0.00244436 -0.00245035 -0.00245319 -0.00245669 -0.00246279 -0.00246251 -0.00247049 -0.00246305 -0.00246672 -0.00244195 -0.00242273 -0.00235374 -0.00226802 -0.00209767 -0.00186444 -0.00149623 -0.000993468 -0.000289902 0.000647931 0.00187837 0.00348176 0.00550817 0.00806915 0.0111803 0.0149218 0.0192419 0.0241387 0.0295098 0.0352581 0.0412389 0.0472255 0.053008 0.0582744 0.0628235 0.0664068 0.0688763 0.0700898 0.0699397 0.0684399 0.0655974 0.0615512 0.0563855 0.0502599 0.0433722 0.0358958 0.0280375 0.019877 0.0115607 0.00323362 -0.00497108 -0.0129028 -0.020499 -0.0276187 -0.0341469 -0.0399908 -0.0450205 -0.0491817 -0.0524183 -0.0547243 -0.0561102 -0.0565623 -0.0561885 -0.0551173 -0.0534234 -0.0512112 -0.0486252 -0.0458205 -0.0428912 -0.0398993 -0.03696 -0.0341708 -0.0315497 -0.029116 -0.0269134 -0.0249482 -0.0232208 -0.0217254 -0.020404 -0.0192552 -0.018311 -0.0175071 -0.0168128 -0.0162509 -0.015772 -0.015375 -0.0150898 -0.0148422 -0.0146307 -0.0145212 
0 0.000584309 0.00115242 0.00172433 0.00233881 0.00299957 0.00370083 0.00445875 0.00528954 0.00621655 0.0072556 0.00842188 0.00975446 0.0112537 0.0129316 0.0148614 0.0170296 0.0193921 0.0219892 0.0248072 0.0277883 0.0308925 0.0340274 0.0371118 0.0400663 0.0427358 0.0449735 0.0466776 0.0477453 0.0480494 0.0474711 0.0459734 0.0435702 0.0402457 0.0360007 0.0309236 0.0251246 0.0187038 0.0117676 0.00441553 -0.00322672 -0.0110607 -0.0189827 -0.0268552 -0.0345939 -0.0420893 -0.0492299 -0.0558489 -0.0617343 -0.0667435 -0.0707106 -0.0735277 -0.0750725 -0.0752692 -0.0741455 -0.0717457 -0.0682284 -0.063729 -0.0584786 -0.0527246 -0.0467253 -0.0407518 -0.0349729 -0.0295812 -0.0246525 -0.0202986 -0.0165411 -0.013394 -0.010828 -0.0087648 -0.00715825 -0.0058964 -0.00495381 -0.00422988 -0.00371768 -0.00333966 -0.00308956 -0.00291689 -0.00280744 -0.00274109 -0.00269439 -0.00267519 -0.00265099 -0.00265012 -0.00263234 -0.00263801 -0.00262195 -0.0026298 -0.00261474 -0.00262308 -0.00260926 -0.00261742 -0.00260505 -0.00261279 -0.00260191 -0.00260926 -0.00259973 -0.00260688 -0.00259844 -0.00260568 -0.00259802 -0.00260568 -0.00259844 -0.00260688 -0.00259973 -0.00260926 -0.00260191 -0.00261279 -0.00260505 -0.00261741 -0.00260924 -0.00262301 -0.00261457 -0.00262936 -0.0026209 -0.00263555 -0.00262678 -0.00263806 -0.00262579 -0.00262451 -0.00259638 -0.00255886 -0.00248164 -0.00235663 -0.00216218 -0.00186008 -0.001438 -0.000828776 -2.44543e-05 0.00106905 0.00247156 0.00429794 0.00658843 0.00944163 0.0128884 0.0169473 0.0216039 0.0267767 0.0324057 0.0383241 0.0443944 0.050357 0.0559749 0.0609782 0.0651319 0.0682678 0.0702067 0.0708762 0.0702037 0.0682478 0.0650966 0.0608584 0.0556754 0.0496679 0.0430435 0.0359628 0.0285641 0.0209464 0.0131786 0.0053777 -0.00238465 -0.0100163 -0.0174108 -0.0244725 -0.0310992 -0.0372096 -0.0426737 -0.0473579 -0.0512126 -0.054217 -0.0563295 -0.0575231 -0.0578412 -0.0573857 -0.0562464 -0.054493 -0.0522527 -0.049671 -0.0468524 -0.0439151 -0.0409443 -0.0380056 -0.0352134 -0.0326122 -0.03019 -0.0279858 -0.0260236 -0.0242983 -0.0227871 -0.0214599 -0.0203281 -0.0193706 -0.0185472 -0.0178807 -0.0173438 -0.0168677 -0.0164709 -0.016178 -0.0159652 -0.015817 
0 0.000617427 0.00127585 0.0019606 0.00265409 0.00339508 0.00420575 0.00506312 0.00600641 0.00709257 0.00830377 0.00965745 0.0111942 0.0129 0.0148259 0.0170118 0.0193921 0.0219817 0.0248165 0.027822 0.0309299 0.0340711 0.0371741 0.0401565 0.0428538 0.0451531 0.0469609 0.0481273 0.0485689 0.0481851 0.0468894 0.0447047 0.0416384 0.037713 0.0329801 0.0275342 0.0215377 0.0150814 0.00823882 0.00112409 -0.00615888 -0.0135115 -0.0208807 -0.0282081 -0.0354151 -0.0424386 -0.0491847 -0.0555205 -0.0612813 -0.0663013 -0.0704447 -0.0735751 -0.0755501 -0.0762617 -0.0756573 -0.0737756 -0.07071 -0.0665987 -0.0616347 -0.0560405 -0.0500918 -0.0440369 -0.0381086 -0.03248 -0.0272814 -0.0226181 -0.0185389 -0.0150848 -0.0122211 -0.00991597 -0.00808366 -0.0066587 -0.00556349 -0.00473498 -0.00412694 -0.0036823 -0.00337975 -0.00316541 -0.00303513 -0.00294212 -0.00289418 -0.00285571 -0.00283993 -0.002823 -0.00281698 -0.00280847 -0.0028042 -0.00279978 -0.00279505 -0.0027933 -0.00278779 -0.00278813 -0.00278201 -0.00278402 -0.0027776 -0.00278094 -0.00277449 -0.00277888 -0.00277264 -0.00277785 -0.00277203 -0.00277785 -0.00277264 -0.00277888 -0.00277449 -0.00278094 -0.0027776 -0.00278402 -0.00278201 -0.00278811 -0.00278774 -0.0027932 -0.00279477 -0.0027991 -0.00280259 -0.00280477 -0.00280879 -0.00280557 -0.00280422 -0.0027853 -0.00276067 -0.00269866 -0.00260811 -0.00244466 -0.00220787 -0.00184394 -0.00133817 -0.000632016 0.000310947 0.00155552 0.00316991 0.00522501 0.00780762 0.0109639 0.0147446 0.0191267 0.0240841 0.0295263 0.0353509 0.0414037 0.0474802 0.0533434 0.0587183 0.0633705 0.0670828 0.0696973 0.0710869 0.0711797 0.0699902 0.0676 0.064146 0.0597603 0.0545756 0.048747 0.0424345 0.035783 0.0288917 0.0218289 0.0146679 0.00744617 0.000192233 -0.00703993 -0.0141649 -0.021068 -0.0276935 -0.0339632 -0.0397349 -0.0448848 -0.0493046 -0.0529539 -0.0557813 -0.0577221 -0.0588052 -0.0590492 -0.058519 -0.057335 -0.05556 -0.0533046 -0.050706 -0.0478914 -0.0449822 -0.0420159 -0.0390898 -0.0363335 -0.0337339 -0.0313069 -0.0291133 -0.0271384 -0.0253987 -0.0239008 -0.0225844 -0.0214459 -0.020497 -0.01969 -0.0190008 -0.0184463 -0.0180151 -0.0176685 -0.0173952 -0.0172036 
