0 0 0 0 0 0 0 0 0 0 0 0 0 0 0 0 0 0 0 0 0 0 0 0 0 0 0 0 0 0 0 0 0 0 0 0 0 0 0 0 0 0 0 0 0 0 0 0 0 0 0 0 0 0 0 0 0 0 0 0 0 0 0 0 0 0 0 0 0 0 0 0 0 0 0 0 0 0 0 0 0 0 0 0 0 0 0 0 0 0 0 0 0 0 0 0 0 0 0 0 0 0 0 0 0 0 0 0 0 0 0 0 0 0 0 0 0 0 0 0 0 0 0 0 0 0 0 0 0 0 0 0 0 0 0 0 0 0 0 0 0 0 0 0 0 0 0 0 0 0 0 0 0 0 0 0 0 0 0 0 0 0 0 0 0 0 0 0 0 0 0 0 0 0 0 0 0 0 0 0 0 0 0 0 0 0 0 0 0 0 0 0 0 0 0 0 0 0 0 0 
0 0.0015718 0.00305806 0.00437977 0.00546165 0.00623471 0.00665628 0.00672574 0.0064681 0.00590082 0.00502838 0.00387344 0.00250324 0.00101765 -0.000487069 -0.00194394 -0.0033158 -0.00457905 -0.00570704 -0.00666626 -0.00742687 -0.00797545 -0.00831903 -0.00847979 -0.0084854 -0.00836062 -0.00812492 -0.0077955 -0.00739122 -0.00693443 -0.00644978 -0.00596045 -0.00548436 -0.0050325 -0.00460936 -0.00421526 -0.00384927 -0.00351105 -0.00320162 -0.00292286 -0.00267624 -0.00246178 -0.00227755 -0.00211978 -0.00198363 -0.0018642 -0.0017573 -0.00166006 -0.00157096 -0.00148959 -0.0014162 -0.00135116 -0.00129458 -0.0012461 -0.0012048 -0.0011694 -0.00113838 -0.00111028 -0.00108384 -0.00105817 -0.00103277 -0.00100747 -0.000982435 -0.000958004 -0.000934598 -0.00091263 -0.000892427 -0.000874208 -0.000858042 -0.000843886 -0.00083158 -0.000820898 -0.00081157 -0.000803311 -0.000795857 -0.000788964 -0.000782445 -0.000776143 -0.000769963 -0.000763838 -0.000757747 -0.00075169 -0.000745693 -0.00073979 -0.000734026 -0.000728447 -0.000723095 -0.000718014 -0.000713234 -0.00070879 -0.000704698 -0.000700981 -0.000697643 -0.000694699 -0.000692147 -0.000689992 -0.000688231 -0.000686865 -0.000685889 -0.000685306 -0.00068511 -0.000685306 -0.000685889 -0.000686865 -0.000688231 -0.000689992 -0.000692147 -0.000694699 -0.000697643 -0.000700981 -0.000704698 -0.00070879 -0.000713234 -0.000718014 -0.000723095 -0.000728447 -0.000734026 -0.00073979 -0.000745693 -0.00075169 -0.000757747 -0.000763838 -0.000769963 -0.000776143 -0.000782445 -0.000788964 -0.000795857 -0.000803311 -0.00081157 -0.000820898 -0.00083158 -0.000843886 -0.000858042 -0.000874208 -0.000892427 -0.00091263 -0.000934598 -0.000958004 -0.000982435 -0.00100747 -0.00103277 -0.00105817 -0.00108384 -0.00111028 -0.00113838 -0.0011694 -0.0012048 -0.0012461 -0.00129458 -0.00135116 -0.0014162 -0.00148959 -0.00157096 -0.00166006 -0.0017573 -0.0018642 -0.00198363 -0.00211978 -0.00227755 -0.00246178 -0.00267624 -0.00292286 -0.00320162 -0.00351105 -0.00384927 -0.00421526 -0.00460936 -0.0050325 -0.00548436 -0.00596045 -0.00644978 -0.00693442 -0.00739118 -0.00779536 -0.00812451 -0.00835953 -0.0084826 -0.00847305 -0.0083038 -0.00794315 -0.00736249 -0.00654572 -0.00549518 -0.00422931 -0.00277281 -0.00114841 0.000620017 0.00249661 0.00442745 0.00634961 0.00821423 0.0100037 0.0117158 0.0133206 0.0147455 0.015922 0.0168504 0.0175985 0.0182228 0.0187023 
0 0.00305806 0.00595512 0.00852583 0.0106147 0.0121064 0.0129456 0.0131231 0.0126438 0.0115177 0.00978417 0.00753686 0.00491573 0.00207542 -0.000840734 -0.00371056 -0.00643375 -0.00892889 -0.0111308 -0.0129914 -0.0144818 -0.0155913 -0.0163252 -0.0167038 -0.0167598 -0.0165354 -0.0160792 -0.0154418 -0.0146717 -0.0138126 -0.0129019 -0.0119708 -0.0110452 -0.0101461 -0.00929034 -0.0084901 -0.00775322 -0.00708304 -0.00647927 -0.00593884 -0.00545706 -0.00502877 -0.0046489 -0.00431293 -0.00401685 -0.00375692 -0.00352947 -0.00333079 -0.00315704 -0.00300443 -0.00286937 -0.0027487 -0.00263982 -0.00254071 -0.00245 -0.00236674 -0.00229035 -0.00222045 -0.00215669 -0.00209871 -0.00204607 -0.00199824 -0.00195464 -0.00191462 -0.00187762 -0.00184307 -0.00181053 -0.00177964 -0.00175016 -0.00172193 -0.00169488 -0.00166899 -0.00164427 -0.00162078 -0.00159855 -0.00157761 -0.001558 -0.0015397 -0.00152271 -0.00150699 -0.00149248 -0.00147913 -0.00146688 -0.00145565 -0.00144537 -0.00143598 -0.00142743 -0.00141964 -0.00141257 -0.00140619 -0.00140045 -0.00139533 -0.00139079 -0.00138683 -0.00138342 -0.00138055 -0.00137821 -0.00137641 -0.00137512 -0.00137434 -0.00137409 -0.00137434 -0.00137512 -0.00137641 -0.00137821 -0.00138055 -0.00138342 -0.00138683 -0.00139079 -0.00139533 -0.00140045 -0.00140619 -0.00141257 -0.00141964 -0.00142743 -0.00143598 -0.00144537 -0.00145565 -0.00146688 -0.00147913 -0.00149248 -0.00150699 -0.00152271 -0.0015397 -0.001558 -0.00157761 -0.00159855 -0.00162078 -0.00164427 -0.00166899 -0.00169488 -0.00172193 -0.00175016 -0.00177964 -0.00181053 -0.00184307 -0.00187762 -0.00191462 -0.00195464 -0.00199824 -0.00204607 -0.00209871 -0.00215669 -0.00222045 -0.00229035 -0.00236674 -0.00245 -0.00254071 -0.00263982 -0.0027487 -0.00286937 -0.00300443 -0.00315704 -0.00333079 -0.00352947 -0.00375692 -0.00401685 -0.00431293 -0.0046489 -0.00502877 -0.00545706 -0.00593884 -0.00647927 -0.00708304 -0.00775322 -0.0084901 -0.00929034 -0.0101461 -0.0110452 -0.0119708 -0.0129019 -0.0138125 -0.0146716 -0.0154414 -0.0160781 -0.0165325 -0.0167527 -0.0166871 -0.0162887 -0.0155161 -0.0143361 -0.0127255 -0.0106742 -0.00819033 -0.00530599 -0.00207791 0.00141647 0.0050874 0.00884558 0.0126123 0.0163194 0.019903 0.0232961 0.0264211 0.0291935 0.0315491 0.0334813 0.0350378 0.0362628 0.0371428 
0 0.00437977 0.00852583 0.0121957 0.0151735 0.0173176 0.0185592 0.0188577 0.0181825 0.0165494 0.0140569 0.0108698 0.00717371 0.00314969 -0.00102405 -0.00517159 -0.00912956 -0.0127609 -0.0159663 -0.0186864 -0.0208917 -0.0225699 -0.0237224 -0.0243667 -0.0245393 -0.0242964 -0.0237088 -0.0228515 -0.0217955 -0.0206026 -0.0193237 -0.0180008 -0.0166706 -0.0153647 -0.0141103 -0.0129289 -0.0118346 -0.0108345 -0.00992911 -0.00911426 -0.00838343 -0.00772947 -0.00714566 -0.00662638 -0.00616662 -0.00576162 -0.00540654 -0.00509598 -0.00482427 -0.00458561 -0.00437442 -0.00418586 -0.00401584 -0.00386132 -0.00372012 -0.00359077 -0.00347234 -0.00336413 -0.00326556 -0.00317599 -0.00309465 -0.00302073 -0.00295328 -0.00289141 -0.0028342 -0.00278087 -0.00273079 -0.00268341 -0.0026384 -0.00259549 -0.00255456 -0.00251556 -0.00247845 -0.00244328 -0.00241005 -0.00237879 -0.00234947 -0.0023221 -0.00229662 -0.00227297 -0.00225107 -0.00223084 -0.00221218 -0.00219501 -0.00217924 -0.00216477 -0.00215153 -0.00213944 -0.00212845 -0.00211849 -0.00210953 -0.00210151 -0.00209441 -0.00208819 -0.00208285 -0.00207834 -0.00207468 -0.00207184 -0.00206982 -0.0020686 -0.0020682 -0.0020686 -0.00206982 -0.00207184 -0.00207468 -0.00207834 -0.00208285 -0.00208819 -0.00209441 -0.00210151 -0.00210953 -0.00211849 -0.00212845 -0.00213944 -0.00215153 -0.00216477 -0.00217924 -0.00219501 -0.00221218 -0.00223084 -0.00225107 -0.00227297 -0.00229662 -0.0023221 -0.00234947 -0.00237879 -0.00241005 -0.00244328 -0.00247845 -0.00251556 -0.00255456 -0.00259549 -0.0026384 -0.00268341 -0.00273079 -0.00278087 -0.0028342 -0.00289141 -0.00295328 -0.00302073 -0.00309465 -0.00317599 -0.00326556 -0.00336413 -0.00347234 -0.00359077 -0.00372012 -0.00386132 -0.00401584 -0.00418586 -0.00437442 -0.00458561 -0.00482427 -0.00509598 -0.00540654 -0.00576162 -0.00616662 -0.00662638 -0.00714566 -0.00772947 -0.00838343 -0.00911426 -0.00992911 -0.0108345 -0.0118346 -0.0129289 -0.0141103 -0.0153647 -0.0166706 -0.0180008 -0.0193236 -0.0206025 -0.0217952 -0.0228505 -0.0237062 -0.02429 -0.0245242 -0.024333 -0.0236516 -0.0224298 -0.0206302 -0.0182259 -0.015201 -0.0115582 -0.00733554 -0.00261708 0.00247682 0.00781475 0.0132811 0.0187862 0.0242454 0.0295432 0.0345333 0.0390873 0.043139 0.0466698 0.0496602 0.0520735 0.0538838 0.0551028 
0 0.00546165 0.0106147 0.0151735 0.0189033 0.0216305 0.023228 0.0236096 0.0227555 0.0207348 0.0176855 0.0137779 0.0092053 0.00418998 -0.00102988 -0.00622969 -0.0112162 -0.0158323 -0.0199577 -0.0235048 -0.0264146 -0.0286588 -0.0302414 -0.0311938 -0.0315678 -0.031429 -0.0308503 -0.0299077 -0.0286789 -0.0272406 -0.0256648 -0.0240162 -0.0223487 -0.020704 -0.0191133 -0.0175978 -0.0161722 -0.0148467 -0.0136273 -0.0125172 -0.0115162 -0.0106209 -0.00982488 -0.00911947 -0.00849476 -0.00794093 -0.0074488 -0.00701053 -0.00661984 -0.00627154 -0.00596149 -0.00568598 -0.00544142 -0.00522434 -0.00503109 -0.00485816 -0.00470221 -0.00456022 -0.00442977 -0.00430884 -0.00419606 -0.00409049 -0.00399155 -0.00389897 -0.00381254 -0.00373219 -0.00365772 -0.00358896 -0.0035256 -0.00346725 -0.00341352 -0.0033639 -0.00331797 -0.00327526 -0.00323538 -0.00319797 -0.00316273 -0.00312944 -0.00309791 -0.00306803 -0.00303968 -0.00301284 -0.00298744 -0.0029635 -0.00294097 -0.0029199 -0.00290025 -0.00288203 -0.00286524 -0.00284988 -0.00283592 -0.00282336 -0.00281219 -0.00280238 -0.00279393 -0.0027868 -0.002781 -0.00277649 -0.00277329 -0.00277136 -0.00277073 -0.00277136 -0.00277329 -0.00277649 -0.002781 -0.0027868 -0.00279393 -0.00280238 -0.00281219 -0.00282336 -0.00283592 -0.00284988 -0.00286524 -0.00288203 -0.00290025 -0.0029199 -0.00294097 -0.0029635 -0.00298744 -0.00301284 -0.00303968 -0.00306803 -0.00309791 -0.00312944 -0.00316273 -0.00319797 -0.00323538 -0.00327526 -0.00331797 -0.0033639 -0.00341352 -0.00346725 -0.0035256 -0.00358896 -0.00365772 -0.00373219 -0.00381254 -0.00389897 -0.00399155 -0.00409049 -0.00419606 -0.00430884 -0.00442977 -0.00456022 -0.00470221 -0.00485816 -0.00503109 -0.00522434 -0.00544142 -0.00568598 -0.00596149 -0.00627154 -0.00661984 -0.00701053 -0.0074488 -0.00794093 -0.00849476 -0.00911947 -0.00982488 -0.0106209 -0.0115162 -0.0125172 -0.0136273 -0.0148467 -0.0161722 -0.0175978 -0.0191133 -0.020704 -0.0223487 -0.0240161 -0.0256647 -0.0272403 -0.0286781 -0.0299055 -0.0308448 -0.0314159 -0.0315381 -0.0311307 -0.0301146 -0.0284184 -0.0259844 -0.022777 -0.018792 -0.0140582 -0.00863695 -0.00262112 0.00387173 0.0107118 0.017763 0.024885 0.0319355 0.0387639 0.0452092 0.0511306 0.0564497 0.0611389 0.0651537 0.0684026 0.0708114 0.0723995 
0 0.00623471 0.0121064 0.0173176 0.0216305 0.0248215 0.0266885 0.0271232 0.0261555 0.0239045 0.0205056 0.0161069 0.0109116 0.0051814 -0.000809092 -0.00681088 -0.0126119 -0.0180379 -0.0229473 -0.027225 -0.0307886 -0.0335997 -0.0356604 -0.0370029 -0.0376809 -0.0377598 -0.037311 -0.0364129 -0.0351499 -0.0336074 -0.0318692 -0.0300116 -0.0280984 -0.0261813 -0.0243001 -0.0224838 -0.0207547 -0.0191292 -0.0176181 -0.0162283 -0.014962 -0.0138171 -0.0127884 -0.0118678 -0.0110461 -0.0103138 -0.00966115 -0.00907975 -0.00856179 -0.00810031 -0.0076893 -0.00732299 -0.00699631 -0.00670445 -0.00644292 -0.00620782 -0.00599543 -0.00580271 -0.00562699 -0.00546601 -0.00531803 -0.00518146 -0.00505519 -0.00493816 -0.00482956 -0.00472868 -0.00463483 -0.00454752 -0.00446613 -0.00439027 -0.00431943 -0.00425325 -0.00419137 -0.00413341 -0.00407916 -0.00402827 -0.00398061 -0.00393589 -0.003894 -0.00385474 -0.00381801 -0.00378367 -0.0037516 -0.00372175 -0.00369397 -0.00366824 -0.00364445 -0.00362257 -0.0036025 -0.00358425 -0.0035677 -0.00355288 -0.00353968 -0.00352814 -0.00351817 -0.0035098 -0.00350295 -0.00349767 -0.00349388 -0.00349163 -0.00349087 -0.00349163 -0.00349388 -0.00349767 -0.00350295 -0.0035098 -0.00351817 -0.00352814 -0.00353968 -0.00355288 -0.0035677 -0.00358425 -0.0036025 -0.00362257 -0.00364445 -0.00366824 -0.00369397 -0.00372175 -0.0037516 -0.00378367 -0.00381801 -0.00385474 -0.003894 -0.00393589 -0.00398061 -0.00402827 -0.00407916 -0.00413341 -0.00419137 -0.00425325 -0.00431943 -0.00439027 -0.00446613 -0.00454752 -0.00463483 -0.00472868 -0.00482956 -0.00493816 -0.00505519 -0.00518146 -0.00531803 -0.00546601 -0.00562699 -0.00580271 -0.00599543 -0.00620782 -0.00644292 -0.00670445 -0.00699631 -0.00732299 -0.0076893 -0.00810031 -0.00856179 -0.00907975 -0.00966115 -0.0103138 -0.0110461 -0.0118678 -0.0127884 -0.0138171 -0.014962 -0.0162283 -0.0176181 -0.0191292 -0.0207547 -0.0224838 -0.0243001 -0.0261813 -0.0280984 -0.0300115 -0.031869 -0.0336068 -0.0351481 -0.0364083 -0.0372998 -0.0377342 -0.0376257 -0.0368906 -0.0354447 -0.0332084 -0.0301177 -0.0261353 -0.0212649 -0.0155564 -0.00909023 -0.00196086 0.00572822 0.0138612 0.0222953 0.0308442 0.039295 0.0474609 0.0552062 0.0624196 0.0689866 0.0747953 0.0797501 0.0837704 0.0868024 0.0888415 
0 0.00665628 0.0129456 0.0185592 0.023228 0.0266885 0.0287241 0.0292434 0.0282835 0.0259456 0.0223604 0.0177053 0.0122056 0.00610412 -0.000350608 -0.00690056 -0.0132977 -0.0193327 -0.024841 -0.0297024 -0.0338412 -0.0372166 -0.0398101 -0.0416297 -0.0427113 -0.0431127 -0.0429107 -0.0421942 -0.0410525 -0.0395707 -0.0378293 -0.0359013 -0.0338538 -0.0317495 -0.0296424 -0.0275776 -0.0255906 -0.0237046 -0.0219343 -0.0202869 -0.018764 -0.0173651 -0.016088 -0.014929 -0.0138842 -0.0129475 -0.0121118 -0.0113686 -0.010708 -0.0101203 -0.00959588 -0.00912596 -0.00870339 -0.00832185 -0.00797679 -0.00766441 -0.00738159 -0.00712591 -0.00689473 -0.00668586 -0.0064968 -0.00632522 -0.00616889 -0.00602551 -0.00589336 -0.00577059 -0.005656 -0.00554846 -0.00544717 -0.00535167 -0.00526142 -0.00517635 -0.00509613 -0.00502075 -0.00495001 -0.00488384 -0.00482211 -0.00476458 -0.00471119 -0.0046616 -0.00461576 -0.00457329 -0.00453413 -0.00449796 -0.00446469 -0.00443407 -0.00440599 -0.00438029 -0.00435686 -0.0043356 -0.0043164 -0.00429923 -0.00428396 -0.00427063 -0.00425911 -0.00424945 -0.00424153 -0.00423544 -0.00423105 -0.00422846 -0.00422756 -0.00422846 -0.00423105 -0.00423544 -0.00424153 -0.00424945 -0.00425911 -0.00427063 -0.00428396 -0.00429923 -0.0043164 -0.0043356 -0.00435686 -0.00438029 -0.00440599 -0.00443407 -0.00446469 -0.00449796 -0.00453413 -0.00457329 -0.00461576 -0.0046616 -0.00471119 -0.00476458 -0.00482211 -0.00488384 -0.00495001 -0.00502075 -0.00509613 -0.00517635 -0.00526142 -0.00535167 -0.00544717 -0.00554846 -0.005656 -0.00577059 -0.00589336 -0.00602551 -0.00616889 -0.00632522 -0.0064968 -0.00668586 -0.00689473 -0.00712591 -0.00738159 -0.00766441 -0.00797679 -0.00832185 -0.00870339 -0.00912596 -0.00959588 -0.0101203 -0.010708 -0.0113686 -0.0121118 -0.0129475 -0.0138842 -0.014929 -0.016088 -0.0173651 -0.018764 -0.0202869 -0.0219343 -0.0237046 -0.0255906 -0.0275776 -0.0296424 -0.0317495 -0.0338538 -0.0359011 -0.0378288 -0.0395692 -0.0410486 -0.0421847 -0.0428888 -0.043065 -0.0426131 -0.0414387 -0.0394593 -0.0366073 -0.032839 -0.0281358 -0.0225034 -0.0159791 -0.00863344 -0.000556481 0.00814539 0.0173429 0.0268831 0.0365814 0.0462171 0.0555742 0.0644988 0.0728843 0.0805935 0.0874411 0.0932727 0.0980256 0.101684 0.104204 
0 0.00672574 0.0131231 0.0188577 0.0236096 0.0271232 0.0292434 0.0298955 0.0290533 0.0267616 0.0231758 0.018524 0.0130214 0.00685738 0.000249059 -0.00654377 -0.0132605 -0.0196731 -0.0256003 -0.0309192 -0.0355534 -0.0394468 -0.0425636 -0.0448973 -0.0464669 -0.0473159 -0.0475126 -0.0471354 -0.0462645 -0.0449835 -0.0433722 -0.0415062 -0.0394596 -0.0372999 -0.0350862 -0.0328708 -0.0306948 -0.0285897 -0.0265802 -0.024682 -0.0229058 -0.0212579 -0.0197395 -0.0183496 -0.0170844 -0.0159375 -0.0149023 -0.0139702 -0.0131328 -0.012382 -0.011709 -0.0111065 -0.0105667 -0.0100826 -0.0096481 -0.00925692 -0.00890417 -0.0085849 -0.00829502 -0.00803119 -0.00779004 -0.00756941 -0.00736682 -0.00718061 -0.00700922 -0.0068511 -0.00670531 -0.00657042 -0.00644571 -0.00633002 -0.00622265 -0.00612278 -0.00602965 -0.00594281 -0.00586147 -0.00578544 -0.00571404 -0.00564718 -0.00558438 -0.00552552 -0.00547033 -0.00541866 -0.0053704 -0.00532532 -0.00528348 -0.00524456 -0.0052087 -0.00517558 -0.00514536 -0.00511772 -0.00509284 -0.00507043 -0.00505063 -0.0050332 -0.00501828 -0.00500565 -0.00499543 -0.00498745 -0.00498182 -0.00497841 -0.00497731 -0.00497841 -0.00498182 -0.00498745 -0.00499543 -0.00500565 -0.00501828 -0.0050332 -0.00505063 -0.00507043 -0.00509284 -0.00511772 -0.00514536 -0.00517558 -0.0052087 -0.00524456 -0.00528348 -0.00532532 -0.0053704 -0.00541866 -0.00547033 -0.00552552 -0.00558438 -0.00564718 -0.00571404 -0.00578544 -0.00586147 -0.00594281 -0.00602965 -0.00612278 -0.00622265 -0.00633002 -0.00644571 -0.00657042 -0.00670531 -0.0068511 -0.00700922 -0.00718061 -0.00736682 -0.00756941 -0.00779004 -0.00803119 -0.00829502 -0.0085849 -0.00890417 -0.00925692 -0.0096481 -0.0100826 -0.0105667 -0.0111065 -0.011709 -0.012382 -0.0131328 -0.0139702 -0.0149023 -0.0159375 -0.0170844 -0.0183496 -0.0197395 -0.0212579 -0.0229058 -0.024682 -0.0265802 -0.0285897 -0.0306948 -0.0328708 -0.0350862 -0.0372999 -0.0394595 -0.0415057 -0.043371 -0.0449803 -0.0462567 -0.0471169 -0.0474719 -0.047231 -0.0462997 -0.0445863 -0.0420163 -0.0385349 -0.0341106 -0.0287419 -0.0224457 -0.0152488 -0.00720098 0.00162091 0.0111154 0.0211437 0.0315314 0.0421001 0.0526748 0.0630598 0.0730503 0.0824689 0.0911517 0.0989149 0.105587 0.111072 0.115322 0.118256 
0 0.0064681 0.0126438 0.0181825 0.0227555 0.0261555 0.0282835 0.0290533 0.0283857 0.0263043 0.0229648 0.0185656 0.0132856 0.00731391 0.000869985 -0.00582453 -0.0125541 -0.0191013 -0.0252739 -0.0309275 -0.035954 -0.0402796 -0.0438725 -0.0467255 -0.0488421 -0.0502453 -0.0509732 -0.0510736 -0.0506136 -0.049673 -0.0483323 -0.0466741 -0.0447749 -0.0426992 -0.0405064 -0.0382489 -0.0359714 -0.0337167 -0.0315204 -0.0294107 -0.0274104 -0.0255323 -0.0237831 -0.0221649 -0.0206738 -0.019306 -0.0180558 -0.0169164 -0.015883 -0.0149485 -0.0141067 -0.0133508 -0.0126727 -0.0120655 -0.0115207 -0.0110309 -0.0105895 -0.0101896 -0.00982651 -0.0094953 -0.00919254 -0.00891534 -0.00866086 -0.00842764 -0.00821326 -0.00801663 -0.00783592 -0.00766977 -0.007517 -0.00737594 -0.00724589 -0.0071252 -0.00701337 -0.00690914 -0.00681197 -0.00672117 -0.00663608 -0.00655649 -0.00648167 -0.00641176 -0.00634602 -0.00628472 -0.00622725 -0.00617382 -0.006124 -0.0060779 -0.00603525 -0.00599602 -0.00596012 -0.00592739 -0.00589788 -0.00587131 -0.00584787 -0.0058272 -0.00580956 -0.00579456 -0.00578251 -0.00577301 -0.00576641 -0.0057623 -0.00576106 -0.0057623 -0.00576641 -0.00577301 -0.00578251 -0.00579456 -0.00580956 -0.0058272 -0.00584787 -0.00587131 -0.00589788 -0.00592739 -0.00596012 -0.00599602 -0.00603525 -0.0060779 -0.006124 -0.00617382 -0.00622725 -0.00628472 -0.00634602 -0.00641176 -0.00648167 -0.00655649 -0.00663608 -0.00672117 -0.00681197 -0.00690914 -0.00701337 -0.0071252 -0.00724589 -0.00737594 -0.007517 -0.00766977 -0.00783592 -0.00801663 -0.00821326 -0.00842764 -0.00866086 -0.00891534 -0.00919254 -0.0094953 -0.00982651 -0.0101896 -0.0105895 -0.0110309 -0.0115207 -0.0120655 -0.0126727 -0.0133508 -0.0141067 -0.0149485 -0.015883 -0.0169164 -0.0180558 -0.019306 -0.0206738 -0.0221649 -0.0237831 -0.0255323 -0.0274104 -0.0294107 -0.0315204 -0.0337167 -0.0359714 -0.0382489 -0.0405063 -0.042699 -0.0447746 -0.0466732 -0.0483298 -0.0496665 -0.0505982 -0.0510393 -0.0509007 -0.0501007 -0.0485693 -0.0462389 -0.0430509 -0.0389631 -0.0339439 -0.0279851 -0.0211125 -0.0133646 -0.00478461 0.00456392 0.0145965 0.0252019 0.0362169 0.0474485 0.0587318 0.0699156 0.08079 0.0910946 0.100604 0.109157 0.116608 0.122795 0.127567 0.130806 
0 0.00590082 0.0115177 0.0165494 0.0207348 0.0239045 0.0259456 0.0267616 0.0263043 0.0246034 0.0217309 0.0177875 0.0129447 0.00742852 0.00143485 -0.00488353 -0.0113554 -0.0177834 -0.0239839 -0.0297937 -0.035078 -0.0397579 -0.0437942 -0.0471563 -0.0498304 -0.0518216 -0.053141 -0.0538187 -0.0539079 -0.0534664 -0.052561 -0.0512659 -0.0496487 -0.0477767 -0.0457172 -0.0435269 -0.0412602 -0.038966 -0.036682 -0.0344429 -0.0322757 -0.0301993 -0.0282313 -0.0263813 -0.0246554 -0.0230578 -0.021586 -0.0202373 -0.0190062 -0.0178844 -0.0168657 -0.0159407 -0.0151023 -0.0143436 -0.0136565 -0.0130362 -0.0124756 -0.0119696 -0.011513 -0.0111 -0.0107267 -0.0103876 -0.0100793 -0.00979775 -0.00953945 -0.00930223 -0.00908278 -0.00888015 -0.0086918 -0.00851706 -0.00835456 -0.00820328 -0.00806288 -0.00793198 -0.00781078 -0.00769781 -0.00759335 -0.00749616 -0.00740627 -0.00732289 -0.00724565 -0.00717428 -0.00710806 -0.00704715 -0.0069906 -0.00693887 -0.00689093 -0.00684738 -0.00680725 -0.00677113 -0.00673818 -0.00670895 -0.00668275 -0.00666002 -0.00664024 -0.00662377 -0.00661019 -0.00659979 -0.00659227 -0.00658786 -0.00658632 -0.00658786 -0.00659227 -0.00659979 -0.00661019 -0.00662377 -0.00664024 -0.00666002 -0.00668275 -0.00670895 -0.00673818 -0.00677113 -0.00680725 -0.00684738 -0.00689093 -0.00693887 -0.0069906 -0.00704715 -0.00710806 -0.00717428 -0.00724565 -0.00732289 -0.00740627 -0.00749616 -0.00759335 -0.00769781 -0.00781078 -0.00793198 -0.00806288 -0.00820328 -0.00835456 -0.00851706 -0.0086918 -0.00888015 -0.00908278 -0.00930223 -0.00953945 -0.00979775 -0.0100793 -0.0103876 -0.0107267 -0.0111 -0.011513 -0.0119696 -0.0124756 -0.0130362 -0.0136565 -0.0143436 -0.0151023 -0.0159407 -0.0168657 -0.0178844 -0.0190062 -0.0202373 -0.021586 -0.0230578 -0.0246554 -0.0263813 -0.0282313 -0.0301993 -0.0322757 -0.0344429 -0.036682 -0.038966 -0.0412601 -0.0435268 -0.0457171 -0.0477764 -0.0496479 -0.0512638 -0.0525557 -0.0534538 -0.0538793 -0.0537576 -0.0530173 -0.051585 -0.0494024 -0.0464235 -0.042604 -0.0379178 -0.0323549 -0.0259075 -0.0185891 -0.0104391 -0.0014937 0.00820233 0.0185705 0.0295153 0.0409225 0.0526264 0.0644366 0.0761882 0.0876984 0.0987042 0.108927 0.118171 0.126284 0.133058 0.138254 0.141726 
0 0.00502838 0.00978417 0.0140569 0.0176855 0.0205056 0.0223604 0.0231758 0.0229648 0.0217309 0.019443 0.0161437 0.011998 0.00718892 0.00184754 -0.0038924 -0.00986708 -0.0159225 -0.0219094 -0.0276667 -0.0330634 -0.0380103 -0.0424249 -0.0462454 -0.0494483 -0.0520199 -0.053957 -0.0552819 -0.0560184 -0.0561939 -0.0558571 -0.0550606 -0.0538626 -0.0523356 -0.0505458 -0.0485544 -0.0464234 -0.0441996 -0.0419257 -0.0396427 -0.0373799 -0.0351679 -0.0330324 -0.0309902 -0.029059 -0.0272466 -0.0255566 -0.023992 -0.0225471 -0.0212191 -0.0200019 -0.0188874 -0.0178714 -0.0169451 -0.0161032 -0.0153396 -0.0146466 -0.0140201 -0.0134521 -0.0129382 -0.0124724 -0.012049 -0.0116647 -0.0113134 -0.0109931 -0.0106992 -0.0104294 -0.0101814 -0.00995224 -0.00974135 -0.00954556 -0.00936506 -0.00919727 -0.00904203 -0.00889793 -0.00876401 -0.00864007 -0.00852441 -0.00841767 -0.00831787 -0.00822593 -0.00814002 -0.00806096 -0.00798736 -0.00791967 -0.0078571 -0.00779961 -0.007747 -0.00769882 -0.00765535 -0.00761578 -0.00758077 -0.00754929 -0.00752225 -0.00749845 -0.00747898 -0.00746259 -0.00745044 -0.00744125 -0.00743625 -0.00743417 -0.00743625 -0.00744125 -0.00745044 -0.00746259 -0.00747898 -0.00749845 -0.00752225 -0.00754929 -0.00758077 -0.00761578 -0.00765535 -0.00769882 -0.007747 -0.00779961 -0.0078571 -0.00791967 -0.00798736 -0.00806096 -0.00814002 -0.00822593 -0.00831787 -0.00841767 -0.00852441 -0.00864007 -0.00876401 -0.00889793 -0.00904203 -0.00919727 -0.00936506 -0.00954556 -0.00974135 -0.00995224 -0.0101814 -0.0104294 -0.0106992 -0.0109931 -0.0113134 -0.0116647 -0.012049 -0.0124724 -0.0129382 -0.0134521 -0.0140201 -0.0146466 -0.0153396 -0.0161032 -0.0169451 -0.0178714 -0.0188874 -0.0200019 -0.0212191 -0.0225471 -0.023992 -0.0255566 -0.0272466 -0.029059 -0.0309902 -0.0330324 -0.0351679 -0.0373799 -0.0396427 -0.0419257 -0.0441996 -0.0464234 -0.0485544 -0.0505456 -0.052335 -0.0538609 -0.0550564 -0.0558468 -0.0561704 -0.0559675 -0.0551774 -0.0537541 -0.0516474 -0.0488013 -0.0451796 -0.0407553 -0.0355101 -0.0294597 -0.0226256 -0.0150075 -0.00661413 0.002535 0.0124208 0.0229802 0.034099 0.045677 0.0576227 0.0697761 0.0819191 0.0938427 0.105331 0.116121 0.125945 0.134567 0.141749 0.147255 0.150926 
0 0.00387344 0.00753686 0.0108698 0.0137779 0.0161069 0.0177053 0.018524 0.0185656 0.0177875 0.0161437 0.0136676 0.0104325 0.00650193 0.00198145 -0.0029732 -0.00823847 -0.013722 -0.0192939 -0.0248106 -0.0301571 -0.0352145 -0.0398709 -0.0440653 -0.0477541 -0.0508902 -0.0534575 -0.0554506 -0.0568598 -0.0577048 -0.0580188 -0.0578325 -0.0571986 -0.0561727 -0.0548032 -0.0531529 -0.051279 -0.0492315 -0.0470691 -0.0448364 -0.0425729 -0.0403192 -0.0380992 -0.0359377 -0.0338554 -0.0318619 -0.0299727 -0.0281935 -0.0265283 -0.0249828 -0.0235523 -0.022237 -0.0210312 -0.0199269 -0.0189202 -0.018 -0.0171612 -0.0163961 -0.015697 -0.0150606 -0.0144786 -0.0139491 -0.0134659 -0.0130254 -0.0126249 -0.0122587 -0.0119262 -0.0116213 -0.0113435 -0.0110885 -0.0108542 -0.010639 -0.0104394 -0.0102559 -0.0100845 -0.00992648 -0.00977851 -0.00964148 -0.00951348 -0.00939436 -0.00928377 -0.00918041 -0.00908524 -0.00899611 -0.00891474 -0.00883863 -0.00876977 -0.00870564 -0.00864821 -0.0085952 -0.00854828 -0.00850562 -0.00846852 -0.00843557 -0.00840771 -0.00838395 -0.00836493 -0.00834998 -0.00833953 -0.00833313 -0.0083311 -0.00833313 -0.00833953 -0.00834998 -0.00836493 -0.00838395 -0.00840771 -0.00843557 -0.00846852 -0.00850562 -0.00854828 -0.0085952 -0.00864821 -0.00870564 -0.00876977 -0.00883863 -0.00891474 -0.00899611 -0.00908524 -0.00918041 -0.00928377 -0.00939436 -0.00951348 -0.00964148 -0.00977851 -0.00992648 -0.0100845 -0.0102559 -0.0104394 -0.010639 -0.0108542 -0.0110885 -0.0113435 -0.0116213 -0.0119262 -0.0122587 -0.0126249 -0.0130254 -0.0134659 -0.0139491 -0.0144786 -0.0150606 -0.015697 -0.0163961 -0.0171612 -0.018 -0.0189202 -0.0199269 -0.0210312 -0.022237 -0.0235523 -0.0249828 -0.0265283 -0.0281935 -0.0299727 -0.0318619 -0.0338554 -0.0359377 -0.0380992 -0.0403192 -0.0425729 -0.0448364 -0.0470691 -0.0492315 -0.051279 -0.0531528 -0.0548027 -0.0561714 -0.0571952 -0.0578243 -0.0579998 -0.0576629 -0.0567725 -0.0552786 -0.053137 -0.050325 -0.0468092 -0.0425643 -0.0375943 -0.0318976 -0.0254771 -0.0183622 -0.0105554 -0.0020306 0.00720797 0.017136 0.0277223 0.0388797 0.0504909 0.062483 0.0747656 0.0871286 0.0993049 0.111076 0.122223 0.132443 0.141396 0.148817 0.154519 0.158345 
0 0.00250324 0.00491573 0.00717371 0.0092053 0.0109116 0.0122056 0.0130214 0.0132856 0.0129447 0.011998 0.0104325 0.00818653 0.00525647 0.00175015 -0.00223063 -0.00664169 -0.0114031 -0.0163902 -0.0214982 -0.0266107 -0.0315885 -0.03634 -0.0408008 -0.0448819 -0.0485188 -0.0516757 -0.0543045 -0.0563862 -0.0579345 -0.0589501 -0.0594528 -0.0594816 -0.0590605 -0.0582335 -0.0570573 -0.055575 -0.0538479 -0.0519337 -0.0498745 -0.0477246 -0.0455215 -0.0432962 -0.0410863 -0.038911 -0.0367938 -0.034756 -0.0328049 -0.0309572 -0.0292162 -0.0275844 -0.0260672 -0.0246568 -0.0233551 -0.0221557 -0.0210516 -0.0200415 -0.0191139 -0.0182675 -0.0174933 -0.0167857 -0.0161415 -0.0155508 -0.0150137 -0.0145211 -0.0140714 -0.0136599 -0.0132818 -0.0129367 -0.0126179 -0.012327 -0.0120576 -0.0118109 -0.011583 -0.0113728 -0.0111796 -0.011 -0.0108358 -0.0106822 -0.0105423 -0.0104111 -0.0102915 -0.0101799 -0.0100778 -0.00998323 -0.00989646 -0.00981703 -0.00974391 -0.00967806 -0.00961737 -0.00956388 -0.00951472 -0.00947263 -0.00943432 -0.00940295 -0.009375 -0.00935384 -0.00933589 -0.00932464 -0.00931647 -0.00931494 -0.00931647 -0.00932464 -0.00933589 -0.00935384 -0.009375 -0.00940295 -0.00943432 -0.00947263 -0.00951472 -0.00956388 -0.00961737 -0.00967806 -0.00974391 -0.00981703 -0.00989646 -0.00998323 -0.0100778 -0.0101799 -0.0102915 -0.0104111 -0.0105423 -0.0106822 -0.0108358 -0.011 -0.0111796 -0.0113728 -0.011583 -0.0118109 -0.0120576 -0.012327 -0.0126179 -0.0129367 -0.0132818 -0.0136599 -0.0140714 -0.0145211 -0.0150137 -0.0155508 -0.0161415 -0.0167857 -0.0174933 -0.0182675 -0.0191139 -0.0200415 -0.0210516 -0.0221557 -0.0233551 -0.0246568 -0.0260672 -0.0275844 -0.0292162 -0.0309572 -0.0328049 -0.034756 -0.0367938 -0.038911 -0.0410863 -0.0432962 -0.0455215 -0.0477246 -0.0498745 -0.0519337 -0.0538479 -0.0555749 -0.0570569 -0.0582325 -0.0590579 -0.0594751 -0.0594375 -0.058916 -0.0578625 -0.0562422 -0.0540319 -0.0511874 -0.0476899 -0.0435453 -0.038746 -0.0333107 -0.0272734 -0.0206222 -0.0133397 -0.00542676 0.00314614 0.012394 0.0222669 0.0327258 0.0437622 0.0553101 0.067255 0.0794933 0.0918711 0.104135 0.11602 0.127291 0.13765 0.146738 0.154263 0.160053 0.163943 
0 0.00101765 0.00207542 0.00314969 0.00418998 0.0051814 0.00610412 0.00685738 0.00731391 0.00742852 0.00718892 0.00650193 0.00525647 0.00344049 0.00107885 -0.00184099 -0.00528777 -0.00916661 -0.0134118 -0.0179558 -0.0226639 -0.0274155 -0.0321312 -0.036698 -0.0410141 -0.0450302 -0.0486754 -0.0518815 -0.0546279 -0.0568799 -0.0586088 -0.0598333 -0.0605596 -0.0608041 -0.0606173 -0.0600281 -0.059076 -0.0578189 -0.0562897 -0.05454 -0.0526239 -0.050575 -0.0484473 -0.0462782 -0.0440949 -0.0419372 -0.0398184 -0.0377595 -0.0357786 -0.0338768 -0.0320718 -0.0303634 -0.0287552 -0.0272548 -0.0258536 -0.0245584 -0.0233612 -0.0222578 -0.0212473 -0.0203163 -0.0194667 -0.0186857 -0.0179705 -0.0173159 -0.0167128 -0.0161627 -0.0156541 -0.0151899 -0.0147616 -0.0143686 -0.0140083 -0.0136753 -0.013372 -0.0130901 -0.012834 -0.0125957 -0.0123786 -0.0121775 -0.0119927 -0.011823 -0.0116655 -0.0115222 -0.011388 -0.0112671 -0.0111532 -0.0110516 -0.0109557 -0.0108708 -0.0107912 -0.0107213 -0.0106564 -0.0106001 -0.010549 -0.0105054 -0.0104671 -0.0104356 -0.0104095 -0.0103896 -0.0103753 -0.0103668 -0.0103639 -0.0103668 -0.0103753 -0.0103896 -0.0104095 -0.0104356 -0.0104671 -0.0105054 -0.010549 -0.0106001 -0.0106564 -0.0107213 -0.0107912 -0.0108708 -0.0109557 -0.0110516 -0.0111532 -0.0112671 -0.011388 -0.0115222 -0.0116655 -0.011823 -0.0119927 -0.0121775 -0.0123786 -0.0125957 -0.012834 -0.0130901 -0.013372 -0.0136753 -0.0140083 -0.0143686 -0.0147616 -0.0151899 -0.0156541 -0.0161627 -0.0167128 -0.0173159 -0.0179705 -0.0186857 -0.0194667 -0.0203163 -0.0212473 -0.0222578 -0.0233612 -0.0245584 -0.0258536 -0.0272548 -0.0287552 -0.0303634 -0.0320718 -0.0338768 -0.0357786 -0.0377595 -0.0398184 -0.0419372 -0.0440949 -0.0462782 -0.0484473 -0.050575 -0.0526239 -0.05454 -0.0562897 -0.0578188 -0.0590757 -0.0600274 -0.0606153 -0.0607991 -0.0605476 -0.0598059 -0.0585502 -0.0567607 -0.0543988 -0.0514644 -0.0479559 -0.043852 -0.0391766 -0.0339541 -0.0281814 -0.0218894 -0.0150901 -0.0077297 0.000220547 0.00875882 0.017908 0.0276511 0.0379272 0.0487399 0.0601095 0.0719322 0.0840261 0.0962364 0.108382 0.120194 0.131369 0.141614 0.150628 0.158125 0.163886 0.167726 
0 -0.000487069 -0.000840734 -0.00102405 -0.00102988 -0.000809092 -0.000350608 0.000249059 0.000869985 0.00143485 0.00184754 0.00198145 0.00175015 0.00107885 -0.000143787 -0.00196471 -0.00432498 -0.00719536 -0.0105857 -0.0144189 -0.018577 -0.022977 -0.0274938 -0.0319865 -0.0363929 -0.0406452 -0.044641 -0.0483297 -0.0516559 -0.0545378 -0.0569567 -0.0589009 -0.0603437 -0.0613144 -0.0618317 -0.0619021 -0.0615769 -0.0608835 -0.0598523 -0.0585461 -0.0569949 -0.0552462 -0.0533559 -0.0513473 -0.0492714 -0.04716 -0.0450331 -0.0429318 -0.0408644 -0.0388538 -0.0369194 -0.0350594 -0.0332956 -0.0316227 -0.030046 -0.0285714 -0.0271871 -0.0259038 -0.0247082 -0.0236017 -0.0225819 -0.0216369 -0.0207729 -0.0199736 -0.0192433 -0.0185719 -0.0179548 -0.017392 -0.0168708 -0.0163973 -0.0159573 -0.0155565 -0.0151852 -0.0148436 -0.0145299 -0.0142378 -0.0139721 -0.0137224 -0.0134966 -0.0132838 -0.0130917 -0.0129112 -0.0127477 -0.0125958 -0.0124571 -0.0123303 -0.0122134 -0.0121089 -0.0120116 -0.0119268 -0.0118473 -0.0117802 -0.0117171 -0.0116662 -0.0116185 -0.0115826 -0.0115494 -0.0115277 -0.0115084 -0.0115005 -0.0114949 -0.0115005 -0.0115084 -0.0115277 -0.0115494 -0.0115826 -0.0116185 -0.0116662 -0.0117171 -0.0117802 -0.0118473 -0.0119268 -0.0120116 -0.0121089 -0.0122134 -0.0123303 -0.0124571 -0.0125958 -0.0127477 -0.0129112 -0.0130917 -0.0132838 -0.0134966 -0.0137224 -0.0139721 -0.0142378 -0.0145299 -0.0148436 -0.0151852 -0.0155565 -0.0159573 -0.0163973 -0.0168708 -0.017392 -0.0179548 -0.0185719 -0.0192433 -0.0199736 -0.0207729 -0.0216369 -0.0225819 -0.0236017 -0.0247082 -0.0259038 -0.0271871 -0.0285714 -0.030046 -0.0316227 -0.0332956 -0.0350594 -0.0369194 -0.0388538 -0.0408644 -0.0429318 -0.0450331 -0.04716 -0.0492714 -0.0513473 -0.0533559 -0.0552462 -0.0569949 -0.0585461 -0.0598522 -0.0608833 -0.0615763 -0.0619006 -0.0618279 -0.061305 -0.0603221 -0.0588537 -0.0568594 -0.0543475 -0.0513037 -0.0477121 -0.0436133 -0.0390178 -0.0339293 -0.0283988 -0.0224283 -0.0159874 -0.00909056 -0.00171339 0.00620512 0.0146538 0.0236164 0.0331375 0.04322 0.0538221 0.0649379 0.0765114 0.088357 0.100275 0.112108 0.123624 0.134494 0.144418 0.153159 0.160465 0.166059 0.169741 
0 -0.00194394 -0.00371056 -0.00517159 -0.00622969 -0.00681088 -0.00690056 -0.00654377 -0.00582453 -0.00488353 -0.0038924 -0.0029732 -0.00223063 -0.00184099 -0.00196471 -0.00263361 -0.00385766 -0.00569814 -0.00814645 -0.0111275 -0.0146044 -0.0184937 -0.0226338 -0.0269267 -0.0313005 -0.035624 -0.0398191 -0.0438412 -0.0475859 -0.0509946 -0.0540437 -0.0566591 -0.0588194 -0.0605315 -0.0617626 -0.0625397 -0.0628962 -0.0628336 -0.0624094 -0.0616563 -0.0605939 -0.0592864 -0.0577548 -0.0560378 -0.054192 -0.0522317 -0.0502102 -0.0481579 -0.0460907 -0.0440538 -0.0420478 -0.0400973 -0.0382184 -0.036405 -0.0346832 -0.0330405 -0.0314882 -0.0300302 -0.0286546 -0.0273779 -0.0261807 -0.025073 -0.0240463 -0.0230931 -0.0222198 -0.0214063 -0.0206645 -0.0199754 -0.0193441 -0.0187629 -0.0182248 -0.0177345 -0.0172761 -0.0168612 -0.0164718 -0.0161188 -0.0157893 -0.0154878 -0.0152099 -0.014952 -0.0147182 -0.0144981 -0.0143017 -0.0141149 -0.0139503 -0.0137932 -0.013656 -0.0135255 -0.0134122 -0.0133057 -0.0132137 -0.013129 -0.0130564 -0.0129917 -0.0129371 -0.012891 -0.0128535 -0.0128249 -0.0128039 -0.0127921 -0.0127875 -0.0127921 -0.0128039 -0.0128249 -0.0128535 -0.012891 -0.0129371 -0.0129917 -0.0130564 -0.013129 -0.0132137 -0.0133057 -0.0134122 -0.0135255 -0.013656 -0.0137932 -0.0139503 -0.0141149 -0.0143017 -0.0144981 -0.0147182 -0.014952 -0.0152099 -0.0154878 -0.0157893 -0.0161188 -0.0164718 -0.0168612 -0.0172761 -0.0177345 -0.0182248 -0.0187629 -0.0193441 -0.0199754 -0.0206645 -0.0214063 -0.0222198 -0.0230931 -0.0240463 -0.025073 -0.0261807 -0.0273779 -0.0286546 -0.0300302 -0.0314882 -0.0330405 -0.0346832 -0.036405 -0.0382184 -0.0400973 -0.0420478 -0.0440538 -0.0460907 -0.0481579 -0.0502102 -0.0522317 -0.054192 -0.0560378 -0.0577548 -0.0592864 -0.0605939 -0.0616562 -0.0624092 -0.0628332 -0.0628951 -0.0625368 -0.0617553 -0.0605146 -0.058782 -0.0565806 -0.0538877 -0.0507009 -0.0470619 -0.0429545 -0.0383923 -0.0334323 -0.0280682 -0.0223164 -0.0162231 -0.00974269 -0.00282621 0.00451628 0.0123251 0.0206392 0.0294232 0.0386981 0.0485468 0.0589494 0.0698009 0.0810151 0.0924724 0.103983 0.115351 0.12636 0.136722 0.146155 0.154445 0.161365 0.166645 0.170086 
0 -0.0033158 -0.00643375 -0.00912956 -0.0112162 -0.0126119 -0.0132977 -0.0132605 -0.0125541 -0.0113554 -0.00986708 -0.00823847 -0.00664169 -0.00528777 -0.00432498 -0.00385766 -0.00400748 -0.00481724 -0.00624132 -0.00829134 -0.010978 -0.0141897 -0.0178185 -0.0217928 -0.0259588 -0.03019 -0.0344483 -0.0386331 -0.0426491 -0.046473 -0.0500143 -0.0531941 -0.0560085 -0.0583968 -0.0603331 -0.0618496 -0.0629172 -0.0635576 -0.0638148 -0.0636779 -0.0632021 -0.0624237 -0.0613528 -0.0600606 -0.058564 -0.0568975 -0.0551196 -0.0532323 -0.0512897 -0.0493148 -0.0473182 -0.0453493 -0.0433998 -0.0415028 -0.0396704 -0.0378975 -0.0362157 -0.034604 -0.0330831 -0.0316481 -0.0302907 -0.029028 -0.0278338 -0.0267288 -0.0256927 -0.0247301 -0.0238405 -0.0230077 -0.0222477 -0.0215342 -0.0208852 -0.0202796 -0.019725 -0.0192144 -0.0187403 -0.0183107 -0.0179062 -0.0175439 -0.0172003 -0.0168936 -0.0166032 -0.0163425 -0.0160986 -0.0158768 -0.0156735 -0.0154853 -0.0153174 -0.0151592 -0.0150222 -0.0148911 -0.0147816 -0.0146754 -0.0145907 -0.0145078 -0.0144458 -0.0143848 -0.0143441 -0.0143041 -0.0142839 -0.0142641 -0.0142639 -0.0142641 -0.0142839 -0.0143041 -0.0143441 -0.0143848 -0.0144458 -0.0145078 -0.0145907 -0.0146754 -0.0147816 -0.0148911 -0.0150222 -0.0151592 -0.0153174 -0.0154853 -0.0156735 -0.0158768 -0.0160986 -0.0163425 -0.0166032 -0.0168936 -0.0172003 -0.0175439 -0.0179062 -0.0183107 -0.0187403 -0.0192144 -0.019725 -0.0202796 -0.0208852 -0.0215342 -0.0222477 -0.0230077 -0.0238405 -0.0247301 -0.0256927 -0.0267288 -0.0278338 -0.029028 -0.0302907 -0.0316481 -0.0330831 -0.034604 -0.0362157 -0.0378975 -0.0396704 -0.0415028 -0.0433998 -0.0453493 -0.0473182 -0.0493148 -0.0512897 -0.0532323 -0.0551196 -0.0568975 -0.058564 -0.0600606 -0.0613528 -0.0624237 -0.063202 -0.0636778 -0.0638145 -0.0635568 -0.062915 -0.0618441 -0.0603201 -0.0583675 -0.055946 -0.0530678 -0.0497722 -0.0460338 -0.0418928 -0.0373956 -0.0325176 -0.0273033 -0.0217945 -0.0159517 -0.0097928 -0.00333093 0.00351836 0.0107856 0.0184531 0.026581 0.0352096 0.044316 0.0539309 0.0640715 0.0746188 0.085422 0.0963823 0.107357 0.118124 0.128457 0.138131 0.146915 0.154585 0.160934 0.165755 0.168892 
0 -0.00457905 -0.00892889 -0.0127609 -0.0158323 -0.0180379 -0.0193327 -0.0196731 -0.0191013 -0.0177834 -0.0159225 -0.013722 -0.0114031 -0.00916661 -0.00719536 -0.00569814 -0.00481724 -0.00456426 -0.0049649 -0.00608584 -0.00789166 -0.0103115 -0.0133195 -0.0167937 -0.0205703 -0.0245926 -0.0287673 -0.0329558 -0.037122 -0.0411934 -0.0450503 -0.0486765 -0.0520165 -0.054985 -0.057596 -0.0598074 -0.0615775 -0.0629511 -0.0639004 -0.0644389 -0.064626 -0.0644448 -0.0639513 -0.0631858 -0.0621452 -0.0609044 -0.0594704 -0.0578731 -0.0561732 -0.054362 -0.052501 -0.0506059 -0.0486868 -0.0467965 -0.0449153 -0.0430864 -0.0413105 -0.0395866 -0.0379479 -0.0363648 -0.0348723 -0.0334514 -0.0321073 -0.0308513 -0.0296574 -0.0285554 -0.027511 -0.0265468 -0.0256451 -0.0248042 -0.0240315 -0.0233023 -0.0226413 -0.0220143 -0.0214476 -0.0209132 -0.0204261 -0.0199741 -0.0195551 -0.0191747 -0.0188153 -0.0184961 -0.0181897 -0.0179223 -0.0176637 -0.0174404 -0.0172246 -0.0170393 -0.0168623 -0.0167103 -0.0165683 -0.0164461 -0.0163359 -0.0162412 -0.0161601 -0.0160911 -0.016037 -0.0159927 -0.0159642 -0.015944 -0.0159401 -0.015944 -0.0159642 -0.0159927 -0.016037 -0.0160911 -0.0161601 -0.0162412 -0.0163359 -0.0164461 -0.0165683 -0.0167103 -0.0168623 -0.0170393 -0.0172246 -0.0174404 -0.0176637 -0.0179223 -0.0181897 -0.0184961 -0.0188153 -0.0191747 -0.0195551 -0.0199741 -0.0204261 -0.0209132 -0.0214476 -0.0220143 -0.0226413 -0.0233023 -0.0240315 -0.0248042 -0.0256451 -0.0265468 -0.027511 -0.0285554 -0.0296574 -0.0308513 -0.0321073 -0.0334514 -0.0348723 -0.0363648 -0.0379479 -0.0395866 -0.0413105 -0.0430864 -0.0449153 -0.0467965 -0.0486868 -0.0506059 -0.052501 -0.054362 -0.0561732 -0.0578731 -0.0594704 -0.0609044 -0.0621452 -0.0631858 -0.0639513 -0.0644448 -0.064626 -0.0644387 -0.0638998 -0.0629495 -0.0615734 -0.0597975 -0.0575734 -0.0549359 -0.0519156 -0.0484796 -0.0446865 -0.0405559 -0.0360606 -0.0312725 -0.0262131 -0.0208617 -0.0152853 -0.0094782 -0.00336454 0.00304798 0.00978799 0.0169426 0.0245046 0.0324702 0.0409279 0.0499036 0.0593351 0.0691725 0.0793328 0.0896748 0.100078 0.110406 0.120441 0.129958 0.138796 0.146774 0.153671 0.1593 0.16355 0.166321 
