0 0 0 0 0 0 0 0 0 0 0 0 0 0 0 0 0 0 0 0 0 0 0 0 0 0 0 0 0 0 0 0 0 0 0 0 0 0 0 0 0 0 0 0 0 0 0 0 0 0 0 0 0 0 0 0 0 0 0 0 0 0 0 0 0 0 0 0 0 0 0 0 0 0 0 0 0 0 0 0 0 0 0 0 0 0 0 0 0 0 0 0 0 0 0 0 0 0 0 0 0 0 0 0 0 0 0 0 0 0 0 0 0 0 0 0 0 0 0 0 0 0 0 0 0 0 0 0 0 0 0 0 0 0 0 0 0 0 0 0 0 0 0 0 0 0 0 0 0 0 0 0 0 0 0 0 0 0 0 0 0 0 0 0 0 0 0 0 0 0 0 0 0 0 0 0 0 0 0 0 0 0 0 0 0 0 0 0 0 0 0 0 0 0 0 0 0 0 0 0 
0 -0.00332857 -0.00651186 -0.00944434 -0.0120455 -0.0142332 -0.0159343 -0.0171093 -0.0177637 -0.0179444 -0.017714 -0.0171168 -0.0161902 -0.0150114 -0.0136951 -0.0123378 -0.0109892 -0.00967019 -0.00839923 -0.00720927 -0.00614445 -0.00523348 -0.00447418 -0.00384436 -0.00331583 -0.0028656 -0.00248394 -0.00216797 -0.0019133 -0.00171327 -0.00155705 -0.00143175 -0.00132813 -0.00123998 -0.00116418 -0.00110077 -0.00104899 -0.00100737 -0.000973837 -0.000944655 -0.000917047 -0.00088911 -0.000859761 -0.000830022 -0.000801031 -0.000774313 -0.00075135 -0.000732258 -0.000717043 -0.000704685 -0.00069382 -0.000683468 -0.000672334 -0.000660112 -0.000646629 -0.000632139 -0.000617436 -0.000602955 -0.000589593 -0.000577684 -0.000567551 -0.000559316 -0.000552652 -0.000547473 -0.000543167 -0.000539497 -0.000535981 -0.000532324 -0.000528375 -0.000523876 -0.000518972 -0.00051351 -0.000507769 -0.000501727 -0.000495631 -0.000489577 -0.000483686 -0.000478124 -0.000472871 -0.00046812 -0.000463744 -0.000459921 -0.000456475 -0.00045354 -0.000450946 -0.000448774 -0.000446889 -0.000445321 -0.000443985 -0.00044287 -0.000441942 -0.000441155 -0.000440524 -0.000439974 -0.000439559 -0.000439186 -0.000438934 -0.000438702 -0.000438583 -0.000438471 -0.000438469 -0.000438471 -0.000438583 -0.000438702 -0.000438934 -0.000439186 -0.000439559 -0.000439974 -0.000440524 -0.000441155 -0.000441942 -0.00044287 -0.000443985 -0.000445321 -0.000446889 -0.000448774 -0.000450946 -0.00045354 -0.000456475 -0.000459921 -0.000463744 -0.00046812 -0.000472871 -0.000478124 -0.000483686 -0.000489577 -0.000495631 -0.000501727 -0.000507769 -0.00051351 -0.000518972 -0.000523876 -0.000528375 -0.000532324 -0.000535981 -0.000539497 -0.000543167 -0.000547473 -0.000552652 -0.000559316 -0.000567551 -0.000577684 -0.000589593 -0.000602955 -0.000617436 -0.000632139 -0.000646629 -0.000660112 -0.000672334 -0.000683468 -0.00069382 -0.000704685 -0.000717043 -0.000732258 -0.00075135 -0.000774313 -0.000801031 -0.000830021 -0.000859757 -0.000889098 -0.000917009 -0.000944541 -0.000973514 -0.0010065 -0.00104682 -0.00109558 -0.00115248 -0.00121508 -0.0012781 -0.00133695 -0.00138778 -0.00142845 -0.00146133 -0.00148989 -0.00151729 -0.00154508 -0.00156617 -0.0015646 -0.00151996 -0.00141142 -0.00123107 -0.00099158 -0.00071274 -0.00040439 -5.60407e-05 0.000358879 0.000848044 0.00137071 0.00186695 0.00231312 0.00273369 0.00315968 0.00357311 0.00390162 0.00410167 0.00423284 0.00438342 0.0045325 0.00458012 0.00451834 
0 -0.00651186 -0.0127801 -0.0185652 -0.0236698 -0.0279621 -0.0313426 -0.0337215 -0.0350683 -0.0354606 -0.0350326 -0.0338943 -0.0321378 -0.0298942 -0.027341 -0.0246558 -0.0219724 -0.0193654 -0.0168753 -0.0145493 -0.0124464 -0.0106114 -0.00905812 -0.00776798 -0.00669859 -0.00580567 -0.00505637 -0.00442761 -0.00390538 -0.00347996 -0.00313914 -0.00287006 -0.0026592 -0.00249162 -0.00235518 -0.00224002 -0.00213838 -0.00204678 -0.00196316 -0.00188685 -0.00181858 -0.00175777 -0.00170401 -0.00165629 -0.00161261 -0.00157189 -0.00153268 -0.00149425 -0.00145682 -0.00142029 -0.00138563 -0.00135329 -0.00132363 -0.00129711 -0.00127322 -0.00125193 -0.00123248 -0.00121428 -0.00119694 -0.00117975 -0.00116276 -0.00114559 -0.00112847 -0.00111153 -0.00109488 -0.00107898 -0.00106379 -0.00104974 -0.00103672 -0.00102492 -0.00101425 -0.00100462 -0.000996034 -0.000988183 -0.000981148 -0.000974562 -0.000968534 -0.000962761 -0.000957321 -0.000952046 -0.00094695 -0.000942013 -0.000937175 -0.000932537 -0.000927976 -0.000923673 -0.000919463 -0.000915564 -0.000911791 -0.000908368 -0.000905109 -0.000902223 -0.000899534 -0.000897228 -0.000895145 -0.000893446 -0.000891988 -0.000890912 -0.000890088 -0.000889642 -0.000889454 -0.000889642 -0.000890088 -0.000890912 -0.000891988 -0.000893446 -0.000895145 -0.000897228 -0.000899534 -0.000902223 -0.000905109 -0.000908368 -0.000911791 -0.000915564 -0.000919463 -0.000923673 -0.000927976 -0.000932537 -0.000937175 -0.000942013 -0.00094695 -0.000952046 -0.000957321 -0.000962761 -0.000968534 -0.000974562 -0.000981148 -0.000988183 -0.000996034 -0.00100462 -0.00101425 -0.00102492 -0.00103672 -0.00104974 -0.00106379 -0.00107898 -0.00109488 -0.00111153 -0.00112847 -0.00114559 -0.00116276 -0.00117975 -0.00119694 -0.00121428 -0.00123248 -0.00125193 -0.00127322 -0.00129711 -0.00132363 -0.00135329 -0.00138563 -0.00142029 -0.00145682 -0.00149425 -0.00153268 -0.00157189 -0.00161261 -0.00165629 -0.001704 -0.00175774 -0.00181847 -0.00188654 -0.00196232 -0.0020446 -0.00213304 -0.0022276 -0.00232788 -0.00243489 -0.00254775 -0.00266328 -0.00277691 -0.00288069 -0.00296775 -0.00303584 -0.00308554 -0.00312025 -0.00313784 -0.00311892 -0.00302916 -0.00282903 -0.00249092 -0.00201973 -0.00144605 -0.000794729 -6.56432e-05 0.000761198 0.00169539 0.00269892 0.00369767 0.00464091 0.00552446 0.00635133 0.00709694 0.00771982 0.00819741 0.00854968 0.00881676 0.00900788 0.00910026 0.00909726 
0 -0.00944434 -0.0185652 -0.0270129 -0.0344822 -0.0407731 -0.0457507 -0.049309 -0.0514158 -0.0521436 -0.0516322 -0.0500507 -0.0475881 -0.0444409 -0.0408161 -0.0369374 -0.0330071 -0.0291635 -0.0254962 -0.0220797 -0.0189773 -0.0162394 -0.0138923 -0.0119203 -0.010276 -0.00890604 -0.00775948 -0.00679793 -0.00599907 -0.00534396 -0.00481459 -0.00439418 -0.00406124 -0.0037952 -0.00357913 -0.00339683 -0.00323824 -0.00309737 -0.00296951 -0.00285423 -0.00275055 -0.00265724 -0.00257423 -0.00249905 -0.00243029 -0.00236657 -0.00230576 -0.00224796 -0.00219231 -0.00213901 -0.00208885 -0.0020415 -0.00199793 -0.0019577 -0.0019207 -0.00188688 -0.00185515 -0.00182567 -0.00179741 -0.0017703 -0.00174411 -0.00171841 -0.00169371 -0.00166949 -0.0016464 -0.00162418 -0.00160312 -0.00158336 -0.00156469 -0.0015475 -0.00153128 -0.00151645 -0.0015025 -0.00148963 -0.00147758 -0.00146627 -0.00145572 -0.00144562 -0.00143625 -0.00142715 -0.00141872 -0.00141051 -0.0014029 -0.00139553 -0.00138869 -0.00138215 -0.00137608 -0.00137038 -0.0013651 -0.00136026 -0.00135578 -0.0013518 -0.00134815 -0.00134504 -0.00134222 -0.00133997 -0.001338 -0.0013366 -0.00133546 -0.00133491 -0.00133462 -0.00133491 -0.00133546 -0.0013366 -0.001338 -0.00133997 -0.00134222 -0.00134504 -0.00134815 -0.0013518 -0.00135578 -0.00136026 -0.0013651 -0.00137038 -0.00137608 -0.00138215 -0.00138869 -0.00139553 -0.0014029 -0.00141051 -0.00141872 -0.00142715 -0.00143625 -0.00144562 -0.00145572 -0.00146627 -0.00147758 -0.00148963 -0.0015025 -0.00151645 -0.00153128 -0.0015475 -0.00156469 -0.00158336 -0.00160312 -0.00162418 -0.0016464 -0.00166949 -0.00169371 -0.00171841 -0.00174411 -0.0017703 -0.00179741 -0.00182567 -0.00185515 -0.00188688 -0.0019207 -0.0019577 -0.00199793 -0.0020415 -0.00208885 -0.00213901 -0.00219231 -0.00224796 -0.00230576 -0.00236657 -0.00243029 -0.00249905 -0.0025742 -0.00265715 -0.0027503 -0.00285354 -0.00296769 -0.00309282 -0.00322749 -0.00337271 -0.0035279 -0.00369216 -0.00386511 -0.004041 -0.00421275 -0.00437238 -0.00450973 -0.00462109 -0.00470625 -0.00476102 -0.00477578 -0.00472335 -0.00455847 -0.00423893 -0.00373747 -0.00304962 -0.00219645 -0.00119878 -6.11987e-05 0.00120792 0.00258589 0.00403943 0.00551825 0.00696336 0.00832394 0.00955071 0.0106072 0.0115057 0.0122749 0.0128826 0.0132726 0.0134833 0.0136266 0.0137313 
0 -0.0120455 -0.0236698 -0.0344822 -0.0441245 -0.0522817 -0.0587396 -0.0634295 -0.0663694 -0.0675881 -0.0671659 -0.0653126 -0.0623208 -0.0584635 -0.0539831 -0.0491189 -0.0440942 -0.0391069 -0.0343261 -0.029871 -0.0258155 -0.0222128 -0.0190835 -0.0164082 -0.0141482 -0.0122514 -0.0106619 -0.00933881 -0.00824792 -0.00735473 -0.00663078 -0.00604567 -0.00556902 -0.00517958 -0.00485785 -0.00458879 -0.00436364 -0.00417145 -0.00400448 -0.00385686 -0.0037212 -0.00359522 -0.00347675 -0.00336459 -0.00326086 -0.00316499 -0.00307804 -0.0030002 -0.00292938 -0.00286548 -0.00280581 -0.00274912 -0.00269469 -0.00264085 -0.00258861 -0.00253729 -0.00248788 -0.00244114 -0.00239694 -0.00235661 -0.00231928 -0.00228561 -0.0022549 -0.00222664 -0.00220079 -0.00217607 -0.00215293 -0.00213014 -0.00210813 -0.00208634 -0.00206484 -0.00204385 -0.00202299 -0.00200305 -0.00198339 -0.00196491 -0.00194701 -0.00193038 -0.00191462 -0.00190002 -0.00188652 -0.00187399 -0.00186266 -0.00185208 -0.00184272 -0.0018339 -0.00182624 -0.00181899 -0.00181278 -0.0018069 -0.00180194 -0.00179726 -0.00179341 -0.00178982 -0.00178696 -0.00178436 -0.00178244 -0.00178079 -0.00177976 -0.00177901 -0.00177887 -0.00177901 -0.00177976 -0.00178079 -0.00178244 -0.00178436 -0.00178696 -0.00178982 -0.00179341 -0.00179726 -0.00180194 -0.0018069 -0.00181278 -0.00181899 -0.00182624 -0.0018339 -0.00184272 -0.00185208 -0.00186266 -0.00187399 -0.00188652 -0.00190002 -0.00191462 -0.00193038 -0.00194701 -0.00196491 -0.00198339 -0.00200305 -0.00202299 -0.00204385 -0.00206484 -0.00208634 -0.00210813 -0.00213014 -0.00215293 -0.00217607 -0.00220079 -0.00222664 -0.0022549 -0.00228561 -0.00231928 -0.00235661 -0.00239694 -0.00244114 -0.00248788 -0.00253729 -0.00258861 -0.00264085 -0.00269469 -0.00274912 -0.00280581 -0.00286548 -0.00292938 -0.0030002 -0.00307804 -0.00316499 -0.00326085 -0.00336457 -0.00347669 -0.00359502 -0.00372066 -0.0038554 -0.00400079 -0.0041626 -0.00434348 -0.00454527 -0.00476884 -0.00500705 -0.00525223 -0.00549446 -0.00572094 -0.00592702 -0.00611038 -0.0062688 -0.00640168 -0.00649217 -0.00650524 -0.00639863 -0.00612383 -0.00564649 -0.00495952 -0.00405985 -0.00294031 -0.00159935 -4.27162e-05 0.00169525 0.00354441 0.00544727 0.00737647 0.00928522 0.0110922 0.0127225 0.0141363 0.0153336 0.0163358 0.0171337 0.0176916 0.0180336 0.018252 0.0183841 
0 -0.0142332 -0.0279621 -0.0407731 -0.0522817 -0.0620987 -0.0699587 -0.0757913 -0.079602 -0.0813906 -0.081243 -0.0793936 -0.076152 -0.0718301 -0.0667178 -0.0610693 -0.0551311 -0.04917 -0.0434178 -0.0380202 -0.0330672 -0.0286146 -0.0246816 -0.0212722 -0.0183703 -0.0159239 -0.0138737 -0.0121654 -0.0107435 -0.00956747 -0.00860515 -0.00781941 -0.00718124 -0.00666294 -0.00623493 -0.00587892 -0.00557744 -0.00531569 -0.00508778 -0.00488473 -0.00470198 -0.00453797 -0.00438723 -0.0042498 -0.00412349 -0.00400557 -0.00389719 -0.00379523 -0.00370016 -0.00361172 -0.003528 -0.00345072 -0.00337771 -0.00330959 -0.00324612 -0.00318572 -0.00312972 -0.00307596 -0.00302537 -0.00297717 -0.00293078 -0.00288716 -0.00284472 -0.002805 -0.00276668 -0.00273057 -0.00269649 -0.00266396 -0.0026339 -0.00260495 -0.00257843 -0.0025529 -0.00252934 -0.00250692 -0.00248581 -0.00246605 -0.00244701 -0.00242948 -0.00241229 -0.00239663 -0.00238118 -0.00236713 -0.00235336 -0.0023408 -0.00232868 -0.00231753 -0.00230703 -0.00229729 -0.00228839 -0.00228005 -0.0022727 -0.00226577 -0.00225994 -0.00225442 -0.00225007 -0.00224596 -0.00224305 -0.00224034 -0.00223885 -0.00223754 -0.00223745 -0.00223754 -0.00223885 -0.00224034 -0.00224305 -0.00224596 -0.00225007 -0.00225442 -0.00225994 -0.00226577 -0.0022727 -0.00228005 -0.00228839 -0.00229729 -0.00230703 -0.00231753 -0.00232868 -0.0023408 -0.00235336 -0.00236713 -0.00238118 -0.00239663 -0.00241229 -0.00242948 -0.00244701 -0.00246605 -0.00248581 -0.00250692 -0.00252934 -0.0025529 -0.00257843 -0.00260495 -0.0026339 -0.00266396 -0.00269649 -0.00273057 -0.00276668 -0.002805 -0.00284472 -0.00288716 -0.00293078 -0.00297717 -0.00302537 -0.00307596 -0.00312972 -0.00318572 -0.00324612 -0.00330959 -0.00337771 -0.00345072 -0.003528 -0.00361172 -0.00370016 -0.00379523 -0.00389719 -0.00400556 -0.00412348 -0.00424975 -0.00438708 -0.00453754 -0.00470083 -0.00488179 -0.00508062 -0.00529918 -0.00554131 -0.00580393 -0.00608736 -0.00638764 -0.0066942 -0.00700154 -0.0072988 -0.00757611 -0.00783192 -0.00805498 -0.00822825 -0.00832663 -0.00830175 -0.00810582 -0.00770586 -0.00707382 -0.00619725 -0.00506485 -0.00364361 -0.00191984 6.84752e-05 0.00225548 0.00456295 0.00692225 0.00930088 0.0116538 0.0138788 0.0158868 0.0176553 0.0191665 0.0203856 0.0213316 0.0220697 0.0226165 0.0229391 0.0230522 
0 -0.0159343 -0.0313426 -0.0457507 -0.0587396 -0.0699587 -0.0791493 -0.0861329 -0.0908164 -0.0932444 -0.0935826 -0.0920367 -0.0888529 -0.0843505 -0.0788547 -0.0726498 -0.0660357 -0.0593251 -0.0527661 -0.0465358 -0.040755 -0.0354808 -0.0307496 -0.0266006 -0.0230316 -0.0200021 -0.0174588 -0.0153257 -0.0135338 -0.0120403 -0.010802 -0.00978362 -0.00895792 -0.00828457 -0.00773117 -0.00727164 -0.00687711 -0.00653508 -0.00623525 -0.00596757 -0.00573249 -0.00552316 -0.00533563 -0.00516876 -0.00501437 -0.00487226 -0.00473901 -0.00461145 -0.00449239 -0.00437846 -0.00427231 -0.0041741 -0.00408218 -0.00399924 -0.00392153 -0.00385037 -0.00378401 -0.00372056 -0.00366135 -0.00360298 -0.00354772 -0.00349357 -0.00344125 -0.00339148 -0.00334286 -0.00329787 -0.00325419 -0.00321415 -0.00317612 -0.00314087 -0.00310832 -0.00307742 -0.00304952 -0.0030224 -0.00299807 -0.00297418 -0.00295246 -0.00293129 -0.00291154 -0.0028927 -0.00287459 -0.00285781 -0.00284126 -0.00282636 -0.00281142 -0.00279831 -0.00278506 -0.00277369 -0.00276222 -0.00275256 -0.00274293 -0.00273498 -0.0027272 -0.00272094 -0.00271501 -0.00271045 -0.00270633 -0.00270348 -0.00270114 -0.0027 -0.00269941 -0.0027 -0.00270114 -0.00270348 -0.00270633 -0.00271045 -0.00271501 -0.00272094 -0.0027272 -0.00273498 -0.00274293 -0.00275256 -0.00276222 -0.00277369 -0.00278506 -0.00279831 -0.00281142 -0.00282636 -0.00284126 -0.00285781 -0.00287459 -0.0028927 -0.00291154 -0.00293129 -0.00295246 -0.00297418 -0.00299807 -0.0030224 -0.00304952 -0.00307742 -0.00310832 -0.00314087 -0.00317612 -0.00321415 -0.00325419 -0.00329787 -0.00334286 -0.00339148 -0.00344125 -0.00349357 -0.00354772 -0.00360298 -0.00366135 -0.00372056 -0.00378401 -0.00385037 -0.00392153 -0.00399924 -0.00408218 -0.0041741 -0.00427231 -0.00437846 -0.00449239 -0.00461145 -0.00473901 -0.00487225 -0.00501434 -0.00516864 -0.0053353 -0.00552226 -0.00573017 -0.00596186 -0.00622192 -0.0065055 -0.00681484 -0.00714731 -0.00749574 -0.00786166 -0.0082367 -0.00861382 -0.00899173 -0.00935519 -0.00969189 -0.00998406 -0.0101899 -0.0102686 -0.0101765 -0.00986561 -0.00931705 -0.00851636 -0.00742603 -0.00601159 -0.00424279 -0.00211225 0.000312079 0.00292916 0.00567743 0.00850552 0.0113409 0.0141082 0.016718 0.0190794 0.0211576 0.0229452 0.0244062 0.0255425 0.0264363 0.0271286 0.0275649 0.0277431 
0 -0.0171093 -0.0337215 -0.049309 -0.0634295 -0.0757913 -0.0861329 -0.0941695 -0.0997599 -0.102993 -0.104029 -0.103011 -0.100154 -0.0957728 -0.0901907 -0.0837338 -0.0767408 -0.0695077 -0.062297 -0.0553537 -0.0488344 -0.0428113 -0.0373475 -0.0324812 -0.0282169 -0.0245554 -0.0214578 -0.0188473 -0.0166611 -0.0148328 -0.0132987 -0.0120242 -0.010968 -0.0100907 -0.00936951 -0.00876909 -0.00826369 -0.00783809 -0.00746712 -0.00714188 -0.0068535 -0.00658942 -0.00635201 -0.00613412 -0.00593391 -0.00575421 -0.00558756 -0.00543732 -0.00529958 -0.00517054 -0.00505273 -0.00493915 -0.00483279 -0.00473132 -0.00463313 -0.00454195 -0.00445327 -0.00437163 -0.00429448 -0.00422229 -0.00415657 -0.00409356 -0.00403695 -0.00398216 -0.00393163 -0.00388338 -0.00383671 -0.00379313 -0.00374939 -0.00370905 -0.00366831 -0.00363049 -0.00359322 -0.00355792 -0.00352451 -0.00349207 -0.00346262 -0.00343347 -0.0034078 -0.00338219 -0.00335995 -0.0033379 -0.00331869 -0.00330005 -0.00328349 -0.00326795 -0.00325374 -0.00324099 -0.00322889 -0.00321862 -0.00320849 -0.00320043 -0.00319218 -0.00318615 -0.00317971 -0.00317557 -0.0031709 -0.00316858 -0.00316565 -0.00316509 -0.00316391 -0.00316509 -0.00316565 -0.00316858 -0.0031709 -0.00317557 -0.00317971 -0.00318615 -0.00319218 -0.00320043 -0.00320849 -0.00321862 -0.00322889 -0.00324099 -0.00325374 -0.00326795 -0.00328349 -0.00330005 -0.00331869 -0.0033379 -0.00335995 -0.00338219 -0.0034078 -0.00343347 -0.00346262 -0.00349207 -0.00352451 -0.00355792 -0.00359322 -0.00363049 -0.00366831 -0.00370905 -0.00374939 -0.00379313 -0.00383671 -0.00388338 -0.00393163 -0.00398216 -0.00403695 -0.00409356 -0.00415657 -0.00422229 -0.00429448 -0.00437163 -0.00445327 -0.00454195 -0.00463313 -0.00473132 -0.00483279 -0.00493915 -0.00505273 -0.00517054 -0.00529958 -0.00543731 -0.00558755 -0.00575418 -0.00593383 -0.00613387 -0.00635132 -0.00658762 -0.00684901 -0.00713125 -0.0074432 -0.00778701 -0.00816021 -0.00857018 -0.00900675 -0.00946257 -0.00993391 -0.010401 -0.0108589 -0.0113003 -0.0116992 -0.0120353 -0.0122629 -0.0123147 -0.0121459 -0.0117124 -0.0109802 -0.00994361 -0.00856886 -0.00680696 -0.00465546 -0.00213742 0.00069906 0.00376188 0.00697585 0.0102816 0.0135594 0.0166835 0.0196083 0.0222982 0.0246751 0.0266954 0.0283752 0.0297279 0.0307653 0.0315308 0.0320723 0.032409 
0 -0.0177637 -0.0350683 -0.0514158 -0.0663694 -0.079602 -0.0908164 -0.0997599 -0.106326 -0.110525 -0.112409 -0.11211 -0.109853 -0.105892 -0.100533 -0.0941492 -0.0870686 -0.079558 -0.0719178 -0.0644283 -0.0572714 -0.0505821 -0.0444473 -0.0388909 -0.0339486 -0.0296497 -0.0259597 -0.0228322 -0.020206 -0.0179883 -0.0161197 -0.014553 -0.0132317 -0.012131 -0.0112176 -0.0104506 -0.00981319 -0.00927258 -0.00880453 -0.00840142 -0.0080398 -0.00771623 -0.00742667 -0.00715889 -0.00691965 -0.00670014 -0.00649856 -0.00631809 -0.00614802 -0.00599409 -0.00585026 -0.00571402 -0.00558952 -0.00546825 -0.0053568 -0.00525034 -0.0051491 -0.0050562 -0.00496536 -0.00488326 -0.00480356 -0.00472963 -0.00466047 -0.00459334 -0.00453268 -0.00447213 -0.0044176 -0.00436369 -0.00431359 -0.00426601 -0.00421969 -0.00417765 -0.00413518 -0.00409768 -0.00405941 -0.00402555 -0.00399168 -0.00396087 -0.00393134 -0.00390327 -0.00387777 -0.00385238 -0.00383049 -0.00380782 -0.00378909 -0.0037692 -0.00375325 -0.00373614 -0.0037227 -0.00370835 -0.00369723 -0.00368556 -0.00367664 -0.00366756 -0.00366078 -0.00365419 -0.00364954 -0.00364534 -0.00364283 -0.00364094 -0.0036406 -0.00364094 -0.00364283 -0.00364534 -0.00364954 -0.00365419 -0.00366078 -0.00366756 -0.00367664 -0.00368556 -0.00369723 -0.00370835 -0.0037227 -0.00373614 -0.00375325 -0.0037692 -0.00378909 -0.00380782 -0.00383049 -0.00385238 -0.00387777 -0.00390327 -0.00393134 -0.00396087 -0.00399168 -0.00402555 -0.00405941 -0.00409768 -0.00413518 -0.00417765 -0.00421969 -0.00426601 -0.00431359 -0.00436369 -0.0044176 -0.00447213 -0.00453268 -0.00459334 -0.00466047 -0.00472963 -0.00480356 -0.00488326 -0.00496536 -0.0050562 -0.0051491 -0.00525034 -0.0053568 -0.00546825 -0.00558952 -0.00571402 -0.00585026 -0.00599409 -0.00614802 -0.00631809 -0.00649854 -0.00670008 -0.00691946 -0.00715837 -0.00742529 -0.00771274 -0.00803142 -0.00838232 -0.00876314 -0.00918746 -0.00964707 -0.0101429 -0.0106766 -0.0112266 -0.0117912 -0.0123585 -0.0129049 -0.013428 -0.0138954 -0.0142577 -0.0144735 -0.0144677 -0.0141791 -0.013584 -0.0126375 -0.0113059 -0.00957714 -0.00741725 -0.00483657 -0.00190572 0.00133712 0.0048546 0.00854474 0.0122892 0.0159603 0.01942 0.0226169 0.025566 0.0282041 0.0304373 0.0322832 0.0338003 0.0349778 0.0358331 0.0364736 0.0369467 
0 -0.0179444 -0.0354606 -0.0521436 -0.0675881 -0.0813906 -0.0932444 -0.102993 -0.110525 -0.115718 -0.118562 -0.119205 -0.117805 -0.114534 -0.109705 -0.103687 -0.0967805 -0.0892818 -0.0814928 -0.073653 -0.0659947 -0.0587355 -0.0519796 -0.0457869 -0.0402283 -0.0353121 -0.0310246 -0.0273541 -0.0242241 -0.0215589 -0.0193116 -0.0174067 -0.0157985 -0.0144573 -0.0133236 -0.0123706 -0.0115688 -0.0108753 -0.0102843 -0.00977153 -0.00931867 -0.00892837 -0.00857668 -0.00826261 -0.00798189 -0.00771791 -0.00748029 -0.00725665 -0.00704774 -0.00685888 -0.00667834 -0.00651744 -0.00636719 -0.00622803 -0.0061034 -0.00598206 -0.0058735 -0.0057672 -0.0056669 -0.00557255 -0.00547817 -0.00539261 -0.00530589 -0.00522708 -0.00515042 -0.00507801 -0.00501208 -0.00494687 -0.00489033 -0.00483313 -0.00478369 -0.00473453 -0.00469008 -0.00464811 -0.00460733 -0.00457114 -0.00453353 -0.00450166 -0.00446725 -0.00443854 -0.00440756 -0.0043813 -0.00435396 -0.00432985 -0.00430623 -0.00428425 -0.00426428 -0.00424457 -0.0042281 -0.00421081 -0.00419765 -0.00418294 -0.0041729 -0.00416084 -0.00415376 -0.00414441 -0.00414016 -0.00413352 -0.00413204 -0.0041281 -0.00412934 -0.0041281 -0.00413204 -0.00413352 -0.00414016 -0.00414441 -0.00415376 -0.00416084 -0.0041729 -0.00418294 -0.00419765 -0.00421081 -0.0042281 -0.00424457 -0.00426428 -0.00428425 -0.00430623 -0.00432985 -0.00435396 -0.0043813 -0.00440756 -0.00443854 -0.00446725 -0.00450166 -0.00453353 -0.00457114 -0.00460733 -0.00464811 -0.00469008 -0.00473453 -0.00478369 -0.00483313 -0.00489033 -0.00494687 -0.00501208 -0.00507801 -0.00515042 -0.00522708 -0.00530589 -0.00539261 -0.00547817 -0.00557255 -0.0056669 -0.0057672 -0.0058735 -0.00598206 -0.0061034 -0.00622803 -0.00636719 -0.00651744 -0.00667834 -0.00685888 -0.00704773 -0.00725664 -0.00748025 -0.00771778 -0.0079815 -0.00826156 -0.008574 -0.00892186 -0.0093036 -0.0097384 -0.0102151 -0.0107382 -0.0113108 -0.0119097 -0.0125408 -0.0131915 -0.0138429 -0.014506 -0.0151541 -0.0157584 -0.016292 -0.0166705 -0.016825 -0.0167056 -0.0162412 -0.01541 -0.0141952 -0.0125292 -0.0103887 -0.0077888 -0.00474238 -0.00132562 0.00237527 0.00633136 0.01045 0.0145594 0.0185454 0.0223318 0.025819 0.0289534 0.0317298 0.0341169 0.0361007 0.0377236 0.0390167 0.0399996 0.0407331 0.0412591 
0 -0.017714 -0.0350326 -0.0516322 -0.0671659 -0.081243 -0.0935826 -0.104029 -0.112409 -0.118562 -0.122473 -0.124209 -0.123837 -0.121522 -0.117539 -0.11216 -0.105696 -0.098486 -0.0907783 -0.0828019 -0.0748572 -0.067177 -0.0599012 -0.0531659 -0.0470316 -0.0415053 -0.0366328 -0.0324007 -0.0287423 -0.0256225 -0.0229618 -0.0206789 -0.0187474 -0.0171045 -0.015706 -0.014536 -0.0135361 -0.0126838 -0.0119604 -0.0113218 -0.0107702 -0.0102836 -0.0098433 -0.00945964 -0.00910668 -0.00878969 -0.00850677 -0.00824011 -0.00800488 -0.00778289 -0.00757765 -0.00739209 -0.00721098 -0.00704998 -0.00689377 -0.00674892 -0.00661646 -0.00648622 -0.00637214 -0.00625842 -0.00615646 -0.00605957 -0.00596609 -0.00588294 -0.00579744 -0.00572324 -0.00564659 -0.00557753 -0.00551014 -0.00544472 -0.00538582 -0.00532458 -0.00527262 -0.00521695 -0.00517027 -0.00512135 -0.00507878 -0.00503701 -0.00499796 -0.00496295 -0.00492734 -0.0048982 -0.00486616 -0.00484187 -0.00481358 -0.0047932 -0.00476877 -0.0047516 -0.00473101 -0.0047166 -0.00469976 -0.00468785 -0.00467459 -0.00466511 -0.00465524 -0.00464819 -0.00464152 -0.00463697 -0.00463333 -0.00463138 -0.00463061 -0.00463138 -0.00463333 -0.00463697 -0.00464152 -0.00464819 -0.00465524 -0.00466511 -0.00467459 -0.00468785 -0.00469976 -0.0047166 -0.00473101 -0.0047516 -0.00476877 -0.0047932 -0.00481358 -0.00484187 -0.00486616 -0.0048982 -0.00492734 -0.00496295 -0.00499796 -0.00503701 -0.00507878 -0.00512135 -0.00517027 -0.00521695 -0.00527262 -0.00532458 -0.00538582 -0.00544472 -0.00551014 -0.00557753 -0.00564659 -0.00572324 -0.00579744 -0.00588294 -0.00596609 -0.00605957 -0.00615646 -0.00625842 -0.00637214 -0.00648622 -0.00661646 -0.00674892 -0.00689377 -0.00704998 -0.00721098 -0.00739209 -0.00757764 -0.00778289 -0.00800487 -0.00824007 -0.00850667 -0.0087894 -0.00910589 -0.00945762 -0.0098383 -0.0102719 -0.0107441 -0.0112663 -0.0118486 -0.0124699 -0.0131477 -0.0138657 -0.0146049 -0.0153781 -0.0161523 -0.0169172 -0.0176664 -0.0183315 -0.0188681 -0.0192098 -0.0192521 -0.018958 -0.0182858 -0.0171691 -0.015595 -0.0135204 -0.0108962 -0.00778254 -0.00424661 -0.000325294 0.00387878 0.00826085 0.0127401 0.0171678 0.021414 0.0254442 0.0291713 0.032452 0.0352716 0.0377114 0.0397859 0.041481 0.0428461 0.0439316 0.0447388 0.0452842 
0 -0.0171168 -0.0338943 -0.0500507 -0.0653126 -0.0793936 -0.0920367 -0.103011 -0.11211 -0.119205 -0.124209 -0.127069 -0.127853 -0.126736 -0.123852 -0.11938 -0.11364 -0.10694 -0.0995151 -0.0916622 -0.0836701 -0.0757444 -0.0681114 -0.0609396 -0.0542751 -0.0481971 -0.0427706 -0.0379692 -0.0337929 -0.0302022 -0.0270893 -0.0244128 -0.022117 -0.0201286 -0.0184434 -0.0170113 -0.0157826 -0.0147516 -0.0138565 -0.0130767 -0.0124044 -0.0117942 -0.01126 -0.0107836 -0.0103478 -0.00997106 -0.00962163 -0.00931028 -0.00903211 -0.00876671 -0.00853441 -0.00830926 -0.00810235 -0.00791279 -0.00772606 -0.00756305 -0.0074008 -0.00725548 -0.00711993 -0.00698853 -0.00687499 -0.00675828 -0.00665842 -0.00655765 -0.00646499 -0.00637896 -0.00629143 -0.00621655 -0.00613548 -0.00606764 -0.00599527 -0.00593167 -0.00586918 -0.00580893 -0.0057559 -0.00569957 -0.00565441 -0.00560319 -0.00556398 -0.00551887 -0.00548397 -0.00544546 -0.00541378 -0.0053818 -0.00535282 -0.00532689 -0.0053005 -0.00527995 -0.00525626 -0.00524043 -0.00521962 -0.00520792 -0.00519016 -0.00518216 -0.00516755 -0.00516298 -0.00515157 -0.00515025 -0.00514204 -0.0051439 -0.00513888 -0.0051439 -0.00514204 -0.00515025 -0.00515157 -0.00516298 -0.00516755 -0.00518216 -0.00519016 -0.00520792 -0.00521962 -0.00524043 -0.00525626 -0.00527995 -0.0053005 -0.00532689 -0.00535282 -0.0053818 -0.00541378 -0.00544546 -0.00548397 -0.00551887 -0.00556398 -0.00560319 -0.00565441 -0.00569957 -0.0057559 -0.00580893 -0.00586918 -0.00593167 -0.00599527 -0.00606764 -0.00613548 -0.00621655 -0.00629143 -0.00637896 -0.00646499 -0.00655765 -0.00665842 -0.00675828 -0.00687499 -0.00698853 -0.00711993 -0.00725548 -0.0074008 -0.00756305 -0.00772606 -0.00791279 -0.00810235 -0.00830926 -0.00853441 -0.0087667 -0.00903208 -0.00931021 -0.00962142 -0.00997048 -0.0103463 -0.0107798 -0.011251 -0.0117737 -0.0123603 -0.0129866 -0.0136813 -0.0144281 -0.015215 -0.0160634 -0.016934 -0.0178274 -0.0187402 -0.0196117 -0.0204283 -0.0211278 -0.021608 -0.0218289 -0.0217089 -0.0211741 -0.0202186 -0.0187649 -0.016738 -0.014147 -0.010983 -0.00729445 -0.00321629 0.00119369 0.00588226 0.0106865 0.0154745 0.0201691 0.0246477 0.0288115 0.0326108 0.0359607 0.0388178 0.0412538 0.0433249 0.0450273 0.0464062 0.0475264 0.0483798 0.0489706 
0 -0.0161902 -0.0321378 -0.0475881 -0.0623208 -0.076152 -0.0888529 -0.100154 -0.109853 -0.117805 -0.123837 -0.127853 -0.129919 -0.130109 -0.128462 -0.125136 -0.120374 -0.114404 -0.107525 -0.100052 -0.0921996 -0.0842234 -0.0764152 -0.0689217 -0.0618564 -0.0553463 -0.0494057 -0.0440643 -0.0393733 -0.0352635 -0.0316874 -0.0286119 -0.0259279 -0.0236044 -0.0216124 -0.0198737 -0.0183907 -0.0171196 -0.0160067 -0.0150627 -0.0142298 -0.0134948 -0.0128604 -0.0122763 -0.0117645 -0.0113023 -0.0108722 -0.0104989 -0.0101437 -0.00982853 -0.00954444 -0.00927384 -0.0090427 -0.00881586 -0.00861508 -0.00842857 -0.00824596 -0.008088 -0.00792367 -0.00778086 -0.00763863 -0.00750418 -0.00738396 -0.00725924 -0.00715606 -0.00704593 -0.00695357 -0.0068611 -0.00677547 -0.0066996 -0.0066198 -0.00655632 -0.00648349 -0.00642742 -0.00636305 -0.0063106 -0.00625539 -0.00620473 -0.00615831 -0.00610934 -0.00607055 -0.00602419 -0.00599158 -0.00594904 -0.00592129 -0.00588357 -0.0058597 -0.00582743 -0.00580682 -0.00578021 -0.00576257 -0.00574151 -0.00572679 -0.005711 -0.00569927 -0.00568838 -0.00567979 -0.00567342 -0.00566818 -0.00566598 -0.00566433 -0.00566598 -0.00566818 -0.00567342 -0.00567979 -0.00568838 -0.00569927 -0.005711 -0.00572679 -0.00574151 -0.00576257 -0.00578021 -0.00580682 -0.00582743 -0.0058597 -0.00588357 -0.00592129 -0.00594904 -0.00599158 -0.00602419 -0.00607055 -0.00610934 -0.00615831 -0.00620473 -0.00625539 -0.0063106 -0.00636305 -0.00642742 -0.00648349 -0.00655632 -0.0066198 -0.0066996 -0.00677547 -0.0068611 -0.00695357 -0.00704593 -0.00715606 -0.00725924 -0.00738396 -0.00750418 -0.00763863 -0.00778086 -0.00792367 -0.008088 -0.00824596 -0.00842857 -0.00861508 -0.00881586 -0.0090427 -0.00927384 -0.00954443 -0.00982851 -0.0101437 -0.0104987 -0.0108718 -0.0113012 -0.0117617 -0.0122695 -0.0128447 -0.0134603 -0.0141581 -0.0149209 -0.0157404 -0.0166443 -0.0175836 -0.0185675 -0.0195908 -0.0205983 -0.0216068 -0.0225649 -0.0233951 -0.0240681 -0.0244654 -0.0244987 -0.0241443 -0.0233054 -0.0219352 -0.0200166 -0.0174556 -0.0142578 -0.0105148 -0.00626314 -0.00160081 0.00333215 0.00846462 0.0136596 0.0187242 0.0235866 0.0281961 0.0324124 0.0361564 0.0394521 0.0423052 0.0447067 0.0466906 0.0483132 0.0496388 0.0507262 0.051595 0.0522532 
0 -0.0150114 -0.0298942 -0.0444409 -0.0584635 -0.0718301 -0.0843505 -0.0957728 -0.105892 -0.114534 -0.121522 -0.126736 -0.130109 -0.131607 -0.13129 -0.129277 -0.125669 -0.120671 -0.114605 -0.107708 -0.100206 -0.0924227 -0.084607 -0.0769405 -0.0696389 -0.0627867 -0.0564107 -0.0506215 -0.0454323 -0.0408166 -0.0367998 -0.0332891 -0.0302067 -0.0275421 -0.0251978 -0.0231494 -0.021392 -0.0198429 -0.0185112 -0.0173617 -0.0163355 -0.0154574 -0.0146686 -0.0139614 -0.0133475 -0.0127721 -0.01227 -0.0118128 -0.0113872 -0.0110214 -0.0106674 -0.0103587 -0.0100743 -0.00980317 -0.00957202 -0.00933776 -0.00913703 -0.00894257 -0.00875846 -0.00859843 -0.0084305 -0.00829237 -0.00814613 -0.00801856 -0.0078965 -0.00777513 -0.00767355 -0.00756056 -0.00747218 -0.00737199 -0.00729021 -0.00720561 -0.0071271 -0.00705768 -0.00698248 -0.00692535 -0.00685542 -0.00680678 -0.00674441 -0.00670092 -0.00664762 -0.00660711 -0.0065633 -0.00652482 -0.00649 -0.00645352 -0.00642667 -0.00639262 -0.00637259 -0.00634157 -0.00632729 -0.00629982 -0.00629048 -0.00626694 -0.006262 -0.00624257 -0.00624172 -0.00622647 -0.00622959 -0.00621845 -0.00622554 -0.00621845 -0.00622959 -0.00622647 -0.00624172 -0.00624257 -0.006262 -0.00626694 -0.00629048 -0.00629982 -0.00632729 -0.00634157 -0.00637259 -0.00639262 -0.00642667 -0.00645352 -0.00649 -0.00652482 -0.0065633 -0.00660711 -0.00664762 -0.00670092 -0.00674441 -0.00680678 -0.00685542 -0.00692535 -0.00698248 -0.00705768 -0.0071271 -0.00720561 -0.00729021 -0.00737199 -0.00747218 -0.00756056 -0.00767355 -0.00777513 -0.0078965 -0.00801856 -0.00814613 -0.00829237 -0.0084305 -0.00859843 -0.00875846 -0.00894257 -0.00913703 -0.00933776 -0.00957202 -0.00980317 -0.0100743 -0.0103587 -0.0106674 -0.0110214 -0.0113871 -0.0118125 -0.0122692 -0.0127701 -0.0133424 -0.0139495 -0.014642 -0.0154011 -0.0162222 -0.0171452 -0.0181179 -0.0191634 -0.0202736 -0.0213908 -0.0225454 -0.023683 -0.024754 -0.0257561 -0.0265694 -0.02712 -0.0273535 -0.0271331 -0.0264231 -0.0251865 -0.0233072 -0.0207775 -0.0175991 -0.0137552 -0.00936945 -0.00454989 0.0006729 0.00615041 0.0116951 0.0171881 0.0224759 0.0274278 0.0320106 0.0361612 0.039802 0.042962 0.045687 0.047958 0.0497967 0.0512948 0.0525221 0.0535249 0.0543629 0.055061 
0 -0.0136951 -0.027341 -0.0408161 -0.0539831 -0.0667178 -0.0788547 -0.0901907 -0.100533 -0.109705 -0.117539 -0.123852 -0.128462 -0.13129 -0.132372 -0.13172 -0.129382 -0.125561 -0.120484 -0.11436 -0.107485 -0.100124 -0.092475 -0.0848287 -0.077412 -0.0703043 -0.0636412 -0.0575056 -0.0518836 -0.0468494 -0.042396 -0.0384329 -0.0349669 -0.0319206 -0.0292151 -0.0268714 -0.0248048 -0.0229853 -0.0214205 -0.0200179 -0.018793 -0.01772 -0.016741 -0.0158986 -0.0151326 -0.0144445 -0.0138494 -0.0132861 -0.0127999 -0.0123497 -0.01193 -0.0115677 -0.0112081 -0.0109 -0.0106064 -0.0103324 -0.0100977 -0.00985758 -0.00966123 -0.00946108 -0.00928373 -0.00912234 -0.00895665 -0.00882276 -0.00867193 -0.00855142 -0.00842109 -0.00830486 -0.00819669 -0.00808334 -0.00799375 -0.00788728 -0.00781 -0.00771561 -0.00764484 -0.00756585 -0.00749817 -0.00743493 -0.00736953 -0.00732002 -0.00725787 -0.00721892 -0.00716168 -0.00713012 -0.00707931 -0.00705263 -0.00700922 -0.00698583 -0.00695017 -0.00692929 -0.00690124 -0.00688268 -0.00686179 -0.00684574 -0.0068314 -0.00681824 -0.00680983 -0.00680001 -0.00679694 -0.00679093 -0.00679265 -0.00679093 -0.00679694 -0.00680001 -0.00680983 -0.00681824 -0.0068314 -0.00684574 -0.00686179 -0.00688268 -0.00690124 -0.00692929 -0.00695017 -0.00698583 -0.00700922 -0.00705263 -0.00707931 -0.00713012 -0.00716168 -0.00721892 -0.00725787 -0.00732002 -0.00736953 -0.00743493 -0.00749817 -0.00756585 -0.00764484 -0.00771561 -0.00781 -0.00788728 -0.00799375 -0.00808334 -0.00819669 -0.00830486 -0.00842109 -0.00855142 -0.00867193 -0.00882276 -0.00895665 -0.00912234 -0.00928373 -0.00946108 -0.00966123 -0.00985758 -0.0100977 -0.0103324 -0.0106064 -0.0109 -0.0112081 -0.0115677 -0.01193 -0.0123496 -0.0127997 -0.0132855 -0.0138479 -0.0144407 -0.0151236 -0.0158782 -0.0166973 -0.0176306 -0.0186191 -0.0196965 -0.0208551 -0.0220384 -0.0232909 -0.0245532 -0.0257974 -0.0270391 -0.0281664 -0.0291368 -0.0298797 -0.0302341 -0.0301611 -0.0295866 -0.0284015 -0.0266118 -0.024146 -0.0209295 -0.0170432 -0.0125376 -0.00747285 -0.00201393 0.00373876 0.00967894 0.015572 0.0212474 0.0266346 0.0316162 0.0360887 0.0400393 0.0434801 0.0464296 0.0489098 0.0509358 0.0525722 0.0539227 0.0550323 0.0559242 0.0566793 0.0573455 
0 -0.0123378 -0.0246558 -0.0369374 -0.0491189 -0.0610693 -0.0726498 -0.0837338 -0.0941492 -0.103687 -0.11216 -0.11938 -0.125136 -0.129277 -0.13172 -0.132431 -0.131467 -0.128937 -0.124977 -0.119839 -0.113797 -0.107025 -0.0997767 -0.0923605 -0.0849591 -0.0777642 -0.0709499 -0.0645342 -0.0585932 -0.0532147 -0.0483469 -0.0440085 -0.0401839 -0.0367547 -0.0337282 -0.0310554 -0.0286551 -0.0265658 -0.0247105 -0.0230559 -0.0216244 -0.020322 -0.0191735 -0.0181585 -0.017218 -0.0164057 -0.0156541 -0.0149762 -0.0143859 -0.0138209 -0.01334 -0.0128873 -0.0124738 -0.0121162 -0.0117586 -0.0114607 -0.0111638 -0.0108965 -0.0106575 -0.0104131 -0.0102156 -0.0100021 -0.00982642 -0.00965116 -0.00948636 -0.0093468 -0.00919297 -0.00907785 -0.008941 -0.00883747 -0.00872257 -0.00862227 -0.00852961 -0.00843049 -0.00835597 -0.0082606 -0.0081981 -0.00811076 -0.00805465 -0.00797891 -0.00792547 -0.00786312 -0.00781077 -0.00776178 -0.00771059 -0.00767366 -0.0076246 -0.00759792 -0.0075522 -0.00753394 -0.00749263 -0.00748126 -0.0074451 -0.00743954 -0.00740889 -0.00740851 -0.00738344 -0.00738794 -0.00736833 -0.0073777 -0.00736332 -0.0073777 -0.00736833 -0.00738794 -0.00738344 -0.00740851 -0.00740889 -0.00743954 -0.0074451 -0.00748126 -0.00749263 -0.00753394 -0.0075522 -0.00759792 -0.0076246 -0.00767366 -0.00771059 -0.00776178 -0.00781077 -0.00786312 -0.00792547 -0.00797891 -0.00805465 -0.00811076 -0.0081981 -0.0082606 -0.00835597 -0.00843049 -0.00852961 -0.00862227 -0.00872257 -0.00883747 -0.008941 -0.00907785 -0.00919297 -0.0093468 -0.00948636 -0.00965116 -0.00982642 -0.0100021 -0.0102156 -0.0104131 -0.0106575 -0.0108965 -0.0111638 -0.0114607 -0.0117586 -0.0121162 -0.0124738 -0.0128873 -0.01334 -0.0138208 -0.0143855 -0.0149752 -0.0156513 -0.016399 -0.0172027 -0.018125 -0.0191039 -0.0201842 -0.0213649 -0.0225911 -0.023918 -0.0252767 -0.0266491 -0.0280554 -0.029392 -0.0306564 -0.0317866 -0.0326337 -0.0331593 -0.0332349 -0.0327398 -0.0316753 -0.02994 -0.0274652 -0.0242757 -0.0203223 -0.0156557 -0.0104326 -0.0047172 0.00137686 0.00763884 0.0139116 0.020028 0.0258043 0.03116 0.036036 0.0403307 0.0440126 0.0471331 0.0497431 0.051884 0.0536125 0.0550109 0.0561656 0.0571183 0.0578883 0.0585326 0.0591031 
0 -0.0109892 -0.0219724 -0.0330071 -0.0440942 -0.0551311 -0.0660357 -0.0767408 -0.0870686 -0.0967805 -0.105696 -0.11364 -0.120374 -0.125669 -0.129382 -0.131467 -0.131913 -0.130724 -0.128012 -0.124002 -0.11889 -0.112888 -0.106275 -0.0992647 -0.0920769 -0.0849834 -0.078107 -0.0715321 -0.0654031 -0.0597357 -0.054555 -0.0499252 -0.0457541 -0.0420088 -0.0386836 -0.035666 -0.0329749 -0.0305907 -0.0284315 -0.0265434 -0.0248533 -0.0233246 -0.0219894 -0.020753 -0.0196516 -0.0186669 -0.0177453 -0.0169499 -0.0162051 -0.0155389 -0.0149545 -0.0143934 -0.0139212 -0.0134647 -0.0130574 -0.0126955 -0.0123353 -0.012039 -0.0117317 -0.0114703 -0.0112214 -0.01098 -0.010781 -0.0105625 -0.0103943 -0.0102079 -0.0100533 -0.0099031 -0.00975447 -0.00963541 -0.00949459 -0.00939602 -0.00926927 -0.00918035 -0.00907304 -0.0089867 -0.00890054 -0.00881451 -0.00874753 -0.00866314 -0.00861117 -0.00853146 -0.00848986 -0.0084179 -0.00838279 -0.00832076 -0.00828954 -0.00823847 -0.0082098 -0.00816973 -0.00814325 -0.00811356 -0.00808951 -0.00806927 -0.00804821 -0.00803638 -0.00801899 -0.0080146 -0.00800158 -0.00800375 -0.00799579 -0.00800375 -0.00800158 -0.0080146 -0.00801899 -0.00803638 -0.00804821 -0.00806927 -0.00808951 -0.00811356 -0.00814325 -0.00816973 -0.0082098 -0.00823847 -0.00828954 -0.00832076 -0.00838279 -0.0084179 -0.00848986 -0.00853146 -0.00861117 -0.00866314 -0.00874753 -0.00881451 -0.00890054 -0.0089867 -0.00907304 -0.00918035 -0.00926927 -0.00939602 -0.00949459 -0.00963541 -0.00975447 -0.0099031 -0.0100533 -0.0102079 -0.0103943 -0.0105625 -0.010781 -0.01098 -0.0112214 -0.0114703 -0.0117317 -0.012039 -0.0123353 -0.0126955 -0.0130574 -0.0134647 -0.0139212 -0.0143933 -0.0149544 -0.0155386 -0.0162043 -0.016948 -0.0177405 -0.0186556 -0.0196264 -0.0206995 -0.0218816 -0.0231178 -0.024476 -0.0258881 -0.0273463 -0.0288731 -0.0303667 -0.0318463 -0.0332544 -0.0344706 -0.0354755 -0.0361191 -0.0362796 -0.0359271 -0.034927 -0.0332302 -0.0308245 -0.0275965 -0.0235559 -0.0187835 -0.0133251 -0.00733735 -0.000987377 0.00562438 0.0122984 0.0187996 0.0249931 0.0307683 0.0360065 0.0406257 0.0445901 0.0479198 0.0506587 0.0528458 0.054571 0.0559646 0.0571001 0.0580068 0.058744 0.05937 0.0599029 0.0603682 
0 -0.00967019 -0.0193654 -0.0291635 -0.0391069 -0.04917 -0.0593251 -0.0695077 -0.079558 -0.0892818 -0.098486 -0.10694 -0.114404 -0.120671 -0.125561 -0.128937 -0.130724 -0.130903 -0.129528 -0.126714 -0.122651 -0.11759 -0.111739 -0.105289 -0.0985213 -0.0916682 -0.0848786 -0.078335 -0.072124 -0.066275 -0.0609006 -0.0560036 -0.0515468 -0.0475615 -0.0439519 -0.0406719 -0.0377394 -0.0350571 -0.0326433 -0.0304903 -0.0285146 -0.0267667 -0.0251818 -0.0237315 -0.0224559 -0.0212638 -0.0202015 -0.0192432 -0.0183432 -0.0175639 -0.0168217 -0.0161622 -0.0155709 -0.0150056 -0.0145307 -0.0140629 -0.0136605 -0.01329 -0.0129346 -0.0126404 -0.0123303 -0.01208 -0.0118215 -0.0115906 -0.0113825 -0.0111646 -0.0109947 -0.0107967 -0.0106485 -0.0104798 -0.0103407 -0.0102053 -0.0100707 -0.00996525 -0.00983711 -0.00975327 -0.00963666 -0.00956524 -0.00946482 -0.00939872 -0.00931683 -0.00925215 -0.00918862 -0.00912432 -0.00907718 -0.00901411 -0.00898056 -0.0089204 -0.00889765 -0.00884211 -0.00882787 -0.00877827 -0.00877096 -0.0087281 -0.00872677 -0.00869098 -0.00869526 -0.00866647 -0.00867637 -0.00865428 -0.00867008 -0.00865428 -0.00867637 -0.00866647 -0.00869526 -0.00869098 -0.00872677 -0.0087281 -0.00877096 -0.00877827 -0.00882787 -0.00884211 -0.00889765 -0.0089204 -0.00898056 -0.00901411 -0.00907718 -0.00912432 -0.00918862 -0.00925215 -0.00931683 -0.00939872 -0.00946482 -0.00956524 -0.00963666 -0.00975327 -0.00983711 -0.00996525 -0.0100707 -0.0102053 -0.0103407 -0.0104798 -0.0106485 -0.0107967 -0.0109947 -0.0111646 -0.0113825 -0.0115906 -0.0118215 -0.01208 -0.0123303 -0.0126404 -0.0129346 -0.01329 -0.0136605 -0.0140629 -0.0145307 -0.0150056 -0.0155709 -0.0161621 -0.0168215 -0.0175634 -0.0183418 -0.0192397 -0.0201932 -0.021245 -0.0224153 -0.0236482 -0.0250192 -0.0264644 -0.0279794 -0.0295875 -0.0311889 -0.0328125 -0.0344047 -0.0358757 -0.0372302 -0.0383286 -0.039067 -0.0393809 -0.0390988 -0.0381652 -0.0365374 -0.0341002 -0.0308476 -0.0267628 -0.0218274 -0.0161769 -0.00995176 -0.00326503 0.0036898 0.0107192 0.0176455 0.0242632 0.0304186 0.0360268 0.041002 0.0452583 0.0487748 0.0516281 0.0539124 0.055668 0.0569729 0.0579849 0.0587978 0.0594199 0.059914 0.0603707 0.0607944 0.0611826 
