0 0 0 0 0 0 0 0 0 0 0 0 0 0 0 0 0 0 0 0 0 0 0 0 0 0 0 0 0 0 0 0 0 0 0 0 0 0 0 0 0 0 0 0 0 0 0 0 0 0 0 0 0 0 0 0 0 0 0 0 0 0 0 0 0 0 0 0 0 0 0 0 0 0 0 0 0 0 0 0 0 0 0 0 0 0 0 0 0 0 0 0 0 0 0 0 0 0 0 0 0 0 0 0 0 0 0 0 0 0 0 0 0 0 0 0 0 0 0 0 0 0 0 0 0 0 0 0 0 0 0 0 0 0 0 0 0 0 0 0 0 0 0 0 0 0 0 0 0 0 0 0 0 0 0 0 0 0 0 0 0 0 0 0 0 0 0 0 0 0 0 0 0 0 0 0 0 0 0 0 0 0 0 0 0 0 0 0 0 0 0 0 0 0 0 0 0 0 0 0 
0 9.97024e-05 0.000278653 0.000438407 0.000578627 0.00077376 0.000970125 0.00117831 0.00147596 0.00179953 0.00212472 0.00252051 0.00295035 0.00339889 0.00389485 0.00436931 0.00482445 0.00526784 0.00556554 0.00572427 0.00579064 0.00562912 0.0052211 0.00461312 0.00375748 0.00269187 0.00142117 -3.25122e-05 -0.00151166 -0.00299281 -0.00444775 -0.00575616 -0.00688503 -0.00774388 -0.008315 -0.00865803 -0.00871986 -0.00853327 -0.0081202 -0.00750699 -0.00681566 -0.00605635 -0.00528145 -0.0045218 -0.00376693 -0.00309602 -0.00249607 -0.00200055 -0.00161118 -0.00128349 -0.00104206 -0.000830324 -0.000669511 -0.000543832 -0.000437861 -0.000376622 -0.000315838 -0.000290572 -0.000264359 -0.000250834 -0.000247187 -0.000234892 -0.00024217 -0.000231381 -0.000239762 -0.000233984 -0.000237246 -0.000238127 -0.000234502 -0.000240622 -0.00023193 -0.000240003 -0.000229722 -0.000236374 -0.000227793 -0.000230786 -0.00022594 -0.00022455 -0.000224009 -0.000218747 -0.000221955 -0.000214026 -0.00021984 -0.000210614 -0.000217775 -0.000208436 -0.000215875 -0.000207254 -0.000214224 -0.000206778 -0.000212864 -0.00020674 -0.000211802 -0.000206924 -0.000211021 -0.000207175 -0.000210491 -0.000207391 -0.000210187 -0.000207512 -0.000210087 -0.000207512 -0.000210187 -0.000207391 -0.000210491 -0.000207175 -0.000211021 -0.000206924 -0.000211802 -0.00020674 -0.000212864 -0.000206778 -0.000214224 -0.000207254 -0.000215875 -0.000208436 -0.000217775 -0.000210614 -0.00021984 -0.000214026 -0.000221955 -0.000218747 -0.000224009 -0.00022455 -0.00022594 -0.000230786 -0.000227793 -0.000236374 -0.000229722 -0.000240003 -0.00023193 -0.00024062 -0.000234496 -0.000238107 -0.000237191 -0.000233834 -0.000239374 -0.000230423 -0.000239911 -0.000229807 -0.000236267 -0.000228492 -0.00022084 -0.000209938 -0.000173808 -0.000138808 -5.9072e-05 3.12147e-05 0.000165625 0.000336751 0.000539892 0.000815442 0.00113674 0.00156445 0.00208259 0.00269626 0.00340779 0.00414777 0.00493745 0.00572395 0.00650001 0.00724902 0.0078598 0.00830821 0.00851163 0.00845383 0.00816532 0.00756984 0.00669202 0.00554508 0.00417479 0.00271879 0.00117155 -0.000412303 -0.00191319 -0.00329858 -0.00447742 -0.00545107 -0.00624678 -0.00675011 -0.00700293 -0.00709874 -0.00699604 -0.0067476 -0.00640922 -0.00598562 -0.00555959 -0.00511433 -0.00462276 -0.00420554 -0.00384282 -0.00346126 -0.00317157 -0.00295551 -0.00269419 -0.00250183 -0.00242089 -0.00228444 -0.00214964 -0.00215445 
0 0.000278653 0.000569001 0.000852922 0.00116691 0.00155385 0.00198312 0.0024436 0.00297615 0.00359685 0.0042975 0.0050715 0.00592587 0.00685842 0.00780379 0.00872106 0.00962752 0.0104345 0.0110212 0.0113788 0.0114462 0.0111021 0.010305 0.00904296 0.00733908 0.00522165 0.00269201 -0.000117629 -0.00303706 -0.00597947 -0.00881794 -0.0114227 -0.0136482 -0.0153511 -0.0165288 -0.0171839 -0.01731 -0.0169446 -0.0161125 -0.0149419 -0.0135674 -0.0120745 -0.0105582 -0.00903785 -0.0075758 -0.00623487 -0.00504521 -0.00405984 -0.00324812 -0.0026005 -0.00208491 -0.00166178 -0.0013372 -0.00107268 -0.000882297 -0.000742817 -0.000644784 -0.000588398 -0.000543056 -0.000525994 -0.000506144 -0.000499384 -0.00049186 -0.000483493 -0.000482389 -0.000471337 -0.000472817 -0.000462207 -0.000463207 -0.000456168 -0.000454823 -0.000452692 -0.000448625 -0.000450839 -0.000444849 -0.000449685 -0.000443111 -0.000448577 -0.000442706 -0.000447189 -0.00044291 -0.00044545 -0.000443162 -0.000443443 -0.000443137 -0.00044131 -0.000442721 -0.0004392 -0.000441956 -0.000437237 -0.000440966 -0.000435511 -0.000439905 -0.000434083 -0.00043892 -0.000432989 -0.000438131 -0.000432252 -0.000437624 -0.000431881 -0.000437449 -0.000431881 -0.000437624 -0.000432252 -0.000438131 -0.000432989 -0.00043892 -0.000434083 -0.000439905 -0.000435511 -0.000440966 -0.000437237 -0.000441956 -0.0004392 -0.000442721 -0.00044131 -0.000443137 -0.000443443 -0.000443162 -0.00044545 -0.00044291 -0.000447189 -0.000442706 -0.000448577 -0.000443111 -0.000449685 -0.000444849 -0.000450839 -0.000448625 -0.000452691 -0.000454821 -0.000456162 -0.00046319 -0.000462158 -0.000472682 -0.000470978 -0.000481477 -0.000481279 -0.000486724 -0.000488 -0.000482062 -0.000477415 -0.000449693 -0.000417562 -0.000347276 -0.000249664 -0.000103459 0.000101814 0.000360541 0.000704397 0.00111907 0.00164979 0.00231442 0.00314691 0.00418726 0.00540795 0.00680408 0.00830305 0.00985836 0.0114416 0.0129809 0.0144254 0.0156318 0.0164702 0.0168652 0.0167498 0.0161337 0.0149712 0.0132299 0.0109844 0.00832979 0.00542221 0.00237292 -0.000740997 -0.00373152 -0.00644636 -0.00880421 -0.0107471 -0.0122639 -0.013299 -0.0138509 -0.0140384 -0.013898 -0.0134403 -0.0127713 -0.0119756 -0.0111012 -0.0101956 -0.00929962 -0.00847251 -0.00772186 -0.00701229 -0.0063928 -0.0058982 -0.00546455 -0.00508726 -0.00481087 -0.00460126 -0.00442905 -0.00431226 
0 0.000438407 0.000852922 0.00131481 0.0018304 0.00237882 0.00302244 0.00375966 0.00455669 0.00548733 0.00655713 0.00770044 0.00896504 0.010335 0.0117013 0.0130701 0.0143809 0.0154767 0.0163224 0.0168172 0.0168007 0.0162435 0.01505 0.0131515 0.0106286 0.0074694 0.00374716 -0.000331786 -0.00464446 -0.00897283 -0.0131113 -0.0169232 -0.0201513 -0.0226758 -0.0244514 -0.0254119 -0.0256299 -0.0251076 -0.0239236 -0.0222669 -0.0202482 -0.0180655 -0.0158118 -0.01355 -0.0114063 -0.00940362 -0.00765248 -0.00617091 -0.00494086 -0.00397266 -0.00317146 -0.00254867 -0.00204542 -0.00164749 -0.00136131 -0.00113114 -0.000992614 -0.000882489 -0.000821515 -0.000783144 -0.000751072 -0.000746474 -0.000723694 -0.000728567 -0.000713014 -0.000714361 -0.000708069 -0.000701456 -0.000703919 -0.000690793 -0.000698382 -0.000683056 -0.00069103 -0.000677958 -0.000682504 -0.000674597 -0.000673837 -0.000671988 -0.000665939 -0.000669412 -0.000659352 -0.000666519 -0.000654237 -0.000663273 -0.000650478 -0.000659824 -0.000647822 -0.000656394 -0.000645986 -0.000653192 -0.000644726 -0.000650381 -0.000643858 -0.000648066 -0.000643262 -0.000646307 -0.000642869 -0.000645127 -0.000642644 -0.000644537 -0.00064257 -0.000644537 -0.000642644 -0.000645127 -0.000642869 -0.000646307 -0.000643262 -0.000648066 -0.000643858 -0.000650381 -0.000644726 -0.000653192 -0.000645986 -0.000656394 -0.000647822 -0.000659824 -0.000650478 -0.000663273 -0.000654237 -0.000666519 -0.000659352 -0.000669412 -0.000665939 -0.000671988 -0.000673837 -0.000674597 -0.000682504 -0.000677958 -0.000691029 -0.000683055 -0.000698378 -0.000690781 -0.000703883 -0.000701355 -0.000707797 -0.000713659 -0.000711277 -0.000724447 -0.000714351 -0.000726222 -0.000709147 -0.000700317 -0.000665463 -0.000602224 -0.000512842 -0.000347918 -0.000140277 0.000175146 0.000570401 0.0010819 0.00173595 0.00253375 0.00356693 0.0048255 0.00637766 0.0082024 0.0102403 0.0124687 0.0147597 0.0170914 0.0193589 0.0214221 0.0231659 0.0243617 0.024923 0.0247636 0.0238017 0.0220643 0.019499 0.0162039 0.0123544 0.00806944 0.00358772 -0.000927346 -0.00530271 -0.00928044 -0.0127755 -0.0156876 -0.0179109 -0.0194928 -0.0204156 -0.02072 -0.0205573 -0.0199597 -0.0190247 -0.0179138 -0.0166505 -0.0153254 -0.0140571 -0.0128192 -0.0116598 -0.0106561 -0.00974242 -0.0089364 -0.00831223 -0.00777657 -0.00729331 -0.006968 -0.00675084 -0.0065394 
0 0.000578627 0.00116691 0.0018304 0.00255049 0.00329267 0.00413872 0.00514003 0.00626244 0.00750906 0.00890351 0.0104446 0.0121044 0.0138309 0.015613 0.0173927 0.0189981 0.0203474 0.0213825 0.0218958 0.0217606 0.0209324 0.0192912 0.0167994 0.0134579 0.00929847 0.00450969 -0.000763464 -0.00634645 -0.0119278 -0.017282 -0.0221546 -0.0263054 -0.0296231 -0.0319464 -0.033242 -0.0335556 -0.0329074 -0.0314694 -0.0293762 -0.0268067 -0.0239871 -0.0210217 -0.0180863 -0.0152708 -0.0126567 -0.0103603 -0.00836998 -0.0067365 -0.00540442 -0.00432522 -0.00348211 -0.00278883 -0.00226889 -0.00185738 -0.00155734 -0.0013515 -0.00119505 -0.00111324 -0.00104027 -0.00101241 -0.000984656 -0.000969857 -0.000966169 -0.000950083 -0.000957117 -0.000940022 -0.000947792 -0.000934303 -0.000936275 -0.000929699 -0.000923522 -0.000924134 -0.000911099 -0.000916724 -0.000900176 -0.000907624 -0.000891259 -0.000897612 -0.000884306 -0.000887626 -0.000878972 -0.00087845 -0.000874833 -0.000870565 -0.000871525 -0.000864157 -0.000868794 -0.000859183 -0.000866494 -0.000855473 -0.000864562 -0.000852807 -0.000862986 -0.000850971 -0.000861779 -0.000849788 -0.000860959 -0.000849128 -0.000860544 -0.000848917 -0.000860544 -0.000849128 -0.000860959 -0.000849788 -0.000861779 -0.000850971 -0.000862986 -0.000852807 -0.000864562 -0.000855473 -0.000866494 -0.000859183 -0.000868794 -0.000864157 -0.000871525 -0.000870565 -0.000874833 -0.00087845 -0.000878972 -0.000887626 -0.000884306 -0.000897612 -0.000891259 -0.000907624 -0.000900176 -0.000916724 -0.000911099 -0.000924133 -0.00092352 -0.000929691 -0.00093625 -0.000934232 -0.000947598 -0.000939513 -0.000955834 -0.00094699 -0.000959027 -0.00095408 -0.00095133 -0.000945154 -0.000910644 -0.000874765 -0.000776324 -0.000649542 -0.000432656 -0.000131719 0.00027481 0.000829588 0.00151348 0.00241035 0.0035147 0.00490571 0.00662493 0.0086686 0.0110723 0.0137351 0.0166253 0.0196403 0.0226551 0.0255824 0.0282008 0.0303631 0.0318754 0.0325497 0.0323116 0.0310243 0.0286912 0.0253722 0.0211287 0.0161705 0.0106665 0.0048603 -0.000931451 -0.00652782 -0.0117044 -0.0162604 -0.0200845 -0.0230458 -0.0251647 -0.0265002 -0.0270265 -0.0268747 -0.0262207 -0.0251395 -0.0237517 -0.022182 -0.0205266 -0.0188809 -0.0172688 -0.0157481 -0.0144195 -0.0132398 -0.0121612 -0.0112678 -0.0105591 -0.00994931 -0.00945469 -0.00910794 -0.00888106 
0 0.00077376 0.00155385 0.00237882 0.00329267 0.00430169 0.00541145 0.00666986 0.0080916 0.00964722 0.0113784 0.0133092 0.0153319 0.0174067 0.0195531 0.0216103 0.0234265 0.0249688 0.026068 0.0265241 0.026232 0.025053 0.0229291 0.0198268 0.0156731 0.0106238 0.00487314 -0.00147149 -0.00813103 -0.0148211 -0.0212411 -0.0270389 -0.032055 -0.0360831 -0.038927 -0.0405702 -0.0409734 -0.040272 -0.0386386 -0.0361864 -0.0331784 -0.0297772 -0.0261953 -0.022645 -0.0192021 -0.01604 -0.0131916 -0.0107136 -0.00865011 -0.00692351 -0.00555944 -0.00445125 -0.0035803 -0.00291319 -0.00238062 -0.0020153 -0.00172616 -0.00154698 -0.00141963 -0.00133323 -0.00129366 -0.00124472 -0.00123923 -0.00120776 -0.00120601 -0.00118924 -0.00117913 -0.00117636 -0.00115745 -0.00116453 -0.00114212 -0.00115244 -0.00113288 -0.0011403 -0.00112806 -0.00112883 -0.00112546 -0.00111873 -0.00112327 -0.00111035 -0.00112038 -0.00110368 -0.00111639 -0.00109848 -0.00111146 -0.00109442 -0.00110598 -0.00109118 -0.00110042 -0.00108855 -0.00109519 -0.00108639 -0.00109063 -0.00108464 -0.00108693 -0.0010833 -0.00108423 -0.00108238 -0.00108259 -0.00108192 -0.00108204 -0.00108192 -0.00108259 -0.00108238 -0.00108423 -0.0010833 -0.00108693 -0.00108464 -0.00109063 -0.00108639 -0.00109519 -0.00108855 -0.00110042 -0.00109118 -0.00110598 -0.00109442 -0.00111146 -0.00109848 -0.00111639 -0.00110368 -0.00112038 -0.00111035 -0.00112327 -0.00111873 -0.00112546 -0.00112883 -0.00112806 -0.0011403 -0.00113288 -0.00115243 -0.0011421 -0.00116448 -0.00115732 -0.001176 -0.0011782 -0.00118697 -0.0012007 -0.00119584 -0.00121362 -0.00119207 -0.00119023 -0.00113913 -0.00107162 -0.000950763 -0.000749221 -0.000481739 -6.82405e-05 0.000448767 0.00115559 0.00204775 0.00317407 0.00461504 0.00636686 0.00853672 0.0110799 0.014009 0.017284 0.0207839 0.0244678 0.0281247 0.0316034 0.0347034 0.0371734 0.0388946 0.0396292 0.0392355 0.0376315 0.0347446 0.0307285 0.0256809 0.0197416 0.0131857 0.0062483 -0.000703555 -0.00737804 -0.0136243 -0.0191615 -0.023807 -0.0274979 -0.0301802 -0.0319333 -0.032791 -0.0327909 -0.032162 -0.0310381 -0.0294701 -0.0276554 -0.0257395 -0.0237731 -0.0218551 -0.0200461 -0.0183717 -0.0168834 -0.0155764 -0.0144311 -0.0134852 -0.0127348 -0.0121248 -0.0116539 -0.0113442 
0 0.000970125 0.00198312 0.00302244 0.00413872 0.00541145 0.00682079 0.00835221 0.0100604 0.0119645 0.014046 0.0162794 0.0186239 0.0210421 0.0234398 0.0256781 0.0276695 0.0292736 0.0302943 0.0306053 0.030045 0.02847 0.0258529 0.0221096 0.0172402 0.0114193 0.00477616 -0.00247582 -0.010049 -0.0176752 -0.024946 -0.0315557 -0.0373072 -0.0419247 -0.045273 -0.0472374 -0.047798 -0.0471416 -0.045373 -0.0426953 -0.0393238 -0.0354313 -0.0313311 -0.0271915 -0.0232016 -0.0195074 -0.0161327 -0.0132006 -0.0106778 -0.00858509 -0.00689962 -0.00552423 -0.00447032 -0.00361957 -0.00298307 -0.00250376 -0.00214131 -0.00191057 -0.00172421 -0.00163045 -0.00154821 -0.00150806 -0.00148202 -0.00145296 -0.00145355 -0.00142485 -0.00143307 -0.0014086 -0.00141241 -0.00139787 -0.00139165 -0.00138891 -0.00137279 -0.00137946 -0.00135728 -0.00136858 -0.00134548 -0.00135648 -0.00133689 -0.00134392 -0.0013306 -0.00133182 -0.00132572 -0.0013209 -0.00132158 -0.00131155 -0.00131779 -0.0013039 -0.00131424 -0.00129786 -0.00131093 -0.00129326 -0.00130798 -0.00128988 -0.00130553 -0.00128753 -0.00130368 -0.00128605 -0.00130254 -0.00128533 -0.00130215 -0.00128533 -0.00130254 -0.00128605 -0.00130368 -0.00128753 -0.00130553 -0.00128988 -0.00130798 -0.00129326 -0.00131093 -0.00129786 -0.00131424 -0.0013039 -0.00131779 -0.00131155 -0.00132158 -0.0013209 -0.00132572 -0.00133182 -0.0013306 -0.00134392 -0.00133689 -0.00135648 -0.00134548 -0.00136858 -0.00135728 -0.00137946 -0.00137279 -0.0013889 -0.00139162 -0.00139777 -0.00141216 -0.00140794 -0.00143144 -0.00142097 -0.00144469 -0.00143362 -0.00144159 -0.00142726 -0.0013938 -0.00134841 -0.00123168 -0.00108764 -0.000823951 -0.000478458 1.73513e-05 0.000682516 0.00152974 0.00265618 0.0040472 0.00582644 0.00799653 0.0105966 0.0136537 0.0170837 0.0209065 0.0249838 0.029214 0.0334292 0.0373462 0.0407971 0.0435126 0.0453198 0.0460542 0.0454733 0.0435259 0.0401741 0.0355154 0.0297538 0.0230028 0.0155477 0.0077155 -0.000192869 -0.007814 -0.0149341 -0.021332 -0.0267563 -0.0311447 -0.0344493 -0.0366595 -0.037883 -0.038184 -0.037686 -0.0365843 -0.0349983 -0.0330697 -0.0309564 -0.0287556 -0.0265814 -0.0245051 -0.0225337 -0.0207431 -0.0191953 -0.0178399 -0.0166567 -0.0156979 -0.0149642 -0.0143993 -0.0139821 
0 0.00117831 0.0024436 0.00375966 0.00514003 0.00666986 0.00835221 0.0101819 0.0122247 0.0144792 0.0168634 0.019365 0.0220028 0.02467 0.0272141 0.0295726 0.0316292 0.0331541 0.033995 0.034037 0.0331117 0.0311112 0.0279488 0.023583 0.0181072 0.0115965 0.0042008 -0.00378179 -0.0121037 -0.0204279 -0.0283699 -0.0356643 -0.0419889 -0.0471177 -0.050904 -0.0531731 -0.0539808 -0.0534187 -0.0516179 -0.0488212 -0.0451655 -0.0409308 -0.0363893 -0.0317508 -0.0272867 -0.0230703 -0.01923 -0.0158281 -0.012858 -0.0103956 -0.00834695 -0.00671869 -0.00543072 -0.00440601 -0.0036443 -0.00303303 -0.00261036 -0.00228791 -0.00206914 -0.00193227 -0.00182176 -0.0017806 -0.00172325 -0.00171478 -0.00168724 -0.00167858 -0.00167167 -0.00165266 -0.00165901 -0.00163234 -0.00164334 -0.00161643 -0.00162414 -0.00160379 -0.00160319 -0.00159302 -0.0015828 -0.00158292 -0.00156473 -0.00157287 -0.00154992 -0.00156272 -0.00153848 -0.0015527 -0.00153003 -0.00154319 -0.00152395 -0.00153453 -0.00151963 -0.00152699 -0.00151654 -0.0015207 -0.00151432 -0.00151573 -0.00151275 -0.00151205 -0.00151168 -0.00150964 -0.00151106 -0.00150844 -0.00151085 -0.00150844 -0.00151106 -0.00150964 -0.00151168 -0.00151205 -0.00151275 -0.00151573 -0.00151432 -0.0015207 -0.00151654 -0.00152699 -0.00151963 -0.00153453 -0.00152395 -0.00154319 -0.00153003 -0.0015527 -0.00153848 -0.00156272 -0.00154992 -0.00157287 -0.00156473 -0.00158292 -0.0015828 -0.00159302 -0.00160319 -0.00160379 -0.00162413 -0.00161641 -0.00164327 -0.00163216 -0.00165855 -0.0016515 -0.00166887 -0.00167209 -0.00167284 -0.00168418 -0.00166104 -0.00165964 -0.00159684 -0.00153232 -0.00138864 -0.00117867 -0.000874669 -0.000417929 0.000164783 0.000983412 0.00201327 0.0033615 0.00507256 0.00718387 0.0097891 0.0128294 0.016358 0.0202969 0.024593 0.0291928 0.0338809 0.0385106 0.0427804 0.046441 0.0493079 0.0511133 0.0517226 0.0509316 0.048625 0.0448635 0.0396842 0.0332911 0.0259064 0.017761 0.00923329 0.000612946 -0.00778944 -0.0156303 -0.022719 -0.028863 -0.033918 -0.0378409 -0.040582 -0.0422244 -0.0429126 -0.0427 -0.0417339 -0.0402426 -0.038351 -0.0361527 -0.0337962 -0.0314238 -0.0291152 -0.0269133 -0.024879 -0.0230635 -0.021471 -0.0201008 -0.0189529 -0.0180186 -0.0173172 -0.016858 
0 0.00147596 0.00297615 0.00455669 0.00626244 0.0080916 0.0100604 0.0122247 0.014592 0.0171187 0.019786 0.0225821 0.0254398 0.0282372 0.0308601 0.0332189 0.0351665 0.036504 0.0370726 0.0367471 0.0354032 0.032905 0.0291617 0.024231 0.0181939 0.0111008 0.00314883 -0.00539263 -0.0142354 -0.0230318 -0.0314974 -0.0392971 -0.0460791 -0.0516416 -0.0557734 -0.0583725 -0.0594547 -0.0590388 -0.0573185 -0.0544635 -0.050665 -0.0462205 -0.0413432 -0.0363455 -0.0314448 -0.0267726 -0.022492 -0.0186095 -0.0152234 -0.0123398 -0.00993342 -0.00801712 -0.00646507 -0.00527651 -0.00434433 -0.00363188 -0.00311648 -0.00271405 -0.00246094 -0.0022587 -0.0021444 -0.00205999 -0.00200082 -0.00197624 -0.00193331 -0.00193233 -0.00189752 -0.00189927 -0.00187604 -0.00187021 -0.00186142 -0.0018455 -0.00184946 -0.00182615 -0.00183766 -0.00181208 -0.00182498 -0.00180219 -0.00181145 -0.00179497 -0.00179768 -0.00178905 -0.00178442 -0.00178351 -0.00177228 -0.00177789 -0.00176164 -0.00177216 -0.00175267 -0.00176651 -0.00174536 -0.00176122 -0.00173961 -0.0017566 -0.00173531 -0.00175291 -0.00173233 -0.00175035 -0.00173058 -0.00174904 -0.00173 -0.00174904 -0.00173058 -0.00175035 -0.00173233 -0.00175291 -0.00173531 -0.0017566 -0.00173961 -0.00176122 -0.00174536 -0.00176651 -0.00175267 -0.00177216 -0.00176164 -0.00177789 -0.00177228 -0.00178351 -0.00178442 -0.00178905 -0.00179768 -0.00179497 -0.00181145 -0.00180219 -0.00182498 -0.00181208 -0.00183766 -0.00182614 -0.00184944 -0.00184546 -0.0018613 -0.0018699 -0.00187522 -0.00189727 -0.00189282 -0.00192175 -0.00191045 -0.00192897 -0.00190729 -0.00188298 -0.00182399 -0.00170368 -0.00154012 -0.00124831 -0.000872039 -0.000313584 0.000413856 0.00137374 0.00263619 0.00422044 0.00625811 0.00873645 0.0117348 0.0152332 0.0191875 0.023603 0.0283467 0.0333635 0.0384468 0.0433509 0.0478519 0.0516299 0.0545006 0.0562244 0.0565929 0.0555149 0.0528758 0.0487279 0.0431571 0.0362901 0.0284253 0.0198301 0.0108053 0.00167299 -0.00728803 -0.0157204 -0.0233631 -0.0300946 -0.0357642 -0.0402653 -0.0435753 -0.0457458 -0.0468931 -0.0470958 -0.0464502 -0.0451506 -0.0433723 -0.0412262 -0.0388385 -0.0363579 -0.0338959 -0.0315155 -0.0292734 -0.0272163 -0.0253765 -0.0238001 -0.0224896 -0.0213986 -0.0205523 -0.0199944 
0 0.00179953 0.00359685 0.00548733 0.00750906 0.00964722 0.0119645 0.0144792 0.0171187 0.0198988 0.0228502 0.025862 0.0288219 0.0316735 0.0342937 0.0365266 0.0382353 0.0392582 0.039441 0.0386657 0.0368104 0.0337632 0.0294964 0.0240615 0.0175238 0.00998742 0.0016314 -0.00728487 -0.0164344 -0.0255373 -0.0343209 -0.0424259 -0.0495413 -0.0554094 -0.059846 -0.0627895 -0.0641646 -0.0640032 -0.062443 -0.0596295 -0.0558263 -0.0512588 -0.0461853 -0.0409117 -0.0356327 -0.0305802 -0.0258621 -0.0215568 -0.0177609 -0.014459 -0.0117116 -0.00945753 -0.00765206 -0.0062484 -0.00513216 -0.0043022 -0.00365228 -0.00318488 -0.00284819 -0.00260205 -0.00245668 -0.00233456 -0.002282 -0.00222434 -0.00220121 -0.00217793 -0.00215542 -0.00215142 -0.00212351 -0.00212836 -0.00209937 -0.00210441 -0.0020807 -0.00207985 -0.0020656 -0.00205629 -0.00205239 -0.00203523 -0.00203987 -0.00201749 -0.00202749 -0.00200323 -0.00201525 -0.00199209 -0.00200344 -0.00198351 -0.00199245 -0.00197688 -0.00198261 -0.00197172 -0.00197416 -0.00196769 -0.00196724 -0.00196458 -0.00196189 -0.00196229 -0.0019581 -0.00196077 -0.00195584 -0.00196001 -0.00195509 -0.00196001 -0.00195584 -0.00196077 -0.0019581 -0.00196229 -0.00196189 -0.00196458 -0.00196724 -0.00196769 -0.00197416 -0.00197172 -0.00198261 -0.00197688 -0.00199245 -0.00198351 -0.00200344 -0.00199209 -0.00201525 -0.00200323 -0.00202749 -0.00201749 -0.00203987 -0.00203523 -0.00205239 -0.00205629 -0.0020656 -0.00207984 -0.00208067 -0.00210432 -0.00209915 -0.00212779 -0.00212211 -0.00214807 -0.00214774 -0.00216106 -0.00216574 -0.00215294 -0.00214446 -0.00208106 -0.00200961 -0.00184701 -0.0016254 -0.0012816 -0.000795854 -0.000151378 0.000736403 0.00186328 0.00335296 0.00523104 0.00758469 0.0104682 0.0138603 0.0177985 0.0221921 0.0270192 0.0321811 0.0375141 0.0428598 0.047924 0.0524821 0.056272 0.0590272 0.0605597 0.0606511 0.0592277 0.0562768 0.0517991 0.0459044 0.0387311 0.0305435 0.0216722 0.0123738 0.00293243 -0.00634648 -0.0151648 -0.0232543 -0.0304563 -0.0366532 -0.0417248 -0.0456266 -0.0483896 -0.0500696 -0.0507552 -0.0505707 -0.0496325 -0.0480768 -0.0460952 -0.0438282 -0.0413518 -0.0387959 -0.036291 -0.0338937 -0.0316545 -0.0296244 -0.0278313 -0.0263177 -0.0251041 -0.0241532 -0.023451 
0 0.00212472 0.0042975 0.00655713 0.00890351 0.0113784 0.014046 0.0168634 0.019786 0.0228502 0.0259997 0.0291009 0.0320936 0.0349068 0.0373952 0.0393965 0.040749 0.0413358 0.0410491 0.0397287 0.0372819 0.0336999 0.0289567 0.0230717 0.0161395 0.00828361 -0.000310121 -0.00939013 -0.0186838 -0.0279185 -0.0368122 -0.0450614 -0.0523555 -0.0584358 -0.0631537 -0.066405 -0.068109 -0.0682649 -0.0669353 -0.0642989 -0.0605891 -0.0560272 -0.0508894 -0.0454186 -0.03987 -0.0344738 -0.0293611 -0.0246724 -0.0204577 -0.0167728 -0.0136525 -0.0110558 -0.00897808 -0.00731756 -0.00602574 -0.00503028 -0.00425903 -0.00369966 -0.00327099 -0.00298497 -0.00277645 -0.00264153 -0.00255797 -0.00249156 -0.00246576 -0.00242622 -0.00241885 -0.00239243 -0.00238443 -0.00236872 -0.00235343 -0.00234732 -0.0023251 -0.0023257 -0.0023003 -0.00230357 -0.00227947 -0.00228158 -0.00226235 -0.00226073 -0.00224827 -0.00224187 -0.00223648 -0.00222552 -0.00222639 -0.00221186 -0.0022176 -0.00220077 -0.00220992 -0.00219201 -0.0022033 -0.00218526 -0.00219776 -0.00218023 -0.00219336 -0.00217666 -0.00219017 -0.00217437 -0.00218823 -0.00217326 -0.00218758 -0.00217326 -0.00218823 -0.00217437 -0.00219017 -0.00217666 -0.00219336 -0.00218023 -0.00219776 -0.00218526 -0.0022033 -0.00219201 -0.00220992 -0.00220077 -0.0022176 -0.00221186 -0.00222639 -0.00222552 -0.00223648 -0.00224187 -0.00224827 -0.00226073 -0.00226235 -0.00228158 -0.00227947 -0.00230357 -0.00230029 -0.00232568 -0.00232504 -0.00234717 -0.00235305 -0.00236774 -0.00238207 -0.00238692 -0.00240656 -0.00239994 -0.00241193 -0.00238601 -0.00235991 -0.00228581 -0.00216473 -0.00197663 -0.00167485 -0.00126658 -0.00067391 9.94484e-05 0.00113652 0.00248373 0.00420849 0.00640827 0.0091066 0.0123747 0.0161831 0.0205174 0.0253346 0.0305339 0.0360273 0.0416107 0.0470771 0.0521853 0.056674 0.0603256 0.062874 0.0641036 0.0638672 0.062093 0.0588124 0.0540631 0.0479268 0.0405803 0.0322687 0.023281 0.0138934 0.00436507 -0.00503078 -0.01403 -0.0224175 -0.0300035 -0.0366272 -0.0422153 -0.0467231 -0.0501004 -0.052373 -0.0536299 -0.0539859 -0.0535504 -0.0524026 -0.0507017 -0.0486449 -0.0463042 -0.0437652 -0.0412099 -0.0387284 -0.0363566 -0.0341856 -0.0322476 -0.0305423 -0.0291396 -0.028071 -0.0273115 
0 0.00252051 0.0050715 0.00770044 0.0104446 0.0133092 0.0162794 0.019365 0.0225821 0.025862 0.0291009 0.032248 0.0352116 0.0378541 0.0400694 0.0416972 0.042581 0.0426681 0.0418293 0.0398997 0.0368734 0.0327631 0.0275528 0.0212926 0.0140641 0.00603189 -0.00259749 -0.0116631 -0.0209273 -0.030111 -0.0389648 -0.0472009 -0.0545511 -0.0607887 -0.0657259 -0.0692554 -0.0712891 -0.0717778 -0.070774 -0.0684174 -0.0649167 -0.0605044 -0.0554068 -0.0498665 -0.0441387 -0.0384528 -0.0330066 -0.0279364 -0.02333 -0.0192602 -0.0157504 -0.0128152 -0.0104219 -0.00850674 -0.00700981 -0.00583888 -0.00494763 -0.00426898 -0.00376562 -0.00340615 -0.00314474 -0.00297617 -0.00285197 -0.00277834 -0.0027225 -0.00268537 -0.00266086 -0.00263415 -0.00262353 -0.0026001 -0.00259463 -0.00257484 -0.00256935 -0.00255489 -0.00254647 -0.00253799 -0.00252578 -0.00252254 -0.00250721 -0.00250761 -0.00249071 -0.00249288 -0.00247614 -0.00247847 -0.00246335 -0.00246474 -0.00245219 -0.0024521 -0.00244256 -0.0024409 -0.0024344 -0.00243139 -0.00242771 -0.0024237 -0.00242248 -0.00241793 -0.00241872 -0.00241408 -0.00241646 -0.00241215 -0.00241571 -0.00241215 -0.00241646 -0.00241408 -0.00241872 -0.00241793 -0.00242248 -0.0024237 -0.00242771 -0.00243139 -0.0024344 -0.0024409 -0.00244256 -0.0024521 -0.00245219 -0.00246474 -0.00246335 -0.00247847 -0.00247614 -0.00249288 -0.00249071 -0.00250761 -0.00250721 -0.00252254 -0.00252577 -0.00253799 -0.00254646 -0.00255485 -0.00256925 -0.00257458 -0.00259396 -0.00259845 -0.00261963 -0.00262531 -0.00264164 -0.00264531 -0.00264254 -0.00262553 -0.00257244 -0.00248656 -0.00232296 -0.00208246 -0.00171466 -0.00120201 -0.000502672 0.000434526 0.00165267 0.00323945 0.00525201 0.0077729 0.0108449 0.0144827 0.0186832 0.0233967 0.0285713 0.0341026 0.0398369 0.0455741 0.0510715 0.0560954 0.0604184 0.0638046 0.0660246 0.0668786 0.0662451 0.0641109 0.0605076 0.0555057 0.0492318 0.0418481 0.0335852 0.0246794 0.0153627 0.00592302 -0.00340737 -0.0124397 -0.0209629 -0.0287979 -0.0357673 -0.0417765 -0.0468274 -0.0508372 -0.0537585 -0.0556834 -0.0566769 -0.0568105 -0.0562019 -0.0549432 -0.0531795 -0.0510789 -0.0487359 -0.0462542 -0.0437511 -0.0413117 -0.039034 -0.0369814 -0.0351632 -0.0336284 -0.0324374 -0.0316039 
0 0.00295035 0.00592587 0.00896504 0.0121044 0.0153319 0.0186239 0.0220028 0.0254398 0.0288219 0.0320936 0.0352116 0.0380234 0.0403889 0.0422092 0.0433461 0.0437055 0.0432018 0.0417019 0.0391646 0.0355903 0.0309682 0.0253638 0.0188172 0.0114104 0.00336467 -0.00517833 -0.0140923 -0.0231486 -0.0321321 -0.0407776 -0.0488436 -0.0561538 -0.0624581 -0.0675725 -0.0713692 -0.073719 -0.0745941 -0.07399 -0.072002 -0.0688267 -0.0646455 -0.0596912 -0.0541823 -0.0483549 -0.0424755 -0.036745 -0.0313453 -0.0263862 -0.0219391 -0.0180632 -0.0147649 -0.0120422 -0.00984291 -0.0080994 -0.00673976 -0.00568612 -0.00488531 -0.00428355 -0.00384308 -0.00353 -0.00331183 -0.0031658 -0.00306797 -0.00300284 -0.00295928 -0.00292636 -0.00290297 -0.0028815 -0.0028642 -0.00284759 -0.00283164 -0.00281821 -0.00280261 -0.00279161 -0.00277672 -0.00276736 -0.0027539 -0.00274538 -0.00273399 -0.00272567 -0.00271668 -0.00270826 -0.00270168 -0.0026931 -0.00268869 -0.00268012 -0.00267753 -0.00266919 -0.00266806 -0.00266018 -0.00266021 -0.00265299 -0.00265393 -0.00264749 -0.00264923 -0.00264362 -0.00264609 -0.00264131 -0.00264452 -0.00264055 -0.00264452 -0.00264131 -0.00264609 -0.00264362 -0.00264923 -0.00264749 -0.00265393 -0.00265299 -0.00266021 -0.00266018 -0.00266806 -0.00266919 -0.00267753 -0.00268012 -0.00268869 -0.0026931 -0.00270168 -0.00270826 -0.00271668 -0.00272567 -0.00273399 -0.00274538 -0.0027539 -0.00276736 -0.00277671 -0.00279159 -0.00280254 -0.00281803 -0.00283119 -0.00284646 -0.00286148 -0.00287524 -0.0028891 -0.00289693 -0.00289949 -0.00288646 -0.00285109 -0.00277878 -0.00265012 -0.00244483 -0.00213281 -0.0016857 -0.0010678 -0.000234474 0.000861901 0.00229356 0.00412905 0.0064479 0.00931171 0.0127481 0.0167703 0.0213396 0.0264174 0.0319183 0.0377084 0.0436157 0.0493908 0.0548106 0.0596401 0.0636586 0.0666706 0.0684458 0.0688526 0.0678135 0.0653143 0.0614322 0.0562319 0.0498818 0.0425808 0.0344807 0.0257988 0.0167342 0.00752531 -0.00157883 -0.0104676 -0.0189765 -0.0269012 -0.0341242 -0.0405196 -0.046028 -0.0506253 -0.0542301 -0.0568549 -0.0585508 -0.0593401 -0.0593462 -0.0586785 -0.0573835 -0.0556226 -0.0535727 -0.0512979 -0.0488883 -0.0464862 -0.0441826 -0.0420426 -0.0401566 -0.0385851 -0.0373207 -0.0363734 
0 0.00339889 0.00685842 0.010335 0.0138309 0.0174067 0.0210421 0.02467 0.0282372 0.0316735 0.0349068 0.0378541 0.0403889 0.0423735 0.0436994 0.0442955 0.0440615 0.042862 0.0406808 0.0375564 0.0334464 0.028387 0.0224686 0.0157299 0.00831255 0.000372348 -0.0079903 -0.016602 -0.0253201 -0.0339546 -0.0422427 -0.0500537 -0.0572134 -0.0635018 -0.068757 -0.0727678 -0.0754423 -0.0767312 -0.0765722 -0.0750579 -0.0722852 -0.0684326 -0.0637232 -0.0583255 -0.0525123 -0.0465118 -0.0405645 -0.0348903 -0.0295934 -0.0248049 -0.0205584 -0.0168978 -0.0138366 -0.0113199 -0.00932181 -0.00773628 -0.00651142 -0.00556975 -0.00485222 -0.00433018 -0.00394094 -0.00367951 -0.00349124 -0.00337148 -0.00329003 -0.00323314 -0.00319882 -0.00316472 -0.00314702 -0.00312112 -0.00310719 -0.00308616 -0.00307163 -0.00305511 -0.00303923 -0.00302681 -0.0030103 -0.00300109 -0.00298505 -0.00297796 -0.00296336 -0.00295744 -0.0029449 -0.0029395 -0.00292925 -0.00292403 -0.00291605 -0.0029109 -0.00290498 -0.00289996 -0.00289584 -0.00289106 -0.00288848 -0.00288408 -0.00288281 -0.00287893 -0.00287878 -0.00287552 -0.00287637 -0.00287383 -0.00287557 -0.00287383 -0.00287637 -0.00287552 -0.00287878 -0.00287893 -0.00288281 -0.00288408 -0.00288848 -0.00289106 -0.00289584 -0.00289996 -0.00290498 -0.0029109 -0.00291605 -0.00292403 -0.00292925 -0.0029395 -0.0029449 -0.00295744 -0.00296336 -0.00297796 -0.00298505 -0.00300109 -0.0030103 -0.0030268 -0.00303919 -0.00305499 -0.00307132 -0.0030854 -0.00310532 -0.00311673 -0.00313714 -0.0031434 -0.0031547 -0.00314567 -0.00312394 -0.00306945 -0.00296504 -0.00280049 -0.0025308 -0.00215254 -0.00160426 -0.000871392 0.000110828 0.00139911 0.00305541 0.00518135 0.00781561 0.0110394 0.0148453 0.0192299 0.0241643 0.0295563 0.035338 0.0413119 0.0472851 0.0530138 0.0582372 0.0627787 0.0663931 0.0689126 0.0701793 0.0700711 0.0686083 0.0657682 0.0616224 0.0563039 0.0499487 0.0427947 0.0349741 0.0266202 0.0179576 0.00914205 0.000364807 -0.00823071 -0.0165635 -0.0244573 -0.0318032 -0.038517 -0.0444412 -0.0495336 -0.0537856 -0.057124 -0.059539 -0.0610712 -0.0617886 -0.0617847 -0.0611137 -0.0598625 -0.0581845 -0.0562067 -0.0540413 -0.0518037 -0.0495833 -0.0474769 -0.0455787 -0.0439447 -0.042632 -0.0416942 
0 0.00389485 0.00780379 0.0117013 0.015613 0.0195531 0.0234398 0.0272141 0.0308601 0.0342937 0.0373952 0.0400694 0.0422092 0.0436994 0.0444654 0.0444417 0.043519 0.0416349 0.0388324 0.0351338 0.0305404 0.0251145 0.018939 0.0121427 0.00484806 -0.00288728 -0.0109214 -0.0191126 -0.0273763 -0.0355221 -0.0433993 -0.0508894 -0.0578092 -0.0640292 -0.069332 -0.0735144 -0.0765075 -0.0781904 -0.0785389 -0.0775571 -0.0752683 -0.0718603 -0.0674663 -0.0622956 -0.0565862 -0.0505393 -0.0444606 -0.0385322 -0.0329436 -0.027823 -0.0232115 -0.0192078 -0.0157827 -0.0129579 -0.0106754 -0.0088525 -0.00744584 -0.00633529 -0.00550713 -0.0048704 -0.0044078 -0.00407931 -0.00383872 -0.00369125 -0.00357264 -0.003512 -0.00345389 -0.00342404 -0.00339549 -0.00337159 -0.00335845 -0.0033336 -0.0033282 -0.00330306 -0.00330007 -0.00327722 -0.00327294 -0.00325448 -0.00324692 -0.00323377 -0.0032225 -0.00321449 -0.00320015 -0.00319645 -0.00318021 -0.00317975 -0.00316284 -0.00316459 -0.00314805 -0.00315123 -0.0031358 -0.00313987 -0.00312598 -0.00313067 -0.00311847 -0.00312372 -0.00311318 -0.00311908 -0.00311004 -0.00311675 -0.003109 -0.00311675 -0.00311004 -0.00311908 -0.00311318 -0.00312372 -0.00311847 -0.00313067 -0.00312598 -0.00313987 -0.0031358 -0.00315123 -0.00314805 -0.00316459 -0.00316284 -0.00317975 -0.00318021 -0.00319645 -0.00320015 -0.00321449 -0.0032225 -0.00323377 -0.00324692 -0.00325448 -0.00327293 -0.0032772 -0.0033 -0.00330286 -0.00332769 -0.00333233 -0.00335542 -0.00336465 -0.00338024 -0.00339192 -0.00338901 -0.00338649 -0.00334001 -0.00327814 -0.00313547 -0.0029303 -0.00260241 -0.0021346 -0.0014939 -0.000611043 0.000529246 0.0020435 0.00396191 0.00639444 0.00938773 0.0129614 0.0171497 0.0218752 0.0271351 0.0328086 0.0387735 0.0448575 0.0507838 0.0563606 0.0613162 0.0654615 0.0686152 0.0705674 0.0712631 0.0706287 0.068694 0.0655242 0.0611455 0.0557448 0.049486 0.0425346 0.0350716 0.027177 0.0190139 0.0107245 0.00238016 -0.00585986 -0.0138878 -0.0216321 -0.028983 -0.0358561 -0.0421151 -0.0476503 -0.0524619 -0.0564945 -0.0596632 -0.0619784 -0.0634778 -0.064193 -0.0642029 -0.0636093 -0.0624854 -0.0609351 -0.0591285 -0.0571819 -0.0551572 -0.0531856 -0.0513774 -0.049765 -0.0484575 -0.0475637 
0 0.00436931 0.00872106 0.0130701 0.0173927 0.0216103 0.0256781 0.0295726 0.0332189 0.0365266 0.0393965 0.0416972 0.0433461 0.0442955 0.0444417 0.0437025 0.0420736 0.0395559 0.0361604 0.0319393 0.0269464 0.02124 0.0149478 0.0082185 0.00111376 -0.00630415 -0.0139094 -0.0216046 -0.029288 -0.0368692 -0.0442748 -0.0513535 -0.0579911 -0.0640617 -0.0693469 -0.0737036 -0.0769837 -0.0790798 -0.0799571 -0.0795162 -0.077791 -0.0748693 -0.0708699 -0.0660234 -0.0604869 -0.0545199 -0.0483777 -0.0422709 -0.0364495 -0.0310052 -0.0260725 -0.0217039 -0.0179186 -0.0147636 -0.0121551 -0.0100877 -0.00844662 -0.00717111 -0.00620174 -0.00544788 -0.0049124 -0.00449948 -0.00422794 -0.00402799 -0.00389627 -0.00381299 -0.0037421 -0.00371171 -0.00366425 -0.00365156 -0.00361609 -0.00360459 -0.00357971 -0.00356324 -0.00354873 -0.00352658 -0.00352071 -0.0034949 -0.00349468 -0.00346817 -0.00347039 -0.0034459 -0.00344797 -0.00342738 -0.00342765 -0.00341193 -0.00340966 -0.00339897 -0.00339413 -0.00338812 -0.00338112 -0.00337917 -0.00337061 -0.003372 -0.00336254 -0.00336661 -0.00335685 -0.00336299 -0.00335345 -0.00336118 -0.00335233 -0.00336118 -0.00335345 -0.00336299 -0.00335685 -0.00336661 -0.00336254 -0.003372 -0.00337061 -0.00337917 -0.00338112 -0.00338812 -0.00339413 -0.00339897 -0.00340966 -0.00341193 -0.00342765 -0.00342738 -0.00344797 -0.0034459 -0.00347039 -0.00346817 -0.00349467 -0.0034949 -0.00352069 -0.00352653 -0.0035486 -0.0035629 -0.00357886 -0.00360253 -0.00361128 -0.00364081 -0.00364118 -0.00366425 -0.00364853 -0.00363619 -0.00357619 -0.00347254 -0.00330315 -0.00301998 -0.00263249 -0.00205258 -0.00129525 -0.000259993 0.00108271 0.00281682 0.00503737 0.00777495 0.0111292 0.0150602 0.0195926 0.024666 0.0301989 0.0361188 0.0422083 0.0483002 0.0541177 0.0594256 0.0640352 0.0676999 0.070289 0.0716406 0.0717051 0.0705342 0.0681397 0.0646313 0.060096 0.0546732 0.0485722 0.0419053 0.0348194 0.0274474 0.0198617 0.0121529 0.00436248 -0.00342409 -0.0110738 -0.0185432 -0.0257865 -0.0326947 -0.0391605 -0.0450889 -0.0503981 -0.0550241 -0.0589165 -0.0620286 -0.0643302 -0.0658402 -0.0666196 -0.0667534 -0.0663197 -0.0653822 -0.0640621 -0.0625113 -0.0608209 -0.0590939 -0.0574743 -0.0560444 -0.0548494 -0.0539589 
0 0.00482445 0.00962752 0.0143809 0.0189981 0.0234265 0.0276695 0.0316292 0.0351665 0.0382353 0.040749 0.042581 0.0437055 0.0440615 0.043519 0.0420736 0.0397812 0.0366471 0.0327111 0.0280473 0.0227403 0.0169044 0.0106446 0.00405776 -0.00276919 -0.00977858 -0.0168905 -0.0239987 -0.031048 -0.0380296 -0.0448856 -0.0515146 -0.0578158 -0.0636575 -0.0689027 -0.0733892 -0.0769415 -0.0794628 -0.0808381 -0.080972 -0.0798408 -0.0774494 -0.0739396 -0.0694674 -0.0642084 -0.0584087 -0.0522731 -0.0460835 -0.0400515 -0.0343394 -0.0290994 -0.0243705 -0.020248 -0.0167262 -0.0138029 -0.0114485 -0.00955899 -0.00810305 -0.00695758 -0.00609769 -0.00544812 -0.00496633 -0.00463519 -0.00438431 -0.00423538 -0.00411263 -0.0040473 -0.00398867 -0.00395032 -0.00392264 -0.00388815 -0.00387561 -0.0038405 -0.00383445 -0.00380137 -0.00379611 -0.00376869 -0.00376065 -0.00374111 -0.0037287 -0.00371742 -0.00370069 -0.00369668 -0.00367673 -0.00367829 -0.00365663 -0.00366193 -0.00364003 -0.00364754 -0.00362654 -0.00363515 -0.0036158 -0.00362485 -0.00360751 -0.00361674 -0.00360146 -0.00361089 -0.00359749 -0.00360736 -0.00359552 -0.00360618 -0.00359552 -0.00360736 -0.00359749 -0.00361089 -0.00360146 -0.00361674 -0.00360751 -0.00362485 -0.0036158 -0.00363515 -0.00362654 -0.00364754 -0.00364003 -0.00366193 -0.00365663 -0.00367829 -0.00367673 -0.00369668 -0.00370069 -0.00371742 -0.0037287 -0.0037411 -0.00376064 -0.00376866 -0.00379603 -0.00380115 -0.00383388 -0.00383911 -0.00387232 -0.00388067 -0.0039063 -0.00391607 -0.00391986 -0.00391476 -0.00386796 -0.00380242 -0.00364944 -0.00343739 -0.00308772 -0.002605 -0.0019303 -0.00101602 0.000172845 0.00174543 0.0037318 0.0062553 0.0093403 0.0130322 0.017336 0.0221901 0.0275779 0.0333651 0.0394432 0.045605 0.0516003 0.0572147 0.0621841 0.0663355 0.0694683 0.07142 0.0721326 0.0715794 0.0698496 0.0670271 0.0632035 0.0585404 0.0531789 0.0472707 0.0409392 0.0342848 0.0274378 0.0204689 0.0133838 0.0062056 -0.00101088 -0.00820792 -0.0153381 -0.0223544 -0.0291914 -0.0357564 -0.0419591 -0.0476933 -0.0528338 -0.0573432 -0.0612062 -0.0643248 -0.0666757 -0.06832 -0.0692684 -0.0695797 -0.0693742 -0.0687126 -0.0676886 -0.0664706 -0.0651687 -0.0638599 -0.0626572 -0.0616463 -0.0608811 
0 0.00526784 0.0104345 0.0154767 0.0203474 0.0249688 0.0292736 0.0331541 0.036504 0.0392582 0.0413358 0.0426681 0.0432018 0.042862 0.0416349 0.0395559 0.0366471 0.0329734 0.0285952 0.0235755 0.0180817 0.0122379 0.00608794 -0.000256464 -0.00670865 -0.0132295 -0.0197456 -0.0262214 -0.0326424 -0.0389998 -0.0452955 -0.0514489 -0.057354 -0.0629349 -0.0680782 -0.0726369 -0.0764471 -0.0793501 -0.0812191 -0.0819392 -0.0814143 -0.0796306 -0.0766608 -0.0726353 -0.067738 -0.0621582 -0.0561269 -0.0499036 -0.0437167 -0.0377868 -0.0322478 -0.0272071 -0.0227399 -0.0188687 -0.0156251 -0.0129556 -0.0108203 -0.00913557 -0.0078175 -0.00681445 -0.00603993 -0.00547792 -0.00505778 -0.0047675 -0.00456533 -0.00442388 -0.00433809 -0.00426585 -0.00423085 -0.00418763 -0.00416889 -0.00413961 -0.00412217 -0.00410234 -0.00408135 -0.00406898 -0.00404437 -0.00403731 -0.00401099 -0.00400683 -0.00398123 -0.00397781 -0.00395499 -0.00395079 -0.00393209 -0.00392631 -0.0039123 -0.00390477 -0.00389544 -0.00388641 -0.00388135 -0.00387129 -0.00386992 -0.00385938 -0.00386109 -0.00385058 -0.00385481 -0.00384478 -0.00385105 -0.00384191 -0.0038498 -0.00384191 -0.00385105 -0.00384478 -0.00385481 -0.00385058 -0.00386109 -0.00385938 -0.00386992 -0.00387129 -0.00388135 -0.00388641 -0.00389544 -0.00390477 -0.0039123 -0.00392631 -0.00393209 -0.00395079 -0.00395499 -0.00397781 -0.00398123 -0.00400683 -0.00401099 -0.00403729 -0.00404432 -0.00406884 -0.00408099 -0.00410142 -0.00411995 -0.00413447 -0.00415748 -0.00416327 -0.00418096 -0.00416787 -0.00415362 -0.00409095 -0.00398905 -0.00380998 -0.00352819 -0.00312315 -0.002535 -0.00175043 -0.000684319 0.00070055 0.00249882 0.00478454 0.00761975 0.0110683 0.0151168 0.0197678 0.0249545 0.0306053 0.036607 0.042773 0.0488986 0.0547223 0.060016 0.0645715 0.0681904 0.0707163 0.072024 0.072081 0.0709403 0.0686896 0.0654461 0.0613548 0.0565821 0.0512999 0.0456293 0.0396523 0.0334812 0.0272007 0.0208422 0.0144111 0.00788034 0.00126659 -0.00540955 -0.0121524 -0.0188782 -0.0255172 -0.0320548 -0.0383925 -0.0444104 -0.0500077 -0.0550852 -0.0596042 -0.0635049 -0.0667083 -0.0692229 -0.0710533 -0.0722129 -0.072816 -0.0729434 -0.0726373 -0.072034 -0.0712631 -0.0703926 -0.0695331 -0.0687993 -0.0682528 
