0 0 0 0 0 0 0 0 0 0 0 0 0 0 0 0 0 0 0 0 0 0 0 0 0 0 0 0 0 0 0 0 0 0 0 0 0 0 0 0 0 0 0 0 0 0 0 0 0 0 0 0 0 0 0 0 0 0 0 0 0 0 0 0 0 0 0 0 0 0 0 0 0 0 0 0 0 0 0 0 0 0 0 0 0 0 0 0 0 0 0 0 0 0 0 0 0 0 0 0 0 0 0 0 0 0 0 0 0 0 0 0 0 0 0 0 0 0 0 0 0 0 0 0 0 0 0 0 0 0 0 0 0 0 0 0 0 0 0 0 0 0 0 0 0 0 0 0 0 0 0 0 0 0 0 0 0 0 0 0 0 0 0 0 0 0 0 0 0 0 0 0 0 0 0 0 0 0 0 0 0 0 0 0 0 0 0 0 0 0 0 0 0 0 0 0 0 0 0 0 
0 0.00110466 0.00219526 0.00318051 0.00391649 0.00430671 0.00435807 0.00413272 0.00366526 0.002945 0.00196781 0.000780711 -0.000528247 -0.00186896 -0.00317392 -0.00439774 -0.00550471 -0.00645968 -0.00723123 -0.00780288 -0.00817854 -0.00837694 -0.00842169 -0.00833362 -0.00812865 -0.0078215 -0.00743093 -0.006981 -0.00649854 -0.0060086 -0.00552989 -0.00507302 -0.00464219 -0.00423798 -0.0038605 -0.00351125 -0.00319296 -0.00290847 -0.00265925 -0.00244428 -0.0022601 -0.00210157 -0.00196305 -0.00183967 -0.00172801 -0.00162628 -0.00153413 -0.00145182 -0.00137976 -0.00131789 -0.00126544 -0.00122105 -0.00118285 -0.00114892 -0.00111752 -0.00108732 -0.00105759 -0.00102807 -0.000998965 -0.000970765 -0.000944037 -0.00091934 -0.000897061 -0.000877401 -0.000860345 -0.000845682 -0.000833079 -0.000822101 -0.000812317 -0.000803298 -0.000794694 -0.000786229 -0.000777716 -0.000769061 -0.00076023 -0.000751266 -0.000742233 -0.000733237 -0.000724377 -0.000715765 -0.00070749 -0.000699633 -0.000692254 -0.000685391 -0.000679073 -0.000673299 -0.000668073 -0.000663371 -0.000659177 -0.000655457 -0.000652188 -0.000649331 -0.000646866 -0.000644756 -0.000642982 -0.000641517 -0.000640347 -0.00063945 -0.000638821 -0.000638445 -0.000638321 -0.000638445 -0.000638821 -0.00063945 -0.000640347 -0.000641517 -0.000642982 -0.000644756 -0.000646866 -0.000649331 -0.000652188 -0.000655457 -0.000659177 -0.000663371 -0.000668073 -0.000673299 -0.000679073 -0.000685391 -0.000692254 -0.000699633 -0.00070749 -0.000715765 -0.000724377 -0.000733237 -0.000742233 -0.000751266 -0.00076023 -0.000769061 -0.000777716 -0.000786229 -0.000794694 -0.000803298 -0.000812317 -0.000822101 -0.000833079 -0.000845682 -0.000860345 -0.000877401 -0.000897061 -0.00091934 -0.000944037 -0.000970765 -0.000998965 -0.00102807 -0.00105759 -0.00108732 -0.00111752 -0.00114892 -0.00118285 -0.00122105 -0.00126544 -0.00131789 -0.00137976 -0.00145182 -0.00153413 -0.00162628 -0.00172801 -0.00183967 -0.00196305 -0.00210157 -0.0022601 -0.00244428 -0.00265925 -0.00290847 -0.00319296 -0.00351125 -0.0038605 -0.00423798 -0.00464219 -0.00507302 -0.00552987 -0.00600854 -0.00649834 -0.00698043 -0.00742943 -0.00781776 -0.00811985 -0.00831418 -0.00838131 -0.00829811 -0.00803395 -0.00755381 -0.00682803 -0.00584511 -0.004619 -0.00318144 -0.00156342 0.000218471 0.00215881 0.00424324 0.00642455 0.00862044 0.0107452 0.0127463 0.0146033 0.016294 0.0177751 0.0189986 0.0199353 0.0205756 
0 0.00219526 0.00428613 0.00611245 0.00748647 0.00827678 0.00845119 0.00804263 0.00709509 0.00564835 0.0037559 0.00150124 -0.00100006 -0.00360904 -0.00618239 -0.00859567 -0.0107568 -0.012606 -0.0141109 -0.0152593 -0.0160522 -0.0165015 -0.0166308 -0.0164747 -0.0160763 -0.0154833 -0.014744 -0.0139025 -0.0129978 -0.0120634 -0.0111277 -0.0102143 -0.00934245 -0.00852601 -0.00777373 -0.00708932 -0.00647233 -0.00591963 -0.00542667 -0.00498854 -0.00460072 -0.004259 -0.00395941 -0.003698 -0.00347046 -0.00327235 -0.00309915 -0.00294652 -0.00281072 -0.00268866 -0.00257808 -0.00247745 -0.00238574 -0.00230234 -0.00222675 -0.00215847 -0.00209692 -0.00204135 -0.00199097 -0.00194491 -0.00190235 -0.00186257 -0.00182499 -0.0017892 -0.00175492 -0.00172205 -0.00169058 -0.00166055 -0.00163206 -0.00160519 -0.00158002 -0.00155656 -0.00153483 -0.00151476 -0.00149628 -0.00147929 -0.00146367 -0.00144928 -0.001436 -0.00142372 -0.00141231 -0.0014017 -0.0013918 -0.00138255 -0.0013739 -0.00136581 -0.00135826 -0.00135124 -0.00134473 -0.00133873 -0.00133324 -0.00132825 -0.00132379 -0.00131983 -0.0013164 -0.00131348 -0.00131109 -0.00130923 -0.0013079 -0.0013071 -0.00130684 -0.0013071 -0.0013079 -0.00130923 -0.00131109 -0.00131348 -0.0013164 -0.00131983 -0.00132379 -0.00132825 -0.00133324 -0.00133873 -0.00134473 -0.00135124 -0.00135826 -0.00136581 -0.0013739 -0.00138255 -0.0013918 -0.0014017 -0.00141231 -0.00142372 -0.001436 -0.00144928 -0.00146367 -0.00147929 -0.00149628 -0.00151476 -0.00153483 -0.00155656 -0.00158002 -0.00160519 -0.00163206 -0.00166055 -0.00169058 -0.00172205 -0.00175492 -0.0017892 -0.00182499 -0.00186257 -0.00190235 -0.00194491 -0.00199097 -0.00204135 -0.00209692 -0.00215847 -0.00222675 -0.00230234 -0.00238574 -0.00247745 -0.00257808 -0.00268866 -0.00281072 -0.00294652 -0.00309915 -0.00327235 -0.00347046 -0.003698 -0.00395941 -0.004259 -0.00460072 -0.00498854 -0.00542667 -0.00591963 -0.00647233 -0.00708932 -0.00777373 -0.00852601 -0.00934244 -0.0102143 -0.0111276 -0.0120632 -0.0129972 -0.013901 -0.0147401 -0.0154739 -0.0160548 -0.0164288 -0.016538 -0.016325 -0.0157363 -0.0147269 -0.0132652 -0.0113358 -0.00894441 -0.00611842 -0.00290119 0.000657876 0.00450821 0.00859411 0.0128406 0.0171371 0.0213443 0.0253317 0.0290129 0.0323365 0.0352471 0.0376697 0.039535 0.0408091 
0 0.00318051 0.00611245 0.00859389 0.0104763 0.0116382 0.0119753 0.0114354 0.010058 0.00795695 0.00526095 0.00208406 -0.0014465 -0.00515955 -0.00885353 -0.0123387 -0.0154715 -0.018166 -0.0203831 -0.0221081 -0.0233357 -0.0240725 -0.0243433 -0.0241935 -0.0236862 -0.0228931 -0.0218834 -0.0207183 -0.0194503 -0.0181241 -0.0167798 -0.0154539 -0.0141772 -0.0129735 -0.0118585 -0.0108388 -0.00991466 -0.00908174 -0.00833375 -0.00766444 -0.00706823 -0.00654006 -0.00607522 -0.00566843 -0.00531369 -0.00500449 -0.0047339 -0.00449539 -0.0042832 -0.0040926 -0.00392018 -0.00376352 -0.00362104 -0.00349171 -0.00337461 -0.00326892 -0.00317359 -0.0030875 -0.0030094 -0.00293797 -0.00287208 -0.00281063 -0.00275282 -0.00269803 -0.00264587 -0.00259614 -0.00254874 -0.00250372 -0.0024611 -0.00242094 -0.00238329 -0.00234813 -0.00231543 -0.00228508 -0.00225699 -0.00223098 -0.00220693 -0.00218464 -0.00216397 -0.00214477 -0.00212689 -0.00211024 -0.00209469 -0.0020802 -0.00206665 -0.00205405 -0.00204231 -0.00203145 -0.00202141 -0.0020122 -0.0020038 -0.00199621 -0.00198942 -0.00198344 -0.00197825 -0.00197387 -0.00197028 -0.00196749 -0.00196549 -0.0019643 -0.0019639 -0.0019643 -0.00196549 -0.00196749 -0.00197028 -0.00197387 -0.00197825 -0.00198344 -0.00198942 -0.00199621 -0.0020038 -0.0020122 -0.00202141 -0.00203145 -0.00204231 -0.00205405 -0.00206665 -0.0020802 -0.00209469 -0.00211024 -0.00212689 -0.00214477 -0.00216397 -0.00218464 -0.00220693 -0.00223098 -0.00225699 -0.00228508 -0.00231543 -0.00234813 -0.00238329 -0.00242094 -0.0024611 -0.00250372 -0.00254874 -0.00259614 -0.00264587 -0.00269803 -0.00275282 -0.00281063 -0.00287208 -0.00293797 -0.0030094 -0.0030875 -0.00317359 -0.00326892 -0.00337461 -0.00349171 -0.00362104 -0.00376352 -0.00392018 -0.0040926 -0.0042832 -0.00449539 -0.0047339 -0.00500449 -0.00531369 -0.00566843 -0.00607522 -0.00654006 -0.00706823 -0.00766444 -0.00833375 -0.00908174 -0.00991466 -0.0108388 -0.0118585 -0.0129735 -0.0141772 -0.0154539 -0.0167797 -0.0181236 -0.019449 -0.0207149 -0.021875 -0.0228736 -0.0236437 -0.0241059 -0.0241731 -0.0237605 -0.022796 -0.0212261 -0.0190186 -0.0161592 -0.0126475 -0.00850244 -0.00377003 0.00147623 0.00714129 0.0131164 0.0192864 0.0255251 0.0316759 0.0375554 0.0429968 0.0478883 0.0521549 0.0557136 0.0584715 0.0603636 
0 0.00391649 0.00748647 0.0104763 0.0127519 0.0141867 0.0146355 0.01401 0.0123419 0.00975587 0.00640558 0.00245422 -0.00191189 -0.00648513 -0.0110546 -0.0154217 -0.0194157 -0.0229097 -0.0258223 -0.0281114 -0.0297703 -0.0308216 -0.0313057 -0.0312755 -0.030794 -0.0299303 -0.0287583 -0.0273554 -0.0257968 -0.0241498 -0.0224721 -0.0208085 -0.0191918 -0.0176465 -0.0161899 -0.0148343 -0.0135884 -0.0124564 -0.0114381 -0.0105296 -0.00972292 -0.00900835 -0.00837535 -0.00781372 -0.00731487 -0.00687159 -0.00647806 -0.00612962 -0.00582173 -0.00555015 -0.00531041 -0.0050979 -0.0049083 -0.00473742 -0.00458183 -0.00443875 -0.00430612 -0.00418269 -0.00406761 -0.00396053 -0.00386122 -0.00376947 -0.00368511 -0.00360768 -0.00353676 -0.00347169 -0.0034118 -0.00335639 -0.00330477 -0.00325637 -0.00321063 -0.00316721 -0.00312576 -0.00308612 -0.00304816 -0.00301182 -0.00297712 -0.00294404 -0.00291266 -0.00288296 -0.00285502 -0.0028288 -0.00280434 -0.00278159 -0.00276054 -0.00274114 -0.00272334 -0.00270709 -0.00269232 -0.00267899 -0.00266701 -0.00265635 -0.00264695 -0.00263877 -0.00263175 -0.00262589 -0.00262111 -0.00261745 -0.00261482 -0.00261327 -0.00261273 -0.00261327 -0.00261482 -0.00261745 -0.00262111 -0.00262589 -0.00263175 -0.00263877 -0.00264695 -0.00265635 -0.00266701 -0.00267899 -0.00269232 -0.00270709 -0.00272334 -0.00274114 -0.00276054 -0.00278159 -0.00280434 -0.0028288 -0.00285502 -0.00288296 -0.00291266 -0.00294404 -0.00297712 -0.00301182 -0.00304816 -0.00308612 -0.00312576 -0.00316721 -0.00321063 -0.00325637 -0.00330477 -0.00335639 -0.0034118 -0.00347169 -0.00353676 -0.00360768 -0.00368511 -0.00376947 -0.00386122 -0.00396053 -0.00406761 -0.00418269 -0.00430612 -0.00443875 -0.00458183 -0.00473742 -0.0049083 -0.0050979 -0.00531041 -0.00555015 -0.00582173 -0.00612962 -0.00647806 -0.00687159 -0.00731487 -0.00781372 -0.00837535 -0.00900835 -0.00972292 -0.0105296 -0.0114381 -0.0124564 -0.0135884 -0.0148343 -0.0161899 -0.0176465 -0.0191918 -0.0208083 -0.0224717 -0.0241487 -0.0257939 -0.0273483 -0.0287414 -0.0298929 -0.030716 -0.0311215 -0.0310188 -0.0303166 -0.0289297 -0.0267848 -0.0238301 -0.0200459 -0.0154442 -0.0100604 -0.00394995 0.00281064 0.0101191 0.0178361 0.0257855 0.0337834 0.041659 0.0492374 0.0563203 0.0627114 0.0682603 0.0728658 0.076445 0.0789159 
0 0.00430671 0.00827678 0.0116382 0.0141867 0.0157597 0.0162394 0.015571 0.0137614 0.0108794 0.00707532 0.00257656 -0.00236842 -0.00753983 -0.0127418 -0.0177803 -0.0224681 -0.0266429 -0.0301825 -0.0330193 -0.0351419 -0.0365745 -0.0373588 -0.0375484 -0.0372041 -0.0363942 -0.0351976 -0.0337002 -0.0319866 -0.0301357 -0.0282154 -0.0262795 -0.0243706 -0.0225217 -0.0207577 -0.019098 -0.0175562 -0.0161396 -0.0148513 -0.0136885 -0.0126451 -0.0117126 -0.010881 -0.0101405 -0.00948198 -0.00889654 -0.00837674 -0.00791547 -0.00750612 -0.00714279 -0.00681952 -0.00653117 -0.00627291 -0.00604038 -0.00583013 -0.00563889 -0.00546428 -0.00530422 -0.00515699 -0.00502135 -0.00489602 -0.00478014 -0.00467276 -0.00457313 -0.00448058 -0.00439436 -0.00431404 -0.00423895 -0.00416873 -0.00410292 -0.00404116 -0.00398318 -0.00392864 -0.00387741 -0.00382917 -0.00378385 -0.0037412 -0.00370115 -0.00366353 -0.00362824 -0.00359518 -0.00356423 -0.00353536 -0.00350841 -0.00348339 -0.00346015 -0.00343871 -0.00341894 -0.00340086 -0.00338435 -0.00336944 -0.00335602 -0.00334414 -0.00333369 -0.00332471 -0.00331712 -0.00331096 -0.00330617 -0.00330276 -0.00330072 -0.00330004 -0.00330072 -0.00330276 -0.00330617 -0.00331096 -0.00331712 -0.00332471 -0.00333369 -0.00334414 -0.00335602 -0.00336944 -0.00338435 -0.00340086 -0.00341894 -0.00343871 -0.00346015 -0.00348339 -0.00350841 -0.00353536 -0.00356423 -0.00359518 -0.00362824 -0.00366353 -0.00370115 -0.0037412 -0.00378385 -0.00382917 -0.00387741 -0.00392864 -0.00398318 -0.00404116 -0.00410292 -0.00416873 -0.00423895 -0.00431404 -0.00439436 -0.00448058 -0.00457313 -0.00467276 -0.00478014 -0.00489602 -0.00502135 -0.00515699 -0.00530422 -0.00546428 -0.00563889 -0.00583013 -0.00604038 -0.00627291 -0.00653117 -0.00681952 -0.00714279 -0.00750612 -0.00791547 -0.00837674 -0.00889654 -0.00948198 -0.0101405 -0.010881 -0.0117126 -0.0126451 -0.0136885 -0.0148513 -0.0161396 -0.0175562 -0.019098 -0.0207577 -0.0225217 -0.0243704 -0.0262791 -0.0282145 -0.0301333 -0.0319805 -0.0336858 -0.0351654 -0.036326 -0.0370679 -0.0372912 -0.0368998 -0.0357996 -0.0339011 -0.0311281 -0.0274231 -0.02276 -0.017153 -0.0106457 -0.00329879 0.00480517 0.0135516 0.0227833 0.0322927 0.0418452 0.0512337 0.0602888 0.0688183 0.076573 0.0833114 0.0888795 0.0931946 0.0961719 
0 0.00435807 0.00845119 0.0119753 0.0146355 0.0162394 0.0167138 0.0160308 0.0141654 0.011156 0.00716501 0.00243562 -0.00279582 -0.00831984 -0.0139275 -0.0194094 -0.0245725 -0.0292478 -0.0333048 -0.0366647 -0.0392909 -0.0411757 -0.0423428 -0.0428427 -0.0427407 -0.0421147 -0.0410483 -0.0396214 -0.0379115 -0.0359946 -0.0339412 -0.0318178 -0.0296845 -0.0275896 -0.0255698 -0.023651 -0.0218474 -0.020167 -0.0186137 -0.0171877 -0.0158886 -0.014714 -0.0136591 -0.0127177 -0.0118807 -0.0111377 -0.0104779 -0.00989013 -0.00936493 -0.00889384 -0.0084701 -0.00808878 -0.00774536 -0.00743665 -0.00715937 -0.0069103 -0.00668657 -0.00648469 -0.00630182 -0.00613494 -0.00598143 -0.0058393 -0.00570657 -0.00558224 -0.00546518 -0.00535496 -0.00525119 -0.00515358 -0.00506214 -0.00497652 -0.00489679 -0.00482252 -0.00475361 -0.00468967 -0.00463037 -0.00457541 -0.00452431 -0.00447691 -0.00443269 -0.00439156 -0.00435308 -0.00431721 -0.00428362 -0.00425228 -0.00422301 -0.00419574 -0.00417041 -0.00414693 -0.00412533 -0.00410548 -0.00408747 -0.00407115 -0.00405666 -0.00404382 -0.0040328 -0.0040234 -0.0040158 -0.00400982 -0.00400563 -0.00400304 -0.00400224 -0.00400304 -0.00400563 -0.00400982 -0.0040158 -0.0040234 -0.0040328 -0.00404382 -0.00405666 -0.00407115 -0.00408747 -0.00410548 -0.00412533 -0.00414693 -0.00417041 -0.00419574 -0.00422301 -0.00425228 -0.00428362 -0.00431721 -0.00435308 -0.00439156 -0.00443269 -0.00447691 -0.00452431 -0.00457541 -0.00463037 -0.00468967 -0.00475361 -0.00482252 -0.00489679 -0.00497652 -0.00506214 -0.00515358 -0.00525119 -0.00535496 -0.00546518 -0.00558224 -0.00570657 -0.0058393 -0.00598143 -0.00613494 -0.00630182 -0.00648469 -0.00668657 -0.0069103 -0.00715937 -0.00743665 -0.00774536 -0.00808878 -0.0084701 -0.00889384 -0.00936493 -0.00989013 -0.0104779 -0.0111377 -0.0118807 -0.0127177 -0.0136591 -0.014714 -0.0158886 -0.0171877 -0.0186137 -0.020167 -0.0218474 -0.023651 -0.0255698 -0.0275895 -0.0296843 -0.031817 -0.0339392 -0.0359895 -0.0378994 -0.039594 -0.0409895 -0.0419958 -0.0425133 -0.0424316 -0.0416395 -0.0400349 -0.0375302 -0.0340654 -0.029607 -0.0241356 -0.0176471 -0.0101626 -0.00173213 0.00754766 0.0175196 0.0279898 0.038759 0.0496161 0.0603289 0.0706659 0.080402 0.0892901 0.0970669 0.103513 0.108485 0.111883 
0 0.00413272 0.00804263 0.0114354 0.01401 0.015571 0.0160308 0.0153391 0.0134801 0.010526 0.00662946 0.00196579 -0.00327808 -0.00888314 -0.0146217 -0.0202928 -0.0257157 -0.0307241 -0.0351849 -0.0390009 -0.042102 -0.0444571 -0.0460777 -0.047 -0.0472786 -0.0469843 -0.0461894 -0.0449665 -0.0433939 -0.0415478 -0.0395019 -0.037329 -0.0350926 -0.032846 -0.0306352 -0.0284939 -0.0264471 -0.0245144 -0.0227065 -0.0210305 -0.0194893 -0.0180806 -0.016801 -0.0156442 -0.0146017 -0.0136661 -0.0128277 -0.0120778 -0.0114081 -0.0108095 -0.0102749 -0.00979637 -0.00936707 -0.0089813 -0.00863301 -0.00831801 -0.008032 -0.00777154 -0.00753411 -0.00731679 -0.00711802 -0.00693557 -0.006768 -0.00661387 -0.00647154 -0.00634015 -0.00621809 -0.00610474 -0.00599888 -0.00589987 -0.00580706 -0.00571971 -0.00563767 -0.0055602 -0.00548741 -0.00541867 -0.0053541 -0.00529333 -0.00523631 -0.00518291 -0.00513289 -0.00508633 -0.00504283 -0.0050026 -0.00496517 -0.00493078 -0.00489897 -0.00486996 -0.00484335 -0.00481932 -0.00479755 -0.00477816 -0.00476092 -0.0047459 -0.00473294 -0.00472208 -0.00471323 -0.00470638 -0.0047015 -0.00469858 -0.00469761 -0.00469858 -0.0047015 -0.00470638 -0.00471323 -0.00472208 -0.00473294 -0.0047459 -0.00476092 -0.00477816 -0.00479755 -0.00481932 -0.00484335 -0.00486996 -0.00489897 -0.00493078 -0.00496517 -0.0050026 -0.00504283 -0.00508633 -0.00513289 -0.00518291 -0.00523631 -0.00529333 -0.0053541 -0.00541867 -0.00548741 -0.0055602 -0.00563767 -0.00571971 -0.00580706 -0.00589987 -0.00599888 -0.00610474 -0.00621809 -0.00634015 -0.00647154 -0.00661387 -0.006768 -0.00693557 -0.00711802 -0.00731679 -0.00753411 -0.00777154 -0.008032 -0.00831801 -0.00863301 -0.0089813 -0.00936707 -0.00979637 -0.0102749 -0.0108095 -0.0114081 -0.0120778 -0.0128277 -0.0136661 -0.0146017 -0.0156442 -0.016801 -0.0180806 -0.0194893 -0.0210305 -0.0227065 -0.0245144 -0.0264471 -0.0284939 -0.0306352 -0.0328458 -0.035092 -0.0373274 -0.0394977 -0.0415377 -0.0433708 -0.0449165 -0.0460869 -0.0467856 -0.0469145 -0.0463687 -0.0450403 -0.0428364 -0.0396823 -0.0355248 -0.0303397 -0.0241152 -0.0168362 -0.00850677 0.000822368 0.0110443 0.0219873 0.0334354 0.0451899 0.0570778 0.0688767 0.080283 0.0909912 0.100758 0.109363 0.116555 0.122098 0.125848 
0 0.00366526 0.00709509 0.010058 0.0123419 0.0137614 0.0141654 0.0134801 0.0117391 0.00903247 0.00544022 0.00106069 -0.00392761 -0.00930245 -0.0148755 -0.0204867 -0.0259652 -0.0311427 -0.0358735 -0.0400327 -0.0435352 -0.0463497 -0.0484713 -0.049907 -0.0506862 -0.0508518 -0.0504562 -0.0495712 -0.0482765 -0.0466471 -0.0447583 -0.0426785 -0.0404654 -0.038176 -0.0358618 -0.0335663 -0.0313311 -0.0291868 -0.0271542 -0.0252486 -0.0234746 -0.021833 -0.0203227 -0.0189378 -0.0176747 -0.0165282 -0.0154915 -0.0145595 -0.0137236 -0.0129758 -0.0123077 -0.0117092 -0.0111728 -0.0106898 -0.0102532 -0.00985782 -0.00949785 -0.0091704 -0.00887153 -0.00859885 -0.00835021 -0.00812282 -0.00791548 -0.00772538 -0.0075513 -0.00739113 -0.00724321 -0.00710644 -0.00697892 -0.00686029 -0.00674892 -0.00664466 -0.00654651 -0.00645418 -0.00636737 -0.00628548 -0.00620874 -0.00613636 -0.00606879 -0.00600522 -0.00594608 -0.00589071 -0.00583934 -0.00579156 -0.00574735 -0.00570657 -0.00566895 -0.00563462 -0.0056031 -0.00557471 -0.00554887 -0.00552601 -0.00550549 -0.00548782 -0.00547235 -0.00545961 -0.00544899 -0.00544102 -0.00543509 -0.00543178 -0.00543048 -0.00543178 -0.00543509 -0.00544102 -0.00544899 -0.00545961 -0.00547235 -0.00548782 -0.00550549 -0.00552601 -0.00554887 -0.00557471 -0.0056031 -0.00563462 -0.00566895 -0.00570657 -0.00574735 -0.00579156 -0.00583934 -0.00589071 -0.00594608 -0.00600522 -0.00606879 -0.00613636 -0.00620874 -0.00628548 -0.00636737 -0.00645418 -0.00654651 -0.00664466 -0.00674892 -0.00686029 -0.00697892 -0.00710644 -0.00724321 -0.00739113 -0.0075513 -0.00772538 -0.00791548 -0.00812282 -0.00835021 -0.00859885 -0.00887153 -0.0091704 -0.00949785 -0.00985782 -0.0102532 -0.0106898 -0.0111728 -0.0117092 -0.0123077 -0.0129758 -0.0137236 -0.0145595 -0.0154915 -0.0165282 -0.0176747 -0.0189378 -0.0203227 -0.021833 -0.0234746 -0.0252486 -0.0271542 -0.0291868 -0.0313311 -0.0335663 -0.0358616 -0.0381755 -0.0404641 -0.0426752 -0.0447501 -0.0466279 -0.0482344 -0.0494837 -0.0502844 -0.0505327 -0.0501253 -0.048973 -0.0469931 -0.044117 -0.0402956 -0.0354804 -0.029625 -0.0227047 -0.0147111 -0.00566021 0.00437396 0.0152688 0.0268865 0.0390621 0.0515925 0.0642648 0.0768451 0.0890299 0.100481 0.110921 0.120133 0.12787 0.133858 0.137905 
0 0.002945 0.00564835 0.00795695 0.00975587 0.0108794 0.011156 0.010526 0.00903247 0.00670714 0.00355953 -0.000327219 -0.00478927 -0.00967144 -0.0148444 -0.020159 -0.0254569 -0.0305954 -0.0354271 -0.0398115 -0.0436578 -0.0469103 -0.0495262 -0.0514937 -0.0528259 -0.0535399 -0.0536735 -0.0532829 -0.0524227 -0.0511568 -0.049557 -0.0476868 -0.0456122 -0.0433989 -0.0410998 -0.0387664 -0.0364431 -0.0341621 -0.0319545 -0.0298428 -0.0278418 -0.0259658 -0.02422 -0.022606 -0.0211246 -0.0197687 -0.0185332 -0.0174107 -0.0163915 -0.0154696 -0.0146358 -0.0138834 -0.0132062 -0.0125959 -0.0120479 -0.0115545 -0.0111102 -0.0107095 -0.0103459 -0.0100162 -0.00971449 -0.00943826 -0.00918417 -0.00894935 -0.00873283 -0.00853169 -0.00834598 -0.00817349 -0.00801391 -0.00786619 -0.00772912 -0.00760267 -0.00748496 -0.00737643 -0.00727518 -0.00718154 -0.00709414 -0.00701284 -0.00693706 -0.00686613 -0.0068002 -0.0067382 -0.0066808 -0.00662674 -0.00657692 -0.00653013 -0.00648726 -0.00644727 -0.0064109 -0.00637738 -0.00634721 -0.0063199 -0.00629571 -0.0062744 -0.00625604 -0.00624057 -0.00622791 -0.00621815 -0.00621111 -0.00620698 -0.00620553 -0.00620698 -0.00621111 -0.00621815 -0.00622791 -0.00624057 -0.00625604 -0.0062744 -0.00629571 -0.0063199 -0.00634721 -0.00637738 -0.0064109 -0.00644727 -0.00648726 -0.00653013 -0.00657692 -0.00662674 -0.0066808 -0.0067382 -0.0068002 -0.00686613 -0.00693706 -0.00701284 -0.00709414 -0.00718154 -0.00727518 -0.00737643 -0.00748496 -0.00760267 -0.00772912 -0.00786619 -0.00801391 -0.00817349 -0.00834598 -0.00853169 -0.00873283 -0.00894935 -0.00918417 -0.00943826 -0.00971449 -0.0100162 -0.0103459 -0.0107095 -0.0111102 -0.0115545 -0.0120479 -0.0125959 -0.0132062 -0.0138834 -0.0146358 -0.0154696 -0.0163915 -0.0174107 -0.0185332 -0.0197687 -0.0211246 -0.022606 -0.02422 -0.0259658 -0.0278418 -0.0298428 -0.0319545 -0.0341621 -0.0364431 -0.0387662 -0.0410995 -0.0433979 -0.0456095 -0.0476801 -0.0495413 -0.0511219 -0.052349 -0.0531361 -0.0533969 -0.0530468 -0.051993 -0.0501579 -0.0474834 -0.0439142 -0.0394109 -0.0339436 -0.0274633 -0.0199282 -0.0113405 -0.00173669 0.00880628 0.0201634 0.0322147 0.0448601 0.0579304 0.0711482 0.0842133 0.096857 0.108798 0.119725 0.129346 0.137406 0.143669 0.147927 
0 0.00196781 0.0037559 0.00526095 0.00640558 0.00707532 0.00716501 0.00662946 0.00544022 0.00355953 0.000997335 -0.00217905 -0.00590889 -0.0101277 -0.0147053 -0.0194876 -0.0243687 -0.0292498 -0.0339963 -0.0384788 -0.0425856 -0.046205 -0.0492664 -0.0517526 -0.053654 -0.054971 -0.055727 -0.0559401 -0.055636 -0.0548681 -0.0536921 -0.0521692 -0.0503742 -0.0483684 -0.0462074 -0.0439486 -0.0416331 -0.0393015 -0.0369943 -0.0347386 -0.032564 -0.0304923 -0.0285345 -0.0267032 -0.0249999 -0.023423 -0.0219723 -0.0206391 -0.0194198 -0.018308 -0.0172951 -0.0163776 -0.0155457 -0.0147941 -0.0141162 -0.013503 -0.0129507 -0.0124501 -0.0119972 -0.0115862 -0.0112112 -0.0108702 -0.0105571 -0.010271 -0.0100077 -0.00976533 -0.00954244 -0.00933581 -0.00914587 -0.00896904 -0.00880606 -0.00865429 -0.00851358 -0.00838292 -0.00826091 -0.00814803 -0.00804202 -0.00794418 -0.00785209 -0.00776713 -0.00768732 -0.00761357 -0.00754471 -0.00748091 -0.00742189 -0.0073671 -0.00731702 -0.0072705 -0.00722861 -0.00718982 -0.00715553 -0.00712401 -0.00709685 -0.00707226 -0.00705189 -0.00703397 -0.00702013 -0.00700867 -0.00700122 -0.0069961 -0.00699494 -0.0069961 -0.00700122 -0.00700867 -0.00702013 -0.00703397 -0.00705189 -0.00707226 -0.00709685 -0.00712401 -0.00715553 -0.00718982 -0.00722861 -0.0072705 -0.00731702 -0.0073671 -0.00742189 -0.00748091 -0.00754471 -0.00761357 -0.00768732 -0.00776713 -0.00785209 -0.00794418 -0.00804202 -0.00814803 -0.00826091 -0.00838292 -0.00851358 -0.00865429 -0.00880606 -0.00896904 -0.00914587 -0.00933581 -0.00954244 -0.00976533 -0.0100077 -0.010271 -0.0105571 -0.0108702 -0.0112112 -0.0115862 -0.0119972 -0.0124501 -0.0129507 -0.013503 -0.0141162 -0.0147941 -0.0155457 -0.0163776 -0.0172951 -0.018308 -0.0194198 -0.0206391 -0.0219723 -0.023423 -0.0249999 -0.0267032 -0.0285345 -0.0304923 -0.032564 -0.0347386 -0.0369943 -0.0393015 -0.041633 -0.0439484 -0.0462066 -0.0483662 -0.0503689 -0.0521564 -0.0536634 -0.0548068 -0.0555121 -0.0557031 -0.0552981 -0.0542359 -0.0524581 -0.0498996 -0.046517 -0.0422704 -0.0371092 -0.0310062 -0.0239434 -0.01589 -0.00685101 0.00312034 0.0139687 0.0256203 0.0379569 0.050855 0.0641675 0.0776377 0.0909352 0.103785 0.115954 0.127135 0.136964 0.145154 0.15151 0.15584 
0 0.000780711 0.00150124 0.00208406 0.00245422 0.00257656 0.00243562 0.00196579 0.00106069 -0.000327219 -0.00217905 -0.00451623 -0.00739652 -0.0107861 -0.0145611 -0.0186285 -0.0229284 -0.0273651 -0.0318349 -0.0362401 -0.0404441 -0.0443112 -0.0477661 -0.0507511 -0.0532141 -0.0551456 -0.0565422 -0.0573945 -0.0577271 -0.0575726 -0.0569587 -0.0559404 -0.0545728 -0.0529042 -0.0510018 -0.0489227 -0.046716 -0.0444399 -0.0421332 -0.0398306 -0.0375687 -0.0353652 -0.0332428 -0.0312197 -0.0293022 -0.027505 -0.0258301 -0.0242778 -0.0228507 -0.0215392 -0.0203408 -0.019247 -0.0182476 -0.017339 -0.0165092 -0.0157547 -0.0150685 -0.0144432 -0.0138775 -0.013362 -0.0128958 -0.0124724 -0.0120874 -0.0117386 -0.0114189 -0.0111283 -0.0108603 -0.0106147 -0.0103875 -0.0101767 -0.00998201 -0.00979942 -0.00963096 -0.0094723 -0.00932572 -0.00918804 -0.00906029 -0.00894125 -0.00883015 -0.00872768 -0.00863153 -0.00854373 -0.00846107 -0.00838621 -0.00831578 -0.00825237 -0.00819302 -0.00813981 -0.00809053 -0.00804655 -0.00800649 -0.00797099 -0.00793945 -0.00791189 -0.00788834 -0.00786832 -0.00785235 -0.00783961 -0.00783095 -0.00782536 -0.00782386 -0.00782536 -0.00783095 -0.00783961 -0.00785235 -0.00786832 -0.00788834 -0.00791189 -0.00793945 -0.00797099 -0.00800649 -0.00804655 -0.00809053 -0.00813981 -0.00819302 -0.00825237 -0.00831578 -0.00838621 -0.00846107 -0.00854373 -0.00863153 -0.00872768 -0.00883015 -0.00894125 -0.00906029 -0.00918804 -0.00932572 -0.0094723 -0.00963096 -0.00979942 -0.00998201 -0.0101767 -0.0103875 -0.0106147 -0.0108603 -0.0111283 -0.0114189 -0.0117386 -0.0120874 -0.0124724 -0.0128958 -0.013362 -0.0138775 -0.0144432 -0.0150685 -0.0157547 -0.0165092 -0.017339 -0.0182476 -0.019247 -0.0203408 -0.0215392 -0.0228507 -0.0242778 -0.0258301 -0.027505 -0.0293022 -0.0312197 -0.0332428 -0.0353652 -0.0375687 -0.0398306 -0.0421332 -0.0444398 -0.0467158 -0.0489221 -0.0510002 -0.0529 -0.0545627 -0.0559171 -0.0569083 -0.0574692 -0.0575264 -0.0570256 -0.0559002 -0.0540856 -0.0515485 -0.0482486 -0.0441471 -0.0392327 -0.0334723 -0.0268173 -0.0192588 -0.0107985 -0.00143701 0.00877546 0.0197774 0.0315452 0.0440067 0.0569855 0.0702807 0.0836965 0.0969805 0.10984 0.121997 0.133152 0.142959 0.151111 0.157399 0.161643 
0 -0.000528247 -0.00100006 -0.0014465 -0.00191189 -0.00236842 -0.00279582 -0.00327808 -0.00392761 -0.00478927 -0.00590889 -0.00739652 -0.00933222 -0.0117126 -0.0145302 -0.0177741 -0.021359 -0.0251856 -0.0292047 -0.0333355 -0.037445 -0.0414273 -0.0451792 -0.048576 -0.0515478 -0.0540648 -0.0560841 -0.0575975 -0.0586198 -0.0591419 -0.0591814 -0.0587765 -0.0579501 -0.0567551 -0.0552544 -0.0534925 -0.0515345 -0.0494352 -0.0472318 -0.044977 -0.0427033 -0.0404384 -0.0382197 -0.0360616 -0.0339864 -0.0320123 -0.0301411 -0.0283877 -0.0267501 -0.0252271 -0.0238224 -0.0225243 -0.021334 -0.0202434 -0.0192441 -0.0183352 -0.017503 -0.0167471 -0.0160579 -0.015429 -0.0148584 -0.0143351 -0.0138605 -0.013425 -0.0130277 -0.0126646 -0.0123303 -0.0120263 -0.0117443 -0.0114877 -0.0112496 -0.0110312 -0.0108296 -0.0106425 -0.010471 -0.01031 -0.0101631 -0.0100243 -0.00989774 -0.00977815 -0.00966862 -0.00956589 -0.00947103 -0.00938321 -0.00930137 -0.00922686 -0.00915688 -0.00909438 -0.00903539 -0.00898385 -0.00893518 -0.0088938 -0.00885492 -0.00882306 -0.00879354 -0.00877076 -0.00875025 -0.00873625 -0.00872449 -0.0087191 -0.00871595 -0.0087191 -0.00872449 -0.00873625 -0.00875025 -0.00877076 -0.00879354 -0.00882306 -0.00885492 -0.0088938 -0.00893518 -0.00898385 -0.00903539 -0.00909438 -0.00915688 -0.00922686 -0.00930137 -0.00938321 -0.00947103 -0.00956589 -0.00966862 -0.00977815 -0.00989774 -0.0100243 -0.0101631 -0.01031 -0.010471 -0.0106425 -0.0108296 -0.0110312 -0.0112496 -0.0114877 -0.0117443 -0.0120263 -0.0123303 -0.0126646 -0.0130277 -0.013425 -0.0138605 -0.0143351 -0.0148584 -0.015429 -0.0160579 -0.0167471 -0.017503 -0.0183352 -0.0192441 -0.0202434 -0.021334 -0.0225243 -0.0238224 -0.0252271 -0.0267501 -0.0283877 -0.0301411 -0.0320123 -0.0339864 -0.0360616 -0.0382197 -0.0404384 -0.0427033 -0.044977 -0.0472318 -0.0494351 -0.051534 -0.0534913 -0.0552512 -0.0567471 -0.0579315 -0.0587356 -0.0590962 -0.0589739 -0.0583061 -0.0570429 -0.055154 -0.0525817 -0.0492896 -0.0452726 -0.0405011 -0.0349612 -0.0286605 -0.0215593 -0.0136196 -0.00486215 0.00469845 0.0150499 0.0261272 0.0378727 0.0502472 0.063107 0.0762103 0.0893596 0.102389 0.115034 0.126947 0.137812 0.147353 0.155292 0.161372 0.165413 
0 -0.00186896 -0.00360904 -0.00515955 -0.00648513 -0.00753983 -0.00831984 -0.00888314 -0.00930245 -0.00967144 -0.0101277 -0.0107861 -0.0117126 -0.0130125 -0.0148108 -0.0171094 -0.0198217 -0.0229117 -0.026349 -0.0300381 -0.0338936 -0.0378291 -0.0416911 -0.0453502 -0.0487408 -0.0517761 -0.0543901 -0.05657 -0.0582772 -0.0594861 -0.060221 -0.0604838 -0.0602926 -0.0597014 -0.058735 -0.0574368 -0.0558699 -0.0540675 -0.0520878 -0.0499875 -0.0477973 -0.045572 -0.0433427 -0.0411304 -0.0389719 -0.0368733 -0.0348533 -0.0329286 -0.0310963 -0.0293752 -0.0277619 -0.0262575 -0.0248689 -0.0235819 -0.0224025 -0.0213188 -0.0203241 -0.0194174 -0.0185824 -0.0178225 -0.017124 -0.0164848 -0.0159014 -0.0153635 -0.0148755 -0.0144244 -0.0140147 -0.0136378 -0.0132924 -0.0129777 -0.0126859 -0.0124218 -0.0121749 -0.0119513 -0.0117422 -0.011551 -0.0113734 -0.0112087 -0.0110576 -0.0109152 -0.0107863 -0.0106633 -0.0105531 -0.0104475 -0.0103534 -0.0102637 -0.0101838 -0.0101085 -0.0100415 -0.0099795 -0.00992429 -0.00987469 -0.00983057 -0.00979254 -0.00975899 -0.00973189 -0.00970856 -0.00969191 -0.00967858 -0.00967206 -0.00966863 -0.00967206 -0.00967858 -0.00969191 -0.00970856 -0.00973189 -0.00975899 -0.00979254 -0.00983057 -0.00987469 -0.00992429 -0.0099795 -0.0100415 -0.0101085 -0.0101838 -0.0102637 -0.0103534 -0.0104475 -0.0105531 -0.0106633 -0.0107863 -0.0109152 -0.0110576 -0.0112087 -0.0113734 -0.011551 -0.0117422 -0.0119513 -0.0121749 -0.0124218 -0.0126859 -0.0129777 -0.0132924 -0.0136378 -0.0140147 -0.0144244 -0.0148755 -0.0153635 -0.0159014 -0.0164848 -0.017124 -0.0178225 -0.0185824 -0.0194174 -0.0203241 -0.0213188 -0.0224025 -0.0235819 -0.0248689 -0.0262575 -0.0277619 -0.0293752 -0.0310963 -0.0329286 -0.0348533 -0.0368733 -0.0389719 -0.0411304 -0.0433427 -0.045572 -0.0477973 -0.0499874 -0.0520877 -0.0540672 -0.055869 -0.0574343 -0.0587287 -0.0596867 -0.0602599 -0.0604145 -0.060082 -0.0592225 -0.0578034 -0.0557626 -0.0530827 -0.0497568 -0.0457498 -0.0410713 -0.0357308 -0.0296852 -0.0229246 -0.015453 -0.00723019 0.00174021 0.0114058 0.0217678 0.0328198 0.0444657 0.0566012 0.0691323 0.0818849 0.0946419 0.10722 0.119388 0.130808 0.141162 0.150224 0.157759 0.163503 0.167276 
0 -0.00317392 -0.00618239 -0.00885353 -0.0110546 -0.0127418 -0.0139275 -0.0146217 -0.0148755 -0.0148444 -0.0147053 -0.0145611 -0.0145302 -0.0148108 -0.0155455 -0.0167649 -0.0185004 -0.0207699 -0.0234971 -0.0266075 -0.0300664 -0.0337585 -0.0375369 -0.0413176 -0.0449872 -0.0484137 -0.0515442 -0.0543183 -0.0566583 -0.0585599 -0.0600089 -0.0609753 -0.0614921 -0.0615716 -0.0612202 -0.0604982 -0.0594338 -0.058064 -0.0564597 -0.0546487 -0.0526822 -0.0506161 -0.0484685 -0.046292 -0.0441143 -0.0419512 -0.0398441 -0.0377948 -0.035824 -0.0339482 -0.0321595 -0.0304797 -0.0288986 -0.027419 -0.0260471 -0.0247664 -0.0235892 -0.0224993 -0.021497 -0.0205804 -0.0197337 -0.0189655 -0.0182559 -0.01761 -0.0170177 -0.0164724 -0.0159769 -0.0155155 -0.0150978 -0.0147078 -0.0143525 -0.0140233 -0.0137193 -0.0134415 -0.013181 -0.0129461 -0.0127235 -0.012524 -0.0123349 -0.0121647 -0.012005 -0.0118596 -0.0117255 -0.0116012 -0.0114894 -0.0113837 -0.0112911 -0.0112021 -0.0111263 -0.0110525 -0.0109915 -0.0109318 -0.0108842 -0.0108376 -0.0108025 -0.0107684 -0.0107451 -0.0107228 -0.010711 -0.0107002 -0.0106997 -0.0107002 -0.010711 -0.0107228 -0.0107451 -0.0107684 -0.0108025 -0.0108376 -0.0108842 -0.0109318 -0.0109915 -0.0110525 -0.0111263 -0.0112021 -0.0112911 -0.0113837 -0.0114894 -0.0116012 -0.0117255 -0.0118596 -0.012005 -0.0121647 -0.0123349 -0.012524 -0.0127235 -0.0129461 -0.013181 -0.0134415 -0.0137193 -0.0140233 -0.0143525 -0.0147078 -0.0150978 -0.0155155 -0.0159769 -0.0164724 -0.0170177 -0.01761 -0.0182559 -0.0189655 -0.0197337 -0.0205804 -0.021497 -0.0224993 -0.0235892 -0.0247664 -0.0260471 -0.027419 -0.0288986 -0.0304797 -0.0321595 -0.0339482 -0.035824 -0.0377948 -0.0398441 -0.0419512 -0.0441143 -0.046292 -0.0484685 -0.050616 -0.0526821 -0.0546486 -0.0564594 -0.0580633 -0.059432 -0.0604935 -0.0612088 -0.0615457 -0.0614364 -0.0608619 -0.05979 -0.0581599 -0.0559653 -0.0531777 -0.0497557 -0.0457288 -0.0411027 -0.0358594 -0.0300305 -0.0235964 -0.0164894 -0.00871679 -0.000295192 0.00879405 0.0185081 0.0287987 0.0396878 0.0511295 0.0629604 0.0750458 0.0872892 0.0995129 0.111472 0.122924 0.133612 0.14327 0.151677 0.15863 0.163917 0.167383 
0 -0.00439774 -0.00859567 -0.0123387 -0.0154217 -0.0177803 -0.0194094 -0.0202928 -0.0204867 -0.020159 -0.0194876 -0.0186285 -0.0177741 -0.0171094 -0.0167649 -0.0168919 -0.0176291 -0.0189699 -0.02085 -0.0232702 -0.0261808 -0.0294558 -0.0330178 -0.0367621 -0.040513 -0.0441739 -0.0476809 -0.0509157 -0.0538278 -0.0563902 -0.0585197 -0.0602023 -0.0614449 -0.0622132 -0.0625463 -0.0624782 -0.0620097 -0.0612061 -0.0600975 -0.0587056 -0.0571029 -0.0553092 -0.0533691 -0.0513434 -0.0492421 -0.0471207 -0.0450045 -0.0429029 -0.0408603 -0.0388687 -0.0369511 -0.0351216 -0.0333685 -0.0317203 -0.0301598 -0.0286978 -0.0273378 -0.0260629 -0.0248917 -0.0237995 -0.0227961 -0.0218723 -0.0210164 -0.020238 -0.0195125 -0.0188544 -0.0182433 -0.0176838 -0.0171709 -0.0166939 -0.0162626 -0.0158567 -0.0154919 -0.0151481 -0.0148371 -0.0145474 -0.0142807 -0.0140371 -0.0138081 -0.0136033 -0.0134071 -0.0132345 -0.0130675 -0.0129219 -0.0127809 -0.0126581 -0.0125407 -0.0124376 -0.0123413 -0.0122558 -0.0121787 -0.0121092 -0.0120495 -0.011995 -0.0119513 -0.0119111 -0.0118824 -0.011856 -0.0118415 -0.0118287 -0.0118279 -0.0118287 -0.0118415 -0.011856 -0.0118824 -0.0119111 -0.0119513 -0.011995 -0.0120495 -0.0121092 -0.0121787 -0.0122558 -0.0123413 -0.0124376 -0.0125407 -0.0126581 -0.0127809 -0.0129219 -0.0130675 -0.0132345 -0.0134071 -0.0136033 -0.0138081 -0.0140371 -0.0142807 -0.0145474 -0.0148371 -0.0151481 -0.0154919 -0.0158567 -0.0162626 -0.0166939 -0.0171709 -0.0176838 -0.0182433 -0.0188544 -0.0195125 -0.020238 -0.0210164 -0.0218723 -0.0227961 -0.0237995 -0.0248917 -0.0260629 -0.0273378 -0.0286978 -0.0301598 -0.0317203 -0.0333685 -0.0351216 -0.0369511 -0.0388687 -0.0408603 -0.0429029 -0.0450045 -0.0471207 -0.0492421 -0.0513434 -0.0533691 -0.0553091 -0.0571029 -0.0587054 -0.060097 -0.0612047 -0.062006 -0.0624694 -0.0625261 -0.062169 -0.0613534 -0.0600228 -0.058186 -0.0558021 -0.0528435 -0.0493475 -0.0452925 -0.0406757 -0.0355492 -0.0298852 -0.0236554 -0.0168849 -0.00952885 -0.00154864 0.00699773 0.0160954 0.0257715 0.0359734 0.0466438 0.0577577 0.0691993 0.0807928 0.0924193 0.103938 0.115102 0.12566 0.135431 0.144229 0.151835 0.158065 0.162791 0.165903 
0 -0.00550471 -0.0107568 -0.0154715 -0.0194157 -0.0224681 -0.0245725 -0.0257157 -0.0259652 -0.0254569 -0.0243687 -0.0229284 -0.021359 -0.0198217 -0.0185004 -0.0176291 -0.0173401 -0.0176546 -0.0186213 -0.0202534 -0.0224621 -0.0251926 -0.0283925 -0.0318919 -0.0355532 -0.0393091 -0.0430184 -0.0465759 -0.0499517 -0.0530395 -0.0557666 -0.0581326 -0.060068 -0.0615546 -0.0626271 -0.0632507 -0.0634573 -0.0632944 -0.0627512 -0.0618955 -0.0607646 -0.0593703 -0.057792 -0.0560422 -0.0541577 -0.0521996 -0.0501644 -0.0481101 -0.0460571 -0.0440119 -0.0420258 -0.0400827 -0.0382143 -0.0364298 -0.0347163 -0.0331073 -0.0315743 -0.030138 -0.0287926 -0.0275249 -0.0263565 -0.0252552 -0.0242446 -0.0233032 -0.0224325 -0.0216361 -0.0208911 -0.0202186 -0.0195871 -0.0190167 -0.0184857 -0.0179987 -0.0175537 -0.0171366 -0.0167625 -0.0164055 -0.0160887 -0.0157847 -0.015514 -0.0152568 -0.0150241 -0.0148081 -0.0146077 -0.0144274 -0.0142556 -0.0141063 -0.0139603 -0.0138377 -0.0137155 -0.0136164 -0.0135162 -0.013438 -0.0133583 -0.0132991 -0.0132387 -0.0131971 -0.0131548 -0.0131302 -0.0131052 -0.013097 -0.0130887 -0.013097 -0.0131052 -0.0131302 -0.0131548 -0.0131971 -0.0132387 -0.0132991 -0.0133583 -0.013438 -0.0135162 -0.0136164 -0.0137155 -0.0138377 -0.0139603 -0.0141063 -0.0142556 -0.0144274 -0.0146077 -0.0148081 -0.0150241 -0.0152568 -0.015514 -0.0157847 -0.0160887 -0.0164055 -0.0167625 -0.0171366 -0.0175537 -0.0179987 -0.0184857 -0.0190167 -0.0195871 -0.0202186 -0.0208911 -0.0216361 -0.0224325 -0.0233032 -0.0242446 -0.0252552 -0.0263565 -0.0275249 -0.0287926 -0.030138 -0.0315743 -0.0331073 -0.0347163 -0.0364298 -0.0382143 -0.0400827 -0.0420258 -0.0440119 -0.0460571 -0.0481101 -0.0501644 -0.0521996 -0.0541577 -0.0560422 -0.057792 -0.0593703 -0.0607644 -0.0618951 -0.0627501 -0.0632917 -0.0634506 -0.0632351 -0.0625925 -0.0614818 -0.0599227 -0.0578577 -0.0552734 -0.0521996 -0.0485912 -0.0444717 -0.0398949 -0.0348282 -0.0292933 -0.0233156 -0.0168165 -0.00977765 -0.00223646 0.00584029 0.0144409 0.0235015 0.033051 0.043109 0.0535664 0.0643087 0.0752574 0.086279 0.0972068 0.107877 0.118084 0.12762 0.136352 0.144152 0.150832 0.156243 0.160326 0.16302 
0 -0.00645968 -0.012606 -0.018166 -0.0229097 -0.0266429 -0.0292478 -0.0307241 -0.0311427 -0.0305954 -0.0292498 -0.0273651 -0.0251856 -0.0229117 -0.0207699 -0.0189699 -0.0176546 -0.0169687 -0.0170119 -0.0177486 -0.0191436 -0.0212114 -0.0238543 -0.026935 -0.0303877 -0.0340668 -0.0378028 -0.0415472 -0.0452048 -0.0486557 -0.0518898 -0.0548336 -0.0573969 -0.0595954 -0.0613753 -0.0627032 -0.063635 -0.0641421 -0.0642513 -0.0640277 -0.0634512 -0.0625873 -0.0614753 -0.0601119 -0.0585811 -0.0568871 -0.055064 -0.0531771 -0.051212 -0.0492345 -0.0472559 -0.0452813 -0.0433651 -0.0414784 -0.0396649 -0.0379224 -0.0362433 -0.0346648 -0.0331489 -0.0317328 -0.0303952 -0.0291364 -0.0279723 -0.0268682 -0.0258591 -0.0249057 -0.0240304 -0.0232175 -0.022459 -0.0217696 -0.0211162 -0.0205303 -0.0199729 -0.019472 -0.0190011 -0.0185705 -0.0181755 -0.0178046 -0.017474 -0.0171557 -0.0168785 -0.0166073 -0.0163742 -0.0161454 -0.0159488 -0.0157582 -0.0155926 -0.0154363 -0.0152977 -0.0151721 -0.0150577 -0.0149596 -0.0148677 -0.0147944 -0.0147237 -0.0146732 -0.0146228 -0.0145937 -0.014563 -0.0145543 -0.0145432 -0.0145543 -0.014563 -0.0145937 -0.0146228 -0.0146732 -0.0147237 -0.0147944 -0.0148677 -0.0149596 -0.0150577 -0.0151721 -0.0152977 -0.0154363 -0.0155926 -0.0157582 -0.0159488 -0.0161454 -0.0163742 -0.0166073 -0.0168785 -0.0171557 -0.017474 -0.0178046 -0.0181755 -0.0185705 -0.0190011 -0.019472 -0.0199729 -0.0205303 -0.0211162 -0.0217696 -0.022459 -0.0232175 -0.0240304 -0.0249057 -0.0258591 -0.0268682 -0.0279723 -0.0291364 -0.0303952 -0.0317328 -0.0331489 -0.0346648 -0.0362433 -0.0379224 -0.0396649 -0.0414784 -0.0433651 -0.0452813 -0.0472559 -0.0492345 -0.051212 -0.0531771 -0.055064 -0.0568871 -0.0585811 -0.0601119 -0.0614753 -0.0625872 -0.0634509 -0.064027 -0.0642493 -0.0641372 -0.0636232 -0.0626765 -0.0613181 -0.0594793 -0.0571733 -0.0544251 -0.0511816 -0.0474883 -0.0433698 -0.0387835 -0.0337899 -0.0284074 -0.0225787 -0.0163345 -0.00966276 -0.00248242 0.00517426 0.0132657 0.0218333 0.0308583 0.0402918 0.0501369 0.0603208 0.0706775 0.0810842 0.0914358 0.101562 0.111276 0.12042 0.128853 0.136462 0.143153 0.148812 0.153346 0.156733 0.158943 
