0 0 0 0 0 0 0 0 0 0 0 0 0 0 0 0 0 0 0 0 0 0 0 0 0 0 0 0 0 0 0 0 0 0 0 0 0 0 0 0 0 0 0 0 0 0 0 0 0 0 0 0 0 0 0 0 0 0 0 0 0 0 0 0 0 0 0 0 0 0 0 0 0 0 0 0 0 0 0 0 0 0 0 0 0 0 0 0 0 0 0 0 0 0 0 0 0 0 0 0 0 0 0 0 0 0 0 0 0 0 0 0 0 0 0 0 0 0 0 0 0 0 0 0 0 0 0 0 0 0 0 0 0 0 0 0 0 0 0 0 0 0 0 0 0 0 0 0 0 0 0 0 0 0 0 0 0 0 0 0 0 0 0 0 0 0 0 0 0 0 0 0 0 0 0 0 0 0 0 0 0 0 0 0 0 0 0 0 0 0 0 0 0 0 0 0 0 0 0 0 
0 -0.00149365 -0.00306978 -0.00464752 -0.00611737 -0.00750898 -0.008885 -0.0101837 -0.011296 -0.012198 -0.0129079 -0.0133985 -0.0136239 -0.0135749 -0.0132805 -0.0127831 -0.0121059 -0.0112535 -0.0102626 -0.00921386 -0.00817666 -0.00718103 -0.00623248 -0.00532935 -0.00448754 -0.00374262 -0.00311845 -0.00261652 -0.00222153 -0.00190421 -0.00164002 -0.00141731 -0.00122938 -0.00107663 -0.000959983 -0.000874439 -0.000815425 -0.000775309 -0.000745451 -0.00072158 -0.000698892 -0.000676023 -0.000654109 -0.000632881 -0.00061468 -0.000599867 -0.00058804 -0.000579597 -0.000572305 -0.000565741 -0.000558682 -0.000549995 -0.000540372 -0.000529058 -0.000517361 -0.000505663 -0.000494465 -0.000484923 -0.000476537 -0.00047023 -0.000465247 -0.000461582 -0.00045893 -0.000456448 -0.000454396 -0.000451716 -0.000448886 -0.000445261 -0.000441124 -0.000436506 -0.000431309 -0.000426118 -0.000420525 -0.000415334 -0.000410047 -0.000405346 -0.000400862 -0.000396948 -0.000393485 -0.000390448 -0.000387988 -0.000385766 -0.000384148 -0.000382595 -0.0003816 -0.000380549 -0.000379969 -0.000379266 -0.000378935 -0.000378461 -0.000378267 -0.00037794 -0.000377816 -0.000377585 -0.000377499 -0.000377339 -0.000377282 -0.000377178 -0.000377152 -0.000377097 -0.000377108 -0.000377097 -0.000377152 -0.000377178 -0.000377282 -0.000377339 -0.000377499 -0.000377585 -0.000377816 -0.00037794 -0.000378267 -0.000378461 -0.000378935 -0.000379266 -0.000379969 -0.000380549 -0.0003816 -0.000382595 -0.000384148 -0.000385766 -0.000387988 -0.000390448 -0.000393485 -0.000396948 -0.000400862 -0.000405346 -0.000410047 -0.000415334 -0.000420525 -0.000426118 -0.000431309 -0.000436506 -0.000441124 -0.000445261 -0.000448886 -0.000451716 -0.000454396 -0.000456448 -0.00045893 -0.000461582 -0.000465247 -0.00047023 -0.000476537 -0.000484923 -0.000494465 -0.000505663 -0.000517361 -0.000529058 -0.000540372 -0.000549995 -0.000558681 -0.000565741 -0.000572304 -0.000579593 -0.000588025 -0.000599822 -0.000614549 -0.000632518 -0.000653159 -0.000673671 -0.00069337 -0.000709306 -0.000719634 -0.000723964 -0.000718959 -0.000703339 -0.00067351 -0.000623467 -0.000550395 -0.000448858 -0.000314177 -0.000141905 8.21195e-05 0.000375258 0.000754585 0.00123246 0.00179916 0.00243061 0.00310773 0.00381917 0.00456242 0.00532052 0.00602835 0.00659899 0.00697574 0.00713997 0.00708515 0.00677361 0.00612581 0.00510225 0.00376654 0.00220625 0.000448572 -0.00148515 -0.00350573 -0.00548544 -0.00731544 -0.00891482 -0.0102157 -0.0111503 
0 -0.00306978 -0.00615202 -0.00919491 -0.0121477 -0.0150069 -0.0177402 -0.0202447 -0.0224243 -0.0242392 -0.0256613 -0.0266336 -0.0270886 -0.0269998 -0.0264179 -0.0254327 -0.0240966 -0.0224355 -0.0205185 -0.0184636 -0.0163903 -0.0143836 -0.0124792 -0.0106891 -0.00904299 -0.00758302 -0.00633805 -0.0053151 -0.00449112 -0.00382556 -0.00328448 -0.00284141 -0.00247918 -0.00218997 -0.00196319 -0.0017886 -0.00165724 -0.00155732 -0.00148157 -0.00142386 -0.00137783 -0.00134121 -0.00130984 -0.00128117 -0.00125438 -0.00122699 -0.00119982 -0.00117271 -0.00114589 -0.00112115 -0.00109792 -0.00107751 -0.00105958 -0.00104355 -0.00102973 -0.00101644 -0.00100407 -0.00099152 -0.000978613 -0.000965615 -0.000951843 -0.000938414 -0.000924716 -0.000911703 -0.00089932 -0.000887721 -0.000877442 -0.000867873 -0.000859791 -0.000852302 -0.000845987 -0.00084018 -0.000834998 -0.00083028 -0.000825661 -0.000821477 -0.000817051 -0.000813024 -0.000808638 -0.000804593 -0.000800256 -0.000796187 -0.000791995 -0.000787994 -0.000784072 -0.000780268 -0.000776727 -0.000773243 -0.000770164 -0.000767094 -0.000764523 -0.000761928 -0.000759885 -0.000757797 -0.000756285 -0.000754714 -0.000753725 -0.00075267 -0.000752196 -0.000751652 -0.000751688 -0.000751652 -0.000752196 -0.00075267 -0.000753725 -0.000754714 -0.000756285 -0.000757797 -0.000759885 -0.000761928 -0.000764523 -0.000767094 -0.000770164 -0.000773243 -0.000776727 -0.000780268 -0.000784072 -0.000787994 -0.000791995 -0.000796187 -0.000800256 -0.000804593 -0.000808638 -0.000813024 -0.000817051 -0.000821477 -0.000825661 -0.00083028 -0.000834998 -0.00084018 -0.000845987 -0.000852302 -0.000859791 -0.000867873 -0.000877442 -0.000887721 -0.00089932 -0.000911703 -0.000924716 -0.000938414 -0.000951843 -0.000965615 -0.000978613 -0.00099152 -0.00100407 -0.00101644 -0.00102973 -0.00104355 -0.00105958 -0.00107751 -0.00109792 -0.00112115 -0.00114588 -0.0011727 -0.00119978 -0.00122686 -0.00125404 -0.00128025 -0.0013075 -0.00133555 -0.00136486 -0.00139566 -0.0014235 -0.00144414 -0.00144856 -0.00142476 -0.00136314 -0.00125258 -0.00108786 -0.000868617 -0.000590001 -0.000242574 0.000199233 0.000777924 0.00153177 0.0024813 0.00361294 0.00487797 0.00622897 0.00763905 0.00908764 0.0105343 0.011883 0.0129928 0.0137465 0.0140765 0.0139259 0.0132225 0.0118925 0.00990869 0.00733091 0.0042611 0.000776586 -0.00302422 -0.00695014 -0.0107764 -0.0143323 -0.0174683 -0.0200074 -0.0217982 
0 -0.00464752 -0.00919491 -0.0136669 -0.0181007 -0.0224 -0.0264109 -0.0300574 -0.0332931 -0.0360122 -0.0381038 -0.0395091 -0.0401837 -0.0401022 -0.039307 -0.03788 -0.035901 -0.033467 -0.030695 -0.0277122 -0.0246646 -0.0216797 -0.0188288 -0.0161603 -0.0137222 -0.0115526 -0.00968641 -0.00813461 -0.00686714 -0.00584098 -0.00500984 -0.00432991 -0.00377785 -0.00333574 -0.00298604 -0.00271813 -0.00251475 -0.00236042 -0.00224493 -0.00215445 -0.00208261 -0.00202396 -0.00197186 -0.00192614 -0.00188283 -0.00184102 -0.00180165 -0.00176231 -0.00172558 -0.00169053 -0.00165735 -0.00162758 -0.00159909 -0.00157368 -0.00154968 -0.00152697 -0.00150597 -0.00148481 -0.00146516 -0.00144524 -0.00142613 -0.00140762 -0.00138927 -0.00137239 -0.00135551 -0.00134034 -0.00132552 -0.00131201 -0.0012994 -0.00128741 -0.00127672 -0.00126609 -0.00125684 -0.00124742 -0.00123912 -0.00123075 -0.00122307 -0.00121562 -0.00120842 -0.00120177 -0.00119502 -0.00118909 -0.00118285 -0.00117757 -0.00117193 -0.00116727 -0.0011623 -0.00115823 -0.00115397 -0.00115049 -0.00114695 -0.00114407 -0.00114125 -0.00113896 -0.00113684 -0.00113515 -0.00113371 -0.00113262 -0.00113184 -0.00113136 -0.00113121 -0.00113136 -0.00113184 -0.00113262 -0.00113371 -0.00113515 -0.00113684 -0.00113896 -0.00114125 -0.00114407 -0.00114695 -0.00115049 -0.00115397 -0.00115823 -0.0011623 -0.00116727 -0.00117193 -0.00117757 -0.00118285 -0.00118909 -0.00119502 -0.00120177 -0.00120842 -0.00121562 -0.00122307 -0.00123075 -0.00123912 -0.00124742 -0.00125684 -0.00126609 -0.00127672 -0.00128741 -0.0012994 -0.00131201 -0.00132552 -0.00134034 -0.00135551 -0.00137239 -0.00138927 -0.00140762 -0.00142613 -0.00144524 -0.00146516 -0.00148481 -0.00150597 -0.00152697 -0.00154968 -0.00157368 -0.00159909 -0.00162758 -0.00165735 -0.00169053 -0.00172557 -0.00176228 -0.00180155 -0.00184075 -0.00188209 -0.00192422 -0.00196712 -0.00201287 -0.00205798 -0.00210255 -0.00214123 -0.00216402 -0.00216234 -0.00211884 -0.00201927 -0.001853 -0.00160726 -0.00127849 -0.000856603 -0.000316544 0.00037503 0.00126947 0.00241274 0.0038171 0.00546772 0.00731881 0.00931027 0.0113974 0.0135223 0.0155884 0.0174723 0.0190221 0.0200805 0.0205205 0.0202243 0.0190861 0.0170671 0.0141807 0.0104506 0.00595513 0.000863197 -0.00460653 -0.0102143 -0.015703 -0.0208197 -0.0253151 -0.0289361 -0.0314826 
0 -0.00611737 -0.0121477 -0.0181007 -0.0239498 -0.0295454 -0.0347558 -0.0395352 -0.0437921 -0.0473486 -0.05006 -0.0518668 -0.0527554 -0.0527336 -0.0518086 -0.0500065 -0.0474443 -0.0443077 -0.0407586 -0.0369409 -0.0330102 -0.0291027 -0.0253349 -0.021809 -0.0185868 -0.0157122 -0.0132261 -0.0111312 -0.00940173 -0.00799601 -0.00685013 -0.00591283 -0.00515163 -0.00453602 -0.00405134 -0.0036815 -0.00340164 -0.0031952 -0.00303933 -0.00291511 -0.00281433 -0.00272485 -0.00264501 -0.00257414 -0.00250851 -0.00245188 -0.00240055 -0.00235406 -0.0023126 -0.00227143 -0.00223281 -0.00219358 -0.00215412 -0.002116 -0.00207712 -0.00204131 -0.00200657 -0.00197483 -0.00194639 -0.00191974 -0.00189708 -0.0018752 -0.00185608 -0.00183753 -0.00181971 -0.00180278 -0.00178501 -0.00176844 -0.00175059 -0.00173392 -0.00171659 -0.00170007 -0.00168399 -0.00166824 -0.00165394 -0.0016396 -0.00162728 -0.0016148 -0.00160438 -0.00159392 -0.00158518 -0.00157664 -0.00156929 -0.00156246 -0.00155624 -0.00155082 -0.00154553 -0.00154126 -0.00153676 -0.00153343 -0.00152963 -0.00152709 -0.00152394 -0.0015221 -0.00151958 -0.00151838 -0.00151649 -0.00151591 -0.00151464 -0.00151468 -0.00151403 -0.00151468 -0.00151464 -0.00151591 -0.00151649 -0.00151838 -0.00151958 -0.0015221 -0.00152394 -0.00152709 -0.00152963 -0.00153343 -0.00153676 -0.00154126 -0.00154553 -0.00155082 -0.00155624 -0.00156246 -0.00156929 -0.00157664 -0.00158518 -0.00159392 -0.00160438 -0.0016148 -0.00162728 -0.0016396 -0.00165394 -0.00166824 -0.00168399 -0.00170007 -0.00171659 -0.00173392 -0.00175059 -0.00176844 -0.00178501 -0.00180278 -0.00181971 -0.00183753 -0.00185608 -0.0018752 -0.00189708 -0.00191974 -0.00194639 -0.00197483 -0.00200657 -0.00204131 -0.00207712 -0.002116 -0.00215412 -0.00219358 -0.00223281 -0.00227142 -0.00231258 -0.00235399 -0.00240034 -0.0024513 -0.002507 -0.00257036 -0.00263603 -0.00270458 -0.0027709 -0.00282676 -0.00286873 -0.00288265 -0.00285821 -0.00278395 -0.00264044 -0.00241811 -0.0021004 -0.00166556 -0.0010933 -0.000341376 0.000636427 0.00187826 0.00341934 0.00526116 0.00738131 0.00975719 0.0123393 0.0150507 0.0177858 0.0203859 0.0226841 0.0245376 0.0257799 0.0262246 0.0257139 0.0241354 0.0214522 0.0176946 0.012895 0.00713679 0.000661779 -0.00621013 -0.0132226 -0.0201199 -0.0265446 -0.0321303 -0.0366147 -0.0397986 
0 -0.00750898 -0.0150069 -0.0224 -0.0295454 -0.0363445 -0.0427314 -0.0485831 -0.0537305 -0.0580303 -0.0613539 -0.0635908 -0.0647211 -0.064775 -0.0637402 -0.0616436 -0.0586434 -0.0549436 -0.0507259 -0.0461667 -0.04142 -0.0366395 -0.0320103 -0.0276751 -0.023707 -0.0201586 -0.0170501 -0.0143773 -0.0121401 -0.0103023 -0.00880494 -0.00759916 -0.00662557 -0.00584015 -0.00521938 -0.00472971 -0.00435142 -0.00406563 -0.00384407 -0.00367528 -0.00354154 -0.00342889 -0.00333554 -0.00324967 -0.00317155 -0.00309994 -0.00302945 -0.00296568 -0.00290357 -0.00284529 -0.00279225 -0.00274022 -0.00269427 -0.00264945 -0.00260779 -0.00256913 -0.00253026 -0.00249525 -0.00245921 -0.00242582 -0.00239308 -0.00236095 -0.00233165 -0.00230174 -0.00227553 -0.00224904 -0.00222544 -0.00220289 -0.00218154 -0.00216257 -0.00214331 -0.00212702 -0.00210977 -0.00209516 -0.00207984 -0.00206622 -0.00205267 -0.00203969 -0.00202772 -0.00201535 -0.00200475 -0.00199316 -0.00198375 -0.00197316 -0.00196483 -0.00195541 -0.00194808 -0.00193996 -0.0019336 -0.00192682 -0.00192142 -0.00191597 -0.00191153 -0.00190737 -0.00190391 -0.00190098 -0.00189851 -0.00189674 -0.00189528 -0.00189464 -0.00189421 -0.00189464 -0.00189528 -0.00189674 -0.00189851 -0.00190098 -0.00190391 -0.00190737 -0.00191153 -0.00191597 -0.00192142 -0.00192682 -0.0019336 -0.00193996 -0.00194808 -0.00195541 -0.00196483 -0.00197316 -0.00198375 -0.00199316 -0.00200475 -0.00201535 -0.00202772 -0.00203969 -0.00205267 -0.00206622 -0.00207984 -0.00209516 -0.00210977 -0.00212702 -0.00214331 -0.00216257 -0.00218154 -0.00220289 -0.00222544 -0.00224904 -0.00227553 -0.00230174 -0.00233165 -0.00236095 -0.00239308 -0.00242582 -0.00245921 -0.00249525 -0.00253026 -0.00256913 -0.00260779 -0.00264945 -0.00269427 -0.00274022 -0.00279224 -0.00284527 -0.00290352 -0.00296553 -0.00302901 -0.00309877 -0.00316859 -0.00324254 -0.00331924 -0.00339345 -0.0034683 -0.00353156 -0.00357626 -0.00359165 -0.00355404 -0.00345224 -0.00326447 -0.00296949 -0.00255598 -0.00199021 -0.00123759 -0.000256994 0.001011 0.00259761 0.00451722 0.00677753 0.00935414 0.0122227 0.0153394 0.0185819 0.0217868 0.0247768 0.0273634 0.02939 0.0306889 0.0310282 0.0302136 0.0281596 0.024835 0.0202567 0.0145134 0.00774838 0.000193187 -0.00782068 -0.0159576 -0.0238966 -0.0312526 -0.0376336 -0.0427587 -0.0464076 
0 -0.008885 -0.0177402 -0.0264109 -0.0347558 -0.0427314 -0.0502279 -0.0570203 -0.0629453 -0.0679249 -0.0718301 -0.0745189 -0.0759419 -0.0760918 -0.074983 -0.0727159 -0.0694385 -0.0653126 -0.0605506 -0.0553552 -0.0498823 -0.0443324 -0.038927 -0.0338225 -0.0291335 -0.0249191 -0.0211748 -0.0179134 -0.0151436 -0.0128336 -0.0109532 -0.00944353 -0.00822603 -0.00725419 -0.00647656 -0.00585317 -0.0053688 -0.00498965 -0.00469689 -0.00447596 -0.00429847 -0.00415891 -0.00404209 -0.00393601 -0.00384375 -0.00375281 -0.00366762 -0.00358779 -0.00350835 -0.00343812 -0.00336949 -0.00330727 -0.00325109 -0.00319601 -0.0031484 -0.00309994 -0.00305567 -0.00301267 -0.00296924 -0.00292988 -0.00288811 -0.00285093 -0.00281292 -0.00277759 -0.00274466 -0.00271191 -0.00268392 -0.00265474 -0.00263053 -0.00260549 -0.00258374 -0.00256268 -0.0025425 -0.00252467 -0.00250573 -0.00249017 -0.00247254 -0.00245845 -0.00244235 -0.00242918 -0.00241484 -0.00240238 -0.0023899 -0.00237815 -0.00236754 -0.00235663 -0.0023478 -0.0023379 -0.00233073 -0.002322 -0.00231634 -0.00230888 -0.00230465 -0.0022985 -0.0022956 -0.00229079 -0.00228918 -0.00228569 -0.00228534 -0.00228315 -0.00228407 -0.00228315 -0.00228534 -0.00228569 -0.00228918 -0.00229079 -0.0022956 -0.0022985 -0.00230465 -0.00230888 -0.00231634 -0.002322 -0.00233073 -0.0023379 -0.0023478 -0.00235663 -0.00236754 -0.00237815 -0.0023899 -0.00240238 -0.00241484 -0.00242918 -0.00244235 -0.00245845 -0.00247254 -0.00249017 -0.00250573 -0.00252467 -0.0025425 -0.00256268 -0.00258374 -0.00260549 -0.00263053 -0.00265474 -0.00268392 -0.00271191 -0.00274466 -0.00277759 -0.00281292 -0.00285093 -0.00288811 -0.00292988 -0.00296924 -0.00301267 -0.00305567 -0.00309994 -0.0031484 -0.00319601 -0.00325109 -0.00330727 -0.00336948 -0.00343808 -0.00350824 -0.00358746 -0.00366673 -0.00375052 -0.00383818 -0.00392308 -0.00401358 -0.00409912 -0.00417932 -0.00425042 -0.00429125 -0.00429597 -0.00423913 -0.0040963 -0.00385627 -0.00348489 -0.00296087 -0.00225324 -0.00130199 -6.6627e-05 0.00150015 0.00343527 0.00572852 0.00838125 0.0113883 0.014701 0.0182527 0.021902 0.0254339 0.0286628 0.0314112 0.0334744 0.0346591 0.0347566 0.0335679 0.031012 0.0270823 0.0217903 0.015263 0.00773603 -0.000569261 -0.00938944 -0.0183143 -0.0268961 -0.0347771 -0.0416415 -0.0471622 -0.0510599 
0 -0.0101837 -0.0202447 -0.0300574 -0.0395352 -0.0485831 -0.0570203 -0.0646488 -0.0713298 -0.0769373 -0.0813479 -0.084476 -0.0862292 -0.0865415 -0.085485 -0.0831927 -0.0797562 -0.0753329 -0.0701641 -0.0644524 -0.0583973 -0.0522301 -0.0461397 -0.0403092 -0.0349102 -0.0300059 -0.0256192 -0.0217788 -0.0184653 -0.015668 -0.0133705 -0.0114975 -0.00999 -0.00878918 -0.00782129 -0.00705786 -0.00645987 -0.00598674 -0.00562655 -0.00534063 -0.0051105 -0.0049278 -0.0047664 -0.00463163 -0.00451287 -0.00440262 -0.00430945 -0.00421774 -0.00413515 -0.00405749 -0.00397836 -0.00390775 -0.00383352 -0.00376527 -0.0036997 -0.00363474 -0.00357872 -0.00352117 -0.00347254 -0.00342499 -0.00338107 -0.0033423 -0.00330173 -0.00326797 -0.00323063 -0.00319824 -0.00316436 -0.00313164 -0.00310114 -0.00306849 -0.00304091 -0.00300988 -0.00298462 -0.00295682 -0.00293347 -0.00290983 -0.00288826 -0.00286889 -0.00284917 -0.00283359 -0.00281588 -0.00280332 -0.00278774 -0.00277741 -0.00276404 -0.0027553 -0.00274409 -0.00273654 -0.00272738 -0.0027208 -0.00271355 -0.00270786 -0.00270237 -0.0026976 -0.00269374 -0.00268994 -0.00268759 -0.00268484 -0.0026839 -0.0026823 -0.00268267 -0.0026823 -0.0026839 -0.00268484 -0.00268759 -0.00268994 -0.00269374 -0.0026976 -0.00270237 -0.00270786 -0.00271355 -0.0027208 -0.00272738 -0.00273654 -0.00274409 -0.0027553 -0.00276404 -0.00277741 -0.00278774 -0.00280332 -0.00281588 -0.00283359 -0.00284917 -0.00286889 -0.00288826 -0.00290983 -0.00293347 -0.00295682 -0.00298462 -0.00300988 -0.00304091 -0.00306849 -0.00310114 -0.00313164 -0.00316436 -0.00319824 -0.00323063 -0.00326797 -0.00330173 -0.0033423 -0.00338107 -0.00342499 -0.00347254 -0.00352117 -0.00357872 -0.00363474 -0.0036997 -0.00376526 -0.00383352 -0.00390774 -0.00397833 -0.0040574 -0.0041349 -0.00421707 -0.00430771 -0.00439832 -0.00450275 -0.00460899 -0.00471819 -0.00483027 -0.00492296 -0.00499793 -0.0050311 -0.00500164 -0.0049044 -0.00470467 -0.00439229 -0.0039448 -0.0033087 -0.00244919 -0.00129666 0.000214785 0.00210109 0.00438658 0.00706013 0.0100862 0.0134655 0.0171445 0.0210034 0.0249043 0.0286373 0.0319777 0.0347411 0.0366902 0.0375829 0.0372783 0.0356607 0.0326238 0.0281511 0.0222934 0.0151862 0.00710306 -0.00166328 -0.0108595 -0.0201193 -0.0289737 -0.0370521 -0.0440679 -0.0496863 -0.0536176 
0 -0.011296 -0.0224243 -0.0332931 -0.0437921 -0.0537305 -0.0629453 -0.0713298 -0.0787128 -0.0848952 -0.0897941 -0.0933545 -0.0954439 -0.0960131 -0.0951577 -0.0929597 -0.0895043 -0.0849695 -0.0795462 -0.0734497 -0.0669599 -0.0602922 -0.0536169 -0.0471603 -0.0410908 -0.0354992 -0.0304728 -0.0260221 -0.0221307 -0.0188228 -0.0160613 -0.0137919 -0.0119728 -0.0105063 -0.00932872 -0.0083985 -0.00764807 -0.00706068 -0.00660434 -0.00623715 -0.00595677 -0.00572573 -0.00553182 -0.00537415 -0.00522551 -0.00509901 -0.0049818 -0.0048686 -0.00477151 -0.00467129 -0.00458285 -0.00449811 -0.00441387 -0.00434144 -0.00426427 -0.00419782 -0.00413133 -0.00406731 -0.00401108 -0.00395061 -0.00390081 -0.00384697 -0.00379992 -0.00375437 -0.00370888 -0.00367063 -0.00362787 -0.0035943 -0.0035561 -0.00352474 -0.00349216 -0.0034617 -0.00343452 -0.00340495 -0.00338202 -0.00335413 -0.003334 -0.00330873 -0.00329022 -0.00326824 -0.00325066 -0.00323221 -0.00321534 -0.00320031 -0.00318427 -0.00317231 -0.00315737 -0.00314807 -0.00313452 -0.00312749 -0.00311555 -0.00311048 -0.0031003 -0.00309697 -0.0030886 -0.0030869 -0.00308034 -0.00308023 -0.00307542 -0.0030769 -0.00307379 -0.0030769 -0.00307542 -0.00308023 -0.00308034 -0.0030869 -0.0030886 -0.00309697 -0.0031003 -0.00311048 -0.00311555 -0.00312749 -0.00313452 -0.00314807 -0.00315737 -0.00317231 -0.00318427 -0.00320031 -0.00321534 -0.00323221 -0.00325066 -0.00326824 -0.00329022 -0.00330873 -0.003334 -0.00335413 -0.00338202 -0.00340495 -0.00343452 -0.0034617 -0.00349216 -0.00352474 -0.0035561 -0.0035943 -0.00362787 -0.00367063 -0.00370888 -0.00375437 -0.00379992 -0.00384697 -0.00390081 -0.00395061 -0.00401108 -0.00406731 -0.00413133 -0.00419782 -0.00426427 -0.00434144 -0.00441386 -0.00449809 -0.00458278 -0.00467111 -0.00477101 -0.00486729 -0.00497852 -0.00509118 -0.00520774 -0.00533575 -0.00545293 -0.00557161 -0.00567059 -0.00573181 -0.00575491 -0.0056987 -0.00555803 -0.00531395 -0.00492348 -0.0043761 -0.00360803 -0.00255202 -0.00116715 0.000620883 0.00282567 0.00542814 0.00844111 0.0118226 0.0155239 0.0194919 0.0235628 0.0275599 0.0313256 0.0346251 0.0372207 0.0388938 0.039401 0.03861 0.0364991 0.0329919 0.0280425 0.0217656 0.0143399 0.00598518 -0.00296953 -0.0121711 -0.0213109 -0.0300507 -0.0380143 -0.0448558 -0.0502792 -0.0540628 
0 -0.012198 -0.0242392 -0.0360122 -0.0473486 -0.0580303 -0.0679249 -0.0769373 -0.0848952 -0.0916336 -0.0970534 -0.101036 -0.103491 -0.104433 -0.103889 -0.101902 -0.0986128 -0.0941512 -0.0886372 -0.0823394 -0.0755549 -0.0684847 -0.0613553 -0.054378 -0.0476869 -0.0414501 -0.0357794 -0.030681 -0.0261996 -0.0223456 -0.0190758 -0.0163877 -0.0142081 -0.012437 -0.0110272 -0.00988529 -0.00896066 -0.00823739 -0.00765322 -0.00720111 -0.00685353 -0.00656549 -0.00634398 -0.00614931 -0.00597581 -0.00582823 -0.00567815 -0.00554924 -0.00542491 -0.00530572 -0.00520556 -0.00510079 -0.00501405 -0.00492812 -0.00484565 -0.00477458 -0.00469545 -0.00463022 -0.00455843 -0.00449291 -0.00443113 -0.00436575 -0.00431279 -0.00425225 -0.00420474 -0.00415339 -0.00410859 -0.00406758 -0.00402479 -0.00399205 -0.00395221 -0.0039242 -0.00388871 -0.00386229 -0.003832 -0.00380544 -0.0037803 -0.00375335 -0.00373262 -0.003706 -0.00368862 -0.00366344 -0.00364841 -0.00362564 -0.00361224 -0.00359256 -0.00358035 -0.00356406 -0.0035529 -0.00354001 -0.00352991 -0.00352024 -0.00351134 -0.00350462 -0.00349706 -0.00349303 -0.00348697 -0.00348535 -0.00348097 -0.00348153 -0.00347897 -0.00348153 -0.00348097 -0.00348535 -0.00348697 -0.00349303 -0.00349706 -0.00350462 -0.00351134 -0.00352024 -0.00352991 -0.00354001 -0.0035529 -0.00356406 -0.00358035 -0.00359256 -0.00361224 -0.00362564 -0.00364841 -0.00366344 -0.00368862 -0.003706 -0.00373262 -0.00375335 -0.0037803 -0.00380544 -0.003832 -0.00386229 -0.00388871 -0.0039242 -0.00395221 -0.00399205 -0.00402479 -0.00406758 -0.00410859 -0.00415339 -0.00420474 -0.00425225 -0.00431279 -0.00436575 -0.00443113 -0.00449291 -0.00455843 -0.00463022 -0.00469545 -0.00477458 -0.00484565 -0.00492812 -0.00501403 -0.00510075 -0.00520543 -0.00530536 -0.00542394 -0.00554677 -0.00567217 -0.00581446 -0.0059456 -0.00608626 -0.00621882 -0.00632925 -0.00642944 -0.00647652 -0.00647291 -0.00639908 -0.00621131 -0.00591411 -0.0054502 -0.00477173 -0.00384436 -0.00257078 -0.000916545 0.00113991 0.00363892 0.00654065 0.00983791 0.01353 0.0175085 0.021663 0.0258424 0.0298198 0.0334371 0.0365158 0.0387783 0.0400149 0.0400736 0.0388035 0.0361649 0.0321762 0.0268453 0.0203094 0.0128062 0.00452639 -0.00427313 -0.0131957 -0.0219 -0.0301435 -0.0376181 -0.043977 -0.0489837 -0.052485 
0 -0.0129079 -0.0256613 -0.0381038 -0.05006 -0.0613539 -0.0718301 -0.0813479 -0.0897941 -0.0970534 -0.102954 -0.107365 -0.110293 -0.111725 -0.111598 -0.109977 -0.106999 -0.102734 -0.0973367 -0.0910705 -0.0841529 -0.0768327 -0.0693751 -0.0619298 -0.0546798 -0.0478489 -0.0415316 -0.0358094 -0.0307496 -0.0263124 -0.0225105 -0.0193433 -0.0167195 -0.0146023 -0.0129077 -0.0115257 -0.010432 -0.00954936 -0.00883395 -0.00828336 -0.00782953 -0.00747261 -0.00719021 -0.00693991 -0.00674425 -0.00656246 -0.00639916 -0.00626081 -0.00611517 -0.00599405 -0.00587 -0.00575125 -0.00564811 -0.00553495 -0.00544374 -0.00534662 -0.00525962 -0.00518239 -0.00509945 -0.00503614 -0.00496204 -0.00490329 -0.00484145 -0.00478174 -0.00473091 -0.00467072 -0.00462629 -0.00456967 -0.00452697 -0.00447784 -0.00443455 -0.00439446 -0.00435101 -0.00431902 -0.00427748 -0.0042512 -0.00421391 -0.0041908 -0.00415936 -0.00413756 -0.0041125 -0.00409109 -0.00407203 -0.00405089 -0.00403693 -0.00401641 -0.00400649 -0.00398712 -0.00398032 -0.00396261 -0.00395821 -0.00394253 -0.00394009 -0.00392667 -0.00392596 -0.00391486 -0.00391585 -0.00390703 -0.00390976 -0.00390313 -0.00390773 -0.00390313 -0.00390976 -0.00390703 -0.00391585 -0.00391486 -0.00392596 -0.00392667 -0.00394009 -0.00394253 -0.00395821 -0.00396261 -0.00398032 -0.00398712 -0.00400649 -0.00401641 -0.00403693 -0.00405089 -0.00407203 -0.00409109 -0.0041125 -0.00413756 -0.00415936 -0.0041908 -0.00421391 -0.0042512 -0.00427748 -0.00431902 -0.00435101 -0.00439446 -0.00443455 -0.00447784 -0.00452697 -0.00456967 -0.00462629 -0.00467072 -0.00473091 -0.00478174 -0.00484145 -0.00490329 -0.00496204 -0.00503614 -0.00509945 -0.00518239 -0.00525962 -0.00534662 -0.00544374 -0.00553494 -0.00564808 -0.00575116 -0.00586973 -0.00599334 -0.00611333 -0.0062563 -0.00638863 -0.00653899 -0.00669449 -0.00683949 -0.00699749 -0.00712076 -0.00721821 -0.00727112 -0.00723276 -0.00712063 -0.00688096 -0.00648897 -0.00593108 -0.00511108 -0.00399469 -0.00252024 -0.000608036 0.00171777 0.00447802 0.00768 0.0112549 0.0151845 0.0193626 0.023584 0.0277104 0.0315585 0.0349079 0.0376033 0.0394178 0.0401185 0.039627 0.0378653 0.0347392 0.0303166 0.0247469 0.0181669 0.0107813 0.00282886 -0.00546048 -0.0137826 -0.0218027 -0.0292597 -0.0359143 -0.0415295 -0.0459487 -0.0490483 
0 -0.0133985 -0.0266336 -0.0395091 -0.0518668 -0.0635908 -0.0745189 -0.084476 -0.0933545 -0.101036 -0.107365 -0.112281 -0.115777 -0.117768 -0.118196 -0.117107 -0.114553 -0.110646 -0.105594 -0.0995443 -0.0926757 -0.0852908 -0.0776043 -0.0697855 -0.0620944 -0.0547102 -0.0477734 -0.0414569 -0.0357824 -0.030747 -0.026403 -0.0226936 -0.0195941 -0.0170845 -0.0150334 -0.0133876 -0.0120765 -0.010995 -0.0101441 -0.00945716 -0.00889449 -0.00846625 -0.00809989 -0.00780728 -0.00756863 -0.00734359 -0.00716685 -0.00699044 -0.00683137 -0.00669274 -0.00654256 -0.00642213 -0.00629176 -0.00617414 -0.00606911 -0.00595449 -0.00586677 -0.00576516 -0.00568254 -0.00560067 -0.00551776 -0.00545281 -0.00537292 -0.00531601 -0.00524563 -0.00518898 -0.00513174 -0.00507285 -0.00502745 -0.00496879 -0.0049307 -0.00487674 -0.00484113 -0.00479544 -0.0047593 -0.00472317 -0.00468583 -0.00465837 -0.00462091 -0.00459997 -0.00456423 -0.00454745 -0.00451516 -0.00450058 -0.00447293 -0.00445931 -0.00443683 -0.00442359 -0.00440629 -0.00439336 -0.00438089 -0.00436849 -0.00436035 -0.00434885 -0.0043445 -0.00433427 -0.00433323 -0.00432463 -0.00432649 -0.00431984 -0.00432425 -0.00431984 -0.00432649 -0.00432463 -0.00433323 -0.00433427 -0.0043445 -0.00434885 -0.00436035 -0.00436849 -0.00438089 -0.00439336 -0.00440629 -0.00442359 -0.00443683 -0.00445931 -0.00447293 -0.00450058 -0.00451516 -0.00454745 -0.00456423 -0.00459997 -0.00462091 -0.00465837 -0.00468583 -0.00472317 -0.0047593 -0.00479544 -0.00484113 -0.00487674 -0.0049307 -0.00496879 -0.00502745 -0.00507285 -0.00513174 -0.00518898 -0.00524563 -0.00531601 -0.00537292 -0.00545281 -0.00551776 -0.00560067 -0.00568254 -0.00576516 -0.00586677 -0.00595448 -0.0060691 -0.00617412 -0.00629169 -0.00642194 -0.00654204 -0.00669139 -0.00682802 -0.00698249 -0.00714885 -0.0073048 -0.00748905 -0.00765194 -0.00781139 -0.00795631 -0.00803573 -0.00807658 -0.00801844 -0.00784597 -0.00756092 -0.00707871 -0.0063927 -0.00543404 -0.00410468 -0.002403 -0.000259658 0.00234024 0.00534578 0.00879359 0.0126236 0.0167111 0.0209638 0.0251661 0.0291166 0.0327026 0.0357005 0.0378875 0.0391312 0.0392602 0.0381733 0.0358813 0.0323558 0.0276506 0.0219907 0.0155645 0.00851158 0.00107993 -0.00644782 -0.013853 -0.0209094 -0.0273656 -0.033019 -0.0377367 -0.0414222 -0.0439783 
0 -0.0136239 -0.0270886 -0.0401837 -0.0527554 -0.0647211 -0.0759419 -0.0862292 -0.0954439 -0.103491 -0.110293 -0.115777 -0.119851 -0.122449 -0.123561 -0.12314 -0.12119 -0.117874 -0.11333 -0.10764 -0.101024 -0.0937306 -0.0859431 -0.0779302 -0.0699143 -0.0620402 -0.0545568 -0.0476317 -0.041309 -0.0356893 -0.0307662 -0.0264941 -0.0229128 -0.0199352 -0.0174829 -0.0155232 -0.0139145 -0.012617 -0.0115903 -0.0107381 -0.0100797 -0.0095487 -0.00910505 -0.00876667 -0.00845544 -0.00819872 -0.00797644 -0.00775572 -0.00758277 -0.00740143 -0.00724557 -0.00710713 -0.00695919 -0.00684655 -0.00671524 -0.00660593 -0.00649842 -0.00638453 -0.00629599 -0.00618597 -0.0061047 -0.00601101 -0.00592903 -0.00585662 -0.00577447 -0.00571858 -0.00564253 -0.00559384 -0.00553005 -0.00548096 -0.00543159 -0.00537934 -0.0053421 -0.00528836 -0.00525851 -0.00520709 -0.00517983 -0.0051344 -0.00510648 -0.00506924 -0.00503936 -0.00501083 -0.00497928 -0.0049587 -0.00492668 -0.00491264 -0.00488156 -0.00487254 -0.00484367 -0.00483838 -0.00481258 -0.00481011 -0.00478783 -0.00478765 -0.00476903 -0.00477092 -0.00475583 -0.00475983 -0.004748 -0.0047543 -0.00474541 -0.0047543 -0.004748 -0.00475983 -0.00475583 -0.00477092 -0.00476903 -0.00478765 -0.00478783 -0.00481011 -0.00481258 -0.00483838 -0.00484367 -0.00487254 -0.00488156 -0.00491264 -0.00492668 -0.0049587 -0.00497928 -0.00501083 -0.00503936 -0.00506924 -0.00510648 -0.0051344 -0.00517983 -0.00520709 -0.00525851 -0.00528836 -0.0053421 -0.00537934 -0.00543159 -0.00548096 -0.00553005 -0.00559384 -0.00564253 -0.00571858 -0.00577447 -0.00585662 -0.00592903 -0.00601101 -0.0061047 -0.00618597 -0.00629599 -0.00638453 -0.00649842 -0.00660592 -0.00671522 -0.0068465 -0.00695906 -0.00710676 -0.0072446 -0.00739897 -0.00757684 -0.00774209 -0.00794659 -0.00813644 -0.00833178 -0.00853297 -0.00868465 -0.00882831 -0.00890188 -0.00889584 -0.00882218 -0.00859976 -0.00824762 -0.00770343 -0.00687497 -0.00575227 -0.00422252 -0.00225455 0.000123114 0.00296714 0.00622442 0.00985151 0.0138415 0.0180178 0.0222167 0.0263027 0.0300352 0.0332479 0.0357847 0.0373959 0.0379678 0.0374817 0.0358516 0.0330719 0.0292376 0.024442 0.0188558 0.0127102 0.00619456 -0.000474856 -0.00704742 -0.0133464 -0.019226 -0.0245092 -0.0290642 -0.0328157 -0.0356745 -0.0375791 
0 -0.0135749 -0.0269998 -0.0401022 -0.0527336 -0.064775 -0.0760918 -0.0865415 -0.0960131 -0.104433 -0.111725 -0.117768 -0.122449 -0.125739 -0.127603 -0.12796 -0.126826 -0.124284 -0.120387 -0.115266 -0.109103 -0.102043 -0.0943366 -0.0862758 -0.0780199 -0.0697952 -0.0618609 -0.0543469 -0.0474253 -0.0412049 -0.035647 -0.0308057 -0.0266743 -0.0231685 -0.0202992 -0.0179549 -0.0160276 -0.0144973 -0.0132324 -0.0122089 -0.0114055 -0.0107268 -0.0102052 -0.00977366 -0.00940086 -0.00911422 -0.00883338 -0.00860287 -0.0083935 -0.00818176 -0.00801606 -0.00783033 -0.00767729 -0.00753016 -0.00737849 -0.00726288 -0.00712304 -0.00701898 -0.00690465 -0.0067983 -0.00671059 -0.00660306 -0.00653051 -0.00643209 -0.00636101 -0.0062804 -0.00620412 -0.00614236 -0.0060631 -0.00601447 -0.00593942 -0.00589597 -0.0058321 -0.00578784 -0.00573857 -0.00569128 -0.00565598 -0.00560673 -0.00558212 -0.00553372 -0.0055156 -0.00547108 -0.00545578 -0.00541741 -0.00540247 -0.00537142 -0.00535564 -0.00533214 -0.00531532 -0.00529892 -0.00528147 -0.00527139 -0.00525401 -0.00524939 -0.00523282 -0.00523287 -0.00521779 -0.00522184 -0.00520882 -0.00521632 -0.00520583 -0.00521632 -0.00520882 -0.00522184 -0.00521779 -0.00523287 -0.00523282 -0.00524939 -0.00525401 -0.00527139 -0.00528147 -0.00529892 -0.00531532 -0.00533214 -0.00535564 -0.00537142 -0.00540247 -0.00541741 -0.00545578 -0.00547108 -0.0055156 -0.00553372 -0.00558212 -0.00560673 -0.00565598 -0.00569128 -0.00573857 -0.00578784 -0.0058321 -0.00589597 -0.00593942 -0.00601447 -0.0060631 -0.00614236 -0.00620412 -0.0062804 -0.00636101 -0.00643209 -0.00653051 -0.00660306 -0.00671059 -0.0067983 -0.00690465 -0.00701897 -0.00712304 -0.00726287 -0.00737846 -0.00753006 -0.00767703 -0.00782964 -0.00801427 -0.00817739 -0.00838331 -0.00858019 -0.00878527 -0.00901702 -0.00921388 -0.00943124 -0.0096079 -0.00973305 -0.00982527 -0.00979835 -0.00968793 -0.00944335 -0.00899469 -0.00835048 -0.00738265 -0.00604578 -0.00432393 -0.00212679 0.000491527 0.00352321 0.00699652 0.0107953 0.0148516 0.0190426 0.0231233 0.0269613 0.0303938 0.0331671 0.0351309 0.0361426 0.0360765 0.0349663 0.0328412 0.029692 0.0256508 0.0209063 0.0155941 0.00989959 0.00407779 -0.00164195 -0.00709997 -0.012192 -0.0168097 -0.0208355 -0.0242196 -0.0269469 -0.0289543 -0.0302174 
0 -0.0132805 -0.0264179 -0.039307 -0.0518086 -0.0637402 -0.074983 -0.085485 -0.0951577 -0.103889 -0.111598 -0.118196 -0.123561 -0.127603 -0.130265 -0.131517 -0.131336 -0.12969 -0.126635 -0.122297 -0.116746 -0.110117 -0.102688 -0.094687 -0.086337 -0.0779215 -0.0696141 -0.0616105 -0.054149 -0.0472921 -0.0411083 -0.0356723 -0.0309213 -0.0268803 -0.0235296 -0.0207359 -0.0184778 -0.0166388 -0.0151106 -0.0138987 -0.012888 -0.0120695 -0.0114315 -0.0108795 -0.0104569 -0.0100922 -0.00976725 -0.00951137 -0.00924412 -0.00902684 -0.00881602 -0.00860659 -0.00844054 -0.00824901 -0.00810172 -0.00794726 -0.00780149 -0.00768479 -0.00754373 -0.00744673 -0.00732407 -0.00722731 -0.00713112 -0.00702778 -0.00695377 -0.00685033 -0.00678652 -0.00669438 -0.00662971 -0.00655653 -0.00648646 -0.00643266 -0.00635942 -0.00631971 -0.00624917 -0.00621623 -0.00615431 -0.00612203 -0.00607242 -0.0060374 -0.006001 -0.00596259 -0.00593808 -0.0058975 -0.00588244 -0.00584168 -0.00583345 -0.00579453 -0.00579089 -0.00575536 -0.00575474 -0.00572357 -0.00572507 -0.00569865 -0.00570196 -0.00568024 -0.00568543 -0.00566809 -0.00567552 -0.00566205 -0.00567221 -0.00566205 -0.00567552 -0.00566809 -0.00568543 -0.00568024 -0.00570196 -0.00569865 -0.00572507 -0.00572357 -0.00575474 -0.00575536 -0.00579089 -0.00579453 -0.00583345 -0.00584168 -0.00588244 -0.0058975 -0.00593808 -0.00596259 -0.006001 -0.0060374 -0.00607242 -0.00612203 -0.00615431 -0.00621623 -0.00624917 -0.00631971 -0.00635942 -0.00643266 -0.00648646 -0.00655653 -0.00662971 -0.00669438 -0.00678652 -0.00685033 -0.00695377 -0.00702778 -0.00713112 -0.00722731 -0.00732407 -0.00744673 -0.00754373 -0.00768479 -0.00780148 -0.00794724 -0.00810166 -0.00824883 -0.00844005 -0.00860532 -0.00881285 -0.00901933 -0.00922712 -0.00947469 -0.00969183 -0.00994452 -0.0101815 -0.0103901 -0.0106027 -0.0107286 -0.0108095 -0.010799 -0.0106379 -0.0103554 -0.00983296 -0.00903705 -0.00792805 -0.00638463 -0.00443938 -0.00206425 0.00077273 0.00398958 0.00760402 0.0115463 0.0156245 0.0197214 0.0236379 0.0271571 0.0301619 0.0324437 0.0338045 0.0342019 0.0335933 0.03196 0.0293884 0.0259815 0.0218832 0.0173038 0.0124231 0.00740365 0.00245094 -0.00224267 -0.00654766 -0.0103851 -0.0137048 -0.0164725 -0.0186845 -0.0203691 -0.0215511 -0.0222573 
0 -0.0127831 -0.0254327 -0.03788 -0.0500065 -0.0616436 -0.0727159 -0.0831927 -0.0929597 -0.101902 -0.109977 -0.117107 -0.12314 -0.12796 -0.131517 -0.133763 -0.134609 -0.133995 -0.131949 -0.128513 -0.123741 -0.117785 -0.110824 -0.10307 -0.0948259 -0.0863221 -0.0777441 -0.0693706 -0.0613945 -0.0539464 -0.0471872 -0.0411233 -0.0357602 -0.0311559 -0.0272271 -0.02395 -0.02128 -0.0190612 -0.0172701 -0.0158107 -0.0145906 -0.0136308 -0.0128223 -0.0121631 -0.0116405 -0.0111676 -0.010799 -0.0104613 -0.0101579 -0.00991295 -0.0096526 -0.00944886 -0.00923947 -0.00904265 -0.00887931 -0.00868914 -0.00854805 -0.00838298 -0.0082425 -0.00811349 -0.00797063 -0.00787043 -0.00773776 -0.00764909 -0.00754044 -0.00744977 -0.00736913 -0.00727379 -0.00721412 -0.00712037 -0.00706953 -0.0069862 -0.0069338 -0.00686685 -0.00680803 -0.00675846 -0.00669398 -0.0066587 -0.00659276 -0.00656675 -0.00650444 -0.00648282 -0.00642828 -0.0064075 -0.00636313 -0.00634128 -0.00630781 -0.00628436 -0.00626129 -0.00623666 -0.00622282 -0.00619785 -0.00619184 -0.0061675 -0.006168 -0.00614517 -0.0061511 -0.00613051 -0.006141 -0.00612325 -0.00613764 -0.00612325 -0.006141 -0.00613051 -0.0061511 -0.00614517 -0.006168 -0.0061675 -0.00619184 -0.00619785 -0.00622282 -0.00623666 -0.00626129 -0.00628436 -0.00630781 -0.00634128 -0.00636313 -0.0064075 -0.00642828 -0.00648282 -0.00650444 -0.00656675 -0.00659276 -0.0066587 -0.00669398 -0.00675846 -0.00680803 -0.00686685 -0.0069338 -0.0069862 -0.00706953 -0.00712037 -0.00721412 -0.00727379 -0.00736913 -0.00744977 -0.00754044 -0.00764909 -0.00773776 -0.00787043 -0.00797063 -0.00811349 -0.0082425 -0.00838298 -0.00854803 -0.0086891 -0.00887919 -0.00904231 -0.00923858 -0.0094466 -0.00964714 -0.00990038 -0.0101303 -0.0104036 -0.0106838 -0.0109488 -0.0112446 -0.01148 -0.0116973 -0.0118575 -0.0119054 -0.0118852 -0.0116965 -0.0113285 -0.0107442 -0.00981265 -0.00853595 -0.00683768 -0.00467259 -0.00210463 0.000911189 0.00433654 0.00807136 0.0120633 0.0161156 0.0200276 0.0236789 0.0268618 0.0293918 0.0311392 0.0319489 0.0317747 0.0306629 0.0286274 0.0257431 0.0222031 0.0182189 0.0139695 0.00963062 0.00540116 0.00144774 -0.00215015 -0.00531595 -0.00793596 -0.00998496 -0.0115426 -0.0126639 -0.013388 -0.013813 -0.0140193 
0 -0.0121059 -0.0240966 -0.035901 -0.0474443 -0.0586434 -0.0694385 -0.0797562 -0.0895043 -0.0986128 -0.106999 -0.114553 -0.12119 -0.126826 -0.131336 -0.134609 -0.136561 -0.137097 -0.136152 -0.13374 -0.12994 -0.124837 -0.118542 -0.111279 -0.10331 -0.0948581 -0.0861881 -0.0775491 -0.0691361 -0.0611892 -0.0538511 -0.0471618 -0.0412096 -0.0359858 -0.0314662 -0.0276778 -0.0245091 -0.0218931 -0.0197722 -0.0179997 -0.0165631 -0.0153876 -0.0143981 -0.0136198 -0.0129512 -0.0124004 -0.0119508 -0.0115305 -0.0111976 -0.0108759 -0.0105892 -0.0103453 -0.0100867 -0.00988566 -0.0096678 -0.00947802 -0.00930753 -0.00912169 -0.00898431 -0.00881565 -0.00868838 -0.00855104 -0.00842043 -0.00831523 -0.00818388 -0.00809881 -0.00797874 -0.00789868 -0.00780054 -0.00771624 -0.00764287 -0.00755385 -0.00750024 -0.00741224 -0.00736949 -0.00728995 -0.00724966 -0.00718409 -0.00714097 -0.00709151 -0.00704389 -0.00700962 -0.00695858 -0.00693671 -0.00688475 -0.00687194 -0.0068218 -0.00681501 -0.00676893 -0.00676596 -0.0067254 -0.00672491 -0.00669056 -0.00669199 -0.00666391 -0.00666728 -0.0066451 -0.0066508 -0.00663389 -0.00664257 -0.00663017 -0.00664257 -0.00663389 -0.0066508 -0.0066451 -0.00666728 -0.00666391 -0.00669199 -0.00669056 -0.00672491 -0.0067254 -0.00676596 -0.00676893 -0.00681501 -0.0068218 -0.00687194 -0.00688475 -0.00693671 -0.00695858 -0.00700962 -0.00704389 -0.00709151 -0.00714097 -0.00718409 -0.00724966 -0.00728995 -0.00736949 -0.00741224 -0.00750024 -0.00755385 -0.00764287 -0.00771624 -0.00780054 -0.00789868 -0.00797874 -0.00809881 -0.00818388 -0.00831523 -0.00842043 -0.00855104 -0.00868838 -0.00881565 -0.00898431 -0.00912168 -0.0093075 -0.00947794 -0.00966756 -0.00988503 -0.0100851 -0.0103414 -0.01058 -0.0108554 -0.011154 -0.0114419 -0.0117793 -0.0120842 -0.0123952 -0.0126871 -0.0129017 -0.0130848 -0.0131486 -0.0130938 -0.0129013 -0.0124611 -0.0117705 -0.0107277 -0.00926071 -0.0073889 -0.00504802 -0.00226691 0.000910977 0.00449161 0.00834222 0.0123138 0.0162633 0.0199753 0.0233005 0.0261007 0.0281731 0.0293854 0.029684 0.0290452 0.027507 0.0251606 0.0221446 0.0186584 0.0149286 0.011153 0.00748478 0.00408573 0.00111697 -0.00136355 -0.00336012 -0.0048226 -0.00573881 -0.00622289 -0.00638517 -0.00629094 -0.00605862 -0.00579474 
0 -0.0112535 -0.0224355 -0.033467 -0.0443077 -0.0549436 -0.0653126 -0.0753329 -0.0849695 -0.0941512 -0.102734 -0.110646 -0.117874 -0.124284 -0.12969 -0.133995 -0.137097 -0.138831 -0.139096 -0.137874 -0.135181 -0.131069 -0.125644 -0.119068 -0.111562 -0.103391 -0.0948112 -0.0860429 -0.0773423 -0.0689599 -0.0610622 -0.0537976 -0.0472427 -0.0413977 -0.0363088 -0.0319502 -0.0282568 -0.0252024 -0.0226604 -0.0205546 -0.0188372 -0.0173948 -0.0162252 -0.0152651 -0.0144542 -0.0138089 -0.0132381 -0.0127584 -0.0123462 -0.0119533 -0.0116318 -0.0113108 -0.0110315 -0.0107808 -0.0105272 -0.0103274 -0.0101077 -0.00992923 -0.00975234 -0.00957807 -0.00943795 -0.00927048 -0.00914921 -0.00900135 -0.0088823 -0.00876297 -0.00864038 -0.00854788 -0.00842704 -0.00835152 -0.00824241 -0.00817255 -0.0080831 -0.00801147 -0.00794402 -0.00786884 -0.00782042 -0.00774433 -0.00770903 -0.00763661 -0.00760815 -0.00754371 -0.00751721 -0.00746361 -0.0074362 -0.00739458 -0.00736528 -0.00733537 -0.00730447 -0.00728517 -0.00725369 -0.00724355 -0.0072127 -0.0072103 -0.00718122 -0.00718537 -0.00715896 -0.00716873 -0.00714571 -0.00716041 -0.00714131 -0.00716041 -0.00714571 -0.00716873 -0.00715896 -0.00718537 -0.00718122 -0.0072103 -0.0072127 -0.00724355 -0.00725369 -0.00728517 -0.00730447 -0.00733537 -0.00736528 -0.00739458 -0.0074362 -0.00746361 -0.00751721 -0.00754371 -0.00760815 -0.00763661 -0.00770903 -0.00774433 -0.00782042 -0.00786884 -0.00794402 -0.00801147 -0.0080831 -0.00817255 -0.00824241 -0.00835152 -0.00842704 -0.00854788 -0.00864038 -0.00876297 -0.0088823 -0.00900135 -0.00914921 -0.00927048 -0.00943795 -0.00957806 -0.00975233 -0.00992921 -0.0101076 -0.0103272 -0.0105268 -0.0107797 -0.0110287 -0.0113042 -0.0116168 -0.0119208 -0.0122789 -0.0126258 -0.0129888 -0.0133621 -0.0136903 -0.014017 -0.0142715 -0.014453 -0.0145551 -0.0144934 -0.0142697 -0.0137906 -0.0129728 -0.0117899 -0.0101531 -0.00806797 -0.00555166 -0.0025849 0.000767943 0.0044463 0.00834884 0.0122811 0.016077 0.019579 0.0226066 0.0250004 0.0266141 0.027343 0.0271735 0.026154 0.0243426 0.0218405 0.0188535 0.0156077 0.0122679 0.00902581 0.00609536 0.00359236 0.00157871 0.000128266 -0.000751338 -0.00112817 -0.00107798 -0.000688495 -6.28327e-05 0.000696035 0.00146775 0.00214323 
