0 0 0 0 0 0 0 0 0 0 0 0 0 0 0 0 0 0 0 0 0 0 0 0 0 0 0 0 0 0 0 0 0 0 0 0 0 0 0 0 0 0 0 0 0 0 0 0 0 0 0 0 0 0 0 0 0 0 0 0 0 0 0 0 0 0 0 0 0 0 0 0 0 0 0 0 0 0 0 0 0 0 0 0 0 0 0 0 0 0 0 0 0 0 0 0 0 0 0 0 0 0 0 0 0 0 0 0 0 0 0 0 0 0 0 0 0 0 0 0 0 0 0 0 0 0 0 0 0 0 0 0 0 0 0 0 0 0 0 0 0 0 0 0 0 0 0 0 0 0 0 0 0 0 0 0 0 0 0 0 0 0 0 0 0 0 0 0 0 0 0 0 0 0 0 0 0 0 0 0 0 0 0 0 0 0 0 0 0 0 0 0 0 0 0 0 0 0 0 0 
0 -0.0032933 -0.0063849 -0.00920098 -0.0117315 -0.0138931 -0.0155463 -0.0166349 -0.0172242 -0.0173968 -0.0171802 -0.0165863 -0.0156722 -0.0145397 -0.0132976 -0.0120234 -0.0107511 -0.00949776 -0.00829396 -0.00718054 -0.00619076 -0.00534074 -0.00462506 -0.00402203 -0.00350847 -0.00306686 -0.00268582 -0.00236142 -0.00209258 -0.00187591 -0.00170603 -0.00157429 -0.0014695 -0.00138212 -0.00130481 -0.00123324 -0.00116713 -0.00110742 -0.00105552 -0.0010125 -0.000977304 -0.000948149 -0.000922581 -0.000897884 -0.00087272 -0.000846353 -0.000819188 -0.000792543 -0.000767483 -0.000745341 -0.000726659 -0.00071137 -0.000699126 -0.000688808 -0.000679559 -0.000670357 -0.000660469 -0.000649661 -0.000637721 -0.000625076 -0.000612033 -0.000599156 -0.000586977 -0.000575799 -0.000566042 -0.000557669 -0.000550797 -0.000545194 -0.000540682 -0.000537018 -0.000533859 -0.000531064 -0.000528287 -0.000525497 -0.000522461 -0.000519214 -0.000515675 -0.000511891 -0.000507914 -0.000503764 -0.000499581 -0.000495342 -0.000491221 -0.000487162 -0.000483333 -0.000479658 -0.000476274 -0.000473102 -0.000470239 -0.000467616 -0.000465292 -0.000463213 -0.000461405 -0.000459837 -0.000458508 -0.000457406 -0.000456515 -0.000455838 -0.000455352 -0.000455071 -0.00045497 -0.000455071 -0.000455352 -0.000455838 -0.000456515 -0.000457406 -0.000458508 -0.000459837 -0.000461405 -0.000463213 -0.000465292 -0.000467616 -0.000470239 -0.000473102 -0.000476274 -0.000479658 -0.000483333 -0.000487162 -0.000491221 -0.000495342 -0.000499581 -0.000503764 -0.000507914 -0.000511891 -0.000515675 -0.000519214 -0.000522461 -0.000525497 -0.000528287 -0.000531064 -0.000533859 -0.000537018 -0.000540682 -0.000545194 -0.000550797 -0.000557669 -0.000566042 -0.000575799 -0.000586977 -0.000599156 -0.000612033 -0.000625076 -0.000637721 -0.000649661 -0.000660469 -0.000670357 -0.000679559 -0.000688808 -0.000699126 -0.00071137 -0.000726659 -0.000745341 -0.000767483 -0.000792543 -0.000819188 -0.000846353 -0.00087272 -0.000897884 -0.00092258 -0.000948147 -0.000977296 -0.00101247 -0.00105544 -0.00110718 -0.00116648 -0.00123155 -0.00130071 -0.00137273 -0.00144914 -0.00153266 -0.00162576 -0.00173008 -0.00184303 -0.00195902 -0.00207315 -0.00218233 -0.0022884 -0.00239594 -0.00250167 -0.00258929 -0.00263035 -0.00259192 -0.00245626 -0.00223077 -0.00193125 -0.00155948 -0.00109309 -0.000496492 0.000242319 0.00108772 0.00198883 0.00292574 0.00390255 0.00490828 0.00590229 0.00682787 0.00763625 0.00830808 0.0088431 0.00921966 
0 -0.0063849 -0.0124879 -0.0181106 -0.0230997 -0.0272826 -0.0305092 -0.0327338 -0.0340057 -0.0343952 -0.0339668 -0.0328096 -0.031064 -0.0289108 -0.026526 -0.0240336 -0.021507 -0.0190129 -0.0166325 -0.0144449 -0.0125046 -0.0108269 -0.00938959 -0.00815642 -0.00709708 -0.00619041 -0.00542322 -0.00478521 -0.00426157 -0.00383456 -0.00348675 -0.00320121 -0.00296492 -0.00276866 -0.00260421 -0.00246544 -0.00234679 -0.00224257 -0.00214906 -0.00206322 -0.0019833 -0.00190934 -0.00184125 -0.00177955 -0.00172452 -0.0016754 -0.00163159 -0.00159169 -0.00155437 -0.00151878 -0.00148393 -0.00144982 -0.00141647 -0.00138421 -0.00135375 -0.00132527 -0.00129932 -0.00127583 -0.00125472 -0.00123578 -0.00121841 -0.00120239 -0.00118709 -0.0011723 -0.00115771 -0.00114313 -0.00112866 -0.00111418 -0.00109997 -0.00108602 -0.0010726 -0.00105978 -0.00104769 -0.00103645 -0.00102601 -0.00101652 -0.0010078 -0.000999974 -0.000992821 -0.000986417 -0.000980573 -0.000975302 -0.000970487 -0.000966085 -0.000962062 -0.000958327 -0.000954923 -0.000951727 -0.000948838 -0.000946114 -0.000943686 -0.000941409 -0.000939429 -0.0009376 -0.000936073 -0.000934706 -0.000933645 -0.000932754 -0.000932174 -0.000931771 -0.000931681 -0.000931771 -0.000932174 -0.000932754 -0.000933645 -0.000934706 -0.000936073 -0.0009376 -0.000939429 -0.000941409 -0.000943686 -0.000946114 -0.000948838 -0.000951727 -0.000954923 -0.000958327 -0.000962062 -0.000966085 -0.000970487 -0.000975302 -0.000980573 -0.000986417 -0.000992821 -0.000999974 -0.0010078 -0.00101652 -0.00102601 -0.00103645 -0.00104769 -0.00105978 -0.0010726 -0.00108602 -0.00109997 -0.00111418 -0.00112866 -0.00114313 -0.00115771 -0.0011723 -0.00118709 -0.00120239 -0.00121841 -0.00123578 -0.00125472 -0.00127583 -0.00129932 -0.00132527 -0.00135375 -0.00138421 -0.00141647 -0.00144982 -0.00148393 -0.00151878 -0.00155437 -0.00159169 -0.00163159 -0.0016754 -0.00172452 -0.00177955 -0.00184125 -0.00190933 -0.00198327 -0.00206315 -0.00214883 -0.00224194 -0.00234511 -0.00246125 -0.00259431 -0.00274651 -0.0029181 -0.00310766 -0.00331029 -0.0035204 -0.00373361 -0.00394682 -0.00416197 -0.00438407 -0.00461481 -0.00484786 -0.00506008 -0.00520851 -0.0052443 -0.00512942 -0.00484885 -0.00441144 -0.00382389 -0.0030617 -0.00207816 -0.000842086 0.000631784 0.00228355 0.00405151 0.00591609 0.00787391 0.00987104 0.0118031 0.0135831 0.015168 0.0165178 0.0175713 0.0182714 
0 -0.00920098 -0.0181106 -0.0263777 -0.0336535 -0.0397101 -0.0444552 -0.0478463 -0.0498536 -0.0505151 -0.0499638 -0.0483826 -0.0459732 -0.0429571 -0.0395499 -0.0359272 -0.0322322 -0.0285932 -0.0251225 -0.0219164 -0.0190449 -0.0165306 -0.0143543 -0.0124811 -0.0108724 -0.00949581 -0.00833085 -0.00735744 -0.00655196 -0.00589109 -0.00534912 -0.0049022 -0.00453278 -0.0042252 -0.00396716 -0.0037496 -0.00356269 -0.00339915 -0.00325347 -0.00312053 -0.00299861 -0.00288651 -0.00278353 -0.0026904 -0.00260614 -0.00253026 -0.0024618 -0.00239875 -0.00234032 -0.00228493 -0.00223183 -0.00218096 -0.0021318 -0.00208509 -0.00204081 -0.00199931 -0.00196096 -0.00192536 -0.00189281 -0.00186261 -0.00183462 -0.00180843 -0.00178348 -0.00175979 -0.00173673 -0.00171456 -0.0016929 -0.00167194 -0.00165169 -0.00163211 -0.00161351 -0.00159565 -0.00157892 -0.00156304 -0.00154828 -0.00153444 -0.00152159 -0.00150969 -0.00149859 -0.0014884 -0.00147884 -0.00147011 -0.00146188 -0.00145439 -0.0014473 -0.00144087 -0.0014348 -0.0014293 -0.00142417 -0.00141952 -0.00141526 -0.00141143 -0.00140801 -0.00140499 -0.00140239 -0.00140016 -0.00139837 -0.00139694 -0.00139596 -0.00139533 -0.00139516 -0.00139533 -0.00139596 -0.00139694 -0.00139837 -0.00140016 -0.00140239 -0.00140499 -0.00140801 -0.00141143 -0.00141526 -0.00141952 -0.00142417 -0.0014293 -0.0014348 -0.00144087 -0.0014473 -0.00145439 -0.00146188 -0.00147011 -0.00147884 -0.0014884 -0.00149859 -0.00150969 -0.00152159 -0.00153444 -0.00154828 -0.00156304 -0.00157892 -0.00159565 -0.00161351 -0.00163211 -0.00165169 -0.00167194 -0.0016929 -0.00171456 -0.00173673 -0.00175979 -0.00178348 -0.00180843 -0.00183462 -0.00186261 -0.00189281 -0.00192536 -0.00196096 -0.00199931 -0.00204081 -0.00208509 -0.0021318 -0.00218096 -0.00223183 -0.00228493 -0.00234032 -0.00239875 -0.0024618 -0.00253026 -0.00260614 -0.0026904 -0.00278353 -0.00288649 -0.00299855 -0.00312034 -0.00325295 -0.00339775 -0.00355914 -0.00374104 -0.00394763 -0.00418304 -0.00444661 -0.00473559 -0.00504446 -0.00536414 -0.00568918 -0.00601751 -0.00634971 -0.00669076 -0.00703789 -0.00737074 -0.0076513 -0.00782258 -0.00782401 -0.00761631 -0.00718138 -0.00650863 -0.00558227 -0.0043663 -0.0028191 -0.000936686 0.00124197 0.00366962 0.00630355 0.00909553 0.011983 0.0148747 0.0176553 0.0202307 0.0225419 0.0245114 0.0260269 0.0270109 
0 -0.0117315 -0.0230997 -0.0336535 -0.0429704 -0.0508037 -0.0570342 -0.0615531 -0.0642925 -0.0653217 -0.0648289 -0.0630377 -0.0601781 -0.0564896 -0.0522166 -0.0476084 -0.0428983 -0.0382613 -0.0338171 -0.029666 -0.0258881 -0.0225292 -0.0196022 -0.0170842 -0.0149242 -0.013073 -0.0114921 -0.0101498 -0.00902511 -0.00809724 -0.00733788 -0.00671925 -0.00621186 -0.00578703 -0.00542535 -0.00511161 -0.00483578 -0.00459423 -0.00438221 -0.00419651 -0.00403419 -0.00388943 -0.00375877 -0.00363826 -0.0035245 -0.0034173 -0.00331543 -0.00321982 -0.00313155 -0.00305029 -0.0029771 -0.00291069 -0.00285033 -0.00279503 -0.00274274 -0.00269318 -0.00264479 -0.00259749 -0.00255124 -0.00250582 -0.00246229 -0.00242034 -0.00238104 -0.00234429 -0.00231032 -0.00227939 -0.00225086 -0.00222511 -0.00220117 -0.00217927 -0.00215864 -0.00213919 -0.00212066 -0.00210266 -0.00208541 -0.00206834 -0.00205199 -0.00203579 -0.0020203 -0.00200512 -0.00199065 -0.00197673 -0.00196351 -0.00195106 -0.00193927 -0.0019284 -0.00191814 -0.00190889 -0.00190021 -0.00189255 -0.0018854 -0.00187926 -0.00187359 -0.00186889 -0.00186462 -0.00186127 -0.00185834 -0.00185627 -0.00185462 -0.0018538 -0.00185338 -0.0018538 -0.00185462 -0.00185627 -0.00185834 -0.00186127 -0.00186462 -0.00186889 -0.00187359 -0.00187926 -0.0018854 -0.00189255 -0.00190021 -0.00190889 -0.00191814 -0.0019284 -0.00193927 -0.00195106 -0.00196351 -0.00197673 -0.00199065 -0.00200512 -0.0020203 -0.00203579 -0.00205199 -0.00206834 -0.00208541 -0.00210266 -0.00212066 -0.00213919 -0.00215864 -0.00217927 -0.00220117 -0.00222511 -0.00225086 -0.00227939 -0.00231032 -0.00234429 -0.00238104 -0.00242034 -0.00246229 -0.00250582 -0.00255124 -0.00259749 -0.00264479 -0.00269318 -0.00274274 -0.00279503 -0.00285033 -0.00291069 -0.0029771 -0.00305029 -0.00313155 -0.00321982 -0.00331543 -0.0034173 -0.0035245 -0.00363826 -0.00375876 -0.00388938 -0.00403405 -0.0041961 -0.00438109 -0.00459134 -0.00482872 -0.00509528 -0.00538955 -0.00571264 -0.00606549 -0.00644653 -0.00685659 -0.00729207 -0.00774584 -0.00821309 -0.00868435 -0.00914798 -0.00959009 -0.00997986 -0.0102725 -0.0104169 -0.0103542 -0.0100326 -0.00941268 -0.00844999 -0.00710285 -0.00535518 -0.00321237 -0.00069487 0.00216869 0.00536159 0.00885326 0.0125379 0.01626 0.0199107 0.0234337 0.0267416 0.0296942 0.0321602 0.0340528 0.0353095 
0 -0.0138931 -0.0272826 -0.0397101 -0.0508037 -0.060271 -0.0678708 -0.0734442 -0.0769644 -0.0785201 -0.0782783 -0.0764784 -0.0733946 -0.0692803 -0.0643918 -0.059029 -0.0534839 -0.0479786 -0.0426738 -0.0376835 -0.033081 -0.0289257 -0.0252559 -0.0220631 -0.0193104 -0.0169523 -0.0149353 -0.0132172 -0.0117686 -0.010556 -0.00954865 -0.00871747 -0.00802741 -0.00745088 -0.0069652 -0.00654837 -0.0061883 -0.00587417 -0.00559619 -0.00535066 -0.005131 -0.00493314 -0.00475536 -0.00459283 -0.00444488 -0.00430939 -0.00418376 -0.00406843 -0.00396062 -0.00386026 -0.0037668 -0.0036785 -0.00359645 -0.00351887 -0.00344624 -0.00337834 -0.00331408 -0.00325447 -0.00319783 -0.00314491 -0.0030949 -0.00304733 -0.00300266 -0.00295957 -0.00291909 -0.00287999 -0.00284294 -0.00280756 -0.00277368 -0.00274183 -0.00271112 -0.00268258 -0.00265513 -0.00262967 -0.00260542 -0.00258279 -0.00256156 -0.00254152 -0.002523 -0.00250532 -0.00248918 -0.00247365 -0.00245959 -0.00244603 -0.00243379 -0.00242206 -0.00241148 -0.00240147 -0.00239242 -0.00238403 -0.00237646 -0.00236963 -0.00236349 -0.00235818 -0.00235346 -0.00234962 -0.00234631 -0.00234393 -0.00234204 -0.00234109 -0.00234061 -0.00234109 -0.00234204 -0.00234393 -0.00234631 -0.00234962 -0.00235346 -0.00235818 -0.00236349 -0.00236963 -0.00237646 -0.00238403 -0.00239242 -0.00240147 -0.00241148 -0.00242206 -0.00243379 -0.00244603 -0.00245959 -0.00247365 -0.00248918 -0.00250532 -0.002523 -0.00254152 -0.00256156 -0.00258279 -0.00260542 -0.00262967 -0.00265513 -0.00268258 -0.00271112 -0.00274183 -0.00277368 -0.00280756 -0.00284294 -0.00287999 -0.00291909 -0.00295957 -0.00300266 -0.00304733 -0.0030949 -0.00314491 -0.00319783 -0.00325447 -0.00331408 -0.00337834 -0.00344624 -0.00351887 -0.00359645 -0.0036785 -0.0037668 -0.00386026 -0.00396062 -0.00406843 -0.00418376 -0.00430939 -0.00444488 -0.00459282 -0.00475533 -0.00493303 -0.00513067 -0.00534977 -0.00559388 -0.00586846 -0.00617491 -0.00651861 -0.0069025 -0.00732567 -0.00779048 -0.00829255 -0.0088258 -0.00938749 -0.00996821 -0.0105607 -0.0111576 -0.0117356 -0.0122622 -0.0126924 -0.0129637 -0.0130209 -0.012819 -0.0123041 -0.0114196 -0.0101039 -0.00829461 -0.00597937 -0.00320501 -1.67945e-05 0.00356491 0.00751438 0.0117732 0.0162197 0.020679 0.0250161 0.0291728 0.0330603 0.0365027 0.0393491 0.0415446 0.0430384 
0 -0.0155463 -0.0305092 -0.0444552 -0.0570342 -0.0678708 -0.0766471 -0.0832303 -0.0876201 -0.0898512 -0.0900436 -0.0884553 -0.0853878 -0.0811103 -0.0759011 -0.0700661 -0.0639043 -0.0576962 -0.051669 -0.0459522 -0.0406196 -0.0357388 -0.0313523 -0.0274755 -0.0241086 -0.0212146 -0.0187362 -0.0166254 -0.0148309 -0.0133063 -0.0120216 -0.0109416 -0.0100351 -0.00927923 -0.00864414 -0.00810647 -0.00764833 -0.00724789 -0.0068943 -0.00657856 -0.00629173 -0.00603407 -0.0058013 -0.0055915 -0.005405 -0.00523597 -0.00508375 -0.00494452 -0.0048141 -0.00469282 -0.00457657 -0.00446643 -0.00436211 -0.00426262 -0.00417056 -0.00408379 -0.00400413 -0.0039306 -0.00386217 -0.00379964 -0.00374017 -0.00368506 -0.00363205 -0.0035814 -0.00353288 -0.00348531 -0.00344022 -0.00339576 -0.00335387 -0.00331317 -0.00327475 -0.00323838 -0.00320381 -0.00317194 -0.00314142 -0.00311379 -0.00308727 -0.00306337 -0.00304054 -0.0030198 -0.00300024 -0.00298215 -0.00296541 -0.00294958 -0.00293526 -0.00292145 -0.00290923 -0.00289728 -0.00288697 -0.0028768 -0.00286826 -0.00285984 -0.002853 -0.00284631 -0.00284114 -0.00283617 -0.00283267 -0.00282942 -0.00282759 -0.00282604 -0.0028259 -0.00282604 -0.00282759 -0.00282942 -0.00283267 -0.00283617 -0.00284114 -0.00284631 -0.002853 -0.00285984 -0.00286826 -0.0028768 -0.00288697 -0.00289728 -0.00290923 -0.00292145 -0.00293526 -0.00294958 -0.00296541 -0.00298215 -0.00300024 -0.0030198 -0.00304054 -0.00306337 -0.00308727 -0.00311379 -0.00314142 -0.00317194 -0.00320381 -0.00323838 -0.00327475 -0.00331317 -0.00335387 -0.00339576 -0.00344022 -0.00348531 -0.00353288 -0.0035814 -0.00363205 -0.00368506 -0.00374017 -0.00379964 -0.00386217 -0.0039306 -0.00400413 -0.00408379 -0.00417056 -0.00426262 -0.00436211 -0.00446643 -0.00457657 -0.00469282 -0.0048141 -0.00494452 -0.00508375 -0.00523597 -0.005405 -0.00559148 -0.00580122 -0.00603382 -0.00629104 -0.00657673 -0.00688973 -0.00723706 -0.00762394 -0.00805436 -0.00853859 -0.00907656 -0.00966615 -0.0103044 -0.0109758 -0.0116709 -0.0123831 -0.0130977 -0.0138047 -0.014477 -0.0150582 -0.0154859 -0.0156889 -0.0155978 -0.0151723 -0.0143688 -0.0131179 -0.0113568 -0.00903754 -0.00614002 -0.00270688 0.00119498 0.00552184 0.0102038 0.0151199 0.0201602 0.0252287 0.0301838 0.0348579 0.0391189 0.0428641 0.0459955 0.0484262 0.0500755 
0 -0.0166349 -0.0327338 -0.0478463 -0.0615531 -0.0734442 -0.0832303 -0.0907853 -0.0960592 -0.0990577 -0.0998989 -0.0987911 -0.0959852 -0.0917885 -0.0865328 -0.0805111 -0.0740141 -0.0673536 -0.0607758 -0.0544358 -0.0484535 -0.042912 -0.0378606 -0.0333491 -0.0293921 -0.0259514 -0.0229825 -0.0204324 -0.0182395 -0.0163674 -0.0147806 -0.0134357 -0.0123043 -0.0113501 -0.0105365 -0.00984369 -0.00924577 -0.00872514 -0.008274 -0.00787564 -0.0075241 -0.00721265 -0.00692989 -0.00667561 -0.00644243 -0.00622723 -0.00603148 -0.00584924 -0.00568344 -0.00553155 -0.00539104 -0.00526392 -0.00514444 -0.00503432 -0.00493071 -0.00483159 -0.00473882 -0.00464831 -0.00456332 -0.00448152 -0.00440378 -0.00433125 -0.00426169 -0.00419825 -0.00413762 -0.00408222 -0.00403014 -0.00398135 -0.00393637 -0.00389286 -0.00385309 -0.00381385 -0.00377768 -0.00374206 -0.00370851 -0.00367613 -0.00364484 -0.00361549 -0.00358656 -0.00356012 -0.0035338 -0.0035102 -0.00348674 -0.0034659 -0.00344544 -0.00342728 -0.00340983 -0.00339424 -0.00337971 -0.00336661 -0.00335484 -0.00334412 -0.00333495 -0.0033265 -0.00331976 -0.00331352 -0.00330908 -0.00330497 -0.00330273 -0.00330073 -0.00330062 -0.00330073 -0.00330273 -0.00330497 -0.00330908 -0.00331352 -0.00331976 -0.0033265 -0.00333495 -0.00334412 -0.00335484 -0.00336661 -0.00337971 -0.00339424 -0.00340983 -0.00342728 -0.00344544 -0.0034659 -0.00348674 -0.0035102 -0.0035338 -0.00356012 -0.00358656 -0.00361549 -0.00364484 -0.00367613 -0.00370851 -0.00374206 -0.00377768 -0.00381385 -0.00385309 -0.00389286 -0.00393637 -0.00398135 -0.00403014 -0.00408222 -0.00413762 -0.00419825 -0.00426169 -0.00433125 -0.00440378 -0.00448152 -0.00456332 -0.00464831 -0.00473882 -0.00483159 -0.00493071 -0.00503432 -0.00514444 -0.00526392 -0.00539104 -0.00553155 -0.00568344 -0.00584924 -0.00603148 -0.00622722 -0.00644241 -0.00667555 -0.0069297 -0.00721212 -0.00752268 -0.00787204 -0.00826535 -0.0087054 -0.00920299 -0.00975578 -0.0103652 -0.0110336 -0.0117494 -0.0125115 -0.0133145 -0.0141436 -0.0149961 -0.015851 -0.0166677 -0.0174017 -0.0179782 -0.0183154 -0.0183585 -0.0180494 -0.0173313 -0.0161571 -0.0144485 -0.0121333 -0.00920401 -0.00567786 -0.00157814 0.00302963 0.00805712 0.0134004 0.0189092 0.02445 0.0299611 0.0353376 0.0403597 0.0448456 0.0487533 0.0520492 0.05461 0.0563261 
0 -0.0172242 -0.0340057 -0.0498536 -0.0642925 -0.0769644 -0.0876201 -0.0960592 -0.102177 -0.106021 -0.107694 -0.107285 -0.104992 -0.101156 -0.0961255 -0.0901895 -0.0836489 -0.0767898 -0.0698443 -0.0630311 -0.0565238 -0.0504127 -0.0447764 -0.0396857 -0.0351508 -0.0311612 -0.0276923 -0.0246787 -0.0220689 -0.0198276 -0.017902 -0.0162582 -0.0148646 -0.0136727 -0.0126557 -0.0117853 -0.0110289 -0.0103768 -0.00980856 -0.00930814 -0.00887194 -0.00848153 -0.00813239 -0.0078197 -0.00753158 -0.00727189 -0.00703296 -0.00681295 -0.00661448 -0.00642918 -0.0062616 -0.00610663 -0.005962 -0.00583015 -0.00570376 -0.00558744 -0.00547654 -0.00537124 -0.00527334 -0.00517808 -0.0050907 -0.00500601 -0.00492727 -0.00485312 -0.00478212 -0.00471724 -0.00465373 -0.00459621 -0.00453997 -0.00448811 -0.00443861 -0.00439136 -0.00434773 -0.00430469 -0.00426595 -0.00422707 -0.00419235 -0.00415768 -0.00412634 -0.00409584 -0.00406754 -0.004041 -0.00401557 -0.00399272 -0.00397012 -0.00395064 -0.00393086 -0.00391446 -0.00389749 -0.00388392 -0.00386973 -0.0038588 -0.00384733 -0.00383892 -0.00383011 -0.00382415 -0.00381792 -0.00381436 -0.00381064 -0.00380948 -0.00380823 -0.00380948 -0.00381064 -0.00381436 -0.00381792 -0.00382415 -0.00383011 -0.00383892 -0.00384733 -0.0038588 -0.00386973 -0.00388392 -0.00389749 -0.00391446 -0.00393086 -0.00395064 -0.00397012 -0.00399272 -0.00401557 -0.004041 -0.00406754 -0.00409584 -0.00412634 -0.00415768 -0.00419235 -0.00422707 -0.00426595 -0.00430469 -0.00434773 -0.00439136 -0.00443861 -0.00448811 -0.00453997 -0.00459621 -0.00465373 -0.00471724 -0.00478212 -0.00485312 -0.00492727 -0.00500601 -0.0050907 -0.00517808 -0.00527334 -0.00537124 -0.00547654 -0.00558744 -0.00570376 -0.00583015 -0.005962 -0.00610663 -0.0062616 -0.00642918 -0.00661448 -0.00681295 -0.00703295 -0.00727187 -0.00753153 -0.00781956 -0.00813198 -0.00848044 -0.00886914 -0.00930132 -0.00979277 -0.0103421 -0.0109566 -0.0116422 -0.0123872 -0.0131947 -0.0140564 -0.0149573 -0.015902 -0.0168753 -0.0178563 -0.0188248 -0.0197138 -0.0204454 -0.0209464 -0.0211256 -0.020925 -0.0203104 -0.0192085 -0.017545 -0.015265 -0.0123136 -0.0086993 -0.00449066 0.000275287 0.00555275 0.0112117 0.0171049 0.0231099 0.0290837 0.0348888 0.0404234 0.0455629 0.0501645 0.054147 0.0574604 0.0600139 0.0617314 
0 -0.0173968 -0.0343952 -0.0505151 -0.0653217 -0.0785201 -0.0898512 -0.0990577 -0.106021 -0.110767 -0.113324 -0.113749 -0.112239 -0.109075 -0.104543 -0.0989565 -0.0926191 -0.0857709 -0.0786724 -0.0716002 -0.0647305 -0.0581784 -0.0520592 -0.0464345 -0.0413421 -0.0368264 -0.0328623 -0.0293908 -0.026372 -0.0237397 -0.0214421 -0.0194617 -0.0177543 -0.0162887 -0.0150444 -0.0139725 -0.0130486 -0.0122497 -0.011541 -0.0109188 -0.0103664 -0.0098704 -0.00943544 -0.00904408 -0.00869582 -0.00838722 -0.00810328 -0.0078495 -0.00761355 -0.00739374 -0.00719258 -0.00699977 -0.00682424 -0.00665885 -0.00650508 -0.00636594 -0.00623332 -0.00611506 -0.00600231 -0.00589835 -0.00580164 -0.00570745 -0.00562156 -0.00553542 -0.00545616 -0.00537799 -0.0053036 -0.00523352 -0.00516442 -0.00510208 -0.0050396 -0.00498423 -0.00492942 -0.00488014 -0.00483316 -0.00478924 -0.00474939 -0.0047103 -0.00467642 -0.0046418 -0.00461267 -0.00458227 -0.00455684 -0.00453044 -0.00450802 -0.00448538 -0.00446558 -0.0044465 -0.00442915 -0.00441343 -0.0043985 -0.00438598 -0.00437353 -0.00436406 -0.00435415 -0.00434762 -0.00434033 -0.00433667 -0.00433204 -0.00433119 -0.00432928 -0.00433119 -0.00433204 -0.00433667 -0.00434033 -0.00434762 -0.00435415 -0.00436406 -0.00437353 -0.00438598 -0.0043985 -0.00441343 -0.00442915 -0.0044465 -0.00446558 -0.00448538 -0.00450802 -0.00453044 -0.00455684 -0.00458227 -0.00461267 -0.0046418 -0.00467642 -0.0047103 -0.00474939 -0.00478924 -0.00483316 -0.00488014 -0.00492942 -0.00498423 -0.0050396 -0.00510208 -0.00516442 -0.00523352 -0.0053036 -0.00537799 -0.00545616 -0.00553542 -0.00562156 -0.00570745 -0.00580164 -0.00589835 -0.00600231 -0.00611506 -0.00623332 -0.00636594 -0.00650508 -0.00665885 -0.00682424 -0.00699977 -0.00719258 -0.00739374 -0.00761355 -0.0078495 -0.00810326 -0.00838719 -0.00869571 -0.00904378 -0.00943461 -0.00986825 -0.0103611 -0.0109063 -0.0115132 -0.0121909 -0.0129304 -0.0137474 -0.0146372 -0.0155893 -0.0166114 -0.0176795 -0.0187778 -0.0198973 -0.0209869 -0.0220029 -0.0228858 -0.0235317 -0.0238675 -0.0238258 -0.023318 -0.0222917 -0.0206821 -0.0183945 -0.0154082 -0.0117515 -0.00743978 -0.00252934 0.00290282 0.00879693 0.0150163 0.0213595 0.0276988 0.033936 0.0398929 0.0454157 0.050471 0.0550246 0.0589543 0.0621513 0.0645905 0.0662654 
0 -0.0171802 -0.0339668 -0.0499638 -0.0648289 -0.0782783 -0.0900436 -0.0998989 -0.107694 -0.113324 -0.116774 -0.118163 -0.117654 -0.115388 -0.111604 -0.106627 -0.100716 -0.0941095 -0.0871088 -0.079972 -0.0728884 -0.0660485 -0.0595707 -0.0535082 -0.0479518 -0.0429531 -0.0384926 -0.0345636 -0.0311181 -0.0280769 -0.0254144 -0.0230893 -0.0210535 -0.0192997 -0.017784 -0.016467 -0.0153364 -0.014345 -0.0134753 -0.012717 -0.0120366 -0.011438 -0.0109054 -0.0104228 -0.00999855 -0.00961054 -0.00926166 -0.00894962 -0.00865881 -0.00840092 -0.00816025 -0.00793923 -0.00773917 -0.00754717 -0.00737525 -0.00720984 -0.00705651 -0.00691471 -0.00677675 -0.0066534 -0.00653167 -0.00642171 -0.00631685 -0.00621743 -0.0061276 -0.00603813 -0.00595964 -0.00588039 -0.00580955 -0.00574028 -0.00567478 -0.00561434 -0.0055535 -0.00550016 -0.00544434 -0.00539643 -0.00534628 -0.0053026 -0.00525854 -0.00521849 -0.00518052 -0.00514395 -0.0051117 -0.00507872 -0.00505163 -0.00502242 -0.00499988 -0.00497455 -0.004956 -0.00493459 -0.00491963 -0.00490206 -0.00489038 -0.00487653 -0.00486796 -0.00485768 -0.00485212 -0.00484524 -0.00484269 -0.00483906 -0.00483956 -0.00483906 -0.00484269 -0.00484524 -0.00485212 -0.00485768 -0.00486796 -0.00487653 -0.00489038 -0.00490206 -0.00491963 -0.00493459 -0.004956 -0.00497455 -0.00499988 -0.00502242 -0.00505163 -0.00507872 -0.0051117 -0.00514395 -0.00518052 -0.00521849 -0.00525854 -0.0053026 -0.00534628 -0.00539643 -0.00544434 -0.00550016 -0.0055535 -0.00561434 -0.00567478 -0.00574028 -0.00580955 -0.00588039 -0.00595964 -0.00603813 -0.0061276 -0.00621743 -0.00631685 -0.00642171 -0.00653167 -0.0066534 -0.00677675 -0.00691471 -0.00705651 -0.00720984 -0.00737525 -0.00754717 -0.00773917 -0.00793923 -0.00816025 -0.00840092 -0.00865881 -0.00894961 -0.00926164 -0.00961047 -0.00999832 -0.0104222 -0.0109038 -0.0114339 -0.0120269 -0.012695 -0.013428 -0.0142486 -0.0151497 -0.016124 -0.0171852 -0.0183058 -0.0194803 -0.0207054 -0.0219365 -0.0231571 -0.0243205 -0.025333 -0.0261307 -0.0266184 -0.0266912 -0.0263045 -0.0253799 -0.0238148 -0.0215609 -0.0185638 -0.0148049 -0.0103742 -0.00534155 0.000271368 0.00636397 0.0127929 0.0194311 0.0261042 0.0326335 0.0389146 0.0448319 0.0502415 0.0550946 0.0593999 0.0630831 0.0660546 0.0683269 0.0699237 
0 -0.0165863 -0.0328096 -0.0483826 -0.0630377 -0.0764784 -0.0884553 -0.0987911 -0.107285 -0.113749 -0.118163 -0.120628 -0.121201 -0.119967 -0.117153 -0.113006 -0.107741 -0.101638 -0.0949626 -0.0879305 -0.0808133 -0.0738493 -0.0671407 -0.0607871 -0.0548863 -0.0494568 -0.0445419 -0.0401724 -0.0362867 -0.032851 -0.0298326 -0.0271526 -0.0247941 -0.0227314 -0.0209091 -0.0193267 -0.0179481 -0.016733 -0.0156835 -0.0147546 -0.0139312 -0.0132104 -0.0125537 -0.0119712 -0.0114475 -0.0109668 -0.0105446 -0.0101549 -0.00980673 -0.00949623 -0.00920608 -0.00895222 -0.0087115 -0.00849219 -0.00829111 -0.00809578 -0.00792207 -0.00775014 -0.00759417 -0.00744669 -0.0073051 -0.00717951 -0.0070536 -0.00694435 -0.00683586 -0.00673772 -0.00664588 -0.00655608 -0.00647752 -0.00639567 -0.00632612 -0.00625288 -0.00618894 -0.00612471 -0.00606467 -0.00600906 -0.00595274 -0.00590468 -0.00585276 -0.00581092 -0.00576426 -0.00572742 -0.00568664 -0.00565391 -0.00561922 -0.00559007 -0.00556133 -0.00553549 -0.00551233 -0.00548975 -0.00547171 -0.0054524 -0.00543901 -0.00542304 -0.00541391 -0.00540132 -0.00539616 -0.00538699 -0.00538557 -0.00537987 -0.00538205 -0.00537987 -0.00538557 -0.00538699 -0.00539616 -0.00540132 -0.00541391 -0.00542304 -0.00543901 -0.0054524 -0.00547171 -0.00548975 -0.00551233 -0.00553549 -0.00556133 -0.00559007 -0.00561922 -0.00565391 -0.00568664 -0.00572742 -0.00576426 -0.00581092 -0.00585276 -0.00590468 -0.00595274 -0.00600906 -0.00606467 -0.00612471 -0.00618894 -0.00625288 -0.00632612 -0.00639567 -0.00647752 -0.00655608 -0.00664588 -0.00673772 -0.00683586 -0.00694435 -0.0070536 -0.00717951 -0.0073051 -0.00744669 -0.00759417 -0.00775014 -0.00792207 -0.00809578 -0.00829111 -0.00849219 -0.0087115 -0.00895222 -0.00920608 -0.00949623 -0.00980672 -0.0101549 -0.0105446 -0.0109666 -0.0114471 -0.01197 -0.0125506 -0.0132029 -0.0139141 -0.0147171 -0.0156058 -0.0165801 -0.0176624 -0.0188198 -0.0200538 -0.0213564 -0.0226803 -0.0240298 -0.0253694 -0.0266351 -0.0277946 -0.0287415 -0.0293603 -0.029585 -0.0293023 -0.0284294 -0.0269306 -0.0247029 -0.0216829 -0.0179007 -0.0133678 -0.0081386 -0.00233688 0.00396322 0.0106567 0.0175263 0.0244064 0.031212 0.0377898 0.0439628 0.0496478 0.0547947 0.0593361 0.0632413 0.0665174 0.0691771 0.0712408 0.0727126 
0 -0.0156722 -0.031064 -0.0459732 -0.0601781 -0.0733946 -0.0853878 -0.0959852 -0.104992 -0.112239 -0.117654 -0.121201 -0.122885 -0.122814 -0.121121 -0.117939 -0.113516 -0.10813 -0.101971 -0.0952777 -0.0883591 -0.0814153 -0.0746053 -0.0680954 -0.0619384 -0.0561817 -0.0509246 -0.0461644 -0.0418799 -0.0380784 -0.0346798 -0.0316395 -0.0289558 -0.0265615 -0.024445 -0.0225965 -0.0209503 -0.0195081 -0.0182387 -0.0170975 -0.0161005 -0.0152056 -0.0144041 -0.0137034 -0.0130614 -0.0124961 -0.0119875 -0.0115182 -0.0111069 -0.010719 -0.0103717 -0.0100563 -0.00975809 -0.00949884 -0.00924876 -0.00902734 -0.0088229 -0.00862815 -0.00845848 -0.00828746 -0.00813839 -0.0079908 -0.00785283 -0.00772618 -0.00759741 -0.00748664 -0.00736999 -0.00726991 -0.00716857 -0.00707615 -0.00699077 -0.00690549 -0.00683395 -0.00675685 -0.0066956 -0.00662788 -0.00657351 -0.00651565 -0.00646579 -0.00641736 -0.00637089 -0.00633077 -0.00628753 -0.00625435 -0.00621472 -0.00618719 -0.00615169 -0.00612879 -0.00609785 -0.00607894 -0.00605282 -0.00603752 -0.00601629 -0.00600447 -0.00598806 -0.00597974 -0.00596799 -0.00596329 -0.00595598 -0.00595507 -0.00595198 -0.00595507 -0.00595598 -0.00596329 -0.00596799 -0.00597974 -0.00598806 -0.00600447 -0.00601629 -0.00603752 -0.00605282 -0.00607894 -0.00609785 -0.00612879 -0.00615169 -0.00618719 -0.00621472 -0.00625435 -0.00628753 -0.00633077 -0.00637089 -0.00641736 -0.00646579 -0.00651565 -0.00657351 -0.00662788 -0.0066956 -0.00675685 -0.00683395 -0.00690549 -0.00699077 -0.00707615 -0.00716857 -0.00726991 -0.00736999 -0.00748664 -0.00759741 -0.00772618 -0.00785283 -0.0079908 -0.00813839 -0.00828746 -0.00845848 -0.00862815 -0.0088229 -0.00902734 -0.00924876 -0.00949884 -0.00975809 -0.0100563 -0.0103717 -0.010719 -0.0111069 -0.0115181 -0.0119874 -0.0124958 -0.0130605 -0.0137011 -0.0143984 -0.0151923 -0.0160712 -0.0170357 -0.018115 -0.019273 -0.020526 -0.0218685 -0.0232555 -0.0247049 -0.0261756 -0.0276207 -0.0290326 -0.0303106 -0.0313666 -0.0321296 -0.0324519 -0.0322535 -0.0314838 -0.0300209 -0.0278083 -0.024811 -0.0209578 -0.0163018 -0.0109526 -0.00494659 0.00161203 0.00853836 0.0156826 0.0228615 0.0298729 0.0366254 0.0430421 0.0489599 0.0542734 0.0589846 0.0630671 0.0664827 0.0692907 0.0715823 0.0733742 0.0746557 
0 -0.0145397 -0.0289108 -0.0429571 -0.0564896 -0.0692803 -0.0811103 -0.0917885 -0.101156 -0.109075 -0.115388 -0.119967 -0.122814 -0.123972 -0.123446 -0.121345 -0.117924 -0.113386 -0.107929 -0.101826 -0.0952947 -0.0885279 -0.0817906 -0.0752396 -0.0689338 -0.0629988 -0.0574921 -0.0524081 -0.0478083 -0.0436656 -0.0399104 -0.036556 -0.0335434 -0.0308266 -0.0284272 -0.0262783 -0.0243597 -0.0226742 -0.0211503 -0.0197991 -0.0186011 -0.0175101 -0.0165557 -0.0156925 -0.0149145 -0.0142337 -0.013601 -0.0130449 -0.0125393 -0.012071 -0.0116632 -0.0112735 -0.0109308 -0.0106153 -0.0103186 -0.0100618 -0.0098078 -0.00958836 -0.00937722 -0.00918044 -0.00900612 -0.00882874 -0.00867951 -0.00852444 -0.00838936 -0.00825829 -0.0081321 -0.00802219 -0.00790529 -0.00781051 -0.00770584 -0.00762013 -0.00753 -0.00744958 -0.00737409 -0.00729794 -0.00723515 -0.00716416 -0.00711118 -0.00704692 -0.00700092 -0.00694471 -0.00690358 -0.00685607 -0.00681856 -0.00677968 -0.00674531 -0.0067145 -0.00668325 -0.00665972 -0.00663182 -0.00661476 -0.00659051 -0.00657921 -0.00655886 -0.00655277 -0.00653652 -0.00653525 -0.00652321 -0.00652651 -0.0065188 -0.00652651 -0.00652321 -0.00653525 -0.00653652 -0.00655277 -0.00655886 -0.00657921 -0.00659051 -0.00661476 -0.00663182 -0.00665972 -0.00668325 -0.0067145 -0.00674531 -0.00677968 -0.00681856 -0.00685607 -0.00690358 -0.00694471 -0.00700092 -0.00704692 -0.00711118 -0.00716416 -0.00723515 -0.00729794 -0.00737409 -0.00744958 -0.00753 -0.00762013 -0.00770584 -0.00781051 -0.00790529 -0.00802219 -0.0081321 -0.00825829 -0.00838936 -0.00852444 -0.00867951 -0.00882874 -0.00900612 -0.00918044 -0.00937722 -0.00958836 -0.0098078 -0.0100618 -0.0103186 -0.0106153 -0.0109308 -0.0112735 -0.0116632 -0.0120709 -0.0125392 -0.0130448 -0.0136008 -0.014233 -0.0149128 -0.0156883 -0.0165456 -0.0174874 -0.0185525 -0.0197003 -0.0209593 -0.0223233 -0.0237471 -0.0252603 -0.0268128 -0.0283738 -0.0299534 -0.0314605 -0.0328476 -0.0340491 -0.0349023 -0.0353272 -0.0352317 -0.0344841 -0.0330599 -0.0308907 -0.0278586 -0.0239708 -0.0192434 -0.013697 -0.0074817 -0.000727936 0.00647685 0.0139143 0.0213463 0.0286458 0.0356727 0.0422603 0.0483138 0.0537694 0.0585723 0.0627205 0.0662255 0.0691008 0.0714302 0.073314 0.0747716 0.0758133 
0 -0.0132976 -0.026526 -0.0395499 -0.0522166 -0.0643918 -0.0759011 -0.0865328 -0.0961255 -0.104543 -0.111604 -0.117153 -0.121121 -0.123446 -0.124111 -0.123217 -0.120897 -0.117311 -0.112721 -0.107347 -0.101343 -0.0949725 -0.0884932 -0.0820284 -0.0757349 -0.069737 -0.0640445 -0.058748 -0.0539122 -0.0494801 -0.0454676 -0.0418479 -0.0385289 -0.0355353 -0.0328342 -0.0303737 -0.0281933 -0.026231 -0.0244612 -0.0229011 -0.0214733 -0.0201949 -0.0190522 -0.0179952 -0.0170665 -0.0162166 -0.0154479 -0.0147767 -0.0141486 -0.013604 -0.0131047 -0.0126451 -0.0122457 -0.0118564 -0.0115191 -0.0111978 -0.0108991 -0.0106368 -0.0103736 -0.0101527 -0.00993081 -0.00973537 -0.00955531 -0.0093781 -0.00923099 -0.00907283 -0.00894541 -0.00880925 -0.00869098 -0.00857709 -0.0084637 -0.00836854 -0.00826119 -0.00817917 -0.00808144 -0.00800731 -0.00792235 -0.00785273 -0.00778184 -0.00771549 -0.00765807 -0.00759533 -0.00754953 -0.00749151 -0.00745501 -0.00740288 -0.00737359 -0.00732821 -0.00730451 -0.00726628 -0.00724714 -0.00721606 -0.00720095 -0.00717674 -0.00716548 -0.00714772 -0.00714041 -0.00712859 -0.00712547 -0.00711908 -0.0071205 -0.00711908 -0.00712547 -0.00712859 -0.00714041 -0.00714772 -0.00716548 -0.00717674 -0.00720095 -0.00721606 -0.00724714 -0.00726628 -0.00730451 -0.00732821 -0.00737359 -0.00740288 -0.00745501 -0.00749151 -0.00754953 -0.00759533 -0.00765807 -0.00771549 -0.00778184 -0.00785273 -0.00792235 -0.00800731 -0.00808144 -0.00817917 -0.00826119 -0.00836854 -0.0084637 -0.00857709 -0.00869098 -0.00880925 -0.00894541 -0.00907283 -0.00923099 -0.0093781 -0.00955531 -0.00973537 -0.00993081 -0.0101527 -0.0103736 -0.0106368 -0.0108991 -0.0111978 -0.0115191 -0.0118564 -0.0122457 -0.0126451 -0.0131047 -0.0136039 -0.0141485 -0.0147765 -0.0154474 -0.0162154 -0.0170633 -0.0179876 -0.0190349 -0.0201573 -0.0213954 -0.0227478 -0.0241745 -0.0257216 -0.0273318 -0.0289845 -0.0306908 -0.0323556 -0.0339652 -0.0354671 -0.0367214 -0.0376758 -0.0382024 -0.03815 -0.0374861 -0.0361038 -0.0338991 -0.0308649 -0.0269214 -0.0220485 -0.0163774 -0.00998744 -0.00296941 0.00447386 0.0121709 0.0199445 0.0275433 0.0348027 0.0416393 0.0479027 0.0534579 0.0582941 0.0624446 0.0659311 0.0687964 0.0711077 0.0729443 0.0743825 0.0754764 0.0762815 
0 -0.0120234 -0.0240336 -0.0359272 -0.0476084 -0.059029 -0.0700661 -0.0805111 -0.0901895 -0.0989565 -0.106627 -0.113006 -0.117939 -0.121345 -0.123217 -0.123555 -0.122381 -0.119864 -0.116242 -0.11167 -0.106359 -0.100568 -0.0944654 -0.0882454 -0.0821222 -0.076155 -0.0704205 -0.0650495 -0.0600381 -0.0554123 -0.0512157 -0.0473526 -0.0438103 -0.0405933 -0.0376157 -0.0349127 -0.0324722 -0.0302278 -0.0282256 -0.0264056 -0.024739 -0.0232597 -0.0218894 -0.0206566 -0.0195522 -0.0185235 -0.017623 -0.0167902 -0.0160362 -0.0153737 -0.014745 -0.0142037 -0.013697 -0.0132364 -0.0128343 -0.012441 -0.0121098 -0.0117844 -0.0114939 -0.0112312 -0.0109697 -0.0107526 -0.010523 -0.010332 -0.0101397 -0.00996281 -0.00980624 -0.00964187 -0.00951253 -0.00936533 -0.00925239 -0.00912712 -0.00902237 -0.0089202 -0.00882009 -0.00873815 -0.00864313 -0.00857626 -0.00848874 -0.00843157 -0.00835413 -0.0083025 -0.00823675 -0.00818826 -0.0081346 -0.00808836 -0.00804624 -0.00800242 -0.00797072 -0.00792999 -0.00790744 -0.0078706 -0.00785603 -0.00782376 -0.00781626 -0.00778905 -0.00778796 -0.00776611 -0.00777103 -0.00775471 -0.00776539 -0.00775471 -0.00777103 -0.00776611 -0.00778796 -0.00778905 -0.00781626 -0.00782376 -0.00785603 -0.0078706 -0.00790744 -0.00792999 -0.00797072 -0.00800242 -0.00804624 -0.00808836 -0.0081346 -0.00818826 -0.00823675 -0.0083025 -0.00835413 -0.00843157 -0.00848874 -0.00857626 -0.00864313 -0.00873815 -0.00882009 -0.0089202 -0.00902237 -0.00912712 -0.00925239 -0.00936533 -0.00951253 -0.00964187 -0.00980624 -0.00996281 -0.0101397 -0.010332 -0.010523 -0.0107526 -0.0109697 -0.0112312 -0.0114939 -0.0117844 -0.0121098 -0.012441 -0.0128343 -0.0132364 -0.013697 -0.0142037 -0.014745 -0.0153736 -0.0160361 -0.0167899 -0.0176221 -0.0185212 -0.0195465 -0.0206436 -0.0218606 -0.023199 -0.0246175 -0.0261743 -0.0278071 -0.0295072 -0.0312898 -0.0330586 -0.0348247 -0.0365382 -0.0380849 -0.0394454 -0.0404787 -0.0410417 -0.0410819 -0.0404461 -0.0390497 -0.0368766 -0.0337965 -0.0297623 -0.0248184 -0.0189694 -0.0123439 -0.00513783 0.00254944 0.0105499 0.0185989 0.0265023 0.0340923 0.0411802 0.0476309 0.0533481 0.0582694 0.0624175 0.0658476 0.068605 0.0707846 0.0725059 0.0738315 0.0748137 0.0755596 0.0761647 
0 -0.0107511 -0.021507 -0.0322322 -0.0428983 -0.0534839 -0.0639043 -0.0740141 -0.0836489 -0.0926191 -0.100716 -0.107741 -0.113516 -0.117924 -0.120897 -0.122381 -0.122385 -0.121018 -0.118412 -0.114747 -0.11026 -0.10512 -0.0995063 -0.0936934 -0.0878438 -0.0820455 -0.0764481 -0.0710967 -0.0660134 -0.0613102 -0.0569652 -0.0529407 -0.0492728 -0.0458695 -0.0427085 -0.0398229 -0.0371295 -0.0346605 -0.0324184 -0.0303301 -0.0284521 -0.0267316 -0.0251414 -0.0237262 -0.0224031 -0.0212096 -0.0201329 -0.0191218 -0.0182371 -0.0174077 -0.0166611 -0.016 -0.015371 -0.0148358 -0.0143241 -0.0138698 -0.0134644 -0.0130698 -0.0127406 -0.0124054 -0.0121197 -0.0118454 -0.0115851 -0.0113631 -0.0111274 -0.0109406 -0.0107367 -0.0105688 -0.0104013 -0.0102436 -0.0101095 -0.00996166 -0.00985224 -0.0097184 -0.00962361 -0.00950823 -0.00942038 -0.00932546 -0.00924067 -0.00916531 -0.00908306 -0.00902428 -0.00894609 -0.00890013 -0.00882817 -0.00879154 -0.00872769 -0.00869776 -0.0086432 -0.0086183 -0.00857345 -0.00855279 -0.0085175 -0.00850087 -0.00847461 -0.00846226 -0.0084443 -0.00843667 -0.00842623 -0.00842393 -0.00842022 -0.00842393 -0.00842623 -0.00843667 -0.0084443 -0.00846226 -0.00847461 -0.00850087 -0.0085175 -0.00855279 -0.00857345 -0.0086183 -0.0086432 -0.00869776 -0.00872769 -0.00879154 -0.00882817 -0.00890013 -0.00894609 -0.00902428 -0.00908306 -0.00916531 -0.00924067 -0.00932546 -0.00942038 -0.00950823 -0.00962361 -0.0097184 -0.00985224 -0.00996166 -0.0101095 -0.0102436 -0.0104013 -0.0105688 -0.0107367 -0.0109406 -0.0111274 -0.0113631 -0.0115851 -0.0118454 -0.0121197 -0.0124054 -0.0127406 -0.0130698 -0.0134644 -0.0138698 -0.0143241 -0.0148358 -0.015371 -0.016 -0.0166611 -0.0174076 -0.0182369 -0.0191212 -0.0201313 -0.0212055 -0.0223934 -0.0237044 -0.0250947 -0.0266366 -0.0282678 -0.0299905 -0.0318229 -0.0336657 -0.0355426 -0.0373969 -0.0391359 -0.0407699 -0.0421694 -0.0432304 -0.0438918 -0.0439611 -0.0433468 -0.0419922 -0.0397542 -0.0366079 -0.0325286 -0.0274428 -0.021443 -0.014664 -0.00719844 0.000760775 0.0090092 0.0173776 0.0256137 0.0334727 0.0408167 0.0475167 0.0534259 0.0584614 0.0626368 0.0660305 0.0687118 0.070732 0.0722112 0.0733111 0.0741153 0.0746778 0.0751238 0.0755547 
0 -0.00949776 -0.0190129 -0.0285932 -0.0382613 -0.0479786 -0.0576962 -0.0673536 -0.0767898 -0.0857709 -0.0941095 -0.101638 -0.10813 -0.113386 -0.117311 -0.119864 -0.121018 -0.120772 -0.119217 -0.116542 -0.112922 -0.108507 -0.103532 -0.098221 -0.0927242 -0.0872325 -0.0818601 -0.0766254 -0.0716392 -0.0669602 -0.0625631 -0.0585084 -0.054757 -0.0512333 -0.0479792 -0.0449315 -0.0420686 -0.0394449 -0.0369811 -0.0347024 -0.0326186 -0.0306525 -0.0288667 -0.0272128 -0.0256701 -0.0242915 -0.0229935 -0.0218264 -0.0207689 -0.0197766 -0.0189112 -0.0180895 -0.0173564 -0.0166947 -0.0160647 -0.0155273 -0.0150011 -0.0145458 -0.0141239 -0.0137261 -0.0133909 -0.0130472 -0.0127682 -0.012483 -0.0122341 -0.012005 -0.0117749 -0.0115892 -0.0113798 -0.0112206 -0.0110386 -0.010892 -0.0107415 -0.0106009 -0.0104804 -0.010346 -0.0102495 -0.0101252 -0.0100453 -0.00993534 -0.00986535 -0.00977282 -0.00970825 -0.00963392 -0.00957259 -0.00951551 -0.00945698 -0.00941517 -0.00936003 -0.00933117 -0.00928038 -0.00926235 -0.00921683 -0.00920795 -0.00916841 -0.00916749 -0.00913434 -0.00914066 -0.0091141 -0.00912728 -0.00910739 -0.00912728 -0.0091141 -0.00914066 -0.00913434 -0.00916749 -0.00916841 -0.00920795 -0.00921683 -0.00926235 -0.00928038 -0.00933117 -0.00936003 -0.00941517 -0.00945698 -0.00951551 -0.00957259 -0.00963392 -0.00970825 -0.00977282 -0.00986535 -0.00993534 -0.0100453 -0.0101252 -0.0102495 -0.010346 -0.0104804 -0.0106009 -0.0107415 -0.010892 -0.0110386 -0.0112206 -0.0113798 -0.0115892 -0.0117749 -0.012005 -0.0122341 -0.012483 -0.0127682 -0.0130472 -0.0133909 -0.0137261 -0.0141239 -0.0145458 -0.0150011 -0.0155273 -0.0160647 -0.0166946 -0.0173564 -0.0180895 -0.0189112 -0.0197764 -0.0207684 -0.0218252 -0.0229906 -0.0242844 -0.0256539 -0.0271774 -0.0287933 -0.0305077 -0.0323466 -0.0342164 -0.036154 -0.0381019 -0.0399814 -0.0418127 -0.0434728 -0.0448956 -0.046028 -0.0466821 -0.0467732 -0.0461951 -0.0447866 -0.0425253 -0.0393433 -0.0351443 -0.0299654 -0.0238349 -0.016825 -0.00914252 -0.000952447 0.00760115 0.0162745 0.024812 0.0329959 0.0406243 0.0475391 0.0536254 0.0588116 0.0630893 0.0664913 0.0690827 0.0709688 0.0722627 0.0730848 0.073581 0.0738803 0.0740783 0.0742726 0.0745321 
