0 0 0 0 0 0 0 0 0 0 0 0 0 0 0 0 0 0 0 0 0 0 0 0 0 0 0 0 0 0 0 0 0 0 0 0 0 0 0 0 0 0 0 0 0 0 0 0 0 0 0 0 0 0 0 0 0 0 0 0 0 0 0 0 0 0 0 0 0 0 0 0 0 0 0 0 0 0 0 0 0 0 0 0 0 0 0 0 0 0 0 0 0 0 0 0 0 0 0 0 0 0 0 0 0 0 0 0 0 0 0 0 0 0 0 0 0 0 0 0 0 0 0 0 0 0 0 0 0 0 0 0 0 0 0 0 0 0 0 0 0 0 0 0 0 0 0 0 0 0 0 0 0 0 0 0 0 0 0 0 0 0 0 0 0 0 0 0 0 0 0 0 0 0 0 0 0 0 0 0 0 0 0 0 0 0 0 0 0 0 0 0 0 0 0 0 0 0 0 0 
0 0.000100188 0.000127468 0.000191341 0.000317497 0.000387831 0.000443983 0.000578919 0.000708203 0.00082811 0.0010187 0.0011975 0.00138136 0.00168513 0.00199748 0.00230081 0.0027268 0.00316804 0.00357999 0.00406336 0.00453183 0.00495453 0.00533501 0.00557084 0.00570278 0.00567217 0.00535513 0.00485386 0.00413693 0.00315697 0.00199687 0.000637062 -0.000800889 -0.00224058 -0.00371314 -0.00506221 -0.00624305 -0.00719441 -0.00784474 -0.00827828 -0.00842301 -0.00830283 -0.00796098 -0.00739479 -0.00675095 -0.00602239 -0.00527116 -0.00453337 -0.00378437 -0.0031256 -0.002517 -0.00201948 -0.00161808 -0.00127717 -0.0010319 -0.000802533 -0.000645964 -0.000506401 -0.000404697 -0.000340777 -0.00027766 -0.00026245 -0.000226928 -0.000229968 -0.000215299 -0.000216304 -0.000217691 -0.000209662 -0.000221332 -0.000206401 -0.000221409 -0.000205328 -0.000217392 -0.000205494 -0.000210689 -0.000205928 -0.000203175 -0.000205899 -0.00019638 -0.00020507 -0.000191171 -0.000203462 -0.000187795 -0.000201314 -0.000186066 -0.00019894 -0.000185587 -0.000196617 -0.000185919 -0.00019454 -0.000186677 -0.000192815 -0.000187571 -0.000191475 -0.000188405 -0.000190512 -0.00018906 -0.000189896 -0.000189473 -0.000189597 -0.000189614 -0.000189597 -0.000189473 -0.000189896 -0.00018906 -0.000190512 -0.000188405 -0.000191475 -0.000187571 -0.000192815 -0.000186677 -0.00019454 -0.000185919 -0.000196617 -0.000185587 -0.00019894 -0.000186066 -0.000201314 -0.000187795 -0.000203462 -0.000191171 -0.00020507 -0.00019638 -0.000205899 -0.000203175 -0.000205927 -0.000210688 -0.000205491 -0.000217383 -0.000205302 -0.000221337 -0.000206212 -0.000220856 -0.000208509 -0.000215023 -0.000210403 -0.000202837 -0.000204867 -0.000178746 -0.000174374 -0.000124413 -8.69658e-05 -4.19243e-06 9.70062e-05 0.000225378 0.000410556 0.000608985 0.000897706 0.0012267 0.00166506 0.00220167 0.00282033 0.00354734 0.00428439 0.00507325 0.00584284 0.00658459 0.00728579 0.00781727 0.00818437 0.00828214 0.00812118 0.00773006 0.00702688 0.00607879 0.00485991 0.00345319 0.0019915 0.000443067 -0.00107378 -0.0025017 -0.00378706 -0.00480523 -0.00564367 -0.00626601 -0.00659846 -0.00674602 -0.00669728 -0.00650192 -0.00622056 -0.00578956 -0.00533826 -0.00491829 -0.00442301 -0.00397228 -0.00361057 -0.00323684 -0.00291941 -0.00266199 -0.00240434 -0.00221701 -0.00207049 -0.00190589 -0.00180501 -0.00175195 -0.00166946 -0.0015977 -0.00155448 -0.00152203 -0.00151506 
0 0.000127468 0.000284808 0.00044367 0.000586434 0.000752584 0.000964154 0.00118242 0.00140132 0.00168383 0.00203437 0.00241099 0.00285948 0.003408 0.00400276 0.00467233 0.00546276 0.00631894 0.00721162 0.00813769 0.00905457 0.00990198 0.0105824 0.0110517 0.0112878 0.0111533 0.0105749 0.00957144 0.00811319 0.00620525 0.00386851 0.00119289 -0.00163859 -0.00453974 -0.00740255 -0.0100639 -0.0123916 -0.014234 -0.0155673 -0.0163984 -0.0166939 -0.0164901 -0.0158034 -0.0147496 -0.0134669 -0.0120338 -0.0105568 -0.00905547 -0.00760099 -0.0062572 -0.00505671 -0.00406095 -0.00323323 -0.00257925 -0.00205383 -0.00162809 -0.00130135 -0.0010311 -0.000842393 -0.000692786 -0.000596356 -0.000530676 -0.000483881 -0.000463812 -0.00043837 -0.000436223 -0.000420672 -0.000421572 -0.000413614 -0.000411558 -0.000410757 -0.000404728 -0.000409523 -0.000400946 -0.000408659 -0.000399747 -0.000407557 -0.00040027 -0.000406022 -0.00040157 -0.000404115 -0.000402886 -0.000402001 -0.000403755 -0.000399859 -0.000404 -0.000397829 -0.000403654 -0.000396007 -0.000402874 -0.000394444 -0.000401861 -0.000393162 -0.00040081 -0.00039217 -0.000399884 -0.000391466 -0.000399202 -0.000391045 -0.000398843 -0.000390905 -0.000398843 -0.000391045 -0.000399202 -0.000391466 -0.000399884 -0.00039217 -0.00040081 -0.000393162 -0.000401861 -0.000394444 -0.000402874 -0.000396007 -0.000403654 -0.000397829 -0.000404 -0.000399859 -0.000403755 -0.000402001 -0.000402886 -0.000404115 -0.00040157 -0.000406022 -0.00040027 -0.000407556 -0.000399746 -0.000408657 -0.000400938 -0.000409501 -0.000404665 -0.000410586 -0.000411115 -0.000412511 -0.000418943 -0.000414677 -0.000423151 -0.000411139 -0.000409671 -0.000381215 -0.000345122 -0.000276806 -0.000168297 -2.10072e-05 0.00019915 0.000467944 0.000829392 0.00126712 0.00182107 0.00251927 0.0033787 0.00444755 0.005684 0.00708453 0.0085741 0.0101024 0.0116423 0.0131113 0.0144607 0.0155381 0.0162239 0.0164412 0.0161279 0.0153099 0.0139394 0.0120186 0.00962769 0.00687377 0.00394399 0.000931329 -0.00206549 -0.004872 -0.00736941 -0.00945234 -0.0111072 -0.012339 -0.0130752 -0.0133631 -0.013303 -0.01294 -0.0123375 -0.0115526 -0.0106811 -0.00980553 -0.0089051 -0.00802462 -0.00724449 -0.0065295 -0.0058729 -0.00532836 -0.00487631 -0.00447724 -0.00414281 -0.00388434 -0.00366967 -0.00346906 -0.00331726 -0.00323225 -0.00315606 -0.00307773 -0.00303407 
0 0.000191341 0.00044367 0.000679937 0.000884313 0.00115723 0.00148074 0.00178657 0.00215289 0.0026104 0.00309809 0.00368242 0.00439708 0.00517475 0.0060818 0.00714432 0.00827795 0.00953002 0.0108773 0.012204 0.0135279 0.0147437 0.0156985 0.0163857 0.0166513 0.016364 0.0155108 0.0139716 0.0117691 0.00894677 0.00548692 0.0016019 -0.00255887 -0.00684874 -0.0110115 -0.0149204 -0.0183226 -0.0210429 -0.0230612 -0.0242702 -0.0247292 -0.0244398 -0.0234481 -0.0219607 -0.0200675 -0.0179802 -0.0157913 -0.0135651 -0.0114442 -0.00943671 -0.00768198 -0.00617751 -0.00492966 -0.00394426 -0.00312071 -0.00249532 -0.00197127 -0.00157687 -0.00127794 -0.0010458 -0.000908067 -0.000786556 -0.000738433 -0.00068412 -0.00066805 -0.00065188 -0.000637996 -0.000642625 -0.000623461 -0.000637058 -0.000616175 -0.000629693 -0.000613046 -0.000620438 -0.000612052 -0.000610744 -0.000611569 -0.000602029 -0.000610525 -0.00059513 -0.000608469 -0.000590263 -0.000605447 -0.000587207 -0.00060178 -0.00058553 -0.000597875 -0.000584773 -0.000594095 -0.000584547 -0.000590703 -0.000584578 -0.000587858 -0.000584697 -0.000585636 -0.000584817 -0.000584058 -0.000584903 -0.000583119 -0.000584946 -0.000582808 -0.000584946 -0.000583119 -0.000584903 -0.000584058 -0.000584817 -0.000585636 -0.000584697 -0.000587858 -0.000584578 -0.000590703 -0.000584547 -0.000594095 -0.000584773 -0.000597875 -0.00058553 -0.00060178 -0.000587207 -0.000605447 -0.000590263 -0.000608469 -0.00059513 -0.000610525 -0.000602029 -0.000611569 -0.000610742 -0.000612047 -0.000620422 -0.000613 -0.000629567 -0.000615841 -0.000636211 -0.000621401 -0.000637821 -0.000627269 -0.000628967 -0.000621265 -0.000592867 -0.000568523 -0.000484662 -0.000396211 -0.000217172 4.78913e-06 0.000327052 0.000749681 0.00127018 0.00195952 0.00278224 0.00385371 0.00515333 0.00673626 0.00859533 0.0106399 0.0128667 0.0151232 0.0173931 0.0195616 0.0214786 0.0230382 0.0239953 0.0242943 0.0238389 0.0225781 0.0205604 0.0177276 0.0142388 0.0102506 0.00591777 0.00150467 -0.00287996 -0.00700567 -0.0106586 -0.0137894 -0.016255 -0.018056 -0.0192187 -0.0197053 -0.0196766 -0.0192105 -0.0183482 -0.0172763 -0.0160401 -0.0147062 -0.0134167 -0.0121482 -0.0109469 -0.00990134 -0.00894357 -0.00809884 -0.00741766 -0.00680855 -0.00628424 -0.00589701 -0.00556002 -0.00525701 -0.00504743 -0.00489073 -0.00474721 -0.00464272 -0.00458275 
0 0.000317497 0.000586434 0.000884313 0.00124774 0.00161511 0.00198605 0.00243675 0.00298466 0.00358184 0.00425109 0.00506379 0.0060001 0.0070524 0.00829309 0.00969468 0.0111982 0.0128325 0.0145562 0.0162819 0.0179434 0.0194265 0.0206406 0.0214467 0.021653 0.0212008 0.0199965 0.0179212 0.0150016 0.011255 0.0067872 0.0017797 -0.003631 -0.00915945 -0.0145458 -0.019569 -0.0239421 -0.027525 -0.0301609 -0.0317679 -0.0323929 -0.0320297 -0.0308334 -0.0289472 -0.026539 -0.0238463 -0.0209692 -0.0180918 -0.0153032 -0.0126959 -0.0103903 -0.00837639 -0.00672314 -0.00535863 -0.00426182 -0.00339577 -0.002687 -0.00216121 -0.00173392 -0.00144101 -0.00122244 -0.00107554 -0.000990451 -0.000919664 -0.000900517 -0.000864392 -0.0008663 -0.000848126 -0.000848672 -0.000843361 -0.000835204 -0.000839713 -0.000823717 -0.000833952 -0.000814438 -0.000825779 -0.000807494 -0.000816088 -0.000802541 -0.000806086 -0.000798996 -0.000796802 -0.000796291 -0.000788883 -0.000794013 -0.000782581 -0.00079193 -0.000777853 -0.000789966 -0.000774484 -0.000788138 -0.00077219 -0.000786508 -0.000770696 -0.000785152 -0.000769772 -0.000784135 -0.000769247 -0.000783506 -0.000769011 -0.000783293 -0.000769011 -0.000783506 -0.000769247 -0.000784135 -0.000769772 -0.000785152 -0.000770696 -0.000786508 -0.00077219 -0.000788138 -0.000774484 -0.000789966 -0.000777853 -0.00079193 -0.000782581 -0.000794013 -0.000788883 -0.000796291 -0.000796802 -0.000798996 -0.000806086 -0.000802541 -0.000816088 -0.000807493 -0.000825775 -0.000814427 -0.00083392 -0.000823628 -0.000839476 -0.000834593 -0.000841849 -0.000845082 -0.000839962 -0.000848515 -0.000827313 -0.00082658 -0.000778734 -0.000733776 -0.000628886 -0.000479537 -0.000258672 7.02181e-05 0.00048664 0.00106736 0.00177536 0.0026983 0.00384385 0.00526916 0.0070381 0.0091219 0.0115628 0.0142472 0.0171321 0.0201105 0.0230435 0.0258422 0.0282733 0.030195 0.0314022 0.031729 0.0311158 0.0294437 0.0267601 0.0231146 0.0186154 0.0134949 0.00791835 0.00217878 -0.00344991 -0.00877195 -0.0135397 -0.0176292 -0.0209113 -0.0232982 -0.0248751 -0.0256664 -0.0257286 -0.0252074 -0.0242124 -0.0228949 -0.0213549 -0.0196603 -0.0179738 -0.0163563 -0.0147963 -0.013382 -0.0121427 -0.0110272 -0.0100492 -0.00923821 -0.00856332 -0.00797573 -0.00749356 -0.00714709 -0.00685568 -0.00657042 -0.00637485 -0.0062651 -0.00616527 
0 0.000387831 0.000752584 0.00115723 0.00161511 0.00207563 0.00257832 0.0031868 0.00386357 0.00460995 0.00551162 0.0065672 0.00774524 0.00909842 0.0106421 0.0123501 0.014219 0.0162048 0.0182725 0.0203521 0.0222696 0.0239508 0.0253137 0.0261055 0.026197 0.025516 0.0239057 0.0213121 0.0176854 0.0130781 0.00769758 0.00163851 -0.00487354 -0.0115013 -0.0179794 -0.0239516 -0.0292056 -0.033552 -0.0367483 -0.0387644 -0.0395487 -0.0391907 -0.0378626 -0.0356598 -0.03285 -0.0295963 -0.0261151 -0.0226229 -0.0192014 -0.0160441 -0.0131764 -0.0106855 -0.00859788 -0.0068519 -0.00547645 -0.00434444 -0.00347424 -0.00278557 -0.00225343 -0.00187784 -0.00157839 -0.00140432 -0.00125693 -0.00118585 -0.00112695 -0.00109219 -0.00107946 -0.00105123 -0.00105937 -0.00103228 -0.00104581 -0.00102401 -0.00103337 -0.00102136 -0.00102184 -0.00102107 -0.001012 -0.00102083 -0.00100432 -0.00101933 -0.00099878 -0.00101619 -0.000994995 -0.00101162 -0.000992446 -0.00100616 -0.000990658 -0.00100041 -0.000989285 -0.000994889 -0.000988131 -0.000989969 -0.000987119 -0.000985889 -0.000986254 -0.000982776 -0.000985581 -0.000980687 -0.00098515 -0.000979641 -0.000985002 -0.000979641 -0.00098515 -0.000980687 -0.000985581 -0.000982776 -0.000986254 -0.000985889 -0.000987119 -0.000989969 -0.000988131 -0.000994889 -0.000989285 -0.00100041 -0.000990658 -0.00100616 -0.000992446 -0.00101162 -0.000994995 -0.00101619 -0.000998779 -0.00101933 -0.00100432 -0.00102083 -0.00101199 -0.00102106 -0.00102182 -0.0010213 -0.00103321 -0.00102357 -0.00104473 -0.00102967 -0.00105334 -0.00103787 -0.00105111 -0.00103459 -0.00101499 -0.000977685 -0.000886818 -0.000774812 -0.000553208 -0.000276662 0.000151293 0.000699997 0.00142448 0.00236584 0.00352659 0.0050233 0.00682912 0.00904973 0.0116488 0.0146089 0.0179038 0.0213836 0.0250072 0.0285546 0.0318704 0.0347522 0.0369431 0.0383263 0.0386605 0.0378406 0.0357896 0.0324718 0.0280716 0.0226905 0.0165426 0.00989753 0.00300542 -0.00373301 -0.0100871 -0.0158739 -0.0208482 -0.0249047 -0.0279354 -0.0299634 -0.0311105 -0.0313671 -0.0308659 -0.0298272 -0.0283507 -0.0265763 -0.0246348 -0.0226268 -0.0206787 -0.0188067 -0.0170349 -0.0154735 -0.0140986 -0.0128549 -0.0118121 -0.0109592 -0.0102053 -0.00957188 -0.00908564 -0.00867913 -0.00834254 -0.0081186 -0.00795487 -0.00779682 
0 0.000443983 0.000964154 0.00148074 0.00198605 0.00257832 0.0032615 0.00400009 0.0048283 0.00579137 0.00690995 0.00819039 0.00964485 0.011297 0.0131449 0.0151748 0.0173657 0.0196662 0.0220205 0.0243239 0.0264347 0.028252 0.0296131 0.0303161 0.0302298 0.0292116 0.0271568 0.0239998 0.0196848 0.0143359 0.0081104 0.0011469 -0.00627052 -0.0138464 -0.0212142 -0.0280202 -0.0340585 -0.0390464 -0.0427885 -0.0451746 -0.0461486 -0.0458674 -0.0444366 -0.0420354 -0.0388874 -0.0351689 -0.0311892 -0.0271237 -0.0231728 -0.0194831 -0.016101 -0.0131522 -0.0106023 -0.00849446 -0.00677864 -0.00538954 -0.00431781 -0.00345019 -0.00281452 -0.002316 -0.00196458 -0.00172013 -0.00154102 -0.00144757 -0.00136029 -0.00133568 -0.00129387 -0.00128792 -0.00127111 -0.00126164 -0.00126107 -0.00124312 -0.00125257 -0.00122926 -0.00124253 -0.00121932 -0.00123088 -0.00121249 -0.00121859 -0.00120774 -0.00120679 -0.00120412 -0.00119629 -0.00120093 -0.00118753 -0.00119781 -0.00118059 -0.00119466 -0.00117533 -0.00119155 -0.00117148 -0.00118863 -0.00116875 -0.00118607 -0.00116689 -0.00118403 -0.0011657 -0.00118261 -0.00116503 -0.00118188 -0.00116482 -0.00118188 -0.00116503 -0.00118261 -0.0011657 -0.00118403 -0.00116689 -0.00118607 -0.00116875 -0.00118863 -0.00117148 -0.00119155 -0.00117533 -0.00119466 -0.00118059 -0.00119781 -0.00118753 -0.00120093 -0.00119629 -0.00120412 -0.00120679 -0.00120774 -0.00121859 -0.00121249 -0.00123087 -0.0012193 -0.00124249 -0.00122915 -0.00125227 -0.00124236 -0.0012592 -0.00125727 -0.00126125 -0.00126666 -0.00124992 -0.0012487 -0.00119556 -0.00114904 -0.00102321 -0.000859842 -0.00059367 -0.000215789 0.000288732 0.000990766 0.00186665 0.00303076 0.00447276 0.00629347 0.00852436 0.0111729 0.0142819 0.0177533 0.0215905 0.0256531 0.029817 0.0339089 0.0376441 0.0408448 0.04324 0.0446657 0.0449508 0.0438895 0.0414495 0.0376095 0.0325276 0.026407 0.0194094 0.0118516 0.00403933 -0.00366864 -0.0109413 -0.0175972 -0.0233933 -0.0281553 -0.0318241 -0.0343722 -0.0358846 -0.0364348 -0.0361156 -0.0351252 -0.0336129 -0.0317132 -0.0295872 -0.0273467 -0.0251001 -0.0229355 -0.0208921 -0.0190165 -0.0173451 -0.0158767 -0.0145879 -0.013476 -0.0125655 -0.0118088 -0.01114 -0.0106138 -0.0102445 -0.00992428 -0.0096591 -0.00951745 
0 0.000578919 0.00118242 0.00178657 0.00243675 0.0031868 0.00400009 0.00488674 0.00592689 0.00712966 0.00846911 0.00998031 0.0117148 0.0136741 0.0158234 0.0181462 0.0206305 0.0232017 0.0257465 0.0281824 0.0304068 0.0322301 0.0334684 0.0339908 0.033623 0.0322054 0.029657 0.0259081 0.0209796 0.0149689 0.00799409 0.000295244 -0.00786404 -0.016177 -0.0242427 -0.0317589 -0.0384218 -0.0439535 -0.0481747 -0.0508972 -0.0521306 -0.0519674 -0.0505236 -0.0480228 -0.0446146 -0.0405709 -0.0361644 -0.031621 -0.0272038 -0.0230037 -0.0191653 -0.0157403 -0.0127553 -0.0102653 -0.00819024 -0.00654713 -0.00522896 -0.00420322 -0.00342256 -0.00281249 -0.00239104 -0.0020613 -0.00186047 -0.00170893 -0.00162042 -0.00156744 -0.0015224 -0.00151475 -0.00148278 -0.00149004 -0.00146442 -0.00147087 -0.00145347 -0.00145208 -0.00144492 -0.00143415 -0.00143674 -0.00141844 -0.00142816 -0.00140574 -0.00141908 -0.00139615 -0.00140983 -0.00138926 -0.00140086 -0.00138445 -0.00139259 -0.00138111 -0.00138533 -0.00137876 -0.00137923 -0.00137705 -0.00137434 -0.00137579 -0.00137065 -0.00137488 -0.00136807 -0.00137427 -0.00136656 -0.00137397 -0.00136606 -0.00137397 -0.00136656 -0.00137427 -0.00136807 -0.00137488 -0.00137065 -0.00137579 -0.00137434 -0.00137705 -0.00137923 -0.00137876 -0.00138533 -0.00138111 -0.00139259 -0.00138445 -0.00140086 -0.00138926 -0.00140983 -0.00139615 -0.00141908 -0.00140574 -0.00142816 -0.00141844 -0.00143673 -0.00143413 -0.00144484 -0.00145188 -0.00145294 -0.00146955 -0.00146128 -0.00148287 -0.00146706 -0.00148171 -0.00145587 -0.00143918 -0.00138371 -0.00129071 -0.00115264 -0.000912361 -0.000598864 -0.000118269 0.000495916 0.00133521 0.00241394 0.00379174 0.00555566 0.00771337 0.0103658 0.013464 0.017033 0.0210147 0.025325 0.0299023 0.0345253 0.0390214 0.0430926 0.0464814 0.0489934 0.0503824 0.0505159 0.0492053 0.0463755 0.0420946 0.0364556 0.0296979 0.0220397 0.0137606 0.00523614 -0.00322694 -0.0112882 -0.0186656 -0.0251628 -0.0305902 -0.0348749 -0.0379887 -0.0399366 -0.0408469 -0.0408452 -0.0400373 -0.0385916 -0.0366901 -0.0344831 -0.0320886 -0.0296213 -0.027212 -0.0249352 -0.0227905 -0.0208187 -0.0190932 -0.0175791 -0.0162218 -0.0150829 -0.0141687 -0.0133831 -0.0127297 -0.0122284 -0.0118059 -0.0114849 -0.0113247 
0 0.000708203 0.00140132 0.00215289 0.00298466 0.00386357 0.0048283 0.00592689 0.00717043 0.00859154 0.0101957 0.0119817 0.0140068 0.0162577 0.0186623 0.0212424 0.0239811 0.0267373 0.0294083 0.0319193 0.0341171 0.0358055 0.0368152 0.037021 0.0362769 0.0344106 0.0313276 0.0270295 0.0215507 0.0149454 0.00736539 -0.000929687 -0.00965353 -0.018483 -0.0270851 -0.0351241 -0.0422555 -0.0482265 -0.0528204 -0.05589 -0.0574178 -0.0574345 -0.056092 -0.0535594 -0.0500254 -0.0457677 -0.0410314 -0.0361224 -0.0312666 -0.026623 -0.022339 -0.0184529 -0.0150589 -0.0121562 -0.00974673 -0.00780812 -0.00624861 -0.00504885 -0.00410053 -0.00339232 -0.00285765 -0.00246508 -0.00220052 -0.00200126 -0.00189152 -0.00179866 -0.00175889 -0.00171949 -0.00170102 -0.00168864 -0.0016715 -0.00167343 -0.00165362 -0.00166212 -0.00164197 -0.00165115 -0.00163418 -0.00163985 -0.00162857 -0.00162851 -0.00162385 -0.00161763 -0.00161917 -0.00160767 -0.00161419 -0.0015989 -0.00160888 -0.00159143 -0.00160349 -0.00158527 -0.00159832 -0.00158033 -0.00159367 -0.00157653 -0.00158981 -0.00157376 -0.00158693 -0.00157196 -0.00158515 -0.00157107 -0.00158455 -0.00157107 -0.00158515 -0.00157196 -0.00158693 -0.00157376 -0.00158981 -0.00157653 -0.00159367 -0.00158033 -0.00159832 -0.00158527 -0.00160349 -0.00159143 -0.00160888 -0.0015989 -0.00161419 -0.00160767 -0.00161917 -0.00161763 -0.00162385 -0.00162851 -0.00162857 -0.00163985 -0.00163416 -0.0016511 -0.00164183 -0.00166175 -0.00165271 -0.00167122 -0.00166636 -0.00167716 -0.0016765 -0.00166927 -0.00166035 -0.00161353 -0.00155845 -0.00142723 -0.00125192 -0.000959485 -0.000556615 5.74252e-06 0.000768994 0.00175419 0.00305706 0.00469435 0.00677662 0.00932231 0.0123723 0.0159294 0.019934 0.0243727 0.0291248 0.0340981 0.039093 0.0438528 0.0481289 0.0516213 0.0541276 0.0554243 0.0553277 0.0537291 0.0505547 0.0458754 0.0398072 0.0325428 0.0243728 0.0155984 0.00655708 -0.0024388 -0.0110823 -0.0190506 -0.0261157 -0.0321449 -0.0370431 -0.0407332 -0.0432074 -0.0445679 -0.0449479 -0.0444516 -0.0432033 -0.0414062 -0.0392494 -0.0368191 -0.0342322 -0.0316525 -0.0291485 -0.0267563 -0.024541 -0.0225386 -0.0207712 -0.0192278 -0.0178687 -0.0167155 -0.015778 -0.0149879 -0.014335 -0.0138584 -0.0135075 -0.0132262 
0 0.00082811 0.00168383 0.0026104 0.00358184 0.00460995 0.00579137 0.00712966 0.00859154 0.0102386 0.0121081 0.0141944 0.0165039 0.0190004 0.0216659 0.0244953 0.0273832 0.0302283 0.0329545 0.0354103 0.0374451 0.0388971 0.0395782 0.039379 0.0381655 0.0357697 0.0321496 0.027326 0.0213317 0.0142477 0.00621864 -0.00248947 -0.0115655 -0.0207343 -0.029687 -0.0380736 -0.0455547 -0.0518471 -0.0567572 -0.0601611 -0.0619853 -0.0622501 -0.0610634 -0.0585877 -0.0550476 -0.0506803 -0.0457615 -0.0405803 -0.0353734 -0.0303539 -0.0256446 -0.0213461 -0.017531 -0.0142247 -0.0114607 -0.00919064 -0.00738121 -0.00595636 -0.00484506 -0.00400338 -0.00335663 -0.00289445 -0.00255218 -0.00232353 -0.00216746 -0.0020637 -0.0020051 -0.00195628 -0.00193892 -0.00191115 -0.00190611 -0.00188795 -0.00188291 -0.001872 -0.0018629 -0.00185857 -0.00184525 -0.00184618 -0.00183022 -0.0018344 -0.0018179 -0.00182323 -0.00180808 -0.00181283 -0.00180033 -0.00180341 -0.00179422 -0.00179513 -0.00178937 -0.00178808 -0.0017855 -0.00178231 -0.00178244 -0.00177777 -0.0017801 -0.00177443 -0.00177843 -0.00177225 -0.00177743 -0.00177116 -0.0017771 -0.00177116 -0.00177743 -0.00177225 -0.00177843 -0.00177443 -0.0017801 -0.00177777 -0.00178244 -0.00178231 -0.0017855 -0.00178808 -0.00178937 -0.00179513 -0.00179422 -0.00180341 -0.00180033 -0.00181283 -0.00180808 -0.00182323 -0.0018179 -0.0018344 -0.00183022 -0.00184617 -0.00184522 -0.00185848 -0.00186266 -0.00187137 -0.00188137 -0.0018843 -0.00189785 -0.00189318 -0.00190149 -0.00188154 -0.00186214 -0.00180181 -0.00170785 -0.00155024 -0.00130323 -0.000953841 -0.000446822 0.000223675 0.00113118 0.00230399 0.0038225 0.00575394 0.00815389 0.0110855 0.0145375 0.0185141 0.0229545 0.0277977 0.0329499 0.0382461 0.0434925 0.0484156 0.0527509 0.0562395 0.058632 0.0597253 0.0593452 0.0574077 0.0539134 0.0489127 0.0425223 0.0349359 0.0264362 0.0173613 0.00801395 -0.00133109 -0.0103592 -0.0187663 -0.0263115 -0.0328469 -0.0382945 -0.0425523 -0.0455887 -0.047493 -0.0483486 -0.0482662 -0.0473851 -0.0458367 -0.0438089 -0.0414518 -0.0388598 -0.0361777 -0.0335097 -0.0309255 -0.0285122 -0.026272 -0.0242219 -0.0224466 -0.0209023 -0.019521 -0.018365 -0.0174367 -0.0166688 -0.0160705 -0.0156265 -0.0152894 
0 0.0010187 0.00203437 0.00309809 0.00425109 0.00551162 0.00690995 0.00846911 0.0101957 0.0121081 0.0142486 0.0166223 0.0191719 0.0219004 0.0248284 0.0278233 0.0307666 0.0336399 0.0363008 0.0385661 0.0403273 0.0414157 0.0416795 0.0409973 0.0392119 0.0362651 0.0321337 0.026803 0.0203679 0.0129121 0.00458537 -0.00433498 -0.0136004 -0.0229323 -0.0320367 -0.0406077 -0.0482808 -0.0547969 -0.0599753 -0.0636735 -0.0658217 -0.0663777 -0.0654192 -0.0631129 -0.0596609 -0.0553165 -0.0503279 -0.0449701 -0.0395058 -0.0341481 -0.0290688 -0.0243777 -0.0201587 -0.0164678 -0.0133277 -0.0107322 -0.00863686 -0.00697665 -0.00568229 -0.00468282 -0.00392509 -0.00336049 -0.00294967 -0.00266275 -0.00246395 -0.00233646 -0.00225069 -0.0021989 -0.00216382 -0.00214029 -0.0021249 -0.00210925 -0.00210104 -0.00208718 -0.0020815 -0.00206884 -0.0020637 -0.002053 -0.00204737 -0.00203932 -0.00203275 -0.00202753 -0.00201999 -0.00201737 -0.00200912 -0.00200862 -0.00200006 -0.00200112 -0.00199265 -0.00199476 -0.00198671 -0.00198949 -0.00198207 -0.00198528 -0.0019786 -0.00198213 -0.00197619 -0.00198003 -0.00197476 -0.00197898 -0.0019743 -0.00197898 -0.00197476 -0.00198003 -0.00197619 -0.00198213 -0.0019786 -0.00198528 -0.00198207 -0.00198949 -0.00198671 -0.00199476 -0.00199265 -0.00200112 -0.00200006 -0.00200862 -0.00200912 -0.00201737 -0.00201999 -0.00202753 -0.00203275 -0.00203932 -0.00204737 -0.00205298 -0.00206363 -0.00206867 -0.00208108 -0.00208612 -0.00209849 -0.00210337 -0.00211191 -0.00211275 -0.00210786 -0.00208991 -0.00204736 -0.001973 -0.00184122 -0.00163892 -0.00133161 -0.000895818 -0.000293775 0.000514518 0.00157706 0.00295938 0.00472925 0.00696169 0.00971524 0.01302 0.0168775 0.021253 0.0260905 0.031308 0.0367734 0.0423127 0.0476873 0.0526421 0.0569233 0.0602716 0.0624603 0.0632651 0.0625501 0.0602786 0.0564693 0.0512148 0.0446094 0.0368454 0.0282166 0.0190104 0.00953745 5.2104e-05 -0.00917691 -0.0178428 -0.0257506 -0.0327228 -0.0386289 -0.043429 -0.0470648 -0.0495614 -0.0509906 -0.0514188 -0.0510089 -0.0498714 -0.0480919 -0.0458911 -0.0434208 -0.0407416 -0.0379901 -0.0352879 -0.0326958 -0.0302536 -0.0279823 -0.0259359 -0.0241493 -0.0225874 -0.0212468 -0.0201367 -0.0192131 -0.0184612 -0.017907 -0.0175452 
0 0.0011975 0.00241099 0.00368242 0.00506379 0.0065672 0.00819039 0.00998031 0.0119817 0.0141944 0.0166223 0.019246 0.0220292 0.0249869 0.0280621 0.0311095 0.0340729 0.03688 0.0393496 0.0413335 0.0426913 0.0432978 0.0430525 0.0417749 0.039385 0.0359096 0.0312817 0.0255211 0.0187291 0.0110007 0.00254717 -0.00644165 -0.0157448 -0.0250573 -0.0341498 -0.0427117 -0.0504315 -0.0570905 -0.0624625 -0.0664412 -0.0689136 -0.0697981 -0.0691649 -0.0671139 -0.0638704 -0.0596583 -0.0546981 -0.0492749 -0.0436177 -0.0379927 -0.0325847 -0.0275286 -0.0229428 -0.0188678 -0.0153697 -0.0124332 -0.0100386 -0.00812947 -0.006621 -0.00545986 -0.00455995 -0.00388924 -0.00338887 -0.00303114 -0.00278336 -0.00261193 -0.00250535 -0.00243011 -0.0023887 -0.00235596 -0.00233848 -0.00232284 -0.00231198 -0.00230339 -0.00229367 -0.00228821 -0.00227863 -0.00227446 -0.00226527 -0.00226137 -0.00225298 -0.00224886 -0.00224154 -0.00223706 -0.00223093 -0.00222618 -0.00222122 -0.0022164 -0.00221253 -0.00220789 -0.002205 -0.00220073 -0.00219874 -0.00219499 -0.00219381 -0.00219067 -0.00219027 -0.0021878 -0.00218814 -0.00218636 -0.00218742 -0.00218636 -0.00218814 -0.0021878 -0.00219027 -0.00219067 -0.00219381 -0.00219499 -0.00219874 -0.00220073 -0.002205 -0.00220789 -0.00221253 -0.0022164 -0.00222122 -0.00222618 -0.00223093 -0.00223706 -0.00224154 -0.00224886 -0.00225298 -0.00226137 -0.00226525 -0.00227442 -0.00227852 -0.00228792 -0.00229295 -0.00230162 -0.00230785 -0.00231356 -0.00231847 -0.00231459 -0.00230667 -0.00227425 -0.00222154 -0.00211657 -0.00195399 -0.00169724 -0.00132337 -0.000800293 -8.07646e-05 0.000866229 0.00211928 0.00372567 0.00578014 0.00833942 0.0114534 0.0151483 0.0193867 0.0241509 0.0293423 0.0348737 0.0405811 0.0462436 0.0516423 0.0564965 0.0605999 0.063702 0.065572 0.06604 0.0649608 0.0623623 0.0582814 0.0528036 0.0460849 0.0382767 0.0296684 0.0205174 0.0110706 0.00163298 -0.00758815 -0.0163557 -0.0244676 -0.0317816 -0.0381039 -0.0433902 -0.0476382 -0.0507681 -0.0528126 -0.0538482 -0.0539789 -0.0533404 -0.0519922 -0.0500831 -0.0478232 -0.0452817 -0.0425493 -0.0397813 -0.0370541 -0.0344379 -0.0320024 -0.0297517 -0.0277119 -0.0259352 -0.0244062 -0.0230827 -0.0219803 -0.0211258 -0.0204809 -0.0200061 
0 0.00138136 0.00285948 0.00439708 0.0060001 0.00774524 0.00964485 0.0117148 0.0140068 0.0165039 0.0191719 0.0220292 0.0250615 0.0281792 0.0312913 0.0343433 0.0372402 0.0398302 0.0419885 0.0435732 0.0444341 0.0444994 0.0436414 0.0417192 0.0387455 0.034718 0.0296193 0.0235057 0.0164386 0.00859947 0.000168933 -0.00874744 -0.0179029 -0.027061 -0.035986 -0.0443882 -0.052073 -0.0587777 -0.0642981 -0.0685201 -0.0712739 -0.0725253 -0.072257 -0.0705543 -0.0676302 -0.06364 -0.058842 -0.0534477 -0.0477044 -0.0418973 -0.0362031 -0.0308387 -0.0258887 -0.0214503 -0.0175851 -0.0142861 -0.0115815 -0.00937998 -0.00765164 -0.00629607 -0.00524992 -0.00446431 -0.00386376 -0.00344444 -0.00313028 -0.00293001 -0.00278576 -0.00269706 -0.00263979 -0.00259658 -0.00257699 -0.00254882 -0.00254265 -0.00252009 -0.00251684 -0.0024988 -0.00249423 -0.00248131 -0.00247403 -0.00246633 -0.00245639 -0.00245324 -0.00244139 -0.00244167 -0.0024289 -0.00243143 -0.00241866 -0.00242245 -0.00241036 -0.0024147 -0.00240372 -0.00240821 -0.00239854 -0.00240298 -0.00239463 -0.00239905 -0.0023919 -0.00239643 -0.00239029 -0.00239511 -0.00238975 -0.00239511 -0.00239029 -0.00239643 -0.0023919 -0.00239905 -0.00239463 -0.00240298 -0.00239854 -0.00240821 -0.00240372 -0.0024147 -0.00241036 -0.00242245 -0.00241866 -0.00243143 -0.0024289 -0.00244167 -0.00244139 -0.00245324 -0.00245639 -0.00246633 -0.002474 -0.00248124 -0.00249404 -0.00249831 -0.00251564 -0.00251723 -0.00253611 -0.00253448 -0.00254681 -0.00253565 -0.00252186 -0.00247826 -0.00239666 -0.00226634 -0.00204342 -0.00173235 -0.00126256 -0.000639038 0.000218109 0.00133549 0.00278922 0.00466114 0.00700141 0.0099098 0.0133755 0.0174408 0.022047 0.0271456 0.0326633 0.0384311 0.0443059 0.0500075 0.0553175 0.059994 0.0637959 0.0665517 0.0680083 0.0680523 0.0666033 0.063662 0.0593433 0.0537056 0.0469425 0.0392465 0.030802 0.0218687 0.0126328 0.00336897 -0.00568408 -0.0144088 -0.0226066 -0.0301162 -0.0367903 -0.0425107 -0.0472886 -0.0510579 -0.053761 -0.0554765 -0.056259 -0.0561892 -0.0553884 -0.0539385 -0.0519718 -0.0496466 -0.0470721 -0.0443469 -0.0415695 -0.0388445 -0.0362579 -0.0338376 -0.0316052 -0.0295981 -0.0278349 -0.0263297 -0.0250861 -0.02408 -0.0232975 -0.0227423 
0 0.00168513 0.003408 0.00517475 0.0070524 0.00909842 0.011297 0.0136741 0.0162577 0.0190004 0.0219004 0.0249869 0.0281792 0.0313577 0.0344694 0.0374473 0.0401407 0.042399 0.0441215 0.0451967 0.0455043 0.0449354 0.0433941 0.0408516 0.0372995 0.0327385 0.0272341 0.0208291 0.013624 0.00581171 -0.00250335 -0.0111896 -0.0200597 -0.0289273 -0.0375251 -0.045679 -0.0532162 -0.0598832 -0.0655165 -0.0699138 -0.0729549 -0.0745846 -0.0747242 -0.0734735 -0.0709308 -0.0672725 -0.0627215 -0.0574411 -0.0517247 -0.0457898 -0.0398964 -0.0342565 -0.0289765 -0.0242088 -0.0199667 -0.0163292 -0.0132799 -0.0107822 -0.00880512 -0.00722768 -0.00602913 -0.00509052 -0.00439784 -0.00388192 -0.00350743 -0.00325864 -0.0030719 -0.00297043 -0.00288183 -0.00284478 -0.00280255 -0.00278465 -0.00276481 -0.00274771 -0.0027403 -0.00271973 -0.00271964 -0.00269692 -0.0027004 -0.00267822 -0.00268229 -0.00266297 -0.00266554 -0.00265051 -0.00265047 -0.00264023 -0.00263728 -0.00263167 -0.00262605 -0.00262451 -0.00261678 -0.0026186 -0.0026094 -0.00261385 -0.0026038 -0.00261027 -0.00259988 -0.00260787 -0.00259756 -0.00260666 -0.00259679 -0.00260666 -0.00259756 -0.00260787 -0.00259988 -0.00261027 -0.0026038 -0.00261385 -0.0026094 -0.0026186 -0.00261678 -0.00262451 -0.00262605 -0.00263167 -0.00263728 -0.00264023 -0.00265047 -0.00265051 -0.00266554 -0.00266297 -0.00268228 -0.0026782 -0.00270036 -0.00269679 -0.00271932 -0.00271892 -0.00273834 -0.00274317 -0.00275468 -0.00276293 -0.00275789 -0.00275672 -0.00271536 -0.00266871 -0.00254746 -0.00238372 -0.00210443 -0.00171454 -0.00116219 -0.0004042 0.000584421 0.00190517 0.00357734 0.00573249 0.00839462 0.0116417 0.0154859 0.0198917 0.0248572 0.0302574 0.0360348 0.0419876 0.0479111 0.0535718 0.0586832 0.0630761 0.0664971 0.0687825 0.0697709 0.0693331 0.067498 0.064255 0.0597114 0.0539982 0.0472657 0.0397627 0.0316212 0.023014 0.0141499 0.00520965 -0.0035795 -0.0121069 -0.020256 -0.027837 -0.0347415 -0.0408569 -0.0460991 -0.0504418 -0.0538337 -0.0562681 -0.0577652 -0.0583612 -0.0581711 -0.0572902 -0.055774 -0.0537638 -0.0514394 -0.0488899 -0.0461754 -0.0434253 -0.0407431 -0.038165 -0.0357619 -0.0335861 -0.031629 -0.0299328 -0.0285229 -0.0273424 -0.0264172 -0.0258063 
0 0.00199748 0.00400276 0.0060818 0.00829309 0.0106421 0.0131449 0.0158234 0.0186623 0.0216659 0.0248284 0.0280621 0.0312913 0.0344694 0.0374967 0.0402638 0.0426448 0.0444803 0.0456806 0.0461773 0.0458302 0.0445424 0.042318 0.0391633 0.0350641 0.0300541 0.024212 0.0176296 0.0104259 0.00271593 -0.00537908 -0.0137235 -0.0221997 -0.0306205 -0.0387977 -0.0466109 -0.0538892 -0.0604646 -0.0661291 -0.0706742 -0.0740068 -0.0760058 -0.0766238 -0.0758699 -0.0737841 -0.0705463 -0.0662935 -0.0612385 -0.0556146 -0.0496442 -0.0436292 -0.0377483 -0.0322064 -0.0271107 -0.0225305 -0.0185521 -0.015148 -0.0123548 -0.0100821 -0.00828704 -0.00688795 -0.00579532 -0.00498446 -0.00435533 -0.00392034 -0.00359233 -0.00338067 -0.00323352 -0.00313556 -0.00308208 -0.00303141 -0.0030181 -0.00298464 -0.00298401 -0.00295872 -0.00295829 -0.00294013 -0.00293496 -0.00292421 -0.00291316 -0.00290932 -0.0028932 -0.00289491 -0.00287546 -0.00288101 -0.00286012 -0.00286785 -0.00284715 -0.00285581 -0.00283644 -0.00284519 -0.00282783 -0.00283627 -0.00282114 -0.00282921 -0.00281624 -0.00282412 -0.00281304 -0.00282105 -0.00281145 -0.00282002 -0.00281145 -0.00282105 -0.00281304 -0.00282412 -0.00281624 -0.00282921 -0.00282114 -0.00283627 -0.00282783 -0.00284519 -0.00283644 -0.00285581 -0.00284715 -0.00286785 -0.00286012 -0.00288101 -0.00287546 -0.00289491 -0.0028932 -0.00290931 -0.00291313 -0.00292413 -0.00293475 -0.00293959 -0.00295697 -0.0029556 -0.00297693 -0.00296922 -0.00298581 -0.00296654 -0.00295711 -0.00290468 -0.00282444 -0.00268514 -0.00245629 -0.0021345 -0.00164619 -0.00100449 -0.000109651 0.00104448 0.0025623 0.00450298 0.00693792 0.00995515 0.0135448 0.0177574 0.0225135 0.0277885 0.0334791 0.0394356 0.0454979 0.0513809 0.0568768 0.0617194 0.0657087 0.068673 0.0704128 0.0708593 0.0699424 0.0676981 0.0641928 0.059481 0.0537403 0.047139 0.0398727 0.0321047 0.0239344 0.0155378 0.00706842 -0.00134633 -0.0095721 -0.0175109 -0.025046 -0.0320709 -0.0384881 -0.044166 -0.0490247 -0.0530523 -0.0562078 -0.0584321 -0.0597522 -0.0602571 -0.0600125 -0.0590865 -0.0575722 -0.0555908 -0.0532837 -0.0507502 -0.0480772 -0.0453791 -0.0427324 -0.04021 -0.0378944 -0.0357889 -0.0338969 -0.0322876 -0.0309831 -0.0299633 -0.0292331 
0 0.00230081 0.00467233 0.00714432 0.00969468 0.0123501 0.0151748 0.0181462 0.0212424 0.0244953 0.0278233 0.0311095 0.0343433 0.0374473 0.0402638 0.0427001 0.0446403 0.0459549 0.0465768 0.0464026 0.0453343 0.0433544 0.0404696 0.0367185 0.0321275 0.0267242 0.0206405 0.0140095 0.00690104 -0.000590062 -0.00834868 -0.0162623 -0.0242197 -0.032113 -0.0398218 -0.0472222 -0.0541994 -0.060601 -0.0662225 -0.0708895 -0.0744627 -0.0768378 -0.0779455 -0.0777152 -0.0761728 -0.0734076 -0.0695551 -0.0648141 -0.0593671 -0.0534737 -0.0473855 -0.0413399 -0.035557 -0.0301521 -0.0252567 -0.0209149 -0.0171759 -0.0140485 -0.0114808 -0.0094441 -0.00782542 -0.00658405 -0.00562401 -0.00490346 -0.00437581 -0.00398573 -0.003728 -0.00353486 -0.00342451 -0.00333537 -0.00328959 -0.00324952 -0.00322414 -0.00320675 -0.00318437 -0.00317828 -0.00315501 -0.00315466 -0.00313158 -0.00313336 -0.00311257 -0.00311393 -0.00309706 -0.00309644 -0.00308429 -0.00308101 -0.00307365 -0.00306769 -0.00306472 -0.00305649 -0.00305723 -0.00304734 -0.00305109 -0.00304017 -0.00304627 -0.00303489 -0.00304278 -0.00303141 -0.00304067 -0.00302968 -0.00303996 -0.00302968 -0.00304067 -0.00303141 -0.00304278 -0.00303489 -0.00304627 -0.00304017 -0.00305109 -0.00304734 -0.00305723 -0.00305649 -0.00306472 -0.00306769 -0.00307365 -0.00308101 -0.00308429 -0.00309644 -0.00309706 -0.00311393 -0.00311255 -0.00313331 -0.00313145 -0.0031543 -0.00315414 -0.00317617 -0.0031795 -0.00319594 -0.0032011 -0.00320239 -0.00319704 -0.00316106 -0.00310962 -0.00298906 -0.00281951 -0.00253146 -0.00213199 -0.00155627 -0.000778039 0.000253828 0.00161664 0.00335592 0.0055856 0.00833883 0.0116955 0.0156508 0.0201918 0.0252826 0.0308242 0.0367339 0.0428162 0.0488724 0.054645 0.0598795 0.0643741 0.0679084 0.0703306 0.0715004 0.0713605 0.0699448 0.0672994 0.0635153 0.0586905 0.0529761 0.046568 0.0396232 0.032272 0.0246308 0.0168036 0.00888474 0.00095484 -0.006894 -0.0145419 -0.0219084 -0.028946 -0.0355351 -0.0415383 -0.0468661 -0.0514551 -0.0552694 -0.0582438 -0.0603355 -0.0615964 -0.0620611 -0.0617837 -0.060879 -0.0593981 -0.0574358 -0.0551792 -0.0527167 -0.0501072 -0.0474853 -0.0449324 -0.0424911 -0.0402445 -0.0382428 -0.036499 -0.0350455 -0.0339085 -0.0330938 
0 0.0027268 0.00546276 0.00827795 0.0111982 0.014219 0.0173657 0.0206305 0.0239811 0.0273832 0.0307666 0.0340729 0.0372402 0.0401407 0.0426448 0.0446403 0.0460339 0.046765 0.0467159 0.0457946 0.0440229 0.0413817 0.0378744 0.0335902 0.0285597 0.0228685 0.0166772 0.0100769 0.0031584 -0.00401034 -0.0113541 -0.0187348 -0.0261036 -0.033422 -0.0405969 -0.0475534 -0.054171 -0.0603258 -0.0658692 -0.0706092 -0.0744133 -0.0771609 -0.0787411 -0.0790695 -0.0780926 -0.0758577 -0.0724777 -0.0681072 -0.0629403 -0.0571946 -0.0511233 -0.0449846 -0.0389982 -0.0333408 -0.0281333 -0.0234588 -0.0193783 -0.0159056 -0.0130362 -0.0107152 -0.00887522 -0.00744082 -0.00633014 -0.00549273 -0.00486106 -0.00440694 -0.00408013 -0.00385685 -0.00370727 -0.00360499 -0.00354341 -0.00349419 -0.00346881 -0.00343996 -0.00342648 -0.0034062 -0.00339515 -0.00338032 -0.00336856 -0.00335841 -0.00334531 -0.00333921 -0.00332511 -0.00332221 -0.0033078 -0.00330717 -0.00329319 -0.00329399 -0.00328103 -0.00328264 -0.00327109 -0.00327314 -0.00326319 -0.00326551 -0.00325718 -0.00325978 -0.00325295 -0.00325595 -0.00325044 -0.00325403 -0.00324961 -0.00325403 -0.00325044 -0.00325595 -0.00325295 -0.00325978 -0.00325718 -0.00326551 -0.00326319 -0.00327314 -0.00327109 -0.00328264 -0.00328103 -0.00329399 -0.00329319 -0.00330717 -0.0033078 -0.00332221 -0.00332511 -0.0033392 -0.00334528 -0.00335832 -0.00336833 -0.00337974 -0.00339374 -0.0034029 -0.00341902 -0.00342375 -0.00343503 -0.0034266 -0.00341361 -0.00336589 -0.00328462 -0.00313964 -0.00291033 -0.00256974 -0.00207537 -0.00140082 -0.000483856 0.000717425 0.00228472 0.00428734 0.00680434 0.00989934 0.0135972 0.0179041 0.0227763 0.0281567 0.0339482 0.0400083 0.046146 0.0521175 0.0576731 0.0625807 0.0666304 0.0696462 0.0714744 0.0720273 0.0713116 0.0693858 0.066356 0.0623227 0.0574115 0.0518006 0.0456345 0.039057 0.0321787 0.0250897 0.0178897 0.0105848 0.00320434 -0.00416258 -0.0114505 -0.0185722 -0.025488 -0.032127 -0.038334 -0.0440334 -0.049136 -0.0535297 -0.0571981 -0.0600858 -0.0621286 -0.0633512 -0.0637975 -0.0635506 -0.0626862 -0.061251 -0.0593842 -0.0572249 -0.0548384 -0.0523359 -0.0498224 -0.0473551 -0.0450408 -0.0429648 -0.0411314 -0.039567 -0.0383267 -0.0374379 
0 0.00316804 0.00631894 0.00953002 0.0128325 0.0162048 0.0196662 0.0232017 0.0267373 0.0302283 0.0336399 0.03688 0.0398302 0.042399 0.0444803 0.0459549 0.046765 0.0468329 0.0460384 0.0443837 0.0419157 0.0386284 0.0345751 0.0298238 0.0244658 0.0186487 0.0124482 0.00596762 -0.000679241 -0.00747346 -0.0143109 -0.0211053 -0.0278628 -0.0345473 -0.0411599 -0.0476252 -0.0538249 -0.0597074 -0.0651192 -0.0699137 -0.0739418 -0.0770303 -0.0790849 -0.0799549 -0.0795594 -0.0779005 -0.0750274 -0.0711066 -0.0662825 -0.0607688 -0.054806 -0.0486345 -0.0425214 -0.0366411 -0.03116 -0.0261727 -0.0217497 -0.0179424 -0.0147395 -0.0121286 -0.0100319 -0.00838605 -0.00710761 -0.00612738 -0.00539338 -0.00484736 -0.00446088 -0.00418616 -0.00400401 -0.00388068 -0.00380143 -0.00374943 -0.00371304 -0.00368898 -0.00366761 -0.00365273 -0.0036364 -0.00362411 -0.0036101 -0.00359854 -0.00358628 -0.00357519 -0.00356454 -0.00355409 -0.00354493 -0.00353539 -0.00352758 -0.00351917 -0.00351258 -0.00350544 -0.00349998 -0.00349415 -0.00348975 -0.00348525 -0.00348188 -0.00347864 -0.0034763 -0.00347428 -0.00347297 -0.00347211 -0.00347187 -0.00347211 -0.00347297 -0.00347428 -0.0034763 -0.00347864 -0.00348188 -0.00348525 -0.00348975 -0.00349415 -0.00349998 -0.00350544 -0.00351258 -0.00351917 -0.00352758 -0.00353539 -0.00354493 -0.00355408 -0.00356453 -0.00357517 -0.00358623 -0.00359839 -0.00360973 -0.00362318 -0.00363419 -0.00364764 -0.00365637 -0.00366511 -0.00366435 -0.00365412 -0.00362237 -0.00355786 -0.0034453 -0.00325718 -0.0029747 -0.00255472 -0.00197278 -0.00117311 -0.000113328 0.00127653 0.00307122 0.00534363 0.0081777 0.0116039 0.0156555 0.0202947 0.0254804 0.03113 0.0371144 0.0432816 0.0493843 0.055195 0.0604519 0.0649416 0.068488 0.0709039 0.0721044 0.0720264 0.0707332 0.0683378 0.064936 0.0606989 0.0557544 0.0502802 0.044418 0.0382293 0.0318468 0.0253353 0.018743 0.0120871 0.00531685 -0.00149914 -0.00831917 -0.0151292 -0.0218327 -0.0283843 -0.0347017 -0.0406644 -0.0461815 -0.0511048 -0.0553681 -0.0589665 -0.0617936 -0.0638035 -0.0650461 -0.0655471 -0.0653613 -0.0645739 -0.0632527 -0.0614901 -0.0594201 -0.0571686 -0.0548167 -0.052452 -0.0501805 -0.0480554 -0.0461414 -0.0445468 -0.0432781 -0.0423098 
