0 0 0 0 0 0 0 0 0 0 0 0 0 0 0 0 0 0 0 0 0 0 0 0 0 0 0 0 0 0 0 0 0 0 0 0 0 0 0 0 0 0 0 0 0 0 0 0 0 0 0 0 0 0 0 0 0 0 0 0 0 0 0 0 0 0 0 0 0 0 0 0 0 0 0 0 0 0 0 0 0 0 0 0 0 0 0 0 0 0 0 0 0 0 0 0 0 0 0 0 0 0 0 0 0 0 0 0 0 0 0 0 0 0 0 0 0 0 0 0 0 0 0 0 0 0 0 0 0 0 0 0 0 0 0 0 0 0 0 0 0 0 0 0 0 0 0 0 0 0 0 0 0 0 0 0 0 0 0 0 0 0 0 0 0 0 0 0 0 0 0 0 0 0 0 0 0 0 0 0 0 0 0 0 0 0 0 0 0 0 0 0 0 0 0 0 0 0 0 0 
0 -0.000335115 -0.000629104 -0.00100953 -0.00160554 -0.00237473 -0.00323196 -0.00419484 -0.00529988 -0.00649667 -0.0076828 -0.00877491 -0.00973588 -0.0105486 -0.01116 -0.011502 -0.0115728 -0.0114194 -0.0110584 -0.0104884 -0.00973534 -0.00885624 -0.00792949 -0.00701817 -0.00613633 -0.0052828 -0.00447202 -0.00372727 -0.00308012 -0.00255061 -0.00212957 -0.00179815 -0.00153339 -0.00131302 -0.00112951 -0.000978072 -0.000855608 -0.000763522 -0.000696498 -0.000650487 -0.000621565 -0.000601852 -0.000588709 -0.000577648 -0.000565587 -0.000553389 -0.000539016 -0.000524649 -0.000511092 -0.000498356 -0.000488769 -0.000480718 -0.000475208 -0.000471294 -0.000467644 -0.000464815 -0.000460618 -0.000456096 -0.000450223 -0.000443278 -0.000436067 -0.000427886 -0.0004205 -0.000412935 -0.000406553 -0.000400931 -0.000396231 -0.000392868 -0.000389895 -0.000388275 -0.000386607 -0.000385854 -0.000384883 -0.000384196 -0.00038336 -0.000382244 -0.000381171 -0.000379464 -0.000377997 -0.000375787 -0.000373944 -0.000371444 -0.000369346 -0.000366793 -0.000364598 -0.000362191 -0.000360048 -0.000357922 -0.000355946 -0.000354175 -0.000352441 -0.000351048 -0.000349597 -0.000348578 -0.000347424 -0.000346759 -0.000345902 -0.000345567 -0.000345004 -0.000344978 -0.000344708 -0.000344978 -0.000345004 -0.000345567 -0.000345902 -0.000346759 -0.000347424 -0.000348578 -0.000349597 -0.000351048 -0.000352441 -0.000354175 -0.000355946 -0.000357922 -0.000360048 -0.000362191 -0.000364598 -0.000366793 -0.000369346 -0.000371444 -0.000373944 -0.000375787 -0.000377997 -0.000379464 -0.000381171 -0.000382244 -0.00038336 -0.000384196 -0.000384883 -0.000385854 -0.000386607 -0.000388275 -0.000389895 -0.000392868 -0.000396231 -0.000400931 -0.000406553 -0.000412935 -0.0004205 -0.000427886 -0.000436067 -0.000443278 -0.000450223 -0.000456096 -0.000460618 -0.000464815 -0.000467644 -0.000471294 -0.000475208 -0.000480717 -0.000488766 -0.000498347 -0.000511064 -0.000524567 -0.000538788 -0.000552781 -0.000564053 -0.000573974 -0.000580365 -0.000583896 -0.000584984 -0.000579997 -0.000568119 -0.000542632 -0.000496428 -0.000425232 -0.000321151 -0.000182947 -8.27063e-06 0.000212938 0.000491939 0.000850911 0.00131031 0.00187109 0.00252274 0.00324103 0.00400309 0.00480805 0.00564679 0.00647756 0.00723293 0.00783323 0.00823261 0.00843111 0.00840317 0.00807468 0.00738754 0.00634335 0.0049979 0.00341065 0.00158897 -0.000454379 -0.0026117 -0.00476005 -0.00686615 -0.00888925 -0.0106932 -0.0121788 -0.0133664 -0.0142471 
0 -0.000629104 -0.00134219 -0.00223949 -0.00339886 -0.00484621 -0.00657357 -0.00855584 -0.0107447 -0.0130511 -0.0153397 -0.0174769 -0.0193848 -0.0209936 -0.0221824 -0.0228504 -0.0229993 -0.0226869 -0.0219597 -0.0208498 -0.0193989 -0.0176971 -0.0158784 -0.0140512 -0.0122693 -0.010564 -0.00896285 -0.00750577 -0.00624035 -0.00518528 -0.00432834 -0.00364084 -0.00308282 -0.00262593 -0.00225522 -0.00195759 -0.00172723 -0.00155482 -0.00142684 -0.0013344 -0.00126538 -0.00121216 -0.00117122 -0.00113704 -0.00110974 -0.00108716 -0.00106733 -0.00105085 -0.00103445 -0.00101876 -0.00100271 -0.00098538 -0.000968495 -0.000950591 -0.00093376 -0.000917728 -0.000902778 -0.000890127 -0.000878307 -0.000868819 -0.000860026 -0.000852385 -0.000845428 -0.000838247 -0.000831684 -0.000824161 -0.000817032 -0.000809058 -0.000801162 -0.000793083 -0.000784821 -0.000777117 -0.000769141 -0.000762203 -0.000755094 -0.00074913 -0.000743224 -0.000738264 -0.00073363 -0.000729581 -0.000726091 -0.000722802 -0.000720228 -0.000717544 -0.000715642 -0.000713427 -0.00071199 -0.000710145 -0.000709027 -0.000707488 -0.000706599 -0.000705328 -0.000704626 -0.000703606 -0.00070308 -0.000702304 -0.000701962 -0.000701426 -0.000701283 -0.000700983 -0.000701056 -0.000700983 -0.000701283 -0.000701426 -0.000701962 -0.000702304 -0.00070308 -0.000703606 -0.000704626 -0.000705328 -0.000706599 -0.000707488 -0.000709027 -0.000710145 -0.00071199 -0.000713427 -0.000715642 -0.000717544 -0.000720228 -0.000722802 -0.000726091 -0.000729581 -0.00073363 -0.000738264 -0.000743224 -0.00074913 -0.000755094 -0.000762203 -0.000769141 -0.000777117 -0.000784821 -0.000793083 -0.000801162 -0.000809058 -0.000817032 -0.000824161 -0.000831684 -0.000838247 -0.000845428 -0.000852385 -0.000860026 -0.000868819 -0.000878307 -0.000890127 -0.000902778 -0.000917728 -0.00093376 -0.000950591 -0.000968494 -0.000985378 -0.0010027 -0.00101873 -0.00103437 -0.00105064 -0.00106675 -0.00108566 -0.00110603 -0.00112838 -0.00115197 -0.00117158 -0.00118433 -0.00118109 -0.00115236 -0.00108974 -0.000980857 -0.000820764 -0.000605124 -0.000328235 1.52615e-05 0.000448288 0.00100663 0.00173037 0.00265619 0.00378605 0.00508686 0.00651452 0.00802761 0.00960776 0.0112374 0.0128445 0.0143067 0.0154921 0.0162969 0.0166642 0.0165383 0.0158219 0.0144418 0.0124107 0.00978817 0.00663241 0.003003 -0.00100369 -0.00522217 -0.00946259 -0.0135936 -0.0175096 -0.0210461 -0.0240325 -0.0263806 -0.0280317 
0 -0.00100953 -0.00223949 -0.00372948 -0.00548621 -0.00762353 -0.0102142 -0.0131725 -0.016366 -0.0196851 -0.0229871 -0.0261061 -0.0288943 -0.0311983 -0.0328799 -0.0338683 -0.0341378 -0.0337001 -0.0326249 -0.0309944 -0.028889 -0.0264393 -0.0238004 -0.0211015 -0.01845 -0.0159156 -0.013542 -0.0113891 -0.00950714 -0.00791455 -0.00660957 -0.00555397 -0.00469683 -0.00400298 -0.00343862 -0.00298503 -0.00263274 -0.00236255 -0.00216284 -0.00201799 -0.00190969 -0.00183074 -0.00176868 -0.00171815 -0.00167761 -0.00164052 -0.0016091 -0.00157999 -0.00155192 -0.00152676 -0.00150044 -0.00147615 -0.00145192 -0.0014279 -0.00140612 -0.00138378 -0.00136428 -0.00134511 -0.00132755 -0.00131176 -0.00129596 -0.00128256 -0.00126846 -0.00125614 -0.00124361 -0.00123156 -0.00122029 -0.00120841 -0.00119804 -0.00118669 -0.00117694 -0.00116658 -0.00115734 -0.00114827 -0.00113959 -0.00113186 -0.00112387 -0.00111734 -0.00111017 -0.00110462 -0.00109835 -0.00109356 -0.00108821 -0.00108399 -0.00107953 -0.00107577 -0.00107213 -0.00106878 -0.00106587 -0.00106291 -0.00106065 -0.00105809 -0.00105643 -0.00105428 -0.00105316 -0.00105144 -0.00105084 -0.00104956 -0.00104944 -0.00104862 -0.00104898 -0.00104862 -0.00104944 -0.00104956 -0.00105084 -0.00105144 -0.00105316 -0.00105428 -0.00105643 -0.00105809 -0.00106065 -0.00106291 -0.00106587 -0.00106878 -0.00107213 -0.00107577 -0.00107953 -0.00108399 -0.00108821 -0.00109356 -0.00109835 -0.00110462 -0.00111017 -0.00111734 -0.00112387 -0.00113186 -0.00113959 -0.00114827 -0.00115734 -0.00116658 -0.00117694 -0.00118669 -0.00119804 -0.00120841 -0.00122029 -0.00123156 -0.00124361 -0.00125614 -0.00126846 -0.00128256 -0.00129596 -0.00131176 -0.00132755 -0.00134511 -0.00136428 -0.00138378 -0.00140612 -0.0014279 -0.00145192 -0.00147615 -0.00150042 -0.0015267 -0.00155175 -0.00157953 -0.00160788 -0.00163746 -0.00167032 -0.00170161 -0.00173302 -0.00175775 -0.00176795 -0.00175696 -0.00170701 -0.00160739 -0.00144413 -0.0012024 -0.000878895 -0.000459367 7.39849e-05 0.000748825 0.00161839 0.0027291 0.00411346 0.00577965 0.00768797 0.00978908 0.0120397 0.0143836 0.0167571 0.0190554 0.0211193 0.0227958 0.0239465 0.0244312 0.0241416 0.0229951 0.0209305 0.0179499 0.0140966 0.00943081 0.00409238 -0.00171257 -0.00780696 -0.014006 -0.0200486 -0.0256924 -0.0307853 -0.0351615 -0.0385986 -0.0409482 
0 -0.00160554 -0.00339886 -0.00548621 -0.00794995 -0.010877 -0.014284 -0.0180969 -0.0221951 -0.0264289 -0.0306346 -0.0346283 -0.038171 -0.0410419 -0.0431454 -0.0444381 -0.0448404 -0.0443213 -0.0429496 -0.0408404 -0.0381481 -0.035042 -0.0316641 -0.0281658 -0.0246999 -0.0213676 -0.0182516 -0.0154249 -0.0129269 -0.0107908 -0.00902098 -0.00757506 -0.00640776 -0.00546495 -0.00469551 -0.00407764 -0.00358662 -0.00320501 -0.002923 -0.00271528 -0.00256739 -0.00246257 -0.00238099 -0.00231827 -0.00226212 -0.00220971 -0.00216219 -0.00211397 -0.00207128 -0.00203101 -0.00199411 -0.00196315 -0.00193291 -0.00190777 -0.00188287 -0.00185899 -0.00183648 -0.00181169 -0.00178899 -0.00176397 -0.00174044 -0.00171704 -0.0016939 -0.00167353 -0.00165268 -0.00163566 -0.00161845 -0.00160424 -0.00159085 -0.00157862 -0.00156823 -0.00155729 -0.00154867 -0.00153856 -0.0015306 -0.00152115 -0.00151314 -0.00150434 -0.00149606 -0.00148794 -0.00147951 -0.00147215 -0.00146386 -0.00145728 -0.00144947 -0.00144371 -0.00143663 -0.00143168 -0.00142552 -0.00142137 -0.00141621 -0.00141285 -0.00140871 -0.00140611 -0.00140297 -0.00140113 -0.00139893 -0.00139784 -0.00139653 -0.00139621 -0.00139573 -0.00139621 -0.00139653 -0.00139784 -0.00139893 -0.00140113 -0.00140297 -0.00140611 -0.00140871 -0.00141285 -0.00141621 -0.00142137 -0.00142552 -0.00143168 -0.00143663 -0.00144371 -0.00144947 -0.00145728 -0.00146386 -0.00147215 -0.00147951 -0.00148794 -0.00149606 -0.00150434 -0.00151314 -0.00152115 -0.0015306 -0.00153856 -0.00154867 -0.00155729 -0.00156823 -0.00157862 -0.00159085 -0.00160424 -0.00161845 -0.00163566 -0.00165268 -0.00167353 -0.0016939 -0.00171704 -0.00174044 -0.00176397 -0.00178899 -0.00181169 -0.00183648 -0.00185899 -0.00188287 -0.00190777 -0.0019329 -0.00196314 -0.00199407 -0.00203089 -0.00207092 -0.00211303 -0.00215979 -0.0022039 -0.00224873 -0.0022889 -0.0023198 -0.00234143 -0.00233965 -0.00230871 -0.00223348 -0.00209261 -0.0018753 -0.0015572 -0.00112153 -0.0005509 0.000193858 0.00114754 0.00235865 0.00387678 0.00571599 0.0078809 0.0103534 0.0130859 0.0160309 0.0190972 0.0221417 0.0250173 0.0275598 0.0295982 0.0309724 0.0314902 0.0309775 0.0293624 0.0266165 0.0227104 0.0176756 0.0116295 0.00477116 -0.00264641 -0.0104068 -0.0183113 -0.0260465 -0.0332496 -0.0396922 -0.0452179 -0.0495958 -0.0526224 
0 -0.00237473 -0.00484621 -0.00762353 -0.010877 -0.0146123 -0.0187898 -0.0233898 -0.028297 -0.0333096 -0.038258 -0.0429454 -0.0470862 -0.0504558 -0.0529537 -0.0544876 -0.0549725 -0.0543936 -0.0527963 -0.0503171 -0.0471648 -0.0435007 -0.0394626 -0.0352374 -0.031003 -0.0269152 -0.0231107 -0.0196503 -0.0165664 -0.0138958 -0.0116307 -0.00975316 -0.00823256 -0.00700176 -0.00601498 -0.00523079 -0.00460475 -0.00412178 -0.00375278 -0.00347265 -0.0032695 -0.00311403 -0.00299702 -0.0029073 -0.00282973 -0.00276817 -0.00271092 -0.00265871 -0.00261246 -0.00256417 -0.00252181 -0.00247813 -0.00243632 -0.00239804 -0.00235815 -0.00232435 -0.00228949 -0.00225872 -0.00223022 -0.00220188 -0.00217833 -0.00215265 -0.00213137 -0.00210861 -0.00208759 -0.00206749 -0.00204623 -0.00202806 -0.00200731 -0.00199031 -0.00197122 -0.00195496 -0.00193835 -0.00192283 -0.00190896 -0.00189446 -0.00188308 -0.00186996 -0.00186054 -0.00184907 -0.00184104 -0.00183134 -0.00182424 -0.00181627 -0.00180983 -0.00180343 -0.00179751 -0.0017925 -0.00178708 -0.00178328 -0.00177839 -0.00177564 -0.00177134 -0.00176954 -0.00176589 -0.00176495 -0.001762 -0.00176188 -0.00175967 -0.00176035 -0.0017589 -0.00176035 -0.00175967 -0.00176188 -0.001762 -0.00176495 -0.00176589 -0.00176954 -0.00177134 -0.00177564 -0.00177839 -0.00178328 -0.00178708 -0.0017925 -0.00179751 -0.00180343 -0.00180983 -0.00181627 -0.00182424 -0.00183134 -0.00184104 -0.00184907 -0.00186054 -0.00186996 -0.00188308 -0.00189446 -0.00190896 -0.00192283 -0.00193835 -0.00195496 -0.00197122 -0.00199031 -0.00200731 -0.00202806 -0.00204623 -0.00206749 -0.00208759 -0.00210861 -0.00213137 -0.00215265 -0.00217833 -0.00220188 -0.00223022 -0.00225872 -0.00228949 -0.00232435 -0.00235815 -0.00239804 -0.00243631 -0.0024781 -0.00252171 -0.00256391 -0.00261175 -0.00265686 -0.00270639 -0.00275757 -0.00280614 -0.00285737 -0.00289655 -0.00292191 -0.00292038 -0.00286942 -0.00276068 -0.00256512 -0.00226623 -0.00185015 -0.00128207 -0.000540396 0.000421936 0.00166535 0.00322695 0.00515197 0.00745359 0.010114 0.0131305 0.0164612 0.02002 0.0236897 0.0272792 0.0305963 0.0334911 0.0357756 0.0372328 0.0376529 0.0368391 0.0346998 0.0312436 0.0264571 0.0203628 0.0131266 0.00497476 -0.00385817 -0.0130756 -0.0223595 -0.0314162 -0.0399194 -0.047527 -0.0539786 -0.059091 -0.0626874 
0 -0.00323196 -0.00657357 -0.0102142 -0.014284 -0.0187898 -0.0237238 -0.029054 -0.0346407 -0.0402963 -0.0458303 -0.051003 -0.0555797 -0.0593781 -0.0622065 -0.0639124 -0.0644621 -0.0638516 -0.0621074 -0.0593865 -0.0558813 -0.0517418 -0.0471528 -0.0423075 -0.0373916 -0.0326277 -0.0281725 -0.0240904 -0.0204371 -0.0172256 -0.014451 -0.0121296 -0.0102233 -0.00867971 -0.00745576 -0.00647697 -0.00570262 -0.00510132 -0.00462789 -0.00427156 -0.00400201 -0.00379411 -0.00364281 -0.00351955 -0.00342298 -0.00334501 -0.00327194 -0.00321282 -0.00315295 -0.00309739 -0.00304607 -0.00299093 -0.00294357 -0.00289288 -0.00284696 -0.00280425 -0.00276083 -0.00272548 -0.00268728 -0.00265608 -0.00262454 -0.0025948 -0.00256882 -0.00253989 -0.00251684 -0.00248961 -0.00246712 -0.0024427 -0.00241981 -0.00239865 -0.00237577 -0.00235753 -0.00233585 -0.00231977 -0.00230044 -0.00228576 -0.00226945 -0.00225569 -0.0022425 -0.00222949 -0.00221909 -0.00220689 -0.00219873 -0.00218753 -0.00218104 -0.00217102 -0.00216575 -0.00215704 -0.00215268 -0.00214534 -0.00214171 -0.00213574 -0.00213278 -0.00212814 -0.00212586 -0.00212247 -0.00212093 -0.0021187 -0.00211797 -0.00211682 -0.00211698 -0.00211682 -0.00211797 -0.0021187 -0.00212093 -0.00212247 -0.00212586 -0.00212814 -0.00213278 -0.00213574 -0.00214171 -0.00214534 -0.00215268 -0.00215704 -0.00216575 -0.00217102 -0.00218104 -0.00218753 -0.00219873 -0.00220689 -0.00221909 -0.00222949 -0.0022425 -0.00225569 -0.00226945 -0.00228576 -0.00230044 -0.00231977 -0.00233585 -0.00235753 -0.00237577 -0.00239865 -0.00241981 -0.0024427 -0.00246712 -0.00248961 -0.00251684 -0.00253989 -0.00256882 -0.0025948 -0.00262454 -0.00265608 -0.00268728 -0.00272548 -0.00276083 -0.00280425 -0.00284696 -0.00289287 -0.00294355 -0.00299086 -0.00304587 -0.00309685 -0.00315155 -0.00320933 -0.00326366 -0.00332633 -0.00338286 -0.00343757 -0.00348353 -0.00349989 -0.00348511 -0.00340698 -0.00324836 -0.00299457 -0.00260887 -0.00208197 -0.00137537 -0.000436989 0.000772242 0.00232619 0.00426542 0.00660019 0.0093521 0.012498 0.0160158 0.0198782 0.0239595 0.0280932 0.0320911 0.0357269 0.0388209 0.0411859 0.0425587 0.042721 0.0415247 0.0388489 0.0346698 0.0290413 0.0220325 0.0138033 0.00459213 -0.00536371 -0.0157342 -0.0260904 -0.0361049 -0.0455367 -0.0540348 -0.0612185 -0.0668677 -0.070838 
0 -0.00419484 -0.00855584 -0.0131725 -0.0180969 -0.0233898 -0.029054 -0.0350017 -0.0411332 -0.0473132 -0.0532811 -0.0587751 -0.0636533 -0.0677395 -0.0707797 -0.0726358 -0.0732763 -0.0726695 -0.0708704 -0.0680123 -0.0642258 -0.0597127 -0.0547023 -0.0493603 -0.0438992 -0.0385535 -0.0334702 -0.0287767 -0.0245478 -0.0207806 -0.017508 -0.0147367 -0.0124257 -0.0105559 -0.00905488 -0.00784721 -0.00689831 -0.00614243 -0.00555262 -0.0051095 -0.00476564 -0.0045153 -0.00432548 -0.00417168 -0.00405551 -0.00394732 -0.00385564 -0.00377405 -0.00369274 -0.00362743 -0.00355981 -0.00350209 -0.00344959 -0.00339525 -0.00335157 -0.00330117 -0.00325814 -0.00321327 -0.00316761 -0.003128 -0.00308236 -0.00304614 -0.00300532 -0.00297095 -0.00293791 -0.0029053 -0.00287971 -0.00284991 -0.00282918 -0.00280335 -0.00278451 -0.00276308 -0.00274416 -0.00272665 -0.00270707 -0.00269242 -0.00267266 -0.0026597 -0.00264074 -0.00262857 -0.00261132 -0.00259944 -0.00258455 -0.00257284 -0.00256057 -0.00254917 -0.00253951 -0.00252866 -0.00252141 -0.00251137 -0.00250627 -0.00249726 -0.00249403 -0.00248621 -0.00248463 -0.00247807 -0.00247798 -0.00247272 -0.00247402 -0.00247007 -0.00247271 -0.00247007 -0.00247402 -0.00247272 -0.00247798 -0.00247807 -0.00248463 -0.00248621 -0.00249403 -0.00249726 -0.00250627 -0.00251137 -0.00252141 -0.00252866 -0.00253951 -0.00254917 -0.00256057 -0.00257284 -0.00258455 -0.00259944 -0.00261132 -0.00262857 -0.00264074 -0.0026597 -0.00267266 -0.00269242 -0.00270707 -0.00272665 -0.00274416 -0.00276308 -0.00278451 -0.00280335 -0.00282918 -0.00284991 -0.00287971 -0.0029053 -0.00293791 -0.00297095 -0.00300532 -0.00304614 -0.00308236 -0.003128 -0.00316761 -0.00321327 -0.00325814 -0.00330117 -0.00335156 -0.00339523 -0.00344954 -0.00350194 -0.00355942 -0.00362638 -0.00369009 -0.00376768 -0.00384104 -0.00391548 -0.00398945 -0.0040413 -0.00408075 -0.00407832 -0.00402277 -0.00390516 -0.0036852 -0.00336115 -0.0028968 -0.00224925 -0.00139115 -0.000238908 0.00126197 0.00315387 0.00548955 0.00824896 0.0114257 0.015026 0.0189962 0.0232868 0.0277778 0.0322479 0.0365034 0.0403271 0.0434592 0.0456889 0.0467922 0.0465565 0.0448821 0.0416695 0.0368182 0.0304014 0.0225983 0.0135725 0.00354852 -0.0071747 -0.0182757 -0.0293729 -0.0400734 -0.0500667 -0.0590518 -0.0666851 -0.0726865 -0.0768745 
0 -0.00529988 -0.0107447 -0.016366 -0.0221951 -0.028297 -0.0346407 -0.0411332 -0.047715 -0.0542459 -0.0604703 -0.0661947 -0.0712769 -0.0754984 -0.0786609 -0.0806492 -0.0813636 -0.0807995 -0.0790453 -0.0761423 -0.0721956 -0.0674498 -0.062112 -0.0563784 -0.0504968 -0.0446467 -0.039004 -0.0337526 -0.0289493 -0.0246351 -0.0208588 -0.0175953 -0.0148546 -0.0126191 -0.010801 -0.00935882 -0.00821547 -0.00729657 -0.00658744 -0.00602713 -0.0055946 -0.00527613 -0.00502081 -0.00483395 -0.00468408 -0.00455425 -0.0044549 -0.00435404 -0.00427 -0.00419114 -0.00411041 -0.00404551 -0.003972 -0.00391124 -0.00385057 -0.00378991 -0.00374089 -0.00368346 -0.00363981 -0.00359052 -0.00354697 -0.00350721 -0.003463 -0.00342993 -0.00338783 -0.00335708 -0.00332029 -0.00328895 -0.00325886 -0.00322662 -0.0032024 -0.00317087 -0.00315044 -0.0031218 -0.00310303 -0.00307887 -0.00306039 -0.00304122 -0.00302259 -0.00300803 -0.00298951 -0.00297861 -0.00296083 -0.00295254 -0.00293614 -0.00292956 -0.00291504 -0.00290953 -0.0028972 -0.00289241 -0.00288235 -0.00287817 -0.00287034 -0.00286679 -0.00286106 -0.00285828 -0.00285446 -0.00285261 -0.00285051 -0.00284978 -0.00284919 -0.00284978 -0.00285051 -0.00285261 -0.00285446 -0.00285828 -0.00286106 -0.00286679 -0.00287034 -0.00287817 -0.00288235 -0.00289241 -0.0028972 -0.00290953 -0.00291504 -0.00292956 -0.00293614 -0.00295254 -0.00296083 -0.00297861 -0.00298951 -0.00300803 -0.00302259 -0.00304122 -0.00306039 -0.00307887 -0.00310303 -0.0031218 -0.00315044 -0.00317087 -0.0032024 -0.00322662 -0.00325886 -0.00328895 -0.00332029 -0.00335708 -0.00338783 -0.00342993 -0.003463 -0.00350721 -0.00354697 -0.00359052 -0.00363981 -0.00368346 -0.00374088 -0.0037899 -0.00385056 -0.0039112 -0.0039719 -0.00404522 -0.00410963 -0.00418915 -0.00426514 -0.00434277 -0.00442995 -0.00450167 -0.00457864 -0.0046328 -0.00465568 -0.00464517 -0.00455519 -0.00439072 -0.00411588 -0.00369664 -0.00312665 -0.00233147 -0.00126882 0.0001211 0.00193053 0.00417099 0.00687181 0.0100434 0.0136366 0.0176574 0.0220533 0.026689 0.0314407 0.0360984 0.040427 0.0442372 0.0472472 0.0491732 0.0498514 0.0491241 0.0468686 0.0430385 0.0375701 0.0305006 0.0220558 0.0124555 0.00190205 -0.00927302 -0.0207173 -0.0321435 -0.0431859 -0.0534154 -0.0625155 -0.0702577 -0.0763862 -0.08067 
0 -0.00649667 -0.0130511 -0.0196851 -0.0264289 -0.0333096 -0.0402963 -0.0473132 -0.0542459 -0.0609492 -0.0673076 -0.0731888 -0.078361 -0.0826223 -0.0858642 -0.0879342 -0.0887169 -0.0882631 -0.0866056 -0.0837363 -0.0797866 -0.0749367 -0.0693746 -0.0633818 -0.0571722 -0.0508986 -0.0447947 -0.039018 -0.0336545 -0.0288166 -0.0245122 -0.0207444 -0.0175608 -0.0149073 -0.0127488 -0.0110399 -0.00966177 -0.00857561 -0.00771827 -0.00702439 -0.00649952 -0.00608375 -0.00576351 -0.00553117 -0.0053341 -0.00519086 -0.00506679 -0.00495302 -0.00486395 -0.00476336 -0.00468117 -0.00459668 -0.00451158 -0.00444248 -0.0043614 -0.00430009 -0.00423323 -0.0041733 -0.00412282 -0.00406428 -0.0040236 -0.00397067 -0.00393118 -0.00388718 -0.00384438 -0.0038089 -0.00376385 -0.00373352 -0.00369042 -0.0036614 -0.00362427 -0.00359434 -0.00356501 -0.00353405 -0.00351199 -0.0034814 -0.00346458 -0.00343625 -0.00342233 -0.00339779 -0.00338487 -0.00336494 -0.00335192 -0.0033367 -0.00332321 -0.0033123 -0.00329848 -0.00329124 -0.00327751 -0.00327325 -0.00326007 -0.00325823 -0.00324601 -0.00324615 -0.00323518 -0.00323705 -0.00322751 -0.00323095 -0.00322293 -0.0032279 -0.00322141 -0.0032279 -0.00322293 -0.00323095 -0.00322751 -0.00323705 -0.00323518 -0.00324615 -0.00324601 -0.00325823 -0.00326007 -0.00327325 -0.00327751 -0.00329124 -0.00329848 -0.0033123 -0.00332321 -0.0033367 -0.00335192 -0.00336494 -0.00338487 -0.00339779 -0.00342233 -0.00343625 -0.00346458 -0.0034814 -0.00351199 -0.00353405 -0.00356501 -0.00359434 -0.00362427 -0.0036614 -0.00369042 -0.00373352 -0.00376385 -0.0038089 -0.00384438 -0.00388718 -0.00393118 -0.00397067 -0.0040236 -0.00406428 -0.00412282 -0.0041733 -0.00423323 -0.00430008 -0.00436138 -0.00444241 -0.00451137 -0.00459611 -0.0046797 -0.00475972 -0.00485535 -0.00493371 -0.00502544 -0.00510661 -0.0051707 -0.00522958 -0.00523357 -0.0051963 -0.00508022 -0.00484939 -0.00450946 -0.00399074 -0.0032754 -0.00231599 -0.00101466 0.00065442 0.00276866 0.00536854 0.00842326 0.0119685 0.0159731 0.0203697 0.025111 0.0300122 0.0348753 0.0395492 0.0437893 0.047365 0.0500527 0.0515514 0.0516806 0.050365 0.0474714 0.0429528 0.0368868 0.0293433 0.0204692 0.0105193 -0.000258138 -0.0115691 -0.0230541 -0.0344098 -0.0453322 -0.055432 -0.0643789 -0.0719616 -0.0779597 -0.0821563 
0 -0.0076828 -0.0153397 -0.0229871 -0.0306346 -0.038258 -0.0458303 -0.0532811 -0.0604703 -0.0673076 -0.0737591 -0.0796696 -0.0848111 -0.0890682 -0.0923416 -0.0944744 -0.0954035 -0.0951127 -0.093555 -0.0907961 -0.0869522 -0.0821094 -0.0764989 -0.0703905 -0.063936 -0.0573481 -0.0508423 -0.0445497 -0.0386665 -0.0333071 -0.0284738 -0.0242375 -0.0205892 -0.0174916 -0.0149649 -0.0129111 -0.0112603 -0.00996986 -0.00892388 -0.00810768 -0.00747483 -0.00696323 -0.00658967 -0.00628625 -0.00604708 -0.00586794 -0.00569736 -0.00557071 -0.00544842 -0.00533608 -0.00524792 -0.00514566 -0.00507026 -0.00498585 -0.00490751 -0.00484099 -0.00475954 -0.00470117 -0.00462639 -0.00456645 -0.00450616 -0.00444278 -0.00439656 -0.00433523 -0.00429663 -0.00424436 -0.00420662 -0.00416685 -0.00412684 -0.00409804 -0.00405674 -0.00403429 -0.00399486 -0.00397383 -0.00393938 -0.00391647 -0.00388872 -0.00386292 -0.00384193 -0.003814 -0.00379868 -0.0037703 -0.00375906 -0.00373204 -0.00372337 -0.00369913 -0.0036919 -0.0036713 -0.00366482 -0.0036482 -0.00364218 -0.00362948 -0.00362392 -0.00361484 -0.00360993 -0.00360406 -0.00360006 -0.00359696 -0.00359419 -0.00359344 -0.00359224 -0.00359344 -0.00359419 -0.00359696 -0.00360006 -0.00360406 -0.00360993 -0.00361484 -0.00362392 -0.00362948 -0.00364218 -0.0036482 -0.00366482 -0.0036713 -0.0036919 -0.00369913 -0.00372337 -0.00373204 -0.00375906 -0.0037703 -0.00379868 -0.003814 -0.00384193 -0.00386292 -0.00388872 -0.00391647 -0.00393938 -0.00397383 -0.00399486 -0.00403429 -0.00405674 -0.00409804 -0.00412684 -0.00416685 -0.00420662 -0.00424436 -0.00429663 -0.00433523 -0.00439656 -0.00444278 -0.00450616 -0.00456645 -0.00462639 -0.00470116 -0.00475953 -0.00484097 -0.00490746 -0.00498571 -0.00506985 -0.00514458 -0.00524521 -0.00532961 -0.00543366 -0.0055386 -0.00563086 -0.00573679 -0.00580088 -0.00584621 -0.0058402 -0.00574489 -0.00557911 -0.0052725 -0.00482575 -0.00420812 -0.00333169 -0.00218128 -0.000651022 0.00132834 0.00375937 0.0067103 0.0101491 0.014046 0.0184169 0.0231373 0.028083 0.0331108 0.0379687 0.0424917 0.0464967 0.0496826 0.0518324 0.0527517 0.052234 0.0502152 0.0466551 0.0415079 0.0349031 0.0270126 0.0179284 0.00785785 -0.00286823 -0.0139638 -0.0251496 -0.0360987 -0.0465066 -0.0561032 -0.0646231 -0.0718147 -0.0774518 -0.0813706 
0 -0.00877491 -0.0174769 -0.0261061 -0.0346283 -0.0429454 -0.051003 -0.0587751 -0.0661947 -0.0731888 -0.0796696 -0.0855043 -0.0905835 -0.0948151 -0.0980796 -0.100307 -0.101429 -0.101306 -0.0999147 -0.0973651 -0.0936944 -0.0889964 -0.0834952 -0.0773509 -0.0707585 -0.0639672 -0.0571115 -0.0503896 -0.0440388 -0.03814 -0.0327981 -0.0280761 -0.0239235 -0.0203875 -0.0174449 -0.0150101 -0.0130764 -0.0115239 -0.0102766 -0.00931345 -0.00852662 -0.0079214 -0.00745737 -0.00707434 -0.00680112 -0.00656424 -0.00637366 -0.00622534 -0.00607127 -0.00595965 -0.00583887 -0.0057316 -0.0056419 -0.00553528 -0.00546069 -0.00536706 -0.00529075 -0.00521809 -0.00513624 -0.00507963 -0.00500064 -0.00494839 -0.00488247 -0.00482624 -0.00477685 -0.00471646 -0.00467928 -0.0046205 -0.00458777 -0.0045372 -0.00450267 -0.00446385 -0.00442529 -0.00439771 -0.00435658 -0.00433697 -0.0042966 -0.00428086 -0.00424461 -0.00422935 -0.00419948 -0.00418273 -0.00416012 -0.00414128 -0.00412565 -0.00410512 -0.00409552 -0.00407419 -0.00406944 -0.0040483 -0.00404732 -0.00402719 -0.00402914 -0.00401063 -0.00401494 -0.00399841 -0.00400477 -0.00399034 -0.00399865 -0.00398634 -0.00399661 -0.00398634 -0.00399865 -0.00399034 -0.00400477 -0.00399841 -0.00401494 -0.00401063 -0.00402914 -0.00402719 -0.00404732 -0.0040483 -0.00406944 -0.00407419 -0.00409552 -0.00410512 -0.00412565 -0.00414128 -0.00416012 -0.00418273 -0.00419948 -0.00422935 -0.00424461 -0.00428086 -0.0042966 -0.00433697 -0.00435658 -0.00439771 -0.00442529 -0.00446385 -0.00450267 -0.0045372 -0.00458777 -0.0046205 -0.00467928 -0.00471646 -0.00477685 -0.00482624 -0.00488247 -0.00494839 -0.00500064 -0.00507963 -0.00513624 -0.00521808 -0.00529074 -0.00536702 -0.00546058 -0.00553499 -0.00564112 -0.00572962 -0.00583406 -0.00594851 -0.00604666 -0.00617351 -0.0062697 -0.00636567 -0.00643997 -0.0064485 -0.00642267 -0.00628548 -0.00604415 -0.00567977 -0.00511512 -0.00436378 -0.00332378 -0.00192429 -0.000136455 0.00215416 0.00493329 0.00820092 0.0119958 0.0162315 0.0208781 0.0258447 0.0308996 0.0358953 0.0406368 0.0448732 0.0484411 0.0510862 0.0525462 0.0527245 0.0514959 0.0487381 0.0444871 0.0388081 0.031797 0.023651 0.0145375 0.00463091 -0.005765 -0.0163476 -0.0268841 -0.0371002 -0.0467148 -0.0555195 -0.0633049 -0.0698327 -0.0749219 -0.0784628 
0 -0.00973588 -0.0193848 -0.0288943 -0.038171 -0.0470862 -0.0555797 -0.0636533 -0.0712769 -0.078361 -0.0848111 -0.0905835 -0.0956307 -0.0998367 -0.103119 -0.105456 -0.106731 -0.106815 -0.105719 -0.103459 -0.100056 -0.0956428 -0.090324 -0.0842282 -0.077626 -0.0706991 -0.0635932 -0.0565641 -0.0497705 -0.0433619 -0.0375226 -0.0322588 -0.0276048 -0.0236126 -0.020205 -0.0173944 -0.0151265 -0.0132712 -0.0118144 -0.0106408 -0.00969116 -0.00896978 -0.00837542 -0.00792967 -0.00758995 -0.00730044 -0.00709859 -0.00690375 -0.00674492 -0.00661004 -0.00646055 -0.00635266 -0.00622298 -0.00611689 -0.00601925 -0.00591066 -0.00583761 -0.00573867 -0.00567147 -0.00559381 -0.00552006 -0.00546331 -0.00538439 -0.00533787 -0.00526366 -0.00521552 -0.00515494 -0.00509961 -0.00505503 -0.00499462 -0.00496206 -0.00490311 -0.00487583 -0.004825 -0.00479721 -0.00475832 -0.00472707 -0.00470052 -0.00466579 -0.0046494 -0.00461305 -0.00460351 -0.00456803 -0.00456213 -0.00452974 -0.00452503 -0.00449727 -0.00449229 -0.00446987 -0.00446404 -0.00444706 -0.00444041 -0.00442854 -0.00442149 -0.00441418 -0.0044073 -0.00440393 -0.00439786 -0.00439777 -0.00439315 -0.00439572 -0.00439315 -0.00439777 -0.00439786 -0.00440393 -0.0044073 -0.00441418 -0.00442149 -0.00442854 -0.00444041 -0.00444706 -0.00446404 -0.00446987 -0.00449229 -0.00449727 -0.00452503 -0.00452974 -0.00456213 -0.00456803 -0.00460351 -0.00461305 -0.0046494 -0.00466579 -0.00470052 -0.00472707 -0.00475832 -0.00479721 -0.004825 -0.00487583 -0.00490311 -0.00496206 -0.00499462 -0.00505503 -0.00509961 -0.00515494 -0.00521552 -0.00526366 -0.00533787 -0.00538439 -0.00546331 -0.00552006 -0.00559381 -0.00567147 -0.00573866 -0.00583759 -0.00591059 -0.00601905 -0.00611634 -0.00622155 -0.00634914 -0.00645225 -0.0065914 -0.00670503 -0.00682236 -0.00694041 -0.00700759 -0.0070734 -0.00706066 -0.00697835 -0.00681682 -0.00649664 -0.00605131 -0.00538997 -0.00445822 -0.00323008 -0.00156627 0.000540078 0.00312832 0.00625258 0.00983803 0.0139135 0.0184477 0.0232959 0.0283715 0.0334555 0.0383026 0.0427725 0.0466076 0.0495575 0.0514724 0.0521552 0.0515001 0.0494915 0.0460369 0.0411471 0.0349953 0.0277188 0.0194689 0.0104921 0.00102396 -0.00873029 -0.018546 -0.0281813 -0.0373862 -0.0459511 -0.0537215 -0.0605167 -0.0661546 -0.0705494 -0.0736389 
0 -0.0105486 -0.0209936 -0.0311983 -0.0410419 -0.0504558 -0.0593781 -0.0677395 -0.0754984 -0.0826223 -0.0890682 -0.0948151 -0.0998367 -0.104068 -0.107445 -0.109895 -0.11133 -0.111704 -0.110961 -0.109049 -0.106039 -0.102002 -0.0969552 -0.0910653 -0.084542 -0.0775357 -0.0702902 -0.0630042 -0.0558188 -0.0489879 -0.0426486 -0.0368543 -0.0317178 -0.0272065 -0.0233153 -0.0200833 -0.0173971 -0.0152302 -0.0135125 -0.0121054 -0.0110118 -0.0101309 -0.00941897 -0.0088899 -0.00844134 -0.00810823 -0.00784227 -0.00760266 -0.00743399 -0.00725355 -0.00711258 -0.00698265 -0.00684233 -0.00674299 -0.00661264 -0.00651684 -0.00641231 -0.00630712 -0.00622891 -0.00612205 -0.00605621 -0.00596396 -0.0058959 -0.00582771 -0.00575282 -0.00570557 -0.00562948 -0.00559192 -0.00552407 -0.00548489 -0.00543188 -0.00538529 -0.00534797 -0.00529461 -0.00526913 -0.00521375 -0.00519425 -0.00514261 -0.00512382 -0.00508037 -0.00505898 -0.00502596 -0.00500084 -0.00497838 -0.00495001 -0.0049369 -0.00490665 -0.00490103 -0.00487049 -0.00487052 -0.00484107 -0.00484522 -0.00481783 -0.00482506 -0.0048003 -0.00480997 -0.00478806 -0.00479994 -0.00478083 -0.00479493 -0.00477844 -0.00479493 -0.00478083 -0.00479994 -0.00478806 -0.00480997 -0.0048003 -0.00482506 -0.00481783 -0.00484522 -0.00484107 -0.00487052 -0.00487049 -0.00490103 -0.00490665 -0.0049369 -0.00495001 -0.00497838 -0.00500084 -0.00502596 -0.00505898 -0.00508037 -0.00512382 -0.00514261 -0.00519425 -0.00521375 -0.00526913 -0.00529461 -0.00534797 -0.00538529 -0.00543188 -0.00548489 -0.00552407 -0.00559192 -0.00562948 -0.00570557 -0.00575282 -0.00582771 -0.0058959 -0.00596396 -0.00605621 -0.00612205 -0.0062289 -0.0063071 -0.00641226 -0.0065167 -0.00661225 -0.00674197 -0.00683978 -0.00697655 -0.00709866 -0.00722325 -0.00737109 -0.00747823 -0.00760773 -0.00768699 -0.00771988 -0.00770978 -0.00757053 -0.00734786 -0.00696331 -0.00638066 -0.00559667 -0.00447513 -0.00300165 -0.00109741 0.00132526 0.00421519 0.00762648 0.0115388 0.0158721 0.0206253 0.0256277 0.0306789 0.0356323 0.0402237 0.0442494 0.0475284 0.0497779 0.0508483 0.0506837 0.0491837 0.0463378 0.04219 0.0367841 0.0302783 0.0228744 0.0147413 0.00611468 -0.00273678 -0.0116295 -0.02042 -0.0289196 -0.0369125 -0.0442271 -0.0507531 -0.0563861 -0.0610259 -0.0646263 -0.0671458 
0 -0.01116 -0.0221824 -0.0328799 -0.0431454 -0.0529537 -0.0622065 -0.0707797 -0.0786609 -0.0858642 -0.0923416 -0.0980796 -0.103119 -0.107445 -0.110961 -0.113579 -0.115266 -0.11598 -0.115621 -0.114159 -0.111629 -0.108022 -0.103381 -0.0978211 -0.0914504 -0.0844878 -0.0771848 -0.0696876 -0.0622207 -0.055012 -0.0481801 -0.0419009 -0.0362455 -0.0311944 -0.0268264 -0.0231008 -0.0199771 -0.0174612 -0.0154067 -0.0137661 -0.0124737 -0.0114056 -0.0105847 -0.00991974 -0.0093827 -0.00898787 -0.00863723 -0.00837941 -0.00815751 -0.007952 -0.00780287 -0.00762967 -0.00750077 -0.0073661 -0.00723135 -0.00712956 -0.00699527 -0.00690541 -0.00679093 -0.00669525 -0.00661006 -0.00650715 -0.00644385 -0.00634553 -0.00628836 -0.00620771 -0.00614469 -0.00608671 -0.00601567 -0.00597582 -0.00590274 -0.00587136 -0.00580492 -0.00577283 -0.00571955 -0.00568152 -0.00564364 -0.005599 -0.00557487 -0.00552619 -0.00551194 -0.00546313 -0.00545443 -0.00540921 -0.0054025 -0.00536348 -0.00535644 -0.00532499 -0.00531656 -0.00529297 -0.00528299 -0.00526683 -0.00525575 -0.0052462 -0.00523477 -0.00523084 -0.00521991 -0.00522066 -0.00521105 -0.00521557 -0.00520811 -0.00521557 -0.00521105 -0.00522066 -0.00521991 -0.00523084 -0.00523477 -0.0052462 -0.00525575 -0.00526683 -0.00528299 -0.00529297 -0.00531656 -0.00532499 -0.00535644 -0.00536348 -0.0054025 -0.00540921 -0.00545443 -0.00546313 -0.00551194 -0.00552619 -0.00557487 -0.005599 -0.00564364 -0.00568152 -0.00571955 -0.00577283 -0.00580492 -0.00587136 -0.00590274 -0.00597582 -0.00601567 -0.00608671 -0.00614469 -0.00620771 -0.00628836 -0.00634553 -0.00644385 -0.00650715 -0.00661006 -0.00669525 -0.00679092 -0.00690538 -0.00699517 -0.00712929 -0.00723063 -0.00736428 -0.00749634 -0.00761941 -0.00778015 -0.00790402 -0.00806088 -0.00819395 -0.00829795 -0.00839604 -0.00839713 -0.00834957 -0.00818347 -0.00786472 -0.00741014 -0.00670155 -0.0057394 -0.00444048 -0.0026966 -0.000521459 0.00217515 0.00538414 0.00905771 0.0132379 0.017819 0.0226916 0.0277325 0.0326739 0.0373331 0.0415323 0.0450042 0.0475649 0.049034 0.0492473 0.0481883 0.0458463 0.0422067 0.037392 0.0315753 0.0249028 0.0175511 0.00973931 0.00169852 -0.00636751 -0.0142851 -0.0218788 -0.0290101 -0.0355992 -0.0415455 -0.0467328 -0.0511193 -0.0547029 -0.0574417 -0.0592979 
0 -0.011502 -0.0228504 -0.0338683 -0.0444381 -0.0544876 -0.0639124 -0.0726358 -0.0806492 -0.0879342 -0.0944744 -0.100307 -0.105456 -0.109895 -0.113579 -0.116457 -0.118475 -0.119583 -0.119716 -0.118806 -0.116799 -0.113696 -0.109545 -0.104379 -0.0983009 -0.0915284 -0.0842473 -0.0766554 -0.0689903 -0.0614172 -0.0541469 -0.0473818 -0.041178 -0.0356227 -0.0307485 -0.0265091 -0.0229485 -0.0199981 -0.0175741 -0.0156513 -0.014083 -0.0128328 -0.0118524 -0.011042 -0.0104324 -0.00993381 -0.00953097 -0.00922884 -0.00894141 -0.0087264 -0.00851952 -0.00832866 -0.0081789 -0.00800449 -0.00788038 -0.00773836 -0.00761468 -0.00750991 -0.00738274 -0.00730003 -0.00718214 -0.00710017 -0.00700463 -0.00691221 -0.00684092 -0.00674191 -0.00668584 -0.00659269 -0.00653956 -0.00646369 -0.00640536 -0.00635115 -0.00628643 -0.00625085 -0.00618401 -0.00615974 -0.00609706 -0.00607631 -0.00602314 -0.00600022 -0.00595946 -0.00593164 -0.00590367 -0.00587083 -0.00585423 -0.00581784 -0.00581035 -0.00577251 -0.00577178 -0.00573453 -0.00573862 -0.00570354 -0.00571109 -0.00567919 -0.00568944 -0.00566117 -0.00567384 -0.00564928 -0.00566443 -0.00564337 -0.00566128 -0.00564337 -0.00566443 -0.00564928 -0.00567384 -0.00566117 -0.00568944 -0.00567919 -0.00571109 -0.00570354 -0.00573862 -0.00573453 -0.00577178 -0.00577251 -0.00581035 -0.00581784 -0.00585423 -0.00587083 -0.00590367 -0.00593164 -0.00595946 -0.00600022 -0.00602314 -0.00607631 -0.00609706 -0.00615974 -0.00618401 -0.00625085 -0.00628643 -0.00635115 -0.00640536 -0.00646369 -0.00653956 -0.00659269 -0.00668584 -0.00674191 -0.00684092 -0.00691221 -0.00700463 -0.00710017 -0.00718214 -0.00730003 -0.00738271 -0.00750984 -0.0076145 -0.00773786 -0.0078791 -0.00800132 -0.00817144 -0.00831185 -0.00848341 -0.00865234 -0.00879664 -0.00895903 -0.00905145 -0.00912045 -0.00911338 -0.00899143 -0.00878384 -0.0083897 -0.00782153 -0.00701441 -0.00586318 -0.00435693 -0.00237356 0.000109977 0.00307708 0.00657603 0.0105321 0.0149103 0.0196549 0.0245652 0.0294801 0.0341974 0.0384734 0.0421419 0.0449774 0.0467466 0.0473393 0.0466818 0.0447438 0.0415729 0.0372521 0.0319334 0.0258337 0.0191489 0.012048 0.00473515 -0.00255416 -0.00964469 -0.0164212 -0.0227229 -0.0284083 -0.033482 -0.037968 -0.041795 -0.0449333 -0.0474287 -0.049275 -0.0504646 
0 -0.0115728 -0.0229993 -0.0341378 -0.0448404 -0.0549725 -0.0644621 -0.0732763 -0.0813636 -0.0887169 -0.0954035 -0.101429 -0.106731 -0.11133 -0.115266 -0.118475 -0.120889 -0.12249 -0.123199 -0.122892 -0.121494 -0.11899 -0.115386 -0.110716 -0.105067 -0.0985746 -0.0914275 -0.0838571 -0.0760542 -0.0682144 -0.0605813 -0.0533294 -0.0466056 -0.0405264 -0.0350935 -0.0303435 -0.0262885 -0.0228636 -0.0200625 -0.0177873 -0.0159364 -0.0144744 -0.0132784 -0.0123281 -0.0115824 -0.0109642 -0.0105004 -0.0101078 -0.00978797 -0.00953483 -0.00928576 -0.00909651 -0.00889986 -0.00872632 -0.00857548 -0.00840696 -0.00828361 -0.00813351 -0.00801565 -0.00789682 -0.00777487 -0.00768496 -0.0075653 -0.00748964 -0.00738523 -0.00730874 -0.00722768 -0.00714392 -0.00708464 -0.00699702 -0.00695077 -0.00686787 -0.00682448 -0.00675437 -0.00670685 -0.00665358 -0.00659982 -0.00656291 -0.00650486 -0.00648071 -0.00642236 -0.00640623 -0.00635179 -0.00633937 -0.00629202 -0.00628026 -0.00624179 -0.00622904 -0.00619992 -0.00618571 -0.00616551 -0.00615013 -0.00613793 -0.0061221 -0.00611675 -0.00610136 -0.00610175 -0.00608767 -0.00609279 -0.00608088 -0.00608981 -0.00608088 -0.00609279 -0.00608767 -0.00610175 -0.00610136 -0.00611675 -0.0061221 -0.00613793 -0.00615013 -0.00616551 -0.00618571 -0.00619992 -0.00622904 -0.00624179 -0.00628026 -0.00629202 -0.00633937 -0.00635179 -0.00640623 -0.00642236 -0.00648071 -0.00650486 -0.00656291 -0.00659982 -0.00665358 -0.00670685 -0.00675437 -0.00682448 -0.00686787 -0.00695077 -0.00699702 -0.00708464 -0.00714392 -0.00722768 -0.00730874 -0.00738523 -0.00748964 -0.0075653 -0.00768496 -0.00777487 -0.00789681 -0.00801561 -0.00813339 -0.00828327 -0.00840607 -0.00857325 -0.00872097 -0.00888759 -0.00906969 -0.00922976 -0.00942332 -0.00957619 -0.00972424 -0.00983741 -0.0098691 -0.00985026 -0.00969484 -0.00941331 -0.00896606 -0.00826998 -0.00731607 -0.00598495 -0.00422119 -0.00199492 0.000763153 0.004009 0.00773518 0.011924 0.0164644 0.0212588 0.0261232 0.0308235 0.0351823 0.0389897 0.0420261 0.0441025 0.0450407 0.0447453 0.0432133 0.0404697 0.0365798 0.0317047 0.026071 0.0198793 0.0133224 0.00663348 1.42312e-05 -0.00637921 -0.0123788 -0.0178586 -0.0227589 -0.0270247 -0.0306396 -0.0336514 -0.0360988 -0.0380127 -0.0394475 -0.0404385 -0.041024 
0 -0.0114194 -0.0226869 -0.0337001 -0.0443213 -0.0543936 -0.0638516 -0.0726695 -0.0807995 -0.0882631 -0.0951127 -0.101306 -0.106815 -0.111704 -0.11598 -0.119583 -0.12249 -0.124645 -0.125947 -0.126312 -0.125629 -0.123809 -0.120859 -0.116801 -0.111662 -0.105558 -0.098672 -0.0912078 -0.0833769 -0.0753895 -0.0674512 -0.0597747 -0.0525579 -0.0459185 -0.0399284 -0.0346385 -0.03004 -0.0261358 -0.0228956 -0.0202268 -0.0180733 -0.0163301 -0.014912 -0.013786 -0.0128642 -0.0121358 -0.0115598 -0.0110822 -0.0107168 -0.0103947 -0.0101284 -0.00989956 -0.00967442 -0.00949304 -0.00929851 -0.00913269 -0.00897313 -0.00881151 -0.00868253 -0.00853205 -0.00841917 -0.008292 -0.00818198 -0.00808268 -0.00797208 -0.00789423 -0.00778879 -0.00772029 -0.00762844 -0.007559 -0.00748571 -0.00741131 -0.00735583 -0.00727861 -0.00723584 -0.00716133 -0.00712477 -0.00705866 -0.00702295 -0.006969 -0.00693113 -0.00689057 -0.00684988 -0.00682187 -0.00677931 -0.00676182 -0.00671914 -0.00670979 -0.00666877 -0.00666542 -0.00662751 -0.00662856 -0.00659468 -0.00659913 -0.00656972 -0.00657709 -0.00655219 -0.00656241 -0.00654178 -0.00655508 -0.00653833 -0.00655508 -0.00654178 -0.00656241 -0.00655219 -0.00657709 -0.00656972 -0.00659913 -0.00659468 -0.00662856 -0.00662751 -0.00666542 -0.00666877 -0.00670979 -0.00671914 -0.00676182 -0.00677931 -0.00682187 -0.00684988 -0.00689057 -0.00693113 -0.006969 -0.00702295 -0.00705866 -0.00712477 -0.00716133 -0.00723584 -0.00727861 -0.00735583 -0.00741131 -0.00748571 -0.007559 -0.00762844 -0.00772029 -0.00778879 -0.00789423 -0.00797208 -0.00808267 -0.00818198 -0.00829199 -0.00841916 -0.00853202 -0.00868244 -0.00881128 -0.00897252 -0.00913113 -0.00929472 -0.00948422 -0.00965478 -0.0098578 -0.0100436 -0.0102307 -0.010414 -0.0105485 -0.0106616 -0.0106892 -0.0106281 -0.0104549 -0.0101052 -0.00957237 -0.00876829 -0.00762981 -0.00610108 -0.00409292 -0.00159761 0.00139696 0.00488666 0.00881902 0.013155 0.0177928 0.0225593 0.0272606 0.0316778 0.0355975 0.0388236 0.0411533 0.0423978 0.0424569 0.0413174 0.0389896 0.0355395 0.0311067 0.0258707 0.0200753 0.0139663 0.00772992 0.00160268 -0.00417357 -0.0095056 -0.0143246 -0.0184939 -0.0219749 -0.0248287 -0.0270681 -0.0287066 -0.0298433 -0.0305931 -0.0310389 -0.0312596 -0.031325 
