0 0 0 0 0 0 0 0 0 0 0 0 0 0 0 0 0 0 0 0 0 0 0 0 0 0 0 0 0 0 0 0 0 0 0 0 0 0 0 0 0 0 0 0 0 0 0 0 0 0 0 0 0 0 0 0 0 0 0 0 0 0 0 0 0 0 0 0 0 0 0 0 0 0 0 0 0 0 0 0 0 0 0 0 0 0 0 0 0 0 0 0 0 0 0 0 0 0 0 0 0 0 0 0 0 0 0 0 0 0 0 0 0 0 0 0 0 0 0 0 0 0 0 0 0 0 0 0 0 0 0 0 0 0 0 0 0 0 0 0 0 0 0 0 0 0 0 0 0 0 0 0 0 0 0 0 0 0 0 0 0 0 0 0 0 0 0 0 0 0 0 0 0 0 0 0 0 0 0 0 0 0 0 0 0 0 0 0 0 0 0 0 0 0 0 0 0 0 0 0 
0 1.64059e-05 5.60902e-05 8.24358e-05 8.39859e-05 0.000119833 0.000175419 0.000171419 0.00017584 0.000257063 0.000293462 0.000284907 0.000344285 0.000387026 0.000402204 0.000483631 0.000541366 0.000583513 0.000681876 0.000756758 0.00085311 0.000984902 0.00110798 0.00131687 0.00153113 0.00174763 0.00208892 0.00241689 0.00277081 0.00321088 0.00363141 0.00410103 0.00451857 0.0048718 0.00521808 0.00536156 0.00535948 0.00517161 0.00473698 0.00412788 0.00320497 0.00211001 0.000874465 -0.000504943 -0.00187963 -0.00330724 -0.00457805 -0.00567663 -0.00657671 -0.00718848 -0.00761444 -0.00770517 -0.00758001 -0.00721782 -0.00668329 -0.00609198 -0.00537787 -0.00470079 -0.00396001 -0.00329491 -0.00267473 -0.00213134 -0.0017123 -0.00132365 -0.00107045 -0.000806417 -0.000651585 -0.000487002 -0.000388635 -0.000308619 -0.000243073 -0.000225601 -0.000176501 -0.000194253 -0.000153272 -0.00018324 -0.000149664 -0.00017707 -0.000153554 -0.000170807 -0.000159546 -0.000164046 -0.00016529 -0.000157543 -0.000169794 -0.000151968 -0.000172771 -0.000147628 -0.000174342 -0.000144524 -0.00017483 -0.000142475 -0.00017462 -0.00014123 -0.000174072 -0.000140537 -0.000173477 -0.000140194 -0.00017304 -0.000140057 -0.000172881 -0.000140057 -0.00017304 -0.000140194 -0.000173477 -0.000140537 -0.000174072 -0.00014123 -0.00017462 -0.000142475 -0.00017483 -0.000144524 -0.000174342 -0.000147628 -0.000172771 -0.000151967 -0.000169791 -0.000157535 -0.000165269 -0.000163988 -0.000159397 -0.000170437 -0.000152669 -0.000175039 -0.000145197 -0.000173829 -0.000134303 -0.000157702 -0.000109216 -0.000107333 -4.45956e-05 9.56207e-06 9.93411e-05 0.000230929 0.000366096 0.000591776 0.000804509 0.001147 0.00150152 0.00199966 0.00255848 0.00320863 0.00393512 0.00464266 0.00540698 0.00607214 0.00673728 0.00724647 0.00759228 0.00771674 0.0075256 0.00713203 0.00641483 0.00549923 0.00432414 0.00295239 0.00153604 4.94533e-05 -0.00132128 -0.00263948 -0.00379313 -0.00468369 -0.00538898 -0.00580639 -0.00606219 -0.00610322 -0.00591718 -0.00567398 -0.00529746 -0.00488215 -0.00443602 -0.00394581 -0.00355814 -0.00315058 -0.00276265 -0.00248623 -0.00220579 -0.00198428 -0.00180061 -0.00162009 -0.00151791 -0.00139087 -0.00127384 -0.00123838 -0.00115674 -0.00109173 -0.00109047 -0.00102677 -0.000968858 -0.000975779 -0.00094815 -0.000900159 -0.000887115 -0.000888242 -0.000885262 -0.000863876 -0.000834646 -0.000831527 -0.000839316 -0.000830171 
0 5.60902e-05 8.70431e-05 0.000143708 0.000213493 0.000244247 0.000290081 0.000373282 0.000424632 0.000467844 0.00053779 0.000600906 0.000687927 0.00078668 0.000848669 0.000948737 0.00108258 0.00118474 0.00133228 0.00153463 0.00173574 0.00198028 0.00228729 0.00265079 0.00307039 0.00355664 0.00416319 0.00485244 0.00558908 0.00642231 0.0073149 0.00819722 0.00901889 0.00974394 0.0103271 0.0106371 0.0105981 0.0101898 0.00936549 0.00808239 0.00631247 0.00413856 0.00166906 -0.00101301 -0.00379925 -0.00656045 -0.00910338 -0.0112918 -0.013046 -0.0143217 -0.0150973 -0.0153308 -0.0150594 -0.0143504 -0.0133286 -0.0121037 -0.0107501 -0.00934376 -0.00792663 -0.00658413 -0.00535884 -0.00430423 -0.00342502 -0.00270799 -0.0021366 -0.00167039 -0.00130844 -0.00101404 -0.000798528 -0.000631534 -0.000519242 -0.000440128 -0.000389275 -0.000359862 -0.000337422 -0.000330759 -0.00031851 -0.000320477 -0.000311491 -0.000315997 -0.000308707 -0.000313261 -0.000307736 -0.000311257 -0.000307724 -0.000309761 -0.000308234 -0.000308684 -0.000308974 -0.00030795 -0.000309749 -0.000307478 -0.000310443 -0.000307193 -0.000310998 -0.000307032 -0.000311393 -0.00030695 -0.000311628 -0.000306917 -0.000311705 -0.000306917 -0.000311628 -0.00030695 -0.000311393 -0.000307032 -0.000310998 -0.000307193 -0.000310443 -0.000307478 -0.000309749 -0.00030795 -0.000308974 -0.000308684 -0.000308233 -0.000309759 -0.000307718 -0.000311239 -0.000307685 -0.000313127 -0.000308365 -0.000315157 -0.000309507 -0.000315981 -0.000308736 -0.000310402 -0.000296833 -0.000282445 -0.000248116 -0.000194165 -0.000109672 2.06694e-05 0.00019628 0.000443575 0.000752121 0.00115623 0.00165094 0.00227989 0.00305672 0.00401308 0.00515363 0.00644891 0.00786322 0.00931639 0.0107687 0.0121463 0.0133962 0.0144131 0.0150739 0.015276 0.0149463 0.0140981 0.0127331 0.0108803 0.00857184 0.0059102 0.00306981 0.000199331 -0.00256931 -0.00515246 -0.00741967 -0.00925152 -0.0106135 -0.0115201 -0.0120149 -0.0120903 -0.0118015 -0.0112671 -0.0105637 -0.00974421 -0.00884057 -0.00794857 -0.00712639 -0.00633739 -0.00561513 -0.00499228 -0.0044606 -0.00399967 -0.00359074 -0.00327996 -0.00303185 -0.0027878 -0.00261238 -0.00247991 -0.0023316 -0.00221645 -0.00212894 -0.00205123 -0.00199305 -0.00192595 -0.00187362 -0.00184982 -0.00180826 -0.00176201 -0.00172986 -0.00170698 -0.00170677 -0.00169729 -0.00166953 -0.00166412 
0 8.24358e-05 0.000143708 0.000215754 0.000307803 0.00037897 0.000443403 0.000544715 0.000641154 0.000711356 0.000814018 0.000931167 0.00102951 0.00115793 0.00129985 0.00143819 0.00162533 0.00182344 0.00203512 0.00232694 0.00264237 0.00300768 0.0034899 0.00402765 0.004671 0.0054502 0.00632374 0.00735092 0.00847386 0.00967807 0.0109919 0.0122609 0.0134634 0.0145305 0.0153059 0.0157393 0.015647 0.0149914 0.0137412 0.0117706 0.00917062 0.00595882 0.00229847 -0.00163703 -0.00575855 -0.00976502 -0.0135034 -0.0167288 -0.0193096 -0.0212249 -0.0223389 -0.0227253 -0.0223395 -0.0213383 -0.019874 -0.0180576 -0.0160922 -0.0139815 -0.011916 -0.00991162 -0.0080993 -0.00652841 -0.00518608 -0.00412522 -0.00322399 -0.00254789 -0.00196819 -0.0015465 -0.00120448 -0.000957506 -0.000790963 -0.000657392 -0.000601496 -0.000529872 -0.000527976 -0.000485831 -0.00050134 -0.000474748 -0.00048937 -0.000474485 -0.000481074 -0.00047697 -0.000473956 -0.000479525 -0.000467889 -0.000481316 -0.000463048 -0.000482182 -0.000459449 -0.000482257 -0.000456947 -0.000481789 -0.000455315 -0.000481051 -0.000454319 -0.000480284 -0.000453757 -0.000479671 -0.00045348 -0.000479334 -0.000453398 -0.000479334 -0.00045348 -0.000479671 -0.000453757 -0.000480284 -0.000454319 -0.000481051 -0.000455315 -0.000481789 -0.000456947 -0.000482257 -0.000459449 -0.000482182 -0.000463046 -0.000481311 -0.000467876 -0.00047949 -0.00047386 -0.000476718 -0.000480442 -0.000472958 -0.000485831 -0.000466867 -0.000484504 -0.000451353 -0.000460337 -0.000402839 -0.000373204 -0.000264895 -0.000145194 6.021e-05 0.000334734 0.00069441 0.00118604 0.00176816 0.00255144 0.00347199 0.00466907 0.00608203 0.00778111 0.00970143 0.0117686 0.0139432 0.0160581 0.0181193 0.019921 0.0213982 0.0223423 0.0226034 0.0221416 0.0208538 0.018853 0.01609 0.0126956 0.008818 0.00462838 0.000431306 -0.00367859 -0.00746313 -0.0107841 -0.0135254 -0.0155504 -0.0169563 -0.0177029 -0.017857 -0.0175294 -0.0167713 -0.0157825 -0.0145928 -0.0132849 -0.012006 -0.0107411 -0.00957685 -0.00852383 -0.00756492 -0.00677462 -0.00607638 -0.00547055 -0.0050018 -0.00458185 -0.00423323 -0.00396506 -0.00371519 -0.00352256 -0.00336532 -0.00320648 -0.00309841 -0.00300684 -0.00289827 -0.00282515 -0.00277083 -0.00270678 -0.00265811 -0.00261675 -0.00258076 -0.0025619 -0.00253198 -0.00250142 -0.00250523 
0 8.39859e-05 0.000213493 0.000307803 0.000376566 0.000510558 0.000638409 0.000708636 0.000829441 0.000983688 0.00110436 0.00124911 0.00139566 0.00153962 0.00175496 0.00196627 0.00217444 0.00247729 0.00279579 0.00313984 0.00359765 0.00411982 0.00473881 0.00549213 0.00636771 0.00741436 0.00859695 0.0099247 0.0114296 0.0130179 0.0146657 0.0163149 0.017845 0.0191637 0.020104 0.0205514 0.020382 0.0194515 0.0177096 0.0151023 0.0116687 0.00750003 0.00273081 -0.00241468 -0.00772218 -0.0129126 -0.0177255 -0.0219245 -0.0253147 -0.0277953 -0.0292829 -0.0297862 -0.0293506 -0.0281083 -0.0262386 -0.023918 -0.0213315 -0.0186054 -0.015888 -0.0132826 -0.0109026 -0.00881291 -0.00704007 -0.00558339 -0.00439424 -0.00344968 -0.00268934 -0.00210338 -0.00164684 -0.00131376 -0.00107253 -0.000907644 -0.000801936 -0.000730912 -0.000695088 -0.000665986 -0.000659026 -0.000645106 -0.000647332 -0.000638488 -0.00064222 -0.000635784 -0.000638427 -0.000634044 -0.000634855 -0.000632548 -0.000631468 -0.000631146 -0.000628401 -0.000629834 -0.000625765 -0.000628645 -0.000623614 -0.000627625 -0.000621961 -0.000626816 -0.000620799 -0.000626257 -0.000620112 -0.000625971 -0.000619884 -0.000625971 -0.000620112 -0.000626257 -0.000620799 -0.000626816 -0.000621961 -0.000627624 -0.000623614 -0.000628645 -0.000625765 -0.000629834 -0.000628401 -0.000631145 -0.000631465 -0.000632539 -0.000634831 -0.000633978 -0.000638253 -0.000635339 -0.000641127 -0.000635907 -0.000641474 -0.000632335 -0.000632304 -0.000612361 -0.000591943 -0.000540836 -0.000466436 -0.000340378 -0.000153184 0.00011627 0.000492865 0.000986472 0.00163565 0.00244836 0.00348202 0.00475845 0.00634028 0.00824192 0.0104706 0.0129825 0.0156928 0.0185085 0.0212957 0.0239418 0.0262728 0.0281214 0.0292839 0.0295962 0.0289509 0.0272887 0.0246363 0.0210387 0.0166428 0.0116326 0.00625644 0.000785256 -0.0045384 -0.00945217 -0.0137786 -0.0173564 -0.0201012 -0.0219934 -0.023036 -0.0233434 -0.0230035 -0.0221401 -0.0208968 -0.0193849 -0.0177655 -0.016095 -0.0144448 -0.0129215 -0.0115193 -0.0102729 -0.0091813 -0.00823311 -0.00745967 -0.00677573 -0.0061923 -0.00575066 -0.00534456 -0.00500068 -0.00475203 -0.0045207 -0.00432966 -0.00416509 -0.00400342 -0.00390423 -0.00380753 -0.00368263 -0.00361503 -0.00357263 -0.00351303 -0.00346363 -0.00341057 -0.00337403 -0.00336616 -0.00334574 
0 0.000119833 0.000244247 0.00037897 0.000510558 0.000638129 0.000773385 0.000919118 0.00107496 0.00122304 0.00137666 0.00157297 0.00177632 0.00198005 0.00223296 0.00249551 0.00277604 0.00315059 0.00356835 0.00402822 0.00462148 0.00531742 0.00610688 0.00705726 0.00818161 0.00948756 0.0109628 0.0126161 0.0144698 0.016416 0.0183801 0.0203348 0.0221298 0.0236098 0.0246196 0.0250154 0.0246837 0.023436 0.0211877 0.0179499 0.013742 0.00868182 0.00290388 -0.00333453 -0.00971178 -0.0159547 -0.0217401 -0.0268249 -0.030962 -0.0339753 -0.0358162 -0.0364557 -0.0360092 -0.034586 -0.0323806 -0.0296128 -0.0264669 -0.0231731 -0.0198555 -0.0166933 -0.0137746 -0.0111893 -0.00898376 -0.00713235 -0.00564138 -0.00442158 -0.00347235 -0.00271214 -0.00213895 -0.00170535 -0.00138923 -0.00117693 -0.00102124 -0.000938007 -0.00086701 -0.000844331 -0.000811388 -0.000809992 -0.000793544 -0.000795841 -0.000788202 -0.000788002 -0.000786682 -0.00078257 -0.000786294 -0.000778599 -0.000786181 -0.00077578 -0.000786048 -0.00077388 -0.000785811 -0.000772671 -0.000785484 -0.000771945 -0.000785127 -0.000771537 -0.00078481 -0.000771328 -0.000784594 -0.000771241 -0.000784517 -0.000771241 -0.000784594 -0.000771328 -0.00078481 -0.000771537 -0.000785127 -0.000771945 -0.000785484 -0.000772671 -0.00078581 -0.00077388 -0.000786047 -0.000775778 -0.000786175 -0.000778583 -0.00078625 -0.000782452 -0.000786377 -0.000787242 -0.000786379 -0.000791631 -0.000784203 -0.000790084 -0.000770658 -0.000764387 -0.000716534 -0.000666464 -0.000551442 -0.000397282 -0.000146925 0.000198714 0.000675585 0.00131458 0.00212762 0.00318344 0.00448578 0.0061293 0.0081129 0.0104963 0.0132442 0.0163129 0.0196241 0.0230325 0.0264295 0.0295979 0.0323734 0.0345135 0.035821 0.0361327 0.0352916 0.0332615 0.030006 0.0256469 0.0203547 0.0143513 0.00792422 0.00132765 -0.00508727 -0.0110324 -0.0162841 -0.0206715 -0.024121 -0.026531 -0.0279304 -0.0284428 -0.0281767 -0.027277 -0.0258599 -0.0241145 -0.0222233 -0.0202353 -0.0182543 -0.0163876 -0.0146701 -0.0131208 -0.0117244 -0.0105234 -0.00952577 -0.00864205 -0.00789971 -0.00731839 -0.00680743 -0.00637038 -0.00602145 -0.00571469 -0.00545608 -0.00524436 -0.00506265 -0.00490915 -0.00477011 -0.00466293 -0.00457592 -0.00446714 -0.00438467 -0.00434367 -0.00429064 -0.00425744 -0.00424334 -0.0041939 
0 0.000175419 0.000290081 0.000443403 0.000638409 0.000773385 0.000915996 0.00113073 0.00131236 0.00147442 0.00169909 0.00192117 0.00214809 0.00243353 0.00272089 0.00304701 0.00345184 0.00388315 0.00439799 0.00501495 0.00571667 0.00658398 0.00758723 0.00874224 0.010144 0.0117181 0.0134776 0.0154679 0.0176016 0.0198461 0.0220969 0.0242591 0.0262449 0.0278024 0.0287944 0.0290883 0.0284884 0.0268741 0.0241083 0.0202274 0.015306 0.00940422 0.0027414 -0.00443277 -0.0117463 -0.0188647 -0.0255079 -0.0313462 -0.0361405 -0.0396567 -0.0418211 -0.0426558 -0.0422332 -0.0407192 -0.0382647 -0.0351222 -0.0315179 -0.0276951 -0.02386 -0.0201605 -0.0167431 -0.0136716 -0.0110206 -0.00878118 -0.00694559 -0.00546366 -0.00428383 -0.00336429 -0.00264976 -0.00212018 -0.00172524 -0.00145448 -0.00126385 -0.00114521 -0.00106681 -0.00102206 -0.000994756 -0.000978667 -0.000970832 -0.000963354 -0.000962011 -0.000956377 -0.000957089 -0.000951699 -0.00095307 -0.000947831 -0.000949393 -0.000944484 -0.000946054 -0.000941622 -0.000943135 -0.000939249 -0.0009407 -0.000937362 -0.000938788 -0.000935958 -0.000937416 -0.000935027 -0.000936592 -0.000934564 -0.000936318 -0.000934564 -0.000936592 -0.000935027 -0.000937416 -0.000935958 -0.000938788 -0.000937362 -0.0009407 -0.000939249 -0.000943135 -0.000941622 -0.000946053 -0.00094448 -0.000949383 -0.000947802 -0.000952992 -0.000951494 -0.000956569 -0.000955111 -0.000959042 -0.000956656 -0.000956312 -0.000948431 -0.00093431 -0.000906096 -0.000853387 -0.000768399 -0.000625396 -0.000415496 -9.88824e-05 0.000334147 0.000932023 0.00170983 0.00272315 0.00400605 0.00561828 0.00761076 0.0100147 0.0128562 0.0160919 0.0196862 0.0235198 0.0274826 0.0313865 0.0350186 0.0381422 0.0404963 0.0418977 0.0421407 0.0411133 0.0387054 0.0349178 0.0298847 0.0237959 0.0169517 0.00959265 0.00205283 -0.00530966 -0.012171 -0.0182376 -0.0233948 -0.0274871 -0.0304334 -0.0322605 -0.0330383 -0.0329602 -0.032112 -0.0306441 -0.0287873 -0.0266629 -0.0244309 -0.0221683 -0.0199684 -0.017961 -0.0160985 -0.0144245 -0.0129899 -0.0117247 -0.0106555 -0.0097483 -0.0089639 -0.00833964 -0.00779639 -0.00732839 -0.00697173 -0.00663917 -0.00636164 -0.00616284 -0.00594237 -0.00575552 -0.00564871 -0.00551833 -0.00538658 -0.00531812 -0.00525365 -0.00517631 -0.00512636 -0.00509552 -0.00506794 
0 0.000171419 0.000373282 0.000544715 0.000708636 0.000919118 0.00113073 0.0013181 0.00152262 0.0017704 0.00203302 0.00228141 0.00256282 0.00289558 0.00324762 0.00366444 0.00415086 0.00467744 0.00531723 0.00607634 0.00693819 0.00797646 0.00919394 0.0106067 0.0122492 0.0140909 0.0161632 0.0184344 0.0208295 0.0233236 0.0257845 0.0281006 0.0301386 0.0316752 0.0325713 0.0326388 0.0317076 0.0296603 0.026376 0.0219023 0.0162958 0.00966716 0.00224584 -0.00570198 -0.0137775 -0.0216474 -0.0289898 -0.03547 -0.040822 -0.044784 -0.0472825 -0.0483201 -0.0479872 -0.0464361 -0.0438178 -0.0403955 -0.036411 -0.0321546 -0.0278525 -0.0236824 -0.0197955 -0.0162657 -0.0131826 -0.0105461 -0.00836857 -0.00659817 -0.00518781 -0.00408438 -0.00322555 -0.00258386 -0.00210028 -0.00176388 -0.00152248 -0.00136935 -0.00126592 -0.00120546 -0.00116819 -0.0011455 -0.00113491 -0.00112427 -0.00112304 -0.00111533 -0.00111704 -0.00111005 -0.00111247 -0.00110606 -0.00110839 -0.00110279 -0.00110471 -0.00110009 -0.0011015 -0.00109788 -0.00109884 -0.00109614 -0.00109675 -0.00109484 -0.00109525 -0.00109398 -0.00109436 -0.00109355 -0.00109406 -0.00109355 -0.00109436 -0.00109398 -0.00109525 -0.00109484 -0.00109675 -0.00109614 -0.00109884 -0.00109788 -0.0011015 -0.00110008 -0.00110471 -0.00110278 -0.00110837 -0.00110601 -0.00111234 -0.0011097 -0.00111617 -0.00111327 -0.00111831 -0.00111384 -0.00111282 -0.00110055 -0.00108038 -0.00104082 -0.000969671 -0.000857663 -0.000673541 -0.000409242 -1.72642e-05 0.000511263 0.00123394 0.00217053 0.00338633 0.00492619 0.00685105 0.00921642 0.0120364 0.01533 0.0190342 0.0231069 0.0274222 0.0318502 0.036186 0.0401696 0.0435452 0.0460269 0.0474333 0.0475647 0.0462972 0.0435364 0.0392739 0.033674 0.0269396 0.0193844 0.0112853 0.00297574 -0.00515324 -0.0127816 -0.0195953 -0.0254335 -0.0301497 -0.0336419 -0.0359449 -0.0371002 -0.0372652 -0.0365785 -0.0351828 -0.0332991 -0.0310578 -0.0286327 -0.0261629 -0.0237112 -0.0213991 -0.0192604 -0.0173228 -0.0156178 -0.0141018 -0.0128083 -0.0117163 -0.0107544 -0.00996046 -0.00930461 -0.00873571 -0.00827514 -0.00788545 -0.00753955 -0.00725374 -0.00701977 -0.00682016 -0.00662411 -0.00646176 -0.00637127 -0.00627002 -0.00614952 -0.00608603 -0.00602616 -0.00596013 -0.00595737 
0 0.00017584 0.000424632 0.000641154 0.000829441 0.00107496 0.00131236 0.00152262 0.00179054 0.00207603 0.00233854 0.00265897 0.00303195 0.00340554 0.00383251 0.00433465 0.00489408 0.00554962 0.00632394 0.00723679 0.00830434 0.00952539 0.0109735 0.0126532 0.0145122 0.016633 0.0189977 0.0215042 0.0241431 0.0268167 0.0294162 0.0317996 0.0337554 0.0351799 0.0358644 0.0355969 0.0342716 0.0317293 0.0279488 0.0229174 0.0166845 0.0094569 0.00140646 -0.00712639 -0.015802 -0.0242764 -0.0321546 -0.0391633 -0.0449518 -0.0493192 -0.0521462 -0.0534063 -0.0532272 -0.0516845 -0.049006 -0.0453901 -0.0411322 -0.0365359 -0.0318284 -0.0272596 -0.022925 -0.0189822 -0.0154671 -0.0124445 -0.009916 -0.00783922 -0.00619384 -0.00487666 -0.00387744 -0.00309354 -0.00252679 -0.00210077 -0.00180924 -0.00160834 -0.00147384 -0.0013966 -0.00133741 -0.00131705 -0.00128779 -0.00128887 -0.0012703 -0.00127737 -0.00126351 -0.00127069 -0.00126035 -0.0012656 -0.00125862 -0.00126136 -0.00125756 -0.00125784 -0.00125683 -0.00125501 -0.00125628 -0.00125282 -0.00125585 -0.00125123 -0.00125553 -0.00125019 -0.00125533 -0.00124967 -0.00125526 -0.00124967 -0.00125533 -0.00125019 -0.00125553 -0.00125123 -0.00125585 -0.00125282 -0.00125628 -0.00125501 -0.00125683 -0.00125784 -0.00125755 -0.00126134 -0.00125859 -0.00126551 -0.00126012 -0.00127011 -0.0012621 -0.00127407 -0.0012629 -0.00127295 -0.00125482 -0.00125149 -0.00121225 -0.00116719 -0.00107015 -0.000925991 -0.000700236 -0.000364764 9.69238e-05 0.000747128 0.00158833 0.00271541 0.00413536 0.00596031 0.00820775 0.0109522 0.0141947 0.0179121 0.0220761 0.026567 0.0313205 0.0361201 0.0407883 0.0450165 0.0485239 0.0510602 0.0523759 0.0523518 0.0508003 0.0476951 0.0430375 0.0369697 0.0297563 0.021634 0.0129803 0.00410057 -0.00462364 -0.0128453 -0.0203183 -0.0267559 -0.0320521 -0.0361088 -0.0389121 -0.0405409 -0.0410326 -0.0405971 -0.0394029 -0.0375841 -0.0353458 -0.0328229 -0.0302066 -0.0275934 -0.0250114 -0.0226145 -0.0204294 -0.0184293 -0.0166659 -0.0151317 -0.0138197 -0.0126967 -0.0117229 -0.010929 -0.0102553 -0.00964823 -0.00917309 -0.00878319 -0.00840647 -0.00811718 -0.00790133 -0.00767097 -0.00748217 -0.00735187 -0.007196 -0.00706924 -0.00702686 -0.006964 -0.00687765 -0.00685296 
0 0.000257063 0.000467844 0.000711356 0.000983688 0.00122304 0.00147442 0.0017704 0.00207603 0.00238199 0.00270545 0.00307871 0.0035045 0.00395342 0.00446124 0.00506572 0.0057484 0.00653052 0.00745425 0.00853687 0.00978787 0.0112352 0.0129311 0.014856 0.0169887 0.0193787 0.021978 0.0247007 0.0274953 0.0302713 0.0329182 0.0352322 0.0370439 0.0382452 0.0386067 0.0379479 0.0361365 0.0330885 0.0288019 0.0232253 0.0164696 0.00872854 0.000223538 -0.00872209 -0.0178312 -0.0267059 -0.034986 -0.0423538 -0.048486 -0.0532104 -0.0563454 -0.0578898 -0.0578917 -0.0564581 -0.0538011 -0.0501023 -0.0456936 -0.0408314 -0.0358199 -0.0308764 -0.0261524 -0.0218037 -0.0178727 -0.0144699 -0.0115666 -0.00919054 -0.00726762 -0.00574805 -0.00457148 -0.00365595 -0.00298558 -0.00247112 -0.0021268 -0.00186701 -0.00171385 -0.00159939 -0.00154031 -0.00149748 -0.00147443 -0.00146275 -0.00144889 -0.0014502 -0.0014365 -0.00144349 -0.0014284 -0.00143801 -0.00142223 -0.00143283 -0.00141735 -0.001428 -0.00141354 -0.00142372 -0.00141063 -0.00142015 -0.0014085 -0.0014174 -0.00140705 -0.00141555 -0.0014062 -0.00141461 -0.00140592 -0.00141461 -0.0014062 -0.00141555 -0.00140705 -0.0014174 -0.0014085 -0.00142015 -0.00141063 -0.00142372 -0.00141354 -0.001428 -0.00141734 -0.00143281 -0.00142217 -0.00143785 -0.00142801 -0.00144253 -0.00143423 -0.00144502 -0.00143756 -0.00143889 -0.00142613 -0.00140358 -0.00136503 -0.0012852 -0.00117288 -0.000971606 -0.000700171 -0.000278506 0.000274385 0.00104937 0.00204745 0.00336038 0.00503113 0.0071322 0.00973376 0.0128411 0.0164973 0.0206165 0.0251859 0.0300649 0.0351563 0.0402609 0.0451277 0.0494969 0.0530328 0.0555258 0.0567115 0.0564564 0.054629 0.0511809 0.0462005 0.0397871 0.0322077 0.0237061 0.0146402 0.00538401 -0.00375483 -0.0124278 -0.0203926 -0.0273622 -0.0331645 -0.0377614 -0.0411039 -0.0432343 -0.0441855 -0.0441118 -0.0432225 -0.0416205 -0.0394781 -0.0369761 -0.0342841 -0.0315323 -0.0287734 -0.0261386 -0.0237084 -0.021467 -0.0194492 -0.0176754 -0.0161322 -0.0147927 -0.0136368 -0.0126711 -0.0118516 -0.011141 -0.0105577 -0.0100778 -0.00965929 -0.00929076 -0.00898575 -0.00875206 -0.00853676 -0.00832859 -0.00819005 -0.00808395 -0.00795595 -0.0078704 -0.00782905 -0.00777005 
0 0.000293462 0.00053779 0.000814018 0.00110436 0.00137666 0.00169909 0.00203302 0.00233854 0.00270545 0.00312815 0.00354852 0.00401268 0.00455286 0.00517064 0.00588019 0.0066858 0.00762553 0.00872598 0.00998525 0.0114508 0.0131515 0.0150766 0.0172468 0.0196591 0.0222791 0.0250746 0.0279651 0.0308559 0.0336645 0.0362308 0.0383725 0.0399482 0.04079 0.0407298 0.0395919 0.0372535 0.0337049 0.0289031 0.0228556 0.0156775 0.00755064 -0.00124179 -0.0104654 -0.0198212 -0.028938 -0.0374722 -0.0450568 -0.0514617 -0.0564628 -0.0599049 -0.061741 -0.0619595 -0.0607145 -0.0581419 -0.0544888 -0.0500182 -0.045007 -0.0397727 -0.034514 -0.0294662 -0.024727 -0.0204308 -0.0166369 -0.0133796 -0.0106808 -0.00846886 -0.00673056 -0.00534634 -0.00429907 -0.00348713 -0.00289469 -0.00246009 -0.00215356 -0.00195253 -0.00180873 -0.00173404 -0.00166919 -0.00165113 -0.00161881 -0.00162065 -0.00160099 -0.00160702 -0.0015936 -0.00159819 -0.00158944 -0.001591 -0.00158643 -0.00158485 -0.001584 -0.00157969 -0.00158197 -0.00157554 -0.0015803 -0.00157238 -0.00157901 -0.00157017 -0.00157813 -0.00156887 -0.00157767 -0.00156844 -0.00157767 -0.00156887 -0.00157813 -0.00157017 -0.00157901 -0.00157238 -0.0015803 -0.00157554 -0.00158197 -0.00157969 -0.001584 -0.00158483 -0.0015864 -0.0015909 -0.00158918 -0.00159755 -0.00159206 -0.00160345 -0.00159303 -0.0016036 -0.00158368 -0.00158161 -0.00153702 -0.00149268 -0.00138534 -0.00123876 -0.000995779 -0.000650053 -0.000160509 0.000516397 0.00140473 0.00259107 0.00409561 0.00603826 0.00843637 0.0113876 0.0148772 0.0189114 0.0234356 0.0283558 0.0335912 0.0389461 0.0442597 0.0492288 0.0536004 0.0570795 0.0594116 0.0604071 0.0598637 0.0577323 0.0539775 0.048712 0.0420795 0.0342612 0.0255587 0.016277 0.00680804 -0.00254868 -0.0115262 -0.0198296 -0.0272269 -0.0335069 -0.038608 -0.0425094 -0.0451738 -0.0466604 -0.0470695 -0.0465603 -0.0452849 -0.0433667 -0.0409946 -0.0383355 -0.0355128 -0.0326561 -0.0298553 -0.0271852 -0.0247158 -0.0224614 -0.0204301 -0.0186425 -0.0170812 -0.0157289 -0.0145702 -0.0135834 -0.0127652 -0.012062 -0.011441 -0.0109558 -0.0105532 -0.0101584 -0.0098482 -0.0096165 -0.00939049 -0.00922196 -0.00908919 -0.00892769 -0.00882542 -0.00878599 -0.00871848 
0 0.000284907 0.000600906 0.000931167 0.00124911 0.00157297 0.00192117 0.00228141 0.00265897 0.00307871 0.00354852 0.00405144 0.00459724 0.00524304 0.00598004 0.0067783 0.00772746 0.00886415 0.0101356 0.0116069 0.0133316 0.0152676 0.0174318 0.0198476 0.0224931 0.025319 0.0282527 0.031243 0.0341816 0.0369053 0.0392839 0.0411644 0.0423774 0.0427665 0.0421789 0.0404938 0.0376305 0.0335573 0.0282768 0.0218303 0.0143315 0.00598101 -0.00298062 -0.0123193 -0.0217537 -0.0309588 -0.0395752 -0.0472862 -0.0538611 -0.0590883 -0.0628189 -0.0649369 -0.0654385 -0.0644232 -0.0620415 -0.0585251 -0.0540967 -0.0490512 -0.0436579 -0.038178 -0.0328312 -0.0277609 -0.0231133 -0.0189473 -0.0153459 -0.0123012 -0.0098076 -0.00780576 -0.00622288 -0.00500213 -0.00405575 -0.00335878 -0.00283141 -0.00246957 -0.00220593 -0.00204088 -0.0019265 -0.00185988 -0.00181818 -0.00179124 -0.00178027 -0.00176549 -0.00176654 -0.00175414 -0.0017599 -0.00174761 -0.00175523 -0.00174309 -0.00175126 -0.00173974 -0.00174777 -0.00173723 -0.0017448 -0.00173537 -0.00174241 -0.00173404 -0.00174066 -0.00173319 -0.00173959 -0.00173277 -0.00173923 -0.00173277 -0.00173959 -0.00173319 -0.00174066 -0.00173404 -0.00174241 -0.00173537 -0.0017448 -0.00173723 -0.00174777 -0.00173973 -0.00175123 -0.00174303 -0.00175506 -0.00174719 -0.00175887 -0.00175171 -0.00176102 -0.00175347 -0.00175507 -0.00174044 -0.00171981 -0.00167686 -0.00159939 -0.00147903 -0.00127779 -0.000992837 -0.000563685 1.19608e-05 0.000810857 0.00184908 0.00321677 0.00496051 0.00716785 0.00989927 0.0131892 0.0170602 0.0214571 0.0263433 0.0315939 0.037102 0.0426698 0.0480737 0.0530494 0.0573097 0.0606174 0.062717 0.0634261 0.062579 0.0601203 0.0560959 0.0506106 0.0438315 0.0359291 0.0271681 0.0178657 0.00835175 -0.00107771 -0.0101791 -0.0186948 -0.0263905 -0.0330875 -0.038677 -0.0431005 -0.0463353 -0.0484054 -0.0493799 -0.0493636 -0.0484891 -0.0469238 -0.0448099 -0.0422779 -0.0395002 -0.0366135 -0.0337114 -0.0308675 -0.0281644 -0.0256877 -0.0234198 -0.0213609 -0.0195815 -0.0180346 -0.0166613 -0.0154949 -0.0145165 -0.0136722 -0.0129424 -0.0123341 -0.0118451 -0.011421 -0.0110474 -0.0107567 -0.0105033 -0.01026 -0.0100858 -0.00997276 -0.00985925 -0.009757 -0.00969946 
0 0.000344285 0.000687927 0.00102951 0.00139566 0.00177632 0.00214809 0.00256282 0.00303195 0.0035045 0.00401268 0.00459724 0.00525566 0.00601351 0.00685866 0.00781027 0.00895285 0.0102592 0.0117225 0.013435 0.0153901 0.0175703 0.0199926 0.02264 0.0255027 0.0284808 0.0314886 0.0345071 0.0373646 0.0398923 0.0419893 0.0434954 0.0442635 0.0441157 0.042936 0.0406862 0.0372731 0.0326857 0.0269631 0.0201791 0.012485 0.00402966 -0.00496311 -0.0142597 -0.0236176 -0.0327274 -0.0412938 -0.0490217 -0.0556843 -0.0610954 -0.0650716 -0.0674952 -0.0683158 -0.0676045 -0.0655071 -0.0622097 -0.0579384 -0.0529361 -0.0474803 -0.0418376 -0.0362421 -0.0308837 -0.0258977 -0.0213926 -0.0174343 -0.0140571 -0.0112558 -0.00898422 -0.00718372 -0.00577306 -0.00469026 -0.00386681 -0.00325728 -0.00281529 -0.00250416 -0.00229477 -0.00215422 -0.00206907 -0.00201163 -0.00198191 -0.00195829 -0.00194882 -0.00193714 -0.00193353 -0.00192616 -0.00192361 -0.00191845 -0.0019157 -0.00191224 -0.00190907 -0.00190712 -0.00190362 -0.001903 -0.00189932 -0.00189984 -0.00189615 -0.0018976 -0.00189406 -0.00189626 -0.00189303 -0.00189582 -0.00189303 -0.00189626 -0.00189406 -0.0018976 -0.00189615 -0.00189984 -0.00189932 -0.001903 -0.00190362 -0.00190712 -0.00190905 -0.0019122 -0.00191559 -0.00191817 -0.00192293 -0.00192452 -0.00192975 -0.00192878 -0.00193098 -0.00192167 -0.00190967 -0.00187468 -0.00181963 -0.0017176 -0.00155993 -0.00131366 -0.000955481 -0.000448776 0.000245945 0.00117169 0.00239004 0.00395996 0.00596349 0.00846493 0.0115271 0.0151727 0.0193928 0.0241421 0.0293374 0.0348707 0.040581 0.0462651 0.0516718 0.0565316 0.0605943 0.0636227 0.0654137 0.0657798 0.0645962 0.0618405 0.0575746 0.0519429 0.0450913 0.0372115 0.0285447 0.0193616 0.00996327 0.00059343 -0.00849112 -0.0170635 -0.0249427 -0.0319484 -0.037968 -0.0428855 -0.0466734 -0.0493724 -0.050976 -0.0515522 -0.051203 -0.0500818 -0.0483423 -0.0460544 -0.0434041 -0.040571 -0.0376268 -0.0346813 -0.0318198 -0.0291298 -0.0266549 -0.0243612 -0.022317 -0.0205423 -0.0189576 -0.0175834 -0.0164189 -0.0154217 -0.0145892 -0.0138655 -0.0132365 -0.0127425 -0.0123248 -0.0119425 -0.0116365 -0.0113957 -0.0111887 -0.0110209 -0.0108877 -0.0107837 -0.0107147 
0 0.000387026 0.00078668 0.00115793 0.00153962 0.00198005 0.00243353 0.00289558 0.00340554 0.00395342 0.00455286 0.00524304 0.00601351 0.00686185 0.00784787 0.00901215 0.0103259 0.011808 0.0135306 0.0154837 0.0176625 0.0200968 0.0227473 0.0256029 0.0286195 0.0316748 0.0347256 0.037668 0.0403295 0.042588 0.0442876 0.045321 0.0455401 0.0447647 0.0429766 0.0401275 0.0361713 0.0311225 0.0250152 0.0180143 0.0102285 0.00178673 -0.00710018 -0.0162434 -0.0253713 -0.0342643 -0.0426684 -0.0503141 -0.0570082 -0.062523 -0.0667141 -0.0694249 -0.070587 -0.0702454 -0.0684891 -0.0655107 -0.0614729 -0.0566181 -0.0511915 -0.0454627 -0.0396978 -0.0340877 -0.0288183 -0.0239847 -0.019693 -0.0159769 -0.0128556 -0.0103007 -0.00824867 -0.00663972 -0.00538359 -0.00443245 -0.00371037 -0.00318817 -0.00280963 -0.00255253 -0.0023783 -0.00226692 -0.00219797 -0.002154 -0.00213062 -0.0021124 -0.00210565 -0.00209574 -0.00209425 -0.00208692 -0.00208694 -0.00208074 -0.00208114 -0.00207583 -0.00207631 -0.00207184 -0.00207235 -0.0020687 -0.00206926 -0.00206635 -0.00206705 -0.00206479 -0.00206572 -0.00206401 -0.00206528 -0.00206401 -0.00206572 -0.00206479 -0.00206705 -0.00206635 -0.00206926 -0.0020687 -0.00207235 -0.00207184 -0.0020763 -0.0020758 -0.00208107 -0.00208056 -0.00208649 -0.00208584 -0.00209171 -0.00209 -0.00209318 -0.00208635 -0.00207827 -0.00205288 -0.00201027 -0.00193204 -0.00180389 -0.00160451 -0.00130204 -0.000873318 -0.000268834 0.000538717 0.00161921 0.00301542 0.00481802 0.00708613 0.00989942 0.0132962 0.017286 0.0218503 0.0269112 0.0323957 0.0381458 0.044004 0.0497181 0.0550374 0.0596999 0.0634623 0.0661417 0.0675277 0.0674999 0.0659488 0.0628984 0.0584406 0.0526974 0.0458618 0.0380944 0.0296507 0.0207435 0.0115931 0.00244676 -0.00649743 -0.0149986 -0.0229353 -0.030169 -0.036529 -0.0419199 -0.0462535 -0.0495639 -0.0518393 -0.053054 -0.0533245 -0.0527462 -0.05145 -0.0495508 -0.0471545 -0.0444617 -0.0415786 -0.0385968 -0.035649 -0.0327851 -0.0300871 -0.0276056 -0.0253165 -0.0232663 -0.021478 -0.0199069 -0.018532 -0.0173506 -0.0163592 -0.0155184 -0.0147842 -0.0141653 -0.0136525 -0.0132184 -0.0128708 -0.01259 -0.0123336 -0.0121153 -0.0119638 -0.0118581 -0.0117715 
0 0.000402204 0.000848669 0.00129985 0.00175496 0.00223296 0.00272089 0.00324762 0.00383251 0.00446124 0.00517064 0.00598004 0.00685866 0.00784787 0.0090211 0.0103595 0.0118481 0.0135694 0.0155537 0.0177486 0.0201671 0.0228282 0.0256906 0.0287001 0.0317792 0.0348712 0.0378751 0.0406211 0.0430057 0.0448847 0.0461034 0.0465729 0.0461369 0.0447189 0.0422997 0.0388414 0.03438 0.0289073 0.0225272 0.0154045 0.00761727 -0.000679997 -0.00936027 -0.0182071 -0.0269906 -0.0355652 -0.0436933 -0.0511974 -0.0578365 -0.0634104 -0.067778 -0.0707561 -0.0722999 -0.0723577 -0.0710244 -0.0684239 -0.0647006 -0.0600816 -0.0547574 -0.0490386 -0.0431523 -0.0373587 -0.0318317 -0.0267029 -0.0220942 -0.0180378 -0.0146033 -0.0117367 -0.00943312 -0.00759166 -0.00616077 -0.00505712 -0.00421828 -0.00360379 -0.00314759 -0.00284186 -0.00261819 -0.00248817 -0.00238941 -0.00234371 -0.00230254 -0.00228925 -0.00227172 -0.0022674 -0.00225966 -0.00225601 -0.00225324 -0.00224814 -0.00224859 -0.00224195 -0.00224476 -0.002237 -0.00224157 -0.00223314 -0.00223902 -0.0022303 -0.00223715 -0.00222844 -0.00223601 -0.00222752 -0.00223562 -0.00222752 -0.00223601 -0.00222844 -0.00223715 -0.0022303 -0.00223902 -0.00223314 -0.00224157 -0.00223699 -0.00224474 -0.00224191 -0.00224848 -0.00224785 -0.00225253 -0.00225432 -0.00225578 -0.0022588 -0.00225344 -0.00225184 -0.0022289 -0.00220437 -0.00213598 -0.00204503 -0.00187281 -0.00163453 -0.00126119 -0.000753799 -4.188e-05 0.000900353 0.00214213 0.0037512 0.0057912 0.00835964 0.0114817 0.0152273 0.0195457 0.0244338 0.0297806 0.0354957 0.0414172 0.0473265 0.0529987 0.0581283 0.0625134 0.0659002 0.0681443 0.0690785 0.0685929 0.0666787 0.0633424 0.0587339 0.0529476 0.0461802 0.0386315 0.0304905 0.0219765 0.013203 0.00439338 -0.00426684 -0.01261 -0.020487 -0.0278301 -0.0344505 -0.0402323 -0.0451027 -0.0489959 -0.0519228 -0.0538336 -0.0547755 -0.0548354 -0.0540742 -0.0526482 -0.0506585 -0.0482115 -0.045473 -0.042559 -0.0395816 -0.0366116 -0.0337296 -0.0310513 -0.0285711 -0.0262746 -0.0242384 -0.0224628 -0.0208799 -0.0194883 -0.0183086 -0.0173059 -0.0164478 -0.0157285 -0.0151202 -0.0146089 -0.0141866 -0.0138169 -0.0135179 -0.0133092 -0.0131242 -0.0129631 -0.0128801 
0 0.000483631 0.000948737 0.00143819 0.00196627 0.00249551 0.00304701 0.00366444 0.00433465 0.00506572 0.00588019 0.0067783 0.00781027 0.00901215 0.0103595 0.0118761 0.0136088 0.0155756 0.0177861 0.0202164 0.0228608 0.0257374 0.0287764 0.0318697 0.0349739 0.0380185 0.040838 0.0432906 0.0452798 0.0466768 0.0473447 0.047156 0.0460441 0.0439847 0.040928 0.0369022 0.0319541 0.026137 0.019587 0.0124082 0.00473145 -0.0033354 -0.0116838 -0.0201051 -0.028465 -0.0366087 -0.0443999 -0.0516782 -0.0581966 -0.0638 -0.0682922 -0.071555 -0.0734789 -0.0739849 -0.0731286 -0.0709518 -0.0676274 -0.063292 -0.0581705 -0.0525203 -0.0465886 -0.0406648 -0.0349113 -0.0295334 -0.0246067 -0.0202436 -0.0164748 -0.0133073 -0.0107267 -0.00864371 -0.00702485 -0.00574857 -0.0047959 -0.00406261 -0.00354147 -0.00315833 -0.00290061 -0.00272628 -0.00261078 -0.00254492 -0.0024936 -0.00247561 -0.00244796 -0.00244806 -0.00242785 -0.00243388 -0.00241635 -0.00242387 -0.00240826 -0.00241568 -0.00240209 -0.00240889 -0.00239738 -0.00240345 -0.0023939 -0.00239938 -0.00239151 -0.00239668 -0.00239011 -0.00239534 -0.00238965 -0.00239534 -0.00239011 -0.00239668 -0.00239151 -0.00239938 -0.0023939 -0.00240345 -0.00239738 -0.00240888 -0.00240206 -0.00241561 -0.00240807 -0.00242341 -0.00241524 -0.00243128 -0.00242201 -0.00243541 -0.00242158 -0.00242271 -0.00239158 -0.00235574 -0.00227349 -0.00214788 -0.00194588 -0.00163935 -0.00120731 -0.000588923 0.000227205 0.0013351 0.00275132 0.00459739 0.00690325 0.00977771 0.0132367 0.0173082 0.0219656 0.0271317 0.0327429 0.0386261 0.0446478 0.0505319 0.0560529 0.0609272 0.064932 0.0678942 0.0696303 0.0700684 0.069111 0.0668166 0.0632443 0.0585058 0.0527526 0.0461206 0.0388531 0.0311023 0.0230267 0.0147407 0.0063624 -0.00191464 -0.00998869 -0.0177319 -0.0250434 -0.0318139 -0.0378984 -0.0432251 -0.047687 -0.0512266 -0.0538472 -0.0555257 -0.0562803 -0.0561621 -0.0552865 -0.053782 -0.0517138 -0.0492089 -0.046449 -0.0435405 -0.0405487 -0.0375783 -0.0347314 -0.032054 -0.0295633 -0.0272779 -0.0252331 -0.0234406 -0.0218626 -0.0204843 -0.019299 -0.0182838 -0.0174376 -0.0167217 -0.0160909 -0.0155744 -0.0151666 -0.0148233 -0.0145474 -0.0143286 -0.0141553 -0.0140424 
0 0.000541366 0.00108258 0.00162533 0.00217444 0.00277604 0.00345184 0.00415086 0.00489408 0.0057484 0.0066858 0.00772746 0.00895285 0.0103259 0.0118481 0.0136088 0.0156013 0.017807 0.0202448 0.0228987 0.0257668 0.0288045 0.0319178 0.0350467 0.0381052 0.0409768 0.0435222 0.0455901 0.0470948 0.0479307 0.0479419 0.0470509 0.0452494 0.042527 0.0388726 0.0343189 0.0289635 0.0229226 0.0162877 0.00916556 0.00167966 -0.00607411 -0.0139794 -0.0219199 -0.0297801 -0.0374508 -0.044851 -0.0518189 -0.0581757 -0.0637349 -0.0683301 -0.0718487 -0.0741399 -0.0751273 -0.0747601 -0.0730804 -0.070197 -0.0662301 -0.0613938 -0.0558895 -0.0500094 -0.0439976 -0.0380911 -0.0324761 -0.0272706 -0.0226013 -0.0184986 -0.0150257 -0.0121349 -0.00980787 -0.00795531 -0.00651086 -0.00540393 -0.00455903 -0.0039455 -0.00348787 -0.00318399 -0.00296079 -0.00283157 -0.00273376 -0.00268748 -0.00264744 -0.00263257 -0.00261634 -0.00260988 -0.00260363 -0.00259758 -0.00259644 -0.00258887 -0.00259105 -0.00258197 -0.0025866 -0.00257648 -0.00258294 -0.00257228 -0.00258012 -0.00256933 -0.0025782 -0.00256757 -0.00257723 -0.00256699 -0.00257723 -0.00256757 -0.0025782 -0.00256933 -0.00258012 -0.00257228 -0.00258294 -0.00257647 -0.00258658 -0.00258192 -0.00259094 -0.00258857 -0.00259572 -0.00259587 -0.00259971 -0.00260124 -0.002598 -0.0025951 -0.00257378 -0.00254821 -0.00248054 -0.00238876 -0.00221563 -0.00197604 -0.00159841 -0.0010871 -0.000364309 0.000588211 0.00185125 0.00348108 0.00555551 0.0081591 0.0113312 0.0151313 0.0195176 0.0244822 0.0299127 0.0357247 0.0417459 0.047777 0.0535768 0.0588607 0.0634095 0.0669859 0.0694533 0.0706639 0.0705547 0.0691306 0.0664506 0.0626491 0.0578209 0.0521205 0.0457047 0.0387611 0.031458 0.0238846 0.0161428 0.00831471 0.000501844 -0.00720335 -0.0147177 -0.0219211 -0.0287201 -0.0350281 -0.0407286 -0.0456932 -0.0498282 -0.0531081 -0.0555174 -0.057007 -0.0575878 -0.0573622 -0.0564184 -0.0548368 -0.0527257 -0.0502145 -0.0474521 -0.0445353 -0.0415487 -0.0385974 -0.0357444 -0.0330658 -0.0305959 -0.0283064 -0.0262587 -0.0244804 -0.0228957 -0.0215099 -0.0203332 -0.0193088 -0.0184376 -0.0177253 -0.0171288 -0.0166255 -0.0162065 -0.0158674 -0.0156131 -0.0154233 -0.0152756 
0 0.000583513 0.00118474 0.00182344 0.00247729 0.00315059 0.00388315 0.00467744 0.00554962 0.00653052 0.00762553 0.00886415 0.0102592 0.011808 0.0135694 0.0155756 0.017807 0.0202551 0.0229127 0.0257942 0.0288448 0.0319464 0.0350795 0.0381717 0.0410631 0.0436591 0.0458217 0.0474202 0.0483725 0.0485411 0.0478479 0.0462545 0.043755 0.0404001 0.0361827 0.0311749 0.0255257 0.0193394 0.0127209 0.00574454 -0.00147379 -0.0088124 -0.0162148 -0.0236051 -0.0309215 -0.0380931 -0.0450386 -0.0516607 -0.0577954 -0.0632794 -0.0679607 -0.0717014 -0.0743671 -0.0758188 -0.0759725 -0.0748182 -0.0724163 -0.0688866 -0.0643846 -0.059121 -0.0533465 -0.0473249 -0.0413095 -0.0354958 -0.030049 -0.0250783 -0.0206712 -0.0168719 -0.0136839 -0.0110812 -0.00899293 -0.00735707 -0.00608396 -0.00512002 -0.00439372 -0.00386726 -0.00349055 -0.0032321 -0.0030608 -0.00294791 -0.00288121 -0.00283501 -0.00281321 -0.00279244 -0.00278698 -0.00277455 -0.00277426 -0.00276463 -0.00276579 -0.00275761 -0.0027591 -0.00275214 -0.00275366 -0.00274788 -0.00274941 -0.00274474 -0.00274636 -0.00274266 -0.00274452 -0.00274162 -0.0027439 -0.00274162 -0.00274452 -0.00274266 -0.00274636 -0.00274473 -0.00274941 -0.00274788 -0.00275365 -0.00275211 -0.00275903 -0.00275742 -0.00276533 -0.00276352 -0.00277167 -0.00276874 -0.00277442 -0.00276628 -0.00276078 -0.00273393 -0.00269376 -0.00261358 -0.00248701 -0.0022839 -0.00197977 -0.00154184 -0.000926853 -9.77707e-05 0.00101039 0.00244822 0.00430374 0.00664007 0.00953958 0.0130393 0.0171585 0.0218682 0.0271041 0.0327753 0.0387415 0.0448323 0.0508121 0.056427 0.061415 0.0655498 0.0686513 0.070573 0.0712226 0.0705695 0.0686684 0.0656404 0.0616172 0.0567362 0.0511359 0.0449771 0.0384247 0.0315882 0.0245594 0.0173995 0.0101659 0.00290177 -0.00437243 -0.0115615 -0.0185706 -0.0253154 -0.0317189 -0.0376948 -0.0430699 -0.0477408 -0.0516533 -0.0547375 -0.0569686 -0.0583069 -0.0587903 -0.0584977 -0.0574831 -0.0558769 -0.0537611 -0.0512282 -0.0484651 -0.0455612 -0.0425797 -0.0396293 -0.0367937 -0.0341426 -0.0316736 -0.0293894 -0.0273553 -0.025554 -0.0239579 -0.022584 -0.0213924 -0.0203709 -0.0195317 -0.0188146 -0.0181974 -0.0177089 -0.0173186 -0.0169944 -0.0167526 -0.0165987 
