0 0 0 0 0 0 0 0 0 0 0 0 0 0 0 0 0 0 0 0 0 0 0 0 0 0 0 0 0 0 0 0 0 0 0 0 0 0 0 0 0 0 0 0 0 0 0 0 0 0 0 0 0 0 0 0 0 0 0 0 0 0 0 0 0 0 0 0 0 0 0 0 0 0 0 0 0 0 0 0 0 0 0 0 0 0 0 0 0 0 0 0 0 0 0 0 0 0 0 0 0 0 0 0 0 0 0 0 0 0 0 0 0 0 0 0 0 0 0 0 0 0 0 0 0 0 0 0 0 0 0 0 0 0 0 0 0 0 0 0 0 0 0 0 0 0 0 0 0 0 0 0 0 0 0 0 0 0 0 0 0 0 0 0 0 0 0 0 0 0 0 0 0 0 0 0 0 0 0 0 0 0 0 0 0 0 0 0 0 0 0 0 0 0 0 0 0 0 0 0 
0 6.40209e-05 0.00019225 0.00029905 0.000361055 0.00048726 0.000655824 0.000776546 0.00093019 0.00115265 0.00136397 0.00163227 0.00198365 0.00230429 0.00267289 0.00314839 0.00358969 0.00403701 0.00454716 0.00498478 0.00534222 0.00561634 0.00572747 0.00569968 0.00544934 0.0049279 0.00423797 0.00330746 0.00212479 0.000796193 -0.000666067 -0.00214427 -0.00359223 -0.00500144 -0.00620686 -0.00718491 -0.00790444 -0.00833374 -0.00854305 -0.00846562 -0.00814308 -0.00763793 -0.00697041 -0.00626563 -0.00550767 -0.00474262 -0.00400754 -0.00328917 -0.00267797 -0.0021382 -0.00170668 -0.00136798 -0.00107985 -0.000874841 -0.000685893 -0.000557351 -0.000450443 -0.00037014 -0.000326674 -0.000277974 -0.000268616 -0.000241373 -0.000240015 -0.00022937 -0.000222837 -0.000225035 -0.000211998 -0.000221637 -0.00020685 -0.000217608 -0.0002066 -0.000213397 -0.000209476 -0.000209877 -0.000213405 -0.000207627 -0.000216745 -0.000206744 -0.00021861 -0.000206947 -0.000218814 -0.000207784 -0.000217625 -0.000208819 -0.000215514 -0.000209738 -0.000212962 -0.000210376 -0.000210357 -0.000210698 -0.000207967 -0.000210754 -0.000205945 -0.000210635 -0.000204362 -0.000210442 -0.000203239 -0.000210261 -0.000202571 -0.000210155 -0.00020235 -0.000210155 -0.000202571 -0.000210261 -0.000203239 -0.000210442 -0.000204362 -0.000210635 -0.000205945 -0.000210754 -0.000207967 -0.000210698 -0.000210357 -0.000210376 -0.000212962 -0.000209738 -0.000215514 -0.000208819 -0.000217625 -0.000207784 -0.000218814 -0.000206947 -0.00021861 -0.000206744 -0.000216745 -0.000207627 -0.000213405 -0.000209877 -0.000209475 -0.000213393 -0.000206589 -0.000217577 -0.000206764 -0.000221411 -0.00021143 -0.000223666 -0.000219686 -0.000222442 -0.000225483 -0.000212317 -0.000213287 -0.00017771 -0.000153833 -8.66462e-05 -7.52589e-06 0.000103455 0.000259674 0.00043131 0.000676327 0.000950369 0.0013182 0.00177168 0.0023158 0.00297847 0.00368195 0.00445628 0.00523279 0.00600716 0.00677836 0.00744392 0.00799567 0.00831524 0.00837977 0.0082123 0.0077468 0.00703048 0.00601718 0.0047454 0.00335304 0.00184012 0.000301022 -0.00121728 -0.00267395 -0.00390809 -0.00495323 -0.00581297 -0.00639882 -0.00676125 -0.00688687 -0.00681895 -0.00665697 -0.00632719 -0.00590005 -0.00550262 -0.00504311 -0.00455498 -0.00413643 -0.00372667 -0.0033555 -0.00306094 -0.00277474 -0.00253725 -0.00236969 -0.00219331 -0.00204172 -0.00195001 -0.00186863 -0.00181543 -0.00178405 -0.00172404 
0 0.00019225 0.000368143 0.000556053 0.000780935 0.00102107 0.00126403 0.00155842 0.00193098 0.00233375 0.00277406 0.00332166 0.00395126 0.00463119 0.00542328 0.00630785 0.00720613 0.00812686 0.00905228 0.00990512 0.0106176 0.0111144 0.0113579 0.0112751 0.0107343 0.00973661 0.00831363 0.00642839 0.00412108 0.00147159 -0.00138453 -0.00428745 -0.00717195 -0.00989895 -0.012292 -0.0142444 -0.0156636 -0.0165673 -0.0169601 -0.0168162 -0.0162026 -0.0151831 -0.0139003 -0.0124801 -0.0109765 -0.00947485 -0.00799587 -0.00661246 -0.005384 -0.00432443 -0.00346945 -0.00276738 -0.00221181 -0.00176472 -0.00139931 -0.00112322 -0.000897583 -0.000745106 -0.000629186 -0.000556029 -0.000511932 -0.000478598 -0.000470081 -0.000453428 -0.000456181 -0.000447673 -0.000449334 -0.000446807 -0.000443175 -0.000445227 -0.00043683 -0.000441268 -0.000430771 -0.000435114 -0.000425447 -0.000427762 -0.000421018 -0.000420353 -0.000417429 -0.00041378 -0.000414533 -0.000408534 -0.000412177 -0.000404734 -0.000410241 -0.000402242 -0.000408641 -0.000400786 -0.000407325 -0.000400065 -0.000406257 -0.00039981 -0.000405414 -0.00039981 -0.000404777 -0.000399915 -0.000404332 -0.00040003 -0.000404069 -0.000400099 -0.000403982 -0.000400099 -0.000404069 -0.00040003 -0.000404332 -0.000399915 -0.000404777 -0.00039981 -0.000405414 -0.00039981 -0.000406257 -0.000400065 -0.000407325 -0.000400786 -0.000408641 -0.000402242 -0.000410241 -0.000404734 -0.000412177 -0.000408534 -0.000414533 -0.00041378 -0.000417429 -0.000420353 -0.000421018 -0.000427762 -0.000425447 -0.000435113 -0.000430768 -0.000441258 -0.000436803 -0.000445151 -0.000442969 -0.000446275 -0.000448016 -0.00044455 -0.000449097 -0.00043808 -0.000438333 -0.000415954 -0.000394122 -0.000344986 -0.000269139 -0.00015988 9.93753e-06 0.000223082 0.000519902 0.000881107 0.00134319 0.00192458 0.00264817 0.00356913 0.00467037 0.00596861 0.00740016 0.00891295 0.0104719 0.012006 0.013493 0.0148123 0.0158424 0.0164737 0.0166043 0.0162444 0.0153537 0.0139067 0.0119239 0.00945285 0.00667022 0.00370225 0.000637994 -0.00237299 -0.00519987 -0.00768206 -0.00974668 -0.0114138 -0.0126151 -0.0133304 -0.0136278 -0.0135657 -0.013216 -0.0126113 -0.0118152 -0.0109612 -0.0100723 -0.00914996 -0.00829221 -0.00751976 -0.0067927 -0.00614345 -0.00559933 -0.00513513 -0.00473214 -0.0044027 -0.00415658 -0.00395397 -0.00376438 -0.00362315 -0.0035392 -0.00348078 
0 0.00029905 0.000556053 0.000848212 0.00121003 0.00156406 0.00193264 0.00241251 0.0029592 0.00354444 0.00426222 0.00509302 0.00599781 0.00706099 0.00824838 0.00949159 0.0108415 0.0122192 0.0135241 0.0147574 0.0157703 0.0164457 0.0167603 0.0165361 0.0156924 0.0142328 0.0120691 0.00926569 0.00588414 0.00198335 -0.0021837 -0.00647478 -0.010724 -0.0146745 -0.0181919 -0.0210538 -0.0231595 -0.0245272 -0.025083 -0.0249055 -0.0240351 -0.0225732 -0.0207455 -0.0186421 -0.0164395 -0.0142116 -0.0120156 -0.00998929 -0.00813997 -0.00657355 -0.0052695 -0.00420155 -0.00336785 -0.00267025 -0.00214233 -0.00170782 -0.00138222 -0.00114841 -0.000965266 -0.000865939 -0.00077523 -0.000741613 -0.000704676 -0.000689432 -0.000682196 -0.000665603 -0.00067313 -0.000653639 -0.000665085 -0.000647958 -0.000655592 -0.000645724 -0.000645567 -0.000644712 -0.000636479 -0.000643307 -0.000629294 -0.000640697 -0.000624263 -0.000636794 -0.000621105 -0.000631966 -0.00061929 -0.00062675 -0.000618274 -0.000621645 -0.000617634 -0.00061701 -0.00061711 -0.000613052 -0.000616585 -0.000609845 -0.000616044 -0.000607383 -0.000615529 -0.000605615 -0.000615101 -0.000604478 -0.000614818 -0.000603924 -0.00061472 -0.000603924 -0.000614818 -0.000604478 -0.000615101 -0.000605615 -0.000615529 -0.000607383 -0.000616044 -0.000609845 -0.000616585 -0.000613052 -0.00061711 -0.00061701 -0.000617634 -0.000621645 -0.000618274 -0.00062675 -0.00061929 -0.000631966 -0.000621105 -0.000636794 -0.000624263 -0.000640697 -0.000629294 -0.000643307 -0.000636479 -0.00064471 -0.000645561 -0.000645704 -0.000655536 -0.000647805 -0.000664682 -0.000652622 -0.000670665 -0.000659887 -0.000669514 -0.000662527 -0.000650148 -0.000636113 -0.000580483 -0.000523068 -0.000389458 -0.000225301 3.29987e-05 0.000373437 0.000807387 0.00138346 0.00207205 0.00297365 0.00407297 0.00544559 0.00710316 0.00899451 0.0111227 0.0133474 0.0156502 0.0179321 0.0200786 0.0220031 0.0234653 0.0243646 0.0245665 0.0239898 0.0226616 0.0204937 0.0175687 0.0139967 0.0099054 0.0055589 0.00107707 -0.00333614 -0.0074354 -0.0111215 -0.0142175 -0.0166684 -0.0184893 -0.0195993 -0.0200996 -0.0200867 -0.0195809 -0.0187523 -0.0176825 -0.0164176 -0.0151227 -0.0138226 -0.0125327 -0.0113701 -0.0103072 -0.00932696 -0.00851364 -0.0078177 -0.00719291 -0.00670183 -0.00631287 -0.00597145 -0.00570759 -0.00551157 -0.00535955 -0.00526567 
0 0.000361055 0.000780935 0.00121003 0.00163113 0.00211968 0.00270571 0.00334072 0.00403018 0.00486294 0.00585397 0.00694571 0.0081837 0.00960979 0.0111407 0.0127683 0.0145189 0.0162797 0.0179558 0.0194762 0.0207042 0.0215307 0.0218008 0.0213737 0.020225 0.0182452 0.0153706 0.0116939 0.00727125 0.00226034 -0.00312929 -0.00871484 -0.0141759 -0.0192711 -0.0237939 -0.0274963 -0.0302922 -0.0320749 -0.0328263 -0.0326379 -0.0315485 -0.0297546 -0.0274199 -0.024715 -0.0218566 -0.0189238 -0.0160829 -0.0134145 -0.010994 -0.00891915 -0.0071509 -0.00572786 -0.00456893 -0.0036408 -0.00291848 -0.00232891 -0.00190347 -0.0015635 -0.0013359 -0.00117381 -0.00106087 -0.00100307 -0.000945475 -0.000932954 -0.000901569 -0.000899441 -0.00088484 -0.000878274 -0.000877053 -0.000863439 -0.000871372 -0.000853956 -0.000865394 -0.000848972 -0.000858587 -0.000846992 -0.000851266 -0.000846347 -0.000844015 -0.000845705 -0.00083735 -0.000844305 -0.000831575 -0.000841917 -0.000826784 -0.000838691 -0.000822924 -0.000834965 -0.000819872 -0.000831122 -0.000817493 -0.000827504 -0.00081567 -0.000824371 -0.000814318 -0.000821903 -0.000813382 -0.000820208 -0.00081283 -0.000819349 -0.000812648 -0.000819349 -0.00081283 -0.000820208 -0.000813382 -0.000821903 -0.000814318 -0.000824371 -0.00081567 -0.000827504 -0.000817493 -0.000831122 -0.000819872 -0.000834965 -0.000822924 -0.000838691 -0.000826784 -0.000841917 -0.000831575 -0.000844305 -0.00083735 -0.000845705 -0.000844015 -0.000846347 -0.000851266 -0.000846992 -0.000858585 -0.000848968 -0.000865381 -0.000853917 -0.000871265 -0.000863151 -0.000876313 -0.000876451 -0.000880539 -0.000889718 -0.000880533 -0.000889421 -0.000859361 -0.00084033 -0.000767144 -0.000667485 -0.000501881 -0.000249003 8.34959e-05 0.000561776 0.00114866 0.00192566 0.00288649 0.00409254 0.00560611 0.00742517 0.0096176 0.0121002 0.0148537 0.0177838 0.0207704 0.0237459 0.0265036 0.0289127 0.0307618 0.0318531 0.0320911 0.0313132 0.0295099 0.026682 0.0228779 0.0182918 0.0130525 0.00741095 0.00164935 -0.00402081 -0.00932192 -0.0140963 -0.0181929 -0.0214342 -0.0238343 -0.0254089 -0.0261754 -0.0262448 -0.0257041 -0.024714 -0.0234243 -0.021871 -0.020197 -0.0185425 -0.016901 -0.0153308 -0.0139277 -0.0126796 -0.0115614 -0.0105946 -0.00979575 -0.00912558 -0.0085343 -0.00806287 -0.00773716 -0.00747307 -0.00724713 -0.00710445 
0 0.00048726 0.00102107 0.00156406 0.00211968 0.00276939 0.00351703 0.00431879 0.00524106 0.00634143 0.00756427 0.0089274 0.0105069 0.0122602 0.0141442 0.0161625 0.0182457 0.0203203 0.0222843 0.0239844 0.0253522 0.0262305 0.0263725 0.0257231 0.0242021 0.0216571 0.0181031 0.013575 0.00820339 0.00220874 -0.00428525 -0.0109718 -0.0174926 -0.0236063 -0.0289992 -0.0334976 -0.0369304 -0.0391157 -0.0401056 -0.039919 -0.0386969 -0.0366381 -0.0338629 -0.030653 -0.0271727 -0.023617 -0.0201777 -0.0169084 -0.0139743 -0.0113801 -0.00917455 -0.00736603 -0.00586676 -0.00469904 -0.00374227 -0.00300976 -0.00244352 -0.00200619 -0.00171438 -0.00148034 -0.00135491 -0.00124955 -0.00119974 -0.00116595 -0.00113761 -0.001138 -0.00111178 -0.0011234 -0.00109924 -0.00110829 -0.00109145 -0.001091 -0.00108479 -0.00107359 -0.00107752 -0.00105826 -0.00106907 -0.00104625 -0.00105967 -0.00103774 -0.00104997 -0.00103221 -0.00104068 -0.00102885 -0.00103236 -0.00102687 -0.00102531 -0.00102567 -0.00101964 -0.00102483 -0.00101526 -0.00102416 -0.00101201 -0.00102358 -0.00100972 -0.00102308 -0.00100821 -0.00102272 -0.00100735 -0.00102253 -0.00100708 -0.00102253 -0.00100735 -0.00102272 -0.00100821 -0.00102308 -0.00100972 -0.00102358 -0.00101201 -0.00102416 -0.00101526 -0.00102483 -0.00101964 -0.00102567 -0.00102531 -0.00102687 -0.00103236 -0.00102885 -0.00104068 -0.00103221 -0.00104997 -0.00103774 -0.00105967 -0.00104625 -0.00106907 -0.00105826 -0.00107752 -0.00107358 -0.00108476 -0.00109093 -0.00109125 -0.00110776 -0.00109792 -0.00112026 -0.00110455 -0.00112209 -0.00110408 -0.00109836 -0.00106947 -0.00100954 -0.000932199 -0.00076834 -0.000566197 -0.000230065 0.000199775 0.000790221 0.00156087 0.00252378 0.00378005 0.00531051 0.00723532 0.00953371 0.0122244 0.0152972 0.0186327 0.0222128 0.0258463 0.0294077 0.0327055 0.0354824 0.0376096 0.0388354 0.0390272 0.0380548 0.035795 0.0323551 0.0277958 0.0222893 0.0160585 0.00928924 0.00237371 -0.00438983 -0.010783 -0.0165403 -0.0215217 -0.0255443 -0.0285275 -0.0305861 -0.0317134 -0.0319565 -0.0314994 -0.0304627 -0.0290007 -0.0272458 -0.0252864 -0.0233018 -0.0213717 -0.0194776 -0.0177307 -0.0161908 -0.014786 -0.0135444 -0.0125216 -0.0116566 -0.010916 -0.0103295 -0.00986497 -0.00947573 -0.00919106 -0.00903104 
0 0.000655824 0.00126403 0.00193264 0.00270571 0.00351703 0.00439297 0.00541867 0.00660484 0.00793104 0.00941879 0.0111094 0.0129984 0.0150565 0.0172775 0.0196132 0.0219792 0.024303 0.0264488 0.0282755 0.0296719 0.0304335 0.0303871 0.0294419 0.0274574 0.0243658 0.0201572 0.0148615 0.00867938 0.00177852 -0.00565072 -0.0132465 -0.0206934 -0.0276425 -0.0337982 -0.0389887 -0.0429448 -0.0455433 -0.0467671 -0.0466481 -0.0453985 -0.043136 -0.0400628 -0.0364273 -0.0324156 -0.0283294 -0.0243078 -0.0205106 -0.0170562 -0.0139582 -0.0113224 -0.00908809 -0.0072719 -0.00581802 -0.00464507 -0.0037564 -0.00303817 -0.00252331 -0.00212793 -0.00185064 -0.00167063 -0.0015305 -0.0014686 -0.0013994 -0.00138367 -0.00135169 -0.00134278 -0.00133369 -0.00131762 -0.00132321 -0.00130021 -0.00131265 -0.00128847 -0.00130035 -0.00128094 -0.00128689 -0.00127593 -0.00127351 -0.00127186 -0.0012613 -0.00126768 -0.00125092 -0.00126289 -0.00124257 -0.0012575 -0.00123611 -0.00125177 -0.00123126 -0.00124608 -0.00122766 -0.00124079 -0.00122502 -0.00123618 -0.00122312 -0.00123246 -0.00122179 -0.00122974 -0.00122094 -0.00122808 -0.00122053 -0.00122753 -0.00122053 -0.00122808 -0.00122094 -0.00122974 -0.00122179 -0.00123246 -0.00122312 -0.00123618 -0.00122502 -0.00124079 -0.00122766 -0.00124608 -0.00123126 -0.00125177 -0.00123611 -0.0012575 -0.00124257 -0.00126289 -0.00125092 -0.00126768 -0.0012613 -0.00127186 -0.00127351 -0.00127593 -0.00128689 -0.00128093 -0.00130033 -0.00128842 -0.00131252 -0.00129984 -0.00132228 -0.00131535 -0.0013284 -0.00133095 -0.00132635 -0.00133171 -0.00129744 -0.00127724 -0.00118698 -0.00108059 -0.00088008 -0.000596455 -0.000199135 0.000366356 0.0010788 0.0020458 0.00324497 0.00478671 0.00669953 0.00901714 0.0118004 0.0149736 0.0185678 0.0224658 0.0265882 0.0308043 0.0348564 0.0385736 0.0416631 0.0439453 0.0452461 0.0453303 0.0441047 0.0414462 0.0374226 0.0322056 0.0259169 0.0188222 0.0111709 0.0032989 -0.00439994 -0.0117025 -0.0183493 -0.0241135 -0.0288726 -0.0325095 -0.0350586 -0.036586 -0.0371237 -0.0368328 -0.0358698 -0.0343627 -0.0324931 -0.030386 -0.0281526 -0.0259299 -0.0237809 -0.0217398 -0.0198662 -0.0182012 -0.0167388 -0.0154477 -0.014348 -0.0134677 -0.0127322 -0.0120966 -0.0116234 -0.0112965 -0.0110482 
0 0.000776546 0.00155842 0.00241251 0.00334072 0.00431879 0.00541867 0.00669176 0.00810227 0.00966767 0.0114615 0.0134803 0.0156671 0.0180142 0.0205205 0.0231157 0.0256967 0.0281632 0.0304038 0.0322644 0.0335402 0.034077 0.0337637 0.0324221 0.0299365 0.0262895 0.0214531 0.0155112 0.00861798 0.000940457 -0.00721435 -0.0155427 -0.0237127 -0.0313304 -0.038144 -0.0438781 -0.0482936 -0.0512848 -0.0527504 -0.0527986 -0.0515731 -0.0492059 -0.0459475 -0.0419685 -0.0375661 -0.0330111 -0.0284863 -0.0242172 -0.0202492 -0.0166995 -0.0136051 -0.0109593 -0.008805 -0.00703321 -0.00565183 -0.00455656 -0.00370654 -0.00307681 -0.00258095 -0.00225416 -0.0019956 -0.00184297 -0.00173102 -0.00165827 -0.00162416 -0.00157977 -0.0015788 -0.00154562 -0.00155223 -0.00152964 -0.00153084 -0.0015211 -0.0015123 -0.00151488 -0.00149704 -0.00150826 -0.0014853 -0.00150011 -0.00147671 -0.0014904 -0.00147045 -0.00147976 -0.00146565 -0.00146899 -0.00146161 -0.00145881 -0.00145792 -0.00144974 -0.00145441 -0.00144203 -0.00145109 -0.00143578 -0.00144808 -0.00143094 -0.00144554 -0.00142744 -0.00144361 -0.00142517 -0.0014424 -0.00142405 -0.00144199 -0.00142405 -0.0014424 -0.00142517 -0.00144361 -0.00142744 -0.00144554 -0.00143094 -0.00144808 -0.00143578 -0.00145109 -0.00144203 -0.00145441 -0.00144974 -0.00145792 -0.00145881 -0.00146161 -0.00146899 -0.00146565 -0.00147976 -0.00147045 -0.0014904 -0.00147671 -0.00150011 -0.0014853 -0.00150826 -0.00149703 -0.00151484 -0.00151221 -0.00152084 -0.00153018 -0.00152803 -0.00154841 -0.00153695 -0.00155992 -0.00154039 -0.00154556 -0.00150812 -0.00145655 -0.00136281 -0.00119111 -0.000961434 -0.00058412 -0.000102204 0.000584596 0.00146661 0.00261266 0.00409402 0.00592783 0.00823186 0.010969 0.0141977 0.0178684 0.0219256 0.0263429 0.030943 0.0356127 0.0400738 0.0440664 0.0473739 0.0497224 0.0509755 0.0509082 0.0493733 0.0463515 0.041845 0.0360488 0.0291411 0.0213472 0.0130161 0.00443595 -0.004037 -0.0120799 -0.0194618 -0.0259267 -0.0313457 -0.0356436 -0.0387379 -0.0406958 -0.0416292 -0.0416329 -0.0408504 -0.0394379 -0.0375748 -0.0354173 -0.0330477 -0.0305939 -0.0282123 -0.025941 -0.0237849 -0.0218369 -0.0201408 -0.0186256 -0.0172885 -0.0161859 -0.0152734 -0.0145167 -0.0139599 -0.0135461 -0.0132005 
0 0.00093019 0.00193098 0.0029592 0.00403018 0.00524106 0.00660484 0.00810227 0.00977204 0.0116386 0.0137147 0.0160119 0.018485 0.0211033 0.0238629 0.0266604 0.0293531 0.0318632 0.0340814 0.0358082 0.036854 0.037099 0.0364103 0.0346135 0.031606 0.0273783 0.0219724 0.0154639 0.00796234 -0.000290705 -0.00898234 -0.0178321 -0.0264978 -0.0346448 -0.041958 -0.0481211 -0.05295 -0.0562837 -0.0580488 -0.0583189 -0.0571732 -0.054813 -0.0514333 -0.047247 -0.0425692 -0.0376319 -0.0327172 -0.0280006 -0.0235867 -0.019603 -0.016053 -0.0130191 -0.0104761 -0.00839648 -0.00675468 -0.00543748 -0.00444176 -0.00365789 -0.0030817 -0.00266006 -0.00234974 -0.00215796 -0.00200532 -0.00193405 -0.00186562 -0.00183926 -0.00181332 -0.00179368 -0.00178936 -0.00176503 -0.00177066 -0.00174349 -0.00175085 -0.00172656 -0.00172986 -0.00171313 -0.00170937 -0.00170218 -0.00169098 -0.00169279 -0.00167567 -0.00168431 -0.0016637 -0.00167642 -0.00165479 -0.00166907 -0.00164841 -0.00166232 -0.00164393 -0.00165631 -0.00164083 -0.00165116 -0.00163868 -0.00164698 -0.00163722 -0.00164381 -0.00163626 -0.00164169 -0.00163572 -0.00164062 -0.00163554 -0.00164062 -0.00163572 -0.00164169 -0.00163626 -0.00164381 -0.00163722 -0.00164698 -0.00163868 -0.00165116 -0.00164083 -0.00165631 -0.00164393 -0.00166232 -0.00164841 -0.00166907 -0.00165479 -0.00167642 -0.0016637 -0.00168431 -0.00167567 -0.00169279 -0.00169098 -0.00170218 -0.00170936 -0.00171312 -0.00172984 -0.0017265 -0.00175068 -0.00174304 -0.00176953 -0.00176231 -0.00178309 -0.0017798 -0.00178388 -0.00177946 -0.00174937 -0.00171771 -0.00161998 -0.00150061 -0.00127458 -0.000970745 -0.000524517 8.56678e-05 0.000882416 0.00195396 0.00330362 0.00505742 0.00723042 0.00989749 0.0130788 0.0167339 0.0208758 0.0253939 0.0302463 0.035276 0.0402707 0.0450093 0.0491705 0.0525431 0.0548779 0.0559649 0.0556628 0.0538173 0.0504374 0.045566 0.0393172 0.0319287 0.023648 0.0148108 0.00573393 -0.00329954 -0.0119361 -0.0198819 -0.0269289 -0.0329387 -0.0378274 -0.0415065 -0.0439842 -0.0453856 -0.0458141 -0.0453515 -0.0441495 -0.0424124 -0.0402898 -0.0378856 -0.0353423 -0.0327929 -0.0303137 -0.0279551 -0.0257524 -0.0237579 -0.0220137 -0.0204866 -0.0191555 -0.018059 -0.017177 -0.0164512 -0.0158995 -0.0155477 
0 0.00115265 0.00233375 0.00354444 0.00486294 0.00634143 0.00793104 0.00966767 0.0116386 0.0138181 0.0161766 0.018732 0.0214586 0.0243213 0.027254 0.0301323 0.0328645 0.0353427 0.0373922 0.038856 0.0395808 0.0394148 0.0382425 0.0359296 0.0323827 0.0276282 0.0217241 0.0147287 0.00678133 -0.00187179 -0.0109324 -0.0201026 -0.0290949 -0.0375885 -0.0452224 -0.0517096 -0.0568501 -0.0604974 -0.0625944 -0.063123 -0.062168 -0.0599059 -0.0565198 -0.0522724 -0.0474155 -0.0422236 -0.0369788 -0.0318591 -0.0270462 -0.0226211 -0.0186571 -0.0152192 -0.0122929 -0.00990287 -0.00796719 -0.00644354 -0.00525931 -0.00433483 -0.00365189 -0.0031239 -0.00276043 -0.00249228 -0.00231566 -0.00220198 -0.00211797 -0.00208073 -0.00203586 -0.00202721 -0.00199997 -0.00199593 -0.00198063 -0.0019717 -0.00196666 -0.00195111 -0.00195387 -0.00193382 -0.00194074 -0.00191969 -0.00192704 -0.00190825 -0.00191314 -0.00189887 -0.00189965 -0.00189093 -0.00188717 -0.001884 -0.0018761 -0.00187782 -0.00186665 -0.00187233 -0.00185889 -0.00186755 -0.00185275 -0.00186356 -0.00184814 -0.00186047 -0.00184494 -0.00185836 -0.00184307 -0.00185729 -0.00184245 -0.00185729 -0.00184307 -0.00185836 -0.00184494 -0.00186047 -0.00184814 -0.00186356 -0.00185275 -0.00186755 -0.00185889 -0.00187233 -0.00186665 -0.00187782 -0.0018761 -0.001884 -0.00188717 -0.00189093 -0.00189965 -0.00189887 -0.00191314 -0.00190825 -0.00192704 -0.00191969 -0.00194074 -0.0019338 -0.00195382 -0.00195099 -0.00196635 -0.00197092 -0.00197872 -0.00199145 -0.00198988 -0.00200547 -0.00199094 -0.00199185 -0.00194961 -0.00189662 -0.00178526 -0.0016092 -0.00134891 -0.000952513 -0.000426075 0.000312961 0.00126621 0.00252446 0.00413815 0.00617455 0.00871691 0.0117656 0.0153647 0.0194556 0.0240085 0.0289547 0.0341653 0.0395078 0.044727 0.0495843 0.0538095 0.0571359 0.0593502 0.0602174 0.0596025 0.0574396 0.053724 0.0485324 0.0419656 0.034237 0.0256542 0.016525 0.00714413 -0.00220897 -0.0112278 -0.0196012 -0.0271148 -0.0336474 -0.0390841 -0.0433366 -0.0464054 -0.0483451 -0.0492496 -0.0492319 -0.0484 -0.0469161 -0.0449525 -0.0426365 -0.0401095 -0.0374816 -0.0348346 -0.0322989 -0.0299222 -0.0276815 -0.0256669 -0.023937 -0.0224182 -0.0211092 -0.0200453 -0.0191778 -0.0185149 -0.0180968 
0 0.00136397 0.00277406 0.00426222 0.00585397 0.00756427 0.00941879 0.0114615 0.0137147 0.0161766 0.0188241 0.0216252 0.0245795 0.0276228 0.0306075 0.0334777 0.036173 0.0384796 0.040235 0.0413432 0.041631 0.0409596 0.0392289 0.0363398 0.0322802 0.0270559 0.0207005 0.013337 0.00510421 -0.00377639 -0.0130092 -0.0223369 -0.0314781 -0.0401174 -0.0479335 -0.054628 -0.0600106 -0.063958 -0.0663713 -0.0672115 -0.0665218 -0.0644414 -0.0611812 -0.0569749 -0.0520704 -0.0467389 -0.0412372 -0.0358014 -0.0306131 -0.0257899 -0.0214317 -0.0175857 -0.014293 -0.0115526 -0.00932174 -0.00755517 -0.00616142 -0.00508939 -0.00426533 -0.00364531 -0.00319438 -0.00286336 -0.0026447 -0.00248636 -0.00239218 -0.00232433 -0.00228309 -0.00225699 -0.00223264 -0.00222416 -0.00220412 -0.00220197 -0.00218446 -0.00218281 -0.00216912 -0.00216484 -0.00215607 -0.00214797 -0.00214415 -0.00213248 -0.00213273 -0.00211863 -0.00212159 -0.00210651 -0.00211083 -0.00209611 -0.00210069 -0.00208734 -0.00209145 -0.00208006 -0.00208336 -0.00207415 -0.0020766 -0.00206952 -0.00207128 -0.0020661 -0.00206745 -0.00206384 -0.00206515 -0.00206272 -0.00206438 -0.00206272 -0.00206515 -0.00206384 -0.00206745 -0.0020661 -0.00207128 -0.00206952 -0.0020766 -0.00207415 -0.00208336 -0.00208006 -0.00209145 -0.00208734 -0.00210069 -0.00209611 -0.00211083 -0.00210651 -0.00212159 -0.00211863 -0.00213273 -0.00213248 -0.00214415 -0.00214797 -0.00215606 -0.00216482 -0.00216904 -0.0021826 -0.00218393 -0.00220064 -0.00220096 -0.00221693 -0.00221679 -0.00222368 -0.00221601 -0.00219495 -0.0021532 -0.00206363 -0.00192805 -0.00169759 -0.00137101 -0.000894917 -0.00024869 0.000615688 0.00175656 0.00322544 0.00511426 0.00747367 0.0103713 0.0138214 0.0178131 0.0223172 0.0272605 0.0325643 0.0380821 0.0436222 0.0489512 0.0538093 0.0579529 0.061133 0.0631082 0.0636792 0.0627233 0.0602163 0.0562032 0.0507468 0.0439689 0.0360837 0.0273677 0.0181329 0.00864523 -0.00083724 -0.0100188 -0.0186589 -0.0265425 -0.0334932 -0.0394163 -0.0442239 -0.047892 -0.0504437 -0.0518997 -0.0523987 -0.0520817 -0.0510026 -0.0493164 -0.0472156 -0.0448035 -0.0421883 -0.0394889 -0.0368198 -0.0342813 -0.031889 -0.0296636 -0.0276806 -0.0259447 -0.0244345 -0.0231888 -0.0222084 -0.0214454 -0.0208883 
0 0.00163227 0.00332166 0.00509302 0.00694571 0.0089274 0.0111094 0.0134803 0.0160119 0.018732 0.0216252 0.0246486 0.0277756 0.0308901 0.0338718 0.0366826 0.0391783 0.0411591 0.0425248 0.0431551 0.0429153 0.0416894 0.039349 0.0358941 0.031351 0.0256716 0.0189482 0.0113315 0.00295719 -0.00594943 -0.0151832 -0.0244976 -0.033592 -0.042222 -0.050079 -0.056891 -0.0624835 -0.066686 -0.069412 -0.070588 -0.0702086 -0.0684126 -0.0653699 -0.061318 -0.0564903 -0.0511184 -0.0454768 -0.0397952 -0.0342916 -0.0291187 -0.0243767 -0.0201504 -0.0164744 -0.0133734 -0.0108241 -0.00877507 -0.00716124 -0.00590224 -0.00493665 -0.00420421 -0.00366044 -0.00326809 -0.00299123 -0.00280399 -0.00267924 -0.00259775 -0.00254556 -0.00250866 -0.00248454 -0.00246352 -0.00244797 -0.00243284 -0.00241918 -0.0024074 -0.00239409 -0.00238499 -0.00237223 -0.00236521 -0.00235364 -0.00234795 -0.00233814 -0.00233308 -0.00232537 -0.00232041 -0.00231486 -0.00230972 -0.00230619 -0.00230081 -0.00229901 -0.00229347 -0.00229312 -0.00228756 -0.00228836 -0.00228295 -0.00228468 -0.00227955 -0.00228205 -0.00227732 -0.00228047 -0.00227621 -0.00227994 -0.00227621 -0.00228047 -0.00227732 -0.00228205 -0.00227955 -0.00228468 -0.00228295 -0.00228836 -0.00228756 -0.00229312 -0.00229347 -0.00229901 -0.00230081 -0.00230619 -0.00230972 -0.00231486 -0.00232041 -0.00232537 -0.00233308 -0.00233814 -0.00234795 -0.00235363 -0.0023652 -0.00237221 -0.00238494 -0.00239395 -0.00240704 -0.00241827 -0.00243064 -0.00244286 -0.00245212 -0.00246016 -0.00245868 -0.0024474 -0.00241309 -0.00234649 -0.00222942 -0.00203961 -0.00175382 -0.00133951 -0.000765811 7.95128e-06 0.00103212 0.00236372 0.00408076 0.00625237 0.0089482 0.012208 0.0160354 0.020417 0.0252925 0.0305967 0.0362054 0.0419449 0.0476036 0.0529192 0.0576688 0.0616075 0.0645033 0.0661437 0.0663307 0.0650072 0.0621687 0.0578738 0.0522336 0.0453553 0.0374681 0.0288111 0.019621 0.0101931 0.000759023 -0.00843031 -0.0171566 -0.0252689 -0.0325402 -0.0388448 -0.044164 -0.0484272 -0.0516149 -0.0537347 -0.0548443 -0.0550963 -0.0545509 -0.0532792 -0.0514893 -0.0493133 -0.0468379 -0.0442105 -0.0415197 -0.0388439 -0.0363036 -0.0339362 -0.0317417 -0.0297832 -0.0281082 -0.0266975 -0.0255317 -0.0246297 -0.024006 
0 0.00198365 0.00395126 0.00599781 0.0081837 0.0105069 0.0129984 0.0156671 0.018485 0.0214586 0.0245795 0.0277756 0.0309546 0.0340446 0.0369726 0.0395919 0.041739 0.0433176 0.044199 0.0442512 0.0434072 0.0415417 0.038588 0.0346106 0.0295916 0.0235412 0.0165789 0.00882149 0.000464514 -0.00833429 -0.0174397 -0.0265639 -0.0354712 -0.0439352 -0.051686 -0.0585395 -0.064258 -0.0686782 -0.0717112 -0.0732284 -0.0732472 -0.0718246 -0.0691062 -0.065327 -0.0606581 -0.0553573 -0.0496546 -0.0437963 -0.0380435 -0.0325446 -0.0274649 -0.0228713 -0.0188275 -0.0153759 -0.0124875 -0.0101563 -0.00828872 -0.00683164 -0.0057023 -0.00483386 -0.00418992 -0.0037048 -0.00336909 -0.00312614 -0.00296891 -0.00286238 -0.00279223 -0.00275036 -0.00271524 -0.00269854 -0.00267613 -0.00266686 -0.00265019 -0.00264162 -0.00262902 -0.00261915 -0.00260998 -0.00259875 -0.00259224 -0.00258032 -0.0025756 -0.00256384 -0.00256016 -0.00254926 -0.00254606 -0.0025365 -0.00253349 -0.00252548 -0.00252256 -0.00251615 -0.00251334 -0.00250846 -0.00250584 -0.00250236 -0.00250006 -0.00249781 -0.00249596 -0.00249479 -0.00249351 -0.00249329 -0.0024927 -0.00249329 -0.00249351 -0.00249479 -0.00249596 -0.00249781 -0.00250006 -0.00250236 -0.00250584 -0.00250846 -0.00251334 -0.00251615 -0.00252256 -0.00252548 -0.00253349 -0.0025365 -0.00254606 -0.00254926 -0.00256016 -0.00256384 -0.0025756 -0.00258032 -0.00259224 -0.00259874 -0.00260995 -0.00261906 -0.00262878 -0.002641 -0.00264868 -0.00266329 -0.00266803 -0.00268092 -0.00267848 -0.00267686 -0.00265138 -0.00260378 -0.00251395 -0.00235861 -0.00212583 -0.00176702 -0.00127502 -0.000585587 0.00032348 0.00152405 0.00308117 0.00506153 0.00755983 0.0106003 0.0142393 0.0184431 0.0231885 0.0284184 0.0340135 0.0398603 0.0457185 0.0513755 0.0565796 0.0610897 0.0647243 0.0672282 0.0684413 0.0682205 0.0665065 0.0633655 0.0588257 0.053035 0.0461602 0.0383715 0.0299132 0.0209478 0.0117258 0.00252189 -0.00651111 -0.0151842 -0.0233496 -0.0308456 -0.0374833 -0.0432383 -0.0480651 -0.0518699 -0.0546734 -0.0564901 -0.0573659 -0.0574235 -0.0567356 -0.055397 -0.0535571 -0.0513424 -0.0488801 -0.0462675 -0.0435789 -0.0409385 -0.0384409 -0.0361136 -0.0340001 -0.0321395 -0.0305366 -0.0292116 -0.0281936 -0.0274869 
0 0.00230429 0.00463119 0.00706099 0.00960979 0.0122602 0.0150565 0.0180142 0.0211033 0.0243213 0.0276228 0.0308901 0.0340446 0.0370481 0.039778 0.0420536 0.0437744 0.0448611 0.045168 0.0445879 0.0430575 0.0405244 0.0370078 0.0325165 0.0270683 0.0207605 0.0136632 0.00591506 -0.0022969 -0.0108926 -0.0197017 -0.0284987 -0.0370961 -0.0452523 -0.0528215 -0.0596191 -0.0653913 -0.0700068 -0.073298 -0.0751825 -0.0756439 -0.0746569 -0.0723778 -0.0689419 -0.06454 -0.0594085 -0.0537283 -0.0478033 -0.0418495 -0.03609 -0.0307022 -0.0257542 -0.0213688 -0.0175436 -0.0143225 -0.0116757 -0.00953485 -0.0078632 -0.00653809 -0.00553755 -0.00476341 -0.00419313 -0.00378065 -0.00347939 -0.00328815 -0.00314187 -0.00306479 -0.00299741 -0.00296566 -0.0029353 -0.00291508 -0.00290236 -0.0028821 -0.00287803 -0.00285643 -0.00285585 -0.00283492 -0.00283435 -0.00281632 -0.00281365 -0.0027999 -0.00279424 -0.00278518 -0.00277659 -0.0027719 -0.00276101 -0.00275996 -0.00274761 -0.00274939 -0.00273641 -0.00274027 -0.00272732 -0.00273268 -0.00272023 -0.00272671 -0.00271502 -0.0027224 -0.00271161 -0.00271981 -0.00270992 -0.00271894 -0.00270992 -0.00271981 -0.00271161 -0.0027224 -0.00271502 -0.00272671 -0.00272023 -0.00273268 -0.00272732 -0.00274027 -0.00273641 -0.00274939 -0.00274761 -0.00275996 -0.00276101 -0.0027719 -0.00277659 -0.00278518 -0.00279424 -0.0027999 -0.00281365 -0.00281631 -0.00283433 -0.00283486 -0.00285569 -0.00285602 -0.00287701 -0.00287964 -0.00289669 -0.00290253 -0.00290863 -0.00291135 -0.00289138 -0.00286641 -0.0027862 -0.00267675 -0.00247068 -0.00218074 -0.00174721 -0.0011468 -0.000343617 0.000739409 0.00212662 0.00394036 0.00621136 0.00904006 0.0124508 0.0164429 0.0210239 0.026098 0.0316369 0.0374773 0.0434588 0.0493623 0.0549041 0.0598996 0.0640864 0.0672944 0.0693358 0.0700339 0.0693638 0.06727 0.0638202 0.0591014 0.0532178 0.0464145 0.0388422 0.0306697 0.0220816 0.01323 0.00436804 -0.00435879 -0.0128529 -0.0209375 -0.0285025 -0.0354132 -0.0415419 -0.0468427 -0.0512397 -0.0547073 -0.0572543 -0.0588506 -0.0595735 -0.0595497 -0.058816 -0.0574415 -0.0555878 -0.0533964 -0.0509566 -0.048375 -0.045768 -0.0432077 -0.0407712 -0.0385402 -0.0365234 -0.034753 -0.0333202 -0.032211 -0.0313768 
0 0.00267289 0.00542328 0.00824838 0.0111407 0.0141442 0.0172775 0.0205205 0.0238629 0.027254 0.0306075 0.0338718 0.0369726 0.039778 0.0421625 0.0440076 0.0452075 0.0456859 0.045344 0.0440748 0.0418515 0.0387139 0.0346634 0.0296956 0.023908 0.0174129 0.0102972 0.00269462 -0.00528896 -0.0135399 -0.0219055 -0.0302633 -0.0384196 -0.0462105 -0.0535345 -0.060184 -0.0659774 -0.0707227 -0.0742483 -0.0765098 -0.0774056 -0.0769291 -0.0751446 -0.0721309 -0.0681042 -0.0632119 -0.0576827 -0.0517734 -0.0457007 -0.039754 -0.0340714 -0.0288174 -0.0240775 -0.0198882 -0.0163245 -0.0133283 -0.0109138 -0.00897935 -0.00746344 -0.00630075 -0.0053932 -0.00473527 -0.00422663 -0.00388304 -0.00362904 -0.00346239 -0.00335393 -0.0032709 -0.00323213 -0.00318255 -0.0031699 -0.00313478 -0.00312745 -0.0031026 -0.00309231 -0.00307736 -0.00306198 -0.00305596 -0.00303634 -0.00303708 -0.00301526 -0.00302005 -0.00299827 -0.00300461 -0.00298468 -0.0029907 -0.00297377 -0.00297835 -0.00296497 -0.00296767 -0.00295785 -0.0029587 -0.00295218 -0.0029515 -0.00294781 -0.0029461 -0.00294469 -0.0029425 -0.00294282 -0.0029407 -0.00294219 -0.0029407 -0.00294282 -0.0029425 -0.00294469 -0.0029461 -0.00294781 -0.0029515 -0.00295218 -0.0029587 -0.00295785 -0.00296767 -0.00296497 -0.00297835 -0.00297377 -0.0029907 -0.00298468 -0.00300461 -0.00299827 -0.00302005 -0.00301526 -0.00303707 -0.00303632 -0.00305592 -0.00306188 -0.00307709 -0.00309162 -0.00310093 -0.00312353 -0.00312595 -0.00315081 -0.00314295 -0.00315337 -0.00312074 -0.0030795 -0.00298154 -0.00282068 -0.00257744 -0.00219638 -0.00168649 -0.000955026 -1.03999e-05 0.00125462 0.00287811 0.00494746 0.00755091 0.0107047 0.0144843 0.0188257 0.0237365 0.02913 0.0349022 0.0409334 0.0469661 0.0528085 0.0581734 0.0628493 0.0666488 0.0693439 0.0708323 0.070984 0.0698008 0.0673305 0.0635901 0.0587219 0.0528531 0.046184 0.0389132 0.0311316 0.0230021 0.0146638 0.00624326 -0.00210454 -0.0102897 -0.018186 -0.0256804 -0.0327102 -0.0391355 -0.0448308 -0.0497576 -0.0538803 -0.0571436 -0.0595041 -0.0609798 -0.0616444 -0.0615674 -0.0608098 -0.0594648 -0.0576639 -0.0555271 -0.0531594 -0.0506773 -0.0481619 -0.0456846 -0.043366 -0.0412807 -0.0394341 -0.037871 -0.0366399 -0.0357517 
0 0.00314839 0.00630785 0.00949159 0.0127683 0.0161625 0.0196132 0.0231157 0.0266604 0.0301323 0.0334777 0.0366826 0.0395919 0.0420536 0.0440076 0.0453419 0.0459432 0.0457525 0.0446896 0.0427111 0.0398458 0.0361235 0.0315699 0.0262319 0.0202101 0.0136459 0.00664173 -0.000739687 -0.00839793 -0.016199 -0.024049 -0.0318555 -0.0394968 -0.0468709 -0.0538488 -0.0602893 -0.0660284 -0.07085 -0.074624 -0.0772436 -0.0786095 -0.0786865 -0.0774312 -0.0749311 -0.0713221 -0.0667537 -0.0614602 -0.0556314 -0.0495471 -0.0434531 -0.0375457 -0.0320209 -0.0269443 -0.0224316 -0.0185025 -0.0151766 -0.0124511 -0.0102367 -0.00850876 -0.00714104 -0.00610223 -0.00530834 -0.00471329 -0.00429332 -0.00397749 -0.00378274 -0.00362977 -0.00354855 -0.0034801 -0.00344215 -0.00341398 -0.00338604 -0.00337661 -0.00334848 -0.00334716 -0.00331892 -0.00331955 -0.0032941 -0.00329282 -0.00327271 -0.00326747 -0.00325395 -0.00324421 -0.00323728 -0.00322359 -0.00322241 -0.00320584 -0.00320921 -0.003191 -0.00319771 -0.00317893 -0.00318797 -0.00316944 -0.00318006 -0.00316231 -0.00317407 -0.00315736 -0.00317005 -0.00315445 -0.00316804 -0.00315349 -0.00316804 -0.00315445 -0.00317005 -0.00315736 -0.00317407 -0.00316231 -0.00318006 -0.00316944 -0.00318797 -0.00317893 -0.00319771 -0.003191 -0.00320921 -0.00320584 -0.00322241 -0.00322359 -0.00323728 -0.00324421 -0.00325394 -0.00326746 -0.0032727 -0.00329279 -0.00329404 -0.00331938 -0.00331847 -0.00334604 -0.00334581 -0.00337048 -0.00337256 -0.0033855 -0.00338445 -0.00336796 -0.00333963 -0.00325654 -0.00314315 -0.002925 -0.00262729 -0.00216999 -0.00155132 -0.000709632 0.000412514 0.00185753 0.00374173 0.0060941 0.0090277 0.0125443 0.0166674 0.0213757 0.0265901 0.0322688 0.0382407 0.0443596 0.0503769 0.0560369 0.061129 0.0654031 0.0687043 0.070844 0.0717135 0.0713035 0.0696207 0.0667604 0.0627849 0.0578076 0.0520145 0.0455595 0.0386083 0.0312802 0.0236792 0.0159227 0.00806935 0.000193176 -0.00758701 -0.0151762 -0.022514 -0.0295348 -0.0361281 -0.0421621 -0.0475465 -0.0522385 -0.056171 -0.059273 -0.0615409 -0.0629762 -0.0636049 -0.0635414 -0.0628528 -0.061573 -0.0598495 -0.0578219 -0.0555615 -0.0531899 -0.0508227 -0.0485248 -0.0463919 -0.0445037 -0.0428821 -0.0415767 -0.0406472 
0 0.00358969 0.00720613 0.0108415 0.0145189 0.0182457 0.0219792 0.0256967 0.0293531 0.0328645 0.036173 0.0391783 0.041739 0.0437744 0.0452075 0.0459432 0.0459015 0.0449897 0.0431913 0.0405565 0.0370781 0.0328014 0.027831 0.0222239 0.0160985 0.00959576 0.00277504 -0.00429274 -0.0115199 -0.0188092 -0.0260664 -0.0332653 -0.0403602 -0.0472498 -0.0538377 -0.0600089 -0.0656165 -0.0704958 -0.0744831 -0.0774501 -0.0792962 -0.0799149 -0.0792432 -0.0773006 -0.0741718 -0.0700205 -0.0650217 -0.0593833 -0.0533592 -0.0471869 -0.0411215 -0.0353375 -0.0299724 -0.0251288 -0.0208483 -0.0171895 -0.0141245 -0.0116347 -0.0096486 -0.00808286 -0.00688071 -0.00594689 -0.00525929 -0.00474034 -0.00437658 -0.00411974 -0.00394256 -0.0038327 -0.00374766 -0.00370613 -0.00366037 -0.00364327 -0.00361441 -0.00360191 -0.00358286 -0.00356788 -0.00355643 -0.00353768 -0.00353223 -0.00351084 -0.00350947 -0.00348737 -0.00348812 -0.00346715 -0.0034684 -0.00344995 -0.00345061 -0.00343547 -0.00343501 -0.00342345 -0.00342175 -0.00341367 -0.00341092 -0.00340598 -0.00340255 -0.00340027 -0.00339661 -0.00339649 -0.00339306 -0.00339461 -0.00339188 -0.00339461 -0.00339306 -0.00339649 -0.00339661 -0.00340027 -0.00340255 -0.00340598 -0.00341092 -0.00341367 -0.00342175 -0.00342345 -0.00343501 -0.00343547 -0.00345061 -0.00344995 -0.0034684 -0.00346715 -0.00348812 -0.00348737 -0.00350947 -0.00351083 -0.00353219 -0.00353757 -0.00355614 -0.00356714 -0.00358107 -0.00359772 -0.00360502 -0.00362307 -0.00361867 -0.00362354 -0.00359077 -0.0035469 -0.00344313 -0.00328198 -0.00302577 -0.00264221 -0.00211074 -0.0013649 -0.00038689 0.00091746 0.00259224 0.00473574 0.00741525 0.0106766 0.0145601 0.0190271 0.0240617 0.0295734 0.035466 0.0415854 0.0477073 0.0536052 0.0590147 0.0637259 0.0675388 0.0702705 0.0717974 0.0720474 0.0710521 0.0688916 0.065654 0.0614555 0.0564363 0.0507577 0.0445727 0.0379961 0.0311403 0.0241216 0.0169878 0.00975437 0.00245869 -0.00483981 -0.0120509 -0.0191341 -0.0260509 -0.0326794 -0.0389287 -0.0447045 -0.0498724 -0.0543785 -0.058183 -0.0612225 -0.0634691 -0.0649038 -0.0655825 -0.0656013 -0.0649809 -0.0638033 -0.0622253 -0.0603335 -0.0582397 -0.0560904 -0.053936 -0.0518435 -0.0499555 -0.0483487 -0.0470471 -0.0460936 
0 0.00403701 0.00812686 0.0122192 0.0162797 0.0203203 0.024303 0.0281632 0.0318632 0.0353427 0.0384796 0.0411591 0.0433176 0.0448611 0.0456859 0.0457525 0.0449897 0.0433389 0.0408727 0.0376269 0.0335952 0.0288791 0.0235834 0.017817 0.0117117 0.00533063 -0.00122808 -0.007877 -0.0145945 -0.0212837 -0.0279058 -0.0344914 -0.0409993 -0.0473891 -0.0535636 -0.0594127 -0.0648624 -0.0697465 -0.0739072 -0.0772033 -0.0794828 -0.080643 -0.0805668 -0.0792159 -0.0766492 -0.0729724 -0.0683618 -0.0629988 -0.0571084 -0.0509481 -0.0447601 -0.0387689 -0.0331325 -0.0279676 -0.0233561 -0.0193436 -0.0159506 -0.0131549 -0.0109027 -0.00912399 -0.00773494 -0.00666745 -0.0058567 -0.00525172 -0.00481349 -0.00449864 -0.00428493 -0.00413557 -0.0040388 -0.00397087 -0.00392425 -0.00389126 -0.00386243 -0.00384361 -0.00382076 -0.00380792 -0.0037882 -0.00377792 -0.00376124 -0.00375175 -0.00373843 -0.00372877 -0.00371886 -0.00370866 -0.00370189 -0.00369118 -0.00368711 -0.00367616 -0.00367427 -0.00366346 -0.00366331 -0.00365299 -0.00365423 -0.00364467 -0.00364707 -0.00363847 -0.00364191 -0.00363434 -0.00363879 -0.00363228 -0.00363774 -0.00363228 -0.00363879 -0.00363434 -0.00364191 -0.00363847 -0.00364707 -0.00364467 -0.00365423 -0.00365299 -0.00366331 -0.00366346 -0.00367427 -0.00367616 -0.00368711 -0.00369118 -0.00370189 -0.00370866 -0.00371886 -0.00372877 -0.00373842 -0.00375172 -0.00376117 -0.00377773 -0.00378772 -0.00380673 -0.00381793 -0.00383716 -0.0038483 -0.00386155 -0.00386426 -0.00385468 -0.00382293 -0.00375084 -0.00362681 -0.00341707 -0.00310287 -0.00264139 -0.00200077 -0.00113168 2.16165e-05 0.00152373 0.00345661 0.00589331 0.00890186 0.0125186 0.016744 0.0215516 0.0268786 0.032638 0.0386988 0.044869 0.0509239 0.0566051 0.0616839 0.0659557 0.0692285 0.0713618 0.0722428 0.0718711 0.0703169 0.0676747 0.0640896 0.0596884 0.0546519 0.0491458 0.04326 0.037113 0.0307831 0.0243507 0.0178617 0.0112624 0.0045782 -0.00215949 -0.0089461 -0.0157045 -0.022391 -0.0289402 -0.0352578 -0.0412863 -0.0468717 -0.0518845 -0.0563158 -0.0600846 -0.0631026 -0.0653657 -0.0668621 -0.0676245 -0.0677406 -0.067273 -0.0662907 -0.0648982 -0.0632193 -0.0613712 -0.0594521 -0.0575762 -0.0558356 -0.054278 -0.0530041 -0.0521088 
