0 0 0 0 0 0 0 0 0 0 0 0 0 0 0 0 0 0 0 0 0 0 0 0 0 0 0 0 0 0 0 0 0 0 0 0 0 0 0 0 0 0 0 0 0 0 0 0 0 0 0 0 0 0 0 0 0 0 0 0 0 0 0 0 0 0 0 0 0 0 0 0 0 0 0 0 0 0 0 0 0 0 0 0 0 0 0 0 0 0 0 0 0 0 0 0 0 0 0 0 0 0 0 0 0 0 0 0 0 0 0 0 0 0 0 0 0 0 0 0 0 0 0 0 0 0 0 0 0 0 0 0 0 0 0 0 0 0 0 0 0 0 0 0 0 0 0 0 0 0 0 0 0 0 0 0 0 0 0 0 0 0 0 0 0 0 0 0 0 0 0 0 0 0 0 0 0 0 0 0 0 0 0 0 0 0 0 0 0 0 0 0 0 0 0 0 0 0 0 0 
0 0.00134768 0.00265753 0.00384224 0.00477611 0.00536225 0.00558612 0.00549596 0.0051331 0.0044937 0.00356202 0.00236735 0.000996958 -0.000441015 -0.00185958 -0.00320668 -0.00445298 -0.00557254 -0.00653356 -0.0073054 -0.007872 -0.00823758 -0.00842174 -0.00844991 -0.00834513 -0.00812543 -0.00780718 -0.00740954 -0.00695586 -0.00647203 -0.00598224 -0.00550479 -0.0050505 -0.00462368 -0.00422471 -0.00385311 -0.00350944 -0.00319558 -0.00291392 -0.00266602 -0.00245141 -0.00226745 -0.00210963 -0.00197265 -0.00185152 -0.00174237 -0.00164286 -0.00155204 -0.00146992 -0.00139692 -0.00133327 -0.00127872 -0.00123243 -0.00119298 -0.00115871 -0.00112792 -0.00109913 -0.00107127 -0.00104374 -0.00101636 -0.000989333 -0.000963059 -0.000938047 -0.000914764 -0.000893584 -0.000874701 -0.000858153 -0.000843814 -0.000831439 -0.000820709 -0.000811261 -0.000802753 -0.000794858 -0.000787323 -0.000779943 -0.00077259 -0.000765189 -0.000757717 -0.000750197 -0.000742671 -0.000735207 -0.00072787 -0.000720739 -0.000713871 -0.000707332 -0.00070116 -0.000695395 -0.000690056 -0.00068516 -0.000680711 -0.000676705 -0.000673137 -0.000669994 -0.000667266 -0.000664936 -0.000662994 -0.000661422 -0.000660214 -0.000659357 -0.000658847 -0.000658675 -0.000658847 -0.000659357 -0.000660214 -0.000661422 -0.000662994 -0.000664936 -0.000667266 -0.000669994 -0.000673137 -0.000676705 -0.000680711 -0.00068516 -0.000690056 -0.000695395 -0.00070116 -0.000707332 -0.000713871 -0.000720739 -0.00072787 -0.000735207 -0.000742671 -0.000750197 -0.000757717 -0.000765189 -0.00077259 -0.000779943 -0.000787323 -0.000794858 -0.000802753 -0.000811261 -0.000820709 -0.000831439 -0.000843814 -0.000858153 -0.000874701 -0.000893584 -0.000914764 -0.000938047 -0.000963059 -0.000989333 -0.00101636 -0.00104374 -0.00107127 -0.00109913 -0.00112792 -0.00115871 -0.00119298 -0.00123243 -0.00127872 -0.00133327 -0.00139692 -0.00146992 -0.00155204 -0.00164286 -0.00174237 -0.00185152 -0.00197265 -0.00210963 -0.00226745 -0.00245141 -0.00266602 -0.00291392 -0.00319558 -0.00350944 -0.00385311 -0.00422471 -0.00462368 -0.0050505 -0.00550479 -0.00598223 -0.006472 -0.00695577 -0.00740925 -0.00780639 -0.00812337 -0.00834009 -0.0084383 -0.00839658 -0.00818639 -0.00777412 -0.00712966 -0.00623722 -0.00510281 -0.00375124 -0.0022134 -0.000515283 0.00132177 0.00327175 0.00529391 0.00733314 0.00933515 0.0112607 0.0130763 0.0147332 0.0161744 0.0173735 0.0183515 0.0191365 0.0197107 
0 0.00265753 0.00519322 0.00743853 0.00920364 0.0103545 0.0108547 0.0107308 0.0100114 0.00871335 0.00687563 0.0045882 0.00198581 -0.000778551 -0.00355793 -0.00622745 -0.00869089 -0.0108782 -0.0127409 -0.0142494 -0.0153907 -0.0161655 -0.0165884 -0.0166871 -0.0165003 -0.0160745 -0.0154597 -0.0147048 -0.013854 -0.0129459 -0.0120129 -0.011082 -0.0101758 -0.00931201 -0.00850381 -0.00775946 -0.00708246 -0.00647241 -0.00592621 -0.00543915 -0.00500619 -0.00462254 -0.0042838 -0.00398605 -0.00372545 -0.00349807 -0.00329986 -0.0031266 -0.00297423 -0.00283903 -0.00271784 -0.00260821 -0.00250833 -0.00241703 -0.00233355 -0.00225738 -0.00218815 -0.00212541 -0.00206864 -0.00201723 -0.00197045 -0.00192761 -0.00188797 -0.00185093 -0.00181597 -0.00178271 -0.0017509 -0.00172039 -0.00169115 -0.0016632 -0.00163659 -0.00161138 -0.00158763 -0.00156539 -0.00154466 -0.00152543 -0.00150765 -0.00149127 -0.00147618 -0.00146232 -0.00144958 -0.00143787 -0.00142709 -0.00141717 -0.00140804 -0.00139962 -0.00139188 -0.00138476 -0.00137824 -0.00137228 -0.00136688 -0.001362 -0.00135766 -0.00135382 -0.00135051 -0.0013477 -0.00134541 -0.00134362 -0.00134235 -0.00134159 -0.00134133 -0.00134159 -0.00134235 -0.00134362 -0.00134541 -0.0013477 -0.00135051 -0.00135382 -0.00135766 -0.001362 -0.00136688 -0.00137228 -0.00137824 -0.00138476 -0.00139188 -0.00139962 -0.00140804 -0.00141717 -0.00142709 -0.00143787 -0.00144958 -0.00146232 -0.00147618 -0.00149127 -0.00150765 -0.00152543 -0.00154466 -0.00156539 -0.00158763 -0.00161138 -0.00163659 -0.0016632 -0.00169115 -0.00172039 -0.0017509 -0.00178271 -0.00181597 -0.00185093 -0.00188797 -0.00192761 -0.00197045 -0.00201723 -0.00206864 -0.00212541 -0.00218815 -0.00225738 -0.00233355 -0.00241703 -0.00250833 -0.00260821 -0.00271784 -0.00283903 -0.00297423 -0.0031266 -0.00329986 -0.00349807 -0.00372545 -0.00398605 -0.0042838 -0.00462254 -0.00500619 -0.00543915 -0.00592621 -0.00647241 -0.00708246 -0.00775946 -0.00850381 -0.00931201 -0.0101758 -0.011082 -0.0120129 -0.0129458 -0.0138537 -0.014704 -0.0154576 -0.0160692 -0.0164878 -0.0166591 -0.0165294 -0.0160488 -0.0151732 -0.0138682 -0.0121115 -0.00989798 -0.00724603 -0.00419926 -0.000820842 0.00281675 0.00664239 0.0105909 0.0145935 0.0185623 0.0223899 0.0259689 0.0292117 0.0320594 0.034482 0.0364722 0.038024 0.039112 
0 0.00384224 0.00743853 0.0105599 0.0130209 0.0146943 0.0154971 0.0153778 0.014333 0.0124302 0.00979421 0.0065708 0.00291282 -0.00100716 -0.00499518 -0.00885964 -0.0124398 -0.0156223 -0.018342 -0.0205681 -0.0222863 -0.0234922 -0.0241958 -0.0244269 -0.0242363 -0.0236917 -0.0228676 -0.0218348 -0.0206554 -0.0193814 -0.0180564 -0.0167189 -0.0154028 -0.0141372 -0.0129448 -0.0118405 -0.010831 -0.00991679 -0.00909345 -0.0083545 -0.00769324 -0.00710345 -0.00657984 -0.00611763 -0.00571183 -0.00535711 -0.00504752 -0.00477673 -0.00453856 -0.00432723 -0.00413792 -0.00396684 -0.00381121 -0.00366924 -0.00353967 -0.00342167 -0.00331454 -0.00321749 -0.00312969 -0.00305012 -0.0029777 -0.00291135 -0.00285002 -0.00279284 -0.00273904 -0.00268809 -0.0026396 -0.00259335 -0.00254924 -0.00250724 -0.00246739 -0.0024297 -0.00239422 -0.00236096 -0.00232991 -0.002301 -0.00227417 -0.00224933 -0.00222634 -0.0022051 -0.00218547 -0.00216734 -0.00215058 -0.00213511 -0.00212081 -0.00210763 -0.00209547 -0.0020843 -0.00207407 -0.00206474 -0.00205627 -0.00204865 -0.00204187 -0.0020359 -0.00203075 -0.00202639 -0.00202284 -0.00202007 -0.0020181 -0.00201692 -0.00201653 -0.00201692 -0.0020181 -0.00202007 -0.00202284 -0.00202639 -0.00203075 -0.0020359 -0.00204187 -0.00204865 -0.00205627 -0.00206474 -0.00207407 -0.0020843 -0.00209547 -0.00210763 -0.00212081 -0.00213511 -0.00215058 -0.00216734 -0.00218547 -0.0022051 -0.00222634 -0.00224933 -0.00227417 -0.002301 -0.00232991 -0.00236096 -0.00239422 -0.0024297 -0.00246739 -0.00250724 -0.00254924 -0.00259335 -0.0026396 -0.00268809 -0.00273904 -0.00279284 -0.00285002 -0.00291135 -0.0029777 -0.00305012 -0.00312969 -0.00321749 -0.00331454 -0.00342167 -0.00353967 -0.00366924 -0.00381121 -0.00396684 -0.00413792 -0.00432723 -0.00453856 -0.00477673 -0.00504752 -0.00535711 -0.00571183 -0.00611763 -0.00657984 -0.00710345 -0.00769324 -0.0083545 -0.00909345 -0.00991679 -0.010831 -0.0118405 -0.0129448 -0.0141372 -0.0154028 -0.0167188 -0.0180563 -0.0193812 -0.0206547 -0.021833 -0.0228629 -0.0236804 -0.0242106 -0.0243719 -0.0240846 -0.0232804 -0.0219058 -0.0199229 -0.0173083 -0.0140524 -0.010169 -0.00570801 -0.000757736 0.00457081 0.0101663 0.0159322 0.0217794 0.0275927 0.03321 0.038458 0.0432171 0.0474364 0.0510805 0.0540837 0.0563747 0.0579272 
0 0.00477611 0.00920364 0.0130209 0.0160579 0.0181738 0.0192228 0.0191003 0.0178104 0.0154639 0.0122178 0.0082371 0.00370811 -0.00114989 -0.00610485 -0.0109404 -0.0154723 -0.0195582 -0.0230982 -0.0260279 -0.0283135 -0.0299532 -0.0309718 -0.0314138 -0.031338 -0.030813 -0.0299121 -0.0287122 -0.0272914 -0.0257236 -0.0240752 -0.0224023 -0.020748 -0.0191443 -0.0176142 -0.0161734 -0.0148332 -0.0136009 -0.0124802 -0.011471 -0.0105695 -0.0097687 -0.00905931 -0.00843101 -0.00787374 -0.00737859 -0.00693795 -0.00654587 -0.00619743 -0.00588837 -0.00561485 -0.00537281 -0.00515828 -0.00496724 -0.00479577 -0.00464045 -0.00449826 -0.00436694 -0.00424482 -0.00413076 -0.00402419 -0.0039247 -0.00383216 -0.0037464 -0.00366722 -0.00359437 -0.0035274 -0.0034659 -0.00340925 -0.00335693 -0.00330834 -0.00326296 -0.00322034 -0.00318008 -0.00314191 -0.00310557 -0.00307094 -0.00303789 -0.00300639 -0.00297641 -0.00294796 -0.00292104 -0.00289566 -0.00287184 -0.00284957 -0.00282887 -0.00280969 -0.00279205 -0.00277589 -0.00276122 -0.00274796 -0.00273611 -0.00272561 -0.00271645 -0.00270858 -0.00270198 -0.0026966 -0.00269246 -0.0026895 -0.00268774 -0.00268714 -0.00268774 -0.0026895 -0.00269246 -0.0026966 -0.00270198 -0.00270858 -0.00271645 -0.00272561 -0.00273611 -0.00274796 -0.00276122 -0.00277589 -0.00279205 -0.00280969 -0.00282887 -0.00284957 -0.00287184 -0.00289566 -0.00292104 -0.00294796 -0.00297641 -0.00300639 -0.00303789 -0.00307094 -0.00310557 -0.00314191 -0.00318008 -0.00322034 -0.00326296 -0.00330834 -0.00335693 -0.00340925 -0.0034659 -0.0035274 -0.00359437 -0.00366722 -0.0037464 -0.00383216 -0.0039247 -0.00402419 -0.00413076 -0.00424482 -0.00436694 -0.00449826 -0.00464045 -0.00479577 -0.00496724 -0.00515828 -0.00537281 -0.00561485 -0.00588837 -0.00619743 -0.00654587 -0.00693795 -0.00737859 -0.00787374 -0.00843101 -0.00905931 -0.0097687 -0.0105695 -0.011471 -0.0124802 -0.0136009 -0.0148332 -0.0161734 -0.0176142 -0.0191443 -0.020748 -0.0224022 -0.024075 -0.025723 -0.0272898 -0.0287082 -0.0299023 -0.0307905 -0.0312893 -0.0313139 -0.0307787 -0.0296004 -0.0277049 -0.0250343 -0.0215588 -0.0172845 -0.0122497 -0.00652008 -0.000183871 0.00665542 0.0138791 0.0213451 0.0288913 0.0363505 0.0435558 0.0503426 0.0565689 0.0621299 0.0669364 0.070886 0.0738873 0.0759106 
0 0.00536225 0.0103545 0.0146943 0.0181738 0.0205984 0.0217918 0.0216661 0.0202508 0.0176485 0.0139978 0.00948354 0.00434116 -0.00117712 -0.00683323 -0.0124074 -0.0177002 -0.0225425 -0.026799 -0.0303736 -0.0332185 -0.0353312 -0.0367383 -0.0374856 -0.037632 -0.0372433 -0.0363934 -0.0351654 -0.0336458 -0.0319194 -0.0300646 -0.0281474 -0.0262206 -0.0243255 -0.0224931 -0.0207468 -0.0191045 -0.0175784 -0.0161756 -0.0148989 -0.0137455 -0.01271 -0.0117841 -0.010958 -0.0102221 -0.00956688 -0.0089837 -0.00846504 -0.00800378 -0.00759375 -0.00722911 -0.00690431 -0.00661447 -0.0063548 -0.00612125 -0.00591016 -0.00571835 -0.00554334 -0.00538286 -0.00523529 -0.00509917 -0.00497332 -0.00485685 -0.0047488 -0.00464856 -0.00455535 -0.00446862 -0.00438781 -0.00431238 -0.00424194 -0.00417599 -0.00411426 -0.00405633 -0.00400199 -0.00395096 -0.00390302 -0.00385802 -0.00381573 -0.00377608 -0.00373886 -0.00370404 -0.00367143 -0.00364101 -0.00361263 -0.00358627 -0.00356181 -0.00353922 -0.00351842 -0.00349936 -0.00348201 -0.00346629 -0.0034522 -0.00343966 -0.0034287 -0.00341922 -0.00341127 -0.00340476 -0.00339975 -0.00339614 -0.00339401 -0.00339328 -0.00339401 -0.00339614 -0.00339975 -0.00340476 -0.00341127 -0.00341922 -0.0034287 -0.00343966 -0.0034522 -0.00346629 -0.00348201 -0.00349936 -0.00351842 -0.00353922 -0.00356181 -0.00358627 -0.00361263 -0.00364101 -0.00367143 -0.00370404 -0.00373886 -0.00377608 -0.00381573 -0.00385802 -0.00390302 -0.00395096 -0.00400199 -0.00405633 -0.00411426 -0.00417599 -0.00424194 -0.00431238 -0.00438781 -0.00446862 -0.00455535 -0.00464856 -0.0047488 -0.00485685 -0.00497332 -0.00509917 -0.00523529 -0.00538286 -0.00554334 -0.00571835 -0.00591016 -0.00612125 -0.0063548 -0.00661447 -0.00690431 -0.00722911 -0.00759375 -0.00800378 -0.00846504 -0.0089837 -0.00956688 -0.0102221 -0.010958 -0.0117841 -0.01271 -0.0137455 -0.0148989 -0.0161756 -0.0175784 -0.0191045 -0.0207468 -0.0224931 -0.0243255 -0.0262205 -0.0281473 -0.0300641 -0.0319181 -0.0336425 -0.0351571 -0.0363742 -0.037201 -0.0375442 -0.0373135 -0.0364198 -0.0347741 -0.0322961 -0.0289237 -0.024626 -0.0194172 -0.0133521 -0.00650427 0.00104496 0.009202 0.0178454 0.0268016 0.0358441 0.0447475 0.0533466 0.061519 0.0691148 0.0759398 0.0818139 0.0866224 0.0903054 0.0928212 
0 0.00558612 0.0108547 0.0154971 0.0192228 0.0217918 0.0230572 0.0229696 0.0215395 0.018829 0.0149826 0.0102235 0.00479348 -0.00108328 -0.00718129 -0.0132615 -0.019097 -0.0244959 -0.029309 -0.0334376 -0.0368298 -0.0394621 -0.0413353 -0.0424788 -0.0429452 -0.0428041 -0.0421398 -0.0410396 -0.0395865 -0.037861 -0.0359382 -0.033887 -0.0317727 -0.0296522 -0.0275722 -0.025569 -0.0236671 -0.0218805 -0.0202174 -0.0186798 -0.0172678 -0.0159802 -0.0148136 -0.013764 -0.0128254 -0.0119894 -0.0112469 -0.0105874 -0.0100003 -0.00947611 -0.00900595 -0.00858302 -0.0082016 -0.00785717 -0.00754645 -0.00726613 -0.00701367 -0.00678625 -0.00658104 -0.0063955 -0.00622669 -0.00607236 -0.00593011 -0.00579813 -0.00567495 -0.00555926 -0.00545044 -0.00534772 -0.00525091 -0.00515966 -0.00507387 -0.00499344 -0.00491814 -0.00484797 -0.00478255 -0.00472186 -0.00466546 -0.00461323 -0.00456479 -0.00451992 -0.00447835 -0.00443979 -0.0044041 -0.00437097 -0.00434036 -0.00431198 -0.00428586 -0.00426173 -0.00423967 -0.00421947 -0.00420121 -0.00418473 -0.00417009 -0.00415718 -0.00414606 -0.00413664 -0.00412898 -0.004123 -0.00411876 -0.00411619 -0.00411535 -0.00411619 -0.00411876 -0.004123 -0.00412898 -0.00413664 -0.00414606 -0.00415718 -0.00417009 -0.00418473 -0.00420121 -0.00421947 -0.00423967 -0.00426173 -0.00428586 -0.00431198 -0.00434036 -0.00437097 -0.0044041 -0.00443979 -0.00447835 -0.00451992 -0.00456479 -0.00461323 -0.00466546 -0.00472186 -0.00478255 -0.00484797 -0.00491814 -0.00499344 -0.00507387 -0.00515966 -0.00525091 -0.00534772 -0.00545044 -0.00555926 -0.00567495 -0.00579813 -0.00593011 -0.00607236 -0.00622669 -0.0063955 -0.00658104 -0.00678625 -0.00701367 -0.00726613 -0.00754645 -0.00785717 -0.0082016 -0.00858302 -0.00900595 -0.00947611 -0.0100003 -0.0105874 -0.0112469 -0.0119894 -0.0128254 -0.013764 -0.0148136 -0.0159802 -0.0172678 -0.0186798 -0.0202174 -0.0218805 -0.023667 -0.025569 -0.0275721 -0.0296522 -0.0317725 -0.0338867 -0.0359371 -0.0378582 -0.0395796 -0.0410232 -0.0421035 -0.0427279 -0.0427939 -0.0421953 -0.0408329 -0.0386193 -0.0354882 -0.0314024 -0.0263486 -0.0203342 -0.0133934 -0.00558199 0.00302403 0.0123118 0.0221235 0.0322693 0.0425345 0.0526935 0.0625509 0.071954 0.0807328 0.0886556 0.095492 0.101105 0.105436 0.108416 
0 0.00549596 0.0107308 0.0153778 0.0191003 0.0216661 0.0229696 0.0229555 0.0215887 0.0189199 0.0151207 0.0104101 0.00498388 -0.000964803 -0.00720923 -0.013508 -0.0196351 -0.02539 -0.030615 -0.0352056 -0.0390912 -0.0422244 -0.0445913 -0.046208 -0.0471123 -0.0473645 -0.0470393 -0.0462125 -0.0449635 -0.0433728 -0.0415166 -0.0394697 -0.037303 -0.0350773 -0.032846 -0.0306527 -0.0285295 -0.0265017 -0.0245868 -0.0227951 -0.0211337 -0.0196044 -0.0182055 -0.0169338 -0.0157824 -0.014744 -0.0138107 -0.0129731 -0.0122232 -0.0115522 -0.0109519 -0.010415 -0.00993395 -0.00950245 -0.00911429 -0.00876401 -0.00844723 -0.00815937 -0.00789743 -0.00765816 -0.00743917 -0.00723851 -0.00705405 -0.00688462 -0.00672842 -0.00658444 -0.00645138 -0.00632812 -0.00621385 -0.00610739 -0.00600828 -0.00591547 -0.00582866 -0.00574713 -0.00567053 -0.00559854 -0.00553074 -0.00546709 -0.00540712 -0.00535098 -0.00529819 -0.00524894 -0.00520283 -0.00515999 -0.00512013 -0.00508327 -0.00504927 -0.00501801 -0.00498949 -0.0049635 -0.00494013 -0.0049191 -0.00490057 -0.00488426 -0.00487034 -0.00485852 -0.00484902 -0.00484155 -0.00483634 -0.00483312 -0.00483213 -0.00483312 -0.00483634 -0.00484155 -0.00484902 -0.00485852 -0.00487034 -0.00488426 -0.00490057 -0.0049191 -0.00494013 -0.0049635 -0.00498949 -0.00501801 -0.00504927 -0.00508327 -0.00512013 -0.00515999 -0.00520283 -0.00524894 -0.00529819 -0.00535098 -0.00540712 -0.00546709 -0.00553074 -0.00559854 -0.00567053 -0.00574713 -0.00582866 -0.00591547 -0.00600828 -0.00610739 -0.00621385 -0.00632812 -0.00645138 -0.00658444 -0.00672842 -0.00688462 -0.00705405 -0.00723851 -0.00743917 -0.00765816 -0.00789743 -0.00815937 -0.00844723 -0.00876401 -0.00911429 -0.00950245 -0.00993395 -0.010415 -0.0109519 -0.0115522 -0.0122232 -0.0129731 -0.0138107 -0.014744 -0.0157824 -0.0169338 -0.0182055 -0.0196044 -0.0211337 -0.0227951 -0.0245868 -0.0265017 -0.0285295 -0.0306527 -0.0328459 -0.0350772 -0.0373026 -0.0394688 -0.0415143 -0.0433671 -0.0449498 -0.0461818 -0.0469739 -0.0472331 -0.0468627 -0.0457598 -0.0438296 -0.0409965 -0.0372064 -0.0324349 -0.0266846 -0.0199626 -0.0122804 -0.00367458 0.00578215 0.0159657 0.0266902 0.0377478 0.0489599 0.0601545 0.071113 0.0815822 0.0913267 0.100138 0.107816 0.114186 0.119108 0.122472 
0 0.0051331 0.0100114 0.014333 0.0178104 0.0202508 0.0215395 0.0215887 0.0203643 0.0179323 0.0144258 0.00999069 0.00479904 -0.00093522 -0.00699967 -0.0132082 -0.0193694 -0.025283 -0.0307762 -0.0357142 -0.0399969 -0.0435733 -0.0464323 -0.0485746 -0.050015 -0.050787 -0.0509341 -0.0505151 -0.0496079 -0.0482929 -0.0466494 -0.0447555 -0.0426773 -0.0404735 -0.0381998 -0.0359035 -0.033628 -0.0314125 -0.0292854 -0.0272692 -0.0253782 -0.023617 -0.021988 -0.020488 -0.019112 -0.017856 -0.0167131 -0.0156782 -0.0147453 -0.0139064 -0.0131551 -0.0124824 -0.0118801 -0.0113403 -0.0108543 -0.0104161 -0.0100187 -0.00965739 -0.00932822 -0.00902715 -0.00875218 -0.00850027 -0.00826981 -0.00805886 -0.00786537 -0.00768821 -0.0075251 -0.0073752 -0.00723656 -0.00710822 -0.006989 -0.00687771 -0.00677392 -0.00667639 -0.00658516 -0.00649916 -0.00641856 -0.00634263 -0.0062714 -0.00620456 -0.00614186 -0.00608336 -0.00602858 -0.00597782 -0.00593046 -0.00588689 -0.00584646 -0.0058096 -0.00577568 -0.00574507 -0.00571726 -0.00569252 -0.00567047 -0.0056513 -0.00563471 -0.00562085 -0.0056095 -0.00560077 -0.00559451 -0.0055908 -0.00558954 -0.0055908 -0.00559451 -0.00560077 -0.0056095 -0.00562085 -0.00563471 -0.0056513 -0.00567047 -0.00569252 -0.00571726 -0.00574507 -0.00577568 -0.0058096 -0.00584646 -0.00588689 -0.00593046 -0.00597782 -0.00602858 -0.00608336 -0.00614186 -0.00620456 -0.0062714 -0.00634263 -0.00641856 -0.00649916 -0.00658516 -0.00667639 -0.00677392 -0.00687771 -0.006989 -0.00710822 -0.00723656 -0.0073752 -0.0075251 -0.00768821 -0.00786537 -0.00805886 -0.00826981 -0.00850027 -0.00875218 -0.00902715 -0.00932822 -0.00965739 -0.0100187 -0.0104161 -0.0108543 -0.0113403 -0.0118801 -0.0124824 -0.0131551 -0.0139064 -0.0147453 -0.0156782 -0.0167131 -0.017856 -0.019112 -0.020488 -0.021988 -0.023617 -0.0253782 -0.0272692 -0.0292854 -0.0314125 -0.033628 -0.0359035 -0.0381998 -0.0404732 -0.0426766 -0.0447537 -0.0466447 -0.0482816 -0.0495822 -0.0504596 -0.0508212 -0.0505697 -0.0496193 -0.0478931 -0.0453191 -0.0418435 -0.0374261 -0.0320337 -0.0256568 -0.0183063 -0.00999659 -0.000764852 0.00930737 0.020105 0.0314768 0.0432317 0.0551827 0.0671662 0.0789687 0.0902853 0.100812 0.110344 0.118721 0.125736 0.131154 0.134813 
0 0.0044937 0.00871335 0.0124302 0.0154639 0.0176485 0.018829 0.0189199 0.0179323 0.0159079 0.0128731 0.00890738 0.0041965 -0.00104786 -0.0066706 -0.0125351 -0.0184733 -0.0243083 -0.0298724 -0.0350054 -0.0395909 -0.0435705 -0.0469071 -0.0495763 -0.0515793 -0.052927 -0.0536398 -0.0537641 -0.0533571 -0.0524783 -0.0511998 -0.0495922 -0.0477201 -0.0456525 -0.0434502 -0.0411662 -0.0388524 -0.0365486 -0.0342882 -0.0321014 -0.0300074 -0.028023 -0.0261607 -0.0244248 -0.0228197 -0.0213436 -0.0199916 -0.0187593 -0.0176375 -0.016619 -0.0156963 -0.0148601 -0.014105 -0.0134228 -0.0128076 -0.0122536 -0.0117538 -0.0113039 -0.0108973 -0.0105295 -0.0101957 -0.00989104 -0.0096129 -0.00935683 -0.00912126 -0.00890329 -0.00870133 -0.00851428 -0.00834019 -0.00817909 -0.00802901 -0.00789017 -0.00776108 -0.00764149 -0.00753066 -0.00742769 -0.00733252 -0.00724381 -0.00716195 -0.00708546 -0.00701487 -0.00694893 -0.00688799 -0.00683123 -0.00677874 -0.00673014 -0.00668521 -0.006644 -0.00660604 -0.00657168 -0.00654025 -0.00651235 -0.00648717 -0.00646545 -0.00644632 -0.00643058 -0.00641735 -0.00640748 -0.00640006 -0.00639597 -0.00639431 -0.00639597 -0.00640006 -0.00640748 -0.00641735 -0.00643058 -0.00644632 -0.00646545 -0.00648717 -0.00651235 -0.00654025 -0.00657168 -0.00660604 -0.006644 -0.00668521 -0.00673014 -0.00677874 -0.00683123 -0.00688799 -0.00694893 -0.00701487 -0.00708546 -0.00716195 -0.00724381 -0.00733252 -0.00742769 -0.00753066 -0.00764149 -0.00776108 -0.00789017 -0.00802901 -0.00817909 -0.00834019 -0.00851428 -0.00870133 -0.00890329 -0.00912126 -0.00935683 -0.0096129 -0.00989104 -0.0101957 -0.0105295 -0.0108973 -0.0113039 -0.0117538 -0.0122536 -0.0128076 -0.0134228 -0.014105 -0.0148601 -0.0156963 -0.016619 -0.0176375 -0.0187593 -0.0199916 -0.0213436 -0.0228197 -0.0244248 -0.0261607 -0.028023 -0.0300074 -0.0321014 -0.0342882 -0.0365486 -0.0388524 -0.0411662 -0.04345 -0.0456519 -0.0477186 -0.0495884 -0.0511906 -0.052457 -0.0533106 -0.0536682 -0.0534526 -0.0525815 -0.0509757 -0.0485768 -0.0453336 -0.0412045 -0.0361698 -0.0302095 -0.0232983 -0.0154362 -0.00664503 0.00303804 0.01353 0.024713 0.0364796 0.048708 0.0612085 0.0737508 0.0861011 0.0979938 0.109133 0.119264 0.128182 0.135656 0.141428 0.145312 
0 0.00356202 0.00687563 0.00979421 0.0122178 0.0139978 0.0149826 0.0151207 0.0144258 0.0128731 0.0104281 0.00715124 0.00317735 -0.00137091 -0.0063733 -0.0116778 -0.0171434 -0.0226532 -0.0280643 -0.0332219 -0.0380069 -0.0423195 -0.0460743 -0.0492341 -0.0517898 -0.0537323 -0.0550737 -0.0558379 -0.0560437 -0.0557301 -0.0549527 -0.0537665 -0.0522411 -0.0504489 -0.0484487 -0.0463019 -0.0440607 -0.0417649 -0.0394577 -0.0371727 -0.0349381 -0.0327835 -0.0307265 -0.0287818 -0.026961 -0.0252643 -0.0236944 -0.0222475 -0.0209169 -0.0196997 -0.0185865 -0.0175724 -0.0166509 -0.0158137 -0.0150567 -0.0143711 -0.0137517 -0.0131921 -0.0126849 -0.0122265 -0.0118094 -0.0114304 -0.0110846 -0.010768 -0.0104786 -0.0102117 -0.00996705 -0.00974068 -0.00953214 -0.00933923 -0.00916043 -0.00899532 -0.00884145 -0.00869951 -0.00856684 -0.0084443 -0.00832981 -0.00822369 -0.00812488 -0.00803287 -0.00794766 -0.00786801 -0.00779471 -0.00772606 -0.0076633 -0.00760461 -0.00755132 -0.00750174 -0.00745708 -0.00741594 -0.00737927 -0.00734604 -0.00731688 -0.00729112 -0.00726912 -0.00725049 -0.0072354 -0.00722367 -0.00721532 -0.00721034 -0.00720866 -0.00721034 -0.00721532 -0.00722367 -0.0072354 -0.00725049 -0.00726912 -0.00729112 -0.00731688 -0.00734604 -0.00737927 -0.00741594 -0.00745708 -0.00750174 -0.00755132 -0.00760461 -0.0076633 -0.00772606 -0.00779471 -0.00786801 -0.00794766 -0.00803287 -0.00812488 -0.00822369 -0.00832981 -0.0084443 -0.00856684 -0.00869951 -0.00884145 -0.00899532 -0.00916043 -0.00933923 -0.00953214 -0.00974068 -0.00996705 -0.0102117 -0.0104786 -0.010768 -0.0110846 -0.0114304 -0.0118094 -0.0122265 -0.0126849 -0.0131921 -0.0137517 -0.0143711 -0.0150567 -0.0158137 -0.0166509 -0.0175724 -0.0185865 -0.0196997 -0.0209169 -0.0222475 -0.0236944 -0.0252643 -0.026961 -0.0287818 -0.0307265 -0.0327835 -0.0349381 -0.0371727 -0.0394577 -0.0417649 -0.0440607 -0.0463018 -0.0484483 -0.0504477 -0.0522381 -0.0537591 -0.0549354 -0.0556917 -0.0559633 -0.0556787 -0.0547753 -0.0532034 -0.0509011 -0.0478158 -0.0439147 -0.0391631 -0.0335438 -0.0270644 -0.0197141 -0.0114747 -0.00236186 0.00759026 0.0183287 0.0297483 0.0417326 0.0541944 0.0669925 0.0798667 0.0925295 0.10475 0.116297 0.126869 0.136153 0.143886 0.149857 0.153887 
0 0.00236735 0.0045882 0.0065708 0.0082371 0.00948354 0.0102235 0.0104101 0.00999069 0.00890738 0.00715124 0.00474068 0.0016701 -0.00202757 -0.00621835 -0.0107572 -0.0155652 -0.0205605 -0.0256181 -0.0306176 -0.0354359 -0.0399315 -0.0440073 -0.047615 -0.0507042 -0.0532437 -0.0552312 -0.0566549 -0.0575178 -0.0578531 -0.0576893 -0.0570671 -0.0560471 -0.0546781 -0.0530168 -0.0511288 -0.0490638 -0.0468779 -0.0446239 -0.0423374 -0.0400593 -0.0378189 -0.0356355 -0.0335342 -0.0315257 -0.029622 -0.0278347 -0.0261638 -0.0246155 -0.0231872 -0.0218736 -0.0206729 -0.0195739 -0.0185718 -0.0176583 -0.0168238 -0.0160651 -0.0153719 -0.0147415 -0.0141675 -0.0136444 -0.0131703 -0.0127376 -0.0123457 -0.0119881 -0.0116624 -0.0113656 -0.0110928 -0.0108438 -0.010613 -0.0104012 -0.0102041 -0.0100217 -0.00985196 -0.00969352 -0.00954664 -0.00940857 -0.00928114 -0.00916103 -0.00905052 -0.00894659 -0.00885103 -0.00876176 -0.0086796 -0.00860364 -0.00853359 -0.00846968 -0.00841068 -0.00835771 -0.00830887 -0.0082659 -0.00822647 -0.00819272 -0.00816211 -0.00813698 -0.00811473 -0.00809779 -0.00808356 -0.00807451 -0.0080681 -0.00806679 -0.0080681 -0.00807451 -0.00808356 -0.00809779 -0.00811473 -0.00813698 -0.00816211 -0.00819272 -0.00822647 -0.0082659 -0.00830887 -0.00835771 -0.00841068 -0.00846968 -0.00853359 -0.00860364 -0.0086796 -0.00876176 -0.00885103 -0.00894659 -0.00905052 -0.00916103 -0.00928114 -0.00940857 -0.00954664 -0.00969352 -0.00985196 -0.0100217 -0.0102041 -0.0104012 -0.010613 -0.0108438 -0.0110928 -0.0113656 -0.0116624 -0.0119881 -0.0123457 -0.0127376 -0.0131703 -0.0136444 -0.0141675 -0.0147415 -0.0153719 -0.0160651 -0.0168238 -0.0176583 -0.0185718 -0.0195739 -0.0206729 -0.0218736 -0.0231872 -0.0246155 -0.0261638 -0.0278347 -0.029622 -0.0315257 -0.0335342 -0.0356355 -0.0378189 -0.0400593 -0.0423374 -0.0446238 -0.0468779 -0.0490637 -0.0511285 -0.0530159 -0.0546758 -0.0560412 -0.0570532 -0.057658 -0.0577865 -0.0573839 -0.0564002 -0.0547727 -0.0524617 -0.0494379 -0.045661 -0.0411177 -0.0358065 -0.0297034 -0.0228022 -0.01511 -0.00660569 0.00271283 0.0127986 0.0236121 0.0351094 0.0471827 0.0596999 0.0725348 0.0854877 0.0982756 0.110641 0.12236 0.133129 0.142575 0.150402 0.156432 0.160503 
0 0.000996958 0.00198581 0.00291282 0.00370811 0.00434116 0.00479348 0.00498388 0.00479904 0.0041965 0.00317735 0.0016701 -0.000427063 -0.00310734 -0.00628699 -0.00991683 -0.0139455 -0.0182699 -0.0228003 -0.0274566 -0.0321053 -0.036614 -0.0408979 -0.0448599 -0.0484074 -0.0515008 -0.0541018 -0.0561738 -0.0577247 -0.0587599 -0.0592799 -0.0593201 -0.0589106 -0.0580824 -0.0568971 -0.0554049 -0.0536574 -0.0517215 -0.0496409 -0.0474626 -0.0452348 -0.0429836 -0.0407462 -0.0385499 -0.0364106 -0.0343551 -0.0323922 -0.0305321 -0.0287863 -0.0271505 -0.0256314 -0.0242243 -0.0229239 -0.0217307 -0.0206325 -0.0196287 -0.0187108 -0.017871 -0.0171075 -0.0164082 -0.0157729 -0.0151922 -0.0146622 -0.0141795 -0.0137361 -0.0133331 -0.0129616 -0.0126229 -0.0123112 -0.0120247 -0.0117624 -0.0115191 -0.0112972 -0.0110903 -0.0109014 -0.0107251 -0.0105633 -0.0104131 -0.0102738 -0.0101456 -0.0100256 -0.00991608 -0.00981284 -0.00971941 -0.00963108 -0.0095517 -0.00947684 -0.00940997 -0.00934746 -0.00929197 -0.00924088 -0.00919595 -0.00915556 -0.00912058 -0.00909031 -0.00906489 -0.00904429 -0.00902814 -0.0090169 -0.00900988 -0.00900781 -0.00900988 -0.0090169 -0.00902814 -0.00904429 -0.00906489 -0.00909031 -0.00912058 -0.00915556 -0.00919595 -0.00924088 -0.00929197 -0.00934746 -0.00940997 -0.00947684 -0.0095517 -0.00963108 -0.00971941 -0.00981284 -0.00991608 -0.0100256 -0.0101456 -0.0102738 -0.0104131 -0.0105633 -0.0107251 -0.0109014 -0.0110903 -0.0112972 -0.0115191 -0.0117624 -0.0120247 -0.0123112 -0.0126229 -0.0129616 -0.0133331 -0.0137361 -0.0141795 -0.0146622 -0.0151922 -0.0157729 -0.0164082 -0.0171075 -0.017871 -0.0187108 -0.0196287 -0.0206325 -0.0217307 -0.0229239 -0.0242243 -0.0256314 -0.0271505 -0.0287863 -0.0305321 -0.0323922 -0.0343551 -0.0364106 -0.0385499 -0.0407462 -0.0429836 -0.0452348 -0.0474625 -0.0496409 -0.0517215 -0.0536571 -0.0554042 -0.0568953 -0.0580778 -0.0588995 -0.0592949 -0.0592254 -0.0586486 -0.0575098 -0.0557808 -0.0534209 -0.0503815 -0.0466554 -0.0422362 -0.0371128 -0.031311 -0.0248318 -0.0176313 -0.00969481 -0.00102176 0.00840148 0.0185362 0.0293135 0.0407186 0.0527177 0.0651623 0.0778663 0.0906728 0.103381 0.115712 0.127371 0.138055 0.147433 0.155211 0.161182 0.165178 
0 -0.000441015 -0.000778551 -0.00100716 -0.00114989 -0.00117712 -0.00108328 -0.000964803 -0.00093522 -0.00104786 -0.00137091 -0.00202757 -0.00310734 -0.00465339 -0.00672989 -0.00936215 -0.0124688 -0.0159688 -0.0198342 -0.023985 -0.0282952 -0.0326727 -0.0370039 -0.0411472 -0.0450245 -0.0485783 -0.051726 -0.0544313 -0.0566735 -0.0584083 -0.0596371 -0.0603789 -0.0606348 -0.060447 -0.0598591 -0.0588964 -0.0576183 -0.0560703 -0.0542903 -0.052343 -0.0502671 -0.0481055 -0.0459098 -0.0437015 -0.0415163 -0.0393791 -0.0372982 -0.0352996 -0.0333858 -0.0315662 -0.0298531 -0.02824 -0.0267388 -0.0253434 -0.0240515 -0.0228651 -0.0217701 -0.0207695 -0.0198507 -0.0190087 -0.0182401 -0.017532 -0.0168874 -0.0162929 -0.0157497 -0.0152514 -0.0147927 -0.014375 -0.0139882 -0.013637 -0.0133116 -0.0130152 -0.0127419 -0.0124904 -0.0122606 -0.0120465 -0.0118524 -0.0116699 -0.0115048 -0.0113493 -0.0112082 -0.0110759 -0.010955 -0.0108429 -0.0107394 -0.010645 -0.0105569 -0.0104783 -0.0104043 -0.0103398 -0.0102789 -0.0102274 -0.0101787 -0.0101392 -0.0101023 -0.0100742 -0.0100484 -0.0100313 -0.0100164 -0.01001 -0.0100058 -0.01001 -0.0100164 -0.0100313 -0.0100484 -0.0100742 -0.0101023 -0.0101392 -0.0101787 -0.0102274 -0.0102789 -0.0103398 -0.0104043 -0.0104783 -0.0105569 -0.010645 -0.0107394 -0.0108429 -0.010955 -0.0110759 -0.0112082 -0.0113493 -0.0115048 -0.0116699 -0.0118524 -0.0120465 -0.0122606 -0.0124904 -0.0127419 -0.0130152 -0.0133116 -0.013637 -0.0139882 -0.014375 -0.0147927 -0.0152514 -0.0157497 -0.0162929 -0.0168874 -0.017532 -0.0182401 -0.0190087 -0.0198507 -0.0207695 -0.0217701 -0.0228651 -0.0240515 -0.0253434 -0.0267388 -0.02824 -0.0298531 -0.0315662 -0.0333858 -0.0352996 -0.0372982 -0.0393791 -0.0415163 -0.0437015 -0.0459098 -0.0481055 -0.0502671 -0.0523429 -0.0542903 -0.0560701 -0.0576178 -0.058895 -0.0598555 -0.0604383 -0.0606146 -0.0603348 -0.0595459 -0.0582291 -0.0563405 -0.053845 -0.0507468 -0.0470225 -0.0426628 -0.0377006 -0.0321309 -0.0259434 -0.0191581 -0.0117419 -0.00364305 0.005122 0.0145366 0.0246086 0.0352906 0.0465242 0.0582947 0.0705148 0.0829791 0.0954964 0.107912 0.119976 0.131342 0.141697 0.150789 0.158361 0.164153 0.167979 
0 -0.00185958 -0.00355793 -0.00499518 -0.00610485 -0.00683323 -0.00718129 -0.00720923 -0.00699967 -0.0066706 -0.0063733 -0.00621835 -0.00628699 -0.00672989 -0.0077056 -0.00923752 -0.0112862 -0.0138654 -0.0169524 -0.0204495 -0.0242858 -0.0283745 -0.0325558 -0.0367158 -0.0407887 -0.0446604 -0.0482464 -0.0515074 -0.0543619 -0.05676 -0.0587036 -0.0601608 -0.0611335 -0.0616577 -0.0617322 -0.0613917 -0.0606863 -0.0596342 -0.0582946 -0.0567178 -0.0549332 -0.0530056 -0.0509676 -0.0488525 -0.0467111 -0.044556 -0.0424232 -0.0403376 -0.0383042 -0.036354 -0.0344848 -0.0327077 -0.0310338 -0.0294519 -0.0279773 -0.0265981 -0.0253154 -0.0241309 -0.0230299 -0.0220214 -0.0210888 -0.0202341 -0.0194513 -0.0187298 -0.0180742 -0.0174673 -0.0169161 -0.0164068 -0.0159403 -0.0155127 -0.015116 -0.0147553 -0.0144175 -0.0141113 -0.013824 -0.0135625 -0.013319 -0.0130948 -0.012889 -0.0126968 -0.0125231 -0.0123589 -0.0122126 -0.0120732 -0.0119503 -0.0118331 -0.0117304 -0.0116331 -0.0115479 -0.0114686 -0.0113992 -0.0113362 -0.0112813 -0.0112332 -0.0111917 -0.0111576 -0.0111289 -0.0111079 -0.0110917 -0.0110833 -0.0110794 -0.0110833 -0.0110917 -0.0111079 -0.0111289 -0.0111576 -0.0111917 -0.0112332 -0.0112813 -0.0113362 -0.0113992 -0.0114686 -0.0115479 -0.0116331 -0.0117304 -0.0118331 -0.0119503 -0.0120732 -0.0122126 -0.0123589 -0.0125231 -0.0126968 -0.012889 -0.0130948 -0.013319 -0.0135625 -0.013824 -0.0141113 -0.0144175 -0.0147553 -0.015116 -0.0155127 -0.0159403 -0.0164068 -0.0169161 -0.0174673 -0.0180742 -0.0187298 -0.0194513 -0.0202341 -0.0210888 -0.0220214 -0.0230299 -0.0241309 -0.0253154 -0.0265981 -0.0279773 -0.0294519 -0.0310338 -0.0327077 -0.0344848 -0.036354 -0.0383042 -0.0403376 -0.0424232 -0.044556 -0.0467111 -0.0488525 -0.0509676 -0.0530056 -0.0549331 -0.0567178 -0.0582945 -0.0596338 -0.0606853 -0.0613889 -0.0617254 -0.0616419 -0.0610984 -0.0600869 -0.058556 -0.0564812 -0.0538627 -0.0506599 -0.0468786 -0.042554 -0.0376757 -0.0322696 -0.0263683 -0.0199246 -0.0129092 -0.00533095 0.00284831 0.0116364 0.0209768 0.0308778 0.041379 0.0524216 0.0639075 0.0757625 0.08785 0.0999637 0.111908 0.123456 0.134297 0.144134 0.152756 0.159941 0.165422 0.169011 
0 -0.00320668 -0.00622745 -0.00885964 -0.0109404 -0.0124074 -0.0132615 -0.013508 -0.0132082 -0.0125351 -0.0116778 -0.0107572 -0.00991683 -0.00936215 -0.00923752 -0.00961434 -0.0105849 -0.0121923 -0.0143722 -0.0170844 -0.0203111 -0.0239298 -0.0278055 -0.0318617 -0.035965 -0.0399808 -0.0438616 -0.047523 -0.0508686 -0.053877 -0.0564902 -0.0586456 -0.0603561 -0.0616005 -0.0623708 -0.06272 -0.0626535 -0.0622021 -0.061427 -0.0603371 -0.0589851 -0.0574205 -0.0556592 -0.0537673 -0.0517738 -0.0497075 -0.0476241 -0.0455285 -0.043459 -0.0414369 -0.0394614 -0.037567 -0.0357432 -0.0340051 -0.032362 -0.0308013 -0.0293447 -0.0279738 -0.0266982 -0.0255153 -0.024412 -0.023401 -0.0224588 -0.0215971 -0.0208006 -0.0200664 -0.0193957 -0.0187713 -0.0182053 -0.0176763 -0.0171958 -0.0167495 -0.0163394 -0.0159636 -0.0156128 -0.0152959 -0.0149964 -0.0147282 -0.0144735 -0.0142455 -0.0140303 -0.0138359 -0.0136552 -0.0134894 -0.0133388 -0.013198 -0.0130736 -0.0129552 -0.0128537 -0.0127556 -0.0126744 -0.0125951 -0.0125321 -0.0124702 -0.012424 -0.0123786 -0.0123482 -0.0123184 -0.0123032 -0.0122886 -0.0122883 -0.0122886 -0.0123032 -0.0123184 -0.0123482 -0.0123786 -0.012424 -0.0124702 -0.0125321 -0.0125951 -0.0126744 -0.0127556 -0.0128537 -0.0129552 -0.0130736 -0.013198 -0.0133388 -0.0134894 -0.0136552 -0.0138359 -0.0140303 -0.0142455 -0.0144735 -0.0147282 -0.0149964 -0.0152959 -0.0156128 -0.0159636 -0.0163394 -0.0167495 -0.0171958 -0.0176763 -0.0182053 -0.0187713 -0.0193957 -0.0200664 -0.0208006 -0.0215971 -0.0224588 -0.023401 -0.024412 -0.0255153 -0.0266982 -0.0279738 -0.0293447 -0.0308013 -0.032362 -0.0340051 -0.0357432 -0.037567 -0.0394614 -0.0414369 -0.043459 -0.0455285 -0.0476241 -0.0497075 -0.0517738 -0.0537673 -0.0556592 -0.0574205 -0.0589851 -0.060337 -0.0614267 -0.0622013 -0.0626514 -0.0627149 -0.0623586 -0.0615729 -0.060297 -0.0585256 -0.0562596 -0.0534571 -0.0501434 -0.0463332 -0.0420009 -0.0371935 -0.0319387 -0.0262097 -0.0200366 -0.0134157 -0.00626947 0.00140579 0.0095841 0.0182989 0.02754 0.0372689 0.0475249 0.0583093 0.0694845 0.0809068 0.0924799 0.104043 0.115357 0.126188 0.136303 0.145463 0.153455 0.160075 0.165113 0.168406 
0 -0.00445298 -0.00869089 -0.0124398 -0.0154723 -0.0177002 -0.019097 -0.0196351 -0.0193694 -0.0184733 -0.0171434 -0.0155652 -0.0139455 -0.0124688 -0.0112862 -0.0105849 -0.0105148 -0.0110807 -0.0122679 -0.0141202 -0.0165962 -0.0195879 -0.0230368 -0.0268221 -0.030763 -0.0347816 -0.0388036 -0.042698 -0.0464188 -0.0499127 -0.0530666 -0.0558562 -0.0582533 -0.0601921 -0.0616995 -0.0627757 -0.0634012 -0.0636359 -0.0634857 -0.062969 -0.0621561 -0.0610507 -0.0597038 -0.0581704 -0.056455 -0.0546257 -0.0527031 -0.0507083 -0.0486986 -0.0466683 -0.0446611 -0.0426951 -0.0407688 -0.0389235 -0.0371402 -0.0354433 -0.033835 -0.0323032 -0.0308732 -0.0295167 -0.0282542 -0.0270724 -0.0259663 -0.0249472 -0.023989 -0.0231138 -0.0222946 -0.0215438 -0.0208509 -0.0202081 -0.0196245 -0.0190765 -0.0185838 -0.0181193 -0.0177008 -0.0173092 -0.0169513 -0.0166222 -0.016315 -0.0160385 -0.0157751 -0.0155426 -0.0153179 -0.0151221 -0.014932 -0.0147674 -0.0146086 -0.0144709 -0.0143405 -0.0142266 -0.014122 -0.0140298 -0.0139486 -0.0138767 -0.0138171 -0.0137643 -0.0137248 -0.0136905 -0.0136701 -0.0136539 -0.013652 -0.0136539 -0.0136701 -0.0136905 -0.0137248 -0.0137643 -0.0138171 -0.0138767 -0.0139486 -0.0140298 -0.014122 -0.0142266 -0.0143405 -0.0144709 -0.0146086 -0.0147674 -0.014932 -0.0151221 -0.0153179 -0.0155426 -0.0157751 -0.0160385 -0.016315 -0.0166222 -0.0169513 -0.0173092 -0.0177008 -0.0181193 -0.0185838 -0.0190765 -0.0196245 -0.0202081 -0.0208509 -0.0215438 -0.0222946 -0.0231138 -0.023989 -0.0249472 -0.0259663 -0.0270724 -0.0282542 -0.0295167 -0.0308732 -0.0323032 -0.033835 -0.0354433 -0.0371402 -0.0389235 -0.0407688 -0.0426951 -0.0446611 -0.0466683 -0.0486986 -0.0507083 -0.0527031 -0.0546257 -0.056455 -0.0581704 -0.0597038 -0.0610506 -0.062156 -0.0629688 -0.0634852 -0.0636344 -0.0633973 -0.0627663 -0.0616781 -0.0601455 -0.058157 -0.0556678 -0.0527175 -0.0492994 -0.0453951 -0.0410711 -0.0363306 -0.0311649 -0.0256359 -0.0197226 -0.0133739 -0.00661722 0.000576682 0.00826371 0.0164018 0.0249824 0.0340738 0.0436675 0.0537056 0.0641603 0.0749388 0.0858773 0.0968479 0.107713 0.118244 0.128212 0.137451 0.145787 0.153002 0.15891 0.163387 0.166323 
0 -0.00557254 -0.0108782 -0.0156223 -0.0195582 -0.0225425 -0.0244959 -0.02539 -0.025283 -0.0243083 -0.0226532 -0.0205605 -0.0182699 -0.0159688 -0.0138654 -0.0121923 -0.0110807 -0.0105897 -0.0108058 -0.0117496 -0.0133562 -0.0156144 -0.0184807 -0.0217888 -0.0254275 -0.0293228 -0.0333114 -0.0372986 -0.0412492 -0.0450371 -0.048598 -0.0519167 -0.0548883 -0.0574836 -0.0597042 -0.0614777 -0.0628283 -0.0637753 -0.064289 -0.0644386 -0.0642375 -0.0636931 -0.062884 -0.0618035 -0.0604968 -0.0590202 -0.0573655 -0.0556067 -0.0537573 -0.051837 -0.0499071 -0.0479505 -0.0460195 -0.044122 -0.0422573 -0.0404696 -0.0387289 -0.037073 -0.035492 -0.0339828 -0.0325707 -0.0312214 -0.02997 -0.0287866 -0.0276834 -0.0266595 -0.0256945 -0.0248133 -0.0239784 -0.0232193 -0.0225053 -0.0218498 -0.0212443 -0.0206784 -0.0201665 -0.0196799 -0.0192466 -0.0188314 -0.0184629 -0.0181118 -0.0177972 -0.0175029 -0.0172339 -0.0169893 -0.01676 -0.0165583 -0.0163643 -0.0161998 -0.0160376 -0.0159054 -0.0157725 -0.0156688 -0.015563 -0.0154849 -0.0154045 -0.0153501 -0.0152936 -0.0152617 -0.0152279 -0.0152179 -0.0152062 -0.0152179 -0.0152279 -0.0152617 -0.0152936 -0.0153501 -0.0154045 -0.0154849 -0.015563 -0.0156688 -0.0157725 -0.0159054 -0.0160376 -0.0161998 -0.0163643 -0.0165583 -0.01676 -0.0169893 -0.0172339 -0.0175029 -0.0177972 -0.0181118 -0.0184629 -0.0188314 -0.0192466 -0.0196799 -0.0201665 -0.0206784 -0.0212443 -0.0218498 -0.0225053 -0.0232193 -0.0239784 -0.0248133 -0.0256945 -0.0266595 -0.0276834 -0.0287866 -0.02997 -0.0312214 -0.0325707 -0.0339828 -0.035492 -0.037073 -0.0387289 -0.0404696 -0.0422573 -0.044122 -0.0460195 -0.0479505 -0.0499071 -0.051837 -0.0537573 -0.0556067 -0.0573655 -0.0590202 -0.0604968 -0.0618035 -0.062884 -0.0636931 -0.0642373 -0.0644382 -0.0642879 -0.0637724 -0.0628213 -0.0614613 -0.0596679 -0.0574073 -0.0547364 -0.0516303 -0.0480855 -0.0441665 -0.0398419 -0.0351259 -0.0300907 -0.0247065 -0.0189814 -0.0129594 -0.0065651 0.000247427 0.00744389 0.0150644 0.0231391 0.0316261 0.0405574 0.0499815 0.059814 0.069926 0.0802276 0.0906009 0.100895 0.110952 0.120577 0.129576 0.137827 0.1452 0.151508 0.156603 0.160435 0.162946 
