0 0 0 0 0 0 0 0 0 0 0 0 0 0 0 0 0 0 0 0 0 0 0 0 0 0 0 0 0 0 0 0 0 0 0 0 0 0 0 0 0 0 0 0 0 0 0 0 0 0 0 0 0 0 0 0 0 0 0 0 0 0 0 0 0 0 0 0 0 0 0 0 0 0 0 0 0 0 0 0 0 0 0 0 0 0 0 0 0 0 0 0 0 0 0 0 0 0 0 0 0 0 0 0 0 0 0 0 0 0 0 0 0 0 0 0 0 0 0 0 0 0 0 0 0 0 0 0 0 0 0 0 0 0 0 0 0 0 0 0 0 0 0 0 0 0 0 0 0 0 0 0 0 0 0 0 0 0 0 0 0 0 0 0 0 0 0 0 0 0 0 0 0 0 0 0 0 0 0 0 0 0 0 0 0 0 0 0 0 0 0 0 0 0 0 0 0 0 0 0 
0 0.000158614 0.000348824 0.000540675 0.000722325 0.00095643 0.00124376 0.00151715 0.00182416 0.00221854 0.00262688 0.00306159 0.00357303 0.00405476 0.00449354 0.00497165 0.00537541 0.00562818 0.00579305 0.00579348 0.00555566 0.00509674 0.00438386 0.00345927 0.00234825 0.00100409 -0.000456563 -0.00193769 -0.00343491 -0.00485348 -0.00614398 -0.00722993 -0.0080118 -0.00853789 -0.00880075 -0.00879041 -0.00854932 -0.00806307 -0.00742652 -0.00671141 -0.00593915 -0.00517831 -0.0044087 -0.00367341 -0.00301174 -0.00241966 -0.00194775 -0.0015551 -0.00124519 -0.00100434 -0.000797019 -0.000650074 -0.000521958 -0.000435742 -0.000374269 -0.000325863 -0.000306549 -0.0002797 -0.000275708 -0.00026259 -0.000257588 -0.000254732 -0.000244773 -0.000248373 -0.000236857 -0.000242051 -0.000233883 -0.000236575 -0.00023454 -0.000232922 -0.000236762 -0.000231407 -0.000238723 -0.000231617 -0.000239374 -0.000232732 -0.000238466 -0.000233911 -0.000236282 -0.000234554 -0.000233332 -0.000234388 -0.000230119 -0.000233423 -0.000227026 -0.00023185 -0.000224282 -0.000229931 -0.000221992 -0.00022792 -0.000220172 -0.000226027 -0.000218787 -0.000224397 -0.000217785 -0.000223122 -0.000217114 -0.000222253 -0.000216729 -0.000221814 -0.000216603 -0.000221814 -0.000216729 -0.000222253 -0.000217114 -0.000223122 -0.000217785 -0.000224397 -0.000218787 -0.000226027 -0.000220172 -0.00022792 -0.000221992 -0.000229931 -0.000224282 -0.00023185 -0.000227026 -0.000233423 -0.000230119 -0.000234388 -0.000233332 -0.000234554 -0.000236282 -0.000233911 -0.000238466 -0.000232732 -0.000239374 -0.000231617 -0.000238723 -0.000231407 -0.000236761 -0.000232921 -0.000234538 -0.000236569 -0.000233867 -0.000242007 -0.000236735 -0.000248055 -0.000243979 -0.000252834 -0.000253264 -0.000253192 -0.000256249 -0.000241351 -0.000234675 -0.000197833 -0.000157572 -8.70564e-05 1.23302e-05 0.000132147 0.000303203 0.000493932 0.000748508 0.0010597 0.00145013 0.00195514 0.00254317 0.00323984 0.00398775 0.00476734 0.0055779 0.00636433 0.00713505 0.00779822 0.00827843 0.00855062 0.00855082 0.00831634 0.00781558 0.00699859 0.00592512 0.0046155 0.00316375 0.0016423 3.56312e-05 -0.00152818 -0.0029511 -0.00421621 -0.00526048 -0.00610178 -0.00671163 -0.00703173 -0.00717898 -0.00718184 -0.00697301 -0.0066515 -0.00627665 -0.00582523 -0.00536614 -0.00492134 -0.00448007 -0.00409613 -0.00374624 -0.00340817 -0.00314613 -0.0029281 -0.00272162 -0.00260726 -0.00253531 -0.00241025 
0 0.000348824 0.000702172 0.00107615 0.00149514 0.00196322 0.00247065 0.0030502 0.00373773 0.00448846 0.00527831 0.00616726 0.00713059 0.00807658 0.00901337 0.00991952 0.0106663 0.0111888 0.0114584 0.0113987 0.0109394 0.0100118 0.00861115 0.00679498 0.00454626 0.00190379 -0.000966126 -0.00393144 -0.0068679 -0.00965818 -0.0121924 -0.0142921 -0.0158676 -0.0169215 -0.017442 -0.0174596 -0.0169793 -0.0160514 -0.014819 -0.0133867 -0.01187 -0.0103326 -0.00880161 -0.007355 -0.00602727 -0.00487714 -0.00392684 -0.00314828 -0.00253696 -0.00203684 -0.00163801 -0.00132119 -0.00106595 -0.000883836 -0.000741994 -0.000652345 -0.00059014 -0.000550188 -0.000531692 -0.000512996 -0.000511643 -0.000502304 -0.000503165 -0.000499722 -0.000496734 -0.00049734 -0.000490092 -0.000492309 -0.000483201 -0.000484505 -0.000476431 -0.000475182 -0.000470081 -0.000465928 -0.000464338 -0.000457993 -0.000459305 -0.000452006 -0.000455031 -0.000448025 -0.000451515 -0.000445731 -0.000448711 -0.000444653 -0.000446537 -0.000444324 -0.000444888 -0.000444376 -0.000443658 -0.000444564 -0.000442752 -0.000444751 -0.000442092 -0.000444882 -0.000441624 -0.000444953 -0.00044131 -0.000444981 -0.000441128 -0.000444988 -0.000441069 -0.000444988 -0.000441128 -0.000444981 -0.00044131 -0.000444953 -0.000441624 -0.000444882 -0.000442092 -0.000444751 -0.000442752 -0.000444564 -0.000443658 -0.000444376 -0.000444888 -0.000444324 -0.000446537 -0.000444653 -0.000448711 -0.000445731 -0.000451515 -0.000448025 -0.000455031 -0.000452006 -0.000459305 -0.000457993 -0.000464338 -0.000465928 -0.000470081 -0.000475181 -0.00047643 -0.000484504 -0.000483197 -0.000492296 -0.000490053 -0.000497231 -0.000496441 -0.000498969 -0.000501316 -0.000497963 -0.000501908 -0.000492164 -0.000489189 -0.00046758 -0.000437313 -0.000383339 -0.000291489 -0.000165466 2.68795e-05 0.000270483 0.000593813 0.000998515 0.00150124 0.00214696 0.00294648 0.00395118 0.00514689 0.00650896 0.00799933 0.009543 0.0111267 0.0126923 0.0141722 0.015466 0.0164122 0.0169328 0.016967 0.0164838 0.0154716 0.0138687 0.011723 0.00915602 0.00628524 0.00324852 0.000128439 -0.00293599 -0.00574747 -0.0082295 -0.010338 -0.0120119 -0.0132192 -0.0139373 -0.0142362 -0.0142076 -0.0138492 -0.0132334 -0.0124983 -0.0116698 -0.0107651 -0.00986691 -0.00901906 -0.00822841 -0.00750852 -0.00687847 -0.00635567 -0.00591847 -0.00553676 -0.00523262 -0.00502295 -0.0048876 
0 0.000540675 0.00107615 0.00165249 0.00231098 0.0030188 0.00378004 0.00468054 0.00570723 0.0067982 0.00801282 0.00935212 0.0107155 0.012111 0.0135067 0.01475 0.0157933 0.0165637 0.0168921 0.0167308 0.016002 0.0145808 0.0125081 0.00979301 0.00643683 0.00260248 -0.00158512 -0.00594966 -0.0102463 -0.014348 -0.018038 -0.0211027 -0.023469 -0.025033 -0.0258137 -0.0258534 -0.0251461 -0.0238425 -0.0220668 -0.0199798 -0.0177656 -0.0154745 -0.0132285 -0.0110904 -0.00911985 -0.00742035 -0.00596978 -0.00479878 -0.00385622 -0.00308873 -0.00249422 -0.00200017 -0.00163289 -0.00134774 -0.00113882 -0.00100556 -0.000899634 -0.000850625 -0.000803788 -0.000785079 -0.000770031 -0.000755008 -0.000755762 -0.000739034 -0.000744548 -0.000729952 -0.000732541 -0.000724407 -0.000720464 -0.000719932 -0.000709857 -0.000714872 -0.000701627 -0.00070859 -0.000695781 -0.000701295 -0.000691728 -0.000693634 -0.000688695 -0.000686297 -0.000686039 -0.000679786 -0.000683374 -0.000674348 -0.000680566 -0.000670013 -0.00067766 -0.000666673 -0.000674789 -0.000664164 -0.000672111 -0.000662317 -0.000669763 -0.000660988 -0.000667852 -0.000660071 -0.000666448 -0.000659495 -0.000665591 -0.000659217 -0.000665303 -0.000659217 -0.000665591 -0.000659495 -0.000666448 -0.000660071 -0.000667852 -0.000660988 -0.000669763 -0.000662317 -0.000672111 -0.000664164 -0.000674789 -0.000666673 -0.00067766 -0.000670013 -0.000680566 -0.000674348 -0.000683374 -0.000679786 -0.000686039 -0.000686297 -0.000688695 -0.000693634 -0.000691728 -0.000701295 -0.000695781 -0.00070859 -0.000701627 -0.000714872 -0.000709856 -0.000719929 -0.000720454 -0.000724378 -0.000732461 -0.000729731 -0.000743971 -0.000737586 -0.00075229 -0.000747045 -0.000752576 -0.000748548 -0.000730836 -0.000711719 -0.000647578 -0.000569752 -0.000420584 -0.000218083 6.67938e-05 0.000455862 0.000933185 0.00156279 0.00232842 0.00330583 0.00452863 0.00601211 0.00779756 0.0097992 0.0119962 0.0143007 0.0166303 0.0189486 0.0210881 0.0229317 0.0242992 0.0250224 0.0250649 0.0243199 0.0227696 0.0204232 0.0172873 0.0135524 0.00936461 0.00487879 0.000335304 -0.0041206 -0.00827465 -0.0119361 -0.0150648 -0.0175441 -0.0193289 -0.0204877 -0.0210083 -0.02098 -0.0205445 -0.0197302 -0.0186597 -0.0174715 -0.0161769 -0.0148652 -0.0136338 -0.012461 -0.0113895 -0.010472 -0.00966082 -0.00897193 -0.0084352 -0.0079838 -0.00763112 -0.00743608 
0 0.000722325 0.00149514 0.00231098 0.00317103 0.0041293 0.00522753 0.00643915 0.00774506 0.0092148 0.0108662 0.0125868 0.0143453 0.0161659 0.0179064 0.0194338 0.0207222 0.021625 0.0219657 0.0216526 0.0205696 0.0186665 0.0159266 0.0123088 0.00794627 0.00300733 -0.0023953 -0.00800562 -0.0135738 -0.0188621 -0.0235772 -0.0275628 -0.0306571 -0.0327242 -0.033787 -0.0338385 -0.0329772 -0.0313626 -0.0291141 -0.0264695 -0.0235837 -0.0205994 -0.0176778 -0.0148713 -0.0123137 -0.0100547 -0.00811882 -0.00654056 -0.00523827 -0.00421081 -0.00338567 -0.0027275 -0.00223267 -0.00183717 -0.00156888 -0.00136579 -0.00123405 -0.00115181 -0.00108654 -0.00106218 -0.0010261 -0.00101896 -0.000999728 -0.000990998 -0.00098511 -0.000970661 -0.000973998 -0.000957078 -0.000963608 -0.000949291 -0.000953355 -0.000945193 -0.000943527 -0.000942368 -0.000934584 -0.000938982 -0.000926801 -0.000934147 -0.000920185 -0.000927816 -0.00091456 -0.000920461 -0.000909691 -0.000912739 -0.000905377 -0.000905258 -0.000901499 -0.000898465 -0.000898016 -0.00089262 -0.000894945 -0.000887832 -0.000892333 -0.000884108 -0.000890235 -0.000881399 -0.0008887 -0.000879641 -0.000887764 -0.000878777 -0.00088745 -0.000878777 -0.000887764 -0.000879641 -0.0008887 -0.000881399 -0.000890235 -0.000884108 -0.000892333 -0.000887832 -0.000894945 -0.00089262 -0.000898016 -0.000898465 -0.000901499 -0.000905258 -0.000905377 -0.000912739 -0.000909691 -0.000920461 -0.00091456 -0.000927816 -0.000920185 -0.000934147 -0.000926801 -0.000938982 -0.000934584 -0.000942368 -0.000943527 -0.000945193 -0.000953353 -0.000949285 -0.000963588 -0.000957021 -0.00097384 -0.000970242 -0.000984042 -0.000988393 -0.000993648 -0.00100539 -0.000997122 -0.00100309 -0.000971477 -0.000938028 -0.000855075 -0.000724629 -0.000532714 -0.000234715 0.000146016 0.000676286 0.00133595 0.00217853 0.00324611 0.00456114 0.00621655 0.00819232 0.010522 0.013155 0.016005 0.0190306 0.0220788 0.0250594 0.027801 0.0300921 0.0317956 0.0326963 0.0326867 0.0316823 0.0296021 0.0265313 0.0225266 0.0177189 0.0123328 0.00655404 0.000686393 -0.00501337 -0.0103877 -0.0151892 -0.0192576 -0.0225195 -0.0249183 -0.0265174 -0.0273409 -0.0274178 -0.0269446 -0.0260383 -0.0247351 -0.0232067 -0.0216007 -0.0199579 -0.0183414 -0.0168211 -0.0154419 -0.0142132 -0.0131136 -0.0121793 -0.0114525 -0.0108791 -0.0104192 -0.0100956 
0 0.00095643 0.00196322 0.0030188 0.0041293 0.0053695 0.00677603 0.0082962 0.00995214 0.0118145 0.0138111 0.0158661 0.0180141 0.0201741 0.0221818 0.0239593 0.0253807 0.026284 0.0265469 0.0259877 0.0245174 0.0221355 0.0187177 0.0142773 0.00900978 0.0030339 -0.00344118 -0.0101506 -0.0168428 -0.023129 -0.0287535 -0.0335555 -0.0372905 -0.0398668 -0.0412111 -0.0413288 -0.0404065 -0.0385423 -0.0359341 -0.0328018 -0.0293 -0.0256974 -0.0221208 -0.0187098 -0.0155976 -0.0127956 -0.0104072 -0.00839438 -0.00674209 -0.00543059 -0.00435566 -0.00353384 -0.0028732 -0.00237527 -0.0020145 -0.00173715 -0.00157245 -0.0014382 -0.00137264 -0.00132138 -0.00128938 -0.00127988 -0.00125387 -0.00125956 -0.00123629 -0.00124065 -0.00122476 -0.00121969 -0.00121401 -0.00119875 -0.00120174 -0.00118041 -0.00118759 -0.00116602 -0.00117247 -0.00115558 -0.00115776 -0.00114823 -0.00114466 -0.00114287 -0.00113385 -0.00113857 -0.00112552 -0.00113472 -0.00111942 -0.00113103 -0.00111514 -0.00112745 -0.0011122 -0.00112405 -0.0011102 -0.00112098 -0.00110884 -0.00111835 -0.00110792 -0.0011163 -0.00110731 -0.00111488 -0.00110697 -0.00111416 -0.00110685 -0.00111416 -0.00110697 -0.00111488 -0.00110731 -0.0011163 -0.00110792 -0.00111835 -0.00110884 -0.00112098 -0.0011102 -0.00112405 -0.0011122 -0.00112745 -0.00111514 -0.00113103 -0.00111942 -0.00113472 -0.00112552 -0.00113857 -0.00113385 -0.00114287 -0.00114466 -0.00114823 -0.00115776 -0.00115558 -0.00117247 -0.00116602 -0.00118759 -0.00118041 -0.00120173 -0.00119874 -0.00121397 -0.00121958 -0.00122447 -0.00123988 -0.00123439 -0.00125504 -0.00124362 -0.00125762 -0.00124317 -0.00122971 -0.00119896 -0.00112391 -0.00102919 -0.000839526 -0.000594532 -0.000219267 0.000280333 0.000930794 0.00179595 0.00286306 0.0042459 0.00594448 0.00802675 0.010521 0.0133708 0.0165966 0.0200702 0.0237268 0.0274353 0.0309725 0.0342002 0.0368592 0.038784 0.0398151 0.0397195 0.0384326 0.0358808 0.0321212 0.0273299 0.0215838 0.0151226 0.00824711 0.00123241 -0.00557421 -0.0119864 -0.0178141 -0.0227742 -0.0267931 -0.0298561 -0.0319309 -0.0330929 -0.0333962 -0.0329676 -0.0320243 -0.0306367 -0.028902 -0.0270401 -0.0251262 -0.0231815 -0.0213367 -0.0196543 -0.0181219 -0.0167791 -0.0156418 -0.0146812 -0.0139076 -0.0133341 -0.0129426 
0 0.00124376 0.00247065 0.00378004 0.00522753 0.00677603 0.00844126 0.0102934 0.012346 0.0145406 0.0168384 0.0192514 0.0217155 0.0240894 0.0262921 0.0282083 0.0296419 0.0304665 0.0305334 0.0296573 0.0277844 0.0248419 0.0207473 0.0155986 0.00950922 0.00264385 -0.00472231 -0.0123726 -0.0199619 -0.0270916 -0.0335334 -0.0390154 -0.0433363 -0.0463743 -0.0479804 -0.0482465 -0.0473047 -0.0452852 -0.0424336 -0.0388905 -0.034914 -0.0307662 -0.026606 -0.0226633 -0.0189954 -0.0156947 -0.0128311 -0.0103679 -0.00836154 -0.0067157 -0.00540767 -0.0043886 -0.00356948 -0.0029728 -0.0024984 -0.00217241 -0.001939 -0.00177173 -0.00168215 -0.00159761 -0.00157126 -0.00152971 -0.00151724 -0.00150193 -0.00148366 -0.0014849 -0.00145998 -0.00146811 -0.00144339 -0.00144938 -0.0014318 -0.00142987 -0.00142275 -0.00141148 -0.00141411 -0.00139568 -0.00140468 -0.00138303 -0.00139418 -0.00137333 -0.00138303 -0.00136597 -0.00137189 -0.00136026 -0.00136141 -0.00135561 -0.00135206 -0.00135165 -0.0013441 -0.00134817 -0.00133759 -0.00134514 -0.00133249 -0.00134259 -0.00132869 -0.00134058 -0.00132608 -0.00133919 -0.00132455 -0.00133848 -0.00132405 -0.00133848 -0.00132455 -0.00133919 -0.00132608 -0.00134058 -0.00132869 -0.00134259 -0.00133249 -0.00134514 -0.00133759 -0.00134817 -0.0013441 -0.00135165 -0.00135206 -0.00135561 -0.00136141 -0.00136026 -0.00137189 -0.00136597 -0.00138303 -0.00137333 -0.00139418 -0.00138303 -0.00140468 -0.00139568 -0.00141411 -0.00141148 -0.00142275 -0.00142986 -0.00143179 -0.00144936 -0.00144331 -0.0014679 -0.00145943 -0.00148353 -0.00148036 -0.00149431 -0.00150044 -0.00149425 -0.0014997 -0.00145958 -0.00142775 -0.00132361 -0.00118414 -0.000954832 -0.000613649 -0.00016379 0.000478686 0.00128102 0.00234884 0.0036946 0.00538201 0.00749247 0.00999948 0.0129763 0.0163467 0.02009 0.0241539 0.0283698 0.0326326 0.0366636 0.0402455 0.0431879 0.0452376 0.0462681 0.0460473 0.0444321 0.0414451 0.0371035 0.0315956 0.0250855 0.0177514 0.0099661 0.00203108 -0.00574999 -0.0130673 -0.0197414 -0.0255323 -0.0302758 -0.033973 -0.0365785 -0.0381327 -0.0387683 -0.0385591 -0.037663 -0.036277 -0.0344994 -0.0324572 -0.0303073 -0.0281481 -0.0260535 -0.0240736 -0.0222628 -0.0206857 -0.0193238 -0.0181427 -0.0171914 -0.0164911 -0.0160079 
0 0.00151715 0.0030502 0.00468054 0.00643915 0.0082962 0.0102934 0.0124995 0.0148767 0.0173629 0.0199821 0.0227059 0.0253773 0.0278868 0.0301763 0.0320861 0.0334314 0.0340629 0.0338191 0.0325864 0.0302485 0.0266955 0.0219871 0.0162015 0.00940205 0.00182743 -0.00627944 -0.0146537 -0.022906 -0.0307399 -0.0378364 -0.043881 -0.0487184 -0.052134 -0.0540412 -0.0545154 -0.0536148 -0.0515649 -0.0485392 -0.04471 -0.040387 -0.035769 -0.0311409 -0.0266968 -0.0225171 -0.0187539 -0.015395 -0.0125125 -0.010111 -0.00812426 -0.00656919 -0.00531253 -0.00435236 -0.003612 -0.00303856 -0.00264308 -0.00232781 -0.00213922 -0.00199068 -0.00190123 -0.00184748 -0.00179386 -0.0017837 -0.00174386 -0.00174527 -0.00171857 -0.00171457 -0.00170376 -0.00168888 -0.00169214 -0.0016688 -0.00167983 -0.0016542 -0.00166542 -0.00164373 -0.00164923 -0.00163553 -0.00163248 -0.001628 -0.00161644 -0.00162016 -0.00160207 -0.00161169 -0.00158983 -0.00160276 -0.00157979 -0.0015938 -0.00157178 -0.00158529 -0.00156553 -0.00157763 -0.00156074 -0.00157112 -0.00155716 -0.00156595 -0.00155462 -0.00156222 -0.00155298 -0.00155997 -0.00155218 -0.00155922 -0.00155218 -0.00155997 -0.00155298 -0.00156222 -0.00155462 -0.00156595 -0.00155716 -0.00157112 -0.00156074 -0.00157763 -0.00156553 -0.00158529 -0.00157178 -0.0015938 -0.00157979 -0.00160276 -0.00158983 -0.00161169 -0.00160207 -0.00162016 -0.00161644 -0.001628 -0.00163248 -0.00163553 -0.00164923 -0.00164373 -0.00166542 -0.0016542 -0.00167983 -0.00166879 -0.00169209 -0.00168874 -0.00170337 -0.00171359 -0.00171619 -0.00173969 -0.00173136 -0.00175687 -0.0017388 -0.00173943 -0.00169852 -0.00162716 -0.0015157 -0.00130381 -0.0010298 -0.000593219 -3.18299e-05 0.000734796 0.00173853 0.00300729 0.00465984 0.00668335 0.00918875 0.0121544 0.015572 0.0194525 0.0236806 0.0282459 0.0329653 0.0376391 0.0420546 0.0458883 0.0489766 0.0510786 0.0519822 0.0515599 0.0496277 0.046218 0.0414091 0.0352995 0.028153 0.0201827 0.0116919 0.00304509 -0.00549687 -0.0135866 -0.0209452 -0.0274384 -0.0328841 -0.0371863 -0.0403466 -0.0423877 -0.0434329 -0.0435776 -0.0428927 -0.0415958 -0.0398776 -0.0378044 -0.0355171 -0.0332041 -0.0309349 -0.0287318 -0.0266802 -0.0248506 -0.0232415 -0.0218763 -0.0207998 -0.0199681 -0.0193391 
0 0.00182416 0.00373773 0.00570723 0.00774506 0.00995214 0.012346 0.0148767 0.0175393 0.0203344 0.0232199 0.0261171 0.0289143 0.0315005 0.033763 0.0355485 0.0366722 0.0369661 0.0363285 0.0346563 0.0317886 0.0276846 0.022431 0.0160693 0.00870889 0.000562747 -0.00811726 -0.0169761 -0.0257105 -0.0340459 -0.0416007 -0.0481046 -0.0533345 -0.0570916 -0.0593496 -0.0600677 -0.0593305 -0.0573364 -0.0542173 -0.0502451 -0.0456542 -0.0406934 -0.0356848 -0.0307777 -0.0261685 -0.0219431 -0.0181342 -0.0148451 -0.0120244 -0.00971509 -0.00785185 -0.00635838 -0.00521875 -0.00430426 -0.00363614 -0.00312124 -0.00274908 -0.00250161 -0.00230839 -0.0022121 -0.00211951 -0.0020842 -0.00204621 -0.00202143 -0.00201285 -0.0019825 -0.00198697 -0.00195398 -0.00195899 -0.00193176 -0.00192905 -0.00191355 -0.0019002 -0.00189748 -0.00187522 -0.00188224 -0.00185553 -0.00186729 -0.0018411 -0.00185273 -0.00183099 -0.00183895 -0.00182395 -0.00182639 -0.0018188 -0.00181538 -0.0018147 -0.00180604 -0.00181115 -0.00179838 -0.00180794 -0.00179229 -0.00180507 -0.00178765 -0.00180265 -0.00178429 -0.00180079 -0.00178212 -0.00179962 -0.00178106 -0.00179922 -0.00178106 -0.00179962 -0.00178212 -0.00180079 -0.00178429 -0.00180265 -0.00178765 -0.00180507 -0.00179229 -0.00180794 -0.00179838 -0.00181115 -0.00180604 -0.0018147 -0.00181538 -0.0018188 -0.00182639 -0.00182395 -0.00183895 -0.00183099 -0.00185273 -0.0018411 -0.00186729 -0.00185553 -0.00188224 -0.00187522 -0.00189748 -0.00190019 -0.00191354 -0.00192901 -0.00193166 -0.00195872 -0.0019533 -0.00198527 -0.00197846 -0.00200366 -0.00200139 -0.00200439 -0.00200071 -0.00196011 -0.00192111 -0.0018003 -0.00165233 -0.00138792 -0.00102419 -0.000519433 0.000184455 0.00107729 0.00228367 0.0037991 0.00574115 0.00815206 0.0110421 0.0144698 0.018343 0.0226817 0.027393 0.0323648 0.0374811 0.0424504 0.0470706 0.0510576 0.054156 0.0561955 0.0569137 0.0562003 0.0539748 0.0501956 0.0449813 0.0384259 0.0307691 0.0223394 0.0133826 0.00422043 -0.00483472 -0.0134823 -0.0214065 -0.0284624 -0.0345372 -0.0394624 -0.043198 -0.0457953 -0.0473244 -0.047881 -0.0475636 -0.0465276 -0.0449625 -0.0429981 -0.040746 -0.0383439 -0.0359221 -0.0335751 -0.0313552 -0.0293103 -0.0275047 -0.0259698 -0.0247022 -0.0237145 -0.0230249 
0 0.00221854 0.00448846 0.0067982 0.0092148 0.0118145 0.0145406 0.0173629 0.0203344 0.0234094 0.0264712 0.0294548 0.032286 0.0348336 0.0369471 0.0384677 0.0392398 0.0391316 0.0380275 0.0358108 0.0323993 0.0277898 0.0220256 0.0151904 0.00741349 -0.00113004 -0.0101424 -0.0192967 -0.0283433 -0.0369699 -0.0448441 -0.0516756 -0.0571912 -0.0612763 -0.0638545 -0.0648579 -0.0643734 -0.0624977 -0.0594308 -0.055433 -0.0507033 -0.0455559 -0.0402326 -0.034957 -0.0299485 -0.0252695 -0.0210511 -0.0173219 -0.0141058 -0.0114461 -0.00925232 -0.00752881 -0.00616218 -0.00509912 -0.00430022 -0.00367069 -0.00323624 -0.00289814 -0.00267974 -0.00252764 -0.00241827 -0.00236614 -0.00230406 -0.00229141 -0.00225277 -0.00224549 -0.00222495 -0.00220909 -0.00220411 -0.00217859 -0.00218375 -0.002154 -0.00216188 -0.00213483 -0.00213884 -0.00211968 -0.00211598 -0.0021069 -0.00209472 -0.00209516 -0.00207605 -0.00208372 -0.0020604 -0.00207239 -0.00204771 -0.00206137 -0.00203765 -0.00205098 -0.0020298 -0.00204159 -0.00202373 -0.00203349 -0.00201911 -0.00202687 -0.0020157 -0.00202186 -0.00201335 -0.0020185 -0.00201197 -0.00201682 -0.00201152 -0.00201682 -0.00201197 -0.0020185 -0.00201335 -0.00202186 -0.0020157 -0.00202687 -0.00201911 -0.00203349 -0.00202373 -0.00204159 -0.0020298 -0.00205098 -0.00203765 -0.00206137 -0.00204771 -0.00207239 -0.0020604 -0.00208372 -0.00207605 -0.00209516 -0.00209472 -0.0021069 -0.00211598 -0.00211968 -0.00213884 -0.00213483 -0.00216187 -0.00215398 -0.00218368 -0.00217841 -0.00220364 -0.00220789 -0.00222206 -0.00223882 -0.00223799 -0.00226004 -0.00224035 -0.00224235 -0.00218823 -0.00211871 -0.00198394 -0.00176348 -0.00145916 -0.000989185 -0.00038581 0.000455789 0.00153925 0.00294679 0.0047643 0.00701566 0.00981153 0.0131121 0.0169477 0.0212769 0.0260206 0.0311483 0.0364715 0.0418418 0.0470114 0.0517013 0.0557074 0.0587321 0.0605702 0.0610332 0.0599754 0.0574108 0.0533203 0.0477645 0.0409052 0.0329486 0.0242259 0.0150189 0.00556827 -0.00380233 -0.0127953 -0.0211547 -0.028679 -0.0352474 -0.0407396 -0.0450745 -0.0482638 -0.0503539 -0.0514218 -0.0515896 -0.0509782 -0.049703 -0.0479328 -0.0458404 -0.0435073 -0.0410292 -0.038586 -0.0362683 -0.0340825 -0.0321122 -0.0304156 -0.0289709 -0.027843 -0.027104 
0 0.00262688 0.00527831 0.00801282 0.0108662 0.0138111 0.0168384 0.0199821 0.0232199 0.0264712 0.029652 0.0326632 0.0354138 0.0377931 0.0396141 0.040731 0.0410734 0.0404956 0.038835 0.0360402 0.0320993 0.0270051 0.0208053 0.0136017 0.00553921 -0.00318496 -0.0123233 -0.0216104 -0.0307698 -0.0395147 -0.0475498 -0.0545593 -0.0603104 -0.0646781 -0.0675527 -0.0688913 -0.0686964 -0.0670456 -0.0641553 -0.0602308 -0.0555201 -0.0502872 -0.0447549 -0.0392057 -0.0338209 -0.0287538 -0.0241289 -0.0199755 -0.0163821 -0.013333 -0.0108227 -0.00881843 -0.00721459 -0.00598686 -0.00502054 -0.00429411 -0.00375207 -0.00334325 -0.00307307 -0.0028621 -0.00274222 -0.00264515 -0.00258883 -0.00255151 -0.00251356 -0.00250435 -0.00247101 -0.0024711 -0.0024435 -0.00244137 -0.0024234 -0.00241334 -0.00240626 -0.0023876 -0.00238931 -0.00236488 -0.00237129 -0.0023454 -0.00235221 -0.00232887 -0.00233279 -0.0023148 -0.00231401 -0.00230263 -0.00229672 -0.00229198 -0.0022815 -0.00228261 -0.00226861 -0.00227444 -0.00225809 -0.00226748 -0.00224983 -0.00226179 -0.00224366 -0.00225745 -0.0022394 -0.00225451 -0.0022369 -0.00225303 -0.00223608 -0.00225303 -0.0022369 -0.00225451 -0.0022394 -0.00225745 -0.00224366 -0.00226179 -0.00224983 -0.00226748 -0.00225809 -0.00227444 -0.00226861 -0.00228261 -0.0022815 -0.00229198 -0.00229672 -0.00230263 -0.00231401 -0.0023148 -0.00233279 -0.00232887 -0.00235221 -0.0023454 -0.00237129 -0.00236488 -0.0023893 -0.00238759 -0.00240624 -0.00241329 -0.00242328 -0.00244104 -0.00244267 -0.00246906 -0.00246623 -0.00249358 -0.00249033 -0.00250351 -0.00249391 -0.00246555 -0.00241711 -0.00229883 -0.00213814 -0.00185394 -0.00146914 -0.000914208 -0.000165433 0.00081353 0.00211605 0.00376491 0.00588276 0.00849443 0.0116523 0.0153729 0.0196017 0.0243389 0.0294766 0.0349277 0.0405305 0.0460457 0.0512707 0.055931 0.0598005 0.0626375 0.064183 0.0642972 0.0628885 0.0599637 0.0555777 0.0497803 0.0427336 0.0346698 0.0258495 0.0165516 0.0070311 -0.00244479 -0.0116076 -0.0202309 -0.0281123 -0.0350774 -0.0410321 -0.0459448 -0.0497631 -0.052467 -0.0541464 -0.0549048 -0.0548163 -0.0539838 -0.0525515 -0.0506972 -0.0485597 -0.0462103 -0.0437736 -0.0413966 -0.0391322 -0.0370363 -0.0352094 -0.0336873 -0.0324753 -0.031607 
0 0.00306159 0.00616726 0.00935212 0.0125868 0.0158661 0.0192514 0.0227059 0.0261171 0.0294548 0.0326632 0.0356022 0.0381769 0.0402617 0.0416702 0.0423186 0.042133 0.0409534 0.0386929 0.0353399 0.0308949 0.025391 0.0188543 0.0113839 0.00318942 -0.00555471 -0.0146701 -0.0239027 -0.0329951 -0.0416795 -0.0496843 -0.0567629 -0.0626887 -0.0672967 -0.0704837 -0.0721681 -0.0723172 -0.0709983 -0.0683665 -0.0646369 -0.0600491 -0.0548229 -0.0492074 -0.0434526 -0.0377763 -0.0323784 -0.0273692 -0.0228425 -0.0188572 -0.0154277 -0.0125778 -0.0102489 -0.00839819 -0.00694738 -0.0058136 -0.00495777 -0.00429754 -0.00382288 -0.0034741 -0.00323174 -0.00307299 -0.00295549 -0.00289272 -0.00283326 -0.00280602 -0.00277302 -0.00275176 -0.00273342 -0.00270873 -0.00269968 -0.00267224 -0.00266789 -0.00264186 -0.00263782 -0.00261718 -0.00261026 -0.00259714 -0.00258594 -0.00258043 -0.00256523 -0.0025659 -0.00254805 -0.0025528 -0.00253403 -0.00254076 -0.00252266 -0.0025297 -0.00251344 -0.00251971 -0.00250596 -0.00251094 -0.00249994 -0.00250357 -0.00249522 -0.00249771 -0.00249169 -0.00249347 -0.00248935 -0.00249091 -0.00248817 -0.00249005 -0.00248817 -0.00249091 -0.00248935 -0.00249347 -0.00249169 -0.00249771 -0.00249522 -0.00250357 -0.00249994 -0.00251094 -0.00250596 -0.00251971 -0.00251344 -0.0025297 -0.00252266 -0.00254076 -0.00253403 -0.0025528 -0.00254805 -0.0025659 -0.00256523 -0.00258043 -0.00258594 -0.00259714 -0.00261025 -0.00261718 -0.00263781 -0.00264183 -0.00266781 -0.00267202 -0.00269911 -0.00270732 -0.00273004 -0.00274403 -0.00275604 -0.00277031 -0.00276139 -0.00275426 -0.00270022 -0.00262254 -0.00247039 -0.00223989 -0.00189957 -0.00140717 -0.000751323 0.00014329 0.00130075 0.00281283 0.00474514 0.00716494 0.010143 0.0136777 0.0177857 0.0224186 0.0275232 0.0330165 0.0387376 0.0445057 0.0500771 0.0552185 0.0597122 0.0633192 0.0658147 0.0669889 0.0667057 0.0649321 0.0616884 0.0570309 0.0510691 0.0439635 0.0359184 0.027168 0.0179452 0.00851748 -0.000852933 -0.00998924 -0.0187034 -0.0267818 -0.0340648 -0.0404387 -0.045863 -0.0502987 -0.053662 -0.0559935 -0.0574033 -0.0579299 -0.0576689 -0.0567609 -0.0552965 -0.0534271 -0.0513196 -0.0490423 -0.0466921 -0.0444214 -0.0423154 -0.0404264 -0.0388242 -0.0375456 -0.0366118 
0 0.00357303 0.00713059 0.0107155 0.0143453 0.0180141 0.0217155 0.0253773 0.0289143 0.032286 0.0354138 0.0381769 0.0404494 0.0420962 0.0430274 0.0431509 0.0423255 0.0404953 0.0376504 0.0337495 0.0288448 0.0229912 0.0161992 0.00862525 0.000458491 -0.00817533 -0.0170953 -0.0261141 -0.0349947 -0.0434571 -0.0513177 -0.0583691 -0.0643809 -0.0691936 -0.0726521 -0.0746718 -0.075221 -0.0743034 -0.0720502 -0.0686384 -0.0642723 -0.0591789 -0.0535701 -0.0476979 -0.0418073 -0.0361054 -0.0307582 -0.0258662 -0.0215006 -0.0177061 -0.0144933 -0.0118473 -0.00971796 -0.00803214 -0.00671892 -0.00570285 -0.00492923 -0.00435121 -0.00392514 -0.00362629 -0.00341443 -0.00327505 -0.00317954 -0.0031152 -0.00307328 -0.00303744 -0.00301636 -0.00299048 -0.00297565 -0.00295504 -0.00294045 -0.00292468 -0.00290834 -0.00289715 -0.00287919 -0.00287149 -0.00285316 -0.00284737 -0.00283024 -0.00282483 -0.00281022 -0.00280411 -0.00279279 -0.00278545 -0.00277764 -0.00276903 -0.00276453 -0.00275494 -0.0027533 -0.00274316 -0.00274385 -0.00273358 -0.00273613 -0.00272611 -0.00273012 -0.00272062 -0.00272583 -0.00271702 -0.00272325 -0.00271524 -0.00272239 -0.00271524 -0.00272325 -0.00271702 -0.00272583 -0.00272062 -0.00273012 -0.00272611 -0.00273613 -0.00273358 -0.00274385 -0.00274316 -0.0027533 -0.00275494 -0.00276453 -0.00276903 -0.00277764 -0.00278545 -0.00279279 -0.00280411 -0.00281022 -0.00282483 -0.00283024 -0.00284737 -0.00285316 -0.00287149 -0.00287918 -0.00289713 -0.00290829 -0.00292454 -0.00294006 -0.00295406 -0.00297329 -0.00298499 -0.00300411 -0.00301123 -0.00301957 -0.00300983 -0.00298165 -0.00291928 -0.00280191 -0.00261527 -0.00232234 -0.00190404 -0.00131735 -0.000526226 0.000520456 0.00188985 0.00365077 0.00588473 0.00865298 0.0119933 0.0159158 0.0203962 0.0253922 0.0308324 0.0365916 0.0425001 0.0483282 0.0538369 0.0588074 0.0630126 0.0662512 0.06831 0.0690209 0.0683161 0.0661608 0.0626015 0.057723 0.0516477 0.0445871 0.0367024 0.028162 0.0192009 0.0100332 0.000895278 -0.00804952 -0.0166956 -0.0248338 -0.0323072 -0.0390365 -0.0449055 -0.0498681 -0.0538996 -0.0569467 -0.0590495 -0.0602756 -0.0606902 -0.060406 -0.0594939 -0.0580477 -0.0562616 -0.0542598 -0.0521072 -0.0499498 -0.0479095 -0.0460298 -0.0443898 -0.0430837 -0.0421557 
0 0.00405476 0.00807658 0.012111 0.0161659 0.0201741 0.0240894 0.0278868 0.0315005 0.0348336 0.0377931 0.0402617 0.0420962 0.0432265 0.0436097 0.0431015 0.0416061 0.0391572 0.0357371 0.0313365 0.0260315 0.0198688 0.0129537 0.00543728 -0.00258811 -0.0109648 -0.019548 -0.0282204 -0.0367277 -0.0448686 -0.0525014 -0.0594177 -0.065457 -0.0704102 -0.0740964 -0.0764641 -0.0774256 -0.0769818 -0.0752064 -0.0721961 -0.0681674 -0.0632955 -0.0577904 -0.0519082 -0.0458678 -0.0399363 -0.0342866 -0.0290514 -0.024334 -0.020164 -0.0165968 -0.0136114 -0.0111796 -0.00924461 -0.00771487 -0.00653569 -0.00562145 -0.00493372 -0.00442207 -0.00404876 -0.00379058 -0.00360681 -0.00348895 -0.00340482 -0.00335087 -0.00331145 -0.00328125 -0.00325935 -0.00323706 -0.00322117 -0.00320222 -0.00318788 -0.00317129 -0.00315703 -0.00314246 -0.00312816 -0.00311523 -0.00310132 -0.00308964 -0.00307667 -0.00306595 -0.00305435 -0.00304447 -0.00303444 -0.00302539 -0.00301695 -0.00300882 -0.00300188 -0.00299474 -0.00298916 -0.00298309 -0.00297873 -0.00297375 -0.00297049 -0.00296662 -0.00296439 -0.0029616 -0.00296036 -0.00295862 -0.00295836 -0.00295763 -0.00295836 -0.00295862 -0.00296036 -0.0029616 -0.00296439 -0.00296662 -0.00297049 -0.00297375 -0.00297873 -0.00298309 -0.00298916 -0.00299474 -0.00300188 -0.00300882 -0.00301695 -0.00302539 -0.00303444 -0.00304447 -0.00305435 -0.00306595 -0.00307667 -0.00308964 -0.00310132 -0.00311523 -0.00312815 -0.00314245 -0.003157 -0.00317119 -0.00318763 -0.00320156 -0.00321955 -0.00323322 -0.00325063 -0.00326226 -0.00327185 -0.00327173 -0.00325339 -0.00321155 -0.00312013 -0.00297228 -0.00272817 -0.00237185 -0.00186173 -0.00116054 -0.000228353 0.0010086 0.00260127 0.00464789 0.00720458 0.0103285 0.0140476 0.0183339 0.0231797 0.0285008 0.0342178 0.0401798 0.0461636 0.0519609 0.0573034 0.0619949 0.0658284 0.0685831 0.0701271 0.0703212 0.0691466 0.0666234 0.0627606 0.0577059 0.0516075 0.0446517 0.037032 0.0288407 0.020273 0.011531 0.00274114 -0.00591904 -0.0143364 -0.0223999 -0.0299472 -0.0369004 -0.0431457 -0.0485706 -0.0531971 -0.056984 -0.0598422 -0.0618161 -0.062982 -0.0633894 -0.0631224 -0.0622817 -0.0609833 -0.0593612 -0.0575451 -0.0556448 -0.053743 -0.0519522 -0.0504101 -0.0491657 -0.0482333 
0 0.00449354 0.00901337 0.0135067 0.0179064 0.0221818 0.0262921 0.0301763 0.033763 0.0369471 0.0396141 0.0416702 0.0430274 0.0436097 0.0433383 0.0421369 0.0399928 0.0369292 0.032971 0.0281603 0.0225303 0.0161867 0.00929614 0.00191898 -0.00585787 -0.0138687 -0.0220267 -0.0301931 -0.0381999 -0.0459404 -0.0532364 -0.0599574 -0.0659592 -0.0709878 -0.074912 -0.0776151 -0.0790041 -0.0790869 -0.0778191 -0.0752973 -0.0716785 -0.0671031 -0.06182 -0.0560111 -0.0499338 -0.0438541 -0.037948 -0.032425 -0.0273549 -0.0228271 -0.018894 -0.0155413 -0.0127951 -0.0105633 -0.00880706 -0.00743529 -0.00636815 -0.00557027 -0.00495473 -0.00452093 -0.00419817 -0.00397984 -0.00383079 -0.00372272 -0.00365995 -0.00360009 -0.00357076 -0.00353181 -0.00351082 -0.00348396 -0.00346242 -0.00344471 -0.00342136 -0.00341036 -0.00338679 -0.00337966 -0.00335799 -0.00335214 -0.00333394 -0.00332753 -0.00331352 -0.00330564 -0.0032958 -0.00328633 -0.00328015 -0.00326945 -0.00326623 -0.00325488 -0.00325394 -0.00324252 -0.00324329 -0.0032323 -0.00323438 -0.00322416 -0.00322731 -0.00321807 -0.00322219 -0.00321402 -0.00321909 -0.00321199 -0.00321805 -0.00321199 -0.00321909 -0.00321402 -0.00322219 -0.00321807 -0.00322731 -0.00322416 -0.00323438 -0.0032323 -0.00324329 -0.00324252 -0.00325394 -0.00325488 -0.00326623 -0.00326945 -0.00328015 -0.00328633 -0.0032958 -0.00330564 -0.00331352 -0.00332753 -0.00333394 -0.00335214 -0.00335799 -0.00337966 -0.00338676 -0.00341029 -0.00342119 -0.00344427 -0.00346132 -0.00348131 -0.00350469 -0.00351825 -0.00354194 -0.00354144 -0.0035456 -0.00350924 -0.00344904 -0.00332572 -0.00312295 -0.00282226 -0.00236828 -0.00176067 -0.000916063 0.000181543 0.00162378 0.00347933 0.00581175 0.0087164 0.0121867 0.0162705 0.0209147 0.0260805 0.0317087 0.0376359 0.0437273 0.0497127 0.0553661 0.0604702 0.0647756 0.0681337 0.0703298 0.0712611 0.0709093 0.0692417 0.0663422 0.062247 0.0570727 0.0510392 0.044273 0.0369473 0.0291974 0.0211206 0.0128908 0.00458921 -0.00368276 -0.0117576 -0.0195848 -0.0270957 -0.0341618 -0.0406826 -0.0465457 -0.0516985 -0.0561231 -0.0597359 -0.0625011 -0.0644618 -0.065652 -0.0661348 -0.0660111 -0.0653603 -0.0642705 -0.0628856 -0.0613534 -0.0597663 -0.0582192 -0.0568397 -0.0557032 -0.0548489 
0 0.00497165 0.00991952 0.01475 0.0194338 0.0239593 0.0282083 0.0320861 0.0355485 0.0384677 0.040731 0.0423186 0.0431509 0.0431015 0.0421369 0.0402729 0.0375086 0.0338765 0.0294522 0.0242877 0.0184489 0.0120823 0.00530321 -0.00183465 -0.00923675 -0.0168047 -0.024427 -0.031989 -0.0394532 -0.0467115 -0.0536182 -0.06009 -0.0659453 -0.0710091 -0.0751346 -0.0781471 -0.0800003 -0.0806109 -0.0799083 -0.0779551 -0.0747992 -0.0706286 -0.0656327 -0.0599839 -0.0539681 -0.0477864 -0.0417045 -0.0359166 -0.0305256 -0.0256734 -0.021365 -0.0176726 -0.0145822 -0.0120463 -0.0100418 -0.00843977 -0.00721697 -0.0062636 -0.00554554 -0.00502011 -0.00462287 -0.00436423 -0.00416256 -0.00404616 -0.00395207 -0.0038943 -0.00385325 -0.00381234 -0.00379498 -0.00375783 -0.00374879 -0.00371534 -0.00370628 -0.0036795 -0.00366628 -0.00364788 -0.0036295 -0.00361914 -0.0035967 -0.00359257 -0.0035682 -0.00356792 -0.0035439 -0.0035453 -0.00352342 -0.00352491 -0.00350632 -0.00350695 -0.00349216 -0.00349157 -0.00348058 -0.00347882 -0.00347134 -0.00346871 -0.00346428 -0.00346119 -0.00345928 -0.00345622 -0.0034563 -0.00345375 -0.00345531 -0.00345375 -0.0034563 -0.00345622 -0.00345928 -0.00346119 -0.00346428 -0.00346871 -0.00347134 -0.00347882 -0.00348058 -0.00349157 -0.00349216 -0.00350695 -0.00350632 -0.00352491 -0.00352342 -0.0035453 -0.0035439 -0.00356792 -0.0035682 -0.00359257 -0.0035967 -0.00361914 -0.0036295 -0.00364787 -0.00366624 -0.00367939 -0.00370599 -0.00371461 -0.00374699 -0.00375358 -0.00378541 -0.00379166 -0.00381038 -0.00380912 -0.00378996 -0.00375064 -0.00364637 -0.00349954 -0.0032318 -0.00286582 -0.00232355 -0.00159085 -0.000615711 0.000684639 0.00234113 0.00448634 0.00713948 0.0103893 0.0142407 0.0186665 0.0236688 0.02913 0.0349992 0.0410877 0.0471869 0.0530842 0.0584915 0.0632431 0.0671021 0.0698858 0.071484 0.0717857 0.0708533 0.068717 0.0654297 0.0611284 0.0559118 0.0499755 0.0434729 0.0364993 0.029226 0.0217386 0.0140899 0.00635857 -0.00140092 -0.00907386 -0.0165836 -0.0239203 -0.0309866 -0.0376602 -0.0438614 -0.0494924 -0.0544666 -0.0587526 -0.0623239 -0.0651243 -0.0671478 -0.0684703 -0.0691505 -0.0692377 -0.0688391 -0.0680633 -0.067023 -0.0658748 -0.0647205 -0.0636069 -0.0626483 -0.0619609 
0 0.00537541 0.0106663 0.0157933 0.0207222 0.0253807 0.0296419 0.0334314 0.0366722 0.0392398 0.0410734 0.042133 0.0423255 0.0416061 0.0399928 0.0375086 0.0341946 0.0300929 0.0252678 0.0198443 0.0139401 0.00764709 0.00106849 -0.00571477 -0.0126552 -0.0196758 -0.0266753 -0.0336196 -0.0404947 -0.0472247 -0.0537197 -0.0598579 -0.0655104 -0.0705634 -0.0748275 -0.0781583 -0.0804566 -0.0815883 -0.0814985 -0.0801324 -0.077524 -0.073832 -0.0691846 -0.0638086 -0.0579133 -0.0517252 -0.0455339 -0.0395102 -0.0338579 -0.0286739 -0.0240218 -0.0199852 -0.0165321 -0.0136966 -0.0113939 -0.00956632 -0.00814844 -0.00703081 -0.00620225 -0.00555698 -0.0051005 -0.00476543 -0.00452957 -0.00437982 -0.00425954 -0.00420086 -0.00413477 -0.0041086 -0.00406915 -0.00404715 -0.00402406 -0.00399687 -0.00398501 -0.00395276 -0.00394742 -0.00391394 -0.00391055 -0.00388006 -0.00387504 -0.00385057 -0.00384189 -0.00382483 -0.00381196 -0.00380226 -0.00378576 -0.00378246 -0.00376345 -0.00376521 -0.00374492 -0.00375039 -0.00372992 -0.003738 -0.00371815 -0.00372804 -0.00370931 -0.00372055 -0.00370317 -0.00371554 -0.00369955 -0.00371303 -0.00369836 -0.00371303 -0.00369955 -0.00371554 -0.00370317 -0.00372055 -0.00370931 -0.00372804 -0.00371815 -0.003738 -0.00372992 -0.00375039 -0.00374492 -0.00376521 -0.00376345 -0.00378246 -0.00378576 -0.00380226 -0.00381196 -0.00382483 -0.00384189 -0.00385057 -0.00387504 -0.00388006 -0.00391054 -0.00391392 -0.00394735 -0.00395257 -0.00398452 -0.00399565 -0.00402116 -0.0040405 -0.0040545 -0.00407768 -0.00407219 -0.00407944 -0.00403385 -0.00397782 -0.00384305 -0.00364008 -0.0033265 -0.00286014 -0.00223425 -0.00135567 -0.000223047 0.0012835 0.00320622 0.00563585 0.00864823 0.0122409 0.0164646 0.0212401 0.0265493 0.032295 0.0383286 0.0445 0.0505295 0.0562146 0.061311 0.0656048 0.0689384 0.0711076 0.0720494 0.0717434 0.0702302 0.0676246 0.0639934 0.0594908 0.054286 0.0485027 0.0422861 0.0357395 0.028979 0.0221008 0.0151 0.00798519 0.000810098 -0.00637983 -0.0135395 -0.0206118 -0.0275334 -0.0342382 -0.0406423 -0.0466413 -0.0521264 -0.0570285 -0.0613305 -0.0649699 -0.0678664 -0.0700597 -0.0716111 -0.0725381 -0.0729481 -0.0729566 -0.0725947 -0.0719795 -0.0712875 -0.0705918 -0.0699558 -0.0694771 
0 0.00562818 0.0111888 0.0165637 0.021625 0.026284 0.0304665 0.0340629 0.0369661 0.0391316 0.0404956 0.0409534 0.0404953 0.0391572 0.0369292 0.0338765 0.0300929 0.0256 0.0205092 0.0149958 0.00914076 0.00302172 -0.00326099 -0.00964062 -0.0160477 -0.0224398 -0.0287954 -0.0350878 -0.0413292 -0.0475075 -0.053533 -0.059308 -0.0647477 -0.0697378 -0.0741269 -0.0777488 -0.0804421 -0.0820881 -0.0825769 -0.0818163 -0.0798166 -0.0766478 -0.072456 -0.0674302 -0.0617479 -0.0556624 -0.0494097 -0.0432279 -0.0373306 -0.0318306 -0.026856 -0.0224478 -0.0186505 -0.0154776 -0.0128698 -0.0108017 -0.00915858 -0.00789115 -0.00691585 -0.00617039 -0.00563005 -0.00521877 -0.00494569 -0.00473844 -0.00460746 -0.00451154 -0.00444124 -0.00439869 -0.00434943 -0.0043292 -0.00428857 -0.0042752 -0.00424242 -0.00422826 -0.00420475 -0.00418658 -0.00417242 -0.00414991 -0.00414345 -0.00411804 -0.0041167 -0.00409058 -0.00409171 -0.00406698 -0.00406848 -0.00404672 -0.00404726 -0.00402939 -0.00402835 -0.00401471 -0.00401205 -0.00400252 -0.00399855 -0.00399275 -0.00398798 -0.00398539 -0.00398041 -0.00398046 -0.00397587 -0.00397799 -0.00397435 -0.00397799 -0.00397587 -0.00398046 -0.00398041 -0.00398539 -0.00398798 -0.00399275 -0.00399855 -0.00400252 -0.00401205 -0.00401471 -0.00402835 -0.00402939 -0.00404726 -0.00404672 -0.00406848 -0.00406698 -0.00409171 -0.00409058 -0.0041167 -0.00411804 -0.00414344 -0.0041499 -0.0041724 -0.00418653 -0.00420463 -0.00422794 -0.00424162 -0.00427324 -0.00428401 -0.00431898 -0.00432744 -0.00435334 -0.00435156 -0.00434153 -0.00429861 -0.00420054 -0.00404682 -0.00377536 -0.00339762 -0.00283423 -0.00207945 -0.00105963 0.000283588 0.00201069 0.00423038 0.00697659 0.0103345 0.0142932 0.0188464 0.0239583 0.0295341 0.0354948 0.041648 0.0477948 0.0536904 0.0590831 0.0637834 0.0675746 0.0702952 0.0718179 0.0720845 0.0711502 0.0690901 0.066017 0.0620779 0.0574371 0.0522706 0.0467039 0.0408208 0.0347243 0.0285115 0.0222164 0.0158419 0.00938241 0.00282864 -0.0038076 -0.0105211 -0.0172677 -0.0239585 -0.0305763 -0.0370795 -0.0433259 -0.0492198 -0.0546862 -0.0596257 -0.0640023 -0.0677795 -0.0708987 -0.0733716 -0.0752397 -0.0765551 -0.0774032 -0.0778508 -0.0779709 -0.0778771 -0.0776713 -0.0774457 -0.0772757 
