0 0 0 0 0 0 0 0 0 0 0 0 0 0 0 0 0 0 0 0 0 0 0 0 0 0 0 0 0 0 0 0 0 0 0 0 0 0 0 0 0 0 0 0 0 0 0 0 0 0 0 0 0 0 0 0 0 0 0 0 0 0 0 0 0 0 0 0 0 0 0 0 0 0 0 0 0 0 0 0 0 0 0 0 0 0 0 0 0 0 0 0 0 0 0 0 0 0 0 0 0 0 0 0 0 0 0 0 0 0 0 0 0 0 0 0 0 0 0 0 0 0 0 0 0 0 0 0 0 0 0 0 0 0 0 0 0 0 0 0 0 0 0 0 0 0 0 0 0 0 0 0 0 0 0 0 0 0 0 0 0 0 0 0 0 0 0 0 0 0 0 0 0 0 0 0 0 0 0 0 0 0 0 0 0 0 0 0 0 0 0 0 0 0 0 0 0 0 0 0 
0 -0.00336285 -0.00651806 -0.0093944 -0.0119828 -0.014194 -0.015886 -0.017002 -0.0176019 -0.0177699 -0.0175454 -0.0169407 -0.0159956 -0.0148072 -0.0135036 -0.0121795 -0.0108683 -0.00957766 -0.00832957 -0.00716489 -0.00612876 -0.00524835 -0.00451802 -0.00391026 -0.00339556 -0.00295174 -0.00256885 -0.00224673 -0.00198489 -0.00177893 -0.00162057 -0.00149712 -0.00139648 -0.00131026 -0.00123297 -0.00116346 -0.00110274 -0.00105121 -0.0010092 -0.00097515 -0.000946208 -0.000919949 -0.000893761 -0.000866484 -0.000838332 -0.000809919 -0.000782967 -0.000758704 -0.000737926 -0.000721078 -0.000707415 -0.000696218 -0.000686263 -0.000676379 -0.000665947 -0.000654288 -0.000641573 -0.000627989 -0.000614044 -0.000600459 -0.00058762 -0.000576177 -0.000566231 -0.000557972 -0.00055129 -0.000545905 -0.00054164 -0.000537993 -0.000534808 -0.000531645 -0.000528394 -0.000524844 -0.000520913 -0.00051664 -0.000511957 -0.000507067 -0.000501914 -0.000496752 -0.000491544 -0.000486502 -0.000481616 -0.00047701 -0.000472704 -0.000468723 -0.000465118 -0.000461831 -0.000458939 -0.000456326 -0.000454086 -0.000452075 -0.000450396 -0.000448894 -0.000447678 -0.000446595 -0.000445755 -0.000445016 -0.000444485 -0.000444031 -0.000443763 -0.000443559 -0.000443529 -0.000443559 -0.000443763 -0.000444031 -0.000444485 -0.000445016 -0.000445755 -0.000446595 -0.000447678 -0.000448894 -0.000450396 -0.000452075 -0.000454086 -0.000456326 -0.000458939 -0.000461831 -0.000465118 -0.000468723 -0.000472704 -0.00047701 -0.000481616 -0.000486502 -0.000491544 -0.000496752 -0.000501914 -0.000507067 -0.000511957 -0.00051664 -0.000520913 -0.000524844 -0.000528394 -0.000531645 -0.000534808 -0.000537993 -0.00054164 -0.000545905 -0.00055129 -0.000557972 -0.000566231 -0.000576177 -0.00058762 -0.000600459 -0.000614044 -0.000627989 -0.000641573 -0.000654288 -0.000665947 -0.000676379 -0.000686263 -0.000696218 -0.000707415 -0.000721078 -0.000737926 -0.000758704 -0.000782967 -0.000809919 -0.000838331 -0.000866484 -0.00089376 -0.000919944 -0.00094619 -0.000975093 -0.00100903 -0.00105075 -0.00110153 -0.00116047 -0.00122596 -0.00129477 -0.00136416 -0.00143348 -0.0015025 -0.00157255 -0.00164496 -0.00171842 -0.00179161 -0.00186254 -0.00192713 -0.00198058 -0.00201236 -0.00200402 -0.00193755 -0.00180157 -0.00159544 -0.00132949 -0.00100817 -0.000616907 -0.000138652 0.000423671 0.00104439 0.00169028 0.00234836 0.00303339 0.00374228 0.00441918 0.00501033 0.00553101 0.00602016 0.00644911 0.00674342 0.00688694 
0 -0.00651806 -0.0127575 -0.0185029 -0.0235889 -0.0278606 -0.0311822 -0.0334812 -0.0347719 -0.0351378 -0.0346847 -0.0335088 -0.0317192 -0.0294763 -0.0269697 -0.0243549 -0.0217308 -0.0191633 -0.0167119 -0.0144413 -0.0124126 -0.0106567 -0.00916625 -0.00791094 -0.00685297 -0.00595849 -0.00520519 -0.00457691 -0.00405827 -0.00363553 -0.003294 -0.00301864 -0.0027972 -0.00261794 -0.00247035 -0.00234649 -0.00223888 -0.00214238 -0.00205429 -0.00197261 -0.00189747 -0.00182927 -0.00176789 -0.00171359 -0.00166528 -0.00162169 -0.00158166 -0.0015435 -0.00150662 -0.00147045 -0.00143496 -0.0014008 -0.00136819 -0.00133795 -0.0013103 -0.00128531 -0.00126305 -0.00124289 -0.00122463 -0.00120754 -0.00119122 -0.00117533 -0.00115944 -0.00114368 -0.0011278 -0.00111211 -0.00109665 -0.00108165 -0.00106736 -0.00105379 -0.00104126 -0.00102961 -0.00101909 -0.00100947 -0.00100083 -0.000993028 -0.000985967 -0.000979591 -0.00097371 -0.000968367 -0.000963321 -0.000958688 -0.000954232 -0.000950097 -0.00094609 -0.000942348 -0.000938738 -0.000935362 -0.000932151 -0.000929162 -0.000926382 -0.000923822 -0.000921514 -0.00091943 -0.000917634 -0.000916065 -0.000914811 -0.000913789 -0.000913098 -0.000912641 -0.000912523 -0.000912641 -0.000913098 -0.000913789 -0.000914811 -0.000916065 -0.000917634 -0.00091943 -0.000921514 -0.000923822 -0.000926382 -0.000929162 -0.000932151 -0.000935362 -0.000938738 -0.000942348 -0.00094609 -0.000950097 -0.000954232 -0.000958688 -0.000963321 -0.000968367 -0.00097371 -0.000979591 -0.000985967 -0.000993028 -0.00100083 -0.00100947 -0.00101909 -0.00102961 -0.00104126 -0.00105379 -0.00106736 -0.00108165 -0.00109665 -0.00111211 -0.0011278 -0.00114368 -0.00115944 -0.00117533 -0.00119122 -0.00120754 -0.00122463 -0.00124289 -0.00126305 -0.00128531 -0.0013103 -0.00133795 -0.00136819 -0.0014008 -0.00143496 -0.00147045 -0.00150662 -0.0015435 -0.00158166 -0.00162169 -0.00166527 -0.00171359 -0.00176788 -0.00182925 -0.00189742 -0.00197245 -0.00205384 -0.00214119 -0.00223585 -0.00233918 -0.0024537 -0.00258205 -0.00272406 -0.00287784 -0.00303809 -0.00319644 -0.00334663 -0.00348536 -0.00361434 -0.00374072 -0.00386662 -0.00398034 -0.00405248 -0.00403686 -0.00388989 -0.00359471 -0.00316319 -0.00261905 -0.00197011 -0.00118794 -0.000232319 0.000896438 0.00214553 0.00344948 0.00477293 0.00611745 0.00748093 0.00881028 0.0100243 0.0110883 0.0120179 0.0128023 0.0133831 0.0137274 
0 -0.0093944 -0.0185029 -0.0269509 -0.0343763 -0.0405711 -0.0454505 -0.0489404 -0.0509879 -0.0516456 -0.0510666 -0.0494361 -0.0469496 -0.0438183 -0.0402543 -0.0364582 -0.0326083 -0.0288395 -0.025249 -0.021922 -0.0189272 -0.0162991 -0.0140401 -0.0121244 -0.0105058 -0.00914046 -0.00799332 -0.00703346 -0.00623742 -0.00558475 -0.00505279 -0.00462216 -0.00427464 -0.00399156 -0.00375875 -0.00356318 -0.00339355 -0.00324352 -0.00310755 -0.00298294 -0.00286952 -0.00276605 -0.00267284 -0.00258935 -0.00251381 -0.00244553 -0.00238228 -0.00232278 -0.00226637 -0.00221183 -0.00215974 -0.00210986 -0.00206259 -0.00201859 -0.0019775 -0.00193991 -0.00190521 -0.00187322 -0.00184364 -0.00181563 -0.00178929 -0.00176378 -0.00173924 -0.00171537 -0.00169208 -0.00166966 -0.0016478 -0.00162705 -0.00160708 -0.00158831 -0.00157058 -0.00155397 -0.00153856 -0.0015241 -0.00151085 -0.00149836 -0.00148694 -0.00147614 -0.00146622 -0.00145685 -0.00144813 -0.00143994 -0.00143223 -0.00142506 -0.00141823 -0.00141195 -0.00140594 -0.0014005 -0.0013953 -0.00139067 -0.00138627 -0.00138245 -0.00137886 -0.00137585 -0.00137309 -0.00137088 -0.00136895 -0.00136757 -0.00136646 -0.00136591 -0.00136563 -0.00136591 -0.00136646 -0.00136757 -0.00136895 -0.00137088 -0.00137309 -0.00137585 -0.00137886 -0.00138245 -0.00138627 -0.00139067 -0.0013953 -0.0014005 -0.00140594 -0.00141195 -0.00141823 -0.00142506 -0.00143223 -0.00143994 -0.00144813 -0.00145685 -0.00146622 -0.00147614 -0.00148694 -0.00149836 -0.00151085 -0.0015241 -0.00153856 -0.00155397 -0.00157058 -0.00158831 -0.00160708 -0.00162705 -0.0016478 -0.00166966 -0.00169208 -0.00171537 -0.00173924 -0.00176378 -0.00178929 -0.00181563 -0.00184364 -0.00187322 -0.00190521 -0.00193991 -0.0019775 -0.00201859 -0.00206259 -0.00210986 -0.00215974 -0.00221183 -0.00226637 -0.00232278 -0.00238228 -0.00244553 -0.00251381 -0.00258935 -0.00267282 -0.002766 -0.0028694 -0.00298258 -0.00310656 -0.00324096 -0.0033873 -0.00354864 -0.00372675 -0.00392486 -0.0041431 -0.00437674 -0.00461967 -0.00486132 -0.00509214 -0.00530981 -0.00551494 -0.00571091 -0.00589591 -0.00604612 -0.00611751 -0.00605631 -0.00581216 -0.00536306 -0.00471763 -0.00388569 -0.00286253 -0.0016309 -0.000171651 0.0015047 0.00334539 0.00529119 0.00729685 0.00931263 0.0112897 0.0131979 0.0149959 0.0166049 0.0179566 0.0190434 0.0198807 0.0204412 
0 -0.0119828 -0.0235889 -0.0343763 -0.0439264 -0.0519607 -0.0583279 -0.0629403 -0.065768 -0.0668601 -0.0663512 -0.064464 -0.0614728 -0.0576387 -0.0532008 -0.0484077 -0.0434956 -0.038648 -0.0340052 -0.0296787 -0.0257466 -0.0222592 -0.0192361 -0.0166513 -0.0144527 -0.012588 -0.011009 -0.00968 -0.00857794 -0.00767543 -0.00694279 -0.0063508 -0.00586656 -0.00546404 -0.00512505 -0.00483419 -0.00458394 -0.00436853 -0.00418101 -0.0040176 -0.00387209 -0.00373918 -0.00361642 -0.00350014 -0.00339034 -0.00328741 -0.00319116 -0.00310354 -0.00302381 -0.00295187 -0.00288714 -0.00282728 -0.00277187 -0.00271874 -0.00266724 -0.00261707 -0.00256743 -0.0025195 -0.00247286 -0.00242863 -0.00238711 -0.00234837 -0.00231316 -0.00228062 -0.00225134 -0.00222432 -0.00219952 -0.00217646 -0.00215448 -0.00213374 -0.00211332 -0.00209375 -0.00207427 -0.00205538 -0.00203674 -0.00201858 -0.00200102 -0.00198392 -0.00196776 -0.0019521 -0.00193759 -0.00192366 -0.00191094 -0.00189887 -0.00188796 -0.00187775 -0.00186856 -0.00186011 -0.00185253 -0.00184569 -0.00183957 -0.00183419 -0.00182939 -0.00182533 -0.00182173 -0.00181888 -0.00181641 -0.00181467 -0.00181327 -0.00181259 -0.00181223 -0.00181259 -0.00181327 -0.00181467 -0.00181641 -0.00181888 -0.00182173 -0.00182533 -0.00182939 -0.00183419 -0.00183957 -0.00184569 -0.00185253 -0.00186011 -0.00186856 -0.00187775 -0.00188796 -0.00189887 -0.00191094 -0.00192366 -0.00193759 -0.0019521 -0.00196776 -0.00198392 -0.00200102 -0.00201858 -0.00203674 -0.00205538 -0.00207427 -0.00209375 -0.00211332 -0.00213374 -0.00215448 -0.00217646 -0.00219952 -0.00222432 -0.00225134 -0.00228062 -0.00231316 -0.00234837 -0.00238711 -0.00242863 -0.00247286 -0.0025195 -0.00256743 -0.00261707 -0.00266724 -0.00271874 -0.00277187 -0.00282728 -0.00288714 -0.00295187 -0.00302381 -0.00310354 -0.00319116 -0.00328741 -0.00339033 -0.00350013 -0.00361639 -0.00373908 -0.00387181 -0.00401681 -0.00417895 -0.00436341 -0.00457187 -0.00480722 -0.00506794 -0.00534945 -0.00564879 -0.00595878 -0.00627399 -0.00659252 -0.00690932 -0.00722269 -0.007529 -0.00781192 -0.00804737 -0.00819812 -0.00821412 -0.00805429 -0.00768804 -0.00708697 -0.00622888 -0.00508769 -0.00363705 -0.00188781 0.000112274 0.00232198 0.00471793 0.00727545 0.00994582 0.0126305 0.0152107 0.0176342 0.0199102 0.021993 0.0237653 0.0251657 0.0262237 0.0269358 
0 -0.014194 -0.0278606 -0.0405711 -0.0519607 -0.0616732 -0.0694323 -0.0751328 -0.0787871 -0.0804339 -0.0801835 -0.0782853 -0.0750521 -0.0707658 -0.0656952 -0.0601237 -0.0543235 -0.0485403 -0.0429766 -0.0377594 -0.0329633 -0.0286493 -0.0248477 -0.0215514 -0.0187336 -0.0163433 -0.0143188 -0.0126139 -0.0111875 -0.0100007 -0.00902447 -0.00822498 -0.00756777 -0.0070271 -0.00657564 -0.00619266 -0.00586562 -0.00558015 -0.00532906 -0.00510708 -0.00490691 -0.00472729 -0.00456426 -0.00441471 -0.00427873 -0.00415251 -0.00403602 -0.00392816 -0.00382669 -0.00373279 -0.00364418 -0.00356128 -0.003484 -0.00341083 -0.00334314 -0.00327903 -0.00321916 -0.00316299 -0.00310951 -0.00305961 -0.00301151 -0.00296628 -0.00292285 -0.00288135 -0.00284206 -0.00280404 -0.00276849 -0.00273409 -0.00270201 -0.00267136 -0.00264255 -0.00261555 -0.00258985 -0.00256617 -0.0025434 -0.00252257 -0.00250247 -0.00248404 -0.00246636 -0.00244995 -0.00243442 -0.00241977 -0.00240617 -0.00239313 -0.00238126 -0.00236976 -0.0023595 -0.0023495 -0.00234075 -0.00233224 -0.00232496 -0.00231793 -0.00231209 -0.00230652 -0.0023021 -0.002298 -0.00229498 -0.00229232 -0.00229071 -0.00228949 -0.00228929 -0.00228949 -0.00229071 -0.00229232 -0.00229498 -0.002298 -0.0023021 -0.00230652 -0.00231209 -0.00231793 -0.00232496 -0.00233224 -0.00234075 -0.0023495 -0.0023595 -0.00236976 -0.00238126 -0.00239313 -0.00240617 -0.00241977 -0.00243442 -0.00244995 -0.00246636 -0.00248404 -0.00250247 -0.00252257 -0.0025434 -0.00256617 -0.00258985 -0.00261555 -0.00264255 -0.00267136 -0.00270201 -0.00273409 -0.00276849 -0.00280404 -0.00284206 -0.00288135 -0.00292285 -0.00296628 -0.00301151 -0.00305961 -0.00310951 -0.00316299 -0.00321916 -0.00327903 -0.00334314 -0.00341083 -0.003484 -0.00356128 -0.00364418 -0.00373279 -0.00382669 -0.00392816 -0.00403602 -0.00415251 -0.00427873 -0.00441468 -0.00456418 -0.00472707 -0.00490629 -0.00510544 -0.00532495 -0.00557032 -0.00584337 -0.00614489 -0.00647836 -0.00683938 -0.00722439 -0.00762932 -0.00804318 -0.00846165 -0.00888026 -0.00928866 -0.0096786 -0.0100257 -0.0102859 -0.0104138 -0.0103588 -0.0100777 -0.00954919 -0.00874178 -0.00760417 -0.00609501 -0.00419606 -0.00193282 0.000616563 0.0033868 0.00636612 0.00953053 0.0127956 0.0160506 0.019188 0.0221216 0.024814 0.0272491 0.0293665 0.0310796 0.0323424 0.0331457 
0 -0.015886 -0.0311822 -0.0454505 -0.0583279 -0.0694323 -0.0784548 -0.085251 -0.0897825 -0.0920768 -0.0922809 -0.0906472 -0.0874544 -0.0829926 -0.0775675 -0.0714725 -0.0650068 -0.0584851 -0.0521553 -0.0461585 -0.0405841 -0.0354937 -0.0309224 -0.0269028 -0.0234408 -0.0204911 -0.0179947 -0.0158887 -0.014106 -0.0126037 -0.0113489 -0.0103045 -0.00944485 -0.00873944 -0.00815316 -0.00766306 -0.00724372 -0.00687566 -0.00655138 -0.0062597 -0.00599779 -0.00576491 -0.00555492 -0.00536857 -0.00520101 -0.0050476 -0.0049079 -0.00477577 -0.0046516 -0.00453405 -0.00442128 -0.00431631 -0.00421669 -0.00412464 -0.00403981 -0.00396077 -0.00388915 -0.00382156 -0.00375928 -0.00370023 -0.00364364 -0.00359011 -0.0035373 -0.00348734 -0.0034381 -0.00339119 -0.0033461 -0.00330276 -0.00326237 -0.00322337 -0.00318778 -0.00315358 -0.00312249 -0.00309303 -0.00306585 -0.00304063 -0.00301677 -0.00299507 -0.00297401 -0.0029551 -0.00293645 -0.00291979 -0.00290329 -0.00288849 -0.00287398 -0.00286084 -0.00284824 -0.00283668 -0.00282594 -0.00281596 -0.00280703 -0.00279865 -0.00279153 -0.0027848 -0.00277945 -0.00277439 -0.00277081 -0.00276745 -0.00276562 -0.00276399 -0.00276389 -0.00276399 -0.00276562 -0.00276745 -0.00277081 -0.00277439 -0.00277945 -0.0027848 -0.00279153 -0.00279865 -0.00280703 -0.00281596 -0.00282594 -0.00283668 -0.00284824 -0.00286084 -0.00287398 -0.00288849 -0.00290329 -0.00291979 -0.00293645 -0.0029551 -0.00297401 -0.00299507 -0.00301677 -0.00304063 -0.00306585 -0.00309303 -0.00312249 -0.00315358 -0.00318778 -0.00322337 -0.00326237 -0.00330276 -0.0033461 -0.00339119 -0.0034381 -0.00348734 -0.0035373 -0.00359011 -0.00364364 -0.00370023 -0.00375928 -0.00382156 -0.00388915 -0.00396077 -0.00403981 -0.00412464 -0.00421669 -0.00431631 -0.00442128 -0.00453405 -0.0046516 -0.00477577 -0.0049079 -0.00504759 -0.00520099 -0.00536851 -0.00555475 -0.00576443 -0.00599651 -0.00625644 -0.00654349 -0.00685756 -0.00720431 -0.00758168 -0.00799379 -0.00844354 -0.00892368 -0.00943274 -0.00996071 -0.0104918 -0.0110198 -0.0115264 -0.0119857 -0.0123697 -0.0126251 -0.0126949 -0.0125372 -0.0121055 -0.0113605 -0.0102682 -0.00877045 -0.00682689 -0.00445545 -0.00169699 0.00139923 0.00476996 0.0083634 0.0121134 0.0158982 0.0196094 0.0232024 0.0266079 0.0296966 0.0323979 0.0347297 0.036669 0.0381166 0.0390226 
0 -0.017002 -0.0334812 -0.0489404 -0.0629403 -0.0751328 -0.085251 -0.0930787 -0.0985012 -0.101578 -0.102474 -0.101359 -0.0984531 -0.0940848 -0.0885927 -0.0822755 -0.0754522 -0.0684427 -0.061499 -0.0548193 -0.0485465 -0.0427476 -0.0374736 -0.0327787 -0.0286699 -0.0251236 -0.0221025 -0.0195348 -0.0173544 -0.0155161 -0.0139659 -0.0126642 -0.0115809 -0.0106723 -0.0099105 -0.00927065 -0.00872255 -0.008254 -0.00784826 -0.00748947 -0.00717419 -0.00688927 -0.00663031 -0.00639614 -0.00617858 -0.00598112 -0.00580007 -0.00563314 -0.00548307 -0.00534326 -0.00521586 -0.00509765 -0.00498547 -0.00488158 -0.00478055 -0.00468555 -0.00459445 -0.00450696 -0.00442562 -0.004347 -0.00427513 -0.00420682 -0.00414369 -0.00408539 -0.00402995 -0.00397971 -0.00393076 -0.00388604 -0.00384235 -0.00380117 -0.00376166 -0.00372304 -0.00368691 -0.00365073 -0.00361751 -0.00358415 -0.00355366 -0.00352354 -0.00349578 -0.00346919 -0.00344422 -0.00342119 -0.00339908 -0.00337945 -0.00336018 -0.00334366 -0.00332718 -0.00331346 -0.00329962 -0.00328842 -0.00327708 -0.00326815 -0.00325915 -0.00325232 -0.00324552 -0.00324067 -0.00323594 -0.003233 -0.00323026 -0.0032292 -0.00322838 -0.0032292 -0.00323026 -0.003233 -0.00323594 -0.00324067 -0.00324552 -0.00325232 -0.00325915 -0.00326815 -0.00327708 -0.00328842 -0.00329962 -0.00331346 -0.00332718 -0.00334366 -0.00336018 -0.00337945 -0.00339908 -0.00342119 -0.00344422 -0.00346919 -0.00349578 -0.00352354 -0.00355366 -0.00358415 -0.00361751 -0.00365073 -0.00368691 -0.00372304 -0.00376166 -0.00380117 -0.00384235 -0.00388604 -0.00393076 -0.00397971 -0.00402995 -0.00408539 -0.00414369 -0.00420682 -0.00427513 -0.004347 -0.00442562 -0.00450696 -0.00459445 -0.00468555 -0.00478055 -0.00488158 -0.00498547 -0.00509765 -0.00521586 -0.00534326 -0.00548307 -0.00563314 -0.00580006 -0.00598111 -0.00617854 -0.00639601 -0.00662995 -0.00688828 -0.00717164 -0.00748321 -0.00783372 -0.00822189 -0.00865528 -0.00913699 -0.00965858 -0.0102219 -0.010816 -0.0114284 -0.0120595 -0.0126948 -0.0133221 -0.0139272 -0.0144606 -0.0148669 -0.0150875 -0.0150502 -0.0147155 -0.0140588 -0.0130282 -0.0115761 -0.00966175 -0.00724782 -0.00436012 -0.00106646 0.00259572 0.00657274 0.0107479 0.0150024 0.0192401 0.0233698 0.0273304 0.0310638 0.0344501 0.0373783 0.0398494 0.0418946 0.0434641 0.0444966 
0 -0.0176019 -0.0347719 -0.0509879 -0.065768 -0.0787871 -0.0897825 -0.0985012 -0.104833 -0.108839 -0.110601 -0.110198 -0.107845 -0.103868 -0.0985953 -0.0923603 -0.0854861 -0.0782381 -0.0708779 -0.0636768 -0.0568144 -0.0503893 -0.0444895 -0.0391599 -0.0344133 -0.0302692 -0.0266979 -0.0236339 -0.0210277 -0.0188126 -0.0169247 -0.0153314 -0.0139842 -0.0128431 -0.0118858 -0.0110724 -0.0103793 -0.00979045 -0.00927657 -0.00883007 -0.00843711 -0.00808183 -0.00776603 -0.00747691 -0.0072128 -0.00697502 -0.00675372 -0.00655474 -0.00637181 -0.00620236 -0.00604944 -0.00590403 -0.00577108 -0.00564558 -0.00552622 -0.00541619 -0.00530888 -0.00521033 -0.00511551 -0.00502625 -0.00494344 -0.00486307 -0.00479032 -0.00471909 -0.00465401 -0.00459165 -0.00453254 -0.00447791 -0.00442408 -0.00437557 -0.00432694 -0.00428309 -0.00423972 -0.00419956 -0.00416127 -0.0041244 -0.00409075 -0.00405716 -0.00402757 -0.00399736 -0.00397126 -0.00394455 -0.00392147 -0.00389826 -0.00387788 -0.00385807 -0.00384019 -0.0038236 -0.00380812 -0.00379457 -0.00378144 -0.00377071 -0.00375991 -0.00375184 -0.00374336 -0.00373782 -0.00373164 -0.00372852 -0.00372465 -0.00372389 -0.00372232 -0.00372389 -0.00372465 -0.00372852 -0.00373164 -0.00373782 -0.00374336 -0.00375184 -0.00375991 -0.00377071 -0.00378144 -0.00379457 -0.00380812 -0.0038236 -0.00384019 -0.00385807 -0.00387788 -0.00389826 -0.00392147 -0.00394455 -0.00397126 -0.00399736 -0.00402757 -0.00405716 -0.00409075 -0.0041244 -0.00416127 -0.00419956 -0.00423972 -0.00428309 -0.00432694 -0.00437557 -0.00442408 -0.00447791 -0.00453254 -0.00459165 -0.00465401 -0.00471909 -0.00479032 -0.00486307 -0.00494344 -0.00502625 -0.00511551 -0.00521033 -0.00530888 -0.00541619 -0.00552622 -0.00564558 -0.00577108 -0.00590403 -0.00604944 -0.00620236 -0.0063718 -0.00655474 -0.00675371 -0.00697498 -0.00721271 -0.00747664 -0.00776527 -0.00807986 -0.00843221 -0.00881853 -0.00925073 -0.00973552 -0.0102685 -0.0108603 -0.0115008 -0.0121792 -0.0128954 -0.013628 -0.0143716 -0.0151232 -0.0158508 -0.0165277 -0.0171006 -0.0174804 -0.0176042 -0.0174124 -0.0168467 -0.0158872 -0.0144922 -0.0125934 -0.0101744 -0.00724284 -0.0038096 6.328e-05 0.00430243 0.00884056 0.0135361 0.0182247 0.022839 0.0273338 0.0315871 0.0354881 0.0390004 0.0420834 0.0446741 0.046759 0.0483649 0.0494782 
0 -0.0177699 -0.0351378 -0.0516456 -0.0668601 -0.0804339 -0.0920768 -0.101578 -0.108839 -0.113816 -0.116497 -0.116986 -0.11548 -0.112195 -0.107431 -0.101557 -0.0948751 -0.0876319 -0.0801229 -0.0726189 -0.0653105 -0.0583704 -0.0519141 -0.0459852 -0.0406455 -0.0359323 -0.0318107 -0.0282477 -0.0251878 -0.0225451 -0.0202783 -0.0183458 -0.0166931 -0.0153001 -0.014124 -0.0131185 -0.0122659 -0.0115258 -0.0108773 -0.0103148 -0.0098124 -0.00937133 -0.00898306 -0.00863173 -0.0083232 -0.0080404 -0.00778137 -0.00754655 -0.00732261 -0.00711912 -0.00692741 -0.00674832 -0.00658665 -0.0064324 -0.00629505 -0.00616575 -0.00604608 -0.0059371 -0.00583054 -0.00573443 -0.00563882 -0.00554968 -0.00546383 -0.00537972 -0.00530248 -0.00522462 -0.00515482 -0.00508529 -0.00502211 -0.00496202 -0.00490509 -0.00485398 -0.00480324 -0.00475953 -0.00471489 -0.00467671 -0.00463789 -0.00460369 -0.00457016 -0.00453895 -0.00451004 -0.0044814 -0.00445647 -0.00443035 -0.00440884 -0.00438537 -0.00436687 -0.00434624 -0.0043305 -0.00431284 -0.00429971 -0.0042851 -0.00427453 -0.00426298 -0.00425497 -0.00424643 -0.00424101 -0.00423542 -0.00423265 -0.00422992 -0.00422986 -0.00422992 -0.00423265 -0.00423542 -0.00424101 -0.00424643 -0.00425497 -0.00426298 -0.00427453 -0.0042851 -0.00429971 -0.00431284 -0.0043305 -0.00434624 -0.00436687 -0.00438537 -0.00440884 -0.00443035 -0.00445647 -0.0044814 -0.00451004 -0.00453895 -0.00457016 -0.00460369 -0.00463789 -0.00467671 -0.00471489 -0.00475953 -0.00480324 -0.00485398 -0.00490509 -0.00496202 -0.00502211 -0.00508529 -0.00515482 -0.00522462 -0.00530248 -0.00537972 -0.00546383 -0.00554968 -0.00563882 -0.00573443 -0.00583054 -0.0059371 -0.00604608 -0.00616575 -0.00629505 -0.0064324 -0.00658665 -0.00674832 -0.00692741 -0.00711912 -0.00732261 -0.00754654 -0.00778135 -0.00804033 -0.008323 -0.00863116 -0.00898155 -0.00936754 -0.00980336 -0.0102943 -0.010833 -0.011435 -0.0120894 -0.012793 -0.0135539 -0.0143506 -0.0151857 -0.0160558 -0.0169307 -0.0178032 -0.0186309 -0.0193405 -0.0198784 -0.0201592 -0.0201049 -0.0196877 -0.018848 -0.0175185 -0.0156649 -0.0132327 -0.0102105 -0.00667424 -0.00267065 0.00177627 0.00657083 0.0115944 0.0167307 0.0218232 0.0267523 0.0314676 0.0358711 0.0398389 0.0433611 0.0464729 0.049111 0.0512042 0.0527893 0.0539012 
0 -0.0175454 -0.0346847 -0.0510666 -0.0663512 -0.0801835 -0.0922809 -0.102474 -0.110601 -0.116497 -0.120151 -0.121693 -0.121227 -0.118878 -0.114922 -0.10968 -0.103423 -0.0964471 -0.0890405 -0.0814269 -0.073855 -0.0665598 -0.0596538 -0.0532253 -0.0473687 -0.0420995 -0.037427 -0.0333565 -0.0298127 -0.0267356 -0.024086 -0.0217875 -0.0198085 -0.0181232 -0.0166716 -0.0154365 -0.0143825 -0.0134634 -0.012675 -0.0119824 -0.0113676 -0.0108325 -0.0103472 -0.00991667 -0.00953308 -0.00917939 -0.00886814 -0.00857973 -0.00831724 -0.00808162 -0.00785718 -0.0076575 -0.00746732 -0.00729066 -0.00712935 -0.00697169 -0.00683123 -0.0066937 -0.00656764 -0.00645028 -0.00633642 -0.00623577 -0.00613475 -0.00604569 -0.00595805 -0.00587658 -0.005801 -0.00572553 -0.00565917 -0.00558996 -0.00552984 -0.00546772 -0.00541184 -0.00535722 -0.00530489 -0.00525747 -0.00520896 -0.00516786 -0.00512386 -0.00508803 -0.00504914 -0.00501762 -0.00498413 -0.0049562 -0.00492806 -0.0049033 -0.00488017 -0.00485836 -0.00483981 -0.00482086 -0.00480642 -0.00479031 -0.00477959 -0.00476633 -0.004759 -0.00474861 -0.00474443 -0.0047369 -0.00473574 -0.00473109 -0.00473286 -0.00473109 -0.00473574 -0.0047369 -0.00474443 -0.00474861 -0.004759 -0.00476633 -0.00477959 -0.00479031 -0.00480642 -0.00482086 -0.00483981 -0.00485836 -0.00488017 -0.0049033 -0.00492806 -0.0049562 -0.00498413 -0.00501762 -0.00504914 -0.00508803 -0.00512386 -0.00516786 -0.00520896 -0.00525747 -0.00530489 -0.00535722 -0.00541184 -0.00546772 -0.00552984 -0.00558996 -0.00565917 -0.00572553 -0.005801 -0.00587658 -0.00595805 -0.00604569 -0.00613475 -0.00623577 -0.00633642 -0.00645028 -0.00656764 -0.0066937 -0.00683123 -0.00697169 -0.00712935 -0.00729066 -0.00746732 -0.0076575 -0.00785718 -0.00808162 -0.00831723 -0.00857971 -0.00886809 -0.00917924 -0.00953265 -0.00991553 -0.0103443 -0.0108255 -0.0113515 -0.0119471 -0.0126015 -0.0133183 -0.0141105 -0.0149523 -0.0158522 -0.0168021 -0.0177729 -0.0187745 -0.0197739 -0.0207251 -0.0215976 -0.0222946 -0.0227292 -0.0228485 -0.0225639 -0.021827 -0.0206078 -0.0188096 -0.0163799 -0.0133337 -0.00967912 -0.00548763 -0.000867868 0.00413953 0.00945491 0.0149057 0.0203703 0.0257644 0.0309318 0.0357303 0.040113 0.0440547 0.0475305 0.0505454 0.0530889 0.0551273 0.0566668 0.0577378 
0 -0.0169407 -0.0335088 -0.0494361 -0.064464 -0.0782853 -0.0906472 -0.101359 -0.110198 -0.116986 -0.121693 -0.12435 -0.125001 -0.123783 -0.120895 -0.116527 -0.110954 -0.104498 -0.0973895 -0.0898736 -0.0822651 -0.0747832 -0.067573 -0.0607874 -0.0544886 -0.0487079 -0.0435271 -0.0389438 -0.0349112 -0.0314115 -0.028359 -0.0256823 -0.0233656 -0.021344 -0.0195896 -0.0180937 -0.0167941 -0.0156782 -0.0147197 -0.0138684 -0.0131299 -0.0124705 -0.0118739 -0.011351 -0.0108693 -0.0104418 -0.0100607 -0.00970807 -0.00940187 -0.0091152 -0.00885635 -0.00862249 -0.00839652 -0.00819694 -0.00800128 -0.00782197 -0.00765553 -0.00749293 -0.00735047 -0.00720766 -0.00708201 -0.0069612 -0.0068475 -0.00674618 -0.00664322 -0.0065555 -0.00646401 -0.0063841 -0.00630447 -0.00622913 -0.0061603 -0.00608916 -0.00602894 -0.0059633 -0.00590931 -0.00585071 -0.00580118 -0.00575049 -0.00570452 -0.0056617 -0.00561915 -0.00558347 -0.00554463 -0.00551503 -0.00548028 -0.0054557 -0.00542536 -0.00540494 -0.00537913 -0.00536226 -0.00534098 -0.00532728 -0.00531037 -0.00529967 -0.00528691 -0.00527919 -0.00527034 -0.00526563 -0.00526047 -0.00525889 -0.00525719 -0.00525889 -0.00526047 -0.00526563 -0.00527034 -0.00527919 -0.00528691 -0.00529967 -0.00531037 -0.00532728 -0.00534098 -0.00536226 -0.00537913 -0.00540494 -0.00542536 -0.0054557 -0.00548028 -0.00551503 -0.00554463 -0.00558347 -0.00561915 -0.0056617 -0.00570452 -0.00575049 -0.00580118 -0.00585071 -0.00590931 -0.0059633 -0.00602894 -0.00608916 -0.0061603 -0.00622913 -0.00630447 -0.0063841 -0.00646401 -0.0065555 -0.00664322 -0.00674618 -0.0068475 -0.0069612 -0.00708201 -0.00720766 -0.00735047 -0.00749293 -0.00765553 -0.00782197 -0.00800128 -0.00819694 -0.00839652 -0.00862249 -0.00885635 -0.0091152 -0.00940186 -0.00970803 -0.0100606 -0.0104415 -0.0108685 -0.0113489 -0.0118685 -0.012458 -0.0131021 -0.0138097 -0.0146018 -0.0154536 -0.0163875 -0.0173941 -0.0184436 -0.0195514 -0.0206765 -0.0217901 -0.0228853 -0.0238791 -0.0247134 -0.0253255 -0.0255926 -0.025459 -0.0248718 -0.0237271 -0.0219839 -0.0195961 -0.0165006 -0.0127586 -0.00845765 -0.00362638 0.00163913 0.00720746 0.0129808 0.0188003 0.0244984 0.0300103 0.035245 0.0400325 0.0443057 0.0481104 0.0514388 0.0542496 0.0565774 0.0584758 0.0599411 0.0609702 
0 -0.0159956 -0.0317192 -0.0469496 -0.0614728 -0.0750521 -0.0874544 -0.0984531 -0.107845 -0.11548 -0.121227 -0.125001 -0.126852 -0.126903 -0.125211 -0.121902 -0.117257 -0.11153 -0.104941 -0.0977949 -0.0903613 -0.082844 -0.0754919 -0.0684701 -0.0618274 -0.0556688 -0.0500629 -0.0449966 -0.0405055 -0.0365613 -0.0330716 -0.0300204 -0.0273474 -0.0249858 -0.0229422 -0.0211568 -0.019592 -0.0182485 -0.0170598 -0.0160198 -0.0151163 -0.0143 -0.0135907 -0.0129552 -0.012378 -0.0118749 -0.0114044 -0.0109861 -0.0106074 -0.0102511 -0.00994168 -0.00964561 -0.00938258 -0.00914368 -0.00891532 -0.00871896 -0.00852326 -0.00835106 -0.00818629 -0.0080275 -0.00788705 -0.00774107 -0.00761597 -0.00748686 -0.00737081 -0.00726092 -0.00715261 -0.00706011 -0.00696172 -0.00688201 -0.00679623 -0.0067246 -0.00665242 -0.00658588 -0.00652611 -0.00646371 -0.00641372 -0.00635595 -0.00631281 -0.00626065 -0.00622197 -0.00617624 -0.00614054 -0.00610162 -0.00606828 -0.00603607 -0.00600508 -0.00597917 -0.00595085 -0.0059307 -0.00590544 -0.00589052 -0.00586868 -0.00585851 -0.00584036 -0.00583459 -0.00582028 -0.0058187 -0.00580831 -0.00581077 -0.00580433 -0.00581077 -0.00580831 -0.0058187 -0.00582028 -0.00583459 -0.00584036 -0.00585851 -0.00586868 -0.00589052 -0.00590544 -0.0059307 -0.00595085 -0.00597917 -0.00600508 -0.00603607 -0.00606828 -0.00610162 -0.00614054 -0.00617624 -0.00622197 -0.00626065 -0.00631281 -0.00635595 -0.00641372 -0.00646371 -0.00652611 -0.00658588 -0.00665242 -0.0067246 -0.00679623 -0.00688201 -0.00696172 -0.00706011 -0.00715261 -0.00726092 -0.00737081 -0.00748686 -0.00761597 -0.00774107 -0.00788705 -0.0080275 -0.00818629 -0.00835106 -0.00852326 -0.00871896 -0.00891532 -0.00914368 -0.00938258 -0.00964561 -0.00994168 -0.0102511 -0.0106073 -0.010986 -0.0114041 -0.0118743 -0.0123764 -0.0129512 -0.0135812 -0.0142784 -0.01507 -0.0159253 -0.0168765 -0.0179111 -0.0190014 -0.0201732 -0.0213792 -0.0226072 -0.023862 -0.0250696 -0.0262065 -0.0272116 -0.0279546 -0.0283788 -0.0283925 -0.0278878 -0.026846 -0.0251862 -0.0228079 -0.0197214 -0.0159267 -0.011454 -0.00644146 -0.000967954 0.00491178 0.0110097 0.0171392 0.0231961 0.0290419 0.0345449 0.0396476 0.0442832 0.0483839 0.0519529 0.0549983 0.057514 0.0595707 0.0612651 0.0626051 0.0635758 
0 -0.0148072 -0.0294763 -0.0438183 -0.0576387 -0.0707658 -0.0829926 -0.0940848 -0.103868 -0.112195 -0.118878 -0.123783 -0.126903 -0.128235 -0.127787 -0.125695 -0.122146 -0.117323 -0.111506 -0.104965 -0.0978858 -0.0905424 -0.083227 -0.0760811 -0.0692422 -0.0628385 -0.0568769 -0.0514163 -0.0465217 -0.0421338 -0.038242 -0.034823 -0.0317735 -0.0290867 -0.0267286 -0.0246257 -0.0227963 -0.0211867 -0.0197544 -0.0185168 -0.0174064 -0.0164241 -0.0155662 -0.0147785 -0.0140922 -0.0134698 -0.0129 -0.0124042 -0.0119343 -0.0115216 -0.0111449 -0.0107913 -0.0104871 -0.0101892 -0.00993016 -0.00968727 -0.00945686 -0.00925787 -0.00905444 -0.00888228 -0.00870933 -0.00855146 -0.0084079 -0.00826127 -0.00813966 -0.00800766 -0.00789873 -0.00778515 -0.00768268 -0.00758785 -0.00749044 -0.00741103 -0.00732064 -0.00725175 -0.00717127 -0.00710854 -0.00703986 -0.00698072 -0.00692404 -0.00686775 -0.00682183 -0.0067689 -0.00673181 -0.00668323 -0.00665297 -0.00660971 -0.00658463 -0.00654733 -0.00652629 -0.00649522 -0.00647759 -0.00645266 -0.00643819 -0.00641914 -0.00640784 -0.00639428 -0.00638632 -0.00637783 -0.00637348 -0.00636963 -0.00636921 -0.00636963 -0.00637348 -0.00637783 -0.00638632 -0.00639428 -0.00640784 -0.00641914 -0.00643819 -0.00645266 -0.00647759 -0.00649522 -0.00652629 -0.00654733 -0.00658463 -0.00660971 -0.00665297 -0.00668323 -0.00673181 -0.0067689 -0.00682183 -0.00686775 -0.00692404 -0.00698072 -0.00703986 -0.00710854 -0.00717127 -0.00725175 -0.00732064 -0.00741103 -0.00749044 -0.00758785 -0.00768268 -0.00778515 -0.00789873 -0.00800766 -0.00813966 -0.00826127 -0.0084079 -0.00855146 -0.00870933 -0.00888228 -0.00905444 -0.00925787 -0.00945686 -0.00968727 -0.00993016 -0.0101892 -0.0104871 -0.0107913 -0.0111449 -0.0115216 -0.0119342 -0.012404 -0.0128995 -0.0134686 -0.0140892 -0.0147713 -0.0155496 -0.016388 -0.0173315 -0.0183691 -0.0194777 -0.0206939 -0.0219613 -0.0232768 -0.0246445 -0.0259917 -0.0273283 -0.0286057 -0.0297183 -0.0306283 -0.0312056 -0.0313252 -0.0309555 -0.0299872 -0.0283461 -0.0260246 -0.0229324 -0.0190588 -0.0145075 -0.00931708 -0.00356826 0.00257012 0.00897859 0.0154946 0.0218835 0.0280266 0.0338689 0.0392718 0.0441306 0.0484513 0.0522371 0.0554606 0.0581318 0.0603089 0.0620784 0.0635219 0.0646742 0.0655462 
0 -0.0135036 -0.0269697 -0.0402543 -0.0532008 -0.0656952 -0.0775675 -0.0885927 -0.0985953 -0.107431 -0.114922 -0.120895 -0.125211 -0.127787 -0.128653 -0.127874 -0.12551 -0.121755 -0.116886 -0.111094 -0.10459 -0.0976763 -0.0905667 -0.0834562 -0.0765748 -0.0700003 -0.0637858 -0.0580579 -0.0528198 -0.0480687 -0.0438441 -0.0400522 -0.0366497 -0.0336402 -0.0309308 -0.0285261 -0.0264173 -0.0245222 -0.022865 -0.0213952 -0.0200635 -0.0189014 -0.0178394 -0.0168882 -0.0160528 -0.0152771 -0.0146058 -0.0139936 -0.0134355 -0.0129526 -0.0124884 -0.012086 -0.011709 -0.0113561 -0.01105 -0.0107434 -0.0104835 -0.0102299 -0.0099985 -0.00979511 -0.0095884 -0.00942033 -0.00924229 -0.00909248 -0.00894504 -0.00880373 -0.00868227 -0.00854888 -0.00844441 -0.00832345 -0.00822737 -0.00812314 -0.00803062 -0.00794427 -0.00785476 -0.00778413 -0.00769986 -0.007641 -0.00756493 -0.00751382 -0.00744821 -0.00740182 -0.00734761 -0.00730425 -0.00726118 -0.00722029 -0.00718729 -0.00714906 -0.00712476 -0.00708968 -0.00707276 -0.00704139 -0.00703073 -0.0070035 -0.00699831 -0.00697551 -0.00697528 -0.00695705 -0.00696152 -0.00694788 -0.00695694 -0.00694788 -0.00696152 -0.00695705 -0.00697528 -0.00697551 -0.00699831 -0.0070035 -0.00703073 -0.00704139 -0.00707276 -0.00708968 -0.00712476 -0.00714906 -0.00718729 -0.00722029 -0.00726118 -0.00730425 -0.00734761 -0.00740182 -0.00744821 -0.00751382 -0.00756493 -0.007641 -0.00769986 -0.00778413 -0.00785476 -0.00794427 -0.00803062 -0.00812314 -0.00822737 -0.00832345 -0.00844441 -0.00854888 -0.00868227 -0.00880373 -0.00894504 -0.00909248 -0.00924229 -0.00942033 -0.0095884 -0.00979511 -0.0099985 -0.0102299 -0.0104835 -0.0107434 -0.01105 -0.0113561 -0.011709 -0.012086 -0.0124884 -0.0129526 -0.0134354 -0.0139932 -0.014605 -0.0152749 -0.0160474 -0.0168757 -0.0178116 -0.0188428 -0.019946 -0.0211711 -0.0224587 -0.0238214 -0.0252659 -0.0267182 -0.028207 -0.0296803 -0.0310571 -0.0323275 -0.0333545 -0.0340276 -0.0342929 -0.0340003 -0.0330924 -0.0315441 -0.0292261 -0.0261093 -0.0222102 -0.0175075 -0.0121188 -0.00618928 0.000226249 0.00696705 0.0137971 0.0205593 0.0270941 0.0332395 0.0389172 0.0440545 0.0485701 0.0524697 0.0557931 0.0585501 0.0607938 0.0626223 0.0640941 0.0652505 0.0661681 0.0669057 
0 -0.0121795 -0.0243549 -0.0364582 -0.0484077 -0.0601237 -0.0714725 -0.0822755 -0.0923603 -0.101557 -0.10968 -0.116527 -0.121902 -0.125695 -0.127874 -0.128399 -0.127301 -0.124748 -0.120921 -0.116015 -0.110299 -0.103983 -0.0972464 -0.0903808 -0.0835897 -0.076965 -0.0706648 -0.0647607 -0.0592553 -0.0542455 -0.0497154 -0.0455973 -0.0419186 -0.0385958 -0.0355793 -0.0329023 -0.0304785 -0.0283075 -0.0263946 -0.02465 -0.0231081 -0.0217273 -0.0204598 -0.0193512 -0.0183275 -0.0174076 -0.0165954 -0.0158315 -0.0151717 -0.0145587 -0.0140021 -0.0135183 -0.0130497 -0.0126527 -0.0122723 -0.0119267 -0.0116233 -0.0113181 -0.0110657 -0.0108057 -0.0105798 -0.0103674 -0.010158 -0.0099849 -0.0097957 -0.00964715 -0.00948561 -0.00934911 -0.00921801 -0.00908827 -0.0089833 -0.00886166 -0.00877422 -0.00866491 -0.00858639 -0.00849295 -0.00841764 -0.00834111 -0.00826691 -0.00820586 -0.00813347 -0.00808503 -0.00801651 -0.00797746 -0.00791506 -0.00788269 -0.00782811 -0.00780051 -0.00775465 -0.00773077 -0.00769384 -0.00767327 -0.00764495 -0.00762775 -0.00760745 -0.00759394 -0.00758093 -0.00757156 -0.00756512 -0.00756043 -0.00755987 -0.00756043 -0.00756512 -0.00757156 -0.00758093 -0.00759394 -0.00760745 -0.00762775 -0.00764495 -0.00767327 -0.00769384 -0.00773077 -0.00775465 -0.00780051 -0.00782811 -0.00788269 -0.00791506 -0.00797746 -0.00801651 -0.00808503 -0.00813347 -0.00820586 -0.00826691 -0.00834111 -0.00841764 -0.00849295 -0.00858639 -0.00866491 -0.00877422 -0.00886166 -0.0089833 -0.00908827 -0.00921801 -0.00934911 -0.00948561 -0.00964715 -0.0097957 -0.0099849 -0.010158 -0.0103674 -0.0105798 -0.0108057 -0.0110657 -0.0113181 -0.0116233 -0.0119267 -0.0122723 -0.0126527 -0.0130497 -0.0135183 -0.0140021 -0.0145587 -0.0151714 -0.0158309 -0.0165938 -0.0174037 -0.0183182 -0.0193302 -0.0204145 -0.0216349 -0.0229288 -0.0243191 -0.0258135 -0.0273356 -0.0289266 -0.0305282 -0.0320814 -0.0336017 -0.0349621 -0.0360882 -0.036913 -0.0372537 -0.0370488 -0.0362346 -0.0346811 -0.0323801 -0.0292762 -0.0252794 -0.0204684 -0.0149265 -0.00872144 -0.00203868 0.00496291 0.0121496 0.0192786 0.0261443 0.0326528 0.0386797 0.0440805 0.0487906 0.0528168 0.0562013 0.0589882 0.0612198 0.0629952 0.0644355 0.0655786 0.0664405 0.0671199 0.0677073 
0 -0.0108683 -0.0217308 -0.0326083 -0.0434956 -0.0543235 -0.0650068 -0.0754522 -0.0854861 -0.0948751 -0.103423 -0.110954 -0.117257 -0.122146 -0.12551 -0.127301 -0.127529 -0.126238 -0.123539 -0.119664 -0.114838 -0.109218 -0.103053 -0.0966083 -0.0900455 -0.0835622 -0.077311 -0.0713138 -0.0656779 -0.0604867 -0.0557021 -0.051369 -0.0474596 -0.0438705 -0.0406294 -0.0376791 -0.0349678 -0.032549 -0.0303435 -0.0283481 -0.0265807 -0.0249486 -0.0234945 -0.0221799 -0.0209588 -0.019886 -0.0188821 -0.0179792 -0.0171761 -0.0164172 -0.0157666 -0.015153 -0.0146044 -0.0141216 -0.0136532 -0.0132615 -0.0128733 -0.0125327 -0.012221 -0.0119141 -0.0116606 -0.011391 -0.0111713 -0.0109471 -0.0107444 -0.0105648 -0.0103759 -0.01023 -0.0100603 -0.00993334 -0.00978933 -0.00967025 -0.00955388 -0.00943821 -0.00934606 -0.00923505 -0.00916044 -0.0090581 -0.00899403 -0.00890429 -0.00884542 -0.0087706 -0.00871395 -0.00865445 -0.00859915 -0.00855388 -0.00850042 -0.00846751 -0.00841703 -0.00839447 -0.00834814 -0.00833419 -0.00829297 -0.00828631 -0.0082508 -0.00825059 -0.00822109 -0.00822686 -0.00820342 -0.00821502 -0.00819755 -0.00821502 -0.00820342 -0.00822686 -0.00822109 -0.00825059 -0.0082508 -0.00828631 -0.00829297 -0.00833419 -0.00834814 -0.00839447 -0.00841703 -0.00846751 -0.00850042 -0.00855388 -0.00859915 -0.00865445 -0.00871395 -0.0087706 -0.00884542 -0.00890429 -0.00899403 -0.0090581 -0.00916044 -0.00923505 -0.00934606 -0.00943821 -0.00955388 -0.00967025 -0.00978933 -0.00993334 -0.0100603 -0.01023 -0.0103759 -0.0105648 -0.0107444 -0.0109471 -0.0111713 -0.011391 -0.0116606 -0.0119141 -0.012221 -0.0125327 -0.0128733 -0.0132615 -0.0136532 -0.0141216 -0.0146044 -0.015153 -0.0157665 -0.016417 -0.0171757 -0.0179781 -0.0188792 -0.0198791 -0.020943 -0.0221454 -0.0234229 -0.0248071 -0.0263146 -0.0278721 -0.0295328 -0.0312316 -0.0329192 -0.0346171 -0.0362046 -0.037648 -0.0388906 -0.039761 -0.0402037 -0.0401023 -0.0393104 -0.0378171 -0.0355276 -0.0323457 -0.0282984 -0.023367 -0.0176065 -0.0112043 -0.00427459 0.00305865 0.0105643 0.0180392 0.025302 0.0321584 0.0384796 0.0441729 0.049137 0.0533287 0.0567809 0.0595628 0.0617594 0.0634574 0.0647521 0.0657481 0.0665145 0.067097 0.0675733 0.0680169 
0 -0.00957766 -0.0191633 -0.0288395 -0.038648 -0.0485403 -0.0584851 -0.0684427 -0.0782381 -0.0876319 -0.0964471 -0.104498 -0.11153 -0.117323 -0.121755 -0.124748 -0.126238 -0.126199 -0.124713 -0.121946 -0.118067 -0.113286 -0.107842 -0.10192 -0.0957404 -0.0895449 -0.0834355 -0.0775105 -0.0718989 -0.0666113 -0.0617014 -0.0572286 -0.0531109 -0.0493466 -0.045922 -0.0427398 -0.0398397 -0.0371902 -0.034734 -0.0325276 -0.0304942 -0.0286281 -0.0269569 -0.0253929 -0.0239904 -0.0227134 -0.0215243 -0.0204805 -0.0194963 -0.0186162 -0.0178236 -0.0170725 -0.0164272 -0.0158052 -0.0152576 -0.014762 -0.0142882 -0.0138923 -0.0134931 -0.013159 -0.0128372 -0.0125385 -0.012283 -0.0120137 -0.0118015 -0.0115674 -0.0113762 -0.0111826 -0.0110007 -0.010845 -0.0106722 -0.0105449 -0.0103878 -0.0102773 -0.0101427 -0.01004 -0.00993111 -0.00983191 -0.00974737 -0.00965134 -0.0095869 -0.00949616 -0.00944645 -0.00936374 -0.00932385 -0.00925144 -0.00921775 -0.00915692 -0.00912726 -0.00907832 -0.00905176 -0.00901426 -0.00899072 -0.00896381 -0.00894372 -0.00892637 -0.00891042 -0.00890158 -0.00889054 -0.00888923 -0.00888394 -0.00888923 -0.00889054 -0.00890158 -0.00891042 -0.00892637 -0.00894372 -0.00896381 -0.00899072 -0.00901426 -0.00905176 -0.00907832 -0.00912726 -0.00915692 -0.00921775 -0.00925144 -0.00932385 -0.00936374 -0.00944645 -0.00949616 -0.0095869 -0.00965134 -0.00974737 -0.00983191 -0.00993111 -0.01004 -0.0101427 -0.0102773 -0.0103878 -0.0105449 -0.0106722 -0.010845 -0.0110007 -0.0111826 -0.0113762 -0.0115674 -0.0118015 -0.0120137 -0.012283 -0.0125385 -0.0128372 -0.013159 -0.0134931 -0.0138923 -0.0142882 -0.014762 -0.0152576 -0.0158052 -0.0164272 -0.0170725 -0.0178235 -0.0186159 -0.0194955 -0.0204785 -0.0215193 -0.0227017 -0.0239645 -0.0253381 -0.0268466 -0.0284169 -0.0301092 -0.0318596 -0.0336285 -0.0354414 -0.0371851 -0.0388525 -0.0403964 -0.0416734 -0.0426463 -0.0431714 -0.0430946 -0.0423756 -0.0408856 -0.0385487 -0.0353607 -0.0312285 -0.0261556 -0.0202531 -0.0136064 -0.00638022 0.0012222 0.00905494 0.0169122 0.0245362 0.031743 0.0384044 0.0443902 0.0495817 0.0539338 0.0575013 0.0603499 0.0625125 0.064085 0.0652254 0.066036 0.0665774 0.066955 0.0672747 0.0675798 0.067897 
