0 0 0 0 0 0 0 0 0 0 0 0 0 0 0 0 0 0 0 0 0 0 0 0 0 0 0 0 0 0 0 0 0 0 0 0 0 0 0 0 0 0 0 0 0 0 0 0 0 0 0 0 0 0 0 0 0 0 0 0 0 0 0 0 0 0 0 0 0 0 0 0 0 0 0 0 0 0 0 0 0 0 0 0 0 0 0 0 0 0 0 0 0 0 0 0 0 0 0 0 0 0 0 0 0 0 0 0 0 0 0 0 0 0 0 0 0 0 0 0 0 0 0 0 0 0 0 0 0 0 0 0 0 0 0 0 0 0 0 0 0 0 0 0 0 0 0 0 0 0 0 0 0 0 0 0 0 0 0 0 0 0 0 0 0 0 0 0 0 0 0 0 0 0 0 0 0 0 0 0 0 0 0 0 0 0 0 0 0 0 0 0 0 0 0 0 0 0 0 0 
0 0.000228261 0.000568313 0.000894918 0.00117871 0.00153893 0.00194476 0.00234448 0.00281237 0.00333004 0.00382076 0.00430981 0.00478923 0.00520898 0.00555852 0.00577162 0.00580761 0.00569131 0.00533563 0.00469254 0.00385841 0.00282471 0.00155984 0.000145145 -0.00136442 -0.00288634 -0.00434067 -0.00572278 -0.00692832 -0.00785919 -0.00852294 -0.00890023 -0.00902202 -0.00890717 -0.00852949 -0.00796531 -0.00727259 -0.00650502 -0.00573276 -0.00494351 -0.00417563 -0.00345903 -0.00280478 -0.00226479 -0.00181635 -0.00146149 -0.00118643 -0.000954503 -0.00078121 -0.00063392 -0.000523495 -0.000444323 -0.000378978 -0.000344652 -0.000311068 -0.000296024 -0.000283548 -0.00027299 -0.000272885 -0.00026384 -0.000268185 -0.000262835 -0.00026553 -0.000265339 -0.000263649 -0.00026738 -0.000261944 -0.00026661 -0.000259927 -0.000262632 -0.000257238 -0.000256441 -0.000253775 -0.00024954 -0.000249721 -0.000243233 -0.000245451 -0.000238293 -0.000241379 -0.00023495 -0.000237841 -0.00023305 -0.00023502 -0.000232249 -0.000232956 -0.000232167 -0.000231573 -0.000232479 -0.000230738 -0.000232948 -0.000230298 -0.000233426 -0.000230115 -0.000233834 -0.000230076 -0.000234141 -0.000230099 -0.000234342 -0.000230133 -0.00023444 -0.000230147 -0.00023444 -0.000230133 -0.000234342 -0.000230099 -0.000234141 -0.000230076 -0.000233834 -0.000230115 -0.000233426 -0.000230298 -0.000232948 -0.000230738 -0.000232479 -0.000231573 -0.000232167 -0.000232956 -0.000232249 -0.00023502 -0.00023305 -0.000237841 -0.00023495 -0.000241379 -0.000238293 -0.000245451 -0.000243233 -0.000249721 -0.00024954 -0.000253775 -0.000256441 -0.000257238 -0.000262632 -0.000259927 -0.00026661 -0.000261943 -0.000267377 -0.00026364 -0.000265311 -0.000265452 -0.000262625 -0.000267647 -0.000262524 -0.000269808 -0.000266136 -0.000269002 -0.000266655 -0.000254697 -0.000241873 -0.000201051 -0.00015182 -6.63339e-05 4.71827e-05 0.00019065 0.000383107 0.000605677 0.00089826 0.00125939 0.00171209 0.00227918 0.00292632 0.00366037 0.0044331 0.00522659 0.00604761 0.00684009 0.0075807 0.00818018 0.00855795 0.00871542 0.00861168 0.00824868 0.00760647 0.00664063 0.00543879 0.00406514 0.00255217 0.000972015 -0.000647648 -0.002198 -0.00356232 -0.00477245 -0.00579326 -0.00654522 -0.00705914 -0.0073517 -0.00744926 -0.00739801 -0.00716754 -0.00681396 -0.00644421 -0.00600798 -0.00552057 -0.00511735 -0.00474156 -0.00431782 -0.00398648 -0.0037664 -0.00351416 -0.0032989 -0.00323608 
0 0.000568313 0.00115063 0.001744 0.00239028 0.00312684 0.00392172 0.00475882 0.00566457 0.00663449 0.00763397 0.00861865 0.00954603 0.0103816 0.0110344 0.0114003 0.0114695 0.0111976 0.0104592 0.00923651 0.00757865 0.00548545 0.00299373 0.000188782 -0.00279338 -0.00577368 -0.00865787 -0.0113552 -0.0136945 -0.0155582 -0.0168812 -0.0176549 -0.0179259 -0.0176853 -0.0169627 -0.0158596 -0.0144834 -0.0129787 -0.0114262 -0.00986463 -0.00835701 -0.00693459 -0.005664 -0.00458392 -0.00368774 -0.00297628 -0.00239875 -0.00193563 -0.00156615 -0.00126564 -0.00104348 -0.000872306 -0.000756507 -0.000679737 -0.000626994 -0.00060145 -0.000578404 -0.000570536 -0.000560198 -0.000553275 -0.000548833 -0.000538956 -0.000536959 -0.000526416 -0.000524352 -0.000516471 -0.000512891 -0.000509368 -0.000504187 -0.000504575 -0.000498732 -0.000501229 -0.000495982 -0.000498538 -0.000494848 -0.000495964 -0.000494219 -0.000493241 -0.000493287 -0.000490305 -0.000491658 -0.000487216 -0.000489287 -0.000484088 -0.000486358 -0.000481049 -0.000483148 -0.000478213 -0.00047994 -0.000475671 -0.000476967 -0.00047349 -0.000474395 -0.000471713 -0.00047233 -0.000470366 -0.00047083 -0.000469464 -0.000469923 -0.000469011 -0.00046962 -0.000469011 -0.000469923 -0.000469464 -0.00047083 -0.000470366 -0.00047233 -0.000471713 -0.000474395 -0.00047349 -0.000476967 -0.000475671 -0.00047994 -0.000478213 -0.000483148 -0.000481049 -0.000486358 -0.000484088 -0.000489287 -0.000487216 -0.000491658 -0.000490305 -0.000493287 -0.000493241 -0.000494219 -0.000495964 -0.000494848 -0.000498538 -0.000495982 -0.000501229 -0.000498732 -0.000504575 -0.000504186 -0.000509367 -0.000512889 -0.000516463 -0.000524328 -0.000526347 -0.000536768 -0.000538452 -0.000547564 -0.000550224 -0.000553188 -0.000555174 -0.000546313 -0.000537618 -0.000506182 -0.000462307 -0.000384491 -0.000266938 -0.000105235 0.000123433 0.00040789 0.000776045 0.00123277 0.00180576 0.00254136 0.00345428 0.00457978 0.00588805 0.00733655 0.00888444 0.0104683 0.0120742 0.0136371 0.0150527 0.016206 0.0169548 0.0172482 0.0170585 0.0163309 0.0150409 0.0131661 0.0107877 0.00806114 0.0050744 0.00193278 -0.00122277 -0.00424262 -0.00696767 -0.00934601 -0.0113564 -0.0128959 -0.0139399 -0.0145556 -0.0147779 -0.014646 -0.0142233 -0.0135909 -0.012846 -0.0120186 -0.0111229 -0.0102569 -0.00947077 -0.00872904 -0.00806585 -0.00753336 -0.00709813 -0.00674798 -0.00651217 
0 0.000894918 0.001744 0.00266418 0.00369475 0.00477086 0.00593753 0.00723159 0.00858192 0.00998989 0.0114635 0.0128936 0.0142228 0.0154091 0.016299 0.0168055 0.0168791 0.0163705 0.0152188 0.0134275 0.0109411 0.00782076 0.0041733 7.08777e-05 -0.00427032 -0.00864217 -0.0129045 -0.0168253 -0.0202319 -0.022986 -0.0249431 -0.0261205 -0.0265275 -0.0261697 -0.0251586 -0.0235777 -0.0216003 -0.0194137 -0.0171054 -0.0148053 -0.0125685 -0.0104616 -0.00858825 -0.00695791 -0.00561586 -0.00452943 -0.00364619 -0.00295483 -0.00238453 -0.00194429 -0.00160235 -0.00134056 -0.0011667 -0.00103238 -0.000957266 -0.000901388 -0.000867285 -0.00085109 -0.000829192 -0.000827494 -0.000811316 -0.000809913 -0.000800818 -0.000793986 -0.000792128 -0.000780364 -0.000782773 -0.000769799 -0.000772224 -0.000761957 -0.000761158 -0.000755783 -0.000750638 -0.000750186 -0.000741505 -0.000744469 -0.000734119 -0.000738426 -0.000728401 -0.000732203 -0.000724017 -0.000726103 -0.000720572 -0.000720427 -0.000717732 -0.00071539 -0.000715276 -0.000711099 -0.00071309 -0.000707573 -0.000711149 -0.000704776 -0.000709472 -0.000702644 -0.000708104 -0.000701112 -0.000707088 -0.000700123 -0.000706463 -0.000699639 -0.000706252 -0.000699639 -0.000706463 -0.000700123 -0.000707088 -0.000701112 -0.000708104 -0.000702644 -0.000709472 -0.000704776 -0.000711149 -0.000707573 -0.00071309 -0.000711099 -0.000715276 -0.00071539 -0.000717732 -0.000720427 -0.000720572 -0.000726103 -0.000724017 -0.000732203 -0.000728401 -0.000738426 -0.000734119 -0.000744469 -0.000741505 -0.000750186 -0.000750638 -0.000755783 -0.000761157 -0.000761957 -0.000772224 -0.000769797 -0.000782767 -0.000780346 -0.000792077 -0.000793842 -0.000800432 -0.000808924 -0.000808889 -0.000821794 -0.00081641 -0.000823725 -0.00081141 -0.000792647 -0.000755685 -0.000676547 -0.000568519 -0.000382039 -0.000135523 0.000206682 0.000653404 0.00120553 0.00192051 0.0027988 0.00391709 0.00530313 0.00696068 0.00890043 0.0110287 0.0133106 0.0156719 0.0180249 0.0203113 0.0223477 0.0239861 0.0250805 0.0254843 0.0251724 0.0240618 0.0221114 0.0193842 0.0159311 0.01193 0.00756474 0.00296381 -0.001629 -0.00602118 -0.0100736 -0.0135983 -0.0165317 -0.0188373 -0.0204403 -0.0214066 -0.0218048 -0.0216614 -0.0211215 -0.0202861 -0.019192 -0.0179881 -0.0167597 -0.0154883 -0.0142864 -0.0132474 -0.012291 -0.0114323 -0.0107897 -0.0103139 -0.00992281 
0 0.00117871 0.00239028 0.00369475 0.00507266 0.00650174 0.00805892 0.00977003 0.0115677 0.0134164 0.015284 0.017104 0.0187912 0.0202129 0.021268 0.0218797 0.0218553 0.0210537 0.0194871 0.0170876 0.0137986 0.00972784 0.00498187 -0.000283504 -0.00584374 -0.0115161 -0.0170136 -0.0220429 -0.0264378 -0.0299918 -0.0325763 -0.0341582 -0.0346922 -0.0342758 -0.0330229 -0.0310469 -0.0285707 -0.0257465 -0.0227502 -0.0197477 -0.0168098 -0.0140743 -0.0116019 -0.00944223 -0.00764713 -0.00615838 -0.00497211 -0.00402053 -0.00325392 -0.00266555 -0.0021911 -0.0018488 -0.00159248 -0.00141076 -0.00129796 -0.00120862 -0.00116729 -0.00112697 -0.00110887 -0.00109529 -0.00107972 -0.00107979 -0.00106368 -0.00106705 -0.0010539 -0.00105313 -0.0010459 -0.00103803 -0.00103664 -0.00102301 -0.00102491 -0.00100923 -0.00101109 -0.00099725 -0.000996531 -0.0009871 -0.0009827 -0.000978511 -0.000970678 -0.000971148 -0.000960977 -0.000964745 -0.000953604 -0.000959132 -0.000948251 -0.000954221 -0.00094448 -0.000949973 -0.000941858 -0.00094637 -0.000940031 -0.000943399 -0.000938748 -0.000941048 -0.00093785 -0.000939301 -0.000937248 -0.000938146 -0.000936898 -0.000937571 -0.000936783 -0.000937571 -0.000936898 -0.000938146 -0.000937248 -0.000939301 -0.00093785 -0.000941048 -0.000938748 -0.000943399 -0.000940031 -0.00094637 -0.000941858 -0.000949973 -0.00094448 -0.000954221 -0.000948251 -0.000959132 -0.000953604 -0.000964745 -0.000960977 -0.000971148 -0.000970678 -0.000978511 -0.0009827 -0.0009871 -0.000996531 -0.00099725 -0.00101109 -0.00100923 -0.0010249 -0.00102301 -0.00103664 -0.00103802 -0.00104588 -0.00105309 -0.00105379 -0.00106677 -0.00106295 -0.00107797 -0.00107538 -0.00108538 -0.00108724 -0.0010819 -0.00107768 -0.0010387 -0.000990692 -0.000880888 -0.000720564 -0.000477668 -0.000125183 0.000328721 0.000942904 0.0017041 0.00267563 0.00389869 0.00540434 0.00726735 0.00945548 0.0119753 0.0147652 0.0177308 0.0208231 0.023885 0.0267934 0.0293762 0.0314122 0.0327726 0.0332704 0.0327867 0.0312829 0.0287109 0.0251709 0.0207692 0.0156189 0.00998156 0.00409061 -0.00181155 -0.00746593 -0.0127165 -0.0173448 -0.0211644 -0.024186 -0.0263948 -0.0277623 -0.0283786 -0.0283433 -0.0277728 -0.026789 -0.0254608 -0.023941 -0.0223972 -0.0208321 -0.0192802 -0.0178854 -0.016666 -0.0155761 -0.0146771 -0.0140101 -0.0135473 
0 0.00153893 0.00312684 0.00477086 0.00650174 0.00836233 0.0103389 0.0124211 0.0146153 0.0168527 0.0190661 0.0212264 0.0231802 0.0247505 0.0258924 0.0264603 0.0262216 0.0251206 0.0231118 0.0200861 0.0160633 0.0111055 0.00534991 -0.000941398 -0.00760176 -0.0143936 -0.0209249 -0.0269352 -0.0321853 -0.0364574 -0.0396555 -0.0416221 -0.0423352 -0.0419266 -0.0404842 -0.0382181 -0.0353103 -0.0319225 -0.0283234 -0.0246581 -0.0210975 -0.0177803 -0.0147402 -0.0120896 -0.00981725 -0.00792375 -0.00640284 -0.00515644 -0.00418781 -0.00341355 -0.00281275 -0.00237334 -0.00203048 -0.00181193 -0.00164597 -0.00154552 -0.00148298 -0.00143049 -0.00141397 -0.00137964 -0.00137361 -0.00135193 -0.00134031 -0.00133128 -0.00131184 -0.00131217 -0.0012901 -0.00129344 -0.00127537 -0.0012757 -0.00126581 -0.00126001 -0.00125876 -0.00124701 -0.00125197 -0.00123669 -0.00124421 -0.00122852 -0.00123521 -0.00122178 -0.00122538 -0.00121582 -0.00121535 -0.00121023 -0.00120574 -0.00120484 -0.00119703 -0.00119964 -0.00118948 -0.00119479 -0.00118321 -0.00119045 -0.00117822 -0.00118678 -0.00117445 -0.00118391 -0.00117183 -0.00118196 -0.00117029 -0.00118096 -0.00116978 -0.00118096 -0.00117029 -0.00118196 -0.00117183 -0.00118391 -0.00117445 -0.00118678 -0.00117822 -0.00119045 -0.00118321 -0.00119479 -0.00118948 -0.00119964 -0.00119703 -0.00120484 -0.00120574 -0.00121023 -0.00121535 -0.00121582 -0.00122538 -0.00122178 -0.00123521 -0.00122852 -0.00124421 -0.00123669 -0.00125197 -0.00124701 -0.00125876 -0.00126001 -0.00126581 -0.0012757 -0.00127537 -0.00129343 -0.00129008 -0.0013121 -0.00131164 -0.00133075 -0.00133898 -0.0013487 -0.00136613 -0.00136304 -0.0013788 -0.00135929 -0.00134537 -0.00129169 -0.00119907 -0.00106051 -0.000822331 -0.000511793 -5.46716e-05 0.000533626 0.00129853 0.00229201 0.00352285 0.00509918 0.00702033 0.0093426 0.0120726 0.0151438 0.0185572 0.0221804 0.0259167 0.0296176 0.0330386 0.0360363 0.0383826 0.0398951 0.0404298 0.0397645 0.0378625 0.0347453 0.0304647 0.0251994 0.0190644 0.0123019 0.00528817 -0.00173586 -0.00851201 -0.0147884 -0.0203902 -0.0250935 -0.0288275 -0.0316499 -0.0334975 -0.0344045 -0.0345554 -0.0340503 -0.0330042 -0.0315865 -0.0299009 -0.0280743 -0.0262442 -0.0244454 -0.0227347 -0.0212276 -0.019945 -0.0188551 -0.0179994 -0.0174239 
0 0.00194476 0.00392172 0.00593753 0.00805892 0.0103389 0.012723 0.0151788 0.0177219 0.0202965 0.0228166 0.0251895 0.0272696 0.0289363 0.0300565 0.030426 0.0299266 0.02848 0.0259466 0.0223042 0.0175926 0.0118398 0.00525462 -0.00192996 -0.0095333 -0.0172074 -0.0246139 -0.0314629 -0.0374302 -0.0423559 -0.0460708 -0.0483875 -0.0493386 -0.0489779 -0.0474578 -0.0450108 -0.0417577 -0.0379497 -0.0338249 -0.029577 -0.0254649 -0.0215725 -0.0180134 -0.0148655 -0.0121124 -0.00982459 -0.00793 -0.0064044 -0.00520866 -0.00424235 -0.00352028 -0.00294929 -0.00253314 -0.00224005 -0.00201782 -0.00189292 -0.00178578 -0.00173553 -0.00169221 -0.00166115 -0.00165041 -0.00162035 -0.00162146 -0.00159462 -0.00159352 -0.0015763 -0.00156612 -0.00156072 -0.00154167 -0.0015449 -0.00152181 -0.00152775 -0.00150658 -0.0015097 -0.00149486 -0.00149193 -0.0014852 -0.00147565 -0.00147639 -0.00146163 -0.00146775 -0.00145012 -0.0014591 -0.00144097 -0.00145057 -0.00143381 -0.00144244 -0.00142823 -0.00143502 -0.00142387 -0.00142853 -0.00142047 -0.00142314 -0.00141785 -0.00141891 -0.00141593 -0.00141589 -0.00141466 -0.00141408 -0.00141402 -0.00141348 -0.00141402 -0.00141408 -0.00141466 -0.00141589 -0.00141593 -0.00141891 -0.00141785 -0.00142314 -0.00142047 -0.00142853 -0.00142387 -0.00143502 -0.00142823 -0.00144244 -0.00143381 -0.00145057 -0.00144097 -0.0014591 -0.00145012 -0.00146775 -0.00146163 -0.00147639 -0.00147565 -0.0014852 -0.00149193 -0.00149486 -0.0015097 -0.00150658 -0.00152775 -0.00152181 -0.0015449 -0.00154166 -0.0015607 -0.00156607 -0.00157616 -0.00159314 -0.00159366 -0.0016191 -0.00161479 -0.0016379 -0.00163419 -0.0016367 -0.00162638 -0.00158079 -0.00152527 -0.00138788 -0.00120768 -0.000911795 -0.000501796 4.54914e-05 0.000796656 0.00173563 0.00297332 0.00452076 0.00644941 0.00881961 0.0115959 0.0148306 0.0184411 0.0223918 0.0266136 0.0309031 0.035117 0.0389791 0.0422689 0.0448324 0.0464131 0.046862 0.0459946 0.0436955 0.0400648 0.035158 0.0291219 0.0221841 0.0145501 0.00659298 -0.0013589 -0.00908107 -0.0162595 -0.0226805 -0.0282052 -0.0326691 -0.0360626 -0.038423 -0.0397574 -0.0401943 -0.039872 -0.0389074 -0.0374956 -0.0357624 -0.0337783 -0.031727 -0.0297488 -0.0278461 -0.0260783 -0.024563 -0.0233245 -0.0223386 -0.0216225 
0 0.00234448 0.00475882 0.00723159 0.00977003 0.0124211 0.0151788 0.0180021 0.0208693 0.0237299 0.0264551 0.0289072 0.0310179 0.0326668 0.0336119 0.0337042 0.0328893 0.0309984 0.0279138 0.0236762 0.0183077 0.0119036 0.00464935 -0.00329092 -0.0116072 -0.0199509 -0.0280578 -0.0355516 -0.0421311 -0.0476073 -0.0517276 -0.0544034 -0.055614 -0.0553735 -0.0539006 -0.0513397 -0.0478714 -0.0437672 -0.0392091 -0.0345094 -0.0298888 -0.0254743 -0.0214378 -0.01778 -0.0145828 -0.0118713 -0.0095944 -0.00778316 -0.00631522 -0.00517148 -0.00428832 -0.00358722 -0.00308939 -0.0026939 -0.00243301 -0.00224567 -0.00211246 -0.00204474 -0.00197314 -0.00195467 -0.00191658 -0.00190522 -0.00189067 -0.0018704 -0.00187129 -0.00184323 -0.00184912 -0.00182149 -0.00182267 -0.00180309 -0.00179427 -0.00178593 -0.00176716 -0.0017686 -0.00174377 -0.00175077 -0.00172511 -0.0017329 -0.00171096 -0.00171583 -0.00170043 -0.00170034 -0.00169243 -0.00168693 -0.00168604 -0.00167579 -0.00168064 -0.00166682 -0.00167591 -0.00165981 -0.00167173 -0.00165447 -0.00166811 -0.00165052 -0.00166516 -0.00164775 -0.00166296 -0.00164599 -0.00166161 -0.00164513 -0.00166115 -0.00164513 -0.00166161 -0.00164599 -0.00166296 -0.00164775 -0.00166516 -0.00165052 -0.00166811 -0.00165447 -0.00167173 -0.00165981 -0.00167591 -0.00166682 -0.00168064 -0.00167579 -0.00168604 -0.00168693 -0.00169243 -0.00170034 -0.00170043 -0.00171583 -0.00171096 -0.0017329 -0.00172511 -0.00175077 -0.00174377 -0.0017686 -0.00176716 -0.00178593 -0.00179427 -0.00180309 -0.00182266 -0.00182146 -0.00184902 -0.00184297 -0.00187061 -0.00186869 -0.00188659 -0.0018959 -0.00189619 -0.001912 -0.0018878 -0.00188166 -0.00181478 -0.00172642 -0.00156673 -0.00130933 -0.000963691 -0.000440662 0.000223618 0.00112888 0.00229475 0.00377515 0.00567524 0.00797917 0.0107809 0.0140362 0.0177277 0.021857 0.0262975 0.0310072 0.0357718 0.04035 0.0445383 0.0480309 0.0506695 0.0522357 0.0524931 0.0513581 0.0487117 0.0446019 0.0391703 0.0325175 0.024927 0.0166744 0.00800931 -0.000694627 -0.00914697 -0.0170731 -0.0241988 -0.0304162 -0.0355854 -0.0395693 -0.0424467 -0.0443041 -0.0451647 -0.0451469 -0.0444133 -0.0431211 -0.0414256 -0.0394445 -0.0373154 -0.0351928 -0.0331542 -0.0312459 -0.0295446 -0.0281153 -0.0270008 -0.0262263 
0 0.00281237 0.00566457 0.00858192 0.0115677 0.0146153 0.0177219 0.0208693 0.0240026 0.0270346 0.0298488 0.0323339 0.034386 0.0358289 0.0364704 0.036217 0.0349659 0.0325713 0.0289737 0.0241732 0.0182352 0.0113022 0.00347718 -0.00502168 -0.0138212 -0.0226483 -0.0312105 -0.0391567 -0.0462249 -0.0521059 -0.056594 -0.0596336 -0.0611191 -0.0611133 -0.0597537 -0.0571595 -0.0536053 -0.0492847 -0.0444445 -0.0394066 -0.0343473 -0.0295109 -0.0250067 -0.0208833 -0.0172571 -0.0140907 -0.0114454 -0.00928519 -0.00753252 -0.00618395 -0.00510111 -0.00428931 -0.00366882 -0.00319674 -0.0028818 -0.00262923 -0.00248715 -0.00237018 -0.00230037 -0.00225801 -0.0022082 -0.00219878 -0.00215656 -0.00215342 -0.00212362 -0.00211263 -0.00209968 -0.00207759 -0.00207912 -0.00205031 -0.00205873 -0.00203062 -0.0020375 -0.00201644 -0.0020159 -0.00200507 -0.00199506 -0.00199426 -0.00197601 -0.00198277 -0.00195934 -0.00197031 -0.0019452 -0.00195723 -0.00193343 -0.00194418 -0.00192373 -0.00193186 -0.00191578 -0.0019208 -0.00190931 -0.00191138 -0.00190416 -0.00190378 -0.00190022 -0.00189809 -0.00189742 -0.00189432 -0.00189574 -0.00189244 -0.00189519 -0.00189244 -0.00189574 -0.00189432 -0.00189742 -0.00189809 -0.00190022 -0.00190378 -0.00190416 -0.00191138 -0.00190931 -0.0019208 -0.00191578 -0.00193186 -0.00192373 -0.00194418 -0.00193343 -0.00195723 -0.0019452 -0.00197031 -0.00195934 -0.00198277 -0.00197601 -0.00199426 -0.00199506 -0.00200507 -0.0020159 -0.00201644 -0.0020375 -0.00203062 -0.00205873 -0.0020503 -0.00207909 -0.00207753 -0.0020995 -0.00211215 -0.0021224 -0.00215047 -0.00214971 -0.00218356 -0.00217581 -0.00219214 -0.00217229 -0.00213226 -0.00206475 -0.00191202 -0.00171562 -0.00137671 -0.000933328 -0.000312546 0.000519464 0.00157906 0.00299018 0.00474824 0.00697735 0.00969244 0.0128938 0.0166211 0.0207721 0.0253619 0.0302797 0.0353722 0.0404925 0.0453234 0.0496613 0.0532529 0.0558304 0.0572443 0.0572612 0.0557948 0.052838 0.048349 0.0424716 0.0353763 0.0273005 0.01859 0.00947039 0.000233193 -0.00874003 -0.0171932 -0.0249028 -0.0317008 -0.0374854 -0.0421166 -0.0455768 -0.0479722 -0.0493434 -0.0497601 -0.0493873 -0.0483726 -0.0468593 -0.0450108 -0.0429511 -0.040782 -0.0386421 -0.0366629 -0.0348883 -0.0333356 -0.0321019 -0.0312672 
0 0.00333004 0.00663449 0.00998989 0.0134164 0.0168527 0.0202965 0.0237299 0.0270346 0.0301225 0.0329473 0.035371 0.0372023 0.0383066 0.038581 0.0378911 0.0361119 0.0331849 0.0290711 0.0237665 0.0173738 0.0100026 0.00177576 -0.00703587 -0.0161368 -0.0252518 -0.0340655 -0.0423167 -0.0496898 -0.0558542 -0.0606704 -0.0640144 -0.0658139 -0.0661133 -0.0649315 -0.0624549 -0.0589196 -0.0545125 -0.049547 -0.0442455 -0.0388584 -0.0336427 -0.0286876 -0.0241537 -0.0200789 -0.016495 -0.013475 -0.0109418 -0.00891892 -0.00730836 -0.00603592 -0.00507705 -0.00431039 -0.0037641 -0.0033439 -0.00304722 -0.0028537 -0.00269773 -0.00262461 -0.00254406 -0.00251321 -0.0024759 -0.00244741 -0.00243649 -0.00240102 -0.00240262 -0.00236648 -0.00236783 -0.00234028 -0.00233274 -0.00231889 -0.0023 -0.00229915 -0.00227182 -0.00227915 -0.00224901 -0.00225842 -0.00223114 -0.00223751 -0.00221709 -0.00221738 -0.00220561 -0.00219894 -0.00219572 -0.00218277 -0.00218681 -0.00216911 -0.00217863 -0.00215795 -0.00217117 -0.00214907 -0.00216458 -0.00214223 -0.00215904 -0.00213719 -0.00215472 -0.00213373 -0.00215176 -0.00213171 -0.00215026 -0.00213105 -0.00215026 -0.00213171 -0.00215176 -0.00213373 -0.00215472 -0.00213719 -0.00215904 -0.00214223 -0.00216458 -0.00214907 -0.00217117 -0.00215795 -0.00217863 -0.00216911 -0.00218681 -0.00218277 -0.00219572 -0.00219894 -0.00220561 -0.00221738 -0.00221709 -0.00223751 -0.00223114 -0.00225842 -0.00224901 -0.00227915 -0.00227182 -0.00229915 -0.0023 -0.00231889 -0.00233272 -0.00234024 -0.0023677 -0.00236615 -0.00240176 -0.00239891 -0.00243152 -0.00243618 -0.00245163 -0.00246299 -0.00244473 -0.0024368 -0.0023583 -0.00226706 -0.00207661 -0.00180366 -0.00141307 -0.000844825 -0.00011981 0.000881114 0.002151 0.00380115 0.00589909 0.00846671 0.0115979 0.0152238 0.0193715 0.0239857 0.0289717 0.0342791 0.0396746 0.0449822 0.0499555 0.0543084 0.0578551 0.0602967 0.0614352 0.0611534 0.0593384 0.0560333 0.051241 0.0450248 0.0376299 0.029291 0.0202961 0.0109322 0.00143275 -0.00786875 -0.0166808 -0.0248256 -0.0321109 -0.0384013 -0.0436312 -0.0477354 -0.0507132 -0.0526429 -0.053626 -0.0537631 -0.0531642 -0.0519829 -0.050388 -0.0485068 -0.0464531 -0.0443576 -0.0423486 -0.0405348 -0.0389815 -0.0377163 -0.0367824 
0 0.00382076 0.00763397 0.0114635 0.015284 0.0190661 0.0228166 0.0264551 0.0298488 0.0329473 0.0356752 0.037853 0.039333 0.0400361 0.0398563 0.038651 0.0363163 0.0328308 0.0282136 0.0224908 0.0157239 0.00803772 -0.00037575 -0.00930389 -0.0185168 -0.02772 -0.036638 -0.0450097 -0.0525083 -0.0588794 -0.0639444 -0.0675635 -0.0697067 -0.0703219 -0.0694239 -0.0671845 -0.0637699 -0.0594408 -0.0544504 -0.0490026 -0.0433994 -0.0378363 -0.0325075 -0.027574 -0.0230683 -0.019103 -0.0156738 -0.0127906 -0.0104567 -0.0085609 -0.00709421 -0.00593477 -0.00504137 -0.00437578 -0.00385375 -0.00350408 -0.00323046 -0.00306004 -0.00294121 -0.00285311 -0.00281438 -0.00275872 -0.00274852 -0.00271042 -0.00269962 -0.00267783 -0.00265537 -0.00264803 -0.00261526 -0.00261632 -0.00258079 -0.00258238 -0.00255225 -0.00254815 -0.00252867 -0.00251606 -0.00250852 -0.00248801 -0.00249049 -0.00246485 -0.00247378 -0.00244653 -0.00245809 -0.00243238 -0.00244349 -0.00242154 -0.0024302 -0.00241316 -0.00241844 -0.0024066 -0.0024084 -0.00240142 -0.00240018 -0.00239738 -0.0023938 -0.00239437 -0.00238927 -0.00239235 -0.00238656 -0.00239134 -0.00238566 -0.00239134 -0.00238656 -0.00239235 -0.00238927 -0.00239437 -0.0023938 -0.00239738 -0.00240018 -0.00240142 -0.0024084 -0.0024066 -0.00241844 -0.00241316 -0.0024302 -0.00242154 -0.00244349 -0.00243238 -0.00245809 -0.00244653 -0.00247378 -0.00246485 -0.00249049 -0.00248801 -0.00250852 -0.00251606 -0.00252867 -0.00254815 -0.00255225 -0.00258238 -0.00258078 -0.00261629 -0.00261518 -0.0026478 -0.00265477 -0.00267634 -0.00269606 -0.00270225 -0.00273055 -0.00272093 -0.0027383 -0.00270668 -0.00267178 -0.0025859 -0.00243195 -0.00221504 -0.0018543 -0.00138537 -0.000709529 0.000173919 0.0013338 0.00286052 0.00477917 0.00722022 0.0101742 0.0136874 0.0177516 0.022295 0.027318 0.032676 0.0382543 0.0438625 0.0492359 0.0541944 0.058463 0.0618082 0.0640045 0.0648078 0.0641495 0.061989 0.0583291 0.0532522 0.0468354 0.0392846 0.0308635 0.0217964 0.012361 0.00282466 -0.00657928 -0.0156058 -0.0240379 -0.0316824 -0.0384 -0.0441386 -0.0488533 -0.0524844 -0.0550541 -0.0566793 -0.0574465 -0.0574024 -0.0566864 -0.0554842 -0.0539131 -0.0521075 -0.0502221 -0.0483307 -0.0465327 -0.0449896 -0.0437553 -0.042831 
0 0.00430981 0.00861865 0.0128936 0.017104 0.0212264 0.0251895 0.0289072 0.0323339 0.035371 0.037853 0.0396734 0.0407487 0.0409552 0.040207 0.0384266 0.0355257 0.0315237 0.0264841 0.0204098 0.0133637 0.0055186 -0.00293603 -0.0118224 -0.0209436 -0.0300587 -0.0388957 -0.0471863 -0.0546901 -0.0611798 -0.066443 -0.0703506 -0.0728177 -0.0737722 -0.0732378 -0.0713005 -0.0681371 -0.0639986 -0.0590849 -0.0536408 -0.0479074 -0.0421008 -0.0364724 -0.0311544 -0.0262707 -0.0219047 -0.0180685 -0.0148259 -0.0121286 -0.00995219 -0.0082375 -0.00687722 -0.00584729 -0.00503907 -0.00444143 -0.0040005 -0.00367149 -0.00346036 -0.00329091 -0.0031977 -0.0031162 -0.00306611 -0.00303096 -0.00298989 -0.00297741 -0.00293887 -0.00293349 -0.00290204 -0.00289334 -0.00287363 -0.00285673 -0.00284918 -0.00282445 -0.00282549 -0.00279678 -0.00280106 -0.00277325 -0.00277584 -0.00275298 -0.00275066 -0.00273506 -0.00272663 -0.00271881 -0.0027047 -0.00270388 -0.00268544 -0.00269019 -0.00266912 -0.00267784 -0.00265571 -0.00266703 -0.00264504 -0.00265793 -0.00263686 -0.00265072 -0.00263096 -0.00264551 -0.00262713 -0.00264235 -0.00262525 -0.0026413 -0.00262525 -0.00264235 -0.00262713 -0.00264551 -0.00263096 -0.00265072 -0.00263686 -0.00265793 -0.00264504 -0.00266703 -0.00265571 -0.00267784 -0.00266912 -0.00269019 -0.00268544 -0.00270388 -0.0027047 -0.00271881 -0.00272663 -0.00273506 -0.00275066 -0.00275298 -0.00277584 -0.00277325 -0.00280106 -0.00279678 -0.00282549 -0.00282445 -0.00284917 -0.00285672 -0.00287357 -0.00289319 -0.00290163 -0.00293245 -0.00293635 -0.00297154 -0.00297677 -0.00300288 -0.00300858 -0.00300347 -0.00298648 -0.00291235 -0.00281115 -0.0026048 -0.00231801 -0.00188613 -0.00128712 -0.000495546 0.000576311 0.00194349 0.00372715 0.00596976 0.00873827 0.012084 0.0159721 0.020424 0.0253629 0.0307264 0.036405 0.0421866 0.0478859 0.0532476 0.058053 0.0620972 0.065117 0.0669141 0.0673198 0.0662516 0.0637269 0.059765 0.054452 0.0479382 0.0403938 0.0320226 0.0230471 0.0137181 0.00429782 -0.00500704 -0.0140368 -0.0225932 -0.0304612 -0.0375259 -0.0437316 -0.0489985 -0.0532792 -0.0565662 -0.058883 -0.0603176 -0.0609583 -0.0608837 -0.0602267 -0.0591205 -0.0576919 -0.0561046 -0.0544729 -0.0528652 -0.0514109 -0.0502387 -0.0494033 
0 0.00478923 0.00954603 0.0142228 0.0187912 0.0231802 0.0272696 0.0310179 0.034386 0.0372023 0.039333 0.0407487 0.041338 0.0409688 0.0396081 0.0372162 0.0337739 0.0293323 0.0239119 0.0175582 0.0103919 0.00254189 -0.00581312 -0.0144962 -0.0233797 -0.0322459 -0.0408262 -0.0489123 -0.0563039 -0.0628041 -0.06822 -0.0723682 -0.0751381 -0.0764724 -0.0763485 -0.0748225 -0.0720362 -0.0681793 -0.0634663 -0.0581144 -0.052339 -0.0463916 -0.0405047 -0.0348685 -0.0296375 -0.0248847 -0.0206804 -0.0170554 -0.0140034 -0.011518 -0.00951766 -0.00794846 -0.00672661 -0.0057778 -0.00506822 -0.00452379 -0.00413902 -0.00385736 -0.00366273 -0.00353544 -0.0034365 -0.00338314 -0.00332726 -0.00329915 -0.00326489 -0.00323947 -0.00321929 -0.00319026 -0.00317926 -0.00314847 -0.00314121 -0.00311317 -0.00310463 -0.00308313 -0.00307024 -0.00305686 -0.00303898 -0.00303306 -0.00301146 -0.00301093 -0.00298785 -0.00299017 -0.00296792 -0.00297083 -0.00295123 -0.00295315 -0.00293729 -0.00293738 -0.0029257 -0.00292375 -0.00291614 -0.00291238 -0.00290842 -0.00290331 -0.00290246 -0.00289654 -0.00289821 -0.00289205 -0.00289565 -0.00288982 -0.0028948 -0.00288982 -0.00289565 -0.00289205 -0.00289821 -0.00289654 -0.00290246 -0.00290331 -0.00290842 -0.00291238 -0.00291614 -0.00292375 -0.0029257 -0.00293738 -0.00293729 -0.00295315 -0.00295123 -0.00297083 -0.00296792 -0.00299017 -0.00298785 -0.00301093 -0.00301146 -0.00303306 -0.00303898 -0.00305686 -0.00307024 -0.00308313 -0.00310463 -0.00311316 -0.00314117 -0.00314837 -0.00317898 -0.00318955 -0.00321754 -0.00323531 -0.00325543 -0.00327855 -0.00328432 -0.00329747 -0.00327301 -0.00323696 -0.00314129 -0.00298493 -0.00273876 -0.0023624 -0.00184823 -0.00112716 -0.000182195 0.00106717 0.0026855 0.00474186 0.00732498 0.0104569 0.0141757 0.0184593 0.0232731 0.0285716 0.0342376 0.0401286 0.0460281 0.0516989 0.0569241 0.0614803 0.0651579 0.0677463 0.0690617 0.0689996 0.0675229 0.0646321 0.0603865 0.0549088 0.0483612 0.0409274 0.0327578 0.0240238 0.0149788 0.00583607 -0.00324457 -0.0121024 -0.0206029 -0.0285843 -0.0359008 -0.0424878 -0.0482524 -0.0531268 -0.0571266 -0.0602127 -0.0623828 -0.0637741 -0.0644708 -0.0645035 -0.0640045 -0.0631218 -0.061963 -0.0606756 -0.0594028 -0.0582238 -0.0572104 -0.05645 
0 0.00520898 0.0103816 0.0154091 0.0202129 0.0247505 0.0289363 0.0326668 0.0358289 0.0383066 0.0400361 0.0409552 0.0409688 0.0400113 0.0380403 0.0350655 0.0311528 0.0263038 0.0205494 0.0140485 0.0069026 -0.000804511 -0.00889861 -0.0172654 -0.0257809 -0.0342344 -0.0424506 -0.0502335 -0.0574051 -0.0638403 -0.0693211 -0.073652 -0.0767249 -0.0784408 -0.0787825 -0.0777614 -0.075435 -0.0719737 -0.067553 -0.0623764 -0.0566704 -0.0506566 -0.0445944 -0.0387028 -0.0331488 -0.0280548 -0.0234842 -0.0194861 -0.0160794 -0.0132496 -0.0109583 -0.00913615 -0.00770588 -0.00659851 -0.00574707 -0.00510565 -0.0046325 -0.00428919 -0.00405248 -0.00388555 -0.00377599 -0.00369874 -0.00364361 -0.00360483 -0.00356783 -0.00354284 -0.00351176 -0.00349014 -0.0034634 -0.00344116 -0.00341963 -0.003396 -0.00337976 -0.00335575 -0.00334359 -0.00332096 -0.00331103 -0.00329146 -0.00328201 -0.00326656 -0.00325643 -0.00324542 -0.00323414 -0.00322726 -0.00321494 -0.00321151 -0.0031986 -0.00319783 -0.00318488 -0.00318606 -0.00317357 -0.00317614 -0.00316451 -0.00316811 -0.00315757 -0.00316202 -0.00315267 -0.00315792 -0.00314974 -0.00315586 -0.00314877 -0.00315586 -0.00314974 -0.00315792 -0.00315267 -0.00316202 -0.00315757 -0.00316811 -0.00316451 -0.00317614 -0.00317357 -0.00318606 -0.00318488 -0.00319783 -0.0031986 -0.00321151 -0.00321494 -0.00322726 -0.00323414 -0.00324542 -0.00325643 -0.00326656 -0.00328201 -0.00329146 -0.00331103 -0.00332096 -0.00334359 -0.00335575 -0.00337975 -0.00339598 -0.00341956 -0.00344097 -0.00346292 -0.00348893 -0.00350885 -0.00353611 -0.00355292 -0.0035732 -0.00357935 -0.00357383 -0.00354364 -0.00347195 -0.00334751 -0.00313716 -0.00282378 -0.00236896 -0.00174041 -0.000895519 0.000224749 0.00168339 0.00356174 0.00593489 0.00885948 0.0123708 0.0164657 0.02112 0.0262914 0.0318914 0.0377968 0.0438138 0.0497085 0.0552586 0.06023 0.0644267 0.0676462 0.0696947 0.0704731 0.0699092 0.0679956 0.0647668 0.0602691 0.0546784 0.0481796 0.0409143 0.0330536 0.0247257 0.0161032 0.00737936 -0.00135086 -0.00994065 -0.0182402 -0.0261924 -0.0336662 -0.0405169 -0.046686 -0.0521143 -0.0567725 -0.0606377 -0.0636537 -0.0658637 -0.0673637 -0.0681932 -0.0684448 -0.0682553 -0.0677117 -0.0669362 -0.0660871 -0.065255 -0.0645086 -0.063937 
0 0.00555852 0.0110344 0.016299 0.021268 0.0258924 0.0300565 0.0336119 0.0364704 0.038581 0.0398563 0.040207 0.0396081 0.0380403 0.0354858 0.032016 0.0276878 0.0224999 0.0165674 0.0100455 0.00301276 -0.00442126 -0.012161 -0.020111 -0.028096 -0.0360152 -0.0437619 -0.0511416 -0.0580517 -0.0643499 -0.0698211 -0.0743172 -0.0776589 -0.0797546 -0.0805895 -0.0800906 -0.0783041 -0.0753234 -0.0712794 -0.0664005 -0.0608578 -0.0548873 -0.0487467 -0.0426467 -0.0368229 -0.031395 -0.0264639 -0.0221014 -0.018317 -0.0151453 -0.012537 -0.0104461 -0.0088011 -0.00750925 -0.00652211 -0.00576046 -0.00519469 -0.00477812 -0.00447669 -0.00427058 -0.00412107 -0.0040243 -0.00395069 -0.00390018 -0.00386012 -0.00382612 -0.00379994 -0.00377221 -0.00375144 -0.00372746 -0.00370844 -0.00368763 -0.00366896 -0.00365076 -0.00363232 -0.003616 -0.00359825 -0.00358323 -0.00356673 -0.00355267 -0.00353784 -0.00352467 -0.0035117 -0.00349953 -0.00348841 -0.00347744 -0.00346805 -0.00345843 -0.00345063 -0.00344247 -0.00343609 -0.00342944 -0.00342437 -0.0034192 -0.00341538 -0.00341165 -0.00340903 -0.00340668 -0.00340525 -0.00340421 -0.003404 -0.00340421 -0.00340525 -0.00340668 -0.00340903 -0.00341165 -0.00341538 -0.0034192 -0.00342437 -0.00342944 -0.00343609 -0.00344247 -0.00345063 -0.00345843 -0.00346805 -0.00347744 -0.00348841 -0.00349953 -0.0035117 -0.00352467 -0.00353784 -0.00355267 -0.00356673 -0.00358323 -0.00359825 -0.003616 -0.00363232 -0.00365075 -0.00366895 -0.00368759 -0.00370832 -0.00372714 -0.00375062 -0.00377019 -0.00379522 -0.00381548 -0.00383713 -0.00385262 -0.00385651 -0.00384578 -0.0037972 -0.00370801 -0.00354018 -0.00328149 -0.00289272 -0.00234043 -0.0015925 -0.000582198 0.000731256 0.0024433 0.00461701 0.00732347 0.0106175 0.0144895 0.0189535 0.0239479 0.0294215 0.0352756 0.0413221 0.0473797 0.0531805 0.0585074 0.0631584 0.0668956 0.0695701 0.0710179 0.07118 0.070085 0.067713 0.064145 0.0594786 0.0538483 0.0474744 0.0404683 0.0329637 0.0251319 0.0170412 0.00880687 0.000547461 -0.00765393 -0.0156619 -0.0234281 -0.030914 -0.0379523 -0.0444471 -0.0503733 -0.0556453 -0.060213 -0.0640675 -0.0671743 -0.0695407 -0.0712449 -0.0723774 -0.0730045 -0.0732052 -0.0731088 -0.0728205 -0.0724113 -0.0720185 -0.0717575 
0 0.00577162 0.0114003 0.0168055 0.0218797 0.0264603 0.030426 0.0337042 0.036217 0.0378911 0.038651 0.0384266 0.0372162 0.0350655 0.032016 0.0281143 0.0234233 0.018043 0.0120867 0.00564926 -0.00114681 -0.00821611 -0.0155213 -0.0229205 -0.0302919 -0.0376163 -0.0447953 -0.0517292 -0.0583185 -0.064381 -0.0697984 -0.0744006 -0.0779848 -0.0804888 -0.0818052 -0.081866 -0.0806763 -0.0782197 -0.0746515 -0.0701366 -0.0648401 -0.0590222 -0.0528708 -0.0466592 -0.0406185 -0.034891 -0.0296445 -0.0249117 -0.0207681 -0.0172365 -0.0142831 -0.0119078 -0.00999814 -0.00851175 -0.00735583 -0.0064608 -0.00579873 -0.00528893 -0.00493668 -0.00467376 -0.00449695 -0.00437559 -0.00428274 -0.00422865 -0.00417116 -0.00414152 -0.00410086 -0.00407586 -0.00404665 -0.00401966 -0.00399939 -0.00397024 -0.0039559 -0.00392695 -0.00391528 -0.00388911 -0.00387751 -0.00385588 -0.00384291 -0.00382643 -0.00381176 -0.00380012 -0.00378417 -0.00377656 -0.00376013 -0.00375557 -0.00373949 -0.0037371 -0.00372204 -0.00372117 -0.0037076 -0.00370784 -0.00369599 -0.00369714 -0.00368709 -0.0036891 -0.00368078 -0.00368373 -0.00367703 -0.00368104 -0.00367578 -0.00368104 -0.00367703 -0.00368373 -0.00368078 -0.0036891 -0.00368709 -0.00369714 -0.00369599 -0.00370784 -0.0037076 -0.00372117 -0.00372204 -0.0037371 -0.00373949 -0.00375557 -0.00376013 -0.00377656 -0.00378417 -0.00380012 -0.00381176 -0.00382643 -0.00384291 -0.00385588 -0.00387751 -0.00388911 -0.00391527 -0.00392694 -0.00395587 -0.00397017 -0.00399918 -0.00401911 -0.00404528 -0.00407258 -0.00409336 -0.00412504 -0.00413644 -0.00415859 -0.00414741 -0.00412531 -0.00405378 -0.00392187 -0.00371285 -0.00337374 -0.00290829 -0.00223689 -0.00135136 -0.000169552 0.00137384 0.0033399 0.0058396 0.00888445 0.0125436 0.0167882 0.0215893 0.0269212 0.0326529 0.0386947 0.0448185 0.050797 0.05642 0.0614201 0.0656387 0.0688506 0.0708888 0.0717054 0.0712441 0.069586 0.0667837 0.0628923 0.0580971 0.0525177 0.046303 0.0396134 0.0325346 0.0252189 0.0177359 0.0100805 0.00236105 -0.00533969 -0.0129814 -0.0204934 -0.0278383 -0.0349444 -0.0416993 -0.0480264 -0.0538372 -0.0590594 -0.0636817 -0.0676747 -0.0709926 -0.0736549 -0.0757312 -0.0772756 -0.0783369 -0.079012 -0.0794124 -0.0796129 -0.0796913 -0.0797277 
0 0.00580761 0.0114695 0.0168791 0.0218553 0.0262216 0.0299266 0.0328893 0.0349659 0.0361119 0.0363163 0.0355257 0.0337739 0.0311528 0.0276878 0.0234233 0.0184992 0.0130566 0.0071811 0.000966176 -0.0054826 -0.0121093 -0.0188512 -0.0256165 -0.0323594 -0.0390394 -0.0456236 -0.0520751 -0.0582488 -0.0640275 -0.0693274 -0.0739647 -0.0777996 -0.0806894 -0.0824843 -0.0831365 -0.0825397 -0.0806742 -0.0776452 -0.0735465 -0.0686028 -0.0629991 -0.0569367 -0.0507055 -0.0444926 -0.0385411 -0.0329892 -0.0279135 -0.0234259 -0.0195099 -0.0162214 -0.0135146 -0.0113272 -0.00961967 -0.0082619 -0.00723737 -0.00644208 -0.00585093 -0.00542536 -0.00510383 -0.00490061 -0.00473598 -0.0046416 -0.00455954 -0.00450361 -0.00446199 -0.00441418 -0.00439106 -0.00434541 -0.00432862 -0.00428849 -0.00427092 -0.00424016 -0.00421851 -0.00419834 -0.00417239 -0.00416131 -0.00413287 -0.00412788 -0.00409951 -0.0040974 -0.00407144 -0.00406964 -0.00404773 -0.00404461 -0.00402754 -0.00402242 -0.00401029 -0.00400316 -0.00399562 -0.00398691 -0.00398338 -0.00397367 -0.00397351 -0.00396342 -0.00396605 -0.00395613 -0.00396103 -0.00395178 -0.00395851 -0.00395033 -0.00395851 -0.00395178 -0.00396103 -0.00395613 -0.00396605 -0.00396342 -0.00397351 -0.00397367 -0.00398338 -0.00398691 -0.00399562 -0.00400316 -0.00401029 -0.00402242 -0.00402754 -0.00404461 -0.00404773 -0.00406964 -0.00407144 -0.0040974 -0.00409951 -0.00412788 -0.00413287 -0.00416131 -0.00417239 -0.00419833 -0.00421849 -0.00424011 -0.00427078 -0.00428812 -0.0043277 -0.00434318 -0.00438585 -0.00440252 -0.00443699 -0.00445221 -0.00445834 -0.00445078 -0.00439145 -0.00430468 -0.00411533 -0.0038503 -0.00343384 -0.00285696 -0.00207551 -0.00101376 0.000348975 0.00214399 0.00439893 0.00721666 0.0106322 0.0146339 0.0192485 0.0243773 0.0299955 0.0359648 0.0421021 0.0482251 0.0540396 0.0593639 0.0639688 0.0676424 0.070251 0.0716252 0.0717676 0.0707152 0.0685077 0.0652835 0.0611353 0.0562297 0.0507411 0.0447436 0.0383817 0.0317839 0.0250185 0.0181451 0.0111485 0.00404064 -0.00311922 -0.0103243 -0.0175373 -0.0246751 -0.031702 -0.038583 -0.0452076 -0.0514563 -0.0572827 -0.0626453 -0.0674667 -0.0717182 -0.0753912 -0.0784547 -0.080955 -0.0829822 -0.0845624 -0.0857469 -0.0866395 -0.0872754 -0.0876712 
0 0.00569131 0.0111976 0.0163705 0.0210537 0.0251206 0.02848 0.0309984 0.0325713 0.0331849 0.0328308 0.0315237 0.0293323 0.0263038 0.0224999 0.018043 0.0130566 0.00767124 0.00200361 -0.00388905 -0.00993093 -0.0160199 -0.0221149 -0.0282082 -0.0342692 -0.040284 -0.0462665 -0.0521739 -0.0579107 -0.0633932 -0.0685164 -0.0731675 -0.077202 -0.0804169 -0.082682 -0.0838798 -0.0838843 -0.082667 -0.080218 -0.0766445 -0.0721279 -0.0668141 -0.0609475 -0.0547409 -0.0484362 -0.042295 -0.0364527 -0.0310787 -0.0262324 -0.0219652 -0.0183331 -0.0152825 -0.0128236 -0.0108495 -0.00929901 -0.00810461 -0.00716618 -0.00647969 -0.00594585 -0.00557464 -0.00530291 -0.00510987 -0.00498864 -0.00488327 -0.00483164 -0.00476699 -0.00473729 -0.00469518 -0.00466561 -0.0046394 -0.00460393 -0.00458869 -0.00454926 -0.00453943 -0.00450083 -0.00449124 -0.00445793 -0.00444506 -0.00441976 -0.00440219 -0.00438559 -0.00436365 -0.00435492 -0.00433002 -0.0043275 -0.00430139 -0.00430325 -0.00427755 -0.00428219 -0.00425811 -0.00426436 -0.00424263 -0.00424978 -0.00423071 -0.00423847 -0.00422204 -0.00423042 -0.00421639 -0.00422559 -0.0042136 -0.00422399 -0.0042136 -0.00422559 -0.00421639 -0.00423042 -0.00422204 -0.00423847 -0.00423071 -0.00424978 -0.00424263 -0.00426436 -0.00425811 -0.00428219 -0.00427755 -0.00430325 -0.00430139 -0.0043275 -0.00433002 -0.00435492 -0.00436365 -0.00438559 -0.00440219 -0.00441976 -0.00444506 -0.00445793 -0.00449124 -0.00450082 -0.0045394 -0.00454917 -0.00458845 -0.00460332 -0.0046379 -0.00466204 -0.00468706 -0.00471953 -0.0047298 -0.00475701 -0.00473978 -0.00472442 -0.00464377 -0.00451465 -0.00429495 -0.00394723 -0.00346757 -0.00276836 -0.00185609 -0.00062048 0.000977197 0.00302616 0.00561938 0.00877245 0.0125608 0.0169289 0.0218707 0.0273229 0.0331646 0.0392913 0.0454538 0.051447 0.057028 0.0619601 0.0660836 0.069175 0.0711099 0.0718214 0.0712983 0.0696443 0.0669314 0.0632917 0.0589167 0.0539587 0.0485707 0.0428494 0.0368773 0.0307701 0.0245753 0.0182898 0.011922 0.00546314 -0.00112223 -0.00784437 -0.0146645 -0.0215354 -0.02842 -0.0352908 -0.0420923 -0.0487077 -0.0550485 -0.061066 -0.0666607 -0.0717749 -0.0764165 -0.0805173 -0.0840354 -0.0870546 -0.0896046 -0.0916576 -0.0932715 -0.094505 -0.0953695 
