0 0 0 0 0 0 0 0 0 0 0 0 0 0 0 0 0 0 0 0 0 0 0 0 0 0 0 0 0 0 0 0 0 0 0 0 0 0 0 0 0 0 0 0 0 0 0 0 0 0 0 0 0 0 0 0 0 0 0 0 0 0 0 0 0 0 0 0 0 0 0 0 0 0 0 0 0 0 0 0 0 0 0 0 0 0 0 0 0 0 0 0 0 0 0 0 0 0 0 0 0 0 0 0 0 0 0 0 0 0 0 0 0 0 0 0 0 0 0 0 0 0 0 0 0 0 0 0 0 0 0 0 0 0 0 0 0 0 0 0 0 0 0 0 0 0 0 0 0 0 0 0 0 0 0 0 0 0 0 0 0 0 0 0 0 0 0 0 0 0 0 0 0 0 0 0 0 0 0 0 0 0 0 0 0 0 0 0 0 0 0 0 0 0 0 0 0 0 0 0 
0 -0.00173476 -0.00335581 -0.00485579 -0.00628597 -0.00763352 -0.00880551 -0.00972945 -0.0104187 -0.0109287 -0.0112859 -0.0114735 -0.0114662 -0.0112652 -0.0109092 -0.0104542 -0.00994054 -0.00938226 -0.00878216 -0.0081475 -0.00749454 -0.00684573 -0.00622101 -0.00563107 -0.00507976 -0.00456925 -0.00410209 -0.00368229 -0.00331336 -0.00299463 -0.0027211 -0.00248501 -0.00227768 -0.00209263 -0.00192677 -0.00177933 -0.00165115 -0.0015426 -0.00145231 -0.00137748 -0.00131401 -0.00125765 -0.00120526 -0.00115489 -0.00110624 -0.00106015 -0.0010178 -0.000980436 -0.000948573 -0.000921995 -0.000899877 -0.000880795 -0.000863372 -0.000846314 -0.000828737 -0.000810324 -0.000791085 -0.000771524 -0.000752235 -0.000733891 -0.000717099 -0.000702197 -0.000689417 -0.000678659 -0.000669732 -0.000662278 -0.000655874 -0.000650144 -0.000644671 -0.000639213 -0.000633514 -0.000627494 -0.000621098 -0.000614361 -0.000607376 -0.000600229 -0.000593079 -0.00058601 -0.000579179 -0.000572638 -0.000566502 -0.000560791 -0.000555559 -0.000550805 -0.000546532 -0.000542725 -0.000539352 -0.000536398 -0.000533807 -0.000531574 -0.000529632 -0.000527986 -0.000526569 -0.000525394 -0.000524399 -0.000523606 -0.000522959 -0.000522486 -0.000522138 -0.000521946 -0.000521871 -0.000521946 -0.000522138 -0.000522486 -0.000522959 -0.000523606 -0.000524399 -0.000525394 -0.000526569 -0.000527986 -0.000529632 -0.000531574 -0.000533807 -0.000536398 -0.000539352 -0.000542725 -0.000546532 -0.000550805 -0.000555559 -0.000560791 -0.000566502 -0.000572638 -0.000579179 -0.00058601 -0.000593079 -0.000600229 -0.000607376 -0.000614361 -0.000621098 -0.000627494 -0.000633514 -0.000639213 -0.000644671 -0.000650144 -0.000655874 -0.000662278 -0.000669732 -0.000678659 -0.000689417 -0.000702197 -0.000717099 -0.000733891 -0.000752235 -0.000771524 -0.000791085 -0.000810324 -0.000828737 -0.000846314 -0.000863372 -0.000880795 -0.000899877 -0.000921995 -0.000948573 -0.000980436 -0.0010178 -0.00106015 -0.00110624 -0.00115489 -0.00120526 -0.00125765 -0.00131401 -0.00137748 -0.00145231 -0.0015426 -0.00165114 -0.0017793 -0.00192667 -0.00209237 -0.00227695 -0.00248313 -0.00271652 -0.00298412 -0.00329062 -0.00363596 -0.00401321 -0.0044088 -0.00480728 -0.00519546 -0.00556394 -0.00590611 -0.00621009 -0.00644831 -0.00657476 -0.00653004 -0.00625518 -0.0057121 -0.00489194 -0.00380048 -0.00243692 -0.000785681 0.0011686 0.00340232 0.00582583 0.00831622 0.0107829 0.0131752 0.0154177 0.0173732 0.0188986 0.0199218 
0 -0.00335581 -0.00659017 -0.00963987 -0.0124802 -0.0150664 -0.0173217 -0.0191771 -0.0206082 -0.0216362 -0.022302 -0.022631 -0.0226218 -0.022275 -0.0216283 -0.0207546 -0.0197313 -0.0186172 -0.0174451 -0.0162287 -0.01498 -0.0137215 -0.0124838 -0.0112988 -0.0101936 -0.00918417 -0.00827445 -0.00746129 -0.00673724 -0.006094 -0.00552527 -0.00502568 -0.00459005 -0.00421308 -0.00388793 -0.00360698 -0.00336297 -0.00314908 -0.00296018 -0.00279286 -0.00264462 -0.00251398 -0.0023994 -0.00229898 -0.00221073 -0.00213217 -0.002061 -0.00199536 -0.00193374 -0.0018755 -0.00182036 -0.00176848 -0.00172025 -0.00167584 -0.00163547 -0.00159893 -0.00156587 -0.00153579 -0.00150798 -0.00148193 -0.00145701 -0.00143289 -0.00140933 -0.0013862 -0.00136361 -0.0013416 -0.00132044 -0.00130024 -0.00128118 -0.0012634 -0.00124692 -0.0012318 -0.00121795 -0.00120535 -0.00119383 -0.00118332 -0.00117367 -0.00116476 -0.0011565 -0.00114876 -0.0011415 -0.00113462 -0.00112811 -0.00112191 -0.00111604 -0.00111044 -0.00110517 -0.00110019 -0.00109554 -0.0010912 -0.00108721 -0.00108356 -0.00108027 -0.00107735 -0.0010748 -0.00107264 -0.00107086 -0.00106947 -0.00106848 -0.00106789 -0.00106768 -0.00106789 -0.00106848 -0.00106947 -0.00107086 -0.00107264 -0.0010748 -0.00107735 -0.00108027 -0.00108356 -0.00108721 -0.0010912 -0.00109554 -0.00110019 -0.00110517 -0.00111044 -0.00111604 -0.00112191 -0.00112811 -0.00113462 -0.0011415 -0.00114876 -0.0011565 -0.00116476 -0.00117367 -0.00118332 -0.00119383 -0.00120535 -0.00121795 -0.0012318 -0.00124692 -0.0012634 -0.00128118 -0.00130024 -0.00132044 -0.0013416 -0.00136361 -0.0013862 -0.00140933 -0.00143289 -0.00145701 -0.00148193 -0.00150798 -0.00153579 -0.00156587 -0.00159893 -0.00163547 -0.00167584 -0.00172025 -0.00176848 -0.00182036 -0.0018755 -0.00193374 -0.00199536 -0.002061 -0.00213217 -0.00221073 -0.00229898 -0.0023994 -0.00251398 -0.00264462 -0.00279286 -0.00296018 -0.00314907 -0.00336295 -0.0036069 -0.00388767 -0.00421236 -0.00458816 -0.00502095 -0.00551407 -0.00606902 -0.00668461 -0.0073567 -0.00807843 -0.00883784 -0.00961664 -0.0103911 -0.0111316 -0.0118032 -0.0123662 -0.0127681 -0.0129371 -0.0127831 -0.012207 -0.0111226 -0.009482 -0.00727624 -0.00451275 -0.00119683 0.00266127 0.00701412 0.0117398 0.0166454 0.0215263 0.0262132 0.0305427 0.0343078 0.0372875 0.039327 
0 -0.00485579 -0.00963987 -0.0142098 -0.0184024 -0.0221307 -0.0253794 -0.0281181 -0.030279 -0.0318263 -0.0327969 -0.033254 -0.0332374 -0.0327721 -0.0318986 -0.0306872 -0.0292323 -0.0276272 -0.0259332 -0.0241788 -0.0223835 -0.0205722 -0.0187812 -0.0170559 -0.015437 -0.013949 -0.0126011 -0.0113897 -0.010304 -0.00933361 -0.00847062 -0.00770811 -0.00704051 -0.00646055 -0.00595825 -0.00552316 -0.00514417 -0.00481132 -0.0045175 -0.00425713 -0.00402664 -0.00382362 -0.00364516 -0.00348863 -0.00335073 -0.00322781 -0.00311688 -0.00301497 -0.00292019 -0.00283145 -0.00274801 -0.00267007 -0.00259759 -0.00253073 -0.00246953 -0.00241352 -0.00236238 -0.00231531 -0.00227163 -0.00223069 -0.00219177 -0.0021546 -0.00211871 -0.00208411 -0.00205071 -0.00201857 -0.00198788 -0.00195863 -0.00193108 -0.00190514 -0.00188096 -0.00185843 -0.00183753 -0.00181817 -0.00180019 -0.00178355 -0.00176802 -0.00175359 -0.00174005 -0.0017274 -0.00171548 -0.00170429 -0.00169374 -0.0016838 -0.00167447 -0.0016657 -0.00165752 -0.00164986 -0.0016428 -0.00163626 -0.00163032 -0.0016249 -0.00162009 -0.00161579 -0.00161212 -0.00160896 -0.00160642 -0.0016044 -0.001603 -0.00160212 -0.00160186 -0.00160212 -0.001603 -0.0016044 -0.00160642 -0.00160896 -0.00161212 -0.00161579 -0.00162009 -0.0016249 -0.00163032 -0.00163626 -0.0016428 -0.00164986 -0.00165752 -0.0016657 -0.00167447 -0.0016838 -0.00169374 -0.00170429 -0.00171548 -0.0017274 -0.00174005 -0.00175359 -0.00176802 -0.00178355 -0.00180019 -0.00181817 -0.00183753 -0.00185843 -0.00188096 -0.00190514 -0.00193108 -0.00195863 -0.00198788 -0.00201857 -0.00205071 -0.00208411 -0.00211871 -0.0021546 -0.00219177 -0.00223069 -0.00227163 -0.00231531 -0.00236238 -0.00241352 -0.00246953 -0.00253073 -0.00259759 -0.00267007 -0.00274801 -0.00283145 -0.00292019 -0.00301497 -0.00311688 -0.00322781 -0.00335073 -0.00348863 -0.00364516 -0.00382362 -0.00402664 -0.00425713 -0.00451749 -0.0048113 -0.00514411 -0.00552295 -0.00595765 -0.00645894 -0.00703642 -0.00769828 -0.00844827 -0.00928556 -0.0102064 -0.0112023 -0.0122612 -0.0133667 -0.0144931 -0.0156051 -0.0166578 -0.0175935 -0.0183429 -0.0188244 -0.0189371 -0.0185638 -0.0175847 -0.0158907 -0.0134017 -0.0100811 -0.00592846 -0.000969427 0.00473395 0.0110744 0.0179016 0.0250076 0.0321144 0.0389091 0.0451044 0.0504538 0.0547262 0.0577015 
0 -0.00628597 -0.0124802 -0.0184024 -0.0238434 -0.028677 -0.0328634 -0.0363747 -0.0391691 -0.0412202 -0.0425323 -0.0431409 -0.0431155 -0.0425417 -0.0414959 -0.0400512 -0.0382932 -0.0363074 -0.0341645 -0.0319249 -0.0296402 -0.0273517 -0.0250998 -0.0229243 -0.0208569 -0.0189229 -0.0171421 -0.0155232 -0.0140675 -0.0127707 -0.01162 -0.0106008 -0.00969896 -0.00890038 -0.00819495 -0.00757509 -0.00703297 -0.00656192 -0.0061538 -0.00579896 -0.00548875 -0.00521421 -0.00496824 -0.00474625 -0.00454455 -0.00436172 -0.00419675 -0.00404843 -0.00391598 -0.00379728 -0.00369036 -0.00359301 -0.00350269 -0.00341797 -0.00333722 -0.00325988 -0.00318579 -0.00311489 -0.00304787 -0.00298482 -0.00292627 -0.00287226 -0.00282264 -0.00277733 -0.00273562 -0.00269728 -0.0026615 -0.00262791 -0.00259601 -0.00256537 -0.00253587 -0.00250715 -0.00247937 -0.00245228 -0.00242616 -0.00240092 -0.00237674 -0.00235368 -0.00233178 -0.00231121 -0.00229183 -0.00227387 -0.00225709 -0.0022417 -0.00222745 -0.00221448 -0.00220257 -0.00219183 -0.00218205 -0.0021733 -0.00216544 -0.00215849 -0.00215236 -0.00214703 -0.00214248 -0.00213866 -0.00213559 -0.00213318 -0.00213151 -0.00213047 -0.00213015 -0.00213047 -0.00213151 -0.00213318 -0.00213559 -0.00213866 -0.00214248 -0.00214703 -0.00215236 -0.00215849 -0.00216544 -0.0021733 -0.00218205 -0.00219183 -0.00220257 -0.00221448 -0.00222745 -0.0022417 -0.00225709 -0.00227387 -0.00229183 -0.00231121 -0.00233178 -0.00235368 -0.00237674 -0.00240092 -0.00242616 -0.00245228 -0.00247937 -0.00250715 -0.00253587 -0.00256537 -0.00259601 -0.00262791 -0.0026615 -0.00269728 -0.00273562 -0.00277733 -0.00282264 -0.00287226 -0.00292627 -0.00298482 -0.00304787 -0.00311489 -0.00318579 -0.00325988 -0.00333722 -0.00341797 -0.00350269 -0.00359301 -0.00369036 -0.00379728 -0.00391598 -0.00404843 -0.00419675 -0.00436172 -0.00454455 -0.00474625 -0.00496824 -0.00521421 -0.00548875 -0.00579896 -0.00615378 -0.00656187 -0.0070328 -0.00757461 -0.00819363 -0.00889699 -0.00969071 -0.0105818 -0.0115785 -0.0126851 -0.0139005 -0.0152147 -0.0166032 -0.0180314 -0.0194564 -0.0208275 -0.0220909 -0.0231818 -0.024011 -0.0244629 -0.024399 -0.0236696 -0.0221427 -0.0197194 -0.0163219 -0.0118907 -0.00640075 0.000120144 0.00756711 0.015753 0.0244532 0.0334379 0.0424232 0.0510253 0.0588339 0.0655239 0.0708519 0.0745731 
0 -0.00763352 -0.0150664 -0.0221307 -0.028677 -0.0345466 -0.039603 -0.0437946 -0.0471408 -0.049645 -0.0512749 -0.0520449 -0.0520575 -0.0514418 -0.0502983 -0.0487068 -0.0467404 -0.0444726 -0.0419909 -0.0393863 -0.0367263 -0.0340594 -0.0314283 -0.0288673 -0.0264079 -0.0240844 -0.0219216 -0.0199335 -0.0181277 -0.0165005 -0.0150407 -0.0137375 -0.0125764 -0.011544 -0.0106303 -0.0098237 -0.00911389 -0.00849185 -0.00794624 -0.00746782 -0.00704752 -0.006676 -0.00634699 -0.00605386 -0.00579141 -0.00555622 -0.00534396 -0.00515225 -0.00497846 -0.00481988 -0.00467524 -0.00454215 -0.00441953 -0.00430618 -0.00420065 -0.0041027 -0.00401099 -0.00392532 -0.00384502 -0.00376944 -0.0036986 -0.00363161 -0.00356866 -0.00350913 -0.00345294 -0.00339999 -0.00334982 -0.0033027 -0.003258 -0.00321605 -0.00317637 -0.00313904 -0.00310388 -0.00307066 -0.00303952 -0.00301 -0.00298239 -0.00295619 -0.0029317 -0.0029085 -0.00288678 -0.00286633 -0.00284715 -0.00282923 -0.00281242 -0.00279686 -0.00278229 -0.00276897 -0.00275656 -0.00274538 -0.00273505 -0.00272593 -0.00271764 -0.00271052 -0.0027042 -0.00269904 -0.00269467 -0.00269142 -0.00268897 -0.00268763 -0.00268708 -0.00268763 -0.00268897 -0.00269142 -0.00269467 -0.00269904 -0.0027042 -0.00271052 -0.00271764 -0.00272593 -0.00273505 -0.00274538 -0.00275656 -0.00276897 -0.00278229 -0.00279686 -0.00281242 -0.00282923 -0.00284715 -0.00286633 -0.00288678 -0.0029085 -0.0029317 -0.00295619 -0.00298239 -0.00301 -0.00303952 -0.00307066 -0.00310388 -0.00313904 -0.00317637 -0.00321605 -0.003258 -0.0033027 -0.00334982 -0.00339999 -0.00345294 -0.00350913 -0.00356866 -0.00363161 -0.0036986 -0.00376944 -0.00384502 -0.00392532 -0.00401099 -0.0041027 -0.00420065 -0.00430618 -0.00441953 -0.00454215 -0.00467524 -0.00481988 -0.00497846 -0.00515225 -0.00534396 -0.00555622 -0.00579141 -0.00605386 -0.00634699 -0.006676 -0.00704752 -0.00746781 -0.0079462 -0.00849172 -0.00911351 -0.00982264 -0.0106276 -0.0115372 -0.0125605 -0.0137024 -0.0149674 -0.0163553 -0.0178556 -0.0194509 -0.0211103 -0.0227891 -0.0244364 -0.0259911 -0.0273782 -0.0285097 -0.0292702 -0.0295141 -0.0290873 -0.0278411 -0.0256445 -0.0223995 -0.0180279 -0.0124567 -0.00565658 0.00231247 0.0113024 0.0210925 0.031406 0.0419456 0.0523977 0.0623841 0.0714622 0.0792198 0.0853397 0.0895684 
0 -0.00880551 -0.0173217 -0.0253794 -0.0328634 -0.039603 -0.0454242 -0.0502579 -0.054111 -0.0569755 -0.0588476 -0.0597919 -0.0599226 -0.0593526 -0.0581872 -0.0565183 -0.0544188 -0.0519734 -0.0492911 -0.0464652 -0.0435592 -0.0406259 -0.0377069 -0.0348379 -0.0320637 -0.0294241 -0.0269419 -0.0246333 -0.0225048 -0.0205527 -0.0187767 -0.0171743 -0.0157369 -0.0144572 -0.0133223 -0.0123152 -0.0114228 -0.01063 -0.00992487 -0.00930025 -0.00874719 -0.00825991 -0.00783228 -0.00745555 -0.00712358 -0.00682807 -0.00656192 -0.00632066 -0.00609881 -0.00589464 -0.00570633 -0.00553243 -0.00537342 -0.00522752 -0.00509469 -0.0049735 -0.00486217 -0.00476 -0.00466446 -0.0045751 -0.00449031 -0.00440937 -0.00433218 -0.00425781 -0.00418709 -0.00411928 -0.00405514 -0.00399448 -0.00393737 -0.00388415 -0.00383419 -0.00378808 -0.00374485 -0.00370499 -0.00366768 -0.00363304 -0.00360065 -0.00357024 -0.00354187 -0.00351494 -0.00348987 -0.00346591 -0.00344366 -0.00342239 -0.00340268 -0.00338395 -0.00336666 -0.00335041 -0.00333549 -0.00332169 -0.00330914 -0.00329779 -0.00328761 -0.0032787 -0.00327089 -0.0032644 -0.00325897 -0.00325488 -0.00325182 -0.00325013 -0.00324944 -0.00325013 -0.00325182 -0.00325488 -0.00325897 -0.0032644 -0.00327089 -0.0032787 -0.00328761 -0.00329779 -0.00330914 -0.00332169 -0.00333549 -0.00335041 -0.00336666 -0.00338395 -0.00340268 -0.00342239 -0.00344366 -0.00346591 -0.00348987 -0.00351494 -0.00354187 -0.00357024 -0.00360065 -0.00363304 -0.00366768 -0.00370499 -0.00374485 -0.00378808 -0.00383419 -0.00388415 -0.00393737 -0.00399448 -0.00405514 -0.00411928 -0.00418709 -0.00425781 -0.00433218 -0.00440937 -0.00449031 -0.0045751 -0.00466446 -0.00476 -0.00486217 -0.0049735 -0.00509469 -0.00522752 -0.00537342 -0.00553243 -0.00570633 -0.00589464 -0.00609881 -0.00632066 -0.00656192 -0.00682807 -0.00712358 -0.00745555 -0.00783228 -0.00825991 -0.00874718 -0.00930021 -0.00992476 -0.0106297 -0.011422 -0.012313 -0.0133168 -0.0144442 -0.0157076 -0.0171123 -0.0186523 -0.0203162 -0.0220793 -0.0239078 -0.025767 -0.0276109 -0.0293835 -0.0310176 -0.0324136 -0.0334417 -0.0339555 -0.0337939 -0.0328062 -0.0308749 -0.0278919 -0.0237431 -0.018331 -0.0115907 -0.00352487 0.00574994 0.0160317 0.0270995 0.038693 0.0504561 0.0619806 0.0728816 0.0827783 0.0912501 0.0978947 0.102433 
0 -0.00972945 -0.0191771 -0.0281181 -0.0363747 -0.0437946 -0.0502579 -0.0556687 -0.0599509 -0.0630981 -0.065196 -0.066349 -0.0666329 -0.0661443 -0.0650146 -0.0633492 -0.0612253 -0.0587358 -0.0559781 -0.053035 -0.0499905 -0.046912 -0.0438332 -0.0407857 -0.0378073 -0.0349254 -0.0321711 -0.029576 -0.0271527 -0.0249097 -0.0228523 -0.0209724 -0.019264 -0.0177213 -0.0163311 -0.0150857 -0.0139757 -0.012987 -0.0121112 -0.0113354 -0.0106468 -0.0100372 -0.00949444 -0.00901097 -0.0085806 -0.00819498 -0.0078511 -0.00754293 -0.00726574 -0.00701691 -0.00679041 -0.00658445 -0.00639522 -0.00621975 -0.00605752 -0.0059053 -0.00576375 -0.00563131 -0.0055075 -0.0053928 -0.00528536 -0.0051863 -0.00509369 -0.00500775 -0.00492765 -0.00485223 -0.00478189 -0.00471475 -0.00465173 -0.00459126 -0.00453391 -0.00447912 -0.00442666 -0.00437701 -0.00432924 -0.00428449 -0.0042415 -0.00420149 -0.00416335 -0.00412793 -0.00409456 -0.00406353 -0.00403472 -0.00400784 -0.00398325 -0.00396023 -0.0039395 -0.00392006 -0.00390284 -0.00388671 -0.0038727 -0.00385966 -0.00384861 -0.00383847 -0.00383021 -0.00382283 -0.00381724 -0.00381252 -0.00380953 -0.0038074 -0.00380697 -0.0038074 -0.00380953 -0.00381252 -0.00381724 -0.00382283 -0.00383021 -0.00383847 -0.00384861 -0.00385966 -0.0038727 -0.00388671 -0.00390284 -0.00392006 -0.0039395 -0.00396023 -0.00398325 -0.00400784 -0.00403472 -0.00406353 -0.00409456 -0.00412793 -0.00416335 -0.00420149 -0.0042415 -0.00428449 -0.00432924 -0.00437701 -0.00442666 -0.00447912 -0.00453391 -0.00459126 -0.00465173 -0.00471475 -0.00478189 -0.00485223 -0.00492765 -0.00500775 -0.00509369 -0.0051863 -0.00528536 -0.0053928 -0.0055075 -0.00563131 -0.00576375 -0.0059053 -0.00605752 -0.00621975 -0.00639522 -0.00658445 -0.00679041 -0.00701691 -0.00726574 -0.00754293 -0.0078511 -0.00819498 -0.0085806 -0.00901097 -0.00949444 -0.0100372 -0.0106467 -0.0113353 -0.012111 -0.0129864 -0.013974 -0.0150813 -0.0163204 -0.0176972 -0.0192122 -0.020867 -0.0226492 -0.024539 -0.0265114 -0.0285228 -0.030524 -0.0324608 -0.0342563 -0.0358202 -0.0370412 -0.0377679 -0.0378384 -0.0371007 -0.0354108 -0.032655 -0.0287444 -0.0235737 -0.0170498 -0.0091567 4.24245e-05 0.0104128 0.0217434 0.0337861 0.0462698 0.058832 0.0710184 0.0824086 0.0926642 0.10143 0.10831 0.113008 
0 -0.0104187 -0.0206082 -0.030279 -0.0391691 -0.0471408 -0.054111 -0.0599509 -0.0645601 -0.0679834 -0.0703414 -0.0717043 -0.0721319 -0.0717522 -0.0707108 -0.0691175 -0.0670705 -0.0646532 -0.0619265 -0.0589783 -0.0559176 -0.0528108 -0.0496916 -0.0465892 -0.0435141 -0.0404844 -0.0375447 -0.0347301 -0.0320654 -0.0295759 -0.0272631 -0.025121 -0.0231506 -0.0213423 -0.0196912 -0.0181984 -0.0168532 -0.0156493 -0.0145782 -0.0136224 -0.0127725 -0.012015 -0.0113364 -0.0107316 -0.0101895 -0.00970501 -0.00927377 -0.00888693 -0.00854255 -0.00823305 -0.00795332 -0.00770071 -0.0074681 -0.00725521 -0.00705774 -0.00687394 -0.006704 -0.00654442 -0.00639719 -0.00625947 -0.00613165 -0.0060133 -0.00590225 -0.00579998 -0.00570327 -0.0056136 -0.00552884 -0.00544898 -0.00537398 -0.00530217 -0.00523512 -0.00517044 -0.00511008 -0.00505206 -0.00499761 -0.00494591 -0.00489696 -0.00485121 -0.00480751 -0.00476728 -0.00472865 -0.00469347 -0.00465969 -0.00462911 -0.00459994 -0.00457358 -0.00454874 -0.00452626 -0.00450548 -0.00448664 -0.00446966 -0.00445427 -0.00444086 -0.00442878 -0.00441877 -0.00440989 -0.00440315 -0.00439741 -0.00439384 -0.0043912 -0.00439075 -0.0043912 -0.00439384 -0.00439741 -0.00440315 -0.00440989 -0.00441877 -0.00442878 -0.00444086 -0.00445427 -0.00446966 -0.00448664 -0.00450548 -0.00452626 -0.00454874 -0.00457358 -0.00459994 -0.00462911 -0.00465969 -0.00469347 -0.00472865 -0.00476728 -0.00480751 -0.00485121 -0.00489696 -0.00494591 -0.00499761 -0.00505206 -0.00511008 -0.00517044 -0.00523512 -0.00530217 -0.00537398 -0.00544898 -0.00552884 -0.0056136 -0.00570327 -0.00579998 -0.00590225 -0.0060133 -0.00613165 -0.00625947 -0.00639719 -0.00654442 -0.006704 -0.00687394 -0.00705774 -0.00725521 -0.0074681 -0.00770071 -0.00795332 -0.00823305 -0.00854255 -0.00888693 -0.00927377 -0.00970501 -0.0101895 -0.0107316 -0.0113364 -0.012015 -0.0127725 -0.0136222 -0.0145777 -0.0156479 -0.0168496 -0.0181899 -0.0196716 -0.0212995 -0.0230624 -0.0249485 -0.0269437 -0.0290151 -0.031131 -0.0332485 -0.0352999 -0.0372145 -0.0389008 -0.0402343 -0.0410863 -0.0413115 -0.0407477 -0.039261 -0.0367334 -0.0330383 -0.0280774 -0.0217865 -0.0141282 -0.00514856 0.00502041 0.0162405 0.0283503 0.041077 0.0540619 0.0669374 0.0793224 0.0908152 0.101049 0.109714 0.116521 0.121207 
0 -0.0109287 -0.0216362 -0.0318263 -0.0412202 -0.049645 -0.0569755 -0.0630981 -0.0679834 -0.0716913 -0.0742821 -0.0758182 -0.076417 -0.0762062 -0.0752887 -0.073797 -0.071874 -0.0695943 -0.0670092 -0.0642063 -0.0612595 -0.0582208 -0.0551512 -0.0520806 -0.0490086 -0.0459605 -0.0429631 -0.0400328 -0.0372083 -0.0345176 -0.0319696 -0.0295852 -0.0273693 -0.0253151 -0.0234281 -0.0216987 -0.0201167 -0.0186827 -0.0173828 -0.0162113 -0.0151646 -0.0142269 -0.0133937 -0.0126533 -0.0119911 -0.0114024 -0.0108723 -0.0103948 -0.0099651 -0.00957337 -0.00922091 -0.00890045 -0.00860997 -0.00834856 -0.00810907 -0.00789325 -0.00769441 -0.00751144 -0.00734274 -0.00718337 -0.00703585 -0.00689488 -0.00676291 -0.00663789 -0.00651926 -0.00640887 -0.00630337 -0.0062064 -0.00611413 -0.0060292 -0.00594952 -0.00587513 -0.00580653 -0.00574127 -0.00568177 -0.00562437 -0.00557209 -0.00552148 -0.00547496 -0.0054303 -0.00538858 -0.00534924 -0.00531182 -0.00527732 -0.00524401 -0.00521402 -0.00518477 -0.00515905 -0.00513387 -0.00511226 -0.00509115 -0.00507352 -0.00505646 -0.00504271 -0.00502965 -0.00501974 -0.00501061 -0.00500449 -0.00499923 -0.00499688 -0.00499545 -0.00499688 -0.00499923 -0.00500449 -0.00501061 -0.00501974 -0.00502965 -0.00504271 -0.00505646 -0.00507352 -0.00509115 -0.00511226 -0.00513387 -0.00515905 -0.00518477 -0.00521402 -0.00524401 -0.00527732 -0.00531182 -0.00534924 -0.00538858 -0.0054303 -0.00547496 -0.00552148 -0.00557209 -0.00562437 -0.00568177 -0.00574127 -0.00580653 -0.00587513 -0.00594952 -0.0060292 -0.00611413 -0.0062064 -0.00630337 -0.00640887 -0.00651926 -0.00663789 -0.00676291 -0.00689488 -0.00703585 -0.00718337 -0.00734274 -0.00751144 -0.00769441 -0.00789325 -0.00810907 -0.00834856 -0.00860997 -0.00890045 -0.00922091 -0.00957337 -0.0099651 -0.0103948 -0.0108723 -0.0114024 -0.0119911 -0.0126533 -0.0133937 -0.0142268 -0.0151645 -0.0162109 -0.0173818 -0.0186799 -0.0201099 -0.0216829 -0.0233932 -0.0252421 -0.0272245 -0.0293129 -0.0314843 -0.0336969 -0.0358882 -0.038006 -0.0399764 -0.0417065 -0.0431056 -0.044042 -0.0443573 -0.0439098 -0.0425515 -0.0401483 -0.0366156 -0.0318611 -0.0257849 -0.0183622 -0.00963842 0.000300053 0.0112987 0.0231733 0.0357536 0.0487847 0.0618746 0.0746376 0.0867777 0.0979787 0.107864 0.116128 0.12258 0.127035 
0 -0.0112859 -0.022302 -0.0327969 -0.0425323 -0.0512749 -0.0588476 -0.065196 -0.0703414 -0.0742821 -0.0770396 -0.0787459 -0.0795523 -0.0795266 -0.0787539 -0.0774059 -0.0756327 -0.0735236 -0.0711639 -0.068604 -0.0658597 -0.0629948 -0.0600807 -0.0571339 -0.0541735 -0.0512199 -0.0482623 -0.0453208 -0.0424367 -0.0396258 -0.0369221 -0.0343574 -0.0319305 -0.0296559 -0.0275396 -0.0255681 -0.0237503 -0.0220809 -0.0205494 -0.0191625 -0.0179059 -0.0167723 -0.0157594 -0.014847 -0.0140323 -0.0133037 -0.0126467 -0.0120613 -0.0115317 -0.0110553 -0.0106274 -0.0102369 -0.00988678 -0.00956613 -0.00927451 -0.00900961 -0.00876379 -0.00854131 -0.00833329 -0.00814256 -0.00796593 -0.00780017 -0.00764857 -0.00750398 -0.00737161 -0.00724561 -0.00712816 -0.00701821 -0.00691316 -0.00681655 -0.00672272 -0.00663699 -0.00655377 -0.00647707 -0.00640387 -0.00633506 -0.00627107 -0.00620954 -0.00615377 -0.00609922 -0.00605066 -0.00600282 -0.00596057 -0.00591917 -0.0058825 -0.00584716 -0.00581555 -0.00578589 -0.00575894 -0.00573456 -0.00571204 -0.00569259 -0.00567432 -0.00565949 -0.00564538 -0.00563494 -0.0056249 -0.0056187 -0.0056127 -0.00561061 -0.00560865 -0.00561061 -0.0056127 -0.0056187 -0.0056249 -0.00563494 -0.00564538 -0.00565949 -0.00567432 -0.00569259 -0.00571204 -0.00573456 -0.00575894 -0.00578589 -0.00581555 -0.00584716 -0.0058825 -0.00591917 -0.00596057 -0.00600282 -0.00605066 -0.00609922 -0.00615377 -0.00620954 -0.00627107 -0.00633506 -0.00640387 -0.00647707 -0.00655377 -0.00663699 -0.00672272 -0.00681655 -0.00691316 -0.00701821 -0.00712816 -0.00724561 -0.00737161 -0.00750398 -0.00764857 -0.00780017 -0.00796593 -0.00814256 -0.00833329 -0.00854131 -0.00876379 -0.00900961 -0.00927451 -0.00956613 -0.00988678 -0.0102369 -0.0106274 -0.0110553 -0.0115317 -0.0120613 -0.0126467 -0.0133037 -0.0140323 -0.014847 -0.0157593 -0.0167722 -0.0179056 -0.0191617 -0.0205473 -0.0220756 -0.0237377 -0.0255401 -0.02748 -0.0295358 -0.0317011 -0.033942 -0.0362087 -0.038461 -0.040623 -0.0426147 -0.0443678 -0.0457719 -0.0467095 -0.0470627 -0.0466657 -0.0453674 -0.0430598 -0.0396242 -0.0349717 -0.029066 -0.0218625 -0.013363 -0.00368165 0.00704457 0.0186842 0.0310222 0.0437824 0.0566985 0.0694745 0.081779 0.093325 0.103853 0.113065 0.120694 0.126582 0.130611 
0 -0.0114735 -0.022631 -0.033254 -0.0431409 -0.0520449 -0.0597919 -0.066349 -0.0717043 -0.0758182 -0.0787459 -0.0806383 -0.0816041 -0.0817243 -0.0811418 -0.0799986 -0.0784007 -0.0764863 -0.0743669 -0.0720554 -0.0695772 -0.0670002 -0.0643438 -0.0616235 -0.058878 -0.0560936 -0.0532617 -0.0504218 -0.0475845 -0.0447689 -0.0420232 -0.0393541 -0.036777 -0.0343251 -0.0319944 -0.0298005 -0.027761 -0.0258611 -0.0241116 -0.0225081 -0.0210324 -0.0196928 -0.0184721 -0.0173631 -0.0163691 -0.015469 -0.0146655 -0.0139475 -0.0132998 -0.0127251 -0.0122027 -0.0117322 -0.0113067 -0.0109141 -0.0105607 -0.0102322 -0.00993358 -0.00966031 -0.00940674 -0.00917897 -0.00896503 -0.00877237 -0.00859269 -0.00842636 -0.00827407 -0.00812825 -0.00799614 -0.00786752 -0.0077498 -0.00763638 -0.00752968 -0.00742977 -0.00733288 -0.00724478 -0.00715769 -0.00707978 -0.00700274 -0.00693365 -0.00686661 -0.00680531 -0.00674776 -0.00669355 -0.00664463 -0.00659704 -0.00655578 -0.00651445 -0.00647991 -0.00644457 -0.00641596 -0.00638634 -0.00636306 -0.00633891 -0.00632057 -0.00630164 -0.00628798 -0.00627406 -0.00626493 -0.00625584 -0.00625119 -0.00624678 -0.00624663 -0.00624678 -0.00625119 -0.00625584 -0.00626493 -0.00627406 -0.00628798 -0.00630164 -0.00632057 -0.00633891 -0.00636306 -0.00638634 -0.00641596 -0.00644457 -0.00647991 -0.00651445 -0.00655578 -0.00659704 -0.00664463 -0.00669355 -0.00674776 -0.00680531 -0.00686661 -0.00693365 -0.00700274 -0.00707978 -0.00715769 -0.00724478 -0.00733288 -0.00742977 -0.00752968 -0.00763638 -0.0077498 -0.00786752 -0.00799614 -0.00812825 -0.00827407 -0.00842636 -0.00859269 -0.00877237 -0.00896503 -0.00917897 -0.00940674 -0.00966031 -0.00993358 -0.0102322 -0.0105607 -0.0109141 -0.0113067 -0.0117322 -0.0122027 -0.0127251 -0.0132998 -0.0139475 -0.0146655 -0.015469 -0.0163691 -0.0173631 -0.018472 -0.0196926 -0.0210318 -0.0225065 -0.0241076 -0.0258512 -0.0277387 -0.0297524 -0.0318959 -0.0341341 -0.0364255 -0.0387406 -0.0410057 -0.0431611 -0.0451534 -0.0468832 -0.0482667 -0.0492036 -0.0495325 -0.0491169 -0.0478282 -0.0455193 -0.0421129 -0.0375585 -0.0317647 -0.0246977 -0.0163996 -0.00692597 0.00359067 0.0149448 0.0269689 0.0394683 0.0521199 0.0646021 0.0767075 0.0882284 0.0988862 0.108429 0.116676 0.123466 0.128651 0.132148 
0 -0.0114662 -0.0226218 -0.0332374 -0.0431155 -0.0520575 -0.0599226 -0.0666329 -0.0721319 -0.076417 -0.0795523 -0.0816041 -0.0826694 -0.0829356 -0.0825651 -0.0816228 -0.0802175 -0.0785207 -0.076619 -0.0745527 -0.0723901 -0.0701392 -0.0677842 -0.0653761 -0.0629259 -0.0604006 -0.0578234 -0.0551967 -0.0525037 -0.0497935 -0.0470901 -0.0443988 -0.0417721 -0.0392206 -0.0367497 -0.0343995 -0.0321629 -0.0300489 -0.0280814 -0.0262408 -0.0245414 -0.0229842 -0.0215484 -0.0202484 -0.0190637 -0.0179855 -0.0170186 -0.0161356 -0.0153439 -0.0146301 -0.0139808 -0.0134039 -0.0128756 -0.012403 -0.0119756 -0.0115829 -0.0112326 -0.0109048 -0.0106095 -0.0103352 -0.0100803 -0.00984885 -0.00962748 -0.00942895 -0.00923863 -0.00906538 -0.00890364 -0.00875121 -0.0086139 -0.00848021 -0.00836212 -0.0082459 -0.00814222 -0.00804197 -0.00794923 -0.00786292 -0.00777921 -0.00770451 -0.00762909 -0.00756385 -0.00749658 -0.00743909 -0.00737998 -0.0073291 -0.00727807 -0.00723313 -0.00718993 -0.00715061 -0.00711487 -0.00708105 -0.00705231 -0.00702396 -0.0070018 -0.0069789 -0.00696293 -0.00694548 -0.0069354 -0.00692339 -0.00691898 -0.0069124 -0.00691352 -0.0069124 -0.00691898 -0.00692339 -0.0069354 -0.00694548 -0.00696293 -0.0069789 -0.0070018 -0.00702396 -0.00705231 -0.00708105 -0.00711487 -0.00715061 -0.00718993 -0.00723313 -0.00727807 -0.0073291 -0.00737998 -0.00743909 -0.00749658 -0.00756385 -0.00762909 -0.00770451 -0.00777921 -0.00786292 -0.00794923 -0.00804197 -0.00814222 -0.0082459 -0.00836212 -0.00848021 -0.0086139 -0.00875121 -0.00890364 -0.00906538 -0.00923863 -0.00942895 -0.00962748 -0.00984885 -0.0100803 -0.0103352 -0.0106095 -0.0109048 -0.0112326 -0.0115829 -0.0119756 -0.012403 -0.0128756 -0.0134039 -0.0139808 -0.0146301 -0.0153439 -0.0161356 -0.0170186 -0.0179855 -0.0190637 -0.0202483 -0.0215482 -0.0229838 -0.0245401 -0.0262376 -0.0280739 -0.0300314 -0.0321246 -0.0343198 -0.0365925 -0.0389267 -0.0412504 -0.0435194 -0.0456788 -0.0476289 -0.0493139 -0.0506486 -0.0515017 -0.0517762 -0.0513276 -0.049984 -0.0476542 -0.0442493 -0.0396796 -0.033937 -0.0269988 -0.0188268 -0.00951109 0.000790375 0.0119403 0.0237316 0.0358994 0.0482156 0.0604281 0.0722414 0.0834439 0.0938903 0.103377 0.111704 0.118787 0.124576 0.128967 0.131902 
0 -0.0112652 -0.022275 -0.0327721 -0.0425417 -0.0514418 -0.0593526 -0.0661443 -0.0717522 -0.0762062 -0.0795266 -0.0817243 -0.0829356 -0.0833694 -0.0831441 -0.0823525 -0.0811549 -0.0796692 -0.0779667 -0.0761605 -0.0742967 -0.0723347 -0.0703086 -0.0682606 -0.0661525 -0.0639888 -0.0617728 -0.0594422 -0.0570094 -0.0545126 -0.0519412 -0.0493491 -0.0467764 -0.0442108 -0.0416995 -0.0392561 -0.0368732 -0.0346002 -0.0324335 -0.0303801 -0.0284744 -0.0266909 -0.0250448 -0.0235381 -0.0221418 -0.0208764 -0.0197163 -0.0186553 -0.0177024 -0.0168261 -0.0160423 -0.0153326 -0.0146865 -0.0141135 -0.0135841 -0.013113 -0.0126817 -0.0122856 -0.0119311 -0.0115955 -0.0112969 -0.0110143 -0.0107563 -0.0105196 -0.0102944 -0.0100945 -0.00989935 -0.00972707 -0.00956033 -0.00940851 -0.0092673 -0.00913194 -0.00901188 -0.00889143 -0.0087877 -0.00868176 -0.00859026 -0.00849844 -0.0084164 -0.00833785 -0.0082638 -0.00819721 -0.00813061 -0.00807447 -0.00801528 -0.00796814 -0.00791645 -0.0078771 -0.00783295 -0.00780051 -0.00776381 -0.00773767 -0.00770824 -0.00768806 -0.00766562 -0.00765123 -0.00763548 -0.00762686 -0.00761753 -0.00761472 -0.00761156 -0.00761472 -0.00761753 -0.00762686 -0.00763548 -0.00765123 -0.00766562 -0.00768806 -0.00770824 -0.00773767 -0.00776381 -0.00780051 -0.00783295 -0.0078771 -0.00791645 -0.00796814 -0.00801528 -0.00807447 -0.00813061 -0.00819721 -0.0082638 -0.00833785 -0.0084164 -0.00849844 -0.00859026 -0.00868176 -0.0087877 -0.00889143 -0.00901188 -0.00913194 -0.0092673 -0.00940851 -0.00956033 -0.00972707 -0.00989935 -0.0100945 -0.0102944 -0.0105196 -0.0107563 -0.0110143 -0.0112969 -0.0115955 -0.0119311 -0.0122856 -0.0126817 -0.013113 -0.0135841 -0.0141135 -0.0146865 -0.0153326 -0.0160423 -0.0168261 -0.0177024 -0.0186553 -0.0197163 -0.0208763 -0.0221418 -0.023538 -0.0250445 -0.02669 -0.028472 -0.0303743 -0.0324199 -0.03457 -0.0368095 -0.0391284 -0.0414566 -0.0437723 -0.0460247 -0.048123 -0.0500321 -0.0516614 -0.0528989 -0.053679 -0.053859 -0.0532901 -0.0518827 -0.0494959 -0.0460293 -0.0414714 -0.035755 -0.0288297 -0.0207492 -0.0115648 -0.0013776 0.00958349 0.0211144 0.0330513 0.0451177 0.0569988 0.0684807 0.0793808 0.0894926 0.0986531 0.106754 0.11372 0.119541 0.12423 0.127768 0.130144 
0 -0.0109092 -0.0216283 -0.0318986 -0.0414959 -0.0502983 -0.0581872 -0.0650146 -0.0707108 -0.0752887 -0.0787539 -0.0811418 -0.0825651 -0.0831441 -0.0830147 -0.0823721 -0.0813529 -0.0800159 -0.0784922 -0.0769116 -0.0752738 -0.0735936 -0.0719221 -0.0702185 -0.0684701 -0.0667138 -0.0648844 -0.0629377 -0.0608987 -0.058724 -0.0564219 -0.0540573 -0.0516157 -0.0491352 -0.0466701 -0.0441998 -0.0417735 -0.0394179 -0.0371154 -0.0349207 -0.0328278 -0.0308349 -0.028984 -0.0272431 -0.0256329 -0.0241594 -0.0227899 -0.0215539 -0.0204182 -0.0193797 -0.0184467 -0.0175807 -0.0168062 -0.0160953 -0.0154455 -0.014866 -0.0143246 -0.0138473 -0.0134043 -0.0130037 -0.0126441 -0.0123048 -0.0120078 -0.0117212 -0.0114671 -0.0112266 -0.0110024 -0.0107997 -0.0106001 -0.0104263 -0.0102507 -0.010098 -0.0099466 -0.00980991 -0.00968169 -0.0095586 -0.00945084 -0.00934082 -0.00924984 -0.00915307 -0.00907525 -0.0089918 -0.0089242 -0.00885369 -0.00879432 -0.00873593 -0.00868363 -0.00863627 -0.0085905 -0.00855303 -0.00851361 -0.00848502 -0.00845194 -0.00843139 -0.0084047 -0.00839159 -0.00837134 -0.00836523 -0.00835146 -0.00835211 -0.00834486 -0.00835211 -0.00835146 -0.00836523 -0.00837134 -0.00839159 -0.0084047 -0.00843139 -0.00845194 -0.00848502 -0.00851361 -0.00855303 -0.0085905 -0.00863627 -0.00868363 -0.00873593 -0.00879432 -0.00885369 -0.0089242 -0.0089918 -0.00907525 -0.00915307 -0.00924984 -0.00934082 -0.00945084 -0.0095586 -0.00968169 -0.00980991 -0.0099466 -0.010098 -0.0102507 -0.0104263 -0.0106001 -0.0107997 -0.0110024 -0.0112266 -0.0114671 -0.0117212 -0.0120078 -0.0123048 -0.0126441 -0.0130037 -0.0134043 -0.0138473 -0.0143246 -0.014866 -0.0154455 -0.0160953 -0.0168062 -0.0175807 -0.0184467 -0.0193797 -0.0204182 -0.0215539 -0.0227899 -0.0241594 -0.0256328 -0.0272429 -0.0289834 -0.0308332 -0.0328234 -0.0349103 -0.037092 -0.0393676 -0.0416709 -0.0440015 -0.0463058 -0.0484999 -0.0505619 -0.0523903 -0.0538962 -0.0550381 -0.0556805 -0.0557192 -0.0550694 -0.0535547 -0.0510709 -0.0475695 -0.0429485 -0.0371909 -0.0303216 -0.0222926 -0.0131577 -0.00309791 0.00773093 0.0191314 0.0308345 0.0426256 0.0542861 0.0655158 0.0760769 0.0858406 0.0946606 0.102394 0.109016 0.114575 0.11911 0.122669 0.12533 0.127142 
0 -0.0104542 -0.0207546 -0.0306872 -0.0400512 -0.0487068 -0.0565183 -0.0633492 -0.0691175 -0.073797 -0.0774059 -0.0799986 -0.0816228 -0.0823525 -0.0823721 -0.0818737 -0.080946 -0.079703 -0.0783156 -0.0768622 -0.075392 -0.0739863 -0.0726122 -0.0712121 -0.0698373 -0.0684678 -0.0670354 -0.0655562 -0.0639716 -0.0622085 -0.0603127 -0.0582704 -0.0560786 -0.0538227 -0.0514928 -0.0491107 -0.0467443 -0.0443644 -0.0420154 -0.0397352 -0.0374964 -0.0353621 -0.0333279 -0.0313869 -0.0295895 -0.0278937 -0.0263244 -0.0248858 -0.0235397 -0.0223255 -0.0212001 -0.0201707 -0.0192439 -0.0183784 -0.0176101 -0.0168969 -0.0162502 -0.0156695 -0.0151238 -0.0146457 -0.0141914 -0.0137872 -0.0134146 -0.0130665 -0.0127604 -0.012461 -0.0122034 -0.0119502 -0.0117263 -0.0115154 -0.0113165 -0.0111411 -0.0109639 -0.0108155 -0.0106597 -0.0105305 -0.0103964 -0.0102808 -0.0101674 -0.0100624 -0.00996792 -0.00987244 -0.00979419 -0.00970837 -0.00964364 -0.00956795 -0.00951437 -0.00944918 -0.00940496 -0.00935034 -0.00931427 -0.00926999 -0.00924138 -0.00920699 -0.00918551 -0.00916046 -0.00914605 -0.00912978 -0.00912256 -0.00911453 -0.00911475 -0.00911453 -0.00912256 -0.00912978 -0.00914605 -0.00916046 -0.00918551 -0.00920699 -0.00924138 -0.00926999 -0.00931427 -0.00935034 -0.00940496 -0.00944918 -0.00951437 -0.00956795 -0.00964364 -0.00970837 -0.00979419 -0.00987244 -0.00996792 -0.0100624 -0.0101674 -0.0102808 -0.0103964 -0.0105305 -0.0106597 -0.0108155 -0.0109639 -0.0111411 -0.0113165 -0.0115154 -0.0117263 -0.0119502 -0.0122034 -0.012461 -0.0127604 -0.0130665 -0.0134146 -0.0137872 -0.0141914 -0.0146457 -0.0151238 -0.0156695 -0.0162502 -0.0168969 -0.0176101 -0.0183784 -0.0192439 -0.0201707 -0.0212001 -0.0223255 -0.0235397 -0.0248858 -0.0263244 -0.0278936 -0.0295894 -0.0313865 -0.0333266 -0.0353589 -0.0374886 -0.0397172 -0.0419762 -0.0442832 -0.0465844 -0.0488118 -0.0509622 -0.0529271 -0.0546381 -0.0560543 -0.0570353 -0.0575181 -0.0574289 -0.0566029 -0.054966 -0.0524215 -0.0488226 -0.0441541 -0.0383968 -0.0314831 -0.0234683 -0.0144307 -0.00443478 0.00630645 0.01754 0.0290976 0.0407488 0.0521897 0.063176 0.0735012 0.082968 0.091441 0.0988251 0.105063 0.11021 0.114386 0.117666 0.120131 0.12193 0.123172 
0 -0.00994054 -0.0197313 -0.0292323 -0.0382932 -0.0467404 -0.0544188 -0.0612253 -0.0670705 -0.071874 -0.0756327 -0.0784007 -0.0802175 -0.0811549 -0.0813529 -0.080946 -0.0800762 -0.0789206 -0.0775911 -0.0761712 -0.0748093 -0.0735622 -0.0723733 -0.0712651 -0.070241 -0.0692193 -0.0682104 -0.0671943 -0.066053 -0.0647824 -0.063369 -0.0617433 -0.0599665 -0.0580524 -0.0559749 -0.0538212 -0.0515868 -0.049279 -0.0469835 -0.044672 -0.0423881 -0.0401805 -0.0380097 -0.0359429 -0.03397 -0.0320787 -0.0303262 -0.028661 -0.0271193 -0.0257018 -0.0243709 -0.0231753 -0.0220589 -0.0210434 -0.0201239 -0.0192615 -0.0184987 -0.0177779 -0.0171308 -0.0165384 -0.0159833 -0.0154964 -0.0150259 -0.0146174 -0.0142279 -0.0138765 -0.0135591 -0.0132537 -0.0129931 -0.0127297 -0.012509 -0.0122862 -0.0120922 -0.0119068 -0.0117319 -0.0115785 -0.0114203 -0.011292 -0.0111508 -0.0110413 -0.010918 -0.0108222 -0.0107174 -0.010632 -0.0105452 -0.0104686 -0.0103985 -0.0103301 -0.0102751 -0.0102147 -0.010173 -0.010121 -0.0100911 -0.0100477 -0.0100284 -0.00999364 -0.00998406 -0.00995805 -0.00995766 -0.00994038 -0.00994889 -0.00994038 -0.00995766 -0.00995805 -0.00998406 -0.00999364 -0.0100284 -0.0100477 -0.0100911 -0.010121 -0.010173 -0.0102147 -0.0102751 -0.0103301 -0.0103985 -0.0104686 -0.0105452 -0.010632 -0.0107174 -0.0108222 -0.010918 -0.0110413 -0.0111508 -0.011292 -0.0114203 -0.0115785 -0.0117319 -0.0119068 -0.0120922 -0.0122862 -0.012509 -0.0127297 -0.0129931 -0.0132537 -0.0135591 -0.0138765 -0.0142279 -0.0146174 -0.0150259 -0.0154964 -0.0159833 -0.0165384 -0.0171308 -0.0177779 -0.0184987 -0.0192615 -0.0201239 -0.0210434 -0.0220589 -0.0231753 -0.0243709 -0.0257018 -0.0271193 -0.028661 -0.0303262 -0.0320786 -0.0339697 -0.035942 -0.0380074 -0.0401747 -0.0423746 -0.0446419 -0.04692 -0.0491518 -0.0513447 -0.0533835 -0.0552226 -0.0568212 -0.0580416 -0.0588554 -0.0591861 -0.0588921 -0.0579342 -0.0561855 -0.0534924 -0.0498277 -0.0451079 -0.0392693 -0.0323732 -0.0244119 -0.0153913 -0.00547924 0.00515026 0.0163208 0.0277633 0.0392405 0.0505525 0.0614133 0.07154 0.080762 0.0889575 0.096025 0.101925 0.106689 0.110423 0.113272 0.115362 0.116822 0.117826 0.118513 
0 -0.00938226 -0.0186172 -0.0276272 -0.0363074 -0.0444726 -0.0519734 -0.0587358 -0.0646532 -0.0695943 -0.0735236 -0.0764863 -0.0785207 -0.0796692 -0.0800159 -0.079703 -0.0789206 -0.0778117 -0.0764654 -0.0750368 -0.0736792 -0.0724349 -0.0713539 -0.0704678 -0.0696863 -0.0689796 -0.0683688 -0.0677518 -0.0670787 -0.0663432 -0.0654285 -0.0643206 -0.063049 -0.0615472 -0.0598711 -0.0580586 -0.0560708 -0.0539982 -0.0518479 -0.0496138 -0.0473915 -0.045149 -0.0429264 -0.0407804 -0.0386635 -0.036652 -0.0347304 -0.0328866 -0.0311816 -0.0295516 -0.0280447 -0.0266489 -0.0253319 -0.0241475 -0.0230273 -0.0220145 -0.0210863 -0.0202187 -0.0194529 -0.0187212 -0.0180771 -0.0174733 -0.0169193 -0.0164253 -0.0159468 -0.0155362 -0.0151295 -0.0147773 -0.0144394 -0.0141294 -0.0138525 -0.0135781 -0.0133498 -0.0131106 -0.0129175 -0.0127141 -0.0125455 -0.0123769 -0.0122259 -0.0120888 -0.0119522 -0.0118417 -0.0117188 -0.0116294 -0.0115207 -0.0114477 -0.0113535 -0.0112935 -0.0112141 -0.0111645 -0.0110996 -0.0110591 -0.0110081 -0.0109762 -0.0109382 -0.0109148 -0.0108889 -0.0108742 -0.0108596 -0.010854 -0.0108498 -0.010854 -0.0108596 -0.0108742 -0.0108889 -0.0109148 -0.0109382 -0.0109762 -0.0110081 -0.0110591 -0.0110996 -0.0111645 -0.0112141 -0.0112935 -0.0113535 -0.0114477 -0.0115207 -0.0116294 -0.0117188 -0.0118417 -0.0119522 -0.0120888 -0.0122259 -0.0123769 -0.0125455 -0.0127141 -0.0129175 -0.0131106 -0.0133498 -0.0135781 -0.0138525 -0.0141294 -0.0144394 -0.0147773 -0.0151295 -0.0155362 -0.0159468 -0.0164253 -0.0169193 -0.0174733 -0.0180771 -0.0187212 -0.0194529 -0.0202187 -0.0210863 -0.0220145 -0.0230273 -0.0241475 -0.0253319 -0.0266489 -0.0280447 -0.0295516 -0.0311816 -0.0328866 -0.0347303 -0.0366518 -0.0386629 -0.0407787 -0.0429222 -0.0451388 -0.0473687 -0.0495648 -0.051748 -0.0538046 -0.0557141 -0.0574343 -0.0588308 -0.059893 -0.0605287 -0.0606216 -0.060164 -0.0590274 -0.0570946 -0.0543267 -0.0505742 -0.0457637 -0.0399251 -0.0330087 -0.025038 -0.0161206 -0.00630618 0.00426215 0.0153204 0.0266605 0.0380759 0.0492854 0.060017 0.070027 0.0791017 0.0871025 0.0939351 0.0995415 0.103966 0.107327 0.109744 0.111355 0.112352 0.112927 0.113242 0.113435 
