0 0 0 0 0 0 0 0 0 0 0 0 0 0 0 0 0 0 0 0 0 0 0 0 0 0 0 0 0 0 0 0 0 0 0 0 0 0 0 0 0 0 0 0 0 0 0 0 0 0 0 0 0 0 0 0 0 0 0 0 0 0 0 0 0 0 0 0 0 0 0 0 0 0 0 0 0 0 0 0 0 0 0 0 0 0 0 0 0 0 0 0 0 0 0 0 0 0 0 0 0 0 0 0 0 0 0 0 0 0 0 0 0 0 0 0 0 0 0 0 0 0 0 0 0 0 0 0 0 0 0 0 0 0 0 0 0 0 0 0 0 0 0 0 0 0 0 0 0 0 0 0 0 0 0 0 0 0 0 0 0 0 0 0 0 0 0 0 0 0 0 0 0 0 0 0 0 0 0 0 0 0 0 0 0 0 0 0 0 0 0 0 0 0 0 0 0 0 0 0 
0 0.000601435 0.00110936 0.00148374 0.00169715 0.00169404 0.00141681 0.000848222 3.26229e-05 -0.000964651 -0.00213349 -0.00347634 -0.00489463 -0.00624831 -0.00748869 -0.00860374 -0.00952404 -0.0101784 -0.0105475 -0.0106473 -0.0105124 -0.0101581 -0.00958051 -0.00882456 -0.00797547 -0.00709977 -0.00623988 -0.00540845 -0.00460354 -0.0038496 -0.00317745 -0.00260561 -0.00214521 -0.00178174 -0.00149231 -0.0012622 -0.0010733 -0.000919262 -0.000797702 -0.00070096 -0.000629329 -0.000577163 -0.000539411 -0.000515706 -0.000499101 -0.00048926 -0.000483342 -0.000477497 -0.000473257 -0.000466533 -0.000458985 -0.000450429 -0.000439987 -0.000430889 -0.000421006 -0.000413192 -0.000406663 -0.000401262 -0.000398334 -0.000395288 -0.000394206 -0.000392505 -0.000391161 -0.000389499 -0.000386676 -0.000384095 -0.000379755 -0.000375968 -0.000370847 -0.00036618 -0.000361187 -0.000356294 -0.000352099 -0.000347639 -0.000344524 -0.000340947 -0.000338865 -0.000336345 -0.000335062 -0.000333537 -0.000332766 -0.000332036 -0.000331525 -0.000331343 -0.000330917 -0.000331058 -0.000330619 -0.000330912 -0.000330425 -0.000330764 -0.000330233 -0.000330566 -0.000330015 -0.000330328 -0.000329787 -0.000330092 -0.000329586 -0.000329902 -0.000329447 -0.000329797 -0.000329398 -0.000329797 -0.000329447 -0.000329902 -0.000329586 -0.000330092 -0.000329787 -0.000330328 -0.000330015 -0.000330566 -0.000330233 -0.000330764 -0.000330425 -0.000330912 -0.000330619 -0.000331058 -0.000330917 -0.000331343 -0.000331525 -0.000332036 -0.000332766 -0.000333537 -0.000335062 -0.000336345 -0.000338865 -0.000340947 -0.000344524 -0.000347639 -0.000352099 -0.000356294 -0.000361187 -0.00036618 -0.000370847 -0.000375968 -0.000379755 -0.000384095 -0.000386676 -0.000389499 -0.000391161 -0.000392505 -0.000394206 -0.000395288 -0.000398334 -0.000401262 -0.000406663 -0.000413192 -0.000421005 -0.000430888 -0.000439982 -0.000450412 -0.000458935 -0.000466392 -0.000472876 -0.000476516 -0.000480947 -0.000483705 -0.000486875 -0.000490197 -0.000489007 -0.000482915 -0.000462672 -0.000422297 -0.000356726 -0.000257206 -0.000125768 4.05841e-05 0.000246924 0.000499705 0.000823511 0.00123939 0.00176035 0.00238888 0.00309822 0.00386288 0.0046721 0.00551321 0.00637215 0.00719996 0.0079114 0.00844989 0.00879378 0.00892512 0.00881217 0.00838748 0.00760629 0.00651994 0.00519905 0.00365495 0.00190242 8.4179e-06 -0.00193918 -0.00386975 -0.00575406 -0.00755804 -0.0091819 -0.0105611 -0.0117622 -0.0128155 -0.0135938 -0.0140333 
0 0.00110936 0.00209439 0.00281366 0.00316454 0.00309625 0.00254592 0.00145739 -0.000130892 -0.00212535 -0.00446988 -0.00708554 -0.00979903 -0.0124374 -0.0149009 -0.0170965 -0.0189002 -0.0201981 -0.0209314 -0.0211277 -0.0208562 -0.0201487 -0.0190318 -0.0175897 -0.0159428 -0.0142135 -0.0124916 -0.0108127 -0.0092057 -0.0077185 -0.00639571 -0.00527419 -0.0043604 -0.00362414 -0.00303211 -0.00255024 -0.00215373 -0.00183578 -0.00158619 -0.00139832 -0.00126476 -0.00116978 -0.00110497 -0.00105883 -0.00102266 -0.000994794 -0.000969217 -0.000947414 -0.00092853 -0.00091111 -0.000897809 -0.000885159 -0.000874984 -0.000865691 -0.000855937 -0.000847253 -0.000836596 -0.000826512 -0.000815198 -0.000803625 -0.000792654 -0.000781007 -0.000771286 -0.000761238 -0.000753187 -0.000745653 -0.000739218 -0.00073408 -0.000728924 -0.000725358 -0.000721054 -0.000718069 -0.000714238 -0.000711083 -0.000707456 -0.000703782 -0.000700218 -0.000696036 -0.000692497 -0.000688039 -0.000684562 -0.000680128 -0.000676786 -0.000672647 -0.000669518 -0.000665863 -0.000663016 -0.000659944 -0.000657425 -0.000654962 -0.000652798 -0.000650922 -0.000649122 -0.000647787 -0.00064635 -0.000645502 -0.000644423 -0.000644014 -0.000643291 -0.000643281 -0.000642917 -0.000643281 -0.000643291 -0.000644014 -0.000644423 -0.000645502 -0.00064635 -0.000647787 -0.000649122 -0.000650922 -0.000652798 -0.000654962 -0.000657425 -0.000659944 -0.000663016 -0.000665863 -0.000669518 -0.000672647 -0.000676786 -0.000680128 -0.000684562 -0.000688039 -0.000692497 -0.000696036 -0.000700218 -0.000703782 -0.000707456 -0.000711083 -0.000714238 -0.000718069 -0.000721054 -0.000725358 -0.000728924 -0.00073408 -0.000739218 -0.000745653 -0.000753187 -0.000761238 -0.000771286 -0.000781007 -0.000792654 -0.000803625 -0.000815198 -0.000826512 -0.000836596 -0.000847253 -0.000855936 -0.000865686 -0.00087497 -0.000885114 -0.00089768 -0.000910753 -0.000927586 -0.000945042 -0.000963548 -0.000981922 -0.0009949 -0.00100202 -0.000994759 -0.00096717 -0.000911992 -0.000816429 -0.00067573 -0.000480516 -0.00022468 9.57175e-05 0.000500326 0.00101388 0.00167495 0.00252644 0.00358273 0.00483328 0.00623874 0.0077481 0.00933925 0.0109958 0.012673 0.0142825 0.015685 0.0167542 0.0174265 0.0176515 0.0173584 0.016473 0.014954 0.0128441 0.0102332 0.00716855 0.00370028 -3.37372e-05 -0.00386639 -0.00768123 -0.0113916 -0.0149047 -0.0181208 -0.0209528 -0.0233576 -0.0253235 -0.0268261 -0.02784 
0 0.00148374 0.00281366 0.00377945 0.00420831 0.00401521 0.00313992 0.0015452 -0.000747251 -0.00367467 -0.00711508 -0.0108711 -0.0147522 -0.0185967 -0.0222022 -0.025368 -0.0279575 -0.02985 -0.0309604 -0.0313013 -0.0309219 -0.0298763 -0.0282622 -0.0261969 -0.0238184 -0.0212942 -0.0187462 -0.0162493 -0.0138764 -0.0116813 -0.00971983 -0.00804384 -0.00665311 -0.00552422 -0.00461806 -0.00388024 -0.00328311 -0.00280395 -0.00242342 -0.00213708 -0.00192479 -0.00177257 -0.00166821 -0.00159119 -0.00153709 -0.00149468 -0.00145844 -0.00142996 -0.00140167 -0.00137823 -0.00135634 -0.00133509 -0.00131771 -0.0012986 -0.00128271 -0.0012661 -0.00124981 -0.00123525 -0.00121878 -0.00120524 -0.00118996 -0.00117671 -0.00116369 -0.00115077 -0.00114008 -0.00112808 -0.00111904 -0.00110858 -0.00110035 -0.00109168 -0.0010837 -0.00107662 -0.00106876 -0.00106283 -0.00105526 -0.00104996 -0.00104297 -0.00103792 -0.00103174 -0.00102677 -0.0010215 -0.00101658 -0.00101224 -0.00100746 -0.00100396 -0.000999441 -0.00099667 -0.000992537 -0.000990391 -0.000986727 -0.000985117 -0.000981973 -0.000980837 -0.000978234 -0.000977535 -0.000975468 -0.000975192 -0.000973643 -0.000973794 -0.000972736 -0.000973329 -0.000972736 -0.000973794 -0.000973643 -0.000975192 -0.000975468 -0.000977535 -0.000978234 -0.000980837 -0.000981973 -0.000985117 -0.000986727 -0.000990391 -0.000992537 -0.00099667 -0.000999441 -0.00100396 -0.00100746 -0.00101224 -0.00101658 -0.0010215 -0.00102677 -0.00103174 -0.00103792 -0.00104297 -0.00104996 -0.00105526 -0.00106283 -0.00106876 -0.00107662 -0.0010837 -0.00109168 -0.00110035 -0.00110858 -0.00111904 -0.00112808 -0.00114008 -0.00115077 -0.00116369 -0.00117671 -0.00118996 -0.00120524 -0.00121878 -0.00123525 -0.00124981 -0.0012661 -0.00128271 -0.00129859 -0.00131768 -0.00133499 -0.00135606 -0.00137748 -0.00139974 -0.00142527 -0.00144756 -0.00147069 -0.00148681 -0.00149109 -0.00147904 -0.00143331 -0.00134739 -0.00120365 -0.000987207 -0.000693043 -0.000302714 0.00019308 0.000818489 0.0016198 0.00263756 0.00392181 0.00549462 0.00733183 0.00939981 0.0116432 0.0140091 0.0164564 0.0188914 0.02118 0.0231754 0.0247137 0.0256686 0.0259441 0.0254298 0.0240607 0.0218322 0.0187528 0.0148854 0.0103548 0.00529412 -0.000133477 -0.00573725 -0.0113544 -0.0168153 -0.0219435 -0.0266514 -0.0308786 -0.0344741 -0.0373371 -0.0395409 -0.0411207 
0 0.00169715 0.00316454 0.00420831 0.00463362 0.00425661 0.0030042 0.000902913 -0.00204087 -0.00579273 -0.0101592 -0.014891 -0.0198164 -0.0247246 -0.0293075 -0.0333126 -0.0365835 -0.038999 -0.040488 -0.0410102 -0.0405575 -0.0392308 -0.0371897 -0.0345757 -0.0315597 -0.0283194 -0.0249977 -0.0217367 -0.0186392 -0.0157662 -0.0131914 -0.0109563 -0.00906975 -0.00752924 -0.00628374 -0.00528024 -0.00447892 -0.00383109 -0.00331865 -0.00292258 -0.00261855 -0.00239997 -0.0022416 -0.0021296 -0.00205434 -0.00199596 -0.00195493 -0.00191957 -0.00188634 -0.00185773 -0.00182484 -0.00179563 -0.00176491 -0.00173481 -0.00170888 -0.00168151 -0.00166047 -0.00163895 -0.00162111 -0.00160546 -0.00158915 -0.00157673 -0.0015612 -0.0015489 -0.00153408 -0.00152014 -0.00150621 -0.00149072 -0.00147772 -0.00146201 -0.0014499 -0.00143551 -0.00142425 -0.00141224 -0.00140186 -0.00139257 -0.00138316 -0.0013763 -0.00136797 -0.00136295 -0.00135576 -0.00135193 -0.00134588 -0.00134271 -0.00133774 -0.00133487 -0.0013309 -0.00132815 -0.00132507 -0.00132241 -0.00132013 -0.00131759 -0.00131601 -0.00131367 -0.00131275 -0.0013107 -0.00131037 -0.00130869 -0.00130893 -0.00130768 -0.00130844 -0.00130768 -0.00130893 -0.00130869 -0.00131037 -0.0013107 -0.00131275 -0.00131367 -0.00131601 -0.00131759 -0.00132013 -0.00132241 -0.00132507 -0.00132815 -0.0013309 -0.00133487 -0.00133774 -0.00134271 -0.00134588 -0.00135193 -0.00135576 -0.00136295 -0.00136797 -0.0013763 -0.00138316 -0.00139257 -0.00140186 -0.00141224 -0.00142425 -0.00143551 -0.0014499 -0.00146201 -0.00147772 -0.00149072 -0.00150621 -0.00152014 -0.00153408 -0.0015489 -0.0015612 -0.00157673 -0.00158915 -0.00160546 -0.00162111 -0.00163895 -0.00166047 -0.00168151 -0.00170888 -0.00173479 -0.00176483 -0.00179542 -0.00182427 -0.00185624 -0.00188266 -0.0019109 -0.00193549 -0.00195448 -0.00197017 -0.00196725 -0.00194402 -0.0018816 -0.0017597 -0.0015669 -0.00127379 -0.000870251 -0.000338127 0.000353994 0.00122907 0.00234216 0.00374309 0.00546243 0.00752957 0.00992521 0.0126141 0.0155591 0.0186723 0.0218486 0.0249538 0.0278104 0.0302691 0.0321749 0.0333334 0.0335861 0.0328165 0.0309569 0.0280189 0.0240169 0.0189841 0.0130972 0.00659716 -0.000346032 -0.00756486 -0.0148289 -0.0218961 -0.0285529 -0.0346506 -0.0401041 -0.044809 -0.0486458 -0.0515716 -0.0535807 
0 0.00169404 0.00309625 0.00401521 0.00425661 0.00361223 0.00199596 -0.000591999 -0.00415702 -0.00860531 -0.0137098 -0.019256 -0.0250358 -0.0307573 -0.036116 -0.0408464 -0.0447145 -0.0475918 -0.0494144 -0.0500856 -0.0495981 -0.048093 -0.0457323 -0.0426904 -0.0391552 -0.0352778 -0.0312483 -0.0272731 -0.0234806 -0.0199757 -0.0168282 -0.0140534 -0.0116824 -0.00970872 -0.00808674 -0.00678547 -0.00574085 -0.00490429 -0.00425223 -0.00374028 -0.00335491 -0.00307283 -0.00286193 -0.00271603 -0.00260536 -0.00252146 -0.00245909 -0.00240122 -0.0023574 -0.00231518 -0.00227707 -0.00224569 -0.00221086 -0.00218383 -0.00215341 -0.00212555 -0.00209951 -0.00207007 -0.00204653 -0.00201822 -0.00199523 -0.001971 -0.0019481 -0.00192889 -0.00190719 -0.00189184 -0.00187285 -0.00185937 -0.00184392 -0.00183073 -0.0018186 -0.0018051 -0.0017953 -0.00178176 -0.00177308 -0.00176015 -0.00175165 -0.00173998 -0.0017312 -0.00172121 -0.00171209 -0.00170389 -0.00169468 -0.00168818 -0.00167924 -0.0016742 -0.00166587 -0.00166205 -0.00165457 -0.00165176 -0.00164528 -0.0016433 -0.00163789 -0.00163664 -0.00163228 -0.00163172 -0.00162835 -0.00162847 -0.00162602 -0.00162686 -0.00162525 -0.00162686 -0.00162602 -0.00162847 -0.00162835 -0.00163172 -0.00163228 -0.00163664 -0.00163789 -0.0016433 -0.00164528 -0.00165176 -0.00165457 -0.00166205 -0.00166587 -0.0016742 -0.00167924 -0.00168818 -0.00169468 -0.00170389 -0.00171209 -0.00172121 -0.0017312 -0.00173998 -0.00175165 -0.00176015 -0.00177308 -0.00178176 -0.0017953 -0.0018051 -0.0018186 -0.00183073 -0.00184392 -0.00185937 -0.00187285 -0.00189184 -0.00190719 -0.00192889 -0.0019481 -0.001971 -0.00199523 -0.00201822 -0.00204653 -0.00207007 -0.00209951 -0.00212554 -0.00215339 -0.00218378 -0.0022107 -0.00224526 -0.00227594 -0.00231235 -0.00235064 -0.00238585 -0.00242577 -0.00245275 -0.00247055 -0.00246449 -0.00241549 -0.00231866 -0.00214036 -0.00187065 -0.00149002 -0.0009661 -0.00028715 0.000598382 0.00173885 0.00317842 0.00498204 0.00716293 0.00972529 0.0126705 0.0159512 0.0195246 0.0232966 0.0270906 0.0307403 0.0340661 0.0368821 0.0390283 0.0402786 0.0404052 0.0393078 0.036945 0.0333049 0.0284345 0.0223969 0.0153406 0.0075383 -0.000773522 -0.00940553 -0.0180822 -0.0265262 -0.0345501 -0.0419514 -0.0485307 -0.054214 -0.0589461 -0.0625713 -0.0649926 
0 0.00141681 0.00254592 0.00313992 0.0030042 0.00199596 -4.18664e-06 -0.00308123 -0.00718795 -0.0121555 -0.0178278 -0.0240195 -0.0304142 -0.0366978 -0.0426273 -0.0479069 -0.0522578 -0.0555381 -0.0576277 -0.0584315 -0.0579907 -0.0564066 -0.0538269 -0.0504728 -0.0465127 -0.0421059 -0.0374942 -0.0328867 -0.0284604 -0.0243679 -0.0206524 -0.0173467 -0.0144884 -0.0120557 -0.010046 -0.00842364 -0.00711368 -0.00608237 -0.00526809 -0.00462781 -0.00414745 -0.00377819 -0.00350911 -0.0033155 -0.00316521 -0.00306102 -0.00297316 -0.00290298 -0.00284757 -0.00279132 -0.00274985 -0.00270534 -0.00266661 -0.00263236 -0.00259336 -0.00256384 -0.00252716 -0.00249685 -0.00246544 -0.00243296 -0.00240694 -0.00237494 -0.00235208 -0.00232419 -0.00230217 -0.00228026 -0.0022582 -0.00224163 -0.00222019 -0.00220674 -0.00218723 -0.00217459 -0.00215802 -0.00214476 -0.0021314 -0.00211718 -0.00210664 -0.00209196 -0.00208345 -0.00206917 -0.00206188 -0.00204882 -0.00204213 -0.00203086 -0.00202442 -0.0020152 -0.00200888 -0.00200175 -0.00199558 -0.0019904 -0.0019845 -0.00198107 -0.0019756 -0.00197369 -0.00196878 -0.0019682 -0.00196398 -0.00196456 -0.00196113 -0.00196275 -0.00196018 -0.00196275 -0.00196113 -0.00196456 -0.00196398 -0.0019682 -0.00196878 -0.00197369 -0.0019756 -0.00198107 -0.0019845 -0.0019904 -0.00199558 -0.00200175 -0.00200888 -0.0020152 -0.00202442 -0.00203086 -0.00204213 -0.00204882 -0.00206188 -0.00206917 -0.00208345 -0.00209196 -0.00210664 -0.00211718 -0.0021314 -0.00214476 -0.00215802 -0.00217459 -0.00218723 -0.00220674 -0.00222019 -0.00224163 -0.0022582 -0.00228026 -0.00230217 -0.00232419 -0.00235208 -0.00237494 -0.00240694 -0.00243296 -0.00246544 -0.00249684 -0.00252715 -0.00256382 -0.00259332 -0.00263225 -0.00266629 -0.0027045 -0.0027477 -0.00278613 -0.00283559 -0.00287663 -0.00291797 -0.00295099 -0.00295651 -0.0029388 -0.00286172 -0.00271743 -0.00248633 -0.00213246 -0.00165388 -0.00100407 -0.000147049 0.000957401 0.00239275 0.00419455 0.00640422 0.00904868 0.0120968 0.0155541 0.0193927 0.023523 0.0278413 0.0321452 0.0362108 0.0398727 0.0429198 0.0451335 0.0463133 0.0462293 0.0447552 0.0418779 0.0375688 0.0318758 0.0249542 0.0169449 0.00804119 -0.00145539 -0.0112542 -0.0210897 -0.0306952 -0.0398611 -0.0483798 -0.055999 -0.0625592 -0.0680049 -0.0722316 -0.0751266 
0 0.000848222 0.00145739 0.0015452 0.000902913 -0.000591999 -0.00308123 -0.00663437 -0.0111396 -0.0164707 -0.0225529 -0.0291585 -0.0359295 -0.0425837 -0.048861 -0.0544643 -0.0591632 -0.0627516 -0.0650464 -0.06602 -0.0657016 -0.0641167 -0.0614311 -0.0578572 -0.0535595 -0.0487702 -0.0437148 -0.0385845 -0.033619 -0.028964 -0.0246825 -0.0208555 -0.017489 -0.0145921 -0.0121895 -0.0102181 -0.00863734 -0.00739024 -0.00638767 -0.0056088 -0.00500009 -0.00452717 -0.00418634 -0.00392525 -0.00374188 -0.00361092 -0.00350324 -0.00342989 -0.00335691 -0.00329615 -0.0032414 -0.00318048 -0.0031343 -0.00307926 -0.00303508 -0.00299275 -0.00294942 -0.00291858 -0.00287925 -0.00285297 -0.00282072 -0.00279285 -0.00276754 -0.00273653 -0.00271504 -0.00268334 -0.00266203 -0.00263325 -0.00261009 -0.00258655 -0.00256177 -0.00254367 -0.00251905 -0.00250505 -0.00248271 -0.00247095 -0.00245241 -0.00244134 -0.00242719 -0.00241591 -0.00240591 -0.00239421 -0.00238759 -0.0023757 -0.00237156 -0.00235993 -0.00235743 -0.00234651 -0.00234504 -0.00233519 -0.00233437 -0.00232581 -0.00232549 -0.00231832 -0.00231847 -0.00231268 -0.0023134 -0.00230892 -0.00231033 -0.00230703 -0.00230931 -0.00230703 -0.00231033 -0.00230892 -0.0023134 -0.00231268 -0.00231847 -0.00231832 -0.00232549 -0.00232581 -0.00233437 -0.00233519 -0.00234504 -0.00234651 -0.00235743 -0.00235993 -0.00237156 -0.0023757 -0.00238759 -0.00239421 -0.00240591 -0.00241591 -0.00242719 -0.00244134 -0.00245241 -0.00247095 -0.00248271 -0.00250505 -0.00251905 -0.00254367 -0.00256177 -0.00258655 -0.00261009 -0.00263325 -0.00266203 -0.00268334 -0.00271504 -0.00273653 -0.00276754 -0.00279285 -0.00282072 -0.00285297 -0.00287925 -0.00291858 -0.00294941 -0.00299272 -0.003035 -0.00307903 -0.00313368 -0.00317888 -0.00323747 -0.00328693 -0.00333633 -0.00338612 -0.0034146 -0.00344005 -0.00342833 -0.00337738 -0.00327374 -0.00307498 -0.00278524 -0.00235576 -0.00175949 -0.000970944 9.2509e-05 0.00146652 0.00322129 0.00541684 0.00804178 0.011124 0.0146474 0.0185769 0.0229102 0.0275304 0.032271 0.0369535 0.0413178 0.045153 0.0482624 0.0503757 0.0513047 0.0509143 0.0490455 0.0456382 0.0406982 0.0342689 0.0265462 0.0177478 0.00801459 -0.00239071 -0.0130992 -0.0238461 -0.0344048 -0.0444874 -0.0538476 -0.0622967 -0.0696316 -0.0756931 -0.0804116 -0.0837154 
0 3.26229e-05 -0.000130892 -0.000747251 -0.00204087 -0.00415702 -0.00718795 -0.0111396 -0.0159581 -0.0215914 -0.0279036 -0.0346436 -0.0415593 -0.0483784 -0.0547858 -0.0605515 -0.0654596 -0.0692176 -0.0716723 -0.072827 -0.0726456 -0.071159 -0.0685072 -0.0648193 -0.0603199 -0.0552783 -0.049871 -0.0443349 -0.0389112 -0.0337301 -0.0289395 -0.0246103 -0.02074 -0.0173918 -0.0145548 -0.0121974 -0.0103127 -0.00879832 -0.00760046 -0.00667049 -0.00592489 -0.0053625 -0.00493131 -0.00460011 -0.00437007 -0.00418352 -0.00405195 -0.00394924 -0.00385564 -0.00379117 -0.00371808 -0.00366196 -0.00360739 -0.00354901 -0.00350669 -0.00345021 -0.00340989 -0.00336268 -0.00331849 -0.0032824 -0.00323631 -0.00320701 -0.00316517 -0.00313675 -0.00310381 -0.00307317 -0.00304942 -0.00301728 -0.00299939 -0.00296872 -0.00295237 -0.00292606 -0.00290811 -0.00288757 -0.00286703 -0.00285195 -0.0028296 -0.00281856 -0.00279608 -0.00278733 -0.00276647 -0.00275854 -0.00274058 -0.00273254 -0.00271814 -0.00270959 -0.00269888 -0.00268984 -0.00268256 -0.00267327 -0.00266898 -0.00265978 -0.00265802 -0.00264924 -0.00264958 -0.00264148 -0.00264359 -0.00263639 -0.00264002 -0.00263387 -0.00263883 -0.00263387 -0.00264002 -0.00263639 -0.00264359 -0.00264148 -0.00264958 -0.00264924 -0.00265802 -0.00265978 -0.00266898 -0.00267327 -0.00268256 -0.00268984 -0.00269888 -0.00270959 -0.00271814 -0.00273254 -0.00274058 -0.00275854 -0.00276647 -0.00278733 -0.00279608 -0.00281856 -0.0028296 -0.00285195 -0.00286703 -0.00288757 -0.00290811 -0.00292606 -0.00295237 -0.00296872 -0.00299939 -0.00301728 -0.00304942 -0.00307317 -0.00310381 -0.00313675 -0.00316517 -0.00320701 -0.00323631 -0.0032824 -0.00331849 -0.00336267 -0.00340987 -0.00345015 -0.00350653 -0.00354856 -0.0036062 -0.00365901 -0.00371107 -0.0037753 -0.00382136 -0.0038787 -0.00391372 -0.00392563 -0.0039119 -0.0038242 -0.0036767 -0.00341994 -0.00303252 -0.00250621 -0.00176637 -0.00079638 0.00048116 0.00215125 0.00423557 0.00680768 0.00986196 0.013372 0.0173635 0.0217682 0.0265228 0.0315287 0.0365577 0.0414283 0.0459354 0.0497946 0.0527882 0.0546767 0.0552377 0.0544009 0.0520648 0.0481027 0.042555 0.0355313 0.0271716 0.0177158 0.00738101 -0.00362806 -0.0149918 -0.0264005 -0.0376184 -0.0483509 -0.0583139 -0.0673444 -0.0752655 -0.0818486 -0.0869602 -0.0905308 
0 -0.000964651 -0.00212535 -0.00367467 -0.00579273 -0.00860531 -0.0121555 -0.0164707 -0.0215914 -0.027436 -0.0337814 -0.0404526 -0.0473017 -0.0540501 -0.0604175 -0.066205 -0.0711368 -0.0749532 -0.0775556 -0.0788622 -0.0788316 -0.077534 -0.0749976 -0.0713231 -0.0667833 -0.0615908 -0.0559528 -0.0501394 -0.0443192 -0.0386849 -0.0334298 -0.0285943 -0.0242516 -0.0204488 -0.0171535 -0.0144097 -0.0121718 -0.0103602 -0.00894979 -0.00782423 -0.0069408 -0.00626746 -0.00572576 -0.00533102 -0.00502701 -0.00479086 -0.00462981 -0.00448464 -0.00438447 -0.00429654 -0.00421353 -0.00415652 -0.00408304 -0.00403228 -0.00397336 -0.00391575 -0.00387067 -0.00380884 -0.00376926 -0.00371359 -0.00367148 -0.00362907 -0.00358289 -0.00355282 -0.0035071 -0.00348298 -0.00344372 -0.003419 -0.00338954 -0.00336105 -0.00334077 -0.00330926 -0.00329475 -0.00326323 -0.00325047 -0.0032222 -0.00320816 -0.00318531 -0.00316862 -0.00315187 -0.00313267 -0.00312149 -0.00310082 -0.00309404 -0.00307324 -0.00306952 -0.00304982 -0.00304803 -0.0030303 -0.00302963 -0.00301436 -0.00301436 -0.00300172 -0.00300222 -0.00299212 -0.00299318 -0.00298539 -0.00298718 -0.0029814 -0.0029842 -0.00298007 -0.0029842 -0.0029814 -0.00298718 -0.00298539 -0.00299318 -0.00299212 -0.00300222 -0.00300172 -0.00301436 -0.00301436 -0.00302963 -0.0030303 -0.00304803 -0.00304982 -0.00306952 -0.00307324 -0.00309404 -0.00310082 -0.00312149 -0.00313267 -0.00315187 -0.00316862 -0.00318531 -0.00320816 -0.0032222 -0.00325047 -0.00326323 -0.00329475 -0.00330926 -0.00334077 -0.00336105 -0.00338954 -0.003419 -0.00344372 -0.00348298 -0.0035071 -0.00355282 -0.00358289 -0.00362907 -0.00367148 -0.00371359 -0.00376925 -0.00380883 -0.00387063 -0.00391563 -0.00397304 -0.00403142 -0.00408086 -0.00415127 -0.00420144 -0.00427002 -0.00432901 -0.00437416 -0.0044202 -0.00441209 -0.00437466 -0.00425873 -0.00403949 -0.00372093 -0.0032291 -0.00257093 -0.00168473 -0.000491617 0.00103441 0.00300884 0.00546007 0.00839728 0.0118694 0.0158163 0.0202303 0.0250754 0.0301849 0.0354358 0.0406331 0.0455359 0.0499869 0.0537155 0.056422 0.05793 0.0580484 0.056657 0.0537389 0.0492181 0.0431137 0.0356004 0.0267998 0.0168682 0.00610185 -0.00524678 -0.0169689 -0.0287659 -0.0403261 -0.0513948 -0.0617359 -0.0711363 -0.0793915 -0.0862886 -0.0916657 -0.0954191 
0 -0.00213349 -0.00446988 -0.00711508 -0.0101592 -0.0137098 -0.0178278 -0.0225529 -0.0279036 -0.0337814 -0.0400287 -0.0465327 -0.0531406 -0.0596346 -0.0658079 -0.0714097 -0.0761906 -0.0800187 -0.0827407 -0.0841857 -0.0843528 -0.083255 -0.0808694 -0.0773498 -0.0728925 -0.0676733 -0.0619716 -0.0559791 -0.0498502 -0.0438501 -0.0381299 -0.0328053 -0.0280125 -0.0237364 -0.020014 -0.0168794 -0.0142541 -0.0121415 -0.0104587 -0.00910214 -0.00805949 -0.00722333 -0.00657546 -0.00609671 -0.00571068 -0.00544547 -0.00523485 -0.0050684 -0.00495346 -0.00483114 -0.00474758 -0.00465805 -0.00457496 -0.00451253 -0.00443099 -0.00438099 -0.00431408 -0.00426201 -0.0042153 -0.00415739 -0.00412378 -0.00406639 -0.00403356 -0.00398507 -0.00394499 -0.00390887 -0.00386172 -0.0038353 -0.00378713 -0.0037646 -0.00372247 -0.00369872 -0.00366703 -0.00363974 -0.00361903 -0.00358879 -0.00357668 -0.00354583 -0.00353866 -0.0035099 -0.00350424 -0.00347967 -0.00347312 -0.00345388 -0.00344525 -0.00343157 -0.00342068 -0.00341215 -0.00339945 -0.00339537 -0.00338157 -0.00338116 -0.00336702 -0.00336959 -0.00335577 -0.00336078 -0.00334777 -0.00335484 -0.00334299 -0.00335184 -0.0033414 -0.00335184 -0.00334299 -0.00335484 -0.00334777 -0.00336078 -0.00335577 -0.00336959 -0.00336702 -0.00338116 -0.00338157 -0.00339537 -0.00339945 -0.00341215 -0.00342068 -0.00343157 -0.00344525 -0.00345388 -0.00347312 -0.00347967 -0.00350424 -0.0035099 -0.00353866 -0.00354583 -0.00357668 -0.00358879 -0.00361903 -0.00363974 -0.00366703 -0.00369872 -0.00372247 -0.0037646 -0.00378713 -0.0038353 -0.00386172 -0.00390887 -0.00394499 -0.00398507 -0.00403356 -0.00406639 -0.00412377 -0.00415739 -0.00421529 -0.00426198 -0.004314 -0.00438076 -0.00443037 -0.00451094 -0.00457107 -0.00464895 -0.00472731 -0.00478807 -0.00486623 -0.00490006 -0.00492537 -0.00490318 -0.0048041 -0.0046478 -0.00435452 -0.00394346 -0.00336627 -0.00255449 -0.00150173 -8.0673e-05 0.001754 0.00404851 0.00688874 0.0102254 0.0140816 0.0184545 0.0232442 0.0284152 0.0337975 0.039169 0.0443949 0.0492322 0.0534488 0.056845 0.0591131 0.0600653 0.0596214 0.0576352 0.0540725 0.0489956 0.0424308 0.0344979 0.0253681 0.0151813 0.00419719 -0.00727476 -0.0190456 -0.0309029 -0.0425314 -0.0536691 -0.0641104 -0.0736117 -0.0819404 -0.0889239 -0.0944107 -0.0982632 
0 -0.00347634 -0.00708554 -0.0108711 -0.014891 -0.019256 -0.0240195 -0.0291585 -0.0346436 -0.0404526 -0.0465327 -0.0527644 -0.0590027 -0.0651255 -0.0709402 -0.0761944 -0.0807549 -0.0845182 -0.087266 -0.0888522 -0.0892292 -0.0883256 -0.086189 -0.0829389 -0.0786514 -0.0735487 -0.0678784 -0.0617722 -0.0554656 -0.0491743 -0.0430427 -0.0373037 -0.0320492 -0.0273045 -0.0231638 -0.0195828 -0.016565 -0.014117 -0.0121139 -0.0105365 -0.00929418 -0.00829025 -0.00753548 -0.00692794 -0.00646778 -0.00613499 -0.0058562 -0.00567263 -0.00550972 -0.00537965 -0.00528425 -0.00517224 -0.00510146 -0.00501103 -0.00493702 -0.00487282 -0.00479163 -0.00474369 -0.00466776 -0.00461998 -0.00456154 -0.00450532 -0.00446568 -0.00440427 -0.00437484 -0.00431785 -0.00428784 -0.00424329 -0.00420643 -0.00417632 -0.00413286 -0.00411353 -0.00406825 -0.00405349 -0.00401217 -0.00399642 -0.0039633 -0.00394338 -0.0039201 -0.00389546 -0.00388137 -0.00385331 -0.0038464 -0.00381705 -0.00381491 -0.0037864 -0.00378691 -0.00376088 -0.0037625 -0.00373995 -0.00374181 -0.00372313 -0.00372488 -0.00371005 -0.00371176 -0.00370043 -0.00370242 -0.0036941 -0.00369683 -0.00369096 -0.00369497 -0.00369096 -0.00369683 -0.0036941 -0.00370242 -0.00370043 -0.00371176 -0.00371005 -0.00372488 -0.00372313 -0.00374181 -0.00373995 -0.0037625 -0.00376088 -0.00378691 -0.0037864 -0.00381491 -0.00381705 -0.0038464 -0.00385331 -0.00388137 -0.00389546 -0.0039201 -0.00394338 -0.0039633 -0.00399642 -0.00401217 -0.00405349 -0.00406825 -0.00411353 -0.00413286 -0.00417632 -0.00420643 -0.00424329 -0.00428784 -0.00431785 -0.00437484 -0.00440427 -0.00446568 -0.00450532 -0.00456154 -0.00461997 -0.00466774 -0.00474363 -0.00479147 -0.00487238 -0.00493588 -0.00500818 -0.00509471 -0.00515696 -0.00525123 -0.00531164 -0.00537618 -0.00542278 -0.00541063 -0.00537704 -0.0052359 -0.00500979 -0.00466267 -0.00413005 -0.00343377 -0.00245825 -0.00116707 0.000499894 0.00266687 0.00531509 0.00850448 0.0122451 0.016468 0.0212066 0.0263533 0.0317548 0.0372903 0.0426975 0.0477894 0.0524024 0.0562375 0.0590873 0.0607708 0.0610786 0.0599496 0.0573231 0.0531275 0.0474782 0.0405052 0.0322634 0.022912 0.0126694 0.00173497 -0.00965024 -0.0212465 -0.0328501 -0.0442387 -0.0551799 -0.06543 -0.0747275 -0.0828794 -0.0897547 -0.0951796 -0.0989868 
0 -0.00489463 -0.00979903 -0.0147522 -0.0198164 -0.0250358 -0.0304142 -0.0359295 -0.0415593 -0.0473017 -0.0531406 -0.0590027 -0.0648014 -0.0704447 -0.0757791 -0.0806528 -0.0849558 -0.0885323 -0.0912278 -0.0929268 -0.093477 -0.0928215 -0.091029 -0.0880975 -0.0840917 -0.0792178 -0.0736225 -0.0675108 -0.061129 -0.0546091 -0.0481836 -0.0420746 -0.0363607 -0.0311875 -0.0265912 -0.02255 -0.019141 -0.0162929 -0.0139664 -0.0121355 -0.0106487 -0.00949114 -0.00858122 -0.00784215 -0.00730202 -0.00685989 -0.00653437 -0.00629815 -0.00608951 -0.00595859 -0.00582279 -0.00571942 -0.00563296 -0.0055287 -0.00546439 -0.00536778 -0.00530023 -0.00522559 -0.00514598 -0.00509357 -0.00501122 -0.00496844 -0.00489872 -0.00485233 -0.00480374 -0.00474902 -0.00471884 -0.00466028 -0.00463854 -0.00458464 -0.00456102 -0.00451856 -0.00448721 -0.00445835 -0.004419 -0.00440157 -0.00435785 -0.00434737 -0.0043043 -0.00429607 -0.00425804 -0.00424857 -0.0042183 -0.00420574 -0.00418421 -0.00416818 -0.00415504 -0.00413611 -0.00413024 -0.00410947 -0.0041095 -0.00408798 -0.00409263 -0.00407131 -0.00407954 -0.00405913 -0.0040702 -0.00405117 -0.00406459 -0.00404723 -0.00406273 -0.00404723 -0.00406459 -0.00405117 -0.0040702 -0.00405913 -0.00407954 -0.00407131 -0.00409263 -0.00408798 -0.0041095 -0.00410947 -0.00413024 -0.00413611 -0.00415504 -0.00416818 -0.00418421 -0.00420574 -0.0042183 -0.00424857 -0.00425804 -0.00429607 -0.0043043 -0.00434737 -0.00435785 -0.00440157 -0.004419 -0.00445835 -0.00448721 -0.00451856 -0.00456102 -0.00458464 -0.00463854 -0.00466028 -0.00471884 -0.00474902 -0.00480374 -0.00485233 -0.00489872 -0.00496844 -0.00501121 -0.00509355 -0.00514594 -0.00522548 -0.00529992 -0.00536697 -0.00546234 -0.00552376 -0.00562158 -0.00569443 -0.00577043 -0.00585397 -0.00589027 -0.00593642 -0.00590798 -0.00582399 -0.00566228 -0.00534919 -0.00492375 -0.00428334 -0.00340863 -0.00225709 -0.000695608 0.00127626 0.0037584 0.00678793 0.0103185 0.0144147 0.0190117 0.0240478 0.029471 0.0350428 0.0405857 0.0459143 0.0507555 0.0549418 0.058244 0.0604083 0.0613483 0.0609474 0.0590784 0.0557402 0.0509421 0.0447635 0.0373904 0.0289448 0.0195494 0.00942517 -0.00124059 -0.0122973 -0.0235177 -0.0346461 -0.0454911 -0.0558953 -0.0656488 -0.074501 -0.0822666 -0.0888159 -0.0939777 -0.0975964 
0 -0.00624831 -0.0124374 -0.0185967 -0.0247246 -0.0307573 -0.0366978 -0.0425837 -0.0483784 -0.0540501 -0.0596346 -0.0651255 -0.0704447 -0.0755295 -0.0803458 -0.0848176 -0.0887966 -0.0921429 -0.0947643 -0.0965087 -0.097215 -0.0968503 -0.0953955 -0.0928253 -0.0892173 -0.0846443 -0.079232 -0.0732344 -0.066817 -0.0601564 -0.0535159 -0.0470485 -0.0409432 -0.0353617 -0.0303029 -0.025848 -0.0220094 -0.0187346 -0.0160654 -0.0138926 -0.0121473 -0.0107946 -0.00969233 -0.00884876 -0.00819128 -0.00766206 -0.00729045 -0.00697327 -0.00674548 -0.00656663 -0.00639717 -0.00628765 -0.00615517 -0.00606185 -0.00596863 -0.00586992 -0.00580672 -0.00570949 -0.00565408 -0.00557398 -0.00550856 -0.00545178 -0.00537452 -0.0053336 -0.00525571 -0.00521716 -0.00515199 -0.00510599 -0.00506032 -0.00500534 -0.00497719 -0.00491859 -0.00490038 -0.00484603 -0.0048293 -0.0047855 -0.00476433 -0.00473392 -0.00470607 -0.00468846 -0.00465481 -0.00464722 -0.00461038 -0.00460929 -0.00457231 -0.00457451 -0.00453998 -0.00454313 -0.0045128 -0.00451553 -0.00449031 -0.00449212 -0.00447217 -0.00447316 -0.00445818 -0.00445885 -0.00444823 -0.00444927 -0.00444228 -0.00444448 -0.0044403 -0.00444448 -0.00444228 -0.00444927 -0.00444823 -0.00445885 -0.00445818 -0.00447316 -0.00447217 -0.00449212 -0.00449031 -0.00451553 -0.0045128 -0.00454313 -0.00453998 -0.00457451 -0.00457231 -0.00460929 -0.00461038 -0.00464722 -0.00465481 -0.00468846 -0.00470607 -0.00473392 -0.00476433 -0.0047855 -0.0048293 -0.00484603 -0.00490038 -0.00491859 -0.00497719 -0.00500534 -0.00506032 -0.00510599 -0.00515199 -0.00521716 -0.00525571 -0.0053336 -0.00537452 -0.00545178 -0.00550855 -0.00557396 -0.005654 -0.00570927 -0.00580614 -0.00586846 -0.00596505 -0.00605349 -0.0061365 -0.00624786 -0.00631626 -0.00640975 -0.00645542 -0.00646177 -0.00642928 -0.00627531 -0.00604918 -0.00566146 -0.00509983 -0.00434874 -0.00328563 -0.00191077 -0.000104192 0.00220688 0.00501241 0.00839908 0.0123142 0.0167386 0.0216805 0.0269849 0.0325432 0.038169 0.0435943 0.0486666 0.0531502 0.056781 0.0593972 0.0608052 0.0608971 0.0596584 0.0570051 0.0529287 0.0475445 0.0409504 0.0332733 0.0247002 0.0154082 0.00556167 -0.00468799 -0.0151888 -0.0257515 -0.0361749 -0.0462707 -0.055865 -0.0648148 -0.0729748 -0.0801523 -0.0861587 -0.0908663 -0.0941858 
0 -0.00748869 -0.0149009 -0.0222022 -0.0293075 -0.036116 -0.0426273 -0.048861 -0.0547858 -0.0604175 -0.0658079 -0.0709402 -0.0757791 -0.0803458 -0.0846616 -0.0886837 -0.0923125 -0.0954358 -0.0979373 -0.099686 -0.100568 -0.100485 -0.0993637 -0.0972105 -0.094028 -0.0898136 -0.0847058 -0.0788828 -0.0725073 -0.0658211 -0.0590112 -0.0522616 -0.0458249 -0.039814 -0.0343243 -0.0294465 -0.0251435 -0.0214647 -0.0183995 -0.0158612 -0.0138493 -0.0122335 -0.0109462 -0.0099576 -0.00914891 -0.00854453 -0.00807201 -0.0076936 -0.00743135 -0.0071907 -0.00702205 -0.00687159 -0.00672936 -0.00663106 -0.00650367 -0.00642092 -0.00632015 -0.00623033 -0.0061594 -0.00606233 -0.00600818 -0.00591815 -0.0058628 -0.00579294 -0.0057268 -0.00567922 -0.0056051 -0.0055715 -0.00549974 -0.0054683 -0.00540907 -0.00537123 -0.00532943 -0.00528284 -0.00525723 -0.00520487 -0.00519023 -0.00513766 -0.00512765 -0.00508034 -0.00506975 -0.00503147 -0.00501719 -0.00498954 -0.00497057 -0.00495336 -0.00493019 -0.00492216 -0.00489606 -0.00489549 -0.00486798 -0.0048732 -0.00484562 -0.00485527 -0.00482864 -0.00484173 -0.00481673 -0.00483267 -0.00480968 -0.00482812 -0.00480735 -0.00482812 -0.00480968 -0.00483267 -0.00481673 -0.00484173 -0.00482864 -0.00485527 -0.00484562 -0.0048732 -0.00486798 -0.00489549 -0.00489606 -0.00492216 -0.00493019 -0.00495336 -0.00497057 -0.00498954 -0.00501719 -0.00503147 -0.00506975 -0.00508034 -0.00512765 -0.00513766 -0.00519023 -0.00520487 -0.00525723 -0.00528284 -0.00532943 -0.00537123 -0.00540907 -0.0054683 -0.00549974 -0.0055715 -0.0056051 -0.00567922 -0.0057268 -0.00579294 -0.0058628 -0.00591814 -0.00600816 -0.00606228 -0.00615926 -0.00622993 -0.00631912 -0.00641837 -0.00649761 -0.00661729 -0.00669952 -0.00680983 -0.0069001 -0.00696105 -0.00701879 -0.00698615 -0.00691237 -0.00672304 -0.00639737 -0.00594104 -0.00524829 -0.00433328 -0.00309282 -0.00144078 0.000644861 0.00328401 0.00645729 0.0101693 0.0144472 0.0191969 0.0243898 0.0298975 0.0354931 0.0410167 0.0462289 0.0509048 0.0548646 0.0578418 0.0596498 0.060204 0.0594138 0.0572595 0.0537708 0.0489978 0.043072 0.0361369 0.0283036 0.0197346 0.0106458 0.00121018 -0.00846094 -0.0182223 -0.0278871 -0.0373377 -0.0464751 -0.0551031 -0.0630489 -0.070248 -0.076583 -0.0818639 -0.085991 -0.0889187 
0 -0.00860374 -0.0170965 -0.025368 -0.0333126 -0.0408464 -0.0479069 -0.0544643 -0.0605515 -0.066205 -0.0714097 -0.0761944 -0.0806528 -0.0848176 -0.0886837 -0.0922798 -0.09557 -0.0984338 -0.100783 -0.102547 -0.103601 -0.103803 -0.103059 -0.101322 -0.0985485 -0.0947497 -0.0899985 -0.0844158 -0.0782055 -0.0715696 -0.0646711 -0.0577416 -0.0509872 -0.0445702 -0.0386652 -0.0333215 -0.0285752 -0.0244793 -0.0209838 -0.0180942 -0.0157556 -0.0138547 -0.0123654 -0.011168 -0.0102185 -0.00949431 -0.00890412 -0.00847595 -0.00813569 -0.0078665 -0.0076748 -0.00748562 -0.00735313 -0.0072147 -0.00708991 -0.00698839 -0.00686292 -0.00677989 -0.00666876 -0.006586 -0.00650217 -0.00641288 -0.00635428 -0.00626485 -0.00621782 -0.00613985 -0.00609004 -0.00603111 -0.00597175 -0.00593131 -0.00586468 -0.00583585 -0.00576955 -0.00574363 -0.00568567 -0.005656 -0.00561141 -0.00557516 -0.0055451 -0.00550293 -0.00548544 -0.00544016 -0.00543174 -0.0053868 -0.00538374 -0.00534213 -0.00534144 -0.00530522 -0.0053049 -0.00527508 -0.00527416 -0.00525093 -0.00524921 -0.00523216 -0.00522996 -0.00521837 -0.00521632 -0.00520928 -0.00520818 -0.00520477 -0.00520548 -0.00520477 -0.00520818 -0.00520928 -0.00521632 -0.00521837 -0.00522996 -0.00523216 -0.00524921 -0.00525093 -0.00527416 -0.00527508 -0.0053049 -0.00530522 -0.00534144 -0.00534213 -0.00538374 -0.0053868 -0.00543174 -0.00544016 -0.00548544 -0.00550293 -0.0055451 -0.00557516 -0.00561141 -0.005656 -0.00568567 -0.00574363 -0.00576955 -0.00583585 -0.00586468 -0.00593131 -0.00597175 -0.00603111 -0.00609004 -0.00613985 -0.00621782 -0.00626485 -0.00635427 -0.00641287 -0.00650213 -0.00658591 -0.00666849 -0.00677918 -0.00686112 -0.00698406 -0.00707991 -0.00719262 -0.00730661 -0.00739208 -0.00749532 -0.00753795 -0.00756164 -0.00751756 -0.00737218 -0.00714266 -0.00673679 -0.00616995 -0.00536922 -0.0042557 -0.00280049 -0.000872122 0.00155486 0.00451668 0.00805398 0.0121055 0.0166785 0.0217149 0.0270823 0.0326569 0.0382063 0.0435081 0.0483772 0.0525648 0.055848 0.0580329 0.0589575 0.0585674 0.0568516 0.0538072 0.0495063 0.044094 0.0377169 0.0305005 0.0226005 0.0142005 0.00546728 -0.00343351 -0.0123532 -0.0211876 -0.0298216 -0.0381437 -0.0460881 -0.0535451 -0.0603568 -0.0664329 -0.071715 -0.0761112 -0.0795594 -0.0820128 
0 -0.00952404 -0.0189002 -0.0279575 -0.0365835 -0.0447145 -0.0522578 -0.0591632 -0.0654596 -0.0711368 -0.0761906 -0.0807549 -0.0849558 -0.0887966 -0.0923125 -0.09557 -0.0985387 -0.101164 -0.103407 -0.105181 -0.106378 -0.106871 -0.106497 -0.105163 -0.102837 -0.0994898 -0.0951376 -0.0898868 -0.0839001 -0.0773607 -0.0704661 -0.0634146 -0.0564051 -0.0496586 -0.0433405 -0.0375469 -0.0323608 -0.0277959 -0.0238628 -0.0205726 -0.017854 -0.0156648 -0.01392 -0.0125169 -0.0114232 -0.0105462 -0.00986048 -0.00933769 -0.00891234 -0.00860271 -0.00834254 -0.00813492 -0.00797113 -0.00780771 -0.0076881 -0.00755494 -0.00744522 -0.00734136 -0.00722928 -0.00714682 -0.00703821 -0.00696276 -0.00686924 -0.0067898 -0.00671733 -0.00663264 -0.00657782 -0.00649485 -0.00644851 -0.00637637 -0.00632967 -0.00627408 -0.00622256 -0.00618378 -0.00612798 -0.00610191 -0.00604565 -0.00602638 -0.00597431 -0.00595644 -0.00591229 -0.00589224 -0.00585799 -0.00583427 -0.00581018 -0.00578296 -0.00576815 -0.00573854 -0.00573157 -0.00570104 -0.00570035 -0.00567032 -0.0056746 -0.00564613 -0.00565441 -0.00562824 -0.00563991 -0.00561644 -0.00563117 -0.00561058 -0.00562826 -0.00561058 -0.00563117 -0.00561644 -0.00563991 -0.00562824 -0.00565441 -0.00564613 -0.0056746 -0.00567032 -0.00570035 -0.00570104 -0.00573157 -0.00573854 -0.00576815 -0.00578296 -0.00581018 -0.00583427 -0.00585799 -0.00589224 -0.00591229 -0.00595644 -0.00597431 -0.00602638 -0.00604565 -0.00610191 -0.00612798 -0.00618378 -0.00622256 -0.00627408 -0.00632967 -0.00637637 -0.00644851 -0.00649485 -0.00657781 -0.00663264 -0.00671733 -0.00678979 -0.00686923 -0.00696274 -0.00703814 -0.00714664 -0.0072288 -0.00734011 -0.00744217 -0.00754776 -0.00767199 -0.00777314 -0.00790033 -0.0079965 -0.00808429 -0.00814279 -0.0081299 -0.00806408 -0.00787191 -0.00755677 -0.00707556 -0.00636581 -0.00540783 -0.00409377 -0.00236826 -0.000164183 0.00259089 0.00588446 0.0097319 0.0141083 0.0189513 0.0241979 0.0296895 0.0352251 0.0405969 0.0455749 0.0499468 0.0534967 0.0559983 0.0572824 0.0572716 0.0559381 0.0532835 0.04938 0.0443541 0.038369 0.0316151 0.0242394 0.0163938 0.00829681 9.90739e-05 -0.00811127 -0.016168 -0.0239374 -0.0314022 -0.0385015 -0.0451189 -0.0512043 -0.0567233 -0.0615946 -0.0657529 -0.0691765 -0.071848 -0.0737316 
0 -0.0101784 -0.0201981 -0.02985 -0.038999 -0.0475918 -0.0555381 -0.0627516 -0.0692176 -0.0749532 -0.0800187 -0.0845182 -0.0885323 -0.0921429 -0.0954358 -0.0984338 -0.101164 -0.10366 -0.105846 -0.107633 -0.108974 -0.109718 -0.109685 -0.108784 -0.106923 -0.104043 -0.100156 -0.0952923 -0.0895783 -0.0832162 -0.0763807 -0.0692678 -0.0620918 -0.0550532 -0.048352 -0.0421355 -0.0364848 -0.031453 -0.0270691 -0.0233319 -0.0202234 -0.0176931 -0.0156537 -0.0140315 -0.0127411 -0.0117121 -0.0109082 -0.0102683 -0.00977302 -0.00938829 -0.00907647 -0.00883848 -0.00862952 -0.00845904 -0.0083086 -0.00816462 -0.00804632 -0.00791818 -0.00781293 -0.00770284 -0.0075996 -0.00750836 -0.00740624 -0.00732862 -0.00723376 -0.00716172 -0.00708087 -0.00700873 -0.00694433 -0.00687138 -0.00682069 -0.00675029 -0.00670761 -0.00664446 -0.00660413 -0.00655174 -0.0065102 -0.00646976 -0.00642606 -0.00639651 -0.00635173 -0.00633069 -0.0062869 -0.00627164 -0.00623098 -0.00621915 -0.00618326 -0.0061732 -0.00614307 -0.00613386 -0.00610981 -0.00610118 -0.00608305 -0.00607515 -0.00606248 -0.00605571 -0.0060479 -0.0060428 -0.00603919 -0.00603636 -0.0060363 -0.00603636 -0.00603919 -0.0060428 -0.0060479 -0.00605571 -0.00606248 -0.00607515 -0.00608305 -0.00610118 -0.00610981 -0.00613386 -0.00614307 -0.0061732 -0.00618326 -0.00621915 -0.00623098 -0.00627164 -0.0062869 -0.00633069 -0.00635173 -0.00639651 -0.00642606 -0.00646976 -0.0065102 -0.00655174 -0.00660413 -0.00664446 -0.00670761 -0.00675029 -0.00682069 -0.00687138 -0.00694433 -0.00700873 -0.00708087 -0.00716172 -0.00723376 -0.00732861 -0.00740622 -0.00750832 -0.00759948 -0.00770251 -0.00781208 -0.00791605 -0.00804124 -0.00815301 -0.00828327 -0.00840618 -0.00852421 -0.00863819 -0.00871279 -0.00875755 -0.0087269 -0.00860561 -0.00836763 -0.00796427 -0.0073751 -0.00653406 -0.00538174 -0.00384938 -0.00185103 0.000661341 0.00372185 0.00733785 0.011485 0.01613 0.0212084 0.0265898 0.0320928 0.0374992 0.0425669 0.0470882 0.0508508 0.0536206 0.055234 0.0555788 0.0546009 0.0523342 0.0488051 0.0441011 0.0384381 0.0320037 0.024969 0.0175589 0.0099522 0.00230159 -0.0052411 -0.0125978 -0.019674 -0.0263296 -0.0325243 -0.0382587 -0.0434686 -0.0481298 -0.0522686 -0.0558576 -0.0588662 -0.061304 -0.0631529 -0.064398 
