0 0 0 0 0 0 0 0 0 0 0 0 0 0 0 0 0 0 0 0 0 0 0 0 0 0 0 0 0 0 0 0 0 0 0 0 0 0 0 0 0 0 0 0 0 0 0 0 0 0 0 0 0 0 0 0 0 0 0 0 0 0 0 0 0 0 0 0 0 0 0 0 0 0 0 0 0 0 0 0 0 0 0 0 0 0 0 0 0 0 0 0 0 0 0 0 0 0 0 0 0 0 0 0 0 0 0 0 0 0 0 0 0 0 0 0 0 0 0 0 0 0 0 0 0 0 0 0 0 0 0 0 0 0 0 0 0 0 0 0 0 0 0 0 0 0 0 0 0 0 0 0 0 0 0 0 0 0 0 0 0 0 0 0 0 0 0 0 0 0 0 0 0 0 0 0 0 0 0 0 0 0 0 0 0 0 0 0 0 0 0 0 0 0 0 0 0 0 0 0 
0 0.000257666 0.000372076 0.000357774 0.000239872 -8.12648e-05 -0.000679514 -0.00149111 -0.00245804 -0.00359859 -0.00487159 -0.00615207 -0.00736248 -0.00848655 -0.00948333 -0.0102767 -0.0107944 -0.0110113 -0.0109726 -0.0107294 -0.010282 -0.00963454 -0.00883602 -0.00795262 -0.00705034 -0.00616984 -0.00531755 -0.00450779 -0.00376835 -0.00312032 -0.00258082 -0.00214638 -0.0017947 -0.00150953 -0.00127475 -0.00108084 -0.000928382 -0.000811316 -0.000725743 -0.000666686 -0.000623507 -0.000592568 -0.000567968 -0.000546104 -0.000528462 -0.000512209 -0.000499507 -0.000490159 -0.000482532 -0.000478222 -0.000473911 -0.000470239 -0.000466055 -0.000459948 -0.000453613 -0.000445099 -0.000436642 -0.000427757 -0.000419009 -0.000411783 -0.000404798 -0.000400061 -0.000395825 -0.000393174 -0.000391307 -0.000389727 -0.000389007 -0.000387516 -0.000386654 -0.000384653 -0.000382838 -0.000380164 -0.00037721 -0.000374014 -0.000370215 -0.000366787 -0.000362654 -0.00035929 -0.000355323 -0.000352247 -0.000348799 -0.000346138 -0.000343386 -0.000341179 -0.000339147 -0.000337371 -0.000335985 -0.000334584 -0.000333721 -0.000332624 -0.000332157 -0.000331295 -0.000331109 -0.000330424 -0.000330432 -0.000329878 -0.000330017 -0.000329562 -0.000329795 -0.000329418 -0.000329725 -0.000329418 -0.000329795 -0.000329562 -0.000330017 -0.000329878 -0.000330432 -0.000330424 -0.000331109 -0.000331295 -0.000332157 -0.000332624 -0.000333721 -0.000334584 -0.000335985 -0.000337371 -0.000339147 -0.000341179 -0.000343386 -0.000346138 -0.000348799 -0.000352247 -0.000355323 -0.00035929 -0.000362654 -0.000366787 -0.000370215 -0.000374014 -0.00037721 -0.000380164 -0.000382838 -0.000384653 -0.000386654 -0.000387516 -0.000389007 -0.000389727 -0.000391307 -0.000393174 -0.000395825 -0.000400061 -0.000404798 -0.000411783 -0.000419009 -0.000427757 -0.000436642 -0.000445099 -0.000453613 -0.000459947 -0.000466054 -0.000470235 -0.000473899 -0.000478185 -0.000482424 -0.000489862 -0.000498732 -0.000510284 -0.000523926 -0.000535966 -0.000546491 -0.000549484 -0.000541742 -0.000519983 -0.000476965 -0.00041235 -0.000322089 -0.000204099 -5.97397e-05 0.000120695 0.000348754 0.000645049 0.00103843 0.00154055 0.00214862 0.00284121 0.0035825 0.00435958 0.00517485 0.00601866 0.00685788 0.00761537 0.0082055 0.00859305 0.00876425 0.00868422 0.00830492 0.00758612 0.00654117 0.00523459 0.00368678 0.00187836 -0.000124581 -0.00218423 -0.00422518 -0.00623879 -0.00818643 -0.00997702 -0.0115206 -0.0127821 -0.0137767 -0.0144947 
0 0.000372076 0.000599845 0.000604929 0.000299919 -0.000429654 -0.00161225 -0.00318345 -0.00510054 -0.00733897 -0.00979777 -0.0123112 -0.0147274 -0.016936 -0.0188496 -0.0203676 -0.0213807 -0.0218494 -0.021822 -0.0213465 -0.0204439 -0.0191612 -0.0175901 -0.0158589 -0.0140925 -0.0123556 -0.0106719 -0.00907213 -0.00759616 -0.00629325 -0.00520082 -0.00431467 -0.00360763 -0.00304293 -0.00258182 -0.00220455 -0.0018987 -0.00165455 -0.00146922 -0.00133213 -0.00123415 -0.00116761 -0.00112051 -0.00108815 -0.00106382 -0.00104255 -0.00102416 -0.00100457 -0.000985345 -0.000966153 -0.000946538 -0.000929258 -0.000912426 -0.000898287 -0.000885988 -0.000874943 -0.000866187 -0.000857176 -0.000849528 -0.0008412 -0.00083272 -0.000824097 -0.000814313 -0.000805117 -0.000794796 -0.000785386 -0.000775704 -0.000766764 -0.000758603 -0.00075077 -0.000744425 -0.00073806 -0.000733318 -0.000728439 -0.000724826 -0.000721193 -0.000718217 -0.000715468 -0.000712756 -0.000710535 -0.000707884 -0.00070592 -0.000703269 -0.000701402 -0.000698787 -0.000696955 -0.000694458 -0.000692673 -0.000690383 -0.000688697 -0.000686693 -0.000685172 -0.000683513 -0.000682221 -0.000680943 -0.000679937 -0.000679061 -0.000678384 -0.000677913 -0.000677599 -0.000677527 -0.000677599 -0.000677913 -0.000678384 -0.000679061 -0.000679937 -0.000680943 -0.000682221 -0.000683513 -0.000685172 -0.000686693 -0.000688697 -0.000690383 -0.000692673 -0.000694458 -0.000696955 -0.000698787 -0.000701402 -0.000703269 -0.00070592 -0.000707884 -0.000710535 -0.000712756 -0.000715468 -0.000718217 -0.000721193 -0.000724826 -0.000728439 -0.000733318 -0.00073806 -0.000744425 -0.00075077 -0.000758603 -0.000766764 -0.000775704 -0.000785386 -0.000794796 -0.000805117 -0.000814313 -0.000824097 -0.00083272 -0.0008412 -0.000849528 -0.000857176 -0.000866187 -0.000874943 -0.000885988 -0.000898286 -0.000912423 -0.000929247 -0.000946505 -0.000966055 -0.000985068 -0.00100383 -0.00102227 -0.00103795 -0.00105322 -0.00106495 -0.00107234 -0.0010728 -0.00105738 -0.0010201 -0.000947677 -0.000828311 -0.000654972 -0.000417475 -0.000112965 0.000268329 0.000750438 0.00136353 0.00214995 0.00313824 0.00432278 0.005676 0.00715236 0.00871611 0.0103537 0.012026 0.0136455 0.0150879 0.0162227 0.0169709 0.0172938 0.0171177 0.0163441 0.014918 0.0128574 0.0102388 0.00713787 0.00360085 -0.00027761 -0.00432532 -0.00839641 -0.0124001 -0.0162122 -0.0196821 -0.0227183 -0.0252681 -0.0272552 -0.0286137 
0 0.000357774 0.000604929 0.000527533 -7.03128e-05 -0.00123509 -0.00295457 -0.0052569 -0.00811286 -0.0113743 -0.0148832 -0.0184996 -0.0220227 -0.0252381 -0.0279961 -0.0301671 -0.0316377 -0.0323689 -0.0323682 -0.0316665 -0.0303429 -0.0284949 -0.0262378 -0.0237359 -0.021141 -0.0185521 -0.016048 -0.0136821 -0.011504 -0.00957986 -0.00794393 -0.00659469 -0.00550967 -0.00463498 -0.00392537 -0.00335183 -0.00288591 -0.00251888 -0.00223883 -0.00202841 -0.00187949 -0.00177285 -0.00169655 -0.00164296 -0.0015991 -0.00156475 -0.00153385 -0.00150404 -0.00147782 -0.00145019 -0.0014255 -0.00140156 -0.00137832 -0.00135846 -0.00133793 -0.00132076 -0.00130365 -0.00128764 -0.00127328 -0.00125786 -0.00124481 -0.00123027 -0.00121738 -0.00120421 -0.00119123 -0.00117959 -0.00116702 -0.0011567 -0.00114527 -0.00113593 -0.00112614 -0.0011175 -0.00110944 -0.00110139 -0.00109481 -0.0010874 -0.00108187 -0.00107519 -0.00107033 -0.00106444 -0.00105997 -0.00105491 -0.00105067 -0.00104641 -0.00104237 -0.00103886 -0.00103506 -0.00103223 -0.00102872 -0.0010265 -0.00102336 -0.0010217 -0.00101898 -0.00101784 -0.00101558 -0.00101494 -0.00101316 -0.00101299 -0.0010117 -0.00101202 -0.00101122 -0.00101202 -0.0010117 -0.00101299 -0.00101316 -0.00101494 -0.00101558 -0.00101784 -0.00101898 -0.0010217 -0.00102336 -0.0010265 -0.00102872 -0.00103223 -0.00103506 -0.00103886 -0.00104237 -0.00104641 -0.00105067 -0.00105491 -0.00105997 -0.00106444 -0.00107033 -0.00107519 -0.00108187 -0.0010874 -0.00109481 -0.00110139 -0.00110944 -0.0011175 -0.00112614 -0.00113593 -0.00114527 -0.0011567 -0.00116702 -0.00117959 -0.00119123 -0.00120421 -0.00121738 -0.00123027 -0.00124481 -0.00125786 -0.00127328 -0.00128764 -0.00130365 -0.00132076 -0.00133793 -0.00135846 -0.00137831 -0.00140154 -0.00142542 -0.00144997 -0.00147723 -0.00150251 -0.00153005 -0.00155582 -0.00157912 -0.00160048 -0.00161081 -0.00160864 -0.00158111 -0.00151411 -0.00139733 -0.00120966 -0.00094264 -0.000585698 -0.000121666 0.00046253 0.00120577 0.00215515 0.00335101 0.00482973 0.00658287 0.00857184 0.010757 0.0130828 0.0154967 0.0179272 0.0202393 0.0222813 0.0239105 0.0249851 0.0253953 0.0250423 0.0238231 0.021699 0.0186907 0.0148339 0.0102309 0.00504849 -0.000567675 -0.00647192 -0.0124621 -0.0183211 -0.0238575 -0.028912 -0.0333729 -0.0371338 -0.0400493 -0.0420206 
0 0.000239872 0.000299919 -7.03128e-05 -0.00103434 -0.00261815 -0.00488247 -0.0079116 -0.0116169 -0.0157752 -0.0202094 -0.024763 -0.0292122 -0.0333076 -0.0368172 -0.0395597 -0.041448 -0.0424297 -0.042453 -0.0415616 -0.0398863 -0.0375569 -0.0347213 -0.0315446 -0.0281742 -0.0247712 -0.0214766 -0.0183732 -0.0155362 -0.0130213 -0.0108469 -0.00902613 -0.00753332 -0.00631653 -0.00533765 -0.00454819 -0.00391582 -0.00342487 -0.00304578 -0.00276405 -0.0025595 -0.00240633 -0.00229624 -0.00221022 -0.00214132 -0.00208774 -0.00203937 -0.00200128 -0.00196717 -0.00193601 -0.00190994 -0.00188157 -0.00185646 -0.00182935 -0.00180171 -0.00177559 -0.00174691 -0.0017221 -0.0016961 -0.00167332 -0.00165252 -0.0016326 -0.0016169 -0.00160027 -0.00158774 -0.00157414 -0.00156259 -0.00155113 -0.0015392 -0.0015288 -0.00151624 -0.00150601 -0.00149332 -0.00148285 -0.00147078 -0.00146011 -0.00144927 -0.00143873 -0.00142945 -0.00141948 -0.0014118 -0.00140277 -0.00139653 -0.00138869 -0.00138363 -0.00137707 -0.00137298 -0.00136767 -0.00136432 -0.00136017 -0.00135743 -0.0013543 -0.00135208 -0.00134985 -0.0013481 -0.00134663 -0.00134534 -0.00134454 -0.00134371 -0.00134351 -0.00134318 -0.00134351 -0.00134371 -0.00134454 -0.00134534 -0.00134663 -0.0013481 -0.00134985 -0.00135208 -0.0013543 -0.00135743 -0.00136017 -0.00136432 -0.00136767 -0.00137298 -0.00137707 -0.00138363 -0.00138869 -0.00139653 -0.00140277 -0.0014118 -0.00141948 -0.00142945 -0.00143873 -0.00144927 -0.00146011 -0.00147078 -0.00148285 -0.00149332 -0.00150601 -0.00151624 -0.0015288 -0.0015392 -0.00155113 -0.00156259 -0.00157414 -0.00158774 -0.00160027 -0.0016169 -0.0016326 -0.00165252 -0.00167332 -0.0016961 -0.0017221 -0.00174691 -0.00177559 -0.00180171 -0.00182934 -0.00185644 -0.00188151 -0.00190978 -0.00193555 -0.00196598 -0.0019983 -0.00203226 -0.00207156 -0.00210631 -0.00213824 -0.00215562 -0.00214533 -0.00209933 -0.00199281 -0.0018153 -0.0015509 -0.00117989 -0.000696321 -7.02504e-05 0.000732317 0.00175362 0.00305897 0.00468539 0.00665179 0.00895739 0.0115566 0.0144061 0.0174465 0.0205695 0.0236553 0.0265544 0.0290926 0.0311153 0.0324356 0.0328478 0.0322279 0.030521 0.0277041 0.0237907 0.0188051 0.0128405 0.00612765 -0.00109452 -0.00866294 -0.0163535 -0.0238604 -0.0309548 -0.0374839 -0.0432528 -0.048063 -0.0518007 -0.0543926 
0 -8.12648e-05 -0.000429654 -0.00123509 -0.00261815 -0.00470369 -0.00760045 -0.0112941 -0.0156627 -0.0205621 -0.0258013 -0.0311325 -0.036321 -0.0411102 -0.045206 -0.0484227 -0.0506868 -0.0518948 -0.0519722 -0.0509725 -0.0490171 -0.0462782 -0.0429546 -0.0391923 -0.0351504 -0.0310377 -0.0270177 -0.0232209 -0.0197492 -0.016636 -0.0139146 -0.0116075 -0.00968555 -0.00812213 -0.00686633 -0.00585139 -0.00504578 -0.00440677 -0.00390547 -0.00353046 -0.00324715 -0.00304254 -0.00289705 -0.00278525 -0.00270538 -0.00263762 -0.00257947 -0.00253033 -0.00247937 -0.0024364 -0.0023927 -0.00235184 -0.00231633 -0.00227896 -0.00224909 -0.00221756 -0.00218975 -0.00216399 -0.00213657 -0.00211405 -0.00208763 -0.00206553 -0.00204147 -0.00201863 -0.00199766 -0.00197483 -0.00195665 -0.00193552 -0.00191933 -0.00190131 -0.00188637 -0.00187195 -0.00185791 -0.00184666 -0.00183354 -0.00182453 -0.00181256 -0.00180478 -0.00179419 -0.0017869 -0.00177781 -0.00177059 -0.00176299 -0.00175576 -0.00174954 -0.0017424 -0.00173743 -0.00173058 -0.0017267 -0.00172035 -0.00171746 -0.00171178 -0.00170978 -0.0017049 -0.00170375 -0.00169973 -0.00169942 -0.00169629 -0.00169681 -0.00169456 -0.00169593 -0.00169456 -0.00169681 -0.00169629 -0.00169942 -0.00169973 -0.00170375 -0.0017049 -0.00170978 -0.00171178 -0.00171746 -0.00172035 -0.0017267 -0.00173058 -0.00173743 -0.0017424 -0.00174954 -0.00175576 -0.00176299 -0.00177059 -0.00177781 -0.0017869 -0.00179419 -0.00180478 -0.00181256 -0.00182453 -0.00183354 -0.00184666 -0.00185791 -0.00187195 -0.00188637 -0.00190131 -0.00191933 -0.00193552 -0.00195665 -0.00197483 -0.00199766 -0.00201863 -0.00204147 -0.00206553 -0.00208763 -0.00211405 -0.00213657 -0.00216399 -0.00218975 -0.00221756 -0.00224909 -0.00227895 -0.00231629 -0.00235172 -0.00239236 -0.0024355 -0.00247708 -0.00252478 -0.00256666 -0.0026095 -0.00264664 -0.00266857 -0.00267667 -0.00264684 -0.00257123 -0.00243065 -0.00219657 -0.00186143 -0.00139234 -0.000765309 4.74903e-05 0.0011075 0.00245563 0.0041416 0.00620639 0.00864189 0.011451 0.0146167 0.0180795 0.0217685 0.0255334 0.0291767 0.0325361 0.0354348 0.0376825 0.0390863 0.0394099 0.0384849 0.0362806 0.032779 0.0279673 0.0219225 0.0147826 0.00675208 -0.0018902 -0.0108894 -0.020009 -0.0289468 -0.0374149 -0.0451999 -0.0520677 -0.0577905 -0.0622612 -0.0654006 
0 -0.000679514 -0.00161225 -0.00295457 -0.00488247 -0.00760045 -0.0111452 -0.0154024 -0.0203126 -0.0258124 -0.0316676 -0.0375838 -0.0433162 -0.0485833 -0.0531108 -0.0567291 -0.0592902 -0.0606635 -0.060822 -0.0597893 -0.0576539 -0.0546287 -0.0509125 -0.0466547 -0.0420609 -0.0373345 -0.0326612 -0.0282347 -0.0241535 -0.0204595 -0.0172069 -0.0143965 -0.0120263 -0.0100896 -0.0085169 -0.00725814 -0.00626063 -0.00545912 -0.00483659 -0.00435583 -0.00398816 -0.00372517 -0.00352669 -0.00338392 -0.00327911 -0.00318935 -0.00312146 -0.00305518 -0.00299549 -0.00294256 -0.00288612 -0.00284059 -0.00279229 -0.00274998 -0.00271216 -0.00267234 -0.00264153 -0.00260583 -0.00257663 -0.00254619 -0.00251573 -0.00248966 -0.00245872 -0.00243486 -0.00240607 -0.00238263 -0.00235811 -0.00233465 -0.00231484 -0.00229218 -0.00227609 -0.00225549 -0.00224154 -0.00222398 -0.00221085 -0.00219665 -0.00218363 -0.00217248 -0.00215951 -0.00215074 -0.00213813 -0.002131 -0.00211919 -0.00211308 -0.00210247 -0.00209697 -0.00208784 -0.00208274 -0.0020752 -0.00207046 -0.00206452 -0.0020602 -0.00205578 -0.00205197 -0.00204898 -0.00204581 -0.00204412 -0.00204171 -0.0020412 -0.00203966 -0.00204023 -0.00203966 -0.0020412 -0.00204171 -0.00204412 -0.00204581 -0.00204898 -0.00205197 -0.00205578 -0.0020602 -0.00206452 -0.00207046 -0.0020752 -0.00208274 -0.00208784 -0.00209697 -0.00210247 -0.00211308 -0.00211919 -0.002131 -0.00213813 -0.00215074 -0.00215951 -0.00217248 -0.00218363 -0.00219665 -0.00221085 -0.00222398 -0.00224154 -0.00225549 -0.00227609 -0.00229218 -0.00231484 -0.00233465 -0.00235811 -0.00238263 -0.00240607 -0.00243486 -0.00245872 -0.00248966 -0.00251573 -0.00254619 -0.00257663 -0.00260583 -0.00264153 -0.00267233 -0.00271215 -0.00274995 -0.0027922 -0.00284034 -0.00288545 -0.00294082 -0.00299122 -0.0030452 -0.00309921 -0.00314216 -0.00318389 -0.00320116 -0.00319303 -0.00314551 -0.00302871 -0.00283951 -0.00254043 -0.00211107 -0.00153125 -0.000743561 0.000284296 0.00161542 0.00331404 0.00539584 0.00789317 0.0108017 0.0140977 0.0177887 0.0218096 0.0260358 0.030308 0.0343878 0.0380686 0.0411843 0.0435054 0.0448116 0.0449185 0.0436459 0.0409154 0.0367246 0.0310718 0.0240691 0.0159323 0.00684077 -0.00297593 -0.0131692 -0.0234289 -0.0335081 -0.0430994 -0.0518778 -0.059607 -0.0661067 -0.0712029 -0.0747476 
0 -0.00149111 -0.00318345 -0.0052569 -0.0079116 -0.0112941 -0.0154024 -0.0201856 -0.0256122 -0.0315572 -0.0377927 -0.0440757 -0.0501301 -0.0556832 -0.0605357 -0.0644591 -0.0672067 -0.0686969 -0.0689393 -0.0679226 -0.0657422 -0.0625723 -0.0585633 -0.0539277 -0.0488918 -0.0436379 -0.0384098 -0.0334165 -0.0287572 -0.0245258 -0.020753 -0.0174323 -0.0146043 -0.0122466 -0.0103173 -0.00878665 -0.00756373 -0.00659821 -0.00584953 -0.00525465 -0.00480631 -0.004465 -0.00420152 -0.00401397 -0.00386127 -0.00374721 -0.00365776 -0.00357544 -0.00351501 -0.00345154 -0.00339738 -0.00334712 -0.0032913 -0.00324645 -0.00319247 -0.00314661 -0.00310012 -0.00305289 -0.00301523 -0.0029712 -0.0029394 -0.00290323 -0.00287356 -0.00284629 -0.00281702 -0.00279598 -0.00276764 -0.00274872 -0.00272279 -0.00270283 -0.0026804 -0.00265834 -0.00263951 -0.00261615 -0.0026002 -0.00257728 -0.00256319 -0.00254241 -0.00252931 -0.00251182 -0.00249918 -0.0024854 -0.00247309 -0.00246286 -0.00245097 -0.0024438 -0.00243255 -0.00242784 -0.00241747 -0.00241465 -0.00240535 -0.00240397 -0.00239584 -0.00239561 -0.00238868 -0.00238944 -0.00238369 -0.00238537 -0.00238074 -0.00238335 -0.00237976 -0.00238335 -0.00238074 -0.00238537 -0.00238369 -0.00238944 -0.00238868 -0.00239561 -0.00239584 -0.00240397 -0.00240535 -0.00241465 -0.00241747 -0.00242784 -0.00243255 -0.0024438 -0.00245097 -0.00246286 -0.00247309 -0.0024854 -0.00249918 -0.00251182 -0.00252931 -0.00254241 -0.00256319 -0.00257728 -0.0026002 -0.00261615 -0.00263951 -0.00265834 -0.0026804 -0.00270283 -0.00272279 -0.00274872 -0.00276764 -0.00279598 -0.00281702 -0.00284629 -0.00287356 -0.00290323 -0.0029394 -0.0029712 -0.00301523 -0.00305289 -0.00310012 -0.00314661 -0.00319245 -0.00324639 -0.00329112 -0.00334662 -0.00339607 -0.0034483 -0.00350732 -0.00355806 -0.00362033 -0.0036705 -0.00371166 -0.00373636 -0.00371123 -0.00364012 -0.00348167 -0.00321802 -0.00283791 -0.00229023 -0.00156366 -0.000600349 0.000671251 0.00228935 0.00433234 0.00682001 0.00974195 0.0131196 0.016913 0.0210873 0.025585 0.0302252 0.0348225 0.0391793 0.0430439 0.0462145 0.0484654 0.049533 0.0492688 0.047558 0.0442647 0.0393787 0.0329859 0.0252031 0.016236 0.00630206 -0.00439069 -0.0154964 -0.0266187 -0.037492 -0.0478584 -0.0573708 -0.0657556 -0.0728314 -0.0783768 -0.0822041 
0 -0.00245804 -0.00510054 -0.00811286 -0.0116169 -0.0156627 -0.0203126 -0.0256122 -0.0314633 -0.0376833 -0.0441257 -0.0505817 -0.0567568 -0.0624442 -0.067463 -0.0715177 -0.0743857 -0.0760084 -0.076341 -0.0753964 -0.0732688 -0.070028 -0.065838 -0.0609672 -0.0556073 -0.0499696 -0.0443111 -0.0387969 -0.0335939 -0.0288313 -0.0245193 -0.0207064 -0.01742 -0.0146274 -0.0123415 -0.0104998 -0.00901881 -0.00786302 -0.00694048 -0.00621566 -0.00566559 -0.00522973 -0.00491268 -0.00467255 -0.0044836 -0.00435077 -0.0042298 -0.00413685 -0.00405505 -0.00397297 -0.00391083 -0.00383886 -0.00378118 -0.00372408 -0.00366527 -0.00362025 -0.00356406 -0.00352282 -0.00347502 -0.00343159 -0.0033936 -0.00334829 -0.00331662 -0.00327392 -0.00324371 -0.0032079 -0.00317639 -0.00314877 -0.0031163 -0.0030951 -0.00306401 -0.00304606 -0.00301884 -0.00300136 -0.00297944 -0.00296094 -0.00294436 -0.00292473 -0.00291252 -0.00289256 -0.00288333 -0.00286414 -0.00285659 -0.00283918 -0.00283234 -0.0028174 -0.00281074 -0.00279858 -0.00279193 -0.00278258 -0.00277601 -0.00276932 -0.00276302 -0.00275873 -0.00275297 -0.00275081 -0.00274582 -0.00274554 -0.00274155 -0.0027429 -0.00274013 -0.0027429 -0.00274155 -0.00274554 -0.00274582 -0.00275081 -0.00275297 -0.00275873 -0.00276302 -0.00276932 -0.00277601 -0.00278258 -0.00279193 -0.00279858 -0.00281074 -0.0028174 -0.00283234 -0.00283918 -0.00285659 -0.00286414 -0.00288333 -0.00289256 -0.00291252 -0.00292473 -0.00294436 -0.00296094 -0.00297944 -0.00300136 -0.00301884 -0.00304606 -0.00306401 -0.0030951 -0.0031163 -0.00314877 -0.00317639 -0.0032079 -0.00324371 -0.00327392 -0.00331662 -0.00334829 -0.0033936 -0.00343159 -0.00347502 -0.00352282 -0.00356406 -0.00362023 -0.00366522 -0.00372395 -0.00378081 -0.0038379 -0.0039084 -0.00396712 -0.00404164 -0.00410752 -0.00416874 -0.00422977 -0.00425535 -0.00426272 -0.00421172 -0.00408593 -0.00388013 -0.00353868 -0.00306459 -0.00240939 -0.00151393 -0.000348498 0.00118975 0.00314661 0.00554998 0.00844886 0.011803 0.0156091 0.0198623 0.0244595 0.029311 0.0342501 0.0390372 0.0435002 0.0474005 0.050445 0.0524225 0.053117 0.0523625 0.0501052 0.0462422 0.0407149 0.0336647 0.0252589 0.0156425 0.00506855 -0.00617446 -0.0178123 -0.0294978 -0.0408754 -0.0516654 -0.0615956 -0.0703858 -0.0777904 -0.0835858 -0.0876044 
0 -0.00359859 -0.00733897 -0.0113743 -0.0157752 -0.0205621 -0.0258124 -0.0315572 -0.0376833 -0.0440623 -0.0505816 -0.0570345 -0.0631956 -0.0688839 -0.0738603 -0.0778949 -0.0808569 -0.0826032 -0.0830446 -0.0822375 -0.0802005 -0.076965 -0.072744 -0.0677556 -0.0621945 -0.0563245 -0.0503243 -0.0443642 -0.0386809 -0.0333827 -0.0285456 -0.0242559 -0.0204887 -0.0172671 -0.0145998 -0.0124012 -0.0106479 -0.00925691 -0.0081368 -0.00727475 -0.00658928 -0.00606031 -0.00567324 -0.00536298 -0.00514443 -0.0049703 -0.00482395 -0.00471724 -0.00460474 -0.00451847 -0.00443412 -0.00435081 -0.00428841 -0.0042124 -0.00415834 -0.00409778 -0.00404164 -0.00399604 -0.00393759 -0.00389843 -0.00384414 -0.00380283 -0.00375818 -0.00371215 -0.00367744 -0.00363023 -0.00360154 -0.00355895 -0.00353157 -0.0034977 -0.0034689 -0.00344446 -0.00341418 -0.00339701 -0.00336705 -0.00335379 -0.00332641 -0.00331401 -0.00329092 -0.00327745 -0.00325941 -0.00324419 -0.00323109 -0.0032144 -0.00320555 -0.00318816 -0.00318269 -0.00316548 -0.00316257 -0.00314632 -0.00314531 -0.00313057 -0.00313104 -0.00311813 -0.00311987 -0.00310889 -0.00311185 -0.00310278 -0.00310703 -0.00309973 -0.00310542 -0.00309973 -0.00310703 -0.00310278 -0.00311185 -0.00310889 -0.00311987 -0.00311813 -0.00313104 -0.00313057 -0.00314531 -0.00314632 -0.00316257 -0.00316548 -0.00318269 -0.00318816 -0.00320555 -0.0032144 -0.00323109 -0.00324419 -0.00325941 -0.00327745 -0.00329092 -0.00331401 -0.00332641 -0.00335379 -0.00336705 -0.00339701 -0.00341418 -0.00344446 -0.0034689 -0.0034977 -0.00353157 -0.00355895 -0.00360154 -0.00363023 -0.00367744 -0.00371215 -0.00375818 -0.00380283 -0.00384414 -0.00389843 -0.00393759 -0.00399604 -0.00404163 -0.00409775 -0.00415825 -0.00421214 -0.00428771 -0.00434901 -0.00442973 -0.00450825 -0.00458205 -0.00466924 -0.00472726 -0.00478485 -0.00480578 -0.00477397 -0.00469617 -0.00451107 -0.00423293 -0.00382 -0.00322466 -0.00243996 -0.00136248 5.63963e-05 0.00187675 0.00419089 0.00697862 0.0102624 0.014046 0.0182602 0.0228996 0.0278572 0.032947 0.0380339 0.0428911 0.047285 0.051017 0.0537707 0.0552924 0.0554686 0.0541538 0.0512615 0.0467899 0.0407115 0.0331115 0.0241996 0.0141461 0.00318821 -0.00832437 -0.0201296 -0.0320037 -0.043588 -0.054513 -0.0645273 -0.0733965 -0.0808625 -0.086724 -0.0908342 
0 -0.00487159 -0.00979777 -0.0148832 -0.0202094 -0.0258013 -0.0316676 -0.0377927 -0.0441257 -0.0505816 -0.0570295 -0.0633412 -0.0693888 -0.0749385 -0.0797451 -0.0837016 -0.0866803 -0.0884867 -0.0890682 -0.0884272 -0.0865195 -0.0834314 -0.0793129 -0.0743021 -0.0686688 -0.0626491 -0.0563791 -0.0500979 -0.0440008 -0.0382092 -0.0328979 -0.0281085 -0.0238476 -0.0201866 -0.0170774 -0.0145059 -0.0124522 -0.0107887 -0.00948203 -0.00845375 -0.00762041 -0.00699213 -0.00648936 -0.00610445 -0.00582714 -0.00559263 -0.00543203 -0.00529262 -0.00517278 -0.00508465 -0.00498091 -0.00490627 -0.00482122 -0.00474044 -0.00467442 -0.00459066 -0.00453411 -0.00446107 -0.00440381 -0.0043497 -0.00428958 -0.00425099 -0.00419348 -0.00416029 -0.0041121 -0.0040757 -0.00403942 -0.00399728 -0.00397036 -0.00392554 -0.00390276 -0.00386057 -0.00383713 -0.00380192 -0.00377536 -0.00374896 -0.00371935 -0.00370114 -0.00367025 -0.00365814 -0.00362829 -0.00361979 -0.00359302 -0.00358602 -0.00356362 -0.00355672 -0.00353921 -0.00353173 -0.00351904 -0.00351084 -0.00350255 -0.00349385 -0.00348934 -0.00348053 -0.00347921 -0.00347071 -0.00347202 -0.00346424 -0.00346772 -0.00346102 -0.00346629 -0.00346102 -0.00346772 -0.00346424 -0.00347202 -0.00347071 -0.00347921 -0.00348053 -0.00348934 -0.00349385 -0.00350255 -0.00351084 -0.00351904 -0.00353173 -0.00353921 -0.00355672 -0.00356362 -0.00358602 -0.00359302 -0.00361979 -0.00362829 -0.00365814 -0.00367025 -0.00370114 -0.00371935 -0.00374896 -0.00377536 -0.00380192 -0.00383713 -0.00386057 -0.00390276 -0.00392554 -0.00397036 -0.00399728 -0.00403942 -0.0040757 -0.0041121 -0.00416029 -0.00419348 -0.00425099 -0.00428958 -0.0043497 -0.00440381 -0.00446107 -0.00453409 -0.00459059 -0.00467423 -0.00473994 -0.00481991 -0.00490302 -0.00497322 -0.00506731 -0.00513551 -0.00521629 -0.00528314 -0.00531606 -0.00533778 -0.00527885 -0.00515884 -0.00493769 -0.00456772 -0.00406416 -0.00333504 -0.00235555 -0.00106837 0.000642223 0.00278319 0.00542639 0.00859616 0.0122419 0.0164048 0.0210225 0.0259871 0.0312111 0.0364588 0.0415334 0.0462858 0.050442 0.0537715 0.0560567 0.0570289 0.0565738 0.0546257 0.0510643 0.0459251 0.0393278 0.0313306 0.0220791 0.0118148 0.000774221 -0.010757 -0.0224865 -0.0341822 -0.0455654 -0.0563027 -0.0661202 -0.0747788 -0.0820497 -0.0877787 -0.0918327 
0 -0.00615207 -0.0123112 -0.0184996 -0.024763 -0.0311325 -0.0375838 -0.0440757 -0.0505817 -0.0570345 -0.0633412 -0.0694508 -0.0752547 -0.0805374 -0.085144 -0.0889805 -0.0918888 -0.0937466 -0.0944823 -0.0939894 -0.0922747 -0.0894343 -0.0854963 -0.0806109 -0.0750376 -0.0689334 -0.0625083 -0.0559939 -0.0495197 -0.04331 -0.0375401 -0.0322451 -0.0275303 -0.0234066 -0.0198425 -0.0168909 -0.0144643 -0.0125024 -0.0109682 -0.00972195 -0.00874928 -0.00798929 -0.00737165 -0.00692343 -0.00655943 -0.00628439 -0.00608534 -0.00590069 -0.00577598 -0.00564941 -0.00554027 -0.00545329 -0.00534684 -0.00527562 -0.00518399 -0.00510901 -0.00504044 -0.00495879 -0.00490652 -0.00482885 -0.00477903 -0.00471665 -0.00466059 -0.00461602 -0.00455506 -0.00452196 -0.00446381 -0.00443286 -0.00438503 -0.00434981 -0.00431531 -0.00427464 -0.00425154 -0.00420838 -0.0041919 -0.00415081 -0.00413594 -0.00410082 -0.00408405 -0.00405701 -0.00403685 -0.00401817 -0.00399484 -0.00398348 -0.00395821 -0.00395256 -0.00392687 -0.00392529 -0.00390058 -0.0039017 -0.00387899 -0.0038819 -0.00386177 -0.00386599 -0.00384866 -0.00385402 -0.00383944 -0.00384603 -0.00383396 -0.00384204 -0.00383215 -0.00384204 -0.00383396 -0.00384603 -0.00383944 -0.00385402 -0.00384866 -0.00386599 -0.00386177 -0.0038819 -0.00387899 -0.0039017 -0.00390058 -0.00392529 -0.00392687 -0.00395256 -0.00395821 -0.00398348 -0.00399484 -0.00401817 -0.00403685 -0.00405701 -0.00408405 -0.00410082 -0.00413594 -0.00415081 -0.0041919 -0.00420838 -0.00425154 -0.00427464 -0.00431531 -0.00434981 -0.00438503 -0.00443286 -0.00446381 -0.00452196 -0.00455506 -0.00461602 -0.00466059 -0.00471665 -0.00477903 -0.00482885 -0.00490651 -0.00495877 -0.0050404 -0.00510888 -0.00518363 -0.00527467 -0.00534446 -0.00544757 -0.00552719 -0.00562083 -0.00571648 -0.00578262 -0.00586218 -0.00588255 -0.0058696 -0.00579283 -0.00559802 -0.00531588 -0.00485765 -0.00421771 -0.00335741 -0.00216293 -0.000624785 0.00136659 0.00386476 0.00684457 0.0103737 0.0144047 0.0189003 0.0238537 0.0290791 0.0344178 0.0396978 0.0446502 0.0491144 0.0528788 0.0556471 0.0572654 0.0575798 0.0564174 0.0537387 0.0495133 0.0437621 0.036672 0.0283897 0.0190053 0.0087454 -0.00212034 -0.0133817 -0.0247803 -0.0360117 -0.0468231 -0.0570051 -0.0663313 -0.0745449 -0.0814184 -0.0868132 -0.090619 
0 -0.00736248 -0.0147274 -0.0220227 -0.0292122 -0.036321 -0.0433162 -0.0501301 -0.0567568 -0.0631956 -0.0693888 -0.0752547 -0.0807075 -0.0856699 -0.0900522 -0.093715 -0.0965484 -0.0984748 -0.0993297 -0.0990007 -0.0975406 -0.0949659 -0.0912987 -0.0866917 -0.0812662 -0.0751884 -0.0687214 -0.0620109 -0.0552427 -0.0486822 -0.042452 -0.0367017 -0.0315418 -0.0269341 -0.0229417 -0.0195611 -0.01672 -0.0144398 -0.0126006 -0.0111257 -0.0099889 -0.00906068 -0.00835039 -0.00780286 -0.00735506 -0.007041 -0.00676846 -0.00656097 -0.00639986 -0.00623664 -0.00612753 -0.0060014 -0.00590167 -0.00581391 -0.00571129 -0.00564631 -0.00555128 -0.00548614 -0.00541091 -0.00533421 -0.00527873 -0.00519615 -0.0051496 -0.00507499 -0.00502584 -0.00496924 -0.00491303 -0.00487508 -0.00481532 -0.00478911 -0.00473322 -0.00470972 -0.00466414 -0.00463677 -0.00460426 -0.00457072 -0.00455019 -0.00451188 -0.00449985 -0.00446012 -0.00445248 -0.00441492 -0.00440821 -0.0043756 -0.00436763 -0.00434152 -0.00433133 -0.00431218 -0.00429978 -0.00428725 -0.0042732 -0.00426656 -0.00425166 -0.00425002 -0.00423508 -0.00423761 -0.00422337 -0.00422933 -0.00421639 -0.00422519 -0.00421408 -0.00422519 -0.00421639 -0.00422933 -0.00422337 -0.00423761 -0.00423508 -0.00425002 -0.00425166 -0.00426656 -0.0042732 -0.00428725 -0.00429978 -0.00431218 -0.00433133 -0.00434152 -0.00436763 -0.0043756 -0.00440821 -0.00441492 -0.00445248 -0.00446012 -0.00449985 -0.00451188 -0.00455019 -0.00457072 -0.00460426 -0.00463677 -0.00466414 -0.00470972 -0.00473322 -0.00478911 -0.00481532 -0.00487508 -0.00491303 -0.00496924 -0.00502584 -0.00507499 -0.0051496 -0.00519615 -0.00527872 -0.00533421 -0.0054109 -0.00548611 -0.00555119 -0.00564606 -0.00571062 -0.0058122 -0.00589749 -0.00599166 -0.00610591 -0.00619084 -0.00630741 -0.00638311 -0.00644243 -0.00647128 -0.00640493 -0.00628741 -0.00603112 -0.0056393 -0.00509606 -0.00430075 -0.00326396 -0.0018668 -3.31141e-05 0.0022492 0.00508645 0.00843978 0.0123007 0.0166998 0.0215175 0.0266903 0.0320734 0.0374042 0.0425369 0.0472563 0.051299 0.0544944 0.0565976 0.0574206 0.056921 0.0549829 0.0515295 0.0466427 0.0404087 0.0329491 0.0244594 0.0151039 0.00506583 -0.00541656 -0.0161331 -0.0268647 -0.0373459 -0.0473524 -0.0567094 -0.0652304 -0.0727236 -0.0790068 -0.0839097 -0.0873197 
0 -0.00848655 -0.016936 -0.0252381 -0.0333076 -0.0411102 -0.0485833 -0.0556832 -0.0624442 -0.0688839 -0.0749385 -0.0805374 -0.0856699 -0.0903384 -0.0944702 -0.0979554 -0.100723 -0.102662 -0.103622 -0.103536 -0.102374 -0.100108 -0.09681 -0.0925282 -0.0873145 -0.081387 -0.0749408 -0.0681261 -0.061197 -0.05433 -0.0476948 -0.0415219 -0.0358655 -0.0307828 -0.0263467 -0.022494 -0.0192608 -0.0166166 -0.0144443 -0.0127376 -0.0113664 -0.0102641 -0.00942363 -0.00872987 -0.0082122 -0.00781339 -0.00748357 -0.00725921 -0.00704565 -0.0068867 -0.0067492 -0.00660401 -0.00650478 -0.00637489 -0.00628031 -0.0061805 -0.0060774 -0.00600631 -0.00590402 -0.00584443 -0.00575941 -0.00569464 -0.00563425 -0.00556003 -0.00551808 -0.00544201 -0.00540525 -0.00533854 -0.00529595 -0.00524557 -0.00519351 -0.00515948 -0.00510136 -0.00507843 -0.00502117 -0.00500241 -0.00495264 -0.00493246 -0.00489422 -0.00486968 -0.00484401 -0.00481475 -0.00480034 -0.00476771 -0.00476202 -0.00472813 -0.00472841 -0.00469529 -0.00469921 -0.00466845 -0.00467437 -0.00464694 -0.00465392 -0.00463022 -0.00463793 -0.00461795 -0.00462647 -0.00460987 -0.00461958 -0.00460587 -0.00461728 -0.00460587 -0.00461958 -0.00460987 -0.00462647 -0.00461795 -0.00463793 -0.00463022 -0.00465392 -0.00464694 -0.00467437 -0.00466845 -0.00469921 -0.00469529 -0.00472841 -0.00472813 -0.00476202 -0.00476771 -0.00480034 -0.00481475 -0.00484401 -0.00486968 -0.00489422 -0.00493246 -0.00495264 -0.00500241 -0.00502117 -0.00507843 -0.00510136 -0.00515948 -0.00519351 -0.00524557 -0.00529595 -0.00533854 -0.00540525 -0.00544201 -0.00551808 -0.00556003 -0.00563425 -0.00569464 -0.00575941 -0.00584443 -0.005904 -0.00600625 -0.00607723 -0.00618003 -0.00627909 -0.00637186 -0.00649762 -0.00658786 -0.0067144 -0.00681523 -0.00690567 -0.00699795 -0.00701866 -0.00702405 -0.00693132 -0.00673782 -0.00644247 -0.00594864 -0.00528741 -0.00435668 -0.00308533 -0.00144891 0.000691732 0.0033264 0.00647814 0.0101904 0.0143771 0.0190512 0.0241366 0.0294398 0.0348345 0.0400788 0.0449383 0.0492595 0.0527642 0.0552222 0.0565119 0.056484 0.0550835 0.05231 0.0481285 0.0426289 0.035982 0.0283001 0.0197425 0.0105533 0.000945462 -0.00891825 -0.0188607 -0.0286624 -0.0381224 -0.0471021 -0.0554386 -0.0629263 -0.0694404 -0.0749084 -0.0791846 -0.0821433 
0 -0.00948333 -0.0188496 -0.0279961 -0.0368172 -0.045206 -0.0531108 -0.0605357 -0.067463 -0.0738603 -0.0797451 -0.085144 -0.0900522 -0.0944702 -0.0983865 -0.101732 -0.104409 -0.106333 -0.107441 -0.107635 -0.106804 -0.104932 -0.102039 -0.0981069 -0.093213 -0.0875141 -0.0811521 -0.0743566 -0.0673318 -0.0602209 -0.0532763 -0.0466815 -0.0405427 -0.0350079 -0.0300773 -0.0257604 -0.0221092 -0.019035 -0.0165287 -0.0145259 -0.0128912 -0.0116188 -0.0105936 -0.0097736 -0.00916028 -0.00864935 -0.00827956 -0.00798478 -0.00773453 -0.00756034 -0.00737448 -0.00723906 -0.00710393 -0.00696868 -0.00687018 -0.00673917 -0.00665292 -0.00654511 -0.00645249 -0.00637518 -0.00627558 -0.00621818 -0.00612452 -0.00606944 -0.00599475 -0.00593067 -0.00587848 -0.00580562 -0.00576948 -0.00569628 -0.00566533 -0.00560165 -0.00556685 -0.00551881 -0.00547623 -0.00544455 -0.00539531 -0.00537655 -0.00532482 -0.00531371 -0.00526436 -0.00525589 -0.00521288 -0.00520344 -0.00516909 -0.00515683 -0.00513188 -0.00511637 -0.0051004 -0.00508218 -0.00507413 -0.00505416 -0.00505277 -0.00503214 -0.00503618 -0.00501588 -0.00502433 -0.00500517 -0.00501721 -0.00499986 -0.00501484 -0.00499986 -0.00501721 -0.00500517 -0.00502433 -0.00501588 -0.00503618 -0.00503214 -0.00505277 -0.00505416 -0.00507413 -0.00508218 -0.0051004 -0.00511637 -0.00513188 -0.00515683 -0.00516909 -0.00520344 -0.00521288 -0.00525589 -0.00526436 -0.00531371 -0.00532482 -0.00537655 -0.00539531 -0.00544455 -0.00547623 -0.00551881 -0.00556685 -0.00560165 -0.00566533 -0.00569628 -0.00576948 -0.00580562 -0.00587848 -0.00593067 -0.00599475 -0.00606944 -0.00612452 -0.00621818 -0.00627557 -0.00637517 -0.00645245 -0.00654499 -0.00665259 -0.00673831 -0.00686802 -0.00696349 -0.00709202 -0.00721297 -0.00731994 -0.00745159 -0.0075278 -0.00761007 -0.00763159 -0.00757894 -0.00746723 -0.00720071 -0.00681919 -0.00624352 -0.00541565 -0.00432237 -0.00281776 -0.000882841 0.0015446 0.00453149 0.00801243 0.0120247 0.0165316 0.0214307 0.0266681 0.0320299 0.0372996 0.0423123 0.0468037 0.0505599 0.0533769 0.0550138 0.0553788 0.0544417 0.0521448 0.0485192 0.0436546 0.0376554 0.0306755 0.0228817 0.0144552 0.00562395 -0.00339287 -0.0124356 -0.0213771 -0.0300667 -0.0383387 -0.0460728 -0.0531619 -0.059461 -0.0648704 -0.0693628 -0.0728779 -0.0753306 
0 -0.0102767 -0.0203676 -0.0301671 -0.0395597 -0.0484227 -0.0567291 -0.0644591 -0.0715177 -0.0778949 -0.0837016 -0.0889805 -0.093715 -0.0979554 -0.101732 -0.104974 -0.107605 -0.109586 -0.110859 -0.111319 -0.110862 -0.109422 -0.106957 -0.103463 -0.0989789 -0.093568 -0.0873938 -0.0806809 -0.0735954 -0.0663446 -0.0591514 -0.0521766 -0.0456266 -0.039622 -0.0341891 -0.0294098 -0.0252674 -0.0217466 -0.0188629 -0.0164985 -0.0146092 -0.0131162 -0.0118986 -0.0109592 -0.0101993 -0.00959622 -0.00914608 -0.00876024 -0.00848257 -0.00824341 -0.00803892 -0.00788737 -0.00771874 -0.00760028 -0.00746685 -0.00734695 -0.00724683 -0.00712108 -0.00703824 -0.00692201 -0.00683753 -0.00674549 -0.0066518 -0.00658525 -0.00648892 -0.00643713 -0.00635109 -0.00630056 -0.00623442 -0.00617707 -0.00613225 -0.00606801 -0.00603873 -0.00597314 -0.0059506 -0.00589074 -0.00586714 -0.00581836 -0.00578918 -0.00575374 -0.00571797 -0.00569531 -0.0056545 -0.00564228 -0.00559921 -0.00559448 -0.00555202 -0.00555209 -0.00551252 -0.00551537 -0.0054802 -0.00548458 -0.00545451 -0.00545989 -0.00543498 -0.00544137 -0.00542127 -0.00542904 -0.00541314 -0.00542288 -0.00541044 -0.00542288 -0.00541314 -0.00542904 -0.00542127 -0.00544137 -0.00543498 -0.00545989 -0.00545451 -0.00548458 -0.0054802 -0.00551537 -0.00551252 -0.00555209 -0.00555202 -0.00559448 -0.00559921 -0.00564228 -0.0056545 -0.00569531 -0.00571797 -0.00575374 -0.00578918 -0.00581836 -0.00586714 -0.00589074 -0.0059506 -0.00597314 -0.00603873 -0.00606801 -0.00613225 -0.00617707 -0.00623442 -0.00630056 -0.00635109 -0.00643713 -0.00648892 -0.00658525 -0.0066518 -0.00674549 -0.00683752 -0.00692198 -0.00703816 -0.00712086 -0.00724623 -0.00734542 -0.00746313 -0.00759162 -0.00769944 -0.0078463 -0.00795554 -0.00808195 -0.00818438 -0.00823485 -0.00826207 -0.00817316 -0.00800117 -0.00768783 -0.0071827 -0.00649328 -0.00549844 -0.00417401 -0.00244061 -0.000199385 0.00253122 0.00581013 0.00961868 0.0139032 0.0186652 0.023769 0.029057 0.0343561 0.0394058 0.0440158 0.0479857 0.0510561 0.0530424 0.0538027 0.0532463 0.0513719 0.0481952 0.0437753 0.0382701 0.0318643 0.0247071 0.0169617 0.00885498 0.000597286 -0.0076703 -0.0157847 -0.0235732 -0.0309615 -0.037896 -0.0442521 -0.0499357 -0.0549247 -0.0591793 -0.0626455 -0.0653096 -0.0671633 
0 -0.0107944 -0.0213807 -0.0316377 -0.041448 -0.0506868 -0.0592902 -0.0672067 -0.0743857 -0.0808569 -0.0866803 -0.0918888 -0.0965484 -0.100723 -0.104409 -0.107605 -0.110296 -0.112404 -0.113869 -0.114638 -0.114583 -0.113584 -0.111593 -0.108585 -0.104546 -0.0995228 -0.0936426 -0.087079 -0.0800352 -0.0727204 -0.0653149 -0.0580316 -0.0510838 -0.0445999 -0.0386963 -0.0334277 -0.0287908 -0.0248274 -0.0215001 -0.0187556 -0.0165565 -0.0147747 -0.0133587 -0.0122388 -0.0113284 -0.0106335 -0.0100709 -0.00963087 -0.00929633 -0.00900114 -0.00878336 -0.00857665 -0.00839965 -0.00825087 -0.008089 -0.00797029 -0.00783006 -0.00771736 -0.00760765 -0.00749156 -0.00740746 -0.00729436 -0.00722045 -0.00712249 -0.00704495 -0.00696885 -0.00688372 -0.00682676 -0.00673974 -0.00669289 -0.00661359 -0.00656745 -0.00650345 -0.00645253 -0.00640633 -0.00635012 -0.00631942 -0.00626107 -0.00624082 -0.00618488 -0.0061696 -0.00612011 -0.00610549 -0.00606506 -0.00604851 -0.00601814 -0.00599874 -0.00597815 -0.00595618 -0.00594435 -0.00592069 -0.00591629 -0.00589208 -0.00589383 -0.00587012 -0.00587693 -0.0058546 -0.00586562 -0.00584535 -0.00585995 -0.00584228 -0.00585995 -0.00584535 -0.00586562 -0.0058546 -0.00587693 -0.00587012 -0.00589383 -0.00589208 -0.00591629 -0.00592069 -0.00594435 -0.00595618 -0.00597815 -0.00599874 -0.00601814 -0.00604851 -0.00606506 -0.00610549 -0.00612011 -0.0061696 -0.00618488 -0.00624082 -0.00626107 -0.00631942 -0.00635012 -0.00640633 -0.00645253 -0.00650345 -0.00656745 -0.00661359 -0.00669289 -0.00673974 -0.00682676 -0.00688372 -0.00696885 -0.00704495 -0.00712249 -0.00722045 -0.00729436 -0.00740744 -0.00749151 -0.0076075 -0.00771696 -0.007829 -0.00796767 -0.00808279 -0.00823679 -0.00836914 -0.00851358 -0.00865892 -0.00876692 -0.00887573 -0.00890971 -0.00888859 -0.0087757 -0.00852028 -0.00813647 -0.007534 -0.00669164 -0.00554287 -0.00398234 -0.00198362 0.000537719 0.00359535 0.0071645 0.0112596 0.0158125 0.0207489 0.0259504 0.0311964 0.036281 0.0409917 0.0451006 0.0484042 0.0506904 0.0517822 0.0515993 0.0501211 0.0473459 0.0433296 0.038224 0.0322219 0.0255215 0.0183313 0.0108355 0.00321949 -0.00431921 -0.0116607 -0.0187033 -0.0252718 -0.0312691 -0.0367233 -0.0416069 -0.0458587 -0.0495051 -0.0525603 -0.0549777 -0.0567706 -0.0579873 
0 -0.0110113 -0.0218494 -0.0323689 -0.0424297 -0.0518948 -0.0606635 -0.0686969 -0.0760084 -0.0826032 -0.0884867 -0.0937466 -0.0984748 -0.102662 -0.106333 -0.109586 -0.112404 -0.114703 -0.116457 -0.117588 -0.117949 -0.117435 -0.11595 -0.113434 -0.109899 -0.105352 -0.0998473 -0.093549 -0.0866418 -0.0793156 -0.0717793 -0.0642417 -0.0569141 -0.0499931 -0.0436132 -0.0378413 -0.0327235 -0.0282744 -0.0244801 -0.0213287 -0.0187496 -0.0166636 -0.0150025 -0.013664 -0.012605 -0.0117681 -0.0110968 -0.0105838 -0.0101636 -0.0098318 -0.00956238 -0.00931942 -0.00912648 -0.00893452 -0.00877167 -0.00862021 -0.00846912 -0.00834779 -0.00821025 -0.00810326 -0.00798699 -0.00788177 -0.0077887 -0.00768283 -0.00760627 -0.00750596 -0.00743552 -0.00734883 -0.00727675 -0.00720774 -0.00713226 -0.00707924 -0.00700379 -0.00696121 -0.00689139 -0.00685296 -0.00679359 -0.00675467 -0.0067082 -0.00666677 -0.0066331 -0.00658939 -0.00656664 -0.0065223 -0.00650782 -0.00646492 -0.00645612 -0.00641651 -0.00641134 -0.00637633 -0.00637346 -0.00634371 -0.00634248 -0.00631814 -0.00631841 -0.00629924 -0.00630124 -0.00628677 -0.00629096 -0.00628057 -0.00628753 -0.00628057 -0.00629096 -0.00628677 -0.00630124 -0.00629924 -0.00631841 -0.00631814 -0.00634248 -0.00634371 -0.00637346 -0.00637633 -0.00641134 -0.00641651 -0.00645612 -0.00646492 -0.00650782 -0.0065223 -0.00656664 -0.00658939 -0.0066331 -0.00666677 -0.0067082 -0.00675467 -0.00679359 -0.00685296 -0.00689139 -0.00696121 -0.00700379 -0.00707924 -0.00713226 -0.00720774 -0.00727675 -0.00734883 -0.00743552 -0.00750596 -0.00760627 -0.00768282 -0.00778869 -0.00788176 -0.00798696 -0.00810316 -0.00820997 -0.00834707 -0.00846729 -0.00861582 -0.00876153 -0.00891217 -0.00907941 -0.00922481 -0.00938086 -0.00949947 -0.00958267 -0.00961338 -0.00954441 -0.00938256 -0.00906902 -0.0085819 -0.00788028 -0.00688156 -0.00553678 -0.00375336 -0.00147008 0.00133514 0.00468416 0.00854812 0.0128889 0.017649 0.0227029 0.0278751 0.0329563 0.0377203 0.0419553 0.0454624 0.048019 0.0494311 0.0495995 0.0484739 0.0460628 0.0424418 0.0377093 0.0320583 0.0257443 0.0189492 0.0118737 0.00477401 -0.00218746 -0.00889403 -0.0151931 -0.0209875 -0.0262251 -0.0308434 -0.034828 -0.0382132 -0.0410413 -0.0433678 -0.0452186 -0.0465937 -0.0475536 -0.0481735 
