0 0 0 0 0 0 0 0 0 0 0 0 0 0 0 0 0 0 0 0 0 0 0 0 0 0 0 0 0 0 0 0 0 0 0 0 0 0 0 0 0 0 0 0 0 0 0 0 0 0 0 0 0 0 0 0 0 0 0 0 0 0 0 0 0 0 0 0 0 0 0 0 0 0 0 0 0 0 0 0 0 0 0 0 0 0 0 0 0 0 0 0 0 0 0 0 0 0 0 0 0 0 0 0 0 0 0 0 0 0 0 0 0 0 0 0 0 0 0 0 0 0 0 0 0 0 0 0 0 0 0 0 0 0 0 0 0 0 0 0 0 0 0 0 0 0 0 0 0 0 0 0 0 0 0 0 0 0 0 0 0 0 0 0 0 0 0 0 0 0 0 0 0 0 0 0 0 0 0 0 0 0 0 0 0 0 0 0 0 0 0 0 0 0 0 0 0 0 0 0 
0 0.000696706 0.00136302 0.00202927 0.00271001 0.00337486 0.0039918 0.00453332 0.00499655 0.00537849 0.00560433 0.00561734 0.0054481 0.00506247 0.00438313 0.00346896 0.00238913 0.00110516 -0.000358724 -0.00190052 -0.00344511 -0.00491681 -0.00626844 -0.00746283 -0.00839816 -0.00902863 -0.00939173 -0.00949632 -0.00935721 -0.0089871 -0.00839549 -0.00766568 -0.00687165 -0.00605062 -0.00524503 -0.00445758 -0.00371166 -0.00304861 -0.00247488 -0.00200934 -0.00163827 -0.00133513 -0.00109596 -0.000894953 -0.000734035 -0.000611012 -0.000514154 -0.000452129 -0.000407253 -0.000380648 -0.000366712 -0.00035427 -0.000351012 -0.000343192 -0.000338862 -0.000333465 -0.000325511 -0.000321921 -0.000313242 -0.00031045 -0.000304667 -0.000301792 -0.000300295 -0.000297223 -0.000298827 -0.00029607 -0.000298364 -0.000296478 -0.00029738 -0.000296522 -0.00029512 -0.000294981 -0.000291532 -0.000291561 -0.000287003 -0.000286675 -0.000282074 -0.000281075 -0.000277245 -0.000275511 -0.00027288 -0.000270537 -0.000269179 -0.000266452 -0.000266204 -0.000263329 -0.00026392 -0.000261089 -0.000262234 -0.000259575 -0.000261034 -0.000258609 -0.00026021 -0.000258028 -0.000259666 -0.000257702 -0.000259329 -0.000257534 -0.000259146 -0.000257464 -0.000259088 -0.000257464 -0.000259146 -0.000257534 -0.000259329 -0.000257702 -0.000259666 -0.000258028 -0.00026021 -0.000258609 -0.000261034 -0.000259575 -0.000262234 -0.000261089 -0.00026392 -0.000263329 -0.000266204 -0.000266452 -0.000269179 -0.000270537 -0.00027288 -0.000275511 -0.000277245 -0.000281075 -0.000282074 -0.000286675 -0.000287003 -0.000291561 -0.000291532 -0.000294981 -0.00029512 -0.000296522 -0.00029738 -0.000296478 -0.000298364 -0.00029607 -0.000298827 -0.000297223 -0.000300295 -0.000301791 -0.000304664 -0.00031044 -0.000313212 -0.000321837 -0.000325284 -0.000332876 -0.000337411 -0.000339783 -0.000343389 -0.00033806 -0.00033397 -0.00031788 -0.000293139 -0.00025547 -0.000192804 -0.000112448 2.62284e-06 0.000147231 0.000327163 0.000559673 0.000846782 0.00122342 0.00170071 0.00228133 0.00296453 0.00370591 0.00449034 0.00530408 0.00612699 0.00695328 0.00771108 0.0083219 0.00874144 0.00892518 0.00887384 0.00856082 0.00792142 0.00697808 0.00579025 0.00441144 0.00290096 0.0012723 -0.000409419 -0.00200445 -0.00347454 -0.0048221 -0.0059652 -0.00685439 -0.00750822 -0.0079484 -0.00820628 -0.00828113 -0.0081717 -0.00797102 -0.00773135 -0.00740374 -0.00706051 -0.00683037 -0.0066337 -0.00639117 
0 0.00136302 0.00273026 0.00408042 0.00540332 0.00669618 0.0079125 0.00899806 0.00993205 0.0106461 0.011027 0.0110457 0.010701 0.00989839 0.00857746 0.00679807 0.00460996 0.00204014 -0.000824411 -0.0038504 -0.00687496 -0.00976056 -0.0124332 -0.0147726 -0.0166212 -0.0179128 -0.0186469 -0.0188529 -0.0185738 -0.0178249 -0.0166758 -0.015263 -0.0137036 -0.0120999 -0.010506 -0.00894439 -0.00747374 -0.00614166 -0.00499078 -0.00404748 -0.00328484 -0.00267988 -0.0021969 -0.0018037 -0.0014949 -0.00124912 -0.00106464 -0.000932005 -0.000834955 -0.000773461 -0.000728428 -0.000700304 -0.000681977 -0.000666833 -0.000660336 -0.000651402 -0.000648087 -0.000643367 -0.00063878 -0.000636229 -0.000629406 -0.00062654 -0.000618716 -0.000613854 -0.000606746 -0.000599776 -0.000594381 -0.000586471 -0.000582794 -0.000575526 -0.000572937 -0.000567507 -0.000565268 -0.000562117 -0.000559724 -0.000558594 -0.00055588 -0.000556108 -0.000553166 -0.000553998 -0.000551048 -0.000551865 -0.000549139 -0.000549548 -0.000547223 -0.000547058 -0.000545236 -0.000544502 -0.000543218 -0.000542022 -0.000541263 -0.000539758 -0.000539484 -0.000537824 -0.000537987 -0.000536308 -0.000536858 -0.000535267 -0.000536156 -0.000534739 -0.000535918 -0.000534739 -0.000536156 -0.000535267 -0.000536858 -0.000536308 -0.000537987 -0.000537824 -0.000539484 -0.000539758 -0.000541263 -0.000542022 -0.000543218 -0.000544502 -0.000545236 -0.000547058 -0.000547223 -0.000549548 -0.000549139 -0.000551865 -0.000551048 -0.000553998 -0.000553166 -0.000556108 -0.00055588 -0.000558594 -0.000559724 -0.000562117 -0.000565268 -0.000567507 -0.000572937 -0.000575526 -0.000582794 -0.000586471 -0.000594381 -0.000599776 -0.000606746 -0.000613854 -0.000618715 -0.000626537 -0.000629398 -0.000636204 -0.000638705 -0.000643158 -0.000647533 -0.000649997 -0.000656936 -0.000658993 -0.000664758 -0.000664314 -0.000656908 -0.00063844 -0.000592934 -0.000520186 -0.000399061 -0.000225646 7.56046e-06 0.00031356 0.000689725 0.0011635 0.00175722 0.0025066 0.00345422 0.00459914 0.00593139 0.00740442 0.0089643 0.0105915 0.0122427 0.0138593 0.015336 0.0165205 0.0173178 0.0176727 0.0175423 0.0168892 0.015644 0.0138059 0.0114802 0.0087647 0.00574677 0.00253207 -0.000745426 -0.00390016 -0.00680474 -0.00942812 -0.0116898 -0.0134878 -0.014825 -0.0157416 -0.0162521 -0.0163963 -0.016246 -0.0158886 -0.0154067 -0.014843 -0.014242 -0.0136871 -0.0132385 -0.0129149 
0 0.00202927 0.00408042 0.00610268 0.00806493 0.00995893 0.0117289 0.0133179 0.0146602 0.0156308 0.0161459 0.0161653 0.0155779 0.0143033 0.0123654 0.00975643 0.00649437 0.0027172 -0.00144864 -0.00585819 -0.0102763 -0.0145224 -0.0184384 -0.0218153 -0.0245171 -0.026453 -0.0275631 -0.0278988 -0.0275033 -0.026423 -0.0247972 -0.0227636 -0.0204852 -0.018123 -0.0157458 -0.0134385 -0.0112741 -0.00930214 -0.00760171 -0.00617866 -0.00501829 -0.00409654 -0.00334661 -0.00275083 -0.00227523 -0.00189764 -0.00162065 -0.00140999 -0.00126778 -0.00117114 -0.00110297 -0.00106541 -0.00103201 -0.00101498 -0.000998694 -0.0009846 -0.000977137 -0.000962763 -0.000957882 -0.000945654 -0.000938903 -0.000930833 -0.000920933 -0.000916475 -0.000904996 -0.000901847 -0.000891391 -0.000887262 -0.0008797 -0.00087352 -0.000869234 -0.000861317 -0.000859445 -0.00085095 -0.000850097 -0.000842313 -0.000841217 -0.000835074 -0.000832963 -0.000828853 -0.000825498 -0.000823345 -0.000818922 -0.000818367 -0.000813258 -0.000813839 -0.000808471 -0.00080976 -0.000804496 -0.000806163 -0.000801259 -0.000803095 -0.000798692 -0.000800597 -0.000796743 -0.0007987 -0.000795374 -0.000797427 -0.000794561 -0.000796787 -0.000794292 -0.000796787 -0.000794561 -0.000797427 -0.000795374 -0.0007987 -0.000796743 -0.000800597 -0.000798692 -0.000803095 -0.000801259 -0.000806163 -0.000804496 -0.00080976 -0.000808471 -0.000813839 -0.000813258 -0.000818367 -0.000818922 -0.000823345 -0.000825498 -0.000828853 -0.000832963 -0.000835074 -0.000841217 -0.000842313 -0.000850097 -0.00085095 -0.000859445 -0.000861317 -0.000869234 -0.00087352 -0.0008797 -0.000887262 -0.000891391 -0.000901847 -0.000904996 -0.000916474 -0.000920931 -0.000930827 -0.000938884 -0.000945598 -0.000957723 -0.000962334 -0.000976029 -0.000981863 -0.00099225 -0.0010005 -0.00100101 -0.00100219 -0.000980301 -0.000944707 -0.000870321 -0.000746388 -0.000565661 -0.000296926 5.17472e-05 0.000508912 0.00108656 0.00180425 0.00272258 0.00386723 0.00529125 0.00700476 0.00896546 0.0111443 0.0134604 0.015861 0.0182926 0.0206244 0.0227296 0.0244363 0.0255822 0.0260923 0.0258664 0.0248334 0.0229826 0.0203065 0.0169062 0.0129322 0.00850253 0.00381719 -0.000913976 -0.00553584 -0.00984614 -0.0136896 -0.0170042 -0.0197004 -0.0217341 -0.0231466 -0.0239603 -0.0242481 -0.0241458 -0.0237114 -0.0230243 -0.0222621 -0.0214902 -0.0206961 -0.020027 -0.0196177 
0 0.00271001 0.00540332 0.00806493 0.0106552 0.0131117 0.0153879 0.0174142 0.0190533 0.020208 0.0208349 0.0207812 0.0198768 0.0181341 0.0155794 0.0121508 0.00791289 0.00303834 -0.00232119 -0.00795859 -0.0136434 -0.0191454 -0.0241636 -0.0284758 -0.031969 -0.0344997 -0.0360018 -0.0364952 -0.0360099 -0.0346812 -0.0326617 -0.0300905 -0.0271814 -0.0240984 -0.02098 -0.0179722 -0.0151398 -0.0125724 -0.0103339 -0.00842462 -0.00686254 -0.00559214 -0.00456532 -0.00375302 -0.00309441 -0.00258831 -0.00220177 -0.00191364 -0.00172067 -0.00157933 -0.00149433 -0.00143538 -0.0013932 -0.00136981 -0.00134086 -0.00132636 -0.00130478 -0.00128841 -0.00127471 -0.00125603 -0.00124845 -0.00123149 -0.00122594 -0.00121427 -0.00120716 -0.00120139 -0.00119157 -0.00118954 -0.0011781 -0.00117663 -0.00116558 -0.0011621 -0.00115313 -0.00114658 -0.00114037 -0.00113112 -0.00112745 -0.00111673 -0.00111479 -0.00110402 -0.0011029 -0.00109327 -0.0010922 -0.00108443 -0.00108292 -0.0010773 -0.00107516 -0.00107164 -0.00106885 -0.00106717 -0.00106388 -0.00106371 -0.00106007 -0.00106108 -0.00105728 -0.00105918 -0.00105537 -0.00105795 -0.00105427 -0.00105735 -0.00105391 -0.00105735 -0.00105427 -0.00105795 -0.00105537 -0.00105918 -0.00105728 -0.00106108 -0.00106007 -0.00106371 -0.00106388 -0.00106717 -0.00106885 -0.00107164 -0.00107516 -0.0010773 -0.00108292 -0.00108443 -0.0010922 -0.00109327 -0.0011029 -0.00110402 -0.00111479 -0.00111673 -0.00112745 -0.00113112 -0.00114037 -0.00114658 -0.00115313 -0.0011621 -0.00116558 -0.00117663 -0.0011781 -0.00118954 -0.00119157 -0.00120139 -0.00120716 -0.00121427 -0.00122593 -0.00123148 -0.00124841 -0.00125591 -0.00127439 -0.00128758 -0.0013027 -0.00132138 -0.00132948 -0.00134498 -0.00134157 -0.00133308 -0.00130124 -0.00123229 -0.00112659 -0.000944164 -0.00069086 -0.000332588 0.000146306 0.000753981 0.00154387 0.0025315 0.00378445 0.00535376 0.00725472 0.00951841 0.0120907 0.0149254 0.0179659 0.0210955 0.0242257 0.0271954 0.0298198 0.031955 0.0334015 0.0340056 0.0336525 0.0322329 0.0297732 0.0263315 0.0219594 0.0168286 0.0111472 0.00514768 -0.000903396 -0.00683133 -0.0124393 -0.0174513 -0.0217432 -0.0253009 -0.0280551 -0.0299898 -0.031185 -0.0317354 -0.0317528 -0.0313385 -0.0305905 -0.0296814 -0.0287678 -0.0278981 -0.0271289 -0.0265549 
0 0.00337486 0.00669618 0.00995893 0.0131117 0.0160739 0.0187984 0.0211706 0.0230298 0.0243102 0.0249189 0.0246575 0.0234363 0.0212629 0.0180754 0.0138707 0.00876307 0.00288952 -0.00351871 -0.0102052 -0.0169799 -0.0235262 -0.0294836 -0.0346572 -0.0388674 -0.0419559 -0.0438596 -0.0445133 -0.0439928 -0.0424943 -0.0401525 -0.0371632 -0.0337283 -0.0300105 -0.0262453 -0.0225808 -0.0191212 -0.0159864 -0.013196 -0.0108012 -0.00881154 -0.00717016 -0.00586713 -0.00482067 -0.00399001 -0.00335211 -0.0028458 -0.00248077 -0.00220887 -0.00201557 -0.00189297 -0.00179666 -0.0017457 -0.00170125 -0.00167271 -0.00165519 -0.00163046 -0.00162311 -0.00160124 -0.0015922 -0.00157635 -0.00156051 -0.00155091 -0.00152994 -0.00152337 -0.00150251 -0.00149502 -0.001479 -0.00146833 -0.00145907 -0.00144543 -0.0014419 -0.00142718 -0.00142671 -0.00141323 -0.001413 -0.00140251 -0.00140052 -0.00139377 -0.00138918 -0.00138602 -0.00137895 -0.00137865 -0.0013698 -0.00137145 -0.0013617 -0.00136445 -0.00135464 -0.00135785 -0.00134859 -0.00135187 -0.00134354 -0.00134672 -0.00133949 -0.00134256 -0.00133644 -0.00133953 -0.0013344 -0.00133768 -0.00133339 -0.00133706 -0.00133339 -0.00133768 -0.0013344 -0.00133953 -0.00133644 -0.00134256 -0.00133949 -0.00134672 -0.00134354 -0.00135187 -0.00134859 -0.00135785 -0.00135464 -0.00136445 -0.0013617 -0.00137145 -0.0013698 -0.00137865 -0.00137895 -0.00138602 -0.00138918 -0.00139377 -0.00140052 -0.00140251 -0.001413 -0.00141323 -0.00142671 -0.00142718 -0.0014419 -0.00144543 -0.00145907 -0.00146833 -0.001479 -0.00149502 -0.00150251 -0.00152337 -0.00152994 -0.0015509 -0.00156049 -0.00157627 -0.00159197 -0.00160063 -0.00162156 -0.0016267 -0.00164647 -0.00165338 -0.00166037 -0.00166327 -0.00163819 -0.00160258 -0.00150831 -0.00136353 -0.00113467 -0.000792132 -0.000338479 0.00028556 0.00107911 0.00209771 0.00339893 0.00500783 0.00700593 0.00938647 0.012154 0.0153022 0.0187461 0.0224445 0.0262588 0.030002 0.0335162 0.0365702 0.0390006 0.040641 0.04125 0.0407006 0.0389178 0.035897 0.0317563 0.0265538 0.0204167 0.0136474 0.00651517 -0.000717612 -0.00777672 -0.0144626 -0.020529 -0.0257619 -0.0301401 -0.0336318 -0.0361624 -0.0378152 -0.0387186 -0.0389489 -0.0386641 -0.0380367 -0.0371551 -0.0361627 -0.0352435 -0.034455 -0.0338222 
0 0.0039918 0.0079125 0.0117289 0.0153879 0.0187984 0.0218552 0.0244463 0.026471 0.027795 0.0282354 0.0276997 0.0261628 0.0235122 0.0196922 0.014808 0.00894448 0.00223804 -0.00502707 -0.0126162 -0.0202759 -0.0276296 -0.0343852 -0.0402934 -0.0451029 -0.0487018 -0.0509691 -0.0518196 -0.0513824 -0.0498001 -0.0472454 -0.0439526 -0.0400694 -0.0358322 -0.0315006 -0.0272323 -0.0232187 -0.0195377 -0.0162264 -0.0133644 -0.0109199 -0.00890493 -0.00728621 -0.00597596 -0.00496212 -0.00415625 -0.00353505 -0.00307689 -0.0027214 -0.00248621 -0.00230997 -0.00219327 -0.00212083 -0.00205651 -0.00202839 -0.00198969 -0.00196997 -0.00194898 -0.00192441 -0.00191467 -0.00188701 -0.00187975 -0.00185598 -0.00184409 -0.00182878 -0.00181027 -0.00180296 -0.00178067 -0.00177731 -0.00175608 -0.001752 -0.00173581 -0.00172801 -0.00171848 -0.00170636 -0.00170281 -0.00168764 -0.001688 -0.00167189 -0.00167378 -0.0016588 -0.00166027 -0.00164787 -0.00164771 -0.00163864 -0.00163638 -0.00163075 -0.00162647 -0.00162398 -0.00161805 -0.00161821 -0.00161116 -0.00161344 -0.00160574 -0.00160967 -0.00160175 -0.00160694 -0.00159912 -0.00160529 -0.00159782 -0.00160473 -0.00159782 -0.00160529 -0.00159912 -0.00160694 -0.00160175 -0.00160967 -0.00160574 -0.00161344 -0.00161116 -0.00161821 -0.00161805 -0.00162398 -0.00162647 -0.00163075 -0.00163638 -0.00163864 -0.00164771 -0.00164787 -0.00166027 -0.0016588 -0.00167378 -0.00167189 -0.001688 -0.00168764 -0.00170281 -0.00170636 -0.00171848 -0.00172801 -0.00173581 -0.001752 -0.00175608 -0.00177731 -0.00178067 -0.00180296 -0.00181027 -0.00182877 -0.00184408 -0.00185596 -0.00187969 -0.00188685 -0.00191423 -0.00192327 -0.00194619 -0.00196339 -0.00197488 -0.00199657 -0.00199129 -0.00199328 -0.00195544 -0.00188698 -0.00176828 -0.00155687 -0.0012674 -0.00083211 -0.00025639 0.000503207 0.00150587 0.00276612 0.00438737 0.00638856 0.00880861 0.0116814 0.0149504 0.0186334 0.022662 0.0269278 0.0313168 0.0355685 0.0394812 0.0428627 0.0454772 0.0471732 0.0477203 0.0469286 0.0447843 0.0412729 0.0364736 0.0305441 0.0236116 0.0159563 0.00791018 -0.000285569 -0.00831254 -0.0158834 -0.0228401 -0.0289795 -0.0341438 -0.0383224 -0.0415077 -0.043724 -0.0450783 -0.0456752 -0.0456707 -0.0452688 -0.0445746 -0.0436799 -0.0427764 -0.0420133 -0.0414467 
0 0.00453332 0.00899806 0.0133179 0.0174142 0.0211706 0.0244463 0.027162 0.0292345 0.0304592 0.030671 0.0298536 0.0279234 0.024744 0.0203603 0.0148846 0.00839361 0.00106796 -0.00687388 -0.0151835 -0.0234793 -0.0314472 -0.0388388 -0.0453071 -0.0506218 -0.0546526 -0.0572308 -0.0583541 -0.0580917 -0.0565247 -0.053894 -0.0503811 -0.0461654 -0.0415436 -0.0367226 -0.0319503 -0.027435 -0.0232293 -0.019447 -0.0161076 -0.0132137 -0.0108169 -0.00883606 -0.00725773 -0.00601909 -0.00502908 -0.00428929 -0.00370754 -0.00328289 -0.00298321 -0.00275428 -0.00261926 -0.00250571 -0.00243869 -0.00238797 -0.00233805 -0.002316 -0.0022727 -0.00225692 -0.00222616 -0.00220515 -0.00219004 -0.00216283 -0.00215829 -0.00213054 -0.00212737 -0.00210552 -0.00209639 -0.00208353 -0.0020662 -0.00206115 -0.00203801 -0.00203692 -0.00201263 -0.00201125 -0.00199021 -0.00198554 -0.00197048 -0.00196136 -0.00195305 -0.00193989 -0.00193756 -0.00192169 -0.00192378 -0.00190681 -0.00191163 -0.00189497 -0.00190105 -0.00188571 -0.00189205 -0.00187859 -0.0018846 -0.00187321 -0.00187869 -0.00186928 -0.0018743 -0.0018666 -0.00187139 -0.00186504 -0.00186994 -0.00186453 -0.00186994 -0.00186504 -0.00187139 -0.0018666 -0.0018743 -0.00186928 -0.00187869 -0.00187321 -0.0018846 -0.00187859 -0.00189205 -0.00188571 -0.00190105 -0.00189497 -0.00191163 -0.00190681 -0.00192378 -0.00192169 -0.00193756 -0.00193989 -0.00195305 -0.00196136 -0.00197048 -0.00198554 -0.00199021 -0.00201125 -0.00201263 -0.00203692 -0.00203801 -0.00206115 -0.0020662 -0.00208353 -0.00209639 -0.00210552 -0.00212737 -0.00213054 -0.00215828 -0.00216279 -0.00218992 -0.00220483 -0.00222533 -0.00225487 -0.0022678 -0.0023048 -0.00231361 -0.00233706 -0.00233746 -0.00231371 -0.00227182 -0.00215423 -0.00199293 -0.00171802 -0.00133222 -0.000810792 -8.82426e-05 0.00082657 0.0020408 0.00358711 0.00552631 0.00794094 0.010796 0.0141366 0.0179216 0.0220978 0.0266535 0.0314134 0.036223 0.0408622 0.045044 0.0486079 0.0513123 0.0529264 0.0533083 0.0522616 0.0497419 0.045793 0.0404328 0.0338663 0.0263381 0.0180441 0.00929717 0.000393604 -0.00838709 -0.0167097 -0.0243914 -0.0313095 -0.0372336 -0.0420762 -0.0459227 -0.0487972 -0.050729 -0.0518518 -0.0523079 -0.0522406 -0.0518239 -0.0512112 -0.0505259 -0.0498851 -0.0493886 
0 0.00499655 0.00993205 0.0146602 0.0190533 0.0230298 0.026471 0.0292345 0.0311808 0.032175 0.0321315 0.0309687 0.0285759 0.0249287 0.0200789 0.0140863 0.00710567 -0.00068241 -0.00911739 -0.0178649 -0.0265515 -0.0349517 -0.0427631 -0.0496525 -0.0554003 -0.0597694 -0.0626563 -0.0640891 -0.0640307 -0.062598 -0.0599937 -0.0563648 -0.0519931 -0.0471113 -0.041933 -0.0367698 -0.0317715 -0.0270868 -0.0228355 -0.019006 -0.0156915 -0.0128809 -0.0105435 -0.00868961 -0.00719201 -0.00603164 -0.00513227 -0.00442011 -0.00390942 -0.00350522 -0.00323026 -0.00303631 -0.00288926 -0.00281211 -0.00273142 -0.00269619 -0.00265469 -0.00262132 -0.00260377 -0.002564 -0.0025551 -0.00251712 -0.00250351 -0.00247666 -0.00245243 -0.00243909 -0.00240691 -0.0024024 -0.00236977 -0.0023666 -0.00234078 -0.00233299 -0.00231773 -0.00230299 -0.00229798 -0.00227742 -0.00227951 -0.00225621 -0.00226132 -0.00223873 -0.00224326 -0.00222409 -0.00222569 -0.00221149 -0.00220916 -0.00220038 -0.00219416 -0.00219047 -0.00218102 -0.00218168 -0.00216993 -0.00217407 -0.00216094 -0.00216777 -0.00215404 -0.00216291 -0.00214917 -0.0021596 -0.00214627 -0.00215793 -0.00214532 -0.00215793 -0.00214627 -0.0021596 -0.00214917 -0.00216291 -0.00215404 -0.00216777 -0.00216094 -0.00217407 -0.00216993 -0.00218168 -0.00218102 -0.00219047 -0.00219416 -0.00220038 -0.00220916 -0.00221149 -0.00222569 -0.00222409 -0.00224326 -0.00223873 -0.00226132 -0.00225621 -0.00227951 -0.00227742 -0.00229798 -0.00230299 -0.00231773 -0.00233299 -0.00234078 -0.0023666 -0.00236977 -0.0024024 -0.00240691 -0.00243909 -0.00245242 -0.00247664 -0.00250343 -0.0025169 -0.00255451 -0.00256251 -0.00260016 -0.00261296 -0.00263615 -0.00265694 -0.00265208 -0.00265903 -0.00260746 -0.0025411 -0.00239888 -0.00216945 -0.00184982 -0.00136053 -0.000731232 0.000133015 0.00126173 0.00270519 0.00458098 0.00688261 0.00969628 0.0130098 0.0167819 0.0210438 0.0256868 0.0306617 0.0358326 0.0409417 0.0458187 0.0501819 0.0537843 0.056441 0.0578696 0.057944 0.0565945 0.0537151 0.0493585 0.0435914 0.0365593 0.0285807 0.0198691 0.0106359 0.00123445 -0.00804431 -0.0169415 -0.0252072 -0.032713 -0.0393212 -0.0448881 -0.0494261 -0.0529872 -0.0555971 -0.057367 -0.0584297 -0.0588888 -0.0589173 -0.0587072 -0.0583627 -0.0579639 -0.0576163 
0 0.00537849 0.0106461 0.0156308 0.020208 0.0243102 0.027795 0.0304592 0.032175 0.0328938 0.0325231 0.0309299 0.0280853 0.0240387 0.0187941 0.0124208 0.00510212 -0.00300677 -0.0116886 -0.0206132 -0.0295211 -0.0381454 -0.046165 -0.0533366 -0.0593694 -0.0640125 -0.0672326 -0.0689679 -0.0691862 -0.0680031 -0.0655034 -0.0619096 -0.0575077 -0.0524709 -0.0470933 -0.0416143 -0.0362083 -0.0311153 -0.0263923 -0.0221217 -0.0183839 -0.0151384 -0.0124524 -0.0102592 -0.00849294 -0.00713205 -0.00603705 -0.00521186 -0.00457617 -0.00408544 -0.00375327 -0.00348476 -0.00332273 -0.00319763 -0.00310742 -0.0030602 -0.00299595 -0.00297608 -0.00292974 -0.00290667 -0.00288013 -0.00284443 -0.00283336 -0.00279108 -0.00278464 -0.0027473 -0.00273505 -0.00271077 -0.00268821 -0.00267807 -0.00264731 -0.00264657 -0.00261362 -0.00261536 -0.00258654 -0.00258486 -0.00256439 -0.00255614 -0.00254537 -0.00253018 -0.0025281 -0.00250757 -0.00251188 -0.00248844 -0.0024965 -0.00247257 -0.00248213 -0.0024596 -0.00246906 -0.00244912 -0.0024576 -0.00244079 -0.002448 -0.00243436 -0.00244042 -0.00242964 -0.00243496 -0.00242655 -0.00243167 -0.00242501 -0.00243057 -0.00242501 -0.00243167 -0.00242655 -0.00243496 -0.00242964 -0.00244042 -0.00243436 -0.002448 -0.00244079 -0.0024576 -0.00244912 -0.00246906 -0.0024596 -0.00248213 -0.00247257 -0.0024965 -0.00248844 -0.00251188 -0.00250757 -0.0025281 -0.00253018 -0.00254537 -0.00255614 -0.00256439 -0.00258486 -0.00258654 -0.00261536 -0.00261362 -0.00264657 -0.00264731 -0.00267807 -0.00268821 -0.00271077 -0.00273505 -0.00274729 -0.00278462 -0.00279103 -0.00283321 -0.00284401 -0.00287907 -0.00290405 -0.00292357 -0.0029622 -0.00296607 -0.00299877 -0.00298687 -0.0029718 -0.00291889 -0.00279488 -0.00262595 -0.00231921 -0.00191374 -0.00133265 -0.000544058 0.000469244 0.00183422 0.00355326 0.00574359 0.00844559 0.011643 0.0153963 0.0196159 0.0242983 0.0293881 0.0347095 0.0401558 0.0454662 0.0504099 0.0548027 0.0583247 0.0607666 0.0619309 0.0616425 0.0599163 0.0567019 0.051978 0.0458951 0.0385961 0.0303184 0.021351 0.0118879 0.00221599 -0.00734628 -0.016603 -0.0253248 -0.033299 -0.0404574 -0.0467274 -0.0520038 -0.056279 -0.0596344 -0.0621654 -0.0639561 -0.065112 -0.065785 -0.0661031 -0.0661619 -0.0661044 -0.0660513 
0 0.00560433 0.011027 0.0161459 0.0208349 0.0249189 0.0282354 0.030671 0.0321315 0.0325231 0.0317436 0.02972 0.0264685 0.0220458 0.0164971 0.00990514 0.00240166 -0.00581869 -0.0145007 -0.0234333 -0.0323848 -0.0410233 -0.0490903 -0.0563541 -0.0625166 -0.0674127 -0.0709394 -0.0729834 -0.0735654 -0.0726874 -0.0704137 -0.0670039 -0.0626552 -0.0576095 -0.0521469 -0.0464329 -0.0407439 -0.0352766 -0.0301295 -0.0254644 -0.0212796 -0.0176302 -0.0145603 -0.0119918 -0.00995141 -0.00832383 -0.00704152 -0.00607357 -0.00529612 -0.00473721 -0.00430676 -0.00399037 -0.00378476 -0.00360828 -0.0035153 -0.00342132 -0.00336269 -0.00331937 -0.0032637 -0.00324666 -0.00319519 -0.00318263 -0.00314586 -0.00312359 -0.00310571 -0.00307113 -0.0030666 -0.00302632 -0.00302454 -0.00298814 -0.00297983 -0.00295428 -0.00293522 -0.00292249 -0.00289384 -0.00289149 -0.00285777 -0.00286111 -0.00282773 -0.00283196 -0.00280336 -0.0028049 -0.00278371 -0.00278068 -0.00276773 -0.00275973 -0.00275455 -0.00274216 -0.00274355 -0.00272785 -0.00273437 -0.00271654 -0.00272684 -0.00270793 -0.00272094 -0.00270172 -0.00271669 -0.00269772 -0.00271411 -0.00269575 -0.00271325 -0.00269575 -0.00271411 -0.00269772 -0.00271669 -0.00270172 -0.00272094 -0.00270793 -0.00272684 -0.00271654 -0.00273437 -0.00272785 -0.00274355 -0.00274216 -0.00275455 -0.00275973 -0.00276773 -0.00278068 -0.00278371 -0.0028049 -0.00280336 -0.00283196 -0.00282773 -0.00286111 -0.00285777 -0.00289149 -0.00289384 -0.00292249 -0.00293522 -0.00295428 -0.00297983 -0.00298814 -0.00302454 -0.00302632 -0.0030666 -0.00307112 -0.00310568 -0.00312348 -0.00314557 -0.00318187 -0.00319331 -0.00324218 -0.00325343 -0.0032969 -0.00331573 -0.00332755 -0.00333653 -0.00328286 -0.00321891 -0.00304955 -0.0028081 -0.00244326 -0.00190816 -0.00122074 -0.000262515 0.000958367 0.0025508 0.00459574 0.00710715 0.0101941 0.0138016 0.017946 0.0226153 0.0276935 0.0331471 0.0387692 0.0443546 0.0497342 0.0546252 0.0588493 0.0621584 0.0642658 0.0650586 0.0644085 0.062273 0.0587017 0.0536843 0.0473536 0.0399206 0.0315388 0.0224684 0.0129874 0.00329997 -0.00636291 -0.0157963 -0.0248083 -0.0331788 -0.0407973 -0.0476376 -0.0536169 -0.0586715 -0.0628478 -0.066226 -0.0688613 -0.0708296 -0.0722501 -0.0732294 -0.0738567 -0.0742556 -0.0745253 
0 0.00561734 0.0110457 0.0161653 0.0207812 0.0246575 0.0276997 0.0298536 0.0309687 0.0309299 0.02972 0.0273202 0.0237288 0.0190179 0.0132753 0.0065755 -0.000943501 -0.00905688 -0.0175671 -0.026321 -0.0350801 -0.0435615 -0.0515244 -0.0587194 -0.0649473 -0.0700456 -0.0738177 -0.076185 -0.0771275 -0.0765955 -0.0746951 -0.0715812 -0.0674315 -0.0625318 -0.0570639 -0.0512435 -0.0453468 -0.0395349 -0.0340341 -0.0289652 -0.024364 -0.0203407 -0.0168601 -0.0139481 -0.0115904 -0.00967346 -0.00819339 -0.00701778 -0.00610758 -0.00542906 -0.00488803 -0.0045226 -0.0042352 -0.00404213 -0.00391444 -0.00380132 -0.00375023 -0.00367633 -0.00364341 -0.00359808 -0.00355644 -0.00353358 -0.00348215 -0.0034702 -0.0034207 -0.00340644 -0.00337044 -0.00334588 -0.00332752 -0.00329259 -0.00328807 -0.0032486 -0.00324984 -0.00321342 -0.00321242 -0.00318488 -0.00317657 -0.00316045 -0.00314339 -0.00313812 -0.00311371 -0.00311675 -0.00308793 -0.00309604 -0.003066 -0.00307623 -0.00304763 -0.00305781 -0.00303244 -0.00304131 -0.00302007 -0.00302715 -0.00301024 -0.00301562 -0.00300275 -0.00300689 -0.00299746 -0.00300105 -0.00299431 -0.00299812 -0.00299327 -0.00299812 -0.00299431 -0.00300105 -0.00299746 -0.00300689 -0.00300275 -0.00301562 -0.00301024 -0.00302715 -0.00302007 -0.00304131 -0.00303244 -0.00305781 -0.00304763 -0.00307623 -0.003066 -0.00309604 -0.00308793 -0.00311675 -0.00311371 -0.00313812 -0.00314339 -0.00316045 -0.00317657 -0.00318488 -0.00321242 -0.00321342 -0.00324984 -0.0032486 -0.00328807 -0.00329259 -0.00332752 -0.00334588 -0.00337043 -0.00340642 -0.00342062 -0.00347 -0.00348163 -0.00353225 -0.00355322 -0.00359058 -0.00362674 -0.00364088 -0.00367821 -0.00366156 -0.00365541 -0.00358351 -0.00345897 -0.0032647 -0.0029314 -0.00249716 -0.00185539 -0.00101656 9.2462e-05 0.00156578 0.00342148 0.00580026 0.00869739 0.0121518 0.0161862 0.0207188 0.02577 0.0312176 0.0369192 0.0427273 0.0483637 0.0536606 0.0584043 0.0623336 0.0652699 0.0669685 0.0672942 0.0662207 0.0636805 0.0597261 0.0544693 0.0480174 0.0405563 0.0322451 0.0232639 0.013894 0.00435022 -0.00523054 -0.0146712 -0.0237812 -0.032407 -0.0404313 -0.0477668 -0.054365 -0.0602096 -0.0652696 -0.0695309 -0.0730627 -0.0759445 -0.0782145 -0.0799582 -0.0812888 -0.082244 -0.0828512 
0 0.0054481 0.010701 0.0155779 0.0198768 0.0234363 0.0261628 0.0279234 0.0285759 0.0280853 0.0264685 0.0237288 0.0198946 0.0150184 0.00918159 0.00251924 -0.00481537 -0.012666 -0.0208632 -0.0292416 -0.037623 -0.0457839 -0.0534772 -0.0605083 -0.066727 -0.0719301 -0.0759251 -0.0786074 -0.0798971 -0.079791 -0.0783448 -0.0756233 -0.071822 -0.0671513 -0.0617886 -0.055989 -0.0499504 -0.0439044 -0.0380995 -0.032644 -0.0276785 -0.0232542 -0.0193767 -0.0161106 -0.0133853 -0.0111883 -0.00945289 -0.00806543 -0.00701383 -0.00617898 -0.00555404 -0.00509433 -0.00473803 -0.00451228 -0.00432448 -0.00421238 -0.00412348 -0.00404864 -0.00400954 -0.00394487 -0.00392119 -0.00386826 -0.00383922 -0.00380433 -0.00376336 -0.00374543 -0.00369743 -0.00368801 -0.00364292 -0.0036319 -0.00359815 -0.00357891 -0.00355978 -0.00353112 -0.00352473 -0.00348981 -0.00349112 -0.00345506 -0.00345842 -0.00342608 -0.00342701 -0.00340172 -0.00339767 -0.00338088 -0.00337112 -0.00336274 -0.00334784 -0.00334683 -0.00332807 -0.00333296 -0.00331177 -0.00332114 -0.00329882 -0.00331147 -0.00328901 -0.00330407 -0.00328216 -0.00329907 -0.00327811 -0.00329655 -0.00327677 -0.00329655 -0.00327811 -0.00329907 -0.00328216 -0.00330407 -0.00328901 -0.00331147 -0.00329882 -0.00332114 -0.00331177 -0.00333296 -0.00332807 -0.00334683 -0.00334784 -0.00336274 -0.00337112 -0.00338088 -0.00339767 -0.00340172 -0.00342701 -0.00342608 -0.00345842 -0.00345506 -0.00349112 -0.00348981 -0.00352473 -0.00353112 -0.00355978 -0.00357891 -0.00359815 -0.0036319 -0.00364292 -0.003688 -0.00369741 -0.00374538 -0.00376323 -0.00380397 -0.00383829 -0.00386598 -0.00391579 -0.00393266 -0.00398313 -0.00399404 -0.0040156 -0.00400875 -0.0039573 -0.00387939 -0.00369407 -0.00344292 -0.00304107 -0.00248482 -0.00174087 -0.000717974 0.000588885 0.00231479 0.00449856 0.00720341 0.0104974 0.0143322 0.0187453 0.0236748 0.0290487 0.0347922 0.0406812 0.0465384 0.0521397 0.0572468 0.0616937 0.0652292 0.0676522 0.0688369 0.0686617 0.0671045 0.0641648 0.0598806 0.0544157 0.0479296 0.0405443 0.0324074 0.0236893 0.0145848 0.00528023 -0.00407668 -0.0133513 -0.0224117 -0.0311483 -0.0394685 -0.0472596 -0.0544318 -0.0609847 -0.0668976 -0.0720778 -0.0765358 -0.0803699 -0.083586 -0.0861813 -0.0882372 -0.0897869 -0.0908305 
0 0.00506247 0.00989839 0.0143033 0.0181341 0.0212629 0.0235122 0.024744 0.0249287 0.0240387 0.0220458 0.0190179 0.0150184 0.0100651 0.00428783 -0.00213569 -0.00912364 -0.0165717 -0.0243073 -0.0321852 -0.0400523 -0.0477241 -0.0550293 -0.0618049 -0.0678932 -0.073127 -0.0773134 -0.0802857 -0.0819639 -0.0823301 -0.0813751 -0.0791477 -0.0757737 -0.0714126 -0.066281 -0.0605859 -0.0545255 -0.0483594 -0.0422966 -0.0365273 -0.031205 -0.0263771 -0.0221228 -0.0184566 -0.0153668 -0.0128582 -0.0108302 -0.00924038 -0.00799959 -0.0070235 -0.0062949 -0.00572123 -0.00530996 -0.00500513 -0.00477791 -0.0046332 -0.00450467 -0.00443302 -0.00435904 -0.00430756 -0.00426706 -0.0042158 -0.00419345 -0.00414302 -0.0041242 -0.00408196 -0.00405611 -0.00402685 -0.00399073 -0.00397348 -0.00393067 -0.00392012 -0.00387756 -0.00386737 -0.0038316 -0.00381706 -0.0037919 -0.00377117 -0.00375724 -0.00373101 -0.00372653 -0.00369704 -0.00369906 -0.003669 -0.00367448 -0.0036462 -0.00365268 -0.00362782 -0.00363369 -0.00361311 -0.00361757 -0.00360147 -0.00360438 -0.00359249 -0.00359413 -0.0035859 -0.00358683 -0.00358156 -0.00358245 -0.00357941 -0.003581 -0.00357941 -0.00358245 -0.00358156 -0.00358683 -0.0035859 -0.00359413 -0.00359249 -0.00360438 -0.00360147 -0.00361757 -0.00361311 -0.00363369 -0.00362782 -0.00365268 -0.0036462 -0.00367448 -0.003669 -0.00369906 -0.00369704 -0.00372653 -0.00373101 -0.00375724 -0.00377117 -0.0037919 -0.00381706 -0.0038316 -0.00386737 -0.00387756 -0.00392012 -0.00393067 -0.00397347 -0.00399072 -0.00402684 -0.00405607 -0.00408187 -0.00412396 -0.00414238 -0.00419185 -0.00421196 -0.00425823 -0.00428814 -0.00431818 -0.00435082 -0.00434664 -0.0043429 -0.00426817 -0.00414882 -0.00393148 -0.00358914 -0.00311467 -0.00242728 -0.0015294 -0.000323897 0.00124502 0.00324288 0.00577212 0.00883761 0.0124922 0.0167173 0.0214767 0.0267538 0.0324252 0.0383631 0.0443649 0.0501841 0.0556262 0.060461 0.0644769 0.0674853 0.0693125 0.069883 0.0691634 0.0671244 0.0637898 0.0592504 0.0536521 0.0471571 0.0399061 0.0320265 0.0236698 0.0149806 0.00605453 -0.00298012 -0.0119755 -0.0208765 -0.0296327 -0.0381234 -0.0462529 -0.0539466 -0.0611314 -0.0677835 -0.0738665 -0.079309 -0.0840916 -0.0882235 -0.091693 -0.0945061 -0.0966768 -0.0982054 
0 0.00438313 0.00857746 0.0123654 0.0155794 0.0180754 0.0196922 0.0203603 0.0200789 0.0187941 0.0164971 0.0132753 0.00918159 0.00428783 -0.00124669 -0.00731309 -0.0138439 -0.0207304 -0.0278687 -0.0351195 -0.0423265 -0.0494134 -0.0562638 -0.0626949 -0.0685803 -0.0737661 -0.0780526 -0.081291 -0.0833637 -0.0842067 -0.083806 -0.0821457 -0.0792777 -0.0753432 -0.0705209 -0.0650134 -0.0590363 -0.0528117 -0.0465761 -0.0405523 -0.0348962 -0.0297193 -0.0250903 -0.0210349 -0.0175844 -0.0147157 -0.0123857 -0.0105387 -0.00907574 -0.00794471 -0.00706766 -0.00639597 -0.00590215 -0.00552622 -0.0052677 -0.00507359 -0.00493652 -0.00484 -0.00475387 -0.00469974 -0.00463544 -0.00459312 -0.00454428 -0.00450073 -0.00446593 -0.00441956 -0.00439469 -0.00434986 -0.00432848 -0.00429063 -0.00426714 -0.00423939 -0.00421121 -0.00419334 -0.00416119 -0.00415041 -0.00411708 -0.0041096 -0.00407842 -0.00407084 -0.00404447 -0.00403462 -0.00401454 -0.00400154 -0.00398809 -0.00397211 -0.00396478 -0.00394662 -0.00394447 -0.00392515 -0.00392714 -0.00390763 -0.00391285 -0.00389391 -0.00390166 -0.00388381 -0.00389363 -0.00387717 -0.00388879 -0.00387389 -0.00388717 -0.00387389 -0.00388879 -0.00387717 -0.00389363 -0.00388381 -0.00390166 -0.00389391 -0.00391285 -0.00390763 -0.00392714 -0.00392515 -0.00394447 -0.00394662 -0.00396478 -0.00397211 -0.00398809 -0.00400154 -0.00401454 -0.00403462 -0.00404447 -0.00407084 -0.00407842 -0.0041096 -0.00411708 -0.00415041 -0.00416119 -0.00419334 -0.00421121 -0.00423939 -0.00426713 -0.00429062 -0.00432848 -0.00434983 -0.00439463 -0.00441939 -0.0044655 -0.00449963 -0.00454158 -0.00458682 -0.00462135 -0.00466956 -0.00469206 -0.00471896 -0.00470994 -0.00466817 -0.00457382 -0.00438879 -0.00411256 -0.00368473 -0.00309566 -0.00228943 -0.00120998 0.000195613 0.0020273 0.00434012 0.00720536 0.0106544 0.0146795 0.019277 0.024396 0.0299692 0.0358769 0.0419276 0.0479069 0.0535884 0.0587523 0.0631923 0.0666996 0.069091 0.0702712 0.0702066 0.0688894 0.0663513 0.0626403 0.0578693 0.052207 0.0457704 0.0386962 0.0311533 0.0232339 0.015013 0.00656623 -0.00204856 -0.0107207 -0.0193825 -0.0280343 -0.0365831 -0.0449246 -0.0530289 -0.0607949 -0.06811 -0.0749699 -0.0813234 -0.0870319 -0.0920341 -0.0963348 -0.0999032 -0.102697 -0.104691 
0 0.00346896 0.00679807 0.00975643 0.0121508 0.0138707 0.014808 0.0148846 0.0140863 0.0124208 0.00990514 0.0065755 0.00251924 -0.00213569 -0.00731309 -0.0129435 -0.0188981 -0.0251101 -0.0315284 -0.0380085 -0.0444809 -0.0509326 -0.057238 -0.0632673 -0.0688905 -0.0739279 -0.0782588 -0.0817298 -0.0841646 -0.0855034 -0.0856715 -0.0846021 -0.0823231 -0.0788887 -0.0744593 -0.0692461 -0.0634289 -0.0572454 -0.0509269 -0.0446949 -0.0387629 -0.033253 -0.0282576 -0.0238329 -0.0199981 -0.0167689 -0.0141129 -0.0119747 -0.0102844 -0.0089583 -0.00792987 -0.00714121 -0.00654265 -0.00609991 -0.0057764 -0.00554228 -0.00537676 -0.00525183 -0.00516067 -0.00508552 -0.00502207 -0.00496877 -0.00491477 -0.00487156 -0.00482357 -0.00478472 -0.0047439 -0.00470643 -0.00467341 -0.00463657 -0.00461003 -0.00457484 -0.00455217 -0.00452041 -0.00449895 -0.00447213 -0.00445012 -0.00442883 -0.00440573 -0.00438963 -0.00436589 -0.00435402 -0.00433062 -0.00432178 -0.00429982 -0.00429292 -0.00427329 -0.00426752 -0.00425079 -0.00424569 -0.0042321 -0.0042275 -0.00421704 -0.00421297 -0.00420545 -0.00420211 -0.00419723 -0.00419489 -0.00419233 -0.00419128 -0.0041907 -0.00419128 -0.00419233 -0.00419489 -0.00419723 -0.00420211 -0.00420545 -0.00421297 -0.00421704 -0.0042275 -0.0042321 -0.00424569 -0.00425079 -0.00426752 -0.00427329 -0.00429292 -0.00429982 -0.00432178 -0.00433062 -0.00435402 -0.00436589 -0.00438963 -0.00440573 -0.00442883 -0.00445012 -0.00447213 -0.00449895 -0.00452041 -0.00455217 -0.00457484 -0.00461002 -0.00463656 -0.0046734 -0.0047064 -0.00474379 -0.00478443 -0.00482282 -0.00486969 -0.00491034 -0.00495868 -0.00500009 -0.00503966 -0.00506918 -0.00507732 -0.00505847 -0.00498704 -0.00484912 -0.00461472 -0.00425511 -0.00374031 -0.00302667 -0.00206796 -0.000801482 0.00085185 0.00296594 0.00561441 0.00884259 0.0126587 0.017062 0.0220099 0.0274479 0.0332799 0.039329 0.0454031 0.0512632 0.0566865 0.0614841 0.0654224 0.0683254 0.0700609 0.0705502 0.0698311 0.0679168 0.064856 0.0607928 0.0558382 0.0501361 0.0438278 0.0370011 0.0298167 0.022372 0.0146461 0.00669475 -0.00142418 -0.009708 -0.0180967 -0.0265402 -0.0350215 -0.0434843 -0.0518708 -0.0600907 -0.0680027 -0.0755202 -0.0825816 -0.0890783 -0.0949159 -0.100007 -0.104247 -0.10759 -0.110011 
0 0.00238913 0.00460996 0.00649437 0.00791289 0.00876307 0.00894448 0.00839361 0.00710567 0.00510212 0.00240166 -0.000943501 -0.00481537 -0.00912364 -0.0138439 -0.0188981 -0.0241808 -0.0296489 -0.0352416 -0.0409024 -0.046626 -0.052356 -0.0580344 -0.0635958 -0.0688621 -0.0737124 -0.0780626 -0.0817088 -0.0844996 -0.0863131 -0.087005 -0.0865418 -0.0848711 -0.081993 -0.0780667 -0.073228 -0.0676782 -0.0616455 -0.0553134 -0.0489571 -0.0427836 -0.0369545 -0.0316186 -0.0268123 -0.022605 -0.0190122 -0.0160083 -0.0135799 -0.0116287 -0.0100963 -0.00890017 -0.00796516 -0.00725995 -0.00671734 -0.00632316 -0.0060336 -0.00582283 -0.0056767 -0.0055611 -0.00548083 -0.00540954 -0.0053528 -0.00530137 -0.00525142 -0.00520864 -0.0051617 -0.00512221 -0.0050788 -0.00504046 -0.00500146 -0.00496425 -0.00492977 -0.00489473 -0.00486427 -0.00483254 -0.00480543 -0.00477768 -0.00475341 -0.00472969 -0.00470797 -0.0046879 -0.00466863 -0.00465161 -0.00463474 -0.00462021 -0.0046057 -0.00459321 -0.00458099 -0.00457026 -0.00456022 -0.0045511 -0.00454314 -0.00453557 -0.00452958 -0.00452357 -0.00451945 -0.00451503 -0.00451271 -0.00450991 -0.00450935 -0.00450821 -0.00450935 -0.00450991 -0.00451271 -0.00451503 -0.00451945 -0.00452357 -0.00452958 -0.00453557 -0.00454314 -0.0045511 -0.00456022 -0.00457026 -0.00458099 -0.00459321 -0.0046057 -0.00462021 -0.00463474 -0.00465161 -0.00466863 -0.0046879 -0.00470797 -0.00472969 -0.00475341 -0.00477768 -0.00480543 -0.00483254 -0.00486427 -0.00489473 -0.00492977 -0.00496424 -0.00500145 -0.00504043 -0.00507873 -0.00512202 -0.00516119 -0.00520737 -0.00524835 -0.00529425 -0.005337 -0.00537599 -0.00541262 -0.00542848 -0.00543011 -0.00538427 -0.00528705 -0.00510514 -0.00480844 -0.00437687 -0.0037511 -0.00290995 -0.00177435 -0.000283048 0.00163736 0.00408322 0.00708012 0.0106833 0.0148734 0.01962 0.0249005 0.0305964 0.0366045 0.0427206 0.0487041 0.0543654 0.0594512 0.0637778 0.0671511 0.0693696 0.0703915 0.0701831 0.0687729 0.0662669 0.0627286 0.0583328 0.0532558 0.0475649 0.0413959 0.0348672 0.0280469 0.0210284 0.0138121 0.00638052 -0.00122681 -0.0090483 -0.0171073 -0.0253253 -0.0336706 -0.042146 -0.0506788 -0.0591597 -0.0674884 -0.0755459 -0.0831843 -0.0902844 -0.0967729 -0.102519 -0.10734 -0.111148 -0.113912 
0 0.00110516 0.00204014 0.0027172 0.00303834 0.00288952 0.00223804 0.00106796 -0.00068241 -0.00300677 -0.00581869 -0.00905688 -0.012666 -0.0165717 -0.0207304 -0.0251101 -0.0296489 -0.034282 -0.0390031 -0.043846 -0.0487766 -0.0537479 -0.0587729 -0.063777 -0.0686324 -0.0732696 -0.0775515 -0.0813221 -0.0844339 -0.08666 -0.0878786 -0.088017 -0.0869517 -0.0847023 -0.0813234 -0.0769242 -0.0717364 -0.0659103 -0.0596706 -0.0532766 -0.0469164 -0.0408432 -0.0351788 -0.0300132 -0.0254434 -0.021455 -0.0181005 -0.0153348 -0.0130942 -0.0113372 -0.0099368 -0.00886455 -0.00803178 -0.00739461 -0.00693198 -0.00657262 -0.00633023 -0.00613902 -0.006005 -0.00590376 -0.00581326 -0.00575278 -0.00568086 -0.00563422 -0.00557606 -0.00553093 -0.00548604 -0.00543912 -0.00540495 -0.00535797 -0.00532999 -0.00528632 -0.00526008 -0.00522248 -0.00519519 -0.00516477 -0.00513566 -0.005112 -0.0050818 -0.00506354 -0.00503373 -0.00501925 -0.00499133 -0.00497924 -0.00495436 -0.0049437 -0.00492252 -0.00491276 -0.00489551 -0.00488647 -0.00487307 -0.00486481 -0.00485498 -0.00484767 -0.00484107 -0.00483495 -0.00483122 -0.00482654 -0.00482534 -0.00482236 -0.00482338 -0.00482236 -0.00482534 -0.00482654 -0.00483122 -0.00483495 -0.00484107 -0.00484767 -0.00485498 -0.00486481 -0.00487307 -0.00488647 -0.00489551 -0.00491276 -0.00492252 -0.0049437 -0.00495436 -0.00497924 -0.00499133 -0.00501925 -0.00503373 -0.00506354 -0.0050818 -0.005112 -0.00513566 -0.00516477 -0.00519519 -0.00522248 -0.00526008 -0.00528631 -0.00532998 -0.00535795 -0.00540491 -0.005439 -0.00548571 -0.00553007 -0.00557396 -0.00562926 -0.00566966 -0.00572856 -0.00576311 -0.00580436 -0.00581654 -0.00579722 -0.00573693 -0.00558602 -0.00535745 -0.00497635 -0.00444411 -0.00369964 -0.00268586 -0.00136554 0.000382814 0.00259195 0.00536304 0.00872896 0.0126781 0.0172367 0.0223146 0.0278802 0.0338133 0.039915 0.0460158 0.0518336 0.0571731 0.0618407 0.0655917 0.0682969 0.0698057 0.0700752 0.0691762 0.0671197 0.0640296 0.0600737 0.0553914 0.0501787 0.0445328 0.038522 0.0322847 0.0258591 0.0192459 0.0124911 0.00558113 -0.00153659 -0.00890893 -0.0165707 -0.0245069 -0.0326838 -0.0410658 -0.0495864 -0.0581633 -0.0667012 -0.0750748 -0.0831293 -0.0906892 -0.0975992 -0.10374 -0.108977 -0.113161 -0.116183 
