0 0 0 0 0 0 0 0 0 0 0 0 0 0 0 0 0 0 0 0 0 0 0 0 0 0 0 0 0 0 0 0 0 0 0 0 0 0 0 0 0 0 0 0 0 0 0 0 0 0 0 0 0 0 0 0 0 0 0 0 0 0 0 0 0 0 0 0 0 0 0 0 0 0 0 0 0 0 0 0 0 0 0 0 0 0 0 0 0 0 0 0 0 0 0 0 0 0 0 0 0 0 0 0 0 0 0 0 0 0 0 0 0 0 0 0 0 0 0 0 0 0 0 0 0 0 0 0 0 0 0 0 0 0 0 0 0 0 0 0 0 0 0 0 0 0 0 0 0 0 0 0 0 0 0 0 0 0 0 0 0 0 0 0 0 0 0 0 0 0 0 0 0 0 0 0 0 0 0 0 0 0 0 0 0 0 0 0 0 0 0 0 0 0 0 0 0 0 0 0 
0 0.000139428 0.000237999 0.000362276 0.000540339 0.000693585 0.000840025 0.00107196 0.00133461 0.00158686 0.00191494 0.00228251 0.00264297 0.00310039 0.00360462 0.0040481 0.00452395 0.00500214 0.00535083 0.00561452 0.00577054 0.00573711 0.00551682 0.00503749 0.00431198 0.00340864 0.00224852 0.000889732 -0.000546758 -0.00204539 -0.00350829 -0.00490103 -0.0061748 -0.00718472 -0.00794452 -0.00844246 -0.00866109 -0.00864864 -0.00835578 -0.00785231 -0.00721462 -0.0064724 -0.00572387 -0.00494865 -0.0041884 -0.00348257 -0.00282487 -0.00228632 -0.00182794 -0.00146526 -0.00118201 -0.000936782 -0.000759835 -0.000598469 -0.000486635 -0.000399422 -0.000332044 -0.000300101 -0.000262701 -0.000257965 -0.000241306 -0.000241467 -0.00023982 -0.000234968 -0.00024251 -0.000232632 -0.000242619 -0.000232112 -0.000238707 -0.000231877 -0.000232 -0.000230824 -0.000224526 -0.000228462 -0.000217982 -0.000224922 -0.000213279 -0.00022073 -0.000210574 -0.000216515 -0.000209538 -0.000212784 -0.000209644 -0.000209831 -0.000210377 -0.000207733 -0.000211337 -0.00020641 -0.000212273 -0.000205698 -0.000213055 -0.000205413 -0.000213643 -0.000205382 -0.000214047 -0.000205469 -0.000214299 -0.000205577 -0.000214434 -0.000205646 -0.000214476 -0.000205646 -0.000214434 -0.000205577 -0.000214299 -0.000205469 -0.000214047 -0.000205382 -0.000213643 -0.000205413 -0.000213055 -0.000205698 -0.000212273 -0.00020641 -0.000211337 -0.000207733 -0.000210377 -0.000209831 -0.000209644 -0.000212784 -0.000209538 -0.000216515 -0.000210574 -0.00022073 -0.000213279 -0.000224922 -0.000217982 -0.000228462 -0.000224526 -0.000230823 -0.000231998 -0.000231873 -0.000238694 -0.000232075 -0.000242516 -0.000232363 -0.000241836 -0.000233352 -0.000236119 -0.000233378 -0.000224447 -0.0002245 -0.000199481 -0.000186521 -0.000138043 -8.42724e-05 9.3809e-07 0.000122037 0.000262147 0.000464559 0.000691891 0.000999856 0.00138149 0.00185394 0.00244814 0.00310811 0.00385654 0.00462654 0.00540757 0.00620398 0.00694308 0.00762341 0.00813273 0.00841611 0.00847611 0.00825431 0.00779041 0.00703229 0.00596348 0.00469306 0.00324685 0.00172142 0.000169056 -0.00139893 -0.00281791 -0.00405024 -0.00511294 -0.00593785 -0.00654726 -0.00690768 -0.0070173 -0.00700207 -0.0068192 -0.00645773 -0.00607191 -0.00565187 -0.00517508 -0.00473176 -0.00430183 -0.00388371 -0.00353533 -0.00321214 -0.00292039 -0.00271151 -0.00252688 -0.00236044 -0.00224974 -0.00213469 -0.00203791 -0.00203198 
0 0.000237999 0.000497888 0.00077409 0.00105878 0.00137899 0.00176527 0.00219491 0.00265416 0.00320694 0.00387204 0.00458563 0.00536752 0.00625926 0.00718279 0.00810004 0.00903812 0.00992087 0.0106496 0.011172 0.011423 0.0113476 0.0108551 0.00987728 0.00846926 0.00663615 0.00435266 0.00171875 -0.00114249 -0.0040897 -0.00699216 -0.0097691 -0.0122435 -0.0142614 -0.0157711 -0.0167356 -0.0171904 -0.017135 -0.0165735 -0.0156146 -0.0143541 -0.0129306 -0.0114372 -0.00990586 -0.008413 -0.00698758 -0.00570124 -0.00460036 -0.00367851 -0.00294916 -0.002355 -0.00188522 -0.00151099 -0.00120802 -0.000986804 -0.000810612 -0.000696258 -0.000612582 -0.000558823 -0.000528728 -0.000501212 -0.000493903 -0.000477183 -0.000475177 -0.000465785 -0.000461889 -0.000459398 -0.000452461 -0.000455276 -0.000447011 -0.00045218 -0.00044498 -0.00044947 -0.000445087 -0.000446857 -0.000445906 -0.000444259 -0.000446334 -0.000441686 -0.000445785 -0.000439172 -0.000444146 -0.000436752 -0.00044162 -0.000434457 -0.000438554 -0.00043232 -0.00043531 -0.000430375 -0.00043219 -0.000428659 -0.000429411 -0.000427207 -0.000427109 -0.000426048 -0.000425354 -0.000425205 -0.000424178 -0.000424693 -0.000423589 -0.000424521 -0.000423589 -0.000424693 -0.000424178 -0.000425205 -0.000425354 -0.000426048 -0.000427109 -0.000427207 -0.000429411 -0.000428659 -0.00043219 -0.000430375 -0.00043531 -0.00043232 -0.000438554 -0.000434457 -0.00044162 -0.000436752 -0.000444146 -0.000439172 -0.000445785 -0.000441686 -0.000446334 -0.000444259 -0.000445906 -0.000446857 -0.000445087 -0.000449469 -0.000444978 -0.000452176 -0.000447 -0.000455243 -0.00045237 -0.000459152 -0.000461255 -0.00046422 -0.000471484 -0.000468857 -0.000475976 -0.000464383 -0.000456609 -0.000424306 -0.000373726 -0.000292539 -0.000160695 1.1322e-05 0.000258949 0.000562637 0.000953469 0.00143932 0.00204136 0.00281309 0.00375674 0.00491071 0.00623554 0.00768917 0.00923125 0.0107907 0.0123569 0.013844 0.0151503 0.0161545 0.0167129 0.0167967 0.0163675 0.015399 0.0138836 0.0118047 0.00928731 0.00647386 0.00346449 0.000386712 -0.00265519 -0.00548722 -0.00795716 -0.0100521 -0.0117225 -0.0129096 -0.0136256 -0.0139096 -0.0138559 -0.0135149 -0.0128982 -0.0121298 -0.0112977 -0.0103876 -0.00946637 -0.00861764 -0.00783244 -0.00710793 -0.00647213 -0.00593275 -0.00547211 -0.00506933 -0.00474211 -0.00450792 -0.00432751 -0.00417604 -0.00406901 
0 0.000362276 0.00077409 0.00119732 0.00161798 0.00212069 0.00272127 0.00335158 0.00406654 0.00493652 0.00589432 0.00695014 0.00816501 0.00945311 0.0107848 0.0121874 0.0135346 0.0147509 0.0158049 0.0165245 0.0168293 0.0166667 0.0158682 0.0144189 0.0123297 0.00954922 0.00618859 0.00234032 -0.00186728 -0.00617376 -0.0104493 -0.0145012 -0.018081 -0.0210722 -0.0233086 -0.0247592 -0.0254606 -0.0253681 -0.0245915 -0.0232171 -0.0213889 -0.0193232 -0.0170922 -0.0148393 -0.0126291 -0.01052 -0.0086382 -0.00698041 -0.00561398 -0.00450036 -0.00359325 -0.00288859 -0.00229934 -0.00185607 -0.00150057 -0.00123662 -0.00105791 -0.000917067 -0.000847078 -0.000781534 -0.000757567 -0.000734033 -0.000719305 -0.000717898 -0.000700785 -0.00070846 -0.000690975 -0.000698247 -0.000685698 -0.00068682 -0.000682356 -0.000675754 -0.000679041 -0.000666495 -0.000674705 -0.000659673 -0.000669169 -0.000655148 -0.000662831 -0.000652338 -0.000656312 -0.000650559 -0.000650178 -0.000649247 -0.000644809 -0.000648044 -0.000640371 -0.000646791 -0.000636872 -0.000645474 -0.000634219 -0.000644162 -0.000632279 -0.000642956 -0.000630919 -0.000641954 -0.000630029 -0.000641241 -0.000629526 -0.00064087 -0.000629364 -0.00064087 -0.000629526 -0.000641241 -0.000630029 -0.000641954 -0.000630919 -0.000642956 -0.000632279 -0.000644162 -0.000634219 -0.000645474 -0.000636872 -0.000646791 -0.000640371 -0.000648044 -0.000644809 -0.000649247 -0.000650178 -0.000650559 -0.000656312 -0.000652338 -0.000662831 -0.000655148 -0.000669169 -0.000659673 -0.000674705 -0.000666495 -0.00067904 -0.000675752 -0.000682348 -0.000686796 -0.000685631 -0.000698062 -0.000690491 -0.000707243 -0.000697852 -0.000711134 -0.000704388 -0.000702602 -0.000694335 -0.000660171 -0.000624968 -0.000529561 -0.000413274 -0.000213061 5.38217e-05 0.000409493 0.000886186 0.00146079 0.00221514 0.00313464 0.00430082 0.00574028 0.00743938 0.00941784 0.0115574 0.013835 0.0161585 0.0184367 0.0206111 0.0224711 0.0238945 0.0247137 0.0248049 0.0241702 0.0227099 0.0204464 0.0174342 0.0137469 0.0096271 0.00521174 0.000676638 -0.00372858 -0.00787176 -0.0115463 -0.0146289 -0.0171158 -0.0189013 -0.0200131 -0.0205449 -0.0205015 -0.0200215 -0.0192203 -0.0181256 -0.0168946 -0.0156139 -0.0142834 -0.0130222 -0.0118688 -0.0107801 -0.00982719 -0.00902323 -0.00830616 -0.00771022 -0.00723982 -0.00684437 -0.00654769 -0.00634023 -0.0061702 
0 0.000540339 0.00105878 0.00161798 0.00226141 0.00295846 0.00370755 0.00458281 0.00562208 0.00676663 0.00801467 0.0094517 0.0110417 0.0126984 0.0144561 0.0162623 0.0179543 0.0194742 0.020737 0.0215829 0.0218998 0.0215431 0.0204198 0.0185056 0.0156992 0.0120332 0.00765885 0.002666 -0.00273652 -0.00831458 -0.0138505 -0.0190257 -0.0236412 -0.0275124 -0.0304414 -0.0323944 -0.0333119 -0.033234 -0.0322888 -0.0305588 -0.0282713 -0.0255962 -0.0226959 -0.0197609 -0.0168551 -0.0141284 -0.0116484 -0.00946558 -0.00764582 -0.0061234 -0.00491192 -0.00393089 -0.00314359 -0.00253799 -0.0020459 -0.00169999 -0.00143032 -0.00125355 -0.00113626 -0.00105171 -0.00101692 -0.000975115 -0.000971053 -0.0009504 -0.000948777 -0.000942104 -0.000932764 -0.000935767 -0.000919271 -0.000926638 -0.000908095 -0.000914365 -0.000899136 -0.000900476 -0.000891866 -0.000886893 -0.000885619 -0.000875102 -0.000879881 -0.000865848 -0.000874398 -0.000859199 -0.000869143 -0.000854786 -0.00086421 -0.000852055 -0.000859731 -0.00085046 -0.000855811 -0.000849558 -0.000852514 -0.000849042 -0.000849858 -0.000848728 -0.000847833 -0.000848522 -0.000846415 -0.00084839 -0.000845576 -0.000848324 -0.000845299 -0.000848324 -0.000845576 -0.00084839 -0.000846415 -0.000848522 -0.000847833 -0.000848728 -0.000849858 -0.000849042 -0.000852514 -0.000849558 -0.000855811 -0.00085046 -0.000859731 -0.000852055 -0.00086421 -0.000854786 -0.000869143 -0.000859199 -0.000874398 -0.000865848 -0.000879881 -0.000875102 -0.000885619 -0.000886893 -0.000891866 -0.000900475 -0.000899134 -0.00091436 -0.000908079 -0.000926591 -0.00091914 -0.000935419 -0.000931872 -0.000939919 -0.00094365 -0.000938881 -0.000946299 -0.000924263 -0.000917129 -0.000864718 -0.000801792 -0.000682388 -0.000498486 -0.000245299 0.000132833 0.000605013 0.00124637 0.00204206 0.00305206 0.00433073 0.00589321 0.00782433 0.0100728 0.012644 0.0154605 0.0184166 0.0214597 0.024412 0.0271641 0.0295198 0.0312685 0.0322891 0.0323869 0.0314984 0.0295753 0.0265979 0.0227085 0.0179989 0.0126631 0.00696818 0.00112948 -0.00454751 -0.00986043 -0.0146596 -0.0187168 -0.0219582 -0.0243698 -0.0259376 -0.0267391 -0.0268139 -0.0262757 -0.0253268 -0.0240264 -0.0224647 -0.0208343 -0.0191916 -0.0175494 -0.0160006 -0.0145998 -0.0133445 -0.0122281 -0.01127 -0.0104965 -0.00985577 -0.00929492 -0.00886 -0.00856538 -0.00836473 
0 0.000693585 0.00137899 0.00212069 0.00295846 0.00385386 0.00482827 0.00597287 0.0072744 0.00868943 0.0102954 0.0121082 0.0140287 0.0160513 0.0181713 0.0202689 0.0222521 0.024009 0.025389 0.0262891 0.0265095 0.0258768 0.0243919 0.021945 0.0184377 0.0139812 0.00866823 0.00266899 -0.00378612 -0.0105122 -0.0171334 -0.0233184 -0.0288673 -0.0335037 -0.0370904 -0.0394952 -0.0406276 -0.0406202 -0.0395435 -0.0375719 -0.0349164 -0.0317154 -0.0282494 -0.0246683 -0.0211394 -0.0178264 -0.0147615 -0.0120813 -0.00977112 -0.00784564 -0.00629769 -0.00502553 -0.00404687 -0.00325322 -0.00265104 -0.00220003 -0.00185205 -0.0016325 -0.00145335 -0.001361 -0.00128339 -0.00124057 -0.00121727 -0.00118591 -0.00118728 -0.00115911 -0.00116662 -0.00114575 -0.00114846 -0.00113929 -0.00113277 -0.00113541 -0.00112051 -0.00113119 -0.00111184 -0.00112516 -0.00110606 -0.00111717 -0.00110208 -0.00110784 -0.00109882 -0.00109807 -0.00109557 -0.00108867 -0.00109199 -0.00108021 -0.00108807 -0.00107297 -0.00108398 -0.00106705 -0.00108 -0.00106239 -0.00107638 -0.00105888 -0.00107336 -0.00105638 -0.00107109 -0.00105478 -0.00106969 -0.001054 -0.00106922 -0.001054 -0.00106969 -0.00105478 -0.00107109 -0.00105638 -0.00107336 -0.00105888 -0.00107638 -0.00106239 -0.00108 -0.00106705 -0.00108398 -0.00107297 -0.00108807 -0.00108021 -0.00109199 -0.00108867 -0.00109557 -0.00109807 -0.00109882 -0.00110784 -0.00110208 -0.00111717 -0.00110606 -0.00112516 -0.00111184 -0.00113119 -0.0011205 -0.0011354 -0.00113274 -0.0011392 -0.00114822 -0.00114511 -0.00116503 -0.00115533 -0.00117865 -0.00116704 -0.00117781 -0.00116165 -0.00113259 -0.00108566 -0.000972956 -0.000831112 -0.00057217 -0.000238763 0.000242155 0.000873503 0.00167433 0.00272557 0.00401139 0.00565304 0.00764243 0.0100281 0.0128203 0.0159323 0.0193679 0.0229689 0.0266421 0.030221 0.0334572 0.0362111 0.0382228 0.0393409 0.0394097 0.0382366 0.0358412 0.0322279 0.0275252 0.0219302 0.0155611 0.00874367 0.00180076 -0.00501022 -0.0113903 -0.017183 -0.0221749 -0.02616 -0.0291812 -0.0312463 -0.0323542 -0.032632 -0.0321839 -0.0311735 -0.0297647 -0.0280103 -0.0260748 -0.0241328 -0.0221832 -0.0202911 -0.0185843 -0.0170429 -0.0156431 -0.0144408 -0.0134293 -0.0125711 -0.0118815 -0.0113582 -0.0109583 -0.0106648 
0 0.000840025 0.00176527 0.00272127 0.00370755 0.00482827 0.00611002 0.0075125 0.00905657 0.0108047 0.012762 0.0148734 0.0171211 0.0194943 0.0218947 0.0242277 0.0264103 0.028276 0.0296838 0.030498 0.0305035 0.0295874 0.0276787 0.0246491 0.0205032 0.0152998 0.00914399 0.00227979 -0.00511186 -0.0127623 -0.0202621 -0.027323 -0.0336361 -0.0389573 -0.0431356 -0.045943 -0.0473597 -0.0474577 -0.0463325 -0.044221 -0.0412491 -0.0376468 -0.0336786 -0.0295255 -0.02546 -0.0215791 -0.0180052 -0.0148316 -0.0120449 -0.00972735 -0.00779732 -0.00624852 -0.00502631 -0.00404188 -0.00331 -0.002722 -0.00230967 -0.0020029 -0.001787 -0.0016591 -0.00155088 -0.00151166 -0.00145842 -0.00144676 -0.00142437 -0.00141103 -0.00140834 -0.00138656 -0.00139475 -0.00136893 -0.00137922 -0.00135659 -0.00136192 -0.00134785 -0.00134455 -0.00134085 -0.00132881 -0.00133416 -0.00131575 -0.00132705 -0.00130564 -0.00131938 -0.00129821 -0.00131142 -0.00129291 -0.0013036 -0.00128913 -0.00129631 -0.00128637 -0.00128987 -0.00128429 -0.00128444 -0.00128267 -0.00128011 -0.00128142 -0.0012769 -0.00128052 -0.00127478 -0.00127996 -0.00127373 -0.00127978 -0.00127373 -0.00127996 -0.00127478 -0.00128052 -0.0012769 -0.00128142 -0.00128011 -0.00128267 -0.00128444 -0.00128429 -0.00128987 -0.00128637 -0.00129631 -0.00128913 -0.0013036 -0.00129291 -0.00131142 -0.00129821 -0.00131938 -0.00130564 -0.00132705 -0.00131575 -0.00133416 -0.00132881 -0.00134085 -0.00134455 -0.00134785 -0.00136191 -0.00135657 -0.00137916 -0.00136876 -0.0013943 -0.00138542 -0.0014056 -0.00140467 -0.00141023 -0.00141671 -0.00139729 -0.00139273 -0.00132968 -0.00126576 -0.00111797 -0.000913204 -0.000606784 -0.000161312 0.000409841 0.00120329 0.00218904 0.00347838 0.00509284 0.00708567 0.009531 0.0123778 0.0156799 0.0193403 0.0233144 0.0275138 0.0317233 0.0357971 0.0394368 0.0424413 0.0446312 0.0457614 0.0457109 0.0442814 0.0414308 0.0372692 0.0318772 0.0254819 0.0182781 0.0105301 0.00264872 -0.00509349 -0.0124152 -0.0190494 -0.024836 -0.0295766 -0.0332141 -0.0357981 -0.0373199 -0.0378858 -0.0376445 -0.0367006 -0.03524 -0.0334168 -0.0313245 -0.0291185 -0.0269238 -0.02479 -0.0227685 -0.020915 -0.0192733 -0.0178345 -0.0165641 -0.0155023 -0.0146739 -0.0140077 -0.0134825 -0.0131308 
0 0.00107196 0.00219491 0.00335158 0.00458281 0.00597287 0.0075125 0.00918006 0.0110437 0.0131349 0.0153862 0.0177733 0.0203265 0.0229783 0.0255954 0.0280881 0.0303475 0.0322173 0.0335307 0.0341085 0.0338267 0.0325668 0.0301571 0.0265569 0.0218075 0.0159252 0.00907252 0.00145864 -0.00669623 -0.0150326 -0.0232396 -0.0309887 -0.0379213 -0.0438368 -0.048483 -0.0516803 -0.0534098 -0.053656 -0.0525997 -0.050408 -0.0472302 -0.0433497 -0.03896 -0.0343656 -0.0298092 -0.0254204 -0.0213836 -0.0177086 -0.0144879 -0.0117426 -0.00943377 -0.00759105 -0.00608826 -0.00492783 -0.00401816 -0.00331243 -0.00280681 -0.00240717 -0.00215796 -0.00196207 -0.00184954 -0.00177476 -0.00171773 -0.00170242 -0.00166327 -0.00166794 -0.00163838 -0.00164116 -0.00162346 -0.00161517 -0.0016107 -0.00159098 -0.00159706 -0.00157061 -0.0015818 -0.00155496 -0.00156554 -0.00154366 -0.00154943 -0.00153565 -0.00153456 -0.00152973 -0.0015217 -0.00152494 -0.00151115 -0.00152067 -0.00150286 -0.00151664 -0.00149657 -0.00151283 -0.00149192 -0.00150932 -0.00148858 -0.00150629 -0.00148625 -0.00150386 -0.00148473 -0.00150218 -0.00148387 -0.00150132 -0.00148359 -0.00150132 -0.00148387 -0.00150218 -0.00148473 -0.00150386 -0.00148625 -0.00150629 -0.00148858 -0.00150932 -0.00149192 -0.00151283 -0.00149657 -0.00151664 -0.00150286 -0.00152067 -0.00151115 -0.00152494 -0.0015217 -0.00152973 -0.00153456 -0.00153565 -0.00154943 -0.00154366 -0.00156554 -0.00155496 -0.0015818 -0.00157061 -0.00159704 -0.00159094 -0.00161059 -0.00161486 -0.00162266 -0.00163919 -0.00163376 -0.0016575 -0.00164071 -0.00165574 -0.00162534 -0.00159986 -0.00153287 -0.00141354 -0.00124811 -0.000959605 -0.000592085 -4.22277e-05 0.000662892 0.00159996 0.00282126 0.00435195 0.00631628 0.00869103 0.0115644 0.0148982 0.0186601 0.0228443 0.0273081 0.0319945 0.0366666 0.0410846 0.0450236 0.0481827 0.0504192 0.0514982 0.0512301 0.0495256 0.0462847 0.0416279 0.0356859 0.0286228 0.0207498 0.0123239 0.00369221 -0.00478902 -0.012864 -0.020221 -0.0266675 -0.0321062 -0.0363922 -0.0395069 -0.0415144 -0.0424835 -0.0425416 -0.0418004 -0.0404167 -0.0386133 -0.0365021 -0.0341595 -0.0317631 -0.0294323 -0.0271697 -0.0250312 -0.0231227 -0.0214478 -0.0199671 -0.0187152 -0.0176913 -0.0168367 -0.016191 -0.0158015 
0 0.00133461 0.00265416 0.00406654 0.00562208 0.0072744 0.00905657 0.0110437 0.0132352 0.0156114 0.0181589 0.0208455 0.0236407 0.0264719 0.0292089 0.031744 0.0339787 0.035744 0.0368297 0.0370913 0.0364352 0.0347022 0.0317559 0.0276021 0.0222778 0.015845 0.0084329 0.00022274 -0.00846861 -0.0173165 -0.0260473 -0.0342923 -0.0417322 -0.0480902 -0.053103 -0.0566674 -0.0586856 -0.0591657 -0.0582552 -0.0560641 -0.0528293 -0.0487654 -0.044106 -0.0391822 -0.0341925 -0.0293799 -0.0248726 -0.0207341 -0.0170808 -0.0138883 -0.0112218 -0.00903369 -0.00726788 -0.00590032 -0.00480434 -0.00399007 -0.00335316 -0.00288868 -0.00256085 -0.00231241 -0.00217121 -0.00204759 -0.00199452 -0.00193893 -0.00191252 -0.00189442 -0.0018688 -0.00187088 -0.00184242 -0.0018521 -0.00182603 -0.0018335 -0.00181557 -0.00181482 -0.00180772 -0.00179701 -0.00179998 -0.00178099 -0.00179098 -0.00176723 -0.0017804 -0.00175576 -0.0017687 -0.00174632 -0.00175662 -0.00173855 -0.00174495 -0.00173211 -0.00173432 -0.00172676 -0.00172513 -0.00172235 -0.00171759 -0.00171881 -0.00171178 -0.00171614 -0.00170768 -0.00171435 -0.00170524 -0.00171345 -0.00170444 -0.00171345 -0.00170524 -0.00171435 -0.00170768 -0.00171614 -0.00171178 -0.00171881 -0.00171759 -0.00172235 -0.00172513 -0.00172676 -0.00173432 -0.00173211 -0.00174495 -0.00173855 -0.00175662 -0.00174632 -0.0017687 -0.00175576 -0.0017804 -0.00176723 -0.00179098 -0.00178099 -0.00179998 -0.00179701 -0.00180772 -0.00181481 -0.00181554 -0.00183342 -0.00182581 -0.00185154 -0.00184103 -0.00186756 -0.00186118 -0.00187769 -0.00187734 -0.00186809 -0.00185804 -0.00179605 -0.00172761 -0.00156337 -0.00134819 -0.00100212 -0.000523885 0.000117339 0.000995693 0.00210453 0.00357273 0.00540568 0.00770383 0.0104999 0.0137777 0.0175733 0.0217847 0.0264086 0.0313263 0.0363798 0.0413962 0.0460569 0.0501474 0.0533943 0.0555626 0.0564896 0.0559564 0.0539102 0.0503299 0.0452528 0.0388588 0.0313244 0.0229566 0.0140812 0.00495342 -0.00408601 -0.0127171 -0.0206625 -0.0276999 -0.0337327 -0.0386399 -0.0423214 -0.0448386 -0.0462951 -0.0467695 -0.0463661 -0.0452409 -0.043578 -0.0415182 -0.0391731 -0.0366793 -0.0341703 -0.0317378 -0.0294248 -0.0272663 -0.0253283 -0.0236407 -0.022176 -0.0209407 -0.0199648 -0.0192255 -0.0186948 
0 0.00158686 0.00320694 0.00493652 0.00676663 0.00868943 0.0108047 0.0131349 0.0156114 0.0182523 0.0210788 0.0240178 0.0269899 0.0299103 0.0326704 0.0351649 0.0372459 0.0387352 0.0394839 0.0393551 0.0382149 0.0359486 0.032476 0.0277897 0.0219547 0.015054 0.00719153 -0.00141093 -0.0104406 -0.0196151 -0.0286424 -0.0372078 -0.0449883 -0.0516489 -0.0569858 -0.0608728 -0.0632028 -0.0639878 -0.0632685 -0.061192 -0.0579865 -0.0538455 -0.049062 -0.0438906 -0.0385877 -0.0334098 -0.0284741 -0.0239334 -0.0198387 -0.0162388 -0.0131896 -0.0106373 -0.00859596 -0.00696193 -0.00568597 -0.00470949 -0.0039445 -0.00339732 -0.00297263 -0.0026911 -0.00248757 -0.00235109 -0.00227318 -0.00220291 -0.00218148 -0.00213953 -0.00213378 -0.00210839 -0.0020993 -0.00208792 -0.00207007 -0.00207006 -0.00204547 -0.00205203 -0.00202577 -0.00203341 -0.00201054 -0.00201478 -0.00199876 -0.00199707 -0.00198925 -0.0019811 -0.00198105 -0.00196733 -0.00197358 -0.0019559 -0.00196657 -0.00194668 -0.00196003 -0.00193944 -0.00195409 -0.00193388 -0.00194893 -0.00192973 -0.00194472 -0.00192679 -0.00194162 -0.0019249 -0.00193972 -0.00192398 -0.00193909 -0.00192398 -0.00193972 -0.0019249 -0.00194162 -0.00192679 -0.00194472 -0.00192973 -0.00194893 -0.00193388 -0.00195409 -0.00193944 -0.00196003 -0.00194668 -0.00196657 -0.0019559 -0.00197358 -0.00196733 -0.00198105 -0.0019811 -0.00198925 -0.00199707 -0.00199876 -0.00201478 -0.00201054 -0.0020334 -0.00202576 -0.00205202 -0.00204541 -0.00206991 -0.00206969 -0.00208695 -0.00209694 -0.00210291 -0.00212154 -0.00211335 -0.00212785 -0.00209776 -0.00207588 -0.00199682 -0.00187855 -0.00168763 -0.00138506 -0.000978848 -0.000383606 0.000381205 0.00141493 0.00274489 0.00444766 0.00661364 0.00925623 0.0124564 0.0161625 0.0203746 0.0250397 0.0300578 0.035353 0.0407008 0.0459027 0.0506911 0.0547885 0.0579824 0.0599969 0.0606543 0.0598219 0.0574309 0.0535296 0.0481479 0.0414176 0.0335808 0.0249166 0.015749 0.00634282 -0.00302942 -0.0120313 -0.0203875 -0.0279061 -0.0344436 -0.0398911 -0.0441721 -0.0472794 -0.0492782 -0.0502589 -0.0503165 -0.0495783 -0.048191 -0.0462967 -0.0440618 -0.0416184 -0.0390382 -0.0364585 -0.0340114 -0.0316883 -0.0295144 -0.0275972 -0.0259398 -0.0245235 -0.023402 -0.0225431 -0.0218897 
0 0.00191494 0.00387204 0.00589432 0.00801467 0.0102954 0.012762 0.0153862 0.0181589 0.0210788 0.0241168 0.0272235 0.0302906 0.0332071 0.0359147 0.0382603 0.0400279 0.0411215 0.0414418 0.0408094 0.0391137 0.036292 0.0322946 0.0271366 0.0208626 0.0135667 0.00541522 -0.00338852 -0.0125835 -0.0218856 -0.0310322 -0.0397355 -0.0476686 -0.0545351 -0.0601235 -0.0642926 -0.0669567 -0.0680595 -0.0676127 -0.0657528 -0.0626674 -0.058595 -0.0537903 -0.0484916 -0.0429821 -0.0374857 -0.0321976 -0.0272667 -0.0227612 -0.0187743 -0.0153211 -0.0124219 -0.0100582 -0.00815326 -0.00667071 -0.00550319 -0.00461702 -0.00394462 -0.00344172 -0.00309237 -0.00283156 -0.00267332 -0.00255285 -0.00248581 -0.0024369 -0.00240119 -0.00238466 -0.0023555 -0.00235128 -0.00232418 -0.00232172 -0.00229946 -0.0022932 -0.00227872 -0.00226663 -0.00226062 -0.0022433 -0.00224424 -0.00222388 -0.00222908 -0.00220833 -0.00221497 -0.00219616 -0.00220197 -0.00218666 -0.00219022 -0.00217917 -0.00217988 -0.00217316 -0.00217105 -0.00216829 -0.00216375 -0.00216437 -0.00215799 -0.00216131 -0.00215373 -0.00215911 -0.00215092 -0.00215777 -0.00214952 -0.00215732 -0.00214952 -0.00215777 -0.00215092 -0.00215911 -0.00215373 -0.00216131 -0.00215799 -0.00216437 -0.00216375 -0.00216829 -0.00217105 -0.00217316 -0.00217988 -0.00217917 -0.00219022 -0.00218666 -0.00220197 -0.00219616 -0.00221497 -0.00220833 -0.00222908 -0.00222388 -0.00224424 -0.0022433 -0.00226061 -0.00226662 -0.00227869 -0.00229311 -0.0022992 -0.00232105 -0.00232254 -0.00234739 -0.00234666 -0.00236543 -0.0023611 -0.00235691 -0.00233299 -0.0022734 -0.00218411 -0.00201096 -0.0017715 -0.00139669 -0.000889009 -0.000192238 0.000736489 0.00193799 0.00351024 0.00549178 0.00798367 0.0110092 0.014589 0.0187178 0.0233304 0.0283914 0.0337754 0.0393425 0.044889 0.0501579 0.0549235 0.0589228 0.0619196 0.0636814 0.0640087 0.0628218 0.0601057 0.0558997 0.0502769 0.0433583 0.0353697 0.0265978 0.0173206 0.00780572 -0.00166931 -0.0108385 -0.0194565 -0.0273159 -0.0342678 -0.0401929 -0.0450362 -0.0487835 -0.0513976 -0.0529391 -0.0535548 -0.0533223 -0.0523354 -0.0507638 -0.0487626 -0.0464622 -0.0439571 -0.0413403 -0.0387619 -0.0363108 -0.0339984 -0.031896 -0.0300631 -0.0284794 -0.0271593 -0.0261502 -0.0254568 
0 0.00228251 0.00458563 0.00695014 0.0094517 0.0121082 0.0148734 0.0177733 0.0208455 0.0240178 0.0272235 0.0304157 0.0334715 0.0363018 0.0388284 0.0408511 0.0422172 0.0428622 0.0426438 0.0414266 0.0391341 0.0357196 0.0312211 0.0256487 0.0190103 0.0114697 0.00319965 -0.00564297 -0.0148213 -0.0241025 -0.033218 -0.0418753 -0.0498219 -0.05678 -0.062535 -0.0669551 -0.0699177 -0.0713571 -0.0712598 -0.069704 -0.066877 -0.062992 -0.0582799 -0.0529807 -0.047339 -0.0416092 -0.0360129 -0.0307154 -0.0258387 -0.0214592 -0.0176268 -0.0143704 -0.0116709 -0.00949355 -0.00776624 -0.00641371 -0.00537238 -0.00457039 -0.00397509 -0.00353232 -0.00321918 -0.00300223 -0.00285196 -0.00275927 -0.00268966 -0.00265272 -0.00261847 -0.00260036 -0.00258215 -0.00256729 -0.0025578 -0.00254163 -0.00253707 -0.00251979 -0.00251709 -0.00250048 -0.00249711 -0.00248299 -0.00247731 -0.00246683 -0.00245827 -0.00245175 -0.00244058 -0.0024377 -0.00242472 -0.00242477 -0.00241092 -0.00241311 -0.00239928 -0.00240289 -0.00238973 -0.00239424 -0.00238217 -0.00238726 -0.00237646 -0.00238201 -0.00237248 -0.0023785 -0.00237013 -0.00237674 -0.00236935 -0.00237674 -0.00237013 -0.0023785 -0.00237248 -0.00238201 -0.00237646 -0.00238726 -0.00238217 -0.00239424 -0.00238973 -0.00240289 -0.00239928 -0.00241311 -0.00241092 -0.00242477 -0.00242472 -0.0024377 -0.00244058 -0.00245175 -0.00245827 -0.00246683 -0.00247731 -0.00248299 -0.0024971 -0.00250048 -0.00251707 -0.00251972 -0.0025369 -0.00254117 -0.00255666 -0.00256455 -0.00257585 -0.00258641 -0.00258889 -0.00259263 -0.00257279 -0.00254161 -0.00246381 -0.00233915 -0.00213273 -0.00182164 -0.00137915 -0.000759361 6.49664e-05 0.00116152 0.00258258 0.00440913 0.00671466 0.00955236 0.012962 0.0169335 0.0214439 0.0264393 0.0318337 0.0375026 0.0432574 0.0488708 0.0541062 0.0587257 0.0625045 0.0652093 0.0666125 0.0665683 0.0650093 0.0619548 0.0574758 0.0516514 0.0446497 0.0366793 0.0279631 0.0187703 0.0093413 -6.22216e-05 -0.00920395 -0.0179307 -0.0260233 -0.0332834 -0.039625 -0.044975 -0.0493019 -0.0525705 -0.0547604 -0.0559983 -0.0563836 -0.0559448 -0.0548274 -0.0531833 -0.0511114 -0.0487709 -0.046278 -0.0436929 -0.0411487 -0.0387574 -0.0365361 -0.0345205 -0.0327757 -0.0313344 -0.030211 -0.029419 
0 0.00264297 0.00536752 0.00816501 0.0110417 0.0140287 0.0171211 0.0203265 0.0236407 0.0269899 0.0302906 0.0334715 0.0364476 0.0391053 0.0412845 0.0428639 0.0437676 0.0438511 0.042999 0.0411632 0.0382579 0.0342942 0.0293451 0.0233876 0.0164994 0.00885289 0.000580237 -0.00813662 -0.0171415 -0.0262435 -0.0351374 -0.0436089 -0.0514435 -0.0583912 -0.0642782 -0.0689039 -0.0721463 -0.073942 -0.0742213 -0.0730603 -0.0705839 -0.0669773 -0.0624756 -0.0572673 -0.0516085 -0.0457428 -0.0399038 -0.0343103 -0.029084 -0.0243406 -0.020135 -0.0165027 -0.0134607 -0.0109652 -0.00897512 -0.00740478 -0.00618515 -0.00525005 -0.00453845 -0.00401494 -0.00363199 -0.00336575 -0.00318207 -0.00305932 -0.00297907 -0.0029236 -0.00288716 -0.00285846 -0.0028371 -0.00281834 -0.00280156 -0.00278688 -0.00277205 -0.00275938 -0.00274635 -0.00273479 -0.00272374 -0.00271289 -0.00270381 -0.00269358 -0.00268619 -0.0026767 -0.00267059 -0.00266206 -0.00265684 -0.00264945 -0.0026448 -0.00263868 -0.00263442 -0.00262959 -0.00262566 -0.0026221 -0.00261851 -0.00261614 -0.00261296 -0.00261168 -0.002609 -0.00260871 -0.00260663 -0.00260723 -0.00260584 -0.00260723 -0.00260663 -0.00260871 -0.002609 -0.00261168 -0.00261296 -0.00261614 -0.00261851 -0.0026221 -0.00262566 -0.00262959 -0.00263442 -0.00263868 -0.0026448 -0.00264945 -0.00265684 -0.00266206 -0.00267059 -0.0026767 -0.00268619 -0.00269358 -0.00270381 -0.00271289 -0.00272373 -0.00273478 -0.0027463 -0.00275927 -0.00277175 -0.0027861 -0.00279967 -0.0028139 -0.00282712 -0.00283692 -0.00284262 -0.00283537 -0.00281169 -0.00275522 -0.00265282 -0.00248261 -0.00221687 -0.00183218 -0.0012866 -0.000551216 0.000431191 0.00171453 0.00337103 0.00548365 0.00810917 0.0113102 0.0150865 0.0194339 0.0243106 0.0296401 0.0353341 0.0412074 0.0470638 0.0526542 0.0577357 0.062111 0.0655373 0.0678263 0.0687887 0.0683046 0.0663775 0.0630059 0.0582879 0.052355 0.04536 0.0375354 0.0290336 0.0200594 0.0108842 0.00170215 -0.00728162 -0.0159265 -0.0240953 -0.0315597 -0.0382216 -0.0440336 -0.048894 -0.0527895 -0.0557068 -0.0576356 -0.05867 -0.0588858 -0.0583517 -0.0571868 -0.0554979 -0.0534335 -0.0511483 -0.0487048 -0.0461926 -0.0437522 -0.04145 -0.0393334 -0.0374876 -0.0359524 -0.0347289 -0.0338382 
0 0.00310039 0.00625926 0.00945311 0.0126984 0.0160513 0.0194943 0.0229783 0.0264719 0.0299103 0.0332071 0.0363018 0.0391053 0.0414451 0.0431789 0.0442613 0.0445879 0.0440088 0.0424864 0.0399998 0.0365183 0.0320822 0.0267079 0.0204519 0.0134519 0.00580242 -0.00233754 -0.0108042 -0.0195153 -0.0282534 -0.0367918 -0.0449685 -0.0525679 -0.0594437 -0.0653878 -0.0701664 -0.0736864 -0.0758191 -0.076524 -0.0758302 -0.0737769 -0.0705629 -0.0663481 -0.0613323 -0.0557617 -0.0498365 -0.043851 -0.0380039 -0.0324722 -0.0273957 -0.0228178 -0.0188304 -0.0154222 -0.0126007 -0.0103239 -0.00850472 -0.00709855 -0.00599599 -0.00516771 -0.00454004 -0.00408006 -0.00375775 -0.00352348 -0.00337777 -0.00326726 -0.003205 -0.00315356 -0.00312113 -0.00309549 -0.0030703 -0.00305584 -0.00303209 -0.00302236 -0.00300052 -0.00299214 -0.00297378 -0.00296494 -0.00295094 -0.00294091 -0.00293121 -0.00292006 -0.00291399 -0.00290219 -0.00289882 -0.00288702 -0.00288546 -0.00287423 -0.00287377 -0.00286353 -0.00286371 -0.00285471 -0.00285529 -0.00284762 -0.00284852 -0.00284217 -0.00284343 -0.00283829 -0.00284002 -0.00283598 -0.00283832 -0.00283521 -0.00283832 -0.00283598 -0.00284002 -0.00283829 -0.00284343 -0.00284217 -0.00284852 -0.00284762 -0.00285529 -0.00285471 -0.00286371 -0.00286353 -0.00287377 -0.00287423 -0.00288546 -0.00288702 -0.00289882 -0.00290219 -0.00291399 -0.00292006 -0.00293121 -0.00294091 -0.00295093 -0.00296493 -0.00297375 -0.00299207 -0.00300032 -0.00302184 -0.0030308 -0.00305276 -0.00306324 -0.00308001 -0.00308855 -0.00308784 -0.00307797 -0.00303208 -0.00296065 -0.00281434 -0.00260068 -0.00226453 -0.00179263 -0.00114266 -0.00026167 0.000882303 0.00238955 0.00430008 0.00672104 0.00969244 0.0132468 0.017402 0.0220956 0.0273156 0.0329396 0.0388517 0.0448609 0.0507034 0.0561768 0.0610105 0.0650233 0.0680145 0.0697772 0.0702329 0.0692858 0.0669654 0.0633232 0.0584109 0.0524349 0.0455536 0.0379428 0.0297784 0.0211734 0.0123699 0.00355768 -0.00515245 -0.0135872 -0.0216428 -0.0291955 -0.0360946 -0.0422761 -0.0476383 -0.0521198 -0.0557364 -0.0584182 -0.0601516 -0.0610587 -0.0612136 -0.0606588 -0.0595009 -0.0578705 -0.055886 -0.0536625 -0.0513175 -0.0489459 -0.0466379 -0.044514 -0.0426367 -0.0410023 -0.0396869 -0.0387785 
0 0.00360462 0.00718279 0.0107848 0.0144561 0.0181713 0.0218947 0.0255954 0.0292089 0.0326704 0.0359147 0.0388284 0.0412845 0.0431789 0.0444196 0.0449191 0.0445826 0.0433287 0.0411267 0.037999 0.0339885 0.0290972 0.0233689 0.0169564 0.00995786 0.00244714 -0.00542777 -0.0135696 -0.0218535 -0.0301097 -0.0382179 -0.0459909 -0.0532905 -0.0600061 -0.0658975 -0.070797 -0.0745484 -0.0770217 -0.078203 -0.0780107 -0.076485 -0.0737404 -0.0698896 -0.0651712 -0.0597485 -0.0538688 -0.0478036 -0.0417553 -0.0359805 -0.0305789 -0.0256743 -0.0213339 -0.0175651 -0.0144217 -0.011823 -0.0097559 -0.00812006 -0.00684106 -0.0058718 -0.00511561 -0.00457602 -0.00416413 -0.00388784 -0.00369177 -0.00355834 -0.00347965 -0.00341163 -0.00338464 -0.00334381 -0.00333273 -0.0033055 -0.00329444 -0.00327706 -0.00326089 -0.00325145 -0.0032303 -0.00322641 -0.00320266 -0.00320155 -0.00317803 -0.00317732 -0.00315636 -0.0031544 -0.00313745 -0.00313345 -0.00312108 -0.00311493 -0.00310706 -0.00309908 -0.00309522 -0.00308595 -0.00308548 -0.00307548 -0.00307775 -0.00306754 -0.00307198 -0.00306198 -0.00306815 -0.0030587 -0.00306624 -0.00305762 -0.00306624 -0.0030587 -0.00306815 -0.00306198 -0.00307198 -0.00306754 -0.00307775 -0.00307548 -0.00308548 -0.00308595 -0.00309522 -0.00309908 -0.00310706 -0.00311493 -0.00312108 -0.00313345 -0.00313745 -0.0031544 -0.00315636 -0.00317732 -0.00317803 -0.00320155 -0.00320265 -0.00322639 -0.00323025 -0.00325132 -0.00326054 -0.00327618 -0.00329233 -0.00330059 -0.00332176 -0.0033203 -0.00333632 -0.0033165 -0.00330015 -0.00323383 -0.00312949 -0.00295316 -0.00267118 -0.00227904 -0.00170007 -0.000942952 9.29767e-05 0.00143077 0.00316611 0.00537949 0.00811375 0.0114588 0.015375 0.0198926 0.0249384 0.0304448 0.0363256 0.0423666 0.0484016 0.0541418 0.0593672 0.0638771 0.0674304 0.069899 0.0711019 0.0709912 0.0695862 0.0668755 0.0629669 0.0579365 0.051956 0.0452517 0.037932 0.0301618 0.0220718 0.0137741 0.00543506 -0.0028646 -0.0110031 -0.0188416 -0.0263403 -0.033389 -0.0398382 -0.0456035 -0.0506217 -0.054859 -0.0582684 -0.0607937 -0.0624647 -0.0633514 -0.0635022 -0.0629873 -0.061909 -0.0603722 -0.0584962 -0.0564258 -0.0542722 -0.0521002 -0.0500144 -0.0481328 -0.0465076 -0.0451924 -0.0442533 
0 0.0040481 0.00810004 0.0121874 0.0162623 0.0202689 0.0242277 0.0280881 0.031744 0.0351649 0.0382603 0.0408511 0.0428639 0.0442613 0.0449191 0.0447458 0.0437093 0.0417682 0.0389223 0.035226 0.0307202 0.0254439 0.0195016 0.0130306 0.00612925 -0.00112622 -0.00866137 -0.0163639 -0.0240981 -0.0317991 -0.0393753 -0.0466891 -0.0536523 -0.0601153 -0.0659134 -0.0708851 -0.0748282 -0.0776601 -0.0792912 -0.0796285 -0.0786798 -0.0764433 -0.0730627 -0.0687071 -0.0635363 -0.0578145 -0.0517396 -0.0455944 -0.039605 -0.0339202 -0.0287092 -0.0240012 -0.0198927 -0.0163855 -0.0134649 -0.0111182 -0.00922847 -0.0077736 -0.00662907 -0.00576483 -0.00511688 -0.00462907 -0.0042989 -0.00404464 -0.0038954 -0.00377378 -0.00370712 -0.00365318 -0.00361352 -0.00359184 -0.00355726 -0.00354994 -0.00351672 -0.00351394 -0.00348469 -0.00348061 -0.00345831 -0.00344986 -0.00343583 -0.00342221 -0.00341599 -0.00339798 -0.00339799 -0.0033772 -0.00338148 -0.00335968 -0.00336639 -0.00334512 -0.00335285 -0.00333317 -0.00334104 -0.00332355 -0.00333115 -0.00331606 -0.00332332 -0.00331054 -0.00331767 -0.0033069 -0.00331426 -0.00330509 -0.00331312 -0.00330509 -0.00331426 -0.0033069 -0.00331767 -0.00331054 -0.00332332 -0.00331606 -0.00333115 -0.00332355 -0.00334104 -0.00333317 -0.00335285 -0.00334512 -0.00336639 -0.00335968 -0.00338148 -0.0033772 -0.00339799 -0.00339798 -0.00341599 -0.00342221 -0.00343583 -0.00344985 -0.00345828 -0.00348052 -0.00348446 -0.00351336 -0.00351529 -0.00354656 -0.00354959 -0.0035751 -0.00357849 -0.0035829 -0.00357195 -0.00352466 -0.00345533 -0.00329904 -0.0030858 -0.00272992 -0.00224767 -0.00156605 -0.00065148 0.000541998 0.00211804 0.00410466 0.0066329 0.00971203 0.0134015 0.0176922 0.0225292 0.027898 0.033654 0.0397036 0.0458225 0.051771 0.057333 0.062235 0.0663193 0.0693659 0.0712223 0.0718269 0.0711319 0.0692263 0.0661526 0.0619888 0.056898 0.0510136 0.0445282 0.0375764 0.0302604 0.0227278 0.0150378 0.00724253 -0.000561988 -0.00828737 -0.015837 -0.023159 -0.030197 -0.0368155 -0.0428961 -0.0483762 -0.0531845 -0.0572515 -0.0605509 -0.0630497 -0.0647141 -0.0656121 -0.0658415 -0.0654359 -0.0644817 -0.0631236 -0.0614611 -0.0596077 -0.0576942 -0.0557946 -0.0540054 -0.052461 -0.0512142 -0.0502808 
0 0.00452395 0.00903812 0.0135346 0.0179543 0.0222521 0.0264103 0.0303475 0.0339787 0.0372459 0.0400279 0.0422172 0.0437676 0.0445879 0.0445826 0.0437093 0.041949 0.0393399 0.0359244 0.031713 0.0267908 0.0212705 0.0152336 0.00880515 0.00209581 -0.00484581 -0.0119453 -0.0190985 -0.0262304 -0.0333054 -0.040292 -0.0471218 -0.053679 -0.0598451 -0.0655042 -0.0704829 -0.0746175 -0.077781 -0.0798461 -0.0807343 -0.0803585 -0.0786979 -0.075847 -0.0719166 -0.0671048 -0.0616023 -0.0556266 -0.0494572 -0.0433034 -0.0374011 -0.0318838 -0.0268509 -0.022396 -0.0185224 -0.0152811 -0.0126102 -0.010472 -0.00879212 -0.00747088 -0.00647511 -0.00569953 -0.00514158 -0.00472334 -0.00443209 -0.0042341 -0.00408831 -0.0040068 -0.00392973 -0.00389706 -0.00385099 -0.00383183 -0.00380286 -0.00378288 -0.00376635 -0.00374206 -0.00373489 -0.00370756 -0.00370623 -0.00367871 -0.00367967 -0.00365474 -0.00365512 -0.00363473 -0.00363274 -0.00361785 -0.00361276 -0.00360344 -0.00359533 -0.00359111 -0.00358052 -0.00358064 -0.00356834 -0.00357199 -0.00355873 -0.00356516 -0.00355161 -0.00356023 -0.00354691 -0.00355724 -0.00354457 -0.00355624 -0.00354457 -0.00355724 -0.00354691 -0.00356023 -0.00355161 -0.00356516 -0.00355873 -0.00357199 -0.00356834 -0.00358064 -0.00358052 -0.00359111 -0.00359533 -0.00360344 -0.00361276 -0.00361785 -0.00363274 -0.00363473 -0.00365512 -0.00365474 -0.00367967 -0.0036787 -0.00370621 -0.0037075 -0.00373474 -0.00374168 -0.0037654 -0.00378059 -0.00379756 -0.00382007 -0.00382593 -0.00384585 -0.00382933 -0.00381814 -0.00374846 -0.00364702 -0.0034586 -0.00317141 -0.00275713 -0.00215706 -0.00136554 -0.00028424 0.00110516 0.00291547 0.00520391 0.00803979 0.0114862 0.0155189 0.0201585 0.0253194 0.0309491 0.0369268 0.0430637 0.0491685 0.0549591 0.0602264 0.0647458 0.0683144 0.0707835 0.0720052 0.0719673 0.0707079 0.0683015 0.0648655 0.0605035 0.0553819 0.049663 0.0434632 0.0369063 0.0301051 0.0231502 0.016085 0.00891112 0.0016666 -0.00556452 -0.0127297 -0.019797 -0.026689 -0.0333302 -0.0396432 -0.0455015 -0.0508013 -0.0554733 -0.0594643 -0.0627419 -0.0652421 -0.0669551 -0.0679798 -0.068359 -0.0681239 -0.0674055 -0.0662949 -0.0648708 -0.0633163 -0.061758 -0.060232 -0.0588407 -0.0576973 -0.0568553 
0 0.00500214 0.00992087 0.0147509 0.0194742 0.024009 0.028276 0.0322173 0.035744 0.0387352 0.0411215 0.0428622 0.0438511 0.0440088 0.0433287 0.0417682 0.0393399 0.0361436 0.0321957 0.0275368 0.0223237 0.0166656 0.0106555 0.0043996 -0.00204174 -0.0085781 -0.0151443 -0.0217129 -0.0282155 -0.0346526 -0.0410464 -0.0473327 -0.0534362 -0.0592625 -0.0647095 -0.0696676 -0.0739633 -0.0774325 -0.0799417 -0.0813573 -0.0815728 -0.0805261 -0.0782346 -0.0748084 -0.0704027 -0.0651961 -0.0594085 -0.0532742 -0.0470494 -0.0409662 -0.0351927 -0.02987 -0.0250712 -0.0208619 -0.0172693 -0.0142754 -0.0118554 -0.00991967 -0.00841056 -0.00723829 -0.00634254 -0.00567563 -0.00517628 -0.00483077 -0.0045776 -0.00441613 -0.0043 -0.00422562 -0.00417535 -0.00413314 -0.00411037 -0.00407753 -0.00406444 -0.00403524 -0.0040239 -0.00399879 -0.00398569 -0.003966 -0.00394995 -0.0039362 -0.00391744 -0.00390916 -0.00388869 -0.0038848 -0.00386394 -0.00386314 -0.00384308 -0.00384422 -0.00382587 -0.00382808 -0.00381196 -0.00381471 -0.00380104 -0.0038041 -0.00379282 -0.00379621 -0.00378709 -0.00379098 -0.00378371 -0.00378837 -0.00378259 -0.00378837 -0.00378371 -0.00379098 -0.00378709 -0.00379621 -0.00379282 -0.0038041 -0.00380104 -0.00381471 -0.00381196 -0.00382808 -0.00382587 -0.00384422 -0.00384308 -0.00386314 -0.00386394 -0.0038848 -0.00388869 -0.00390916 -0.00391743 -0.0039362 -0.00394994 -0.00396596 -0.0039856 -0.00399854 -0.00402328 -0.00403371 -0.00406084 -0.00406939 -0.0040927 -0.00409635 -0.00410182 -0.00408472 -0.00404112 -0.00396002 -0.00380644 -0.00357808 -0.00321723 -0.00271772 -0.00201491 -0.00107704 0.000161619 0.0017777 0.0038363 0.00643413 0.00960743 0.0134011 0.0177977 0.0227596 0.0282298 0.0340951 0.0402213 0.0463945 0.0523768 0.0579261 0.0628116 0.066844 0.0698409 0.0716589 0.0722311 0.0715698 0.0697575 0.066907 0.0631376 0.0586157 0.0535155 0.0479689 0.0420895 0.0359593 0.0296789 0.0233306 0.0168964 0.010375 0.00377661 -0.0029071 -0.00963334 -0.0163693 -0.0230556 -0.0296054 -0.0359942 -0.0421132 -0.0477937 -0.0529808 -0.0576119 -0.0615984 -0.0649155 -0.0675207 -0.0693905 -0.0705848 -0.0711667 -0.0712009 -0.0707757 -0.0699872 -0.0689578 -0.0678066 -0.0666373 -0.0655602 -0.0646398 -0.0639228 
