0 0 0 0 0 0 0 0 0 0 0 0 0 0 0 0 0 0 0 0 0 0 0 0 0 0 0 0 0 0 0 0 0 0 0 0 0 0 0 0 0 0 0 0 0 0 0 0 0 0 0 0 0 0 0 0 0 0 0 0 0 0 0 0 0 0 0 0 0 0 0 0 0 0 0 0 0 0 0 0 0 0 0 0 0 0 0 0 0 0 0 0 0 0 0 0 0 0 0 0 0 0 0 0 0 0 0 0 0 0 0 0 0 0 0 0 0 0 0 0 0 0 0 0 0 0 0 0 0 0 0 0 0 0 0 0 0 0 0 0 0 0 0 0 0 0 0 0 0 0 0 0 0 0 0 0 0 0 0 0 0 0 0 0 0 0 0 0 0 0 0 0 0 0 0 0 0 0 0 0 0 0 0 0 0 0 0 0 0 0 0 0 0 0 0 0 0 0 0 0 
0 6.09058e-05 0.000151017 0.000230828 0.000325666 0.000434014 0.000502388 0.000607892 0.000785123 0.000936189 0.00110112 0.00133558 0.00157325 0.00185534 0.00220492 0.00255945 0.00299074 0.0034729 0.00389811 0.00436794 0.00485048 0.00520461 0.00550094 0.0056981 0.00570006 0.0055256 0.00508935 0.0044221 0.00357411 0.00244575 0.00113988 -0.000259785 -0.00174116 -0.00318256 -0.00459048 -0.00586413 -0.00687795 -0.00767198 -0.0081779 -0.00843143 -0.00843984 -0.00815356 -0.00768916 -0.00705542 -0.00634283 -0.00561183 -0.00483488 -0.00410433 -0.00338855 -0.00275431 -0.0022226 -0.00176332 -0.00142459 -0.00112478 -0.000904046 -0.00071847 -0.000564616 -0.000463842 -0.000363575 -0.000319471 -0.000266307 -0.000247978 -0.000230607 -0.000216835 -0.000221669 -0.000205989 -0.000220082 -0.000205397 -0.000218358 -0.000209535 -0.000215072 -0.000214616 -0.000210976 -0.000218121 -0.000207113 -0.000218884 -0.000204119 -0.000216908 -0.000202147 -0.000212918 -0.000201018 -0.000207893 -0.000200433 -0.000202713 -0.000200113 -0.000197996 -0.000199866 -0.000194072 -0.000199599 -0.000191037 -0.000199288 -0.000188831 -0.000198956 -0.00018732 -0.000198642 -0.00018635 -0.000198386 -0.000185786 -0.000198218 -0.000185529 -0.00019816 -0.000185529 -0.000198218 -0.000185786 -0.000198386 -0.00018635 -0.000198642 -0.00018732 -0.000198956 -0.000188831 -0.000199288 -0.000191037 -0.000199599 -0.000194072 -0.000199866 -0.000197996 -0.000200113 -0.000202713 -0.000200433 -0.000207893 -0.000201018 -0.000212918 -0.000202147 -0.000216908 -0.000204119 -0.000218884 -0.000207112 -0.00021812 -0.000210972 -0.000214602 -0.000215033 -0.00020943 -0.000218084 -0.000204715 -0.00021846 -0.000202296 -0.000213642 -0.000200186 -0.000197686 -0.000185971 -0.000155139 -0.000129806 -5.55359e-05 1.30534e-05 0.000141133 0.000284584 0.000474352 0.000722 0.00100792 0.00140515 0.00186442 0.00244969 0.00311587 0.0038373 0.00461928 0.00537603 0.00615812 0.00688531 0.00752319 0.00802534 0.00826807 0.00829462 0.00804499 0.00752785 0.00675774 0.00566451 0.00437618 0.00293754 0.00140793 -0.000107866 -0.00163239 -0.00301464 -0.00417721 -0.00516946 -0.00591316 -0.00644004 -0.00673864 -0.00677685 -0.00670334 -0.00648814 -0.0060982 -0.00568791 -0.00524485 -0.004766 -0.00433122 -0.00389771 -0.00350971 -0.00319692 -0.00286051 -0.0025777 -0.00240058 -0.00220384 -0.00203587 -0.00194955 -0.00182708 -0.00172337 -0.00171001 -0.00164589 -0.00156131 -0.00158976 
0 0.000151017 0.000323671 0.000472281 0.000622462 0.0008322 0.00106365 0.00128938 0.00155381 0.00187666 0.00224658 0.00267225 0.00318398 0.00378501 0.0044408 0.00517518 0.00602205 0.0069092 0.00780789 0.00874889 0.00964138 0.0103865 0.0109519 0.0112709 0.0112751 0.0108703 0.009998 0.00870709 0.00697193 0.00477302 0.00221771 -0.00058341 -0.00348315 -0.00636961 -0.00915092 -0.0116269 -0.0136707 -0.0152135 -0.0162217 -0.0167326 -0.0167112 -0.0161944 -0.0152745 -0.0140483 -0.0126711 -0.0111975 -0.00969634 -0.00822368 -0.00681365 -0.00555877 -0.00446623 -0.00357012 -0.00284833 -0.00226135 -0.00180566 -0.00142608 -0.00114126 -0.000914831 -0.000750504 -0.000639693 -0.000555715 -0.000514908 -0.000475746 -0.000464235 -0.000447437 -0.00044145 -0.000436488 -0.000427606 -0.000429372 -0.000417719 -0.000422446 -0.000411113 -0.000415575 -0.00040749 -0.000409456 -0.000406123 -0.000404674 -0.000406073 -0.000401442 -0.000406504 -0.00039963 -0.000406847 -0.000398908 -0.000406825 -0.000398886 -0.00040638 -0.000399216 -0.000405591 -0.000399651 -0.000404597 -0.000400042 -0.000403545 -0.000400328 -0.000402563 -0.000400503 -0.00040175 -0.000400593 -0.000401173 -0.000400631 -0.000400874 -0.00040064 -0.000400874 -0.000400631 -0.000401173 -0.000400593 -0.00040175 -0.000400503 -0.000402563 -0.000400328 -0.000403545 -0.000400042 -0.000404597 -0.000399651 -0.000405591 -0.000399216 -0.00040638 -0.000398886 -0.000406825 -0.000398908 -0.000406847 -0.00039963 -0.000406504 -0.000401442 -0.000406073 -0.000404674 -0.000406123 -0.000409455 -0.000407486 -0.000415563 -0.00041108 -0.000422352 -0.000417468 -0.00042873 -0.000426035 -0.000432805 -0.000433191 -0.000429737 -0.000428018 -0.000405045 -0.000383334 -0.000322415 -0.000245586 -0.000115885 6.08228e-05 0.000295091 0.000608477 0.000985484 0.00147611 0.00207311 0.00283472 0.0037795 0.00491142 0.00623471 0.00767031 0.00919642 0.01074 0.0122636 0.0137185 0.0149714 0.0159247 0.0164328 0.0164426 0.0159493 0.014909 0.0133358 0.0112211 0.00866627 0.00584478 0.00285575 -0.000170346 -0.00312464 -0.00586007 -0.00820963 -0.010158 -0.0116814 -0.0127267 -0.0133073 -0.0134582 -0.0132842 -0.0128535 -0.0121706 -0.0113524 -0.010495 -0.00959002 -0.00868371 -0.00783883 -0.00707022 -0.00638068 -0.00576898 -0.00525522 -0.00482866 -0.00443968 -0.00411743 -0.00388912 -0.00368708 -0.0035034 -0.00338602 -0.00330181 -0.0032223 -0.00316948 
0 0.000230828 0.000472281 0.000729414 0.000981459 0.00126268 0.00161494 0.00198192 0.00237358 0.00287904 0.00345639 0.00408826 0.00486916 0.00576208 0.00673684 0.00787465 0.00911119 0.0103934 0.0117649 0.0131087 0.0143421 0.0154397 0.016226 0.0166322 0.0165935 0.0159249 0.0146307 0.0126931 0.0100536 0.00683188 0.0030818 -0.00103532 -0.00527415 -0.00953753 -0.0135769 -0.0171816 -0.0202155 -0.022487 -0.0240197 -0.0247783 -0.0247473 -0.0240425 -0.0227028 -0.0209478 -0.0189235 -0.0167319 -0.0145309 -0.0123288 -0.0102709 -0.00840533 -0.00677651 -0.00544678 -0.00433165 -0.00346512 -0.00275143 -0.00218619 -0.0017518 -0.00139453 -0.00115899 -0.000961307 -0.000851115 -0.000764485 -0.000713721 -0.000690626 -0.000659571 -0.000664603 -0.000640203 -0.000651365 -0.00063431 -0.000639884 -0.000633092 -0.000628878 -0.00063246 -0.000619474 -0.00063046 -0.000612535 -0.000626509 -0.000608122 -0.000620932 -0.000605712 -0.000614478 -0.000604569 -0.000607941 -0.000604025 -0.000601932 -0.000603617 -0.000596803 -0.000603106 -0.000592679 -0.000602428 -0.000589526 -0.000601632 -0.000587222 -0.000600819 -0.00058562 -0.000600097 -0.000584583 -0.00059956 -0.000584005 -0.000599275 -0.00058382 -0.000599275 -0.000584005 -0.00059956 -0.000584583 -0.000600097 -0.00058562 -0.000600819 -0.000587222 -0.000601632 -0.000589526 -0.000602428 -0.000592679 -0.000603106 -0.000596803 -0.000603617 -0.000601932 -0.000604025 -0.000607941 -0.000604569 -0.000614478 -0.000605712 -0.000620932 -0.000608122 -0.000626509 -0.000612534 -0.000630457 -0.000619465 -0.000632436 -0.000628809 -0.000632905 -0.000639397 -0.000633094 -0.000648451 -0.000633517 -0.000649925 -0.000628757 -0.000628814 -0.000595329 -0.000548088 -0.000473765 -0.000333395 -0.000161027 0.000123386 0.000465013 0.000937538 0.00152225 0.00225133 0.00319028 0.00432634 0.00576562 0.00745052 0.00939885 0.0115409 0.0137712 0.0160765 0.0183041 0.0204117 0.0222248 0.0235537 0.0243029 0.0242969 0.0235509 0.0220133 0.0196516 0.0165813 0.0128541 0.00870694 0.00433409 -0.000138126 -0.00443788 -0.00842778 -0.0119358 -0.0148097 -0.0170802 -0.0186594 -0.0195566 -0.0198966 -0.0196879 -0.0190687 -0.0181619 -0.0169903 -0.0157204 -0.0144231 -0.0130938 -0.0118613 -0.0107316 -0.00967242 -0.00877584 -0.00800593 -0.00730669 -0.00674678 -0.00628927 -0.00588179 -0.00558077 -0.00534355 -0.00511494 -0.00496929 -0.00488649 -0.00478369 
0 0.000325666 0.000622462 0.000981459 0.00138626 0.0017592 0.00217471 0.00270048 0.0032927 0.00395235 0.00472764 0.00563191 0.0066583 0.00782218 0.00916719 0.0106675 0.0122582 0.0139618 0.0157285 0.0174099 0.0189613 0.0202978 0.0212463 0.0216946 0.0214989 0.0205586 0.0188288 0.0162031 0.0127272 0.00851844 0.0036564 -0.00163559 -0.0071522 -0.0126535 -0.0178264 -0.0224885 -0.0264021 -0.0294008 -0.0314361 -0.0324223 -0.032441 -0.0315604 -0.029899 -0.027687 -0.0250558 -0.0222286 -0.0193301 -0.0164656 -0.0137867 -0.0113239 -0.00919667 -0.00739242 -0.00590558 -0.00472132 -0.00374554 -0.00299626 -0.00238268 -0.00192319 -0.00157731 -0.00131785 -0.00115757 -0.00102691 -0.00096903 -0.00091159 -0.000892848 -0.000874415 -0.000861828 -0.000863895 -0.000847594 -0.000858737 -0.000840349 -0.000852156 -0.000836449 -0.000843184 -0.000833847 -0.00083284 -0.000831139 -0.000822506 -0.000827555 -0.000813249 -0.000822915 -0.000805624 -0.00081746 -0.000799739 -0.000811631 -0.000795416 -0.000805887 -0.000792348 -0.000800602 -0.000790217 -0.000796018 -0.000788753 -0.000792264 -0.000787757 -0.000789378 -0.000787096 -0.000787351 -0.00078669 -0.000786153 -0.000786496 -0.000785757 -0.000786496 -0.000786153 -0.00078669 -0.000787351 -0.000787096 -0.000789378 -0.000787757 -0.000792264 -0.000788753 -0.000796018 -0.000790217 -0.000800602 -0.000792348 -0.000805887 -0.000795416 -0.000811631 -0.000799739 -0.00081746 -0.000805624 -0.000822915 -0.000813249 -0.000827555 -0.000822506 -0.000831139 -0.000832838 -0.000833841 -0.000843167 -0.000836402 -0.000852025 -0.00084 -0.000857852 -0.000845437 -0.000858858 -0.000850557 -0.000850275 -0.000843383 -0.000814687 -0.00078763 -0.000702507 -0.00060332 -0.000412532 -0.00016155 0.000201773 0.000689858 0.00130488 0.00211772 0.00310752 0.00438081 0.00593768 0.0078354 0.0100855 0.0126166 0.0154178 0.0183406 0.0213273 0.0242405 0.0269076 0.0291951 0.0308505 0.0317519 0.031744 0.0307182 0.0286832 0.0256029 0.0216137 0.0168579 0.0115006 0.00583657 8.27361e-05 -0.00547848 -0.0106095 -0.0151839 -0.0189952 -0.0219631 -0.024094 -0.0253854 -0.0259346 -0.0257963 -0.0250752 -0.0239753 -0.0225694 -0.0209431 -0.019265 -0.0176037 -0.0159957 -0.0144928 -0.0131256 -0.0119183 -0.0108478 -0.00991699 -0.00917081 -0.00854424 -0.00797922 -0.00754264 -0.00722224 -0.00693403 -0.00670039 -0.0065503 -0.00645282 
0 0.000434014 0.0008322 0.00126268 0.0017592 0.00227893 0.00284678 0.0035223 0.00427689 0.00510821 0.00611018 0.00728654 0.00857835 0.0100562 0.0117523 0.0135657 0.0155008 0.017574 0.0196529 0.0216418 0.023449 0.0249247 0.0259509 0.0263252 0.0258928 0.0246382 0.0224106 0.0191272 0.0148869 0.00975389 0.00391216 -0.00244349 -0.00910905 -0.0156829 -0.0218884 -0.0274773 -0.0321743 -0.035857 -0.0383309 -0.0395682 -0.0396601 -0.0386569 -0.0367854 -0.0341806 -0.0310541 -0.0276574 -0.024115 -0.0206624 -0.0173723 -0.0143632 -0.0117268 -0.0094406 -0.0075766 -0.00603066 -0.00480631 -0.00383598 -0.00305775 -0.00248712 -0.00202443 -0.00171986 -0.00148251 -0.00133437 -0.00123921 -0.00116518 -0.00114213 -0.00109765 -0.00110014 -0.00107083 -0.00107409 -0.00105877 -0.001053 -0.00105161 -0.00103602 -0.00104554 -0.00102394 -0.0010391 -0.00101671 -0.00103201 -0.00101332 -0.00102455 -0.00101235 -0.00101723 -0.00101247 -0.00101051 -0.00101273 -0.00100467 -0.00101263 -0.000999822 -0.00101201 -0.000995945 -0.00101095 -0.000992949 -0.00100965 -0.000990718 -0.00100835 -0.000989143 -0.00100726 -0.000988141 -0.00100654 -0.000987654 -0.00100629 -0.000987654 -0.00100654 -0.000988141 -0.00100726 -0.000989143 -0.00100835 -0.000990718 -0.00100965 -0.000992949 -0.00101095 -0.000995945 -0.00101201 -0.000999822 -0.00101263 -0.00100467 -0.00101273 -0.00101051 -0.00101247 -0.00101723 -0.00101235 -0.00102455 -0.00101332 -0.00103201 -0.00101671 -0.0010391 -0.00102393 -0.00104551 -0.00103593 -0.00105137 -0.00105238 -0.00105722 -0.0010704 -0.00106244 -0.00108185 -0.00105951 -0.00106596 -0.00101972 -0.000973592 -0.000870541 -0.000707587 -0.0004797 -0.000119345 0.000330636 0.000971729 0.00176302 0.00279272 0.00408911 0.00568643 0.00768247 0.0100317 0.0128043 0.0159051 0.0192875 0.0228726 0.0264735 0.0299943 0.0331639 0.0358093 0.0377346 0.03871 0.0386443 0.0373427 0.0347936 0.0310675 0.0262453 0.0205709 0.0141915 0.00738785 0.0005316 -0.00613534 -0.0123192 -0.0178451 -0.0225544 -0.0262348 -0.0289201 -0.0306615 -0.0314669 -0.031467 -0.0307745 -0.0295629 -0.0280103 -0.0261605 -0.0241668 -0.0222008 -0.0202563 -0.0183913 -0.0167179 -0.0152181 -0.0138746 -0.0127182 -0.0117329 -0.0108959 -0.0102016 -0.00962963 -0.00916581 -0.00880659 -0.00853326 -0.00832285 -0.00817124 
0 0.000502388 0.00106365 0.00161494 0.00217471 0.00284678 0.00360752 0.00441558 0.00534122 0.00642766 0.00766348 0.00906682 0.0106638 0.0124638 0.0144499 0.0165926 0.0188734 0.0212269 0.0235557 0.0257631 0.027702 0.0292345 0.0302087 0.0304115 0.0297285 0.0280697 0.0252975 0.0213983 0.0164134 0.010461 0.00375635 -0.00353961 -0.0111201 -0.0185995 -0.0256836 -0.0320407 -0.0374582 -0.0417253 -0.0446243 -0.0461574 -0.0463414 -0.0453246 -0.0432967 -0.0403852 -0.0368703 -0.0329477 -0.0288709 -0.0248632 -0.0210212 -0.0175185 -0.014368 -0.0116485 -0.00936812 -0.00747278 -0.00597654 -0.00475596 -0.00382301 -0.00308811 -0.00253017 -0.00213337 -0.00182558 -0.0016441 -0.00149403 -0.00142301 -0.00136218 -0.00133076 -0.00131579 -0.00129092 -0.00129699 -0.00127119 -0.00128336 -0.00126007 -0.00126897 -0.00125311 -0.00125377 -0.00124788 -0.00123916 -0.0012428 -0.00122639 -0.00123705 -0.00121607 -0.00123048 -0.00120823 -0.00122335 -0.00120253 -0.00121611 -0.0011985 -0.00120921 -0.00119566 -0.00120301 -0.00119365 -0.00119773 -0.0011922 -0.0011935 -0.00119116 -0.00119034 -0.00119045 -0.00118826 -0.00119003 -0.00118722 -0.00118989 -0.00118722 -0.00119003 -0.00118826 -0.00119045 -0.00119034 -0.00119116 -0.0011935 -0.0011922 -0.00119773 -0.00119365 -0.00120301 -0.00119566 -0.00120921 -0.0011985 -0.00121611 -0.00120253 -0.00122335 -0.00120823 -0.00123048 -0.00121607 -0.00123705 -0.00122639 -0.0012428 -0.00123916 -0.00124787 -0.00125375 -0.00125305 -0.0012688 -0.00125963 -0.00128226 -0.00126854 -0.00129085 -0.00127733 -0.00128695 -0.00127215 -0.00124821 -0.00121096 -0.00111653 -0.00100085 -0.000775351 -0.000487512 -4.76687e-05 0.000529065 0.0012913 0.00229506 0.00354473 0.00516033 0.00712631 0.00954015 0.0123828 0.0156358 0.019291 0.0232159 0.0273678 0.031532 0.0355178 0.0390988 0.041995 0.0440664 0.0450712 0.0448566 0.0432921 0.0402846 0.0359711 0.0304657 0.0239716 0.0167376 0.00900754 0.00119044 -0.00639856 -0.0135091 -0.019878 -0.0253471 -0.0297444 -0.0330118 -0.0352222 -0.0363959 -0.0366325 -0.0360914 -0.0349063 -0.0332557 -0.0312814 -0.0290975 -0.0268497 -0.0246303 -0.0224974 -0.0205104 -0.0187042 -0.0171051 -0.0156988 -0.0144594 -0.0134184 -0.0125723 -0.0118534 -0.011249 -0.0107842 -0.0104368 -0.01017 -0.00997567 
0 0.000607892 0.00128938 0.00198192 0.00270048 0.0035223 0.00441558 0.00539603 0.00656711 0.00790835 0.00937027 0.0110345 0.0129435 0.0150343 0.0172978 0.0197531 0.0223234 0.0248963 0.0273938 0.029707 0.0316807 0.0331476 0.0339319 0.0338921 0.0328816 0.0307401 0.027421 0.022922 0.0172674 0.0106189 0.00315209 -0.00489686 -0.013184 -0.0213992 -0.0291703 -0.0361774 -0.0421936 -0.0469333 -0.0502517 -0.052075 -0.0524217 -0.0514762 -0.049352 -0.0462651 -0.0424438 -0.0381135 -0.0336015 -0.029084 -0.0247724 -0.0207777 -0.0171521 -0.0140011 -0.0112845 -0.00905262 -0.00723323 -0.00577771 -0.00465254 -0.00375157 -0.00309476 -0.00257746 -0.00222114 -0.0019647 -0.00178599 -0.00168612 -0.00159859 -0.00157309 -0.00152842 -0.0015258 -0.00150413 -0.00149971 -0.00149404 -0.00148029 -0.00148607 -0.00146441 -0.0014763 -0.00145169 -0.00146419 -0.0014418 -0.00145057 -0.00143411 -0.00143668 -0.00142787 -0.00142363 -0.00142251 -0.00141215 -0.00141764 -0.00140261 -0.00141312 -0.001395 -0.00140897 -0.00138918 -0.00140526 -0.00138488 -0.00140212 -0.00138183 -0.00139967 -0.00137983 -0.00139798 -0.00137869 -0.00139713 -0.00137832 -0.00139713 -0.00137869 -0.00139798 -0.00137983 -0.00139967 -0.00138183 -0.00140212 -0.00138488 -0.00140526 -0.00138918 -0.00140897 -0.001395 -0.00141312 -0.00140261 -0.00141764 -0.00141215 -0.00142251 -0.00142363 -0.00142787 -0.00143668 -0.00143411 -0.00145057 -0.0014418 -0.00146419 -0.00145167 -0.00147626 -0.00146429 -0.00148576 -0.00147951 -0.00149216 -0.00149528 -0.00149417 -0.0015043 -0.00148398 -0.00148517 -0.00143205 -0.00138419 -0.00126193 -0.00109312 -0.000830089 -0.000441846 6.96182e-05 0.000792703 0.001702 0.00291407 0.00443671 0.006357 0.00873157 0.0115518 0.0148736 0.0186037 0.0227438 0.0271868 0.0318 0.0364319 0.040779 0.0446325 0.0477104 0.0498072 0.0507615 0.0503426 0.0484705 0.0450802 0.0402505 0.0341786 0.0270252 0.0190883 0.0106707 0.00209849 -0.00625037 -0.0141112 -0.0212121 -0.0273382 -0.0323976 -0.0362894 -0.0390001 -0.0406078 -0.0412025 -0.0409198 -0.0398904 -0.038266 -0.0362558 -0.0339948 -0.0315647 -0.0291162 -0.0267697 -0.0245267 -0.0224155 -0.0205327 -0.0188844 -0.0174187 -0.0161573 -0.0151078 -0.0142231 -0.0134983 -0.0129218 -0.0124462 -0.0120938 -0.0118933 
0 0.000785123 0.00155381 0.00237358 0.0032927 0.00427689 0.00534122 0.00656711 0.00796173 0.00950555 0.0112485 0.0132238 0.0154131 0.0177919 0.0203333 0.0230219 0.0257953 0.0285155 0.031087 0.0334213 0.0353215 0.0365842 0.0370832 0.0366895 0.035231 0.0325783 0.0287098 0.0236484 0.0174423 0.0102016 0.00212773 -0.00647619 -0.0153077 -0.0240537 -0.0323485 -0.0398745 -0.0463258 -0.0514622 -0.0551427 -0.0572563 -0.0578475 -0.0570193 -0.0549141 -0.0517577 -0.0477401 -0.0431561 -0.0382826 -0.0333579 -0.0286169 -0.0241511 -0.0200911 -0.0164804 -0.0133549 -0.0107506 -0.00859916 -0.00690059 -0.00554631 -0.0045016 -0.00370404 -0.00309028 -0.0026598 -0.00232828 -0.00212228 -0.00196557 -0.00187452 -0.00181333 -0.00176738 -0.00175123 -0.0017188 -0.00172 -0.00169338 -0.00169756 -0.00167824 -0.00167824 -0.00166839 -0.0016615 -0.00166117 -0.00164772 -0.00165487 -0.00163696 -0.00164852 -0.00162886 -0.00164175 -0.00162284 -0.00163467 -0.0016183 -0.00162756 -0.00161475 -0.0016208 -0.00161185 -0.00161469 -0.00160944 -0.00160949 -0.00160745 -0.00160533 -0.00160589 -0.00160233 -0.00160482 -0.00160051 -0.00160427 -0.0015999 -0.00160427 -0.00160051 -0.00160482 -0.00160233 -0.00160589 -0.00160533 -0.00160745 -0.00160949 -0.00160944 -0.00161469 -0.00161185 -0.0016208 -0.00161475 -0.00162756 -0.0016183 -0.00163467 -0.00162284 -0.00164175 -0.00162886 -0.00164852 -0.00163696 -0.00165487 -0.00164772 -0.00166116 -0.00166148 -0.00166831 -0.00167803 -0.00167771 -0.00169624 -0.00169023 -0.00171278 -0.00170298 -0.00171799 -0.00170045 -0.00168429 -0.00163634 -0.0015446 -0.00140941 -0.00117023 -0.000851422 -0.000367683 0.000263247 0.00111908 0.00223197 0.00365512 0.00548363 0.0077342 0.0105002 0.0137513 0.0174981 0.0216972 0.0262667 0.0311514 0.036159 0.0411123 0.0457294 0.0497291 0.0528861 0.0549402 0.0557264 0.0550632 0.0528487 0.0490995 0.0438631 0.0373164 0.0296789 0.0212347 0.0123301 0.00325775 -0.00566366 -0.0141064 -0.0217941 -0.0285196 -0.0341776 -0.0386781 -0.0419478 -0.0440318 -0.045062 -0.0451512 -0.0443946 -0.0429616 -0.0410529 -0.0388004 -0.0363126 -0.0337207 -0.0311566 -0.0287017 -0.0263719 -0.0242185 -0.0223129 -0.0206281 -0.0191315 -0.0178556 -0.0167905 -0.0159056 -0.0151995 -0.0146441 -0.0142171 -0.0139262 
0 0.000936189 0.00187666 0.00287904 0.00395235 0.00510821 0.00642766 0.00790835 0.00950555 0.0113063 0.013365 0.0156142 0.0180571 0.0207092 0.0234978 0.0263766 0.02927 0.0320416 0.0346027 0.0368172 0.0384815 0.0394482 0.0395769 0.0387221 0.0367599 0.0335768 0.0291661 0.0235913 0.0168911 0.00917931 0.000689567 -0.00828935 -0.0174586 -0.0265277 -0.0351756 -0.0430431 -0.0498184 -0.0552842 -0.0592823 -0.0617249 -0.0625963 -0.0619546 -0.0599626 -0.0568098 -0.0527287 -0.0479939 -0.0428673 -0.0376369 -0.0325094 -0.0276464 -0.0231692 -0.0191318 -0.0156139 -0.0126151 -0.0101401 -0.00814672 -0.00655774 -0.005331 -0.00436944 -0.00365235 -0.00311 -0.00271913 -0.00244914 -0.0022553 -0.00214247 -0.00205355 -0.00201351 -0.00197399 -0.00195762 -0.00194106 -0.00192702 -0.0019224 -0.00190506 -0.00190676 -0.00188727 -0.00189113 -0.00187257 -0.0018753 -0.00186038 -0.00185987 -0.00185016 -0.00184555 -0.00184138 -0.00183284 -0.00183367 -0.00182202 -0.00182681 -0.00181312 -0.00182073 -0.001806 -0.00181545 -0.00180049 -0.001811 -0.00179635 -0.00180747 -0.00179342 -0.00180491 -0.00179155 -0.00180335 -0.00179063 -0.00180283 -0.00179063 -0.00180335 -0.00179155 -0.00180491 -0.00179342 -0.00180747 -0.00179635 -0.001811 -0.00180049 -0.00181545 -0.001806 -0.00182073 -0.00181312 -0.00182681 -0.00182202 -0.00183367 -0.00183284 -0.00184138 -0.00184555 -0.00185016 -0.00185987 -0.00186038 -0.0018753 -0.00187255 -0.00189108 -0.00188713 -0.00190639 -0.00190414 -0.00192018 -0.00192186 -0.00192957 -0.00193306 -0.00192368 -0.00191479 -0.00186804 -0.00180859 -0.0016796 -0.00149716 -0.00120694 -0.000796633 -0.000232017 0.00053896 0.0015378 0.0028561 0.00452896 0.00665318 0.00927194 0.0124165 0.0161004 0.020269 0.024897 0.029884 0.0351239 0.0404427 0.0455933 0.0503293 0.0543638 0.0574564 0.0593747 0.0599096 0.0589393 0.0564013 0.0523229 0.046782 0.0399073 0.0319382 0.0231873 0.0139722 0.00458643 -0.00468781 -0.0135396 -0.0216651 -0.028876 -0.0350618 -0.040109 -0.0439581 -0.0466166 -0.0481609 -0.048716 -0.0483705 -0.0472575 -0.0455661 -0.0434252 -0.0409797 -0.0383761 -0.0356874 -0.0330398 -0.0305459 -0.028188 -0.0259974 -0.0240595 -0.0223606 -0.0208715 -0.0196016 -0.0185374 -0.0176744 -0.0170133 -0.0165085 -0.0161288 
0 0.00110112 0.00224658 0.00345639 0.00472764 0.00611018 0.00766348 0.00937027 0.0112485 0.013365 0.0156937 0.0181941 0.02089 0.0237631 0.026749 0.0297543 0.0326657 0.0354128 0.0378557 0.0397865 0.041104 0.0416823 0.0413272 0.0399409 0.0374253 0.0337029 0.0288055 0.0227578 0.0156424 0.00762101 -0.00111958 -0.0102894 -0.019612 -0.0288386 -0.0376386 -0.0456871 -0.0526785 -0.0583836 -0.062677 -0.0654399 -0.0666193 -0.0662479 -0.0644434 -0.0614151 -0.0573883 -0.0526146 -0.0473642 -0.0418996 -0.0364646 -0.0312455 -0.0263743 -0.0219472 -0.0180268 -0.0146512 -0.011829 -0.00952507 -0.00768913 -0.00624507 -0.00512508 -0.00426993 -0.00362242 -0.0031516 -0.00280969 -0.00257792 -0.00241985 -0.00231784 -0.00225469 -0.00221034 -0.00218762 -0.00216427 -0.0021551 -0.00213918 -0.00213245 -0.00212067 -0.00211246 -0.00210441 -0.00209389 -0.00208928 -0.00207697 -0.00207503 -0.00206203 -0.00206172 -0.0020492 -0.00204951 -0.0020384 -0.00203856 -0.00202944 -0.00202899 -0.00202211 -0.00202087 -0.00201619 -0.0020142 -0.00201152 -0.00200896 -0.00200799 -0.00200508 -0.00200551 -0.00200254 -0.00200404 -0.00200128 -0.00200355 -0.00200128 -0.00200404 -0.00200254 -0.00200551 -0.00200508 -0.00200799 -0.00200896 -0.00201152 -0.0020142 -0.00201619 -0.00202087 -0.00202211 -0.00202899 -0.00202944 -0.00203856 -0.0020384 -0.00204951 -0.0020492 -0.00206172 -0.00206203 -0.00207502 -0.00207696 -0.00208927 -0.00209385 -0.00210432 -0.00211221 -0.00212004 -0.00213091 -0.00213554 -0.00214686 -0.00214636 -0.00215029 -0.00213578 -0.00211202 -0.00205634 -0.00196061 -0.0018047 -0.00155981 -0.00120775 -0.000704817 -2.69264e-05 0.000880742 0.00206666 0.00359984 0.00555639 0.00799955 0.0109849 0.0145245 0.0186061 0.0231874 0.028199 0.0335444 0.0390733 0.0445802 0.0498242 0.0545424 0.0584866 0.0614126 0.0630804 0.0633122 0.0619962 0.0591304 0.0547701 0.048981 0.0419156 0.0337891 0.0249019 0.0155725 0.00604951 -0.00337664 -0.0124257 -0.0208567 -0.0284424 -0.0350634 -0.0406145 -0.0450191 -0.0483011 -0.0504532 -0.0515358 -0.0517077 -0.0510553 -0.0496921 -0.0477933 -0.0455068 -0.0429821 -0.0403062 -0.0375552 -0.03489 -0.032369 -0.0299682 -0.0277784 -0.0258575 -0.0241548 -0.0226782 -0.0214486 -0.0204186 -0.0195768 -0.0189566 -0.0185521 
0 0.00133558 0.00267225 0.00408826 0.00563191 0.00728654 0.00906682 0.0110345 0.0132238 0.0156142 0.0181941 0.0209692 0.023902 0.0269472 0.0300418 0.0330528 0.0359028 0.0385241 0.0406983 0.0422637 0.0431588 0.0432177 0.0422944 0.0403087 0.0371918 0.0329689 0.0276279 0.0211787 0.0137907 0.00559673 -0.00322635 -0.0124173 -0.0217629 -0.0309686 -0.0397487 -0.0478356 -0.0549116 -0.0607951 -0.0653307 -0.0683844 -0.0699065 -0.0698542 -0.0683446 -0.0655575 -0.0616942 -0.0570154 -0.051737 -0.0461377 -0.0404661 -0.0349284 -0.0297093 -0.0248991 -0.0205988 -0.0168472 -0.0136664 -0.0110502 -0.00893521 -0.00727163 -0.00596762 -0.00496689 -0.00420565 -0.00363586 -0.00322526 -0.00292943 -0.00273167 -0.00259487 -0.00250864 -0.00245064 -0.0024127 -0.00238772 -0.00236752 -0.0023547 -0.002341 -0.00233237 -0.00232192 -0.00231469 -0.00230654 -0.0022998 -0.00229337 -0.0022869 -0.00228165 -0.00227553 -0.00227099 -0.00226535 -0.00226121 -0.0022562 -0.00225231 -0.00224802 -0.00224436 -0.00224082 -0.00223744 -0.00223468 -0.00223166 -0.00222965 -0.00222709 -0.00222582 -0.00222379 -0.00222323 -0.0022218 -0.00222192 -0.00222113 -0.00222192 -0.0022218 -0.00222323 -0.00222379 -0.00222582 -0.00222709 -0.00222965 -0.00223166 -0.00223468 -0.00223744 -0.00224082 -0.00224436 -0.00224802 -0.00225231 -0.0022562 -0.00226121 -0.00226535 -0.00227099 -0.00227553 -0.00228165 -0.0022869 -0.00229336 -0.00229978 -0.00230648 -0.00231453 -0.0023215 -0.00233131 -0.00233847 -0.00234887 -0.00235463 -0.00236038 -0.00235711 -0.00234232 -0.00230641 -0.00223308 -0.00211122 -0.00190834 -0.00160984 -0.00117256 -0.000572375 0.000238876 0.00131115 0.00270129 0.00449462 0.00674807 0.00954191 0.0128955 0.0168195 0.021287 0.0262313 0.0315901 0.0372129 0.0429406 0.048535 0.053744 0.058345 0.0620749 0.0647297 0.0660699 0.0659316 0.0642701 0.0610752 0.0564526 0.0504853 0.0433186 0.0352034 0.0263593 0.0170805 0.00762463 -0.00177455 -0.0108385 -0.0194054 -0.0272785 -0.0342486 -0.0402433 -0.0451888 -0.0490614 -0.0518578 -0.0535573 -0.0543027 -0.0542243 -0.0533495 -0.051828 -0.049833 -0.0474724 -0.0448805 -0.0421578 -0.0393964 -0.0367226 -0.0341957 -0.0318291 -0.0296583 -0.0277222 -0.0260474 -0.0246204 -0.0234166 -0.022453 -0.0217254 -0.0212058 
0 0.00157325 0.00318398 0.00486916 0.0066583 0.00857835 0.0106638 0.0129435 0.0154131 0.0180571 0.02089 0.023902 0.0270204 0.0301699 0.0332702 0.0362243 0.0389387 0.0412634 0.043039 0.0441673 0.0445188 0.0439707 0.0424384 0.0398224 0.0361422 0.0314419 0.0256754 0.0189367 0.0113827 0.00314295 -0.00558638 -0.0146602 -0.0238508 -0.0328579 -0.0414858 -0.0494623 -0.0565498 -0.0625646 -0.0672879 -0.0706343 -0.0724888 -0.072803 -0.0716731 -0.0691979 -0.0656142 -0.0611166 -0.0559174 -0.0502949 -0.0444606 -0.0386959 -0.0331675 -0.0280186 -0.0233638 -0.0192323 -0.0157017 -0.0127351 -0.0103261 -0.0084048 -0.00688791 -0.00572652 -0.0048209 -0.00415597 -0.00365315 -0.00330114 -0.00305437 -0.00288446 -0.00278133 -0.00270269 -0.00266535 -0.00262614 -0.00261141 -0.00258889 -0.00257811 -0.00256434 -0.00255167 -0.00254376 -0.00252873 -0.00252482 -0.00250875 -0.00250714 -0.00249163 -0.00249085 -0.00247713 -0.00247617 -0.00246495 -0.00246325 -0.00245478 -0.00245217 -0.00244635 -0.0024429 -0.00243943 -0.00243538 -0.00243391 -0.00242951 -0.00242967 -0.0024252 -0.00242667 -0.00242238 -0.00242488 -0.00242098 -0.00242429 -0.00242098 -0.00242488 -0.00242238 -0.00242667 -0.0024252 -0.00242967 -0.00242951 -0.00243391 -0.00243538 -0.00243943 -0.0024429 -0.00244635 -0.00245217 -0.00245478 -0.00246325 -0.00246495 -0.00247617 -0.00247713 -0.00249085 -0.00249162 -0.00250714 -0.00250874 -0.00252478 -0.00252862 -0.00254348 -0.00255095 -0.0025626 -0.00257404 -0.00257974 -0.00259165 -0.00258524 -0.00258418 -0.00254831 -0.00249992 -0.00239274 -0.00223013 -0.00197385 -0.00159531 -0.00107466 -0.000347481 0.000598372 0.00185942 0.00347073 0.00553371 0.00811031 0.0112422 0.014976 0.0192601 0.0240958 0.0293798 0.0350256 0.0408799 0.0467047 0.0522978 0.0573692 0.0617266 0.0651435 0.0673902 0.0683194 0.0677638 0.0657334 0.0622578 0.0574024 0.0513379 0.0441916 0.0362015 0.0275742 0.0184892 0.00924124 3.82331e-05 -0.00891909 -0.0174551 -0.0254523 -0.0326847 -0.0390288 -0.0444664 -0.0489117 -0.0523396 -0.054748 -0.056159 -0.0566903 -0.0564138 -0.0554052 -0.0538111 -0.051744 -0.0493385 -0.0467459 -0.0440315 -0.0412767 -0.0386183 -0.0361156 -0.0337681 -0.0316253 -0.029742 -0.0281075 -0.0267293 -0.0256448 -0.0248046 -0.0241584 
0 0.00185534 0.00378501 0.00576208 0.00782218 0.0100562 0.0124638 0.0150343 0.0177919 0.0207092 0.0237631 0.0269472 0.0301699 0.0333236 0.0363616 0.0391885 0.0416229 0.043525 0.0448248 0.0454031 0.0451197 0.0439137 0.0417245 0.0385129 0.0343169 0.0291451 0.0230443 0.016132 0.00851782 0.00038006 -0.00815026 -0.0169695 -0.0258301 -0.0345268 -0.0428622 -0.0506209 -0.0576531 -0.0637041 -0.06859 -0.0721954 -0.0743732 -0.0751185 -0.0744144 -0.0723588 -0.0691439 -0.0649076 -0.0599052 -0.0543285 -0.0484373 -0.0425076 -0.036715 -0.0312805 -0.0262719 -0.0217977 -0.0179038 -0.0145867 -0.0118725 -0.00965954 -0.00792979 -0.00656666 -0.0055207 -0.00473256 -0.00413094 -0.00371394 -0.00339684 -0.00320117 -0.00305323 -0.00296843 -0.00290857 -0.00286668 -0.00284672 -0.0028168 -0.00281247 -0.00278575 -0.00278558 -0.00276221 -0.00276072 -0.00274263 -0.0027374 -0.00272568 -0.00271619 -0.00271067 -0.00269756 -0.00269723 -0.0026817 -0.00268517 -0.00266851 -0.00267446 -0.00265779 -0.00266514 -0.00264924 -0.00265727 -0.00264261 -0.00265091 -0.00263766 -0.00264611 -0.00263423 -0.0026429 -0.00263222 -0.00264129 -0.00263156 -0.00264129 -0.00263222 -0.0026429 -0.00263423 -0.00264611 -0.00263766 -0.00265091 -0.00264261 -0.00265727 -0.00264924 -0.00266514 -0.00265779 -0.00267446 -0.00266851 -0.00268517 -0.0026817 -0.00269723 -0.00269756 -0.00271067 -0.00271619 -0.00272567 -0.00273737 -0.00274256 -0.00276053 -0.00276173 -0.0027844 -0.00278294 -0.00280605 -0.00280271 -0.00281702 -0.00280665 -0.00279225 -0.00275238 -0.00266849 -0.00254402 -0.00231911 -0.00201377 -0.00154414 -0.000923263 -6.86424e-05 0.00105111 0.00250232 0.00438187 0.00672576 0.00964872 0.0131342 0.0172279 0.02188 0.0270325 0.0326295 0.0384914 0.0444839 0.0503267 0.0557911 0.0606491 0.0646528 0.067655 0.0694219 0.0698472 0.0688674 0.0664582 0.0627222 0.0577054 0.051585 0.0445648 0.0367965 0.0284874 0.0197675 0.0108519 0.00198094 -0.00673064 -0.015126 -0.0230735 -0.0304448 -0.0370805 -0.0429222 -0.0478991 -0.0519393 -0.0550523 -0.0572097 -0.0584147 -0.0587781 -0.0583958 -0.0573299 -0.0556836 -0.0536081 -0.0512371 -0.0486563 -0.0459559 -0.043241 -0.0406084 -0.0381368 -0.035857 -0.0337872 -0.0319755 -0.0304351 -0.0291498 -0.0281574 -0.0274887 
0 0.00220492 0.0044408 0.00673684 0.00916719 0.0117523 0.0144499 0.0172978 0.0203333 0.0234978 0.026749 0.0300418 0.0332702 0.0363616 0.0392452 0.0417727 0.0437978 0.045224 0.0459649 0.0459113 0.0449498 0.0430346 0.040186 0.0364143 0.0317165 0.0261535 0.0198411 0.0128665 0.00534108 -0.0025948 -0.0108439 -0.0192658 -0.0276972 -0.035977 -0.0439139 -0.051394 -0.0582552 -0.0642697 -0.069274 -0.0730849 -0.0756155 -0.0768061 -0.0765903 -0.0750498 -0.0722604 -0.0683968 -0.0636578 -0.0582176 -0.0523664 -0.0463193 -0.040346 -0.0346409 -0.0293198 -0.024523 -0.0202621 -0.0166189 -0.0135628 -0.011068 -0.00908879 -0.00751218 -0.00631359 -0.00537138 -0.0046799 -0.00415819 -0.00378459 -0.00353069 -0.00334305 -0.00323909 -0.00314768 -0.00311133 -0.00306538 -0.00305048 -0.00302729 -0.00301389 -0.00300441 -0.00298673 -0.00298623 -0.00296468 -0.0029693 -0.00294634 -0.00295267 -0.00293093 -0.00293635 -0.00291779 -0.00292071 -0.00290644 -0.0029062 -0.00289655 -0.00289323 -0.00288799 -0.00288207 -0.00288071 -0.00287288 -0.00287475 -0.00286573 -0.0028702 -0.00286064 -0.00286711 -0.00285759 -0.00286556 -0.00285658 -0.00286556 -0.00285759 -0.00286711 -0.00286064 -0.0028702 -0.00286573 -0.00287475 -0.00287288 -0.00288071 -0.00288207 -0.00288799 -0.00289323 -0.00289655 -0.0029062 -0.00290644 -0.00292071 -0.00291779 -0.00293635 -0.00293093 -0.00295267 -0.00294633 -0.00296926 -0.00296456 -0.00298592 -0.00298594 -0.0030025 -0.00300945 -0.00301737 -0.00302921 -0.00302159 -0.00302486 -0.002984 -0.00294197 -0.00282577 -0.00266629 -0.00239616 -0.00200978 -0.00146749 -0.0007119 0.000270666 0.00159046 0.00326464 0.00542202 0.00809668 0.0113548 0.0152235 0.0196565 0.0246586 0.0301072 0.0359385 0.0419675 0.0479774 0.0537469 0.0589853 0.0635188 0.0671111 0.0695941 0.0708362 0.0707214 0.069286 0.0665326 0.0625367 0.0574186 0.0513136 0.0444594 0.0370052 0.0290821 0.020846 0.0124228 0.00398397 -0.00435301 -0.0124902 -0.0202872 -0.0276575 -0.0345032 -0.040685 -0.0461032 -0.0507083 -0.0544745 -0.0573578 -0.0593203 -0.0604051 -0.0607081 -0.0602883 -0.0591976 -0.0575636 -0.0555182 -0.0531551 -0.0506124 -0.0479948 -0.0453399 -0.042765 -0.0403802 -0.0381773 -0.0361944 -0.034503 -0.0330878 -0.0319723 -0.0312116 
0 0.00255945 0.00517518 0.00787465 0.0106675 0.0135657 0.0165926 0.0197531 0.0230219 0.0263766 0.0297543 0.0330528 0.0362243 0.0391885 0.0417727 0.0438724 0.0454169 0.0462738 0.0463617 0.0456135 0.043937 0.0413463 0.0378944 0.0335846 0.0284575 0.0226094 0.0161674 0.00924461 0.00190949 -0.00574244 -0.0135801 -0.0214976 -0.029399 -0.0371602 -0.0446636 -0.0517989 -0.0584198 -0.0643581 -0.0694135 -0.073422 -0.0762906 -0.0779116 -0.0782289 -0.0772216 -0.0749338 -0.0715173 -0.0671116 -0.0619293 -0.0561917 -0.0501383 -0.0440517 -0.0381187 -0.0325378 -0.027408 -0.0228108 -0.0188147 -0.0154072 -0.0126115 -0.01034 -0.00855156 -0.00715387 -0.00607104 -0.00526215 -0.00464124 -0.00420936 -0.00388464 -0.00367637 -0.003527 -0.00343148 -0.00337216 -0.00332214 -0.00330215 -0.00326721 -0.00326121 -0.0032325 -0.00322905 -0.00320614 -0.00320033 -0.00318432 -0.0031744 -0.00316557 -0.0031516 -0.00314914 -0.00313212 -0.00313461 -0.0031159 -0.00312175 -0.00310266 -0.00311051 -0.00309205 -0.00310088 -0.00308373 -0.00309292 -0.0030774 -0.00308668 -0.00307283 -0.00308219 -0.00306986 -0.00307949 -0.0030684 -0.00307859 -0.0030684 -0.00307949 -0.00306986 -0.00308219 -0.00307283 -0.00308668 -0.0030774 -0.00309292 -0.00308373 -0.00310088 -0.00309205 -0.00311051 -0.00310266 -0.00312175 -0.0031159 -0.00313461 -0.00313212 -0.00314914 -0.0031516 -0.00316556 -0.00317438 -0.00318424 -0.00320012 -0.00320562 -0.00322777 -0.00322947 -0.00325433 -0.00325218 -0.00327064 -0.00325874 -0.00324982 -0.00320508 -0.00312514 -0.00299186 -0.0027645 -0.0024452 -0.00196016 -0.00131673 -0.000426118 0.000732166 0.00224654 0.00419035 0.00662574 0.00964488 0.0132438 0.0174629 0.0222398 0.027534 0.0332575 0.0392575 0.0453745 0.0513376 0.0569225 0.0618797 0.0659959 0.0691024 0.0710136 0.0716544 0.0709915 0.0690686 0.065969 0.0617566 0.0565722 0.0505829 0.0439644 0.0368757 0.0294232 0.021725 0.0138859 0.00597477 -0.00192232 -0.00969117 -0.0172376 -0.0244962 -0.0313922 -0.0378079 -0.0436001 -0.0486986 -0.0530758 -0.0566474 -0.0593694 -0.0612508 -0.0622881 -0.0625491 -0.062126 -0.0610667 -0.0594719 -0.0574739 -0.0551891 -0.0527375 -0.0501946 -0.0476351 -0.0451758 -0.0428796 -0.0407879 -0.0389791 -0.0374793 -0.0362745 -0.0353865 
0 0.00299074 0.00602205 0.00911119 0.0122582 0.0155008 0.0188734 0.0223234 0.0257953 0.02927 0.0326657 0.0359028 0.0389387 0.0416229 0.0437978 0.0454169 0.0463874 0.0465888 0.0459649 0.0444653 0.042098 0.0388997 0.0348737 0.0300965 0.0246525 0.0186213 0.0121682 0.00538433 -0.00169083 -0.00894545 -0.0162871 -0.0236311 -0.0309207 -0.0381277 -0.0451472 -0.051877 -0.0582143 -0.0639994 -0.0690708 -0.0732615 -0.0764396 -0.0785062 -0.0793519 -0.0789095 -0.0771841 -0.0742569 -0.0702756 -0.0654155 -0.0598788 -0.0539116 -0.0477648 -0.0416825 -0.0358628 -0.0304401 -0.0255258 -0.0211747 -0.017434 -0.0143024 -0.0117426 -0.00970408 -0.00809347 -0.00685349 -0.00589764 -0.00518279 -0.00465534 -0.00427335 -0.00401327 -0.00382717 -0.00371407 -0.00362849 -0.00358148 -0.00354087 -0.00351646 -0.00349514 -0.00347544 -0.00346347 -0.00344345 -0.00343676 -0.00341639 -0.00341261 -0.00339324 -0.00339057 -0.00337352 -0.00337068 -0.00335682 -0.00335305 -0.00334274 -0.00333776 -0.00333094 -0.00332483 -0.00332119 -0.00331423 -0.00331332 -0.00330588 -0.00330725 -0.00329971 -0.00330294 -0.00329564 -0.00330035 -0.00329362 -0.00329949 -0.00329362 -0.00330035 -0.00329564 -0.00330294 -0.00329971 -0.00330725 -0.00330588 -0.00331332 -0.00331423 -0.00332119 -0.00332483 -0.00333094 -0.00333776 -0.00334274 -0.00335305 -0.00335682 -0.00337068 -0.00337352 -0.00339057 -0.00339322 -0.00341256 -0.00341626 -0.00343642 -0.0034426 -0.00346143 -0.00347073 -0.00348467 -0.00349409 -0.00349502 -0.0034913 -0.00345833 -0.00340606 -0.00329218 -0.00312093 -0.00284194 -0.0024423 -0.00187513 -0.00110045 -7.39102e-05 0.00128059 0.00301824 0.00523724 0.00799228 0.0113442 0.0153063 0.0198576 0.0249611 0.0305295 0.0364619 0.0425866 0.0486885 0.0545218 0.0598339 0.0644105 0.0680528 0.0705885 0.0718946 0.0719168 0.0706926 0.0683107 0.0648626 0.0604706 0.0552778 0.0494468 0.0431365 0.0364482 0.0295012 0.0223966 0.0151707 0.00786209 0.000497322 -0.00683555 -0.0140356 -0.0210882 -0.0279164 -0.0344109 -0.0404885 -0.0460197 -0.0509209 -0.0551318 -0.0585748 -0.0612342 -0.0630673 -0.0640665 -0.0643537 -0.0639851 -0.0629835 -0.0614827 -0.0595925 -0.0573967 -0.055041 -0.0526273 -0.0502103 -0.0478962 -0.0457854 -0.0439088 -0.0422922 -0.0410036 -0.0400932 
0 0.0034729 0.0069092 0.0103934 0.0139618 0.017574 0.0212269 0.0248963 0.0285155 0.0320416 0.0354128 0.0385241 0.0412634 0.043525 0.045224 0.0462738 0.0465888 0.0461007 0.0447378 0.042517 0.0395159 0.0357215 0.0311812 0.0260416 0.0203819 0.0143171 0.00796963 0.00139135 -0.00531868 -0.0121021 -0.0189015 -0.0256236 -0.0322997 -0.0389179 -0.0454001 -0.0516934 -0.0576753 -0.0632595 -0.0683149 -0.0726478 -0.0761389 -0.0786302 -0.0799992 -0.0801486 -0.0790034 -0.0766311 -0.0731252 -0.0686499 -0.0634003 -0.0575803 -0.0514632 -0.0452836 -0.0392741 -0.0336023 -0.0283817 -0.02371 -0.0196254 -0.0161628 -0.0132971 -0.0109826 -0.0091499 -0.00771469 -0.00661217 -0.00577067 -0.005146 -0.00468935 -0.00436603 -0.00414392 -0.00399344 -0.00389584 -0.00383018 -0.00378754 -0.00375713 -0.0037346 -0.00371709 -0.00370102 -0.00368803 -0.00367431 -0.00366294 -0.00365075 -0.00364002 -0.00362934 -0.00361894 -0.00360985 -0.00359978 -0.00359225 -0.00358269 -0.00357663 -0.00356779 -0.00356309 -0.00355517 -0.0035517 -0.00354487 -0.00354255 -0.00353688 -0.00353566 -0.00353119 -0.00353107 -0.00352779 -0.00352877 -0.00352666 -0.00352877 -0.00352779 -0.00353107 -0.00353119 -0.00353566 -0.00353688 -0.00354255 -0.00354487 -0.0035517 -0.00355517 -0.00356309 -0.00356779 -0.00357663 -0.00358269 -0.00359225 -0.00359978 -0.00360984 -0.00361894 -0.00362933 -0.00363999 -0.00365067 -0.00366273 -0.00367376 -0.00368667 -0.00369784 -0.0037099 -0.00371895 -0.00372444 -0.00372199 -0.00370406 -0.00366299 -0.00358094 -0.00344232 -0.00321905 -0.00288388 -0.00240246 -0.00173254 -0.000832326 0.000363449 0.0019152 0.00390964 0.00641836 0.00950555 0.0132087 0.0175164 0.0224074 0.0278023 0.0336183 0.0397076 0.0458737 0.0518895 0.0574841 0.0624471 0.0665581 0.0696469 0.0715737 0.0722331 0.0716556 0.0698942 0.0670749 0.0633289 0.0587783 0.0536242 0.0479915 0.0420008 0.0357583 0.0293283 0.0228266 0.0162495 0.00956954 0.00282615 -0.00398103 -0.0107885 -0.0175475 -0.0242236 -0.0306968 -0.0369116 -0.0427753 -0.0481091 -0.0528504 -0.0569574 -0.060346 -0.0629733 -0.0648075 -0.0658687 -0.0662229 -0.0659147 -0.0650229 -0.0636451 -0.0618706 -0.0598325 -0.0576526 -0.055412 -0.0532056 -0.0511169 -0.0492152 -0.0475875 -0.0462893 -0.0453423 
