0 0 0 0 0 0 0 0 0 0 0 0 0 0 0 0 0 0 0 0 0 0 0 0 0 0 0 0 0 0 0 0 0 0 0 0 0 0 0 0 0 0 0 0 0 0 0 0 0 0 0 0 0 0 0 0 0 0 0 0 0 0 0 0 0 0 0 0 0 0 0 0 0 0 0 0 0 0 0 0 0 0 0 0 0 0 0 0 0 0 0 0 0 0 0 0 0 0 0 0 0 0 0 0 0 0 0 0 0 0 0 0 0 0 0 0 0 0 0 0 0 0 0 0 0 0 0 0 0 0 0 0 0 0 0 0 0 0 0 0 0 0 0 0 0 0 0 0 0 0 0 0 0 0 0 0 0 0 0 0 0 0 0 0 0 0 0 0 0 0 0 0 0 0 0 0 0 0 0 0 0 0 0 0 0 0 0 0 0 0 0 0 0 0 0 0 0 0 0 0 
0 0.000233425 0.000381758 0.000573817 0.000837329 0.00108293 0.00136592 0.0017179 0.00206267 0.00244135 0.00290232 0.00337874 0.00386607 0.00436614 0.00482025 0.00523746 0.00557528 0.00574566 0.00579503 0.00568685 0.00529308 0.00466409 0.00383454 0.00276003 0.00149413 6.96432e-05 -0.00144198 -0.00291915 -0.00436918 -0.00573061 -0.00688175 -0.00779792 -0.00842338 -0.00877447 -0.00889015 -0.00872256 -0.00832341 -0.00773908 -0.00702229 -0.00627538 -0.00549536 -0.00472157 -0.00398038 -0.00327257 -0.00266489 -0.00214089 -0.0017165 -0.00138441 -0.00110301 -0.000892433 -0.000710398 -0.000573237 -0.000472384 -0.000390382 -0.000348255 -0.000307824 -0.000293685 -0.000280191 -0.000271429 -0.000271909 -0.000260981 -0.000265288 -0.000254457 -0.000255942 -0.000249456 -0.000245632 -0.000245202 -0.000237254 -0.000241429 -0.000232479 -0.000238159 -0.000231308 -0.000235552 -0.000232623 -0.000233734 -0.000234972 -0.00023268 -0.000237148 -0.00023222 -0.000238443 -0.000232108 -0.00023863 -0.000232104 -0.000237825 -0.000232033 -0.000236315 -0.000231808 -0.000234424 -0.000231421 -0.000232441 -0.000230916 -0.000230582 -0.000230364 -0.000228992 -0.000229842 -0.000227754 -0.000229418 -0.000226913 -0.000229143 -0.000226489 -0.000229048 -0.000226489 -0.000229143 -0.000226913 -0.000229418 -0.000227754 -0.000229842 -0.000228992 -0.000230364 -0.000230582 -0.000230916 -0.000232441 -0.000231421 -0.000234424 -0.000231808 -0.000236315 -0.000232033 -0.000237825 -0.000232104 -0.00023863 -0.000232108 -0.000238443 -0.00023222 -0.000237148 -0.00023268 -0.000234972 -0.000233734 -0.000232623 -0.000235552 -0.000231308 -0.000238159 -0.000232478 -0.000241428 -0.000237251 -0.000245194 -0.000245609 -0.00024939 -0.000255764 -0.000253999 -0.000264162 -0.000258337 -0.000265989 -0.000258793 -0.000254508 -0.000244028 -0.000216559 -0.000188893 -0.000126002 -5.52817e-05 5.39813e-05 0.000192361 0.000359299 0.0005834 0.000844044 0.00119402 0.00162852 0.00216536 0.00281651 0.00352698 0.00430477 0.00509708 0.00589375 0.00669441 0.00741559 0.00802636 0.00843493 0.00859507 0.00853421 0.00819747 0.00758611 0.00668305 0.00548722 0.00412716 0.0026383 0.00105215 -0.000533462 -0.00207113 -0.00344545 -0.00460869 -0.00561818 -0.00638924 -0.0068827 -0.0071785 -0.00727046 -0.00718019 -0.00695242 -0.00658561 -0.00617632 -0.00576825 -0.00529326 -0.00483454 -0.00445402 -0.00404586 -0.00366589 -0.00342133 -0.00318268 -0.00291921 -0.00278694 -0.00271671 -0.00257603 
0 0.000381758 0.000777757 0.00122265 0.00170122 0.00219796 0.00276461 0.00342871 0.00416497 0.00496661 0.00583914 0.00677596 0.007744 0.00868896 0.00959753 0.0104311 0.0110559 0.011406 0.0114797 0.0111702 0.0103902 0.00915834 0.00748189 0.00537954 0.00288473 6.68742e-05 -0.0028909 -0.00584807 -0.00872772 -0.0113787 -0.0136594 -0.0154503 -0.016684 -0.0174028 -0.0176078 -0.0173004 -0.0165417 -0.0154019 -0.0140304 -0.012541 -0.0109927 -0.00945793 -0.00796041 -0.00656973 -0.00534392 -0.00429821 -0.00345779 -0.00277702 -0.00223589 -0.00180522 -0.00145147 -0.00118291 -0.000967357 -0.000814325 -0.00070515 -0.000627316 -0.000583876 -0.000547185 -0.000533063 -0.000517687 -0.00051153 -0.000508117 -0.000501942 -0.000504683 -0.000497845 -0.000501711 -0.000495976 -0.00049723 -0.000494025 -0.000491109 -0.000490571 -0.00048404 -0.00048522 -0.000476882 -0.00047841 -0.000470296 -0.000470992 -0.000464645 -0.000463835 -0.000460026 -0.000457572 -0.000456373 -0.000452528 -0.000453538 -0.000448748 -0.00045136 -0.000446095 -0.000449692 -0.000444346 -0.000448417 -0.00044326 -0.00044745 -0.000442627 -0.000446729 -0.000442282 -0.000446216 -0.000442107 -0.000445885 -0.000442029 -0.000445723 -0.000442007 -0.000445723 -0.000442029 -0.000445885 -0.000442107 -0.000446216 -0.000442282 -0.000446729 -0.000442627 -0.00044745 -0.00044326 -0.000448417 -0.000444346 -0.000449692 -0.000446095 -0.00045136 -0.000448748 -0.000453538 -0.000452528 -0.000456373 -0.000457572 -0.000460026 -0.000463835 -0.000464645 -0.000470992 -0.000470296 -0.00047841 -0.000476882 -0.00048522 -0.00048404 -0.00049057 -0.000491108 -0.000494023 -0.000497223 -0.000495956 -0.000501652 -0.000497683 -0.000504256 -0.000500864 -0.000505511 -0.000505514 -0.000504427 -0.000505189 -0.000491354 -0.0004774 -0.000434101 -0.000371648 -0.000266629 -0.000110548 9.71663e-05 0.000382902 0.000732363 0.00118042 0.00173719 0.00243538 0.00332142 0.00439243 0.00566375 0.00708017 0.00859309 0.0101692 0.0117492 0.0133099 0.0147456 0.0159241 0.0167345 0.0170684 0.0169155 0.0162441 0.0149985 0.0131924 0.0108696 0.00817214 0.00524258 0.00214442 -0.000985046 -0.00398158 -0.0067127 -0.00907446 -0.0110499 -0.0125864 -0.0136067 -0.0141782 -0.0143831 -0.0142348 -0.0137948 -0.0131493 -0.0123705 -0.0115161 -0.0106079 -0.00971056 -0.00890142 -0.00815299 -0.00745115 -0.00686346 -0.00638298 -0.00596011 -0.00562347 -0.0053881 -0.00522434 
0 0.000573817 0.00122265 0.00188689 0.00258017 0.00338171 0.00426317 0.00522591 0.00633606 0.00754829 0.00882652 0.0102128 0.0116337 0.0130063 0.0143298 0.0154816 0.0163294 0.0168413 0.0168797 0.0163249 0.0151689 0.0133298 0.0108064 0.00769232 0.00400543 -0.000100966 -0.00440567 -0.00877507 -0.0129819 -0.0168343 -0.020182 -0.0228112 -0.0246757 -0.0257673 -0.026059 -0.0256384 -0.0245436 -0.0229083 -0.0209345 -0.0187296 -0.0164566 -0.0141833 -0.0119711 -0.00993776 -0.00810545 -0.00655451 -0.00527669 -0.0042312 -0.00341298 -0.00273664 -0.00221128 -0.00179385 -0.00146789 -0.00124242 -0.00106454 -0.000961654 -0.000882548 -0.000837163 -0.000812352 -0.000786005 -0.000783939 -0.000764631 -0.000766417 -0.00075453 -0.000751177 -0.00074794 -0.000737896 -0.000741299 -0.00072759 -0.000733303 -0.000720386 -0.000724129 -0.000715462 -0.000714685 -0.000711653 -0.000705942 -0.000707989 -0.000698535 -0.000703944 -0.00069267 -0.000699421 -0.000688224 -0.000694598 -0.000684907 -0.000689765 -0.0006824 -0.000685203 -0.000680442 -0.000681121 -0.000678857 -0.000677645 -0.000677548 -0.000674827 -0.000676481 -0.000672673 -0.000675657 -0.000671163 -0.000675092 -0.00067027 -0.000674804 -0.000669975 -0.000674804 -0.00067027 -0.000675092 -0.000671163 -0.000675657 -0.000672673 -0.000676481 -0.000674827 -0.000677548 -0.000677645 -0.000678857 -0.000681121 -0.000680442 -0.000685203 -0.0006824 -0.000689765 -0.000684907 -0.000694598 -0.000688224 -0.000699421 -0.00069267 -0.000703944 -0.000698535 -0.000707989 -0.000705942 -0.000711653 -0.000714685 -0.000715462 -0.000724129 -0.000720385 -0.000733301 -0.000727585 -0.000741284 -0.000737853 -0.000747819 -0.000750853 -0.000753695 -0.000764357 -0.000759772 -0.000772981 -0.000762401 -0.000763824 -0.000742014 -0.000704735 -0.000645068 -0.000527508 -0.000373916 -0.000126546 0.000190389 0.000613205 0.00115649 0.00182145 0.00268278 0.00373965 0.00507042 0.00668217 0.00854783 0.0106563 0.0128921 0.0152269 0.0175773 0.0198353 0.0219114 0.0235865 0.0247308 0.0252256 0.0249614 0.0239414 0.0220888 0.0194229 0.0160687 0.012122 0.00780003 0.00327629 -0.00130136 -0.00566779 -0.00967437 -0.0132016 -0.0160981 -0.0183596 -0.0199578 -0.0208706 -0.0212244 -0.0210753 -0.0204793 -0.0196012 -0.0185003 -0.0172364 -0.0159591 -0.0146893 -0.0134417 -0.0123348 -0.0113487 -0.0104258 -0.00967064 -0.00909632 -0.00858296 -0.00817491 -0.00795946 
0 0.000837329 0.00170122 0.00258017 0.00354055 0.00464937 0.00586084 0.00716158 0.00860868 0.0102032 0.0119114 0.0136969 0.01551 0.0173028 0.018952 0.0203149 0.0213497 0.0219291 0.0218409 0.021032 0.0194532 0.0169933 0.0136778 0.00956895 0.00477832 -0.000476362 -0.00604111 -0.0116835 -0.0170864 -0.0220503 -0.026341 -0.0297697 -0.0322585 -0.0336968 -0.034118 -0.0336065 -0.0322337 -0.0302071 -0.0276803 -0.0248396 -0.0218844 -0.0188991 -0.0160368 -0.0133719 -0.0109709 -0.00891975 -0.00718224 -0.00577841 -0.00464366 -0.00372613 -0.00301506 -0.00243587 -0.00201094 -0.00168569 -0.00145442 -0.00130601 -0.0011925 -0.00113911 -0.00108805 -0.00106789 -0.00104834 -0.00103124 -0.00102738 -0.00100702 -0.00100885 -0.00098965 -0.000989974 -0.000977444 -0.000972429 -0.000968735 -0.000958196 -0.000961744 -0.000948089 -0.000955148 -0.000941668 -0.00094832 -0.000937766 -0.000941212 -0.000935088 -0.000934085 -0.000932623 -0.00092727 -0.000929798 -0.000921032 -0.000926444 -0.000915527 -0.000922673 -0.000910811 -0.00091874 -0.000906879 -0.000914934 -0.000903693 -0.000911513 -0.000901207 -0.000908678 -0.000899378 -0.000906569 -0.000898176 -0.000905273 -0.00089758 -0.000904836 -0.00089758 -0.000905273 -0.000898176 -0.000906569 -0.000899378 -0.000908678 -0.000901207 -0.000911513 -0.000903693 -0.000914934 -0.000906879 -0.00091874 -0.000910811 -0.000922673 -0.000915527 -0.000926444 -0.000921032 -0.000929798 -0.00092727 -0.000932623 -0.000934085 -0.000935088 -0.000941212 -0.000937766 -0.00094832 -0.000941668 -0.000955148 -0.000948089 -0.000961744 -0.000958195 -0.000968732 -0.000972419 -0.000977414 -0.000989889 -0.000989416 -0.00100824 -0.00100549 -0.00102371 -0.0010228 -0.00102981 -0.00102903 -0.00101022 -0.000990313 -0.000921116 -0.00083381 -0.000670187 -0.000440969 -0.000118593 0.000329626 0.000889101 0.00163032 0.00254375 0.00370465 0.00515926 0.00692821 0.0090708 0.0115201 0.0142604 0.0172057 0.0202449 0.0233109 0.0262124 0.0288104 0.0309159 0.0323198 0.0329195 0.0325479 0.0311426 0.0287129 0.0252632 0.020948 0.0158993 0.0102989 0.00446004 -0.00139434 -0.00702848 -0.0122116 -0.016804 -0.0206158 -0.0235777 -0.0257528 -0.0271021 -0.0276553 -0.0275648 -0.0269334 -0.0258767 -0.0245171 -0.0229582 -0.0213473 -0.0197432 -0.0181375 -0.0166481 -0.0153543 -0.0141845 -0.0131512 -0.0123313 -0.0116877 -0.0111764 -0.0108179 
0 0.00108293 0.00219796 0.00338171 0.00464937 0.00602226 0.0075437 0.00921556 0.0110254 0.0130005 0.0150978 0.0172224 0.0193751 0.021492 0.0233655 0.0249063 0.0260465 0.0265501 0.0262681 0.0251459 0.0230685 0.0200043 0.0159462 0.0109263 0.00517886 -0.00111979 -0.0078142 -0.0145513 -0.0210297 -0.0269638 -0.0320725 -0.036239 -0.039273 -0.041055 -0.0416471 -0.0410845 -0.03955 -0.0372224 -0.0342368 -0.0308637 -0.0272637 -0.0236341 -0.0201539 -0.0168775 -0.0139492 -0.0113811 -0.00920031 -0.00742344 -0.00595643 -0.00480902 -0.00388345 -0.00315784 -0.00261169 -0.00217737 -0.00188761 -0.00166119 -0.00152166 -0.00142803 -0.00135902 -0.0013336 -0.00129412 -0.0012923 -0.00126992 -0.00126739 -0.00125965 -0.0012479 -0.00125116 -0.00123183 -0.00123948 -0.00121869 -0.00122389 -0.00120762 -0.00120597 -0.00119752 -0.00118804 -0.00118756 -0.00117201 -0.00117745 -0.00115893 -0.0011673 -0.00114899 -0.00115752 -0.00114183 -0.0011485 -0.00113683 -0.00114055 -0.00113335 -0.00113383 -0.00113088 -0.00112837 -0.00112906 -0.00112408 -0.00112768 -0.00112085 -0.00112663 -0.00111856 -0.00112588 -0.0011171 -0.00112542 -0.00111638 -0.00112527 -0.00111638 -0.00112542 -0.0011171 -0.00112588 -0.00111856 -0.00112663 -0.00112085 -0.00112768 -0.00112408 -0.00112906 -0.00112837 -0.00113088 -0.00113383 -0.00113335 -0.00114055 -0.00113683 -0.0011485 -0.00114183 -0.00115752 -0.00114899 -0.0011673 -0.00115893 -0.00117745 -0.00117201 -0.00118756 -0.00118804 -0.00119752 -0.00120597 -0.00120762 -0.00122389 -0.00121869 -0.00123946 -0.00123177 -0.001251 -0.00124747 -0.00125854 -0.00126468 -0.0012636 -0.0012782 -0.00126402 -0.00127222 -0.00123941 -0.0012055 -0.0011263 -0.000990202 -0.000798591 -0.000483874 -8.08251e-05 0.000492188 0.00122285 0.00215928 0.00336688 0.00485038 0.0067205 0.00895588 0.0115926 0.0146129 0.0179243 0.0215107 0.0252026 0.0288762 0.0323508 0.0353721 0.0378078 0.0394217 0.040042 0.0395382 0.0377495 0.0347437 0.0305963 0.025405 0.0193894 0.0127228 0.00573522 -0.0012177 -0.00795473 -0.0142149 -0.0197623 -0.0244543 -0.0281481 -0.0308747 -0.0326831 -0.0335354 -0.0335863 -0.03303 -0.0319254 -0.0304132 -0.028664 -0.0267666 -0.0248378 -0.0229648 -0.0211747 -0.0195459 -0.0181257 -0.0168732 -0.0157999 -0.0149607 -0.0143345 -0.013882 
0 0.00136592 0.00276461 0.00426317 0.00586084 0.0075437 0.00938338 0.0114162 0.0135997 0.015913 0.0183292 0.0207909 0.0232317 0.0255236 0.0275392 0.0291796 0.0302525 0.0305777 0.0300599 0.0285479 0.0259544 0.0222845 0.0174951 0.0116962 0.00510852 -0.00212284 -0.00972119 -0.0173576 -0.0247315 -0.0314586 -0.0373131 -0.0421202 -0.0456338 -0.0477911 -0.048563 -0.0480308 -0.0464214 -0.0438473 -0.040532 -0.0367049 -0.0325576 -0.0283876 -0.0243245 -0.0205172 -0.0170751 -0.0139993 -0.0113873 -0.00918568 -0.00738933 -0.00596484 -0.00480872 -0.0039338 -0.0032335 -0.00271575 -0.00233783 -0.00205187 -0.00188075 -0.0017386 -0.00167066 -0.00161078 -0.0015765 -0.00155998 -0.00153007 -0.00153228 -0.00150382 -0.00150819 -0.00148728 -0.00148415 -0.0014751 -0.00146174 -0.00146375 -0.00144292 -0.00145132 -0.00142841 -0.0014374 -0.0014177 -0.00142267 -0.0014096 -0.00140819 -0.00140291 -0.00139488 -0.00139674 -0.00138334 -0.00139063 -0.00137377 -0.00138449 -0.00136611 -0.00137848 -0.00136011 -0.00137282 -0.00135552 -0.00136777 -0.00135207 -0.00136352 -0.00134956 -0.00136023 -0.00134787 -0.00135799 -0.00134688 -0.00135686 -0.00134656 -0.00135686 -0.00134688 -0.00135799 -0.00134787 -0.00136023 -0.00134956 -0.00136352 -0.00135207 -0.00136777 -0.00135552 -0.00137282 -0.00136011 -0.00137848 -0.00136611 -0.00138449 -0.00137377 -0.00139063 -0.00138334 -0.00139674 -0.00139488 -0.00140291 -0.00140819 -0.0014096 -0.00142267 -0.0014177 -0.0014374 -0.00142841 -0.00145132 -0.00144292 -0.00146375 -0.00146172 -0.00147506 -0.00148403 -0.00148697 -0.0015074 -0.00150185 -0.00152762 -0.00151952 -0.00153708 -0.001529 -0.00151663 -0.00149229 -0.00141577 -0.00132233 -0.0011279 -0.000872903 -0.000484353 4.41807e-05 0.000730886 0.00165689 0.00280661 0.00430082 0.0061483 0.0084086 0.0111262 0.0142408 0.0177902 0.0216668 0.0258084 0.0300976 0.0342832 0.0381995 0.0415655 0.0441878 0.04591 0.0464711 0.045753 0.0436303 0.0401018 0.0353381 0.0294227 0.0225647 0.0150431 0.00712691 -0.000791963 -0.00844472 -0.0156148 -0.0220037 -0.0274639 -0.0318957 -0.0352124 -0.0374819 -0.0387555 -0.0390948 -0.038678 -0.0376401 -0.0361106 -0.0342614 -0.0321931 -0.0300291 -0.0279247 -0.0259066 -0.0239866 -0.0222754 -0.0208165 -0.0195597 -0.0185101 -0.0177204 -0.0171989 
0 0.0017179 0.00342871 0.00522591 0.00716158 0.00921556 0.0114162 0.0137943 0.0163043 0.0189092 0.0216176 0.0243642 0.0269819 0.0293569 0.031429 0.0330076 0.0338747 0.0339463 0.0330931 0.0311384 0.0280281 0.0237328 0.018287 0.0118405 0.00451074 -0.0034686 -0.0117591 -0.0201039 -0.0281415 -0.0355193 -0.0420109 -0.0473212 -0.0512802 -0.0537946 -0.0547807 -0.0543915 -0.0527615 -0.0500513 -0.0465196 -0.0423267 -0.0377784 -0.0331332 -0.0285618 -0.0242831 -0.0203264 -0.0167923 -0.0137257 -0.0110981 -0.00896529 -0.00721657 -0.00584326 -0.00477227 -0.00392306 -0.00330804 -0.00281822 -0.00248991 -0.00224717 -0.00208041 -0.00198592 -0.00189798 -0.00187035 -0.00182103 -0.00180893 -0.00178466 -0.00176599 -0.00176071 -0.00173315 -0.00173901 -0.00170954 -0.00171708 -0.00169392 -0.00169551 -0.00168355 -0.00167573 -0.0016754 -0.00165881 -0.00166716 -0.00164513 -0.00165771 -0.00163439 -0.00164697 -0.00162595 -0.00163545 -0.00161911 -0.0016239 -0.0016133 -0.001613 -0.00160818 -0.00160326 -0.0016036 -0.00159496 -0.00159957 -0.00158823 -0.00159615 -0.00158308 -0.00159347 -0.00157946 -0.00159162 -0.00157732 -0.00159067 -0.00157661 -0.00159067 -0.00157732 -0.00159162 -0.00157946 -0.00159347 -0.00158308 -0.00159615 -0.00158823 -0.00159957 -0.00159496 -0.0016036 -0.00160326 -0.00160818 -0.001613 -0.0016133 -0.0016239 -0.00161911 -0.00163545 -0.00162595 -0.00164697 -0.00163439 -0.00165771 -0.00164513 -0.00166716 -0.00165881 -0.0016754 -0.00167573 -0.00168355 -0.00169551 -0.00169391 -0.00171705 -0.00170946 -0.00173879 -0.00173258 -0.0017593 -0.0017626 -0.00177687 -0.00179175 -0.0017848 -0.0017973 -0.00175717 -0.0017265 -0.00162355 -0.00147747 -0.00124763 -0.00089296 -0.000433294 0.000230737 0.00106506 0.00217492 0.00359246 0.0053682 0.0076064 0.0102721 0.0134414 0.0170521 0.0210723 0.0254816 0.0301129 0.0348705 0.0394828 0.0436912 0.0472956 0.0500112 0.0516973 0.0521347 0.0511355 0.0486823 0.0447327 0.0394187 0.0329207 0.0254018 0.017203 0.00861198 -7.83228e-05 -0.00848587 -0.0163597 -0.0234654 -0.0296058 -0.0347102 -0.0386625 -0.0414431 -0.0431908 -0.0439575 -0.0438049 -0.0429312 -0.0415176 -0.0396912 -0.0375784 -0.03531 -0.0330198 -0.0307931 -0.0286741 -0.0267309 -0.0250246 -0.0235764 -0.0223942 -0.0214709 -0.0208061 
0 0.00206267 0.00416497 0.00633606 0.00860868 0.0110254 0.0135997 0.0163043 0.0191164 0.022021 0.0249653 0.027841 0.0305244 0.0329238 0.034914 0.0362894 0.036884 0.0365919 0.035281 0.0328345 0.0291743 0.0242983 0.0183216 0.0113234 0.00341399 -0.00510244 -0.0139271 -0.0227669 -0.0312709 -0.0391613 -0.0461034 -0.0518061 -0.0561468 -0.058969 -0.0602519 -0.0600784 -0.0585203 -0.0558171 -0.0521511 -0.0477408 -0.0429068 -0.0378549 -0.0328737 -0.0281285 -0.0237034 -0.0197351 -0.0162047 -0.0131928 -0.010684 -0.00862236 -0.00701011 -0.00570926 -0.00472175 -0.00395362 -0.00336601 -0.00295517 -0.00263035 -0.00243739 -0.00228182 -0.00219509 -0.00213755 -0.00208814 -0.00207788 -0.00203939 -0.00204329 -0.00201372 -0.00201257 -0.00199589 -0.00198205 -0.0019788 -0.00195352 -0.0019594 -0.00192897 -0.00193739 -0.0019091 -0.00191411 -0.00189343 -0.00189145 -0.00188087 -0.00187104 -0.00187033 -0.00185383 -0.00186101 -0.00184008 -0.00185248 -0.00182954 -0.00184461 -0.00182171 -0.00183744 -0.001816 -0.00183111 -0.00181189 -0.00182575 -0.00180899 -0.00182148 -0.00180701 -0.00181838 -0.00180577 -0.0018165 -0.00180517 -0.00181587 -0.00180517 -0.0018165 -0.00180577 -0.00181838 -0.00180701 -0.00182148 -0.00180899 -0.00182575 -0.00181189 -0.00183111 -0.001816 -0.00183744 -0.00182171 -0.00184461 -0.00182954 -0.00185248 -0.00184008 -0.00186101 -0.00185383 -0.00187033 -0.00187104 -0.00188087 -0.00189145 -0.00189343 -0.00191411 -0.0019091 -0.00193739 -0.00192896 -0.00195939 -0.0019535 -0.00197874 -0.00198191 -0.0019955 -0.00201158 -0.00201128 -0.00203761 -0.00202666 -0.0020506 -0.00203219 -0.00202783 -0.00198935 -0.00191299 -0.00180489 -0.00159153 -0.00131798 -0.000882623 -0.000313484 0.00045926 0.00148762 0.00279039 0.00450008 0.00660974 0.00922527 0.0123422 0.0159361 0.0200284 0.024503 0.0293483 0.0344093 0.0394856 0.0443845 0.0487777 0.05247 0.0552104 0.0567548 0.0569742 0.0556844 0.0528693 0.0485632 0.0428033 0.035821 0.0278501 0.0191756 0.0101276 0.00094454 -0.00802776 -0.0164441 -0.0241206 -0.0308811 -0.0365861 -0.0411464 -0.0445092 -0.0467608 -0.0480057 -0.0482893 -0.0477474 -0.0465713 -0.0448981 -0.0428557 -0.0405846 -0.0382087 -0.0358406 -0.0335836 -0.0314947 -0.0295895 -0.0279283 -0.0265909 -0.0255564 -0.0247886 
0 0.00244135 0.00496661 0.00754829 0.0102032 0.0130005 0.015913 0.0189092 0.022021 0.0251812 0.0282471 0.0311562 0.0338409 0.0361372 0.0378797 0.0389365 0.0391616 0.0384118 0.0365855 0.0335992 0.0293974 0.0240259 0.0175735 0.0101154 0.00182588 -0.00703609 -0.0161844 -0.0252943 -0.0341009 -0.0423084 -0.0495464 -0.0555771 -0.06022 -0.0633535 -0.0649718 -0.0650409 -0.0636681 -0.061051 -0.0573605 -0.0528901 -0.0478687 -0.042557 -0.0372467 -0.0320815 -0.0272557 -0.0228379 -0.0188791 -0.0154666 -0.012553 -0.0101811 -0.00826706 -0.00674725 -0.00558413 -0.00465646 -0.00398049 -0.00345429 -0.00308031 -0.00282224 -0.00262629 -0.00252261 -0.00242368 -0.00238554 -0.00233896 -0.00231467 -0.00229853 -0.00226944 -0.00227001 -0.00223693 -0.00224238 -0.00221295 -0.00221381 -0.00219457 -0.00218577 -0.00217893 -0.00216024 -0.00216388 -0.00213849 -0.00214829 -0.00212082 -0.00213206 -0.0021068 -0.00211571 -0.00209566 -0.00209998 -0.0020866 -0.00208553 -0.00207901 -0.00207282 -0.00207251 -0.00206208 -0.00206691 -0.00205336 -0.0020622 -0.00204659 -0.00205841 -0.00204167 -0.00205563 -0.00203846 -0.00205392 -0.00203689 -0.00205335 -0.00203689 -0.00205392 -0.00203846 -0.00205563 -0.00204167 -0.00205841 -0.00204659 -0.0020622 -0.00205336 -0.00206691 -0.00206208 -0.00207251 -0.00207282 -0.00207901 -0.00208553 -0.0020866 -0.00209998 -0.00209566 -0.00211571 -0.0021068 -0.00213206 -0.00212082 -0.00214829 -0.00213849 -0.00216388 -0.00216024 -0.00217893 -0.00218577 -0.00219455 -0.00221377 -0.00221285 -0.00224211 -0.00223624 -0.00226829 -0.00226534 -0.00228922 -0.00229438 -0.00229665 -0.0023011 -0.00226254 -0.00222853 -0.00211287 -0.00196403 -0.00170461 -0.00133405 -0.000827417 -0.000111452 0.000798173 0.00202582 0.00358093 0.00556768 0.0080506 0.0110311 0.0145755 0.0186006 0.0231115 0.0280344 0.0332453 0.0386418 0.0439534 0.0489756 0.0534484 0.0570929 0.0597151 0.0610416 0.0609326 0.059325 0.0561672 0.0515313 0.0454721 0.0381607 0.0299081 0.0209728 0.0116383 0.0021862 -0.00710843 -0.0159186 -0.024018 -0.0312629 -0.0374933 -0.0426141 -0.0465971 -0.049443 -0.0512161 -0.0520281 -0.0519816 -0.0511757 -0.0497636 -0.047926 -0.0457872 -0.0434523 -0.0410553 -0.0387105 -0.0364991 -0.0344831 -0.0326952 -0.0311786 -0.0300044 -0.0292048 
0 0.00290232 0.00583914 0.00882652 0.0119114 0.0150978 0.0183292 0.0216176 0.0249653 0.0282471 0.0313607 0.0342656 0.0368302 0.0388702 0.0402524 0.0408713 0.0406151 0.0393486 0.036958 0.033418 0.0287379 0.0229273 0.0160597 0.00828371 -0.000218634 -0.00923123 -0.0184818 -0.0276964 -0.0366178 -0.044938 -0.052354 -0.0586095 -0.0635054 -0.0669596 -0.0688962 -0.0692708 -0.0681701 -0.0657209 -0.0621559 -0.0577283 -0.0526487 -0.047208 -0.0416296 -0.0361405 -0.0309381 -0.0260991 -0.021749 -0.0179107 -0.0146195 -0.0118969 -0.00966405 -0.00791247 -0.00652425 -0.00545323 -0.00464176 -0.00401082 -0.00357038 -0.00322877 -0.00300899 -0.00284926 -0.00273999 -0.00267883 -0.0026153 -0.00259593 -0.00255299 -0.00254311 -0.00251614 -0.00250121 -0.00248963 -0.00246655 -0.00246685 -0.00243892 -0.00244477 -0.00241764 -0.00242243 -0.00240105 -0.00240014 -0.00238724 -0.00237874 -0.00237464 -0.00235905 -0.00236232 -0.00234164 -0.00235 -0.00232672 -0.00233784 -0.00231423 -0.00232622 -0.002304 -0.00231557 -0.00229577 -0.00230627 -0.00228931 -0.0022986 -0.00228446 -0.00229274 -0.00228107 -0.00228879 -0.00227907 -0.0022868 -0.00227841 -0.0022868 -0.00227907 -0.00228879 -0.00228107 -0.00229274 -0.00228446 -0.0022986 -0.00228931 -0.00230627 -0.00229577 -0.00231557 -0.002304 -0.00232622 -0.00231423 -0.00233784 -0.00232672 -0.00235 -0.00234164 -0.00236232 -0.00235905 -0.00237464 -0.00237874 -0.00238724 -0.00240014 -0.00240105 -0.00242243 -0.00241764 -0.00244476 -0.0024389 -0.00246678 -0.00246636 -0.00248915 -0.00250001 -0.00251323 -0.00253638 -0.00253809 -0.00256433 -0.00255115 -0.00255419 -0.00250838 -0.00243753 -0.00230832 -0.00208586 -0.00177967 -0.00130738 -0.000692826 0.000154896 0.00125773 0.00268323 0.00452935 0.00682198 0.00966722 0.0130457 0.0169743 0.0214291 0.0263271 0.0316311 0.0371672 0.0427713 0.0482183 0.05324 0.0576364 0.0611303 0.0634877 0.0645079 0.0640327 0.0620579 0.0585881 0.0536622 0.047395 0.0399436 0.03157 0.0225489 0.0131262 0.00358403 -0.00580839 -0.014815 -0.0232104 -0.0307996 -0.0374502 -0.0430945 -0.0476832 -0.0511738 -0.0535725 -0.0549707 -0.0554939 -0.0552082 -0.054209 -0.0527018 -0.0508337 -0.0486731 -0.046362 -0.044035 -0.0417611 -0.0396589 -0.0378209 -0.0362405 -0.0349648 -0.0340749 
0 0.00337874 0.00677596 0.0102128 0.0136969 0.0172224 0.0207909 0.0243642 0.027841 0.0311562 0.0342656 0.0370337 0.0393137 0.0409993 0.0419457 0.0420456 0.0412319 0.0393647 0.0363724 0.0323122 0.0271906 0.0210102 0.0138734 0.00593118 -0.00262624 -0.0116058 -0.020812 -0.0299782 -0.0388241 -0.0470981 -0.0545395 -0.0609075 -0.0660225 -0.0697563 -0.0720176 -0.0727614 -0.0720014 -0.0698552 -0.0665323 -0.0622468 -0.057238 -0.0517421 -0.0459927 -0.0402519 -0.0347054 -0.0295124 -0.0247787 -0.0205499 -0.0168941 -0.0137973 -0.0112546 -0.00921633 -0.00759387 -0.00634385 -0.0053635 -0.00462776 -0.00407452 -0.00366626 -0.00338936 -0.00318217 -0.0030612 -0.0029655 -0.00291241 -0.00287205 -0.00283837 -0.00282305 -0.00279165 -0.0027852 -0.00275537 -0.00274844 -0.00272427 -0.00271197 -0.0026964 -0.00267764 -0.00267074 -0.00264729 -0.00264679 -0.00262185 -0.00262445 -0.00260129 -0.00260392 -0.00258497 -0.00258544 -0.002572 -0.00256922 -0.00256154 -0.00255533 -0.00255293 -0.00254373 -0.00254575 -0.00253429 -0.0025398 -0.00252685 -0.00253499 -0.00252125 -0.00253132 -0.00251735 -0.00252884 -0.00251505 -0.00252758 -0.00251429 -0.00252758 -0.00251505 -0.00252884 -0.00251735 -0.00253132 -0.00252125 -0.00253499 -0.00252685 -0.0025398 -0.00253429 -0.00254575 -0.00254373 -0.00255293 -0.00255533 -0.00256154 -0.00256922 -0.002572 -0.00258544 -0.00258497 -0.00260392 -0.00260129 -0.00262445 -0.00262185 -0.00264679 -0.00264729 -0.00267074 -0.00267763 -0.00269639 -0.00271192 -0.00272415 -0.00274812 -0.00275454 -0.00278316 -0.00278686 -0.00281225 -0.00281508 -0.00282392 -0.00281723 -0.00278538 -0.00273507 -0.00261693 -0.00245073 -0.00217025 -0.0017799 -0.00122824 -0.000476707 0.000505938 0.00181148 0.00347721 0.00561038 0.00825808 0.0114621 0.0152473 0.0195686 0.0244122 0.0296893 0.0352943 0.0410694 0.0467802 0.0522133 0.0571274 0.0613009 0.0645119 0.0665166 0.0671432 0.0662958 0.0639575 0.0601727 0.0550112 0.0485992 0.0411283 0.0328079 0.023858 0.0145416 0.00511766 -0.00419509 -0.0132045 -0.0217367 -0.0295822 -0.0365711 -0.0426653 -0.0478087 -0.0519115 -0.0549821 -0.0570646 -0.0582208 -0.0585599 -0.058161 -0.0571227 -0.0556074 -0.0537449 -0.0516556 -0.0494726 -0.0472806 -0.045181 -0.0433064 -0.0417112 -0.040412 -0.0394599 
0 0.00386607 0.007744 0.0116337 0.01551 0.0193751 0.0232317 0.0269819 0.0305244 0.0338409 0.0368302 0.0393137 0.0412099 0.0424388 0.0428585 0.0423851 0.0409363 0.0384319 0.0348971 0.030354 0.0248161 0.0183671 0.0110849 0.00311616 -0.00532935 -0.0141353 -0.0231348 -0.0320637 -0.0406932 -0.0487857 -0.0561347 -0.0625577 -0.0678312 -0.0718076 -0.0743916 -0.0755041 -0.0751542 -0.0734097 -0.0704245 -0.0664126 -0.0615756 -0.0561372 -0.0503338 -0.0444079 -0.0385955 -0.0330766 -0.0279759 -0.0233799 -0.0193373 -0.0158753 -0.0129939 -0.0106484 -0.00878418 -0.00731959 -0.00618193 -0.0053131 -0.00465049 -0.00416658 -0.00381189 -0.0035657 -0.0033975 -0.00328016 -0.00320803 -0.00314966 -0.00311694 -0.00308336 -0.00306192 -0.00304048 -0.00301965 -0.00300584 -0.00298356 -0.00297436 -0.00295213 -0.00294457 -0.00292474 -0.00291631 -0.00290067 -0.00288992 -0.00287919 -0.00286585 -0.00285974 -0.00284441 -0.00284197 -0.00282573 -0.00282579 -0.00280974 -0.00281122 -0.0027963 -0.00279839 -0.0027852 -0.00278739 -0.00277623 -0.00277833 -0.00276925 -0.00277125 -0.0027641 -0.0027662 -0.00276072 -0.00276316 -0.00275904 -0.00276215 -0.00275904 -0.00276316 -0.00276072 -0.0027662 -0.0027641 -0.00277125 -0.00276925 -0.00277833 -0.00277623 -0.00278739 -0.0027852 -0.00279839 -0.0027963 -0.00281122 -0.00280974 -0.00282579 -0.00282573 -0.00284197 -0.00284441 -0.00285974 -0.00286585 -0.00287919 -0.00288992 -0.00290067 -0.00291631 -0.00292474 -0.00294456 -0.0029521 -0.00297428 -0.00298334 -0.00300527 -0.00301824 -0.00303711 -0.00305419 -0.00306641 -0.0030813 -0.0030779 -0.00306974 -0.00302507 -0.00294711 -0.00280395 -0.00257612 -0.00223931 -0.00175174 -0.00109092 -0.000197953 0.000972199 0.00249377 0.00444448 0.00689122 0.00989659 0.0134782 0.0176345 0.0223363 0.0275255 0.0331167 0.0389653 0.0448693 0.050601 0.0559212 0.0606127 0.0644685 0.0672631 0.0688138 0.0689849 0.0677156 0.0650268 0.0609495 0.0555976 0.0491466 0.0417592 0.0336289 0.024926 0.0158628 0.00671074 -0.0023717 -0.0112459 -0.0197295 -0.0276804 -0.0349371 -0.0413907 -0.0470072 -0.0517017 -0.0554448 -0.0582675 -0.0601503 -0.0611673 -0.0614555 -0.0610485 -0.0600291 -0.0585905 -0.056863 -0.0549383 -0.0529513 -0.0510104 -0.0491878 -0.0475814 -0.0462991 -0.0453981 
0 0.00436614 0.00868896 0.0130063 0.0173028 0.021492 0.0255236 0.0293569 0.0329238 0.0361372 0.0388702 0.0409993 0.0424388 0.0431069 0.0429268 0.0418061 0.0396813 0.0366012 0.0325832 0.0275931 0.0217299 0.0151054 0.00778841 -4.85965e-05 -0.00827066 -0.0167797 -0.0253897 -0.0339395 -0.0422235 -0.0500199 -0.0572143 -0.0636065 -0.0689739 -0.0731714 -0.0760433 -0.0775442 -0.077656 -0.0763755 -0.0738404 -0.0701917 -0.0656234 -0.0603572 -0.054585 -0.0485785 -0.0425689 -0.0367665 -0.0313447 -0.0263841 -0.0219742 -0.0181424 -0.0149026 -0.0122433 -0.0100967 -0.00840813 -0.00708576 -0.00606636 -0.00529077 -0.00470515 -0.0042805 -0.00397193 -0.00375987 -0.00361282 -0.00351281 -0.00344542 -0.00339545 -0.00336069 -0.00333095 -0.0033077 -0.00328657 -0.00326742 -0.00325052 -0.00323352 -0.00321876 -0.00320363 -0.00318977 -0.00317647 -0.00316298 -0.00315132 -0.0031382 -0.00312787 -0.00311544 -0.00310608 -0.00309476 -0.0030861 -0.00307624 -0.00306812 -0.00305992 -0.0030523 -0.00304583 -0.00303876 -0.00303396 -0.00302753 -0.00302429 -0.00301862 -0.00301682 -0.00301199 -0.0030115 -0.0030076 -0.00300832 -0.00300541 -0.00300726 -0.00300541 -0.00300832 -0.0030076 -0.0030115 -0.00301199 -0.00301682 -0.00301862 -0.00302429 -0.00302753 -0.00303396 -0.00303876 -0.00304583 -0.0030523 -0.00305992 -0.00306812 -0.00307624 -0.0030861 -0.00309476 -0.00310608 -0.00311544 -0.00312787 -0.0031382 -0.00315132 -0.00316298 -0.00317647 -0.00318976 -0.00320361 -0.0032187 -0.00323338 -0.00325014 -0.00326645 -0.00328423 -0.00330225 -0.00331878 -0.00333466 -0.00334207 -0.00334062 -0.00331585 -0.00325846 -0.00314923 -0.00296305 -0.00267951 -0.00225822 -0.00167556 -0.000879974 0.000173578 0.00154875 0.00332772 0.00557288 0.00836631 0.011731 0.0156843 0.0202088 0.0252491 0.0307568 0.036592 0.0425966 0.0485447 0.0541808 0.0593036 0.0636715 0.0670977 0.0693934 0.0703926 0.0700599 0.068352 0.0652992 0.0609852 0.0555071 0.0490891 0.041894 0.0340416 0.0257189 0.0170702 0.0082903 -0.000442218 -0.00904273 -0.0173465 -0.0252271 -0.0326219 -0.039371 -0.045373 -0.050611 -0.0550216 -0.0585646 -0.0612214 -0.063002 -0.0640088 -0.0643228 -0.0639925 -0.0631406 -0.0618952 -0.0603639 -0.0586921 -0.0570007 -0.0553718 -0.0539144 -0.052724 -0.0518553 
0 0.00482025 0.00959753 0.0143298 0.018952 0.0233655 0.0275392 0.031429 0.034914 0.0378797 0.0402524 0.0419457 0.0428585 0.0429268 0.0420952 0.040295 0.0375487 0.03393 0.0294325 0.0240897 0.0180249 0.0113372 0.00414826 -0.00344104 -0.0113622 -0.0194466 -0.0275674 -0.035633 -0.0434451 -0.0508823 -0.0578271 -0.0640808 -0.0694966 -0.0738612 -0.0770242 -0.0789518 -0.0795442 -0.0788078 -0.0767887 -0.0735677 -0.0693635 -0.0643297 -0.0586904 -0.0526978 -0.0465629 -0.0405652 -0.0348552 -0.0295744 -0.0248202 -0.0206133 -0.0170239 -0.0140117 -0.0115638 -0.00961497 -0.00807163 -0.00689006 -0.0059669 -0.00528263 -0.00476919 -0.00439834 -0.00414418 -0.00395827 -0.00384599 -0.00375596 -0.0037047 -0.00365869 -0.00362587 -0.00359928 -0.00356937 -0.00355151 -0.00352228 -0.00350795 -0.00348137 -0.00346769 -0.00344579 -0.00343135 -0.00341492 -0.00339945 -0.00338808 -0.00337208 -0.00336467 -0.00334891 -0.00334418 -0.00332944 -0.00332626 -0.0033131 -0.00331068 -0.00329941 -0.00329731 -0.00328803 -0.00328605 -0.00327871 -0.00327686 -0.00327132 -0.00326972 -0.0032658 -0.00326463 -0.00326213 -0.00326157 -0.00326029 -0.00326055 -0.00326029 -0.00326157 -0.00326213 -0.00326463 -0.0032658 -0.00326972 -0.00327132 -0.00327686 -0.00327871 -0.00328605 -0.00328803 -0.00329731 -0.00329941 -0.00331068 -0.0033131 -0.00332626 -0.00332944 -0.00334418 -0.00334891 -0.00336467 -0.00337208 -0.00338808 -0.00339945 -0.00341491 -0.00343134 -0.00344578 -0.00346766 -0.00348128 -0.0035077 -0.00352162 -0.00354991 -0.00356558 -0.00359066 -0.0036071 -0.00361951 -0.00362633 -0.00360589 -0.00357079 -0.00347493 -0.00333054 -0.00308367 -0.00272563 -0.00221687 -0.00150988 -0.000581612 0.000661333 0.00225294 0.00430344 0.00686887 0.00999994 0.0137425 0.0180511 0.0229349 0.0283028 0.034073 0.0401089 0.0461698 0.0520622 0.0575087 0.0623068 0.0662653 0.0691533 0.070866 0.071285 0.0704034 0.0682718 0.0648821 0.0603643 0.0548544 0.0485147 0.0415543 0.0340611 0.0261839 0.0180807 0.00981355 0.00152364 -0.00666749 -0.0146805 -0.0224038 -0.0297896 -0.0367325 -0.0430639 -0.0487436 -0.0537426 -0.0579667 -0.0613866 -0.0640095 -0.065836 -0.0669224 -0.0673675 -0.0672463 -0.0666242 -0.0656339 -0.0644334 -0.0631164 -0.0617935 -0.0606113 -0.0596112 -0.0588138 
0 0.00523746 0.0104311 0.0154816 0.0203149 0.0249063 0.0291796 0.0330076 0.0362894 0.0389365 0.0408713 0.0420456 0.0423851 0.0418061 0.040295 0.0378813 0.0345889 0.0304555 0.0255552 0.0199788 0.0138178 0.00720431 0.000249436 -0.00702037 -0.0145077 -0.0220635 -0.0296227 -0.0370944 -0.0443876 -0.051422 -0.0580312 -0.0641028 -0.0694886 -0.0739642 -0.0774251 -0.0797472 -0.0808414 -0.0806887 -0.07922 -0.0765323 -0.0727609 -0.0680518 -0.0626552 -0.0567428 -0.0505874 -0.0444408 -0.0384815 -0.0329207 -0.027814 -0.0232652 -0.0193122 -0.015946 -0.0131932 -0.0109497 -0.00919102 -0.00780971 -0.00673792 -0.00593531 -0.00531211 -0.00487808 -0.00454728 -0.00433 -0.00417586 -0.00406715 -0.00400393 -0.0039409 -0.00391484 -0.00387121 -0.00385451 -0.00382318 -0.00380419 -0.0037836 -0.00375945 -0.00374763 -0.00371982 -0.00371357 -0.00368522 -0.00368108 -0.00365526 -0.00365047 -0.00362928 -0.00362226 -0.00360664 -0.0035969 -0.00358683 -0.00357466 -0.00356952 -0.00355564 -0.00355455 -0.00353977 -0.00354184 -0.00352691 -0.00353139 -0.00351688 -0.00352323 -0.00350952 -0.00351738 -0.0035047 -0.00351387 -0.00350231 -0.00351269 -0.00350231 -0.00351387 -0.0035047 -0.00351738 -0.00350952 -0.00352323 -0.00351688 -0.00353139 -0.00352691 -0.00354184 -0.00353977 -0.00355455 -0.00355564 -0.00356952 -0.00357466 -0.00358683 -0.0035969 -0.00360664 -0.00362226 -0.00362928 -0.00365047 -0.00365526 -0.00368108 -0.00368522 -0.00371356 -0.0037198 -0.00374757 -0.00375929 -0.00378317 -0.00380311 -0.00382058 -0.00384849 -0.00385786 -0.00388647 -0.0038831 -0.00389111 -0.00385625 -0.00379824 -0.00368206 -0.00348069 -0.00319057 -0.00273896 -0.00214008 -0.00129959 -0.000203745 0.00123466 0.00309703 0.00543192 0.00835093 0.0118376 0.0159424 0.0206178 0.025811 0.0314777 0.037443 0.0435783 0.0496206 0.0553324 0.0605128 0.0649022 0.0683555 0.0706691 0.0717325 0.0715551 0.0701209 0.0675293 0.0638407 0.0591496 0.0536619 0.0474951 0.0408022 0.0337349 0.0263794 0.0188587 0.0112066 0.0034546 -0.00426255 -0.0118799 -0.0193619 -0.0266274 -0.0335977 -0.0401659 -0.0462261 -0.0517099 -0.0565546 -0.060717 -0.0641674 -0.0668688 -0.0688218 -0.0700948 -0.0707783 -0.0709343 -0.0706474 -0.0700596 -0.0692854 -0.0684048 -0.0675371 -0.066793 -0.066234 
0 0.00557528 0.0110559 0.0163294 0.0213497 0.0260465 0.0302525 0.0338747 0.036884 0.0391616 0.0406151 0.0412319 0.0409363 0.0396813 0.0375487 0.0345889 0.0308028 0.026265 0.0210932 0.0153913 0.00926598 0.00282568 -0.00384844 -0.0106923 -0.0176301 -0.0245885 -0.0315015 -0.0383399 -0.045094 -0.0516581 -0.0579059 -0.0637462 -0.0690229 -0.0735935 -0.0773068 -0.0800008 -0.0816092 -0.0820176 -0.0811552 -0.0790596 -0.0757801 -0.0715067 -0.0664125 -0.0606842 -0.054597 -0.048353 -0.0422255 -0.0363932 -0.0309726 -0.0260958 -0.0217687 -0.0180696 -0.0149699 -0.0124345 -0.010427 -0.00882276 -0.00760001 -0.00664041 -0.00592285 -0.0053907 -0.00499164 -0.00472876 -0.00452201 -0.00440451 -0.00430368 -0.00424668 -0.00419989 -0.0041596 -0.00413933 -0.00410114 -0.00409228 -0.00405581 -0.00404898 -0.00401784 -0.00400738 -0.00398442 -0.00396794 -0.0039538 -0.00393159 -0.00392505 -0.00389904 -0.0038979 -0.0038706 -0.00387249 -0.00384621 -0.0038492 -0.00382562 -0.00382838 -0.00380848 -0.00381034 -0.00379446 -0.00379527 -0.00378331 -0.00378324 -0.0037748 -0.00377426 -0.00376881 -0.00376831 -0.00376524 -0.00376534 -0.00376406 -0.00376534 -0.00376524 -0.00376831 -0.00376881 -0.00377426 -0.0037748 -0.00378324 -0.00378331 -0.00379527 -0.00379446 -0.00381034 -0.00380848 -0.00382838 -0.00382562 -0.0038492 -0.00384621 -0.00387249 -0.0038706 -0.0038979 -0.00389904 -0.00392505 -0.00393159 -0.0039538 -0.00396793 -0.0039844 -0.00400734 -0.00401774 -0.0040487 -0.00405508 -0.00409052 -0.00409699 -0.00412997 -0.00413934 -0.00415784 -0.00416302 -0.00414424 -0.00411342 -0.00401272 -0.00387423 -0.00361459 -0.00325457 -0.00272292 -0.00199279 -0.00102562 0.000274725 0.00193112 0.00407844 0.00674205 0.00999971 0.0138706 0.0183144 0.0233387 0.0288257 0.0347151 0.0408334 0.0469596 0.0528914 0.058344 0.0631439 0.0670726 0.069935 0.071626 0.0720416 0.0712368 0.0692756 0.0662255 0.0622401 0.0574425 0.0520044 0.0460709 0.0397236 0.0331081 0.0263269 0.0194115 0.0123843 0.00525467 -0.00192691 -0.00909961 -0.0162351 -0.0232775 -0.0301509 -0.0368051 -0.0431606 -0.0490762 -0.054463 -0.0593055 -0.0635319 -0.0670687 -0.0699354 -0.0721415 -0.0737058 -0.0747355 -0.0753081 -0.0754648 -0.0753289 -0.0750286 -0.0746347 -0.0742508 -0.0739757 
0 0.00574566 0.011406 0.0168413 0.0219291 0.0265501 0.0305777 0.0339463 0.0365919 0.0384118 0.0393486 0.0393647 0.0384319 0.0366012 0.03393 0.0304555 0.026265 0.0214501 0.0161252 0.0104458 0.00448746 -0.0016974 -0.00799186 -0.014326 -0.0206722 -0.026982 -0.0332361 -0.0394437 -0.0455956 -0.0516415 -0.0574874 -0.0630313 -0.0681833 -0.0728171 -0.0767498 -0.0798252 -0.0819075 -0.0828665 -0.0826241 -0.0811224 -0.0784094 -0.0746228 -0.0699042 -0.064469 -0.0585178 -0.0522906 -0.0460564 -0.0399991 -0.0343162 -0.0290997 -0.0244285 -0.0203699 -0.0169076 -0.014066 -0.0117591 -0.00993633 -0.00851709 -0.00740745 -0.00658103 -0.00594073 -0.00548878 -0.00515272 -0.00492044 -0.00476476 -0.00464428 -0.00457806 -0.0045073 -0.00447499 -0.00442767 -0.00440219 -0.00437032 -0.0043419 -0.00432254 -0.00429017 -0.00428003 -0.00424641 -0.00424132 -0.00420999 -0.00420595 -0.00417976 -0.00417388 -0.00415439 -0.00414519 -0.0041327 -0.00411995 -0.00411383 -0.00409812 -0.00409731 -0.00407961 -0.00408294 -0.00406427 -0.00407071 -0.00405196 -0.00406071 -0.00404254 -0.00405307 -0.00403588 -0.0040479 -0.00403192 -0.0040453 -0.0040306 -0.0040453 -0.00403192 -0.0040479 -0.00403588 -0.00405307 -0.00404254 -0.00406071 -0.00405196 -0.00407071 -0.00406427 -0.00408294 -0.00407961 -0.00409731 -0.00409812 -0.00411383 -0.00411995 -0.0041327 -0.00414519 -0.00415439 -0.00417388 -0.00417976 -0.00420595 -0.00420999 -0.00424131 -0.00424639 -0.00427996 -0.00428999 -0.00432207 -0.00434072 -0.0043675 -0.00439572 -0.0044134 -0.00444481 -0.00444612 -0.00445918 -0.00442293 -0.00436979 -0.00424467 -0.00404288 -0.00373591 -0.00327113 -0.00264636 -0.00177129 -0.00063559 0.000865651 0.00279072 0.00521663 0.00822833 0.0118251 0.0160496 0.020839 0.0261576 0.0319221 0.037979 0.0441728 0.050238 0.0559518 0.0610846 0.0654178 0.0687899 0.0710163 0.0720157 0.0717841 0.0703697 0.0678881 0.0644465 0.0602028 0.0553466 0.0500174 0.0443247 0.0383633 0.0322278 0.0259986 0.0196976 0.0133057 0.00682814 0.000267507 -0.00640178 -0.013141 -0.0198782 -0.0265882 -0.033226 -0.039715 -0.0459537 -0.0518136 -0.0572322 -0.0621645 -0.0665222 -0.0702891 -0.0734675 -0.0760096 -0.0779723 -0.0794627 -0.0804979 -0.0811428 -0.0815379 -0.0817543 -0.0818409 -0.0818744 
