0 0 0 0 0 0 0 0 0 0 0 0 0 0 0 0 0 0 0 0 0 0 0 0 0 0 0 0 0 0 0 0 0 0 0 0 0 0 0 0 0 0 0 0 0 0 0 0 0 0 0 0 0 0 0 0 0 0 0 0 0 0 0 0 0 0 0 0 0 0 0 0 0 0 0 0 0 0 0 0 0 0 0 0 0 0 0 0 0 0 0 0 0 0 0 0 0 0 0 0 0 0 0 0 0 0 0 0 0 0 0 0 0 0 0 0 0 0 0 0 0 0 0 0 0 0 0 0 0 0 0 0 0 0 0 0 0 0 0 0 0 0 0 0 0 0 0 0 0 0 0 0 0 0 0 0 0 0 0 0 0 0 0 0 0 0 0 0 0 0 0 0 0 0 0 0 0 0 0 0 0 0 0 0 0 0 0 0 0 0 0 0 0 0 0 0 0 0 0 0 
0 3.62264e-05 0.0001774 0.000276728 0.000329995 0.000461247 0.000584795 0.000673195 0.000851394 0.00104881 0.00121201 0.00147473 0.00178561 0.00206101 0.00242133 0.00285135 0.00327754 0.00375437 0.0042303 0.00467895 0.00512213 0.00543455 0.00562957 0.00574524 0.00562199 0.00526836 0.00472064 0.00391088 0.00289712 0.00166053 0.000243933 -0.00119302 -0.00267165 -0.00411729 -0.00542675 -0.00657575 -0.0074366 -0.00804489 -0.00841445 -0.00849075 -0.00834088 -0.00793158 -0.00734906 -0.00668069 -0.00592646 -0.00518326 -0.00441684 -0.00368274 -0.00302225 -0.00242119 -0.00195156 -0.00154816 -0.00124062 -0.000995104 -0.000784369 -0.000639622 -0.000499544 -0.000418196 -0.000342332 -0.000296088 -0.000269439 -0.000238483 -0.000238818 -0.000215995 -0.000223936 -0.000210486 -0.00021436 -0.000212246 -0.000208102 -0.000215922 -0.000205313 -0.000218578 -0.000205662 -0.000219023 -0.000208039 -0.000217296 -0.000211061 -0.000214093 -0.000213584 -0.000210265 -0.000214957 -0.000206506 -0.000215017 -0.000203241 -0.000213945 -0.000200645 -0.0002121 -0.000198719 -0.000209869 -0.000197368 -0.000207588 -0.000196464 -0.000205505 -0.000195885 -0.000203781 -0.000195532 -0.000202508 -0.000195334 -0.000201732 -0.000195245 -0.000201471 -0.000195245 -0.000201732 -0.000195334 -0.000202508 -0.000195532 -0.000203781 -0.000195885 -0.000205505 -0.000196464 -0.000207588 -0.000197368 -0.000209869 -0.000198719 -0.0002121 -0.000200645 -0.000213945 -0.000203241 -0.000215017 -0.000206506 -0.000214957 -0.000210265 -0.000213584 -0.000214093 -0.000211061 -0.000217296 -0.000208039 -0.000219022 -0.00020566 -0.000218571 -0.000205292 -0.000215864 -0.000207947 -0.00021185 -0.000213391 -0.000208217 -0.00021886 -0.000205155 -0.00021674 -0.000195637 -0.000190274 -0.000156906 -0.000109503 -4.73477e-05 6.39378e-05 0.000180018 0.000363384 0.000563889 0.000831286 0.00116685 0.00157134 0.0021023 0.00269896 0.00340428 0.00414847 0.00491254 0.00570477 0.00644947 0.00717643 0.00776996 0.00817413 0.00836235 0.00825788 0.00792889 0.00731098 0.00639336 0.00524007 0.00385327 0.00238622 0.000867214 -0.00069247 -0.00214499 -0.00347041 -0.00458789 -0.00546988 -0.00618621 -0.00662367 -0.00680462 -0.00683873 -0.00668135 -0.00639531 -0.00602351 -0.00556379 -0.00513451 -0.00469579 -0.00420708 -0.00381408 -0.00346523 -0.00308442 -0.00280244 -0.00258612 -0.00235238 -0.00219769 -0.00208255 -0.00191513 -0.00181403 -0.00180113 -0.00173469 -0.00165376 -0.00165734 
0 0.0001774 0.000350512 0.000505205 0.000688929 0.000925319 0.00115923 0.00140878 0.00173368 0.00209674 0.00248881 0.00297486 0.00354942 0.00418756 0.00491353 0.00572709 0.00660587 0.00751432 0.00842654 0.00934267 0.0101688 0.0107939 0.0112155 0.0113586 0.0110961 0.0103979 0.00924748 0.00765693 0.00563571 0.00318458 0.000452024 -0.00241644 -0.00533665 -0.00816841 -0.0107893 -0.0130298 -0.0147625 -0.0159922 -0.0166904 -0.0168699 -0.0165459 -0.0157497 -0.0146298 -0.0132859 -0.0118322 -0.0103415 -0.00883629 -0.00740398 -0.00607315 -0.00491145 -0.00394152 -0.00314033 -0.00251203 -0.00199307 -0.00158755 -0.00126088 -0.00100424 -0.000821266 -0.000677385 -0.000593657 -0.000527366 -0.000495213 -0.000472733 -0.000458085 -0.000455799 -0.000443857 -0.000448151 -0.000436689 -0.000440256 -0.000431469 -0.000430938 -0.000426764 -0.000421562 -0.000422201 -0.000413593 -0.000417764 -0.000407824 -0.00041359 -0.000404333 -0.000409859 -0.000402727 -0.000406711 -0.000402419 -0.000404203 -0.000402839 -0.000402309 -0.000403547 -0.000400948 -0.00040426 -0.000400012 -0.000404837 -0.000399392 -0.000405237 -0.000398996 -0.000405477 -0.000398752 -0.0004056 -0.000398613 -0.000405653 -0.00039855 -0.000405667 -0.00039855 -0.000405653 -0.000398613 -0.0004056 -0.000398752 -0.000405477 -0.000398996 -0.000405237 -0.000399392 -0.000404837 -0.000400012 -0.00040426 -0.000400948 -0.000403547 -0.000402309 -0.000402839 -0.000404203 -0.000402419 -0.000406711 -0.000402727 -0.000409859 -0.000404333 -0.00041359 -0.000407824 -0.000417763 -0.000413593 -0.000422199 -0.000421556 -0.000426746 -0.000430887 -0.00043133 -0.000439889 -0.000435767 -0.000445928 -0.000438731 -0.0004445 -0.000434293 -0.000424921 -0.000403592 -0.000360066 -0.000302664 -0.000195209 -5.94153e-05 0.000146008 0.000404759 0.00073866 0.00116302 0.0016811 0.00235205 0.00317599 0.00420602 0.00542429 0.00679855 0.00829421 0.00982586 0.0113825 0.0128908 0.0142811 0.0154466 0.0162261 0.016558 0.0163763 0.0156762 0.014452 0.0126554 0.0103665 0.00769241 0.00477853 0.00176642 -0.00127781 -0.00418484 -0.00679007 -0.00901835 -0.010812 -0.0121736 -0.0130643 -0.0134715 -0.01352 -0.0132689 -0.0127346 -0.0120073 -0.0111664 -0.0102769 -0.00937255 -0.00847257 -0.00765592 -0.00693491 -0.00625869 -0.00567423 -0.00520196 -0.00477104 -0.00439658 -0.00412841 -0.00391811 -0.00372115 -0.00356132 -0.00345162 -0.00337434 -0.0033181 
0 0.000276728 0.000505205 0.000776347 0.00109735 0.00140241 0.00175494 0.00218995 0.00264756 0.00318339 0.00384368 0.00456326 0.00539524 0.00639063 0.00746622 0.00865302 0.00997032 0.0113002 0.0126472 0.0139711 0.015102 0.0160091 0.016595 0.0166928 0.0162749 0.0152241 0.0134811 0.0111201 0.00809058 0.00449184 0.000512543 -0.00374006 -0.00801733 -0.0121573 -0.0159895 -0.0192382 -0.0218283 -0.0236564 -0.0246892 -0.0249886 -0.0245113 -0.0234039 -0.0217956 -0.0198275 -0.0177075 -0.0154719 -0.0132614 -0.0111365 -0.00916031 -0.00745114 -0.00597329 -0.00478695 -0.00381845 -0.0030373 -0.00243134 -0.00192226 -0.0015567 -0.00125486 -0.00105197 -0.000907422 -0.000802819 -0.000754592 -0.00070026 -0.000693786 -0.0006654 -0.000666633 -0.000655778 -0.000650243 -0.000652903 -0.000638791 -0.000649806 -0.00063139 -0.000644509 -0.000627435 -0.000637235 -0.000625774 -0.000629057 -0.000625097 -0.000621114 -0.000624372 -0.000614215 -0.000623028 -0.000608735 -0.000620927 -0.000604691 -0.000618219 -0.000601884 -0.000615188 -0.000600031 -0.000612135 -0.000598853 -0.000609316 -0.000598125 -0.000606912 -0.000597684 -0.000605042 -0.000597426 -0.00060377 -0.000597291 -0.000603128 -0.000597249 -0.000603128 -0.000597291 -0.00060377 -0.000597426 -0.000605042 -0.000597684 -0.000606912 -0.000598125 -0.000609316 -0.000598853 -0.000612135 -0.000600031 -0.000615188 -0.000601884 -0.000618219 -0.000604691 -0.000620927 -0.000608735 -0.000623028 -0.000614215 -0.000624372 -0.000621114 -0.000625097 -0.000629057 -0.000625773 -0.000637234 -0.000627431 -0.000644496 -0.000631354 -0.000649703 -0.000638515 -0.000652197 -0.000648506 -0.000651683 -0.000657393 -0.000645456 -0.000652644 -0.0006192 -0.00060216 -0.000529359 -0.00043945 -0.000287677 -6.20208e-05 0.0002268 0.000642512 0.00113574 0.00179313 0.00259447 0.00360508 0.00487729 0.00639553 0.0082196 0.0102387 0.0124366 0.014719 0.0169906 0.0192218 0.0212196 0.0228842 0.0240174 0.024468 0.0242172 0.0231516 0.0213073 0.0186776 0.0153066 0.0114226 0.0071447 0.00269398 -0.00172446 -0.00598003 -0.00980413 -0.0130971 -0.0158027 -0.0178051 -0.0191636 -0.0198793 -0.0199889 -0.0196651 -0.0189368 -0.0179013 -0.0167272 -0.0154237 -0.0140885 -0.0128293 -0.0116045 -0.0104823 -0.00951841 -0.00863466 -0.00787273 -0.00726415 -0.00671482 -0.00625637 -0.00593753 -0.00565146 -0.00538243 -0.00522299 -0.00512517 -0.00501032 
0 0.000329995 0.000688929 0.00109735 0.00150885 0.00191974 0.00241901 0.00300664 0.00363387 0.00437241 0.00526425 0.0062583 0.00738361 0.00868072 0.0101188 0.0116893 0.0133703 0.0151178 0.0168697 0.0184881 0.0198927 0.0210143 0.021648 0.0216736 0.0210308 0.0195805 0.017283 0.014126 0.0101411 0.00550583 0.000338402 -0.00515895 -0.0106893 -0.0160438 -0.0209325 -0.0251413 -0.0285297 -0.0309214 -0.0323186 -0.0327103 -0.0321457 -0.0307906 -0.0287495 -0.0262605 -0.02349 -0.0205761 -0.0176959 -0.0149008 -0.0123416 -0.0100659 -0.00811129 -0.00651344 -0.00518794 -0.00414942 -0.00330255 -0.00263808 -0.00212793 -0.00172239 -0.00144951 -0.00123086 -0.00110473 -0.00100773 -0.000951438 -0.000921346 -0.000889256 -0.000889256 -0.00086519 -0.000873674 -0.00085668 -0.000862025 -0.000854392 -0.000851765 -0.000853688 -0.00084306 -0.000852015 -0.000836218 -0.000848288 -0.000831123 -0.000842517 -0.000827344 -0.000835344 -0.000824365 -0.000827611 -0.000821762 -0.000820073 -0.000819286 -0.000813257 -0.000816849 -0.00080745 -0.000814481 -0.000802742 -0.000812278 -0.000799102 -0.000810355 -0.000796433 -0.000808816 -0.000794624 -0.000807745 -0.00079358 -0.000807195 -0.000793239 -0.000807195 -0.00079358 -0.000807745 -0.000794624 -0.000808816 -0.000796433 -0.000810355 -0.000799102 -0.000812278 -0.000802742 -0.000814481 -0.00080745 -0.000816849 -0.000813257 -0.000819286 -0.000820073 -0.000821762 -0.000827611 -0.000824365 -0.000835344 -0.000827344 -0.000842517 -0.000831123 -0.000848288 -0.000836217 -0.000852012 -0.000843051 -0.000853663 -0.000851693 -0.000854197 -0.000861515 -0.000855406 -0.000870618 -0.000858168 -0.000873805 -0.000856722 -0.000855839 -0.000825383 -0.000776015 -0.000697881 -0.000548351 -0.000354551 -3.92847e-05 0.000358347 0.000906554 0.00160126 0.00247341 0.00359213 0.00495584 0.00666861 0.00869938 0.0110711 0.0137321 0.0165773 0.0195666 0.0225316 0.0253871 0.0279481 0.0300072 0.0314248 0.031981 0.0316046 0.0302052 0.0277424 0.0243201 0.0199979 0.0149805 0.0094841 0.00372053 -0.00198152 -0.00742212 -0.0124011 -0.0167117 -0.020266 -0.0229509 -0.0247807 -0.0258423 -0.0261301 -0.0257665 -0.0249227 -0.0236943 -0.0222117 -0.0205754 -0.0188862 -0.0172528 -0.0156718 -0.0141832 -0.0128829 -0.0117276 -0.0106896 -0.00984271 -0.00915232 -0.00852824 -0.00799852 -0.00761306 -0.00732466 -0.00707225 -0.00687584 -0.00676475 
0 0.000461247 0.000925319 0.00140241 0.00191974 0.00250629 0.00316432 0.00389543 0.00472943 0.00569002 0.00679503 0.00806615 0.00949931 0.0111119 0.01292 0.0148439 0.0168496 0.0189547 0.0210054 0.0228584 0.0244869 0.0257069 0.0263135 0.0262071 0.0252435 0.0233551 0.0204778 0.0165399 0.0117069 0.00612042 -0.000104631 -0.00667502 -0.0133352 -0.0197442 -0.0255765 -0.0306737 -0.0347673 -0.0377128 -0.039454 -0.0399465 -0.0393633 -0.0377988 -0.0354311 -0.0324987 -0.0291452 -0.0256474 -0.0221301 -0.0187435 -0.0156292 -0.0128044 -0.0103925 -0.0083412 -0.00666496 -0.00532302 -0.00422704 -0.0033956 -0.0027157 -0.00222492 -0.00184961 -0.00158156 -0.00141347 -0.00127823 -0.00122293 -0.00115831 -0.00114464 -0.00111732 -0.0011072 -0.00110186 -0.00108326 -0.00109074 -0.00106572 -0.00107792 -0.00105329 -0.00106325 -0.00104516 -0.00104838 -0.00104007 -0.00103502 -0.00103663 -0.00102421 -0.00103376 -0.00101627 -0.00103083 -0.00101096 -0.00102762 -0.00100773 -0.0010242 -0.00100596 -0.00102074 -0.0010051 -0.00101746 -0.00100475 -0.00101457 -0.00100464 -0.0010122 -0.00100463 -0.00101045 -0.00100464 -0.00100938 -0.00100465 -0.00100902 -0.00100465 -0.00100938 -0.00100464 -0.00101045 -0.00100463 -0.0010122 -0.00100464 -0.00101457 -0.00100475 -0.00101746 -0.0010051 -0.00102074 -0.00100596 -0.0010242 -0.00100773 -0.00102762 -0.00101096 -0.00103083 -0.00101627 -0.00103376 -0.00102421 -0.00103663 -0.00103502 -0.00104007 -0.00104838 -0.00104516 -0.00106323 -0.00105324 -0.00107778 -0.00106536 -0.00108983 -0.00108104 -0.00109668 -0.00109561 -0.00109247 -0.00109368 -0.00105833 -0.00103538 -0.000941863 -0.000836607 -0.000634782 -0.000360209 2.6444e-05 0.000565957 0.00123828 0.00214477 0.00325255 0.00467699 0.00643172 0.00855912 0.0111099 0.0140011 0.0172567 0.0207327 0.0243505 0.0279728 0.0313642 0.0343883 0.0367674 0.03835 0.038967 0.0384151 0.0366663 0.0336491 0.0294843 0.0243449 0.0183433 0.0117742 0.00489603 -0.0019644 -0.00847004 -0.0144808 -0.0197552 -0.0240949 -0.0274572 -0.0297997 -0.0312145 -0.0317686 -0.0314964 -0.0306288 -0.0293211 -0.0276261 -0.0257209 -0.0237412 -0.021754 -0.0198474 -0.0180557 -0.0164233 -0.014992 -0.0137119 -0.0125847 -0.0116649 -0.010899 -0.0102349 -0.00971354 -0.00931838 -0.0089813 -0.00872418 -0.00858356 
0 0.000584795 0.00115923 0.00175494 0.00241901 0.00316432 0.00397719 0.00488226 0.00593473 0.00714161 0.00849726 0.0100385 0.011782 0.0137178 0.0158316 0.0180783 0.0204186 0.0227856 0.0250444 0.0270908 0.0287991 0.0299782 0.0304778 0.030134 0.0288125 0.0264591 0.0229655 0.0183385 0.012732 0.00626071 -0.000857641 -0.00836252 -0.0159576 -0.0232246 -0.0298941 -0.0357196 -0.0404331 -0.0438971 -0.0459522 -0.046635 -0.0460837 -0.0444 -0.0418219 -0.038503 -0.0346906 -0.0306567 -0.0265635 -0.0226491 -0.01898 -0.0156679 -0.0127785 -0.0102908 -0.00826143 -0.00658531 -0.00526496 -0.00421973 -0.00339379 -0.00278588 -0.00230082 -0.00198064 -0.00173128 -0.00157864 -0.00147608 -0.00140232 -0.00137551 -0.00133226 -0.00133449 -0.00130536 -0.00131096 -0.00129426 -0.00129188 -0.00128801 -0.00127522 -0.00128202 -0.00126155 -0.00127449 -0.00125118 -0.00126515 -0.00124373 -0.00125459 -0.00123842 -0.00124371 -0.00123442 -0.00123336 -0.00123109 -0.00122414 -0.00122805 -0.00121633 -0.00122514 -0.00121002 -0.00122239 -0.00120512 -0.00121989 -0.00120148 -0.00121778 -0.00119892 -0.00121617 -0.0011973 -0.00121517 -0.00119652 -0.00121483 -0.00119652 -0.00121517 -0.0011973 -0.00121617 -0.00119892 -0.00121778 -0.00120148 -0.00121989 -0.00120512 -0.00122239 -0.00121002 -0.00122514 -0.00121633 -0.00122805 -0.00122414 -0.00123109 -0.00123336 -0.00123442 -0.00124371 -0.00123842 -0.00125459 -0.00124373 -0.00126515 -0.00125118 -0.00127449 -0.00126154 -0.00128199 -0.00127512 -0.00128776 -0.00129123 -0.00129267 -0.0013072 -0.00129681 -0.00131586 -0.0012934 -0.00129792 -0.00125408 -0.00120515 -0.00110489 -0.000938189 -0.000707864 -0.000338444 0.000130042 0.000799118 0.00164258 0.00274317 0.00414615 0.00588157 0.00805307 0.0106212 0.0136529 0.0170756 0.0208461 0.0249059 0.0290708 0.0332247 0.0370813 0.0404262 0.0430527 0.0447191 0.0453046 0.0445812 0.0424593 0.0389606 0.0341503 0.0282621 0.0214508 0.0139649 0.00616885 -0.00163339 -0.00908866 -0.0159631 -0.0220706 -0.0271682 -0.0311836 -0.034105 -0.0359435 -0.0368061 -0.0367745 -0.0359935 -0.0346585 -0.0328866 -0.030824 -0.0286229 -0.0263746 -0.0241807 -0.0221054 -0.0201713 -0.018431 -0.0169026 -0.0155505 -0.0143741 -0.0134087 -0.0126319 -0.0119606 -0.0113932 -0.0109959 -0.0107182 -0.0104825 
0 0.000673195 0.00140878 0.00218995 0.00300664 0.00389543 0.00488226 0.00600063 0.00729205 0.00874633 0.0103649 0.0122053 0.0142651 0.0164844 0.018867 0.0214158 0.0240224 0.0265595 0.0289588 0.0310893 0.0327435 0.0337754 0.0340464 0.0333799 0.0316565 0.0287723 0.0246813 0.0194476 0.0131369 0.00592047 -0.00194048 -0.010204 -0.018501 -0.0264741 -0.0338297 -0.0402383 -0.0454955 -0.049388 -0.0517709 -0.0526996 -0.0522261 -0.0505382 -0.0478164 -0.044227 -0.0400765 -0.0355798 -0.0310248 -0.0266117 -0.0224435 -0.0186724 -0.0152964 -0.0124022 -0.0099733 -0.00797259 -0.0063945 -0.00511617 -0.00414824 -0.0033826 -0.00281301 -0.00239986 -0.00208699 -0.00189827 -0.0017423 -0.00167048 -0.00160215 -0.00157342 -0.00155153 -0.00152972 -0.00153168 -0.00150701 -0.00151881 -0.00149386 -0.00150558 -0.00148576 -0.00149095 -0.00148 -0.00147591 -0.00147468 -0.0014617 -0.00146868 -0.00144923 -0.00146164 -0.00143888 -0.00145375 -0.00143063 -0.00144549 -0.00142422 -0.0014374 -0.00141931 -0.00142997 -0.00141559 -0.00142351 -0.0014128 -0.00141824 -0.00141076 -0.00141426 -0.00140936 -0.00141161 -0.00140854 -0.00141028 -0.00140827 -0.00141028 -0.00140854 -0.00141161 -0.00140936 -0.00141426 -0.00141076 -0.00141824 -0.0014128 -0.00142351 -0.00141559 -0.00142997 -0.00141931 -0.0014374 -0.00142422 -0.00144549 -0.00143063 -0.00145375 -0.00143888 -0.00146164 -0.00144923 -0.00146868 -0.0014617 -0.00147468 -0.0014759 -0.00147999 -0.00149093 -0.00148569 -0.00150541 -0.00149341 -0.00151769 -0.00150431 -0.00152546 -0.00151596 -0.00152233 -0.00151411 -0.00148682 -0.00145587 -0.0013601 -0.00124653 -0.00102166 -0.000727493 -0.000284689 0.000312436 0.00109557 0.00214456 0.0034559 0.00515934 0.00724961 0.00981196 0.0128497 0.0163266 0.0202558 0.0245123 0.0290611 0.0337164 0.0382644 0.0424804 0.0460471 0.0487945 0.0504824 0.0509252 0.049986 0.0475119 0.0435681 0.0382451 0.0317149 0.0242447 0.0160656 0.00754256 -0.00098089 -0.00921515 -0.0168296 -0.0236171 -0.0294102 -0.0340727 -0.0375803 -0.0399185 -0.0411628 -0.0414664 -0.0409204 -0.0396667 -0.0379215 -0.0358359 -0.0335117 -0.0310755 -0.0286587 -0.0263355 -0.0241306 -0.0220953 -0.0202961 -0.0187292 -0.0173436 -0.0161413 -0.0151526 -0.0143435 -0.0136754 -0.0131644 -0.0127906 -0.0125121 
0 0.000851394 0.00173368 0.00264756 0.00363387 0.00472943 0.00593473 0.00729205 0.00882763 0.0105202 0.0124189 0.0145696 0.0169103 0.0194066 0.0220734 0.024844 0.0275968 0.0302332 0.032662 0.0347351 0.0362463 0.0370288 0.0369636 0.0359006 0.0336814 0.0302321 0.0255856 0.0197853 0.0128937 0.00509822 -0.00334589 -0.0121381 -0.0209473 -0.0294664 -0.0373319 -0.0442241 -0.0499075 -0.0541572 -0.0568854 -0.0580639 -0.0577531 -0.0561329 -0.053345 -0.0496306 -0.0452364 -0.0404209 -0.0354969 -0.0306406 -0.026048 -0.0218111 -0.0179903 -0.0146722 -0.0118284 -0.00949988 -0.00760855 -0.00610995 -0.00495082 -0.00403598 -0.00336753 -0.00284637 -0.00248958 -0.00222967 -0.002054 -0.00194887 -0.00186299 -0.0018318 -0.00178511 -0.00177823 -0.00175102 -0.0017446 -0.00173154 -0.00171771 -0.00171635 -0.00169557 -0.00170225 -0.00167845 -0.00168849 -0.00166616 -0.00167521 -0.00165779 -0.00166283 -0.00165215 -0.00165176 -0.00164812 -0.00164223 -0.00164488 -0.0016343 -0.00164197 -0.00162789 -0.0016392 -0.00162285 -0.00163659 -0.00161901 -0.00163424 -0.00161619 -0.00163232 -0.00161426 -0.00163095 -0.00161314 -0.00163024 -0.00161277 -0.00163024 -0.00161314 -0.00163095 -0.00161426 -0.00163232 -0.00161619 -0.00163424 -0.00161901 -0.00163659 -0.00162285 -0.0016392 -0.00162789 -0.00164197 -0.0016343 -0.00164488 -0.00164223 -0.00164812 -0.00165176 -0.00165215 -0.00166283 -0.00165779 -0.00167521 -0.00166616 -0.00168848 -0.00167844 -0.00170221 -0.00169546 -0.00171604 -0.00171693 -0.00172963 -0.00174013 -0.00174098 -0.00175657 -0.00174036 -0.00174326 -0.00169527 -0.00164476 -0.00152597 -0.00135096 -0.00108596 -0.000688935 -0.000165751 0.000571328 0.00150799 0.00275043 0.00432682 0.00631509 0.0087863 0.0117345 0.0152118 0.0191409 0.0235109 0.0282374 0.0331926 0.0382379 0.0430879 0.0475108 0.0512176 0.0539645 0.0555673 0.0557983 0.0545527 0.0517528 0.047418 0.0416806 0.0346847 0.0267074 0.0180569 0.00903439 -2.81168e-05 -0.00883295 -0.0170542 -0.0244211 -0.0307988 -0.0360759 -0.0401575 -0.0430225 -0.0447506 -0.0454727 -0.0452847 -0.0442982 -0.0426995 -0.0406777 -0.0383467 -0.0358086 -0.033228 -0.0307191 -0.0283013 -0.0260313 -0.0239738 -0.0221309 -0.0205131 -0.0191154 -0.017909 -0.0169241 -0.0161511 -0.0155048 -0.0150027 -0.014699 
0 0.00104881 0.00209674 0.00318339 0.00437241 0.00569002 0.00714161 0.00874633 0.0105202 0.012503 0.0147225 0.0171298 0.0197098 0.0224862 0.0253739 0.0282673 0.0311066 0.0337636 0.0360985 0.0379798 0.0392092 0.0396323 0.0391438 0.0375849 0.0348332 0.0308589 0.0256874 0.0193812 0.0120232 0.00378238 -0.00505454 -0.0141835 -0.0233272 -0.032175 -0.0403781 -0.0476085 -0.0535965 -0.0581737 -0.0612324 -0.0627075 -0.0626475 -0.061161 -0.0584297 -0.0546881 -0.0501641 -0.0451553 -0.0399253 -0.0347152 -0.0297272 -0.0250613 -0.0208355 -0.0170884 -0.0138651 -0.0111793 -0.00897683 -0.00723695 -0.00585482 -0.0047931 -0.00397749 -0.00335888 -0.0029168 -0.00258443 -0.00237355 -0.00221554 -0.00212581 -0.00206164 -0.00202081 -0.00200088 -0.00197407 -0.00197214 -0.00194889 -0.00195165 -0.00193211 -0.00193256 -0.00191905 -0.001914 -0.00190769 -0.00189661 -0.00189691 -0.0018811 -0.00188625 -0.00186784 -0.00187564 -0.00185686 -0.00186532 -0.00184795 -0.00185563 -0.00184081 -0.00184687 -0.00183515 -0.00183929 -0.0018307 -0.00183302 -0.0018273 -0.00182815 -0.00182483 -0.00182468 -0.0018232 -0.0018226 -0.0018224 -0.00182191 -0.0018224 -0.0018226 -0.0018232 -0.00182468 -0.00182483 -0.00182815 -0.0018273 -0.00183302 -0.0018307 -0.00183929 -0.00183515 -0.00184687 -0.00184081 -0.00185563 -0.00184795 -0.00186532 -0.00185686 -0.00187564 -0.00186784 -0.00188625 -0.0018811 -0.00189691 -0.00189661 -0.00190768 -0.00191397 -0.00191897 -0.00193236 -0.00193157 -0.00195032 -0.00194573 -0.00196491 -0.0019582 -0.00196755 -0.0019537 -0.00193223 -0.00188689 -0.00179312 -0.00165786 -0.00142104 -0.00109861 -0.000618762 2.02228e-05 0.000879016 0.00200825 0.00345522 0.00532031 0.00763366 0.0104782 0.0138471 0.0177353 0.0221116 0.0268921 0.0320156 0.0373143 0.0426048 0.0476356 0.0521247 0.0558338 0.058496 0.0599026 0.0598742 0.0582983 0.0551734 0.0505283 0.0444595 0.0371427 0.0288377 0.0198774 0.0105654 0.00117299 -0.00799464 -0.0166201 -0.0244513 -0.0313238 -0.0371348 -0.0417925 -0.0452366 -0.0475243 -0.0487544 -0.0490043 -0.0484091 -0.047114 -0.0452582 -0.043025 -0.0405409 -0.0378974 -0.0352369 -0.0326561 -0.0301988 -0.0279077 -0.025804 -0.0239383 -0.0223436 -0.020956 -0.0197582 -0.0187978 -0.0180438 -0.0174609 -0.017063 
0 0.00121201 0.00248881 0.00384368 0.00526425 0.00679503 0.00849726 0.0103649 0.0124189 0.0147225 0.0172247 0.0198636 0.0226972 0.0256865 0.0286848 0.0316419 0.034484 0.0370446 0.03918 0.0407305 0.041554 0.0415409 0.0405214 0.0383895 0.0351123 0.0306319 0.0249855 0.0182593 0.0105396 0.00203367 -0.00700626 -0.016314 -0.025599 -0.034593 -0.0429644 -0.0503784 -0.0565979 -0.0614454 -0.0648109 -0.0666178 -0.0668453 -0.065588 -0.0630167 -0.059352 -0.0548406 -0.0497386 -0.0443159 -0.0388304 -0.0334889 -0.0284508 -0.0238233 -0.0196775 -0.0160709 -0.0130129 -0.0104969 -0.00847166 -0.00686805 -0.00562263 -0.00465581 -0.0039288 -0.00338163 -0.00298789 -0.00271099 -0.00251873 -0.00239837 -0.00231213 -0.00226658 -0.00222817 -0.00221003 -0.00219185 -0.0021797 -0.00217109 -0.00215788 -0.00215449 -0.00213952 -0.00213862 -0.00212339 -0.00212276 -0.00210911 -0.00210715 -0.00209642 -0.00209226 -0.00208511 -0.00207858 -0.00207501 -0.00206645 -0.00206605 -0.00205604 -0.0020582 -0.00204739 -0.00205147 -0.00204043 -0.00204591 -0.00203505 -0.00204154 -0.00203114 -0.0020384 -0.00202859 -0.00203651 -0.00202733 -0.00203588 -0.00202733 -0.00203651 -0.00202859 -0.0020384 -0.00203114 -0.00204154 -0.00203505 -0.00204591 -0.00204043 -0.00205147 -0.00204739 -0.0020582 -0.00205604 -0.00206605 -0.00206645 -0.00207501 -0.00207858 -0.00208511 -0.00209226 -0.00209642 -0.00210714 -0.00210911 -0.00212276 -0.00212337 -0.00213857 -0.00213939 -0.00215413 -0.00215697 -0.00216887 -0.00217455 -0.00218039 -0.00218551 -0.00217795 -0.002168 -0.00212678 -0.00206461 -0.00194288 -0.00175807 -0.00147297 -0.00106196 -0.000495748 0.000276146 0.0012872 0.00261404 0.0043138 0.00646841 0.00913771 0.0123537 0.0161279 0.0204232 0.0251958 0.0303633 0.0358079 0.0413617 0.046797 0.0518653 0.0563135 0.0598906 0.0623576 0.0634915 0.0631306 0.0612218 0.057777 0.0528599 0.0465692 0.0390624 0.0306185 0.0215361 0.0120991 0.00259063 -0.00673578 -0.0155907 -0.0237382 -0.0310262 -0.0372941 -0.0424698 -0.0465272 -0.0494265 -0.0512255 -0.0520149 -0.0519043 -0.0510412 -0.0495152 -0.047483 -0.0451559 -0.0425925 -0.0398657 -0.0371608 -0.0345576 -0.032071 -0.029771 -0.0276962 -0.0258497 -0.0242445 -0.0228756 -0.0217346 -0.020826 -0.0201403 -0.0196602 
0 0.00147473 0.00297486 0.00456326 0.0062583 0.00806615 0.0100385 0.0122053 0.0145696 0.0171298 0.0198636 0.0227713 0.0258294 0.0289294 0.0319845 0.0349241 0.0376252 0.0399635 0.0417693 0.0428829 0.0432435 0.0426964 0.0410649 0.0383462 0.0345181 0.0295505 0.0235034 0.0164359 0.0085117 -7.19431e-05 -0.00915515 -0.0184604 -0.0277303 -0.0367133 -0.0450811 -0.0525763 -0.0589448 -0.0640022 -0.0676543 -0.0697711 -0.0703296 -0.0693816 -0.0670618 -0.0636065 -0.0592177 -0.0541477 -0.0486477 -0.0429623 -0.0373463 -0.0319649 -0.0269669 -0.022439 -0.0184402 -0.0150165 -0.0121538 -0.00983241 -0.00798089 -0.00653034 -0.0054095 -0.00454946 -0.00390722 -0.00343124 -0.00309342 -0.00285729 -0.00269795 -0.00259359 -0.00252367 -0.00247912 -0.00244683 -0.00242442 -0.00240627 -0.00239101 -0.00237843 -0.00236597 -0.00235605 -0.00234564 -0.00233719 -0.00232884 -0.00232121 -0.00231483 -0.00230769 -0.00230297 -0.00229624 -0.00229276 -0.00228651 -0.00228386 -0.00227821 -0.00227607 -0.00227115 -0.00226932 -0.00226522 -0.00226361 -0.00226036 -0.00225897 -0.00225656 -0.00225544 -0.00225383 -0.00225306 -0.00225218 -0.00225186 -0.00225163 -0.00225186 -0.00225218 -0.00225306 -0.00225383 -0.00225544 -0.00225656 -0.00225897 -0.00226036 -0.00226361 -0.00226522 -0.00226932 -0.00227115 -0.00227607 -0.00227821 -0.00228386 -0.00228651 -0.00229276 -0.00229624 -0.00230297 -0.00230769 -0.00231483 -0.00232121 -0.00232883 -0.00233715 -0.00234555 -0.0023558 -0.00236534 -0.0023769 -0.0023874 -0.00239809 -0.00240662 -0.00240973 -0.00240497 -0.00238171 -0.00233319 -0.00224027 -0.00208601 -0.00184548 -0.00148842 -0.000988105 -0.000299798 0.000611949 0.00181141 0.0033602 0.00533445 0.00780981 0.0108277 0.0144246 0.0185743 0.02325 0.0283836 0.0338706 0.0395785 0.0452833 0.0507658 0.055767 0.0600491 0.0633946 0.0655453 0.0663248 0.0655919 0.0633215 0.0595822 0.0544229 0.0479909 0.0404522 0.0320319 0.0230213 0.0136408 0.00417552 -0.00511399 -0.014045 -0.022384 -0.0299622 -0.0366232 -0.0422481 -0.0468581 -0.0503981 -0.0528201 -0.0542359 -0.0547334 -0.0543969 -0.0533401 -0.0516644 -0.0495507 -0.04715 -0.044521 -0.0417927 -0.0390941 -0.0364778 -0.0340144 -0.0317406 -0.0296584 -0.0278319 -0.0262927 -0.0249917 -0.0239181 -0.0230994 -0.0225354 
0 0.00178561 0.00354942 0.00539524 0.00738361 0.00949931 0.011782 0.0142651 0.0169103 0.0197098 0.0226972 0.0258294 0.0289948 0.032131 0.0351782 0.0379935 0.0404519 0.0424399 0.043789 0.0444002 0.0441888 0.0429934 0.0407501 0.0374538 0.03309 0.0277069 0.0213188 0.0140231 0.00604108 -0.00251325 -0.0114788 -0.0206188 -0.0297257 -0.0385049 -0.0467325 -0.0541971 -0.0606247 -0.0658711 -0.0697697 -0.0722034 -0.0731442 -0.0725614 -0.070606 -0.0674445 -0.0632722 -0.0583403 -0.0528388 -0.0470582 -0.0412297 -0.0355647 -0.0302491 -0.0253576 -0.0210055 -0.0172095 -0.014001 -0.0113651 -0.00923144 -0.00756112 -0.00624345 -0.00524103 -0.00447319 -0.00390228 -0.00349272 -0.00319442 -0.00300261 -0.00286238 -0.00278283 -0.00272207 -0.00268808 -0.00266235 -0.00264174 -0.00263033 -0.00261214 -0.00260623 -0.00258873 -0.00258429 -0.00256846 -0.00256349 -0.00255041 -0.00254405 -0.00253419 -0.00252635 -0.00251963 -0.00251067 -0.00250664 -0.0024971 -0.00249519 -0.00248562 -0.00248529 -0.00247613 -0.00247695 -0.00246849 -0.00247016 -0.00246256 -0.0024649 -0.00245821 -0.00246117 -0.00245537 -0.00245894 -0.00245396 -0.00245819 -0.00245396 -0.00245894 -0.00245537 -0.00246117 -0.00245821 -0.0024649 -0.00246256 -0.00247016 -0.00246849 -0.00247695 -0.00247613 -0.00248529 -0.00248562 -0.00249519 -0.0024971 -0.00250664 -0.00251067 -0.00251963 -0.00252635 -0.00253419 -0.00254404 -0.0025504 -0.00256347 -0.0025684 -0.00258413 -0.00258831 -0.00260518 -0.00260964 -0.00262457 -0.002629 -0.0026353 -0.00263304 -0.00261474 -0.00258225 -0.00250319 -0.00238595 -0.00217839 -0.00188338 -0.00144528 -0.000844916 -3.66404e-05 0.00104085 0.00242865 0.00423265 0.00649368 0.00930727 0.0126916 0.0166559 0.02119 0.026212 0.0316798 0.0374308 0.0433085 0.0490803 0.0544796 0.0593083 0.0633035 0.0662855 0.0680349 0.0683735 0.0672588 0.0646478 0.0606352 0.0553115 0.0488008 0.0413409 0.0330898 0.0242722 0.0151233 0.00585445 -0.00325676 -0.0120742 -0.0204589 -0.0281879 -0.0351368 -0.0411907 -0.0462955 -0.0504428 -0.0535484 -0.0556377 -0.0568041 -0.0570812 -0.0565788 -0.0554173 -0.0536738 -0.051511 -0.0490903 -0.0464809 -0.0437643 -0.0410676 -0.0384839 -0.0360468 -0.0337996 -0.031799 -0.0300446 -0.0285442 -0.027349 -0.0264286 -0.025736 
0 0.00206101 0.00418756 0.00639063 0.00868072 0.0111119 0.0137178 0.0164844 0.0194066 0.0224862 0.0256865 0.0289294 0.032131 0.0352317 0.0381491 0.0407366 0.0428447 0.0443598 0.0451864 0.0452122 0.0443117 0.0424407 0.0395932 0.0357308 0.0308966 0.0251457 0.0185086 0.0111443 0.00320277 -0.00520272 -0.0139018 -0.0227565 -0.0315315 -0.0399813 -0.0479739 -0.0552848 -0.0617194 -0.0670903 -0.0711889 -0.0739522 -0.0752729 -0.0751331 -0.0736254 -0.0708367 -0.0669984 -0.0622758 -0.0568865 -0.0511011 -0.0451283 -0.0392597 -0.033644 -0.0284356 -0.0237358 -0.0195717 -0.0160242 -0.0130401 -0.0106263 -0.00869608 -0.00717539 -0.00601128 -0.0051 -0.00443679 -0.00392798 -0.0035788 -0.00332793 -0.00315883 -0.00305483 -0.0029739 -0.00293878 -0.00289508 -0.00288424 -0.00285679 -0.00284964 -0.0028321 -0.00282129 -0.00281167 -0.00279603 -0.00279262 -0.00277359 -0.00277423 -0.00275406 -0.00275658 -0.00273736 -0.00274002 -0.00272324 -0.00272492 -0.00271139 -0.00271155 -0.00270153 -0.00270011 -0.00269344 -0.00269066 -0.00268695 -0.00268319 -0.00268197 -0.00267766 -0.00267844 -0.00267402 -0.00267633 -0.00267221 -0.00267563 -0.00267221 -0.00267633 -0.00267402 -0.00267844 -0.00267766 -0.00268197 -0.00268319 -0.00268695 -0.00269066 -0.00269344 -0.00270011 -0.00270153 -0.00271155 -0.00271139 -0.00272492 -0.00272324 -0.00274002 -0.00273736 -0.00275658 -0.00275406 -0.00277422 -0.00277357 -0.00279258 -0.00279592 -0.0028114 -0.00282059 -0.00283039 -0.00284564 -0.00284778 -0.00286478 -0.00285477 -0.0028587 -0.00282142 -0.00277655 -0.00267196 -0.0025107 -0.00226095 -0.00188191 -0.0013689 -0.000640307 0.000301564 0.00156425 0.00317959 0.00524639 0.00783828 0.0109839 0.0147478 0.0190675 0.0239532 0.0293053 0.0350303 0.0409916 0.0469366 0.0526726 0.057906 0.0624412 0.0660756 0.0685831 0.0698466 0.0697081 0.0681671 0.0652503 0.0609892 0.0555497 0.0490602 0.0417401 0.0337786 0.0252863 0.0164954 0.00759631 -0.00122799 -0.00980731 -0.018064 -0.0258273 -0.0329483 -0.0393558 -0.0449264 -0.0496054 -0.0533771 -0.0561905 -0.0580531 -0.0590143 -0.0591609 -0.0586006 -0.0573897 -0.0556244 -0.0534794 -0.0510758 -0.0484771 -0.0457923 -0.0431518 -0.0406245 -0.0382533 -0.0360962 -0.0341738 -0.0325016 -0.0311387 -0.0300941 -0.0293383 
0 0.00242133 0.00491353 0.00746622 0.0101188 0.01292 0.0158316 0.018867 0.0220734 0.0253739 0.0286848 0.0319845 0.0351782 0.0381491 0.0408157 0.0430349 0.0446621 0.045634 0.0458648 0.0452168 0.0436202 0.0410912 0.037635 0.033251 0.027988 0.0219274 0.015187 0.00787659 8.99086e-05 -0.00802703 -0.0163626 -0.0247944 -0.0331155 -0.041181 -0.0488403 -0.0559304 -0.0623002 -0.067703 -0.0719844 -0.0750374 -0.0767474 -0.0771094 -0.0760913 -0.0737876 -0.0703574 -0.0659363 -0.0607721 -0.0550495 -0.0490432 -0.0430147 -0.0371485 -0.0316588 -0.0266068 -0.0221092 -0.0181957 -0.0148734 -0.0121565 -0.00994381 -0.00821915 -0.00685529 -0.00581517 -0.00502532 -0.00442611 -0.00400778 -0.00368802 -0.00349172 -0.00333722 -0.00325211 -0.00318474 -0.00314222 -0.00311664 -0.00308529 -0.00307866 -0.00304955 -0.00305037 -0.00302391 -0.00302567 -0.00300434 -0.00300327 -0.0029887 -0.00298311 -0.00297555 -0.00296529 -0.00296393 -0.00294984 -0.00295332 -0.00293667 -0.00294354 -0.00292563 -0.00293467 -0.00291658 -0.00292687 -0.00290935 -0.00292034 -0.00290384 -0.00291528 -0.00289995 -0.00291182 -0.00289764 -0.00291007 -0.00289687 -0.00291007 -0.00289764 -0.00291182 -0.00289995 -0.00291528 -0.00290384 -0.00292034 -0.00290935 -0.00292687 -0.00291658 -0.00293467 -0.00292563 -0.00294354 -0.00293667 -0.00295332 -0.00294984 -0.00296393 -0.00296529 -0.00297555 -0.00298311 -0.00298869 -0.00300325 -0.00300427 -0.00302549 -0.00302345 -0.00304921 -0.0030468 -0.00307238 -0.00307148 -0.00308751 -0.00308327 -0.00307036 -0.00303935 -0.00295779 -0.00284262 -0.00262176 -0.00232299 -0.00185863 -0.0012388 -0.000388295 0.000736404 0.00218795 0.00407633 0.0064284 0.00936323 0.0128682 0.0169805 0.0216646 0.0268499 0.0324934 0.0384149 0.0444804 0.0504231 0.056 0.0609954 0.0651551 0.0683353 0.0703249 0.0710193 0.0703854 0.0684023 0.0651632 0.0607103 0.055186 0.0487988 0.041704 0.0340882 0.0260576 0.0177464 0.00933668 0.000929305 -0.00734356 -0.0153559 -0.0230195 -0.0302188 -0.0368531 -0.0428017 -0.04796 -0.0523153 -0.0558386 -0.0584548 -0.0601624 -0.0610399 -0.061148 -0.0605407 -0.0593205 -0.0575914 -0.0554701 -0.0531089 -0.0505984 -0.0479982 -0.045428 -0.0429796 -0.0406987 -0.0386584 -0.0368895 -0.0353807 -0.0341918 -0.0333802 
0 0.00285135 0.00572709 0.00865302 0.0116893 0.0148439 0.0180783 0.0214158 0.024844 0.0282673 0.0316419 0.0349241 0.0379935 0.0407366 0.0430349 0.0447671 0.0458594 0.0462167 0.0457392 0.0443797 0.0421045 0.0389333 0.0349224 0.0300818 0.0244708 0.0182351 0.0114927 0.004317 -0.00320344 -0.0109551 -0.0188242 -0.0267043 -0.0344983 -0.042089 -0.0493468 -0.0561654 -0.0623771 -0.0677827 -0.0722222 -0.0755451 -0.0776751 -0.0785318 -0.0780522 -0.0762869 -0.0733069 -0.0692845 -0.0644015 -0.0588493 -0.0529029 -0.0467832 -0.040758 -0.035007 -0.0296581 -0.0248338 -0.0205567 -0.0169027 -0.0138371 -0.0113424 -0.00935783 -0.007785 -0.00658587 -0.00564721 -0.0049606 -0.0044409 -0.004075 -0.00382135 -0.00364036 -0.00353566 -0.0034472 -0.00341015 -0.00336285 -0.0033478 -0.00331985 -0.00330666 -0.00329066 -0.00327298 -0.0032659 -0.00324364 -0.00324284 -0.00321826 -0.00322098 -0.00319672 -0.00320048 -0.00317874 -0.0031817 -0.00316385 -0.00316497 -0.00315161 -0.00315051 -0.00314161 -0.00313841 -0.00313357 -0.00312866 -0.00312728 -0.00312121 -0.00312264 -0.00311598 -0.00311956 -0.00311287 -0.00311803 -0.00311184 -0.00311803 -0.00311287 -0.00311956 -0.00311598 -0.00312264 -0.00312121 -0.00312728 -0.00312866 -0.00313357 -0.00313841 -0.00314161 -0.00315051 -0.00315161 -0.00316497 -0.00316385 -0.0031817 -0.00317874 -0.00320048 -0.00319672 -0.00322098 -0.00321824 -0.0032428 -0.00324353 -0.00326559 -0.00327222 -0.00328881 -0.00330233 -0.00331019 -0.00332704 -0.00332004 -0.00332552 -0.00328672 -0.00324385 -0.00313144 -0.00296937 -0.00270399 -0.0023156 -0.00177725 -0.00102254 -4.15584e-05 0.00127342 0.00294829 0.00509929 0.007777 0.0110352 0.0149123 0.0193608 0.0243812 0.0298638 0.0357306 0.0418148 0.0478916 0.0537426 0.0590842 0.0637259 0.0674491 0.0700746 0.0714834 0.071581 0.0704085 0.0680088 0.0644532 0.0598551 0.0543391 0.0481049 0.0413139 0.0340885 0.0265593 0.0188245 0.0109723 0.00307867 -0.00477067 -0.0124567 -0.0198941 -0.027038 -0.0337917 -0.0400086 -0.0455945 -0.0504918 -0.0546372 -0.0579822 -0.0604785 -0.0621208 -0.0629576 -0.0630388 -0.0624553 -0.0612967 -0.0596194 -0.0575765 -0.0553241 -0.0528976 -0.0503934 -0.047961 -0.0456444 -0.0435047 -0.0416498 -0.0400922 -0.0388264 -0.0379012 
0 0.00327754 0.00660587 0.00997032 0.0133703 0.0168496 0.0204186 0.0240224 0.0275968 0.0311066 0.034484 0.0376252 0.0404519 0.0428447 0.0446621 0.0458594 0.0463564 0.0460056 0.0447875 0.0427191 0.0397796 0.0360278 0.0315172 0.0262944 0.0204821 0.0141896 0.00752661 0.000585783 -0.0065918 -0.0138907 -0.0211976 -0.0284786 -0.0356815 -0.0427421 -0.0495673 -0.0560371 -0.0620362 -0.0673993 -0.0719489 -0.0755474 -0.0780756 -0.0794286 -0.0795218 -0.0783166 -0.0758674 -0.0723013 -0.0677752 -0.0624917 -0.0566683 -0.0505576 -0.0444187 -0.0384554 -0.0328483 -0.027699 -0.0230943 -0.0190871 -0.0156832 -0.0128845 -0.0106173 -0.00883143 -0.00743358 -0.00635688 -0.00554515 -0.00493128 -0.00449715 -0.00417706 -0.00396887 -0.00381988 -0.00372695 -0.00366439 -0.00361849 -0.00359358 -0.00356274 -0.00355211 -0.00352601 -0.00351951 -0.0034969 -0.00349006 -0.00347199 -0.0034629 -0.00345012 -0.00343829 -0.00343074 -0.00341654 -0.00341354 -0.0033978 -0.00339836 -0.00338201 -0.00338513 -0.00336901 -0.00337387 -0.00335857 -0.0033646 -0.0033505 -0.00335736 -0.0033446 -0.00335217 -0.00334075 -0.00334904 -0.00333884 -0.003348 -0.00333884 -0.00334904 -0.00334075 -0.00335217 -0.0033446 -0.00335736 -0.0033505 -0.0033646 -0.00335857 -0.00337387 -0.00336901 -0.00338513 -0.00338201 -0.00339836 -0.0033978 -0.00341354 -0.00341654 -0.00343074 -0.00343828 -0.00345011 -0.00346287 -0.00347192 -0.00348987 -0.0034964 -0.00351827 -0.00352308 -0.00354544 -0.00354814 -0.00356293 -0.00355673 -0.00354499 -0.00350557 -0.00342615 -0.00329685 -0.0030751 -0.00275811 -0.00228317 -0.00164112 -0.000761969 0.000393786 0.0018994 0.00383771 0.00627112 0.00928507 0.0128927 0.0171157 0.0219117 0.027225 0.0329739 0.039011 0.0451641 0.0511847 0.0568286 0.0618612 0.0660671 0.06927 0.0713053 0.0720794 0.071585 0.0698794 0.0670597 0.0632279 0.0585057 0.0530595 0.0470446 0.0405874 0.0338106 0.0268127 0.0196844 0.0124608 0.0051425 -0.00218769 -0.00945082 -0.0165991 -0.0235681 -0.0303043 -0.0366906 -0.0426045 -0.0479752 -0.0526821 -0.0566623 -0.0599153 -0.0623566 -0.0639634 -0.0648146 -0.0649555 -0.064446 -0.0633666 -0.061796 -0.0598687 -0.0577179 -0.0554397 -0.053133 -0.0508756 -0.048748 -0.0468454 -0.0452199 -0.0439141 -0.0429762 
0 0.00375437 0.00751432 0.0113002 0.0151178 0.0189547 0.0227856 0.0265595 0.0302332 0.0337636 0.0370446 0.0399635 0.0424399 0.0443598 0.045634 0.0462167 0.0460056 0.0449311 0.0430114 0.0402642 0.0367343 0.032463 0.0275055 0.0220227 0.0161209 0.00986609 0.00339823 -0.0032286 -0.00996722 -0.0167111 -0.0234302 -0.0300877 -0.0366788 -0.0432036 -0.0495439 -0.0556264 -0.0613651 -0.0666155 -0.0712513 -0.0750874 -0.0779896 -0.0798408 -0.080496 -0.0798981 -0.0780292 -0.0749774 -0.0708939 -0.0659357 -0.060327 -0.0542939 -0.0480989 -0.0419847 -0.0361352 -0.0307033 -0.0257764 -0.0214284 -0.0176927 -0.0145674 -0.0120218 -0.00998612 -0.00838822 -0.00714809 -0.00619836 -0.0054842 -0.00495576 -0.00457674 -0.00431053 -0.00412846 -0.00400766 -0.00392535 -0.0038726 -0.00383319 -0.00380699 -0.00378437 -0.0037669 -0.00375145 -0.00373645 -0.00372497 -0.00371071 -0.00370185 -0.00368818 -0.00368104 -0.00366826 -0.00366212 -0.00365065 -0.00364501 -0.00363517 -0.00362976 -0.00362172 -0.00361647 -0.00361027 -0.00360524 -0.00360085 -0.00359618 -0.00359347 -0.00358934 -0.00358818 -0.00358477 -0.00358499 -0.00358248 -0.00358392 -0.00358248 -0.00358499 -0.00358477 -0.00358818 -0.00358934 -0.00359347 -0.00359618 -0.00360085 -0.00360524 -0.00361027 -0.00361647 -0.00362172 -0.00362976 -0.00363517 -0.00364501 -0.00365065 -0.00366212 -0.00366826 -0.00368103 -0.00368816 -0.00370181 -0.00371059 -0.00372464 -0.00373564 -0.00374949 -0.00376236 -0.00377425 -0.00378535 -0.00378874 -0.003785 -0.00375971 -0.0037072 -0.00360543 -0.00343614 -0.00317096 -0.00277755 -0.00222184 -0.0014579 -0.000437476 0.000903774 0.00264028 0.00484827 0.00760552 0.0109568 0.014925 0.019491 0.0246048 0.0301977 0.0361457 0.0422976 0.0484284 0.0542934 0.0596534 0.0642764 0.0679897 0.0706082 0.0720153 0.0721651 0.0710797 0.0688805 0.0656616 0.0615683 0.0567677 0.0514051 0.0456467 0.0395649 0.0332583 0.0268422 0.0203338 0.013757 0.00708496 0.000322332 -0.00645475 -0.0132467 -0.0199883 -0.0265796 -0.0329916 -0.0391151 -0.0448221 -0.0500134 -0.0545846 -0.05851 -0.0617334 -0.0641601 -0.0658136 -0.0667322 -0.066936 -0.0665262 -0.0655875 -0.0641752 -0.0624203 -0.0604651 -0.0583946 -0.0563008 -0.0542979 -0.052458 -0.0508321 -0.0495236 -0.0486116 
