0 0 0 0 0 0 0 0 0 0 0 0 0 0 0 0 0 0 0 0 0 0 0 0 0 0 0 0 0 0 0 0 0 0 0 0 0 0 0 0 0 0 0 0 0 0 0 0 0 0 0 0 0 0 0 0 0 0 0 0 0 0 0 0 0 0 0 0 0 0 0 0 0 0 0 0 0 0 0 0 0 0 0 0 0 0 0 0 0 0 0 0 0 0 0 0 0 0 0 0 0 0 0 0 0 0 0 0 0 0 0 0 0 0 0 0 0 0 0 0 0 0 0 0 0 0 0 0 0 0 0 0 0 0 0 0 0 0 0 0 0 0 0 0 0 0 0 0 0 0 0 0 0 0 0 0 0 0 0 0 0 0 0 0 0 0 0 0 0 0 0 0 0 0 0 0 0 0 0 0 0 0 0 0 0 0 0 0 0 0 0 0 0 0 0 0 0 0 0 0 
0 0.000979892 0.00183576 0.00259717 0.00327571 0.00375098 0.00395757 0.00394454 0.00368672 0.00310168 0.00223691 0.0011921 -3.80725e-05 -0.00145956 -0.00297855 -0.00448626 -0.00590849 -0.0071967 -0.00831816 -0.00920508 -0.00978815 -0.0100842 -0.0101357 -0.00994566 -0.00952269 -0.00889284 -0.00811143 -0.00727006 -0.0064252 -0.00559323 -0.00479153 -0.00402888 -0.00332974 -0.00272769 -0.00222673 -0.00182501 -0.00150824 -0.00125128 -0.00104702 -0.000883246 -0.000753004 -0.000656809 -0.00058301 -0.000530374 -0.000493005 -0.000463591 -0.000444534 -0.000428673 -0.00041805 -0.000411638 -0.000405774 -0.000404178 -0.000401151 -0.000399358 -0.000396961 -0.000392311 -0.000388551 -0.00038155 -0.000375774 -0.000368566 -0.000361697 -0.00035611 -0.000349837 -0.000346443 -0.000342114 -0.000340405 -0.000338386 -0.000337436 -0.000337155 -0.000336189 -0.000336607 -0.000335235 -0.000335372 -0.000333553 -0.000332812 -0.000330705 -0.000328936 -0.000326759 -0.00032415 -0.000322083 -0.000318994 -0.000317149 -0.000313955 -0.00031238 -0.000309383 -0.000308078 -0.000305469 -0.000304409 -0.000302275 -0.000301426 -0.000299775 -0.000299105 -0.000297898 -0.000297379 -0.000296553 -0.000296172 -0.000295659 -0.000295411 -0.000295149 -0.000295044 -0.000294984 -0.000295044 -0.000295149 -0.000295411 -0.000295659 -0.000296172 -0.000296553 -0.000297379 -0.000297898 -0.000299105 -0.000299775 -0.000301426 -0.000302275 -0.000304409 -0.000305469 -0.000308078 -0.000309383 -0.00031238 -0.000313955 -0.000317149 -0.000318994 -0.000322083 -0.00032415 -0.000326759 -0.000328936 -0.000330705 -0.000332812 -0.000333553 -0.000335372 -0.000335235 -0.000336607 -0.000336189 -0.000337155 -0.000337436 -0.000338386 -0.000340405 -0.000342114 -0.000346443 -0.000349837 -0.00035611 -0.000361697 -0.000368566 -0.000375774 -0.00038155 -0.00038855 -0.000392308 -0.000396951 -0.000399329 -0.000401065 -0.000403944 -0.00040516 -0.000410108 -0.000414427 -0.00042052 -0.00042712 -0.000428316 -0.000425303 -0.000407356 -0.000371471 -0.000312456 -0.000221553 -0.000102986 4.92608e-05 0.000235918 0.000461509 0.000749931 0.00111824 0.00159041 0.00217714 0.0028563 0.00360723 0.00440287 0.00522609 0.00607893 0.00692455 0.00769733 0.00833202 0.00876971 0.00899891 0.00901119 0.00874171 0.00814267 0.00722809 0.00604865 0.00467158 0.00312157 0.00140635 -0.000375506 -0.0021109 -0.00378892 -0.00539182 -0.00682222 -0.00802713 -0.00904284 -0.00990342 -0.0105976 -0.0110993 -0.0114274 -0.0116622 -0.0118492 
0 0.00183576 0.00355787 0.00510641 0.00638348 0.0072537 0.00766888 0.00763102 0.00707536 0.00594579 0.00429344 0.00219995 -0.000278759 -0.00305756 -0.00600005 -0.00894159 -0.0117327 -0.0142825 -0.0165002 -0.0182418 -0.0194105 -0.0200162 -0.0201036 -0.0197157 -0.0188895 -0.0176725 -0.0161772 -0.0145432 -0.0128647 -0.0112029 -0.00959266 -0.00806585 -0.00668233 -0.00548671 -0.00449494 -0.0037009 -0.00306439 -0.00254965 -0.00213176 -0.00178831 -0.00151669 -0.00130841 -0.0011543 -0.00104945 -0.000977245 -0.000930963 -0.000900843 -0.000877591 -0.000861356 -0.000844583 -0.000829569 -0.000815111 -0.000799675 -0.000787455 -0.000774304 -0.000764419 -0.00075548 -0.000747527 -0.000742117 -0.000735474 -0.000731261 -0.000725305 -0.000720163 -0.00071436 -0.000707501 -0.000701493 -0.000693457 -0.000687149 -0.000679103 -0.00067267 -0.000665674 -0.000659468 -0.000654073 -0.000648472 -0.000644687 -0.000639967 -0.000637443 -0.000633717 -0.000631981 -0.000629211 -0.000627835 -0.00062588 -0.000624572 -0.00062325 -0.000621859 -0.000620995 -0.000619486 -0.000618944 -0.000617354 -0.000617042 -0.000615441 -0.00061531 -0.000613775 -0.000613809 -0.000612404 -0.000612608 -0.000611381 -0.000611769 -0.000610748 -0.000611338 -0.000610534 -0.000611338 -0.000610748 -0.000611769 -0.000611381 -0.000612608 -0.000612404 -0.000613809 -0.000613775 -0.00061531 -0.000615441 -0.000617042 -0.000617354 -0.000618944 -0.000619486 -0.000620995 -0.000621859 -0.00062325 -0.000624572 -0.00062588 -0.000627835 -0.000629211 -0.000631981 -0.000633717 -0.000637443 -0.000639967 -0.000644687 -0.000648472 -0.000654073 -0.000659468 -0.000665674 -0.00067267 -0.000679103 -0.000687149 -0.000693457 -0.000701493 -0.000707501 -0.00071436 -0.000720163 -0.000725305 -0.000731261 -0.000735474 -0.000742117 -0.000747526 -0.000755478 -0.000764411 -0.000774278 -0.000787378 -0.000799459 -0.000814529 -0.000828079 -0.00084095 -0.000852928 -0.000858998 -0.000861872 -0.000853425 -0.000830912 -0.000787651 -0.00071032 -0.000594265 -0.000425032 -0.000196472 9.61457e-05 0.000469034 0.000935618 0.00153088 0.00229521 0.00325351 0.00441845 0.00575976 0.00722977 0.0087963 0.0104298 0.0121083 0.0137709 0.0152887 0.0165304 0.0173975 0.0178309 0.0177963 0.0172216 0.0160344 0.0142559 0.0119655 0.00923911 0.00614861 0.00278056 -0.000717415 -0.00416617 -0.0074709 -0.0105891 -0.013419 -0.0158681 -0.0179394 -0.0196512 -0.0209963 -0.0220125 -0.0227678 -0.023292 -0.0236064 
0 0.00259717 0.00510641 0.00733184 0.00908922 0.0103124 0.0109344 0.0108213 0.00991804 0.0082727 0.00589689 0.00281324 -0.000828669 -0.0048502 -0.00910112 -0.0133754 -0.0174592 -0.0211911 -0.0243941 -0.0269091 -0.0286598 -0.0296056 -0.0297624 -0.0292094 -0.0280108 -0.026262 -0.024124 -0.0217463 -0.0192711 -0.0168123 -0.0144244 -0.0121764 -0.0101393 -0.00835525 -0.00686263 -0.00564711 -0.00466396 -0.00387826 -0.00323921 -0.00272311 -0.00231765 -0.00200011 -0.00176834 -0.00160205 -0.00148492 -0.00140947 -0.00135364 -0.00131667 -0.00128813 -0.00126244 -0.00124371 -0.00122212 -0.00120527 -0.00118804 -0.00117097 -0.00115782 -0.00114172 -0.00113056 -0.00111718 -0.00110595 -0.00109566 -0.0010838 -0.00107547 -0.00106377 -0.0010558 -0.0010454 -0.00103678 -0.00102826 -0.00101896 -0.00101217 -0.00100284 -0.000997163 -0.000988634 -0.000983393 -0.000976268 -0.000971013 -0.000965495 -0.000960086 -0.000956036 -0.000950573 -0.000947657 -0.00094236 -0.000940201 -0.000935299 -0.000933579 -0.00092925 -0.000927751 -0.000924096 -0.000922703 -0.000919753 -0.000918432 -0.000916171 -0.00091494 -0.000913319 -0.000912226 -0.000911185 -0.00091029 -0.000909762 -0.00090913 -0.000909051 -0.000908743 -0.000909051 -0.00090913 -0.000909762 -0.00091029 -0.000911185 -0.000912226 -0.000913319 -0.00091494 -0.000916171 -0.000918432 -0.000919753 -0.000922703 -0.000924096 -0.000927751 -0.00092925 -0.000933579 -0.000935299 -0.000940201 -0.00094236 -0.000947657 -0.000950573 -0.000956036 -0.000960086 -0.000965495 -0.000971013 -0.000976268 -0.000983393 -0.000988634 -0.000997163 -0.00100284 -0.00101217 -0.00101896 -0.00102826 -0.00103678 -0.0010454 -0.0010558 -0.00106377 -0.00107547 -0.0010838 -0.00109566 -0.00110595 -0.00111718 -0.00113055 -0.00114172 -0.0011578 -0.00117091 -0.00118788 -0.00120482 -0.00122093 -0.00124076 -0.00125543 -0.00127234 -0.00128277 -0.00128446 -0.00127533 -0.0012379 -0.00117005 -0.00105067 -0.000866077 -0.000608697 -0.000256288 0.000193366 0.00076355 0.00148869 0.00240209 0.00356434 0.00500418 0.00672285 0.00870243 0.0108785 0.0132046 0.0156376 0.0180958 0.0204843 0.0226513 0.0244214 0.0256737 0.0262916 0.0261726 0.0252597 0.0235003 0.0209019 0.017552 0.0135368 0.00898643 0.00409797 -0.000965964 -0.00604627 -0.0109378 -0.0154965 -0.0196539 -0.0233292 -0.0264582 -0.0290317 -0.0310753 -0.0326638 -0.0338771 -0.0347206 -0.0352108 
0 0.00327571 0.00638348 0.00908922 0.0112412 0.0127692 0.0135017 0.0132528 0.0120243 0.00988004 0.0068033 0.00284892 -0.00179351 -0.00692328 -0.0123334 -0.0177847 -0.0230365 -0.0278138 -0.031869 -0.0350888 -0.0373919 -0.0386818 -0.0389583 -0.0382882 -0.0367731 -0.034585 -0.0318884 -0.0288418 -0.0256399 -0.0224249 -0.019305 -0.0163858 -0.0137209 -0.0113674 -0.009367 -0.00770107 -0.00635213 -0.0052708 -0.00439845 -0.00371016 -0.00316303 -0.0027386 -0.00242328 -0.00218517 -0.00201944 -0.00190062 -0.0018147 -0.00175848 -0.0017117 -0.00168097 -0.00165485 -0.0016315 -0.00161491 -0.00159331 -0.00157742 -0.00155732 -0.00153769 -0.00151952 -0.00149717 -0.00148053 -0.00145941 -0.00144362 -0.00142704 -0.00141201 -0.00140065 -0.00138697 -0.00137926 -0.00136763 -0.00136116 -0.00135189 -0.0013448 -0.00133757 -0.00132913 -0.00132323 -0.00131368 -0.00130831 -0.00129845 -0.00129302 -0.0012837 -0.00127792 -0.0012698 -0.00126365 -0.00125706 -0.00125071 -0.0012457 -0.00123942 -0.00123586 -0.00122987 -0.00122754 -0.00122204 -0.00122073 -0.00121582 -0.00121532 -0.00121106 -0.00121123 -0.00120763 -0.00120838 -0.00120541 -0.0012067 -0.00120432 -0.00120615 -0.00120432 -0.0012067 -0.00120541 -0.00120838 -0.00120763 -0.00121123 -0.00121106 -0.00121532 -0.00121582 -0.00122073 -0.00122204 -0.00122754 -0.00122987 -0.00123586 -0.00123942 -0.0012457 -0.00125071 -0.00125706 -0.00126365 -0.0012698 -0.00127792 -0.0012837 -0.00129302 -0.00129845 -0.00130831 -0.00131368 -0.00132323 -0.00132913 -0.00133757 -0.0013448 -0.00135189 -0.00136116 -0.00136763 -0.00137926 -0.00138697 -0.00140065 -0.00141201 -0.00142704 -0.00144362 -0.00145941 -0.00148053 -0.00149717 -0.00151952 -0.00153767 -0.00155728 -0.00157729 -0.00159297 -0.001614 -0.00162922 -0.00164935 -0.00166837 -0.00168418 -0.00170124 -0.00170147 -0.00168755 -0.00163817 -0.00153618 -0.00137126 -0.00111113 -0.000751816 -0.000271337 0.000353542 0.00113803 0.00213902 0.00339847 0.00496455 0.00688269 0.00913873 0.0117176 0.0145754 0.0176308 0.0208122 0.023987 0.0269933 0.0296888 0.031895 0.0334449 0.0341869 0.0339527 0.0326698 0.0303479 0.0269849 0.0226381 0.0174454 0.0115916 0.00532387 -0.00115016 -0.00769077 -0.0140648 -0.0200054 -0.0254094 -0.030242 -0.0344095 -0.0378765 -0.0407047 -0.0429382 -0.0446072 -0.0457934 -0.0465741 
0 0.00375098 0.0072537 0.0103124 0.0127692 0.0144313 0.0151055 0.0147084 0.0132174 0.0105919 0.00686646 0.00217795 -0.00331468 -0.00938464 -0.0157442 -0.0221624 -0.0283741 -0.0340182 -0.0388424 -0.04272 -0.0455082 -0.0471172 -0.0475331 -0.0467923 -0.045066 -0.0425593 -0.0394143 -0.035821 -0.031978 -0.0280567 -0.0242536 -0.0206863 -0.0174195 -0.0145294 -0.0120261 -0.0099154 -0.00819109 -0.0067855 -0.00566283 -0.00477085 -0.00405694 -0.00351186 -0.00309233 -0.00278337 -0.00256831 -0.00240916 -0.00230606 -0.00222852 -0.00216952 -0.00212792 -0.00208396 -0.00205298 -0.00201902 -0.00198888 -0.00196449 -0.00193539 -0.00191683 -0.00189236 -0.00187454 -0.0018563 -0.00183659 -0.00182273 -0.00180186 -0.00178885 -0.00176925 -0.00175449 -0.00173805 -0.00172111 -0.00170822 -0.0016905 -0.00168026 -0.00166381 -0.00165486 -0.00164128 -0.00163251 -0.00162248 -0.00161339 -0.00160665 -0.00159728 -0.00159305 -0.00158377 -0.00158109 -0.00157236 -0.00157041 -0.00156262 -0.00156083 -0.00155422 -0.0015523 -0.00154698 -0.00154483 -0.0015408 -0.0015385 -0.00153567 -0.00153335 -0.00153162 -0.00152945 -0.00152869 -0.00152682 -0.00152691 -0.00152551 -0.00152632 -0.00152551 -0.00152691 -0.00152682 -0.00152869 -0.00152945 -0.00153162 -0.00153335 -0.00153567 -0.0015385 -0.0015408 -0.00154483 -0.00154698 -0.0015523 -0.00155422 -0.00156083 -0.00156262 -0.00157041 -0.00157236 -0.00158109 -0.00158377 -0.00159305 -0.00159728 -0.00160665 -0.00161339 -0.00162248 -0.00163251 -0.00164128 -0.00165486 -0.00166381 -0.00168026 -0.0016905 -0.00170822 -0.00172111 -0.00173805 -0.00175449 -0.00176925 -0.00178885 -0.00180186 -0.00182273 -0.00183659 -0.0018563 -0.00187454 -0.00189235 -0.0019168 -0.0019353 -0.00196423 -0.0019882 -0.00201729 -0.00204877 -0.00207415 -0.00210616 -0.00212353 -0.00213598 -0.0021288 -0.00208599 -0.00200738 -0.00185554 -0.00162696 -0.00129516 -0.000830717 -0.000227108 0.000569696 0.00159106 0.00288785 0.00453071 0.0065359 0.00893634 0.0117276 0.0148678 0.0183417 0.022059 0.025887 0.0296774 0.033215 0.0363313 0.0388727 0.0406123 0.0413549 0.0409416 0.0392718 0.036386 0.0323251 0.0271066 0.0208924 0.0139227 0.00642507 -0.00133824 -0.00913381 -0.0167608 -0.0239671 -0.0305638 -0.0364923 -0.0416849 -0.0460795 -0.0497142 -0.0526281 -0.0548373 -0.056444 -0.0575444 
0 0.00395757 0.00766888 0.0109344 0.0135017 0.0151055 0.0156414 0.0150805 0.0132953 0.0102163 0.00596798 0.000694146 -0.00546928 -0.0122537 -0.0193621 -0.0265381 -0.0334472 -0.039761 -0.0452485 -0.0496768 -0.0528796 -0.0548011 -0.0553798 -0.0546642 -0.052853 -0.0501128 -0.0466245 -0.0426018 -0.0382147 -0.0337024 -0.0292975 -0.0251232 -0.0212999 -0.0178789 -0.0148655 -0.0123055 -0.0101691 -0.00842128 -0.00703232 -0.00591464 -0.00503834 -0.0043582 -0.0038258 -0.00344017 -0.00315037 -0.0029453 -0.00280665 -0.00269719 -0.00262785 -0.00256572 -0.00251623 -0.00247766 -0.00243296 -0.0024037 -0.00236632 -0.00233754 -0.00231062 -0.00228014 -0.00226087 -0.00223162 -0.00221389 -0.00218956 -0.00216901 -0.00215067 -0.00212705 -0.00211282 -0.00208887 -0.00207571 -0.00205471 -0.00204034 -0.00202418 -0.002008 -0.00199666 -0.00197955 -0.00197168 -0.00195515 -0.00194895 -0.00193442 -0.00192839 -0.00191672 -0.00190997 -0.00190141 -0.00189369 -0.001888 -0.00187949 -0.00187618 -0.00186728 -0.00186578 -0.00185694 -0.00185678 -0.00184837 -0.00184919 -0.00184148 -0.00184305 -0.00183619 -0.0018384 -0.00183245 -0.00183528 -0.00183021 -0.00183372 -0.00182947 -0.00183372 -0.00183021 -0.00183528 -0.00183245 -0.0018384 -0.00183619 -0.00184305 -0.00184148 -0.00184919 -0.00184837 -0.00185678 -0.00185694 -0.00186578 -0.00186728 -0.00187618 -0.00187949 -0.001888 -0.00189369 -0.00190141 -0.00190997 -0.00191672 -0.00192839 -0.00193442 -0.00194895 -0.00195515 -0.00197168 -0.00197955 -0.00199666 -0.002008 -0.00202418 -0.00204034 -0.00205471 -0.00207571 -0.00208887 -0.00211282 -0.00212705 -0.00215067 -0.00216901 -0.00218956 -0.00221389 -0.00223162 -0.00226086 -0.00228012 -0.00231056 -0.00233736 -0.00236582 -0.00240241 -0.00242977 -0.00247014 -0.00249929 -0.00252936 -0.0025535 -0.00255241 -0.00253819 -0.00247116 -0.00235215 -0.002157 -0.00185061 -0.00143482 -0.000855803 -9.43981e-05 0.000892092 0.0021827 0.00380707 0.00583584 0.0082936 0.0111621 0.0144622 0.0181489 0.0221783 0.0264812 0.0308617 0.0351314 0.0390886 0.0425052 0.045222 0.0470189 0.0476482 0.0469889 0.0449563 0.0415288 0.0367943 0.0308255 0.0237611 0.0158632 0.00735842 -0.00150097 -0.0103747 -0.0190312 -0.0273286 -0.0350493 -0.042013 -0.0481728 -0.0534993 -0.0579607 -0.0615864 -0.064432 -0.0665401 -0.0679491 
0 0.00394454 0.00763102 0.0108213 0.0132528 0.0147084 0.0150805 0.0142537 0.0121038 0.00865244 0.00401852 -0.00168776 -0.00829036 -0.0155509 -0.0232082 -0.0308968 -0.0382561 -0.0450573 -0.0510272 -0.0558647 -0.0594354 -0.0616471 -0.0624281 -0.0618635 -0.0600662 -0.0571837 -0.0534699 -0.0491133 -0.0443143 -0.0393556 -0.034431 -0.029724 -0.0253815 -0.0214238 -0.0179147 -0.0148845 -0.0123094 -0.0102113 -0.00851965 -0.00716904 -0.00612229 -0.00528548 -0.00464412 -0.00415658 -0.00377849 -0.00351746 -0.00331654 -0.00317835 -0.00308368 -0.00300212 -0.00295459 -0.00290184 -0.0028635 -0.00282842 -0.00278586 -0.00275835 -0.00271518 -0.00268593 -0.00264989 -0.00261555 -0.00258954 -0.00255357 -0.00253441 -0.00250295 -0.00248525 -0.00246234 -0.00244253 -0.00242803 -0.00240582 -0.0023964 -0.00237383 -0.00236531 -0.00234497 -0.00233428 -0.00231791 -0.00230391 -0.00229195 -0.00227515 -0.00226697 -0.00224888 -0.0022433 -0.00222558 -0.00222142 -0.00220543 -0.00220174 -0.00218834 -0.00218454 -0.00217408 -0.00216996 -0.0021624 -0.00215795 -0.00215303 -0.00214841 -0.00214576 -0.00214119 -0.00214045 -0.00213615 -0.00213696 -0.00213318 -0.00213523 -0.00213219 -0.00213523 -0.00213318 -0.00213696 -0.00213615 -0.00214045 -0.00214119 -0.00214576 -0.00214841 -0.00215303 -0.00215795 -0.0021624 -0.00216996 -0.00217408 -0.00218454 -0.00218834 -0.00220174 -0.00220543 -0.00222142 -0.00222558 -0.0022433 -0.00224888 -0.00226697 -0.00227515 -0.00229195 -0.00230391 -0.00231791 -0.00233428 -0.00234497 -0.00236531 -0.00237383 -0.0023964 -0.00240582 -0.00242803 -0.00244253 -0.00246234 -0.00248525 -0.00250295 -0.00253441 -0.00255357 -0.00258954 -0.00261555 -0.00264987 -0.00268588 -0.00271504 -0.00275799 -0.00278491 -0.00282604 -0.0028578 -0.00288881 -0.00292621 -0.00294317 -0.00296701 -0.00295838 -0.00292147 -0.00284102 -0.00267284 -0.0024271 -0.00204546 -0.0015159 -0.000811837 0.000140595 0.00135993 0.00293689 0.00492626 0.00734132 0.0102356 0.0135722 0.0173437 0.0215517 0.0260921 0.030871 0.0356986 0.0403131 0.044534 0.048126 0.0508509 0.0525391 0.0529685 0.0520013 0.0496011 0.0456912 0.0403225 0.0336902 0.0259528 0.0173145 0.00804025 -0.00162977 -0.0113887 -0.0209397 -0.0301392 -0.0388206 -0.04674 -0.0538008 -0.0600141 -0.0653274 -0.0697136 -0.0732213 -0.0758564 -0.077614 
0 0.00368672 0.00707536 0.00991804 0.0120243 0.0132174 0.0132953 0.0121038 0.00962836 0.00591232 0.000990338 -0.00499907 -0.0118401 -0.019356 -0.027268 -0.035174 -0.0427952 -0.0499013 -0.0561576 -0.0613045 -0.0651728 -0.0676138 -0.0686372 -0.0682939 -0.0665981 -0.0637329 -0.0599248 -0.0553535 -0.050299 -0.0449907 -0.0396256 -0.0344617 -0.029613 -0.0251581 -0.0211883 -0.0176842 -0.0146899 -0.0122109 -0.0101727 -0.00856543 -0.00729048 -0.00628105 -0.00551568 -0.00490642 -0.00445878 -0.00412817 -0.00387463 -0.00371077 -0.00357262 -0.00347997 -0.00340701 -0.00333576 -0.00329266 -0.00323376 -0.00319618 -0.00315387 -0.00311151 -0.00308385 -0.0030394 -0.0030168 -0.00297803 -0.0029513 -0.00292283 -0.00288936 -0.00286966 -0.00283332 -0.00281707 -0.00278412 -0.00276621 -0.00274111 -0.00271928 -0.00270296 -0.00267806 -0.00266845 -0.00264315 -0.00263685 -0.00261403 -0.00260792 -0.0025896 -0.00258168 -0.00256866 -0.0025582 -0.00255024 -0.00253751 -0.00253374 -0.00251954 -0.0025189 -0.00250417 -0.00250568 -0.00249127 -0.00249418 -0.00248071 -0.00248454 -0.00247236 -0.0024769 -0.00246617 -0.00247137 -0.00246206 -0.00246802 -0.00246001 -0.0024669 -0.00246001 -0.00246802 -0.00246206 -0.00247137 -0.00246617 -0.0024769 -0.00247236 -0.00248454 -0.00248071 -0.00249418 -0.00249127 -0.00250568 -0.00250417 -0.0025189 -0.00251954 -0.00253374 -0.00253751 -0.00255024 -0.0025582 -0.00256866 -0.00258168 -0.0025896 -0.00260792 -0.00261403 -0.00263685 -0.00264315 -0.00266845 -0.00267806 -0.00270296 -0.00271928 -0.00274111 -0.00276621 -0.00278412 -0.00281707 -0.00283332 -0.00286966 -0.00288936 -0.00292283 -0.0029513 -0.00297803 -0.00301679 -0.00303937 -0.00308376 -0.00311125 -0.00315318 -0.00319442 -0.0032295 -0.00328277 -0.00331389 -0.00336084 -0.0033871 -0.00339458 -0.00338554 -0.0033083 -0.003187 -0.00296289 -0.00262513 -0.00216211 -0.001502 -0.000647776 0.000489527 0.00197589 0.00384915 0.00621023 0.00904463 0.0123641 0.0161822 0.0204258 0.0250919 0.0300785 0.0351981 0.0403028 0.0451359 0.0494631 0.0530905 0.0557179 0.0571471 0.057267 0.0559273 0.0530837 0.0487233 0.0428496 0.0356722 0.0274255 0.0182494 0.00839368 -0.00184448 -0.0122399 -0.0225277 -0.0324531 -0.0418655 -0.0506157 -0.0585528 -0.0656015 -0.0717134 -0.076852 -0.0810148 -0.0841826 -0.0863376 
0 0.00310168 0.00594579 0.0082727 0.00988004 0.0105919 0.0102163 0.00865244 0.00591232 0.00198719 -0.00310573 -0.00920911 -0.0161286 -0.0236613 -0.031513 -0.039408 -0.0471069 -0.0542842 -0.0606524 -0.0659977 -0.0700622 -0.0727285 -0.0740304 -0.0739202 -0.0724291 -0.0697166 -0.065919 -0.0612945 -0.0561202 -0.0505631 -0.0448923 -0.0393326 -0.0340123 -0.0291115 -0.0246696 -0.0207082 -0.0173033 -0.0144046 -0.012021 -0.0101184 -0.00858217 -0.00739826 -0.00646498 -0.00573402 -0.0051984 -0.00477119 -0.00447422 -0.00425296 -0.00408005 -0.00397191 -0.00386318 -0.00379466 -0.00372762 -0.00366375 -0.00362344 -0.0035623 -0.00353055 -0.00348201 -0.00344484 -0.00341283 -0.00336784 -0.00334616 -0.00330038 -0.00327874 -0.00324079 -0.00321237 -0.00318615 -0.00315082 -0.00313428 -0.00309685 -0.00308462 -0.00305112 -0.00303791 -0.0030125 -0.00299535 -0.00297918 -0.00295779 -0.00294948 -0.00292547 -0.00292232 -0.00289806 -0.00289721 -0.00287491 -0.00287414 -0.00285531 -0.00285326 -0.00283865 -0.00283479 -0.00282451 -0.00281889 -0.00281263 -0.00280566 -0.00280291 -0.00279512 -0.00279531 -0.00278727 -0.00278985 -0.00278206 -0.00278656 -0.00277946 -0.00278545 -0.00277946 -0.00278656 -0.00278206 -0.00278985 -0.00278727 -0.00279531 -0.00279512 -0.00280291 -0.00280566 -0.00281263 -0.00281889 -0.00282451 -0.00283479 -0.00283865 -0.00285326 -0.00285531 -0.00287414 -0.00287491 -0.00289721 -0.00289806 -0.00292232 -0.00292547 -0.00294948 -0.00295779 -0.00297918 -0.00299535 -0.0030125 -0.00303791 -0.00305112 -0.00308462 -0.00309685 -0.00313428 -0.00315082 -0.00318615 -0.00321237 -0.00324079 -0.00327874 -0.00330038 -0.00334616 -0.00336783 -0.00341281 -0.00344477 -0.00348182 -0.00353006 -0.00356102 -0.00362029 -0.00365634 -0.00371096 -0.00375895 -0.00379014 -0.00382952 -0.00381546 -0.00378426 -0.00368199 -0.00349128 -0.00321641 -0.00278018 -0.00220571 -0.00142021 -0.000367721 0.000980715 0.00275597 0.00497581 0.00769635 0.0109609 0.0147055 0.018962 0.023673 0.0287302 0.0340594 0.03943 0.0446494 0.0495525 0.0538498 0.0573195 0.059721 0.0607972 0.0604859 0.0587187 0.0553966 0.0505753 0.0443274 0.0367631 0.0281215 0.0185928 0.00836886 -0.00225093 -0.0130409 -0.0238196 -0.0343054 -0.044286 -0.0536895 -0.062391 -0.0702078 -0.0770413 -0.0828641 -0.0876418 -0.0913293 -0.09389 
0 0.00223691 0.00429344 0.00589689 0.0068033 0.00686646 0.00596798 0.00401852 0.000990338 -0.00310573 -0.00822243 -0.0142657 -0.0210669 -0.0283738 -0.0359716 -0.0436877 -0.0512196 -0.0582403 -0.0645554 -0.0699316 -0.0741276 -0.0770571 -0.0786282 -0.0787761 -0.077577 -0.0750775 -0.071419 -0.0668988 -0.0617054 -0.0560547 -0.050209 -0.0443165 -0.0386123 -0.0332777 -0.0283555 -0.0239675 -0.0201214 -0.0168083 -0.0140805 -0.0118372 -0.010048 -0.00865094 -0.00752204 -0.00666702 -0.00599059 -0.0054691 -0.00510122 -0.00480222 -0.00461034 -0.00445851 -0.00434078 -0.00426823 -0.00417923 -0.00413007 -0.0040633 -0.004007 -0.00396178 -0.00389614 -0.0038629 -0.00380166 -0.00376738 -0.00372305 -0.00368115 -0.00365529 -0.00360862 -0.00359308 -0.00354959 -0.00353364 -0.00350013 -0.00347682 -0.00345536 -0.00342374 -0.00341175 -0.00337548 -0.003368 -0.00333246 -0.00332465 -0.00329444 -0.00328316 -0.00326086 -0.00324501 -0.00323112 -0.00321126 -0.00320479 -0.00318235 -0.0031816 -0.00315826 -0.00316143 -0.00313863 -0.00314421 -0.00312298 -0.00312993 -0.00311085 -0.00311856 -0.00310181 -0.00311007 -0.00309556 -0.00310443 -0.00309189 -0.00310162 -0.00309068 -0.00310162 -0.00309189 -0.00310443 -0.00309556 -0.00311007 -0.00310181 -0.00311856 -0.00311085 -0.00312993 -0.00312298 -0.00314421 -0.00313863 -0.00316143 -0.00315826 -0.0031816 -0.00318235 -0.00320479 -0.00321126 -0.00323112 -0.00324501 -0.00326086 -0.00328316 -0.00329444 -0.00332465 -0.00333246 -0.003368 -0.00337548 -0.00341175 -0.00342374 -0.00345536 -0.00347682 -0.00350013 -0.00353364 -0.00354959 -0.00359308 -0.00360862 -0.00365529 -0.00368115 -0.00372305 -0.00376736 -0.00380162 -0.00386277 -0.00389579 -0.00396087 -0.00400471 -0.00405782 -0.00411755 -0.00415195 -0.0042115 -0.00422828 -0.00424583 -0.00422694 -0.00414284 -0.00401782 -0.00376445 -0.003413 -0.00290328 -0.00218438 -0.00125509 1.4265e-05 0.00164547 0.00372216 0.00632975 0.00943082 0.0130879 0.0172639 0.0219049 0.0270136 0.0324157 0.0379635 0.0434912 0.048731 0.0535284 0.057648 0.0607832 0.0627683 0.063416 0.0626033 0.0603395 0.056566 0.0513097 0.0447329 0.0369185 0.028004 0.0182576 0.00789443 -0.00289265 -0.0138863 -0.0249077 -0.0357517 -0.0461929 -0.0560885 -0.0653182 -0.0737334 -0.0812168 -0.0876656 -0.0929792 -0.0971143 -0.100035 
0 0.0011921 0.00219995 0.00281324 0.00284892 0.00217795 0.000694146 -0.00168776 -0.00499907 -0.00920911 -0.0142657 -0.0201004 -0.0265639 -0.0334665 -0.0406698 -0.0479844 -0.0551225 -0.0618467 -0.0679522 -0.0732175 -0.0774969 -0.080626 -0.0824236 -0.0828827 -0.0820168 -0.0798214 -0.076474 -0.0721586 -0.0670528 -0.0614364 -0.0554742 -0.0493571 -0.043363 -0.0376195 -0.0322899 -0.0274874 -0.02319 -0.0194853 -0.0163528 -0.0137439 -0.0116726 -0.00999938 -0.00868726 -0.00767478 -0.00685532 -0.00625656 -0.00578202 -0.00542859 -0.00518602 -0.00497664 -0.00485138 -0.00473158 -0.00464126 -0.00457627 -0.00449196 -0.00444961 -0.00437739 -0.0043319 -0.00428159 -0.00422373 -0.00419229 -0.0041293 -0.00410354 -0.00404878 -0.00401634 -0.00397827 -0.00393527 -0.00391317 -0.0038643 -0.00385082 -0.00380459 -0.00379108 -0.00375468 -0.00373532 -0.00371182 -0.00368508 -0.00367341 -0.00364123 -0.00363776 -0.00360376 -0.00360417 -0.00357205 -0.00357267 -0.00354519 -0.00354366 -0.00352233 -0.00351761 -0.00350281 -0.00349488 -0.00348624 -0.00347567 -0.00347241 -0.00346005 -0.00346128 -0.00344802 -0.00345287 -0.00343951 -0.00344722 -0.00343443 -0.00344438 -0.00343275 -0.00344438 -0.00343443 -0.00344722 -0.00343951 -0.00345287 -0.00344802 -0.00346128 -0.00346005 -0.00347241 -0.00347567 -0.00348624 -0.00349488 -0.00350281 -0.00351761 -0.00352233 -0.00354366 -0.00354519 -0.00357267 -0.00357205 -0.00360417 -0.00360376 -0.00363776 -0.00364123 -0.00367341 -0.00368508 -0.00371182 -0.00373532 -0.00375468 -0.00379108 -0.00380459 -0.00385082 -0.0038643 -0.00391317 -0.00393527 -0.00397827 -0.00401634 -0.00404878 -0.00410353 -0.00412929 -0.00419226 -0.00422364 -0.00428135 -0.00433125 -0.00437574 -0.00444561 -0.00448267 -0.00455569 -0.00459775 -0.00464381 -0.00468251 -0.00466677 -0.00464355 -0.00452164 -0.0043311 -0.00402871 -0.00355791 -0.00294507 -0.0020737 -0.000935236 0.000549945 0.00249682 0.0049002 0.00786391 0.0113741 0.0153999 0.0199855 0.0250191 0.030438 0.0361134 0.0417847 0.047307 0.0524597 0.0569944 0.0607441 0.0634329 0.0648694 0.0649882 0.0636528 0.060828 0.056579 0.0509471 0.0440685 0.0360848 0.0270811 0.0172719 0.00691259 -0.00385522 -0.0148785 -0.0259527 -0.0369138 -0.0476077 -0.0578373 -0.0674119 -0.0762171 -0.0841743 -0.0911269 -0.0968878 -0.101378 -0.10456 
0 -3.80725e-05 -0.000278759 -0.000828669 -0.00179351 -0.00331468 -0.00546928 -0.00829036 -0.0118401 -0.0161286 -0.0210669 -0.0265639 -0.0325542 -0.0389394 -0.045569 -0.0522676 -0.0588656 -0.0651638 -0.0709306 -0.0760129 -0.0802741 -0.0834863 -0.0855035 -0.086284 -0.0857677 -0.0839965 -0.0810624 -0.0770405 -0.0721629 -0.0666505 -0.0606555 -0.0544448 -0.0482127 -0.0421409 -0.0364635 -0.0312324 -0.0265274 -0.0224169 -0.01885 -0.015886 -0.0134651 -0.0115025 -0.00998501 -0.00876401 -0.00782134 -0.00710112 -0.00651941 -0.00611315 -0.00578165 -0.00554433 -0.0053761 -0.00522009 -0.00513137 -0.00502536 -0.00495525 -0.00489016 -0.00481481 -0.00477543 -0.00470031 -0.00466445 -0.00460372 -0.00455582 -0.00451551 -0.00445485 -0.0044289 -0.0043661 -0.00434265 -0.00429021 -0.00425982 -0.00422459 -0.00418462 -0.00416574 -0.00411983 -0.0041111 -0.00406583 -0.00405967 -0.00402113 -0.00401161 -0.00398346 -0.0039676 -0.00395065 -0.00392824 -0.00392119 -0.00389386 -0.00389432 -0.0038644 -0.00386981 -0.00383962 -0.00384781 -0.00381915 -0.00382863 -0.00380261 -0.00381255 -0.00378971 -0.00379983 -0.00378021 -0.00379065 -0.00377396 -0.0037851 -0.00377085 -0.00378324 -0.00377085 -0.0037851 -0.00377396 -0.00379065 -0.00378021 -0.00379983 -0.00378971 -0.00381255 -0.00380261 -0.00382863 -0.00381915 -0.00384781 -0.00383962 -0.00386981 -0.0038644 -0.00389432 -0.00389386 -0.00392119 -0.00392824 -0.00395065 -0.0039676 -0.00398346 -0.00401161 -0.00402113 -0.00405967 -0.00406583 -0.0041111 -0.00411983 -0.00416574 -0.00418462 -0.00422459 -0.00425982 -0.00429021 -0.00434265 -0.0043661 -0.0044289 -0.00445484 -0.0045155 -0.0045558 -0.00460366 -0.00466428 -0.00469985 -0.00477426 -0.00481192 -0.00488336 -0.00493993 -0.00499242 -0.00506375 -0.00508767 -0.0051287 -0.00510335 -0.00503109 -0.00489152 -0.00461308 -0.0042383 -0.00366359 -0.00289093 -0.00187037 -0.000486605 0.00126385 0.00351525 0.00629493 0.00960221 0.0135042 0.0179212 0.0228554 0.0282517 0.033918 0.0397296 0.0454437 0.0508273 0.0557357 0.0598994 0.0631087 0.0652182 0.066044 0.0655256 0.0636126 0.0602316 0.0554816 0.049505 0.0423932 0.0342879 0.025329 0.015644 0.00540335 -0.00523134 -0.0161076 -0.0270552 -0.0379313 -0.0486092 -0.0589267 -0.068697 -0.0777479 -0.0859403 -0.093142 -0.0991957 -0.103951 -0.107306 
0 -0.00145956 -0.00305756 -0.0048502 -0.00692328 -0.00938464 -0.0122537 -0.0155509 -0.019356 -0.0236613 -0.0283738 -0.0334665 -0.0389394 -0.0447051 -0.0506289 -0.0566034 -0.0625249 -0.0682416 -0.0735853 -0.0784089 -0.0825363 -0.0857833 -0.088004 -0.0890661 -0.0889269 -0.0876193 -0.0851278 -0.0815251 -0.0769887 -0.0716645 -0.0657783 -0.0595522 -0.0531496 -0.0468414 -0.0408153 -0.0351876 -0.0301068 -0.0255685 -0.0216113 -0.018273 -0.015472 -0.0132217 -0.0114228 -0.00998121 -0.00888031 -0.00799056 -0.00732058 -0.00681453 -0.00641297 -0.00614761 -0.00591875 -0.00576511 -0.00564199 -0.00552323 -0.00545156 -0.00534937 -0.00528824 -0.00521074 -0.00514044 -0.00509033 -0.00501328 -0.00497903 -0.00490923 -0.0048743 -0.00482337 -0.00477777 -0.00474713 -0.00469171 -0.00467356 -0.00461658 -0.00459996 -0.00455078 -0.00452734 -0.00449175 -0.0044585 -0.00443727 -0.00439613 -0.00438614 -0.00434174 -0.00433816 -0.00429559 -0.00429378 -0.00425705 -0.00425365 -0.00422504 -0.00421829 -0.00419849 -0.00418794 -0.0041765 -0.00416262 -0.00415843 -0.00414213 -0.0041439 -0.0041262 -0.0041327 -0.00411455 -0.00412472 -0.00410693 -0.00411994 -0.00410316 -0.00411835 -0.00410316 -0.00411994 -0.00410693 -0.00412472 -0.00411455 -0.0041327 -0.0041262 -0.0041439 -0.00414213 -0.00415843 -0.00416262 -0.0041765 -0.00418794 -0.00419849 -0.00421829 -0.00422504 -0.00425365 -0.00425705 -0.00429378 -0.00429559 -0.00433816 -0.00434174 -0.00438614 -0.00439613 -0.00443727 -0.0044585 -0.00449175 -0.00452734 -0.00455078 -0.00459996 -0.00461658 -0.00467356 -0.00469171 -0.00474713 -0.00477777 -0.00482337 -0.00487429 -0.00490922 -0.00497899 -0.00501316 -0.00509001 -0.00513962 -0.00520869 -0.00528332 -0.00533811 -0.00542694 -0.00547182 -0.00553948 -0.00557008 -0.00556466 -0.00553382 -0.00539601 -0.00520049 -0.00485889 -0.00436662 -0.00370325 -0.00276329 -0.00155228 6.14666e-05 0.00213822 0.00471005 0.00787333 0.0115742 0.0158345 0.0206426 0.0258916 0.031534 0.0373715 0.043184 0.0488062 0.0539778 0.0585028 0.0621797 0.0647626 0.0661506 0.0662725 0.0650432 0.0624627 0.0585456 0.053364 0.0470731 0.0397897 0.0316269 0.02275 0.0132882 0.00331858 -0.00704042 -0.0176086 -0.0282442 -0.038866 -0.0493389 -0.0594871 -0.0691861 -0.0782734 -0.0865055 -0.0937195 -0.0998357 -0.104703 -0.108155 
0 -0.00297855 -0.00600005 -0.00910112 -0.0123334 -0.0157442 -0.0193621 -0.0232082 -0.027268 -0.031513 -0.0359716 -0.0406698 -0.045569 -0.0506289 -0.055801 -0.060993 -0.0661428 -0.0712046 -0.0760497 -0.0805029 -0.084415 -0.0876372 -0.0899913 -0.0913318 -0.0915959 -0.0907402 -0.088739 -0.0856306 -0.0814842 -0.0764565 -0.0707712 -0.0645977 -0.0581545 -0.0516822 -0.0453595 -0.0394029 -0.0339271 -0.0289743 -0.0246294 -0.0208673 -0.0176983 -0.0151146 -0.0130063 -0.0113516 -0.0100403 -0.00899957 -0.0082149 -0.00758236 -0.00712267 -0.00677264 -0.00649879 -0.00631791 -0.00614719 -0.00603701 -0.00592942 -0.0058333 -0.00576471 -0.00567022 -0.00561699 -0.00553471 -0.00547747 -0.0054173 -0.00534941 -0.00530933 -0.00523729 -0.00520597 -0.00514171 -0.00510718 -0.00505942 -0.00501571 -0.0049858 -0.00493434 -0.00491721 -0.00486415 -0.00485204 -0.00480433 -0.00479034 -0.00475297 -0.00473309 -0.00470797 -0.00468129 -0.00466767 -0.00463559 -0.00463113 -0.00459615 -0.00459799 -0.00456274 -0.00456831 -0.00453492 -0.00454232 -0.00451223 -0.00452031 -0.00449421 -0.0045025 -0.00448051 -0.00448905 -0.00447089 -0.00448005 -0.00446517 -0.00447554 -0.00446328 -0.00447554 -0.00446517 -0.00448005 -0.00447089 -0.00448905 -0.00448051 -0.0045025 -0.00449421 -0.00452031 -0.00451223 -0.00454232 -0.00453492 -0.00456831 -0.00456274 -0.00459799 -0.00459615 -0.00463113 -0.00463559 -0.00466767 -0.00468129 -0.00470797 -0.00473309 -0.00475297 -0.00479034 -0.00480433 -0.00485204 -0.00486415 -0.00491721 -0.00493434 -0.0049858 -0.00501571 -0.00505942 -0.00510718 -0.00514171 -0.00520597 -0.00523728 -0.00530932 -0.00534938 -0.00541722 -0.00547725 -0.00553415 -0.00561554 -0.00566671 -0.00575655 -0.00581514 -0.00589083 -0.00595868 -0.0059954 -0.00603716 -0.006003 -0.00593597 -0.00577121 -0.0054871 -0.00508499 -0.00447232 -0.00366412 -0.00256098 -0.00109481 0.000780633 0.00318954 0.00612842 0.00963964 0.0137323 0.0183428 0.0234753 0.0290173 0.0348164 0.0407128 0.0464512 0.0518394 0.0566773 0.0607096 0.0637465 0.0656201 0.0662258 0.0655519 0.0635754 0.0603056 0.0558358 0.0502769 0.0437277 0.0363041 0.0281552 0.0194251 0.0102215 0.000629211 -0.00927603 -0.0193883 -0.0295788 -0.0397617 -0.0498342 -0.0596178 -0.0689668 -0.0777632 -0.0857992 -0.0928681 -0.0988542 -0.103626 -0.107031 
0 -0.00448626 -0.00894159 -0.0133754 -0.0177847 -0.0221624 -0.0265381 -0.0308968 -0.035174 -0.039408 -0.0436877 -0.0479844 -0.0522676 -0.0566034 -0.060993 -0.0653806 -0.0697795 -0.0741671 -0.0784258 -0.082432 -0.0860525 -0.0891459 -0.0915815 -0.0931974 -0.0938456 -0.0934506 -0.0919639 -0.0893528 -0.085657 -0.0810075 -0.0755781 -0.0695663 -0.0631821 -0.0566185 -0.0501018 -0.0438473 -0.0379897 -0.0326512 -0.0278838 -0.0237041 -0.0201547 -0.0171907 -0.0147797 -0.0128624 -0.0113246 -0.01013 -0.00918398 -0.00844322 -0.00788851 -0.00744506 -0.00713103 -0.00688339 -0.00669365 -0.00655906 -0.00642671 -0.00634013 -0.00624139 -0.00616275 -0.0060903 -0.00600625 -0.00595054 -0.0058668 -0.00581476 -0.00574289 -0.00568507 -0.00563153 -0.00556691 -0.00552945 -0.00546414 -0.00543478 -0.00537703 -0.00534739 -0.00530301 -0.00526805 -0.00523837 -0.00519749 -0.00517994 -0.00513579 -0.00512576 -0.00508237 -0.00507513 -0.00503622 -0.00502819 -0.00499627 -0.00498545 -0.00496163 -0.00494743 -0.00493167 -0.00491451 -0.00490607 -0.00488685 -0.00488466 -0.00486445 -0.00486744 -0.00484724 -0.00485445 -0.00483507 -0.00484574 -0.00482783 -0.00484138 -0.00482543 -0.00484138 -0.00482783 -0.00484574 -0.00483507 -0.00485445 -0.00484724 -0.00486744 -0.00486445 -0.00488466 -0.00488685 -0.00490607 -0.00491451 -0.00493167 -0.00494743 -0.00496163 -0.00498545 -0.00499627 -0.00502819 -0.00503622 -0.00507513 -0.00508237 -0.00512576 -0.00513579 -0.00517994 -0.00519749 -0.00523837 -0.00526805 -0.00530301 -0.00534739 -0.00537703 -0.00543478 -0.00546414 -0.00552945 -0.00556691 -0.00563153 -0.00568507 -0.00574288 -0.00581471 -0.00586666 -0.00595016 -0.00600525 -0.00608783 -0.00615691 -0.00622818 -0.00631156 -0.00636766 -0.00644248 -0.00647392 -0.00648796 -0.00645108 -0.00632655 -0.00612431 -0.0057663 -0.00525895 -0.00453932 -0.00354653 -0.00224363 -0.000513476 0.00168529 0.00442081 0.00773581 0.0116032 0.0160384 0.0209928 0.0263948 0.0321456 0.0380422 0.0438788 0.0494415 0.0545007 0.05885 0.0622674 0.0645579 0.0656183 0.0654097 0.0639176 0.061165 0.0572316 0.0522272 0.0462803 0.0395074 0.0320047 0.0239263 0.0154277 0.00656404 -0.00259638 -0.0119469 -0.0214582 -0.0310803 -0.0406641 -0.0500918 -0.0592773 -0.0680721 -0.0763153 -0.0838702 -0.0905772 -0.0962572 -0.100751 -0.103948 
0 -0.00590849 -0.0117327 -0.0174592 -0.0230365 -0.0283741 -0.0334472 -0.0382561 -0.0427952 -0.0471069 -0.0512196 -0.0551225 -0.0588656 -0.0625249 -0.0661428 -0.0697795 -0.0734562 -0.0771273 -0.0807695 -0.0843029 -0.0875739 -0.0904975 -0.0929647 -0.0947697 -0.0957553 -0.0958005 -0.094798 -0.0927141 -0.089539 -0.0853255 -0.08024 -0.074464 -0.0681849 -0.0616157 -0.0549678 -0.0484598 -0.0422868 -0.0365771 -0.0314079 -0.0268317 -0.0228668 -0.0195141 -0.016755 -0.0145196 -0.0127412 -0.0113395 -0.0102307 -0.00937535 -0.00870661 -0.00819708 -0.00781567 -0.00751598 -0.00729933 -0.00711766 -0.00697552 -0.00685685 -0.00674294 -0.00665581 -0.00655822 -0.00648318 -0.00640355 -0.0063301 -0.00626825 -0.00619471 -0.00614448 -0.0060752 -0.0060279 -0.00596831 -0.00591778 -0.00587039 -0.00581548 -0.00577884 -0.00572267 -0.0056927 -0.00564016 -0.0056124 -0.00556773 -0.00553897 -0.0055044 -0.00547334 -0.005449 -0.00541599 -0.00540044 -0.0053668 -0.00535791 -0.00532527 -0.00532091 -0.00529068 -0.00528912 -0.0052623 -0.00526238 -0.00523947 -0.00524059 -0.00522171 -0.00522371 -0.00520864 -0.00521168 -0.00520004 -0.00520447 -0.00519577 -0.00520208 -0.00519577 -0.00520447 -0.00520004 -0.00521168 -0.00520864 -0.00522371 -0.00522171 -0.00524059 -0.00523947 -0.00526238 -0.0052623 -0.00528912 -0.00529068 -0.00532091 -0.00532527 -0.00535791 -0.0053668 -0.00540044 -0.00541599 -0.005449 -0.00547334 -0.0055044 -0.00553897 -0.00556773 -0.0056124 -0.00564016 -0.0056927 -0.00572267 -0.00577884 -0.00581548 -0.00587039 -0.00591778 -0.00596831 -0.0060279 -0.0060752 -0.00614447 -0.00619468 -0.00626816 -0.00632984 -0.00640286 -0.00648147 -0.0065541 -0.00664633 -0.00672208 -0.00681292 -0.00688718 -0.00694797 -0.00698803 -0.00697035 -0.0069011 -0.00672846 -0.00644088 -0.0060039 -0.00536814 -0.00450515 -0.00333347 -0.00178967 0.000204994 0.0027286 0.00581138 0.00947628 0.0137121 0.0184843 0.0237448 0.0293902 0.035255 0.0411364 0.0468082 0.052048 0.0566552 0.0604048 0.0630869 0.0645756 0.0647904 0.0637201 0.0614024 0.0578738 0.0532707 0.0477697 0.0414697 0.034498 0.0270026 0.0190813 0.0108488 0.00238812 -0.0062633 -0.0150153 -0.0238175 -0.0326794 -0.0414957 -0.0501155 -0.0584784 -0.066491 -0.0739863 -0.0808358 -0.0869143 -0.0920518 -0.0961151 -0.0990228 
0 -0.0071967 -0.0142825 -0.0211911 -0.0278138 -0.0340182 -0.039761 -0.0450573 -0.0499013 -0.0542842 -0.0582403 -0.0618467 -0.0651638 -0.0682416 -0.0712046 -0.0741671 -0.0771273 -0.0801057 -0.0831481 -0.0861772 -0.089099 -0.0918433 -0.0942535 -0.0961744 -0.0974462 -0.0978605 -0.0973213 -0.0957714 -0.0931206 -0.0894089 -0.0847405 -0.0792517 -0.0731658 -0.0666634 -0.0599449 -0.0532622 -0.0468017 -0.0407391 -0.0351919 -0.0302035 -0.025831 -0.0220816 -0.0189418 -0.0163827 -0.0143225 -0.012689 -0.0114028 -0.0103908 -0.00960648 -0.00900039 -0.00853701 -0.00818686 -0.00791769 -0.00770917 -0.00754334 -0.0074025 -0.00728412 -0.00717556 -0.00707703 -0.00698731 -0.0068987 -0.00682128 -0.00674143 -0.00667114 -0.00660133 -0.00653471 -0.00647503 -0.00641138 -0.00635975 -0.00630064 -0.00625386 -0.00620146 -0.00615677 -0.00611239 -0.00606849 -0.00603198 -0.00598909 -0.00595909 -0.00591842 -0.00589303 -0.00585606 -0.00583349 -0.00580139 -0.00578036 -0.00575379 -0.00573364 -0.0057127 -0.00569326 -0.00567767 -0.00565913 -0.00564839 -0.00563108 -0.00562463 -0.00560894 -0.00560627 -0.00559252 -0.0055932 -0.00558167 -0.00558538 -0.00557627 -0.00558278 -0.00557627 -0.00558538 -0.00558167 -0.0055932 -0.00559252 -0.00560627 -0.00560894 -0.00562463 -0.00563108 -0.00564839 -0.00565913 -0.00567767 -0.00569326 -0.0057127 -0.00573364 -0.00575379 -0.00578036 -0.00580139 -0.00583349 -0.00585606 -0.00589303 -0.00591842 -0.00595909 -0.00598909 -0.00603198 -0.00606849 -0.00611239 -0.00615677 -0.00620146 -0.00625386 -0.00630064 -0.00635975 -0.00641138 -0.00647502 -0.0065347 -0.00660131 -0.00667108 -0.00674126 -0.00682082 -0.00689753 -0.00698444 -0.00707033 -0.00716053 -0.0072519 -0.00733647 -0.00741406 -0.00746736 -0.00748553 -0.00744843 -0.00732896 -0.00710378 -0.00673927 -0.00619844 -0.00544302 -0.00440912 -0.00303192 -0.00123311 0.0010712 0.00392316 0.00736176 0.0113818 0.0159507 0.0210426 0.026554 0.0323532 0.0382525 0.0439981 0.0493923 0.0542125 0.0582321 0.0612768 0.0631484 0.0637577 0.0631076 0.0611681 0.0580057 0.0537472 0.0485226 0.0425413 0.0359528 0.0288494 0.0214037 0.01372 0.00581809 -0.00220838 -0.0102712 -0.01834 -0.026368 -0.0343185 -0.042162 -0.0498325 -0.0572415 -0.0642699 -0.0707953 -0.0767372 -0.0819828 -0.0863858 -0.0898798 -0.0924177 
