0 0 0 0 0 0 0 0 0 0 0 0 0 0 0 0 0 0 0 0 0 0 0 0 0 0 0 0 0 0 0 0 0 0 0 0 0 0 0 0 0 0 0 0 0 0 0 0 0 0 0 0 0 0 0 0 0 0 0 0 0 0 0 0 0 0 0 0 0 0 0 0 0 0 0 0 0 0 0 0 0 0 0 0 0 0 0 0 0 0 0 0 0 0 0 0 0 0 0 0 0 0 0 0 0 0 0 0 0 0 0 0 0 0 0 0 0 0 0 0 0 0 0 0 0 0 0 0 0 0 0 0 0 0 0 0 0 0 0 0 0 0 0 0 0 0 0 0 0 0 0 0 0 0 0 0 0 0 0 0 0 0 0 0 0 0 0 0 0 0 0 0 0 0 0 0 0 0 0 0 0 0 0 0 0 0 0 0 0 0 0 0 0 0 0 0 0 0 0 0 
0 0.000839087 0.00169725 0.00252095 0.00326336 0.00392659 0.00450764 0.00497594 0.00527096 0.00533755 0.00519083 0.00484177 0.00422347 0.00333089 0.00225047 0.000988855 -0.000471289 -0.00202667 -0.00356349 -0.00503217 -0.0063847 -0.00757867 -0.00855004 -0.00921968 -0.00959692 -0.00972319 -0.00959468 -0.009226 -0.00864655 -0.00790792 -0.00710449 -0.00628649 -0.00547121 -0.00468251 -0.00392532 -0.00323131 -0.0026339 -0.00213352 -0.00173616 -0.00142104 -0.00116574 -0.00096605 -0.000802351 -0.000675966 -0.000582092 -0.000509463 -0.000462045 -0.000425365 -0.000400271 -0.000383677 -0.000368294 -0.000361134 -0.000352892 -0.000349186 -0.000347231 -0.000344286 -0.000345455 -0.000342582 -0.000342802 -0.000340038 -0.000336998 -0.000334267 -0.000328341 -0.000325343 -0.000318582 -0.000315105 -0.000309616 -0.000305793 -0.000302673 -0.000298947 -0.00029811 -0.000295004 -0.000295609 -0.000293483 -0.000294502 -0.000293447 -0.000294081 -0.000293941 -0.000293776 -0.000294257 -0.000293236 -0.000294017 -0.000292317 -0.000293136 -0.000291031 -0.000291718 -0.000289483 -0.000289962 -0.000287818 -0.000288087 -0.000286179 -0.000286283 -0.000284693 -0.000284701 -0.000283453 -0.000283442 -0.000282526 -0.000282573 -0.000281955 -0.00028213 -0.000281763 -0.00028213 -0.000281955 -0.000282573 -0.000282526 -0.000283442 -0.000283453 -0.000284701 -0.000284693 -0.000286283 -0.000286179 -0.000288087 -0.000287818 -0.000289962 -0.000289483 -0.000291718 -0.000291031 -0.000293136 -0.000292317 -0.000294017 -0.000293236 -0.000294257 -0.000293776 -0.000293941 -0.000294081 -0.000293447 -0.000294502 -0.000293483 -0.000295609 -0.000295004 -0.00029811 -0.000298947 -0.000302673 -0.000305793 -0.000309616 -0.000315105 -0.000318582 -0.000325343 -0.000328341 -0.000334267 -0.000336997 -0.000340036 -0.000342798 -0.00034257 -0.000345421 -0.00034419 -0.000346969 -0.000348511 -0.000351231 -0.000357245 -0.000359636 -0.00036536 -0.000363486 -0.000355307 -0.000335598 -0.00029326 -0.000231748 -0.000137079 -1.28091e-05 0.000142372 0.000338307 0.000572726 0.000872201 0.00125516 0.001737 0.00233437 0.00302073 0.00377509 0.00457617 0.00539898 0.0062464 0.00707855 0.00782348 0.00842068 0.0088077 0.00897485 0.00892204 0.00858742 0.00793463 0.0069779 0.00576187 0.00436651 0.00282192 0.00114489 -0.000546246 -0.00214945 -0.00365949 -0.00504594 -0.00624023 -0.00719898 -0.00791108 -0.00842036 -0.00876394 -0.00891191 -0.00890476 -0.00885877 -0.00875562 -0.00854038 -0.00835244 -0.00830415 
0 0.00169725 0.00335511 0.00495518 0.00645543 0.00778768 0.00891268 0.00979005 0.0103284 0.0104659 0.0102011 0.00947874 0.00822007 0.0064679 0.00431479 0.00179015 -0.00104828 -0.00406148 -0.00709422 -0.0100045 -0.0126881 -0.0150497 -0.0169426 -0.0182645 -0.0190268 -0.0192663 -0.019016 -0.0183105 -0.0171927 -0.0157779 -0.014207 -0.0125734 -0.0109461 -0.00936089 -0.00785219 -0.00648492 -0.00529817 -0.00431272 -0.00352345 -0.00288787 -0.00237829 -0.00196444 -0.00162599 -0.00136226 -0.00115772 -0.00101029 -0.000909646 -0.000840352 -0.000799849 -0.000771418 -0.000753964 -0.000741684 -0.000728786 -0.000720119 -0.000707632 -0.000697939 -0.000687305 -0.000676614 -0.000669097 -0.000659462 -0.000654543 -0.000647741 -0.000643932 -0.000640226 -0.000636281 -0.00063451 -0.000629983 -0.000628459 -0.000623574 -0.000620987 -0.000616217 -0.000612082 -0.000607801 -0.0006024 -0.000598751 -0.000592793 -0.000589724 -0.000583981 -0.000581338 -0.000576399 -0.00057402 -0.000570198 -0.000567965 -0.00056532 -0.000563168 -0.000561588 -0.000559497 -0.000558785 -0.000556763 -0.000556704 -0.00055477 -0.000555174 -0.000553346 -0.000554068 -0.000552358 -0.000553299 -0.000551712 -0.000552811 -0.000551346 -0.000552574 -0.000551227 -0.000552574 -0.000551346 -0.000552811 -0.000551712 -0.000553299 -0.000552358 -0.000554068 -0.000553346 -0.000555174 -0.00055477 -0.000556704 -0.000556763 -0.000558785 -0.000559497 -0.000561588 -0.000563168 -0.00056532 -0.000567965 -0.000570198 -0.00057402 -0.000576399 -0.000581338 -0.000583981 -0.000589724 -0.000592793 -0.000598751 -0.0006024 -0.000607801 -0.000612082 -0.000616217 -0.000620987 -0.000623574 -0.000628459 -0.000629983 -0.00063451 -0.000636281 -0.000640226 -0.000643932 -0.000647741 -0.000654542 -0.000659459 -0.000669088 -0.000676585 -0.000687218 -0.000697698 -0.000706992 -0.000718501 -0.000724885 -0.000732726 -0.000734385 -0.000730725 -0.000719488 -0.000689687 -0.000641618 -0.000557892 -0.000432705 -0.000256878 -1.65665e-05 0.000286949 0.00067311 0.0011582 0.00177139 0.00255897 0.00354043 0.00472638 0.00608925 0.00757372 0.00914858 0.0107799 0.0124382 0.0140651 0.0155281 0.0166973 0.0174764 0.0178034 0.0176506 0.0169513 0.0156422 0.0137613 0.0113987 0.00864879 0.00559833 0.0023291 -0.00100265 -0.00420693 -0.00719432 -0.00991097 -0.0122507 -0.0141481 -0.0156163 -0.0166807 -0.0173653 -0.0177054 -0.0177628 -0.0176391 -0.0174207 -0.0171468 -0.016866 -0.0166419 
0 0.00252095 0.00495518 0.00729233 0.00948884 0.0114418 0.0130733 0.0143036 0.015039 0.0152257 0.0147914 0.0136401 0.011773 0.00923793 0.00604973 0.002307 -0.0018189 -0.006191 -0.0106215 -0.0148809 -0.0188098 -0.0222366 -0.024981 -0.0269621 -0.0281383 -0.0285132 -0.0281628 -0.0271392 -0.0255334 -0.0235138 -0.0212271 -0.0188236 -0.0164205 -0.0140687 -0.0118504 -0.00983286 -0.00806074 -0.00658146 -0.00537063 -0.00439477 -0.00361775 -0.00298311 -0.00247952 -0.00208137 -0.0017725 -0.00155196 -0.00138923 -0.00128246 -0.00121133 -0.00116075 -0.00113231 -0.00110543 -0.00108941 -0.00107367 -0.0010581 -0.00104807 -0.00103224 -0.00102372 -0.00101053 -0.00100074 -0.000991763 -0.00098039 -0.000974616 -0.00096326 -0.000958329 -0.000948854 -0.000942844 -0.000936131 -0.000928478 -0.00092416 -0.000915519 -0.000912471 -0.000904036 -0.000901065 -0.00089389 -0.000890205 -0.00088485 -0.000880206 -0.000876703 -0.000871288 -0.000869309 -0.000863538 -0.000862604 -0.000856932 -0.000856579 -0.000851374 -0.000851249 -0.000846749 -0.000846633 -0.000842946 -0.000842743 -0.000839877 -0.000839579 -0.000837477 -0.000837136 -0.000835706 -0.000835402 -0.000834536 -0.000834367 -0.000833954 -0.000834023 -0.000833954 -0.000834367 -0.000834536 -0.000835402 -0.000835706 -0.000837136 -0.000837477 -0.000839579 -0.000839877 -0.000842743 -0.000842946 -0.000846633 -0.000846749 -0.000851249 -0.000851374 -0.000856579 -0.000856932 -0.000862604 -0.000863538 -0.000869309 -0.000871288 -0.000876703 -0.000880206 -0.00088485 -0.000890205 -0.00089389 -0.000901065 -0.000904036 -0.000912471 -0.000915519 -0.00092416 -0.000928478 -0.000936131 -0.000942844 -0.000948854 -0.000958329 -0.00096326 -0.000974616 -0.00098039 -0.000991761 -0.00100073 -0.00101051 -0.00102366 -0.00103206 -0.00104757 -0.00105681 -0.0010705 -0.001082 -0.00108885 -0.00109702 -0.00108923 -0.00107349 -0.00102992 -0.00094947 -0.000823861 -0.000624821 -0.000354576 1.11593e-05 0.000482364 0.00107012 0.00182162 0.00276377 0.00395396 0.00542946 0.00717812 0.00918678 0.0113875 0.0137217 0.0161512 0.0185841 0.0209225 0.0230169 0.024682 0.025803 0.0262684 0.0259813 0.0248992 0.0229724 0.0202289 0.0167861 0.0127428 0.00825089 0.00351429 -0.00130721 -0.00602228 -0.010425 -0.0144002 -0.0178513 -0.0206963 -0.0229377 -0.0245787 -0.0256343 -0.0262283 -0.0264606 -0.0263582 -0.026066 -0.0257663 -0.0254529 -0.0251141 
0 0.00326336 0.00645543 0.00948884 0.0122869 0.0147788 0.0168462 0.0183599 0.0192521 0.0194292 0.0187379 0.0171453 0.0147198 0.0114331 0.00728143 0.00244895 -0.0028574 -0.008464 -0.0141307 -0.019611 -0.0246576 -0.0290171 -0.032552 -0.0351702 -0.0367569 -0.0373092 -0.036893 -0.0355972 -0.0335963 -0.0310532 -0.0281296 -0.0250297 -0.0218869 -0.0188179 -0.0159351 -0.0132894 -0.0109568 -0.00897247 -0.00731873 -0.005988 -0.00491532 -0.00405568 -0.00338062 -0.00284027 -0.00243226 -0.00212532 -0.001899 -0.00174731 -0.0016338 -0.00156237 -0.0015106 -0.00147151 -0.00144913 -0.00142378 -0.00141133 -0.00139529 -0.00138245 -0.00137277 -0.00135683 -0.00134884 -0.00133189 -0.00132142 -0.00130658 -0.00129239 -0.00128117 -0.00126498 -0.00125682 -0.00124165 -0.0012349 -0.00122319 -0.00121637 -0.001209 -0.00120143 -0.00119779 -0.00118962 -0.00118827 -0.00118013 -0.00117948 -0.00117208 -0.00117095 -0.00116481 -0.00116255 -0.0011579 -0.00115439 -0.00115123 -0.00114666 -0.00114484 -0.00113957 -0.00113887 -0.0011333 -0.00113351 -0.00112797 -0.00112893 -0.00112367 -0.00112524 -0.00112042 -0.00112256 -0.00111825 -0.00112092 -0.00111717 -0.00112037 -0.00111717 -0.00112092 -0.00111825 -0.00112256 -0.00112042 -0.00112524 -0.00112367 -0.00112893 -0.00112797 -0.00113351 -0.0011333 -0.00113887 -0.00113957 -0.00114484 -0.00114666 -0.00115123 -0.00115439 -0.0011579 -0.00116255 -0.00116481 -0.00117095 -0.00117208 -0.00117948 -0.00118013 -0.00118827 -0.00118962 -0.00119779 -0.00120143 -0.001209 -0.00121637 -0.00122319 -0.0012349 -0.00124165 -0.00125682 -0.00126498 -0.00128117 -0.00129239 -0.00130658 -0.00132142 -0.00133188 -0.00134882 -0.00135678 -0.00137264 -0.00138208 -0.00139432 -0.00140891 -0.00141801 -0.001436 -0.00144303 -0.00145176 -0.00144659 -0.0014169 -0.00136062 -0.00124259 -0.00106334 -0.000791283 -0.000410214 8.51476e-05 0.00073503 0.00154804 0.00257719 0.00387724 0.00547996 0.00743945 0.00973893 0.01235 0.0152361 0.0183021 0.0214742 0.0246242 0.0275758 0.0301852 0.0322646 0.0336445 0.0341915 0.0337484 0.03226 0.0297488 0.0262243 0.0217778 0.0165619 0.0107741 0.00470017 -0.00143987 -0.00749598 -0.0132164 -0.0183707 -0.0228774 -0.0266719 -0.0296869 -0.0319281 -0.0334563 -0.03439 -0.0348626 -0.0349443 -0.0347295 -0.0343931 -0.03406 -0.0337821 
0 0.00392659 0.00778768 0.0114418 0.0147788 0.0177146 0.0200992 0.0218096 0.0227753 0.0228454 0.0218824 0.0198999 0.0169024 0.0128545 0.00786018 0.00210416 -0.00422618 -0.010874 -0.0175935 -0.0241356 -0.0301401 -0.0353332 -0.039592 -0.0427594 -0.0447268 -0.0454826 -0.0450503 -0.0435945 -0.041316 -0.0383502 -0.0349046 -0.0311779 -0.0273439 -0.0236122 -0.0200889 -0.0168553 -0.0139958 -0.0115099 -0.00942515 -0.00771984 -0.00632801 -0.00522798 -0.00434532 -0.00364956 -0.00312147 -0.002711 -0.00242368 -0.0022159 -0.00207179 -0.00198283 -0.00191061 -0.00187035 -0.00183197 -0.00180175 -0.00177974 -0.00174949 -0.00173363 -0.00170731 -0.00169098 -0.00167317 -0.00165433 -0.00164448 -0.0016251 -0.00161862 -0.001602 -0.00159399 -0.00158206 -0.00157017 -0.00156256 -0.00154737 -0.0015421 -0.00152597 -0.00152074 -0.00150622 -0.00149945 -0.00148823 -0.00147942 -0.001472 -0.00146158 -0.00145752 -0.00144638 -0.00144475 -0.00143386 -0.00143363 -0.00142377 -0.0014241 -0.00141575 -0.00141605 -0.00140941 -0.0014094 -0.00140445 -0.00140402 -0.00140061 -0.00139984 -0.00139774 -0.00139677 -0.00139574 -0.00139476 -0.00139456 -0.00139376 -0.00139417 -0.00139376 -0.00139456 -0.00139476 -0.00139574 -0.00139677 -0.00139774 -0.00139984 -0.00140061 -0.00140402 -0.00140445 -0.0014094 -0.00140941 -0.00141605 -0.00141575 -0.0014241 -0.00142377 -0.00143363 -0.00143386 -0.00144475 -0.00144638 -0.00145752 -0.00146158 -0.001472 -0.00147942 -0.00148823 -0.00149945 -0.00150622 -0.00152074 -0.00152597 -0.0015421 -0.00154737 -0.00156256 -0.00157017 -0.00158206 -0.00159399 -0.001602 -0.00161862 -0.0016251 -0.00164448 -0.00165432 -0.00167314 -0.00169088 -0.00170704 -0.00173292 -0.00174768 -0.00177535 -0.00179161 -0.00180963 -0.00182341 -0.00181661 -0.0018035 -0.00174585 -0.00165141 -0.00149123 -0.0012392 -0.000894954 -0.000407491 0.000223811 0.0010432 0.00210353 0.00343255 0.00511474 0.00716867 0.00961203 0.0124578 0.0156441 0.0191488 0.0228849 0.0267005 0.030456 0.0339308 0.036943 0.0393448 0.0409043 0.0414378 0.0408002 0.0388978 0.0358005 0.0315686 0.026246 0.0200316 0.0131738 0.00593233 -0.00139862 -0.00860902 -0.0154795 -0.0217224 -0.0272004 -0.0318852 -0.0356891 -0.0386023 -0.0407261 -0.0421247 -0.0429014 -0.0432494 -0.043286 -0.0430808 -0.0428072 -0.0426131 
0 0.00450764 0.00891268 0.0130733 0.0168462 0.0200992 0.0227046 0.0245377 0.0254473 0.0253081 0.0240854 0.0217223 0.0181396 0.0134222 0.00773809 0.00120119 -0.00596751 -0.0134635 -0.0210489 -0.0284059 -0.0351658 -0.0410939 -0.0459733 -0.0496185 -0.051965 -0.0529388 -0.0525743 -0.0510737 -0.0485917 -0.045314 -0.0414627 -0.0372057 -0.0328035 -0.0284821 -0.0243642 -0.0205918 -0.0172007 -0.014217 -0.0116908 -0.00957334 -0.00785722 -0.00649022 -0.00539006 -0.0045434 -0.00387472 -0.00336701 -0.00299998 -0.00272038 -0.00254025 -0.00240607 -0.00231592 -0.00225908 -0.00220382 -0.00217587 -0.00213785 -0.00211258 -0.00208851 -0.0020589 -0.00204424 -0.00201459 -0.00200189 -0.00197861 -0.00196223 -0.00194781 -0.00192692 -0.0019189 -0.00189663 -0.00189022 -0.0018707 -0.00186184 -0.00184772 -0.00183481 -0.00182636 -0.00181019 -0.00180588 -0.00178859 -0.00178614 -0.00177005 -0.00176743 -0.00175423 -0.00175017 -0.00174068 -0.0017347 -0.00172895 -0.00172122 -0.00171874 -0.00170975 -0.00170985 -0.00170022 -0.00170222 -0.00169248 -0.00169581 -0.00168638 -0.00169064 -0.00168178 -0.00168673 -0.00167858 -0.00168412 -0.00167668 -0.00168281 -0.00167606 -0.00168281 -0.00167668 -0.00168412 -0.00167858 -0.00168673 -0.00168178 -0.00169064 -0.00168638 -0.00169581 -0.00169248 -0.00170222 -0.00170022 -0.00170985 -0.00170975 -0.00171874 -0.00172122 -0.00172895 -0.0017347 -0.00174068 -0.00175017 -0.00175423 -0.00176743 -0.00177005 -0.00178614 -0.00178859 -0.00180588 -0.00181019 -0.00182636 -0.00183481 -0.00184772 -0.00186184 -0.0018707 -0.00189022 -0.00189663 -0.0019189 -0.00192692 -0.00194781 -0.00196223 -0.00197861 -0.00200186 -0.00201452 -0.00204405 -0.00205838 -0.00208717 -0.00210929 -0.00213013 -0.00215862 -0.002167 -0.00218413 -0.00217048 -0.00213711 -0.00206608 -0.0019228 -0.00171797 -0.0013925 -0.000949395 -0.000353021 0.000447564 0.00146405 0.00279064 0.00446139 0.00652537 0.0090365 0.0119575 0.0153084 0.0190529 0.0231171 0.0274411 0.0318205 0.0360512 0.0399406 0.0432464 0.0458139 0.0474331 0.0478534 0.0469673 0.0447002 0.0410604 0.0361728 0.0301199 0.0230799 0.0153535 0.0071765 -0.00116761 -0.00934151 -0.017132 -0.0243409 -0.030749 -0.0362634 -0.0408542 -0.0445083 -0.0472935 -0.0492763 -0.0505307 -0.0512539 -0.0516361 -0.0517475 -0.0516805 -0.0515702 
0 0.00497594 0.00979005 0.0143036 0.0183599 0.0218096 0.0245377 0.0263736 0.027125 0.0267421 0.0252141 0.0224184 0.0183299 0.0131037 0.00685234 -0.000302166 -0.00809817 -0.0162614 -0.0244788 -0.0323821 -0.0397185 -0.0462295 -0.0516011 -0.0556859 -0.0583839 -0.0595972 -0.0594138 -0.0579519 -0.055359 -0.0518947 -0.047733 -0.0430885 -0.0382547 -0.0334167 -0.0287859 -0.0244995 -0.0205803 -0.0171211 -0.014124 -0.011587 -0.00953094 -0.00785962 -0.00654624 -0.00552143 -0.00470515 -0.00409876 -0.00362264 -0.0032768 -0.00303394 -0.00284632 -0.00273578 -0.00264156 -0.00258415 -0.00254268 -0.0024992 -0.00248108 -0.00244384 -0.00242731 -0.00239968 -0.00237412 -0.00235645 -0.00232319 -0.00231034 -0.00227736 -0.00226287 -0.00223766 -0.00221812 -0.00220334 -0.00217966 -0.00217304 -0.0021489 -0.00214567 -0.00212503 -0.00212067 -0.00210601 -0.00209791 -0.00208968 -0.00207737 -0.00207443 -0.00205899 -0.00205945 -0.00204267 -0.0020446 -0.00202825 -0.00203015 -0.00201556 -0.00201654 -0.0020045 -0.00200419 -0.00199502 -0.00199345 -0.00198708 -0.00198452 -0.0019807 -0.00197754 -0.00197589 -0.00197254 -0.00197267 -0.00196955 -0.00197105 -0.00196855 -0.00197105 -0.00196955 -0.00197267 -0.00197254 -0.00197589 -0.00197754 -0.0019807 -0.00198452 -0.00198708 -0.00199345 -0.00199502 -0.00200419 -0.0020045 -0.00201654 -0.00201556 -0.00203015 -0.00202825 -0.0020446 -0.00204267 -0.00205945 -0.00205899 -0.00207443 -0.00207737 -0.00208968 -0.00209791 -0.00210601 -0.00212067 -0.00212503 -0.00214567 -0.0021489 -0.00217304 -0.00217966 -0.00220334 -0.00221811 -0.00223766 -0.00226287 -0.00227736 -0.00231034 -0.00232317 -0.0023564 -0.00237398 -0.0023993 -0.00242633 -0.00244141 -0.00247529 -0.00248605 -0.00251417 -0.00252518 -0.00252523 -0.00251698 -0.0024539 -0.00236242 -0.0021789 -0.00190361 -0.00151198 -0.000946378 -0.000217472 0.000764072 0.00202921 0.00363513 0.00567536 0.00813952 0.011082 0.0144859 0.0183081 0.0225676 0.0271519 0.0319482 0.0367843 0.0413728 0.0455274 0.0490193 0.051602 0.0531193 0.0533489 0.0521603 0.0495475 0.0454589 0.0399831 0.0333261 0.0256571 0.0172403 0.00836281 -0.000726015 -0.00967233 -0.0181967 -0.0261896 -0.0334555 -0.039781 -0.0451417 -0.0495668 -0.0530636 -0.0557156 -0.0576398 -0.0589409 -0.0597595 -0.0602453 -0.060502 -0.0606126 
0 0.00527096 0.0103284 0.015039 0.0192521 0.0227753 0.0254473 0.027125 0.0276877 0.0270603 0.0251584 0.0219347 0.0174589 0.0118195 0.00512028 -0.00243246 -0.0106282 -0.0192133 -0.0277944 -0.0360685 -0.0438246 -0.0507208 -0.0564711 -0.0609159 -0.0638941 -0.0653967 -0.0654762 -0.0641465 -0.0616037 -0.0580656 -0.0537076 -0.0488273 -0.0436459 -0.0383867 -0.0333181 -0.0285333 -0.0241456 -0.0202302 -0.0167669 -0.013832 -0.0113885 -0.00939223 -0.00782914 -0.00657327 -0.0056079 -0.00486463 -0.00428154 -0.00387248 -0.00355149 -0.00333646 -0.00318579 -0.0030657 -0.00300104 -0.00292717 -0.0028877 -0.00284404 -0.00280257 -0.00277979 -0.00273572 -0.00272093 -0.0026841 -0.00266538 -0.00264236 -0.00261509 -0.00260411 -0.00257161 -0.00256518 -0.00253441 -0.00252482 -0.0025015 -0.00248471 -0.00247076 -0.00244722 -0.00244092 -0.00241407 -0.00241181 -0.00238591 -0.002384 -0.00236249 -0.00235832 -0.00234305 -0.00233544 -0.00232673 -0.00231573 -0.00231282 -0.00229921 -0.00230083 -0.00228567 -0.0022905 -0.0022748 -0.0022817 -0.00226625 -0.00227443 -0.00225975 -0.00226872 -0.00225505 -0.00226459 -0.002252 -0.0022621 -0.0022505 -0.00226127 -0.0022505 -0.0022621 -0.002252 -0.00226459 -0.00225505 -0.00226872 -0.00225975 -0.00227443 -0.00226625 -0.0022817 -0.0022748 -0.0022905 -0.00228567 -0.00230083 -0.00229921 -0.00231282 -0.00231573 -0.00232673 -0.00233544 -0.00234305 -0.00235832 -0.00236249 -0.002384 -0.00238591 -0.00241181 -0.00241407 -0.00244092 -0.00244722 -0.00247076 -0.00248471 -0.0025015 -0.00252482 -0.00253441 -0.00256518 -0.00257161 -0.00260411 -0.00261509 -0.00264235 -0.00266534 -0.002684 -0.00272066 -0.00273501 -0.00277801 -0.00279828 -0.00283414 -0.0028659 -0.00288135 -0.00290914 -0.0028899 -0.00286504 -0.00277808 -0.00262301 -0.00239488 -0.00202399 -0.00153889 -0.000858417 4.04585e-05 0.00119852 0.00273026 0.00464589 0.00704388 0.00994296 0.0133126 0.0171936 0.0215033 0.026214 0.0312526 0.0364045 0.0415177 0.0463383 0.0506058 0.0541417 0.0566525 0.0579371 0.0578929 0.0563733 0.0533642 0.0488773 0.04294 0.0358018 0.0277091 0.0188331 0.00946431 -0.000105987 -0.00961543 -0.0187629 -0.0273635 -0.0352968 -0.0423779 -0.0485159 -0.0537304 -0.0580193 -0.0614395 -0.0641211 -0.0661333 -0.0675455 -0.0685157 -0.0691824 -0.0696105 
0 0.00533755 0.0104659 0.0152257 0.0194292 0.0228454 0.0253081 0.0267421 0.0270603 0.0261177 0.0238354 0.0202759 0.0155011 0.00954564 0.00257613 -0.00518662 -0.0135683 -0.0222845 -0.0310042 -0.0394898 -0.0474411 -0.0545403 -0.0605667 -0.0652713 -0.0685254 -0.0703594 -0.0707158 -0.0696257 -0.0672558 -0.063741 -0.0593549 -0.0543663 -0.0489523 -0.0434137 -0.0379544 -0.0327238 -0.0279079 -0.0235183 -0.0196239 -0.0162766 -0.0134239 -0.0111097 -0.0092439 -0.00775613 -0.0066192 -0.00570599 -0.00502628 -0.00450885 -0.00411282 -0.00385228 -0.00363804 -0.0035089 -0.00340627 -0.00332397 -0.00327899 -0.00321301 -0.0031857 -0.00313704 -0.00310465 -0.0030768 -0.00303499 -0.00302157 -0.00297837 -0.00296691 -0.00293261 -0.00291332 -0.0028928 -0.00286346 -0.00285445 -0.00281952 -0.00281545 -0.00278202 -0.00277612 -0.00275001 -0.00273812 -0.00272195 -0.00270325 -0.00269646 -0.0026727 -0.00267273 -0.00264686 -0.00265051 -0.00262547 -0.00262991 -0.00260793 -0.00261122 -0.00259358 -0.00259471 -0.00258183 -0.00258055 -0.00257227 -0.00256884 -0.00256462 -0.00255956 -0.00255873 -0.00255269 -0.00255454 -0.00254815 -0.00255203 -0.00254589 -0.00255119 -0.00254589 -0.00255203 -0.00254815 -0.00255454 -0.00255269 -0.00255873 -0.00255956 -0.00256462 -0.00256884 -0.00257227 -0.00258055 -0.00258183 -0.00259471 -0.00259358 -0.00261122 -0.00260793 -0.00262991 -0.00262547 -0.00265051 -0.00264686 -0.00267273 -0.0026727 -0.00269646 -0.00270325 -0.00272195 -0.00273812 -0.00275001 -0.00277612 -0.00278202 -0.00281545 -0.00281952 -0.00285445 -0.00286346 -0.0028928 -0.00291332 -0.00293261 -0.0029669 -0.00297834 -0.0030215 -0.0030348 -0.0030763 -0.00310337 -0.0031339 -0.00317834 -0.00319655 -0.00324382 -0.00325225 -0.00326672 -0.00324985 -0.00317917 -0.00307603 -0.00285678 -0.00255969 -0.00211413 -0.00149616 -0.000696992 0.000396454 0.0017861 0.00358882 0.00586819 0.00862796 0.0119486 0.0157616 0.020067 0.0248462 0.0299592 0.0353368 0.0407627 0.0460046 0.0509046 0.0551686 0.0585677 0.0608827 0.061855 0.0614294 0.059553 0.0561434 0.0512753 0.0450318 0.0375744 0.0291906 0.0200697 0.0104284 0.000584641 -0.00924376 -0.0188434 -0.0279357 -0.0363702 -0.0440884 -0.0509932 -0.0570097 -0.0621343 -0.0664126 -0.0699111 -0.0726885 -0.0748329 -0.0764595 -0.0776282 -0.0783787 
0 0.00519083 0.0102011 0.0147914 0.0187379 0.0218824 0.0240854 0.0252141 0.0251584 0.0238354 0.0212376 0.0174243 0.0124361 0.00633776 -0.000715904 -0.00853221 -0.0168753 -0.025489 -0.034166 -0.0426284 -0.0505462 -0.0577055 -0.0638689 -0.0687764 -0.0723417 -0.0744861 -0.0751396 -0.0743749 -0.0722402 -0.0688949 -0.0646366 -0.0596455 -0.0541667 -0.0484575 -0.042676 -0.037089 -0.0318401 -0.0269988 -0.0226957 -0.0189046 -0.0156713 -0.0130085 -0.0108158 -0.00910034 -0.00773598 -0.0066611 -0.00585255 -0.00519897 -0.00473509 -0.00438007 -0.00411931 -0.00395651 -0.0038111 -0.00373784 -0.00366082 -0.00360782 -0.00357149 -0.00351467 -0.00349477 -0.00343986 -0.00341604 -0.00337513 -0.00333811 -0.00331502 -0.00326836 -0.00325676 -0.00321118 -0.00320066 -0.00316611 -0.00314885 -0.00312953 -0.00310339 -0.00309726 -0.00306512 -0.00306633 -0.00303342 -0.00303556 -0.00300686 -0.0030051 -0.00298382 -0.0029758 -0.00296302 -0.00294862 -0.00294376 -0.00292427 -0.00292579 -0.00290312 -0.00290924 -0.00288528 -0.0028944 -0.00287066 -0.00288158 -0.00285906 -0.00287104 -0.00285029 -0.002863 -0.00284417 -0.00285758 -0.00284055 -0.00285485 -0.00283935 -0.00285485 -0.00284055 -0.00285758 -0.00284417 -0.002863 -0.00285029 -0.00287104 -0.00285906 -0.00288158 -0.00287066 -0.0028944 -0.00288528 -0.00290924 -0.00290312 -0.00292579 -0.00292427 -0.00294376 -0.00294862 -0.00296302 -0.0029758 -0.00298382 -0.0030051 -0.00300686 -0.00303556 -0.00303342 -0.00306633 -0.00306512 -0.00309726 -0.00310339 -0.00312953 -0.00314885 -0.00316611 -0.00320066 -0.00321118 -0.00325676 -0.00326835 -0.003315 -0.00333807 -0.003375 -0.00341569 -0.00343894 -0.0034925 -0.00350927 -0.00355921 -0.00358117 -0.00360555 -0.00362842 -0.0036044 -0.00358384 -0.00347772 -0.00332401 -0.00306948 -0.00267336 -0.00215396 -0.00140158 -0.000431844 0.000854334 0.00253961 0.0046447 0.00729606 0.0104612 0.0141635 0.018415 0.0231192 0.0282825 0.0337572 0.0393586 0.0449424 0.0502303 0.0550435 0.0591682 0.0622888 0.0642344 0.064829 0.0639614 0.061665 0.0578973 0.0527004 0.0462488 0.0386537 0.0301049 0.0208746 0.0111769 0.00124974 -0.00869138 -0.0184948 -0.0279372 -0.0368156 -0.0450718 -0.0526488 -0.0594386 -0.0653985 -0.0705554 -0.0749359 -0.078571 -0.0815243 -0.0838567 -0.0855847 -0.0867334 
0 0.00484177 0.00947874 0.0136401 0.0171453 0.0198999 0.0217223 0.0224184 0.0219347 0.0202759 0.0174243 0.0134063 0.0083062 0.00221668 -0.00474801 -0.0123903 -0.0204713 -0.028822 -0.0372579 -0.0454795 -0.0532237 -0.060288 -0.0664373 -0.0715003 -0.0753257 -0.0777517 -0.0787669 -0.078375 -0.0765794 -0.0735684 -0.0695261 -0.0646524 -0.0592274 -0.0534109 -0.0474369 -0.0415675 -0.0359289 -0.0307149 -0.0259937 -0.0217799 -0.0181673 -0.0150953 -0.0125752 -0.010568 -0.00894711 -0.0077099 -0.00672715 -0.0059696 -0.00541334 -0.00496605 -0.00467146 -0.00443554 -0.00427277 -0.00416585 -0.0040592 -0.00401 -0.00393545 -0.00389581 -0.00385075 -0.00380145 -0.00377926 -0.00372394 -0.00370961 -0.00366106 -0.00363987 -0.00360735 -0.00357302 -0.00355678 -0.00351276 -0.00350578 -0.00346088 -0.00345409 -0.00341696 -0.00340369 -0.00337921 -0.00335711 -0.0033457 -0.00331626 -0.003315 -0.00328187 -0.00328647 -0.0032537 -0.00326002 -0.00323089 -0.00323588 -0.00321243 -0.00321437 -0.00319739 -0.00319571 -0.00318508 -0.00318003 -0.00317507 -0.00316733 -0.00316714 -0.00315759 -0.00316119 -0.0031507 -0.00315721 -0.00314661 -0.00315521 -0.00314525 -0.00315521 -0.00314661 -0.00315721 -0.0031507 -0.00316119 -0.00315759 -0.00316714 -0.00316733 -0.00317507 -0.00318003 -0.00318508 -0.00319571 -0.00319739 -0.00321437 -0.00321243 -0.00323588 -0.00323089 -0.00326002 -0.0032537 -0.00328647 -0.00328187 -0.003315 -0.00331626 -0.0033457 -0.00335711 -0.00337921 -0.00340369 -0.00341696 -0.00345409 -0.00346088 -0.00350578 -0.00351276 -0.00355678 -0.00357302 -0.00360735 -0.00363986 -0.00366103 -0.00370952 -0.0037237 -0.00377862 -0.00379983 -0.00384684 -0.00388678 -0.00391551 -0.00396794 -0.00397449 -0.00400295 -0.00397375 -0.00391144 -0.00379347 -0.00355776 -0.00324428 -0.00274873 -0.00209276 -0.00121207 -2.25144e-05 0.00148593 0.00346228 0.00591805 0.00890941 0.012486 0.0165747 0.0212187 0.0263357 0.0318176 0.0375689 0.0433242 0.0489084 0.0541261 0.0587145 0.0625062 0.0652404 0.0667081 0.0668464 0.0655455 0.0627913 0.0586575 0.053201 0.0465847 0.0389626 0.0304411 0.0212571 0.0116677 0.00183328 -0.0080848 -0.0179179 -0.0275196 -0.0367453 -0.0454665 -0.0535888 -0.0610604 -0.0678455 -0.0738845 -0.0791517 -0.0836817 -0.0874742 -0.090504 -0.0928136 -0.0944466 
0 0.00422347 0.00822007 0.011773 0.0147198 0.0169024 0.0181396 0.0183299 0.0174589 0.0155011 0.0124361 0.0083062 0.00320077 -0.00276065 -0.00943939 -0.0166886 -0.0243543 -0.0322746 -0.0402569 -0.0480791 -0.0555125 -0.0623355 -0.0683877 -0.0735215 -0.0775185 -0.0802346 -0.0816229 -0.0816281 -0.0802924 -0.0777103 -0.07399 -0.0693771 -0.0640763 -0.0582662 -0.0522175 -0.046115 -0.0401813 -0.0346221 -0.0294892 -0.0248998 -0.0208747 -0.0174053 -0.014544 -0.0121902 -0.0103216 -0.00886202 -0.00769514 -0.00682334 -0.00612924 -0.00561419 -0.00524119 -0.00494358 -0.00476034 -0.00459674 -0.00449467 -0.00441229 -0.00433209 -0.00429216 -0.00422114 -0.0041926 -0.00413859 -0.00410195 -0.00406982 -0.00402094 -0.00400468 -0.00395143 -0.0039386 -0.00389242 -0.00387221 -0.00384064 -0.00380888 -0.00379263 -0.00375194 -0.00374626 -0.0037031 -0.00370113 -0.00366228 -0.00365801 -0.00362823 -0.00361811 -0.00359936 -0.00358243 -0.00357425 -0.0035515 -0.00355198 -0.0035254 -0.0035321 -0.00350385 -0.00351448 -0.00348641 -0.0034992 -0.0034726 -0.00348644 -0.00346201 -0.00347634 -0.00345433 -0.00346903 -0.00344932 -0.00346462 -0.00344685 -0.00346314 -0.00344685 -0.00346462 -0.00344932 -0.00346903 -0.00345433 -0.00347634 -0.00346201 -0.00348644 -0.0034726 -0.0034992 -0.00348641 -0.00351448 -0.00350385 -0.0035321 -0.0035254 -0.00355198 -0.0035515 -0.00357425 -0.00358243 -0.00359936 -0.00361811 -0.00362823 -0.00365801 -0.00366228 -0.00370113 -0.0037031 -0.00374626 -0.00375194 -0.00379263 -0.00380888 -0.00384064 -0.00387221 -0.00389241 -0.0039386 -0.00395142 -0.00400466 -0.00402088 -0.00406965 -0.0041015 -0.00413745 -0.00418981 -0.00421458 -0.00427743 -0.0043005 -0.00434753 -0.00436789 -0.00435977 -0.00433736 -0.0042221 -0.00406354 -0.00377031 -0.00335026 -0.00277311 -0.00195588 -0.00091184 0.000492443 0.00229164 0.00455912 0.00739066 0.0107506 0.0147008 0.0191993 0.0241939 0.0296645 0.0354225 0.0413164 0.0471348 0.0526181 0.0576139 0.0618802 0.0651917 0.0674016 0.0683366 0.067935 0.066167 0.0629844 0.0584853 0.0528198 0.0461128 0.038515 0.0301622 0.0212088 0.0118468 0.00222344 -0.00753658 -0.0172856 -0.026901 -0.0362989 -0.0453658 -0.0539585 -0.0620144 -0.0695311 -0.0764136 -0.0825384 -0.0878982 -0.0924892 -0.0962419 -0.0991524 -0.101238 
0 0.00333089 0.0064679 0.00923793 0.0114331 0.0128545 0.0134222 0.0131037 0.0118195 0.00954564 0.00633776 0.00221668 -0.00276065 -0.00842868 -0.0146659 -0.0214131 -0.0285316 -0.0358414 -0.0432007 -0.0504564 -0.0574232 -0.0639291 -0.0698217 -0.0749253 -0.079047 -0.0820269 -0.083752 -0.0841918 -0.083364 -0.081273 -0.0780167 -0.073768 -0.0686926 -0.0630228 -0.0569655 -0.0507232 -0.0445683 -0.0386709 -0.0331834 -0.0282218 -0.0237901 -0.0199594 -0.0167161 -0.0140232 -0.0118738 -0.0101415 -0.00879223 -0.00774226 -0.00691216 -0.00630627 -0.00582654 -0.00549152 -0.00524744 -0.00505914 -0.00494661 -0.00483192 -0.00476809 -0.00469556 -0.00463517 -0.00459053 -0.00452363 -0.00449312 -0.0044294 -0.00439895 -0.0043505 -0.00431171 -0.00428274 -0.00423585 -0.00422145 -0.00417303 -0.0041636 -0.00412164 -0.00410837 -0.0040782 -0.0040564 -0.00403917 -0.00400873 -0.00400211 -0.00396613 -0.00396598 -0.0039288 -0.00393089 -0.00389649 -0.00389757 -0.00386873 -0.00386689 -0.00384501 -0.00383957 -0.00382491 -0.00381609 -0.00380814 -0.00379667 -0.00379452 -0.00378133 -0.00378395 -0.00376999 -0.00377641 -0.00376252 -0.00377189 -0.00375882 -0.00377038 -0.00375882 -0.00377189 -0.00376252 -0.00377641 -0.00376999 -0.00378395 -0.00378133 -0.00379452 -0.00379667 -0.00380814 -0.00381609 -0.00382491 -0.00383957 -0.00384501 -0.00386689 -0.00386873 -0.00389757 -0.00389649 -0.00393089 -0.0039288 -0.00396598 -0.00396613 -0.00400211 -0.00400873 -0.00403917 -0.0040564 -0.0040782 -0.00410837 -0.00412164 -0.0041636 -0.00417303 -0.00422144 -0.00423585 -0.00428273 -0.00431169 -0.00435046 -0.00439884 -0.00442909 -0.00449232 -0.00452165 -0.00458583 -0.00462444 -0.00467214 -0.00471923 -0.00473453 -0.00476119 -0.00472199 -0.00466167 -0.00451801 -0.00427591 -0.00393204 -0.00340329 -0.00271152 -0.00175697 -0.000497721 0.00112858 0.0032428 0.00585493 0.00904836 0.0128186 0.017135 0.0220129 0.0273505 0.033071 0.0390175 0.0449493 0.0506867 0.0559932 0.0606543 0.0644813 0.0672442 0.0688179 0.0691392 0.0681474 0.0658403 0.0622453 0.0574535 0.051628 0.0449083 0.0374107 0.0292786 0.0206522 0.011625 0.00229674 -0.00718532 -0.0167134 -0.0262356 -0.035671 -0.0449239 -0.053899 -0.0624766 -0.0705685 -0.0781167 -0.085015 -0.091152 -0.0964653 -0.100894 -0.104369 -0.10684 
0 0.00225047 0.00431479 0.00604973 0.00728143 0.00786018 0.00773809 0.00685234 0.00512028 0.00257613 -0.000715904 -0.00474801 -0.00943939 -0.0146659 -0.0203779 -0.0265051 -0.0329178 -0.0394984 -0.0461213 -0.0526798 -0.0590913 -0.0651975 -0.0708146 -0.0758008 -0.0799817 -0.0831721 -0.0852528 -0.0861573 -0.0858478 -0.0843139 -0.0815872 -0.0777655 -0.0730283 -0.0675802 -0.0616138 -0.0553616 -0.0490524 -0.0428977 -0.0370991 -0.0317559 -0.0269462 -0.022724 -0.0190816 -0.0160451 -0.0135605 -0.0115633 -0.0100005 -0.00875794 -0.00780527 -0.00706762 -0.00650015 -0.00609325 -0.00577374 -0.00555962 -0.00539258 -0.00526809 -0.00518308 -0.00509389 -0.00504257 -0.00497315 -0.0049268 -0.00487635 -0.00482358 -0.00478923 -0.00473189 -0.00470537 -0.00465168 -0.00462367 -0.00458112 -0.0045462 -0.00451747 -0.00447577 -0.00445844 -0.00441421 -0.00440298 -0.00436174 -0.00435113 -0.00431736 -0.00430352 -0.00427951 -0.00426082 -0.00424666 -0.00422341 -0.00421767 -0.0041913 -0.00419189 -0.00416424 -0.00416905 -0.0041418 -0.00414911 -0.00412354 -0.00413221 -0.00410908 -0.00411849 -0.0040981 -0.00410808 -0.00409039 -0.00410109 -0.00408581 -0.00409758 -0.00408429 -0.00409758 -0.00408581 -0.00410109 -0.00409039 -0.00410808 -0.0040981 -0.00411849 -0.00410908 -0.00413221 -0.00412354 -0.00414911 -0.0041418 -0.00416905 -0.00416424 -0.00419189 -0.0041913 -0.00421767 -0.00422341 -0.00424666 -0.00426082 -0.00427951 -0.00430352 -0.00431736 -0.00435113 -0.00436174 -0.00440298 -0.00441421 -0.00445844 -0.00447577 -0.00451747 -0.0045462 -0.00458112 -0.00462367 -0.00465167 -0.00470535 -0.00473182 -0.00478903 -0.00482303 -0.00487497 -0.00492347 -0.00496543 -0.00502544 -0.00505751 -0.00510924 -0.00512488 -0.00512726 -0.00508992 -0.00497856 -0.00480388 -0.00449277 -0.00405613 -0.00343167 -0.00257646 -0.00145402 4.33276e-05 0.00195659 0.00438243 0.00736968 0.0109222 0.0150674 0.0197557 0.0249566 0.0305953 0.036512 0.0425352 0.0484325 0.0539821 0.0589874 0.0632202 0.0664754 0.0685958 0.0694871 0.0691267 0.067518 0.0646749 0.0606711 0.055644 0.0497167 0.0430065 0.0356626 0.0278082 0.0195378 0.0109225 0.00200212 -0.00712756 -0.0163611 -0.025689 -0.0350632 -0.0443641 -0.0535382 -0.0624973 -0.0710489 -0.0790835 -0.0865651 -0.0933585 -0.0992954 -0.104278 -0.108215 -0.111018 
0 0.000988855 0.00179015 0.002307 0.00244895 0.00210416 0.00120119 -0.000302166 -0.00243246 -0.00518662 -0.00853221 -0.0123903 -0.0166886 -0.0214131 -0.0265051 -0.0318663 -0.0374646 -0.0432285 -0.0490348 -0.0548575 -0.0606441 -0.0662301 -0.0714833 -0.0762676 -0.0804139 -0.0837873 -0.0862212 -0.0875768 -0.0878072 -0.0868495 -0.0846794 -0.0813712 -0.0770486 -0.0719029 -0.0661431 -0.0599641 -0.0535953 -0.0472688 -0.0411854 -0.0355045 -0.0303259 -0.0257038 -0.0216793 -0.0182627 -0.0154309 -0.0131456 -0.0113237 -0.00988985 -0.00877385 -0.00790016 -0.00723808 -0.00673144 -0.00635504 -0.00608316 -0.00587452 -0.00573182 -0.00561271 -0.00552544 -0.00545217 -0.0053828 -0.00533209 -0.00526957 -0.00522689 -0.00517231 -0.00512857 -0.00508445 -0.00503656 -0.00500219 -0.00495238 -0.0049239 -0.0048771 -0.00484984 -0.00481054 -0.00478125 -0.00475163 -0.00471942 -0.00469904 -0.00466504 -0.00465168 -0.00461811 -0.00460888 -0.00457804 -0.00457035 -0.00454398 -0.00453601 -0.00451506 -0.00450589 -0.00449057 -0.00448001 -0.00447001 -0.00445834 -0.00445306 -0.00444081 -0.00443957 -0.00442731 -0.00442945 -0.00441776 -0.00442271 -0.00441206 -0.00441933 -0.00441017 -0.00441933 -0.00441206 -0.00442271 -0.00441776 -0.00442945 -0.00442731 -0.00443957 -0.00444081 -0.00445306 -0.00445834 -0.00447001 -0.00448001 -0.00449057 -0.00450589 -0.00451506 -0.00453601 -0.00454398 -0.00457035 -0.00457804 -0.00460888 -0.00461811 -0.00465168 -0.00466504 -0.00469904 -0.00471942 -0.00475163 -0.00478125 -0.00481054 -0.00484984 -0.0048771 -0.0049239 -0.00495238 -0.00500218 -0.00503654 -0.0050844 -0.00512843 -0.00517194 -0.00522595 -0.00526725 -0.00532661 -0.00537043 -0.00542544 -0.0054702 -0.00550357 -0.00552575 -0.00550269 -0.00544164 -0.00529551 -0.00505284 -0.00467924 -0.00413146 -0.00338421 -0.00236636 -0.00102538 0.000719737 0.00295042 0.00571736 0.00906594 0.0129969 0.0174935 0.0225277 0.0280305 0.0338882 0.0399318 0.0459389 0.051686 0.0569642 0.0615493 0.0652361 0.0678423 0.0692386 0.0694097 0.0683592 0.0661063 0.0627453 0.0583743 0.0531229 0.0471299 0.0404731 0.0332958 0.0257542 0.017875 0.00968819 0.00124795 -0.00744797 -0.0163642 -0.0254366 -0.0346265 -0.0438558 -0.0530479 -0.0621404 -0.0709818 -0.0793981 -0.0872746 -0.09447 -0.100825 -0.106219 -0.110507 -0.113566 
0 -0.000471289 -0.00104828 -0.0018189 -0.0028574 -0.00422618 -0.00596751 -0.00809817 -0.0106282 -0.0135683 -0.0168753 -0.0204713 -0.0243543 -0.0285316 -0.0329178 -0.0374646 -0.0421861 -0.0470386 -0.0519946 -0.057048 -0.0621178 -0.0671278 -0.0719711 -0.0764702 -0.0805277 -0.0840195 -0.0867237 -0.0885093 -0.0892639 -0.0888731 -0.0873208 -0.0845898 -0.0807544 -0.076009 -0.0705147 -0.0644839 -0.058145 -0.0517018 -0.0454072 -0.0394361 -0.0339099 -0.0289279 -0.0245161 -0.0207142 -0.0175212 -0.0148959 -0.0127936 -0.0111242 -0.00981607 -0.00880088 -0.00801518 -0.00742199 -0.00697598 -0.00664692 -0.0064066 -0.00622664 -0.00609133 -0.0059837 -0.00589309 -0.00581637 -0.00574484 -0.00568101 -0.00562121 -0.00556405 -0.00551375 -0.00546213 -0.0054188 -0.00537331 -0.00533391 -0.005295 -0.00525724 -0.00522435 -0.0051875 -0.00515913 -0.00512382 -0.00509815 -0.00506565 -0.00504114 -0.00501264 -0.00498842 -0.00496456 -0.00494048 -0.00492132 -0.00489774 -0.00488287 -0.00486039 -0.00484919 -0.00482843 -0.00482024 -0.00480169 -0.00479597 -0.00477993 -0.00477629 -0.00476289 -0.00476112 -0.00475034 -0.00475037 -0.00474208 -0.00474395 -0.00473798 -0.00474181 -0.00473798 -0.00474395 -0.00474208 -0.00475037 -0.00475034 -0.00476112 -0.00476289 -0.00477629 -0.00477993 -0.00479597 -0.00480169 -0.00482024 -0.00482843 -0.00484919 -0.00486039 -0.00488287 -0.00489774 -0.00492132 -0.00494048 -0.00496456 -0.00498842 -0.00501264 -0.00504114 -0.00506565 -0.00509815 -0.00512382 -0.00515913 -0.0051875 -0.00522435 -0.00525724 -0.005295 -0.00533391 -0.0053733 -0.00541877 -0.00546204 -0.0055135 -0.00556341 -0.00561962 -0.00567718 -0.00573604 -0.005797 -0.00585233 -0.00590164 -0.0059334 -0.00593613 -0.00589564 -0.0057869 -0.0055885 -0.00527085 -0.00479858 -0.0041407 -0.00324085 -0.00204483 -0.000477507 0.00154823 0.004091 0.00721532 0.0109299 0.0152256 0.020087 0.0254383 0.031204 0.0372234 0.0432797 0.0491723 0.0546538 0.0595296 0.0636029 0.0666441 0.0685395 0.0692099 0.0686374 0.0668938 0.0640116 0.0601152 0.0553955 0.0499477 0.043893 0.0373547 0.0304053 0.0231615 0.0156693 0.00790508 -8.37424e-05 -0.00830338 -0.0168135 -0.0255574 -0.0344533 -0.0434777 -0.052563 -0.0615942 -0.0704615 -0.0790295 -0.087106 -0.0944825 -0.101016 -0.106607 -0.111095 -0.114322 
0 -0.00202667 -0.00406148 -0.006191 -0.008464 -0.010874 -0.0134635 -0.0162614 -0.0192133 -0.0222845 -0.025489 -0.028822 -0.0322746 -0.0358414 -0.0394984 -0.0432285 -0.0470386 -0.0509768 -0.0550812 -0.0593036 -0.0636153 -0.0680106 -0.0723591 -0.0765348 -0.0804654 -0.0839778 -0.0869013 -0.0890728 -0.0902853 -0.0904573 -0.089518 -0.087379 -0.0841189 -0.0798381 -0.0746915 -0.0689168 -0.0626744 -0.056207 -0.0497661 -0.0435254 -0.0376915 -0.0323461 -0.0275519 -0.0233779 -0.0197999 -0.0168386 -0.0144324 -0.0125025 -0.0109958 -0.00980101 -0.00888476 -0.00817852 -0.00763882 -0.00724747 -0.00694539 -0.00673457 -0.00656937 -0.00644386 -0.00634664 -0.00625593 -0.00618685 -0.0061126 -0.00605251 -0.00599014 -0.00593226 -0.00587968 -0.00582373 -0.00577815 -0.00572625 -0.00568486 -0.00563896 -0.00559998 -0.00556074 -0.00552367 -0.00549052 -0.00545575 -0.00542745 -0.00539564 -0.00537092 -0.00534257 -0.00532045 -0.00529578 -0.00527568 -0.00525462 -0.00523632 -0.00521861 -0.00520211 -0.00518743 -0.00517281 -0.00516088 -0.00514827 -0.00513886 -0.00512835 -0.0051213 -0.00511295 -0.00510816 -0.00510199 -0.00509941 -0.00509544 -0.00509503 -0.00509325 -0.00509503 -0.00509544 -0.00509941 -0.00510199 -0.00510816 -0.00511295 -0.0051213 -0.00512835 -0.00513886 -0.00514827 -0.00516088 -0.00517281 -0.00518743 -0.00520211 -0.00521861 -0.00523632 -0.00525462 -0.00527568 -0.00529578 -0.00532045 -0.00534257 -0.00537092 -0.00539564 -0.00542745 -0.00545575 -0.00549052 -0.00552367 -0.00556074 -0.00559998 -0.00563896 -0.00568486 -0.00572624 -0.00577813 -0.00582367 -0.00587952 -0.00593183 -0.00598905 -0.00604986 -0.00610642 -0.00617301 -0.00622626 -0.00628579 -0.00632448 -0.00634544 -0.00633294 -0.00625617 -0.00611445 -0.00585074 -0.00546113 -0.00489161 -0.00409943 -0.00304573 -0.00163008 0.00019143 0.00252386 0.00541984 0.00889581 0.0129881 0.0176337 0.0228168 0.0284564 0.0343967 0.0404927 0.0464779 0.0521397 0.0572832 0.0616599 0.0651144 0.0674578 0.0685736 0.0684891 0.0671865 0.0647325 0.0612601 0.0568843 0.0518159 0.046203 0.0401097 0.0336812 0.0269969 0.0200553 0.0129026 0.00555663 -0.00199572 -0.00976648 -0.0177997 -0.0260997 -0.0346178 -0.0433187 -0.0521335 -0.0609398 -0.0696131 -0.0780174 -0.0859862 -0.0933356 -0.0998753 -0.105443 -0.109916 -0.113175 
