0 0 0 0 0 0 0 0 0 0 0 0 0 0 0 0 0 0 0 0 0 0 0 0 0 0 0 0 0 0 0 0 0 0 0 0 0 0 0 0 0 0 0 0 0 0 0 0 0 0 0 0 0 0 0 0 0 0 0 0 0 0 0 0 0 0 0 0 0 0 0 0 0 0 0 0 0 0 0 0 0 0 0 0 0 0 0 0 0 0 0 0 0 0 0 0 0 0 0 0 0 0 0 0 0 0 0 0 0 0 0 0 0 0 0 0 0 0 0 0 0 0 0 0 0 0 0 0 0 0 0 0 0 0 0 0 0 0 0 0 0 0 0 0 0 0 0 0 0 0 0 0 0 0 0 0 0 0 0 0 0 0 0 0 0 0 0 0 0 0 0 0 0 0 0 0 0 0 0 0 0 0 0 0 0 0 0 0 0 0 0 0 0 0 0 0 0 0 0 0 
0 0.00189752 0.00371721 0.00538993 0.00686534 0.0081114 0.00909522 0.00976562 0.0100662 0.00997388 0.0095199 0.00876776 0.00777115 0.0065571 0.005145 0.00357395 0.00191058 0.000234354 -0.00138422 -0.00289662 -0.00427371 -0.00549427 -0.00653677 -0.00738031 -0.00801136 -0.00843043 -0.00865353 -0.00870736 -0.0086217 -0.00842329 -0.00813358 -0.00776996 -0.00734882 -0.00688784 -0.00640606 -0.00592236 -0.00545287 -0.00500898 -0.00459667 -0.00421734 -0.00386944 -0.00355049 -0.00325843 -0.00299231 -0.00275213 -0.00253821 -0.00235046 -0.00218782 -0.00204812 -0.00192821 -0.00182444 -0.00173319 -0.00165132 -0.00157646 -0.00150717 -0.00144275 -0.00138313 -0.00132852 -0.00127923 -0.00123541 -0.001197 -0.00116363 -0.00113473 -0.00110953 -0.00108723 -0.00106702 -0.00104819 -0.00103019 -0.00101263 -0.000995276 -0.000978041 -0.000960961 -0.000944141 -0.000927738 -0.00091192 -0.000896845 -0.00088265 -0.000869431 -0.000857252 -0.000846135 -0.000836072 -0.000827024 -0.000818938 -0.000811741 -0.000805358 -0.000799709 -0.000794719 -0.000790314 -0.00078643 -0.00078301 -0.000780005 -0.000777376 -0.000775088 -0.000773116 -0.000771438 -0.00077004 -0.000768908 -0.000768036 -0.000767416 -0.000767047 -0.000766923 -0.000767047 -0.000767416 -0.000768036 -0.000768908 -0.00077004 -0.000771438 -0.000773116 -0.000775088 -0.000777376 -0.000780005 -0.00078301 -0.00078643 -0.000790314 -0.000794719 -0.000799709 -0.000805358 -0.000811741 -0.000818938 -0.000827024 -0.000836072 -0.000846135 -0.000857252 -0.000869431 -0.00088265 -0.000896845 -0.00091192 -0.000927738 -0.000944141 -0.000960961 -0.000978041 -0.000995276 -0.00101263 -0.00103019 -0.00104819 -0.00106702 -0.00108723 -0.00110953 -0.00113473 -0.00116363 -0.001197 -0.00123541 -0.00127923 -0.00132852 -0.00138313 -0.00144275 -0.00150717 -0.00157646 -0.00165132 -0.00173319 -0.00182444 -0.00192821 -0.00204812 -0.00218782 -0.00235046 -0.00253821 -0.00275213 -0.00299231 -0.00325843 -0.00355049 -0.00386944 -0.00421734 -0.00459667 -0.00500898 -0.00545287 -0.00592236 -0.00640606 -0.00688784 -0.00734882 -0.00776996 -0.00813358 -0.00842329 -0.0086217 -0.00870736 -0.00865351 -0.00843037 -0.00801117 -0.00737975 -0.00653526 -0.00549046 -0.00426471 -0.00287667 -0.00134269 0.000315497 0.00205932 0.00382979 0.00555812 0.00718474 0.00867218 0.00999972 0.0111438 0.0120698 0.0127545 0.0132202 0.0135338 0.0137579 0.0139062 0.0139558 0.0139077 0.0138248 
0 0.00371721 0.00728383 0.0105743 0.0134932 0.0159573 0.0178738 0.0191455 0.0197044 0.0195428 0.0187087 0.0172745 0.0153129 0.0128969 0.0101117 0.00705875 0.00385179 0.000608158 -0.00256002 -0.00555281 -0.00828621 -0.0106948 -0.0127339 -0.0143801 -0.0156288 -0.0164913 -0.0169914 -0.0171622 -0.0170438 -0.0166813 -0.0161223 -0.015414 -0.0146007 -0.0137216 -0.0128097 -0.011892 -0.0109897 -0.0101195 -0.0092941 -0.00852274 -0.00781144 -0.00716315 -0.00657796 -0.00605364 -0.00558617 -0.00517054 -0.00480143 -0.00447372 -0.00418279 -0.00392469 -0.00369599 -0.00349369 -0.00331502 -0.00315735 -0.00301808 -0.00289469 -0.00278479 -0.00268618 -0.00259694 -0.00251547 -0.00244052 -0.00237116 -0.00230672 -0.00224679 -0.00219107 -0.00213937 -0.00209153 -0.00204738 -0.00200673 -0.00196937 -0.00193505 -0.00190349 -0.00187441 -0.00184754 -0.00182262 -0.00179942 -0.00177772 -0.00175736 -0.00173819 -0.00172011 -0.00170304 -0.00168693 -0.00167172 -0.0016574 -0.00164396 -0.00163137 -0.00161963 -0.00160875 -0.00159871 -0.00158951 -0.00158116 -0.00157363 -0.00156692 -0.00156103 -0.00155594 -0.00155165 -0.00154816 -0.00154545 -0.00154351 -0.00154236 -0.00154197 -0.00154236 -0.00154351 -0.00154545 -0.00154816 -0.00155165 -0.00155594 -0.00156103 -0.00156692 -0.00157363 -0.00158116 -0.00158951 -0.00159871 -0.00160875 -0.00161963 -0.00163137 -0.00164396 -0.0016574 -0.00167172 -0.00168693 -0.00170304 -0.00172011 -0.00173819 -0.00175736 -0.00177772 -0.00179942 -0.00182262 -0.00184754 -0.00187441 -0.00190349 -0.00193505 -0.00196937 -0.00200673 -0.00204738 -0.00209153 -0.00213937 -0.00219107 -0.00224679 -0.00230672 -0.00237116 -0.00244052 -0.00251547 -0.00259694 -0.00268618 -0.00278479 -0.00289469 -0.00301808 -0.00315735 -0.00331502 -0.00349369 -0.00369599 -0.00392469 -0.00418279 -0.00447372 -0.00480143 -0.00517054 -0.00558617 -0.00605364 -0.00657796 -0.00716315 -0.00781144 -0.00852274 -0.0092941 -0.0101195 -0.0109897 -0.011892 -0.0128097 -0.0137216 -0.0146007 -0.015414 -0.0161223 -0.0166813 -0.0170438 -0.0171622 -0.0169914 -0.0164911 -0.0156282 -0.0143785 -0.0127299 -0.010685 -0.00826401 -0.00550512 -0.00246368 0.000791117 0.00417853 0.00760768 0.0109804 0.0141958 0.0171577 0.0197847 0.0220194 0.0238322 0.0252249 0.0262367 0.0269381 0.0274028 0.0276752 0.0277761 0.027746 0.0276749 
0 0.00538993 0.0105743 0.0153786 0.0196525 0.0232419 0.0259909 0.0277825 0.0285725 0.0283763 0.0272332 0.0251963 0.0223531 0.0188368 0.0148068 0.0104216 0.00582929 0.00117287 -0.00340241 -0.0077503 -0.0117365 -0.0152569 -0.0182472 -0.0206804 -0.0225567 -0.0238932 -0.0247174 -0.0250669 -0.0249909 -0.02455 -0.0238125 -0.0228487 -0.0217244 -0.0204966 -0.0192115 -0.017906 -0.0166095 -0.0153463 -0.0141364 -0.0129961 -0.0119372 -0.0109668 -0.0100867 -0.00929486 -0.00858568 -0.007952 -0.00738611 -0.00688073 -0.0064296 -0.0060274 -0.0056697 -0.00535253 -0.00507208 -0.00482459 -0.00460614 -0.00441284 -0.00424091 -0.00408685 -0.00394763 -0.00382069 -0.00370407 -0.0035963 -0.00349634 -0.00340353 -0.00331738 -0.00323757 -0.00316381 -0.00309582 -0.00303327 -0.00297579 -0.00292299 -0.00287444 -0.0028297 -0.00278835 -0.00275 -0.0027143 -0.00268094 -0.00264968 -0.0026203 -0.00259265 -0.00256659 -0.00254204 -0.00251894 -0.00249723 -0.00247689 -0.00245789 -0.00244021 -0.00242384 -0.00240876 -0.00239497 -0.00238244 -0.00237117 -0.00236113 -0.00235232 -0.00234472 -0.00233831 -0.00233309 -0.00232904 -0.00232615 -0.00232442 -0.00232385 -0.00232442 -0.00232615 -0.00232904 -0.00233309 -0.00233831 -0.00234472 -0.00235232 -0.00236113 -0.00237117 -0.00238244 -0.00239497 -0.00240876 -0.00242384 -0.00244021 -0.00245789 -0.00247689 -0.00249723 -0.00251894 -0.00254204 -0.00256659 -0.00259265 -0.0026203 -0.00264968 -0.00268094 -0.0027143 -0.00275 -0.00278835 -0.0028297 -0.00287444 -0.00292299 -0.00297579 -0.00303327 -0.00309582 -0.00316381 -0.00323757 -0.00331738 -0.00340353 -0.00349634 -0.0035963 -0.00370407 -0.00382069 -0.00394763 -0.00408685 -0.00424091 -0.00441284 -0.00460614 -0.00482459 -0.00507208 -0.00535253 -0.0056697 -0.0060274 -0.0064296 -0.00688073 -0.00738611 -0.007952 -0.00858568 -0.00929486 -0.0100867 -0.0109668 -0.0119372 -0.0129961 -0.0141364 -0.0153463 -0.0166095 -0.017906 -0.0192115 -0.0204966 -0.0217244 -0.0228487 -0.0238125 -0.02455 -0.0249909 -0.0250668 -0.0247172 -0.0238927 -0.0225554 -0.0206769 -0.0182384 -0.0152364 -0.0116918 -0.00765813 -0.00322369 0.00149936 0.00639154 0.0113355 0.0162128 0.020893 0.0252312 0.0290876 0.03237 0.0350616 0.0372027 0.0388432 0.04002 0.0407783 0.0411997 0.0413965 0.0414789 0.0415292 
0 0.00686534 0.0134932 0.0196525 0.0251148 0.0296617 0.0331167 0.0353767 0.0364047 0.0361971 0.0347756 0.0322111 0.0286362 0.0242243 0.0191606 0.0136328 0.00783248 0.00195269 -0.00381897 -0.00930955 -0.0143719 -0.0188914 -0.0227862 -0.0260055 -0.02853 -0.0303691 -0.031557 -0.0321482 -0.0322102 -0.0318164 -0.0310424 -0.0299624 -0.0286476 -0.0271659 -0.0255796 -0.0239442 -0.0223062 -0.0207025 -0.01916 -0.017697 -0.016325 -0.0150502 -0.0138755 -0.0128015 -0.011827 -0.010949 -0.010163 -0.00946301 -0.00884159 -0.00829059 -0.0078017 -0.0073668 -0.00697864 -0.00663096 -0.00631858 -0.00603741 -0.0057841 -0.00555597 -0.00535065 -0.00516594 -0.00499978 -0.00485006 -0.00471478 -0.00459197 -0.00447983 -0.00437676 -0.00428135 -0.0041925 -0.00410928 -0.00403107 -0.00395737 -0.00388786 -0.00382235 -0.00376067 -0.00370275 -0.00364847 -0.00359778 -0.00355055 -0.00350667 -0.003466 -0.00342839 -0.0033937 -0.00336173 -0.00333235 -0.00330537 -0.00328066 -0.00325807 -0.00323748 -0.00321877 -0.00320186 -0.00318663 -0.00317304 -0.00316102 -0.00315051 -0.00314147 -0.00313388 -0.00312769 -0.0031229 -0.00311949 -0.00311745 -0.00311677 -0.00311745 -0.00311949 -0.0031229 -0.00312769 -0.00313388 -0.00314147 -0.00315051 -0.00316102 -0.00317304 -0.00318663 -0.00320186 -0.00321877 -0.00323748 -0.00325807 -0.00328066 -0.00330537 -0.00333235 -0.00336173 -0.0033937 -0.00342839 -0.003466 -0.00350667 -0.00355055 -0.00359778 -0.00364847 -0.00370275 -0.00376067 -0.00382235 -0.00388786 -0.00395737 -0.00403107 -0.00410928 -0.0041925 -0.00428135 -0.00437676 -0.00447983 -0.00459197 -0.00471478 -0.00485006 -0.00499978 -0.00516594 -0.00535065 -0.00555597 -0.0057841 -0.00603741 -0.00631858 -0.00663096 -0.00697864 -0.0073668 -0.0078017 -0.00829059 -0.00884159 -0.00946301 -0.010163 -0.010949 -0.011827 -0.0128015 -0.0138755 -0.0150502 -0.016325 -0.017697 -0.01916 -0.0207025 -0.0223062 -0.0239442 -0.0255796 -0.0271659 -0.0286476 -0.0299624 -0.0310424 -0.0318164 -0.0322101 -0.032148 -0.0315566 -0.0303679 -0.0285269 -0.0259978 -0.022768 -0.0188513 -0.0142883 -0.00914522 -0.00351428 0.00248581 0.00871404 0.0150141 0.0212202 0.0271653 0.0326915 0.0376608 0.0419735 0.0455908 0.0485338 0.0508447 0.0525537 0.0537033 0.0543994 0.0548105 0.0550916 0.0553138 
0 0.0081114 0.0159573 0.0232419 0.0296617 0.0349687 0.0390078 0.0416899 0.0429457 0.0427317 0.041078 0.0381062 0.0339878 0.0289029 0.0230402 0.0166146 0.00986203 0.00301784 -0.00370233 -0.0101152 -0.016072 -0.0214502 -0.0261498 -0.0300996 -0.0332638 -0.0356435 -0.0372736 -0.0382136 -0.0385357 -0.0383169 -0.037636 -0.0365708 -0.0351989 -0.0335971 -0.031838 -0.0299877 -0.0281031 -0.0262299 -0.024403 -0.0226476 -0.020981 -0.0194151 -0.0179573 -0.0166115 -0.0153791 -0.0142585 -0.0132461 -0.012336 -0.0115208 -0.0107922 -0.0101415 -0.00956008 -0.00904022 -0.0085747 -0.0081573 -0.00778258 -0.0074458 -0.00714287 -0.00687004 -0.00662403 -0.00640179 -0.00620055 -0.00601783 -0.00585134 -0.00569912 -0.0055594 -0.00543071 -0.00531177 -0.0052015 -0.00509905 -0.00500365 -0.00491472 -0.00483173 -0.00475426 -0.00468191 -0.00461435 -0.00455131 -0.00449247 -0.00443763 -0.00438653 -0.00433898 -0.00429475 -0.00425371 -0.00421565 -0.00418045 -0.00414796 -0.00411806 -0.00409065 -0.0040656 -0.00404286 -0.00402232 -0.00400393 -0.00398762 -0.00397336 -0.00396107 -0.00395074 -0.00394232 -0.00393581 -0.00393116 -0.00392839 -0.00392746 -0.00392839 -0.00393116 -0.00393581 -0.00394232 -0.00395074 -0.00396107 -0.00397336 -0.00398762 -0.00400393 -0.00402232 -0.00404286 -0.0040656 -0.00409065 -0.00411806 -0.00414796 -0.00418045 -0.00421565 -0.00425371 -0.00429475 -0.00433898 -0.00438653 -0.00443763 -0.00449247 -0.00455131 -0.00461435 -0.00468191 -0.00475426 -0.00483173 -0.00491472 -0.00500365 -0.00509905 -0.0052015 -0.00531177 -0.00543071 -0.0055594 -0.00569912 -0.00585134 -0.00601783 -0.00620055 -0.00640179 -0.00662403 -0.00687004 -0.00714287 -0.0074458 -0.00778258 -0.0081573 -0.0085747 -0.00904022 -0.00956008 -0.0101415 -0.0107922 -0.0115208 -0.012336 -0.0132461 -0.0142585 -0.0153791 -0.0166115 -0.0179573 -0.0194151 -0.020981 -0.0226476 -0.024403 -0.0262299 -0.0281031 -0.0299877 -0.031838 -0.0335971 -0.0351989 -0.0365708 -0.037636 -0.0383169 -0.0385356 -0.0382133 -0.0372726 -0.0356409 -0.0332572 -0.0300838 -0.0261145 -0.0213758 -0.0159241 -0.00983761 -0.00321043 0.00384184 0.0111703 0.0185918 0.0259017 0.0329014 0.0394308 0.0453829 0.0506802 0.0552522 0.0590482 0.0620688 0.0643685 0.0660374 0.0671955 0.0679862 0.0685406 0.0689338 
0 0.00909522 0.0178738 0.0259909 0.0331167 0.0390078 0.043515 0.0465276 0.0479498 0.0477448 0.0459722 0.0427641 0.0382837 0.0327218 0.0263071 0.019289 0.0119128 0.00441098 -0.00299896 -0.010122 -0.0167878 -0.0228529 -0.0282103 -0.032792 -0.0365638 -0.0395201 -0.0416808 -0.0430855 -0.0437916 -0.0438726 -0.0434124 -0.0424986 -0.0412186 -0.0396534 -0.0378757 -0.0359509 -0.0339367 -0.0318842 -0.0298386 -0.0278376 -0.0259116 -0.0240833 -0.0223665 -0.0207687 -0.0192918 -0.0179335 -0.0166899 -0.0155556 -0.014525 -0.0135925 -0.0127521 -0.0119978 -0.0113227 -0.0107198 -0.0101817 -0.00970081 -0.00927012 -0.00888287 -0.00853313 -0.00821596 -0.00792706 -0.00766322 -0.00742169 -0.00720039 -0.0069976 -0.00681178 -0.00664166 -0.00648588 -0.00634329 -0.00621264 -0.00609277 -0.00598259 -0.005881 -0.00578712 -0.00570001 -0.00561901 -0.00554343 -0.00547279 -0.00540662 -0.00534461 -0.00528647 -0.00523196 -0.00518097 -0.0051333 -0.00508889 -0.00504759 -0.00500939 -0.00497414 -0.00494184 -0.00491237 -0.00488572 -0.00486178 -0.00484055 -0.00482193 -0.0048059 -0.00479241 -0.00478143 -0.00477291 -0.00476685 -0.00476322 -0.00476201 -0.00476322 -0.00476685 -0.00477291 -0.00478143 -0.00479241 -0.0048059 -0.00482193 -0.00484055 -0.00486178 -0.00488572 -0.00491237 -0.00494184 -0.00497414 -0.00500939 -0.00504759 -0.00508889 -0.0051333 -0.00518097 -0.00523196 -0.00528647 -0.00534461 -0.00540662 -0.00547279 -0.00554343 -0.00561901 -0.00570001 -0.00578712 -0.005881 -0.00598259 -0.00609277 -0.00621264 -0.00634329 -0.00648588 -0.00664166 -0.00681178 -0.0069976 -0.00720039 -0.00742169 -0.00766322 -0.00792706 -0.00821596 -0.00853313 -0.00888287 -0.00927012 -0.00970081 -0.0101817 -0.0107198 -0.0113227 -0.0119978 -0.0127521 -0.0135925 -0.014525 -0.0155556 -0.0166899 -0.0179335 -0.0192918 -0.0207687 -0.0223665 -0.0240833 -0.0259116 -0.0278376 -0.0298386 -0.0318842 -0.0339367 -0.0359509 -0.0378757 -0.0396534 -0.0412186 -0.0424986 -0.0434124 -0.0438725 -0.0437913 -0.0430847 -0.0416786 -0.0395145 -0.0365503 -0.0327614 -0.028145 -0.0227215 -0.0165381 -0.0096743 -0.00223996 0.00563035 0.0137764 0.022015 0.0301532 0.0380038 0.0454036 0.0522361 0.0584262 0.0638983 0.0685627 0.0723715 0.075378 0.0777117 0.0794967 0.0808113 0.0817181 0.0823 
0 0.00976562 0.0191455 0.0277825 0.0353767 0.0416899 0.0465276 0.0497415 0.0512629 0.0511104 0.0493494 0.0460672 0.0414075 0.0355994 0.0289158 0.0216139 0.0139234 0.00606329 -0.00175437 -0.0093281 -0.0164729 -0.0230384 -0.0289204 -0.0340507 -0.038388 -0.0419154 -0.0446357 -0.0465712 -0.0477672 -0.0482881 -0.0482095 -0.0476144 -0.0465861 -0.045203 -0.0435396 -0.0416648 -0.0396414 -0.0375277 -0.0353752 -0.0332276 -0.031122 -0.0290867 -0.0271425 -0.0253043 -0.0235807 -0.0219766 -0.0204933 -0.019129 -0.0178806 -0.016743 -0.0157099 -0.0147747 -0.0139298 -0.0131677 -0.012481 -0.0118625 -0.0113056 -0.0108037 -0.0103512 -0.00994268 -0.00957337 -0.00923897 -0.00893541 -0.00865937 -0.00840758 -0.00817741 -0.00796642 -0.00777249 -0.00759393 -0.00742904 -0.00727668 -0.00713553 -0.00700474 -0.00688339 -0.00677076 -0.00666621 -0.00656909 -0.00647897 -0.00639525 -0.00631764 -0.00624559 -0.00617889 -0.00611709 -0.00605999 -0.00600727 -0.0059587 -0.00591409 -0.00587322 -0.00583596 -0.00580211 -0.00577161 -0.00574427 -0.0057201 -0.00569888 -0.00568069 -0.00566533 -0.00565288 -0.00564318 -0.00563632 -0.00563217 -0.00563083 -0.00563217 -0.00563632 -0.00564318 -0.00565288 -0.00566533 -0.00568069 -0.00569888 -0.0057201 -0.00574427 -0.00577161 -0.00580211 -0.00583596 -0.00587322 -0.00591409 -0.0059587 -0.00600727 -0.00605999 -0.00611709 -0.00617889 -0.00624559 -0.00631764 -0.00639525 -0.00647897 -0.00656909 -0.00666621 -0.00677076 -0.00688339 -0.00700474 -0.00713553 -0.00727668 -0.00742904 -0.00759393 -0.00777249 -0.00796642 -0.00817741 -0.00840758 -0.00865937 -0.00893541 -0.00923897 -0.00957337 -0.00994268 -0.0103512 -0.0108037 -0.0113056 -0.0118625 -0.012481 -0.0131677 -0.0139298 -0.0147747 -0.0157099 -0.016743 -0.0178806 -0.019129 -0.0204933 -0.0219766 -0.0235807 -0.0253043 -0.0271425 -0.0290867 -0.031122 -0.0332276 -0.0353752 -0.0375277 -0.0396414 -0.0416648 -0.0435396 -0.045203 -0.0465861 -0.0476144 -0.0482094 -0.0482879 -0.0477665 -0.0465694 -0.044631 -0.0419039 -0.0383618 -0.0339941 -0.028805 -0.0228165 -0.0160699 -0.00863633 -0.000629709 0.00780151 0.0164915 0.0252688 0.0339714 0.0424553 0.0505794 0.058198 0.0651884 0.0714685 0.0769747 0.0816589 0.0855328 0.0886818 0.0911984 0.093121 0.0944699 0.0953206 
0 0.0100662 0.0197044 0.0285725 0.0364047 0.0429457 0.0479498 0.0512629 0.0528651 0.0528051 0.0511278 0.0479029 0.043291 0.037529 0.0308659 0.0235426 0.0158005 0.00786733 -5.58472e-05 -0.00778623 -0.0151601 -0.0220431 -0.0283244 -0.0339126 -0.0387474 -0.0428006 -0.0460676 -0.0485674 -0.0503366 -0.0514189 -0.0518674 -0.0517443 -0.0511172 -0.0500602 -0.0486511 -0.046964 -0.0450687 -0.0430272 -0.0408917 -0.038708 -0.036515 -0.0343455 -0.0322293 -0.0301902 -0.0282474 -0.0264156 -0.0247026 -0.0231124 -0.0216444 -0.0202944 -0.0190571 -0.0179254 -0.0168923 -0.0159512 -0.0150951 -0.0143184 -0.013615 -0.0129792 -0.0124054 -0.0118877 -0.0114209 -0.0109994 -0.0106182 -0.0102725 -0.00995777 -0.00967062 -0.00940738 -0.00916558 -0.00894266 -0.00873682 -0.00854645 -0.00837011 -0.00820686 -0.00805548 -0.00791539 -0.00778553 -0.00766542 -0.00755423 -0.00745144 -0.00735645 -0.00726865 -0.00718769 -0.00711292 -0.00704414 -0.00698073 -0.0069226 -0.00686921 -0.00682052 -0.0067761 -0.00673593 -0.00669966 -0.0066673 -0.00663859 -0.00661353 -0.00659195 -0.00657382 -0.00655906 -0.00654763 -0.00653949 -0.00653461 -0.00653299 -0.00653461 -0.00653949 -0.00654763 -0.00655906 -0.00657382 -0.00659195 -0.00661353 -0.00663859 -0.0066673 -0.00669966 -0.00673593 -0.0067761 -0.00682052 -0.00686921 -0.0069226 -0.00698073 -0.00704414 -0.00711292 -0.00718769 -0.00726865 -0.00735645 -0.00745144 -0.00755423 -0.00766542 -0.00778553 -0.00791539 -0.00805548 -0.00820686 -0.00837011 -0.00854645 -0.00873682 -0.00894266 -0.00916558 -0.00940738 -0.00967062 -0.00995777 -0.0102725 -0.0106182 -0.0109994 -0.0114209 -0.0118877 -0.0124054 -0.0129792 -0.013615 -0.0143184 -0.0150951 -0.0159512 -0.0168923 -0.0179254 -0.0190571 -0.0202944 -0.0216444 -0.0231124 -0.0247026 -0.0264156 -0.0282474 -0.0301902 -0.0322293 -0.0343455 -0.036515 -0.038708 -0.0408917 -0.0430272 -0.0450687 -0.046964 -0.0486511 -0.0500602 -0.0511172 -0.0517443 -0.0518672 -0.0514184 -0.0503351 -0.0485635 -0.046058 -0.0427784 -0.0386989 -0.0338124 -0.0281293 -0.0216841 -0.0145359 -0.00675864 0.00155112 0.0102667 0.0192458 0.028342 0.0374099 0.0463229 0.0549733 0.0632326 0.0709445 0.0779873 0.0843164 0.0899218 0.094779 0.0988642 0.102184 0.104766 0.106645 0.107872 
0 0.00997388 0.0195428 0.0283763 0.0361971 0.0427317 0.0477448 0.0511104 0.0528051 0.0528476 0.0512932 0.0482677 0.0439437 0.0384927 0.0321032 0.0250176 0.0174968 0.00976292 0.00199779 -0.00564084 -0.013021 -0.0200228 -0.0265258 -0.0324299 -0.0376691 -0.042201 -0.0460076 -0.0490945 -0.0514757 -0.053174 -0.0542274 -0.0546813 -0.0545895 -0.054017 -0.0530291 -0.0516919 -0.050072 -0.0482297 -0.046222 -0.0441026 -0.0419172 -0.039708 -0.037511 -0.0353547 -0.0332639 -0.0312566 -0.029346 -0.0275425 -0.025851 -0.024275 -0.0228149 -0.0214681 -0.0202317 -0.0190998 -0.0180666 -0.0171252 -0.0162681 -0.0154887 -0.0147797 -0.0141349 -0.0135485 -0.0130148 -0.0125295 -0.0120876 -0.0116856 -0.0113194 -0.0109858 -0.0106817 -0.0104039 -0.0101502 -0.00991765 -0.00970442 -0.00950823 -0.00932747 -0.00916061 -0.00900612 -0.00886315 -0.00873031 -0.00860719 -0.00849262 -0.00838641 -0.00828765 -0.00819618 -0.00811142 -0.0080331 -0.00796091 -0.0078945 -0.00783377 -0.00777827 -0.00772809 -0.0076827 -0.00764231 -0.00760638 -0.00757517 -0.00754817 -0.00752568 -0.0075072 -0.00749309 -0.00748287 -0.00747691 -0.0074748 -0.00747691 -0.00748287 -0.00749309 -0.0075072 -0.00752568 -0.00754817 -0.00757517 -0.00760638 -0.00764231 -0.0076827 -0.00772809 -0.00777827 -0.00783377 -0.0078945 -0.00796091 -0.0080331 -0.00811142 -0.00819618 -0.00828765 -0.00838641 -0.00849262 -0.00860719 -0.00873031 -0.00886315 -0.00900612 -0.00916061 -0.00932747 -0.00950823 -0.00970442 -0.00991765 -0.0101502 -0.0104039 -0.0106817 -0.0109858 -0.0113194 -0.0116856 -0.0120876 -0.0125295 -0.0130148 -0.0135485 -0.0141349 -0.0147797 -0.0154887 -0.0162681 -0.0171252 -0.0180666 -0.0190998 -0.0202317 -0.0214681 -0.0228149 -0.024275 -0.025851 -0.0275425 -0.029346 -0.0312566 -0.0332639 -0.0353547 -0.037511 -0.039708 -0.0419172 -0.0441026 -0.046222 -0.0482297 -0.050072 -0.0516919 -0.0530291 -0.054017 -0.0545895 -0.0546811 -0.054227 -0.0531728 -0.0514725 -0.0490866 -0.0459891 -0.0421599 -0.0375832 -0.0322603 -0.0262095 -0.0194653 -0.012091 -0.00416822 0.00422161 0.012987 0.0220225 0.0312237 0.0404794 0.0496634 0.0586642 0.0673892 0.0757193 0.0835143 0.0906885 0.0972229 0.103076 0.108142 0.112329 0.115637 0.118117 0.119786 
0 0.0095199 0.0187087 0.0272332 0.0347756 0.041078 0.0459722 0.0493494 0.0511278 0.0512932 0.0499529 0.0472782 0.0434041 0.038442 0.0325664 0.0260079 0.0189822 0.0116782 0.00427482 -0.00307857 -0.0102647 -0.0171695 -0.0236905 -0.029752 -0.0352854 -0.040227 -0.0445368 -0.0481902 -0.051175 -0.053505 -0.0552071 -0.0563115 -0.0568602 -0.0568968 -0.0564651 -0.0556188 -0.0544139 -0.0529077 -0.051163 -0.0492365 -0.0471808 -0.0450448 -0.0428665 -0.0406801 -0.0385149 -0.0363928 -0.0343354 -0.0323589 -0.0304757 -0.0286971 -0.0270278 -0.0254716 -0.0240284 -0.0226948 -0.0214676 -0.0203399 -0.019306 -0.0183595 -0.017493 -0.0167016 -0.0159781 -0.015318 -0.0147157 -0.0141663 -0.013666 -0.0132094 -0.0127935 -0.0124139 -0.0120674 -0.0117508 -0.0114608 -0.0111952 -0.010951 -0.0107269 -0.0105201 -0.0103296 -0.0101536 -0.00999101 -0.00984069 -0.00970154 -0.00957306 -0.00945399 -0.00934434 -0.0092428 -0.00914963 -0.00906362 -0.00898511 -0.00891305 -0.00884773 -0.00878836 -0.0087351 -0.00868741 -0.00864532 -0.00860851 -0.00857692 -0.0085504 -0.00852881 -0.00851216 -0.00850024 -0.00849318 -0.00849077 -0.00849318 -0.00850024 -0.00851216 -0.00852881 -0.0085504 -0.00857692 -0.00860851 -0.00864532 -0.00868741 -0.0087351 -0.00878836 -0.00884773 -0.00891305 -0.00898511 -0.00906362 -0.00914963 -0.0092428 -0.00934434 -0.00945399 -0.00957306 -0.00970154 -0.00984069 -0.00999101 -0.0101536 -0.0103296 -0.0105201 -0.0107269 -0.010951 -0.0111952 -0.0114608 -0.0117508 -0.0120674 -0.0124139 -0.0127935 -0.0132094 -0.013666 -0.0141663 -0.0147157 -0.015318 -0.0159781 -0.0167016 -0.017493 -0.0183595 -0.019306 -0.0203399 -0.0214676 -0.0226948 -0.0240284 -0.0254716 -0.0270278 -0.0286971 -0.0304757 -0.0323589 -0.0343354 -0.0363928 -0.0385149 -0.0406801 -0.0428665 -0.0450448 -0.0471808 -0.0492365 -0.051163 -0.0529077 -0.0544139 -0.0556188 -0.0564651 -0.0568968 -0.0568601 -0.0563112 -0.0552062 -0.0535025 -0.0511685 -0.0481749 -0.0445025 -0.0401542 -0.0351396 -0.0294763 -0.0231978 -0.0163361 -0.0089274 -0.00103447 0.00726965 0.0159176 0.0248326 0.0339409 0.0431875 0.0524947 0.0617408 0.0708168 0.0796488 0.0881427 0.0961718 0.103629 0.110425 0.116437 0.12153 0.12564 0.128762 0.130869 
0 0.00876776 0.0172745 0.0251963 0.0322111 0.0381062 0.0427641 0.0460672 0.0479029 0.0482677 0.0472782 0.0450641 0.0417273 0.0374052 0.0322718 0.0264754 0.0201528 0.0134802 0.00663526 -0.000248773 -0.00705743 -0.0136885 -0.0200736 -0.0261475 -0.0318283 -0.0370485 -0.0417566 -0.0459032 -0.0494637 -0.0524345 -0.0548119 -0.0566074 -0.0578453 -0.0585479 -0.0587519 -0.0585022 -0.0578413 -0.0568218 -0.0554963 -0.0539125 -0.0521242 -0.0501789 -0.0481206 -0.0459946 -0.043836 -0.0416782 -0.0395502 -0.0374712 -0.035461 -0.0335317 -0.0316917 -0.02995 -0.0283082 -0.0267703 -0.0253366 -0.0240049 -0.0227749 -0.0216408 -0.0205995 -0.0196449 -0.0187706 -0.0179718 -0.0172404 -0.0165722 -0.0159601 -0.0153997 -0.0148863 -0.0144148 -0.0139829 -0.0135856 -0.0132214 -0.0128864 -0.0125789 -0.0122965 -0.0120368 -0.0117988 -0.0115795 -0.0113787 -0.0111936 -0.0110242 -0.0108679 -0.0107248 -0.0105931 -0.0104723 -0.0103616 -0.0102601 -0.0101676 -0.010083 -0.0100065 -0.00993689 -0.00987486 -0.00981891 -0.00977006 -0.00972681 -0.00969026 -0.00965899 -0.00963414 -0.00961436 -0.0096008 -0.00959221 -0.00958974 -0.00959221 -0.0096008 -0.00961436 -0.00963414 -0.00965899 -0.00969026 -0.00972681 -0.00977006 -0.00981891 -0.00987486 -0.00993689 -0.0100065 -0.010083 -0.0101676 -0.0102601 -0.0103616 -0.0104723 -0.0105931 -0.0107248 -0.0108679 -0.0110242 -0.0111936 -0.0113787 -0.0115795 -0.0117988 -0.0120368 -0.0122965 -0.0125789 -0.0128864 -0.0132214 -0.0135856 -0.0139829 -0.0144148 -0.0148863 -0.0153997 -0.0159601 -0.0165722 -0.0172404 -0.0179718 -0.0187706 -0.0196449 -0.0205995 -0.0216408 -0.0227749 -0.0240049 -0.0253366 -0.0267703 -0.0283082 -0.02995 -0.0316917 -0.0335317 -0.035461 -0.0374712 -0.0395502 -0.0416782 -0.043836 -0.0459946 -0.0481206 -0.0501789 -0.0521242 -0.0539125 -0.0554963 -0.0568218 -0.0578413 -0.0585022 -0.0587519 -0.0585478 -0.057845 -0.0566066 -0.0548098 -0.0524294 -0.0494512 -0.0458748 -0.0416956 -0.0369247 -0.0315908 -0.0257168 -0.0193343 -0.0124856 -0.00519471 0.00251158 0.0105794 0.0189618 0.0276243 0.03652 0.0456154 0.054895 0.0642892 0.0736671 0.0829305 0.092024 0.100835 0.109171 0.116851 0.123745 0.12973 0.134665 0.138428 0.14093 
0 0.00777115 0.0153129 0.0223531 0.0286362 0.0339878 0.0382837 0.0414075 0.043291 0.0439437 0.0434041 0.0417273 0.0390406 0.0355156 0.031263 0.0263465 0.0208862 0.0150438 0.00894448 0.00269663 -0.00358473 -0.00981912 -0.015945 -0.0218771 -0.0275415 -0.03289 -0.0378613 -0.0423993 -0.0464707 -0.0500334 -0.0530559 -0.0555356 -0.0574709 -0.0588735 -0.0597752 -0.0602006 -0.0601817 -0.0597607 -0.0589708 -0.0578567 -0.0564676 -0.0548456 -0.0530432 -0.0511059 -0.0490731 -0.0469874 -0.0448777 -0.0427727 -0.0406977 -0.0386677 -0.0367023 -0.0348119 -0.0330055 -0.031293 -0.0296754 -0.028158 -0.0267398 -0.025419 -0.024195 -0.023061 -0.0220155 -0.0210515 -0.0201643 -0.0193497 -0.0186003 -0.0179138 -0.0172826 -0.0167044 -0.0161736 -0.0156864 -0.0152399 -0.014829 -0.0144528 -0.0141059 -0.0137882 -0.0134951 -0.013226 -0.0129782 -0.0127499 -0.0125404 -0.0123468 -0.0121696 -0.0120058 -0.0118564 -0.0117184 -0.0115931 -0.0114778 -0.0113736 -0.0112785 -0.0111931 -0.0111161 -0.0110478 -0.0109874 -0.0109348 -0.0108898 -0.0108518 -0.0108213 -0.0107974 -0.0107807 -0.0107704 -0.0107673 -0.0107704 -0.0107807 -0.0107974 -0.0108213 -0.0108518 -0.0108898 -0.0109348 -0.0109874 -0.0110478 -0.0111161 -0.0111931 -0.0112785 -0.0113736 -0.0114778 -0.0115931 -0.0117184 -0.0118564 -0.0120058 -0.0121696 -0.0123468 -0.0125404 -0.0127499 -0.0129782 -0.013226 -0.0134951 -0.0137882 -0.0141059 -0.0144528 -0.014829 -0.0152399 -0.0156864 -0.0161736 -0.0167044 -0.0172826 -0.0179138 -0.0186003 -0.0193497 -0.0201643 -0.0210515 -0.0220155 -0.023061 -0.024195 -0.025419 -0.0267398 -0.028158 -0.0296754 -0.031293 -0.0330055 -0.0348119 -0.0367023 -0.0386677 -0.0406977 -0.0427727 -0.0448777 -0.0469874 -0.0490731 -0.0511059 -0.0530432 -0.0548456 -0.0564676 -0.0578567 -0.0589708 -0.0597607 -0.0601817 -0.0602006 -0.0597752 -0.0588733 -0.0574704 -0.055534 -0.0530518 -0.0500234 -0.0464476 -0.042349 -0.0377575 -0.0326878 -0.0271691 -0.0212282 -0.0148736 -0.00813702 -0.00106118 0.00633966 0.0140479 0.0220405 0.0303348 0.0389502 0.0478581 0.0570309 0.0664564 0.0760611 0.0857181 0.0953279 0.104785 0.113889 0.12239 0.130108 0.136909 0.142598 0.146945 0.149803 
0 0.0065571 0.0128969 0.0188368 0.0242243 0.0289029 0.0327218 0.0355994 0.037529 0.0384927 0.038442 0.0374052 0.0355156 0.0328849 0.0295558 0.0256038 0.0211486 0.01627 0.0110341 0.0055531 -7.49987e-05 -0.00579072 -0.0115115 -0.0171558 -0.0226826 -0.0280338 -0.033133 -0.0379332 -0.0423799 -0.0464098 -0.0499956 -0.0531119 -0.0557301 -0.0578534 -0.059483 -0.0606205 -0.0612957 -0.0615314 -0.0613563 -0.0608173 -0.0599474 -0.0587884 -0.0573877 -0.0557781 -0.0540056 -0.0521094 -0.0501217 -0.0480848 -0.0460245 -0.0439698 -0.0419469 -0.0399686 -0.0380552 -0.0362138 -0.034452 -0.0327783 -0.0311903 -0.0296952 -0.0282895 -0.0269736 -0.0257479 -0.024606 -0.0235499 -0.0225715 -0.0216697 -0.0208392 -0.0200741 -0.0193725 -0.0187257 -0.0181334 -0.0175875 -0.0170865 -0.0166254 -0.0162006 -0.0158104 -0.0154494 -0.0151186 -0.0148118 -0.014531 -0.0142706 -0.0140321 -0.0138119 -0.0136099 -0.0134245 -0.0132542 -0.0130992 -0.0129568 -0.0128286 -0.012711 -0.0126066 -0.0125114 -0.0124284 -0.0123536 -0.0122902 -0.0122342 -0.0121889 -0.0121506 -0.0121225 -0.0121011 -0.0120896 -0.0120848 -0.0120896 -0.0121011 -0.0121225 -0.0121506 -0.0121889 -0.0122342 -0.0122902 -0.0123536 -0.0124284 -0.0125114 -0.0126066 -0.012711 -0.0128286 -0.0129568 -0.0130992 -0.0132542 -0.0134245 -0.0136099 -0.0138119 -0.0140321 -0.0142706 -0.014531 -0.0148118 -0.0151186 -0.0154494 -0.0158104 -0.0162006 -0.0166254 -0.0170865 -0.0175875 -0.0181334 -0.0187257 -0.0193725 -0.0200741 -0.0208392 -0.0216697 -0.0225715 -0.0235499 -0.024606 -0.0257479 -0.0269736 -0.0282895 -0.0296952 -0.0311903 -0.0327783 -0.034452 -0.0362138 -0.0380552 -0.0399686 -0.0419469 -0.0439698 -0.0460245 -0.0480848 -0.0501217 -0.0521094 -0.0540056 -0.0557781 -0.0573877 -0.0587884 -0.0599474 -0.0608173 -0.0613563 -0.0615314 -0.0612957 -0.0606205 -0.0594828 -0.057853 -0.0557288 -0.0531086 -0.0499876 -0.0463912 -0.0423388 -0.0378472 -0.0329629 -0.0277155 -0.0221194 -0.0162113 -0.0100069 -0.00350343 0.00326435 0.0102729 0.0175477 0.0251094 0.0329906 0.0412673 0.0499675 0.0590338 0.068429 0.0781508 0.0881217 0.0981805 0.10816 0.117877 0.127091 0.135555 0.143051 0.149341 0.154167 0.157342 
0 0.005145 0.0101117 0.0148068 0.0191606 0.0230402 0.0263071 0.0289158 0.0308659 0.0321032 0.0325664 0.0322718 0.031263 0.0295558 0.0272074 0.0243197 0.0209324 0.0170488 0.012749 0.00813776 0.00326525 -0.00180443 -0.0069858 -0.0122413 -0.0175238 -0.0227401 -0.0278297 -0.0327452 -0.0374092 -0.041777 -0.0458176 -0.0494697 -0.0527021 -0.0554968 -0.0578188 -0.0596716 -0.0610665 -0.0620044 -0.0625193 -0.0626361 -0.0623754 -0.0617829 -0.060885 -0.0597181 -0.0583299 -0.0567481 -0.0550187 -0.0531788 -0.0512554 -0.0492898 -0.0473009 -0.0453155 -0.0433572 -0.0414349 -0.0395717 -0.0377716 -0.0360452 -0.0344014 -0.0328375 -0.0313637 -0.0299734 -0.02867 -0.0274515 -0.0263119 -0.0252543 -0.0242678 -0.0233556 -0.0225088 -0.0217257 -0.0210031 -0.0203338 -0.0197194 -0.0191499 -0.0186283 -0.0181455 -0.0177029 -0.0172948 -0.0169193 -0.016575 -0.0162567 -0.0159666 -0.0156975 -0.0154534 -0.0152267 -0.015022 -0.0148324 -0.0146616 -0.0145046 -0.0143638 -0.0142358 -0.0141217 -0.0140199 -0.01393 -0.0138522 -0.0137848 -0.0137292 -0.0136831 -0.0136485 -0.0136228 -0.0136086 -0.0136029 -0.0136086 -0.0136228 -0.0136485 -0.0136831 -0.0137292 -0.0137848 -0.0138522 -0.01393 -0.0140199 -0.0141217 -0.0142358 -0.0143638 -0.0145046 -0.0146616 -0.0148324 -0.015022 -0.0152267 -0.0154534 -0.0156975 -0.0159666 -0.0162567 -0.016575 -0.0169193 -0.0172948 -0.0177029 -0.0181455 -0.0186283 -0.0191499 -0.0197194 -0.0203338 -0.0210031 -0.0217257 -0.0225088 -0.0233556 -0.0242678 -0.0252543 -0.0263119 -0.0274515 -0.02867 -0.0299734 -0.0313637 -0.0328375 -0.0344014 -0.0360452 -0.0377716 -0.0395717 -0.0414349 -0.0433572 -0.0453155 -0.0473009 -0.0492898 -0.0512554 -0.0531788 -0.0550187 -0.0567481 -0.0583299 -0.0597181 -0.060885 -0.0617829 -0.0623754 -0.0626361 -0.0625193 -0.0620044 -0.0610665 -0.0596715 -0.0578185 -0.0554959 -0.0526997 -0.0494635 -0.0458028 -0.0417439 -0.0373388 -0.0326038 -0.0275609 -0.0222566 -0.0167001 -0.0109088 -0.00493137 0.00123195 0.0075996 0.0141641 0.0209724 0.0281157 0.0356383 0.0435828 0.0520225 0.0609599 0.0703298 0.0801113 0.0902798 0.100681 0.111077 0.121264 0.131031 0.140091 0.148119 0.154834 0.160002 0.163426 
0 0.00357395 0.00705875 0.0104216 0.0136328 0.0166146 0.019289 0.0216139 0.0235426 0.0250176 0.0260079 0.0264754 0.0263465 0.0256038 0.0243197 0.0225255 0.0201831 0.0173218 0.0140272 0.0103304 0.00626865 0.00193328 -0.00263091 -0.00740128 -0.0122899 -0.0172277 -0.0221835 -0.0270746 -0.0318291 -0.0364157 -0.0407602 -0.0448031 -0.0485257 -0.0518745 -0.0548183 -0.0573571 -0.0594578 -0.0611196 -0.0623586 -0.0631665 -0.0635759 -0.0636151 -0.0633004 -0.0626831 -0.0617881 -0.0606475 -0.0593088 -0.0577897 -0.0561334 -0.0543712 -0.0525243 -0.0506353 -0.0487177 -0.0468009 -0.0449076 -0.0430449 -0.0412392 -0.0394892 -0.0378092 -0.0362044 -0.0346719 -0.0332239 -0.0318494 -0.0305576 -0.029342 -0.0282011 -0.0271374 -0.02614 -0.0252163 -0.0243529 -0.0235552 -0.0228141 -0.0221281 -0.0214957 -0.0209083 -0.0203703 -0.0198694 -0.0194124 -0.0189871 -0.018599 -0.0182394 -0.0179103 -0.0176078 -0.0173295 -0.0170764 -0.0168426 -0.0166326 -0.016438 -0.0162658 -0.0161064 -0.0159678 -0.0158403 -0.015732 -0.0156338 -0.0155536 -0.0154826 -0.0154286 -0.0153836 -0.0153547 -0.0153345 -0.0153302 -0.0153345 -0.0153547 -0.0153836 -0.0154286 -0.0154826 -0.0155536 -0.0156338 -0.015732 -0.0158403 -0.0159678 -0.0161064 -0.0162658 -0.016438 -0.0166326 -0.0168426 -0.0170764 -0.0173295 -0.0176078 -0.0179103 -0.0182394 -0.018599 -0.0189871 -0.0194124 -0.0198694 -0.0203703 -0.0209083 -0.0214957 -0.0221281 -0.0228141 -0.0235552 -0.0243529 -0.0252163 -0.02614 -0.0271374 -0.0282011 -0.029342 -0.0305576 -0.0318494 -0.0332239 -0.0346719 -0.0362044 -0.0378092 -0.0394892 -0.0412392 -0.0430449 -0.0449076 -0.0468009 -0.0487177 -0.0506353 -0.0525243 -0.0543712 -0.0561334 -0.0577897 -0.0593088 -0.0606475 -0.0617881 -0.0626831 -0.0633004 -0.0636151 -0.0635759 -0.0631665 -0.0623586 -0.0611195 -0.0594577 -0.0573569 -0.0548176 -0.0518726 -0.0485209 -0.0447915 -0.0407339 -0.0363589 -0.0317131 -0.0268504 -0.0217734 -0.0165172 -0.0111221 -0.00557355 0.00010648 0.00588395 0.011808 0.0179364 0.0243136 0.0310548 0.0382654 0.0459527 0.0541382 0.0628943 0.0722252 0.0820647 0.0923474 0.102947 0.113631 0.124152 0.13428 0.143713 0.152073 0.159042 0.164408 0.167973 
0 0.00191058 0.00385179 0.00582929 0.00783248 0.00986203 0.0119128 0.0139234 0.0158005 0.0174968 0.0189822 0.0201528 0.0208862 0.0211486 0.0209324 0.0201831 0.0188913 0.0171069 0.014823 0.0120287 0.00881232 0.00524773 0.00134593 -0.00282559 -0.00719556 -0.0117589 -0.016453 -0.0211788 -0.0259012 -0.0305506 -0.0350373 -0.039342 -0.0434149 -0.0471902 -0.0506612 -0.0537818 -0.0565089 -0.0588518 -0.0607799 -0.0622901 -0.0634113 -0.0641318 -0.0644842 -0.0644984 -0.06418 -0.0635812 -0.062721 -0.0616275 -0.060351 -0.0589024 -0.0573283 -0.0556557 -0.0539015 -0.0521095 -0.0502834 -0.0484555 -0.0466418 -0.0448486 -0.043105 -0.0414035 -0.039767 -0.038195 -0.03669 -0.0352649 -0.0339061 -0.0326302 -0.0314222 -0.0302898 -0.0292282 -0.0282308 -0.0273045 -0.0264327 -0.0256277 -0.0248717 -0.0241739 -0.023523 -0.02292 -0.0223629 -0.021844 -0.0213695 -0.0209256 -0.0205231 -0.0201461 -0.0198064 -0.0194892 -0.0192043 -0.0189402 -0.0187035 -0.018487 -0.0182932 -0.0181194 -0.0179643 -0.017829 -0.0177094 -0.0176095 -0.017523 -0.017456 -0.0174009 -0.0173653 -0.0173405 -0.0173352 -0.0173405 -0.0173653 -0.0174009 -0.017456 -0.017523 -0.0176095 -0.0177094 -0.017829 -0.0179643 -0.0181194 -0.0182932 -0.018487 -0.0187035 -0.0189402 -0.0192043 -0.0194892 -0.0198064 -0.0201461 -0.0205231 -0.0209256 -0.0213695 -0.021844 -0.0223629 -0.02292 -0.023523 -0.0241739 -0.0248717 -0.0256277 -0.0264327 -0.0273045 -0.0282308 -0.0292282 -0.0302898 -0.0314222 -0.0326302 -0.0339061 -0.0352649 -0.03669 -0.038195 -0.039767 -0.0414035 -0.043105 -0.0448486 -0.0466418 -0.0484555 -0.0502834 -0.0521095 -0.0539015 -0.0556557 -0.0573283 -0.0589024 -0.060351 -0.0616275 -0.062721 -0.0635812 -0.06418 -0.0644984 -0.0644842 -0.0641318 -0.0634113 -0.0622901 -0.0607799 -0.0588518 -0.0565087 -0.0537813 -0.0506598 -0.0471866 -0.043406 -0.0393214 -0.034992 -0.0304566 -0.0257164 -0.0208351 -0.0158473 -0.0107465 -0.00558581 -0.000380043 0.00491828 0.0103045 0.0158048 0.0215364 0.027578 0.0339888 0.0408905 0.0483529 0.0563621 0.0649599 0.0742172 0.0840864 0.0944292 0.105101 0.115912 0.126602 0.136882 0.146434 0.154899 0.161958 0.167376 0.170951 
0 0.000234354 0.000608158 0.00117287 0.00195269 0.00301784 0.00441098 0.00606329 0.00786733 0.00976292 0.0116782 0.0134802 0.0150438 0.01627 0.0170488 0.0173218 0.0171069 0.0163724 0.015049 0.0131769 0.010837 0.00804054 0.00484145 0.00133203 -0.00248568 -0.00658756 -0.0108715 -0.0153039 -0.0198478 -0.0243947 -0.0289064 -0.0333474 -0.0376191 -0.0416966 -0.0455493 -0.0491005 -0.0523515 -0.0552756 -0.0578238 -0.0600177 -0.0618288 -0.0632444 -0.0643001 -0.0649755 -0.0653029 -0.0653167 -0.0650153 -0.0644579 -0.0636578 -0.0626404 -0.0614566 -0.0601057 -0.0586378 -0.0570707 -0.0554197 -0.0537303 -0.0519972 -0.0502615 -0.0485303 -0.0468144 -0.0451427 -0.043502 -0.0419242 -0.0403974 -0.0389344 -0.0375411 -0.0362063 -0.0349507 -0.0337513 -0.0326289 -0.0315656 -0.030569 -0.0296361 -0.0287576 -0.0279448 -0.0271767 -0.0264717 -0.0258061 -0.0251965 -0.0246247 -0.0240995 -0.0236123 -0.023162 -0.0227504 -0.0223672 -0.0220225 -0.0216997 -0.0214143 -0.0211464 -0.0209139 -0.020696 -0.0205112 -0.0203395 -0.0201983 -0.0200694 -0.0199689 -0.0198803 -0.0198185 -0.0197684 -0.019744 -0.0197314 -0.019744 -0.0197684 -0.0198185 -0.0198803 -0.0199689 -0.0200694 -0.0201983 -0.0203395 -0.0205112 -0.020696 -0.0209139 -0.0211464 -0.0214143 -0.0216997 -0.0220225 -0.0223672 -0.0227504 -0.023162 -0.0236123 -0.0240995 -0.0246247 -0.0251965 -0.0258061 -0.0264717 -0.0271767 -0.0279448 -0.0287576 -0.0296361 -0.030569 -0.0315656 -0.0326289 -0.0337513 -0.0349507 -0.0362063 -0.0375411 -0.0389344 -0.0403974 -0.0419242 -0.043502 -0.0451427 -0.0468144 -0.0485303 -0.0502615 -0.0519972 -0.0537303 -0.0554197 -0.0570707 -0.0586378 -0.0601057 -0.0614566 -0.0626404 -0.0636578 -0.0644579 -0.0650153 -0.0653167 -0.0653029 -0.0649755 -0.0643001 -0.0632444 -0.0618288 -0.0600176 -0.0578237 -0.0552754 -0.0523511 -0.0490994 -0.0455465 -0.0416898 -0.0376031 -0.0333119 -0.0288313 -0.0242445 -0.0195633 -0.0147936 -0.0100037 -0.00518469 -0.000321759 0.00453494 0.00942374 0.0144281 0.0195747 0.0249585 0.0307239 0.0369178 0.0435796 0.0508199 0.0587004 0.0672245 0.0764197 0.0862563 0.0965811 0.107215 0.117988 0.128646 0.138851 0.148277 0.156624 0.163596 0.168919 0.172382 
0 -0.00138422 -0.00256002 -0.00340241 -0.00381897 -0.00370233 -0.00299896 -0.00175437 -5.58472e-05 0.00199779 0.00427482 0.00663526 0.00894448 0.0110341 0.012749 0.0140272 0.014823 0.015049 0.014685 0.0137697 0.0122858 0.0102541 0.00778874 0.00493087 0.00168642 -0.00184966 -0.00563817 -0.00968958 -0.0139087 -0.0182314 -0.0226462 -0.0270459 -0.0313706 -0.0356144 -0.0396846 -0.0435521 -0.0472128 -0.0505842 -0.0536646 -0.0564407 -0.0588518 -0.0609284 -0.0626488 -0.0639951 -0.0650151 -0.0656813 -0.0660253 -0.0660811 -0.0658352 -0.0653518 -0.0646338 -0.0637075 -0.0626256 -0.0613781 -0.0600252 -0.0585729 -0.0570406 -0.0554716 -0.0538508 -0.0522289 -0.0505968 -0.0489757 -0.0473868 -0.045816 -0.0443035 -0.042824 -0.0414085 -0.040047 -0.0387427 -0.03751 -0.0363268 -0.0352221 -0.0341647 -0.0331812 -0.0322482 -0.0313772 -0.0305624 -0.0297956 -0.0290889 -0.0284189 -0.0278092 -0.0272292 -0.0267057 -0.0262089 -0.0257621 -0.0253418 -0.0249637 -0.0246135 -0.0242977 -0.0240115 -0.0237528 -0.0235253 -0.0233197 -0.0231463 -0.0229907 -0.0228679 -0.0227599 -0.022685 -0.0226232 -0.0225944 -0.0225778 -0.0225944 -0.0226232 -0.022685 -0.0227599 -0.0228679 -0.0229907 -0.0231463 -0.0233197 -0.0235253 -0.0237528 -0.0240115 -0.0242977 -0.0246135 -0.0249637 -0.0253418 -0.0257621 -0.0262089 -0.0267057 -0.0272292 -0.0278092 -0.0284189 -0.0290889 -0.0297956 -0.0305624 -0.0313772 -0.0322482 -0.0331812 -0.0341647 -0.0352221 -0.0363268 -0.03751 -0.0387427 -0.040047 -0.0414085 -0.042824 -0.0443035 -0.045816 -0.0473868 -0.0489757 -0.0505968 -0.0522289 -0.0538508 -0.0554716 -0.0570406 -0.0585729 -0.0600252 -0.0613781 -0.0626256 -0.0637075 -0.0646338 -0.0653518 -0.0658352 -0.0660811 -0.0660253 -0.0656813 -0.0650151 -0.0639951 -0.0626488 -0.0609284 -0.0588518 -0.0564407 -0.0536645 -0.050584 -0.0472121 -0.04355 -0.0396795 -0.0356022 -0.031343 -0.0269866 -0.0225256 -0.017999 -0.0134842 -0.0089545 -0.00442908 4.56915e-05 0.00453216 0.0090506 0.0135842 0.018236 0.0231074 0.0282434 0.0337661 0.0397917 0.0463336 0.0534414 0.0612251 0.0697181 0.078877 0.0886298 0.0988385 0.109319 0.119886 0.130292 0.140197 0.149282 0.157302 0.163997 0.169077 0.172338 
