0 0 0 0 0 0 0 0 0 0 0 0 0 0 0 0 0 0 0 0 0 0 0 0 0 0 0 0 0 0 0 0 0 0 0 0 0 0 0 0 0 0 0 0 0 0 0 0 0 0 0 0 0 0 0 0 0 0 0 0 0 0 0 0 0 0 0 0 0 0 0 0 0 0 0 0 0 0 0 0 0 0 0 0 0 0 0 0 0 0 0 0 0 0 0 0 0 0 0 0 0 0 0 0 0 0 0 0 0 0 0 0 0 0 0 0 0 0 0 0 0 0 0 0 0 0 0 0 0 0 0 0 0 0 0 0 0 0 0 0 0 0 0 0 0 0 0 0 0 0 0 0 0 0 0 0 0 0 0 0 0 0 0 0 0 0 0 0 0 0 0 0 0 0 0 0 0 0 0 0 0 0 0 0 0 0 0 0 0 0 0 0 0 0 0 0 0 0 0 0 
0 -0.000621994 -0.00120126 -0.00184616 -0.00266591 -0.00361194 -0.00460417 -0.00566751 -0.0068216 -0.00797952 -0.00905048 -0.0100143 -0.0108463 -0.0114781 -0.0118502 -0.01195 -0.0118123 -0.011483 -0.0109666 -0.0102517 -0.00937989 -0.00843205 -0.00747807 -0.00656026 -0.00568674 -0.00485378 -0.00408017 -0.00339299 -0.00280958 -0.00233741 -0.00196321 -0.00166436 -0.00142503 -0.00122963 -0.00106945 -0.000941745 -0.000839854 -0.000761296 -0.000703066 -0.000659617 -0.000629948 -0.000609715 -0.000595561 -0.000586199 -0.000577184 -0.000568176 -0.000557821 -0.000545127 -0.000532155 -0.000518144 -0.000505217 -0.00049399 -0.000484293 -0.000477533 -0.00047199 -0.000468316 -0.000465284 -0.000462091 -0.000458986 -0.000454433 -0.000449547 -0.000443313 -0.000436562 -0.000429482 -0.000421998 -0.000415253 -0.000408463 -0.00040294 -0.00039782 -0.000393863 -0.00039066 -0.000388126 -0.000386489 -0.000384967 -0.000384261 -0.000383278 -0.000382876 -0.000382049 -0.000381505 -0.000380597 -0.00037969 -0.000378605 -0.000377309 -0.000376057 -0.000374465 -0.000373116 -0.000371372 -0.00037002 -0.000368272 -0.000367006 -0.000365378 -0.000364273 -0.000362852 -0.000361963 -0.000360807 -0.000360173 -0.000359312 -0.000358956 -0.000358402 -0.000358341 -0.000358098 -0.000358341 -0.000358402 -0.000358956 -0.000359312 -0.000360173 -0.000360807 -0.000361963 -0.000362852 -0.000364273 -0.000365378 -0.000367006 -0.000368272 -0.00037002 -0.000371372 -0.000373116 -0.000374465 -0.000376057 -0.000377309 -0.000378605 -0.00037969 -0.000380597 -0.000381505 -0.000382049 -0.000382876 -0.000383278 -0.000384261 -0.000384967 -0.000386489 -0.000388126 -0.00039066 -0.000393863 -0.00039782 -0.00040294 -0.000408463 -0.000415253 -0.000421998 -0.000429482 -0.000436562 -0.000443313 -0.000449547 -0.000454433 -0.000458986 -0.000462091 -0.000465284 -0.000468316 -0.00047199 -0.000477533 -0.000484293 -0.000493989 -0.000505216 -0.000518139 -0.000532141 -0.000545086 -0.000557701 -0.000567847 -0.000576323 -0.000584063 -0.000590538 -0.000598522 -0.000606323 -0.000612436 -0.000613989 -0.000602416 -0.000572182 -0.000515484 -0.000426355 -0.000306222 -0.000153366 3.35557e-05 0.00026238 0.00055668 0.000939775 0.00142938 0.00202762 0.00270815 0.00344176 0.00421305 0.00501238 0.00582915 0.00662101 0.00730711 0.00782287 0.00814051 0.00823577 0.0080654 0.00756348 0.00668699 0.00548046 0.00402153 0.00231671 0.000351756 -0.00179506 -0.00398558 -0.00612184 -0.00815371 -0.0100264 -0.0116522 -0.0129297 -0.0137984 
0 -0.00120126 -0.00245615 -0.00386504 -0.00548778 -0.00729873 -0.00927699 -0.0114313 -0.0137053 -0.0159614 -0.0180722 -0.0199602 -0.0215604 -0.0227875 -0.0235426 -0.0237736 -0.0235189 -0.0228468 -0.0217892 -0.0203794 -0.0187 -0.0168669 -0.0149963 -0.0131654 -0.0114009 -0.00972674 -0.00818671 -0.00682564 -0.00567708 -0.0047435 -0.00399228 -0.00338498 -0.00288745 -0.00247511 -0.00214024 -0.00187595 -0.00167427 -0.00152795 -0.00142254 -0.00134652 -0.00129047 -0.00124463 -0.00120651 -0.00117278 -0.00114221 -0.00111626 -0.00109283 -0.0010731 -0.00105593 -0.00103978 -0.00102525 -0.00100988 -0.000994574 -0.000978636 -0.000961858 -0.000945721 -0.000929196 -0.000914187 -0.000900055 -0.000887381 -0.000876578 -0.000866633 -0.000858615 -0.000850911 -0.000844351 -0.000837906 -0.000831561 -0.000825412 -0.000818623 -0.000812177 -0.000804906 -0.000798038 -0.000790641 -0.000783579 -0.000776518 -0.000769648 -0.000763296 -0.00075699 -0.000751549 -0.000746057 -0.000741561 -0.00073699 -0.000733362 -0.000729694 -0.000726798 -0.00072394 -0.000721633 -0.000719458 -0.000717613 -0.000715993 -0.000714514 -0.000713341 -0.000712161 -0.000711352 -0.00071043 -0.000709925 -0.000709239 -0.000709001 -0.000708541 -0.000708546 -0.000708311 -0.000708546 -0.000708541 -0.000709001 -0.000709239 -0.000709925 -0.00071043 -0.000711352 -0.000712161 -0.000713341 -0.000714514 -0.000715993 -0.000717613 -0.000719458 -0.000721633 -0.00072394 -0.000726798 -0.000729694 -0.000733362 -0.00073699 -0.000741561 -0.000746057 -0.000751549 -0.00075699 -0.000763296 -0.000769648 -0.000776518 -0.000783579 -0.000790641 -0.000798038 -0.000804906 -0.000812177 -0.000818623 -0.000825412 -0.000831561 -0.000837906 -0.000844351 -0.000850911 -0.000858615 -0.000866633 -0.000876578 -0.000887381 -0.000900055 -0.000914187 -0.000929196 -0.000945721 -0.000961858 -0.000978636 -0.000994574 -0.00100988 -0.00102524 -0.00103976 -0.0010559 -0.00107299 -0.00109253 -0.00111543 -0.0011401 -0.00116766 -0.00119474 -0.00121897 -0.00123741 -0.00124261 -0.00122991 -0.00119007 -0.00111338 -0.000993728 -0.000821782 -0.000593541 -0.000303364 6.53296e-05 0.000535872 0.00114704 0.00193971 0.00293118 0.00411261 0.00544543 0.00688152 0.00839842 0.00998235 0.0115914 0.0131353 0.0144736 0.0154746 0.0160681 0.0162053 0.0158083 0.0147885 0.0130933 0.0107451 0.0078253 0.00440248 0.000539565 -0.00362136 -0.0078818 -0.0120874 -0.0161113 -0.0197798 -0.0229129 -0.0253939 -0.0271381 
0 -0.00184616 -0.00386504 -0.00608961 -0.00850767 -0.0111843 -0.0141683 -0.0173725 -0.020654 -0.0239079 -0.0270058 -0.0297741 -0.032078 -0.0338237 -0.0349111 -0.0352828 -0.0349545 -0.0339701 -0.0324 -0.0303482 -0.0279254 -0.0252653 -0.0225196 -0.0197963 -0.0171641 -0.0146857 -0.012411 -0.0103913 -0.00867061 -0.00724675 -0.00608945 -0.00515593 -0.00439328 -0.00376956 -0.00326572 -0.00286327 -0.00255489 -0.00232511 -0.00215558 -0.00203444 -0.00194334 -0.00187273 -0.00181656 -0.00176661 -0.00172421 -0.0016857 -0.00165027 -0.00161962 -0.00158974 -0.00156318 -0.00153764 -0.00151245 -0.00148926 -0.00146499 -0.00144262 -0.00142022 -0.00139859 -0.0013788 -0.00135893 -0.00134169 -0.00132453 -0.00130928 -0.00129496 -0.00128114 -0.00126899 -0.00125632 -0.00124538 -0.00123377 -0.0012233 -0.00121273 -0.00120245 -0.00119288 -0.00118289 -0.00117421 -0.00116483 -0.00115692 -0.00114845 -0.00114122 -0.00113383 -0.00112725 -0.00112098 -0.00111502 -0.00110981 -0.00110447 -0.0011002 -0.00109549 -0.00109201 -0.00108793 -0.00108513 -0.00108167 -0.00107945 -0.0010766 -0.0010749 -0.00107263 -0.00107141 -0.00106969 -0.00106894 -0.00106776 -0.00106747 -0.0010668 -0.00106698 -0.0010668 -0.00106747 -0.00106776 -0.00106894 -0.00106969 -0.00107141 -0.00107263 -0.0010749 -0.0010766 -0.00107945 -0.00108167 -0.00108513 -0.00108793 -0.00109201 -0.00109549 -0.0011002 -0.00110447 -0.00110981 -0.00111502 -0.00112098 -0.00112725 -0.00113383 -0.00114122 -0.00114845 -0.00115692 -0.00116483 -0.00117421 -0.00118289 -0.00119288 -0.00120245 -0.00121273 -0.0012233 -0.00123377 -0.00124538 -0.00125632 -0.00126899 -0.00128114 -0.00129496 -0.00130928 -0.00132453 -0.00134169 -0.00135893 -0.0013788 -0.00139859 -0.00142022 -0.00144262 -0.00146499 -0.00148926 -0.00151245 -0.00153764 -0.00156316 -0.00158966 -0.00161938 -0.00164961 -0.00168398 -0.00171995 -0.00175662 -0.0017943 -0.00182563 -0.00184875 -0.00185432 -0.00183039 -0.00176843 -0.00165061 -0.00146663 -0.00120736 -0.000858382 -0.000411352 0.00015953 0.000894995 0.00183752 0.00303637 0.00451189 0.00624499 0.0082019 0.010331 0.0125838 0.0149176 0.0172419 0.019421 0.0213043 0.0227296 0.0235587 0.0236855 0.0229979 0.0214116 0.0189058 0.01548 0.011171 0.00611363 0.000496436 -0.00549952 -0.0116769 -0.0178061 -0.0236405 -0.0289219 -0.0334283 -0.0370153 -0.0395561 
0 -0.00266591 -0.00548778 -0.00850767 -0.0117747 -0.0153936 -0.0193523 -0.0234892 -0.0276735 -0.0318294 -0.0358005 -0.0393565 -0.0422964 -0.0444807 -0.0458388 -0.0463472 -0.0459742 -0.0447279 -0.0427216 -0.0401036 -0.0370098 -0.0336015 -0.0300404 -0.0264666 -0.023014 -0.0197737 -0.0167968 -0.0141404 -0.0118385 -0.00989578 -0.00830378 -0.00701551 -0.00597407 -0.00513744 -0.00446023 -0.00391716 -0.00349275 -0.00316289 -0.00291658 -0.00273598 -0.00260161 -0.00250559 -0.0024309 -0.00237061 -0.00232024 -0.00227072 -0.0022252 -0.00217917 -0.00213343 -0.00209131 -0.00204919 -0.00201257 -0.00197845 -0.0019477 -0.00192152 -0.00189564 -0.0018736 -0.00185078 -0.00182899 -0.00180741 -0.00178437 -0.00176296 -0.00173959 -0.00171833 -0.00169654 -0.00167625 -0.00165751 -0.00163923 -0.00162394 -0.00160842 -0.00159607 -0.00158346 -0.00157315 -0.00156308 -0.00155395 -0.00154576 -0.00153724 -0.00153022 -0.00152206 -0.00151568 -0.00150788 -0.0015018 -0.00149449 -0.0014886 -0.00148193 -0.00147626 -0.00147036 -0.00146503 -0.00146 -0.00145514 -0.00145102 -0.00144675 -0.00144356 -0.00143997 -0.0014377 -0.00143486 -0.00143349 -0.00143145 -0.00143096 -0.00142974 -0.00143012 -0.00142974 -0.00143096 -0.00143145 -0.00143349 -0.00143486 -0.0014377 -0.00143997 -0.00144356 -0.00144675 -0.00145102 -0.00145514 -0.00146 -0.00146503 -0.00147036 -0.00147626 -0.00148193 -0.0014886 -0.00149449 -0.0015018 -0.00150788 -0.00151568 -0.00152206 -0.00153022 -0.00153724 -0.00154576 -0.00155395 -0.00156308 -0.00157315 -0.00158346 -0.00159607 -0.00160842 -0.00162394 -0.00163923 -0.00165751 -0.00167625 -0.00169654 -0.00171833 -0.00173959 -0.00176296 -0.00178437 -0.00180741 -0.00182899 -0.00185078 -0.0018736 -0.00189564 -0.00192152 -0.0019477 -0.00197845 -0.00201256 -0.00204917 -0.00209125 -0.00213324 -0.00217865 -0.00222385 -0.00226735 -0.00231222 -0.00235244 -0.00239178 -0.0024256 -0.00244626 -0.00244955 -0.00241513 -0.00232871 -0.00217187 -0.00192031 -0.00156474 -0.0010848 -0.000457688 0.000341755 0.00136595 0.00266125 0.00426385 0.006201 0.008457 0.011001 0.0137937 0.0167503 0.0197624 0.022695 0.0253796 0.0276676 0.029406 0.0303904 0.0304286 0.0293907 0.0272056 0.0238704 0.0194073 0.0138484 0.00734271 0.000157015 -0.00747663 -0.015351 -0.023151 -0.0305125 -0.0371637 -0.0428883 -0.0474452 -0.0506271 
0 -0.00361194 -0.00729873 -0.0111843 -0.0153936 -0.0199466 -0.0247594 -0.0297409 -0.0347931 -0.0397497 -0.0444148 -0.0485939 -0.0520616 -0.0546374 -0.0562645 -0.0569015 -0.0564754 -0.0550127 -0.0526521 -0.049556 -0.0459048 -0.0418668 -0.0375804 -0.0332264 -0.0289941 -0.0250049 -0.021349 -0.0180814 -0.0152121 -0.0127597 -0.0107171 -0.00903784 -0.00768234 -0.0065923 -0.00571265 -0.00501759 -0.00446986 -0.00404624 -0.0037306 -0.00349039 -0.00331268 -0.00317836 -0.00306875 -0.00298308 -0.002907 -0.00284048 -0.00278299 -0.00272657 -0.00267812 -0.00263022 -0.00258475 -0.00254312 -0.00249941 -0.00246069 -0.0024206 -0.00238308 -0.00234817 -0.00231279 -0.00228274 -0.00225155 -0.00222489 -0.00219889 -0.00217435 -0.00215277 -0.00212986 -0.00211085 -0.00208971 -0.00207154 -0.0020524 -0.00203423 -0.0020171 -0.00199906 -0.00198373 -0.00196648 -0.00195261 -0.00193692 -0.00192422 -0.00191061 -0.00189893 -0.00188757 -0.00187686 -0.00186764 -0.00185792 -0.00185055 -0.00184187 -0.00183602 -0.00182842 -0.00182378 -0.00181727 -0.00181361 -0.00180817 -0.00180533 -0.00180092 -0.00179882 -0.00179539 -0.001794 -0.0017915 -0.00179081 -0.00178918 -0.00178922 -0.0017884 -0.00178922 -0.00178918 -0.00179081 -0.0017915 -0.001794 -0.00179539 -0.00179882 -0.00180092 -0.00180533 -0.00180817 -0.00181361 -0.00181727 -0.00182378 -0.00182842 -0.00183602 -0.00184187 -0.00185055 -0.00185792 -0.00186764 -0.00187686 -0.00188757 -0.00189893 -0.00191061 -0.00192422 -0.00193692 -0.00195261 -0.00196648 -0.00198373 -0.00199906 -0.0020171 -0.00203423 -0.0020524 -0.00207154 -0.00208971 -0.00211085 -0.00212986 -0.00215277 -0.00217435 -0.00219889 -0.00222489 -0.00225155 -0.00228274 -0.00231279 -0.00234817 -0.00238308 -0.0024206 -0.00246069 -0.0024994 -0.0025431 -0.0025847 -0.00263008 -0.00267774 -0.00272554 -0.00278037 -0.00283417 -0.0028925 -0.00295141 -0.00300296 -0.00304847 -0.00306904 -0.00305611 -0.0029945 -0.0028579 -0.0026377 -0.00230843 -0.00184885 -0.00124127 -0.000436991 0.000605938 0.00193774 0.00361467 0.00564931 0.00804829 0.0108091 0.0138942 0.0172641 0.0208255 0.0244054 0.0278291 0.0309198 0.0334938 0.035381 0.0363581 0.0361816 0.034724 0.0319445 0.0278156 0.0223684 0.015701 0.00796924 -0.000567957 -0.00959906 -0.0188345 -0.0279429 -0.0365426 -0.0443202 -0.0510136 -0.0563223 -0.0600041 
0 -0.00460417 -0.00927699 -0.0141683 -0.0193523 -0.0247594 -0.03035 -0.0361293 -0.0419552 -0.0475691 -0.0527803 -0.0574275 -0.0612972 -0.0642223 -0.0660993 -0.0668226 -0.0663559 -0.0647652 -0.0621521 -0.0586871 -0.0545876 -0.050006 -0.0450954 -0.0400729 -0.0351324 -0.0304433 -0.0261411 -0.0222629 -0.0188269 -0.0158578 -0.0133345 -0.0112414 -0.00954549 -0.0081729 -0.00707891 -0.00621309 -0.0055244 -0.00499626 -0.00458994 -0.00427919 -0.00405004 -0.00386793 -0.00372736 -0.00361421 -0.00351411 -0.00343388 -0.00335836 -0.00329195 -0.00323344 -0.00317383 -0.00312295 -0.00306942 -0.00301913 -0.00297152 -0.00292135 -0.00287813 -0.002832 -0.0027916 -0.00275276 -0.00271506 -0.0026834 -0.00264949 -0.00262235 -0.00259316 -0.00256774 -0.00254307 -0.00251798 -0.0024966 -0.00247202 -0.0024524 -0.00242933 -0.00241034 -0.00238974 -0.002371 -0.0023533 -0.00233507 -0.00232017 -0.002303 -0.00229045 -0.00227492 -0.00226414 -0.00225065 -0.00224116 -0.00222986 -0.00222134 -0.00221219 -0.00220445 -0.00219728 -0.00219028 -0.00218487 -0.00217861 -0.00217474 -0.00216927 -0.00216675 -0.00216213 -0.00216082 -0.00215709 -0.00215689 -0.00215409 -0.00215494 -0.00215309 -0.00215494 -0.00215409 -0.00215689 -0.00215709 -0.00216082 -0.00216213 -0.00216675 -0.00216927 -0.00217474 -0.00217861 -0.00218487 -0.00219028 -0.00219728 -0.00220445 -0.00221219 -0.00222134 -0.00222986 -0.00224116 -0.00225065 -0.00226414 -0.00227492 -0.00229045 -0.002303 -0.00232017 -0.00233507 -0.0023533 -0.002371 -0.00238974 -0.00241034 -0.00242933 -0.0024524 -0.00247202 -0.0024966 -0.00251798 -0.00254307 -0.00256774 -0.00259316 -0.00262235 -0.00264949 -0.0026834 -0.00271506 -0.00275276 -0.0027916 -0.002832 -0.00287813 -0.00292135 -0.00297152 -0.00301912 -0.00306938 -0.00312285 -0.00317354 -0.00323266 -0.00328995 -0.00335347 -0.00342248 -0.00348884 -0.00356093 -0.00362054 -0.00366432 -0.00368111 -0.00364337 -0.00354616 -0.00336008 -0.00306586 -0.0026531 -0.0020792 -0.00131685 -0.00031434 0.00100159 0.00266789 0.0047279 0.00719557 0.0100441 0.0132765 0.0168655 0.020733 0.024774 0.0287938 0.0325684 0.0359214 0.0386419 0.0404955 0.0412768 0.0407755 0.038847 0.0354569 0.0305798 0.0242391 0.0166052 0.00788976 -0.00169647 -0.0118184 -0.0220636 -0.0320929 -0.0415963 -0.0502032 -0.0575489 -0.0633548 -0.0674162 
0 -0.00566751 -0.0114313 -0.0173725 -0.0234892 -0.0297409 -0.0361293 -0.0426092 -0.0490121 -0.05514 -0.0608073 -0.0658112 -0.069985 -0.0731849 -0.0752256 -0.0760035 -0.0755628 -0.0739442 -0.0711972 -0.0674943 -0.0630279 -0.0579729 -0.0525583 -0.0469888 -0.0414466 -0.0361483 -0.0312249 -0.0267288 -0.0227196 -0.0192024 -0.0161752 -0.0136558 -0.0115907 -0.00992304 -0.00860038 -0.00753475 -0.00668855 -0.00602542 -0.0054992 -0.00510495 -0.00480498 -0.00457552 -0.00440888 -0.00426873 -0.00415707 -0.00405996 -0.00396499 -0.00388469 -0.00380116 -0.00372637 -0.00365783 -0.00358891 -0.00353322 -0.00347471 -0.00342524 -0.00337808 -0.00333018 -0.00329003 -0.00324359 -0.00320473 -0.00316196 -0.00312162 -0.00308404 -0.00304348 -0.00301078 -0.00297333 -0.00294413 -0.00291255 -0.00288561 -0.0028607 -0.00283551 -0.00281615 -0.00279291 -0.00277702 -0.00275619 -0.00274179 -0.0027237 -0.00270947 -0.00269416 -0.00267961 -0.00266684 -0.0026521 -0.00264149 -0.00262702 -0.00261817 -0.00260453 -0.00259711 -0.00258477 -0.00257855 -0.00256782 -0.0025627 -0.00255374 -0.00254967 -0.00254252 -0.00253954 -0.00253415 -0.0025323 -0.00252859 -0.00252797 -0.00252582 -0.00252653 -0.00252582 -0.00252797 -0.00252859 -0.0025323 -0.00253415 -0.00253954 -0.00254252 -0.00254967 -0.00255374 -0.0025627 -0.00256782 -0.00257855 -0.00258477 -0.00259711 -0.00260453 -0.00261817 -0.00262702 -0.00264149 -0.0026521 -0.00266684 -0.00267961 -0.00269416 -0.00270947 -0.0027237 -0.00274179 -0.00275619 -0.00277702 -0.00279291 -0.00281615 -0.00283551 -0.0028607 -0.00288561 -0.00291255 -0.00294413 -0.00297333 -0.00301078 -0.00304348 -0.00308404 -0.00312162 -0.00316196 -0.00320473 -0.00324359 -0.00329003 -0.00333018 -0.00337808 -0.00342524 -0.0034747 -0.0035332 -0.00358883 -0.00365761 -0.00372579 -0.00379965 -0.00388095 -0.00395614 -0.00404006 -0.00411447 -0.00418198 -0.0042409 -0.00426621 -0.0042632 -0.00420115 -0.00406018 -0.00383104 -0.00346795 -0.0029573 -0.00225743 -0.00130238 -5.45232e-05 0.00156137 0.00358853 0.00602436 0.00889146 0.0121692 0.0158321 0.0198697 0.0241675 0.0285598 0.0328669 0.0368424 0.0402682 0.0429421 0.0445963 0.0450225 0.0440959 0.0416663 0.0376381 0.0320331 0.024932 0.0165196 0.00706051 -0.00321968 -0.0140384 -0.0249601 -0.0355761 -0.0455809 -0.0546164 -0.0622977 -0.068373 -0.0726595 
0 -0.0068216 -0.0137053 -0.020654 -0.0276735 -0.0347931 -0.0419552 -0.0490121 -0.0558566 -0.0623858 -0.0683857 -0.0736475 -0.078056 -0.0814374 -0.0835877 -0.0844638 -0.0840979 -0.0824911 -0.079719 -0.0759064 -0.0711858 -0.0658025 -0.0600134 -0.0539889 -0.0479474 -0.0421014 -0.0365733 -0.0314918 -0.026921 -0.0228523 -0.0193285 -0.0163465 -0.0138632 -0.0118625 -0.0102563 -0.0089672 -0.00795546 -0.00714177 -0.00650395 -0.00601628 -0.00562906 -0.00534401 -0.00512075 -0.00494029 -0.00480409 -0.00467666 -0.00457259 -0.00447744 -0.00438309 -0.00430578 -0.00422156 -0.00414957 -0.00407964 -0.00400866 -0.00395044 -0.00388445 -0.00383116 -0.00377532 -0.00372271 -0.00367751 -0.00362648 -0.00358785 -0.00354188 -0.00350502 -0.00346649 -0.00342904 -0.0033975 -0.00336018 -0.00333314 -0.00329824 -0.00327295 -0.00324259 -0.00321736 -0.00319243 -0.00316698 -0.00314709 -0.0031222 -0.00310616 -0.00308296 -0.00306941 -0.0030489 -0.00303672 -0.00301947 -0.00300797 -0.00299414 -0.00298301 -0.00297243 -0.00296169 -0.002954 -0.0029438 -0.00293862 -0.00292918 -0.00292614 -0.00291767 -0.00291647 -0.00290914 -0.00290959 -0.0029035 -0.00290547 -0.00290069 -0.00290409 -0.00290069 -0.00290547 -0.0029035 -0.00290959 -0.00290914 -0.00291647 -0.00291767 -0.00292614 -0.00292918 -0.00293862 -0.0029438 -0.002954 -0.00296169 -0.00297243 -0.00298301 -0.00299414 -0.00300797 -0.00301947 -0.00303672 -0.0030489 -0.00306941 -0.00308296 -0.00310616 -0.0031222 -0.00314709 -0.00316698 -0.00319243 -0.00321736 -0.00324259 -0.00327295 -0.00329824 -0.00333314 -0.00336018 -0.0033975 -0.00342904 -0.00346649 -0.00350502 -0.00354188 -0.00358785 -0.00362648 -0.00367751 -0.00372271 -0.00377532 -0.00383116 -0.00388445 -0.00395043 -0.00400864 -0.00407959 -0.00414942 -0.00422114 -0.00430465 -0.00438026 -0.00447065 -0.0045571 -0.004643 -0.00473449 -0.00480334 -0.00486445 -0.00488768 -0.00485539 -0.00476496 -0.0045675 -0.00426173 -0.00381481 -0.00317437 -0.00231982 -0.00116419 0.000354427 0.00227114 0.00464897 0.007471 0.0107235 0.0144208 0.018499 0.0228962 0.0275033 0.0321005 0.0365043 0.0405168 0.0438589 0.0462949 0.0475985 0.0475501 0.0460606 0.0430534 0.0384052 0.0321485 0.0244588 0.0155086 0.00553426 -0.00514932 -0.0162463 -0.027426 -0.0382746 -0.0483986 -0.0574669 -0.0651822 -0.0712991 -0.0756095 
0 -0.00797952 -0.0159614 -0.0239079 -0.0318294 -0.0397497 -0.0475691 -0.05514 -0.0623858 -0.0691994 -0.0754016 -0.0808531 -0.0854143 -0.0888943 -0.0911774 -0.092213 -0.0919394 -0.0903972 -0.087692 -0.0838633 -0.0790463 -0.0735072 -0.0674485 -0.0610788 -0.0546423 -0.0482943 -0.0422151 -0.0365845 -0.0314434 -0.0268405 -0.0228163 -0.0193341 -0.0164145 -0.0140306 -0.0120907 -0.0105594 -0.00934224 -0.00836424 -0.00760811 -0.00699929 -0.0065253 -0.00616645 -0.0058708 -0.00565285 -0.00547184 -0.00531847 -0.00520119 -0.00508227 -0.00498741 -0.0048946 -0.00480166 -0.00472482 -0.00463506 -0.00456171 -0.00448396 -0.00440902 -0.00434613 -0.00427423 -0.00422109 -0.0041598 -0.00410962 -0.00406195 -0.00401186 -0.0039745 -0.00392616 -0.00389278 -0.00384949 -0.00381506 -0.00377882 -0.00374183 -0.0037123 -0.00367436 -0.00364951 -0.00361357 -0.00359101 -0.00355971 -0.00353772 -0.00351242 -0.00349029 -0.00347105 -0.00344895 -0.0034349 -0.00341348 -0.00340338 -0.00338341 -0.00337604 -0.00335815 -0.00335256 -0.00333714 -0.00333271 -0.00331992 -0.00331635 -0.00330615 -0.00330336 -0.00329562 -0.00329368 -0.00328817 -0.00328726 -0.00328372 -0.00328405 -0.00328225 -0.00328405 -0.00328372 -0.00328726 -0.00328817 -0.00329368 -0.00329562 -0.00330336 -0.00330615 -0.00331635 -0.00331992 -0.00333271 -0.00333714 -0.00335256 -0.00335815 -0.00337604 -0.00338341 -0.00340338 -0.00341348 -0.0034349 -0.00344895 -0.00347105 -0.00349029 -0.00351242 -0.00353772 -0.00355971 -0.00359101 -0.00361357 -0.00364951 -0.00367436 -0.0037123 -0.00374183 -0.00377882 -0.00381506 -0.00384949 -0.00389278 -0.00392616 -0.0039745 -0.00401186 -0.00406195 -0.00410962 -0.0041598 -0.00422109 -0.00427423 -0.00434613 -0.00440902 -0.00448395 -0.00456167 -0.00463494 -0.00472451 -0.00480083 -0.00489249 -0.00498227 -0.00507037 -0.00517494 -0.0052633 -0.00536151 -0.00544294 -0.00549079 -0.0055114 -0.00544863 -0.00530751 -0.00505691 -0.00465234 -0.00409813 -0.00331818 -0.0022654 -0.000891246 0.000908498 0.00314771 0.00585286 0.00905208 0.0126892 0.0167605 0.0212129 0.0258843 0.0306457 0.035308 0.0396436 0.0434898 0.0465855 0.048621 0.0494142 0.0488044 0.0466626 0.0429802 0.037747 0.0309884 0.0228854 0.0136346 0.00342843 -0.00738657 -0.0184251 -0.0294159 -0.0400562 -0.0499449 -0.0587455 -0.0662184 -0.0721222 -0.0762441 
0 -0.00905048 -0.0180722 -0.0270058 -0.0358005 -0.0444148 -0.0527803 -0.0608073 -0.0683857 -0.0754016 -0.0817697 -0.0873621 -0.0919837 -0.0955285 -0.0979658 -0.0991733 -0.0990644 -0.097704 -0.0951265 -0.0913683 -0.0866085 -0.0810276 -0.074817 -0.0682548 -0.0615197 -0.0547577 -0.0482114 -0.0420273 -0.0363075 -0.0311743 -0.0266165 -0.0226412 -0.0192857 -0.0164763 -0.0141877 -0.0123642 -0.0108831 -0.00971802 -0.00879208 -0.00804475 -0.00748212 -0.0070294 -0.006682 -0.00642152 -0.00619293 -0.00602287 -0.00586544 -0.00572363 -0.00560896 -0.00548348 -0.00538654 -0.00528588 -0.00519203 -0.00511549 -0.00502557 -0.00495964 -0.00488141 -0.00481327 -0.00474987 -0.00467747 -0.00462422 -0.00455459 -0.00450402 -0.00444516 -0.00439304 -0.00434782 -0.00429514 -0.00426063 -0.00421156 -0.00418211 -0.00414063 -0.00411139 -0.00407915 -0.00404789 -0.00402396 -0.00399106 -0.0039729 -0.00394023 -0.003925 -0.00389474 -0.00388019 -0.00385402 -0.00383889 -0.00381767 -0.00380161 -0.00378547 -0.00376874 -0.00375732 -0.0037405 -0.0037332 -0.00371692 -0.00371312 -0.00369793 -0.00369708 -0.00368338 -0.00368506 -0.00367311 -0.00367707 -0.00366701 -0.00367308 -0.00366499 -0.00367308 -0.00366701 -0.00367707 -0.00367311 -0.00368506 -0.00368338 -0.00369708 -0.00369793 -0.00371312 -0.00371692 -0.0037332 -0.0037405 -0.00375732 -0.00376874 -0.00378547 -0.00380161 -0.00381767 -0.00383889 -0.00385402 -0.00388019 -0.00389474 -0.003925 -0.00394023 -0.0039729 -0.00399106 -0.00402396 -0.00404789 -0.00407915 -0.00411139 -0.00414063 -0.00418211 -0.00421156 -0.00426063 -0.00429514 -0.00434782 -0.00439304 -0.00444516 -0.00450402 -0.00455459 -0.00462422 -0.00467747 -0.00474987 -0.00481327 -0.00488141 -0.00495964 -0.00502554 -0.00511542 -0.00519181 -0.00528527 -0.00538498 -0.00547964 -0.00559993 -0.0057034 -0.00582225 -0.00593507 -0.00602306 -0.00610872 -0.00613357 -0.00611283 -0.00601883 -0.00580564 -0.00549233 -0.00500657 -0.00432266 -0.00340312 -0.00213387 -0.000489221 0.00160135 0.00419173 0.0072371 0.0107695 0.0147665 0.0191411 0.0238475 0.028705 0.0334977 0.0380877 0.0422438 0.0457312 0.0483547 0.0498331 0.0499733 0.0487109 0.0459261 0.0415771 0.0357863 0.0286588 0.0203096 0.0109581 0.000849428 -0.00972638 -0.0204087 -0.0308921 -0.0409243 -0.0502069 -0.0584524 -0.0654249 -0.0708855 -0.0746572 
0 -0.0100143 -0.0199602 -0.0297741 -0.0393565 -0.0485939 -0.0574275 -0.0658112 -0.0736475 -0.0808531 -0.0873621 -0.0930254 -0.0976977 -0.10135 -0.10393 -0.10532 -0.105477 -0.104372 -0.101986 -0.0984397 -0.0938645 -0.0883541 -0.0821518 -0.0754988 -0.0685313 -0.0614733 -0.054525 -0.0478212 -0.0415793 -0.0359005 -0.0307918 -0.02633 -0.0224828 -0.0192179 -0.0165525 -0.0143706 -0.0126155 -0.0112341 -0.0101043 -0.00922408 -0.00853071 -0.00796928 -0.00755807 -0.00721584 -0.00694998 -0.00674392 -0.00654692 -0.00640059 -0.00625168 -0.00611918 -0.00600871 -0.00588335 -0.00579141 -0.00568533 -0.00559367 -0.00551211 -0.00541804 -0.00535184 -0.00526507 -0.00520054 -0.00513019 -0.00506082 -0.00500704 -0.00493623 -0.00489162 -0.0048274 -0.00478352 -0.00473184 -0.00468439 -0.00464596 -0.00459588 -0.00456699 -0.00451836 -0.0044937 -0.00445088 -0.00442611 -0.0043918 -0.00436475 -0.00433946 -0.00431005 -0.00429261 -0.00426211 -0.00425051 -0.00422068 -0.00421285 -0.00418528 -0.00417955 -0.00415537 -0.00415066 -0.00413045 -0.00412623 -0.00411012 -0.00410629 -0.00409411 -0.00409083 -0.00408222 -0.00407983 -0.00407435 -0.00407324 -0.00407043 -0.00407105 -0.00407043 -0.00407324 -0.00407435 -0.00407983 -0.00408222 -0.00409083 -0.00409411 -0.00410629 -0.00411012 -0.00412623 -0.00413045 -0.00415066 -0.00415537 -0.00417955 -0.00418528 -0.00421285 -0.00422068 -0.00425051 -0.00426211 -0.00429261 -0.00431005 -0.00433946 -0.00436475 -0.0043918 -0.00442611 -0.00445088 -0.0044937 -0.00451836 -0.00456699 -0.00459588 -0.00464596 -0.00468439 -0.00473184 -0.00478352 -0.0048274 -0.00489162 -0.00493623 -0.00500704 -0.00506082 -0.00513019 -0.00520054 -0.00526507 -0.00535184 -0.00541804 -0.00551209 -0.00559362 -0.00568517 -0.00579098 -0.00588221 -0.00600588 -0.00611242 -0.00623629 -0.0063672 -0.00647791 -0.00660811 -0.00669554 -0.00676193 -0.00678635 -0.00671671 -0.00658426 -0.00631592 -0.00590355 -0.00533026 -0.00449265 -0.00337846 -0.00188981 5.7293e-05 0.00244882 0.00535185 0.00874333 0.0125743 0.0168703 0.0215101 0.0263511 0.0312627 0.0359889 0.0403451 0.0441657 0.0471566 0.0491115 0.04989 0.0493135 0.0473172 0.0438827 0.0389702 0.0327069 0.0253075 0.0169011 0.00767948 -0.00205182 -0.0120313 -0.0220254 -0.0317437 -0.040899 -0.0492633 -0.0566447 -0.0628523 -0.0676941 -0.0710368 
0 -0.0108463 -0.0215604 -0.032078 -0.0422964 -0.0520616 -0.0612972 -0.069985 -0.078056 -0.0854143 -0.0919837 -0.0976977 -0.102502 -0.106321 -0.109062 -0.110688 -0.111144 -0.110323 -0.10826 -0.105071 -0.100786 -0.0955116 -0.0894544 -0.0827641 -0.0756644 -0.0684033 -0.0611079 -0.0539944 -0.0472838 -0.0410486 -0.0354119 -0.0304224 -0.0260332 -0.0223052 -0.0191945 -0.0166222 -0.0145789 -0.012923 -0.0115908 -0.010549 -0.00968496 -0.00901908 -0.00849502 -0.00806427 -0.00775576 -0.00748372 -0.0072725 -0.00710129 -0.00692646 -0.00679833 -0.00665228 -0.00652667 -0.00641232 -0.00628262 -0.0061891 -0.00607194 -0.00598239 -0.00589213 -0.00579961 -0.00573386 -0.00564449 -0.00558882 -0.00551279 -0.00545379 -0.00539563 -0.00532933 -0.00528531 -0.00521669 -0.00517856 -0.00511594 -0.00507633 -0.00502581 -0.00498152 -0.00494465 -0.00489676 -0.0048711 -0.00482323 -0.00480445 -0.00476063 -0.00474446 -0.00470765 -0.00469108 -0.00466268 -0.00464427 -0.00462427 -0.00460384 -0.00459132 -0.00456949 -0.00456316 -0.00454087 -0.00453942 -0.0045176 -0.00451996 -0.00449936 -0.00450476 -0.0044859 -0.00449385 -0.00447702 -0.00448729 -0.00447261 -0.0044851 -0.00447261 -0.00448729 -0.00447702 -0.00449385 -0.0044859 -0.00450476 -0.00449936 -0.00451996 -0.0045176 -0.00453942 -0.00454087 -0.00456316 -0.00456949 -0.00459132 -0.00460384 -0.00462427 -0.00464427 -0.00466268 -0.00469108 -0.00470765 -0.00474446 -0.00476063 -0.00480445 -0.00482323 -0.0048711 -0.00489676 -0.00494465 -0.00498152 -0.00502581 -0.00507633 -0.00511594 -0.00517856 -0.00521669 -0.00528531 -0.00532933 -0.00539563 -0.00545379 -0.00551279 -0.00558882 -0.00564449 -0.00573386 -0.00579961 -0.00589212 -0.00598238 -0.0060719 -0.00618899 -0.00628232 -0.00641151 -0.00652461 -0.00664728 -0.00678677 -0.00690098 -0.00704773 -0.00716527 -0.00727928 -0.00738452 -0.0074219 -0.00743439 -0.00734399 -0.00714519 -0.00683357 -0.00631488 -0.00560493 -0.00461143 -0.00324888 -0.00150875 0.000720981 0.00343272 0.00660633 0.0102956 0.0144193 0.0189332 0.0237633 0.0286668 0.0334768 0.0380106 0.0420028 0.0452865 0.0476481 0.048848 0.0488211 0.0474973 0.0447646 0.0406559 0.0352639 0.0286973 0.0211673 0.0128953 0.0040781 -0.00503151 -0.0141943 -0.0232201 -0.0318755 -0.039914 -0.0471575 -0.05346 -0.058691 -0.0627684 -0.0656171 
0 -0.0114781 -0.0227875 -0.0338237 -0.0444807 -0.0546374 -0.0642223 -0.0731849 -0.0814374 -0.0888943 -0.0955285 -0.10135 -0.106321 -0.110334 -0.113317 -0.11524 -0.116018 -0.115588 -0.113984 -0.11122 -0.107332 -0.102441 -0.0966248 -0.0900337 -0.0829463 -0.0755392 -0.0679872 -0.0605493 -0.0533713 -0.0466222 -0.0404754 -0.0349251 -0.0300225 -0.0258029 -0.0221887 -0.0192076 -0.0167859 -0.014804 -0.0132482 -0.0119837 -0.0109653 -0.0101814 -0.00952607 -0.0090322 -0.00863814 -0.0083029 -0.00806066 -0.00782395 -0.0076383 -0.00747409 -0.0073043 -0.0071814 -0.00703285 -0.00691761 -0.00680218 -0.00668029 -0.0065915 -0.00647217 -0.00639074 -0.00629025 -0.0062023 -0.00612695 -0.00603345 -0.00597602 -0.0058882 -0.00583575 -0.00576455 -0.00570782 -0.00565676 -0.00559426 -0.005559 -0.00549541 -0.00546763 -0.0054096 -0.00538155 -0.0053341 -0.00530132 -0.0052663 -0.00522802 -0.0052044 -0.00516249 -0.00514756 -0.00510503 -0.00509565 -0.00505548 -0.00504897 -0.00501335 -0.00500787 -0.00497806 -0.00497265 -0.00494904 -0.00494344 -0.00492585 -0.00492025 -0.00490812 -0.00490301 -0.0048956 -0.00489159 -0.00488815 -0.00488591 -0.00488568 -0.00488591 -0.00488815 -0.00489159 -0.0048956 -0.00490301 -0.00490812 -0.00492025 -0.00492585 -0.00494344 -0.00494904 -0.00497265 -0.00497806 -0.00500787 -0.00501335 -0.00504897 -0.00505548 -0.00509565 -0.00510503 -0.00514756 -0.00516249 -0.0052044 -0.00522802 -0.0052663 -0.00530132 -0.0053341 -0.00538155 -0.0054096 -0.00546763 -0.00549541 -0.005559 -0.00559426 -0.00565676 -0.00570782 -0.00576455 -0.00583575 -0.0058882 -0.00597602 -0.00603345 -0.00612695 -0.0062023 -0.00629025 -0.00639074 -0.00647217 -0.00659148 -0.00668021 -0.00680197 -0.00691703 -0.00703136 -0.00717775 -0.00729573 -0.00745489 -0.00759727 -0.00774036 -0.00789843 -0.00800297 -0.00810974 -0.00814419 -0.00809968 -0.00798474 -0.00770729 -0.00730401 -0.00669782 -0.00581778 -0.00465512 -0.00306877 -0.0010408 0.00144838 0.00446709 0.00793962 0.0118767 0.0162623 0.0209368 0.0258008 0.0306541 0.0352386 0.0394151 0.0429506 0.0455856 0.0471845 0.0475922 0.0467173 0.0445804 0.0411487 0.0364515 0.0306745 0.0239878 0.016545 0.00858847 0.000378574 -0.00788416 -0.0160357 -0.023894 -0.0312511 -0.0379548 -0.0439242 -0.0490492 -0.0532211 -0.0564313 -0.0586731 
0 -0.0118502 -0.0235426 -0.0349111 -0.0458388 -0.0562645 -0.0660993 -0.0752256 -0.0835877 -0.0911774 -0.0979658 -0.10393 -0.109062 -0.113317 -0.116614 -0.118886 -0.120085 -0.12018 -0.119111 -0.116853 -0.113483 -0.109053 -0.103596 -0.0972835 -0.0903106 -0.0828512 -0.0751668 -0.067448 -0.0598618 -0.0526673 -0.0459857 -0.0398877 -0.0344762 -0.0297054 -0.0255893 -0.0221517 -0.0192808 -0.0169645 -0.0151118 -0.0135949 -0.0124141 -0.0114505 -0.0106764 -0.0100878 -0.00958323 -0.0092063 -0.00889017 -0.00861174 -0.0084055 -0.00818744 -0.00802094 -0.00785945 -0.00769845 -0.00757827 -0.00742706 -0.00731902 -0.00719438 -0.00707875 -0.00698442 -0.00686373 -0.00678661 -0.00667696 -0.00660011 -0.00651444 -0.00643002 -0.00636882 -0.0062809 -0.00623432 -0.00615315 -0.0061089 -0.00604322 -0.00599334 -0.0059461 -0.00588921 -0.00585756 -0.00579736 -0.00577527 -0.00571745 -0.00569861 -0.00564822 -0.00562803 -0.00558807 -0.00556428 -0.0055356 -0.00550794 -0.00548976 -0.00545923 -0.00544991 -0.00541808 -0.00541577 -0.00538418 -0.00538724 -0.00535713 -0.00536434 -0.00533654 -0.0053471 -0.00532208 -0.00533558 -0.00531351 -0.00532982 -0.00531066 -0.00532982 -0.00531351 -0.00533558 -0.00532208 -0.0053471 -0.00533654 -0.00536434 -0.00535713 -0.00538724 -0.00538418 -0.00541577 -0.00541808 -0.00544991 -0.00545923 -0.00548976 -0.00550794 -0.0055356 -0.00556428 -0.00558807 -0.00562803 -0.00564822 -0.00569861 -0.00571745 -0.00577527 -0.00579736 -0.00585756 -0.00588921 -0.0059461 -0.00599334 -0.00604322 -0.0061089 -0.00615315 -0.00623432 -0.0062809 -0.00636882 -0.00643002 -0.00651444 -0.00660011 -0.00667696 -0.00678661 -0.00686373 -0.00698441 -0.00707873 -0.00719433 -0.00731887 -0.00742666 -0.00757722 -0.00769582 -0.00785319 -0.00800667 -0.00815642 -0.00834118 -0.00848465 -0.00865088 -0.00877693 -0.00884841 -0.00888658 -0.0087958 -0.0086198 -0.00829656 -0.00777227 -0.00705931 -0.00602225 -0.00463398 -0.00283565 -0.000525217 0.00224668 0.00551754 0.00928363 0.0134485 0.0179964 0.0227696 0.0275486 0.0321919 0.0364622 0.0401497 0.0430908 0.0450274 0.0457983 0.0453665 0.0436712 0.0407242 0.0366284 0.031499 0.025508 0.0188543 0.0117115 0.00428976 -0.00316281 -0.0104378 -0.0173864 -0.0238874 -0.0298226 -0.0351056 -0.0397041 -0.043581 -0.0466798 -0.0489936 -0.0505474 
0 -0.01195 -0.0237736 -0.0352828 -0.0463472 -0.0569015 -0.0668226 -0.0760035 -0.0844638 -0.092213 -0.0991733 -0.10532 -0.110688 -0.11524 -0.118886 -0.121581 -0.123305 -0.123992 -0.123552 -0.121949 -0.119196 -0.115302 -0.110336 -0.104407 -0.0976476 -0.0902944 -0.0825833 -0.0746746 -0.0668066 -0.0591946 -0.0519817 -0.0453548 -0.0393737 -0.0340402 -0.0294237 -0.0254697 -0.0221524 -0.0194574 -0.0172393 -0.0154618 -0.0140399 -0.0128664 -0.0119593 -0.0112162 -0.0106246 -0.0101773 -0.00978227 -0.00948841 -0.00922257 -0.00898327 -0.00879429 -0.00858321 -0.00842333 -0.0082521 -0.00809429 -0.00796601 -0.00781268 -0.00770899 -0.00757738 -0.00747529 -0.00737539 -0.00726569 -0.00719095 -0.00708085 -0.00701485 -0.00691783 -0.00684664 -0.00677125 -0.00669084 -0.00663629 -0.00655196 -0.00651057 -0.00643174 -0.00639419 -0.00632888 -0.00628845 -0.0062404 -0.00619459 -0.00616307 -0.00611299 -0.00609436 -0.00604313 -0.00603276 -0.00598386 -0.00597756 -0.00593385 -0.0059286 -0.00589183 -0.00588597 -0.00585684 -0.0058498 -0.00582821 -0.00582021 -0.00580554 -0.00579722 -0.00578863 -0.00578083 -0.00577738 -0.00577102 -0.00577175 -0.00576775 -0.00577175 -0.00577102 -0.00577738 -0.00578083 -0.00578863 -0.00579722 -0.00580554 -0.00582021 -0.00582821 -0.0058498 -0.00585684 -0.00588597 -0.00589183 -0.0059286 -0.00593385 -0.00597756 -0.00598386 -0.00603276 -0.00604313 -0.00609436 -0.00611299 -0.00616307 -0.00619459 -0.0062404 -0.00628845 -0.00632888 -0.00639419 -0.00643174 -0.00651057 -0.00655196 -0.00663629 -0.00669084 -0.00677125 -0.00684664 -0.00691783 -0.00701485 -0.00708085 -0.00719095 -0.00726569 -0.00737539 -0.00747529 -0.00757737 -0.00770896 -0.00781258 -0.00796573 -0.00809356 -0.00825023 -0.00841882 -0.00857274 -0.00877114 -0.00893443 -0.0091243 -0.00929995 -0.00943773 -0.00957664 -0.00962465 -0.00962351 -0.0095239 -0.00927478 -0.00890287 -0.0082928 -0.00742654 -0.00623834 -0.00460742 -0.00254594 1.5557e-05 0.00308154 0.0065878 0.0105637 0.0149194 0.019528 0.0242717 0.0289032 0.0332261 0.0370775 0.0402085 0.0424242 0.0435698 0.0435103 0.0422333 0.0397681 0.0361475 0.0315136 0.0260856 0.0200557 0.0135932 0.0069067 0.000230681 -0.00625934 -0.0124238 -0.0180892 -0.0231423 -0.0275943 -0.0314525 -0.0346751 -0.0372711 -0.0392864 -0.0407311 -0.0416284 
0 -0.0118123 -0.0235189 -0.0349545 -0.0459742 -0.0564754 -0.0663559 -0.0755628 -0.0840979 -0.0919394 -0.0990644 -0.105477 -0.111144 -0.116018 -0.120085 -0.123305 -0.125608 -0.126946 -0.127245 -0.126397 -0.124347 -0.121119 -0.116756 -0.111315 -0.104932 -0.0978146 -0.0901624 -0.0821928 -0.0741292 -0.0661537 -0.0584959 -0.0513467 -0.0447849 -0.0389053 -0.0337269 -0.0292243 -0.0254312 -0.0222696 -0.0196708 -0.0175875 -0.0158774 -0.0145088 -0.0134132 -0.0125086 -0.0118143 -0.0112373 -0.0107759 -0.0104147 -0.0100825 -0.00982943 -0.00958345 -0.00936636 -0.00918283 -0.00898196 -0.00883067 -0.00865755 -0.00851142 -0.00837547 -0.00822713 -0.00812003 -0.0079809 -0.00788399 -0.00776894 -0.00766851 -0.00758223 -0.00747733 -0.0074121 -0.00731148 -0.00725389 -0.00716787 -0.00710703 -0.00704106 -0.00697298 -0.0069259 -0.00685313 -0.00681915 -0.00674768 -0.00671972 -0.00665571 -0.00662798 -0.00657564 -0.00654484 -0.00650581 -0.00647111 -0.00644489 -0.00640714 -0.00639197 -0.00635285 -0.0063465 -0.00630782 -0.0063082 -0.00627146 -0.00627695 -0.00624317 -0.00625267 -0.00622243 -0.00623535 -0.00620883 -0.00622497 -0.0062021 -0.00622151 -0.0062021 -0.00622497 -0.00620883 -0.00623535 -0.00622243 -0.00625267 -0.00624317 -0.00627695 -0.00627146 -0.0063082 -0.00630782 -0.0063465 -0.00635285 -0.00639197 -0.00640714 -0.00644489 -0.00647111 -0.00650581 -0.00654484 -0.00657564 -0.00662798 -0.00665571 -0.00671972 -0.00674768 -0.00681915 -0.00685313 -0.0069259 -0.00697298 -0.00704106 -0.00710703 -0.00716787 -0.00725389 -0.00731148 -0.0074121 -0.00747733 -0.00758223 -0.00766851 -0.00776894 -0.00788399 -0.0079809 -0.00812002 -0.00822711 -0.00837541 -0.00851123 -0.00865705 -0.00882937 -0.00897875 -0.00917526 -0.00934932 -0.00954686 -0.00975446 -0.00993602 -0.0101418 -0.010291 -0.0104149 -0.0104807 -0.010435 -0.0103094 -0.0100132 -0.00953948 -0.00884166 -0.00780838 -0.00642272 -0.00458378 -0.00225291 0.000543194 0.00384071 0.00758246 0.0117153 0.0161848 0.0208062 0.0254005 0.0297793 0.0337135 0.0370239 0.0395099 0.0409598 0.0412658 0.0403969 0.0383571 0.035202 0.0310519 0.0260874 0.0205254 0.0145952 0.00850434 0.00244863 -0.00335062 -0.00873036 -0.0136329 -0.0179714 -0.0216362 -0.0246498 -0.0270922 -0.028975 -0.0303468 -0.0313234 -0.0319596 -0.0322852 
0 -0.011483 -0.0228468 -0.0339701 -0.0447279 -0.0550127 -0.0647652 -0.0739442 -0.0824911 -0.0903972 -0.097704 -0.104372 -0.110323 -0.115588 -0.12018 -0.123992 -0.126946 -0.129015 -0.130088 -0.130041 -0.128814 -0.126374 -0.122731 -0.117941 -0.112084 -0.105312 -0.0978493 -0.0899248 -0.0817447 -0.0735287 -0.0655059 -0.0578648 -0.0507681 -0.0443192 -0.0385442 -0.033486 -0.0291457 -0.0254802 -0.0224676 -0.0200033 -0.0179969 -0.0163877 -0.015063 -0.0140006 -0.0131445 -0.0124374 -0.0118891 -0.0114226 -0.0110452 -0.0107335 -0.0104431 -0.0102128 -0.0099796 -0.00977844 -0.00959277 -0.00940082 -0.00924754 -0.00907158 -0.00893083 -0.00878382 -0.00864416 -0.00852839 -0.0083925 -0.00829756 -0.00817619 -0.00808775 -0.00798953 -0.0078987 -0.00782416 -0.00773086 -0.00767315 -0.00758337 -0.00753284 -0.0074538 -0.00740262 -0.00733899 -0.00728345 -0.00723602 -0.00717646 -0.00714287 -0.00708217 -0.00705852 -0.00700035 -0.00698264 -0.00693021 -0.0069153 -0.00687072 -0.00685665 -0.00682085 -0.00680677 -0.00677976 -0.00676561 -0.00674679 -0.00673303 -0.00672151 -0.00670884 -0.00670361 -0.00669284 -0.00669294 -0.00668488 -0.00668939 -0.00668488 -0.00669294 -0.00669284 -0.00670361 -0.00670884 -0.00672151 -0.00673303 -0.00674679 -0.00676561 -0.00677976 -0.00680677 -0.00682085 -0.00685665 -0.00687072 -0.0069153 -0.00693021 -0.00698264 -0.00700035 -0.00705852 -0.00708217 -0.00714287 -0.00717646 -0.00723602 -0.00728345 -0.00733899 -0.00740262 -0.0074538 -0.00753284 -0.00758337 -0.00767315 -0.00773086 -0.00782416 -0.0078987 -0.00798953 -0.00808775 -0.00817619 -0.00829756 -0.0083925 -0.00852839 -0.00864415 -0.0087838 -0.00893079 -0.00907145 -0.0092472 -0.00939992 -0.00959052 -0.00977304 -0.00996723 -0.0101858 -0.0103867 -0.0106211 -0.0108319 -0.0110362 -0.0112212 -0.011334 -0.0113985 -0.011345 -0.0111632 -0.0108267 -0.0102531 -0.00942153 -0.00823642 -0.00662989 -0.00457786 -0.00202631 0.00100137 0.00448421 0.0084068 0.012677 0.0171778 0.0217341 0.0261191 0.0301349 0.0335928 0.0362897 0.0380396 0.0387105 0.0382358 0.0366205 0.0339264 0.030234 0.025698 0.0205744 0.0150888 0.00943689 0.00388076 -0.00135874 -0.00616439 -0.0104183 -0.0140297 -0.0169942 -0.0193193 -0.0210143 -0.0221368 -0.0227753 -0.0230518 -0.0231054 -0.0230189 -0.0228427 
