0 0 0 0 0 0 0 0 0 0 0 0 0 0 0 0 0 0 0 0 0 0 0 0 0 0 0 0 0 0 0 0 0 0 0 0 0 0 0 0 0 0 0 0 0 0 0 0 0 0 0 0 0 0 0 0 0 0 0 0 0 0 0 0 0 0 0 0 0 0 0 0 0 0 0 0 0 0 0 0 0 0 0 0 0 0 0 0 0 0 0 0 0 0 0 0 0 0 0 0 0 0 0 0 0 0 0 0 0 0 0 0 0 0 0 0 0 0 0 0 0 0 0 0 0 0 0 0 0 0 0 0 0 0 0 0 0 0 0 0 0 0 0 0 0 0 0 0 0 0 0 0 0 0 0 0 0 0 0 0 0 0 0 0 0 0 0 0 0 0 0 0 0 0 0 0 0 0 0 0 0 0 0 0 0 0 0 0 0 0 0 0 0 0 0 0 0 0 0 0 
0 0.000507132 0.00113266 0.00174396 0.00227887 0.00285866 0.00347644 0.00403326 0.00455549 0.00505106 0.00542679 0.00564807 0.00571707 0.00560114 0.00527948 0.00470894 0.00386429 0.00281767 0.00159252 0.000162701 -0.00137112 -0.00289525 -0.00437979 -0.0057699 -0.00701 -0.00803648 -0.00876155 -0.00919667 -0.0093802 -0.00929903 -0.00897718 -0.00843952 -0.00773644 -0.00696725 -0.00616912 -0.00536829 -0.00459109 -0.00383698 -0.00315187 -0.00255839 -0.00206007 -0.0016691 -0.00135202 -0.00110084 -0.000902883 -0.000738311 -0.000617945 -0.000522217 -0.000454407 -0.000409582 -0.000373161 -0.000354529 -0.000335723 -0.000325117 -0.000317374 -0.000308433 -0.000307343 -0.000300884 -0.000301916 -0.000299637 -0.000299322 -0.000300668 -0.00029789 -0.000300346 -0.000296028 -0.000296916 -0.00029269 -0.000290632 -0.000287657 -0.000282923 -0.000281446 -0.000275394 -0.000274956 -0.000269185 -0.000269067 -0.000264777 -0.000264373 -0.000262108 -0.000261101 -0.000260805 -0.00025916 -0.000260402 -0.000258273 -0.000260483 -0.0002581 -0.000260742 -0.000258327 -0.000260996 -0.000258718 -0.000261161 -0.00025912 -0.000261219 -0.000259455 -0.000261195 -0.000259698 -0.000261127 -0.000259854 -0.000261056 -0.000259937 -0.000261013 -0.000259963 -0.000261013 -0.000259937 -0.000261056 -0.000259854 -0.000261127 -0.000259698 -0.000261195 -0.000259455 -0.000261219 -0.00025912 -0.000261161 -0.000258718 -0.000260996 -0.000258327 -0.000260742 -0.0002581 -0.000260483 -0.000258273 -0.000260402 -0.00025916 -0.000260805 -0.000261101 -0.000262108 -0.000264373 -0.000264777 -0.000269067 -0.000269185 -0.000274956 -0.000275394 -0.000281446 -0.000282923 -0.000287657 -0.000290632 -0.00029269 -0.000296916 -0.000296028 -0.000300346 -0.000297889 -0.000300664 -0.000299309 -0.000299599 -0.00030181 -0.000300599 -0.000306616 -0.000306665 -0.000313277 -0.000316081 -0.000316764 -0.000316735 -0.000301642 -0.000281203 -0.000235876 -0.000169294 -7.62989e-05 5.44187e-05 0.000209993 0.000410406 0.000653435 0.000956598 0.0013513 0.00183847 0.00243993 0.00313222 0.00388359 0.00468518 0.00550206 0.0063345 0.00714938 0.00786337 0.00842307 0.00876364 0.00886837 0.00874982 0.00834831 0.00763634 0.00663452 0.00538007 0.00396319 0.00241679 0.000756215 -0.000889809 -0.00242465 -0.00383327 -0.0050771 -0.00612657 -0.00694313 -0.00749083 -0.00783529 -0.00800747 -0.00795142 -0.00774918 -0.007523 -0.00721026 -0.00679448 -0.00642481 -0.00611882 -0.00578597 -0.00550606 -0.00537412 
0 0.00113266 0.00227358 0.00341049 0.00456567 0.00575802 0.00693598 0.00804634 0.00907593 0.00998969 0.0107178 0.0111774 0.0112961 0.0110418 0.0103651 0.00918639 0.00752694 0.00547095 0.00302779 0.00023665 -0.00275362 -0.00578924 -0.00873587 -0.0114806 -0.0139236 -0.0159129 -0.0173428 -0.0182251 -0.0185823 -0.0184395 -0.0178282 -0.0167869 -0.0154391 -0.0139221 -0.0123274 -0.0107326 -0.00916772 -0.00767615 -0.00632461 -0.00514518 -0.00416922 -0.00338362 -0.00275003 -0.00224691 -0.0018341 -0.00150295 -0.00124407 -0.00104249 -0.000902233 -0.000801222 -0.000737086 -0.000698057 -0.000670846 -0.000658931 -0.000646135 -0.000640127 -0.000632783 -0.000624502 -0.00061925 -0.000608693 -0.000603673 -0.000593899 -0.000588132 -0.000581616 -0.000575198 -0.000572357 -0.000566181 -0.000565717 -0.000560789 -0.00056083 -0.000557702 -0.000556792 -0.000555374 -0.000552909 -0.000552636 -0.000548786 -0.000548925 -0.000544299 -0.000544218 -0.000539525 -0.000538833 -0.00053465 -0.000533213 -0.000529891 -0.000527769 -0.000525442 -0.00052281 -0.000521451 -0.000518515 -0.000518011 -0.000514963 -0.000515165 -0.000512154 -0.000512922 -0.00051005 -0.000511267 -0.000508598 -0.00051018 -0.000507749 -0.000509642 -0.000507469 -0.000509642 -0.000507749 -0.00051018 -0.000508598 -0.000511267 -0.00051005 -0.000512922 -0.000512154 -0.000515165 -0.000514963 -0.000518011 -0.000518515 -0.000521451 -0.00052281 -0.000525442 -0.000527769 -0.000529891 -0.000533213 -0.00053465 -0.000538833 -0.000539525 -0.000544218 -0.000544299 -0.000548925 -0.000548786 -0.000552636 -0.000552909 -0.000555374 -0.000556792 -0.000557702 -0.00056083 -0.000560789 -0.000565717 -0.000566181 -0.000572357 -0.000575198 -0.000581615 -0.000588129 -0.000593888 -0.00060364 -0.000608597 -0.000618987 -0.000623814 -0.000631061 -0.000636016 -0.00063678 -0.000638648 -0.000628993 -0.000615928 -0.000583946 -0.000530023 -0.000446124 -0.000313434 -0.000134298 0.000111848 0.000425252 0.000817593 0.00131706 0.00194182 0.00274203 0.00373875 0.00493288 0.00630672 0.0077964 0.00936808 0.0109892 0.0126175 0.0141996 0.0156023 0.0166924 0.01738 0.0175985 0.0173264 0.0165072 0.0150803 0.0130935 0.0106451 0.00784492 0.00479568 0.00157596 -0.00165669 -0.00471227 -0.00750958 -0.00998998 -0.0120551 -0.0136507 -0.0147784 -0.0154833 -0.0158198 -0.0157994 -0.015475 -0.0149727 -0.014352 -0.0136299 -0.0129026 -0.0122485 -0.01166 -0.0111668 -0.0108261 
0 0.00174396 0.00341049 0.00511301 0.0068946 0.00864144 0.0103319 0.0119885 0.0135038 0.0147844 0.0157983 0.0164257 0.0165479 0.0161201 0.0150502 0.0132805 0.0108592 0.00780161 0.00416022 9.83815e-05 -0.00424452 -0.00869133 -0.0130028 -0.0170224 -0.0205779 -0.0234692 -0.0256131 -0.0269579 -0.0274973 -0.0273055 -0.0264155 -0.0249236 -0.0230024 -0.0207894 -0.0184509 -0.0160946 -0.0137727 -0.0115842 -0.00958103 -0.00782401 -0.00635895 -0.00515085 -0.00418748 -0.00341396 -0.00278527 -0.00229383 -0.0018971 -0.00160152 -0.0013849 -0.00122721 -0.00113 -0.00105682 -0.00101674 -0.00098764 -0.000965709 -0.000955791 -0.00093854 -0.000933435 -0.00092041 -0.000912949 -0.000905453 -0.000894307 -0.00089102 -0.000878613 -0.000876331 -0.000865942 -0.000861851 -0.000855388 -0.00084849 -0.000845824 -0.000836924 -0.000836497 -0.000827308 -0.000827195 -0.000819363 -0.000818099 -0.000812615 -0.000809539 -0.000806621 -0.000801803 -0.000801083 -0.000795049 -0.000795871 -0.000789304 -0.00079098 -0.000784505 -0.000786472 -0.000780548 -0.000782433 -0.000777325 -0.000778936 -0.000774745 -0.000776036 -0.000772739 -0.000773765 -0.000771264 -0.000772139 -0.000770292 -0.000771163 -0.000769809 -0.000770838 -0.000769809 -0.000771163 -0.000770292 -0.000772139 -0.000771264 -0.000773765 -0.000772739 -0.000776036 -0.000774745 -0.000778936 -0.000777325 -0.000782433 -0.000780548 -0.000786472 -0.000784505 -0.00079098 -0.000789304 -0.000795871 -0.000795049 -0.000801083 -0.000801803 -0.000806621 -0.000809539 -0.000812615 -0.000818099 -0.000819363 -0.000827195 -0.000827308 -0.000836497 -0.000836924 -0.000845824 -0.00084849 -0.000855388 -0.000861851 -0.000865942 -0.00087633 -0.000878611 -0.000891012 -0.000894282 -0.000905381 -0.000912749 -0.000919876 -0.000932074 -0.000935224 -0.00094808 -0.0009486 -0.000951454 -0.000943835 -0.000917 -0.000874889 -0.000784414 -0.000653533 -0.000450453 -0.000166466 0.000202319 0.00068949 0.00128992 0.00205427 0.00301952 0.0042222 0.00571878 0.00748465 0.00950237 0.0117151 0.0140412 0.0164508 0.0188474 0.0211207 0.0231336 0.0246872 0.0256684 0.0259788 0.0255199 0.0242659 0.022172 0.0192738 0.015715 0.0116045 0.00710921 0.00243871 -0.00225043 -0.00674808 -0.0108629 -0.0145037 -0.0175511 -0.0199348 -0.0216888 -0.0228043 -0.0233183 -0.0233747 -0.0230289 -0.0223215 -0.0214356 -0.0204913 -0.0194773 -0.018485 -0.0176599 -0.0169974 -0.0164717 
0 0.00227887 0.00456567 0.0068946 0.00921906 0.0114726 0.0136779 0.0158119 0.0177419 0.0193549 0.0205615 0.0212541 0.0213312 0.0206633 0.0191585 0.0168359 0.0136726 0.00964104 0.00490821 -0.000320018 -0.00589921 -0.0115936 -0.0171474 -0.022325 -0.0268608 -0.0305972 -0.0334272 -0.0352202 -0.0359781 -0.0357566 -0.0346324 -0.0327844 -0.0303623 -0.0275391 -0.0245245 -0.0214376 -0.0184159 -0.0155639 -0.012936 -0.010629 -0.00865648 -0.00701924 -0.00570488 -0.00463624 -0.00379352 -0.003123 -0.00259218 -0.0021984 -0.00189362 -0.00168472 -0.00153644 -0.00143224 -0.0013712 -0.0013183 -0.00129251 -0.00126629 -0.00124894 -0.00123864 -0.001222 -0.00121913 -0.00120448 -0.00120122 -0.00119108 -0.00118287 -0.00117738 -0.00116417 -0.00116108 -0.0011459 -0.00114227 -0.00112876 -0.00112264 -0.00111317 -0.0011042 -0.00109925 -0.00108842 -0.00108703 -0.0010759 -0.00107643 -0.00106649 -0.00106734 -0.0010596 -0.00105965 -0.0010545 -0.00105318 -0.00105056 -0.00104778 -0.00104732 -0.0010433 -0.00104454 -0.0010396 -0.00104209 -0.00103661 -0.00103996 -0.00103425 -0.00103822 -0.0010325 -0.00103691 -0.00103134 -0.0010361 -0.00103076 -0.00103583 -0.00103076 -0.0010361 -0.00103134 -0.00103691 -0.0010325 -0.00103822 -0.00103425 -0.00103996 -0.00103661 -0.00104209 -0.0010396 -0.00104454 -0.0010433 -0.00104732 -0.00104778 -0.00105056 -0.00105318 -0.0010545 -0.00105965 -0.0010596 -0.00106734 -0.00106649 -0.00107643 -0.0010759 -0.00108703 -0.00108842 -0.00109925 -0.0011042 -0.00111317 -0.00112264 -0.00112876 -0.00114227 -0.0011459 -0.00116108 -0.00116417 -0.00117738 -0.00118287 -0.00119106 -0.00120117 -0.00120433 -0.00121874 -0.00122098 -0.00123612 -0.00124298 -0.00125283 -0.00126348 -0.00125864 -0.00125431 -0.00121406 -0.0011485 -0.00102743 -0.000831391 -0.000557675 -0.000162024 0.000344971 0.00100388 0.00184059 0.00288195 0.00420673 0.0058336 0.00781121 0.0101393 0.0127622 0.0156547 0.0187143 0.0218524 0.0249584 0.0278379 0.030344 0.0322901 0.0334929 0.0338393 0.0331822 0.0314723 0.0287514 0.0250403 0.0204564 0.0151663 0.00936743 0.00336418 -0.00261575 -0.008409 -0.0137557 -0.0184592 -0.0224422 -0.0256366 -0.0280223 -0.0295994 -0.0303947 -0.0305695 -0.0302702 -0.0295291 -0.0284813 -0.0273297 -0.0261298 -0.0249247 -0.0238632 -0.0230235 -0.022408 
0 0.00285866 0.00575802 0.00864144 0.0114726 0.0142686 0.0169685 0.0194658 0.0216993 0.0235539 0.0248701 0.0255658 0.0255149 0.024527 0.0225726 0.0196759 0.0157581 0.0108708 0.00521017 -0.00106094 -0.00771684 -0.0144966 -0.0211518 -0.02732 -0.0327161 -0.0372145 -0.0406336 -0.042854 -0.0438596 -0.0436555 -0.0424101 -0.0403068 -0.0374775 -0.0341531 -0.0305165 -0.0267568 -0.0230883 -0.0195975 -0.0163999 -0.0135647 -0.0110952 -0.00904084 -0.00734577 -0.00597429 -0.00489184 -0.00401412 -0.0033421 -0.00281756 -0.00242242 -0.0021491 -0.00194244 -0.00181891 -0.00172778 -0.00167004 -0.00163719 -0.00160065 -0.00158798 -0.0015606 -0.0015476 -0.00152981 -0.00151032 -0.00150144 -0.00147863 -0.00147412 -0.00145432 -0.00144879 -0.0014364 -0.00142681 -0.00142222 -0.00140878 -0.0014092 -0.0013943 -0.00139576 -0.00138227 -0.00138152 -0.00137146 -0.00136688 -0.00136099 -0.00135255 -0.00135045 -0.00133918 -0.00133984 -0.00132722 -0.00132945 -0.00131686 -0.00131964 -0.00130812 -0.00131075 -0.00130092 -0.001303 -0.00129511 -0.00129654 -0.00129056 -0.00129141 -0.00128715 -0.0012876 -0.00128477 -0.00128509 -0.00128337 -0.00128385 -0.00128291 -0.00128385 -0.00128337 -0.00128509 -0.00128477 -0.0012876 -0.00128715 -0.00129141 -0.00129056 -0.00129654 -0.00129511 -0.001303 -0.00130092 -0.00131075 -0.00130812 -0.00131964 -0.00131686 -0.00132945 -0.00132722 -0.00133984 -0.00133918 -0.00135045 -0.00135255 -0.00136099 -0.00136688 -0.00137146 -0.00138152 -0.00138227 -0.00139576 -0.0013943 -0.0014092 -0.00140878 -0.00142222 -0.00142681 -0.0014364 -0.00144879 -0.00145431 -0.00147411 -0.00147859 -0.00150133 -0.00151004 -0.00152907 -0.00154573 -0.0015561 -0.00157765 -0.00157804 -0.00158992 -0.00157575 -0.00154845 -0.0014937 -0.00138 -0.00122057 -0.000956639 -0.000598664 -0.000107846 0.000549064 0.00137715 0.00245969 0.00381323 0.00550895 0.00759661 0.0100603 0.0129324 0.0161457 0.0196504 0.0233819 0.0271631 0.030857 0.0342522 0.0371383 0.0393803 0.040746 0.0410522 0.0401773 0.0380254 0.0346831 0.0302366 0.0247465 0.0184379 0.0115674 0.00441463 -0.00270748 -0.00960941 -0.0160614 -0.0217668 -0.0266221 -0.0305949 -0.0336021 -0.0356729 -0.0368923 -0.0373293 -0.0371421 -0.0364851 -0.0354387 -0.0341571 -0.0328327 -0.0315494 -0.03036 -0.0293756 -0.0286833 
0 0.00347644 0.00693598 0.0103319 0.0136779 0.0169685 0.0200703 0.0228682 0.0253152 0.0272878 0.0286308 0.0292232 0.0289075 0.0275725 0.0251864 0.021676 0.0170461 0.0114379 0.00496184 -0.00219648 -0.009735 -0.0174191 -0.0249376 -0.0318982 -0.0380641 -0.043217 -0.047153 -0.0497949 -0.0510438 -0.0509343 -0.0496663 -0.0473733 -0.0442597 -0.0405396 -0.0363821 -0.0320755 -0.0278167 -0.0237479 -0.0200207 -0.0166486 -0.0137007 -0.0112001 -0.00910189 -0.00742138 -0.00606344 -0.00498948 -0.00416156 -0.00350078 -0.00302239 -0.00265639 -0.00239824 -0.00222875 -0.00209741 -0.0020297 -0.00196635 -0.00193234 -0.00190526 -0.00187465 -0.00186464 -0.00183425 -0.00182702 -0.00180332 -0.00179022 -0.00177723 -0.00175686 -0.00175255 -0.00172907 -0.0017277 -0.00170692 -0.00170289 -0.00168886 -0.00167931 -0.00167292 -0.00165815 -0.00165765 -0.00164002 -0.00164242 -0.00162491 -0.00162727 -0.00161237 -0.00161266 -0.0016018 -0.00159907 -0.00159269 -0.00158691 -0.00158468 -0.00157639 -0.00157759 -0.00156755 -0.00157136 -0.00156035 -0.00156602 -0.00155468 -0.00156164 -0.00155042 -0.00155829 -0.00154746 -0.00155602 -0.00154571 -0.00155487 -0.00154514 -0.00155487 -0.00154571 -0.00155602 -0.00154746 -0.00155829 -0.00155042 -0.00156164 -0.00155468 -0.00156602 -0.00156035 -0.00157136 -0.00156755 -0.00157759 -0.00157639 -0.00158468 -0.00158691 -0.00159269 -0.00159907 -0.0016018 -0.00161266 -0.00161237 -0.00162727 -0.00162491 -0.00164242 -0.00164002 -0.00165765 -0.00165815 -0.00167292 -0.00167931 -0.00168886 -0.00170289 -0.00170692 -0.0017277 -0.00172907 -0.00175255 -0.00175685 -0.0017772 -0.00179015 -0.00180312 -0.00182648 -0.00183288 -0.0018613 -0.00186687 -0.00188794 -0.00189553 -0.00189171 -0.00188527 -0.0018308 -0.00175918 -0.00160853 -0.0013863 -0.00106398 -0.000594868 7.78161e-06 0.000827222 0.00187068 0.00320603 0.00490999 0.00698964 0.00952409 0.0124806 0.0158478 0.0196217 0.0236926 0.0280007 0.0323556 0.036519 0.0403152 0.0434903 0.0458772 0.047292 0.0474749 0.0463272 0.0437928 0.0398911 0.0347774 0.0285465 0.0213956 0.0136558 0.00557967 -0.00252875 -0.0103494 -0.017682 -0.0242894 -0.0299706 -0.0346703 -0.0383305 -0.0409583 -0.0426711 -0.0435159 -0.0435766 -0.0430871 -0.0422037 -0.0409932 -0.0396359 -0.038325 -0.037129 -0.0361054 -0.0353476 
0 0.00403326 0.00804634 0.0119885 0.0158119 0.0194658 0.0228682 0.0259143 0.0284878 0.0304717 0.0317254 0.0320698 0.0314054 0.0297086 0.0268536 0.0227481 0.0175175 0.0112767 0.00410852 -0.00373414 -0.0119747 -0.0203382 -0.0284541 -0.0360433 -0.0428403 -0.0485201 -0.0529291 -0.0559436 -0.057448 -0.0575369 -0.0563134 -0.0539343 -0.0506574 -0.0466322 -0.0421075 -0.0373669 -0.0325929 -0.0280317 -0.0237832 -0.0199019 -0.0164885 -0.013513 -0.0110229 -0.00899407 -0.00734435 -0.00606876 -0.00504903 -0.00426597 -0.00367612 -0.00321296 -0.00290049 -0.00265585 -0.00249827 -0.00239139 -0.00230548 -0.00226762 -0.00221577 -0.00219872 -0.0021705 -0.00215009 -0.00213982 -0.00211166 -0.00210955 -0.00208008 -0.00207524 -0.00205236 -0.00203834 -0.00202566 -0.00200256 -0.00199838 -0.00197107 -0.00197061 -0.00194524 -0.00194358 -0.00192479 -0.00191878 -0.00190849 -0.00189731 -0.00189494 -0.0018796 -0.00188305 -0.00186546 -0.00187216 -0.00185436 -0.00186202 -0.00184565 -0.00185264 -0.00183872 -0.00184414 -0.00183315 -0.0018367 -0.00182865 -0.00183045 -0.00182508 -0.0018255 -0.0018224 -0.00182193 -0.00182059 -0.00181978 -0.00181968 -0.00181906 -0.00181968 -0.00181978 -0.00182059 -0.00182193 -0.0018224 -0.0018255 -0.00182508 -0.00183045 -0.00182865 -0.0018367 -0.00183315 -0.00184414 -0.00183872 -0.00185264 -0.00184565 -0.00186202 -0.00185436 -0.00187216 -0.00186546 -0.00188305 -0.0018796 -0.00189494 -0.00189731 -0.00190849 -0.00191878 -0.00192479 -0.00194358 -0.00194524 -0.00197061 -0.00197107 -0.00199838 -0.00200256 -0.00202566 -0.00203834 -0.00205236 -0.00207522 -0.00208002 -0.0021094 -0.00211127 -0.00213882 -0.00214764 -0.0021647 -0.00218563 -0.00218749 -0.00220934 -0.0021908 -0.00217602 -0.00211227 -0.00199521 -0.00181938 -0.00151757 -0.00111989 -0.000543654 0.000213925 0.00119658 0.00249428 0.00411367 0.00617026 0.00867008 0.0116255 0.0150684 0.018917 0.0231874 0.0277886 0.0325642 0.0373698 0.0419032 0.0459522 0.049314 0.051722 0.0530278 0.0530206 0.051557 0.0486607 0.0443088 0.0386097 0.0317846 0.0240102 0.0155852 0.00681447 -0.00204385 -0.0106128 -0.0186215 -0.0259533 -0.0323998 -0.0377949 -0.0421237 -0.0453895 -0.0476416 -0.0489747 -0.0494759 -0.0493142 -0.0486947 -0.0477318 -0.0465398 -0.045293 -0.0441329 -0.0431567 -0.0424437 
0 0.00455549 0.00907593 0.0135038 0.0177419 0.0216993 0.0253152 0.0284878 0.031074 0.0329535 0.0339859 0.0340204 0.0329968 0.0308496 0.0274592 0.0228419 0.01711 0.0103373 0.00267929 -0.00564538 -0.0143947 -0.0231953 -0.0317318 -0.0397863 -0.047005 -0.0530924 -0.0578843 -0.0612001 -0.0630213 -0.0633822 -0.0622988 -0.0599855 -0.0566308 -0.0524227 -0.0476691 -0.0425711 -0.0373987 -0.0324005 -0.0276622 -0.0233384 -0.0194566 -0.0160374 -0.0131553 -0.0107353 -0.00879229 -0.00725225 -0.00602141 -0.00509526 -0.00435554 -0.00381371 -0.00341485 -0.00311257 -0.00292797 -0.00277281 -0.00268968 -0.00261995 -0.00256641 -0.00254044 -0.00249219 -0.00248072 -0.00244101 -0.00242562 -0.0024019 -0.00237619 -0.00236825 -0.00233594 -0.00233606 -0.00230547 -0.00230403 -0.00228218 -0.00227282 -0.00226231 -0.00224376 -0.00224274 -0.00221788 -0.00222196 -0.00219547 -0.00219995 -0.00217624 -0.00217762 -0.00215962 -0.00215612 -0.00214504 -0.00213645 -0.00213211 -0.00211924 -0.00212061 -0.00210475 -0.00211048 -0.00209294 -0.00210175 -0.00208364 -0.0020945 -0.00207658 -0.00208879 -0.00207153 -0.00208467 -0.00206828 -0.00208219 -0.00206669 -0.00208136 -0.00206669 -0.00208219 -0.00206828 -0.00208467 -0.00207153 -0.00208879 -0.00207658 -0.0020945 -0.00208364 -0.00210175 -0.00209294 -0.00211048 -0.00210475 -0.00212061 -0.00211924 -0.00213211 -0.00213645 -0.00214504 -0.00215612 -0.00215962 -0.00217762 -0.00217624 -0.00219995 -0.00219547 -0.00222196 -0.00221788 -0.00224274 -0.00224376 -0.00226231 -0.00227282 -0.00228218 -0.00230403 -0.00230547 -0.00233606 -0.00233593 -0.00236822 -0.00237609 -0.00240163 -0.00242492 -0.00243924 -0.00247646 -0.00248241 -0.00251899 -0.00252147 -0.00253002 -0.00251788 -0.00245951 -0.00238235 -0.00220422 -0.00196659 -0.00159582 -0.00107987 -0.00040566 0.000522786 0.00169478 0.00323504 0.00518542 0.0075864 0.0105192 0.0139173 0.017816 0.0221654 0.026882 0.0319296 0.0370819 0.0421564 0.0469265 0.0510935 0.0544871 0.0568366 0.0579188 0.0576444 0.0558701 0.0525903 0.047851 0.0416953 0.0343903 0.0262029 0.0173322 0.0080899 -0.00123484 -0.0103468 -0.0189258 -0.0268194 -0.0338944 -0.0399468 -0.0449214 -0.0488496 -0.0517304 -0.0536502 -0.0547475 -0.0551136 -0.0548834 -0.0542608 -0.0534074 -0.0524192 -0.0514125 -0.050551 -0.0499454 
0 0.00505106 0.00998969 0.0147844 0.0193549 0.0235539 0.0272878 0.0304717 0.0329535 0.0345937 0.0353067 0.0350035 0.0335652 0.0308978 0.0270143 0.0219757 0.015814 0.00864762 0.00067131 -0.00795202 -0.0169472 -0.0259638 -0.0347642 -0.0430628 -0.0505283 -0.0569241 -0.061994 -0.0656061 -0.067771 -0.068413 -0.0675812 -0.0654324 -0.0621014 -0.0578817 -0.0530099 -0.0476932 -0.0422506 -0.0368533 -0.0316992 -0.0269427 -0.0225926 -0.0187656 -0.0154539 -0.0126561 -0.0103986 -0.0085577 -0.00712904 -0.00600999 -0.00512942 -0.00448703 -0.00397322 -0.00362388 -0.00336366 -0.00317679 -0.00306882 -0.00296412 -0.002921 -0.00286221 -0.00282971 -0.00280206 -0.00276176 -0.0027525 -0.00270912 -0.00270341 -0.00266851 -0.00265482 -0.00263538 -0.0026101 -0.00260496 -0.002572 -0.00257426 -0.00254112 -0.0025427 -0.00251622 -0.00251133 -0.00249523 -0.00248179 -0.00247627 -0.0024554 -0.00245817 -0.00243281 -0.00244051 -0.00241403 -0.00242343 -0.00239867 -0.00240734 -0.00238621 -0.00239267 -0.00237611 -0.00237982 -0.00236797 -0.002369 -0.00236152 -0.00236034 -0.00235658 -0.00235387 -0.00235308 -0.00234958 -0.00235099 -0.00234744 -0.00235029 -0.00234744 -0.00235099 -0.00234958 -0.00235308 -0.00235387 -0.00235658 -0.00236034 -0.00236152 -0.002369 -0.00236797 -0.00237982 -0.00237611 -0.00239267 -0.00238621 -0.00240734 -0.00239867 -0.00242343 -0.00241403 -0.00244051 -0.00243281 -0.00245817 -0.0024554 -0.00247627 -0.00248179 -0.00249523 -0.00251133 -0.00251622 -0.0025427 -0.00254112 -0.00257426 -0.002572 -0.00260496 -0.0026101 -0.00263537 -0.0026548 -0.00266844 -0.00270322 -0.00270862 -0.00275123 -0.00275867 -0.00279485 -0.00281365 -0.00282799 -0.00285136 -0.00282876 -0.0028176 -0.00273152 -0.00260936 -0.00240079 -0.00207018 -0.0016355 -0.000995226 -0.000179017 0.000914745 0.00234188 0.00414264 0.006448 0.00923212 0.0125613 0.0164176 0.0207349 0.0255349 0.0306714 0.036044 0.0414809 0.0467019 0.051544 0.0557284 0.0589954 0.0611543 0.0619467 0.0613031 0.059198 0.0555579 0.0504651 0.0440206 0.036411 0.0279549 0.0188609 0.00936447 -0.000204717 -0.00960955 -0.0186074 -0.0269426 -0.0344779 -0.0411058 -0.0467297 -0.0513266 -0.0549043 -0.0575248 -0.0593055 -0.0603308 -0.0606965 -0.0605786 -0.0601578 -0.0595661 -0.0589118 -0.0582901 -0.0577925 
0 0.00542679 0.0107178 0.0157983 0.0205615 0.0248701 0.0286308 0.0317254 0.0339859 0.0353067 0.0356435 0.0349069 0.0329803 0.0298428 0.02556 0.0201608 0.013679 0.00626183 -0.00190166 -0.0106076 -0.0196025 -0.0286576 -0.0375109 -0.0458461 -0.0534275 -0.0599944 -0.0652835 -0.0692071 -0.071678 -0.0726316 -0.0721286 -0.0702091 -0.0670618 -0.0629624 -0.0580887 -0.0527214 -0.0470889 -0.0413853 -0.0358859 -0.030691 -0.0259255 -0.0216811 -0.0179374 -0.0147824 -0.012158 -0.0100279 -0.0083641 -0.00702472 -0.00601151 -0.00521593 -0.00460585 -0.00417339 -0.00382685 -0.00361337 -0.0034416 -0.00333242 -0.00326419 -0.00319338 -0.0031717 -0.00311884 -0.0031044 -0.00306993 -0.00304345 -0.00302727 -0.00298747 -0.0029822 -0.00293861 -0.00293341 -0.00289731 -0.00288392 -0.00286204 -0.002838 -0.00283059 -0.00279881 -0.00280131 -0.00276742 -0.0027735 -0.00274318 -0.00274727 -0.00272443 -0.00272308 -0.00270939 -0.00270139 -0.00269661 -0.00268248 -0.00268518 -0.00266641 -0.0026747 -0.00265305 -0.00266514 -0.00264222 -0.00265666 -0.00263367 -0.0026495 -0.00262723 -0.0026439 -0.00262272 -0.00264006 -0.00262006 -0.00263811 -0.00261918 -0.00263811 -0.00262006 -0.00264006 -0.00262272 -0.0026439 -0.00262723 -0.0026495 -0.00263367 -0.00265666 -0.00264222 -0.00266514 -0.00265305 -0.0026747 -0.00266641 -0.00268518 -0.00268248 -0.00269661 -0.00270139 -0.00270939 -0.00272308 -0.00272443 -0.00274727 -0.00274318 -0.0027735 -0.00276742 -0.00280131 -0.00279881 -0.00283059 -0.002838 -0.00286204 -0.00288392 -0.00289731 -0.0029334 -0.00293859 -0.00298216 -0.00298734 -0.00302692 -0.00304255 -0.00306771 -0.00309915 -0.00310696 -0.00314597 -0.00314011 -0.00315885 -0.00313343 -0.00308254 -0.00299423 -0.00280539 -0.00255769 -0.00214798 -0.00160469 -0.000860544 0.000146959 0.00142939 0.00313098 0.00525718 0.00790328 0.0111059 0.0148198 0.0190954 0.0238347 0.0290003 0.0345015 0.0401127 0.0456915 0.0509765 0.05574 0.059795 0.0628252 0.0646359 0.0650733 0.064021 0.0615222 0.0575624 0.0521828 0.0455656 0.0378598 0.0292869 0.020122 0.0105901 0.000960401 -0.00853267 -0.0177163 -0.0263502 -0.0342423 -0.0413381 -0.0475776 -0.0528641 -0.0571713 -0.0605598 -0.0631038 -0.0648768 -0.0660028 -0.0666084 -0.0667809 -0.0666693 -0.0664549 -0.0661964 -0.0659257 
0 0.00564807 0.0111774 0.0164257 0.0212541 0.0255658 0.0292232 0.0320698 0.0340204 0.0350035 0.0349069 0.0336629 0.0312674 0.0277283 0.0230841 0.0173996 0.0107438 0.00323817 -0.0049156 -0.0135002 -0.0223496 -0.0312724 -0.0399788 -0.048203 -0.0557303 -0.0623191 -0.0677843 -0.0719714 -0.0747389 -0.0760657 -0.0759296 -0.0743543 -0.0715292 -0.0676305 -0.0628905 -0.0575675 -0.0518302 -0.045953 -0.0401569 -0.0345992 -0.0294715 -0.0248032 -0.0206721 -0.0171227 -0.0141098 -0.0116724 -0.00970172 -0.00814745 -0.00695281 -0.00599934 -0.00530162 -0.00475435 -0.00435892 -0.00408389 -0.00386597 -0.0037442 -0.00362731 -0.00356525 -0.00350731 -0.00345538 -0.00343101 -0.00337832 -0.00336696 -0.00332144 -0.00330684 -0.00327735 -0.00325146 -0.00323918 -0.00320317 -0.00320181 -0.00316273 -0.00316303 -0.00312895 -0.0031233 -0.00309966 -0.00308447 -0.00307278 -0.00304851 -0.00304701 -0.00301677 -0.00302196 -0.00298978 -0.00299787 -0.00296741 -0.00297531 -0.00294912 -0.00295485 -0.00293431 -0.00293696 -0.00292239 -0.00292187 -0.00291292 -0.00290967 -0.00290558 -0.00290033 -0.00290019 -0.00289376 -0.00289663 -0.00288986 -0.00289487 -0.00288857 -0.00289487 -0.00288986 -0.00289663 -0.00289376 -0.00290019 -0.00290033 -0.00290558 -0.00290967 -0.00291292 -0.00292187 -0.00292239 -0.00293696 -0.00293431 -0.00295485 -0.00294912 -0.00297531 -0.00296741 -0.00299787 -0.00298978 -0.00302196 -0.00301677 -0.00304701 -0.00304851 -0.00307278 -0.00308447 -0.00309966 -0.0031233 -0.00312895 -0.00316303 -0.00316273 -0.00320181 -0.00320317 -0.00323917 -0.00325143 -0.00327726 -0.0033066 -0.00332082 -0.00336539 -0.00337455 -0.00342233 -0.00343628 -0.00346709 -0.0034843 -0.00347164 -0.00345818 -0.00336378 -0.00324051 -0.0030019 -0.0026569 -0.00217572 -0.00148599 -0.000605586 0.000591348 0.00212317 0.00408444 0.00656561 0.0095593 0.0131478 0.0172732 0.0219233 0.0270731 0.0325753 0.0383373 0.044125 0.0497107 0.0549209 0.0594893 0.0632251 0.0658962 0.0672711 0.0672768 0.0658356 0.0629367 0.0586586 0.0530737 0.0463495 0.0386662 0.0301666 0.0210939 0.0117158 0.00222869 -0.00719422 -0.0163799 -0.0251446 -0.0333223 -0.0408112 -0.0475473 -0.05347 -0.0585345 -0.062742 -0.0661356 -0.0687731 -0.0707473 -0.0721723 -0.073117 -0.0736597 -0.0739519 -0.0741182 -0.0742114 
0 0.00571707 0.0112961 0.0165479 0.0213312 0.0255149 0.0289075 0.0314054 0.0329968 0.0335652 0.0329803 0.0312674 0.0284679 0.0245723 0.0196411 0.0137774 0.00707369 -0.00033393 -0.00827993 -0.0166097 -0.0251651 -0.0337598 -0.0421639 -0.0501345 -0.0574671 -0.064002 -0.0695649 -0.0739494 -0.0770209 -0.0787134 -0.0789794 -0.07786 -0.075443 -0.0718748 -0.0673956 -0.0621945 -0.0564855 -0.0505195 -0.0444934 -0.0386574 -0.0331699 -0.0281198 -0.0236169 -0.0196558 -0.0162835 -0.0134917 -0.0112078 -0.00941704 -0.00799161 -0.00689159 -0.0060515 -0.00539357 -0.0049291 -0.00456484 -0.00432121 -0.00414508 -0.0040115 -0.00393632 -0.00385233 -0.00381513 -0.00375985 -0.00372582 -0.00369381 -0.00365195 -0.00363659 -0.00359083 -0.00358151 -0.00354101 -0.00352757 -0.00349934 -0.00347644 -0.00346204 -0.00343026 -0.00342631 -0.00339022 -0.00339096 -0.00335635 -0.0033562 -0.00332778 -0.00332298 -0.00330333 -0.00329235 -0.00328195 -0.00326509 -0.00326291 -0.00324159 -0.00324587 -0.00322188 -0.00323072 -0.00320577 -0.00321757 -0.00319296 -0.00320654 -0.00318312 -0.00319781 -0.00317599 -0.00319148 -0.00317135 -0.00318765 -0.00316906 -0.00318637 -0.00316906 -0.00318765 -0.00317135 -0.00319148 -0.00317599 -0.00319781 -0.00318312 -0.00320654 -0.00319296 -0.00321757 -0.00320577 -0.00323072 -0.00322188 -0.00324587 -0.00324159 -0.00326291 -0.00326509 -0.00328195 -0.00329235 -0.00330333 -0.00332298 -0.00332778 -0.0033562 -0.00335635 -0.00339096 -0.00339022 -0.0034263 -0.00343026 -0.00346204 -0.00347644 -0.00349933 -0.00352756 -0.00354099 -0.00358145 -0.00359067 -0.00363616 -0.00365085 -0.00369114 -0.00371957 -0.00374586 -0.00378515 -0.00379092 -0.00381608 -0.0037865 -0.0037427 -0.00363303 -0.00343781 -0.00315781 -0.00271337 -0.00213007 -0.00131553 -0.000245296 0.0011434 0.00295996 0.00522767 0.00805567 0.0114432 0.015395 0.0199218 0.0249393 0.0304181 0.0362113 0.0421245 0.0479692 0.0534817 0.0584761 0.0627433 0.0660438 0.0682136 0.0690943 0.0686085 0.0667426 0.0634799 0.0589043 0.0531733 0.0464403 0.0388579 0.0305776 0.0217852 0.0126966 0.00348999 -0.00570598 -0.014753 -0.0234969 -0.0318264 -0.0396346 -0.0467907 -0.053257 -0.0590515 -0.0641114 -0.0684 -0.0719821 -0.0749003 -0.0771949 -0.0789796 -0.0803397 -0.0813099 -0.0819788 -0.0824391 
0 0.00560114 0.0110418 0.0161201 0.0206633 0.024527 0.0275725 0.0297086 0.0308496 0.0308978 0.0298428 0.0277283 0.0245723 0.0204195 0.0153365 0.00940849 0.00279816 -0.00435545 -0.0119767 -0.019915 -0.027998 -0.0361024 -0.0440496 -0.0516396 -0.0587205 -0.0651332 -0.0707015 -0.0752391 -0.0785728 -0.0806091 -0.0813221 -0.0807044 -0.0787868 -0.0756814 -0.071552 -0.0665914 -0.0610178 -0.0550364 -0.0488878 -0.0428187 -0.0370097 -0.0316239 -0.0267397 -0.0224029 -0.0186652 -0.0155013 -0.0129098 -0.0108269 -0.00916804 -0.00788504 -0.00687247 -0.00610696 -0.00552616 -0.00508973 -0.00478985 -0.00455884 -0.00441559 -0.00430239 -0.00422493 -0.00417146 -0.00411328 -0.00408413 -0.00403291 -0.00400742 -0.00396572 -0.00393393 -0.00390491 -0.0038657 -0.00384779 -0.0038059 -0.00379372 -0.00375577 -0.0037433 -0.00371438 -0.00369757 -0.00367962 -0.00365732 -0.0036493 -0.00362278 -0.00362177 -0.00359358 -0.00359618 -0.00356904 -0.00357229 -0.00354836 -0.00355024 -0.00353084 -0.00353035 -0.003516 -0.00351294 -0.00350353 -0.00349823 -0.0034933 -0.00348639 -0.00348528 -0.00347749 -0.0034795 -0.00347156 -0.00347601 -0.00346859 -0.00347484 -0.00346859 -0.00347601 -0.00347156 -0.0034795 -0.00347749 -0.00348528 -0.00348639 -0.0034933 -0.00349823 -0.00350353 -0.00351294 -0.003516 -0.00353035 -0.00353084 -0.00355024 -0.00354836 -0.00357229 -0.00356904 -0.00359618 -0.00359358 -0.00362177 -0.00362278 -0.0036493 -0.00365732 -0.00367962 -0.00369757 -0.00371438 -0.0037433 -0.00375577 -0.00379372 -0.0038059 -0.00384778 -0.00386566 -0.0039048 -0.00393364 -0.00396496 -0.00400555 -0.00402847 -0.00407402 -0.00409123 -0.00412548 -0.00413325 -0.00412765 -0.00409721 -0.00400412 -0.0038647 -0.00361022 -0.00325112 -0.00273032 -0.00201226 -0.00106545 0.000205194 0.00183749 0.00393842 0.00656404 0.00974864 0.01353 0.0178668 0.0227507 0.0281184 0.0338592 0.0398344 0.0458146 0.0515826 0.0569232 0.0616136 0.0654559 0.0682456 0.0698289 0.0701346 0.0691264 0.0667919 0.0631708 0.0583708 0.0525526 0.0458905 0.0385126 0.0305452 0.0221602 0.0134868 0.00463868 -0.00422281 -0.0129858 -0.0215805 -0.0299155 -0.0379065 -0.0454432 -0.0524323 -0.0588743 -0.064732 -0.0699184 -0.0744506 -0.0783631 -0.0816356 -0.0843301 -0.0865414 -0.0882728 -0.0895381 -0.0904025 
0 0.00527948 0.0103651 0.0150502 0.0191585 0.0225726 0.0251864 0.0268536 0.0274592 0.0270143 0.02556 0.0230841 0.0196411 0.0153365 0.0102165 0.00439379 -0.0019499 -0.00874343 -0.0159176 -0.0233169 -0.0308257 -0.0383259 -0.0456868 -0.0528185 -0.0595624 -0.0657478 -0.0712534 -0.0758809 -0.0794475 -0.0818599 -0.083036 -0.0829489 -0.0815974 -0.0790057 -0.0753101 -0.0706879 -0.0653298 -0.0594577 -0.0532909 -0.0470697 -0.0410229 -0.035319 -0.0300767 -0.0253704 -0.0212384 -0.017705 -0.0147637 -0.0123685 -0.0104634 -0.00896251 -0.00779243 -0.00689354 -0.00620108 -0.00568905 -0.00530724 -0.00503321 -0.0048411 -0.0046971 -0.00460267 -0.00452146 -0.00446617 -0.00441538 -0.00437099 -0.00433682 -0.0042947 -0.0042691 -0.00422989 -0.00420633 -0.00417304 -0.00414706 -0.00412139 -0.00409161 -0.00407292 -0.00404077 -0.00402665 -0.00399504 -0.00398259 -0.00395446 -0.00394136 -0.00391874 -0.00390371 -0.00388738 -0.00387022 -0.00385994 -0.00384117 -0.00383602 -0.00381654 -0.00381537 -0.00379611 -0.00379784 -0.00377954 -0.00378331 -0.0037665 -0.00377174 -0.00375668 -0.0037631 -0.00374983 -0.00375734 -0.00374579 -0.00375447 -0.00374445 -0.00375447 -0.00374579 -0.00375734 -0.00374983 -0.0037631 -0.00375668 -0.00377174 -0.0037665 -0.00378331 -0.00377954 -0.00379784 -0.00379611 -0.00381537 -0.00381654 -0.00383602 -0.00384117 -0.00385994 -0.00387022 -0.00388738 -0.00390371 -0.00391874 -0.00394136 -0.00395446 -0.00398259 -0.00399504 -0.00402665 -0.00404077 -0.00407292 -0.00409161 -0.00412139 -0.00414705 -0.00417301 -0.00420626 -0.0042297 -0.00426859 -0.00429341 -0.0043337 -0.00436377 -0.00439937 -0.0044322 -0.00445249 -0.00446873 -0.00444842 -0.00439955 -0.00428295 -0.00408557 -0.00377839 -0.00332141 -0.00269303 -0.00183272 -0.0006966 0.000790215 0.00270816 0.00512321 0.00810025 0.0116595 0.0158008 0.020505 0.0257226 0.0313769 0.0373361 0.0434026 0.0493558 0.0549686 0.0600182 0.0643062 0.0676188 0.0697874 0.0707338 0.0704154 0.0688505 0.0660696 0.0621196 0.0571583 0.0513355 0.044776 0.0376484 0.0300711 0.0221514 0.0139925 0.00563207 -0.00281615 -0.0112168 -0.019564 -0.0278172 -0.0358677 -0.0436642 -0.0511284 -0.0581518 -0.0646988 -0.0707418 -0.076223 -0.0811092 -0.0853893 -0.0890646 -0.0921366 -0.094604 -0.0965034 -0.0978674 
0 0.00470894 0.00918639 0.0132805 0.0168359 0.0196759 0.021676 0.0227481 0.0228419 0.0219757 0.0201608 0.0173996 0.0137774 0.00940849 0.00439379 -0.00114093 -0.00710623 -0.0134319 -0.0200098 -0.0267697 -0.0336176 -0.0404172 -0.0471447 -0.0537471 -0.060053 -0.0659542 -0.0713172 -0.0759574 -0.0797488 -0.0825215 -0.0841593 -0.084635 -0.0838624 -0.0818447 -0.0786709 -0.0744544 -0.0694156 -0.0637442 -0.0576422 -0.0513719 -0.0451406 -0.0391682 -0.0336062 -0.0285326 -0.0240313 -0.020118 -0.0168109 -0.0140922 -0.0118951 -0.0101626 -0.00880132 -0.00774589 -0.00693729 -0.00632026 -0.00586567 -0.00553014 -0.00529063 -0.00511977 -0.00499511 -0.00490509 -0.00483356 -0.00477657 -0.00472774 -0.00468334 -0.00464427 -0.00460616 -0.00457136 -0.00453813 -0.00450541 -0.00447628 -0.00444528 -0.00441915 -0.00439052 -0.00436617 -0.00434073 -0.0043173 -0.00429552 -0.00427276 -0.00425457 -0.00423273 -0.00421762 -0.00419724 -0.00418453 -0.00416619 -0.0041552 -0.00413933 -0.00412959 -0.00411642 -0.00410762 -0.0040972 -0.00408924 -0.00408146 -0.00407436 -0.00406903 -0.00406289 -0.00405979 -0.00405477 -0.00405367 -0.00404992 -0.00405063 -0.00404831 -0.00405063 -0.00404992 -0.00405367 -0.00405477 -0.00405979 -0.00406289 -0.00406903 -0.00407436 -0.00408146 -0.00408924 -0.0040972 -0.00410762 -0.00411642 -0.00412959 -0.00413933 -0.0041552 -0.00416619 -0.00418453 -0.00419724 -0.00421762 -0.00423273 -0.00425457 -0.00427276 -0.00429552 -0.0043173 -0.00434073 -0.00436617 -0.00439052 -0.00441915 -0.00444528 -0.00447627 -0.00450536 -0.004538 -0.00457102 -0.00460528 -0.00464211 -0.00467826 -0.00471628 -0.00475181 -0.00478236 -0.00480379 -0.00480341 -0.00477282 -0.00468977 -0.00453342 -0.00427897 -0.0038895 -0.00333996 -0.00257893 -0.00156222 -0.000224401 0.00151744 0.00372704 0.006487 0.00982344 0.0137505 0.0182613 0.0233003 0.028828 0.034717 0.040801 0.0468797 0.0526927 0.0580467 0.0627177 0.0664861 0.0691969 0.0706926 0.0709543 0.0700135 0.067876 0.0646482 0.0604284 0.0553416 0.0495639 0.0431781 0.0363221 0.0291718 0.0217658 0.0141453 0.00636307 -0.00156996 -0.00958524 -0.0176376 -0.0257195 -0.0337515 -0.0416799 -0.0494717 -0.0570017 -0.0641741 -0.0709759 -0.0773407 -0.0831635 -0.0883915 -0.0929927 -0.0969236 -0.100159 -0.1027 -0.104533 
0 0.00386429 0.00752694 0.0108592 0.0136726 0.0157581 0.0170461 0.0175175 0.01711 0.015814 0.013679 0.0107438 0.00707369 0.00279816 -0.0019499 -0.00710623 -0.0126138 -0.0183497 -0.0242378 -0.0302589 -0.0363263 -0.0423907 -0.0484619 -0.0544607 -0.0602983 -0.0658685 -0.071003 -0.0756144 -0.0795654 -0.0826429 -0.084751 -0.0857697 -0.0855939 -0.0842186 -0.0816139 -0.0778973 -0.0732594 -0.0678474 -0.061912 -0.055658 -0.0493141 -0.0431451 -0.0372858 -0.0318927 -0.0270359 -0.0227444 -0.0190809 -0.0160003 -0.0134956 -0.0114945 -0.00990557 -0.00868269 -0.00772202 -0.00700132 -0.00645731 -0.00605373 -0.00577292 -0.00555915 -0.00541992 -0.00530713 -0.00522712 -0.00516173 -0.00510062 -0.00505526 -0.00500113 -0.00496304 -0.00491582 -0.00487956 -0.00484086 -0.004805 -0.00477459 -0.00473986 -0.00471573 -0.00468361 -0.00466318 -0.00463492 -0.00461609 -0.00459225 -0.00457382 -0.00455428 -0.00453589 -0.00452011 -0.00450199 -0.00448925 -0.00447188 -0.00446156 -0.00444543 -0.00443704 -0.00442257 -0.00441581 -0.00440326 -0.00439797 -0.00438747 -0.00438362 -0.0043752 -0.00437282 -0.00436645 -0.00436561 -0.00436119 -0.004362 -0.00435944 -0.004362 -0.00436119 -0.00436561 -0.00436645 -0.00437282 -0.0043752 -0.00438362 -0.00438747 -0.00439797 -0.00440326 -0.00441581 -0.00442257 -0.00443704 -0.00444543 -0.00446156 -0.00447188 -0.00448925 -0.00450199 -0.00452011 -0.00453589 -0.00455428 -0.00457382 -0.00459225 -0.00461609 -0.00463492 -0.00466318 -0.0046836 -0.00471572 -0.00473985 -0.00477458 -0.00480497 -0.00484078 -0.00487934 -0.00491523 -0.00496157 -0.00499761 -0.00504717 -0.00508282 -0.00512424 -0.00515153 -0.00516134 -0.0051509 -0.00508415 -0.0049698 -0.00475153 -0.00442776 -0.00395069 -0.00328088 -0.00239016 -0.00118667 0.000365375 0.00237705 0.00490909 0.00800708 0.0117241 0.0160126 0.0208805 0.026254 0.0320339 0.0381068 0.0442257 0.0501978 0.0557844 0.0607537 0.0649473 0.0681244 0.070155 0.0709802 0.0705601 0.0689887 0.0663147 0.0626368 0.0581605 0.0529965 0.0472727 0.0411223 0.0346198 0.0279003 0.0210197 0.0139431 0.00671465 -0.000662033 -0.00823535 -0.0159642 -0.023793 -0.0317089 -0.0396892 -0.047679 -0.055586 -0.0633135 -0.0707703 -0.0778523 -0.0844816 -0.0905816 -0.0960307 -0.100755 -0.104734 -0.107883 -0.110115 
0 0.00281767 0.00547095 0.00780161 0.00964104 0.0108708 0.0114379 0.0112767 0.0103373 0.00864762 0.00626183 0.00323817 -0.00033393 -0.00435545 -0.00874343 -0.0134319 -0.0183497 -0.0234106 -0.0285524 -0.03375 -0.039008 -0.0443341 -0.0496879 -0.0550409 -0.0603643 -0.0655239 -0.0704128 -0.0749633 -0.0790022 -0.0823698 -0.0849021 -0.086414 -0.0868419 -0.0860893 -0.0840984 -0.0809695 -0.0767896 -0.0717525 -0.066073 -0.0599141 -0.0535628 -0.0472292 -0.0411194 -0.0354276 -0.030204 -0.0255626 -0.0215204 -0.018081 -0.015263 -0.0129618 -0.0111535 -0.00972724 -0.00861211 -0.00777111 -0.00710972 -0.00663881 -0.00627761 -0.00602379 -0.00584579 -0.00570376 -0.00561799 -0.00552901 -0.00547714 -0.00541653 -0.00537018 -0.00532817 -0.00527899 -0.00524871 -0.00519857 -0.00517314 -0.00512703 -0.00510092 -0.00506279 -0.00503324 -0.00500444 -0.00497151 -0.00495104 -0.00491663 -0.00490218 -0.00486879 -0.0048578 -0.00482764 -0.00481801 -0.00479251 -0.00478291 -0.00476268 -0.00475252 -0.00473752 -0.00472674 -0.00471653 -0.00470539 -0.00469936 -0.00468827 -0.00468579 -0.00467519 -0.00467569 -0.00466597 -0.00466898 -0.00466049 -0.00466564 -0.00465867 -0.00466564 -0.00466049 -0.00466898 -0.00466597 -0.00467569 -0.00467519 -0.00468579 -0.00468827 -0.00469936 -0.00470539 -0.00471653 -0.00472674 -0.00473752 -0.00475252 -0.00476268 -0.00478291 -0.00479251 -0.00481801 -0.00482764 -0.0048578 -0.00486879 -0.00490218 -0.00491663 -0.00495104 -0.00497151 -0.00500444 -0.00503324 -0.00506279 -0.00510092 -0.00512701 -0.00517309 -0.00519842 -0.00524832 -0.005278 -0.00532576 -0.00536454 -0.00540391 -0.00545007 -0.00547339 -0.00550863 -0.00549798 -0.00547526 -0.00538498 -0.005222 -0.00496368 -0.00454977 -0.00398931 -0.00318668 -0.00213206 -0.000733019 0.00109158 0.00339008 0.00627676 0.00973599 0.013811 0.0184705 0.0236462 0.029311 0.0352888 0.0414366 0.0475251 0.0532892 0.0585617 0.06309 0.066699 0.0692339 0.0705422 0.0706513 0.0695754 0.0673701 0.064184 0.0601328 0.0554192 0.0502162 0.0445907 0.038673 0.0325604 0.0262799 0.0198717 0.0133316 0.00664177 -0.000213992 -0.00729962 -0.0146411 -0.0221956 -0.0299432 -0.0378852 -0.0459701 -0.0541052 -0.0622147 -0.0701888 -0.0778554 -0.0851112 -0.0919091 -0.0981012 -0.103522 -0.108102 -0.111752 -0.114368 
