0 0 0 0 0 0 0 0 0 0 0 0 0 0 0 0 0 0 0 0 0 0 0 0 0 0 0 0 0 0 0 0 0 0 0 0 0 0 0 0 0 0 0 0 0 0 0 0 0 0 0 0 0 0 0 0 0 0 0 0 0 0 0 0 0 0 0 0 0 0 0 0 0 0 0 0 0 0 0 0 0 0 0 0 0 0 0 0 0 0 0 0 0 0 0 0 0 0 0 0 0 0 0 0 0 0 0 0 0 0 0 0 0 0 0 0 0 0 0 0 0 0 0 0 0 0 0 0 0 0 0 0 0 0 0 0 0 0 0 0 0 0 0 0 0 0 0 0 0 0 0 0 0 0 0 0 0 0 0 0 0 0 0 0 0 0 0 0 0 0 0 0 0 0 0 0 0 0 0 0 0 0 0 0 0 0 0 0 0 0 0 0 0 0 0 0 0 0 0 0 
0 0.00101548 0.00187889 0.00266247 0.00341252 0.00398471 0.0042866 0.00436829 0.00422866 0.00380365 0.00309695 0.00215306 0.00099902 -0.00033868 -0.00182403 -0.00337232 -0.00485771 -0.0062274 -0.00748064 -0.00854606 -0.00933634 -0.00983148 -0.0100427 -0.00999981 -0.00972725 -0.00922321 -0.00853166 -0.00773787 -0.00690198 -0.00606866 -0.00525468 -0.00445944 -0.00371426 -0.00304893 -0.0024819 -0.00202762 -0.00166721 -0.00138113 -0.00115489 -0.000967408 -0.000817584 -0.000699043 -0.000605416 -0.0005391 -0.00048928 -0.00045583 -0.000434817 -0.000419417 -0.000412753 -0.000407043 -0.000404135 -0.000402266 -0.000397859 -0.0003951 -0.000388577 -0.000382726 -0.000375725 -0.000367724 -0.000361843 -0.000354325 -0.000350141 -0.000345262 -0.000342504 -0.000340722 -0.000338818 -0.000339054 -0.000337511 -0.000338103 -0.000336611 -0.000336235 -0.000334631 -0.000332741 -0.000330951 -0.00032773 -0.000325739 -0.000321785 -0.000319627 -0.000315617 -0.000313362 -0.000309827 -0.000307565 -0.000304804 -0.000302622 -0.000300716 -0.000298683 -0.000297563 -0.000295722 -0.000295241 -0.000293606 -0.000293597 -0.000292163 -0.000292474 -0.00029122 -0.000291735 -0.000290631 -0.000291269 -0.000290285 -0.000290999 -0.000290106 -0.000290876 -0.000290051 -0.000290876 -0.000290106 -0.000290999 -0.000290285 -0.000291269 -0.000290631 -0.000291735 -0.00029122 -0.000292474 -0.000292163 -0.000293597 -0.000293606 -0.000295241 -0.000295722 -0.000297563 -0.000298683 -0.000300716 -0.000302622 -0.000304804 -0.000307565 -0.000309827 -0.000313362 -0.000315617 -0.000319627 -0.000321785 -0.000325739 -0.00032773 -0.000330951 -0.000332741 -0.000334631 -0.000336235 -0.000336611 -0.000338103 -0.000337511 -0.000339054 -0.000338818 -0.000340722 -0.000342504 -0.000345262 -0.000350141 -0.000354325 -0.000361843 -0.000367723 -0.000375723 -0.000382719 -0.000388558 -0.000395042 -0.000397697 -0.000401836 -0.000403046 -0.000404418 -0.000406737 -0.000406321 -0.00040777 -0.000402872 -0.000391067 -0.000366675 -0.000318857 -0.000247777 -0.000142472 -3.23079e-06 0.000169821 0.000388034 0.00065543 0.000996228 0.00143286 0.00197124 0.0026151 0.00333681 0.00410942 0.00492683 0.00577249 0.00663011 0.00744935 0.00813923 0.00864546 0.00894561 0.00902333 0.00886068 0.00839716 0.00759625 0.00651632 0.0052175 0.00372039 0.00206571 0.000322312 -0.00141368 -0.0030633 -0.00463215 -0.00610282 -0.00735673 -0.00835606 -0.00919396 -0.00988151 -0.010355 -0.0106711 -0.010925 -0.0110869 -0.0111311 
0 0.00187889 0.00366519 0.00529341 0.00667553 0.00770707 0.00833011 0.00851366 0.00820661 0.00736065 0.00596809 0.00408103 0.00179209 -0.000831423 -0.00372361 -0.00672655 -0.00965358 -0.0123995 -0.0148746 -0.0169444 -0.0184946 -0.0194721 -0.0198958 -0.0198293 -0.0193007 -0.0183309 -0.0170077 -0.0154542 -0.0137955 -0.0121284 -0.0104902 -0.00891421 -0.0074507 -0.00614235 -0.00503072 -0.00412265 -0.00338972 -0.00280394 -0.00232793 -0.00193933 -0.00163077 -0.00138803 -0.00120873 -0.00108157 -0.000992355 -0.000935001 -0.000893691 -0.000864853 -0.000842933 -0.000822476 -0.000807102 -0.000791113 -0.000778493 -0.000767737 -0.000757506 -0.000751061 -0.000743287 -0.000738345 -0.000732376 -0.000726432 -0.000720993 -0.000713273 -0.000707194 -0.000698491 -0.000691336 -0.000683004 -0.000675179 -0.000668227 -0.00066062 -0.000655363 -0.000648842 -0.000645021 -0.000640087 -0.000637187 -0.000633882 -0.000631407 -0.000629424 -0.000627045 -0.000625922 -0.000623498 -0.000622783 -0.000620319 -0.000619673 -0.000617252 -0.000616482 -0.000614209 -0.000613251 -0.000611223 -0.000610101 -0.000608386 -0.000607177 -0.000605818 -0.000604613 -0.000603629 -0.000602518 -0.000601911 -0.000600972 -0.00060073 -0.000600025 -0.00060013 -0.000599707 -0.00060013 -0.000600025 -0.00060073 -0.000600972 -0.000601911 -0.000602518 -0.000603629 -0.000604613 -0.000605818 -0.000607177 -0.000608386 -0.000610101 -0.000611223 -0.000613251 -0.000614209 -0.000616482 -0.000617252 -0.000619673 -0.000620319 -0.000622783 -0.000623498 -0.000625922 -0.000627045 -0.000629424 -0.000631407 -0.000633882 -0.000637187 -0.000640087 -0.000645021 -0.000648842 -0.000655363 -0.00066062 -0.000668227 -0.000675179 -0.000683004 -0.000691336 -0.000698491 -0.000707194 -0.000713273 -0.000720993 -0.000726432 -0.000732376 -0.000738344 -0.000743281 -0.000751044 -0.000757454 -0.00076759 -0.000778091 -0.000790064 -0.0008045 -0.000816333 -0.00082913 -0.000835376 -0.000833901 -0.000819915 -0.000782273 -0.000718005 -0.000612078 -0.000458149 -0.000250478 2.22145e-05 0.000361257 0.000787262 0.00132812 0.00201805 0.00290226 0.00399271 0.00527542 0.00671294 0.0082494 0.00986001 0.0115246 0.0131912 0.0147719 0.0161277 0.0171352 0.0177367 0.0178815 0.017506 0.0165465 0.0149719 0.0128502 0.0102925 0.00735532 0.00410638 0.000687515 -0.0027416 -0.00605061 -0.00915378 -0.0119882 -0.0144664 -0.0165326 -0.0182254 -0.0195795 -0.0205774 -0.0212652 -0.0217492 -0.0220718 -0.0222445 
0 0.00266247 0.00529341 0.00766725 0.00958949 0.0110394 0.0119564 0.0121849 0.0116604 0.0103933 0.0083652 0.00561301 0.00225407 -0.00159934 -0.00579462 -0.0101203 -0.0143943 -0.018431 -0.0220198 -0.0250121 -0.0272933 -0.0287673 -0.0294418 -0.0293684 -0.0285869 -0.0271915 -0.0253038 -0.0230637 -0.02065 -0.0181875 -0.0157531 -0.013428 -0.0112643 -0.00932451 -0.0076655 -0.00628422 -0.00516674 -0.00427129 -0.00354317 -0.0029608 -0.00249246 -0.00212434 -0.0018507 -0.00164627 -0.00150613 -0.00140975 -0.00134148 -0.00129832 -0.00126213 -0.0012369 -0.00121511 -0.00119399 -0.00117891 -0.00116043 -0.00114735 -0.00113301 -0.00111953 -0.00110901 -0.00109528 -0.00108635 -0.00107381 -0.0010643 -0.00105399 -0.00104322 -0.00103504 -0.00102379 -0.0010168 -0.00100642 -0.000999601 -0.000991109 -0.000983923 -0.000977577 -0.000970076 -0.00096548 -0.000958098 -0.00095455 -0.000947803 -0.000944628 -0.000938901 -0.000935642 -0.000931106 -0.000927567 -0.000924199 -0.000920391 -0.000918044 -0.000914099 -0.000912579 -0.000908671 -0.00090779 -0.000904079 -0.00090369 -0.000900297 -0.000900301 -0.000897301 -0.000897644 -0.000895071 -0.000895736 -0.000893592 -0.000894587 -0.000892855 -0.000894203 -0.000892855 -0.000894587 -0.000893592 -0.000895736 -0.000895071 -0.000897644 -0.000897301 -0.000900301 -0.000900297 -0.00090369 -0.000904079 -0.00090779 -0.000908671 -0.000912579 -0.000914099 -0.000918044 -0.000920391 -0.000924199 -0.000927567 -0.000931106 -0.000935642 -0.000938901 -0.000944628 -0.000947803 -0.00095455 -0.000958098 -0.00096548 -0.000970076 -0.000977577 -0.000983923 -0.000991109 -0.000999601 -0.00100642 -0.0010168 -0.00102379 -0.00103504 -0.00104322 -0.00105399 -0.0010643 -0.00107381 -0.00108635 -0.00109528 -0.00110901 -0.00111952 -0.00113297 -0.00114724 -0.00116012 -0.00117808 -0.00119189 -0.00121005 -0.00122528 -0.00123674 -0.00124556 -0.00123719 -0.00121391 -0.00115685 -0.00105453 -0.000897569 -0.000661783 -0.000346635 6.61606e-05 0.000592903 0.00125003 0.00209027 0.00315273 0.00448212 0.00610592 0.00799206 0.0101053 0.0123893 0.0147811 0.0172399 0.0196659 0.0219199 0.023857 0.02531 0.0261627 0.0263317 0.0257102 0.0242507 0.0219625 0.018877 0.0151037 0.0107825 0.00604469 0.00108097 -0.0039161 -0.00879866 -0.0133826 -0.0175192 -0.0211856 -0.0243447 -0.0269133 -0.0289259 -0.0304949 -0.0316532 -0.0324272 -0.0329369 -0.0332779 
0 0.00341252 0.00667553 0.00958949 0.0120115 0.0138476 0.0149392 0.0151321 0.0143808 0.0126889 0.010067 0.00655445 0.00222576 -0.002743 -0.0080846 -0.0135904 -0.0190706 -0.0242306 -0.0288039 -0.0326362 -0.0355873 -0.0375583 -0.0385164 -0.0384549 -0.0374681 -0.035719 -0.0333448 -0.0305212 -0.0274349 -0.0242279 -0.0210516 -0.0180129 -0.0151786 -0.0126367 -0.0104261 -0.00856168 -0.00704376 -0.00581321 -0.00482747 -0.00404185 -0.003407 -0.00291375 -0.00253122 -0.00224373 -0.0020419 -0.00189409 -0.00179805 -0.00173165 -0.00168377 -0.00165455 -0.00162551 -0.00160597 -0.00158476 -0.00156297 -0.00154481 -0.00152038 -0.0015023 -0.00147974 -0.00146079 -0.00144357 -0.00142502 -0.00141312 -0.00139714 -0.00138811 -0.00137606 -0.00136724 -0.00135884 -0.00134886 -0.00134259 -0.00133154 -0.0013256 -0.00131443 -0.00130752 -0.00129729 -0.00128899 -0.00128036 -0.00127098 -0.00126413 -0.00125437 -0.0012491 -0.00123974 -0.00123565 -0.00122731 -0.00122401 -0.00121704 -0.00121419 -0.00120872 -0.00120612 -0.00120209 -0.00119963 -0.00119688 -0.00119455 -0.00119289 -0.00119069 -0.00118993 -0.00118792 -0.00118789 -0.00118613 -0.00118669 -0.00118525 -0.0011863 -0.00118525 -0.00118669 -0.00118613 -0.00118789 -0.00118792 -0.00118993 -0.00119069 -0.00119289 -0.00119455 -0.00119688 -0.00119963 -0.00120209 -0.00120612 -0.00120872 -0.00121419 -0.00121704 -0.00122401 -0.00122731 -0.00123565 -0.00123974 -0.0012491 -0.00125437 -0.00126413 -0.00127098 -0.00128036 -0.00128899 -0.00129729 -0.00130752 -0.00131443 -0.0013256 -0.00133154 -0.00134259 -0.00134886 -0.00135884 -0.00136724 -0.00137606 -0.00138811 -0.00139714 -0.00141312 -0.00142502 -0.00144357 -0.00146079 -0.00147973 -0.00150227 -0.0015203 -0.00154458 -0.00156234 -0.00158315 -0.00160203 -0.00161632 -0.00163411 -0.0016405 -0.00164442 -0.00163077 -0.00158894 -0.0015124 -0.00136908 -0.00115358 -0.000838604 -0.000404417 0.000156458 0.000885299 0.00180483 0.00296503 0.00442552 0.00620743 0.00834008 0.0108036 0.0135492 0.016541 0.0196859 0.0228757 0.0259802 0.0288105 0.0312114 0.0330242 0.0340583 0.0341813 0.0332926 0.0313432 0.0283752 0.0244166 0.0195293 0.0139258 0.00784951 0.00149957 -0.00491816 -0.0112077 -0.0171634 -0.0225839 -0.027396 -0.0315855 -0.0350633 -0.0378164 -0.03999 -0.0416716 -0.0428592 -0.0436448 -0.0441509 
0 0.00398471 0.00770707 0.0110394 0.0138476 0.0159019 0.017031 0.0171622 0.0162021 0.0140961 0.0109069 0.00669256 0.00153061 -0.00433309 -0.0106222 -0.0171456 -0.0236303 -0.0297306 -0.0351769 -0.0397437 -0.0432735 -0.0456982 -0.0469231 -0.0469246 -0.0458469 -0.0438484 -0.0410984 -0.0377995 -0.0341083 -0.0302253 -0.026365 -0.0226525 -0.019208 -0.016105 -0.0133622 -0.0110253 -0.00907719 -0.00747926 -0.0062047 -0.0051776 -0.00436548 -0.00373491 -0.00324075 -0.00288081 -0.00261389 -0.00242333 -0.00229619 -0.00219731 -0.00213372 -0.00208054 -0.00203722 -0.00200619 -0.00197058 -0.00194803 -0.0019209 -0.00189895 -0.0018804 -0.00185708 -0.00184287 -0.00182022 -0.00180507 -0.00178568 -0.00176705 -0.00175162 -0.00173066 -0.00171792 -0.00169773 -0.00168578 -0.00166918 -0.00165675 -0.00164489 -0.00163183 -0.00162416 -0.00161119 -0.00160614 -0.00159425 -0.00159012 -0.00158009 -0.00157561 -0.00156782 -0.00156237 -0.00155676 -0.00155027 -0.00154656 -0.00153932 -0.00153708 -0.00152954 -0.00152839 -0.00152097 -0.00152061 -0.00151366 -0.00151389 -0.00150764 -0.00150837 -0.00150294 -0.00150415 -0.00149958 -0.00150131 -0.00149756 -0.00149987 -0.00149689 -0.00149987 -0.00149756 -0.00150131 -0.00149958 -0.00150415 -0.00150294 -0.00150837 -0.00150764 -0.00151389 -0.00151366 -0.00152061 -0.00152097 -0.00152839 -0.00152954 -0.00153708 -0.00153932 -0.00154656 -0.00155027 -0.00155676 -0.00156237 -0.00156782 -0.00157561 -0.00158009 -0.00159012 -0.00159425 -0.00160614 -0.00161119 -0.00162416 -0.00163183 -0.00164489 -0.00165675 -0.00166918 -0.00168578 -0.00169773 -0.00171792 -0.00173066 -0.00175162 -0.00176705 -0.00178568 -0.00180507 -0.00182022 -0.00184287 -0.00185706 -0.00188034 -0.00189878 -0.00192044 -0.00194682 -0.00196759 -0.0019991 -0.0020212 -0.00204605 -0.00206302 -0.00205932 -0.00203978 -0.00196976 -0.00184949 -0.00165167 -0.00135012 -0.000942121 -0.000382817 0.000339605 0.00126687 0.00246289 0.0039595 0.00582609 0.00808309 0.0107216 0.0137495 0.0171084 0.0207432 0.0245626 0.0283795 0.032029 0.0353293 0.0380858 0.0401468 0.0412893 0.0413005 0.0401052 0.0376734 0.0340312 0.0292622 0.0234377 0.0167517 0.00951439 0.00194823 -0.00574131 -0.0132746 -0.0204313 -0.0270479 -0.0329625 -0.0381128 -0.0425098 -0.0461302 -0.0489918 -0.0512071 -0.0528751 -0.0540464 -0.0547817 
0 0.0042866 0.00833011 0.0119564 0.0149392 0.017031 0.018117 0.0181236 0.0169171 0.0144405 0.010746 0.00591415 0.000112197 -0.00642619 -0.0134974 -0.0208243 -0.0280494 -0.0348847 -0.0410402 -0.0462178 -0.0502716 -0.0530958 -0.0545661 -0.0547091 -0.0536336 -0.0514791 -0.0484758 -0.0448005 -0.0406186 -0.0361903 -0.0317236 -0.0274037 -0.0233931 -0.019732 -0.0164747 -0.0136591 -0.0112605 -0.00929255 -0.00770139 -0.00642151 -0.00542427 -0.00463086 -0.00402098 -0.00356463 -0.00321492 -0.00297504 -0.00279621 -0.0026705 -0.00258621 -0.00251191 -0.00246581 -0.00241826 -0.0023807 -0.00235067 -0.00231425 -0.00229281 -0.00226091 -0.0022393 -0.0022153 -0.00218967 -0.00217229 -0.00214461 -0.00212937 -0.00210413 -0.00208703 -0.00206741 -0.0020473 -0.00203349 -0.00201197 -0.00200186 -0.0019817 -0.00197256 -0.00195602 -0.00194587 -0.00193392 -0.00192206 -0.00191433 -0.00190118 -0.00189651 -0.00188306 -0.00188007 -0.00186738 -0.00186492 -0.0018538 -0.00185111 -0.00184205 -0.00183878 -0.00183192 -0.00182802 -0.00182329 -0.00181891 -0.00181609 -0.00181148 -0.00181031 -0.00180573 -0.00180596 -0.00180165 -0.00180305 -0.0017992 -0.00180159 -0.00179839 -0.00180159 -0.0017992 -0.00180305 -0.00180165 -0.00180596 -0.00180573 -0.00181031 -0.00181148 -0.00181609 -0.00181891 -0.00182329 -0.00182802 -0.00183192 -0.00183878 -0.00184205 -0.00185111 -0.0018538 -0.00186492 -0.00186738 -0.00188007 -0.00188306 -0.00189651 -0.00190118 -0.00191433 -0.00192206 -0.00193392 -0.00194587 -0.00195602 -0.00197256 -0.0019817 -0.00200186 -0.00201197 -0.00203349 -0.0020473 -0.00206741 -0.00208703 -0.00210413 -0.00212937 -0.00214461 -0.00217229 -0.00218966 -0.00221529 -0.00223926 -0.00226079 -0.00229247 -0.00231336 -0.00234842 -0.00237529 -0.00240587 -0.00243875 -0.00245557 -0.00247442 -0.00245925 -0.00241598 -0.00232283 -0.00214736 -0.00189325 -0.00150926 -0.000990118 -0.000304184 0.000607313 0.00176659 0.00326115 0.00513601 0.00741557 0.0101438 0.013283 0.0168291 0.0207612 0.024971 0.0293525 0.0337007 0.0377777 0.0414232 0.0444246 0.0465737 0.0476837 0.0475232 0.045992 0.043103 0.0388499 0.0333312 0.0267209 0.0191788 0.0109626 0.00236646 -0.00637055 -0.0149626 -0.0231561 -0.0308192 -0.0377853 -0.0438969 -0.0491793 -0.0536786 -0.0573345 -0.0601794 -0.0623691 -0.063984 -0.0650412 
0 0.00436829 0.00851366 0.0121849 0.0151321 0.0171622 0.0181236 0.0178847 0.0163771 0.0135736 0.00946863 0.00418799 -0.00205227 -0.00910687 -0.0167597 -0.0246133 -0.0323343 -0.039679 -0.0463248 -0.0519987 -0.0565118 -0.0596659 -0.0613986 -0.0617484 -0.060742 -0.0585518 -0.0554028 -0.0514507 -0.0469365 -0.0420953 -0.0371268 -0.0322934 -0.0277368 -0.0235335 -0.0197786 -0.0164657 -0.013626 -0.011275 -0.00934138 -0.0078077 -0.00659235 -0.00562305 -0.00488398 -0.0042986 -0.00386367 -0.00354886 -0.00330992 -0.00315858 -0.00303934 -0.0029596 -0.0029033 -0.00284565 -0.00281174 -0.00276402 -0.00272921 -0.00269277 -0.00265157 -0.00262497 -0.0025839 -0.00256112 -0.00252867 -0.00250436 -0.00248358 -0.00245671 -0.00244419 -0.0024175 -0.00240692 -0.00238397 -0.00237023 -0.00235294 -0.00233431 -0.00232227 -0.00230011 -0.00229133 -0.00226856 -0.00226069 -0.0022402 -0.00223148 -0.00221517 -0.0022048 -0.00219334 -0.00218136 -0.00217445 -0.00216144 -0.00215821 -0.00214494 -0.00214437 -0.00213154 -0.00213272 -0.00212086 -0.00212309 -0.00211251 -0.00211536 -0.00210617 -0.00210943 -0.0021016 -0.00210524 -0.00209864 -0.00210274 -0.00209718 -0.00210191 -0.00209718 -0.00210274 -0.00209864 -0.00210524 -0.0021016 -0.00210943 -0.00210617 -0.00211536 -0.00211251 -0.00212309 -0.00212086 -0.00213272 -0.00213154 -0.00214437 -0.00214494 -0.00215821 -0.00216144 -0.00217445 -0.00218136 -0.00219334 -0.0022048 -0.00221517 -0.00223148 -0.0022402 -0.00226069 -0.00226856 -0.00229133 -0.00230011 -0.00232227 -0.00233431 -0.00235294 -0.00237023 -0.00238397 -0.00240692 -0.0024175 -0.00244419 -0.00245671 -0.00248358 -0.00250436 -0.00252867 -0.00256111 -0.00258387 -0.00262488 -0.00265132 -0.00269212 -0.00272754 -0.00275996 -0.0028023 -0.0028247 -0.00285898 -0.00287023 -0.00286766 -0.00284432 -0.00276167 -0.00263621 -0.00241117 -0.00208143 -0.00162341 -0.000977631 -0.000141168 0.00097295 0.00241594 0.00423282 0.00650791 0.00922297 0.0123962 0.0160279 0.0200595 0.0244907 0.0292071 0.0340256 0.0387733 0.0431786 0.0470271 0.0501336 0.0522274 0.053134 0.0527222 0.0508509 0.0475155 0.0427412 0.0365917 0.0293038 0.0210918 0.0121203 0.0027026 -0.00683156 -0.0162555 -0.0253443 -0.0339078 -0.0418067 -0.0488803 -0.0550498 -0.0603598 -0.0648254 -0.0684366 -0.0712537 -0.0733446 -0.0747442 
0 0.00422866 0.00820661 0.0116604 0.0143808 0.0162021 0.0169171 0.0163771 0.0145575 0.0114364 0.0070246 0.0014742 -0.00505615 -0.0124289 -0.0203489 -0.0284612 -0.0364895 -0.0441243 -0.0510719 -0.0571029 -0.0619239 -0.0653434 -0.0673648 -0.0679533 -0.0671279 -0.0650484 -0.0618481 -0.057749 -0.0530295 -0.0478697 -0.0425339 -0.0372731 -0.0322197 -0.0275432 -0.0233007 -0.0195039 -0.0162312 -0.0134485 -0.0111523 -0.0093224 -0.00784691 -0.00670378 -0.00580893 -0.00510353 -0.00458693 -0.00417967 -0.0038923 -0.00368608 -0.00352411 -0.00342587 -0.00333211 -0.00327146 -0.00321882 -0.00316432 -0.00313329 -0.00308318 -0.00305564 -0.00301697 -0.00298242 -0.00295645 -0.00291561 -0.00289604 -0.00285657 -0.00283534 -0.0028044 -0.00277746 -0.00275714 -0.00272587 -0.00271324 -0.00268231 -0.00267223 -0.00264631 -0.00263448 -0.00261611 -0.00260052 -0.00258966 -0.00257062 -0.0025654 -0.00254465 -0.00254251 -0.00252218 -0.0025208 -0.00250267 -0.00250045 -0.00248566 -0.0024818 -0.0024708 -0.00246519 -0.00245792 -0.00245083 -0.00244693 -0.00243887 -0.00243785 -0.00242934 -0.00243072 -0.00242224 -0.00242558 -0.00241753 -0.00242248 -0.00241519 -0.00242144 -0.00241519 -0.00242248 -0.00241753 -0.00242558 -0.00242224 -0.00243072 -0.00242934 -0.00243785 -0.00243887 -0.00244693 -0.00245083 -0.00245792 -0.00246519 -0.0024708 -0.0024818 -0.00248566 -0.00250045 -0.00250267 -0.0025208 -0.00252218 -0.00254251 -0.00254465 -0.0025654 -0.00257062 -0.00258966 -0.00260052 -0.00261611 -0.00263448 -0.00264631 -0.00267223 -0.00268231 -0.00271324 -0.00272587 -0.00275714 -0.00277746 -0.0028044 -0.00283534 -0.00285657 -0.00289604 -0.0029156 -0.00295643 -0.00298235 -0.00301679 -0.00305517 -0.00308196 -0.00313027 -0.00315721 -0.0032028 -0.00323703 -0.00326154 -0.00328803 -0.00326753 -0.00323079 -0.00312155 -0.00293281 -0.00265408 -0.00222088 -0.00165097 -0.000868452 0.000167563 0.00149788 0.00323848 0.00540244 0.0080521 0.0112108 0.0148254 0.018928 0.0234552 0.0283223 0.0334457 0.038586 0.0435479 0.0481299 0.0520418 0.0550821 0.0570177 0.0576293 0.0568664 0.0546349 0.0508478 0.0455853 0.0389553 0.0311405 0.0224097 0.0129397 0.00295713 -0.00718547 -0.0172481 -0.0270588 -0.0363757 -0.0450354 -0.0529636 -0.0600381 -0.0661764 -0.0714196 -0.0758075 -0.0793168 -0.0819361 -0.083699 
0 0.00380365 0.00736065 0.0103933 0.0126889 0.0140961 0.0144405 0.0135736 0.0114364 0.00803856 0.00344707 -0.0022488 -0.00892972 -0.0163566 -0.0242533 -0.0324045 -0.0405101 -0.0482216 -0.0553097 -0.0615038 -0.0664967 -0.0701732 -0.0724679 -0.0733121 -0.0727687 -0.0708803 -0.067751 -0.0636692 -0.05885 -0.0535126 -0.0479464 -0.0423216 -0.0368566 -0.0317413 -0.0270116 -0.0227734 -0.0190534 -0.0158355 -0.0131781 -0.0109991 -0.00925623 -0.00790411 -0.00681812 -0.00599521 -0.00535537 -0.0048583 -0.00451078 -0.00422985 -0.00404365 -0.00390247 -0.00378728 -0.00371938 -0.00363868 -0.00359337 -0.00354043 -0.00349223 -0.00346082 -0.00340815 -0.00338434 -0.00333714 -0.00330765 -0.00327356 -0.00323422 -0.00321239 -0.00316847 -0.00315181 -0.0031122 -0.00309324 -0.00306426 -0.00303937 -0.00302217 -0.00299232 -0.00298364 -0.00295264 -0.00294744 -0.00291954 -0.00291333 -0.00289152 -0.00288166 -0.00286708 -0.0028529 -0.00284509 -0.00282738 -0.00282496 -0.0028052 -0.00280651 -0.00278628 -0.0027898 -0.00277043 -0.00277506 -0.00275741 -0.00276249 -0.00274702 -0.00275227 -0.00273909 -0.00274452 -0.00273351 -0.00273933 -0.00273018 -0.00273672 -0.00272908 -0.00273672 -0.00273018 -0.00273933 -0.00273351 -0.00274452 -0.00273909 -0.00275227 -0.00274702 -0.00276249 -0.00275741 -0.00277506 -0.00277043 -0.0027898 -0.00278628 -0.00280651 -0.0028052 -0.00282496 -0.00282738 -0.00284509 -0.0028529 -0.00286708 -0.00288166 -0.00289152 -0.00291333 -0.00291954 -0.00294744 -0.00295264 -0.00298364 -0.00299232 -0.00302217 -0.00303937 -0.00306426 -0.00309324 -0.0031122 -0.00315181 -0.00316847 -0.00321239 -0.00323422 -0.00327356 -0.00330764 -0.0033371 -0.00338422 -0.00340782 -0.00345993 -0.00349002 -0.00353514 -0.00358126 -0.00361226 -0.00366434 -0.00367796 -0.00369547 -0.00366996 -0.00358631 -0.00345219 -0.00319114 -0.00283271 -0.00231013 -0.00159128 -0.000662533 0.00059345 0.00219349 0.0042336 0.00678198 0.00981414 0.0133917 0.017464 0.0219934 0.0269697 0.0322195 0.0376113 0.0429594 0.0479995 0.0525728 0.0564153 0.0592335 0.0608679 0.0611312 0.0599311 0.057269 0.0530626 0.0473642 0.0403703 0.0322163 0.0231093 0.0133203 0.00303936 -0.00750498 -0.0180406 -0.0283624 -0.0382618 -0.0475602 -0.0561926 -0.0640712 -0.0710541 -0.077091 -0.0821926 -0.0863341 -0.0895022 -0.0917012 
0 0.00309695 0.00596809 0.0083652 0.010067 0.0109069 0.010746 0.00946863 0.0070246 0.00344707 -0.00122114 -0.00694721 -0.0135731 -0.0208309 -0.0285306 -0.0364886 -0.044402 -0.051996 -0.0590259 -0.065196 -0.0703084 -0.0742161 -0.0767442 -0.0778755 -0.0776309 -0.0759809 -0.0730852 -0.0691554 -0.0643727 -0.0590303 -0.0533238 -0.0474327 -0.0416416 -0.0360884 -0.0309165 -0.0262541 -0.0220796 -0.0184696 -0.0154241 -0.0128818 -0.0108607 -0.00923447 -0.00795093 -0.00696768 -0.00617351 -0.00559281 -0.0051446 -0.00480809 -0.00458653 -0.00439689 -0.00428362 -0.00418168 -0.00409771 -0.00404263 -0.00396443 -0.00392391 -0.00385966 -0.00381375 -0.00377187 -0.00371761 -0.0036932 -0.0036399 -0.00361952 -0.00357796 -0.00355045 -0.00352462 -0.00348732 -0.00347314 -0.00343099 -0.00342029 -0.00338101 -0.00336648 -0.00333605 -0.00331417 -0.00329471 -0.00326604 -0.00325615 -0.00322387 -0.00322017 -0.00318823 -0.00318702 -0.00315877 -0.00315712 -0.00313463 -0.00313077 -0.00311483 -0.00310813 -0.00309854 -0.00308915 -0.00308513 -0.00307365 -0.00307421 -0.00306139 -0.00306557 -0.00305214 -0.00305911 -0.00304568 -0.00305481 -0.00304187 -0.00305265 -0.00304061 -0.00305265 -0.00304187 -0.00305481 -0.00304568 -0.00305911 -0.00305214 -0.00306557 -0.00306139 -0.00307421 -0.00307365 -0.00308513 -0.00308915 -0.00309854 -0.00310813 -0.00311483 -0.00313077 -0.00313463 -0.00315712 -0.00315877 -0.00318702 -0.00318823 -0.00322017 -0.00322387 -0.00325615 -0.00326604 -0.00329471 -0.00331417 -0.00333605 -0.00336648 -0.00338101 -0.00342029 -0.00343099 -0.00347314 -0.00348732 -0.00352462 -0.00355045 -0.00357796 -0.00361952 -0.00363989 -0.00369317 -0.00371752 -0.00377164 -0.00381312 -0.00385806 -0.00392003 -0.00395541 -0.0040226 -0.00405531 -0.00409604 -0.00411862 -0.00409378 -0.00405535 -0.0039192 -0.00372152 -0.00340651 -0.00293652 -0.00232401 -0.00145794 -0.000336882 0.00113512 0.00305519 0.00542858 0.00836013 0.0118191 0.01579 0.0203007 0.0252365 0.0305517 0.0361035 0.0416494 0.0470549 0.0520815 0.0564893 0.0600891 0.0625721 0.0637566 0.0635741 0.0618995 0.0587345 0.0541309 0.0481146 0.0408473 0.0324927 0.0231829 0.0131958 0.00278969 -0.00790587 -0.0186954 -0.0293289 -0.0396321 -0.0494674 -0.0586975 -0.0672056 -0.074896 -0.081684 -0.0874752 -0.0922033 -0.09588 -0.0984964 
0 0.00215306 0.00408103 0.00561301 0.00655445 0.00669256 0.00591415 0.00418799 0.0014742 -0.0022488 -0.00694721 -0.0125398 -0.0188841 -0.0258093 -0.0331444 -0.0406841 -0.0482169 -0.0555114 -0.062274 -0.0682939 -0.0734363 -0.0774706 -0.0802272 -0.0816693 -0.0817239 -0.0804164 -0.0778717 -0.0741819 -0.0695855 -0.0643349 -0.0585745 -0.0525657 -0.046521 -0.0406061 -0.035064 -0.0299605 -0.0253593 -0.0213466 -0.0178678 -0.0149714 -0.012616 -0.0107001 -0.00921874 -0.00803206 -0.0071081 -0.00641178 -0.00584838 -0.00545754 -0.00514871 -0.00492419 -0.00477629 -0.00463537 -0.00455877 -0.00446909 -0.00440448 -0.00435206 -0.00428131 -0.00424798 -0.00418029 -0.00414565 -0.00409454 -0.00404763 -0.00401623 -0.00396006 -0.00394017 -0.00388604 -0.00386582 -0.00382421 -0.00379585 -0.00377065 -0.00373338 -0.00372151 -0.00367997 -0.00367455 -0.00363522 -0.00362928 -0.00359745 -0.00358636 -0.00356462 -0.00354678 -0.00353508 -0.00351132 -0.00350789 -0.00348036 -0.00348269 -0.0034539 -0.00345959 -0.00343169 -0.00343889 -0.00341339 -0.00342091 -0.00339865 -0.00340594 -0.00338717 -0.00339417 -0.00337873 -0.00338572 -0.00337318 -0.00338063 -0.00337042 -0.00337893 -0.00337042 -0.00338063 -0.00337318 -0.00338572 -0.00337873 -0.00339417 -0.00338717 -0.00340594 -0.00339865 -0.00342091 -0.00341339 -0.00343889 -0.00343169 -0.00345959 -0.0034539 -0.00348269 -0.00348036 -0.00350789 -0.00351132 -0.00353508 -0.00354678 -0.00356462 -0.00358636 -0.00359745 -0.00362928 -0.00363522 -0.00367455 -0.00367997 -0.00372151 -0.00373338 -0.00377065 -0.00379585 -0.00382421 -0.00386582 -0.00388604 -0.00394017 -0.00396006 -0.00401622 -0.00404761 -0.00409448 -0.00414548 -0.00417984 -0.00424684 -0.00427849 -0.00434542 -0.0043895 -0.00443685 -0.00449252 -0.00450548 -0.0045334 -0.00449089 -0.00441073 -0.00425577 -0.00397236 -0.00359395 -0.00301559 -0.00225177 -0.00123377 0.000137791 0.00187313 0.00411296 0.0068669 0.0101509 0.0140192 0.0183856 0.0232668 0.0285897 0.034176 0.0399125 0.0455457 0.0508667 0.0557264 0.0598367 0.0629902 0.0650048 0.0656728 0.0649501 0.0627855 0.0591273 0.0541034 0.0478287 0.0403759 0.0319041 0.0225753 0.0125806 0.00216361 -0.00851581 -0.0193316 -0.030095 -0.0406391 -0.05083 -0.0605021 -0.0695017 -0.077731 -0.0851022 -0.091498 -0.096799 -0.100929 -0.103837 
0 0.00099902 0.00179209 0.00225407 0.00222576 0.00153061 0.000112197 -0.00205227 -0.00505615 -0.00892972 -0.0135731 -0.0188841 -0.0248049 -0.0312396 -0.0380242 -0.0449943 -0.0519939 -0.0587938 -0.0651557 -0.0709327 -0.0759581 -0.080028 -0.0829962 -0.0847142 -0.0851073 -0.0842283 -0.0820848 -0.0787587 -0.0744696 -0.069375 -0.0636936 -0.0576672 -0.0514442 -0.0452882 -0.039403 -0.0338873 -0.0289005 -0.0244495 -0.0205594 -0.0172891 -0.0145506 -0.012352 -0.0106095 -0.00920884 -0.00814493 -0.00728734 -0.00663384 -0.00614802 -0.00575496 -0.00549835 -0.00528139 -0.00513284 -0.00502618 -0.00491761 -0.00486185 -0.00477692 -0.00472741 -0.00466877 -0.00460624 -0.00456947 -0.00449881 -0.00446934 -0.00440606 -0.0043696 -0.00432503 -0.00427667 -0.00425114 -0.00419609 -0.00418124 -0.00412944 -0.00411473 -0.00407462 -0.00405277 -0.00402779 -0.0039969 -0.00398541 -0.00394802 -0.0039453 -0.00390609 -0.00390672 -0.00387038 -0.00386993 -0.00383986 -0.00383567 -0.00381356 -0.00380469 -0.00379079 -0.00377751 -0.00377111 -0.00375441 -0.00375436 -0.00373546 -0.0037405 -0.00372057 -0.0037296 -0.00370959 -0.00372173 -0.00370237 -0.00371698 -0.00369879 -0.00371539 -0.00369879 -0.00371698 -0.00370237 -0.00372173 -0.00370959 -0.0037296 -0.00372057 -0.0037405 -0.00373546 -0.00375436 -0.00375441 -0.00377111 -0.00377751 -0.00379079 -0.00380469 -0.00381356 -0.00383567 -0.00383986 -0.00386993 -0.00387038 -0.00390672 -0.00390609 -0.0039453 -0.00394802 -0.00398541 -0.0039969 -0.00402779 -0.00405277 -0.00407462 -0.00411473 -0.00412944 -0.00418124 -0.00419609 -0.00425114 -0.00427667 -0.00432503 -0.0043696 -0.00440604 -0.0044693 -0.0044987 -0.00456917 -0.00460544 -0.00466675 -0.00472258 -0.00476587 -0.00483765 -0.00486701 -0.00492521 -0.0049406 -0.0049322 -0.00489281 -0.00475136 -0.00455496 -0.00420412 -0.00371093 -0.00303693 -0.00208921 -0.000875989 0.00074399 0.00280952 0.0053673 0.0085079 0.0121707 0.0163985 0.0211657 0.0263763 0.0319931 0.0377992 0.0435907 0.0491962 0.054345 0.0588638 0.0625407 0.0651228 0.0665149 0.0666077 0.0652983 0.0625907 0.0584843 0.053071 0.046531 0.0389594 0.0304662 0.0212396 0.0114255 0.00115133 -0.00941417 -0.0201077 -0.0308109 -0.0414136 -0.0517495 -0.0616371 -0.0709594 -0.079597 -0.0873798 -0.094183 -0.0999118 -0.104407 -0.107545 
0 -0.00033868 -0.000831423 -0.00159934 -0.002743 -0.00433309 -0.00642619 -0.00910687 -0.0124289 -0.0163566 -0.0208309 -0.0258093 -0.0312396 -0.0370587 -0.0431721 -0.04944 -0.0557198 -0.061878 -0.0677642 -0.0732017 -0.0780173 -0.0820601 -0.0851439 -0.0870907 -0.0878503 -0.0874037 -0.0857272 -0.082894 -0.0789929 -0.0741722 -0.0686793 -0.0626829 -0.0563912 -0.0500662 -0.043874 -0.03803 -0.0326645 -0.0278004 -0.0235348 -0.019846 -0.0167305 -0.0142016 -0.0121372 -0.0105185 -0.00924765 -0.00823386 -0.00748041 -0.0068741 -0.00643302 -0.00610704 -0.00584434 -0.0056791 -0.00551917 -0.0054152 -0.00532016 -0.00522689 -0.00517021 -0.00508235 -0.00503808 -0.00496853 -0.0049178 -0.00487325 -0.00481182 -0.00478517 -0.00472128 -0.00469798 -0.00464335 -0.00461141 -0.00457304 -0.00452883 -0.00450609 -0.00445388 -0.00444063 -0.00438858 -0.00437718 -0.00433292 -0.00431749 -0.00428556 -0.00426344 -0.00424477 -0.00421623 -0.00420902 -0.0041762 -0.0041773 -0.00414301 -0.00414908 -0.00411588 -0.00412419 -0.00409395 -0.00410265 -0.00407643 -0.00408455 -0.00406272 -0.00406998 -0.00405238 -0.00405902 -0.00404514 -0.0040517 -0.00404084 -0.00404803 -0.00403942 -0.00404803 -0.00404084 -0.0040517 -0.00404514 -0.00405902 -0.00405238 -0.00406998 -0.00406272 -0.00408455 -0.00407643 -0.00410265 -0.00409395 -0.00412419 -0.00411588 -0.00414908 -0.00414301 -0.0041773 -0.0041762 -0.00420902 -0.00421623 -0.00424477 -0.00426344 -0.00428556 -0.00431749 -0.00433292 -0.00437718 -0.00438858 -0.00444063 -0.00445388 -0.00450609 -0.00452883 -0.00457304 -0.00461141 -0.00464335 -0.00469798 -0.00472128 -0.00478517 -0.0048118 -0.00487318 -0.00491759 -0.00496797 -0.00503666 -0.00507889 -0.00516215 -0.00520895 -0.00528201 -0.00533771 -0.00536895 -0.00540118 -0.00535345 -0.00527861 -0.00509496 -0.00480002 -0.00438305 -0.00375541 -0.00294284 -0.00182972 -0.000367447 0.00150094 0.00390165 0.0068184 0.0103148 0.0143873 0.0189766 0.0241015 0.0296316 0.0354309 0.0413381 0.0470838 0.0524962 0.0573648 0.0614344 0.0645375 0.0664878 0.0671766 0.0665861 0.064646 0.0613492 0.0567893 0.0510665 0.0443105 0.0366623 0.0282474 0.019202 0.00963962 -0.000353695 -0.0106572 -0.0211107 -0.0315908 -0.042029 -0.0523037 -0.0622241 -0.0716538 -0.0804748 -0.0884824 -0.0954966 -0.101424 -0.106132 -0.109471 
0 -0.00182403 -0.00372361 -0.00579462 -0.0080846 -0.0106222 -0.0134974 -0.0167597 -0.0203489 -0.0242533 -0.0285306 -0.0331444 -0.0380242 -0.0431721 -0.0485335 -0.0539787 -0.0594452 -0.0648924 -0.0701984 -0.0752004 -0.0797389 -0.0836514 -0.086769 -0.0889401 -0.0900514 -0.0900355 -0.0888754 -0.0865612 -0.0831158 -0.0786846 -0.0734476 -0.0675899 -0.0613481 -0.0549164 -0.0485157 -0.0423835 -0.036637 -0.0313991 -0.0267305 -0.0226257 -0.0191434 -0.0162353 -0.0138622 -0.0119865 -0.0104779 -0.00931233 -0.00839871 -0.00768001 -0.00715615 -0.00673434 -0.00644094 -0.0062152 -0.00603562 -0.00591837 -0.0057927 -0.00571537 -0.00562582 -0.00555044 -0.00549021 -0.00540921 -0.00536551 -0.0052892 -0.00524612 -0.00518654 -0.00513443 -0.00509503 -0.00503473 -0.00500938 -0.00494905 -0.00492735 -0.00487621 -0.0048495 -0.00481294 -0.00477765 -0.0047558 -0.00471337 -0.0047024 -0.00465728 -0.00465177 -0.004609 -0.00460402 -0.00456761 -0.00455982 -0.00453202 -0.00451991 -0.0045013 -0.00448486 -0.00447482 -0.00445491 -0.00445222 -0.00443008 -0.00443335 -0.00441022 -0.00441817 -0.00439511 -0.00440672 -0.00438451 -0.00439905 -0.00437823 -0.00439521 -0.00437615 -0.00439521 -0.00437823 -0.00439905 -0.00438451 -0.00440672 -0.00439511 -0.00441817 -0.00441022 -0.00443335 -0.00443008 -0.00445222 -0.00445491 -0.00447482 -0.00448486 -0.0045013 -0.00451991 -0.00453202 -0.00455982 -0.00456761 -0.00460402 -0.004609 -0.00465177 -0.00465728 -0.0047024 -0.00471337 -0.0047558 -0.00477765 -0.00481294 -0.0048495 -0.00487621 -0.00492735 -0.00494905 -0.00500938 -0.00503473 -0.00509502 -0.00513443 -0.00518652 -0.00524607 -0.00528905 -0.00536513 -0.00540822 -0.00548777 -0.00554465 -0.0056127 -0.00568698 -0.00573401 -0.00580251 -0.00581723 -0.0058222 -0.00576531 -0.00562326 -0.0054044 -0.00502328 -0.00450542 -0.00376999 -0.00277119 -0.00147008 0.000261479 0.00244735 0.00517658 0.00848469 0.0123418 0.0167817 0.0217363 0.0271464 0.0329167 0.038829 0.0447004 0.0503105 0.055428 0.059869 0.0633952 0.0658142 0.0670315 0.0669777 0.0656324 0.0630068 0.05914 0.0541404 0.0481393 0.0412412 0.0335639 0.0252657 0.0164667 0.00721342 -0.00241377 -0.0122958 -0.0223557 -0.0325005 -0.0426035 -0.0525807 -0.0623274 -0.071656 -0.0803806 -0.0883443 -0.09538 -0.101333 -0.106075 -0.109482 
0 -0.00337232 -0.00672655 -0.0101203 -0.0135904 -0.0171456 -0.0208243 -0.0246133 -0.0284612 -0.0324045 -0.0364886 -0.0406841 -0.0449943 -0.04944 -0.0539787 -0.0585858 -0.0632551 -0.0679346 -0.0725682 -0.0770525 -0.081209 -0.0849053 -0.0880236 -0.0903808 -0.0918194 -0.0922422 -0.0915736 -0.0897736 -0.0868477 -0.0828642 -0.0779727 -0.0723724 -0.0662559 -0.0598212 -0.053302 -0.0469096 -0.0408351 -0.0352282 -0.030148 -0.0256555 -0.0217745 -0.0184859 -0.015791 -0.0136062 -0.0118642 -0.0104996 -0.00940997 -0.00857628 -0.00792539 -0.00742766 -0.00706865 -0.00678203 -0.00658777 -0.00642639 -0.00630121 -0.00620624 -0.00610362 -0.00603523 -0.00594653 -0.00588033 -0.00580971 -0.00573694 -0.00568419 -0.00560913 -0.00556663 -0.00549924 -0.00545738 -0.00540536 -0.00535842 -0.00532304 -0.00527131 -0.00524801 -0.00519603 -0.00517768 -0.00513106 -0.00511132 -0.00507417 -0.00504943 -0.00502326 -0.00499288 -0.00497686 -0.00494237 -0.00493425 -0.00489817 -0.00489529 -0.00486018 -0.0048602 -0.00482808 -0.0048293 -0.00480143 -0.00480289 -0.00477983 -0.00478117 -0.00476291 -0.00476427 -0.00475042 -0.0047522 -0.00474218 -0.00474498 -0.00473809 -0.00474257 -0.00473809 -0.00474498 -0.00474218 -0.0047522 -0.00475042 -0.00476427 -0.00476291 -0.00478117 -0.00477983 -0.00480289 -0.00480143 -0.0048293 -0.00482808 -0.0048602 -0.00486018 -0.00489529 -0.00489817 -0.00493425 -0.00494237 -0.00497686 -0.00499288 -0.00502326 -0.00504943 -0.00507417 -0.00511132 -0.00513106 -0.00517768 -0.00519603 -0.00524801 -0.00527131 -0.00532304 -0.00535842 -0.00540536 -0.00545737 -0.00549924 -0.00556662 -0.0056091 -0.0056841 -0.00573668 -0.00580903 -0.00587862 -0.00594242 -0.00602577 -0.00608279 -0.00616238 -0.00621302 -0.00625702 -0.00627715 -0.00623784 -0.00615699 -0.00596462 -0.00566986 -0.0052225 -0.00457649 -0.00371092 -0.00252491 -0.000975288 0.00103065 0.00356873 0.00665506 0.0103321 0.0145702 0.0193429 0.0246152 0.0302691 0.0361646 0.0420984 0.0478394 0.0531872 0.0579227 0.0618186 0.0646748 0.0663418 0.0667479 0.0658882 0.0637758 0.0604498 0.0560289 0.0506441 0.0443842 0.0373662 0.0297226 0.0215725 0.0130378 0.00417449 -0.00498743 -0.0143557 -0.0238833 -0.0335481 -0.0432016 -0.0526966 -0.0619854 -0.0709371 -0.0793294 -0.0870088 -0.0938381 -0.0996276 -0.104226 -0.107531 
0 -0.00485771 -0.00965358 -0.0143943 -0.0190706 -0.0236303 -0.0280494 -0.0323343 -0.0364895 -0.0405101 -0.044402 -0.0482169 -0.0519939 -0.0557198 -0.0594452 -0.0632551 -0.0671233 -0.0710227 -0.0749704 -0.0788669 -0.0825765 -0.0860184 -0.0890507 -0.0915095 -0.0932432 -0.0940653 -0.0938703 -0.0926129 -0.0902266 -0.0867411 -0.0822752 -0.0769794 -0.0710609 -0.0647173 -0.0581481 -0.0515905 -0.0452522 -0.0392972 -0.0338424 -0.0289481 -0.0246503 -0.0209715 -0.0178976 -0.0153871 -0.0133797 -0.0117846 -0.0105317 -0.00955362 -0.00878769 -0.00820715 -0.00775902 -0.00742341 -0.00717286 -0.00697266 -0.00682644 -0.00669592 -0.00659313 -0.00650097 -0.00641277 -0.00634281 -0.00626219 -0.00620198 -0.00613129 -0.00607148 -0.00601306 -0.00595016 -0.00590245 -0.00583891 -0.00579721 -0.00573843 -0.00569775 -0.00564845 -0.00560591 -0.00556797 -0.00552352 -0.0054958 -0.00545149 -0.00543096 -0.00538962 -0.00537282 -0.00533691 -0.00532103 -0.00529202 -0.00527535 -0.00525366 -0.00523558 -0.00522083 -0.0052015 -0.00519283 -0.00517286 -0.00516928 -0.00514942 -0.00515 -0.00513095 -0.00513496 -0.00511727 -0.00512417 -0.00510822 -0.00511767 -0.00510372 -0.0051155 -0.00510372 -0.00511767 -0.00510822 -0.00512417 -0.00511727 -0.00513496 -0.00513095 -0.00515 -0.00514942 -0.00516928 -0.00517286 -0.00519283 -0.0052015 -0.00522083 -0.00523558 -0.00525366 -0.00527535 -0.00529202 -0.00532103 -0.00533691 -0.00537282 -0.00538962 -0.00543096 -0.00545149 -0.0054958 -0.00552352 -0.00556797 -0.00560591 -0.00564845 -0.00569775 -0.00573843 -0.00579721 -0.00583891 -0.00590245 -0.00595015 -0.00601304 -0.00607141 -0.00613112 -0.00620152 -0.00626102 -0.00633994 -0.00640603 -0.00648589 -0.0065608 -0.0066297 -0.00669683 -0.00673037 -0.00674014 -0.0066846 -0.00655139 -0.00631295 -0.00592686 -0.00537451 -0.00459604 -0.0035446 -0.00215078 -0.000328209 0.00198699 0.00485715 0.00830792 0.0123338 0.0169197 0.0220224 0.027559 0.0334019 0.0393558 0.0451932 0.0507055 0.0556699 0.0598726 0.0631146 0.065202 0.0660503 0.065642 0.0639605 0.0610725 0.0570795 0.0521065 0.046331 0.0398513 0.0327487 0.0251899 0.017271 0.00903517 0.000580859 -0.008043 -0.0168328 -0.0257471 -0.0347453 -0.0437505 -0.052624 -0.0612559 -0.0695443 -0.0773482 -0.0845293 -0.0909177 -0.096311 -0.100587 -0.103671 
0 -0.0062274 -0.0123995 -0.018431 -0.0242306 -0.0297306 -0.0348847 -0.039679 -0.0441243 -0.0482216 -0.051996 -0.0555114 -0.0587938 -0.061878 -0.0648924 -0.0679346 -0.0710227 -0.0741929 -0.0774429 -0.0807205 -0.0839853 -0.0871202 -0.0899861 -0.0924915 -0.094433 -0.0955897 -0.0958571 -0.0951077 -0.0932613 -0.0903305 -0.0863321 -0.0814141 -0.075779 -0.0695815 -0.0630502 -0.0564003 -0.0498359 -0.043585 -0.0377678 -0.0324787 -0.0277862 -0.0236974 -0.0202401 -0.0173822 -0.0150635 -0.0132228 -0.0117617 -0.0106167 -0.00972387 -0.00902888 -0.00850136 -0.00809785 -0.00779404 -0.00756343 -0.00738182 -0.00723774 -0.00711579 -0.00700925 -0.00691506 -0.00682611 -0.006745 -0.00666783 -0.00659371 -0.00652611 -0.0064576 -0.00639706 -0.00633506 -0.00627889 -0.00622444 -0.00617104 -0.00612401 -0.00607333 -0.00603232 -0.00598545 -0.00594847 -0.00590676 -0.0058721 -0.00583641 -0.00580311 -0.00577358 -0.00574148 -0.00571756 -0.00568708 -0.00566787 -0.00563969 -0.0056242 -0.00559896 -0.00558636 -0.00556451 -0.00555421 -0.00553598 -0.00552763 -0.00551305 -0.00550653 -0.00549546 -0.00549081 -0.00548303 -0.00548038 -0.00547562 -0.00547519 -0.00547316 -0.00547519 -0.00547562 -0.00548038 -0.00548303 -0.00549081 -0.00549546 -0.00550653 -0.00551305 -0.00552763 -0.00553598 -0.00555421 -0.00556451 -0.00558636 -0.00559896 -0.0056242 -0.00563969 -0.00566787 -0.00568708 -0.00571756 -0.00574148 -0.00577358 -0.00580311 -0.00583641 -0.0058721 -0.00590676 -0.00594847 -0.00598545 -0.00603232 -0.00607333 -0.00612401 -0.00617104 -0.00622444 -0.00627889 -0.00633505 -0.00639704 -0.00645756 -0.006526 -0.0065934 -0.00666703 -0.00674302 -0.00682138 -0.00690429 -0.00698574 -0.00706674 -0.0071399 -0.00719536 -0.00722387 -0.00720294 -0.00711319 -0.00692879 -0.006614 -0.00614401 -0.00546869 -0.00454222 -0.00330261 -0.00166218 0.000440863 0.0030868 0.00630944 0.0101097 0.0144936 0.0194031 0.0247897 0.0305451 0.0364729 0.0423847 0.0480291 0.0531838 0.0576655 0.0612257 0.0636966 0.0649652 0.0649493 0.0636918 0.061213 0.0575622 0.0529284 0.047462 0.0412991 0.0346114 0.0274976 0.0200652 0.0124179 0.00456146 -0.00345104 -0.011525 -0.0196675 -0.0278779 -0.0360784 -0.0442211 -0.0522638 -0.0600917 -0.0675555 -0.0745394 -0.08095 -0.0866461 -0.0914551 -0.0952697 -0.0980232 
