0 0 0 0 0 0 0 0 0 0 0 0 0 0 0 0 0 0 0 0 0 0 0 0 0 0 0 0 0 0 0 0 0 0 0 0 0 0 0 0 0 0 0 0 0 0 0 0 0 0 0 0 0 0 0 0 0 0 0 0 0 0 0 0 0 0 0 0 0 0 0 0 0 0 0 0 0 0 0 0 0 0 0 0 0 0 0 0 0 0 0 0 0 0 0 0 0 0 0 0 0 0 0 0 0 0 0 0 0 0 0 0 0 0 0 0 0 0 0 0 0 0 0 0 0 0 0 0 0 0 0 0 0 0 0 0 0 0 0 0 0 0 0 0 0 0 0 0 0 0 0 0 0 0 0 0 0 0 0 0 0 0 0 0 0 0 0 0 0 0 0 0 0 0 0 0 0 0 0 0 0 0 0 0 0 0 0 0 0 0 0 0 0 0 0 0 0 0 0 0 
0 -0.00293672 -0.0058239 -0.00853762 -0.0109421 -0.0129804 -0.0146516 -0.0159373 -0.0167895 -0.0171768 -0.0171273 -0.0167279 -0.0160644 -0.0151674 -0.0140471 -0.0127634 -0.0114198 -0.0101051 -0.00886328 -0.00769898 -0.00660481 -0.00559437 -0.00470043 -0.00394682 -0.00333656 -0.00285245 -0.00246289 -0.0021397 -0.00186645 -0.00163433 -0.00144208 -0.00129029 -0.00117509 -0.0010912 -0.0010308 -0.000984348 -0.000945503 -0.000909364 -0.000873587 -0.000839286 -0.000807261 -0.00077924 -0.000756427 -0.000737967 -0.000723335 -0.000710605 -0.00069795 -0.000684599 -0.000669411 -0.000652935 -0.000635729 -0.000618564 -0.000602842 -0.000588848 -0.000577361 -0.000568232 -0.000561042 -0.000555516 -0.000550588 -0.000546005 -0.000540955 -0.000535215 -0.000528697 -0.000521218 -0.000513273 -0.000504781 -0.00049637 -0.000488114 -0.000480388 -0.000473411 -0.000467175 -0.000461961 -0.000457476 -0.00045396 -0.000451028 -0.000448803 -0.000446977 -0.000445531 -0.000444328 -0.000443218 -0.000442245 -0.000441177 -0.000440193 -0.000439025 -0.000437927 -0.000436639 -0.000435429 -0.000434072 -0.000432812 -0.000431472 -0.000430247 -0.000429012 -0.000427907 -0.000426854 -0.000425941 -0.000425129 -0.000424463 -0.00042393 -0.000423547 -0.000423317 -0.000423237 -0.000423317 -0.000423547 -0.00042393 -0.000424463 -0.000425129 -0.000425941 -0.000426854 -0.000427907 -0.000429012 -0.000430247 -0.000431472 -0.000432812 -0.000434072 -0.000435429 -0.000436639 -0.000437927 -0.000439025 -0.000440193 -0.000441177 -0.000442245 -0.000443218 -0.000444328 -0.000445531 -0.000446977 -0.000448803 -0.000451028 -0.00045396 -0.000457476 -0.000461961 -0.000467175 -0.000473411 -0.000480388 -0.000488114 -0.00049637 -0.000504781 -0.000513273 -0.000521218 -0.000528697 -0.000535215 -0.000540955 -0.000546005 -0.000550588 -0.000555516 -0.000561042 -0.000568232 -0.000577361 -0.000588848 -0.000602842 -0.000618564 -0.000635729 -0.000652935 -0.000669411 -0.000684599 -0.000697949 -0.000710604 -0.000723332 -0.000737955 -0.000756391 -0.000779133 -0.000806961 -0.000838485 -0.000871567 -0.000904546 -0.000934629 -0.000961153 -0.000984063 -0.00100232 -0.00101571 -0.00102076 -0.00101202 -0.000985368 -0.000936004 -0.000862037 -0.000763135 -0.00063203 -0.000455677 -0.000217168 9.8982e-05 0.000490092 0.000934823 0.00141034 0.00190168 0.00240482 0.0029134 0.00338854 0.00376634 0.00400573 0.00410326 0.00406082 0.00385588 0.00344683 0.00282607 0.00206851 0.00127341 0.000456172 -0.000414138 -0.00126594 -0.00193646 -0.00235794 
0 -0.0058239 -0.0114695 -0.0167621 -0.0215297 -0.0256197 -0.0289363 -0.0314469 -0.0331318 -0.0339621 -0.0339592 -0.0332345 -0.0319273 -0.030138 -0.0279521 -0.0254877 -0.022891 -0.0203004 -0.0178097 -0.0154586 -0.0132684 -0.0112756 -0.00952148 -0.00803074 -0.00680096 -0.00579952 -0.00498068 -0.00430678 -0.00375025 -0.00329316 -0.00292481 -0.00263243 -0.00240242 -0.00222279 -0.0020808 -0.00196733 -0.00187612 -0.00180082 -0.00173786 -0.00168351 -0.00163403 -0.00158793 -0.0015432 -0.00149947 -0.0014575 -0.00141733 -0.00138041 -0.001347 -0.00131707 -0.0012908 -0.00126687 -0.00124494 -0.00122396 -0.00120315 -0.00118252 -0.00116144 -0.00114057 -0.00111993 -0.00109997 -0.00108129 -0.00106382 -0.00104819 -0.001034 -0.00102149 -0.00101031 -0.00100017 -0.000991016 -0.000982223 -0.000973967 -0.00096567 -0.00095754 -0.000949288 -0.000940994 -0.000932723 -0.000924371 -0.000916266 -0.000908165 -0.000900498 -0.00089298 -0.000885998 -0.000879309 -0.000873166 -0.000867428 -0.000862181 -0.000857404 -0.000853031 -0.000849153 -0.000845582 -0.000842502 -0.000839642 -0.00083725 -0.000835011 -0.000833208 -0.000831511 -0.000830219 -0.000829002 -0.000828164 -0.000827382 -0.000826962 -0.000826587 -0.000826566 -0.000826587 -0.000826962 -0.000827382 -0.000828164 -0.000829002 -0.000830219 -0.000831511 -0.000833208 -0.000835011 -0.00083725 -0.000839642 -0.000842502 -0.000845582 -0.000849153 -0.000853031 -0.000857404 -0.000862181 -0.000867428 -0.000873166 -0.000879309 -0.000885998 -0.00089298 -0.000900498 -0.000908165 -0.000916266 -0.000924371 -0.000932723 -0.000940994 -0.000949288 -0.00095754 -0.00096567 -0.000973967 -0.000982223 -0.000991016 -0.00100017 -0.00101031 -0.00102149 -0.001034 -0.00104819 -0.00106382 -0.00108129 -0.00109997 -0.00111993 -0.00114057 -0.00116144 -0.00118252 -0.00120315 -0.00122396 -0.00124494 -0.00126687 -0.0012908 -0.00131707 -0.001347 -0.00138041 -0.00141733 -0.00145749 -0.00149943 -0.0015431 -0.00158765 -0.00163325 -0.0016815 -0.00173293 -0.00178934 -0.00185083 -0.00191462 -0.00197687 -0.00202913 -0.0020615 -0.00206533 -0.00203236 -0.00196069 -0.00185284 -0.00170887 -0.00152336 -0.00127505 -0.000925977 -0.000439557 0.000202949 0.00098752 0.0018672 0.00279564 0.00375388 0.00473812 0.00572805 0.00665479 0.00740563 0.00788763 0.00807238 0.0079584 0.00752188 0.00672949 0.00558532 0.00415876 0.00256384 0.000903332 -0.000745509 -0.00227885 -0.00355484 -0.00446995 
0 -0.00853762 -0.0167621 -0.0244602 -0.0314504 -0.037508 -0.0424404 -0.0461689 -0.0486836 -0.0499908 -0.0501354 -0.049218 -0.0473795 -0.0447947 -0.0416522 -0.038124 -0.034378 -0.0305881 -0.0268943 -0.0233859 -0.0201287 -0.017175 -0.0145631 -0.0123209 -0.0104463 -0.00890076 -0.00763424 -0.00659572 -0.00574026 -0.00504036 -0.00447451 -0.00402129 -0.00366414 -0.00338373 -0.00316175 -0.002986 -0.00284355 -0.00272568 -0.00262689 -0.00254003 -0.0024622 -0.00239045 -0.00232193 -0.00225737 -0.00219559 -0.00213727 -0.00208351 -0.00203336 -0.00198802 -0.00194637 -0.0019078 -0.00187227 -0.00183801 -0.00180555 -0.00177383 -0.00174286 -0.00171311 -0.00168392 -0.00165647 -0.0016301 -0.00160551 -0.00158266 -0.00156121 -0.00154173 -0.00152324 -0.00150638 -0.0014903 -0.00147521 -0.00146086 -0.00144692 -0.00143375 -0.00142066 -0.00140835 -0.00139608 -0.00138452 -0.00137318 -0.00136241 -0.00135212 -0.00134225 -0.00133309 -0.00132422 -0.00131619 -0.00130839 -0.00130144 -0.0012947 -0.00128878 -0.00128307 -0.00127808 -0.00127333 -0.00126921 -0.00126536 -0.00126203 -0.00125901 -0.00125642 -0.00125418 -0.00125229 -0.00125078 -0.00124958 -0.00124876 -0.00124823 -0.0012481 -0.00124823 -0.00124876 -0.00124958 -0.00125078 -0.00125229 -0.00125418 -0.00125642 -0.00125901 -0.00126203 -0.00126536 -0.00126921 -0.00127333 -0.00127808 -0.00128307 -0.00128878 -0.0012947 -0.00130144 -0.00130839 -0.00131619 -0.00132422 -0.00133309 -0.00134225 -0.00135212 -0.00136241 -0.00137318 -0.00138452 -0.00139608 -0.00140835 -0.00142066 -0.00143375 -0.00144692 -0.00146086 -0.00147521 -0.0014903 -0.00150638 -0.00152324 -0.00154173 -0.00156121 -0.00158266 -0.00160551 -0.0016301 -0.00165647 -0.00168392 -0.00171311 -0.00174286 -0.00177383 -0.00180555 -0.00183801 -0.00187227 -0.0019078 -0.00194637 -0.00198802 -0.00203336 -0.00208351 -0.00213726 -0.00219557 -0.0022573 -0.0023217 -0.00238982 -0.00246053 -0.00253587 -0.00261703 -0.0027035 -0.00279628 -0.00289053 -0.00297921 -0.00305332 -0.00309791 -0.00310174 -0.00305633 -0.00295531 -0.00280028 -0.00258722 -0.00229854 -0.00190481 -0.00135984 -0.000621196 0.000322488 0.00145313 0.00272799 0.00409573 0.00552417 0.00698246 0.00840538 0.00969916 0.0107561 0.0114677 0.0117568 0.0115803 0.0109093 0.00974921 0.00815265 0.00617651 0.00389487 0.00147789 -0.000842891 -0.00291822 -0.00469131 -0.0060554 
0 -0.0109421 -0.0215297 -0.0314504 -0.0404426 -0.0482834 -0.0547727 -0.059742 -0.0631153 -0.0649446 -0.0653357 -0.0643755 -0.0621901 -0.0590026 -0.0550677 -0.0506102 -0.0458433 -0.0409696 -0.0361611 -0.0315644 -0.0272879 -0.0233914 -0.0199194 -0.0169074 -0.0143557 -0.012236 -0.0104976 -0.00906929 -0.00789095 -0.00692153 -0.00612739 -0.00548859 -0.00498668 -0.00459536 -0.00429264 -0.00405469 -0.00385897 -0.00369375 -0.00354804 -0.00341671 -0.00329998 -0.00319449 -0.00310099 -0.00301815 -0.00294228 -0.00287328 -0.00280722 -0.00274317 -0.00268118 -0.00261955 -0.00256082 -0.00250447 -0.00245173 -0.00240384 -0.00235956 -0.00232036 -0.00228424 -0.00225121 -0.00222051 -0.00219055 -0.00216206 -0.00213316 -0.00210499 -0.00207675 -0.00204883 -0.00202189 -0.00199535 -0.00197069 -0.00194684 -0.00192515 -0.00190477 -0.00188625 -0.00186941 -0.00185383 -0.00184001 -0.00182688 -0.00181535 -0.00180411 -0.00179414 -0.00178432 -0.00177538 -0.00176665 -0.00175844 -0.00175059 -0.001743 -0.00173597 -0.00172901 -0.00172279 -0.00171655 -0.00171117 -0.00170573 -0.00170124 -0.0016967 -0.00169316 -0.00168958 -0.00168701 -0.00168444 -0.00168288 -0.00168134 -0.0016808 -0.0016803 -0.0016808 -0.00168134 -0.00168288 -0.00168444 -0.00168701 -0.00168958 -0.00169316 -0.0016967 -0.00170124 -0.00170573 -0.00171117 -0.00171655 -0.00172279 -0.00172901 -0.00173597 -0.001743 -0.00175059 -0.00175844 -0.00176665 -0.00177538 -0.00178432 -0.00179414 -0.00180411 -0.00181535 -0.00182688 -0.00184001 -0.00185383 -0.00186941 -0.00188625 -0.00190477 -0.00192515 -0.00194684 -0.00197069 -0.00199535 -0.00202189 -0.00204883 -0.00207675 -0.00210499 -0.00213316 -0.00216206 -0.00219055 -0.00222051 -0.00225121 -0.00228424 -0.00232036 -0.00235956 -0.00240384 -0.00245173 -0.00250447 -0.00256082 -0.00261955 -0.00268118 -0.00274317 -0.00280721 -0.00287326 -0.00294222 -0.00301798 -0.0031005 -0.00319316 -0.00329663 -0.00340865 -0.00352964 -0.00365391 -0.00377712 -0.00389527 -0.0039983 -0.00408013 -0.00413082 -0.00413688 -0.00409091 -0.00397984 -0.00378902 -0.00350361 -0.00309216 -0.00251874 -0.00175219 -0.000763986 0.000450409 0.00187555 0.00349742 0.00528399 0.00717231 0.00907478 0.0108728 0.0124485 0.0137248 0.0146222 0.0150183 0.0148033 0.0139392 0.0124617 0.0104595 0.00802937 0.00526355 0.00232305 -0.000538653 -0.00310154 -0.00524989 -0.00686468 
0 -0.0129804 -0.0256197 -0.037508 -0.0482834 -0.0577204 -0.0656247 -0.0717779 -0.0760691 -0.0785516 -0.0793193 -0.0784561 -0.07612 -0.0725592 -0.0680509 -0.0628738 -0.057277 -0.0514633 -0.0456413 -0.0400282 -0.0347782 -0.0299787 -0.025684 -0.0219099 -0.0186537 -0.0159077 -0.0136287 -0.0117521 -0.0102183 -0.00896304 -0.00793642 -0.00710785 -0.00644238 -0.0059129 -0.0054968 -0.00516412 -0.00489621 -0.00467647 -0.00448781 -0.0043252 -0.00417995 -0.00404701 -0.00392694 -0.00381419 -0.00371013 -0.00361402 -0.00352308 -0.00344017 -0.0033618 -0.00328878 -0.00322111 -0.00315595 -0.00309571 -0.00303736 -0.00298203 -0.00292968 -0.00287869 -0.00283151 -0.00278559 -0.00274299 -0.00270268 -0.00266444 -0.00262941 -0.00259541 -0.00256455 -0.00253449 -0.0025066 -0.00247991 -0.00245416 -0.00243012 -0.00240616 -0.00238415 -0.00236201 -0.00234164 -0.00232146 -0.00230261 -0.00228452 -0.00226722 -0.00225125 -0.0022356 -0.00222165 -0.00220776 -0.00219569 -0.00218358 -0.0021732 -0.00216285 -0.00215401 -0.00214532 -0.00213787 -0.00213076 -0.00212459 -0.00211893 -0.00211397 -0.00210966 -0.00210586 -0.00210282 -0.00210014 -0.0020983 -0.00209674 -0.00209606 -0.00209561 -0.00209606 -0.00209674 -0.0020983 -0.00210014 -0.00210282 -0.00210586 -0.00210966 -0.00211397 -0.00211893 -0.00212459 -0.00213076 -0.00213787 -0.00214532 -0.00215401 -0.00216285 -0.0021732 -0.00218358 -0.00219569 -0.00220776 -0.00222165 -0.0022356 -0.00225125 -0.00226722 -0.00228452 -0.00230261 -0.00232146 -0.00234164 -0.00236201 -0.00238415 -0.00240616 -0.00243012 -0.00245416 -0.00247991 -0.0025066 -0.00253449 -0.00256455 -0.00259541 -0.00262941 -0.00266444 -0.00270268 -0.00274299 -0.00278559 -0.00283151 -0.00287869 -0.00292968 -0.00298203 -0.00303736 -0.00309571 -0.00315595 -0.00322111 -0.00328878 -0.0033618 -0.00344017 -0.00352307 -0.00361397 -0.00370999 -0.00381381 -0.00392591 -0.00404436 -0.0041735 -0.00431027 -0.00445501 -0.00460807 -0.00476091 -0.00491023 -0.00504477 -0.00514868 -0.00521328 -0.00522154 -0.00516108 -0.00502387 -0.00478514 -0.00441786 -0.00388637 -0.0031419 -0.00215834 -0.000927228 0.000555826 0.00227708 0.0042246 0.00637779 0.00864988 0.0109049 0.0130093 0.0148408 0.0163066 0.0173258 0.0177684 0.0175021 0.0165012 0.0148226 0.0125355 0.00975625 0.00666515 0.00343886 0.000249096 -0.00267097 -0.00506227 -0.00676008 
0 -0.0146516 -0.0289363 -0.0424404 -0.0547727 -0.0656247 -0.0747555 -0.0819981 -0.0872715 -0.0905384 -0.0918116 -0.0912173 -0.0889658 -0.0852879 -0.0804644 -0.0748112 -0.068585 -0.0620062 -0.0553349 -0.0488241 -0.0426691 -0.0370124 -0.031914 -0.0273725 -0.023397 -0.0199877 -0.0171144 -0.0147416 -0.0128056 -0.0112243 -0.0099389 -0.00889292 -0.00803859 -0.00735157 -0.00679903 -0.00635447 -0.00600158 -0.00571275 -0.00547348 -0.00527154 -0.00509007 -0.00492759 -0.00477652 -0.00463333 -0.00450216 -0.00437757 -0.00426375 -0.0041601 -0.00406328 -0.00397694 -0.00389497 -0.00381888 -0.00374718 -0.00367653 -0.00361048 -0.00354454 -0.00348214 -0.00342228 -0.00336444 -0.00331165 -0.00326031 -0.0032143 -0.00317042 -0.00313008 -0.00309292 -0.003057 -0.00302469 -0.00299224 -0.00296283 -0.00293326 -0.00290549 -0.00287845 -0.00285192 -0.0028272 -0.00280215 -0.0027796 -0.0027565 -0.00273604 -0.00271533 -0.00269688 -0.00267879 -0.0026623 -0.00264685 -0.00263228 -0.00261931 -0.0026066 -0.00259588 -0.00258498 -0.00257626 -0.00256707 -0.00256014 -0.00255259 -0.00254727 -0.00254129 -0.00253745 -0.00253297 -0.00253053 -0.00252749 -0.00252642 -0.00252477 -0.00252505 -0.00252477 -0.00252642 -0.00252749 -0.00253053 -0.00253297 -0.00253745 -0.00254129 -0.00254727 -0.00255259 -0.00256014 -0.00256707 -0.00257626 -0.00258498 -0.00259588 -0.0026066 -0.00261931 -0.00263228 -0.00264685 -0.0026623 -0.00267879 -0.00269688 -0.00271533 -0.00273604 -0.0027565 -0.0027796 -0.00280215 -0.0028272 -0.00285192 -0.00287845 -0.00290549 -0.00293326 -0.00296283 -0.00299224 -0.00302469 -0.003057 -0.00309292 -0.00313008 -0.00317042 -0.0032143 -0.00326031 -0.00331165 -0.00336444 -0.00342228 -0.00348214 -0.00354454 -0.00361048 -0.00367653 -0.00374718 -0.00381888 -0.00389497 -0.00397694 -0.00406327 -0.00416009 -0.00426372 -0.00437747 -0.00450187 -0.00463254 -0.00477446 -0.00492249 -0.00507811 -0.00524491 -0.00541715 -0.00559967 -0.00578613 -0.00596488 -0.00612989 -0.00625829 -0.00633447 -0.00634794 -0.00627576 -0.0061066 -0.00581617 -0.00535726 -0.00469252 -0.00377879 -0.00258368 -0.00111466 0.000625725 0.00263921 0.00489704 0.00735442 0.00992027 0.0124405 0.0147801 0.0168345 0.0184687 0.019546 0.0199652 0.019648 0.0185762 0.0168025 0.014387 0.0114313 0.008155 0.00479922 0.00152294 -0.00148941 -0.00396137 -0.0056962 
0 -0.0159373 -0.0314469 -0.0461689 -0.059742 -0.0717779 -0.0819981 -0.0902865 -0.096539 -0.100619 -0.10253 -0.102443 -0.100548 -0.0970333 -0.0921723 -0.0862703 -0.0796111 -0.0724957 -0.0652058 -0.0579715 -0.0510245 -0.0445522 -0.0386343 -0.033313 -0.0286168 -0.0245323 -0.0210506 -0.0181474 -0.0157461 -0.0137767 -0.0121723 -0.0108564 -0.00978795 -0.00892784 -0.00822999 -0.00767241 -0.00722016 -0.00684355 -0.00653229 -0.00626238 -0.00602723 -0.00582346 -0.00563724 -0.00547285 -0.00532207 -0.0051802 -0.00505115 -0.00492509 -0.00480747 -0.00469605 -0.00458825 -0.00449068 -0.00439637 -0.00431102 -0.00423199 -0.00415714 -0.0040904 -0.0040245 -0.00396473 -0.00390603 -0.00384939 -0.00379598 -0.00374169 -0.00369206 -0.00364145 -0.00359503 -0.00354976 -0.00350689 -0.00346768 -0.00342909 -0.00339556 -0.0033618 -0.00333285 -0.00330395 -0.00327841 -0.00325389 -0.00323083 -0.00320991 -0.00318882 -0.00317068 -0.00315135 -0.00313532 -0.00311778 -0.00310342 -0.00308775 -0.00307482 -0.00306113 -0.00304957 -0.00303792 -0.00302777 -0.00301817 -0.00300951 -0.00300195 -0.00299486 -0.00298929 -0.00298386 -0.00298025 -0.00297653 -0.00297481 -0.00297286 -0.002973 -0.00297286 -0.00297481 -0.00297653 -0.00298025 -0.00298386 -0.00298929 -0.00299486 -0.00300195 -0.00300951 -0.00301817 -0.00302777 -0.00303792 -0.00304957 -0.00306113 -0.00307482 -0.00308775 -0.00310342 -0.00311778 -0.00313532 -0.00315135 -0.00317068 -0.00318882 -0.00320991 -0.00323083 -0.00325389 -0.00327841 -0.00330395 -0.00333285 -0.0033618 -0.00339556 -0.00342909 -0.00346768 -0.00350689 -0.00354976 -0.00359503 -0.00364145 -0.00369206 -0.00374169 -0.00379598 -0.00384939 -0.00390603 -0.00396473 -0.0040245 -0.0040904 -0.00415714 -0.00423199 -0.00431102 -0.00439637 -0.00449068 -0.00458825 -0.00469604 -0.00480747 -0.00492507 -0.00505107 -0.00517998 -0.00532147 -0.00547126 -0.00563326 -0.00581401 -0.00600588 -0.00621656 -0.00643893 -0.00666297 -0.00688854 -0.00709395 -0.0072703 -0.00740977 -0.00748936 -0.00750655 -0.00744139 -0.00725479 -0.00691556 -0.00636215 -0.0055392 -0.00443145 -0.00302158 -0.00131542 0.000664764 0.00293107 0.00546334 0.008175 0.010966 0.0137027 0.0162285 0.0184244 0.0201524 0.0212452 0.0216262 0.0212983 0.0202366 0.0184371 0.0159953 0.0130599 0.0098116 0.00648189 0.0032976 0.000435635 -0.00193791 -0.00365849 
0 -0.0167895 -0.0331318 -0.0486836 -0.0631153 -0.0760691 -0.0872715 -0.096539 -0.103688 -0.108604 -0.111327 -0.111969 -0.110656 -0.107578 -0.10297 -0.0970832 -0.0902592 -0.0828642 -0.0751607 -0.0673847 -0.0597958 -0.0525842 -0.0458865 -0.0398129 -0.0343858 -0.029604 -0.0254865 -0.0219967 -0.0190787 -0.0166816 -0.0147102 -0.0130902 -0.0117742 -0.0106947 -0.00981795 -0.00911335 -0.00853236 -0.00805979 -0.00766714 -0.00732819 -0.00704273 -0.0067881 -0.00656119 -0.00636165 -0.00617338 -0.00600527 -0.00584773 -0.00569806 -0.00556302 -0.00543042 -0.00530986 -0.00519579 -0.00508644 -0.0049885 -0.00489142 -0.00480446 -0.00472065 -0.004641 -0.00456867 -0.00449578 -0.0044313 -0.00436619 -0.00430651 -0.00424951 -0.00419359 -0.00414363 -0.00409206 -0.00404726 -0.00400104 -0.00395977 -0.00391936 -0.00388083 -0.00384586 -0.00381009 -0.00377962 -0.00374703 -0.00372002 -0.00369105 -0.00366664 -0.00364149 -0.00361918 -0.00359777 -0.00357736 -0.0035594 -0.00354089 -0.003526 -0.00350948 -0.00349727 -0.00348283 -0.003473 -0.0034607 -0.003453 -0.00344286 -0.00343716 -0.00342916 -0.00342535 -0.00341945 -0.00341753 -0.00341366 -0.00341362 -0.00341174 -0.00341362 -0.00341366 -0.00341753 -0.00341945 -0.00342535 -0.00342916 -0.00343716 -0.00344286 -0.003453 -0.0034607 -0.003473 -0.00348283 -0.00349727 -0.00350948 -0.003526 -0.00354089 -0.0035594 -0.00357736 -0.00359777 -0.00361918 -0.00364149 -0.00366664 -0.00369105 -0.00372002 -0.00374703 -0.00377962 -0.00381009 -0.00384586 -0.00388083 -0.00391936 -0.00395977 -0.00400104 -0.00404726 -0.00409206 -0.00414363 -0.00419359 -0.00424951 -0.00430651 -0.00436619 -0.0044313 -0.00449578 -0.00456867 -0.004641 -0.00472065 -0.00480446 -0.00489142 -0.0049885 -0.00508644 -0.00519578 -0.00530985 -0.00543041 -0.005563 -0.00569801 -0.00584757 -0.00600481 -0.00617217 -0.00635859 -0.00655381 -0.00677119 -0.00700592 -0.00725204 -0.00751754 -0.00778071 -0.00803784 -0.00828007 -0.00847997 -0.00864041 -0.00874316 -0.00876457 -0.00869595 -0.00848073 -0.00806245 -0.00739759 -0.0064216 -0.00512235 -0.00351585 -0.00158766 0.000645947 0.00315968 0.00593287 0.0088609 0.0118103 0.0146872 0.0173504 0.019623 0.0213716 0.0224747 0.022855 0.0225341 0.0215209 0.0197873 0.0174329 0.0146716 0.0116656 0.00856442 0.00560812 0.00301593 0.000888195 -0.000672993 
0 -0.0171768 -0.0339621 -0.0499908 -0.0649446 -0.0785516 -0.0905384 -0.100619 -0.108604 -0.114447 -0.118129 -0.119639 -0.119095 -0.116702 -0.112622 -0.107077 -0.100423 -0.0929922 -0.0850674 -0.0769503 -0.0688826 -0.0610564 -0.053687 -0.0469031 -0.0407408 -0.0352567 -0.0304657 -0.0263395 -0.0228734 -0.0199994 -0.0176153 -0.0156597 -0.0140431 -0.0126996 -0.0116072 -0.0107088 -0.00997678 -0.0093907 -0.00889895 -0.00849205 -0.00814477 -0.00783056 -0.00755807 -0.0073045 -0.00707287 -0.00686765 -0.00667187 -0.00650106 -0.00634166 -0.00619283 -0.0060608 -0.0059286 -0.00581003 -0.00569332 -0.00558057 -0.00547753 -0.00537233 -0.0052798 -0.00518743 -0.00510317 -0.00502587 -0.00494976 -0.00488497 -0.00481792 -0.00476077 -0.00470294 -0.00464947 -0.00459953 -0.00454819 -0.00450387 -0.0044552 -0.0044143 -0.00436965 -0.00433084 -0.00429129 -0.00425426 -0.00422017 -0.00418534 -0.00415637 -0.00412445 -0.00409985 -0.00407146 -0.00405041 -0.00402592 -0.00400771 -0.00398719 -0.00397131 -0.00395459 -0.00394075 -0.00392755 -0.00391561 -0.00390559 -0.00389551 -0.00388837 -0.00388016 -0.00387563 -0.00386934 -0.00386721 -0.00386291 -0.00386303 -0.00386077 -0.00386303 -0.00386291 -0.00386721 -0.00386934 -0.00387563 -0.00388016 -0.00388837 -0.00389551 -0.00390559 -0.00391561 -0.00392755 -0.00394075 -0.00395459 -0.00397131 -0.00398719 -0.00400771 -0.00402592 -0.00405041 -0.00407146 -0.00409985 -0.00412445 -0.00415637 -0.00418534 -0.00422017 -0.00425426 -0.00429129 -0.00433084 -0.00436965 -0.0044143 -0.0044552 -0.00450387 -0.00454819 -0.00459953 -0.00464947 -0.00470294 -0.00476077 -0.00481792 -0.00488497 -0.00494976 -0.00502587 -0.00510317 -0.00518743 -0.0052798 -0.00537233 -0.00547753 -0.00558057 -0.00569332 -0.00581003 -0.0059286 -0.0060608 -0.00619282 -0.00634162 -0.00650094 -0.00667153 -0.00686674 -0.00707054 -0.00729881 -0.00754485 -0.00780134 -0.00808339 -0.00836956 -0.00866678 -0.00897259 -0.00926091 -0.00954136 -0.00978859 -0.00998129 -0.0101209 -0.0101582 -0.0100617 -0.00979376 -0.0092715 -0.00846388 -0.00734566 -0.00587821 -0.00408119 -0.00194687 0.00054751 0.0033327 0.00632278 0.00942655 0.012497 0.0154331 0.0181516 0.0204686 0.022217 0.023336 0.0237655 0.0234657 0.0224908 0.0209153 0.0188225 0.0163692 0.013723 0.0110177 0.00843783 0.00619304 0.00440463 0.00314552 
0 -0.0171273 -0.0339592 -0.0501354 -0.0653357 -0.0793193 -0.0918116 -0.10253 -0.111327 -0.118129 -0.122814 -0.125324 -0.125762 -0.124251 -0.120932 -0.116049 -0.109872 -0.102672 -0.0948006 -0.0865695 -0.0781842 -0.0698986 -0.0619627 -0.0545116 -0.0476708 -0.0415223 -0.0360516 -0.0312826 -0.0272198 -0.0237843 -0.0209291 -0.0185753 -0.0166097 -0.0149916 -0.0136559 -0.012541 -0.0116387 -0.0108904 -0.010267 -0.00975882 -0.00931475 -0.00893795 -0.00861059 -0.00830799 -0.00804763 -0.00780137 -0.00757572 -0.00737392 -0.00717512 -0.00700145 -0.00683331 -0.00667683 -0.0065378 -0.00639814 -0.00627849 -0.00615895 -0.00604916 -0.00594852 -0.00584559 -0.00575742 -0.00566364 -0.00558127 -0.00549929 -0.00542008 -0.00534977 -0.00527529 -0.00521398 -0.00514742 -0.0050919 -0.00503533 -0.00498355 -0.00493678 -0.00488829 -0.00484935 -0.00480473 -0.00477101 -0.00473111 -0.00470039 -0.00466575 -0.00463668 -0.00460735 -0.00457945 -0.00455504 -0.00452848 -0.00450841 -0.00448366 -0.00446729 -0.00444484 -0.00443164 -0.00441192 -0.00440151 -0.00438476 -0.0043769 -0.00436323 -0.00435781 -0.0043472 -0.00434421 -0.00433657 -0.00433606 -0.00433128 -0.00433335 -0.00433128 -0.00433606 -0.00433657 -0.00434421 -0.0043472 -0.00435781 -0.00436323 -0.0043769 -0.00438476 -0.00440151 -0.00441192 -0.00443164 -0.00444484 -0.00446729 -0.00448366 -0.00450841 -0.00452848 -0.00455504 -0.00457945 -0.00460735 -0.00463668 -0.00466575 -0.00470039 -0.00473111 -0.00477101 -0.00480473 -0.00484935 -0.00488829 -0.00493678 -0.00498355 -0.00503533 -0.0050919 -0.00514742 -0.00521398 -0.00527529 -0.00534977 -0.00542008 -0.00549929 -0.00558127 -0.00566364 -0.00575742 -0.00584559 -0.00594852 -0.00604916 -0.00615895 -0.00627849 -0.00639814 -0.0065378 -0.00667683 -0.0068333 -0.00700142 -0.00717503 -0.00737367 -0.00757504 -0.00779962 -0.0080433 -0.00829778 -0.00858769 -0.00888908 -0.00921567 -0.00956791 -0.00991749 -0.010282 -0.0106306 -0.0109465 -0.0112393 -0.0114631 -0.0116127 -0.0116634 -0.0115356 -0.0111985 -0.0105867 -0.00963322 -0.00835173 -0.0067139 -0.00469285 -0.00232025 0.000410354 0.00344313 0.0066224 0.00985219 0.0130412 0.0160412 0.018752 0.0210609 0.0228055 0.0239244 0.0244114 0.0242039 0.0233305 0.021966 0.0202389 0.0182061 0.0159948 0.0137831 0.0117132 0.00991437 0.00851931 0.00760476 
0 -0.0167279 -0.0332345 -0.049218 -0.0643755 -0.0784561 -0.0912173 -0.102443 -0.111969 -0.119639 -0.125324 -0.128973 -0.130551 -0.130088 -0.127765 -0.123801 -0.118356 -0.1117 -0.10418 -0.0960443 -0.0875489 -0.0789989 -0.0706113 -0.0625976 -0.0551681 -0.0483769 -0.0422519 -0.0368527 -0.032144 -0.0281087 -0.0247353 -0.0219083 -0.0195581 -0.0176226 -0.0159918 -0.0146429 -0.0135287 -0.0125855 -0.0118186 -0.0111719 -0.0106198 -0.0101654 -0.00975528 -0.00940258 -0.00909044 -0.00879372 -0.00853823 -0.00828923 -0.00806192 -0.00785741 -0.00765404 -0.00748109 -0.00730931 -0.00715436 -0.00701482 -0.00687369 -0.00675579 -0.0066315 -0.00652273 -0.00641724 -0.00631223 -0.00622222 -0.00612346 -0.00604257 -0.00595514 -0.00587844 -0.00580493 -0.00573126 -0.00567021 -0.00560143 -0.00554894 -0.00548774 -0.00543982 -0.00538787 -0.00534206 -0.0052993 -0.00525499 -0.00522002 -0.00517788 -0.00514873 -0.00510991 -0.0050847 -0.00505028 -0.00502765 -0.00499826 -0.00497743 -0.00495327 -0.00493396 -0.00491485 -0.00489713 -0.00488272 -0.00486679 -0.00485664 -0.00484278 -0.00483649 -0.00482493 -0.00482215 -0.00481312 -0.00481357 -0.00480724 -0.00481072 -0.00480724 -0.00481357 -0.00481312 -0.00482215 -0.00482493 -0.00483649 -0.00484278 -0.00485664 -0.00486679 -0.00488272 -0.00489713 -0.00491485 -0.00493396 -0.00495327 -0.00497743 -0.00499826 -0.00502765 -0.00505028 -0.0050847 -0.00510991 -0.00514873 -0.00517788 -0.00522002 -0.00525499 -0.0052993 -0.00534206 -0.00538787 -0.00543982 -0.00548774 -0.00554894 -0.00560143 -0.00567021 -0.00573126 -0.00580493 -0.00587844 -0.00595514 -0.00604257 -0.00612346 -0.00622222 -0.00631223 -0.00641724 -0.00652273 -0.0066315 -0.00675579 -0.00687369 -0.00701482 -0.00715436 -0.00730931 -0.00748109 -0.00765402 -0.00785735 -0.00806175 -0.00828874 -0.00853693 -0.00879047 -0.00908266 -0.00938486 -0.00971686 -0.0100863 -0.0104647 -0.0108831 -0.0113074 -0.0117242 -0.0121445 -0.0125141 -0.0128434 -0.0131164 -0.0132733 -0.0133123 -0.013156 -0.0127235 -0.0120002 -0.0109119 -0.00943672 -0.00759868 -0.00534346 -0.00269041 0.000274177 0.00350159 0.00686077 0.010208 0.013492 0.0165804 0.019285 0.0215298 0.0232549 0.024378 0.0248997 0.0248381 0.0242057 0.0231247 0.0217545 0.0201727 0.0184781 0.0168346 0.015345 0.0140617 0.0130858 0.0124932 
0 -0.0160644 -0.0319273 -0.0473795 -0.0621901 -0.07612 -0.0889658 -0.100548 -0.110656 -0.119095 -0.125762 -0.130551 -0.133329 -0.134101 -0.133011 -0.130162 -0.125697 -0.119871 -0.112923 -0.105112 -0.0967817 -0.0881834 -0.0795306 -0.0711266 -0.0631712 -0.0557633 -0.0490344 -0.0430057 -0.0376582 -0.0330433 -0.0291018 -0.025755 -0.0229736 -0.0206318 -0.0186625 -0.0170396 -0.0156644 -0.0145271 -0.0135917 -0.0127857 -0.0121237 -0.0115485 -0.0110388 -0.0106107 -0.0102093 -0.00986258 -0.00955318 -0.00925849 -0.00901107 -0.0087656 -0.00854715 -0.00834696 -0.00814489 -0.0079743 -0.00779518 -0.0076382 -0.00748934 -0.0073417 -0.00721956 -0.00708732 -0.00698089 -0.00687043 -0.00677047 -0.00668128 -0.0065854 -0.00651045 -0.00642156 -0.00635242 -0.00627434 -0.00620569 -0.00613993 -0.00607107 -0.0060162 -0.00594969 -0.00590261 -0.00584198 -0.00579952 -0.00574745 -0.00570745 -0.00566502 -0.00562656 -0.00559336 -0.00555654 -0.00553124 -0.00549668 -0.00547767 -0.0054461 -0.00543187 -0.0054039 -0.0053933 -0.0053693 -0.00536159 -0.00534167 -0.00533647 -0.00532056 -0.00531777 -0.00530567 -0.00530536 -0.0052968 -0.00529918 -0.00529386 -0.00529918 -0.0052968 -0.00530536 -0.00530567 -0.00531777 -0.00532056 -0.00533647 -0.00534167 -0.00536159 -0.0053693 -0.0053933 -0.0054039 -0.00543187 -0.0054461 -0.00547767 -0.00549668 -0.00553124 -0.00555654 -0.00559336 -0.00562656 -0.00566502 -0.00570745 -0.00574745 -0.00579952 -0.00584198 -0.00590261 -0.00594969 -0.0060162 -0.00607107 -0.00613993 -0.00620569 -0.00627434 -0.00635242 -0.00642156 -0.00651045 -0.0065854 -0.00668128 -0.00677047 -0.00687043 -0.00698089 -0.00708732 -0.00721956 -0.0073417 -0.00748934 -0.0076382 -0.00779518 -0.0079743 -0.00814488 -0.00834694 -0.00854711 -0.00876547 -0.00901072 -0.00925754 -0.00955077 -0.00985673 -0.0101957 -0.0105809 -0.0109763 -0.011424 -0.0118879 -0.0123611 -0.0128639 -0.013338 -0.0138071 -0.0142544 -0.0146294 -0.0149546 -0.0151531 -0.0151594 -0.0149477 -0.0144045 -0.0135032 -0.0122475 -0.0105669 -0.00847988 -0.00599294 -0.00307639 0.000150802 0.00356651 0.00710814 0.0106239 0.0139847 0.0171059 0.0198141 0.0220005 0.0236921 0.0248558 0.0254397 0.0255148 0.0251698 0.0244513 0.0234545 0.02232 0.0211771 0.0201271 0.0192144 0.0184547 0.017903 0.0176114 
0 -0.0151674 -0.030138 -0.0447947 -0.0590026 -0.0725592 -0.0852879 -0.0970333 -0.107578 -0.116702 -0.124251 -0.130088 -0.134101 -0.136255 -0.136529 -0.134966 -0.131719 -0.126934 -0.12078 -0.113583 -0.105657 -0.0972133 -0.0885418 -0.0799273 -0.071553 -0.063653 -0.0563768 -0.0497292 -0.0437875 -0.0385733 -0.0340216 -0.0301495 -0.0268783 -0.0240915 -0.0217713 -0.0198093 -0.0181441 -0.0167756 -0.0156042 -0.0146251 -0.0138125 -0.013091 -0.0124917 -0.0119583 -0.0114767 -0.011071 -0.0106797 -0.0103434 -0.0100359 -0.0097404 -0.00949339 -0.00924071 -0.00902356 -0.0088189 -0.00861732 -0.00845028 -0.00826933 -0.00812063 -0.00796904 -0.00782641 -0.00770338 -0.00756775 -0.00746304 -0.00734244 -0.00724481 -0.00714506 -0.00704918 -0.00696934 -0.00687672 -0.00681052 -0.0067261 -0.00666617 -0.00659417 -0.00653544 -0.00647723 -0.00641813 -0.00637217 -0.00631386 -0.00627698 -0.00622189 -0.00619071 -0.00614124 -0.0061131 -0.00607087 -0.00604419 -0.00600985 -0.00598404 -0.00595747 -0.00593261 -0.00591321 -0.00588975 -0.00587671 -0.0058552 -0.00584774 -0.00582869 -0.00582614 -0.00580996 -0.0058118 -0.00579882 -0.00580464 -0.00579511 -0.00580464 -0.00579882 -0.0058118 -0.00580996 -0.00582614 -0.00582869 -0.00584774 -0.0058552 -0.00587671 -0.00588975 -0.00591321 -0.00593261 -0.00595747 -0.00598404 -0.00600985 -0.00604419 -0.00607087 -0.0061131 -0.00614124 -0.00619071 -0.00622189 -0.00627698 -0.00631386 -0.00637217 -0.00641813 -0.00647723 -0.00653544 -0.00659417 -0.00666617 -0.0067261 -0.00681052 -0.00687672 -0.00696934 -0.00704918 -0.00714506 -0.00724481 -0.00734244 -0.00746304 -0.00756775 -0.00770338 -0.00782641 -0.00796904 -0.00812063 -0.00826933 -0.00845028 -0.00861732 -0.0088189 -0.00902355 -0.00924068 -0.0094933 -0.00974015 -0.0100353 -0.0103417 -0.0106754 -0.0110608 -0.0114539 -0.0119096 -0.0123931 -0.0129009 -0.013464 -0.0140172 -0.0145938 -0.0151716 -0.0157029 -0.0162289 -0.0166788 -0.0170198 -0.0172365 -0.0171975 -0.0168677 -0.0162027 -0.015111 -0.0136281 -0.0117278 -0.0093501 -0.00656228 -0.00339053 0.0001075 0.00375454 0.00746446 0.0111541 0.014619 0.0177293 0.020424 0.0226126 0.0242865 0.0254801 0.0261701 0.0264002 0.026298 0.0259346 0.0253651 0.0247164 0.0241059 0.023583 0.0231759 0.0229046 0.022768 0.0227679 
0 -0.0140471 -0.0279521 -0.0416522 -0.0550677 -0.0680509 -0.0804644 -0.0921723 -0.10297 -0.112622 -0.120932 -0.127765 -0.133011 -0.136529 -0.13821 -0.138079 -0.136209 -0.13265 -0.127571 -0.121247 -0.113911 -0.105857 -0.0974039 -0.0887582 -0.0801793 -0.0719518 -0.0641867 -0.0569981 -0.0504977 -0.0446575 -0.0395202 -0.0351057 -0.0312988 -0.0280748 -0.0253537 -0.0230069 -0.0210389 -0.0193649 -0.0179285 -0.0167496 -0.0157277 -0.0148642 -0.0141405 -0.0134791 -0.0129245 -0.0124157 -0.0119487 -0.0115509 -0.0111574 -0.0108241 -0.010512 -0.0102173 -0.00997292 -0.00971828 -0.00950985 -0.00930275 -0.0091073 -0.00894116 -0.00875753 -0.00861361 -0.00845262 -0.00831468 -0.00818313 -0.00804725 -0.00794114 -0.00781397 -0.00772248 -0.00761296 -0.00752617 -0.0074386 -0.0073522 -0.00728436 -0.00719973 -0.00714523 -0.00706664 -0.00701841 -0.00694998 -0.0069029 -0.00684686 -0.00679865 -0.00675499 -0.00670577 -0.00667293 -0.0066242 -0.00659991 -0.00655362 -0.00653566 -0.00649349 -0.0064801 -0.00644321 -0.00643325 -0.00640221 -0.00639508 -0.00636998 -0.00636553 -0.00634612 -0.00634452 -0.00633037 -0.00633195 -0.00632254 -0.00632777 -0.00632254 -0.00633195 -0.00633037 -0.00634452 -0.00634612 -0.00636553 -0.00636998 -0.00639508 -0.00640221 -0.00643325 -0.00644321 -0.0064801 -0.00649349 -0.00653566 -0.00655362 -0.00659991 -0.0066242 -0.00667293 -0.00670577 -0.00675499 -0.00679865 -0.00684686 -0.0069029 -0.00694998 -0.00701841 -0.00706664 -0.00714523 -0.00719973 -0.00728436 -0.0073522 -0.0074386 -0.00752617 -0.00761296 -0.00772248 -0.00781397 -0.00794114 -0.00804725 -0.00818313 -0.00831468 -0.00845262 -0.00861361 -0.00875753 -0.00894116 -0.0091073 -0.00930274 -0.00950985 -0.00971827 -0.0099729 -0.0102172 -0.0105118 -0.0108237 -0.0111561 -0.0115477 -0.0119411 -0.0123984 -0.0128871 -0.013402 -0.0139891 -0.0145817 -0.0152259 -0.0159007 -0.0165579 -0.0172458 -0.0178878 -0.0184731 -0.0190007 -0.0193515 -0.019511 -0.0194035 -0.0189144 -0.0180644 -0.0167893 -0.0150368 -0.0128463 -0.0101572 -0.00699321 -0.00349932 0.000261205 0.00417152 0.00806549 0.0118677 0.0154339 0.018578 0.0212649 0.023488 0.0251869 0.0263777 0.0271418 0.0275536 0.0276951 0.0276456 0.0274886 0.0273247 0.0272014 0.0271182 0.0271234 0.0272666 0.0275019 0.0277743 
0 -0.0127634 -0.0254877 -0.038124 -0.0506102 -0.0628738 -0.0748112 -0.0862703 -0.0970832 -0.107077 -0.116049 -0.123801 -0.130162 -0.134966 -0.138079 -0.139434 -0.139005 -0.136839 -0.133061 -0.127807 -0.121313 -0.113919 -0.105877 -0.0974163 -0.0888572 -0.0804249 -0.0723035 -0.0647099 -0.0576976 -0.0513044 -0.0456299 -0.0406273 -0.036279 -0.0325818 -0.0293905 -0.0266677 -0.0243623 -0.0223548 -0.0206675 -0.0192274 -0.0179743 -0.0169374 -0.0160153 -0.0152207 -0.0145423 -0.0139083 -0.0133775 -0.0128816 -0.0124303 -0.0120443 -0.0116565 -0.0113337 -0.0110178 -0.0107253 -0.0104756 -0.0102124 -0.0100038 -0.00978386 -0.00959245 -0.00941999 -0.00923865 -0.00910045 -0.00893658 -0.00881247 -0.00867512 -0.00855162 -0.00844198 -0.00831772 -0.0082285 -0.00811063 -0.00803131 -0.00792845 -0.00785092 -0.00776794 -0.00768912 -0.00762568 -0.00754698 -0.00749897 -0.0074241 -0.00738602 -0.00731884 -0.00728578 -0.00722897 -0.00719759 -0.00715226 -0.00712097 -0.00708689 -0.00705541 -0.00703153 -0.00700039 -0.00698534 -0.00695542 -0.00694784 -0.00692003 -0.00691878 -0.00689383 -0.00689805 -0.00687652 -0.00688562 -0.00686792 -0.00688147 -0.00686792 -0.00688562 -0.00687652 -0.00689805 -0.00689383 -0.00691878 -0.00692003 -0.00694784 -0.00695542 -0.00698534 -0.00700039 -0.00703153 -0.00705541 -0.00708689 -0.00712097 -0.00715226 -0.00719759 -0.00722897 -0.00728578 -0.00731884 -0.00738602 -0.0074241 -0.00749897 -0.00754698 -0.00762568 -0.00768912 -0.00776794 -0.00785092 -0.00792845 -0.00803131 -0.00811063 -0.0082285 -0.00831772 -0.00844198 -0.00855162 -0.00867512 -0.00881247 -0.00893658 -0.00910045 -0.00923865 -0.00941999 -0.00959245 -0.00978386 -0.0100038 -0.0102124 -0.0104756 -0.0107253 -0.0110177 -0.0113336 -0.0116562 -0.0120434 -0.012428 -0.0128761 -0.0133646 -0.01388 -0.0144827 -0.0151017 -0.0157891 -0.0165283 -0.0172696 -0.0180692 -0.0188471 -0.0196071 -0.0203586 -0.021 -0.0215462 -0.0219135 -0.0219837 -0.021751 -0.0211033 -0.0199949 -0.018454 -0.0163882 -0.0137969 -0.0107317 -0.00719306 -0.00332338 0.000721945 0.00488347 0.00900848 0.0129274 0.0165498 0.0197576 0.0224717 0.0246996 0.0264221 0.0276392 0.0284592 0.0290144 0.0293878 0.0296378 0.0298355 0.0300571 0.030328 0.0306308 0.0309921 0.0314515 0.031963 0.0324559 
0 -0.0114198 -0.022891 -0.034378 -0.0458433 -0.057277 -0.068585 -0.0796111 -0.0902592 -0.100423 -0.109872 -0.118356 -0.125697 -0.131719 -0.136209 -0.139005 -0.140052 -0.139375 -0.137005 -0.133024 -0.12765 -0.121134 -0.11371 -0.105684 -0.0973237 -0.0888572 -0.0805817 -0.0726916 -0.0652657 -0.0584395 -0.052249 -0.0466889 -0.0418327 -0.0376102 -0.0339504 -0.0308395 -0.0281361 -0.0258062 -0.0238245 -0.0220801 -0.0206034 -0.0193294 -0.0182019 -0.0172584 -0.0164007 -0.0156543 -0.0150062 -0.0143924 -0.0138776 -0.0133847 -0.0129414 -0.0125545 -0.0121658 -0.0118475 -0.0115248 -0.0112401 -0.0109862 -0.0107251 -0.0105204 -0.010293 -0.0101106 -0.0099267 -0.00975083 -0.00960663 -0.00943876 -0.00931888 -0.00916944 -0.00905755 -0.00893486 -0.00882213 -0.00872658 -0.0086134 -0.0085383 -0.00843076 -0.00836671 -0.00827177 -0.00821086 -0.00813298 -0.0080709 -0.008011 -0.00794703 -0.00790317 -0.00783901 -0.0078078 -0.00774607 -0.00772393 -0.00766716 -0.0076511 -0.0076011 -0.00758909 -0.00754684 -0.00753776 -0.00750349 -0.00749697 -0.00747037 -0.00746656 -0.00744702 -0.00744639 -0.00743312 -0.00743633 -0.00742851 -0.00743633 -0.00743312 -0.00744639 -0.00744702 -0.00746656 -0.00747037 -0.00749697 -0.00750349 -0.00753776 -0.00754684 -0.00758909 -0.0076011 -0.0076511 -0.00766716 -0.00772393 -0.00774607 -0.0078078 -0.00783901 -0.00790317 -0.00794703 -0.008011 -0.0080709 -0.00813298 -0.00821086 -0.00827177 -0.00836671 -0.00843076 -0.0085383 -0.0086134 -0.00872658 -0.00882213 -0.00893486 -0.00905755 -0.00916944 -0.00931888 -0.00943876 -0.00960663 -0.00975083 -0.0099267 -0.0101106 -0.010293 -0.0105204 -0.0107251 -0.0109862 -0.0112401 -0.0115248 -0.0118475 -0.0121657 -0.0125542 -0.0129407 -0.0133831 -0.0138736 -0.0143829 -0.014985 -0.0156089 -0.0163084 -0.0170797 -0.0178726 -0.0187514 -0.0196361 -0.020533 -0.0214522 -0.0223013 -0.0231178 -0.0238314 -0.0243515 -0.024668 -0.0246366 -0.0241941 -0.0233257 -0.0219248 -0.0199981 -0.0175379 -0.0144881 -0.0109469 -0.00701631 -0.00277553 0.00160914 0.00602366 0.0103682 0.0144482 0.0181262 0.0213603 0.0241 0.0263074 0.0280034 0.0292627 0.0301868 0.0308626 0.0313823 0.0318556 0.0323417 0.0328478 0.0333984 0.0340187 0.0346886 0.0353737 0.0360486 0.0366773 
0 -0.0101051 -0.0203004 -0.0305881 -0.0409696 -0.0514633 -0.0620062 -0.0724957 -0.0828642 -0.0929922 -0.102672 -0.1117 -0.119871 -0.126934 -0.13265 -0.136839 -0.139375 -0.140195 -0.1393 -0.136751 -0.132656 -0.127198 -0.120649 -0.113284 -0.105333 -0.097081 -0.0888186 -0.0807405 -0.0730472 -0.065871 -0.0592372 -0.0532374 -0.0479001 -0.0431735 -0.039076 -0.0355171 -0.0324044 -0.0297349 -0.0273957 -0.0253646 -0.0236316 -0.0220935 -0.02078 -0.0196279 -0.0185892 -0.0177031 -0.0168785 -0.0161547 -0.0155131 -0.014906 -0.0143969 -0.0139036 -0.0134719 -0.0130854 -0.0127047 -0.012393 -0.0120667 -0.0117914 -0.0115266 -0.0112688 -0.0110571 -0.0108215 -0.0106418 -0.0104422 -0.0102754 -0.0101179 -0.00995678 -0.00983472 -0.00968337 -0.00958203 -0.00944896 -0.00935419 -0.00924525 -0.0091491 -0.0090645 -0.00896612 -0.00890119 -0.00880449 -0.00875245 -0.00866289 -0.00861738 -0.00853952 -0.0084961 -0.00843248 -0.00838897 -0.00834011 -0.00829615 -0.0082611 -0.00821743 -0.00819452 -0.00815234 -0.00813971 -0.00810026 -0.00809626 -0.00806055 -0.00806388 -0.00803261 -0.00804239 -0.00801604 -0.00803167 -0.00801054 -0.00803167 -0.00801604 -0.00804239 -0.00803261 -0.00806388 -0.00806055 -0.00809626 -0.00810026 -0.00813971 -0.00815234 -0.00819452 -0.00821743 -0.0082611 -0.00829615 -0.00834011 -0.00838897 -0.00843248 -0.0084961 -0.00853952 -0.00861738 -0.00866289 -0.00875245 -0.00880449 -0.00890119 -0.00896612 -0.0090645 -0.0091491 -0.00924525 -0.00935419 -0.00944896 -0.00958203 -0.00968337 -0.00983472 -0.00995678 -0.0101179 -0.0102754 -0.0104422 -0.0106418 -0.0108215 -0.0110571 -0.0112688 -0.0115266 -0.0117914 -0.0120667 -0.0123929 -0.0127047 -0.0130853 -0.0134717 -0.0139032 -0.0143958 -0.0149031 -0.0155062 -0.016139 -0.0168443 -0.0176325 -0.0184499 -0.0193662 -0.0203119 -0.0212953 -0.0223319 -0.0233378 -0.0243562 -0.0253276 -0.0261871 -0.0269333 -0.0274257 -0.0275961 -0.0273857 -0.0266686 -0.0254435 -0.0236742 -0.0212904 -0.0183271 -0.0147919 -0.0107418 -0.00634386 -0.00171145 0.00304548 0.00775871 0.0122823 0.016477 0.0202152 0.0234442 0.0261541 0.0283338 0.0300043 0.0312687 0.0322629 0.0330484 0.0336677 0.0342524 0.0349098 0.0356213 0.0363751 0.0372112 0.0380893 0.0389159 0.0396731 0.0403619 
