0 0 0 0 0 0 0 0 0 0 0 0 0 0 0 0 0 0 0 0 0 0 0 0 0 0 0 0 0 0 0 0 0 0 0 0 0 0 0 0 0 0 0 0 0 0 0 0 0 0 0 0 0 0 0 0 0 0 0 0 0 0 0 0 0 0 0 0 0 0 0 0 0 0 0 0 0 0 0 0 0 0 0 0 0 0 0 0 0 0 0 0 0 0 0 0 0 0 0 0 0 0 0 0 0 0 0 0 0 0 0 0 0 0 0 0 0 0 0 0 0 0 0 0 0 0 0 0 0 0 0 0 0 0 0 0 0 0 0 0 0 0 0 0 0 0 0 0 0 0 0 0 0 0 0 0 0 0 0 0 0 0 0 0 0 0 0 0 0 0 0 0 0 0 0 0 0 0 0 0 0 0 0 0 0 0 0 0 0 0 0 0 0 0 0 0 0 0 0 0 
0 0.000798549 0.00147874 0.00216528 0.00292138 0.00361107 0.00419378 0.00473392 0.0051768 0.00544217 0.00554447 0.0054717 0.00516721 0.00460443 0.003776 0.00272333 0.00150723 0.000116525 -0.00141745 -0.00296186 -0.00444978 -0.00586323 -0.00712619 -0.00816595 -0.00892272 -0.00936775 -0.00955284 -0.00950157 -0.00920057 -0.00868637 -0.00800369 -0.00722053 -0.00641351 -0.00559726 -0.00479271 -0.00402671 -0.00331433 -0.00269938 -0.00219075 -0.00177954 -0.00146039 -0.00119886 -0.000987519 -0.000816719 -0.000674204 -0.000569452 -0.000487991 -0.000432099 -0.000397447 -0.000372005 -0.000361961 -0.000353003 -0.000349705 -0.000348145 -0.000343484 -0.000342949 -0.000336388 -0.000333163 -0.000327009 -0.000320682 -0.000316587 -0.00030926 -0.00030718 -0.000301492 -0.000300366 -0.0002978 -0.000296596 -0.000296956 -0.000295241 -0.000297171 -0.00029508 -0.000296963 -0.000294889 -0.000295547 -0.000293838 -0.000292804 -0.000291614 -0.000289049 -0.000288343 -0.000284769 -0.000284395 -0.000280432 -0.000280214 -0.000276392 -0.000276182 -0.000272862 -0.000272564 -0.00026993 -0.000269505 -0.000267596 -0.000267044 -0.000265809 -0.000265157 -0.000264498 -0.000263787 -0.000263589 -0.000262866 -0.000263019 -0.000262339 -0.000262745 -0.000262168 -0.000262745 -0.000262339 -0.000263019 -0.000262866 -0.000263589 -0.000263787 -0.000264498 -0.000265157 -0.000265809 -0.000267044 -0.000267596 -0.000269505 -0.00026993 -0.000272564 -0.000272862 -0.000276182 -0.000276392 -0.000280214 -0.000280432 -0.000284395 -0.000284769 -0.000288343 -0.000289049 -0.000291614 -0.000292804 -0.000293838 -0.000295547 -0.000294889 -0.000296963 -0.00029508 -0.000297171 -0.000295241 -0.000296956 -0.000296596 -0.0002978 -0.000300366 -0.000301492 -0.00030718 -0.00030926 -0.000316586 -0.000320677 -0.000326994 -0.000333119 -0.000336264 -0.000342621 -0.000342647 -0.000346116 -0.00034502 -0.000342716 -0.000340495 -0.000329477 -0.000317524 -0.000289719 -0.000247604 -0.000184563 -8.86559e-05 3.30303e-05 0.000196397 0.00039921 0.000651723 0.000979673 0.00138942 0.00190755 0.0025283 0.00322644 0.00398898 0.00478088 0.00560145 0.00644536 0.00725705 0.00798039 0.00853142 0.00885517 0.00895958 0.00881352 0.00837768 0.00763855 0.00659933 0.00533996 0.00392546 0.00234684 0.00066684 -0.000996636 -0.00257266 -0.00400928 -0.00528339 -0.00636953 -0.00719672 -0.00778348 -0.00821292 -0.00843847 -0.00842444 -0.00830825 -0.00816035 -0.00790992 -0.0076075 -0.00737824 -0.00718753 -0.00698584 
0 0.00147874 0.00294465 0.00440214 0.0058133 0.00712133 0.00831534 0.00937365 0.0102161 0.0107586 0.0109436 0.0107342 0.0100979 0.00897727 0.00735436 0.00530482 0.0028829 0.000107603 -0.00289481 -0.00593713 -0.00889105 -0.0116514 -0.0141108 -0.0161505 -0.0176464 -0.0185714 -0.0189731 -0.0188685 -0.0182828 -0.0172708 -0.0159239 -0.0143921 -0.0127889 -0.0111732 -0.00959524 -0.0080826 -0.00668737 -0.00546686 -0.00443673 -0.00360383 -0.00293806 -0.00240091 -0.00197372 -0.00162678 -0.00135549 -0.00115059 -0.000996938 -0.000893432 -0.000819279 -0.000770659 -0.00073842 -0.000712477 -0.000697241 -0.000681403 -0.000671528 -0.000662888 -0.000654739 -0.0006512 -0.000644502 -0.000642678 -0.000637714 -0.000634555 -0.000630955 -0.000625289 -0.000622059 -0.000614615 -0.000610754 -0.000603149 -0.000598199 -0.000591856 -0.000586033 -0.000581611 -0.00057558 -0.000572969 -0.000567483 -0.00056611 -0.000561726 -0.000560913 -0.000557876 -0.000557072 -0.000555342 -0.000554227 -0.000553576 -0.000552044 -0.000552173 -0.000550271 -0.000550897 -0.000548747 -0.000549648 -0.000547394 -0.000548425 -0.000546195 -0.000547283 -0.000545169 -0.000546293 -0.000544352 -0.000545529 -0.000543782 -0.000545046 -0.000543489 -0.000544881 -0.000543489 -0.000545046 -0.000543782 -0.000545529 -0.000544352 -0.000546293 -0.000545169 -0.000547283 -0.000546195 -0.000548425 -0.000547394 -0.000549648 -0.000548747 -0.000550897 -0.000550271 -0.000552173 -0.000552044 -0.000553576 -0.000554227 -0.000555342 -0.000557072 -0.000557876 -0.000560913 -0.000561726 -0.00056611 -0.000567483 -0.000572969 -0.00057558 -0.000581611 -0.000586033 -0.000591856 -0.000598199 -0.000603149 -0.000610754 -0.000614615 -0.000622059 -0.000625289 -0.000630955 -0.000634554 -0.00063771 -0.000642665 -0.000644463 -0.000651088 -0.000654434 -0.000662091 -0.00066954 -0.000676674 -0.000686527 -0.000689369 -0.000691016 -0.000678249 -0.000648212 -0.000592857 -0.00049563 -0.000356197 -0.000156677 0.000103304 0.000429583 0.000840497 0.00134741 0.0019948 0.00281736 0.00383927 0.00506999 0.00646451 0.00798075 0.00957726 0.0112147 0.0128681 0.0144487 0.0158284 0.0168895 0.0175327 0.017725 0.0174301 0.0165651 0.015099 0.013071 0.0105777 0.00774248 0.00463776 0.00136291 -0.00189264 -0.00498285 -0.00783724 -0.0103764 -0.0125169 -0.0141968 -0.0154091 -0.0162177 -0.0166624 -0.0167519 -0.0165782 -0.0162539 -0.0158061 -0.0152831 -0.0147966 -0.0143945 -0.0140815 
0 0.00216528 0.00440214 0.00657797 0.00860301 0.0105336 0.0123216 0.0138222 0.0149854 0.0157544 0.0159916 0.0156271 0.0146311 0.0129356 0.0105496 0.00753657 0.00393475 -0.000128314 -0.00445933 -0.00890104 -0.0132468 -0.0172836 -0.0208718 -0.023838 -0.0260402 -0.0274544 -0.028069 -0.0279184 -0.0270858 -0.0256359 -0.0237165 -0.0215098 -0.0191447 -0.0167541 -0.0144111 -0.0121675 -0.0101157 -0.00829887 -0.00675795 -0.00550251 -0.00448081 -0.00366831 -0.00301398 -0.0024846 -0.00207536 -0.00175253 -0.00151875 -0.00135241 -0.00123377 -0.00116185 -0.00110675 -0.00107494 -0.00105078 -0.00103021 -0.00101934 -0.00100234 -0.000994708 -0.000982157 -0.000972768 -0.000965261 -0.000953569 -0.000949083 -0.000937274 -0.000932722 -0.000923228 -0.000916584 -0.000910393 -0.000901556 -0.000897994 -0.000888289 -0.000885802 -0.000876925 -0.000874033 -0.000867206 -0.000863082 -0.000858714 -0.000853278 -0.000851078 -0.000844777 -0.000844065 -0.000837559 -0.000837587 -0.000831494 -0.000831648 -0.000826409 -0.000826295 -0.000822139 -0.00082158 -0.000818561 -0.000817537 -0.000815589 -0.000814184 -0.000813179 -0.000811522 -0.000811307 -0.000809541 -0.000809968 -0.00080823 -0.000809163 -0.000807577 -0.000808895 -0.000807577 -0.000809163 -0.00080823 -0.000809968 -0.000809541 -0.000811307 -0.000811522 -0.000813179 -0.000814184 -0.000815589 -0.000817537 -0.000818561 -0.00082158 -0.000822139 -0.000826295 -0.000826409 -0.000831648 -0.000831494 -0.000837587 -0.000837559 -0.000844065 -0.000844777 -0.000851078 -0.000853278 -0.000858714 -0.000863082 -0.000867206 -0.000874033 -0.000876925 -0.000885802 -0.000888289 -0.000897994 -0.000901556 -0.000910393 -0.000916584 -0.000923228 -0.000932722 -0.000937273 -0.00094908 -0.00095356 -0.000965232 -0.000972684 -0.000981923 -0.000994086 -0.00100076 -0.0010155 -0.00102132 -0.00103115 -0.00103367 -0.00102415 -0.00100457 -0.000948996 -0.000862192 -0.000715959 -0.000499978 -0.000207995 0.000187905 0.000681731 0.00130923 0.00210074 0.00309192 0.00434936 0.00588202 0.00769629 0.00975796 0.0119894 0.0143552 0.0167824 0.0191884 0.0214715 0.0234462 0.0249648 0.0259076 0.026155 0.0256552 0.0243391 0.0221688 0.0192261 0.0156005 0.0114197 0.00688031 0.00214136 -0.00260948 -0.00715343 -0.0113575 -0.0150913 -0.0182266 -0.0207494 -0.0226453 -0.0238845 -0.0245768 -0.0248463 -0.024705 -0.0242453 -0.0236577 -0.0230165 -0.0223384 -0.0217473 -0.0213509 
0 0.00292138 0.0058133 0.00860301 0.0112741 0.0138128 0.0160872 0.0179631 0.0193873 0.0202771 0.0205082 0.0199705 0.0185728 0.016303 0.013196 0.00924598 0.00455115 -0.000648723 -0.00618131 -0.0118818 -0.0174686 -0.0226807 -0.0272901 -0.0310862 -0.0339698 -0.0358574 -0.0366878 -0.0365369 -0.0354991 -0.0336941 -0.0313118 -0.0285036 -0.025449 -0.0223297 -0.0192457 -0.0163196 -0.0136356 -0.011241 -0.00920245 -0.00750252 -0.00611715 -0.00501155 -0.00411183 -0.00340084 -0.00283556 -0.00239301 -0.00207079 -0.00182792 -0.00166724 -0.00155791 -0.00148346 -0.00144293 -0.0014064 -0.00138853 -0.00136835 -0.00135095 -0.00133827 -0.00131731 -0.0013067 -0.00128662 -0.00127455 -0.00125998 -0.00124577 -0.00123769 -0.00122313 -0.00121911 -0.00120675 -0.0012033 -0.00119475 -0.00118934 -0.0011846 -0.00117655 -0.00117435 -0.00116446 -0.00116307 -0.0011528 -0.00115075 -0.00114151 -0.00113799 -0.00113067 -0.0011255 -0.00112044 -0.00111394 -0.00111102 -0.00110372 -0.00110256 -0.00109503 -0.00109518 -0.00108787 -0.00108893 -0.00108216 -0.00108382 -0.00107775 -0.00107981 -0.00107449 -0.00107686 -0.00107226 -0.00107492 -0.00107096 -0.00107397 -0.00107053 -0.00107397 -0.00107096 -0.00107492 -0.00107226 -0.00107686 -0.00107449 -0.00107981 -0.00107775 -0.00108382 -0.00108216 -0.00108893 -0.00108787 -0.00109518 -0.00109503 -0.00110256 -0.00110372 -0.00111102 -0.00111394 -0.00112044 -0.0011255 -0.00113067 -0.00113799 -0.00114151 -0.00115075 -0.0011528 -0.00116307 -0.00116446 -0.00117435 -0.00117655 -0.0011846 -0.00118934 -0.00119475 -0.0012033 -0.00120675 -0.00121911 -0.00122313 -0.00123769 -0.00124577 -0.00125998 -0.00127453 -0.00128656 -0.00130653 -0.00131685 -0.00133707 -0.001348 -0.00136142 -0.00137296 -0.00137306 -0.00137484 -0.00135102 -0.00131261 -0.00123468 -0.00110133 -0.000906803 -0.000610561 -0.000216853 0.000309421 0.000990442 0.0018459 0.00294433 0.00431281 0.00600852 0.00805806 0.0104304 0.0131145 0.0160332 0.0191136 0.0222797 0.0253716 0.0282486 0.030735 0.0326318 0.0338015 0.0340711 0.0333181 0.0315333 0.0287128 0.0249224 0.0202787 0.0149043 0.00905404 0.00300067 -0.00308454 -0.00897583 -0.0144181 -0.0192464 -0.0233494 -0.0266912 -0.029274 -0.0310542 -0.03209 -0.0325633 -0.0325577 -0.0321294 -0.0314772 -0.0307644 -0.0300242 -0.0293446 -0.0288484 
0 0.00361107 0.00712133 0.0105336 0.0138128 0.0168225 0.0194662 0.0216765 0.0233062 0.0242247 0.0243549 0.0235553 0.0217295 0.0189225 0.0151257 0.0103222 0.00469917 -0.00151297 -0.00813796 -0.0149114 -0.0215482 -0.0277622 -0.0332297 -0.0377741 -0.041296 -0.0436287 -0.0447229 -0.0446322 -0.0434488 -0.041385 -0.038614 -0.0352883 -0.0316468 -0.0278651 -0.0241204 -0.0205778 -0.0172927 -0.0143559 -0.0118072 -0.009637 -0.00786558 -0.00642322 -0.00526903 -0.00436472 -0.00363867 -0.00309111 -0.00267098 -0.00236 -0.00214871 -0.00198816 -0.00189088 -0.00181658 -0.00176501 -0.00173393 -0.00169844 -0.00168364 -0.00165894 -0.00164523 -0.0016313 -0.00161342 -0.00160658 -0.00158643 -0.00158026 -0.00156224 -0.0015518 -0.00153882 -0.00152311 -0.00151509 -0.00149655 -0.00149128 -0.00147364 -0.00146847 -0.00145473 -0.00144787 -0.00143932 -0.00143029 -0.00142654 -0.00141592 -0.00141557 -0.00140447 -0.00140582 -0.00139536 -0.00139696 -0.00138798 -0.00138886 -0.00138184 -0.00138152 -0.00137658 -0.001375 -0.00137203 -0.00136936 -0.00136813 -0.00136468 -0.0013649 -0.00136099 -0.0013624 -0.00135833 -0.00136069 -0.00135673 -0.00135982 -0.0013562 -0.00135982 -0.00135673 -0.00136069 -0.00135833 -0.0013624 -0.00136099 -0.0013649 -0.00136468 -0.00136813 -0.00136936 -0.00137203 -0.001375 -0.00137658 -0.00138152 -0.00138184 -0.00138886 -0.00138798 -0.00139696 -0.00139536 -0.00140582 -0.00140447 -0.00141557 -0.00141592 -0.00142654 -0.00143029 -0.00143932 -0.00144787 -0.00145473 -0.00146847 -0.00147364 -0.00149128 -0.00149655 -0.00151509 -0.00152311 -0.00153882 -0.0015518 -0.00156224 -0.00158026 -0.00158642 -0.00160654 -0.0016133 -0.00163096 -0.00164434 -0.00165673 -0.00167837 -0.00168642 -0.00170775 -0.00171065 -0.00170894 -0.00168777 -0.00162291 -0.00152252 -0.00133545 -0.00106789 -0.000684811 -0.000158017 0.000514213 0.00139903 0.00251197 0.0039189 0.00568295 0.00781179 0.0103545 0.0132751 0.0165389 0.0201147 0.0238693 0.0276877 0.0313832 0.0347324 0.0375943 0.0397639 0.0410435 0.0412736 0.0402751 0.038036 0.0346259 0.030069 0.0244967 0.0181035 0.0111306 0.00391775 -0.0032953 -0.0103249 -0.0168698 -0.0227093 -0.0277618 -0.0319264 -0.0351646 -0.0375271 -0.0390454 -0.0398216 -0.0400446 -0.0398314 -0.0392734 -0.0385472 -0.0378162 -0.0371572 -0.0366352 
0 0.00419378 0.00831534 0.0123216 0.0160872 0.0194662 0.0224132 0.0248429 0.0265639 0.0274376 0.0273693 0.0262431 0.0240156 0.0206722 0.0161857 0.0106645 0.00428765 -0.00279539 -0.0103138 -0.017948 -0.0254434 -0.0324516 -0.0386487 -0.0438708 -0.0479226 -0.0506545 -0.0520369 -0.0520514 -0.0508424 -0.0486341 -0.0455657 -0.0418577 -0.0377268 -0.0333676 -0.02905 -0.0249176 -0.0210744 -0.0176242 -0.0145629 -0.0119443 -0.00976545 -0.00797008 -0.00655199 -0.00541506 -0.00452373 -0.00384297 -0.00330572 -0.00292405 -0.00263618 -0.00243494 -0.00230463 -0.00220009 -0.00214488 -0.00209091 -0.00205755 -0.00203192 -0.00200027 -0.00198811 -0.00195859 -0.00194749 -0.00192573 -0.00190866 -0.00189633 -0.0018734 -0.00186687 -0.00184292 -0.00183652 -0.00181686 -0.0018065 -0.00179387 -0.00177864 -0.00177256 -0.00175428 -0.00175216 -0.00173384 -0.00173257 -0.0017169 -0.00171411 -0.00170272 -0.00169721 -0.00169049 -0.0016822 -0.00167965 -0.00166922 -0.00166987 -0.00165823 -0.00166101 -0.00164909 -0.00165311 -0.00164163 -0.00164623 -0.00163566 -0.00164047 -0.00163104 -0.00163592 -0.00162765 -0.00163264 -0.00162544 -0.00163065 -0.00162434 -0.00162999 -0.00162434 -0.00163065 -0.00162544 -0.00163264 -0.00162765 -0.00163592 -0.00163104 -0.00164047 -0.00163566 -0.00164623 -0.00164163 -0.00165311 -0.00164909 -0.00166101 -0.00165823 -0.00166987 -0.00166922 -0.00167965 -0.0016822 -0.00169049 -0.00169721 -0.00170272 -0.00171411 -0.0017169 -0.00173257 -0.00173384 -0.00175216 -0.00175428 -0.00177256 -0.00177864 -0.00179387 -0.0018065 -0.00181686 -0.00183652 -0.00184292 -0.00186687 -0.0018734 -0.00189632 -0.00190863 -0.00192564 -0.00194725 -0.00195795 -0.00198648 -0.00199632 -0.00202278 -0.00203734 -0.00204826 -0.00205901 -0.00203527 -0.00200295 -0.00190832 -0.00175859 -0.00152552 -0.00116822 -0.000697031 -4.18249e-05 0.000801586 0.00188924 0.00329563 0.00503985 0.00721118 0.00980591 0.0128229 0.0162767 0.0200889 0.0242338 0.0285861 0.0329352 0.0371064 0.0408413 0.043952 0.0462814 0.0475703 0.0476504 0.0463957 0.0437313 0.0397542 0.034536 0.0281807 0.0209585 0.0131183 0.00493505 -0.00324649 -0.0111879 -0.018663 -0.0254205 -0.0313324 -0.0362946 -0.0402217 -0.0431955 -0.0453049 -0.046564 -0.0471266 -0.0472192 -0.0469376 -0.0463782 -0.0457395 -0.0451668 -0.0447222 
0 0.00473392 0.00937365 0.0138222 0.0179631 0.0216765 0.0248429 0.0273308 0.0290112 0.0297461 0.0294085 0.0279518 0.0253232 0.0214243 0.0163257 0.0102272 0.00322402 -0.00452412 -0.0126876 -0.0209827 -0.0291073 -0.0367042 -0.0435237 -0.0492973 -0.0537708 -0.0568737 -0.0585282 -0.0587202 -0.0576188 -0.0553551 -0.0521188 -0.0481583 -0.043638 -0.0388391 -0.0340239 -0.0293483 -0.0250049 -0.0210413 -0.0174957 -0.0144399 -0.0118291 -0.00968753 -0.00796512 -0.00657531 -0.00550608 -0.00465286 -0.00400351 -0.00352265 -0.00315147 -0.00291042 -0.00272511 -0.00260819 -0.00253123 -0.00246329 -0.00243268 -0.00238499 -0.00236172 -0.00233008 -0.00229915 -0.00228153 -0.00224554 -0.00223486 -0.0022033 -0.00219118 -0.00217097 -0.00215293 -0.00214442 -0.00212141 -0.00211963 -0.00209594 -0.0020944 -0.00207455 -0.00206845 -0.00205504 -0.00204268 -0.00203586 -0.00201827 -0.00201642 -0.00199613 -0.0019969 -0.00197672 -0.00197793 -0.0019601 -0.0019602 -0.00194607 -0.00194428 -0.00193436 -0.00193052 -0.00192467 -0.00191902 -0.00191676 -0.00190977 -0.00191046 -0.00190262 -0.00190566 -0.00189744 -0.00190227 -0.00189408 -0.00190025 -0.00189242 -0.00189958 -0.00189242 -0.00190025 -0.00189408 -0.00190227 -0.00189744 -0.00190566 -0.00190262 -0.00191046 -0.00190977 -0.00191676 -0.00191902 -0.00192467 -0.00193052 -0.00193436 -0.00194428 -0.00194607 -0.0019602 -0.0019601 -0.00197793 -0.00197672 -0.0019969 -0.00199613 -0.00201642 -0.00201827 -0.00203586 -0.00204268 -0.00205504 -0.00206845 -0.00207455 -0.0020944 -0.00209594 -0.00211963 -0.00212141 -0.00214442 -0.00215293 -0.00217097 -0.00219117 -0.00220328 -0.0022348 -0.00224537 -0.00228106 -0.00229796 -0.00232716 -0.00235486 -0.00236959 -0.00239965 -0.00239572 -0.00239933 -0.00236262 -0.00228895 -0.00217089 -0.00195264 -0.00165992 -0.00121909 -0.000629222 0.000146564 0.00118828 0.0025058 0.00421402 0.00634221 0.00891764 0.0119881 0.0154856 0.0194287 0.0237687 0.0283951 0.0332207 0.0379907 0.0424815 0.0464938 0.0497538 0.052093 0.0532924 0.0531318 0.0515643 0.0485234 0.0440246 0.0382336 0.0312889 0.0234296 0.0149485 0.00605502 -0.00291546 -0.0115935 -0.0197948 -0.0273347 -0.0339988 -0.0396903 -0.0443646 -0.0480303 -0.0507754 -0.0526551 -0.0537481 -0.0542529 -0.0543524 -0.0541561 -0.0537938 -0.0533978 -0.0530629 
0 0.0051768 0.0102161 0.0149854 0.0193873 0.0233062 0.0265639 0.0290112 0.0305494 0.0310457 0.0303965 0.0285683 0.0254831 0.021106 0.0155699 0.00900216 0.00150526 -0.00668392 -0.0152928 -0.0240273 -0.0325219 -0.0405226 -0.0477832 -0.0539415 -0.0587945 -0.0622431 -0.0641763 -0.064647 -0.0637202 -0.0614869 -0.058212 -0.0540861 -0.0493275 -0.044243 -0.0390221 -0.0339159 -0.0291072 -0.0246413 -0.0206416 -0.0171121 -0.0140696 -0.0115605 -0.00949188 -0.00785879 -0.00657614 -0.00555566 -0.00479447 -0.00418772 -0.00374779 -0.00342788 -0.00318326 -0.00303681 -0.00290924 -0.00283878 -0.0027803 -0.00272989 -0.00270744 -0.00266224 -0.00264974 -0.00261454 -0.00259505 -0.00257432 -0.00254351 -0.00253382 -0.0024976 -0.00249039 -0.00245811 -0.00244577 -0.00242391 -0.00240353 -0.00239316 -0.00236677 -0.0023645 -0.00233678 -0.00233742 -0.00231315 -0.00231211 -0.00229445 -0.00228902 -0.00227901 -0.00226853 -0.0022655 -0.00225076 -0.00225311 -0.00223566 -0.00224148 -0.00222298 -0.00223064 -0.00221248 -0.00222077 -0.0022039 -0.00221213 -0.00219706 -0.00220494 -0.00219182 -0.0021994 -0.00218812 -0.00219565 -0.00218592 -0.00219375 -0.00218518 -0.00219375 -0.00218592 -0.00219565 -0.00218812 -0.0021994 -0.00219182 -0.00220494 -0.00219706 -0.00221213 -0.0022039 -0.00222077 -0.00221248 -0.00223064 -0.00222298 -0.00224148 -0.00223566 -0.00225311 -0.00225076 -0.0022655 -0.00226853 -0.00227901 -0.00228902 -0.00229445 -0.00231211 -0.00231315 -0.00233742 -0.00233678 -0.0023645 -0.00236677 -0.00239316 -0.00240353 -0.00242391 -0.00244576 -0.00245811 -0.00249039 -0.00249759 -0.0025338 -0.00254347 -0.0025742 -0.00259473 -0.00261368 -0.0026476 -0.00265715 -0.00269585 -0.00270464 -0.00272779 -0.00273454 -0.00271183 -0.00268008 -0.00256789 -0.00241331 -0.00214558 -0.00175631 -0.00123293 -0.000492681 0.000448801 0.00170215 0.00331249 0.00532861 0.00785077 0.0108386 0.0143354 0.0183142 0.0227073 0.0275193 0.0325855 0.0377531 0.0428306 0.0475181 0.0516357 0.0549269 0.0571227 0.0580896 0.0576467 0.0557239 0.0523354 0.0474339 0.0411657 0.0337838 0.0254771 0.0165189 0.00717733 -0.00229248 -0.0115286 -0.0202819 -0.0284299 -0.0357672 -0.0421485 -0.047563 -0.0519778 -0.0554051 -0.0579715 -0.0597809 -0.06091 -0.0615123 -0.0617777 -0.0618333 -0.0617466 -0.0615999 
0 0.00544217 0.0107586 0.0157544 0.0202771 0.0242247 0.0274376 0.0297461 0.0310457 0.0312485 0.0302569 0.0279965 0.0244648 0.0197391 0.0138796 0.00695263 -0.000838229 -0.00925864 -0.0180951 -0.0270106 -0.035692 -0.0439299 -0.0514065 -0.05782 -0.0629873 -0.0667176 -0.0689677 -0.0697652 -0.0690662 -0.0670117 -0.063809 -0.0596374 -0.0548064 -0.0495295 -0.0440219 -0.0385776 -0.033323 -0.0284212 -0.0239769 -0.0199827 -0.0165411 -0.0136217 -0.0112071 -0.00929515 -0.00775064 -0.00656396 -0.00563785 -0.00491002 -0.00438683 -0.00396734 -0.0036864 -0.00347845 -0.00332431 -0.00323816 -0.00314674 -0.0031076 -0.00305483 -0.00301928 -0.00299439 -0.00295096 -0.00294026 -0.00289657 -0.00288463 -0.00285166 -0.00282897 -0.00281111 -0.00277762 -0.00277106 -0.00273365 -0.00273035 -0.0026975 -0.0026901 -0.00266753 -0.00265239 -0.00264148 -0.00261896 -0.00261749 -0.00259062 -0.00259457 -0.00256725 -0.00257255 -0.00254816 -0.00255174 -0.00253245 -0.0025326 -0.00251933 -0.00251552 -0.0025082 -0.00250078 -0.00249874 -0.00248847 -0.0024908 -0.00247858 -0.00248434 -0.00247103 -0.00247942 -0.00246572 -0.00247609 -0.00246258 -0.00247441 -0.00246154 -0.00247441 -0.00246258 -0.00247609 -0.00246572 -0.00247942 -0.00247103 -0.00248434 -0.00247858 -0.0024908 -0.00248847 -0.00249874 -0.00250078 -0.0025082 -0.00251552 -0.00251933 -0.0025326 -0.00253245 -0.00255174 -0.00254816 -0.00257255 -0.00256725 -0.00259457 -0.00259062 -0.00261749 -0.00261896 -0.00264148 -0.00265239 -0.00266753 -0.0026901 -0.0026975 -0.00273034 -0.00273365 -0.00277106 -0.00277762 -0.00281111 -0.00282896 -0.00285163 -0.00288455 -0.00289634 -0.00293965 -0.00294943 -0.00299067 -0.00301067 -0.00303576 -0.00306729 -0.00306537 -0.00308138 -0.00303602 -0.0029724 -0.00283758 -0.00260453 -0.00228652 -0.00179052 -0.00114991 -0.000274384 0.000881777 0.00235395 0.00427668 0.00664368 0.00953766 0.012967 0.0168761 0.0213063 0.0261502 0.0313417 0.0367657 0.0421617 0.0473724 0.0521432 0.0562071 0.0593738 0.0613439 0.0619617 0.0611796 0.0588924 0.055123 0.0499076 0.0433181 0.0356279 0.0270678 0.0178349 0.00824457 -0.00144856 -0.0110241 -0.0202039 -0.0287968 -0.0366734 -0.0437008 -0.0498159 -0.0549834 -0.0591895 -0.0625316 -0.0651294 -0.0670386 -0.0683457 -0.0691957 -0.0697228 -0.0700398 -0.0702298 
0 0.00554447 0.0109436 0.0159916 0.0205082 0.0243549 0.0273693 0.0294085 0.0303965 0.0302569 0.028881 0.0262206 0.0223464 0.017337 0.0112167 0.00410396 -0.00377344 -0.0122212 -0.0210221 -0.0299052 -0.0386316 -0.0469062 -0.0544241 -0.0609835 -0.066343 -0.0703231 -0.0729073 -0.0740187 -0.0736423 -0.0718933 -0.0688693 -0.0648255 -0.060033 -0.0546621 -0.0490045 -0.0432713 -0.0376479 -0.032369 -0.0274812 -0.0230829 -0.019234 -0.0158973 -0.0131421 -0.0108838 -0.00907307 -0.00767416 -0.00654897 -0.00570861 -0.00505494 -0.00455909 -0.00422007 -0.00394503 -0.00378175 -0.00364589 -0.00355243 -0.00349394 -0.00342056 -0.00339282 -0.00333358 -0.00330652 -0.00326861 -0.00323062 -0.00321379 -0.0031687 -0.00316254 -0.00312116 -0.00311264 -0.00308389 -0.00306484 -0.00305102 -0.00302091 -0.00301806 -0.00298201 -0.00298316 -0.00294821 -0.00294684 -0.00291876 -0.00291089 -0.00289264 -0.00287723 -0.00286901 -0.00284727 -0.00284739 -0.00282171 -0.00282765 -0.00280059 -0.00280987 -0.00278357 -0.00279421 -0.00277012 -0.00278083 -0.00275972 -0.00276983 -0.00275189 -0.00276129 -0.0027463 -0.0027552 -0.00274269 -0.00275156 -0.00274092 -0.00275034 -0.00274092 -0.00275156 -0.00274269 -0.0027552 -0.0027463 -0.00276129 -0.00275189 -0.00276983 -0.00275972 -0.00278083 -0.00277012 -0.00279421 -0.00278357 -0.00280987 -0.00280059 -0.00282765 -0.00282171 -0.00284739 -0.00284727 -0.00286901 -0.00287723 -0.00289264 -0.00291089 -0.00291876 -0.00294684 -0.00294821 -0.00298316 -0.00298201 -0.00301806 -0.00302091 -0.00305102 -0.00306484 -0.00308389 -0.00311263 -0.00312116 -0.00316252 -0.00316864 -0.00321363 -0.0032302 -0.00326752 -0.00330383 -0.00332726 -0.0033786 -0.00339001 -0.0034312 -0.00342945 -0.00341572 -0.00337048 -0.00324296 -0.00307348 -0.00276339 -0.00234864 -0.00176546 -0.000964263 5.70832e-05 0.00143632 0.00318164 0.00540151 0.00815917 0.0114278 0.0152774 0.0196275 0.0244564 0.0297212 0.0352302 0.0408695 0.0463997 0.0515872 0.0562784 0.0601742 0.0630485 0.0647044 0.0649371 0.0637367 0.0610744 0.0569224 0.0514127 0.0446597 0.0368271 0.028171 0.0188932 0.00924529 -0.000504046 -0.0102002 -0.0196385 -0.0285578 -0.0368268 -0.0443898 -0.0511618 -0.0570759 -0.0621285 -0.0663536 -0.0697915 -0.0725196 -0.0746556 -0.0762665 -0.0773995 -0.0781928 -0.0787604 
0 0.0054717 0.0107342 0.0156271 0.0199705 0.0235553 0.0262431 0.0279518 0.0285683 0.0279965 0.0262206 0.023256 0.01913 0.0139038 0.0076698 0.000562702 -0.00723672 -0.01552 -0.0240891 -0.0327727 -0.0413225 -0.0494223 -0.0568547 -0.0634267 -0.0689041 -0.0731462 -0.0760308 -0.0774618 -0.0774712 -0.0760701 -0.0733584 -0.0695851 -0.0649283 -0.0596274 -0.0539286 -0.0479971 -0.0421163 -0.036469 -0.0311751 -0.0263892 -0.0221035 -0.0183848 -0.0152541 -0.0126413 -0.0105678 -0.00890471 -0.00760006 -0.00660462 -0.00580481 -0.00522914 -0.00477755 -0.00445285 -0.00423419 -0.00405243 -0.00395702 -0.00385741 -0.00380208 -0.00375293 -0.00369861 -0.00367692 -0.00362032 -0.0036045 -0.00355695 -0.00353157 -0.00350151 -0.00346251 -0.0034487 -0.00340224 -0.00339619 -0.00335267 -0.00334464 -0.00331252 -0.00329629 -0.00327888 -0.00325332 -0.00324885 -0.00321682 -0.00322054 -0.00318671 -0.00319319 -0.00316206 -0.0031669 -0.00314166 -0.00314218 -0.0031244 -0.00311962 -0.00310949 -0.00309968 -0.00309649 -0.00308264 -0.00308524 -0.00306858 -0.00307577 -0.00305749 -0.00306819 -0.00304929 -0.00306266 -0.00304389 -0.00305929 -0.00304121 -0.00305816 -0.00304121 -0.00305929 -0.00304389 -0.00306266 -0.00304929 -0.00306819 -0.00305749 -0.00307577 -0.00306858 -0.00308524 -0.00308264 -0.00309649 -0.00309968 -0.00310949 -0.00311962 -0.0031244 -0.00314218 -0.00314166 -0.0031669 -0.00316206 -0.00319319 -0.00318671 -0.00322054 -0.00321682 -0.00324885 -0.00325332 -0.00327888 -0.00329629 -0.00331252 -0.00334464 -0.00335267 -0.00339619 -0.00340224 -0.0034487 -0.0034625 -0.00350147 -0.00353146 -0.00355666 -0.00360373 -0.0036184 -0.00367234 -0.00368815 -0.00373006 -0.00375433 -0.00376213 -0.0037755 -0.00372221 -0.00366026 -0.00349894 -0.00325836 -0.00290395 -0.00237044 -0.00168431 -0.000724689 0.000512809 0.00212142 0.0042008 0.00675482 0.00989188 0.0135704 0.0177896 0.0225554 0.0277482 0.0333258 0.0390975 0.0448389 0.0503888 0.0554793 0.0599275 0.063519 0.0659741 0.0671665 0.0669731 0.0653208 0.062254 0.05779 0.0520487 0.0452178 0.0374044 0.0287853 0.019612 0.0100963 0.000435938 -0.00920323 -0.0186704 -0.0277774 -0.0363727 -0.0443775 -0.051726 -0.0583567 -0.0642383 -0.0693615 -0.0737225 -0.0773553 -0.0803531 -0.0827897 -0.0846769 -0.0860496 -0.0869776 
0 0.00516721 0.0100979 0.0146311 0.0185728 0.0217295 0.0240156 0.0253232 0.0254831 0.0244648 0.0223464 0.01913 0.0148168 0.00951016 0.00333193 -0.00360425 -0.0111399 -0.0190929 -0.0273018 -0.0355967 -0.0437529 -0.0515376 -0.0587544 -0.065219 -0.0707652 -0.0752073 -0.0783544 -0.0801409 -0.0805495 -0.079567 -0.0773012 -0.0738833 -0.0694908 -0.0643772 -0.0587101 -0.0527159 -0.0466519 -0.0406931 -0.0350695 -0.0298878 -0.0252017 -0.0211059 -0.0175646 -0.0146119 -0.0122131 -0.0102696 -0.00876615 -0.00756683 -0.00664391 -0.00594499 -0.00539239 -0.00501396 -0.00471223 -0.00451311 -0.00437153 -0.00425455 -0.00419488 -0.00411524 -0.00408024 -0.00402704 -0.0039866 -0.00395626 -0.00390478 -0.00388814 -0.00383469 -0.00381891 -0.0037754 -0.00375091 -0.00372377 -0.00368835 -0.00367631 -0.0036343 -0.00363084 -0.00358953 -0.00358688 -0.00355284 -0.00354519 -0.00352214 -0.00350687 -0.00349539 -0.00347281 -0.00347112 -0.00344341 -0.00344862 -0.00341859 -0.00342773 -0.00339799 -0.00340864 -0.00338113 -0.00339166 -0.00336752 -0.00337713 -0.00335679 -0.00336528 -0.00334867 -0.00335629 -0.00334297 -0.00335025 -0.00333958 -0.00334723 -0.00333846 -0.00334723 -0.00333958 -0.00335025 -0.00334297 -0.00335629 -0.00334867 -0.00336528 -0.00335679 -0.00337713 -0.00336752 -0.00339166 -0.00338113 -0.00340864 -0.00339799 -0.00342773 -0.00341859 -0.00344862 -0.00344341 -0.00347112 -0.00347281 -0.00349539 -0.00350687 -0.00352214 -0.00354519 -0.00355284 -0.00358688 -0.00358953 -0.00363084 -0.0036343 -0.00367631 -0.00368835 -0.00372377 -0.0037509 -0.00377539 -0.00381888 -0.00383462 -0.00388794 -0.00390425 -0.00395492 -0.00398333 -0.00401944 -0.00406335 -0.00407936 -0.00412202 -0.00411321 -0.00410965 -0.00404957 -0.00392777 -0.00374272 -0.0034148 -0.00298101 -0.00234381 -0.00149572 -0.000380551 0.00110898 0.00298939 0.00539207 0.00832964 0.0118234 0.0159077 0.0205043 0.0256224 0.0311609 0.0369637 0.0428847 0.0486541 0.0540818 0.0589692 0.0630616 0.0661837 0.0681314 0.0687721 0.0680769 0.0659832 0.0625109 0.0577727 0.0518935 0.0450345 0.0373298 0.0289064 0.0199686 0.010718 0.00129812 -0.00815235 -0.0174905 -0.026616 -0.0354429 -0.0438318 -0.0516665 -0.0589305 -0.0655902 -0.0715681 -0.0768593 -0.081482 -0.0854061 -0.0886529 -0.091287 -0.0932995 -0.0946724 
0 0.00460443 0.00897727 0.0129356 0.016303 0.0189225 0.0206722 0.0214243 0.021106 0.0197391 0.017337 0.0139038 0.00951016 0.00425507 -0.00174086 -0.00833192 -0.0154199 -0.0229 -0.0305908 -0.0383275 -0.0459686 -0.053326 -0.0602154 -0.0664929 -0.0719985 -0.0765362 -0.0799321 -0.0820767 -0.0829143 -0.0824457 -0.0806947 -0.0777253 -0.073711 -0.0688417 -0.0633114 -0.0573592 -0.051186 -0.0450335 -0.039127 -0.0335873 -0.0285476 -0.0240485 -0.0201142 -0.0167917 -0.0140215 -0.0117932 -0.0100266 -0.00862528 -0.00755835 -0.00671353 -0.00608423 -0.00561197 -0.00525193 -0.00501291 -0.0048149 -0.0046926 -0.00458816 -0.00450693 -0.00445335 -0.00438401 -0.00435242 -0.00429445 -0.00426489 -0.0042243 -0.00418686 -0.00416373 -0.0041187 -0.00410584 -0.00406001 -0.00404761 -0.00400875 -0.00398946 -0.00396225 -0.00393365 -0.00391837 -0.00388253 -0.00387612 -0.00383757 -0.00383556 -0.00379917 -0.00379741 -0.00376689 -0.00376253 -0.00373989 -0.00373159 -0.0037173 -0.00370495 -0.00369837 -0.00368265 -0.00368257 -0.0036645 -0.00366959 -0.00365023 -0.00365927 -0.00363952 -0.00365154 -0.00363208 -0.00364638 -0.0036277 -0.0036438 -0.00362626 -0.0036438 -0.0036277 -0.00364638 -0.00363208 -0.00365154 -0.00363952 -0.00365927 -0.00365023 -0.00366959 -0.0036645 -0.00368257 -0.00368265 -0.00369837 -0.00370495 -0.0037173 -0.00373159 -0.00373989 -0.00376253 -0.00376689 -0.00379741 -0.00379917 -0.00383556 -0.00383757 -0.00387612 -0.00388253 -0.00391837 -0.00393365 -0.00396225 -0.00398946 -0.00400875 -0.00404761 -0.00406001 -0.00410584 -0.00411868 -0.00416368 -0.00418672 -0.00422394 -0.00426395 -0.00429214 -0.00434697 -0.0043717 -0.00442674 -0.00445193 -0.0044795 -0.00448755 -0.00444514 -0.00437551 -0.00420029 -0.0039479 -0.00355095 -0.00298772 -0.00223748 -0.00120737 0.000115969 0.00185023 0.00405332 0.00677604 0.0100901 0.0139596 0.018406 0.0233875 0.0288241 0.0346361 0.0406143 0.0465583 0.0522512 0.0574535 0.0619829 0.0656155 0.0681568 0.0695 0.0695655 0.068325 0.0657752 0.0619448 0.0569578 0.0509821 0.0441572 0.0366124 0.0285 0.0199542 0.0110778 0.00199728 -0.00715936 -0.0162969 -0.0253373 -0.0342244 -0.0428645 -0.051117 -0.0589276 -0.0662815 -0.0730775 -0.0792473 -0.0847926 -0.0896415 -0.093724 -0.0970767 -0.0997097 -0.101576 
0 0.003776 0.00735436 0.0105496 0.013196 0.0151257 0.0161857 0.0163257 0.0155699 0.0138796 0.0112167 0.0076698 0.00333193 -0.00174086 -0.00740096 -0.0135171 -0.0200588 -0.0269188 -0.0339322 -0.0409974 -0.0480005 -0.0548132 -0.0613131 -0.0673268 -0.0726958 -0.0772755 -0.0808733 -0.0833489 -0.0846402 -0.0846974 -0.0835021 -0.0810821 -0.0775289 -0.073012 -0.0677361 -0.0619016 -0.0557272 -0.0494544 -0.0433006 -0.0374607 -0.0320682 -0.0271882 -0.022886 -0.0191734 -0.0160512 -0.0135033 -0.0114465 -0.00983008 -0.00856136 -0.00757091 -0.0068219 -0.00623976 -0.00582062 -0.0055077 -0.0052815 -0.00512844 -0.005001 -0.00492264 -0.00484332 -0.00478743 -0.00473498 -0.00467999 -0.00464362 -0.00458795 -0.00455821 -0.00450838 -0.00447728 -0.00443915 -0.00440288 -0.00437754 -0.00433715 -0.00432113 -0.00428082 -0.00426856 -0.00423304 -0.00421951 -0.00419205 -0.0041743 -0.00415596 -0.0041334 -0.00412333 -0.0040971 -0.00409333 -0.00406541 -0.0040657 -0.00403817 -0.00404054 -0.00401507 -0.00401811 -0.0039958 -0.00399874 -0.00398009 -0.00398266 -0.00396771 -0.00397004 -0.00395854 -0.00396098 -0.00395246 -0.00395554 -0.00394944 -0.00395372 -0.00394944 -0.00395554 -0.00395246 -0.00396098 -0.00395854 -0.00397004 -0.00396771 -0.00398266 -0.00398009 -0.00399874 -0.0039958 -0.00401811 -0.00401507 -0.00404054 -0.00403817 -0.0040657 -0.00406541 -0.00409333 -0.0040971 -0.00412333 -0.0041334 -0.00415596 -0.0041743 -0.00419205 -0.00421951 -0.00423304 -0.00426856 -0.00428082 -0.00432113 -0.00433715 -0.00437754 -0.00440288 -0.00443914 -0.00447725 -0.00450829 -0.00455796 -0.0045873 -0.00464202 -0.00467613 -0.00472612 -0.00476796 -0.00480235 -0.00484021 -0.00484251 -0.00483723 -0.00476999 -0.00464804 -0.00443599 -0.00409684 -0.0036234 -0.00294514 -0.00204533 -0.000845238 0.000727057 0.00273513 0.00527411 0.00836766 0.0120485 0.0163101 0.0211137 0.0264278 0.0321478 0.0381276 0.0441717 0.0500437 0.0555311 0.0604229 0.0645006 0.0675683 0.0694783 0.0701524 0.0695818 0.0677721 0.0647379 0.0605755 0.0554197 0.0493985 0.0426657 0.0353542 0.0275888 0.0194883 0.01108 0.00241472 -0.00637027 -0.0152171 -0.024102 -0.032935 -0.0416613 -0.0502305 -0.0585226 -0.066445 -0.0739394 -0.0809101 -0.0872617 -0.0929192 -0.0978156 -0.101899 -0.105111 -0.107393 
0 0.00272333 0.00530482 0.00753657 0.00924598 0.0103222 0.0106645 0.0102272 0.00900216 0.00695263 0.00410396 0.000562702 -0.00360425 -0.00833192 -0.0135171 -0.0190965 -0.0249924 -0.0310952 -0.0373405 -0.0436365 -0.0498953 -0.0561001 -0.0621289 -0.0677908 -0.072976 -0.0775281 -0.0812662 -0.0840677 -0.0857931 -0.0863686 -0.0857669 -0.0839327 -0.0809193 -0.07686 -0.0719139 -0.0663017 -0.0602248 -0.0539042 -0.0475925 -0.0414918 -0.0357725 -0.030544 -0.0258617 -0.0217711 -0.0182835 -0.0153835 -0.0130313 -0.0111543 -0.00967453 -0.00852154 -0.00762647 -0.00694409 -0.00643263 -0.00605223 -0.00578176 -0.00558217 -0.00544106 -0.0053355 -0.00524999 -0.00518575 -0.00512104 -0.00507125 -0.0050172 -0.00497022 -0.0049256 -0.00487834 -0.00484209 -0.00479614 -0.00476529 -0.00472398 -0.00469497 -0.00466095 -0.00463132 -0.00460533 -0.0045745 -0.00455539 -0.00452435 -0.00450987 -0.0044804 -0.00446813 -0.00444198 -0.00443001 -0.00440836 -0.0043956 -0.00437894 -0.00436506 -0.00435331 -0.00433849 -0.00433119 -0.00431594 -0.00431247 -0.00429736 -0.00429711 -0.00428267 -0.00428512 -0.00427177 -0.00427653 -0.00426456 -0.00427136 -0.00426097 -0.00426963 -0.00426097 -0.00427136 -0.00426456 -0.00427653 -0.00427177 -0.00428512 -0.00428267 -0.00429711 -0.00429736 -0.00431247 -0.00431594 -0.00433119 -0.00433849 -0.00435331 -0.00436506 -0.00437894 -0.0043956 -0.00440836 -0.00443001 -0.00444198 -0.00446813 -0.0044804 -0.00450987 -0.00452435 -0.00455539 -0.0045745 -0.00460533 -0.00463132 -0.00466095 -0.00469497 -0.00472398 -0.00476528 -0.00479612 -0.00484203 -0.00487818 -0.00492517 -0.00496912 -0.00501451 -0.00506497 -0.00510698 -0.00515564 -0.00518829 -0.00521462 -0.0052147 -0.0051769 -0.00508766 -0.00491358 -0.00463964 -0.00422533 -0.00363999 -0.00284096 -0.00176775 -0.000357324 0.00147326 0.00380116 0.00668219 0.0101521 0.0142106 0.0188332 0.0239866 0.0295882 0.035516 0.0415931 0.0475859 0.0532863 0.0584757 0.0629367 0.0664811 0.0689093 0.0701258 0.0701186 0.0688773 0.0664689 0.0629725 0.0584949 0.0532141 0.0472261 0.0406284 0.0335946 0.0262125 0.0185329 0.0106119 0.00244979 -0.00590649 -0.0143985 -0.0230321 -0.0317487 -0.0404739 -0.049203 -0.05784 -0.0662103 -0.0742292 -0.081827 -0.0888653 -0.0952235 -0.100812 -0.105516 -0.109227 -0.111876 
0 0.00150723 0.0028829 0.00393475 0.00455115 0.00469917 0.00428765 0.00322402 0.00150526 -0.000838229 -0.00377344 -0.00723672 -0.0111399 -0.0154199 -0.0200588 -0.0249924 -0.0301083 -0.0353807 -0.0407944 -0.0462631 -0.0517739 -0.0573147 -0.062759 -0.0680031 -0.072925 -0.0773639 -0.081221 -0.0843168 -0.0864553 -0.0875653 -0.0875353 -0.0862964 -0.0838796 -0.080321 -0.0757949 -0.0705024 -0.0646072 -0.0583604 -0.0519738 -0.0456727 -0.0396801 -0.0341016 -0.0290508 -0.0245773 -0.0206981 -0.0174444 -0.0147616 -0.0126092 -0.0109078 -0.00956576 -0.00853166 -0.00772571 -0.00711682 -0.00666036 -0.00631957 -0.00607694 -0.00589321 -0.00576245 -0.0056597 -0.00557824 -0.00551239 -0.00545151 -0.00540086 -0.00535035 -0.00530547 -0.00526153 -0.00521918 -0.00517947 -0.00513928 -0.00510208 -0.00506468 -0.00502921 -0.00499512 -0.00496156 -0.00493084 -0.00489989 -0.00487224 -0.00484465 -0.00481966 -0.00479587 -0.00477323 -0.00475327 -0.00473282 -0.00471638 -0.00469811 -0.00468472 -0.00466866 -0.00465784 -0.00464403 -0.00463534 -0.00462379 -0.00461695 -0.00460763 -0.00460245 -0.00459528 -0.00459168 -0.00458657 -0.00458456 -0.00458139 -0.00458101 -0.00457967 -0.00458101 -0.00458139 -0.00458456 -0.00458657 -0.00459168 -0.00459528 -0.00460245 -0.00460763 -0.00461695 -0.00462379 -0.00463534 -0.00464403 -0.00465784 -0.00466866 -0.00468472 -0.00469811 -0.00471638 -0.00473282 -0.00475327 -0.00477323 -0.00479587 -0.00481966 -0.00484465 -0.00487224 -0.00489989 -0.00493084 -0.00496156 -0.00499512 -0.00502921 -0.00506468 -0.00510207 -0.00513926 -0.00517943 -0.00521907 -0.00526124 -0.00530473 -0.0053485 -0.00539647 -0.0054415 -0.00549056 -0.00553268 -0.00556875 -0.00558884 -0.00557631 -0.00552364 -0.0053946 -0.00517732 -0.00483013 -0.0043224 -0.00361997 -0.00265713 -0.00139215 0.000269933 0.00239644 0.0050531 0.00830144 0.0121282 0.0165475 0.0215124 0.0269587 0.0328092 0.0388688 0.044954 0.050829 0.0562528 0.0610542 0.0649902 0.0678811 0.0696128 0.0700934 0.0693757 0.0674962 0.0645053 0.0605804 0.0558496 0.0504431 0.0445021 0.0380876 0.0313294 0.0243406 0.0171038 0.00965134 0.00201731 -0.00585724 -0.0139825 -0.0223169 -0.0308315 -0.039483 -0.0482248 -0.0569827 -0.0656321 -0.0740452 -0.082083 -0.089601 -0.0964875 -0.102594 -0.107738 -0.111828 -0.114806 
0 0.000116525 0.000107603 -0.000128314 -0.000648723 -0.00151297 -0.00279539 -0.00452412 -0.00668392 -0.00925864 -0.0122212 -0.01552 -0.0190929 -0.0229 -0.0269188 -0.0310952 -0.0353807 -0.039781 -0.0443009 -0.048941 -0.0536916 -0.0584928 -0.0633108 -0.0680869 -0.0726674 -0.0769637 -0.080874 -0.0841751 -0.0867044 -0.0883026 -0.0888153 -0.0882074 -0.0864047 -0.0834171 -0.0794016 -0.0744773 -0.0688581 -0.0627593 -0.0563608 -0.0499511 -0.0437193 -0.0378377 -0.0324552 -0.0275972 -0.0233523 -0.0197208 -0.0166842 -0.014234 -0.0122566 -0.0107121 -0.00950146 -0.00855628 -0.00784806 -0.00729491 -0.00690071 -0.00660182 -0.00638533 -0.00623249 -0.00610358 -0.00601805 -0.0059305 -0.00586734 -0.00580291 -0.00574394 -0.00569473 -0.00563711 -0.00559703 -0.00554381 -0.00550747 -0.00546192 -0.00542586 -0.00538909 -0.00535232 -0.00532322 -0.0052866 -0.00526287 -0.00522809 -0.00520735 -0.00517596 -0.00515647 -0.00512944 -0.00511029 -0.00508796 -0.00506895 -0.00505114 -0.00503253 -0.00501879 -0.00500103 -0.00499082 -0.00497438 -0.00496719 -0.00495244 -0.00494791 -0.0049351 -0.00493294 -0.00492222 -0.00492227 -0.0049137 -0.00491587 -0.00490946 -0.00491375 -0.00490946 -0.00491587 -0.0049137 -0.00492227 -0.00492222 -0.00493294 -0.0049351 -0.00494791 -0.00495244 -0.00496719 -0.00497438 -0.00499082 -0.00500103 -0.00501879 -0.00503253 -0.00505114 -0.00506895 -0.00508796 -0.00511029 -0.00512944 -0.00515647 -0.00517596 -0.00520735 -0.00522809 -0.00526287 -0.0052866 -0.00532322 -0.00535232 -0.00538909 -0.00542586 -0.00546191 -0.00550745 -0.00554374 -0.00559684 -0.00563661 -0.00569348 -0.00574091 -0.00579588 -0.00585174 -0.00589733 -0.00595056 -0.00597224 -0.00598802 -0.00595005 -0.00585994 -0.00568876 -0.00539303 -0.00497188 -0.00434711 -0.00351147 -0.00238233 -0.000891079 0.00102025 0.00346802 0.00646428 0.0100706 0.0142751 0.0190306 0.0243309 0.0300434 0.0360625 0.0421922 0.0481713 0.053821 0.0588847 0.0631713 0.0665079 0.068685 0.0696655 0.0694316 0.0679995 0.065489 0.0619772 0.0576373 0.0526778 0.0471816 0.041272 0.03507 0.0286209 0.0219895 0.0151891 0.00819889 0.00103139 -0.00636945 -0.0140786 -0.0220743 -0.0303145 -0.0387807 -0.0474166 -0.0561257 -0.0648246 -0.0734183 -0.0817164 -0.0895018 -0.0966492 -0.103032 -0.10846 -0.112804 -0.115982 
