0 0 0 0 0 0 0 0 0 0 0 0 0 0 0 0 0 0 0 0 0 0 0 0 0 0 0 0 0 0 0 0 0 0 0 0 0 0 0 0 0 0 0 0 0 0 0 0 0 0 0 0 0 0 0 0 0 0 0 0 0 0 0 0 0 0 0 0 0 0 0 0 0 0 0 0 0 0 0 0 0 0 0 0 0 0 0 0 0 0 0 0 0 0 0 0 0 0 0 0 0 0 0 0 0 0 0 0 0 0 0 0 0 0 0 0 0 0 0 0 0 0 0 0 0 0 0 0 0 0 0 0 0 0 0 0 0 0 0 0 0 0 0 0 0 0 0 0 0 0 0 0 0 0 0 0 0 0 0 0 0 0 0 0 0 0 0 0 0 0 0 0 0 0 0 0 0 0 0 0 0 0 0 0 0 0 0 0 0 0 0 0 0 0 0 0 0 0 0 0 
0 5.05484e-05 5.48111e-05 8.22089e-05 0.000164689 0.000202208 0.000195136 0.000244663 0.000308659 0.000348476 0.000412567 0.000462122 0.000514913 0.000614063 0.000675677 0.000761961 0.000927954 0.00104341 0.00119813 0.00144836 0.00164967 0.0019122 0.00226926 0.00261249 0.00303124 0.00347106 0.00391219 0.00440697 0.00479128 0.00512637 0.00541969 0.00550189 0.00544183 0.0051595 0.00464675 0.00395624 0.00295254 0.00178293 0.000479327 -0.000946554 -0.00235192 -0.00378694 -0.00506066 -0.00612758 -0.00699211 -0.00755168 -0.00791468 -0.00796368 -0.00776678 -0.00737232 -0.00678278 -0.00616168 -0.00543209 -0.0047214 -0.00399655 -0.00329731 -0.00270058 -0.00213922 -0.00172896 -0.00134894 -0.00107856 -0.000844784 -0.000653408 -0.000525951 -0.000390427 -0.000337426 -0.000252026 -0.000239263 -0.000196307 -0.000193583 -0.000182886 -0.00017331 -0.000184809 -0.000164778 -0.000188939 -0.000162514 -0.000190615 -0.000164098 -0.000189135 -0.00016786 -0.000185298 -0.000172411 -0.000180259 -0.000176717 -0.00017502 -0.000180179 -0.000170254 -0.000182581 -0.000166306 -0.000183986 -0.000163265 -0.000184609 -0.000161066 -0.000184715 -0.00015957 -0.000184557 -0.00015863 -0.000184336 -0.00015812 -0.000184192 -0.000157959 -0.000184192 -0.00015812 -0.000184336 -0.00015863 -0.000184557 -0.00015957 -0.000184715 -0.000161066 -0.000184609 -0.000163265 -0.000183986 -0.000166306 -0.000182581 -0.000170254 -0.000180179 -0.00017502 -0.000176717 -0.000180259 -0.00017241 -0.000185296 -0.000167854 -0.000189118 -0.000164049 -0.000190488 -0.00016219 -0.000188152 -0.000162947 -0.000180727 -0.000164604 -0.000165135 -0.000159016 -0.000132067 -0.000125391 -5.95382e-05 -2.69937e-05 8.78883e-05 0.000180099 0.000349477 0.00053449 0.000771839 0.0010904 0.00144713 0.00195025 0.00249234 0.00317387 0.00388171 0.00462946 0.00539612 0.00609771 0.00680416 0.00734797 0.00776503 0.00793021 0.00781595 0.00748105 0.00682724 0.00597078 0.00482533 0.00348109 0.00206103 0.000553338 -0.000871489 -0.00226756 -0.00351959 -0.00451416 -0.00533343 -0.00587504 -0.00622411 -0.00635995 -0.00623447 -0.00603934 -0.00571325 -0.00528764 -0.00486067 -0.00437703 -0.00395699 -0.003555 -0.00312102 -0.00281265 -0.00252268 -0.00222259 -0.00203495 -0.0018559 -0.00169124 -0.00159054 -0.0014745 -0.00139257 -0.0013301 -0.00123042 -0.0012035 -0.001203 -0.00112505 -0.00108716 -0.00110214 -0.00106845 -0.00103401 -0.00103308 -0.0010267 -0.0010184 
0 5.48111e-05 0.000159694 0.000220111 0.00025583 0.000351088 0.00045017 0.000523745 0.000613153 0.000703723 0.000797687 0.000922372 0.00106227 0.00121002 0.00138073 0.00159147 0.00183768 0.00210414 0.00243986 0.00286876 0.00334355 0.00389292 0.00455652 0.00529642 0.00609021 0.00694137 0.00784937 0.00874755 0.00954326 0.0102253 0.0107306 0.0109371 0.0107712 0.0101874 0.00918687 0.00772565 0.00578041 0.00345572 0.00085197 -0.00191244 -0.00474059 -0.00751235 -0.0100253 -0.0121622 -0.0138317 -0.0150094 -0.0156867 -0.0158178 -0.0154564 -0.0146588 -0.0135605 -0.0122757 -0.01087 -0.00943154 -0.0079842 -0.00662276 -0.00538543 -0.00431984 -0.00344362 -0.00272168 -0.00215828 -0.00169118 -0.00133349 -0.00104293 -0.000825859 -0.000667648 -0.000549674 -0.000481384 -0.000423626 -0.000402821 -0.00037537 -0.00037199 -0.000358934 -0.000357833 -0.000352989 -0.000348885 -0.000349908 -0.000342247 -0.000347497 -0.000337499 -0.000345258 -0.000334528 -0.000343144 -0.000333064 -0.000341213 -0.000332712 -0.000339524 -0.000333066 -0.000338113 -0.000333784 -0.000336986 -0.000334611 -0.000336125 -0.000335384 -0.000335502 -0.000336008 -0.000335085 -0.000336439 -0.000334847 -0.000336658 -0.000334769 -0.000336658 -0.000334847 -0.000336439 -0.000335085 -0.000336008 -0.000335502 -0.000335384 -0.000336125 -0.000334611 -0.000336986 -0.000333784 -0.000338113 -0.000333066 -0.000339524 -0.000332712 -0.000341213 -0.000333063 -0.000343144 -0.000334527 -0.000345253 -0.000337484 -0.000347454 -0.000342132 -0.00034961 -0.000348141 -0.000351208 -0.000353743 -0.000349934 -0.00035303 -0.000337163 -0.000329242 -0.000288298 -0.000243781 -0.000151444 -3.01143e-05 0.000150579 0.000391924 0.000698526 0.0010989 0.00158211 0.00220671 0.00296719 0.00392006 0.00505236 0.00635086 0.00777641 0.00924768 0.01074 0.0121688 0.0134983 0.0146128 0.0153869 0.0157204 0.0155229 0.0148156 0.0135776 0.0118251 0.00958856 0.00695055 0.00410156 0.00117105 -0.00171048 -0.00443892 -0.00688992 -0.00891134 -0.0104824 -0.0116081 -0.0122942 -0.0125503 -0.0124082 -0.0119971 -0.0113859 -0.0105957 -0.00970808 -0.00880364 -0.00793419 -0.0070951 -0.00630881 -0.00564106 -0.00506161 -0.00453623 -0.00409773 -0.00374168 -0.00343566 -0.00316672 -0.00295385 -0.00279715 -0.00265223 -0.00253118 -0.00244317 -0.00233947 -0.00226195 -0.0022361 -0.00217327 -0.00210713 -0.00210865 -0.00208837 -0.00203913 -0.00204373 
0 8.22089e-05 0.000220111 0.000334494 0.000410246 0.000532828 0.000674909 0.00078212 0.000915708 0.00107616 0.00122016 0.00140423 0.00161905 0.00182599 0.00210237 0.00243236 0.00277775 0.00322726 0.0037582 0.00435543 0.00510066 0.00594069 0.0068969 0.00801811 0.00919526 0.010465 0.0118064 0.0130666 0.0142464 0.0152198 0.015868 0.0161416 0.0158376 0.01495 0.0134436 0.0112174 0.00838044 0.00495036 0.00110772 -0.00295244 -0.00714504 -0.0111683 -0.0148666 -0.0180217 -0.0204769 -0.0222527 -0.0232157 -0.0234401 -0.0229256 -0.0217777 -0.0202132 -0.0182987 -0.0162594 -0.0141112 -0.01199 -0.00998653 -0.00813732 -0.00657721 -0.00522569 -0.00416378 -0.00327983 -0.00258263 -0.00203453 -0.00158094 -0.00126967 -0.000997221 -0.000847183 -0.000707214 -0.000646192 -0.000590335 -0.000562725 -0.000553395 -0.000530438 -0.000544088 -0.000518038 -0.000540588 -0.00051376 -0.000536316 -0.000513381 -0.000530424 -0.000514925 -0.000523677 -0.000517133 -0.000517 -0.000519188 -0.000511053 -0.000520665 -0.000506164 -0.000521448 -0.0005024 -0.000521624 -0.00049966 -0.000521382 -0.000497769 -0.000520934 -0.000496542 -0.000520469 -0.000495818 -0.000520132 -0.000495485 -0.00052001 -0.000495485 -0.000520132 -0.000495818 -0.000520469 -0.000496542 -0.000520934 -0.000497769 -0.000521382 -0.00049966 -0.000521624 -0.0005024 -0.000521448 -0.000506164 -0.000520665 -0.000511053 -0.000519188 -0.000517 -0.000517132 -0.000523674 -0.000514915 -0.000530394 -0.000513298 -0.000536096 -0.000513199 -0.000539217 -0.000514817 -0.000536831 -0.000514763 -0.000520964 -0.000498506 -0.00046871 -0.000425987 -0.000326168 -0.000216843 5.26771e-07 0.000244347 0.000628341 0.00107963 0.00168203 0.00242994 0.00335198 0.00453408 0.00593065 0.00764534 0.00955051 0.0116622 0.0138529 0.0160385 0.0181788 0.0200849 0.0217118 0.0227997 0.0232552 0.0229759 0.0218856 0.0200694 0.0174486 0.01417 0.0103413 0.0061471 0.0018744 -0.00238822 -0.0063823 -0.00996089 -0.0129985 -0.0153371 -0.0170588 -0.0181059 -0.0185119 -0.018411 -0.0178274 -0.0169473 -0.0158378 -0.0145459 -0.0132572 -0.0119626 -0.0107142 -0.00959993 -0.00856233 -0.00766569 -0.00690872 -0.00622018 -0.00567146 -0.00521984 -0.00480705 -0.00449747 -0.00423658 -0.00399476 -0.00383053 -0.0036782 -0.00352111 -0.00343409 -0.00336144 -0.00325942 -0.0031991 -0.00317225 -0.00312037 -0.0030755 -0.00307292 
0 0.000164689 0.00025583 0.000410246 0.000608449 0.000737128 0.000874133 0.00105723 0.00123611 0.00144552 0.00167814 0.00190476 0.00217812 0.00250327 0.00286532 0.00329352 0.00380094 0.00441492 0.00513636 0.00595662 0.00693902 0.00808575 0.00936273 0.0108009 0.0123822 0.0140489 0.0157335 0.0173556 0.0188377 0.0200291 0.0207899 0.0210132 0.02056 0.0193386 0.017267 0.0143335 0.0106059 0.00615866 0.00117876 -0.00413118 -0.00952858 -0.0147269 -0.0195002 -0.0235868 -0.0268324 -0.0291308 -0.0304144 -0.0307269 -0.0300983 -0.0286952 -0.0266807 -0.0242397 -0.0215676 -0.0187686 -0.0160131 -0.0133754 -0.0109796 -0.00888443 -0.00710302 -0.00565458 -0.00445959 -0.0035233 -0.00275994 -0.00217415 -0.00171982 -0.00137879 -0.0011454 -0.000968702 -0.000873045 -0.000791375 -0.000762982 -0.000728427 -0.000722853 -0.00071069 -0.000707277 -0.000707097 -0.000699309 -0.000706399 -0.000694023 -0.000705221 -0.000690211 -0.000702863 -0.000687483 -0.000699489 -0.000685563 -0.000695522 -0.000684196 -0.000691403 -0.000683182 -0.000687494 -0.000682388 -0.000684049 -0.000681743 -0.000681218 -0.000681226 -0.000679074 -0.000680839 -0.000677643 -0.000680597 -0.000676929 -0.000680515 -0.000676929 -0.000680597 -0.000677643 -0.000680839 -0.000679074 -0.000681226 -0.000681218 -0.000681743 -0.000684049 -0.000682388 -0.000687494 -0.000683182 -0.000691403 -0.000684196 -0.000695522 -0.000685562 -0.000699488 -0.000687481 -0.000702856 -0.00069019 -0.000705164 -0.00069387 -0.000706003 -0.000698323 -0.000704739 -0.000701862 -0.000698761 -0.000697651 -0.000677405 -0.000664062 -0.000607802 -0.000547047 -0.000414662 -0.000243716 2.83327e-05 0.000390598 0.000878279 0.00151698 0.00231306 0.00333894 0.00459309 0.00616985 0.00805746 0.0102886 0.0128124 0.0155463 0.018418 0.0212754 0.024035 0.0265033 0.0285215 0.0298906 0.0304231 0.0300304 0.0286093 0.0261853 0.0227854 0.0185255 0.0136051 0.00822087 0.00265989 -0.00283921 -0.00802054 -0.0126605 -0.0166252 -0.0197747 -0.0220659 -0.0235021 -0.0241428 -0.0241046 -0.0234677 -0.0223754 -0.0209828 -0.019403 -0.0177355 -0.0160515 -0.0144508 -0.0129743 -0.0116068 -0.0103966 -0.00935797 -0.00846333 -0.00769911 -0.00705332 -0.00653497 -0.00609921 -0.00570676 -0.0054012 -0.00514835 -0.00492039 -0.00477152 -0.00462906 -0.00446064 -0.00438379 -0.00433364 -0.00421556 -0.00415863 -0.00416153 -0.00410431 
0 0.000202208 0.000351088 0.000532828 0.000737128 0.000910456 0.00112454 0.00137354 0.00158401 0.00182123 0.00212487 0.00243553 0.00278483 0.00321701 0.0036973 0.00424385 0.004904 0.00568398 0.00659781 0.00766216 0.00891039 0.0103627 0.0119632 0.0137177 0.0156568 0.0176603 0.0196384 0.0215552 0.0232607 0.0245972 0.0253941 0.0255023 0.0248385 0.0232235 0.0205748 0.0169446 0.012368 0.00699458 0.000975972 -0.00544226 -0.0118996 -0.0181423 -0.0238548 -0.0287961 -0.0327646 -0.0355581 -0.0371735 -0.0375894 -0.0369228 -0.0353251 -0.0329437 -0.0300473 -0.0267868 -0.023404 -0.0200376 -0.0168193 -0.0138916 -0.0112747 -0.00906989 -0.00721142 -0.00571536 -0.00450968 -0.00354547 -0.00280899 -0.00221677 -0.00180395 -0.00147501 -0.00127156 -0.00111607 -0.00102615 -0.000968752 -0.000925994 -0.000915549 -0.000886884 -0.000895268 -0.000870467 -0.000883783 -0.000862723 -0.000874132 -0.000858998 -0.000865236 -0.00085744 -0.000857397 -0.000856999 -0.000850949 -0.000856991 -0.000845981 -0.000857015 -0.000842376 -0.000856892 -0.0008399 -0.0008566 -0.000838287 -0.0008562 -0.000837293 -0.000855788 -0.00083672 -0.000855454 -0.00083643 -0.000855269 -0.000836343 -0.000855269 -0.00083643 -0.000855454 -0.00083672 -0.000855788 -0.000837293 -0.0008562 -0.000838287 -0.0008566 -0.0008399 -0.000856892 -0.000842376 -0.000857015 -0.000845981 -0.000856991 -0.000850948 -0.000856998 -0.000857393 -0.000857427 -0.000865198 -0.000858894 -0.000873859 -0.000862033 -0.000882106 -0.000866554 -0.000886497 -0.000868017 -0.000876625 -0.000849022 -0.000822914 -0.000761488 -0.000656001 -0.000505146 -0.000250203 7.72779e-05 0.000567974 0.00117872 0.00200355 0.00303002 0.00433104 0.00595542 0.00792246 0.0103055 0.0130341 0.0161278 0.0194506 0.0229253 0.0264077 0.0297002 0.0326506 0.0349821 0.0365461 0.037126 0.0365864 0.0348557 0.0318645 0.0277467 0.0226188 0.0167138 0.0102848 0.00357438 -0.00303719 -0.009279 -0.0148982 -0.0197151 -0.0236341 -0.0265067 -0.0283634 -0.0293058 -0.0294119 -0.0288161 -0.0276271 -0.0260395 -0.0242322 -0.0222496 -0.0202218 -0.0182843 -0.0164617 -0.014785 -0.0132787 -0.0119645 -0.0108427 -0.00985402 -0.00900944 -0.00833354 -0.00774635 -0.0072428 -0.0068687 -0.00654194 -0.00623291 -0.0060113 -0.00583082 -0.0056469 -0.00551965 -0.00542306 -0.00531515 -0.00525787 -0.00522881 -0.00516072 
0 0.000195136 0.00045017 0.000674909 0.000874133 0.00112454 0.00138803 0.00165157 0.00194776 0.00225482 0.00260331 0.00301815 0.00345488 0.00396383 0.00458659 0.00527953 0.00609974 0.00708726 0.00820693 0.00951838 0.0110481 0.012762 0.0146763 0.0167677 0.0189977 0.0213 0.0235435 0.0256502 0.02749 0.0288499 0.0295706 0.0295082 0.0285255 0.0264811 0.0232819 0.0189732 0.0136451 0.00741972 0.000486244 -0.00686534 -0.0142671 -0.0213895 -0.0279316 -0.0336234 -0.0382054 -0.0414811 -0.0433889 -0.0439536 -0.0432986 -0.0415614 -0.0389286 -0.0356309 -0.0318993 -0.0279904 -0.0240826 -0.0203503 -0.0169005 -0.0138158 -0.0111538 -0.0089038 -0.0070696 -0.00557862 -0.0044043 -0.00347773 -0.00276504 -0.00223179 -0.00183319 -0.00156322 -0.0013657 -0.00125104 -0.00116548 -0.00112494 -0.00109259 -0.00107841 -0.00106899 -0.00106002 -0.00106069 -0.00105043 -0.00105585 -0.00104381 -0.00105121 -0.00103866 -0.00104618 -0.00103453 -0.00104093 -0.0010312 -0.00103575 -0.00102849 -0.00103095 -0.00102626 -0.00102673 -0.00102445 -0.00102322 -0.001023 -0.00102047 -0.0010219 -0.00101852 -0.00102117 -0.00101735 -0.0010208 -0.00101697 -0.0010208 -0.00101735 -0.00102117 -0.00101852 -0.0010219 -0.00102047 -0.001023 -0.00102322 -0.00102445 -0.00102673 -0.00102626 -0.00103095 -0.00102849 -0.00103575 -0.0010312 -0.00104093 -0.00103453 -0.00104618 -0.00103863 -0.00105114 -0.00104362 -0.00105538 -0.00104926 -0.00105791 -0.00105369 -0.00105515 -0.00104935 -0.00103408 -0.00101199 -0.000956501 -0.00088046 -0.000735633 -0.000535254 -0.000221231 0.00020344 0.000790897 0.00156124 0.00255579 0.00383118 0.00542225 0.00740741 0.00979781 0.0126335 0.0158746 0.0194784 0.0233589 0.0273828 0.0314003 0.0351745 0.0384816 0.0410665 0.0427254 0.0432814 0.0425692 0.0404899 0.0370064 0.0322316 0.0263589 0.0196255 0.012292 0.00465542 -0.00291307 -0.0100722 -0.0165551 -0.0221832 -0.0268023 -0.0302872 -0.0326354 -0.0339236 -0.0342721 -0.0337873 -0.0326067 -0.0309461 -0.0289557 -0.0267596 -0.0244897 -0.0222422 -0.0201184 -0.0181428 -0.0163299 -0.0147446 -0.0133523 -0.0121335 -0.0111185 -0.0102471 -0.00950483 -0.00890468 -0.00838955 -0.00796404 -0.00761761 -0.00729714 -0.00705698 -0.0068877 -0.00669172 -0.00653384 -0.00646313 -0.00636774 -0.00626642 -0.00625336 
0 0.000244663 0.000523745 0.00078212 0.00105723 0.00137354 0.00165157 0.00194342 0.00232855 0.00272987 0.00314055 0.00363047 0.004184 0.00481235 0.00555385 0.00641627 0.00743427 0.0086134 0.009971 0.0115581 0.0133426 0.0153281 0.0175513 0.0199317 0.0224123 0.0249385 0.0273706 0.0295912 0.0314361 0.032715 0.0332801 0.032946 0.0315702 0.0290482 0.0252987 0.0203672 0.0143454 0.00737309 -0.000315302 -0.00842721 -0.0165872 -0.0244368 -0.0316698 -0.037976 -0.0430892 -0.046798 -0.0490102 -0.0497719 -0.0491808 -0.0473925 -0.0445874 -0.0409905 -0.0368822 -0.0325195 -0.028146 -0.0239333 -0.020007 -0.0164667 -0.0133561 -0.0107166 -0.00852334 -0.00674899 -0.00533628 -0.00422356 -0.00337027 -0.00271416 -0.002238 -0.00188754 -0.00165157 -0.00149 -0.00138742 -0.0013259 -0.001284 -0.00126646 -0.00124685 -0.00124503 -0.00123268 -0.00123471 -0.00122559 -0.00122699 -0.00122066 -0.00121991 -0.00121651 -0.00121329 -0.00121271 -0.00120731 -0.00120916 -0.0012021 -0.00120585 -0.00119773 -0.00120286 -0.0011942 -0.00120026 -0.00119147 -0.00119816 -0.00118948 -0.0011966 -0.00118818 -0.00119565 -0.00118754 -0.00119533 -0.00118754 -0.00119565 -0.00118818 -0.0011966 -0.00118948 -0.00119816 -0.00119147 -0.00120026 -0.0011942 -0.00120286 -0.00119773 -0.00120585 -0.0012021 -0.00120916 -0.00120731 -0.00121271 -0.00121329 -0.00121649 -0.00121986 -0.00122054 -0.00122667 -0.00122478 -0.00123277 -0.00122818 -0.00123503 -0.00122549 -0.00122269 -0.00119797 -0.0011638 -0.00109453 -0.000982515 -0.000807669 -0.000538994 -0.000162833 0.000369889 0.00107268 0.00200691 0.00320395 0.00473245 0.00664736 0.00899609 0.0118185 0.0150982 0.0188189 0.0229039 0.027269 0.0317753 0.0362222 0.040371 0.0439344 0.0466685 0.0483541 0.04881 0.0478881 0.0454656 0.0415417 0.0362264 0.0297288 0.0223145 0.0142498 0.0058719 -0.00245436 -0.010386 -0.0176216 -0.0239604 -0.0292261 -0.0333054 -0.0361908 -0.0379067 -0.0385649 -0.0383039 -0.0372632 -0.0356369 -0.0335752 -0.031244 -0.0288075 -0.0263293 -0.023918 -0.0216694 -0.0195871 -0.0177088 -0.0160498 -0.0146038 -0.0133737 -0.0123058 -0.0114028 -0.0106672 -0.0100083 -0.00945512 -0.00905316 -0.008688 -0.00834798 -0.0081107 -0.00791767 -0.00773377 -0.00759846 -0.007484 -0.00739117 -0.00735717 
0 0.000308659 0.000613153 0.000915708 0.00123611 0.00158401 0.00194776 0.00232855 0.00274791 0.00321311 0.00371759 0.00429932 0.00499534 0.00576697 0.00663947 0.00770198 0.00891531 0.0102801 0.0119103 0.0137678 0.015808 0.0180965 0.0205858 0.0232014 0.0258847 0.0285314 0.0310645 0.0332956 0.0350196 0.0361389 0.0364446 0.0357441 0.0339229 0.0308682 0.0265861 0.0210786 0.0144257 0.00684761 -0.00144288 -0.0101196 -0.0188413 -0.0272663 -0.0350181 -0.0418156 -0.0473617 -0.051453 -0.053999 -0.0549856 -0.0545357 -0.0527681 -0.0498785 -0.0461005 -0.0417016 -0.0369927 -0.0322095 -0.0275713 -0.0232071 -0.019223 -0.0156931 -0.0126469 -0.0101048 -0.00802265 -0.00636371 -0.00505407 -0.00404 -0.00326603 -0.00268484 -0.00226464 -0.00196346 -0.00176215 -0.00162523 -0.00154127 -0.00148617 -0.00145408 -0.00143302 -0.00141972 -0.00141093 -0.00140348 -0.00139894 -0.00139342 -0.00139056 -0.00138605 -0.00138404 -0.00138033 -0.00137884 -0.00137583 -0.00137469 -0.00137226 -0.00137139 -0.00136943 -0.00136878 -0.00136719 -0.00136675 -0.00136547 -0.00136522 -0.0013642 -0.00136415 -0.00136336 -0.00136352 -0.00136295 -0.00136331 -0.00136295 -0.00136352 -0.00136336 -0.00136415 -0.0013642 -0.00136522 -0.00136547 -0.00136675 -0.00136719 -0.00136878 -0.00136943 -0.00137139 -0.00137226 -0.00137469 -0.00137582 -0.00137883 -0.00138032 -0.00138401 -0.00138597 -0.00139035 -0.00139287 -0.0013976 -0.00140032 -0.00140379 -0.00140422 -0.00140071 -0.00138946 -0.00136219 -0.00131315 -0.0012226 -0.00108016 -0.000853674 -0.000526602 -5.84178e-05 0.000576576 0.00142493 0.0025327 0.00395563 0.00576492 0.00800972 0.0107495 0.0139835 0.0177095 0.0218697 0.026395 0.0311848 0.0360701 0.040852 0.0452362 0.0489559 0.0517382 0.0533659 0.0536708 0.0524817 0.0497395 0.0454301 0.0396847 0.0327115 0.0247509 0.016146 0.0072107 -0.00168471 -0.0102081 -0.0180831 -0.0250138 -0.0308573 -0.0355127 -0.0389358 -0.0411619 -0.0422171 -0.0422825 -0.0415264 -0.0400455 -0.0380398 -0.035679 -0.0331242 -0.0305 -0.0278578 -0.0253527 -0.02305 -0.0208957 -0.0189688 -0.0172981 -0.0158128 -0.0145259 -0.0134414 -0.0125274 -0.0117598 -0.0111007 -0.0105566 -0.0101218 -0.00973451 -0.00940599 -0.00916512 -0.00895737 -0.00877461 -0.00866316 -0.00858265 -0.0084829 
0 0.000348476 0.000703723 0.00107616 0.00144552 0.00182123 0.00225482 0.00272987 0.00321311 0.00375111 0.0043755 0.00508206 0.0058871 0.00680204 0.00787059 0.00912853 0.0105481 0.0121753 0.0140614 0.0161578 0.0184744 0.0210172 0.023723 0.0265407 0.0293528 0.0320693 0.0345973 0.0366949 0.0382137 0.0390384 0.0389559 0.0378207 0.0354866 0.0319122 0.0271277 0.0210917 0.0139389 0.00587547 -0.00285196 -0.011915 -0.0210475 -0.0298615 -0.0379932 -0.0451437 -0.0510114 -0.0554468 -0.0582981 -0.0595523 -0.0592897 -0.057613 -0.0547492 -0.0508902 -0.0463395 -0.0413822 -0.0362812 -0.0312841 -0.0265159 -0.0221311 -0.0181809 -0.0147421 -0.0118303 -0.00942269 -0.00749613 -0.00595721 -0.00477378 -0.00385112 -0.0031656 -0.00265406 -0.00228895 -0.00203917 -0.00186531 -0.00176309 -0.00168787 -0.00165434 -0.0016222 -0.00161352 -0.00159837 -0.0015954 -0.00158755 -0.00158382 -0.00158015 -0.00157428 -0.00157355 -0.00156588 -0.00156725 -0.00155853 -0.00156128 -0.00155224 -0.00155581 -0.00154699 -0.00155098 -0.00154274 -0.00154691 -0.00153942 -0.0015437 -0.00153699 -0.00154138 -0.0015354 -0.00153998 -0.00153461 -0.00153951 -0.00153461 -0.00153998 -0.0015354 -0.00154138 -0.00153699 -0.0015437 -0.00153942 -0.00154691 -0.00154274 -0.00155098 -0.00154699 -0.00155581 -0.00155224 -0.00156128 -0.00155853 -0.00156724 -0.00156586 -0.0015735 -0.00157414 -0.00157978 -0.0015829 -0.00158536 -0.00159037 -0.00158727 -0.00158999 -0.00157429 -0.00156076 -0.00151252 -0.00144785 -0.00132146 -0.00113804 -0.000852774 -0.000447588 0.000112223 0.000874982 0.00186761 0.00317512 0.00482989 0.0069351 0.00951892 0.0126376 0.0162835 0.0204176 0.0250009 0.0299135 0.0350697 0.0402534 0.0452519 0.0497736 0.0535237 0.0562714 0.0577546 0.0578331 0.056347 0.0532619 0.0486324 0.0425452 0.0352317 0.02691 0.0179355 0.00866524 -0.000607328 -0.009541 -0.0178819 -0.025325 -0.0316749 -0.0368877 -0.0408718 -0.0436315 -0.0451944 -0.0456739 -0.0452751 -0.0440757 -0.0422361 -0.0399731 -0.0374137 -0.0347086 -0.0319499 -0.0292372 -0.0266917 -0.0243054 -0.0221121 -0.020178 -0.0184634 -0.0169605 -0.0156715 -0.0145643 -0.0136433 -0.0128646 -0.0121772 -0.0116198 -0.0111881 -0.0108101 -0.010477 -0.0102242 -0.0100366 -0.00987258 -0.00974204 -0.00966872 
0 0.000412567 0.000797687 0.00122016 0.00167814 0.00212487 0.00260331 0.00314055 0.00371759 0.0043755 0.00513224 0.00595197 0.00688139 0.00799333 0.0092691 0.0107049 0.0123728 0.0142858 0.0164023 0.0187505 0.0213343 0.0240849 0.0269674 0.029902 0.032768 0.035475 0.0378467 0.039712 0.0409401 0.0413426 0.0407919 0.03914 0.036263 0.03219 0.0268936 0.0204089 0.0128743 0.00446238 -0.00451288 -0.0138144 -0.0231629 -0.0321806 -0.0405508 -0.0479066 -0.0540349 -0.0587571 -0.0619083 -0.0634735 -0.0634326 -0.061947 -0.0591847 -0.0553606 -0.0507716 -0.0456527 -0.0403352 -0.035017 -0.0299079 -0.0251428 -0.0207993 -0.0169868 -0.0136936 -0.0109719 -0.00874301 -0.00697815 -0.00559444 -0.00451818 -0.00371363 -0.0030943 -0.00266525 -0.00234108 -0.00213913 -0.00199094 -0.00190687 -0.00184995 -0.00181462 -0.00179865 -0.00177818 -0.00177863 -0.0017611 -0.00176738 -0.00175062 -0.00175811 -0.00174291 -0.00174939 -0.0017368 -0.00174119 -0.0017318 -0.00173376 -0.00172767 -0.00172729 -0.00172424 -0.0017219 -0.00172144 -0.00171761 -0.00171925 -0.00171444 -0.00171767 -0.00171234 -0.00171671 -0.0017113 -0.00171639 -0.0017113 -0.00171671 -0.00171234 -0.00171767 -0.00171444 -0.00171925 -0.00171761 -0.00172144 -0.0017219 -0.00172424 -0.00172729 -0.00172767 -0.00173376 -0.0017318 -0.00174119 -0.00173679 -0.00174935 -0.00174282 -0.00175787 -0.00175 -0.00176588 -0.0017576 -0.00177078 -0.00176125 -0.00176359 -0.0017449 -0.00171689 -0.00166321 -0.00156273 -0.00141651 -0.00116874 -0.00083342 -0.000330136 0.000328257 0.00123208 0.00239775 0.00391298 0.00584346 0.00824503 0.0111999 0.0146851 0.0187374 0.02326 0.0282177 0.0334837 0.0389076 0.0443086 0.04939 0.0539268 0.0575984 0.0601914 0.0614727 0.0612491 0.0594602 0.0560506 0.0511449 0.0448343 0.037292 0.0287968 0.019631 0.0101894 0.000735346 -0.00845743 -0.0170822 -0.0249149 -0.0317165 -0.0374144 -0.0419541 -0.0452591 -0.0473932 -0.0484128 -0.0484441 -0.0476449 -0.0461198 -0.0440575 -0.0416118 -0.0389066 -0.036105 -0.0332787 -0.0305096 -0.027915 -0.0255098 -0.0232989 -0.0213348 -0.0196229 -0.0181186 -0.0167983 -0.0156773 -0.0147457 -0.0139526 -0.013274 -0.0127158 -0.0122646 -0.0118925 -0.0115862 -0.0113344 -0.0111241 -0.0109738 -0.0108985 
0 0.000462122 0.000922372 0.00140423 0.00190476 0.00243553 0.00301815 0.00363047 0.00429932 0.00508206 0.00595197 0.00691383 0.00805006 0.00936631 0.0108302 0.012494 0.0144167 0.0165747 0.0189398 0.0215392 0.024354 0.027291 0.0302738 0.0332386 0.0360805 0.0386318 0.0407341 0.0422802 0.0430963 0.043006 0.0419052 0.0396773 0.036277 0.031689 0.0259175 0.0190724 0.0112567 0.00267641 -0.00640874 -0.0157886 -0.0251568 -0.0342274 -0.0426576 -0.0501235 -0.0564399 -0.0613853 -0.0648468 -0.0667139 -0.066967 -0.0657427 -0.0631666 -0.059501 -0.0549531 -0.0498003 -0.0443315 -0.0387683 -0.0333717 -0.0282487 -0.0235621 -0.0193658 -0.0157218 -0.0126597 -0.010126 -0.00811566 -0.00650509 -0.00527553 -0.00431521 -0.00360149 -0.00307227 -0.0026867 -0.00243052 -0.00224028 -0.00213741 -0.00204932 -0.00201713 -0.00197597 -0.00196824 -0.00194821 -0.00194456 -0.00193587 -0.00192947 -0.00192847 -0.00191814 -0.00192276 -0.00190929 -0.00191778 -0.00190241 -0.00191324 -0.00189716 -0.00190912 -0.0018932 -0.00190547 -0.00189027 -0.0019024 -0.00188816 -0.0019 -0.00188674 -0.00189836 -0.00188592 -0.00189752 -0.00188565 -0.00189752 -0.00188592 -0.00189836 -0.00188674 -0.0019 -0.00188816 -0.0019024 -0.00189027 -0.00190547 -0.0018932 -0.00190912 -0.00189716 -0.00191324 -0.00190241 -0.00191777 -0.00190926 -0.0019227 -0.00191798 -0.00192806 -0.00192846 -0.00193347 -0.00193909 -0.00193619 -0.00194292 -0.0019247 -0.00191747 -0.0018634 -0.00180451 -0.00166797 -0.00148502 -0.00118332 -0.000766459 -0.000179674 0.000616476 0.00165589 0.00303222 0.00477018 0.00699733 0.00972378 0.0130367 0.0169088 0.0213233 0.0262282 0.031503 0.0370652 0.0426839 0.0481795 0.0532557 0.0576625 0.0611637 0.0634931 0.0644873 0.0639374 0.0618131 0.0581344 0.0529892 0.0465405 0.0389093 0.0303763 0.0212215 0.011753 0.00227541 -0.006995 -0.0157669 -0.023828 -0.0310035 -0.0371326 -0.0421627 -0.0460355 -0.0487684 -0.0504088 -0.0509935 -0.0506742 -0.0495958 -0.0478632 -0.04562 -0.0430298 -0.0402554 -0.0373882 -0.0345004 -0.0317243 -0.0291304 -0.0267022 -0.02447 -0.022501 -0.0207762 -0.0192419 -0.0179195 -0.0168142 -0.0158708 -0.01507 -0.0143966 -0.0138269 -0.0133726 -0.0130063 -0.012698 -0.0124809 -0.012324 -0.0121703 
0 0.000514913 0.00106227 0.00161905 0.00217812 0.00278483 0.00345488 0.004184 0.00499534 0.0058871 0.00688139 0.00805006 0.00938608 0.0108727 0.0125768 0.0145184 0.0166848 0.0190868 0.0216969 0.024507 0.0274932 0.0305356 0.0335533 0.0364903 0.0391908 0.0414799 0.0432324 0.0443313 0.0446255 0.0439549 0.0422288 0.0394241 0.035502 0.0304314 0.0242781 0.0171565 0.00920166 0.000589981 -0.00849013 -0.0177873 -0.0270452 -0.0360049 -0.0443548 -0.0518471 -0.0582472 -0.0633758 -0.0670963 -0.0692619 -0.0698661 -0.0689536 -0.066684 -0.0632605 -0.0588731 -0.0537969 -0.0482588 -0.0425531 -0.0369005 -0.0314848 -0.0264643 -0.0219047 -0.0179152 -0.0144873 -0.0116516 -0.00934532 -0.00751126 -0.00608504 -0.00497031 -0.00414229 -0.00350461 -0.00306134 -0.00273086 -0.00251892 -0.00237072 -0.00227889 -0.0022244 -0.00218292 -0.00216944 -0.00214435 -0.00214618 -0.00212555 -0.00213176 -0.00211334 -0.00211945 -0.00210385 -0.00210797 -0.00209598 -0.00209742 -0.00208935 -0.00208808 -0.00208381 -0.00208017 -0.00207924 -0.00207375 -0.0020756 -0.00206883 -0.00207287 -0.00206537 -0.00207105 -0.00206333 -0.00207014 -0.00206265 -0.00207014 -0.00206333 -0.00207105 -0.00206537 -0.00207287 -0.00206883 -0.0020756 -0.00207375 -0.00207924 -0.00208017 -0.00208381 -0.00208808 -0.00208935 -0.00209741 -0.00209596 -0.00210793 -0.00210375 -0.00211918 -0.00211267 -0.00213013 -0.00212178 -0.00213777 -0.0021263 -0.00213224 -0.00210926 -0.00208439 -0.00202343 -0.00192319 -0.00176569 -0.00151145 -0.00115899 -0.00063707 4.83669e-05 0.000990707 0.00220145 0.00378516 0.00579166 0.00830309 0.0113822 0.0150318 0.0192767 0.024031 0.0292616 0.0348263 0.0405911 0.0463462 0.0518281 0.0568056 0.0609965 0.0642116 0.0662142 0.0668254 0.0659255 0.0634608 0.0595241 0.0542022 0.0476545 0.0400574 0.0316254 0.0226387 0.0133311 0.00396885 -0.00520088 -0.0139676 -0.0221369 -0.0295646 -0.0360836 -0.0415667 -0.0459886 -0.0493445 -0.051622 -0.0528393 -0.0530926 -0.0525272 -0.0512498 -0.0493502 -0.0469969 -0.0443623 -0.0415337 -0.0386143 -0.0357211 -0.0329301 -0.0303093 -0.0278768 -0.0256447 -0.0236694 -0.0219401 -0.0204145 -0.0190905 -0.0179529 -0.0170014 -0.0162205 -0.015544 -0.0149729 -0.0145327 -0.0141802 -0.0138969 -0.0136865 -0.0135317 
0 0.000614063 0.00121002 0.00182599 0.00250327 0.00321701 0.00396383 0.00481235 0.00576697 0.00680204 0.00799333 0.00936631 0.0108727 0.0125842 0.014562 0.0167546 0.0191644 0.0218033 0.0246363 0.0276323 0.0307047 0.0337738 0.0367741 0.0395562 0.0419844 0.0439255 0.0452234 0.0457847 0.0454738 0.0441558 0.0418085 0.0384177 0.0339719 0.0284818 0.0220141 0.014728 0.00675762 -0.00177559 -0.0106916 -0.0197712 -0.0287734 -0.0374736 -0.0456509 -0.0530659 -0.0594982 -0.0647637 -0.0687 -0.0711856 -0.0721558 -0.0716338 -0.069742 -0.0666342 -0.0625088 -0.0575753 -0.0520775 -0.0462909 -0.0404552 -0.0348003 -0.0294717 -0.0245973 -0.0202554 -0.0164902 -0.0133275 -0.0107228 -0.00864388 -0.00699518 -0.00572229 -0.00474273 -0.00400596 -0.00346612 -0.00307232 -0.00280799 -0.00261885 -0.00250802 -0.00242561 -0.00238568 -0.00235112 -0.00233676 -0.00232185 -0.00231349 -0.00230732 -0.00229854 -0.00229725 -0.00228681 -0.00228874 -0.00227706 -0.00228113 -0.00226896 -0.00227433 -0.00226233 -0.00226839 -0.00225703 -0.0022634 -0.00225295 -0.00225944 -0.00224996 -0.00225657 -0.00224802 -0.00225483 -0.00224705 -0.00225425 -0.00224705 -0.00225483 -0.00224802 -0.00225657 -0.00224996 -0.00225944 -0.00225295 -0.0022634 -0.00225703 -0.00226839 -0.00226233 -0.00227433 -0.00226895 -0.00228113 -0.00227704 -0.00228868 -0.00228664 -0.0022968 -0.00229745 -0.00230476 -0.00230768 -0.00230915 -0.00231012 -0.0022974 -0.00228165 -0.00223215 -0.00216258 -0.00202634 -0.00183088 -0.00152075 -0.00108846 -0.000479094 0.00033984 0.00142212 0.00283752 0.00464438 0.00693924 0.00976543 0.0131888 0.0171986 0.0217811 0.0268725 0.0323789 0.0381813 0.0440816 0.0498644 0.0552555 0.0600113 0.0639048 0.0667304 0.0683134 0.0684927 0.0671953 0.0644243 0.0602574 0.0548189 0.0482587 0.0407742 0.0325813 0.0238808 0.0148738 0.00577663 -0.00318192 -0.0118029 -0.0199622 -0.0275218 -0.034313 -0.0402094 -0.0451367 -0.0490847 -0.0520202 -0.0539127 -0.054839 -0.0548787 -0.0541262 -0.0527079 -0.0507193 -0.0483093 -0.0456229 -0.0427588 -0.0398352 -0.0369243 -0.0341175 -0.0315156 -0.0290869 -0.0268439 -0.0248756 -0.0231417 -0.0215956 -0.0202718 -0.0191475 -0.0181851 -0.0173926 -0.0167488 -0.0162073 -0.0157521 -0.0153952 -0.0151431 -0.0149826 
0 0.000675677 0.00138073 0.00210237 0.00286532 0.0036973 0.00458659 0.00555385 0.00663947 0.00787059 0.0092691 0.0108302 0.0125768 0.014562 0.0167782 0.0192054 0.0218454 0.0246917 0.0277248 0.0308358 0.033925 0.0369745 0.0398362 0.0423314 0.0443877 0.0458631 0.0466249 0.0465727 0.0455795 0.0436186 0.0406578 0.0366829 0.0317592 0.0259025 0.0192262 0.0118884 0.00398651 -0.00433891 -0.0129668 -0.0216984 -0.030312 -0.0386652 -0.046565 -0.0538281 -0.0602344 -0.0655738 -0.0697111 -0.0724979 -0.0738653 -0.0737894 -0.0723298 -0.0696262 -0.0658237 -0.0611283 -0.0557544 -0.0499656 -0.0440287 -0.0381728 -0.0325938 -0.0274176 -0.0227504 -0.0186511 -0.0151519 -0.0122462 -0.00988793 -0.00801541 -0.00654799 -0.00541716 -0.00455698 -0.00391551 -0.00344931 -0.00311844 -0.00289309 -0.00274242 -0.00264631 -0.0025854 -0.00254728 -0.00252404 -0.00250752 -0.00249794 -0.00248839 -0.00248342 -0.00247621 -0.00247285 -0.00246688 -0.00246411 -0.00245921 -0.00245665 -0.00245281 -0.00245032 -0.00244751 -0.00244505 -0.00244321 -0.00244084 -0.00243988 -0.00243768 -0.00243749 -0.00243557 -0.00243606 -0.00243451 -0.00243558 -0.00243451 -0.00243606 -0.00243557 -0.00243749 -0.00243768 -0.00243988 -0.00244084 -0.00244321 -0.00244505 -0.00244751 -0.00245032 -0.00245281 -0.00245665 -0.0024592 -0.00246407 -0.00246677 -0.00247256 -0.0024755 -0.0024817 -0.00248443 -0.00248913 -0.00248871 -0.00248539 -0.00247102 -0.00244086 -0.0023832 -0.00228237 -0.00211992 -0.00186805 -0.00149977 -0.000977436 -0.000262786 0.000692979 0.00194896 0.00357172 0.00564193 0.00822841 0.0113929 0.0151585 0.0195171 0.0244273 0.0298092 0.0355628 0.0415221 0.047488 0.0532022 0.0584052 0.0628633 0.0663601 0.0687336 0.0698161 0.0695202 0.0678154 0.0647397 0.0603977 0.054887 0.0483941 0.0411094 0.0332304 0.0249312 0.0163285 0.00762696 -0.000996312 -0.00938455 -0.0174055 -0.0249762 -0.0319241 -0.0381366 -0.0435361 -0.0480237 -0.0515907 -0.054198 -0.0558435 -0.0565788 -0.0564385 -0.0555691 -0.0540739 -0.0520037 -0.0495459 -0.0468486 -0.0439864 -0.041059 -0.0381508 -0.0353679 -0.0327608 -0.0303122 -0.0280806 -0.0261068 -0.0243611 -0.0228425 -0.0215274 -0.0203854 -0.0194338 -0.0186492 -0.0179886 -0.0174631 -0.0170672 -0.0167597 -0.0165253 
0 0.000761961 0.00159147 0.00243236 0.00329352 0.00424385 0.00527953 0.00641627 0.00770198 0.00912853 0.0107049 0.012494 0.0145184 0.0167546 0.0192054 0.0218765 0.0247377 0.0277668 0.0309021 0.0340257 0.0370862 0.0400032 0.0425951 0.0447372 0.0463257 0.0472474 0.0473971 0.046633 0.0449369 0.0423304 0.0387546 0.034262 0.0289191 0.0228015 0.0160511 0.00874171 0.00101405 -0.00701581 -0.0152616 -0.0235268 -0.0316917 -0.0396136 -0.0471596 -0.0541997 -0.0604865 -0.0658613 -0.07015 -0.0732266 -0.0750124 -0.075407 -0.074457 -0.0722114 -0.0688169 -0.064443 -0.0592725 -0.0535815 -0.0475998 -0.0416139 -0.035812 -0.0303631 -0.0253877 -0.0209492 -0.0171224 -0.0138869 -0.0112471 -0.00911935 -0.00744912 -0.00615093 -0.00515501 -0.00441259 -0.00385706 -0.00347003 -0.00318961 -0.00301195 -0.00288618 -0.00281411 -0.00276286 -0.00273402 -0.00271369 -0.00269861 -0.00269012 -0.00267813 -0.00267443 -0.00266289 -0.00266149 -0.0026503 -0.00265017 -0.00263974 -0.00264035 -0.002631 -0.00263206 -0.00262396 -0.00262532 -0.00261849 -0.00262012 -0.00261449 -0.00261644 -0.00261186 -0.00261425 -0.00261056 -0.00261352 -0.00261056 -0.00261425 -0.00261186 -0.00261644 -0.00261449 -0.00262012 -0.00261849 -0.00262532 -0.00262396 -0.00263206 -0.002631 -0.00264035 -0.00263973 -0.00265015 -0.00265023 -0.00266131 -0.00266243 -0.0026733 -0.00267547 -0.0026841 -0.0026855 -0.00268627 -0.00267888 -0.00265633 -0.00261641 -0.00253373 -0.00240808 -0.00219444 -0.00189023 -0.00143592 -0.000819852 2.54427e-05 0.00113564 0.00258493 0.00444671 0.00678861 0.00969689 0.0131881 0.0173022 0.0219805 0.0271904 0.0328233 0.0387541 0.0448108 0.0507384 0.0563093 0.0612336 0.0653229 0.0683698 0.0702222 0.070782 0.0699731 0.0678651 0.0644983 0.0599948 0.0544754 0.0480912 0.0410799 0.0335746 0.0257336 0.0176533 0.00944689 0.00128547 -0.00676254 -0.0145622 -0.0220112 -0.0290243 -0.0354626 -0.0412541 -0.0462578 -0.0503954 -0.0536878 -0.0560657 -0.0575162 -0.0580823 -0.057841 -0.0569162 -0.055352 -0.0532537 -0.0508061 -0.0480994 -0.0452294 -0.0423124 -0.039415 -0.0366283 -0.0340268 -0.0316094 -0.0293848 -0.0274009 -0.0256634 -0.0241362 -0.0228206 -0.0217057 -0.0207438 -0.0199595 -0.0193642 -0.0188671 -0.0184635 -0.0182113 
0 0.000927954 0.00183768 0.00277775 0.00380094 0.004904 0.00609974 0.00743427 0.00891531 0.0105481 0.0123728 0.0144167 0.0166848 0.0191644 0.0218454 0.0247377 0.0278 0.030936 0.0340794 0.0371748 0.0401115 0.0427497 0.0449734 0.0466601 0.0476915 0.0479894 0.0474358 0.0459537 0.0435822 0.0403237 0.0361878 0.031234 0.0255481 0.0192905 0.0125374 0.00536038 -0.00209356 -0.00974985 -0.0174883 -0.0252208 -0.0328706 -0.0403019 -0.0474632 -0.0541968 -0.0603294 -0.0656977 -0.0701068 -0.0734776 -0.0756538 -0.0765504 -0.076126 -0.0743811 -0.071458 -0.0674522 -0.0625842 -0.0570547 -0.0511231 -0.0450721 -0.0390979 -0.0334306 -0.0281586 -0.02342 -0.0192532 -0.0156976 -0.0127532 -0.0103513 -0.00846153 -0.0069626 -0.00582755 -0.00494856 -0.00430773 -0.00383435 -0.00350245 -0.00327886 -0.00312248 -0.0030341 -0.00296312 -0.00293588 -0.00290027 -0.00289523 -0.00287333 -0.0028738 -0.00285844 -0.00285846 -0.00284777 -0.00284565 -0.00283905 -0.00283463 -0.00283165 -0.00282528 -0.00282537 -0.0028176 -0.00282017 -0.00281154 -0.00281606 -0.00280706 -0.00281309 -0.0028041 -0.00281129 -0.00280263 -0.00281068 -0.00280263 -0.00281129 -0.0028041 -0.00281309 -0.00280706 -0.00281606 -0.00281154 -0.00282017 -0.0028176 -0.00282537 -0.00282528 -0.00283164 -0.00283461 -0.00283901 -0.00284554 -0.00284747 -0.00285772 -0.00285667 -0.00286973 -0.00286433 -0.00287604 -0.00286096 -0.00285846 -0.00281662 -0.00276774 -0.00265711 -0.00249703 -0.00223797 -0.00186201 -0.00133324 -0.000597309 0.000369613 0.00166295 0.00330941 0.005433 0.00806356 0.0112956 0.0151312 0.0195687 0.0245726 0.0300397 0.0358995 0.0419495 0.0480281 0.0538492 0.0591721 0.0637603 0.0673897 0.0699329 0.071213 0.0712052 0.0698924 0.067362 0.0637393 0.0590989 0.0536204 0.0474323 0.0407355 0.0336763 0.0263281 0.0188222 0.0112011 0.00355447 -0.00405148 -0.0115507 -0.0187957 -0.0257419 -0.0323086 -0.0383664 -0.0437999 -0.0484813 -0.0523891 -0.0554817 -0.0576766 -0.0589951 -0.0594759 -0.0591772 -0.0581971 -0.056612 -0.0545205 -0.0520566 -0.0493531 -0.0465133 -0.043607 -0.040723 -0.0379652 -0.0353804 -0.0329631 -0.0307446 -0.0287725 -0.0270273 -0.0254965 -0.0242053 -0.0231149 -0.022182 -0.0214191 -0.0208121 -0.0203532 -0.0200545 
0 0.00104341 0.00210414 0.00322726 0.00441492 0.00568398 0.00708726 0.0086134 0.0102801 0.0121753 0.0142858 0.0165747 0.0190868 0.0218033 0.0246917 0.0277668 0.030936 0.0340914 0.0372091 0.0401902 0.042871 0.0451322 0.0468784 0.0480102 0.0484139 0.0479945 0.0467111 0.0445493 0.0415162 0.0376558 0.0330219 0.0276841 0.0217855 0.0154638 0.00878939 0.00184931 -0.00526439 -0.0124446 -0.0196159 -0.0267732 -0.0338473 -0.0407782 -0.0474941 -0.0538762 -0.0598176 -0.0651242 -0.0696564 -0.0732808 -0.0758425 -0.0772412 -0.077343 -0.0761572 -0.0737289 -0.0701712 -0.0656652 -0.0603743 -0.0545822 -0.0485138 -0.0424461 -0.0365764 -0.0310554 -0.0260244 -0.0215281 -0.0176599 -0.0143851 -0.0117151 -0.00956392 -0.00787066 -0.00656122 -0.00554826 -0.00480339 -0.00423614 -0.00385097 -0.00356305 -0.00338769 -0.00325811 -0.00318674 -0.00313526 -0.00310499 -0.00308774 -0.00306925 -0.00306642 -0.00304951 -0.00305312 -0.00303569 -0.00304235 -0.00302485 -0.0030328 -0.00301608 -0.00302433 -0.00300902 -0.00301702 -0.00300344 -0.00301102 -0.00299921 -0.00300643 -0.00299624 -0.00300333 -0.00299447 -0.00300177 -0.00299388 -0.00300177 -0.00299447 -0.00300333 -0.00299624 -0.00300643 -0.00299921 -0.00301102 -0.00300344 -0.00301702 -0.00300902 -0.00302433 -0.00301607 -0.00303278 -0.00302478 -0.00304216 -0.00303522 -0.00305196 -0.0030468 -0.00306032 -0.00305602 -0.00306011 -0.00304952 -0.00302822 -0.00298825 -0.00290438 -0.00278163 -0.00256388 -0.00226361 -0.00180091 -0.00118534 -0.000324614 0.000795139 0.00227027 0.00415816 0.00653922 0.00949513 0.0130417 0.0172265 0.0219754 0.0272704 0.0329789 0.0389926 0.0451215 0.0511234 0.0567668 0.0617616 0.0659319 0.0690611 0.0710274 0.0717294 0.0711318 0.0693298 0.0664066 0.0625281 0.0578059 0.0523904 0.0464602 0.0401296 0.0335335 0.0267323 0.0198081 0.0128177 0.00574629 -0.00136392 -0.00845478 -0.0154316 -0.0222195 -0.0287796 -0.0349945 -0.0407333 -0.045893 -0.0503758 -0.05411 -0.0570444 -0.0591415 -0.0603834 -0.0607914 -0.0604458 -0.0594508 -0.0578645 -0.0557679 -0.0533334 -0.0506768 -0.0478522 -0.0449735 -0.0421245 -0.0393613 -0.036778 -0.0343924 -0.0321929 -0.0302283 -0.0285027 -0.0269928 -0.0257062 -0.024618 -0.0237122 -0.0230107 -0.0224812 -0.022079 
