0 0 0 0 0 0 0 0 0 0 0 0 0 0 0 0 0 0 0 0 0 0 0 0 0 0 0 0 0 0 0 0 0 0 0 0 0 0 0 0 0 0 0 0 0 0 0 0 0 0 0 0 0 0 0 0 0 0 0 0 0 0 0 0 0 0 0 0 0 0 0 0 0 0 0 0 0 0 0 0 0 0 0 0 0 0 0 0 0 0 0 0 0 0 0 0 0 0 0 0 0 0 0 0 0 0 0 0 0 0 0 0 0 0 0 0 0 0 0 0 0 0 0 0 0 0 0 0 0 0 0 0 0 0 0 0 0 0 0 0 0 0 0 0 0 0 0 0 0 0 0 0 0 0 0 0 0 0 0 0 0 0 0 0 0 0 0 0 0 0 0 0 0 0 0 0 0 0 0 0 0 0 0 0 0 0 0 0 0 0 0 0 0 0 0 0 0 0 0 0 
0 0.000123919 0.000197653 0.000299662 0.000422872 0.000535501 0.000702989 0.000889459 0.00104384 0.00126082 0.00154171 0.00182486 0.00216999 0.00256522 0.00297055 0.00343965 0.00391004 0.00434857 0.00483537 0.00525446 0.00552477 0.00572781 0.00576638 0.0055674 0.00516781 0.00451552 0.00365458 0.00259437 0.00128385 -0.000131759 -0.00159315 -0.00308769 -0.00449999 -0.00580865 -0.00689971 -0.00769808 -0.00826339 -0.00854256 -0.00856846 -0.00835045 -0.00787874 -0.0072805 -0.00657231 -0.0058245 -0.00507739 -0.00430688 -0.00359761 -0.00293093 -0.00235856 -0.00189428 -0.00149902 -0.00120829 -0.000952892 -0.000762352 -0.000609399 -0.000482617 -0.000407168 -0.0003325 -0.000303667 -0.000269715 -0.000256997 -0.000249697 -0.000236402 -0.000242444 -0.000226547 -0.000235176 -0.00022164 -0.000225805 -0.000219353 -0.000216355 -0.000218246 -0.000209155 -0.000217326 -0.000205353 -0.000216103 -0.000204809 -0.000214531 -0.000206578 -0.000212806 -0.000209483 -0.000211172 -0.000212521 -0.000209804 -0.000215047 -0.000208768 -0.000216772 -0.00020805 -0.000217684 -0.000207588 -0.000217928 -0.000207306 -0.000217721 -0.000207141 -0.00021728 -0.000207045 -0.000216789 -0.00020699 -0.000216387 -0.000206961 -0.000216165 -0.000206952 -0.000216165 -0.000206961 -0.000216387 -0.00020699 -0.000216789 -0.000207045 -0.00021728 -0.000207141 -0.000217721 -0.000207306 -0.000217928 -0.000207588 -0.000217684 -0.00020805 -0.000216772 -0.000208768 -0.000215047 -0.000209804 -0.000212521 -0.000211172 -0.000209483 -0.000212806 -0.000206578 -0.000214531 -0.000204809 -0.000216103 -0.000205353 -0.000217325 -0.000209153 -0.00021824 -0.000216339 -0.000219306 -0.000225678 -0.000221313 -0.000234366 -0.000224628 -0.000238099 -0.000227016 -0.000230361 -0.00021905 -0.00019883 -0.000177703 -0.000119608 -6.47771e-05 4.22443e-05 0.000159957 0.000321699 0.000526259 0.000763291 0.00108942 0.00147017 0.00197198 0.00256578 0.0032422 0.00400066 0.00476185 0.00556198 0.00633795 0.00707054 0.00772192 0.00816516 0.00840485 0.00837614 0.00808494 0.00755478 0.00670206 0.0055979 0.00428076 0.00281199 0.0013087 -0.000258771 -0.00178484 -0.00314751 -0.00435029 -0.00531821 -0.00607247 -0.00661064 -0.00685013 -0.00691497 -0.00685219 -0.00659577 -0.00624751 -0.00584419 -0.00537979 -0.00493028 -0.00446581 -0.00401436 -0.00366615 -0.00332692 -0.00298799 -0.00275476 -0.00253768 -0.00231428 -0.00220157 -0.00210207 -0.00194995 -0.0018997 -0.00189996 -0.00180573 
0 0.000197653 0.000391783 0.000624933 0.000879057 0.00111983 0.00139679 0.00174565 0.00214269 0.00258754 0.00310565 0.00370945 0.00438542 0.00512859 0.00597483 0.00689811 0.00781673 0.00874118 0.00965156 0.0104155 0.0109818 0.0113299 0.0113617 0.0109985 0.0101766 0.00889085 0.00718416 0.00502342 0.00246261 -0.000333967 -0.00325296 -0.0061649 -0.00896096 -0.0115155 -0.0136382 -0.0152632 -0.01637 -0.0169463 -0.0170221 -0.0165797 -0.0157011 -0.0145119 -0.0131153 -0.0116404 -0.0101198 -0.008615 -0.00718719 -0.00587307 -0.00474956 -0.00380428 -0.00304493 -0.00243974 -0.00194473 -0.0015607 -0.0012408 -0.00100286 -0.000818586 -0.000685169 -0.00060007 -0.00053363 -0.000504185 -0.000474635 -0.000466527 -0.000456609 -0.000451916 -0.000452855 -0.000446085 -0.000452064 -0.000443911 -0.00045015 -0.000443064 -0.000446184 -0.000442066 -0.000440615 -0.000440044 -0.000434348 -0.000436732 -0.000428236 -0.000432347 -0.000422846 -0.000427364 -0.000418438 -0.000422304 -0.000415029 -0.000417592 -0.000412499 -0.0004135 -0.000410676 -0.000410144 -0.000409386 -0.000407526 -0.000408486 -0.000405579 -0.000407867 -0.000404204 -0.000407454 -0.000403302 -0.000407202 -0.000402795 -0.000407081 -0.000402632 -0.000407081 -0.000402795 -0.000407202 -0.000403302 -0.000407454 -0.000404204 -0.000407867 -0.000405579 -0.000408486 -0.000407526 -0.000409386 -0.000410144 -0.000410676 -0.0004135 -0.000412499 -0.000417592 -0.000415029 -0.000422304 -0.000418438 -0.000427364 -0.000422846 -0.000432347 -0.000428236 -0.000436732 -0.000434348 -0.000440043 -0.000440614 -0.000442064 -0.000446179 -0.00044305 -0.000450109 -0.000443798 -0.000451763 -0.000445318 -0.000450985 -0.000447555 -0.000446887 -0.000445828 -0.000432583 -0.000422734 -0.000383332 -0.000335969 -0.000243252 -0.000113902 7.00058e-05 0.000324054 0.000637555 0.00105061 0.00155138 0.0021934 0.00299706 0.00398525 0.00518093 0.0065275 0.00800603 0.00953987 0.0110913 0.0126308 0.0140613 0.015303 0.0161973 0.0166441 0.0166082 0.0160416 0.0149517 0.0132937 0.0110945 0.00849508 0.00561264 0.00259264 -0.000466981 -0.0034509 -0.00615776 -0.00850135 -0.0104509 -0.0119588 -0.0130097 -0.0135784 -0.0137341 -0.0135852 -0.0131317 -0.0124375 -0.0116362 -0.0107689 -0.00986291 -0.008971 -0.00813027 -0.00736549 -0.0066642 -0.00603911 -0.00553569 -0.00511067 -0.00472025 -0.00441629 -0.00419343 -0.0039914 -0.00382917 -0.00372674 -0.00365806 
0 0.000299662 0.000624933 0.000954904 0.00131876 0.00173251 0.00216428 0.00267031 0.00329117 0.00396558 0.00473492 0.00566161 0.00667481 0.00779215 0.0090613 0.0103801 0.0117301 0.013112 0.0143731 0.0154553 0.0162995 0.0167306 0.0167004 0.0161187 0.0148495 0.0129445 0.0103836 0.00716444 0.0034539 -0.000650407 -0.00494756 -0.00921222 -0.013331 -0.0170387 -0.020156 -0.0225887 -0.0242154 -0.025092 -0.0251986 -0.0245599 -0.0233312 -0.0215988 -0.0195838 -0.0174096 -0.0151536 -0.0129532 -0.0108242 -0.00889846 -0.00721486 -0.00578567 -0.00464507 -0.00369775 -0.00296253 -0.00236187 -0.00188495 -0.00152973 -0.00123984 -0.00105757 -0.000908158 -0.0008261 -0.000767501 -0.000727416 -0.000716066 -0.00068896 -0.000694993 -0.00067458 -0.000680706 -0.00066922 -0.000667638 -0.000666503 -0.000656257 -0.000663429 -0.000647709 -0.000658811 -0.000642258 -0.000652666 -0.000639308 -0.000645664 -0.000637882 -0.000638635 -0.00063705 -0.000632246 -0.000636172 -0.000626877 -0.000634938 -0.000622636 -0.000633305 -0.000619446 -0.000631394 -0.000617137 -0.000629394 -0.000615516 -0.000627498 -0.000614409 -0.000625869 -0.000613685 -0.000624627 -0.000613248 -0.000623853 -0.000613043 -0.00062359 -0.000613043 -0.000623853 -0.000613248 -0.000624627 -0.000613685 -0.000625869 -0.000614409 -0.000627498 -0.000615516 -0.000629394 -0.000617137 -0.000631394 -0.000619446 -0.000633305 -0.000622636 -0.000634938 -0.000626877 -0.000636172 -0.000632246 -0.00063705 -0.000638635 -0.000637882 -0.000645664 -0.000639308 -0.000652665 -0.000642257 -0.00065881 -0.000647705 -0.000663419 -0.000656227 -0.00066642 -0.000667412 -0.000668634 -0.000679248 -0.000671106 -0.000687069 -0.000671674 -0.000680031 -0.000655682 -0.000631236 -0.00057922 -0.000481628 -0.000354616 -0.000133409 0.000137236 0.00052801 0.00101188 0.00162428 0.00240911 0.00336406 0.00459267 0.00606558 0.00782948 0.00983506 0.0119958 0.0142901 0.0165805 0.018842 0.0209362 0.0226909 0.0239862 0.0246117 0.0245346 0.023691 0.0220208 0.0195851 0.0163788 0.0125803 0.00838884 0.00392906 -0.000544141 -0.00487614 -0.00888227 -0.0123472 -0.015252 -0.017505 -0.019052 -0.019983 -0.0202944 -0.0200838 -0.0194982 -0.0185577 -0.0174032 -0.0161616 -0.0148303 -0.0135247 -0.0123104 -0.0111431 -0.0101033 -0.00921726 -0.00841262 -0.00773994 -0.00720397 -0.00671638 -0.00632932 -0.0060713 -0.00582942 -0.00562527 -0.00554449 
0 0.000422872 0.000879057 0.00131876 0.00178713 0.00236751 0.00301422 0.00370088 0.00449728 0.00543304 0.0064985 0.00770194 0.00906514 0.0105905 0.0122145 0.0139074 0.0156823 0.0174154 0.0189772 0.0203385 0.0213439 0.0218117 0.0216621 0.0207714 0.0190725 0.0165361 0.0131154 0.00893854 0.00414056 -0.00116198 -0.00669856 -0.0122438 -0.0175372 -0.02229 -0.026351 -0.0295144 -0.0316778 -0.0328439 -0.032983 -0.0322273 -0.030684 -0.028509 -0.0259399 -0.0230973 -0.0201793 -0.0172897 -0.0145199 -0.0120074 -0.00976435 -0.00787789 -0.00631238 -0.00503627 -0.0040318 -0.00320555 -0.00257951 -0.00207571 -0.00170507 -0.00143961 -0.00124063 -0.00112871 -0.0010329 -0.000994716 -0.000954147 -0.000937213 -0.000925364 -0.000907689 -0.000910306 -0.000889334 -0.000896882 -0.000877583 -0.000883089 -0.000870564 -0.000870026 -0.000866483 -0.000859063 -0.000863631 -0.000850905 -0.000860781 -0.000845496 -0.000857336 -0.000842278 -0.000853215 -0.000840511 -0.000848644 -0.00083952 -0.000843962 -0.000838817 -0.000839485 -0.000838131 -0.000835454 -0.000837368 -0.000832018 -0.000836551 -0.000829253 -0.000835765 -0.000827186 -0.000835113 -0.000825816 -0.000834683 -0.000825135 -0.000834532 -0.000825135 -0.000834683 -0.000825816 -0.000835113 -0.000827186 -0.000835765 -0.000829253 -0.000836551 -0.000832018 -0.000837368 -0.000835454 -0.000838131 -0.000839485 -0.000838817 -0.000843962 -0.00083952 -0.000848644 -0.000840511 -0.000853215 -0.000842278 -0.000857336 -0.000845496 -0.000860781 -0.000850905 -0.00086363 -0.000859063 -0.00086648 -0.000870019 -0.000870543 -0.00088303 -0.000877423 -0.000896459 -0.000888265 -0.000907716 -0.000901675 -0.000911994 -0.000908777 -0.00089632 -0.000882355 -0.000824387 -0.000759242 -0.000615366 -0.000428156 -0.000138464 0.000254177 0.000761325 0.00143785 0.00226194 0.0033309 0.00464401 0.00627655 0.00825971 0.0105589 0.0131863 0.0160133 0.0189953 0.0220123 0.0249162 0.0275933 0.0297972 0.0313853 0.0321765 0.0320194 0.0308804 0.028671 0.0254647 0.0213655 0.0164851 0.0110779 0.0053411 -0.000448326 -0.0060047 -0.0111788 -0.0157443 -0.0195432 -0.0225186 -0.0246154 -0.0259119 -0.026459 -0.0262911 -0.0256056 -0.0245297 -0.0231168 -0.0215165 -0.0198453 -0.0181736 -0.0165667 -0.0150569 -0.0137037 -0.0125152 -0.0114317 -0.0105021 -0.00976945 -0.0091401 -0.00859289 -0.00818962 -0.00789371 -0.00765332 -0.00747982 
0 0.000535501 0.00111983 0.00173251 0.00236751 0.00308145 0.00389942 0.00480273 0.00583544 0.00705124 0.00840464 0.00989281 0.0116 0.0134776 0.0154344 0.0175114 0.0196413 0.0216438 0.0234562 0.024973 0.026013 0.0264457 0.0260944 0.0248635 0.0227242 0.0195311 0.0153153 0.0102505 0.00443005 -0.00192244 -0.00856641 -0.0152316 -0.0215193 -0.0272135 -0.0320967 -0.0359275 -0.0386256 -0.0400665 -0.0403086 -0.0394946 -0.0377096 -0.035202 -0.0321253 -0.0286988 -0.0251631 -0.0216205 -0.0182766 -0.0151842 -0.0124297 -0.0100823 -0.00808686 -0.00648915 -0.00517827 -0.00414298 -0.00333331 -0.00268194 -0.00221721 -0.00184245 -0.00160236 -0.00142222 -0.00130679 -0.00124338 -0.0011842 -0.00117506 -0.00114027 -0.00114582 -0.00112684 -0.00112729 -0.00112257 -0.00111188 -0.00111845 -0.0010988 -0.00111111 -0.00108825 -0.0011002 -0.00108 -0.00108693 -0.00107339 -0.00107301 -0.0010677 -0.00105996 -0.0010624 -0.00104873 -0.00105727 -0.00103973 -0.00105226 -0.00103292 -0.0010475 -0.00102801 -0.00104315 -0.00102461 -0.00103936 -0.00102234 -0.00103624 -0.00102088 -0.00103386 -0.00101999 -0.00103226 -0.00101951 -0.00103145 -0.00101936 -0.00103145 -0.00101951 -0.00103226 -0.00101999 -0.00103386 -0.00102088 -0.00103624 -0.00102234 -0.00103936 -0.00102461 -0.00104315 -0.00102801 -0.0010475 -0.00103292 -0.00105226 -0.00103973 -0.00105727 -0.00104873 -0.0010624 -0.00105996 -0.0010677 -0.00107301 -0.00107339 -0.00108693 -0.00108 -0.0011002 -0.00108824 -0.0011111 -0.00109876 -0.00111833 -0.00111158 -0.0011218 -0.00112541 -0.0011224 -0.00113579 -0.00111857 -0.00113013 -0.00109522 -0.00107492 -0.001002 -0.000895048 -0.000730174 -0.000460149 -0.00011368 0.000402249 0.00104321 0.00189911 0.00297993 0.00433064 0.00604306 0.00809515 0.0105788 0.0134218 0.0166074 0.020075 0.0236722 0.027332 0.030809 0.0339377 0.0365157 0.0383024 0.03919 0.0389486 0.0374873 0.0347947 0.030883 0.0259618 0.0201475 0.0136467 0.00680002 -0.000127305 -0.00679088 -0.0129727 -0.0185246 -0.0231761 -0.0268464 -0.0295487 -0.0312708 -0.0321055 -0.0321096 -0.0314126 -0.0302485 -0.0286877 -0.0268279 -0.0248861 -0.0229269 -0.0209754 -0.0191414 -0.0174644 -0.0159485 -0.0146199 -0.0134677 -0.0124853 -0.0116781 -0.0110099 -0.0104563 -0.0100326 -0.00972947 -0.00951852 
0 0.000702989 0.00139679 0.00216428 0.00301422 0.00389942 0.00488362 0.0060385 0.00734337 0.00879761 0.0104381 0.0122771 0.0143014 0.0164763 0.0187795 0.0211686 0.0235252 0.0257453 0.0277211 0.0292771 0.0302732 0.0305469 0.0299122 0.0283053 0.0256314 0.0217969 0.0168876 0.0110036 0.00431275 -0.00293773 -0.010535 -0.0180986 -0.0252593 -0.031775 -0.0373477 -0.0417987 -0.0449507 -0.0466743 -0.0470768 -0.0462338 -0.0443282 -0.0415624 -0.0380843 -0.0341993 -0.0300989 -0.0260106 -0.0221203 -0.0184839 -0.0152493 -0.0124049 -0.0100004 -0.00802721 -0.00640494 -0.00514503 -0.00412224 -0.00334906 -0.00275182 -0.0022997 -0.00199444 -0.00175327 -0.00162227 -0.00150981 -0.00145768 -0.00141621 -0.00138638 -0.00138048 -0.00135229 -0.00136069 -0.00133375 -0.00134289 -0.00132287 -0.00132484 -0.00131578 -0.0013078 -0.00130984 -0.00129325 -0.00130344 -0.00128189 -0.00129593 -0.00127363 -0.00128741 -0.00126784 -0.00127842 -0.00126376 -0.00126957 -0.00126072 -0.00126137 -0.00125824 -0.00125418 -0.00125607 -0.00124816 -0.00125413 -0.00124335 -0.00125243 -0.00123972 -0.00125105 -0.0012372 -0.00125007 -0.00123572 -0.00124956 -0.00123523 -0.00124956 -0.00123572 -0.00125007 -0.0012372 -0.00125105 -0.00123972 -0.00125243 -0.00124335 -0.00125413 -0.00124816 -0.00125607 -0.00125418 -0.00125824 -0.00126137 -0.00126072 -0.00126957 -0.00126376 -0.00127842 -0.00126784 -0.00128741 -0.00127363 -0.00129593 -0.00128189 -0.00130344 -0.00129324 -0.00130984 -0.00130779 -0.00131575 -0.00132477 -0.00132267 -0.00134235 -0.0013324 -0.00135747 -0.00134489 -0.00136423 -0.00135214 -0.00134722 -0.00132469 -0.00126463 -0.00119 -0.00102392 -0.000815394 -0.000469768 -1.67526e-05 0.000603462 0.00142695 0.0024614 0.00381824 0.00548302 0.00757201 0.010078 0.0130132 0.0163873 0.0200928 0.0241238 0.0283054 0.0324899 0.0364702 0.0399542 0.0427865 0.0447131 0.0455707 0.0451966 0.0434041 0.0402353 0.0357396 0.0300807 0.0234807 0.0161087 0.00832745 0.000481106 -0.00714246 -0.0142333 -0.020613 -0.0260673 -0.0304301 -0.03372 -0.0359278 -0.0371004 -0.0373707 -0.0368384 -0.0356764 -0.0340614 -0.0321005 -0.0299443 -0.0277239 -0.0255153 -0.0233981 -0.0214144 -0.0196056 -0.0180218 -0.0166321 -0.0154044 -0.0143813 -0.0135634 -0.0128877 -0.0123347 -0.0119305 -0.011676 
0 0.000889459 0.00174565 0.00267031 0.00370088 0.00480273 0.0060385 0.0074516 0.0089943 0.0107047 0.012667 0.0148375 0.0171465 0.0196167 0.0222211 0.0248226 0.0273271 0.0296704 0.0316844 0.033182 0.0340136 0.0340107 0.0330414 0.0309811 0.0277237 0.0233006 0.0177544 0.0111627 0.00375437 -0.00425715 -0.0125827 -0.02084 -0.0287278 -0.0358923 -0.0420554 -0.0470267 -0.0505626 -0.0526146 -0.0532044 -0.0524216 -0.050491 -0.047535 -0.0437986 -0.0395385 -0.0349807 -0.0304347 -0.0260248 -0.0219172 -0.0181956 -0.0148809 -0.0120673 -0.00968643 -0.00776682 -0.00622846 -0.00500472 -0.00407845 -0.00333663 -0.00281138 -0.00240309 -0.00212611 -0.00193798 -0.00179847 -0.00173251 -0.00165995 -0.00164384 -0.00160482 -0.00159764 -0.0015805 -0.00156611 -0.00156546 -0.00154242 -0.00155206 -0.00152555 -0.00153819 -0.00151457 -0.00152385 -0.00150781 -0.00150986 -0.00150335 -0.00149704 -0.00149959 -0.00148595 -0.0014956 -0.0014768 -0.00149101 -0.00146951 -0.00148589 -0.00146381 -0.00148054 -0.00145943 -0.00147536 -0.00145611 -0.00147068 -0.00145363 -0.00146679 -0.00145186 -0.0014639 -0.00145072 -0.00146211 -0.00145016 -0.00146151 -0.00145016 -0.00146211 -0.00145072 -0.0014639 -0.00145186 -0.00146679 -0.00145363 -0.00147068 -0.00145611 -0.00147536 -0.00145943 -0.00148054 -0.00146381 -0.00148589 -0.00146951 -0.00149101 -0.0014768 -0.0014956 -0.00148595 -0.00149959 -0.00149704 -0.00150335 -0.00150986 -0.00150781 -0.00152385 -0.00151457 -0.00153817 -0.0015255 -0.00155192 -0.00154205 -0.00156451 -0.0015638 -0.00157513 -0.00158563 -0.00157911 -0.00159114 -0.00155656 -0.00153848 -0.0014501 -0.00133931 -0.00114046 -0.000845584 -0.000442888 0.000142319 0.000879554 0.00188427 0.00314541 0.00476398 0.00679336 0.00925072 0.0122141 0.0156057 0.0194565 0.023677 0.0281816 0.0328713 0.0374796 0.0418172 0.0455782 0.0485332 0.0505107 0.0512577 0.0506568 0.0485588 0.0449471 0.0399612 0.0337068 0.0264384 0.0184147 0.00991982 0.0013423 -0.0070346 -0.0149042 -0.021979 -0.0281185 -0.0331685 -0.0370455 -0.0397673 -0.0413723 -0.0419941 -0.0417567 -0.0407507 -0.039179 -0.0372302 -0.0349846 -0.0325682 -0.0301539 -0.027823 -0.0255894 -0.0235107 -0.0216514 -0.0200048 -0.0185588 -0.0173296 -0.0163033 -0.015468 -0.0148299 -0.0143446 -0.0139753 
0 0.00104384 0.00214269 0.00329117 0.00449728 0.00583544 0.00734337 0.0089943 0.0108149 0.0128615 0.015118 0.0175453 0.0201349 0.0228675 0.0256741 0.0284324 0.0310275 0.0333651 0.0352862 0.036587 0.0371147 0.0367592 0.0353764 0.0328049 0.0290024 0.0240203 0.0178916 0.0107223 0.00271177 -0.00587676 -0.0147038 -0.0234754 -0.0318716 -0.039522 -0.0461592 -0.0515209 -0.0554296 -0.0578217 -0.0586502 -0.0580409 -0.0561383 -0.0531096 -0.0492201 -0.0446773 -0.039798 -0.0348413 -0.0299947 -0.0254551 -0.0212634 -0.017532 -0.0142837 -0.0115238 -0.00927608 -0.00743832 -0.00600937 -0.00487666 -0.00400624 -0.00335568 -0.00285187 -0.00251605 -0.00225367 -0.00210087 -0.00198599 -0.00191798 -0.0018815 -0.00184232 -0.00184012 -0.00180933 -0.00181607 -0.00179183 -0.00179412 -0.00177936 -0.00177176 -0.00176767 -0.00175026 -0.00175501 -0.00173122 -0.00174106 -0.00171545 -0.00172632 -0.00170301 -0.00171166 -0.00169345 -0.00169791 -0.00168614 -0.00168569 -0.00168046 -0.00167533 -0.00167596 -0.00166689 -0.00167234 -0.00166029 -0.00166942 -0.00165534 -0.00166715 -0.00165184 -0.00166551 -0.00164961 -0.00166452 -0.00164853 -0.00166419 -0.00164853 -0.00166452 -0.00164961 -0.00166551 -0.00165184 -0.00166715 -0.00165534 -0.00166942 -0.00166029 -0.00167234 -0.00166689 -0.00167596 -0.00167533 -0.00168046 -0.00168569 -0.00168614 -0.00169791 -0.00169345 -0.00171166 -0.00170301 -0.00172632 -0.00171545 -0.00174106 -0.00173122 -0.001755 -0.00175025 -0.00176763 -0.00177166 -0.0017791 -0.00179346 -0.0017902 -0.00181221 -0.00180057 -0.00182105 -0.00180258 -0.00180218 -0.00176647 -0.00170904 -0.0016163 -0.00144147 -0.00121007 -0.000832584 -0.000343496 0.000347031 0.0012478 0.00241735 0.00394298 0.00584403 0.00823968 0.0111083 0.0144951 0.0183661 0.022657 0.0273482 0.0322801 0.037339 0.0422734 0.04681 0.0507182 0.0537057 0.0556 0.0561833 0.0552928 0.0528841 0.0489184 0.0435098 0.0368072 0.0290263 0.0205072 0.0115349 0.00242137 -0.00650418 -0.0149427 -0.0225956 -0.0293002 -0.0349632 -0.0394555 -0.0427319 -0.044856 -0.0459343 -0.0460648 -0.0453504 -0.0439672 -0.0421101 -0.0399061 -0.0374598 -0.0349112 -0.0323933 -0.0299613 -0.0276466 -0.0255241 -0.0236348 -0.0219699 -0.0205339 -0.0193137 -0.018294 -0.0174999 -0.0169117 -0.0164844 
0 0.00126082 0.00258754 0.00396558 0.00543304 0.00705124 0.00879761 0.0107047 0.0128615 0.0152227 0.0177263 0.0204203 0.0232782 0.0261947 0.0291111 0.0319292 0.0345082 0.036729 0.0384225 0.0394073 0.0395605 0.0387529 0.0368446 0.0337393 0.0294105 0.0239046 0.0172942 0.00967408 0.00123899 -0.00770872 -0.0168694 -0.0259682 -0.0346844 -0.0426834 -0.0496418 -0.0553066 -0.0595454 -0.0622453 -0.0633722 -0.0629887 -0.0612014 -0.0582305 -0.0542883 -0.0496236 -0.0445353 -0.0392596 -0.0340628 -0.0291007 -0.024489 -0.0203338 -0.0166529 -0.0135195 -0.0109006 -0.00877591 -0.00709606 -0.00576138 -0.00474987 -0.00395635 -0.00337584 -0.00294443 -0.0026337 -0.0024322 -0.00227818 -0.00219995 -0.00212729 -0.00209844 -0.00206613 -0.00204796 -0.00203719 -0.00201623 -0.00201734 -0.00199324 -0.00199909 -0.00197602 -0.00198079 -0.00196297 -0.00196279 -0.00195256 -0.00194589 -0.00194351 -0.00193077 -0.00193496 -0.00191779 -0.00192651 -0.00190698 -0.00191816 -0.0018982 -0.00191011 -0.00189116 -0.00190266 -0.00188561 -0.00189608 -0.00188133 -0.00189061 -0.00187813 -0.0018864 -0.00187591 -0.00188354 -0.0018746 -0.0018821 -0.00187416 -0.0018821 -0.0018746 -0.00188354 -0.00187591 -0.0018864 -0.00187813 -0.00189061 -0.00188133 -0.00189608 -0.00188561 -0.00190266 -0.00189116 -0.00191011 -0.0018982 -0.00191816 -0.00190698 -0.00192651 -0.00191779 -0.00193496 -0.00193077 -0.00194351 -0.00194589 -0.00195256 -0.00196279 -0.00196296 -0.00198077 -0.00197596 -0.00199891 -0.00199278 -0.0020162 -0.0020135 -0.00203088 -0.002034 -0.00203654 -0.00203836 -0.00201047 -0.00198255 -0.00189085 -0.00177125 -0.00155213 -0.00124391 -0.000799488 -0.000180682 0.000627062 0.00171518 0.00309707 0.00488743 0.00712418 0.00986869 0.0131577 0.0169501 0.021253 0.025972 0.0310487 0.0363506 0.0416699 0.0467983 0.0514366 0.0553489 0.0582825 0.0599924 0.0603149 0.0591062 0.0563488 0.0520735 0.0463368 0.0393073 0.0312212 0.022395 0.0131449 0.00373057 -0.00554889 -0.0143707 -0.022471 -0.0296703 -0.0358485 -0.040905 -0.0447706 -0.0474618 -0.0490679 -0.0496727 -0.0493807 -0.0483497 -0.0467172 -0.0446364 -0.0422782 -0.0397261 -0.0370743 -0.034483 -0.032018 -0.0296865 -0.0275526 -0.0256564 -0.0239988 -0.0225903 -0.0214107 -0.020439 -0.0197088 -0.019235 
0 0.00154171 0.00310565 0.00473492 0.0064985 0.00840464 0.0104381 0.012667 0.015118 0.0177263 0.0205003 0.0234577 0.0265029 0.0295359 0.0324793 0.0352347 0.0376889 0.0396624 0.04099 0.041582 0.0412767 0.0399098 0.0374303 0.0337835 0.0289502 0.0229941 0.0159813 0.008044 -0.000610626 -0.00974161 -0.0190601 -0.0282948 -0.0371644 -0.0453299 -0.0524807 -0.0583858 -0.0628927 -0.0659039 -0.0673545 -0.0672447 -0.0656839 -0.0628587 -0.058991 -0.0543334 -0.0491347 -0.0436627 -0.0381702 -0.0328471 -0.0278564 -0.0232852 -0.0192107 -0.0156817 -0.0126986 -0.0102625 -0.00829956 -0.00675895 -0.00555964 -0.00463272 -0.00394033 -0.00341347 -0.00304514 -0.00277533 -0.00259787 -0.00247834 -0.00239578 -0.00235064 -0.00230719 -0.00229172 -0.00226402 -0.00225636 -0.00223811 -0.00222916 -0.00221923 -0.00220634 -0.0022035 -0.00218722 -0.00218912 -0.00217149 -0.00217532 -0.00215861 -0.0021619 -0.00214794 -0.00214902 -0.00213887 -0.00213698 -0.00213097 -0.00212608 -0.00212399 -0.00211652 -0.00211782 -0.00210845 -0.00211249 -0.00210189 -0.00210807 -0.00209685 -0.00210466 -0.00209328 -0.00210233 -0.00209116 -0.00210115 -0.00209046 -0.00210115 -0.00209116 -0.00210233 -0.00209328 -0.00210466 -0.00209685 -0.00210807 -0.00210189 -0.00211249 -0.00210845 -0.00211782 -0.00211652 -0.00212399 -0.00212608 -0.00213097 -0.00213698 -0.00213887 -0.00214902 -0.00214794 -0.0021619 -0.00215861 -0.00217532 -0.00217149 -0.00218912 -0.00218721 -0.00220345 -0.00220623 -0.00221893 -0.00222838 -0.0022362 -0.00225187 -0.00225393 -0.00226997 -0.00226225 -0.00226171 -0.00222726 -0.00217257 -0.0020665 -0.00189014 -0.00162927 -0.00123367 -0.000699174 4.17267e-05 0.00101029 0.00228065 0.00391827 0.00598804 0.00857264 0.0116899 0.01537 0.0195769 0.0242689 0.0293821 0.0347946 0.0403614 0.0458553 0.0510351 0.0556521 0.0594505 0.0621933 0.0636435 0.0636277 0.0620729 0.0589835 0.0544121 0.0484444 0.0412255 0.033002 0.0240735 0.0147128 0.00519266 -0.00421665 -0.0132505 -0.0216502 -0.0292356 -0.0358579 -0.0413989 -0.0458406 -0.0491561 -0.0513415 -0.0525088 -0.0527649 -0.0522036 -0.0509458 -0.049121 -0.0469177 -0.0444756 -0.0418414 -0.0391594 -0.036579 -0.0341006 -0.0317606 -0.0296526 -0.0277792 -0.0261466 -0.0248006 -0.0237183 -0.0228654 -0.0222557 
0 0.00182486 0.00370945 0.00566161 0.00770194 0.00989281 0.0122771 0.0148375 0.0175453 0.0204203 0.0234577 0.0265777 0.0297144 0.0327894 0.0356756 0.0382885 0.0404915 0.0420707 0.0429425 0.0430308 0.0421425 0.0401844 0.0371342 0.0329605 0.0276923 0.0213452 0.0140154 0.0059116 -0.0028168 -0.0119617 -0.021252 -0.0304562 -0.039279 -0.0474396 -0.0546811 -0.0607472 -0.0655001 -0.0688167 -0.0705968 -0.070832 -0.0695714 -0.0669921 -0.0633126 -0.058752 -0.0535638 -0.0479864 -0.0422804 -0.0366744 -0.0313379 -0.0264045 -0.0219512 -0.0180385 -0.0146953 -0.0119137 -0.00965973 -0.00786685 -0.00646221 -0.00537663 -0.00454567 -0.00392382 -0.00346737 -0.0031418 -0.00291928 -0.00276744 -0.002672 -0.00260704 -0.00256732 -0.00253891 -0.00251773 -0.00250291 -0.00248585 -0.00247582 -0.00245947 -0.00245085 -0.00243567 -0.00242692 -0.0024141 -0.00240451 -0.00239481 -0.00238427 -0.00237779 -0.00236661 -0.00236294 -0.00235165 -0.00235011 -0.00233928 -0.00233916 -0.00232924 -0.00232994 -0.00232123 -0.00232233 -0.00231497 -0.00231624 -0.00231021 -0.00231158 -0.00230678 -0.0023083 -0.00230455 -0.00230634 -0.00230346 -0.00230569 -0.00230346 -0.00230634 -0.00230455 -0.0023083 -0.00230678 -0.00231158 -0.00231021 -0.00231624 -0.00231497 -0.00232233 -0.00232123 -0.00232994 -0.00232924 -0.00233916 -0.00233928 -0.00235011 -0.00235165 -0.00236294 -0.00236661 -0.00237779 -0.00238427 -0.00239481 -0.00240451 -0.00241409 -0.0024269 -0.00243559 -0.00245065 -0.00245894 -0.0024745 -0.00248271 -0.00249572 -0.00250195 -0.00250573 -0.00250048 -0.00247806 -0.00243364 -0.00234549 -0.00220341 -0.00197633 -0.00164281 -0.00116903 -0.000518723 0.000348567 0.00149117 0.00297208 0.00486832 0.00725402 0.0101819 0.0136835 0.0177494 0.0223463 0.0274191 0.0328685 0.038564 0.0443032 0.049853 0.0549761 0.0594253 0.0629862 0.0654148 0.0665015 0.066118 0.0642022 0.0608087 0.0559954 0.0498608 0.0425916 0.0343823 0.0255014 0.0162053 0.00673487 -0.00261724 -0.0116582 -0.020204 -0.0280301 -0.0349976 -0.0409894 -0.045963 -0.0499136 -0.0527569 -0.0545409 -0.0554102 -0.0554112 -0.0546378 -0.0532398 -0.0513352 -0.0490805 -0.0465994 -0.043961 -0.041287 -0.0386912 -0.0362331 -0.0339617 -0.0318999 -0.0300792 -0.0285471 -0.0273003 -0.0263244 -0.0256325 
0 0.00216999 0.00438542 0.00667481 0.00906514 0.0116 0.0143014 0.0171465 0.0201349 0.0232782 0.0265029 0.0297144 0.03287 0.03588 0.038616 0.0409603 0.0427527 0.0438672 0.0442254 0.0436883 0.0421598 0.0396006 0.0359652 0.0313044 0.0256444 0.018985 0.0115036 0.00337088 -0.00528969 -0.0142753 -0.0234067 -0.0324219 -0.0410423 -0.0490882 -0.0562973 -0.0624559 -0.0674064 -0.0709726 -0.0730957 -0.0737072 -0.0728294 -0.0706189 -0.067225 -0.0628885 -0.0578146 -0.0522269 -0.0464055 -0.0405622 -0.0349343 -0.0296592 -0.0248395 -0.020563 -0.0168446 -0.0137244 -0.0111561 -0.00909789 -0.00747828 -0.00620964 -0.00524391 -0.00450132 -0.00395736 -0.00355757 -0.00327708 -0.00308706 -0.00295528 -0.0028752 -0.00281518 -0.00278167 -0.00275193 -0.00273374 -0.0027165 -0.00270191 -0.00269048 -0.00267655 -0.00266812 -0.00265482 -0.00264778 -0.0026357 -0.00262909 -0.00261863 -0.00261196 -0.00260326 -0.00259644 -0.0025894 -0.00258255 -0.00257697 -0.00257033 -0.00256598 -0.00255977 -0.00255647 -0.00255089 -0.00254848 -0.00254365 -0.00254207 -0.00253804 -0.00253724 -0.00253405 -0.00253402 -0.00253167 -0.00253241 -0.00253087 -0.00253241 -0.00253167 -0.00253402 -0.00253405 -0.00253724 -0.00253804 -0.00254207 -0.00254365 -0.00254848 -0.00255089 -0.00255647 -0.00255977 -0.00256598 -0.00257033 -0.00257697 -0.00258255 -0.0025894 -0.00259644 -0.00260326 -0.00261196 -0.00261863 -0.00262909 -0.0026357 -0.00264777 -0.00265477 -0.00266798 -0.00267619 -0.00268958 -0.00269973 -0.00271143 -0.00272244 -0.00272776 -0.0027321 -0.00271774 -0.00269175 -0.00262442 -0.00251519 -0.00232894 -0.00204721 -0.00163983 -0.00106419 -0.000295914 0.000736245 0.00207094 0.00380113 0.00599112 0.00870824 0.0120069 0.0158749 0.0203206 0.0252715 0.0306709 0.0364009 0.042274 0.0480973 0.0535922 0.0585509 0.0627437 0.0659444 0.0679744 0.0686222 0.0678245 0.0655606 0.0618582 0.0568436 0.0506134 0.0433776 0.035341 0.0266599 0.0175945 0.0083641 -0.000799777 -0.00969286 -0.0182207 -0.0261777 -0.0333781 -0.0397564 -0.0452168 -0.0497197 -0.0532362 -0.0557205 -0.0572499 -0.0579012 -0.0577306 -0.0568727 -0.0554196 -0.0534678 -0.0512035 -0.048737 -0.0461175 -0.0434774 -0.0409431 -0.0385525 -0.0363452 -0.034387 -0.0326928 -0.0312582 -0.0301498 -0.0294144 
0 0.00256522 0.00512859 0.00779215 0.0105905 0.0134776 0.0164763 0.0196167 0.0228675 0.0261947 0.0295359 0.0327894 0.03588 0.0387278 0.0411881 0.043105 0.044395 0.0449877 0.0447296 0.0435135 0.0413385 0.0381639 0.0339877 0.0288813 0.0228659 0.0160362 0.00854252 0.00049135 -0.00795018 -0.0166581 -0.025484 -0.0341484 -0.0424751 -0.0502869 -0.0573705 -0.0635683 -0.0686372 -0.072439 -0.0748963 -0.0759003 -0.0754941 -0.0737176 -0.0707148 -0.0666991 -0.0618198 -0.0563421 -0.050479 -0.0444891 -0.0386305 -0.0330429 -0.0279033 -0.0232586 -0.0191838 -0.0157108 -0.0128061 -0.010471 -0.00859392 -0.0071381 -0.00600432 -0.00513529 -0.00449186 -0.00400237 -0.00366973 -0.00342009 -0.00326502 -0.00315248 -0.00308132 -0.00303644 -0.0029969 -0.00298067 -0.00295177 -0.00294528 -0.00292196 -0.00291662 -0.00289894 -0.00289113 -0.00287943 -0.00286822 -0.00286187 -0.00284782 -0.00284553 -0.0028299 -0.00283014 -0.00281431 -0.00281574 -0.00280086 -0.00280254 -0.00278936 -0.00279075 -0.00277967 -0.00278056 -0.00277169 -0.00277213 -0.00276535 -0.00276552 -0.00276061 -0.00276079 -0.00275746 -0.00275795 -0.00275589 -0.002757 -0.00275589 -0.00275795 -0.00275746 -0.00276079 -0.00276061 -0.00276552 -0.00276535 -0.00277213 -0.00277169 -0.00278056 -0.00277967 -0.00279075 -0.00278936 -0.00280254 -0.00280086 -0.00281574 -0.00281431 -0.00283014 -0.0028299 -0.00284553 -0.00284782 -0.00286187 -0.00286821 -0.0028794 -0.00289105 -0.00289871 -0.00291601 -0.00292047 -0.00294176 -0.00294379 -0.00296329 -0.00296061 -0.0029638 -0.00294198 -0.00289637 -0.00281392 -0.00265811 -0.00243385 -0.00207357 -0.00158671 -0.000896025 1.54395e-05 0.00121752 0.00278562 0.00477129 0.00728783 0.0103449 0.0140103 0.0182508 0.0230375 0.0283305 0.0339963 0.0399387 0.0459121 0.0517008 0.0570632 0.0617439 0.0655839 0.0683364 0.069857 0.070028 0.0687749 0.0661627 0.0621981 0.0570086 0.0507754 0.0436559 0.0358756 0.0275485 0.0188435 0.0100051 0.00117339 -0.00748145 -0.0158329 -0.0237734 -0.0311169 -0.0377729 -0.0436567 -0.048657 -0.0527788 -0.0559992 -0.0582608 -0.0596135 -0.0601414 -0.0599152 -0.0590097 -0.0575197 -0.0555927 -0.053371 -0.0509485 -0.0484159 -0.0458687 -0.0434045 -0.0411092 -0.039028 -0.037205 -0.0356932 -0.0344996 -0.0336239 
0 0.00297055 0.00597483 0.0090613 0.0122145 0.0154344 0.0187795 0.0222211 0.0256741 0.0291111 0.0324793 0.0356756 0.038616 0.0411881 0.0432396 0.044664 0.0453982 0.0453432 0.0443838 0.0424816 0.0396543 0.0359134 0.0312752 0.0257745 0.0195166 0.0126384 0.00521338 -0.00263605 -0.0107639 -0.0190843 -0.0274314 -0.0356387 -0.0435708 -0.0510489 -0.0579604 -0.0641087 -0.0692588 -0.0732903 -0.0760525 -0.0774924 -0.0775813 -0.0762931 -0.0737706 -0.0701238 -0.0655481 -0.0602629 -0.0544541 -0.0484284 -0.0423885 -0.0365682 -0.0311278 -0.0261396 -0.0217254 -0.0178733 -0.0146392 -0.0119775 -0.00983076 -0.00815482 -0.00682603 -0.00582927 -0.00505345 -0.00449027 -0.00407858 -0.00378236 -0.00359379 -0.00344756 -0.00337366 -0.0033018 -0.00327219 -0.0032352 -0.00321486 -0.00319593 -0.00317281 -0.00316463 -0.00313783 -0.00313571 -0.00310826 -0.00310832 -0.00308361 -0.00308286 -0.00306327 -0.00305993 -0.0030465 -0.00303989 -0.00303254 -0.00302284 -0.00302082 -0.0030087 -0.00301093 -0.00299723 -0.00300267 -0.00298816 -0.00299591 -0.00298123 -0.00299063 -0.00297623 -0.00298684 -0.00297297 -0.00298455 -0.00297137 -0.00298378 -0.00297137 -0.00298455 -0.00297297 -0.00298684 -0.00297623 -0.00299063 -0.00298123 -0.00299591 -0.00298816 -0.00300267 -0.00299723 -0.00301093 -0.0030087 -0.00302082 -0.00302284 -0.00303254 -0.00303989 -0.0030465 -0.00305993 -0.00306327 -0.00308286 -0.0030836 -0.00310829 -0.0031082 -0.00313556 -0.00313743 -0.00316362 -0.0031704 -0.00319037 -0.00320253 -0.00320899 -0.00321876 -0.00319736 -0.00317802 -0.00309631 -0.00298909 -0.00278322 -0.00249142 -0.00206018 -0.00145506 -0.00065468 0.000432842 0.00181939 0.00363493 0.00591048 0.00874139 0.012166 0.016171 0.020779 0.025888 0.0314725 0.0373792 0.0434374 0.0494432 0.0551007 0.0602254 0.0645594 0.0679239 0.0701573 0.0710912 0.0707232 0.0690226 0.0660442 0.0618739 0.0565889 0.0504151 0.0435166 0.0360403 0.0281448 0.0199267 0.0115631 0.00318602 -0.00511636 -0.0131875 -0.0209397 -0.028298 -0.0351366 -0.0413453 -0.0468167 -0.0515035 -0.0553913 -0.0584035 -0.0605057 -0.0617647 -0.0622454 -0.0619931 -0.061102 -0.0596841 -0.0578256 -0.0556613 -0.0533418 -0.0509238 -0.0484855 -0.0461749 -0.0440512 -0.0421467 -0.0405594 -0.0393007 -0.0383453 
0 0.00343965 0.00689811 0.0103801 0.0139074 0.0175114 0.0211686 0.0248226 0.0284324 0.0319292 0.0352347 0.0382885 0.0409603 0.043105 0.044664 0.0455501 0.0456346 0.0448629 0.0432002 0.0406231 0.0371823 0.0329229 0.0278599 0.0220749 0.0157103 0.00887585 0.00164361 -0.00589527 -0.0136314 -0.0214429 -0.0292314 -0.0369198 -0.0443751 -0.0514834 -0.058135 -0.0641414 -0.0693346 -0.073535 -0.0766081 -0.0784969 -0.0790923 -0.0783759 -0.0763803 -0.0731905 -0.0690054 -0.0639729 -0.0583311 -0.0523231 -0.0461804 -0.0401784 -0.0344544 -0.0291752 -0.0244118 -0.0202137 -0.0166411 -0.0136417 -0.0112269 -0.00928773 -0.00777337 -0.0066047 -0.00569719 -0.00503555 -0.00452459 -0.00418097 -0.00392292 -0.00375874 -0.00364635 -0.00356626 -0.00352552 -0.00347769 -0.00346575 -0.0034304 -0.00342585 -0.0033989 -0.00339215 -0.00337393 -0.00336152 -0.00335196 -0.00333382 -0.0033315 -0.00330933 -0.003312 -0.00328813 -0.00329343 -0.00327007 -0.00327607 -0.00325487 -0.00326027 -0.00324222 -0.00324636 -0.00323185 -0.00323458 -0.00322357 -0.00322509 -0.00321723 -0.00321795 -0.00321274 -0.0032132 -0.00321007 -0.00321082 -0.00320918 -0.00321082 -0.00321007 -0.0032132 -0.00321274 -0.00321795 -0.00321723 -0.00322509 -0.00322357 -0.00323458 -0.00323185 -0.00324636 -0.00324222 -0.00326027 -0.00325487 -0.00327607 -0.00327007 -0.00329343 -0.00328813 -0.003312 -0.00330933 -0.0033315 -0.00333381 -0.00335192 -0.00336142 -0.00337367 -0.00339148 -0.00339727 -0.00342202 -0.00342177 -0.00344708 -0.00343892 -0.0034483 -0.00341881 -0.00337646 -0.00328505 -0.00312523 -0.00289035 -0.00251417 -0.00201153 -0.00128825 -0.000347164 0.000909522 0.00253382 0.00460014 0.00720903 0.010372 0.0141645 0.0185308 0.023465 0.0288949 0.0347049 0.0407826 0.0468763 0.052785 0.0582379 0.0630094 0.0669212 0.0697503 0.0713893 0.0717376 0.070801 0.0686547 0.0653332 0.060958 0.0556541 0.0495904 0.0429571 0.0358607 0.0284364 0.0208004 0.0130191 0.00517297 -0.00265842 -0.0103667 -0.0178574 -0.0250939 -0.0319975 -0.0384261 -0.0442704 -0.0494688 -0.0539472 -0.0576442 -0.060533 -0.0625834 -0.0638132 -0.0642986 -0.0641013 -0.0632904 -0.0619543 -0.0601967 -0.0581694 -0.0559929 -0.0537342 -0.0515096 -0.0494254 -0.0475198 -0.045865 -0.0445544 -0.0436255 
0 0.00391004 0.00781673 0.0117301 0.0156823 0.0196413 0.0235252 0.0273271 0.0310275 0.0345082 0.0376889 0.0404915 0.0427527 0.044395 0.0453982 0.0456346 0.0450115 0.0435301 0.041181 0.0379893 0.0339982 0.0292515 0.0238584 0.0179241 0.0115518 0.00486869 -0.00207241 -0.00921891 -0.0164517 -0.0236857 -0.0308761 -0.0379801 -0.0449315 -0.0516222 -0.0579381 -0.0637608 -0.0689292 -0.0732705 -0.0766535 -0.0789593 -0.0800849 -0.0799535 -0.0785249 -0.0758745 -0.0721275 -0.0674491 -0.0620529 -0.0561444 -0.0499974 -0.0438499 -0.0379103 -0.032353 -0.0272599 -0.0227348 -0.0187982 -0.0154757 -0.0127478 -0.0105413 -0.00881353 -0.00745001 -0.00641386 -0.00561896 -0.00502844 -0.00460429 -0.0042922 -0.00409281 -0.00394047 -0.00385641 -0.00378514 -0.00374701 -0.00371378 -0.00368771 -0.00367273 -0.00364715 -0.00364128 -0.00361491 -0.00361286 -0.00358779 -0.00358588 -0.00356448 -0.00356038 -0.00354416 -0.00353678 -0.00352622 -0.0035155 -0.00351029 -0.00349684 -0.00349621 -0.00348092 -0.00348392 -0.00346772 -0.0034735 -0.00345715 -0.00346503 -0.0034491 -0.00345859 -0.00344345 -0.00345426 -0.0034401 -0.00345208 -0.00343898 -0.00345208 -0.0034401 -0.00345426 -0.00344345 -0.00345859 -0.0034491 -0.00346503 -0.00345715 -0.0034735 -0.00346772 -0.00348392 -0.00348092 -0.00349621 -0.00349684 -0.00351029 -0.0035155 -0.00352622 -0.00353678 -0.00354416 -0.00356038 -0.00356447 -0.00358586 -0.00358772 -0.00361269 -0.00361447 -0.0036402 -0.00364455 -0.00366678 -0.0036746 -0.00368603 -0.0036907 -0.00367553 -0.00365183 -0.00357434 -0.00346416 -0.00325567 -0.00296034 -0.00251409 -0.00189809 -0.00106454 5.34608e-05 0.00149637 0.00337525 0.00573227 0.00866435 0.0121924 0.0163257 0.0210504 0.0262884 0.0319866 0.037992 0.0441412 0.0502026 0.0559166 0.0610684 0.0654259 0.0688158 0.0710691 0.0720708 0.0718126 0.0703322 0.0677253 0.0640906 0.059545 0.0542555 0.0483786 0.042044 0.0353729 0.0284767 0.0214421 0.0143064 0.00706787 -0.000223667 -0.00747581 -0.0146461 -0.0216814 -0.0285007 -0.0350252 -0.0411377 -0.0467386 -0.0517439 -0.0560651 -0.0596853 -0.062557 -0.0645947 -0.0658541 -0.0664154 -0.0662938 -0.0655895 -0.0644189 -0.0628468 -0.0610083 -0.0590498 -0.0570381 -0.0550604 -0.053243 -0.0516695 -0.0503887 -0.0494494 
0 0.00434857 0.00874118 0.013112 0.0174154 0.0216438 0.0257453 0.0296704 0.0333651 0.036729 0.0396624 0.0420707 0.0438672 0.0449877 0.0453432 0.0448629 0.0435301 0.041339 0.0383457 0.0346076 0.0301259 0.0250183 0.0194432 0.0134632 0.00719078 0.0007303 -0.00587288 -0.0125278 -0.0191838 -0.0258006 -0.0323384 -0.038835 -0.0452454 -0.0514691 -0.057437 -0.0630328 -0.0681429 -0.0726125 -0.0762609 -0.0789677 -0.0805953 -0.0810292 -0.0802066 -0.0781256 -0.0748918 -0.0706486 -0.065572 -0.0598755 -0.0537928 -0.0475826 -0.0414789 -0.0356649 -0.0302796 -0.0254133 -0.0211286 -0.0174613 -0.0144011 -0.0119168 -0.00993563 -0.00838252 -0.00718295 -0.00626243 -0.00557699 -0.00506657 -0.0047058 -0.00444981 -0.00427596 -0.00416023 -0.00407773 -0.00402714 -0.00398207 -0.00395649 -0.00392589 -0.00390787 -0.00388471 -0.00386792 -0.00385068 -0.00383331 -0.0038214 -0.00380344 -0.0037959 -0.00377801 -0.00377362 -0.00375665 -0.00375417 -0.00373885 -0.0037373 -0.00372411 -0.00372283 -0.00371202 -0.00371069 -0.00370226 -0.0037008 -0.00369462 -0.00369314 -0.00368896 -0.00368769 -0.00368521 -0.00368442 -0.00368335 -0.00368333 -0.00368335 -0.00368442 -0.00368521 -0.00368769 -0.00368896 -0.00369314 -0.00369462 -0.0037008 -0.00370226 -0.00371069 -0.00371202 -0.00372283 -0.00372411 -0.0037373 -0.00373885 -0.00375417 -0.00375665 -0.00377362 -0.00377801 -0.0037959 -0.00380342 -0.00382136 -0.00383321 -0.0038504 -0.0038672 -0.00388298 -0.00390382 -0.0039168 -0.00393691 -0.00394158 -0.0039468 -0.0039248 -0.00388107 -0.00378711 -0.00362802 -0.00337785 -0.00299956 -0.00246887 -0.00173086 -0.000750035 0.000545974 0.00222213 0.00435969 0.00703576 0.010298 0.0141771 0.0186543 0.0236912 0.0292181 0.0351264 0.0412652 0.0474221 0.0533519 0.058813 0.0635772 0.0674546 0.0702693 0.0718813 0.0722403 0.0713624 0.069347 0.0663094 0.0623703 0.0577105 0.0524833 0.0468325 0.0408639 0.0346454 0.0283007 0.0218761 0.0153607 0.00876743 0.00208008 -0.00465869 -0.0114095 -0.0181562 -0.0247929 -0.0312678 -0.0375412 -0.043454 -0.0488909 -0.0537832 -0.05805 -0.0616474 -0.0645094 -0.0666002 -0.0679666 -0.0686384 -0.068675 -0.0681821 -0.0672182 -0.0658781 -0.0643162 -0.0626355 -0.0609324 -0.05933 -0.0579046 -0.0567142 -0.0558299 
