0 0 0 0 0 0 0 0 0 0 0 0 0 0 0 0 0 0 0 0 0 0 0 0 0 0 0 0 0 0 0 0 0 0 0 0 0 0 0 0 0 0 0 0 0 0 0 0 0 0 0 0 0 0 0 0 0 0 0 0 0 0 0 0 0 0 0 0 0 0 0 0 0 0 0 0 0 0 0 0 0 0 0 0 0 0 0 0 0 0 0 0 0 0 0 0 0 0 0 0 0 0 0 0 0 0 0 0 0 0 0 0 0 0 0 0 0 0 0 0 0 0 0 0 0 0 0 0 0 0 0 0 0 0 0 0 0 0 0 0 0 0 0 0 0 0 0 0 0 0 0 0 0 0 0 0 0 0 0 0 0 0 0 0 0 0 0 0 0 0 0 0 0 0 0 0 0 0 0 0 0 0 0 0 0 0 0 0 0 0 0 0 0 0 0 0 0 0 0 0 
0 0.000846496 0.0017832 0.00266333 0.00338032 0.00402093 0.00459438 0.00498145 0.00515315 0.00513581 0.00488144 0.00434922 0.00355903 0.00254428 0.00134571 -2.01861e-05 -0.00154159 -0.00311145 -0.00460799 -0.00600791 -0.00727574 -0.0083215 -0.00909253 -0.00956955 -0.00976974 -0.0097368 -0.00946426 -0.0089532 -0.00826716 -0.00747213 -0.00663894 -0.00581659 -0.00500646 -0.00423038 -0.00351434 -0.00287581 -0.00234362 -0.00191046 -0.00156088 -0.00128454 -0.00105585 -0.000873249 -0.000730469 -0.00061875 -0.000542295 -0.000486433 -0.000449704 -0.000426345 -0.000406453 -0.000394799 -0.000381882 -0.000372082 -0.000364378 -0.000355645 -0.000352229 -0.000346768 -0.000345409 -0.000343909 -0.000342377 -0.000343052 -0.000340376 -0.000340488 -0.000336916 -0.000334653 -0.000330889 -0.000326158 -0.000322726 -0.000316755 -0.000313809 -0.000308196 -0.00030565 -0.000301578 -0.000299301 -0.000297201 -0.00029513 -0.000294771 -0.000292923 -0.000293709 -0.000292139 -0.000293399 -0.000292159 -0.000293352 -0.000292462 -0.000293253 -0.000292702 -0.000292956 -0.000292711 -0.000292439 -0.000292457 -0.000291755 -0.000291998 -0.000290996 -0.000291431 -0.000290256 -0.000290862 -0.000289623 -0.000290386 -0.000289164 -0.000290072 -0.000288923 -0.000289962 -0.000288923 -0.000290072 -0.000289164 -0.000290386 -0.000289623 -0.000290862 -0.000290256 -0.000291431 -0.000290996 -0.000291998 -0.000291755 -0.000292457 -0.000292439 -0.000292711 -0.000292956 -0.000292702 -0.000293253 -0.000292462 -0.000293352 -0.000292159 -0.000293399 -0.000292139 -0.000293709 -0.000292923 -0.000294771 -0.00029513 -0.000297201 -0.000299301 -0.000301578 -0.00030565 -0.000308196 -0.000313809 -0.000316755 -0.000322726 -0.000326158 -0.000330889 -0.000334653 -0.000336916 -0.000340488 -0.000340376 -0.000343051 -0.000342376 -0.000343904 -0.000345392 -0.000346717 -0.000352087 -0.000355268 -0.00036342 -0.000369767 -0.000376556 -0.000383158 -0.000382288 -0.000378755 -0.000360867 -0.00032934 -0.000279178 -0.000200998 -0.000100318 3.37925e-05 0.000198844 0.00039967 0.000657163 0.000981734 0.00140472 0.00193941 0.00257475 0.00329902 0.00407215 0.00487587 0.00571076 0.00654959 0.00735908 0.00806688 0.00859154 0.0089136 0.00901469 0.00885993 0.00841506 0.0076382 0.00656583 0.00529261 0.00384482 0.00223789 0.000547258 -0.00114211 -0.00274994 -0.00423423 -0.00558817 -0.00673406 -0.00760345 -0.00827702 -0.00881094 -0.00912745 -0.00924112 -0.00928398 -0.00927078 -0.00915832 -0.00903661 -0.00898945 
0 0.0017832 0.0035265 0.00516412 0.00665725 0.00797831 0.00904691 0.00977273 0.0101123 0.0100375 0.00950905 0.00848098 0.00693151 0.00491686 0.00252552 -0.000200309 -0.0031752 -0.00621306 -0.00915999 -0.0119295 -0.0144129 -0.0164831 -0.0180262 -0.018984 -0.0193969 -0.0193171 -0.0187579 -0.0177693 -0.0164443 -0.0149051 -0.0132839 -0.0116493 -0.0100365 -0.0084911 -0.0070534 -0.00578114 -0.00471274 -0.00384108 -0.00314949 -0.0025967 -0.00214753 -0.00178703 -0.00149401 -0.00126682 -0.00109718 -0.000972416 -0.000890139 -0.000833074 -0.00079754 -0.000775891 -0.000759437 -0.000750938 -0.000740956 -0.000733584 -0.000725508 -0.000715387 -0.00070742 -0.000695818 -0.000687315 -0.000677077 -0.000668379 -0.000661256 -0.00065335 -0.000649189 -0.000643006 -0.000640428 -0.00063628 -0.000633785 -0.000631258 -0.000627959 -0.000626208 -0.000621976 -0.000620144 -0.000615368 -0.000612889 -0.000608127 -0.000604825 -0.000600546 -0.000596566 -0.000593037 -0.000588698 -0.000585987 -0.000581643 -0.000579676 -0.000575621 -0.000574257 -0.000570683 -0.00056977 -0.000566767 -0.000566172 -0.000563752 -0.000563381 -0.000561501 -0.000561295 -0.000559887 -0.000559821 -0.000558808 -0.000558882 -0.00055819 -0.000558427 -0.000557988 -0.000558427 -0.00055819 -0.000558882 -0.000558808 -0.000559821 -0.000559887 -0.000561295 -0.000561501 -0.000563381 -0.000563752 -0.000566172 -0.000566767 -0.00056977 -0.000570683 -0.000574257 -0.000575621 -0.000579676 -0.000581643 -0.000585987 -0.000588698 -0.000593037 -0.000596566 -0.000600546 -0.000604825 -0.000608127 -0.000612889 -0.000615368 -0.000620144 -0.000621976 -0.000626208 -0.000627959 -0.000631258 -0.000633785 -0.00063628 -0.000640428 -0.000643006 -0.000649189 -0.00065335 -0.000661256 -0.000668379 -0.000677075 -0.00068731 -0.000695803 -0.000707375 -0.000715259 -0.000725156 -0.000732666 -0.000738674 -0.000745531 -0.000747239 -0.000749715 -0.00074415 -0.000729661 -0.000700056 -0.00064099 -0.000548916 -0.000405314 -0.000204801 5.89141e-05 0.000399368 0.000820624 0.00135332 0.00202985 0.0028827 0.00394305 0.00519465 0.00660519 0.00813217 0.00973099 0.0113881 0.0130578 0.0146427 0.0160198 0.0170522 0.0176654 0.0178324 0.0174921 0.0165808 0.0150717 0.0130023 0.0104865 0.00761435 0.00444181 0.00110662 -0.00220849 -0.00537619 -0.00831237 -0.0109486 -0.0132103 -0.0150279 -0.0164136 -0.0174276 -0.0180781 -0.0183956 -0.0185 -0.0184748 -0.0183371 -0.0181553 -0.0180136 
0 0.00266333 0.00516412 0.00753647 0.00977012 0.0116846 0.013167 0.0142039 0.0146963 0.0145304 0.0136886 0.0121435 0.00986587 0.00692129 0.00339515 -0.000614458 -0.00491727 -0.00932053 -0.0136587 -0.0177185 -0.021319 -0.0243271 -0.0265903 -0.0280407 -0.0287028 -0.0285964 -0.0277887 -0.0263804 -0.0244773 -0.022257 -0.0198811 -0.017451 -0.0150669 -0.0127853 -0.0106666 -0.00879296 -0.00718912 -0.00586849 -0.00480885 -0.00395071 -0.0032666 -0.00271387 -0.0022703 -0.00193201 -0.00167116 -0.00148698 -0.00135873 -0.00126863 -0.00121436 -0.00117212 -0.00114655 -0.00112639 -0.00110769 -0.00109627 -0.00107952 -0.00106925 -0.00105568 -0.00104337 -0.00103359 -0.00101987 -0.00101233 -0.00099968 -0.000992182 -0.000982532 -0.000973865 -0.000967445 -0.000957878 -0.000953486 -0.000944179 -0.000940186 -0.000932293 -0.000927523 -0.000921622 -0.000915703 -0.000911697 -0.000904937 -0.000902286 -0.000895338 -0.000893367 -0.000886897 -0.000885036 -0.000879532 -0.000877427 -0.000873131 -0.000870644 -0.000867591 -0.000864746 -0.000862831 -0.000859743 -0.000858798 -0.000855613 -0.00085546 -0.000852315 -0.000852799 -0.000849806 -0.000850808 -0.000848045 -0.000849482 -0.000847001 -0.00084882 -0.000846655 -0.00084882 -0.000847001 -0.000849482 -0.000848045 -0.000850808 -0.000849806 -0.000852799 -0.000852315 -0.00085546 -0.000855613 -0.000858798 -0.000859743 -0.000862831 -0.000864746 -0.000867591 -0.000870644 -0.000873131 -0.000877427 -0.000879532 -0.000885036 -0.000886897 -0.000893367 -0.000895338 -0.000902286 -0.000904937 -0.000911697 -0.000915703 -0.000921622 -0.000927523 -0.000932293 -0.000940186 -0.000944179 -0.000953486 -0.000957878 -0.000967445 -0.000973865 -0.000982532 -0.000992182 -0.000999679 -0.00101233 -0.00101987 -0.00103358 -0.00104334 -0.00105559 -0.00106898 -0.0010788 -0.00109444 -0.00110327 -0.00111619 -0.00112416 -0.00112532 -0.00112129 -0.00109265 -0.00104252 -0.000947012 -0.000794284 -0.000575373 -0.000264205 0.000135983 0.000650018 0.00129983 0.00211176 0.00314899 0.00444153 0.00601863 0.00787716 0.00995724 0.0122198 0.0146037 0.0170432 0.0194732 0.0217449 0.0236987 0.0251925 0.0260809 0.0262858 0.0257338 0.0243415 0.0221212 0.0191242 0.0154284 0.0111943 0.00657848 0.00174385 -0.00308815 -0.00774447 -0.0120868 -0.0159522 -0.0192705 -0.0220346 -0.0241745 -0.0256916 -0.0267254 -0.0273561 -0.0276038 -0.0275974 -0.0274924 -0.027327 -0.0271297 
0 0.00338032 0.00665725 0.00977012 0.0125939 0.0149707 0.0168338 0.0181205 0.0186859 0.0184067 0.0172282 0.0151395 0.0121787 0.00838092 0.00380677 -0.00133892 -0.00681848 -0.0124724 -0.0180612 -0.0232734 -0.0278875 -0.0317255 -0.0346484 -0.0365994 -0.0375223 -0.0374277 -0.0364403 -0.0346768 -0.0322906 -0.0294799 -0.0264012 -0.0232314 -0.0201161 -0.0171338 -0.0143858 -0.0119304 -0.00979828 -0.00802236 -0.00656202 -0.00538248 -0.00444295 -0.0036829 -0.00309046 -0.00262922 -0.00227903 -0.00203168 -0.00184871 -0.00172821 -0.00164335 -0.0015806 -0.00154105 -0.00150249 -0.00147828 -0.00145431 -0.00143376 -0.00142039 -0.00140197 -0.00139336 -0.00137861 -0.00136892 -0.00135818 -0.0013448 -0.00133632 -0.00132041 -0.00131167 -0.00129614 -0.00128554 -0.00127287 -0.00126044 -0.00125145 -0.00123847 -0.00123252 -0.00122065 -0.00121638 -0.00120687 -0.00120293 -0.0011963 -0.00119187 -0.00118794 -0.00118273 -0.00118088 -0.00117503 -0.00117453 -0.0011684 -0.00116857 -0.00116256 -0.00116293 -0.00115739 -0.00115767 -0.00115283 -0.00115292 -0.00114889 -0.00114884 -0.00114565 -0.00114553 -0.00114314 -0.0011431 -0.00114144 -0.00114162 -0.00114058 -0.00114113 -0.00114058 -0.00114162 -0.00114144 -0.0011431 -0.00114314 -0.00114553 -0.00114565 -0.00114884 -0.00114889 -0.00115292 -0.00115283 -0.00115767 -0.00115739 -0.00116293 -0.00116256 -0.00116857 -0.0011684 -0.00117453 -0.00117503 -0.00118088 -0.00118273 -0.00118794 -0.00119187 -0.0011963 -0.00120293 -0.00120687 -0.00121638 -0.00122065 -0.00123252 -0.00123847 -0.00125145 -0.00126044 -0.00127287 -0.00128554 -0.00129614 -0.00131167 -0.00132041 -0.00133632 -0.0013448 -0.00135818 -0.00136891 -0.00137859 -0.00139329 -0.00140177 -0.00141985 -0.00143237 -0.00145089 -0.00147028 -0.0014846 -0.00150295 -0.00150332 -0.00149409 -0.00145388 -0.00136888 -0.00123249 -0.00100967 -0.000701631 -0.000280496 0.000271328 0.000965041 0.00185608 0.00297436 0.00438127 0.00612881 0.00821613 0.0106511 0.0133807 0.0163384 0.0194674 0.0226403 0.0257312 0.0285887 0.0310194 0.0328797 0.0339974 0.034195 0.0333896 0.0315284 0.0286242 0.0247614 0.0200082 0.0145346 0.00861858 0.00246654 -0.00373869 -0.0097639 -0.0153948 -0.0204402 -0.0247853 -0.0284306 -0.0313447 -0.0334866 -0.0349782 -0.0359699 -0.0364922 -0.0366389 -0.0366102 -0.0365087 -0.0363677 
0 0.00402093 0.00797831 0.0116846 0.0149707 0.0177656 0.0199504 0.0213521 0.0218744 0.0214356 0.0199242 0.0173407 0.0137461 0.00914178 0.00364778 -0.00246021 -0.00897299 -0.0156876 -0.0222917 -0.028488 -0.0339985 -0.0385805 -0.0421315 -0.0445487 -0.0457154 -0.0456834 -0.0445767 -0.0425448 -0.0398034 -0.0365087 -0.0328355 -0.0290183 -0.0252133 -0.0215747 -0.0182208 -0.0151872 -0.012544 -0.0103018 -0.0084342 -0.00693275 -0.00571836 -0.00475067 -0.00399253 -0.00338722 -0.00293591 -0.00259496 -0.00234806 -0.00218454 -0.00206225 -0.00198984 -0.00193442 -0.00189401 -0.00186848 -0.00183619 -0.00181826 -0.0017913 -0.00177024 -0.00175036 -0.00172533 -0.00171114 -0.00168692 -0.00167456 -0.00165603 -0.00164236 -0.00163097 -0.00161543 -0.00160907 -0.00159325 -0.00158823 -0.00157424 -0.0015675 -0.0015567 -0.00154694 -0.00153944 -0.00152709 -0.00152207 -0.00150856 -0.00150481 -0.00149177 -0.00148821 -0.00147693 -0.00147285 -0.00146406 -0.00145917 -0.00145305 -0.00144739 -0.00144375 -0.00143756 -0.001436 -0.00142957 -0.00142967 -0.00142326 -0.00142463 -0.00141846 -0.0014208 -0.00141501 -0.0014181 -0.00141278 -0.0014165 -0.00141169 -0.00141597 -0.00141169 -0.0014165 -0.00141278 -0.0014181 -0.00141501 -0.0014208 -0.00141846 -0.00142463 -0.00142326 -0.00142967 -0.00142957 -0.001436 -0.00143756 -0.00144375 -0.00144739 -0.00145305 -0.00145917 -0.00146406 -0.00147285 -0.00147693 -0.00148821 -0.00149177 -0.00150481 -0.00150856 -0.00152207 -0.00152709 -0.00153944 -0.00154694 -0.0015567 -0.0015675 -0.00157424 -0.00158823 -0.00159325 -0.00160907 -0.00161543 -0.00163097 -0.00164236 -0.00165603 -0.00167456 -0.00168692 -0.00171112 -0.00172527 -0.00175021 -0.00176985 -0.00179026 -0.00181568 -0.00183006 -0.00185456 -0.00186388 -0.00187226 -0.00186764 -0.00183343 -0.00177645 -0.00165444 -0.00147 -0.0011909 -0.000789195 -0.000261869 0.000446902 0.00135129 0.00250608 0.0039774 0.00578702 0.00799488 0.0105926 0.0135576 0.0168833 0.0204804 0.0242678 0.0281036 0.0317701 0.0351092 0.0379304 0.0400363 0.041262 0.0413826 0.0402755 0.0379591 0.0344415 0.0297917 0.0241331 0.0176186 0.0105484 0.00322482 -0.00416825 -0.0113774 -0.0181191 -0.0242362 -0.0296019 -0.0341195 -0.0378025 -0.0406683 -0.0427333 -0.0441319 -0.0450292 -0.0455174 -0.0456996 -0.0457229 -0.0456961 
0 0.00459438 0.00904691 0.013167 0.0168338 0.0199504 0.0223104 0.0237286 0.0241415 0.0234695 0.0216222 0.0185917 0.014389 0.00908416 0.00288157 -0.00401792 -0.0114054 -0.0189523 -0.0263554 -0.0333444 -0.0395741 -0.0448078 -0.0489171 -0.0517263 -0.0531643 -0.0532754 -0.0521365 -0.0499621 -0.0469591 -0.0432677 -0.0391255 -0.034749 -0.0303403 -0.0261256 -0.0221946 -0.0186237 -0.0154814 -0.0127525 -0.0104713 -0.00860577 -0.00709 -0.00590174 -0.00495076 -0.00420931 -0.00364667 -0.00320804 -0.00290236 -0.00267531 -0.00251873 -0.00241883 -0.00233638 -0.00229161 -0.00224573 -0.00221309 -0.00218704 -0.00215297 -0.00213528 -0.00210308 -0.00208458 -0.0020603 -0.0020371 -0.00202181 -0.00199594 -0.00198562 -0.00196194 -0.00195126 -0.00193356 -0.00191935 -0.00190835 -0.00189067 -0.00188437 -0.0018655 -0.0018608 -0.00184353 -0.00183778 -0.00182414 -0.00181594 -0.00180668 -0.00179592 -0.00179069 -0.00177817 -0.00177596 -0.00176282 -0.00176247 -0.0017498 -0.0017503 -0.00173891 -0.00173956 -0.00172991 -0.00173032 -0.00172259 -0.00172264 -0.00171678 -0.00171653 -0.00171235 -0.00171198 -0.00170924 -0.00170896 -0.00170739 -0.00170746 -0.00170677 -0.00170746 -0.00170739 -0.00170896 -0.00170924 -0.00171198 -0.00171235 -0.00171653 -0.00171678 -0.00172264 -0.00172259 -0.00173032 -0.00172991 -0.00173956 -0.00173891 -0.0017503 -0.0017498 -0.00176247 -0.00176282 -0.00177596 -0.00177817 -0.00179069 -0.00179592 -0.00180668 -0.00181594 -0.00182414 -0.00183778 -0.00184353 -0.0018608 -0.0018655 -0.00188437 -0.00189067 -0.00190835 -0.00191935 -0.00193356 -0.00195126 -0.00196194 -0.00198562 -0.00199594 -0.00202181 -0.00203709 -0.00206027 -0.00208448 -0.00210279 -0.00213452 -0.00215105 -0.00218241 -0.00220242 -0.00222228 -0.00224245 -0.00223814 -0.00223172 -0.00217915 -0.00208774 -0.00193201 -0.00167548 -0.00132435 -0.000817915 -0.00015133 0.000719665 0.0018634 0.00330321 0.00513043 0.00736673 0.010021 0.0131211 0.0166101 0.0204817 0.0246744 0.0290293 0.0333989 0.0375371 0.0412226 0.0443035 0.0465411 0.0477335 0.0477101 0.0463084 0.0435423 0.0394666 0.0341159 0.0276692 0.0203394 0.0123466 0.00402146 -0.00434565 -0.0125209 -0.0202317 -0.0272991 -0.033612 -0.0390123 -0.0434659 -0.0470713 -0.0498426 -0.051811 -0.0531744 -0.0541044 -0.0546563 -0.0549296 -0.0550592 
0 0.00498145 0.00977273 0.0142039 0.0181205 0.0213521 0.0237286 0.0251091 0.0253635 0.0244063 0.0222117 0.0187347 0.0139916 0.00817268 0.00145021 -0.00606814 -0.0140924 -0.0222471 -0.0302584 -0.0378083 -0.044578 -0.0503548 -0.0548978 -0.0580488 -0.0597985 -0.0601102 -0.0590645 -0.0568728 -0.0536829 -0.0497175 -0.0452239 -0.0403914 -0.0355078 -0.0307804 -0.0263193 -0.0222587 -0.0186093 -0.0154054 -0.0126953 -0.0104244 -0.00859798 -0.0071477 -0.00599056 -0.0051096 -0.00441185 -0.00388777 -0.00350377 -0.00320737 -0.00301481 -0.00286232 -0.00276073 -0.0026905 -0.00262451 -0.00259128 -0.00254528 -0.00251999 -0.00249229 -0.00246268 -0.00244782 -0.00241498 -0.00240259 -0.0023731 -0.00235469 -0.00233313 -0.00230681 -0.00229279 -0.00226267 -0.00225225 -0.00222459 -0.00221341 -0.00219285 -0.00217846 -0.00216638 -0.00214878 -0.00214367 -0.00212462 -0.00212346 -0.00210523 -0.00210497 -0.00208948 -0.00208788 -0.00207621 -0.00207215 -0.00206457 -0.00205785 -0.00205403 -0.00204511 -0.00204442 -0.00203401 -0.00203575 -0.00202461 -0.00202817 -0.00201694 -0.00202186 -0.00201098 -0.00201697 -0.00200674 -0.00201364 -0.0020042 -0.00201195 -0.00200335 -0.00201195 -0.0020042 -0.00201364 -0.00200674 -0.00201697 -0.00201098 -0.00202186 -0.00201694 -0.00202817 -0.00202461 -0.00203575 -0.00203401 -0.00204442 -0.00204511 -0.00205403 -0.00205785 -0.00206457 -0.00207215 -0.00207621 -0.00208788 -0.00208948 -0.00210497 -0.00210523 -0.00212346 -0.00212462 -0.00214367 -0.00214878 -0.00216638 -0.00217846 -0.00219285 -0.00221341 -0.00222459 -0.00225225 -0.00226267 -0.00229279 -0.00230681 -0.00233313 -0.00235468 -0.0023731 -0.00240257 -0.00241491 -0.00244761 -0.00246213 -0.00249088 -0.00251654 -0.00253721 -0.00257326 -0.00258615 -0.00261258 -0.00260984 -0.00258378 -0.00252453 -0.00238374 -0.00218095 -0.00185079 -0.0013922 -0.000777692 5.88363e-05 0.00112181 0.00251357 0.00427864 0.00645829 0.00912311 0.0122307 0.0158011 0.0198155 0.0241943 0.0288982 0.0337343 0.0384841 0.0429541 0.0468696 0.0500479 0.0522909 0.0533392 0.0530753 0.0513904 0.048205 0.0435997 0.0376628 0.0305642 0.0225942 0.0139493 0.00486876 -0.00427059 -0.0131997 -0.0217324 -0.0296438 -0.0367724 -0.0430097 -0.0482826 -0.0526444 -0.0561763 -0.0588972 -0.0608943 -0.0623311 -0.0633269 -0.0639771 -0.0643765 
0 0.00515315 0.0101123 0.0146963 0.0186859 0.0218744 0.0241415 0.0253635 0.0253833 0.0241309 0.0215847 0.0177061 0.0125824 0.00639527 -0.000745257 -0.00866122 -0.0170318 -0.0255614 -0.0339367 -0.0418268 -0.0490042 -0.0551815 -0.0600535 -0.0635338 -0.0655696 -0.0661141 -0.0652778 -0.0631574 -0.0599161 -0.0558386 -0.0511094 -0.0459743 -0.0407233 -0.0355241 -0.0305928 -0.0260451 -0.0219015 -0.0182608 -0.0151068 -0.0124472 -0.0102945 -0.00854167 -0.00717184 -0.00609812 -0.00524654 -0.00461729 -0.00411967 -0.00376581 -0.00351356 -0.00332057 -0.00320774 -0.00310474 -0.0030441 -0.00299159 -0.00293914 -0.00291134 -0.00286099 -0.0028379 -0.00279844 -0.00276876 -0.00274492 -0.00270849 -0.00269564 -0.00265964 -0.00264845 -0.00262044 -0.00260366 -0.00258662 -0.00256254 -0.00255425 -0.00252593 -0.0025213 -0.00249377 -0.00248779 -0.00246532 -0.00245495 -0.00243966 -0.00242428 -0.00241611 -0.00239693 -0.00239435 -0.00237343 -0.00237436 -0.00235378 -0.00235627 -0.00233766 -0.00234026 -0.00232459 -0.00232645 -0.00231411 -0.00231489 -0.00230583 -0.00230558 -0.00229947 -0.00229844 -0.00229483 -0.00229341 -0.00229178 -0.00229042 -0.00229028 -0.00228943 -0.00229028 -0.00229042 -0.00229178 -0.00229341 -0.00229483 -0.00229844 -0.00229947 -0.00230558 -0.00230583 -0.00231489 -0.00231411 -0.00232645 -0.00232459 -0.00234026 -0.00233766 -0.00235627 -0.00235378 -0.00237436 -0.00237343 -0.00239435 -0.00239693 -0.00241611 -0.00242428 -0.00243966 -0.00245495 -0.00246532 -0.00248779 -0.00249377 -0.0025213 -0.00252593 -0.00255425 -0.00256254 -0.00258662 -0.00260366 -0.00262044 -0.00264845 -0.00265964 -0.00269563 -0.00270847 -0.00274487 -0.00276861 -0.00279805 -0.00283688 -0.00285845 -0.00290531 -0.00292548 -0.00296203 -0.00298306 -0.00298455 -0.00298208 -0.0029165 -0.0028231 -0.00263826 -0.00235567 -0.0019639 -0.00139039 -0.000652609 0.000343928 0.00164462 0.003299 0.0054204 0.0079964 0.0110786 0.0146622 0.0186853 0.0231734 0.0280184 0.0331044 0.0382918 0.0433006 0.0479424 0.0519866 0.0551418 0.0572335 0.0580466 0.0574379 0.0553988 0.0518382 0.0467705 0.0403813 0.0328373 0.0243796 0.0152709 0.00570597 -0.00399763 -0.0135056 -0.0226511 -0.0312479 -0.0390848 -0.0460907 -0.0522218 -0.0574137 -0.0617157 -0.0652346 -0.0680159 -0.070111 -0.071643 -0.0727462 -0.0734938 
0 0.00513581 0.0100375 0.0145304 0.0184067 0.0214356 0.0234695 0.0244063 0.0241309 0.0225594 0.0196683 0.0155055 0.0101594 0.00370697 -0.00368812 -0.0117445 -0.020228 -0.0288917 -0.0373852 -0.0454481 -0.0528469 -0.0592325 -0.0643739 -0.0681544 -0.0704554 -0.071305 -0.0707393 -0.0687766 -0.0656435 -0.0615613 -0.0567295 -0.0514518 -0.0459199 -0.0403595 -0.0350252 -0.0299986 -0.0254116 -0.021325 -0.017722 -0.0146835 -0.0121513 -0.010092 -0.00847924 -0.00717925 -0.00618592 -0.00541229 -0.00480836 -0.00438308 -0.00404406 -0.00382218 -0.00365921 -0.00353371 -0.00346404 -0.00338207 -0.00334142 -0.0032884 -0.00324413 -0.00321398 -0.00316269 -0.00314369 -0.00309669 -0.00307543 -0.00304295 -0.00301257 -0.00299572 -0.00295842 -0.00295029 -0.00291353 -0.00290495 -0.00287588 -0.00286058 -0.00284246 -0.00281908 -0.00281081 -0.00278202 -0.00277976 -0.00275001 -0.00274933 -0.00272281 -0.00272024 -0.0026997 -0.00269335 -0.00267986 -0.00266933 -0.00266262 -0.00264855 -0.00264756 -0.00263106 -0.00263447 -0.00261672 -0.00262328 -0.00260529 -0.00261401 -0.00259651 -0.00260672 -0.00259013 -0.00260147 -0.00258598 -0.0025983 -0.00258394 -0.00259724 -0.00258394 -0.0025983 -0.00258598 -0.00260147 -0.00259013 -0.00260672 -0.00259651 -0.00261401 -0.00260529 -0.00262328 -0.00261672 -0.00263447 -0.00263106 -0.00264756 -0.00264855 -0.00266262 -0.00266933 -0.00267986 -0.00269335 -0.0026997 -0.00272024 -0.00272281 -0.00274933 -0.00275001 -0.00277976 -0.00278202 -0.00281081 -0.00281908 -0.00284246 -0.00286058 -0.00287588 -0.00290495 -0.00291353 -0.00295029 -0.00295842 -0.00299572 -0.00301257 -0.00304294 -0.0030754 -0.00309659 -0.00314341 -0.00316196 -0.00321213 -0.00323968 -0.00327816 -0.00331891 -0.00333484 -0.00336947 -0.00335307 -0.00333011 -0.00325002 -0.00309374 -0.00287206 -0.0025012 -0.0020145 -0.00133322 -0.000418819 0.000755954 0.00232251 0.00429087 0.00675523 0.00975332 0.0132403 0.017266 0.0217507 0.0266483 0.0319018 0.0372916 0.042674 0.0478292 0.0524914 0.0564845 0.0595032 0.0613019 0.0617793 0.0607963 0.0583314 0.0544014 0.0489826 0.0422493 0.034427 0.0256706 0.0162486 0.00643318 -0.00357067 -0.0134886 -0.0230753 -0.032174 -0.0406273 -0.0483398 -0.0552666 -0.0613171 -0.0664637 -0.0707979 -0.0743893 -0.0772666 -0.07949 -0.0811213 -0.0822089 
0 0.00488144 0.00950905 0.0136886 0.0172282 0.0199242 0.0216222 0.0222117 0.0215847 0.0196683 0.0164914 0.0121428 0.00666242 0.000115675 -0.00727466 -0.0152627 -0.0236674 -0.0322299 -0.0406618 -0.0487176 -0.0560925 -0.0625315 -0.0678688 -0.0718891 -0.0744943 -0.0756953 -0.0754225 -0.0737405 -0.0708273 -0.0668373 -0.0620648 -0.0567482 -0.051054 -0.045273 -0.0395819 -0.0341457 -0.0291474 -0.0245939 -0.0205733 -0.0171202 -0.0141869 -0.0118187 -0.00990541 -0.0083894 -0.00722715 -0.0062892 -0.00559331 -0.00505081 -0.00463773 -0.0043585 -0.00412551 -0.00398729 -0.0038701 -0.00378447 -0.00373375 -0.00366453 -0.00363861 -0.00358441 -0.00355429 -0.00351975 -0.00347549 -0.00345618 -0.00340449 -0.00338863 -0.0033425 -0.00331958 -0.00328811 -0.00325479 -0.00323881 -0.00319902 -0.00319279 -0.00315396 -0.0031496 -0.0031184 -0.00310972 -0.00308961 -0.00307386 -0.00306479 -0.00304244 -0.0030419 -0.00301542 -0.00301995 -0.00299241 -0.00299873 -0.00297287 -0.00297857 -0.00295626 -0.00295997 -0.00294218 -0.00294342 -0.00293038 -0.0029293 -0.00292073 -0.00291785 -0.00291319 -0.00290921 -0.00290777 -0.00290344 -0.0029045 -0.00290055 -0.00290341 -0.00290055 -0.0029045 -0.00290344 -0.00290777 -0.00290921 -0.00291319 -0.00291785 -0.00292073 -0.0029293 -0.00293038 -0.00294342 -0.00294218 -0.00295997 -0.00295626 -0.00297857 -0.00297287 -0.00299873 -0.00299241 -0.00301995 -0.00301542 -0.0030419 -0.00304244 -0.00306479 -0.00307386 -0.00308961 -0.00310972 -0.0031184 -0.0031496 -0.00315396 -0.00319279 -0.00319902 -0.00323881 -0.00325479 -0.00328811 -0.00331958 -0.0033425 -0.00338862 -0.00340446 -0.00345611 -0.0034753 -0.00351923 -0.00355297 -0.00358117 -0.00363104 -0.00364761 -0.00369766 -0.00371097 -0.00372727 -0.00372246 -0.00365688 -0.00356648 -0.00335715 -0.00306467 -0.00262692 -0.00200142 -0.00119453 -8.21773e-05 0.00133902 0.00317407 0.00550462 0.00832016 0.0117098 0.015617 0.0200295 0.0249491 0.0302261 0.0357815 0.041413 0.0468724 0.0520188 0.0565807 0.0603217 0.063039 0.0644617 0.0645047 0.0631277 0.0602452 0.055923 0.0502373 0.0432804 0.0352732 0.026399 0.016865 0.00697189 -0.00309651 -0.0132034 -0.0231007 -0.0325778 -0.0415297 -0.0498599 -0.0574729 -0.064311 -0.0703518 -0.075583 -0.0800018 -0.0836607 -0.0866172 -0.0888431 -0.090326 
0 0.00434922 0.00848098 0.0121435 0.0151395 0.0173407 0.0185917 0.0187347 0.0177061 0.0155055 0.0121428 0.00766051 0.00213919 -0.00429708 -0.0114785 -0.0192207 -0.0273209 -0.0355721 -0.0437628 -0.0515968 -0.058793 -0.0651974 -0.0706113 -0.0748179 -0.0777267 -0.0792382 -0.0793087 -0.0780202 -0.0754238 -0.0716991 -0.0671183 -0.0618436 -0.0561232 -0.0501883 -0.0442055 -0.0384484 -0.033044 -0.0280784 -0.0236705 -0.0197849 -0.0164807 -0.0137502 -0.0115038 -0.0097486 -0.00834553 -0.00725009 -0.00642117 -0.00575339 -0.00528296 -0.00491413 -0.00464884 -0.00447369 -0.00431718 -0.00423464 -0.00414102 -0.00408071 -0.0040295 -0.00396528 -0.00393793 -0.0038751 -0.00385123 -0.00380347 -0.00376939 -0.00374222 -0.00369658 -0.00368398 -0.00363505 -0.00362522 -0.00358344 -0.00356644 -0.00353829 -0.00351032 -0.00349619 -0.00345954 -0.00345517 -0.00341555 -0.00341491 -0.00337842 -0.00337623 -0.0033473 -0.00334033 -0.003321 -0.00330818 -0.00329845 -0.00328036 -0.00327885 -0.00325697 -0.00326176 -0.0032378 -0.00324701 -0.00322247 -0.00323457 -0.00321056 -0.00322448 -0.00320169 -0.00321683 -0.00319557 -0.0032117 -0.00319197 -0.00320911 -0.00319078 -0.00320911 -0.00319197 -0.0032117 -0.00319557 -0.00321683 -0.00320169 -0.00322448 -0.00321056 -0.00323457 -0.00322247 -0.00324701 -0.0032378 -0.00326176 -0.00325697 -0.00327885 -0.00328036 -0.00329845 -0.00330818 -0.003321 -0.00334033 -0.0033473 -0.00337623 -0.00337842 -0.00341491 -0.00341555 -0.00345517 -0.00345954 -0.00349619 -0.00351032 -0.00353829 -0.00356644 -0.00358344 -0.00362522 -0.00363504 -0.00368398 -0.00369658 -0.00374221 -0.00376934 -0.00380334 -0.00385087 -0.00387417 -0.0039356 -0.00395975 -0.00401695 -0.00405349 -0.00408462 -0.0041231 -0.00410665 -0.00409442 -0.00399634 -0.0038407 -0.00359061 -0.00318778 -0.00266419 -0.00190697 -0.000923672 0.000369345 0.00207457 0.00420275 0.00688368 0.0100998 0.0138593 0.0181933 0.0230014 0.0282799 0.033895 0.0396387 0.0453679 0.0508144 0.0557895 0.060113 0.0634884 0.0657448 0.0667237 0.0662851 0.0644343 0.0611414 0.0564433 0.0505167 0.0434664 0.0354089 0.0265563 0.017108 0.00727614 -0.00274629 -0.0128395 -0.0228474 -0.0325796 -0.0419078 -0.0507325 -0.0589543 -0.0665129 -0.0733744 -0.0794818 -0.0847652 -0.0892052 -0.092831 -0.0956432 -0.0976129 
0 0.00355903 0.00693151 0.00986587 0.0121787 0.0137461 0.014389 0.0139916 0.0125824 0.0101594 0.00666242 0.00213919 -0.0032687 -0.00944193 -0.0162642 -0.0235701 -0.0311829 -0.038951 -0.0466791 -0.0541116 -0.0610417 -0.0672972 -0.0726828 -0.0770339 -0.0801803 -0.0819869 -0.0824613 -0.0816046 -0.0794371 -0.0761237 -0.0718154 -0.0667132 -0.0610734 -0.0550547 -0.0489087 -0.0428809 -0.0371105 -0.0317914 -0.0269732 -0.0226854 -0.0190059 -0.0158721 -0.0133063 -0.0112505 -0.00959445 -0.00832844 -0.00731729 -0.00654601 -0.00597118 -0.00551412 -0.00521159 -0.00496373 -0.00479797 -0.00467863 -0.00456644 -0.00450818 -0.00442268 -0.00437796 -0.00431956 -0.00426642 -0.00423353 -0.00417273 -0.00415317 -0.00409692 -0.00407518 -0.00403444 -0.00400123 -0.00397857 -0.00393432 -0.00392408 -0.00387615 -0.00386909 -0.00382635 -0.00381453 -0.00378318 -0.00376265 -0.00374462 -0.0037156 -0.00370915 -0.00367465 -0.00367601 -0.00364008 -0.00364513 -0.00361142 -0.0036168 -0.00358788 -0.0035914 -0.00356863 -0.00356928 -0.00355295 -0.00355061 -0.00354034 -0.00353547 -0.00353046 -0.00352382 -0.00352313 -0.00351559 -0.00351828 -0.00351069 -0.00351585 -0.00350907 -0.00351585 -0.00351069 -0.00351828 -0.00351559 -0.00352313 -0.00352382 -0.00353046 -0.00353547 -0.00354034 -0.00355061 -0.00355295 -0.00356928 -0.00356863 -0.0035914 -0.00358788 -0.0036168 -0.00361142 -0.00364513 -0.00364008 -0.00367601 -0.00367465 -0.00370915 -0.0037156 -0.00374462 -0.00376265 -0.00378318 -0.00381453 -0.00382635 -0.00386909 -0.00387615 -0.00392408 -0.00393432 -0.00397857 -0.00400122 -0.00403444 -0.00407517 -0.00409689 -0.00415308 -0.00417248 -0.00423288 -0.00426477 -0.00431557 -0.00436877 -0.00440241 -0.00446545 -0.00448043 -0.00451336 -0.00449477 -0.00443253 -0.00432199 -0.00408746 -0.00377391 -0.00328296 -0.00262125 -0.00174231 -0.000545872 0.000974093 0.00296168 0.00544627 0.00846703 0.0120872 0.016235 0.0209408 0.0261413 0.0317119 0.0375568 0.0434197 0.0491037 0.0544273 0.0591319 0.0630478 0.0659527 0.0676467 0.0680699 0.0671243 0.0647615 0.0610407 0.0560368 0.049908 0.0428141 0.0348416 0.0261404 0.0169035 0.00727331 -0.00260696 -0.0125731 -0.0225003 -0.0323097 -0.0418917 -0.0510945 -0.0598238 -0.0680291 -0.0756028 -0.0824427 -0.0885111 -0.0937358 -0.0980254 -0.101376 -0.103783 
0 0.00254428 0.00491686 0.00692129 0.00838092 0.00914178 0.00908416 0.00817268 0.00639527 0.00370697 0.000115675 -0.00429708 -0.00944193 -0.0152166 -0.0215155 -0.0282441 -0.0352594 -0.0423839 -0.0494708 -0.0563714 -0.0629025 -0.068888 -0.0741782 -0.0785952 -0.0819322 -0.0840658 -0.0849467 -0.0845421 -0.0828869 -0.0800403 -0.0761081 -0.0713105 -0.0658325 -0.0598669 -0.0536676 -0.0474237 -0.0413717 -0.0356995 -0.0304755 -0.0258133 -0.0217216 -0.0182079 -0.0153042 -0.0129142 -0.0110186 -0.00952409 -0.00833285 -0.00743332 -0.00671314 -0.00618175 -0.00578704 -0.005481 -0.00528722 -0.00511705 -0.00501456 -0.00492477 -0.00484642 -0.00479913 -0.00472468 -0.00469016 -0.00462552 -0.00458391 -0.00453753 -0.00448323 -0.00445442 -0.00439423 -0.00437404 -0.00431973 -0.00429769 -0.00425821 -0.00422814 -0.00420578 -0.00416755 -0.00415855 -0.00411646 -0.00411399 -0.00407385 -0.00407123 -0.00403787 -0.00403051 -0.00400663 -0.0039926 -0.00397867 -0.00395823 -0.00395318 -0.00392793 -0.00392989 -0.00390191 -0.00390889 -0.00388012 -0.00389048 -0.00386243 -0.00387496 -0.0038486 -0.00386262 -0.00383843 -0.00385368 -0.00383175 -0.00384826 -0.00382844 -0.00384644 -0.00382844 -0.00384826 -0.00383175 -0.00385368 -0.00383843 -0.00386262 -0.0038486 -0.00387496 -0.00386243 -0.00389048 -0.00388012 -0.00390889 -0.00390191 -0.00392989 -0.00392793 -0.00395318 -0.00395823 -0.00397867 -0.0039926 -0.00400663 -0.00403051 -0.00403787 -0.00407123 -0.00407385 -0.00411399 -0.00411646 -0.00415855 -0.00416755 -0.00420578 -0.00422814 -0.00425821 -0.00429769 -0.00431973 -0.00437403 -0.00439423 -0.0044544 -0.00448317 -0.00453737 -0.00458346 -0.00462436 -0.00468732 -0.00471804 -0.00478423 -0.00481447 -0.00485932 -0.00488646 -0.00487769 -0.00486005 -0.00475243 -0.00459776 -0.00431937 -0.00390552 -0.00333989 -0.00253004 -0.00148264 -7.6531e-05 0.00174298 0.00403361 0.00689522 0.0102975 0.0142828 0.0188259 0.0238641 0.0293753 0.0351894 0.0411385 0.0470244 0.0525891 0.0576589 0.0620062 0.0653974 0.0676891 0.0687484 0.0685224 0.0669997 0.0641471 0.0600273 0.0547778 0.0485267 0.0414062 0.0335547 0.0251041 0.0161693 0.0068525 -0.00273406 -0.0124659 -0.0222333 -0.0319812 -0.0416562 -0.0511142 -0.0602133 -0.0688917 -0.0770386 -0.0844989 -0.0912077 -0.0970952 -0.102006 -0.105845 -0.108581 
0 0.00134571 0.00252552 0.00339515 0.00380677 0.00364778 0.00288157 0.00145021 -0.000745257 -0.00368812 -0.00727466 -0.0114785 -0.0162642 -0.0215155 -0.0271802 -0.0332228 -0.0394909 -0.0458408 -0.0521994 -0.0584594 -0.0644849 -0.0701291 -0.07522 -0.0795931 -0.0830805 -0.0855165 -0.0868021 -0.0869022 -0.0857934 -0.0834735 -0.0800248 -0.0755955 -0.0703677 -0.0645617 -0.0583764 -0.0520307 -0.0457755 -0.0397863 -0.0342215 -0.0291784 -0.0246809 -0.0207912 -0.0174927 -0.0147636 -0.0125766 -0.0108191 -0.00945115 -0.00837913 -0.00753907 -0.0069148 -0.00642194 -0.00607403 -0.00581111 -0.00561348 -0.00548278 -0.00535876 -0.00528422 -0.00520123 -0.00513836 -0.00508411 -0.00501835 -0.00498167 -0.00491719 -0.00488461 -0.00483084 -0.00479209 -0.00475409 -0.00470655 -0.00468215 -0.00463026 -0.00461252 -0.00456378 -0.00454524 -0.004506 -0.00448189 -0.00445507 -0.00442432 -0.00440924 -0.00437373 -0.00436741 -0.00433045 -0.00432908 -0.00429406 -0.00429423 -0.00426374 -0.00426306 -0.00423857 -0.00423576 -0.00421775 -0.00421248 -0.00420069 -0.00419326 -0.004187 -0.00417804 -0.00417646 -0.00416675 -0.00416897 -0.00415929 -0.00416448 -0.00415558 -0.00416298 -0.00415558 -0.00416448 -0.00415929 -0.00416897 -0.00416675 -0.00417646 -0.00417804 -0.004187 -0.00419326 -0.00420069 -0.00421248 -0.00421775 -0.00423576 -0.00423857 -0.00426306 -0.00426374 -0.00429423 -0.00429406 -0.00432908 -0.00433045 -0.00436741 -0.00437373 -0.00440924 -0.00442432 -0.00445507 -0.00448189 -0.004506 -0.00454524 -0.00456378 -0.00461252 -0.00463026 -0.00468215 -0.00470654 -0.00475408 -0.00479207 -0.0048308 -0.0048845 -0.00491689 -0.00498087 -0.00501636 -0.00507937 -0.00512756 -0.00517765 -0.00523506 -0.00526078 -0.00529625 -0.00527427 -0.00522167 -0.00509415 -0.00486059 -0.00452305 -0.00400244 -0.00330576 -0.00235242 -0.00108367 0.000554456 0.00267813 0.00531244 0.00852095 0.0123147 0.0166595 0.0215605 0.026935 0.0326876 0.0386682 0.0446436 0.0504138 0.0557587 0.0604552 0.0643023 0.0670916 0.0686903 0.0690534 0.0681605 0.066013 0.0626566 0.0581836 0.0527147 0.0463805 0.0392993 0.0316022 0.0234403 0.0148833 0.00595368 -0.00324913 -0.0126367 -0.0221771 -0.0317882 -0.0413818 -0.0509018 -0.0602248 -0.0691968 -0.0777101 -0.0856463 -0.0928584 -0.0992077 -0.104557 -0.108787 -0.11181 
0 -2.01861e-05 -0.000200309 -0.000614458 -0.00133892 -0.00246021 -0.00401792 -0.00606814 -0.00866122 -0.0117445 -0.0152627 -0.0192207 -0.0235701 -0.0282441 -0.0332228 -0.0384434 -0.0438303 -0.0493444 -0.0549086 -0.0604572 -0.0659262 -0.0711378 -0.0759224 -0.0801775 -0.0837346 -0.0864233 -0.0881264 -0.0887314 -0.0881803 -0.0864471 -0.0835316 -0.0795453 -0.0746664 -0.0690854 -0.0630142 -0.0566687 -0.0502718 -0.044047 -0.038172 -0.0327588 -0.0278863 -0.0235961 -0.0199032 -0.0168178 -0.014292 -0.0122689 -0.0106762 -0.0094189 -0.00845036 -0.00769762 -0.00712341 -0.0066995 -0.00637269 -0.00614425 -0.00596384 -0.00583036 -0.00572837 -0.00563336 -0.00556775 -0.00549183 -0.00543803 -0.00537873 -0.00532464 -0.00528055 -0.00522407 -0.00518959 -0.00513492 -0.00510246 -0.00505521 -0.00501919 -0.00498257 -0.00494151 -0.00491509 -0.00487123 -0.00485181 -0.00480924 -0.00479274 -0.00475539 -0.00473843 -0.00470882 -0.0046895 -0.00466846 -0.00464636 -0.00463332 -0.00460907 -0.00460268 -0.00457745 -0.0045761 -0.00455113 -0.00455335 -0.00452967 -0.00453437 -0.00451266 -0.00451915 -0.00449976 -0.0045077 -0.00449073 -0.00450005 -0.00448537 -0.00449623 -0.00448359 -0.00449623 -0.00448537 -0.00450005 -0.00449073 -0.0045077 -0.00449976 -0.00451915 -0.00451266 -0.00453437 -0.00452967 -0.00455335 -0.00455113 -0.0045761 -0.00457745 -0.00460268 -0.00460907 -0.00463332 -0.00464636 -0.00466846 -0.0046895 -0.00470882 -0.00473843 -0.00475539 -0.00479274 -0.00480924 -0.00485181 -0.00487123 -0.00491509 -0.00494151 -0.00498257 -0.00501919 -0.00505521 -0.00510246 -0.00513491 -0.00518956 -0.005224 -0.00528035 -0.0053241 -0.00537736 -0.00543469 -0.0054841 -0.00555059 -0.00559692 -0.0056544 -0.0056869 -0.00569796 -0.00567338 -0.00557511 -0.00540547 -0.00510742 -0.00467102 -0.00405158 -0.00319746 -0.00206908 -0.000573782 0.0013498 0.00378033 0.00677545 0.0103454 0.0145012 0.0192139 0.0244381 0.0300976 0.0360438 0.0420809 0.0479897 0.0535441 0.0585343 0.0627547 0.0659892 0.0680827 0.0689633 0.0685986 0.0670146 0.0642534 0.0603841 0.0555628 0.0499105 0.0435108 0.036515 0.0290484 0.0211917 0.0130175 0.00453015 -0.00424837 -0.0132456 -0.0224506 -0.0318152 -0.0412104 -0.0505933 -0.0599266 -0.0690296 -0.0777231 -0.0858941 -0.0933766 -0.0999829 -0.105584 -0.110062 -0.113289 
0 -0.00154159 -0.0031752 -0.00491727 -0.00681848 -0.00897299 -0.0114054 -0.0140924 -0.0170318 -0.020228 -0.0236674 -0.0273209 -0.0311829 -0.0352594 -0.0394909 -0.0438303 -0.0483235 -0.0529586 -0.0576712 -0.0624693 -0.0672875 -0.07197 -0.0764172 -0.0804977 -0.0840545 -0.0869627 -0.0890229 -0.0900809 -0.090082 -0.0889283 -0.0865946 -0.0831529 -0.0787021 -0.0734456 -0.0675836 -0.0612993 -0.0548435 -0.0484328 -0.0422726 -0.036533 -0.0312922 -0.0266217 -0.0225533 -0.0190893 -0.0162239 -0.0138974 -0.012042 -0.0105809 -0.00943418 -0.00854628 -0.00786527 -0.00734951 -0.00696811 -0.00668632 -0.00647861 -0.00632519 -0.00620262 -0.00610616 -0.00602065 -0.00594415 -0.00587575 -0.00580639 -0.00574734 -0.00568435 -0.00563062 -0.00557643 -0.00552573 -0.0054813 -0.00543325 -0.0053969 -0.00535263 -0.00532109 -0.00528219 -0.00525228 -0.00521974 -0.00518952 -0.0051633 -0.00513236 -0.00511149 -0.00508062 -0.00506365 -0.00503418 -0.00501968 -0.00499293 -0.00497979 -0.00495671 -0.00494428 -0.00492539 -0.00491342 -0.00489881 -0.00488735 -0.00487686 -0.00486613 -0.00485942 -0.00484973 -0.00484642 -0.0048381 -0.00483778 -0.00483116 -0.00483347 -0.00482885 -0.00483347 -0.00483116 -0.00483778 -0.0048381 -0.00484642 -0.00484973 -0.00485942 -0.00486613 -0.00487686 -0.00488735 -0.00489881 -0.00491342 -0.00492539 -0.00494428 -0.00495671 -0.00497979 -0.00499293 -0.00501968 -0.00503418 -0.00506365 -0.00508062 -0.00511149 -0.00513236 -0.0051633 -0.00518952 -0.00521974 -0.00525228 -0.00528219 -0.00532109 -0.00535263 -0.0053969 -0.00543325 -0.00548129 -0.00552571 -0.00557638 -0.00563048 -0.00568399 -0.0057464 -0.00580408 -0.00587029 -0.00593183 -0.00599402 -0.00605109 -0.00609376 -0.00611954 -0.00610731 -0.00604524 -0.00590843 -0.00566918 -0.00530141 -0.00476665 -0.00402411 -0.00302291 -0.00168944 4.86964e-05 0.00227274 0.00505004 0.00840575 0.0123581 0.0168804 0.0219328 0.0274602 0.0333242 0.0393641 0.0453602 0.0510727 0.0563157 0.0608584 0.0644945 0.0670602 0.0684063 0.0685213 0.0674216 0.0651167 0.0617315 0.0573937 0.0522378 0.0464256 0.0400244 0.0331366 0.0259124 0.0183765 0.0105497 0.00249897 -0.00579325 -0.0143479 -0.0231314 -0.0321085 -0.0412081 -0.0503477 -0.059461 -0.0684262 -0.0770791 -0.0852481 -0.092733 -0.0993714 -0.105052 -0.10961 -0.112882 
0 -0.00311145 -0.00621306 -0.00932053 -0.0124724 -0.0156876 -0.0189523 -0.0222471 -0.0255614 -0.0288917 -0.0322299 -0.0355721 -0.038951 -0.0423839 -0.0458408 -0.0493444 -0.0529586 -0.056697 -0.0605713 -0.0645769 -0.0686573 -0.072776 -0.076834 -0.0806667 -0.0841863 -0.087235 -0.0895723 -0.0910644 -0.0915706 -0.0909742 -0.0892607 -0.0863886 -0.0824374 -0.0775957 -0.0720027 -0.0658846 -0.0594591 -0.0529261 -0.0465564 -0.0405077 -0.0349128 -0.0298756 -0.0254073 -0.0215671 -0.0183383 -0.0156807 -0.0135581 -0.0118599 -0.0105337 -0.00949756 -0.00868974 -0.00808383 -0.00761575 -0.00727659 -0.0070215 -0.00682962 -0.00668893 -0.00656835 -0.00647712 -0.00639011 -0.00631604 -0.00624676 -0.00617894 -0.00611986 -0.00605714 -0.00600368 -0.00594728 -0.005897 -0.0058474 -0.00579977 -0.00575625 -0.00571193 -0.00567322 -0.00563309 -0.00559807 -0.0055626 -0.00553063 -0.00549973 -0.00547063 -0.00544382 -0.00541765 -0.00539431 -0.00537118 -0.00535077 -0.0053307 -0.00531282 -0.00529576 -0.00528016 -0.00526598 -0.00525257 -0.00524109 -0.00522984 -0.00522091 -0.00521182 -0.00520532 -0.0051984 -0.00519422 -0.0051895 -0.00518758 -0.00518506 -0.00518537 -0.00518506 -0.00518758 -0.0051895 -0.00519422 -0.0051984 -0.00520532 -0.00521182 -0.00522091 -0.00522984 -0.00524109 -0.00525257 -0.00526598 -0.00528016 -0.00529576 -0.00531282 -0.0053307 -0.00535077 -0.00537118 -0.00539431 -0.00541765 -0.00544382 -0.00547063 -0.00549973 -0.00553063 -0.0055626 -0.00559807 -0.00563309 -0.00567322 -0.00571193 -0.00575625 -0.00579977 -0.0058474 -0.00589699 -0.00594725 -0.0060036 -0.00605689 -0.00611923 -0.00617736 -0.00624296 -0.00630731 -0.00637091 -0.00643667 -0.00648687 -0.00653202 -0.00654073 -0.00651289 -0.00641961 -0.00623161 -0.00593541 -0.00547351 -0.00483284 -0.00394553 -0.00275496 -0.00119865 0.000830912 0.00337343 0.00650353 0.0102318 0.0145327 0.0194082 0.0247644 0.0305271 0.0365435 0.042576 0.0484385 0.0538772 0.0586882 0.0626946 0.0656542 0.0674566 0.0680356 0.0673571 0.0655051 0.0625241 0.058534 0.0537586 0.0483185 0.0423359 0.0359483 0.0292126 0.0222078 0.0149828 0.00752494 -0.000115837 -0.00792338 -0.0159693 -0.0242605 -0.0327502 -0.0414115 -0.0501754 -0.0589068 -0.0674728 -0.0757742 -0.0836723 -0.0909482 -0.0974111 -0.102937 -0.107367 -0.110549 
