0 0 0 0 0 0 0 0 0 0 0 0 0 0 0 0 0 0 0 0 0 0 0 0 0 0 0 0 0 0 0 0 0 0 0 0 0 0 0 0 0 0 0 0 0 0 0 0 0 0 0 0 0 0 0 0 0 0 0 0 0 0 0 0 0 0 0 0 0 0 0 0 0 0 0 0 0 0 0 0 0 0 0 0 0 0 0 0 0 0 0 0 0 0 0 0 0 0 0 0 0 0 0 0 0 0 0 0 0 0 0 0 0 0 0 0 0 0 0 0 0 0 0 0 0 0 0 0 0 0 0 0 0 0 0 0 0 0 0 0 0 0 0 0 0 0 0 0 0 0 0 0 0 0 0 0 0 0 0 0 0 0 0 0 0 0 0 0 0 0 0 0 0 0 0 0 0 0 0 0 0 0 0 0 0 0 0 0 0 0 0 0 0 0 0 0 0 0 0 0 
0 -2.76734e-05 -9.95513e-05 -0.000281901 -0.000635401 -0.00118371 -0.00191357 -0.00279925 -0.00383733 -0.00502559 -0.00628514 -0.00748451 -0.00856662 -0.00954284 -0.010368 -0.0109478 -0.0112407 -0.0112659 -0.0110587 -0.0106475 -0.0100413 -0.00926467 -0.00838963 -0.00748717 -0.00659217 -0.0057221 -0.00488508 -0.00409875 -0.00340009 -0.00281193 -0.00233563 -0.00195974 -0.00165685 -0.0014056 -0.00119664 -0.001022 -0.000882961 -0.000778958 -0.000703644 -0.000653986 -0.000621048 -0.000597745 -0.00058083 -0.000564284 -0.000548596 -0.000533154 -0.000517538 -0.000504761 -0.0004933 -0.000484867 -0.000478997 -0.000474067 -0.000471042 -0.000467122 -0.000463121 -0.000457997 -0.000451257 -0.000444246 -0.000435656 -0.000427622 -0.000419317 -0.000411811 -0.0004055 -0.000399777 -0.000395943 -0.000392415 -0.000390476 -0.000388724 -0.000387651 -0.000386808 -0.000385685 -0.00038488 -0.000383191 -0.000381841 -0.000379483 -0.000377381 -0.000374528 -0.000371772 -0.000368713 -0.000365571 -0.000362584 -0.000359362 -0.000356653 -0.000353608 -0.00035129 -0.000348594 -0.000346702 -0.000344438 -0.000342955 -0.000341137 -0.000340018 -0.000338617 -0.000337807 -0.000336772 -0.000336221 -0.000335494 -0.000335163 -0.000334694 -0.000334559 -0.000334311 -0.000334363 -0.000334311 -0.000334559 -0.000334694 -0.000335163 -0.000335494 -0.000336221 -0.000336772 -0.000337807 -0.000338617 -0.000340018 -0.000341137 -0.000342955 -0.000344438 -0.000346702 -0.000348594 -0.00035129 -0.000353608 -0.000356653 -0.000359362 -0.000362584 -0.000365571 -0.000368713 -0.000371772 -0.000374528 -0.000377381 -0.000379483 -0.000381841 -0.000383191 -0.00038488 -0.000385685 -0.000386808 -0.000387651 -0.000388724 -0.000390476 -0.000392415 -0.000395943 -0.000399777 -0.0004055 -0.000411811 -0.000419317 -0.000427622 -0.000435656 -0.000444246 -0.000451257 -0.000457997 -0.000463121 -0.000467122 -0.000471041 -0.000474066 -0.000478991 -0.000484849 -0.000493245 -0.000504603 -0.000517112 -0.000532059 -0.000545927 -0.000558109 -0.000567286 -0.000569606 -0.000565718 -0.00055111 -0.000522877 -0.000478788 -0.000411426 -0.000319334 -0.000198122 -4.11391e-05 0.000156408 0.000412371 0.000747179 0.00117738 0.00171508 0.00234649 0.00304486 0.00379296 0.0045805 0.00540941 0.00626517 0.00707948 0.00776628 0.00826554 0.00855004 0.00861559 0.00842841 0.00791242 0.00703902 0.00585539 0.00440298 0.00269393 0.000762083 -0.00131274 -0.00342579 -0.00550957 -0.00755502 -0.00950278 -0.0111954 -0.0125496 -0.0136383 -0.0144756 
0 -9.95513e-05 -0.000320336 -0.000744461 -0.00145544 -0.00254015 -0.00400862 -0.00579589 -0.00785751 -0.0101562 -0.0125669 -0.0149181 -0.0170996 -0.0190346 -0.0206108 -0.0217148 -0.0222924 -0.0223597 -0.0219755 -0.0211807 -0.0199918 -0.0184735 -0.0167517 -0.0149527 -0.0131688 -0.0114449 -0.00979709 -0.00826004 -0.00688284 -0.00570024 -0.00472737 -0.00394668 -0.00331962 -0.00281434 -0.00240289 -0.00206803 -0.00180315 -0.00159691 -0.00144144 -0.00132806 -0.00124437 -0.00118482 -0.00114136 -0.00110845 -0.00108437 -0.00106364 -0.00104603 -0.00102935 -0.00101167 -0.000994549 -0.000975797 -0.000957518 -0.000939695 -0.000922317 -0.000907423 -0.000893289 -0.00088177 -0.000871511 -0.000862431 -0.000854781 -0.000846756 -0.000839727 -0.000831712 -0.000823883 -0.000815476 -0.000806556 -0.000797906 -0.000788514 -0.000780059 -0.000771142 -0.000763352 -0.000755678 -0.000748887 -0.000742801 -0.000737148 -0.000732588 -0.000728036 -0.000724689 -0.000721084 -0.000718556 -0.0007157 -0.000713642 -0.000711343 -0.000709513 -0.000707618 -0.000705885 -0.000704294 -0.000702617 -0.000701276 -0.000699671 -0.000698562 -0.000697078 -0.000696205 -0.000694895 -0.000694274 -0.000693189 -0.00069284 -0.000692017 -0.000691956 -0.00069142 -0.000691658 -0.00069142 -0.000691956 -0.000692017 -0.00069284 -0.000693189 -0.000694274 -0.000694895 -0.000696205 -0.000697078 -0.000698562 -0.000699671 -0.000701276 -0.000702617 -0.000704294 -0.000705885 -0.000707618 -0.000709513 -0.000711343 -0.000713642 -0.0007157 -0.000718556 -0.000721084 -0.000724689 -0.000728036 -0.000732588 -0.000737148 -0.000742801 -0.000748887 -0.000755678 -0.000763352 -0.000771142 -0.000780059 -0.000788514 -0.000797906 -0.000806556 -0.000815476 -0.000823883 -0.000831712 -0.000839727 -0.000846756 -0.000854781 -0.000862431 -0.000871511 -0.00088177 -0.000893289 -0.000907422 -0.000922317 -0.000939694 -0.000957513 -0.000975781 -0.0009945 -0.00101152 -0.00102895 -0.00104497 -0.00106098 -0.00107804 -0.00109411 -0.00111056 -0.0011221 -0.00112332 -0.00110689 -0.00105893 -0.000970476 -0.000830243 -0.00063044 -0.000370603 -4.27382e-05 0.000365068 0.000878874 0.00154301 0.00239404 0.00345153 0.00470332 0.00610206 0.00760523 0.00918736 0.0108235 0.0124691 0.0140224 0.0153436 0.0163266 0.0169061 0.0170205 0.0165907 0.0155261 0.0137909 0.0114482 0.00857749 0.00521526 0.00142804 -0.00263979 -0.00682205 -0.0109762 -0.0149779 -0.0187036 -0.0220215 -0.0248113 -0.026994 -0.0285125 
0 -0.000281901 -0.000744461 -0.00150272 -0.00265399 -0.00429508 -0.00645919 -0.00910822 -0.0121613 -0.0154855 -0.0189226 -0.0223287 -0.0255314 -0.028327 -0.0305674 -0.032162 -0.0330353 -0.0331727 -0.0326258 -0.0314473 -0.0297088 -0.0275311 -0.0250516 -0.022422 -0.0197824 -0.0172108 -0.0147608 -0.0124928 -0.0104543 -0.008691 -0.00722458 -0.00602861 -0.00506543 -0.00429 -0.00365758 -0.00314841 -0.00274321 -0.00242629 -0.00218986 -0.0020141 -0.00188673 -0.00179629 -0.0017274 -0.00167694 -0.00163603 -0.00160071 -0.00157133 -0.00154183 -0.00151529 -0.00148911 -0.00146273 -0.00143892 -0.00141403 -0.001392 -0.00137058 -0.00135034 -0.00133272 -0.00131472 -0.00129966 -0.00128414 -0.00127013 -0.00125674 -0.00124301 -0.00123096 -0.00121763 -0.00120617 -0.00119377 -0.00118254 -0.00117152 -0.00116063 -0.00115107 -0.00114088 -0.00113262 -0.00112349 -0.00111622 -0.00110838 -0.00110182 -0.00109528 -0.00108925 -0.00108389 -0.00107832 -0.00107392 -0.00106881 -0.00106516 -0.00106055 -0.00105748 -0.00105341 -0.0010508 -0.00104729 -0.00104508 -0.00104215 -0.0010403 -0.00103796 -0.00103648 -0.00103469 -0.0010336 -0.00103236 -0.00103168 -0.00103096 -0.00103072 -0.0010305 -0.00103072 -0.00103096 -0.00103168 -0.00103236 -0.0010336 -0.00103469 -0.00103648 -0.00103796 -0.0010403 -0.00104215 -0.00104508 -0.00104729 -0.0010508 -0.00105341 -0.00105748 -0.00106055 -0.00106516 -0.00106881 -0.00107392 -0.00107832 -0.00108389 -0.00108925 -0.00109528 -0.00110182 -0.00110838 -0.00111622 -0.00112349 -0.00113262 -0.00114088 -0.00115107 -0.00116063 -0.00117152 -0.00118254 -0.00119377 -0.00120617 -0.00121763 -0.00123096 -0.00124301 -0.00125674 -0.00127013 -0.00128414 -0.00129966 -0.00131472 -0.00133272 -0.00135034 -0.00137058 -0.001392 -0.00141402 -0.00143891 -0.00146269 -0.001489 -0.00151498 -0.00154098 -0.00156916 -0.00159543 -0.00162383 -0.00165014 -0.0016715 -0.00168562 -0.00167887 -0.00164383 -0.00156417 -0.00142233 -0.00121 -0.000911017 -0.000518644 -2.19966e-05 0.000609981 0.00141135 0.0024342 0.00372633 0.00529733 0.00713485 0.00919523 0.0114192 0.0137665 0.0161753 0.018544 0.020748 0.0226276 0.0240305 0.024841 0.0249332 0.0241916 0.0225612 0.0200197 0.0165812 0.0123278 0.00737253 0.00185186 -0.00405017 -0.0101443 -0.0162364 -0.022077 -0.0274501 -0.0322614 -0.0363918 -0.0396049 -0.0417529 
0 -0.000635401 -0.00145544 -0.00265399 -0.00435688 -0.00660082 -0.00942621 -0.0128681 -0.0168188 -0.0210556 -0.0254096 -0.029736 -0.0337872 -0.0373039 -0.0401349 -0.0421763 -0.0433337 -0.0435644 -0.0428737 -0.0413391 -0.0391223 -0.0363785 -0.0332414 -0.029875 -0.0264324 -0.0230396 -0.0198161 -0.016839 -0.0141607 -0.0118346 -0.00986872 -0.00824352 -0.00692604 -0.00585451 -0.00498432 -0.00428497 -0.0037239 -0.0032906 -0.0029654 -0.00272455 -0.00255504 -0.00243027 -0.00233673 -0.0022648 -0.00220071 -0.00214724 -0.00209791 -0.00205284 -0.00201519 -0.00197878 -0.00194902 -0.0019209 -0.00189424 -0.0018705 -0.00184411 -0.00182022 -0.00179398 -0.00176824 -0.00174336 -0.00171733 -0.0016949 -0.00167147 -0.00165191 -0.00163303 -0.00161624 -0.00160195 -0.00158754 -0.00157645 -0.00156396 -0.00155422 -0.00154318 -0.00153344 -0.00152341 -0.00151307 -0.00150371 -0.00149291 -0.00148402 -0.00147325 -0.00146474 -0.00145458 -0.0014465 -0.00143741 -0.00142984 -0.00142208 -0.00141513 -0.00140877 -0.00140252 -0.0013975 -0.00139202 -0.00138821 -0.00138351 -0.00138077 -0.00137684 -0.00137502 -0.00137185 -0.00137084 -0.00136839 -0.00136812 -0.00136635 -0.00136678 -0.00136569 -0.00136678 -0.00136635 -0.00136812 -0.00136839 -0.00137084 -0.00137185 -0.00137502 -0.00137684 -0.00138077 -0.00138351 -0.00138821 -0.00139202 -0.0013975 -0.00140252 -0.00140877 -0.00141513 -0.00142208 -0.00142984 -0.00143741 -0.0014465 -0.00145458 -0.00146474 -0.00147325 -0.00148402 -0.00149291 -0.00150371 -0.00151307 -0.00152341 -0.00153344 -0.00154318 -0.00155422 -0.00156396 -0.00157645 -0.00158754 -0.00160195 -0.00161624 -0.00163303 -0.00165191 -0.00167147 -0.0016949 -0.00171733 -0.00174336 -0.00176824 -0.00179398 -0.00182022 -0.00184411 -0.00187049 -0.00189424 -0.00192088 -0.00194894 -0.00197854 -0.00201454 -0.00205115 -0.00209374 -0.00213744 -0.00217882 -0.00221834 -0.00224299 -0.00225061 -0.002228 -0.00215904 -0.00203561 -0.00183422 -0.00154348 -0.00114924 -0.000624049 5.20391e-05 0.000924686 0.00204745 0.00346012 0.00520446 0.00728332 0.00967065 0.0123428 0.0152436 0.018298 0.0214084 0.024417 0.0271606 0.0294866 0.0312065 0.0321333 0.0321083 0.0310072 0.0287938 0.0254726 0.0210148 0.0154681 0.00903221 0.00194101 -0.00560501 -0.0133902 -0.021165 -0.0286519 -0.0355747 -0.0417235 -0.0469367 -0.0510331 -0.053861 
0 -0.00118371 -0.00254015 -0.00429508 -0.00660082 -0.0094991 -0.0130329 -0.0172084 -0.0218877 -0.0268799 -0.0320232 -0.0370954 -0.0418126 -0.0459334 -0.049263 -0.0516553 -0.0530431 -0.0533664 -0.0525861 -0.0508081 -0.0482218 -0.0449868 -0.041271 -0.0372457 -0.0330698 -0.0289376 -0.0250092 -0.021367 -0.0180819 -0.0151895 -0.0126939 -0.0106073 -0.00889672 -0.00750751 -0.00639828 -0.00550679 -0.00479534 -0.0042415 -0.00380851 -0.00348454 -0.00324584 -0.00306648 -0.00293955 -0.00284036 -0.00276287 -0.00270154 -0.00264319 -0.00259469 -0.00254612 -0.00249962 -0.00245768 -0.00241306 -0.00237507 -0.00233613 -0.00230061 -0.00226899 -0.00223642 -0.00221014 -0.0021817 -0.00215748 -0.00213331 -0.00210914 -0.00208802 -0.00206394 -0.00204413 -0.00202141 -0.0020018 -0.00198165 -0.00196217 -0.00194503 -0.00192643 -0.00191199 -0.0018952 -0.00188276 -0.00186844 -0.00185728 -0.00184561 -0.00183526 -0.001826 -0.00181625 -0.00180893 -0.00179978 -0.00179387 -0.00178544 -0.00178051 -0.00177292 -0.00176867 -0.00176205 -0.00175831 -0.00175271 -0.00174943 -0.00174489 -0.00174209 -0.00173858 -0.00173632 -0.00173382 -0.00173218 -0.00173063 -0.00172968 -0.00172903 -0.00172884 -0.00172903 -0.00172968 -0.00173063 -0.00173218 -0.00173382 -0.00173632 -0.00173858 -0.00174209 -0.00174489 -0.00174943 -0.00175271 -0.00175831 -0.00176205 -0.00176867 -0.00177292 -0.00178051 -0.00178544 -0.00179387 -0.00179978 -0.00180893 -0.00181625 -0.001826 -0.00183526 -0.00184561 -0.00185728 -0.00186844 -0.00188276 -0.0018952 -0.00191199 -0.00192643 -0.00194503 -0.00196217 -0.00198165 -0.0020018 -0.00202141 -0.00204413 -0.00206394 -0.00208802 -0.00210914 -0.00213331 -0.00215748 -0.0021817 -0.00221014 -0.00223642 -0.00226899 -0.0023006 -0.00233613 -0.00237505 -0.002413 -0.0024575 -0.00249913 -0.00254482 -0.00259145 -0.00263549 -0.00268409 -0.00272526 -0.00276325 -0.00278925 -0.00278801 -0.00275536 -0.0026625 -0.00249527 -0.00223574 -0.00185339 -0.00133859 -0.000655079 0.000238874 0.00138169 0.00284007 0.00464956 0.00682667 0.00938779 0.0123064 0.0155575 0.0190957 0.0227912 0.0264865 0.0300034 0.0331458 0.0357594 0.0376587 0.0385917 0.0383657 0.0368713 0.0340493 0.02991 0.0244811 0.0178173 0.0101182 0.00166345 -0.00731794 -0.0165661 -0.0257483 -0.0345809 -0.0428092 -0.0501131 -0.0562286 -0.0610511 -0.0644716 
0 -0.00191357 -0.00400862 -0.00645919 -0.00942621 -0.0130329 -0.0172957 -0.0221137 -0.0273806 -0.0330007 -0.0387596 -0.0443582 -0.0495626 -0.0541512 -0.0578631 -0.0605378 -0.0621094 -0.0624946 -0.0616815 -0.059779 -0.0569235 -0.0532977 -0.049111 -0.0445201 -0.0397186 -0.0349426 -0.0303562 -0.0260866 -0.0222177 -0.0187589 -0.01574 -0.0131793 -0.0110447 -0.00931598 -0.00793348 -0.00682298 -0.00594856 -0.00525374 -0.00470752 -0.00429538 -0.00397718 -0.00374472 -0.00357448 -0.00344154 -0.00334632 -0.00326374 -0.00319467 -0.00313528 -0.00307337 -0.00302122 -0.0029656 -0.00291397 -0.00286687 -0.00281732 -0.00277732 -0.00273445 -0.00269816 -0.00266391 -0.00262937 -0.00260145 -0.00256904 -0.00254335 -0.00251431 -0.00248804 -0.00246285 -0.00243573 -0.00241371 -0.00238733 -0.00236725 -0.00234356 -0.00232442 -0.00230461 -0.00228607 -0.00227021 -0.00225253 -0.00223988 -0.00222358 -0.00221309 -0.00219867 -0.00218938 -0.00217713 -0.00216839 -0.00215837 -0.00214989 -0.00214194 -0.00213369 -0.00212757 -0.00211966 -0.00211512 -0.00210774 -0.00210454 -0.00209785 -0.00209583 -0.00208998 -0.00208902 -0.0020841 -0.00208413 -0.00208018 -0.00208119 -0.00207822 -0.0020802 -0.00207822 -0.00208119 -0.00208018 -0.00208413 -0.0020841 -0.00208902 -0.00208998 -0.00209583 -0.00209785 -0.00210454 -0.00210774 -0.00211512 -0.00211966 -0.00212757 -0.00213369 -0.00214194 -0.00214989 -0.00215837 -0.00216839 -0.00217713 -0.00218938 -0.00219867 -0.00221309 -0.00222358 -0.00223988 -0.00225253 -0.00227021 -0.00228607 -0.00230461 -0.00232442 -0.00234356 -0.00236725 -0.00238733 -0.00241371 -0.00243573 -0.00246285 -0.00248804 -0.00251431 -0.00254335 -0.00256904 -0.00260145 -0.00262937 -0.00266391 -0.00269816 -0.00273445 -0.00277732 -0.0028173 -0.00286682 -0.00291384 -0.00296523 -0.00302024 -0.0030709 -0.00312931 -0.00318096 -0.00323375 -0.00328389 -0.0033179 -0.00334168 -0.00332778 -0.0032665 -0.00314063 -0.00291406 -0.00258037 -0.0021029 -0.00144978 -0.000594225 0.000534257 0.00197986 0.00378882 0.00600826 0.0086269 0.0116509 0.0150808 0.0188651 0.0229435 0.0271688 0.0313161 0.0351979 0.0386174 0.0413653 0.043255 0.0440462 0.0435174 0.041572 0.0381429 0.033201 0.0268518 0.0192448 0.010529 0.000943089 -0.00921097 -0.0196171 -0.0299197 -0.0397912 -0.0489718 -0.0571651 -0.0640612 -0.0694715 -0.0732673 
0 -0.00279925 -0.00579589 -0.00910822 -0.0128681 -0.0172084 -0.0221137 -0.0274861 -0.0332887 -0.0394123 -0.0455711 -0.051497 -0.057011 -0.0618819 -0.0658647 -0.0687867 -0.0704962 -0.0709248 -0.0701319 -0.0681743 -0.0651484 -0.0612697 -0.0567284 -0.0516933 -0.0464031 -0.0410661 -0.035872 -0.0310131 -0.026564 -0.0225572 -0.0190395 -0.0159956 -0.0134276 -0.0113277 -0.00961945 -0.0082597 -0.00718669 -0.00632922 -0.00567023 -0.00515879 -0.00476602 -0.00448012 -0.00425425 -0.00408657 -0.00395495 -0.00383996 -0.00375271 -0.00366817 -0.00359769 -0.00353634 -0.00347348 -0.00342463 -0.00336959 -0.00332185 -0.00327481 -0.00322406 -0.003182 -0.00313192 -0.00309112 -0.00304741 -0.00300681 -0.00297193 -0.0029335 -0.00290573 -0.00287235 -0.00284805 -0.00282123 -0.00279749 -0.00277656 -0.00275239 -0.00273515 -0.0027112 -0.00269526 -0.00267283 -0.00265651 -0.00263671 -0.00261945 -0.00260281 -0.00258491 -0.00257135 -0.00255363 -0.00254269 -0.00252602 -0.00251712 -0.0025022 -0.0024948 -0.00248206 -0.00247576 -0.00246533 -0.00245991 -0.00245174 -0.00244707 -0.00244101 -0.00243708 -0.00243289 -0.00242976 -0.00242722 -0.00242495 -0.00242387 -0.00242258 -0.00242276 -0.00242258 -0.00242387 -0.00242495 -0.00242722 -0.00242976 -0.00243289 -0.00243708 -0.00244101 -0.00244707 -0.00245174 -0.00245991 -0.00246533 -0.00247576 -0.00248206 -0.0024948 -0.0025022 -0.00251712 -0.00252602 -0.00254269 -0.00255363 -0.00257135 -0.00258491 -0.00260281 -0.00261945 -0.00263671 -0.00265651 -0.00267283 -0.00269526 -0.0027112 -0.00273515 -0.00275239 -0.00277656 -0.00279749 -0.00282123 -0.00284805 -0.00287235 -0.00290573 -0.0029335 -0.00297193 -0.00300681 -0.00304741 -0.00309112 -0.00313192 -0.00318199 -0.00322406 -0.0032748 -0.00332182 -0.00336949 -0.00342436 -0.00347276 -0.00353447 -0.00359313 -0.00365754 -0.00372909 -0.00379005 -0.00385455 -0.00389447 -0.00390456 -0.00387425 -0.00376552 -0.00358043 -0.00328266 -0.00284842 -0.00226533 -0.00146729 -0.000416812 0.000952199 0.00272092 0.00490468 0.00753604 0.0106143 0.0141002 0.0180011 0.0222596 0.0267524 0.031344 0.0358062 0.0399098 0.0434664 0.0462121 0.0478995 0.0483598 0.0474139 0.044941 0.0409002 0.0352578 0.028108 0.0196818 0.0101542 -0.000289004 -0.011296 -0.0224871 -0.0335585 -0.0441799 -0.0540052 -0.0627609 -0.070191 -0.0760169 -0.0800425 
0 -0.00383733 -0.00785751 -0.0121613 -0.0168188 -0.0218877 -0.0273806 -0.0332887 -0.039548 -0.045972 -0.052342 -0.058475 -0.0641479 -0.0691359 -0.0732711 -0.0763341 -0.0781261 -0.0786438 -0.0779307 -0.0759833 -0.072911 -0.0688865 -0.0640748 -0.0587272 -0.0530736 -0.0472835 -0.0415967 -0.0361978 -0.0311758 -0.0266341 -0.0225929 -0.0190475 -0.0160416 -0.0135362 -0.0114901 -0.00986752 -0.00856388 -0.00753504 -0.00673214 -0.00608984 -0.00560764 -0.00523573 -0.00494983 -0.0047456 -0.00457444 -0.00444688 -0.00433999 -0.0042396 -0.00416238 -0.00407816 -0.00400825 -0.00394123 -0.00387184 -0.00381766 -0.00375366 -0.00370363 -0.00365091 -0.00359996 -0.0035582 -0.00350777 -0.00347141 -0.00342606 -0.00338953 -0.00335215 -0.00331367 -0.00328362 -0.00324519 -0.00321942 -0.00318451 -0.00315988 -0.00313101 -0.00310585 -0.00308354 -0.00305792 -0.00304098 -0.00301608 -0.00300252 -0.00297979 -0.00296771 -0.00294823 -0.00293632 -0.00292057 -0.00290826 -0.0028962 -0.00288347 -0.00287471 -0.00286188 -0.00285588 -0.00284341 -0.00283965 -0.00282797 -0.00282603 -0.00281546 -0.00281507 -0.00280581 -0.0028068 -0.00279896 -0.00280127 -0.00279487 -0.0027985 -0.00279351 -0.0027985 -0.00279487 -0.00280127 -0.00279896 -0.0028068 -0.00280581 -0.00281507 -0.00281546 -0.00282603 -0.00282797 -0.00283965 -0.00284341 -0.00285588 -0.00286188 -0.00287471 -0.00288347 -0.0028962 -0.00290826 -0.00292057 -0.00293632 -0.00294823 -0.00296771 -0.00297979 -0.00300252 -0.00301608 -0.00304098 -0.00305792 -0.00308354 -0.00310585 -0.00313101 -0.00315988 -0.00318451 -0.00321942 -0.00324519 -0.00328362 -0.00331367 -0.00335215 -0.00338953 -0.00342606 -0.00347141 -0.00350777 -0.0035582 -0.00359996 -0.00365091 -0.00370363 -0.00375364 -0.00381759 -0.00387165 -0.00394069 -0.00400686 -0.00407471 -0.00415423 -0.00422124 -0.00430058 -0.00436634 -0.00441781 -0.00445576 -0.0044393 -0.00437886 -0.00423453 -0.00398217 -0.00361889 -0.00308352 -0.00236191 -0.00139728 -0.000103043 0.0015546 0.00365678 0.00623104 0.00925463 0.0127538 0.0166879 0.021008 0.0256677 0.0304911 0.0352975 0.0399141 0.0440797 0.047562 0.0501189 0.051463 0.0514454 0.0499844 0.0469371 0.0422504 0.035976 0.0281948 0.019103 0.00895931 -0.00201398 -0.0135135 -0.0251576 -0.036639 -0.0476525 -0.0578169 -0.0668245 -0.0744626 -0.0804805 -0.0846596 
0 -0.00502559 -0.0101562 -0.0154855 -0.0210556 -0.0268799 -0.0330007 -0.0394123 -0.045972 -0.0525265 -0.0589979 -0.0652189 -0.0709215 -0.075926 -0.0800765 -0.0831474 -0.0850187 -0.0856746 -0.0850636 -0.0832057 -0.0801955 -0.0761096 -0.0711585 -0.065632 -0.0597083 -0.0535946 -0.0475203 -0.0416213 -0.0360737 -0.0310033 -0.0264193 -0.0223868 -0.0189203 -0.0159818 -0.0135863 -0.0116506 -0.0100923 -0.00887299 -0.00788799 -0.00711325 -0.00651861 -0.0060429 -0.00569906 -0.00543278 -0.00522556 -0.00507816 -0.00493963 -0.00483462 -0.00473524 -0.00463685 -0.0045591 -0.00446784 -0.00439688 -0.00432329 -0.0042526 -0.00419745 -0.00413055 -0.00408424 -0.00402767 -0.00398032 -0.003936 -0.00388491 -0.00384867 -0.00379786 -0.00376336 -0.00371854 -0.0036817 -0.00364598 -0.00360675 -0.00357941 -0.00354069 -0.00351859 -0.00348393 -0.00346363 -0.00343544 -0.00341466 -0.00339355 -0.0033716 -0.00335668 -0.00333405 -0.00332365 -0.00330147 -0.00329382 -0.00327325 -0.00326692 -0.00324885 -0.00324295 -0.00322788 -0.003222 -0.00321009 -0.00320416 -0.00319531 -0.00318952 -0.0031835 -0.00317812 -0.00317463 -0.00316997 -0.0031687 -0.00316509 -0.00316574 -0.00316347 -0.00316574 -0.00316509 -0.0031687 -0.00316997 -0.00317463 -0.00317812 -0.0031835 -0.00318952 -0.00319531 -0.00320416 -0.00321009 -0.003222 -0.00322788 -0.00324295 -0.00324885 -0.00326692 -0.00327325 -0.00329382 -0.00330147 -0.00332365 -0.00333405 -0.00335668 -0.0033716 -0.00339355 -0.00341466 -0.00343544 -0.00346363 -0.00348393 -0.00351859 -0.00354069 -0.00357941 -0.00360675 -0.00364598 -0.0036817 -0.00371854 -0.00376336 -0.00379786 -0.00384867 -0.00388491 -0.003936 -0.00398032 -0.00402767 -0.00408424 -0.00413055 -0.00419743 -0.00425255 -0.00432315 -0.00439649 -0.00446682 -0.00455653 -0.00463068 -0.00472114 -0.00480387 -0.00487579 -0.00495196 -0.00498811 -0.00500746 -0.00497322 -0.00486087 -0.0046766 -0.00435511 -0.00389799 -0.00326081 -0.00236854 -0.00119851 0.00035538 0.00234652 0.00478838 0.00773913 0.0111599 0.0150378 0.0193818 0.0240789 0.0290277 0.0340744 0.0389723 0.0435549 0.0476052 0.0508157 0.0529662 0.053845 0.0532669 0.0511833 0.0475191 0.0421988 0.0353321 0.0270722 0.0175456 0.00701587 -0.00419055 -0.0158198 -0.0275905 -0.039151 -0.0501595 -0.0602945 -0.0692664 -0.076846 -0.0828265 -0.0870193 
0 -0.00628514 -0.0125669 -0.0189226 -0.0254096 -0.0320232 -0.0387596 -0.0455711 -0.052342 -0.0589979 -0.065478 -0.0716232 -0.0772479 -0.0821872 -0.0862474 -0.0892976 -0.0912724 -0.0920406 -0.0915358 -0.08983 -0.0869403 -0.0829278 -0.0780243 -0.0724276 -0.0663337 -0.0600014 -0.0535819 -0.0472516 -0.0412465 -0.035657 -0.030571 -0.0260671 -0.0221068 -0.0187275 -0.0159263 -0.0136157 -0.011782 -0.0103228 -0.00914991 -0.00824707 -0.00751697 -0.00695123 -0.00652525 -0.0061753 -0.0059265 -0.00571995 -0.00555168 -0.00542811 -0.00529996 -0.00520744 -0.00511182 -0.00502139 -0.00494947 -0.00485924 -0.00479417 -0.0047149 -0.00464466 -0.00458223 -0.00450819 -0.0044581 -0.0043903 -0.00434363 -0.00429045 -0.00424171 -0.0042038 -0.0041537 -0.00412507 -0.00407809 -0.00405105 -0.00401148 -0.00398093 -0.00395035 -0.00391532 -0.00389243 -0.00385513 -0.00383703 -0.00380097 -0.00378463 -0.0037529 -0.0037362 -0.00371065 -0.00369263 -0.00367376 -0.00365447 -0.00364177 -0.00362183 -0.00361427 -0.00359452 -0.00359093 -0.00357213 -0.00357152 -0.00355424 -0.00355586 -0.00354043 -0.00354381 -0.00353036 -0.00353527 -0.00352378 -0.00353017 -0.00352052 -0.00352848 -0.00352052 -0.00353017 -0.00352378 -0.00353527 -0.00353036 -0.00354381 -0.00354043 -0.00355586 -0.00355424 -0.00357152 -0.00357213 -0.00359093 -0.00359452 -0.00361427 -0.00362183 -0.00364177 -0.00365447 -0.00367376 -0.00369263 -0.00371065 -0.0037362 -0.0037529 -0.00378463 -0.00380097 -0.00383703 -0.00385513 -0.00389243 -0.00391532 -0.00395035 -0.00398093 -0.00401148 -0.00405105 -0.00407809 -0.00412507 -0.0041537 -0.0042038 -0.00424171 -0.00429045 -0.00434363 -0.0043903 -0.0044581 -0.00450819 -0.00458222 -0.00464465 -0.00471486 -0.00479407 -0.00485896 -0.00494873 -0.0050195 -0.00510722 -0.00519675 -0.00527628 -0.00537813 -0.00545124 -0.00552773 -0.00557624 -0.00556728 -0.00551847 -0.00535734 -0.00509572 -0.00470036 -0.00410971 -0.00332954 -0.00225617 -0.000833899 0.000981833 0.00329679 0.00609316 0.00938805 0.0132058 0.017468 0.0221591 0.0271748 0.0323002 0.0373956 0.0422497 0.046626 0.0503541 0.0531466 0.054736 0.0550041 0.0537965 0.0510023 0.0466494 0.0407605 0.0334179 0.0248103 0.0150881 0.00445232 -0.00674993 -0.0182211 -0.0297411 -0.0409981 -0.0516445 -0.0614165 -0.0700711 -0.0773571 -0.083083 -0.0871043 
0 -0.00748451 -0.0149181 -0.0223287 -0.029736 -0.0370954 -0.0443582 -0.051497 -0.058475 -0.0652189 -0.0716232 -0.0776054 -0.083076 -0.0878569 -0.0917956 -0.0948464 -0.0968889 -0.0977522 -0.0974155 -0.0958915 -0.0931722 -0.0893778 -0.0846359 -0.0790702 -0.0729472 -0.0664731 -0.0597845 -0.0531344 -0.0467011 -0.040616 -0.0350594 -0.0300506 -0.0256051 -0.0217877 -0.0185343 -0.0158461 -0.0136911 -0.0119383 -0.0105662 -0.00947731 -0.00859612 -0.00793136 -0.00738951 -0.0069771 -0.00667004 -0.0064061 -0.00622313 -0.00605459 -0.00591418 -0.00580454 -0.00568009 -0.00559302 -0.00549052 -0.00540129 -0.00532429 -0.00523072 -0.00516828 -0.00508296 -0.00502006 -0.00495338 -0.00488402 -0.00483487 -0.00476432 -0.00472311 -0.00466097 -0.00461807 -0.00457039 -0.00452204 -0.00448827 -0.00443702 -0.00441175 -0.0043632 -0.00433999 -0.00429919 -0.00427352 -0.00424285 -0.0042132 -0.00419227 -0.00415963 -0.00414617 -0.00411282 -0.00410397 -0.00407238 -0.00406558 -0.00403768 -0.00403117 -0.00400809 -0.00400096 -0.00398308 -0.0039751 -0.00396227 -0.00395366 -0.00394543 -0.00393663 -0.0039324 -0.00392395 -0.00392312 -0.00391555 -0.00391757 -0.00391137 -0.00391571 -0.00391137 -0.00391757 -0.00391555 -0.00392312 -0.00392395 -0.0039324 -0.00393663 -0.00394543 -0.00395366 -0.00396227 -0.0039751 -0.00398308 -0.00400096 -0.00400809 -0.00403117 -0.00403768 -0.00406558 -0.00407238 -0.00410397 -0.00411282 -0.00414617 -0.00415963 -0.00419227 -0.0042132 -0.00424285 -0.00427352 -0.00429919 -0.00433999 -0.0043632 -0.00441175 -0.00443702 -0.00448827 -0.00452204 -0.00457039 -0.00461807 -0.00466097 -0.00472311 -0.00476432 -0.00483487 -0.00488402 -0.00495337 -0.00502006 -0.00508295 -0.00516826 -0.00523065 -0.0053241 -0.00540076 -0.00548915 -0.00558963 -0.00567209 -0.00578653 -0.00587555 -0.00597563 -0.0060694 -0.00612107 -0.00616654 -0.00612894 -0.00602445 -0.0058259 -0.00547014 -0.00498463 -0.00427639 -0.00330983 -0.00204359 -0.00034777 0.00178309 0.00441024 0.00757623 0.0112184 0.0153762 0.019999 0.0249551 0.0301562 0.0353682 0.0403701 0.0450254 0.0490725 0.0522789 0.0544652 0.0553843 0.0549079 0.0529794 0.0494796 0.0444415 0.0380346 0.0303603 0.0215475 0.011812 0.00136502 -0.00954199 -0.020606 -0.0315533 -0.0421274 -0.0520851 -0.0612174 -0.0692832 -0.0760294 -0.081302 -0.0850036 
0 -0.00856662 -0.0170996 -0.0255314 -0.0337872 -0.0418126 -0.0495626 -0.057011 -0.0641479 -0.0709215 -0.0772479 -0.083076 -0.0883384 -0.0929236 -0.0967617 -0.0997809 -0.101845 -0.102857 -0.102747 -0.101435 -0.0989779 -0.0954757 -0.09095 -0.0855556 -0.0795186 -0.0729764 -0.0661514 -0.0592591 -0.0524326 -0.0459186 -0.0398776 -0.0343509 -0.0294498 -0.0251584 -0.0214523 -0.0183784 -0.0158323 -0.0137719 -0.0121489 -0.0108229 -0.00979347 -0.00898042 -0.00832434 -0.0078478 -0.00745233 -0.00715697 -0.00693112 -0.00672033 -0.00657322 -0.00641638 -0.00628681 -0.00617544 -0.00604911 -0.0059644 -0.00585538 -0.00577391 -0.00569331 -0.00560511 -0.00554626 -0.00545826 -0.00540406 -0.00532869 -0.00526649 -0.00520958 -0.00513879 -0.00509635 -0.0050256 -0.00498851 -0.00492799 -0.00488848 -0.0048438 -0.00479906 -0.00476966 -0.00472169 -0.00470271 -0.00465597 -0.00464126 -0.00460015 -0.00458475 -0.00455209 -0.00453325 -0.00450987 -0.004487 -0.00447222 -0.00444618 -0.00443845 -0.00441081 -0.00440839 -0.00438077 -0.0043821 -0.00435584 -0.00435981 -0.0043358 -0.00434173 -0.00432043 -0.00432803 -0.00430957 -0.00431884 -0.0043031 -0.00431422 -0.00430096 -0.00431422 -0.0043031 -0.00431884 -0.00430957 -0.00432803 -0.00432043 -0.00434173 -0.0043358 -0.00435981 -0.00435584 -0.0043821 -0.00438077 -0.00440839 -0.00441081 -0.00443845 -0.00444618 -0.00447222 -0.004487 -0.00450987 -0.00453325 -0.00455209 -0.00458475 -0.00460015 -0.00464126 -0.00465597 -0.00470271 -0.00472169 -0.00476966 -0.00479906 -0.0048438 -0.00488848 -0.00492799 -0.00498851 -0.0050256 -0.00509635 -0.00513879 -0.00520958 -0.00526649 -0.00532869 -0.00540406 -0.00545825 -0.00554625 -0.00560509 -0.00569327 -0.00577378 -0.005855 -0.00596341 -0.00604664 -0.00616952 -0.00627329 -0.00638689 -0.00651193 -0.00659892 -0.00670197 -0.00674493 -0.0067459 -0.00669126 -0.00651163 -0.00624991 -0.00582035 -0.0052045 -0.00438041 -0.00321802 -0.00170613 0.000254684 0.00273655 0.00569784 0.00920139 0.0132081 0.0176563 0.022545 0.027694 0.032927 0.0380902 0.0429125 0.047211 0.0507877 0.0533458 0.0547361 0.0548578 0.0535678 0.0508368 0.0466639 0.0410671 0.0342194 0.0263055 0.0174524 0.0078831 -0.00214016 -0.0124279 -0.0227714 -0.0328951 -0.042547 -0.0515495 -0.0597491 -0.0669485 -0.0729447 -0.0776164 -0.0808883 
0 -0.00954284 -0.0190346 -0.028327 -0.0373039 -0.0459334 -0.0541512 -0.0618819 -0.0691359 -0.075926 -0.0821872 -0.0878569 -0.0929236 -0.0973749 -0.10114 -0.104108 -0.106212 -0.107388 -0.107501 -0.106483 -0.104391 -0.101226 -0.0970236 -0.0919183 -0.0860151 -0.0795013 -0.0726325 -0.0655451 -0.0584434 -0.051576 -0.0450594 -0.0390607 -0.0336731 -0.0288637 -0.0247069 -0.0211776 -0.0182155 -0.0158366 -0.0139035 -0.0123545 -0.0111469 -0.010151 -0.00938811 -0.00878513 -0.0082959 -0.00794832 -0.00764329 -0.00741857 -0.00723535 -0.00705662 -0.00693319 -0.00678556 -0.00667183 -0.00655987 -0.00643807 -0.00635284 -0.00623501 -0.00615627 -0.00606106 -0.00597535 -0.00590795 -0.00581765 -0.00576743 -0.00568473 -0.00563594 -0.0055712 -0.00551421 -0.00546907 -0.00540419 -0.00537222 -0.00530662 -0.00527845 -0.00522051 -0.00518874 -0.00514386 -0.00510545 -0.0050747 -0.0050307 -0.00501171 -0.00496557 -0.00495433 -0.00491002 -0.00490251 -0.00486328 -0.00485642 -0.00482422 -0.00481621 -0.00479177 -0.00478193 -0.00476501 -0.00475347 -0.00474331 -0.00473063 -0.00472626 -0.00471318 -0.0047136 -0.0047009 -0.0047052 -0.0046936 -0.00470102 -0.00469118 -0.00470102 -0.0046936 -0.0047052 -0.0047009 -0.0047136 -0.00471318 -0.00472626 -0.00473063 -0.00474331 -0.00475347 -0.00476501 -0.00478193 -0.00479177 -0.00481621 -0.00482422 -0.00485642 -0.00486328 -0.00490251 -0.00491002 -0.00495433 -0.00496557 -0.00501171 -0.0050307 -0.0050747 -0.00510545 -0.00514386 -0.00518874 -0.00522051 -0.00527845 -0.00530662 -0.00537222 -0.00540419 -0.00546907 -0.00551421 -0.0055712 -0.00563594 -0.00568473 -0.00576743 -0.00581765 -0.00590795 -0.00597534 -0.00606105 -0.00615623 -0.00623492 -0.00635258 -0.00643737 -0.0065581 -0.00666752 -0.00677554 -0.00691098 -0.00700965 -0.00714067 -0.00723665 -0.00731019 -0.00736683 -0.00732697 -0.00724075 -0.00702571 -0.00666696 -0.00616484 -0.00540486 -0.00439514 -0.00303161 -0.00122133 0.00103032 0.00382431 0.00713286 0.0109254 0.0152428 0.0199696 0.0250228 0.0302741 0.0354545 0.0404011 0.0449142 0.0487165 0.0516278 0.0534344 0.053959 0.0531853 0.0510583 0.0475254 0.0426789 0.0366303 0.0294929 0.021459 0.0127456 0.00357499 -0.00582996 -0.0152884 -0.0246278 -0.0336566 -0.0421945 -0.0500629 -0.0570958 -0.0631906 -0.0682723 -0.0722357 -0.0749887 
0 -0.010368 -0.0206108 -0.0305674 -0.0401349 -0.049263 -0.0578631 -0.0658647 -0.0732711 -0.0800765 -0.0862474 -0.0917956 -0.0967617 -0.10114 -0.104859 -0.107838 -0.110022 -0.111343 -0.111713 -0.111082 -0.109401 -0.106646 -0.102872 -0.0981066 -0.0924277 -0.0860614 -0.0791962 -0.0720058 -0.064736 -0.0575461 -0.0506215 -0.0441787 -0.0382671 -0.0329643 -0.0283269 -0.0242981 -0.0209231 -0.0181497 -0.0158734 -0.0140805 -0.0126263 -0.0114606 -0.0105574 -0.00980676 -0.0092448 -0.00879706 -0.00843219 -0.00817424 -0.00792872 -0.00774965 -0.00758537 -0.00742395 -0.00730657 -0.00715773 -0.00705146 -0.00693099 -0.00681638 -0.00672747 -0.00660959 -0.00653729 -0.00643364 -0.0063597 -0.00628204 -0.00619913 -0.00614509 -0.00605903 -0.00601623 -0.00593863 -0.00589406 -0.00583366 -0.00578062 -0.00573905 -0.00567847 -0.00565111 -0.00558886 -0.00556833 -0.00551133 -0.00549091 -0.0054443 -0.00541982 -0.00538584 -0.00535605 -0.00533436 -0.00530014 -0.00528879 -0.00525214 -0.00524858 -0.00521172 -0.00521353 -0.00517835 -0.00518368 -0.00515146 -0.00515911 -0.00513055 -0.00513992 -0.0051152 -0.00512618 -0.00510512 -0.00511792 -0.00510012 -0.00511516 -0.00510012 -0.00511792 -0.00510512 -0.00512618 -0.0051152 -0.00513992 -0.00513055 -0.00515911 -0.00515146 -0.00518368 -0.00517835 -0.00521353 -0.00521172 -0.00524858 -0.00525214 -0.00528879 -0.00530014 -0.00533436 -0.00535605 -0.00538584 -0.00541982 -0.0054443 -0.00549091 -0.00551133 -0.00556833 -0.00558886 -0.00565111 -0.00567847 -0.00573905 -0.00578062 -0.00583366 -0.00589406 -0.00593863 -0.00601623 -0.00605903 -0.00614509 -0.00619913 -0.00628204 -0.0063597 -0.00643364 -0.00653729 -0.00660957 -0.0067274 -0.0068162 -0.00693051 -0.0070502 -0.00715463 -0.00729925 -0.00740744 -0.00754985 -0.00767676 -0.00778613 -0.00790832 -0.00795936 -0.00799475 -0.00794344 -0.00778344 -0.00752984 -0.00707771 -0.00645136 -0.00556543 -0.00433057 -0.00273525 -0.000646914 0.00193697 0.00501662 0.00864349 0.0127353 0.0172857 0.0222347 0.0273806 0.0325812 0.0376108 0.0422192 0.0462457 0.0494355 0.0515524 0.052489 0.0521371 0.0504521 0.0474629 0.0431895 0.0377399 0.0313044 0.0240332 0.0160879 0.00770934 -0.000858153 -0.0094467 -0.0179216 -0.026102 -0.0338242 -0.0410141 -0.0475716 -0.0533319 -0.0582271 -0.062277 -0.0654235 -0.0675843 
0 -0.0109478 -0.0217148 -0.032162 -0.0421763 -0.0516553 -0.0605378 -0.0687867 -0.0763341 -0.0831474 -0.0892976 -0.0948464 -0.0997809 -0.104108 -0.107838 -0.110902 -0.113219 -0.114756 -0.115467 -0.115249 -0.114009 -0.111732 -0.10842 -0.104067 -0.0987595 -0.0926366 -0.085863 -0.0786763 -0.0712706 -0.0638135 -0.0565553 -0.0496658 -0.0432681 -0.0374944 -0.0323377 -0.0278247 -0.0239892 -0.0207525 -0.0181145 -0.0159921 -0.0142666 -0.0129203 -0.0118276 -0.0109589 -0.010293 -0.00973532 -0.00932378 -0.00898034 -0.00869403 -0.00848007 -0.00826116 -0.0081016 -0.00793901 -0.00779032 -0.00767351 -0.00753025 -0.00743379 -0.00731 -0.00720948 -0.00711398 -0.00700303 -0.0069292 -0.00681907 -0.00675155 -0.006658 -0.00658489 -0.00651594 -0.00643545 -0.0063879 -0.00630684 -0.00627048 -0.00619833 -0.00616254 -0.00610607 -0.00606437 -0.00602533 -0.00597654 -0.00595225 -0.00589914 -0.0058846 -0.00583163 -0.00582164 -0.00577309 -0.00576359 -0.00572247 -0.00571108 -0.00567889 -0.00566472 -0.00564169 -0.00562496 -0.00561046 -0.005592 -0.00558499 -0.00556585 -0.00556519 -0.00554641 -0.00555103 -0.00553355 -0.00554253 -0.00552716 -0.0055397 -0.00552716 -0.00554253 -0.00553355 -0.00555103 -0.00554641 -0.00556519 -0.00556585 -0.00558499 -0.005592 -0.00561046 -0.00562496 -0.00564169 -0.00566472 -0.00567889 -0.00571108 -0.00572247 -0.00576359 -0.00577309 -0.00582164 -0.00583163 -0.0058846 -0.00589914 -0.00595225 -0.00597654 -0.00602533 -0.00606437 -0.00610607 -0.00616254 -0.00619833 -0.00627048 -0.00630684 -0.0063879 -0.00643545 -0.00651594 -0.00658489 -0.006658 -0.00675155 -0.00681907 -0.00692919 -0.00700303 -0.00711396 -0.00720944 -0.00730988 -0.00743345 -0.00752937 -0.00767131 -0.00778503 -0.0079269 -0.00807509 -0.00820579 -0.00836976 -0.00848446 -0.00860066 -0.00866743 -0.0086513 -0.00857855 -0.00835333 -0.00800442 -0.00747396 -0.00668972 -0.00564719 -0.00421056 -0.0023432 -7.60828e-07 0.00289222 0.00627906 0.0101766 0.0145613 0.0193189 0.0243738 0.0295246 0.034538 0.0392466 0.0434128 0.0468166 0.0492677 0.050553 0.0505714 0.0493074 0.0467386 0.0429102 0.0379589 0.0320569 0.0253823 0.01812 0.010472 0.00264032 -0.0051824 -0.0128158 -0.0201252 -0.0270005 -0.0333259 -0.0390415 -0.044134 -0.0485531 -0.052251 -0.0552319 -0.0574873 -0.0590035 
0 -0.0112407 -0.0222924 -0.0330353 -0.0433337 -0.0530431 -0.0621094 -0.0704962 -0.0781261 -0.0850187 -0.0912724 -0.0968889 -0.101845 -0.106212 -0.110022 -0.113219 -0.115764 -0.117623 -0.118715 -0.118948 -0.118224 -0.116467 -0.113658 -0.10981 -0.104949 -0.0991552 -0.0926028 -0.0855004 -0.0780346 -0.0704212 -0.0628709 -0.0555685 -0.0487186 -0.0424311 -0.0367533 -0.0317516 -0.0274061 -0.0237152 -0.0206719 -0.0181691 -0.0161635 -0.0145601 -0.0132569 -0.0122417 -0.0114153 -0.010765 -0.0102652 -0.00984295 -0.00953069 -0.0092541 -0.00902211 -0.00883361 -0.00863606 -0.00848757 -0.00832285 -0.00818194 -0.00805426 -0.00791321 -0.00781242 -0.00768245 -0.00758974 -0.00748405 -0.00738666 -0.00730748 -0.00720584 -0.00714367 -0.0070474 -0.00698877 -0.00690798 -0.00684367 -0.00678273 -0.00671124 -0.00666763 -0.00659368 -0.00656067 -0.00649137 -0.00646172 -0.00640311 -0.00637157 -0.00632684 -0.00629111 -0.00626048 -0.00622077 -0.00620239 -0.00616043 -0.00615149 -0.00610951 -0.00610719 -0.00606724 -0.00606923 -0.0060328 -0.00603756 -0.00600548 -0.00601218 -0.00598473 -0.00599312 -0.00597016 -0.0059804 -0.00596151 -0.00597404 -0.00595864 -0.00597404 -0.00596151 -0.0059804 -0.00597016 -0.00599312 -0.00598473 -0.00601218 -0.00600548 -0.00603756 -0.0060328 -0.00606923 -0.00606724 -0.00610719 -0.00610951 -0.00615149 -0.00616043 -0.00620239 -0.00622077 -0.00626048 -0.00629111 -0.00632684 -0.00637157 -0.00640311 -0.00646172 -0.00649137 -0.00656067 -0.00659368 -0.00666763 -0.00671124 -0.00678273 -0.00684367 -0.00690798 -0.00698877 -0.0070474 -0.00714367 -0.00720584 -0.00730748 -0.00738666 -0.00748404 -0.00758973 -0.00768242 -0.00781234 -0.00791298 -0.00805366 -0.0081804 -0.00831909 -0.00847881 -0.00861655 -0.00879211 -0.00893791 -0.00909111 -0.00922972 -0.00931271 -0.00937304 -0.00932854 -0.00919591 -0.00893731 -0.00849137 -0.00786425 -0.00694849 -0.00569919 -0.00405195 -0.00190589 0.000731553 0.00389632 0.00758133 0.0117265 0.0163132 0.0212205 0.0262744 0.031294 0.0360388 0.0403049 0.0439025 0.0465991 0.0482031 0.0485937 0.0477071 0.045538 0.0421316 0.0375913 0.0320962 0.0258818 0.0191523 0.0120752 0.004876 -0.00223044 -0.00913466 -0.0157002 -0.0217389 -0.0271827 -0.0320474 -0.0362964 -0.0399125 -0.0429494 -0.045434 -0.0473538 -0.0487304 -0.0496164 
0 -0.0112659 -0.0223597 -0.0331727 -0.0435644 -0.0533664 -0.0624946 -0.0709248 -0.0786438 -0.0856746 -0.0920406 -0.0977522 -0.102857 -0.107388 -0.111343 -0.114756 -0.117623 -0.119849 -0.121375 -0.122139 -0.121988 -0.120813 -0.11859 -0.115292 -0.110931 -0.10558 -0.0993507 -0.0924288 -0.0850267 -0.0773354 -0.0695564 -0.0619147 -0.0546153 -0.0478144 -0.0416256 -0.0360945 -0.0312365 -0.0270724 -0.0235643 -0.0206676 -0.0183219 -0.0164154 -0.0148912 -0.0136694 -0.0126821 -0.0119147 -0.0112926 -0.0108068 -0.0104234 -0.0100946 -0.00983915 -0.00959843 -0.00939358 -0.00920925 -0.0090235 -0.00887388 -0.00870868 -0.00857399 -0.0084384 -0.0083076 -0.00820082 -0.00807551 -0.00798576 -0.00787454 -0.00778818 -0.00769755 -0.00760763 -0.00753685 -0.00744523 -0.0073874 -0.00730113 -0.00724766 -0.00717376 -0.00711853 -0.00706059 -0.00700161 -0.00695907 -0.00689798 -0.00686736 -0.0068077 -0.00678448 -0.00672993 -0.00671006 -0.00666336 -0.00664406 -0.00660663 -0.0065865 -0.00655856 -0.00653732 -0.00651827 -0.00649635 -0.00648519 -0.00646336 -0.00645896 -0.00643806 -0.00643938 -0.00642019 -0.00642636 -0.00640956 -0.00641986 -0.00640603 -0.00641986 -0.00640956 -0.00642636 -0.00642019 -0.00643938 -0.00643806 -0.00645896 -0.00646336 -0.00648519 -0.00649635 -0.00651827 -0.00653732 -0.00655856 -0.0065865 -0.00660663 -0.00664406 -0.00666336 -0.00671006 -0.00672993 -0.00678448 -0.0068077 -0.00686736 -0.00689798 -0.00695907 -0.00700161 -0.00706059 -0.00711853 -0.00717376 -0.00724766 -0.00730113 -0.0073874 -0.00744523 -0.00753685 -0.00760763 -0.00769755 -0.00778818 -0.00787454 -0.00798576 -0.0080755 -0.0082008 -0.00830755 -0.00843824 -0.00857358 -0.00870762 -0.00887124 -0.00901725 -0.00919508 -0.00936291 -0.00953503 -0.00971408 -0.00985917 -0.0100005 -0.0100815 -0.0101032 -0.0100448 -0.00985411 -0.00953538 -0.00901781 -0.00825999 -0.00720431 -0.00574923 -0.00385081 -0.00144669 0.00148582 0.00492027 0.00884743 0.0132137 0.0179304 0.0228706 0.0278349 0.0326027 0.0369686 0.0407236 0.0436487 0.0455476 0.0462659 0.0457221 0.0439338 0.0409389 0.0368025 0.0317116 0.0258898 0.0195374 0.012894 0.00618265 -0.000408834 -0.00667983 -0.0125079 -0.0178381 -0.0225577 -0.0265943 -0.0299972 -0.0327989 -0.0350105 -0.0367184 -0.0380015 -0.0388894 -0.0394576 -0.0397909 
