0 0 0 0 0 0 0 0 0 0 0 0 0 0 0 0 0 0 0 0 0 0 0 0 0 0 0 0 0 0 0 0 0 0 0 0 0 0 0 0 0 0 0 0 0 0 0 0 0 0 0 0 0 0 0 0 0 0 0 0 0 0 0 0 0 0 0 0 0 0 0 0 0 0 0 0 0 0 0 0 0 0 0 0 0 0 0 0 0 0 0 0 0 0 0 0 0 0 0 0 0 0 0 0 0 0 0 0 0 0 0 0 0 0 0 0 0 0 0 0 0 0 0 0 0 0 0 0 0 0 0 0 0 0 0 0 0 0 0 0 0 0 0 0 0 0 0 0 0 0 0 0 0 0 0 0 0 0 0 0 0 0 0 0 0 0 0 0 0 0 0 0 0 0 0 0 0 0 0 0 0 0 0 0 0 0 0 0 0 0 0 0 0 0 0 0 0 0 0 0 
0 -6.48462e-05 -0.000241044 -0.000538077 -0.000894509 -0.00129112 -0.00178907 -0.00244942 -0.00325086 -0.00410681 -0.0049416 -0.00572875 -0.00646907 -0.00715505 -0.0077571 -0.00823414 -0.00855585 -0.0087166 -0.00872953 -0.00861232 -0.00838083 -0.00805043 -0.00763948 -0.00717199 -0.00667531 -0.00617332 -0.00568212 -0.00520977 -0.00475866 -0.00432988 -0.00392665 -0.0035541 -0.0032178 -0.00292147 -0.00266495 -0.00244437 -0.00225355 -0.00208576 -0.00193572 -0.00180039 -0.00167875 -0.00157117 -0.00147813 -0.00139935 -0.00133354 -0.00127826 -0.00123058 -0.00118767 -0.00114719 -0.00110785 -0.00106922 -0.00103169 -0.000996107 -0.000963369 -0.000934238 -0.000909039 -0.000887668 -0.000869657 -0.000854213 -0.000840493 -0.000827633 -0.00081495 -0.000801976 -0.000788457 -0.000774407 -0.000759959 -0.000745414 -0.000731088 -0.000717314 -0.000704386 -0.000692502 -0.00068182 -0.000672366 -0.000664143 -0.000657051 -0.000650982 -0.000645787 -0.000641311 -0.000637413 -0.000633944 -0.000630805 -0.00062788 -0.000625119 -0.000622451 -0.000619863 -0.000617322 -0.000614842 -0.000612417 -0.00061007 -0.000607814 -0.000605671 -0.000603663 -0.000601808 -0.000600128 -0.000598636 -0.000597352 -0.000596282 -0.000595443 -0.000594835 -0.000594472 -0.000594347 -0.000594472 -0.000594835 -0.000595443 -0.000596282 -0.000597352 -0.000598636 -0.000600128 -0.000601808 -0.000603663 -0.000605671 -0.000607814 -0.00061007 -0.000612417 -0.000614842 -0.000617322 -0.000619863 -0.000622451 -0.000625119 -0.00062788 -0.000630805 -0.000633944 -0.000637413 -0.000641311 -0.000645787 -0.000650982 -0.000657051 -0.000664143 -0.000672366 -0.00068182 -0.000692502 -0.000704386 -0.000717314 -0.000731088 -0.000745414 -0.000759959 -0.000774407 -0.000788457 -0.000801976 -0.00081495 -0.000827633 -0.000840493 -0.000854213 -0.000869657 -0.000887668 -0.000909039 -0.000934238 -0.000963369 -0.000996107 -0.00103169 -0.00106922 -0.00110785 -0.00114719 -0.00118767 -0.00123058 -0.00127826 -0.00133354 -0.00139935 -0.00147813 -0.00157117 -0.00167875 -0.00180039 -0.00193572 -0.00208576 -0.00225355 -0.00244437 -0.00266495 -0.00292146 -0.00321775 -0.00355397 -0.00392626 -0.00432883 -0.00475597 -0.00520335 -0.00566766 -0.00614268 -0.00661419 -0.00705738 -0.00743743 -0.00771554 -0.00785834 -0.00784256 -0.00765199 -0.00726883 -0.0066627 -0.00578852 -0.00460229 -0.00308489 -0.00125586 0.000831663 0.00311506 0.00554952 0.00810488 0.0107266 0.0133107 0.0157321 0.017894 0.0197371 0.0212087 0.0222432 
0 -0.000241044 -0.000602541 -0.00113131 -0.0018181 -0.00266794 -0.00372128 -0.00500703 -0.00649744 -0.008112 -0.00975136 -0.0113298 -0.012792 -0.0141072 -0.0152462 -0.0161671 -0.0168246 -0.0171875 -0.0172492 -0.0170309 -0.0165755 -0.0159341 -0.0151553 -0.0142814 -0.0133474 -0.0123825 -0.0114133 -0.0104637 -0.00955388 -0.00869941 -0.00790997 -0.00718943 -0.00653776 -0.00595243 -0.00542981 -0.00496642 -0.00455862 -0.00420241 -0.00389328 -0.00362574 -0.00339383 -0.00319168 -0.00301377 -0.00285574 -0.00271435 -0.00258736 -0.00247347 -0.00237164 -0.00228097 -0.00220045 -0.00212872 -0.00206439 -0.00200595 -0.00195203 -0.00190154 -0.00185367 -0.00180801 -0.00176441 -0.00172294 -0.00168381 -0.00164718 -0.00161326 -0.00158204 -0.00155351 -0.00152746 -0.00150363 -0.00148174 -0.00146141 -0.00144238 -0.00142435 -0.0014071 -0.00139047 -0.00137436 -0.00135873 -0.00134354 -0.00132886 -0.00131467 -0.00130108 -0.00128809 -0.00127578 -0.00126416 -0.00125327 -0.00124311 -0.00123369 -0.00122501 -0.00121703 -0.00120975 -0.00120312 -0.00119713 -0.00119174 -0.00118693 -0.00118265 -0.00117891 -0.00117565 -0.00117288 -0.00117055 -0.00116868 -0.00116722 -0.0011662 -0.00116558 -0.00116538 -0.00116558 -0.0011662 -0.00116722 -0.00116868 -0.00117055 -0.00117288 -0.00117565 -0.00117891 -0.00118265 -0.00118693 -0.00119174 -0.00119713 -0.00120312 -0.00120975 -0.00121703 -0.00122501 -0.00123369 -0.00124311 -0.00125327 -0.00126416 -0.00127578 -0.00128809 -0.00130108 -0.00131467 -0.00132886 -0.00134354 -0.00135873 -0.00137436 -0.00139047 -0.0014071 -0.00142435 -0.00144238 -0.00146141 -0.00148174 -0.00150363 -0.00152746 -0.00155351 -0.00158204 -0.00161326 -0.00164718 -0.00168381 -0.00172294 -0.00176441 -0.00180801 -0.00185367 -0.00190154 -0.00195203 -0.00200595 -0.00206439 -0.00212872 -0.00220045 -0.00228097 -0.00237164 -0.00247347 -0.00258736 -0.00271435 -0.00285574 -0.00301377 -0.00319168 -0.00339383 -0.00362574 -0.00389328 -0.00420241 -0.00455862 -0.00496641 -0.0054298 -0.00595239 -0.00653763 -0.00718905 -0.00790892 -0.00869666 -0.00954713 -0.010448 -0.011379 -0.0123119 -0.0132101 -0.0140299 -0.0147213 -0.0152284 -0.0154915 -0.0154518 -0.0150527 -0.0142406 -0.0129626 -0.0111629 -0.00878693 -0.00580228 -0.00222096 0.00189093 0.00642449 0.0112589 0.0162866 0.0213975 0.0264347 0.0311894 0.0354556 0.0390798 0.041949 0.0439519 
0 -0.000538077 -0.00113131 -0.00187891 -0.00289247 -0.00422217 -0.0058395 -0.00769599 -0.0097669 -0.012017 -0.0143513 -0.0166345 -0.018754 -0.0206456 -0.0222716 -0.0235935 -0.0245632 -0.0251328 -0.0252799 -0.0250256 -0.0244269 -0.0235556 -0.022482 -0.0212649 -0.0199493 -0.018575 -0.0171803 -0.0158014 -0.0144713 -0.0132155 -0.0120492 -0.0109789 -0.0100049 -0.00912347 -0.00833083 -0.00762336 -0.00699711 -0.00644775 -0.00596931 -0.00555399 -0.0051933 -0.00487823 -0.00460067 -0.00435417 -0.0041337 -0.00393604 -0.003759 -0.0036008 -0.00346002 -0.00333481 -0.00322317 -0.00312297 -0.00303196 -0.00294829 -0.00287031 -0.00279692 -0.00272746 -0.00266156 -0.00259928 -0.00254063 -0.00248579 -0.00243484 -0.00238769 -0.00234427 -0.00230425 -0.00226736 -0.00223316 -0.00220129 -0.00217139 -0.00214311 -0.00211624 -0.00209052 -0.00206589 -0.0020422 -0.00201948 -0.00199769 -0.00197685 -0.001957 -0.00193813 -0.00192032 -0.00190352 -0.0018878 -0.00187309 -0.00185944 -0.00184677 -0.00183512 -0.00182439 -0.0018146 -0.00180569 -0.00179763 -0.00179038 -0.00178392 -0.00177822 -0.00177324 -0.00176898 -0.0017654 -0.0017625 -0.00176025 -0.00175866 -0.0017577 -0.00175739 -0.0017577 -0.00175866 -0.00176025 -0.0017625 -0.0017654 -0.00176898 -0.00177324 -0.00177822 -0.00178392 -0.00179038 -0.00179763 -0.00180569 -0.0018146 -0.00182439 -0.00183512 -0.00184677 -0.00185944 -0.00187309 -0.0018878 -0.00190352 -0.00192032 -0.00193813 -0.001957 -0.00197685 -0.00199769 -0.00201948 -0.0020422 -0.00206589 -0.00209052 -0.00211624 -0.00214311 -0.00217139 -0.00220129 -0.00223316 -0.00226736 -0.00230425 -0.00234427 -0.00238769 -0.00243484 -0.00248579 -0.00254063 -0.00259928 -0.00266156 -0.00272746 -0.00279692 -0.00287031 -0.00294829 -0.00303196 -0.00312297 -0.00322317 -0.00333481 -0.00346002 -0.0036008 -0.003759 -0.00393604 -0.0041337 -0.00435417 -0.00460067 -0.00487823 -0.0051933 -0.00555399 -0.00596931 -0.00644775 -0.0069971 -0.00762335 -0.0083308 -0.00912337 -0.0100046 -0.010978 -0.0120468 -0.0132096 -0.0144573 -0.0157702 -0.0171147 -0.0184447 -0.0197048 -0.0208319 -0.0217579 -0.0224094 -0.0227049 -0.0225568 -0.0218758 -0.0205744 -0.0185735 -0.0158082 -0.0122275 -0.00780391 -0.002553 0.0034552 0.0100964 0.0171976 0.0245585 0.0319784 0.0392505 0.0461296 0.0523371 0.0576144 0.0617614 0.0646278 
0 -0.000894509 -0.0018181 -0.00289247 -0.00427578 -0.00603687 -0.00813351 -0.0104978 -0.0130868 -0.0158497 -0.018695 -0.0215076 -0.0241725 -0.0265841 -0.0286568 -0.0303301 -0.0315593 -0.0323124 -0.0325822 -0.0323887 -0.0317725 -0.0307932 -0.029524 -0.0280397 -0.0264114 -0.0247031 -0.0229659 -0.0212393 -0.0195551 -0.017938 -0.0164084 -0.0149837 -0.0136756 -0.0124897 -0.011426 -0.010478 -0.00963612 -0.00888956 -0.00822748 -0.00764115 -0.00712339 -0.00666772 -0.0062687 -0.00592013 -0.00561545 -0.00534814 -0.00511133 -0.00489929 -0.00470722 -0.00453147 -0.00437001 -0.00422137 -0.00408496 -0.0039604 -0.00384708 -0.00374448 -0.00365144 -0.00356683 -0.00348929 -0.00341738 -0.00335006 -0.00328618 -0.00322518 -0.00316655 -0.00311013 -0.00305599 -0.00300413 -0.00295489 -0.00290829 -0.0028646 -0.00282382 -0.00278597 -0.00275099 -0.00271869 -0.00268897 -0.0026615 -0.00263619 -0.00261269 -0.00259089 -0.00257054 -0.00255152 -0.00253368 -0.0025169 -0.00250116 -0.00248632 -0.00247243 -0.00245937 -0.00244724 -0.00243593 -0.00242554 -0.00241598 -0.00240734 -0.00239955 -0.00239271 -0.00238672 -0.00238169 -0.00237753 -0.00237432 -0.002372 -0.00237063 -0.00237015 -0.00237063 -0.002372 -0.00237432 -0.00237753 -0.00238169 -0.00238672 -0.00239271 -0.00239955 -0.00240734 -0.00241598 -0.00242554 -0.00243593 -0.00244724 -0.00245937 -0.00247243 -0.00248632 -0.00250116 -0.0025169 -0.00253368 -0.00255152 -0.00257054 -0.00259089 -0.00261269 -0.00263619 -0.0026615 -0.00268897 -0.00271869 -0.00275099 -0.00278597 -0.00282382 -0.0028646 -0.00290829 -0.00295489 -0.00300413 -0.00305599 -0.00311013 -0.00316655 -0.00322518 -0.00328618 -0.00335006 -0.00341738 -0.00348929 -0.00356683 -0.00365144 -0.00374448 -0.00384708 -0.0039604 -0.00408496 -0.00422137 -0.00437001 -0.00453147 -0.00470722 -0.00489929 -0.00511133 -0.00534814 -0.00561545 -0.00592013 -0.0062687 -0.00666772 -0.00712339 -0.00764115 -0.00822748 -0.00888956 -0.00963611 -0.010478 -0.011426 -0.0124895 -0.0136749 -0.0149817 -0.0164034 -0.0179261 -0.0195281 -0.0211818 -0.0228498 -0.0244817 -0.0260123 -0.0273595 -0.0284253 -0.0291069 -0.0293009 -0.028906 -0.0278241 -0.0259546 -0.023191 -0.0194406 -0.0146478 -0.00880663 -0.00196612 0.0057769 0.0142941 0.0234138 0.0328878 0.0424038 0.0516519 0.0603538 0.0682232 0.0749415 0.0802114 0.0838285 
0 -0.00129112 -0.00266794 -0.00422217 -0.00603687 -0.00816951 -0.0106426 -0.0134264 -0.0164338 -0.0195639 -0.0227474 -0.0259227 -0.0289823 -0.0317827 -0.0342025 -0.0361656 -0.0376307 -0.0385835 -0.0390258 -0.0389644 -0.038422 -0.037449 -0.0361155 -0.0345018 -0.0326918 -0.0307595 -0.0287635 -0.0267528 -0.0247666 -0.0228363 -0.0209907 -0.0192527 -0.0176379 -0.0161565 -0.0148112 -0.0135981 -0.012511 -0.0115404 -0.0106763 -0.00990972 -0.00923098 -0.00863164 -0.00810353 -0.00763796 -0.00722756 -0.00686468 -0.0065424 -0.00625516 -0.00599742 -0.00576526 -0.00555522 -0.00536427 -0.0051905 -0.00503158 -0.00488608 -0.0047525 -0.00462933 -0.00451572 -0.0044103 -0.00431241 -0.00422116 -0.00413584 -0.00405607 -0.0039811 -0.00391081 -0.0038446 -0.00378233 -0.00372368 -0.00366833 -0.00361625 -0.00356701 -0.00352067 -0.00347686 -0.00343561 -0.00339668 -0.00335999 -0.00332547 -0.00329293 -0.00326242 -0.00323368 -0.00320684 -0.00318163 -0.00315816 -0.00313621 -0.00311588 -0.00309697 -0.00307954 -0.00306347 -0.00304877 -0.00303538 -0.00302324 -0.00301239 -0.00300271 -0.00299427 -0.00298694 -0.00298083 -0.00297579 -0.00297194 -0.00296914 -0.00296752 -0.00296693 -0.00296752 -0.00296914 -0.00297194 -0.00297579 -0.00298083 -0.00298694 -0.00299427 -0.00300271 -0.00301239 -0.00302324 -0.00303538 -0.00304877 -0.00306347 -0.00307954 -0.00309697 -0.00311588 -0.00313621 -0.00315816 -0.00318163 -0.00320684 -0.00323368 -0.00326242 -0.00329293 -0.00332547 -0.00335999 -0.00339668 -0.00343561 -0.00347686 -0.00352067 -0.00356701 -0.00361625 -0.00366833 -0.00372368 -0.00378233 -0.0038446 -0.00391081 -0.0039811 -0.00405607 -0.00413584 -0.00422116 -0.00431241 -0.0044103 -0.00451572 -0.00462933 -0.0047525 -0.00488608 -0.00503158 -0.0051905 -0.00536427 -0.00555522 -0.00576526 -0.00599742 -0.00625516 -0.0065424 -0.00686468 -0.00722756 -0.00763796 -0.00810353 -0.00863164 -0.00923098 -0.00990972 -0.0106763 -0.0115404 -0.012511 -0.0135981 -0.014811 -0.016156 -0.0176362 -0.0192486 -0.0209807 -0.0228135 -0.0247172 -0.0266517 -0.028568 -0.0304021 -0.0320736 -0.033488 -0.0345349 -0.0350956 -0.0350538 -0.0342937 -0.0326976 -0.0301504 -0.0265379 -0.0217626 -0.0157791 -0.00860659 -0.000313252 0.00899241 0.0191631 0.0300077 0.0412578 0.052546 0.0634695 0.0736804 0.0828791 0.0907406 0.096924 0.101171 
0 -0.00178907 -0.00372128 -0.0058395 -0.00813351 -0.0106426 -0.0134364 -0.0165073 -0.0197592 -0.0231052 -0.0265048 -0.0298954 -0.0331554 -0.0361518 -0.0387798 -0.0409628 -0.0426547 -0.0438352 -0.0444886 -0.0446076 -0.0442164 -0.0433639 -0.0421101 -0.0405266 -0.0386867 -0.0366569 -0.0345039 -0.0322921 -0.0300754 -0.0278995 -0.0258004 -0.0237998 -0.0219137 -0.0201534 -0.0185248 -0.0170336 -0.015682 -0.014467 -0.0133834 -0.012421 -0.0115671 -0.0108097 -0.0101354 -0.00953411 -0.00899767 -0.0085186 -0.00809224 -0.00771335 -0.00737693 -0.0070786 -0.00681246 -0.00657394 -0.00635817 -0.00616079 -0.00597908 -0.00581005 -0.00565258 -0.00550553 -0.00536825 -0.00524083 -0.00512248 -0.00501337 -0.00491266 -0.00481988 -0.00473437 -0.00465503 -0.00458146 -0.00451243 -0.00444766 -0.00438627 -0.00432796 -0.00427241 -0.00421924 -0.00416859 -0.00412004 -0.00407397 -0.00402998 -0.00398845 -0.00394911 -0.00391214 -0.00387746 -0.00384501 -0.00381488 -0.0037868 -0.00376097 -0.00373702 -0.00371519 -0.00369507 -0.00367693 -0.00366034 -0.00364558 -0.00363225 -0.00362062 -0.00361033 -0.00360162 -0.00359421 -0.00358827 -0.0035836 -0.00358035 -0.00357833 -0.00357772 -0.00357833 -0.00358035 -0.0035836 -0.00358827 -0.00359421 -0.00360162 -0.00361033 -0.00362062 -0.00363225 -0.00364558 -0.00366034 -0.00367693 -0.00369507 -0.00371519 -0.00373702 -0.00376097 -0.0037868 -0.00381488 -0.00384501 -0.00387746 -0.00391214 -0.00394911 -0.00398845 -0.00402998 -0.00407397 -0.00412004 -0.00416859 -0.00421924 -0.00427241 -0.00432796 -0.00438627 -0.00444766 -0.00451243 -0.00458146 -0.00465503 -0.00473437 -0.00481988 -0.00491266 -0.00501337 -0.00512248 -0.00524083 -0.00536825 -0.00550553 -0.00565258 -0.00581005 -0.00597908 -0.00616079 -0.00635817 -0.00657394 -0.00681246 -0.0070786 -0.00737693 -0.00771335 -0.00809224 -0.0085186 -0.00899767 -0.00953411 -0.0101354 -0.0108097 -0.0115671 -0.012421 -0.0133834 -0.0144669 -0.015682 -0.0170335 -0.0185243 -0.0201521 -0.0219103 -0.0237915 -0.0257813 -0.0278576 -0.0299885 -0.032122 -0.0341885 -0.0361039 -0.0377672 -0.0390737 -0.0399188 -0.0401897 -0.0397659 -0.0385171 -0.0362958 -0.0329598 -0.0284043 -0.0225692 -0.0154439 -0.00706721 0.00249801 0.0131645 0.0247671 0.0370407 0.0496641 0.0622855 0.0745084 0.0859147 0.0961209 0.104793 0.111623 0.116339 
0 -0.00244942 -0.00500703 -0.00769599 -0.0104978 -0.0134264 -0.0165073 -0.0197308 -0.0230711 -0.0265057 -0.0299784 -0.0333905 -0.0366495 -0.0396806 -0.0423951 -0.044707 -0.0465683 -0.0479509 -0.0488281 -0.0491936 -0.0490603 -0.0484473 -0.0473944 -0.0459634 -0.0442181 -0.0422264 -0.0400617 -0.0377862 -0.0354552 -0.0331211 -0.0308232 -0.028594 -0.0264628 -0.024448 -0.0225637 -0.0208202 -0.0192188 -0.0177594 -0.0164385 -0.0152477 -0.0141802 -0.0132264 -0.0123758 -0.0116198 -0.0109474 -0.0103492 -0.00981674 -0.00934059 -0.00891468 -0.00853208 -0.00818732 -0.00787681 -0.0075956 -0.0073414 -0.00711076 -0.00690079 -0.00670966 -0.00653406 -0.00637279 -0.00622336 -0.00608432 -0.00595468 -0.00583274 -0.00571858 -0.00561079 -0.0055096 -0.00541439 -0.00532485 -0.00524114 -0.00516242 -0.00508917 -0.00502039 -0.00495645 -0.00489655 -0.00484066 -0.00478845 -0.00473945 -0.00469378 -0.00465067 -0.00461055 -0.00457256 -0.00453723 -0.00450382 -0.00447276 -0.00444355 -0.00441642 -0.00439115 -0.00436776 -0.00434625 -0.00432647 -0.00430861 -0.00429235 -0.00427804 -0.00426525 -0.00425441 -0.00424503 -0.00423761 -0.00423161 -0.00422757 -0.00422492 -0.00422423 -0.00422492 -0.00422757 -0.00423161 -0.00423761 -0.00424503 -0.00425441 -0.00426525 -0.00427804 -0.00429235 -0.00430861 -0.00432647 -0.00434625 -0.00436776 -0.00439115 -0.00441642 -0.00444355 -0.00447276 -0.00450382 -0.00453723 -0.00457256 -0.00461055 -0.00465067 -0.00469378 -0.00473945 -0.00478845 -0.00484066 -0.00489655 -0.00495645 -0.00502039 -0.00508917 -0.00516242 -0.00524114 -0.00532485 -0.00541439 -0.0055096 -0.00561079 -0.00571858 -0.00583274 -0.00595468 -0.00608432 -0.00622336 -0.00637279 -0.00653406 -0.00670966 -0.00690079 -0.00711076 -0.0073414 -0.0075956 -0.00787681 -0.00818732 -0.00853208 -0.00891468 -0.00934059 -0.00981674 -0.0103492 -0.0109474 -0.0116198 -0.0123758 -0.0132264 -0.0141802 -0.0152477 -0.0164385 -0.0177594 -0.0192187 -0.0208198 -0.0225626 -0.0244453 -0.0264561 -0.0285781 -0.0307881 -0.0330474 -0.0353088 -0.0375111 -0.0395725 -0.0414019 -0.0428979 -0.0439477 -0.0444421 -0.0442685 -0.043296 -0.0413861 -0.0383952 -0.0341827 -0.0286568 -0.0217939 -0.0136071 -0.00413446 0.00655345 0.0183519 0.0310805 0.0444354 0.058045 0.0715649 0.084651 0.0968733 0.107762 0.116938 0.124136 0.129106 
0 -0.00325086 -0.00649744 -0.0097669 -0.0130868 -0.0164338 -0.0197592 -0.0230711 -0.0264251 -0.0298172 -0.0331612 -0.0363905 -0.0394929 -0.0424266 -0.0450969 -0.0474252 -0.0493691 -0.050897 -0.0519943 -0.0526557 -0.0528548 -0.0525716 -0.0518276 -0.0506662 -0.0491439 -0.0473348 -0.0453031 -0.043099 -0.0407778 -0.0383892 -0.0359773 -0.0335922 -0.0312732 -0.0290482 -0.0269423 -0.024966 -0.0231239 -0.0214212 -0.0198553 -0.0184249 -0.0171292 -0.0159604 -0.0149135 -0.0139792 -0.0131454 -0.012403 -0.0117391 -0.0111442 -0.0106104 -0.0101287 -0.00969516 -0.00930376 -0.00895039 -0.00863235 -0.00834434 -0.00808459 -0.00784857 -0.00763335 -0.00743668 -0.00725467 -0.00708675 -0.00692977 -0.00678329 -0.00664609 -0.00651692 -0.00639627 -0.00628235 -0.00617618 -0.00607627 -0.00598303 -0.00589588 -0.00581419 -0.0057383 -0.00566683 -0.00560061 -0.00553807 -0.00548004 -0.00542529 -0.00537422 -0.00532626 -0.00528124 -0.00523928 -0.00519969 -0.0051631 -0.00512851 -0.00509685 -0.00506696 -0.00503989 -0.0050145 -0.00499179 -0.00497073 -0.00495219 -0.00493532 -0.00492082 -0.00490802 -0.00489748 -0.00488867 -0.00488201 -0.00487711 -0.0048743 -0.00487326 -0.0048743 -0.00487711 -0.00488201 -0.00488867 -0.00489748 -0.00490802 -0.00492082 -0.00493532 -0.00495219 -0.00497073 -0.00499179 -0.0050145 -0.00503989 -0.00506696 -0.00509685 -0.00512851 -0.0051631 -0.00519969 -0.00523928 -0.00528124 -0.00532626 -0.00537422 -0.00542529 -0.00548004 -0.00553807 -0.00560061 -0.00566683 -0.0057383 -0.00581419 -0.00589588 -0.00598303 -0.00607627 -0.00617618 -0.00628235 -0.00639627 -0.00651692 -0.00664609 -0.00678329 -0.00692977 -0.00708675 -0.00725467 -0.00743668 -0.00763335 -0.00784857 -0.00808459 -0.00834434 -0.00863235 -0.00895039 -0.00930376 -0.00969516 -0.0101287 -0.0106104 -0.0111442 -0.0117391 -0.012403 -0.0131454 -0.0139792 -0.0149135 -0.0159604 -0.0171292 -0.0184249 -0.0198552 -0.0214211 -0.0231236 -0.0249652 -0.0269401 -0.0290428 -0.0312603 -0.0335631 -0.0359154 -0.0382646 -0.0405405 -0.0426708 -0.0445712 -0.0461469 -0.0473069 -0.047945 -0.0479392 -0.0471674 -0.0454915 -0.0427653 -0.0388719 -0.0337202 -0.0272427 -0.0194228 -0.0102762 0.000172108 0.0118362 0.0245336 0.0380299 0.0520554 0.0662786 0.0803335 0.0938546 0.106439 0.117634 0.127036 0.134354 0.139363 
0 -0.00410681 -0.008112 -0.012017 -0.0158497 -0.0195639 -0.0231052 -0.0265057 -0.0298172 -0.0330174 -0.0360684 -0.0389897 -0.0417991 -0.0444599 -0.0469291 -0.0491712 -0.0511277 -0.0527529 -0.0540408 -0.0549705 -0.0554971 -0.0555997 -0.0552711 -0.0545101 -0.053354 -0.0518585 -0.0500701 -0.0480491 -0.0458565 -0.0435368 -0.0411414 -0.0387188 -0.0363024 -0.0339319 -0.0316398 -0.0294458 -0.0273743 -0.0254371 -0.0236375 -0.021982 -0.0204644 -0.019079 -0.0178222 -0.0166819 -0.0156537 -0.0147294 -0.0138988 -0.0131575 -0.0124939 -0.0119008 -0.0113708 -0.010893 -0.0104635 -0.0100734 -0.00971837 -0.00939507 -0.00909788 -0.00882696 -0.00857772 -0.00834963 -0.00814099 -0.00794881 -0.0077736 -0.00761123 -0.0074623 -0.00732381 -0.0071949 -0.00707488 -0.00696135 -0.00685545 -0.00675434 -0.00665963 -0.00656925 -0.00648408 -0.00640351 -0.00632712 -0.00625571 -0.00618777 -0.00612494 -0.00606519 -0.00601034 -0.00595842 -0.00591091 -0.00586632 -0.00582551 -0.00578769 -0.005753 -0.00572137 -0.00569228 -0.00566629 -0.00564239 -0.00562159 -0.00560255 -0.00558658 -0.00557214 -0.00556073 -0.00555071 -0.00554369 -0.00553797 -0.00553523 -0.00553374 -0.00553523 -0.00553797 -0.00554369 -0.00555071 -0.00556073 -0.00557214 -0.00558658 -0.00560255 -0.00562159 -0.00564239 -0.00566629 -0.00569228 -0.00572137 -0.005753 -0.00578769 -0.00582551 -0.00586632 -0.00591091 -0.00595842 -0.00601034 -0.00606519 -0.00612494 -0.00618777 -0.00625571 -0.00632712 -0.00640351 -0.00648408 -0.00656925 -0.00665963 -0.00675434 -0.00685545 -0.00696135 -0.00707488 -0.0071949 -0.00732381 -0.0074623 -0.00761123 -0.0077736 -0.00794881 -0.00814099 -0.00834963 -0.00857772 -0.00882696 -0.00909788 -0.00939507 -0.00971837 -0.0100734 -0.0104635 -0.010893 -0.0113708 -0.0119008 -0.0124939 -0.0131575 -0.0138988 -0.0147294 -0.0156537 -0.0166819 -0.0178222 -0.019079 -0.0204644 -0.021982 -0.0236374 -0.0254368 -0.0273737 -0.0294441 -0.0316354 -0.0339215 -0.0362787 -0.0386676 -0.0410368 -0.0433344 -0.0454859 -0.0474061 -0.0490115 -0.0501991 -0.0508664 -0.0509192 -0.0502402 -0.0487036 -0.0461898 -0.0425654 -0.0377203 -0.0316068 -0.024198 -0.0154745 -0.00545794 0.00580048 0.0182014 0.0315271 0.0454824 0.0598112 0.0742653 0.0884902 0.102054 0.114562 0.125663 0.134996 0.142221 0.147108 
0 -0.0049416 -0.00975136 -0.0143513 -0.018695 -0.0227474 -0.0265048 -0.0299784 -0.0331612 -0.0360684 -0.0387675 -0.0413038 -0.0436694 -0.0458901 -0.0480289 -0.0500749 -0.0519512 -0.0536118 -0.0550292 -0.0561616 -0.0569911 -0.0575008 -0.0576349 -0.057358 -0.0566781 -0.0556076 -0.0541871 -0.0524849 -0.0505479 -0.0484229 -0.0461657 -0.0438096 -0.0413949 -0.038971 -0.0365686 -0.0342257 -0.0319765 -0.0298344 -0.0278193 -0.0259388 -0.0241899 -0.0225788 -0.0210981 -0.019743 -0.0185127 -0.0173949 -0.0163867 -0.0154795 -0.0146617 -0.0139296 -0.0132697 -0.0126764 -0.0121427 -0.0116583 -0.0112222 -0.0108247 -0.0104638 -0.0101356 -0.0098343 -0.0095607 -0.00930792 -0.00907693 -0.00886383 -0.00866656 -0.00848539 -0.00831564 -0.00815978 -0.00801315 -0.00787748 -0.00775046 -0.00763141 -0.00752094 -0.00741612 -0.00731952 -0.0072273 -0.00714235 -0.00706144 -0.00698643 -0.0069157 -0.00684943 -0.00678781 -0.00672943 -0.00667599 -0.00662492 -0.00657884 -0.00653466 -0.00649528 -0.00645761 -0.00642443 -0.00639296 -0.00636559 -0.00634004 -0.00631819 -0.00629831 -0.00628178 -0.00626737 -0.00625602 -0.0062469 -0.00624066 -0.00623672 -0.00623556 -0.00623672 -0.00624066 -0.0062469 -0.00625602 -0.00626737 -0.00628178 -0.00629831 -0.00631819 -0.00634004 -0.00636559 -0.00639296 -0.00642443 -0.00645761 -0.00649528 -0.00653466 -0.00657884 -0.00662492 -0.00667599 -0.00672943 -0.00678781 -0.00684943 -0.0069157 -0.00698643 -0.00706144 -0.00714235 -0.0072273 -0.00731952 -0.00741612 -0.00752094 -0.00763141 -0.00775046 -0.00787748 -0.00801315 -0.00815978 -0.00831564 -0.00848539 -0.00866656 -0.00886383 -0.00907693 -0.00930792 -0.0095607 -0.0098343 -0.0101356 -0.0104638 -0.0108247 -0.0112222 -0.0116583 -0.0121427 -0.0126764 -0.0132697 -0.0139296 -0.0146617 -0.0154795 -0.0163867 -0.0173949 -0.0185127 -0.019743 -0.0210981 -0.0225788 -0.0241899 -0.0259388 -0.0278191 -0.0298339 -0.0319752 -0.0342223 -0.0365603 -0.0389519 -0.041353 -0.0437226 -0.045995 -0.0481056 -0.0499889 -0.0515508 -0.0527021 -0.0533524 -0.0533866 -0.0527057 -0.0512155 -0.0487932 -0.0453341 -0.0407539 -0.0349603 -0.0279079 -0.0196052 -0.0100511 0.000728915 0.0126224 0.0254745 0.0391008 0.0532407 0.0676055 0.0819353 0.0959164 0.109138 0.12122 0.131879 0.140832 0.147755 0.152415 
0 -0.00572875 -0.0113298 -0.0166345 -0.0215076 -0.0259227 -0.0298954 -0.0333905 -0.0363905 -0.0389897 -0.0413038 -0.0433608 -0.0451921 -0.0469151 -0.048622 -0.0503123 -0.05197 -0.0535682 -0.0550346 -0.0563253 -0.0574345 -0.0583072 -0.0588718 -0.0590982 -0.05895 -0.0584036 -0.0574924 -0.0562451 -0.0546868 -0.0528774 -0.0508608 -0.0486738 -0.0463784 -0.0440126 -0.0416104 -0.0392208 -0.0368657 -0.0345729 -0.0323753 -0.0302808 -0.0283103 -0.0264748 -0.0247694 -0.0232029 -0.0217651 -0.0204479 -0.0192505 -0.0181558 -0.0171628 -0.016263 -0.0154456 -0.0147115 -0.0140468 -0.0134498 -0.0129132 -0.0124268 -0.0119907 -0.0115919 -0.0112307 -0.0109 -0.0105948 -0.0103161 -0.0100555 -0.00981708 -0.00959426 -0.00938855 -0.00919852 -0.00902084 -0.00885876 -0.00870587 -0.00856687 -0.00843581 -0.00831554 -0.00820319 -0.00809818 -0.0080014 -0.00790915 -0.00782511 -0.00774393 -0.00767036 -0.0075991 -0.00753438 -0.00747221 -0.00741529 -0.00736156 -0.0073118 -0.00726596 -0.00722299 -0.00718455 -0.00714815 -0.0071167 -0.00708669 -0.00706189 -0.00703814 -0.00701971 -0.0070021 -0.00698982 -0.00697824 -0.00697198 -0.00696637 -0.00696605 -0.00696637 -0.00697198 -0.00697824 -0.00698982 -0.0070021 -0.00701971 -0.00703814 -0.00706189 -0.00708669 -0.0071167 -0.00714815 -0.00718455 -0.00722299 -0.00726596 -0.0073118 -0.00736156 -0.00741529 -0.00747221 -0.00753438 -0.0075991 -0.00767036 -0.00774393 -0.00782511 -0.00790915 -0.0080014 -0.00809818 -0.00820319 -0.00831554 -0.00843581 -0.00856687 -0.00870587 -0.00885876 -0.00902084 -0.00919852 -0.00938855 -0.00959426 -0.00981708 -0.0100555 -0.0103161 -0.0105948 -0.0109 -0.0112307 -0.0115919 -0.0119907 -0.0124268 -0.0129132 -0.0134498 -0.0140468 -0.0147115 -0.0154456 -0.016263 -0.0171628 -0.0181558 -0.0192505 -0.0204479 -0.0217651 -0.0232029 -0.0247694 -0.0264748 -0.0283103 -0.0302807 -0.0323749 -0.0345719 -0.036863 -0.0392142 -0.0415951 -0.0439786 -0.0463071 -0.0485316 -0.0505921 -0.0523968 -0.053871 -0.0549288 -0.0554658 -0.0554101 -0.0546776 -0.0531587 -0.0507703 -0.0474121 -0.0429679 -0.0373859 -0.0306422 -0.0227012 -0.0135775 -0.00331642 0.00804339 0.020377 0.0334612 0.0471017 0.0611245 0.0752569 0.0891574 0.102515 0.115034 0.126409 0.136365 0.144666 0.151078 0.15541 
0 -0.00646907 -0.012792 -0.018754 -0.0241725 -0.0289823 -0.0331554 -0.0366495 -0.0394929 -0.0417991 -0.0436694 -0.0451921 -0.0465022 -0.0477147 -0.0488819 -0.050082 -0.0513976 -0.0527983 -0.0542048 -0.0555884 -0.0568964 -0.0580466 -0.0590049 -0.0597219 -0.0601112 -0.0601454 -0.0598181 -0.059107 -0.0580468 -0.0566829 -0.0550344 -0.0531594 -0.051108 -0.0489047 -0.0466083 -0.0442576 -0.0418781 -0.0395228 -0.0372132 -0.034972 -0.0328339 -0.030799 -0.0288846 -0.0271004 -0.0254357 -0.0239033 -0.0224922 -0.0211963 -0.0200186 -0.0189398 -0.0179626 -0.0170756 -0.0162672 -0.0155397 -0.0148747 -0.0142748 -0.0137302 -0.0132334 -0.0127865 -0.012375 -0.0120045 -0.0116642 -0.0113532 -0.0110703 -0.0108066 -0.010568 -0.0103432 -0.0101382 -0.00994586 -0.00976699 -0.00960166 -0.00944452 -0.00930144 -0.00916366 -0.00903892 -0.00891898 -0.00880962 -0.00870607 -0.00861001 -0.00852123 -0.00843706 -0.00836131 -0.00828803 -0.00822362 -0.00816044 -0.00810589 -0.00805213 -0.00800627 -0.0079613 -0.00792324 -0.00788649 -0.00785562 -0.00782658 -0.0078025 -0.00778075 -0.0077632 -0.0077484 -0.00773725 -0.00772913 -0.00772435 -0.00772274 -0.00772435 -0.00772913 -0.00773725 -0.0077484 -0.0077632 -0.00778075 -0.0078025 -0.00782658 -0.00785562 -0.00788649 -0.00792324 -0.0079613 -0.00800627 -0.00805213 -0.00810589 -0.00816044 -0.00822362 -0.00828803 -0.00836131 -0.00843706 -0.00852123 -0.00861001 -0.00870607 -0.00880962 -0.00891898 -0.00903892 -0.00916366 -0.00930144 -0.00944452 -0.00960166 -0.00976699 -0.00994586 -0.0101382 -0.0103432 -0.010568 -0.0108066 -0.0110703 -0.0113532 -0.0116642 -0.0120045 -0.012375 -0.0127865 -0.0132334 -0.0137302 -0.0142748 -0.0148747 -0.0155397 -0.0162672 -0.0170756 -0.0179626 -0.0189398 -0.0200186 -0.0211963 -0.0224922 -0.0239033 -0.0254357 -0.0271004 -0.0288846 -0.030799 -0.0328338 -0.0349717 -0.0372124 -0.0395208 -0.041873 -0.0442456 -0.0465813 -0.0488469 -0.0509909 -0.0529347 -0.0546258 -0.0559781 -0.0568917 -0.0573026 -0.0571182 -0.0562501 -0.0546506 -0.052227 -0.0488759 -0.0445347 -0.0391171 -0.0325617 -0.0248995 -0.0161527 -0.00632244 0.00451568 0.0162542 0.028783 0.0419026 0.0553681 0.0689939 0.0825618 0.0957359 0.108198 0.119743 0.130168 0.139214 0.146664 0.152392 0.156272 
0 -0.00715505 -0.0141072 -0.0206456 -0.0265841 -0.0317827 -0.0361518 -0.0396806 -0.0424266 -0.0444599 -0.0458901 -0.0469151 -0.0477147 -0.04836 -0.0489395 -0.04962 -0.0504908 -0.0515347 -0.052746 -0.0540872 -0.0554586 -0.0568148 -0.0581218 -0.0592647 -0.0601594 -0.0607699 -0.0610255 -0.060907 -0.060447 -0.0596332 -0.0584874 -0.057062 -0.0553656 -0.0534478 -0.0513718 -0.0491591 -0.0468711 -0.0445528 -0.0422181 -0.0399187 -0.03767 -0.035485 -0.0334012 -0.0314137 -0.0295417 -0.027798 -0.0261684 -0.024671 -0.0232902 -0.0220198 -0.0208642 -0.0197987 -0.0188315 -0.0179471 -0.0171374 -0.0164065 -0.0157336 -0.0151283 -0.0145751 -0.0140718 -0.0136185 -0.0131995 -0.0128245 -0.012476 -0.0121604 -0.0118698 -0.0115997 -0.011355 -0.0111223 -0.010913 -0.0107126 -0.0105307 -0.0103589 -0.0101991 -0.0100521 -0.00991162 -0.00978564 -0.00966269 -0.00955418 -0.00944758 -0.0093536 -0.00926218 -0.00918049 -0.00910296 -0.00903202 -0.00896703 -0.00890581 -0.00885208 -0.00879989 -0.00875628 -0.00871268 -0.00867826 -0.00864288 -0.00861695 -0.00858954 -0.0085716 -0.00855193 -0.00854165 -0.00852955 -0.00852675 -0.00852212 -0.00852675 -0.00852955 -0.00854165 -0.00855193 -0.0085716 -0.00858954 -0.00861695 -0.00864288 -0.00867826 -0.00871268 -0.00875628 -0.00879989 -0.00885208 -0.00890581 -0.00896703 -0.00903202 -0.00910296 -0.00918049 -0.00926218 -0.0093536 -0.00944758 -0.00955418 -0.00966269 -0.00978564 -0.00991162 -0.0100521 -0.0101991 -0.0103589 -0.0105307 -0.0107126 -0.010913 -0.0111223 -0.011355 -0.0115997 -0.0118698 -0.0121604 -0.012476 -0.0128245 -0.0131995 -0.0136185 -0.0140718 -0.0145751 -0.0151283 -0.0157336 -0.0164065 -0.0171374 -0.0179471 -0.0188315 -0.0197987 -0.0208642 -0.0220198 -0.0232902 -0.024671 -0.0261684 -0.0277979 -0.0295417 -0.0314137 -0.0334012 -0.0354849 -0.0376698 -0.0399182 -0.0422166 -0.0445489 -0.0468618 -0.0491378 -0.0513255 -0.0533526 -0.0551799 -0.0567186 -0.0578852 -0.0586303 -0.058856 -0.0584931 -0.0575015 -0.0557833 -0.0532666 -0.0498988 -0.0455678 -0.040212 -0.0338341 -0.0264032 -0.0179313 -0.00849187 0.00188965 0.0131573 0.0251329 0.0376421 0.0505492 0.0636409 0.0766543 0.0893621 0.101527 0.1129 0.1233 0.132575 0.140532 0.147005 0.15193 0.155245 
0 -0.0077571 -0.0152462 -0.0222716 -0.0286568 -0.0342025 -0.0387798 -0.0423951 -0.0450969 -0.0469291 -0.0480289 -0.048622 -0.0488819 -0.0489395 -0.0489705 -0.0491143 -0.0494313 -0.0500061 -0.0508944 -0.0520233 -0.0533264 -0.054787 -0.0563032 -0.057761 -0.0591118 -0.0602513 -0.0610818 -0.0615999 -0.0617678 -0.0615538 -0.0610037 -0.0601153 -0.0588977 -0.05742 -0.0556948 -0.0537617 -0.0516927 -0.0494994 -0.0472371 -0.0449566 -0.0426631 -0.0404128 -0.0382208 -0.0360934 -0.0340716 -0.0321405 -0.0303187 -0.0286178 -0.0270182 -0.0255452 -0.0241787 -0.0229189 -0.0217722 -0.0207113 -0.0197523 -0.0188716 -0.0180668 -0.0173389 -0.0166639 -0.0160573 -0.0154945 -0.0149831 -0.0145163 -0.014083 -0.0136951 -0.0133299 -0.013004 -0.012699 -0.0124218 -0.0121681 -0.0119302 -0.0117179 -0.0115133 -0.0113328 -0.0111572 -0.0110009 -0.0108509 -0.0107133 -0.0105855 -0.0104636 -0.0103548 -0.0102471 -0.0101543 -0.0100601 -0.00998104 -0.00989978 -0.00983263 -0.00976389 -0.00970734 -0.00965057 -0.00960376 -0.0095583 -0.00952067 -0.00948588 -0.0094571 -0.00943237 -0.00941226 -0.00939707 -0.00938559 -0.00937954 -0.00937674 -0.00937954 -0.00938559 -0.00939707 -0.00941226 -0.00943237 -0.0094571 -0.00948588 -0.00952067 -0.0095583 -0.00960376 -0.00965057 -0.00970734 -0.00976389 -0.00983263 -0.00989978 -0.00998104 -0.0100601 -0.0101543 -0.0102471 -0.0103548 -0.0104636 -0.0105855 -0.0107133 -0.0108509 -0.0110009 -0.0111572 -0.0113328 -0.0115133 -0.0117179 -0.0119302 -0.0121681 -0.0124218 -0.012699 -0.013004 -0.0133299 -0.0136951 -0.014083 -0.0145163 -0.0149831 -0.0154945 -0.0160573 -0.0166639 -0.0173389 -0.0180668 -0.0188716 -0.0197523 -0.0207113 -0.0217722 -0.0229189 -0.0241787 -0.0255452 -0.0270182 -0.0286178 -0.0303187 -0.0321405 -0.0340716 -0.0360934 -0.0382208 -0.0404126 -0.0426627 -0.0449555 -0.0472342 -0.0494922 -0.0516761 -0.0537252 -0.0556184 -0.0572684 -0.0586126 -0.0596067 -0.0601423 -0.0601652 -0.0596295 -0.058438 -0.0565604 -0.0539515 -0.0504999 -0.0461591 -0.0408811 -0.0345865 -0.0273076 -0.0191054 -0.00997225 4.14508e-05 0.0108341 0.0223326 0.0343785 0.0467263 0.0592045 0.0716661 0.0838578 0.0955179 0.106481 0.116606 0.125729 0.13371 0.140449 0.145871 0.149934 0.152619 
0 -0.00823414 -0.0161671 -0.0235935 -0.0303301 -0.0361656 -0.0409628 -0.044707 -0.0474252 -0.0491712 -0.0500749 -0.0503123 -0.050082 -0.04962 -0.0491143 -0.0486563 -0.0483756 -0.0484383 -0.0488763 -0.0496484 -0.0507583 -0.0521404 -0.0536809 -0.0553461 -0.0570481 -0.058625 -0.06001 -0.0611371 -0.0619077 -0.0623362 -0.0624259 -0.0621372 -0.0615207 -0.0605885 -0.0593306 -0.0578229 -0.0560837 -0.0541424 -0.0520849 -0.0499191 -0.0476958 -0.0454709 -0.0432358 -0.0410476 -0.0389169 -0.036843 -0.0348732 -0.0329848 -0.0312024 -0.029537 -0.0279651 -0.02652 -0.0251717 -0.0239277 -0.022791 -0.0217319 -0.0207753 -0.0198871 -0.0190774 -0.0183398 -0.0176543 -0.0170407 -0.016465 -0.0159486 -0.0154703 -0.0150309 -0.0146345 -0.0142596 -0.0139281 -0.0136101 -0.0133281 -0.0130607 -0.012817 -0.0125932 -0.0123807 -0.012193 -0.0120081 -0.0118491 -0.0116895 -0.011553 -0.011417 -0.0112985 -0.0111841 -0.0110806 -0.0109855 -0.0108953 -0.0108172 -0.0107392 -0.0106762 -0.0106098 -0.01056 -0.0105049 -0.010467 -0.0104229 -0.0103959 -0.0103624 -0.0103458 -0.0103225 -0.0103159 -0.0103027 -0.010306 -0.0103027 -0.0103159 -0.0103225 -0.0103458 -0.0103624 -0.0103959 -0.0104229 -0.010467 -0.0105049 -0.01056 -0.0106098 -0.0106762 -0.0107392 -0.0108172 -0.0108953 -0.0109855 -0.0110806 -0.0111841 -0.0112985 -0.011417 -0.011553 -0.0116895 -0.0118491 -0.0120081 -0.012193 -0.0123807 -0.0125932 -0.012817 -0.0130607 -0.0133281 -0.0136101 -0.0139281 -0.0142596 -0.0146345 -0.0150309 -0.0154703 -0.0159486 -0.016465 -0.0170407 -0.0176543 -0.0183398 -0.0190774 -0.0198871 -0.0207753 -0.0217319 -0.022791 -0.0239277 -0.0251717 -0.02652 -0.0279651 -0.029537 -0.0312024 -0.0329848 -0.0348732 -0.036843 -0.0389169 -0.0410476 -0.0432357 -0.0454706 -0.047695 -0.0499169 -0.0520795 -0.0541297 -0.0560552 -0.0577623 -0.0592084 -0.0603547 -0.0610963 -0.0614057 -0.0612268 -0.0604607 -0.0590955 -0.0570689 -0.0542903 -0.0507527 -0.0463845 -0.0410974 -0.0349117 -0.027815 -0.0197881 -0.0109192 -0.00125717 0.00918839 0.0202795 0.0318328 0.0437117 0.0557219 0.0676317 0.079264 0.090429 0.10091 0.110571 0.119331 0.127062 0.13366 0.13912 0.143459 0.146652 0.148709 
0 -0.00855585 -0.0168246 -0.0245632 -0.0315593 -0.0376307 -0.0426547 -0.0465683 -0.0493691 -0.0511277 -0.0519512 -0.05197 -0.0513976 -0.0504908 -0.0494313 -0.0483756 -0.0475239 -0.0470071 -0.0468725 -0.0471909 -0.0479623 -0.0490827 -0.0505209 -0.0522459 -0.0541042 -0.0559923 -0.0578371 -0.0594781 -0.0608484 -0.0619408 -0.0626689 -0.0630364 -0.0630723 -0.062726 -0.0620459 -0.0610696 -0.0597787 -0.0582574 -0.0565312 -0.0546129 -0.0525937 -0.050473 -0.0482953 -0.0461235 -0.0439395 -0.0418079 -0.0397359 -0.0377184 -0.0358079 -0.0339687 -0.0322322 -0.0306027 -0.0290547 -0.0276299 -0.0262872 -0.0250491 -0.0239107 -0.0228469 -0.0218889 -0.020991 -0.0201804 -0.0194336 -0.0187432 -0.0181231 -0.0175359 -0.0170147 -0.0165198 -0.0160738 -0.0156604 -0.0152746 -0.0149298 -0.0145966 -0.0143066 -0.0140219 -0.0137743 -0.0135346 -0.0133202 -0.0131207 -0.0129335 -0.0127685 -0.0126051 -0.0124683 -0.0123268 -0.0122128 -0.0120918 -0.0119962 -0.0118945 -0.0118142 -0.0117305 -0.0116634 -0.0115963 -0.0115412 -0.0114894 -0.0114456 -0.0114079 -0.011375 -0.0113505 -0.0113286 -0.0113164 -0.0113056 -0.0113051 -0.0113056 -0.0113164 -0.0113286 -0.0113505 -0.011375 -0.0114079 -0.0114456 -0.0114894 -0.0115412 -0.0115963 -0.0116634 -0.0117305 -0.0118142 -0.0118945 -0.0119962 -0.0120918 -0.0122128 -0.0123268 -0.0124683 -0.0126051 -0.0127685 -0.0129335 -0.0131207 -0.0133202 -0.0135346 -0.0137743 -0.0140219 -0.0143066 -0.0145966 -0.0149298 -0.0152746 -0.0156604 -0.0160738 -0.0165198 -0.0170147 -0.0175359 -0.0181231 -0.0187432 -0.0194336 -0.0201804 -0.020991 -0.0218889 -0.0228469 -0.0239107 -0.0250491 -0.0262872 -0.0276299 -0.0290547 -0.0306027 -0.0322322 -0.0339687 -0.0358079 -0.0377184 -0.0397359 -0.0418079 -0.0439395 -0.0461234 -0.0482951 -0.0504724 -0.0525921 -0.0546089 -0.0565216 -0.0582355 -0.0597314 -0.0609723 -0.0618565 -0.0623761 -0.0624585 -0.0620124 -0.0610407 -0.0594628 -0.0572179 -0.0543216 -0.0506849 -0.0462459 -0.0410111 -0.0349015 -0.0279016 -0.0200956 -0.0114832 -0.00207963 0.00800807 0.0187118 0.0299209 0.0413937 0.052926 0.0643852 0.0755743 0.0862632 0.0962766 0.105477 0.113765 0.121078 0.127349 0.132543 0.136728 0.139986 0.142337 0.143819 
0 -0.0087166 -0.0171875 -0.0251328 -0.0323124 -0.0385835 -0.0438352 -0.0479509 -0.050897 -0.0527529 -0.0536118 -0.0535682 -0.0527983 -0.0515347 -0.0500061 -0.0484383 -0.0470071 -0.0458327 -0.0450735 -0.0448495 -0.0451285 -0.045874 -0.0470857 -0.048656 -0.0504874 -0.0525452 -0.0546737 -0.056723 -0.0586482 -0.0603245 -0.0616724 -0.0627209 -0.0634029 -0.0637073 -0.063691 -0.0633038 -0.0625846 -0.06159 -0.0602901 -0.0587705 -0.0570659 -0.0551773 -0.0532049 -0.0511414 -0.0490262 -0.0469246 -0.0448052 -0.0427387 -0.040724 -0.0387562 -0.036894 -0.0350907 -0.0333924 -0.031792 -0.0302692 -0.0288691 -0.0275373 -0.0263144 -0.0251763 -0.0241119 -0.0231486 -0.0222349 -0.021416 -0.0206462 -0.0199439 -0.0193036 -0.0187005 -0.0181674 -0.0176537 -0.0172035 -0.0167719 -0.0163846 -0.0160257 -0.0156886 -0.0153905 -0.015097 -0.014847 -0.0145937 -0.014381 -0.0141655 -0.0139815 -0.0138011 -0.0136404 -0.0134916 -0.013351 -0.0132299 -0.0131076 -0.0130105 -0.0129056 -0.0128292 -0.012741 -0.0126826 -0.0126104 -0.0125681 -0.0125115 -0.0124839 -0.0124421 -0.0124284 -0.012401 -0.012401 -0.0123874 -0.012401 -0.012401 -0.0124284 -0.0124421 -0.0124839 -0.0125115 -0.0125681 -0.0126104 -0.0126826 -0.012741 -0.0128292 -0.0129056 -0.0130105 -0.0131076 -0.0132299 -0.013351 -0.0134916 -0.0136404 -0.0138011 -0.0139815 -0.0141655 -0.014381 -0.0145937 -0.014847 -0.015097 -0.0153905 -0.0156886 -0.0160257 -0.0163846 -0.0167719 -0.0172035 -0.0176537 -0.0181674 -0.0187005 -0.0193036 -0.0199439 -0.0206462 -0.021416 -0.0222349 -0.0231486 -0.0241119 -0.0251763 -0.0263144 -0.0275373 -0.0288691 -0.0302692 -0.031792 -0.0333924 -0.0350907 -0.036894 -0.0387562 -0.040724 -0.0427387 -0.0448051 -0.0469246 -0.0490262 -0.0511413 -0.0532044 -0.0551761 -0.057063 -0.0587634 -0.0602735 -0.0615535 -0.0625083 -0.0631525 -0.0634062 -0.0631985 -0.0625387 -0.0613228 -0.0595106 -0.0571129 -0.0540347 -0.0502675 -0.0458175 -0.0405806 -0.034548 -0.0277392 -0.0201003 -0.0116866 -0.00258849 0.00719551 0.0175846 0.0284017 0.0395024 0.050707 0.0617877 0.0725693 0.0828814 0.0925144 0.10131 0.109178 0.116044 0.121866 0.126664 0.130499 0.133469 0.135686 0.137244 0.138221 
