0 0 0 0 0 0 0 0 0 0 0 0 0 0 0 0 0 0 0 0 0 0 0 0 0 0 0 0 0 0 0 0 0 0 0 0 0 0 0 0 0 0 0 0 0 0 0 0 0 0 0 0 0 0 0 0 0 0 0 0 0 0 0 0 0 0 0 0 0 0 0 0 0 0 0 0 0 0 0 0 0 0 0 0 0 0 0 0 0 0 0 0 0 0 0 0 0 0 0 0 0 0 0 0 0 0 0 0 0 0 0 0 0 0 0 0 0 0 0 0 0 0 0 0 0 0 0 0 0 0 0 0 0 0 0 0 0 0 0 0 0 0 0 0 0 0 0 0 0 0 0 0 0 0 0 0 0 0 0 0 0 0 0 0 0 0 0 0 0 0 0 0 0 0 0 0 0 0 0 0 0 0 0 0 0 0 0 0 0 0 0 0 0 0 0 0 0 0 0 0 
0 0.00177117 0.0035462 0.0052779 0.00686968 0.00822791 0.00931007 0.0101208 0.010667 0.0109262 0.0108624 0.010464 0.00975836 0.00879086 0.00759906 0.00620922 0.00465269 0.00298092 0.00126431 -0.000423207 -0.00202161 -0.0034922 -0.00481235 -0.00596555 -0.00693522 -0.00770573 -0.00826823 -0.00862625 -0.00879679 -0.00880627 -0.00868418 -0.00845755 -0.00814826 -0.00777374 -0.00734934 -0.00689046 -0.00641349 -0.00593496 -0.00546969 -0.00502902 -0.00461979 -0.00424443 -0.00390205 -0.00359003 -0.00330539 -0.00304587 -0.0028102 -0.00259794 -0.00240896 -0.00224286 -0.00209862 -0.00197433 -0.00186744 -0.00177494 -0.00169379 -0.00162124 -0.00155511 -0.00149385 -0.00143659 -0.00138298 -0.00133305 -0.00128701 -0.00124509 -0.00120744 -0.00117403 -0.00114466 -0.00111898 -0.00109649 -0.00107665 -0.0010589 -0.00104272 -0.00102765 -0.00101334 -0.000999503 -0.000985988 -0.0009727 -0.000959619 -0.000946772 -0.000934221 -0.000922042 -0.000910316 -0.000899123 -0.000888526 -0.000878578 -0.000869313 -0.000860753 -0.000852901 -0.000845754 -0.000839292 -0.000833496 -0.000828335 -0.000823782 -0.000819806 -0.000816375 -0.000813463 -0.000811044 -0.000809096 -0.0008076 -0.000806542 -0.000805912 -0.000805702 -0.000805912 -0.000806542 -0.0008076 -0.000809096 -0.000811044 -0.000813463 -0.000816375 -0.000819806 -0.000823782 -0.000828335 -0.000833496 -0.000839292 -0.000845754 -0.000852901 -0.000860753 -0.000869313 -0.000878578 -0.000888526 -0.000899123 -0.000910316 -0.000922042 -0.000934221 -0.000946772 -0.000959619 -0.0009727 -0.000985988 -0.000999503 -0.00101334 -0.00102765 -0.00104272 -0.0010589 -0.00107665 -0.00109649 -0.00111898 -0.00114466 -0.00117403 -0.00120744 -0.00124509 -0.00128701 -0.00133305 -0.00138298 -0.00143659 -0.00149385 -0.00155511 -0.00162124 -0.00169379 -0.00177494 -0.00186744 -0.00197433 -0.00209862 -0.00224286 -0.00240896 -0.00259794 -0.0028102 -0.00304587 -0.00330539 -0.00359003 -0.00390205 -0.00424443 -0.00461979 -0.00502902 -0.00546969 -0.00593496 -0.00641349 -0.00689046 -0.00734934 -0.00777374 -0.00814826 -0.00845755 -0.00868418 -0.00880627 -0.00879679 -0.00862625 -0.00826823 -0.00770572 -0.00693518 -0.00596542 -0.00481196 -0.00349112 -0.00201882 -0.000416428 0.0012797 0.00301369 0.00471814 0.00633185 0.00781455 0.00914616 0.0103089 0.0112684 0.011978 0.0124109 0.0125908 0.0125869 0.0124726 0.0122914 0.0120606 0.0118 0.0115495 0.0113618 
0 0.0035462 0.00704814 0.0104119 0.0134971 0.016168 0.018337 0.0199626 0.0210194 0.0214805 0.0213271 0.0205636 0.019218 0.0173355 0.0149769 0.0122217 0.0091679 0.00592648 0.00261249 -0.000663506 -0.00380185 -0.00671698 -0.00933909 -0.0116161 -0.0135151 -0.0150214 -0.0161375 -0.0168799 -0.0172757 -0.0173597 -0.0171729 -0.0167593 -0.0161648 -0.0154342 -0.0146094 -0.0137274 -0.0128194 -0.0119105 -0.0110204 -0.010164 -0.00935241 -0.00859367 -0.00789291 -0.00725273 -0.00667343 -0.00615324 -0.00568876 -0.0052755 -0.00490838 -0.0045823 -0.00429247 -0.00403464 -0.00380517 -0.00360097 -0.00341938 -0.00325804 -0.00311478 -0.00298751 -0.00287423 -0.00277303 -0.00268214 -0.00259993 -0.00252501 -0.0024562 -0.00239259 -0.00233345 -0.00227828 -0.00222672 -0.00217852 -0.0021335 -0.00209155 -0.00205254 -0.00201635 -0.00198287 -0.00195195 -0.00192343 -0.00189714 -0.00187291 -0.00185057 -0.00182995 -0.0018109 -0.00179329 -0.001777 -0.0017619 -0.00174793 -0.001735 -0.00172305 -0.00171204 -0.00170192 -0.00169268 -0.00168429 -0.00167672 -0.00166998 -0.00166404 -0.00165891 -0.00165457 -0.00165102 -0.00164827 -0.0016463 -0.00164512 -0.00164473 -0.00164512 -0.0016463 -0.00164827 -0.00165102 -0.00165457 -0.00165891 -0.00166404 -0.00166998 -0.00167672 -0.00168429 -0.00169268 -0.00170192 -0.00171204 -0.00172305 -0.001735 -0.00174793 -0.0017619 -0.001777 -0.00179329 -0.0018109 -0.00182995 -0.00185057 -0.00187291 -0.00189714 -0.00192343 -0.00195195 -0.00198287 -0.00201635 -0.00205254 -0.00209155 -0.0021335 -0.00217852 -0.00222672 -0.00227828 -0.00233345 -0.00239259 -0.0024562 -0.00252501 -0.00259993 -0.00268214 -0.00277303 -0.00287423 -0.00298751 -0.00311478 -0.00325804 -0.00341938 -0.00360097 -0.00380517 -0.00403464 -0.00429247 -0.0045823 -0.00490838 -0.0052755 -0.00568876 -0.00615324 -0.00667343 -0.00725273 -0.00789291 -0.00859367 -0.00935241 -0.010164 -0.0110204 -0.0119105 -0.0128194 -0.0137274 -0.0146094 -0.0154342 -0.0161648 -0.0167593 -0.0171729 -0.0173597 -0.0172757 -0.0168799 -0.0161375 -0.0150214 -0.013515 -0.0116158 -0.00933799 -0.00671405 -0.00379457 -0.000646491 0.00264984 0.00600354 0.00931731 0.012494 0.0154436 0.0180884 0.0203637 0.022216 0.0236029 0.0245056 0.0249521 0.0250253 0.0248378 0.0244906 0.0240531 0.0235788 0.023134 0.0228036 
0 0.0052779 0.0104119 0.0152631 0.0196991 0.0235879 0.0267951 0.0291981 0.0307181 0.0313386 0.0310846 0.0299833 0.0280525 0.0253282 0.0218971 0.017897 0.0134901 0.00883647 0.00408328 -0.000632374 -0.00517685 -0.0094212 -0.0132528 -0.0165889 -0.0193821 -0.021618 -0.0233061 -0.0244706 -0.0251446 -0.0253695 -0.0251954 -0.0246811 -0.0238919 -0.0228943 -0.0217509 -0.0205161 -0.0192345 -0.017941 -0.0166626 -0.0154208 -0.0142325 -0.0131115 -0.0120681 -0.0111089 -0.0102365 -0.00944984 -0.00874468 -0.0081147 -0.0075525 -0.00705062 -0.00660214 -0.0062011 -0.00584255 -0.00552235 -0.00523695 -0.00498313 -0.00475777 -0.00455778 -0.00438007 -0.00422163 -0.0040796 -0.00395137 -0.0038347 -0.00372771 -0.00362891 -0.00353719 -0.00345172 -0.00337194 -0.00329746 -0.00322799 -0.00316333 -0.00310328 -0.00304764 -0.00299619 -0.0029487 -0.00290491 -0.00286455 -0.00282735 -0.00279306 -0.0027614 -0.00273216 -0.00270512 -0.0026801 -0.00265694 -0.0026355 -0.00261567 -0.00259737 -0.00258051 -0.00256505 -0.00255092 -0.00253811 -0.00252657 -0.00251629 -0.00250726 -0.00249945 -0.00249285 -0.00248747 -0.00248328 -0.0024803 -0.00247851 -0.00247791 -0.00247851 -0.0024803 -0.00248328 -0.00248747 -0.00249285 -0.00249945 -0.00250726 -0.00251629 -0.00252657 -0.00253811 -0.00255092 -0.00256505 -0.00258051 -0.00259737 -0.00261567 -0.0026355 -0.00265694 -0.0026801 -0.00270512 -0.00273216 -0.0027614 -0.00279306 -0.00282735 -0.00286455 -0.00290491 -0.0029487 -0.00299619 -0.00304764 -0.00310328 -0.00316333 -0.00322799 -0.00329746 -0.00337194 -0.00345172 -0.00353719 -0.00362891 -0.00372771 -0.0038347 -0.00395137 -0.0040796 -0.00422163 -0.00438007 -0.00455778 -0.00475777 -0.00498313 -0.00523695 -0.00552235 -0.00584255 -0.0062011 -0.00660214 -0.00705062 -0.0075525 -0.0081147 -0.00874468 -0.00944984 -0.0102365 -0.0111089 -0.0120681 -0.0131115 -0.0142325 -0.0154208 -0.0166626 -0.017941 -0.0192345 -0.0205161 -0.0217509 -0.0228943 -0.0238919 -0.0246811 -0.0251954 -0.0253695 -0.0251446 -0.0244705 -0.023306 -0.0216178 -0.0193818 -0.0165879 -0.0132502 -0.00941459 -0.00516115 -0.000597337 0.00415688 0.00898204 0.0137612 0.0183727 0.0226843 0.0265595 0.0298801 0.0325732 0.0346183 0.03603 0.0368413 0.0371146 0.0369598 0.0365221 0.0359425 0.0353313 0.0347804 0.0343829 
0 0.00686968 0.0134971 0.0196991 0.0253467 0.0303078 0.0344129 0.0374907 0.0394346 0.0402235 0.0398836 0.0384467 0.035953 0.0324796 0.02815 0.0231231 0.017578 0.0117039 0.00569173 -0.000273347 -0.00601898 -0.0113944 -0.0162779 -0.020578 -0.024233 -0.0272098 -0.0295023 -0.0311291 -0.0321309 -0.0325653 -0.0325003 -0.0320093 -0.0311659 -0.0300415 -0.0287039 -0.0272163 -0.0256362 -0.0240149 -0.0223956 -0.0208128 -0.0192922 -0.0178513 -0.0165007 -0.015246 -0.014089 -0.0130293 -0.0120647 -0.0111922 -0.0104075 -0.00970551 -0.00907995 -0.00852398 -0.00803022 -0.00759131 -0.00720014 -0.00685026 -0.00653609 -0.0062529 -0.0059969 -0.00576504 -0.00555483 -0.00536427 -0.00519156 -0.00503509 -0.00489333 -0.00476476 -0.00464795 -0.00454147 -0.00444403 -0.00435442 -0.00427161 -0.00419469 -0.0041229 -0.00405565 -0.00399247 -0.00393302 -0.00387702 -0.00382428 -0.00377466 -0.00372806 -0.00368438 -0.00364356 -0.00360551 -0.00357015 -0.00353742 -0.00350723 -0.00347949 -0.00345411 -0.00343101 -0.00341011 -0.00339132 -0.00337455 -0.00335976 -0.00334685 -0.00333579 -0.00332651 -0.00331898 -0.00331316 -0.00330902 -0.00330654 -0.00330572 -0.00330654 -0.00330902 -0.00331316 -0.00331898 -0.00332651 -0.00333579 -0.00334685 -0.00335976 -0.00337455 -0.00339132 -0.00341011 -0.00343101 -0.00345411 -0.00347949 -0.00350723 -0.00353742 -0.00357015 -0.00360551 -0.00364356 -0.00368438 -0.00372806 -0.00377466 -0.00382428 -0.00387702 -0.00393302 -0.00399247 -0.00405565 -0.0041229 -0.00419469 -0.00427161 -0.00435442 -0.00444403 -0.00454147 -0.00464795 -0.00476476 -0.00489333 -0.00503509 -0.00519156 -0.00536427 -0.00555483 -0.00576504 -0.0059969 -0.0062529 -0.00653609 -0.00685026 -0.00720014 -0.00759131 -0.00803022 -0.00852398 -0.00907995 -0.00970551 -0.0104075 -0.0111922 -0.0120647 -0.0130293 -0.014089 -0.015246 -0.0165007 -0.0178513 -0.0192922 -0.0208128 -0.0223956 -0.0240149 -0.0256362 -0.0272163 -0.0287039 -0.0300415 -0.0311659 -0.0320093 -0.0325003 -0.0325653 -0.0321309 -0.0311291 -0.0295022 -0.0272095 -0.0242322 -0.0205757 -0.0162721 -0.0113805 -0.00598754 -0.000206491 0.0058257 0.0119569 0.0180286 0.0238811 0.0293564 0.0343038 0.0385887 0.0421136 0.0448421 0.0467984 0.0480396 0.0486339 0.048676 0.0483097 0.0477159 0.0470697 0.0465065 0.046121 
0 0.00822791 0.016168 0.0235879 0.0303078 0.0361587 0.040968 0.0445849 0.0469057 0.0478695 0.0474554 0.0456999 0.0427065 0.0386184 0.0335848 0.0277596 0.0213216 0.0144819 0.00746996 0.000509885 -0.00620132 -0.0125052 -0.0182775 -0.0234191 -0.0278541 -0.0315327 -0.0344349 -0.0365735 -0.0379905 -0.0387484 -0.038921 -0.0385861 -0.037821 -0.036701 -0.0352998 -0.0336885 -0.0319344 -0.0300989 -0.0282349 -0.0263859 -0.0245852 -0.0228567 -0.0212169 -0.0196761 -0.0182402 -0.0169123 -0.0156928 -0.0145801 -0.013571 -0.0126605 -0.0118423 -0.0111091 -0.0104532 -0.00986649 -0.00934138 -0.00887075 -0.00844817 -0.00806802 -0.00772545 -0.00741622 -0.00713674 -0.00688383 -0.00665467 -0.00644678 -0.00625783 -0.0060858 -0.00592879 -0.00578512 -0.00565329 -0.00553195 -0.00541998 -0.00531635 -0.00522023 -0.00513088 -0.0050477 -0.00497018 -0.00489788 -0.00483043 -0.00476751 -0.00470885 -0.0046542 -0.00460336 -0.00455611 -0.00451231 -0.00447177 -0.00443436 -0.00439993 -0.00436838 -0.00433958 -0.00431344 -0.00428987 -0.00426877 -0.00425008 -0.00423374 -0.00421969 -0.00420787 -0.00419827 -0.00419082 -0.00418552 -0.00418235 -0.0041813 -0.00418235 -0.00418552 -0.00419082 -0.00419827 -0.00420787 -0.00421969 -0.00423374 -0.00425008 -0.00426877 -0.00428987 -0.00431344 -0.00433958 -0.00436838 -0.00439993 -0.00443436 -0.00447177 -0.00451231 -0.00455611 -0.00460336 -0.0046542 -0.00470885 -0.00476751 -0.00483043 -0.00489788 -0.00497018 -0.0050477 -0.00513088 -0.00522023 -0.00531635 -0.00541998 -0.00553195 -0.00565329 -0.00578512 -0.00592879 -0.0060858 -0.00625783 -0.00644678 -0.00665467 -0.00688383 -0.00713674 -0.00741622 -0.00772545 -0.00806802 -0.00844817 -0.00887075 -0.00934138 -0.00986649 -0.0104532 -0.0111091 -0.0118423 -0.0126605 -0.013571 -0.0145801 -0.0156928 -0.0169123 -0.0182402 -0.0196761 -0.0212169 -0.0228567 -0.0245852 -0.0263859 -0.0282349 -0.0300989 -0.0319344 -0.0336885 -0.0352998 -0.036701 -0.037821 -0.0385861 -0.038921 -0.0387484 -0.0379905 -0.0365734 -0.0344347 -0.031532 -0.0278522 -0.0234141 -0.0182653 -0.0124775 -0.0061417 0.000630705 0.00770085 0.0148982 0.0220304 0.0289022 0.035335 0.04118 0.0463168 0.0506439 0.054091 0.0566526 0.0583958 0.0594228 0.0598357 0.0597512 0.0593366 0.0587983 0.0583185 0.0580039 
0 0.00931007 0.018337 0.0267951 0.0344129 0.040968 0.0463094 0.050334 0.0529391 0.054021 0.0535353 0.0515455 0.0481974 0.0436574 0.0380889 0.0316703 0.024606 0.0171181 0.00943403 0.00177443 -0.00566072 -0.0126976 -0.0191889 -0.0250187 -0.0301073 -0.0344076 -0.0379024 -0.0406003 -0.0425299 -0.0437359 -0.0442793 -0.0442327 -0.0436769 -0.0426971 -0.0413763 -0.0397921 -0.0380143 -0.0361044 -0.0341159 -0.0320959 -0.0300848 -0.0281173 -0.0262215 -0.0244185 -0.0227229 -0.0211426 -0.0196803 -0.0183345 -0.0171011 -0.0159742 -0.0149479 -0.0140157 -0.0131717 -0.0124098 -0.0117241 -0.0111086 -0.0105571 -0.0100633 -0.00962087 -0.00922377 -0.00886631 -0.00854323 -0.00825004 -0.00798278 -0.00773825 -0.00751383 -0.00730737 -0.00711723 -0.00694195 -0.00678043 -0.00663159 -0.00649454 -0.00636839 -0.0062523 -0.00614551 -0.00604718 -0.00595665 -0.00587317 -0.00579617 -0.00572502 -0.00565925 -0.0055984 -0.00554206 -0.00548993 -0.00544169 -0.00539715 -0.00535607 -0.00531832 -0.00528373 -0.00525224 -0.00522371 -0.0051981 -0.00517531 -0.00515533 -0.00513807 -0.00512355 -0.00511168 -0.0051025 -0.00509593 -0.00509201 -0.00509069 -0.00509201 -0.00509593 -0.0051025 -0.00511168 -0.00512355 -0.00513807 -0.00515533 -0.00517531 -0.0051981 -0.00522371 -0.00525224 -0.00528373 -0.00531832 -0.00535607 -0.00539715 -0.00544169 -0.00548993 -0.00554206 -0.0055984 -0.00565925 -0.00572502 -0.00579617 -0.00587317 -0.00595665 -0.00604718 -0.00614551 -0.0062523 -0.00636839 -0.00649454 -0.00663159 -0.00678043 -0.00694195 -0.00711723 -0.00730737 -0.00751383 -0.00773825 -0.00798278 -0.00825004 -0.00854323 -0.00886631 -0.00922377 -0.00962087 -0.0100633 -0.0105571 -0.0111086 -0.0117241 -0.0124098 -0.0131717 -0.0140157 -0.0149479 -0.0159742 -0.0171011 -0.0183345 -0.0196803 -0.0211426 -0.0227229 -0.0244185 -0.0262215 -0.0281173 -0.0300848 -0.0320959 -0.0341159 -0.0361044 -0.0380143 -0.0397921 -0.0413763 -0.0426971 -0.0436769 -0.0442327 -0.0442793 -0.0437359 -0.0425298 -0.0406001 -0.0379018 -0.0344059 -0.030103 -0.0250083 -0.0191647 -0.0126451 -0.00555314 0.00198241 0.00981342 0.0177718 0.0256719 0.033321 0.0405302 0.0471312 0.0529962 0.0580386 0.0621978 0.0654451 0.067815 0.0694065 0.0703405 0.0707323 0.0707172 0.0704746 0.0701906 0.0699934 
0 0.0101208 0.0199626 0.0291981 0.0374907 0.0445849 0.050334 0.0546382 0.0573892 0.0584998 0.0579653 0.0558667 0.0523275 0.0475007 0.041584 0.0348078 0.0273995 0.0195697 0.0115219 0.00345618 -0.00443223 -0.0119569 -0.0189562 -0.0253099 -0.0309385 -0.0357943 -0.0398563 -0.0431222 -0.0456044 -0.0473334 -0.0483577 -0.0487405 -0.0485567 -0.0478866 -0.0468096 -0.0454022 -0.0437352 -0.0418731 -0.0398751 -0.0377946 -0.0356789 -0.0335693 -0.0314999 -0.0294976 -0.027583 -0.02577 -0.0240675 -0.0224801 -0.0210087 -0.0196522 -0.0184073 -0.0172692 -0.0162326 -0.0152908 -0.0144373 -0.0136651 -0.0129672 -0.012337 -0.0117678 -0.0112537 -0.0107891 -0.0103688 -0.00998817 -0.00964292 -0.00932938 -0.00904402 -0.0087839 -0.00854627 -0.00832871 -0.00812916 -0.00794567 -0.00777671 -0.00762075 -0.00747665 -0.00734327 -0.00721971 -0.00710516 -0.00699889 -0.00690034 -0.00680889 -0.00672417 -0.00664563 -0.00657301 -0.00650588 -0.006444 -0.00638704 -0.00633479 -0.00628701 -0.00624349 -0.00620407 -0.00616857 -0.00613687 -0.00610881 -0.00608431 -0.00606324 -0.00604558 -0.00603118 -0.00602007 -0.00601213 -0.00600741 -0.00600582 -0.00600741 -0.00601213 -0.00602007 -0.00603118 -0.00604558 -0.00606324 -0.00608431 -0.00610881 -0.00613687 -0.00616857 -0.00620407 -0.00624349 -0.00628701 -0.00633479 -0.00638704 -0.006444 -0.00650588 -0.00657301 -0.00664563 -0.00672417 -0.00680889 -0.00690034 -0.00699889 -0.00710516 -0.00721971 -0.00734327 -0.00747665 -0.00762075 -0.00777671 -0.00794567 -0.00812916 -0.00832871 -0.00854627 -0.0087839 -0.00904402 -0.00932938 -0.00964292 -0.00998817 -0.0103688 -0.0107891 -0.0112537 -0.0117678 -0.012337 -0.0129672 -0.0136651 -0.0144373 -0.0152908 -0.0162326 -0.0172692 -0.0184073 -0.0196522 -0.0210087 -0.0224801 -0.0240675 -0.02577 -0.027583 -0.0294976 -0.0314999 -0.0335693 -0.0356789 -0.0377946 -0.0398751 -0.0418731 -0.0437352 -0.0454022 -0.0468096 -0.0478866 -0.0485567 -0.0487405 -0.0483577 -0.0473333 -0.0456042 -0.0431218 -0.0398549 -0.0357907 -0.0309296 -0.0252892 -0.0189105 -0.0118622 -0.00424699 0.00379821 0.0121183 0.0205537 0.0289404 0.0371099 0.0448886 0.0520991 0.0585874 0.0642635 0.0691007 0.07309 0.0762246 0.0785406 0.0801419 0.0811667 0.0817434 0.0819916 0.0820426 0.0820323 
0 0.010667 0.0210194 0.0307181 0.0394346 0.0469057 0.0529391 0.0573892 0.060167 0.061262 0.06072 0.0586005 0.0549934 0.050066 0.044053 0.0371936 0.0297021 0.0217822 0.0136335 0.00544582 -0.00259847 -0.0103307 -0.0176109 -0.0243266 -0.0303863 -0.0357243 -0.0403023 -0.0441042 -0.0471377 -0.0494306 -0.0510214 -0.0519575 -0.052294 -0.0520902 -0.0514113 -0.0503278 -0.0489111 -0.047232 -0.045357 -0.0433445 -0.041246 -0.0391047 -0.0369563 -0.0348319 -0.0327574 -0.0307542 -0.0288406 -0.0270297 -0.0253307 -0.0237485 -0.0222837 -0.0209344 -0.0196954 -0.0185607 -0.0175234 -0.016576 -0.0157121 -0.0149249 -0.0142087 -0.0135578 -0.0129671 -0.0124318 -0.0119468 -0.0115078 -0.0111102 -0.0107497 -0.0104225 -0.0101246 -0.0098529 -0.00960422 -0.00937607 -0.00916612 -0.0089724 -0.00879339 -0.00862755 -0.00847393 -0.00833134 -0.00819914 -0.00807646 -0.00796277 -0.00785745 -0.00776002 -0.00767005 -0.00758704 -0.00751071 -0.00744057 -0.00737644 -0.00731787 -0.00726473 -0.00721662 -0.00717347 -0.00713493 -0.00710095 -0.00707127 -0.00704585 -0.00702449 -0.00700717 -0.00699374 -0.00698423 -0.00697851 -0.00697663 -0.00697851 -0.00698423 -0.00699374 -0.00700717 -0.00702449 -0.00704585 -0.00707127 -0.00710095 -0.00713493 -0.00717347 -0.00721662 -0.00726473 -0.00731787 -0.00737644 -0.00744057 -0.00751071 -0.00758704 -0.00767005 -0.00776002 -0.00785745 -0.00796277 -0.00807646 -0.00819914 -0.00833134 -0.00847393 -0.00862755 -0.00879339 -0.0089724 -0.00916612 -0.00937607 -0.00960422 -0.0098529 -0.0101246 -0.0104225 -0.0107497 -0.0111102 -0.0115078 -0.0119468 -0.0124318 -0.0129671 -0.0135578 -0.0142087 -0.0149249 -0.0157121 -0.016576 -0.0175234 -0.0185607 -0.0196954 -0.0209344 -0.0222837 -0.0237485 -0.0253307 -0.0270297 -0.0288406 -0.0307542 -0.0327574 -0.0348319 -0.0369563 -0.0391047 -0.041246 -0.0433445 -0.045357 -0.047232 -0.0489111 -0.0503278 -0.0514112 -0.0520902 -0.052294 -0.0519574 -0.0510213 -0.0494304 -0.0471373 -0.0441031 -0.0402993 -0.0357169 -0.0303687 -0.0242874 -0.0175285 -0.0101676 -0.00229342 0.00598455 0.0145334 0.023208 0.0318549 0.0403122 0.0484246 0.0560508 0.0630574 0.0693397 0.0748563 0.0796092 0.0835862 0.0867681 0.0891997 0.091006 0.0923164 0.0932074 0.0937418 0.0940312 
0 0.0109262 0.0214805 0.0313386 0.0402235 0.0478695 0.054021 0.0584998 0.061262 0.0623552 0.0618287 0.0597303 0.0561765 0.0513656 0.0455118 0.0388125 0.0314732 0.0237093 0.0157175 0.00767186 -0.000270002 -0.00797499 -0.0153289 -0.0222205 -0.0285511 -0.034248 -0.0392606 -0.0435619 -0.0471507 -0.0500378 -0.0522421 -0.0537945 -0.0547317 -0.0550979 -0.054948 -0.0543412 -0.0533398 -0.0520087 -0.0504088 -0.0485983 -0.046632 -0.0445583 -0.0424216 -0.0402614 -0.0381102 -0.035997 -0.0339442 -0.0319692 -0.0300859 -0.0283028 -0.0266261 -0.0250587 -0.023601 -0.0222521 -0.0210085 -0.0198663 -0.0188202 -0.017864 -0.0169918 -0.0161965 -0.0154719 -0.0148117 -0.01421 -0.0136616 -0.0131611 -0.0127045 -0.0122874 -0.0119064 -0.0115583 -0.0112398 -0.0109487 -0.010682 -0.0104379 -0.010214 -0.0100087 -0.00982008 -0.00964666 -0.00948717 -0.00934014 -0.00920476 -0.00907976 -0.0089646 -0.00885825 -0.00876033 -0.00867007 -0.00858715 -0.00851105 -0.00844146 -0.00837808 -0.00832057 -0.00826881 -0.00822245 -0.00818149 -0.00814558 -0.00811481 -0.00808884 -0.00806783 -0.00805144 -0.0080399 -0.00803287 -0.00803063 -0.00803287 -0.0080399 -0.00805144 -0.00806783 -0.00808884 -0.00811481 -0.00814558 -0.00818149 -0.00822245 -0.00826881 -0.00832057 -0.00837808 -0.00844146 -0.00851105 -0.00858715 -0.00867007 -0.00876033 -0.00885825 -0.0089646 -0.00907976 -0.00920476 -0.00934014 -0.00948717 -0.00964666 -0.00982008 -0.0100087 -0.010214 -0.0104379 -0.010682 -0.0109487 -0.0112398 -0.0115583 -0.0119064 -0.0122874 -0.0127045 -0.0131611 -0.0136616 -0.01421 -0.0148117 -0.0154719 -0.0161965 -0.0169918 -0.017864 -0.0188202 -0.0198663 -0.0210085 -0.0222521 -0.023601 -0.0250587 -0.0266261 -0.0283028 -0.0300859 -0.0319692 -0.0339442 -0.035997 -0.0381102 -0.0402614 -0.0424216 -0.0445583 -0.046632 -0.0485983 -0.0504088 -0.0520087 -0.0533398 -0.0543412 -0.054948 -0.0550979 -0.0547317 -0.0537945 -0.052242 -0.0500374 -0.0471498 -0.0435595 -0.0392544 -0.0342333 -0.0285179 -0.0221498 -0.0151869 -0.00770588 0.000211595 0.00848685 0.017025 0.0257061 0.0343945 0.0429404 0.051197 0.0590605 0.0664632 0.0733249 0.0795529 0.0850919 0.089929 0.0940536 0.0974637 0.100206 0.102363 0.103993 0.105135 0.105849 
0 0.0108624 0.0213271 0.0310846 0.0398836 0.0474554 0.0535353 0.0579653 0.06072 0.0618287 0.0613331 0.0593307 0.0559883 0.0514796 0.0459616 0.0396213 0.032678 0.0253291 0.0177358 0.0100485 0.00240132 -0.0050927 -0.0123226 -0.0191846 -0.0256018 -0.0315116 -0.036858 -0.0416026 -0.0457184 -0.0491859 -0.0520059 -0.0541949 -0.0557766 -0.0567878 -0.0572695 -0.0572623 -0.0568133 -0.0559715 -0.0547872 -0.0533168 -0.0516155 -0.0497369 -0.0477334 -0.045649 -0.043523 -0.0413891 -0.0392728 -0.0371977 -0.0351816 -0.0332391 -0.0313832 -0.0296221 -0.027963 -0.0264095 -0.0249622 -0.023621 -0.0223818 -0.0212408 -0.0201923 -0.0192299 -0.0183481 -0.0175398 -0.0167998 -0.0161223 -0.0155021 -0.0149347 -0.0144152 -0.0139404 -0.0135057 -0.0131083 -0.0127446 -0.0124117 -0.0121071 -0.0118277 -0.0115718 -0.0113368 -0.0111212 -0.0109228 -0.0107405 -0.0105727 -0.0104182 -0.0102761 -0.0101452 -0.010025 -0.00991441 -0.00981324 -0.0097204 -0.00963599 -0.009559 -0.00948962 -0.009427 -0.00937134 -0.00932195 -0.00927902 -0.00924201 -0.00921107 -0.00918581 -0.00916637 -0.00915245 -0.0091442 -0.00914139 -0.0091442 -0.00915245 -0.00916637 -0.00918581 -0.00921107 -0.00924201 -0.00927902 -0.00932195 -0.00937134 -0.009427 -0.00948962 -0.009559 -0.00963599 -0.0097204 -0.00981324 -0.00991441 -0.010025 -0.0101452 -0.0102761 -0.0104182 -0.0105727 -0.0107405 -0.0109228 -0.0111212 -0.0113368 -0.0115718 -0.0118277 -0.0121071 -0.0124117 -0.0127446 -0.0131083 -0.0135057 -0.0139404 -0.0144152 -0.0149347 -0.0155021 -0.0161223 -0.0167998 -0.0175398 -0.0183481 -0.0192299 -0.0201923 -0.0212408 -0.0223818 -0.023621 -0.0249622 -0.0264095 -0.027963 -0.0296221 -0.0313832 -0.0332391 -0.0351816 -0.0371977 -0.0392728 -0.0413891 -0.043523 -0.045649 -0.0477334 -0.0497369 -0.0516155 -0.0533168 -0.0547872 -0.0559715 -0.0568133 -0.0572623 -0.0572695 -0.0567878 -0.0557766 -0.0541948 -0.0520057 -0.0491852 -0.0457165 -0.0415976 -0.0368458 -0.0314837 -0.0255418 -0.0190624 -0.0120878 -0.00466674 0.0031321 0.0112364 0.0195724 0.0280449 0.0365495 0.044989 0.0532624 0.0612776 0.0689867 0.0763502 0.0832686 0.0896164 0.0953357 0.100435 0.104906 0.108704 0.111808 0.11425 0.116074 0.117291 
0 0.010464 0.0205636 0.0299833 0.0384467 0.0456999 0.0515455 0.0558667 0.0586005 0.0597303 0.0593307 0.0575608 0.0545727 0.0504813 0.0454386 0.0396564 0.0333271 0.0265913 0.0195835 0.0124367 0.00525981 -0.00184282 -0.00876704 -0.015438 -0.0217977 -0.0277803 -0.0333288 -0.0383974 -0.0429383 -0.04692 -0.0503311 -0.0531638 -0.0554231 -0.057127 -0.0582925 -0.0589476 -0.0591292 -0.0588739 -0.0582278 -0.0572398 -0.0559556 -0.0544264 -0.0526989 -0.050817 -0.0488259 -0.0467631 -0.0446646 -0.0425629 -0.0404825 -0.0384472 -0.0364735 -0.0345739 -0.0327596 -0.0310352 -0.0294062 -0.0278744 -0.0264396 -0.0251025 -0.0238596 -0.0227096 -0.021648 -0.0206705 -0.0197731 -0.0189492 -0.0181949 -0.0175035 -0.0168705 -0.0162906 -0.0157586 -0.0152711 -0.0148229 -0.0144116 -0.014033 -0.0136849 -0.0133645 -0.0130694 -0.012798 -0.0125478 -0.0123181 -0.0121063 -0.0119121 -0.0117333 -0.0115697 -0.0114195 -0.0112823 -0.0111568 -0.0110426 -0.0109389 -0.010845 -0.0107605 -0.0106846 -0.0106174 -0.0105579 -0.0105064 -0.0104619 -0.0104251 -0.0103948 -0.0103718 -0.010355 -0.0103454 -0.0103419 -0.0103454 -0.010355 -0.0103718 -0.0103948 -0.0104251 -0.0104619 -0.0105064 -0.0105579 -0.0106174 -0.0106846 -0.0107605 -0.010845 -0.0109389 -0.0110426 -0.0111568 -0.0112823 -0.0114195 -0.0115697 -0.0117333 -0.0119121 -0.0121063 -0.0123181 -0.0125478 -0.012798 -0.0130694 -0.0133645 -0.0136849 -0.014033 -0.0144116 -0.0148229 -0.0152711 -0.0157586 -0.0162906 -0.0168705 -0.0175035 -0.0181949 -0.0189492 -0.0197731 -0.0206705 -0.021648 -0.0227096 -0.0238596 -0.0251025 -0.0264396 -0.0278744 -0.0294062 -0.0310352 -0.0327596 -0.0345739 -0.0364735 -0.0384472 -0.0404825 -0.0425629 -0.0446646 -0.0467631 -0.0488259 -0.050817 -0.0526989 -0.0544264 -0.0559556 -0.0572398 -0.0582278 -0.0588739 -0.0591292 -0.0589476 -0.0582925 -0.0571269 -0.055423 -0.0531636 -0.0503305 -0.0469184 -0.0429342 -0.0383875 -0.0333058 -0.02773 -0.0216938 -0.0152356 -0.0083944 -0.0011943 0.00632878 0.014111 0.0220884 0.0301968 0.0383635 0.046544 0.0547208 0.0628435 0.0708283 0.0786108 0.0861248 0.0932566 0.0998966 0.106003 0.111549 0.116439 0.120561 0.123881 0.126414 0.12813 
0 0.00975836 0.019218 0.0280525 0.035953 0.0427065 0.0481974 0.0523275 0.0549934 0.0561765 0.0559883 0.0545727 0.052027 0.0484656 0.0440703 0.0390151 0.0334221 0.0274189 0.0211458 0.0147021 0.00816277 0.00161543 -0.00486844 -0.0112345 -0.0174084 -0.0233194 -0.0289215 -0.0341647 -0.0390018 -0.0434052 -0.0473398 -0.0507715 -0.0536871 -0.0560752 -0.0579357 -0.0592897 -0.0601578 -0.0605681 -0.0605587 -0.0601608 -0.0594128 -0.0583575 -0.0570326 -0.0554852 -0.0537591 -0.0518949 -0.0499366 -0.047918 -0.0458718 -0.0438269 -0.0418029 -0.0398214 -0.0378959 -0.0360377 -0.0342583 -0.0325617 -0.0309551 -0.0294401 -0.0280176 -0.0266887 -0.0254495 -0.0242995 -0.0232334 -0.0222478 -0.0213385 -0.0204993 -0.0197276 -0.0190163 -0.0183629 -0.0177615 -0.0172087 -0.0167009 -0.0162334 -0.0158045 -0.0154093 -0.0150468 -0.0147127 -0.0144061 -0.014124 -0.0138647 -0.0136266 -0.0134075 -0.013207 -0.0130226 -0.0128545 -0.0127 -0.0125601 -0.012432 -0.0123168 -0.0122122 -0.0121191 -0.0120357 -0.0119626 -0.0118986 -0.0118441 -0.0117982 -0.0117611 -0.0117323 -0.011712 -0.0116997 -0.0116957 -0.0116997 -0.011712 -0.0117323 -0.0117611 -0.0117982 -0.0118441 -0.0118986 -0.0119626 -0.0120357 -0.0121191 -0.0122122 -0.0123168 -0.012432 -0.0125601 -0.0127 -0.0128545 -0.0130226 -0.013207 -0.0134075 -0.0136266 -0.0138647 -0.014124 -0.0144061 -0.0147127 -0.0150468 -0.0154093 -0.0158045 -0.0162334 -0.0167009 -0.0172087 -0.0177615 -0.0183629 -0.0190163 -0.0197276 -0.0204993 -0.0213385 -0.0222478 -0.0232334 -0.0242995 -0.0254495 -0.0266887 -0.0280176 -0.0294401 -0.0309551 -0.0325617 -0.0342583 -0.0360377 -0.0378959 -0.0398214 -0.0418029 -0.0438269 -0.0458718 -0.047918 -0.0499366 -0.0518949 -0.0537591 -0.0554852 -0.0570326 -0.0583575 -0.0594128 -0.0601608 -0.0605587 -0.0605681 -0.0601578 -0.0592897 -0.0579357 -0.0560752 -0.0536869 -0.0507711 -0.0473385 -0.043402 -0.0389938 -0.0341459 -0.0288799 -0.0232322 -0.0172359 -0.0109121 -0.00429905 0.00256777 0.00967519 0.0169933 0.0244788 0.0321137 0.039882 0.0477611 0.0557654 0.0639104 0.0721236 0.0802816 0.0883082 0.0961519 0.103709 0.110845 0.117443 0.123387 0.128533 0.13276 0.135991 0.138151 
0 0.00879086 0.0173355 0.0253282 0.0324796 0.0386184 0.0436574 0.0475007 0.050066 0.0513656 0.0514796 0.0504813 0.0484656 0.0455877 0.0419872 0.0377437 0.0329631 0.0278028 0.0223748 0.0167331 0.0109424 0.00506175 -0.000874498 -0.00680365 -0.0126463 -0.018357 -0.0238889 -0.0291814 -0.0341971 -0.0388951 -0.0432192 -0.0471372 -0.0506214 -0.0536391 -0.0561842 -0.0582528 -0.0598401 -0.0609648 -0.0616432 -0.0618961 -0.0617622 -0.0612721 -0.0604637 -0.0593813 -0.058058 -0.0565366 -0.0548548 -0.0530449 -0.0511467 -0.0491884 -0.0472005 -0.0452118 -0.0432406 -0.0413104 -0.0394335 -0.0376216 -0.0358855 -0.0342269 -0.0326534 -0.0311638 -0.0297595 -0.0284409 -0.027204 -0.0260505 -0.0249741 -0.0239747 -0.0230478 -0.0221894 -0.0213976 -0.0206655 -0.0199926 -0.0193715 -0.018801 -0.0182756 -0.0177924 -0.0173484 -0.016939 -0.0165637 -0.016217 -0.0158996 -0.0156062 -0.0153378 -0.0150903 -0.0148639 -0.014656 -0.0144661 -0.0142929 -0.014135 -0.0139925 -0.0138632 -0.0137482 -0.0136448 -0.0135548 -0.0134753 -0.0134083 -0.013351 -0.0133057 -0.0132696 -0.013245 -0.0132292 -0.0132249 -0.0132292 -0.013245 -0.0132696 -0.0133057 -0.013351 -0.0134083 -0.0134753 -0.0135548 -0.0136448 -0.0137482 -0.0138632 -0.0139925 -0.014135 -0.0142929 -0.0144661 -0.014656 -0.0148639 -0.0150903 -0.0153378 -0.0156062 -0.0158996 -0.016217 -0.0165637 -0.016939 -0.0173484 -0.0177924 -0.0182756 -0.018801 -0.0193715 -0.0199926 -0.0206655 -0.0213976 -0.0221894 -0.0230478 -0.0239747 -0.0249741 -0.0260505 -0.027204 -0.0284409 -0.0297595 -0.0311638 -0.0326534 -0.0342269 -0.0358855 -0.0376216 -0.0394335 -0.0413104 -0.0432406 -0.0452118 -0.0472005 -0.0491884 -0.0511467 -0.0530449 -0.0548548 -0.0565366 -0.058058 -0.0593813 -0.0604637 -0.0612721 -0.0617622 -0.0618961 -0.0616432 -0.0609648 -0.0598401 -0.0582528 -0.0561842 -0.053639 -0.050621 -0.0471363 -0.0432167 -0.0388888 -0.034182 -0.0291473 -0.0238166 -0.0182117 -0.0123708 -0.00630924 -3.48552e-05 0.0064148 0.0130197 0.0197903 0.0267213 0.0338251 0.0411583 0.0487489 0.0565843 0.0646748 0.073011 0.0814941 0.0900105 0.098508 0.106908 0.115022 0.122625 0.129551 0.135652 0.14074 0.144619 0.147165 
0 0.00759906 0.0149769 0.0218971 0.02815 0.0335848 0.0380889 0.041584 0.044053 0.0455118 0.0459616 0.0454386 0.0440703 0.0419872 0.0392354 0.0358665 0.0320116 0.0277841 0.0232337 0.0184278 0.013441 0.008293 0.00300919 -0.00234811 -0.00774623 -0.0131542 -0.0184976 -0.0237208 -0.0287845 -0.0336229 -0.0381931 -0.0424704 -0.0464044 -0.0499625 -0.0531242 -0.0558509 -0.0581318 -0.0599672 -0.0613505 -0.0623047 -0.0628508 -0.0630067 -0.0628117 -0.0622909 -0.0614758 -0.0604083 -0.0591148 -0.0576369 -0.0560105 -0.0542641 -0.0524382 -0.0505559 -0.0486458 -0.0467338 -0.0448336 -0.0429691 -0.0411484 -0.0393846 -0.0376882 -0.0360607 -0.0345129 -0.0330417 -0.0316523 -0.0303439 -0.0291134 -0.0279633 -0.0268858 -0.0258834 -0.0249484 -0.0240801 -0.0232745 -0.0225262 -0.0218352 -0.0211935 -0.0206029 -0.0200551 -0.0195514 -0.0190857 -0.0186572 -0.018263 -0.0178996 -0.017567 -0.0172602 -0.016981 -0.0167234 -0.0164905 -0.0162761 -0.0160836 -0.0159075 -0.0157507 -0.0156088 -0.0154839 -0.0153729 -0.0152772 -0.0151947 -0.015126 -0.01507 -0.0150269 -0.0149963 -0.0149779 -0.0149719 -0.0149779 -0.0149963 -0.0150269 -0.01507 -0.015126 -0.0151947 -0.0152772 -0.0153729 -0.0154839 -0.0156088 -0.0157507 -0.0159075 -0.0160836 -0.0162761 -0.0164905 -0.0167234 -0.016981 -0.0172602 -0.017567 -0.0178996 -0.018263 -0.0186572 -0.0190857 -0.0195514 -0.0200551 -0.0206029 -0.0211935 -0.0218352 -0.0225262 -0.0232745 -0.0240801 -0.0249484 -0.0258834 -0.0268858 -0.0279633 -0.0291134 -0.0303439 -0.0316523 -0.0330417 -0.0345129 -0.0360607 -0.0376882 -0.0393846 -0.0411484 -0.0429691 -0.0448336 -0.0467338 -0.0486458 -0.0505559 -0.0524382 -0.0542641 -0.0560105 -0.0576369 -0.0591148 -0.0604083 -0.0614758 -0.0622909 -0.0628117 -0.0630067 -0.0628508 -0.0623047 -0.0613505 -0.0599672 -0.0581318 -0.0558509 -0.0531242 -0.0499623 -0.0464036 -0.0424684 -0.0381881 -0.0336108 -0.028757 -0.0236616 -0.0183768 -0.0129213 -0.0073218 -0.00161579 0.00420751 0.0101592 0.0162221 0.0224227 0.0288125 0.0354195 0.0423118 0.0495893 0.0572681 0.0653024 0.0736875 0.0824151 0.0913968 0.100516 0.109652 0.118608 0.127114 0.134929 0.141863 0.147683 0.152123 0.155015 
0 0.00620922 0.0122217 0.017897 0.0231231 0.0277596 0.0316703 0.0348078 0.0371936 0.0388125 0.0396213 0.0396564 0.0390151 0.0377437 0.0358665 0.0334677 0.0306208 0.0273377 0.0236747 0.0197406 0.0155775 0.01119 0.00662432 0.00190058 -0.00298441 -0.00796923 -0.0129881 -0.018014 -0.0229825 -0.0278307 -0.0325354 -0.0370397 -0.0412867 -0.045255 -0.0488948 -0.0521688 -0.0550703 -0.0575666 -0.0596477 -0.0613218 -0.0625754 -0.0634282 -0.0639006 -0.0640037 -0.0637799 -0.0632537 -0.0624551 -0.0614285 -0.0601939 -0.0587914 -0.0572513 -0.0555952 -0.0538623 -0.0520683 -0.0502427 -0.048409 -0.0465794 -0.044781 -0.0430182 -0.0413084 -0.0396593 -0.038073 -0.0365617 -0.0351186 -0.0337534 -0.0324605 -0.0312408 -0.0300953 -0.0290165 -0.0280099 -0.0270646 -0.0261856 -0.0253643 -0.0246011 -0.0238927 -0.0232337 -0.022626 -0.0220604 -0.0215414 -0.0210588 -0.0206173 -0.020208 -0.019834 -0.0194894 -0.0191744 -0.0188866 -0.0186234 -0.0183857 -0.0181686 -0.0179754 -0.0177997 -0.0176463 -0.0175082 -0.0173912 -0.0172879 -0.0172046 -0.0171338 -0.0170822 -0.0170426 -0.0170217 -0.0170125 -0.0170217 -0.0170426 -0.0170822 -0.0171338 -0.0172046 -0.0172879 -0.0173912 -0.0175082 -0.0176463 -0.0177997 -0.0179754 -0.0181686 -0.0183857 -0.0186234 -0.0188866 -0.0191744 -0.0194894 -0.019834 -0.020208 -0.0206173 -0.0210588 -0.0215414 -0.0220604 -0.022626 -0.0232337 -0.0238927 -0.0246011 -0.0253643 -0.0261856 -0.0270646 -0.0280099 -0.0290165 -0.0300953 -0.0312408 -0.0324605 -0.0337534 -0.0351186 -0.0365617 -0.038073 -0.0396593 -0.0413084 -0.0430182 -0.044781 -0.0465794 -0.048409 -0.0502427 -0.0520683 -0.0538623 -0.0555952 -0.0572513 -0.0587914 -0.0601939 -0.0614285 -0.0624551 -0.0632537 -0.0637799 -0.0640037 -0.0639006 -0.0634282 -0.0625754 -0.0613218 -0.0596477 -0.0575666 -0.0550703 -0.0521688 -0.0488947 -0.0452545 -0.0412852 -0.0370359 -0.032526 -0.0278088 -0.0229346 -0.0179148 -0.0127939 -0.00760916 -0.00235284 0.00295074 0.00828466 0.013698 0.0192213 0.0248742 0.0307465 0.0369253 0.0434524 0.0504132 0.0578975 0.0658886 0.0743393 0.0832643 0.0926384 0.102308 0.112063 0.12169 0.130934 0.139501 0.14711 0.153489 0.158373 0.161566 
0 0.00465269 0.0091679 0.0134901 0.017578 0.0213216 0.024606 0.0273995 0.0297021 0.0314732 0.032678 0.0333271 0.0334221 0.0329631 0.0320116 0.0306208 0.0287579 0.0264199 0.0237011 0.0206604 0.017301 0.0136772 0.00983295 0.00574682 0.00144848 -0.0030008 -0.00759879 -0.0123089 -0.0170513 -0.0217986 -0.0265006 -0.0310753 -0.0354986 -0.0397298 -0.0437068 -0.0474194 -0.0508291 -0.0538899 -0.0566015 -0.0589307 -0.0608627 -0.0624152 -0.0635733 -0.064359 -0.0647973 -0.064892 -0.0646868 -0.0641995 -0.0634547 -0.0624968 -0.0613383 -0.0600216 -0.0585736 -0.0570139 -0.0553834 -0.0536905 -0.0519674 -0.0502315 -0.0484929 -0.0467794 -0.0450888 -0.0434439 -0.0418469 -0.0403041 -0.0388279 -0.0374103 -0.0360673 -0.0347876 -0.0335805 -0.0324413 -0.0313675 -0.0303632 -0.0294168 -0.0285373 -0.0277101 -0.0269435 -0.0262258 -0.0255604 -0.0249419 -0.0243669 -0.0238371 -0.0233433 -0.0228922 -0.0224714 -0.02209 -0.0217349 -0.0214154 -0.0211198 -0.0208557 -0.0206138 -0.0203998 -0.020207 -0.0200387 -0.019891 -0.0197652 -0.0196595 -0.0195737 -0.0195077 -0.0194603 -0.0194326 -0.0194228 -0.0194326 -0.0194603 -0.0195077 -0.0195737 -0.0196595 -0.0197652 -0.019891 -0.0200387 -0.020207 -0.0203998 -0.0206138 -0.0208557 -0.0211198 -0.0214154 -0.0217349 -0.02209 -0.0224714 -0.0228922 -0.0233433 -0.0238371 -0.0243669 -0.0249419 -0.0255604 -0.0262258 -0.0269435 -0.0277101 -0.0285373 -0.0294168 -0.0303632 -0.0313675 -0.0324413 -0.0335805 -0.0347876 -0.0360673 -0.0374103 -0.0388279 -0.0403041 -0.0418469 -0.0434439 -0.0450888 -0.0467794 -0.0484929 -0.0502315 -0.0519674 -0.0536905 -0.0553834 -0.0570139 -0.0585736 -0.0600216 -0.0613383 -0.0624968 -0.0634547 -0.0641995 -0.0646868 -0.064892 -0.0647973 -0.064359 -0.0635733 -0.0624152 -0.0608627 -0.0589307 -0.0566015 -0.0538899 -0.0508291 -0.0474193 -0.0437063 -0.0397287 -0.0354957 -0.031068 -0.0264835 -0.0217604 -0.016971 -0.0121488 -0.007297 -0.00246241 0.00235874 0.00720902 0.0120739 0.0169737 0.0219915 0.0271698 0.0325751 0.0383531 0.0445957 0.0513269 0.0586208 0.0665497 0.0750957 0.0842246 0.0939043 0.103988 0.114218 0.124343 0.134125 0.143246 0.151341 0.158101 0.163293 0.16671 
0 0.00298092 0.00592648 0.00883647 0.0117039 0.0144819 0.0171181 0.0195697 0.0217822 0.0237093 0.0253291 0.0265913 0.0274189 0.0278028 0.0277841 0.0273377 0.0264199 0.0250678 0.0233102 0.0211236 0.0185588 0.015703 0.0125533 0.00911676 0.00545582 0.00156327 -0.0025652 -0.00684965 -0.0112579 -0.0157718 -0.0203025 -0.0248141 -0.0292864 -0.0336358 -0.0378328 -0.0418516 -0.0456177 -0.0491212 -0.052337 -0.055215 -0.0577676 -0.0599687 -0.0617986 -0.0632822 -0.0643967 -0.0651613 -0.0656021 -0.0657149 -0.0655488 -0.0651175 -0.0644447 -0.0635773 -0.0625187 -0.061315 -0.0599844 -0.0585439 -0.0570344 -0.0554547 -0.0538435 -0.0522093 -0.0505663 -0.0489416 -0.0473287 -0.0457586 -0.0442234 -0.0427395 -0.0413118 -0.0399361 -0.0386298 -0.0373761 -0.0361943 -0.0350685 -0.0340088 -0.0330095 -0.0320671 -0.0311878 -0.030357 -0.0295884 -0.0288625 -0.0281944 -0.0275661 -0.0269886 -0.02645 -0.0259543 -0.0254972 -0.0250756 -0.0246924 -0.0243384 -0.0240219 -0.0237297 -0.0234739 -0.0232388 -0.0230387 -0.0228567 -0.0227082 -0.0225762 -0.0224764 -0.0223921 -0.022339 -0.022301 -0.0222935 -0.022301 -0.022339 -0.0223921 -0.0224764 -0.0225762 -0.0227082 -0.0228567 -0.0230387 -0.0232388 -0.0234739 -0.0237297 -0.0240219 -0.0243384 -0.0246924 -0.0250756 -0.0254972 -0.0259543 -0.02645 -0.0269886 -0.0275661 -0.0281944 -0.0288625 -0.0295884 -0.030357 -0.0311878 -0.0320671 -0.0330095 -0.0340088 -0.0350685 -0.0361943 -0.0373761 -0.0386298 -0.0399361 -0.0413118 -0.0427395 -0.0442234 -0.0457586 -0.0473287 -0.0489416 -0.0505663 -0.0522093 -0.0538435 -0.0554547 -0.0570344 -0.0585439 -0.0599844 -0.061315 -0.0625187 -0.0635773 -0.0644447 -0.0651175 -0.0655488 -0.0657149 -0.0656021 -0.0651613 -0.0643967 -0.0632822 -0.0617986 -0.0599687 -0.0577676 -0.055215 -0.0523369 -0.0491211 -0.0456176 -0.0418513 -0.037832 -0.0336335 -0.0292809 -0.0248008 -0.0202725 -0.0157075 -0.0111277 -0.00659987 -0.00211175 0.0023433 0.00672984 0.0110996 0.0155098 0.0199565 0.0245115 0.0292893 0.0343467 0.0397891 0.0457745 0.052362 0.0595613 0.0674488 0.0760789 0.0853988 0.0953044 0.105643 0.116173 0.126621 0.136724 0.146154 0.154522 0.161495 0.16685 0.170377 
0 0.00126431 0.00261249 0.00408328 0.00569173 0.00746996 0.00943403 0.0115219 0.0136335 0.0157175 0.0177358 0.0195835 0.0211458 0.0223748 0.0232337 0.0236747 0.0237011 0.0233102 0.0224365 0.0210822 0.0193395 0.0172311 0.0147545 0.0119834 0.00893548 0.0055804 0.0019854 -0.00180414 -0.00580842 -0.00996028 -0.014205 -0.0185495 -0.0229135 -0.027237 -0.0315166 -0.03567 -0.0396594 -0.0434829 -0.0470653 -0.0503964 -0.0534646 -0.0562088 -0.0586466 -0.0607554 -0.0625102 -0.0639475 -0.0650403 -0.0658103 -0.0662859 -0.066453 -0.0663649 -0.0660243 -0.0654534 -0.0646985 -0.0637535 -0.0626727 -0.061464 -0.0601493 -0.0587681 -0.0573123 -0.0558294 -0.0543134 -0.0527882 -0.0512717 -0.0497573 -0.0482803 -0.0468215 -0.0454114 -0.0440403 -0.0427175 -0.0414528 -0.040233 -0.0390821 -0.0379755 -0.0369388 -0.0359496 -0.0350236 -0.0341503 -0.03333 -0.0325667 -0.0318467 -0.0311852 -0.0305594 -0.0299908 -0.0294533 -0.028969 -0.0285137 -0.028106 -0.0277269 -0.0273896 -0.0270812 -0.0268091 -0.0265664 -0.0263554 -0.0261744 -0.0260214 -0.0258988 -0.0258017 -0.0257353 -0.0256928 -0.0256811 -0.0256928 -0.0257353 -0.0258017 -0.0258988 -0.0260214 -0.0261744 -0.0263554 -0.0265664 -0.0268091 -0.0270812 -0.0273896 -0.0277269 -0.028106 -0.0285137 -0.028969 -0.0294533 -0.0299908 -0.0305594 -0.0311852 -0.0318467 -0.0325667 -0.03333 -0.0341503 -0.0350236 -0.0359496 -0.0369388 -0.0379755 -0.0390821 -0.040233 -0.0414528 -0.0427175 -0.0440403 -0.0454114 -0.0468215 -0.0482803 -0.0497573 -0.0512717 -0.0527882 -0.0543134 -0.0558294 -0.0573123 -0.0587681 -0.0601493 -0.061464 -0.0626727 -0.0637535 -0.0646985 -0.0654534 -0.0660243 -0.0663649 -0.066453 -0.0662859 -0.0658103 -0.0650403 -0.0639475 -0.0625102 -0.0607554 -0.0586466 -0.0562088 -0.0534646 -0.0503964 -0.0470652 -0.0434829 -0.0396592 -0.0356694 -0.031515 -0.0272328 -0.0229034 -0.0185262 -0.0141543 -0.00985571 -0.00560432 -0.00142694 0.00264592 0.00667809 0.010672 0.0146106 0.0185806 0.022637 0.0268078 0.0312319 0.0360444 0.0413011 0.0471065 0.0535852 0.060773 0.068695 0.0774017 0.0868492 0.0968833 0.107328 0.117977 0.128556 0.138754 0.148238 0.156653 0.163671 0.16904 0.172547 
