0 0 0 0 0 0 0 0 0 0 0 0 0 0 0 0 0 0 0 0 0 0 0 0 0 0 0 0 0 0 0 0 0 0 0 0 0 0 0 0 0 0 0 0 0 0 0 0 0 0 0 0 0 0 0 0 0 0 0 0 0 0 0 0 0 0 0 0 0 0 0 0 0 0 0 0 0 0 0 0 0 0 0 0 0 0 0 0 0 0 0 0 0 0 0 0 0 0 0 0 0 0 0 0 0 0 0 0 0 0 0 0 0 0 0 0 0 0 0 0 0 0 0 0 0 0 0 0 0 0 0 0 0 0 0 0 0 0 0 0 0 0 0 0 0 0 0 0 0 0 0 0 0 0 0 0 0 0 0 0 0 0 0 0 0 0 0 0 0 0 0 0 0 0 0 0 0 0 0 0 0 0 0 0 0 0 0 0 0 0 0 0 0 0 0 0 0 0 0 0 
0 1.16134e-05 -2.46305e-06 5.59944e-06 2.57424e-05 1.83327e-05 2.60308e-05 4.08084e-05 2.5355e-05 2.62201e-05 4.05199e-05 4.5784e-05 5.51399e-05 5.85333e-05 6.95183e-05 6.03425e-05 4.8163e-05 9.08325e-05 8.79279e-05 6.34628e-05 9.5196e-05 9.57428e-05 0.000108236 0.000123155 0.00010097 0.000126438 0.000133534 0.000128149 0.000143518 0.000143891 0.000168453 0.000164806 0.000177616 0.000206497 0.00019056 0.000217927 0.000229685 0.000232455 0.000249793 0.000258085 0.000290263 0.000286489 0.000314737 0.000348999 0.000357138 0.000390654 0.000415137 0.000463433 0.000483046 0.000523224 0.000587712 0.000636141 0.000706549 0.000780666 0.000907269 0.00102938 0.00118135 0.00138062 0.00162355 0.00191177 0.00221331 0.00258258 0.00297293 0.00338177 0.00374777 0.00407524 0.00433102 0.00445997 0.00442041 0.00416698 0.0037251 0.00306412 0.00221366 0.00116539 5.4339e-06 -0.00121111 -0.00239358 -0.00349891 -0.00446883 -0.00525298 -0.00580876 -0.00610721 -0.00617034 -0.00601724 -0.00570718 -0.00525926 -0.00472982 -0.00413263 -0.00352876 -0.00293288 -0.00239779 -0.00191915 -0.00152434 -0.00118827 -0.000923135 -0.000699201 -0.000526976 -0.0003791 -0.000265857 -0.000160153 -7.04508e-05 3.10657e-05 0.000136258 0.000272269 0.000429322 0.000634279 0.000877015 0.001187 0.00155418 0.00200654 0.00252258 0.0031123 0.00372834 0.0043585 0.00494163 0.00546365 0.00586734 0.00613552 0.00620462 0.00604982 0.00563114 0.00496586 0.00408125 0.00302845 0.00185775 0.00061289 -0.000625345 -0.00179316 -0.00279378 -0.00361541 -0.00421854 -0.00463007 -0.00481261 -0.00480348 -0.00462751 -0.00435378 -0.00401353 -0.00361445 -0.00320568 -0.0028033 -0.00246409 -0.00213768 -0.00185728 -0.00161095 -0.00142666 -0.00127327 -0.00112419 -0.00102121 -0.000930693 -0.000872964 -0.000791626 -0.000743286 -0.000711109 -0.000666738 -0.000635538 -0.000597243 -0.000595652 -0.000557921 -0.000534737 -0.000530467 -0.000504581 -0.000493678 -0.000464826 -0.000468708 -0.000446004 -0.00042057 -0.000433282 -0.000404842 -0.00040158 -0.000396791 -0.000389253 -0.000387382 -0.000363549 -0.000381255 -0.000365573 -0.000343021 -0.000354059 -0.000331165 -0.000346135 -0.000344998 -0.000307007 -0.000328927 -0.000340586 -0.000325834 -0.00031334 -0.000304711 -0.000315692 -0.000301482 -0.000301006 -0.000321992 -0.000296185 -0.000292932 -0.000312509 -0.000291763 -0.00029214 -0.000305742 -0.000288165 -0.000287879 -0.000303056 -0.000291461 
0 -2.46305e-06 3.55069e-05 2.47377e-05 2.16954e-05 4.84056e-05 3.76943e-05 4.73247e-05 7.71887e-05 8.10743e-05 8.82736e-05 9.17642e-05 9.30763e-05 0.000102807 0.000111357 0.000135675 0.000153073 0.000143682 0.00014822 0.000181021 0.000198035 0.000182499 0.000189534 0.000221072 0.000231316 0.000238951 0.000263108 0.00027908 0.000286186 0.00031428 0.000328379 0.000327637 0.000361858 0.00037998 0.000389821 0.000419861 0.000450738 0.000479268 0.000493118 0.000543486 0.000578047 0.000591728 0.000645021 0.000685348 0.000730281 0.00076356 0.000833171 0.000909438 0.000956487 0.00105429 0.00115755 0.00129002 0.00141198 0.00159042 0.00182933 0.00208032 0.00240272 0.00278262 0.00328955 0.00383423 0.00446512 0.00517503 0.00595559 0.00675306 0.00747049 0.00812485 0.00859767 0.00886049 0.00874342 0.00826 0.00735024 0.00605022 0.00434147 0.00227425 -2.39699e-05 -0.00243378 -0.00476905 -0.00697266 -0.00887567 -0.0104475 -0.0115259 -0.0121463 -0.0122534 -0.0119819 -0.0113468 -0.010484 -0.00941282 -0.00824956 -0.00703397 -0.00586786 -0.0047892 -0.00384763 -0.00304758 -0.00238382 -0.0018443 -0.00140152 -0.00105022 -0.000757566 -0.000525495 -0.000315649 -0.000130925 7.0959e-05 0.000286842 0.000556895 0.000877538 0.00128416 0.00177853 0.00239293 0.00313792 0.00403087 0.00507169 0.00622909 0.00746783 0.00869885 0.00987515 0.010887 0.0117073 0.0122073 0.0123605 0.0120208 0.011212 0.00987058 0.00813806 0.00603198 0.00372147 0.0012458 -0.00120406 -0.00351519 -0.00551657 -0.00714279 -0.00837223 -0.0091734 -0.00957446 -0.0095475 -0.00924007 -0.00868685 -0.00802694 -0.00723521 -0.00642387 -0.00563783 -0.00493211 -0.00430306 -0.00371501 -0.00324762 -0.00285089 -0.00254963 -0.00225789 -0.00204051 -0.00188031 -0.00173546 -0.00161179 -0.00149346 -0.00143769 -0.00135086 -0.00127546 -0.00122119 -0.00117476 -0.001128 -0.00106174 -0.00104596 -0.00100814 -0.000962996 -0.000942782 -0.000921344 -0.000899259 -0.000862982 -0.000858611 -0.000840136 -0.000802302 -0.00079716 -0.000778583 -0.000753172 -0.000743857 -0.000732941 -0.000712339 -0.000706658 -0.000716237 -0.000692703 -0.000664787 -0.000675204 -0.000679449 -0.000651106 -0.000630551 -0.000632226 -0.000634976 -0.000637691 -0.000626356 -0.00061705 -0.000621153 -0.000598021 -0.000598277 -0.000618669 -0.000587184 -0.000589771 -0.000610936 -0.00057677 -0.000589857 -0.000606087 -0.000570112 -0.000590363 
0 5.59944e-06 2.47377e-05 3.41464e-05 4.8346e-05 6.66142e-05 7.35731e-05 8.70357e-05 9.83348e-05 0.000104146 0.00012212 0.000140009 0.000153275 0.00016933 0.000182662 0.000189999 0.000203422 0.00022744 0.00023948 0.000250741 0.000274658 0.00028921 0.000311123 0.000335307 0.000343201 0.000364685 0.000391293 0.000407599 0.000427793 0.000458281 0.000486942 0.000506235 0.000543625 0.00057886 0.000599508 0.000638925 0.000679671 0.000712321 0.000748232 0.00080146 0.000853306 0.000892702 0.00095924 0.00103089 0.00109465 0.00116704 0.00126286 0.00136899 0.00146467 0.00159574 0.00175853 0.00193982 0.0021449 0.00241104 0.0027559 0.00315141 0.00363282 0.00422961 0.00496351 0.00580077 0.00674427 0.00780903 0.00895868 0.0101194 0.0111917 0.012125 0.0128138 0.0131395 0.0129567 0.0121997 0.0108412 0.00887945 0.00633371 0.00327504 -0.000125921 -0.00367239 -0.00714512 -0.0103858 -0.0132204 -0.0155168 -0.0171384 -0.0180443 -0.0182452 -0.0178397 -0.0169318 -0.015643 -0.0140762 -0.0123438 -0.0105563 -0.00881964 -0.00722152 -0.00581124 -0.0046132 -0.00361378 -0.0027986 -0.00213222 -0.0015972 -0.00115823 -0.000800262 -0.000485951 -0.000197855 0.000104324 0.000438414 0.000842694 0.0013323 0.00194301 0.00269177 0.00361632 0.00473514 0.00607294 0.00761878 0.00934137 0.0111655 0.012995 0.0147194 0.0162272 0.0174128 0.0181552 0.0183391 0.0178437 0.0166182 0.0146637 0.0120843 0.00899551 0.00556049 0.00192542 -0.00169588 -0.00509665 -0.00806812 -0.010499 -0.0123325 -0.0135517 -0.014154 -0.0141768 -0.0137415 -0.0129725 -0.0119901 -0.010852 -0.00966232 -0.00850747 -0.00745578 -0.00650259 -0.00564972 -0.00493004 -0.00434126 -0.00385848 -0.00343631 -0.00310059 -0.0028385 -0.0026202 -0.00242211 -0.0022599 -0.00214256 -0.00202446 -0.00191665 -0.00183015 -0.00176419 -0.00168957 -0.00161736 -0.00157288 -0.00152052 -0.00146484 -0.00141963 -0.00138606 -0.00134294 -0.00129852 -0.00127698 -0.00124398 -0.00120972 -0.0011909 -0.00116966 -0.00114267 -0.00112094 -0.00111006 -0.00108446 -0.00106037 -0.00105117 -0.00103101 -0.00101773 -0.00100785 -0.00098841 -0.000980964 -0.00097864 -0.000966147 -0.00094963 -0.000941403 -0.000933428 -0.00092212 -0.000922872 -0.00091703 -0.000905321 -0.0009066 -0.000898669 -0.000892171 -0.000894912 -0.000885554 -0.000884737 -0.000884874 -0.000874495 -0.000882342 
0 2.57424e-05 2.16954e-05 4.8346e-05 7.14e-05 7.32078e-05 0.000102383 0.00012252 0.000125954 0.000145528 0.000164017 0.000184423 0.000204019 0.000220656 0.000248001 0.000255672 0.000265106 0.00030863 0.000329525 0.000331645 0.000358939 0.000391296 0.000418927 0.000438145 0.000457212 0.000494445 0.000520423 0.000544544 0.000582571 0.000608478 0.000647149 0.000687041 0.000718479 0.000767859 0.000805215 0.000853481 0.00090552 0.000949329 0.0010158 0.00106824 0.00113781 0.00121015 0.00128183 0.00137948 0.0014608 0.00157437 0.00168968 0.00182175 0.00197852 0.00214397 0.00236937 0.00260464 0.00290959 0.00327215 0.00372275 0.00427652 0.00492679 0.00574935 0.00670066 0.00783143 0.00908486 0.0104895 0.0119795 0.0134664 0.0148664 0.0160346 0.0168948 0.0172295 0.0169529 0.0159033 0.0140917 0.0114715 0.00811238 0.00411397 -0.000327393 -0.00493886 -0.00949293 -0.0137085 -0.0174277 -0.0203993 -0.0225451 -0.0237289 -0.0240452 -0.0235274 -0.022379 -0.0206897 -0.0186593 -0.0163867 -0.0140582 -0.0117754 -0.0096746 -0.00780464 -0.00620885 -0.00487261 -0.00377526 -0.00288273 -0.00215663 -0.00156914 -0.00107703 -0.000655399 -0.000254758 0.000150802 0.00061193 0.0011531 0.00181991 0.00263795 0.00364937 0.00488724 0.00638361 0.0081611 0.0102001 0.0124659 0.0148463 0.0172439 0.0194831 0.0214583 0.0229744 0.0239311 0.024115 0.0234581 0.0218223 0.0192945 0.0159099 0.0118978 0.0073916 0.00266947 -0.0020566 -0.00648292 -0.0103895 -0.0136106 -0.0160476 -0.0176963 -0.018522 -0.0186445 -0.018129 -0.017194 -0.0159183 -0.0144729 -0.0129353 -0.0114331 -0.0100374 -0.00875753 -0.00764671 -0.00666844 -0.005879 -0.00519897 -0.00465004 -0.00419249 -0.00381979 -0.0035246 -0.00325499 -0.00305396 -0.00286359 -0.00271583 -0.00257732 -0.00245389 -0.00235905 -0.00225269 -0.0021777 -0.00209313 -0.0020244 -0.00196373 -0.00189476 -0.00184913 -0.00179034 -0.00174691 -0.00170428 -0.00165697 -0.00162924 -0.00158755 -0.00155745 -0.00153061 -0.00149348 -0.0014747 -0.00145051 -0.00142098 -0.0013957 -0.00137587 -0.00137184 -0.00134589 -0.00131107 -0.00131305 -0.00130858 -0.00128385 -0.00126723 -0.00125381 -0.00124958 -0.00123786 -0.00122258 -0.0012304 -0.00121389 -0.00119259 -0.0012104 -0.00119644 -0.00117597 -0.00119575 -0.00118111 -0.0011675 -0.00118947 -0.00117184 
0 1.83327e-05 4.84056e-05 6.66142e-05 7.32078e-05 0.00010108 0.000122509 0.000131516 0.000169092 0.000200716 0.000211295 0.00022812 0.000248813 0.000271668 0.000287277 0.000330321 0.000374377 0.000358987 0.000391432 0.000449519 0.000454588 0.000489262 0.000507076 0.000531324 0.000598138 0.000610623 0.000646419 0.000697298 0.00072862 0.000778045 0.00080329 0.000863962 0.000906451 0.000939424 0.00102356 0.00106132 0.00112792 0.00120337 0.0012708 0.00135622 0.0014207 0.00153553 0.00162024 0.00171838 0.00185193 0.00197322 0.00213159 0.00228194 0.00249708 0.00272239 0.00298114 0.00331383 0.00369645 0.00418519 0.00474038 0.00545682 0.00630806 0.00733122 0.00853656 0.00992321 0.0115125 0.013215 0.0150242 0.0167986 0.0184691 0.0198435 0.020783 0.0211064 0.0206557 0.0193257 0.0170197 0.0137754 0.00961904 0.00475021 -0.000651869 -0.00625437 -0.0117928 -0.0169341 -0.0214418 -0.0250709 -0.0276745 -0.0291724 -0.0295843 -0.0290246 -0.0276358 -0.0256189 -0.0231322 -0.0203883 -0.0175305 -0.0147552 -0.0121536 -0.00985116 -0.00784641 -0.00618094 -0.00478709 -0.00366826 -0.00273963 -0.00200009 -0.00136421 -0.000829106 -0.000306543 0.000209095 0.000806558 0.00148955 0.00234409 0.003372 0.00465964 0.00620792 0.00809396 0.0102913 0.0128227 0.0155845 0.018507 0.0214055 0.0241465 0.0265152 0.0283548 0.0294493 0.0296409 0.0287717 0.0267794 0.0236825 0.0195874 0.0146941 0.00922166 0.00348333 -0.00224817 -0.00762303 -0.0124203 -0.0163886 -0.0194503 -0.0215095 -0.0226281 -0.0228643 -0.0223678 -0.0212943 -0.019801 -0.0180822 -0.0162391 -0.0144299 -0.0126811 -0.0111116 -0.00970874 -0.00850576 -0.00747538 -0.00660729 -0.00591713 -0.00532274 -0.00485296 -0.00444105 -0.00413208 -0.00385711 -0.00361163 -0.00342305 -0.00324251 -0.00310484 -0.00294421 -0.00283676 -0.00273306 -0.00261663 -0.00253864 -0.00244803 -0.00238997 -0.00230297 -0.00224661 -0.00220632 -0.00212454 -0.00209337 -0.00204046 -0.00199087 -0.00194996 -0.0019042 -0.00188717 -0.00182562 -0.00180342 -0.00179708 -0.0017498 -0.00173927 -0.00169767 -0.00167409 -0.00168811 -0.00163834 -0.00160158 -0.00160003 -0.00159589 -0.00158369 -0.00155793 -0.00155871 -0.00154084 -0.00150974 -0.00152711 -0.00151524 -0.00148684 -0.00150108 -0.00149222 -0.00147305 -0.00148359 -0.00148183 -0.00146746 -0.00147002 
0 2.60308e-05 3.76943e-05 7.35731e-05 0.000102383 0.000122509 0.000156011 0.000173226 0.000192939 0.000221063 0.000242626 0.000278888 0.000313428 0.000339217 0.000364765 0.000385914 0.000415369 0.000447766 0.000488455 0.00051834 0.000535587 0.000593682 0.000635742 0.000654334 0.000707319 0.000740466 0.000775016 0.000830982 0.000873357 0.000920968 0.000974177 0.00104352 0.00109586 0.00114845 0.00123637 0.00129265 0.00135837 0.00144913 0.00153326 0.00161909 0.00171308 0.00184381 0.0019549 0.00207604 0.00224048 0.00240544 0.00258387 0.00278307 0.00304428 0.00332523 0.00364087 0.00404671 0.004538 0.00512856 0.00582159 0.00669869 0.00775742 0.00900062 0.0104471 0.0121168 0.014002 0.0160085 0.0180835 0.0201176 0.021996 0.0235101 0.0244727 0.0247062 0.0240534 0.0223844 0.0195988 0.0157195 0.0108313 0.00514193 -0.00111961 -0.00762621 -0.0140506 -0.0200274 -0.0252544 -0.029473 -0.0325182 -0.0343089 -0.0348572 -0.0342701 -0.032708 -0.0303877 -0.0275166 -0.0243261 -0.0210051 -0.0177517 -0.0146949 -0.0119537 -0.00956189 -0.00754638 -0.00586553 -0.00449653 -0.00337139 -0.00245673 -0.00168135 -0.00100976 -0.000368489 0.000280131 0.00100999 0.00185736 0.00289416 0.00415515 0.00571115 0.00759137 0.00984918 0.0124751 0.0154581 0.0187027 0.0221022 0.0254743 0.0286416 0.0313746 0.0334631 0.0346727 0.0348172 0.0337452 0.031396 0.0277917 0.0230466 0.0173685 0.0110302 0.00438073 -0.00224143 -0.00848607 -0.0140855 -0.0187823 -0.0224315 -0.0249426 -0.0263669 -0.0267948 -0.0263679 -0.0252393 -0.0235968 -0.0216589 -0.0195751 -0.0174766 -0.0154316 -0.0135599 -0.0118951 -0.010445 -0.00918192 -0.00811586 -0.00725576 -0.00653141 -0.00592499 -0.00541456 -0.00502172 -0.00468024 -0.0043726 -0.00412679 -0.00392146 -0.00374064 -0.00355509 -0.00342153 -0.00330126 -0.00316868 -0.00306033 -0.00296632 -0.00288174 -0.00277691 -0.00270556 -0.00264454 -0.00255712 -0.00250197 -0.00245096 -0.00239701 -0.00234281 -0.00230228 -0.00226926 -0.0022126 -0.00218531 -0.00214849 -0.00209409 -0.00208237 -0.00205446 -0.00201239 -0.00199099 -0.00197573 -0.00196196 -0.00193577 -0.00191386 -0.00189092 -0.00186807 -0.00186552 -0.00184794 -0.00183372 -0.00183123 -0.00180894 -0.00180495 -0.00180171 -0.0017838 -0.00178866 -0.00177624 -0.00176148 -0.00177442 -0.00176514 
0 4.08084e-05 4.73247e-05 8.70357e-05 0.00012252 0.000131516 0.000173226 0.000210387 0.000229772 0.000264983 0.000292453 0.000324607 0.00035814 0.000381752 0.000431483 0.000461668 0.000478063 0.000539772 0.000576671 0.00059552 0.000643755 0.000684659 0.000733927 0.000772223 0.000811504 0.000878896 0.000915799 0.000972738 0.00103787 0.00107538 0.00115355 0.00121495 0.00127384 0.00135625 0.00142822 0.00152083 0.00159542 0.00169953 0.00181297 0.00189907 0.00203516 0.00216362 0.00230295 0.00245296 0.00262755 0.00284075 0.00303385 0.00329621 0.00359727 0.00394077 0.00434039 0.00482285 0.00544304 0.00614082 0.00700397 0.0080491 0.00931867 0.0107918 0.0124763 0.0144282 0.0165685 0.0188539 0.0211427 0.0233854 0.0253932 0.0269675 0.0278843 0.0279581 0.0270585 0.0250055 0.0217468 0.0172515 0.0117014 0.00526618 -0.00174645 -0.0090484 -0.0162402 -0.0229455 -0.0288053 -0.0335459 -0.0370031 -0.0390725 -0.039784 -0.0391984 -0.0375234 -0.0349462 -0.0317593 -0.0281679 -0.0244445 -0.0207445 -0.0172723 -0.0141008 -0.0113377 -0.00896255 -0.00699685 -0.00536148 -0.00403783 -0.00293072 -0.00201223 -0.00118609 -0.000421422 0.000378573 0.00124536 0.00227534 0.00349823 0.00501037 0.00683608 0.00906187 0.0116817 0.0147339 0.0181353 0.021836 0.025655 0.0294555 0.0329784 0.0360243 0.0382928 0.0395776 0.0396326 0.0383556 0.0356597 0.0316004 0.0262764 0.0199147 0.0128253 0.0053804 -0.00201694 -0.00904197 -0.0153585 -0.0207451 -0.0249573 -0.0279527 -0.0297184 -0.0304062 -0.0301123 -0.0290129 -0.0273027 -0.0252086 -0.0229386 -0.0205796 -0.0182822 -0.0161123 -0.0141923 -0.0124788 -0.0109847 -0.00971412 -0.0086611 -0.00780247 -0.00704763 -0.00644925 -0.00595055 -0.00554448 -0.00517895 -0.00486885 -0.00463451 -0.0043937 -0.00419604 -0.00401395 -0.00386717 -0.00372113 -0.00357415 -0.00348009 -0.00335975 -0.0032601 -0.0031728 -0.00308763 -0.00301685 -0.00292751 -0.00287699 -0.00280959 -0.00273832 -0.00270078 -0.00263349 -0.00259103 -0.00255409 -0.00250171 -0.00246811 -0.00242711 -0.00240755 -0.00237229 -0.00231872 -0.00231403 -0.00228981 -0.00224885 -0.0022351 -0.00221183 -0.00219854 -0.00218017 -0.00215424 -0.00215646 -0.00213134 -0.00210758 -0.00212415 -0.00209709 -0.00207451 -0.00209874 -0.0020765 -0.00206075 -0.0020859 -0.00206084 
0 2.5355e-05 7.71887e-05 9.83348e-05 0.000125954 0.000169092 0.000192939 0.000229772 0.000266834 0.000305072 0.000349632 0.000367173 0.000405767 0.000450736 0.000469475 0.000531185 0.000586831 0.000599434 0.000639326 0.00069926 0.000755513 0.000787688 0.000820536 0.000891462 0.000946137 0.000995739 0.00105978 0.00111553 0.00118479 0.00125291 0.00131894 0.00139406 0.00147191 0.0015582 0.00164533 0.00174154 0.00184573 0.00195646 0.00207486 0.00220183 0.00234261 0.00249278 0.00265856 0.00283729 0.00304603 0.00327509 0.00353003 0.00383355 0.00418434 0.00459991 0.00507843 0.00567312 0.00638881 0.0072404 0.00826816 0.00950383 0.0109869 0.012685 0.0146395 0.0168308 0.0192299 0.0217266 0.0242133 0.0265857 0.0286482 0.030202 0.0309854 0.0308565 0.0296244 0.0271806 0.0234126 0.0183679 0.0121935 0.00512064 -0.00255578 -0.0105247 -0.0183616 -0.0256851 -0.032075 -0.0372909 -0.0411038 -0.0434687 -0.0443326 -0.0438173 -0.0420535 -0.0393143 -0.0358453 -0.0319447 -0.0278432 -0.0237687 -0.0198863 -0.0163296 -0.01318 -0.010467 -0.00818929 -0.00629708 -0.00474502 -0.00345057 -0.00235951 -0.00138205 -0.000464811 0.000483657 0.00151653 0.00272502 0.00416351 0.00591945 0.00804262 0.0105965 0.0135956 0.0170347 0.0208515 0.0249405 0.0291547 0.0332919 0.0371321 0.0403889 0.0428029 0.0440794 0.0440424 0.0425252 0.0395271 0.0350408 0.0292354 0.0222906 0.0145851 0.00648033 -0.00157859 -0.00925966 -0.0162245 -0.0222078 -0.0269875 -0.0304496 -0.0326318 -0.0336084 -0.0335395 -0.0325419 -0.0308616 -0.0286987 -0.0262855 -0.0237435 -0.0212098 -0.0188068 -0.0166074 -0.0146529 -0.0129162 -0.0114373 -0.0101852 -0.00914627 -0.00826669 -0.00753526 -0.00694042 -0.00643521 -0.00601283 -0.00564651 -0.00534394 -0.00507544 -0.00483713 -0.00463057 -0.00444331 -0.00427861 -0.00412475 -0.00398806 -0.00386313 -0.00374979 -0.00364319 -0.00354486 -0.00345704 -0.00337279 -0.00329295 -0.00321661 -0.00315303 -0.00308644 -0.0030264 -0.00297356 -0.00291226 -0.00287814 -0.0028415 -0.00278276 -0.00273761 -0.0027133 -0.00269717 -0.0026406 -0.00259132 -0.0025918 -0.00256524 -0.00253628 -0.0025219 -0.00249147 -0.00247685 -0.00245505 -0.00243935 -0.00243962 -0.00240657 -0.0024015 -0.00240811 -0.00237131 -0.00238039 -0.0023897 -0.00235262 -0.00236873 
0 2.62201e-05 8.10743e-05 0.000104146 0.000145528 0.000200716 0.000221063 0.000264983 0.000305072 0.000325548 0.000380038 0.000425179 0.000464218 0.000520735 0.000554917 0.000585835 0.000630928 0.000686526 0.000741988 0.000783796 0.000835896 0.000889917 0.000955174 0.0010224 0.00105791 0.00112381 0.00120278 0.00125618 0.00133191 0.00141561 0.00149554 0.00157818 0.00167631 0.0017774 0.00186381 0.00198065 0.00210023 0.00221287 0.0023477 0.00249818 0.00265941 0.00282209 0.00302297 0.00324192 0.00347224 0.00374201 0.00405062 0.00441018 0.00481179 0.00530184 0.00588551 0.0065807 0.00741886 0.00842416 0.0096425 0.0110756 0.0127687 0.0147119 0.016917 0.0193493 0.021951 0.0246323 0.0272542 0.0296885 0.0317212 0.0331567 0.0337476 0.0333308 0.0317332 0.0288427 0.0245915 0.0190243 0.0123133 0.00468655 -0.00354004 -0.0120472 -0.0204031 -0.0282113 -0.0350517 -0.0406591 -0.0448131 -0.0474395 -0.0484944 -0.0480637 -0.0462935 -0.0434384 -0.0397808 -0.0356165 -0.0312132 -0.0267936 -0.0225517 -0.0186194 -0.0151074 -0.012048 -0.00946202 -0.00729514 -0.00550893 -0.00400747 -0.00273492 -0.00158677 -0.000506993 0.000609253 0.00181792 0.00322457 0.00488637 0.0069047 0.00932549 0.0122181 0.0155783 0.0193973 0.0235847 0.0280342 0.0325711 0.0369977 0.04106 0.0444728 0.0469388 0.0481776 0.047994 0.046256 0.0429533 0.038111 0.031888 0.0244915 0.0162952 0.00767768 -0.000916361 -0.00914363 -0.0166502 -0.0231704 -0.0284645 -0.0324226 -0.0350383 -0.0363823 -0.0365879 -0.0357956 -0.0342318 -0.0320919 -0.0296093 -0.0269325 -0.0242316 -0.0216133 -0.0191713 -0.0169597 -0.0149956 -0.0132974 -0.0118299 -0.0106004 -0.00956578 -0.00870826 -0.00798213 -0.00737638 -0.00688129 -0.00645122 -0.00608379 -0.00576525 -0.0055047 -0.00525998 -0.00503808 -0.00485607 -0.00468536 -0.00452285 -0.00437135 -0.00425159 -0.00412334 -0.00399867 -0.00390536 -0.00380743 -0.00371313 -0.00363199 -0.00356637 -0.00348765 -0.0034167 -0.00337528 -0.00330247 -0.00323525 -0.00319505 -0.00314664 -0.00310113 -0.00305165 -0.00301173 -0.00298469 -0.00296185 -0.00293165 -0.00288072 -0.00285854 -0.0028404 -0.00280249 -0.00279823 -0.00277748 -0.00274505 -0.0027462 -0.00272281 -0.00270916 -0.00271543 -0.00268511 -0.00267734 -0.00267946 -0.00265748 -0.00267139 
0 4.05199e-05 8.82736e-05 0.00012212 0.000164017 0.000211295 0.000242626 0.000292453 0.000349632 0.000380038 0.000423518 0.00047961 0.000508659 0.000554447 0.000626555 0.000665468 0.000709681 0.000781195 0.000824106 0.000875804 0.000940353 0.000986987 0.00106338 0.00112839 0.00117956 0.00127228 0.00134688 0.0014144 0.00150027 0.00158607 0.00167802 0.0017581 0.00187135 0.0019842 0.00207669 0.00222228 0.00235517 0.00248579 0.00264547 0.00281465 0.00300049 0.00317536 0.00340793 0.00365856 0.00390847 0.00422565 0.00458362 0.0050065 0.0054722 0.00605137 0.00675787 0.00756612 0.0085537 0.00972896 0.011154 0.0127944 0.0146999 0.0168907 0.0193237 0.0219719 0.0247248 0.0275394 0.030225 0.0326373 0.0345514 0.0357754 0.0361051 0.035329 0.0333273 0.0299611 0.0252519 0.0192117 0.012051 0.00397059 -0.00468784 -0.0135958 -0.0223371 -0.0304977 -0.0376991 -0.0436218 -0.0480889 -0.0509526 -0.0522213 -0.0519025 -0.0501962 -0.0472891 -0.0435274 -0.039162 -0.0345244 -0.0298038 -0.0252461 -0.0209616 -0.0171062 -0.0137036 -0.0108079 -0.00835612 -0.00632354 -0.00460029 -0.00313071 -0.0017965 -0.000537824 0.000761868 0.00216295 0.00378375 0.00568384 0.00797774 0.0107027 0.0139356 0.0176444 0.021825 0.0263457 0.0311158 0.035913 0.0405677 0.0447669 0.0482644 0.0507013 0.0518595 0.0514907 0.0495402 0.0459444 0.0408059 0.0342373 0.0265116 0.0179536 0.00896839 -3.39835e-05 -0.00869186 -0.0166399 -0.0236256 -0.0293877 -0.0338493 -0.036923 -0.0386976 -0.0392393 -0.038744 -0.0373844 -0.0353607 -0.032886 -0.0301355 -0.0273227 -0.024521 -0.0218663 -0.0193991 -0.0172104 -0.0152841 -0.0135944 -0.0121645 -0.0109561 -0.00996732 -0.0091005 -0.00839037 -0.00781 -0.00730953 -0.00687782 -0.00649529 -0.00620201 -0.00591063 -0.00564886 -0.00543853 -0.00523912 -0.00505876 -0.00487944 -0.00475058 -0.0046133 -0.00446883 -0.00437422 -0.00426124 -0.00415482 -0.00406288 -0.00397811 -0.00389643 -0.00380248 -0.00374952 -0.00368557 -0.0036065 -0.00356697 -0.00351032 -0.0034602 -0.00342262 -0.00336116 -0.00332624 -0.00329576 -0.00324286 -0.00321326 -0.00319669 -0.00316529 -0.00313222 -0.0031141 -0.00309512 -0.00306608 -0.00305323 -0.00304193 -0.00301263 -0.0030017 -0.00300464 -0.00299002 -0.00298249 -0.00298622 -0.00296953 
0 4.5784e-05 9.17642e-05 0.000140009 0.000184423 0.00022812 0.000278888 0.000324607 0.000367173 0.000425179 0.00047961 0.000518463 0.000574592 0.000632428 0.000667104 0.000732661 0.000813011 0.000847764 0.000896161 0.000977824 0.0010487 0.00111156 0.00116458 0.00124264 0.00133204 0.00139699 0.00148533 0.00156727 0.00165627 0.00176878 0.00185033 0.0019643 0.00208457 0.00219394 0.00232904 0.00245789 0.00261874 0.00276412 0.00293168 0.00314095 0.00332201 0.00355349 0.00380304 0.00408767 0.00439419 0.00473772 0.00518152 0.00564217 0.00620641 0.006878 0.00769384 0.00865369 0.00977245 0.0111644 0.012769 0.0146463 0.0167668 0.0191907 0.0218526 0.0246552 0.0275575 0.0304109 0.0331194 0.035401 0.037126 0.0380538 0.038037 0.0368594 0.034384 0.0305659 0.0253822 0.0189614 0.0113946 0.00299299 -0.00600502 -0.0151657 -0.0241705 -0.0325627 -0.040025 -0.0462113 -0.0509324 -0.0540446 -0.0555064 -0.0553694 -0.053749 -0.0509009 -0.0470718 -0.0426152 -0.0377648 -0.0328313 -0.0279599 -0.0233878 -0.0191722 -0.0154663 -0.0122267 -0.0095108 -0.00718839 -0.00525541 -0.00354394 -0.00203351 -0.000551711 0.000921844 0.00255981 0.0043839 0.00656584 0.00911734 0.0121819 0.0157192 0.0197947 0.0242758 0.0291283 0.034133 0.0391687 0.0439405 0.0482352 0.051696 0.0540694 0.0550578 0.0545111 0.0523168 0.0484783 0.0430752 0.0362573 0.0283096 0.0195227 0.0103221 0.00103053 -0.00790772 -0.0162216 -0.0235524 -0.0297671 -0.0346735 -0.0382541 -0.0404737 -0.0414373 -0.0413082 -0.0402379 -0.0384392 -0.0360408 -0.0333309 -0.0304318 -0.0275359 -0.0246808 -0.0220079 -0.019592 -0.0174279 -0.0155342 -0.0138629 -0.0124933 -0.0113123 -0.0103188 -0.00947486 -0.00878126 -0.00821363 -0.00768454 -0.00726964 -0.00690003 -0.00658477 -0.00629198 -0.00603441 -0.00583291 -0.00560602 -0.00542907 -0.00526294 -0.00510472 -0.00496514 -0.00482223 -0.00471907 -0.00459221 -0.00448509 -0.00440221 -0.00429937 -0.00422505 -0.00413782 -0.00406228 -0.0040109 -0.00393826 -0.00387225 -0.00380857 -0.00377049 -0.00373829 -0.00366179 -0.00361535 -0.00360184 -0.00356099 -0.00351883 -0.00349027 -0.0034636 -0.00343297 -0.00340424 -0.00339137 -0.00337135 -0.00334363 -0.00333799 -0.00332576 -0.00330016 -0.00329965 -0.003295 -0.00327445 -0.00328022 
0 5.51399e-05 9.30763e-05 0.000153275 0.000204019 0.000248813 0.000313428 0.00035814 0.000405767 0.000464218 0.000508659 0.000574592 0.000639211 0.000690664 0.000757504 0.000807126 0.000856009 0.000931143 0.001012 0.00107803 0.00112913 0.00121558 0.00130438 0.00137174 0.00146119 0.00153442 0.0016259 0.00173521 0.00182046 0.00193443 0.0020446 0.00216652 0.002297 0.00241712 0.00257572 0.00271572 0.00287982 0.00306115 0.0032405 0.00346491 0.00367724 0.00393972 0.00422311 0.00453366 0.00490111 0.00529757 0.0057972 0.00633933 0.00699733 0.00778736 0.00872018 0.00984092 0.0111383 0.0127267 0.0145446 0.0166402 0.0189966 0.0216248 0.0244748 0.0274046 0.0303826 0.0332316 0.0358438 0.0379356 0.0393656 0.039938 0.0394931 0.0378625 0.0348976 0.0306208 0.0250196 0.0182532 0.010396 0.00175184 -0.00743236 -0.0167424 -0.0258595 -0.034389 -0.042005 -0.048398 -0.053328 -0.0566719 -0.0583419 -0.0584114 -0.0569479 -0.0542136 -0.0504139 -0.0459157 -0.0409402 -0.0358206 -0.0307055 -0.0258506 -0.0213255 -0.0172984 -0.0137446 -0.0107277 -0.00813133 -0.00594293 -0.00400091 -0.00226691 -0.000572664 0.00112245 0.00298687 0.0050615 0.00751201 0.0103617 0.0137405 0.0176053 0.0220013 0.0267831 0.0319005 0.0371178 0.0423058 0.0471482 0.0514372 0.0548027 0.0570268 0.0578104 0.0570512 0.0546199 0.0505644 0.0449455 0.0379683 0.0298887 0.0210159 0.0117092 0.00228888 -0.00683566 -0.015381 -0.0230056 -0.0295906 -0.0349329 -0.039006 -0.0417133 -0.0431616 -0.0434616 -0.0427775 -0.0412672 -0.0390709 -0.0364571 -0.0335644 -0.0306024 -0.0276093 -0.0247624 -0.0221208 -0.0197345 -0.0176106 -0.0157268 -0.014148 -0.0127764 -0.0116346 -0.0106487 -0.00983814 -0.00916147 -0.00856337 -0.0080814 -0.00764167 -0.00728692 -0.00695579 -0.00666707 -0.00642225 -0.00617898 -0.00598613 -0.00578124 -0.00561312 -0.00545861 -0.00529752 -0.00517351 -0.00504049 -0.00493373 -0.00482015 -0.0047161 -0.00464252 -0.00454104 -0.00446383 -0.00438503 -0.0043041 -0.00425752 -0.00418826 -0.00411503 -0.00406301 -0.0040314 -0.00399369 -0.00392965 -0.00389303 -0.00385755 -0.00381241 -0.00379484 -0.00376236 -0.00372953 -0.00371132 -0.00368042 -0.00366853 -0.00365868 -0.00363391 -0.00362451 -0.00360715 -0.00359015 -0.00359374 -0.00358807 
0 5.85333e-05 0.000102807 0.00016933 0.000220656 0.000271668 0.000339217 0.000381752 0.000450736 0.000520735 0.000554447 0.000632428 0.000690664 0.000725966 0.000828341 0.000895442 0.000942857 0.00103484 0.0010968 0.00116513 0.00124464 0.00132352 0.00141844 0.00148701 0.00159209 0.00169828 0.00177646 0.00190778 0.00200271 0.00210471 0.00225165 0.00236101 0.00250225 0.00264995 0.00281147 0.00298707 0.00314981 0.00337461 0.00357735 0.00379959 0.00407195 0.00434256 0.00466846 0.00500914 0.00542996 0.00590491 0.00643867 0.00710299 0.00785618 0.00878262 0.00985541 0.0111425 0.0126658 0.0144285 0.0164898 0.018788 0.0213832 0.0241858 0.0271658 0.0301958 0.0331613 0.0359552 0.0383474 0.0401889 0.0412298 0.0413859 0.0404482 0.0383144 0.0348708 0.0301341 0.0241888 0.0171089 0.00908197 0.000275079 -0.00894412 -0.0183031 -0.0273983 -0.0359721 -0.0436484 -0.0501807 -0.0552845 -0.0588311 -0.0607349 -0.0610216 -0.0597932 -0.0572123 -0.0535455 -0.0490451 -0.0440407 -0.0387558 -0.0334752 -0.0283391 -0.0235625 -0.0191953 -0.0153625 -0.0120067 -0.00915484 -0.00666339 -0.00450271 -0.0024956 -0.000599536 0.00136694 0.00344714 0.00582134 0.00852518 0.0117143 0.015377 0.0195925 0.0242558 0.0293402 0.0346477 0.04006 0.0453056 0.0501807 0.0543562 0.0575824 0.059566 0.0601246 0.0591085 0.0564592 0.0522024 0.0464288 0.0393691 0.0312486 0.0224125 0.0131041 0.00370714 -0.00550847 -0.0141497 -0.0220199 -0.0288822 -0.0346464 -0.0391711 -0.0424033 -0.0443778 -0.0451703 -0.0449516 -0.0437929 -0.0419197 -0.0394638 -0.0366812 -0.033683 -0.0306284 -0.0276396 -0.0247955 -0.0222017 -0.0198303 -0.0177626 -0.015935 -0.014381 -0.0130594 -0.0119309 -0.0109952 -0.0101761 -0.00952338 -0.00894032 -0.00844198 -0.00802049 -0.00764392 -0.00733084 -0.0070131 -0.00677109 -0.00654267 -0.00631272 -0.00613567 -0.00595475 -0.00580475 -0.00564099 -0.00550693 -0.00539757 -0.00524581 -0.00515141 -0.0050474 -0.00493301 -0.00486502 -0.00477075 -0.00469362 -0.004625 -0.00456182 -0.00450884 -0.00442339 -0.00438528 -0.00433694 -0.00425326 -0.00424255 -0.00420595 -0.00414412 -0.00412968 -0.00408783 -0.00405936 -0.00404703 -0.0040046 -0.00398993 -0.00396496 -0.00393292 -0.00394669 -0.00393114 -0.00391244 -0.00392612 -0.00389581 
0 6.95183e-05 0.000111357 0.000182662 0.000248001 0.000287277 0.000364765 0.000431483 0.000469475 0.000554917 0.000626555 0.000667104 0.000757504 0.000828341 0.000870014 0.000958123 0.00103972 0.00111247 0.00118817 0.00125688 0.0013719 0.00146144 0.0015184 0.00163149 0.00173598 0.00183109 0.00193951 0.00205147 0.00218442 0.0022988 0.00244423 0.00259486 0.0027218 0.00290564 0.00307446 0.00324642 0.0034524 0.00366978 0.00391346 0.00415024 0.00445679 0.00478427 0.00512241 0.00554345 0.00601242 0.0065646 0.00717714 0.0079331 0.00883361 0.00986589 0.0111148 0.0125773 0.0143172 0.0162896 0.0185541 0.0210976 0.0238742 0.0268471 0.029899 0.0329763 0.0358824 0.0385082 0.040633 0.0421011 0.0427281 0.0423659 0.0409113 0.0382282 0.0343175 0.0291587 0.0228979 0.015595 0.00744792 -0.00137487 -0.0105576 -0.0198114 -0.0288249 -0.0373129 -0.0450007 -0.0515808 -0.056836 -0.0605557 -0.0627054 -0.0632383 -0.0622832 -0.0599289 -0.056443 -0.0520308 -0.0470318 -0.041666 -0.0362313 -0.0308857 -0.0258462 -0.0211932 -0.0170461 -0.0133868 -0.0102258 -0.00745578 -0.00501504 -0.00275657 -0.000596003 0.00162016 0.00397818 0.00662824 0.00964131 0.0131361 0.0171215 0.0216347 0.0265796 0.0318942 0.0373825 0.042902 0.0481723 0.0529819 0.0569942 0.0599935 0.0616923 0.0619766 0.060683 0.057823 0.0533803 0.0475257 0.0404314 0.0323906 0.0236522 0.0144952 0.00520045 -0.00394045 -0.0126108 -0.0206045 -0.0277016 -0.0338117 -0.0387581 -0.0425186 -0.0450313 -0.0463956 -0.0466647 -0.0459759 -0.044473 -0.042312 -0.0396962 -0.0367549 -0.0337038 -0.030617 -0.0276418 -0.0248224 -0.0222565 -0.0199633 -0.017913 -0.0161433 -0.0146132 -0.0133427 -0.012226 -0.0112899 -0.0105176 -0.00985217 -0.00928365 -0.00877638 -0.00838201 -0.0080048 -0.00766531 -0.0073881 -0.00712625 -0.00689323 -0.00665949 -0.00648173 -0.00629986 -0.006113 -0.00598093 -0.00582945 -0.00569849 -0.00558348 -0.00546987 -0.00536595 -0.00525569 -0.00518993 -0.00509765 -0.00498681 -0.00493567 -0.00487092 -0.00480059 -0.00473402 -0.00466971 -0.00464764 -0.00459151 -0.00452326 -0.00450751 -0.00446447 -0.00441113 -0.00439372 -0.00436282 -0.00432935 -0.00431493 -0.00429798 -0.00427657 -0.00425561 -0.00424122 -0.00422947 -0.00421742 -0.00421933 
0 6.03425e-05 0.000135675 0.000189999 0.000255672 0.000330321 0.000385914 0.000461668 0.000531185 0.000585835 0.000665468 0.000732661 0.000807126 0.000895442 0.000958123 0.00104284 0.00111544 0.00118213 0.00130253 0.00138483 0.00145817 0.00156274 0.00165734 0.00178221 0.00187583 0.00197274 0.00211528 0.00222449 0.00236389 0.00249937 0.0026393 0.00281493 0.00295632 0.003152 0.00334189 0.00352783 0.00377001 0.00399598 0.0042678 0.00454261 0.00487013 0.00524478 0.00561759 0.00610498 0.00663761 0.00726285 0.00798395 0.00884767 0.00989957 0.0110762 0.0125117 0.0141813 0.016131 0.0183279 0.0207935 0.0235582 0.0264892 0.0295712 0.0326533 0.0356913 0.038467 0.0408252 0.0426029 0.0436218 0.0437677 0.0428441 0.0408298 0.0376071 0.0332411 0.0277221 0.0211924 0.013752 0.00556683 -0.00315807 -0.0121983 -0.0212448 -0.0300843 -0.0384087 -0.0460254 -0.0526007 -0.0579563 -0.0618455 -0.0642354 -0.0650538 -0.0643996 -0.0623398 -0.0590842 -0.0548393 -0.0498963 -0.0445185 -0.0389668 -0.0334621 -0.0281798 -0.0232699 -0.0188084 -0.0148523 -0.0113641 -0.00830733 -0.00556026 -0.00303686 -0.000583632 0.00189659 0.00456001 0.00749702 0.0108405 0.0146392 0.0189522 0.0237397 0.0289505 0.0344496 0.0400849 0.0456464 0.0508922 0.055558 0.0593556 0.0620566 0.0634378 0.0634008 0.0618267 0.0587474 0.0541602 0.048267 0.0412167 0.033326 0.0247736 0.0158603 0.00677267 -0.00218058 -0.0107878 -0.0188129 -0.0260876 -0.0324718 -0.0378126 -0.0420713 -0.0451491 -0.0471114 -0.0479297 -0.0477733 -0.0467179 -0.0449445 -0.0425737 -0.0397817 -0.036783 -0.033667 -0.0305935 -0.027591 -0.0248382 -0.0223187 -0.020057 -0.0180577 -0.0163208 -0.0148735 -0.013584 -0.0125161 -0.0116053 -0.010848 -0.0101908 -0.00960586 -0.00915314 -0.00871389 -0.00834688 -0.00801652 -0.00772355 -0.00747231 -0.00720759 -0.00701483 -0.00680593 -0.00661748 -0.00646597 -0.00629313 -0.0061653 -0.00601893 -0.00590121 -0.00580127 -0.00566499 -0.00557749 -0.00548558 -0.00540381 -0.00532475 -0.00521726 -0.00517388 -0.00511975 -0.00504157 -0.0049955 -0.00492771 -0.00488219 -0.00484754 -0.00479424 -0.00476924 -0.00472721 -0.00468485 -0.00467293 -0.00463946 -0.00461753 -0.00460839 -0.0045754 -0.0045627 -0.00455671 -0.004536 -0.0045405 
0 4.8163e-05 0.000153073 0.000203422 0.000265106 0.000374377 0.000415369 0.000478063 0.000586831 0.000630928 0.000709681 0.000813011 0.000856009 0.000942857 0.00103972 0.00111544 0.00122408 0.0012946 0.00138002 0.00149572 0.00156663 0.00168264 0.00180615 0.00189389 0.0020226 0.00214965 0.0022806 0.00241406 0.00254377 0.00271019 0.00285599 0.0030226 0.00321779 0.00339534 0.00361466 0.00383848 0.00408103 0.00435391 0.004632 0.00496586 0.0053182 0.00572024 0.00618089 0.00670103 0.00732971 0.00803071 0.00887566 0.00987912 0.0110562 0.0124403 0.0140466 0.015952 0.0181021 0.0205211 0.0232036 0.0261242 0.0292046 0.03231 0.0353956 0.0382941 0.0408598 0.0428731 0.0442115 0.0447426 0.0443145 0.0428303 0.0402053 0.0364896 0.0316752 0.025865 0.0191209 0.0116164 0.00349196 -0.00505927 -0.0138353 -0.0226215 -0.0311747 -0.0393018 -0.0467419 -0.0532918 -0.0586744 -0.0627477 -0.0653544 -0.0664996 -0.0661607 -0.0644515 -0.061472 -0.0574572 -0.0526312 -0.0472916 -0.0416798 -0.0360439 -0.0305641 -0.0254013 -0.0206545 -0.016381 -0.0125789 -0.00919701 -0.0061483 -0.00331445 -0.000571299 0.00221925 0.00518401 0.00844889 0.012111 0.0162389 0.0208514 0.0259142 0.0313452 0.0370053 0.042728 0.0482842 0.0534382 0.0578976 0.0614241 0.0637687 0.0648056 0.0644024 0.0625561 0.0592351 0.0545617 0.0486437 0.0417359 0.0340245 0.0257679 0.0171422 0.00838557 -0.000309384 -0.00873773 -0.0167179 -0.0240906 -0.0306731 -0.0363726 -0.0410652 -0.0447286 -0.0472649 -0.0487114 -0.0491084 -0.0485953 -0.0472697 -0.0452423 -0.0427011 -0.0398099 -0.0367596 -0.0336099 -0.0305162 -0.02757 -0.0248538 -0.0223799 -0.0201469 -0.0182155 -0.016531 -0.0150943 -0.0138496 -0.0128024 -0.0119242 -0.0111555 -0.0105172 -0.00995061 -0.00947534 -0.00905548 -0.00867549 -0.008356 -0.00805282 -0.00779966 -0.00755378 -0.00733133 -0.00714911 -0.00694774 -0.00678495 -0.00663206 -0.00647505 -0.00634097 -0.00620878 -0.0061088 -0.00598625 -0.00587285 -0.00581093 -0.00570711 -0.00562526 -0.00556427 -0.00546941 -0.00541089 -0.0053448 -0.00528708 -0.00525839 -0.00517854 -0.00513358 -0.00512166 -0.00506267 -0.00503748 -0.00501779 -0.0049616 -0.00493874 -0.0049252 -0.0049037 -0.00490043 -0.00489231 -0.00487428 -0.0048605 
0 9.08325e-05 0.000143682 0.00022744 0.00030863 0.000358987 0.000447766 0.000539772 0.000599434 0.000686526 0.000781195 0.000847764 0.000931143 0.00103484 0.00111247 0.00118213 0.0012946 0.00140542 0.00148311 0.00159177 0.00171271 0.00181836 0.00193523 0.00203922 0.00216789 0.00231986 0.00243894 0.0025829 0.00275313 0.00291802 0.00308592 0.00326871 0.00348078 0.00367543 0.00389721 0.00415922 0.00441039 0.00470274 0.00502869 0.00539476 0.00579365 0.0062438 0.00678652 0.0073798 0.00808434 0.00890737 0.00987825 0.011026 0.0123571 0.0139402 0.0157583 0.0178669 0.0202355 0.0228647 0.0257414 0.0287902 0.031946 0.0350519 0.0380456 0.0407446 0.0429938 0.044598 0.0454339 0.0454085 0.0443774 0.0422894 0.0390896 0.0348825 0.0296882 0.0236198 0.0167471 0.00924586 0.00126965 -0.0070228 -0.015465 -0.0239061 -0.0321272 -0.0399745 -0.0472042 -0.0536527 -0.0590527 -0.0632674 -0.0661153 -0.0675775 -0.0675977 -0.0662551 -0.0636127 -0.0598687 -0.0552271 -0.0499725 -0.0443547 -0.038625 -0.0329809 -0.0275883 -0.022567 -0.0179819 -0.0138548 -0.0101392 -0.00676439 -0.00360519 -0.000543373 0.00257276 0.00586497 0.00946749 0.0134626 0.0179152 0.0228206 0.028136 0.0337571 0.0395394 0.0452974 0.0507972 0.0557908 0.0599947 0.0631852 0.0651477 0.065792 0.0650233 0.0628738 0.0593426 0.0545828 0.0487084 0.0419702 0.0345197 0.0265975 0.0183443 0.00997883 0.00163218 -0.00653255 -0.0143835 -0.0217596 -0.0284848 -0.034459 -0.0395597 -0.0437438 -0.0468718 -0.0489467 -0.0499599 -0.0500338 -0.0492235 -0.0476376 -0.0454278 -0.0427574 -0.0398158 -0.0366876 -0.0335445 -0.0304636 -0.0275666 -0.0248807 -0.0224432 -0.0202824 -0.0183701 -0.016737 -0.0153171 -0.0141125 -0.0130768 -0.0122062 -0.011475 -0.0108199 -0.0102782 -0.00980621 -0.00939354 -0.00901515 -0.00868642 -0.00840944 -0.00812122 -0.00788014 -0.00766858 -0.00745606 -0.00726402 -0.0070969 -0.00695329 -0.00678826 -0.00665163 -0.00654771 -0.00641879 -0.00630555 -0.00619733 -0.00609892 -0.00602614 -0.00592954 -0.00584029 -0.00578864 -0.0057309 -0.00565174 -0.00559244 -0.00556356 -0.00550291 -0.00543831 -0.00541849 -0.00537105 -0.00532327 -0.00532718 -0.00529624 -0.00525562 -0.00525446 -0.00521844 -0.00519027 -0.00520681 -0.00519034 
