0 0 0 0 0 0 0 0 0 0 0 0 0 0 0 0 0 0 0 0 0 0 0 0 0 0 0 0 0 0 0 0 0 0 0 0 0 0 0 0 0 0 0 0 0 0 0 0 0 0 0 0 0 0 0 0 0 0 0 0 0 0 0 0 0 0 0 0 0 0 0 0 0 0 0 0 0 0 0 0 0 0 0 0 0 0 0 0 0 0 0 0 0 0 0 0 0 0 0 0 0 0 0 0 0 0 0 0 0 0 0 0 0 0 0 0 0 0 0 0 0 0 0 0 0 0 0 0 0 0 0 0 0 0 0 0 0 0 0 0 0 0 0 0 0 0 0 0 0 0 0 0 0 0 0 0 0 0 0 0 0 0 0 0 0 0 0 0 0 0 0 0 0 0 0 0 0 0 0 0 0 0 0 0 0 0 0 0 0 0 0 0 0 0 0 0 0 0 0 0 
0 1.12791e-05 -3.54649e-06 1.12107e-05 1.59306e-05 2.81866e-06 1.93314e-05 2.0255e-05 1.55909e-05 2.6369e-05 2.08403e-05 2.81934e-05 3.08763e-05 3.25738e-05 5.39754e-05 3.29011e-05 3.31861e-05 5.56495e-05 2.82242e-05 5.08467e-05 7.72958e-05 5.12801e-05 5.68659e-05 6.50598e-05 7.75898e-05 7.95325e-05 6.4241e-05 7.7784e-05 8.02988e-05 9.23403e-05 9.35016e-05 8.72735e-05 0.000115533 0.000108539 0.000111176 0.000126999 0.000123259 0.000130412 0.000132586 0.000147242 0.000144069 0.00015042 0.000172893 0.000168373 0.000181306 0.000195896 0.000209015 0.000212738 0.000225145 0.000249796 0.000250227 0.000263808 0.000284232 0.000303734 0.000312432 0.000330975 0.000365953 0.000385379 0.000408123 0.000442894 0.000491739 0.000531162 0.000575511 0.000646409 0.00073173 0.00082466 0.000932877 0.00108616 0.00127573 0.00149233 0.00174346 0.00204701 0.00240031 0.00276972 0.00314096 0.00349851 0.00382687 0.00406917 0.00417877 0.00411993 0.00388248 0.00344961 0.00280578 0.00195965 0.000949769 -0.000152058 -0.00128508 -0.00238127 -0.00339188 -0.00424374 -0.00488817 -0.00527287 -0.00539888 -0.00526815 -0.00492045 -0.00437141 -0.00366037 -0.00280156 -0.00183931 -0.00079735 0.000270885 0.00133602 0.00234328 0.00326647 0.0040585 0.00470306 0.00515982 0.00541198 0.00541527 0.00515845 0.00462673 0.00386027 0.0028999 0.00181796 0.000662422 -0.000498629 -0.00160552 -0.00257784 -0.00336388 -0.00393746 -0.00430688 -0.00448359 -0.00447436 -0.0043046 -0.0040175 -0.00367461 -0.00330141 -0.00291712 -0.00253396 -0.00219125 -0.00190038 -0.00165108 -0.00142931 -0.00124444 -0.0011095 -0.000999982 -0.000901873 -0.000816016 -0.000761302 -0.00071689 -0.000665782 -0.000622866 -0.000595352 -0.000575183 -0.000537203 -0.00051272 -0.000498476 -0.000480159 -0.000453563 -0.000435351 -0.000433299 -0.000408733 -0.000394573 -0.000387552 -0.000381492 -0.000365455 -0.000354102 -0.000361663 -0.000340995 -0.000335869 -0.000333994 -0.00032454 -0.000315327 -0.000305363 -0.000311115 -0.000287743 -0.00028866 -0.000295361 -0.000274624 -0.000279001 -0.00027438 -0.000279957 -0.000275912 -0.000258522 -0.000262211 -0.000258757 -0.000271118 -0.000247355 -0.000224987 -0.00026262 -0.000249241 -0.000237903 -0.000255448 -0.00023689 -0.000236195 -0.000238305 -0.000237447 -0.000240093 -0.000222754 -0.000231872 -0.00023332 -0.000219632 -0.000241305 -0.000235749 -0.000219121 -0.000234697 -0.00022181 -0.000213759 -0.0002358 -0.000223908 
0 -3.54649e-06 1.57316e-05 1.39945e-05 1.30124e-05 3.2654e-05 3.20039e-05 2.76816e-05 4.52167e-05 4.95478e-05 4.63023e-05 6.32137e-05 6.54925e-05 5.50501e-05 6.72332e-05 8.06157e-05 8.79035e-05 9.81264e-05 0.000106866 0.000105249 9.43302e-05 0.000110003 0.000134264 0.000133622 0.000123003 0.00013378 0.000172716 0.000167109 0.000160568 0.000190368 0.000181954 0.000194902 0.000209302 0.000205516 0.000222952 0.000232124 0.000255574 0.000252384 0.000274946 0.00030421 0.000291461 0.000325928 0.000337977 0.000351862 0.00036177 0.000384177 0.000417054 0.000406948 0.00045383 0.000475981 0.000500945 0.000523941 0.000563676 0.000615808 0.000622801 0.000685644 0.000729343 0.000791015 0.00082567 0.000900371 0.000993543 0.00106374 0.00117017 0.00128801 0.00147665 0.00164114 0.00188241 0.00217139 0.00255947 0.00298919 0.00349558 0.00410865 0.00479742 0.00554721 0.0062669 0.00699682 0.00761735 0.00810986 0.00829698 0.00819342 0.00769545 0.00684039 0.0055424 0.00386965 0.00186201 -0.000319993 -0.00256718 -0.00474497 -0.00674149 -0.00843567 -0.00970134 -0.0104771 -0.0107167 -0.0104749 -0.00976994 -0.00869491 -0.00726252 -0.0055711 -0.00363837 -0.00158418 0.000558925 0.00265873 0.00468064 0.0064992 0.00809296 0.00935743 0.0102803 0.010762 0.0107793 0.0102543 0.00921288 0.007686 0.00579217 0.00364068 0.00135138 -0.000951512 -0.00314807 -0.00507324 -0.00664988 -0.00778911 -0.00854976 -0.0088932 -0.00890691 -0.00856388 -0.00803192 -0.00733706 -0.00662079 -0.00584174 -0.00510215 -0.00441023 -0.00383263 -0.00333046 -0.0028825 -0.00252414 -0.0022305 -0.00202471 -0.0018041 -0.00165411 -0.00151699 -0.00143659 -0.0013254 -0.00124081 -0.00118785 -0.00112924 -0.00107881 -0.00100919 -0.00100152 -0.000949384 -0.000915016 -0.000880264 -0.000864984 -0.000839337 -0.000790708 -0.000796257 -0.000760649 -0.000740144 -0.00071397 -0.000706484 -0.000688087 -0.000651103 -0.000665619 -0.000636902 -0.000623574 -0.000620003 -0.000610139 -0.000602883 -0.000581409 -0.000590609 -0.000566025 -0.000558397 -0.000565154 -0.000526263 -0.000527385 -0.000540391 -0.000528537 -0.000506767 -0.000501129 -0.000522999 -0.000516166 -0.000497244 -0.000488145 -0.000483537 -0.000486085 -0.000476232 -0.000479177 -0.000482626 -0.000460714 -0.000466235 -0.000480841 -0.000461763 -0.000462557 -0.000471314 -0.00044394 -0.000446775 -0.000465628 -0.000446059 -0.00045733 -0.00046993 -0.000442087 -0.000453108 
0 1.12107e-05 1.39945e-05 2.39413e-05 3.11801e-05 3.49586e-05 4.66212e-05 5.26708e-05 6.03364e-05 7.0055e-05 7.28246e-05 8.61461e-05 9.39524e-05 0.000101136 0.000120207 0.000115849 0.00012106 0.000139191 0.000134971 0.000155549 0.000176787 0.000172511 0.000183776 0.000197264 0.000210256 0.000220058 0.000226248 0.000236619 0.000248089 0.000272228 0.000278156 0.000288576 0.000318632 0.000324648 0.000339576 0.000362161 0.000376139 0.000388362 0.000409008 0.000436476 0.000443609 0.000471349 0.000504479 0.000520982 0.000548152 0.000584289 0.000619522 0.000638568 0.000681531 0.000727405 0.000756714 0.000796938 0.000851798 0.000908827 0.000948203 0.00101496 0.00109497 0.00116931 0.00124495 0.00135055 0.00148209 0.00160778 0.00176207 0.00196369 0.00221988 0.00250375 0.00285727 0.00331357 0.00387936 0.00453782 0.00530546 0.00621568 0.00724263 0.00833348 0.00941881 0.0104663 0.0113838 0.0120549 0.0123301 0.0121291 0.0113868 0.0100697 0.00814144 0.005641 0.0026812 -0.000555011 -0.00387679 -0.00710205 -0.0100519 -0.0125474 -0.01442 -0.0155624 -0.0159333 -0.0155717 -0.0145414 -0.0129315 -0.0108146 -0.00828337 -0.0054243 -0.00235513 0.000814183 0.00395035 0.00694005 0.00965911 0.0120143 0.0139064 0.0152593 0.0159772 0.015983 0.0152103 0.0136653 0.0114203 0.00862317 0.00544321 0.00205897 -0.00134986 -0.00458635 -0.00744862 -0.00978441 -0.0115156 -0.0126481 -0.013201 -0.0132216 -0.0127713 -0.0119884 -0.0109998 -0.00991836 -0.00878763 -0.00768207 -0.00666491 -0.00578676 -0.00502509 -0.00436371 -0.00381366 -0.00338175 -0.0030387 -0.00273654 -0.00249112 -0.00230179 -0.00215556 -0.00200726 -0.00188345 -0.00179117 -0.00171122 -0.00162224 -0.00154369 -0.00149483 -0.00143473 -0.00137311 -0.00132217 -0.00129097 -0.00124258 -0.00119592 -0.00117236 -0.0011411 -0.00110566 -0.00107567 -0.00106366 -0.00103176 -0.00100388 -0.000993912 -0.000968782 -0.000945165 -0.00092744 -0.000916099 -0.000889279 -0.000874623 -0.000871979 -0.000845596 -0.000836708 -0.000832422 -0.000820312 -0.000809367 -0.000795794 -0.000788223 -0.000778261 -0.000776088 -0.000757979 -0.000739137 -0.000751916 -0.000741836 -0.000731234 -0.000736362 -0.000720485 -0.000715376 -0.000715954 -0.00070818 -0.000705289 -0.000697354 -0.00069355 -0.000692011 -0.000689184 -0.000692905 -0.000689768 -0.000684468 -0.000683281 -0.000677505 -0.000673353 -0.000675369 -0.000678856 
0 1.59306e-05 1.30124e-05 3.11801e-05 4.59172e-05 4.4451e-05 6.14803e-05 7.51022e-05 7.82135e-05 9.22088e-05 0.000104066 0.000111752 0.000121655 0.000136848 0.000153138 0.000155303 0.000168038 0.000188203 0.000186466 0.000204355 0.000231934 0.000231539 0.000241447 0.000260017 0.000280714 0.000297675 0.000297503 0.000321863 0.00034346 0.000353598 0.000377368 0.000388058 0.000415125 0.000435223 0.000449527 0.00048242 0.00049546 0.000526355 0.000550672 0.000574515 0.000609614 0.000629568 0.000673904 0.000698099 0.000736295 0.0007802 0.000813047 0.000865076 0.000902116 0.000965812 0.00100995 0.00106991 0.00114099 0.00120388 0.00128637 0.00135943 0.00147079 0.00156314 0.00168375 0.00181997 0.00198186 0.0021685 0.00237492 0.00265881 0.00297936 0.00338931 0.00386609 0.00449054 0.00523452 0.00612588 0.00716369 0.00836533 0.00971619 0.0111298 0.0125646 0.0139022 0.0150774 0.0158844 0.0162149 0.0158935 0.0148886 0.0130988 0.010546 0.00724789 0.00338226 -0.000853829 -0.00519763 -0.00941614 -0.0132664 -0.0165134 -0.0189584 -0.0204502 -0.0209548 -0.0204853 -0.0191481 -0.0170218 -0.0142426 -0.010896 -0.00714068 -0.00308844 0.00107191 0.00521091 0.00913538 0.012727 0.0158178 0.018316 0.0200766 0.0210133 0.0209972 0.0199846 0.0179629 0.0150457 0.011398 0.00724574 0.00282194 -0.00163385 -0.00585572 -0.00961356 -0.0126922 -0.0150191 -0.0165397 -0.017324 -0.0173846 -0.0168731 -0.0158879 -0.0146445 -0.0132237 -0.0117668 -0.010318 -0.00899036 -0.0078083 -0.0067833 -0.00590685 -0.00516456 -0.00458082 -0.00408752 -0.00369884 -0.00335521 -0.00310359 -0.0028786 -0.00269407 -0.00252917 -0.00239257 -0.00228327 -0.00216255 -0.00207751 -0.00198375 -0.00191826 -0.00183656 -0.00177495 -0.00172155 -0.00165855 -0.00161635 -0.0015597 -0.00152862 -0.00147833 -0.00144339 -0.00141302 -0.00137145 -0.00135029 -0.00131151 -0.00129265 -0.00126262 -0.00123682 -0.00122185 -0.00118897 -0.00117889 -0.00115604 -0.00113797 -0.00112331 -0.00109909 -0.00109858 -0.0010788 -0.00105685 -0.00104843 -0.00103926 -0.00103658 -0.00101001 -0.000996298 -0.00100525 -0.000988984 -0.000976893 -0.000974289 -0.000964157 -0.000955884 -0.000947915 -0.00094929 -0.000942252 -0.000926481 -0.000933564 -0.000928125 -0.000913179 -0.000926251 -0.000918656 -0.000901898 -0.000915719 -0.000908477 -0.000899076 -0.000914467 -0.000902232 
0 2.81866e-06 3.2654e-05 3.49586e-05 4.4451e-05 7.20313e-05 7.35697e-05 8.69296e-05 0.000104856 0.00011252 0.000133469 0.000140023 0.000158591 0.00017209 0.000162397 0.000207031 0.000223547 0.000215707 0.000268279 0.000260909 0.000250288 0.000298417 0.000314486 0.000332196 0.00033474 0.000353792 0.00039956 0.000407086 0.000430008 0.000441433 0.000468539 0.00050509 0.000501725 0.000543723 0.000569392 0.000588575 0.000629801 0.000654511 0.000695949 0.000719056 0.000766496 0.000804586 0.000830194 0.000888236 0.000923561 0.000973115 0.00101874 0.00108027 0.0011397 0.00119189 0.00127499 0.00134411 0.00142814 0.00151145 0.00161688 0.00172501 0.00183619 0.00197652 0.00212566 0.00230374 0.00249593 0.00273973 0.00302367 0.0033677 0.00378616 0.00430204 0.00494182 0.00571559 0.00666002 0.00777881 0.0090941 0.0105833 0.012228 0.0139577 0.0156906 0.0173047 0.018657 0.0195767 0.0198873 0.0194406 0.0181212 0.0158714 0.0126831 0.00864163 0.00391408 -0.00124425 -0.00654644 -0.0116849 -0.0163661 -0.0203069 -0.0232739 -0.0251028 -0.0257304 -0.0251805 -0.0235442 -0.0209429 -0.0175138 -0.0134029 -0.00877167 -0.00379714 0.00132854 0.00640741 0.0112432 0.0156513 0.0194615 0.0225185 0.0246749 0.0257936 0.0257579 0.0245045 0.0220493 0.0185095 0.0140831 0.00903146 0.00364041 -0.00178032 -0.0069277 -0.0115147 -0.0153275 -0.0182286 -0.0201782 -0.0211953 -0.0213663 -0.0208174 -0.0197172 -0.0182387 -0.0165423 -0.0147672 -0.0130189 -0.011385 -0.00990508 -0.00861649 -0.00751046 -0.00659014 -0.00581958 -0.00519282 -0.00468063 -0.00426417 -0.00391795 -0.00362534 -0.00339251 -0.00318566 -0.0030123 -0.00284956 -0.00272464 -0.00260373 -0.00249156 -0.00239582 -0.00230911 -0.00223556 -0.00214659 -0.00209066 -0.00202561 -0.00196462 -0.00190726 -0.00185716 -0.00181714 -0.00175316 -0.00172621 -0.00168316 -0.00164214 -0.00161244 -0.00157854 -0.00155802 -0.00151438 -0.00150714 -0.0014773 -0.00143846 -0.00143697 -0.00140477 -0.00138625 -0.00135506 -0.00133836 -0.00134212 -0.00131196 -0.00129687 -0.00126976 -0.00127962 -0.00128949 -0.00122941 -0.00123252 -0.00123517 -0.00120008 -0.00121151 -0.0012027 -0.00118641 -0.0011797 -0.00117089 -0.0011806 -0.00116356 -0.00115678 -0.00116371 -0.00113397 -0.00113811 -0.00115189 -0.00112873 -0.00113993 -0.00114902 -0.00112373 -0.00113221 
0 1.93314e-05 3.20039e-05 4.66212e-05 6.14803e-05 7.35697e-05 8.8522e-05 0.000109113 0.000122906 0.000135115 0.000157723 0.000168052 0.000184074 0.000214707 0.00022454 0.000239479 0.000255427 0.000262008 0.000289973 0.000311906 0.000338651 0.000366029 0.000363993 0.000388158 0.000429513 0.000444119 0.000450123 0.000478865 0.000514708 0.000530053 0.000567161 0.000598193 0.000616447 0.000662941 0.000692591 0.000717499 0.000753032 0.000796244 0.00082767 0.000857734 0.000920327 0.000955651 0.000998987 0.00106254 0.00111973 0.00117317 0.00123102 0.00131836 0.00137583 0.00144749 0.00153997 0.00163105 0.00172029 0.00181755 0.00195593 0.00207433 0.00221387 0.00237755 0.00257761 0.00278667 0.00302348 0.00333415 0.00369174 0.00412353 0.00462996 0.00528861 0.0060773 0.00703278 0.00816837 0.00953225 0.0111158 0.0128814 0.0148043 0.0168077 0.0188124 0.0206305 0.0221211 0.0230682 0.0233276 0.0226877 0.0210463 0.0183065 0.0145165 0.00976017 0.00424882 -0.00176107 -0.0079297 -0.0139049 -0.019334 -0.0238963 -0.0273387 -0.0294729 -0.0302292 -0.0296051 -0.0277064 -0.0246504 -0.0206209 -0.0157743 -0.0103277 -0.00446794 0.00155563 0.00753538 0.0132176 0.018409 0.0228827 0.0264727 0.0289797 0.0302661 0.0301919 0.0287187 0.0258638 0.0217692 0.0166432 0.0107813 0.00451954 -0.00178114 -0.00776323 -0.013129 -0.017625 -0.0211097 -0.0234839 -0.0247901 -0.0250969 -0.0245933 -0.023417 -0.0217837 -0.0198409 -0.0178017 -0.0157698 -0.013853 -0.0120836 -0.0105243 -0.00919551 -0.00807127 -0.00712891 -0.00633589 -0.00571588 -0.00519744 -0.00477172 -0.00439841 -0.00411557 -0.00387084 -0.00364659 -0.00345155 -0.00329157 -0.00315794 -0.00300429 -0.00288896 -0.00278502 -0.00268966 -0.00258213 -0.00250236 -0.0024397 -0.00235207 -0.00228848 -0.00223304 -0.00218356 -0.00211608 -0.00207457 -0.00204055 -0.00197933 -0.00194404 -0.00190946 -0.00186921 -0.00182368 -0.00179878 -0.00177186 -0.00172775 -0.00171432 -0.00168602 -0.00165781 -0.00165154 -0.00162768 -0.00159238 -0.00157578 -0.00157845 -0.00154724 -0.00151398 -0.00150783 -0.00149312 -0.00149011 -0.00147887 -0.00145849 -0.00145403 -0.00143785 -0.00142855 -0.00142851 -0.00141231 -0.0013979 -0.00139407 -0.00138887 -0.00138226 -0.00138753 -0.00138399 -0.00136983 -0.0013726 -0.00136006 -0.00134791 -0.00136327 -0.00135861 
0 2.0255e-05 2.76816e-05 5.26708e-05 7.51022e-05 8.69296e-05 0.000109113 0.000127085 0.000142048 0.000162271 0.000181781 0.000200733 0.00021594 0.000237186 0.000260904 0.000276425 0.000302922 0.000329221 0.000342411 0.000363804 0.000387742 0.000411405 0.000434104 0.000454755 0.000492613 0.000517082 0.000533332 0.000578178 0.000603837 0.000624271 0.000665823 0.00069225 0.000724118 0.000763482 0.000802636 0.000838568 0.00087865 0.000936867 0.000970467 0.0010181 0.00108327 0.00112519 0.00118034 0.00124356 0.00131337 0.0013682 0.00144084 0.00153613 0.00160467 0.00169508 0.00180037 0.00191504 0.00201796 0.00214319 0.00230392 0.00244807 0.00261535 0.00281114 0.00305288 0.00329807 0.00358796 0.00395918 0.00439697 0.00491359 0.00552993 0.00632593 0.00727776 0.00841708 0.00976053 0.0113684 0.0132125 0.0152443 0.0174206 0.0196711 0.0218886 0.023862 0.0254179 0.0263422 0.0264804 0.0256106 0.0236095 0.0203874 0.0160144 0.010602 0.0043769 -0.00238893 -0.00932484 -0.0160341 -0.022117 -0.0272244 -0.0310843 -0.0334974 -0.0343732 -0.033695 -0.0315574 -0.0280913 -0.0234996 -0.0179743 -0.0117605 -0.00508156 0.00178604 0.00859854 0.0150756 0.020988 0.0260812 0.0301521 0.0329776 0.0344002 0.0342851 0.0326046 0.0293973 0.0248147 0.0190807 0.0125118 0.00548662 -0.0015886 -0.00831977 -0.0143909 -0.0195336 -0.0235802 -0.0264041 -0.028032 -0.028545 -0.0281429 -0.0269729 -0.0252454 -0.023133 -0.0208718 -0.0185982 -0.0164172 -0.0143787 -0.0125552 -0.0109929 -0.00965798 -0.00852705 -0.00756771 -0.0068109 -0.00618317 -0.00565857 -0.00520582 -0.00485345 -0.00456053 -0.00428573 -0.00405299 -0.00385858 -0.00369952 -0.00352309 -0.00338309 -0.0032665 -0.00315123 -0.00303518 -0.00293604 -0.00286409 -0.00276429 -0.00268519 -0.00262024 -0.00255225 -0.00248078 -0.00241957 -0.00237865 -0.00231114 -0.0022644 -0.00222965 -0.00217973 -0.00214091 -0.00210559 -0.00207508 -0.00203352 -0.00200567 -0.00198086 -0.00193591 -0.00191918 -0.00189754 -0.00185969 -0.00184363 -0.00182662 -0.00180596 -0.00178601 -0.00176959 -0.00175853 -0.00173545 -0.00171726 -0.00170806 -0.00169312 -0.00168086 -0.00166792 -0.00165995 -0.00165292 -0.00163769 -0.00163854 -0.00163179 -0.00161139 -0.0016167 -0.00160551 -0.0015874 -0.00160646 -0.00159928 -0.00158682 -0.00160348 -0.00158408 
0 1.55909e-05 4.52167e-05 6.03364e-05 7.82135e-05 0.000104856 0.000122906 0.000142048 0.000163755 0.00018833 0.000207312 0.000226327 0.000260006 0.000273231 0.000284492 0.000326706 0.000346924 0.000362081 0.000405651 0.000424615 0.000432234 0.000467994 0.000509903 0.000537865 0.000548154 0.000578741 0.000632054 0.000657249 0.000683752 0.000721895 0.000757314 0.000803385 0.000832928 0.000876102 0.000924978 0.00096047 0.00101889 0.00106209 0.00111611 0.00117432 0.00122852 0.00129926 0.00135086 0.00143389 0.00150408 0.00157598 0.00167022 0.00175381 0.00185982 0.00194864 0.00207841 0.00219907 0.00232348 0.00248009 0.00263995 0.00283215 0.00301142 0.00326142 0.00352451 0.00382854 0.00418086 0.00461418 0.00514962 0.00575114 0.00651855 0.00743799 0.00858407 0.0099007 0.0114819 0.0133193 0.0154147 0.0176935 0.0200905 0.0225539 0.0249035 0.0269797 0.0285086 0.0293647 0.02929 0.0281586 0.025746 0.0220653 0.0171225 0.0111267 0.00425413 -0.00315732 -0.0107551 -0.0180806 -0.0247176 -0.0302886 -0.0345042 -0.0371675 -0.0381471 -0.0374365 -0.0350815 -0.0312595 -0.0261457 -0.0200118 -0.0130799 -0.00566086 0.00199665 0.00956067 0.0167799 0.0233373 0.0290035 0.0334907 0.0366032 0.0381261 0.0379737 0.0360995 0.032591 0.0275903 0.0213456 0.0141864 0.00651477 -0.00121287 -0.00860575 -0.0152925 -0.0210444 -0.0256091 -0.0289123 -0.0308799 -0.0316829 -0.0314241 -0.0303532 -0.0285838 -0.0263939 -0.0239511 -0.0214827 -0.0190566 -0.0167708 -0.0146997 -0.0128854 -0.0113441 -0.00999743 -0.00889054 -0.00795904 -0.00722801 -0.00658286 -0.00606249 -0.00562848 -0.00527349 -0.00496222 -0.00467596 -0.00446176 -0.00424647 -0.00407059 -0.00388977 -0.00375532 -0.00361889 -0.00348406 -0.00338034 -0.00326789 -0.00318121 -0.00307587 -0.00300363 -0.00292486 -0.00284409 -0.00278617 -0.00271362 -0.00266343 -0.00259928 -0.00255105 -0.0025049 -0.00245008 -0.00241847 -0.00236777 -0.00233002 -0.00229693 -0.00226104 -0.00223308 -0.00218605 -0.00216373 -0.00215301 -0.00211704 -0.00208063 -0.00205836 -0.00205756 -0.00203721 -0.00199331 -0.00198434 -0.00197683 -0.00194811 -0.00194019 -0.00193222 -0.00191024 -0.00189549 -0.00188956 -0.00188599 -0.00186798 -0.00185796 -0.0018596 -0.00183761 -0.00183622 -0.00184554 -0.00182014 -0.00182523 -0.00183385 -0.00180727 -0.00181971 
0 2.6369e-05 4.95478e-05 7.0055e-05 9.22088e-05 0.00011252 0.000135115 0.000162271 0.00018833 0.00020943 0.000232373 0.000263258 0.000279562 0.000307644 0.000353097 0.000357215 0.000380793 0.0004235 0.000425739 0.000472282 0.000524087 0.000535534 0.000564309 0.000589154 0.000637282 0.000678169 0.000691295 0.000730452 0.000770232 0.000824684 0.000857545 0.000892119 0.000959878 0.000990263 0.00104492 0.00109925 0.00114373 0.00120534 0.0012565 0.0013309 0.00138315 0.00145953 0.00154236 0.00160943 0.00170602 0.00178918 0.00189584 0.00198925 0.00210399 0.00222877 0.00234759 0.00249737 0.00264006 0.0028205 0.00299724 0.00321099 0.00344474 0.00371207 0.00402839 0.00437831 0.00481411 0.0053151 0.00594071 0.00666812 0.00757084 0.00865863 0.00996892 0.0115123 0.0133102 0.015394 0.0177068 0.0202156 0.0228054 0.0254171 0.0278484 0.029925 0.0313876 0.0320702 0.0317528 0.0302682 0.0274584 0.0232945 0.0178556 0.0113092 0.00390146 -0.00407031 -0.0121894 -0.0200239 -0.0270977 -0.0330541 -0.0375616 -0.040438 -0.0415121 -0.0407749 -0.0382431 -0.0341037 -0.0285376 -0.0218468 -0.0142792 -0.00617763 0.00218194 0.0104385 0.0183138 0.0254599 0.0316206 0.0364773 0.0398221 0.0414279 0.0412311 0.0391901 0.0354293 0.0300821 0.0234338 0.0157957 0.00762244 -0.000653519 -0.00858211 -0.0158294 -0.0221001 -0.0271835 -0.0309331 -0.0333173 -0.0344336 -0.0344249 -0.0334907 -0.0317919 -0.029579 -0.0270421 -0.0244119 -0.0217772 -0.0192778 -0.0169613 -0.0149172 -0.0131277 -0.0115932 -0.0102944 -0.00920986 -0.0083245 -0.00757286 -0.00696585 -0.00644175 -0.0060233 -0.00564917 -0.00534073 -0.00506432 -0.00482239 -0.00461671 -0.00441669 -0.0042526 -0.00408376 -0.00395481 -0.00381429 -0.00369341 -0.00358744 -0.00348137 -0.00339257 -0.00329186 -0.00322848 -0.00314144 -0.00306892 -0.00300978 -0.0029398 -0.00288503 -0.00281759 -0.00277817 -0.00271508 -0.00266682 -0.00263956 -0.0025771 -0.00254551 -0.00251505 -0.00248769 -0.00244857 -0.00240245 -0.00239261 -0.00236398 -0.00233903 -0.00229743 -0.00225989 -0.00227498 -0.00224434 -0.00221371 -0.00221491 -0.00218235 -0.00216578 -0.00216387 -0.00214731 -0.00212817 -0.00211147 -0.00210531 -0.00209274 -0.00208628 -0.00208943 -0.00207759 -0.00206987 -0.00206367 -0.00205022 -0.00204601 -0.00204789 -0.00204987 
0 2.08403e-05 4.63023e-05 7.28246e-05 0.000104066 0.000133469 0.000157723 0.000181781 0.000207312 0.000232373 0.000259069 0.000293691 0.000314873 0.000338797 0.000380792 0.000397426 0.000434129 0.000484873 0.000491393 0.000528329 0.000563885 0.000578812 0.000637572 0.000670064 0.00069847 0.000748101 0.00078349 0.000832294 0.000869595 0.000916395 0.000955952 0.000995398 0.00106716 0.00109739 0.00115575 0.00123052 0.00127596 0.00134799 0.00141529 0.00149396 0.00155512 0.0016365 0.00173494 0.00179795 0.00190294 0.00200499 0.00211153 0.00221964 0.00234787 0.00249948 0.00262472 0.0027962 0.00297456 0.00317201 0.00337668 0.00361752 0.00390457 0.00419941 0.00456224 0.00497707 0.00548917 0.00607305 0.00678909 0.00766041 0.00870835 0.00997078 0.011459 0.0132318 0.0152586 0.0175678 0.0200878 0.0227882 0.0255408 0.0282338 0.0306799 0.0326755 0.0340025 0.034441 0.033816 0.031934 0.0287076 0.0240852 0.0181912 0.0111711 0.00331169 -0.00509796 -0.0136196 -0.0218283 -0.0292387 -0.0354854 -0.0402317 -0.0432727 -0.0444343 -0.0436716 -0.0410047 -0.0365915 -0.0306447 -0.0234598 -0.0153386 -0.00662377 0.00235201 0.0112305 0.0196768 0.027344 0.03392 0.0390918 0.0426144 0.0442878 0.0440399 0.0418677 0.0378965 0.0322875 0.0253286 0.0173455 0.00879609 0.000108192 -0.00825625 -0.0159691 -0.0227005 -0.028257 -0.0324545 -0.0352841 -0.0367745 -0.0370854 -0.0363632 -0.0348218 -0.0326672 -0.030119 -0.027376 -0.0245849 -0.0218947 -0.0193661 -0.0170881 -0.015054 -0.0133149 -0.0118186 -0.0105645 -0.00950433 -0.00863403 -0.00791906 -0.00730391 -0.00679712 -0.00636206 -0.00601467 -0.00568143 -0.00540482 -0.00516625 -0.00495464 -0.00475476 -0.00456748 -0.00443111 -0.00427128 -0.00413524 -0.00401051 -0.00390455 -0.00379016 -0.0036759 -0.00360589 -0.00350169 -0.00341827 -0.00334617 -0.00327734 -0.00320745 -0.00313705 -0.00310339 -0.00302922 -0.00297878 -0.00294677 -0.00288513 -0.00284613 -0.00279832 -0.00276157 -0.00272106 -0.00268584 -0.00266082 -0.00260896 -0.00260047 -0.00258023 -0.00253775 -0.00253291 -0.00249338 -0.00246413 -0.00246291 -0.00243273 -0.0024134 -0.00239971 -0.00238183 -0.00237064 -0.00236035 -0.00235515 -0.00233978 -0.00232533 -0.00231457 -0.00229762 -0.00229598 -0.00229768 -0.00229501 -0.00229468 -0.00228745 -0.00227955 
0 2.81934e-05 6.32137e-05 8.61461e-05 0.000111752 0.000140023 0.000168052 0.000200733 0.000226327 0.000263258 0.000293691 0.000310665 0.000359235 0.00038797 0.000399845 0.000453982 0.000481578 0.000501416 0.000556785 0.000590149 0.000620415 0.000654121 0.000701774 0.000755855 0.000764762 0.000813706 0.000878303 0.000903122 0.000962108 0.00100743 0.00105607 0.00112341 0.00116915 0.00123164 0.00128468 0.00135835 0.0014227 0.00147524 0.00157434 0.00163783 0.00171768 0.00181577 0.00190771 0.00200769 0.0021018 0.00224021 0.00234544 0.00246841 0.00262376 0.00276989 0.00293161 0.00309704 0.00331998 0.0035234 0.00375669 0.00403892 0.00435576 0.00471233 0.00510655 0.00562117 0.00619991 0.00689505 0.00771906 0.00874479 0.00996648 0.011398 0.013103 0.0150837 0.0173612 0.0198551 0.0225768 0.0254135 0.0282837 0.0309842 0.033363 0.035204 0.0363031 0.0364422 0.0354259 0.0331299 0.0294518 0.0244207 0.0180959 0.0107017 0.00246177 -0.00624569 -0.0150629 -0.0235005 -0.0311562 -0.0375913 -0.0425258 -0.0456779 -0.0469181 -0.046129 -0.0433658 -0.0387269 -0.0324706 -0.0248632 -0.0162698 -0.00702085 0.00248701 0.0119066 0.0208399 0.0289504 0.0358631 0.041289 0.0449371 0.0466617 0.0463586 0.0440937 0.0399525 0.0341709 0.026987 0.0187999 0.00998888 0.00104036 -0.00766984 -0.0157299 -0.0228759 -0.0288323 -0.0334896 -0.0367578 -0.0386924 -0.0393645 -0.0389452 -0.0376269 -0.0356197 -0.0331336 -0.030338 -0.0274493 -0.024587 -0.0218905 -0.0193677 -0.0171187 -0.0151405 -0.0134613 -0.0120085 -0.010779 -0.00977025 -0.00893252 -0.0082336 -0.00761631 -0.00713696 -0.00671515 -0.00635221 -0.00601695 -0.00574901 -0.00551458 -0.00527045 -0.00507632 -0.00489407 -0.00473981 -0.00456423 -0.00443267 -0.00431617 -0.00417837 -0.00407482 -0.00397013 -0.00388548 -0.00377809 -0.00370215 -0.00363574 -0.00353846 -0.00348297 -0.00341349 -0.00335094 -0.00328845 -0.00323052 -0.00319121 -0.00312787 -0.00309578 -0.00304523 -0.00299573 -0.00298804 -0.00293292 -0.00288668 -0.0028665 -0.00283974 -0.00281024 -0.00276262 -0.0027527 -0.00273884 -0.00269445 -0.00269055 -0.00267363 -0.00264141 -0.00263374 -0.00261668 -0.00260239 -0.00258246 -0.00256674 -0.00257139 -0.00255045 -0.00254551 -0.00255324 -0.00252046 -0.00252093 -0.0025287 -0.00250049 -0.002518 
0 3.08763e-05 6.54925e-05 9.39524e-05 0.000121655 0.000158591 0.000184074 0.00021594 0.000260006 0.000279562 0.000314873 0.000359235 0.000374782 0.000418596 0.000465569 0.000487509 0.00052704 0.000563298 0.000596821 0.000635464 0.000686665 0.000742756 0.000757745 0.000795062 0.000866063 0.000910985 0.000950319 0.000990214 0.00105216 0.00111513 0.00116082 0.00122341 0.00128315 0.00135043 0.00141796 0.00148583 0.00156181 0.00163386 0.00172393 0.0018047 0.00189355 0.0019966 0.0020976 0.00220555 0.00231961 0.00245605 0.00258084 0.00272249 0.00288699 0.00305483 0.00323193 0.00342958 0.00366711 0.00390113 0.00416986 0.00448608 0.00485094 0.00525057 0.00571902 0.00630327 0.00697948 0.00778032 0.00873861 0.00992556 0.0113191 0.0129518 0.0148597 0.0170747 0.0195592 0.0222504 0.0251188 0.0280698 0.0309786 0.0336271 0.0358606 0.0374683 0.0382731 0.0380319 0.0365949 0.0338371 0.0297362 0.0242992 0.0176297 0.00991248 0.00142247 -0.00749316 -0.0164533 -0.0250238 -0.0327949 -0.0393549 -0.0443941 -0.0476326 -0.0489155 -0.0481207 -0.0452803 -0.0404815 -0.0339749 -0.0260331 -0.0170417 -0.00735188 0.00261009 0.0124768 0.0218199 0.0302819 0.0374634 0.0430679 0.0468076 0.0485501 0.0482125 0.0458698 0.0416301 0.0357325 0.0284449 0.0201492 0.0112314 0.00212325 -0.00678838 -0.0151271 -0.0225831 -0.0289191 -0.0339869 -0.0377278 -0.0401197 -0.0412326 -0.0411776 -0.040173 -0.0383931 -0.0360472 -0.0332885 -0.030349 -0.0273821 -0.0245207 -0.0218077 -0.0193265 -0.0171341 -0.015233 -0.0135888 -0.0121706 -0.0110031 -0.0100294 -0.00921308 -0.00850525 -0.00793425 -0.00745355 -0.00702961 -0.0066561 -0.00634184 -0.00607393 -0.00581005 -0.0055855 -0.0053853 -0.00520555 -0.00502538 -0.00487118 -0.0047357 -0.00459502 -0.00447281 -0.00435784 -0.00425628 -0.00414864 -0.00405771 -0.00397355 -0.00388599 -0.00381246 -0.00373496 -0.0036706 -0.00360489 -0.00354625 -0.00348738 -0.00342675 -0.00339024 -0.00334311 -0.00329111 -0.00323759 -0.00320708 -0.00319188 -0.00313199 -0.0030848 -0.0030677 -0.00304653 -0.00301652 -0.0029801 -0.00296542 -0.00293701 -0.00290797 -0.00290786 -0.00287934 -0.00285329 -0.00284689 -0.00282607 -0.00281454 -0.00280515 -0.00279639 -0.00278823 -0.00277178 -0.00277034 -0.00276016 -0.00274799 -0.00275716 -0.00274831 
0 3.25738e-05 5.50501e-05 0.000101136 0.000136848 0.00017209 0.000214707 0.000237186 0.000273231 0.000307644 0.000338797 0.00038797 0.000418596 0.000454724 0.000496805 0.000528771 0.000578044 0.00062005 0.00066462 0.000703062 0.000728524 0.000785722 0.000833188 0.000884993 0.000944511 0.000972793 0.00103718 0.00110707 0.00114992 0.001207 0.00126754 0.00133416 0.00139624 0.00146912 0.00154616 0.00161521 0.00170742 0.00179326 0.00187843 0.00197702 0.00207841 0.00218312 0.00229101 0.00241483 0.00254138 0.00267577 0.00282392 0.0029841 0.00315706 0.00334342 0.0035479 0.00377368 0.00402492 0.00429723 0.00460689 0.00496181 0.00537065 0.00583285 0.00638238 0.00704441 0.00782567 0.00875202 0.00986523 0.0112159 0.0127971 0.014639 0.0167646 0.019196 0.0218727 0.0247331 0.0277151 0.0307223 0.0335953 0.0361203 0.0381294 0.0394341 0.0398614 0.039187 0.0372826 0.0340602 0.0295393 0.0237402 0.0167791 0.00883122 0.000189531 -0.00881326 -0.0178008 -0.0263867 -0.0341732 -0.0407726 -0.0458522 -0.0491344 -0.0504382 -0.049644 -0.046754 -0.0418511 -0.0351605 -0.0269682 -0.0176602 -0.0076218 0.00270968 0.01293 0.0225988 0.0313229 0.0386993 0.044415 0.0482058 0.0499449 0.0495817 0.0471908 0.0429071 0.0369691 0.0296723 0.0213812 0.0124745 0.00333321 -0.00566824 -0.0141779 -0.0218714 -0.0285254 -0.0339822 -0.0381798 -0.0410576 -0.0426507 -0.0430381 -0.0424156 -0.0409458 -0.0388144 -0.0361783 -0.0332591 -0.0302378 -0.0272488 -0.0243712 -0.0216862 -0.0192753 -0.0171484 -0.0152961 -0.0136899 -0.0123432 -0.0112139 -0.0102653 -0.00945927 -0.00878864 -0.00822759 -0.00774293 -0.00732532 -0.00696268 -0.00664956 -0.00636739 -0.00611627 -0.00588856 -0.00568439 -0.00549818 -0.00532473 -0.00516272 -0.00501816 -0.0048826 -0.00474927 -0.00463134 -0.0045229 -0.00441844 -0.00431488 -0.00423241 -0.00414967 -0.0040631 -0.00399751 -0.00392609 -0.00385937 -0.00379955 -0.0037435 -0.00367825 -0.00361781 -0.00359022 -0.00353196 -0.003475 -0.00344525 -0.00340329 -0.00338027 -0.00334578 -0.00330124 -0.00327205 -0.00324219 -0.0032242 -0.00319208 -0.00316432 -0.00314714 -0.00311602 -0.00310967 -0.00309577 -0.0030768 -0.0030735 -0.00304035 -0.0030281 -0.00302411 -0.00299896 -0.00301392 -0.00300891 -0.00298988 -0.0030051 -0.00298165 
0 5.39754e-05 6.72332e-05 0.000120207 0.000153138 0.000162397 0.00022454 0.000260904 0.000284492 0.000353097 0.000380792 0.000399845 0.000465569 0.000496805 0.000524313 0.000588795 0.000620817 0.000654188 0.000716079 0.000761138 0.000812419 0.000859279 0.000902712 0.000967523 0.00100878 0.00105548 0.00112627 0.0011866 0.00124397 0.00130285 0.00138852 0.00145657 0.0015139 0.00161162 0.00167837 0.00175541 0.00185528 0.00193867 0.00203598 0.00213589 0.00226048 0.0023664 0.00248617 0.00264021 0.00276658 0.0029208 0.00308369 0.00326598 0.00344725 0.00364461 0.00388794 0.00412138 0.00439961 0.00470311 0.00506143 0.0054572 0.00591059 0.00646142 0.00708953 0.00785527 0.00874439 0.00983044 0.0111096 0.012636 0.0144207 0.0164762 0.0188322 0.0214471 0.0243052 0.0272868 0.0303506 0.0333332 0.0360999 0.0384182 0.0401315 0.0410599 0.0410331 0.0398813 0.037474 0.0338018 0.0288659 0.0227615 0.0155567 0.00748438 -0.00122092 -0.0101833 -0.0191036 -0.0275847 -0.0353035 -0.0418477 -0.0469148 -0.0501878 -0.0515004 -0.0507024 -0.0477969 -0.0428342 -0.0360328 -0.027666 -0.0181327 -0.00783221 0.00277364 0.0132596 0.0231599 0.0320643 0.0395546 0.0453256 0.0491213 0.0508468 0.0504572 0.0480573 0.0437728 0.0378794 0.0306515 0.0224805 0.0136796 0.0046352 -0.00435849 -0.0129182 -0.0207836 -0.0276797 -0.0335033 -0.0381212 -0.0415012 -0.0435962 -0.0444932 -0.0443164 -0.0432284 -0.0413888 -0.0389521 -0.0361404 -0.0331113 -0.0300516 -0.027029 -0.0241854 -0.0215533 -0.019209 -0.0171333 -0.0153384 -0.0138042 -0.0124957 -0.0114114 -0.0104854 -0.00972306 -0.00905512 -0.00851211 -0.00803932 -0.00762446 -0.00726227 -0.00694281 -0.00667558 -0.00639983 -0.00617605 -0.00596964 -0.00577839 -0.0055945 -0.00543091 -0.00530083 -0.00514111 -0.00501967 -0.00490822 -0.00479188 -0.00468456 -0.0045852 -0.00450563 -0.00439732 -0.00432331 -0.00425405 -0.00415879 -0.00410324 -0.00404402 -0.0039783 -0.00391614 -0.00387143 -0.00383382 -0.0037685 -0.00372843 -0.00369008 -0.00364048 -0.00360803 -0.00356012 -0.00353546 -0.00351702 -0.0034639 -0.00344811 -0.00343852 -0.00339307 -0.00338235 -0.00337243 -0.0033249 -0.0033114 -0.0033088 -0.00328193 -0.00328264 -0.00328038 -0.0032545 -0.00324885 -0.00323732 -0.00322292 -0.00322892 -0.00322521 
0 3.29011e-05 8.06157e-05 0.000115849 0.000155303 0.000207031 0.000239479 0.000276425 0.000326706 0.000357215 0.000397426 0.000453982 0.000487509 0.000528771 0.000588795 0.000627342 0.00066754 0.000725343 0.000768657 0.000806642 0.000868159 0.000938446 0.000977473 0.00101704 0.00109927 0.00116532 0.00121518 0.00127929 0.00133866 0.00142106 0.00149514 0.00155429 0.00164156 0.001729 0.00181666 0.00189983 0.00200443 0.00211215 0.00219921 0.00232856 0.00244642 0.00256148 0.00269991 0.00284751 0.00300297 0.00314861 0.00334763 0.00353895 0.00373425 0.00396963 0.00422546 0.00450688 0.00479237 0.00515956 0.00555483 0.00599942 0.00651975 0.00714293 0.00788496 0.00872941 0.00977296 0.0110025 0.0124761 0.0141758 0.0161715 0.018455 0.0210114 0.0238154 0.0267928 0.0298918 0.0329494 0.0358688 0.0384263 0.0404875 0.0418237 0.0423174 0.0417798 0.040108 0.0372054 0.0330798 0.027785 0.0213948 0.0140477 0.00590883 -0.00272286 -0.0115769 -0.0202961 -0.0286123 -0.0361415 -0.0425845 -0.0475477 -0.0507999 -0.0520754 -0.0513022 -0.0483824 -0.0434299 -0.0365622 -0.0281216 -0.0184315 -0.00798052 0.00282537 0.0134642 0.0235245 0.0325043 0.0400561 0.0458047 0.0495929 0.051267 0.050885 0.0484793 0.0442756 0.0384685 0.0314271 0.0234357 0.014873 0.00599481 -0.00284762 -0.0113892 -0.0193078 -0.0264145 -0.0325308 -0.0375629 -0.041415 -0.0440454 -0.045492 -0.045825 -0.0451959 -0.0437106 -0.0415798 -0.0389346 -0.0360033 -0.0328965 -0.0298095 -0.0268113 -0.0240089 -0.0214339 -0.0191408 -0.0171464 -0.0154024 -0.0139174 -0.0126463 -0.0116118 -0.0107084 -0.00995048 -0.00930905 -0.00878008 -0.0083111 -0.00788381 -0.00754578 -0.00722967 -0.00694769 -0.00667853 -0.00646683 -0.00625844 -0.00604721 -0.00588262 -0.00571832 -0.00556575 -0.00541032 -0.00529245 -0.00516816 -0.00503621 -0.00494531 -0.00483945 -0.00474104 -0.00465315 -0.00457901 -0.00450002 -0.00441161 -0.00435666 -0.00429141 -0.00422708 -0.00416515 -0.00409488 -0.00406272 -0.00402286 -0.00395425 -0.00390594 -0.00388356 -0.00385347 -0.00380047 -0.00376811 -0.00374759 -0.00370382 -0.00367823 -0.00366279 -0.00362547 -0.00360408 -0.00359456 -0.00357051 -0.00355361 -0.00354173 -0.00352223 -0.00350781 -0.00349875 -0.00349006 -0.00348282 -0.00347715 -0.00347238 -0.00346629 
0 3.31861e-05 8.79035e-05 0.00012106 0.000168038 0.000223547 0.000255427 0.000302922 0.000346924 0.000380793 0.000434129 0.000481578 0.00052704 0.000578044 0.000620817 0.00066754 0.000722168 0.000777134 0.000829197 0.000887299 0.000934234 0.000976223 0.00105205 0.00112223 0.00117856 0.0012364 0.0012983 0.00138703 0.00145486 0.0015212 0.00160278 0.00167856 0.00177646 0.00185665 0.00195029 0.00205376 0.00215281 0.00227296 0.00237271 0.00250858 0.00263674 0.00276309 0.00292233 0.00307076 0.00324607 0.00340977 0.00362034 0.00383081 0.0040418 0.00430937 0.00458076 0.00489563 0.00521632 0.00562744 0.00607536 0.0065731 0.00717833 0.00788751 0.00874427 0.00970654 0.0109072 0.0123134 0.0139753 0.0158777 0.018082 0.0205914 0.0233297 0.0262882 0.0293567 0.0325037 0.0355032 0.0382619 0.0405508 0.0422611 0.0431682 0.0431504 0.042068 0.039846 0.0364585 0.0319029 0.0262873 0.0196707 0.0122479 0.00414323 -0.0043297 -0.012967 -0.0214124 -0.0294617 -0.0367371 -0.0429861 -0.0478051 -0.0509776 -0.0522162 -0.0514492 -0.0485556 -0.0436358 -0.0367828 -0.0283266 -0.0185862 -0.00805864 0.00283348 0.0135496 0.0236594 0.0326502 0.0401747 0.0458689 0.0495989 0.0512292 0.0508428 0.0484786 0.0443854 0.0387501 0.0319537 0.0242408 0.0159836 0.00737848 -0.00122873 -0.00964246 -0.0175384 -0.024779 -0.0311385 -0.0365413 -0.0408387 -0.0440094 -0.046023 -0.0469248 -0.0467994 -0.0457545 -0.0439861 -0.0416063 -0.0388302 -0.0357598 -0.0326437 -0.0295398 -0.0265907 -0.0238054 -0.0213031 -0.019091 -0.0171453 -0.0154601 -0.0140079 -0.0128261 -0.0117871 -0.0109236 -0.0101769 -0.00957817 -0.00904129 -0.00856356 -0.00817601 -0.00781841 -0.00751283 -0.00720729 -0.00697321 -0.00673736 -0.00651622 -0.00632841 -0.00614309 -0.00598726 -0.00581426 -0.00568559 -0.00554795 -0.00541589 -0.005309 -0.00519065 -0.00509982 -0.00499215 -0.00490545 -0.00482659 -0.00474135 -0.0046711 -0.004584 -0.00452749 -0.00447246 -0.0044042 -0.00434339 -0.00428211 -0.00425357 -0.00421246 -0.00415099 -0.00411053 -0.00407382 -0.00403927 -0.00400662 -0.00397427 -0.00393919 -0.00390873 -0.00388733 -0.0038614 -0.00384776 -0.00382962 -0.00380048 -0.00378908 -0.00376769 -0.00374942 -0.00375017 -0.00373444 -0.00372844 -0.0037284 -0.00371124 -0.00371115 
0 5.56495e-05 9.81264e-05 0.000139191 0.000188203 0.000215707 0.000262008 0.000329221 0.000362081 0.0004235 0.000484873 0.000501416 0.000563298 0.00062005 0.000654188 0.000725343 0.000777134 0.000824017 0.000878657 0.000943313 0.00101999 0.00105858 0.00113137 0.00120084 0.00123942 0.00133596 0.00139909 0.00146867 0.00156395 0.00162354 0.00172791 0.00181434 0.00190093 0.00200146 0.00208908 0.00221558 0.00230539 0.00242783 0.00256319 0.0026778 0.00283615 0.002972 0.00314496 0.00331017 0.00348832 0.00369878 0.00389422 0.00414024 0.00437341 0.00466023 0.00496542 0.00529488 0.00568796 0.00611645 0.00663878 0.00719889 0.00789762 0.00871308 0.00967406 0.0108071 0.0121504 0.0137697 0.0156056 0.0177409 0.0201462 0.0228615 0.0257666 0.0288286 0.0319682 0.0350672 0.0379662 0.040456 0.0424346 0.0436962 0.0441332 0.0435395 0.0418956 0.0391168 0.0352595 0.0303188 0.0244165 0.0176563 0.01021 0.00225373 -0.00600278 -0.0143085 -0.0224375 -0.0301117 -0.0370953 -0.0430487 -0.0477037 -0.0507266 -0.0519437 -0.0511509 -0.0483328 -0.0434528 -0.0367016 -0.0282753 -0.0185997 -0.00806023 0.00279454 0.0135212 0.023562 0.0325123 0.0399159 0.0455402 0.0491558 0.0507655 0.0503517 0.0480892 0.0441186 0.0387508 0.0322339 0.0249057 0.016993 0.00877366 0.000456042 -0.00770972 -0.0155257 -0.0228015 -0.0293613 -0.0350695 -0.0397863 -0.0434778 -0.0460617 -0.0475739 -0.0479889 -0.0474726 -0.0461105 -0.0441039 -0.041533 -0.0386115 -0.0354982 -0.0323599 -0.0292832 -0.0263315 -0.0236323 -0.0211899 -0.0190522 -0.0171393 -0.0155237 -0.0141396 -0.0129764 -0.0119762 -0.0111269 -0.0104342 -0.00981173 -0.00929991 -0.00882897 -0.00844595 -0.0080871 -0.00776796 -0.00749314 -0.00722232 -0.00700778 -0.00677535 -0.00658962 -0.00640672 -0.00623777 -0.00609079 -0.00592939 -0.00581957 -0.00567448 -0.00555733 -0.00545734 -0.0053389 -0.0052492 -0.00513989 -0.00507045 -0.00498304 -0.00489716 -0.00484535 -0.00475376 -0.00471289 -0.0046564 -0.00457654 -0.00454391 -0.00447988 -0.00442803 -0.00438951 -0.00435028 -0.00431292 -0.00425322 -0.00424233 -0.00421582 -0.00416626 -0.00416839 -0.00412444 -0.00408 -0.00408053 -0.00404701 -0.00403508 -0.00403443 -0.00400826 -0.0040002 -0.0039835 -0.00396798 -0.00396613 -0.00395501 -0.00395915 
