0 0 0 0 0 0 0 0 0 0 0 0 0 0 0 0 0 0 0 0 0 0 0 0 0 0 0 0 0 0 0 0 0 0 0 0 0 0 0 0 0 0 0 0 0 0 0 0 0 0 0 0 0 0 0 0 0 0 0 0 0 0 0 0 0 0 0 0 0 0 0 0 0 0 0 0 0 0 0 0 0 0 0 0 0 0 0 0 0 0 0 0 0 0 0 0 0 0 0 0 0 0 0 0 0 0 0 0 0 0 0 0 0 0 0 0 0 0 0 0 0 0 0 0 0 0 0 0 0 0 0 0 0 0 0 0 0 0 0 0 0 0 0 0 0 0 0 0 0 0 0 0 0 0 0 0 0 0 0 0 0 0 0 0 0 0 0 0 0 0 0 0 0 0 0 0 0 0 0 0 0 0 0 0 0 0 0 0 0 0 0 0 0 0 0 0 0 0 0 0 
0 -8.15916e-06 1.15307e-05 -7.61374e-06 6.34762e-07 1.80455e-05 -2.99815e-07 1.61639e-05 1.65263e-05 -2.0032e-07 1.58455e-05 9.80982e-06 9.05803e-06 2.16282e-05 1.65354e-05 1.98432e-05 1.76523e-05 2.10762e-05 2.67958e-05 2.10232e-05 3.33576e-05 2.87733e-05 1.46284e-05 2.88815e-05 3.24173e-05 2.76442e-05 4.09301e-05 4.56773e-05 3.00133e-05 3.24537e-05 5.45406e-05 5.1317e-05 3.68179e-05 4.20701e-05 4.70493e-05 5.27799e-05 5.48698e-05 4.56062e-05 5.76978e-05 6.56516e-05 6.1571e-05 6.55661e-05 7.16554e-05 7.51863e-05 6.96887e-05 8.2825e-05 8.0105e-05 7.70429e-05 8.93303e-05 8.69977e-05 9.01466e-05 9.08608e-05 0.000105744 9.88175e-05 0.00010552 0.000119112 0.000117287 0.000124012 0.000128863 0.000146345 0.00013646 0.000152276 0.000160882 0.000168595 0.000170121 0.000185202 0.000205973 0.000208426 0.000236109 0.000264519 0.000316047 0.000353762 0.000441181 0.000542049 0.000680351 0.00083487 0.00105374 0.00132033 0.001636 0.00200886 0.00245451 0.002977 0.00353086 0.00411994 0.00470136 0.00527348 0.00575061 0.00613942 0.00638717 0.00652128 0.00646455 0.00623901 0.00581072 0.00526417 0.00458976 0.00385531 0.00303349 0.00219447 0.00132033 0.000473057 -0.000389305 -0.00122809 -0.00208977 -0.00291858 -0.00373582 -0.00447231 -0.00515654 -0.00572579 -0.00619405 -0.00647426 -0.0065905 -0.00651154 -0.00631457 -0.00597332 -0.00553909 -0.00499594 -0.00443073 -0.00384587 -0.00329094 -0.00275497 -0.00229106 -0.00189636 -0.00156621 -0.00128145 -0.00104645 -0.000875301 -0.000728604 -0.000616509 -0.000518358 -0.000472168 -0.000416518 -0.000383565 -0.000348064 -0.000344763 -0.000321148 -0.000305283 -0.000297803 -0.000293331 -0.00028274 -0.000266241 -0.000275277 -0.000260483 -0.00025649 -0.000247507 -0.000254639 -0.000240107 -0.000235315 -0.000240865 -0.000229802 -0.000226586 -0.000221619 -0.000225919 -0.000209302 -0.000211892 -0.000211415 -0.000198698 -0.000200778 -0.000198745 -0.000194396 -0.000185776 -0.000195421 -0.000192971 -0.000182208 -0.000186044 -0.000184256 -0.000190464 -0.000186629 -0.000167455 -0.000171006 -0.000187236 -0.000177075 -0.000158066 -0.000166208 -0.000172373 -0.000161991 -0.00017129 -0.000175159 -0.000158847 -0.000162465 -0.000165246 -0.000162709 -0.000163667 -0.000157512 -0.00016025 -0.000150961 -0.000151398 -0.000166265 -0.000152919 -0.000161661 -0.000166464 -0.000144407 -0.000157624 -0.000153041 -0.000142 -0.000162602 -0.000152373 -0.000151593 -0.00016395 -0.000146978 -0.000154022 
0 1.15307e-05 2.56847e-06 1.20228e-05 1.91273e-05 4.19352e-07 1.2021e-05 1.79745e-05 4.34695e-06 3.20454e-05 3.14244e-05 1.90485e-05 4.28814e-05 2.71698e-05 2.46921e-05 4.54914e-05 3.71298e-05 4.03562e-05 4.49369e-05 4.69669e-05 4.02311e-05 5.27118e-05 7.625e-05 5.50423e-05 6.94031e-05 7.04088e-05 5.12599e-05 7.54019e-05 7.29573e-05 8.92315e-05 7.61086e-05 6.22571e-05 0.000106805 0.000103612 9.90694e-05 9.53773e-05 0.000114369 0.000120306 0.000105995 0.000131381 0.000112742 0.00012862 0.00013842 0.000131341 0.000144915 0.000148422 0.000167134 0.000152774 0.000181708 0.000184991 0.00018153 0.000202503 0.000206187 0.000216836 0.000210019 0.000243342 0.000234943 0.000243218 0.000260723 0.000273579 0.000278723 0.000284812 0.000322355 0.000319403 0.000341461 0.00036153 0.000405649 0.000419896 0.000468043 0.000540298 0.000625141 0.000729492 0.000881389 0.00110739 0.00136189 0.00169801 0.00211664 0.00266433 0.00328452 0.00404141 0.00492618 0.00596506 0.00707119 0.00823813 0.00940424 0.0105256 0.0114893 0.0122469 0.0127602 0.0130026 0.0129094 0.0124392 0.0116166 0.0105077 0.00918971 0.00769903 0.00608506 0.00438469 0.00266303 0.000939363 -0.000764896 -0.00247318 -0.00417212 -0.00585401 -0.00746004 -0.00895657 -0.010296 -0.0114522 -0.0123538 -0.0129316 -0.0131402 -0.0130078 -0.0125931 -0.0119298 -0.0110463 -0.00998315 -0.00884523 -0.00768833 -0.00657434 -0.00551139 -0.0045864 -0.00378986 -0.00313564 -0.00255533 -0.00210252 -0.00173719 -0.00146463 -0.001219 -0.0010495 -0.000929651 -0.00084206 -0.000760265 -0.000706637 -0.000687742 -0.000647396 -0.000622594 -0.000597644 -0.000602669 -0.000564318 -0.00055586 -0.000545287 -0.000537615 -0.000511809 -0.000502495 -0.00050686 -0.000474576 -0.000474928 -0.000462128 -0.000462781 -0.00043485 -0.000443454 -0.000438524 -0.000416226 -0.0004269 -0.000414915 -0.000416066 -0.000396682 -0.000411188 -0.00039597 -0.000385789 -0.000396594 -0.000366175 -0.00037875 -0.000374967 -0.000365709 -0.000343992 -0.000352661 -0.000378082 -0.000342906 -0.000345721 -0.000340947 -0.000351359 -0.00036039 -0.00032769 -0.000342597 -0.000330825 -0.000317691 -0.000333514 -0.000330946 -0.000324308 -0.000312753 -0.000327884 -0.000318743 -0.000312786 -0.000340267 -0.000311542 -0.000308924 -0.000321985 -0.000292468 -0.000309259 -0.000317806 -0.000303522 -0.000320453 -0.000313837 -0.000302269 -0.000309603 -0.000302091 -0.000298968 -0.000307762 -0.00030623 
0 -7.61374e-06 1.20228e-05 2.13681e-06 1.204e-05 2.6938e-05 1.74118e-05 3.35903e-05 3.23479e-05 2.46782e-05 3.86658e-05 3.36303e-05 4.15017e-05 5.17314e-05 4.9903e-05 5.93908e-05 5.67157e-05 6.31604e-05 7.24528e-05 7.00251e-05 8.2055e-05 8.14541e-05 7.42539e-05 8.49939e-05 9.51715e-05 9.6297e-05 0.000107411 0.000119352 0.000106371 0.000114096 0.000136947 0.000133571 0.000131318 0.000136304 0.00014304 0.000154136 0.000161803 0.000158439 0.000170629 0.000188854 0.000185986 0.000196085 0.000210535 0.00021426 0.000218236 0.000235347 0.000240608 0.000240148 0.000262027 0.00026791 0.000272611 0.000287282 0.000307371 0.000310046 0.000322988 0.000351197 0.000357022 0.000370875 0.000393054 0.000419271 0.000422436 0.000448257 0.000479512 0.000497254 0.000516946 0.0005563 0.000606162 0.000639833 0.00071071 0.000809952 0.000942904 0.00109643 0.00133738 0.00165569 0.00205663 0.00255177 0.00319709 0.0039983 0.0049472 0.00607566 0.00741035 0.00894621 0.0106021 0.0123391 0.0140759 0.0157366 0.0171682 0.0183042 0.0190666 0.0194277 0.0192779 0.0185935 0.0173751 0.0157449 0.0137731 0.0115588 0.00913746 0.00660755 0.00401543 0.00143486 -0.00114609 -0.00370759 -0.0062719 -0.00877971 -0.0111947 -0.0134233 -0.0154351 -0.0171422 -0.0184819 -0.0193251 -0.0196469 -0.0194498 -0.0188378 -0.0178402 -0.016528 -0.0149519 -0.0132611 -0.011538 -0.00987209 -0.00829955 -0.00691048 -0.00572272 -0.0047234 -0.00387164 -0.00317731 -0.00263791 -0.00220595 -0.00185723 -0.00158719 -0.00141052 -0.00126437 -0.0011516 -0.00106593 -0.00102539 -0.000971513 -0.000926877 -0.000899088 -0.000882589 -0.000849426 -0.000820543 -0.000815113 -0.000792586 -0.000769561 -0.000753548 -0.00075175 -0.000724595 -0.000711262 -0.000707912 -0.000691992 -0.000673865 -0.000667544 -0.000662427 -0.000637653 -0.000634592 -0.000627489 -0.000610098 -0.000601649 -0.000600028 -0.000586005 -0.000573725 -0.000580937 -0.000569545 -0.000557873 -0.000557382 -0.000554264 -0.000550822 -0.000545303 -0.000528571 -0.000522767 -0.000536885 -0.000521706 -0.000503202 -0.000508844 -0.000506602 -0.000500423 -0.000505328 -0.000504397 -0.000489636 -0.000490966 -0.000491115 -0.000484726 -0.000487908 -0.000477763 -0.00047538 -0.000471754 -0.000465716 -0.000478226 -0.000470834 -0.000472088 -0.000477542 -0.000458734 -0.00046469 -0.000462135 -0.000451909 -0.00046709 -0.000459855 -0.000460089 -0.000470019 -0.000454781 -0.000459792 
0 6.34762e-07 1.91273e-05 1.204e-05 1.45791e-05 2.91701e-05 2.29416e-05 3.33283e-05 4.30469e-05 3.83208e-05 5.15184e-05 5.53809e-05 5.47482e-05 6.64131e-05 6.8033e-05 7.30219e-05 7.92826e-05 8.37045e-05 9.1726e-05 9.23537e-05 0.000104048 0.000110448 0.000108175 0.000123705 0.000126599 0.000127672 0.000140581 0.000145696 0.000150178 0.000154034 0.000169035 0.000176334 0.000176338 0.000190988 0.000196053 0.000207696 0.000215535 0.000218431 0.000234188 0.000240837 0.000250675 0.000258376 0.000272576 0.000282975 0.000289663 0.000310319 0.000316402 0.000330862 0.000346525 0.000360776 0.00037321 0.000388373 0.000411363 0.000418631 0.00044097 0.00046112 0.00047956 0.000496198 0.000522291 0.000549449 0.000564638 0.00059747 0.000628385 0.000661602 0.000690589 0.000743989 0.000800354 0.000864326 0.000957177 0.00109048 0.00126576 0.00148911 0.00181067 0.00223204 0.00277324 0.00344608 0.00431087 0.0053706 0.00664641 0.00815412 0.0099317 0.0119494 0.014144 0.0164333 0.0187264 0.0208957 0.0227867 0.0242842 0.0252987 0.0257578 0.0255596 0.0246616 0.0230843 0.0209452 0.0183499 0.0154129 0.0122089 0.00884627 0.00539833 0.00194126 -0.00151605 -0.00495429 -0.0083753 -0.0117182 -0.0149226 -0.017888 -0.0205481 -0.0227985 -0.0245398 -0.0256437 -0.0260653 -0.0258218 -0.0250061 -0.023687 -0.021947 -0.0198856 -0.0176527 -0.0153801 -0.0131687 -0.0111024 -0.0092556 -0.00767149 -0.00632546 -0.00519871 -0.00427046 -0.00354154 -0.0029557 -0.00249575 -0.00213824 -0.00188748 -0.00169249 -0.00154437 -0.00143604 -0.00136438 -0.00130239 -0.00124459 -0.0012093 -0.00117488 -0.00114251 -0.00110572 -0.00108864 -0.00106009 -0.00103332 -0.00101186 -0.000994164 -0.000971915 -0.000947796 -0.000938792 -0.000915713 -0.000900233 -0.000884959 -0.000873501 -0.000856051 -0.00084259 -0.000836588 -0.000816761 -0.000810567 -0.000799447 -0.000788401 -0.00077691 -0.000768497 -0.000763136 -0.000746782 -0.00074301 -0.000732405 -0.000726907 -0.00072261 -0.000706304 -0.000705752 -0.000702682 -0.000695358 -0.000685288 -0.000682141 -0.000683181 -0.000668136 -0.000668213 -0.000666689 -0.000654475 -0.000655287 -0.000650741 -0.000647546 -0.000643464 -0.000639402 -0.000641814 -0.000631894 -0.000632704 -0.000634314 -0.000621525 -0.000627061 -0.000624643 -0.000615109 -0.000624102 -0.000618163 -0.00061417 -0.00062194 -0.00061179 -0.000611489 -0.000616392 -0.000607183 -0.000613338 
0 1.80455e-05 4.19352e-07 2.6938e-05 2.91701e-05 1.80453e-05 4.47436e-05 3.4889e-05 3.95995e-05 6.56239e-05 5.67402e-05 6.93039e-05 7.90738e-05 7.43176e-05 8.56562e-05 9.03481e-05 0.000103199 0.000105391 0.000108495 0.000126328 0.000116377 0.000131283 0.000157289 0.00014756 0.000156944 0.000170799 0.000166263 0.000171917 0.000196418 0.000209894 0.000195181 0.000205769 0.000235064 0.000242799 0.000248233 0.000251674 0.000267057 0.000288014 0.000288566 0.000298712 0.000313506 0.000327082 0.000338227 0.000349621 0.000371227 0.000378074 0.000399753 0.000417253 0.000430254 0.000452688 0.000468241 0.000493156 0.00050451 0.000534231 0.000552579 0.00057398 0.000601798 0.000624179 0.000656922 0.000676703 0.000719212 0.00074415 0.000787265 0.000824083 0.000875842 0.000932086 0.000999335 0.0010961 0.00120947 0.00138152 0.00159227 0.00190286 0.00229348 0.0028321 0.00350372 0.00437498 0.0054483 0.00677833 0.00837521 0.0102729 0.0124815 0.0149699 0.0176855 0.0205079 0.0233356 0.0259819 0.0283187 0.030159 0.0314247 0.0319625 0.0317256 0.0306186 0.0287232 0.0260933 0.0229123 0.0192593 0.0153027 0.0111054 0.00681824 0.0024644 -0.00186773 -0.0062075 -0.0104759 -0.0146641 -0.0186359 -0.0223402 -0.0256191 -0.028402 -0.030506 -0.0318648 -0.0323724 -0.0321008 -0.03108 -0.0294565 -0.0272969 -0.0247801 -0.0220246 -0.0192237 -0.0164821 -0.0139364 -0.0116443 -0.00965732 -0.00796848 -0.00655662 -0.00540494 -0.00446726 -0.00373572 -0.00314908 -0.00271668 -0.00237216 -0.00213545 -0.00194264 -0.00181609 -0.00170547 -0.00163257 -0.00156811 -0.00151458 -0.0014708 -0.00142663 -0.00139808 -0.00135285 -0.00133018 -0.00129383 -0.00127137 -0.0012373 -0.00121651 -0.00119403 -0.00116432 -0.00114972 -0.00112497 -0.00111042 -0.00108525 -0.00107603 -0.00105715 -0.00103842 -0.00103161 -0.00101142 -0.00099972 -0.00098704 -0.000979142 -0.000959332 -0.000944083 -0.000944428 -0.000930349 -0.000916795 -0.000899018 -0.000894292 -0.000905565 -0.000885984 -0.000861102 -0.000865092 -0.000874166 -0.000858739 -0.000841077 -0.00084783 -0.000831802 -0.000817644 -0.000833244 -0.000820796 -0.000809584 -0.000809773 -0.000802751 -0.00080321 -0.00079634 -0.000802593 -0.000795623 -0.000777385 -0.000790578 -0.000775232 -0.000769344 -0.000790397 -0.000769964 -0.000774423 -0.000783369 -0.000758832 -0.000771977 -0.000770189 -0.000754638 -0.000774464 -0.000764013 
0 -2.99815e-07 1.2021e-05 1.74118e-05 2.29416e-05 4.47436e-05 4.62827e-05 4.97456e-05 7.03368e-05 5.78994e-05 6.39054e-05 8.57391e-05 7.68226e-05 9.78339e-05 0.000113772 0.000105373 0.000120694 0.000129608 0.000134892 0.000144911 0.000161679 0.000162828 0.000154184 0.000180489 0.000183074 0.000196037 0.000222694 0.000217865 0.000232564 0.000227242 0.000254336 0.000284345 0.000258559 0.000273459 0.000293802 0.000315058 0.000315566 0.000327316 0.000355875 0.000353764 0.000390825 0.000393939 0.000407175 0.000434771 0.000444327 0.000464391 0.00047229 0.000510085 0.00050929 0.000536709 0.000566372 0.000578438 0.000608052 0.00063115 0.000672101 0.000679206 0.000727749 0.000757635 0.000788107 0.000822638 0.000866614 0.000913197 0.00093985 0.00100792 0.00105891 0.00113355 0.0012045 0.00133419 0.00147636 0.00167316 0.00194372 0.00231804 0.00280932 0.00343788 0.00427533 0.00532008 0.00663224 0.00821272 0.0101534 0.0124261 0.0150684 0.0180081 0.0212257 0.0245603 0.0278851 0.0309913 0.0337349 0.0359187 0.0374012 0.0380316 0.0377328 0.0364601 0.0342485 0.0311896 0.0274248 0.0231114 0.0183926 0.0134045 0.0082518 0.00302745 -0.00221978 -0.00743913 -0.0125892 -0.0175883 -0.0223476 -0.0267449 -0.0306508 -0.0339106 -0.0363795 -0.0379482 -0.0385638 -0.038246 -0.0370548 -0.0351208 -0.0325797 -0.0296185 -0.0263803 -0.0230683 -0.019821 -0.016812 -0.0140789 -0.0117016 -0.00965288 -0.00797178 -0.00656976 -0.00544572 -0.00453366 -0.00384598 -0.00330388 -0.00289055 -0.00258083 -0.00236037 -0.00219726 -0.00205315 -0.00196565 -0.00188404 -0.00182743 -0.00175073 -0.00172033 -0.0016702 -0.00162775 -0.00158499 -0.00155909 -0.00152722 -0.00148011 -0.00147051 -0.00143293 -0.00141115 -0.0013759 -0.00136945 -0.00133403 -0.00130758 -0.0013018 -0.00126631 -0.00125243 -0.00122709 -0.00122316 -0.00118848 -0.00117949 -0.00117199 -0.00114327 -0.00115118 -0.00112332 -0.00111113 -0.00110605 -0.00111004 -0.00108544 -0.00104987 -0.0010726 -0.00105717 -0.00104456 -0.00102647 -0.0010091 -0.00102498 -0.00100544 -0.00100648 -0.00100669 -0.000985511 -0.000980387 -0.0009804 -0.00098241 -0.000962615 -0.000964665 -0.000960259 -0.000932958 -0.00095358 -0.0009495 -0.000936456 -0.000956813 -0.000937413 -0.000927141 -0.000935836 -0.00091886 -0.000920998 -0.000928901 -0.000921136 -0.000925583 -0.000927959 -0.000918855 -0.000918796 
0 1.61639e-05 1.79745e-05 3.35903e-05 3.33283e-05 3.4889e-05 4.97456e-05 5.11695e-05 6.81036e-05 7.97304e-05 8.4782e-05 0.000103474 0.000101281 0.000109471 0.000122905 0.000122555 0.000142587 0.000150059 0.000154059 0.000170005 0.000175016 0.000188821 0.000206113 0.000217556 0.000220452 0.000231271 0.000241414 0.000243259 0.000273684 0.000281226 0.000281873 0.000306826 0.000316213 0.000338236 0.000353776 0.000360649 0.000374362 0.00039702 0.000413066 0.000413678 0.000445259 0.000458098 0.000468926 0.000499466 0.000517073 0.000535078 0.000558542 0.000594128 0.000603765 0.000633436 0.000670286 0.00068649 0.000714322 0.000749867 0.000784653 0.000800167 0.000847392 0.000886796 0.000915442 0.000955506 0.00101094 0.00105855 0.00109664 0.00117122 0.00124406 0.00132294 0.00141913 0.00157346 0.00175251 0.00198532 0.00231484 0.00276895 0.00335072 0.00409858 0.00508617 0.00633053 0.00786449 0.00972444 0.01199 0.0146514 0.0177025 0.0210922 0.024777 0.0285985 0.032381 0.0359166 0.0390384 0.0415365 0.0432214 0.0439274 0.0435785 0.0421444 0.0396546 0.0361872 0.0318876 0.0269304 0.0214883 0.0157083 0.00971229 0.00360042 -0.00254992 -0.0086696 -0.0146858 -0.0205068 -0.0260252 -0.0311098 -0.0356007 -0.0393226 -0.0421187 -0.0438924 -0.0445986 -0.0442475 -0.0428919 -0.0406729 -0.0377704 -0.0343912 -0.0307015 -0.0269033 -0.0231809 -0.0197118 -0.0165587 -0.0137798 -0.011389 -0.00941133 -0.00777477 -0.00643928 -0.00536615 -0.00454855 -0.00391223 -0.00341406 -0.00304276 -0.00278243 -0.00258497 -0.00241559 -0.00230355 -0.00221817 -0.00214213 -0.00205966 -0.00201576 -0.00196612 -0.00190913 -0.00185972 -0.00182943 -0.0017871 -0.00173484 -0.00171248 -0.00167728 -0.00163908 -0.00160454 -0.00159034 -0.00155244 -0.00152263 -0.00151207 -0.00148258 -0.00145898 -0.00144162 -0.00142962 -0.00139704 -0.0013886 -0.0013753 -0.00134266 -0.00133557 -0.00132164 -0.0013027 -0.00128058 -0.00127349 -0.0012598 -0.00124924 -0.00124592 -0.00121622 -0.00121765 -0.00121824 -0.0011995 -0.00119381 -0.00118043 -0.00116742 -0.00115946 -0.00115945 -0.0011477 -0.00113785 -0.00113767 -0.00112154 -0.00112641 -0.0011259 -0.00111369 -0.00111845 -0.00110211 -0.0010944 -0.00109571 -0.00108461 -0.00109131 -0.00108971 -0.00108577 -0.00108959 -0.0010787 -0.00107726 -0.00107503 -0.00106824 -0.00107516 -0.00107326 
0 1.65263e-05 4.34695e-06 3.23479e-05 4.30469e-05 3.95995e-05 7.03368e-05 6.81036e-05 6.88689e-05 9.45932e-05 9.21094e-05 0.000104589 0.000122161 0.000125035 0.00014031 0.00014842 0.000162818 0.000171754 0.000177253 0.000201984 0.000198732 0.000210048 0.000238346 0.000232791 0.000251442 0.000272629 0.000276953 0.000290242 0.000307279 0.000330701 0.000328768 0.000343668 0.00037068 0.000377331 0.000400262 0.00040587 0.000428621 0.000456553 0.000463104 0.000487753 0.000506676 0.000533215 0.000545763 0.000572332 0.000600769 0.000609799 0.000648442 0.000668739 0.000694432 0.000721627 0.000757934 0.000786686 0.000810132 0.000862809 0.0008882 0.000927191 0.000968798 0.00102065 0.00105549 0.0011018 0.00116921 0.00121409 0.00127527 0.00134507 0.00144218 0.00152257 0.00165012 0.00182022 0.0020372 0.00231253 0.00270101 0.00323612 0.00390871 0.00479101 0.00592628 0.00737809 0.0091345 0.01129 0.0138749 0.0169243 0.0203715 0.0242034 0.0283263 0.0326023 0.0368054 0.0407407 0.0442084 0.0469899 0.0488564 0.0496297 0.0492382 0.0476549 0.0449135 0.0410684 0.0362768 0.0307086 0.0245749 0.0180171 0.0111922 0.00419402 -0.00285251 -0.00987469 -0.0167494 -0.0233892 -0.0296477 -0.035399 -0.0404412 -0.0446009 -0.0477015 -0.0496712 -0.0504605 -0.0500823 -0.0485794 -0.0461051 -0.0428718 -0.0391036 -0.034997 -0.030747 -0.0265815 -0.0226642 -0.0191051 -0.0159283 -0.0132042 -0.010916 -0.0090432 -0.00748737 -0.00625632 -0.00529133 -0.004557 -0.00396752 -0.00353324 -0.00321974 -0.0029815 -0.00278871 -0.00264346 -0.00254989 -0.00244729 -0.00236802 -0.00229773 -0.00225171 -0.00217952 -0.00212979 -0.00208931 -0.00204107 -0.00199404 -0.00195376 -0.00192873 -0.00187533 -0.00185041 -0.00181863 -0.00178653 -0.0017526 -0.00172818 -0.001706 -0.00166568 -0.00165567 -0.00162477 -0.0016007 -0.00158272 -0.00156348 -0.00154381 -0.00151654 -0.00151529 -0.00149126 -0.00147524 -0.00146059 -0.00144073 -0.00144372 -0.00141774 -0.00139878 -0.00139319 -0.00138589 -0.00137072 -0.00134967 -0.00135774 -0.00133942 -0.00132326 -0.00133322 -0.00131314 -0.00130543 -0.00130265 -0.00129211 -0.00128777 -0.00127472 -0.0012776 -0.00126734 -0.00125577 -0.00126857 -0.00125101 -0.0012483 -0.00125906 -0.00123456 -0.00123975 -0.00124384 -0.00122381 -0.00123881 -0.00123613 -0.00122249 -0.0012383 -0.00122624 
0 -2.0032e-07 3.20454e-05 2.46782e-05 3.83208e-05 6.56239e-05 5.78994e-05 7.97304e-05 9.45932e-05 9.22518e-05 0.000111763 0.000117471 0.000130099 0.000145686 0.000157266 0.000174858 0.000172328 0.000194726 0.000210477 0.00020686 0.000244026 0.000248333 0.000243397 0.000273532 0.000284048 0.000296936 0.000318004 0.000340955 0.000343051 0.000344621 0.000387755 0.000406887 0.00040791 0.000419866 0.000443704 0.000476512 0.000484929 0.000500658 0.000527231 0.000551123 0.000575079 0.000593134 0.000621134 0.000646298 0.000671068 0.000699452 0.000725322 0.00075725 0.000785281 0.000818398 0.000853906 0.000885802 0.000925796 0.000964288 0.0010072 0.00104717 0.00109625 0.00114718 0.00119273 0.00125199 0.00131114 0.00137749 0.00144109 0.00153025 0.00162606 0.00173722 0.00188368 0.00207942 0.00233508 0.00266113 0.00312219 0.0037256 0.00451688 0.00552342 0.00683579 0.00847189 0.0104855 0.0129211 0.0158465 0.0192542 0.0231056 0.0273506 0.031893 0.0365761 0.041166 0.0454647 0.0492384 0.0522697 0.0542837 0.0551254 0.0546833 0.0529742 0.0499845 0.0458085 0.0405472 0.0344251 0.0276114 0.0203167 0.0126592 0.00480724 -0.0031444 -0.0110388 -0.018782 -0.0262084 -0.0332071 -0.0395782 -0.0451572 -0.0497103 -0.0531155 -0.0552579 -0.0561387 -0.0557255 -0.0541047 -0.0514007 -0.0478756 -0.043747 -0.0392553 -0.0345945 -0.0300083 -0.025669 -0.0216973 -0.0181487 -0.015074 -0.0124902 -0.0103462 -0.00859245 -0.00717494 -0.00607683 -0.00521303 -0.00455046 -0.00403752 -0.00367166 -0.00338618 -0.00316924 -0.00300136 -0.0028775 -0.0027714 -0.00267488 -0.00260226 -0.0025313 -0.00246901 -0.00240439 -0.00235604 -0.0023021 -0.0022524 -0.00220816 -0.00216463 -0.00212492 -0.00208272 -0.00204958 -0.00201197 -0.00197877 -0.00194749 -0.00191525 -0.00188801 -0.00185718 -0.00183383 -0.00180849 -0.00178066 -0.00175974 -0.00174055 -0.00172482 -0.00169439 -0.00167434 -0.00166942 -0.00165401 -0.00163025 -0.0015973 -0.0015991 -0.00160072 -0.00156644 -0.00154557 -0.00154053 -0.00153836 -0.00151619 -0.00151192 -0.00151298 -0.00147704 -0.00147953 -0.00148125 -0.00145979 -0.00146081 -0.00144834 -0.00143892 -0.00142933 -0.00142571 -0.00143196 -0.00141341 -0.00141916 -0.00141563 -0.00139164 -0.00140773 -0.00139551 -0.00138321 -0.00140407 -0.001384 -0.00138418 -0.0013986 -0.00137421 -0.00138517 
0 1.58455e-05 3.14244e-05 3.86658e-05 5.15184e-05 5.67402e-05 6.39054e-05 8.4782e-05 9.21094e-05 0.000111763 0.000132079 0.000133294 0.000155077 0.000161878 0.000162878 0.000190068 0.000199567 0.000213092 0.00023279 0.000240566 0.000253228 0.000270456 0.000295702 0.000308855 0.000321871 0.000334009 0.000341461 0.000363234 0.000380137 0.000414394 0.000421606 0.000418889 0.000466677 0.000490906 0.000503142 0.000517517 0.000543719 0.000569688 0.000585845 0.000617719 0.000626157 0.000662676 0.000692567 0.000710992 0.000747783 0.000776937 0.000815207 0.000837255 0.00088687 0.000917192 0.000951003 0.000998981 0.00103495 0.00108149 0.00111793 0.00118028 0.00121755 0.00127592 0.00133318 0.00139536 0.00146019 0.00152917 0.00162114 0.0017031 0.00182266 0.00194957 0.00213245 0.00234566 0.00264808 0.00303739 0.00356497 0.00425627 0.00515595 0.00632054 0.00779037 0.00964156 0.0118967 0.0146442 0.0178855 0.0216621 0.0258918 0.0305454 0.0354673 0.0405236 0.0454597 0.0500829 0.0541247 0.0573565 0.0594989 0.0603861 0.0599088 0.0580643 0.0548578 0.0503594 0.0446864 0.0380296 0.0305914 0.0225655 0.0141207 0.00541445 -0.00339921 -0.0121686 -0.0207392 -0.0289549 -0.0366483 -0.0436299 -0.049693 -0.0546351 -0.0583145 -0.0606432 -0.0615989 -0.0611718 -0.0594439 -0.0565574 -0.0527731 -0.0483234 -0.04348 -0.0384434 -0.0334734 -0.0287211 -0.024359 -0.0204307 -0.0170288 -0.0141215 -0.0117203 -0.00973754 -0.00815512 -0.00688982 -0.00591007 -0.0051505 -0.0045721 -0.00413719 -0.00380338 -0.00356452 -0.00336471 -0.00322201 -0.00309093 -0.00300275 -0.00290221 -0.00282809 -0.00275487 -0.00269202 -0.0026254 -0.00256347 -0.00252028 -0.00245483 -0.00241209 -0.00236058 -0.00232538 -0.00227038 -0.00223817 -0.00220535 -0.00215906 -0.00213463 -0.00210062 -0.00207538 -0.00203489 -0.0020224 -0.00199226 -0.00195907 -0.00194381 -0.00191003 -0.00189698 -0.00187333 -0.00184662 -0.00181535 -0.00181425 -0.00181114 -0.00176439 -0.00175496 -0.001749 -0.00174003 -0.00172857 -0.00170428 -0.00169345 -0.00167576 -0.00166698 -0.00166055 -0.00165093 -0.00163469 -0.0016188 -0.00162342 -0.001609 -0.00160707 -0.00161265 -0.00158665 -0.00158342 -0.00157813 -0.00156013 -0.00156687 -0.00156396 -0.00155737 -0.00156159 -0.00155431 -0.00154694 -0.00154611 -0.00154035 -0.00153701 -0.00154046 -0.00153952 
0 9.80982e-06 1.90485e-05 3.36303e-05 5.53809e-05 6.93039e-05 8.57391e-05 0.000103474 0.000104589 0.000117471 0.000133294 0.000139459 0.00016488 0.00018079 0.000191126 0.000215085 0.000222481 0.000234066 0.000254593 0.000268522 0.000284319 0.000299865 0.000314015 0.000326359 0.000350507 0.000370722 0.00039257 0.000416179 0.000418138 0.000448651 0.00046949 0.000478307 0.000513912 0.000522694 0.000542471 0.000573705 0.000601487 0.000621534 0.000645643 0.000688445 0.000699164 0.000739056 0.000772478 0.00078949 0.000830386 0.000861809 0.000897081 0.00092045 0.000975625 0.00100725 0.00104027 0.00109988 0.00113974 0.00118884 0.00123508 0.00130819 0.00134899 0.00141188 0.00148607 0.00155124 0.00162133 0.00170081 0.00180916 0.00189507 0.00202714 0.0021813 0.00238783 0.00262929 0.00297464 0.00343402 0.00402916 0.00481275 0.00583263 0.00715616 0.00879816 0.0108628 0.0133797 0.0164324 0.0200001 0.0241273 0.028736 0.0337681 0.0390496 0.0444337 0.0496866 0.0545868 0.0588577 0.0622421 0.0644862 0.0654026 0.0648888 0.0629108 0.0594984 0.054702 0.0486509 0.0415007 0.0334733 0.0247536 0.0155517 0.00602634 -0.00362138 -0.0132324 -0.0226047 -0.0315784 -0.0399395 -0.0474977 -0.0540178 -0.0593277 -0.0632747 -0.0657908 -0.0668264 -0.0664006 -0.0645906 -0.0615664 -0.0575631 -0.0528397 -0.0476756 -0.0423083 -0.0369775 -0.031845 -0.0270949 -0.0228067 -0.0190693 -0.0158481 -0.0131703 -0.0109608 -0.00919639 -0.00776446 -0.00665288 -0.00579098 -0.00513925 -0.0046278 -0.00424236 -0.00396726 -0.00374108 -0.00356499 -0.00341563 -0.00331933 -0.00320243 -0.00311433 -0.00303418 -0.00297052 -0.00288901 -0.00282401 -0.00278009 -0.00271022 -0.00265976 -0.00260903 -0.00257362 -0.00250884 -0.0024762 -0.00244101 -0.00238775 -0.00235566 -0.0023196 -0.00228805 -0.00223953 -0.00222447 -0.00218744 -0.00215158 -0.00214107 -0.00210424 -0.00208139 -0.00206224 -0.00204978 -0.00201683 -0.0019976 -0.00198866 -0.00195395 -0.00195005 -0.00192793 -0.00189957 -0.00189087 -0.00187337 -0.00186655 -0.00185395 -0.00183867 -0.00182591 -0.00181765 -0.00180868 -0.00179598 -0.00179402 -0.00177308 -0.00175903 -0.00176035 -0.00174242 -0.00174367 -0.00174708 -0.00173157 -0.00173246 -0.00172587 -0.00170966 -0.00171149 -0.0017076 -0.00169979 -0.00170684 -0.00170345 -0.00169638 -0.00170193 -0.00169447 
0 9.05803e-06 4.28814e-05 4.15017e-05 5.47482e-05 7.90738e-05 7.68226e-05 0.000101281 0.000122161 0.000130099 0.000155077 0.00016488 0.00017788 0.000192701 0.000207448 0.000232137 0.000234135 0.000260472 0.000285454 0.000279881 0.000320167 0.000338126 0.00033581 0.00037335 0.000386637 0.000398305 0.000421767 0.000448787 0.00046736 0.000472094 0.000514907 0.00053935 0.000555336 0.00058042 0.000596132 0.000644471 0.000657566 0.000674481 0.000715735 0.000739646 0.000771696 0.000795557 0.00084183 0.000864844 0.000902005 0.000953559 0.000973786 0.00102589 0.00106704 0.00111381 0.00114888 0.0012071 0.00126215 0.00129514 0.00136836 0.00142232 0.00148489 0.00153926 0.00162857 0.00169819 0.00176832 0.00187357 0.00197642 0.00209523 0.00222361 0.00242797 0.0026442 0.00293832 0.00332607 0.0038627 0.00453676 0.00541687 0.00657901 0.00805111 0.0098951 0.0121628 0.0149709 0.0183062 0.0222208 0.0266701 0.0316619 0.0370295 0.0426539 0.0483174 0.0538553 0.0589783 0.0634324 0.0669217 0.0692318 0.0701582 0.0695915 0.0674837 0.063863 0.0587957 0.0523842 0.0447887 0.0362 0.0268422 0.0169127 0.00662519 -0.00382828 -0.0142253 -0.0243726 -0.0340513 -0.0430561 -0.0511452 -0.058108 -0.0637591 -0.0679781 -0.0706771 -0.0718105 -0.0714006 -0.0695419 -0.0664197 -0.0622417 -0.0572934 -0.0518402 -0.0461837 -0.0405077 -0.0350331 -0.0298917 -0.0252679 -0.0211733 -0.0176592 -0.0146752 -0.0122503 -0.0102709 -0.00868666 -0.00742033 -0.00645925 -0.00571975 -0.00513496 -0.00469922 -0.00437394 -0.00413551 -0.0039129 -0.00376648 -0.00363621 -0.00352992 -0.00341154 -0.00333613 -0.00325963 -0.00316927 -0.00310282 -0.00303778 -0.00298099 -0.00289981 -0.00286338 -0.00280363 -0.00274667 -0.00270168 -0.00265926 -0.00261625 -0.00256247 -0.00254465 -0.00249258 -0.00246078 -0.00243419 -0.00239499 -0.00236592 -0.00233557 -0.00232022 -0.00227084 -0.0022516 -0.00223778 -0.00220433 -0.00218559 -0.0021485 -0.00214494 -0.00213259 -0.00209871 -0.0020832 -0.00207212 -0.00206457 -0.00203066 -0.00202619 -0.00202196 -0.00198131 -0.00198758 -0.00197802 -0.00195107 -0.0019538 -0.00194056 -0.00193172 -0.00192292 -0.00191708 -0.00191366 -0.00189114 -0.0018951 -0.00188832 -0.00186905 -0.00188547 -0.00187163 -0.00186004 -0.00187616 -0.00185402 -0.00185346 -0.00186587 -0.00184324 -0.00185456 
0 2.16282e-05 2.71698e-05 5.17314e-05 6.64131e-05 7.43176e-05 9.78339e-05 0.000109471 0.000125035 0.000145686 0.000161878 0.00018079 0.000192701 0.000216988 0.000227965 0.000235642 0.000274511 0.000279803 0.00029603 0.000332247 0.000327301 0.000353359 0.00038589 0.000399649 0.000422232 0.000438651 0.000464796 0.000471439 0.000503169 0.000549275 0.000550091 0.00056792 0.000598666 0.000642529 0.000665262 0.000674732 0.00071617 0.000744265 0.000781572 0.000805368 0.000835215 0.000878878 0.000908434 0.000949154 0.000982114 0.00103093 0.00106666 0.00111075 0.00116413 0.00120378 0.00125804 0.00131036 0.00137068 0.00141834 0.00148757 0.00155521 0.00161513 0.00169024 0.00177268 0.00185689 0.00193554 0.00204936 0.00216489 0.00229288 0.00245122 0.00266783 0.00292553 0.00325294 0.00370645 0.00430518 0.0050724 0.00606191 0.00736364 0.00900421 0.011042 0.0135516 0.0166275 0.0202764 0.024507 0.0293065 0.0346338 0.0403405 0.0462535 0.0521898 0.0579507 0.0632657 0.0678384 0.0714008 0.0737313 0.0746452 0.0740049 0.0717616 0.067938 0.0626086 0.0558651 0.047852 0.0387547 0.0288009 0.0182078 0.00720295 -0.00399115 -0.0151308 -0.0259901 -0.0363335 -0.045929 -0.0545234 -0.061901 -0.0678887 -0.0723753 -0.0752673 -0.0765187 -0.0761521 -0.0742883 -0.0711033 -0.0668122 -0.0616755 -0.0559957 -0.050062 -0.0440931 -0.0382767 -0.0327938 -0.0278104 -0.0233903 -0.0195524 -0.0162912 -0.0136104 -0.0114276 -0.00966423 -0.00825304 -0.00717166 -0.00633383 -0.00567971 -0.0051755 -0.00480993 -0.00452543 -0.00428839 -0.00410801 -0.00396673 -0.00384208 -0.00371836 -0.00362912 -0.00353929 -0.00345311 -0.00336908 -0.00330545 -0.00323383 -0.00316215 -0.00310776 -0.00304726 -0.00299285 -0.00293486 -0.00289511 -0.00283973 -0.00279681 -0.00275767 -0.00271253 -0.00267622 -0.00263518 -0.00261011 -0.00256586 -0.00253464 -0.0025047 -0.00247969 -0.00245691 -0.0024082 -0.00239128 -0.00237777 -0.0023607 -0.00232021 -0.00228763 -0.00229681 -0.00227269 -0.00224745 -0.00222758 -0.00221275 -0.00219649 -0.00217282 -0.00218163 -0.00215421 -0.0021293 -0.00213665 -0.00211104 -0.00210601 -0.00210518 -0.0020871 -0.00207843 -0.0020657 -0.00206228 -0.00205022 -0.00204449 -0.00204959 -0.00203099 -0.00203286 -0.00203336 -0.00201326 -0.00202307 -0.002018 -0.0020044 -0.00201943 -0.00200919 
0 1.65354e-05 2.46921e-05 4.9903e-05 6.8033e-05 8.56562e-05 0.000113772 0.000122905 0.00014031 0.000157266 0.000162878 0.000191126 0.000207448 0.000227965 0.000257785 0.000265176 0.000292297 0.000305342 0.000316246 0.000352721 0.000362829 0.000389694 0.000410914 0.000417948 0.000453131 0.000476225 0.000505983 0.000532546 0.000551075 0.000567545 0.000591062 0.00064187 0.000653294 0.000671779 0.000708973 0.000736852 0.000780299 0.000803788 0.000837986 0.000874121 0.000915964 0.000952728 0.000981783 0.0010342 0.00106671 0.0011124 0.00115681 0.00120418 0.00125334 0.00130214 0.00136449 0.0014138 0.00148096 0.00154101 0.00161244 0.00168142 0.00175621 0.00183909 0.00192182 0.00201711 0.00211084 0.00223113 0.00235429 0.00250571 0.00268577 0.00292381 0.0032161 0.00359693 0.00410928 0.00477932 0.00564532 0.00675888 0.00820578 0.0100182 0.0122693 0.0150268 0.0183816 0.0223334 0.0268916 0.0320245 0.0376775 0.0436853 0.04987 0.0560388 0.0619872 0.0674341 0.072081 0.0756662 0.0779794 0.0788402 0.0781028 0.0757109 0.0716838 0.0660991 0.0590397 0.0506423 0.0410822 0.030593 0.0193986 0.00774614 -0.00412345 -0.0159365 -0.0274454 -0.0383904 -0.0485271 -0.0575896 -0.065365 -0.0716833 -0.07644 -0.0795375 -0.0809317 -0.0806495 -0.0788216 -0.0756234 -0.0712642 -0.0659991 -0.0601323 -0.0539623 -0.0477166 -0.0415946 -0.0357814 -0.0304566 -0.0256981 -0.0215466 -0.0179968 -0.0150572 -0.0126481 -0.0107024 -0.00913873 -0.00792597 -0.00697983 -0.00624786 -0.00568094 -0.00525703 -0.00493088 -0.00466911 -0.00446573 -0.00429708 -0.00416084 -0.0040306 -0.00392674 -0.00382284 -0.00373647 -0.00364734 -0.00356933 -0.00349553 -0.00342484 -0.0033606 -0.00329194 -0.00324169 -0.0031774 -0.00312685 -0.00307349 -0.00302723 -0.00297588 -0.00293004 -0.00289585 -0.00284099 -0.0028093 -0.00277297 -0.0027402 -0.00270127 -0.00266901 -0.0026471 -0.00261627 -0.00259997 -0.00255248 -0.00252995 -0.00252617 -0.00249396 -0.00246473 -0.00243587 -0.0024239 -0.00240254 -0.00239172 -0.00237773 -0.00234506 -0.00234294 -0.00232255 -0.00231269 -0.00231166 -0.00228159 -0.00227491 -0.00225745 -0.00224171 -0.00224384 -0.00223008 -0.00222976 -0.00222245 -0.00220854 -0.00220579 -0.00219294 -0.0021886 -0.0021871 -0.00218003 -0.00218036 -0.00217668 -0.00217201 -0.00217203 -0.00216897 
0 1.98432e-05 4.54914e-05 5.93908e-05 7.30219e-05 9.03481e-05 0.000105373 0.000122555 0.00014842 0.000174858 0.000190068 0.000215085 0.000232137 0.000235642 0.000265176 0.00028554 0.000299351 0.000334995 0.000353476 0.00037078 0.000397249 0.000417621 0.0004438 0.000464298 0.000491388 0.000515832 0.00052255 0.000560447 0.000598061 0.000608241 0.000648009 0.000683706 0.0007009 0.000737574 0.00077436 0.000803226 0.000830062 0.000870113 0.000900683 0.000934673 0.000986007 0.00101061 0.00105812 0.00111051 0.00114981 0.00119796 0.00125112 0.00130997 0.00134859 0.0014183 0.00147667 0.001529 0.00159927 0.00166715 0.00174067 0.00180344 0.00190013 0.00197782 0.0020687 0.00217017 0.00228424 0.00240813 0.00254244 0.00272581 0.00292504 0.00319409 0.00352172 0.00397234 0.00454035 0.00529504 0.00626649 0.00751946 0.00911543 0.01111 0.01359 0.0166037 0.0202426 0.0244924 0.0293836 0.0348346 0.0407969 0.0470713 0.0535077 0.0598694 0.0659645 0.071483 0.0761585 0.0797142 0.0819667 0.082725 0.0818602 0.0792992 0.0750649 0.0692233 0.0618622 0.0531096 0.0431383 0.0321775 0.0204567 0.00823482 -0.00422816 -0.0166353 -0.0287166 -0.040194 -0.0508128 -0.0603064 -0.0684613 -0.07511 -0.0801406 -0.0834624 -0.0850284 -0.0848806 -0.0831351 -0.0799771 -0.0755956 -0.0702621 -0.0642512 -0.0578854 -0.0513808 -0.0449841 -0.0388553 -0.0332047 -0.0280999 -0.0236372 -0.0197915 -0.0165864 -0.0139333 -0.0117946 -0.0100731 -0.00871749 -0.00765638 -0.00683529 -0.00621115 -0.00571753 -0.0053528 -0.00505864 -0.00484094 -0.004639 -0.00449251 -0.00435739 -0.00423833 -0.0041233 -0.00402766 -0.00394269 -0.00383943 -0.00376716 -0.00368796 -0.00361684 -0.00353529 -0.00348179 -0.00341847 -0.00334711 -0.00330424 -0.00324852 -0.00319697 -0.00314559 -0.00311474 -0.00306332 -0.00301805 -0.00299291 -0.00294415 -0.00291268 -0.00287925 -0.00283886 -0.00280535 -0.00278335 -0.00275181 -0.00271013 -0.00270108 -0.00267377 -0.0026383 -0.00263592 -0.00261398 -0.00258277 -0.00256654 -0.00254889 -0.00253293 -0.00251229 -0.00249512 -0.00248119 -0.00245738 -0.00244919 -0.00244553 -0.00243001 -0.00242334 -0.00241482 -0.00239729 -0.0023828 -0.0023795 -0.00237088 -0.00235851 -0.00236619 -0.00235344 -0.00234064 -0.00235329 -0.00233305 -0.00233165 -0.00234468 -0.00232002 -0.00233109 
0 1.76523e-05 3.71298e-05 5.67157e-05 7.92826e-05 0.000103199 0.000120694 0.000142587 0.000162818 0.000172328 0.000199567 0.000222481 0.000234135 0.000274511 0.000292297 0.000299351 0.000341186 0.00035003 0.000365877 0.000410875 0.00041686 0.000438486 0.000478073 0.000497254 0.000521986 0.000552883 0.000585416 0.000600583 0.000628151 0.000673471 0.000695081 0.000717172 0.000742667 0.000793309 0.000834311 0.000842374 0.000893205 0.000939695 0.000971124 0.0010128 0.00105521 0.00109966 0.00113662 0.00119665 0.0012334 0.00127914 0.00134744 0.00139059 0.0014488 0.00151181 0.00158457 0.00163696 0.00171397 0.00180081 0.00186318 0.00195207 0.00204308 0.00214277 0.00222513 0.00234791 0.00247237 0.00259724 0.00275555 0.00294954 0.00318895 0.00346364 0.00385768 0.00435142 0.00500129 0.00582822 0.0069275 0.00831949 0.0100739 0.0122688 0.0149801 0.0182762 0.0221834 0.0267594 0.031957 0.0377446 0.0439678 0.0505146 0.05715 0.0636975 0.0698688 0.0754301 0.0800643 0.0835598 0.0856848 0.0863035 0.0852626 0.0825182 0.0780588 0.0719622 0.0643072 0.0552325 0.0449026 0.0335397 0.0213754 0.00867343 -0.00428637 -0.0171964 -0.0297617 -0.0416951 -0.0527329 -0.0626158 -0.0711343 -0.0781107 -0.0834313 -0.0869934 -0.0887785 -0.0888079 -0.0872162 -0.0841391 -0.0798084 -0.0744429 -0.0683631 -0.0618174 -0.0551101 -0.0484363 -0.0420434 -0.0360528 -0.0306338 -0.0258315 -0.0217107 -0.0182128 -0.0153207 -0.0129646 -0.0110807 -0.00957545 -0.00838195 -0.0074743 -0.00676588 -0.00622173 -0.00578345 -0.0054758 -0.00521207 -0.00499844 -0.00481646 -0.00468161 -0.00454509 -0.00441255 -0.00431779 -0.004216 -0.0041197 -0.00402208 -0.0039599 -0.00387021 -0.00379199 -0.00373359 -0.00366556 -0.00359819 -0.00353577 -0.00349446 -0.00342238 -0.00337477 -0.00333177 -0.00327456 -0.00323423 -0.00319048 -0.0031483 -0.00310097 -0.00308356 -0.0030445 -0.00298966 -0.00297732 -0.00295337 -0.00292137 -0.00288072 -0.00285419 -0.0028458 -0.00281191 -0.00278096 -0.0027605 -0.00274696 -0.00271927 -0.00269655 -0.00269994 -0.00266556 -0.00264629 -0.00265334 -0.00262033 -0.00260843 -0.00260517 -0.00257713 -0.00257 -0.00256534 -0.00255189 -0.00254441 -0.00253874 -0.00253042 -0.00251888 -0.00251743 -0.00251193 -0.00250016 -0.00250289 -0.00249633 -0.00248747 -0.00249503 -0.00248924 
0 2.10762e-05 4.03562e-05 6.31604e-05 8.37045e-05 0.000105391 0.000129608 0.000150059 0.000171754 0.000194726 0.000213092 0.000234066 0.000260472 0.000279803 0.000305342 0.000334995 0.00035003 0.00037828 0.000404145 0.000419192 0.000455309 0.000483549 0.000504592 0.00052732 0.00055463 0.000589552 0.000611946 0.000655663 0.000686307 0.000694967 0.000735267 0.000781017 0.000820552 0.000837044 0.000869032 0.000920889 0.000959007 0.00100057 0.00102721 0.00108177 0.00113134 0.00116803 0.00122227 0.00127028 0.00132691 0.00137253 0.00144168 0.00149457 0.00155094 0.00162883 0.00168924 0.00176116 0.00183325 0.00192713 0.00199438 0.00208694 0.00219161 0.00228544 0.00239055 0.00251205 0.00265883 0.00278682 0.00297196 0.00318781 0.00345356 0.00376855 0.0042084 0.00477615 0.00548978 0.0064263 0.00764064 0.00919382 0.0111091 0.0135224 0.0164764 0.0200523 0.0242461 0.0291331 0.0346516 0.040736 0.0472254 0.0539928 0.0608246 0.0674894 0.0737156 0.0792407 0.0838062 0.0871625 0.0891244 0.089528 0.0882852 0.0853098 0.0806222 0.0742503 0.0663247 0.056949 0.0463254 0.0346237 0.0221133 0.00902318 -0.00431795 -0.0176341 -0.0305788 -0.0428938 -0.0542741 -0.0645113 -0.0733604 -0.0806764 -0.0862873 -0.090133 -0.0921627 -0.092444 -0.0910474 -0.088134 -0.0838872 -0.0785698 -0.0724449 -0.0657895 -0.0588828 -0.0519821 -0.0453147 -0.0390232 -0.0332711 -0.0281453 -0.0237223 -0.019936 -0.0167868 -0.0141996 -0.0121418 -0.0104693 -0.00915312 -0.00812735 -0.00735073 -0.00672897 -0.00624479 -0.00589029 -0.00560277 -0.00536494 -0.00515933 -0.00501707 -0.0048614 -0.00473027 -0.00461122 -0.00451512 -0.00440216 -0.00430353 -0.00422786 -0.00413361 -0.00405479 -0.00397628 -0.00391606 -0.00383299 -0.00377519 -0.00371721 -0.00365098 -0.00360123 -0.00354614 -0.00349951 -0.00344056 -0.0034094 -0.00336428 -0.00331322 -0.00327628 -0.00323968 -0.00321888 -0.0031689 -0.00312642 -0.00310233 -0.00308752 -0.00305651 -0.00300518 -0.00299118 -0.00297152 -0.00294614 -0.00292736 -0.00290306 -0.00288203 -0.00285412 -0.00284768 -0.00283457 -0.00280652 -0.00279827 -0.00277863 -0.00275986 -0.00275424 -0.0027421 -0.00273132 -0.00272251 -0.00271223 -0.00270006 -0.00269179 -0.0026853 -0.00267644 -0.00267299 -0.00266831 -0.00266247 -0.00265994 -0.00265614 -0.00265295 -0.0026509 
