0 0 0 0 0 0 0 0 0 0 0 0 0 0 0 0 0 0 0 0 0 0 0 0 0 0 0 0 0 0 0 0 0 0 0 0 0 0 0 0 0 0 0 0 0 0 0 0 0 0 0 0 0 0 0 0 0 0 0 0 0 0 0 0 0 0 0 0 0 0 0 0 0 0 0 0 0 0 0 0 0 0 0 0 0 0 0 0 0 0 0 0 0 0 0 0 0 0 0 0 0 0 0 0 0 0 0 0 0 0 0 0 0 0 0 0 0 0 0 0 0 0 0 0 0 0 0 0 0 0 0 0 0 0 0 0 0 0 0 0 0 0 0 0 0 0 0 0 0 0 0 0 0 0 0 0 0 0 0 0 0 0 0 0 0 0 0 0 0 0 0 0 0 0 0 0 0 0 0 0 0 0 0 0 0 0 0 0 0 0 0 0 0 0 0 0 0 0 0 0 
0 -5.39395e-06 1.34536e-05 3.3643e-06 6.69319e-06 3.22301e-05 2.12621e-05 2.09101e-05 3.82441e-05 2.06637e-05 2.02825e-05 5.0617e-05 4.57641e-05 4.32417e-05 6.64904e-05 5.1679e-05 4.31877e-05 6.92283e-05 7.08343e-05 7.30254e-05 6.96372e-05 6.88394e-05 0.000104873 0.000100392 8.82685e-05 0.000105696 0.000107674 0.000117273 0.000111763 0.000123951 0.000139276 0.00012807 0.000160436 0.000159422 0.000159326 0.000186714 0.000181236 0.000197581 0.000196802 0.000218535 0.000228988 0.00022275 0.000264604 0.000263763 0.000284212 0.000301717 0.000327093 0.000354748 0.000354568 0.000407823 0.000424497 0.000458465 0.000487923 0.000538007 0.000600411 0.000635517 0.000728325 0.000813139 0.000943381 0.00106212 0.00124122 0.00146425 0.00171244 0.00200918 0.00232732 0.00272571 0.00310317 0.00349885 0.0038315 0.00413887 0.00432746 0.00437023 0.00422258 0.0038719 0.00333476 0.00256783 0.00163055 0.000513005 -0.000647674 -0.00184671 -0.00295581 -0.00399042 -0.00483083 -0.00548632 -0.00587126 -0.00603375 -0.00595924 -0.00571997 -0.0053278 -0.0048373 -0.00427094 -0.00367288 -0.00308003 -0.00251967 -0.00202075 -0.00157717 -0.00120067 -0.000861355 -0.000566723 -0.000280847 -1.5115e-05 0.000266317 0.000551264 0.000876545 0.00123368 0.00165688 0.00213581 0.00268563 0.00327948 0.00389909 0.00450431 0.00505636 0.00552571 0.0058644 0.00605314 0.00602308 0.00577147 0.00524244 0.00450084 0.00353459 0.00245598 0.00125062 4.17699e-05 -0.00116903 -0.00223409 -0.003154 -0.00384356 -0.00434928 -0.00463564 -0.00472316 -0.00462698 -0.00438582 -0.00408374 -0.00370472 -0.00332177 -0.00289801 -0.00254448 -0.00220595 -0.00192772 -0.00166121 -0.00144982 -0.00129458 -0.00114688 -0.00103829 -0.000923012 -0.000874905 -0.000798124 -0.000743943 -0.000693832 -0.000660354 -0.000636346 -0.000579471 -0.000575868 -0.000544468 -0.00052936 -0.00050094 -0.000488767 -0.000489218 -0.000447827 -0.000454527 -0.000436312 -0.000423472 -0.000409371 -0.000394377 -0.000400755 -0.000365491 -0.000373516 -0.000368968 -0.000347147 -0.000359593 -0.000345127 -0.000342034 -0.000333026 -0.000334083 -0.000335508 -0.000299977 -0.000310803 -0.00031937 -0.000303772 -0.000302844 -0.00028561 -0.000300488 -0.000315772 -0.000285039 -0.000283223 -0.000291229 -0.000272829 -0.00027566 -0.000290852 -0.000279341 -0.000270529 -0.000280826 -0.000274087 -0.000267355 -0.000277089 -0.000270739 -0.000264907 -0.000271234 -0.000269893 -0.000268787 
0 1.34536e-05 1.53529e-05 2.18919e-05 3.47587e-05 2.46625e-05 3.19334e-05 5.55488e-05 4.86362e-05 7.06304e-05 9.13691e-05 6.66211e-05 7.99161e-05 9.43174e-05 8.7989e-05 0.000112744 0.000128997 0.000133231 0.000124748 0.000136464 0.00018098 0.000161515 0.0001528 0.000187816 0.000185902 0.000208228 0.000223879 0.000220541 0.000249267 0.000263072 0.000270729 0.000277976 0.000298179 0.000317535 0.00031472 0.000348205 0.000371678 0.000377527 0.000409803 0.000440454 0.000460369 0.000477565 0.000518651 0.000550067 0.000563927 0.00060518 0.000653088 0.000685708 0.000721902 0.000786667 0.00085341 0.000906134 0.000979864 0.00108712 0.00119433 0.00130615 0.001459 0.00166329 0.00189487 0.00215953 0.00250992 0.00294609 0.00345586 0.00402395 0.00468966 0.00543823 0.00621683 0.0069665 0.0076482 0.00822739 0.0085957 0.00866841 0.00835916 0.00767194 0.00657232 0.00507213 0.00317932 0.00100179 -0.00133147 -0.00367331 -0.00590506 -0.00792451 -0.00961415 -0.0108899 -0.0116744 -0.0119886 -0.0118573 -0.0113817 -0.0106078 -0.00963752 -0.0085095 -0.0073314 -0.00614382 -0.00504213 -0.00403241 -0.00316185 -0.00238952 -0.00172726 -0.00111606 -0.000561981 -8.09808e-06 0.000536869 0.00112932 0.00176315 0.00249853 0.00332824 0.00430104 0.00538102 0.00657356 0.00779205 0.00899994 0.0100889 0.0110196 0.0116885 0.0120496 0.0119913 0.0114722 0.0104398 0.00894781 0.00705899 0.00488852 0.00252929 9.82763e-05 -0.00226511 -0.00441364 -0.00621439 -0.00762455 -0.00861623 -0.00921129 -0.00938941 -0.00921601 -0.00876291 -0.0081523 -0.00742886 -0.00664016 -0.00583906 -0.00509749 -0.0044478 -0.00386115 -0.00334515 -0.00291459 -0.00258593 -0.00230616 -0.00206066 -0.00186701 -0.00172889 -0.00160803 -0.00148608 -0.00139641 -0.00133586 -0.00126781 -0.00119458 -0.00114686 -0.00111183 -0.00105929 -0.00100731 -0.000985355 -0.000952512 -0.000908922 -0.000883238 -0.000868407 -0.000841785 -0.000808542 -0.000808243 -0.000788367 -0.000758509 -0.000755235 -0.000738614 -0.000717831 -0.000695961 -0.000693722 -0.000680165 -0.000652941 -0.00065973 -0.000640586 -0.000639432 -0.000651415 -0.000609185 -0.000604708 -0.000621978 -0.00060981 -0.000584781 -0.000566078 -0.000586879 -0.000580048 -0.000565995 -0.000587279 -0.000562623 -0.000548617 -0.000563093 -0.000546857 -0.000551437 -0.000551131 -0.000538813 -0.000549567 -0.000538904 -0.000539039 -0.000548235 -0.000530999 -0.000539717 
0 3.3643e-06 2.18919e-05 2.83222e-05 4.07409e-05 5.84429e-05 6.28924e-05 7.48046e-05 8.48585e-05 8.79363e-05 0.000102722 0.000118895 0.000131363 0.000144756 0.000156654 0.000163051 0.000171639 0.000191278 0.000203599 0.000215069 0.000231251 0.000239809 0.000265179 0.000285955 0.000287332 0.000308141 0.000329103 0.000340018 0.000358746 0.000382549 0.000402274 0.000419616 0.000453576 0.000476327 0.000492671 0.0005303 0.000556983 0.00057858 0.000611411 0.000652123 0.000682473 0.000713573 0.000770057 0.000813834 0.000854799 0.000913813 0.000982015 0.0010414 0.00110179 0.00119487 0.00128561 0.00137523 0.00148687 0.00163446 0.00179652 0.00197119 0.00220774 0.00250513 0.00285943 0.00327447 0.00380573 0.00446162 0.0052237 0.00609301 0.0070853 0.00819405 0.00933583 0.0104435 0.0114432 0.0122688 0.0127813 0.0128503 0.0123765 0.0113246 0.00967534 0.00742257 0.00462073 0.00139611 -0.00204681 -0.00551573 -0.0088181 -0.0118035 -0.0143002 -0.0161836 -0.0173582 -0.0178338 -0.0176645 -0.0169652 -0.015836 -0.0143936 -0.0127365 -0.0109831 -0.00923413 -0.00758508 -0.00608897 -0.00477186 -0.00362083 -0.00260983 -0.00169832 -0.000849739 -2.49071e-05 0.000809894 0.00169327 0.00266211 0.00375904 0.00501717 0.00646065 0.00807981 0.00983727 0.0116511 0.0134259 0.0150448 0.0164068 0.0173945 0.0179031 0.0178055 0.0170188 0.015495 0.0132909 0.0105051 0.00729669 0.00380779 0.000223669 -0.00326546 -0.00643451 -0.0091203 -0.0112237 -0.0127238 -0.013617 -0.0139173 -0.0136937 -0.0130653 -0.0121788 -0.011119 -0.0099667 -0.00879273 -0.00769965 -0.00671733 -0.00584503 -0.00507513 -0.00443421 -0.00392415 -0.00349649 -0.00313382 -0.00283727 -0.00261754 -0.00242344 -0.00224828 -0.00210695 -0.00199997 -0.00189774 -0.00179203 -0.00171907 -0.00165504 -0.00158663 -0.00152012 -0.00147719 -0.00143451 -0.00137708 -0.00134073 -0.00130847 -0.00126855 -0.00122779 -0.00120368 -0.0011769 -0.00113728 -0.00112013 -0.00110009 -0.00107238 -0.00105553 -0.00104138 -0.00102137 -0.00100057 -0.000994765 -0.000973994 -0.000948623 -0.000946293 -0.000933225 -0.000917921 -0.000908899 -0.00089597 -0.000892715 -0.000889095 -0.000876985 -0.000863461 -0.000856342 -0.000850374 -0.00084115 -0.000843267 -0.000838253 -0.000826515 -0.000829819 -0.000822539 -0.000815709 -0.000820469 -0.000810978 -0.000810181 -0.000811822 -0.000800997 -0.000809233 
0 6.69319e-06 3.47587e-05 4.07409e-05 4.5373e-05 7.86015e-05 8.6118e-05 9.01653e-05 0.000123785 0.000123173 0.000127817 0.000168405 0.000171915 0.000182268 0.000215286 0.000217673 0.000230071 0.000253237 0.000276896 0.00029766 0.000293933 0.000324576 0.000361501 0.000365242 0.000390786 0.000410794 0.000433893 0.00046629 0.000478515 0.000511463 0.000539634 0.000564906 0.000602983 0.000626807 0.000667073 0.000702182 0.000736133 0.000782365 0.000818268 0.000869691 0.00091541 0.000965926 0.00102866 0.00108353 0.00115362 0.00122349 0.00130508 0.00139169 0.00148179 0.00159697 0.0017134 0.00184986 0.00200607 0.00219427 0.00241618 0.00266915 0.00299431 0.00338656 0.00386886 0.00444827 0.00516424 0.00603538 0.00704873 0.0082201 0.00953124 0.0109739 0.0124517 0.0138885 0.0151748 0.0161994 0.0168091 0.0168372 0.0161788 0.0147502 0.0125477 0.00955708 0.00588419 0.00167155 -0.0028194 -0.00735398 -0.0116729 -0.0155686 -0.0188273 -0.0212849 -0.0228418 -0.0234862 -0.0233024 -0.0224032 -0.0209468 -0.0190581 -0.0169023 -0.0146008 -0.0123165 -0.0101363 -0.00816352 -0.00639991 -0.00486693 -0.00349976 -0.00228154 -0.00113076 -2.89361e-05 0.00110341 0.00228446 0.00359665 0.00506038 0.00674982 0.00865795 0.0108033 0.0131017 0.0154834 0.017793 0.0199133 0.0216754 0.0229541 0.0235803 0.0234254 0.0223667 0.0203737 0.017495 0.0138646 0.00967069 0.00511296 0.000438994 -0.00410949 -0.00824986 -0.0117941 -0.0145871 -0.0166029 -0.0178102 -0.0182654 -0.0180388 -0.017288 -0.0161642 -0.0148007 -0.013314 -0.0117975 -0.0103646 -0.00904869 -0.00788659 -0.00686446 -0.00600793 -0.00530036 -0.00471448 -0.00423209 -0.00383156 -0.00351824 -0.00324867 -0.00302523 -0.00283489 -0.00267602 -0.00254028 -0.0024103 -0.00230772 -0.00220912 -0.00212338 -0.00204402 -0.00196985 -0.00191055 -0.00184327 -0.00179199 -0.00173942 -0.0016895 -0.00164997 -0.00160115 -0.00156957 -0.00153056 -0.00149551 -0.00146949 -0.00143344 -0.0014157 -0.00138444 -0.00135759 -0.00134318 -0.00131506 -0.00130386 -0.00127408 -0.00125007 -0.00125625 -0.00123256 -0.00120856 -0.0011951 -0.00119112 -0.00119138 -0.0011578 -0.00115109 -0.00115577 -0.001125 -0.00112858 -0.00113246 -0.00110779 -0.00110906 -0.00110519 -0.0010936 -0.00109577 -0.00108797 -0.00108382 -0.00108372 -0.00107903 -0.00108036 -0.00107629 
0 3.22301e-05 2.46625e-05 5.84429e-05 7.86015e-05 6.9458e-05 0.000105922 0.000126004 0.000128105 0.000172701 0.000193637 0.000185419 0.000212651 0.000236023 0.000240251 0.000278595 0.000313484 0.000317102 0.000335185 0.000359004 0.000396443 0.000426427 0.000416192 0.000449604 0.000498787 0.000515633 0.000546012 0.000574311 0.000616761 0.000644669 0.000671702 0.000724471 0.000738011 0.000788258 0.000838865 0.000864955 0.00092895 0.000973105 0.00103823 0.00108632 0.00114974 0.00123421 0.00127752 0.00137198 0.00144851 0.00154007 0.00163515 0.0017369 0.00188093 0.0019901 0.00215955 0.00232951 0.00254075 0.00277586 0.00304845 0.00341177 0.00380493 0.00432405 0.00492206 0.00569227 0.00659479 0.00767822 0.00895829 0.0104097 0.0120531 0.013776 0.015583 0.0172877 0.0188319 0.0199876 0.0206406 0.0205853 0.0197009 0.017895 0.0151155 0.0114333 0.00691025 0.00180739 -0.00368158 -0.00917863 -0.0144652 -0.0191821 -0.0231634 -0.0261439 -0.0280811 -0.0288996 -0.0287296 -0.0276646 -0.025912 -0.0236212 -0.0209946 -0.018194 -0.0153909 -0.0127179 -0.0102621 -0.0080728 -0.00613331 -0.00442233 -0.00286699 -0.00142617 -1.65941e-05 0.00140103 0.0029109 0.00455467 0.00641279 0.00851528 0.0108996 0.0135351 0.0163616 0.0192602 0.0220773 0.0246488 0.0267792 0.028306 0.0290166 0.0287841 0.0274459 0.025019 0.0215011 0.0171086 0.0119816 0.00645911 0.000753811 -0.00474402 -0.00981828 -0.0141544 -0.0176496 -0.0201655 -0.0217254 -0.0223645 -0.0221949 -0.021387 -0.0200694 -0.0184664 -0.0166631 -0.0148657 -0.0130867 -0.0114706 -0.00999887 -0.00873833 -0.00765664 -0.00673524 -0.00599421 -0.00536297 -0.00487867 -0.00443593 -0.00410692 -0.00381758 -0.00358062 -0.0033732 -0.00318305 -0.00305424 -0.00289377 -0.00278094 -0.00266237 -0.00257095 -0.00247645 -0.00237495 -0.00232512 -0.00223459 -0.00217547 -0.0021156 -0.00206376 -0.00201767 -0.00195253 -0.00193494 -0.00187781 -0.00183438 -0.00181176 -0.00175942 -0.00173414 -0.0017014 -0.00167641 -0.00164068 -0.00161232 -0.00162262 -0.00158275 -0.00154588 -0.00154193 -0.00152669 -0.00151747 -0.00148078 -0.00145073 -0.00146381 -0.00145266 -0.00142955 -0.00143387 -0.00142053 -0.00138966 -0.00139448 -0.00139609 -0.00137059 -0.00137384 -0.00137393 -0.00135436 -0.00136117 -0.00135825 -0.00134792 -0.00135589 -0.00134542 
0 2.12621e-05 3.19334e-05 6.28924e-05 8.6118e-05 0.000105922 0.000135055 0.000146819 0.000166436 0.000188904 0.000202601 0.000237336 0.000268843 0.000288399 0.000312019 0.000332184 0.000350269 0.000374309 0.000417921 0.000441594 0.000449731 0.000499384 0.000533642 0.000557071 0.000599611 0.000616488 0.00065153 0.000698456 0.000727559 0.000764373 0.000810591 0.000866578 0.00090037 0.000953053 0.00102069 0.00105451 0.0011164 0.00118408 0.001242 0.00130346 0.00138171 0.00147506 0.00154044 0.00164215 0.00175718 0.00186045 0.0019773 0.00211503 0.00228028 0.00242559 0.0026139 0.00284114 0.00309114 0.00337449 0.00371838 0.00416365 0.00466731 0.00528652 0.00604684 0.00699154 0.00810534 0.00941012 0.0109503 0.0126997 0.0146289 0.0166436 0.0187049 0.0206647 0.0223755 0.023622 0.0242388 0.0240516 0.0229033 0.0206864 0.017351 0.0129792 0.00769341 0.00174266 -0.00461804 -0.0110231 -0.0171522 -0.0226457 -0.0272535 -0.0307452 -0.0330239 -0.0340487 -0.033905 -0.0327263 -0.0307125 -0.0280708 -0.0250178 -0.0217599 -0.018479 -0.0153321 -0.0124167 -0.00979389 -0.00745562 -0.0053779 -0.0034888 -0.00173128 -1.77931e-05 0.00171216 0.0035474 0.0055479 0.00779399 0.0103224 0.0131622 0.0162747 0.0195883 0.022965 0.0262397 0.0292113 0.0316662 0.0333862 0.0341555 0.0338053 0.0322091 0.0293521 0.0252802 0.0201709 0.0142377 0.00781413 0.00121796 -0.0051698 -0.0110635 -0.0161694 -0.0203152 -0.0233534 -0.0252804 -0.0261518 -0.0261055 -0.0252921 -0.0238741 -0.022062 -0.0200305 -0.0179546 -0.0158975 -0.0139706 -0.0122213 -0.0107107 -0.00939945 -0.00827449 -0.00734308 -0.0065839 -0.00596608 -0.00542314 -0.00499423 -0.00464219 -0.00434739 -0.0040733 -0.00384853 -0.0036756 -0.00349528 -0.00333978 -0.00320565 -0.00310191 -0.00297956 -0.00287236 -0.0028005 -0.00270829 -0.00262469 -0.00255086 -0.00249499 -0.00241906 -0.00235162 -0.00231625 -0.00225062 -0.00220138 -0.00216792 -0.00212798 -0.00208419 -0.00204774 -0.00202992 -0.00198423 -0.00195165 -0.00192832 -0.00188571 -0.00187747 -0.00185558 -0.00181368 -0.00180254 -0.00179764 -0.00178123 -0.00175502 -0.00173958 -0.00172175 -0.00169916 -0.00170162 -0.00168924 -0.00167228 -0.00167318 -0.00165539 -0.00164948 -0.0016491 -0.00163355 -0.00163714 -0.00162729 -0.00161404 -0.00162595 -0.0016179 
0 2.09101e-05 5.55488e-05 7.48046e-05 9.01653e-05 0.000126004 0.000146819 0.000165856 0.000209652 0.000226469 0.000240692 0.000285563 0.000302778 0.000321301 0.000366628 0.000391117 0.000415537 0.000448618 0.000484817 0.000520263 0.000534626 0.000576902 0.000623872 0.00064249 0.000691578 0.000729688 0.000765126 0.000825867 0.000855147 0.00090276 0.000960367 0.00100281 0.00106006 0.00111003 0.00118213 0.00123955 0.00129921 0.00139468 0.00145473 0.00153864 0.00163488 0.00172662 0.00182707 0.00192548 0.0020681 0.00218254 0.00231819 0.00249211 0.00266577 0.00286518 0.00307556 0.00336378 0.00366218 0.00400788 0.00444319 0.00496704 0.00560288 0.00633293 0.00727268 0.00839091 0.00972119 0.011257 0.0130461 0.0150802 0.0172574 0.0195396 0.0217982 0.0239561 0.0257541 0.0270245 0.0275388 0.0271611 0.0257088 0.0230576 0.019187 0.0141612 0.00819137 0.00147301 -0.00564468 -0.0128561 -0.0197115 -0.0258968 -0.031052 -0.0350152 -0.0376128 -0.038856 -0.0387653 -0.0375179 -0.035294 -0.032355 -0.0289308 -0.0252624 -0.021548 -0.0179536 -0.0146 -0.0115446 -0.00880896 -0.00634979 -0.00412009 -0.00202675 -1.2082e-06 0.00206073 0.00422923 0.00660359 0.00923947 0.012198 0.0154765 0.019045 0.0228042 0.026614 0.0302892 0.0336042 0.036325 0.038185 0.0389727 0.0384787 0.0366293 0.0333665 0.0288044 0.0230543 0.0164259 0.00920536 0.00183997 -0.0053464 -0.0119663 -0.0177907 -0.0225478 -0.0261186 -0.0284415 -0.0296029 -0.0297438 -0.0289963 -0.0275609 -0.0256087 -0.0234149 -0.0210913 -0.018797 -0.0165741 -0.0145625 -0.0127865 -0.0112372 -0.00990236 -0.00876579 -0.00786466 -0.00709109 -0.00645553 -0.00591434 -0.00549638 -0.00513701 -0.00480549 -0.00454906 -0.00431847 -0.00412732 -0.00392477 -0.00377338 -0.00363998 -0.00349079 -0.00337634 -0.00326311 -0.00317379 -0.00306503 -0.00298188 -0.00291903 -0.00282588 -0.00276834 -0.00270561 -0.0026452 -0.00258846 -0.00253123 -0.00249657 -0.0024336 -0.00239295 -0.00236229 -0.00231071 -0.00228974 -0.00224936 -0.00221181 -0.0022013 -0.00216687 -0.00213538 -0.00210954 -0.00209313 -0.0020769 -0.00203741 -0.00203109 -0.00202591 -0.00198995 -0.0019875 -0.00198052 -0.0019517 -0.00194829 -0.00194108 -0.00192681 -0.00192052 -0.00191056 -0.00190825 -0.00190441 -0.00189841 -0.0018995 -0.00189068 
0 3.82441e-05 4.86362e-05 8.48585e-05 0.000123785 0.000128105 0.000166436 0.000209652 0.000212423 0.000260702 0.000307715 0.000306436 0.000346844 0.000384726 0.000401027 0.000447908 0.000488001 0.000524954 0.000543061 0.000571778 0.000648819 0.000671022 0.000690282 0.000749224 0.000785979 0.000846613 0.000885792 0.000924457 0.000996482 0.00103693 0.00110008 0.0011561 0.00121195 0.00129138 0.00134511 0.00142951 0.00150497 0.00158565 0.00168393 0.00176591 0.00188219 0.00198327 0.00210083 0.00223322 0.0023669 0.0025261 0.00267986 0.00287883 0.00308368 0.00331263 0.00358436 0.00389597 0.00426693 0.0046799 0.00520428 0.0058289 0.00657836 0.00747569 0.00857177 0.00989835 0.0114356 0.0132243 0.0152624 0.0175446 0.019966 0.0224502 0.0248895 0.0271364 0.0289733 0.030165 0.0305294 0.0298853 0.0280835 0.0249837 0.0205826 0.0149723 0.0083646 0.00100119 -0.00679713 -0.01466 -0.0221615 -0.0289058 -0.0345686 -0.0389274 -0.0418524 -0.0432968 -0.0433093 -0.0420237 -0.0396608 -0.0364764 -0.0327469 -0.0287181 -0.0246148 -0.020607 -0.0168309 -0.0133561 -0.0102134 -0.00737171 -0.00477854 -0.00234381 2.00875e-05 0.00241979 0.00494617 0.00769672 0.0107365 0.0141145 0.0178221 0.0218143 0.0259795 0.0301706 0.0341818 0.0377806 0.0406922 0.0426472 0.0433937 0.0427552 0.0406331 0.0370239 0.0320021 0.0257351 0.0184929 0.0106397 0.00259604 -0.00524309 -0.0125247 -0.0189664 -0.0243088 -0.0283915 -0.0311454 -0.0326533 -0.0330317 -0.0324438 -0.0310486 -0.029076 -0.0267539 -0.0242682 -0.0217478 -0.0192919 -0.0170243 -0.0149864 -0.0132033 -0.0116384 -0.0103205 -0.00922289 -0.0083116 -0.00754586 -0.0069046 -0.00639384 -0.00594908 -0.00557955 -0.00525332 -0.00498796 -0.00474889 -0.00452774 -0.00434803 -0.00417071 -0.00402614 -0.00387629 -0.00375354 -0.0036399 -0.003523 -0.00343584 -0.00333219 -0.00325796 -0.0031748 -0.00309649 -0.00304001 -0.00296204 -0.00291201 -0.00284566 -0.00279529 -0.00275752 -0.00269006 -0.00265859 -0.00261459 -0.0025841 -0.00255914 -0.00249051 -0.00247535 -0.00246637 -0.00242508 -0.00238808 -0.00235422 -0.00235816 -0.00233303 -0.00229636 -0.00230785 -0.00227169 -0.00224139 -0.00225781 -0.00222919 -0.00221083 -0.00221769 -0.00219699 -0.002188 -0.00218742 -0.00217771 -0.00217443 -0.00217078 -0.00216713 
0 2.06637e-05 7.06304e-05 8.79363e-05 0.000123173 0.000172701 0.000188904 0.000226469 0.000260702 0.000278525 0.000321474 0.000358236 0.000398113 0.000442883 0.000470791 0.000504105 0.000533618 0.000574562 0.000628673 0.000669273 0.000706389 0.000740408 0.000806238 0.000867112 0.000886712 0.000945314 0.00100438 0.00104781 0.00111542 0.00117311 0.00123806 0.00130629 0.00138533 0.00146176 0.00152718 0.00162748 0.00170931 0.00179405 0.00190218 0.00200721 0.00212351 0.00223948 0.00238826 0.00253286 0.00268566 0.0028716 0.00306313 0.0032821 0.00351426 0.00379675 0.00410984 0.00446885 0.0049 0.00540461 0.00602167 0.00674778 0.00763988 0.00870392 0.00998831 0.0115083 0.0132784 0.0153147 0.0175949 0.0200994 0.0227204 0.025378 0.0279185 0.0301924 0.0319636 0.0330172 0.0331487 0.0321862 0.0299832 0.0264241 0.0215234 0.0153795 0.00822469 0.000301015 -0.00804398 -0.0164468 -0.0244524 -0.031671 -0.0377491 -0.0424731 -0.0456888 -0.0473521 -0.0474842 -0.0462202 -0.0437727 -0.0404169 -0.0364416 -0.0321125 -0.027665 -0.0232794 -0.0191038 -0.0152185 -0.0116704 -0.00843466 -0.00546739 -0.00267067 4.58318e-05 0.00280486 0.00570115 0.00884257 0.0122875 0.0160811 0.0201983 0.0245839 0.0291122 0.0336274 0.0379128 0.0417189 0.0447565 0.0467366 0.0474092 0.0465956 0.0442212 0.040283 0.0348797 0.0281713 0.0204548 0.0120867 0.00351485 -0.00487591 -0.0127051 -0.0196937 -0.0255597 -0.0301434 -0.0333551 -0.035255 -0.0359447 -0.0355762 -0.034327 -0.0324069 -0.0300543 -0.0274475 -0.0247641 -0.0221088 -0.0196146 -0.0173255 -0.0152945 -0.0135144 -0.0119884 -0.0106989 -0.0096122 -0.00871865 -0.00796154 -0.00733935 -0.00680806 -0.00637464 -0.00599725 -0.0056659 -0.00539011 -0.00514336 -0.00493025 -0.00472202 -0.00455807 -0.00440219 -0.00424825 -0.00411916 -0.00399781 -0.00388914 -0.00376779 -0.00367989 -0.00359207 -0.00349123 -0.00342165 -0.00334845 -0.00328147 -0.00321369 -0.00316126 -0.0031086 -0.00304543 -0.00301661 -0.00295679 -0.00289427 -0.00287491 -0.00283805 -0.00279243 -0.00274953 -0.00272632 -0.00271255 -0.00268204 -0.00265651 -0.00262042 -0.00259663 -0.00258498 -0.00255594 -0.00255101 -0.00253458 -0.00250575 -0.00250978 -0.00248956 -0.00247607 -0.00248533 -0.00245697 -0.00245025 -0.00245514 -0.00243325 -0.00244727 
0 2.02825e-05 9.13691e-05 0.000102722 0.000127817 0.000193637 0.000202601 0.000240692 0.000307715 0.000321474 0.000360836 0.000411287 0.000429105 0.000475294 0.000522961 0.000562504 0.00061735 0.000650762 0.00069449 0.00075321 0.000785112 0.000834114 0.000897589 0.000941803 0.000994264 0.00106023 0.00112826 0.00118345 0.00124546 0.00132786 0.00138415 0.00145629 0.00155146 0.00161716 0.00170801 0.00181415 0.00191037 0.00201419 0.00213062 0.00226815 0.00238162 0.00252116 0.00269142 0.00284143 0.00301887 0.00321888 0.00345081 0.0036847 0.00395474 0.00429435 0.00465275 0.00507783 0.00557768 0.00619489 0.00691181 0.00776129 0.00881118 0.0100554 0.0115392 0.0132538 0.0152643 0.0175339 0.0200394 0.0227249 0.025504 0.0282753 0.0308445 0.0330605 0.0346775 0.0355191 0.0353459 0.0340129 0.031369 0.0273548 0.0219876 0.0153812 0.00776423 -0.000610524 -0.00937882 -0.0181857 -0.0265676 -0.0341554 -0.0405713 -0.0456133 -0.0490939 -0.0509792 -0.0512553 -0.0500658 -0.0475965 -0.0441436 -0.0399873 -0.0354204 -0.0306742 -0.0259513 -0.0213982 -0.0171188 -0.0131644 -0.00953065 -0.00617226 -0.00299875 9.30841e-05 0.00322739 0.00651293 0.0100526 0.0139079 0.0181054 0.0226148 0.0273575 0.0322072 0.0369862 0.041481 0.0454161 0.0485087 0.0504478 0.0510073 0.0499992 0.0473836 0.0431478 0.0374258 0.0303672 0.022298 0.0135518 0.00458498 -0.00423593 -0.0125126 -0.0199606 -0.0262962 -0.0313558 -0.0350481 -0.037382 -0.0384509 -0.0383735 -0.0373611 -0.0355835 -0.0332854 -0.0306267 -0.027832 -0.0250236 -0.0223266 -0.0198051 -0.0175193 -0.0155223 -0.0137736 -0.012282 -0.0110035 -0.00996383 -0.00908538 -0.00833897 -0.00772126 -0.00720953 -0.00678499 -0.00638592 -0.00606759 -0.00579239 -0.00553694 -0.00530252 -0.00509943 -0.00493457 -0.00474633 -0.00459393 -0.00446736 -0.00433272 -0.0042106 -0.00410249 -0.00401662 -0.00390846 -0.0038199 -0.00375527 -0.00366063 -0.00358967 -0.00352992 -0.00345606 -0.00339316 -0.00334339 -0.00329944 -0.00323892 -0.00319544 -0.00317037 -0.00311684 -0.00307922 -0.00305273 -0.00300541 -0.00297772 -0.00294723 -0.00291774 -0.00291231 -0.00287609 -0.00284983 -0.00285086 -0.00281155 -0.00279672 -0.00280494 -0.00276397 -0.00275324 -0.00276194 -0.00273236 -0.00273868 -0.00274646 -0.00271688 -0.00272306 
0 5.0617e-05 6.66211e-05 0.000118895 0.000168405 0.000185419 0.000237336 0.000285563 0.000306436 0.000358236 0.000411287 0.000442979 0.000486561 0.000535285 0.000576604 0.000616315 0.000674277 0.00073376 0.00076092 0.000809329 0.000889827 0.000940333 0.000983326 0.00104292 0.00110724 0.00118088 0.00123973 0.00129844 0.00138508 0.00146206 0.00153493 0.00162364 0.00171421 0.00180715 0.00189969 0.00201279 0.0021242 0.00222778 0.00237025 0.00250489 0.00264127 0.00280489 0.00298165 0.00317103 0.00335831 0.00360179 0.00385765 0.00412191 0.00444645 0.00481719 0.00525007 0.00572167 0.00632002 0.0070351 0.00786488 0.00886493 0.010067 0.0115275 0.0131937 0.0151456 0.0173758 0.0198832 0.0225867 0.0254177 0.0283216 0.0311203 0.0336676 0.035712 0.0371214 0.0376438 0.0371198 0.0353459 0.0322443 0.0277765 0.0219769 0.0149845 0.00697653 -0.00172053 -0.0108148 -0.0198671 -0.0285327 -0.0363574 -0.0430671 -0.0483493 -0.0520976 -0.0541791 -0.0546474 -0.0535613 -0.0511537 -0.0476609 -0.0434045 -0.0386503 -0.0336617 -0.0286345 -0.0237342 -0.0190745 -0.0147182 -0.0106813 -0.00691645 -0.00334957 0.00014073 0.00366773 0.00736046 0.0113057 0.0155712 0.0201605 0.0250364 0.0301037 0.0352223 0.0402132 0.0448375 0.0488367 0.0518937 0.0537466 0.0541318 0.0529376 0.0500661 0.0455965 0.0395893 0.032304 0.0239714 0.0150138 0.00576128 -0.00333645 -0.0119704 -0.0197686 -0.0265172 -0.0320131 -0.0361816 -0.0389905 -0.0404756 -0.0407842 -0.0400623 -0.0385451 -0.0363608 -0.0337606 -0.0309015 -0.0280063 -0.0251443 -0.0224175 -0.0199103 -0.0176732 -0.0157259 -0.0139986 -0.0125447 -0.0113173 -0.0103062 -0.00942757 -0.00869316 -0.0081044 -0.00758783 -0.00714571 -0.00675417 -0.00644721 -0.00615435 -0.00588422 -0.00566681 -0.00546249 -0.0052761 -0.00509343 -0.00495104 -0.0048085 -0.00466093 -0.00454952 -0.00443352 -0.00432322 -0.0042237 -0.00413524 -0.00404993 -0.00395961 -0.00389658 -0.00383033 -0.00375183 -0.00369387 -0.00364052 -0.00359184 -0.00353728 -0.00347044 -0.00343705 -0.00341452 -0.00336018 -0.00331082 -0.00328706 -0.00326705 -0.00322954 -0.00319449 -0.00318287 -0.00315106 -0.00311773 -0.00311845 -0.00309267 -0.00306362 -0.00307107 -0.00305044 -0.00302724 -0.00303522 -0.00301618 -0.00300047 -0.00301322 -0.00300031 
0 4.57641e-05 7.99161e-05 0.000131363 0.000171915 0.000212651 0.000268843 0.000302778 0.000346844 0.000398113 0.000429105 0.000486561 0.000544419 0.000584583 0.00064259 0.000689038 0.000726823 0.000781154 0.000851125 0.000916892 0.00095565 0.00101449 0.0010912 0.00115894 0.00122765 0.0012797 0.00135742 0.00144617 0.0015145 0.00160278 0.00168903 0.00178722 0.0018867 0.00198394 0.00210328 0.00221008 0.00233777 0.00246712 0.00260516 0.00276326 0.00291348 0.00310129 0.00328936 0.00349842 0.00372846 0.00398308 0.00427916 0.00458124 0.00495758 0.00538027 0.00587069 0.00643871 0.00712219 0.00795865 0.00891577 0.0100823 0.0114665 0.0131208 0.0150094 0.0171757 0.0196395 0.022338 0.0252145 0.0281512 0.0311077 0.0338747 0.0362895 0.0381122 0.0392034 0.0393617 0.038398 0.0361677 0.0325852 0.027692 0.0215067 0.0141945 0.00590516 -0.00301915 -0.0122898 -0.021488 -0.0302884 -0.0382826 -0.0451783 -0.0506829 -0.0546415 -0.0569474 -0.0576037 -0.0566944 -0.0543897 -0.0509497 -0.0466442 -0.04178 -0.0365863 -0.0313067 -0.0260793 -0.0210663 -0.0163086 -0.0118707 -0.00768217 -0.0037077 0.000206116 0.00414183 0.00826129 0.0126144 0.0172927 0.0222524 0.0274768 0.032822 0.038173 0.043303 0.0480033 0.0519727 0.0549422 0.0566258 0.0568242 0.0554028 0.0523178 0.0476197 0.0414227 0.0339668 0.0255145 0.0164413 0.0070621 -0.00221079 -0.0110711 -0.0191423 -0.0262315 -0.0321237 -0.0367644 -0.0400522 -0.042025 -0.0427629 -0.0424402 -0.0412336 -0.0392823 -0.0368041 -0.0339762 -0.0310362 -0.0280527 -0.0251669 -0.0224426 -0.0199908 -0.0178055 -0.0158693 -0.0142061 -0.0127884 -0.0116158 -0.0105929 -0.00975127 -0.00904338 -0.00845204 -0.00793989 -0.00749314 -0.00713217 -0.00679277 -0.0065071 -0.00624232 -0.00601578 -0.00580786 -0.00560798 -0.00544375 -0.00527387 -0.00513263 -0.00499039 -0.00486138 -0.00475007 -0.00463029 -0.0045355 -0.00443791 -0.00435375 -0.00426735 -0.00418514 -0.00413164 -0.00405342 -0.00398154 -0.00392232 -0.00386941 -0.00382928 -0.00376369 -0.00370705 -0.00367622 -0.00365123 -0.00361212 -0.00355834 -0.00353484 -0.00350464 -0.00346446 -0.00345611 -0.00342837 -0.00339703 -0.00338686 -0.00336138 -0.00334859 -0.00334256 -0.00332172 -0.00331303 -0.00330027 -0.00328644 -0.00328883 -0.00328398 
0 4.32417e-05 9.43174e-05 0.000144756 0.000182268 0.000236023 0.000288399 0.000321301 0.000384726 0.000442883 0.000475294 0.000535285 0.000584583 0.000623281 0.000690056 0.000753896 0.000813249 0.000867122 0.000925766 0.000988174 0.00104043 0.00112213 0.00118567 0.00124313 0.00134051 0.00140297 0.00149124 0.00159135 0.00165126 0.0017575 0.00185341 0.00194761 0.00205625 0.00216191 0.00230219 0.0024099 0.00255547 0.00271689 0.00285094 0.00303564 0.00320752 0.00340978 0.00361478 0.00384082 0.00411639 0.00437877 0.00471424 0.00507061 0.00549381 0.00598184 0.00653659 0.00722394 0.00800318 0.00896852 0.0100824 0.0114261 0.0130132 0.0148538 0.0169829 0.0193582 0.0220373 0.0248929 0.0278966 0.0309005 0.0338268 0.03649 0.0386731 0.0402108 0.0408989 0.0406304 0.0391689 0.0364599 0.0324062 0.0271107 0.0205998 0.0130304 0.0045728 -0.00447932 -0.0137892 -0.0230319 -0.0318424 -0.0399276 -0.0469214 -0.0526103 -0.0567419 -0.0592787 -0.0601379 -0.0594543 -0.0573099 -0.0539925 -0.0497056 -0.0447904 -0.0394459 -0.0339514 -0.0284335 -0.0230821 -0.0179396 -0.0130921 -0.0084766 -0.00406875 0.000281222 0.00465314 0.00920522 0.0139789 0.0190566 0.0243759 0.029914 0.0355032 0.0410333 0.0462456 0.0509518 0.0548191 0.0576341 0.0590898 0.059071 0.0574035 0.0541264 0.0492273 0.0429155 0.0353603 0.026906 0.0178165 0.00845042 -0.000889726 -0.00984695 -0.018113 -0.025462 -0.0317124 -0.0367912 -0.0405624 -0.0430596 -0.0442837 -0.0444387 -0.0436057 -0.0419857 -0.0397087 -0.0370103 -0.0340753 -0.0310299 -0.0280247 -0.0251193 -0.0224655 -0.0200324 -0.017895 -0.0160072 -0.014395 -0.0130292 -0.0118576 -0.0108969 -0.0100549 -0.00937858 -0.00878309 -0.00828705 -0.00785311 -0.00746548 -0.00715739 -0.00684182 -0.00658738 -0.00634609 -0.00613543 -0.00594038 -0.00574414 -0.00560902 -0.00543943 -0.00530114 -0.00518535 -0.00505672 -0.00495108 -0.004833 -0.00475421 -0.00465108 -0.00454867 -0.00449314 -0.0043982 -0.00433596 -0.00428003 -0.00420084 -0.00415946 -0.00410721 -0.00405519 -0.00400565 -0.00395411 -0.0039153 -0.00386516 -0.00384583 -0.0038209 -0.003766 -0.00375447 -0.00373045 -0.00369011 -0.00369018 -0.00366554 -0.00362799 -0.00362252 -0.00360736 -0.00359255 -0.00359754 -0.00359223 -0.00357556 -0.00356771 
0 6.64904e-05 8.7989e-05 0.000156654 0.000215286 0.000240251 0.000312019 0.000366628 0.000401027 0.000470791 0.000522961 0.000576604 0.00064259 0.000690056 0.000757032 0.000807803 0.000857674 0.000954638 0.00100406 0.00105016 0.00115548 0.00122588 0.00128511 0.00136246 0.00144539 0.00153713 0.00160904 0.00170762 0.00180564 0.00189603 0.00202765 0.00212189 0.00223544 0.00238113 0.00249557 0.00263673 0.00278248 0.00295096 0.00311326 0.00328488 0.00351407 0.00371086 0.00394782 0.00421834 0.00450827 0.0048308 0.0051767 0.00561942 0.0060821 0.00663159 0.00728788 0.00806117 0.00898614 0.010053 0.0113693 0.0128904 0.0146846 0.0167393 0.0190822 0.0217026 0.0245292 0.0275473 0.0306027 0.0336405 0.0364527 0.0389208 0.0408087 0.04196 0.0422128 0.0414118 0.0394541 0.0362133 0.0317445 0.0260496 0.0192894 0.0115212 0.00299884 -0.00606777 -0.0153175 -0.0244809 -0.0332316 -0.0412895 -0.0483473 -0.0541303 -0.0584508 -0.0611723 -0.0622977 -0.0618346 -0.0599471 -0.0567729 -0.0526088 -0.0476629 -0.0422555 -0.0365528 -0.0308105 -0.0251116 -0.0196267 -0.0143407 -0.00931749 -0.00443163 0.000346356 0.00520018 0.0101686 0.0153937 0.0208322 0.0265211 0.0323098 0.0381352 0.0437583 0.0490296 0.0536362 0.0573735 0.0599297 0.0611508 0.0608388 0.0589581 0.055458 0.0504384 0.0440341 0.0364964 0.0281012 0.0191249 0.00986642 0.000591028 -0.00835118 -0.0167222 -0.0242412 -0.030816 -0.0362574 -0.0405318 -0.0435265 -0.0453254 -0.0459744 -0.0456187 -0.0443797 -0.0424136 -0.0399304 -0.0370682 -0.0340462 -0.0309452 -0.0279471 -0.0250767 -0.0224491 -0.0200808 -0.0179879 -0.0161685 -0.0145777 -0.013265 -0.0121273 -0.0111777 -0.0103556 -0.00968449 -0.00911667 -0.00859357 -0.00817576 -0.00779881 -0.0074796 -0.00716703 -0.00690981 -0.00669328 -0.00645168 -0.00626537 -0.00608524 -0.00592001 -0.00575492 -0.00560824 -0.00549582 -0.0053449 -0.00523833 -0.00514206 -0.00502848 -0.00495027 -0.0048557 -0.00477318 -0.00470157 -0.00463356 -0.00456545 -0.00447339 -0.00443766 -0.00439864 -0.00431049 -0.00427635 -0.00424634 -0.00419561 -0.00415959 -0.00411353 -0.0040906 -0.00406037 -0.00401167 -0.00400579 -0.00397676 -0.00393734 -0.00395024 -0.00392644 -0.00389305 -0.00390395 -0.00387394 -0.00385038 -0.00387315 -0.00385589 
0 5.1679e-05 0.000112744 0.000163051 0.000217673 0.000278595 0.000332184 0.000391117 0.000447908 0.000504105 0.000562504 0.000616315 0.000689038 0.000753896 0.000807803 0.000888582 0.000944093 0.000996811 0.0010896 0.001167 0.00123744 0.00130094 0.00138259 0.00149613 0.00156737 0.00164878 0.00175209 0.00184912 0.00196225 0.00205618 0.00218015 0.00230285 0.00241767 0.00257601 0.00270257 0.00285782 0.00303034 0.00319859 0.00339092 0.00357865 0.00382249 0.00404559 0.0042978 0.00460896 0.00491879 0.00528455 0.00568043 0.00617872 0.00671623 0.00733702 0.00811068 0.00899833 0.0100641 0.0112884 0.0127928 0.0145253 0.016516 0.0187939 0.0213453 0.0241685 0.0271274 0.0302308 0.0333084 0.0362782 0.0389161 0.0410866 0.0426117 0.0433089 0.0430603 0.0416973 0.0392028 0.0354668 0.0305898 0.0245739 0.017599 0.00973998 0.00123012 -0.00772416 -0.0168248 -0.0258059 -0.0344151 -0.0423667 -0.0494158 -0.0552539 -0.0597257 -0.0626458 -0.064036 -0.0638485 -0.0622428 -0.0592934 -0.0552874 -0.0503957 -0.0449508 -0.0391112 -0.0331523 -0.0271589 -0.0213189 -0.0156259 -0.0101608 -0.00481033 0.000440729 0.00576483 0.0111867 0.0168357 0.0226514 0.0286604 0.0346952 0.040688 0.0463808 0.0516264 0.0560981 0.0596196 0.0618889 0.0628116 0.0622014 0.0600806 0.0563872 0.0512721 0.0448441 0.0373929 0.0291382 0.0203673 0.0113053 0.00221612 -0.00662429 -0.0149861 -0.0226282 -0.0294401 -0.0352262 -0.0399487 -0.0434685 -0.0458519 -0.0470606 -0.0472367 -0.0464515 -0.0448896 -0.0426925 -0.0400095 -0.0370515 -0.0339402 -0.0308654 -0.0278362 -0.0250164 -0.0224234 -0.0201259 -0.0180776 -0.0162787 -0.0147745 -0.0134738 -0.0123854 -0.0114261 -0.0106619 -0.0100004 -0.00941378 -0.00892749 -0.00849758 -0.00814311 -0.00778309 -0.00750041 -0.00724318 -0.00698769 -0.00677651 -0.00656774 -0.00640009 -0.00621322 -0.00606045 -0.00592772 -0.00577431 -0.005666 -0.0055401 -0.00542908 -0.00533181 -0.0052344 -0.00515625 -0.00504721 -0.00497537 -0.00492343 -0.00484437 -0.00477364 -0.00470177 -0.00466716 -0.00462623 -0.00455146 -0.0045146 -0.00447411 -0.00442473 -0.00439781 -0.0043644 -0.00433405 -0.00430287 -0.004274 -0.00425796 -0.00423131 -0.00421368 -0.00420395 -0.00417989 -0.00417064 -0.00416563 -0.00414915 -0.00415029 
0 4.31877e-05 0.000128997 0.000171639 0.000230071 0.000313484 0.000350269 0.000415537 0.000488001 0.000533618 0.00061735 0.000674277 0.000726823 0.000813249 0.000857674 0.000944093 0.0010417 0.00108185 0.00117459 0.00124982 0.00131065 0.00142345 0.00149953 0.00158908 0.00168422 0.00177853 0.00190693 0.0019907 0.00210885 0.00223587 0.00233829 0.00249201 0.00261484 0.00276409 0.00292977 0.00308248 0.00328216 0.00345632 0.00367007 0.00389666 0.00412778 0.00440458 0.00467448 0.00501606 0.0053685 0.0057662 0.00624476 0.00677554 0.00741243 0.00812308 0.00900992 0.0100408 0.0112397 0.0126725 0.0143482 0.0163137 0.0185034 0.0210026 0.0237597 0.0267289 0.0298109 0.0329199 0.035982 0.0387786 0.0411767 0.0429639 0.0440524 0.0442417 0.0434231 0.0414936 0.0384289 0.0342502 0.0289726 0.0227189 0.0155677 0.00772078 -0.000701277 -0.00943644 -0.0183045 -0.0270247 -0.0354116 -0.0431985 -0.0501599 -0.056028 -0.0606023 -0.0637442 -0.0653824 -0.0655274 -0.0642097 -0.0615656 -0.0577389 -0.052989 -0.0475247 -0.0416242 -0.0354519 -0.0292215 -0.0230118 -0.0169479 -0.0110066 -0.00520995 0.00055891 0.0063362 0.012248 0.0182872 0.0244969 0.0307705 0.0370485 0.0431333 0.0488765 0.0540064 0.0583174 0.0615366 0.0635065 0.0640652 0.0631663 0.0607693 0.0569226 0.0517229 0.0453465 0.0380309 0.0299993 0.0215026 0.0127227 0.00391989 -0.00473171 -0.012975 -0.0206825 -0.027635 -0.0337381 -0.0388338 -0.0428888 -0.0458318 -0.0476551 -0.0483954 -0.0481385 -0.0470521 -0.0452163 -0.0428198 -0.0399859 -0.0369604 -0.0338326 -0.0307248 -0.0277287 -0.0249418 -0.0224354 -0.0201535 -0.018163 -0.0164244 -0.014965 -0.0136964 -0.0126116 -0.0117196 -0.0109427 -0.010299 -0.00971605 -0.0092441 -0.00882021 -0.0084355 -0.00811682 -0.00780366 -0.00755402 -0.0072988 -0.00707912 -0.00688683 -0.00668738 -0.00653555 -0.0063586 -0.0062226 -0.00609041 -0.00594407 -0.00584849 -0.00571521 -0.00561204 -0.00552719 -0.00542736 -0.00535219 -0.00525145 -0.00519862 -0.00514003 -0.00504809 -0.00501418 -0.00493626 -0.00486926 -0.00485251 -0.00478931 -0.0047522 -0.00471327 -0.00466068 -0.00465248 -0.00461193 -0.00458228 -0.00457519 -0.00451971 -0.00450335 -0.00450517 -0.00446803 -0.0044756 -0.00447948 -0.00444061 -0.00444496 
0 6.92283e-05 0.000133231 0.000191278 0.000253237 0.000317102 0.000374309 0.000448618 0.000524954 0.000574562 0.000650762 0.00073376 0.000781154 0.000867122 0.000954638 0.000996811 0.00108185 0.0011781 0.00125227 0.00134291 0.00142296 0.0015257 0.00162892 0.00169316 0.00180757 0.00192957 0.00201869 0.00213764 0.00226643 0.00239992 0.00252964 0.0026742 0.00283659 0.00297634 0.00315526 0.00334122 0.00351721 0.00373298 0.00395629 0.00420469 0.0044623 0.00475854 0.00509379 0.00544028 0.00585507 0.00631184 0.00684549 0.00745606 0.00816516 0.00901533 0.0100021 0.011187 0.0125576 0.0141839 0.0160741 0.0182326 0.0206649 0.0233516 0.0262963 0.0293723 0.0325167 0.0356034 0.0385351 0.0411127 0.0431527 0.0445223 0.0450816 0.0447237 0.0432937 0.0407851 0.0371811 0.032568 0.0269681 0.0205014 0.0132845 0.00549111 -0.00272113 -0.0111897 -0.0197201 -0.0281374 -0.0362195 -0.0437941 -0.050606 -0.0564641 -0.0611224 -0.0644706 -0.0663796 -0.0668574 -0.0658794 -0.0635552 -0.0599839 -0.0553974 -0.0499948 -0.0440442 -0.0377289 -0.0312541 -0.0247281 -0.0182658 -0.0118833 -0.00559598 0.000665371 0.00694161 0.0133099 0.0197696 0.0263212 0.0328687 0.0393198 0.0454865 0.051196 0.0561874 0.0602549 0.0631541 0.0647642 0.0649565 0.0637355 0.0610745 0.0570786 0.0518312 0.0455557 0.0384255 0.0306902 0.0225119 0.0141096 0.00564178 -0.00270133 -0.0107771 -0.0184274 -0.0254837 -0.0318039 -0.0372527 -0.0417805 -0.0452798 -0.047723 -0.0490603 -0.049404 -0.0488284 -0.0474634 -0.0454043 -0.0428278 -0.039928 -0.0368375 -0.0336934 -0.0305761 -0.0276374 -0.0249034 -0.0224296 -0.0202095 -0.0182658 -0.0165921 -0.0151416 -0.0139194 -0.0128604 -0.0119785 -0.0112209 -0.0105769 -0.0100201 -0.00952994 -0.0091278 -0.008747 -0.00841706 -0.00812503 -0.00786292 -0.00761855 -0.00738257 -0.00719776 -0.00699813 -0.00681465 -0.00666624 -0.00650812 -0.00636803 -0.00624114 -0.00613413 -0.00601122 -0.0058964 -0.00583041 -0.00572501 -0.00562067 -0.0055541 -0.00547435 -0.00540644 -0.00533128 -0.00526931 -0.00523863 -0.00516912 -0.00510727 -0.00508323 -0.00503847 -0.00498897 -0.00495314 -0.00492075 -0.00488253 -0.00485432 -0.0048548 -0.00482882 -0.00479523 -0.00479639 -0.00476136 -0.00473479 -0.0047584 -0.00474091 
