0 0 0 0 0 0 0 0 0 0 0 0 0 0 0 0 0 0 0 0 0 0 0 0 0 0 0 0 0 0 0 0 0 0 0 0 0 0 0 0 0 0 0 0 0 0 0 0 0 0 0 0 0 0 0 0 0 0 0 0 0 0 0 0 0 0 0 0 0 0 0 0 0 0 0 0 0 0 0 0 0 0 0 0 0 0 0 0 0 0 0 0 0 0 0 0 0 0 0 0 0 0 0 0 0 0 0 0 0 0 0 0 0 0 0 0 0 0 0 0 0 0 0 0 0 0 0 0 0 0 0 0 0 0 0 0 0 0 0 0 0 0 0 0 0 0 0 0 0 0 0 0 0 0 0 0 0 0 0 0 0 0 0 0 0 0 0 0 0 0 0 0 0 0 0 0 0 0 0 0 0 0 0 0 0 0 0 0 0 0 0 0 0 0 0 0 0 0 0 0 
0 -1.29622e-05 3.8907e-05 3.72439e-05 3.14838e-05 8.9236e-05 9.01532e-05 6.64346e-05 0.000103902 0.000124105 0.000131911 0.000155349 0.000153844 0.000180849 0.000223332 0.000212693 0.000221071 0.000262713 0.00027865 0.000297766 0.00033336 0.000364893 0.000390458 0.000418397 0.00046168 0.000500931 0.000535207 0.000599562 0.00067696 0.000741222 0.000833163 0.000962242 0.00108974 0.00124201 0.00144105 0.00168263 0.00196091 0.00226386 0.00264119 0.00305856 0.00347103 0.00390223 0.00431079 0.00468688 0.00494761 0.00506078 0.00504139 0.00480792 0.00436402 0.00365708 0.00274275 0.00166509 0.000420645 -0.000897266 -0.00227233 -0.00355207 -0.00470539 -0.00567136 -0.00641269 -0.00693418 -0.00715508 -0.00714822 -0.00687946 -0.00646782 -0.00591923 -0.00529756 -0.00463644 -0.00394155 -0.00329816 -0.00267259 -0.00216483 -0.00170137 -0.00135617 -0.00104885 -0.000822868 -0.000630229 -0.000482335 -0.000374804 -0.000281749 -0.000236542 -0.000179685 -0.000173363 -0.000136198 -0.000148989 -0.000120913 -0.000140404 -0.000116862 -0.000136899 -0.000116713 -0.00013474 -0.000117798 -0.000132989 -0.000119177 -0.000131523 -0.00012047 -0.000130383 -0.00012149 -0.000129609 -0.000122134 -0.000129218 -0.000122354 -0.000129218 -0.000122134 -0.000129609 -0.00012149 -0.000130383 -0.000120469 -0.000131519 -0.000119165 -0.000132956 -0.000117712 -0.000134527 -0.000116199 -0.000135711 -0.000114222 -0.000134773 -0.000109385 -0.000126367 -9.36709e-05 -9.68215e-05 -4.78378e-05 -1.91548e-05 6.15776e-05 0.000145435 0.000276151 0.000438224 0.000639267 0.000906775 0.00121453 0.00163125 0.00209762 0.00269227 0.00331965 0.00402952 0.00472067 0.00540942 0.00603849 0.00657466 0.00699324 0.00718739 0.0071675 0.00683797 0.00627665 0.00545033 0.00441623 0.00319302 0.00181894 0.000427165 -0.000949381 -0.00219044 -0.00331216 -0.00423917 -0.00492543 -0.00537658 -0.00558229 -0.0056326 -0.00549587 -0.00521719 -0.00484991 -0.00443331 -0.00402071 -0.00357388 -0.00315401 -0.00278987 -0.00245886 -0.00216532 -0.00190094 -0.00170115 -0.00153728 -0.00137597 -0.00125925 -0.00117719 -0.00109457 -0.00102067 -0.000969437 -0.000926131 -0.000875549 -0.000830257 -0.000806856 -0.000779368 -0.000738632 -0.000733426 -0.000728814 -0.000684544 -0.000671369 -0.000672632 -0.000646328 -0.000634096 -0.000612998 -0.000600236 -0.00063115 -0.000613606 -0.000570302 -0.000587773 -0.000585204 -0.000557542 -0.000579987 -0.000583827 -0.000554865 -0.000567245 
0 3.8907e-05 5.64129e-05 7.00787e-05 0.000106075 0.000123736 0.000133147 0.000194013 0.000232747 0.000222789 0.000261711 0.000312625 0.000328629 0.00035918 0.000391992 0.000433933 0.000486524 0.000519271 0.000568683 0.000608725 0.000647144 0.000727587 0.000768143 0.000827635 0.000942129 0.00100413 0.00109732 0.00122835 0.0013457 0.00150332 0.00167157 0.00191149 0.00219727 0.00249059 0.00291645 0.00340175 0.00394819 0.00459338 0.00530928 0.00613891 0.00695644 0.00778298 0.00860817 0.00930062 0.00982504 0.0100436 0.00997446 0.00952581 0.00860015 0.0072303 0.00540006 0.00325634 0.00080179 -0.00183958 -0.00451861 -0.00708916 -0.00935105 -0.0112854 -0.0127583 -0.0137718 -0.0142429 -0.0141972 -0.0137157 -0.0128679 -0.0118101 -0.0105574 -0.00924638 -0.00787772 -0.00657665 -0.00536736 -0.00431437 -0.00343246 -0.00269688 -0.00212149 -0.00163516 -0.00127624 -0.000965594 -0.00075785 -0.000577185 -0.000474046 -0.000383547 -0.000341846 -0.000304063 -0.000289709 -0.00027805 -0.000271474 -0.000271809 -0.00026499 -0.000271188 -0.000262058 -0.000271587 -0.000260256 -0.00027189 -0.000258981 -0.000271977 -0.000258086 -0.000271937 -0.000257516 -0.000271869 -0.00025724 -0.000271839 -0.00025724 -0.000271869 -0.000257516 -0.000271937 -0.000258085 -0.000271974 -0.000258971 -0.000271862 -0.00026018 -0.000271392 -0.000261578 -0.000270046 -0.000262378 -0.000266066 -0.000259342 -0.000253451 -0.000241868 -0.000214885 -0.000182595 -0.00011118 -2.78051e-05 0.000123781 0.000299684 0.000571189 0.000883752 0.00131671 0.00182342 0.00248486 0.0032778 0.00425434 0.00539603 0.00667341 0.00805418 0.00943234 0.0107972 0.0120204 0.0130997 0.0138735 0.0142828 0.014194 0.0135708 0.0124411 0.0108058 0.00877212 0.00632995 0.00366354 0.000885038 -0.00180397 -0.00428298 -0.00650574 -0.00832596 -0.00972962 -0.0106154 -0.0110835 -0.0111837 -0.010929 -0.0104195 -0.00967937 -0.00888719 -0.00803867 -0.00715861 -0.00634196 -0.0055803 -0.00494399 -0.00434746 -0.00383086 -0.00344747 -0.00308831 -0.00279859 -0.0025521 -0.00235535 -0.0022077 -0.00203268 -0.00193101 -0.00185344 -0.00173948 -0.00168388 -0.00162703 -0.00156241 -0.00151674 -0.0014559 -0.00142205 -0.00138527 -0.00134475 -0.00133419 -0.00128855 -0.00126464 -0.00128424 -0.00123302 -0.00118271 -0.00120036 -0.00119058 -0.00116671 -0.00117127 -0.00115879 -0.00113655 -0.00113264 -0.00113338 -0.00113143 
0 3.72439e-05 7.00787e-05 0.000113757 0.000161495 0.000192574 0.000226859 0.000277674 0.000317266 0.000352427 0.000404262 0.000453135 0.00049801 0.000550133 0.000600962 0.00065749 0.000716635 0.00077489 0.000847214 0.000917954 0.000993237 0.00108795 0.00117186 0.0012699 0.00139749 0.00151569 0.00165981 0.00184251 0.00204004 0.00227879 0.00256229 0.00291305 0.00333506 0.00381907 0.00443092 0.00515791 0.00598521 0.00695003 0.00803353 0.00922834 0.0104609 0.0116828 0.012865 0.0138639 0.0145801 0.0148946 0.014729 0.0140083 0.0126101 0.0105527 0.00786426 0.00465969 0.00104774 -0.00284387 -0.00677013 -0.0105334 -0.0138891 -0.0167246 -0.0189222 -0.0203957 -0.0211165 -0.0210682 -0.0203885 -0.0191733 -0.0176082 -0.0157845 -0.0138257 -0.0118302 -0.00988648 -0.00811166 -0.00652966 -0.00521206 -0.00410244 -0.00322342 -0.00249818 -0.00193563 -0.0014847 -0.00114444 -0.000892679 -0.000708048 -0.000591399 -0.000502175 -0.000462318 -0.000420488 -0.000415884 -0.000393033 -0.000401359 -0.000385072 -0.000396849 -0.000383102 -0.000394965 -0.000382814 -0.000393742 -0.000382985 -0.000392795 -0.000383252 -0.000392093 -0.000383482 -0.00039166 -0.00038361 -0.000391514 -0.00038361 -0.00039166 -0.000383482 -0.000392092 -0.00038325 -0.000392787 -0.000382965 -0.000393689 -0.000382674 -0.000394611 -0.000382242 -0.000394837 -0.00038054 -0.000391544 -0.000372604 -0.000375046 -0.000342143 -0.000318156 -0.000247832 -0.000161186 -1.01151e-05 0.000194417 0.000484406 0.000870061 0.00136231 0.00199883 0.00277791 0.00376997 0.00496372 0.00643012 0.00811512 0.0100237 0.0120426 0.0141048 0.0160992 0.017924 0.0194842 0.0206081 0.0211816 0.0210268 0.0201195 0.0184307 0.016034 0.0130006 0.00942262 0.00550054 0.00142326 -0.00253497 -0.0062248 -0.00948845 -0.0122011 -0.0142749 -0.01564 -0.0163819 -0.0165464 -0.0162231 -0.015496 -0.0144718 -0.0133117 -0.0120613 -0.0107987 -0.00958583 -0.0084694 -0.00748859 -0.00660077 -0.00584111 -0.00521567 -0.00467963 -0.00423682 -0.00386398 -0.00356651 -0.00332271 -0.00309758 -0.00292734 -0.00278322 -0.0026412 -0.00253269 -0.00243476 -0.00234456 -0.00227146 -0.00220002 -0.00214171 -0.00208757 -0.00203364 -0.00199508 -0.00194871 -0.00190488 -0.00188471 -0.00185233 -0.00181588 -0.00180443 -0.00178565 -0.00175504 -0.00174199 -0.00173341 -0.00171777 -0.00171005 -0.00170699 -0.00169738 
0 3.14838e-05 0.000106075 0.000161495 0.000189652 0.000264534 0.000337298 0.000349731 0.000402261 0.000498344 0.000545308 0.000593105 0.000666661 0.000734779 0.000819697 0.000882945 0.000944893 0.00104998 0.00112922 0.00122752 0.00135148 0.00143844 0.00158279 0.00173012 0.00185081 0.00205484 0.00224932 0.00247202 0.00277155 0.00307831 0.00349258 0.00396102 0.0045113 0.00522864 0.00601705 0.00699105 0.0081212 0.00938454 0.0108428 0.0123586 0.0139795 0.0155756 0.0170351 0.018304 0.0191405 0.0195134 0.0192136 0.018161 0.0163058 0.0135533 0.0100614 0.00583426 0.00112012 -0.0039179 -0.00902317 -0.0138659 -0.0182772 -0.021948 -0.0248371 -0.0267518 -0.0277043 -0.0277045 -0.0268399 -0.0253329 -0.023275 -0.0209351 -0.0183531 -0.0157656 -0.0132202 -0.0108845 -0.00881013 -0.00702897 -0.00557189 -0.00435146 -0.00340951 -0.0026147 -0.00203874 -0.00155112 -0.00123092 -0.000963382 -0.000810079 -0.000684552 -0.000621975 -0.000574296 -0.000549389 -0.000538749 -0.000523874 -0.000529929 -0.000514606 -0.000528716 -0.000510513 -0.000529056 -0.000508256 -0.000529448 -0.000506883 -0.000529662 -0.000506062 -0.000529743 -0.00050563 -0.000529763 -0.000505496 -0.000529763 -0.00050563 -0.000529743 -0.000506061 -0.000529657 -0.00050687 -0.000529412 -0.000508161 -0.000528813 -0.000509912 -0.000527285 -0.00051132 -0.000522665 -0.000508428 -0.00050717 -0.000487359 -0.00045729 -0.000410124 -0.000316429 -0.000196079 2.02784e-05 0.00028473 0.000699886 0.00119366 0.00189129 0.00271622 0.00380642 0.005108 0.00673895 0.00866122 0.0108971 0.0133894 0.0160195 0.0187268 0.0213004 0.0237006 0.0256623 0.0271095 0.0277714 0.0275548 0.0263536 0.0241406 0.0210301 0.0170377 0.0124319 0.00732885 0.00208494 -0.00307438 -0.00790123 -0.012144 -0.015728 -0.0184363 -0.0203349 -0.0213752 -0.0216597 -0.0213279 -0.0204303 -0.0192142 -0.0177084 -0.016103 -0.0144907 -0.0128927 -0.0114542 -0.0101034 -0.00894209 -0.00794541 -0.00705136 -0.00635172 -0.00573262 -0.00523237 -0.00482851 -0.0044549 -0.00419797 -0.00394247 -0.00371537 -0.00356848 -0.00339065 -0.00325686 -0.00314957 -0.0030274 -0.0029575 -0.00287027 -0.0027836 -0.00273029 -0.00265437 -0.00261341 -0.00256913 -0.00248058 -0.00246857 -0.00247331 -0.00240076 -0.00236202 -0.0023638 -0.00232635 -0.00230015 -0.00230807 -0.00229339 -0.00226786 -0.00226972 
0 8.9236e-05 0.000123736 0.000192574 0.000264534 0.000303034 0.000387031 0.000475377 0.000532126 0.000611484 0.000676614 0.000745232 0.00085513 0.000923774 0.000991174 0.00111653 0.00122078 0.00131551 0.00143247 0.00155281 0.00168481 0.00181758 0.00198639 0.0021785 0.00235628 0.00259966 0.00287691 0.00315589 0.00351722 0.00394726 0.00445522 0.00505674 0.00578409 0.00669108 0.0077227 0.00893221 0.0103598 0.0119551 0.0137126 0.0155697 0.0175091 0.0194146 0.0211206 0.022535 0.0234766 0.0238051 0.0233277 0.0219239 0.0195602 0.0161846 0.0118797 0.0067349 0.000987929 -0.00509722 -0.0112384 -0.0171021 -0.0224295 -0.0269188 -0.0304111 -0.0327624 -0.0339468 -0.034008 -0.0330428 -0.0312545 -0.0288089 -0.0259522 -0.0228373 -0.0196698 -0.0165802 -0.0137085 -0.011146 -0.00892918 -0.00708469 -0.00555811 -0.00434361 -0.00335954 -0.00260552 -0.00201053 -0.00157951 -0.00125632 -0.00103949 -0.000888917 -0.000794871 -0.000737174 -0.000700439 -0.000684355 -0.000668699 -0.000668555 -0.000658627 -0.000664084 -0.000654967 -0.000662461 -0.000653115 -0.000661469 -0.00065191 -0.000660697 -0.000651098 -0.00066014 -0.000650622 -0.000659847 -0.000650464 -0.000659847 -0.000650622 -0.000660139 -0.000651095 -0.000660689 -0.000651887 -0.000661406 -0.000652953 -0.000662054 -0.000653983 -0.000661785 -0.000653454 -0.000657351 -0.000645344 -0.000637541 -0.000610247 -0.000570224 -0.000498026 -0.000381896 -0.000207192 5.80783e-05 0.00042076 0.000930099 0.00158431 0.00244873 0.00352276 0.00488853 0.00655354 0.00859061 0.0109859 0.0137395 0.0167759 0.0199902 0.0232589 0.0263998 0.029264 0.0316111 0.0332688 0.0339999 0.0336761 0.0321834 0.0295008 0.0256942 0.0208742 0.015293 0.00917943 0.00286708 -0.00337047 -0.00922145 -0.014412 -0.018771 -0.0221563 -0.0245694 -0.0259744 -0.026457 -0.0261534 -0.0252166 -0.0238292 -0.0220809 -0.0201661 -0.0182151 -0.016308 -0.0145102 -0.0128415 -0.011397 -0.0101358 -0.00902554 -0.00810037 -0.00732441 -0.00668616 -0.00612581 -0.00566127 -0.00530822 -0.00497275 -0.00469491 -0.00448372 -0.00428397 -0.00411186 -0.0039582 -0.00383267 -0.00370819 -0.00357802 -0.00350772 -0.00342675 -0.00331956 -0.00327187 -0.00322306 -0.00315715 -0.00311027 -0.00304241 -0.00299935 -0.00299262 -0.00295129 -0.00292046 -0.00291313 -0.00287303 -0.00285094 -0.00285991 -0.00284152 
0 9.01532e-05 0.000133147 0.000226859 0.000337298 0.000387031 0.000462076 0.00056782 0.00063712 0.000724084 0.000827786 0.000910416 0.00102217 0.0011284 0.00121138 0.0013464 0.00147289 0.00157385 0.00173448 0.00189093 0.00203661 0.0022301 0.00242196 0.00263894 0.0028875 0.00315662 0.00350607 0.00387511 0.00430945 0.0048813 0.0055019 0.00625527 0.00718136 0.0082585 0.00954388 0.0109966 0.0127009 0.0146223 0.0166523 0.0188396 0.0210508 0.0231935 0.0250923 0.0265623 0.0275323 0.027718 0.02699 0.0252004 0.0222956 0.0183236 0.0132402 0.00727508 0.00061132 -0.00639415 -0.0134229 -0.0201918 -0.0263022 -0.0315334 -0.0355595 -0.0383268 -0.039754 -0.0399061 -0.0389138 -0.0368998 -0.0341582 -0.0308398 -0.0272706 -0.023572 -0.0199899 -0.0166175 -0.0135794 -0.0109416 -0.00868951 -0.00686076 -0.00534254 -0.00417316 -0.00321267 -0.00251402 -0.00194988 -0.00157098 -0.00127579 -0.00109581 -0.000964166 -0.000888725 -0.000842404 -0.000810414 -0.000802752 -0.000783585 -0.000792206 -0.000774309 -0.00079006 -0.000770521 -0.000789799 -0.000768587 -0.000789793 -0.000767479 -0.000789761 -0.00076686 -0.000789712 -0.000766583 -0.00078969 -0.000766583 -0.000789712 -0.000766858 -0.000789755 -0.000767464 -0.000789753 -0.000768481 -0.000789529 -0.000769856 -0.000788483 -0.000770702 -0.000784259 -0.000766724 -0.000768327 -0.000742813 -0.000714773 -0.000657109 -0.000560153 -0.000418195 -0.000182151 0.000129896 0.0006044 0.00120017 0.0020346 0.00305603 0.00440464 0.00603732 0.00808789 0.0105162 0.0133825 0.0166214 0.0201636 0.023916 0.0276795 0.0313368 0.0345799 0.037259 0.0390461 0.03981 0.0393442 0.0375647 0.0344513 0.0300059 0.0244693 0.0180128 0.0110326 0.00377298 -0.00340627 -0.0101646 -0.0162278 -0.021299 -0.0253565 -0.0282725 -0.0300853 -0.0308319 -0.0306331 -0.029751 -0.0282592 -0.0263741 -0.0242289 -0.0219977 -0.0198302 -0.0176968 -0.0157473 -0.0140015 -0.0124557 -0.0111259 -0.00994841 -0.00900081 -0.00820086 -0.00749139 -0.00694334 -0.00646896 -0.00606618 -0.00573181 -0.00542915 -0.0051988 -0.00497243 -0.00476846 -0.0046337 -0.00447256 -0.00433069 -0.00424167 -0.00412471 -0.00402479 -0.00394822 -0.00385678 -0.00380021 -0.00374431 -0.00366779 -0.00363891 -0.00360747 -0.00353807 -0.00351168 -0.00350351 -0.00346062 -0.0034425 -0.00344731 -0.00342 
0 6.64346e-05 0.000194013 0.000277674 0.000349731 0.000475377 0.00056782 0.000642633 0.000752243 0.000854783 0.000974754 0.00109078 0.00117295 0.00131702 0.00147076 0.00157004 0.00171846 0.00188277 0.0020353 0.00222968 0.00241503 0.00262725 0.00287941 0.00312517 0.0034347 0.00378208 0.00416722 0.00464957 0.00519144 0.00585224 0.00664049 0.00755326 0.00867429 0.00997263 0.0114843 0.0132325 0.0151978 0.0173922 0.0197154 0.0221415 0.0245817 0.0268652 0.0288516 0.0303374 0.0311896 0.0311841 0.0301261 0.0279215 0.0245013 0.0199064 0.014154 0.00742899 2.57848e-06 -0.00779247 -0.0155943 -0.0230975 -0.029914 -0.0357383 -0.0402788 -0.0434096 -0.0450968 -0.0453799 -0.0443863 -0.0422539 -0.0392446 -0.0355898 -0.0315904 -0.027458 -0.0234073 -0.019582 -0.0160949 -0.0130296 -0.0103994 -0.00822395 -0.00643816 -0.0050264 -0.00390036 -0.00304485 -0.00238381 -0.00190761 -0.00155782 -0.00132294 -0.00116253 -0.00106176 -0.00100028 -0.000961344 -0.000943408 -0.000927406 -0.000925974 -0.000916505 -0.000920857 -0.000912546 -0.000919044 -0.000910623 -0.000918092 -0.000909459 -0.000917467 -0.000908747 -0.00091709 -0.000908404 -0.000916963 -0.000908404 -0.000917089 -0.000908744 -0.000917457 -0.000909434 -0.000918023 -0.000910446 -0.000918602 -0.00091148 -0.00091838 -0.000910957 -0.000914 -0.000902527 -0.000893661 -0.000865658 -0.000823294 -0.000746962 -0.000624001 -0.000436303 -0.000151311 0.000246031 0.000806929 0.00154315 0.00252462 0.00376671 0.00535744 0.0073163 0.00972317 0.0125715 0.0158781 0.0195769 0.0235921 0.0277988 0.0320213 0.0360646 0.0396451 0.0425205 0.0443999 0.0451118 0.0444769 0.0424147 0.0388757 0.0339138 0.0277305 0.0205879 0.0128529 0.00482079 -0.00313785 -0.0106851 -0.0174753 -0.0232552 -0.0279201 -0.0313737 -0.0336308 -0.0347045 -0.0347563 -0.0339734 -0.0325086 -0.0305591 -0.0282661 -0.0258456 -0.0234026 -0.0210162 -0.0187914 -0.0167458 -0.0149438 -0.0133504 -0.0119657 -0.0108094 -0.00980768 -0.00898303 -0.00828567 -0.00768904 -0.00721382 -0.0067837 -0.00642947 -0.00613461 -0.00585674 -0.00564138 -0.00543348 -0.00525602 -0.00512474 -0.0049552 -0.00482741 -0.00474649 -0.00462673 -0.00452774 -0.00444564 -0.00437288 -0.00434 -0.00426434 -0.0041829 -0.00417204 -0.00412854 -0.00406706 -0.0040735 -0.00405423 -0.00400206 -0.00401324 
0 0.000103902 0.000232747 0.000317266 0.000402261 0.000532126 0.00063712 0.000752243 0.000897162 0.00099069 0.00109966 0.00125771 0.00137598 0.00151269 0.00168044 0.00181634 0.00199732 0.00219779 0.0023614 0.00257068 0.0028071 0.00305162 0.00333647 0.00364681 0.0040234 0.00444109 0.00490011 0.00548671 0.00614994 0.00691874 0.00787114 0.00898093 0.0102969 0.0118268 0.0135915 0.0156218 0.0178465 0.0202791 0.0228597 0.025479 0.028054 0.0303979 0.0323745 0.0337837 0.034419 0.0341225 0.0326853 0.0300333 0.0261012 0.0209079 0.0145564 0.00719306 -0.000858741 -0.00929156 -0.017726 -0.0258127 -0.0331986 -0.0395058 -0.0444948 -0.0479685 -0.0499226 -0.0503724 -0.0494283 -0.0472548 -0.0440624 -0.0401636 -0.0358133 -0.0313169 -0.0268502 -0.0226118 -0.0187026 -0.0152218 -0.0122175 -0.00968629 -0.00762515 -0.00595457 -0.00465486 -0.00362732 -0.00286391 -0.00227772 -0.00186936 -0.00156946 -0.00137743 -0.00124454 -0.00116616 -0.00111687 -0.00108746 -0.00107389 -0.00106099 -0.00106103 -0.00105193 -0.00105713 -0.00104806 -0.00105553 -0.00104586 -0.00105457 -0.00104446 -0.00105393 -0.00104364 -0.0010536 -0.00104338 -0.0010536 -0.00104364 -0.00105393 -0.00104444 -0.00105453 -0.00104575 -0.00105524 -0.00104735 -0.00105545 -0.00104811 -0.00105265 -0.00104326 -0.00103781 -0.0010168 -0.000983747 -0.000924886 -0.000823886 -0.000671574 -0.000428474 -8.99533e-05 0.000405381 0.00105866 0.00195095 0.00308823 0.0045693 0.00641232 0.00871149 0.0114758 0.0147397 0.0184663 0.0225932 0.0270347 0.031632 0.0362357 0.0405695 0.0443919 0.0473697 0.049271 0.0498741 0.0490399 0.0466865 0.0427587 0.0373644 0.0306607 0.0229824 0.014643 0.00600226 -0.00257674 -0.0107543 -0.0181606 -0.024582 -0.029823 -0.0338162 -0.0365411 -0.0380245 -0.0384187 -0.0378394 -0.0365001 -0.0345801 -0.0322499 -0.0297044 -0.0270489 -0.0244518 -0.0219803 -0.0196677 -0.0175942 -0.0157469 -0.0141496 -0.0127602 -0.011556 -0.0105767 -0.00972407 -0.00899361 -0.00840734 -0.00789925 -0.00747413 -0.00710264 -0.00679153 -0.00654058 -0.0062744 -0.00606072 -0.00589875 -0.0057083 -0.00556445 -0.00544535 -0.00530788 -0.00522615 -0.00514315 -0.00502601 -0.00495039 -0.00488878 -0.00482552 -0.00478768 -0.00474182 -0.0046917 -0.00466258 -0.00463598 -0.00461194 -0.00460354 
0 0.000124105 0.000222789 0.000352427 0.000498344 0.000611484 0.000724084 0.000854783 0.00099069 0.00113085 0.00126554 0.00141751 0.00158713 0.00173234 0.00189605 0.00209091 0.00226921 0.00248063 0.00271328 0.00293612 0.00322553 0.00352638 0.00382283 0.00421744 0.00464751 0.00511818 0.00570427 0.0063825 0.00718988 0.00812321 0.00923078 0.010575 0.0120847 0.0138412 0.0158804 0.0181392 0.0206239 0.023264 0.0260404 0.0288208 0.0314237 0.0337654 0.035631 0.0368454 0.0371873 0.0364792 0.0346297 0.0314841 0.0270395 0.0213026 0.0144084 0.00656546 -0.00198904 -0.0108827 -0.0197953 -0.0283158 -0.036103 -0.0428082 -0.0481464 -0.0519692 -0.0541794 -0.0548411 -0.0540052 -0.0518585 -0.0486024 -0.0445321 -0.039954 -0.0351382 -0.03034 -0.0257105 -0.0214205 -0.0175367 -0.014157 -0.0112769 -0.0089069 -0.00698658 -0.00546713 -0.00428311 -0.00337219 -0.0026941 -0.00218892 -0.00183933 -0.00158776 -0.00143264 -0.00132155 -0.00126538 -0.0012203 -0.00120592 -0.00118702 -0.00118698 -0.00117723 -0.00118096 -0.00117439 -0.0011786 -0.00117343 -0.00117737 -0.00117301 -0.00117664 -0.00117281 -0.00117628 -0.00117274 -0.00117628 -0.0011728 -0.00117663 -0.00117298 -0.00117729 -0.00117324 -0.00117814 -0.00117327 -0.00117836 -0.00117143 -0.00117452 -0.00116121 -0.00115446 -0.00112155 -0.00108306 -0.000997674 -0.000878918 -0.000676002 -0.000391589 3.19417e-05 0.000605521 0.00139044 0.00241799 0.00375419 0.0054575 0.00758917 0.0102141 0.0133463 0.017007 0.0211249 0.0256556 0.0304534 0.0354022 0.0402729 0.0448311 0.0487668 0.0517802 0.0536222 0.054071 0.0530216 0.0503551 0.0461051 0.0403317 0.0332621 0.0251738 0.0163934 0.00730728 -0.00175053 -0.0103796 -0.0183122 -0.0252643 -0.0310526 -0.0355709 -0.0387659 -0.0407378 -0.0415222 -0.0412735 -0.0401538 -0.0383652 -0.0361256 -0.0335245 -0.0307719 -0.028005 -0.0253211 -0.0227914 -0.0204225 -0.0183354 -0.0164925 -0.0148502 -0.0134599 -0.0122715 -0.011278 -0.0104199 -0.00968523 -0.00911035 -0.00858094 -0.00812072 -0.00776757 -0.00743073 -0.00714459 -0.00690658 -0.00668011 -0.00650152 -0.00633128 -0.00616636 -0.00603407 -0.00590349 -0.00579916 -0.00570643 -0.00559925 -0.00554324 -0.00549027 -0.00538821 -0.0053462 -0.00533496 -0.00526104 -0.00522917 -0.00524568 -0.00519845 
0 0.000131911 0.000261711 0.000404262 0.000545308 0.000676614 0.000827786 0.000974754 0.00109966 0.00126554 0.00144897 0.0015948 0.00176033 0.00195549 0.00215202 0.00236101 0.00256588 0.00279852 0.00306947 0.00333823 0.00364971 0.00399675 0.00436891 0.00482277 0.00532267 0.0058944 0.00658755 0.00738457 0.00833391 0.00943811 0.0107429 0.0122932 0.014037 0.0160498 0.0183356 0.0208364 0.0235361 0.0263543 0.0292604 0.0320852 0.034654 0.0368718 0.0385265 0.0394435 0.0393903 0.0382372 0.0359112 0.0322757 0.027335 0.0211089 0.0137832 0.00555781 -0.00333861 -0.012562 -0.0217906 -0.0305962 -0.0386598 -0.0456408 -0.0512798 -0.0554012 -0.057884 -0.0587695 -0.0580934 -0.0560458 -0.0528065 -0.0486742 -0.0439419 -0.0388996 -0.0338129 -0.0288529 -0.0242066 -0.0199509 -0.0162074 -0.0129794 -0.0103017 -0.0081123 -0.00637358 -0.0050082 -0.0039545 -0.00316114 -0.00256587 -0.00214658 -0.00184144 -0.00164877 -0.00150915 -0.00143628 -0.00137753 -0.00135761 -0.0013322 -0.00133141 -0.00131798 -0.00132258 -0.00131335 -0.00131887 -0.00131146 -0.00131678 -0.00131045 -0.00131549 -0.0013099 -0.00131485 -0.00130973 -0.00131485 -0.0013099 -0.00131547 -0.00131041 -0.00131665 -0.00131116 -0.00131813 -0.00131161 -0.00131863 -0.00130933 -0.00131319 -0.00129521 -0.00128533 -0.00124159 -0.00119024 -0.00108058 -0.000929891 -0.000679145 -0.000332444 0.000173638 0.000852498 0.00176933 0.00296424 0.00450504 0.00646216 0.0088894 0.0118557 0.0153526 0.019395 0.0238856 0.0287718 0.0338877 0.0391004 0.0441642 0.048824 0.0527768 0.0557193 0.0574264 0.0576707 0.0563636 0.0534 0.048846 0.0427959 0.0354669 0.0271293 0.0180761 0.00870944 -0.000639724 -0.0095876 -0.0178908 -0.0252891 -0.03156 -0.0365865 -0.0402947 -0.042779 -0.0440537 -0.0442214 -0.0434424 -0.0418994 -0.0398164 -0.0372817 -0.034496 -0.0316274 -0.0287776 -0.0260464 -0.0234533 -0.0211123 -0.0190244 -0.0171512 -0.0155388 -0.014142 -0.0129591 -0.0119501 -0.011077 -0.0103679 -0.00974941 -0.00921895 -0.00878285 -0.00838606 -0.00806103 -0.00778056 -0.00751449 -0.00729258 -0.0070903 -0.00692192 -0.00677448 -0.00660582 -0.00647858 -0.00639576 -0.00629355 -0.00618944 -0.0061099 -0.00604849 -0.00598746 -0.00593055 -0.00590104 -0.00586767 -0.00582566 -0.00581778 
0 0.000155349 0.000312625 0.000453135 0.000593105 0.000745232 0.000910416 0.00109078 0.00125771 0.00141751 0.0015948 0.00177476 0.00197577 0.00219331 0.00239439 0.00262878 0.0028961 0.0031491 0.00343977 0.00376768 0.0041004 0.00450269 0.00496808 0.00546767 0.00606332 0.00675984 0.00755905 0.00850415 0.00960364 0.0109053 0.0124277 0.0141691 0.0161821 0.0184452 0.0209503 0.0236804 0.0265442 0.0295095 0.0324549 0.0352283 0.0376965 0.0396715 0.0410231 0.0415261 0.0410029 0.0393663 0.0365035 0.0323894 0.0269662 0.0203386 0.0126854 0.00418635 -0.00489206 -0.0143111 -0.0236719 -0.0326288 -0.0408334 -0.0479878 -0.0538712 -0.0582391 -0.0610162 -0.0621301 -0.0616862 -0.0597987 -0.0566761 -0.0525819 -0.0477816 -0.0426072 -0.0372764 -0.032056 -0.0270675 -0.0224862 -0.0183744 -0.0148147 -0.0118127 -0.009344 -0.00737067 -0.00580098 -0.00460031 -0.00366444 -0.00298553 -0.00246783 -0.0021221 -0.00186406 -0.0017123 -0.00159808 -0.00154309 -0.00149727 -0.00148178 -0.0014641 -0.00146108 -0.00145416 -0.00145352 -0.00145104 -0.00144996 -0.00144977 -0.00144789 -0.00144911 -0.00144672 -0.0014488 -0.00144633 -0.0014488 -0.00144671 -0.00144908 -0.00144781 -0.00144958 -0.00144948 -0.00144988 -0.00145086 -0.00144824 -0.00144839 -0.00143788 -0.00142958 -0.00139726 -0.00135867 -0.00127072 -0.00115282 -0.000942721 -0.000658362 -0.000220202 0.000358617 0.00117135 0.00221884 0.00360695 0.00536209 0.00758902 0.0103253 0.0136247 0.0174899 0.0218739 0.0267253 0.0319005 0.0372984 0.0426815 0.0478616 0.0525133 0.0563826 0.0591723 0.0606605 0.0606742 0.0590674 0.0558415 0.0510113 0.0447749 0.0372933 0.0288363 0.019686 0.0101829 0.000721398 -0.00842617 -0.0169608 -0.0246943 -0.0313815 -0.0368685 -0.0411213 -0.044121 -0.0459447 -0.0466118 -0.0462718 -0.0451016 -0.0432473 -0.0408998 -0.0381821 -0.035286 -0.0323426 -0.0294341 -0.026677 -0.0240951 -0.0217472 -0.0196594 -0.0178017 -0.0161902 -0.0147942 -0.0136044 -0.0126016 -0.0117247 -0.0109987 -0.010399 -0.00985818 -0.00940649 -0.00902632 -0.00867457 -0.00837962 -0.00812485 -0.00788628 -0.00768099 -0.00750656 -0.00736209 -0.00722002 -0.00707055 -0.00696169 -0.0068647 -0.00676503 -0.00671201 -0.00664276 -0.00655444 -0.00653544 -0.00650419 -0.00643923 -0.00644421 
0 0.000153844 0.000328629 0.00049801 0.000666661 0.00085513 0.00102217 0.00117295 0.00137598 0.00158713 0.00176033 0.00197577 0.00221984 0.00242431 0.00265537 0.00293463 0.00320896 0.00350467 0.00384641 0.00421691 0.00461782 0.00507669 0.00560709 0.00619095 0.0068725 0.0076985 0.00864104 0.0097336 0.0110366 0.0125552 0.0142879 0.0162624 0.0185186 0.0210187 0.0237228 0.0266173 0.0296277 0.0326543 0.0355573 0.0382108 0.040465 0.0421288 0.043052 0.0430548 0.0420123 0.0398255 0.0364265 0.0318094 0.0259669 0.0190252 0.0111369 0.00250569 -0.00664696 -0.0160786 -0.0254317 -0.0343912 -0.042617 -0.0498696 -0.0559055 -0.0605089 -0.0635473 -0.064938 -0.0647647 -0.0631145 -0.0602019 -0.0562263 -0.0514723 -0.0462219 -0.0407413 -0.0352865 -0.0300185 -0.0251226 -0.0206711 -0.0167811 -0.0134469 -0.0106956 -0.00845557 -0.00668372 -0.00529645 -0.00422947 -0.0034284 -0.00282883 -0.00240833 -0.002102 -0.00191061 -0.00177012 -0.00169937 -0.00163926 -0.00162188 -0.00159459 -0.0015967 -0.00158098 -0.00158877 -0.00157695 -0.00158586 -0.00157559 -0.00158445 -0.00157503 -0.0015837 -0.0015748 -0.00158346 -0.00157479 -0.00158368 -0.00157498 -0.00158432 -0.00157528 -0.0015851 -0.00157518 -0.00158477 -0.00157225 -0.00157834 -0.0015574 -0.0015493 -0.00150286 -0.00145262 -0.00134035 -0.00118952 -0.000935408 -0.000585708 -7.29732e-05 0.000615418 0.00154744 0.00276518 0.00433897 0.00634416 0.00883876 0.0118999 0.0155259 0.0197401 0.0244501 0.029607 0.0350452 0.0406361 0.0461396 0.0513198 0.0558886 0.0595671 0.0621275 0.0633358 0.0630622 0.0611659 0.0576723 0.0526456 0.0462731 0.0387505 0.030291 0.0211837 0.0117202 0.00226498 -0.00692544 -0.0155945 -0.0235338 -0.0305462 -0.0364601 -0.0412194 -0.0447699 -0.0471435 -0.0483819 -0.0485776 -0.047865 -0.0463715 -0.0442899 -0.0417675 -0.0389462 -0.0359669 -0.0329647 -0.0300568 -0.0272746 -0.024682 -0.022346 -0.0202664 -0.0184184 -0.0168007 -0.0154337 -0.0142597 -0.0132323 -0.0123729 -0.0116496 -0.0110174 -0.0104736 -0.010023 -0.00963179 -0.00927368 -0.00898907 -0.00874383 -0.00848271 -0.00827404 -0.00811535 -0.00793557 -0.00777797 -0.00767035 -0.0075639 -0.00745285 -0.00736238 -0.00729592 -0.00723366 -0.00716775 -0.00712449 -0.00710223 -0.0070739 
0 0.000180849 0.00035918 0.000550133 0.000734779 0.000923774 0.0011284 0.00131702 0.00151269 0.00173234 0.00195549 0.00219331 0.00242431 0.00266554 0.0029659 0.00326039 0.00354945 0.00390098 0.00428057 0.00469596 0.00516726 0.00568964 0.00630812 0.00700177 0.00779914 0.00876527 0.00985542 0.0111239 0.0126352 0.0143598 0.0163246 0.0185454 0.0210381 0.0237647 0.0266406 0.0296679 0.0327552 0.0357457 0.038521 0.0409444 0.042881 0.0441303 0.0445279 0.0439798 0.0423694 0.0396226 0.0356926 0.0305997 0.0244186 0.0172404 0.00922873 0.000563453 -0.00854371 -0.0178457 -0.0270682 -0.0358969 -0.044063 -0.0513196 -0.0574454 -0.0622348 -0.0655097 -0.0672033 -0.0673249 -0.0659885 -0.063341 -0.05958 -0.0549477 -0.0497067 -0.044149 -0.0385118 -0.0330238 -0.0278354 -0.0230889 -0.0188654 -0.015222 -0.0121661 -0.00966309 -0.0076641 -0.00608463 -0.00487026 -0.00393653 -0.00324927 -0.00273877 -0.0023868 -0.00213672 -0.00197933 -0.00187179 -0.00181165 -0.00177075 -0.00175102 -0.0017367 -0.00173063 -0.00172576 -0.00172328 -0.00172182 -0.00171996 -0.00172001 -0.00171817 -0.00171908 -0.00171733 -0.00171879 -0.00171732 -0.00171906 -0.00171809 -0.00171981 -0.00171947 -0.00172066 -0.00172062 -0.00171984 -0.00171796 -0.00171056 -0.00169905 -0.00167123 -0.00162816 -0.00154602 -0.00142228 -0.00121858 -0.000926418 -0.00049308 9.74125e-05 0.000911281 0.00197784 0.00337963 0.00516681 0.00743017 0.0102231 0.0136005 0.0175697 0.0221004 0.0271293 0.0325398 0.038203 0.0439157 0.0494621 0.0545581 0.0589428 0.0623565 0.0645902 0.0654682 0.0648446 0.0626555 0.0589083 0.0537334 0.0472988 0.039807 0.0314705 0.0225286 0.0132698 0.00396037 -0.00514008 -0.0138125 -0.0218528 -0.0290791 -0.0353689 -0.0406008 -0.0447056 -0.0476625 -0.0495095 -0.0503246 -0.0501535 -0.0491236 -0.0474055 -0.0451562 -0.0425116 -0.0395803 -0.0365535 -0.033551 -0.0306141 -0.0278324 -0.0252627 -0.0229518 -0.0208761 -0.0190206 -0.0174391 -0.0160648 -0.0148665 -0.0138636 -0.0129993 -0.0122668 -0.0116385 -0.0110963 -0.0106539 -0.0102413 -0.00987594 -0.00959647 -0.00933134 -0.00908323 -0.00887028 -0.00868521 -0.00854558 -0.00839976 -0.00825012 -0.00815016 -0.00805152 -0.00795833 -0.00790375 -0.00783771 -0.0077819 -0.00775826 -0.00772049 
0 0.000223332 0.000391992 0.000600962 0.000819697 0.000991174 0.00121138 0.00147076 0.00168044 0.00189605 0.00215202 0.00239439 0.00265537 0.0029659 0.0032662 0.00357327 0.00394266 0.00433605 0.00475147 0.0052287 0.00576473 0.00638095 0.00708668 0.007896 0.00885189 0.0099461 0.0112165 0.0127065 0.0144091 0.0163665 0.0185713 0.021026 0.023744 0.0266346 0.0296614 0.0327657 0.0358266 0.0387163 0.0412642 0.043377 0.0448959 0.0456223 0.0454492 0.0442812 0.0420774 0.0387566 0.0343035 0.0288048 0.0223388 0.015032 0.00699146 -0.00159587 -0.0105223 -0.0195819 -0.0285293 -0.0371391 -0.0451462 -0.0523387 -0.0584962 -0.063417 -0.0669323 -0.0689277 -0.0694074 -0.0684272 -0.0661244 -0.0626494 -0.058217 -0.0530738 -0.047496 -0.0417534 -0.0360717 -0.030645 -0.025609 -0.0210799 -0.0171175 -0.0137562 -0.0109738 -0.00872764 -0.00694565 -0.00555733 -0.00449196 -0.00368937 -0.0030985 -0.00267382 -0.00237943 -0.00218039 -0.0020526 -0.0019714 -0.00192372 -0.00189449 -0.00187912 -0.00186915 -0.00186476 -0.00186093 -0.00185983 -0.00185782 -0.00185772 -0.00185637 -0.0018567 -0.00185573 -0.00185637 -0.00185571 -0.00185665 -0.00185625 -0.00185741 -0.00185707 -0.00185807 -0.00185697 -0.00185614 -0.00185103 -0.00184242 -0.00182288 -0.00178912 -0.0017278 -0.00162796 -0.00146709 -0.00122374 -0.000865138 -0.000358601 0.000338856 0.00127375 0.00250328 0.00409405 0.00611786 0.00865048 0.0117474 0.0154464 0.0197347 0.0245731 0.0298671 0.0355041 0.0413129 0.0470927 0.0525858 0.0575218 0.0616398 0.0647121 0.0665668 0.0670467 0.0660618 0.0635604 0.059609 0.0543299 0.0479039 0.0405242 0.0323892 0.0237401 0.0147862 0.00576166 -0.00314373 -0.0117086 -0.0197397 -0.0271024 -0.0336638 -0.0393256 -0.0439449 -0.0474864 -0.0499704 -0.0514199 -0.0518811 -0.0514002 -0.0501533 -0.0482806 -0.0458951 -0.0431476 -0.0401705 -0.0371318 -0.0341036 -0.0311596 -0.0284018 -0.0258451 -0.0235354 -0.0214705 -0.019635 -0.0180528 -0.0166781 -0.0154952 -0.0144893 -0.0136247 -0.0128993 -0.0122622 -0.0117108 -0.0112665 -0.0108539 -0.0104766 -0.0101903 -0.00993564 -0.00968476 -0.00948505 -0.00930585 -0.00911783 -0.0089818 -0.00888264 -0.00875378 -0.00864677 -0.00858642 -0.0085156 -0.00846016 -0.00843126 -0.00838518 
0 0.000212693 0.000433933 0.00065749 0.000882945 0.00111653 0.0013464 0.00157004 0.00181634 0.00209091 0.00236101 0.00262878 0.00293463 0.00326039 0.00357327 0.00393089 0.00435594 0.00479468 0.00526847 0.00582398 0.00645628 0.00715791 0.00795756 0.00891473 0.0100155 0.0112654 0.0127555 0.0144657 0.0163911 0.0185866 0.0210277 0.0237136 0.0265935 0.0296151 0.0327421 0.0358301 0.0387887 0.0414723 0.0437196 0.0454323 0.0464201 0.0465687 0.0457662 0.0439567 0.0411405 0.0372424 0.0323299 0.026479 0.0198188 0.0124637 0.00448954 -0.00389886 -0.0125481 -0.0212426 -0.0298295 -0.0381254 -0.045898 -0.0529655 -0.0590854 -0.0641092 -0.0678317 -0.070152 -0.0710133 -0.07044 -0.0685384 -0.0654078 -0.0612584 -0.0562773 -0.0507668 -0.0449694 -0.0391577 -0.0335236 -0.028233 -0.0234149 -0.0191401 -0.015476 -0.0123964 -0.00989833 -0.00788585 -0.00632084 -0.00509711 -0.00418065 -0.00348728 -0.00299301 -0.00263721 -0.00239945 -0.00223975 -0.00213959 -0.00207873 -0.00204082 -0.00202231 -0.00200758 -0.00200472 -0.00199694 -0.0019994 -0.00199321 -0.00199756 -0.00199163 -0.00199681 -0.00199096 -0.00199658 -0.00199094 -0.00199673 -0.00199143 -0.00199709 -0.00199208 -0.00199679 -0.00199115 -0.00199233 -0.00198202 -0.00197149 -0.00194346 -0.00189908 -0.00182028 -0.00169293 -0.00149658 -0.00119821 -0.000775346 -0.000174872 0.000628214 0.00171023 0.00310488 0.00491413 0.0071792 0.0100039 0.013403 0.0174247 0.0220159 0.0271342 0.0326628 0.0384684 0.0443729 0.0501326 0.0555064 0.0601914 0.0639825 0.0666464 0.0680704 0.0681145 0.0667363 0.0639389 0.0597987 0.0544787 0.0481102 0.0409171 0.0330614 0.0247834 0.0162417 0.00759034 -0.00099391 -0.0093561 -0.0172796 -0.0246838 -0.0314361 -0.0374262 -0.042525 -0.0466238 -0.049747 -0.0518504 -0.0529707 -0.0531419 -0.0524514 -0.0510539 -0.049033 -0.0465634 -0.0437605 -0.0407474 -0.0376867 -0.0346448 -0.0317192 -0.028954 -0.0264063 -0.0241317 -0.0220674 -0.0202456 -0.0186862 -0.0173172 -0.0161271 -0.0151132 -0.0142597 -0.0135168 -0.0128594 -0.0123344 -0.0118897 -0.0114608 -0.0111024 -0.0108145 -0.010539 -0.0102867 -0.0100815 -0.00990543 -0.00974394 -0.00960211 -0.0094825 -0.00938376 -0.00929395 -0.00920517 -0.00914095 -0.00910486 -0.00907389 
0 0.000221071 0.000486524 0.000716635 0.000944893 0.00122078 0.00147289 0.00171846 0.00199732 0.00226921 0.00256588 0.0028961 0.00320896 0.00354945 0.00394266 0.00435594 0.00480454 0.00529192 0.005839 0.006487 0.00720821 0.00801118 0.00896593 0.0100783 0.011336 0.0127903 0.0144861 0.0164148 0.0185731 0.0209902 0.0236735 0.0265511 0.0295624 0.0326925 0.0358278 0.0388268 0.0415779 0.0439481 0.0458123 0.0469971 0.047385 0.0468972 0.0454375 0.0430002 0.0395599 0.0351506 0.0298429 0.0237274 0.0169629 0.00961818 0.0018232 -0.0062914 -0.0145617 -0.0228209 -0.0309857 -0.0388846 -0.0463768 -0.0532346 -0.0592824 -0.0643514 -0.0682616 -0.0709042 -0.0721529 -0.072033 -0.0705536 -0.0678412 -0.0640189 -0.0592904 -0.0539111 -0.0481342 -0.0422519 -0.0364512 -0.0309541 -0.0258574 -0.0213042 -0.017322 -0.0139612 -0.0111808 -0.00894123 -0.00716941 -0.00578565 -0.00473408 -0.00393289 -0.00335743 -0.00293069 -0.00265106 -0.00244639 -0.00233141 -0.00224199 -0.00220524 -0.00216666 -0.00216091 -0.00214158 -0.00214595 -0.00213328 -0.00214034 -0.00213015 -0.00213781 -0.0021288 -0.00213671 -0.00212838 -0.00213667 -0.00212868 -0.00213751 -0.00212942 -0.00213864 -0.00212945 -0.0021376 -0.00212403 -0.00212535 -0.00209723 -0.00207461 -0.00200521 -0.00191793 -0.00175036 -0.00152071 -0.00115718 -0.000663763 3.7688e-05 0.000963137 0.00219707 0.0037851 0.00581486 0.00835506 0.0114642 0.0151901 0.0195091 0.0244066 0.0297639 0.0355028 0.0414226 0.0473618 0.0530359 0.0582036 0.0625849 0.0659684 0.0681943 0.0691245 0.0687166 0.0669191 0.0638312 0.0595305 0.0541915 0.0479495 0.04098 0.0334896 0.0256334 0.0175822 0.00939695 0.00122581 -0.00680498 -0.0145489 -0.0218864 -0.0287461 -0.0349725 -0.0404705 -0.0451165 -0.0488466 -0.0516251 -0.0534201 -0.0542893 -0.0542503 -0.0533882 -0.0518355 -0.0497238 -0.0471894 -0.0443224 -0.0412893 -0.0382343 -0.0352049 -0.0322754 -0.0295317 -0.0270223 -0.0247377 -0.0226742 -0.0208734 -0.019314 -0.0179361 -0.0167486 -0.0157545 -0.0148961 -0.0141478 -0.0135054 -0.0129577 -0.0125029 -0.0120928 -0.0117139 -0.0114128 -0.011155 -0.0109165 -0.0107207 -0.0105276 -0.0103524 -0.0102373 -0.0101199 -0.0100027 -0.00993872 -0.009874 -0.00980163 -0.00977885 
0 0.000262713 0.000519271 0.00077489 0.00104998 0.00131551 0.00157385 0.00188277 0.00219779 0.00248063 0.00279852 0.0031491 0.00350467 0.00390098 0.00433605 0.00479468 0.00529192 0.00585755 0.00651153 0.00722957 0.00804026 0.0090034 0.0101079 0.0113717 0.0128323 0.0145047 0.0164233 0.0185801 0.0209708 0.0236214 0.0264914 0.0295086 0.0326203 0.0357653 0.0388254 0.0416404 0.0440918 0.0460807 0.0474492 0.0480397 0.0477748 0.0466063 0.0444929 0.0414083 0.0373851 0.032518 0.0268872 0.0206103 0.0138024 0.00657397 -0.000958928 -0.00869973 -0.0165033 -0.0242827 -0.0319514 -0.0394202 -0.0465583 -0.0531702 -0.0591071 -0.0641878 -0.0682837 -0.0712251 -0.0728946 -0.0732306 -0.0722247 -0.0699615 -0.0665254 -0.0621155 -0.0569257 -0.051248 -0.0453298 -0.0394267 -0.033733 -0.0284014 -0.0235645 -0.0192835 -0.0156263 -0.0125585 -0.0100762 -0.0080791 -0.00652906 -0.0053193 -0.00441535 -0.00373387 -0.00324916 -0.00290231 -0.00267038 -0.00251628 -0.00241853 -0.00236073 -0.00232299 -0.00230622 -0.00229059 -0.00228902 -0.00227996 -0.00228364 -0.0022761 -0.00228174 -0.0022745 -0.00228102 -0.00227402 -0.00228096 -0.00227432 -0.00228128 -0.00227501 -0.00228114 -0.00227441 -0.00227714 -0.00226607 -0.0022574 -0.00222935 -0.00218762 -0.00211021 -0.00198702 -0.00179416 -0.00150177 -0.00108431 -0.00049066 0.000306628 0.00138279 0.00277279 0.00457844 0.00684139 0.00966787 0.0130732 0.0171114 0.0217284 0.0268886 0.0324706 0.0383508 0.0443469 0.0502308 0.0557567 0.0606338 0.0646479 0.0675763 0.0693128 0.0697407 0.0688484 0.0666594 0.0632817 0.0588655 0.0535395 0.0474706 0.0407925 0.0337042 0.0263367 0.018796 0.0111467 0.00345454 -0.00416593 -0.0116377 -0.0188491 -0.0257057 -0.0320875 -0.0378828 -0.0429973 -0.0472997 -0.0507084 -0.0531931 -0.0547663 -0.0554333 -0.0552089 -0.0542058 -0.0525659 -0.0503906 -0.0477833 -0.0448914 -0.0418654 -0.0388021 -0.0357663 -0.032853 -0.0301344 -0.0276243 -0.025347 -0.0233082 -0.0215092 -0.0199536 -0.0185887 -0.017399 -0.0163975 -0.0155417 -0.0147918 -0.0141346 -0.013588 -0.0131337 -0.0127123 -0.0123565 -0.0120668 -0.0117753 -0.0115328 -0.0113595 -0.0111743 -0.0109989 -0.0108725 -0.0107645 -0.0106777 -0.0106127 -0.0105514 -0.0105004 
