0 0 0 0 0 0 0 0 0 0 0 0 0 0 0 0 0 0 0 0 0 0 0 0 0 0 0 0 0 0 0 0 0 0 0 0 0 0 0 0 0 0 0 0 0 0 0 0 0 0 0 0 0 0 0 0 0 0 0 0 0 0 0 0 0 0 0 0 0 0 0 0 0 0 0 0 0 0 0 0 0 0 0 0 0 0 0 0 0 0 0 0 0 0 0 0 0 0 0 0 0 0 0 0 0 0 0 0 0 0 0 0 0 0 0 0 0 0 0 0 0 0 0 0 0 0 0 0 0 0 0 0 0 0 0 0 0 0 0 0 0 0 0 0 0 0 0 0 0 0 0 0 0 0 0 0 0 0 0 0 0 0 0 0 0 0 0 0 0 0 0 0 0 0 0 0 0 0 0 0 0 0 0 0 0 0 0 0 0 0 0 0 0 0 0 0 0 0 0 0 
0 -1.0268e-06 4.59163e-06 -2.46179e-06 7.36944e-06 1.7648e-05 9.72554e-06 2.08264e-05 2.04413e-05 6.68418e-06 2.09203e-05 2.39206e-05 1.71044e-05 3.32744e-05 3.40808e-05 2.20451e-05 3.50402e-05 4.31157e-05 3.61647e-05 4.45667e-05 4.41042e-05 3.67739e-05 4.11239e-05 4.73543e-05 6.95621e-05 6.03326e-05 4.20778e-05 7.23421e-05 7.55111e-05 6.70856e-05 6.91951e-05 7.08604e-05 8.16896e-05 7.54927e-05 8.97594e-05 8.71088e-05 8.92598e-05 0.000112434 9.77312e-05 0.000112945 0.000118412 0.000120793 0.000125076 0.000125733 0.000146229 0.000129251 0.000150139 0.000157551 0.000157835 0.000170391 0.000176679 0.000200437 0.000187675 0.00021724 0.000226104 0.000236028 0.000246312 0.000262342 0.000290256 0.000282995 0.000316858 0.0003301 0.000363244 0.00036804 0.000405594 0.000444084 0.000474688 0.0005162 0.000562485 0.000647841 0.00070726 0.000810434 0.000917764 0.00109183 0.00126107 0.00148564 0.00174087 0.00206435 0.00240913 0.00277134 0.00314346 0.00350476 0.00383265 0.00405151 0.00416233 0.00410906 0.00392372 0.00353719 0.00300192 0.0022914 0.00152594 0.000714375 -1.66397e-05 -0.000669562 -0.00112423 -0.00139442 -0.00139537 -0.00120245 -0.000800855 -0.000315247 0.000247914 0.000761526 0.00121785 0.00148747 0.00157405 0.00138752 0.00099799 0.000382824 -0.000341873 -0.00118042 -0.00200689 -0.00281091 -0.00346126 -0.00397135 -0.00427267 -0.00443174 -0.00440971 -0.0042638 -0.00397947 -0.00363882 -0.00326272 -0.00289041 -0.0025209 -0.00216799 -0.00187241 -0.00161612 -0.00141703 -0.00121819 -0.00108377 -0.000959905 -0.000888779 -0.000790817 -0.000734543 -0.000679495 -0.00064891 -0.000601592 -0.00056047 -0.000545646 -0.000514126 -0.000495926 -0.00045586 -0.000461351 -0.000430789 -0.00041691 -0.000397404 -0.000394191 -0.00038259 -0.000355566 -0.000366472 -0.000346141 -0.000344247 -0.000325065 -0.000332602 -0.000320354 -0.000301514 -0.000313055 -0.000292745 -0.000291781 -0.000277887 -0.000282908 -0.000270854 -0.000257845 -0.000273591 -0.000252904 -0.000257908 -0.000254817 -0.00024803 -0.000252499 -0.00024654 -0.000244984 -0.000223242 -0.00023867 -0.00024665 -0.000214006 -0.000216744 -0.000224061 -0.000229725 -0.000226711 -0.000211732 -0.00022012 -0.000218375 -0.000209449 -0.000218019 -0.000215478 -0.000199837 -0.000201189 -0.00021031 -0.000203971 -0.000207882 -0.000216249 -0.000202009 -0.000197808 -0.000203373 -0.00019485 -0.00019703 -0.000207141 -0.000201544 -0.000199239 -0.000205594 -0.00019838 
0 4.59163e-06 1.76406e-05 1.25176e-05 1.94212e-05 1.71693e-05 1.2593e-05 3.04592e-05 2.54984e-05 4.11867e-05 5.51752e-05 3.31342e-05 5.7218e-05 5.55893e-05 3.89182e-05 7.95444e-05 6.75231e-05 5.57332e-05 8.29194e-05 7.66339e-05 8.41864e-05 0.000100361 0.000113977 0.000100268 8.37576e-05 0.000123023 0.000123243 0.000118767 0.000128921 0.000122328 0.000158634 0.000159443 0.000151206 0.000173109 0.000178415 0.000185078 0.000182886 0.000203499 0.000204419 0.00020399 0.000234652 0.000231513 0.000242885 0.000263239 0.000278857 0.000284075 0.000298393 0.000329192 0.000327002 0.000343082 0.000369492 0.000384845 0.000392082 0.000416119 0.000451355 0.000459927 0.000483092 0.000522555 0.000557881 0.000577587 0.000616049 0.000673378 0.000714637 0.000753459 0.000815626 0.000896309 0.000965039 0.00104019 0.00115308 0.0012949 0.00144601 0.00162474 0.0018712 0.00218621 0.00255182 0.00298179 0.00350849 0.00413779 0.00482638 0.00554668 0.00627839 0.00699907 0.00762392 0.00806845 0.00825891 0.00817025 0.00776486 0.00701808 0.00592269 0.00454595 0.00300026 0.00142546 -5.2188e-05 -0.00131109 -0.00223831 -0.0027402 -0.00277317 -0.00236511 -0.0016044 -0.000617187 0.000465328 0.00150804 0.00237709 0.00293593 0.00307532 0.00273787 0.00193995 0.000756182 -0.000708211 -0.00233615 -0.00400216 -0.00556196 -0.00688375 -0.0078727 -0.00850953 -0.00880641 -0.00879458 -0.00849069 -0.00795617 -0.00727307 -0.00653905 -0.00579177 -0.00505731 -0.00436192 -0.00375911 -0.00325765 -0.00283235 -0.00246094 -0.0021602 -0.00193761 -0.00175783 -0.00159271 -0.00145479 -0.00136132 -0.00128446 -0.00119794 -0.00112461 -0.00107902 -0.00103884 -0.00098015 -0.000935844 -0.000913148 -0.000881706 -0.000838494 -0.000809603 -0.000799604 -0.000764165 -0.000733809 -0.000718913 -0.000705353 -0.00067323 -0.000652381 -0.00065277 -0.000624612 -0.000608783 -0.000601872 -0.00059605 -0.00057405 -0.00056625 -0.000572361 -0.000543448 -0.000543594 -0.000538189 -0.000521077 -0.000510739 -0.000506768 -0.000505695 -0.000473105 -0.00048282 -0.000486096 -0.000470527 -0.000474326 -0.000448457 -0.000464627 -0.000477954 -0.000447614 -0.000433201 -0.000434287 -0.000449254 -0.000425784 -0.000424459 -0.000442169 -0.000404462 -0.000421734 -0.000438285 -0.000411215 -0.000425183 -0.000411378 -0.000397931 -0.000407813 -0.000397483 -0.000413093 -0.000411255 -0.000400749 -0.000414851 -0.000393137 -0.000392641 -0.000406996 -0.000385974 -0.000402342 
0 -2.46179e-06 1.25176e-05 1.22877e-05 2.35304e-05 3.70812e-05 3.47464e-05 4.8388e-05 5.00915e-05 4.58338e-05 6.22312e-05 6.45033e-05 7.071e-05 8.66108e-05 8.62859e-05 9.19682e-05 0.000102156 0.000108889 0.000117801 0.000123856 0.000127445 0.000131262 0.000140071 0.000151043 0.000169939 0.000175979 0.000168713 0.000192614 0.00020693 0.000203202 0.000216087 0.000225096 0.000234315 0.000245965 0.00026256 0.000269263 0.000281503 0.000308973 0.000310315 0.000326748 0.000349718 0.000358862 0.000371518 0.000391181 0.000415559 0.000418298 0.00044678 0.000474796 0.000487144 0.000512945 0.000545444 0.000578534 0.000592004 0.000636628 0.000676363 0.000704331 0.00073994 0.000791378 0.000844444 0.000875025 0.000937996 0.00100538 0.00107456 0.00113256 0.00122645 0.00133713 0.00144336 0.00156767 0.0017316 0.00194679 0.00217388 0.00246301 0.00283003 0.00330839 0.0038581 0.0045198 0.00531046 0.00624638 0.00726942 0.0083407 0.00942822 0.0104767 0.0113852 0.012017 0.0122902 0.0121321 0.011516 0.0103821 0.00876133 0.00672046 0.00445066 0.00212185 -4.76149e-05 -0.00190522 -0.0032571 -0.00399864 -0.00404339 -0.00345753 -0.00234117 -0.000900892 0.000693781 0.00221645 0.00349245 0.00429938 0.00450643 0.00400634 0.00284577 0.00110161 -0.00104626 -0.00345159 -0.00589684 -0.00820343 -0.0101534 -0.011642 -0.0126011 -0.0130708 -0.0130643 -0.0126439 -0.0118736 -0.0108907 -0.00980746 -0.00870322 -0.00761477 -0.00658874 -0.00569088 -0.00492863 -0.00428953 -0.00373035 -0.00328636 -0.00293446 -0.00266334 -0.00241136 -0.00221336 -0.00205943 -0.00193861 -0.00181226 -0.00170247 -0.00162855 -0.00155445 -0.00147883 -0.00140411 -0.00136644 -0.00131057 -0.00125586 -0.0012106 -0.00118395 -0.0011435 -0.00109737 -0.00108067 -0.00105129 -0.00102056 -0.000989884 -0.000980854 -0.000951957 -0.000922019 -0.000914183 -0.000890856 -0.000868306 -0.00084907 -0.000842922 -0.000817212 -0.000800705 -0.000800553 -0.000778451 -0.000768782 -0.000761753 -0.000751813 -0.000740102 -0.000734677 -0.000723889 -0.000701978 -0.000709124 -0.000701902 -0.0006771 -0.000674364 -0.000673598 -0.000671466 -0.000665274 -0.000656669 -0.000650573 -0.000647709 -0.000644314 -0.000637352 -0.000636343 -0.000624136 -0.000616545 -0.000624741 -0.000617168 -0.000618627 -0.000623549 -0.000609045 -0.000607816 -0.000606057 -0.000597869 -0.000603171 -0.000603024 -0.000602534 -0.000605096 -0.00059981 -0.000598788 
0 7.36944e-06 1.94212e-05 2.35304e-05 2.7754e-05 4.2327e-05 4.7728e-05 5.46933e-05 7.02026e-05 6.87895e-05 7.88362e-05 9.68605e-05 9.15089e-05 0.000107901 0.000123979 0.000115272 0.000135397 0.000149048 0.00014819 0.000166336 0.000174451 0.000182987 0.000189511 0.000201561 0.000227009 0.000223344 0.000231393 0.000255068 0.000264513 0.000279492 0.00028513 0.000303573 0.000321722 0.000329492 0.000351734 0.000360965 0.000381644 0.000401407 0.000413256 0.000438631 0.000454753 0.000479317 0.000497904 0.000522741 0.000551179 0.000568617 0.000603533 0.000629811 0.000660082 0.000691295 0.000728046 0.000767652 0.000798194 0.000848665 0.000892811 0.000940488 0.000990233 0.00105263 0.00111787 0.00117624 0.00125674 0.00134123 0.0014352 0.00152801 0.00165061 0.0017905 0.00194148 0.00211952 0.00234114 0.00261993 0.00293851 0.00333847 0.00383831 0.00446927 0.00521542 0.00610937 0.00716807 0.00839438 0.00973918 0.0111473 0.0125682 0.013913 0.0150611 0.0158512 0.016175 0.015933 0.0150809 0.0135643 0.0114264 0.00876752 0.00581121 0.0027867 -3.66007e-05 -0.00243852 -0.00418779 -0.00513927 -0.00520713 -0.00445653 -0.00302912 -0.00116703 0.000888778 0.00285878 0.00449352 0.00552907 0.00578462 0.00514468 0.00364501 0.00139432 -0.00139743 -0.00451857 -0.00769964 -0.0106971 -0.0132555 -0.0152288 -0.0165298 -0.0171828 -0.0172117 -0.0167003 -0.0157403 -0.0144922 -0.0130886 -0.011642 -0.0102142 -0.00887341 -0.00767986 -0.00665342 -0.00578469 -0.00504342 -0.00444261 -0.00395832 -0.00357486 -0.00324347 -0.00297748 -0.00276187 -0.00258686 -0.00242579 -0.00228538 -0.00217558 -0.0020725 -0.00197909 -0.00188827 -0.00182281 -0.00175186 -0.00168613 -0.00162801 -0.00157814 -0.00153035 -0.00147651 -0.0014421 -0.00139969 -0.0013631 -0.00132628 -0.00129668 -0.00126807 -0.00123249 -0.00121391 -0.00118405 -0.00116176 -0.00113919 -0.00111799 -0.00110122 -0.00107539 -0.00106562 -0.00104429 -0.00102875 -0.00101606 -0.000994854 -0.000990375 -0.000973422 -0.000959844 -0.000946046 -0.000936326 -0.000938449 -0.000913034 -0.000901945 -0.000903825 -0.00089432 -0.000886187 -0.000869312 -0.000871498 -0.000865771 -0.00084713 -0.000857261 -0.000846848 -0.000831233 -0.000838926 -0.000829723 -0.000824083 -0.000825098 -0.000818323 -0.00081563 -0.000809396 -0.000809444 -0.000809302 -0.000802008 -0.000806835 -0.00080281 -0.00079554 -0.000803547 -0.000798184 
0 1.7648e-05 1.71693e-05 3.70812e-05 4.2327e-05 4.12243e-05 6.37774e-05 6.35682e-05 7.3481e-05 0.000105252 0.000101878 0.000109243 0.000132863 0.000126523 0.000137942 0.000167003 0.000167701 0.000172707 0.000193015 0.000201143 0.000215094 0.00023625 0.000253986 0.000261115 0.000249504 0.000280419 0.000318921 0.000305662 0.000319094 0.000345971 0.000367461 0.000386515 0.000394658 0.000423758 0.000433734 0.000460665 0.000482352 0.000486958 0.000529439 0.000540807 0.000568759 0.000596725 0.000624132 0.000660754 0.000676588 0.000731527 0.000750582 0.000790527 0.000833204 0.000868134 0.000918478 0.000948431 0.0010193 0.00105321 0.0011183 0.00117724 0.00124505 0.00132061 0.00138656 0.00149301 0.00156978 0.00169024 0.00179148 0.00193853 0.00207869 0.00225146 0.00245357 0.00268383 0.00297829 0.00330625 0.00374477 0.00424548 0.00490564 0.00567342 0.00664139 0.00776077 0.00909783 0.0105959 0.0122497 0.0139759 0.0156968 0.017304 0.0186332 0.0195524 0.0198766 0.0195404 0.0184145 0.0165339 0.0138816 0.010672 0.00706735 0.00343191 -3.97184e-06 -0.00287147 -0.00499326 -0.00610983 -0.00622397 -0.00531663 -0.0036429 -0.00139203 0.0010501 0.00343244 0.00535673 0.00660502 0.00687674 0.00613325 0.00431483 0.00163539 -0.00175635 -0.00550357 -0.00937405 -0.0129828 -0.0161331 -0.0185591 -0.0202324 -0.021073 -0.0211869 -0.0206108 -0.0195252 -0.0180502 -0.016372 -0.0146054 -0.0128607 -0.0112261 -0.00973681 -0.00845351 -0.00733365 -0.00642418 -0.00564148 -0.00503544 -0.00450816 -0.0041127 -0.00375932 -0.0034887 -0.00324549 -0.00305055 -0.00288447 -0.0027245 -0.00260464 -0.00247482 -0.00238985 -0.00227289 -0.00220234 -0.00211551 -0.00204921 -0.00197674 -0.00191066 -0.00186846 -0.00179439 -0.00175868 -0.00170026 -0.00166915 -0.00161547 -0.00157964 -0.00155593 -0.00150458 -0.00148855 -0.00145075 -0.00143294 -0.00139713 -0.00137671 -0.00136363 -0.00132068 -0.0013153 -0.00128673 -0.0012683 -0.00125301 -0.00122553 -0.0012143 -0.001199 -0.00120195 -0.00116821 -0.00114315 -0.00116639 -0.00115077 -0.0011228 -0.00110636 -0.00110166 -0.00110355 -0.00108366 -0.00107577 -0.00107559 -0.0010556 -0.00105151 -0.00106324 -0.00105011 -0.00103474 -0.00103711 -0.00102327 -0.00101195 -0.00102312 -0.00102046 -0.00101185 -0.00101615 -0.00101072 -0.000999188 -0.00100143 -0.00100183 -0.000994699 -0.00100035 
0 9.72554e-06 1.2593e-05 3.47464e-05 4.7728e-05 6.37774e-05 8.23731e-05 8.32426e-05 0.000102512 0.000105971 0.000107838 0.000142986 0.00014378 0.000159266 0.000190954 0.00017757 0.000199906 0.000228002 0.00022739 0.000248613 0.000261806 0.000268509 0.000276643 0.000309774 0.000343616 0.000337648 0.000359873 0.000378351 0.000399599 0.000432138 0.000422673 0.00045012 0.000483518 0.000496192 0.000520705 0.000547131 0.000582394 0.000595379 0.000636086 0.000668887 0.000681389 0.00072781 0.00075706 0.000787117 0.00081807 0.000868107 0.000905025 0.000935308 0.00100084 0.00104523 0.00109462 0.00115012 0.00122508 0.0012828 0.00134288 0.00143311 0.0015117 0.00159412 0.00168133 0.00180259 0.00190958 0.00202762 0.00217124 0.00234024 0.00251901 0.00271571 0.00297201 0.00326806 0.00362018 0.00403327 0.00456769 0.00521628 0.00600831 0.00696049 0.00812518 0.00950551 0.0110944 0.0128724 0.0148055 0.0168276 0.0188121 0.0206253 0.0220965 0.0230757 0.0233806 0.0228904 0.0215026 0.0192289 0.0161268 0.0123845 0.00823832 0.00403126 9.71666e-05 -0.00320516 -0.00560895 -0.00690172 -0.00702813 -0.00603395 -0.00412911 -0.00159063 0.00120732 0.00389835 0.00609118 0.0074737 0.00778496 0.00691744 0.00486465 0.00178578 -0.00208853 -0.00641617 -0.0108581 -0.0150474 -0.0187079 -0.0216029 -0.0236231 -0.0247078 -0.02492 -0.0243537 -0.0231811 -0.0215495 -0.0196378 -0.0175916 -0.0155637 -0.0136434 -0.0118878 -0.0103255 -0.00898092 -0.00786213 -0.0069277 -0.00615383 -0.00551138 -0.00500966 -0.00459054 -0.0042403 -0.00393448 -0.00369988 -0.0034926 -0.00330158 -0.00313104 -0.00299516 -0.00287442 -0.00274127 -0.00263777 -0.00254617 -0.00246416 -0.00236473 -0.00229921 -0.00223854 -0.00216664 -0.0021041 -0.00205547 -0.0020134 -0.00194526 -0.00191225 -0.00187269 -0.00182463 -0.00178258 -0.00175222 -0.00172074 -0.00166894 -0.00165622 -0.00162242 -0.00158787 -0.00157311 -0.00154892 -0.00152474 -0.00149804 -0.00150024 -0.00146738 -0.0014361 -0.00143473 -0.00140934 -0.00140345 -0.00137431 -0.00134598 -0.00135472 -0.00134949 -0.00133242 -0.00130841 -0.00131218 -0.00130099 -0.00127814 -0.0012952 -0.00126775 -0.00124526 -0.00125812 -0.00123712 -0.001242 -0.00124825 -0.00123068 -0.00123196 -0.00121744 -0.00120984 -0.0012127 -0.00120172 -0.00121156 -0.00121088 -0.00120103 -0.00121023 -0.00119793 
0 2.08264e-05 3.04592e-05 4.8388e-05 5.46933e-05 6.35682e-05 8.32426e-05 9.39658e-05 0.000117401 0.000132291 0.000141161 0.000167552 0.000169492 0.000182426 0.000212228 0.00021259 0.000235408 0.000259383 0.00026205 0.000288196 0.0003099 0.00032683 0.000343718 0.000359832 0.00038111 0.000391963 0.000422429 0.000442655 0.000456614 0.000495071 0.000507279 0.00053611 0.000572139 0.000584259 0.000615433 0.000645464 0.000674515 0.000696503 0.000734054 0.000774849 0.000793238 0.000845112 0.000887205 0.000919452 0.000967909 0.00102026 0.00106834 0.00110601 0.00117704 0.00123263 0.00128063 0.00135283 0.00142892 0.0015001 0.00156714 0.0016729 0.00176791 0.0018592 0.00197308 0.00210981 0.00224699 0.00237995 0.00256196 0.00276231 0.00297847 0.00321586 0.00352545 0.00389212 0.00430936 0.00481746 0.00545812 0.00625449 0.00719315 0.00833346 0.00970616 0.0113367 0.0131752 0.015213 0.0174047 0.0196789 0.0218792 0.0238404 0.0253956 0.026377 0.0266099 0.0259306 0.0242628 0.0216094 0.0180899 0.0138796 0.00926634 0.00458171 0.000233316 -0.0034202 -0.00605407 -0.00748908 -0.00763755 -0.00658561 -0.00451382 -0.0017553 0.0013136 0.00424222 0.00663234 0.00810982 0.00843891 0.0074701 0.00522647 0.00182839 -0.0024428 -0.00724944 -0.0121773 -0.0168674 -0.0209901 -0.024324 -0.0266956 -0.0280485 -0.028407 -0.0279062 -0.0267071 -0.02498 -0.0228896 -0.0206138 -0.0183309 -0.0161479 -0.0141301 -0.0122996 -0.0107185 -0.00938351 -0.00827595 -0.00733037 -0.00655763 -0.00593812 -0.00543946 -0.00500529 -0.00463782 -0.0043516 -0.0041056 -0.00387999 -0.0036717 -0.00351887 -0.00337028 -0.00322427 -0.00309311 -0.00299419 -0.00289307 -0.00277957 -0.00269999 -0.00262343 -0.00254418 -0.00245959 -0.00240666 -0.00234675 -0.0022732 -0.00222762 -0.00218018 -0.00213084 -0.0020773 -0.0020501 -0.0020097 -0.00196058 -0.00194143 -0.0019034 -0.00186796 -0.00183855 -0.00181541 -0.00178248 -0.001748 -0.00173906 -0.00170424 -0.00168425 -0.00167263 -0.00164141 -0.00163402 -0.00161763 -0.00159839 -0.00158332 -0.00156631 -0.0015525 -0.00153109 -0.00153118 -0.00151491 -0.00149083 -0.0014995 -0.00148163 -0.00147133 -0.00147797 -0.0014558 -0.00144921 -0.00144303 -0.00142902 -0.00143144 -0.00142384 -0.00142361 -0.00142417 -0.00141066 -0.00141286 -0.00140632 -0.00139698 -0.00140687 -0.00140139 
0 2.04413e-05 2.54984e-05 5.00915e-05 7.02026e-05 7.3481e-05 0.000102512 0.000117401 0.000116231 0.000155491 0.000169362 0.000168544 0.000211249 0.000215419 0.000220938 0.0002672 0.00027058 0.000283886 0.00031438 0.000325268 0.000349482 0.000366273 0.000401741 0.000421523 0.000415002 0.000463884 0.000493964 0.00050513 0.000530053 0.000550241 0.000596023 0.000613253 0.000639282 0.000677423 0.000698569 0.000747028 0.000768368 0.000805734 0.000850549 0.0008801 0.000928575 0.00096283 0.00101886 0.00105692 0.00110659 0.0011711 0.00121277 0.00128003 0.00133993 0.00141398 0.0014749 0.00155377 0.00164692 0.00171975 0.00181886 0.00192026 0.00203977 0.00214323 0.00227787 0.00243244 0.00258364 0.00275457 0.00295199 0.00319552 0.00343823 0.00373531 0.00409358 0.00453218 0.00503148 0.00564113 0.00641102 0.00734659 0.00846531 0.00979228 0.0113983 0.0132578 0.015354 0.0176266 0.0200597 0.0225332 0.0248968 0.0269465 0.0285235 0.0294505 0.0295483 0.0286524 0.0266831 0.0236805 0.0197716 0.0151742 0.0101632 0.00511619 0.000434146 -0.00346884 -0.00629172 -0.00782301 -0.00801697 -0.0069257 -0.00476825 -0.00185265 0.00137991 0.00447906 0.00697751 0.00852133 0.00883335 0.00779836 0.00539641 0.00177741 -0.00280768 -0.00796864 -0.0132999 -0.018393 -0.0229339 -0.0266576 -0.0293878 -0.0310222 -0.0315869 -0.0312066 -0.0300508 -0.0282912 -0.026088 -0.0236468 -0.0211449 -0.0187343 -0.0164589 -0.0143898 -0.0125589 -0.0110162 -0.00970448 -0.00859996 -0.0076751 -0.00693719 -0.00633516 -0.00581813 -0.00538744 -0.00503327 -0.00474839 -0.00447243 -0.00424368 -0.00404421 -0.00387793 -0.00370518 -0.00355567 -0.00343546 -0.00331038 -0.00319823 -0.00308799 -0.00301033 -0.00291064 -0.00282887 -0.00275779 -0.0026861 -0.00262075 -0.00254992 -0.00250781 -0.00243969 -0.00239224 -0.00234685 -0.00229638 -0.00225814 -0.0022083 -0.00218369 -0.00213473 -0.00210299 -0.00207658 -0.00203679 -0.00202049 -0.00197686 -0.00195705 -0.00194027 -0.00191271 -0.00188949 -0.00185009 -0.00185719 -0.00184091 -0.00179724 -0.00178938 -0.00177518 -0.00176904 -0.00174432 -0.00172817 -0.00173377 -0.00169637 -0.00169437 -0.00170302 -0.00166759 -0.00166844 -0.00166508 -0.00164207 -0.00164606 -0.00164115 -0.00163161 -0.00162779 -0.00162106 -0.0016191 -0.00161081 -0.0016099 -0.00161211 -0.00160192 -0.00160559 
0 6.68418e-06 4.11867e-05 4.58338e-05 6.87895e-05 0.000105252 0.000105971 0.000132291 0.000155491 0.000153284 0.000184453 0.000204488 0.000217135 0.000253315 0.000269065 0.000282515 0.000304259 0.000327783 0.000356 0.000370744 0.000395319 0.000418335 0.000426328 0.000462145 0.000511666 0.000526833 0.000530257 0.000572731 0.000614406 0.000632538 0.000658438 0.000687204 0.00072514 0.000761018 0.000796168 0.000830724 0.000870573 0.000921471 0.000953087 0.00100195 0.0010503 0.00109391 0.00114699 0.00119575 0.00125955 0.00130847 0.0013784 0.0014455 0.00151322 0.00159526 0.00166996 0.0017675 0.00185036 0.00195855 0.0020614 0.00217999 0.00230733 0.00243618 0.00259534 0.00275086 0.00294232 0.00313108 0.00337273 0.00363037 0.00393201 0.00427997 0.00470025 0.0052115 0.00580124 0.00654038 0.00742869 0.00853369 0.00982002 0.0113755 0.013188 0.0152928 0.0176094 0.0201187 0.0227407 0.0253698 0.0278251 0.0299026 0.0314398 0.0322413 0.0321564 0.0309959 0.0287373 0.0253918 0.021163 0.0162269 0.0109338 0.00560504 0.000719689 -0.00337147 -0.00629711 -0.00792439 -0.00814215 -0.00707589 -0.00487104 -0.00191266 0.00141438 0.00456478 0.00712457 0.00865932 0.00896417 0.0078514 0.0053678 0.0015832 -0.00318373 -0.00861076 -0.0142152 -0.0196486 -0.0245199 -0.0286119 -0.0316683 -0.0336206 -0.0344275 -0.0342415 -0.0331889 -0.0314661 -0.0292238 -0.0266768 -0.0240169 -0.0213914 -0.0188987 -0.0165835 -0.0145349 -0.0127466 -0.0112436 -0.00994465 -0.00888309 -0.00799222 -0.0072822 -0.00666973 -0.00616992 -0.00574947 -0.00539727 -0.0050943 -0.00481864 -0.00459649 -0.00438031 -0.00420554 -0.00402612 -0.00388365 -0.00373987 -0.00361553 -0.00349988 -0.00338636 -0.00329655 -0.00319561 -0.00311796 -0.00302918 -0.00296324 -0.00288986 -0.00281912 -0.00276468 -0.0026996 -0.00264767 -0.00258844 -0.00254772 -0.00249493 -0.0024469 -0.00241666 -0.00237157 -0.00233605 -0.00230036 -0.00227269 -0.00224369 -0.00221335 -0.00217933 -0.00214417 -0.00214004 -0.00211605 -0.0020648 -0.00204485 -0.00204856 -0.00202954 -0.00199787 -0.00198461 -0.001969 -0.00195433 -0.00194334 -0.00193066 -0.00191671 -0.00188881 -0.00188319 -0.00188394 -0.00186532 -0.00186925 -0.00186232 -0.00184016 -0.00184066 -0.00183047 -0.00181995 -0.00182465 -0.0018191 -0.00181603 -0.00181642 -0.00180999 -0.00180812 
0 2.09203e-05 5.51752e-05 6.22312e-05 7.88362e-05 0.000101878 0.000107838 0.000141161 0.000169362 0.000184453 0.000218347 0.000230256 0.000246464 0.000274571 0.000284712 0.000319017 0.000346879 0.00035936 0.000393239 0.0004133 0.000437901 0.000478139 0.000501189 0.000518191 0.000543172 0.000573002 0.000604132 0.000645363 0.00067028 0.000693398 0.00074808 0.000782906 0.000810041 0.000853794 0.000893893 0.000927753 0.000970501 0.00102362 0.00105598 0.00111007 0.00117241 0.00121659 0.00127724 0.00134376 0.00141158 0.00146646 0.00154803 0.00162789 0.00169368 0.00178437 0.00187595 0.00197431 0.00206386 0.0021871 0.00230897 0.00243053 0.00257531 0.00273255 0.00290974 0.00308251 0.00330239 0.00353477 0.00380285 0.00409801 0.00445273 0.00486975 0.00535309 0.0059433 0.0066448 0.00751433 0.0085462 0.00980993 0.0112976 0.0130687 0.0151053 0.0174221 0.0199579 0.0226622 0.0254393 0.0281545 0.0306365 0.0326748 0.0341027 0.0347197 0.0343878 0.0329452 0.0303862 0.026746 0.0222342 0.0170541 0.0115553 0.00607512 0.00107219 -0.00309764 -0.00608988 -0.00776505 -0.00803476 -0.00700816 -0.00484523 -0.0019121 0.00138552 0.00451361 0.00703593 0.00853571 0.00879334 0.00763938 0.00509971 0.00125265 -0.00361091 -0.00916566 -0.0149545 -0.0206169 -0.0257669 -0.0301603 -0.0335374 -0.0358063 -0.0369116 -0.0369722 -0.0360963 -0.0344765 -0.0322684 -0.0296903 -0.0269216 -0.0241293 -0.02143 -0.0189047 -0.0166274 -0.0146091 -0.0128797 -0.0113955 -0.0101669 -0.00912477 -0.00827748 -0.00756533 -0.00698806 -0.00648996 -0.0060724 -0.00572365 -0.00541993 -0.00515405 -0.00490634 -0.00471175 -0.00451853 -0.00434713 -0.00418326 -0.00405309 -0.00391924 -0.00378542 -0.00368132 -0.00357663 -0.00347705 -0.00337352 -0.00330383 -0.00321902 -0.0031349 -0.00307438 -0.00301144 -0.0029465 -0.00288412 -0.00284659 -0.00278643 -0.00273363 -0.00269955 -0.0026488 -0.00260362 -0.00256799 -0.00253082 -0.00248095 -0.00245759 -0.002436 -0.00238921 -0.00236529 -0.00234684 -0.00232339 -0.00230302 -0.00227596 -0.00224358 -0.00222688 -0.00221807 -0.00218809 -0.00217228 -0.00215751 -0.00213234 -0.0021347 -0.00212398 -0.00210723 -0.00210175 -0.00207756 -0.0020658 -0.00206024 -0.00204771 -0.00204985 -0.0020452 -0.00203587 -0.0020325 -0.00202295 -0.00201672 -0.00201497 -0.00201234 -0.00201338 
0 2.39206e-05 3.31342e-05 6.45033e-05 9.68605e-05 0.000109243 0.000142986 0.000167552 0.000168544 0.000204488 0.000230256 0.000239037 0.000286824 0.000307019 0.000315824 0.000362732 0.000379791 0.000396136 0.000435399 0.000458805 0.000482731 0.000508419 0.00054956 0.000581499 0.000599852 0.000645697 0.000676707 0.00071118 0.000743463 0.000765713 0.000827085 0.000854543 0.000883793 0.000945048 0.000981351 0.00103023 0.00107739 0.00113518 0.00118159 0.00123036 0.00130753 0.00134512 0.00141297 0.00148839 0.00154925 0.00162265 0.00170108 0.00180113 0.00186792 0.00197315 0.00208664 0.00218356 0.00230067 0.00242734 0.00257894 0.00269994 0.00286778 0.00304939 0.00323599 0.0034373 0.00367125 0.0039569 0.00423737 0.00458696 0.00498896 0.00548448 0.00603738 0.00671717 0.00755105 0.00855428 0.00975677 0.0111803 0.0128986 0.0148763 0.0171492 0.0196527 0.0223985 0.0252552 0.0281441 0.0308784 0.0333195 0.0352518 0.0364994 0.0368766 0.0362414 0.0345062 0.0316448 0.0277609 0.0230116 0.0176828 0.0120613 0.00655522 0.00152269 -0.00262474 -0.0056458 -0.00732825 -0.0076737 -0.00670691 -0.00467022 -0.00183718 0.00131074 0.00433607 0.0067273 0.00816126 0.00833733 0.00717265 0.00460563 0.000791468 -0.00408081 -0.0096299 -0.0155075 -0.0212867 -0.0266535 -0.0312782 -0.0349606 -0.0375377 -0.038987 -0.0393418 -0.0387162 -0.0372675 -0.0351715 -0.032638 -0.0298221 -0.0269203 -0.0240416 -0.0213432 -0.0188398 -0.0166122 -0.0146372 -0.0129741 -0.0115537 -0.0103633 -0.00935714 -0.00853793 -0.00786903 -0.00728444 -0.00679973 -0.00638432 -0.00605572 -0.00572827 -0.00545747 -0.00521998 -0.00501657 -0.00481028 -0.00462343 -0.00448473 -0.00432594 -0.00418863 -0.00405687 -0.00396098 -0.00383997 -0.00373211 -0.00365752 -0.00356045 -0.00347802 -0.00339512 -0.00333863 -0.00325483 -0.00318525 -0.0031418 -0.00306581 -0.00301679 -0.00296588 -0.00291951 -0.0028681 -0.00282794 -0.00280271 -0.00274025 -0.00271632 -0.00269114 -0.00264425 -0.00261758 -0.00257778 -0.00255928 -0.00253336 -0.00249502 -0.00247864 -0.00245957 -0.00244329 -0.0024114 -0.00239812 -0.0023961 -0.00235384 -0.00234768 -0.00234383 -0.00230303 -0.00230528 -0.00230159 -0.00227662 -0.00228106 -0.00227065 -0.00225121 -0.00224973 -0.00224063 -0.00223242 -0.00223232 -0.00222775 -0.00222342 -0.00222149 -0.00221802 
0 1.71044e-05 5.7218e-05 7.071e-05 9.15089e-05 0.000132863 0.00014378 0.000169492 0.000211249 0.000217135 0.000246464 0.000286824 0.000291632 0.000329752 0.000370316 0.000377704 0.000411352 0.000445295 0.000473815 0.000504827 0.000532656 0.00057498 0.000585567 0.000618512 0.000686972 0.000703409 0.000728915 0.000769512 0.000818049 0.0008684 0.000886577 0.000939056 0.000984376 0.00103127 0.00108585 0.0011172 0.0011895 0.00123714 0.00129106 0.00135944 0.00141602 0.00149129 0.00154698 0.00163873 0.00170709 0.00178251 0.00188559 0.00196655 0.00206969 0.00216415 0.00229568 0.00240091 0.00252476 0.00267946 0.00282189 0.00298452 0.00315011 0.00337104 0.00356729 0.00380135 0.00407207 0.00438393 0.00472098 0.00510138 0.00559105 0.00613941 0.00679878 0.00756908 0.00854991 0.00969956 0.0110719 0.0126896 0.014614 0.0168253 0.019288 0.0219958 0.0248834 0.0278778 0.0307882 0.0335007 0.0358085 0.0375794 0.0385682 0.0386549 0.0376791 0.0356358 0.0324984 0.0284018 0.0234978 0.0180866 0.0124655 0.0070163 0.00208072 -0.00199271 -0.00496137 -0.0066592 -0.00705592 -0.00621721 -0.00434056 -0.00173043 0.00119866 0.00399242 0.00620925 0.00749742 0.00760571 0.00641059 0.0038885 0.000150005 -0.0046057 -0.010065 -0.0158965 -0.0217159 -0.0271988 -0.0320112 -0.0359517 -0.0388401 -0.0406518 -0.0413471 -0.0410409 -0.0398245 -0.0379308 -0.0354929 -0.0327236 -0.02974 -0.0267581 -0.0238765 -0.0211981 -0.0187345 -0.0165453 -0.0146616 -0.0130535 -0.0116884 -0.0105162 -0.00957681 -0.0087837 -0.00812868 -0.00754306 -0.00708643 -0.00668804 -0.00633576 -0.0060178 -0.00575164 -0.00552844 -0.00528924 -0.00510016 -0.00491813 -0.00476852 -0.00459659 -0.00446361 -0.00434432 -0.00421169 -0.00410447 -0.00399368 -0.00391201 -0.00379998 -0.00372458 -0.00364786 -0.00356169 -0.00349984 -0.00342456 -0.00337345 -0.00329853 -0.00325289 -0.00320365 -0.00313817 -0.00310358 -0.0030486 -0.00301953 -0.00297109 -0.00291908 -0.00289735 -0.00286464 -0.00283975 -0.00278152 -0.00275515 -0.00275965 -0.0027154 -0.00268516 -0.00266281 -0.00264463 -0.00262565 -0.00259627 -0.0025964 -0.00256677 -0.00253503 -0.00254659 -0.00252247 -0.00250257 -0.00250928 -0.00248442 -0.0024701 -0.00247177 -0.00245477 -0.00244842 -0.00244874 -0.00243772 -0.0024345 -0.00243316 -0.00242563 -0.0024253 
0 3.32744e-05 5.55893e-05 8.66108e-05 0.000107901 0.000126523 0.000159266 0.000182426 0.000215419 0.000253315 0.000274571 0.000307019 0.000329752 0.000352481 0.000390126 0.000411629 0.00045526 0.000490739 0.0005049 0.000552255 0.000580456 0.00061349 0.000666885 0.000690711 0.000716022 0.000750031 0.000809502 0.000853925 0.000877959 0.000932993 0.000973427 0.00103207 0.00108183 0.00111578 0.00118211 0.00122987 0.00129127 0.00134509 0.00140826 0.0014825 0.00153878 0.00162651 0.00169461 0.00178107 0.00186675 0.00195299 0.00205872 0.00214723 0.00226589 0.00237149 0.00250218 0.0026281 0.00276615 0.00292994 0.00308483 0.00327109 0.00345836 0.00369156 0.00391774 0.00418321 0.00448888 0.00483329 0.00522209 0.00566369 0.00622098 0.00685177 0.00761259 0.00851076 0.00963261 0.0109491 0.0125044 0.0143299 0.0164671 0.0188918 0.0215471 0.0244206 0.0274308 0.0304854 0.0333755 0.0359792 0.0381045 0.0396237 0.0403064 0.0400409 0.0387127 0.0363508 0.0329689 0.0287025 0.0237182 0.018312 0.01279 0.00750008 0.00274835 -0.00117442 -0.00405019 -0.00573676 -0.00620084 -0.00551832 -0.00387502 -0.00156529 0.00103849 0.00351808 0.00547806 0.00658257 0.00659644 0.00538918 0.00294366 -0.00064728 -0.00520322 -0.0104663 -0.0161469 -0.0219045 -0.0274152 -0.0323535 -0.0365057 -0.039697 -0.041869 -0.0429513 -0.0430067 -0.0421104 -0.0404732 -0.0382223 -0.0355499 -0.0325752 -0.0295233 -0.026513 -0.0236638 -0.0209975 -0.0185931 -0.0164885 -0.0146764 -0.0131221 -0.0117868 -0.0106959 -0.0097782 -0.00902026 -0.00835368 -0.00782208 -0.00735979 -0.00696476 -0.00660821 -0.00630553 -0.00604556 -0.00579107 -0.00557918 -0.00537148 -0.00520271 -0.00502195 -0.00487318 -0.00472919 -0.00459345 -0.00447511 -0.00434859 -0.00425353 -0.00414154 -0.00405589 -0.00396175 -0.00388122 -0.00381005 -0.0037245 -0.00367076 -0.00359651 -0.00353831 -0.00347667 -0.00342427 -0.00337679 -0.00330741 -0.00327451 -0.00322578 -0.0031875 -0.00314938 -0.00309287 -0.00307493 -0.00305142 -0.00301763 -0.0029692 -0.00294093 -0.00293322 -0.00289159 -0.002875 -0.00285047 -0.00281191 -0.00280894 -0.00278982 -0.00277544 -0.00276502 -0.00273749 -0.00272531 -0.0027074 -0.00269344 -0.00269124 -0.00267876 -0.00267239 -0.00266524 -0.00265332 -0.00264844 -0.00264248 -0.00263746 -0.00263613 -0.00263344 
0 3.40808e-05 3.89182e-05 8.62859e-05 0.000123979 0.000137942 0.000190954 0.000212228 0.000220938 0.000269065 0.000284712 0.000315824 0.000370316 0.000390126 0.000428195 0.000457601 0.000484218 0.000528296 0.000544918 0.000598129 0.000638561 0.000645781 0.000711866 0.000751513 0.000780326 0.000841322 0.000874609 0.00091474 0.0009586 0.00101002 0.00105864 0.00109995 0.00116684 0.00121054 0.00127423 0.00134853 0.00139313 0.00146886 0.00154076 0.00160765 0.00167871 0.00175958 0.00184853 0.00191891 0.00202286 0.00212339 0.00221864 0.00233533 0.00245554 0.00258722 0.00271198 0.00286734 0.00302549 0.00318738 0.00337333 0.00356961 0.0037929 0.00402181 0.00429218 0.00458687 0.00492405 0.00530854 0.00574761 0.00627304 0.00688491 0.00762471 0.00848961 0.00954627 0.0108076 0.0123103 0.014063 0.016106 0.0184558 0.0210717 0.0239143 0.0269125 0.0300123 0.0330471 0.0358673 0.038281 0.0401716 0.0413553 0.0416874 0.0410233 0.0393425 0.0366646 0.0330753 0.0286878 0.0237017 0.0183902 0.0130626 0.00802442 0.00353329 -0.000172401 -0.00291859 -0.00457179 -0.00511889 -0.00462262 -0.00328103 -0.00134531 0.000836588 0.00292402 0.00455076 0.0054326 0.00532666 0.00412176 0.00178202 -0.00159904 -0.00588231 -0.0108553 -0.0162861 -0.0218807 -0.0273278 -0.0323249 -0.0366376 -0.0401116 -0.0426299 -0.0441282 -0.0445806 -0.0440833 -0.0427582 -0.0407793 -0.0382599 -0.0353856 -0.032312 -0.0292322 -0.0262278 -0.0233955 -0.0207852 -0.0184654 -0.0164368 -0.0146802 -0.0131824 -0.0119155 -0.0108674 -0.0099763 -0.00923889 -0.00860545 -0.00807931 -0.00762182 -0.00722995 -0.00688339 -0.00657219 -0.00630863 -0.00605918 -0.00583892 -0.00562939 -0.00545562 -0.00528348 -0.00511875 -0.00498277 -0.00484873 -0.00472434 -0.00459843 -0.00450358 -0.00439738 -0.00428982 -0.00421144 -0.00412108 -0.0040367 -0.00395552 -0.0038946 -0.00382025 -0.00374585 -0.00370591 -0.00363811 -0.00358742 -0.00354467 -0.00348767 -0.00344867 -0.00340639 -0.00336795 -0.00331292 -0.00328087 -0.00325668 -0.00319867 -0.00319047 -0.00316365 -0.00311208 -0.00310786 -0.00308237 -0.00305975 -0.00303876 -0.00300694 -0.00299597 -0.00296211 -0.00295106 -0.00295414 -0.00292274 -0.00292115 -0.00291167 -0.00288299 -0.00288555 -0.00287502 -0.00286123 -0.00286367 -0.00285371 -0.00284625 -0.00284748 -0.00284326 
0 2.20451e-05 7.95444e-05 9.19682e-05 0.000115272 0.000167003 0.00017757 0.00021259 0.0002672 0.000282515 0.000319017 0.000362732 0.000377704 0.000411629 0.000457601 0.000491497 0.000522181 0.000564666 0.000609583 0.00063553 0.000680726 0.000731457 0.000754124 0.000795217 0.000848757 0.000900168 0.000938123 0.000970134 0.00104745 0.00110371 0.00113417 0.00120089 0.00126052 0.00131523 0.00137658 0.00144249 0.0015061 0.00157288 0.00166209 0.0017286 0.00180777 0.00191062 0.00199374 0.00208537 0.00219263 0.00230662 0.00240626 0.00252697 0.00266943 0.00279322 0.00293569 0.00310135 0.00327607 0.00344748 0.00364837 0.00388153 0.00411425 0.00437451 0.00467557 0.00501922 0.00539013 0.00582116 0.00633656 0.00693398 0.00763565 0.00847067 0.00948367 0.0106857 0.0121153 0.0137995 0.0157671 0.0180261 0.020568 0.0233647 0.0263496 0.0294532 0.0325583 0.0355295 0.0381829 0.0403681 0.041931 0.04274 0.0426521 0.0415883 0.0395424 0.0365841 0.0328159 0.0283746 0.0234624 0.0183387 0.0132966 0.00858783 0.00443058 0.000988835 -0.00158315 -0.00319875 -0.00382904 -0.00356651 -0.00257156 -0.00109492 0.000598919 0.00220513 0.00344719 0.00404935 0.00381475 0.00260668 0.000411406 -0.00272035 -0.00666091 -0.0112719 -0.01636 -0.0216962 -0.0269911 -0.0319698 -0.0363982 -0.0401093 -0.0429685 -0.0448709 -0.0457734 -0.0457091 -0.0447856 -0.0431184 -0.0408499 -0.0381238 -0.0351244 -0.0320019 -0.0288994 -0.0259106 -0.0231258 -0.02059 -0.0183356 -0.0163712 -0.0146838 -0.013247 -0.0120249 -0.0110103 -0.0101617 -0.00944428 -0.00882475 -0.00831046 -0.00787542 -0.00748215 -0.00713376 -0.00683644 -0.00657846 -0.00632098 -0.00609562 -0.0059039 -0.00571811 -0.0055341 -0.00537481 -0.00524127 -0.00508894 -0.00495626 -0.00484639 -0.00473285 -0.00461823 -0.00452275 -0.00444375 -0.00434164 -0.00426363 -0.00419752 -0.00411621 -0.0040493 -0.00398565 -0.00392257 -0.00385683 -0.00381302 -0.00375755 -0.00368424 -0.00365911 -0.00362394 -0.00356584 -0.00352354 -0.00349307 -0.00347309 -0.00342685 -0.00338517 -0.00336831 -0.00333603 -0.00330304 -0.00327861 -0.00326138 -0.00323424 -0.0032079 -0.00321053 -0.00318256 -0.00315141 -0.00315975 -0.00312912 -0.00310732 -0.00312201 -0.00309099 -0.0030798 -0.00309349 -0.00306358 -0.0030651 -0.00307503 -0.00304632 -0.00305669 
0 3.50402e-05 6.75231e-05 0.000102156 0.000135397 0.000167701 0.000199906 0.000235408 0.00027058 0.000304259 0.000346879 0.000379791 0.000411352 0.00045526 0.000484218 0.000522181 0.000570683 0.00060505 0.000646175 0.000686211 0.000727039 0.000770628 0.000821293 0.000879516 0.000904536 0.000944426 0.00101477 0.00106951 0.0011185 0.00115905 0.0012243 0.00129734 0.00135052 0.00141235 0.00147844 0.00155812 0.00162352 0.00169828 0.00178785 0.00185959 0.00195337 0.00204848 0.00214488 0.00224227 0.00235824 0.00248073 0.00258729 0.00272985 0.00287339 0.00301778 0.00317095 0.00335544 0.0035448 0.00372775 0.00395784 0.00420371 0.00446593 0.0047437 0.00508857 0.00546728 0.00588031 0.00636999 0.00695681 0.00764666 0.0084345 0.00940227 0.0105589 0.0119372 0.0135365 0.0154276 0.0176123 0.0200841 0.022809 0.0257557 0.0288625 0.0320074 0.0350726 0.0378915 0.0403304 0.0422027 0.0433947 0.0437575 0.0432315 0.0417468 0.039363 0.0361457 0.0322515 0.027815 0.0230595 0.0182089 0.0135312 0.00922108 0.00544746 0.00231746 -5.87675e-05 -0.00162041 -0.00235629 -0.00235437 -0.00176806 -0.000803704 0.000325271 0.00139499 0.0021856 0.00247535 0.00208208 0.0008818 -0.00115269 -0.00398898 -0.00754082 -0.0117212 -0.0163898 -0.0213758 -0.0264271 -0.0313125 -0.0357907 -0.0397001 -0.0428587 -0.0451659 -0.046521 -0.0469474 -0.0464645 -0.0451921 -0.043225 -0.0407424 -0.0378727 -0.0347908 -0.0316256 -0.0285311 -0.0255913 -0.0228632 -0.0203904 -0.0182082 -0.0163318 -0.014702 -0.0133133 -0.0121393 -0.0111814 -0.0103516 -0.0096453 -0.0090503 -0.00856051 -0.00811847 -0.00771878 -0.00739046 -0.00709518 -0.00682099 -0.00656015 -0.00635435 -0.0061485 -0.00595083 -0.00577768 -0.00562562 -0.00547439 -0.00532243 -0.00520801 -0.00508223 -0.00496477 -0.00485837 -0.00476336 -0.00466601 -0.00457084 -0.00449878 -0.00440859 -0.0043358 -0.00427072 -0.00420172 -0.00413364 -0.00406978 -0.00403068 -0.00397323 -0.00391265 -0.00386065 -0.00382594 -0.0038005 -0.00373767 -0.00369064 -0.00366633 -0.00363619 -0.0036037 -0.00356524 -0.00354065 -0.00350961 -0.00348294 -0.0034728 -0.00344423 -0.00342072 -0.00340375 -0.00337958 -0.00336409 -0.00335134 -0.00333959 -0.00332589 -0.00331507 -0.00330628 -0.00329167 -0.00328753 -0.00328092 -0.00327139 -0.00327373 -0.0032669 
0 4.31157e-05 5.57332e-05 0.000108889 0.000149048 0.000172707 0.000228002 0.000259383 0.000283886 0.000327783 0.00035936 0.000396136 0.000445295 0.000490739 0.000528296 0.000564666 0.00060505 0.000643209 0.000686408 0.000736429 0.000785279 0.000826809 0.000868582 0.000923125 0.000981101 0.00103582 0.0010844 0.00113571 0.00118862 0.00125094 0.00132391 0.00137213 0.00143887 0.00151938 0.00158614 0.00166779 0.00174016 0.0018289 0.00191303 0.00199915 0.00210245 0.00219002 0.00230478 0.00240802 0.00253063 0.00265772 0.00278077 0.00293776 0.00307925 0.00324957 0.00341438 0.00361372 0.00381622 0.00402235 0.00427868 0.00453605 0.00483445 0.00514014 0.0055289 0.00594411 0.00641399 0.00697356 0.00763754 0.00842757 0.00932224 0.0104387 0.0117489 0.0133127 0.0150975 0.0172031 0.0196003 0.0222691 0.025157 0.028222 0.0314036 0.034528 0.0374853 0.040083 0.0422389 0.0437352 0.0444998 0.0443781 0.0433954 0.0414988 0.0388026 0.0353707 0.0314039 0.0270442 0.0225233 0.0180289 0.0137828 0.00992904 0.00657886 0.00379602 0.00163416 0.000133491 -0.000726438 -0.00101656 -0.000887527 -0.000484616 2.34284e-05 0.000506231 0.000793673 0.00073432 0.000157243 -0.0010348 -0.00289509 -0.0054046 -0.00853228 -0.0122298 -0.0164164 -0.0209704 -0.0256964 -0.0304074 -0.0348712 -0.0389221 -0.0423413 -0.0450283 -0.0468381 -0.0477786 -0.0477835 -0.046965 -0.0453675 -0.0431994 -0.0405335 -0.037564 -0.0343971 -0.0312412 -0.0281761 -0.0252797 -0.0226026 -0.0202018 -0.0181218 -0.0162884 -0.0147235 -0.0133745 -0.0122831 -0.0113278 -0.010528 -0.0098421 -0.00928041 -0.00878585 -0.00833621 -0.00797028 -0.00762941 -0.00733986 -0.00704911 -0.00681949 -0.0065925 -0.00638354 -0.00619787 -0.00601797 -0.00586814 -0.00570211 -0.00557402 -0.00543579 -0.00531503 -0.0052012 -0.00508356 -0.00499265 -0.00488428 -0.00479991 -0.00471165 -0.00463005 -0.00455518 -0.00447944 -0.00442791 -0.00435013 -0.00428731 -0.00424317 -0.00418638 -0.004134 -0.00407769 -0.00402985 -0.00398801 -0.00395205 -0.00391419 -0.00386696 -0.00383334 -0.00380676 -0.00378133 -0.00375549 -0.00372097 -0.00369131 -0.0036678 -0.0036381 -0.00362423 -0.00361779 -0.00358488 -0.0035732 -0.00356764 -0.00353115 -0.00353583 -0.00353263 -0.00349842 -0.00351321 -0.00349838 -0.00347302 -0.00349877 -0.00347971 
