0 0 0 0 0 0 0 0 0 0 0 0 0 0 0 0 0 0 0 0 0 0 0 0 0 0 0 0 0 0 0 0 0 0 0 0 0 0 0 0 0 0 0 0 0 0 0 0 0 0 0 0 0 0 0 0 0 0 0 0 0 0 0 0 0 0 0 0 0 0 0 0 0 0 0 0 0 0 0 0 0 0 0 0 0 0 0 0 0 0 0 0 0 0 0 0 0 0 0 0 0 0 0 0 0 0 0 0 0 0 0 0 0 0 0 0 0 0 0 0 0 0 0 0 0 0 0 0 0 0 0 0 0 0 0 0 0 0 0 0 0 0 0 0 0 0 0 0 0 0 0 0 0 0 0 0 0 0 0 0 0 0 0 0 0 0 0 0 0 0 0 0 0 0 0 0 0 0 0 0 0 0 0 0 0 0 0 0 0 0 0 0 0 0 0 0 0 0 0 0 
0 4.21228e-06 -3.16333e-06 -5.39476e-07 9.95374e-06 4.24541e-06 1.41776e-05 2.07921e-05 3.60691e-06 1.76653e-05 1.56265e-05 2.19801e-06 3.02327e-05 2.06752e-05 1.38077e-05 3.62422e-05 1.91661e-05 2.31606e-05 3.85401e-05 3.39891e-05 3.20619e-05 2.78341e-05 3.8547e-05 2.81795e-05 3.66277e-05 6.24992e-05 3.96941e-05 4.33304e-05 4.92821e-05 5.61419e-05 6.92127e-05 4.27231e-05 5.43371e-05 6.57909e-05 6.26393e-05 6.44459e-05 6.40325e-05 8.09099e-05 7.07045e-05 8.43217e-05 9.02254e-05 8.14252e-05 9.86804e-05 9.53902e-05 0.000100111 9.83873e-05 0.000110941 0.000110841 0.000106797 0.000127112 0.000122949 0.000129953 0.000135756 0.000151335 0.000150377 0.000155807 0.00017644 0.000176897 0.000185131 0.000193563 0.000214656 0.00021321 0.000224074 0.000243133 0.00025682 0.000264101 0.000277154 0.000307086 0.000319887 0.000337535 0.00036063 0.000401944 0.000429473 0.000464992 0.000517794 0.000593566 0.00067643 0.000779007 0.000928553 0.00112874 0.00137956 0.00168268 0.00207395 0.00255732 0.00313513 0.0037872 0.00452717 0.00533742 0.00618816 0.0070012 0.00771544 0.00825905 0.00857773 0.00859694 0.00826914 0.00756235 0.00649152 0.00508261 0.00339358 0.0014973 -0.000491247 -0.00245097 -0.00425821 -0.00582713 -0.00708722 -0.0079991 -0.00853276 -0.00870353 -0.00854742 -0.00813329 -0.00751435 -0.00675964 -0.00592998 -0.00510915 -0.00433994 -0.00365027 -0.00302955 -0.00249828 -0.00205902 -0.00171558 -0.00143187 -0.00120254 -0.00102505 -0.000902748 -0.000806853 -0.000721525 -0.000656469 -0.000613645 -0.000582567 -0.000538708 -0.000508829 -0.000486858 -0.000473629 -0.000440896 -0.000423123 -0.000411591 -0.000399422 -0.000375927 -0.000362162 -0.00036134 -0.0003423 -0.000330671 -0.000320671 -0.000323475 -0.000302478 -0.000298018 -0.000298071 -0.000288721 -0.000280124 -0.000274461 -0.000280664 -0.000259177 -0.00026259 -0.00025905 -0.000249921 -0.000243569 -0.000239657 -0.000242105 -0.000221926 -0.000233114 -0.000224056 -0.00021664 -0.000225611 -0.000216604 -0.000215197 -0.000207013 -0.000224583 -0.000212141 -0.000194119 -0.000206217 -0.000199446 -0.000210849 -0.000189556 -0.000177048 -0.000202117 -0.000193937 -0.000191866 -0.000190427 -0.000192087 -0.000184387 -0.00017791 -0.000200971 -0.000178842 -0.000172849 -0.000190426 -0.000165307 -0.000178328 -0.000189919 -0.000174599 -0.000186028 -0.000178175 -0.000170268 -0.000175037 -0.000168906 -0.000176025 -0.000176516 -0.000174964 -0.000179971 -0.000172306 -0.000174149 
0 -3.16333e-06 2.3769e-05 6.04047e-06 1.12094e-05 2.45326e-05 -6.33825e-07 2.0279e-05 3.11526e-05 1.74398e-05 4.49933e-05 4.0909e-05 2.75929e-05 4.6723e-05 4.19192e-05 4.23063e-05 5.67296e-05 5.47719e-05 5.28061e-05 5.48233e-05 6.55485e-05 7.90398e-05 7.68017e-05 8.30818e-05 9.00366e-05 6.75006e-05 7.97201e-05 0.000113745 9.67107e-05 8.628e-05 0.00010451 0.000122861 0.000123612 0.000123515 0.000134881 0.000130778 0.000151476 0.000149565 0.000140637 0.00016573 0.000161858 0.000168729 0.000175015 0.00019317 0.000194088 0.000198126 0.000230627 0.00021858 0.00023753 0.00025007 0.000263632 0.000264068 0.000277285 0.000306749 0.000292871 0.00032053 0.000332811 0.000356424 0.000354023 0.000384671 0.00041532 0.000418749 0.000449072 0.000473966 0.000520151 0.000520004 0.000570698 0.000607144 0.000655354 0.000678771 0.000738026 0.000810621 0.000870064 0.00094754 0.0010457 0.00120621 0.0013586 0.00158591 0.00186659 0.00228626 0.00276767 0.00339961 0.00416358 0.00514714 0.00628089 0.00759911 0.00905951 0.0106805 0.0123525 0.0139676 0.0153705 0.0164455 0.0170613 0.0170882 0.0164244 0.0150131 0.0128812 0.0100777 0.00672402 0.00295916 -0.000982069 -0.00487179 -0.00845795 -0.0115777 -0.0140827 -0.0158998 -0.0169691 -0.0173195 -0.0170252 -0.0162092 -0.0149938 -0.0134963 -0.0118653 -0.010227 -0.00870743 -0.00731527 -0.00609281 -0.00501429 -0.00415255 -0.00343831 -0.00288755 -0.00240651 -0.0020696 -0.00179855 -0.00161955 -0.00143423 -0.00131543 -0.00121821 -0.00115565 -0.00107318 -0.00100782 -0.000974102 -0.000930288 -0.000889925 -0.000835379 -0.000833149 -0.000789973 -0.000766056 -0.000728075 -0.00072979 -0.000696583 -0.000667236 -0.000660415 -0.000641824 -0.000625068 -0.000591242 -0.000603741 -0.000570989 -0.00055736 -0.000546925 -0.000540866 -0.00052317 -0.000504773 -0.000519502 -0.000489489 -0.000489446 -0.00048628 -0.000479027 -0.000466597 -0.000461987 -0.000469029 -0.000438398 -0.000444003 -0.00043896 -0.000425785 -0.000426615 -0.00040904 -0.000405981 -0.000413965 -0.000420071 -0.000390193 -0.000382923 -0.000416521 -0.00040247 -0.000382627 -0.000383915 -0.000377083 -0.000374717 -0.000375101 -0.000375289 -0.0003725 -0.000359537 -0.000362377 -0.000375595 -0.000363271 -0.000365051 -0.000370722 -0.000344288 -0.000348703 -0.000357052 -0.000342811 -0.000359633 -0.000361696 -0.000348154 -0.00035609 -0.000346943 -0.000341222 -0.00034803 -0.000343114 -0.000349222 
0 -5.39476e-07 6.04047e-06 9.08572e-06 2.01462e-05 2.4522e-05 2.99487e-05 4.09268e-05 3.30406e-05 4.04367e-05 4.73789e-05 4.08082e-05 6.16291e-05 6.4358e-05 6.08161e-05 7.92554e-05 7.42726e-05 7.86837e-05 9.4716e-05 9.60003e-05 9.69884e-05 9.96273e-05 0.000108735 0.000107181 0.000122303 0.000141422 0.000131566 0.000142455 0.000147627 0.00015803 0.000175191 0.000160842 0.000171674 0.000187929 0.000193173 0.000197269 0.000208849 0.000226304 0.000223872 0.000246722 0.000256577 0.000257123 0.000278662 0.000287884 0.000295896 0.000303798 0.000328718 0.000332528 0.000341971 0.000371141 0.00038067 0.000394679 0.000415865 0.000446882 0.000453989 0.000477826 0.000513328 0.000532628 0.000552132 0.000584648 0.000626883 0.000642979 0.000677578 0.000723673 0.000768069 0.000796661 0.00084719 0.000914334 0.000968564 0.00102381 0.00110201 0.00120738 0.00130272 0.00142016 0.00158121 0.00180284 0.00205841 0.00239089 0.00284274 0.00344918 0.00420314 0.00514164 0.00631874 0.00777088 0.00948529 0.0114425 0.0136375 0.0160288 0.0185038 0.0208717 0.0229378 0.0245035 0.0253876 0.0253939 0.0243822 0.0222726 0.0190951 0.0149328 0.00995457 0.00438555 -0.00144824 -0.00719915 -0.012518 -0.0171444 -0.0208714 -0.023577 -0.0251873 -0.0257378 -0.0253339 -0.0241539 -0.0223709 -0.0201794 -0.0177744 -0.0153644 -0.0130916 -0.0110266 -0.00918552 -0.00759504 -0.00627905 -0.00521879 -0.00436194 -0.00366556 -0.00313281 -0.00273828 -0.00243949 -0.00218406 -0.00199078 -0.00184942 -0.00174156 -0.00162508 -0.00153267 -0.00146546 -0.00140801 -0.0013342 -0.00127419 -0.00123765 -0.00119278 -0.00114064 -0.00109841 -0.00107933 -0.00103711 -0.00100055 -0.000975911 -0.000960044 -0.000923681 -0.000898592 -0.000890842 -0.000865015 -0.000842068 -0.00082671 -0.000820877 -0.000789884 -0.000778672 -0.000771939 -0.000749005 -0.000734205 -0.000724405 -0.000716242 -0.000690547 -0.000691258 -0.000680775 -0.000662588 -0.000665599 -0.000654042 -0.000643532 -0.000635815 -0.000642351 -0.000625722 -0.000607801 -0.000614711 -0.000602364 -0.000602824 -0.000588066 -0.000572044 -0.000584785 -0.000579811 -0.00057337 -0.000569497 -0.000567557 -0.000558198 -0.000553484 -0.000564906 -0.000546226 -0.000541752 -0.000547444 -0.000528855 -0.00053956 -0.000543121 -0.000533669 -0.000541396 -0.000530687 -0.000525255 -0.000526476 -0.000519607 -0.000525581 -0.000524697 -0.000524793 -0.000529175 -0.00052083 -0.000521907 
0 9.95374e-06 1.12094e-05 2.01462e-05 2.46305e-05 2.53518e-05 4.02068e-05 4.44627e-05 4.47861e-05 6.1275e-05 6.18994e-05 6.36997e-05 8.17095e-05 8.01996e-05 8.49928e-05 0.000100876 9.94644e-05 0.000106887 0.000119597 0.000125068 0.000131416 0.000137927 0.000150783 0.000152699 0.000159161 0.000179313 0.000178785 0.000184431 0.000198141 0.0002086 0.000222748 0.000221998 0.000236476 0.000253212 0.00025785 0.000271807 0.000280221 0.000297015 0.000306107 0.000319099 0.000337705 0.000343298 0.000366924 0.000379123 0.00039457 0.000413808 0.000431102 0.000452923 0.000464628 0.000496138 0.00051174 0.000533621 0.000561516 0.000586512 0.000614102 0.000636338 0.000679816 0.000703515 0.000739686 0.000778122 0.000823592 0.000862332 0.000904209 0.00096726 0.00101608 0.00107621 0.00113575 0.00122329 0.00129501 0.00138249 0.00148593 0.00161582 0.00175462 0.00191768 0.00214275 0.00242498 0.00278721 0.00323964 0.00386339 0.00466333 0.00569015 0.0069531 0.00854258 0.0104657 0.0127466 0.015341 0.0182479 0.02138 0.0246023 0.0276721 0.0303434 0.0323514 0.0334514 0.0334021 0.0320221 0.0292225 0.0250246 0.0195516 0.0130139 0.00572823 -0.00190378 -0.00942239 -0.0163987 -0.0224716 -0.0273821 -0.0309541 -0.0331118 -0.0338873 -0.0334195 -0.0319209 -0.0296259 -0.0267919 -0.023672 -0.0205271 -0.0175294 -0.0147965 -0.0123516 -0.0102484 -0.00848019 -0.00705401 -0.0058867 -0.00496432 -0.00423414 -0.00369743 -0.00327161 -0.00294162 -0.00267366 -0.0024803 -0.002319 -0.00217486 -0.00205334 -0.00195442 -0.00187403 -0.00178077 -0.00171196 -0.00164501 -0.00159404 -0.00152546 -0.00147953 -0.00143517 -0.00139071 -0.00134626 -0.00130786 -0.00128152 -0.0012369 -0.00121156 -0.00118018 -0.00115693 -0.00112407 -0.00110247 -0.00108419 -0.00105369 -0.00103984 -0.00101692 -0.00100256 -0.000979767 -0.00096728 -0.000953683 -0.000931966 -0.000926297 -0.000906601 -0.00089641 -0.00088458 -0.000872382 -0.000861238 -0.000845261 -0.000846049 -0.000830966 -0.00081766 -0.000812408 -0.000804954 -0.000804265 -0.000785519 -0.000778652 -0.000781926 -0.000769656 -0.000762949 -0.000757457 -0.000754253 -0.000745523 -0.000738524 -0.000744398 -0.000731636 -0.000725522 -0.000732268 -0.00071888 -0.000717232 -0.000721248 -0.000709935 -0.000709565 -0.000709761 -0.000703209 -0.000703597 -0.000703636 -0.000701287 -0.000698984 -0.000697848 -0.000696831 -0.000694528 -0.000696414 
0 4.24541e-06 2.45326e-05 2.4522e-05 2.53518e-05 4.70623e-05 3.90135e-05 4.29322e-05 7.35014e-05 6.29726e-05 7.84769e-05 0.000103737 8.02148e-05 0.000103062 0.000119939 0.000105336 0.000135799 0.000142249 0.000137831 0.000151351 0.000164364 0.000183205 0.000179957 0.00020519 0.000211661 0.000192111 0.000229557 0.00024248 0.000251691 0.000254287 0.00025427 0.000301759 0.0003015 0.000307373 0.000326197 0.000339473 0.000362811 0.000360427 0.000390776 0.000397314 0.000413305 0.000442698 0.000446211 0.000478336 0.000491915 0.000522009 0.000537832 0.000563674 0.000597392 0.000608986 0.000649242 0.000669861 0.000706605 0.000730466 0.000769564 0.000807868 0.000837266 0.000887641 0.000924621 0.000980176 0.0010203 0.00108489 0.00114009 0.00120509 0.00127467 0.00134983 0.00143808 0.00152266 0.00163214 0.00174004 0.00187976 0.00202582 0.00221473 0.00243264 0.00271788 0.00307445 0.00353849 0.00414078 0.00492707 0.00594767 0.00723781 0.00885961 0.010849 0.0132605 0.0160827 0.0193189 0.0228985 0.02674 0.030636 0.0343475 0.037546 0.0399348 0.0411839 0.0410366 0.0392649 0.035785 0.0306014 0.0238793 0.0158703 0.00697771 -0.00232912 -0.0114984 -0.0200313 -0.0274745 -0.0335164 -0.0379284 -0.0406396 -0.0416707 -0.0411965 -0.0394386 -0.0367073 -0.0332952 -0.0295393 -0.0257031 -0.0220283 -0.0186318 -0.0156125 -0.0129862 -0.0107824 -0.00895891 -0.00749076 -0.00631483 -0.00539908 -0.00468872 -0.00414185 -0.00371894 -0.00338449 -0.0031257 -0.00290764 -0.00273811 -0.00258118 -0.00245835 -0.00233611 -0.00224341 -0.00214622 -0.00206596 -0.00198745 -0.00192067 -0.00185901 -0.00179184 -0.00174559 -0.00168803 -0.00164788 -0.00159117 -0.0015607 -0.00151627 -0.00147702 -0.00144479 -0.00140946 -0.00138461 -0.00134162 -0.00133073 -0.00129439 -0.00127289 -0.00125174 -0.00122972 -0.00121396 -0.00118316 -0.00118289 -0.00114993 -0.00114037 -0.00112669 -0.00109895 -0.00109483 -0.00107548 -0.0010711 -0.00103571 -0.0010337 -0.00104353 -0.0010137 -0.0010064 -0.00098394 -0.000999112 -0.000998804 -0.000958419 -0.000962786 -0.000954471 -0.000946573 -0.000938738 -0.000937215 -0.000936914 -0.000904081 -0.000922526 -0.000924286 -0.000895891 -0.000920087 -0.000901561 -0.000880533 -0.000897751 -0.000880897 -0.000882008 -0.000891908 -0.000880068 -0.000881635 -0.000877589 -0.000871839 -0.000871805 -0.000868341 -0.000871205 -0.000870252 
0 1.41776e-05 -6.33825e-07 2.99487e-05 4.02068e-05 3.90135e-05 7.19395e-05 6.63036e-05 7.07197e-05 9.15283e-05 7.98542e-05 9.92842e-05 0.000118754 0.000119747 0.000139733 0.000144868 0.000152434 0.000165582 0.000175722 0.000196754 0.000197925 0.000199901 0.000219033 0.00022694 0.000239493 0.000273288 0.000284159 0.000269437 0.00029688 0.000329308 0.000329611 0.000336786 0.000351517 0.000370122 0.000389499 0.000409603 0.000417097 0.000441631 0.000474993 0.000479673 0.000507012 0.000533594 0.000551076 0.000569849 0.000599794 0.000627201 0.000636754 0.00068111 0.000706425 0.000731672 0.000767452 0.000809759 0.000845394 0.000873056 0.000935947 0.000971084 0.00101749 0.00106614 0.00113213 0.00118113 0.00123375 0.00131482 0.00137958 0.00145616 0.0015278 0.00163962 0.00172728 0.0018371 0.00195712 0.00210983 0.00226588 0.00244514 0.00267956 0.00295929 0.00331405 0.00374347 0.00433516 0.00508107 0.00606457 0.0072942 0.00888808 0.0108548 0.0132786 0.0161519 0.0195326 0.0233687 0.0276089 0.0320853 0.0366011 0.0408557 0.0445099 0.0471849 0.0485214 0.0482153 0.0460363 0.0418804 0.0357596 0.0278602 0.0184899 0.00811955 -0.00271459 -0.013397 -0.0233621 -0.032085 -0.0391909 -0.0444173 -0.0476797 -0.0490102 -0.0485826 -0.0466533 -0.043559 -0.0396696 -0.0353422 -0.0308987 -0.0265734 -0.0225646 -0.0189638 -0.0158473 -0.0131805 -0.0109787 -0.00917139 -0.00775677 -0.0066199 -0.00574684 -0.00504935 -0.00453974 -0.00412349 -0.00379851 -0.00352145 -0.00331406 -0.00313432 -0.00296584 -0.00282373 -0.00270083 -0.00260191 -0.00247981 -0.00239458 -0.00230814 -0.00223995 -0.00214787 -0.00208934 -0.0020339 -0.00196931 -0.00191208 -0.00186498 -0.00183101 -0.00176717 -0.00173822 -0.00170221 -0.00166525 -0.00162279 -0.00159955 -0.00157304 -0.00152605 -0.00151176 -0.001482 -0.00145148 -0.0014244 -0.00141068 -0.00138242 -0.00135339 -0.00135292 -0.00132675 -0.00130644 -0.00129531 -0.00128193 -0.00127077 -0.00125697 -0.00123228 -0.00121124 -0.00122478 -0.00120812 -0.00116729 -0.00116608 -0.00117116 -0.00115746 -0.00114932 -0.00114559 -0.00112782 -0.00112127 -0.00112017 -0.00111346 -0.00110766 -0.00108767 -0.0010855 -0.00108244 -0.0010699 -0.00108698 -0.00107889 -0.00106536 -0.00107378 -0.00105322 -0.0010495 -0.00105723 -0.00104424 -0.00105405 -0.00105552 -0.00104572 -0.00105336 -0.00104314 
0 2.07921e-05 2.0279e-05 4.09268e-05 4.44627e-05 4.29322e-05 6.63036e-05 7.06192e-05 8.46276e-05 0.00010662 0.000108527 0.000126453 0.000135186 0.000137657 0.000158351 0.000165087 0.000179066 0.000196514 0.000200038 0.000217919 0.000233941 0.000245436 0.000266616 0.000278916 0.000282488 0.00029856 0.000317406 0.000327887 0.000350998 0.000366367 0.000374429 0.000404372 0.000426844 0.000436972 0.000458353 0.000483674 0.000495061 0.000517764 0.000547016 0.000556608 0.000585124 0.000617685 0.000637338 0.000663252 0.000702529 0.000733307 0.000753488 0.000801939 0.000836387 0.000863249 0.000906192 0.000954457 0.000989978 0.00102574 0.00109129 0.00113573 0.00118201 0.00124405 0.00131834 0.00137535 0.00143954 0.00153474 0.00161738 0.0017008 0.00179572 0.0019247 0.00203577 0.00215878 0.00230985 0.00249248 0.00267927 0.00289287 0.00317732 0.00352425 0.00394757 0.00447264 0.00518661 0.00610239 0.00727597 0.00875056 0.01064 0.0129802 0.0158212 0.0191739 0.0230826 0.0275065 0.0323452 0.0374043 0.0424465 0.047159 0.0511606 0.0540321 0.0553707 0.0548535 0.0522408 0.0474224 0.0404149 0.031427 0.0208199 0.00912033 -0.00307744 -0.0151155 -0.0263719 -0.0362653 -0.0443609 -0.0503657 -0.0541825 -0.0558467 -0.0555353 -0.0535172 -0.0501642 -0.0458873 -0.041086 -0.0360977 -0.0311915 -0.0265933 -0.022447 -0.0188275 -0.0157155 -0.0131076 -0.0109682 -0.00927491 -0.00792008 -0.00685175 -0.00600802 -0.00538141 -0.00488338 -0.0044796 -0.00414326 -0.00389193 -0.00367912 -0.00347794 -0.00330345 -0.00316509 -0.00304525 -0.00290824 -0.00280045 -0.00270924 -0.00262538 -0.00252251 -0.0024507 -0.00238884 -0.00231438 -0.00224255 -0.00219047 -0.00214373 -0.00207313 -0.00202932 -0.00198954 -0.00194156 -0.00189072 -0.00186257 -0.00182907 -0.00178048 -0.00175891 -0.00173204 -0.00169704 -0.0016687 -0.00165394 -0.00162351 -0.00159349 -0.00158272 -0.00155319 -0.00152904 -0.00151595 -0.00149207 -0.00146654 -0.00145918 -0.00144718 -0.00142086 -0.00141318 -0.00140254 -0.00138704 -0.0013827 -0.00136755 -0.00134654 -0.00133914 -0.00133186 -0.00131726 -0.00131323 -0.00130149 -0.00128823 -0.00129041 -0.00128042 -0.001278 -0.00127639 -0.00125851 -0.00125641 -0.00124767 -0.00123808 -0.00124463 -0.00123756 -0.00123731 -0.00123954 -0.00122751 -0.00122724 -0.00122321 -0.00121637 -0.00122269 -0.00122061 
0 3.60691e-06 3.11526e-05 3.30406e-05 4.47861e-05 7.35014e-05 7.07197e-05 8.46276e-05 0.000107254 0.000102562 0.000126397 0.000147151 0.000142571 0.000167928 0.000184318 0.000186466 0.000209646 0.000225521 0.000234473 0.000245295 0.000266266 0.000285089 0.000288744 0.000318331 0.000336985 0.000335442 0.000364453 0.000388143 0.000405988 0.000415982 0.000427742 0.000468632 0.000482005 0.000494762 0.000523902 0.000546023 0.000574567 0.000592183 0.000625367 0.000648648 0.000673349 0.000714322 0.000730193 0.000768794 0.000802683 0.000835072 0.000869877 0.00090771 0.000958076 0.000983198 0.00104064 0.00108836 0.0011333 0.00118627 0.00124616 0.00131294 0.00135724 0.00144174 0.00151182 0.00158748 0.00166218 0.00176362 0.0018645 0.00195118 0.00207614 0.00220329 0.00234836 0.00247807 0.0026677 0.00286764 0.00309504 0.00334871 0.00368648 0.00410545 0.00460434 0.00524953 0.00609001 0.00719767 0.00856865 0.0103231 0.0125127 0.0152465 0.0184978 0.0223415 0.0267545 0.03174 0.0371132 0.0426901 0.0481656 0.0532384 0.0574735 0.0604404 0.0616948 0.0609115 0.0578416 0.0523761 0.0445411 0.0345653 0.0228611 0.00999422 -0.00339044 -0.0166135 -0.0290046 -0.039946 -0.048947 -0.0556905 -0.0600618 -0.0620955 -0.0619701 -0.0599565 -0.0564571 -0.0518969 -0.0467233 -0.0412676 -0.0358575 -0.0307126 -0.0260577 -0.0219354 -0.0183923 -0.0153667 -0.0128981 -0.0108956 -0.00931773 -0.00803319 -0.00704393 -0.00627593 -0.00569036 -0.00519985 -0.00480496 -0.00450102 -0.00424435 -0.00401723 -0.00380283 -0.00365039 -0.00349224 -0.0033536 -0.00321074 -0.00311446 -0.00300398 -0.00289738 -0.00280798 -0.00272939 -0.00265382 -0.00256342 -0.00251299 -0.00244327 -0.00238398 -0.0023221 -0.00227963 -0.00222851 -0.0021708 -0.0021418 -0.00209156 -0.00205465 -0.00201285 -0.00198478 -0.00194677 -0.00190847 -0.00189079 -0.00184981 -0.00182889 -0.00180199 -0.00177407 -0.00175373 -0.00173174 -0.00171733 -0.00168062 -0.00166977 -0.00166358 -0.00163473 -0.00161509 -0.00159427 -0.00159513 -0.00158002 -0.0015476 -0.00154724 -0.00153721 -0.00152012 -0.00151159 -0.00150519 -0.00149519 -0.00147352 -0.00147694 -0.00147196 -0.00144695 -0.00145603 -0.00144683 -0.00142603 -0.00143837 -0.00142843 -0.00141653 -0.00142433 -0.00141128 -0.00140516 -0.00140991 -0.00140095 -0.00140087 -0.00140335 -0.00139582 -0.00139711 
0 1.76653e-05 1.74398e-05 4.04367e-05 6.1275e-05 6.29726e-05 9.15283e-05 0.00010662 0.000102562 0.00013462 0.000141108 0.000139619 0.000182123 0.000188321 0.000195594 0.00022936 0.000229258 0.000243826 0.000269755 0.000288723 0.000301913 0.000308071 0.000339439 0.000343861 0.000363332 0.00041128 0.000413205 0.000427349 0.000441958 0.000479135 0.000515491 0.000502565 0.000537426 0.000566534 0.000592515 0.000619042 0.000634675 0.000681077 0.000696754 0.000737908 0.000766768 0.000792848 0.000840387 0.000861378 0.000911554 0.000938338 0.0009874 0.00102863 0.0010685 0.0011271 0.00116498 0.00123342 0.00127631 0.00134756 0.0014071 0.00147554 0.00155012 0.00162134 0.00171644 0.0017885 0.00189586 0.00198964 0.00211003 0.00221708 0.0023535 0.00250175 0.00265413 0.00283048 0.00302576 0.00327099 0.00352042 0.00384292 0.00422402 0.00472339 0.0053128 0.00608646 0.00708015 0.00836967 0.0099818 0.0120095 0.0145439 0.0176422 0.0213376 0.0256349 0.0305632 0.0360327 0.0419028 0.0478892 0.0537285 0.0590281 0.0633995 0.0663334 0.0674342 0.066314 0.0627788 0.0566737 0.0480872 0.0372262 0.0245829 0.0107137 -0.00366692 -0.0179014 -0.0312529 -0.0431157 -0.0529204 -0.0603676 -0.0652781 -0.067728 -0.0678418 -0.0659472 -0.0623973 -0.0576888 -0.0522217 -0.0464135 -0.0405496 -0.0349474 -0.0297869 -0.0252067 -0.0212037 -0.0177944 -0.0149547 -0.0126529 -0.0108018 -0.00931256 -0.00814459 -0.00723148 -0.00653217 -0.00595005 -0.00549868 -0.00512003 -0.00482991 -0.00455185 -0.00432953 -0.00412542 -0.00395759 -0.00379063 -0.00364178 -0.00351698 -0.00338914 -0.00328407 -0.00316749 -0.00308746 -0.00298498 -0.0029115 -0.00282686 -0.00275944 -0.0026927 -0.0026229 -0.00257403 -0.00250528 -0.00246725 -0.00240278 -0.00236572 -0.00231712 -0.00227209 -0.00223717 -0.00218815 -0.00216686 -0.00211491 -0.00209425 -0.00205842 -0.0020265 -0.0020113 -0.00197015 -0.00195368 -0.0019231 -0.00191978 -0.00188803 -0.00184364 -0.00184969 -0.00183016 -0.00181453 -0.00177546 -0.001757 -0.00177141 -0.00174153 -0.0017293 -0.0017183 -0.00170245 -0.00168955 -0.00167743 -0.00168696 -0.00165514 -0.0016407 -0.00165179 -0.00161843 -0.00162513 -0.00163508 -0.00160624 -0.00161225 -0.00160723 -0.00158621 -0.00159257 -0.00158773 -0.00157938 -0.00158548 -0.00158106 -0.00157583 -0.0015784 -0.00157294 
0 1.56265e-05 4.49933e-05 4.73789e-05 6.18994e-05 7.84769e-05 7.98542e-05 0.000108527 0.000126397 0.000141108 0.000169703 0.000174937 0.000193744 0.000208065 0.000214003 0.00024671 0.000257777 0.000277429 0.000303351 0.000304755 0.000334976 0.000361342 0.000376696 0.000401297 0.000417228 0.000427516 0.000443269 0.000490228 0.00050926 0.000515854 0.000554622 0.000575707 0.000613524 0.000640946 0.000655168 0.0006905 0.000722605 0.000753755 0.000772287 0.000818185 0.000851688 0.000877924 0.000931827 0.000965938 0.00100933 0.00105334 0.00110939 0.00115039 0.00119869 0.00126573 0.00130999 0.00137195 0.00143334 0.00150705 0.00156622 0.00164426 0.0017318 0.00181016 0.00190446 0.00200172 0.00211878 0.00222233 0.00235415 0.0024893 0.00264184 0.00280033 0.00298183 0.0031884 0.00341366 0.0036811 0.00398386 0.00436153 0.00480847 0.00538064 0.00608482 0.00699899 0.00815872 0.00964818 0.0115128 0.0138471 0.0167222 0.020205 0.0243223 0.0290845 0.0344763 0.0403971 0.0466663 0.0529966 0.0590769 0.0645092 0.0688753 0.0716857 0.0725291 0.0710366 0.067001 0.0602964 0.0510154 0.0394049 0.0259649 0.011286 -0.00391796 -0.0189634 -0.033117 -0.0457427 -0.0562665 -0.06435 -0.0698087 -0.0726879 -0.073124 -0.0714263 -0.0679614 -0.0632015 -0.0575691 -0.0514821 -0.0452722 -0.0392583 -0.0336578 -0.0286176 -0.0241844 -0.0203744 -0.0171746 -0.0145393 -0.0124056 -0.0106864 -0.00932972 -0.00825306 -0.00741707 -0.00674236 -0.0062145 -0.00577129 -0.00541746 -0.00510953 -0.00485523 -0.00462088 -0.00441882 -0.00424156 -0.00407816 -0.00392841 -0.00378562 -0.003673 -0.00354926 -0.00344328 -0.00333892 -0.00325725 -0.00316074 -0.00307597 -0.00300748 -0.00293157 -0.00286113 -0.00279247 -0.00274653 -0.00267488 -0.00262473 -0.00258069 -0.00253057 -0.00248348 -0.00244366 -0.00241409 -0.00235986 -0.00233735 -0.00230403 -0.00226026 -0.00223339 -0.00220654 -0.00217793 -0.00213511 -0.00211958 -0.002093 -0.00207287 -0.00205838 -0.00201385 -0.0020088 -0.00200676 -0.00198106 -0.00195406 -0.00193795 -0.00192649 -0.00190272 -0.00190283 -0.00188387 -0.00185829 -0.00186013 -0.00184124 -0.00184132 -0.00184002 -0.00181859 -0.0018164 -0.00179716 -0.00178637 -0.00178843 -0.00177567 -0.00178086 -0.00177779 -0.00176644 -0.00176866 -0.00175705 -0.00175199 -0.00175507 -0.0017477 -0.00175262 
0 2.19801e-06 4.0909e-05 4.08082e-05 6.36997e-05 0.000103737 9.92842e-05 0.000126453 0.000147151 0.000139619 0.000174937 0.000192929 0.000204121 0.000238456 0.000249128 0.00027156 0.000288808 0.000302495 0.000336358 0.000340996 0.00036723 0.000398628 0.000396535 0.000434816 0.00046823 0.000478962 0.000509626 0.000537192 0.000559528 0.000578652 0.000612683 0.000639826 0.000658694 0.000700547 0.000722275 0.000756737 0.000804247 0.000825418 0.000865885 0.000911085 0.000947104 0.000980809 0.0010289 0.00107786 0.00110626 0.0011663 0.00122 0.00126125 0.00132249 0.0013887 0.0014506 0.00150564 0.00159374 0.00166784 0.00173627 0.00182853 0.00192492 0.00201795 0.00210788 0.00223554 0.00235126 0.0024708 0.00260821 0.00277021 0.00293414 0.00310205 0.00331542 0.00354622 0.0038073 0.00409461 0.00446357 0.00489536 0.0054227 0.00607437 0.0069152 0.0079833 0.00932963 0.0110374 0.0131777 0.015839 0.0190651 0.0229385 0.0274704 0.0326852 0.0384984 0.0448145 0.051397 0.0579838 0.0641934 0.0696481 0.0738838 0.0764711 0.0769701 0.0750625 0.0705071 0.0632392 0.0533369 0.0411094 0.0270273 0.0117244 -0.00412199 -0.019786 -0.0345725 -0.0478068 -0.0589495 -0.0676057 -0.0736062 -0.0769345 -0.0777603 -0.076345 -0.073084 -0.0683844 -0.0627049 -0.0564355 -0.0499774 -0.0436226 -0.0376416 -0.0321686 -0.0273256 -0.0231185 -0.0195592 -0.0165774 -0.0141446 -0.0121788 -0.0106168 -0.00936499 -0.00837319 -0.00759813 -0.00697907 -0.00647191 -0.00604068 -0.00570264 -0.00540543 -0.00514431 -0.00489925 -0.00470775 -0.00452504 -0.00434759 -0.0041881 -0.0040563 -0.0039302 -0.00379115 -0.00368831 -0.00358924 -0.00349041 -0.00338783 -0.00331725 -0.00324188 -0.00315317 -0.00309233 -0.00303179 -0.00296702 -0.00289866 -0.00285796 -0.00280168 -0.00273859 -0.00270416 -0.0026552 -0.00260546 -0.00256484 -0.0025355 -0.00249072 -0.00245124 -0.00243484 -0.00239336 -0.00236787 -0.00234601 -0.00230868 -0.00229098 -0.00226818 -0.00223875 -0.0022107 -0.00219775 -0.00217477 -0.00214095 -0.00214607 -0.00212513 -0.00209468 -0.00209744 -0.00207544 -0.00206341 -0.00205482 -0.00203479 -0.0020282 -0.00200386 -0.0019996 -0.00199917 -0.0019771 -0.00198778 -0.0019785 -0.00195629 -0.00196511 -0.00194799 -0.00193825 -0.00194935 -0.00193524 -0.00193553 -0.00194109 -0.00192644 -0.00193026 
0 3.02327e-05 2.75929e-05 6.16291e-05 8.17095e-05 8.02148e-05 0.000118754 0.000135186 0.000142571 0.000182123 0.000193744 0.000204121 0.000235092 0.000250998 0.000269723 0.000294166 0.000317942 0.000332768 0.000353659 0.000393545 0.000403891 0.000422574 0.000462437 0.000470211 0.000494898 0.000533918 0.000560948 0.00058021 0.000594 0.000646335 0.000684366 0.000692407 0.000728731 0.000768558 0.00080401 0.000833155 0.000869504 0.000910031 0.000943523 0.000995169 0.00103096 0.00107186 0.00113096 0.00117405 0.0012233 0.00128027 0.00134268 0.0013924 0.0014547 0.00153319 0.00158888 0.00166183 0.00174637 0.00182936 0.00190525 0.00200214 0.00211481 0.00220534 0.00231967 0.00245018 0.00258787 0.00271448 0.00287341 0.00305764 0.00323399 0.00343141 0.00366312 0.00393937 0.00421858 0.00455965 0.00497556 0.00548695 0.00608681 0.00684645 0.0078276 0.00906608 0.0106169 0.0125568 0.0149999 0.0179851 0.0215851 0.025828 0.0307839 0.0363984 0.0426074 0.0492244 0.0560581 0.0627768 0.0690279 0.0743653 0.0783787 0.080623 0.0807225 0.0783371 0.0732723 0.0654611 0.0550385 0.0423073 0.0277586 0.0119942 -0.00429632 -0.0204103 -0.0356417 -0.0493505 -0.0609862 -0.0701669 -0.0766731 -0.0804889 -0.0817403 -0.0807103 -0.077736 -0.0732318 -0.0675958 -0.0612733 -0.0546373 -0.0480456 -0.0417208 -0.0358801 -0.0306256 -0.0260497 -0.0221082 -0.0187881 -0.0160252 -0.0138003 -0.0120047 -0.0105612 -0.00940103 -0.00849722 -0.00778472 -0.0071878 -0.00669561 -0.00629417 -0.00597179 -0.00566191 -0.00539716 -0.00517056 -0.00497853 -0.00477679 -0.00460046 -0.00445752 -0.00431393 -0.00417181 -0.00404455 -0.0039473 -0.00382878 -0.00372373 -0.00363687 -0.00355293 -0.00346103 -0.0033807 -0.00332139 -0.00324046 -0.00317441 -0.00311939 -0.00306088 -0.00300047 -0.00295031 -0.00291078 -0.0028524 -0.00281281 -0.00277512 -0.00272941 -0.00269729 -0.00265655 -0.00261925 -0.00258726 -0.00256682 -0.00252957 -0.00248195 -0.0024766 -0.00245906 -0.00242235 -0.00239174 -0.00237388 -0.00237189 -0.00233747 -0.00231356 -0.0023099 -0.00227973 -0.0022633 -0.00225704 -0.00224271 -0.00222213 -0.00220839 -0.00220955 -0.00218628 -0.00217851 -0.00218423 -0.00215239 -0.00215158 -0.00215575 -0.00212703 -0.00213692 -0.00213577 -0.00211241 -0.00212646 -0.00211845 -0.00210302 -0.00211957 -0.00210703 
0 2.06752e-05 4.6723e-05 6.4358e-05 8.01996e-05 0.000103062 0.000119747 0.000137657 0.000167928 0.000188321 0.000208065 0.000238456 0.000250998 0.000269761 0.00029894 0.000312373 0.000341954 0.000373452 0.000390598 0.000412176 0.000436483 0.000470143 0.000494375 0.000523363 0.00055549 0.000564862 0.000592707 0.000635266 0.000677715 0.000696074 0.000711254 0.000768741 0.000805642 0.000835969 0.000868883 0.000905486 0.000956458 0.000987174 0.00103545 0.00107559 0.00112373 0.00117708 0.00122123 0.00128412 0.00133023 0.00139957 0.00145685 0.00151996 0.00159336 0.00166081 0.00174229 0.00181066 0.0019106 0.00199067 0.00208624 0.00219082 0.0023021 0.00241716 0.00253216 0.00268591 0.00281973 0.00297854 0.00314409 0.00334896 0.00354354 0.00376525 0.00403112 0.00432735 0.00465844 0.00503592 0.00552911 0.0061009 0.00681048 0.00768109 0.00882798 0.0102463 0.0120245 0.0142267 0.0169784 0.0203109 0.0242719 0.0289051 0.0342427 0.040244 0.0467639 0.0536367 0.0606042 0.0673783 0.0735306 0.0786649 0.0823267 0.0841643 0.0837743 0.0808966 0.075302 0.0670122 0.0561388 0.043051 0.0281731 0.0121371 -0.00443757 -0.0208068 -0.036334 -0.0503529 -0.0623881 -0.072003 -0.079009 -0.0833046 -0.0850511 -0.0844557 -0.0818846 -0.0776567 -0.0722038 -0.0659112 -0.0592234 -0.0524506 -0.0458806 -0.0396995 -0.0340928 -0.0291368 -0.0248382 -0.0211605 -0.0180743 -0.0155601 -0.0135144 -0.0118646 -0.0105185 -0.00947904 -0.00863846 -0.00796514 -0.00738434 -0.00693637 -0.00655051 -0.00621701 -0.00591088 -0.00565934 -0.00543928 -0.00521872 -0.00503085 -0.0048555 -0.0047102 -0.00454441 -0.00441767 -0.00428943 -0.00417478 -0.00405759 -0.00395599 -0.00386712 -0.00376402 -0.00368825 -0.00360049 -0.00353324 -0.00345317 -0.00339092 -0.0033292 -0.00326376 -0.00321525 -0.00315216 -0.00311184 -0.00305682 -0.00301406 -0.00296898 -0.00292254 -0.00289373 -0.00284845 -0.00281245 -0.00276707 -0.00274929 -0.00273023 -0.00267664 -0.00264798 -0.00263283 -0.00262255 -0.00258785 -0.00255199 -0.00253965 -0.00251704 -0.00250102 -0.00248266 -0.00246461 -0.00244311 -0.00242002 -0.00242263 -0.00240798 -0.00238945 -0.00238799 -0.00236515 -0.00234951 -0.00234849 -0.00233447 -0.00232784 -0.00232877 -0.00231669 -0.00230934 -0.00230904 -0.00229692 -0.00229426 -0.0022964 -0.00228669 -0.00229019 
0 1.38077e-05 4.19192e-05 6.08161e-05 8.49928e-05 0.000119939 0.000139733 0.000158351 0.000184318 0.000195594 0.000214003 0.000249128 0.000269723 0.00029894 0.000332138 0.000345227 0.000372789 0.000396648 0.000416425 0.000452779 0.000477191 0.000503164 0.000528888 0.000555608 0.000592736 0.000629914 0.000665922 0.000682801 0.000719108 0.000755534 0.000783259 0.00083572 0.000853725 0.000892113 0.000947917 0.000983261 0.00103035 0.00107081 0.00113054 0.00116836 0.00122288 0.00128418 0.00132063 0.00139299 0.00144494 0.00151176 0.00157229 0.00164684 0.00172656 0.00179031 0.00189141 0.00196782 0.00207023 0.00216162 0.00227354 0.00238668 0.0024981 0.00263698 0.00276147 0.00292334 0.00306697 0.00325021 0.00343036 0.00364384 0.00386666 0.004115 0.00441202 0.0047322 0.00511795 0.00555016 0.00611344 0.006765 0.00759099 0.00860367 0.00991851 0.0115422 0.0135637 0.0160579 0.0191247 0.0228109 0.0271333 0.0321493 0.0378436 0.0441771 0.0509477 0.057992 0.0650084 0.0717218 0.0776724 0.0824883 0.0857174 0.0870613 0.0861366 0.0827277 0.0766247 0.0678968 0.0566755 0.0433437 0.0282965 0.0121406 -0.00453677 -0.0210049 -0.0366586 -0.0508601 -0.0631715 -0.0731565 -0.080616 -0.0854083 -0.0876764 -0.087587 -0.0854868 -0.0816411 -0.0764703 -0.0703277 -0.0636796 -0.05682 -0.0500746 -0.0436233 -0.0377038 -0.0323904 -0.0277411 -0.023709 -0.0202992 -0.0174741 -0.0151619 -0.013281 -0.0117464 -0.010542 -0.00956422 -0.00879095 -0.00812847 -0.00761398 -0.0071613 -0.0067934 -0.00645049 -0.00616776 -0.00590951 -0.0056754 -0.00546891 -0.00526674 -0.00510311 -0.00492761 -0.00479101 -0.00463628 -0.00451926 -0.00439496 -0.00428147 -0.00417882 -0.00407745 -0.00399751 -0.00389217 -0.00382811 -0.00374388 -0.00367186 -0.00360053 -0.00353687 -0.00347938 -0.00340239 -0.00336541 -0.00329902 -0.00324893 -0.00320767 -0.00315749 -0.0031153 -0.00307154 -0.00305351 -0.00299924 -0.00296394 -0.00294299 -0.00290053 -0.00288197 -0.00284258 -0.00280638 -0.0027843 -0.00276438 -0.00274527 -0.0027157 -0.00269834 -0.00267337 -0.00266153 -0.00265392 -0.0026244 -0.00261462 -0.00259293 -0.00256633 -0.00256764 -0.00255357 -0.00254132 -0.00254434 -0.00252626 -0.00251095 -0.00251174 -0.00249554 -0.00248794 -0.00249486 -0.002479 -0.00247716 -0.00248244 -0.00246559 -0.00247206 
0 3.62422e-05 4.23063e-05 7.92554e-05 0.000100876 0.000105336 0.000144868 0.000165087 0.000186466 0.00022936 0.00024671 0.00027156 0.000294166 0.000312373 0.000345227 0.000362839 0.000405587 0.000433605 0.000441806 0.000500997 0.000515514 0.000530428 0.000593225 0.000602957 0.000627678 0.00067188 0.0007033 0.000739654 0.000765826 0.000818896 0.000856278 0.000892216 0.000935762 0.000965632 0.00103218 0.0010607 0.00109664 0.00116459 0.00120232 0.00125752 0.00131091 0.00137859 0.00142977 0.00149333 0.00157829 0.00162543 0.00170997 0.00178842 0.00186621 0.00194428 0.00203679 0.00214192 0.00221888 0.00234057 0.00245197 0.00257298 0.00269476 0.00284177 0.00299906 0.00314406 0.00333174 0.00351787 0.00373517 0.00394808 0.00421256 0.0044949 0.00481461 0.00518189 0.00560955 0.00613091 0.006741 0.00751214 0.00844488 0.00964047 0.0111147 0.0129756 0.0152509 0.0180593 0.0214456 0.025478 0.0301661 0.0355341 0.0415633 0.0481472 0.0551187 0.0622264 0.0692226 0.0757389 0.0814082 0.0857812 0.0885285 0.0892866 0.0878115 0.0838264 0.0772637 0.0681288 0.0566784 0.0431929 0.0281409 0.0119913 -0.00460298 -0.0210397 -0.0366477 -0.0509292 -0.063382 -0.073685 -0.0815275 -0.0868399 -0.0896275 -0.0901201 -0.0885251 -0.0851733 -0.0803561 -0.0744996 -0.0679633 -0.0611323 -0.0542663 -0.0476395 -0.0414389 -0.0358141 -0.0308126 -0.0264428 -0.0227044 -0.0195546 -0.0169588 -0.0148152 -0.013092 -0.0116827 -0.0105701 -0.0096523 -0.00892732 -0.00830875 -0.00780513 -0.00737295 -0.00700964 -0.00668479 -0.00638807 -0.00614546 -0.00591004 -0.00570486 -0.00549692 -0.00534062 -0.00517042 -0.00501442 -0.00487489 -0.00475024 -0.00462753 -0.00449482 -0.00440862 -0.00429642 -0.00419865 -0.00410639 -0.00403146 -0.00394587 -0.0038591 -0.00381173 -0.00372834 -0.00366898 -0.00361463 -0.00355877 -0.00350038 -0.00344815 -0.00341824 -0.0033453 -0.00330871 -0.00327557 -0.0032227 -0.00319087 -0.00314139 -0.00311785 -0.00308896 -0.00305363 -0.00302301 -0.0029957 -0.00299019 -0.00293727 -0.00291637 -0.00291927 -0.00286483 -0.00285411 -0.00284335 -0.00280822 -0.00280142 -0.00278691 -0.00277916 -0.00276063 -0.00274339 -0.00274069 -0.00271063 -0.00270804 -0.0027093 -0.00268198 -0.00268952 -0.00268331 -0.00266127 -0.00267363 -0.00266455 -0.00265107 -0.00266422 -0.0026518 
0 1.91661e-05 5.67296e-05 7.42726e-05 9.94644e-05 0.000135799 0.000152434 0.000179066 0.000209646 0.000229258 0.000257777 0.000288808 0.000317942 0.000341954 0.000372789 0.000405587 0.000419777 0.000459962 0.000498622 0.000508519 0.000550121 0.000586347 0.000612447 0.000654095 0.000689859 0.000727531 0.000742688 0.000788645 0.000855135 0.00086766 0.000900649 0.000953554 0.00100457 0.00104855 0.00108559 0.00114299 0.00118843 0.00125216 0.00130169 0.00134704 0.00142373 0.00147638 0.00153859 0.00160644 0.00168466 0.00175012 0.00182508 0.00192549 0.00199637 0.00209118 0.00219448 0.00230142 0.00239788 0.00251917 0.00265675 0.00277091 0.00291474 0.0030712 0.00324044 0.00339657 0.00359519 0.00381204 0.00403082 0.00427403 0.00455828 0.0048854 0.0052268 0.00564317 0.00613448 0.00673049 0.00742649 0.00830378 0.00939599 0.0107597 0.0124442 0.0145361 0.0171122 0.0202294 0.0239547 0.0283216 0.0333696 0.039066 0.0453765 0.052156 0.0592367 0.066341 0.0731983 0.0794372 0.0846991 0.0885745 0.090746 0.0908998 0.0888121 0.0842789 0.0772555 0.0678098 0.0561869 0.0426881 0.0277238 0.0117528 -0.00464351 -0.0208727 -0.0363355 -0.0505472 -0.0630722 -0.0735802 -0.0817869 -0.087571 -0.0909227 -0.0919994 -0.0909891 -0.0881698 -0.0838231 -0.0783272 -0.0720267 -0.065294 -0.058411 -0.0516714 -0.0452639 -0.0393639 -0.0340366 -0.0293478 -0.0252791 -0.0218168 -0.0189049 -0.0165069 -0.0145509 -0.0129545 -0.0116582 -0.0106124 -0.00978105 -0.00907837 -0.00849489 -0.00800245 -0.00760506 -0.00723194 -0.00690585 -0.00662372 -0.00638136 -0.0061394 -0.00591687 -0.00573831 -0.0055577 -0.00538562 -0.00522456 -0.00510205 -0.0049565 -0.00482712 -0.00471937 -0.00461386 -0.00450402 -0.00440397 -0.0043316 -0.00422985 -0.00415207 -0.00408083 -0.00400716 -0.00393161 -0.00386825 -0.00381751 -0.00373989 -0.00369294 -0.00364052 -0.00358975 -0.00354697 -0.00349035 -0.0034518 -0.00341726 -0.00339151 -0.00333126 -0.00328696 -0.00328598 -0.00324529 -0.0032033 -0.00317103 -0.00315111 -0.00313035 -0.00309306 -0.00308577 -0.00305941 -0.0030254 -0.00302188 -0.00300231 -0.00298066 -0.00296433 -0.00295023 -0.00293458 -0.00291463 -0.00291513 -0.00290015 -0.00288228 -0.00288966 -0.00286964 -0.00285852 -0.00286731 -0.00284436 -0.00284296 -0.00285065 -0.00282986 -0.00283934 
0 2.31606e-05 5.47719e-05 7.86837e-05 0.000106887 0.000142249 0.000165582 0.000196514 0.000225521 0.000243826 0.000277429 0.000302495 0.000332768 0.000373452 0.000396648 0.000433605 0.000459962 0.000484467 0.000525986 0.000548094 0.000595163 0.000629918 0.000649143 0.000698758 0.000723298 0.000772491 0.000825365 0.000848712 0.000887219 0.000922123 0.000987701 0.00102949 0.00105872 0.00111795 0.00116297 0.00122911 0.00127281 0.00132892 0.00139534 0.00144649 0.00152436 0.00157713 0.00165244 0.00172521 0.00179996 0.00188178 0.00195764 0.00206277 0.00213979 0.00224553 0.00235329 0.00246277 0.00257688 0.00270181 0.00285046 0.00297297 0.00313443 0.00330149 0.00348196 0.00365819 0.00387289 0.00411273 0.00434657 0.00462142 0.00493433 0.00529938 0.00567789 0.00614928 0.00671156 0.00738766 0.00818384 0.00918708 0.0104485 0.0119992 0.0139073 0.0162554 0.0191386 0.0225749 0.0266316 0.031329 0.03671 0.042699 0.0492299 0.0561359 0.0632423 0.0702543 0.076875 0.0827386 0.0875062 0.0908134 0.09236 0.091873 0.0891597 0.0840867 0.076647 0.066955 0.0552478 0.0418302 0.0270687 0.0113983 -0.00466385 -0.0205601 -0.0357575 -0.0497988 -0.0622996 -0.0729367 -0.0814476 -0.0876779 -0.0915901 -0.0932722 -0.0928798 -0.0906485 -0.0868452 -0.0818003 -0.0758306 -0.0692885 -0.0624763 -0.055701 -0.0491575 -0.0430318 -0.0374176 -0.0324239 -0.0280383 -0.0242592 -0.0210296 -0.0183528 -0.016148 -0.014341 -0.01285 -0.0116518 -0.0106953 -0.00989583 -0.00922535 -0.00866421 -0.00821609 -0.00779902 -0.00743837 -0.00711898 -0.00685637 -0.00658974 -0.00635138 -0.00614864 -0.00595632 -0.00577283 -0.00559587 -0.00546085 -0.00530409 -0.00517179 -0.00504403 -0.00493389 -0.00481757 -0.0047084 -0.00462425 -0.00451814 -0.00443937 -0.00434961 -0.00427903 -0.00419987 -0.00412619 -0.00406871 -0.00399445 -0.00394845 -0.00387841 -0.00382836 -0.00378239 -0.00373317 -0.0036945 -0.00362756 -0.00360102 -0.0035699 -0.00352841 -0.00348266 -0.003436 -0.00342829 -0.00338874 -0.00336069 -0.0033365 -0.00329238 -0.00328529 -0.00326002 -0.00323885 -0.00322334 -0.00318923 -0.00317591 -0.00315312 -0.0031392 -0.00313305 -0.00311233 -0.00310637 -0.00308959 -0.00307393 -0.00307057 -0.00305603 -0.00305153 -0.00304697 -0.00303626 -0.00303297 -0.00302809 -0.00302369 -0.00302244 
