0 0 0 0 0 0 0 0 0 0 0 0 0 0 0 0 0 0 0 0 0 0 0 0 0 0 0 0 0 0 0 0 0 0 0 0 0 0 0 0 0 0 0 0 0 0 0 0 0 0 0 0 0 0 0 0 0 0 0 0 0 0 0 0 0 0 0 0 0 0 0 0 0 0 0 0 0 0 0 0 0 0 0 0 0 0 0 0 0 0 0 0 0 0 0 0 0 0 0 0 0 0 0 0 0 0 0 0 0 0 0 0 0 0 0 0 0 0 0 0 0 0 0 0 0 0 0 0 0 0 0 0 0 0 0 0 0 0 0 0 0 0 0 0 0 0 0 0 0 0 0 0 0 0 0 0 0 0 0 0 0 0 0 0 0 0 0 0 0 0 0 0 0 0 0 0 0 0 0 0 0 0 0 0 0 0 0 0 0 0 0 0 0 0 0 0 0 0 0 0 
0 3.579e-06 2.11232e-05 2.72746e-05 2.25317e-05 4.18299e-05 5.63648e-05 4.39265e-05 6.48725e-05 8.54855e-05 6.00683e-05 9.02208e-05 0.000134555 9.8379e-05 0.000100912 0.000136349 0.0001322 0.000157992 0.000168242 0.000165021 0.00020142 0.000203933 0.000212767 0.000230981 0.000234016 0.000274499 0.000276271 0.000293935 0.000347629 0.000340006 0.000375593 0.000414099 0.00042774 0.000472447 0.000495416 0.000562822 0.000610367 0.000654669 0.000765675 0.000842636 0.000958518 0.00109103 0.00126153 0.00148125 0.00168797 0.00199106 0.0023203 0.00269129 0.00308677 0.00348716 0.00393115 0.00429083 0.00459667 0.00477483 0.00482738 0.00470141 0.00432367 0.0037469 0.002928 0.00195588 0.000788999 -0.000478436 -0.00178683 -0.00304854 -0.00417528 -0.00516559 -0.00592492 -0.00647643 -0.00673209 -0.006757 -0.00653998 -0.00616697 -0.00566467 -0.00507477 -0.00444203 -0.00377713 -0.00315389 -0.00255888 -0.00206499 -0.00162328 -0.00128664 -0.000989135 -0.000773331 -0.000581089 -0.000449132 -0.000333922 -0.000261468 -0.000201602 -0.000167497 -0.00014213 -0.000127843 -0.000120373 -0.000113671 -0.000114206 -0.000109236 -0.000113133 -0.00010793 -0.000113272 -0.000107535 -0.000113471 -0.00010743 -0.000113438 -0.00010744 -0.000113035 -0.000107371 -0.000111866 -0.000106469 -0.000108396 -0.000101946 -9.76497e-05 -8.55836e-05 -6.6747e-05 -3.85553e-05 9.91708e-06 7.15367e-05 0.00017 0.000285725 0.000455467 0.000647744 0.000914555 0.00121749 0.0016215 0.00207923 0.00264771 0.00325779 0.00393466 0.00459745 0.00524692 0.00582501 0.00630818 0.00665663 0.00679672 0.00671408 0.00633493 0.00572591 0.00485431 0.00381698 0.00259325 0.00127785 -7.04038e-05 -0.00135924 -0.00249813 -0.0034989 -0.00427525 -0.00486316 -0.00517598 -0.00529151 -0.0052304 -0.00502792 -0.00472931 -0.00431215 -0.00390795 -0.00347974 -0.00308409 -0.00269616 -0.00234069 -0.00207707 -0.00180936 -0.00160457 -0.00141872 -0.00128599 -0.00118535 -0.00105705 -0.00100336 -0.000935813 -0.000876516 -0.000831193 -0.000776311 -0.000766419 -0.000706699 -0.00067721 -0.000677346 -0.000627138 -0.000621598 -0.000606581 -0.000587381 -0.00058149 -0.000545804 -0.000551715 -0.000536633 -0.000504429 -0.000515858 -0.000488123 -0.00048953 -0.000515162 -0.000464483 -0.000453483 -0.000484934 -0.000462216 -0.000444054 -0.000446092 -0.000441776 -0.000444163 -0.000443228 -0.000442267 -0.000438451 -0.000421707 -0.000421414 -0.000433773 -0.000426904 
0 2.11232e-05 2.14818e-05 4.65133e-05 7.29738e-05 7.0557e-05 9.42812e-05 0.00012237 0.000119124 0.000147412 0.000178638 0.000170161 0.000185273 0.000217986 0.000248942 0.000278147 0.000272806 0.000291386 0.000340187 0.000345801 0.000362346 0.000409548 0.000434239 0.000460915 0.000504995 0.000539272 0.000562185 0.000604571 0.00065641 0.000690003 0.000738431 0.000811165 0.000877676 0.000936259 0.00102561 0.00113601 0.00122676 0.00134885 0.00151469 0.00170245 0.00191651 0.00218307 0.00254623 0.00295139 0.00342272 0.00400214 0.00467302 0.00542016 0.00618706 0.00701583 0.00783933 0.00857137 0.00914403 0.00948543 0.00957785 0.00927758 0.0085527 0.0073651 0.00577019 0.00381128 0.00151217 -0.000988317 -0.00358368 -0.00605177 -0.00831598 -0.0102409 -0.0117782 -0.0128386 -0.0133741 -0.013419 -0.0130065 -0.0122816 -0.0112779 -0.0101333 -0.00885448 -0.0075708 -0.00630349 -0.00515704 -0.00414153 -0.00328971 -0.00258905 -0.0020145 -0.00156393 -0.0011902 -0.000917747 -0.000688134 -0.000543927 -0.000415892 -0.000356287 -0.000290199 -0.000276795 -0.000241516 -0.000248278 -0.000225603 -0.000239288 -0.000221118 -0.000236557 -0.000219981 -0.000235663 -0.000219708 -0.000235408 -0.000219634 -0.000235451 -0.000219458 -0.000235333 -0.000218365 -0.000233331 -0.000213201 -0.000223453 -0.000193779 -0.000188662 -0.000134048 -9.08337e-05 1.71818e-05 0.000134686 0.000334844 0.000569655 0.000903514 0.00130258 0.00182206 0.00245356 0.00323768 0.00418342 0.00528385 0.00653066 0.00784105 0.00918863 0.0104512 0.0116195 0.01256 0.013247 0.0135202 0.0133351 0.0126072 0.0113705 0.00967757 0.00758169 0.0051883 0.00256093 -9.02692e-05 -0.002647 -0.00492662 -0.00689485 -0.00847413 -0.00960802 -0.0102809 -0.0105026 -0.0104063 -0.0100137 -0.00940749 -0.00862825 -0.00779157 -0.00697602 -0.00616531 -0.00541001 -0.00472409 -0.00416137 -0.00367037 -0.00322937 -0.00288259 -0.00260327 -0.00237156 -0.00215473 -0.00199175 -0.0018749 -0.00174816 -0.00164313 -0.00157199 -0.00150949 -0.00143596 -0.00137885 -0.00134444 -0.0012915 -0.0012378 -0.00120809 -0.00117523 -0.00112922 -0.00110978 -0.00109718 -0.00105443 -0.00104026 -0.00104171 -0.0010066 -0.000974862 -0.000959506 -0.000957718 -0.000953079 -0.000920648 -0.000909437 -0.000918446 -0.000907395 -0.000895434 -0.00088223 -0.000870853 -0.000867603 -0.000861317 -0.000870914 -0.000873354 -0.000854288 -0.000856429 
0 2.72746e-05 4.65133e-05 7.00004e-05 9.66664e-05 0.000116703 0.000141925 0.000170784 0.00019081 0.000217124 0.000249024 0.000273303 0.000302289 0.000330924 0.000355105 0.000389563 0.000421349 0.000453618 0.000497613 0.000529161 0.000563085 0.000614133 0.000650534 0.000689592 0.000747971 0.000797921 0.000850093 0.000916461 0.000985551 0.00105412 0.0011273 0.00122167 0.001318 0.00141277 0.00154479 0.00169376 0.00185174 0.00204852 0.00229276 0.00258632 0.00292124 0.00334205 0.00387095 0.00448347 0.00520804 0.00606521 0.00706247 0.00815695 0.0093134 0.010528 0.0117181 0.0127829 0.0136016 0.0140952 0.0141709 0.0136945 0.0125883 0.0108186 0.00844505 0.00551651 0.00212589 -0.00157507 -0.00537633 -0.00903304 -0.0123703 -0.015224 -0.0174908 -0.0190521 -0.0198629 -0.0199368 -0.0193682 -0.0182939 -0.0168364 -0.0151257 -0.0132513 -0.0113383 -0.00947235 -0.00776175 -0.00624855 -0.00497092 -0.00390977 -0.00305002 -0.00235692 -0.00180647 -0.00137784 -0.00104901 -0.000810151 -0.000636201 -0.000523061 -0.000443587 -0.00040036 -0.000368049 -0.000356437 -0.000343167 -0.000343231 -0.00033623 -0.000339872 -0.000334572 -0.000339138 -0.000334219 -0.000338971 -0.000334086 -0.00033876 -0.000333654 -0.000337754 -0.000331534 -0.000333204 -0.00032256 -0.0003157 -0.000290644 -0.000259057 -0.000195857 -0.000105971 3.84322e-05 0.000239172 0.000523209 0.000897494 0.0013857 0.00200385 0.00277759 0.00373921 0.00491311 0.00632798 0.00796682 0.00980488 0.0117504 0.0137248 0.0156046 0.0173045 0.0186968 0.0196655 0.020057 0.0197503 0.0186799 0.0168523 0.0143512 0.0112611 0.00772111 0.0038782 -2.96526e-05 -0.00377904 -0.00717165 -0.010084 -0.0124328 -0.0141293 -0.0151591 -0.0155555 -0.0154418 -0.0149059 -0.0140331 -0.012931 -0.0117172 -0.0105027 -0.00930936 -0.0081846 -0.00717402 -0.006302 -0.00555499 -0.00490032 -0.0043671 -0.00393713 -0.00357522 -0.00326959 -0.00302003 -0.00282799 -0.00264985 -0.00249301 -0.00237539 -0.00226493 -0.00216162 -0.00207379 -0.00200221 -0.00193462 -0.00186466 -0.00181653 -0.00177016 -0.00171291 -0.00167566 -0.00163983 -0.00159437 -0.00156235 -0.00153343 -0.00150438 -0.00148137 -0.00145705 -0.00143653 -0.00141672 -0.0013957 -0.00138141 -0.00136464 -0.00134815 -0.00133833 -0.00132695 -0.00132079 -0.00131481 -0.00130189 -0.00129738 -0.0012901 -0.00127919 -0.00128801 
0 2.25317e-05 7.29738e-05 9.66664e-05 0.000114112 0.000168074 0.00019575 0.000210496 0.000268899 0.000298337 0.000308122 0.000371193 0.00042038 0.000438639 0.000472546 0.000511359 0.00057056 0.000621529 0.000645826 0.000707061 0.000770598 0.000808907 0.000871781 0.000934537 0.000992069 0.00106891 0.00114484 0.00122585 0.00131668 0.00141152 0.00152174 0.0016354 0.00176071 0.00191589 0.00207924 0.00227167 0.00250679 0.00277319 0.00310435 0.00349373 0.00396855 0.00455308 0.00524101 0.00608371 0.00706422 0.00821175 0.00952186 0.0109495 0.0124924 0.0140483 0.015568 0.0169039 0.0179273 0.0185237 0.0185201 0.0178358 0.0163195 0.0139886 0.0108462 0.00698895 0.0025643 -0.00225952 -0.00717017 -0.0119501 -0.0162842 -0.0200275 -0.022968 -0.0250135 -0.0260932 -0.0262222 -0.025538 -0.0241495 -0.0222854 -0.020033 -0.0176123 -0.0150914 -0.0126715 -0.0104056 -0.0084176 -0.00670633 -0.0052886 -0.00413244 -0.00319389 -0.0024612 -0.00187043 -0.00144213 -0.00109896 -0.000882312 -0.000703122 -0.000616721 -0.000529976 -0.000510065 -0.000466128 -0.00047383 -0.000446275 -0.000463245 -0.000441061 -0.000460475 -0.000439907 -0.000459781 -0.000439642 -0.000459558 -0.000439283 -0.000458984 -0.000437678 -0.000455867 -0.000430775 -0.000442478 -0.000405107 -0.000395836 -0.000324403 -0.000261106 -0.000111731 6.37247e-05 0.00035849 0.000724433 0.00124591 0.00189163 0.00273452 0.00377294 0.00506656 0.00664148 0.00851166 0.0106859 0.0130772 0.0156399 0.0181931 0.0206692 0.0228532 0.0246656 0.0258669 0.0263436 0.0259026 0.0244959 0.0221201 0.018844 0.0148282 0.0101978 0.00523754 0.000154158 -0.00471051 -0.00916567 -0.0129954 -0.0160807 -0.0183498 -0.0197492 -0.0203786 -0.0202881 -0.0196538 -0.0185683 -0.017188 -0.0156535 -0.0140513 -0.0125045 -0.011029 -0.00970361 -0.00852842 -0.00750776 -0.00665446 -0.0059218 -0.00532632 -0.00482839 -0.00441803 -0.00408447 -0.00379229 -0.0035609 -0.00336067 -0.00318003 -0.00303236 -0.00289899 -0.00278291 -0.00267801 -0.00258212 -0.00250687 -0.00242841 -0.00235576 -0.00230435 -0.00223642 -0.0021779 -0.00214553 -0.00209011 -0.00203835 -0.00200914 -0.00198344 -0.00196032 -0.00191048 -0.00187453 -0.00188048 -0.00185129 -0.0018105 -0.00180304 -0.00178751 -0.00177387 -0.00176696 -0.00175119 -0.0017422 -0.00172726 -0.00171783 -0.00172486 -0.00171519 
0 4.18299e-05 7.0557e-05 0.000116703 0.000168074 0.000196669 0.000235008 0.000291753 0.000322945 0.00035825 0.000429358 0.00045911 0.00047438 0.000558667 0.000623292 0.000654488 0.000716672 0.000759976 0.000816481 0.000897173 0.000944454 0.00101465 0.00109964 0.00117878 0.00126509 0.00133734 0.00144832 0.00154821 0.0016329 0.00178333 0.0019108 0.00204931 0.00223281 0.00242039 0.00264816 0.00287986 0.00318583 0.00355053 0.00393991 0.00445945 0.00507129 0.0058187 0.00670242 0.00775275 0.00902909 0.0104479 0.0120654 0.0138273 0.0156989 0.0175894 0.0193487 0.0209162 0.0220724 0.0226948 0.0225747 0.0216008 0.0196926 0.0167708 0.0129127 0.00816575 0.00278123 -0.00304845 -0.00899256 -0.0147598 -0.020048 -0.0245722 -0.0281666 -0.0306429 -0.0320037 -0.0322153 -0.0314479 -0.029819 -0.0275659 -0.0248578 -0.021895 -0.0188536 -0.0158755 -0.0131197 -0.0106378 -0.00852313 -0.00672517 -0.00527762 -0.00408165 -0.00315722 -0.00240836 -0.00185914 -0.0014283 -0.00113729 -0.000918213 -0.000786468 -0.000689938 -0.000640468 -0.000603367 -0.000588345 -0.000575584 -0.000571958 -0.000567992 -0.000567149 -0.000566197 -0.000565767 -0.000565749 -0.000565407 -0.000565203 -0.000564814 -0.000562789 -0.000560813 -0.000552587 -0.000542647 -0.000515951 -0.000479564 -0.000405012 -0.000301065 -0.000122347 0.000119674 0.000486751 0.000961561 0.00161978 0.00243951 0.00351238 0.00481995 0.00646549 0.00842441 0.0107699 0.0134269 0.0163778 0.0194749 0.0226048 0.0255876 0.0282439 0.0303907 0.0317948 0.0323027 0.0317091 0.0299898 0.0270807 0.0231216 0.0182163 0.0126298 0.00662198 0.000502982 -0.00539909 -0.0108413 -0.0155279 -0.0193491 -0.0221549 -0.0239903 -0.0248678 -0.0248876 -0.0242089 -0.0229691 -0.0213972 -0.0195639 -0.017653 -0.0157527 -0.0139644 -0.0123399 -0.0108469 -0.0095817 -0.0084885 -0.0075742 -0.0067934 -0.00613437 -0.00563158 -0.00517023 -0.00479585 -0.00449142 -0.00423131 -0.00401662 -0.0038008 -0.00365809 -0.00351432 -0.003358 -0.00326098 -0.00314792 -0.00304355 -0.0029527 -0.00287232 -0.0028147 -0.00272735 -0.00267421 -0.00263799 -0.00256894 -0.00253342 -0.00247803 -0.00241433 -0.00241321 -0.00238162 -0.00231877 -0.00230311 -0.00229646 -0.00226779 -0.00224115 -0.0022235 -0.0021996 -0.0021792 -0.00217873 -0.0021751 -0.00216718 -0.00216277 -0.00214614 
0 5.63648e-05 9.42812e-05 0.000141925 0.00019575 0.000235008 0.00028537 0.000348101 0.0003889 0.000435211 0.000507176 0.000556531 0.000602622 0.000675977 0.000725248 0.000777127 0.000862912 0.000926468 0.000994197 0.00108183 0.00115091 0.00123232 0.00132352 0.00141479 0.00151449 0.00161502 0.00174832 0.00187323 0.00199196 0.00216646 0.00232573 0.0024909 0.00270901 0.00294231 0.00321153 0.00351122 0.00389287 0.00435081 0.00485026 0.00549472 0.00627209 0.00718817 0.00827427 0.00955707 0.0110917 0.0127949 0.0146902 0.016763 0.0189266 0.0210814 0.0230503 0.0247589 0.0259942 0.0265584 0.0262654 0.024969 0.0226288 0.019141 0.0145757 0.00902591 0.00275265 -0.00396686 -0.0108337 -0.0174835 -0.0236129 -0.0288553 -0.0330238 -0.035924 -0.0375428 -0.0378823 -0.0370614 -0.0352563 -0.0326661 -0.0295562 -0.0261105 -0.0225847 -0.0191034 -0.0158674 -0.0129274 -0.0103912 -0.00823046 -0.00646174 -0.00501957 -0.00387635 -0.00297924 -0.00228825 -0.0017767 -0.00139609 -0.00114053 -0.000953981 -0.000848413 -0.000765615 -0.000734152 -0.000697258 -0.000696309 -0.000676066 -0.000685695 -0.000670379 -0.00068315 -0.000668993 -0.000682493 -0.000668425 -0.000681604 -0.000666805 -0.000677879 -0.000659636 -0.000663038 -0.000632362 -0.000612267 -0.000545241 -0.000464853 -0.00031117 -0.00010253 0.000220808 0.000657242 0.00126091 0.00204913 0.00306862 0.00436236 0.00596887 0.00795136 0.0103155 0.0131027 0.0162366 0.0196886 0.0232839 0.0269196 0.0303511 0.0334102 0.0358182 0.0373719 0.0378477 0.0370982 0.0350523 0.0316739 0.0270814 0.0214039 0.0149665 0.00804662 0.00102464 -0.0058044 -0.012115 -0.0176115 -0.0221107 -0.0254768 -0.027759 -0.0289462 -0.0291555 -0.0285116 -0.0272268 -0.025515 -0.0234785 -0.0213033 -0.0190997 -0.0170199 -0.0150859 -0.0133047 -0.0117603 -0.0104266 -0.00930546 -0.0083303 -0.00752162 -0.00688575 -0.00632205 -0.00585634 -0.00547096 -0.00515335 -0.00487498 -0.0046101 -0.00442033 -0.00423666 -0.00405287 -0.00392256 -0.00379383 -0.00367526 -0.00356787 -0.00347266 -0.00339343 -0.00329626 -0.00322475 -0.00316299 -0.00308032 -0.00303711 -0.00299335 -0.00292691 -0.00289491 -0.00285943 -0.0028074 -0.00278011 -0.00275254 -0.0027126 -0.00268884 -0.00267581 -0.00265642 -0.00264078 -0.00262827 -0.00260471 -0.00258837 -0.00258843 -0.00258619 
0 4.39265e-05 0.00012237 0.000170784 0.000210496 0.000291753 0.000348101 0.000382458 0.00046637 0.000534481 0.000561954 0.000645001 0.00073853 0.000781143 0.000846024 0.000926514 0.00100482 0.0010988 0.00116387 0.00125047 0.00136654 0.00144485 0.00155612 0.00167345 0.00177258 0.00192199 0.00204928 0.00219196 0.00237067 0.002531 0.00274605 0.00295632 0.00319788 0.00350886 0.00380698 0.00420269 0.00465996 0.00518873 0.00584511 0.00659404 0.00755389 0.00865281 0.00994756 0.0115051 0.0132618 0.0152748 0.0174321 0.0197791 0.0221984 0.0245211 0.0266649 0.0283989 0.0296302 0.0300422 0.029497 0.0278588 0.0250272 0.0210137 0.015759 0.00951731 0.00245814 -0.00502947 -0.0126708 -0.020095 -0.0269095 -0.0328086 -0.0374524 -0.0407777 -0.0426337 -0.0431437 -0.0423171 -0.040395 -0.0375577 -0.0340948 -0.0302651 -0.0262804 -0.022382 -0.0186654 -0.0153247 -0.0123445 -0.00984828 -0.00772882 -0.0060484 -0.00466482 -0.00361605 -0.00277412 -0.00216892 -0.00170052 -0.00138751 -0.0011574 -0.0010165 -0.000919697 -0.000864448 -0.000831161 -0.000810644 -0.000803311 -0.000793846 -0.000795958 -0.000789016 -0.000794256 -0.000787643 -0.000793376 -0.000786651 -0.000790588 -0.00078232 -0.000779537 -0.00076341 -0.000740757 -0.000697796 -0.00062384 -0.000510587 -0.000323703 -6.22528e-05 0.00033466 0.000856741 0.00159208 0.00251851 0.00375364 0.00526733 0.00720011 0.00950285 0.0122986 0.0154826 0.0191024 0.0229789 0.0270574 0.0311024 0.0349435 0.0383074 0.040922 0.0425578 0.0429561 0.0420449 0.0396582 0.0358827 0.0307 0.0243965 0.0172044 0.00953214 0.00172189 -0.00590583 -0.0129646 -0.0192156 -0.0243279 -0.0282916 -0.0310105 -0.0325765 -0.0330342 -0.0325151 -0.0312912 -0.0294835 -0.0273485 -0.0249501 -0.0225209 -0.0201729 -0.017938 -0.0159195 -0.0140747 -0.0125195 -0.0111598 -0.00998767 -0.00903165 -0.00820258 -0.00754788 -0.0069615 -0.00648332 -0.00610506 -0.00573736 -0.00546158 -0.00520062 -0.00497627 -0.0047953 -0.00459777 -0.0044615 -0.00431758 -0.00417827 -0.00408319 -0.00395629 -0.00386697 -0.00379307 -0.00369121 -0.00362452 -0.0035538 -0.00349701 -0.00345725 -0.00337053 -0.00332103 -0.00331448 -0.00325611 -0.00320117 -0.00318637 -0.0031584 -0.00312534 -0.00310684 -0.00308698 -0.00306542 -0.00305012 -0.00304005 -0.0030323 -0.00302455 
0 6.48725e-05 0.000119124 0.00019081 0.000268899 0.000322945 0.0003889 0.00046637 0.000522482 0.000597415 0.00068166 0.000743402 0.000814629 0.000892102 0.000992598 0.00109613 0.00114759 0.00123813 0.00136171 0.0014412 0.00155422 0.00167798 0.00178766 0.00193079 0.00206505 0.0022127 0.00236948 0.00253331 0.00274047 0.00293254 0.00316561 0.00344505 0.00372668 0.00407689 0.00446628 0.00493093 0.00547971 0.00611101 0.00690296 0.00781985 0.00892892 0.0102447 0.0117747 0.0135749 0.0155899 0.0178537 0.0202899 0.0228525 0.0254513 0.0279042 0.0301041 0.0318222 0.0329066 0.0331057 0.0322415 0.030207 0.0268931 0.0223201 0.0164803 0.00959876 0.00190718 -0.00624296 -0.0145184 -0.0225646 -0.0299585 -0.0363735 -0.0414717 -0.0451463 -0.0472835 -0.0479497 -0.0471942 -0.0452029 -0.0422028 -0.0384708 -0.0343136 -0.0299576 -0.0256585 -0.0215375 -0.0177773 -0.0144095 -0.0115343 -0.0091016 -0.00713276 -0.00553495 -0.00429176 -0.00331709 -0.00258733 -0.00204096 -0.00165133 -0.0013795 -0.00119516 -0.00107984 -0.00100241 -0.000963301 -0.000932291 -0.000924555 -0.000910103 -0.000913457 -0.000903808 -0.000910567 -0.000901978 -0.000909227 -0.000900252 -0.00090552 -0.00089338 -0.000890707 -0.000866305 -0.000839369 -0.000778178 -0.000688975 -0.000538503 -0.000315457 1.37588e-05 0.000480012 0.00111421 0.00196882 0.00307223 0.00450265 0.00628497 0.0085127 0.0111824 0.0143588 0.0179662 0.0219973 0.0262924 0.0307616 0.035169 0.0393206 0.0429068 0.0456536 0.0472876 0.0475937 0.0464616 0.0437845 0.0396066 0.0339618 0.0271174 0.0193407 0.0110514 0.00259095 -0.0056743 -0.0133884 -0.0202538 -0.0259806 -0.0304932 -0.0336999 -0.0356725 -0.0364466 -0.0361798 -0.0350773 -0.033311 -0.0311154 -0.0286091 -0.0260115 -0.0234198 -0.0209426 -0.0186594 -0.0165716 -0.0147516 -0.0131467 -0.0117875 -0.010632 -0.00963878 -0.00883384 -0.0081385 -0.00756883 -0.00707778 -0.00666299 -0.00633299 -0.00601023 -0.00575392 -0.00553156 -0.00531533 -0.00513573 -0.00495958 -0.00481984 -0.00467922 -0.0045468 -0.00445682 -0.00433549 -0.00424643 -0.00418961 -0.00408318 -0.0039983 -0.00394461 -0.00389081 -0.00383472 -0.0037633 -0.00372585 -0.00370291 -0.0036544 -0.00362262 -0.00359011 -0.00355002 -0.00353045 -0.0035128 -0.0035051 -0.00349879 -0.00347697 -0.00346767 
0 8.54855e-05 0.000147412 0.000217124 0.000298337 0.00035825 0.000435211 0.000534481 0.000597415 0.000670869 0.000772535 0.000847545 0.000933948 0.001027 0.00110674 0.00121507 0.00131017 0.00141462 0.00155431 0.00164474 0.00176144 0.00192022 0.00202675 0.00217535 0.00235359 0.00250434 0.00269858 0.00290358 0.00312693 0.00336956 0.00362269 0.00395408 0.00428864 0.00466829 0.00516437 0.00570387 0.00635369 0.00712689 0.00805717 0.00917399 0.0104451 0.0119892 0.0137718 0.0157898 0.0180668 0.0205443 0.0232279 0.0259532 0.0286501 0.0311761 0.0333292 0.034956 0.0357863 0.0356967 0.0344622 0.031983 0.028191 0.0230578 0.016718 0.009282 0.00108995 -0.00759569 -0.0163705 -0.0248822 -0.0327374 -0.0395418 -0.0450504 -0.0490226 -0.0514569 -0.0522856 -0.0516546 -0.0496575 -0.0465733 -0.0426646 -0.038244 -0.0335982 -0.0289299 -0.0244651 -0.0202896 -0.0165717 -0.0133005 -0.0105705 -0.00828644 -0.00647821 -0.0050168 -0.0039084 -0.00303825 -0.00240957 -0.00193517 -0.00161417 -0.00138506 -0.00124165 -0.00114667 -0.00109077 -0.00105843 -0.00103817 -0.00103076 -0.00102221 -0.00102337 -0.00101776 -0.00102118 -0.00101575 -0.00101811 -0.00101066 -0.00100686 -0.000990695 -0.000967588 -0.000923321 -0.000849223 -0.000732427 -0.000544333 -0.000274181 0.000129821 0.000673809 0.00143454 0.00241373 0.0037167 0.00534355 0.00742177 0.00993453 0.012991 0.016516 0.0205465 0.0249308 0.0296172 0.0343935 0.0391009 0.0434581 0.0471793 0.0499689 0.0515307 0.0517103 0.0503232 0.0473809 0.0428212 0.0368223 0.0295432 0.0213493 0.0125866 0.003632 -0.00511956 -0.013363 -0.0207197 -0.02702 -0.0320425 -0.035769 -0.0381762 -0.0393425 -0.0394296 -0.0385444 -0.0369407 -0.0347597 -0.0322515 -0.0295479 -0.0267696 -0.0240882 -0.0215431 -0.0192384 -0.0171335 -0.0152841 -0.0137184 -0.0123468 -0.011196 -0.0102112 -0.00940992 -0.00873465 -0.00812251 -0.00765342 -0.00723669 -0.00685976 -0.00655079 -0.00627172 -0.00604578 -0.00581616 -0.00562499 -0.00548258 -0.00529801 -0.00516351 -0.00505589 -0.00490662 -0.00480308 -0.00471121 -0.00461412 -0.00454038 -0.00445549 -0.00439566 -0.00433817 -0.004261 -0.00422415 -0.00417515 -0.00410829 -0.00408274 -0.00405243 -0.00402399 -0.00401013 -0.00397141 -0.00394644 -0.00393274 -0.00391092 -0.00392081 
0 6.00683e-05 0.000178638 0.000249024 0.000308122 0.000429358 0.000507176 0.000561954 0.00068166 0.000772535 0.000835555 0.00094856 0.00105561 0.00115442 0.00125577 0.00134567 0.00148086 0.0016086 0.00170534 0.0018488 0.00199141 0.00213717 0.00230111 0.00244953 0.00264628 0.00283921 0.00302544 0.00328088 0.0035234 0.00379372 0.00412337 0.00447581 0.00489149 0.00534729 0.00591181 0.00657545 0.00731315 0.00824151 0.0093335 0.0106162 0.0121157 0.0138668 0.0159143 0.0181672 0.02067 0.0233843 0.0262257 0.0290831 0.0317979 0.0342931 0.0363279 0.0377127 0.0382367 0.0377401 0.0360962 0.0331359 0.0288495 0.0232276 0.0164252 0.00859209 -9.43587e-06 -0.00905393 -0.0181951 -0.0270174 -0.0351837 -0.0422969 -0.048112 -0.0523941 -0.0550785 -0.0561357 -0.0556404 -0.0537396 -0.0506422 -0.0466584 -0.0420643 -0.0371876 -0.0322316 -0.0274368 -0.0229159 -0.0188274 -0.015213 -0.0121402 -0.00957618 -0.00750318 -0.00584879 -0.00455788 -0.00356653 -0.00281753 -0.00227128 -0.00187419 -0.00160704 -0.0014191 -0.0013082 -0.00122831 -0.0011923 -0.0011594 -0.00115365 -0.00113779 -0.00114237 -0.00113158 -0.00113884 -0.00112861 -0.0011347 -0.00112122 -0.00111998 -0.00109373 -0.00106897 -0.00100508 -0.000918792 -0.00076407 -0.000543742 -0.000206375 0.000261193 0.000913957 0.00178396 0.00293059 0.00441047 0.00628567 0.00862857 0.0114753 0.0148706 0.0187738 0.0231609 0.0278992 0.0328973 0.0379414 0.0428567 0.0473328 0.0511044 0.0538369 0.0552955 0.0552756 0.0536643 0.0504252 0.0455726 0.0392685 0.0317021 0.0232224 0.0141341 0.00485249 -0.00427637 -0.0128803 -0.0206714 -0.0274345 -0.032968 -0.0372025 -0.0400756 -0.0417123 -0.0421908 -0.0416591 -0.0402746 -0.0382363 -0.0357946 -0.0330534 -0.0301914 -0.0273199 -0.0245915 -0.0220574 -0.0197044 -0.0176281 -0.0158053 -0.014244 -0.0128808 -0.0117166 -0.0107765 -0.00994587 -0.00925244 -0.00867132 -0.008179 -0.00776452 -0.00737545 -0.00707704 -0.00680039 -0.00653069 -0.00633033 -0.00612366 -0.0059411 -0.00578152 -0.00562673 -0.00551472 -0.00537679 -0.00525286 -0.00517561 -0.00507558 -0.00498864 -0.00489972 -0.00481682 -0.00478769 -0.00471335 -0.00462823 -0.00461947 -0.0045746 -0.00450462 -0.00449476 -0.0044649 -0.00441593 -0.00441472 -0.00440284 -0.00436925 -0.00437104 
0 9.02208e-05 0.000170161 0.000273303 0.000371193 0.00045911 0.000556531 0.000645001 0.000743402 0.000847545 0.00094856 0.00106368 0.00115598 0.00126079 0.00140761 0.00152452 0.00164193 0.00177177 0.00189793 0.00206994 0.00221966 0.00236406 0.0025665 0.00274521 0.00294461 0.00317247 0.00339262 0.00366839 0.00394759 0.00426397 0.00464507 0.00504244 0.00553068 0.00608121 0.00672736 0.00750703 0.008387 0.00947297 0.010742 0.012218 0.0139522 0.0159327 0.0182118 0.0206989 0.023408 0.0263034 0.0292511 0.0321555 0.0348321 0.0371947 0.0390117 0.0400662 0.0401996 0.0392458 0.0371276 0.0336765 0.028902 0.0228467 0.0156599 0.00752662 -0.00135226 -0.0106269 -0.0199776 -0.0289802 -0.0373223 -0.0446502 -0.0506992 -0.0552545 -0.0581818 -0.059479 -0.0591669 -0.0574193 -0.0543993 -0.0504199 -0.0457433 -0.0406983 -0.035518 -0.0304324 -0.0256043 -0.021166 -0.0172225 -0.0138091 -0.0109585 -0.00861205 -0.00674908 -0.00526706 -0.00413899 -0.0032651 -0.00263343 -0.00215907 -0.00184207 -0.00161111 -0.00147439 -0.00137428 -0.00132642 -0.00128626 -0.00127511 -0.00125811 -0.00125951 -0.00124989 -0.0012544 -0.00124557 -0.00124848 -0.00123468 -0.00122833 -0.00119666 -0.00116116 -0.00108049 -0.00097083 -0.000778442 -0.000512353 -0.000105139 0.000441714 0.0012093 0.0022067 0.00353112 0.00520738 0.00734268 0.00996307 0.013146 0.0168729 0.021137 0.0258474 0.0309022 0.036152 0.0414012 0.0464318 0.0509392 0.0546557 0.057254 0.0585368 0.0582838 0.0564294 0.0529097 0.0478122 0.0412813 0.0335485 0.0249128 0.0156637 0.00620175 -0.00314429 -0.0119856 -0.0200953 -0.0272345 -0.0332296 -0.037952 -0.0413327 -0.0434769 -0.0444273 -0.0443292 -0.0432797 -0.0414991 -0.0392054 -0.0365244 -0.0336436 -0.0306641 -0.0277771 -0.0250291 -0.0224576 -0.020145 -0.0180716 -0.0162857 -0.0147137 -0.0133678 -0.0122478 -0.0112705 -0.0104704 -0.00977391 -0.00918878 -0.00870612 -0.00825956 -0.00790233 -0.00757321 -0.00728208 -0.00704007 -0.00679073 -0.00660479 -0.00642382 -0.00623259 -0.00610344 -0.00596788 -0.00584064 -0.00572416 -0.00559755 -0.00552124 -0.00544006 -0.00534035 -0.00527015 -0.00520071 -0.0051522 -0.00510533 -0.00503941 -0.00500413 -0.00495736 -0.0049091 -0.00490656 -0.0048792 -0.00485142 -0.00485491 -0.00482263 
0 0.000134555 0.000185273 0.000302289 0.00042038 0.00047438 0.000602622 0.00073853 0.000814629 0.000933948 0.00105561 0.00115598 0.0012912 0.00140921 0.00152544 0.00167514 0.00180924 0.00195821 0.00212758 0.00228192 0.00245097 0.00262775 0.00282526 0.00304549 0.00325074 0.00350761 0.00379732 0.00406973 0.00440888 0.00478758 0.00519099 0.00567198 0.00621927 0.00687536 0.00762908 0.00851332 0.00959332 0.010831 0.0122955 0.0140015 0.0159554 0.0181939 0.0206611 0.0233783 0.026268 0.0292638 0.0322749 0.0351204 0.0377048 0.039823 0.0413159 0.0419725 0.0416235 0.0401907 0.0375267 0.0336 0.0283602 0.0219345 0.0144604 0.0061039 -0.00289811 -0.0122932 -0.021681 -0.0307541 -0.0391439 -0.046596 -0.0528164 -0.0575885 -0.0607709 -0.062296 -0.0622389 -0.0606773 -0.0578424 -0.05393 -0.0492726 -0.0441204 -0.0387811 -0.0334548 -0.0283493 -0.0236024 -0.0193275 -0.0156018 -0.0124347 -0.00983277 -0.00771842 -0.00606142 -0.00475391 -0.00377325 -0.00301817 -0.00248534 -0.00208585 -0.00183006 -0.00164032 -0.00153735 -0.00145552 -0.00142451 -0.00138969 -0.00138699 -0.00136929 -0.00137556 -0.00136231 -0.00136937 -0.00135366 -0.00135431 -0.00132556 -0.00130384 -0.00123685 -0.00115537 -0.000996733 -0.000783282 -0.000440267 1.95699e-05 0.000682569 0.00154806 0.00271545 0.00420259 0.0061205 0.00849986 0.011434 0.0149267 0.0189965 0.0235797 0.0285935 0.0339116 0.0393581 0.0447466 0.0497967 0.054262 0.0578092 0.0602229 0.0612395 0.0607474 0.0586123 0.0548563 0.0495498 0.0428783 0.0350856 0.0264053 0.0171629 0.00764536 -0.00174158 -0.0107263 -0.0190241 -0.0264609 -0.0328472 -0.0380191 -0.0419456 -0.0446053 -0.0461113 -0.0464924 -0.045897 -0.0444811 -0.0424185 -0.0399093 -0.0370638 -0.0340859 -0.0310699 -0.0281424 -0.0253896 -0.0228312 -0.0205402 -0.0184877 -0.0167141 -0.0151834 -0.0138452 -0.0127347 -0.0117827 -0.0109761 -0.0102831 -0.00968924 -0.00920807 -0.00875475 -0.00837181 -0.00806761 -0.00776388 -0.00750479 -0.00728418 -0.00707859 -0.00689166 -0.00670434 -0.00655571 -0.00641898 -0.00627317 -0.00617176 -0.00606242 -0.00595229 -0.00588777 -0.00579186 -0.00570965 -0.00566929 -0.00556852 -0.00550487 -0.00551155 -0.00544348 -0.00539329 -0.00540178 -0.00533302 -0.00529367 -0.00532629 -0.00528895 
0 9.8379e-05 0.000217986 0.000330924 0.000438639 0.000558667 0.000675977 0.000781143 0.000892102 0.001027 0.00115442 0.00126079 0.00140921 0.00157025 0.0016815 0.00182207 0.00199978 0.00215236 0.00231912 0.00250201 0.00269011 0.0029039 0.0031233 0.00335346 0.0035992 0.00387891 0.00419127 0.00450356 0.00488411 0.00532653 0.00579213 0.00634905 0.00700336 0.00776315 0.00863573 0.00966859 0.0109193 0.0123412 0.0140016 0.0159389 0.018137 0.0205956 0.0232714 0.0261816 0.0292128 0.0322636 0.0352389 0.0379756 0.0403478 0.0421326 0.0431972 0.0433636 0.0424938 0.0405069 0.0372989 0.0328843 0.0272449 0.0205233 0.0128434 0.00438662 -0.00463573 -0.0139823 -0.0232944 -0.0322949 -0.0406448 -0.0481277 -0.0544506 -0.0594076 -0.0628179 -0.0646107 -0.0648271 -0.0635386 -0.0609407 -0.057201 -0.0526286 -0.0474585 -0.0420167 -0.036505 -0.0311661 -0.0261345 -0.0215594 -0.0175149 -0.0140476 -0.0111602 -0.00880221 -0.00693188 -0.00545327 -0.00432914 -0.00346193 -0.00283812 -0.00236898 -0.00206019 -0.001831 -0.00170142 -0.00159966 -0.00155799 -0.00151379 -0.00150842 -0.00148589 -0.00149264 -0.00147594 -0.00148388 -0.00146404 -0.00146343 -0.001427 -0.00139749 -0.00131381 -0.00121053 -0.00101752 -0.000757991 -0.000352347 0.000189343 0.000955176 0.00195233 0.00327904 0.00496611 0.00711656 0.00977254 0.0130044 0.0168199 0.0212017 0.0260885 0.0313611 0.0368975 0.0424842 0.0479332 0.052936 0.0572581 0.0605792 0.0627166 0.063441 0.0626554 0.0602586 0.0562789 0.0508299 0.0440929 0.0363242 0.0277227 0.0185937 0.00918648 -0.000135743 -0.00912657 -0.0175324 -0.0251684 -0.0318681 -0.037461 -0.0419045 -0.0451273 -0.0471937 -0.0481278 -0.048052 -0.0470918 -0.0453712 -0.0430969 -0.0404054 -0.037489 -0.0344353 -0.0313865 -0.0284742 -0.0257286 -0.023207 -0.0209117 -0.0189097 -0.0171626 -0.0156163 -0.0143111 -0.0132036 -0.0122645 -0.0114462 -0.0107602 -0.0102014 -0.0096836 -0.00924426 -0.00887962 -0.00854273 -0.00824268 -0.00797312 -0.00774508 -0.00753332 -0.00733855 -0.00717393 -0.00700247 -0.00686769 -0.00675863 -0.00661063 -0.00649025 -0.0064149 -0.00632147 -0.00622235 -0.00615265 -0.00610395 -0.00603805 -0.00596849 -0.00593374 -0.0058911 -0.005839 -0.00582847 -0.00581083 -0.00577101 -0.00576856 
0 0.000100912 0.000248942 0.000355105 0.000472546 0.000623292 0.000725248 0.000846024 0.000992598 0.00110674 0.00125577 0.00140761 0.00152544 0.0016815 0.0018455 0.00201144 0.00219032 0.00234155 0.00253236 0.00275101 0.00294552 0.00317747 0.00341922 0.0036722 0.00396976 0.00426983 0.00461147 0.00499268 0.00541186 0.00591281 0.00645486 0.00709239 0.00786109 0.00872691 0.0097509 0.0109612 0.0123848 0.0140276 0.015901 0.0180776 0.0205094 0.0231612 0.0260348 0.0290722 0.0321835 0.0352136 0.0380687 0.0406217 0.0426705 0.0440504 0.044602 0.0442269 0.042798 0.0402223 0.0364861 0.0315947 0.0256302 0.0186717 0.0108761 0.00241267 -0.00652473 -0.0156873 -0.0248234 -0.0336293 -0.0418706 -0.0492875 -0.0556574 -0.0607434 -0.0643643 -0.0664376 -0.0669492 -0.0659955 -0.0636776 -0.0602004 -0.0557667 -0.0506706 -0.0451713 -0.0395447 -0.0340028 -0.0287309 -0.0238738 -0.019527 -0.015764 -0.0125822 -0.00997794 -0.00787175 -0.00622233 -0.00492899 -0.00395656 -0.0032161 -0.00268938 -0.00230246 -0.00204939 -0.00186911 -0.0017656 -0.00169052 -0.00165677 -0.00162695 -0.00162023 -0.00160606 -0.0016066 -0.00159384 -0.00159009 -0.00156582 -0.00154077 -0.0014796 -0.00139624 -0.00124524 -0.00103197 -0.000698478 -0.000240618 0.000412334 0.00127569 0.00243523 0.00392275 0.00583942 0.00822804 0.0111795 0.0147087 0.0188413 0.0235198 0.0286747 0.0341761 0.0398655 0.0455453 0.0509614 0.0558563 0.059934 0.0629744 0.064753 0.0651473 0.0640257 0.0613649 0.0571889 0.0516415 0.0449203 0.0372372 0.0288282 0.0199077 0.0107581 0.00161769 -0.00725434 -0.0156607 -0.023405 -0.0303172 -0.0362854 -0.0411956 -0.0449974 -0.0476407 -0.0491792 -0.0496958 -0.0492677 -0.0480104 -0.0460589 -0.0436261 -0.0408466 -0.0378337 -0.0347381 -0.0316878 -0.0287892 -0.0260489 -0.0235296 -0.021294 -0.0193089 -0.0175701 -0.0160544 -0.0147715 -0.0136836 -0.0127264 -0.0119344 -0.0112574 -0.0106666 -0.0101694 -0.00972084 -0.00934627 -0.00901259 -0.00870502 -0.00845182 -0.00820028 -0.00798954 -0.007816 -0.0076219 -0.00746035 -0.00731364 -0.00718197 -0.00708109 -0.00694496 -0.00683853 -0.00677409 -0.00667453 -0.00661062 -0.0065567 -0.00646182 -0.00642357 -0.00639283 -0.00632624 -0.00631776 -0.00630172 -0.006247 -0.00625179 
0 0.000136349 0.000278147 0.000389563 0.000511359 0.000654488 0.000777127 0.000926514 0.00109613 0.00121507 0.00134567 0.00152452 0.00167514 0.00182207 0.00201144 0.00218541 0.00235598 0.00257244 0.00278251 0.00298501 0.0032245 0.00346694 0.00372561 0.00402721 0.00434112 0.00468623 0.00507552 0.00551057 0.00600234 0.00654712 0.00718977 0.00793785 0.00879632 0.00981583 0.0110027 0.0123985 0.0140224 0.0158769 0.0180049 0.0203973 0.0230411 0.0258889 0.0289029 0.0320318 0.0351286 0.038071 0.0407337 0.0429831 0.0446338 0.0455032 0.0454981 0.044523 0.0424952 0.0393403 0.0350783 0.0297852 0.0235392 0.0164405 0.00861212 0.000240736 -0.00849108 -0.0173778 -0.0262119 -0.0347599 -0.042793 -0.050093 -0.056437 -0.0616139 -0.0654323 -0.0677865 -0.0686401 -0.0680446 -0.0660849 -0.0629102 -0.0587101 -0.0537382 -0.0482665 -0.0425676 -0.0368791 -0.0313981 -0.0262853 -0.021656 -0.017594 -0.0141258 -0.0112493 -0.00891113 -0.00705597 -0.00560121 -0.00448843 -0.00364437 -0.00302694 -0.0025784 -0.00227073 -0.00205852 -0.00192526 -0.00183716 -0.00178841 -0.00175552 -0.00174085 -0.00172759 -0.00172235 -0.00171077 -0.00169981 -0.00167348 -0.00163522 -0.00156318 -0.00145329 -0.00127401 -0.00101093 -0.000621078 -7.89228e-05 0.000670472 0.00166588 0.00297764 0.00466178 0.00680215 0.00945872 0.0126967 0.0165331 0.0209619 0.0259182 0.0313078 0.0369889 0.0427862 0.048479 0.0538076 0.0584984 0.0622867 0.0649622 0.0663561 0.066361 0.0648979 0.0619661 0.0576281 0.0520401 0.0453875 0.03788 0.0297208 0.0211272 0.0123165 0.00348591 -0.00517246 -0.0134774 -0.0212317 -0.028293 -0.0345432 -0.0398916 -0.0442239 -0.0474671 -0.0496346 -0.0507772 -0.0509588 -0.0502279 -0.048728 -0.046626 -0.0440744 -0.0411974 -0.0381242 -0.0350226 -0.03198 -0.0290736 -0.0263577 -0.0238782 -0.0216677 -0.0197016 -0.0179897 -0.0165037 -0.0152251 -0.0141446 -0.0132042 -0.0124033 -0.0117253 -0.0111415 -0.0106367 -0.0101892 -0.00981747 -0.00948537 -0.00917428 -0.00891842 -0.00867272 -0.00844013 -0.00825989 -0.00808122 -0.00790242 -0.0077676 -0.00764303 -0.00750899 -0.00740785 -0.00732316 -0.00720796 -0.00710746 -0.00705755 -0.00700225 -0.00693283 -0.00689196 -0.00685393 -0.00679652 -0.00676625 -0.00676176 -0.00673813 
0 0.0001322 0.000272806 0.000421349 0.00057056 0.000716672 0.000862912 0.00100482 0.00114759 0.00131017 0.00148086 0.00164193 0.00180924 0.00199978 0.00219032 0.00235598 0.00255536 0.00280122 0.00300972 0.00323197 0.00351629 0.00378622 0.00407456 0.00440641 0.00475095 0.00513704 0.00556783 0.00606826 0.00662579 0.00724819 0.00801569 0.00887774 0.00986484 0.0110521 0.0124192 0.014012 0.0158302 0.0179194 0.0202887 0.0228793 0.0257206 0.0287294 0.0318514 0.034992 0.0380015 0.0407848 0.0431587 0.0450124 0.0461608 0.0464599 0.0458469 0.0442282 0.0415886 0.0378617 0.0331326 0.0274934 0.0210409 0.0138833 0.0061134 -0.00205868 -0.0104958 -0.0190065 -0.0274637 -0.0356733 -0.0434351 -0.0505573 -0.0568193 -0.0620544 -0.0660458 -0.0686955 -0.0699057 -0.0697117 -0.068148 -0.0653362 -0.0614311 -0.0566535 -0.0512775 -0.045562 -0.0397811 -0.0341233 -0.0287914 -0.02389 -0.0195465 -0.015782 -0.0126338 -0.0100423 -0.00797477 -0.00633706 -0.0050777 -0.00411314 -0.00340049 -0.00287793 -0.00251227 -0.00225957 -0.00209424 -0.0019879 -0.00192287 -0.00188419 -0.00186098 -0.00184728 -0.00183592 -0.00182442 -0.00180577 -0.00177539 -0.00172287 -0.00163593 -0.00149753 -0.00128297 -0.000967078 -0.000510357 0.0001201 0.000980675 0.00211377 0.00359741 0.00548488 0.00787009 0.0107957 0.0143321 0.0184606 0.0231782 0.0283774 0.033973 0.0397803 0.0456331 0.0512686 0.0564397 0.0608591 0.0642955 0.0665633 0.0675276 0.067124 0.0652983 0.0621127 0.057636 0.0520609 0.0455314 0.0382623 0.0304243 0.0222251 0.0138411 0.00539873 -0.00294173 -0.0110558 -0.0187298 -0.025863 -0.0323249 -0.0380315 -0.0428526 -0.0466704 -0.0494844 -0.0512703 -0.0520949 -0.0519649 -0.0509996 -0.0493336 -0.0470884 -0.0444429 -0.0414937 -0.0384146 -0.0352984 -0.0322585 -0.0293898 -0.0266875 -0.0242383 -0.0220434 -0.0201084 -0.0184101 -0.0169181 -0.0156794 -0.0145986 -0.013657 -0.0128802 -0.0122056 -0.0116242 -0.0111086 -0.0106717 -0.0102919 -0.0099263 -0.00964057 -0.00938194 -0.00910873 -0.00890486 -0.00873168 -0.00853927 -0.00836433 -0.00822182 -0.00809619 -0.007963 -0.0078446 -0.00776116 -0.00767656 -0.00758983 -0.00751956 -0.00745483 -0.00739608 -0.00735053 -0.00731479 -0.00728322 -0.00725644 -0.00723887 
0 0.000157992 0.000291386 0.000453618 0.000621529 0.000759976 0.000926468 0.0010988 0.00123813 0.00141462 0.0016086 0.00177177 0.00195821 0.00215236 0.00234155 0.00257244 0.00280122 0.00301308 0.00325593 0.00352498 0.00381368 0.00411242 0.00442909 0.00480035 0.00520167 0.00562759 0.00612888 0.00669604 0.00732058 0.0080575 0.00892402 0.00991444 0.0110633 0.0124192 0.0140037 0.0157969 0.0178426 0.0201834 0.0227598 0.0255523 0.0285385 0.0316624 0.0348195 0.037868 0.0407276 0.0432401 0.0452494 0.0466123 0.0471851 0.0468901 0.0456221 0.0433697 0.0401081 0.0358634 0.0307303 0.0248034 0.0182267 0.0110627 0.00345981 -0.00444798 -0.0125006 -0.020579 -0.0285988 -0.036401 -0.043847 -0.0507172 -0.0568701 -0.0621023 -0.066262 -0.0691839 -0.0707697 -0.0709916 -0.0698535 -0.0674528 -0.0638862 -0.0593813 -0.0541486 -0.0484971 -0.0426554 -0.0368843 -0.0313473 -0.0262168 -0.0215906 -0.0175492 -0.0141155 -0.011271 -0.00897409 -0.00714506 -0.00572747 -0.00463157 -0.00381912 -0.00321043 -0.00278788 -0.00248163 -0.00228981 -0.00215188 -0.00207955 -0.00202179 -0.00200115 -0.00197368 -0.00196803 -0.00194299 -0.00192778 -0.00187916 -0.00182135 -0.00170453 -0.00154302 -0.00127754 -0.000909589 -0.000370245 0.000353636 0.00134101 0.00262445 0.00429479 0.00640499 0.00904354 0.0122566 0.0160823 0.0205098 0.025483 0.0309163 0.0366614 0.042568 0.0483973 0.053929 0.0588564 0.0629564 0.0659779 0.0678033 0.0683061 0.0674678 0.0652824 0.0618352 0.0572621 0.0517122 0.04537 0.0383703 0.0309235 0.0231666 0.015268 0.00729195 -0.000657418 -0.00846114 -0.0159839 -0.0230826 -0.0296879 -0.0356565 -0.0408916 -0.0452558 -0.04869 -0.0511558 -0.0526307 -0.0531744 -0.0528217 -0.0516832 -0.0498572 -0.0475083 -0.0447935 -0.0418033 -0.0386859 -0.0355655 -0.0325557 -0.0296896 -0.0270051 -0.0245922 -0.022437 -0.0205138 -0.018828 -0.0173813 -0.0161424 -0.0150554 -0.0141303 -0.0133553 -0.0126703 -0.0120783 -0.0115831 -0.0111422 -0.0107468 -0.0104042 -0.0101094 -0.00984709 -0.00958707 -0.00935721 -0.00917649 -0.00899592 -0.00882779 -0.00868342 -0.00853775 -0.00842472 -0.00833217 -0.00822363 -0.00812922 -0.00805143 -0.00798243 -0.00792609 -0.00787315 -0.00783636 -0.00780255 -0.007764 -0.00775107 
