0 0 0 0 0 0 0 0 0 0 0 0 0 0 0 0 0 0 0 0 0 0 0 0 0 0 0 0 0 0 0 0 0 0 0 0 0 0 0 0 0 0 0 0 0 0 0 0 0 0 0 0 0 0 0 0 0 0 0 0 0 0 0 0 0 0 0 0 0 0 0 0 0 0 0 0 0 0 0 0 0 0 0 0 0 0 0 0 0 0 0 0 0 0 0 0 0 0 0 0 0 0 0 0 0 0 0 0 0 0 0 0 0 0 0 0 0 0 0 0 0 0 0 0 0 0 0 0 0 0 0 0 0 0 0 0 0 0 0 0 0 0 0 0 0 0 0 0 0 0 0 0 0 0 0 0 0 0 0 0 0 0 0 0 0 0 0 0 0 0 0 0 0 0 0 0 0 0 0 0 0 0 0 0 0 0 0 0 0 0 0 0 0 0 0 0 0 0 0 0 
0 7.37347e-06 -5.58975e-07 2.15087e-06 2.09855e-05 2.07997e-05 2.06928e-05 3.52994e-05 2.57894e-05 2.0074e-05 3.92422e-05 4.24916e-05 4.06335e-05 5.0269e-05 5.65702e-05 5.15629e-05 5.60121e-05 8.17593e-05 7.30022e-05 5.57919e-05 7.54179e-05 8.27575e-05 9.81058e-05 9.79865e-05 8.47423e-05 0.000121022 0.000117759 0.00010833 0.00013097 0.000123548 0.000136996 0.000140775 0.000151973 0.000166658 0.00015904 0.000195212 0.00019021 0.000194836 0.00022342 0.000218606 0.000238828 0.000238838 0.000269214 0.000278139 0.000280635 0.0003257 0.000330458 0.00036135 0.000376792 0.000420465 0.000452385 0.000468247 0.000531462 0.000569724 0.000637383 0.00068434 0.000784811 0.000894725 0.00101089 0.00117276 0.00136032 0.00162155 0.00187558 0.00220305 0.00255344 0.00295788 0.00334427 0.00370611 0.00403405 0.00427038 0.00439657 0.00431478 0.00406891 0.00359084 0.00293986 0.00205248 0.00101717 -0.00015077 -0.00133533 -0.00249948 -0.00357185 -0.00450543 -0.00525097 -0.00575142 -0.00601686 -0.00603114 -0.00586907 -0.00552508 -0.00508593 -0.00453248 -0.00395824 -0.00334278 -0.00278224 -0.00224154 -0.00179615 -0.00138475 -0.00106189 -0.000753114 -0.000507355 -0.000250072 -3.14558e-05 0.00022143 0.000458217 0.000753041 0.00105732 0.00144667 0.00186976 0.00239296 0.00294663 0.0035719 0.004175 0.00477853 0.00528601 0.00571897 0.00598697 0.00609893 0.00596757 0.00560327 0.00497234 0.00412891 0.00310641 0.00196087 0.000749196 -0.000484375 -0.0016335 -0.00266143 -0.00347027 -0.00410439 -0.00450131 -0.00472436 -0.00471339 -0.00456438 -0.00428324 -0.00395296 -0.00356947 -0.00315677 -0.00276997 -0.00240602 -0.00211293 -0.00181363 -0.00158705 -0.00138233 -0.00124348 -0.00110376 -0.000985298 -0.000911358 -0.000835127 -0.000787298 -0.000710178 -0.000691025 -0.000650988 -0.000614772 -0.000587414 -0.000561207 -0.000558822 -0.000510461 -0.000510721 -0.000493397 -0.000472152 -0.000458824 -0.000437114 -0.00044393 -0.000404965 -0.000406205 -0.00040392 -0.000377775 -0.000384841 -0.000369142 -0.000372127 -0.000357592 -0.000353384 -0.000359958 -0.000324234 -0.000338101 -0.000338854 -0.000312261 -0.000315248 -0.000307205 -0.000321498 -0.000321026 -0.000292701 -0.000297989 -0.000306207 -0.000303313 -0.00028794 -0.000281068 -0.000291779 -0.000276393 -0.000281117 -0.000302826 -0.000279149 -0.000272244 -0.000285781 -0.000266254 -0.000266628 -0.000286456 -0.00027382 -0.000269601 -0.000284163 -0.00027042 
0 -5.58975e-07 3.42159e-05 2.10013e-05 2.11074e-05 4.17007e-05 2.74976e-05 4.67576e-05 6.62424e-05 6.42046e-05 8.4456e-05 7.47953e-05 8.09724e-05 0.000108111 9.13466e-05 0.000114644 0.000134449 0.000105574 0.000134544 0.000171052 0.000167708 0.000161653 0.000168685 0.000196008 0.000196944 0.000203863 0.000224721 0.000224648 0.000256056 0.000273012 0.000269652 0.000298574 0.000314939 0.000320322 0.000335233 0.000361622 0.000377227 0.000386177 0.000424669 0.000451308 0.000464208 0.00050029 0.000541302 0.000563551 0.000590347 0.000640198 0.000682714 0.000711014 0.000760691 0.000832152 0.000886098 0.000946794 0.00103798 0.00115072 0.00125922 0.00138788 0.00157825 0.00179887 0.00205477 0.00236088 0.00276953 0.00325319 0.00379831 0.00442443 0.00513896 0.00592254 0.00668429 0.00740736 0.00802825 0.00850618 0.00870812 0.00856847 0.00803615 0.00710898 0.00577637 0.00403502 0.00196396 -0.000335997 -0.00268884 -0.00499797 -0.00711639 -0.00897684 -0.0104345 -0.0114488 -0.0119542 -0.0120168 -0.0116702 -0.0110221 -0.0101189 -0.00905416 -0.00788154 -0.00669307 -0.00554586 -0.00450117 -0.00357924 -0.00278688 -0.00210768 -0.00151811 -0.000993727 -0.000506876 -3.75566e-05 0.000440491 0.000946455 0.00150831 0.00214989 0.00289895 0.00377623 0.00478687 0.0059198 0.00712725 0.00835559 0.00951786 0.0105555 0.0113777 0.011934 0.0121166 0.0118755 0.011123 0.00989315 0.00820418 0.00618859 0.00390808 0.00150572 -0.000931873 -0.0032207 -0.00524392 -0.00688294 -0.00812254 -0.00895153 -0.00936776 -0.00939364 -0.00908205 -0.00856065 -0.00788838 -0.00713824 -0.00632395 -0.00554591 -0.00483778 -0.00421732 -0.00365517 -0.0031685 -0.00278878 -0.00247994 -0.00221804 -0.00198578 -0.00182415 -0.00169462 -0.00156953 -0.00145799 -0.00138157 -0.00132101 -0.00124079 -0.00117699 -0.00113784 -0.0010932 -0.00103601 -0.000999468 -0.00097829 -0.000939823 -0.000901376 -0.000890388 -0.000869931 -0.000834727 -0.000821555 -0.000808823 -0.00078289 -0.00075685 -0.000752089 -0.00073397 -0.000701197 -0.000704414 -0.000691039 -0.000674393 -0.000674598 -0.000654681 -0.000650918 -0.000653021 -0.000642277 -0.000611211 -0.000596335 -0.000629341 -0.000606503 -0.000575217 -0.000597246 -0.000584099 -0.000583488 -0.000591455 -0.000569067 -0.000570979 -0.000553373 -0.000546439 -0.000573097 -0.000551956 -0.0005544 -0.000571908 -0.000534614 -0.000542956 -0.000557688 -0.000526577 -0.000550019 
0 2.15087e-06 2.10013e-05 2.84203e-05 4.2814e-05 6.04789e-05 6.3531e-05 7.83161e-05 8.69982e-05 8.87372e-05 0.000110458 0.000121446 0.000129403 0.000149782 0.000155902 0.000166642 0.000186634 0.000197878 0.000208778 0.000218692 0.000231727 0.000250645 0.000272575 0.000286874 0.000295294 0.000323009 0.000341298 0.000348122 0.000375234 0.000393697 0.000408482 0.000436216 0.000463682 0.000484853 0.000509667 0.000549595 0.00057304 0.000597538 0.000641998 0.000674058 0.000704015 0.00074603 0.000799279 0.000838847 0.000883931 0.000955296 0.00101666 0.00107719 0.00115424 0.00125331 0.0013448 0.00144214 0.00158004 0.00173698 0.00190877 0.00211123 0.00238753 0.00271959 0.0031065 0.00358551 0.004189 0.00491529 0.00573691 0.00668174 0.00774517 0.00889051 0.0100221 0.0110785 0.0119898 0.0126527 0.0129267 0.0126877 0.0118833 0.0104813 0.00848203 0.0058933 0.00282433 -0.000564316 -0.00405256 -0.00745967 -0.0106062 -0.0133414 -0.0155081 -0.0170004 -0.0177758 -0.0178749 -0.0173903 -0.0164307 -0.0151093 -0.013528 -0.0118027 -0.0100375 -0.00834155 -0.0067811 -0.00540624 -0.0042126 -0.00319168 -0.00229906 -0.00150845 -0.000770946 -6.31105e-05 0.000661069 0.00142446 0.00227575 0.00324215 0.00437275 0.00568483 0.00719719 0.00887577 0.0106702 0.0124802 0.014206 0.0157296 0.0169489 0.0177474 0.0180109 0.0176255 0.0165181 0.0146889 0.0122116 0.00922183 0.00586244 0.00230268 -0.00128226 -0.00466654 -0.00765969 -0.0101093 -0.0119708 -0.0132183 -0.013865 -0.0139328 -0.0135247 -0.0127751 -0.0118066 -0.010699 -0.00952007 -0.00837237 -0.00731843 -0.0063838 -0.00554302 -0.00482375 -0.00423577 -0.00376272 -0.00335791 -0.00301642 -0.00275694 -0.0025467 -0.00236093 -0.00219342 -0.00207392 -0.00196972 -0.00186309 -0.00177261 -0.00170567 -0.00164356 -0.00156763 -0.00151611 -0.00147301 -0.00142001 -0.0013694 -0.00133432 -0.00130154 -0.00125282 -0.00122497 -0.00120159 -0.00116645 -0.00114068 -0.00112293 -0.00110217 -0.00107395 -0.00106209 -0.00104418 -0.00101482 -0.00100703 -0.000992014 -0.000967965 -0.000955437 -0.000948105 -0.000939468 -0.000926188 -0.000916282 -0.000903335 -0.000896529 -0.000894888 -0.000875377 -0.000867049 -0.000865355 -0.000851482 -0.000855459 -0.000855329 -0.000841966 -0.000841176 -0.000833031 -0.000824623 -0.00082763 -0.000823606 -0.000824346 -0.000826321 -0.000818989 -0.000818674 
0 2.09855e-05 2.11074e-05 4.2814e-05 5.93509e-05 6.61803e-05 9.14152e-05 0.000103137 0.000112704 0.000129908 0.000140209 0.000166453 0.000178223 0.000185013 0.000219677 0.0002222 0.000232235 0.000278049 0.000281861 0.000285902 0.000314677 0.000338414 0.000366137 0.000374192 0.000395738 0.000432156 0.000446488 0.000475145 0.000498828 0.000522213 0.00055982 0.00058135 0.000616671 0.000651661 0.000682935 0.000727214 0.000760493 0.000806017 0.000851837 0.000895423 0.000951173 0.00100134 0.00106507 0.00112704 0.001194 0.00127705 0.00135532 0.00144977 0.0015508 0.00166919 0.00180029 0.00194223 0.00212467 0.0023274 0.00257237 0.00286295 0.00322798 0.00367727 0.00420979 0.00487467 0.00567542 0.00664112 0.00774409 0.0090044 0.0104006 0.0118763 0.0133499 0.0147075 0.0158676 0.0166636 0.0169638 0.0165967 0.0155023 0.0136175 0.0109534 0.00754614 0.00352732 -0.000885326 -0.00544935 -0.00989479 -0.0140164 -0.0175732 -0.0204104 -0.0223591 -0.0234068 -0.0235588 -0.0229605 -0.0217152 -0.0200019 -0.0179324 -0.0156827 -0.0133683 -0.0111435 -0.00908104 -0.00725622 -0.00566063 -0.0042907 -0.00308946 -0.00202374 -0.00103041 -7.57676e-05 0.000899546 0.00192917 0.00307563 0.00437517 0.00588975 0.0076364 0.00963923 0.0118454 0.0141988 0.0165602 0.0188173 0.0207966 0.0223821 0.0233922 0.0237101 0.0231654 0.0217109 0.0193103 0.0160912 0.0121779 0.00779789 0.00314112 -0.0015212 -0.00594143 -0.00986067 -0.0131062 -0.0155873 -0.0172632 -0.0181593 -0.0183079 -0.0178529 -0.0169201 -0.0156893 -0.0142524 -0.0127415 -0.0112453 -0.00985303 -0.00859945 -0.00748357 -0.00653289 -0.00572953 -0.00507963 -0.00452917 -0.0040819 -0.00371812 -0.00342056 -0.00317433 -0.00295689 -0.00278718 -0.00263301 -0.00250124 -0.00238322 -0.00227886 -0.00219163 -0.00210079 -0.00202899 -0.00195827 -0.00189345 -0.00183737 -0.00177772 -0.00173341 -0.00168286 -0.00163973 -0.00160293 -0.00156038 -0.0015329 -0.00149482 -0.00146539 -0.00144287 -0.00140887 -0.00139011 -0.00135973 -0.00133784 -0.00132822 -0.00129762 -0.00127802 -0.00126106 -0.00125607 -0.00124783 -0.0012059 -0.00120376 -0.00120949 -0.0011797 -0.00117265 -0.00116367 -0.00115025 -0.00114723 -0.001135 -0.00113916 -0.00112913 -0.00110712 -0.00111982 -0.00110903 -0.00109275 -0.0011132 -0.00109887 -0.00108502 -0.00110635 -0.00108966 
0 2.07997e-05 4.17007e-05 6.04789e-05 6.61803e-05 8.38316e-05 0.000108402 0.000115575 0.000144812 0.000179469 0.000181296 0.000196938 0.000225838 0.00023815 0.000256574 0.000289793 0.000309994 0.000310632 0.000343599 0.000391574 0.000407023 0.000423087 0.000434942 0.000471727 0.000519183 0.000515776 0.000554533 0.000602796 0.000619708 0.000668681 0.000698249 0.000738392 0.000775351 0.000811107 0.000870685 0.000890359 0.000956415 0.00101403 0.00105316 0.00113202 0.00118743 0.0012715 0.00133094 0.00141916 0.00152056 0.0015907 0.00171453 0.00181877 0.00196012 0.002092 0.00225809 0.00246708 0.00266938 0.00294943 0.00325074 0.00365533 0.00410744 0.00467801 0.00538284 0.00622159 0.00725114 0.00842915 0.00984084 0.0113894 0.0131111 0.0148812 0.0166555 0.0182846 0.0196201 0.0205151 0.0207598 0.0202561 0.0188203 0.0164691 0.0131287 0.00895561 0.00403879 -0.00131734 -0.00687644 -0.0122928 -0.0173056 -0.0216387 -0.0250776 -0.0274839 -0.0287785 -0.0290331 -0.0283225 -0.0268567 -0.0247576 -0.0222679 -0.0195021 -0.016702 -0.0139475 -0.0114271 -0.00913263 -0.00715879 -0.00540868 -0.00391387 -0.00254037 -0.00130521 -7.20305e-05 0.0011406 0.00246893 0.00389674 0.00556161 0.00744012 0.009644 0.0120983 0.0148351 0.0176859 0.0205884 0.0233065 0.0257314 0.0276131 0.0288272 0.0291388 0.0284487 0.02663 0.0237192 0.0197942 0.0150443 0.00970764 0.00404506 -0.00161056 -0.00699323 -0.0117729 -0.0158028 -0.0188776 -0.0210196 -0.0221656 -0.0224722 -0.022002 -0.0209709 -0.0195085 -0.0177995 -0.0159915 -0.0141726 -0.0124704 -0.0108813 -0.00951804 -0.00830637 -0.00730753 -0.0064466 -0.00575596 -0.00519336 -0.00471051 -0.00433455 -0.00399786 -0.00375657 -0.00350678 -0.00331666 -0.00314997 -0.00299836 -0.00287101 -0.00272999 -0.0026515 -0.00253592 -0.00244856 -0.00237301 -0.0022971 -0.00223946 -0.00215544 -0.00212544 -0.00206057 -0.00200154 -0.00197164 -0.00191285 -0.00187943 -0.00182933 -0.00180144 -0.00176529 -0.00172106 -0.00172264 -0.00167466 -0.00164121 -0.00164254 -0.00161547 -0.00159106 -0.00155145 -0.00153519 -0.00154186 -0.00151486 -0.00148561 -0.00147274 -0.00147582 -0.00146535 -0.00144293 -0.00144616 -0.00142428 -0.00139408 -0.00140969 -0.00140614 -0.00138625 -0.00139818 -0.00139154 -0.00136713 -0.0013735 -0.00137392 -0.0013575 -0.00136903 
0 2.06928e-05 2.74976e-05 6.3531e-05 9.14152e-05 0.000108402 0.000140509 0.000151318 0.000168666 0.000196387 0.000208137 0.000245787 0.000274713 0.000284795 0.000322595 0.000341852 0.000360616 0.000405499 0.000424505 0.000436755 0.000468362 0.000512546 0.000545485 0.00057028 0.000613547 0.000639315 0.00067705 0.000726391 0.000742622 0.00078893 0.000842301 0.000877924 0.000927577 0.0009847 0.00104605 0.00108812 0.001158 0.00123215 0.00127808 0.00135839 0.00144057 0.00151992 0.00159943 0.00170587 0.00182584 0.00192155 0.00205999 0.00221303 0.002373 0.00254117 0.00275059 0.00300643 0.00326516 0.00359053 0.00398722 0.00447661 0.00504139 0.00573746 0.00661176 0.00765187 0.00888559 0.0103178 0.0119976 0.0138565 0.0158546 0.0179061 0.0199307 0.0217738 0.023237 0.0241455 0.0243076 0.023588 0.0218194 0.0189585 0.0149953 0.0100718 0.00435373 -0.00187879 -0.00832659 -0.0146292 -0.0204487 -0.0254803 -0.0294815 -0.0323034 -0.0338683 -0.0342239 -0.0334663 -0.0317933 -0.0293875 -0.0264918 -0.0232911 -0.0200116 -0.0167955 -0.0138024 -0.011083 -0.00869519 -0.00659323 -0.00476 -0.00310232 -0.00157957 -9.11363e-05 0.00140466 0.00300884 0.00476404 0.00676871 0.00905067 0.0116724 0.0145981 0.017802 0.021147 0.0245096 0.0276745 0.0304619 0.0326246 0.0339689 0.03427 0.0333963 0.0312481 0.0278524 0.0233005 0.0177933 0.0115967 0.00503813 -0.00152237 -0.00775734 -0.0133547 -0.0180977 -0.0217894 -0.0243761 -0.0258462 -0.0263316 -0.0259431 -0.0248631 -0.0232526 -0.0213286 -0.0192649 -0.0171791 -0.0151667 -0.0132915 -0.0116455 -0.0102047 -0.00897204 -0.00791213 -0.00705576 -0.00635565 -0.00576085 -0.00526607 -0.00486263 -0.00454814 -0.00424794 -0.00400073 -0.00379871 -0.00362646 -0.00345608 -0.00330236 -0.00319681 -0.00307177 -0.00295823 -0.0028625 -0.00278253 -0.00269128 -0.00260019 -0.00254951 -0.00247275 -0.00240368 -0.00235651 -0.00230652 -0.00225369 -0.00220395 -0.00218081 -0.00212881 -0.00208277 -0.00206314 -0.00201718 -0.0019862 -0.00195718 -0.00192007 -0.00190061 -0.00188832 -0.00186746 -0.00182716 -0.00181718 -0.00181371 -0.00177803 -0.00176738 -0.00174903 -0.00172076 -0.00172553 -0.00171531 -0.00170468 -0.00170271 -0.00167987 -0.00167161 -0.0016655 -0.0016522 -0.00165934 -0.00165576 -0.00164742 -0.00165207 -0.00164032 
0 3.52994e-05 4.67576e-05 7.83161e-05 0.000103137 0.000115575 0.000151318 0.0001803 0.000204322 0.000233115 0.000253677 0.000289354 0.000313247 0.000330077 0.000379175 0.000398986 0.000415214 0.000474233 0.000498757 0.000517966 0.00056433 0.000596897 0.000635735 0.000666294 0.000702965 0.000754807 0.000788168 0.000841789 0.000884762 0.000926182 0.000997164 0.00103257 0.0010892 0.00116015 0.00120941 0.00128109 0.0013476 0.0014332 0.00150581 0.00158587 0.00170224 0.00178184 0.0018922 0.00201517 0.00214191 0.00227647 0.00241654 0.00261305 0.00278599 0.00299573 0.00325076 0.00354344 0.00387995 0.004257 0.00476557 0.00534399 0.00604501 0.00688924 0.0079383 0.00919505 0.0106349 0.0123367 0.0142625 0.016414 0.0186511 0.020945 0.0231597 0.025139 0.0266589 0.027502 0.0275259 0.0265259 0.0244013 0.0210179 0.0164705 0.0108468 0.00441467 -0.00259951 -0.00982353 -0.0169019 -0.0234281 -0.0290724 -0.033582 -0.0367825 -0.0386211 -0.0390897 -0.0383314 -0.0364897 -0.0338402 -0.0305821 -0.0270081 -0.023284 -0.0196519 -0.0161991 -0.0130759 -0.0102643 -0.00781353 -0.00562071 -0.00367572 -0.00184205 -9.46089e-05 0.00170779 0.00359145 0.00569628 0.00803993 0.0107382 0.0137607 0.0171487 0.0207768 0.0245818 0.0283409 0.0319042 0.0349837 0.0373789 0.0387933 0.0390562 0.037976 0.0355173 0.0316714 0.0265659 0.0203909 0.0134449 0.00610572 -0.00125256 -0.00823954 -0.0145843 -0.0199811 -0.0242796 -0.0273154 -0.0291613 -0.0298714 -0.0296387 -0.0285753 -0.0268991 -0.0248238 -0.022552 -0.0202373 -0.0179388 -0.0158052 -0.0138681 -0.0122 -0.0107202 -0.00946713 -0.00842846 -0.00757748 -0.00686937 -0.00625178 -0.00578208 -0.00537427 -0.00503402 -0.0047231 -0.00447828 -0.00427354 -0.00405604 -0.00389109 -0.00373418 -0.00360387 -0.0034619 -0.00334557 -0.00325907 -0.00314093 -0.00305989 -0.00297836 -0.00290297 -0.00282894 -0.00275581 -0.00271136 -0.00263371 -0.00258188 -0.00254197 -0.00247898 -0.00244401 -0.00239692 -0.00235961 -0.00233113 -0.00228915 -0.00226145 -0.0022229 -0.00220438 -0.0021837 -0.00213105 -0.00212398 -0.0021135 -0.0020729 -0.00206442 -0.00205035 -0.00203006 -0.00201831 -0.0019978 -0.00199236 -0.00197568 -0.00195547 -0.00196645 -0.00195126 -0.00193286 -0.00194709 -0.00192794 -0.00191344 -0.00193324 -0.00191732 
0 2.57894e-05 6.62424e-05 8.69982e-05 0.000112704 0.000144812 0.000168666 0.000204322 0.000230216 0.0002664 0.000309612 0.000314899 0.000355336 0.000403829 0.000407055 0.000464455 0.000510469 0.00050787 0.000560994 0.000616099 0.000654699 0.000685206 0.000708198 0.000776996 0.000820224 0.000854009 0.000913393 0.000953139 0.00102212 0.00107551 0.00112361 0.00119996 0.00125234 0.00132823 0.00139703 0.00146873 0.00156105 0.00163582 0.00173806 0.00183352 0.00194216 0.00206111 0.00217612 0.00232426 0.00246348 0.002626 0.00280458 0.00300597 0.00323213 0.00347486 0.00378039 0.00412106 0.00452125 0.00499505 0.00557985 0.00628431 0.00711427 0.00813336 0.009363 0.0108254 0.0125084 0.0144504 0.0166421 0.0190231 0.0214981 0.0239701 0.0263235 0.0283579 0.0298489 0.0305753 0.0303724 0.0290676 0.0265207 0.0226538 0.0175264 0.0112995 0.00421042 -0.00345903 -0.0113583 -0.0190818 -0.0262114 -0.0323862 -0.0373394 -0.0409018 -0.0429932 -0.0436177 -0.0428752 -0.0409483 -0.0380873 -0.0345611 -0.030639 -0.0265542 -0.0225111 -0.0186601 -0.0151125 -0.0119149 -0.00907483 -0.00654588 -0.00426484 -0.0021394 -8.26765e-05 0.00200766 0.00422059 0.00665375 0.00938003 0.0124613 0.0159103 0.0197041 0.0237561 0.0279399 0.0320723 0.0359372 0.0392737 0.0418082 0.0432683 0.0434346 0.0421597 0.0393896 0.0351516 0.0295597 0.0228229 0.0152562 0.00725622 -0.000761483 -0.00841775 -0.0153944 -0.0214131 -0.0262541 -0.029786 -0.0320167 -0.033042 -0.0330085 -0.0320609 -0.0304018 -0.0282561 -0.0258509 -0.0233321 -0.0208205 -0.0184263 -0.0162439 -0.0143096 -0.0126044 -0.0111401 -0.00990529 -0.00889121 -0.00803157 -0.00731686 -0.00672899 -0.00624347 -0.00583255 -0.0054701 -0.00517878 -0.00491437 -0.00468725 -0.00447893 -0.00429876 -0.00414145 -0.00398276 -0.00385762 -0.00372748 -0.00361983 -0.00351497 -0.00341351 -0.00333521 -0.00324066 -0.00317199 -0.0030939 -0.00302632 -0.00297179 -0.00289509 -0.00285408 -0.00279984 -0.00275118 -0.00271228 -0.0026516 -0.00263267 -0.00260009 -0.00255191 -0.0025117 -0.00247564 -0.00248255 -0.00243868 -0.0023838 -0.00239518 -0.00236675 -0.00233937 -0.00233849 -0.00230663 -0.00228835 -0.00227157 -0.00225916 -0.00226166 -0.00223664 -0.00223298 -0.00223594 -0.00220347 -0.00220867 -0.00221482 -0.00218643 -0.00220138 
0 2.0074e-05 6.42046e-05 8.87372e-05 0.000129908 0.000179469 0.000196387 0.000233115 0.0002664 0.000282293 0.000333677 0.00037095 0.000401922 0.000455329 0.000478166 0.000512844 0.000563284 0.000597613 0.000648529 0.000678734 0.000708385 0.000775445 0.000833096 0.00087609 0.000915215 0.000979625 0.00104062 0.00107905 0.00115141 0.00120948 0.00126668 0.00135256 0.00142157 0.00149961 0.00158331 0.0016792 0.00176868 0.00185669 0.00197801 0.0020805 0.00219679 0.00233206 0.00247477 0.00262915 0.00279014 0.00299183 0.00319442 0.00342423 0.00368936 0.00398986 0.00433862 0.00473214 0.00521725 0.00578204 0.00646847 0.00728936 0.00828255 0.0094798 0.0108988 0.0125763 0.0144996 0.0166938 0.0191104 0.021705 0.0243615 0.0269724 0.029382 0.0313886 0.0327714 0.0333029 0.03282 0.0311417 0.0281617 0.0238052 0.0181627 0.011389 0.0037487 -0.00447691 -0.0129164 -0.0211613 -0.0287782 -0.0353944 -0.0407368 -0.0446222 -0.0469688 -0.0477562 -0.0470841 -0.0451167 -0.042127 -0.0383842 -0.0341925 -0.0297824 -0.0253871 -0.02115 -0.0172122 -0.0136164 -0.0104 -0.00750665 -0.00489153 -0.00244014 -7.32496e-05 0.00233982 0.00488151 0.0076736 0.0107731 0.0142537 0.0180997 0.0222919 0.0267129 0.0312431 0.0356709 0.0397847 0.0432888 0.0459092 0.047346 0.0473958 0.0459072 0.0428528 0.0382607 0.0322621 0.0250694 0.0170108 0.00849248 -6.59153e-05 -0.00826953 -0.0157987 -0.0223509 -0.0277136 -0.0317282 -0.0343999 -0.0357833 -0.0360286 -0.0352713 -0.033725 -0.0316013 -0.0291242 -0.026469 -0.0237752 -0.0211765 -0.0187478 -0.0165627 -0.0146185 -0.0129432 -0.0115033 -0.0102951 -0.00928409 -0.00844221 -0.00774325 -0.00714828 -0.0066666 -0.00624926 -0.00589664 -0.00558348 -0.00532364 -0.0050953 -0.00487428 -0.00469329 -0.00452475 -0.00437391 -0.00422023 -0.0040952 -0.00398299 -0.0038546 -0.00375848 -0.00366538 -0.00357681 -0.00348883 -0.00341871 -0.00335831 -0.00327647 -0.00322801 -0.00316882 -0.00309979 -0.00306248 -0.00301203 -0.00295428 -0.00290417 -0.00288344 -0.00285645 -0.00280105 -0.00277566 -0.00274681 -0.00272123 -0.00270685 -0.0026583 -0.00263452 -0.00262154 -0.00259093 -0.00259169 -0.00257953 -0.00255198 -0.00254455 -0.00252396 -0.002508 -0.0025077 -0.00249792 -0.00249359 -0.00249139 -0.00248156 -0.00247836 
0 3.92422e-05 8.4456e-05 0.000110458 0.000140209 0.000181296 0.000208137 0.000253677 0.000309612 0.000333677 0.000371975 0.000421396 0.000443193 0.000487448 0.000543266 0.000574303 0.000621365 0.000672149 0.000715738 0.000772347 0.000812865 0.000862226 0.000927483 0.000961866 0.00101989 0.00109998 0.00114744 0.0012137 0.00129337 0.00135981 0.00143222 0.00151084 0.00159935 0.00167174 0.00176463 0.00187926 0.00196268 0.00208008 0.00221283 0.00233377 0.0024697 0.00262053 0.00279738 0.0029535 0.00314484 0.00337444 0.00359747 0.00385941 0.00415813 0.00452195 0.00491196 0.00537583 0.00595446 0.00662406 0.00743062 0.00838535 0.00956649 0.0109513 0.0125765 0.0144725 0.0166395 0.0190705 0.0216818 0.0244498 0.0272321 0.0299172 0.0322949 0.0341869 0.0353727 0.0356372 0.034807 0.032708 0.0292753 0.0244489 0.0183471 0.0111048 0.00301359 -0.00565247 -0.0144972 -0.0231313 -0.031115 -0.0380845 -0.0437524 -0.0479271 -0.0505161 -0.0514825 -0.0509194 -0.048972 -0.0459227 -0.0420342 -0.0376361 -0.0329549 -0.0282502 -0.0236583 -0.0193496 -0.0153633 -0.011768 -0.00849955 -0.00553478 -0.0027386 -4.20482e-05 0.00271336 0.00560098 0.00876523 0.0122437 0.0161199 0.0203473 0.0249101 0.0296601 0.0344843 0.0391438 0.0434322 0.0470266 0.0496595 0.0510177 0.0509169 0.0492092 0.0458868 0.0409862 0.0346527 0.0271119 0.0186889 0.00979245 0.000820532 -0.00781479 -0.0158012 -0.0228092 -0.0286493 -0.0331404 -0.0362816 -0.0380763 -0.0386636 -0.0381782 -0.0368294 -0.0348196 -0.0323426 -0.0296157 -0.0267862 -0.0240227 -0.0213716 -0.0189437 -0.0167632 -0.0148682 -0.0132223 -0.0118045 -0.0106341 -0.00965037 -0.00883522 -0.00812514 -0.00755814 -0.00708248 -0.00665709 -0.00629469 -0.00598354 -0.00572839 -0.0054641 -0.00524676 -0.00506626 -0.00488248 -0.00471763 -0.00456957 -0.00445342 -0.00431499 -0.00419676 -0.00411089 -0.00399787 -0.00390369 -0.00382197 -0.00374023 -0.00365745 -0.00358508 -0.00353325 -0.00345542 -0.00339927 -0.00336803 -0.0033024 -0.00325405 -0.00321978 -0.00316998 -0.00313186 -0.00309154 -0.00305573 -0.00303048 -0.00299202 -0.00296669 -0.00295521 -0.00292759 -0.00290032 -0.0028809 -0.00285918 -0.00283723 -0.0028249 -0.00282267 -0.00280533 -0.00278898 -0.00279128 -0.00277301 -0.00276 -0.00277247 -0.00275908 
0 4.24916e-05 7.47953e-05 0.000121446 0.000166453 0.000196938 0.000245787 0.000289354 0.000314899 0.00037095 0.000421396 0.000446518 0.00050399 0.000555135 0.000581953 0.000643895 0.000703685 0.000731846 0.000779209 0.000849939 0.000913164 0.00095754 0.00100579 0.00107998 0.00115019 0.00120784 0.00127301 0.00134319 0.0014277 0.00150554 0.00157651 0.0016784 0.00176887 0.00185745 0.00197192 0.00207817 0.00219273 0.00231279 0.0024543 0.0025966 0.00273302 0.0029199 0.00309731 0.00328618 0.00350826 0.00375665 0.0040321 0.0043135 0.00468205 0.00508753 0.00554397 0.00609215 0.00675357 0.00755622 0.00846669 0.00959973 0.0109485 0.0125435 0.0143778 0.0164916 0.0189088 0.0215314 0.024339 0.0272087 0.0300898 0.0327527 0.0350366 0.0367236 0.0376337 0.0375694 0.0363176 0.0337855 0.0298654 0.0246268 0.0180907 0.0104916 0.00202128 -0.00694266 -0.0160842 -0.0249644 -0.0332134 -0.0404457 -0.0463802 -0.0508165 -0.053628 -0.0548035 -0.0543724 -0.0525281 -0.0494681 -0.0455334 -0.0409678 -0.036101 -0.0311018 -0.0262199 -0.0215315 -0.0171972 -0.0131911 -0.00957044 -0.00620824 -0.00307993 -3.70086e-07 0.00308578 0.00636933 0.00988592 0.0137795 0.0180129 0.0226352 0.0275072 0.0325758 0.0376109 0.0424668 0.0468279 0.0504612 0.0530118 0.0542594 0.0539614 0.0520471 0.0484692 0.0433146 0.0367228 0.0289365 0.0202898 0.0111396 0.00191014 -0.00705999 -0.0153706 -0.0227831 -0.0290152 -0.0339948 -0.0375923 -0.0398662 -0.0408448 -0.0407202 -0.0396574 -0.0378453 -0.0354776 -0.0327349 -0.0298622 -0.0269505 -0.0241452 -0.0214757 -0.0190809 -0.0169531 -0.0150862 -0.0134664 -0.0120893 -0.0109672 -0.00998827 -0.00917609 -0.00849123 -0.00793973 -0.00745129 -0.00701731 -0.00667757 -0.00636325 -0.00608791 -0.0058298 -0.00562393 -0.00542897 -0.00522903 -0.00507733 -0.00492376 -0.00478144 -0.00464725 -0.00453151 -0.00442542 -0.00430743 -0.00422398 -0.0041359 -0.00404133 -0.00397137 -0.00390053 -0.00383339 -0.00376198 -0.00369685 -0.00365374 -0.00360296 -0.00354181 -0.0034865 -0.00345449 -0.00343317 -0.00337717 -0.00332688 -0.00331776 -0.00328571 -0.00324261 -0.00322901 -0.00320187 -0.0031686 -0.00315653 -0.00314199 -0.00312208 -0.00310496 -0.00309439 -0.00308302 -0.00306488 -0.00306202 -0.00305871 -0.00304297 -0.00304643 
0 4.06335e-05 8.09724e-05 0.000129403 0.000178223 0.000225838 0.000274713 0.000313247 0.000355336 0.000401922 0.000443193 0.00050399 0.000557269 0.000596829 0.000661031 0.000703916 0.00074402 0.000822962 0.000879613 0.000922988 0.000978142 0.00104669 0.00113034 0.00119019 0.00125196 0.00132584 0.00140478 0.00149139 0.00155796 0.00164909 0.00174712 0.00183617 0.00194663 0.00204824 0.00216959 0.00228937 0.00241419 0.00256073 0.00269824 0.00286395 0.00302748 0.00321773 0.00342385 0.00363344 0.00389236 0.00416029 0.00447277 0.00481132 0.00521855 0.00569195 0.00621664 0.00686698 0.0076298 0.00855594 0.00962507 0.0109255 0.0124773 0.0142704 0.0163365 0.018669 0.0213023 0.0241057 0.0270439 0.0299954 0.0328696 0.0354528 0.0375357 0.0389513 0.0395008 0.0390331 0.037321 0.0343147 0.0299403 0.0242952 0.0174188 0.00951703 0.000807432 -0.00836179 -0.0176451 -0.0266691 -0.0350561 -0.0424765 -0.0486084 -0.0532713 -0.0562947 -0.0576842 -0.0574335 -0.0557355 -0.0527532 -0.0488232 -0.0441794 -0.0391579 -0.0339371 -0.0287725 -0.0237584 -0.0190595 -0.0146754 -0.0106639 -0.00692042 -0.00340833 4.45631e-05 0.00351441 0.00717988 0.0110911 0.0153702 0.0199817 0.0249476 0.0301256 0.035441 0.0406593 0.0456205 0.050003 0.0535771 0.0559937 0.0570634 0.056551 0.0544197 0.0506111 0.0452519 0.0384681 0.0305478 0.0217787 0.0125267 0.00314332 -0.0060104 -0.014573 -0.0222761 -0.0288765 -0.0342849 -0.0383631 -0.0411279 -0.042568 -0.0428739 -0.0421686 -0.0406521 -0.0384616 -0.0358165 -0.0329341 -0.0299532 -0.0270071 -0.0241526 -0.0215449 -0.0191812 -0.0170995 -0.0152566 -0.0136892 -0.0123755 -0.0112487 -0.0103076 -0.00950386 -0.00885913 -0.00828596 -0.00780408 -0.00739373 -0.00703517 -0.00672734 -0.00643472 -0.00619941 -0.00596814 -0.00576637 -0.0055813 -0.00540513 -0.00525826 -0.00510266 -0.0049761 -0.00484997 -0.00473585 -0.00463298 -0.00452643 -0.00444943 -0.00435393 -0.00426777 -0.00420111 -0.00412936 -0.0040633 -0.00398537 -0.00393073 -0.00388903 -0.00383973 -0.00378709 -0.00372457 -0.00370269 -0.00367869 -0.00361924 -0.00358811 -0.00355672 -0.00351771 -0.00350222 -0.00348356 -0.00345936 -0.00343712 -0.00341538 -0.00339645 -0.00338071 -0.00337149 -0.00336058 -0.00335103 -0.00334462 -0.00333548 -0.00333237 
0 5.0269e-05 0.000108111 0.000149782 0.000185013 0.00023815 0.000284795 0.000330077 0.000403829 0.000455329 0.000487448 0.000555135 0.000596829 0.000634162 0.000723204 0.000771348 0.000816934 0.000900747 0.000947114 0.00101428 0.00109227 0.00114538 0.00122013 0.00128464 0.00136625 0.0014521 0.00152859 0.00163309 0.00170554 0.00181065 0.00192659 0.0020006 0.00213013 0.002245 0.00236191 0.00250132 0.00263672 0.00280809 0.00295122 0.00314006 0.00334181 0.00352909 0.00377167 0.00400788 0.00429488 0.00459076 0.00493522 0.00534604 0.00578515 0.00633531 0.006948 0.00770586 0.00859121 0.0096442 0.0109099 0.0123836 0.0141506 0.0161488 0.01845 0.0210017 0.0238068 0.0267681 0.0297771 0.0327647 0.0355378 0.0379603 0.0397576 0.0408248 0.0409462 0.0400002 0.0378042 0.0343012 0.0295114 0.0234827 0.0163478 0.0082163 -0.000608751 -0.00987406 -0.0191708 -0.0282292 -0.0366518 -0.0441744 -0.0504476 -0.0552911 -0.0585242 -0.0601259 -0.0601054 -0.0585912 -0.0557709 -0.0518965 -0.0472593 -0.0421198 -0.0367448 -0.0313142 -0.0260219 -0.020954 -0.0162174 -0.0117887 -0.00767014 -0.00373389 9.42328e-05 0.00398947 0.00803321 0.0123687 0.0170116 0.0220092 0.0272741 0.0327439 0.0382406 0.043607 0.0485879 0.0529389 0.0563618 0.0585976 0.0594246 0.0586865 0.0563232 0.0523179 0.0467943 0.0398969 0.0319332 0.0231493 0.0139192 0.00449961 -0.00470471 -0.0134271 -0.0213218 -0.0282481 -0.0340253 -0.0385846 -0.0418385 -0.0438021 -0.0445928 -0.0443216 -0.0431761 -0.0412494 -0.0388017 -0.0359724 -0.032993 -0.0299393 -0.0269599 -0.0241513 -0.0215656 -0.0192633 -0.0171979 -0.0154392 -0.0139044 -0.0126262 -0.0115341 -0.010612 -0.00984789 -0.00918025 -0.00864671 -0.00814964 -0.00774374 -0.00738452 -0.00706437 -0.00678743 -0.0065149 -0.00631429 -0.00609212 -0.00590122 -0.00574258 -0.00557601 -0.00543866 -0.00528654 -0.0051809 -0.0050547 -0.00492501 -0.0048501 -0.00473517 -0.00464618 -0.00456826 -0.00448398 -0.00442545 -0.00434977 -0.00429555 -0.00422741 -0.00416516 -0.00413478 -0.00405955 -0.00401831 -0.00398937 -0.00391868 -0.00390466 -0.00388791 -0.00383425 -0.00381342 -0.00378487 -0.00374599 -0.00373061 -0.0037159 -0.00369588 -0.00367927 -0.00366565 -0.003652 -0.00364089 -0.00363412 -0.00362746 -0.00362173 
0 5.65702e-05 9.13466e-05 0.000155902 0.000219677 0.000256574 0.000322595 0.000379175 0.000407055 0.000478166 0.000543266 0.000581953 0.000661031 0.000723204 0.000762164 0.000834958 0.000902562 0.000965861 0.00102318 0.00108684 0.00119332 0.00125427 0.00130654 0.00142003 0.00149587 0.00157202 0.00167123 0.00175274 0.00186039 0.00196351 0.0020758 0.00219079 0.00230682 0.0024619 0.00257845 0.00272324 0.00289996 0.00304663 0.00322936 0.00342015 0.00364162 0.00385894 0.00410149 0.00440892 0.00469834 0.00504996 0.00544756 0.00591099 0.00643348 0.00703074 0.00778289 0.00862995 0.00965595 0.0108602 0.0123076 0.0139992 0.015939 0.0181877 0.0206848 0.023459 0.026393 0.0294627 0.0325158 0.03544 0.0380715 0.0402058 0.0416882 0.0423021 0.0419625 0.040468 0.0377755 0.0337885 0.0286009 0.0222584 0.0148981 0.00666349 -0.00221262 -0.0114177 -0.0206653 -0.0296165 -0.0380251 -0.0455367 -0.051924 -0.056887 -0.0603389 -0.0621498 -0.0624007 -0.0611165 -0.0585181 -0.0547716 -0.0501944 -0.0450081 -0.0395097 -0.0338718 -0.0283081 -0.022914 -0.0178063 -0.0129841 -0.0084496 -0.00409874 0.000155505 0.00446773 0.00893385 0.0136724 0.0187025 0.024045 0.0296069 0.0353096 0.0409612 0.0464026 0.0513533 0.055594 0.0588055 0.060802 0.0613411 0.0603638 0.057754 0.0535973 0.0479344 0.0410272 0.033072 0.0244117 0.01527 0.00597776 -0.00320055 -0.0119319 -0.01997 -0.0271236 -0.0332413 -0.0382344 -0.0419777 -0.0445058 -0.045816 -0.0460742 -0.0453355 -0.0438052 -0.041607 -0.0389602 -0.0360205 -0.0329425 -0.0298842 -0.0269054 -0.0241387 -0.0215837 -0.0193361 -0.0173333 -0.0155989 -0.0141181 -0.0128631 -0.0118144 -0.0108882 -0.0101473 -0.00950594 -0.00896085 -0.00847812 -0.00807062 -0.00773721 -0.00739326 -0.00712059 -0.00687106 -0.00664168 -0.00642356 -0.00622472 -0.00607192 -0.0058816 -0.0057353 -0.00561 -0.00546734 -0.00535448 -0.00523808 -0.00514527 -0.00504329 -0.00495039 -0.00487563 -0.00476934 -0.00471465 -0.00465528 -0.00455339 -0.00450515 -0.00446367 -0.00440796 -0.00435062 -0.00429729 -0.00427735 -0.00422766 -0.00416999 -0.00415578 -0.00411648 -0.00407755 -0.00406844 -0.004039 -0.00401193 -0.00399703 -0.00397731 -0.00396259 -0.00394532 -0.0039347 -0.00392774 -0.00391423 -0.00391588 
0 5.15629e-05 0.000114644 0.000166642 0.0002222 0.000289793 0.000341852 0.000398986 0.000464455 0.000512844 0.000574303 0.000643895 0.000703916 0.000771348 0.000834958 0.000904546 0.000968593 0.00103247 0.0011321 0.00119805 0.00125043 0.0013474 0.00143695 0.00153199 0.00160965 0.00169203 0.00181761 0.00190747 0.00201315 0.00213279 0.00224223 0.00237997 0.00250165 0.00265421 0.00279907 0.00294964 0.00314667 0.00330703 0.00351138 0.00373081 0.0039604 0.00421465 0.00447901 0.0048196 0.00514367 0.00553271 0.00599526 0.00650966 0.00711462 0.00780028 0.00867279 0.00965299 0.0108219 0.0122152 0.013857 0.015768 0.0179102 0.0203843 0.0230894 0.0260265 0.029069 0.0321767 0.0352119 0.0379918 0.0403821 0.0421611 0.0432306 0.0433516 0.0424694 0.0404178 0.0372018 0.0327738 0.0272183 0.020626 0.0131119 0.00486307 -0.00394706 -0.0129985 -0.0220794 -0.0308541 -0.039141 -0.0465912 -0.0530076 -0.0580785 -0.0617109 -0.063763 -0.0642886 -0.0632967 -0.0609541 -0.0574127 -0.0529406 -0.0477773 -0.0421917 -0.0363974 -0.0305836 -0.0248925 -0.0194163 -0.014206 -0.00923891 -0.00446117 0.000245089 0.00498827 0.00989573 0.0150359 0.0204533 0.0261158 0.0319547 0.0378427 0.0436126 0.0490606 0.0539328 0.0579835 0.0609417 0.0626299 0.0628656 0.0616059 0.0587725 0.0544621 0.0487317 0.0418542 0.034008 0.0255298 0.0165882 0.00750679 -0.00152354 -0.0101734 -0.0182669 -0.025579 -0.0319885 -0.0373598 -0.0415929 -0.0446742 -0.0465662 -0.0473785 -0.047136 -0.0460536 -0.0442063 -0.0418164 -0.0389945 -0.0359624 -0.0328608 -0.0297779 -0.026835 -0.0240707 -0.0216167 -0.0193894 -0.0174461 -0.0157503 -0.014328 -0.0131187 -0.0120542 -0.0111953 -0.01045 -0.00983392 -0.00926826 -0.00880786 -0.00841859 -0.00803674 -0.0077296 -0.00743726 -0.00719591 -0.0069483 -0.00673414 -0.00656061 -0.00635918 -0.00620839 -0.00605092 -0.00590984 -0.00578347 -0.0056511 -0.00555136 -0.00542513 -0.00533473 -0.00525622 -0.00514798 -0.00506943 -0.00499054 -0.00493848 -0.00487424 -0.00477974 -0.00473779 -0.00469549 -0.00463849 -0.00458982 -0.00453731 -0.00450278 -0.00446225 -0.004428 -0.00440967 -0.0043696 -0.00434033 -0.00432205 -0.00429174 -0.00427635 -0.00426397 -0.00424492 -0.00423504 -0.00422549 -0.00421433 -0.00421011 
0 5.60121e-05 0.000134449 0.000186634 0.000232235 0.000309994 0.000360616 0.000415214 0.000510469 0.000563284 0.000621365 0.000703685 0.00074402 0.000816934 0.000902562 0.000968593 0.00105928 0.00111706 0.00119739 0.00129751 0.00135461 0.00146482 0.00155157 0.00161428 0.0017439 0.00183913 0.00194525 0.0020642 0.00216794 0.00231048 0.00242401 0.0025647 0.00271521 0.0028485 0.00303324 0.00319405 0.00338539 0.00359233 0.00379692 0.0040532 0.00429257 0.00458073 0.00489293 0.00523565 0.00563316 0.00605616 0.00658888 0.00717137 0.00785633 0.00867554 0.00964262 0.0107958 0.0121144 0.0137149 0.0155617 0.0176767 0.0200558 0.0227122 0.0256268 0.0286617 0.0317874 0.0348659 0.0378037 0.0403702 0.0424177 0.0437977 0.0443547 0.0439613 0.0424677 0.0398733 0.036125 0.0313032 0.0254235 0.018639 0.0110561 0.00286315 -0.00576211 -0.0145962 -0.0233962 -0.0319532 -0.040013 -0.0473699 -0.0537294 -0.0589059 -0.0626787 -0.0650044 -0.0658038 -0.0651573 -0.0630998 -0.0598298 -0.0555098 -0.0504309 -0.0448028 -0.0388945 -0.0328629 -0.0268949 -0.0210661 -0.015464 -0.0100615 -0.00483487 0.000335429 0.00553328 0.0108866 0.0164359 0.0222265 0.0281926 0.0342761 0.0403102 0.0461517 0.0515464 0.0562873 0.060081 0.0627479 0.0640719 0.0639949 0.0624154 0.0593857 0.0549163 0.0491948 0.0423755 0.0347414 0.0264836 0.0178554 0.00904372 0.000288012 -0.00820678 -0.0162501 -0.0236554 -0.0302881 -0.0359799 -0.0406816 -0.0442843 -0.0468012 -0.0481767 -0.0485226 -0.0479241 -0.0465355 -0.0444688 -0.0418702 -0.0389593 -0.0358675 -0.032753 -0.0296555 -0.0267427 -0.0240552 -0.0216311 -0.0194605 -0.0175494 -0.0159389 -0.0145313 -0.0133454 -0.0123219 -0.0114781 -0.0107558 -0.0101163 -0.00959622 -0.00912031 -0.00872692 -0.00835849 -0.00803931 -0.00776592 -0.00749282 -0.00727627 -0.00704825 -0.00686136 -0.00668735 -0.00650241 -0.00636719 -0.0062073 -0.00607817 -0.00595639 -0.00582942 -0.00573405 -0.00561174 -0.00554197 -0.00546029 -0.00534568 -0.00529731 -0.00521652 -0.00514302 -0.00509541 -0.00501485 -0.0049655 -0.004909 -0.00486761 -0.0048478 -0.00478023 -0.00474783 -0.00472179 -0.00466703 -0.00465777 -0.00463344 -0.00459692 -0.00458625 -0.00455971 -0.00454696 -0.00454003 -0.00452442 -0.00452232 -0.00450673 
0 8.17593e-05 0.000105574 0.000197878 0.000278049 0.000310632 0.000405499 0.000474233 0.00050787 0.000597613 0.000672149 0.000731846 0.000822962 0.000900747 0.000965861 0.00103247 0.00111706 0.00121399 0.00128227 0.00136716 0.00147703 0.00156941 0.0016617 0.00175529 0.00187376 0.00199017 0.00207394 0.00220688 0.00234563 0.00246023 0.00261227 0.00276413 0.00292014 0.00308601 0.00326762 0.00346316 0.00364699 0.00387774 0.00411628 0.00436042 0.00464982 0.00495952 0.00531387 0.00569251 0.00613903 0.0066503 0.00722436 0.00790974 0.00869523 0.00964229 0.0107445 0.0120473 0.0135763 0.0153578 0.0174272 0.019744 0.0223464 0.0251872 0.0282341 0.0313611 0.034481 0.0374939 0.0402255 0.0425077 0.0441421 0.0450454 0.0450534 0.0440708 0.0419847 0.0388182 0.0346026 0.0293956 0.023276 0.0163465 0.00878585 0.000727013 -0.00763325 -0.0161614 -0.0246287 -0.032881 -0.0406808 -0.0478555 -0.0541451 -0.0593606 -0.0632984 -0.0658647 -0.066989 -0.0666791 -0.0649762 -0.0619926 -0.0579061 -0.0529372 -0.04734 -0.0413359 -0.0351409 -0.0289003 -0.0227512 -0.0167439 -0.0109168 -0.00521245 0.000422288 0.00610455 0.0118959 0.0178694 0.0240043 0.0302706 0.0365475 0.0427085 0.0485497 0.0538619 0.0583889 0.0619038 0.064207 0.0651691 0.0647247 0.0628516 0.0595939 0.0550247 0.0493167 0.0426434 0.0352485 0.0273012 0.0190295 0.0105797 0.00217 -0.0060799 -0.0139817 -0.021412 -0.028176 -0.0341578 -0.0392481 -0.0433782 -0.046475 -0.0484742 -0.049426 -0.049394 -0.0485189 -0.0468598 -0.0445922 -0.0418676 -0.0388876 -0.0357631 -0.032609 -0.0295558 -0.0266768 -0.024047 -0.021649 -0.0195391 -0.0176874 -0.0160978 -0.0147355 -0.0135666 -0.0125851 -0.0117385 -0.0110393 -0.0104197 -0.00989027 -0.00943962 -0.00903822 -0.00868397 -0.00835296 -0.00808449 -0.00781903 -0.00756959 -0.00736455 -0.00716173 -0.00697687 -0.00680235 -0.00665915 -0.00651028 -0.00636357 -0.00626662 -0.00613906 -0.00601256 -0.00592558 -0.0058313 -0.0057356 -0.00563755 -0.00556701 -0.00550837 -0.00542646 -0.00536501 -0.00531456 -0.00526507 -0.00520818 -0.0051385 -0.00511507 -0.00507883 -0.00501271 -0.00500907 -0.0049767 -0.00491596 -0.00493017 -0.00490361 -0.00485486 -0.00487244 -0.00483745 -0.00480405 -0.00483511 -0.00480918 
