0 0 0 0 0 0 0 0 0 0 0 0 0 0 0 0 0 0 0 0 0 0 0 0 0 0 0 0 0 0 0 0 0 0 0 0 0 0 0 0 0 0 0 0 0 0 0 0 0 0 0 0 0 0 0 0 0 0 0 0 0 0 0 0 0 0 0 0 0 0 0 0 0 0 0 0 0 0 0 0 0 0 0 0 0 0 0 0 0 0 0 0 0 0 0 0 0 0 0 0 0 0 0 0 0 0 0 0 0 0 0 0 0 0 0 0 0 0 0 0 0 0 0 0 0 0 0 0 0 0 0 0 0 0 0 0 0 0 0 0 0 0 0 0 0 0 0 0 0 0 0 0 0 0 0 0 0 0 0 0 0 0 0 0 0 0 0 0 0 0 0 0 0 0 0 0 0 0 0 0 0 0 0 0 0 0 0 0 0 0 0 0 0 0 0 0 0 0 0 0 
0 -1.45761e-06 2.79694e-05 3.54484e-05 1.44524e-05 3.27556e-05 5.44294e-05 4.08397e-05 6.54738e-05 9.25114e-05 6.81209e-05 7.59553e-05 0.000106498 0.000110686 0.000112572 0.000110111 0.000134742 0.000162807 0.000154914 0.000174067 0.000181566 0.000183363 0.000221326 0.000210152 0.00022646 0.000273136 0.000262591 0.000294695 0.000322439 0.000331042 0.000364353 0.000371927 0.000421076 0.000445244 0.000463005 0.000541191 0.000571077 0.000631257 0.000703598 0.000784452 0.000898682 0.000985103 0.00115546 0.00133631 0.00153851 0.00180176 0.00209191 0.0024688 0.00282731 0.00323573 0.00366302 0.00406416 0.00442602 0.00465491 0.00481154 0.00477891 0.00456093 0.00409993 0.00341277 0.00254916 0.00147366 0.000283337 -0.00102977 -0.00230558 -0.00352401 -0.00458996 -0.0054832 -0.00616603 -0.0065783 -0.00675052 -0.00664769 -0.00638029 -0.00592992 -0.00540576 -0.00478163 -0.00414346 -0.00348816 -0.00287851 -0.00232937 -0.00185463 -0.00146939 -0.00114116 -0.000894652 -0.000675971 -0.000527521 -0.000387339 -0.000309032 -0.000225986 -0.000195162 -0.000149194 -0.000145133 -0.000119057 -0.000126732 -0.00010959 -0.000120959 -0.00010744 -0.000119327 -0.000107284 -0.000118868 -0.000107414 -0.000118745 -0.000107358 -0.000118708 -0.000106895 -0.000118428 -0.000105448 -0.00011671 -0.000100874 -0.000109558 -8.65668e-05 -8.61615e-05 -4.65335e-05 -2.37655e-05 4.85688e-05 0.000113427 0.000238375 0.000367417 0.000565453 0.000784144 0.00108359 0.00143145 0.0018736 0.00238921 0.00298464 0.00363783 0.00430329 0.00497131 0.00556743 0.00611019 0.00649949 0.00675233 0.0067468 0.0065101 0.00597973 0.00522195 0.00424754 0.00309358 0.00182255 0.000462303 -0.000836527 -0.00206305 -0.0030966 -0.00398055 -0.00463502 -0.0050573 -0.0052537 -0.00523598 -0.00510982 -0.00482129 -0.00446934 -0.00403867 -0.0036224 -0.00322816 -0.00281781 -0.00247567 -0.00215057 -0.00191125 -0.00167553 -0.00146987 -0.00133911 -0.00119903 -0.00110733 -0.00100237 -0.000943831 -0.000903504 -0.000821686 -0.000802955 -0.000762299 -0.000725417 -0.000698503 -0.00065684 -0.000657771 -0.00061178 -0.000590932 -0.000603202 -0.000558867 -0.00055686 -0.000552874 -0.000528782 -0.000530346 -0.000500222 -0.000489982 -0.000494647 -0.000480286 -0.000479338 -0.000453361 -0.000456457 -0.000488959 -0.000446532 -0.000423047 -0.000451298 -0.000430842 -0.000422557 -0.000449103 -0.000433801 -0.000415259 -0.000426256 -0.000422231 -0.000410814 -0.000421921 
0 2.79694e-05 4.37142e-06 4.24714e-05 8.08013e-05 6.79739e-05 0.000100136 0.000119641 0.000104996 0.000137386 0.000162663 0.000175726 0.000202382 0.000199176 0.000227946 0.000277986 0.000267962 0.000273618 0.00031617 0.000340007 0.000360721 0.000390233 0.000425877 0.000449634 0.000474418 0.000518785 0.000541776 0.000569122 0.000627189 0.000670854 0.00070841 0.000772856 0.000845251 0.000898217 0.000966866 0.00106577 0.00116116 0.00126068 0.00139724 0.00158129 0.00177303 0.00200328 0.00231868 0.00269137 0.00312388 0.00362559 0.0042458 0.00494917 0.00568979 0.00649033 0.00731267 0.00811885 0.00878441 0.00927039 0.0095291 0.00946714 0.00901466 0.00808718 0.00674742 0.00499542 0.00289974 0.000506471 -0.00205333 -0.00459729 -0.00700114 -0.00911397 -0.0109004 -0.0122292 -0.0130826 -0.0133972 -0.0132445 -0.0126913 -0.0118375 -0.0107778 -0.0095593 -0.00828721 -0.00698899 -0.00578709 -0.00467896 -0.00375215 -0.00295318 -0.00232393 -0.00179412 -0.00138836 -0.00105312 -0.000805342 -0.000611764 -0.000476014 -0.000380787 -0.000315612 -0.00027867 -0.000249448 -0.000241027 -0.000226019 -0.000229452 -0.000218543 -0.000226472 -0.000216198 -0.000225826 -0.000215461 -0.000225678 -0.000215335 -0.000225472 -0.000215343 -0.000224516 -0.000214241 -0.000220354 -0.000207511 -0.000204844 -0.000181505 -0.000156203 -0.000103771 -2.91316e-05 8.44832e-05 0.00024708 0.000462517 0.000755872 0.0011169 0.00159021 0.00215739 0.00288478 0.00374169 0.00479029 0.0059579 0.00726128 0.00858079 0.00989756 0.011097 0.0121465 0.0129431 0.0134 0.01342 0.0129137 0.0118991 0.0103764 0.00846079 0.00617203 0.00364835 0.000984673 -0.00161729 -0.00401533 -0.00611532 -0.00784263 -0.00917344 -0.0100172 -0.0104244 -0.0104341 -0.0101593 -0.00963649 -0.00891114 -0.00809534 -0.00725396 -0.00645383 -0.00566589 -0.00494789 -0.00433903 -0.00382051 -0.00337165 -0.00297772 -0.00268406 -0.0024435 -0.00222127 -0.00204074 -0.00190624 -0.00179213 -0.00167044 -0.00158046 -0.00152004 -0.00144763 -0.00137864 -0.00134052 -0.00130309 -0.00124664 -0.00121222 -0.00118474 -0.0011412 -0.00110721 -0.00108542 -0.00105955 -0.00102528 -0.00102181 -0.00101975 -0.000970399 -0.000956434 -0.000966466 -0.000937125 -0.000918605 -0.000898315 -0.000887396 -0.000911595 -0.000890413 -0.000866437 -0.000881623 -0.000852166 -0.000836876 -0.000867035 -0.00084882 -0.000837497 -0.000860409 -0.000835686 
0 3.54484e-05 4.24714e-05 6.74806e-05 9.5654e-05 0.00010675 0.000137356 0.000168072 0.000184629 0.000215504 0.000240134 0.000258982 0.00029405 0.000318209 0.000341744 0.000381082 0.000407608 0.00043813 0.000481885 0.000511076 0.000542732 0.000586541 0.000626947 0.000668064 0.000715041 0.00077104 0.000823902 0.000874926 0.000946356 0.00101295 0.00107396 0.00116252 0.00125511 0.00134701 0.00146042 0.00159778 0.00175302 0.00191883 0.00213313 0.00240001 0.00269657 0.00306305 0.00352264 0.00408174 0.00473409 0.00550176 0.00642329 0.0074573 0.00857727 0.00976058 0.0109733 0.0121305 0.0130982 0.0137993 0.0141349 0.0140027 0.0132786 0.0118982 0.0098858 0.00727864 0.0041599 0.000622404 -0.00313533 -0.00689218 -0.010426 -0.0135657 -0.0161857 -0.0181571 -0.0194075 -0.0198935 -0.0196877 -0.0188884 -0.0176446 -0.0160709 -0.0142836 -0.012387 -0.0104855 -0.00868632 -0.00705665 -0.00565357 -0.00446994 -0.00350732 -0.00271998 -0.00209827 -0.00159964 -0.00122179 -0.000931069 -0.000726322 -0.000578332 -0.000484048 -0.000420109 -0.000384081 -0.000360688 -0.000349374 -0.000342061 -0.000339118 -0.000337207 -0.000336467 -0.000336168 -0.000335834 -0.00033593 -0.00033561 -0.000335544 -0.000334981 -0.000333853 -0.000331843 -0.000326874 -0.000318866 -0.00030176 -0.000274691 -0.000225046 -0.000149974 -2.87332e-05 0.000142807 0.000391917 0.000721037 0.00116168 0.00171578 0.00242331 0.00329375 0.00437648 0.00567872 0.0072253 0.00897639 0.0108854 0.012852 0.0147801 0.0165625 0.0180911 0.0192516 0.0198945 0.0198955 0.0191421 0.0176312 0.0153967 0.012547 0.0091815 0.00545115 0.00155245 -0.00228212 -0.00582512 -0.00893991 -0.0115115 -0.0134768 -0.014766 -0.0154031 -0.0154768 -0.0150932 -0.0143502 -0.0133206 -0.0121425 -0.010919 -0.00971972 -0.00857014 -0.0075078 -0.00659025 -0.00579748 -0.00511398 -0.00453241 -0.00406308 -0.00368609 -0.00335367 -0.00308462 -0.00287345 -0.00269274 -0.00253198 -0.00239489 -0.00229131 -0.00218706 -0.00208727 -0.00201615 -0.00194401 -0.00187246 -0.00181624 -0.00176669 -0.00171847 -0.00167041 -0.00163591 -0.00160206 -0.00155676 -0.00152903 -0.00150406 -0.00146757 -0.00144791 -0.00142762 -0.00140123 -0.00139042 -0.00137249 -0.00135143 -0.00134162 -0.00132136 -0.00130767 -0.00130799 -0.0012942 -0.0012849 -0.00128537 -0.00127023 -0.00126229 -0.00126828 -0.0012612 
0 1.44524e-05 8.08013e-05 9.5654e-05 0.000105798 0.000163741 0.000182326 0.000204419 0.00026425 0.000289423 0.000313462 0.000350468 0.000382133 0.000440585 0.000469019 0.0004801 0.00055086 0.000604799 0.000630302 0.000683567 0.000731661 0.000783416 0.00084079 0.000892535 0.000962512 0.00102761 0.00109801 0.00118504 0.00125974 0.00135004 0.00145567 0.00155648 0.00167835 0.00181639 0.00196912 0.00215014 0.0023529 0.00259939 0.00289216 0.00323336 0.00365961 0.00416638 0.00478561 0.00553529 0.00641708 0.00747134 0.00867379 0.0100354 0.0115146 0.0130597 0.014625 0.0160705 0.0173062 0.0181652 0.0185364 0.0182791 0.0172548 0.0154257 0.012746 0.00932187 0.00521061 0.000609523 -0.00427055 -0.00915339 -0.01375 -0.0178655 -0.0212642 -0.0238538 -0.0254748 -0.0261578 -0.0259184 -0.0249248 -0.0233217 -0.021276 -0.0189521 -0.0164654 -0.0139967 -0.0116196 -0.00949294 -0.00760815 -0.00604964 -0.00473435 -0.00369569 -0.00283812 -0.00218361 -0.00165837 -0.00127734 -0.000988473 -0.00079274 -0.000657052 -0.000569864 -0.000518234 -0.00048282 -0.000469606 -0.000453708 -0.000455499 -0.000445113 -0.000452202 -0.000442749 -0.00045158 -0.000442116 -0.000451211 -0.000441731 -0.000449815 -0.000439814 -0.00044419 -0.000430471 -0.000423649 -0.000395376 -0.000358239 -0.00028843 -0.000181139 -1.87735e-05 0.000223105 0.000551192 0.00100858 0.00158763 0.00235238 0.00328657 0.00447992 0.00590917 0.00766716 0.00968969 0.012011 0.0144884 0.0170712 0.019575 0.0219024 0.0238773 0.0253508 0.0261515 0.0260974 0.0251123 0.0231198 0.0202278 0.0164891 0.0121155 0.00726062 0.00221363 -0.00276127 -0.0074018 -0.0114808 -0.0148843 -0.017464 -0.0192204 -0.0201309 -0.020316 -0.0198812 -0.018952 -0.0176847 -0.0161837 -0.0146129 -0.0130312 -0.0115294 -0.0101494 -0.00891007 -0.00784505 -0.00692102 -0.00615236 -0.0055075 -0.00496976 -0.00453732 -0.00416934 -0.00386839 -0.00361668 -0.00340291 -0.00322592 -0.00306159 -0.00292504 -0.00280983 -0.00269201 -0.00259646 -0.00251307 -0.00242916 -0.00236231 -0.00229609 -0.00223822 -0.00218557 -0.00213061 -0.00209661 -0.0020411 -0.00198632 -0.00197996 -0.00194394 -0.00189234 -0.00187401 -0.00185282 -0.00184277 -0.00181471 -0.00176596 -0.00177134 -0.00176383 -0.00172438 -0.00173826 -0.00173225 -0.0016895 -0.00170222 -0.0017038 -0.00167098 -0.00168921 
0 3.27556e-05 6.79739e-05 0.00010675 0.000163741 0.000204532 0.000227489 0.000279517 0.000314204 0.000333345 0.000404036 0.000460546 0.000479944 0.000528941 0.000589049 0.00064446 0.000689476 0.000727345 0.00079046 0.000853766 0.000924038 0.000993037 0.00104563 0.00114251 0.00121909 0.00127524 0.00138938 0.00147881 0.00157322 0.00170142 0.00182612 0.00197624 0.00211468 0.00230052 0.00251254 0.00270822 0.0029894 0.00330315 0.00367289 0.00411967 0.00465553 0.00534377 0.00611754 0.00707062 0.00821074 0.00952543 0.0110368 0.0126855 0.0145155 0.0163895 0.0182378 0.0199426 0.0213491 0.0223341 0.0226547 0.0222258 0.0208751 0.0185687 0.0152692 0.0110285 0.00602239 0.000414339 -0.00546567 -0.0113806 -0.0169559 -0.0219535 -0.0260979 -0.0292279 -0.0312423 -0.0320969 -0.0318958 -0.0307271 -0.0288353 -0.0263543 -0.0235413 -0.0205177 -0.0175053 -0.0146078 -0.0119729 -0.00965098 -0.00767687 -0.00604349 -0.00470409 -0.00364314 -0.00278776 -0.00214464 -0.00163556 -0.00128565 -0.0010124 -0.000851438 -0.000720107 -0.00066309 -0.000603321 -0.000593472 -0.000563629 -0.000571292 -0.000552023 -0.000564999 -0.000549025 -0.000563319 -0.00054823 -0.00056273 -0.000547424 -0.000561306 -0.000543967 -0.000554404 -0.000529539 -0.000527214 -0.00047937 -0.000439976 -0.000333713 -0.00020749 2.09868e-05 0.000313104 0.000753354 0.00131179 0.00207035 0.0030143 0.00422335 0.00570614 0.00752747 0.00969855 0.0122187 0.0150511 0.0180839 0.0212208 0.0242619 0.0270864 0.0294445 0.031198 0.0320805 0.0319776 0.030722 0.0283159 0.0247837 0.0202544 0.0149417 0.00907099 0.00299482 -0.00303683 -0.00866244 -0.0136847 -0.0178497 -0.0210654 -0.0232859 -0.0245217 -0.0248876 -0.024445 -0.0234277 -0.0219524 -0.0202177 -0.0183264 -0.016397 -0.0145781 -0.0128669 -0.0113448 -0.00997601 -0.00882359 -0.00786126 -0.00701723 -0.00633935 -0.00576417 -0.00531028 -0.00490647 -0.00455873 -0.00430926 -0.00405563 -0.00384859 -0.00367542 -0.00352416 -0.00339625 -0.00325285 -0.00316698 -0.00306879 -0.00295098 -0.00289031 -0.0028087 -0.00272707 -0.00266733 -0.00260899 -0.00257124 -0.00251635 -0.00246574 -0.00242728 -0.00238552 -0.00236888 -0.0023173 -0.00225832 -0.0022694 -0.00225656 -0.00221162 -0.00220628 -0.00218643 -0.00214855 -0.00214485 -0.00214445 -0.00212878 -0.00212348 -0.00212241 -0.00210877 
0 5.44294e-05 0.000100136 0.000137356 0.000182326 0.000227489 0.000273271 0.000335297 0.000386299 0.000426431 0.000484407 0.00053599 0.000582676 0.000645791 0.000704127 0.00076104 0.000827281 0.000897937 0.000968302 0.00103231 0.00111167 0.00118947 0.00126097 0.00136904 0.00146259 0.00154983 0.00168394 0.00179869 0.00191419 0.00206291 0.00221569 0.0023849 0.00256041 0.00278772 0.00304643 0.00330437 0.00365202 0.00405743 0.00451772 0.00507511 0.00575138 0.00659238 0.00755154 0.0087064 0.0100974 0.0116825 0.0134735 0.0154272 0.0175575 0.019731 0.0218144 0.023709 0.0252359 0.0262417 0.0264655 0.025786 0.0240809 0.0212756 0.0173592 0.0123622 0.00651304 2.10688e-05 -0.00677207 -0.0135808 -0.0200399 -0.025814 -0.0306288 -0.0342554 -0.0366286 -0.0376821 -0.03753 -0.0362593 -0.0341099 -0.0312731 -0.0280064 -0.0245147 -0.0209936 -0.01762 -0.0145 -0.0117507 -0.00937037 -0.00740376 -0.00577131 -0.00448303 -0.00344016 -0.00265307 -0.00203344 -0.00159536 -0.00126367 -0.00105066 -0.000895153 -0.000807984 -0.000744407 -0.00071559 -0.000692284 -0.000685421 -0.000677146 -0.000676805 -0.000673457 -0.000674535 -0.000672469 -0.000673618 -0.000670995 -0.000671223 -0.000665191 -0.000660823 -0.000643543 -0.000622575 -0.000573497 -0.000505657 -0.000380233 -0.000205856 7.27201e-05 0.000445976 0.000983832 0.0016743 0.00260117 0.00375462 0.00523295 0.00702979 0.0092375 0.0118247 0.0148227 0.0181326 0.0216835 0.0253091 0.0288435 0.0320806 0.0347772 0.0367207 0.0376534 0.0374438 0.0359288 0.0331197 0.029009 0.0237726 0.0176175 0.0108677 0.00386694 -0.00307422 -0.00960253 -0.0154625 -0.0203554 -0.0241836 -0.0268781 -0.0284887 -0.029075 -0.0287317 -0.0276868 -0.0261047 -0.0241967 -0.0220548 -0.019848 -0.0177233 -0.0157241 -0.0139051 -0.0122531 -0.0108517 -0.00966064 -0.00862502 -0.00776623 -0.00705186 -0.00648253 -0.00597693 -0.00555336 -0.0052338 -0.00493227 -0.00467439 -0.0044556 -0.00426986 -0.00410055 -0.00392746 -0.00380905 -0.00368937 -0.00355904 -0.0034764 -0.00338705 -0.00329722 -0.00322644 -0.00315229 -0.00308595 -0.00302151 -0.00296944 -0.00292071 -0.00286311 -0.0028331 -0.00280107 -0.00275286 -0.00273065 -0.0026994 -0.00265369 -0.00264006 -0.00262833 -0.0026014 -0.00259008 -0.00257954 -0.00255598 -0.00254514 -0.00254628 -0.00253835 
0 4.08397e-05 0.000119641 0.000168072 0.000204419 0.000279517 0.000335297 0.000372462 0.000446641 0.000516518 0.000561802 0.000619317 0.000688902 0.000769726 0.00083351 0.000877706 0.00097062 0.00106466 0.00112286 0.0012163 0.00130556 0.00139202 0.00150844 0.00159773 0.00171369 0.00184497 0.00195851 0.00211801 0.0022583 0.00242166 0.00262816 0.0028051 0.00304833 0.00331142 0.00359845 0.00395731 0.00434227 0.00484873 0.00541244 0.00608333 0.00693941 0.00791423 0.00910693 0.0104812 0.012114 0.0139878 0.0160221 0.0182903 0.0206499 0.0230625 0.0253242 0.0273104 0.0288968 0.0297957 0.0298752 0.0288769 0.0267888 0.0234834 0.0189541 0.0132989 0.00667222 -0.000555088 -0.00816378 -0.0157185 -0.0229423 -0.0293888 -0.0347796 -0.038882 -0.0415705 -0.042873 -0.0427753 -0.0414933 -0.0391279 -0.0360288 -0.0323639 -0.0284723 -0.0244982 -0.0206794 -0.0171192 -0.0139331 -0.0111767 -0.00883934 -0.00693768 -0.00537529 -0.00416942 -0.00319296 -0.00248731 -0.00192003 -0.00155207 -0.00125186 -0.00109149 -0.000945959 -0.000895364 -0.000826051 -0.000823693 -0.000786061 -0.000801007 -0.000774692 -0.000794601 -0.000771795 -0.00079273 -0.000770391 -0.000790883 -0.000766409 -0.000783593 -0.000750898 -0.000755316 -0.000697977 -0.000664315 -0.000544482 -0.000419309 -0.000166691 0.00013931 0.000629722 0.00123924 0.00210272 0.00317078 0.0045782 0.00629918 0.00845019 0.0110127 0.0140341 0.0174639 0.0212322 0.0252415 0.0292986 0.0332636 0.0368259 0.0398089 0.0418488 0.0428141 0.042435 0.0406938 0.0374813 0.0328825 0.0270254 0.0201592 0.0126744 0.00486625 -0.00282776 -0.010173 -0.0167443 -0.022345 -0.026757 -0.0299564 -0.0319861 -0.0328404 -0.0327154 -0.031707 -0.0301304 -0.0280943 -0.0257803 -0.0233625 -0.0209446 -0.0187003 -0.0165685 -0.0146741 -0.013009 -0.0115695 -0.0103618 -0.00929268 -0.00845102 -0.00772629 -0.0071127 -0.00661918 -0.00617633 -0.00583964 -0.00551412 -0.00524367 -0.00503275 -0.00480432 -0.00463831 -0.00447223 -0.00431968 -0.00420603 -0.00406659 -0.00396727 -0.00387115 -0.00376791 -0.00370315 -0.00360748 -0.00353075 -0.00349332 -0.0034231 -0.00335824 -0.00330753 -0.00326846 -0.00324579 -0.00318367 -0.00313317 -0.00313457 -0.00309781 -0.00305286 -0.00305922 -0.00303526 -0.00299224 -0.00300128 -0.00299417 -0.00296002 -0.00297283 
0 6.54738e-05 0.000104996 0.000184629 0.00026425 0.000314204 0.000386299 0.000446641 0.000499388 0.000578566 0.000643644 0.000727194 0.000814408 0.000854162 0.000944946 0.00105925 0.00111487 0.0011959 0.00129792 0.00139642 0.00150921 0.00161025 0.00173332 0.00185441 0.00197488 0.00213251 0.0022642 0.00242559 0.00262256 0.00280266 0.00302868 0.00326997 0.00354453 0.003859 0.0041985 0.00463079 0.00510899 0.005683 0.00638283 0.0071994 0.00820541 0.00937339 0.0107732 0.0124063 0.0142734 0.0164018 0.018712 0.0212176 0.0237968 0.0263523 0.0287307 0.0307454 0.0322586 0.0329991 0.0328089 0.0314822 0.0289476 0.025139 0.0200345 0.0137683 0.00651171 -0.00137699 -0.00962296 -0.0178275 -0.0256437 -0.0326597 -0.0385346 -0.0430521 -0.0460635 -0.0475892 -0.0476226 -0.0463382 -0.0438761 -0.040549 -0.036602 -0.0323468 -0.0279999 -0.0237672 -0.0198023 -0.0162042 -0.0130646 -0.0103773 -0.00817006 -0.00635831 -0.00494028 -0.00380708 -0.00296237 -0.00230379 -0.00184626 -0.00149879 -0.00128259 -0.00111913 -0.0010346 -0.000964818 -0.000940705 -0.000911211 -0.000909992 -0.000895233 -0.000901102 -0.000890919 -0.00089841 -0.000888807 -0.00089558 -0.00088314 -0.000885029 -0.000861743 -0.000846304 -0.00079127 -0.000727206 -0.00059445 -0.000419061 -0.000127012 0.000260414 0.000830464 0.00156705 0.00256999 0.00383332 0.00546812 0.00747734 0.00996021 0.0128987 0.0163277 0.02017 0.0243618 0.0287641 0.0332098 0.0374955 0.0413369 0.0444775 0.0465888 0.0474867 0.0469507 0.044942 0.0413755 0.0363421 0.0299664 0.0225441 0.0144376 0.00600802 -0.00234782 -0.0103293 -0.0175421 -0.023756 -0.0287416 -0.0324667 -0.0349191 -0.0361427 -0.0362773 -0.0354565 -0.0339441 -0.0318787 -0.0294823 -0.026901 -0.0242856 -0.0217731 -0.0193918 -0.0172479 -0.0153159 -0.0136391 -0.0122015 -0.0109631 -0.00993843 -0.00905085 -0.00833322 -0.00772308 -0.00719312 -0.00676866 -0.00638912 -0.00607947 -0.00579397 -0.00555094 -0.00535881 -0.00514715 -0.0049835 -0.00483664 -0.00468315 -0.00456236 -0.00443699 -0.00433329 -0.00423575 -0.00414941 -0.00408769 -0.00398265 -0.00391399 -0.00388861 -0.00380452 -0.00373434 -0.00369509 -0.00365031 -0.00362818 -0.00358847 -0.00354454 -0.00352602 -0.0034852 -0.0034587 -0.00346157 -0.00343544 -0.00341761 -0.00342322 -0.00340135 
0 9.25114e-05 0.000137386 0.000215504 0.000289423 0.000333345 0.000426431 0.000516518 0.000578566 0.000668925 0.000735894 0.000805842 0.000914263 0.000980531 0.0010681 0.00119127 0.00126026 0.00136689 0.00150028 0.0015828 0.00170084 0.00183233 0.00195437 0.0021024 0.00224652 0.00242245 0.00259505 0.00276602 0.00300194 0.00321052 0.0034435 0.00375107 0.00405584 0.00442016 0.00484225 0.0053451 0.00594129 0.00660429 0.00745036 0.00843999 0.00959008 0.0109765 0.0125841 0.0144722 0.0165757 0.0189295 0.0215116 0.0242005 0.0269516 0.0295816 0.0319944 0.0339646 0.0352881 0.0357949 0.035245 0.0335481 0.0305314 0.0262091 0.0205774 0.0137642 0.00600878 -0.00243507 -0.0111654 -0.0198873 -0.0281427 -0.0356013 -0.0418746 -0.0467432 -0.0500736 -0.0518091 -0.052024 -0.0507708 -0.0483054 -0.0448183 -0.0406848 -0.0361308 -0.0314754 -0.0268769 -0.0225378 -0.0185598 -0.0150366 -0.0120165 -0.00948085 -0.00742992 -0.00576869 -0.00448976 -0.0034753 -0.00273851 -0.00216326 -0.00178237 -0.00148549 -0.00131818 -0.00117874 -0.00112267 -0.0010594 -0.00105196 -0.00101976 -0.00102989 -0.00100837 -0.0010236 -0.0010048 -0.00102047 -0.0010003 -0.0010125 -0.000984503 -0.000983381 -0.000930944 -0.000890831 -0.000775469 -0.000641868 -0.000390988 -7.09353e-05 0.000427295 0.00106647 0.00196313 0.00309716 0.00459109 0.00644653 0.00877444 0.0115766 0.0149022 0.0187109 0.0229464 0.0275158 0.0322564 0.0370244 0.0415375 0.0455775 0.048769 0.0508955 0.0516525 0.0509503 0.0486488 0.0447683 0.0393529 0.0325718 0.0247332 0.016149 0.00726022 -0.00162897 -0.0100871 -0.0178409 -0.0245703 -0.0301053 -0.0343508 -0.0372487 -0.0389052 -0.0393669 -0.0388545 -0.0374916 -0.0355084 -0.0331141 -0.0304523 -0.0277161 -0.0249658 -0.02238 -0.0199849 -0.0177998 -0.0158736 -0.0141797 -0.0127658 -0.0115259 -0.0104746 -0.00962727 -0.00889173 -0.00828327 -0.00775091 -0.00732278 -0.00695917 -0.00659716 -0.00633008 -0.00608291 -0.00583842 -0.00565017 -0.00546739 -0.00531397 -0.00516334 -0.0050291 -0.0049315 -0.00479095 -0.00468889 -0.00462218 -0.00450217 -0.00442767 -0.00437292 -0.00428724 -0.0042442 -0.00419351 -0.00413001 -0.00409328 -0.00403312 -0.00399473 -0.00398807 -0.00394289 -0.00391434 -0.00391142 -0.00387264 -0.0038529 -0.00386345 -0.00384148 
0 6.81209e-05 0.000162663 0.000240134 0.000313462 0.000404036 0.000484407 0.000561802 0.000643644 0.000735894 0.00083955 0.000911001 0.000997365 0.00113153 0.00121631 0.00129542 0.00142765 0.00153877 0.00166097 0.00178885 0.00190178 0.00206895 0.00221444 0.00234948 0.00254419 0.00271545 0.00290697 0.00313288 0.0033623 0.00363424 0.00390896 0.00424784 0.00463421 0.00503034 0.00554631 0.00613391 0.00681247 0.00762747 0.00859611 0.00977733 0.0111156 0.012709 0.0145818 0.0166879 0.0190496 0.021617 0.0244045 0.0272575 0.0300641 0.0327252 0.0350505 0.0368747 0.0379267 0.0380803 0.0371479 0.0349921 0.0315162 0.0266751 0.0205821 0.0133262 0.0051655 -0.00366152 -0.0127779 -0.0218248 -0.0304171 -0.038167 -0.0447717 -0.0499397 -0.0535647 -0.0555416 -0.0559399 -0.054816 -0.0523832 -0.0488716 -0.0445969 -0.0398605 -0.0349266 -0.0300364 -0.0253427 -0.0210175 -0.0171241 -0.0137643 -0.0109099 -0.00858465 -0.00669435 -0.0052216 -0.00406099 -0.00319384 -0.00253227 -0.00206515 -0.00172375 -0.00150124 -0.00134594 -0.0012551 -0.00119334 -0.00116244 -0.00114049 -0.00113227 -0.00112457 -0.00112326 -0.00111934 -0.0011187 -0.00111294 -0.00110761 -0.0010914 -0.00106869 -0.0010209 -0.000949454 -0.000823641 -0.00064021 -0.000352918 4.58951e-05 0.000619017 0.00137814 0.0024049 0.00371856 0.00542151 0.00753678 0.0101666 0.013303 0.0169952 0.0211612 0.0257637 0.030648 0.035693 0.0406762 0.0453677 0.0494684 0.0526666 0.0546937 0.0553031 0.0543817 0.051813 0.0476434 0.0419131 0.0348565 0.0267119 0.0178442 0.00860594 -0.000624193 -0.00946075 -0.0176149 -0.024788 -0.0308369 -0.0355737 -0.0389845 -0.041084 -0.0419913 -0.0418436 -0.0407494 -0.0389516 -0.0366212 -0.0339911 -0.0311552 -0.0282646 -0.0254828 -0.0228568 -0.0204582 -0.0182588 -0.0163519 -0.0147104 -0.0132686 -0.0120547 -0.0110182 -0.0101745 -0.0094322 -0.00879677 -0.00830019 -0.00783847 -0.00745355 -0.00712122 -0.00682933 -0.00658318 -0.00633232 -0.00614554 -0.0059632 -0.0057691 -0.00564025 -0.00549672 -0.0053617 -0.00525166 -0.00513213 -0.00506047 -0.00497144 -0.00485767 -0.00480155 -0.00474342 -0.00467101 -0.00460868 -0.00454941 -0.00452317 -0.00448044 -0.00441981 -0.00441237 -0.00438383 -0.00432726 -0.00433389 -0.00432411 -0.00427697 -0.00429279 
0 7.59553e-05 0.000175726 0.000258982 0.000350468 0.000460546 0.00053599 0.000619317 0.000727194 0.000805842 0.000911001 0.0010379 0.00112392 0.00122892 0.00134497 0.00145809 0.001601 0.00170648 0.00182367 0.00199537 0.00213539 0.00229111 0.00246273 0.00262986 0.00283744 0.0030288 0.0032495 0.00350858 0.00375855 0.00407175 0.00440335 0.00477798 0.00522661 0.0057051 0.00630411 0.00699027 0.00778688 0.00875725 0.00988434 0.0112442 0.0128001 0.0146172 0.0167286 0.0190627 0.0216521 0.0244237 0.0273581 0.0303078 0.0331213 0.0357172 0.0378771 0.0394376 0.0401411 0.039866 0.038481 0.0358333 0.0318719 0.0265568 0.0200477 0.0124484 0.00398799 -0.00508829 -0.0144412 -0.0236742 -0.0324525 -0.0403878 -0.0472201 -0.0526432 -0.0565257 -0.0587526 -0.059356 -0.0584148 -0.0560906 -0.0526372 -0.0483165 -0.0434681 -0.0383321 -0.0331925 -0.028197 -0.0235451 -0.0193122 -0.0156127 -0.0124478 -0.00983375 -0.0077094 -0.00602618 -0.00471152 -0.0037017 -0.00294624 -0.00238522 -0.00199205 -0.00171056 -0.00153271 -0.00140671 -0.00134059 -0.00128852 -0.00127152 -0.00124884 -0.00124987 -0.00123663 -0.00124242 -0.00123007 -0.00123335 -0.00121438 -0.00120409 -0.00116202 -0.00111207 -0.00100876 -0.000864307 -0.000626834 -0.00029364 0.000192369 0.000850981 0.0017436 0.00291246 0.00442489 0.00634808 0.00874272 0.0116751 0.0151531 0.0191905 0.0237004 0.0286244 0.0337881 0.0390666 0.0441995 0.048971 0.0530438 0.0561546 0.0580113 0.0584247 0.0572544 0.0544278 0.0499896 0.0440223 0.0367749 0.0284641 0.0194464 0.0100208 0.000596215 -0.00848302 -0.0169135 -0.0244458 -0.0309244 -0.0361386 -0.0400574 -0.042653 -0.0440572 -0.0443479 -0.0436331 -0.0421175 -0.0399719 -0.0374395 -0.0346025 -0.0316464 -0.0287146 -0.0258967 -0.0232802 -0.0208463 -0.0187029 -0.0168143 -0.0151646 -0.0137594 -0.0125397 -0.0115408 -0.01067 -0.00993475 -0.00933113 -0.00878883 -0.00835446 -0.00795721 -0.00761432 -0.00733449 -0.00705197 -0.00682648 -0.00661462 -0.00641747 -0.00625373 -0.00607395 -0.00595068 -0.00583399 -0.00568505 -0.00558817 -0.00549256 -0.00540148 -0.00532612 -0.00521848 -0.0051513 -0.00511228 -0.00504369 -0.00499528 -0.00495142 -0.00489601 -0.00486188 -0.00483339 -0.00480578 -0.00478431 -0.00476393 -0.00474942 -0.00473752 
0 0.000106498 0.000202382 0.00029405 0.000382133 0.000479944 0.000582676 0.000688902 0.000814408 0.000914263 0.000997365 0.00112392 0.0012416 0.00134851 0.00149121 0.0016158 0.0017449 0.00190204 0.00203468 0.00219515 0.00236874 0.00251236 0.00271395 0.00293062 0.00312202 0.00336672 0.00362653 0.00389522 0.00420022 0.00453277 0.00492815 0.00535288 0.00584594 0.00645305 0.00712291 0.00792781 0.00888389 0.0100005 0.0113301 0.0128581 0.0146578 0.0167132 0.0190239 0.021604 0.0243729 0.027328 0.0303411 0.0333039 0.0360795 0.0384914 0.0404134 0.0415894 0.0418789 0.0411181 0.0392096 0.036066 0.0315954 0.0258844 0.0190056 0.0111673 0.00251389 -0.00668668 -0.0161132 -0.0254183 -0.034226 -0.0422709 -0.0492175 -0.0548613 -0.0589573 -0.0614419 -0.0622787 -0.061561 -0.0594339 -0.056099 -0.0518463 -0.0469354 -0.0416953 -0.0363316 -0.0311057 -0.0261365 -0.0216069 -0.0175641 -0.0141006 -0.0111852 -0.00881604 -0.00691226 -0.00542263 -0.00426949 -0.0033952 -0.00274872 -0.00227637 -0.00195116 -0.00172208 -0.00158141 -0.00148207 -0.00143309 -0.00139242 -0.00138187 -0.00136314 -0.00136561 -0.00135262 -0.00135631 -0.00133999 -0.00133434 -0.00130101 -0.00126458 -0.00118292 -0.00106937 -0.000876322 -0.000601672 -0.000193076 0.000369468 0.00114155 0.0021655 0.0035019 0.00522074 0.00738224 0.0100681 0.0133012 0.0171251 0.0214747 0.0263198 0.0315016 0.0369214 0.0423397 0.0475753 0.0523085 0.0562897 0.0592056 0.0608414 0.0610025 0.0595639 0.0564943 0.0518101 0.0456968 0.0383227 0.029992 0.0209294 0.011493 0.00200437 -0.0071774 -0.0157686 -0.0235783 -0.0303814 -0.0360581 -0.0404514 -0.0436013 -0.0455301 -0.0463246 -0.0460887 -0.0449415 -0.0431155 -0.040737 -0.0380112 -0.0350624 -0.0320429 -0.0290895 -0.0262495 -0.0236356 -0.0212358 -0.0190978 -0.0172327 -0.0156021 -0.014218 -0.0130135 -0.0120151 -0.0111763 -0.010432 -0.00982584 -0.00930155 -0.00884487 -0.00844555 -0.00809229 -0.00780861 -0.00752317 -0.00727438 -0.00709109 -0.00688288 -0.00670016 -0.00655491 -0.006397 -0.0062668 -0.00614113 -0.00601721 -0.00592585 -0.00582931 -0.00574759 -0.00568276 -0.0056014 -0.00553354 -0.0054675 -0.00541439 -0.00539184 -0.00533292 -0.00528774 -0.00528833 -0.00523814 -0.00520838 -0.00523011 -0.00518855 
0 0.000110686 0.000199176 0.000318209 0.000440585 0.000528941 0.000645791 0.000769726 0.000854162 0.000980531 0.00113153 0.00122892 0.00134851 0.00150723 0.00163544 0.00176042 0.00191056 0.00207661 0.00224348 0.00240821 0.00259546 0.00278752 0.00299489 0.00322543 0.00344265 0.00370334 0.0040044 0.00430016 0.00464687 0.00504744 0.00549304 0.00598753 0.00656459 0.00726534 0.00804404 0.0089663 0.0100848 0.0113808 0.0128944 0.0146437 0.0166848 0.0189797 0.0215063 0.024288 0.0272377 0.0302953 0.0333234 0.0362239 0.0388516 0.0410079 0.0425548 0.043282 0.0430757 0.0417819 0.0393266 0.035657 0.0307385 0.0246678 0.0175283 0.00952531 0.000798595 -0.00839291 -0.017768 -0.0269972 -0.0357521 -0.0437863 -0.0507988 -0.0565845 -0.060885 -0.0636186 -0.0647205 -0.0642805 -0.0624055 -0.0592843 -0.0551592 -0.0502886 -0.0449858 -0.039481 -0.0340441 -0.0288156 -0.023993 -0.0196373 -0.0158641 -0.0126503 -0.0100182 -0.00788012 -0.006202 -0.00488602 -0.0038887 -0.00313521 -0.00258765 -0.00219587 -0.00192577 -0.00174718 -0.00162973 -0.00156087 -0.00151511 -0.00149407 -0.00147622 -0.00147197 -0.00146164 -0.00145898 -0.00144423 -0.00142938 -0.00139274 -0.00133911 -0.00124272 -0.00109573 -0.000867005 -0.000532253 -5.59504e-05 0.00060489 0.00148973 0.00266506 0.00417704 0.006118 0.00853126 0.0115098 0.0150514 0.0191956 0.0238508 0.0289759 0.034394 0.0399882 0.045505 0.0507377 0.0553724 0.0591561 0.0618195 0.0631625 0.0630348 0.0613158 0.0580078 0.0531427 0.0469311 0.0395462 0.0312715 0.0223147 0.0129879 0.00359019 -0.00557102 -0.0142264 -0.0222017 -0.0292743 -0.0353288 -0.0402102 -0.0439097 -0.0464099 -0.0477598 -0.0480593 -0.0473986 -0.045957 -0.043851 -0.0412981 -0.0384428 -0.0354185 -0.0323616 -0.0293706 -0.0265752 -0.0239646 -0.0215886 -0.0194876 -0.0176504 -0.0160568 -0.0146546 -0.0134892 -0.0125024 -0.0116349 -0.0109104 -0.0103002 -0.00978185 -0.00931207 -0.00891662 -0.00859251 -0.00827045 -0.00799405 -0.00775869 -0.00753298 -0.00733646 -0.00715114 -0.00698408 -0.00683959 -0.00671449 -0.00659359 -0.00645508 -0.00636146 -0.00629186 -0.0061739 -0.00608699 -0.0060438 -0.00596981 -0.00590404 -0.00586637 -0.0058186 -0.00577279 -0.00574061 -0.00571228 -0.00568675 -0.00566748 -0.00565911 
0 0.000112572 0.000227946 0.000341744 0.000469019 0.000589049 0.000704127 0.00083351 0.000944946 0.0010681 0.00121631 0.00134497 0.00149121 0.00163544 0.00175993 0.00193944 0.0021129 0.00225779 0.00244503 0.00263219 0.00283685 0.00306309 0.00327274 0.00352794 0.00379607 0.0040748 0.00440927 0.00474532 0.00513765 0.00559864 0.0060907 0.00667478 0.00735112 0.00814697 0.00907051 0.0101385 0.0114364 0.0129276 0.014638 0.0166299 0.0188909 0.0214108 0.0241379 0.0270809 0.0301686 0.0332513 0.0362385 0.0389963 0.0413865 0.0432039 0.0442786 0.0445018 0.0437292 0.0418709 0.0388422 0.0346495 0.02933 0.0229481 0.0156409 0.00754431 -0.00113632 -0.0102063 -0.0193981 -0.0284332 -0.0370428 -0.0449654 -0.0519812 -0.057828 -0.0623144 -0.0652738 -0.0666755 -0.0665435 -0.0649824 -0.062142 -0.0582168 -0.0534711 -0.0481655 -0.0425965 -0.0369834 -0.0315562 -0.0264532 -0.021825 -0.0177338 -0.0142396 -0.0113215 -0.00895264 -0.00706085 -0.00558083 -0.00444113 -0.00357827 -0.00294275 -0.00248087 -0.00216252 -0.00194151 -0.00180343 -0.00170979 -0.0016601 -0.00162349 -0.00160993 -0.00159367 -0.00159025 -0.00157575 -0.00156629 -0.00153652 -0.00149826 -0.00142137 -0.00130837 -0.00112157 -0.00085046 -0.00044929 0.000107226 0.000872435 0.00188974 0.00322267 0.00493747 0.00710437 0.00979795 0.0130609 0.0169277 0.0213619 0.0263193 0.031672 0.0373009 0.0429969 0.0485603 0.0537032 0.0581694 0.0616778 0.0640216 0.0650228 0.0645563 0.0625538 0.0590028 0.0540161 0.0477489 0.0404413 0.032293 0.0235506 0.0144515 0.00526715 -0.00374427 -0.0123713 -0.0203963 -0.0276634 -0.0340062 -0.0393371 -0.0435669 -0.0466458 -0.0485954 -0.0494708 -0.0493883 -0.0484154 -0.0466979 -0.0444172 -0.0417403 -0.0388089 -0.0357153 -0.0326387 -0.0296791 -0.026878 -0.0242842 -0.0219316 -0.0198754 -0.0180524 -0.0164539 -0.0151046 -0.0139433 -0.0129581 -0.0121049 -0.0113875 -0.0107895 -0.0102429 -0.00979207 -0.00939696 -0.00903661 -0.00874136 -0.00845207 -0.00820337 -0.00799037 -0.00778155 -0.00761514 -0.00743493 -0.00727126 -0.00716363 -0.00703076 -0.00690338 -0.0067977 -0.00669507 -0.00662858 -0.00654989 -0.00646777 -0.006415 -0.00634388 -0.00629596 -0.00626897 -0.0062133 -0.00619025 -0.00617288 -0.00613077 -0.00613359 
0 0.000110111 0.000277986 0.000381082 0.0004801 0.00064446 0.00076104 0.000877706 0.00105925 0.00119127 0.00129542 0.00145809 0.0016158 0.00176042 0.00193944 0.00211332 0.00227947 0.00247148 0.00266981 0.0028738 0.00309258 0.00332422 0.00357896 0.00385197 0.00415563 0.00448452 0.00482917 0.00523479 0.00568575 0.0061795 0.00676507 0.00743496 0.00821943 0.00913743 0.0102022 0.0114672 0.0129341 0.0146335 0.0165818 0.018794 0.0212873 0.0239979 0.0269116 0.0299829 0.0331137 0.036175 0.0390226 0.0415621 0.0436107 0.0449844 0.0455377 0.0451737 0.0438149 0.0413506 0.0377645 0.0330884 0.0274113 0.0208117 0.0133949 0.00532309 -0.00322923 -0.0120546 -0.0209612 -0.0297114 -0.038082 -0.0458399 -0.0527695 -0.0586484 -0.0632648 -0.0664666 -0.0681708 -0.068393 -0.0671894 -0.0646849 -0.0610347 -0.0564708 -0.0512493 -0.0456555 -0.039941 -0.0343315 -0.0290034 -0.0241003 -0.0197232 -0.0159298 -0.0127352 -0.0101091 -0.00800024 -0.00633381 -0.00504415 -0.00405824 -0.00332534 -0.00278749 -0.00240986 -0.00214683 -0.00197608 -0.00186307 -0.00179709 -0.00175385 -0.00173207 -0.00171464 -0.00170549 -0.00169024 -0.00167329 -0.00163835 -0.00158554 -0.00149215 -0.00134959 -0.00112529 -0.000799421 -0.000328519 0.000319273 0.0011993 0.00235861 0.00386815 0.00579211 0.00820928 0.0111783 0.0147443 0.018909 0.0236361 0.0288429 0.0344076 0.0401721 0.0459319 0.0514491 0.0564451 0.0606555 0.0638323 0.0657987 0.0664094 0.0655839 0.0632726 0.0595184 0.0544309 0.0481945 0.0410105 0.0330849 0.0246337 0.0158691 0.00701338 -0.0017522 -0.0102262 -0.018231 -0.0255824 -0.0321614 -0.0378681 -0.0425952 -0.0462574 -0.0488135 -0.0503293 -0.0508509 -0.0504459 -0.049205 -0.0472939 -0.0448932 -0.042113 -0.0390995 -0.0359856 -0.0329146 -0.0299577 -0.0271606 -0.0246009 -0.0222878 -0.0202425 -0.0184443 -0.0168786 -0.0155436 -0.0143928 -0.0134192 -0.0125778 -0.0118544 -0.0112538 -0.010716 -0.0102481 -0.00985268 -0.0095009 -0.00919154 -0.00891154 -0.00866712 -0.00844317 -0.00823359 -0.00806136 -0.00788405 -0.00771199 -0.00759346 -0.00746733 -0.00733717 -0.00726124 -0.00716253 -0.00703838 -0.00698575 -0.00693365 -0.00683906 -0.00679566 -0.00675973 -0.00669416 -0.00667852 -0.00666411 -0.00661834 -0.00661197 
0 0.000134742 0.000267962 0.000407608 0.00055086 0.000689476 0.000827281 0.00097062 0.00111487 0.00126026 0.00142765 0.001601 0.0017449 0.00191056 0.0021129 0.00227947 0.0024539 0.00268409 0.00290584 0.00312204 0.00336504 0.00363146 0.00391016 0.00419841 0.00453772 0.0048982 0.0052824 0.00575905 0.0062688 0.00683531 0.00752132 0.00829833 0.00920294 0.010247 0.0114859 0.0129412 0.0145887 0.0165165 0.0187032 0.0211471 0.0238453 0.0267357 0.0298089 0.0329389 0.0360465 0.0389945 0.0416281 0.0438471 0.0454453 0.046302 0.0462663 0.0452832 0.0432987 0.0402301 0.0361229 0.0310155 0.0250569 0.0183036 0.0108734 0.0029148 -0.0054078 -0.0138963 -0.022436 -0.0308179 -0.0388897 -0.046411 -0.0532065 -0.0590621 -0.0637846 -0.0672182 -0.0692388 -0.0698449 -0.0690319 -0.0669173 -0.0635921 -0.059284 -0.054205 -0.0486572 -0.0428867 -0.0371448 -0.03162 -0.0264697 -0.0218183 -0.0177305 -0.0142553 -0.0113595 -0.00902311 -0.00715185 -0.00570406 -0.00457761 -0.00374385 -0.00311453 -0.0026778 -0.00235901 -0.00215868 -0.00201438 -0.00193749 -0.00187726 -0.00185419 -0.0018261 -0.00181872 -0.0017933 -0.00177596 -0.00172567 -0.00166407 -0.00154249 -0.00137398 -0.00109863 -0.000718975 -0.000162989 0.000578383 0.00159063 0.00289869 0.00460384 0.00674675 0.00942896 0.0126779 0.0165457 0.0209974 0.0259927 0.0314205 0.0371491 0.0430024 0.0487543 0.0541627 0.0589313 0.0628294 0.065612 0.0671638 0.0673457 0.0661423 0.0635203 0.0595807 0.0544396 0.0482812 0.0412921 0.0336472 0.0255698 0.0172134 0.00877738 0.000353545 -0.0078721 -0.0157555 -0.0231204 -0.0298512 -0.0358716 -0.0410315 -0.0452523 -0.0484257 -0.0505969 -0.0517661 -0.0519727 -0.0513033 -0.0498528 -0.0478113 -0.045273 -0.0424174 -0.0393654 -0.0362364 -0.0331722 -0.0302191 -0.027473 -0.0249297 -0.0226431 -0.0206404 -0.0188513 -0.0173048 -0.0159727 -0.0148427 -0.0138684 -0.0130132 -0.0123249 -0.0117161 -0.0111716 -0.0107276 -0.0103237 -0.00996307 -0.009648 -0.00937141 -0.00911452 -0.00886777 -0.00868722 -0.00851719 -0.00831662 -0.00817184 -0.00805503 -0.00791125 -0.00778538 -0.00768771 -0.00759545 -0.00750679 -0.00742976 -0.00736836 -0.00731154 -0.00725711 -0.00721057 -0.00716769 -0.00713231 -0.00711165 -0.00710116 
0 0.000162807 0.000273618 0.00043813 0.000604799 0.000727345 0.000897937 0.00106466 0.0011959 0.00136689 0.00153877 0.00170648 0.00190204 0.00207661 0.00225779 0.00247148 0.00268409 0.00290996 0.00313441 0.00337011 0.00365787 0.0039476 0.00423976 0.00458311 0.00495739 0.00535739 0.00580924 0.00632691 0.00690889 0.00756462 0.00834283 0.00925477 0.010286 0.0115008 0.0129418 0.0145842 0.0164591 0.0186077 0.0210297 0.023686 0.0265415 0.029595 0.0327443 0.0358714 0.0388764 0.0416231 0.0439808 0.045766 0.0468546 0.0471224 0.0464634 0.0448402 0.0421978 0.0385631 0.0339589 0.0285027 0.0223128 0.0154782 0.0081228 0.000355056 -0.00763121 -0.0157301 -0.023812 -0.0317792 -0.0394734 -0.0467058 -0.0533128 -0.0590929 -0.0639019 -0.0675352 -0.0698957 -0.0708805 -0.0705077 -0.0688019 -0.0658699 -0.0618669 -0.0570067 -0.051567 -0.0457989 -0.0399791 -0.0342883 -0.0289335 -0.024013 -0.0196589 -0.0158854 -0.0127341 -0.0101387 -0.00807136 -0.00643225 -0.00517475 -0.00421043 -0.00350062 -0.00297904 -0.00261616 -0.00236416 -0.00220079 -0.00209421 -0.0020298 -0.001989 -0.0019634 -0.00194233 -0.00191983 -0.00188609 -0.00183306 -0.00174462 -0.00160662 -0.00139088 -0.00107535 -0.000616751 1.45093e-05 0.000879126 0.00201573 0.00350708 0.00540194 0.00779937 0.0107372 0.0142915 0.018439 0.0231824 0.0284086 0.0340381 0.0398802 0.0457757 0.051458 0.0566882 0.0611749 0.0646938 0.0670572 0.068143 0.0678957 0.0662815 0.0633731 0.0592492 0.0540984 0.0480507 0.0413021 0.0339969 0.0263315 0.0184558 0.0104759 0.00249183 -0.00541435 -0.0130695 -0.0203681 -0.0271728 -0.0334061 -0.0389342 -0.0436305 -0.0474194 -0.0502294 -0.0520707 -0.0529327 -0.0528929 -0.052021 -0.0504165 -0.0482386 -0.0456249 -0.0427264 -0.0396345 -0.0364958 -0.0334434 -0.0305185 -0.0277713 -0.0252522 -0.0230112 -0.0210201 -0.0192459 -0.0177246 -0.0164261 -0.0152929 -0.014319 -0.013496 -0.0127909 -0.0121706 -0.0116365 -0.0111875 -0.0107761 -0.0104071 -0.0101085 -0.00983199 -0.0095679 -0.0093367 -0.00913123 -0.00896099 -0.00878765 -0.00861173 -0.00848301 -0.00835666 -0.00824131 -0.0081602 -0.00804568 -0.00794997 -0.00790359 -0.00782 -0.00775573 -0.00773634 -0.00767456 -0.00763178 -0.00763348 -0.00759553 
