0 0 0 0 0 0 0 0 0 0 0 0 0 0 0 0 0 0 0 0 0 0 0 0 0 0 0 0 0 0 0 0 0 0 0 0 0 0 0 0 0 0 0 0 0 0 0 0 0 0 0 0 0 0 0 0 0 0 0 0 0 0 0 0 0 0 0 0 0 0 0 0 0 0 0 0 0 0 0 0 0 0 0 0 0 0 0 0 0 0 0 0 0 0 0 0 0 0 0 0 0 0 0 0 0 0 0 0 0 0 0 0 0 0 0 0 0 0 0 0 0 0 0 0 0 0 0 0 0 0 0 0 0 0 0 0 0 0 0 0 0 0 0 0 0 0 0 0 0 0 0 0 0 0 0 0 0 0 0 0 0 0 0 0 0 0 0 0 0 0 0 0 0 0 0 0 0 0 0 0 0 0 0 0 0 0 0 0 0 0 0 0 0 0 0 0 0 0 0 0 
0 -5.05728e-06 9.76167e-06 -9.29333e-07 7.44562e-06 2.3461e-05 1.51085e-05 2.46007e-05 2.0763e-05 1.62195e-05 2.98751e-05 2.07144e-05 3.70554e-05 4.59035e-05 2.31884e-05 4.82869e-05 5.17092e-05 3.61986e-05 6.41904e-05 5.967e-05 4.23562e-05 5.02363e-05 6.95781e-05 8.23493e-05 6.42012e-05 7.38611e-05 8.8388e-05 8.43992e-05 9.76506e-05 8.66183e-05 9.08589e-05 0.00010968 0.000101996 0.000109468 0.000120194 0.000128524 0.000130862 0.000139023 0.000155386 0.000149426 0.000159601 0.000174744 0.000173329 0.000180111 0.000194642 0.000206963 0.00020872 0.000224339 0.000247472 0.000253114 0.000266107 0.000291348 0.00031137 0.000322834 0.000342413 0.000377925 0.000398523 0.00041959 0.000456436 0.000502489 0.000544504 0.000586479 0.000661693 0.000746612 0.000844488 0.00095613 0.00111624 0.0013134 0.00153653 0.0017987 0.00210867 0.00247337 0.00284402 0.00322146 0.00357301 0.00389821 0.00412252 0.00421484 0.00412755 0.00386323 0.00339712 0.00272168 0.00184503 0.000809458 -0.000309869 -0.00145721 -0.00255915 -0.00357765 -0.00443066 -0.00508528 -0.00547916 -0.00563262 -0.00553427 -0.00524279 -0.00475758 -0.00413824 -0.00338237 -0.00255282 -0.00164799 -0.000725668 0.000226917 0.00116166 0.00209292 0.00296473 0.00377964 0.00447412 0.00504977 0.00544587 0.00566244 0.00563596 0.00536968 0.00482865 0.00406394 0.00309863 0.00201516 0.000848546 -0.000325952 -0.00145677 -0.0024584 -0.00327839 -0.00388801 -0.00428976 -0.00450013 -0.00451547 -0.00437052 -0.00409378 -0.00376274 -0.00338831 -0.0030073 -0.00261563 -0.00226917 -0.00196747 -0.00171274 -0.00148217 -0.00129017 -0.00114901 -0.00103278 -0.00093174 -0.000838557 -0.000782374 -0.000731579 -0.000680098 -0.000631552 -0.000603751 -0.000580363 -0.000542206 -0.000516841 -0.000502585 -0.000486226 -0.000459227 -0.000445097 -0.000441951 -0.000421881 -0.000405572 -0.000401527 -0.000393014 -0.000375488 -0.000363957 -0.00036519 -0.000346844 -0.000334225 -0.000336482 -0.000323425 -0.000315058 -0.000311803 -0.000313333 -0.000300807 -0.000294774 -0.000306618 -0.000289012 -0.000284846 -0.000282257 -0.000271507 -0.000282752 -0.000267478 -0.000252107 -0.000258399 -0.000273159 -0.000270785 -0.000239383 -0.000255929 -0.000264365 -0.00023888 -0.000255688 -0.000247147 -0.000230118 -0.000242408 -0.000236782 -0.000247242 -0.000246088 -0.000232877 -0.00024523 -0.00022618 -0.000223313 -0.000245507 -0.000224827 -0.000233342 -0.000247908 -0.000220413 -0.000233858 
0 9.76167e-06 1.76135e-05 1.6071e-05 2.53848e-05 2.36321e-05 1.69087e-05 3.92858e-05 4.57605e-05 4.48816e-05 6.62041e-05 6.28621e-05 5.39878e-05 7.22607e-05 8.22988e-05 7.74792e-05 8.74306e-05 9.98548e-05 8.94329e-05 0.000104558 0.000133746 0.000131125 0.000131123 0.000121266 0.000140107 0.000172737 0.000144466 0.00015848 0.000186686 0.000184396 0.000203811 0.000207627 0.000225027 0.000226339 0.000238979 0.000262121 0.000243757 0.000280524 0.000290659 0.000292284 0.000321703 0.000334412 0.00036341 0.000359882 0.00040412 0.000423065 0.000424845 0.000468007 0.000484514 0.0005192 0.000523605 0.000579363 0.000612867 0.000632118 0.000687315 0.000733412 0.000801984 0.000829239 0.000922609 0.00100398 0.00109615 0.00119397 0.00133167 0.0015203 0.00169742 0.00195086 0.00224754 0.00265832 0.00309034 0.00362582 0.00423928 0.00495482 0.00569699 0.00642945 0.00714103 0.00775162 0.00820666 0.00835355 0.00819592 0.00763697 0.00672112 0.00535277 0.00362661 0.00156076 -0.000649009 -0.00293135 -0.00511424 -0.00713191 -0.00882332 -0.0101139 -0.0109044 -0.0112022 -0.0110225 -0.010432 -0.00948283 -0.00823501 -0.00674783 -0.00507907 -0.00329478 -0.00143811 0.000442633 0.00232419 0.00416056 0.00591335 0.0075165 0.00891373 0.0100408 0.0108397 0.0112513 0.0112051 0.0106628 0.0095974 0.00807716 0.00616754 0.00401797 0.00169996 -0.000623147 -0.00287386 -0.00484897 -0.00649898 -0.00770148 -0.00853151 -0.00893424 -0.00899917 -0.0086998 -0.00818771 -0.0075142 -0.00679016 -0.00601876 -0.00525295 -0.00455868 -0.00394783 -0.00344198 -0.00296564 -0.00260089 -0.00228903 -0.00207481 -0.00185072 -0.00168691 -0.0015581 -0.00146074 -0.00136535 -0.00126339 -0.00122437 -0.00115504 -0.00110877 -0.00103887 -0.00102135 -0.000979715 -0.000925 -0.000904835 -0.000869776 -0.000852474 -0.000797077 -0.000798278 -0.000773527 -0.000737886 -0.000733192 -0.000711836 -0.000707318 -0.000670432 -0.000679855 -0.000664656 -0.000631813 -0.000642401 -0.000615535 -0.000607566 -0.000592766 -0.000584853 -0.000574388 -0.000556467 -0.000580471 -0.000549236 -0.000531953 -0.00055715 -0.000544718 -0.000534376 -0.000510439 -0.000505398 -0.000524066 -0.000508003 -0.000494453 -0.000495765 -0.000496842 -0.000490286 -0.000492315 -0.000502506 -0.000477303 -0.000466055 -0.000480223 -0.000464615 -0.000467819 -0.000486994 -0.00047082 -0.000464901 -0.000473389 -0.00045853 -0.000454255 -0.000468747 -0.000463177 
0 -9.29333e-07 1.6071e-05 1.93756e-05 3.12769e-05 4.63321e-05 4.76907e-05 6.05428e-05 6.34477e-05 6.52673e-05 8.22442e-05 8.48656e-05 9.84063e-05 0.00011337 0.000109704 0.000126273 0.000138328 0.000140403 0.000157974 0.00016517 0.000165264 0.000175559 0.000198614 0.000211933 0.000213811 0.000233253 0.000242701 0.000254648 0.000275578 0.00027495 0.000290618 0.0003129 0.000322791 0.000337426 0.000360018 0.000382628 0.000391432 0.000419625 0.000445153 0.000453945 0.000482203 0.000510045 0.000530325 0.000550103 0.000589405 0.00062155 0.000641749 0.000687326 0.000732015 0.000768678 0.000806945 0.000869428 0.000925734 0.000970054 0.00103862 0.00111936 0.00119785 0.00127167 0.00138367 0.00151308 0.00164615 0.00180214 0.0020134 0.00227711 0.00257274 0.00294268 0.00341585 0.00400546 0.00468337 0.00547953 0.00641006 0.00746067 0.00856 0.00965107 0.0106862 0.0115797 0.0122045 0.0124178 0.0121399 0.01131 0.00990023 0.00787585 0.00529 0.00225492 -0.00103341 -0.00439578 -0.00764227 -0.0106114 -0.0131183 -0.0150169 -0.0161981 -0.016645 -0.0163918 -0.0155216 -0.0141152 -0.0122635 -0.0100506 -0.00757112 -0.00490974 -0.00214507 0.000665436 0.00346743 0.00620725 0.00881141 0.0111976 0.0132706 0.0149435 0.0161229 0.0167218 0.0166446 0.0158306 0.0142618 0.0120119 0.00920447 0.00601393 0.00259979 -0.000851019 -0.00415591 -0.0071007 -0.0095361 -0.0113674 -0.0126 -0.0132438 -0.0133436 -0.0129565 -0.0122147 -0.0112521 -0.0101768 -0.00904593 -0.00792314 -0.00688882 -0.00598261 -0.00520087 -0.00451302 -0.00394381 -0.00349034 -0.00313216 -0.00281675 -0.00255807 -0.00236108 -0.00220334 -0.00205259 -0.00191842 -0.00182546 -0.0017382 -0.00164913 -0.00156752 -0.00151703 -0.00145896 -0.00139423 -0.00134882 -0.00131357 -0.00127056 -0.00122127 -0.00119906 -0.00116733 -0.00112741 -0.00109987 -0.00107939 -0.00104982 -0.00101609 -0.00100621 -0.000981271 -0.000954824 -0.000944916 -0.000929479 -0.000909713 -0.000894324 -0.000891606 -0.000869993 -0.000852635 -0.000849235 -0.000829503 -0.000822401 -0.000811177 -0.000791693 -0.00078968 -0.00079081 -0.000781205 -0.00076281 -0.000763498 -0.000760861 -0.000745083 -0.000748583 -0.000736589 -0.000722695 -0.000728204 -0.000720245 -0.000722178 -0.000723723 -0.000711079 -0.000711884 -0.000703468 -0.000696843 -0.000704139 -0.000697166 -0.00069991 -0.000705001 -0.000693064 -0.000695969 
0 7.44562e-06 2.53848e-05 3.12769e-05 3.67747e-05 5.48045e-05 6.67609e-05 7.38116e-05 8.51375e-05 9.77546e-05 0.000106198 0.000114944 0.000135439 0.00014537 0.000145899 0.000170441 0.000182355 0.000182556 0.000212461 0.00022374 0.000222456 0.000242711 0.00026049 0.000283512 0.000288829 0.000296194 0.000330991 0.000340393 0.000357217 0.000376855 0.000389531 0.000421943 0.000431275 0.000456778 0.000483229 0.000498693 0.000534811 0.00055049 0.000586365 0.000612522 0.000639016 0.000683183 0.000703298 0.000751314 0.000784418 0.000828657 0.000874009 0.000915215 0.00098138 0.00102097 0.00109178 0.00115336 0.0012285 0.00130483 0.00138544 0.00149784 0.00159074 0.00172139 0.00185358 0.00203071 0.00221428 0.00243909 0.00272682 0.00306588 0.00349093 0.00398821 0.00464073 0.00540645 0.00633485 0.00739515 0.00863471 0.00999952 0.0114345 0.012862 0.0141888 0.0153211 0.0160697 0.0163149 0.0158918 0.014773 0.0128579 0.0101864 0.00677132 0.00281695 -0.00149662 -0.00588405 -0.0101419 -0.0140077 -0.0172832 -0.0197548 -0.0213131 -0.0219109 -0.0215991 -0.0204664 -0.0186237 -0.0161889 -0.0132744 -0.0100068 -0.00649084 -0.00283657 0.000884997 0.00458891 0.00820898 0.01164 0.0147822 0.0175067 0.0197006 0.0212383 0.022003 0.0218836 0.0208005 0.0187539 0.0158155 0.0121632 0.0079848 0.00353141 -0.000989727 -0.00529055 -0.00916229 -0.0123614 -0.0148236 -0.0164707 -0.0173754 -0.0175393 -0.0171083 -0.0161836 -0.0149688 -0.0135668 -0.0120985 -0.0106409 -0.00927756 -0.0080728 -0.00700694 -0.00610674 -0.00532985 -0.00472364 -0.0042079 -0.0037996 -0.00344643 -0.00317546 -0.00295028 -0.00274856 -0.00258788 -0.00243776 -0.00233057 -0.00220443 -0.00211558 -0.0020246 -0.00194876 -0.00187625 -0.00180238 -0.00175674 -0.00168667 -0.00164518 -0.00159067 -0.0015507 -0.00151036 -0.0014634 -0.00144108 -0.00139398 -0.00137189 -0.00133852 -0.00130928 -0.00129031 -0.00125521 -0.00124499 -0.00121377 -0.00119507 -0.00118228 -0.00115608 -0.00114737 -0.00111851 -0.00111047 -0.00110616 -0.00107726 -0.00106632 -0.00105452 -0.00105437 -0.001043 -0.00101326 -0.00101851 -0.00101393 -0.000993872 -0.000993612 -0.000986118 -0.00097437 -0.000967493 -0.000966292 -0.000965921 -0.000951694 -0.000950259 -0.00095173 -0.000933905 -0.000938523 -0.000944789 -0.00092647 -0.000933016 -0.000937942 -0.000919431 -0.000929584 
0 2.3461e-05 2.36321e-05 4.63321e-05 5.48045e-05 5.87049e-05 7.92305e-05 8.41347e-05 0.000110301 0.000128617 0.000130655 0.000162645 0.000156548 0.000164344 0.000212358 0.000199691 0.00021645 0.00025475 0.000240602 0.000266465 0.000305711 0.000322139 0.000322758 0.000325025 0.000372591 0.000388069 0.000396574 0.000425841 0.000436496 0.000481636 0.000502319 0.000512592 0.000554835 0.000575137 0.000603041 0.000627803 0.000662996 0.000695888 0.000719096 0.000772317 0.000804027 0.000842663 0.000894569 0.000940732 0.000989654 0.00103697 0.00110432 0.00115802 0.00121737 0.00129315 0.00136815 0.00144746 0.00153315 0.00164037 0.00174839 0.00186624 0.00200652 0.00216711 0.00234695 0.00255263 0.00280357 0.00310399 0.00346177 0.00389973 0.00443941 0.00510458 0.00591156 0.00688606 0.00804525 0.00939205 0.0109183 0.0125825 0.0143293 0.0160537 0.0176455 0.018943 0.0197862 0.0199913 0.0194195 0.0179588 0.0155587 0.0122251 0.00804704 0.00320962 -0.0020394 -0.0073995 -0.0125839 -0.0172904 -0.021267 -0.0242758 -0.0261904 -0.0269423 -0.0265908 -0.0252156 -0.0229694 -0.0199738 -0.016397 -0.0123628 -0.0080309 -0.00350208 0.00109559 0.00568661 0.0101473 0.0143828 0.0182379 0.0215893 0.0242656 0.0261382 0.0270403 0.0268676 0.0255225 0.0230266 0.0194584 0.0150196 0.00993732 0.00450514 -0.00099186 -0.00623745 -0.0109564 -0.0149156 -0.0179766 -0.0200819 -0.0212443 -0.021542 -0.0210928 -0.0200681 -0.0186311 -0.0169568 -0.0151748 -0.0134122 -0.011743 -0.0102303 -0.00889707 -0.00775658 -0.00679713 -0.00599745 -0.00534162 -0.00480809 -0.00437506 -0.00401314 -0.00371264 -0.00346796 -0.00326024 -0.00307662 -0.00291485 -0.00278185 -0.00266144 -0.00254313 -0.00244372 -0.00235545 -0.00227365 -0.00218662 -0.00212024 -0.0020601 -0.00199065 -0.00193644 -0.00188636 -0.00184387 -0.00178848 -0.00175405 -0.00172273 -0.00167324 -0.00164834 -0.00161428 -0.00158303 -0.00154743 -0.00152433 -0.00150473 -0.00145808 -0.00145075 -0.00143176 -0.00140723 -0.00139599 -0.0013595 -0.00136109 -0.0013578 -0.00132704 -0.00129671 -0.00128337 -0.00130465 -0.00126952 -0.00124348 -0.00126408 -0.00123034 -0.00122822 -0.00124228 -0.00121401 -0.00121027 -0.00119457 -0.00118521 -0.00119325 -0.00117632 -0.00118849 -0.00118592 -0.00115997 -0.00117789 -0.00116445 -0.00114678 -0.0011745 -0.0011583 
0 1.51085e-05 1.69087e-05 4.76907e-05 6.67609e-05 7.92305e-05 0.000109539 0.000112155 0.000123991 0.0001483 0.000149257 0.000177605 0.000206104 0.000211375 0.000235599 0.000252269 0.000266857 0.000293256 0.000312187 0.000329677 0.00034064 0.000358251 0.000390795 0.000427678 0.00044456 0.000449554 0.000494991 0.000524132 0.000531202 0.000568787 0.000592249 0.000618147 0.000655525 0.000691364 0.000722179 0.000756113 0.000812952 0.000838408 0.000877841 0.000936892 0.000971086 0.00101699 0.00106978 0.00113509 0.00117788 0.00124239 0.00132807 0.00138735 0.00146747 0.0015568 0.00166264 0.00174713 0.0018577 0.00199517 0.00212018 0.00226451 0.00242824 0.00263989 0.00284528 0.0030985 0.00340982 0.00378796 0.00422955 0.0047607 0.00544507 0.00626397 0.00725945 0.00842988 0.00984484 0.0114626 0.013274 0.0152158 0.0172407 0.0192308 0.0210212 0.0224437 0.0233008 0.0234368 0.0226508 0.0208465 0.0179328 0.0139792 0.00906629 0.0034315 -0.00268569 -0.00892147 -0.0149552 -0.0204169 -0.0250298 -0.0285296 -0.0307765 -0.031689 -0.0313099 -0.0297293 -0.027104 -0.0235953 -0.0193827 -0.014632 -0.00950601 -0.00414804 0.0013089 0.00674152 0.012021 0.0170092 0.0215489 0.0254749 0.0286058 0.0307687 0.0317897 0.0315452 0.0299528 0.0270419 0.0229053 0.0177616 0.0118596 0.00555035 -0.000840853 -0.00693294 -0.0124499 -0.0171101 -0.0207801 -0.023334 -0.0248119 -0.0252684 -0.0248858 -0.0238052 -0.0222278 -0.0203213 -0.0182793 -0.0162409 -0.0142866 -0.0124875 -0.0108764 -0.00951126 -0.00834024 -0.007364 -0.00653534 -0.00588504 -0.0053462 -0.00489383 -0.00451067 -0.00420404 -0.00395716 -0.00371432 -0.0035179 -0.00334755 -0.00321069 -0.00305642 -0.00293363 -0.0028378 -0.00273316 -0.00263589 -0.00254925 -0.00249195 -0.00240277 -0.00233461 -0.00228371 -0.00222103 -0.00215911 -0.00210536 -0.00207223 -0.00200753 -0.00196722 -0.00194084 -0.00189304 -0.00186046 -0.00183242 -0.00180796 -0.00177049 -0.00175173 -0.00172731 -0.0016824 -0.0016785 -0.00165824 -0.0016159 -0.00159768 -0.00159147 -0.00158288 -0.00155974 -0.00154155 -0.00152666 -0.00151916 -0.0015125 -0.00148702 -0.00147951 -0.00146526 -0.00144414 -0.00145712 -0.00145037 -0.00143576 -0.00143965 -0.00142101 -0.00140902 -0.00141097 -0.00140236 -0.0014041 -0.00140623 -0.00140113 -0.00139961 -0.00139302 
0 2.46007e-05 3.92858e-05 6.05428e-05 7.38116e-05 8.41347e-05 0.000112155 0.000131802 0.000147954 0.000177795 0.00019193 0.000205323 0.00023565 0.000249095 0.00026502 0.000298882 0.000314292 0.000332324 0.000365143 0.000385874 0.000412033 0.000435237 0.000454995 0.000492199 0.000508632 0.000530124 0.000576747 0.000598848 0.000627183 0.00066799 0.000700851 0.000735381 0.000769517 0.000815163 0.00084498 0.000885423 0.000943183 0.00097278 0.00102669 0.00108728 0.00113682 0.00119356 0.00125847 0.00133619 0.0013883 0.00146897 0.00156092 0.00163325 0.00172422 0.00182713 0.00194693 0.00204541 0.00217812 0.00233697 0.00248803 0.00265996 0.00286179 0.00311514 0.00336657 0.00367488 0.00405747 0.0045189 0.00505507 0.0057018 0.00653057 0.00751911 0.008702 0.0100878 0.0117463 0.0136294 0.0157007 0.0178967 0.020157 0.0223535 0.0242807 0.0257548 0.0265676 0.0265641 0.0255255 0.0233403 0.019925 0.0153702 0.00978843 0.00342417 -0.00345775 -0.010475 -0.0172486 -0.0233795 -0.0285477 -0.0324902 -0.0350387 -0.036112 -0.0357206 -0.0339666 -0.0310002 -0.0270213 -0.0222168 -0.0167917 -0.0109127 -0.00476226 0.00151613 0.0077533 0.0138092 0.0195056 0.0246816 0.0291337 0.0326727 0.0350844 0.0361957 0.0358653 0.0340403 0.030749 0.026113 0.020345 0.0137307 0.0066443 -0.00052867 -0.00738491 -0.0136179 -0.0189419 -0.0231905 -0.0262146 -0.0280352 -0.0287162 -0.0284547 -0.0273934 -0.0257387 -0.0236681 -0.0214136 -0.0191301 -0.0169153 -0.0148391 -0.0129622 -0.0113531 -0.00996721 -0.0087946 -0.00779513 -0.00700405 -0.00635143 -0.00580185 -0.00533596 -0.00496465 -0.00466638 -0.00437931 -0.00414275 -0.00394134 -0.00377643 -0.00359839 -0.00344903 -0.00333321 -0.00320769 -0.0030919 -0.00298604 -0.00291038 -0.00281051 -0.00272508 -0.00266525 -0.00259129 -0.00252522 -0.00246382 -0.00242195 -0.00235976 -0.00230718 -0.00227673 -0.00222036 -0.00218054 -0.00214494 -0.00210516 -0.00206804 -0.00203618 -0.00201406 -0.00197185 -0.00195108 -0.00193908 -0.00190079 -0.00188254 -0.00186469 -0.00183984 -0.00182316 -0.0017978 -0.00178506 -0.00177413 -0.00174946 -0.00174009 -0.00173487 -0.00171845 -0.00170698 -0.00169957 -0.00168572 -0.00167129 -0.00166737 -0.00166364 -0.00165345 -0.00165336 -0.00165093 -0.00163591 -0.00163521 -0.00163556 -0.00162432 -0.00163062 
0 2.0763e-05 4.57605e-05 6.34477e-05 8.51375e-05 0.000110301 0.000123991 0.000147954 0.000176941 0.000190583 0.000220495 0.000250941 0.000254656 0.0002831 0.000323017 0.00033171 0.000358717 0.000397342 0.000406589 0.000431534 0.000476378 0.000509312 0.000527678 0.000540547 0.000589484 0.000634907 0.00064686 0.000684889 0.000722849 0.000763856 0.000807562 0.000833584 0.000889238 0.000928888 0.000971926 0.00102876 0.00106781 0.00113301 0.00117969 0.00124539 0.00131124 0.00136533 0.00145548 0.00151683 0.00160467 0.00168808 0.00178293 0.0018875 0.00197704 0.00211655 0.00222805 0.00237008 0.00251667 0.00269145 0.00288175 0.00306947 0.00333021 0.00359392 0.00392106 0.00427444 0.00473953 0.00528339 0.00592216 0.00671526 0.00767596 0.00886564 0.010225 0.0118652 0.0137426 0.0158953 0.0181961 0.0206273 0.0230783 0.0254109 0.0274166 0.0288574 0.0295803 0.0293487 0.0280316 0.0254147 0.0215322 0.0163871 0.0102207 0.00318737 -0.0043382 -0.0120409 -0.019429 -0.0261423 -0.0317797 -0.0361171 -0.0389351 -0.0401662 -0.0397811 -0.0378852 -0.0346271 -0.0302217 -0.0248824 -0.0188237 -0.0122459 -0.00533816 0.00170946 0.00871617 0.0154931 0.0218563 0.0276079 0.0325388 0.0364285 0.0390497 0.0402198 0.0397966 0.0377568 0.0341248 0.0290644 0.0227576 0.0155559 0.00780067 -2.03095e-05 -0.00755931 -0.0144061 -0.0203601 -0.025132 -0.0286577 -0.0308329 -0.0318242 -0.0317275 -0.0307787 -0.029108 -0.0269638 -0.0245537 -0.0220676 -0.0196297 -0.0172912 -0.0151831 -0.0133046 -0.0117187 -0.0103184 -0.00916767 -0.00819958 -0.00742799 -0.0067662 -0.00621041 -0.00577159 -0.00538781 -0.00507662 -0.00477279 -0.0045535 -0.00433323 -0.00414523 -0.00397093 -0.00381814 -0.00369203 -0.00354273 -0.0034438 -0.00332654 -0.00323406 -0.00313687 -0.00304998 -0.00298322 -0.00289123 -0.00283809 -0.00276459 -0.00270709 -0.00265325 -0.00259135 -0.00255354 -0.0024924 -0.00245838 -0.00241577 -0.00236652 -0.00233895 -0.00229892 -0.00227834 -0.00223602 -0.00219457 -0.00219128 -0.0021659 -0.00212873 -0.00209434 -0.00208168 -0.00208075 -0.00204263 -0.0020178 -0.00201724 -0.00199225 -0.00197527 -0.00197559 -0.00195804 -0.001935 -0.00192645 -0.00192226 -0.00190912 -0.00190065 -0.0019032 -0.00188931 -0.00187669 -0.00188391 -0.00187163 -0.00186204 -0.00187483 -0.00186384 
0 1.62195e-05 4.48816e-05 6.52673e-05 9.77546e-05 0.000128617 0.0001483 0.000177795 0.000190583 0.000213423 0.000248616 0.000259131 0.000303497 0.000340656 0.000340199 0.000385227 0.000414463 0.000426771 0.000478192 0.00050448 0.000519588 0.000546817 0.00059472 0.000647445 0.00066354 0.000700233 0.000738784 0.000780115 0.000832786 0.000847818 0.000900138 0.000955713 0.000991702 0.00105029 0.00109965 0.0011639 0.0012135 0.00127951 0.00135111 0.00140107 0.00148635 0.00155532 0.00163544 0.00171878 0.00181091 0.00191671 0.00200812 0.00213615 0.00225351 0.00239042 0.00253358 0.00269212 0.00287367 0.003056 0.00328113 0.00351424 0.00380034 0.00411376 0.00448825 0.00492975 0.00545758 0.00610263 0.00686183 0.00780402 0.0089288 0.0102946 0.0118811 0.0137446 0.0158698 0.0182378 0.0207701 0.0233831 0.0259794 0.028374 0.0303731 0.031725 0.032265 0.0317682 0.0300883 0.0270572 0.0226849 0.017033 0.0103102 0.00273349 -0.00536068 -0.0135939 -0.0215056 -0.0286713 -0.0347199 -0.0393761 -0.0424472 -0.0438147 -0.0434615 -0.0414511 -0.0379547 -0.0331732 -0.0273556 -0.0207151 -0.0134891 -0.00587452 0.00189434 0.00961927 0.0170664 0.0240414 0.0303101 0.0356622 0.0398421 0.0426317 0.043824 0.0433129 0.0410643 0.037152 0.0317179 0.0249917 0.0172959 0.00903099 0.000653743 -0.00742698 -0.0148395 -0.0213206 -0.0266171 -0.030604 -0.0332059 -0.0345331 -0.0346989 -0.0339121 -0.032323 -0.0301808 -0.0276848 -0.0250546 -0.0224103 -0.0198668 -0.0175136 -0.0154039 -0.0135686 -0.0119706 -0.0106297 -0.00949384 -0.0085704 -0.00778612 -0.00714653 -0.00660588 -0.00615665 -0.00577854 -0.00544539 -0.00516894 -0.00490984 -0.00470305 -0.00449889 -0.00432614 -0.00416433 -0.00402258 -0.00389445 -0.00375967 -0.00366196 -0.00355032 -0.00345615 -0.00336 -0.00328067 -0.00320368 -0.00311369 -0.00306117 -0.00298649 -0.00292569 -0.00287191 -0.00281972 -0.00277204 -0.00271507 -0.00269394 -0.00263953 -0.00258952 -0.00256673 -0.00252459 -0.00249892 -0.00245122 -0.00241393 -0.00240479 -0.00238621 -0.00235795 -0.00231183 -0.00230971 -0.0023017 -0.0022581 -0.00225913 -0.00223302 -0.00219587 -0.00220361 -0.00218882 -0.00217794 -0.00217508 -0.00215446 -0.00214626 -0.00213177 -0.00212181 -0.00212515 -0.00211363 -0.00211361 -0.0021156 -0.00210084 -0.00210276 
0 2.98751e-05 6.62041e-05 8.22442e-05 0.000106198 0.000130655 0.000149257 0.00019193 0.000220495 0.000248616 0.000288581 0.000296974 0.000330559 0.0003689 0.000377044 0.000429975 0.000464668 0.000475536 0.000528307 0.000558921 0.000592307 0.000637725 0.000663475 0.000699621 0.000732664 0.00078448 0.000825993 0.000860116 0.000926014 0.000957586 0.00101358 0.00107989 0.00110896 0.00117532 0.00123445 0.00129093 0.00135104 0.00142126 0.00150589 0.00156038 0.00165824 0.00175075 0.00182734 0.00193354 0.00203805 0.00215405 0.00225416 0.00239402 0.00253742 0.0026691 0.00283917 0.00301896 0.00322448 0.00342702 0.00368394 0.00397332 0.00428693 0.0046602 0.00509703 0.00563262 0.0062407 0.00699332 0.00789787 0.00899588 0.0103003 0.0118467 0.013671 0.0157563 0.0181127 0.0206722 0.0233976 0.0261511 0.0288213 0.0312049 0.0331101 0.0343038 0.0345837 0.0337624 0.0316704 0.0282166 0.0233752 0.0172695 0.0100622 0.00203707 -0.0065089 -0.0151453 -0.0234539 -0.0309678 -0.037342 -0.0422616 -0.0455462 -0.0470419 -0.0467291 -0.0446432 -0.0409538 -0.0358576 -0.0296147 -0.0224538 -0.0146298 -0.00636812 0.00207168 0.0104542 0.0185198 0.026043 0.0327716 0.0384765 0.0428912 0.0457964 0.0469874 0.0463807 0.0439489 0.0397978 0.0340633 0.0270117 0.0189453 0.0103019 0.00149765 -0.00701489 -0.0149034 -0.0218411 -0.0276197 -0.0320555 -0.0351152 -0.036828 -0.0373282 -0.0367713 -0.0353516 -0.0332894 -0.030789 -0.0280659 -0.0252623 -0.0225419 -0.019968 -0.0176321 -0.0155408 -0.013738 -0.0121924 -0.0108819 -0.00978332 -0.00887051 -0.00813038 -0.00748834 -0.00696165 -0.00651364 -0.00614994 -0.00581326 -0.00551946 -0.0052816 -0.00505598 -0.00485308 -0.00465717 -0.00451172 -0.00435157 -0.00420033 -0.0040815 -0.00396292 -0.00385297 -0.00373665 -0.00366446 -0.00357002 -0.0034769 -0.00341889 -0.00334069 -0.00327319 -0.00320334 -0.00315628 -0.00309119 -0.00302272 -0.00299532 -0.00293047 -0.00288817 -0.00285638 -0.00280393 -0.00277893 -0.00274613 -0.00271639 -0.00267557 -0.00264407 -0.00262848 -0.0025829 -0.00257263 -0.0025504 -0.00250354 -0.00251088 -0.00249243 -0.00246566 -0.00246645 -0.00243606 -0.00241776 -0.0024084 -0.00239002 -0.00239174 -0.00238124 -0.00237121 -0.00237085 -0.00235214 -0.00234805 -0.00234943 -0.00233624 -0.00234241 
0 2.07144e-05 6.28621e-05 8.48656e-05 0.000114944 0.000162645 0.000177605 0.000205323 0.000250941 0.000259131 0.000296974 0.000352739 0.000359039 0.000397909 0.000449988 0.000461675 0.000504441 0.000547179 0.000572814 0.000612096 0.000644957 0.000705718 0.000743481 0.000757042 0.000830628 0.000878632 0.000907648 0.00096305 0.00100724 0.0010677 0.00111644 0.00117434 0.00123807 0.00128945 0.00137675 0.00143151 0.00149927 0.00159343 0.00165847 0.00174541 0.001832 0.0019366 0.00202622 0.00212769 0.00226663 0.00237075 0.0025062 0.00265539 0.00281809 0.00297688 0.00315449 0.00338276 0.00359043 0.00383754 0.00411998 0.00445627 0.00481502 0.00523174 0.00575977 0.00636385 0.00708707 0.00794283 0.00901572 0.0102781 0.01177 0.0135248 0.0155727 0.0179004 0.0204477 0.0232017 0.0260584 0.028921 0.0315809 0.0338883 0.0356162 0.0365757 0.0365325 0.0353178 0.0327943 0.0288944 0.0236341 0.0171047 0.00951497 0.00111308 -0.00774173 -0.0166799 -0.0252391 -0.0330204 -0.0396178 -0.0447634 -0.0482068 -0.049835 -0.0495592 -0.0474468 -0.0436033 -0.0382636 -0.0316462 -0.0240349 -0.0156637 -0.00682393 0.00223433 0.0112051 0.0198368 0.0278371 0.0349712 0.0409535 0.0455545 0.0485164 0.0496953 0.0489783 0.0464058 0.0420458 0.0361039 0.0288036 0.0205116 0.0115996 0.00252561 -0.00632785 -0.0145688 -0.0219121 -0.0280973 -0.0329851 -0.0364982 -0.0386565 -0.0395432 -0.039298 -0.0381299 -0.0362287 -0.0338181 -0.0310579 -0.0281742 -0.0252948 -0.0225579 -0.01999 -0.0176758 -0.0156439 -0.013898 -0.0123976 -0.01111 -0.0100613 -0.0091824 -0.00845144 -0.00780887 -0.00730096 -0.00686848 -0.0064812 -0.006143 -0.00585659 -0.00562098 -0.00536857 -0.00516876 -0.00498906 -0.00482357 -0.0046574 -0.00451327 -0.0044031 -0.00425873 -0.00415128 -0.00404955 -0.00395 -0.00385168 -0.00376108 -0.00369825 -0.00359985 -0.00353681 -0.0034785 -0.00340441 -0.00335655 -0.00329335 -0.00324752 -0.00319681 -0.00315354 -0.00311092 -0.00304512 -0.00303302 -0.00299942 -0.00293693 -0.00291672 -0.00289068 -0.0028693 -0.00283411 -0.0027992 -0.00279877 -0.00276079 -0.00273199 -0.00273434 -0.0026983 -0.00267805 -0.00267913 -0.00265857 -0.00264516 -0.00263601 -0.00262411 -0.00261227 -0.00260117 -0.00260192 -0.00259218 -0.0025826 -0.00258962 -0.00257942 
0 3.70554e-05 5.39878e-05 9.84063e-05 0.000135439 0.000156548 0.000206104 0.00023565 0.000254656 0.000303497 0.000330559 0.000359039 0.000410553 0.000443789 0.000477946 0.000514552 0.000552459 0.000594 0.000630263 0.000686229 0.000720986 0.000740545 0.000804851 0.000867982 0.000907893 0.000942685 0.000996893 0.0010666 0.00111388 0.00116659 0.00122635 0.00129134 0.00136057 0.00142292 0.0015011 0.00157284 0.00165387 0.00174202 0.00182476 0.00192074 0.00201787 0.00212867 0.0022316 0.00235312 0.00248882 0.0026159 0.00276561 0.00292643 0.00310674 0.00328136 0.00349172 0.00373068 0.0039742 0.00425397 0.00457647 0.00496039 0.00536783 0.00586462 0.00646441 0.00717546 0.00800607 0.00900806 0.0102427 0.0116859 0.0133808 0.0153425 0.0176249 0.0201538 0.0228953 0.0257822 0.0287446 0.0316229 0.0342169 0.0363546 0.0378352 0.0384796 0.0380443 0.036397 0.0334078 0.0290852 0.0234205 0.0165514 0.00863849 -9.81722e-06 -0.0090802 -0.0181678 -0.0268832 -0.0348032 -0.0415653 -0.0468536 -0.050438 -0.0521627 -0.0519506 -0.0498264 -0.0458937 -0.0403546 -0.0334385 -0.0254267 -0.0165841 -0.00721913 0.00237996 0.0118847 0.0210051 0.029429 0.0368891 0.0430966 0.0478096 0.0507985 0.0519245 0.0511165 0.0484087 0.0439088 0.0378075 0.0303765 0.0219486 0.0129203 0.00367684 -0.00537439 -0.013894 -0.02154 -0.0281017 -0.0333953 -0.0373815 -0.0400038 -0.0413408 -0.0414777 -0.0406368 -0.0389861 -0.0367302 -0.0340309 -0.0311066 -0.028139 -0.0252406 -0.0224906 -0.019944 -0.0176964 -0.0157255 -0.0140264 -0.0125497 -0.0113319 -0.0103169 -0.00945959 -0.00872802 -0.00812316 -0.00762998 -0.00718173 -0.00680164 -0.0064715 -0.00619575 -0.00592681 -0.00569175 -0.00549259 -0.00530011 -0.00512495 -0.00496003 -0.00482484 -0.00468045 -0.00455312 -0.00444002 -0.00432807 -0.00422721 -0.00412671 -0.00404446 -0.00395595 -0.00387942 -0.00380742 -0.00373355 -0.00367517 -0.00361278 -0.00355731 -0.00349384 -0.00344296 -0.00340973 -0.00335826 -0.00330056 -0.00325565 -0.00324301 -0.00321064 -0.00315119 -0.0031255 -0.00310443 -0.00307785 -0.00305009 -0.0030214 -0.00300082 -0.00296768 -0.00295425 -0.00294975 -0.00292054 -0.00291049 -0.00289959 -0.00287353 -0.00286771 -0.00285951 -0.0028465 -0.00284375 -0.00283704 -0.00282971 -0.00282642 -0.00282197 
0 4.59035e-05 7.22607e-05 0.00011337 0.00014537 0.000164344 0.000211375 0.000249095 0.0002831 0.000340656 0.0003689 0.000397909 0.000443789 0.000469039 0.000517041 0.000564705 0.000600752 0.000656373 0.000686154 0.000729826 0.000795717 0.000832879 0.000882699 0.000928578 0.000968256 0.00103719 0.00110042 0.0011504 0.00120747 0.00128209 0.00135023 0.00140935 0.00148695 0.00155945 0.00163087 0.00171826 0.00180582 0.00189147 0.00199166 0.00210051 0.00220598 0.00232289 0.0024495 0.00258343 0.00271958 0.00287174 0.00303689 0.00320807 0.00340118 0.00360491 0.00383932 0.00409154 0.00437433 0.00469455 0.00506021 0.00548815 0.00596638 0.0065471 0.00723209 0.00805379 0.00901772 0.0101823 0.0115847 0.0132227 0.0151287 0.0173119 0.0198057 0.022523 0.0254233 0.0284124 0.0314133 0.0342361 0.0366861 0.0385789 0.0397385 0.0399879 0.0391084 0.0369859 0.033533 0.0287926 0.022773 0.015617 0.00747979 -0.00131955 -0.0104798 -0.0196083 -0.0283599 -0.0363274 -0.0431675 -0.0485442 -0.0522264 -0.054035 -0.053891 -0.0517862 -0.0478096 -0.0421297 -0.0349775 -0.0266306 -0.0173841 -0.00756288 0.00250584 0.0124747 0.022014 0.0307935 0.0385121 0.04488 0.0496496 0.0526229 0.0536778 0.0527791 0.0499659 0.0453709 0.039187 0.0317107 0.0232622 0.0142279 0.00494613 -0.00419505 -0.0128785 -0.0207552 -0.0276247 -0.033301 -0.037738 -0.0408488 -0.0426719 -0.0432653 -0.0428219 -0.0415006 -0.0394788 -0.036923 -0.0340379 -0.03103 -0.028016 -0.0251076 -0.0223639 -0.0198964 -0.0176997 -0.0157865 -0.0141202 -0.0127172 -0.0115422 -0.0105485 -0.00971506 -0.00901003 -0.00843106 -0.0079233 -0.00749477 -0.007117 -0.00679142 -0.00650226 -0.00623868 -0.00600611 -0.00578894 -0.00560102 -0.00541805 -0.00525201 -0.00510458 -0.00496603 -0.00483386 -0.00471256 -0.00460952 -0.00450192 -0.00440087 -0.0043164 -0.00423073 -0.00414248 -0.00407086 -0.00399874 -0.00392056 -0.00386381 -0.00380963 -0.00374374 -0.00368569 -0.00365255 -0.00361043 -0.00355507 -0.00351916 -0.00347069 -0.00343579 -0.00341576 -0.0033653 -0.00333241 -0.00330657 -0.00327816 -0.00326855 -0.00324188 -0.00321896 -0.0031991 -0.00316745 -0.00315505 -0.00314265 -0.00312879 -0.0031207 -0.00310661 -0.00309765 -0.00308534 -0.00307843 -0.00307692 -0.00306599 -0.00306725 
0 2.31884e-05 8.22988e-05 0.000109704 0.000145899 0.000212358 0.000235599 0.00026502 0.000323017 0.000340199 0.000377044 0.000449988 0.000477946 0.000517041 0.000580305 0.000604888 0.000646561 0.000707303 0.000747712 0.000793539 0.000842561 0.000903582 0.000960304 0.00100602 0.0010714 0.00113097 0.00119335 0.00124679 0.00130305 0.00139597 0.00145086 0.00151842 0.00161928 0.00168883 0.00177868 0.00187298 0.00197059 0.00206465 0.00216496 0.00229511 0.00239096 0.00251997 0.00266643 0.00279904 0.00295579 0.00311983 0.00331641 0.00349544 0.00371004 0.00395694 0.00420279 0.0044909 0.00480197 0.00517941 0.00558007 0.00605729 0.00662236 0.0072802 0.00807295 0.00899803 0.0101322 0.0114574 0.0130462 0.0148852 0.0170122 0.0194247 0.0220985 0.0249959 0.028004 0.0310703 0.034022 0.0367296 0.0389461 0.0405342 0.0412946 0.041083 0.0397145 0.0370901 0.0331906 0.0280411 0.0217275 0.014332 0.00608204 -0.00278578 -0.0119044 -0.0209891 -0.0296536 -0.0375979 -0.0444187 -0.0498442 -0.0535692 -0.0554623 -0.0553768 -0.0533312 -0.0493408 -0.0435873 -0.036251 -0.0276467 -0.0180573 -0.00786253 0.00261044 0.0129597 0.0228545 0.0319092 0.0398294 0.0462852 0.0510723 0.0539815 0.0549626 0.0539628 0.0510878 0.0464297 0.040253 0.0327995 0.0244518 0.0154977 0.00631393 -0.00282444 -0.011543 -0.0195851 -0.02668 -0.0327142 -0.0375619 -0.041171 -0.0435023 -0.0446125 -0.0446374 -0.0437113 -0.0420126 -0.0396725 -0.0369293 -0.0339275 -0.0308682 -0.0278234 -0.0249355 -0.0222525 -0.0198383 -0.0177037 -0.0158383 -0.0142496 -0.0128788 -0.0117475 -0.0107786 -0.00997692 -0.00928111 -0.00870513 -0.00821994 -0.00777976 -0.00740975 -0.0070766 -0.00680314 -0.0065247 -0.00629057 -0.006091 -0.00588859 -0.00570951 -0.00553917 -0.00540555 -0.00524554 -0.00511035 -0.00500333 -0.00487193 -0.00476557 -0.00466342 -0.00457622 -0.00447694 -0.00439552 -0.00433853 -0.0042412 -0.00418204 -0.00413221 -0.00405755 -0.00399965 -0.00394014 -0.0038968 -0.00384489 -0.00379 -0.00375416 -0.00371414 -0.00368501 -0.00363951 -0.00360603 -0.00359956 -0.00354638 -0.0035115 -0.00350805 -0.00346078 -0.0034413 -0.0034475 -0.00341018 -0.00339193 -0.00339224 -0.00336123 -0.00335073 -0.00335311 -0.00332914 -0.00332464 -0.00332549 -0.00330797 -0.00331376 
0 4.82869e-05 7.74792e-05 0.000126273 0.000170441 0.000199691 0.000252269 0.000298882 0.00033171 0.000385227 0.000429975 0.000461675 0.000514552 0.000564705 0.000604888 0.000657476 0.000709788 0.000756654 0.000805081 0.000868336 0.000930143 0.000957687 0.00101607 0.00110658 0.00115435 0.00120793 0.00127904 0.00135093 0.00143332 0.00149723 0.00157187 0.00165489 0.00174354 0.0018328 0.00190896 0.00202537 0.00212525 0.00222197 0.00235341 0.0024718 0.00260125 0.00273287 0.00289603 0.00304762 0.00320043 0.00340478 0.00359234 0.00380192 0.00402962 0.00430281 0.00458241 0.00488188 0.00526186 0.0056674 0.00613904 0.00667095 0.00733543 0.00809872 0.00899155 0.0100744 0.01136 0.0128922 0.0146478 0.0167159 0.0190528 0.0216782 0.0245147 0.0275334 0.0306306 0.0336774 0.036538 0.0390119 0.0409525 0.0421355 0.0424537 0.0417067 0.0398271 0.0366947 0.0323643 0.0268516 0.0202787 0.0127399 0.00444502 -0.00435661 -0.013363 -0.0222705 -0.0307903 -0.0385868 -0.0453489 -0.050728 -0.0544937 -0.0564187 -0.0564276 -0.0544282 -0.0504926 -0.0446849 -0.0372556 -0.0284328 -0.0186026 -0.00808204 0.00268885 0.0133691 0.0235147 0.0328008 0.0408259 0.0473417 0.052069 0.0549154 0.0557759 0.0547135 0.0517665 0.047128 0.0409884 0.0336748 0.0254787 0.016734 0.00771315 -0.00128415 -0.00996644 -0.0180618 -0.02534 -0.0316679 -0.0369032 -0.0409918 -0.0438423 -0.0455218 -0.0460565 -0.0456155 -0.0442824 -0.0422728 -0.0397175 -0.0368294 -0.0337467 -0.0306375 -0.0276183 -0.0247533 -0.0221277 -0.0197565 -0.0177035 -0.0158903 -0.0143458 -0.0130237 -0.0119371 -0.0110052 -0.0102022 -0.00954626 -0.00898445 -0.00850665 -0.00805896 -0.00770818 -0.00738579 -0.00708499 -0.00681812 -0.0065858 -0.00638076 -0.00615622 -0.00598831 -0.00582305 -0.00565955 -0.00551385 -0.00538333 -0.00526741 -0.00513108 -0.00503821 -0.00493832 -0.00482833 -0.00474646 -0.00466049 -0.00458519 -0.00449859 -0.00442684 -0.0043674 -0.00430509 -0.00425317 -0.00417499 -0.00412859 -0.00410958 -0.00404638 -0.00398748 -0.00395445 -0.00392525 -0.00388483 -0.00384138 -0.00381983 -0.00378773 -0.00375121 -0.00374114 -0.00371731 -0.00368446 -0.0036732 -0.00365309 -0.00362797 -0.00362081 -0.00360722 -0.00359083 -0.00358784 -0.00357834 -0.00356814 -0.00356699 -0.0035588 
0 5.17092e-05 8.74306e-05 0.000138328 0.000182355 0.00021645 0.000266857 0.000314292 0.000358717 0.000414463 0.000464668 0.000504441 0.000552459 0.000600752 0.000646561 0.000709788 0.000763095 0.00081309 0.000876503 0.000918888 0.000981087 0.00105893 0.00111263 0.00117055 0.00122538 0.00130704 0.00139063 0.00144856 0.0015325 0.00160727 0.00169912 0.00179112 0.00186679 0.00197644 0.00206539 0.00217964 0.00229102 0.00239619 0.0025414 0.00265848 0.00280763 0.00295406 0.00311827 0.00329472 0.00345956 0.00368613 0.00388512 0.00412119 0.00437899 0.00466902 0.00498875 0.00531854 0.00575291 0.0062026 0.00673887 0.00735243 0.00810816 0.00899012 0.0100021 0.0112539 0.0127118 0.0144458 0.0163989 0.0186858 0.0212407 0.0240467 0.0270283 0.0301251 0.0332578 0.0362207 0.0389063 0.0410821 0.042661 0.0433885 0.0431898 0.0418831 0.0394592 0.0358432 0.0310961 0.0252731 0.0184878 0.0108866 0.00263207 -0.00600686 -0.0148104 -0.0234594 -0.0317493 -0.039327 -0.0459531 -0.0512415 -0.0550026 -0.0569552 -0.0570466 -0.0551224 -0.0512594 -0.0454583 -0.0379814 -0.0290241 -0.0190137 -0.00826175 0.00274166 0.0136572 0.0239905 0.0334194 0.041499 0.048007 0.0526504 0.0553969 0.0561417 0.0550118 0.0520303 0.0474468 0.0414182 0.0343119 0.0263538 0.017897 0.00913192 0.000373281 -0.00817587 -0.0162314 -0.0236271 -0.0301813 -0.03577 -0.040295 -0.0436747 -0.0459291 -0.0470349 -0.0471218 -0.0462402 -0.0446247 -0.0423517 -0.0396522 -0.0366236 -0.0335082 -0.0303972 -0.0273962 -0.0245721 -0.0219883 -0.0197246 -0.0176976 -0.0159583 -0.0144403 -0.013205 -0.0121264 -0.0112125 -0.0104477 -0.00980321 -0.00926148 -0.00875063 -0.00835642 -0.00798239 -0.00766177 -0.00735875 -0.0070994 -0.00687497 -0.00663239 -0.00645138 -0.00625705 -0.00609451 -0.00593148 -0.00578274 -0.00566126 -0.00551424 -0.0054111 -0.00529135 -0.00518972 -0.00509609 -0.00498732 -0.00491675 -0.00482798 -0.00475612 -0.00467968 -0.00460111 -0.0045592 -0.00449703 -0.00443762 -0.00437278 -0.00432322 -0.0042989 -0.00423903 -0.00419281 -0.0041575 -0.00411109 -0.00409009 -0.00406368 -0.00402833 -0.00400323 -0.00397285 -0.00394289 -0.00392749 -0.00391226 -0.00388855 -0.0038779 -0.00386352 -0.00384108 -0.00384021 -0.00382993 -0.00381623 -0.00382129 -0.00380845 
0 3.61986e-05 9.98548e-05 0.000140403 0.000182556 0.00025475 0.000293256 0.000332324 0.000397342 0.000426771 0.000475536 0.000547179 0.000594 0.000656373 0.000707303 0.000756654 0.00081309 0.000854991 0.000942738 0.000998441 0.00103493 0.001137 0.00118791 0.00124938 0.00134715 0.00139981 0.00148301 0.00155584 0.00163412 0.00173296 0.00180955 0.00191857 0.0020048 0.00211556 0.00224055 0.0023295 0.00246982 0.00259011 0.00272206 0.0028683 0.00300968 0.00318852 0.0033429 0.00354191 0.0037427 0.00395606 0.00420461 0.004448 0.0047523 0.00505643 0.00541371 0.00580876 0.0062636 0.00679846 0.00738433 0.0081154 0.00895608 0.00996781 0.0111376 0.0125476 0.0142171 0.0161247 0.0183235 0.0207947 0.0235702 0.0265133 0.0296092 0.0327423 0.0358242 0.0386521 0.0410544 0.0428967 0.0440058 0.0442545 0.0434588 0.0416019 0.0386091 0.034551 0.0294129 0.0233372 0.0164052 0.00881171 0.00069696 -0.00771213 -0.016209 -0.0245537 -0.0325115 -0.0398342 -0.0462249 -0.0514091 -0.0550939 -0.0570961 -0.0572275 -0.0554282 -0.0516234 -0.0459097 -0.0384027 -0.0294192 -0.0192667 -0.00840286 0.002789 0.0138187 0.0242984 0.0337575 0.0418674 0.04828 0.0528468 0.0554373 0.056102 0.0548747 0.0519226 0.0473983 0.0415755 0.034707 0.0270892 0.0189597 0.0105541 0.00209433 -0.00621467 -0.0141593 -0.0215891 -0.0283058 -0.0342011 -0.0391114 -0.0430195 -0.0458245 -0.0475601 -0.0481895 -0.0478618 -0.0466721 -0.0447948 -0.0423351 -0.0394695 -0.0363964 -0.0332496 -0.0301574 -0.0271567 -0.024402 -0.0218928 -0.0196819 -0.0177081 -0.0160165 -0.014582 -0.0133527 -0.0123168 -0.0114189 -0.0106942 -0.0100448 -0.0095048 -0.00902567 -0.00861354 -0.00825839 -0.00792015 -0.00764513 -0.00736804 -0.00714462 -0.0069202 -0.00671315 -0.00654203 -0.00635618 -0.00620699 -0.00604303 -0.00591695 -0.00578453 -0.00564484 -0.00555737 -0.00543584 -0.00534207 -0.00525066 -0.00515933 -0.00509142 -0.005 -0.00494019 -0.00485468 -0.00478811 -0.00475154 -0.00465805 -0.00462109 -0.00458315 -0.00450692 -0.00448293 -0.00444784 -0.00440797 -0.00436348 -0.00431842 -0.0043018 -0.00425566 -0.00423492 -0.00422978 -0.00418028 -0.00416809 -0.00415845 -0.00412457 -0.00412399 -0.0041112 -0.00408729 -0.00408112 -0.00407079 -0.00406298 -0.00406375 
