0 0 0 0 0 0 0 0 0 0 0 0 0 0 0 0 0 0 0 0 0 0 0 0 0 0 0 0 0 0 0 0 0 0 0 0 0 0 0 0 0 0 0 0 0 0 0 0 0 0 0 0 0 0 0 0 0 0 0 0 0 0 0 0 0 0 0 0 0 0 0 0 0 0 0 0 0 0 0 0 0 0 0 0 0 0 0 0 0 0 0 0 0 0 0 0 0 0 0 0 0 0 0 0 0 0 0 0 0 0 0 0 0 0 0 0 0 0 0 0 0 0 0 0 0 0 0 0 0 0 0 0 0 0 0 0 0 0 0 0 0 0 0 0 0 0 0 0 0 0 0 0 0 0 0 0 0 0 0 0 0 0 0 0 0 0 0 0 0 0 0 0 0 0 0 0 0 0 0 0 0 0 0 0 0 0 0 0 0 0 0 0 0 0 0 0 0 0 0 0 
0 2.49734e-05 8.08598e-06 2.63156e-05 5.11849e-05 3.80558e-05 5.53146e-05 7.82794e-05 7.19579e-05 8.64441e-05 9.50602e-05 0.000111873 0.000151153 0.000125067 0.000118235 0.000177886 0.000172829 0.000175611 0.000219522 0.000214668 0.000236334 0.000264185 0.000262754 0.000291602 0.000307896 0.000338116 0.000372044 0.000381059 0.000439459 0.000471234 0.000488561 0.00055561 0.000599708 0.00065747 0.000728024 0.000819295 0.000945474 0.0010541 0.00122287 0.0014331 0.00165642 0.00192967 0.00224009 0.00262013 0.00301034 0.00341086 0.00384098 0.004243 0.00459087 0.00481647 0.00492454 0.00487665 0.00461223 0.0041173 0.00338244 0.0024623 0.00136144 0.000119446 -0.00120465 -0.00252552 -0.00374752 -0.00482828 -0.00571649 -0.00638899 -0.00680292 -0.00694905 -0.00684738 -0.00654078 -0.00608896 -0.00552877 -0.00490335 -0.00423883 -0.00357614 -0.0029487 -0.00238529 -0.00190385 -0.00150173 -0.00117751 -0.000912779 -0.000704397 -0.000536562 -0.000409467 -0.000312108 -0.000243285 -0.000195225 -0.000163473 -0.000144486 -0.00013168 -0.000126578 -0.000121287 -0.000121666 -0.000118582 -0.000120851 -0.000118124 -0.000121012 -0.000118183 -0.000121277 -0.000118302 -0.000121454 -0.000118373 -0.000121514 -0.000118372 -0.000121451 -0.000118293 -0.000121253 -0.000118121 -0.000120856 -0.000117746 -0.000119974 -0.000116622 -0.000117453 -0.000112587 -0.000109331 -9.88873e-05 -8.47143e-05 -5.90781e-05 -2.05223e-05 3.69644e-05 0.000119347 0.000229419 0.000376459 0.00056067 0.000796105 0.00108544 0.0014484 0.00188903 0.00241815 0.00302366 0.00368592 0.00437228 0.0050445 0.00567476 0.00622373 0.00665899 0.00691968 0.0069563 0.00672707 0.00622713 0.0054835 0.00451735 0.00336974 0.00206825 0.000700424 -0.00065054 -0.00190104 -0.00300484 -0.00394399 -0.00466057 -0.00514371 -0.00537871 -0.00542844 -0.00532282 -0.00506923 -0.00471561 -0.0042921 -0.00387931 -0.00345506 -0.00303535 -0.00266178 -0.00233198 -0.00206595 -0.00180541 -0.00160031 -0.00145304 -0.00130802 -0.0011974 -0.00109372 -0.00103009 -0.000966551 -0.00088338 -0.000858846 -0.000813772 -0.000766 -0.000747762 -0.00071517 -0.000704577 -0.000672114 -0.000648499 -0.000650516 -0.000605021 -0.000599644 -0.000598849 -0.000549246 -0.000566753 -0.000577745 -0.000536398 -0.000530361 -0.000526377 -0.000526309 -0.000523934 -0.000486894 -0.000493867 -0.000515171 -0.000488337 -0.000491706 -0.00050371 -0.000469474 -0.000467318 -0.000493787 -0.00047673 
0 8.08598e-06 4.20012e-05 6.17288e-05 6.89477e-05 9.77731e-05 0.000124571 0.000129976 0.000152095 0.000192658 0.000204006 0.0002057 0.000236802 0.000273846 0.000306949 0.00032952 0.00033946 0.000372912 0.000411861 0.000433002 0.000462133 0.000506728 0.000557173 0.000587116 0.000629393 0.000697439 0.000725563 0.000776872 0.000862561 0.000916754 0.000997683 0.00109725 0.00121433 0.00134144 0.00146941 0.00167902 0.00189342 0.00213358 0.00246949 0.0028588 0.0033385 0.00386455 0.00450764 0.00526033 0.00602797 0.00685901 0.00767909 0.00848597 0.00914781 0.00958247 0.00979205 0.00964466 0.00912422 0.00810593 0.00665974 0.00482202 0.00262761 0.000186382 -0.00244817 -0.00502649 -0.00746607 -0.00958661 -0.0113546 -0.0126813 -0.0134929 -0.0138044 -0.0135935 -0.0130229 -0.012111 -0.0110286 -0.00977318 -0.00847271 -0.00715559 -0.00591351 -0.00480169 -0.00383033 -0.00304374 -0.00237281 -0.00186483 -0.00142138 -0.00110887 -0.000828771 -0.000654512 -0.000494393 -0.000413426 -0.000333019 -0.000304271 -0.000268367 -0.000261679 -0.000247215 -0.000246358 -0.000241799 -0.000240445 -0.000240958 -0.000237573 -0.00024112 -0.000235897 -0.000241363 -0.00023496 -0.000241498 -0.000234653 -0.000241496 -0.000234952 -0.000241343 -0.000235842 -0.000240979 -0.000237223 -0.000240122 -0.000238523 -0.000237545 -0.000237297 -0.000228669 -0.000225226 -0.000199605 -0.000179869 -0.000117225 -5.45125e-05 7.82887e-05 0.000223236 0.000466443 0.000737429 0.00113259 0.00158159 0.00218751 0.00289602 0.00379628 0.00484031 0.00605185 0.00736754 0.00872386 0.0100729 0.0113055 0.0124149 0.0132447 0.0137748 0.0138167 0.0133745 0.0123761 0.010899 0.00898984 0.00669275 0.0041416 0.00141291 -0.00123753 -0.00373795 -0.00592678 -0.00778442 -0.00922296 -0.0101664 -0.0106786 -0.0107663 -0.0105772 -0.0100828 -0.00938656 -0.00858669 -0.00774146 -0.0069303 -0.00609607 -0.00536037 -0.00471894 -0.00415217 -0.00366625 -0.00323037 -0.00291956 -0.00263651 -0.00238212 -0.00220406 -0.00204723 -0.00192522 -0.0017985 -0.00171103 -0.00165274 -0.00155363 -0.00149524 -0.00145155 -0.00138396 -0.00133745 -0.00130204 -0.00127295 -0.00123203 -0.00119975 -0.00119425 -0.00116109 -0.00112186 -0.00110322 -0.00108212 -0.0010756 -0.00106397 -0.00102755 -0.00102027 -0.00103736 -0.00101371 -0.000980561 -0.000988528 -0.000980053 -0.000956587 -0.000980033 -0.000983561 -0.00095038 -0.000961155 
0 2.63156e-05 6.17288e-05 8.71639e-05 0.000110834 0.000146525 0.000176619 0.00020179 0.000235773 0.000269546 0.000301246 0.000336572 0.000370135 0.00040461 0.000442251 0.0004797 0.000522272 0.000567568 0.000613686 0.000662522 0.000708409 0.000764366 0.000825983 0.000877034 0.000948068 0.00103011 0.00109862 0.00118964 0.00129484 0.00139742 0.00151767 0.00165889 0.00182965 0.00201555 0.00223718 0.00253055 0.0028632 0.00326042 0.0037582 0.00435905 0.00506949 0.00588267 0.00684309 0.00792968 0.00908599 0.0102968 0.0115083 0.0126561 0.0136012 0.014238 0.0144934 0.0142507 0.013419 0.0119103 0.00975707 0.00701905 0.00377412 0.00014735 -0.00370199 -0.00751848 -0.0110992 -0.0142521 -0.0168607 -0.0188155 -0.0200286 -0.020487 -0.020224 -0.0193799 -0.0180719 -0.0164526 -0.0146153 -0.0126774 -0.010737 -0.00889425 -0.00723472 -0.00579177 -0.00459234 -0.00359928 -0.00280731 -0.00216212 -0.00166321 -0.00126659 -0.000976909 -0.000758622 -0.000612401 -0.00051002 -0.00044775 -0.000408028 -0.000385234 -0.000373306 -0.000365067 -0.000363597 -0.000359322 -0.000361475 -0.000357726 -0.000361211 -0.000357211 -0.000361275 -0.000357006 -0.000361334 -0.000356946 -0.00036133 -0.000356992 -0.000361236 -0.00035711 -0.000360956 -0.000357104 -0.00036001 -0.000356001 -0.000356348 -0.000349842 -0.00034256 -0.000325575 -0.000296866 -0.000248941 -0.000168806 -5.03114e-05 0.000130752 0.000376702 0.000719809 0.001157 0.00172862 0.00243395 0.00332669 0.00441463 0.00574804 0.00731367 0.00910384 0.0110451 0.0130543 0.0150308 0.0168661 0.0184677 0.0196931 0.0204189 0.0204786 0.0197981 0.0183369 0.0161549 0.0133277 0.00995378 0.0061867 0.00221196 -0.00170815 -0.00538367 -0.00864424 -0.0113923 -0.0135257 -0.0149733 -0.0157669 -0.0159713 -0.0157036 -0.0150234 -0.0140377 -0.0128797 -0.0116487 -0.0104213 -0.00921632 -0.00811133 -0.00713991 -0.00628584 -0.00554869 -0.0049195 -0.00441713 -0.00399544 -0.00362947 -0.00334326 -0.00310539 -0.00290212 -0.00272441 -0.00257798 -0.00246276 -0.00234349 -0.0022464 -0.00217396 -0.00209224 -0.00202331 -0.00196721 -0.00191004 -0.001858 -0.00180864 -0.00176867 -0.00173221 -0.00169432 -0.00166707 -0.00163811 -0.00160816 -0.00158962 -0.00156389 -0.00153855 -0.00152916 -0.00150962 -0.0014887 -0.00148898 -0.00147799 -0.00145793 -0.0014585 -0.00144925 -0.00143157 -0.00144371 
0 5.11849e-05 6.89477e-05 0.000110834 0.000164935 0.00019014 0.000225937 0.000282114 0.000320976 0.000348755 0.000395078 0.000458192 0.000509097 0.000537905 0.000577564 0.000646 0.000708105 0.000756055 0.000818065 0.000884888 0.000956266 0.00102899 0.00109221 0.00118544 0.00127894 0.00136073 0.00148725 0.00160275 0.00172484 0.00188805 0.00204231 0.00224243 0.00246339 0.0027181 0.00305455 0.0034138 0.00388276 0.00444451 0.00510222 0.00592672 0.00685808 0.00798275 0.00925084 0.0106527 0.0121967 0.0137524 0.0153333 0.0167558 0.0179351 0.0187319 0.018968 0.0185934 0.017398 0.0154085 0.0125584 0.00894935 0.00470818 -4.67989e-05 -0.00500233 -0.00998462 -0.0146157 -0.0187525 -0.0221474 -0.0246907 -0.0262967 -0.0268992 -0.0266349 -0.0255425 -0.0238998 -0.0217662 -0.0193969 -0.0168505 -0.0143255 -0.0119129 -0.00971764 -0.00782137 -0.00619372 -0.00488978 -0.0037885 -0.00295477 -0.00224509 -0.00174588 -0.00131923 -0.00105358 -0.00082444 -0.00070677 -0.000598838 -0.000558328 -0.000513314 -0.000503609 -0.000487147 -0.000485326 -0.000481386 -0.000479041 -0.000481183 -0.000476404 -0.000481964 -0.000475064 -0.000482577 -0.000474453 -0.000482789 -0.000474445 -0.000482553 -0.000474997 -0.000481791 -0.000475974 -0.000480153 -0.000476662 -0.000476086 -0.000473957 -0.000463669 -0.000456975 -0.000424262 -0.000394927 -0.000310818 -0.000219079 -3.08498e-05 0.000188626 0.000554348 0.000983919 0.00161021 0.00234488 0.00333344 0.00450281 0.00599329 0.00774545 0.00983316 0.0121737 0.0147117 0.0173428 0.0199036 0.0223181 0.024354 0.0259462 0.0268049 0.026872 0.0259388 0.0240467 0.0211963 0.0174949 0.0131192 0.00820512 0.00309838 -0.00202272 -0.00679507 -0.011089 -0.0146903 -0.0174915 -0.0194678 -0.0205636 -0.0209478 -0.0206326 -0.019823 -0.0186127 -0.0171404 -0.0155765 -0.0139438 -0.0124102 -0.0109531 -0.00964695 -0.00851405 -0.00750845 -0.00669409 -0.00597575 -0.00539523 -0.00492597 -0.00450714 -0.00418869 -0.00389884 -0.0036677 -0.00347445 -0.00328258 -0.00315385 -0.00301986 -0.00289476 -0.00281032 -0.00271188 -0.0026277 -0.00255307 -0.00248263 -0.00242921 -0.0023589 -0.00230256 -0.00227574 -0.00223502 -0.00218744 -0.00214474 -0.00211225 -0.00210176 -0.00207133 -0.00201719 -0.00201055 -0.0020176 -0.00197624 -0.00196182 -0.00197296 -0.00193247 -0.00191815 -0.00194558 -0.00192008 
0 3.80558e-05 9.77731e-05 0.000146525 0.00019014 0.00024798 0.000295008 0.000341781 0.000399099 0.000450266 0.000513938 0.00056015 0.000593111 0.000691515 0.000772339 0.000799049 0.000882133 0.000959788 0.00101337 0.00111439 0.00119558 0.0012787 0.00139392 0.00149764 0.00161511 0.00172603 0.0018637 0.00202862 0.00216547 0.00236736 0.00260077 0.00283086 0.0031315 0.00347735 0.00389756 0.004378 0.00495677 0.00569845 0.00654 0.00755463 0.00876196 0.0101601 0.0117478 0.0134634 0.0153386 0.0172529 0.0191039 0.0207751 0.022109 0.0229851 0.0231698 0.0225562 0.0210127 0.0184901 0.0149892 0.0105461 0.00535839 -0.000395698 -0.00639735 -0.0123814 -0.0180157 -0.0230166 -0.0271575 -0.0302404 -0.0322077 -0.0329987 -0.0327277 -0.0314914 -0.0295134 -0.02697 -0.0240722 -0.0210006 -0.0179118 -0.0149738 -0.0122707 -0.0099133 -0.00788681 -0.00622641 -0.00485444 -0.00377228 -0.00289993 -0.0022364 -0.00172178 -0.00135103 -0.00108191 -0.000900178 -0.000780735 -0.000702922 -0.000660216 -0.000628993 -0.00061916 -0.000604617 -0.000606942 -0.000596966 -0.000603502 -0.000594305 -0.000602414 -0.000593173 -0.000601989 -0.0005927 -0.000601861 -0.000592686 -0.000601946 -0.00059306 -0.000602127 -0.000593606 -0.00060186 -0.000593242 -0.000598803 -0.000587482 -0.000584431 -0.000561266 -0.000533181 -0.000473824 -0.000383516 -0.000237881 -1.92623e-05 0.000291796 0.000730171 0.00130633 0.00207238 0.00303296 0.00426223 0.0057646 0.00762438 0.00982286 0.0124005 0.0152684 0.018374 0.0215592 0.0246921 0.0275888 0.0300561 0.0319016 0.0328934 0.0328912 0.0317325 0.0294203 0.0259452 0.0214605 0.0161312 0.0102268 0.00405 -0.00211367 -0.00792969 -0.0131724 -0.0175769 -0.0210536 -0.0235249 -0.0250128 -0.0255831 -0.0253199 -0.0244372 -0.0230599 -0.0213751 -0.0194858 -0.0175402 -0.0156748 -0.0138983 -0.0122865 -0.0108358 -0.00960171 -0.00854987 -0.00762179 -0.00687599 -0.00625108 -0.00573565 -0.0052939 -0.00492474 -0.00465311 -0.00437775 -0.00415137 -0.00398072 -0.00380161 -0.00365207 -0.00351189 -0.0034029 -0.00330146 -0.00318611 -0.0031254 -0.00304617 -0.00296088 -0.00292637 -0.00284429 -0.00276651 -0.00274803 -0.00270449 -0.00264951 -0.00260952 -0.00258386 -0.00257164 -0.00253315 -0.00249577 -0.00248231 -0.00245564 -0.00243841 -0.00244372 -0.00243639 -0.0024185 -0.00240779 
0 5.53146e-05 0.000124571 0.000176619 0.000225937 0.000295008 0.000355726 0.000413401 0.000480008 0.000540866 0.000615091 0.000686914 0.000740772 0.000825895 0.000906027 0.000962081 0.00106644 0.00116408 0.00123425 0.00135043 0.00145431 0.00154686 0.0016798 0.001804 0.0019397 0.00209493 0.00226199 0.00246283 0.00265162 0.00288633 0.00317817 0.00345948 0.00382318 0.00426783 0.00477433 0.00539019 0.00611847 0.00703366 0.00809289 0.00931741 0.0107999 0.0124733 0.0143472 0.0163703 0.0185228 0.0207346 0.0227968 0.0246366 0.0260657 0.0269258 0.0270021 0.0260973 0.0241778 0.0211251 0.0169843 0.0117782 0.00571538 -0.000920817 -0.00786073 -0.0147269 -0.0212521 -0.0270309 -0.0318361 -0.0354282 -0.0377287 -0.0387358 -0.0384857 -0.037167 -0.0349092 -0.0320159 -0.0286489 -0.0250978 -0.0214998 -0.0180612 -0.0148859 -0.0120646 -0.00965141 -0.00761537 -0.00597395 -0.00462472 -0.00358926 -0.00274937 -0.00214476 -0.00166242 -0.00134858 -0.00110116 -0.000963538 -0.000851599 -0.000803599 -0.000758004 -0.000746468 -0.000728938 -0.000728347 -0.000721861 -0.000722753 -0.000720874 -0.000720781 -0.000721121 -0.00071996 -0.000721367 -0.000719709 -0.000721343 -0.000719888 -0.000720933 -0.000720316 -0.000719763 -0.000720191 -0.000716166 -0.000716145 -0.000703751 -0.000696403 -0.00066223 -0.000627319 -0.000539464 -0.000431764 -0.00022902 2.97822e-05 0.000440162 0.000957999 0.00169303 0.00260283 0.00380733 0.0052789 0.00713416 0.00935451 0.012005 0.0150385 0.0184101 0.022023 0.0257124 0.0293452 0.0326565 0.0354817 0.0375054 0.0385788 0.0384591 0.0370802 0.03436 0.030333 0.0251449 0.0189852 0.0122196 0.00510752 -0.00195746 -0.00870991 -0.0147963 -0.0199659 -0.0240903 -0.027079 -0.0289986 -0.0298199 -0.0297112 -0.0288326 -0.027385 -0.0255487 -0.0234104 -0.0212046 -0.0190212 -0.0169528 -0.0150315 -0.0132821 -0.0118016 -0.0105 -0.00938109 -0.00844936 -0.00767097 -0.0070401 -0.00647116 -0.00601762 -0.00565773 -0.00531028 -0.00503547 -0.00480175 -0.00459485 -0.00441662 -0.0042444 -0.00412005 -0.0039887 -0.00385436 -0.00377178 -0.00366334 -0.00356164 -0.00350706 -0.00342641 -0.00335409 -0.00330821 -0.00324931 -0.00319989 -0.00315239 -0.00310699 -0.00307908 -0.0030375 -0.00300363 -0.00299717 -0.00297375 -0.00294315 -0.00293089 -0.00291286 -0.00289536 -0.00290213 
0 7.82794e-05 0.000129976 0.00020179 0.000282114 0.000341781 0.000413401 0.000491322 0.000564652 0.000641986 0.000703309 0.000794893 0.000910517 0.000960633 0.00103428 0.00116688 0.00125012 0.00134951 0.00147213 0.00156838 0.00171169 0.00184029 0.00196249 0.00214044 0.00228699 0.00247032 0.00268791 0.00288531 0.00315452 0.00343309 0.00375324 0.00414847 0.00456733 0.00511832 0.0057439 0.00647726 0.00740208 0.00846273 0.00974845 0.0112238 0.0129409 0.0149174 0.0170418 0.0193669 0.0217705 0.0241797 0.0264275 0.0283232 0.0297803 0.0305163 0.030383 0.0291637 0.0267912 0.0232386 0.0184471 0.0125686 0.00573781 -0.00167104 -0.0093826 -0.0170341 -0.0242691 -0.0307479 -0.0360987 -0.0401689 -0.0427857 -0.0440122 -0.0438501 -0.0424738 -0.0400532 -0.0368428 -0.0331261 -0.0291248 -0.0251067 -0.0211924 -0.0175868 -0.0143202 -0.011514 -0.00911966 -0.00717023 -0.00557925 -0.00432881 -0.00334669 -0.00259685 -0.00204 -0.00162809 -0.00135018 -0.00114741 -0.00103239 -0.000941234 -0.000906993 -0.000865388 -0.000864635 -0.000841159 -0.000852098 -0.000834144 -0.000848598 -0.000832121 -0.00084753 -0.000831481 -0.000847169 -0.000831307 -0.000847129 -0.000831361 -0.000847225 -0.00083138 -0.000846863 -0.000830224 -0.000843555 -0.000823211 -0.000828312 -0.000794601 -0.000774198 -0.000701468 -0.000615712 -0.000450153 -0.000225798 0.0001216 0.000592613 0.00124296 0.00209923 0.00320664 0.00462499 0.00638617 0.00857347 0.0111781 0.0142611 0.0177307 0.0215814 0.0256328 0.029798 0.0338223 0.0375155 0.0405761 0.0427508 0.0438146 0.0435689 0.0419482 0.0388392 0.0343389 0.0285138 0.0216894 0.0141527 0.00628379 -0.0015782 -0.00911933 -0.0159433 -0.0218354 -0.0265515 -0.0301034 -0.0324364 -0.0335988 -0.0337171 -0.0329316 -0.0315221 -0.029576 -0.0273203 -0.0248965 -0.0224575 -0.0201352 -0.0179077 -0.0159192 -0.014142 -0.0125962 -0.0112775 -0.01012 -0.00919624 -0.00839037 -0.00771492 -0.00717253 -0.00668256 -0.00630627 -0.00595699 -0.0056594 -0.00543075 -0.00518587 -0.00500774 -0.00483785 -0.00466358 -0.00454855 -0.0044079 -0.00429622 -0.00420553 -0.00408074 -0.00402234 -0.00396195 -0.00385428 -0.0037958 -0.00375006 -0.00369924 -0.00364945 -0.00358219 -0.00356037 -0.00354727 -0.0034866 -0.0034666 -0.00346715 -0.00341807 -0.00340076 -0.00341899 -0.00339033 
0 7.19579e-05 0.000152095 0.000235773 0.000320976 0.000399099 0.000480008 0.000564652 0.000641768 0.00073946 0.000836134 0.000907799 0.00100663 0.00111724 0.00122678 0.00134737 0.00143302 0.00154688 0.00170363 0.00181451 0.00195514 0.00213104 0.00228247 0.00246733 0.0026619 0.00287087 0.00310797 0.0033534 0.00366875 0.00400449 0.00438027 0.0048625 0.00539152 0.00602991 0.00679042 0.00768829 0.00878005 0.0100344 0.0115371 0.013276 0.0152442 0.0174694 0.0198658 0.0224317 0.0250394 0.0275778 0.0299069 0.0318113 0.0331617 0.0337004 0.0332649 0.0316798 0.0288467 0.0247597 0.0193858 0.012885 0.00542953 -0.00263276 -0.010979 -0.0192609 -0.0270851 -0.0341092 -0.0399472 -0.0444179 -0.0473624 -0.0488056 -0.0487764 -0.0474035 -0.0448856 -0.0414601 -0.0374516 -0.0330989 -0.0286916 -0.0243751 -0.020347 -0.0166762 -0.0134677 -0.0107245 -0.00845302 -0.00660961 -0.00513753 -0.0039931 -0.00310203 -0.00244523 -0.00194735 -0.00161032 -0.00136004 -0.0012128 -0.00109993 -0.0010492 -0.00100099 -0.000991033 -0.00096852 -0.000972623 -0.000959052 -0.000966981 -0.000956418 -0.000965069 -0.000955647 -0.000964383 -0.000955443 -0.000964317 -0.000955453 -0.000964583 -0.000955259 -0.000964319 -0.000953153 -0.000960018 -0.000942557 -0.000939516 -0.00090255 -0.00086809 -0.000779132 -0.000665597 -0.000460601 -0.000184075 0.000238192 0.000798634 0.00157469 0.00257709 0.00388531 0.00553535 0.00759801 0.0101182 0.0131167 0.0166025 0.0205032 0.024768 0.0292313 0.0337747 0.0381349 0.0420954 0.0453201 0.047559 0.0485582 0.0481593 0.0462692 0.0428176 0.0378792 0.031558 0.0241794 0.0160437 0.00755444 -0.000954945 -0.00912573 -0.0165911 -0.0230987 -0.0284119 -0.032498 -0.0352871 -0.0368455 -0.03727 -0.0367098 -0.0353971 -0.0334675 -0.0311613 -0.0286112 -0.025984 -0.0234133 -0.0209496 -0.018705 -0.016653 -0.0148517 -0.0132999 -0.0119467 -0.0108164 -0.00984231 -0.00904902 -0.00838097 -0.00779083 -0.00733373 -0.00692543 -0.00656964 -0.00627186 -0.00600099 -0.00578082 -0.00555818 -0.00537795 -0.00523679 -0.00506233 -0.00494249 -0.0048469 -0.00471536 -0.00461163 -0.00452018 -0.00444237 -0.00437711 -0.00429112 -0.00422946 -0.00418792 -0.00414084 -0.00409833 -0.00404473 -0.00400539 -0.0039788 -0.00394387 -0.00394149 -0.00393464 -0.0038987 -0.0038937 
0 8.64441e-05 0.000192658 0.000269546 0.000348755 0.000450266 0.000540866 0.000641986 0.00073946 0.000827422 0.000947247 0.00105253 0.00114208 0.00126989 0.00138645 0.00149878 0.00164207 0.00177722 0.00192999 0.00208455 0.00222489 0.00242224 0.00260942 0.00278538 0.00304176 0.00328813 0.00354449 0.00387581 0.00422189 0.00462178 0.00507715 0.00561915 0.00628202 0.00700993 0.00791978 0.00901853 0.0102704 0.0117678 0.0134931 0.0154951 0.0177245 0.0201515 0.0228114 0.0255441 0.0282869 0.0308811 0.03318 0.0350269 0.036145 0.0364144 0.0356025 0.0336038 0.0303119 0.0256733 0.0197939 0.0127366 0.00479568 -0.00379217 -0.0126389 -0.0213907 -0.0296836 -0.0370989 -0.0433629 -0.048161 -0.0514385 -0.0530992 -0.0532377 -0.0519326 -0.0493785 -0.0458476 -0.0416065 -0.0370057 -0.0322416 -0.0275955 -0.0231569 -0.0191213 -0.0155103 -0.0124243 -0.00982512 -0.00771187 -0.00601808 -0.00468343 -0.00366137 -0.00287264 -0.00230687 -0.00187731 -0.00160208 -0.00139018 -0.00128051 -0.00118364 -0.00115432 -0.00110874 -0.00111182 -0.00108552 -0.00109927 -0.00107932 -0.00109581 -0.00107788 -0.00109481 -0.00107757 -0.00109454 -0.00107746 -0.0010945 -0.00107712 -0.00109402 -0.00107531 -0.00109054 -0.00106722 -0.00107484 -0.00103678 -0.00101947 -0.000940258 -0.000857479 -0.000681709 -0.000457769 -9.22718e-05 0.000387882 0.00107454 0.00196559 0.00314845 0.0046559 0.00656387 0.0089322 0.0117902 0.0151816 0.0190404 0.0233584 0.0279707 0.0328122 0.0376294 0.0422616 0.046362 0.0496761 0.0518831 0.0527685 0.0521836 0.0500039 0.0462517 0.0409177 0.0342429 0.0264285 0.0178762 0.00891045 -8.22962e-05 -0.00872313 -0.0167176 -0.0237274 -0.0296243 -0.0342126 -0.0375024 -0.0395069 -0.0403187 -0.0401079 -0.0389725 -0.0371886 -0.0349021 -0.0323182 -0.0295735 -0.026781 -0.0241353 -0.0216259 -0.0193311 -0.0172731 -0.0154688 -0.0139387 -0.012572 -0.0114363 -0.0104974 -0.00967472 -0.00899338 -0.00840448 -0.00793095 -0.00751375 -0.00712788 -0.00685017 -0.00657739 -0.00631756 -0.00613084 -0.0059357 -0.00575661 -0.00560301 -0.00545673 -0.00534573 -0.00522189 -0.00511129 -0.00504085 -0.00494333 -0.00486123 -0.00480323 -0.00472207 -0.00467137 -0.0046207 -0.00455416 -0.00455027 -0.00452325 -0.00445078 -0.00444922 -0.00443277 -0.00437744 -0.0044064 
0 9.50602e-05 0.000204006 0.000301246 0.000395078 0.000513938 0.000615091 0.000703309 0.000836134 0.000947247 0.00102881 0.00117516 0.00131838 0.00141729 0.00155012 0.0016947 0.00184452 0.00200702 0.00215312 0.0023319 0.00252975 0.00272137 0.00294234 0.00316878 0.00343108 0.00372539 0.00402246 0.00439462 0.00481208 0.00526976 0.00582554 0.0064728 0.00724108 0.00812625 0.00918879 0.0104714 0.0119297 0.013639 0.0156181 0.0178571 0.0203236 0.0229747 0.0258169 0.0286966 0.0314881 0.0340611 0.0362578 0.037901 0.0387259 0.0386004 0.0373615 0.0348965 0.0311102 0.0259724 0.0196086 0.0121344 0.00380246 -0.00514502 -0.0143419 -0.023417 -0.0320013 -0.0397127 -0.0462694 -0.0513813 -0.0549415 -0.056855 -0.0571846 -0.0560092 -0.0535152 -0.0499542 -0.0456079 -0.0408088 -0.0357956 -0.0308364 -0.0260637 -0.0216619 -0.0176894 -0.0142485 -0.0113263 -0.00892999 -0.00699423 -0.00546647 -0.00428068 -0.00337051 -0.00269751 -0.00219603 -0.00185322 -0.00160393 -0.00145465 -0.00134301 -0.00129175 -0.00124382 -0.00123429 -0.00121107 -0.00121644 -0.00120135 -0.00121125 -0.00119856 -0.00120971 -0.00119776 -0.00120928 -0.00119758 -0.00120922 -0.00119738 -0.00120855 -0.00119537 -0.00120371 -0.00118488 -0.0011824 -0.00114477 -0.00110961 -0.00102044 -0.000904226 -0.000698378 -0.000415173 1.21247e-05 0.000588699 0.00138288 0.00242321 0.0037807 0.00551316 0.00768565 0.0103657 0.0135709 0.0173278 0.0215628 0.0262354 0.0311867 0.036311 0.0413661 0.0461452 0.0503194 0.0536102 0.0557242 0.0564463 0.055636 0.0531879 0.0491292 0.0435044 0.0365415 0.028461 0.0196164 0.0103397 0.00101966 -0.00796962 -0.0163363 -0.0237925 -0.0301712 -0.0352703 -0.0390553 -0.0415416 -0.0428214 -0.043006 -0.0421938 -0.0406247 -0.0384777 -0.0359498 -0.0331592 -0.0302619 -0.0274384 -0.0247288 -0.022203 -0.0198874 -0.0178459 -0.0160687 -0.0144915 -0.0131593 -0.0120313 -0.0110766 -0.010262 -0.00956753 -0.00900896 -0.00850578 -0.00807429 -0.0077228 -0.00739684 -0.00712052 -0.00686775 -0.00664797 -0.00646641 -0.00627684 -0.00611791 -0.00597764 -0.00584868 -0.00574789 -0.00561487 -0.0055054 -0.00545375 -0.00536417 -0.00527102 -0.00521943 -0.0051659 -0.00511362 -0.00506271 -0.00502227 -0.00499912 -0.00495801 -0.00493259 -0.00493392 -0.00490683 
0 0.000111873 0.0002057 0.000336572 0.000458192 0.00056015 0.000686914 0.000794893 0.000907799 0.00105253 0.00117516 0.00130141 0.00143814 0.00157635 0.00174939 0.00190193 0.00204522 0.00222903 0.00240338 0.00260523 0.00282866 0.00303097 0.00329246 0.00357084 0.00384399 0.00418362 0.00454518 0.00495868 0.00544541 0.00598552 0.00664598 0.00740565 0.00829311 0.00936046 0.0105957 0.0120648 0.0137568 0.0156944 0.0179237 0.0203825 0.0230657 0.0259165 0.0288708 0.0318226 0.0345819 0.0370486 0.0390435 0.0403681 0.0408217 0.0402277 0.0385157 0.0355467 0.0312649 0.0256763 0.0188934 0.0111102 0.00249427 -0.00666644 -0.01607 -0.0253186 -0.0340543 -0.0419534 -0.048705 -0.054089 -0.057896 -0.0600793 -0.0606202 -0.0596356 -0.0572749 -0.0537719 -0.0494162 -0.0444916 -0.0393081 -0.0340756 -0.0290247 -0.0242728 -0.019973 -0.0161737 -0.0129384 -0.0102422 -0.00805834 -0.00632057 -0.0049595 -0.00391856 -0.00312518 -0.00255003 -0.00212507 -0.00184255 -0.0016383 -0.00152082 -0.0014322 -0.00139438 -0.00135699 -0.00135136 -0.00133309 -0.00133832 -0.00132623 -0.00133457 -0.00132433 -0.00133349 -0.00132382 -0.00133322 -0.00132358 -0.00133278 -0.0013222 -0.00132958 -0.00131479 -0.00131444 -0.0012852 -0.00125991 -0.00118951 -0.00109883 -0.000931016 -0.0006988 -0.000338055 0.000153102 0.000843698 0.00175482 0.00296122 0.00451099 0.00648153 0.00893838 0.0119286 0.015489 0.0195843 0.024183 0.0291579 0.0344127 0.0397414 0.044964 0.0497853 0.0539369 0.0571083 0.0590494 0.0595605 0.0584863 0.0557814 0.0514353 0.0455997 0.0384392 0.0302297 0.0212414 0.0118158 0.00233407 -0.00686826 -0.0154709 -0.0232779 -0.03005 -0.0356297 -0.0399177 -0.0429202 -0.044727 -0.0453742 -0.0449996 -0.0437524 -0.0418475 -0.0394617 -0.0367128 -0.0337993 -0.0308426 -0.0279683 -0.0252382 -0.0226914 -0.020413 -0.0183725 -0.0165881 -0.015048 -0.0137117 -0.0125995 -0.0116403 -0.0108293 -0.0101524 -0.00955854 -0.00907465 -0.00863565 -0.00825118 -0.00795012 -0.00764859 -0.00739138 -0.00718127 -0.00697409 -0.00680785 -0.00663735 -0.00647539 -0.00635582 -0.00622934 -0.00612379 -0.00602048 -0.00591103 -0.00585953 -0.00579217 -0.00570576 -0.00566632 -0.00559591 -0.00553469 -0.00553453 -0.00549187 -0.00545783 -0.00546695 -0.00542138 
0 0.000151153 0.000236802 0.000370135 0.000509097 0.000593111 0.000740772 0.000910517 0.00100663 0.00114208 0.00131838 0.00143814 0.00158139 0.00176417 0.00191134 0.00208259 0.00228449 0.00246702 0.0026783 0.00290451 0.00312209 0.00337584 0.00365608 0.00396235 0.00429518 0.00466569 0.00511412 0.0055915 0.0061309 0.00679936 0.00754842 0.00842482 0.00947416 0.0107064 0.0121563 0.0138177 0.0157536 0.0179565 0.0203923 0.0230775 0.0259401 0.0289341 0.0319488 0.0348544 0.0375267 0.0397765 0.0414652 0.0423844 0.0423664 0.0412838 0.0390292 0.0355539 0.0307883 0.0247993 0.0177019 0.00967814 0.000922287 -0.00834294 -0.0177863 -0.0270741 -0.0358405 -0.0438083 -0.0506954 -0.0562654 -0.0603215 -0.0627492 -0.0635532 -0.0627974 -0.0606483 -0.0572914 -0.0530034 -0.0480544 -0.0427465 -0.0373253 -0.0320116 -0.0269733 -0.0223432 -0.0182221 -0.0146565 -0.0116681 -0.00921506 -0.00725656 -0.00570796 -0.00451709 -0.00360379 -0.00293075 -0.00243443 -0.00209081 -0.00184988 -0.00169694 -0.00159463 -0.00153698 -0.00149874 -0.00148099 -0.00146771 -0.00146387 -0.0014589 -0.0014591 -0.00145662 -0.00145782 -0.00145601 -0.0014574 -0.00145547 -0.00145643 -0.00145299 -0.00145126 -0.0014418 -0.00142967 -0.00140078 -0.00135682 -0.00127539 -0.00115169 -0.000951699 -0.0006622 -0.000236648 0.000346916 0.00114812 0.00220101 0.00358242 0.00534295 0.00757087 0.0103146 0.0136329 0.017522 0.0219604 0.0268655 0.0321302 0.0376052 0.0430983 0.0483816 0.0531707 0.0571928 0.0601599 0.0618616 0.0620956 0.0607545 0.0577713 0.0532062 0.047199 0.0399557 0.0317178 0.0227299 0.0133208 0.00381394 -0.00543724 -0.014187 -0.0222077 -0.0293029 -0.035302 -0.0400806 -0.0436419 -0.0459851 -0.0471853 -0.0473129 -0.0465101 -0.0449507 -0.042779 -0.0401929 -0.0373198 -0.0343219 -0.031319 -0.0284097 -0.0256902 -0.0231584 -0.0208825 -0.018876 -0.0171125 -0.015584 -0.0142555 -0.013152 -0.0122022 -0.0113671 -0.0106931 -0.0101127 -0.00960299 -0.00917058 -0.0087999 -0.00848568 -0.00818204 -0.00792055 -0.00770529 -0.00747984 -0.00729985 -0.00714782 -0.00697328 -0.00685242 -0.00675025 -0.00660932 -0.00651632 -0.00644705 -0.00633082 -0.00624974 -0.00621843 -0.00615971 -0.00610235 -0.00606905 -0.00602063 -0.0059822 -0.00597067 -0.00595721 
0 0.000125067 0.000273846 0.00040461 0.000537905 0.000691515 0.000825895 0.000960633 0.00111724 0.00126989 0.00141729 0.00157635 0.00176417 0.00194639 0.0020964 0.00229119 0.00251937 0.00271629 0.00294096 0.00319493 0.00345335 0.0037463 0.00405628 0.00440045 0.00477969 0.00520181 0.00571083 0.00625599 0.00689333 0.00767861 0.00855147 0.00958151 0.0108041 0.012233 0.0138878 0.0157608 0.0179414 0.0203743 0.0230158 0.025887 0.0288973 0.0319812 0.0349747 0.0377763 0.0402617 0.0422089 0.0434886 0.0439054 0.0433589 0.0417218 0.0389028 0.0349025 0.0296871 0.0233698 0.0160383 0.00788614 -0.000905099 -0.0101258 -0.0194685 -0.0286553 -0.037335 -0.0452813 -0.0522154 -0.0579227 -0.0621875 -0.0648714 -0.0659638 -0.0654953 -0.0636281 -0.0604982 -0.0563704 -0.0514753 -0.0461261 -0.0405703 -0.0350523 -0.0297585 -0.0248321 -0.0203999 -0.0165121 -0.0132237 -0.0104888 -0.00829435 -0.00653845 -0.00518553 -0.0041333 -0.00335578 -0.00277113 -0.00236397 -0.00207151 -0.00188382 -0.00175544 -0.00168116 -0.00163205 -0.00160702 -0.00159045 -0.00158313 -0.00157813 -0.00157604 -0.00157479 -0.00157402 -0.00157386 -0.00157338 -0.00157307 -0.0015721 -0.00156956 -0.00156519 -0.00155426 -0.00153663 -0.00150013 -0.00144289 -0.00134065 -0.00118756 -0.000943569 -0.000598083 -9.40775e-05 0.000583834 0.0015113 0.002713 0.00428694 0.00626974 0.00876845 0.0118061 0.0154486 0.0196574 0.0244098 0.0295937 0.0350959 0.0407437 0.0463241 0.051597 0.0562629 0.0600781 0.0627655 0.0641663 0.0640846 0.0624528 0.059215 0.0544662 0.0483641 0.0411098 0.0329457 0.0240752 0.0148166 0.00542968 -0.00375846 -0.0125347 -0.0206785 -0.0279939 -0.0343463 -0.0395844 -0.0436907 -0.0465983 -0.048371 -0.0490744 -0.0487959 -0.0476802 -0.045835 -0.0434954 -0.0407793 -0.037822 -0.0347709 -0.0317395 -0.0288628 -0.0261218 -0.0236004 -0.0213586 -0.0193594 -0.0176108 -0.0160742 -0.0147868 -0.0136912 -0.0127179 -0.0119252 -0.0112461 -0.0106507 -0.0101473 -0.00970296 -0.00933059 -0.00899092 -0.00869612 -0.00845047 -0.00819646 -0.00799429 -0.00783493 -0.00764589 -0.00747852 -0.00735185 -0.00723614 -0.00711972 -0.00700504 -0.00692598 -0.00685622 -0.00676874 -0.00670921 -0.00666079 -0.00660076 -0.00656794 -0.00654284 -0.00650832 -0.006496 
0 0.000118235 0.000306949 0.000442251 0.000577564 0.000772339 0.000906027 0.00103428 0.00122678 0.00138645 0.00155012 0.00174939 0.00191134 0.0020964 0.00232644 0.00253194 0.0027444 0.00298034 0.0032296 0.0035122 0.00380564 0.00412023 0.00448099 0.00486785 0.00530272 0.00580257 0.00635946 0.00700708 0.00776354 0.00864397 0.00967603 0.0108695 0.0122793 0.0139237 0.0157826 0.0179133 0.0203207 0.0229643 0.0258097 0.0288087 0.0319234 0.0349965 0.037889 0.0405078 0.0426828 0.0442516 0.0450167 0.0448823 0.0437607 0.041531 0.0381647 0.03364 0.0280512 0.0214625 0.0139907 0.00580618 -0.00292833 -0.0119665 -0.0211101 -0.0300612 -0.0385805 -0.0464114 -0.053325 -0.0591129 -0.0635388 -0.0664902 -0.0678705 -0.0677531 -0.0661998 -0.0633819 -0.0594721 -0.0547166 -0.0493938 -0.0437639 -0.0381011 -0.0325808 -0.0274066 -0.0226654 -0.0184875 -0.014878 -0.0118765 -0.00941361 -0.00745707 -0.00591233 -0.00472558 -0.00382204 -0.0031514 -0.00266717 -0.00232256 -0.00209367 -0.00193593 -0.00184473 -0.00177935 -0.00175154 -0.00172443 -0.00172135 -0.00170744 -0.00171271 -0.00170263 -0.00171039 -0.00170125 -0.00170944 -0.0017001 -0.00170698 -0.0016952 -0.00169619 -0.00167455 -0.00165627 -0.00160394 -0.00153344 -0.00140331 -0.00121448 -0.00092095 -0.000505639 8.03412e-05 0.00087501 0.00193082 0.00331324 0.00508047 0.00732297 0.0100859 0.0134471 0.0173893 0.0219253 0.0269472 0.0323898 0.0380685 0.0438351 0.0494271 0.0546036 0.0590729 0.062587 0.0649435 0.0659606 0.0655415 0.0635779 0.0601157 0.0552145 0.0490831 0.0418965 0.0338802 0.0252542 0.016249 0.00713827 -0.00188113 -0.010556 -0.0187194 -0.0261668 -0.0327765 -0.0384448 -0.0430507 -0.0465538 -0.0489223 -0.0502509 -0.0505807 -0.0499809 -0.0485919 -0.0465706 -0.0441046 -0.0412789 -0.0382473 -0.0351747 -0.0321523 -0.0292573 -0.0265258 -0.0240422 -0.0218231 -0.0198336 -0.0180989 -0.0165995 -0.0153111 -0.0142101 -0.0132597 -0.0124585 -0.0117742 -0.0111781 -0.0106748 -0.0102325 -0.00984443 -0.00951572 -0.00921863 -0.00896173 -0.00872529 -0.00849462 -0.00832342 -0.00816484 -0.00798288 -0.00785223 -0.00773453 -0.00760833 -0.00753642 -0.00744783 -0.00733209 -0.00727807 -0.00722555 -0.00715405 -0.00713297 -0.00710513 -0.00705312 -0.00704486 
0 0.000177886 0.00032952 0.0004797 0.000646 0.000799049 0.000962081 0.00116688 0.00134737 0.00149878 0.0016947 0.00190193 0.00208259 0.00229119 0.00253194 0.00275903 0.00299214 0.00327092 0.00356056 0.00384282 0.00417118 0.00453851 0.00492312 0.00537023 0.00588236 0.00644552 0.00709414 0.00785539 0.00873199 0.00974117 0.0109297 0.012321 0.0139284 0.0157775 0.0178834 0.0202569 0.0228776 0.0257147 0.0287176 0.0318193 0.0349389 0.0379226 0.0406415 0.0429688 0.0447522 0.0458259 0.0460241 0.0452894 0.0435444 0.0407242 0.0368037 0.0318241 0.0259112 0.0191324 0.0116128 0.0034798 -0.00507072 -0.0138404 -0.0226571 -0.0312937 -0.0395611 -0.0472048 -0.0540406 -0.059839 -0.0644128 -0.0676031 -0.0693138 -0.0695648 -0.0683898 -0.0659326 -0.062312 -0.0577729 -0.0525401 -0.0469162 -0.0411456 -0.0354637 -0.0300529 -0.0250483 -0.0205714 -0.0166624 -0.0133708 -0.0106409 -0.00845808 -0.00671349 -0.00537472 -0.00433356 -0.00356949 -0.00299388 -0.00259789 -0.00231124 -0.00213152 -0.0020056 -0.00193646 -0.00188745 -0.00186584 -0.00184811 -0.00184342 -0.0018367 -0.00183696 -0.00183364 -0.00183505 -0.00183225 -0.00183328 -0.00182849 -0.00182617 -0.00181327 -0.00179799 -0.00176011 -0.00170605 -0.00160367 -0.00145524 -0.00121282 -0.000873459 -0.000372237 0.000299454 0.00122467 0.00242218 0.00399638 0.00597952 0.00848505 0.0115354 0.0152045 0.0194572 0.0242794 0.0295627 0.0352008 0.0410242 0.0468269 0.0523711 0.0573648 0.0615675 0.0647193 0.0666801 0.0672833 0.0664753 0.0641935 0.0605029 0.0555134 0.049396 0.0423519 0.0345584 0.0262543 0.0176172 0.00886685 0.000149329 -0.00833787 -0.0164074 -0.0239034 -0.0306942 -0.0367036 -0.0417806 -0.0458414 -0.0488395 -0.0508088 -0.0517866 -0.0517906 -0.050936 -0.0493539 -0.0472052 -0.0446109 -0.0417057 -0.0386517 -0.0355591 -0.0325346 -0.0296462 -0.0269497 -0.0244886 -0.0222797 -0.0203259 -0.0186014 -0.0171053 -0.0158303 -0.0147309 -0.0137793 -0.0129783 -0.0123047 -0.0117083 -0.0111982 -0.0107719 -0.0103765 -0.0100247 -0.00973845 -0.00947476 -0.00921698 -0.00900809 -0.00884155 -0.00865885 -0.00849571 -0.00838491 -0.00824911 -0.00810477 -0.00802389 -0.00795273 -0.0078645 -0.00780353 -0.00775033 -0.00768761 -0.00764707 -0.00762673 -0.00760351 
0 0.000172829 0.00033946 0.000522272 0.000708105 0.000882133 0.00106644 0.00125012 0.00143302 0.00164207 0.00184452 0.00204522 0.00228449 0.00251937 0.0027444 0.00299214 0.003263 0.00357313 0.00387905 0.00419095 0.00458743 0.00499861 0.00542226 0.00594153 0.00651392 0.00715425 0.00790764 0.00878519 0.00980941 0.0109734 0.0123526 0.0139654 0.0157718 0.0178472 0.0201943 0.0227831 0.0255927 0.0285749 0.0316977 0.0348337 0.0378708 0.040698 0.043153 0.0451089 0.0464009 0.046897 0.046489 0.0451032 0.0427207 0.0392985 0.0348635 0.0294977 0.0233207 0.0164429 0.0089484 0.000982413 -0.00728882 -0.0156932 -0.0240914 -0.0323458 -0.0402739 -0.047683 -0.0543673 -0.0601432 -0.0648263 -0.0682515 -0.0703097 -0.0709513 -0.070208 -0.0681454 -0.0648921 -0.0606201 -0.0555663 -0.0500009 -0.0441918 -0.0383872 -0.032779 -0.0275372 -0.0227716 -0.0185765 -0.0149786 -0.0119848 -0.00954407 -0.00760138 -0.00607662 -0.00490366 -0.00401537 -0.00335746 -0.00288338 -0.00254941 -0.0023253 -0.00217566 -0.0020847 -0.00202555 -0.00199503 -0.00197332 -0.00196602 -0.00195733 -0.00195765 -0.00195279 -0.0019551 -0.00195077 -0.00195236 -0.00194573 -0.00194204 -0.00192569 -0.00190389 -0.00185739 -0.00178557 -0.0016625 -0.00147576 -0.00119088 -0.00078157 -0.000204989 0.000580515 0.0016279 0.00299902 0.00476018 0.00699084 0.00975393 0.0131109 0.0170725 0.0216303 0.0267097 0.032221 0.0380135 0.0439177 0.0497015 0.0551099 0.0598664 0.063721 0.0664768 0.0679845 0.0681553 0.0669323 0.0643364 0.060444 0.055398 0.0493604 0.0425016 0.0350125 0.0270821 0.0188943 0.0105764 0.00224918 -0.00594461 -0.0138418 -0.0212893 -0.028195 -0.0344471 -0.0399238 -0.0445011 -0.0481067 -0.0507325 -0.0523598 -0.0530265 -0.0527852 -0.0517369 -0.0500116 -0.0477348 -0.0450743 -0.0421325 -0.039044 -0.0359508 -0.0329336 -0.0300642 -0.0273663 -0.0249246 -0.022753 -0.0207926 -0.0190871 -0.017621 -0.0163551 -0.0152586 -0.0143113 -0.013531 -0.0128342 -0.0122191 -0.0117345 -0.0112872 -0.010879 -0.0105484 -0.0102577 -0.00999943 -0.00974639 -0.00952104 -0.00935014 -0.00917365 -0.0090078 -0.00887932 -0.00875459 -0.00865005 -0.00855933 -0.00846235 -0.0083899 -0.00833267 -0.00827167 -0.00823033 -0.0082053 -0.00817613 
0 0.000175611 0.000372912 0.000567568 0.000756055 0.000959788 0.00116408 0.00134951 0.00154688 0.00177722 0.00200702 0.00222903 0.00246702 0.00271629 0.00298034 0.00327092 0.00357313 0.00387847 0.00421378 0.00460437 0.0050232 0.00546715 0.00598046 0.0065621 0.00721904 0.00796948 0.00883176 0.00985487 0.0110222 0.0123647 0.0139567 0.0157651 0.0178076 0.0201186 0.0226914 0.0254948 0.0284494 0.0315549 0.0347234 0.0377954 0.0406765 0.0432309 0.0453377 0.0468156 0.0475285 0.0474078 0.0463465 0.0443188 0.0412933 0.0373097 0.0324334 0.0267477 0.0204006 0.0134777 0.00610434 -0.0016151 -0.00952643 -0.0174934 -0.0254326 -0.0332326 -0.0407825 -0.0478853 -0.0543798 -0.0600844 -0.0648425 -0.0684902 -0.0708807 -0.0719401 -0.0716335 -0.0700168 -0.0671609 -0.0632279 -0.0584102 -0.0529754 -0.047188 -0.0413078 -0.0355518 -0.0300933 -0.0250761 -0.0205917 -0.0167085 -0.0134288 -0.0107385 -0.00856908 -0.00686243 -0.00553261 -0.00452363 -0.00376466 -0.00321484 -0.00282067 -0.00255286 -0.00237194 -0.00225851 -0.00218626 -0.0021451 -0.00211984 -0.00210717 -0.00209911 -0.0020959 -0.00209312 -0.00209232 -0.00209022 -0.0020884 -0.00208291 -0.00207425 -0.00205555 -0.00202413 -0.00196678 -0.00187452 -0.00172378 -0.00149651 -0.00115637 -0.000675578 -4.24287e-06 0.000896361 0.00209293 0.00363953 0.00562087 0.00809847 0.0111494 0.0148009 0.0190689 0.0239021 0.0292297 0.034924 0.0408342 0.0467589 0.052457 0.057664 0.0621064 0.0655687 0.0678661 0.0689026 0.0685976 0.0669626 0.064043 0.0599725 0.0548974 0.0489717 0.0423578 0.0352121 0.0277289 0.0200264 0.0122164 0.00435247 -0.00345136 -0.0110715 -0.018398 -0.0253147 -0.0317373 -0.0375144 -0.042554 -0.0467434 -0.0500085 -0.0523173 -0.0536598 -0.0541053 -0.0536679 -0.0524505 -0.0505945 -0.048241 -0.0455215 -0.0425191 -0.0394223 -0.0363435 -0.0333321 -0.030467 -0.0278024 -0.0254017 -0.0232293 -0.0212847 -0.0196096 -0.0181443 -0.0168725 -0.0157819 -0.0148466 -0.0140555 -0.0133575 -0.0127573 -0.0122603 -0.011818 -0.0114198 -0.0110702 -0.0107732 -0.0105144 -0.0102673 -0.0100487 -0.00985937 -0.00968218 -0.00954117 -0.00942389 -0.00928359 -0.00915868 -0.00908664 -0.00900539 -0.00891912 -0.00888361 -0.00883859 -0.00877556 -0.00876733 
