0 0 0 0 0 0 0 0 0 0 0 0 0 0 0 0 0 0 0 0 0 0 0 0 0 0 0 0 0 0 0 0 0 0 0 0 0 0 0 0 0 0 0 0 0 0 0 0 0 0 0 0 0 0 0 0 0 0 0 0 0 0 0 0 0 0 0 0 0 0 0 0 0 0 0 0 0 0 0 0 0 0 0 0 0 0 0 0 0 0 0 0 0 0 0 0 0 0 0 0 0 0 0 0 0 0 0 0 0 0 0 0 0 0 0 0 0 0 0 0 0 0 0 0 0 0 0 0 0 0 0 0 0 0 0 0 0 0 0 0 0 0 0 0 0 0 0 0 0 0 0 0 0 0 0 0 0 0 0 0 0 0 0 0 0 0 0 0 0 0 0 0 0 0 0 0 0 0 0 0 0 0 0 0 0 0 0 0 0 0 0 0 0 0 0 0 0 0 0 0 
0 6.0914e-06 2.46908e-06 7.09988e-06 1.58648e-05 1.58795e-05 1.60243e-05 2.40819e-05 2.68423e-05 2.43713e-05 3.66718e-05 4.19548e-05 3.04861e-05 3.67432e-05 4.66679e-05 4.52356e-05 5.66546e-05 7.0647e-05 6.4582e-05 5.30162e-05 6.13138e-05 8.16599e-05 8.37586e-05 6.82089e-05 7.95419e-05 0.000105946 9.7418e-05 0.000101346 0.000116183 0.000107994 0.000121535 0.000126717 0.000125588 0.000135808 0.000142635 0.000159176 0.000153696 0.000173595 0.000190647 0.000181349 0.000206919 0.000212569 0.000224204 0.000228617 0.000244856 0.000269724 0.000260735 0.000295368 0.000311099 0.000332529 0.000348863 0.00037621 0.000421813 0.000428814 0.000477852 0.000514641 0.000575066 0.000616255 0.000682925 0.000784202 0.000876831 0.00100959 0.00114946 0.00137141 0.00159309 0.00187213 0.00217924 0.00254843 0.0029384 0.0033116 0.00367949 0.00398309 0.00423158 0.00430417 0.00423369 0.00393727 0.00347683 0.00277696 0.00189973 0.000837489 -0.000304127 -0.00147885 -0.00261188 -0.00365236 -0.00455264 -0.00524018 -0.00570586 -0.0059068 -0.0059069 -0.00569206 -0.00535359 -0.00486641 -0.00432582 -0.00370166 -0.00309628 -0.00247085 -0.00191481 -0.00136401 -0.000885779 -0.000396929 4.51326e-05 0.000528682 0.00099725 0.00153676 0.0020836 0.00270799 0.00332504 0.00397863 0.00456622 0.00511965 0.00554018 0.00585628 0.00597146 0.00590022 0.00556171 0.00499138 0.00417694 0.00319309 0.00207524 0.000883634 -0.000321602 -0.00148302 -0.00249788 -0.00334687 -0.00396181 -0.00440284 -0.00460873 -0.00465224 -0.00448779 -0.00423814 -0.00389202 -0.0035298 -0.00312419 -0.00273027 -0.00237801 -0.00206365 -0.00180228 -0.00154352 -0.00136488 -0.00119984 -0.00108904 -0.000961824 -0.000880132 -0.000819362 -0.000757825 -0.000709242 -0.000653068 -0.000644466 -0.000596955 -0.00057253 -0.000546421 -0.000533777 -0.00051438 -0.000478492 -0.000485043 -0.000457374 -0.000443337 -0.000425551 -0.000418735 -0.000408465 -0.000379373 -0.000391105 -0.000372834 -0.000360856 -0.000361445 -0.00035342 -0.000350612 -0.000334313 -0.00034057 -0.000328959 -0.000316045 -0.00032422 -0.000300984 -0.000296636 -0.000311488 -0.000300764 -0.000283926 -0.000284803 -0.000301521 -0.00029722 -0.000275143 -0.00027052 -0.000276551 -0.000274808 -0.000268853 -0.00026983 -0.000269803 -0.000261017 -0.000261875 -0.000273362 -0.000264487 -0.000252185 -0.00026247 -0.000253099 -0.000243926 -0.000267813 -0.000260363 -0.000248017 -0.000266534 -0.000251656 
0 2.46908e-06 1.96292e-05 1.82525e-05 2.20887e-05 3.40216e-05 3.43217e-05 4.66858e-05 5.00309e-05 5.31391e-05 6.90227e-05 5.83632e-05 8.03378e-05 0.000106634 7.83644e-05 0.000103746 0.000114614 7.96257e-05 0.000126235 0.000149723 0.000134062 0.000147634 0.000148771 0.000176072 0.000183209 0.00017351 0.000190001 0.000194027 0.000224212 0.000223033 0.000227232 0.000271163 0.000260076 0.000279986 0.000304024 0.000305786 0.000323846 0.000333968 0.000366772 0.00036531 0.000389359 0.000431455 0.000433741 0.000467624 0.000498156 0.000536051 0.000552189 0.000586718 0.00064417 0.000662954 0.000706761 0.000757615 0.000824631 0.000869192 0.000933308 0.00103642 0.00112874 0.00123783 0.00136905 0.00156567 0.00177371 0.00202198 0.00234156 0.00274963 0.0032291 0.00376315 0.00440007 0.00511787 0.00588999 0.00663565 0.00734485 0.00795916 0.00840527 0.00856845 0.00838162 0.00781774 0.00685598 0.0054866 0.0037138 0.00162886 -0.000650855 -0.0029709 -0.00522453 -0.00728826 -0.00906562 -0.0104386 -0.0113495 -0.0117725 -0.0117569 -0.0113602 -0.0106633 -0.00972638 -0.00862251 -0.00741533 -0.00617903 -0.00496777 -0.00382375 -0.00275721 -0.00176381 -0.000818932 0.000103589 0.00103795 0.00201254 0.00305676 0.00418334 0.00539222 0.00665218 0.0079161 0.00911347 0.0101795 0.0110407 0.0116353 0.0118813 0.0117101 0.0110529 0.00990639 0.00830418 0.00634877 0.00413225 0.00177421 -0.000623772 -0.00290665 -0.00494159 -0.00660555 -0.00786696 -0.00871617 -0.00916745 -0.00922802 -0.00894979 -0.0084362 -0.00777757 -0.00704285 -0.00624835 -0.00547296 -0.00475852 -0.00414866 -0.00359682 -0.00311858 -0.00272642 -0.00242558 -0.00217613 -0.00194557 -0.00177815 -0.00164557 -0.00154129 -0.00141987 -0.00134017 -0.00128093 -0.00121224 -0.00114615 -0.0010911 -0.0010686 -0.00100623 -0.000967786 -0.000942486 -0.000914862 -0.00088068 -0.000846631 -0.000850498 -0.000808934 -0.000788823 -0.000781015 -0.00075625 -0.000738302 -0.000711476 -0.000715651 -0.000680052 -0.000665502 -0.00067667 -0.000639622 -0.000639934 -0.000635416 -0.000629838 -0.000621794 -0.000594272 -0.000603063 -0.000591328 -0.000588587 -0.00057172 -0.000535239 -0.000578769 -0.000574281 -0.000536072 -0.000559996 -0.000544259 -0.000530321 -0.000543059 -0.000532124 -0.000528209 -0.000516227 -0.000515633 -0.000527655 -0.000515034 -0.000522963 -0.000526395 -0.000500444 -0.000507171 -0.000512955 -0.000495656 -0.000511454 
0 7.09988e-06 1.82525e-05 2.69175e-05 3.77492e-05 4.88915e-05 5.50787e-05 6.7265e-05 7.71653e-05 8.35573e-05 9.99523e-05 0.00010676 0.000111522 0.000126895 0.000132719 0.000148348 0.000167691 0.00017278 0.000187003 0.000192356 0.000198556 0.000225233 0.000235331 0.000239942 0.000259826 0.000281314 0.000293946 0.000307445 0.000330156 0.000338674 0.000355633 0.000382741 0.000390998 0.000412547 0.000442173 0.000462787 0.000483059 0.000515135 0.000548848 0.000564735 0.000600686 0.0006405 0.000664804 0.000698914 0.000745347 0.000791534 0.000823798 0.000881063 0.000947082 0.000999591 0.00106218 0.0011454 0.00123933 0.00131883 0.00142686 0.0015649 0.00171493 0.0018779 0.00208857 0.00236748 0.00268573 0.0030697 0.00355154 0.00416258 0.00487326 0.00569115 0.00663694 0.00770471 0.00883376 0.0099418 0.0109816 0.0118696 0.0124968 0.0127075 0.0124132 0.0115511 0.0101054 0.00804919 0.00542277 0.00233497 -0.001027 -0.00446433 -0.00779521 -0.0108502 -0.0134709 -0.0155026 -0.016855 -0.017497 -0.0174899 -0.0169159 -0.0158918 -0.0145068 -0.0128749 -0.0110857 -0.00925359 -0.00744946 -0.00574326 -0.00414222 -0.00265111 -0.00122528 0.000162955 0.00157389 0.00303851 0.00460884 0.00629185 0.00809535 0.00996431 0.0118389 0.0136097 0.0151874 0.0164562 0.0173257 0.0176733 0.0174023 0.016421 0.0147229 0.0123614 0.00947004 0.00619553 0.00270318 -0.000833012 -0.004209 -0.00721705 -0.00970554 -0.0115957 -0.0128853 -0.0135734 -0.0136989 -0.0133262 -0.012602 -0.011647 -0.0105642 -0.00940569 -0.00826145 -0.0072071 -0.00627667 -0.00545509 -0.00473465 -0.00414617 -0.00367392 -0.00328715 -0.00294743 -0.00268278 -0.00247845 -0.00230364 -0.0021404 -0.00201017 -0.00191655 -0.00181675 -0.00172437 -0.00165102 -0.00159733 -0.00152837 -0.0014651 -0.00142576 -0.0013793 -0.00132821 -0.00128507 -0.00125944 -0.001217 -0.0011777 -0.00115894 -0.00112946 -0.00109898 -0.00107767 -0.00106436 -0.00103644 -0.00101478 -0.00100707 -0.000980628 -0.000963044 -0.00095127 -0.000930077 -0.000915272 -0.000909243 -0.000898311 -0.000875672 -0.000873601 -0.000873939 -0.000855216 -0.000847341 -0.000834778 -0.000823745 -0.000824892 -0.000813872 -0.000807268 -0.000804436 -0.00079502 -0.000793837 -0.000792931 -0.000786378 -0.000779797 -0.000775016 -0.000770351 -0.000767019 -0.000770156 -0.000769559 -0.000768335 -0.000770629 -0.000761278 
0 1.58648e-05 2.20887e-05 3.77492e-05 5.14261e-05 6.1483e-05 7.65457e-05 8.68528e-05 0.000102798 0.000114672 0.000124325 0.000150898 0.000153441 0.000158623 0.000194217 0.000193196 0.000205852 0.000246688 0.0002419 0.000251394 0.000278395 0.00029583 0.000320982 0.000320563 0.000344243 0.000378719 0.000385421 0.000414669 0.000430026 0.00045424 0.000486915 0.000497402 0.000535123 0.000556936 0.000585619 0.000623391 0.000644258 0.000691333 0.000719451 0.000759757 0.000804981 0.000841298 0.000897227 0.000936316 0.000999573 0.00105443 0.00111261 0.00118886 0.001257 0.00134614 0.00142643 0.00153638 0.00164922 0.00177113 0.00192284 0.00209216 0.00230276 0.00253068 0.00283011 0.00319047 0.00363107 0.00416452 0.00482115 0.00563396 0.00658059 0.0076887 0.00893995 0.0103395 0.0117983 0.0132463 0.014583 0.0157028 0.0164582 0.0166784 0.0162474 0.0150711 0.0131285 0.0103918 0.00694006 0.00289942 -0.00148701 -0.00598602 -0.0103395 -0.0143347 -0.0177491 -0.020407 -0.0221842 -0.0230526 -0.0230695 -0.0223434 -0.0210133 -0.0192078 -0.0170712 -0.0147287 -0.0123207 -0.00994284 -0.00768011 -0.00554849 -0.00355284 -0.00164185 0.000222938 0.00211537 0.00407834 0.00617303 0.00840922 0.01079 0.0132483 0.0157033 0.0180214 0.0200797 0.0217312 0.0228452 0.0232719 0.0228834 0.0215836 0.0193573 0.0162818 0.0125052 0.00822974 0.00366192 -0.000947097 -0.00535394 -0.00928928 -0.0125799 -0.0150985 -0.016835 -0.0177788 -0.0179986 -0.0175804 -0.0166895 -0.0154762 -0.0140698 -0.0125775 -0.0110883 -0.00970629 -0.00845318 -0.0073607 -0.0064039 -0.00561506 -0.00496299 -0.00442953 -0.00398641 -0.00362115 -0.00333796 -0.00308757 -0.00288656 -0.00270464 -0.00256463 -0.0024328 -0.00231305 -0.00221747 -0.00212065 -0.00204647 -0.00196054 -0.00190004 -0.00183589 -0.0017735 -0.00172717 -0.00166856 -0.00163308 -0.00158134 -0.00154581 -0.00151211 -0.00146905 -0.00144854 -0.00140756 -0.00138764 -0.00135975 -0.00132681 -0.00131617 -0.00128356 -0.0012697 -0.00124451 -0.00122106 -0.0012231 -0.00119378 -0.00117657 -0.00116265 -0.0011538 -0.00115677 -0.00111704 -0.00110809 -0.00111898 -0.00109079 -0.0010871 -0.00108533 -0.00106819 -0.00106407 -0.00105631 -0.00105683 -0.00104877 -0.00103385 -0.00104171 -0.00103096 -0.00102114 -0.00103774 -0.00102319 -0.0010119 -0.00102997 -0.00101658 
0 1.58795e-05 3.40216e-05 4.88915e-05 6.1483e-05 7.60259e-05 9.68671e-05 0.000110574 0.000123134 0.000149558 0.000157664 0.000167158 0.000203992 0.000219219 0.00022863 0.000254059 0.000263224 0.000271963 0.000299736 0.000339534 0.000361786 0.000357486 0.000382206 0.000431261 0.000445189 0.000449108 0.000485394 0.000514108 0.000535821 0.000575959 0.0005998 0.000631553 0.000673666 0.000704937 0.00073967 0.000772109 0.000823522 0.0008558 0.000894534 0.000960025 0.00099739 0.00105758 0.00111738 0.00118665 0.0012532 0.00131726 0.00141816 0.00148781 0.00158625 0.00168782 0.0018054 0.00193298 0.00206077 0.0022447 0.00241838 0.00264669 0.00289598 0.00321864 0.00359894 0.00404969 0.00462754 0.00530864 0.0061693 0.00716187 0.00837437 0.00974982 0.0113196 0.0130137 0.0147814 0.016534 0.0181193 0.0194291 0.0202378 0.0204406 0.0198145 0.0183273 0.0158539 0.0124738 0.00821467 0.00330311 -0.00205014 -0.00752455 -0.0128369 -0.0176997 -0.0218488 -0.0250939 -0.0272719 -0.0283815 -0.0284319 -0.0275974 -0.0259775 -0.023803 -0.0211772 -0.0183356 -0.01536 -0.0124515 -0.00962138 -0.00698416 -0.00445654 -0.00207504 0.000299594 0.00265989 0.005151 0.00774796 0.0105521 0.0134695 0.0165109 0.0194907 0.0223391 0.0248219 0.0268375 0.0281449 0.0286351 0.0281004 0.0264969 0.0237674 0.0200347 0.0154403 0.0102336 0.00467743 -0.000934466 -0.00627985 -0.0111039 -0.0151441 -0.0183099 -0.0204796 -0.021731 -0.0220638 -0.0216788 -0.0206635 -0.0192553 -0.0175616 -0.0157715 -0.0139768 -0.0122689 -0.0107186 -0.00932986 -0.00816249 -0.00714277 -0.00632066 -0.00561559 -0.00506871 -0.00460127 -0.00421678 -0.00390572 -0.00363824 -0.00342951 -0.00321449 -0.00306322 -0.00291127 -0.00278455 -0.00266006 -0.00255334 -0.00247424 -0.00236697 -0.00229872 -0.00222482 -0.00216335 -0.00209585 -0.00203749 -0.00200153 -0.00193267 -0.00189349 -0.00185389 -0.00180642 -0.00176612 -0.00172815 -0.0017038 -0.00166048 -0.0016359 -0.00161499 -0.00157955 -0.00157129 -0.00154914 -0.00150646 -0.0014927 -0.0014942 -0.00146477 -0.00142364 -0.00141458 -0.00142005 -0.00140781 -0.00138256 -0.00137207 -0.00136579 -0.00134831 -0.00134215 -0.00133852 -0.00132257 -0.00130599 -0.00130492 -0.00131006 -0.00129627 -0.00129659 -0.00130047 -0.00127329 -0.00127663 -0.00128366 -0.0012601 -0.00127849 
0 1.60243e-05 3.43217e-05 5.50787e-05 7.65457e-05 9.68671e-05 0.000115499 0.000132039 0.000154111 0.000174243 0.000190224 0.000219547 0.000233032 0.000242146 0.000281607 0.000298419 0.000320119 0.000366366 0.000367964 0.000380013 0.000418405 0.00044074 0.000473919 0.000496269 0.000519468 0.000559986 0.000597458 0.000627118 0.000645464 0.000693478 0.000728979 0.000747582 0.000804969 0.000842094 0.000879252 0.000934985 0.000989254 0.00103902 0.00108564 0.00116433 0.0012162 0.0012708 0.00135616 0.00142779 0.00150318 0.00158452 0.00169947 0.00179568 0.00189891 0.00204175 0.00218438 0.0023382 0.00250303 0.00272632 0.00295793 0.00321814 0.00354245 0.0039399 0.0044159 0.00496686 0.00567554 0.00653406 0.00757218 0.00878559 0.0102307 0.0118996 0.0137484 0.0157306 0.0177674 0.0197776 0.0215701 0.0229882 0.0238177 0.0239168 0.0230905 0.0212316 0.0182608 0.0142265 0.00924087 0.00350575 -0.00270679 -0.00908061 -0.0152532 -0.0209053 -0.0257222 -0.0295008 -0.0320701 -0.0334101 -0.0335371 -0.0326068 -0.0307624 -0.0282341 -0.0251917 -0.021861 -0.018385 -0.0149384 -0.0115891 -0.00841574 -0.00538658 -0.00249016 0.000370753 0.00324488 0.00623634 0.0093705 0.0126984 0.0161647 0.0197236 0.0232201 0.0265235 0.0294146 0.0317224 0.0332072 0.0337057 0.0330276 0.0311127 0.0279271 0.0235914 0.0182603 0.0122173 0.00576005 -0.00074308 -0.00696061 -0.0125801 -0.01736 -0.0211274 -0.0237809 -0.0253388 -0.0258736 -0.0255539 -0.0245119 -0.0229549 -0.0210453 -0.019001 -0.0169288 -0.0149358 -0.0130759 -0.011424 -0.0100038 -0.00877905 -0.00774439 -0.0068777 -0.00619612 -0.00561561 -0.00513251 -0.00472934 -0.00441615 -0.00414297 -0.00388746 -0.00369021 -0.00351834 -0.00336591 -0.00320532 -0.00309149 -0.00298622 -0.00286768 -0.00277056 -0.00268678 -0.00261229 -0.00251437 -0.00245369 -0.00239673 -0.00232084 -0.0022687 -0.00222176 -0.00217784 -0.00211986 -0.00209069 -0.00205643 -0.00199944 -0.00198011 -0.00194529 -0.00190061 -0.00187045 -0.00184876 -0.00182706 -0.00179084 -0.00177437 -0.00175278 -0.00173894 -0.00173575 -0.00168966 -0.00167073 -0.00167264 -0.00164385 -0.00163529 -0.00162774 -0.00160564 -0.00159844 -0.00159549 -0.00158839 -0.00157669 -0.00156679 -0.00155602 -0.00154462 -0.0015436 -0.00154192 -0.00154379 -0.00154587 -0.00153608 -0.00153085 
0 2.40819e-05 4.66858e-05 6.7265e-05 8.68528e-05 0.000110574 0.000132039 0.000153538 0.000183262 0.00020066 0.000220848 0.00025972 0.000273341 0.000292225 0.000336786 0.000344865 0.000365164 0.00041465 0.000429118 0.000455774 0.000495411 0.000520511 0.000557849 0.000581433 0.000612406 0.000655866 0.00068536 0.000725237 0.000758914 0.000807702 0.000856584 0.000884371 0.000948437 0.000994702 0.00103396 0.00110126 0.00115235 0.00121277 0.00127177 0.00135022 0.00142443 0.00148596 0.00159246 0.00167734 0.00176751 0.00187642 0.00199607 0.0021225 0.00223649 0.00240719 0.00257276 0.00274792 0.00295736 0.00320776 0.00350068 0.00380418 0.00421048 0.00469166 0.00527 0.00594998 0.00679905 0.00785138 0.00907418 0.0105268 0.0122072 0.0141575 0.0162676 0.0185062 0.0207765 0.0229774 0.0249132 0.0263598 0.0271477 0.0270723 0.0259982 0.0237329 0.0202667 0.015606 0.00994997 0.00347118 -0.00350756 -0.0106723 -0.0176057 -0.023948 -0.0293634 -0.0336175 -0.0365605 -0.0381249 -0.0383585 -0.0373621 -0.0353465 -0.0325059 -0.0291031 -0.0253212 -0.0213901 -0.017426 -0.0135806 -0.00986907 -0.00634094 -0.00291275 0.00044017 0.00384622 0.00733788 0.0110144 0.0148464 0.0188432 0.0228755 0.0268492 0.0305479 0.0337997 0.0363383 0.03796 0.0384232 0.0375928 0.0353679 0.0317703 0.0268897 0.0209164 0.0141369 0.00689619 -0.000392134 -0.00738206 -0.01372 -0.0191855 -0.0235288 -0.0266769 -0.0285735 -0.029369 -0.0291705 -0.0281778 -0.0265377 -0.0244869 -0.0222325 -0.0199238 -0.0176698 -0.0155253 -0.0136172 -0.0119368 -0.0105049 -0.00925185 -0.00822431 -0.00738678 -0.00669158 -0.00610428 -0.0056094 -0.00523565 -0.00489114 -0.00459921 -0.00434303 -0.00414323 -0.00395261 -0.00376214 -0.00362581 -0.00348691 -0.00336263 -0.00323619 -0.00314441 -0.00305487 -0.00294696 -0.00288108 -0.00280379 -0.00273155 -0.00266169 -0.00260359 -0.00255208 -0.00247891 -0.00244328 -0.00239413 -0.00233681 -0.00230823 -0.00226576 -0.00223177 -0.00219329 -0.00216256 -0.00214163 -0.00210173 -0.00207867 -0.00204809 -0.00202316 -0.00201465 -0.00197315 -0.00195867 -0.00195961 -0.00192329 -0.00191046 -0.00190604 -0.00188188 -0.00186981 -0.00185984 -0.00184817 -0.00183619 -0.00182527 -0.00182572 -0.00181819 -0.00180877 -0.00180855 -0.00179452 -0.00178547 -0.00179402 -0.00178981 
0 2.68423e-05 5.00309e-05 7.71653e-05 0.000102798 0.000123134 0.000154111 0.000183262 0.000198642 0.000235162 0.000266839 0.000271102 0.000317588 0.000359075 0.000359005 0.000408963 0.00044226 0.000440102 0.000494964 0.000539642 0.000568223 0.000595701 0.000616176 0.000684014 0.000717938 0.000737748 0.000792219 0.000825298 0.000885669 0.000925705 0.000965291 0.001037 0.00107331 0.00114251 0.00119721 0.00125413 0.00133529 0.00138507 0.00147653 0.00154756 0.00163117 0.001729 0.0018144 0.00193703 0.00202932 0.00216409 0.00229712 0.00243313 0.00259907 0.00276434 0.00297892 0.00317593 0.00343541 0.00372717 0.00406034 0.00445364 0.00491517 0.00550914 0.00617852 0.00701446 0.00801546 0.00924941 0.0106877 0.0123601 0.014307 0.0164857 0.0188616 0.0213027 0.0237779 0.0260952 0.0280971 0.0295103 0.0301729 0.0298843 0.0284818 0.0258174 0.021832 0.0166205 0.0103272 0.00322103 -0.00444536 -0.0122614 -0.0198576 -0.0267751 -0.032719 -0.0373922 -0.0406827 -0.0424758 -0.0428307 -0.0418211 -0.0396722 -0.0365937 -0.0328671 -0.028706 -0.024339 -0.0199131 -0.0155655 -0.011349 -0.00729264 -0.0033501 0.000534414 0.00445648 0.0084812 0.0126705 0.017018 0.0214931 0.0259837 0.0303624 0.0344207 0.037953 0.0406801 0.0423732 0.0427782 0.0417742 0.0392565 0.0352862 0.0299248 0.0234135 0.0160011 0.00812034 0.000143335 -0.00748945 -0.0144921 -0.0205489 -0.0254708 -0.0290867 -0.0313957 -0.0324837 -0.032499 -0.0316147 -0.0299874 -0.0278773 -0.0254686 -0.0229844 -0.0204814 -0.0181131 -0.0159279 -0.0140138 -0.0123344 -0.0108812 -0.00966752 -0.0086533 -0.00783392 -0.0071146 -0.00654814 -0.0060636 -0.00567093 -0.00531886 -0.005018 -0.00477989 -0.00454046 -0.00435269 -0.00416061 -0.00401594 -0.00386384 -0.0037254 -0.00361832 -0.00349189 -0.00340494 -0.00329517 -0.00321722 -0.00313532 -0.00304801 -0.00299378 -0.00290869 -0.00286016 -0.00279391 -0.00273641 -0.00270122 -0.00263175 -0.00260064 -0.0025555 -0.00251963 -0.00248811 -0.00242544 -0.00241522 -0.00239016 -0.00234966 -0.00231645 -0.00227669 -0.00228916 -0.00226201 -0.00221028 -0.00221801 -0.00219329 -0.00216305 -0.00216594 -0.00214643 -0.00212438 -0.00211112 -0.00210541 -0.00210058 -0.00208264 -0.00208102 -0.00207735 -0.00205612 -0.00205844 -0.00205905 -0.00204222 -0.00205069 
0 2.43713e-05 5.31391e-05 8.35573e-05 0.000114672 0.000149558 0.000174243 0.00020066 0.000235162 0.000258052 0.000293253 0.000329706 0.000351078 0.000385827 0.000415541 0.000452708 0.000498123 0.000528031 0.000572197 0.000590335 0.000611982 0.000686877 0.000722338 0.000746406 0.000800102 0.000848984 0.000902513 0.000945544 0.000996672 0.00104449 0.00109711 0.00116788 0.00121051 0.00128048 0.00135867 0.00142091 0.00150234 0.00158268 0.00167527 0.00175432 0.00185393 0.00196469 0.00205936 0.00218431 0.00230928 0.00245215 0.00259583 0.00276321 0.00295517 0.00314801 0.00338244 0.00363399 0.00393554 0.00426819 0.00466428 0.00513538 0.00569055 0.00637102 0.00717417 0.00816273 0.00933823 0.0107574 0.0124111 0.0143293 0.0165106 0.0189218 0.0215024 0.0241368 0.026737 0.0291136 0.0310866 0.0323952 0.032865 0.0322893 0.0305216 0.0274171 0.0229527 0.0172135 0.0103815 0.00271186 -0.00550385 -0.0138711 -0.0219827 -0.0293893 -0.0357631 -0.0408162 -0.0444137 -0.0464407 -0.0469316 -0.0459539 -0.0437272 -0.0404712 -0.0364845 -0.0319924 -0.0272405 -0.0223775 -0.0175581 -0.0128357 -0.00826058 -0.00378402 0.000632546 0.00509212 0.00964294 0.0143503 0.019186 0.024119 0.0290183 0.0337563 0.038107 0.0418566 0.0447058 0.0464156 0.0467307 0.0455366 0.0427496 0.0384352 0.0326766 0.0257081 0.0178069 0.00939634 0.00088221 -0.0073112 -0.0148606 -0.0214656 -0.0268992 -0.031005 -0.033743 -0.0351963 -0.035484 -0.0347865 -0.033265 -0.0311714 -0.028699 -0.0260664 -0.0233851 -0.0207991 -0.0183849 -0.0162124 -0.0142963 -0.0126293 -0.0112191 -0.0100216 -0.00903804 -0.00820542 -0.0075267 -0.00694836 -0.00647164 -0.00607135 -0.0057217 -0.00542621 -0.00515875 -0.00494328 -0.0047289 -0.00454529 -0.00438192 -0.00423125 -0.00409076 -0.00395233 -0.00384995 -0.00372935 -0.00362506 -0.00353682 -0.00344938 -0.00336768 -0.00328613 -0.00323434 -0.00315771 -0.00309283 -0.00304906 -0.00298512 -0.00293557 -0.00288176 -0.00283509 -0.00279203 -0.00275813 -0.0027243 -0.00266243 -0.00265132 -0.00264332 -0.00259014 -0.00256079 -0.00253363 -0.00251142 -0.00249498 -0.00246721 -0.00245072 -0.00242719 -0.00241165 -0.00240766 -0.00239146 -0.0023796 -0.0023625 -0.00234731 -0.00233721 -0.00232407 -0.00233089 -0.00232842 -0.00231848 -0.00232324 -0.00230634 
0 3.66718e-05 6.90227e-05 9.99523e-05 0.000124325 0.000157664 0.000190224 0.000220848 0.000266839 0.000293253 0.000321441 0.000370772 0.000395413 0.00043117 0.000478879 0.000502919 0.000539591 0.000579479 0.000625662 0.000675773 0.00070585 0.000762776 0.000807607 0.000832627 0.000902237 0.000948598 0.000984273 0.0010556 0.00110949 0.00116727 0.00123729 0.00130431 0.0013694 0.00143603 0.00152531 0.00159344 0.00166712 0.00177591 0.00186032 0.00195573 0.002074 0.00219515 0.00231477 0.00244305 0.0026089 0.00275763 0.00291855 0.00311858 0.00332688 0.00355276 0.00380003 0.00411165 0.00444855 0.00482965 0.00529748 0.00585286 0.00651785 0.00729333 0.0082576 0.00940969 0.0107808 0.0123928 0.0142749 0.016441 0.0188416 0.0214625 0.0242044 0.0269897 0.0296403 0.0320011 0.0338508 0.0349802 0.0351787 0.034254 0.0320715 0.0285121 0.0235923 0.0173761 0.0100852 0.00194309 -0.00669996 -0.0154953 -0.023988 -0.0317821 -0.0384964 -0.0438814 -0.0477475 -0.0500081 -0.0506464 -0.0497482 -0.0474954 -0.0441319 -0.0399424 -0.0351792 -0.0300829 -0.0248212 -0.0195484 -0.0143352 -0.00923816 -0.00422429 0.000738099 0.00573993 0.0108222 0.0160356 0.0213436 0.0266987 0.0319672 0.0370047 0.0415876 0.0454782 0.0483866 0.0500513 0.0502487 0.0488489 0.0458155 0.0411909 0.0351109 0.0277768 0.0195188 0.010708 0.00179399 -0.00685135 -0.0148461 -0.0219259 -0.027819 -0.0324036 -0.0355955 -0.0374623 -0.0380892 -0.0376479 -0.036323 -0.0343259 -0.0318744 -0.0291469 -0.0263427 -0.023572 -0.0209596 -0.0185379 -0.0163856 -0.014504 -0.0128872 -0.0115038 -0.0103357 -0.00938549 -0.00857878 -0.00790406 -0.00732955 -0.00686983 -0.00646722 -0.00610231 -0.00580317 -0.00554186 -0.00530811 -0.00507716 -0.0048971 -0.00473401 -0.0045613 -0.00442014 -0.00429522 -0.00417839 -0.00405113 -0.00395458 -0.00386929 -0.00375764 -0.00367843 -0.00360433 -0.00352063 -0.00344764 -0.0033847 -0.00332857 -0.00325997 -0.00321851 -0.00317457 -0.00310704 -0.00308201 -0.00304272 -0.00298405 -0.00295641 -0.00291733 -0.00288017 -0.00285218 -0.00282675 -0.0028079 -0.00276992 -0.00275091 -0.00274047 -0.0027078 -0.00269412 -0.00267459 -0.00265032 -0.00264139 -0.00262325 -0.00262577 -0.00262124 -0.00259637 -0.00259999 -0.00258061 -0.0025612 -0.00258231 -0.00257073 
0 4.19548e-05 5.83632e-05 0.00010676 0.000150898 0.000167158 0.000219547 0.00025972 0.000271102 0.000329706 0.000370772 0.000382554 0.000444945 0.000487849 0.000508722 0.000569662 0.000611473 0.00063974 0.000686323 0.000739413 0.000797578 0.000828441 0.000870616 0.000945613 0.000999477 0.0010479 0.00110019 0.001167 0.00123957 0.0012882 0.00136292 0.00144229 0.00150578 0.00159531 0.00168225 0.00176591 0.00186134 0.00196754 0.00207458 0.00217484 0.00230638 0.00244027 0.00256292 0.00271851 0.00288921 0.00306111 0.00324443 0.0034673 0.00371437 0.0039603 0.00425997 0.00461347 0.0050058 0.00544971 0.00598967 0.0066526 0.00741118 0.0083241 0.00943513 0.0107752 0.0123374 0.0141524 0.0162705 0.018657 0.0212776 0.0240527 0.0269406 0.029793 0.0324453 0.0346944 0.0363526 0.0372227 0.0370799 0.0357613 0.0331178 0.0291221 0.0237561 0.0171488 0.00945494 0.00096929 -0.00800765 -0.0170771 -0.0258484 -0.033904 -0.0408953 -0.0465439 -0.0506582 -0.0531375 -0.0539458 -0.0531673 -0.0509473 -0.0475469 -0.0432148 -0.0382452 -0.032843 -0.027229 -0.0215171 -0.0158391 -0.0102115 -0.0046691 0.000859898 0.00639666 0.0120227 0.0177191 0.0234898 0.0292232 0.0348271 0.0401003 0.0448574 0.048813 0.0517165 0.0532821 0.0533294 0.0517235 0.0484561 0.0435759 0.0372311 0.0296471 0.0211355 0.0120821 0.00287563 -0.0060772 -0.0144438 -0.0218924 -0.0282182 -0.0332397 -0.0369207 -0.0392308 -0.0402717 -0.0401632 -0.0391179 -0.0373191 -0.0349591 -0.0322367 -0.0293447 -0.0264605 -0.0236568 -0.0210291 -0.0186305 -0.016532 -0.0146972 -0.0131046 -0.0117538 -0.0106358 -0.00970818 -0.00890189 -0.0082377 -0.00769253 -0.00722958 -0.00681224 -0.00645859 -0.00617287 -0.00589828 -0.00564921 -0.00543801 -0.00525347 -0.0050685 -0.00489591 -0.00476184 -0.00462018 -0.00448261 -0.00437088 -0.00426383 -0.00415871 -0.00405847 -0.00398044 -0.00389546 -0.00381041 -0.00375287 -0.00367633 -0.00360603 -0.00355669 -0.00349991 -0.00344196 -0.0033794 -0.00334519 -0.00331498 -0.003256 -0.00321341 -0.00318306 -0.00316291 -0.0031279 -0.00307448 -0.00306669 -0.00304344 -0.00299622 -0.00299671 -0.00297471 -0.0029359 -0.0029385 -0.00292387 -0.00289716 -0.00289064 -0.0028769 -0.00286274 -0.00285772 -0.00285315 -0.00284801 -0.00284059 -0.00283631 
0 3.04861e-05 8.03378e-05 0.000111522 0.000153441 0.000203992 0.000233032 0.000273341 0.000317588 0.000351078 0.000395413 0.000444945 0.000483641 0.000519741 0.00057128 0.000615831 0.000657696 0.000724119 0.000769858 0.000801403 0.000851932 0.000912632 0.000985823 0.00103048 0.00107463 0.00115478 0.00122198 0.00128698 0.00134871 0.00142143 0.00150609 0.00157527 0.00166539 0.001751 0.00184424 0.00194836 0.00204542 0.00216712 0.0022764 0.002404 0.00254224 0.00268027 0.00283822 0.0029973 0.00319168 0.00337846 0.003593 0.00384222 0.00410512 0.00440431 0.00473447 0.00514494 0.00558742 0.00611042 0.00674247 0.00749937 0.00839388 0.0094429 0.0107396 0.0122583 0.0140359 0.0160667 0.0184094 0.0210127 0.0238046 0.0267253 0.0296792 0.0325512 0.0351017 0.037174 0.0385492 0.0390835 0.0385336 0.0367625 0.033653 0.0292077 0.0234548 0.0164919 0.00850866 -0.00024233 -0.00940629 -0.0186493 -0.0275565 -0.0357898 -0.0429605 -0.0488294 -0.0531478 -0.0558425 -0.0568311 -0.0562115 -0.0540822 -0.0507053 -0.0463008 -0.0411731 -0.0355217 -0.0295806 -0.0234683 -0.017328 -0.0111898 -0.00510331 0.000982097 0.00707086 0.013222 0.0194016 0.0255975 0.0316866 0.0375688 0.0430308 0.0478873 0.0518434 0.054671 0.0560869 0.0559548 0.0541337 0.0506586 0.0455558 0.0390284 0.0312715 0.0226416 0.0134503 0.00410531 -0.00506114 -0.0136671 -0.0214293 -0.0281034 -0.0335546 -0.0377009 -0.0404973 -0.0419962 -0.0422956 -0.0416103 -0.0400798 -0.0379127 -0.0352569 -0.03237 -0.0293928 -0.0264609 -0.0236379 -0.0210277 -0.0187022 -0.0166408 -0.014847 -0.0132894 -0.0120081 -0.0109154 -0.0099963 -0.00921584 -0.00857753 -0.008041 -0.00755881 -0.00716369 -0.00681281 -0.0065161 -0.00623129 -0.00599158 -0.00577898 -0.00557115 -0.00539463 -0.00522071 -0.00507633 -0.00492676 -0.00479653 -0.00467953 -0.00455951 -0.00446349 -0.00435794 -0.0042731 -0.00418578 -0.00410066 -0.00403621 -0.00395839 -0.00388935 -0.00382069 -0.00377372 -0.00372639 -0.003651 -0.00360666 -0.00357426 -0.00354008 -0.00349497 -0.00343604 -0.0034124 -0.00338986 -0.00334975 -0.00332164 -0.00329567 -0.00326729 -0.00324404 -0.0032341 -0.00321484 -0.00318863 -0.00318047 -0.00315692 -0.00313753 -0.00314062 -0.00312482 -0.00312068 -0.00312299 -0.00310393 -0.00310441 
0 3.67432e-05 0.000106634 0.000126895 0.000158623 0.000219219 0.000242146 0.000292225 0.000359075 0.000385827 0.00043117 0.000487849 0.000519741 0.000571337 0.000632789 0.000668374 0.000716358 0.00077449 0.000820762 0.000891894 0.000954842 0.000997265 0.00106402 0.00112117 0.00118359 0.00125968 0.00132129 0.0013945 0.00147089 0.00156433 0.00164575 0.00171985 0.00183455 0.00191699 0.00201399 0.0021331 0.00223492 0.0023624 0.00248295 0.00263456 0.00277813 0.00292938 0.00312188 0.00329202 0.00350381 0.00371718 0.00396379 0.00423477 0.00452015 0.0048742 0.00524457 0.00570425 0.00621299 0.00682647 0.00756018 0.0084208 0.00946686 0.0106804 0.0121665 0.0138782 0.0158758 0.0181364 0.0206868 0.0234811 0.0264117 0.029435 0.0323971 0.0352018 0.037575 0.0393853 0.0404103 0.0405258 0.0395154 0.0372513 0.0336765 0.0287969 0.0227003 0.0154464 0.00726257 -0.00164276 -0.0108806 -0.0201744 -0.0291133 -0.03742 -0.0446998 -0.0507238 -0.0552218 -0.0581123 -0.059304 -0.0588693 -0.0568929 -0.053592 -0.0491866 -0.0439481 -0.0381037 -0.0318646 -0.0253884 -0.018796 -0.012165 -0.00552874 0.00110534 0.00775273 0.0144131 0.0210678 0.0276541 0.0340712 0.0401768 0.0457802 0.0506627 0.0545612 0.0572417 0.0584698 0.0581217 0.0560913 0.0524197 0.0471483 0.0404982 0.0326663 0.0240169 0.0148116 0.00544585 -0.00380957 -0.0125503 -0.0205401 -0.0275011 -0.0333446 -0.0379346 -0.0412343 -0.0432286 -0.0440094 -0.0437481 -0.0425699 -0.0406725 -0.0381808 -0.0353707 -0.0323609 -0.0293432 -0.0263664 -0.0235753 -0.0210242 -0.0187373 -0.0167329 -0.0149718 -0.0135024 -0.01223 -0.0111827 -0.0102788 -0.00953187 -0.00890163 -0.00835443 -0.00790509 -0.00748475 -0.00715056 -0.00683349 -0.00656138 -0.00631214 -0.00608519 -0.00590127 -0.00569514 -0.0055396 -0.00538494 -0.00523848 -0.00510587 -0.00497566 -0.00487534 -0.00474422 -0.00465071 -0.00456472 -0.00445504 -0.0043825 -0.00430732 -0.00423819 -0.00416422 -0.00410109 -0.0040539 -0.0039862 -0.00394152 -0.00388531 -0.00382129 -0.00379501 -0.00375128 -0.00370857 -0.00368343 -0.00363817 -0.00360759 -0.00359653 -0.00356063 -0.00352769 -0.00351501 -0.00347723 -0.00345168 -0.00345967 -0.0034375 -0.00342334 -0.00342569 -0.00339187 -0.00338083 -0.00338297 -0.00336318 -0.00337662 
0 4.66679e-05 7.83644e-05 0.000132719 0.000194217 0.00022863 0.000281607 0.000336786 0.000359005 0.000415541 0.000478879 0.000508722 0.00057128 0.000632789 0.000669099 0.000729678 0.000793788 0.00084709 0.000889057 0.00095165 0.00103732 0.00107593 0.00113783 0.00123516 0.00128999 0.00136936 0.00144689 0.00151068 0.00161311 0.0016905 0.0017726 0.00187349 0.00197668 0.00208897 0.00218414 0.00232331 0.00245055 0.00256291 0.00272742 0.00287092 0.00302866 0.00319883 0.00339387 0.00360283 0.00380082 0.00406967 0.00433637 0.00463201 0.00497196 0.00535997 0.00581492 0.00630176 0.00691793 0.00762208 0.00846412 0.00945729 0.0106426 0.0120687 0.0137111 0.0156531 0.0178477 0.0203486 0.0230795 0.0260204 0.0290704 0.0321169 0.0350534 0.0376704 0.0398254 0.0412688 0.0419053 0.041517 0.0400127 0.0372366 0.0332033 0.0279349 0.0215204 0.0140729 0.00574815 -0.00316726 -0.0124067 -0.0216056 -0.0305169 -0.0387701 -0.0461204 -0.0522117 -0.0568876 -0.0599376 -0.0613688 -0.061131 -0.0593727 -0.0561918 -0.0518562 -0.0465543 -0.0405711 -0.034069 -0.0272613 -0.020237 -0.0131262 -0.00594781 0.0012317 0.00843074 0.0155897 0.0227003 0.0296482 0.0363588 0.0426374 0.0483333 0.0531727 0.0569635 0.0594287 0.0604451 0.0598382 0.0576206 0.0537472 0.0483836 0.0416457 0.0338597 0.0252495 0.0161749 0.00686299 -0.00232602 -0.0111306 -0.0192289 -0.0264415 -0.0326091 -0.0376275 -0.0414218 -0.0439393 -0.0452714 -0.0454808 -0.044757 -0.0431784 -0.0409822 -0.0382977 -0.0353599 -0.0322815 -0.0292185 -0.0262735 -0.0235088 -0.0210118 -0.0187638 -0.016825 -0.0151136 -0.0136741 -0.0124492 -0.0114239 -0.0105525 -0.00980151 -0.00920452 -0.00866451 -0.00821071 -0.00780417 -0.00747275 -0.00716807 -0.00686993 -0.00664316 -0.00641302 -0.0062065 -0.00600743 -0.00584353 -0.00568934 -0.00551472 -0.00540062 -0.00527045 -0.00514191 -0.0050406 -0.00493964 -0.00485013 -0.00474244 -0.00467038 -0.00459512 -0.00450295 -0.00444718 -0.00436294 -0.00430377 -0.00427036 -0.00419183 -0.00413984 -0.00411057 -0.00406776 -0.00401379 -0.00396634 -0.00395133 -0.00390592 -0.00385747 -0.00385125 -0.00381224 -0.00378303 -0.00378529 -0.00375213 -0.00372694 -0.00371461 -0.00368833 -0.00367904 -0.00367272 -0.00366519 -0.00366149 -0.00364954 -0.00364389 
0 4.52356e-05 0.000103746 0.000148348 0.000193196 0.000254059 0.000298419 0.000344865 0.000408963 0.000452708 0.000502919 0.000569662 0.000615831 0.000668374 0.000729678 0.000785481 0.000846097 0.000907574 0.000985753 0.00104377 0.00108416 0.00117252 0.00125757 0.0013207 0.00138646 0.00146486 0.00157026 0.00164519 0.00173002 0.00183654 0.00192164 0.00203817 0.00214443 0.00225166 0.00237842 0.00250502 0.00265023 0.00277725 0.00294736 0.00311936 0.00327784 0.0034856 0.00369156 0.00392091 0.00415144 0.00443627 0.00474711 0.00505769 0.00545279 0.005888 0.00639819 0.006961 0.00765947 0.00849113 0.00944061 0.0105926 0.0119494 0.0135789 0.015424 0.0175719 0.0200015 0.0226986 0.0256048 0.0286417 0.0317611 0.034776 0.0375856 0.0399567 0.0417784 0.0428175 0.042962 0.042046 0.0399846 0.0367149 0.0322293 0.0266179 0.0199379 0.0123616 0.00400297 -0.00483798 -0.0139509 -0.0229884 -0.0317509 -0.0399016 -0.0472146 -0.0533533 -0.0581381 -0.0613711 -0.0630159 -0.0630325 -0.0615003 -0.0585177 -0.0542778 -0.0489906 -0.0428902 -0.0361871 -0.0290564 -0.0216441 -0.0140492 -0.00635992 0.00137544 0.0090955 0.0167575 0.0242811 0.0315814 0.0385242 0.0449515 0.0506604 0.0554246 0.0590239 0.0612549 0.0619927 0.0611385 0.0586972 0.0546761 0.049227 0.0424997 0.0347999 0.0263454 0.0174595 0.00833039 -0.000709793 -0.00945522 -0.0175885 -0.0249766 -0.0314128 -0.0368245 -0.0410765 -0.0441479 -0.0460379 -0.0468028 -0.0465588 -0.0454071 -0.0435544 -0.0411079 -0.038297 -0.0352315 -0.0321342 -0.0290662 -0.0261421 -0.023421 -0.0209686 -0.0188144 -0.016892 -0.0152536 -0.0138459 -0.0126866 -0.011666 -0.0108108 -0.0101076 -0.00949872 -0.00897464 -0.00850123 -0.00813457 -0.00777613 -0.00745845 -0.0071863 -0.00694012 -0.00671661 -0.00648929 -0.00632302 -0.00614086 -0.00597118 -0.00583107 -0.00568805 -0.00556413 -0.00542938 -0.00532788 -0.00521957 -0.00511399 -0.0050351 -0.00492895 -0.00485486 -0.00479214 -0.00471552 -0.00463915 -0.004567 -0.00453631 -0.00448109 -0.00440313 -0.00435965 -0.00432084 -0.00428377 -0.00423651 -0.00419675 -0.00417432 -0.00412991 -0.00410333 -0.00408899 -0.00404981 -0.0040293 -0.00401456 -0.00398626 -0.00397504 -0.00396477 -0.00394725 -0.00393979 -0.00393194 -0.00392125 -0.00391823 
0 5.66546e-05 0.000114614 0.000167691 0.000205852 0.000263224 0.000320119 0.000365164 0.00044226 0.000498123 0.000539591 0.000611473 0.000657696 0.000716358 0.000793788 0.000846097 0.000914463 0.000970932 0.0010389 0.00112673 0.00118745 0.00127737 0.00133916 0.00139993 0.00151764 0.00158426 0.00167352 0.00177502 0.00185716 0.00198522 0.00207624 0.00219317 0.00231741 0.00242512 0.00257971 0.00269802 0.00285495 0.00301469 0.00317321 0.00337487 0.00354448 0.00377594 0.00400036 0.00424161 0.00452434 0.00481489 0.00517263 0.00552151 0.00596664 0.00646716 0.0070284 0.00770154 0.00848351 0.00945114 0.0105316 0.0118515 0.0134053 0.0152224 0.0172972 0.0196381 0.0223011 0.0251597 0.0282061 0.0313022 0.0344188 0.0373449 0.0399284 0.041998 0.0433937 0.0439827 0.043566 0.042098 0.039461 0.0357136 0.0308133 0.0248988 0.0180257 0.0103807 0.00209661 -0.00659548 -0.0154697 -0.0242875 -0.0328032 -0.0408021 -0.0479916 -0.0541484 -0.0589938 -0.0624173 -0.0642677 -0.0645729 -0.0632883 -0.060557 -0.0564537 -0.0512383 -0.0450618 -0.038202 -0.0307774 -0.0230056 -0.0149447 -0.0067624 0.00151536 0.00973913 0.0178863 0.0257961 0.0334196 0.0405519 0.0470857 0.0527506 0.0573945 0.060747 0.0627161 0.0631373 0.0620355 0.0593566 0.0552256 0.0497148 0.0430783 0.035513 0.0273106 0.0186693 0.00983384 0.00101719 -0.00755103 -0.0156504 -0.0231243 -0.0297793 -0.0355268 -0.0402074 -0.0438262 -0.0462855 -0.0476595 -0.0479391 -0.0473037 -0.0458525 -0.0437512 -0.0411354 -0.0381777 -0.0350939 -0.0319576 -0.0289161 -0.0259928 -0.023354 -0.0209613 -0.0188432 -0.0169796 -0.0153836 -0.0140533 -0.0128764 -0.0119091 -0.0110706 -0.0103905 -0.00977803 -0.00925187 -0.00882362 -0.00841479 -0.00808281 -0.00775441 -0.00749445 -0.00724015 -0.00700085 -0.00681146 -0.00659943 -0.00644273 -0.00626412 -0.00611286 -0.0059831 -0.00583116 -0.00572707 -0.00559281 -0.00549404 -0.00540061 -0.005292 -0.00522584 -0.00511748 -0.00505508 -0.00500221 -0.00490345 -0.00484934 -0.00478209 -0.00472963 -0.0046874 -0.00462381 -0.00458843 -0.00453228 -0.00449859 -0.00448249 -0.0044249 -0.0044035 -0.00437268 -0.00432224 -0.00431929 -0.00429746 -0.0042735 -0.00427028 -0.00424257 -0.00422667 -0.00421615 -0.00420008 -0.0042012 -0.00419467 
0 7.0647e-05 7.96257e-05 0.00017278 0.000246688 0.000271963 0.000366366 0.00041465 0.000440102 0.000528031 0.000579479 0.00063974 0.000724119 0.00077449 0.00084709 0.000907574 0.000970932 0.00106877 0.00111534 0.0011806 0.00128523 0.00135201 0.00143138 0.00152562 0.00162521 0.00171378 0.00179004 0.00191248 0.00201044 0.00210472 0.00224029 0.00234604 0.0024783 0.00262434 0.00276134 0.00291821 0.00307319 0.00325933 0.00343204 0.00362214 0.00384931 0.00406328 0.00431898 0.00458697 0.00489374 0.00523153 0.00559823 0.006038 0.00651608 0.00709068 0.00773801 0.00850714 0.00942525 0.0104941 0.0117677 0.0132466 0.0150139 0.0170261 0.0193163 0.0218809 0.0247089 0.0277356 0.0308391 0.033978 0.0369948 0.0397609 0.0420406 0.0437237 0.0446514 0.0446961 0.0437168 0.0416368 0.0384756 0.0342355 0.029 0.0228077 0.015833 0.00818191 6.40141e-05 -0.00839399 -0.0169609 -0.0254735 -0.0336999 -0.0414566 -0.048497 -0.0545905 -0.0595067 -0.0630694 -0.0651702 -0.0657352 -0.0647651 -0.0622766 -0.0583951 -0.0532557 -0.0470894 -0.040072 -0.0324275 -0.0242843 -0.0158204 -0.00712744 0.0016335 0.0103786 0.0189483 0.0272557 0.0351294 0.0424513 0.0490045 0.0546181 0.0590532 0.0621626 0.0637982 0.0639271 0.0625265 0.0596559 0.0553947 0.0498988 0.0433701 0.0360314 0.0281156 0.019807 0.0113224 0.00281956 -0.00548655 -0.0134746 -0.0209403 -0.0277691 -0.033765 -0.0388685 -0.0429662 -0.0460341 -0.047997 -0.0488893 -0.0487979 -0.0478415 -0.0461501 -0.0438209 -0.0410706 -0.0380438 -0.0349281 -0.0317774 -0.0287386 -0.0258886 -0.0232906 -0.0209543 -0.0188696 -0.0170816 -0.0155276 -0.0142183 -0.0130841 -0.0121369 -0.011333 -0.0106421 -0.0100641 -0.00954167 -0.00911222 -0.00871991 -0.0083776 -0.00806539 -0.00778297 -0.00754603 -0.00729418 -0.007089 -0.00689843 -0.00671298 -0.00654752 -0.00638912 -0.00626333 -0.00611567 -0.00599749 -0.00589497 -0.00576276 -0.00567803 -0.0055854 -0.00547755 -0.00539311 -0.00532011 -0.00525743 -0.00516592 -0.00510959 -0.00507481 -0.00499015 -0.00494305 -0.00490463 -0.00484941 -0.00481414 -0.00474946 -0.00471964 -0.00470484 -0.00464712 -0.00464825 -0.00462812 -0.00456161 -0.00457087 -0.00454647 -0.00450044 -0.0045294 -0.00450487 -0.00447447 -0.00450388 -0.00447035 
