0 0 0 0 0 0 0 0 0 0 0 0 0 0 0 0 0 0 0 0 0 0 0 0 0 0 0 0 0 0 0 0 0 0 0 0 0 0 0 0 0 0 0 0 0 0 0 0 0 0 0 0 0 0 0 0 0 0 0 0 0 0 0 0 0 0 0 0 0 0 0 0 0 0 0 0 0 0 0 0 0 0 0 0 0 0 0 0 0 0 0 0 0 0 0 0 0 0 0 0 0 0 0 0 0 0 0 0 0 0 0 0 0 0 0 0 0 0 0 0 0 0 0 0 0 0 0 0 0 0 0 0 0 0 0 0 0 0 0 0 0 0 0 0 0 0 0 0 0 0 0 0 0 0 0 0 0 0 0 0 0 0 0 0 0 0 0 0 0 0 0 0 0 0 0 0 0 0 0 0 0 0 0 0 0 0 0 0 0 0 0 0 0 0 0 0 0 0 0 0 
0 -8.82428e-06 1.40179e-05 -2.78573e-06 4.48391e-07 2.45222e-05 7.52912e-06 1.51414e-05 2.70383e-05 5.73156e-06 1.35176e-05 2.52345e-05 1.74804e-05 3.04375e-05 3.9667e-05 3.00175e-05 2.95783e-05 3.25469e-05 3.60268e-05 3.98611e-05 3.98275e-05 4.89783e-05 4.3024e-05 3.74208e-05 6.46712e-05 6.99797e-05 5.37712e-05 5.13474e-05 6.68128e-05 7.58005e-05 5.9689e-05 7.18814e-05 7.6385e-05 7.41155e-05 9.44343e-05 8.46494e-05 9.35175e-05 0.000102492 0.000103825 0.000108219 0.000105459 0.000125679 0.000111789 0.000123155 0.000136627 0.000130049 0.000144724 0.000146888 0.000167961 0.000158142 0.000178072 0.000193357 0.000190167 0.000208045 0.000213786 0.000239318 0.00022824 0.000255875 0.000269903 0.000281991 0.000294448 0.000312918 0.000349828 0.000350998 0.000388373 0.000411548 0.000463799 0.000482902 0.000536156 0.000596774 0.000671509 0.000750107 0.000845794 0.000994707 0.00115212 0.00135782 0.00157593 0.00188046 0.00219826 0.00256939 0.00292318 0.00331416 0.00366336 0.00397248 0.00415623 0.0042279 0.00414572 0.00391396 0.00350362 0.00293577 0.00225497 0.00152557 0.000821782 0.000187802 -0.000310265 -0.000649266 -0.00078003 -0.000729101 -0.000501697 -0.000179608 0.000203012 0.000550594 0.000826547 0.000941133 0.000879149 0.000599284 0.000142626 -0.000476613 -0.00119236 -0.00196728 -0.00272362 -0.00339678 -0.00392379 -0.00427459 -0.00446199 -0.0044853 -0.00437672 -0.00412383 -0.00380052 -0.00341478 -0.00304943 -0.00265991 -0.00231324 -0.00197174 -0.00171727 -0.00147959 -0.00129813 -0.00112049 -0.00100449 -0.000907032 -0.000826513 -0.000751491 -0.000691083 -0.00066375 -0.000612014 -0.000582846 -0.000538913 -0.00053708 -0.000496853 -0.000477505 -0.000454737 -0.000446557 -0.00042632 -0.000397317 -0.000402257 -0.0003782 -0.000372344 -0.000347855 -0.000356987 -0.000338846 -0.000323968 -0.000329549 -0.0003155 -0.000314366 -0.000296066 -0.000308987 -0.000290308 -0.000281369 -0.000288585 -0.000270648 -0.000269944 -0.000258778 -0.000265005 -0.000250649 -0.000245564 -0.000254855 -0.000238043 -0.000250248 -0.000242479 -0.000228354 -0.000238781 -0.000242861 -0.000231756 -0.000207871 -0.00022162 -0.000233108 -0.000214867 -0.000213214 -0.000211996 -0.000214719 -0.000217727 -0.000212745 -0.000218819 -0.000207907 -0.000193173 -0.000208084 -0.000205647 -0.000195181 -0.000213591 -0.000205011 -0.000190755 -0.000209828 -0.00019815 -0.000191014 -0.000209868 -0.000192545 -0.000192534 -0.000206775 -0.000190273 -0.000198554 
0 1.40179e-05 3.57707e-06 1.53099e-05 2.56036e-05 6.49514e-06 1.97958e-05 3.06282e-05 1.82247e-05 4.60518e-05 5.28013e-05 3.8982e-05 5.41719e-05 4.69878e-05 4.41755e-05 5.68644e-05 7.0329e-05 7.99313e-05 6.54209e-05 8.79436e-05 8.926e-05 7.03711e-05 0.000116839 0.000106347 8.34011e-05 0.000106289 0.000109399 0.000135652 0.000130156 0.000123061 0.000148354 0.000155181 0.000163605 0.000151632 0.000172472 0.000181997 0.00016878 0.000199442 0.000197303 0.000204574 0.000222391 0.000235107 0.000244124 0.000248334 0.000281608 0.000277067 0.000287949 0.000313407 0.000321238 0.000329944 0.000344426 0.000377661 0.000377559 0.000397776 0.000431358 0.000453236 0.00046876 0.00049787 0.000545835 0.000564482 0.000595293 0.000641916 0.000695552 0.000728681 0.000775215 0.000849996 0.000921783 0.000989436 0.00107563 0.00120641 0.00134753 0.00150581 0.00170854 0.00198754 0.00232245 0.00271035 0.00317881 0.00375371 0.00441552 0.00512246 0.00585688 0.00660296 0.00731317 0.00789639 0.00827324 0.00839513 0.00823532 0.00775905 0.00694426 0.00581736 0.00446986 0.00303198 0.00163315 0.000387661 -0.000606465 -0.00126395 -0.00153586 -0.00142432 -0.000993631 -0.000346587 0.000390131 0.00108756 0.00161313 0.00185017 0.00171231 0.00117243 0.00025869 -0.000956073 -0.00238127 -0.00390779 -0.00540755 -0.00673942 -0.00778794 -0.00849775 -0.00887199 -0.00893726 -0.00871472 -0.00824148 -0.00758894 -0.00685407 -0.00610093 -0.00535623 -0.00463749 -0.00399021 -0.00344695 -0.00299546 -0.00260419 -0.00227062 -0.00201758 -0.00182421 -0.00165791 -0.00150217 -0.00139173 -0.00130946 -0.001231 -0.00114458 -0.00108709 -0.00104873 -0.000996658 -0.000943626 -0.000908339 -0.000891319 -0.000845778 -0.000813649 -0.000794842 -0.000778972 -0.000742143 -0.00071893 -0.000716003 -0.000684521 -0.000663475 -0.00064779 -0.000642678 -0.000610125 -0.000597593 -0.000599281 -0.000571055 -0.000564776 -0.000556266 -0.000554334 -0.000532602 -0.000532889 -0.000534696 -0.000503861 -0.000516755 -0.00050479 -0.000486547 -0.000479114 -0.000477857 -0.000482377 -0.000451306 -0.000455178 -0.000454529 -0.000460144 -0.000468027 -0.000420775 -0.000439125 -0.000455574 -0.000425076 -0.000430304 -0.000422422 -0.000413394 -0.000408507 -0.000418514 -0.000431149 -0.000405132 -0.000415032 -0.000414542 -0.000387594 -0.000410011 -0.000404917 -0.000391373 -0.000408446 -0.000395873 -0.000392997 -0.000402721 -0.000394163 -0.000393992 -0.000397352 -0.00039434 
0 -2.78573e-06 1.53099e-05 1.26629e-05 2.10078e-05 3.72738e-05 3.41973e-05 4.47213e-05 5.10047e-05 4.58738e-05 5.55811e-05 6.40468e-05 7.02216e-05 8.30845e-05 9.20587e-05 9.28624e-05 9.61272e-05 0.000103093 0.000108474 0.000120346 0.000126536 0.000131981 0.000142327 0.000143062 0.000162777 0.000180239 0.000171025 0.000177195 0.000195151 0.000203684 0.000205617 0.000219822 0.000230748 0.000236952 0.000261716 0.000266817 0.000275401 0.000298596 0.000307733 0.00031685 0.000331585 0.000354118 0.000356625 0.000374971 0.000403324 0.000409777 0.000431435 0.00045789 0.000484546 0.00049561 0.000529188 0.000565338 0.000580041 0.000612658 0.000650652 0.000689984 0.000709305 0.000758567 0.000810292 0.000848937 0.000893678 0.000957771 0.00103374 0.00108588 0.00116685 0.0012649 0.00138042 0.00148388 0.00162785 0.00181531 0.00203357 0.00228223 0.00259714 0.00301819 0.00351861 0.00411649 0.00482202 0.00568738 0.00666096 0.00772011 0.00880533 0.0099105 0.0109365 0.0117834 0.0123195 0.0124871 0.012226 0.0114999 0.0102787 0.0086111 0.00662651 0.00450764 0.00244735 0.000609876 -0.000849703 -0.00181904 -0.00221844 -0.00206607 -0.00144018 -0.000504052 0.000572161 0.00158224 0.0023472 0.00268299 0.00248047 0.00168486 0.000346454 -0.0014435 -0.00354017 -0.00578828 -0.0079929 -0.00995767 -0.0115174 -0.0125871 -0.0131652 -0.0132768 -0.0129685 -0.0122866 -0.0113503 -0.0102694 -0.00916073 -0.00804773 -0.0069925 -0.00602461 -0.00521321 -0.00452048 -0.00393794 -0.0034376 -0.00305467 -0.00275333 -0.00250002 -0.00227725 -0.00210398 -0.00197939 -0.00185348 -0.00174074 -0.00164442 -0.00158446 -0.00150324 -0.00143104 -0.0013737 -0.00133311 -0.00127594 -0.00121977 -0.00119229 -0.00115317 -0.00111238 -0.0010729 -0.00105948 -0.00102371 -0.000990623 -0.000976309 -0.000955612 -0.000929566 -0.000905451 -0.000901792 -0.000872659 -0.000852731 -0.000845471 -0.000825021 -0.000805356 -0.000792483 -0.000787005 -0.000762066 -0.000754722 -0.000751312 -0.000733086 -0.000731091 -0.000721573 -0.000707346 -0.000703277 -0.000704611 -0.0006859 -0.000665842 -0.000673934 -0.000667708 -0.000656083 -0.000652012 -0.000642568 -0.000643292 -0.00064256 -0.000637408 -0.000634199 -0.000624901 -0.000614472 -0.000614484 -0.000615443 -0.000607913 -0.000612298 -0.000610404 -0.000597855 -0.000605643 -0.000600362 -0.000592399 -0.000602586 -0.000591819 -0.000591458 -0.000598024 -0.000584088 -0.000594025 
0 4.48391e-07 2.56036e-05 2.10078e-05 2.32565e-05 4.77566e-05 4.33249e-05 5.19224e-05 7.27829e-05 6.549e-05 7.70816e-05 9.31488e-05 9.03926e-05 0.000105523 0.000116869 0.000121625 0.00013069 0.00013732 0.000154592 0.000157336 0.000165774 0.00018848 0.000182641 0.000193802 0.000217077 0.000223705 0.000233842 0.000237381 0.000259916 0.000275967 0.000277121 0.000298475 0.000307632 0.000325455 0.000342008 0.000350842 0.000374162 0.000386319 0.000408428 0.000423682 0.000442698 0.000469374 0.000481373 0.000511182 0.000532476 0.00055675 0.00058302 0.000610467 0.000644589 0.000666263 0.000707678 0.000741677 0.000777137 0.000817445 0.000863119 0.000913391 0.000953553 0.00101625 0.00107557 0.00113918 0.00120398 0.00128735 0.00137823 0.00146438 0.00157383 0.00169965 0.00184838 0.00200142 0.00219993 0.00244329 0.00273732 0.00308387 0.00352062 0.00407749 0.00475097 0.00555845 0.00651566 0.00765603 0.00893828 0.0103284 0.0117598 0.0131905 0.0145035 0.0155712 0.0162438 0.0164304 0.0160521 0.0150619 0.0134416 0.0112604 0.0086807 0.00592873 0.0032495 0.000863104 -0.0010304 -0.00228487 -0.00280966 -0.00262501 -0.00183558 -0.000641252 0.000731478 0.00202126 0.00298943 0.00340944 0.00313777 0.00210901 0.000375051 -0.00194661 -0.00467185 -0.00759014 -0.0104522 -0.0130126 -0.0150677 -0.0165043 -0.0173012 -0.0174843 -0.0171139 -0.016267 -0.0150823 -0.0136961 -0.0122438 -0.0107867 -0.00940127 -0.0081325 -0.00704012 -0.00610528 -0.00531831 -0.00465621 -0.00412904 -0.0037086 -0.00335981 -0.00306813 -0.00283004 -0.00264636 -0.00247687 -0.00233211 -0.00220411 -0.00210643 -0.00200573 -0.00191458 -0.00183845 -0.00177075 -0.00170612 -0.00163805 -0.00159254 -0.00153901 -0.00149221 -0.00144538 -0.00140963 -0.00137238 -0.00132993 -0.00130482 -0.00126933 -0.00124265 -0.00121156 -0.00118953 -0.00116561 -0.00113661 -0.00112389 -0.00109676 -0.0010808 -0.0010615 -0.00104433 -0.0010317 -0.00100868 -0.00100148 -0.000982868 -0.000973245 -0.000961652 -0.000938626 -0.000939363 -0.000928369 -0.000915423 -0.000900278 -0.00089103 -0.000899175 -0.000877588 -0.000865991 -0.000868898 -0.000855943 -0.000851845 -0.000844467 -0.000842041 -0.000834523 -0.000820548 -0.000830478 -0.000820453 -0.000808913 -0.000821417 -0.000805867 -0.000799468 -0.000810415 -0.000795218 -0.000795624 -0.000802072 -0.000787007 -0.000792442 -0.000797921 -0.000784367 -0.000790483 
0 2.45222e-05 6.49514e-06 3.72738e-05 4.77566e-05 3.31391e-05 6.49616e-05 6.71901e-05 6.59647e-05 0.000101887 0.000105605 0.000107466 0.000126855 0.000126727 0.000131225 0.000150316 0.000168961 0.000181025 0.000186018 0.000201104 0.000214594 0.000215998 0.000242383 0.000265569 0.000251426 0.000259674 0.000295792 0.000319882 0.000319591 0.000327625 0.000363802 0.000373771 0.000390553 0.000411262 0.000415536 0.000449893 0.000463263 0.000481785 0.000506941 0.00052917 0.000562157 0.000573059 0.000618081 0.000639192 0.000664375 0.000706568 0.00072937 0.000772946 0.000794912 0.000850239 0.000880808 0.000922504 0.00097938 0.00102044 0.00108573 0.00112863 0.00121291 0.0012672 0.00134855 0.00142897 0.00151911 0.00162294 0.00171829 0.00185781 0.00197878 0.00215161 0.00231488 0.00254277 0.00278505 0.00309674 0.00346591 0.00392208 0.00449403 0.00518228 0.00604726 0.00705722 0.00828943 0.0096789 0.0112768 0.0129609 0.0147361 0.0164394 0.0180112 0.0192394 0.0200226 0.0201867 0.0196742 0.0184018 0.0163951 0.0137329 0.0106096 0.00728555 0.0040412 0.00116364 -0.00112652 -0.00263087 -0.00328295 -0.00307409 -0.0021653 -0.000749005 0.000860806 0.00239173 0.00351356 0.00400323 0.00365279 0.00242189 0.000326816 -0.00246663 -0.00576467 -0.00928457 -0.0127446 -0.0158527 -0.0183788 -0.0201876 -0.0212164 -0.0215069 -0.0211009 -0.0201481 -0.0187504 -0.0171184 -0.0153338 -0.0135747 -0.0118576 -0.0103207 -0.00892757 -0.00776199 -0.0067489 -0.00593418 -0.00524595 -0.00469924 -0.00424853 -0.00387982 -0.00358405 -0.00331905 -0.00312129 -0.00292512 -0.00278497 -0.00262628 -0.00252046 -0.0024023 -0.00230963 -0.00221509 -0.0021328 -0.00207064 -0.00198485 -0.00193593 -0.0018654 -0.00182594 -0.00175861 -0.00171808 -0.00167854 -0.0016246 -0.00159435 -0.0015477 -0.0015269 -0.00147668 -0.0014568 -0.00143172 -0.00139276 -0.00138029 -0.00135033 -0.00133583 -0.0013036 -0.00129157 -0.00127637 -0.0012443 -0.00123819 -0.00120763 -0.00119784 -0.00119463 -0.00116399 -0.00114309 -0.0011432 -0.00115351 -0.00112271 -0.00109498 -0.00110635 -0.00109886 -0.001083 -0.0010731 -0.00106083 -0.00105241 -0.00104154 -0.00104488 -0.00105095 -0.00102831 -0.00102358 -0.00103017 -0.0010035 -0.00100863 -0.00102056 -0.000991583 -0.00100215 -0.00100731 -0.000981847 -0.0010006 -0.000995314 -0.000978065 -0.00100079 -0.000984631 
0 7.52912e-06 1.97958e-05 3.41973e-05 4.33249e-05 6.49616e-05 7.70738e-05 8.07261e-05 0.000101862 0.000102594 0.000106734 0.000132913 0.000143496 0.000161219 0.000181741 0.000190484 0.000192208 0.000202142 0.000231087 0.000232463 0.000252436 0.000283867 0.000268088 0.000297274 0.000332069 0.000339315 0.000360648 0.000356278 0.000382455 0.000415115 0.000421926 0.000437972 0.000459104 0.000499274 0.000507615 0.000534614 0.000574338 0.000579871 0.000618992 0.00064599 0.000669446 0.000695434 0.000732596 0.000770145 0.000786228 0.000843528 0.000880442 0.000916038 0.000965161 0.00102067 0.0010713 0.00111085 0.00118887 0.00124441 0.00130444 0.00137349 0.00146094 0.00153902 0.00161436 0.00172641 0.00183327 0.00194988 0.00206939 0.00223456 0.00240172 0.00258747 0.00280746 0.00308124 0.00340119 0.00376835 0.00423488 0.00480858 0.00551987 0.00636424 0.00740873 0.00865705 0.0101335 0.0118019 0.0136637 0.0156578 0.0177077 0.0196756 0.0214222 0.0227876 0.0236079 0.0237321 0.0230394 0.0214887 0.0190997 0.0160032 0.0123927 0.00856609 0.00482949 0.00151948 -0.00110874 -0.00284087 -0.00360366 -0.00340269 -0.00240317 -0.000833007 0.000967602 0.00266843 0.00391025 0.00442897 0.00400967 0.00259132 0.000193094 -0.00301421 -0.00680474 -0.0108509 -0.0148365 -0.0184334 -0.0214065 -0.0235734 -0.024866 -0.0252796 -0.0249052 -0.0238741 -0.0223488 -0.0204892 -0.0184489 -0.0163813 -0.0143923 -0.0125629 -0.0109097 -0.00947823 -0.00826075 -0.00726409 -0.00642211 -0.00573528 -0.00517203 -0.0047323 -0.0043547 -0.00403428 -0.00377095 -0.00355756 -0.00336727 -0.00318127 -0.00303933 -0.00290921 -0.0027917 -0.00266323 -0.00257553 -0.0024877 -0.00239539 -0.00231179 -0.00224738 -0.0021886 -0.00210678 -0.00206232 -0.00201158 -0.0019612 -0.00190568 -0.00187476 -0.00183845 -0.00178168 -0.00176165 -0.00172364 -0.00168771 -0.00165041 -0.00163013 -0.00159822 -0.00155807 -0.00155467 -0.00151506 -0.00149351 -0.00148656 -0.00146457 -0.00144055 -0.00141735 -0.00142379 -0.00139717 -0.00137369 -0.00135685 -0.001333 -0.00135053 -0.00132229 -0.00129246 -0.00130327 -0.00128806 -0.00128179 -0.00128038 -0.00127033 -0.00124926 -0.00123457 -0.00124243 -0.00122534 -0.00122384 -0.00123207 -0.0012082 -0.0012112 -0.00121141 -0.00119584 -0.0012022 -0.00119677 -0.00119125 -0.00119089 -0.00118428 -0.00118729 -0.00118549 
0 1.51414e-05 3.06282e-05 4.47213e-05 5.19224e-05 6.71901e-05 8.07261e-05 9.18073e-05 0.000116014 0.000128085 0.000140383 0.000161417 0.000166925 0.000178716 0.000197075 0.000213584 0.000231536 0.000248842 0.000271961 0.000277953 0.00029491 0.000324919 0.000327142 0.000352349 0.000373055 0.000378435 0.000415347 0.000431729 0.000451989 0.000483112 0.000498009 0.000524181 0.000548388 0.00057776 0.000593527 0.000620875 0.000662669 0.000674338 0.000714916 0.000754661 0.000780293 0.000820176 0.000862879 0.00090638 0.00093363 0.000991554 0.00103982 0.00107316 0.00113383 0.00119216 0.00124801 0.0012983 0.00138209 0.00145462 0.0015177 0.00160978 0.00170843 0.00180557 0.00189634 0.00203047 0.00216344 0.00229448 0.00244638 0.00263656 0.00284509 0.00305653 0.00332817 0.00365601 0.00404495 0.00448518 0.00504838 0.00575017 0.00660166 0.00761544 0.00884768 0.0103346 0.012054 0.0139882 0.0161038 0.0183718 0.0206618 0.0228359 0.0247109 0.0261491 0.0269609 0.0269933 0.0261013 0.0242621 0.0215194 0.0180301 0.0140054 0.00975178 0.0056098 0.00193892 -0.000965835 -0.00289434 -0.00375944 -0.00359093 -0.00254459 -0.000884353 0.0010404 0.00284379 0.00415471 0.0046689 0.00417892 0.00259607 -4.98624e-05 -0.00360049 -0.00779393 -0.0122826 -0.0167106 -0.0207409 -0.0241188 -0.0266407 -0.0282077 -0.0287912 -0.0284948 -0.0274538 -0.0258538 -0.0238343 -0.0215829 -0.0192546 -0.0170116 -0.0149095 -0.0129994 -0.0113058 -0.00987309 -0.00867869 -0.00767349 -0.00683199 -0.00614913 -0.00561351 -0.00515342 -0.00476323 -0.00443635 -0.00418631 -0.00394961 -0.00373446 -0.00355505 -0.00341069 -0.00326661 -0.00312033 -0.00301593 -0.00291443 -0.00281273 -0.00270932 -0.002642 -0.00256585 -0.00247901 -0.00241755 -0.0023595 -0.00229862 -0.0022282 -0.00219192 -0.00214024 -0.00208205 -0.00204807 -0.00200857 -0.00196871 -0.00192594 -0.00190803 -0.00186909 -0.0018319 -0.00182028 -0.00178212 -0.00175502 -0.00173185 -0.00171001 -0.00168327 -0.00165764 -0.00164714 -0.00161595 -0.00160847 -0.00159686 -0.00156708 -0.0015671 -0.00154603 -0.00152863 -0.00152694 -0.00150554 -0.0014899 -0.00147841 -0.0014732 -0.00146331 -0.00145408 -0.00145646 -0.00143751 -0.00142955 -0.00143118 -0.00141348 -0.00141349 -0.0014119 -0.00140054 -0.00140067 -0.00139404 -0.00139257 -0.00139407 -0.0013896 -0.00138989 -0.00138389 
0 2.70383e-05 1.82247e-05 5.10047e-05 7.27829e-05 6.59647e-05 0.000101862 0.000116014 0.000112739 0.000150549 0.000164489 0.000171829 0.000200783 0.000210993 0.000226172 0.000243105 0.000266759 0.000291687 0.000292067 0.000326098 0.000347735 0.000345355 0.000392422 0.000413984 0.000419454 0.000441511 0.000466789 0.000511391 0.000515083 0.000535596 0.000578455 0.000594832 0.000634989 0.000652366 0.000684402 0.000725894 0.000747838 0.00079142 0.000816925 0.000865383 0.000899859 0.000934778 0.000993885 0.00102416 0.00108097 0.00112889 0.00118728 0.00123978 0.00129662 0.00137686 0.0014274 0.00150824 0.00158579 0.00167408 0.00175392 0.00185074 0.00197044 0.00206775 0.00219427 0.00232861 0.00249153 0.00263891 0.00282321 0.0030431 0.0032804 0.00354557 0.00385797 0.0042606 0.00470912 0.00525487 0.00591785 0.00676307 0.00776315 0.00896274 0.0104013 0.012118 0.0140862 0.0162624 0.0186302 0.0211174 0.023614 0.0259178 0.0278799 0.0293122 0.0300704 0.0299469 0.0288421 0.0267043 0.0236448 0.019805 0.0154435 0.0108436 0.0063904 0.00243753 -0.000681092 -0.00277275 -0.00373629 -0.00362445 -0.00258254 -0.000898627 0.00107309 0.00290922 0.00423116 0.00470863 0.00414224 0.00242096 -0.000415731 -0.00422945 -0.00872641 -0.0135636 -0.0183423 -0.0227448 -0.026474 -0.0293412 -0.0311815 -0.0319868 -0.0318107 -0.0308381 -0.0292087 -0.0271105 -0.024691 -0.0221694 -0.019684 -0.017343 -0.0151748 -0.0132396 -0.0115771 -0.0101768 -0.00899779 -0.00799512 -0.0071911 -0.00653361 -0.00599893 -0.00552293 -0.00514821 -0.00483304 -0.00456437 -0.00431068 -0.00409968 -0.00392843 -0.00375331 -0.00360105 -0.00345807 -0.00335172 -0.00322179 -0.00311711 -0.00302359 -0.00293515 -0.00284847 -0.00276243 -0.00270751 -0.00262433 -0.00256672 -0.00250582 -0.002453 -0.00239889 -0.00234281 -0.00231186 -0.00225098 -0.00221925 -0.00217846 -0.00213852 -0.00210733 -0.00206451 -0.00204861 -0.00200563 -0.00198088 -0.00195454 -0.00192473 -0.00192017 -0.00187448 -0.00185308 -0.00184538 -0.00182865 -0.00180833 -0.00176594 -0.00177302 -0.00176439 -0.00172764 -0.00172834 -0.00171097 -0.0016948 -0.0016853 -0.00167693 -0.00167634 -0.00164741 -0.00164653 -0.00164859 -0.00161651 -0.00162972 -0.00162729 -0.00159645 -0.00161531 -0.00160857 -0.00158533 -0.00160406 -0.00159218 -0.00157747 -0.00159735 -0.00158374 
0 5.73156e-06 4.60518e-05 4.58738e-05 6.549e-05 0.000101887 0.000102594 0.000128085 0.000150549 0.000155088 0.000178105 0.000194919 0.000218259 0.000243395 0.000263864 0.000289091 0.000293507 0.00031118 0.000344152 0.000359807 0.000385029 0.000415793 0.000430721 0.000441771 0.000484516 0.000529412 0.000530523 0.000545232 0.000587482 0.000620782 0.000644541 0.000671045 0.00070446 0.000740928 0.000783225 0.000812049 0.000848996 0.000895394 0.000931298 0.000973744 0.00101577 0.00106706 0.00110928 0.00116216 0.00122173 0.00127208 0.00133992 0.00140047 0.00147593 0.00154401 0.00162434 0.00171063 0.00179401 0.00189596 0.00198869 0.00210845 0.00221961 0.00235276 0.00248924 0.00264618 0.00282068 0.00300012 0.00322109 0.00345707 0.00374433 0.00404832 0.00443521 0.00488363 0.00542788 0.00606977 0.0068645 0.00784451 0.00901117 0.0104117 0.0120603 0.0140139 0.016203 0.0186293 0.0212009 0.02389 0.0265061 0.0289056 0.0308656 0.0322557 0.0328723 0.0325686 0.0312087 0.0288011 0.0254428 0.021323 0.0166886 0.0118449 0.00716973 0.0030281 -0.000245469 -0.00246306 -0.00352385 -0.00349344 -0.00250856 -0.000872678 0.0010658 0.00285867 0.00413225 0.00453836 0.00388766 0.00205444 -0.000919809 -0.00490706 -0.00961178 -0.0146863 -0.0197356 -0.0244269 -0.028471 -0.0316403 -0.0337784 -0.0348214 -0.0348485 -0.0339843 -0.0324181 -0.0302815 -0.0277913 -0.0251061 -0.0224416 -0.019859 -0.0174711 -0.015289 -0.0134052 -0.0117785 -0.0104124 -0.00924926 -0.00829802 -0.00752068 -0.00687342 -0.00633623 -0.00587814 -0.00551444 -0.00518277 -0.0049108 -0.0046556 -0.00445127 -0.00425262 -0.00408038 -0.00392264 -0.00377683 -0.00365156 -0.00352203 -0.00341881 -0.00330701 -0.00322054 -0.00312623 -0.00304428 -0.00297072 -0.00289667 -0.00283332 -0.00276309 -0.00271429 -0.00265123 -0.00259811 -0.00255177 -0.00250133 -0.00245502 -0.00240994 -0.00237797 -0.00233082 -0.00229446 -0.00226752 -0.00223516 -0.00220757 -0.00217398 -0.00214397 -0.00212878 -0.00211544 -0.00206954 -0.00203375 -0.00203825 -0.00202404 -0.00198723 -0.0019649 -0.0019593 -0.0019427 -0.00192987 -0.00192668 -0.0019035 -0.00188463 -0.0018714 -0.00186357 -0.00186008 -0.00184179 -0.00184351 -0.00183392 -0.00181286 -0.00182632 -0.00180924 -0.00179763 -0.00181581 -0.00178846 -0.00178751 -0.0018012 -0.00177402 -0.00179012 
0 1.35176e-05 5.28013e-05 5.55811e-05 7.70816e-05 0.000105605 0.000106734 0.000140383 0.000164489 0.000178105 0.000213678 0.000225086 0.00024183 0.00026598 0.000276077 0.000307103 0.000338741 0.000361438 0.000387151 0.000408699 0.000426893 0.000451521 0.000488731 0.000508883 0.000529373 0.000560994 0.000583965 0.000630529 0.000667187 0.000682358 0.000720978 0.000764567 0.000793445 0.000822963 0.000869776 0.000902081 0.000939476 0.000996414 0.00103387 0.00108073 0.0011393 0.00119568 0.00124209 0.00130508 0.00137631 0.00142539 0.00149787 0.0015738 0.00164765 0.00171981 0.00181281 0.00191192 0.00199692 0.00211132 0.00222878 0.00235663 0.00248104 0.00263655 0.00280223 0.00297112 0.0031677 0.00338458 0.00363807 0.00390287 0.00422875 0.00459776 0.00504323 0.00556063 0.00619253 0.00695823 0.00788463 0.00901215 0.0103557 0.0119658 0.0138374 0.0160077 0.0184192 0.0210583 0.0238217 0.0266406 0.0293335 0.0317422 0.0336563 0.0349207 0.0353523 0.0348089 0.0331936 0.0305213 0.0269155 0.0225689 0.0177477 0.0127518 0.00795784 0.00371457 0.000349638 -0.00196007 -0.00311761 -0.00319272 -0.0023211 -0.000803626 0.00101486 0.0026899 0.00385099 0.00415285 0.00340746 0.00148689 -0.00157056 -0.00564634 -0.0104536 -0.0156625 -0.0208845 -0.025795 -0.0300899 -0.0335378 -0.0359598 -0.0372862 -0.037557 -0.0368844 -0.0354304 -0.033347 -0.0308382 -0.0280746 -0.0252555 -0.0224804 -0.019876 -0.0174769 -0.0153603 -0.0135049 -0.011934 -0.0105991 -0.00949312 -0.00856828 -0.00780691 -0.00718127 -0.00665142 -0.00620897 -0.00582492 -0.00551524 -0.00522622 -0.00497923 -0.00475475 -0.00457042 -0.00438821 -0.00421959 -0.00408084 -0.00394779 -0.00382176 -0.00369614 -0.00360523 -0.00349962 -0.00339953 -0.00331527 -0.00323915 -0.00315586 -0.00307518 -0.00302322 -0.00295096 -0.00288656 -0.00283799 -0.00278967 -0.00273264 -0.00268776 -0.0026562 -0.00260221 -0.00256667 -0.0025345 -0.0024871 -0.00245239 -0.00243006 -0.00239271 -0.00234787 -0.00233491 -0.00231383 -0.00228557 -0.00226737 -0.00223597 -0.0022194 -0.00221055 -0.00218766 -0.00216063 -0.00214229 -0.00212512 -0.00210723 -0.00210868 -0.00209404 -0.00207587 -0.00207466 -0.00205087 -0.00204516 -0.00204345 -0.00202205 -0.00202872 -0.00201467 -0.00199762 -0.00201149 -0.00199542 -0.00199609 -0.00200721 -0.00198407 -0.00199029 
0 2.52345e-05 3.8982e-05 6.40468e-05 9.31488e-05 0.000107466 0.000132913 0.000161417 0.000171829 0.000194919 0.000225086 0.000243495 0.000269974 0.000302494 0.000322465 0.000338186 0.000372548 0.000395682 0.000406871 0.000453749 0.000480004 0.000492151 0.00054073 0.000565912 0.000594305 0.000627865 0.000648127 0.000699663 0.000723514 0.000746061 0.000798579 0.000835503 0.000875125 0.000909654 0.000965748 0.00100868 0.00104261 0.00111224 0.00114572 0.00119732 0.00126272 0.00131228 0.00137239 0.00143346 0.00151815 0.00157141 0.00165191 0.00174925 0.00182001 0.00191501 0.00201311 0.00213031 0.00222047 0.00234523 0.00248731 0.00261158 0.00276051 0.0029228 0.00312056 0.00329463 0.00351813 0.00377187 0.00405322 0.00436104 0.00472322 0.00517617 0.00567637 0.00628838 0.00701381 0.00792687 0.0089942 0.010287 0.0118237 0.0136499 0.0157533 0.0181231 0.020752 0.0235644 0.0264918 0.029369 0.0320855 0.0344205 0.0362335 0.0372943 0.0374935 0.0366634 0.0347924 0.0318704 0.0280669 0.0235539 0.0186301 0.0135764 0.00876184 0.00450304 0.00110517 -0.00126397 -0.00252061 -0.00272513 -0.00202426 -0.000695315 0.000915307 0.00239835 0.0033822 0.00354794 0.00269632 0.000713315 -0.0023761 -0.00645538 -0.0112631 -0.0164996 -0.0217956 -0.0268464 -0.0313249 -0.0350156 -0.0377032 -0.0393413 -0.0398931 -0.0394839 -0.0381977 -0.0362517 -0.0337836 -0.0310228 -0.0280891 -0.0251741 -0.0223674 -0.0197802 -0.0174298 -0.0153513 -0.0135631 -0.0120469 -0.0107791 -0.00969208 -0.00881348 -0.00807833 -0.00748282 -0.00694603 -0.00651583 -0.00615081 -0.00583362 -0.0055386 -0.00528297 -0.00508158 -0.00486599 -0.0046814 -0.00450935 -0.00437635 -0.00421868 -0.00408308 -0.00397854 -0.00386133 -0.00375513 -0.0036518 -0.00358416 -0.00348277 -0.00340298 -0.00334374 -0.00326534 -0.00319972 -0.00313373 -0.00308915 -0.00301581 -0.00296556 -0.00292797 -0.00286039 -0.002828 -0.00278678 -0.00274359 -0.00270289 -0.00267465 -0.00265294 -0.00259921 -0.00257939 -0.00255552 -0.0025195 -0.00250035 -0.002459 -0.0024475 -0.00243211 -0.0023911 -0.00238608 -0.00237468 -0.00234872 -0.00233393 -0.0023232 -0.00230512 -0.00228111 -0.00228037 -0.00226986 -0.00224667 -0.00225096 -0.00223756 -0.0022199 -0.00223094 -0.00221904 -0.00220411 -0.00221044 -0.0021962 -0.00218562 -0.0021977 -0.00219194 
0 1.74804e-05 5.41719e-05 7.02216e-05 9.03926e-05 0.000126855 0.000143496 0.000166925 0.000200783 0.000218259 0.00024183 0.000269974 0.000294201 0.000320961 0.000349755 0.000386952 0.000402901 0.000421858 0.00047139 0.000487547 0.000514694 0.000567308 0.000579618 0.000604663 0.000648047 0.000696691 0.000730365 0.000738238 0.000795251 0.000841804 0.000873581 0.000919178 0.000946953 0.00101111 0.00105427 0.00109457 0.00115472 0.00120104 0.00126798 0.00131173 0.00138526 0.00144919 0.00150285 0.00159296 0.0016551 0.0017395 0.00181568 0.00191624 0.00200597 0.00209303 0.00222329 0.00232372 0.00245018 0.00257479 0.00273605 0.00287947 0.00303643 0.00323896 0.00343403 0.00365647 0.00388665 0.00419367 0.00449764 0.00485412 0.00527318 0.00578663 0.00637772 0.00706318 0.00792878 0.00896127 0.01021 0.0116568 0.013415 0.0154467 0.0177785 0.020341 0.0231537 0.0261212 0.029138 0.0320418 0.0346842 0.0369109 0.0385196 0.0393516 0.0392362 0.0381294 0.0359722 0.0328613 0.0288831 0.0243017 0.0193366 0.0143436 0.00958298 0.00540858 0.00201837 -0.000365948 -0.00173486 -0.00208276 -0.00161674 -0.000537282 0.000772899 0.00199824 0.00273365 0.00273924 0.00175956 -0.000252598 -0.00334009 -0.00732971 -0.0120611 -0.0172026 -0.0224989 -0.0275815 -0.0322049 -0.0360649 -0.0390323 -0.0409603 -0.0418653 -0.0417415 -0.0407286 -0.0389589 -0.0366393 -0.0339201 -0.0309637 -0.0279354 -0.0249784 -0.0222108 -0.0196433 -0.0173491 -0.0153252 -0.0136292 -0.0121586 -0.0109284 -0.00988217 -0.00905202 -0.00834133 -0.0077343 -0.00722517 -0.00680552 -0.00645008 -0.00610242 -0.00583108 -0.00557849 -0.00536582 -0.00513769 -0.00496425 -0.00480263 -0.00463675 -0.00449392 -0.00435847 -0.00425255 -0.00411298 -0.00402039 -0.0039199 -0.00382309 -0.00373457 -0.00364932 -0.00358541 -0.00349102 -0.00343928 -0.0033694 -0.00330385 -0.00325358 -0.00319302 -0.00315198 -0.00308582 -0.00305389 -0.00301267 -0.00296156 -0.00292726 -0.00287604 -0.00286522 -0.00282858 -0.0027739 -0.00275039 -0.00273153 -0.00271908 -0.00266868 -0.00264121 -0.00264196 -0.00260383 -0.00258837 -0.00257858 -0.0025492 -0.00252934 -0.00251456 -0.00251033 -0.00248949 -0.0024724 -0.00247684 -0.00245198 -0.00243986 -0.00244708 -0.0024216 -0.00241743 -0.00242505 -0.00240151 -0.00240453 -0.00241065 -0.00238907 -0.00239752 
0 3.04375e-05 4.69878e-05 8.30845e-05 0.000105523 0.000126727 0.000161219 0.000178716 0.000210993 0.000243395 0.00026598 0.000302494 0.000320961 0.000346759 0.0003794 0.000398395 0.000443335 0.000480924 0.000505914 0.000538077 0.000564887 0.000598385 0.000630813 0.000681928 0.000712936 0.000724102 0.000784627 0.000831014 0.00087146 0.000912924 0.000943267 0.0010056 0.00104907 0.00109567 0.00114237 0.00119369 0.00126188 0.00130445 0.00137706 0.00143848 0.00150422 0.0015816 0.00164714 0.0017371 0.00180681 0.00190187 0.00198983 0.00208568 0.00219299 0.00229263 0.00242482 0.00253766 0.00268007 0.00282152 0.00298613 0.00315388 0.00333191 0.0035515 0.00376636 0.0040187 0.00428511 0.00461922 0.00496806 0.00537577 0.00586167 0.0064435 0.00712594 0.00792243 0.00892011 0.0101048 0.0115239 0.0131675 0.0151332 0.0173845 0.0199195 0.0226711 0.0256339 0.0287102 0.0317604 0.0346192 0.0371329 0.0391659 0.0405189 0.0410454 0.0405998 0.0391803 0.0367696 0.0334795 0.0294054 0.0248062 0.0199087 0.0150447 0.0104462 0.00640761 0.00309694 0.000703325 -0.000759087 -0.00129617 -0.00109693 -0.000354292 0.000596677 0.00147306 0.00192097 0.00171271 0.000614969 -0.00142764 -0.0044481 -0.00829948 -0.0128463 -0.0178184 -0.0229961 -0.0280454 -0.032719 -0.0367219 -0.039919 -0.0421572 -0.043415 -0.0436443 -0.0429497 -0.0414456 -0.0393299 -0.0367331 -0.0338149 -0.0307375 -0.0276726 -0.0247433 -0.0219872 -0.0194763 -0.017236 -0.0153241 -0.0136612 -0.0122555 -0.0110553 -0.0100889 -0.00926555 -0.00857229 -0.00798377 -0.00749892 -0.0070867 -0.00670575 -0.00639343 -0.00610605 -0.00586682 -0.00562263 -0.00542621 -0.00523749 -0.00506519 -0.00490691 -0.0047547 -0.00463046 -0.00449014 -0.00438306 -0.00426291 -0.00416595 -0.00406734 -0.00397081 -0.00389453 -0.0038045 -0.00373998 -0.00365859 -0.00360205 -0.00353778 -0.00347032 -0.00342972 -0.00336712 -0.00331954 -0.00326307 -0.00322581 -0.00318728 -0.00313155 -0.00309744 -0.0030509 -0.00303755 -0.00300924 -0.00295104 -0.00293276 -0.00291425 -0.00289136 -0.00285997 -0.00283266 -0.00280918 -0.00277712 -0.00277481 -0.00275714 -0.00273286 -0.00272743 -0.002701 -0.00268993 -0.00268104 -0.00266351 -0.00266309 -0.00264409 -0.00263235 -0.00263087 -0.00261444 -0.00261915 -0.00261766 -0.00260639 -0.00261182 -0.00259917 
0 3.9667e-05 4.41755e-05 9.20587e-05 0.000116869 0.000131225 0.000181741 0.000197075 0.000226172 0.000263864 0.000276077 0.000322465 0.000349755 0.0003794 0.000430919 0.000436381 0.000475252 0.00051606 0.000523431 0.000581821 0.000624121 0.00064887 0.000690987 0.000728874 0.000774968 0.000804393 0.000855173 0.00089779 0.000920513 0.00098856 0.00102861 0.00107567 0.0011429 0.00118145 0.00124674 0.00130825 0.0013677 0.00142499 0.00149005 0.00157073 0.0016228 0.00170785 0.00179318 0.00186685 0.00196252 0.00205825 0.00216543 0.00226102 0.00238477 0.00251025 0.00262926 0.00277424 0.00292032 0.003085 0.00324703 0.00343978 0.00364527 0.00386497 0.00411561 0.00438669 0.00470581 0.00505283 0.00546383 0.0059298 0.00648979 0.00715105 0.00793229 0.00887257 0.010001 0.0113639 0.012953 0.0148255 0.016988 0.0194604 0.0221748 0.0251019 0.0281754 0.0313039 0.0343251 0.0370683 0.039396 0.0411552 0.0421993 0.0423584 0.0415739 0.0398252 0.0371951 0.0337479 0.0296538 0.0250976 0.0203685 0.0157022 0.0113565 0.00750206 0.0043298 0.00193598 0.000391526 -0.000374032 -0.000476695 -0.000146966 0.000386896 0.000834741 0.000953587 0.000484795 -0.000727491 -0.00279772 -0.0056977 -0.00936518 -0.0136377 -0.0183681 -0.0233189 -0.0282613 -0.0328937 -0.0370011 -0.0403775 -0.0429263 -0.044528 -0.0451589 -0.0448266 -0.0436685 -0.0418138 -0.0394158 -0.036602 -0.0335474 -0.0304255 -0.0273636 -0.0244493 -0.0217329 -0.0192961 -0.0171458 -0.0152939 -0.0136889 -0.0123422 -0.0112077 -0.0102673 -0.00947158 -0.00880275 -0.00824171 -0.00775723 -0.00735013 -0.00698128 -0.00666693 -0.00637795 -0.00613187 -0.0058977 -0.00568248 -0.00549774 -0.00531994 -0.00515906 -0.0049988 -0.00487434 -0.00474099 -0.00461419 -0.00451094 -0.00440679 -0.00430941 -0.00420796 -0.00413808 -0.00404777 -0.00396153 -0.00390317 -0.00382418 -0.00375679 -0.00369131 -0.00364233 -0.00358068 -0.00352281 -0.00349075 -0.00342738 -0.00339794 -0.00336313 -0.00330383 -0.0032792 -0.00324064 -0.00320439 -0.00316908 -0.00314184 -0.0031123 -0.00306557 -0.00306964 -0.00304656 -0.00300557 -0.00300771 -0.00297021 -0.00294858 -0.00294236 -0.00291414 -0.00291432 -0.00288705 -0.00286968 -0.00287639 -0.00284543 -0.00285445 -0.00285592 -0.00281978 -0.00283372 -0.00281721 -0.00279228 -0.00282182 -0.0028067 
0 3.00175e-05 5.68644e-05 9.28624e-05 0.000121625 0.000150316 0.000190484 0.000213584 0.000243105 0.000289091 0.000307103 0.000338186 0.000386952 0.000398395 0.000436381 0.000494484 0.000509206 0.000549204 0.000599148 0.000619604 0.000661723 0.000703584 0.000744252 0.000782158 0.000811176 0.000881217 0.000930428 0.000951218 0.00101092 0.00107321 0.00112055 0.00116109 0.0012221 0.00128453 0.00133183 0.00140846 0.00146747 0.0015295 0.00161809 0.00168821 0.00176353 0.00184958 0.00194669 0.00202716 0.00212021 0.00223943 0.0023341 0.00244568 0.00257609 0.00271077 0.00283967 0.00299088 0.00316943 0.00333313 0.00352035 0.00373456 0.00396836 0.00420699 0.00448085 0.00480293 0.00514827 0.00554151 0.00599955 0.00654771 0.00717731 0.00792628 0.00882748 0.00990898 0.0111977 0.0127214 0.0145195 0.0166002 0.0189806 0.0216335 0.0245261 0.0275846 0.030733 0.0338464 0.0367708 0.0393404 0.0414087 0.0428448 0.0435059 0.0432849 0.0421308 0.0400913 0.0372446 0.0337134 0.029637 0.0252312 0.0207264 0.0163611 0.0123073 0.00871564 0.00569505 0.00334531 0.00169203 0.000696454 0.000224767 0.000108305 0.000140561 0.000123296 -0.00015967 -0.000898474 -0.00225952 -0.00432057 -0.00709176 -0.0105017 -0.0144641 -0.0188521 -0.0235179 -0.0282392 -0.0327819 -0.0369085 -0.0404513 -0.0432594 -0.045224 -0.0462546 -0.0463541 -0.0455873 -0.0440747 -0.041934 -0.0393047 -0.0363466 -0.0332244 -0.0300828 -0.0270258 -0.0241484 -0.0215043 -0.01914 -0.0170586 -0.0152691 -0.013737 -0.0124377 -0.0113436 -0.0104356 -0.00967451 -0.00901668 -0.00846431 -0.00799802 -0.00759755 -0.00722589 -0.00691043 -0.00663995 -0.00638563 -0.00614623 -0.00593899 -0.005763 -0.00557266 -0.00540669 -0.00526431 -0.00512577 -0.00498189 -0.0048595 -0.00475887 -0.00463366 -0.00453277 -0.00444609 -0.00435388 -0.00426241 -0.00418802 -0.00412481 -0.00403919 -0.00398254 -0.00392345 -0.00385355 -0.00380975 -0.00375304 -0.00369147 -0.00364099 -0.00361358 -0.00356525 -0.00349822 -0.00348055 -0.00345344 -0.00341006 -0.00337661 -0.00334291 -0.00332924 -0.00329131 -0.00325491 -0.00324926 -0.00321102 -0.00318425 -0.00318424 -0.00315535 -0.00313134 -0.00312707 -0.00311249 -0.00309247 -0.00308407 -0.00307452 -0.00305027 -0.00304385 -0.00304591 -0.00302904 -0.00303307 -0.00303746 -0.00301527 -0.00301767 
0 2.95783e-05 7.0329e-05 9.61272e-05 0.00013069 0.000168961 0.000192208 0.000231536 0.000266759 0.000293507 0.000338741 0.000372548 0.000402901 0.000443335 0.000475252 0.000509206 0.000547975 0.000595893 0.000635657 0.000668177 0.000717766 0.000749217 0.000790267 0.000855884 0.00089543 0.000928467 0.000972042 0.00103908 0.00110083 0.0011367 0.00119101 0.0012538 0.0013242 0.00137957 0.00143516 0.00151704 0.00157966 0.00165384 0.0017343 0.00181349 0.00189644 0.0019864 0.00209106 0.00217544 0.00228801 0.00240691 0.00251669 0.0026409 0.00278063 0.00293024 0.0030641 0.00323967 0.00342268 0.00360513 0.00380586 0.00404247 0.00429892 0.00455278 0.00486672 0.00521914 0.00561328 0.00604461 0.00657684 0.00720224 0.0079211 0.00877637 0.00981148 0.0110595 0.0125092 0.0142277 0.0162278 0.0185384 0.0211087 0.0239408 0.02697 0.0301302 0.0332897 0.0363235 0.0390815 0.0414067 0.0431586 0.0442006 0.0444446 0.0438057 0.0423018 0.0399753 0.036966 0.0333813 0.0294086 0.0252099 0.0210242 0.0170048 0.013313 0.0100063 0.00718508 0.00487593 0.00312593 0.00185862 0.00099516 0.000367839 -0.000136339 -0.000685364 -0.00139719 -0.00245309 -0.00395695 -0.0060165 -0.00861447 -0.0117463 -0.0153306 -0.0193322 -0.0236163 -0.0280517 -0.0324058 -0.0365065 -0.0401455 -0.0431935 -0.0454811 -0.0469307 -0.0474769 -0.0471641 -0.0460426 -0.0442309 -0.0418525 -0.0390642 -0.0360124 -0.0328375 -0.0296887 -0.0266654 -0.0238518 -0.021265 -0.0189725 -0.0169699 -0.0152603 -0.0137736 -0.0125241 -0.0114828 -0.0106171 -0.00986495 -0.00922513 -0.00870406 -0.00824587 -0.00783682 -0.00747056 -0.00717743 -0.00689139 -0.00662797 -0.00639647 -0.00619786 -0.00599842 -0.0058063 -0.0056564 -0.00549953 -0.00535231 -0.00521511 -0.00510336 -0.00497988 -0.00486415 -0.00477419 -0.00467123 -0.0045812 -0.00449402 -0.00441872 -0.00433541 -0.00426481 -0.00420597 -0.00412601 -0.00406842 -0.0040165 -0.00396713 -0.00390622 -0.00384475 -0.00381631 -0.00378056 -0.00373258 -0.00367575 -0.00364443 -0.00362922 -0.00358315 -0.00354956 -0.00352097 -0.00348686 -0.00346528 -0.00344316 -0.00342457 -0.00339736 -0.0033761 -0.00336237 -0.00333532 -0.00332488 -0.00331416 -0.00329224 -0.00328623 -0.00327371 -0.00325957 -0.00325671 -0.00324641 -0.00323988 -0.00323757 -0.00322975 -0.00322838 
0 3.25469e-05 7.99313e-05 0.000103093 0.00013732 0.000181025 0.000202142 0.000248842 0.000291687 0.00031118 0.000361438 0.000395682 0.000421858 0.000480924 0.00051606 0.000549204 0.000595893 0.00062548 0.000667132 0.000714865 0.000763604 0.000818483 0.000856618 0.00089667 0.000953254 0.00100569 0.00105727 0.00111223 0.00115521 0.00121369 0.00128749 0.00134598 0.00140732 0.00147364 0.00155152 0.00162325 0.00169384 0.00178037 0.00185448 0.00194704 0.0020355 0.00213038 0.00223707 0.00233493 0.00246061 0.00257414 0.00270584 0.00284027 0.00298771 0.00314875 0.00329907 0.0034941 0.00367956 0.00388918 0.0041076 0.00436602 0.00464302 0.00492683 0.0052814 0.00566485 0.00611245 0.0065968 0.00720951 0.00791501 0.00873817 0.00971681 0.0109004 0.0123204 0.013947 0.0158716 0.0180793 0.0206086 0.0233548 0.0263419 0.0294726 0.0326817 0.0357896 0.0386768 0.0412011 0.0432178 0.0445931 0.0451937 0.0449899 0.0439292 0.0420912 0.0395134 0.0363857 0.0328077 0.0290062 0.0250907 0.0212893 0.0176715 0.0143798 0.0113905 0.00878813 0.00653106 0.00467501 0.00311522 0.00182411 0.000649742 -0.000432932 -0.00155122 -0.00273082 -0.0041293 -0.00579075 -0.00784201 -0.0102507 -0.013075 -0.0162474 -0.0198112 -0.0236513 -0.0277234 -0.031815 -0.0358195 -0.0394995 -0.0427394 -0.0453206 -0.0471772 -0.048186 -0.0483635 -0.0476885 -0.0462696 -0.0442126 -0.0416664 -0.0387578 -0.0356168 -0.0324271 -0.0292941 -0.0263352 -0.0235471 -0.0210475 -0.0188248 -0.016921 -0.0152402 -0.0138205 -0.0126266 -0.0116338 -0.0107798 -0.0100438 -0.0094512 -0.00892413 -0.00847541 -0.00805907 -0.007729 -0.00741162 -0.00712615 -0.00687178 -0.00664147 -0.00643632 -0.00622456 -0.00605911 -0.00588435 -0.00573408 -0.00558631 -0.00545215 -0.00533307 -0.00520559 -0.0051046 -0.00499218 -0.00490031 -0.00480483 -0.00471358 -0.00463804 -0.00454913 -0.00448108 -0.00441358 -0.00434668 -0.00427827 -0.00422215 -0.00418239 -0.00412045 -0.00406646 -0.0040226 -0.00397539 -0.00394016 -0.00390003 -0.00384912 -0.0038112 -0.00378382 -0.00375624 -0.00373267 -0.00369823 -0.00366911 -0.00364875 -0.00361558 -0.00360221 -0.00358955 -0.00355681 -0.00354149 -0.0035264 -0.00350667 -0.00350126 -0.00349618 -0.00348399 -0.00347038 -0.00346192 -0.00344789 -0.00343763 -0.00344372 -0.00344087 
