0 0 0 0 0 0 0 0 0 0 0 0 0 0 0 0 0 0 0 0 0 0 0 0 0 0 0 0 0 0 0 0 0 0 0 0 0 0 0 0 0 0 0 0 0 0 0 0 0 0 0 0 0 0 0 0 0 0 0 0 0 0 0 0 0 0 0 0 0 0 0 0 0 0 0 0 0 0 0 0 0 0 0 0 0 0 0 0 0 0 0 0 0 0 0 0 0 0 0 0 0 0 0 0 0 0 0 0 0 0 0 0 0 0 0 0 0 0 0 0 0 0 0 0 0 0 0 0 0 0 0 0 0 0 0 0 0 0 0 0 0 0 0 0 0 0 0 0 0 0 0 0 0 0 0 0 0 0 0 0 0 0 0 0 0 0 0 0 0 0 0 0 0 0 0 0 0 0 0 0 0 0 0 0 0 0 0 0 0 0 0 0 0 0 0 0 0 0 0 0 
0 2.74069e-05 1.21862e-05 3.19461e-05 6.3572e-05 4.71519e-05 6.37152e-05 0.000105029 8.86999e-05 9.16299e-05 0.000135849 0.000148592 0.000159017 0.000163624 0.000163547 0.00020914 0.000227627 0.000221505 0.000267406 0.000290746 0.000292262 0.000330035 0.000353877 0.000371689 0.000409449 0.000451326 0.000495287 0.000533174 0.000590978 0.00066402 0.000719864 0.000800277 0.000919331 0.00104207 0.00118511 0.00137878 0.00161551 0.00188245 0.00218128 0.00254025 0.00294887 0.00335496 0.00377364 0.00419187 0.00456995 0.004859 0.00500284 0.00501767 0.00484206 0.00444 0.00379793 0.00292355 0.00188837 0.000678998 -0.000629265 -0.00198845 -0.00329522 -0.00446123 -0.00546969 -0.00624684 -0.00681057 -0.00708482 -0.00710935 -0.00689105 -0.00649174 -0.00597654 -0.00535659 -0.00471021 -0.00401444 -0.00336583 -0.00273891 -0.00221106 -0.0017497 -0.00138035 -0.00108016 -0.000833125 -0.000649147 -0.000485805 -0.000384484 -0.000282674 -0.000239484 -0.000180863 -0.000172186 -0.000139368 -0.000145888 -0.000126627 -0.000136747 -0.000124789 -0.000133365 -0.000126153 -0.000131615 -0.000128058 -0.00013036 -0.000129736 -0.000129384 -0.000131003 -0.000128675 -0.000131836 -0.000128245 -0.000132245 -0.000128102 -0.000132245 -0.000128245 -0.000131835 -0.000128674 -0.000131001 -0.000129379 -0.000129721 -0.000130321 -0.000127958 -0.000131367 -0.000125563 -0.000132012 -0.000121809 -0.000130442 -0.000113827 -0.000120972 -9.28982e-05 -8.91955e-05 -3.89722e-05 -7.19936e-06 8.17427e-05 0.000164378 0.000310179 0.000467191 0.000689238 0.00095064 0.00128351 0.0016967 0.00218644 0.00277951 0.00341719 0.00412353 0.00480414 0.00548666 0.00608474 0.00660768 0.00697525 0.00713973 0.00705954 0.00668923 0.00608202 0.005214 0.00415831 0.00290269 0.00153792 0.000145041 -0.00119681 -0.00240677 -0.00348823 -0.00435793 -0.00500266 -0.00539157 -0.00556332 -0.00557027 -0.00539979 -0.00510164 -0.00470937 -0.00429322 -0.00386939 -0.00342586 -0.00301666 -0.00265943 -0.00234867 -0.00206659 -0.00182125 -0.00163849 -0.00148256 -0.00133067 -0.00121787 -0.0011355 -0.00105173 -0.000980052 -0.000928821 -0.000893504 -0.000850885 -0.000807495 -0.00079563 -0.000762266 -0.000718631 -0.000717605 -0.000690429 -0.000653214 -0.000656667 -0.000649594 -0.000636171 -0.00061588 -0.000590833 -0.000605871 -0.000600102 -0.000560227 -0.000562565 -0.000572403 -0.000563706 -0.000563321 -0.000552546 -0.00054099 -0.000540539 -0.000537888 -0.000542776 
0 1.21862e-05 5.13961e-05 7.56711e-05 8.44314e-05 0.000122243 0.000155476 0.000154973 0.000190793 0.000247438 0.000241147 0.000249607 0.000315315 0.000343867 0.000369418 0.000416491 0.000430162 0.000469688 0.000523428 0.000548042 0.0005998 0.000654813 0.000713744 0.000777487 0.000820466 0.000913574 0.000992104 0.00105063 0.00118868 0.00131066 0.00144426 0.00163456 0.00184592 0.00212273 0.00240876 0.0027839 0.00326754 0.00377014 0.00439102 0.00509612 0.00588905 0.00672631 0.00753677 0.00838362 0.00911183 0.00966604 0.00996574 0.00994532 0.0095974 0.00875941 0.00748041 0.00575087 0.00366424 0.00129264 -0.00132628 -0.00398011 -0.00657151 -0.00887729 -0.0108588 -0.0124197 -0.0134981 -0.0140761 -0.0141006 -0.0137045 -0.0129113 -0.0118982 -0.0106847 -0.00938447 -0.00803993 -0.00672218 -0.00551846 -0.00443386 -0.0035458 -0.00278143 -0.00219617 -0.00169208 -0.00132061 -0.00100231 -0.000778807 -0.000598161 -0.000477599 -0.000392869 -0.000334132 -0.000305698 -0.000275859 -0.00027488 -0.000254818 -0.000265495 -0.000247333 -0.000262642 -0.000244292 -0.000261399 -0.000242788 -0.000260525 -0.00024196 -0.000259824 -0.000241508 -0.00025932 -0.000241287 -0.000259056 -0.000241222 -0.000259056 -0.000241287 -0.000259319 -0.000241507 -0.000259819 -0.000241948 -0.000260491 -0.000242699 -0.000261172 -0.000243738 -0.000261335 -0.00024437 -0.000259031 -0.000241273 -0.000247634 -0.000223286 -0.000208449 -0.000161766 -0.000100192 -1.36644e-06 0.000145134 0.000336076 0.000609579 0.000935344 0.00138053 0.00189937 0.00258659 0.00339117 0.00440295 0.00554884 0.00685437 0.00822172 0.009605 0.0109389 0.0121356 0.0131661 0.0138688 0.0142059 0.0140076 0.0133061 0.0120668 0.0103657 0.00825283 0.00576659 0.00308608 0.000309518 -0.00231712 -0.00474974 -0.00686636 -0.00859622 -0.00988294 -0.010652 -0.0110379 -0.0110314 -0.01073 -0.0101551 -0.00939455 -0.00860226 -0.00773874 -0.00689708 -0.00608015 -0.00535547 -0.00474317 -0.00414883 -0.0036771 -0.00328674 -0.00295566 -0.00268617 -0.00243823 -0.00228593 -0.00213004 -0.00197317 -0.00189137 -0.00178799 -0.00169647 -0.0016267 -0.0015603 -0.00152168 -0.00145538 -0.00141586 -0.00140202 -0.00134275 -0.00131539 -0.00129054 -0.00123462 -0.00123627 -0.00123088 -0.00117539 -0.00116405 -0.00117774 -0.00115428 -0.00112448 -0.00111525 -0.00110675 -0.00109652 -0.00110094 -0.00110188 -0.00108906 -0.00108236 
0 3.19461e-05 7.56711e-05 0.00010832 0.000135672 0.00018121 0.000221123 0.000246387 0.000291321 0.000341024 0.000371053 0.000414238 0.000466948 0.000504035 0.000552032 0.000608476 0.000656819 0.000717813 0.000781198 0.000840456 0.000911074 0.000983969 0.00106654 0.00115491 0.00124651 0.00136806 0.00149114 0.00162066 0.00179742 0.00198735 0.00220305 0.00247668 0.00280384 0.0032024 0.00366787 0.00424256 0.0049459 0.00573953 0.00666587 0.00772461 0.00888582 0.0101089 0.0113273 0.0125226 0.0135707 0.0143462 0.0147587 0.0147026 0.0141134 0.0128654 0.0109443 0.00839681 0.00529882 0.00177822 -0.00206004 -0.00597879 -0.00976506 -0.0131941 -0.0161128 -0.0184285 -0.0200234 -0.0208749 -0.0209525 -0.0203742 -0.0192512 -0.0177413 -0.0159702 -0.0140311 -0.0120513 -0.0100993 -0.00830736 -0.00670151 -0.0053514 -0.00422014 -0.00331011 -0.0025724 -0.00198526 -0.00152795 -0.00116911 -0.000913601 -0.000716571 -0.000597465 -0.000502068 -0.000460144 -0.000417238 -0.000410012 -0.000389527 -0.000394149 -0.000382274 -0.000389275 -0.000381048 -0.000387371 -0.00038126 -0.000386245 -0.000381687 -0.000385436 -0.000382042 -0.000384887 -0.000382262 -0.000384608 -0.000382336 -0.000384608 -0.000382262 -0.000384886 -0.000382039 -0.000385428 -0.000381664 -0.000386182 -0.000381096 -0.000386961 -0.00038006 -0.000386984 -0.000377156 -0.000383151 -0.000366813 -0.000364952 -0.000331439 -0.000303417 -0.000227519 -0.000136239 2.68374e-05 0.000237363 0.000546039 0.00093977 0.00145708 0.00210641 0.00291774 0.00393145 0.00516228 0.00665548 0.00836751 0.010291 0.0123062 0.0143561 0.016308 0.0180863 0.0195613 0.0205914 0.0210361 0.0207463 0.0196996 0.0178751 0.0153688 0.0122336 0.00860194 0.00465157 0.000602144 -0.00329114 -0.00688598 -0.0100175 -0.0125931 -0.0145029 -0.0157207 -0.0163225 -0.0163637 -0.0159481 -0.015138 -0.014074 -0.0128868 -0.0116303 -0.0103838 -0.00918657 -0.00811088 -0.00716228 -0.00631016 -0.00559435 -0.00499518 -0.0044953 -0.00407459 -0.00371772 -0.00344409 -0.00320341 -0.0029914 -0.00283341 -0.00268956 -0.00256313 -0.00245774 -0.00236242 -0.00228377 -0.00220305 -0.00213362 -0.00208087 -0.0020187 -0.00197202 -0.00193614 -0.00188568 -0.0018534 -0.00182973 -0.00178755 -0.00175987 -0.00174551 -0.0017177 -0.00169585 -0.00168678 -0.0016721 -0.00165741 -0.00164815 -0.00163508 -0.00162566 -0.00162909 
0 6.3572e-05 8.44314e-05 0.000135672 0.000207698 0.000232557 0.000273734 0.000360637 0.000396443 0.000415936 0.00050855 0.000582576 0.000609265 0.00067522 0.000740681 0.000802962 0.000896477 0.00095842 0.00103462 0.00114194 0.00121783 0.00132346 0.00143205 0.00153767 0.00169713 0.00182721 0.00199492 0.00221603 0.00240875 0.00268548 0.00299811 0.00335203 0.00382062 0.0043333 0.0050004 0.00578496 0.00668543 0.00779671 0.00901379 0.0104172 0.0119331 0.0135024 0.0151261 0.0166033 0.0179223 0.0188719 0.0193345 0.0192155 0.0183136 0.0166516 0.0140898 0.0107486 0.00669469 0.00206033 -0.00288818 -0.00799746 -0.0128733 -0.0173608 -0.0211674 -0.0241781 -0.0262819 -0.0273751 -0.0275543 -0.0268136 -0.0254243 -0.0234543 -0.0211628 -0.0186335 -0.0160382 -0.0135102 -0.0111295 -0.00904473 -0.00720974 -0.00573081 -0.00447058 -0.00350453 -0.00268935 -0.00208758 -0.0015951 -0.00124775 -0.00098641 -0.000806916 -0.000694778 -0.000608906 -0.000577883 -0.000533212 -0.000539197 -0.000508058 -0.000528691 -0.000500402 -0.000526259 -0.000498092 -0.000525557 -0.000497372 -0.000525079 -0.000497171 -0.000524643 -0.000497147 -0.000524329 -0.000497164 -0.000524214 -0.000497164 -0.000524328 -0.000497145 -0.000524638 -0.000497155 -0.000525037 -0.000497262 -0.000525275 -0.000497402 -0.000524626 -0.000496684 -0.000520535 -0.000490842 -0.000504261 -0.000465084 -0.000450284 -0.000379464 -0.000298742 -0.000150566 5.87844e-05 0.000353778 0.000771531 0.00129602 0.00201002 0.00286471 0.00399016 0.00532055 0.00700456 0.00894726 0.0112357 0.0137221 0.0163748 0.0190378 0.0215817 0.0238978 0.0257606 0.027082 0.0275718 0.0272012 0.0257943 0.0234369 0.0201515 0.016056 0.0113644 0.0062277 0.00102655 -0.00407934 -0.00875191 -0.0128624 -0.0162418 -0.0187597 -0.0204708 -0.0213066 -0.021463 -0.0209693 -0.0199951 -0.0187028 -0.0171495 -0.0155594 -0.0139237 -0.0123827 -0.0109668 -0.00965919 -0.00857058 -0.00758746 -0.00677098 -0.00609525 -0.00550181 -0.0050541 -0.00463491 -0.00430511 -0.00405466 -0.00379262 -0.0036132 -0.00344709 -0.00329055 -0.00317881 -0.0030436 -0.0029536 -0.00287143 -0.00276194 -0.00270744 -0.00264136 -0.00257477 -0.00254911 -0.00247403 -0.00241152 -0.00241423 -0.00237175 -0.0023035 -0.00228975 -0.002284 -0.00225248 -0.002231 -0.00221933 -0.00219585 -0.00218049 -0.00217991 -0.00217392 
0 4.71519e-05 0.000122243 0.00018121 0.000232557 0.000308886 0.000367268 0.000416639 0.000498557 0.000568276 0.000625448 0.000694903 0.00076118 0.000862624 0.000960813 0.0010099 0.00110761 0.00122165 0.00129497 0.0014145 0.00154581 0.0016609 0.00180964 0.00196673 0.00213825 0.0023173 0.00252579 0.00279589 0.00306522 0.00339764 0.00382808 0.00430268 0.00487846 0.00557337 0.0064186 0.00741347 0.00855388 0.00992543 0.0114754 0.0131792 0.0150237 0.0169427 0.0188721 0.0206297 0.0221155 0.0231837 0.0236471 0.0233598 0.0221529 0.0199996 0.0168431 0.0127254 0.00776282 0.00213161 -0.00387204 -0.0099993 -0.0159053 -0.0213197 -0.0259571 -0.029611 -0.0321651 -0.0335379 -0.0337936 -0.0329943 -0.0313456 -0.0290139 -0.0262283 -0.0231701 -0.020014 -0.0169306 -0.0140288 -0.0114385 -0.00917582 -0.00729208 -0.00572575 -0.00447483 -0.00346397 -0.0026792 -0.00206826 -0.0016118 -0.00128064 -0.00104406 -0.000891449 -0.000783311 -0.000727201 -0.000681009 -0.000667896 -0.000646103 -0.000648815 -0.000635072 -0.000642606 -0.000631355 -0.000640018 -0.000629774 -0.000638511 -0.000628928 -0.000637512 -0.000628452 -0.000636921 -0.000628233 -0.000636724 -0.000628233 -0.00063692 -0.000628449 -0.000637502 -0.000628901 -0.000638438 -0.000629586 -0.000639551 -0.000630231 -0.000640001 -0.000629257 -0.000636309 -0.000620223 -0.000616384 -0.000582446 -0.000545977 -0.00046317 -0.000348029 -0.000157269 0.000112092 0.000496987 0.00101789 0.00170064 0.00258734 0.00369745 0.00510029 0.00680867 0.00889504 0.0113303 0.0141274 0.0171774 0.0204022 0.0236371 0.0267324 0.0295025 0.0317319 0.0332323 0.0337752 0.0332509 0.0315346 0.0286543 0.024651 0.0196919 0.0140051 0.00785192 0.00156326 -0.00459756 -0.0102946 -0.0153076 -0.0194341 -0.0225893 -0.0247605 -0.0259325 -0.0262239 -0.0257424 -0.0246935 -0.0232105 -0.0214169 -0.0194959 -0.0175476 -0.0156867 -0.013919 -0.0123075 -0.0109172 -0.00969252 -0.00864386 -0.00774921 -0.00702242 -0.00642544 -0.00588841 -0.00547399 -0.005132 -0.00481748 -0.00455875 -0.00433531 -0.00415447 -0.00397646 -0.00382303 -0.00372186 -0.0035906 -0.00348462 -0.00342198 -0.00331513 -0.00322366 -0.00316994 -0.00311098 -0.00305635 -0.00299354 -0.00295016 -0.00293259 -0.00288883 -0.00284453 -0.00281617 -0.0027851 -0.00277004 -0.00276163 -0.00275149 -0.0027427 -0.00272009 
0 6.37152e-05 0.000155476 0.000221123 0.000273734 0.000367268 0.000449182 0.000502718 0.00059391 0.000688913 0.000756715 0.00084807 0.000940863 0.00102693 0.0011359 0.00122914 0.00133803 0.00148008 0.00158406 0.00171286 0.00188126 0.00201103 0.00218139 0.0023899 0.00258166 0.00282504 0.00309889 0.00341023 0.00377763 0.00417935 0.00470599 0.00531322 0.00600219 0.00689204 0.00792577 0.00914042 0.0105602 0.0121874 0.0140633 0.0160568 0.0181932 0.020418 0.0225635 0.0245315 0.0261021 0.0271959 0.027585 0.0270519 0.0255188 0.0228546 0.0191231 0.0142793 0.00848244 0.0019755 -0.00497656 -0.011984 -0.0188109 -0.0250403 -0.0304235 -0.0346699 -0.0376372 -0.0393071 -0.0396549 -0.0388626 -0.0370048 -0.0343841 -0.0311625 -0.0276309 -0.0239704 -0.0203642 -0.0169851 -0.013892 -0.0112219 -0.00891353 -0.00704536 -0.00548716 -0.00428047 -0.00329905 -0.00256673 -0.00199639 -0.00158791 -0.00129655 -0.00109207 -0.000970168 -0.000875586 -0.000841162 -0.000794724 -0.000798299 -0.000768497 -0.000786199 -0.000760771 -0.00078304 -0.000758508 -0.000781969 -0.000757771 -0.00078132 -0.000757498 -0.000780847 -0.000757394 -0.000780587 -0.000757368 -0.000780586 -0.000757392 -0.00078084 -0.00075748 -0.000781273 -0.000757648 -0.000781658 -0.000757749 -0.000781252 -0.000756713 -0.000777321 -0.000749793 -0.000760372 -0.000720745 -0.000702401 -0.000625361 -0.000536342 -0.000368658 -0.000135317 0.000209024 0.000689875 0.00132362 0.0021778 0.00324218 0.00462884 0.00630835 0.00841538 0.0108867 0.0138142 0.017074 0.0206546 0.0243844 0.0281311 0.0317039 0.0348473 0.0373742 0.0389728 0.0395326 0.0388163 0.0368138 0.0334446 0.0288094 0.023096 0.0165383 0.00951896 0.00227057 -0.0047973 -0.0114208 -0.0172546 -0.0220971 -0.0258915 -0.0285368 -0.0301126 -0.0306077 -0.030239 -0.02919 -0.0275878 -0.025638 -0.0234381 -0.0212287 -0.0190636 -0.0169782 -0.0150919 -0.0133919 -0.0119355 -0.0106498 -0.00953727 -0.00865249 -0.00787208 -0.00721919 -0.00668696 -0.00623154 -0.0058674 -0.00552765 -0.00525829 -0.00504583 -0.00481256 -0.00464163 -0.00449673 -0.00432892 -0.00421038 -0.004102 -0.00399236 -0.00390874 -0.0038171 -0.00374863 -0.00369254 -0.00360863 -0.00355643 -0.00352285 -0.00346167 -0.0034217 -0.00340174 -0.0033708 -0.00334464 -0.00331714 -0.00329321 -0.00328601 -0.00327929 
0 0.000105029 0.000154973 0.000246387 0.000360637 0.000416639 0.000502718 0.000629038 0.000698627 0.000777413 0.000899471 0.00100368 0.00111524 0.00121296 0.00130893 0.00146678 0.0015945 0.00170715 0.00188142 0.0020314 0.00219541 0.00239771 0.00258125 0.00281872 0.00307571 0.00334653 0.00369623 0.0040633 0.00450416 0.00503807 0.00564348 0.00639613 0.00726534 0.00831407 0.00957442 0.0110077 0.0126957 0.0146054 0.0167318 0.0190316 0.0214195 0.0238728 0.026199 0.028256 0.0298774 0.0308787 0.0310933 0.0302702 0.0283261 0.0251811 0.0208366 0.0153381 0.00879803 0.0015208 -0.00620478 -0.0140007 -0.0215577 -0.0285085 -0.0345012 -0.0392743 -0.0426348 -0.0445732 -0.0450847 -0.0443029 -0.0423555 -0.039483 -0.03594 -0.0319922 -0.027898 -0.0238353 -0.0199955 -0.0164628 -0.013354 -0.0106705 -0.00844395 -0.00661506 -0.00515777 -0.00400425 -0.00311205 -0.00243651 -0.00193195 -0.0015768 -0.00132122 -0.00116138 -0.0010466 -0.000988705 -0.000940817 -0.000927092 -0.000905658 -0.000907638 -0.000895162 -0.000901604 -0.000892025 -0.00089931 -0.00089089 -0.000898091 -0.00089035 -0.00089735 -0.000890075 -0.000896985 -0.000889988 -0.000896984 -0.000890071 -0.000897339 -0.00089032 -0.000898012 -0.000890686 -0.000898805 -0.000890817 -0.000898816 -0.000888959 -0.000894345 -0.000878222 -0.000872594 -0.000836666 -0.000797253 -0.000708107 -0.000585619 -0.00037836 -8.85263e-05 0.000336527 0.000910698 0.00168374 0.00269082 0.00397997 0.00561248 0.00762714 0.0100894 0.0129914 0.0163522 0.0200821 0.0241258 0.0283161 0.0325104 0.0364639 0.0399306 0.0426326 0.0443115 0.0447897 0.0438961 0.0415783 0.0377718 0.0325927 0.0262152 0.0189616 0.0111672 0.00315315 -0.00471131 -0.0121082 -0.0186665 -0.0242011 -0.0285729 -0.0317451 -0.0337191 -0.0345261 -0.0343667 -0.0333873 -0.0317992 -0.0297452 -0.0274015 -0.0249752 -0.022533 -0.0202021 -0.0180169 -0.0160435 -0.0143166 -0.0127754 -0.0114754 -0.0103613 -0.00941795 -0.00864332 -0.00796334 -0.00742216 -0.00695738 -0.00655021 -0.00623368 -0.00592973 -0.00568466 -0.00547444 -0.00525929 -0.00511161 -0.00495317 -0.00479346 -0.00469951 -0.00459043 -0.00448461 -0.00439241 -0.00429673 -0.00425544 -0.00419067 -0.00408812 -0.00406071 -0.00403659 -0.00396905 -0.00394232 -0.00392376 -0.00387875 -0.00385802 -0.00385506 -0.00383916 
0 8.86999e-05 0.000190793 0.000291321 0.000396443 0.000498557 0.00059391 0.000698627 0.000804929 0.000922556 0.00103837 0.00113505 0.00126807 0.00141548 0.00154066 0.0016921 0.00183112 0.00197274 0.00217511 0.00234931 0.0025318 0.00278331 0.00301725 0.00327629 0.00358705 0.00392069 0.00431754 0.00475974 0.00529829 0.00594883 0.00667508 0.00757722 0.00864677 0.00988369 0.0113543 0.0130405 0.0149883 0.0171608 0.0195271 0.0220825 0.0246946 0.0272916 0.0297127 0.0317834 0.0333493 0.0341731 0.0341031 0.0329317 0.0305446 0.0269013 0.0219722 0.0158659 0.00870346 0.000784732 -0.007567 -0.0160051 -0.0241507 -0.0316723 -0.0381693 -0.0433868 -0.047119 -0.0493242 -0.05003 -0.0493093 -0.04734 -0.0443062 -0.0405244 -0.0362498 -0.0317847 -0.0273273 -0.0230633 -0.0191229 -0.0155882 -0.012534 -0.00994429 -0.00783281 -0.00611497 -0.0047741 -0.00371468 -0.00292021 -0.00231498 -0.00188402 -0.00157457 -0.00136701 -0.00123107 -0.00114267 -0.00109401 -0.00105836 -0.00104685 -0.0010301 -0.00103229 -0.00102085 -0.00102775 -0.00101735 -0.00102595 -0.00101566 -0.00102499 -0.00101472 -0.00102446 -0.00101429 -0.00102428 -0.00101429 -0.00102445 -0.0010147 -0.00102494 -0.00101552 -0.00102562 -0.00101655 -0.00102586 -0.00101657 -0.00102298 -0.00101054 -0.00100729 -0.000981385 -0.000949854 -0.000882954 -0.000780802 -0.000615496 -0.000365815 -7.5137e-06 0.000502932 0.00118452 0.00210418 0.00328065 0.00480536 0.00669946 0.0090576 0.0118781 0.0152037 0.0189748 0.0231443 0.0275974 0.0321904 0.0367454 0.0409938 0.0446816 0.0474771 0.0491641 0.0495126 0.0484165 0.0457787 0.0415852 0.0359437 0.0290425 0.0212322 0.0128209 0.00419587 -0.00430861 -0.0123248 -0.0195149 -0.0256709 -0.0306095 -0.0343035 -0.0367134 -0.0379176 -0.0380547 -0.0372623 -0.0357693 -0.0337225 -0.0313331 -0.0287528 -0.0261033 -0.0235459 -0.0211078 -0.0188679 -0.0168532 -0.0150712 -0.0135508 -0.0122102 -0.0110846 -0.0101582 -0.00934944 -0.00868181 -0.00811248 -0.00763871 -0.00723463 -0.00685837 -0.00657821 -0.00632228 -0.00606505 -0.00588904 -0.00571782 -0.00554423 -0.0054066 -0.00526462 -0.00515209 -0.00505764 -0.00495105 -0.00486746 -0.00479286 -0.00473454 -0.00468558 -0.00460932 -0.00455789 -0.0045238 -0.00447554 -0.00446839 -0.00445843 -0.00441545 -0.004408 
0 9.16299e-05 0.000247438 0.000341024 0.000415936 0.000568276 0.000688913 0.000777413 0.000922556 0.0010556 0.00116847 0.00131445 0.00144804 0.00158884 0.00175833 0.00190838 0.00208231 0.0022843 0.00247315 0.00268754 0.00291243 0.00316272 0.00346186 0.00375214 0.00411119 0.00454836 0.00498752 0.00553576 0.00619361 0.00693267 0.00782407 0.00887023 0.010136 0.0116003 0.0132697 0.015247 0.0174459 0.0198597 0.0224728 0.0252064 0.0279985 0.0306438 0.0330537 0.0350598 0.0364309 0.0370035 0.0365466 0.0349738 0.0321341 0.0279706 0.022526 0.015862 0.00821569 -0.000209774 -0.00904838 -0.0179609 -0.0265755 -0.0344971 -0.0414149 -0.0469862 -0.0510731 -0.0535505 -0.0544639 -0.0538738 -0.0519236 -0.0488459 -0.0448879 -0.0403971 -0.0356136 -0.0308264 -0.0261786 -0.0218518 -0.0179246 -0.0144842 -0.0115554 -0.00912258 -0.0071627 -0.00559229 -0.0043822 -0.00343507 -0.00274135 -0.00221261 -0.00185397 -0.00158899 -0.00142869 -0.00131186 -0.00125228 -0.00120658 -0.001189 -0.00117252 -0.00116865 -0.001163 -0.0011621 -0.00116055 -0.00115951 -0.00115986 -0.00115815 -0.00115959 -0.00115741 -0.00115947 -0.00115717 -0.00115947 -0.0011574 -0.00115956 -0.00115807 -0.00115965 -0.00115898 -0.00115929 -0.00115919 -0.00115655 -0.00115489 -0.0011442 -0.00113288 -0.00109955 -0.00105583 -0.000964831 -0.000838554 -0.000622103 -0.000325759 0.00012194 0.000714362 0.00153677 0.00259364 0.00398337 0.00573011 0.00793025 0.01061 0.0138137 0.017527 0.0216975 0.026259 0.0310661 0.0359995 0.0408061 0.0452706 0.0490445 0.0518718 0.0534676 0.0536607 0.0523243 0.049373 0.0448501 0.0388223 0.0315631 0.0233231 0.0144873 0.00539728 -0.0035748 -0.0120551 -0.0197836 -0.0264639 -0.0319731 -0.0361684 -0.0390667 -0.0407393 -0.041248 -0.0407749 -0.0394469 -0.0375272 -0.0351709 -0.032509 -0.0297434 -0.0269739 -0.0243472 -0.0218612 -0.0195714 -0.0175737 -0.015792 -0.0142443 -0.0129085 -0.0117796 -0.0108471 -0.0100086 -0.0093315 -0.00878384 -0.00827373 -0.00786416 -0.00751524 -0.00720274 -0.00693574 -0.00667956 -0.00647935 -0.00629926 -0.00611177 -0.00597942 -0.00584649 -0.00571534 -0.00563188 -0.00551534 -0.00541043 -0.00536914 -0.00527735 -0.00518835 -0.00518613 -0.0051386 -0.00505738 -0.0050515 -0.00502442 -0.00496777 -0.00498921 
0 0.000135849 0.000241147 0.000371053 0.00050855 0.000625448 0.000756715 0.000899471 0.00103837 0.00116847 0.00130618 0.00148403 0.00164963 0.00178672 0.00196491 0.00216118 0.00235531 0.0025686 0.00278485 0.00303339 0.00330787 0.00359206 0.00392461 0.00428384 0.00469941 0.00519131 0.00572488 0.00637512 0.0071463 0.00802899 0.00908568 0.0103241 0.0117938 0.0134788 0.0153961 0.0176157 0.0200526 0.0226893 0.0254896 0.0283747 0.0312407 0.0338777 0.0361975 0.0380196 0.0391211 0.0393195 0.038426 0.0363852 0.0330526 0.028391 0.0224468 0.0153371 0.00729879 -0.00148013 -0.0106512 -0.0198879 -0.0287903 -0.036991 -0.0441843 -0.0500537 -0.0544427 -0.0571955 -0.0583435 -0.0579214 -0.0560834 -0.0530338 -0.0490271 -0.0443949 -0.0393954 -0.03433 -0.0293568 -0.0246794 -0.0203801 -0.0165766 -0.0132946 -0.0105505 -0.00831382 -0.00651879 -0.00512021 -0.00402546 -0.00321124 -0.00258845 -0.00215663 -0.00183478 -0.00163496 -0.0014869 -0.00140999 -0.00134846 -0.00132579 -0.00130102 -0.0012976 -0.00128665 -0.00128829 -0.00128251 -0.00128466 -0.00128116 -0.00128285 -0.00128061 -0.00128189 -0.00128038 -0.00128158 -0.00128038 -0.00128187 -0.00128056 -0.00128271 -0.00128082 -0.00128383 -0.00128056 -0.00128389 -0.0012771 -0.00127759 -0.00126065 -0.00124738 -0.00120186 -0.00114612 -0.00102971 -0.000871917 -0.000606813 -0.000248114 0.000282645 0.000981195 0.00193611 0.00316255 0.00475789 0.00676172 0.00925772 0.0122812 0.015847 0.0199414 0.024479 0.0293926 0.0345099 0.039701 0.0446923 0.0492513 0.053037 0.0557877 0.0572467 0.0572299 0.0556361 0.0523852 0.0475619 0.0412555 0.0337324 0.0252331 0.0161089 0.00672614 -0.00255642 -0.0113703 -0.0194897 -0.0266288 -0.032625 -0.0373281 -0.0407271 -0.0429015 -0.0438765 -0.0437945 -0.0427801 -0.0410773 -0.0388581 -0.0362364 -0.0334188 -0.0305314 -0.027723 -0.0250267 -0.0224976 -0.0202405 -0.018214 -0.0164333 -0.0148843 -0.0135575 -0.0124487 -0.0114756 -0.0106665 -0.00999457 -0.00940292 -0.00891446 -0.0084847 -0.00811707 -0.0078098 -0.00752233 -0.00727942 -0.00706015 -0.00686856 -0.00671647 -0.00654627 -0.00639264 -0.00628727 -0.0061832 -0.00607544 -0.00597184 -0.00589919 -0.0058499 -0.00577047 -0.00571338 -0.00569072 -0.00562948 -0.0055919 -0.00559711 -0.00556162 
0 0.000148592 0.000249607 0.000414238 0.000582576 0.000694903 0.00084807 0.00100368 0.00113505 0.00131445 0.00148403 0.00162918 0.00181752 0.00201452 0.00221061 0.00242032 0.0026276 0.00286479 0.00312486 0.00339879 0.00371675 0.00404927 0.00442027 0.00486512 0.0053391 0.00588669 0.00654936 0.00730268 0.00819607 0.00925115 0.0104826 0.0119392 0.0136108 0.015532 0.0177207 0.0201473 0.0228129 0.0256407 0.028579 0.0315516 0.0343813 0.0369441 0.0390678 0.0405932 0.0413299 0.0410575 0.0396956 0.0371281 0.033296 0.0281636 0.021778 0.0143384 0.00600021 -0.00297833 -0.0123463 -0.0217438 -0.0307829 -0.0391459 -0.0464932 -0.0526105 -0.0572405 -0.0602801 -0.0616701 -0.0614661 -0.0598107 -0.0568657 -0.0529214 -0.0482196 -0.0431055 -0.0378034 -0.0325741 -0.0275676 -0.0229351 -0.0187786 -0.0151494 -0.0120945 -0.00956033 -0.00754072 -0.00592229 -0.00468693 -0.00372018 -0.00301609 -0.00248164 -0.0021174 -0.00185296 -0.00168751 -0.00157396 -0.00150849 -0.00146743 -0.00144333 -0.00143227 -0.00142165 -0.00142186 -0.00141423 -0.00141877 -0.00141116 -0.00141766 -0.00140963 -0.00141717 -0.00140894 -0.00141702 -0.00140893 -0.00141714 -0.00140955 -0.00141744 -0.00141062 -0.00141748 -0.00141127 -0.00141531 -0.0014077 -0.00140362 -0.00138666 -0.00135947 -0.00131052 -0.00122441 -0.00109312 -0.000878742 -0.000576334 -0.000124495 0.000478897 0.00131857 0.00240005 0.00383297 0.00563465 0.0079257 0.0107185 0.0140919 0.0180104 0.0224576 0.0273404 0.0325441 0.0379316 0.0432811 0.048385 0.0529146 0.0566259 0.0592017 0.0604581 0.0601932 0.0583133 0.054798 0.0497037 0.0432264 0.0355369 0.0269342 0.0176822 0.00816788 -0.00125501 -0.0102857 -0.0186503 -0.0261633 -0.0325703 -0.0377659 -0.0416936 -0.0443857 -0.0459044 -0.0462855 -0.0457082 -0.044326 -0.0423243 -0.0398603 -0.0370701 -0.0341531 -0.0312051 -0.028334 -0.0256217 -0.0231 -0.0208358 -0.0188166 -0.0170428 -0.0155134 -0.0141864 -0.0130731 -0.0121215 -0.0112911 -0.0106119 -0.0100285 -0.00951423 -0.00908747 -0.00871543 -0.00839813 -0.00812019 -0.0078641 -0.00764869 -0.00744112 -0.00726173 -0.00712699 -0.00696248 -0.00682448 -0.00674746 -0.00663413 -0.00654167 -0.00648741 -0.00637558 -0.00630755 -0.00630371 -0.00623689 -0.00619789 -0.00621014 -0.00615009 
0 0.000159017 0.000315315 0.000466948 0.000609265 0.00076118 0.000940863 0.00111524 0.00126807 0.00144804 0.00164963 0.00181752 0.00200081 0.00223684 0.00244957 0.00266303 0.00293669 0.00320557 0.0034795 0.00380803 0.00414938 0.00452234 0.00496645 0.00546776 0.0060301 0.00667987 0.00745839 0.00835618 0.0093801 0.0106104 0.0120522 0.0137007 0.0156008 0.0177732 0.0202066 0.0228549 0.0257012 0.0286931 0.031718 0.0346658 0.0373954 0.0397652 0.0415982 0.0427225 0.0429773 0.0422011 0.0403036 0.0372027 0.0328689 0.0273012 0.0205819 0.0128857 0.00438669 -0.00468546 -0.0140939 -0.0234978 -0.0325522 -0.0409399 -0.0483784 -0.0546452 -0.0594957 -0.0627941 -0.064448 -0.0645114 -0.063087 -0.0603499 -0.0565297 -0.0518759 -0.0466998 -0.0412503 -0.0358008 -0.0305159 -0.0255794 -0.0210844 -0.0171301 -0.0137443 -0.010927 -0.00864286 -0.00681794 -0.00539993 -0.00429631 -0.00347537 -0.00285293 -0.00241945 -0.00210083 -0.00190065 -0.00175568 -0.00167843 -0.001619 -0.00159595 -0.0015723 -0.0015687 -0.00155816 -0.00155994 -0.00155401 -0.00155668 -0.00155262 -0.00155515 -0.00155205 -0.00155448 -0.00155188 -0.00155446 -0.001552 -0.00155501 -0.00155227 -0.00155583 -0.00155204 -0.00155552 -0.00154856 -0.00154864 -0.00153189 -0.00151752 -0.00147244 -0.00141472 -0.00129869 -0.00113753 -0.00087165 -0.000506735 2.87986e-05 0.000739913 0.00170926 0.00296117 0.00459036 0.00664453 0.00921133 0.0123322 0.0160341 0.0203037 0.0250713 0.0302597 0.0357128 0.041289 0.0467393 0.051835 0.0562648 0.0597786 0.0621186 0.0630909 0.0625424 0.060371 0.0566011 0.051315 0.0447185 0.0369954 0.0283966 0.0191885 0.00970243 0.000277885 -0.00881871 -0.0173369 -0.0250858 -0.0318487 -0.0374944 -0.0419512 -0.0452009 -0.0472755 -0.04822 -0.0481547 -0.0472002 -0.0455184 -0.0432817 -0.0406468 -0.0377627 -0.0347542 -0.0317715 -0.0288992 -0.02618 -0.023669 -0.0214128 -0.0194209 -0.0176455 -0.0161029 -0.014803 -0.0136809 -0.0127137 -0.0119005 -0.0112256 -0.0106376 -0.0101185 -0.00969753 -0.00931829 -0.00896896 -0.00869781 -0.00844418 -0.00819771 -0.00801448 -0.0078523 -0.00767846 -0.00752963 -0.00741493 -0.00729906 -0.00717561 -0.0070939 -0.00704522 -0.00696895 -0.00689491 -0.00685953 -0.00681525 -0.00676879 -0.00676846 
0 0.000163624 0.000343867 0.000504035 0.00067522 0.000862624 0.00102693 0.00121296 0.00141548 0.00158884 0.00178672 0.00201452 0.00223684 0.00246556 0.00268958 0.00294988 0.00325616 0.0035379 0.00385467 0.00423477 0.00462125 0.0050648 0.00557278 0.00613915 0.00680132 0.00755529 0.00845831 0.00950724 0.0106993 0.0121383 0.013795 0.0156646 0.0178101 0.0202163 0.0228706 0.0257006 0.0286843 0.0317771 0.034801 0.0376503 0.0401944 0.0422804 0.0437347 0.0443622 0.0440716 0.0427365 0.0402671 0.0366215 0.0317895 0.0258469 0.0188689 0.0110159 0.00246633 -0.00658027 -0.0158734 -0.0251462 -0.0340743 -0.0423851 -0.0498236 -0.0561632 -0.0611916 -0.0647199 -0.0666674 -0.0670307 -0.0659134 -0.0634556 -0.0598514 -0.0553377 -0.0501797 -0.0446663 -0.0390447 -0.0335428 -0.0283229 -0.0235273 -0.0192469 -0.0155408 -0.0124227 -0.00986257 -0.00781122 -0.00619001 -0.00493778 -0.0039774 -0.00326453 -0.00273859 -0.00237013 -0.0021124 -0.00194522 -0.00183506 -0.00176968 -0.00172884 -0.00170656 -0.00169329 -0.0016861 -0.00168236 -0.00167951 -0.00167888 -0.00167706 -0.00167757 -0.00167601 -0.00167707 -0.00167569 -0.00167704 -0.00167593 -0.00167735 -0.00167652 -0.00167759 -0.00167656 -0.00167585 -0.00167224 -0.00166486 -0.00165036 -0.00162182 -0.00157339 -0.00148834 -0.00135517 -0.00114422 -0.000836463 -0.000388932 0.000225634 0.00106388 0.00216617 0.00360681 0.00544463 0.00776341 0.0106196 0.0140619 0.0180939 0.0226816 0.0277532 0.0331913 0.0388556 0.044543 0.0500263 0.0550241 0.0592708 0.062512 0.0645399 0.0651843 0.064307 0.0618552 0.0578504 0.0524352 0.0457855 0.0381101 0.0296275 0.0205835 0.011277 0.00197267 -0.00706299 -0.015622 -0.0234976 -0.0305141 -0.036555 -0.0415006 -0.0453094 -0.0479577 -0.0495082 -0.0500383 -0.0496046 -0.0483604 -0.0464576 -0.0440778 -0.041336 -0.0383492 -0.0353169 -0.0323202 -0.0294295 -0.0267034 -0.0242031 -0.0219839 -0.0199772 -0.0182138 -0.0167146 -0.0154041 -0.0142857 -0.0133265 -0.0125132 -0.0118286 -0.0112161 -0.0107175 -0.0102892 -0.00988191 -0.00956142 -0.00928526 -0.00901967 -0.00878806 -0.00857283 -0.00840683 -0.00826144 -0.00809043 -0.00796562 -0.00787171 -0.00775941 -0.00767819 -0.00760936 -0.00752896 -0.00748221 -0.00744422 -0.00739916 -0.00738546 
0 0.000163547 0.000369418 0.000552032 0.000740681 0.000960813 0.0011359 0.00130893 0.00154066 0.00175833 0.00196491 0.00221061 0.00244957 0.00268958 0.00298161 0.00327797 0.00356185 0.00390003 0.00428244 0.00468067 0.00513817 0.00565419 0.00622748 0.00689656 0.0076583 0.00854707 0.00959161 0.0107898 0.0122023 0.0138392 0.0157062 0.0178331 0.0202043 0.0228422 0.0256847 0.0286609 0.0317578 0.0348455 0.0377945 0.0404579 0.0427076 0.0444211 0.0453729 0.0454476 0.0445546 0.0426182 0.0395817 0.0353887 0.0301292 0.0238715 0.0167269 0.00882224 0.000311814 -0.00857392 -0.01765 -0.0266566 -0.0353644 -0.0435131 -0.0508701 -0.0572326 -0.0623702 -0.0661258 -0.0683571 -0.0690671 -0.0682992 -0.0661817 -0.0628694 -0.0585598 -0.0535134 -0.047988 -0.0422744 -0.0365862 -0.0311374 -0.0260579 -0.0214771 -0.0174554 -0.0140327 -0.0111938 -0.00889301 -0.00706864 -0.00563941 -0.00454686 -0.00371585 -0.00310932 -0.00266561 -0.00236356 -0.00215239 -0.00202224 -0.00193369 -0.00188664 -0.00185295 -0.00183947 -0.00182658 -0.00182438 -0.00181842 -0.00181939 -0.00181567 -0.00181744 -0.0018146 -0.00181667 -0.00181428 -0.00181662 -0.00181446 -0.0018171 -0.00181483 -0.00181744 -0.00181406 -0.00181494 -0.00180686 -0.00179975 -0.00177586 -0.00174253 -0.00167419 -0.00157205 -0.00139958 -0.00114895 -0.000771962 -0.00025048 0.000474696 0.00143569 0.00270565 0.00433795 0.00641735 0.00900766 0.0121707 0.0159344 0.0202841 0.0251762 0.0305069 0.0361656 0.0419638 0.0477096 0.0531244 0.0579546 0.0619233 0.0648229 0.0664716 0.066726 0.0655004 0.0627494 0.0585619 0.0530538 0.0464345 0.038879 0.0306112 0.0218589 0.0128454 0.00381062 -0.00506347 -0.0135358 -0.0214435 -0.0286272 -0.0349771 -0.0403862 -0.0447202 -0.0479751 -0.050154 -0.0513195 -0.0514991 -0.0507684 -0.0493167 -0.0472646 -0.0447578 -0.0419132 -0.0388899 -0.0358461 -0.0328253 -0.0299324 -0.0272306 -0.0247529 -0.0225344 -0.0205449 -0.0188077 -0.0173053 -0.0159973 -0.0148868 -0.0139253 -0.0131072 -0.012421 -0.0118122 -0.0113044 -0.0108812 -0.0104822 -0.0101369 -0.00985984 -0.00960022 -0.00935546 -0.00915403 -0.00897469 -0.00880955 -0.00868414 -0.00856886 -0.00843582 -0.00832638 -0.00825501 -0.00818932 -0.00812685 -0.00808413 -0.00805133 -0.00801332 
0 0.00020914 0.000416491 0.000608476 0.000802962 0.0010099 0.00122914 0.00146678 0.0016921 0.00190838 0.00216118 0.00242032 0.00266303 0.00294988 0.00327797 0.00358744 0.00391784 0.00432094 0.00474207 0.00517848 0.00569984 0.00629508 0.00695627 0.00772629 0.00862851 0.00967287 0.0108638 0.0122603 0.0138903 0.0157246 0.017822 0.0201885 0.0227903 0.0256229 0.0286114 0.0317161 0.0348377 0.0378424 0.0406252 0.0430053 0.0448813 0.0460946 0.0464746 0.045943 0.0444061 0.0418621 0.0382431 0.0335636 0.0279353 0.0214407 0.0142227 0.00634607 -0.0020006 -0.0106341 -0.0193753 -0.0280224 -0.0364257 -0.0443262 -0.0515494 -0.0578573 -0.0630744 -0.0670207 -0.069549 -0.0706316 -0.0702524 -0.0685368 -0.0655652 -0.061546 -0.0566706 -0.0512216 -0.0454677 -0.0396554 -0.0340137 -0.0286822 -0.0238241 -0.0194899 -0.0157715 -0.0126331 -0.0100828 -0.00802507 -0.00641868 -0.00516611 -0.00421931 -0.00351011 -0.00299398 -0.00263142 -0.00237814 -0.0022177 -0.00210661 -0.00204852 -0.00200263 -0.00198846 -0.00196745 -0.00196935 -0.00195625 -0.00196337 -0.00195246 -0.00196127 -0.00195101 -0.00196049 -0.00195058 -0.00196041 -0.0019508 -0.00196074 -0.00195121 -0.00196049 -0.00194991 -0.00195585 -0.00193976 -0.00193371 -0.00189829 -0.00185697 -0.00176778 -0.0016401 -0.00142848 -0.00112377 -0.000678701 -6.27109e-05 0.00077192 0.00188276 0.00332139 0.00517707 0.00749964 0.0103876 0.0138506 0.0179407 0.0225861 0.0277592 0.0333128 0.0391371 0.0450163 0.0507336 0.0560153 0.0605844 0.064221 0.066705 0.0679313 0.0677511 0.0661539 0.0631182 0.0587672 0.0532343 0.04669 0.0393406 0.031358 0.0229914 0.014376 0.00570746 -0.00287496 -0.0111733 -0.0190037 -0.0262759 -0.032848 -0.0386373 -0.0434762 -0.0473135 -0.0501472 -0.0519595 -0.0527998 -0.0526831 -0.0517569 -0.0501389 -0.0479477 -0.0453517 -0.0424513 -0.0394129 -0.0363427 -0.0333314 -0.0304646 -0.0277598 -0.0253043 -0.0231012 -0.0211151 -0.0193819 -0.0178858 -0.0165958 -0.0154758 -0.0145213 -0.0137295 -0.0130217 -0.0124034 -0.0119104 -0.0114663 -0.0110501 -0.0107179 -0.0104446 -0.0101765 -0.00993856 -0.00974853 -0.00956664 -0.00939157 -0.00924727 -0.00913057 -0.00903453 -0.00894008 -0.00885049 -0.0087905 -0.008736 -0.00868416 -0.0086666 
0 0.000227627 0.000430162 0.000656819 0.000896477 0.00110761 0.00133803 0.0015945 0.00183112 0.00208231 0.00235531 0.0026276 0.00293669 0.00325616 0.00356185 0.00391784 0.00432267 0.00475289 0.00522166 0.0057364 0.00634136 0.00703136 0.00778322 0.00867343 0.00972607 0.0109137 0.0122914 0.0139081 0.0157541 0.0178272 0.0201589 0.0227593 0.0255702 0.0285353 0.0316358 0.0347834 0.0378333 0.0406765 0.043185 0.0452174 0.0466208 0.0472508 0.0470207 0.0458333 0.0436559 0.0404814 0.0363054 0.0312047 0.0252634 0.0186279 0.0113922 0.00365277 -0.00443142 -0.0127162 -0.0210194 -0.0292474 -0.0372466 -0.0448485 -0.0518588 -0.0580664 -0.063324 -0.0674299 -0.0702734 -0.0717298 -0.0717984 -0.0705097 -0.0679522 -0.0642769 -0.0596518 -0.0543544 -0.0486201 -0.0427527 -0.0369441 -0.0314132 -0.0262779 -0.0216639 -0.0176301 -0.0142022 -0.011373 -0.00907602 -0.0072674 -0.00584238 -0.00476629 -0.00393867 -0.00334751 -0.00290576 -0.00261624 -0.00240498 -0.00228376 -0.00219345 -0.00215233 -0.00211623 -0.00210671 -0.00209154 -0.0020921 -0.00208428 -0.00208731 -0.00208214 -0.00208557 -0.00208148 -0.00208506 -0.00208137 -0.00208525 -0.00208133 -0.00208544 -0.00208008 -0.002083 -0.00207251 -0.00206837 -0.00204175 -0.00201291 -0.00194197 -0.00184661 -0.00167228 -0.00143107 -0.00105299 -0.000542626 0.000184018 0.00113449 0.00240775 0.00403242 0.00611807 0.00870732 0.0118845 0.0156643 0.0200488 0.0249898 0.0303903 0.036145 0.0420637 0.0479712 0.0535789 0.0586539 0.0629004 0.066137 0.0681788 0.0689265 0.0683117 0.0663168 0.0630279 0.058536 0.0530243 0.0466162 0.0395173 0.0319029 0.0239595 0.0158285 0.00759264 -0.000597365 -0.00861837 -0.0162992 -0.0235509 -0.03027 -0.0363236 -0.0416033 -0.0459898 -0.0494482 -0.05193 -0.0534383 -0.0540183 -0.0537092 -0.0526161 -0.05086 -0.0485926 -0.0459337 -0.0429863 -0.0399184 -0.0368534 -0.0338471 -0.0309647 -0.028289 -0.0258631 -0.0236646 -0.0216918 -0.0199842 -0.018505 -0.0171944 -0.0160768 -0.0151376 -0.0143189 -0.0136099 -0.0130029 -0.0124988 -0.012066 -0.0116589 -0.0113129 -0.0110266 -0.0107625 -0.0105356 -0.010326 -0.0101352 -0.00999482 -0.00986347 -0.0097324 -0.00963162 -0.00954211 -0.00946413 -0.00940768 -0.00936269 -0.00933185 
0 0.000221505 0.000469688 0.000717813 0.00095842 0.00122165 0.00148008 0.00170715 0.00197274 0.0022843 0.0025686 0.00286479 0.00320557 0.0035379 0.00390003 0.00432094 0.00475289 0.0052197 0.00575545 0.00636656 0.00705929 0.00782757 0.00872062 0.00976701 0.0109573 0.0123349 0.0139247 0.0157509 0.017826 0.0201285 0.0226948 0.0255033 0.0284691 0.0315554 0.0347041 0.0378071 0.0407094 0.0432839 0.045438 0.0470103 0.0478406 0.0478343 0.0469341 0.0450906 0.0422677 0.0384901 0.0338314 0.0283763 0.0222327 0.0155239 0.00835848 0.000847257 -0.00689876 -0.0147433 -0.0225756 -0.0303197 -0.0378772 -0.045122 -0.0518643 -0.0579405 -0.0631845 -0.0674439 -0.0705675 -0.0724164 -0.0729355 -0.0721054 -0.0700013 -0.0667119 -0.0624143 -0.0573191 -0.051693 -0.0458086 -0.039903 -0.0341943 -0.0288255 -0.023943 -0.019609 -0.0158935 -0.012774 -0.0102367 -0.00820018 -0.006607 -0.00537212 -0.00443712 -0.00374157 -0.00323545 -0.00288196 -0.00263604 -0.00248001 -0.0023737 -0.00231649 -0.00227379 -0.00225847 -0.00224005 -0.0022399 -0.0022293 -0.00223406 -0.00222573 -0.00223208 -0.0022245 -0.00223151 -0.00222433 -0.00223159 -0.00222453 -0.00223131 -0.00222325 -0.00222701 -0.00221358 -0.00220606 -0.00217376 -0.00213247 -0.00204745 -0.00192239 -0.0017166 -0.00141781 -0.000979904 -0.000372621 0.000455097 0.00155583 0.00298921 0.00483439 0.00715471 0.0100353 0.0135054 0.0176025 0.0222761 0.0274835 0.0330953 0.0389919 0.0449712 0.0508195 0.0562658 0.0610437 0.0649188 0.0676945 0.0692544 0.0694984 0.0684195 0.0660427 0.0624925 0.057904 0.0524285 0.0462146 0.0394173 0.0322231 0.0247667 0.0171538 0.00944034 0.00171209 -0.00592533 -0.0133732 -0.0205286 -0.0272913 -0.0335385 -0.0391614 -0.0440557 -0.0481082 -0.0512418 -0.0534414 -0.0547243 -0.055104 -0.0546131 -0.0533736 -0.0515357 -0.0491962 -0.0464682 -0.0434983 -0.0404381 -0.0373748 -0.0343616 -0.0315069 -0.0288611 -0.0264337 -0.0242461 -0.0222928 -0.0205885 -0.0191055 -0.0178027 -0.0166898 -0.0157418 -0.0149332 -0.0142292 -0.0136083 -0.0131053 -0.0126676 -0.0122532 -0.0119179 -0.0116251 -0.0113431 -0.011129 -0.0109514 -0.0107575 -0.0105874 -0.0104622 -0.0103509 -0.0102499 -0.010173 -0.0101071 -0.0100504 -0.0100176 
