0 0 0 0 0 0 0 0 0 0 0 0 0 0 0 0 0 0 0 0 0 0 0 0 0 0 0 0 0 0 0 0 0 0 0 0 0 0 0 0 0 0 0 0 0 0 0 0 0 0 0 0 0 0 0 0 0 0 0 0 0 0 0 0 0 0 0 0 0 0 0 0 0 0 0 0 0 0 0 0 0 0 0 0 0 0 0 0 0 0 0 0 0 0 0 0 0 0 0 0 0 0 0 0 0 0 0 0 0 0 0 0 0 0 0 0 0 0 0 0 0 0 0 0 0 0 0 0 0 0 0 0 0 0 0 0 0 0 0 0 0 0 0 0 0 0 0 0 0 0 0 0 0 0 0 0 0 0 0 0 0 0 0 0 0 0 0 0 0 0 0 0 0 0 0 0 0 0 0 0 0 0 0 0 0 0 0 0 0 0 0 0 0 0 0 0 0 0 0 0 
0 -6.04062e-06 1.73434e-05 1.17231e-05 3.29599e-06 2.45848e-05 2.18377e-05 1.43744e-05 3.50073e-05 3.2879e-05 2.17028e-05 4.12923e-05 4.85743e-05 4.46156e-05 5.56476e-05 5.57217e-05 4.96516e-05 4.92822e-05 6.45825e-05 8.64675e-05 7.49306e-05 7.00882e-05 8.72754e-05 9.7645e-05 0.000101524 8.57167e-05 0.000101627 0.000118937 0.000103416 0.000128931 0.000132968 0.000131717 0.000154881 0.000152088 0.0001655 0.000163693 0.000180019 0.000191636 0.000179862 0.00021649 0.000215574 0.000226701 0.000246681 0.000260345 0.000285929 0.000280139 0.000324024 0.00033524 0.000348894 0.00037879 0.000402036 0.000444856 0.000450545 0.000512148 0.000554993 0.000609898 0.00067043 0.000752163 0.000875023 0.000975385 0.00113998 0.00131764 0.00156919 0.00182206 0.00213002 0.002485 0.00286924 0.00326804 0.00361893 0.00396509 0.00420708 0.00436006 0.00430399 0.00408838 0.00364791 0.00302471 0.00217841 0.00115994 2.13641e-05 -0.00116642 -0.00231951 -0.00341278 -0.00435258 -0.0051329 -0.005653 -0.00595739 -0.00599292 -0.00586207 -0.00553313 -0.00511389 -0.00456762 -0.00400069 -0.00338188 -0.00281386 -0.00225692 -0.00178824 -0.0013458 -0.000981905 -0.000623933 -0.00031673 1.06839e-05 0.000313141 0.000661092 0.00101053 0.00143435 0.00188464 0.00242693 0.00299174 0.00362242 0.00422115 0.00481816 0.00530757 0.0057248 0.00596227 0.00605044 0.00587814 0.00548833 0.00481719 0.00395971 0.00290964 0.001768 0.00054651 -0.00066246 -0.00179901 -0.00278475 -0.00356558 -0.00415524 -0.00451874 -0.00470526 -0.00466181 -0.00449484 -0.00418984 -0.00386121 -0.00346035 -0.00306302 -0.00266757 -0.00232488 -0.00202994 -0.00174687 -0.00152825 -0.00133036 -0.00120791 -0.00106316 -0.000967165 -0.000882766 -0.000826053 -0.000769717 -0.000701154 -0.00068383 -0.000635839 -0.000612267 -0.000566397 -0.000556153 -0.000537524 -0.000496714 -0.000496837 -0.000471924 -0.000468097 -0.000438841 -0.000437547 -0.0004358 -0.000401409 -0.000411004 -0.000392765 -0.000383894 -0.000370911 -0.000361099 -0.000364646 -0.000336618 -0.00034906 -0.000340581 -0.000321656 -0.000341057 -0.000328048 -0.000315316 -0.000309153 -0.000313246 -0.000318105 -0.000289005 -0.000284659 -0.000296195 -0.000299041 -0.000297466 -0.000278195 -0.000284363 -0.000290673 -0.000269592 -0.000280842 -0.000285639 -0.000257633 -0.000268137 -0.000282595 -0.000263134 -0.000273599 -0.000282376 -0.000254508 -0.00026134 -0.000272392 -0.000253485 -0.000267431 
0 1.73434e-05 -1.1903e-06 2.13401e-05 3.71484e-05 2.23031e-05 4.55272e-05 5.28623e-05 4.47142e-05 6.85771e-05 7.19771e-05 7.70251e-05 8.34601e-05 7.51826e-05 0.000104194 0.000106029 0.000109748 0.00015622 0.000126236 0.000113867 0.000162989 0.000160469 0.000163961 0.00017307 0.000181869 0.000210269 0.000215545 0.000228502 0.000231742 0.000246684 0.000271727 0.000258551 0.000285621 0.000309375 0.000308922 0.000337436 0.000360438 0.000380761 0.000391682 0.000424353 0.000453531 0.000456111 0.000492922 0.00052656 0.000547144 0.000573119 0.000620373 0.00066748 0.000693394 0.000749017 0.00081804 0.000876081 0.0009339 0.00102307 0.00113266 0.00123328 0.00135713 0.00153245 0.00174651 0.00198399 0.00227854 0.00266581 0.0031341 0.00366145 0.0042694 0.00497225 0.00574348 0.00651099 0.00723711 0.00788411 0.00838871 0.00864378 0.00855786 0.00809495 0.00723449 0.00597262 0.00429666 0.00227703 1.58757e-05 -0.00232508 -0.0046316 -0.00677596 -0.008666 -0.0101807 -0.0112471 -0.0118217 -0.0119356 -0.0116472 -0.0110346 -0.0101704 -0.00912204 -0.00796563 -0.00676988 -0.00561121 -0.0045316 -0.0035677 -0.0027095 -0.00195335 -0.00126091 -0.00061879 1.31749e-05 0.000645736 0.001319 0.00204647 0.00286967 0.0037977 0.00485123 0.00600416 0.00722622 0.00844572 0.00959714 0.0106012 0.0113916 0.0118928 0.0120246 0.0117123 0.010902 0.00960609 0.00787727 0.00582381 0.00353517 0.00113251 -0.00127504 -0.0035207 -0.00547997 -0.00704859 -0.00821607 -0.00897093 -0.00932432 -0.0092886 -0.00894062 -0.00838572 -0.00770522 -0.00694452 -0.00614101 -0.00537221 -0.00468433 -0.00408051 -0.00353526 -0.003068 -0.00269986 -0.00240701 -0.00214872 -0.00192895 -0.00176869 -0.00164661 -0.00152255 -0.00141571 -0.00134409 -0.00128542 -0.00121293 -0.00115033 -0.0011202 -0.0010754 -0.00102487 -0.000987726 -0.000967332 -0.000928722 -0.000884263 -0.000875008 -0.000845471 -0.000814097 -0.000795611 -0.000785429 -0.000765646 -0.000737214 -0.000746076 -0.000722056 -0.000697387 -0.000701433 -0.000679966 -0.000666644 -0.000646921 -0.000640726 -0.000638071 -0.000623664 -0.000624822 -0.000594087 -0.000606711 -0.000632209 -0.000577554 -0.000570551 -0.000584993 -0.00056667 -0.000570838 -0.000561231 -0.000558779 -0.000556732 -0.000542597 -0.000562987 -0.000553312 -0.000530498 -0.000545894 -0.000530354 -0.000521477 -0.000546871 -0.00053664 -0.000528821 -0.000544133 -0.000527235 
0 1.17231e-05 2.13401e-05 3.12182e-05 3.96511e-05 4.96884e-05 6.21861e-05 6.98548e-05 8.16508e-05 9.45451e-05 9.8768e-05 0.000114727 0.00013083 0.000136125 0.000153522 0.000161087 0.000163354 0.000183825 0.000196818 0.00021362 0.000231971 0.000234795 0.000252621 0.000275473 0.000284733 0.000293996 0.000314287 0.000335566 0.0003461 0.000372741 0.000396924 0.000408083 0.00043917 0.000464121 0.000480109 0.000505715 0.000538116 0.000563114 0.000584107 0.000629071 0.000663827 0.000691549 0.000739458 0.000789601 0.000832166 0.000874888 0.000943702 0.00100451 0.00105754 0.00113432 0.00122505 0.0013152 0.00140574 0.00153867 0.00169179 0.00185485 0.00205262 0.00231479 0.00263877 0.0030072 0.00346929 0.00404906 0.00475159 0.00554952 0.00646712 0.00751186 0.00864027 0.00977356 0.0108373 0.0117789 0.0124855 0.0128284 0.0126713 0.0119618 0.0106601 0.00876059 0.00626695 0.00327224 -6.18719e-05 -0.00352911 -0.00693623 -0.010115 -0.0128993 -0.0151416 -0.0167158 -0.0175832 -0.0177639 -0.0173559 -0.016455 -0.0151826 -0.0136308 -0.0119213 -0.0101497 -0.00842937 -0.00682096 -0.00537715 -0.00408869 -0.00294731 -0.00190416 -0.000932786 1.89836e-05 0.000975986 0.00199026 0.0030894 0.00432644 0.00571886 0.00728982 0.00900317 0.010813 0.0126156 0.0143179 0.0157976 0.0169607 0.0176837 0.0178631 0.0173792 0.0161782 0.0142576 0.0117127 0.0086713 0.00529288 0.001736 -0.00180911 -0.00512957 -0.00803029 -0.0103773 -0.0121283 -0.013268 -0.0138143 -0.0137937 -0.0133202 -0.0125215 -0.0115289 -0.0104062 -0.00923418 -0.00809839 -0.00707031 -0.00615919 -0.00534628 -0.00465432 -0.00409091 -0.00364262 -0.00325342 -0.00293253 -0.00268333 -0.00248756 -0.00230737 -0.00214777 -0.00203341 -0.00193019 -0.00182805 -0.00173437 -0.00167188 -0.00160603 -0.00153253 -0.00148128 -0.00143854 -0.00139083 -0.00133892 -0.00131152 -0.00127842 -0.0012339 -0.00120765 -0.00118223 -0.00115004 -0.00111735 -0.00110148 -0.00107731 -0.00104694 -0.00103793 -0.00101806 -0.000997119 -0.000988812 -0.000975071 -0.000953939 -0.000939109 -0.000936688 -0.000917533 -0.000898303 -0.000893819 -0.00088132 -0.00087962 -0.000874357 -0.000856406 -0.000854199 -0.000848193 -0.000837462 -0.000835879 -0.000827927 -0.00081809 -0.000815545 -0.000815063 -0.000812074 -0.000810483 -0.000808896 -0.000800715 -0.000797224 -0.000795111 -0.000790111 -0.000797733 
0 3.29599e-06 3.71484e-05 3.96511e-05 4.56933e-05 7.72692e-05 7.90982e-05 8.97061e-05 0.000117656 0.000121326 0.000134593 0.000152963 0.000167363 0.000189251 0.000194821 0.000217225 0.000236845 0.000229025 0.000267455 0.000297983 0.000291739 0.000316579 0.000338162 0.000363012 0.000385587 0.000390751 0.000425455 0.000447829 0.000468002 0.000500592 0.000517401 0.000555232 0.000582137 0.000608806 0.000649269 0.000674582 0.000718259 0.000752869 0.000791855 0.000842298 0.000881195 0.000937555 0.000987856 0.00104851 0.0011122 0.00117459 0.00125785 0.00133321 0.00142383 0.00152282 0.00163611 0.00176368 0.00189933 0.00207501 0.00227091 0.00250456 0.00278343 0.00313238 0.00356316 0.00407356 0.00470986 0.00548246 0.00641401 0.00748635 0.00871377 0.0100858 0.0115471 0.0130204 0.014398 0.0155959 0.0164599 0.0168464 0.0165927 0.0156192 0.0138688 0.0113329 0.00804678 0.00412395 -0.000222757 -0.00475587 -0.00920801 -0.0133668 -0.0169961 -0.0199249 -0.0219876 -0.0231468 -0.0234128 -0.0229077 -0.0217472 -0.0200917 -0.0180672 -0.0158316 -0.0135136 -0.011251 -0.00912913 -0.00720806 -0.00548969 -0.00395547 -0.00255677 -0.00124695 2.96188e-05 0.00132048 0.00268135 0.00416142 0.00581478 0.00767277 0.0097499 0.0120076 0.0143776 0.0167361 0.0189578 0.0208865 0.0223922 0.023311 0.0235129 0.0228494 0.0212673 0.0187567 0.0154423 0.0114682 0.0070568 0.00240921 -0.00220689 -0.00654338 -0.0103475 -0.0134613 -0.0157985 -0.0173373 -0.0180997 -0.0181388 -0.0175914 -0.0165989 -0.0153283 -0.0138772 -0.0123685 -0.0108903 -0.0095274 -0.00830543 -0.00722641 -0.00630789 -0.00553896 -0.00491628 -0.00439064 -0.00396363 -0.00361623 -0.00333354 -0.00309657 -0.00288826 -0.00272521 -0.00257593 -0.00244905 -0.00233263 -0.00223257 -0.00214702 -0.00205729 -0.0019893 -0.00191792 -0.00185792 -0.00180101 -0.00174412 -0.00170306 -0.00164948 -0.00161266 -0.00157164 -0.00153192 -0.0015045 -0.00146211 -0.00144053 -0.00141039 -0.00138103 -0.00136277 -0.00133007 -0.00132086 -0.00129785 -0.0012695 -0.00125775 -0.00123689 -0.00123563 -0.00120766 -0.00117655 -0.00119248 -0.00117735 -0.00115407 -0.00114891 -0.00113585 -0.00113259 -0.0011169 -0.00111113 -0.00111478 -0.00108719 -0.00108883 -0.00109884 -0.00107312 -0.00107954 -0.00108382 -0.00105658 -0.00106767 -0.00107497 -0.00105206 -0.00106394 
0 2.45848e-05 2.23031e-05 4.96884e-05 7.72692e-05 7.78883e-05 0.000101679 0.000128182 0.000130525 0.000151687 0.000184475 0.000191488 0.000202363 0.000228765 0.000244157 0.0002647 0.000297499 0.000325524 0.000334317 0.000335151 0.000371693 0.000412489 0.000424044 0.0004372 0.000468512 0.000517877 0.000535321 0.000553394 0.000603316 0.000617064 0.000653295 0.000696378 0.000716681 0.000766335 0.000803423 0.000855723 0.000895183 0.00094248 0.001015 0.00104458 0.00111672 0.00117977 0.00124041 0.00131574 0.00138366 0.00149126 0.00156045 0.00167383 0.00179308 0.00191386 0.00206319 0.00221026 0.00242202 0.00261593 0.00287826 0.00317798 0.00354685 0.00399606 0.00452223 0.00520985 0.00600367 0.00699871 0.00813918 0.00950301 0.0110285 0.0127082 0.0144826 0.0162451 0.0179183 0.019296 0.020286 0.0206368 0.0202713 0.0189892 0.0167935 0.0136182 0.00957603 0.00478545 -0.000507309 -0.00601682 -0.011456 -0.0165041 -0.0209375 -0.0244787 -0.0270299 -0.0284529 -0.0288501 -0.0282507 -0.0268907 -0.0248622 -0.0224263 -0.0196786 -0.0168703 -0.0140712 -0.0114722 -0.00906131 -0.00692905 -0.00497795 -0.00323133 -0.00155736 3.74696e-05 0.0016879 0.00338886 0.00527498 0.00733226 0.00967132 0.0122233 0.0150215 0.0178978 0.0207961 0.0234743 0.0258375 0.027622 0.0287269 0.0288959 0.0280686 0.0260919 0.0230572 0.0190076 0.0141939 0.00880629 0.0031671 -0.00244824 -0.0077194 -0.012378 -0.0162393 -0.0191523 -0.0211207 -0.022111 -0.0222833 -0.0216967 -0.0205961 -0.0190714 -0.0173567 -0.0155327 -0.0137496 -0.0120637 -0.0105264 -0.00919681 -0.00802796 -0.00707051 -0.00623414 -0.00558656 -0.00502923 -0.00458444 -0.00420716 -0.00389647 -0.00365846 -0.00341732 -0.00324467 -0.00307045 -0.00294495 -0.00280496 -0.00268618 -0.00260261 -0.00249064 -0.00241436 -0.00232251 -0.00226544 -0.00218771 -0.00211458 -0.00208006 -0.00200787 -0.00196622 -0.00191944 -0.00188259 -0.00184383 -0.00179507 -0.00178122 -0.00173038 -0.00170121 -0.00168431 -0.00163256 -0.00161302 -0.00160082 -0.00157945 -0.00154335 -0.00151942 -0.00153066 -0.00151191 -0.00147688 -0.00145517 -0.00144443 -0.00144513 -0.00142285 -0.00140521 -0.0014095 -0.00138781 -0.00137457 -0.00139186 -0.00137323 -0.00134708 -0.0013595 -0.00134402 -0.00132697 -0.00135243 -0.00133977 -0.0013258 -0.0013483 -0.00132442 
0 2.18377e-05 4.55272e-05 6.21861e-05 7.90982e-05 0.000101679 0.000120917 0.000143839 0.00016614 0.000184568 0.000209606 0.000227155 0.000254421 0.000288151 0.000296289 0.000323332 0.000348531 0.000352288 0.000402393 0.000441569 0.000449381 0.000483513 0.000512287 0.000543129 0.000577045 0.000601288 0.000631 0.000666881 0.000718621 0.000746839 0.000784045 0.000848215 0.00087722 0.00092319 0.000981781 0.00102679 0.00107509 0.00113348 0.00120905 0.00125724 0.00133193 0.00142589 0.00149646 0.00158505 0.00168613 0.00180317 0.00189951 0.00202365 0.00217912 0.00232179 0.00248877 0.0026843 0.00293062 0.00318228 0.0034886 0.00387816 0.00434042 0.00489184 0.00555329 0.00639851 0.00739915 0.00859007 0.00998119 0.0116104 0.0134377 0.0153998 0.0174465 0.0194719 0.0213567 0.0228831 0.0238944 0.0241857 0.0236209 0.0220297 0.0193478 0.0155671 0.0107956 0.00521039 -0.000943128 -0.00734524 -0.0136649 -0.0195366 -0.0246736 -0.0288009 -0.0317776 -0.0334959 -0.0340062 -0.033383 -0.0318257 -0.0295056 -0.0266657 -0.0234865 -0.0201913 -0.0169215 -0.0138307 -0.0109711 -0.00839091 -0.00604703 -0.00391054 -0.00189158 6.41139e-05 0.00205535 0.0041386 0.00640877 0.00890593 0.0116891 0.0147331 0.0180091 0.0213876 0.0247435 0.0278657 0.0305765 0.0326297 0.0338397 0.0339818 0.0329422 0.030621 0.0270727 0.022385 0.0167907 0.0105426 0.00399745 -0.00251065 -0.00863143 -0.0140871 -0.0186456 -0.0221476 -0.0245339 -0.0258223 -0.026144 -0.0256196 -0.0244397 -0.0227571 -0.0208043 -0.0187255 -0.0166609 -0.0146706 -0.0128448 -0.0112405 -0.00985162 -0.00866452 -0.00764748 -0.00683554 -0.00616234 -0.00560463 -0.00512524 -0.00474981 -0.00444346 -0.00415754 -0.00391901 -0.00371804 -0.00355602 -0.00337794 -0.00323535 -0.00312266 -0.00300414 -0.00289317 -0.00279697 -0.00273022 -0.00263415 -0.00255832 -0.00250497 -0.00243366 -0.00236886 -0.00231199 -0.00227044 -0.00220426 -0.00215804 -0.00213206 -0.0020742 -0.00204125 -0.00201708 -0.00198444 -0.00195028 -0.0019191 -0.00189848 -0.00186573 -0.00184898 -0.00181725 -0.00177626 -0.00178496 -0.00176988 -0.00173758 -0.0017325 -0.00171233 -0.00169627 -0.0016902 -0.0016752 -0.00165995 -0.00164474 -0.00163848 -0.0016341 -0.00162916 -0.00162797 -0.00161914 -0.00161037 -0.00159999 -0.00159151 -0.00159571 -0.00159749 
0 1.43744e-05 5.28623e-05 6.98548e-05 8.97061e-05 0.000128182 0.000143839 0.000163792 0.000198126 0.000218341 0.000242602 0.000268019 0.000295168 0.000326856 0.000343819 0.000382695 0.000419823 0.000424289 0.000468526 0.000510501 0.000519224 0.00056223 0.000598966 0.000631632 0.000678054 0.000704831 0.000750177 0.000794874 0.000833552 0.000880782 0.000917264 0.00098102 0.00102715 0.00107154 0.00115157 0.0011998 0.00126551 0.0013424 0.00141373 0.00149252 0.00156493 0.00167485 0.00175821 0.00185294 0.00198421 0.00209928 0.0022346 0.00237351 0.00256009 0.00273934 0.0029316 0.00318906 0.00346466 0.00379082 0.00415202 0.0046327 0.00519428 0.00585314 0.00666999 0.0076668 0.00888348 0.0102708 0.0119211 0.0138032 0.01591 0.0181319 0.020411 0.0226554 0.0246775 0.0262925 0.0272513 0.0274314 0.0266089 0.0246812 0.0215046 0.0171468 0.0116998 0.00539515 -0.00152073 -0.00871412 -0.0158001 -0.0224031 -0.0281536 -0.0328171 -0.0361786 -0.0381972 -0.038831 -0.0382305 -0.0365153 -0.0339659 -0.0307682 -0.0272176 -0.0234736 -0.0197763 -0.0162106 -0.0129201 -0.00988628 -0.00714875 -0.00460534 -0.0022338 0.00010247 0.00244294 0.00492725 0.00758564 0.0105326 0.013748 0.0172726 0.0209887 0.0248342 0.0285894 0.0321082 0.0351015 0.0373783 0.0386389 0.0387326 0.0374631 0.0348252 0.0308017 0.0255587 0.0192725 0.0122826 0.00494041 -0.0023475 -0.00922865 -0.0154081 -0.0206189 -0.0247001 -0.0275226 -0.0291628 -0.0296892 -0.0293065 -0.0281178 -0.0263675 -0.0242381 -0.0219622 -0.019648 -0.0173873 -0.0152909 -0.0134089 -0.0117926 -0.0103601 -0.00916117 -0.00815632 -0.00735212 -0.00666308 -0.00607978 -0.00562525 -0.00523614 -0.00491233 -0.0046062 -0.00438241 -0.00417518 -0.00397563 -0.00381078 -0.00366189 -0.00354 -0.00339242 -0.00329007 -0.00319357 -0.0030838 -0.00299994 -0.00291469 -0.00284941 -0.00276401 -0.00270388 -0.00265636 -0.00258002 -0.00253971 -0.00249058 -0.00243921 -0.00239687 -0.00234923 -0.00232128 -0.00227482 -0.00224019 -0.0022137 -0.00217424 -0.00216506 -0.00212939 -0.00209079 -0.00209252 -0.00206219 -0.00202989 -0.0020198 -0.00200064 -0.00198535 -0.00196499 -0.00195513 -0.00195018 -0.00192406 -0.00192139 -0.00192094 -0.00189256 -0.00189012 -0.00189028 -0.00187104 -0.00187938 -0.00188306 -0.00186271 -0.00186625 
0 3.50073e-05 4.47142e-05 8.16508e-05 0.000117656 0.000130525 0.00016614 0.000198126 0.000217384 0.000250585 0.000280429 0.000316127 0.000339522 0.000358912 0.000411485 0.000429515 0.000458035 0.000530644 0.000534622 0.000551033 0.000615074 0.000649918 0.000694673 0.000718693 0.000759287 0.000829296 0.000857543 0.000910307 0.000957352 0.00100453 0.00107434 0.00111142 0.00118282 0.00124536 0.00130563 0.00139006 0.00144984 0.00154424 0.00162299 0.00171038 0.00181692 0.00190944 0.00203266 0.00214048 0.00228169 0.00242533 0.00257184 0.0027573 0.00294442 0.00317025 0.00340247 0.0036959 0.00403019 0.00440578 0.00486784 0.00541895 0.00610092 0.00688908 0.00786753 0.00904964 0.0104578 0.0120913 0.0139728 0.0161234 0.018461 0.0209233 0.0233918 0.0257813 0.0278792 0.0294758 0.0303415 0.0303078 0.029203 0.0268668 0.0232228 0.0182948 0.0122516 0.00529559 -0.00227571 -0.0101436 -0.0178825 -0.0250941 -0.0313878 -0.0365029 -0.0402406 -0.0425215 -0.0433266 -0.0427524 -0.0409652 -0.0382102 -0.0347496 -0.030848 -0.0267382 -0.0226165 -0.0186352 -0.0148931 -0.0114404 -0.00826992 -0.00533946 -0.00256838 0.000132916 0.0028701 0.00573731 0.00882518 0.012191 0.0158625 0.0198127 0.0239679 0.0281988 0.0323314 0.0361478 0.0393927 0.0417958 0.0430908 0.0430714 0.0415959 0.0386308 0.0342055 0.0284612 0.0216055 0.0139838 0.00597874 -0.00197233 -0.00951934 -0.0163272 -0.0221515 -0.0267621 -0.0300665 -0.0320697 -0.0328953 -0.0326861 -0.0315985 -0.0298397 -0.0276287 -0.0252011 -0.0226774 -0.0201959 -0.0178351 -0.0157118 -0.0138274 -0.0121828 -0.0107691 -0.00958429 -0.00861652 -0.0077884 -0.00711188 -0.00654164 -0.0060872 -0.00568522 -0.00534264 -0.00506168 -0.00480583 -0.0045928 -0.00438174 -0.00421962 -0.004056 -0.00390866 -0.00378308 -0.0036528 -0.0035548 -0.00343782 -0.00335242 -0.00326383 -0.00317594 -0.00311285 -0.00302742 -0.00297746 -0.00290795 -0.00284532 -0.00280495 -0.00274072 -0.00270441 -0.00264484 -0.00260431 -0.00258529 -0.00253077 -0.00249938 -0.00245706 -0.00244269 -0.00243705 -0.0023651 -0.00234564 -0.00234672 -0.00230827 -0.00229279 -0.00227285 -0.0022551 -0.00223823 -0.00221829 -0.00222545 -0.00220069 -0.0021736 -0.00218711 -0.00216458 -0.00214714 -0.00216668 -0.00214816 -0.00213512 -0.00215292 -0.00213379 
0 3.2879e-05 6.85771e-05 9.45451e-05 0.000121326 0.000151687 0.000184568 0.000218341 0.000250585 0.00028732 0.000314125 0.000346614 0.000390458 0.000419785 0.000460369 0.000494967 0.000516338 0.000561451 0.000600491 0.000655552 0.000708907 0.000719404 0.00077199 0.000837016 0.000869664 0.000915172 0.000965554 0.00102569 0.00107973 0.00114319 0.00121229 0.00126267 0.00134662 0.00141741 0.00147946 0.00156832 0.00164985 0.00174019 0.00182812 0.00194164 0.00205435 0.00216147 0.00230463 0.00244085 0.00259308 0.00275322 0.0029398 0.0031431 0.00335422 0.00361465 0.0038969 0.00423262 0.00461226 0.00507169 0.00562032 0.00627136 0.00706764 0.00801394 0.00917026 0.0105367 0.0121595 0.0140287 0.0161635 0.0185406 0.0210957 0.0237467 0.0263626 0.0288235 0.0309072 0.0324134 0.0330984 0.032802 0.0313372 0.0285802 0.0244541 0.0190158 0.0124283 0.00492077 -0.00320796 -0.011621 -0.0198859 -0.0275922 -0.0343333 -0.0398456 -0.0439129 -0.0464581 -0.0474343 -0.0469402 -0.0451193 -0.0422413 -0.0385651 -0.0343914 -0.0299481 -0.0254612 -0.0210734 -0.0169143 -0.0130281 -0.00943803 -0.00608989 -0.00292156 0.000180923 0.00331359 0.00659627 0.0101035 0.0139064 0.0180038 0.0223741 0.0269126 0.0314989 0.0359298 0.0399941 0.0434007 0.0458818 0.0471426 0.0469965 0.0452961 0.0420378 0.0372483 0.0310896 0.0237683 0.0156476 0.00711624 -0.00137967 -0.00947732 -0.0168373 -0.0231929 -0.0283194 -0.0320953 -0.0345249 -0.0356888 -0.0357398 -0.0348199 -0.0331538 -0.0309421 -0.0284264 -0.0257517 -0.0230791 -0.0205071 -0.0181343 -0.0160029 -0.0141224 -0.0125068 -0.011122 -0.00997198 -0.0090003 -0.00820541 -0.00753132 -0.0069717 -0.00650586 -0.00610663 -0.0057677 -0.00545957 -0.00521307 -0.00497984 -0.00477254 -0.00458813 -0.00442723 -0.00428174 -0.00412965 -0.0040189 -0.00390227 -0.00378969 -0.00369114 -0.00360149 -0.00351732 -0.00341909 -0.00335772 -0.00328484 -0.00320686 -0.00315673 -0.00309512 -0.00304485 -0.00299775 -0.00295519 -0.00290099 -0.00285367 -0.00284246 -0.00278666 -0.00273092 -0.00271456 -0.00268562 -0.0026662 -0.00263606 -0.00260162 -0.0025881 -0.00256562 -0.00254757 -0.00252939 -0.00250501 -0.00248658 -0.00247134 -0.002468 -0.00245747 -0.00244935 -0.00244838 -0.00242289 -0.00241378 -0.00241485 -0.00239921 -0.00241267 
0 2.17028e-05 7.19771e-05 9.8768e-05 0.000134593 0.000184475 0.000209606 0.000242602 0.000280429 0.000314125 0.000355242 0.000387681 0.000428726 0.000470405 0.000500994 0.000553384 0.000601275 0.000633653 0.000677143 0.000720413 0.000768132 0.000812749 0.000861475 0.000930407 0.000973371 0.00102243 0.00110277 0.00114975 0.00120504 0.00128424 0.00134121 0.00141183 0.00149536 0.00157752 0.00165793 0.00174955 0.00186315 0.00194981 0.00205647 0.00219047 0.00230044 0.00242998 0.00257716 0.00274147 0.00290009 0.0030802 0.00330943 0.00352768 0.00378155 0.00407775 0.00442381 0.00480723 0.00524641 0.00580313 0.00644188 0.00720986 0.00812558 0.00924949 0.0105855 0.0121457 0.0139852 0.0160888 0.0184676 0.0210402 0.0237824 0.0265697 0.02928 0.0317301 0.033721 0.035053 0.035489 0.0348666 0.0329925 0.0297952 0.0251996 0.0193054 0.0122436 0.00428342 -0.00429541 -0.0131195 -0.0217841 -0.0298628 -0.0369652 -0.0428081 -0.0471725 -0.0499668 -0.05113 -0.0507522 -0.0489577 -0.0460248 -0.0422037 -0.0378215 -0.0330985 -0.0282896 -0.0235257 -0.0189695 -0.0146559 -0.0106442 -0.00686579 -0.003285 0.000238932 0.00378368 0.00749736 0.0114297 0.0156684 0.0201765 0.0249419 0.0298248 0.0347167 0.0393842 0.0436253 0.0471203 0.0496106 0.0507881 0.0504866 0.0485633 0.0450329 0.0399332 0.0334356 0.0257643 0.0172724 0.00835876 -0.000559462 -0.00909146 -0.0169158 -0.0237272 -0.0293353 -0.0335817 -0.0364763 -0.0380365 -0.0384185 -0.037753 -0.0362695 -0.0341537 -0.0316222 -0.0288655 -0.0260452 -0.0233058 -0.0207008 -0.0183307 -0.0162086 -0.0143791 -0.0127851 -0.0114284 -0.0102997 -0.00936093 -0.00857765 -0.00789714 -0.00735855 -0.0068977 -0.00649764 -0.00614488 -0.00585355 -0.00560762 -0.00535343 -0.00514908 -0.00496817 -0.00479592 -0.00462706 -0.00448286 -0.00436666 -0.00422321 -0.00411159 -0.00401989 -0.00391487 -0.00382333 -0.00374348 -0.00367436 -0.00358948 -0.00352317 -0.00347073 -0.00338831 -0.00333692 -0.00329489 -0.00322631 -0.00318177 -0.00314676 -0.00310578 -0.00306663 -0.00303076 -0.00300397 -0.00296313 -0.00292768 -0.00290997 -0.00287843 -0.00285334 -0.00283101 -0.00280799 -0.00280249 -0.00277752 -0.00276322 -0.00276356 -0.002721 -0.00271101 -0.00272251 -0.00268929 -0.00270199 -0.00271426 -0.0026734 -0.0026855 
0 4.12923e-05 7.70251e-05 0.000114727 0.000152963 0.000191488 0.000227155 0.000268019 0.000316127 0.000346614 0.000387681 0.000445385 0.000470518 0.000510911 0.000573939 0.000598027 0.000644154 0.000718692 0.000753887 0.000789602 0.00084927 0.000913233 0.000970544 0.00101076 0.00106848 0.00114477 0.00120797 0.00126886 0.0013375 0.00141919 0.00149814 0.0015684 0.00166258 0.00175345 0.00183557 0.00194665 0.00205364 0.00215893 0.00228307 0.00241903 0.00255947 0.00269633 0.00287351 0.0030548 0.00323009 0.00344962 0.00368897 0.00395092 0.00422725 0.00457245 0.00497168 0.00540117 0.00593061 0.00656349 0.00733009 0.00820906 0.00928608 0.0105932 0.0121213 0.0139038 0.0159501 0.0183104 0.0208864 0.023655 0.0265192 0.0294023 0.0321226 0.0344789 0.0362969 0.0373548 0.0374855 0.0364466 0.034148 0.0304667 0.0254501 0.0191252 0.0116886 0.00335515 -0.00554462 -0.014658 -0.0235894 -0.0319212 -0.039301 -0.045398 -0.0500356 -0.0530435 -0.0544249 -0.0541735 -0.0524877 -0.0495403 -0.0456723 -0.041116 -0.0361962 -0.031078 -0.0259993 -0.0210367 -0.0163343 -0.0118698 -0.00767954 -0.00364019 0.00029544 0.00429955 0.00842803 0.0128194 0.0174584 0.022389 0.0274901 0.032706 0.0378208 0.0426896 0.0470043 0.0505388 0.052941 0.0540097 0.0535013 0.0513761 0.0475779 0.042233 0.0354619 0.0275549 0.0188175 0.00965538 0.000452752 -0.00841056 -0.0165826 -0.0237957 -0.0298114 -0.0345425 -0.0378908 -0.039921 -0.040672 -0.040358 -0.0391247 -0.0371978 -0.0347339 -0.0319563 -0.0290603 -0.0261704 -0.0233945 -0.0207789 -0.0184478 -0.0163796 -0.0145855 -0.0130178 -0.0117097 -0.0106288 -0.00970053 -0.00892212 -0.00826819 -0.00774664 -0.00726988 -0.00686137 -0.00652527 -0.00622791 -0.00595639 -0.005704 -0.00550913 -0.00531187 -0.00512465 -0.00497167 -0.00482698 -0.00468938 -0.0045548 -0.00444911 -0.00433969 -0.00422674 -0.00414344 -0.00405236 -0.00396237 -0.00389075 -0.00382201 -0.0037522 -0.0036807 -0.00362918 -0.00358535 -0.00352287 -0.00346611 -0.00342213 -0.00339193 -0.0033559 -0.00329057 -0.00325962 -0.0032521 -0.00320483 -0.00317236 -0.00315922 -0.00312539 -0.00310082 -0.00308631 -0.00306666 -0.0030421 -0.00302405 -0.00302277 -0.00300458 -0.00298655 -0.00299254 -0.00297282 -0.00295733 -0.00297187 -0.00295742 
0 4.85743e-05 8.34601e-05 0.00013083 0.000167363 0.000202363 0.000254421 0.000295168 0.000339522 0.000390458 0.000428726 0.000470518 0.000522722 0.000574148 0.000616629 0.000670028 0.000722233 0.0007529 0.000817695 0.000894974 0.000942919 0.000995134 0.00104647 0.00111998 0.00119729 0.00124609 0.00131685 0.0013952 0.00147787 0.00155947 0.0016365 0.0017378 0.00182547 0.00192546 0.00203267 0.00213664 0.00226279 0.00237829 0.00251981 0.0026641 0.00281433 0.00298794 0.00316454 0.00337239 0.00357516 0.00381984 0.00409044 0.00437723 0.00471446 0.00509515 0.00555547 0.00605636 0.00667253 0.0074131 0.00828776 0.00932511 0.01056 0.0120647 0.0137912 0.0157949 0.018069 0.0206398 0.0234137 0.0263159 0.0292817 0.0321738 0.0348357 0.0370148 0.0385762 0.0392975 0.0390315 0.0375503 0.0347725 0.0306416 0.0252037 0.0185341 0.0107789 0.00219653 -0.00692243 -0.0161881 -0.0252687 -0.033744 -0.0413084 -0.0476065 -0.0524643 -0.0556889 -0.0572769 -0.0572111 -0.0556635 -0.0527984 -0.0489248 -0.0442899 -0.0391977 -0.0338471 -0.0284561 -0.0231429 -0.0180318 -0.0131478 -0.00850461 -0.00402297 0.000375572 0.00482448 0.00941189 0.0142329 0.0192961 0.0245972 0.0300354 0.0355105 0.0408272 0.0458024 0.0501491 0.0536201 0.0558967 0.0567828 0.0560686 0.0537226 0.0497018 0.0441497 0.0371936 0.0291491 0.0202882 0.0110143 0.00164599 -0.00741291 -0.0158533 -0.0233654 -0.0297667 -0.0349275 -0.0387667 -0.0412746 -0.0424846 -0.0425782 -0.0416907 -0.0400333 -0.0377263 -0.0350245 -0.0320978 -0.0291296 -0.0261938 -0.0233941 -0.0208369 -0.0185426 -0.016529 -0.0147461 -0.0132518 -0.0119828 -0.0109195 -0.0100073 -0.00925021 -0.00863018 -0.00808032 -0.00762243 -0.00721738 -0.006885 -0.00657238 -0.00629894 -0.00606548 -0.00584139 -0.00565121 -0.00546173 -0.00530577 -0.00515099 -0.00500792 -0.00488347 -0.00475406 -0.00465016 -0.00453593 -0.00444115 -0.00435452 -0.00425909 -0.00418505 -0.00411187 -0.00405142 -0.00397537 -0.0039063 -0.00386765 -0.00381111 -0.003756 -0.0036941 -0.00364736 -0.00363267 -0.00358686 -0.00353641 -0.0035089 -0.00348132 -0.00345158 -0.00342416 -0.00340348 -0.00337014 -0.00334362 -0.00333506 -0.00331216 -0.00330289 -0.00329767 -0.00327278 -0.00326489 -0.00325254 -0.00323727 -0.00324315 -0.00323679 
0 4.46156e-05 7.51826e-05 0.000136125 0.000189251 0.000228765 0.000288151 0.000326856 0.000358912 0.000419785 0.000470405 0.000510911 0.000574148 0.000626438 0.000661052 0.000732585 0.000797693 0.000835077 0.000906273 0.000957203 0.00100352 0.00109337 0.00115093 0.00122039 0.00130405 0.00136302 0.00145285 0.00153233 0.00161297 0.00169772 0.00178226 0.00190171 0.00198404 0.00209778 0.00223295 0.00233469 0.00248051 0.00261492 0.00276746 0.00292223 0.00308395 0.00328931 0.00346506 0.00369493 0.0039356 0.00419915 0.00450533 0.00482674 0.00523169 0.0056571 0.00617968 0.00677799 0.00748716 0.00834862 0.00934248 0.0105596 0.0119704 0.013669 0.0156088 0.017831 0.0203355 0.0230797 0.0260222 0.0290145 0.0320267 0.0348536 0.0373652 0.039297 0.0405171 0.0408406 0.0401003 0.0381477 0.0348698 0.0303149 0.0244863 0.0175362 0.00954532 0.000818922 -0.00839798 -0.0177028 -0.0268104 -0.0353372 -0.0429897 -0.0494383 -0.054463 -0.0579027 -0.0596911 -0.0598573 -0.0584849 -0.0557805 -0.0519554 -0.0473192 -0.0420969 -0.0365719 -0.0308924 -0.0252659 -0.0197496 -0.0144603 -0.00934659 -0.00441853 0.000471204 0.00537078 0.0104375 0.0156777 0.0211649 0.0268027 0.0325563 0.0382354 0.0437128 0.048718 0.0530399 0.0563632 0.0584675 0.0591126 0.0581854 0.0556065 0.0514048 0.0456845 0.0386323 0.0305345 0.0216709 0.0123979 0.00299503 -0.00614341 -0.0147485 -0.0224793 -0.0292147 -0.0347625 -0.0390901 -0.0420865 -0.0438206 -0.0443782 -0.0439219 -0.0426033 -0.0405537 -0.0380127 -0.0351312 -0.032139 -0.0290866 -0.0261507 -0.0233794 -0.020869 -0.0186206 -0.0166292 -0.0149303 -0.0134542 -0.0122364 -0.0111774 -0.0103106 -0.00956702 -0.00894209 -0.00842535 -0.00795185 -0.00757304 -0.0072165 -0.00692617 -0.00664412 -0.00639263 -0.00619131 -0.00596807 -0.00579201 -0.00561508 -0.0054668 -0.00531856 -0.00517275 -0.00507786 -0.00494145 -0.0048389 -0.00475337 -0.00464908 -0.00456558 -0.00447239 -0.00440843 -0.00432814 -0.00425084 -0.00420343 -0.00412387 -0.00408473 -0.00404605 -0.00397505 -0.00394509 -0.00389793 -0.00384536 -0.00382526 -0.0037863 -0.00374048 -0.00371435 -0.00369428 -0.00366674 -0.00364998 -0.00363939 -0.00360387 -0.00357884 -0.00356934 -0.00354917 -0.00354603 -0.0035464 -0.00353559 -0.00352858 -0.00351566 
0 5.56476e-05 0.000104194 0.000153522 0.000194821 0.000244157 0.000296289 0.000343819 0.000411485 0.000460369 0.000500994 0.000573939 0.000616629 0.000661052 0.000743796 0.00078714 0.000835057 0.000920194 0.000985922 0.001042 0.00110064 0.00118753 0.00126773 0.00130987 0.00140139 0.00149166 0.00155984 0.00166867 0.00174954 0.00184426 0.00196471 0.00205949 0.00217286 0.00228647 0.00242278 0.00254993 0.0026759 0.00285714 0.00300332 0.00317513 0.00337889 0.00358124 0.00380677 0.00403589 0.00433101 0.00461792 0.00494037 0.00533547 0.00576389 0.00627306 0.00684 0.0075553 0.00837556 0.00934592 0.0105164 0.0118925 0.0135353 0.0154052 0.0175899 0.020028 0.0227399 0.0256485 0.0286851 0.031759 0.0347073 0.0374245 0.0396619 0.0412932 0.0420831 0.0419426 0.0406778 0.0382062 0.0344584 0.0294708 0.0233337 0.0161224 0.00802555 -0.00078064 -0.00994286 -0.0192112 -0.0282136 -0.0367212 -0.0443626 -0.0509089 -0.0560545 -0.0596908 -0.0616923 -0.062105 -0.0609691 -0.0584618 -0.0547716 -0.0501674 -0.0448989 -0.0392131 -0.033315 -0.0273671 -0.0214981 -0.0157721 -0.0102203 -0.00479545 0.000563477 0.00596569 0.0114812 0.0171752 0.0230354 0.0290206 0.0350193 0.0408905 0.0464418 0.0514436 0.0556461 0.0587807 0.0606361 0.0610163 0.059843 0.0570395 0.0526816 0.0468389 0.0397732 0.0316914 0.0229456 0.013751 0.00446434 -0.00467633 -0.0133012 -0.0212132 -0.0281783 -0.0341051 -0.0388574 -0.0423712 -0.0446452 -0.0457287 -0.0457693 -0.0448436 -0.0431615 -0.0408356 -0.0381196 -0.0351233 -0.0320495 -0.0289922 -0.0260646 -0.0233458 -0.020862 -0.018686 -0.0167474 -0.0150948 -0.0136642 -0.0124812 -0.0114675 -0.010594 -0.00988412 -0.00926646 -0.00875211 -0.00827255 -0.00789397 -0.00755577 -0.00723008 -0.00696373 -0.00671593 -0.00650725 -0.00628168 -0.0061062 -0.00595106 -0.00576801 -0.00563398 -0.00549708 -0.00537021 -0.00524244 -0.00513034 -0.00504426 -0.00492633 -0.00484815 -0.00476806 -0.00467548 -0.00462971 -0.00454951 -0.00446797 -0.00442174 -0.00437074 -0.00431125 -0.00423948 -0.00421002 -0.00418373 -0.00411469 -0.00408921 -0.0040675 -0.00401924 -0.00399917 -0.00396678 -0.0039327 -0.00391458 -0.00388803 -0.00388399 -0.00386901 -0.00384089 -0.00384349 -0.00381987 -0.00379888 -0.00381666 -0.00380021 
0 5.57217e-05 0.000106029 0.000161087 0.000217225 0.0002647 0.000323332 0.000382695 0.000429515 0.000494967 0.000553384 0.000598027 0.000670028 0.000732585 0.00078714 0.000859983 0.000921691 0.000981886 0.00104312 0.0011257 0.00122053 0.00127088 0.00134106 0.00143951 0.00152635 0.00161553 0.00168794 0.00179481 0.00190404 0.00199196 0.00211916 0.00222581 0.00234831 0.00248816 0.00261829 0.00277121 0.00291394 0.0030987 0.00326968 0.00344657 0.00367862 0.00388987 0.004138 0.00440211 0.0047177 0.0050509 0.00540635 0.00586697 0.00635417 0.00693213 0.00759618 0.00841453 0.00937035 0.0104688 0.0118187 0.0133855 0.0152326 0.0173104 0.019707 0.022368 0.0252433 0.0282798 0.0313699 0.0344473 0.0372826 0.0397787 0.0416953 0.0429256 0.0432515 0.0425716 0.0407628 0.037757 0.0335609 0.0281872 0.0217798 0.0143947 0.00625552 -0.00250043 -0.0115335 -0.0206382 -0.0294781 -0.0378553 -0.0454401 -0.0520004 -0.057253 -0.0610524 -0.063291 -0.063962 -0.0631135 -0.0608478 -0.057356 -0.0528409 -0.0475809 -0.0417838 -0.0357019 -0.0294675 -0.0232584 -0.0171119 -0.011112 -0.00518957 0.000660583 0.00656752 0.0125452 0.0186795 0.0249044 0.0312042 0.0374172 0.0434315 0.0490055 0.0539446 0.0579652 0.0608604 0.062414 0.0625083 0.0610602 0.0580536 0.0535481 0.0476582 0.0406237 0.0326661 0.0240954 0.0151053 0.0060103 -0.00299268 -0.011564 -0.0195501 -0.0266988 -0.0329374 -0.0380838 -0.042104 -0.0449296 -0.0465993 -0.0471739 -0.0467397 -0.0454766 -0.0434884 -0.0409976 -0.0381012 -0.0350525 -0.0319335 -0.0288936 -0.025979 -0.0232908 -0.020894 -0.0187403 -0.0168698 -0.0152308 -0.0138846 -0.0127088 -0.0117101 -0.0108755 -0.0101742 -0.00958414 -0.00903499 -0.00861003 -0.00821809 -0.00786964 -0.00755787 -0.00728404 -0.00705218 -0.00679813 -0.00660811 -0.00641884 -0.00623644 -0.00607976 -0.00592325 -0.00579909 -0.00565478 -0.00554332 -0.0054343 -0.00531493 -0.00523892 -0.00513862 -0.00504553 -0.00496437 -0.00489504 -0.00484205 -0.00474815 -0.00468036 -0.00464392 -0.00459254 -0.00453856 -0.00447707 -0.0044432 -0.00440886 -0.00435636 -0.0043338 -0.00429962 -0.00425723 -0.00423971 -0.00421363 -0.00419037 -0.00417497 -0.0041536 -0.00413793 -0.00412161 -0.00410937 -0.00410255 -0.00409224 -0.00409018 
0 4.96516e-05 0.000109748 0.000163354 0.000236845 0.000297499 0.000348531 0.000419823 0.000458035 0.000516338 0.000601275 0.000644154 0.000722233 0.000797693 0.000835057 0.000921691 0.000995386 0.00106259 0.00114559 0.0012011 0.00128946 0.00136784 0.00145397 0.00156805 0.00162596 0.00173178 0.00184667 0.00192714 0.00205472 0.00215121 0.0022737 0.00240985 0.00252722 0.00268982 0.00282263 0.00299117 0.00316836 0.00333494 0.0035482 0.00373875 0.00398171 0.00422545 0.0044846 0.00480346 0.00512437 0.00551245 0.0059228 0.00642716 0.0070011 0.00764122 0.00843646 0.00935372 0.010459 0.0117227 0.0132497 0.0150394 0.0170719 0.0193925 0.0219762 0.0248451 0.0278468 0.0309607 0.0340637 0.0370458 0.0397118 0.0418757 0.0434224 0.0441574 0.0439777 0.0427039 0.0403358 0.0368061 0.0321808 0.0264838 0.0198423 0.012382 0.00425917 -0.00432017 -0.0131598 -0.0219864 -0.0306131 -0.0387617 -0.0462426 -0.0527422 -0.0580787 -0.062015 -0.0645004 -0.0654446 -0.0649136 -0.0629351 -0.0596855 -0.0553223 -0.0501115 -0.0442627 -0.0380208 -0.0315458 -0.0249998 -0.0184615 -0.0119956 -0.00558858 0.000781569 0.00718125 0.0136413 0.0201889 0.026778 0.0333465 0.0397521 0.0458479 0.051404 0.0562119 0.0600041 0.062605 0.0638223 0.0636035 0.0618642 0.0586649 0.0540264 0.0481497 0.0411901 0.0334465 0.0250983 0.0164192 0.00757661 -0.0011616 -0.0096149 -0.0175625 -0.0248487 -0.0313157 -0.0368247 -0.041311 -0.0446859 -0.0469663 -0.0481065 -0.0482413 -0.0474416 -0.0458961 -0.0436877 -0.041005 -0.0380307 -0.0349228 -0.0318122 -0.0287445 -0.025888 -0.0232553 -0.0209113 -0.0187988 -0.016969 -0.015417 -0.0140727 -0.0129409 -0.0119565 -0.0111668 -0.0104639 -0.00986662 -0.00936168 -0.00891136 -0.00853807 -0.00817057 -0.00787998 -0.00759712 -0.00734189 -0.00712412 -0.00689582 -0.00672586 -0.00653436 -0.00637435 -0.00623133 -0.00607781 -0.00596831 -0.00582766 -0.00572448 -0.00561742 -0.0055 -0.00543846 -0.00532464 -0.0052367 -0.0051795 -0.0050988 -0.00504718 -0.00497068 -0.00491448 -0.00486615 -0.00479847 -0.00477909 -0.00471823 -0.00465704 -0.00464533 -0.00459263 -0.00457064 -0.00455949 -0.00451042 -0.00449531 -0.00446396 -0.00443395 -0.0044381 -0.00441033 -0.00440545 -0.00440922 -0.00437629 -0.00438211 
0 4.92822e-05 0.00015622 0.000183825 0.000229025 0.000325524 0.000352288 0.000424289 0.000530644 0.000561451 0.000633653 0.000718692 0.0007529 0.000835077 0.000920194 0.000981886 0.00106259 0.00113117 0.00122535 0.00131803 0.00137543 0.00147643 0.00157843 0.00165281 0.00174757 0.00185756 0.00197798 0.00207624 0.00219266 0.00233798 0.00244852 0.00259004 0.00274262 0.00287769 0.00304603 0.00321737 0.00340508 0.00359557 0.00381113 0.00405757 0.0042919 0.00457575 0.00487949 0.00521251 0.00558734 0.00600141 0.00649591 0.00704041 0.0076918 0.00844538 0.00933992 0.0104069 0.0116445 0.0131199 0.014832 0.016835 0.0190883 0.021618 0.0244143 0.0274124 0.0305331 0.0336522 0.0367115 0.0395161 0.0419114 0.0436953 0.0447674 0.0449826 0.0442064 0.0423537 0.039394 0.0353903 0.030356 0.0243985 0.0175891 0.0101209 0.00211542 -0.00622674 -0.0147623 -0.0232733 -0.0315834 -0.0394797 -0.0467568 -0.0531851 -0.0585333 -0.0626274 -0.0653261 -0.0665868 -0.0663684 -0.064735 -0.0617491 -0.0576054 -0.052478 -0.0466365 -0.0402628 -0.0335871 -0.026719 -0.0198076 -0.0128751 -0.0059856 0.000913393 0.00780508 0.0147491 0.0216938 0.0286327 0.0354327 0.0420011 0.0481208 0.0536198 0.0582278 0.0617619 0.0640079 0.0648848 0.0643066 0.062299 0.0588795 0.0541682 0.0483082 0.0415167 0.0340058 0.0259811 0.0176415 0.0091607 0.000739082 -0.00748593 -0.0153283 -0.022665 -0.0292927 -0.0351183 -0.0400093 -0.0439343 -0.0467892 -0.0485621 -0.0492744 -0.0490377 -0.0479666 -0.0461498 -0.0437569 -0.0409428 -0.0379211 -0.0347719 -0.031641 -0.0286146 -0.0258035 -0.0232352 -0.0209149 -0.0188809 -0.0171006 -0.0155894 -0.0142773 -0.0131734 -0.0122293 -0.0114276 -0.0107551 -0.0101565 -0.00965549 -0.00920882 -0.00883083 -0.00847993 -0.00816587 -0.00790885 -0.0076474 -0.00742026 -0.00721225 -0.00702576 -0.0068431 -0.00666627 -0.00653129 -0.00637083 -0.00623469 -0.00612872 -0.00599696 -0.00588821 -0.00579825 -0.00571567 -0.00561544 -0.00552115 -0.00547074 -0.00538618 -0.00530217 -0.00525215 -0.00518768 -0.00514054 -0.00507861 -0.00502353 -0.0050167 -0.00495769 -0.00490372 -0.00489725 -0.00483433 -0.00479917 -0.00480881 -0.00476376 -0.00474521 -0.00474699 -0.0047035 -0.00469468 -0.00469539 -0.00466738 -0.00467702 
