0 0 0 0 0 0 0 0 0 0 0 0 0 0 0 0 0 0 0 0 0 0 0 0 0 0 0 0 0 0 0 0 0 0 0 0 0 0 0 0 0 0 0 0 0 0 0 0 0 0 0 0 0 0 0 0 0 0 0 0 0 0 0 0 0 0 0 0 0 0 0 0 0 0 0 0 0 0 0 0 0 0 0 0 0 0 0 0 0 0 0 0 0 0 0 0 0 0 0 0 0 0 0 0 0 0 0 0 0 0 0 0 0 0 0 0 0 0 0 0 0 0 0 0 0 0 0 0 0 0 0 0 0 0 0 0 0 0 0 0 0 0 0 0 0 0 0 0 0 0 0 0 0 0 0 0 0 0 0 0 0 0 0 0 0 0 0 0 0 0 0 0 0 0 0 0 0 0 0 0 0 0 0 0 0 0 0 0 0 0 0 0 0 0 0 0 0 0 0 0 
0 -7.23376e-06 2.08503e-05 1.33919e-05 8.42462e-06 3.96615e-05 2.90917e-05 2.18925e-05 5.42428e-05 4.75877e-05 4.4531e-05 6.67055e-05 5.68976e-05 5.79916e-05 7.28664e-05 8.72978e-05 0.000108314 8.57437e-05 8.23406e-05 0.000122756 0.000114615 0.000109491 0.000132771 0.000136483 0.000149104 0.000163277 0.000168075 0.000175142 0.000185383 0.000200965 0.000202789 0.000213049 0.00024023 0.000247657 0.000258719 0.000289619 0.000306609 0.000317573 0.000342895 0.000371159 0.000391628 0.000408992 0.00045147 0.000492372 0.000519756 0.000574943 0.000640285 0.000714962 0.000788955 0.000895423 0.00104102 0.00118747 0.00137621 0.00160292 0.00189246 0.0022041 0.00254577 0.00293992 0.00334566 0.00375196 0.00408597 0.00437329 0.00454649 0.0045757 0.00439972 0.00400484 0.00341506 0.0026059 0.0016252 0.000463097 -0.000758019 -0.00200457 -0.0031634 -0.00422101 -0.00510205 -0.00577479 -0.00619883 -0.00635965 -0.00630058 -0.00603445 -0.00564355 -0.00512017 -0.00455048 -0.00391545 -0.00331113 -0.00271399 -0.0022077 -0.0017476 -0.00138895 -0.00107298 -0.000838918 -0.000632521 -0.00048806 -0.000361156 -0.000281171 -0.000210845 -0.000173978 -0.000138731 -0.000125404 -0.000106615 -0.000101279 -8.42071e-05 -7.39415e-05 -4.4289e-05 -1.42917e-05 4.58324e-05 0.000114588 0.000226502 0.00035516 0.000541277 0.000753526 0.00104229 0.00137248 0.00180225 0.002284 0.00286659 0.00347386 0.00413291 0.00474777 0.00533922 0.00581712 0.00619615 0.00638658 0.00637879 0.00610566 0.0055761 0.00480466 0.00382832 0.00270778 0.00146056 0.000184897 -0.00108208 -0.00220705 -0.00318467 -0.00394649 -0.00452155 -0.00486431 -0.00498742 -0.00492363 -0.00471576 -0.00443008 -0.00404794 -0.00363883 -0.00321199 -0.00283421 -0.00247775 -0.002146 -0.00186634 -0.00163414 -0.00145614 -0.00128008 -0.00114865 -0.001051 -0.000969315 -0.000892437 -0.000824016 -0.000790759 -0.000744124 -0.000696057 -0.000665986 -0.000641777 -0.000611705 -0.000576838 -0.000564911 -0.000550587 -0.000520724 -0.000511169 -0.000506818 -0.000485881 -0.000472563 -0.000466583 -0.000455187 -0.000437524 -0.000426239 -0.00042357 -0.000405708 -0.000405752 -0.000409252 -0.00037895 -0.000387452 -0.000404635 -0.000375772 -0.000360176 -0.000358934 -0.000367342 -0.000368088 -0.0003425 -0.000350232 -0.000358206 -0.000339378 -0.000350766 -0.000350754 -0.000328861 -0.000332268 -0.000334237 -0.000332697 -0.000339939 -0.000337486 -0.000331876 -0.000330917 
0 2.08503e-05 1.34195e-05 2.88355e-05 5.09257e-05 4.09428e-05 5.50315e-05 8.70578e-05 7.38489e-05 7.94025e-05 0.000118285 0.000108377 0.000118781 0.000164939 0.000148119 0.000140526 0.000170888 0.000185307 0.000213491 0.000217441 0.000219203 0.000256036 0.000266288 0.000278508 0.000285732 0.000302883 0.0003426 0.000335787 0.000372448 0.000412554 0.000407067 0.000455107 0.000478733 0.00049924 0.000529575 0.000556342 0.000612681 0.000620551 0.000677298 0.000743334 0.000771934 0.000843634 0.000904852 0.000999135 0.0010633 0.00115673 0.00130405 0.00142269 0.00159695 0.00179409 0.00207881 0.00238817 0.00275082 0.00323559 0.00378458 0.00443452 0.00511125 0.00589824 0.00670882 0.00748971 0.00817713 0.00870705 0.0090619 0.00907503 0.00872969 0.00792748 0.00674278 0.00513561 0.00316282 0.000885232 -0.00156316 -0.00400104 -0.00633215 -0.00840022 -0.0101697 -0.0114818 -0.0123364 -0.0126551 -0.0125442 -0.0120296 -0.0112427 -0.0102235 -0.00906902 -0.00783598 -0.00660571 -0.00545039 -0.00440727 -0.00352168 -0.002768 -0.00216768 -0.00166338 -0.00128118 -0.000958726 -0.000734039 -0.000542985 -0.000429531 -0.000326776 -0.000282036 -0.000228021 -0.000215486 -0.00017829 -0.000169072 -0.000121763 -8.78651e-05 6.00033e-08 9.3606e-05 0.000260658 0.000455721 0.00074457 0.00108607 0.00154463 0.00208996 0.00278545 0.00360949 0.00460335 0.00572685 0.00696258 0.00823729 0.00948168 0.0106282 0.0115904 0.0123201 0.0126944 0.0126674 0.012114 0.0110764 0.00952955 0.00761942 0.0053683 0.00293056 0.000376895 -0.00209608 -0.00435148 -0.00627563 -0.00780455 -0.00894722 -0.00962511 -0.00990127 -0.00976799 -0.00939827 -0.00880746 -0.00808605 -0.00726723 -0.00643935 -0.00568999 -0.00496828 -0.0043374 -0.00375584 -0.00331556 -0.00293021 -0.00259264 -0.00232722 -0.00210689 -0.00195676 -0.00177437 -0.00165921 -0.0015664 -0.0014747 -0.00139843 -0.00131709 -0.00129514 -0.00122197 -0.00117091 -0.00114892 -0.00109806 -0.00106801 -0.00101784 -0.00100714 -0.000971433 -0.000924311 -0.000934882 -0.000894094 -0.000872914 -0.00087309 -0.00084851 -0.000836037 -0.000805505 -0.000805699 -0.000797549 -0.000759317 -0.000758322 -0.000742729 -0.000748066 -0.00075977 -0.00070891 -0.000708374 -0.000732841 -0.000698249 -0.000690911 -0.00070074 -0.000676546 -0.000673122 -0.000690584 -0.00068343 -0.00067223 -0.000673186 -0.000662169 -0.000654881 -0.00066367 -0.000663146 
0 1.33919e-05 2.88355e-05 4.45464e-05 6.14179e-05 7.64426e-05 9.00266e-05 0.000108419 0.000123332 0.000137372 0.000159021 0.000170755 0.000183167 0.000208252 0.000222984 0.000244752 0.00027217 0.000278701 0.000297796 0.00032641 0.00034183 0.000365534 0.000391918 0.000416632 0.000442967 0.000472906 0.000504695 0.000524126 0.00056014 0.000599513 0.000620859 0.000665454 0.000712174 0.000749744 0.00079699 0.000852778 0.000913008 0.000959268 0.00102842 0.00110958 0.00117426 0.00126041 0.0013649 0.00148294 0.00160149 0.0017523 0.00195167 0.0021628 0.0024196 0.00274405 0.00315418 0.00363258 0.0042005 0.00491042 0.0057436 0.00668981 0.00772692 0.00886993 0.0100588 0.0111947 0.0121923 0.0129663 0.0134312 0.0134323 0.0128723 0.0116885 0.00989678 0.00750935 0.00457596 0.00121636 -0.002384 -0.00599177 -0.00942307 -0.0124986 -0.0150897 -0.0170477 -0.0182969 -0.0188059 -0.0186463 -0.0179198 -0.0167542 -0.0152621 -0.0135511 -0.0117338 -0.0099144 -0.00819971 -0.00665211 -0.00532083 -0.00419861 -0.00328354 -0.00253589 -0.00194531 -0.00147388 -0.00111843 -0.000845897 -0.000655954 -0.000516791 -0.000429373 -0.000364238 -0.000325187 -0.000285743 -0.000251556 -0.000196508 -0.000124906 -7.9185e-06 0.000153129 0.000389793 0.000702263 0.00112321 0.00165474 0.00233387 0.00317032 0.00420711 0.00545315 0.00693022 0.00860504 0.0104334 0.012318 0.0141614 0.0158488 0.0172754 0.0183272 0.0188751 0.0187967 0.0179882 0.0164344 0.0141749 0.0113333 0.00802343 0.00440966 0.000659468 -0.00298944 -0.00632798 -0.00918826 -0.0114875 -0.0131819 -0.0142324 -0.014661 -0.014536 -0.0140053 -0.0131641 -0.0121089 -0.0109195 -0.00971422 -0.00857476 -0.00751333 -0.00655132 -0.00570463 -0.00501179 -0.00442638 -0.00392733 -0.00351765 -0.00319585 -0.00293781 -0.00269896 -0.00251329 -0.00236583 -0.00223378 -0.00210908 -0.0020047 -0.0019299 -0.0018394 -0.00176227 -0.00170593 -0.00164789 -0.00159105 -0.00153958 -0.00150789 -0.00146153 -0.00141708 -0.00139455 -0.00135559 -0.00132031 -0.00129491 -0.00126819 -0.00124248 -0.00121812 -0.00120372 -0.00117999 -0.00116211 -0.00115694 -0.00112986 -0.00111055 -0.00110489 -0.00108652 -0.00107687 -0.00106921 -0.00105376 -0.00104781 -0.00104355 -0.00103455 -0.00102645 -0.00101877 -0.00101062 -0.00100532 -0.00100474 -0.001003 -0.00100259 -0.00100244 -0.000993087 
0 8.42462e-06 5.09257e-05 6.14179e-05 6.75293e-05 0.000112665 0.000126044 0.000126473 0.000173266 0.000193963 0.000193575 0.000238571 0.000259393 0.000257782 0.000300453 0.000335273 0.000356368 0.000377342 0.000389983 0.000438377 0.000470339 0.000480332 0.000525726 0.000554323 0.000593913 0.000636626 0.000656307 0.000716037 0.000749942 0.000787037 0.000852038 0.000883628 0.000952082 0.00100711 0.00106425 0.00114841 0.00120177 0.00129896 0.00137858 0.00147011 0.00158922 0.00168826 0.00184281 0.00198164 0.00216345 0.00237775 0.00261453 0.0029312 0.00327068 0.00373025 0.00426263 0.00491703 0.00571114 0.0066403 0.00776425 0.0089983 0.0104021 0.01188 0.0134132 0.0148732 0.0161394 0.0171232 0.0176341 0.0175858 0.0167754 0.0152055 0.0128027 0.00964679 0.00579118 0.0014036 -0.00326979 -0.00798914 -0.0124512 -0.0164901 -0.0198445 -0.0224212 -0.0240435 -0.0247572 -0.0245698 -0.0236632 -0.0221491 -0.0202114 -0.0179776 -0.0156015 -0.0132271 -0.0109668 -0.00893516 -0.00715293 -0.00566933 -0.00442465 -0.00343802 -0.002624 -0.00200942 -0.00150932 -0.00116163 -0.000881727 -0.00071253 -0.00056959 -0.000500149 -0.000422486 -0.000387943 -0.0003168 -0.000260907 -0.000138994 6.11569e-07 0.000242356 0.00054215 0.000985423 0.00153204 0.00226795 0.00316257 0.00430521 0.00567683 0.00735261 0.00929401 0.0115085 0.0138935 0.0163607 0.0187632 0.0209605 0.0228143 0.0241509 0.0248388 0.024682 0.0236225 0.0215691 0.0186479 0.0149171 0.0106178 0.00588822 0.00103109 -0.00372428 -0.00808267 -0.0118495 -0.014903 -0.0171404 -0.0185806 -0.0191889 -0.0191332 -0.0184802 -0.0174389 -0.016085 -0.0145752 -0.0130271 -0.0115104 -0.0101255 -0.00883597 -0.00774134 -0.00677829 -0.00598795 -0.00532146 -0.0047606 -0.00432752 -0.00393814 -0.00364981 -0.00338015 -0.00317099 -0.00299408 -0.00282184 -0.00270347 -0.00256244 -0.00246898 -0.00236916 -0.00227354 -0.0022115 -0.00212178 -0.00207302 -0.00200478 -0.00194683 -0.00191171 -0.00184213 -0.00181486 -0.00177104 -0.00172185 -0.00169942 -0.00165482 -0.00163926 -0.00160641 -0.00156403 -0.00156259 -0.00153704 -0.00151262 -0.00148596 -0.00145479 -0.00146906 -0.00144822 -0.00140543 -0.00141735 -0.00140711 -0.00137716 -0.00138548 -0.00137719 -0.00134949 -0.00135014 -0.00135143 -0.00133914 -0.00133884 -0.00133745 -0.0013277 -0.0013286 
0 3.96615e-05 4.09428e-05 7.64426e-05 0.000112665 0.000112564 0.000152373 0.000191875 0.000194217 0.000231927 0.000265145 0.000280399 0.000324384 0.000354204 0.000382376 0.000402094 0.000410254 0.000483004 0.000528707 0.000525655 0.000581827 0.000627351 0.000655091 0.000703664 0.000736257 0.00078153 0.000832486 0.00088824 0.000944021 0.000990961 0.00106979 0.00113083 0.00118479 0.00127105 0.00134663 0.00142354 0.00151386 0.00162428 0.00173354 0.00184493 0.00199426 0.00215049 0.00231575 0.00251056 0.0027491 0.00301829 0.00332571 0.0037135 0.00418547 0.00475269 0.00543263 0.00627471 0.00728562 0.00847091 0.00984323 0.0114019 0.0131257 0.0149341 0.0167641 0.0184937 0.0199997 0.0211015 0.0216355 0.0214438 0.0203861 0.0183857 0.015395 0.0114859 0.00675579 0.00143058 -0.00425091 -0.00996268 -0.0154117 -0.0203036 -0.0243993 -0.0275158 -0.029528 -0.0304295 -0.0302654 -0.0292031 -0.027389 -0.0250458 -0.0223248 -0.019442 -0.016532 -0.0137755 -0.0112512 -0.00905332 -0.00717579 -0.00562972 -0.0043628 -0.00335524 -0.00255544 -0.00194293 -0.0014781 -0.00114112 -0.000900161 -0.000734991 -0.000620362 -0.000537911 -0.000467947 -0.000393673 -0.000296183 -0.000157195 4.67188e-05 0.00033639 0.000741461 0.00128308 0.00199778 0.00290739 0.00406027 0.0054807 0.00722435 0.00929588 0.0117178 0.014422 0.0173501 0.0203411 0.0232701 0.0259269 0.028161 0.0297439 0.0305162 0.0302763 0.0289377 0.0264458 0.022878 0.0183646 0.0131168 0.00739905 0.00150239 -0.00424184 -0.00956091 -0.0141847 -0.0179611 -0.020759 -0.0225779 -0.023446 -0.0234789 -0.0228062 -0.0215911 -0.0200169 -0.0182306 -0.0163741 -0.0145289 -0.0128012 -0.0112348 -0.00985469 -0.00864959 -0.00762491 -0.00678214 -0.00607885 -0.00548956 -0.00499911 -0.00461144 -0.00428167 -0.00399374 -0.00375577 -0.00356454 -0.00339042 -0.00322463 -0.00309919 -0.00298372 -0.00286849 -0.00276319 -0.00268122 -0.00259966 -0.00250404 -0.00244536 -0.00238308 -0.00231232 -0.00226285 -0.00221567 -0.00217499 -0.00212357 -0.00208829 -0.0020504 -0.00199919 -0.00199155 -0.00194627 -0.00188645 -0.00189413 -0.00188109 -0.00184616 -0.00181711 -0.00179434 -0.00179719 -0.00176989 -0.00174262 -0.00174402 -0.00171469 -0.00170383 -0.00171714 -0.00169893 -0.00168779 -0.00168458 -0.00166747 -0.00165991 -0.00166196 -0.00166436 
0 2.90917e-05 5.50315e-05 9.00266e-05 0.000126044 0.000152373 0.000185228 0.000217512 0.000244765 0.000283566 0.000314381 0.000343705 0.00038277 0.000408265 0.000452703 0.000505411 0.000530053 0.000572414 0.000611015 0.000639315 0.000702713 0.000746272 0.000779692 0.00084692 0.000903145 0.000951103 0.00101046 0.00107603 0.00113419 0.00119281 0.00127974 0.00135396 0.00142457 0.00153139 0.00163145 0.00172419 0.00184026 0.0019748 0.00210262 0.0022365 0.00241441 0.00260546 0.00280036 0.00304327 0.00334325 0.00367906 0.0040646 0.00455271 0.00515349 0.00585514 0.00669717 0.00773512 0.00897495 0.0104041 0.012037 0.0138907 0.0159137 0.0180089 0.0200853 0.0220335 0.0236972 0.0248613 0.0253366 0.0249623 0.0236093 0.02117 0.0176025 0.012977 0.00745038 0.0012656 -0.00530383 -0.0119188 -0.0182368 -0.0239105 -0.0286634 -0.0322864 -0.0346641 -0.0357702 -0.0356631 -0.0344892 -0.0324342 -0.0297298 -0.0265875 -0.0232342 -0.0198498 -0.0166141 -0.0136384 -0.0110162 -0.00876577 -0.00689497 -0.00536076 -0.00413434 -0.00316158 -0.0024132 -0.00184309 -0.00142702 -0.00112551 -0.000917476 -0.000768823 -0.00066213 -0.000567967 -0.000471165 -0.000342876 -0.000166206 9.16789e-05 0.000451493 0.000951348 0.00161524 0.00248751 0.00359733 0.00499835 0.0067236 0.00882401 0.0113073 0.0141761 0.0173614 0.0207761 0.0242602 0.0276493 0.030724 0.0332746 0.0350586 0.0358693 0.035521 0.0339095 0.0310023 0.0268592 0.0216305 0.0155497 0.00893564 0.00212888 -0.00451626 -0.0106975 -0.0161285 -0.0205955 -0.0239553 -0.0261886 -0.0273555 -0.0275569 -0.0269242 -0.0256282 -0.0238892 -0.0218898 -0.0197664 -0.0176231 -0.0155811 -0.0137267 -0.012072 -0.0106079 -0.00935067 -0.00831404 -0.00745229 -0.00671548 -0.00610694 -0.00562535 -0.005221 -0.00486103 -0.00456249 -0.00432778 -0.00410756 -0.00390012 -0.0037374 -0.00359581 -0.00345179 -0.00332096 -0.00322575 -0.00312846 -0.00302187 -0.00295017 -0.00287862 -0.00279594 -0.00272951 -0.00267226 -0.00260967 -0.00254448 -0.002508 -0.00246399 -0.00240341 -0.00238113 -0.00235042 -0.00230625 -0.00228131 -0.00224049 -0.00220923 -0.0021943 -0.00216591 -0.00214218 -0.00212152 -0.00210609 -0.00209563 -0.00207775 -0.00206454 -0.00204666 -0.00202908 -0.00202332 -0.00201427 -0.00201661 -0.00201847 -0.00200284 -0.00199842 
0 2.18925e-05 8.70578e-05 0.000108419 0.000126473 0.000191875 0.000217512 0.000237122 0.000301666 0.000331516 0.000356543 0.000416962 0.000451002 0.000481744 0.00052836 0.00057504 0.000632541 0.000664241 0.00070306 0.000777354 0.000822527 0.000868836 0.000928637 0.000982604 0.00105701 0.00111203 0.00117627 0.00126561 0.00132716 0.00141262 0.00150708 0.00158744 0.00169025 0.00179364 0.00191133 0.00202798 0.00215626 0.00231991 0.0024671 0.00264177 0.00285316 0.00307556 0.00332779 0.00361644 0.00397949 0.00438504 0.00485618 0.00545567 0.00617213 0.00702889 0.00804474 0.00928807 0.0107615 0.0124359 0.0143458 0.016471 0.0187711 0.0211093 0.0233889 0.0254922 0.027226 0.0283782 0.0287134 0.0281062 0.0263999 0.0235046 0.019366 0.0140727 0.00782598 0.000871594 -0.00646859 -0.0138777 -0.0209383 -0.0273035 -0.0326257 -0.0367156 -0.0394301 -0.0407544 -0.0407299 -0.0394934 -0.0372536 -0.0342455 -0.030744 -0.0269686 -0.0231628 -0.0194753 -0.0160806 -0.0130353 -0.010424 -0.00821239 -0.00641423 -0.00494865 -0.00380601 -0.00290246 -0.00223125 -0.00171799 -0.00136076 -0.00109286 -0.000915752 -0.000768821 -0.000656465 -0.000521249 -0.000367793 -0.000136691 0.000170271 0.000618013 0.00120828 0.00201324 0.00303953 0.00436952 0.00601536 0.00806274 0.0105094 0.0134068 0.0166918 0.0203336 0.0241799 0.0281073 0.0318865 0.0353145 0.0381112 0.0400337 0.0408361 0.0403468 0.0384675 0.0351656 0.0305174 0.0246542 0.0178663 0.0104723 0.00289093 -0.00454524 -0.0114806 -0.0176395 -0.0227518 -0.0266614 -0.0293414 -0.030841 -0.0312809 -0.0307563 -0.0294778 -0.027651 -0.0255055 -0.0231751 -0.0207824 -0.0184754 -0.016338 -0.014423 -0.0127003 -0.0112135 -0.00996642 -0.00891785 -0.00803251 -0.0072824 -0.00669027 -0.00618723 -0.00575137 -0.00539266 -0.00509126 -0.00483688 -0.00459153 -0.00439521 -0.00422787 -0.00405503 -0.00391442 -0.00378292 -0.00366709 -0.00355307 -0.00344649 -0.00336819 -0.00326922 -0.00319196 -0.00313078 -0.00304926 -0.00299309 -0.0029357 -0.00288296 -0.0028351 -0.00276997 -0.00274053 -0.00270875 -0.00265437 -0.0026203 -0.00258684 -0.0025706 -0.00254426 -0.00249268 -0.00248912 -0.00247515 -0.00242781 -0.00242996 -0.00241853 -0.00237803 -0.00238592 -0.00238302 -0.00235061 -0.00235344 -0.0023511 -0.00232906 -0.00233927 
0 5.42428e-05 7.38489e-05 0.000123332 0.000173266 0.000194217 0.000244765 0.000301666 0.000328411 0.000371469 0.000430062 0.000464194 0.000507736 0.000576705 0.000619175 0.000648652 0.00070046 0.000766441 0.000838763 0.000883985 0.000928232 0.00100858 0.00107556 0.00113611 0.00120175 0.00127586 0.00136737 0.00143824 0.00153301 0.00163543 0.00172024 0.00184101 0.00194717 0.00206722 0.00220314 0.0023339 0.00250399 0.00266057 0.00285403 0.00306832 0.00329313 0.003575 0.00386288 0.00422957 0.00464213 0.00512797 0.00572288 0.00641588 0.00728838 0.00829219 0.00951981 0.0109714 0.0126646 0.0146101 0.0167614 0.0191614 0.0216639 0.0242134 0.0266317 0.0288066 0.0305354 0.0315634 0.0317211 0.0307923 0.0287188 0.0253268 0.0206575 0.0147542 0.00787303 0.000268133 -0.00774422 -0.0157889 -0.0234946 -0.0304078 -0.0362522 -0.0407302 -0.0437898 -0.0453179 -0.0454243 -0.044168 -0.0418129 -0.0385749 -0.0347749 -0.0306534 -0.0264607 -0.022385 -0.0185743 -0.0151507 -0.0121537 -0.00963144 -0.0075294 -0.00585002 -0.00449417 -0.00346148 -0.00264665 -0.00206317 -0.00160896 -0.00130871 -0.00106308 -0.000903848 -0.000733852 -0.000588072 -0.000369451 -0.000111121 0.000286251 0.000795468 0.00151902 0.00243968 0.00366447 0.00519053 0.00712447 0.00946669 0.0122913 0.015562 0.0192695 0.0233069 0.0275596 0.0318526 0.0359673 0.0396659 0.042638 0.0446389 0.0453775 0.0447408 0.0425747 0.0389365 0.033817 0.0274518 0.0200506 0.0120468 0.00379628 -0.00428782 -0.0118818 -0.0186757 -0.0243747 -0.0288428 -0.031974 -0.0338842 -0.0345924 -0.0342909 -0.0331024 -0.0312969 -0.0290711 -0.0265872 -0.0240212 -0.021464 -0.0190916 -0.0168872 -0.0149337 -0.0132057 -0.0117297 -0.0104916 -0.00942181 -0.00855627 -0.00780874 -0.00721082 -0.00669474 -0.0062579 -0.0059039 -0.00557519 -0.00532025 -0.00507004 -0.00486191 -0.00468125 -0.00450095 -0.00435889 -0.00420518 -0.004087 -0.00396853 -0.00384832 -0.003767 -0.00366385 -0.00358119 -0.00351253 -0.003437 -0.00336961 -0.00329531 -0.00325293 -0.00320239 -0.00312675 -0.00308254 -0.00304871 -0.00302061 -0.00298127 -0.00292181 -0.00290129 -0.00289195 -0.00284679 -0.0028148 -0.0028051 -0.00277266 -0.00274932 -0.00275673 -0.00273479 -0.00270964 -0.00271527 -0.00269035 -0.00267172 -0.00268898 -0.00267521 
0 4.75877e-05 7.94025e-05 0.000137372 0.000193963 0.000231927 0.000283566 0.000331516 0.000371469 0.000426751 0.000482589 0.000525887 0.000577619 0.000636591 0.000685757 0.000754783 0.000827058 0.000863655 0.000921773 0.000998615 0.00105845 0.00113581 0.00121198 0.00128421 0.00137186 0.00146233 0.00155095 0.00162964 0.00173922 0.00185082 0.00194114 0.00207947 0.00221358 0.00234367 0.00250262 0.00266866 0.00285554 0.0030334 0.00325862 0.00351063 0.00376085 0.00408092 0.00443699 0.00486226 0.00534562 0.00592838 0.00664936 0.00747419 0.00849017 0.00968754 0.0111246 0.0127968 0.0147145 0.0169111 0.0193131 0.0219226 0.0246028 0.0272826 0.0297846 0.0319411 0.0335622 0.0343953 0.0342834 0.0330054 0.0304967 0.0266256 0.021437 0.0150128 0.00758515 -0.000557606 -0.00910887 -0.0176646 -0.0258597 -0.0332296 -0.0394873 -0.044333 -0.0476892 -0.0494528 -0.0496957 -0.0484941 -0.046077 -0.0426995 -0.0386672 -0.0342707 -0.0297464 -0.0253228 -0.0211352 -0.0173428 -0.0139822 -0.0111336 -0.00873971 -0.00681788 -0.00526006 -0.00406612 -0.00312191 -0.0024357 -0.00190131 -0.00153626 -0.00124054 -0.00103674 -0.000828194 -0.00063945 -0.000374203 -5.57249e-05 0.000415059 0.00101919 0.00186153 0.00293171 0.00434383 0.00609812 0.00830948 0.0109687 0.0141519 0.0177953 0.021889 0.026291 0.0308961 0.0354915 0.0398718 0.0437512 0.0468327 0.0488286 0.0494796 0.0486512 0.0462297 0.0422589 0.0367617 0.0299705 0.022113 0.0136245 0.00485822 -0.00375322 -0.0118912 -0.0192146 -0.0254543 -0.0304415 -0.0340723 -0.0364086 -0.0374738 -0.0374543 -0.0364704 -0.0347767 -0.0325488 -0.0299945 -0.0272952 -0.0245645 -0.0219559 -0.0194975 -0.0173012 -0.0153379 -0.0136308 -0.0121692 -0.0109285 -0.00990998 -0.00902058 -0.00830045 -0.00769566 -0.00718732 -0.00674898 -0.00636266 -0.00606474 -0.00576894 -0.0055142 -0.0053022 -0.00510566 -0.00492968 -0.00475667 -0.00463301 -0.00449647 -0.00435916 -0.00426715 -0.00415652 -0.00405039 -0.00396047 -0.00388109 -0.00380303 -0.00372101 -0.00366644 -0.00360247 -0.00354584 -0.0035119 -0.00344334 -0.00338594 -0.00336031 -0.00331691 -0.00327336 -0.00324382 -0.00320975 -0.00318062 -0.00316902 -0.00314561 -0.00311272 -0.00309937 -0.00307137 -0.00304635 -0.00305787 -0.00304663 -0.00303269 -0.00304081 -0.00301488 
0 4.4531e-05 0.000118285 0.000159021 0.000193575 0.000265145 0.000314381 0.000356543 0.000430062 0.000482589 0.000527699 0.000595358 0.000655983 0.000713675 0.000764586 0.000830112 0.000919346 0.000966956 0.00103 0.00113544 0.00119346 0.00126675 0.0013634 0.00142962 0.00153274 0.00163299 0.00171936 0.00183879 0.00195114 0.00207746 0.00219731 0.00232992 0.00249827 0.00262763 0.00280247 0.00300675 0.0031896 0.0034209 0.00366959 0.00396474 0.00427068 0.00462174 0.00507534 0.00554609 0.00612344 0.00681411 0.00764781 0.00863688 0.00978343 0.0112086 0.0128459 0.0147485 0.0169043 0.0193264 0.0219848 0.0247398 0.0275764 0.0303057 0.032824 0.034874 0.0362819 0.0368554 0.0363737 0.0347196 0.0317105 0.027383 0.0216926 0.0148314 0.00695161 -0.0016216 -0.0105682 -0.0195163 -0.0280368 -0.0357772 -0.0423323 -0.0475247 -0.0511232 -0.0531476 -0.05353 -0.0524497 -0.050028 -0.0465952 -0.0424056 -0.0377967 -0.0330052 -0.0282645 -0.0237501 -0.0195903 -0.0159006 -0.0127017 -0.0100379 -0.00783535 -0.00609425 -0.00469718 -0.00364443 -0.00281419 -0.00222279 -0.00175254 -0.0014312 -0.00114296 -0.000920745 -0.000649137 -0.000361756 5.73775e-05 0.000578232 0.00131882 0.00225872 0.00352109 0.00510161 0.00712481 0.00959227 0.0125969 0.0161051 0.0201251 0.0245538 0.0292949 0.0341839 0.0390226 0.0435836 0.047555 0.0506671 0.052576 0.0531096 0.0520464 0.0493994 0.0450974 0.0393174 0.0321694 0.0240171 0.0151634 0.0060469 -0.00297167 -0.0115245 -0.01927 -0.0259872 -0.0314384 -0.035597 -0.0383615 -0.039868 -0.040177 -0.039509 -0.0380122 -0.0358783 -0.0333475 -0.030568 -0.0277515 -0.0249269 -0.0222727 -0.0198273 -0.0176413 -0.0157055 -0.0139946 -0.0125836 -0.0113613 -0.0103374 -0.00946029 -0.00874536 -0.00816025 -0.00761514 -0.00719081 -0.00682014 -0.00649746 -0.00620582 -0.00594633 -0.00574988 -0.00552226 -0.00533792 -0.00518812 -0.00501881 -0.00488234 -0.00474854 -0.00464047 -0.00452974 -0.00441589 -0.00434614 -0.00424774 -0.00416593 -0.00410689 -0.00400918 -0.0039546 -0.00391063 -0.00383161 -0.00378158 -0.00374405 -0.00370583 -0.00365917 -0.00360849 -0.00359378 -0.00355973 -0.0035072 -0.00349782 -0.00347417 -0.00343913 -0.00344241 -0.00342698 -0.00339329 -0.00338819 -0.00337863 -0.00336018 -0.00336788 
0 6.67055e-05 0.000108377 0.000170755 0.000238571 0.000280399 0.000343705 0.000416962 0.000464194 0.000525887 0.000595358 0.000654129 0.000720082 0.000788166 0.000871189 0.000933181 0.000975517 0.00108045 0.00117568 0.00123161 0.00132077 0.00140698 0.00150838 0.00160944 0.00168896 0.00181247 0.00192041 0.00203375 0.00217539 0.002292 0.00244584 0.00259961 0.00275977 0.00294442 0.00312249 0.003353 0.00357119 0.00381851 0.00412298 0.00443099 0.00480149 0.00521189 0.00571904 0.00629292 0.0069511 0.00778465 0.00874658 0.00990001 0.0112445 0.0128626 0.0147439 0.0168528 0.0192533 0.0218843 0.0247272 0.0276179 0.0305042 0.0332482 0.0356547 0.0375277 0.038632 0.0388578 0.0379675 0.0358562 0.0323774 0.0275669 0.0214708 0.0142171 0.00601691 -0.00287982 -0.0120847 -0.0212763 -0.0300116 -0.0379809 -0.0447909 -0.0502367 -0.0541006 -0.0563417 -0.0569358 -0.0559888 -0.0536725 -0.0502363 -0.0459958 -0.0412285 -0.0362422 -0.0312282 -0.0264242 -0.0219311 -0.0179166 -0.01439 -0.0114331 -0.0089659 -0.00700325 -0.00542134 -0.00421685 -0.00326605 -0.00257299 -0.00202478 -0.00163233 -0.0012887 -0.00100688 -0.000681665 -0.000326118 0.000165796 0.000782559 0.00163505 0.00271792 0.00415308 0.00594472 0.00822064 0.0109752 0.0143039 0.0181432 0.0225064 0.0272445 0.0322808 0.0373939 0.0424206 0.0470652 0.0510688 0.0541 0.0558946 0.0562292 0.0549615 0.0520536 0.0475039 0.0414662 0.0341001 0.0257493 0.0166935 0.00736094 -0.0019313 -0.0107627 -0.0188576 -0.0259426 -0.0318604 -0.036494 -0.0397598 -0.0417271 -0.0424645 -0.0421848 -0.0409731 -0.0390547 -0.0366024 -0.0338569 -0.0309645 -0.0280149 -0.0251734 -0.0225008 -0.0201005 -0.0179099 -0.0159915 -0.0143482 -0.0129437 -0.0117558 -0.0107211 -0.00989759 -0.00918311 -0.00857521 -0.00806327 -0.00762268 -0.00726158 -0.0069071 -0.00662863 -0.00637448 -0.00613273 -0.00593439 -0.00573365 -0.00557635 -0.00541039 -0.00526288 -0.00514388 -0.00500452 -0.004908 -0.00479897 -0.00468935 -0.00461233 -0.00452264 -0.00445744 -0.00436979 -0.00428485 -0.00425976 -0.00420109 -0.00412622 -0.00407709 -0.00403814 -0.00400934 -0.00395414 -0.00391362 -0.00389984 -0.00385231 -0.00382604 -0.00382407 -0.00378706 -0.00376553 -0.00376293 -0.0037357 -0.00372177 -0.00372742 -0.00371432 
0 5.68976e-05 0.000118781 0.000183167 0.000259393 0.000324384 0.00038277 0.000451002 0.000507736 0.000577619 0.000655983 0.000720082 0.000796095 0.000862635 0.000938437 0.0010342 0.00110529 0.00119436 0.00127082 0.00133791 0.00146881 0.00155868 0.00164103 0.00177613 0.00187306 0.00199642 0.00212647 0.00224173 0.00239436 0.00252707 0.00269792 0.00287138 0.0030368 0.00326427 0.00346496 0.00370507 0.00397272 0.00424802 0.00459093 0.00493679 0.00536766 0.00585496 0.00641535 0.00710115 0.00787423 0.00884181 0.00995872 0.0112853 0.0128544 0.0146701 0.0167859 0.019119 0.0217396 0.0245624 0.0275272 0.0305122 0.0333829 0.036053 0.0382598 0.0398536 0.0405926 0.0403811 0.0390346 0.0364165 0.0324754 0.0272077 0.0207598 0.0131974 0.00477062 -0.00431382 -0.0136586 -0.0229445 -0.0317877 -0.0398648 -0.0468623 -0.0524953 -0.056606 -0.0590553 -0.0598879 -0.0591215 -0.0569757 -0.0536195 -0.0493989 -0.044554 -0.0394217 -0.0341968 -0.0291288 -0.0243469 -0.020011 -0.0161812 -0.0129142 -0.0101915 -0.00797992 -0.00621713 -0.00483279 -0.0037662 -0.00294543 -0.00232519 -0.00183685 -0.0014441 -0.00107823 -0.000705539 -0.000257016 0.000302022 0.00104079 0.00200085 0.00325517 0.00486035 0.0068922 0.00941466 0.0124772 0.0161094 0.0202808 0.0249459 0.0299718 0.0352423 0.0405345 0.0456673 0.0503246 0.0542679 0.0571441 0.0587581 0.0588522 0.0573673 0.0542024 0.0494523 0.0432113 0.0357344 0.027285 0.0181748 0.00874994 -0.00066332 -0.0096626 -0.0179966 -0.0253759 -0.0317024 -0.036778 -0.0405632 -0.0430222 -0.044265 -0.0444265 -0.0435997 -0.0419841 -0.039719 -0.0370847 -0.0341789 -0.0311778 -0.0281901 -0.0253352 -0.0227122 -0.020289 -0.0181603 -0.0162736 -0.0146708 -0.0132919 -0.0121076 -0.011137 -0.0102854 -0.00959932 -0.00899049 -0.00847659 -0.00804838 -0.00765055 -0.00733433 -0.00701931 -0.00676725 -0.00654264 -0.00630837 -0.00613863 -0.0059539 -0.00579711 -0.00565043 -0.00550099 -0.00539303 -0.00525301 -0.00515558 -0.00506605 -0.00493909 -0.00488281 -0.00481279 -0.00472115 -0.00465886 -0.00458368 -0.00453433 -0.00448212 -0.00441934 -0.00437963 -0.00432531 -0.0042945 -0.00427509 -0.0042299 -0.0042065 -0.00417328 -0.00413345 -0.00412636 -0.00411025 -0.0040995 -0.00409676 -0.00407631 -0.00406836 
0 5.79916e-05 0.000164939 0.000208252 0.000257782 0.000354204 0.000408265 0.000481744 0.000576705 0.000636591 0.000713675 0.000788166 0.000862635 0.000961685 0.001023 0.00110254 0.00122007 0.00129653 0.00138715 0.00149984 0.00160037 0.00170655 0.00179914 0.00192729 0.00206301 0.00216425 0.00232412 0.00247663 0.0026098 0.00279819 0.00296809 0.00314938 0.00335404 0.00357283 0.00382396 0.00406421 0.00437363 0.00471345 0.00506157 0.00549969 0.00598286 0.00655523 0.00720533 0.00798081 0.00892421 0.00999704 0.0113001 0.0128163 0.0145987 0.0166469 0.0189522 0.021547 0.0243384 0.0273269 0.0303653 0.0333689 0.036188 0.0386534 0.0406077 0.0418027 0.0421333 0.0414055 0.0395483 0.036415 0.0319979 0.0263498 0.0195676 0.0118159 0.00322587 -0.00589097 -0.0152713 -0.0245146 -0.0333586 -0.0414525 -0.0485416 -0.0543297 -0.0586257 -0.0613157 -0.062368 -0.0618668 -0.0599117 -0.0567477 -0.0525849 -0.0477662 -0.042519 -0.03716 -0.0318486 -0.0268266 -0.0221795 -0.0180658 -0.0144868 -0.0115028 -0.00903508 -0.0070728 -0.00550459 -0.00429951 -0.00335246 -0.0026359 -0.00205654 -0.00158917 -0.00114527 -0.000699204 -0.000163112 0.00048854 0.00134668 0.00243908 0.00386737 0.00566487 0.00794331 0.0107242 0.0140965 0.0180208 0.0225135 0.0274389 0.0327293 0.0381632 0.0435995 0.0487373 0.053362 0.0571269 0.0598139 0.061147 0.0610024 0.0592452 0.0558709 0.0509283 0.0445742 0.0370564 0.0286173 0.0195746 0.0101744 0.000799478 -0.00827824 -0.0167119 -0.0243455 -0.0309715 -0.0364788 -0.0407457 -0.0437384 -0.0455336 -0.0461806 -0.0458388 -0.0445831 -0.0426494 -0.0401755 -0.0373666 -0.0343667 -0.0313025 -0.0283258 -0.0254725 -0.0228706 -0.0204965 -0.0183969 -0.016556 -0.0149651 -0.0136331 -0.0124602 -0.0114921 -0.010671 -0.00998041 -0.00938675 -0.00886235 -0.00845569 -0.00806227 -0.00771933 -0.00743543 -0.00716531 -0.00692919 -0.00669398 -0.00651272 -0.00633213 -0.00614343 -0.00602154 -0.00587288 -0.00573284 -0.00563644 -0.00552129 -0.00541524 -0.00530934 -0.00522828 -0.00515764 -0.005052 -0.00499408 -0.00494636 -0.00486689 -0.00482201 -0.00476917 -0.00472382 -0.00469338 -0.00461777 -0.00459042 -0.00458451 -0.00452156 -0.0045223 -0.00452204 -0.00444989 -0.0044549 -0.00445773 -0.00440214 -0.00443332 
0 7.28664e-05 0.000148119 0.000222984 0.000300453 0.000382376 0.000452703 0.00052836 0.000619175 0.000685757 0.000764586 0.000871189 0.000938437 0.001023 0.00114399 0.00121793 0.00129727 0.00140914 0.00151911 0.00163372 0.00172728 0.00184258 0.00198574 0.00210747 0.00224077 0.00237406 0.0025307 0.00270061 0.0028451 0.00304313 0.00324252 0.00343461 0.00367578 0.00392054 0.00419352 0.0044777 0.00481549 0.00520144 0.00559064 0.00608736 0.00665154 0.00729715 0.00805634 0.00895866 0.0100564 0.0112937 0.0127808 0.0145234 0.0165248 0.0187938 0.0213094 0.0241117 0.0270649 0.0301362 0.0331977 0.0361427 0.0388125 0.0409995 0.0425831 0.0433368 0.0431698 0.0419016 0.0394879 0.0358484 0.0309946 0.0250105 0.0179832 0.0101004 0.00148047 -0.00757799 -0.0168467 -0.0259624 -0.0346932 -0.0427315 -0.0498339 -0.055724 -0.0601855 -0.0631041 -0.0644163 -0.0642018 -0.0625193 -0.0595908 -0.055586 -0.0508377 -0.0455662 -0.0401019 -0.034617 -0.0293677 -0.0244566 -0.0200548 -0.0161866 -0.012922 -0.0102028 -0.00801634 -0.00626203 -0.00489607 -0.00381931 -0.00298749 -0.00231318 -0.00175395 -0.00122763 -0.00069119 -6.31951e-05 0.000699256 0.00168103 0.00292712 0.00453339 0.00654768 0.00907185 0.012132 0.0157974 0.0200206 0.0247935 0.0299688 0.0354593 0.0410302 0.046524 0.0516248 0.0561168 0.0596592 0.0620693 0.0630967 0.0626613 0.0606393 0.0570604 0.0519773 0.0455776 0.0380955 0.0297717 0.0208831 0.0116507 0.00241262 -0.00659829 -0.015064 -0.0228468 -0.0297248 -0.0355996 -0.0403305 -0.0438766 -0.0462466 -0.047456 -0.0476362 -0.0468549 -0.0453182 -0.0431177 -0.0404756 -0.0375442 -0.0344793 -0.0314047 -0.0283867 -0.0255888 -0.0230026 -0.0206825 -0.0186015 -0.0168044 -0.0152818 -0.0139374 -0.012813 -0.0118553 -0.011065 -0.0103653 -0.00976058 -0.00928208 -0.00882943 -0.00844348 -0.00810473 -0.00781183 -0.00754574 -0.00728568 -0.00709184 -0.00688434 -0.00669021 -0.00654012 -0.00637887 -0.00623674 -0.00609335 -0.00597647 -0.00588026 -0.005758 -0.00565877 -0.00557054 -0.0055009 -0.00543473 -0.00532911 -0.00527037 -0.00523392 -0.00515515 -0.00510243 -0.0050668 -0.00501788 -0.0049786 -0.00494607 -0.00491849 -0.00488369 -0.00485389 -0.0048444 -0.00482003 -0.00480106 -0.00480385 -0.00478538 
0 8.72978e-05 0.000140526 0.000244752 0.000335273 0.000402094 0.000505411 0.00057504 0.000648652 0.000754783 0.000830112 0.000933181 0.0010342 0.00110254 0.00121793 0.00132128 0.00142092 0.00154764 0.00163228 0.00174759 0.00188651 0.00200537 0.00215313 0.00227648 0.0024235 0.00260187 0.00274289 0.00292537 0.00311091 0.00330117 0.00353132 0.0037432 0.00400522 0.00428421 0.00457018 0.00491692 0.00528209 0.00571064 0.00618092 0.00672925 0.00739362 0.00812425 0.00901118 0.0100628 0.0113 0.0127419 0.014413 0.0163912 0.0186092 0.0210882 0.0238236 0.0267785 0.0298696 0.0329556 0.035988 0.0387952 0.0412177 0.0430566 0.0441693 0.0444377 0.0436937 0.041865 0.038867 0.0347399 0.029492 0.0232179 0.0160312 0.00807809 -0.00044802 -0.00936344 -0.0183891 -0.0273022 -0.0358176 -0.0437325 -0.0507709 -0.0567075 -0.0613084 -0.0644387 -0.0660415 -0.0661268 -0.0647841 -0.0621245 -0.0583672 -0.0537295 -0.0485216 -0.0429815 -0.0373936 -0.0319315 -0.0268059 -0.0221144 -0.0179831 -0.0144209 -0.0114575 -0.00902236 -0.00708076 -0.00553058 -0.00432117 -0.00335379 -0.00258102 -0.00191115 -0.00129831 -0.000652771 7.13754e-05 0.00096469 0.00207447 0.00349743 0.00528548 0.00754171 0.010309 0.0136676 0.0176058 0.0221317 0.0271404 0.0325521 0.0381751 0.0438531 0.049316 0.054336 0.0585989 0.0618786 0.0639318 0.064631 0.0638555 0.0615722 0.0577911 0.0526124 0.0462266 0.0388444 0.0307236 0.0220591 0.0131167 0.00410251 -0.0047075 -0.013132 -0.0209558 -0.0280256 -0.0341919 -0.0393445 -0.0434307 -0.0463723 -0.0481973 -0.0489284 -0.0487123 -0.047632 -0.0458175 -0.0434305 -0.0406511 -0.0376678 -0.0345473 -0.0314469 -0.0284644 -0.0256978 -0.0231565 -0.0208433 -0.018834 -0.0170764 -0.0155657 -0.0142526 -0.0131464 -0.012227 -0.0114095 -0.0107351 -0.0101493 -0.00964859 -0.00921439 -0.00881609 -0.00849701 -0.00818481 -0.00791419 -0.00767998 -0.00744506 -0.00726004 -0.00705833 -0.00688594 -0.00674904 -0.00658343 -0.00645503 -0.00632729 -0.00621693 -0.00613182 -0.00600755 -0.00592216 -0.00584374 -0.00575404 -0.00570489 -0.00561852 -0.0055475 -0.00551131 -0.00544305 -0.00541709 -0.00538059 -0.00531001 -0.00529912 -0.00525851 -0.0052106 -0.00522938 -0.00519461 -0.0051622 -0.00518656 -0.00514745 
0 0.000108314 0.000170888 0.00027217 0.000356368 0.000410254 0.000530053 0.000632541 0.00070046 0.000827058 0.000919346 0.000975517 0.00110529 0.00122007 0.00129727 0.00142092 0.00153948 0.00164879 0.00178265 0.00190258 0.00203521 0.00217999 0.00230581 0.00245823 0.00263044 0.00279832 0.00297367 0.00316495 0.00338401 0.00359468 0.0038189 0.00408769 0.00435395 0.00465109 0.00499147 0.00536365 0.00578791 0.0062596 0.0068172 0.00745488 0.00819114 0.00906415 0.010079 0.0112901 0.0126965 0.0143346 0.0162387 0.0184145 0.0208636 0.0235429 0.0264629 0.0295452 0.0326836 0.03576 0.0386613 0.0412587 0.0433355 0.0447419 0.0453377 0.0450348 0.043703 0.0412645 0.0377227 0.033121 0.0275409 0.0210397 0.0137604 0.00584101 -0.00252229 -0.0111691 -0.019893 -0.0284922 -0.0367494 -0.0444491 -0.05138 -0.0573016 -0.0620192 -0.065357 -0.0672558 -0.0676808 -0.0666979 -0.0643787 -0.0609019 -0.0564661 -0.0513542 -0.0458251 -0.0401517 -0.0345465 -0.0292074 -0.0242758 -0.0198651 -0.0160331 -0.0127952 -0.0101242 -0.0079605 -0.00623335 -0.00485842 -0.00376169 -0.00285998 -0.00208514 -0.00135617 -0.000606942 0.00024345 0.00126219 0.00253224 0.00412637 0.0061309 0.00861949 0.0116613 0.0152953 0.0195247 0.0243082 0.0295536 0.035135 0.0408743 0.0465728 0.0519722 0.0568152 0.0608136 0.0637497 0.0654243 0.0657432 0.0646193 0.0620618 0.0580962 0.0528666 0.0465377 0.0393374 0.0314628 0.0231253 0.0145261 0.00586093 -0.00268078 -0.0109444 -0.0187389 -0.0259131 -0.0323027 -0.0378333 -0.0424001 -0.0459304 -0.0483588 -0.0497164 -0.050091 -0.0495532 -0.0482062 -0.0461683 -0.0436501 -0.0407927 -0.0377333 -0.0345884 -0.0314936 -0.0285565 -0.0258036 -0.023294 -0.0210375 -0.0190605 -0.0173355 -0.0158414 -0.0145699 -0.0134758 -0.0125614 -0.0117733 -0.0110968 -0.0105232 -0.0100255 -0.00959578 -0.00919888 -0.00886593 -0.0085693 -0.00827712 -0.00803491 -0.00781716 -0.00760853 -0.00741461 -0.00724816 -0.00710661 -0.00694793 -0.00681 -0.00669413 -0.00656609 -0.00646517 -0.00636222 -0.00625722 -0.00619559 -0.00610887 -0.00601773 -0.00598776 -0.00592791 -0.00583705 -0.00579646 -0.00575549 -0.00569955 -0.00567719 -0.00565552 -0.00561482 -0.00558528 -0.00556664 -0.00554637 -0.00553001 -0.00552729 
0 8.57437e-05 0.000185307 0.000278701 0.000377342 0.000483004 0.000572414 0.000664241 0.000766441 0.000863655 0.000966956 0.00108045 0.00119436 0.00129653 0.00140914 0.00154764 0.00164879 0.00175331 0.00192247 0.00205631 0.00217769 0.00234415 0.00249724 0.00266799 0.00284452 0.00301328 0.00321268 0.0034172 0.00364938 0.00387875 0.00412749 0.00443965 0.00472763 0.00506086 0.00545417 0.00586504 0.00634052 0.00687108 0.00751623 0.008239 0.00907219 0.0100957 0.0112638 0.0126477 0.0142462 0.016111 0.0182484 0.0206271 0.0232928 0.0261589 0.0292213 0.0323628 0.0354852 0.0384731 0.0411622 0.0434452 0.0450903 0.0459971 0.0460209 0.0451049 0.0431568 0.0401229 0.0360711 0.0310501 0.0251957 0.0185395 0.011251 0.003452 -0.00466114 -0.0129628 -0.0213105 -0.0295336 -0.0374713 -0.0449021 -0.0516737 -0.0575401 -0.0623498 -0.0658884 -0.0680933 -0.0688775 -0.0682858 -0.0663467 -0.0632036 -0.0590279 -0.0540743 -0.0486121 -0.0429037 -0.0371962 -0.0316765 -0.0265281 -0.021852 -0.017755 -0.0142391 -0.0113233 -0.00892453 -0.00700717 -0.00545225 -0.0042134 -0.00316898 -0.00227709 -0.00141851 -0.000553567 0.000436787 0.0015936 0.00303844 0.00481725 0.00705216 0.00978341 0.0131058 0.017013 0.0215225 0.0265429 0.0319945 0.0377065 0.0435132 0.0491767 0.0544493 0.0590543 0.0627311 0.0652801 0.0665417 0.0664592 0.0649737 0.0621449 0.0580143 0.0527711 0.0465491 0.0395852 0.0320176 0.0240683 0.0158827 0.00763774 -0.000551742 -0.00856797 -0.0162436 -0.0234438 -0.0299908 -0.0358367 -0.0408337 -0.044917 -0.0479568 -0.049967 -0.0509775 -0.0510329 -0.050228 -0.0486362 -0.0464654 -0.0438171 -0.0408833 -0.0377715 -0.0346198 -0.0315476 -0.0286087 -0.0259156 -0.023434 -0.0212272 -0.019284 -0.0175994 -0.0161512 -0.0148739 -0.013827 -0.0129181 -0.0121295 -0.0114598 -0.0108839 -0.0104019 -0.0099378 -0.00956399 -0.00924235 -0.00891729 -0.00865275 -0.00840663 -0.00818751 -0.00797657 -0.00777613 -0.00761394 -0.00744048 -0.00730373 -0.00716995 -0.00701289 -0.00692517 -0.00683433 -0.00670693 -0.00661667 -0.00654223 -0.00646145 -0.00637746 -0.00631034 -0.00626169 -0.00619933 -0.00615161 -0.00611699 -0.00606328 -0.00602673 -0.00600228 -0.00596605 -0.00594799 -0.00593455 -0.00591116 -0.00590591 
