0 0 0 0 0 0 0 0 0 0 0 0 0 0 0 0 0 0 0 0 0 0 0 0 0 0 0 0 0 0 0 0 0 0 0 0 0 0 0 0 0 0 0 0 0 0 0 0 0 0 0 0 0 0 0 0 0 0 0 0 0 0 0 0 0 0 0 0 0 0 0 0 0 0 0 0 0 0 0 0 0 0 0 0 0 0 0 0 0 0 0 0 0 0 0 0 0 0 0 0 0 0 0 0 0 0 0 0 0 0 0 0 0 0 0 0 0 0 0 0 0 0 0 0 0 0 0 0 0 0 0 0 0 0 0 0 0 0 0 0 0 0 0 0 0 0 0 0 0 0 0 0 0 0 0 0 0 0 0 0 0 0 0 0 0 0 0 0 0 0 0 0 0 0 0 0 0 0 0 0 0 0 0 0 0 0 0 0 0 0 0 0 0 0 0 0 0 0 0 0 
0 8.75825e-06 9.33063e-08 1.20578e-05 1.63195e-05 4.81228e-06 2.22774e-05 2.51163e-05 1.34106e-05 3.31231e-05 2.96561e-05 2.03845e-05 4.47793e-05 4.57672e-05 4.16992e-05 4.95413e-05 4.44264e-05 4.5668e-05 4.76765e-05 6.49237e-05 8.18516e-05 5.80883e-05 6.10691e-05 9.2034e-05 8.56961e-05 7.7105e-05 8.66287e-05 9.02099e-05 9.67779e-05 0.000106081 0.0001079 0.0001138 0.00012595 0.000134429 0.000132304 0.000140563 0.000155999 0.00014836 0.000159059 0.000175139 0.000174661 0.00018602 0.000198572 0.000217773 0.000217771 0.000234893 0.000261015 0.00026094 0.000280694 0.000296781 0.000323556 0.000329117 0.000350481 0.000389151 0.000404554 0.000437197 0.000466304 0.00052792 0.000563936 0.00061994 0.000698572 0.000792043 0.000903104 0.00101903 0.00120412 0.0014032 0.00165525 0.00192003 0.00225871 0.00262516 0.00300954 0.00338125 0.00372508 0.00403146 0.00421611 0.00426888 0.00411522 0.00380067 0.00325527 0.00252833 0.00157831 0.000511954 -0.000650061 -0.0017959 -0.00290735 -0.00389813 -0.00473484 -0.00534927 -0.00572383 -0.00585715 -0.00577188 -0.00550997 -0.00509079 -0.0045624 -0.00393418 -0.00326491 -0.00255923 -0.00187336 -0.00118887 -0.000540023 0.000117507 0.000763452 0.00144554 0.00213369 0.00285334 0.00355092 0.00422621 0.00481733 0.00531731 0.00567359 0.00587093 0.00585933 0.00561359 0.00511569 0.00437595 0.00344637 0.00236424 0.00120798 5.54211e-07 -0.00115435 -0.00222569 -0.00309734 -0.00379113 -0.00424801 -0.00453447 -0.00459629 -0.00450367 -0.00425154 -0.00393818 -0.00357067 -0.00318202 -0.00278724 -0.0024134 -0.00210576 -0.00181988 -0.00158638 -0.00136538 -0.00122133 -0.00108747 -0.000982574 -0.000882931 -0.000817502 -0.000771896 -0.000707949 -0.0006688 -0.000628078 -0.000612907 -0.000566694 -0.000541437 -0.000526671 -0.000502717 -0.000480551 -0.000455661 -0.000458176 -0.000430938 -0.000416303 -0.000413204 -0.000401902 -0.000389838 -0.000376086 -0.000381568 -0.000362494 -0.000350194 -0.000353661 -0.00033807 -0.000327037 -0.00032326 -0.000320904 -0.000310552 -0.000304716 -0.000307048 -0.000299274 -0.000301352 -0.000301246 -0.000277566 -0.000280226 -0.000298797 -0.000275718 -0.000256552 -0.00026699 -0.000274537 -0.000273332 -0.000261713 -0.000263107 -0.000264548 -0.000250232 -0.000259611 -0.000261882 -0.000244917 -0.000248204 -0.000249647 -0.000247631 -0.000252181 -0.000252678 -0.000251138 -0.000241362 -0.000240071 -0.000245179 -0.000239576 -0.000245201 
0 9.33063e-08 1.44805e-05 1.65802e-05 1.73718e-05 3.65872e-05 3.60584e-05 3.10592e-05 5.69229e-05 5.39997e-05 4.89003e-05 8.43882e-05 6.73119e-05 5.55762e-05 9.82523e-05 8.5521e-05 9.32127e-05 0.000132632 0.000112532 0.000110408 0.000119747 0.00013477 0.000157479 0.000138558 0.000151981 0.000173211 0.000187169 0.000201117 0.000184014 0.000219899 0.000226105 0.000213594 0.000252089 0.000245781 0.000261994 0.000281188 0.0002966 0.000316844 0.0003171 0.000364126 0.00036236 0.000375389 0.000414353 0.00042039 0.000446117 0.000458024 0.000508023 0.000519764 0.000542454 0.000599961 0.000627177 0.000671155 0.000703019 0.000782376 0.000826318 0.000878473 0.000962593 0.00105148 0.00115406 0.00124502 0.00141395 0.00159023 0.00180911 0.00205909 0.00240444 0.00282724 0.0033018 0.00386623 0.0045123 0.00526134 0.00600619 0.00675557 0.00743228 0.00802472 0.00839177 0.00846921 0.00818159 0.00752024 0.00645812 0.00497648 0.00312346 0.000978692 -0.00129438 -0.00359606 -0.00577539 -0.0077615 -0.00939943 -0.0106342 -0.0113683 -0.0116485 -0.0114786 -0.0109663 -0.0101344 -0.00908474 -0.0078403 -0.00650592 -0.00510823 -0.003734 -0.00237491 -0.0010678 0.000240212 0.00154251 0.00289745 0.00427834 0.00570379 0.00709653 0.0084332 0.00960997 0.0106009 0.0113041 0.0116943 0.0116583 0.0111755 0.0101741 0.00872508 0.00686444 0.0047411 0.00242134 5.54559e-05 -0.00226327 -0.00435646 -0.00612492 -0.00748167 -0.00843195 -0.00898316 -0.00914197 -0.00895598 -0.0084855 -0.00786933 -0.00714195 -0.00638505 -0.00559006 -0.00487359 -0.00422804 -0.00368405 -0.00318661 -0.00277274 -0.00245432 -0.00219222 -0.00197499 -0.00176886 -0.00164606 -0.00152347 -0.00142499 -0.00131843 -0.00125983 -0.00120814 -0.0011314 -0.00108897 -0.00104335 -0.00102274 -0.000958139 -0.000936605 -0.000917274 -0.00087421 -0.000849945 -0.000818453 -0.000815531 -0.000764586 -0.000753751 -0.00074784 -0.000710216 -0.000706873 -0.000686661 -0.000687317 -0.000659303 -0.000654576 -0.000658746 -0.000615244 -0.000630349 -0.000616832 -0.000589076 -0.000586427 -0.000575655 -0.000588472 -0.000562247 -0.000549716 -0.000559937 -0.000555895 -0.000566882 -0.000525343 -0.000516059 -0.000546776 -0.000510554 -0.000515253 -0.000532932 -0.000498731 -0.000505192 -0.000517599 -0.000504518 -0.000504689 -0.000500775 -0.000490915 -0.000486562 -0.000489416 -0.000495966 -0.000494715 -0.000493484 -0.000494584 -0.000486953 
0 1.20578e-05 1.65802e-05 2.74879e-05 3.56713e-05 4.05229e-05 5.42563e-05 6.12873e-05 6.83534e-05 8.21054e-05 8.55466e-05 9.69399e-05 0.00011194 0.000118206 0.000133188 0.000137137 0.000141016 0.000158007 0.000162715 0.000182742 0.000203044 0.000198891 0.000213404 0.000235211 0.000243772 0.000251493 0.000265875 0.000281188 0.000292172 0.000316864 0.000331254 0.000341603 0.000372483 0.000387712 0.000400466 0.00042554 0.000448947 0.000463804 0.000484824 0.000521944 0.000539625 0.000564808 0.000607198 0.000639007 0.000667686 0.000707673 0.00076066 0.000792965 0.000835304 0.000897755 0.000952917 0.00100353 0.00106868 0.00115954 0.00123589 0.00132196 0.00143841 0.00157934 0.00172471 0.00189444 0.00212969 0.00241066 0.00274022 0.00313826 0.00365805 0.00428559 0.00501375 0.00585517 0.00683257 0.00791766 0.00903236 0.0101224 0.0111233 0.0119574 0.0124739 0.0125553 0.0121071 0.011101 0.00949367 0.00728644 0.00452874 0.00136877 -0.00200561 -0.00539981 -0.00863943 -0.0115595 -0.0139922 -0.0158046 -0.0169135 -0.0173286 -0.0171035 -0.0163401 -0.0151229 -0.013556 -0.0117218 -0.00973052 -0.00766196 -0.00560185 -0.00357694 -0.00160486 0.000352206 0.00231835 0.00433937 0.00641124 0.00852269 0.0106003 0.0125711 0.0143252 0.0157786 0.0168246 0.0173759 0.0173192 0.0165783 0.0151073 0.0129536 0.0102215 0.00706757 0.00364968 0.000139543 -0.00327086 -0.0063766 -0.00899666 -0.011037 -0.0124657 -0.013305 -0.0135661 -0.0133192 -0.0126658 -0.0117628 -0.010706 -0.00957435 -0.00842365 -0.0073463 -0.00639079 -0.00555518 -0.00482246 -0.004201 -0.00371247 -0.00331455 -0.00297893 -0.00269244 -0.0024817 -0.0023087 -0.00214867 -0.0020081 -0.00190414 -0.0018172 -0.00171686 -0.00163722 -0.00157584 -0.00151789 -0.001447 -0.00139704 -0.0013614 -0.00130996 -0.00126591 -0.00123535 -0.00120869 -0.00116562 -0.00113961 -0.00112222 -0.00108704 -0.00106135 -0.00104336 -0.0010218 -0.000991182 -0.000977668 -0.000965111 -0.000937027 -0.000928249 -0.000917095 -0.000900532 -0.000891946 -0.000880045 -0.000862819 -0.00085106 -0.000852322 -0.000832227 -0.000811651 -0.000816388 -0.000807501 -0.000801168 -0.000798528 -0.000784471 -0.000781261 -0.000775705 -0.000768967 -0.000767213 -0.000757335 -0.000751782 -0.000750132 -0.000747895 -0.000748356 -0.000746436 -0.000743206 -0.000737648 -0.000733666 -0.000731105 -0.000728297 -0.000734706 
0 1.63195e-05 1.73718e-05 3.56713e-05 5.2549e-05 5.09992e-05 7.12374e-05 8.94847e-05 8.52359e-05 0.000108994 0.000126089 0.000117617 0.000147675 0.000167335 0.000160647 0.000189225 0.00020177 0.000201533 0.000225914 0.000242847 0.000264862 0.00026918 0.000276133 0.000316921 0.000324691 0.000336655 0.0003596 0.000371868 0.000406263 0.000415396 0.000437418 0.000469191 0.000481312 0.000518913 0.000534898 0.000565601 0.000599691 0.000617918 0.000663764 0.000686738 0.000728805 0.000766192 0.000802997 0.000857508 0.000889351 0.000953202 0.00100099 0.00105986 0.00112491 0.00118927 0.00127587 0.00134211 0.00144581 0.00154373 0.00166034 0.00178687 0.00193547 0.00212408 0.0023171 0.00257338 0.00287074 0.00325634 0.00370182 0.00426008 0.00495242 0.00578439 0.00676956 0.00789302 0.00919316 0.0105934 0.0120588 0.0134665 0.0147624 0.0157921 0.016418 0.0164698 0.015844 0.0144763 0.0123211 0.009401 0.00577821 0.0016555 -0.00276271 -0.00719519 -0.0114423 -0.0152442 -0.0184284 -0.0207893 -0.0222671 -0.0228246 -0.022565 -0.0215702 -0.0199927 -0.0179304 -0.0155344 -0.0129085 -0.0101924 -0.00745712 -0.00477438 -0.00213321 0.00047456 0.00311037 0.00579229 0.00854735 0.0113233 0.0140638 0.0166393 0.0189471 0.0208357 0.0222023 0.0228893 0.0227974 0.0217949 0.0198751 0.0170544 0.0135022 0.0093715 0.00491232 0.000318769 -0.00412282 -0.00819032 -0.0116368 -0.0143555 -0.0162754 -0.0174182 -0.0178139 -0.0175484 -0.0167669 -0.0156178 -0.0142652 -0.0127852 -0.0113087 -0.00988792 -0.00862417 -0.00749294 -0.00652386 -0.00569529 -0.00502183 -0.0044751 -0.00401224 -0.00364469 -0.00333288 -0.00309848 -0.00287526 -0.00270192 -0.00254759 -0.00241903 -0.00230365 -0.00218982 -0.00211173 -0.00201685 -0.00194928 -0.00187228 -0.00181437 -0.00175826 -0.00169467 -0.0016585 -0.00160038 -0.00156728 -0.00152143 -0.00148482 -0.00145668 -0.00141153 -0.00139508 -0.0013556 -0.00133302 -0.00130996 -0.00127788 -0.0012703 -0.00123513 -0.00122069 -0.00120655 -0.00118449 -0.00117671 -0.00114235 -0.00113864 -0.00113676 -0.00110833 -0.00109657 -0.00108083 -0.00108533 -0.00107642 -0.00104589 -0.00105636 -0.00104527 -0.00102184 -0.00103476 -0.00102369 -0.00100644 -0.00101054 -0.00100347 -0.000997206 -0.000997009 -0.000993244 -0.000987788 -0.00098075 -0.0009827 -0.000983781 -0.000976324 -0.000978577 
0 4.81228e-06 3.65872e-05 4.05229e-05 5.09992e-05 8.55557e-05 8.35611e-05 9.63361e-05 0.000130353 0.000125219 0.000147023 0.00017931 0.000171525 0.000189641 0.000213033 0.000226665 0.000253615 0.000271126 0.000296647 0.000297326 0.000296202 0.000353446 0.000374337 0.000365437 0.000398273 0.000431552 0.000456172 0.000478807 0.000499616 0.000524233 0.000553122 0.000583941 0.000604351 0.000634743 0.000677585 0.000707322 0.000739905 0.00079018 0.000828691 0.000865277 0.000918175 0.0009659 0.00101298 0.00106277 0.00112978 0.00118881 0.00124723 0.00133211 0.0014085 0.00149648 0.00158646 0.00170133 0.00181878 0.00193886 0.0020952 0.00225814 0.00245791 0.00266999 0.00294633 0.00326768 0.00365511 0.00413355 0.00471412 0.00544449 0.00630427 0.00736145 0.00858442 0.010017 0.0115992 0.0133177 0.0150811 0.0167912 0.018323 0.0195002 0.0201804 0.0201548 0.0193321 0.017568 0.0148814 0.011246 0.00683054 0.00178424 -0.00357861 -0.00900425 -0.0141627 -0.0188054 -0.0226633 -0.0255593 -0.0273761 -0.028103 -0.0278159 -0.0266307 -0.0247113 -0.022195 -0.019262 -0.0160397 -0.012696 -0.00930738 -0.00596965 -0.00266233 0.000604124 0.00390877 0.00725134 0.0106715 0.0140929 0.0174591 0.0206113 0.0234295 0.0257293 0.0273724 0.0281792 0.0280172 0.0267692 0.024405 0.0209858 0.0166539 0.0116426 0.00619187 0.000620691 -0.00480209 -0.00974175 -0.0140018 -0.0173649 -0.0198048 -0.0212581 -0.0218367 -0.0216 -0.0207492 -0.0194155 -0.0177968 -0.0160242 -0.01423 -0.0125142 -0.0109211 -0.0095202 -0.00828946 -0.00726821 -0.00638983 -0.00568304 -0.00509315 -0.00462232 -0.00422605 -0.00389334 -0.00363237 -0.00339953 -0.00320967 -0.0030275 -0.00289307 -0.00276147 -0.00263976 -0.0025363 -0.00244382 -0.00236318 -0.00226926 -0.00220538 -0.00213947 -0.00206957 -0.00200948 -0.00195837 -0.00191003 -0.00185142 -0.00181536 -0.00177956 -0.00173224 -0.00170133 -0.00167635 -0.00164002 -0.00160721 -0.00158498 -0.00155886 -0.00152937 -0.0015036 -0.00147819 -0.00145522 -0.00145401 -0.0014304 -0.00138467 -0.00139566 -0.00140092 -0.00136433 -0.00134246 -0.00132995 -0.00132766 -0.00131281 -0.00129777 -0.00130326 -0.00127845 -0.0012677 -0.00128141 -0.00126423 -0.00125679 -0.0012536 -0.00123689 -0.00123476 -0.00123361 -0.00123427 -0.00123383 -0.00122959 -0.00123167 -0.00122178 
0 2.22774e-05 3.60584e-05 5.42563e-05 7.12374e-05 8.35611e-05 0.0001044 0.000126845 0.000138953 0.000159296 0.00018347 0.000190535 0.000217905 0.00025076 0.000253109 0.000278417 0.000299777 0.000300179 0.000339784 0.000372462 0.000390902 0.00041643 0.000428141 0.00046171 0.000496663 0.000512494 0.000530111 0.000562982 0.000608475 0.000624762 0.000662766 0.000712299 0.000730649 0.000778715 0.000821428 0.000853455 0.000894002 0.000944046 0.000996553 0.00102839 0.00109972 0.00116236 0.00121084 0.00128676 0.00136403 0.00144347 0.00150941 0.00161519 0.00171518 0.00180363 0.00192278 0.0020545 0.00220037 0.0023361 0.00252759 0.00274025 0.00297166 0.00324326 0.00358134 0.00400043 0.00447109 0.00506661 0.00579567 0.00669923 0.00775592 0.0090219 0.0105144 0.012219 0.0140959 0.0160801 0.018124 0.0200735 0.0217881 0.0230492 0.0237129 0.0235709 0.0224906 0.0203332 0.0170868 0.012795 0.00760942 0.00174653 -0.00450667 -0.0108074 -0.016819 -0.0221993 -0.0266906 -0.0300627 -0.0322208 -0.0331126 -0.0328328 -0.0314821 -0.0292631 -0.0263288 -0.0228991 -0.0191177 -0.0151744 -0.0111555 -0.00716781 -0.00319945 0.000734001 0.00470394 0.00870571 0.0127699 0.0168117 0.0207643 0.0244518 0.027738 0.0304034 0.0322883 0.0331735 0.0329308 0.0314243 0.0286587 0.024675 0.0196593 0.0138292 0.00750853 0.00102562 -0.00525719 -0.0110271 -0.0160194 -0.0200365 -0.0229724 -0.024788 -0.0255728 -0.0254368 -0.0245718 -0.0231175 -0.0212949 -0.0192612 -0.0172037 -0.0151911 -0.0133124 -0.011616 -0.0101498 -0.00890469 -0.00783444 -0.00695067 -0.00622479 -0.0056526 -0.00515017 -0.0047418 -0.0044084 -0.00413912 -0.00388971 -0.00366616 -0.00350083 -0.0033379 -0.00318907 -0.00304647 -0.00294801 -0.0028377 -0.00272513 -0.00264699 -0.00256884 -0.00249284 -0.00241018 -0.00236608 -0.0023038 -0.00223396 -0.00219538 -0.00214441 -0.00209365 -0.00204184 -0.00201319 -0.00196709 -0.00192021 -0.00190687 -0.00186197 -0.00183092 -0.00181891 -0.00179221 -0.00175872 -0.00173057 -0.0017246 -0.00169735 -0.00166938 -0.00164897 -0.0016216 -0.00162937 -0.00161557 -0.00158393 -0.00158559 -0.00156775 -0.00154927 -0.00155199 -0.00153688 -0.00151766 -0.00151167 -0.00150648 -0.00149897 -0.00150053 -0.00149868 -0.00148669 -0.00148332 -0.00147258 -0.00146269 -0.00147123 -0.00147066 
0 2.51163e-05 3.10592e-05 6.12873e-05 8.94847e-05 9.63361e-05 0.000126845 0.000151685 0.000156643 0.000191246 0.000216707 0.000220088 0.000256492 0.00028247 0.000290196 0.000329313 0.000356235 0.000370852 0.00040112 0.00042421 0.000453754 0.00047873 0.000501479 0.000542348 0.000571525 0.00060203 0.000633576 0.000668884 0.000714057 0.000733606 0.00077686 0.000826314 0.00085064 0.000906022 0.000953832 0.000997759 0.00105202 0.00110898 0.00117296 0.00121742 0.0012951 0.0013672 0.00142212 0.00151068 0.00159469 0.00168473 0.00176879 0.00188611 0.00200927 0.00211344 0.00226191 0.00241885 0.00259176 0.00276391 0.00298803 0.00325166 0.00352229 0.0038589 0.00426501 0.00477335 0.0053448 0.00606026 0.00694936 0.00802323 0.00928942 0.0107712 0.0125286 0.0144945 0.0166421 0.0188725 0.021147 0.0232863 0.025111 0.0263999 0.0269782 0.0266701 0.025286 0.0227211 0.0189248 0.0140163 0.00812576 0.00152858 -0.00551292 -0.0125889 -0.0193483 -0.0253849 -0.0304357 -0.0342483 -0.0367239 -0.0377961 -0.0375419 -0.0360719 -0.0335899 -0.0302927 -0.0264047 -0.022114 -0.017597 -0.0129788 -0.00834531 -0.00372657 0.000882682 0.00550937 0.0101697 0.0148509 0.0194898 0.0239801 0.0281637 0.0318601 0.0348494 0.036923 0.0378587 0.0375085 0.0357547 0.0326107 0.0281271 0.0225028 0.0159596 0.00887319 0.00159182 -0.00545608 -0.0119737 -0.0176423 -0.0222854 -0.0257189 -0.0279337 -0.028975 -0.0290116 -0.0281975 -0.0267067 -0.0247464 -0.0225202 -0.020234 -0.0179619 -0.0158163 -0.0138398 -0.012132 -0.0106494 -0.0093818 -0.00830529 -0.00743135 -0.00672818 -0.0061173 -0.00561839 -0.00520437 -0.00488223 -0.00457383 -0.004314 -0.00410641 -0.00391885 -0.0037443 -0.003577 -0.00346245 -0.00333023 -0.00320756 -0.00310685 -0.00301511 -0.00292493 -0.0028253 -0.00276702 -0.00268906 -0.00261237 -0.00255965 -0.00249986 -0.00244735 -0.00238895 -0.00235492 -0.00230708 -0.00225505 -0.00223418 -0.00218518 -0.0021458 -0.00211996 -0.00208536 -0.00205692 -0.00202095 -0.00200308 -0.0019829 -0.00195399 -0.00193807 -0.00191217 -0.00190058 -0.00188228 -0.00184842 -0.00184971 -0.00183482 -0.00180444 -0.0018092 -0.00179668 -0.00177427 -0.00177843 -0.0017679 -0.00175081 -0.00175008 -0.00173818 -0.00172688 -0.00173234 -0.00172996 -0.001725 -0.00172559 -0.00171622 
0 1.34106e-05 5.69229e-05 6.83534e-05 8.52359e-05 0.000130353 0.000138953 0.000156643 0.000203924 0.00021078 0.000230493 0.000283149 0.000289205 0.00030503 0.000353476 0.000367554 0.00039566 0.000440056 0.000464133 0.00048743 0.000502759 0.00055377 0.000603607 0.000606198 0.000646985 0.000691706 0.000731417 0.000776518 0.000795959 0.000855375 0.00089826 0.000934871 0.000996402 0.00103027 0.00109947 0.00114825 0.00120376 0.00128138 0.00132857 0.00141549 0.00147963 0.00156342 0.00164934 0.00172765 0.00184611 0.00192762 0.00205271 0.00217161 0.0023054 0.00245213 0.00259871 0.00280175 0.00297719 0.00320924 0.00345848 0.00376374 0.00410209 0.00449145 0.00500073 0.00557554 0.00629366 0.0071302 0.00819906 0.00945125 0.010932 0.0126583 0.0146479 0.0168834 0.019246 0.0217186 0.0241416 0.0264203 0.0282617 0.0295158 0.0299371 0.0293934 0.0276684 0.0246619 0.0203538 0.0148485 0.00834971 0.00107755 -0.00661353 -0.0143801 -0.0217455 -0.0283737 -0.0338849 -0.0381183 -0.0408673 -0.0421458 -0.0419227 -0.0403915 -0.0376805 -0.0340861 -0.0297783 -0.0250331 -0.0199693 -0.0147847 -0.00951243 -0.00425565 0.00103358 0.00630651 0.0116203 0.016889 0.0220989 0.0270737 0.031711 0.0357487 0.0390182 0.0412138 0.0421796 0.0416836 0.0397099 0.0361952 0.0312969 0.0251219 0.0180045 0.0102436 0.00231561 -0.00542157 -0.0125684 -0.0188742 -0.0240766 -0.0280229 -0.0306496 -0.0320122 -0.0322806 -0.0315837 -0.0301434 -0.0281083 -0.0257786 -0.0232811 -0.0208122 -0.0183981 -0.0161893 -0.0142141 -0.0125021 -0.0110228 -0.00975078 -0.00872548 -0.00785505 -0.00715597 -0.00653593 -0.00606161 -0.00564848 -0.00529799 -0.00499592 -0.00473065 -0.00452544 -0.00430041 -0.00413626 -0.00396559 -0.00382856 -0.00369027 -0.00356014 -0.00346667 -0.00334197 -0.00326186 -0.00316172 -0.00308476 -0.00301021 -0.00292613 -0.00287862 -0.00279722 -0.0027516 -0.0026944 -0.00263709 -0.00260129 -0.00253646 -0.00251243 -0.00246704 -0.00241751 -0.00238971 -0.00235045 -0.00234004 -0.00229161 -0.00224837 -0.00224995 -0.00222547 -0.00219837 -0.00215955 -0.00214142 -0.00214566 -0.00210472 -0.00209188 -0.00209513 -0.00205378 -0.00204649 -0.00205466 -0.00202654 -0.00201551 -0.00201464 -0.00199507 -0.00198936 -0.00199075 -0.00197921 -0.00197676 -0.00197659 -0.00196754 -0.00196717 
0 3.31231e-05 5.39997e-05 8.21054e-05 0.000108994 0.000125219 0.000159296 0.000191246 0.00021078 0.000247256 0.00027292 0.000295024 0.000332032 0.000361819 0.000397617 0.000420049 0.000444245 0.000484978 0.000501315 0.000555773 0.000613547 0.00061416 0.000653414 0.000705888 0.000742276 0.000782784 0.000812323 0.000862228 0.000910832 0.000965058 0.00101508 0.00105655 0.00113207 0.0011806 0.00123426 0.00130737 0.0013663 0.00143783 0.00150631 0.0015965 0.00167416 0.00176054 0.00187156 0.00196559 0.00208149 0.00219753 0.00233417 0.00246887 0.00261559 0.00279146 0.00296582 0.00317493 0.00339488 0.00366162 0.00395509 0.00429888 0.00470602 0.00518148 0.00576723 0.00645414 0.00730045 0.00830724 0.00953928 0.010992 0.0126966 0.0146643 0.0168916 0.019345 0.0219249 0.024564 0.0271094 0.029415 0.0312234 0.0323456 0.0325583 0.0317049 0.0295975 0.0261431 0.0213383 0.0153062 0.00825202 0.000426526 -0.00782808 -0.0161288 -0.0240153 -0.0311034 -0.0370366 -0.04161 -0.0446425 -0.0460969 -0.0459605 -0.0443818 -0.0415243 -0.0376636 -0.0330157 -0.027839 -0.0222892 -0.0165433 -0.0106711 -0.00476491 0.00117701 0.00710873 0.0130399 0.0188929 0.0246159 0.0300518 0.0350632 0.039406 0.0428671 0.0451585 0.0460869 0.0454603 0.0432437 0.0394255 0.0341391 0.0275365 0.019926 0.011654 0.00317632 -0.00510787 -0.0128165 -0.0196636 -0.025393 -0.029828 -0.0328968 -0.0346374 -0.0351927 -0.0347024 -0.0333702 -0.0313775 -0.028987 -0.0263691 -0.0237092 -0.0210943 -0.0186516 -0.0164328 -0.0144758 -0.0127758 -0.0113175 -0.0101024 -0.00907812 -0.00824198 -0.00753134 -0.0069543 -0.00645946 -0.00605133 -0.00570063 -0.00539059 -0.00512918 -0.00488992 -0.00469139 -0.00449051 -0.00432719 -0.0041757 -0.00403317 -0.00390397 -0.00378366 -0.00368884 -0.00357336 -0.00348703 -0.00340499 -0.00331885 -0.00324246 -0.003169 -0.00311138 -0.00302991 -0.00297882 -0.002931 -0.00286376 -0.00282278 -0.00277745 -0.002743 -0.00270055 -0.00265823 -0.00262254 -0.00258654 -0.0025774 -0.00252265 -0.00247265 -0.00247823 -0.00245169 -0.0024242 -0.00240586 -0.00237982 -0.00236491 -0.0023451 -0.00233647 -0.0023181 -0.00229002 -0.0022851 -0.00227131 -0.0022616 -0.00226291 -0.0022524 -0.00224553 -0.00223241 -0.00222054 -0.00221816 -0.00221269 -0.00221963 
0 2.96561e-05 4.89003e-05 8.55466e-05 0.000126089 0.000147023 0.00018347 0.000216707 0.000230493 0.00027292 0.000308031 0.000327868 0.00037078 0.000399565 0.000431051 0.000471949 0.000506254 0.000555615 0.00057635 0.000606494 0.00066394 0.00068218 0.000734242 0.000793825 0.000814406 0.000875277 0.000928267 0.00096861 0.00102588 0.00107419 0.00113009 0.00118068 0.00125152 0.0013173 0.0013687 0.00146343 0.00153572 0.00160473 0.00170241 0.00179141 0.0018824 0.00197422 0.00209644 0.00220659 0.00231431 0.00246519 0.00260837 0.002761 0.00292984 0.00313326 0.00334541 0.00356379 0.0038413 0.00414454 0.00448888 0.00488007 0.00536174 0.00593361 0.00659709 0.00741216 0.00839351 0.0095854 0.0109836 0.0126462 0.0145796 0.0167842 0.0192339 0.0218733 0.0246394 0.02739 0.0299963 0.0322436 0.0339455 0.0348585 0.0347998 0.0335755 0.0310525 0.0271481 0.0218807 0.0153834 0.00785263 -0.00042184 -0.0091231 -0.0178246 -0.0261163 -0.0335599 -0.039848 -0.0447074 -0.0480048 -0.0496282 -0.0496084 -0.0480208 -0.0450805 -0.0410085 -0.0360838 -0.0305187 -0.0245282 -0.0182445 -0.0117989 -0.00525176 0.0013257 0.00790879 0.0144329 0.0208489 0.0270421 0.0328975 0.0382197 0.0428093 0.0463914 0.0487294 0.0495774 0.0488139 0.0463606 0.0422812 0.0366625 0.0297278 0.0217361 0.0130914 0.00419216 -0.00451765 -0.0126926 -0.0200003 -0.0262031 -0.0311068 -0.0346351 -0.0368052 -0.0377095 -0.0375055 -0.0363613 -0.0345076 -0.0321347 -0.0294705 -0.0266663 -0.0238969 -0.0212465 -0.0188002 -0.0165966 -0.0146673 -0.0130145 -0.0115914 -0.010399 -0.0094005 -0.00858916 -0.00789165 -0.00730687 -0.00682711 -0.00642239 -0.00606792 -0.00574561 -0.00549465 -0.00525887 -0.00503885 -0.00484503 -0.00468169 -0.00452799 -0.0043619 -0.00424187 -0.0041209 -0.00399456 -0.00388654 -0.00379275 -0.00370473 -0.00360016 -0.00353648 -0.00346733 -0.00338118 -0.00333044 -0.00326911 -0.00320957 -0.00315209 -0.00310262 -0.0030539 -0.00299421 -0.00297037 -0.0029194 -0.00286771 -0.00285985 -0.00281457 -0.00278341 -0.00276786 -0.00272505 -0.00269929 -0.00267388 -0.00265597 -0.00263468 -0.00260118 -0.00259679 -0.00257761 -0.00255656 -0.00255983 -0.00253889 -0.0025223 -0.00251121 -0.00249061 -0.00248994 -0.00248625 -0.00248488 -0.00248723 -0.00247268 -0.00246886 
0 2.03845e-05 8.43882e-05 9.69399e-05 0.000117617 0.00017931 0.000190535 0.000220088 0.000283149 0.000295024 0.000327868 0.000384816 0.000403948 0.000440057 0.000484097 0.000516382 0.000556849 0.000593862 0.000649716 0.000688063 0.000708988 0.000776049 0.000829204 0.00086154 0.000905834 0.000956834 0.00102886 0.00107005 0.00111967 0.0012002 0.0012487 0.00131919 0.00139318 0.0014543 0.00153401 0.00161188 0.00170018 0.00177619 0.00187508 0.0019869 0.00207356 0.00219622 0.0023246 0.00244954 0.00258292 0.00273982 0.00291416 0.00307046 0.00326988 0.00349512 0.00372625 0.00398154 0.0042868 0.00464839 0.00503049 0.00549244 0.00605654 0.00672463 0.00750347 0.00844457 0.00960443 0.0109702 0.0125726 0.0144425 0.0166139 0.0190446 0.0216866 0.024494 0.027377 0.0301985 0.0327616 0.0348919 0.0363796 0.0370247 0.0366081 0.0349698 0.0319966 0.0276474 0.0219587 0.01505 0.00714109 -0.00149413 -0.0104996 -0.0194953 -0.0280482 -0.0357731 -0.0423166 -0.0474372 -0.050946 -0.0527591 -0.0528524 -0.0513221 -0.0483334 -0.044133 -0.0389679 -0.0330834 -0.0266723 -0.0199005 -0.0128869 -0.00573554 0.00147823 0.0086765 0.0157883 0.022719 0.0293621 0.0355686 0.0411622 0.0459113 0.0495695 0.0518753 0.0526298 0.0516933 0.0490414 0.044712 0.0388476 0.0316436 0.0234097 0.0144993 0.00533339 -0.00370072 -0.0122208 -0.0199178 -0.0265237 -0.0318699 -0.0358618 -0.0384889 -0.0398093 -0.0399448 -0.0390877 -0.0374318 -0.035184 -0.032521 -0.0296562 -0.0267552 -0.0239441 -0.0212846 -0.0188464 -0.0166936 -0.0148229 -0.0132078 -0.0118154 -0.010668 -0.00971728 -0.00891167 -0.00822327 -0.00765976 -0.00719945 -0.00677737 -0.00641575 -0.00611128 -0.00585091 -0.00559494 -0.00536847 -0.00518965 -0.00500383 -0.00483428 -0.00468412 -0.00455865 -0.00442375 -0.0042964 -0.00420618 -0.0040943 -0.00399633 -0.00391081 -0.00382845 -0.00374854 -0.00366621 -0.00361065 -0.00353361 -0.00347404 -0.00343267 -0.00335906 -0.00331399 -0.00327717 -0.00323478 -0.00318452 -0.0031292 -0.00311664 -0.00308271 -0.00302939 -0.00300364 -0.00297729 -0.00295982 -0.00292551 -0.0028979 -0.00289685 -0.00285418 -0.00283545 -0.00284437 -0.00279788 -0.00278422 -0.00279615 -0.00276096 -0.0027587 -0.0027659 -0.00273255 -0.00273276 -0.00273659 -0.00271311 -0.0027253 
0 4.47793e-05 6.73119e-05 0.00011194 0.000147675 0.000171525 0.000217905 0.000256492 0.000289205 0.000332032 0.00037078 0.000403948 0.000442565 0.000492568 0.000531464 0.000568634 0.000617324 0.000650558 0.000691352 0.000750884 0.000809774 0.000854256 0.000881334 0.000944205 0.00101741 0.00106005 0.00111098 0.00117075 0.00124459 0.00131065 0.00137157 0.00145159 0.00152233 0.00160599 0.00168687 0.00177184 0.00186942 0.00195716 0.00207058 0.00217585 0.00229081 0.00242062 0.00255302 0.0027017 0.00284499 0.00302681 0.00320535 0.00339615 0.0036195 0.00386228 0.00413424 0.00441829 0.00477912 0.00517544 0.00562806 0.00616289 0.0068139 0.00759242 0.0084875 0.00959314 0.0109123 0.0124826 0.0142813 0.0163798 0.0187714 0.0214074 0.0242247 0.0271494 0.030113 0.0329111 0.0353799 0.0372922 0.038511 0.0387949 0.0379752 0.0358741 0.0324444 0.0276663 0.0215949 0.014353 0.00614325 -0.00272665 -0.011935 -0.0210792 -0.0298025 -0.0376888 -0.0444401 -0.0497471 -0.0534643 -0.0554386 -0.0556885 -0.0542351 -0.0512764 -0.0469885 -0.0416609 -0.0354881 -0.028716 -0.0214718 -0.0139353 -0.006187 0.00162353 0.00942976 0.0170852 0.0245153 0.0315508 0.0380777 0.0438654 0.0487293 0.0523792 0.0546216 0.0552273 0.0541328 0.051274 0.0467587 0.0406867 0.033326 0.0249356 0.0159081 0.00658277 -0.00263325 -0.0114075 -0.0193928 -0.0263486 -0.0320968 -0.0365449 -0.0396568 -0.0414332 -0.0419948 -0.0414858 -0.0401334 -0.0380717 -0.0355207 -0.0326472 -0.0296885 -0.0267405 -0.0239077 -0.0212566 -0.0188746 -0.0167887 -0.0149509 -0.0133749 -0.0120343 -0.0109408 -0.00999516 -0.00920411 -0.00854295 -0.00799824 -0.00752454 -0.00710077 -0.00676048 -0.00644761 -0.00617542 -0.00591841 -0.00570696 -0.00550861 -0.00531581 -0.00515681 -0.00499852 -0.00486317 -0.00472341 -0.00460662 -0.0044951 -0.00438232 -0.00429109 -0.00419023 -0.00410877 -0.00402452 -0.00394844 -0.00388136 -0.00380382 -0.00374915 -0.0036948 -0.00364027 -0.00357591 -0.00352286 -0.0035021 -0.00345115 -0.00339062 -0.00335136 -0.0033268 -0.00330443 -0.00325955 -0.00322661 -0.00320593 -0.00317604 -0.0031547 -0.00313665 -0.00311233 -0.00308384 -0.00307063 -0.00306008 -0.00303635 -0.00303634 -0.00302799 -0.00300168 -0.00300458 -0.00299078 -0.00297371 -0.00298767 -0.00297621 
0 4.57672e-05 5.55762e-05 0.000118206 0.000167335 0.000189641 0.00025076 0.00028247 0.00030503 0.000361819 0.000399565 0.000440057 0.000492568 0.000529269 0.000572276 0.000622836 0.000671021 0.00072397 0.000773605 0.000810689 0.000857484 0.0009206 0.000977496 0.00103762 0.00109843 0.00115352 0.00122096 0.00129592 0.00136022 0.00141732 0.00150202 0.00158354 0.00165164 0.00175164 0.0018418 0.00193501 0.00204277 0.0021508 0.00226885 0.00237804 0.0025187 0.00265229 0.00278999 0.00295799 0.00312028 0.00331361 0.00350537 0.00373412 0.00398025 0.00424514 0.00455859 0.00489026 0.00529827 0.005742 0.00627515 0.00689722 0.00764246 0.00853733 0.00957802 0.0108548 0.0123493 0.0141227 0.0161379 0.0184606 0.0210562 0.0238699 0.0268283 0.0298309 0.0327999 0.0355038 0.0377902 0.0394201 0.0402845 0.0401445 0.0388612 0.0362784 0.0323896 0.027209 0.0208012 0.0132969 0.00488426 -0.00411437 -0.0134026 -0.0225867 -0.0313654 -0.0393299 -0.0462072 -0.0516596 -0.0555464 -0.0576862 -0.0580999 -0.0567718 -0.0538855 -0.0495786 -0.0441349 -0.0377331 -0.030632 -0.0229606 -0.014923 -0.00661659 0.00177139 0.0101466 0.0183236 0.0262079 0.0336039 0.0403919 0.046326 0.0512321 0.0548237 0.0569438 0.0573806 0.0561102 0.053071 0.0483992 0.0421921 0.0347495 0.0263136 0.0172757 0.00791897 -0.00136438 -0.010278 -0.0184643 -0.025703 -0.0318101 -0.0366956 -0.0402928 -0.0425677 -0.0436105 -0.0435323 -0.042549 -0.0407645 -0.0384039 -0.0356132 -0.0326509 -0.0296155 -0.0266449 -0.0238127 -0.0212154 -0.0189022 -0.0168419 -0.0150682 -0.0135307 -0.0122613 -0.0111666 -0.0102594 -0.00949014 -0.00884528 -0.00830642 -0.00782757 -0.00743557 -0.00707114 -0.00677428 -0.00649407 -0.00624415 -0.00602562 -0.00581802 -0.00564058 -0.00545266 -0.00530641 -0.00515911 -0.00501359 -0.00489371 -0.00477486 -0.00467089 -0.00455936 -0.00447647 -0.00439025 -0.00429415 -0.00423281 -0.00415725 -0.00407623 -0.00401266 -0.0039577 -0.00389713 -0.00383384 -0.0037875 -0.00373898 -0.00369972 -0.00366924 -0.00361925 -0.00357567 -0.00354781 -0.00351323 -0.00348307 -0.0034574 -0.00341744 -0.00339626 -0.00338573 -0.00335324 -0.00335027 -0.00334016 -0.00329407 -0.00329275 -0.00327937 -0.00324762 -0.00327076 -0.00325987 -0.00323807 -0.00325822 -0.00322994 
0 4.16992e-05 9.82523e-05 0.000133188 0.000160647 0.000213033 0.000253109 0.000290196 0.000353476 0.000397617 0.000431051 0.000484097 0.000531464 0.000572276 0.000620321 0.000679904 0.000723076 0.000761291 0.000843885 0.000896818 0.000928163 0.00101234 0.001068 0.00111689 0.00119 0.00124148 0.00132531 0.00140238 0.00146175 0.00155172 0.00163719 0.00172745 0.0018047 0.0019024 0.00201515 0.00209253 0.00221715 0.00233935 0.00244839 0.00259031 0.00273276 0.0028932 0.00303939 0.00322691 0.00342704 0.00361001 0.003846 0.00408889 0.00436555 0.00465297 0.0049972 0.00539856 0.00582637 0.00635421 0.00695678 0.00769323 0.0085402 0.00956442 0.0107912 0.0122314 0.0139417 0.0158995 0.0181685 0.0206866 0.0234758 0.0264283 0.029483 0.0325197 0.0353955 0.0379468 0.0399406 0.0412462 0.0416508 0.0410503 0.0392357 0.0361801 0.031831 0.0262872 0.019592 0.0118956 0.00338745 -0.00564676 -0.0148848 -0.0240275 -0.0327361 -0.0407211 -0.0476215 -0.0532005 -0.0571943 -0.0595261 -0.0600839 -0.058947 -0.0561469 -0.0519064 -0.0463682 -0.0398167 -0.0323986 -0.0243675 -0.0158346 -0.00703337 0.00192647 0.0108069 0.0194982 0.0277685 0.0355111 0.04248 0.0485351 0.0533933 0.056904 0.0588253 0.0590995 0.0576131 0.0544423 0.0496194 0.0433707 0.0358946 0.0275353 0.0185617 0.00930773 5.15472e-05 -0.00887604 -0.0171813 -0.024629 -0.0310436 -0.0363403 -0.0403958 -0.0432079 -0.0447545 -0.0451994 -0.0446205 -0.0432191 -0.0411023 -0.0385062 -0.0355885 -0.0325311 -0.0294628 -0.0264825 -0.023707 -0.0211492 -0.0188927 -0.0168894 -0.0151786 -0.0136942 -0.0124523 -0.0114122 -0.010521 -0.00977865 -0.0091367 -0.00862204 -0.00814274 -0.00773796 -0.00739118 -0.00708144 -0.00680126 -0.00653324 -0.00633231 -0.0061145 -0.00591913 -0.00575545 -0.00559786 -0.00545187 -0.00530012 -0.00519598 -0.0050667 -0.00494195 -0.00485784 -0.00474706 -0.00465181 -0.00456459 -0.00449321 -0.00441636 -0.00433022 -0.00428519 -0.00421803 -0.00415978 -0.0041119 -0.00403618 -0.00400758 -0.00396516 -0.00389301 -0.00386679 -0.00383938 -0.00379522 -0.00375725 -0.00373624 -0.00371502 -0.00367319 -0.00365846 -0.00363826 -0.0035908 -0.00358615 -0.00358005 -0.00355125 -0.00355309 -0.00354283 -0.00351379 -0.0035098 -0.00350441 -0.00349016 -0.0034968 
0 4.95413e-05 8.5521e-05 0.000137137 0.000189225 0.000226665 0.000278417 0.000329313 0.000367554 0.000420049 0.000471949 0.000516382 0.000568634 0.000622836 0.000679904 0.000728481 0.000782163 0.0008473 0.000885873 0.000945586 0.00103446 0.00108746 0.00113642 0.00120518 0.00129319 0.0013693 0.00142015 0.001509 0.00159223 0.00167157 0.00177201 0.00184919 0.00195347 0.00206304 0.00216756 0.00228134 0.00239827 0.0025432 0.00265985 0.00280682 0.00297595 0.00312421 0.00330493 0.00349599 0.00371647 0.00392358 0.00417341 0.00446708 0.00475273 0.00509484 0.00547865 0.00593896 0.00642825 0.00701923 0.00773745 0.00856267 0.00954751 0.0107059 0.0121245 0.0137508 0.015655 0.0178358 0.0203151 0.0230461 0.0259668 0.0290434 0.0321318 0.0351416 0.0378553 0.0401582 0.0418142 0.0426982 0.0426186 0.0414721 0.0391419 0.0355849 0.0308348 0.0249424 0.0180377 0.0102131 0.00171384 -0.00725462 -0.0163483 -0.0253475 -0.0339154 -0.0418214 -0.0487023 -0.0543328 -0.0584374 -0.0609231 -0.0616717 -0.0607192 -0.0580828 -0.0539207 -0.0483763 -0.0416858 -0.0340329 -0.025645 -0.0166943 -0.00739984 0.00205395 0.0114374 0.0205649 0.0292178 0.0372245 0.044363 0.050449 0.0552449 0.0585919 0.0603158 0.0603721 0.0587006 0.0553833 0.0504791 0.0442226 0.0368133 0.0285956 0.0197926 0.0107299 0.00161232 -0.00722141 -0.0155607 -0.0231306 -0.0298179 -0.0354572 -0.0399787 -0.0432972 -0.0454203 -0.0464059 -0.0463337 -0.0453581 -0.0435963 -0.0412671 -0.0384848 -0.0354771 -0.0323522 -0.0292919 -0.0263385 -0.0235889 -0.0210983 -0.0188914 -0.0169684 -0.0152713 -0.0138554 -0.0126478 -0.0116415 -0.0107571 -0.0100331 -0.00943218 -0.00889303 -0.00843326 -0.00803021 -0.00770548 -0.00737378 -0.00709505 -0.00685654 -0.00662515 -0.00641346 -0.0062138 -0.00605886 -0.00587714 -0.00572488 -0.00559698 -0.00545668 -0.00533717 -0.00521844 -0.00512619 -0.00501834 -0.00492191 -0.00484505 -0.0047513 -0.00469021 -0.0046109 -0.00452532 -0.00447361 -0.00442351 -0.00436663 -0.0042881 -0.00424491 -0.00422517 -0.00416677 -0.00411965 -0.00408567 -0.00404935 -0.00401697 -0.00398056 -0.00395871 -0.00392902 -0.00389553 -0.00388718 -0.0038636 -0.00383699 -0.00383247 -0.00381064 -0.00379052 -0.00379073 -0.00377561 -0.00376383 -0.00376814 -0.00375679 
0 4.44264e-05 9.32127e-05 0.000141016 0.00020177 0.000253615 0.000299777 0.000356235 0.00039566 0.000444245 0.000506254 0.000556849 0.000617324 0.000671021 0.000723076 0.000782163 0.000838252 0.000913333 0.000969867 0.00102639 0.00109606 0.00114418 0.00123974 0.00132141 0.00137065 0.00146492 0.0015374 0.00163059 0.00172277 0.00179244 0.00190767 0.00199474 0.00210801 0.00222363 0.00232479 0.00247126 0.00258545 0.00273698 0.00288023 0.00302939 0.00321939 0.00337268 0.00358359 0.00378722 0.00401721 0.00426521 0.00452666 0.00485949 0.00516877 0.00556156 0.00599679 0.00650421 0.00707947 0.00774444 0.00858461 0.0095179 0.0106551 0.011982 0.0135884 0.0154259 0.0175251 0.0199402 0.0226097 0.0255264 0.0285482 0.0316923 0.0347613 0.0376524 0.0401378 0.0420977 0.0433569 0.0437404 0.0431332 0.0413992 0.0385496 0.0345077 0.0293897 0.0232027 0.0161435 0.00828183 -0.000128021 -0.00892117 -0.0177973 -0.0265553 -0.0349215 -0.0426579 -0.0494717 -0.0550901 -0.059294 -0.0619101 -0.0628705 -0.062109 -0.059681 -0.055626 -0.0501322 -0.043338 -0.0355049 -0.0267934 -0.0174772 -0.00772438 0.00216948 0.0120201 0.0215299 0.0305297 0.0387438 0.0460128 0.0520691 0.0567675 0.0599 0.0614112 0.0612198 0.0593755 0.0559121 0.0509784 0.044753 0.0374948 0.0294749 0.0209355 0.0121315 0.00326109 -0.00539612 -0.0136667 -0.0212932 -0.0281824 -0.0341181 -0.0390663 -0.0428753 -0.0455902 -0.0471443 -0.0476421 -0.0471442 -0.0458251 -0.0438269 -0.0412781 -0.0383824 -0.035274 -0.0321717 -0.0290849 -0.0261748 -0.0234588 -0.0210542 -0.0189033 -0.0170063 -0.01539 -0.0140067 -0.0128609 -0.011835 -0.0110143 -0.0103023 -0.00970383 -0.00917426 -0.00871529 -0.00834777 -0.00797299 -0.00767786 -0.00738842 -0.00714617 -0.00691329 -0.00668954 -0.00651936 -0.00631726 -0.00616801 -0.00600577 -0.00586376 -0.00574425 -0.00559998 -0.00550542 -0.00538487 -0.00529166 -0.0052009 -0.00509217 -0.00502794 -0.00493584 -0.00487329 -0.0048004 -0.00470948 -0.00468028 -0.00462109 -0.00456085 -0.00451374 -0.00445381 -0.00442204 -0.00437893 -0.00434034 -0.00430316 -0.00425555 -0.00423698 -0.00420505 -0.00417977 -0.00417245 -0.00413388 -0.00411096 -0.00409804 -0.0040696 -0.00406346 -0.00405775 -0.00404447 -0.0040393 -0.00403055 -0.00402307 
0 4.5668e-05 0.000132632 0.000158007 0.000201533 0.000271126 0.000300179 0.000370852 0.000440056 0.000484978 0.000555615 0.000593862 0.000650558 0.00072397 0.000761291 0.0008473 0.000913333 0.000946082 0.00104199 0.00111604 0.00117333 0.0012506 0.00132441 0.00140825 0.00146671 0.00155975 0.00166629 0.00173048 0.00184414 0.00194444 0.00203703 0.00216549 0.00226433 0.00238581 0.00251025 0.00264389 0.00278971 0.00292233 0.00310352 0.00326725 0.00344654 0.00365583 0.00385974 0.00410164 0.00433865 0.00462193 0.00492367 0.00525265 0.00563793 0.00605198 0.00655956 0.00711628 0.00778084 0.00856279 0.00949097 0.0105932 0.0118668 0.0134099 0.0151904 0.0172521 0.019568 0.0221841 0.0250521 0.0280776 0.0312051 0.0343182 0.0373275 0.0399914 0.0421879 0.0437291 0.0445154 0.0443591 0.043159 0.0408596 0.0374601 0.0330052 0.0275195 0.0211381 0.0139535 0.00617074 -0.00209548 -0.0106047 -0.0192069 -0.0276416 -0.0357465 -0.0432478 -0.0499327 -0.0555057 -0.0597692 -0.0625245 -0.0636779 -0.0631462 -0.0609226 -0.0570386 -0.0516046 -0.0447845 -0.0367822 -0.0278283 -0.0181574 -0.00803102 0.00229013 0.012522 0.0224021 0.0316648 0.0400734 0.0473903 0.0534049 0.0579348 0.0608533 0.062105 0.0616821 0.059645 0.0560707 0.0511275 0.0449935 0.0379421 0.0301823 0.0219791 0.0134918 0.0049676 -0.00345291 -0.0115381 -0.019178 -0.0261585 -0.0323749 -0.0376603 -0.0419732 -0.04523 -0.0474039 -0.0484861 -0.0485439 -0.0477261 -0.0461282 -0.043913 -0.0411899 -0.0382065 -0.0350745 -0.0319458 -0.0288762 -0.0259968 -0.0233722 -0.0210024 -0.0189104 -0.0170678 -0.0155194 -0.0141736 -0.0130417 -0.0120715 -0.0112573 -0.0105706 -0.00996263 -0.00946039 -0.00899893 -0.00861849 -0.00826537 -0.00794941 -0.00767648 -0.00741665 -0.00719936 -0.00697052 -0.00679013 -0.0066163 -0.00643538 -0.0062937 -0.0061436 -0.006016 -0.0058773 -0.00576156 -0.00566149 -0.00553666 -0.00546221 -0.00536306 -0.00526615 -0.00521516 -0.00513144 -0.00505667 -0.00498937 -0.00493518 -0.00487544 -0.00479472 -0.00477356 -0.00472374 -0.00465047 -0.00463518 -0.00459088 -0.00455844 -0.00453689 -0.00448306 -0.00446657 -0.00442632 -0.0043922 -0.00440789 -0.00436494 -0.00434923 -0.004363 -0.00430646 -0.00430706 -0.00432018 -0.0042726 -0.00429758 
