0 0 0 0 0 0 0 0 0 0 0 0 0 0 0 0 0 0 0 0 0 0 0 0 0 0 0 0 0 0 0 0 0 0 0 0 0 0 0 0 0 0 0 0 0 0 0 0 0 0 0 0 0 0 0 0 0 0 0 0 0 0 0 0 0 0 0 0 0 0 0 0 0 0 0 0 0 0 0 0 0 0 0 0 0 0 0 0 0 0 0 0 0 0 0 0 0 0 0 0 0 0 0 0 0 0 0 0 0 0 0 0 0 0 0 0 0 0 0 0 0 0 0 0 0 0 0 0 0 0 0 0 0 0 0 0 0 0 0 0 0 0 0 0 0 0 0 0 0 0 0 0 0 0 0 0 0 0 0 0 0 0 0 0 0 0 0 0 0 0 0 0 0 0 0 0 0 0 0 0 0 0 0 0 0 0 0 0 0 0 0 0 0 0 0 0 0 0 0 0 
0 -9.42989e-06 1.87139e-05 6.69213e-06 1.06957e-05 4.28906e-05 3.04069e-05 3.18098e-05 4.27023e-05 3.34365e-05 5.25643e-05 5.66425e-05 5.73061e-05 8.04953e-05 6.10681e-05 6.94096e-05 0.000111417 9.08483e-05 7.90306e-05 0.000101235 0.000113301 0.000122906 0.000122452 0.000136866 0.000148783 0.000148874 0.000168367 0.000166111 0.000169689 0.000196527 0.000197366 0.000206935 0.000231495 0.000245511 0.000255775 0.000272053 0.000298043 0.000308913 0.000319264 0.000352406 0.000375332 0.000390035 0.000425153 0.000467106 0.00050406 0.000540712 0.000601231 0.000675922 0.000738466 0.00082876 0.000947897 0.00109251 0.00125253 0.00144794 0.00171057 0.00199977 0.00232898 0.00268645 0.00309346 0.00350595 0.00387911 0.0042053 0.0044418 0.0045747 0.00451105 0.00425368 0.00377139 0.00309519 0.00221358 0.00114754 -4.00076e-05 -0.00128802 -0.00248952 -0.00362199 -0.00459537 -0.00540507 -0.00596109 -0.00628132 -0.00633502 -0.00618907 -0.00586184 -0.00541286 -0.00486767 -0.0042637 -0.0036441 -0.0030338 -0.00248389 -0.00198835 -0.00158492 -0.00123467 -0.000968688 -0.000734813 -0.000570061 -0.000420287 -0.000328609 -0.000239397 -0.00019822 -0.000148075 -0.000135975 -0.000104918 -0.000103181 -7.40915e-05 -6.60994e-05 -2.21753e-05 1.02663e-05 8.86159e-05 0.000166693 0.000300983 0.000446952 0.000659868 0.000900197 0.00122284 0.00159517 0.00206384 0.00259235 0.00319854 0.00383032 0.0044718 0.00507232 0.00560173 0.00602725 0.00629829 0.00638617 0.00622082 0.00581123 0.00512759 0.00424789 0.00317248 0.00199001 0.000710662 -0.000555968 -0.0017525 -0.00278848 -0.00363767 -0.00429165 -0.00472348 -0.00494481 -0.00494056 -0.00479667 -0.00452949 -0.00419568 -0.00379003 -0.00336763 -0.00297205 -0.00260499 -0.00227335 -0.00196085 -0.00171769 -0.00151571 -0.00134269 -0.00119031 -0.00107377 -0.000995491 -0.000910412 -0.000840265 -0.000792266 -0.00075596 -0.000712173 -0.000669174 -0.000651221 -0.000625623 -0.00058809 -0.000568733 -0.000554117 -0.000529972 -0.000506916 -0.000498094 -0.000491432 -0.000466423 -0.000461173 -0.000462412 -0.000438446 -0.000432917 -0.000425715 -0.000410026 -0.000406666 -0.000395609 -0.000386754 -0.000375922 -0.000386254 -0.000394906 -0.000353657 -0.000356194 -0.000381121 -0.000355062 -0.000347875 -0.000342652 -0.00033593 -0.00035305 -0.000339811 -0.000342015 -0.000351808 -0.000316359 -0.000325198 -0.000343124 -0.000314118 -0.000332632 -0.000345375 -0.000311769 -0.000329147 
0 1.87139e-05 2.4767e-05 2.81516e-05 4.458e-05 4.31998e-05 4.16692e-05 7.57365e-05 8.81339e-05 8.51667e-05 0.000109365 0.000114186 0.000110222 0.000133011 0.000155332 0.00015709 0.000150706 0.000179738 0.000212225 0.000213899 0.000227489 0.000228286 0.000247522 0.00028341 0.000266794 0.000295514 0.000334407 0.00033046 0.000368186 0.000388947 0.000408419 0.000430495 0.000447882 0.000495423 0.000494764 0.000535468 0.00059039 0.000601155 0.000657721 0.000700693 0.000762283 0.00080269 0.00085533 0.0009558 0.00100276 0.00109639 0.00120174 0.00133885 0.00148573 0.00164669 0.00191084 0.00218024 0.0025252 0.00292428 0.00343996 0.0040389 0.00467587 0.00541922 0.00619702 0.00702406 0.00774866 0.00838593 0.00884998 0.00907135 0.00895302 0.00840179 0.00746332 0.00608356 0.00434578 0.00221676 -0.000127326 -0.00259362 -0.00498424 -0.00721117 -0.00916121 -0.0107346 -0.0118644 -0.0124706 -0.0126138 -0.0123019 -0.0116833 -0.010771 -0.00970848 -0.00849561 -0.00727683 -0.00605922 -0.004967 -0.00398115 -0.00316821 -0.00247594 -0.00192965 -0.00147558 -0.00112736 -0.000846256 -0.000640932 -0.000483916 -0.000377165 -0.000300107 -0.000250155 -0.000212297 -0.000182515 -0.000148691 -0.000106394 -4.20841e-05 4.83742e-05 0.000183058 0.000362962 0.000611917 0.000924872 0.00133511 0.00183321 0.00246799 0.00322316 0.00415272 0.00520702 0.00641206 0.00765831 0.00893934 0.0101138 0.0111797 0.0119945 0.0125485 0.0126823 0.0123762 0.0115294 0.0102038 0.00843211 0.00632075 0.00395737 0.0014345 -0.0010735 -0.00344908 -0.00549526 -0.00720911 -0.00848709 -0.0093777 -0.00979797 -0.00983211 -0.00954071 -0.00902808 -0.0083673 -0.00756132 -0.00674921 -0.00593846 -0.0052322 -0.00454806 -0.00395256 -0.00345752 -0.00304808 -0.00271767 -0.00239685 -0.00218792 -0.00199772 -0.00184343 -0.0016977 -0.00158395 -0.00151991 -0.00140603 -0.00134474 -0.00128554 -0.00123717 -0.00118483 -0.00112688 -0.00112391 -0.00106415 -0.00103012 -0.00101579 -0.000973817 -0.000952118 -0.000913313 -0.000907285 -0.000876735 -0.000843507 -0.000861137 -0.000822745 -0.000803781 -0.000812435 -0.000789352 -0.000778799 -0.000750795 -0.000737355 -0.000747879 -0.000733457 -0.000714874 -0.00069871 -0.000712176 -0.000721401 -0.000685621 -0.000684651 -0.000687547 -0.000654661 -0.000667471 -0.000685827 -0.000662398 -0.00066213 -0.000669093 -0.000647765 -0.000644286 -0.000659336 -0.000652176 
0 6.69213e-06 2.81516e-05 4.20636e-05 5.95607e-05 7.96255e-05 8.85773e-05 0.000105175 0.000119021 0.000128158 0.000152117 0.000168881 0.000181801 0.000204369 0.00021771 0.000234971 0.000259975 0.000274849 0.000287909 0.000309192 0.000336773 0.00035645 0.000379284 0.000410633 0.000426845 0.000455072 0.000489634 0.000505245 0.000538156 0.000576344 0.000606004 0.000641483 0.00068485 0.000733384 0.000767012 0.000818337 0.000880536 0.00092259 0.000982914 0.00105538 0.00112975 0.00120179 0.00129323 0.00141353 0.0015218 0.00165521 0.00182686 0.00202838 0.00225478 0.00252799 0.00289375 0.00332155 0.0038305 0.00445037 0.00521021 0.00609227 0.00706568 0.00815354 0.00931915 0.0105014 0.011584 0.0125 0.0131634 0.0134507 0.0132334 0.0124124 0.0109838 0.00894056 0.00632622 0.00319716 -0.000279166 -0.00390031 -0.00744529 -0.0107347 -0.0136177 -0.0159451 -0.0176077 -0.0185304 -0.0187466 -0.0183263 -0.0174053 -0.0160859 -0.0144955 -0.0127264 -0.0109036 -0.00912141 -0.00747963 -0.00602638 -0.00479159 -0.00376448 -0.00292778 -0.00225345 -0.00171793 -0.0013012 -0.000983367 -0.000750531 -0.000582588 -0.00046811 -0.000386989 -0.000330755 -0.000280759 -0.000230464 -0.00016133 -6.55477e-05 7.70725e-05 0.000277211 0.000555622 0.000925117 0.00140596 0.00201591 0.00277903 0.00372307 0.00487223 0.00624652 0.0078337 0.00960116 0.011465 0.0133368 0.0150946 0.0166445 0.0178609 0.0186404 0.0188362 0.0183517 0.0171105 0.0151478 0.0125394 0.00942073 0.0059243 0.0022182 -0.00148859 -0.00497368 -0.00803458 -0.0105695 -0.0125052 -0.0138244 -0.0144964 -0.0145876 -0.0142031 -0.0134787 -0.0125056 -0.011359 -0.0101547 -0.00897908 -0.00789628 -0.00689104 -0.00599981 -0.00524502 -0.00462302 -0.00409734 -0.00364446 -0.00329531 -0.00301201 -0.0027723 -0.00256112 -0.00239944 -0.00227232 -0.00213898 -0.00203194 -0.00194478 -0.00186706 -0.0017831 -0.00171249 -0.00166525 -0.00159925 -0.00154514 -0.00150648 -0.0014643 -0.00142225 -0.0013855 -0.00136325 -0.00132495 -0.00129162 -0.00127539 -0.00124151 -0.00121603 -0.00119844 -0.00117343 -0.00115642 -0.00114404 -0.00112949 -0.00110765 -0.00109526 -0.00108971 -0.00106918 -0.00105726 -0.00104851 -0.00103193 -0.00103182 -0.00102831 -0.00101564 -0.00101238 -0.00100238 -0.000992616 -0.00099216 -0.000987584 -0.000987144 -0.000987444 -0.000980994 -0.00097951 
0 1.06957e-05 4.458e-05 5.95607e-05 6.82021e-05 0.000104347 0.000127907 0.000133221 0.000157354 0.000182373 0.000198128 0.000221543 0.000249947 0.000274197 0.000282552 0.000308594 0.000359057 0.000368218 0.000377612 0.000420556 0.000445893 0.000482773 0.000509842 0.00052859 0.00058529 0.000609218 0.000639651 0.000691807 0.000715997 0.000772196 0.000812793 0.000857519 0.000924699 0.000961747 0.00103843 0.00109694 0.00115981 0.00125005 0.00131244 0.0014198 0.00150778 0.00161784 0.00175289 0.00187732 0.00205863 0.00222893 0.00246437 0.00272979 0.00303974 0.003444 0.00390378 0.00450555 0.00519001 0.00604492 0.00705081 0.00820791 0.00952762 0.010941 0.012475 0.0139663 0.0153759 0.0165288 0.0173386 0.0176423 0.0172789 0.0161784 0.0142441 0.0115512 0.00807406 0.0040005 -0.000544404 -0.00524579 -0.00987937 -0.0141756 -0.0179327 -0.0209751 -0.0231343 -0.0243781 -0.0246739 -0.0241826 -0.0229798 -0.0212919 -0.019195 -0.016908 -0.0145052 -0.0121896 -0.0100122 -0.00810346 -0.00644654 -0.00508234 -0.00395073 -0.00305039 -0.00232545 -0.00176707 -0.00133661 -0.00102107 -0.000792712 -0.000633265 -0.00052253 -0.000440268 -0.000372013 -0.000297432 -0.000202982 -6.76259e-05 0.000126509 0.000399944 0.00077704 0.00127419 0.00192482 0.00274158 0.00377445 0.005033 0.00657856 0.00839062 0.010499 0.0128006 0.0152563 0.0176787 0.0199936 0.0219851 0.0235765 0.0245353 0.0247733 0.0240885 0.0224746 0.0199008 0.0165098 0.0124327 0.00786856 0.00305272 -0.0017774 -0.0063023 -0.0103444 -0.0136723 -0.0162676 -0.0180091 -0.0189667 -0.0191532 -0.0187308 -0.0178346 -0.0165844 -0.0151436 -0.0135773 -0.0120674 -0.0106056 -0.009297 -0.00811503 -0.00710229 -0.00625927 -0.00552846 -0.00495394 -0.00444791 -0.00406654 -0.00372974 -0.00345403 -0.00323675 -0.00302698 -0.00288166 -0.00271995 -0.00260367 -0.00249211 -0.00238187 -0.00230879 -0.00220629 -0.00214785 -0.00207519 -0.00200593 -0.00196456 -0.00189549 -0.00186176 -0.00181012 -0.00176575 -0.0017413 -0.00168227 -0.00166308 -0.00163551 -0.00159157 -0.00157382 -0.00153986 -0.00153107 -0.00151558 -0.00146844 -0.00145918 -0.00145508 -0.00143486 -0.00141071 -0.00138788 -0.00139244 -0.00138084 -0.00135664 -0.00136733 -0.00135282 -0.0013212 -0.00133554 -0.00133313 -0.00130723 -0.00132178 -0.00132317 -0.00129686 -0.00130961 
0 4.28906e-05 4.31998e-05 7.96255e-05 0.000104347 0.000106651 0.000147199 0.000172451 0.000200061 0.000241656 0.000247349 0.000280798 0.000312414 0.000317267 0.000379932 0.000407785 0.000397223 0.000458324 0.000510408 0.00053318 0.000560644 0.000590432 0.000641655 0.00067265 0.000713758 0.000766399 0.000797574 0.000867339 0.000920355 0.000957314 0.00103115 0.0010882 0.00114651 0.00121344 0.00129365 0.00137722 0.00145 0.00156129 0.00166956 0.00177395 0.00190519 0.00205188 0.0022115 0.00237779 0.00259186 0.00283963 0.00311654 0.00345467 0.0038733 0.00438397 0.00498721 0.00573183 0.00663784 0.00771728 0.00897184 0.0104179 0.0120467 0.0138061 0.0156323 0.0174275 0.0190853 0.0204381 0.0213285 0.0215775 0.0210456 0.0196074 0.0171992 0.0138266 0.00956147 0.00457153 -0.000931031 -0.0066414 -0.0122704 -0.0174951 -0.0220695 -0.0257529 -0.028404 -0.0299319 -0.0303638 -0.0297969 -0.0283919 -0.026337 -0.0238119 -0.0210132 -0.0181014 -0.0152575 -0.0125918 -0.0102199 -0.00815968 -0.00644339 -0.00501945 -0.00388222 -0.00296401 -0.00226016 -0.00170894 -0.00131175 -0.00101123 -0.000811128 -0.000657014 -0.000555113 -0.0004541 -0.000361921 -0.000227635 -5.78468e-05 0.000201183 0.000545486 0.0010318 0.00165828 0.00248558 0.00351745 0.00482221 0.00640903 0.00833989 0.010598 0.0131888 0.0160184 0.018999 0.0219605 0.0247532 0.0271791 0.0290605 0.0301946 0.0304022 0.0295415 0.0275378 0.0244223 0.02029 0.0153397 0.00979115 0.00395209 -0.00188682 -0.00739671 -0.0123285 -0.0164581 -0.019662 -0.0218747 -0.0231178 -0.0234764 -0.0230681 -0.0220567 -0.0206026 -0.0188899 -0.017046 -0.0151911 -0.0134072 -0.0117753 -0.0103249 -0.00905431 -0.00796352 -0.00705183 -0.00630652 -0.005677 -0.00515406 -0.0047274 -0.0043845 -0.00408142 -0.00382034 -0.00361431 -0.00343184 -0.00326548 -0.00311451 -0.00300369 -0.00288993 -0.00277588 -0.00269493 -0.00261119 -0.00253029 -0.0024491 -0.00239223 -0.0023308 -0.00225249 -0.00221792 -0.00216736 -0.0021146 -0.00208472 -0.00203829 -0.00200931 -0.00197879 -0.0019459 -0.00190299 -0.00186004 -0.00187435 -0.0018422 -0.00178174 -0.00179269 -0.00177991 -0.00175722 -0.00175084 -0.0017141 -0.00170475 -0.00169318 -0.00167133 -0.00169169 -0.00167444 -0.00164878 -0.00166796 -0.00164179 -0.00162391 -0.00165336 -0.00163346 
0 3.04069e-05 4.16692e-05 8.85773e-05 0.000127907 0.000147199 0.000189367 0.00021027 0.000229841 0.000275207 0.000297593 0.00033546 0.000384151 0.000399386 0.000439331 0.000485369 0.000511118 0.000557098 0.000590502 0.000620283 0.000676125 0.00072757 0.000771039 0.000813784 0.000873509 0.000928217 0.000966604 0.00103725 0.00109893 0.00114861 0.00123391 0.00131254 0.00138347 0.00147174 0.00157416 0.00166943 0.00176062 0.00188943 0.00201849 0.00213891 0.00229635 0.00248076 0.00267236 0.00288222 0.0031521 0.00346823 0.00381299 0.00423576 0.0047668 0.00540133 0.00614594 0.0070582 0.00817572 0.00948497 0.010988 0.0127095 0.0146392 0.0167002 0.0187954 0.0208346 0.0226903 0.0241731 0.0250758 0.0252184 0.02446 0.0226699 0.0197671 0.0157513 0.0107352 0.00491398 -0.00145795 -0.00807356 -0.0145942 -0.020662 -0.0259654 -0.0302454 -0.0333418 -0.0351677 -0.0357421 -0.0351565 -0.0335834 -0.0312275 -0.0283153 -0.025066 -0.021685 -0.0183572 -0.0152286 -0.0124099 -0.00995282 -0.00787869 -0.00616128 -0.00477318 -0.00366247 -0.00279743 -0.0021293 -0.00163365 -0.00126665 -0.00100835 -0.000817929 -0.000678823 -0.000552886 -0.000425525 -0.000258877 -3.69612e-05 0.000280576 0.000712963 0.00130357 0.00207571 0.00307755 0.00434005 0.00591749 0.0078427 0.0101547 0.01285 0.0159011 0.0192206 0.0226862 0.0261286 0.029355 0.0321489 0.0342807 0.0355275 0.0356876 0.0346245 0.032267 0.028644 0.0238583 0.0181185 0.0117003 0.00494952 -0.00178841 -0.00818075 -0.0139386 -0.0188137 -0.022629 -0.0253149 -0.0268997 -0.027479 -0.027166 -0.0261177 -0.0245332 -0.0226221 -0.0205404 -0.0183977 -0.0163069 -0.0143745 -0.0126467 -0.0111129 -0.00977268 -0.00865159 -0.0077296 -0.00694977 -0.00628966 -0.00575889 -0.00533558 -0.00496026 -0.0046375 -0.00438288 -0.00416579 -0.00395689 -0.00377126 -0.00363177 -0.0034892 -0.00334656 -0.0032383 -0.00314037 -0.00303848 -0.00294349 -0.00287913 -0.00280674 -0.00272448 -0.00267733 -0.00261696 -0.00254948 -0.0025057 -0.00245803 -0.0024056 -0.00235851 -0.00233466 -0.00230331 -0.00225687 -0.00223801 -0.0022062 -0.0021747 -0.00216527 -0.00212322 -0.00209523 -0.00209137 -0.00206598 -0.00205991 -0.00205187 -0.00202321 -0.00201612 -0.00200132 -0.00198424 -0.00199157 -0.00198296 -0.00197328 -0.00197875 -0.00196464 
0 3.18098e-05 7.57365e-05 0.000105175 0.000133221 0.000172451 0.00021027 0.000248926 0.00028075 0.000318213 0.000363207 0.000388391 0.00043359 0.000488423 0.000502958 0.000550643 0.000620236 0.000646902 0.00069076 0.000742439 0.000791061 0.000857135 0.000892827 0.000948741 0.00102736 0.0010742 0.00114526 0.00121901 0.00128594 0.00136934 0.00144457 0.00154042 0.00162744 0.00172082 0.0018468 0.00194842 0.00207425 0.0022226 0.00236923 0.00253426 0.00271261 0.00293596 0.00316347 0.00341865 0.00374743 0.00411433 0.00454527 0.00505814 0.0057035 0.00647561 0.00737637 0.00848699 0.00981429 0.0113683 0.0131281 0.0151221 0.0173327 0.0196486 0.0219786 0.0241941 0.0261772 0.0276965 0.0285331 0.0285024 0.0274558 0.0252814 0.0218661 0.017246 0.0115316 0.00497436 -0.00216914 -0.00956786 -0.0168608 -0.0236589 -0.0295947 -0.0344091 -0.0379059 -0.0400289 -0.0407535 -0.0401971 -0.0384975 -0.035909 -0.0326602 -0.0290264 -0.0252205 -0.0214584 -0.0178929 -0.0146506 -0.0118015 -0.00937106 -0.00735385 -0.00570754 -0.00439749 -0.00336243 -0.00257283 -0.00196943 -0.00153293 -0.00120675 -0.000978017 -0.000791898 -0.000639439 -0.00046682 -0.000265612 1.89744e-05 0.000398453 0.000929599 0.00162954 0.00255801 0.00374188 0.00524519 0.00710357 0.00937072 0.0120632 0.015179 0.0186682 0.0224326 0.0263387 0.0301945 0.0337979 0.0368829 0.0392103 0.0405049 0.0405901 0.0393019 0.0366138 0.0325218 0.027164 0.0207348 0.0135672 0.00603034 -0.00149404 -0.00865678 -0.0151622 -0.0207146 -0.0251303 -0.0282952 -0.0302667 -0.0311143 -0.0309658 -0.0299657 -0.0283284 -0.0262944 -0.0240184 -0.0216477 -0.0192853 -0.0170802 -0.0150788 -0.0132845 -0.0117101 -0.0103647 -0.00925927 -0.00831105 -0.00751576 -0.00686562 -0.00633368 -0.00588489 -0.00548403 -0.00517301 -0.00490028 -0.00465047 -0.00443907 -0.00425304 -0.00409775 -0.00393289 -0.0038014 -0.0036902 -0.00356289 -0.00346643 -0.00336948 -0.00328152 -0.00320042 -0.00311828 -0.00306172 -0.00298369 -0.00292469 -0.00288652 -0.00281713 -0.00277163 -0.00273007 -0.00268813 -0.00265918 -0.00259869 -0.0025684 -0.00256142 -0.00251548 -0.00248409 -0.00246673 -0.0024445 -0.00242655 -0.0023978 -0.00238698 -0.00237511 -0.00234261 -0.00234667 -0.00234392 -0.00230964 -0.00231805 -0.00231941 -0.00228803 -0.00230279 
0 4.27023e-05 8.81339e-05 0.000119021 0.000157354 0.000200061 0.000229841 0.00028075 0.000334441 0.000364833 0.00041334 0.000461206 0.00048826 0.000539288 0.00060415 0.000648071 0.000680328 0.000734332 0.00081007 0.000867572 0.000911023 0.000961815 0.0010337 0.00110963 0.00116009 0.00123669 0.00132377 0.00139316 0.00148834 0.0015739 0.00166723 0.00177197 0.00187046 0.00199794 0.00211072 0.00224872 0.00240353 0.00255174 0.00274242 0.00292568 0.00315113 0.00339751 0.00366534 0.00399883 0.00435879 0.00481392 0.00532561 0.00595445 0.00672457 0.00762564 0.00873168 0.0100214 0.0115848 0.0133644 0.0153891 0.0176497 0.0200851 0.0226372 0.0251219 0.027481 0.0294831 0.0309648 0.0316532 0.0313812 0.0300102 0.0273922 0.0234929 0.0182776 0.0119699 0.0047436 -0.00304028 -0.0111132 -0.0190417 -0.0264479 -0.0329291 -0.0381965 -0.0420812 -0.0444676 -0.0453908 -0.0448729 -0.0431379 -0.0403532 -0.0368679 -0.0328872 -0.0287389 -0.0245676 -0.0206186 -0.0169604 -0.0137412 -0.0109478 -0.00863057 -0.00671598 -0.00519648 -0.00398544 -0.00306043 -0.00234819 -0.00182598 -0.00143416 -0.00114956 -0.000920618 -0.000723564 -0.000510195 -0.000256368 8.77255e-05 0.000546428 0.00117592 0.00200083 0.0030896 0.00446846 0.00622112 0.00836583 0.0109819 0.0140406 0.017571 0.0214534 0.0256384 0.0299083 0.0341377 0.0380176 0.0413494 0.043772 0.0450927 0.0450384 0.043547 0.0405208 0.0360325 0.0301714 0.0231793 0.015397 0.0072052 -0.000963456 -0.00880328 -0.0159297 -0.0221196 -0.0270766 -0.0307651 -0.0331406 -0.0343287 -0.034413 -0.0335507 -0.0319751 -0.0298757 -0.0275 -0.0249297 -0.0223756 -0.019907 -0.017645 -0.0155973 -0.0137729 -0.0122209 -0.0108774 -0.00977277 -0.00881613 -0.00803892 -0.00739034 -0.00683692 -0.00639021 -0.00598508 -0.00566785 -0.00537302 -0.00512394 -0.00490937 -0.00470216 -0.0045444 -0.00437333 -0.00423337 -0.00410674 -0.00397817 -0.0038751 -0.00376119 -0.00367543 -0.00358454 -0.00349647 -0.00344036 -0.00335819 -0.00329021 -0.00324518 -0.00319125 -0.00313122 -0.00306689 -0.0030323 -0.00300617 -0.00295627 -0.00290571 -0.0028753 -0.00286663 -0.00283827 -0.00279395 -0.00277629 -0.00275326 -0.00271987 -0.00271462 -0.00270983 -0.00268354 -0.00267095 -0.00266832 -0.00264655 -0.00263636 -0.00264515 -0.00263368 
0 3.34365e-05 8.51667e-05 0.000128158 0.000182373 0.000241656 0.000275207 0.000318213 0.000364833 0.000401733 0.00046351 0.000518984 0.000564644 0.000627515 0.000669915 0.000719104 0.000794971 0.000846405 0.000892996 0.000959977 0.00103209 0.00110267 0.00117838 0.00125532 0.00131968 0.00140986 0.00150291 0.00157023 0.00167534 0.00178489 0.00188378 0.00200408 0.00213302 0.0022737 0.00240206 0.00256369 0.00274324 0.00290391 0.00311414 0.0033404 0.00359205 0.00387183 0.00419657 0.0045963 0.0050227 0.00555289 0.00618224 0.00693297 0.00783357 0.00889623 0.0101984 0.0117042 0.0134773 0.0154988 0.0177743 0.020274 0.0229065 0.0256192 0.0282285 0.030629 0.0325857 0.0339192 0.0343926 0.0338165 0.0320627 0.0289883 0.0245891 0.0188564 0.0120085 0.00424244 -0.00409194 -0.0126877 -0.0211293 -0.0290075 -0.0359359 -0.0415949 -0.0458211 -0.0484779 -0.0495945 -0.0491797 -0.0474436 -0.0445649 -0.0408904 -0.0366623 -0.0322045 -0.0277005 -0.0233808 -0.0193557 -0.0157597 -0.0126262 -0.009989 -0.00781279 -0.00606138 -0.00467482 -0.00359558 -0.00277289 -0.00214998 -0.00168964 -0.00133663 -0.00106124 -0.000808051 -0.000550056 -0.000231563 0.000175656 0.000727582 0.00145827 0.00242566 0.00367634 0.00527171 0.00727092 0.00972273 0.0126707 0.0161051 0.020008 0.0242736 0.0288085 0.0334114 0.0379165 0.0420231 0.0454917 0.0479649 0.0492301 0.04903 0.047309 0.0439812 0.0391362 0.0328637 0.0254326 0.0171698 0.00848232 -0.000218212 -0.00858852 -0.0162578 -0.0229765 -0.0284651 -0.0326606 -0.0354934 -0.0370679 -0.0374571 -0.036837 -0.0354058 -0.0333574 -0.0309284 -0.028253 -0.0255414 -0.0228627 -0.0203521 -0.0180485 -0.0159936 -0.0142022 -0.0126323 -0.0113271 -0.0102134 -0.00929185 -0.00850491 -0.00785539 -0.00733105 -0.00685553 -0.00646748 -0.00612949 -0.00584633 -0.00557993 -0.0053385 -0.00515551 -0.0049571 -0.00478473 -0.00464033 -0.00450502 -0.00437682 -0.00425352 -0.00416779 -0.00406062 -0.00395657 -0.00388977 -0.00380232 -0.00371934 -0.00365231 -0.00358741 -0.00353008 -0.00348167 -0.00343396 -0.00337197 -0.00333637 -0.00331208 -0.00325561 -0.00321518 -0.00318505 -0.00314712 -0.00313289 -0.00311651 -0.0030873 -0.00306692 -0.00304453 -0.00302143 -0.00301054 -0.00300447 -0.00299307 -0.00298441 -0.00298101 -0.00297073 
0 5.25643e-05 0.000109365 0.000152117 0.000198128 0.000247349 0.000297593 0.000363207 0.00041334 0.00046351 0.000530295 0.00056573 0.000622401 0.000708523 0.000741106 0.000798494 0.000896103 0.000944757 0.00100626 0.00108825 0.00115437 0.00123616 0.00130787 0.00138932 0.00148491 0.00157178 0.00168241 0.00177331 0.00187936 0.00201744 0.00211223 0.00224552 0.00239969 0.00253169 0.00269838 0.00287246 0.00307793 0.00327832 0.00350162 0.00379305 0.0040632 0.00439175 0.00478168 0.00522663 0.00574712 0.00633956 0.00710642 0.00798156 0.00902353 0.0102847 0.0117747 0.0135336 0.0155058 0.0177865 0.0202969 0.0229999 0.0258023 0.0285944 0.0312821 0.0336101 0.0354464 0.0365224 0.036704 0.0357599 0.0335615 0.0300285 0.0251201 0.0189541 0.0116247 0.00345236 -0.00533126 -0.0142955 -0.0231165 -0.0313318 -0.0385985 -0.0445887 -0.0490991 -0.0520328 -0.0533275 -0.05308 -0.0513732 -0.0485053 -0.0446911 -0.0403173 -0.0355868 -0.030826 -0.0261544 -0.0218108 -0.0178402 -0.014388 -0.0114195 -0.00898332 -0.00698479 -0.0054158 -0.00417035 -0.00322765 -0.0024962 -0.00195632 -0.00152951 -0.00119555 -0.000881644 -0.000566405 -0.000177936 0.000304913 0.000957704 0.00180159 0.00292323 0.00434652 0.00617423 0.00842441 0.0111967 0.0144635 0.0182739 0.0225091 0.027141 0.0319564 0.0368558 0.0415368 0.0458146 0.0493049 0.0517822 0.0529063 0.052557 0.0505748 0.0469855 0.0418149 0.035225 0.0274678 0.0188606 0.00983029 0.000716313 -0.00803905 -0.0161686 -0.0233033 -0.0293028 -0.0339705 -0.0373032 -0.0392975 -0.04006 -0.0397694 -0.0385594 -0.0366757 -0.0342503 -0.0315678 -0.0287352 -0.0259127 -0.0231828 -0.0206393 -0.0183761 -0.0163281 -0.0145567 -0.0130164 -0.0117442 -0.0106576 -0.00971436 -0.00896197 -0.00831448 -0.00777853 -0.00729281 -0.00690284 -0.0065813 -0.00625465 -0.00600213 -0.00577217 -0.00556635 -0.00537129 -0.00519302 -0.00506107 -0.00489282 -0.00475902 -0.00465511 -0.00452295 -0.00442436 -0.00432739 -0.00424021 -0.00416483 -0.00407861 -0.00401679 -0.00394216 -0.00388253 -0.00383912 -0.00375272 -0.00371163 -0.00369231 -0.00362098 -0.00358497 -0.00356807 -0.00352445 -0.00349313 -0.00346088 -0.00343459 -0.00341645 -0.00338708 -0.0033797 -0.00336881 -0.00333649 -0.00333641 -0.00333263 -0.00330595 -0.00331449 
0 5.66425e-05 0.000114186 0.000168881 0.000221543 0.000280798 0.00033546 0.000388391 0.000461206 0.000518984 0.00056573 0.000647584 0.000703262 0.00074495 0.000845189 0.000916194 0.0009567 0.00103886 0.00112313 0.00121395 0.00128654 0.00134979 0.00146363 0.00155294 0.00164083 0.00175447 0.00184862 0.00197543 0.00209436 0.00221699 0.00236404 0.00249439 0.0026685 0.00282883 0.00300009 0.00321894 0.00342012 0.00366368 0.00392327 0.00422834 0.00456724 0.00492766 0.00539845 0.00590953 0.00651507 0.00723643 0.00810735 0.00915299 0.0103465 0.0118128 0.0135177 0.0154882 0.017706 0.0201907 0.0229319 0.0257812 0.0286997 0.0315309 0.0341802 0.0363913 0.0379762 0.0387573 0.0385438 0.037194 0.0345142 0.0305098 0.0251468 0.0185741 0.0108932 0.00237721 -0.00668608 -0.0159272 -0.0249569 -0.0334154 -0.0409059 -0.0471694 -0.051929 -0.0551151 -0.0566215 -0.0565504 -0.0549697 -0.0521499 -0.0483207 -0.043832 -0.0389403 -0.0339301 -0.0289945 -0.0243205 -0.0200379 -0.0162381 -0.0129756 -0.0102391 -0.00801411 -0.00622181 -0.00482428 -0.0037257 -0.00289749 -0.00224682 -0.0017564 -0.00133507 -0.000969821 -0.000569018 -0.000120266 0.000467973 0.0012108 0.00220143 0.00346485 0.00509938 0.00714209 0.00968259 0.0127434 0.0163585 0.0204882 0.0250684 0.0299833 0.0350739 0.040161 0.044989 0.0493087 0.0527794 0.0551475 0.0561136 0.0555604 0.053338 0.0495008 0.0440622 0.0372503 0.0292669 0.0204823 0.0112196 0.00187715 -0.00717832 -0.0156101 -0.0231155 -0.0295337 -0.0346746 -0.0385096 -0.0409652 -0.0421888 -0.0422773 -0.041422 -0.0397585 -0.0374812 -0.0348391 -0.0319724 -0.0290562 -0.0261397 -0.0234093 -0.0208961 -0.018633 -0.0166176 -0.0148555 -0.0133905 -0.0121086 -0.0110363 -0.0101252 -0.00938061 -0.00874815 -0.0081817 -0.00774029 -0.0073359 -0.00699345 -0.00668355 -0.0064146 -0.00619075 -0.00595151 -0.00577136 -0.00559222 -0.00542341 -0.00528483 -0.00513364 -0.00502206 -0.00489949 -0.00479022 -0.0046994 -0.00458723 -0.00452196 -0.00444429 -0.00434996 -0.00428463 -0.00421956 -0.00418261 -0.00411548 -0.00403232 -0.00401802 -0.00398241 -0.00392066 -0.0038924 -0.00385559 -0.0038181 -0.00379295 -0.00376977 -0.00375381 -0.00372671 -0.00370518 -0.00369904 -0.00367706 -0.00366343 -0.00366828 -0.00365459 
0 5.73061e-05 0.000110222 0.000181801 0.000249947 0.000312414 0.000384151 0.00043359 0.00048826 0.000564644 0.000622401 0.000703262 0.000787162 0.000835639 0.000919506 0.00099402 0.00105651 0.00116725 0.00123324 0.0012995 0.00141727 0.0015079 0.00161107 0.00170915 0.00180995 0.00193812 0.00203666 0.00217473 0.00230894 0.00243181 0.0026128 0.00276054 0.00293716 0.00313561 0.00332609 0.00356571 0.00378862 0.00406721 0.00437044 0.00469282 0.00509627 0.00551982 0.00605228 0.00665166 0.00735621 0.00821803 0.00921219 0.0104264 0.011816 0.0134837 0.015415 0.0175962 0.0200581 0.0227388 0.0256528 0.0286177 0.0315811 0.0343933 0.0369014 0.0389044 0.0401568 0.0405588 0.0398922 0.0380668 0.0349009 0.0304208 0.0246591 0.0177322 0.00979785 0.00104692 -0.00816747 -0.0175465 -0.0266632 -0.0352366 -0.0428691 -0.0493205 -0.0543032 -0.0577084 -0.0594516 -0.0595762 -0.0581925 -0.0554825 -0.0517278 -0.0471922 -0.0422114 -0.0370041 -0.0318512 -0.0268829 -0.022311 -0.0181822 -0.0146246 -0.011591 -0.00912252 -0.00710409 -0.0055326 -0.00427665 -0.00332972 -0.00256893 -0.00199309 -0.0014859 -0.00104725 -0.000562359 -3.10501e-05 0.000661965 0.00151765 0.00265667 0.00408555 0.00593517 0.00821363 0.0110441 0.0144006 0.0183488 0.0227811 0.0276727 0.0328296 0.0381443 0.0433517 0.0482567 0.0525274 0.055906 0.0580824 0.0588535 0.0580548 0.0556079 0.051532 0.0458959 0.038928 0.0308388 0.0219898 0.0126395 0.0032027 -0.00602319 -0.0146437 -0.0224419 -0.0292018 -0.0347908 -0.0391049 -0.0420705 -0.043796 -0.0443433 -0.0439108 -0.0425631 -0.0405393 -0.0380163 -0.0351987 -0.0322331 -0.0292075 -0.0263143 -0.0235758 -0.0210992 -0.0188443 -0.0168691 -0.0151739 -0.0136976 -0.0124701 -0.0113984 -0.0105295 -0.00977951 -0.00914241 -0.00861769 -0.00813552 -0.00775813 -0.00739545 -0.00708611 -0.00682029 -0.00656224 -0.00636 -0.00613845 -0.00597033 -0.00581491 -0.00564041 -0.0055236 -0.00538298 -0.00526283 -0.00515931 -0.00504201 -0.00495378 -0.00484785 -0.00478321 -0.00472032 -0.0046125 -0.00456919 -0.00451819 -0.00444624 -0.00440975 -0.00434069 -0.00428649 -0.0042633 -0.0042209 -0.00419474 -0.00416573 -0.00412555 -0.00410353 -0.00407849 -0.00405818 -0.00404839 -0.00403027 -0.0040167 -0.00401158 -0.00400243 
0 8.04953e-05 0.000133011 0.000204369 0.000274197 0.000317267 0.000399386 0.000488423 0.000539288 0.000627515 0.000708523 0.00074495 0.000835639 0.000930969 0.000992668 0.00108538 0.00117032 0.0012632 0.00136368 0.00143006 0.00154772 0.00166189 0.00173131 0.0018662 0.00199396 0.00210201 0.00225076 0.00238597 0.00253479 0.00268743 0.00285317 0.0030443 0.00320972 0.00343361 0.00367215 0.00389717 0.00418916 0.00449342 0.00484008 0.00521881 0.00565757 0.00618968 0.00675886 0.00746568 0.00829466 0.00927455 0.0104426 0.0118023 0.0134389 0.0153023 0.0174578 0.019875 0.0225397 0.0254304 0.0284289 0.0314872 0.034415 0.0371282 0.0394112 0.0410847 0.0419635 0.0418748 0.0407323 0.0383533 0.0347202 0.0297782 0.0236685 0.0164665 0.00834573 -0.000494096 -0.00976902 -0.0191164 -0.0282422 -0.0367849 -0.0445026 -0.0510433 -0.0562244 -0.059818 -0.0618093 -0.0621652 -0.0610193 -0.0585056 -0.0548763 -0.0503974 -0.0453612 -0.0400505 -0.0346892 -0.029505 -0.0246316 -0.0202327 -0.0163468 -0.013055 -0.0102959 -0.00807862 -0.00628293 -0.00489393 -0.00378053 -0.00293352 -0.00222661 -0.00165683 -0.00109971 -0.000553619 0.000105854 0.000880822 0.00189709 0.00316203 0.00480725 0.00684801 0.00941204 0.0124988 0.0161885 0.0204161 0.0251683 0.030296 0.0356907 0.0411365 0.0464352 0.0513091 0.0554805 0.0586661 0.0606041 0.0611212 0.060056 0.0573884 0.0530892 0.0473306 0.0402564 0.0321906 0.0233484 0.0140761 0.00463649 -0.00459508 -0.0133287 -0.0213111 -0.0283542 -0.0343381 -0.0390927 -0.0426076 -0.0448423 -0.0459434 -0.045956 -0.045044 -0.0433437 -0.041047 -0.0383575 -0.0353933 -0.0323578 -0.0293152 -0.0264244 -0.0237149 -0.0212562 -0.019069 -0.0171193 -0.0154624 -0.0140226 -0.0128156 -0.0117696 -0.0108909 -0.010175 -0.00952685 -0.00899501 -0.00853148 -0.00814291 -0.00779071 -0.00746438 -0.00722106 -0.00696027 -0.0067287 -0.00653947 -0.00634456 -0.00617677 -0.00600782 -0.00587519 -0.00574056 -0.00559905 -0.00552046 -0.00540331 -0.00528636 -0.00522605 -0.00513139 -0.00504426 -0.00497153 -0.00489833 -0.00485098 -0.00477642 -0.00472229 -0.00470381 -0.0046412 -0.00458987 -0.0045623 -0.00451863 -0.0044913 -0.00446432 -0.00443968 -0.00442365 -0.00439221 -0.00438602 -0.0043815 -0.00435184 -0.0043563 
0 6.10681e-05 0.000155332 0.00021771 0.000282552 0.000379932 0.000439331 0.000502958 0.00060415 0.000669915 0.000741106 0.000845189 0.000919506 0.000992668 0.00108902 0.00118868 0.0012764 0.00135015 0.00146559 0.00158944 0.00168038 0.00179212 0.00190669 0.00203839 0.00217744 0.00228614 0.00244267 0.00260493 0.00275081 0.00293399 0.00311854 0.00332197 0.00352672 0.00376191 0.0040311 0.00427959 0.0045986 0.00495058 0.00532397 0.0057641 0.00626975 0.00688053 0.00754568 0.00835911 0.00934054 0.010466 0.0118055 0.0133649 0.0152189 0.0173052 0.0196632 0.0223016 0.0251536 0.0281796 0.0312393 0.0342928 0.0371409 0.03965 0.0416267 0.0428974 0.043322 0.0427152 0.0410225 0.0381043 0.0339876 0.0286519 0.0222336 0.0148352 0.00661617 -0.00221329 -0.0114138 -0.0206405 -0.0296472 -0.0381004 -0.0457927 -0.0523886 -0.0576985 -0.0614888 -0.0637179 -0.0643497 -0.0634802 -0.0612282 -0.0577949 -0.0534378 -0.0484223 -0.043052 -0.0375482 -0.0321672 -0.0270446 -0.0223711 -0.0181922 -0.014615 -0.0115856 -0.00912937 -0.00712453 -0.00555953 -0.00429547 -0.00332028 -0.00249935 -0.00182571 -0.00116756 -0.000519153 0.000251078 0.00114947 0.00230982 0.00374325 0.00558932 0.00786229 0.0106921 0.0140651 0.0180539 0.022569 0.027588 0.0329359 0.0385002 0.0440366 0.0493458 0.0541252 0.0581172 0.0610423 0.0626892 0.0629022 0.0615642 0.0586603 0.0541939 0.048344 0.0412712 0.033287 0.0245829 0.0154762 0.00618455 -0.00294427 -0.011673 -0.0197505 -0.0270102 -0.033308 -0.038491 -0.0425217 -0.0453281 -0.0470003 -0.0475464 -0.0471329 -0.0458569 -0.0438937 -0.0414036 -0.0385487 -0.0355368 -0.0324359 -0.0294059 -0.026499 -0.023841 -0.0214254 -0.0192462 -0.017358 -0.0157206 -0.0143405 -0.0131216 -0.0121114 -0.0112749 -0.0105377 -0.00991725 -0.00937721 -0.00894087 -0.00852532 -0.00816103 -0.00787096 -0.00757804 -0.00732792 -0.00709942 -0.00690083 -0.00671136 -0.00652576 -0.00639274 -0.00623441 -0.0060869 -0.0059764 -0.00585635 -0.00575391 -0.00563728 -0.00553929 -0.00547985 -0.00539579 -0.00530945 -0.00523602 -0.00518678 -0.00513986 -0.00505883 -0.0050153 -0.00498521 -0.00491942 -0.00489278 -0.00487421 -0.00482452 -0.0048044 -0.00478799 -0.00475298 -0.00474092 -0.0047311 -0.00471155 -0.00471127 
0 6.94096e-05 0.00015709 0.000234971 0.000308594 0.000407785 0.000485369 0.000550643 0.000648071 0.000719104 0.000798494 0.000916194 0.00099402 0.00108538 0.00118868 0.00126122 0.00138155 0.00149272 0.00158427 0.00170975 0.00180809 0.00194413 0.00209411 0.00219727 0.00235064 0.00249979 0.00264997 0.00283099 0.00298672 0.00319059 0.00339692 0.00360206 0.00385515 0.00410035 0.00439125 0.00469526 0.00503333 0.00544193 0.00585757 0.00636633 0.00695534 0.00763097 0.00842628 0.0093519 0.0104883 0.0117821 0.0133006 0.0150933 0.0171477 0.0194741 0.022032 0.0248711 0.0278841 0.0309791 0.0340649 0.0370208 0.039718 0.0419199 0.0435058 0.0443025 0.0441942 0.0430365 0.0407416 0.0373042 0.0327098 0.0270476 0.0203729 0.0128601 0.00463659 -0.00408225 -0.0130824 -0.0221016 -0.0308758 -0.0391792 -0.0467454 -0.0533539 -0.0587265 -0.0627128 -0.0651698 -0.066113 -0.0655524 -0.0636178 -0.060444 -0.0562711 -0.0513506 -0.0459695 -0.0403893 -0.0348385 -0.0295194 -0.024576 -0.0201395 -0.0162594 -0.0129789 -0.010251 -0.00804863 -0.00627048 -0.00486683 -0.0037265 -0.00280339 -0.00198917 -0.00124187 -0.000454162 0.000415464 0.00147509 0.00276952 0.00441045 0.00644806 0.00898971 0.0120702 0.015753 0.0200101 0.0248147 0.0300515 0.0355988 0.0412679 0.0468512 0.052094 0.0567183 0.0604594 0.0630664 0.0643774 0.0642442 0.0626255 0.0594736 0.0548876 0.0489777 0.041996 0.0341432 0.0256812 0.0168122 0.00779261 -0.00113786 -0.00975403 -0.0178406 -0.0252454 -0.031778 -0.0373552 -0.0418537 -0.045255 -0.0475021 -0.0486453 -0.0487766 -0.0480033 -0.0464627 -0.0442555 -0.0416127 -0.0386759 -0.0356042 -0.0324803 -0.0294337 -0.0265936 -0.0239566 -0.0215747 -0.0194369 -0.017601 -0.0160112 -0.0146192 -0.0134572 -0.0124603 -0.0116308 -0.0108978 -0.0102809 -0.00977036 -0.00929308 -0.00890296 -0.00854308 -0.0082316 -0.00795779 -0.00768781 -0.00747966 -0.00726123 -0.00706805 -0.00690265 -0.00672732 -0.00659978 -0.00644266 -0.00630398 -0.00621414 -0.00608872 -0.00599336 -0.00589518 -0.00579678 -0.00574617 -0.00565922 -0.00558302 -0.0055241 -0.00544398 -0.00541022 -0.00536773 -0.00530847 -0.00528049 -0.0052319 -0.00519614 -0.00517841 -0.00514294 -0.00512914 -0.00510728 -0.00508178 -0.00508421 -0.0050676 
0 0.000111417 0.000150706 0.000259975 0.000359057 0.000397223 0.000511118 0.000620236 0.000680328 0.000794971 0.000896103 0.0009567 0.00105651 0.00117032 0.0012764 0.00138155 0.00148645 0.00160863 0.00172392 0.00183612 0.00196845 0.00209974 0.00223829 0.00237951 0.00253133 0.00271559 0.00287867 0.00304881 0.00326172 0.0034601 0.00367437 0.00391852 0.00417703 0.00446315 0.00476864 0.0051265 0.0055175 0.00594823 0.0064581 0.0070291 0.00770216 0.00847976 0.00939195 0.010481 0.0117496 0.013244 0.0149691 0.0169773 0.0192596 0.0217875 0.0245686 0.0275528 0.0306779 0.0337963 0.0368223 0.0396311 0.0420479 0.0438886 0.0449871 0.0452599 0.0445634 0.0428098 0.0399293 0.0359643 0.0309662 0.0249997 0.0181677 0.010596 0.00247405 -0.00604568 -0.0147526 -0.0234675 -0.0319515 -0.0400109 -0.0474137 -0.0539454 -0.0593724 -0.0635047 -0.0662225 -0.0674699 -0.0672724 -0.0656798 -0.0628326 -0.0588964 -0.0541377 -0.0488061 -0.0431968 -0.0375293 -0.0320365 -0.0268648 -0.0221689 -0.0180127 -0.0144569 -0.0114727 -0.00903557 -0.00705639 -0.00547231 -0.00418033 -0.00311389 -0.00217381 -0.00129606 -0.000383847 0.00062668 0.00183382 0.00330411 0.00514047 0.00740926 0.0102053 0.0135652 0.0175324 0.0220652 0.027118 0.0325552 0.0382472 0.0439784 0.0495436 0.0546555 0.059063 0.0624855 0.0647384 0.0656568 0.0651728 0.0632336 0.0598697 0.0551618 0.0492738 0.0424124 0.0347857 0.0266121 0.0180792 0.00941121 0.000777293 -0.00762284 -0.015644 -0.0230874 -0.0298138 -0.0356923 -0.0406466 -0.0445906 -0.0474422 -0.049207 -0.0499326 -0.0497359 -0.0486717 -0.0468768 -0.0445067 -0.0417558 -0.0387597 -0.0356241 -0.0325027 -0.0294907 -0.0266787 -0.0240735 -0.0217274 -0.0196565 -0.0178414 -0.0162786 -0.014922 -0.0137773 -0.0127973 -0.0119663 -0.0112588 -0.0106389 -0.010127 -0.00967105 -0.00926763 -0.00891769 -0.00860616 -0.00832848 -0.00805705 -0.00783447 -0.00762995 -0.00741311 -0.00724361 -0.0070901 -0.0069348 -0.0067952 -0.00666614 -0.00655704 -0.00644382 -0.00633426 -0.00624142 -0.00614621 -0.00606845 -0.00598826 -0.00591605 -0.00588435 -0.00580818 -0.00572622 -0.00571687 -0.00566059 -0.00559335 -0.00559849 -0.00554678 -0.00549238 -0.00551381 -0.00547796 -0.00544614 -0.00547059 -0.00542869 
0 9.08483e-05 0.000179738 0.000274849 0.000368218 0.000458324 0.000557098 0.000646902 0.000734332 0.000846405 0.000944757 0.00103886 0.00116725 0.0012632 0.00135015 0.00149272 0.00160863 0.00170553 0.00184564 0.00199091 0.00213001 0.00226151 0.00241109 0.00257991 0.00273525 0.00291844 0.00309568 0.0032836 0.00352529 0.00373626 0.00397458 0.00425823 0.00453911 0.00485392 0.00519117 0.00559542 0.00602659 0.00650125 0.00709697 0.00774777 0.00851532 0.00941587 0.0104802 0.0117371 0.0131709 0.0148808 0.0168287 0.0190525 0.0215427 0.0242698 0.0272333 0.030317 0.033483 0.03656 0.0394569 0.0420219 0.0440746 0.0454705 0.0460334 0.0457276 0.0444081 0.0420474 0.0385999 0.0341541 0.0287973 0.0225941 0.0156708 0.00812868 0.000187699 -0.00804915 -0.0163901 -0.024733 -0.0328641 -0.0406248 -0.0478065 -0.0542174 -0.0596587 -0.0639241 -0.0668978 -0.0684665 -0.0686514 -0.0674375 -0.0649584 -0.0613154 -0.0567761 -0.0515532 -0.0459668 -0.0402273 -0.0345975 -0.0292244 -0.0242888 -0.0198641 -0.0160348 -0.0127855 -0.0101039 -0.00790756 -0.00613043 -0.00466988 -0.00344808 -0.00236578 -0.00134604 -0.000293066 0.000870156 0.00224159 0.00390024 0.00594855 0.00845891 0.0115196 0.0151588 0.0194049 0.0241953 0.0294708 0.0350717 0.040864 0.0466037 0.0520894 0.0570075 0.0611359 0.0641903 0.0660467 0.0665474 0.0656901 0.0634284 0.059858 0.0550616 0.0492348 0.0425511 0.0352046 0.0273837 0.0192524 0.011009 0.00275378 -0.00534522 -0.0132039 -0.0206052 -0.0274441 -0.0335657 -0.0389105 -0.043358 -0.0467994 -0.0492076 -0.0505715 -0.0509957 -0.0504843 -0.0491852 -0.0471967 -0.044712 -0.0418701 -0.0387971 -0.035662 -0.0325299 -0.0295525 -0.0267491 -0.0241967 -0.0218922 -0.0198407 -0.0180856 -0.0165404 -0.0152245 -0.0140883 -0.0131411 -0.0123319 -0.0116024 -0.0110184 -0.0104961 -0.0100325 -0.00962691 -0.00927381 -0.00897331 -0.00866236 -0.00841839 -0.00820275 -0.00797188 -0.00778765 -0.00760403 -0.00743964 -0.00729496 -0.00714306 -0.00700699 -0.00688079 -0.00679208 -0.00669013 -0.00656242 -0.00649994 -0.00643285 -0.00633 -0.00626786 -0.00620951 -0.00613963 -0.00608999 -0.00604497 -0.00600133 -0.00596375 -0.00593229 -0.00590343 -0.00587021 -0.00584534 -0.00582775 -0.00581168 -0.00580916 
