0 0 0 0 0 0 0 0 0 0 0 0 0 0 0 0 0 0 0 0 0 0 0 0 0 0 0 0 0 0 0 0 0 0 0 0 0 0 0 0 0 0 0 0 0 0 0 0 0 0 0 0 0 0 0 0 0 0 0 0 0 0 0 0 0 0 0 0 0 0 0 0 0 0 0 0 0 0 0 0 0 0 0 0 0 0 0 0 0 0 0 0 0 0 0 0 0 0 0 0 0 0 0 0 0 0 0 0 0 0 0 0 0 0 0 0 0 0 0 0 0 0 0 0 0 0 0 0 0 0 0 0 0 0 0 0 0 0 0 0 0 0 0 0 0 0 0 0 0 0 0 0 0 0 0 0 0 0 0 0 0 0 0 0 0 0 0 0 0 0 0 0 0 0 0 0 0 0 0 0 0 0 0 0 0 0 0 0 0 0 0 0 0 0 0 0 0 0 0 0 
0 1.86241e-05 2.58114e-06 1.60968e-05 4.40952e-05 2.94333e-05 3.27289e-05 6.65767e-05 5.57708e-05 5.34886e-05 9.45786e-05 8.25141e-05 6.29909e-05 0.000103442 0.000119731 0.000122031 0.000132861 0.000124375 0.000148116 0.000165184 0.00015759 0.000180073 0.000190808 0.00021303 0.000230667 0.000225009 0.000266902 0.000269843 0.000270032 0.000319504 0.000319335 0.000346538 0.000380405 0.000405104 0.000451613 0.000461272 0.000525732 0.000572724 0.000600153 0.000686882 0.000751531 0.000857058 0.000954855 0.00109637 0.00129618 0.00147507 0.00173744 0.00202187 0.00237483 0.00274508 0.00312293 0.00356381 0.00395449 0.00432891 0.00458002 0.0047476 0.00476623 0.00456999 0.00417226 0.00351571 0.00270269 0.0016632 0.000498159 -0.000787557 -0.00207387 -0.00328534 -0.0043872 -0.00529261 -0.00602349 -0.00646594 -0.00668481 -0.00661779 -0.00637983 -0.00596024 -0.00544666 -0.00484708 -0.00420481 -0.00356544 -0.00294018 -0.00239818 -0.00190337 -0.00152098 -0.00117534 -0.000930336 -0.000699222 -0.000550812 -0.000402686 -0.000322657 -0.000235559 -0.000201663 -0.000155013 -0.000146991 -0.000122821 -0.000125871 -0.000112356 -0.000118595 -0.000109709 -0.000116174 -0.000109261 -0.000115381 -0.000109174 -0.000115224 -0.000108829 -0.000115166 -0.000107482 -0.000113879 -0.000102752 -0.000107083 -8.75308e-05 -8.33787e-05 -4.5016e-05 -1.91955e-05 5.49643e-05 0.00012188 0.00025244 0.000382159 0.000590365 0.000808658 0.00112393 0.00147096 0.00193374 0.00244594 0.00306072 0.00370269 0.00437835 0.0050257 0.00561899 0.00613363 0.00650217 0.00671906 0.00667214 0.00639942 0.00581964 0.00504043 0.00402261 0.00286553 0.00156957 0.000228288 -0.00106144 -0.00225364 -0.00324846 -0.00409872 -0.00469311 -0.00508707 -0.00522186 -0.00518721 -0.00501949 -0.00471437 -0.0043509 -0.00390213 -0.0035049 -0.00309231 -0.00271015 -0.00236546 -0.00205853 -0.00183996 -0.00159951 -0.00143069 -0.00128747 -0.00117108 -0.00108003 -0.000967772 -0.000931118 -0.000862779 -0.000801939 -0.000773665 -0.000727893 -0.000715156 -0.000665954 -0.00065255 -0.000648421 -0.000595132 -0.000597827 -0.0005784 -0.000547159 -0.000542602 -0.000520274 -0.000523811 -0.000503947 -0.000484949 -0.000502402 -0.000480953 -0.000471927 -0.000462758 -0.000431755 -0.000459181 -0.00046114 -0.000414618 -0.000429042 -0.000446857 -0.000421528 -0.000420474 -0.000425935 -0.000404501 -0.000400626 -0.000417139 -0.00041392 -0.000407699 -0.000411821 -0.000403658 
0 2.58114e-06 4.34488e-05 4.4766e-05 4.18837e-05 8.33134e-05 8.9209e-05 8.83807e-05 0.000126881 0.000131023 0.000135216 0.000173442 0.000190575 0.000208292 0.000209467 0.000207124 0.000265344 0.000287221 0.000277754 0.00032539 0.000349127 0.000357486 0.00039362 0.000412116 0.00043396 0.000467106 0.000507107 0.000542583 0.000568906 0.000626903 0.000671478 0.000697791 0.000759412 0.000821746 0.000871569 0.000936942 0.001033 0.00113241 0.00122751 0.00136528 0.00154038 0.00172533 0.00194151 0.00223493 0.00259219 0.00299582 0.00347881 0.00407032 0.00475575 0.00548385 0.00627006 0.00709946 0.00791041 0.00861136 0.0091315 0.00944582 0.00945239 0.00907499 0.00823941 0.00697261 0.00530676 0.0032688 0.000933445 -0.0016028 -0.00414351 -0.00656577 -0.00872317 -0.0105561 -0.0119617 -0.0128798 -0.0132809 -0.0131878 -0.0127003 -0.0118855 -0.0108632 -0.0096663 -0.00840582 -0.00711335 -0.00589959 -0.00478542 -0.00383405 -0.00302775 -0.00237354 -0.00184101 -0.00141441 -0.00108013 -0.000815464 -0.000624575 -0.0004757 -0.000384103 -0.000309571 -0.000276714 -0.000241312 -0.000236793 -0.000217835 -0.000224509 -0.000211037 -0.000221411 -0.000209356 -0.000220751 -0.000208926 -0.000220405 -0.00020841 -0.000219221 -0.000206241 -0.000214433 -0.000197485 -0.000197286 -0.000167639 -0.000144808 -8.28845e-05 -1.01393e-05 0.00011687 0.000278522 0.000511292 0.000805008 0.00118731 0.00166385 0.00225683 0.00299196 0.00387635 0.00493275 0.00611793 0.00741783 0.00873176 0.0100273 0.0111938 0.0122034 0.0129362 0.0133295 0.0132573 0.012675 0.0115682 0.00998438 0.00800487 0.00568367 0.00314326 0.000492488 -0.00206284 -0.00440311 -0.00641406 -0.00806103 -0.00928613 -0.0100419 -0.0103596 -0.0103013 -0.00997623 -0.00940977 -0.0086712 -0.0078428 -0.0070167 -0.00622536 -0.00545731 -0.00476269 -0.0041712 -0.00367701 -0.00323703 -0.00286302 -0.00257958 -0.00235021 -0.00214067 -0.00196872 -0.00185031 -0.00174204 -0.00163241 -0.00154757 -0.00149008 -0.0014185 -0.00134348 -0.00130674 -0.00126088 -0.00120719 -0.00117495 -0.00114943 -0.00112104 -0.00108276 -0.0010681 -0.00104414 -0.00100025 -0.00100163 -0.000976181 -0.000929253 -0.00094122 -0.000939974 -0.000915352 -0.000895273 -0.000876761 -0.000888192 -0.000875414 -0.000841303 -0.000847691 -0.000842392 -0.000829358 -0.000842769 -0.000835166 -0.000816984 -0.000813971 -0.000808571 -0.000806207 -0.000812329 
0 1.60968e-05 4.4766e-05 6.51516e-05 8.28214e-05 0.000111227 0.000131286 0.000149483 0.000178958 0.000200121 0.000220571 0.000247933 0.000268371 0.000298067 0.000330401 0.000351842 0.000385487 0.000413957 0.000434731 0.000477452 0.000511593 0.00053825 0.000586676 0.000628353 0.000664757 0.000713744 0.000763058 0.000811146 0.000861497 0.000926874 0.000995247 0.00105541 0.00114151 0.0012369 0.00132316 0.00143277 0.00156451 0.00170885 0.00186714 0.00206644 0.00232105 0.00260384 0.00294958 0.00339152 0.0039252 0.00455299 0.00529111 0.00618009 0.00718897 0.00828213 0.00945101 0.0106579 0.0118292 0.0128333 0.0135876 0.0140037 0.0139687 0.013365 0.01211 0.0102235 0.00773488 0.00471659 0.00125923 -0.00245758 -0.00620524 -0.00976954 -0.0129648 -0.0156673 -0.0177395 -0.019102 -0.0197035 -0.0196007 -0.018893 -0.017718 -0.0162007 -0.0144486 -0.0125756 -0.0106785 -0.00887303 -0.00722538 -0.00579993 -0.0045926 -0.00360706 -0.00280094 -0.00216122 -0.0016496 -0.00125789 -0.000958391 -0.000743237 -0.00059009 -0.000488706 -0.000422637 -0.000382157 -0.000358605 -0.000344484 -0.000337968 -0.000333065 -0.000332288 -0.000329996 -0.000330881 -0.000329158 -0.000330277 -0.000328362 -0.00032855 -0.000324986 -0.00032121 -0.000311048 -0.000294453 -0.000263854 -0.000213028 -0.000131941 -6.62161e-06 0.000174339 0.00043122 0.00077348 0.00122618 0.00179783 0.00252345 0.00341747 0.00452525 0.00585415 0.00742468 0.00919123 0.0111055 0.0130598 0.0149629 0.0166991 0.0181683 0.0192447 0.0197885 0.0196711 0.0187966 0.0171677 0.0148303 0.0118994 0.00847627 0.00472544 0.000839922 -0.00293675 -0.00639474 -0.00939672 -0.0118426 -0.0136725 -0.0148251 -0.0153408 -0.0153071 -0.0148434 -0.014036 -0.0129685 -0.0117737 -0.0105506 -0.0093679 -0.00823836 -0.00720965 -0.00632488 -0.00556624 -0.00491575 -0.00436116 -0.00392132 -0.00356266 -0.0032474 -0.0029921 -0.00278803 -0.00261674 -0.00245791 -0.0023265 -0.00222881 -0.00212601 -0.00203475 -0.00196689 -0.00189879 -0.00183257 -0.00177357 -0.0017267 -0.0016766 -0.00162444 -0.00159418 -0.00155696 -0.00151465 -0.00149486 -0.00146704 -0.00143457 -0.00141416 -0.0013879 -0.00136602 -0.00134931 -0.00132957 -0.0013164 -0.00130084 -0.00128677 -0.00128048 -0.00126691 -0.00125372 -0.00124583 -0.00123607 -0.00123114 -0.00122848 -0.00122701 -0.00122567 -0.00121529 
0 4.40952e-05 4.18837e-05 8.28214e-05 0.000132942 0.000132007 0.000168783 0.000220611 0.000224101 0.000261995 0.000314684 0.000326134 0.000354857 0.000392848 0.000439003 0.000493348 0.000501457 0.000537625 0.000608161 0.000631466 0.000675337 0.000734828 0.00077436 0.000840173 0.000895914 0.00095091 0.00102233 0.0010828 0.00116358 0.00124158 0.00132225 0.00143074 0.00152987 0.00164731 0.00178463 0.0019285 0.00210245 0.00229503 0.00252635 0.00280432 0.00312838 0.00353127 0.00401536 0.00460512 0.00532263 0.00617087 0.00718214 0.00835112 0.00967337 0.0111255 0.012654 0.0142155 0.0156901 0.0169672 0.0179096 0.0183808 0.0182577 0.0173867 0.0157152 0.0132044 0.00992207 0.00594881 0.00143493 -0.00338554 -0.00826464 -0.0128975 -0.0170849 -0.0205962 -0.0233084 -0.0250836 -0.0259016 -0.0258073 -0.0249203 -0.0234183 -0.0214377 -0.0191659 -0.0167059 -0.0142436 -0.0118611 -0.0097073 -0.00780147 -0.00620391 -0.00486919 -0.00379461 -0.00292516 -0.00224133 -0.00171003 -0.00130579 -0.00101478 -0.00080173 -0.000666889 -0.0005678 -0.000518892 -0.000475701 -0.000465839 -0.00044484 -0.000449777 -0.000435876 -0.000445605 -0.000433497 -0.000444449 -0.000432522 -0.000442998 -0.00043 -0.000437276 -0.000419309 -0.000415669 -0.000380851 -0.000346426 -0.000266264 -0.000159948 1.81411e-05 0.000262025 0.000612059 0.00107534 0.00168293 0.0024592 0.00342954 0.00464266 0.00611445 0.00789727 0.00995653 0.0122918 0.0147775 0.0173442 0.0198112 0.0220832 0.0239696 0.0253426 0.0260021 0.0258081 0.0246551 0.0225203 0.0194855 0.0156451 0.0111966 0.00631222 0.00128794 -0.00362561 -0.00814764 -0.0120933 -0.0153239 -0.0177361 -0.0193141 -0.0200645 -0.0201128 -0.0195615 -0.0185568 -0.0172287 -0.0157079 -0.0141313 -0.0125671 -0.0110965 -0.00975006 -0.00855829 -0.00753277 -0.0066526 -0.00592104 -0.00530818 -0.00480112 -0.00438905 -0.00403903 -0.00375269 -0.00351021 -0.00330491 -0.00313558 -0.00297556 -0.00284911 -0.0027374 -0.00262498 -0.00253915 -0.0024516 -0.00237567 -0.00230662 -0.00223313 -0.00218564 -0.00212441 -0.00207475 -0.00204467 -0.00198125 -0.00195262 -0.00193787 -0.00188176 -0.00184597 -0.00182154 -0.00180692 -0.00179288 -0.00174107 -0.00172955 -0.00173957 -0.0016994 -0.00168578 -0.00168719 -0.00165313 -0.00164726 -0.00165669 -0.00163877 -0.00163155 -0.00163587 -0.00162399 
0 2.94333e-05 8.33134e-05 0.000111227 0.000132007 0.000185401 0.000225082 0.000245362 0.000296232 0.000343728 0.000359411 0.000412501 0.000482665 0.000502484 0.000531989 0.00058545 0.000634029 0.000702566 0.000750167 0.000789725 0.000864658 0.000925121 0.000979951 0.00104072 0.0011143 0.0012033 0.0012659 0.00136716 0.00147828 0.00155402 0.00168139 0.00180522 0.00192708 0.00207633 0.00223687 0.00244618 0.00264361 0.00289894 0.00322359 0.00356224 0.00399766 0.00450841 0.0051496 0.00590278 0.00678932 0.00789448 0.00915138 0.0106137 0.0122326 0.0140154 0.0158971 0.0177397 0.019495 0.0209649 0.0220482 0.0225137 0.0222316 0.0210802 0.0189479 0.0158532 0.0117781 0.00692245 0.00142228 -0.0044081 -0.0103057 -0.0159415 -0.0210146 -0.0253044 -0.0285768 -0.030773 -0.0317906 -0.0317525 -0.0307221 -0.0289389 -0.02655 -0.023785 -0.0208053 -0.0177884 -0.014894 -0.0122203 -0.00987868 -0.00785596 -0.00619915 -0.00481837 -0.00373871 -0.00285342 -0.00219617 -0.00166734 -0.00130661 -0.00102226 -0.00085323 -0.000717847 -0.000654748 -0.000595851 -0.000580813 -0.000554688 -0.000557243 -0.000543036 -0.000550658 -0.000540127 -0.000548735 -0.00053861 -0.000546654 -0.000534156 -0.000538671 -0.000517409 -0.000508796 -0.000461941 -0.000415125 -0.000305219 -0.000169292 6.96804e-05 0.000374686 0.000834002 0.00140895 0.00219663 0.00316179 0.00441185 0.00592147 0.00779375 0.00999114 0.012558 0.0153976 0.0184475 0.0215516 0.0245585 0.0272984 0.0295586 0.0311732 0.031894 0.0316137 0.0301607 0.0275817 0.023871 0.0192265 0.0138111 0.00792112 0.00185535 -0.00408992 -0.00958735 -0.0144418 -0.0183978 -0.0214167 -0.0234101 -0.0244675 -0.0246463 -0.0240757 -0.022954 -0.0214085 -0.0196524 -0.0177388 -0.0158477 -0.0140458 -0.0123879 -0.01091 -0.00958163 -0.00849014 -0.00754752 -0.00675872 -0.0061013 -0.00555844 -0.00513884 -0.00474127 -0.00443652 -0.00418677 -0.00395416 -0.00376098 -0.00357704 -0.00344757 -0.00330051 -0.003165 -0.00308504 -0.00297355 -0.0028841 -0.0028165 -0.00274323 -0.00267549 -0.00259978 -0.00255859 -0.00250483 -0.00243089 -0.00239903 -0.00236014 -0.00232848 -0.00230777 -0.00224695 -0.00221671 -0.00222146 -0.00218182 -0.00213739 -0.00213138 -0.00211736 -0.00209205 -0.00209488 -0.0020879 -0.00205444 -0.00204911 -0.00204402 -0.00202399 -0.00204015 
0 3.27289e-05 8.9209e-05 0.000131286 0.000168783 0.000225082 0.00026726 0.000301392 0.000358618 0.00040902 0.000443888 0.000498665 0.000553389 0.000597197 0.000663973 0.000725654 0.000770078 0.000834145 0.000896958 0.000956406 0.00103269 0.00110806 0.00118473 0.00126555 0.00136031 0.00145584 0.00153522 0.00165269 0.00177369 0.00187449 0.00202368 0.00218093 0.0023374 0.0025211 0.00273289 0.00298209 0.00323122 0.00354725 0.00394222 0.00436883 0.00489846 0.00554592 0.00634065 0.00727116 0.00836905 0.00971504 0.0112498 0.0129861 0.0149051 0.0169917 0.0191633 0.0212554 0.0231962 0.0248066 0.0259255 0.0263178 0.0258178 0.0243322 0.0217433 0.0180505 0.0132576 0.00757101 0.00120581 -0.00553124 -0.0123244 -0.0188438 -0.024718 -0.0296881 -0.0334946 -0.0360636 -0.0373178 -0.0373463 -0.0362464 -0.0342254 -0.0315001 -0.0282972 -0.0248528 -0.0213393 -0.0179614 -0.0148128 -0.0120295 -0.00960833 -0.00760042 -0.00593234 -0.00460772 -0.00353981 -0.00272379 -0.00208855 -0.00162828 -0.00128851 -0.00105932 -0.000901515 -0.000803033 -0.000740995 -0.000704148 -0.000684351 -0.000671332 -0.000667275 -0.000661743 -0.000662625 -0.000658819 -0.000660321 -0.000655738 -0.000654176 -0.000644423 -0.000631306 -0.000603503 -0.000557125 -0.000479582 -0.000353545 -0.000164817 0.000119817 0.000513567 0.00106485 0.00178302 0.00273284 0.00392247 0.00543543 0.00727632 0.00952757 0.0121573 0.015193 0.0185226 0.0220813 0.0256793 0.0291687 0.0323129 0.034897 0.0366794 0.037437 0.0370203 0.0352977 0.0322811 0.0279823 0.0226002 0.0163385 0.00955501 0.00256414 -0.00428904 -0.0106883 -0.0163589 -0.0210349 -0.0246319 -0.0270862 -0.0284821 -0.0288568 -0.0283546 -0.0271735 -0.0255045 -0.0235426 -0.021372 -0.0191824 -0.0170767 -0.0151311 -0.0133591 -0.011767 -0.0104319 -0.00928694 -0.00831351 -0.00748966 -0.00681771 -0.00627873 -0.00578613 -0.00539193 -0.00507398 -0.0047891 -0.00454212 -0.00432598 -0.00416332 -0.00399261 -0.00383421 -0.00372588 -0.0035988 -0.00348055 -0.00338805 -0.00329749 -0.00321322 -0.00313136 -0.00307195 -0.00301139 -0.00294524 -0.00290433 -0.00284733 -0.00278841 -0.00276051 -0.00271684 -0.00267183 -0.00265228 -0.00261964 -0.00258585 -0.00257641 -0.0025535 -0.00251799 -0.00250638 -0.00249106 -0.00246795 -0.00247511 -0.00247429 -0.00245008 -0.00244835 
0 6.65767e-05 8.83807e-05 0.000149483 0.000220611 0.000245362 0.000301392 0.000378021 0.000410778 0.000462477 0.0005441 0.000591849 0.000635647 0.000702988 0.000776553 0.000852383 0.000904537 0.000965515 0.00106489 0.00113553 0.0012064 0.00130613 0.00138474 0.00148929 0.00159868 0.00169066 0.00182358 0.00194404 0.00207712 0.00223383 0.00237796 0.0025756 0.00276223 0.00297115 0.00324645 0.00351139 0.00384893 0.00423375 0.00469248 0.0052514 0.00587401 0.00668872 0.00763209 0.00874894 0.0100906 0.0116429 0.0134699 0.0154539 0.0176649 0.0200216 0.02241 0.0247252 0.0267605 0.0284561 0.029506 0.0297552 0.0289909 0.0271114 0.0240706 0.0197603 0.0143304 0.00787377 0.000762853 -0.00677029 -0.0143407 -0.0216042 -0.0281921 -0.0337289 -0.0380473 -0.0409357 -0.04246 -0.0425625 -0.0414586 -0.0392523 -0.036257 -0.0326871 -0.0288233 -0.024884 -0.0210382 -0.017471 -0.0142302 -0.0114463 -0.00905101 -0.00711859 -0.00550969 -0.00427762 -0.00326958 -0.00254291 -0.00195721 -0.0015724 -0.00126438 -0.00109047 -0.000945062 -0.000883181 -0.000819155 -0.000806609 -0.000777048 -0.000782123 -0.000764997 -0.000774961 -0.000761188 -0.000771524 -0.000756154 -0.000763152 -0.000738778 -0.00073255 -0.000681196 -0.000635649 -0.000517188 -0.000377653 -0.000118977 0.00020512 0.000711827 0.00134417 0.00223694 0.00333373 0.00478599 0.00654195 0.00875195 0.0113497 0.0144323 0.0178813 0.02169 0.0256805 0.0297289 0.0336148 0.0370931 0.0399251 0.041798 0.0425563 0.041951 0.0399853 0.0365315 0.0317436 0.0256983 0.0187416 0.0111871 0.00341381 -0.00421037 -0.0114068 -0.0177766 -0.0231514 -0.0272881 -0.0302508 -0.0320073 -0.0326545 -0.0323205 -0.0311651 -0.0294853 -0.0273643 -0.0250397 -0.0225969 -0.020228 -0.0180135 -0.0159377 -0.0141142 -0.0124915 -0.0111376 -0.0099606 -0.0089549 -0.00815641 -0.0074554 -0.00689513 -0.0064019 -0.00600017 -0.00567542 -0.00535323 -0.0051167 -0.00489087 -0.00468681 -0.00452336 -0.00435004 -0.00422459 -0.00409074 -0.00396393 -0.00387552 -0.00376394 -0.0036826 -0.00360504 -0.00350932 -0.00345828 -0.00339941 -0.00332588 -0.00327002 -0.00321777 -0.00319122 -0.00315032 -0.00308037 -0.00306145 -0.00305178 -0.00299631 -0.00297043 -0.00296619 -0.00292737 -0.00290912 -0.00291377 -0.00288557 -0.00286958 -0.00287914 -0.00286147 
0 5.57708e-05 0.000126881 0.000178958 0.000224101 0.000296232 0.000358618 0.000410778 0.000483726 0.000545464 0.000603337 0.000675383 0.000749204 0.000833234 0.000883916 0.000935855 0.00105551 0.00113987 0.00120329 0.00131363 0.00139854 0.00149676 0.00161202 0.0017058 0.00183103 0.00195677 0.00209714 0.00225051 0.00239366 0.00258671 0.00276889 0.00296433 0.00321123 0.00345817 0.00376094 0.00409538 0.00449211 0.00497057 0.00550587 0.00617914 0.00696088 0.0079062 0.00903803 0.0103575 0.0119364 0.013734 0.0157958 0.0180651 0.0205156 0.0230977 0.025654 0.0280889 0.0301888 0.0318239 0.0327467 0.0327475 0.0316704 0.0293723 0.0258308 0.0209685 0.0149207 0.00784486 6.59575e-05 -0.00810686 -0.0163301 -0.0242017 -0.0313604 -0.0374046 -0.0421388 -0.0453738 -0.0471252 -0.0473806 -0.046284 -0.0439972 -0.040786 -0.0369398 -0.0327237 -0.0284088 -0.02416 -0.0201804 -0.016537 -0.0133585 -0.0106195 -0.00836835 -0.00651401 -0.0050581 -0.00389642 -0.00302207 -0.00234756 -0.00186744 -0.00151374 -0.00128056 -0.00111791 -0.00102047 -0.000955946 -0.000921363 -0.000899385 -0.000888837 -0.000882327 -0.000879092 -0.000876662 -0.000874049 -0.000869513 -0.0008618 -0.000845818 -0.000819595 -0.000769817 -0.000692486 -0.000560836 -0.000367979 -7.02976e-05 0.000340517 0.000925646 0.00169314 0.0027236 0.00402699 0.00570419 0.00776177 0.0102989 0.0132849 0.0167663 0.0206366 0.0248571 0.0292446 0.0336687 0.0378717 0.041614 0.0445891 0.0465193 0.0471885 0.0464178 0.0441601 0.0403493 0.0351017 0.0285364 0.0210036 0.0128264 0.00442385 -0.00386509 -0.0116916 -0.0187083 -0.0246759 -0.0293858 -0.032844 -0.0350128 -0.036003 -0.0359042 -0.0349188 -0.0332687 -0.0311146 -0.0286777 -0.026069 -0.0234879 -0.0209975 -0.0186808 -0.0165912 -0.014719 -0.0131185 -0.0117226 -0.010557 -0.00956899 -0.00873276 -0.00806016 -0.0074692 -0.00698902 -0.00657101 -0.00621871 -0.00592319 -0.00563367 -0.00541571 -0.00520711 -0.00501025 -0.00485534 -0.00470081 -0.00457726 -0.00444508 -0.00433026 -0.00424121 -0.00412526 -0.0040505 -0.00396771 -0.00386392 -0.00382682 -0.00377727 -0.00369747 -0.00364102 -0.00359864 -0.00357026 -0.00351819 -0.00346331 -0.00344483 -0.00341131 -0.00338191 -0.00337691 -0.0033516 -0.00332444 -0.00330785 -0.0032902 -0.00328333 -0.00328375 
0 5.34886e-05 0.000131023 0.000200121 0.000261995 0.000343728 0.00040902 0.000462477 0.000545464 0.00061942 0.000685945 0.000767018 0.000836533 0.000926726 0.00101882 0.00109026 0.00119813 0.00128117 0.00135267 0.00148963 0.00158821 0.00168459 0.0018373 0.00195098 0.00208252 0.00224019 0.00238363 0.00255395 0.00272289 0.00293373 0.00315956 0.00337462 0.0036761 0.00398365 0.00431415 0.00473195 0.00519691 0.00575889 0.00639535 0.00717929 0.00813753 0.00922591 0.0105563 0.0121104 0.0139214 0.0159806 0.0182634 0.0208041 0.0234635 0.0262011 0.0288694 0.0313275 0.0334139 0.0348758 0.0355748 0.0352525 0.0337977 0.0310613 0.0269949 0.0216315 0.0150309 0.00745784 -0.000867116 -0.00954433 -0.0182685 -0.0266123 -0.0341975 -0.0406715 -0.0457492 -0.0493268 -0.0512958 -0.0517457 -0.0507028 -0.048414 -0.0450733 -0.0410313 -0.0365473 -0.0319081 -0.0273206 -0.0229495 -0.0189459 -0.0153671 -0.012305 -0.00971171 -0.00761937 -0.00591184 -0.00459989 -0.00355378 -0.00279266 -0.00219826 -0.00179988 -0.00149348 -0.0013138 -0.00117175 -0.00110675 -0.0010452 -0.00103072 -0.00100245 -0.00100629 -0.000989245 -0.000997798 -0.000981959 -0.000987999 -0.000964478 -0.000956823 -0.000907337 -0.000859139 -0.000743144 -0.00059832 -0.000340619 -4.38446e-06 0.000509703 0.00117193 0.00209664 0.00326289 0.00480016 0.00669804 0.00908361 0.0119327 0.0153191 0.0191636 0.0234431 0.0280171 0.0327604 0.0374785 0.0419242 0.0458369 0.0488716 0.050795 0.0513228 0.0503775 0.0478159 0.0436983 0.0380463 0.0310923 0.0231103 0.0144711 0.00557754 -0.00323675 -0.0115586 -0.0191258 -0.0256063 -0.0308847 -0.0348331 -0.0374633 -0.0388459 -0.0390716 -0.0383576 -0.0368236 -0.0347366 -0.0322516 -0.0295653 -0.0268177 -0.0240954 -0.0215653 -0.0192183 -0.0171202 -0.0152549 -0.0136429 -0.0122964 -0.0111051 -0.010122 -0.00929882 -0.00860709 -0.00802304 -0.00750352 -0.00711229 -0.00674687 -0.00641494 -0.00616567 -0.00591954 -0.00570759 -0.00550789 -0.005335 -0.00519027 -0.00501707 -0.00490291 -0.00479379 -0.00465382 -0.0045832 -0.00449783 -0.00439254 -0.00432742 -0.00424866 -0.00418158 -0.00412313 -0.00405848 -0.0040199 -0.0039662 -0.00392179 -0.0039077 -0.00386207 -0.00381979 -0.00379763 -0.00376307 -0.00374912 -0.00374659 -0.00373277 -0.00372004 -0.00370219 
0 9.45786e-05 0.000135216 0.000220571 0.000314684 0.000359411 0.000443888 0.0005441 0.000603337 0.000685945 0.00078062 0.000861964 0.000949504 0.00102221 0.00112589 0.00124916 0.0013211 0.00142349 0.0015561 0.00166099 0.00178656 0.00190366 0.00203807 0.00220202 0.00232906 0.00250614 0.00269798 0.00286161 0.00309073 0.0033172 0.00355751 0.00384104 0.00414642 0.00452194 0.00490704 0.00538148 0.0059659 0.00659632 0.00737934 0.00830601 0.00941869 0.0107154 0.0122203 0.0140332 0.0160652 0.0183547 0.020879 0.0236085 0.0264654 0.0292748 0.0319923 0.0344078 0.0363563 0.0375972 0.0379451 0.0372687 0.0353611 0.0321658 0.0275891 0.021738 0.0147006 0.00669109 -0.00201332 -0.0110991 -0.0201531 -0.0288416 -0.0367268 -0.0435234 -0.0489126 -0.0527711 -0.0549982 -0.0556205 -0.0547233 -0.052462 -0.0491099 -0.0449286 -0.0402698 -0.0353592 -0.0304813 -0.0257655 -0.0214102 -0.0174714 -0.0140602 -0.0111571 -0.00877813 -0.00684969 -0.00533193 -0.00414783 -0.00324607 -0.00257331 -0.00208012 -0.00173646 -0.00149444 -0.00134296 -0.00123722 -0.00118291 -0.00113987 -0.00112695 -0.00110771 -0.00110899 -0.00109603 -0.00109861 -0.00108198 -0.00107437 -0.00103931 -0.000998628 -0.000912086 -0.000789896 -0.000586657 -0.000297043 0.000128368 0.000712563 0.00150725 0.00255727 0.00391782 0.0056594 0.00783267 0.0105143 0.0137108 0.0174555 0.0216649 0.0263007 0.0311901 0.0362271 0.0411528 0.0457681 0.049726 0.0527638 0.054567 0.0549492 0.0537611 0.0509392 0.0465126 0.0405538 0.0333098 0.0250196 0.016088 0.00683045 -0.00232099 -0.0110435 -0.0189995 -0.0259474 -0.0317232 -0.0361678 -0.0392953 -0.0411028 -0.0417703 -0.0413814 -0.0401167 -0.0381723 -0.0357499 -0.0330725 -0.0302046 -0.027346 -0.0245851 -0.0220272 -0.0196852 -0.0175518 -0.0157292 -0.0141364 -0.0127771 -0.0116068 -0.010629 -0.00983855 -0.00911788 -0.00853864 -0.00805153 -0.0076195 -0.00725581 -0.00691792 -0.00665916 -0.00640055 -0.00616256 -0.00599297 -0.00579425 -0.00563254 -0.00549871 -0.00535266 -0.00523642 -0.00510605 -0.00500993 -0.00493341 -0.00481278 -0.00473557 -0.00467931 -0.00460701 -0.00454921 -0.00447186 -0.0044276 -0.0044069 -0.00432701 -0.00428762 -0.00429021 -0.00423041 -0.00420126 -0.00421243 -0.00416197 -0.0041366 -0.00415984 -0.00412953 
0 8.25141e-05 0.000173442 0.000247933 0.000326134 0.000412501 0.000498665 0.000591849 0.000675383 0.000767018 0.000861964 0.000942276 0.00105686 0.0011689 0.00124746 0.00135396 0.0014705 0.00160051 0.0017337 0.00183342 0.00198068 0.00213834 0.00226776 0.00244067 0.00260638 0.00278975 0.00300279 0.00320154 0.00345305 0.00370892 0.00398507 0.00432088 0.00466749 0.00509148 0.00556055 0.00611016 0.00678466 0.00753211 0.00845409 0.00954112 0.0108225 0.0123298 0.0140596 0.0161028 0.0183728 0.0208865 0.0236259 0.0265167 0.0294815 0.032324 0.034989 0.0372707 0.0389751 0.0398898 0.0398284 0.0387063 0.0363232 0.0326359 0.0275883 0.0213049 0.013915 0.00559357 -0.00337501 -0.0127033 -0.0219613 -0.030834 -0.0389157 -0.0459319 -0.0515817 -0.0556946 -0.0581759 -0.0590075 -0.0582943 -0.0561521 -0.0528587 -0.0486473 -0.0438768 -0.0387803 -0.0336514 -0.0286464 -0.023961 -0.0196898 -0.0159342 -0.0127216 -0.010049 -0.00788336 -0.00615194 -0.00480869 -0.00376379 -0.00299112 -0.00240591 -0.00200384 -0.00170639 -0.00152542 -0.0013893 -0.00132365 -0.00126502 -0.00125016 -0.00122242 -0.00122545 -0.00120622 -0.00121089 -0.00118671 -0.00117832 -0.00112995 -0.00108043 -0.000967558 -0.000820125 -0.000567509 -0.000225698 0.00028353 0.000958937 0.00188569 0.00308275 0.00464317 0.00660837 0.00906402 0.0120479 0.0155891 0.0196728 0.0242283 0.0291737 0.0343433 0.0395975 0.0446725 0.049351 0.0532816 0.0562206 0.0578556 0.0580375 0.0566012 0.0535249 0.0488295 0.0426446 0.0352048 0.0267547 0.0176568 0.00820821 -0.00115701 -0.0101345 -0.0183843 -0.0257126 -0.0319267 -0.0368646 -0.0404919 -0.0427974 -0.043944 -0.0439775 -0.0430683 -0.0413726 -0.039114 -0.0364994 -0.0336137 -0.0306626 -0.0277372 -0.0249816 -0.0224105 -0.0200495 -0.0179851 -0.0161574 -0.0145969 -0.0132379 -0.0120918 -0.0111456 -0.0103093 -0.00963165 -0.0090394 -0.00853868 -0.00811886 -0.00772652 -0.00741763 -0.00712368 -0.00686529 -0.00665147 -0.00643287 -0.00626483 -0.00608788 -0.00592511 -0.00581256 -0.00566487 -0.00553655 -0.00543804 -0.00534245 -0.00526673 -0.00516267 -0.00507858 -0.00503348 -0.0049635 -0.00490007 -0.00484317 -0.0047894 -0.00475733 -0.00471432 -0.00468791 -0.00466891 -0.00462035 -0.00460281 -0.00459259 -0.00456145 -0.00457107 
0 6.29909e-05 0.000190575 0.000268371 0.000354857 0.000482665 0.000553389 0.000635647 0.000749204 0.000836533 0.000949504 0.00105686 0.00114548 0.00127625 0.00139336 0.00150264 0.00163977 0.00175621 0.00188603 0.00203472 0.00218377 0.00235963 0.00251563 0.00269113 0.00291023 0.00309231 0.00330944 0.0035708 0.00381753 0.00411458 0.00444633 0.00481583 0.0052397 0.00570541 0.00627825 0.00692367 0.00767071 0.00858459 0.00963846 0.010902 0.0123742 0.0140889 0.016085 0.0183228 0.0208406 0.0235646 0.0264733 0.0294905 0.0324634 0.0352989 0.0378037 0.0398562 0.0412201 0.0417098 0.0412011 0.0395448 0.0366794 0.0324786 0.027015 0.0203653 0.0126987 0.0041931 -0.00493667 -0.0143335 -0.0236853 -0.0325872 -0.0407761 -0.0479119 -0.0537651 -0.0581065 -0.0608249 -0.06191 -0.0614025 -0.0594775 -0.0562946 -0.0521692 -0.0473392 -0.0421498 -0.0368059 -0.0315717 -0.0265809 -0.0220055 -0.0179193 -0.0143937 -0.0114318 -0.00900326 -0.00706272 -0.00552611 -0.00434926 -0.00344087 -0.00278126 -0.00228509 -0.00195424 -0.00170904 -0.00156779 -0.00145768 -0.00141101 -0.00136258 -0.0013552 -0.0013292 -0.00133302 -0.00130904 -0.00130632 -0.00126569 -0.00123185 -0.00114052 -0.00102707 -0.000819533 -0.000540351 -0.000109971 0.000464197 0.00126806 0.00231387 0.00369518 0.00544938 0.00766995 0.0104034 0.0137025 0.0175748 0.0219796 0.0268554 0.0320601 0.0374733 0.0428597 0.0480305 0.0526564 0.0565003 0.059229 0.0606615 0.0605759 0.058897 0.0555654 0.0506506 0.0443154 0.0367642 0.0282934 0.0191397 0.00967977 0.000214987 -0.0088636 -0.0173215 -0.0249296 -0.0315091 -0.036918 -0.0410289 -0.0438992 -0.0455429 -0.0460908 -0.0456097 -0.0442748 -0.0422875 -0.0397967 -0.0370046 -0.0340107 -0.031006 -0.0280736 -0.025295 -0.0227476 -0.020419 -0.0183749 -0.016575 -0.0150261 -0.0137018 -0.0125503 -0.0116093 -0.0107945 -0.0100967 -0.00951789 -0.00901506 -0.00859665 -0.00820691 -0.00788213 -0.00761176 -0.00732425 -0.00709756 -0.00690129 -0.00669218 -0.0065228 -0.00636728 -0.00623341 -0.0061072 -0.0059724 -0.00587707 -0.00577052 -0.0056644 -0.00559909 -0.00550385 -0.00542792 -0.00538229 -0.00530436 -0.00527588 -0.00524279 -0.00514794 -0.00513006 -0.00511453 -0.00504393 -0.00506215 -0.00506255 -0.00499287 -0.00501072 
0 0.000103442 0.000208292 0.000298067 0.000392848 0.000502484 0.000597197 0.000702988 0.000833234 0.000926726 0.00102221 0.0011689 0.00127625 0.00136681 0.00152231 0.00166252 0.00178113 0.00193291 0.0020813 0.00224164 0.00241332 0.00257332 0.00275902 0.0029648 0.00318371 0.00340841 0.00365244 0.00394803 0.00423799 0.0045551 0.00494631 0.00536037 0.00582952 0.00638326 0.00704041 0.00779639 0.00866668 0.00973645 0.0109784 0.0124157 0.0141024 0.0160515 0.0182755 0.0207291 0.0234426 0.0263577 0.029385 0.0324398 0.0353807 0.0380984 0.0403861 0.0420952 0.043038 0.04305 0.042019 0.0398185 0.0364175 0.0317507 0.0259012 0.0189638 0.0111048 0.00250043 -0.00664319 -0.0160048 -0.0252899 -0.0341392 -0.0423114 -0.0495022 -0.0554848 -0.0600184 -0.062974 -0.0643149 -0.064077 -0.0624011 -0.0594318 -0.0554398 -0.0506568 -0.0454144 -0.0399373 -0.0345004 -0.0292569 -0.0243941 -0.019999 -0.0161663 -0.0129073 -0.0102156 -0.0080408 -0.00631417 -0.00497444 -0.00394153 -0.00317527 -0.00260262 -0.0022058 -0.00191847 -0.00173999 -0.00161077 -0.00154494 -0.00149046 -0.00147307 -0.00144657 -0.00144322 -0.00141904 -0.00140701 -0.00136141 -0.00131014 -0.00120195 -0.00105436 -0.000808346 -0.000467696 3.39092e-05 0.000708526 0.0016295 0.00282982 0.00439178 0.00637179 0.00884871 0.0118774 0.0154869 0.0196792 0.0243876 0.0295399 0.0349747 0.040555 0.04603 0.0511886 0.0557061 0.059347 0.0618194 0.0629605 0.0625883 0.0606341 0.0570695 0.0519808 0.0455538 0.0379966 0.0295828 0.0205293 0.0111675 0.00177629 -0.00730115 -0.0158441 -0.0236377 -0.0305074 -0.0363101 -0.04092 -0.0443405 -0.0465513 -0.0476452 -0.0476853 -0.0468184 -0.0451901 -0.0429512 -0.0403074 -0.0373867 -0.034353 -0.0312949 -0.0283507 -0.0256017 -0.0230536 -0.020758 -0.0187221 -0.0169725 -0.0154407 -0.0141128 -0.0130142 -0.0120733 -0.0112653 -0.0105692 -0.00999639 -0.00950079 -0.0090396 -0.00867098 -0.00834644 -0.00803937 -0.00777726 -0.0075479 -0.00734615 -0.00714327 -0.0069648 -0.00681319 -0.00665753 -0.00653321 -0.00640235 -0.00627052 -0.00619992 -0.0061105 -0.0059947 -0.00593145 -0.00587496 -0.00579154 -0.0057226 -0.00568033 -0.00564063 -0.00559121 -0.00555989 -0.00553858 -0.00549413 -0.00546805 -0.00546994 -0.00544975 
0 0.000119731 0.000209467 0.000330401 0.000439003 0.000531989 0.000663973 0.000776553 0.000883916 0.00101882 0.00112589 0.00124746 0.00139336 0.00152231 0.00166608 0.00179328 0.00193232 0.00212432 0.00227889 0.0024378 0.00263451 0.0028168 0.00303397 0.00325368 0.0034762 0.0037465 0.00401589 0.00432898 0.00466866 0.0050275 0.00547662 0.00595031 0.00649112 0.00714765 0.00789276 0.00877253 0.00978898 0.0110149 0.0124514 0.014079 0.0159973 0.0181837 0.0206269 0.0233003 0.026186 0.0292534 0.0323381 0.0353599 0.0381939 0.0406897 0.0426668 0.0439283 0.0443736 0.0438435 0.0422409 0.039479 0.0355375 0.030456 0.0242775 0.0171433 0.00917913 0.000584854 -0.00844479 -0.01765 -0.0267406 -0.0354509 -0.0435078 -0.050692 -0.0567345 -0.0614353 -0.0646197 -0.0662407 -0.066318 -0.0649434 -0.0622664 -0.0584729 -0.0538276 -0.048589 -0.0430554 -0.0374518 -0.0320098 -0.0268767 -0.0222032 -0.0180618 -0.0145117 -0.0115416 -0.00912239 -0.0071887 -0.00567141 -0.0045025 -0.00361484 -0.0029604 -0.00248322 -0.00215338 -0.00192388 -0.00177932 -0.00168151 -0.00162789 -0.00158859 -0.00157035 -0.00154839 -0.00153322 -0.0015004 -0.00145806 -0.00137733 -0.00125816 -0.00106362 -0.000781643 -0.000366245 0.000208316 0.000996975 0.00204243 0.0034113 0.00516737 0.00738443 0.0101314 0.0134533 0.0173754 0.021862 0.0268584 0.032237 0.0378688 0.0435435 0.0490537 0.0541105 0.0584566 0.0618119 0.0639762 0.0647718 0.0640848 0.0618499 0.0580709 0.0528681 0.0464087 0.0389383 0.0306587 0.0218251 0.0126734 0.0034881 -0.00547877 -0.0140101 -0.0218964 -0.0289862 -0.035112 -0.0402007 -0.0441592 -0.0469656 -0.0486412 -0.0492572 -0.0489369 -0.047749 -0.0458656 -0.0434494 -0.0406872 -0.0377016 -0.0345913 -0.031539 -0.0286141 -0.025881 -0.0233527 -0.0210826 -0.0191125 -0.0173572 -0.0158432 -0.0145515 -0.0134541 -0.0125218 -0.0117 -0.011036 -0.0104555 -0.00993704 -0.00951466 -0.0091245 -0.00879728 -0.00850013 -0.00822079 -0.00799726 -0.00777142 -0.00758181 -0.00740826 -0.00721829 -0.00709156 -0.00696723 -0.00682811 -0.00671746 -0.00660195 -0.00652271 -0.00644626 -0.00633998 -0.00628145 -0.00621754 -0.00614296 -0.00611965 -0.00606796 -0.00601065 -0.0059991 -0.00595361 -0.00591953 -0.00592937 -0.00590007 
0 0.000122031 0.000207124 0.000351842 0.000493348 0.00058545 0.000725654 0.000852383 0.000935855 0.00109026 0.00124916 0.00135396 0.00150264 0.00166252 0.00179328 0.00196207 0.00213415 0.00228376 0.00246702 0.00266172 0.00285764 0.00308311 0.00330948 0.00354558 0.00381232 0.00409533 0.00440636 0.00474103 0.0051198 0.00555928 0.00603555 0.00659135 0.00723635 0.00797487 0.00885023 0.00985699 0.0110499 0.0124543 0.0140706 0.0159432 0.0180761 0.0204944 0.0231486 0.0260035 0.0290506 0.0321752 0.0352663 0.0381795 0.0408139 0.0430107 0.0445581 0.0453273 0.0451939 0.0440853 0.0418816 0.038545 0.0341107 0.0286373 0.0222219 0.0149448 0.00698003 -0.00151233 -0.0103221 -0.019251 -0.0280679 -0.0365305 -0.0444219 -0.0515034 -0.057569 -0.0623815 -0.065795 -0.0677055 -0.0681268 -0.0671071 -0.0647629 -0.0612523 -0.0567922 -0.0516509 -0.0460976 -0.0404051 -0.0347843 -0.0294358 -0.0244889 -0.0200676 -0.0162171 -0.0129726 -0.0102933 -0.0081421 -0.00643524 -0.00511515 -0.00410206 -0.00334896 -0.00279429 -0.00240392 -0.00213152 -0.00195312 -0.00183549 -0.00176436 -0.00171794 -0.0016897 -0.00166491 -0.00164024 -0.00160165 -0.00154344 -0.00144578 -0.00129577 -0.00106293 -0.000724762 -0.000238203 0.000429194 0.00133496 0.00252411 0.00407278 0.00603925 0.00850978 0.0115313 0.0151576 0.0193727 0.024151 0.0293881 0.0349752 0.0407303 0.0464633 0.0519133 0.0568184 0.0608986 0.0639237 0.0657106 0.0661258 0.0650916 0.0625639 0.0586015 0.0533121 0.0469032 0.0395625 0.0315194 0.0229715 0.0141523 0.00527265 -0.00347166 -0.0118808 -0.0197814 -0.0269829 -0.0333853 -0.0388696 -0.0433557 -0.0467476 -0.049034 -0.0502825 -0.0505456 -0.0499104 -0.0484592 -0.046391 -0.0438629 -0.0410027 -0.0379456 -0.0348222 -0.0317849 -0.0288699 -0.0261439 -0.0236577 -0.0214277 -0.019468 -0.0177367 -0.0162494 -0.0149742 -0.0138794 -0.0129579 -0.0121548 -0.011481 -0.0109092 -0.0104003 -0.00996372 -0.00957888 -0.00924589 -0.00894143 -0.00865962 -0.00842802 -0.00820745 -0.00800679 -0.00784387 -0.00766795 -0.00751196 -0.00739561 -0.00725761 -0.00713404 -0.0070466 -0.00693204 -0.00683572 -0.00679315 -0.00672393 -0.00663795 -0.0065866 -0.00653502 -0.00648132 -0.00645341 -0.00643197 -0.00640409 -0.0063789 -0.00636253 
0 0.000132861 0.000265344 0.000385487 0.000501457 0.000634029 0.000770078 0.000904537 0.00105551 0.00119813 0.0013211 0.0014705 0.00163977 0.00178113 0.00193232 0.00213415 0.0023162 0.00247332 0.00268522 0.00290515 0.00310321 0.00333907 0.00359064 0.00385342 0.00415074 0.00447274 0.00482308 0.00519703 0.00563715 0.00613184 0.0066577 0.00730212 0.00804718 0.00889382 0.00990043 0.0110744 0.0124637 0.0140517 0.0158871 0.0180032 0.0203579 0.0229847 0.0258189 0.0288371 0.0319674 0.035085 0.0380984 0.0408267 0.043179 0.0449653 0.0460199 0.0462284 0.0454824 0.0437574 0.0409388 0.0370612 0.0321691 0.0263761 0.0197774 0.0124458 0.0045651 -0.00373127 -0.012224 -0.0207979 -0.0292498 -0.0374052 -0.0450527 -0.0519805 -0.0580077 -0.0629009 -0.0665288 -0.0687352 -0.069529 -0.0688914 -0.0669346 -0.0637524 -0.0595531 -0.0545651 -0.0490656 -0.0433296 -0.0375833 -0.0320487 -0.0268593 -0.0221713 -0.0180284 -0.0145072 -0.0115575 -0.00917979 -0.00726622 -0.00578793 -0.00463255 -0.00377834 -0.00313086 -0.00268114 -0.00235194 -0.00214368 -0.00199381 -0.00191136 -0.00184662 -0.00181583 -0.00177744 -0.00175073 -0.00169503 -0.00162716 -0.00149982 -0.00132288 -0.00103715 -0.000643853 -6.97232e-05 0.000693077 0.00173443 0.0030746 0.00482301 0.00701037 0.00974963 0.0130507 0.0169804 0.0214785 0.0265236 0.0319742 0.0377212 0.043555 0.0492738 0.0546042 0.0592763 0.0630379 0.0656688 0.0670442 0.0670379 0.0656402 0.0628157 0.0586891 0.0533587 0.0470454 0.039905 0.0321519 0.0239754 0.0155589 0.00708328 -0.00134523 -0.00953083 -0.0173455 -0.0245843 -0.0311735 -0.0369946 -0.0419391 -0.0459044 -0.0488107 -0.0507184 -0.0516156 -0.0515862 -0.0506798 -0.0490489 -0.046853 -0.0442028 -0.0412804 -0.0381786 -0.0350614 -0.0320114 -0.0291087 -0.0264243 -0.0239477 -0.0217569 -0.0198222 -0.0181246 -0.0166565 -0.0153911 -0.0143355 -0.0133993 -0.012598 -0.0119411 -0.0113502 -0.010839 -0.0104 -0.0100224 -0.00968426 -0.00937547 -0.00912213 -0.00886871 -0.00863577 -0.00846288 -0.00826959 -0.00807651 -0.00794515 -0.00782187 -0.00767952 -0.00756369 -0.00747976 -0.00738168 -0.00727688 -0.00720213 -0.00713767 -0.00707294 -0.00702408 -0.00698004 -0.00693445 -0.00689702 -0.00686909 -0.00684817 -0.0068336 
0 0.000124375 0.000287221 0.000413957 0.000537625 0.000702566 0.000834145 0.000965515 0.00113987 0.00128117 0.00142349 0.00160051 0.00175621 0.00193291 0.00212432 0.00228376 0.00247332 0.00269081 0.00290996 0.00313809 0.00335995 0.00362375 0.0039154 0.00419058 0.00451424 0.00487694 0.00525258 0.0056886 0.0061855 0.00673866 0.00736479 0.00810133 0.0089674 0.0099444 0.0110917 0.0124609 0.0140279 0.0158204 0.0178874 0.0202296 0.0228159 0.0256168 0.0286249 0.0317603 0.0349017 0.0379556 0.0407891 0.0432652 0.0452191 0.0465026 0.0469964 0.0465784 0.0452043 0.042819 0.0394184 0.0350352 0.0297583 0.0237224 0.0170035 0.00972591 0.00200308 -0.00598305 -0.0141001 -0.0222365 -0.0302677 -0.0380573 -0.0453996 -0.0521398 -0.0580701 -0.0630385 -0.0668473 -0.0693781 -0.0705436 -0.0703331 -0.0687902 -0.0659928 -0.0621119 -0.0573388 -0.0519639 -0.0462282 -0.0404178 -0.0347156 -0.0293309 -0.0243724 -0.019967 -0.0161456 -0.012939 -0.0103006 -0.00818621 -0.00651603 -0.00522363 -0.00424005 -0.00350579 -0.00297384 -0.00259424 -0.00233781 -0.0021626 -0.0020542 -0.00197867 -0.00193303 -0.00188893 -0.00184835 -0.00178329 -0.00169252 -0.00154278 -0.00132277 -0.000991102 -0.000522678 0.000132151 0.00101513 0.00218564 0.00370705 0.00564844 0.00808876 0.0110833 0.0146874 0.0188906 0.0236767 0.0289403 0.0345881 0.0404309 0.0463026 0.051931 0.0570817 0.0614537 0.0648414 0.0670439 0.0679667 0.0675366 0.0657496 0.0626606 0.0583736 0.0530641 0.0468762 0.0400049 0.0325932 0.024848 0.0169007 0.00887948 0.000864183 -0.00703225 -0.0146517 -0.0218724 -0.0285641 -0.034652 -0.0399899 -0.0444711 -0.0480057 -0.0505564 -0.0521278 -0.052727 -0.0524387 -0.0513364 -0.0495466 -0.0472147 -0.0444934 -0.0415231 -0.0383999 -0.0352719 -0.0322511 -0.0293837 -0.0267068 -0.0242694 -0.0221146 -0.0202025 -0.0185062 -0.0170587 -0.0158239 -0.0147484 -0.0138254 -0.0130467 -0.012385 -0.0117951 -0.01129 -0.0108661 -0.0104645 -0.0101186 -0.0098307 -0.00954958 -0.00929623 -0.00907124 -0.0088823 -0.0087146 -0.00852637 -0.00837406 -0.00825015 -0.00811403 -0.00800982 -0.00790274 -0.00778876 -0.00772253 -0.00765222 -0.00757316 -0.00752466 -0.00747003 -0.00741466 -0.00738298 -0.00735367 -0.00732641 -0.00731304 
