0 0 0 0 0 0 0 0 0 0 0 0 0 0 0 0 0 0 0 0 0 0 0 0 0 0 0 0 0 0 0 0 0 0 0 0 0 0 0 0 0 0 0 0 0 0 0 0 0 0 0 0 0 0 0 0 0 0 0 0 0 0 0 0 0 0 0 0 0 0 0 0 0 0 0 0 0 0 0 0 0 0 0 0 0 0 0 0 0 0 0 0 0 0 0 0 0 0 0 0 0 0 0 0 0 0 0 0 0 0 0 0 0 0 0 0 0 0 0 0 0 0 0 0 0 0 0 0 0 0 0 0 0 0 0 0 0 0 0 0 0 0 0 0 0 0 0 0 0 0 0 0 0 0 0 0 0 0 0 0 0 0 0 0 0 0 0 0 0 0 0 0 0 0 0 0 0 0 0 0 0 0 0 0 0 0 0 0 0 0 0 0 0 0 0 0 0 0 0 0 
0 3.65854e-05 1.70974e-05 4.39611e-05 7.431e-05 4.6201e-05 7.27686e-05 0.000129675 0.000119475 0.000120738 0.000156396 0.00016943 0.000187922 0.000205356 0.000209649 0.000247067 0.000287291 0.000293311 0.000314627 0.000357208 0.000377323 0.000399606 0.000451469 0.000496195 0.000538097 0.000599223 0.000669211 0.000746788 0.000821689 0.000933595 0.00108355 0.00122095 0.00141739 0.00166877 0.00193834 0.00226066 0.00261028 0.00302843 0.00345993 0.00386303 0.00429517 0.00466349 0.00495812 0.00511046 0.00509192 0.00493097 0.00450687 0.00386583 0.00297881 0.00190729 0.000709726 -0.000639858 -0.00199368 -0.00334241 -0.00453201 -0.0055499 -0.0063678 -0.00691926 -0.00724823 -0.00725832 -0.00707279 -0.00666119 -0.0061413 -0.00552866 -0.00485008 -0.00417808 -0.00347716 -0.00287323 -0.00229064 -0.00184383 -0.00143845 -0.00113951 -0.000882824 -0.000681929 -0.000532413 -0.000397106 -0.000326491 -0.000238875 -0.000221419 -0.000165513 -0.000176048 -0.000138665 -0.000158476 -0.000132164 -0.000150906 -0.000132777 -0.000146143 -0.000135241 -0.000142146 -0.000137805 -0.000138625 -0.000139961 -0.00013567 -0.0001416 -0.000133366 -0.000142746 -0.000131737 -0.000143459 -0.000130773 -0.000143799 -0.000130454 -0.000143799 -0.000130773 -0.000143459 -0.000131737 -0.000142746 -0.000133365 -0.000141599 -0.000135668 -0.000139955 -0.000138609 -0.000137763 -0.000142038 -0.000134974 -0.000145505 -0.000131311 -0.000147674 -0.000125322 -0.000144588 -0.000111656 -0.00012576 -7.59185e-05 -6.87162e-05 1.01622e-05 6.25122e-05 0.00018603 0.000309227 0.00049311 0.000713389 0.000983518 0.00134075 0.00174672 0.00228469 0.00285838 0.00355147 0.00423142 0.00495514 0.00562116 0.00624089 0.00676961 0.00712442 0.00730483 0.00717988 0.00683057 0.00618108 0.00532363 0.0042375 0.00295533 0.00158451 0.000151015 -0.00117861 -0.00243832 -0.00353027 -0.00442584 -0.00509386 -0.00548175 -0.0057007 -0.0057043 -0.0055508 -0.00525502 -0.00485957 -0.00446582 -0.00401356 -0.00356956 -0.00315779 -0.00278585 -0.00247435 -0.00216384 -0.00192268 -0.00173748 -0.00155143 -0.00140528 -0.0012869 -0.00119452 -0.00111038 -0.00102997 -0.000991086 -0.00094808 -0.000890475 -0.000866724 -0.000843905 -0.000795242 -0.000765883 -0.000757949 -0.000734536 -0.000712972 -0.000699981 -0.000683453 -0.000687491 -0.000677337 -0.000630341 -0.000625037 -0.000648512 -0.000632013 -0.00061821 -0.000623713 -0.000609153 -0.000598816 -0.000605371 -0.000603117 
0 1.70974e-05 4.87815e-05 9.03482e-05 0.000112212 0.000147557 0.000194252 0.000190423 0.000211798 0.000288743 0.000307069 0.000316869 0.000381755 0.000420609 0.00045355 0.000498983 0.000530064 0.000586394 0.000638847 0.00069562 0.00077693 0.000822775 0.00090618 0.00101241 0.00106897 0.00119226 0.00134173 0.00147429 0.00167044 0.00189411 0.00217798 0.00250034 0.00286496 0.00336724 0.00390913 0.00452296 0.00525606 0.00605033 0.00691294 0.00774196 0.00856137 0.00931802 0.00985704 0.0101587 0.0101195 0.00973588 0.00891315 0.00758925 0.00585173 0.00371764 0.0013194 -0.0013113 -0.004024 -0.00663447 -0.00901772 -0.0110166 -0.0126289 -0.0137433 -0.0143547 -0.0144334 -0.0140323 -0.0132742 -0.0122263 -0.0110292 -0.00969544 -0.00834288 -0.00699528 -0.0057507 -0.00464455 -0.00369969 -0.00293199 -0.00229219 -0.00179824 -0.00138033 -0.0010739 -0.000815128 -0.000641456 -0.000500289 -0.000415576 -0.000351689 -0.000315636 -0.000293811 -0.000277778 -0.000275411 -0.00026483 -0.000270772 -0.00026043 -0.000269977 -0.000258831 -0.000269994 -0.000258271 -0.000270084 -0.000258178 -0.000270122 -0.000258299 -0.000270118 -0.000258481 -0.000270096 -0.000258626 -0.000270079 -0.000258681 -0.000270079 -0.000258626 -0.000270096 -0.000258481 -0.000270117 -0.000258298 -0.000270121 -0.000258173 -0.000270071 -0.000258234 -0.000269898 -0.000258586 -0.000269377 -0.000259012 -0.000267552 -0.000257801 -0.000260681 -0.000248165 -0.000236743 -0.000210288 -0.000165478 -0.000100465 1.03974e-05 0.000152044 0.000369394 0.000630512 0.000994529 0.00142413 0.00199054 0.00266993 0.00352861 0.00454981 0.00574299 0.00707069 0.00845919 0.00987312 0.0112046 0.0124442 0.0134573 0.014191 0.0144893 0.0142871 0.0135541 0.0122901 0.0105781 0.00840435 0.00590144 0.00315004 0.000362474 -0.00231286 -0.00479271 -0.00694841 -0.00874365 -0.0100343 -0.010865 -0.0112769 -0.0113068 -0.0110289 -0.0104409 -0.00972127 -0.00891282 -0.00804612 -0.00718765 -0.00634658 -0.00563176 -0.00496802 -0.00435952 -0.00388069 -0.00346165 -0.00312462 -0.00282507 -0.00258321 -0.00242417 -0.00223351 -0.0020913 -0.0020009 -0.00187862 -0.00179463 -0.00172229 -0.001656 -0.0016141 -0.00155197 -0.00151925 -0.00148153 -0.00141895 -0.00141644 -0.0013847 -0.00131342 -0.0013242 -0.001331 -0.00128546 -0.00126964 -0.00125466 -0.00123154 -0.0012338 -0.0012271 -0.0012181 -0.00122006 -0.00120457 
0 4.39611e-05 9.03482e-05 0.000128542 0.000163681 0.000216138 0.000268178 0.000302035 0.000351304 0.000413023 0.000453366 0.000500477 0.000565471 0.000619514 0.000679041 0.000748556 0.000813949 0.000890624 0.000969252 0.00105102 0.00115059 0.00124732 0.00136397 0.0015061 0.00164143 0.00181635 0.00203009 0.00225324 0.00253813 0.00288396 0.00329436 0.00379265 0.00437717 0.00510084 0.00593699 0.00687308 0.00796 0.00913961 0.010381 0.0116235 0.0128008 0.0138621 0.0146316 0.0150266 0.0149561 0.014322 0.01307 0.0111083 0.00852349 0.00538515 0.00180855 -0.00205082 -0.00604222 -0.00987661 -0.0133831 -0.0163625 -0.0187251 -0.0203937 -0.0212808 -0.0214305 -0.0208615 -0.0197643 -0.0182408 -0.0164553 -0.0145044 -0.0124795 -0.0105102 -0.00864577 -0.00701443 -0.00559093 -0.00443722 -0.00347605 -0.00271841 -0.00210445 -0.00162227 -0.00125609 -0.00096964 -0.00078106 -0.000628639 -0.000552877 -0.000478597 -0.000460547 -0.000423884 -0.000428203 -0.000407616 -0.000417146 -0.000404043 -0.0004123 -0.000403931 -0.000409114 -0.000404545 -0.00040656 -0.00040518 -0.000404499 -0.000405678 -0.000402947 -0.000406017 -0.000401915 -0.00040621 -0.0004014 -0.000406273 -0.0004014 -0.00040621 -0.000401914 -0.000406017 -0.000402947 -0.000405677 -0.000404496 -0.000405171 -0.000406534 -0.000404477 -0.000408937 -0.000403486 -0.000411225 -0.000401544 -0.00041156 -0.000395611 -0.00040342 -0.00037478 -0.000367224 -0.000308563 -0.000255971 -0.000131752 1.63774e-05 0.000259204 0.000566265 0.000987308 0.00152009 0.00219019 0.00303935 0.00407303 0.00536698 0.00688333 0.00866874 0.0106101 0.0126822 0.0147447 0.01673 0.018529 0.020008 0.0210508 0.0214535 0.0211545 0.0200508 0.0182082 0.0156521 0.0124641 0.00878231 0.00475844 0.000679312 -0.00328712 -0.00693166 -0.0101377 -0.0127781 -0.0147286 -0.0160204 -0.0166631 -0.0167639 -0.0163726 -0.0155769 -0.0145446 -0.0133466 -0.0120899 -0.0108172 -0.00959886 -0.00851107 -0.00751332 -0.00663988 -0.00589752 -0.00526659 -0.00474773 -0.00429401 -0.00392992 -0.00364099 -0.0033747 -0.0031667 -0.00299712 -0.00284064 -0.00271632 -0.00260231 -0.00250428 -0.00242183 -0.00233723 -0.00227428 -0.00221556 -0.00215044 -0.00211342 -0.00207464 -0.00202033 -0.00199163 -0.0019676 -0.00192874 -0.0019042 -0.00188873 -0.00186958 -0.00185403 -0.00183807 -0.00182594 -0.00182093 -0.00181362 
0 7.431e-05 0.000112212 0.000163681 0.0002441 0.000282703 0.000321977 0.000431859 0.000498679 0.000514226 0.00060636 0.000699121 0.000745134 0.000828758 0.000908479 0.000993988 0.00110998 0.00118959 0.00129826 0.00142612 0.00152579 0.00168982 0.00184464 0.00199816 0.00224136 0.00245975 0.00272573 0.00307731 0.00344091 0.00392487 0.00448058 0.00514534 0.00598552 0.00691033 0.00803745 0.00931882 0.0107187 0.0122836 0.0138659 0.0154874 0.0170006 0.0182742 0.0192439 0.0196691 0.0195163 0.0186037 0.0168659 0.0143067 0.0108831 0.00679713 0.00210807 -0.00291653 -0.00805452 -0.0130499 -0.017574 -0.0214972 -0.0245616 -0.0267442 -0.0279224 -0.0281333 -0.027476 -0.0260588 -0.0241345 -0.0217867 -0.0192612 -0.0166113 -0.0140357 -0.0116079 -0.00943247 -0.00757038 -0.00599032 -0.00472955 -0.00367463 -0.00287238 -0.00220108 -0.001719 -0.0013256 -0.00106475 -0.00086537 -0.000741928 -0.000660374 -0.000606183 -0.00058455 -0.000556821 -0.000561338 -0.000540316 -0.000555219 -0.000534528 -0.000553368 -0.000532055 -0.000552202 -0.000530761 -0.000551052 -0.000530027 -0.000549958 -0.000529619 -0.000549063 -0.000529408 -0.000548481 -0.00052932 -0.00054828 -0.00052932 -0.000548481 -0.000529408 -0.000549063 -0.000529618 -0.000549956 -0.000530022 -0.000551036 -0.000530715 -0.000552081 -0.000531748 -0.000552612 -0.000532738 -0.000551139 -0.000531366 -0.000542461 -0.000518561 -0.000510081 -0.000467065 -0.000411017 -0.000313135 -0.000157764 5.68107e-05 0.000384541 0.000795752 0.00137756 0.00207726 0.00301065 0.00412688 0.00555308 0.00724877 0.00928813 0.0116102 0.014163 0.0168629 0.0195463 0.022151 0.0244486 0.026367 0.0276321 0.0281358 0.0276963 0.0262585 0.0238573 0.0204939 0.0163714 0.0115677 0.00640914 0.00110648 -0.00405049 -0.00879978 -0.0130099 -0.0164314 -0.0190692 -0.0208186 -0.0217505 -0.0219623 -0.0214997 -0.0205953 -0.0192852 -0.0177691 -0.0161565 -0.0144986 -0.0129553 -0.0114695 -0.0101571 -0.00901794 -0.00798877 -0.00715711 -0.00642139 -0.00582237 -0.00533845 -0.00488449 -0.00456601 -0.00427779 -0.00400964 -0.00383365 -0.00364264 -0.00349116 -0.00337047 -0.00322688 -0.00313896 -0.00304299 -0.00295069 -0.00290644 -0.00281071 -0.00274827 -0.00274869 -0.0026671 -0.00258878 -0.0025876 -0.00255862 -0.00251835 -0.00250443 -0.00247741 -0.00245311 -0.00244101 -0.00242772 -0.00242579 
0 4.6201e-05 0.000147557 0.000216138 0.000282703 0.000386067 0.000444248 0.000499139 0.000598558 0.000677829 0.000765182 0.000866018 0.000938036 0.00104725 0.00117141 0.00125255 0.00136343 0.00150366 0.00163793 0.00178644 0.0019494 0.00214273 0.0023381 0.00254698 0.00283133 0.00312882 0.00346498 0.00391263 0.0044235 0.00502512 0.00574995 0.00662476 0.00766985 0.00884982 0.0102429 0.0118435 0.0135799 0.0154518 0.0173862 0.0193208 0.0210971 0.0225566 0.0236041 0.0240363 0.0237094 0.0224685 0.0202466 0.0170516 0.0128749 0.00786084 0.00217107 -0.00391127 -0.0100946 -0.0160952 -0.0215832 -0.0263258 -0.0300709 -0.032713 -0.0341794 -0.0344948 -0.0337691 -0.032136 -0.0298287 -0.027018 -0.0239371 -0.0207345 -0.0175886 -0.0146259 -0.011945 -0.00962111 -0.0076468 -0.0060353 -0.00471332 -0.00367281 -0.00283804 -0.00220425 -0.0017163 -0.00136494 -0.00111422 -0.00094328 -0.000835632 -0.000762116 -0.000726384 -0.000695669 -0.000689788 -0.000674359 -0.000678806 -0.000668033 -0.000675384 -0.000666135 -0.000673926 -0.000665539 -0.00067301 -0.000665378 -0.000672338 -0.000665379 -0.00067186 -0.000665426 -0.000671573 -0.000665463 -0.000671477 -0.000665463 -0.000671573 -0.000665426 -0.00067186 -0.000665377 -0.000672334 -0.000665367 -0.00067298 -0.00066546 -0.00067372 -0.00066562 -0.000674144 -0.000665158 -0.000672387 -0.000660565 -0.000661279 -0.000639039 -0.000618314 -0.000564055 -0.000487085 -0.000354206 -0.00015748 0.000130121 0.000535895 0.00107548 0.00179535 0.00270342 0.00386952 0.00530441 0.00708974 0.00922409 0.0117454 0.0145966 0.0177174 0.0209912 0.0242688 0.0274056 0.0301842 0.0324322 0.0338987 0.0344265 0.0338449 0.032086 0.0291421 0.0250665 0.0200465 0.0142746 0.00806566 0.00168275 -0.00455279 -0.0103402 -0.015442 -0.0196511 -0.0229195 -0.0251718 -0.0264376 -0.0267963 -0.0263834 -0.0253979 -0.0239312 -0.0221589 -0.0202329 -0.0182784 -0.0163873 -0.0145663 -0.0129283 -0.0114899 -0.0102138 -0.0091187 -0.00818697 -0.00743401 -0.00678872 -0.00622658 -0.0058008 -0.00542642 -0.00509006 -0.00482468 -0.0045947 -0.00439651 -0.00421386 -0.00407254 -0.00396203 -0.00381973 -0.00371493 -0.00364596 -0.00354109 -0.00345933 -0.00339684 -0.00332901 -0.00330174 -0.00325979 -0.00318872 -0.00315872 -0.00313179 -0.00309213 -0.00308585 -0.00307388 -0.0030441 -0.00303997 
0 7.27686e-05 0.000194252 0.000268178 0.000321977 0.000444248 0.000548653 0.000610535 0.000723221 0.000838032 0.000917991 0.00103361 0.00114968 0.0012556 0.00140369 0.00153008 0.00165503 0.00183915 0.00199345 0.00215396 0.00237952 0.00259081 0.00283551 0.00313417 0.00345423 0.0038502 0.00428548 0.00481186 0.00547611 0.0062003 0.00710374 0.00820383 0.00944911 0.0109242 0.0125921 0.0144909 0.0165599 0.0186944 0.0209381 0.0230996 0.0250448 0.0266238 0.0276435 0.0280105 0.0274345 0.0258295 0.0231293 0.0192984 0.0144352 0.00856079 0.00198953 -0.00502516 -0.0121375 -0.019005 -0.0253659 -0.0308197 -0.0351975 -0.0382613 -0.0400142 -0.0404693 -0.0397088 -0.0379396 -0.0352954 -0.0321034 -0.0285123 -0.0248191 -0.0211469 -0.0176811 -0.0145278 -0.0117375 -0.00938675 -0.007399 -0.00582171 -0.00451795 -0.00352967 -0.00272817 -0.00214979 -0.00170104 -0.00139457 -0.00117794 -0.00103259 -0.000949455 -0.000883289 -0.000864994 -0.000829622 -0.000838113 -0.000811809 -0.000829913 -0.000805592 -0.000826579 -0.000802915 -0.000824284 -0.000801472 -0.000822309 -0.000800609 -0.000820675 -0.000800099 -0.000819507 -0.00079983 -0.000818901 -0.000799747 -0.000818901 -0.00079983 -0.000819507 -0.000800098 -0.000820672 -0.000800602 -0.000822289 -0.00080142 -0.000824148 -0.000802571 -0.000825736 -0.000803606 -0.000825404 -0.000801953 -0.000817377 -0.000787664 -0.000783371 -0.000730699 -0.000675367 -0.000559498 -0.000392888 -0.000140918 0.000228596 0.000719718 0.00140706 0.00226617 0.00341276 0.0048096 0.00659784 0.008733 0.0113241 0.0142981 0.0176579 0.0212963 0.0250837 0.0288957 0.0324738 0.0356683 0.0381432 0.0397555 0.0402375 0.0394953 0.0374208 0.0339718 0.0292804 0.0234585 0.0168724 0.00974262 0.00243949 -0.0047325 -0.0114483 -0.0173492 -0.0223276 -0.0262014 -0.0289899 -0.0306458 -0.0312305 -0.0309727 -0.0299669 -0.028439 -0.0264858 -0.0243079 -0.0221076 -0.0198846 -0.0177842 -0.0158373 -0.0140981 -0.0125916 -0.011225 -0.0100963 -0.00915207 -0.00831878 -0.00764914 -0.00707344 -0.00660413 -0.0062126 -0.00585091 -0.00558899 -0.00534399 -0.00510181 -0.00494042 -0.00477208 -0.00460848 -0.00449605 -0.00437204 -0.00427323 -0.00419827 -0.00409306 -0.0040235 -0.0039797 -0.00389797 -0.0038405 -0.00381965 -0.00377546 -0.00373258 -0.00371385 -0.00368985 -0.00366615 -0.00366049 
0 0.000129675 0.000190423 0.000302035 0.000431859 0.000499139 0.000610535 0.000758029 0.000854866 0.000963695 0.00108996 0.00121254 0.00136704 0.00149502 0.00161971 0.00181015 0.00198224 0.00214797 0.00235861 0.00256745 0.00280931 0.00308222 0.00337394 0.00373598 0.00413427 0.00459699 0.005161 0.00580402 0.0065861 0.00750814 0.00859574 0.00990208 0.011398 0.0131286 0.0150909 0.0172567 0.0195969 0.0220131 0.0244618 0.0267938 0.0288304 0.0304195 0.0313668 0.031519 0.0306487 0.0286304 0.0254194 0.021 0.0154473 0.00885446 0.00150439 -0.00628746 -0.0141684 -0.021792 -0.028841 -0.0349382 -0.039831 -0.0433097 -0.0453447 -0.04596 -0.0452482 -0.0433757 -0.040526 -0.0369931 -0.0330116 -0.0288687 -0.0247411 -0.020815 -0.0172012 -0.0139845 -0.0112194 -0.00888965 -0.00699728 -0.00546023 -0.00426357 -0.00331591 -0.00260966 -0.00206989 -0.00169122 -0.00141823 -0.00123973 -0.0011221 -0.00104802 -0.00100723 -0.000977585 -0.000968977 -0.000954238 -0.000957461 -0.000946362 -0.000953725 -0.000943057 -0.000951954 -0.00094119 -0.000950719 -0.00093996 -0.000949773 -0.000939152 -0.000949116 -0.000938691 -0.000948778 -0.000938541 -0.000948777 -0.000938691 -0.000949115 -0.000939151 -0.000949769 -0.000939947 -0.000950686 -0.000941101 -0.000951726 -0.000942492 -0.000952373 -0.000943243 -0.000950529 -0.000939402 -0.000938423 -0.000917058 -0.000891946 -0.00083694 -0.000750595 -0.000610971 -0.000394089 -8.36201e-05 0.000366869 0.0009667 0.0017832 0.00282456 0.00417909 0.00586223 0.00796654 0.0104979 0.0135012 0.0169361 0.0207556 0.0248655 0.0291203 0.0333653 0.0373415 0.0408198 0.0434883 0.0451392 0.0455555 0.0446139 0.0422192 0.0383358 0.0330759 0.0266217 0.0193117 0.0114382 0.00335282 -0.00460848 -0.0120858 -0.0187386 -0.0243856 -0.0288775 -0.0321825 -0.0342621 -0.0351899 -0.0351352 -0.0342479 -0.0327249 -0.0307046 -0.0283965 -0.0259649 -0.0235051 -0.0211373 -0.0189054 -0.0168876 -0.0150894 -0.0134964 -0.0121392 -0.0109649 -0.00997918 -0.0091529 -0.00844113 -0.00786691 -0.00737204 -0.00695267 -0.00660745 -0.00629439 -0.00604523 -0.00581125 -0.00559209 -0.00544417 -0.00528666 -0.00512941 -0.00501965 -0.00491027 -0.00482548 -0.00473824 -0.00462123 -0.00457034 -0.0045403 -0.00445851 -0.004415 -0.00439711 -0.00433925 -0.00430999 -0.00431339 -0.00428458 
0 0.000119475 0.000211798 0.000351304 0.000498679 0.000598558 0.000723221 0.000854866 0.000960671 0.00111891 0.00128043 0.00139734 0.00156568 0.00174382 0.00189114 0.00209058 0.00228896 0.00247666 0.00273545 0.0030025 0.00327245 0.00360081 0.00396366 0.00438105 0.00485564 0.00541188 0.00610223 0.00688259 0.00780761 0.00894146 0.0102392 0.0117533 0.0135097 0.0155001 0.017733 0.0201409 0.0227116 0.0253627 0.0279437 0.0303533 0.0323941 0.0338983 0.0346761 0.0345121 0.0332781 0.030813 0.0270836 0.0220983 0.015911 0.00871474 0.000725255 -0.00768766 -0.0161876 -0.0244188 -0.0320052 -0.0386299 -0.0439502 -0.0478186 -0.0501343 -0.0509424 -0.0503304 -0.0484228 -0.0454622 -0.0416737 -0.0373996 -0.0328719 -0.0283565 -0.0240078 -0.0199679 -0.016341 -0.0131644 -0.010493 -0.00826703 -0.00649283 -0.00506338 -0.00396887 -0.00311236 -0.00248286 -0.0020136 -0.00168487 -0.00146033 -0.0013073 -0.00121895 -0.001153 -0.00112884 -0.00109829 -0.00109962 -0.00108079 -0.00109073 -0.00107526 -0.00108759 -0.00107326 -0.00108592 -0.00107237 -0.00108473 -0.00107193 -0.00108387 -0.0010717 -0.00108334 -0.00107161 -0.00108316 -0.00107161 -0.00108334 -0.0010717 -0.00108387 -0.00107192 -0.00108471 -0.00107232 -0.00108577 -0.00107289 -0.00108668 -0.00107313 -0.00108592 -0.00107033 -0.00107768 -0.00105406 -0.00104306 -0.000992992 -0.000931988 -0.000812326 -0.000638731 -0.000370987 1.42105e-05 0.000544899 0.00127452 0.0022203 0.00346883 0.0050347 0.00702714 0.00944899 0.0123827 0.015786 0.0196579 0.0239049 0.0284285 0.0330919 0.0376753 0.0419622 0.0456173 0.0483983 0.0500154 0.050316 0.0491487 0.0464291 0.0421652 0.0364262 0.0294799 0.0215903 0.0131298 0.00442638 -0.00415916 -0.0122435 -0.0195472 -0.0257964 -0.0308786 -0.0346951 -0.0372357 -0.0385874 -0.038832 -0.0381662 -0.0367476 -0.0347734 -0.0324343 -0.0298497 -0.0272121 -0.0246187 -0.0221401 -0.0198479 -0.0177583 -0.0159348 -0.0143349 -0.012928 -0.0117642 -0.010773 -0.00992152 -0.00921085 -0.0086079 -0.00811289 -0.00766735 -0.00728487 -0.00700002 -0.00671765 -0.00646753 -0.00628647 -0.00608937 -0.00592183 -0.00579559 -0.00564 -0.00551783 -0.00544038 -0.00534972 -0.00527122 -0.00519913 -0.0051218 -0.00507208 -0.00503467 -0.00499454 -0.00496567 -0.00494305 -0.00492279 
0 0.000120738 0.000288743 0.000413023 0.000514226 0.000677829 0.000838032 0.000963695 0.00111891 0.00128341 0.00143702 0.00160395 0.00177582 0.00197064 0.00218059 0.00238087 0.00261648 0.00286872 0.00312593 0.00344134 0.00376665 0.00412873 0.00459297 0.00508174 0.00564345 0.0063451 0.00713898 0.00807195 0.00917639 0.0104875 0.0120274 0.0137614 0.0157755 0.018054 0.0205135 0.0231601 0.0259192 0.0287076 0.0313619 0.0337191 0.0356716 0.0369848 0.0374671 0.0369351 0.0352521 0.0323388 0.0280964 0.0225728 0.0158581 0.00814467 -0.000310238 -0.00921218 -0.0181761 -0.0268553 -0.0348605 -0.0418632 -0.0475661 -0.0517634 -0.0543783 -0.0553983 -0.0549221 -0.0530655 -0.0500517 -0.0461349 -0.0416265 -0.0368186 -0.0319553 -0.027241 -0.0228086 -0.018785 -0.0152271 -0.0121903 -0.00965521 -0.00760129 -0.00596053 -0.00467829 -0.00368893 -0.00294038 -0.00238873 -0.00198912 -0.00171503 -0.00152594 -0.0014092 -0.0013303 -0.00128918 -0.00125856 -0.0012476 -0.00123466 -0.00123364 -0.00122636 -0.00122804 -0.0012226 -0.00122487 -0.00122028 -0.00122264 -0.00121867 -0.00122108 -0.00121761 -0.00122014 -0.00121709 -0.00121982 -0.00121709 -0.00122014 -0.00121761 -0.00122107 -0.00121866 -0.00122261 -0.00122019 -0.00122462 -0.001222 -0.00122661 -0.00122306 -0.00122635 -0.00121912 -0.00121571 -0.00119559 -0.00116956 -0.00111173 -0.00102509 -0.000876392 -0.000657097 -0.000327162 0.000134816 0.000773572 0.00162628 0.00274483 0.00418893 0.00601794 0.00830354 0.0110831 0.0143933 0.0182025 0.0224766 0.0271113 0.0320046 0.036981 0.0418352 0.0462914 0.0500461 0.0528162 0.054345 0.0544692 0.0530412 0.050017 0.0453945 0.0393096 0.0319805 0.0236956 0.014807 0.00565606 -0.00336031 -0.011926 -0.0197293 -0.0265335 -0.0321591 -0.0364869 -0.0395466 -0.0413602 -0.0420296 -0.0416688 -0.0404629 -0.0386458 -0.0363385 -0.0337217 -0.0309537 -0.0281887 -0.0255259 -0.02297 -0.0206427 -0.0185701 -0.016716 -0.0150971 -0.0136913 -0.0125192 -0.0115115 -0.0106282 -0.00993076 -0.00932901 -0.00879583 -0.00837051 -0.0079907 -0.00766481 -0.00738668 -0.00712684 -0.00691616 -0.00672519 -0.00655745 -0.00642396 -0.00627056 -0.00615163 -0.00607729 -0.00595345 -0.00585495 -0.00582856 -0.00575508 -0.0056727 -0.00566321 -0.00562867 -0.00556777 -0.00557423 
0 0.000156396 0.000307069 0.000453366 0.00060636 0.000765182 0.000917991 0.00108996 0.00128043 0.00143702 0.00160199 0.0018201 0.00202331 0.0022204 0.00245182 0.00269161 0.00296417 0.00325618 0.00355298 0.00391174 0.00430282 0.00473724 0.00526242 0.00583896 0.00652311 0.00734371 0.00827813 0.00939338 0.0106945 0.0122185 0.0139877 0.0159689 0.0182378 0.0207472 0.0234236 0.0262571 0.0291448 0.031998 0.0346245 0.036868 0.03862 0.0396342 0.0397345 0.0387462 0.0365774 0.0331693 0.0284223 0.0224121 0.0152486 0.00715327 -0.00163581 -0.010855 -0.020119 -0.0290837 -0.0373506 -0.0446207 -0.0506129 -0.0551114 -0.0580176 -0.0592794 -0.0589929 -0.0572578 -0.0542956 -0.0503478 -0.0457162 -0.040707 -0.0355684 -0.0305364 -0.0257469 -0.0213535 -0.0174204 -0.0140245 -0.0111623 -0.00881973 -0.00694156 -0.00545894 -0.00431551 -0.0034364 -0.00278899 -0.00230758 -0.00197741 -0.00174189 -0.00159608 -0.00149508 -0.00144085 -0.00140244 -0.00138566 -0.00137205 -0.00136749 -0.00136272 -0.00136102 -0.00135952 -0.00135798 -0.001358 -0.0013561 -0.00135705 -0.00135486 -0.00135645 -0.00135414 -0.00135614 -0.0013539 -0.00135614 -0.00135414 -0.00135644 -0.00135485 -0.00135703 -0.00135604 -0.00135784 -0.00135759 -0.00135857 -0.0013588 -0.00135771 -0.00135662 -0.00134936 -0.00134005 -0.00131419 -0.0012766 -0.00120097 -0.00108936 -0.000901258 -0.00063307 -0.000231383 0.000315172 0.00107033 0.00206 0.00335947 0.00501864 0.00711605 0.00971016 0.0128392 0.0165215 0.0207087 0.0253553 0.0303332 0.0355355 0.0407542 0.0457781 0.0503089 0.0540535 0.056736 0.0581077 0.0580159 0.0563121 0.0529888 0.0480689 0.0417172 0.0341406 0.025601 0.0164477 0.00701791 -0.00228151 -0.0111689 -0.0193578 -0.0266068 -0.0327213 -0.0375502 -0.0411288 -0.0434581 -0.0446069 -0.0446669 -0.0437933 -0.0422279 -0.0400796 -0.037526 -0.0347366 -0.0318609 -0.0290366 -0.0262809 -0.0237144 -0.0213887 -0.0192816 -0.0174327 -0.0158054 -0.0144157 -0.0132365 -0.0122049 -0.0113564 -0.0106315 -0.0100057 -0.00949649 -0.00903686 -0.00864747 -0.00832497 -0.00802826 -0.00778591 -0.00755791 -0.00734614 -0.00720086 -0.00705571 -0.00689193 -0.00676627 -0.00667423 -0.00658902 -0.00650009 -0.00642796 -0.00637648 -0.00631536 -0.00627305 -0.00625718 -0.00622502 
0 0.00016943 0.000316869 0.000500477 0.000699121 0.000866018 0.00103361 0.00121254 0.00139734 0.00160395 0.0018201 0.0020347 0.00225542 0.00249207 0.00275654 0.00303118 0.00331605 0.00365229 0.00402347 0.00441732 0.00488628 0.00541281 0.00598762 0.00668769 0.00750532 0.00843765 0.0095554 0.0108603 0.0123779 0.0141341 0.0161207 0.0183814 0.0208779 0.0235771 0.0264575 0.0294062 0.0323629 0.035178 0.0376756 0.0397348 0.0411519 0.0417764 0.0414066 0.0399048 0.0372338 0.0332904 0.0280857 0.0216465 0.0141393 0.0057899 -0.00321843 -0.0125788 -0.0220029 -0.0310833 -0.0394853 -0.0469202 -0.0531118 -0.0578869 -0.061051 -0.0625948 -0.0625261 -0.06099 -0.0581654 -0.0542778 -0.0496338 -0.0444902 -0.0391667 -0.0338497 -0.0287636 -0.0240162 -0.0197374 -0.0159868 -0.0127931 -0.0101593 -0.00801707 -0.00633496 -0.00500474 -0.00400289 -0.00322881 -0.00267623 -0.00226382 -0.00199116 -0.00179706 -0.00168011 -0.00160155 -0.00155747 -0.00153115 -0.00151461 -0.00150891 -0.00150023 -0.00150219 -0.00149472 -0.00149982 -0.00149193 -0.00149861 -0.00149022 -0.00149784 -0.00148916 -0.00149738 -0.00148864 -0.00149722 -0.00148864 -0.00149738 -0.00148915 -0.00149782 -0.00149018 -0.00149851 -0.00149168 -0.00149919 -0.00149323 -0.0014988 -0.00149273 -0.00149298 -0.00148201 -0.00146692 -0.00143566 -0.00137931 -0.00128994 -0.00113763 -0.000917251 -0.000576174 -0.000111585 0.000550387 0.00141483 0.00257728 0.00405698 0.00596603 0.00833593 0.0112564 0.0147333 0.0187724 0.0233243 0.028294 0.0335872 0.039015 0.0444161 0.0494934 0.0540065 0.0576314 0.0601361 0.0612911 0.0609221 0.0589482 0.0553221 0.0501774 0.0436311 0.0359276 0.0272865 0.0180205 0.00850382 -0.000946344 -0.00999528 -0.0184476 -0.0260323 -0.0325534 -0.0378867 -0.0419696 -0.0448583 -0.0465342 -0.0471025 -0.046692 -0.0454547 -0.0435848 -0.0411934 -0.0384812 -0.0355886 -0.0326306 -0.0297479 -0.0269763 -0.0244 -0.0220615 -0.0199608 -0.0181225 -0.0165001 -0.0151077 -0.0139375 -0.0129067 -0.0120344 -0.0113131 -0.0106815 -0.0101467 -0.00969953 -0.00931058 -0.00897197 -0.00867785 -0.00843078 -0.0082014 -0.0079764 -0.00780832 -0.00767274 -0.00752098 -0.00740962 -0.00731626 -0.00718799 -0.00711764 -0.00708517 -0.00699227 -0.006941 -0.00694598 -0.00689177 
0 0.000187922 0.000381755 0.000565471 0.000745134 0.000938036 0.00114968 0.00136704 0.00156568 0.00177582 0.00202331 0.00225542 0.002488 0.00278181 0.0030862 0.00337863 0.00372028 0.00410755 0.00451348 0.00497039 0.00551222 0.00612206 0.00680966 0.0076387 0.00860213 0.0096944 0.0109872 0.0125036 0.0142404 0.016211 0.0184502 0.0209627 0.0236688 0.0265507 0.0295675 0.0325929 0.0355174 0.0381869 0.0404768 0.042217 0.0432114 0.0433387 0.0424293 0.0404009 0.0371837 0.032737 0.0271054 0.0203282 0.0125974 0.00408538 -0.00499039 -0.0143723 -0.0237867 -0.0328475 -0.0412757 -0.0487658 -0.0551073 -0.0600838 -0.0635095 -0.0653317 -0.0655293 -0.064257 -0.0616376 -0.0579186 -0.0533309 -0.0481625 -0.0427031 -0.0371783 -0.0318283 -0.0267687 -0.0221698 -0.0180706 -0.0145614 -0.0116115 -0.00921405 -0.007295 -0.00578682 -0.00462764 -0.00373582 -0.00308583 -0.00259632 -0.00226981 -0.00202686 -0.00188711 -0.00177818 -0.0017306 -0.00168397 -0.00167372 -0.00165215 -0.00165368 -0.00164161 -0.00164544 -0.00163748 -0.00164088 -0.0016353 -0.00163787 -0.00163395 -0.00163592 -0.00163317 -0.00163496 -0.00163291 -0.00163495 -0.00163316 -0.00163591 -0.00163392 -0.00163781 -0.00163514 -0.00164048 -0.0016365 -0.00164316 -0.00163651 -0.00164265 -0.00162916 -0.00162759 -0.00159484 -0.0015649 -0.00148169 -0.00137646 -0.00117969 -0.000914424 -0.00050142 4.97258e-05 0.000822667 0.00183116 0.00316214 0.00486482 0.00702046 0.00969996 0.0129368 0.0167724 0.0211461 0.0260371 0.0312983 0.0368423 0.0424474 0.0479241 0.0529828 0.0573538 0.0607805 0.0630096 0.0638811 0.0631989 0.0609287 0.0570489 0.0517092 0.0450706 0.0373274 0.028728 0.0195169 0.0100623 0.000635973 -0.00846648 -0.0170311 -0.0248474 -0.0316983 -0.0374862 -0.0420976 -0.0455343 -0.0477966 -0.0489383 -0.0490743 -0.0482852 -0.0467586 -0.0446485 -0.0421071 -0.0392794 -0.0362898 -0.0333136 -0.0304113 -0.0276288 -0.0250562 -0.0227283 -0.0206467 -0.0187834 -0.0171653 -0.0157954 -0.0145967 -0.0135684 -0.0127179 -0.0119884 -0.01135 -0.0108156 -0.010369 -0.00995604 -0.00959675 -0.00932205 -0.00906661 -0.0088177 -0.00862376 -0.00846235 -0.00829895 -0.00814632 -0.00802963 -0.00793953 -0.00784028 -0.0077546 -0.00771048 -0.00766051 -0.0076032 -0.00758456 
0 0.000205356 0.000420609 0.000619514 0.000828758 0.00104725 0.0012556 0.00149502 0.00174382 0.00197064 0.0022204 0.00249207 0.00278181 0.00309465 0.00340013 0.00374884 0.00416265 0.00458379 0.00505268 0.00560095 0.00621404 0.00692434 0.0077383 0.00869078 0.00981376 0.0110903 0.0125875 0.0143358 0.0162976 0.0185121 0.0209979 0.0237138 0.0266025 0.0296101 0.0326925 0.0357134 0.038504 0.0409603 0.0429428 0.0442667 0.0447633 0.0443072 0.0428253 0.0402263 0.0364512 0.0315269 0.0255047 0.0184954 0.0106282 0.00207742 -0.00693691 -0.016204 -0.0254391 -0.0343654 -0.0426904 -0.0501631 -0.0565773 -0.0617023 -0.065382 -0.0674816 -0.068014 -0.067051 -0.0647353 -0.0612593 -0.0568249 -0.0517197 -0.0461908 -0.040534 -0.034947 -0.0296314 -0.0247128 -0.0202969 -0.0164542 -0.0131914 -0.0105137 -0.00834085 -0.00663831 -0.00529699 -0.00428558 -0.00351051 -0.0029534 -0.00254449 -0.00226894 -0.00207935 -0.00195962 -0.00188512 -0.00183818 -0.00181517 -0.00179596 -0.00179288 -0.00178192 -0.00178598 -0.00177666 -0.00178341 -0.00177408 -0.00178206 -0.00177256 -0.00178125 -0.0017717 -0.00178085 -0.00177142 -0.00178085 -0.0017717 -0.00178124 -0.00177252 -0.00178196 -0.00177382 -0.00178277 -0.00177516 -0.00178255 -0.00177438 -0.00177689 -0.00176327 -0.00175084 -0.00171629 -0.00166282 -0.00156938 -0.00141958 -0.00119376 -0.000853188 -0.000380024 0.000286945 0.0011666 0.00234508 0.00385196 0.00579598 0.00821414 0.0112024 0.0147668 0.0189296 0.0236335 0.0288049 0.034332 0.0400473 0.0457713 0.0512301 0.0561825 0.0603309 0.0634665 0.0653694 0.0658816 0.0648788 0.0622998 0.0582154 0.0527371 0.0460707 0.0383887 0.0299212 0.0209185 0.0116468 0.00238385 -0.00665244 -0.0152214 -0.0231385 -0.0302416 -0.0363978 -0.0415083 -0.0454833 -0.0483344 -0.0501067 -0.0508433 -0.0506159 -0.0495443 -0.047814 -0.0455644 -0.0428967 -0.0399784 -0.0369679 -0.0339647 -0.0310341 -0.028246 -0.0256929 -0.0233777 -0.0212795 -0.0194444 -0.0178503 -0.0164618 -0.0152723 -0.0142493 -0.0133895 -0.0126494 -0.0119987 -0.0114727 -0.011019 -0.0106027 -0.0102546 -0.00995576 -0.0097073 -0.00948138 -0.00924807 -0.00907507 -0.00894023 -0.00879106 -0.00868192 -0.00858496 -0.00847654 -0.00842102 -0.0083708 -0.00830443 -0.00828997 
0 0.000209649 0.00045355 0.000679041 0.000908479 0.00117141 0.00140369 0.00161971 0.00189114 0.00218059 0.00245182 0.00275654 0.0030862 0.00340013 0.00376201 0.00418832 0.00461497 0.0050925 0.00566469 0.00629079 0.00700225 0.00782904 0.00877995 0.00989208 0.0111717 0.0126619 0.014391 0.0163445 0.0185583 0.0210216 0.0237159 0.0266183 0.0296372 0.0327281 0.0358006 0.0386977 0.0412859 0.0434236 0.0449895 0.0458074 0.0457145 0.0446504 0.0425539 0.039373 0.0350741 0.0297078 0.0233922 0.0162246 0.00832575 -0.000151455 -0.00900351 -0.0180143 -0.0269712 -0.03564 -0.0437817 -0.0511631 -0.0575724 -0.0628095 -0.0666931 -0.0690944 -0.069976 -0.0693831 -0.0674298 -0.0642621 -0.0600722 -0.0550937 -0.0495943 -0.043851 -0.0381025 -0.0325579 -0.0273637 -0.0226478 -0.0184811 -0.0149124 -0.0119337 -0.00951012 -0.00757798 -0.00606155 -0.00489479 -0.00400538 -0.00334974 -0.00286844 -0.00253626 -0.00230337 -0.00215714 -0.00205788 -0.00200347 -0.0019653 -0.00194866 -0.00193418 -0.00193031 -0.00192399 -0.00192357 -0.00192008 -0.00192034 -0.00191812 -0.00191843 -0.00191698 -0.00191735 -0.00191644 -0.00191699 -0.00191644 -0.00191734 -0.00191696 -0.00191837 -0.00191795 -0.00191993 -0.00191911 -0.0019213 -0.0019189 -0.00191934 -0.00191134 -0.00190286 -0.00187686 -0.00183906 -0.00176364 -0.00165005 -0.00146128 -0.0011873 -0.000780337 -0.000219145 0.000553786 0.00157595 0.0029182 0.00464139 0.00682584 0.00953944 0.0128338 0.0167328 0.021211 0.0262175 0.0316471 0.0373777 0.0432239 0.0489706 0.0543496 0.0590929 0.0629509 0.065716 0.0672226 0.0673319 0.0659607 0.0630959 0.0588188 0.0532731 0.0466342 0.0390938 0.0308651 0.0221714 0.0132305 0.00423945 -0.00459232 -0.013056 -0.0209756 -0.0282201 -0.0346833 -0.0402201 -0.0447293 -0.0481782 -0.0505889 -0.0519861 -0.0523774 -0.051874 -0.050615 -0.0487317 -0.0463501 -0.0435937 -0.0406411 -0.0376028 -0.0345693 -0.0316443 -0.0288732 -0.026325 -0.0240177 -0.02194 -0.0201147 -0.0185165 -0.0171364 -0.015945 -0.014909 -0.0140538 -0.0133163 -0.0126561 -0.0121294 -0.0116842 -0.0112607 -0.0109027 -0.0106088 -0.0103375 -0.0101017 -0.00991682 -0.0097429 -0.0095688 -0.0094414 -0.00934615 -0.0092411 -0.00915016 -0.00908599 -0.00903798 -0.00900953 
0 0.000247067 0.000498983 0.000748556 0.000993988 0.00125255 0.00153008 0.00181015 0.00209058 0.00238087 0.00269161 0.00303118 0.00337863 0.00374884 0.00418832 0.00465037 0.00512119 0.00568598 0.00633751 0.00705099 0.00787474 0.00884031 0.00996866 0.0112482 0.0127189 0.0144503 0.016389 0.0185614 0.0210222 0.0237035 0.0265888 0.0296234 0.0327348 0.0358503 0.0388028 0.0414952 0.0437813 0.0455009 0.0465538 0.0467619 0.0460448 0.0443412 0.041613 0.0378693 0.0330804 0.0273643 0.0208315 0.0135916 0.00576226 -0.00254768 -0.0111146 -0.0197787 -0.0283561 -0.0366824 -0.0445702 -0.051781 -0.0581385 -0.0634254 -0.0674948 -0.0701911 -0.0714459 -0.0712697 -0.0697199 -0.0669337 -0.0630442 -0.0582822 -0.0528788 -0.0471252 -0.0412709 -0.0355404 -0.0301116 -0.0251094 -0.0206444 -0.0167582 -0.013486 -0.0107852 -0.00861996 -0.00690286 -0.0055739 -0.00455365 -0.00379053 -0.00322953 -0.00282886 -0.00255298 -0.00236615 -0.00224866 -0.00217159 -0.00212925 -0.00209964 -0.00208726 -0.00207492 -0.00207272 -0.00206589 -0.0020668 -0.00206174 -0.00206367 -0.00205939 -0.00206183 -0.00205809 -0.00206094 -0.00205766 -0.00206093 -0.00205808 -0.00206179 -0.00205929 -0.00206341 -0.00206111 -0.00206532 -0.00206251 -0.00206529 -0.00205918 -0.0020551 -0.00203636 -0.00200934 -0.00195278 -0.00186416 -0.00171525 -0.00149059 -0.00115463 -0.00067706 -1.62084e-05 0.000876169 0.00205096 0.00358106 0.00552871 0.00798259 0.0109903 0.0146093 0.0188232 0.0236126 0.0288843 0.0345398 0.0404193 0.0463282 0.052027 0.0572345 0.0617042 0.0651889 0.0675353 0.0685822 0.0682532 0.0664944 0.0633464 0.0589199 0.0533433 0.0468069 0.0394691 0.031566 0.0232707 0.014753 0.00615775 -0.00236732 -0.0106068 -0.0184423 -0.025737 -0.032404 -0.0383045 -0.0432946 -0.047343 -0.0503896 -0.0524533 -0.0535262 -0.0536564 -0.0529672 -0.0515327 -0.0495244 -0.0470584 -0.0442521 -0.0412703 -0.0382099 -0.0351985 -0.0322756 -0.0294993 -0.0269792 -0.0246735 -0.022589 -0.0207702 -0.0191863 -0.0178123 -0.0166088 -0.0155942 -0.0147507 -0.0139811 -0.0133217 -0.0127982 -0.0123284 -0.0119092 -0.0115609 -0.0112627 -0.0110069 -0.0107746 -0.0105627 -0.0103918 -0.0102461 -0.0101072 -0.00999817 -0.00992569 -0.00985627 -0.00978898 -0.00974854 
0 0.000287291 0.000530064 0.000813949 0.00110998 0.00136343 0.00165503 0.00198224 0.00228896 0.00261648 0.00296417 0.00331605 0.00372028 0.00416265 0.00461497 0.00512119 0.0057045 0.00635927 0.00709495 0.00792382 0.00888075 0.0100084 0.011297 0.0127574 0.0144657 0.0164202 0.0185895 0.0210143 0.0236918 0.0265752 0.0295959 0.0326979 0.03584 0.0388541 0.0416031 0.044001 0.0458842 0.0471224 0.0475642 0.0471246 0.0457606 0.0433919 0.0400522 0.035747 0.0305419 0.024553 0.0178741 0.0106599 0.00297204 -0.00504333 -0.013232 -0.0214575 -0.0295705 -0.0374971 -0.0450411 -0.052039 -0.0582786 -0.0635869 -0.0678212 -0.0708047 -0.0724671 -0.072725 -0.0716425 -0.0692731 -0.0657593 -0.0612764 -0.0560437 -0.050352 -0.0444386 -0.0385803 -0.0329324 -0.027684 -0.0229157 -0.0187299 -0.0151451 -0.0121633 -0.00974343 -0.00781011 -0.00630678 -0.00513677 -0.00426551 -0.00360467 -0.00314307 -0.00280374 -0.00258884 -0.0024339 -0.00234937 -0.00228591 -0.00225914 -0.0022344 -0.00222846 -0.00221815 -0.00221799 -0.00221291 -0.00221368 -0.00221084 -0.00221142 -0.0022098 -0.0022102 -0.00220933 -0.0022098 -0.00220932 -0.00221017 -0.00220974 -0.00221126 -0.00221044 -0.00221273 -0.0022107 -0.00221303 -0.00220745 -0.0022062 -0.00218976 -0.0021729 -0.00212545 -0.00206183 -0.00193756 -0.00176304 -0.00147802 -0.00108616 -0.000513419 0.000247031 0.00128203 0.0026186 0.00435617 0.00654572 0.00927687 0.012594 0.0165217 0.0210515 0.0261095 0.031628 0.0374448 0.0434261 0.0493144 0.0548892 0.0598479 0.0639666 0.0670344 0.0688993 0.0694713 0.068667 0.0665352 0.0631166 0.0585763 0.0530253 0.046634 0.0395822 0.0320461 0.0242215 0.0161808 0.00805884 -5.32667e-05 -0.00799606 -0.0156417 -0.0229153 -0.0296735 -0.0358318 -0.0412402 -0.0458193 -0.0494977 -0.0522063 -0.0539858 -0.0548241 -0.0547737 -0.0539129 -0.0523629 -0.0502885 -0.0477514 -0.0448965 -0.0418947 -0.0388398 -0.0358153 -0.0328821 -0.0301436 -0.0276377 -0.0253294 -0.0232667 -0.0214658 -0.0198806 -0.0184945 -0.0172963 -0.0162764 -0.0154142 -0.0146621 -0.0140029 -0.0134596 -0.013006 -0.0125943 -0.0122364 -0.011928 -0.0116529 -0.0114388 -0.0112575 -0.0110691 -0.0109203 -0.0108116 -0.0107017 -0.0106192 -0.010568 -0.010514 
0 0.000293311 0.000586394 0.000890624 0.00118959 0.00150366 0.00183915 0.00214797 0.00247666 0.00286872 0.00325618 0.00365229 0.00410755 0.00458379 0.0050925 0.00568598 0.00635927 0.00710204 0.00793813 0.00891494 0.0100477 0.011327 0.0127944 0.0144929 0.0164245 0.018595 0.0210097 0.0236625 0.0265351 0.0295655 0.032672 0.0358062 0.0388668 0.0416891 0.0441523 0.0461442 0.0475412 0.0481871 0.0479605 0.0468504 0.0448073 0.0418056 0.0378748 0.033081 0.0275551 0.0213693 0.0146528 0.00752361 7.46665e-05 -0.00756265 -0.0153087 -0.0230245 -0.030652 -0.0381092 -0.0452694 -0.0519921 -0.058065 -0.0633682 -0.0677194 -0.0709931 -0.0730385 -0.0737615 -0.0731613 -0.0712521 -0.0681699 -0.0640207 -0.0590487 -0.0534732 -0.0475884 -0.0416371 -0.0358316 -0.0303561 -0.0253162 -0.02084 -0.0169425 -0.01368 -0.0109812 -0.00883122 -0.00711995 -0.00580491 -0.00479236 -0.00404021 -0.00348816 -0.0030943 -0.00282723 -0.00264231 -0.0025328 -0.00245347 -0.00241862 -0.00238401 -0.00237917 -0.00236034 -0.00236597 -0.00235189 -0.00236089 -0.00234821 -0.0023584 -0.00234631 -0.00235708 -0.00234544 -0.00235665 -0.00234543 -0.00235705 -0.00234621 -0.00235815 -0.0023476 -0.00235946 -0.00234862 -0.0023588 -0.00234515 -0.00234813 -0.00232288 -0.00230261 -0.00224146 -0.00215955 -0.00200905 -0.00179105 -0.00145701 -0.000985082 -0.00032869 0.000561156 0.00173078 0.00326306 0.00520647 0.00766863 0.0106775 0.0143165 0.0185471 0.0233766 0.0286896 0.0344091 0.0403613 0.0463678 0.0521894 0.0575485 0.0622063 0.0659049 0.0685115 0.0698618 0.0699214 0.0686482 0.066125 0.0624713 0.0578203 0.0523375 0.0461332 0.0394129 0.0323101 0.0249783 0.0174848 0.00988562 0.0022817 -0.00527073 -0.0126528 -0.0197973 -0.0265763 -0.0328797 -0.0386279 -0.0436798 -0.0479365 -0.051298 -0.0537614 -0.0553338 -0.0559796 -0.0557593 -0.0547751 -0.0531561 -0.0509984 -0.0484018 -0.0455379 -0.0425314 -0.0394692 -0.0364468 -0.033541 -0.0308165 -0.0283096 -0.0260228 -0.0239648 -0.0221561 -0.0205803 -0.0191955 -0.0179879 -0.0169703 -0.0161173 -0.0153568 -0.0146945 -0.0141604 -0.0136835 -0.0132563 -0.0129251 -0.0126253 -0.012341 -0.0121243 -0.0119436 -0.0117823 -0.0116475 -0.011514 -0.0114126 -0.0113578 -0.0113103 
