0 0 0 0 0 0 0 0 0 0 0 0 0 0 0 0 0 0 0 0 0 0 0 0 0 0 0 0 0 0 0 0 0 0 0 0 0 0 0 0 0 0 0 0 0 0 0 0 0 0 0 0 0 0 0 0 0 0 0 0 0 0 0 0 0 0 0 0 0 0 0 0 0 0 0 0 0 0 0 0 0 0 0 0 0 0 0 0 0 0 0 0 0 0 0 0 0 0 0 0 0 0 0 0 0 0 0 0 0 0 0 0 0 0 0 0 0 0 0 0 0 0 0 0 0 0 0 0 0 0 0 0 0 0 0 0 0 0 0 0 0 0 0 0 0 0 0 0 0 0 0 0 0 0 0 0 0 0 0 0 0 0 0 0 0 0 0 0 0 0 0 0 0 0 0 0 0 0 0 0 0 0 0 0 0 0 0 0 0 0 0 0 0 0 0 0 0 0 0 0 
0 -3.42696e-06 9.10091e-06 1.21697e-06 3.88978e-06 1.72984e-05 4.6433e-06 1.20012e-05 2.15535e-05 7.12822e-06 2.27836e-05 2.78207e-05 1.37389e-05 2.66245e-05 2.32907e-05 1.84217e-05 3.20294e-05 3.74214e-05 4.2533e-05 3.51751e-05 3.66625e-05 4.31765e-05 2.96403e-05 4.72274e-05 6.21429e-05 3.7965e-05 4.0933e-05 6.47992e-05 6.73834e-05 6.1832e-05 6.20452e-05 6.67444e-05 7.26705e-05 7.51284e-05 7.22732e-05 7.2315e-05 8.58762e-05 8.71723e-05 8.34477e-05 0.000100819 0.000101376 0.000102446 0.000113321 0.000118173 0.000120015 0.000120608 0.00013804 0.000131788 0.000136237 0.000151434 0.000152476 0.000158894 0.000164105 0.000186816 0.00018175 0.000194942 0.00021289 0.000222603 0.000231356 0.000241063 0.000272201 0.000271752 0.00029188 0.000307955 0.000339717 0.000349091 0.000370674 0.000408192 0.000438994 0.000473948 0.000504704 0.000576151 0.000632231 0.000713946 0.000795505 0.000936905 0.0010875 0.00127978 0.0015005 0.00179243 0.00213272 0.00251209 0.00292395 0.00336259 0.00382245 0.00424083 0.00460163 0.004851 0.00501154 0.0050267 0.0049205 0.00464805 0.0042802 0.00380347 0.00329403 0.00271826 0.00214456 0.00154777 0.00100503 0.000472442 -1.66758e-05 -0.00054759 -0.0010939 -0.00170815 -0.00231732 -0.00294578 -0.00352216 -0.00408051 -0.00454483 -0.00492704 -0.00514591 -0.00523763 -0.00516936 -0.00499928 -0.00469899 -0.00432131 -0.00387369 -0.00342921 -0.00299639 -0.00259318 -0.00221788 -0.00188885 -0.00162859 -0.00140775 -0.00122987 -0.00106404 -0.000958748 -0.000862117 -0.000796119 -0.000712205 -0.000671203 -0.000627672 -0.000596187 -0.00054959 -0.000523654 -0.00050859 -0.000478624 -0.000456309 -0.000432871 -0.000433611 -0.000402365 -0.000391843 -0.000379527 -0.000376273 -0.000356012 -0.000344243 -0.000348922 -0.000330214 -0.000323651 -0.000314206 -0.000317135 -0.000297371 -0.000291771 -0.000294348 -0.000277701 -0.000272968 -0.000268287 -0.000267238 -0.000252725 -0.000254636 -0.000256939 -0.000241406 -0.000245967 -0.000247469 -0.000239813 -0.00023413 -0.000232794 -0.000232333 -0.000228832 -0.000223092 -0.000208532 -0.000212254 -0.000231325 -0.000212624 -0.000194326 -0.000215352 -0.00021755 -0.00020784 -0.00020944 -0.00020326 -0.000198279 -0.000192927 -0.000200446 -0.000204766 -0.000189872 -0.000197119 -0.000197924 -0.000187743 -0.000199457 -0.000197422 -0.000189671 -0.000191007 -0.000186412 -0.000185717 -0.000187271 -0.000192352 -0.000193516 -0.00018863 -0.000190928 -0.000187433 
0 9.10091e-06 3.42988e-06 1.26965e-05 1.94313e-05 9.84144e-06 2.32878e-05 3.11822e-05 1.84105e-05 3.87803e-05 3.98181e-05 2.16085e-05 5.53606e-05 5.29356e-05 4.14436e-05 7.88393e-05 5.64014e-05 4.51466e-05 7.27129e-05 6.28296e-05 7.78262e-05 8.9758e-05 9.22223e-05 9.20028e-05 8.09293e-05 0.000113812 0.000116788 0.000105939 0.000104702 0.000107541 0.000147363 0.000125797 0.000129181 0.000160427 0.000148326 0.000169314 0.000169217 0.000179367 0.000180618 0.000188702 0.000208637 0.000188416 0.000222562 0.000225355 0.00022788 0.000247872 0.00025958 0.000278661 0.000271455 0.000313686 0.00031487 0.000323795 0.000348315 0.000365756 0.00038242 0.000382677 0.000431005 0.000436089 0.000457591 0.000480707 0.00052345 0.000546212 0.000564183 0.000621763 0.00065895 0.000705126 0.000735993 0.000820317 0.000880268 0.000951514 0.00102871 0.00115356 0.00128864 0.00143214 0.00162716 0.00188155 0.00220994 0.0025727 0.00304109 0.0036035 0.00429527 0.00503839 0.00586702 0.0067327 0.00763893 0.00846545 0.00916911 0.00967006 0.00996934 0.0100074 0.00977365 0.00925101 0.00850051 0.00757568 0.00653873 0.00541766 0.0042539 0.00309438 0.00198875 0.000949896 -5.65907e-05 -0.00109283 -0.00220641 -0.00339979 -0.0046328 -0.00585588 -0.00702496 -0.00810943 -0.00905069 -0.00978687 -0.0102434 -0.0104138 -0.0102996 -0.0099525 -0.00937062 -0.00862037 -0.00774246 -0.00686203 -0.00599546 -0.00519923 -0.00444068 -0.00380073 -0.00325649 -0.0028325 -0.00244989 -0.00214658 -0.0019049 -0.001734 -0.00157635 -0.00143421 -0.00133486 -0.00125652 -0.00119091 -0.00110064 -0.00105986 -0.00101125 -0.000976531 -0.000911189 -0.000890312 -0.000863244 -0.000824782 -0.000789955 -0.000766749 -0.00075894 -0.000707806 -0.000700421 -0.000678369 -0.000666014 -0.000630704 -0.000624893 -0.000621471 -0.000584565 -0.000588575 -0.000572317 -0.000570173 -0.00054271 -0.000549345 -0.000543316 -0.000512186 -0.000526465 -0.00050399 -0.000499681 -0.000484891 -0.000482185 -0.00047273 -0.000455233 -0.000479728 -0.000443214 -0.000441178 -0.000461084 -0.00044889 -0.000443804 -0.000416657 -0.000433089 -0.000438393 -0.000418803 -0.000409789 -0.000395985 -0.000417952 -0.000403051 -0.000400146 -0.000426321 -0.000385539 -0.000389912 -0.000409963 -0.000380564 -0.000392677 -0.000395253 -0.000374315 -0.00038172 -0.000384037 -0.000381883 -0.000386915 -0.000386528 -0.000380666 -0.000374159 -0.000373257 -0.000373401 -0.000372445 -0.000377221 
0 1.21697e-06 1.26965e-05 1.36407e-05 2.00684e-05 3.10796e-05 2.92898e-05 3.86036e-05 4.57877e-05 4.44896e-05 5.87137e-05 6.20761e-05 6.30707e-05 7.29417e-05 7.1211e-05 8.08924e-05 9.05437e-05 9.83757e-05 0.000113168 0.000107083 0.0001133 0.000123841 0.000118591 0.000137831 0.000151138 0.000143553 0.000151021 0.000172821 0.000182658 0.000183322 0.000195166 0.000199048 0.000209524 0.000225205 0.000223298 0.000234164 0.00025291 0.000261381 0.000268151 0.000290283 0.000304246 0.000308144 0.000332895 0.000347643 0.000354755 0.000372114 0.000396368 0.000405599 0.000417885 0.00045117 0.000466035 0.000482031 0.000510767 0.000545804 0.000562376 0.00058917 0.000635546 0.000664992 0.000693827 0.000734685 0.000792355 0.000825756 0.000869889 0.000933622 0.00100199 0.00105711 0.00112444 0.00122603 0.00132494 0.00142909 0.00155333 0.00173433 0.00193198 0.00216477 0.00245503 0.00284945 0.0033275 0.00389853 0.00459451 0.005454 0.00646687 0.00759151 0.00881518 0.0101103 0.0114298 0.0126482 0.013673 0.0144124 0.014839 0.0148824 0.0145249 0.0137495 0.0126421 0.0112697 0.00973241 0.00806397 0.00634444 0.00462206 0.00298261 0.0014205 -8.85275e-05 -0.00164912 -0.00330243 -0.00507542 -0.00689482 -0.00871231 -0.0104432 -0.0120525 -0.01344 -0.0145301 -0.0152143 -0.0154823 -0.0153323 -0.0148265 -0.0139835 -0.0128841 -0.0116126 -0.0103062 -0.00903108 -0.00783218 -0.00672286 -0.0057541 -0.00494887 -0.00428554 -0.00372611 -0.00325751 -0.00290086 -0.00262065 -0.00238799 -0.0021745 -0.00202012 -0.00189586 -0.00178556 -0.00166821 -0.00158594 -0.00152101 -0.00144967 -0.00137571 -0.00132319 -0.00128672 -0.0012286 -0.00118178 -0.00114877 -0.00112253 -0.00107496 -0.00104561 -0.00102833 -0.000997444 -0.000965064 -0.000946577 -0.000933059 -0.000897635 -0.000880544 -0.000868503 -0.000844934 -0.000821472 -0.000812842 -0.000799437 -0.000773785 -0.000770178 -0.000760157 -0.000741386 -0.000733926 -0.00073165 -0.000715785 -0.000701704 -0.000701856 -0.000687799 -0.000679188 -0.000670807 -0.000653191 -0.000652189 -0.000656479 -0.000641542 -0.000624018 -0.000634355 -0.000633026 -0.000620101 -0.000622816 -0.000609319 -0.000600571 -0.000601005 -0.000595718 -0.000597658 -0.000589754 -0.000585826 -0.000586981 -0.000580283 -0.000583519 -0.000582129 -0.000575162 -0.000572823 -0.000567741 -0.000566153 -0.000566734 -0.000568717 -0.000569848 -0.000569183 -0.000569982 -0.000562947 
0 3.88978e-06 1.94313e-05 2.00684e-05 2.48705e-05 4.1306e-05 3.99545e-05 4.76101e-05 6.40844e-05 5.933e-05 7.17263e-05 8.81255e-05 8.12358e-05 9.70937e-05 0.000109037 0.000103211 0.000121373 0.000131266 0.000134465 0.000146532 0.000152995 0.000166058 0.000167878 0.000180948 0.000202626 0.000194504 0.000207399 0.000226382 0.000234197 0.000247479 0.000249681 0.000270614 0.000283595 0.000291947 0.000310089 0.000316201 0.000340601 0.000349571 0.00036325 0.000386696 0.000395605 0.00041978 0.00043334 0.000458278 0.000475143 0.000495191 0.000526831 0.000539884 0.000572578 0.000596591 0.000628096 0.000653343 0.00068637 0.000727864 0.000752588 0.000798449 0.000837904 0.000887893 0.000926309 0.00098365 0.00104594 0.00110005 0.00116822 0.00124206 0.00133477 0.0014117 0.00151802 0.00163635 0.00177677 0.00192082 0.00210298 0.00233368 0.00260373 0.00292945 0.00333188 0.00386025 0.00449767 0.00527993 0.00621703 0.00736629 0.00869347 0.0101882 0.0117964 0.0134989 0.0151954 0.0167716 0.0180842 0.019042 0.0195677 0.0196034 0.0191092 0.0180962 0.0166426 0.0148489 0.0128216 0.0106336 0.00837471 0.00612093 0.0039544 0.00187955 -0.000144236 -0.00222068 -0.00440868 -0.00672845 -0.00911328 -0.0114908 -0.0137672 -0.0158684 -0.0176838 -0.0191022 -0.0200176 -0.0203888 -0.0202278 -0.0195797 -0.018507 -0.0170908 -0.0154658 -0.0137596 -0.0120911 -0.0105008 -0.00904999 -0.00776147 -0.00668462 -0.00577659 -0.00502919 -0.00440142 -0.00391469 -0.00352156 -0.00320272 -0.00292793 -0.002711 -0.00253876 -0.00238172 -0.00224501 -0.00212335 -0.00203481 -0.00193472 -0.00185291 -0.00177419 -0.00171677 -0.00164826 -0.00158734 -0.00154087 -0.00149029 -0.00144666 -0.0013962 -0.0013694 -0.00132476 -0.00129176 -0.00126027 -0.00123129 -0.00120401 -0.00117061 -0.00115713 -0.00112421 -0.00110648 -0.00108517 -0.00106479 -0.00104832 -0.00102484 -0.0010178 -0.000991631 -0.000981221 -0.000968865 -0.000950277 -0.000942702 -0.0009216 -0.000919258 -0.000907118 -0.000892274 -0.000883056 -0.000870439 -0.000876621 -0.000856374 -0.000840757 -0.000846286 -0.000835025 -0.000828627 -0.000818032 -0.000815199 -0.000811652 -0.000795257 -0.000803708 -0.000797503 -0.000781101 -0.000789933 -0.000780977 -0.000771846 -0.000778085 -0.000770135 -0.000765449 -0.000766177 -0.000761788 -0.00076016 -0.000759702 -0.00075968 -0.000755071 -0.000751213 -0.000754762 -0.000753042 
0 1.72984e-05 9.84144e-06 3.10796e-05 4.1306e-05 3.36025e-05 6.0778e-05 6.46613e-05 6.19759e-05 9.33111e-05 8.7389e-05 8.99132e-05 0.000120052 0.000116324 0.000130564 0.000150728 0.000148792 0.000154755 0.00016064 0.000184245 0.000194867 0.000199765 0.00023352 0.000225304 0.000221802 0.00026568 0.000278569 0.000271916 0.00028016 0.000303915 0.000326887 0.000335868 0.000348666 0.000365649 0.0003895 0.000409912 0.000417139 0.000440417 0.000464423 0.000474755 0.000499799 0.000522745 0.000543067 0.000567188 0.000595414 0.000626466 0.000646338 0.000686602 0.00071783 0.000747442 0.000787328 0.000823873 0.000868191 0.000900061 0.000956205 0.000999873 0.00105052 0.00110709 0.00116708 0.00123767 0.00129756 0.00138692 0.00146402 0.00156545 0.00166056 0.00178315 0.00191232 0.00205892 0.00223279 0.00242612 0.00267182 0.00294592 0.00330401 0.00371792 0.0042593 0.00490675 0.00573006 0.00671363 0.0079193 0.0093381 0.0109867 0.0128258 0.0148134 0.0168848 0.0189237 0.0208105 0.0223744 0.0235197 0.0241137 0.0241267 0.0234835 0.0222529 0.0204659 0.0182872 0.0157835 0.0131165 0.0103357 0.00759273 0.00490286 0.002334 -0.000221813 -0.00279749 -0.00551865 -0.00834165 -0.0112702 -0.0141601 -0.0169621 -0.0195107 -0.0217336 -0.0234486 -0.0245989 -0.0250793 -0.0249369 -0.0241741 -0.0229105 -0.0212247 -0.01929 -0.0172286 -0.0151828 -0.0132303 -0.0114386 -0.00985447 -0.00848444 -0.00734217 -0.00637974 -0.00560875 -0.00496389 -0.00446404 -0.00403707 -0.0037103 -0.00341992 -0.0031943 -0.00299073 -0.0028267 -0.00267781 -0.00254324 -0.00243353 -0.00232471 -0.00223843 -0.00213985 -0.00207352 -0.00199513 -0.00193155 -0.00186425 -0.00181126 -0.00176081 -0.00170082 -0.0016631 -0.00161601 -0.0015793 -0.00153365 -0.00150656 -0.00147415 -0.00143557 -0.00141504 -0.00138595 -0.00136027 -0.00133267 -0.00131556 -0.00129024 -0.00126235 -0.00125236 -0.00122744 -0.00120242 -0.00119068 -0.00117682 -0.00116105 -0.00114113 -0.00112662 -0.00112294 -0.00111906 -0.00109909 -0.00106628 -0.00107455 -0.00108503 -0.00104503 -0.00103257 -0.00103592 -0.00102175 -0.00101961 -0.00101605 -0.00101364 -0.000995266 -0.000984547 -0.000997552 -0.000978419 -0.000973646 -0.00098103 -0.000957608 -0.00095925 -0.000964143 -0.00095492 -0.00096018 -0.000955646 -0.000948341 -0.000945888 -0.00094228 -0.000942 -0.000939578 -0.000943307 
0 4.6433e-06 2.32878e-05 2.92898e-05 3.99545e-05 6.0778e-05 6.36241e-05 7.2776e-05 9.39392e-05 9.341e-05 0.000106241 0.000133102 0.000125662 0.000139062 0.000162416 0.000151685 0.000181212 0.000208621 0.000204884 0.000227123 0.000231078 0.000236112 0.000254973 0.000271584 0.000299051 0.000298276 0.000308425 0.000336502 0.000365334 0.000381999 0.000370588 0.000409911 0.000431081 0.000431364 0.00046637 0.000475897 0.000501769 0.000525725 0.000555087 0.000576733 0.00059691 0.000646886 0.000653299 0.000689612 0.000727033 0.000751484 0.000783638 0.00081707 0.000869684 0.000885404 0.000941661 0.000990989 0.00103309 0.00108357 0.00114295 0.00121578 0.00125669 0.00134121 0.0014151 0.00149805 0.00157108 0.00167461 0.00178678 0.00188494 0.00201388 0.00215301 0.00232651 0.00248528 0.0027024 0.00294689 0.0032498 0.00358709 0.00401792 0.00455515 0.0052137 0.00602112 0.00700787 0.00823361 0.00968395 0.011397 0.0133361 0.0155223 0.0178506 0.0202639 0.0225942 0.0247432 0.026516 0.0278019 0.028443 0.0283999 0.0276211 0.026168 0.0240941 0.0215391 0.018616 0.0154802 0.0122393 0.00901165 0.00584522 0.00276173 -0.000298369 -0.00339601 -0.00660502 -0.00992644 -0.0133321 -0.016718 -0.0199796 -0.0229597 -0.0255322 -0.0275396 -0.0288983 -0.029516 -0.0294058 -0.0285775 -0.0271633 -0.0252651 -0.0230754 -0.0207011 -0.0183233 -0.0160199 -0.0139225 -0.0120291 -0.0103926 -0.00898096 -0.00782616 -0.00687047 -0.00609024 -0.00544354 -0.00492556 -0.00451677 -0.00416273 -0.00386992 -0.00361392 -0.0034255 -0.00323019 -0.00307002 -0.00291842 -0.0028101 -0.00268507 -0.00257259 -0.00248497 -0.00240165 -0.00232153 -0.0022311 -0.0021869 -0.00211396 -0.00205507 -0.00199572 -0.00195901 -0.0019048 -0.00184669 -0.0018246 -0.00177188 -0.00173467 -0.00169194 -0.00167203 -0.00162662 -0.0015907 -0.00158233 -0.00153734 -0.00151973 -0.00149604 -0.00147973 -0.00145322 -0.00143542 -0.00142522 -0.00138312 -0.00138991 -0.00137068 -0.0013305 -0.00132212 -0.0013146 -0.00131209 -0.0012807 -0.00126633 -0.00126565 -0.00126054 -0.00125888 -0.00122864 -0.0012271 -0.00121667 -0.00118993 -0.00120973 -0.00119591 -0.00117373 -0.00118535 -0.00117072 -0.00116277 -0.001173 -0.00116289 -0.00115166 -0.00115031 -0.00114073 -0.00113479 -0.00114012 -0.0011375 -0.00113983 -0.00114374 -0.00113362 -0.0011314 
0 1.20012e-05 3.11822e-05 3.86036e-05 4.76101e-05 6.46613e-05 7.2776e-05 8.60556e-05 0.000105905 0.000112011 0.000125474 0.000146598 0.000150419 0.000169378 0.000192001 0.000191906 0.000211769 0.000225927 0.000228871 0.000257596 0.000273416 0.000288953 0.000310609 0.000318747 0.00033849 0.000357166 0.000375221 0.000389251 0.000407215 0.000431644 0.000442606 0.000478969 0.000499384 0.000510123 0.000551739 0.000569406 0.000591421 0.000620515 0.000649394 0.000672182 0.000697321 0.000744456 0.000760353 0.000798436 0.000846557 0.000876585 0.000916968 0.000963576 0.00101958 0.00104861 0.00110863 0.00117112 0.00121542 0.00127454 0.00134442 0.00142165 0.0014737 0.00156429 0.00165803 0.00174565 0.00183728 0.00195734 0.00209285 0.00220863 0.00236057 0.00253572 0.00273813 0.00293525 0.00319017 0.00349955 0.0038597 0.00427384 0.00479166 0.0054536 0.00624819 0.00721603 0.00839314 0.00985038 0.0115624 0.0135484 0.0157837 0.0182775 0.0209247 0.0236195 0.0262008 0.0285452 0.0304804 0.0318506 0.032508 0.0323851 0.0314713 0.0298085 0.0274745 0.0245793 0.0212747 0.017714 0.014048 0.0103707 0.00674355 0.00315934 -0.00040522 -0.00401177 -0.00769368 -0.0114765 -0.0153198 -0.0191491 -0.0228226 -0.026185 -0.0290677 -0.0313392 -0.0328925 -0.0336562 -0.0335999 -0.0327543 -0.0312353 -0.0291905 -0.0267908 -0.0241677 -0.0214877 -0.0188795 -0.0164765 -0.0142978 -0.0123799 -0.0107126 -0.00933782 -0.00819783 -0.00725927 -0.00646861 -0.00584329 -0.00534402 -0.00492362 -0.00455871 -0.00425823 -0.00402692 -0.00380355 -0.00360539 -0.00343063 -0.00330237 -0.00315654 -0.00302475 -0.00291656 -0.00282505 -0.00272236 -0.00262121 -0.00255853 -0.00247789 -0.0024017 -0.0023305 -0.00228578 -0.00221877 -0.00215601 -0.00212168 -0.00207021 -0.00202345 -0.00197952 -0.00195641 -0.00190716 -0.00187056 -0.0018524 -0.00180835 -0.00178024 -0.0017526 -0.00172816 -0.00169142 -0.00167201 -0.00165766 -0.00161706 -0.00160951 -0.00159241 -0.00156899 -0.00155867 -0.0015379 -0.00152311 -0.00150617 -0.00149737 -0.00147801 -0.0014587 -0.00145324 -0.00143198 -0.00143221 -0.00142734 -0.00140416 -0.00140716 -0.00139493 -0.0013795 -0.00138417 -0.0013713 -0.00135911 -0.00135816 -0.00134852 -0.00134297 -0.0013456 -0.00134109 -0.00133833 -0.00133843 -0.0013266 -0.00132069 -0.00132126 -0.00131685 -0.00132382 
0 2.15535e-05 1.84105e-05 4.57877e-05 6.40844e-05 6.19759e-05 9.39392e-05 0.000105905 0.000104396 0.000141422 0.000148324 0.000149277 0.000187112 0.000191411 0.000201331 0.000236553 0.000241959 0.000255081 0.000275042 0.000293455 0.000313539 0.000322044 0.0003583 0.000369999 0.000368294 0.00041718 0.000436681 0.000447897 0.000468085 0.000488285 0.000530767 0.000539765 0.000564103 0.000594392 0.000617849 0.000658153 0.000668879 0.000713032 0.000744581 0.0007684 0.000816156 0.000841507 0.000888685 0.000917824 0.000969846 0.0010118 0.00104612 0.00111414 0.00115136 0.00121275 0.0012641 0.00133771 0.00139656 0.00145821 0.00155279 0.0016195 0.00171072 0.00179412 0.00191474 0.00200852 0.00212232 0.00226263 0.00240435 0.00255886 0.00271732 0.00294017 0.00315198 0.00340788 0.00369342 0.00407094 0.00448987 0.00499025 0.00561325 0.00639428 0.00734806 0.00847707 0.00987657 0.0115513 0.0135417 0.0157805 0.0183183 0.0210776 0.0240144 0.0269294 0.0297178 0.032194 0.0342376 0.0356378 0.0362776 0.0360614 0.0350129 0.0331618 0.0305921 0.0274043 0.0237582 0.0198283 0.0157691 0.0116823 0.00760478 0.00354261 -0.00052686 -0.00461975 -0.00876454 -0.0129675 -0.0172142 -0.0214246 -0.0254613 -0.0291458 -0.0323033 -0.0348041 -0.0365415 -0.037452 -0.0374766 -0.0366625 -0.0350971 -0.0329736 -0.0304185 -0.0276159 -0.0246787 -0.0218208 -0.0191205 -0.0166847 -0.0144768 -0.0125753 -0.0109533 -0.00963046 -0.00850625 -0.00757926 -0.00682369 -0.0062241 -0.00572424 -0.00528341 -0.00493718 -0.00463932 -0.00439615 -0.0041442 -0.00395923 -0.0037825 -0.0036312 -0.00347089 -0.00334591 -0.00323868 -0.00311499 -0.00301872 -0.00291962 -0.00285077 -0.00274852 -0.00268429 -0.00261641 -0.00254731 -0.00248643 -0.00242404 -0.00238546 -0.00231341 -0.0022796 -0.00223041 -0.00218501 -0.00214784 -0.00210353 -0.00207913 -0.00202767 -0.00201105 -0.0019757 -0.0019388 -0.00192284 -0.00188814 -0.00187569 -0.00183679 -0.00181549 -0.00180658 -0.00178069 -0.00176326 -0.0017243 -0.00172704 -0.00172307 -0.0016807 -0.00167498 -0.00166417 -0.00165137 -0.00163732 -0.0016237 -0.00162495 -0.00159481 -0.00158822 -0.00159767 -0.00156713 -0.00156739 -0.00157053 -0.00154404 -0.00154809 -0.00154895 -0.00153266 -0.00153332 -0.00152814 -0.00151946 -0.0015216 -0.00151937 -0.00151579 -0.00151564 -0.0015123 
0 7.12822e-06 3.87803e-05 4.44896e-05 5.933e-05 9.33111e-05 9.341e-05 0.000112011 0.000141422 0.000138643 0.000165927 0.000190886 0.000193948 0.000220735 0.000234273 0.000248435 0.000270616 0.000294647 0.000327336 0.000326555 0.000349357 0.000378454 0.000372068 0.000417784 0.000454134 0.000452632 0.000472845 0.000505776 0.000549064 0.000563941 0.000578864 0.000611525 0.000641444 0.00067797 0.000693797 0.000727875 0.000769742 0.000797902 0.000837587 0.000874779 0.000917809 0.000955365 0.00100132 0.00104788 0.00108994 0.00114317 0.00119348 0.0012492 0.00130481 0.00136907 0.00143421 0.00150392 0.001579 0.0016588 0.00174667 0.00183629 0.0019357 0.00204111 0.00215994 0.00227919 0.00241498 0.00256453 0.00272972 0.00290423 0.00310432 0.00333864 0.00359603 0.00389104 0.00423819 0.00466703 0.00516254 0.00576321 0.00649773 0.00741769 0.00852186 0.00985455 0.0114602 0.0133837 0.0156141 0.0181312 0.0209233 0.0239424 0.027089 0.0301923 0.0331086 0.0356734 0.0377469 0.0391336 0.0397133 0.0393968 0.0382168 0.0361947 0.0334233 0.0299824 0.0260543 0.0217972 0.0173951 0.0129166 0.00841994 0.00388369 -0.000663542 -0.00523836 -0.00981335 -0.014418 -0.0190141 -0.0235587 -0.0278876 -0.0318429 -0.0352242 -0.0379252 -0.0398269 -0.0408797 -0.0410117 -0.0402676 -0.0387291 -0.0365764 -0.0339459 -0.0310049 -0.0278966 -0.0248093 -0.0218692 -0.0191585 -0.0167039 -0.0145414 -0.0126957 -0.0111442 -0.00984611 -0.00875599 -0.00787206 -0.00714896 -0.00655688 -0.0060483 -0.00563396 -0.00528419 -0.00498673 -0.00471745 -0.00448748 -0.00428712 -0.00410394 -0.0039373 -0.00378605 -0.00365401 -0.0035261 -0.0034124 -0.00330433 -0.00320891 -0.0031164 -0.00303228 -0.00295156 -0.00287873 -0.00280998 -0.00274176 -0.0026809 -0.00262282 -0.00256888 -0.00251152 -0.00246779 -0.0024196 -0.00237409 -0.00233564 -0.00229762 -0.00226041 -0.0022227 -0.00220268 -0.00216332 -0.00212885 -0.00210805 -0.00208245 -0.00206001 -0.00201822 -0.00199535 -0.00198649 -0.00197392 -0.00193995 -0.00190053 -0.00191718 -0.00190307 -0.00186875 -0.00186832 -0.00184299 -0.00182467 -0.00181682 -0.00181073 -0.00180173 -0.0017756 -0.00177845 -0.00176822 -0.00175076 -0.00176442 -0.00174619 -0.00173182 -0.00173684 -0.00171886 -0.00171557 -0.00171858 -0.00171211 -0.00171434 -0.00171308 -0.0017071 -0.00170324 
0 2.27836e-05 3.98181e-05 5.87137e-05 7.17263e-05 8.7389e-05 0.000106241 0.000125474 0.000148324 0.000165927 0.000186137 0.000203078 0.000221983 0.000247024 0.000262544 0.000290222 0.000306448 0.000314412 0.000346251 0.000361052 0.000391956 0.000430183 0.000438132 0.000467289 0.000485726 0.000506094 0.0005505 0.00056775 0.000581899 0.000614301 0.000659093 0.000684883 0.000712038 0.000757903 0.000781124 0.000823233 0.000865233 0.000890981 0.000932638 0.000978178 0.0010199 0.00105531 0.00111565 0.00116565 0.00120961 0.00127669 0.00133789 0.00139682 0.00146002 0.00154236 0.00160939 0.00168226 0.00177355 0.00186211 0.00195171 0.00204987 0.0021706 0.00228144 0.00240755 0.00254875 0.00270722 0.00286978 0.00305194 0.00326441 0.00349465 0.00375708 0.00405225 0.00440806 0.00481435 0.00530544 0.00588719 0.00660158 0.00746607 0.00852499 0.00980445 0.0113431 0.0131791 0.0153332 0.0178108 0.020579 0.0236154 0.0268386 0.0301488 0.0333702 0.0363606 0.0389452 0.0409875 0.042306 0.0427938 0.0423707 0.0410634 0.0388951 0.0359496 0.0323106 0.0281483 0.0236251 0.0189102 0.0140762 0.00916967 0.00418824 -0.000827293 -0.00585337 -0.0108474 -0.0158157 -0.0207294 -0.0255419 -0.030106 -0.0342624 -0.0378257 -0.040686 -0.0427343 -0.0439188 -0.0441767 -0.0435448 -0.0420921 -0.039978 -0.0373309 -0.034324 -0.0311006 -0.0278491 -0.0246916 -0.0217401 -0.0190378 -0.016638 -0.0145491 -0.01277 -0.0112704 -0.0100192 -0.00898631 -0.00813039 -0.00743138 -0.00684781 -0.00636649 -0.00594865 -0.00560394 -0.00530321 -0.0050436 -0.00480252 -0.00459804 -0.00441713 -0.00424467 -0.00408533 -0.00394529 -0.00382368 -0.00369153 -0.00357983 -0.0034799 -0.00338593 -0.00328385 -0.00320409 -0.00313332 -0.00304987 -0.0029813 -0.00292319 -0.0028657 -0.00279682 -0.00275486 -0.00270712 -0.00264831 -0.00260796 -0.00256851 -0.00252243 -0.00247408 -0.00244838 -0.00240556 -0.00236819 -0.00234714 -0.00230405 -0.0022801 -0.002267 -0.0022412 -0.00220119 -0.00218353 -0.00217713 -0.0021433 -0.00212709 -0.00209866 -0.00207186 -0.00207388 -0.00205241 -0.00204085 -0.00203069 -0.00200715 -0.00200063 -0.0019911 -0.00198118 -0.00196878 -0.00195536 -0.00194531 -0.00193275 -0.0019325 -0.00192708 -0.00192524 -0.00192745 -0.00191055 -0.00190699 -0.00189948 -0.00188753 -0.00189936 -0.00189635 
0 2.78207e-05 2.16085e-05 6.20761e-05 8.81255e-05 8.99132e-05 0.000133102 0.000146598 0.000149277 0.000190886 0.000203078 0.000215757 0.000255073 0.000266057 0.000283822 0.000318922 0.000337181 0.000361526 0.00038771 0.000410373 0.00043281 0.000449461 0.000484191 0.000514075 0.000532547 0.00056664 0.000601268 0.000633296 0.000652075 0.000689336 0.000736097 0.000746178 0.000788004 0.000831593 0.000855791 0.000905822 0.00094493 0.000987735 0.00103087 0.0010871 0.00113503 0.00117195 0.00124698 0.00129129 0.00134329 0.00141366 0.00147776 0.0015416 0.00160623 0.00170498 0.00177083 0.00185614 0.00196191 0.00206108 0.00216272 0.00227209 0.0024187 0.00253494 0.00267814 0.00283975 0.00301991 0.00319743 0.00339679 0.00364813 0.0039022 0.00419816 0.00453023 0.00495203 0.00541746 0.00597941 0.0066576 0.00749622 0.00850363 0.00971136 0.0111845 0.0129377 0.0150148 0.0173926 0.0201132 0.0231111 0.0263657 0.029743 0.0331622 0.0364386 0.0394432 0.0419844 0.0439363 0.0451409 0.045511 0.0449794 0.0435545 0.0412666 0.0381815 0.0343988 0.0300565 0.0253229 0.0203294 0.0151691 0.0098682 0.00446702 -0.00099745 -0.00644734 -0.0118427 -0.0171441 -0.0223407 -0.0273622 -0.0321004 -0.0363916 -0.0400891 -0.0430687 -0.0452419 -0.0465468 -0.0469448 -0.0464614 -0.0451515 -0.0431415 -0.0405448 -0.0375432 -0.0342716 -0.0309202 -0.0275887 -0.024432 -0.0214982 -0.0188782 -0.0165442 -0.0145359 -0.0128184 -0.0113967 -0.0101993 -0.00919892 -0.00837699 -0.00770389 -0.00714716 -0.00665035 -0.0062514 -0.00590498 -0.00561437 -0.0053255 -0.00509585 -0.0048925 -0.00469932 -0.00451493 -0.00435715 -0.00423085 -0.00407725 -0.00395713 -0.00384606 -0.00374919 -0.00363361 -0.0035445 -0.00347359 -0.0033746 -0.00330158 -0.00323082 -0.00316904 -0.00308767 -0.00303403 -0.00298648 -0.00291224 -0.00287262 -0.00282487 -0.0027787 -0.0027326 -0.00269849 -0.00266246 -0.00261397 -0.00259934 -0.00255413 -0.00251174 -0.00249937 -0.0024635 -0.00242992 -0.00240232 -0.00238669 -0.00236348 -0.00233286 -0.00232407 -0.00230519 -0.00228511 -0.00226493 -0.00224441 -0.00223898 -0.0022126 -0.00219801 -0.00220036 -0.00216907 -0.00216267 -0.0021697 -0.00214044 -0.00214358 -0.00214639 -0.00211149 -0.00211509 -0.00211292 -0.00209014 -0.00210913 -0.00210563 -0.00209015 -0.00210538 -0.00208661 
0 1.37389e-05 5.53606e-05 6.30707e-05 8.12358e-05 0.000120052 0.000125662 0.000150419 0.000187112 0.000193948 0.000221983 0.000255073 0.000265964 0.000293982 0.000323543 0.000339325 0.000362366 0.000395766 0.000428611 0.000444357 0.000473332 0.000512024 0.000519479 0.000555778 0.000608617 0.000620107 0.000642827 0.000680272 0.000727944 0.00076591 0.000780332 0.000827008 0.000872002 0.000912708 0.000949832 0.000985344 0.00104763 0.00107975 0.00113229 0.00119025 0.00123162 0.00129728 0.00135107 0.00142095 0.00147347 0.00155078 0.00163029 0.00168726 0.00178432 0.00186446 0.00195886 0.00204204 0.00215894 0.0022712 0.0023692 0.00251205 0.00264515 0.00279833 0.00293651 0.00313388 0.0033242 0.0035236 0.00375799 0.00402878 0.00433723 0.00464882 0.0050593 0.00552172 0.0060826 0.00671049 0.00751465 0.00848064 0.00964341 0.0110241 0.0126901 0.0146831 0.0169753 0.0195986 0.0225162 0.0257464 0.0291437 0.0326518 0.0360885 0.0393816 0.0423087 0.0447645 0.0465515 0.0476179 0.0478365 0.0472042 0.0456673 0.0432906 0.0401032 0.0362283 0.0317628 0.0268644 0.0216321 0.0161639 0.0104951 0.00469019 -0.00119033 -0.00704594 -0.0128126 -0.0184276 -0.023865 -0.0290483 -0.0338952 -0.03826 -0.0420377 -0.0450923 -0.0473665 -0.0487708 -0.0493242 -0.0490024 -0.0478965 -0.04603 -0.0435718 -0.0406181 -0.0373914 -0.0339714 -0.030549 -0.0271939 -0.0240835 -0.021224 -0.0186785 -0.0164151 -0.0144888 -0.0128653 -0.0114971 -0.0103423 -0.00937753 -0.00861386 -0.00795129 -0.00740122 -0.0069138 -0.00654498 -0.00619191 -0.00588695 -0.00561168 -0.0053909 -0.00517807 -0.00496404 -0.0048023 -0.00463779 -0.00449516 -0.00433501 -0.00422868 -0.00410534 -0.00398599 -0.00388705 -0.00379133 -0.00370687 -0.00360272 -0.00354438 -0.0034604 -0.00338741 -0.00332608 -0.00326149 -0.00320738 -0.00313945 -0.00310284 -0.00304015 -0.00299301 -0.00295951 -0.00290362 -0.00286582 -0.00282305 -0.00280077 -0.00276107 -0.0027113 -0.00269136 -0.002669 -0.00264905 -0.00260059 -0.0025692 -0.0025744 -0.00254115 -0.00250969 -0.00249743 -0.00247512 -0.00245305 -0.00243751 -0.00243327 -0.00241113 -0.00238615 -0.00238942 -0.00237147 -0.00235173 -0.00235773 -0.00233612 -0.00232077 -0.00232991 -0.00231102 -0.00230382 -0.00231164 -0.00229232 -0.00229074 -0.0022958 -0.00227957 -0.00228622 
0 2.66245e-05 5.29356e-05 7.29417e-05 9.70937e-05 0.000116324 0.000139062 0.000169378 0.000191411 0.000220735 0.000247024 0.000266057 0.000293982 0.000320805 0.000348132 0.000374522 0.000406774 0.000429401 0.000443357 0.000488977 0.00051794 0.000545188 0.000596505 0.000609936 0.000632986 0.000675237 0.000717347 0.000757723 0.000772173 0.000814218 0.000864196 0.000909446 0.000949103 0.000980046 0.0010436 0.00108471 0.00113169 0.00118562 0.0012319 0.00129616 0.00134403 0.00141412 0.00147299 0.00154108 0.00161748 0.00168577 0.00177568 0.00184734 0.00194726 0.00203634 0.00213534 0.00224236 0.00235354 0.00248195 0.00259515 0.00274902 0.00289349 0.00305839 0.00322647 0.00342963 0.00364651 0.00386664 0.00413728 0.00443381 0.00477996 0.0051432 0.00560785 0.00614256 0.00677806 0.0075168 0.0084368 0.00955514 0.0108766 0.0124531 0.014327 0.0165507 0.019069 0.0219107 0.0250307 0.0284294 0.031949 0.0355023 0.0389278 0.0421429 0.0449562 0.0472403 0.048844 0.0497193 0.0497953 0.0490441 0.0474301 0.0449795 0.0417467 0.0378183 0.033292 0.0282641 0.0228345 0.0170755 0.0110667 0.00487621 -0.00138812 -0.00762916 -0.0137372 -0.0196463 -0.0252832 -0.0305902 -0.0354805 -0.0398702 -0.0436611 -0.0467601 -0.0490883 -0.0505949 -0.051284 -0.051163 -0.0502716 -0.0486282 -0.0463465 -0.0435396 -0.0403941 -0.0370002 -0.0335183 -0.0300456 -0.0267645 -0.0237074 -0.0209424 -0.0184474 -0.0162985 -0.0144599 -0.0129095 -0.0115816 -0.0104788 -0.00958175 -0.00882561 -0.00818731 -0.00763574 -0.00720088 -0.00680224 -0.00646316 -0.00614986 -0.00590013 -0.00565649 -0.00543489 -0.00524074 -0.00506151 -0.00490173 -0.00473437 -0.0046073 -0.00446704 -0.00435082 -0.00423034 -0.0041281 -0.00403102 -0.00393048 -0.00385327 -0.0037614 -0.00369571 -0.00361463 -0.00355049 -0.00348755 -0.00342084 -0.00337016 -0.0033063 -0.00326243 -0.00320051 -0.00316043 -0.0031234 -0.00306514 -0.00302949 -0.00299322 -0.00297248 -0.00292934 -0.00288449 -0.0028628 -0.00284048 -0.0028236 -0.00277195 -0.00274373 -0.0027374 -0.00270271 -0.00269224 -0.00267639 -0.00264636 -0.00262987 -0.00261792 -0.00260751 -0.00258747 -0.00257635 -0.00256187 -0.00254118 -0.00253775 -0.0025264 -0.00252089 -0.00252074 -0.00250771 -0.00250336 -0.00249275 -0.00248324 -0.0024837 -0.0024777 -0.00248267 
0 2.32907e-05 4.14436e-05 7.1211e-05 0.000109037 0.000130564 0.000162416 0.000192001 0.000201331 0.000234273 0.000262544 0.000283822 0.000323543 0.000348132 0.000374501 0.000402461 0.000435723 0.000472889 0.000491492 0.000539364 0.000561465 0.000570953 0.000633414 0.000655607 0.000694115 0.000747913 0.000761909 0.000815586 0.000854899 0.000893691 0.000940517 0.000972128 0.00102511 0.0010612 0.00112574 0.00117222 0.00121237 0.00129485 0.00133773 0.00140361 0.00147042 0.00153651 0.00160626 0.00167006 0.00176495 0.00182584 0.00191769 0.00201229 0.00210193 0.00220763 0.00231029 0.00244178 0.0025503 0.00269293 0.00283548 0.00298915 0.00315669 0.00333027 0.0035373 0.00373989 0.0039851 0.00423575 0.00453664 0.00486551 0.00524359 0.00567995 0.00619144 0.00681167 0.00752541 0.00839932 0.00944273 0.0107228 0.0122196 0.0140057 0.0161013 0.018542 0.0212879 0.0243248 0.0276327 0.0311416 0.0347393 0.0382686 0.0416353 0.0446977 0.0473431 0.0493952 0.0507896 0.0514494 0.0513815 0.0505127 0.0488448 0.0463529 0.0431207 0.0391861 0.0346442 0.0295268 0.0239297 0.0179068 0.0115794 0.00503004 -0.00159444 -0.00819282 -0.0146194 -0.0207938 -0.0265997 -0.031989 -0.0368752 -0.0412359 -0.0449854 -0.0480825 -0.0504287 -0.0520222 -0.0528377 -0.0529291 -0.0522678 -0.0508981 -0.0488455 -0.0462625 -0.0432523 -0.03996 -0.036473 -0.0329555 -0.0295337 -0.026315 -0.0233368 -0.0206346 -0.0182565 -0.0161964 -0.0144443 -0.0129352 -0.0116844 -0.0106305 -0.00976927 -0.00902544 -0.00841298 -0.00788726 -0.00744335 -0.00705657 -0.00671183 -0.00641835 -0.00614219 -0.00591453 -0.00568422 -0.00549279 -0.00530661 -0.0051468 -0.00498908 -0.00483993 -0.00472272 -0.00458766 -0.00447834 -0.00436266 -0.00427453 -0.00416816 -0.00407337 -0.00400391 -0.00390728 -0.00383819 -0.00376169 -0.00370361 -0.00362865 -0.00357064 -0.00353293 -0.00345542 -0.00342064 -0.00337366 -0.00332629 -0.00328583 -0.0032353 -0.00320456 -0.00315415 -0.00313389 -0.00309146 -0.00304483 -0.00304019 -0.00299247 -0.00297969 -0.00296832 -0.00291816 -0.00290565 -0.00288512 -0.00286357 -0.00284366 -0.00282322 -0.00281148 -0.00278001 -0.00277694 -0.00277188 -0.00274947 -0.00275611 -0.00273577 -0.00271322 -0.00271276 -0.00269451 -0.00269297 -0.00269712 -0.00269134 -0.00269099 -0.00268367 -0.00267764 
0 1.84217e-05 7.88393e-05 8.08924e-05 0.000103211 0.000150728 0.000151685 0.000191906 0.000236553 0.000248435 0.000290222 0.000318922 0.000339325 0.000374522 0.000402461 0.000440851 0.000463174 0.000493438 0.000544683 0.000562475 0.000601671 0.000653907 0.000673318 0.000707851 0.000754461 0.000799968 0.000822002 0.000856515 0.000931608 0.00096074 0.000998891 0.00106346 0.00110307 0.00116489 0.00121516 0.00126348 0.00132322 0.00138524 0.00145022 0.00149811 0.00158473 0.00165554 0.00171748 0.00181389 0.00189572 0.00198333 0.0020714 0.00218643 0.00228396 0.00238346 0.00251955 0.00263756 0.0027687 0.00290712 0.00307718 0.00323419 0.00340667 0.00361596 0.00382874 0.00406401 0.00431539 0.00462441 0.0049459 0.00531801 0.00574559 0.00625248 0.00684156 0.00753181 0.00837138 0.00936743 0.0105762 0.0120029 0.0137121 0.0157039 0.0180314 0.0206736 0.0236294 0.0268476 0.0302913 0.033872 0.0374629 0.040932 0.0441517 0.0470255 0.0494134 0.0512194 0.0523519 0.052816 0.0525756 0.0516247 0.0499005 0.0474285 0.0442176 0.0403412 0.035801 0.0306459 0.0248921 0.0186494 0.0120113 0.00514407 -0.00183241 -0.00874682 -0.0154825 -0.0218773 -0.0278392 -0.0332582 -0.03812 -0.0423849 -0.0460629 -0.0490864 -0.0514371 -0.0530689 -0.0540251 -0.0542961 -0.0539016 -0.0528052 -0.0510618 -0.0487338 -0.0459484 -0.0427919 -0.0393904 -0.03587 -0.0323747 -0.029012 -0.0258502 -0.0229551 -0.0203503 -0.0180715 -0.0160872 -0.0144073 -0.0129711 -0.0117748 -0.0107611 -0.00993095 -0.00922493 -0.00862393 -0.00811313 -0.00768089 -0.00730966 -0.00695885 -0.00666894 -0.00640508 -0.00617178 -0.00593539 -0.00574344 -0.00556826 -0.00538671 -0.00522727 -0.00508374 -0.00495823 -0.00480909 -0.00470149 -0.00459676 -0.00448356 -0.00438603 -0.00430014 -0.00422202 -0.00412188 -0.00406341 -0.00399265 -0.0039106 -0.00385492 -0.00379239 -0.00373537 -0.00366858 -0.00362362 -0.0035702 -0.00352026 -0.00349242 -0.00342471 -0.00339291 -0.00337891 -0.00332761 -0.00328564 -0.0032585 -0.00324205 -0.00319681 -0.00315982 -0.00315366 -0.0031154 -0.00309158 -0.00307986 -0.00305376 -0.00303858 -0.00301409 -0.00300957 -0.00299548 -0.00295745 -0.00296363 -0.00294188 -0.00291438 -0.00294025 -0.00291417 -0.00289917 -0.00292059 -0.00288006 -0.00287841 -0.00289504 -0.00285956 -0.00288121 
0 3.20294e-05 5.64014e-05 9.05437e-05 0.000121373 0.000148792 0.000181212 0.000211769 0.000241959 0.000270616 0.000306448 0.000337181 0.000362366 0.000406774 0.000435723 0.000463174 0.00051384 0.000538493 0.000565872 0.000611255 0.000644851 0.000684558 0.000729793 0.000774448 0.00080114 0.000836537 0.000903669 0.000950006 0.00098248 0.00101979 0.00108156 0.00114738 0.00118111 0.00123771 0.00130242 0.00136083 0.00142387 0.0014887 0.00155897 0.00162187 0.00170816 0.00178141 0.00185396 0.00195134 0.00203907 0.00213007 0.00222807 0.00234928 0.00245143 0.00256713 0.00271062 0.00284312 0.00298353 0.00314073 0.00332743 0.00349427 0.00368907 0.00391609 0.00415483 0.00440298 0.00468772 0.00503116 0.00538744 0.00580021 0.00628356 0.00686945 0.00752955 0.00832012 0.00927847 0.0104318 0.0117948 0.0134049 0.015321 0.0175415 0.020086 0.0229261 0.0260711 0.0294401 0.0329814 0.0365666 0.0401031 0.0434373 0.0464707 0.0490788 0.0511821 0.0526905 0.0535737 0.0538221 0.0534388 0.0524 0.0506684 0.0482352 0.0451067 0.0413062 0.0368152 0.0316324 0.0257656 0.0193151 0.0124087 0.00523253 -0.00205789 -0.0092797 -0.0162827 -0.0228848 -0.0289579 -0.0343948 -0.0391848 -0.0433343 -0.0468769 -0.049799 -0.0520948 -0.0537588 -0.0548162 -0.0552764 -0.0551243 -0.0543409 -0.0529247 -0.0509281 -0.0484081 -0.04547 -0.0422069 -0.038767 -0.0352496 -0.0317958 -0.028482 -0.0254156 -0.0226072 -0.0201023 -0.0178954 -0.0160127 -0.0144009 -0.0130264 -0.0118669 -0.0109098 -0.0101132 -0.00941497 -0.00883133 -0.00833922 -0.00792412 -0.00752832 -0.00719665 -0.00691023 -0.00664803 -0.00639227 -0.00617354 -0.00598895 -0.00579119 -0.00561738 -0.00546306 -0.0053264 -0.005173 -0.00504899 -0.00493958 -0.00481786 -0.00471091 -0.00461471 -0.00452739 -0.00442466 -0.00434943 -0.00427363 -0.00419148 -0.00412644 -0.00405742 -0.00399538 -0.00393469 -0.00388914 -0.00382558 -0.0037654 -0.00373743 -0.00369365 -0.00364021 -0.00358487 -0.00355852 -0.00353889 -0.00348785 -0.00344581 -0.00341863 -0.00339839 -0.00336629 -0.00333937 -0.00332389 -0.00328441 -0.00326534 -0.0032567 -0.00322588 -0.00320962 -0.0031957 -0.00317622 -0.00316134 -0.00315074 -0.00314212 -0.00312491 -0.00311903 -0.00311184 -0.003094 -0.00309625 -0.00308898 -0.00307686 -0.0030851 -0.00307549 
0 3.74214e-05 4.51466e-05 9.83757e-05 0.000131266 0.000154755 0.000208621 0.000225927 0.000255081 0.000294647 0.000314412 0.000361526 0.000395766 0.000429401 0.000472889 0.000493438 0.000538493 0.000579096 0.0006113 0.000662741 0.000693759 0.000728417 0.00076757 0.000814224 0.000872335 0.000912017 0.000959512 0.000999593 0.00104981 0.00111983 0.00116073 0.00120761 0.0012679 0.0013307 0.00139427 0.00145311 0.00152351 0.00159409 0.00166854 0.00174604 0.00182524 0.00190933 0.00199604 0.00209041 0.00218704 0.00228623 0.00239658 0.0025158 0.00263151 0.0027627 0.00290695 0.00305461 0.00320692 0.00338267 0.00357543 0.00376232 0.00397952 0.00422287 0.00448614 0.00475763 0.00508212 0.00545591 0.0058584 0.00632144 0.00687452 0.00753928 0.00828924 0.00919578 0.0102902 0.011609 0.013141 0.0149512 0.0170796 0.019528 0.0222747 0.0253003 0.0286006 0.0320821 0.035659 0.0391918 0.0426049 0.0457474 0.0485308 0.0508259 0.0526036 0.0537996 0.0544302 0.0544742 0.0539614 0.052857 0.0511486 0.0487919 0.0457824 0.0420856 0.0376668 0.0324761 0.0265234 0.0198922 0.012747 0.00528411 -0.00229668 -0.00980498 -0.0170467 -0.0238291 -0.0299848 -0.0354186 -0.0401135 -0.0441205 -0.0474893 -0.0502669 -0.0524674 -0.0541303 -0.0552637 -0.0558902 -0.0559692 -0.0554986 -0.0544356 -0.0528079 -0.0506114 -0.0479479 -0.044893 -0.0415946 -0.0381251 -0.0346302 -0.0312104 -0.0279935 -0.0250041 -0.0222808 -0.0198541 -0.0177537 -0.015952 -0.01439 -0.0130706 -0.0119698 -0.0110617 -0.0102653 -0.00959779 -0.00903796 -0.00856543 -0.00813122 -0.00775396 -0.00743715 -0.00714389 -0.00687224 -0.006627 -0.00642011 -0.00621227 -0.00602224 -0.00585344 -0.00569743 -0.00554481 -0.00540338 -0.00527937 -0.00515481 -0.00503886 -0.00493174 -0.00483112 -0.00473469 -0.00464419 -0.00455841 -0.00447977 -0.00440394 -0.0043342 -0.00426744 -0.00420032 -0.00414293 -0.00409003 -0.00403857 -0.003972 -0.00392398 -0.00389324 -0.00383999 -0.00379483 -0.00374915 -0.00371319 -0.00368944 -0.00365612 -0.00362458 -0.00358227 -0.00356003 -0.00353963 -0.00350553 -0.00349254 -0.00346018 -0.00343575 -0.00342129 -0.0033943 -0.00339692 -0.00337628 -0.0033565 -0.00335864 -0.00332054 -0.00331694 -0.00331914 -0.00328769 -0.0033063 -0.003299 -0.00327483 -0.00329716 -0.0032743 
