0 0 0 0 0 0 0 0 0 0 0 0 0 0 0 0 0 0 0 0 0 0 0 0 0 0 0 0 0 0 0 0 0 0 0 0 0 0 0 0 0 0 0 0 0 0 0 0 0 0 0 0 0 0 0 0 0 0 0 0 0 0 0 0 0 0 0 0 0 0 0 0 0 0 0 0 0 0 0 0 0 0 0 0 0 0 0 0 0 0 0 0 0 0 0 0 0 0 0 0 0 0 0 0 0 0 0 0 0 0 0 0 0 0 0 0 0 0 0 0 0 0 0 0 0 0 0 0 0 0 0 0 0 0 0 0 0 0 0 0 0 0 0 0 0 0 0 0 0 0 0 0 0 0 0 0 0 0 0 0 0 0 0 0 0 0 0 0 0 0 0 0 0 0 0 0 0 0 0 0 0 0 0 0 0 0 0 0 0 0 0 0 0 0 0 0 0 0 0 0 
0 2.95888e-05 2.29831e-05 3.98813e-05 8.10942e-05 8.7774e-05 8.60207e-05 0.000120504 0.000154742 0.000158912 0.000165529 0.00018987 0.000221003 0.000255406 0.000275367 0.000290327 0.000323974 0.000355145 0.000383903 0.000418845 0.000462198 0.000526406 0.000569077 0.000619903 0.000718628 0.000783477 0.000870635 0.00101979 0.00115703 0.00133991 0.00155675 0.00181531 0.0021395 0.00244935 0.00284117 0.00327996 0.00369108 0.00413399 0.00452035 0.00488199 0.00513166 0.00519184 0.00513594 0.00483799 0.00433681 0.00357666 0.0025772 0.00145692 0.000149676 -0.00119712 -0.0025934 -0.00390276 -0.00503311 -0.00600744 -0.00670178 -0.007207 -0.00739469 -0.00734506 -0.00706283 -0.00659012 -0.00604507 -0.00537087 -0.00471698 -0.00399324 -0.00334182 -0.00271581 -0.00218093 -0.00174328 -0.00135909 -0.00109108 -0.000824104 -0.000668042 -0.000488031 -0.000402835 -0.000295207 -0.000252692 -0.000202109 -0.000178428 -0.000166544 -0.000145247 -0.00015661 -0.000130704 -0.000154953 -0.000124076 -0.000154661 -0.000121188 -0.000153832 -0.000120414 -0.000152332 -0.000120908 -0.000150473 -0.000122073 -0.000148585 -0.000123456 -0.000146919 -0.000124733 -0.00014564 -0.000125688 -0.000144842 -0.000126194 -0.000144571 -0.000126194 -0.000144842 -0.000125688 -0.00014564 -0.000124733 -0.000146919 -0.000123456 -0.000148585 -0.000122072 -0.000150472 -0.000120904 -0.000152322 -0.000120385 -0.000153754 -0.000120992 -0.000154183 -0.000122959 -0.000152444 -0.000125298 -0.000145446 -0.000123162 -0.000124732 -0.000102711 -7.10121e-05 -3.56614e-05 4.85819e-05 0.000119109 0.000273667 0.000405123 0.000644067 0.000871981 0.00122144 0.00160417 0.00210554 0.0026874 0.00333363 0.00405932 0.00475066 0.00548354 0.00610821 0.00670839 0.00713535 0.00738853 0.00739729 0.00710461 0.0065952 0.00578119 0.00479298 0.00355332 0.00218591 0.000769171 -0.000649104 -0.00193006 -0.00314212 -0.00412929 -0.00490292 -0.00543294 -0.00571036 -0.00584706 -0.00574624 -0.00551296 -0.00517312 -0.00476093 -0.00435433 -0.00387378 -0.00344294 -0.0030629 -0.00269068 -0.00238553 -0.00209841 -0.0018864 -0.00170948 -0.00151717 -0.00140401 -0.00130076 -0.00118723 -0.00111789 -0.00105459 -0.0010057 -0.000959057 -0.0009139 -0.000899198 -0.000864254 -0.000818903 -0.000802974 -0.000780967 -0.000763063 -0.000759508 -0.000729584 -0.000708011 -0.000730137 -0.000718229 -0.000664483 -0.000669597 -0.000696056 -0.000666257 -0.000661876 -0.000687211 -0.000655526 
0 2.29831e-05 7.78937e-05 0.000104469 0.000120369 0.00017201 0.000209827 0.000234968 0.000276174 0.000305282 0.000360578 0.0004268 0.000430127 0.000468645 0.000555587 0.000583184 0.000639336 0.000733156 0.000776616 0.000851581 0.000948255 0.0010249 0.00113454 0.00125437 0.00141261 0.00159745 0.00177838 0.00205377 0.00236598 0.00269558 0.00314195 0.00366118 0.00426337 0.00494156 0.00569743 0.00656405 0.00741688 0.00825139 0.00905338 0.00971821 0.0101824 0.0103204 0.0101337 0.00956508 0.00851965 0.00701649 0.00506705 0.00280124 0.000270591 -0.00243582 -0.00515319 -0.00773957 -0.0100031 -0.0118948 -0.0133333 -0.0142812 -0.014707 -0.0145983 -0.0140582 -0.0131578 -0.0120403 -0.0107593 -0.00939984 -0.00801861 -0.00667835 -0.0054596 -0.00438092 -0.00349004 -0.00274594 -0.00215888 -0.00167674 -0.00130073 -0.00100153 -0.000773431 -0.000608048 -0.000485383 -0.000410837 -0.000353256 -0.000328981 -0.000303721 -0.000301026 -0.000288973 -0.000292925 -0.000285927 -0.00029054 -0.000285959 -0.000289358 -0.000286491 -0.000288311 -0.000286907 -0.000287275 -0.000287125 -0.000286317 -0.000287187 -0.000285507 -0.000287162 -0.000284899 -0.000287108 -0.000284523 -0.00028707 -0.000284396 -0.00028707 -0.000284523 -0.000287108 -0.000284899 -0.000287162 -0.000285507 -0.000287187 -0.000286316 -0.000287124 -0.000287272 -0.000286898 -0.000288285 -0.000286422 -0.000289179 -0.000285514 -0.00028947 -0.000283453 -0.000287433 -0.000277265 -0.00027709 -0.000256828 -0.000241005 -0.000195286 -0.000139432 -3.91403e-05 9.47078e-05 0.000288481 0.000542733 0.000869902 0.0012888 0.00180319 0.00245871 0.00325396 0.00424022 0.00538439 0.0066899 0.00807822 0.0095015 0.0108915 0.0121813 0.0133186 0.0141742 0.0146663 0.0146555 0.0141264 0.0130654 0.0115106 0.00950753 0.00708303 0.00439238 0.00156386 -0.0011997 -0.00380372 -0.00616084 -0.0081434 -0.00969265 -0.0107317 -0.0113483 -0.0115707 -0.0114152 -0.0109669 -0.010286 -0.00952116 -0.0086734 -0.00777514 -0.00693385 -0.00614652 -0.00545041 -0.00480414 -0.00423999 -0.00380936 -0.00340405 -0.00306591 -0.0028135 -0.00259086 -0.00241731 -0.00225123 -0.0021279 -0.00203857 -0.00191058 -0.00183811 -0.0017874 -0.00169244 -0.00165895 -0.0016361 -0.00156706 -0.00152991 -0.00150364 -0.00147429 -0.00145093 -0.00140501 -0.00138948 -0.0014045 -0.00137722 -0.00134764 -0.00134805 -0.00133119 -0.00131257 -0.00132799 
0 3.98813e-05 0.000104469 0.00015476 0.000194125 0.000254226 0.000311787 0.000359406 0.000417044 0.000473477 0.000534461 0.000606052 0.000664136 0.000732611 0.000822403 0.000892242 0.000972148 0.00108058 0.00117331 0.0012841 0.00142548 0.00155976 0.00172483 0.00192173 0.0021398 0.00241226 0.00272171 0.00310643 0.003584 0.0041181 0.00478422 0.00557765 0.00646777 0.0074981 0.00862872 0.00986285 0.0111333 0.0123479 0.0135045 0.0144488 0.015075 0.0152793 0.014948 0.0140615 0.0124834 0.010234 0.00737456 0.00399068 0.000260658 -0.00373134 -0.00771889 -0.0115004 -0.014862 -0.0176346 -0.01978 -0.0211583 -0.0217981 -0.0216636 -0.0208833 -0.0196007 -0.017938 -0.0160747 -0.0140452 -0.0120242 -0.0100383 -0.00823469 -0.00663878 -0.00528822 -0.0041894 -0.00327631 -0.00257324 -0.00197835 -0.00154783 -0.00118292 -0.0009428 -0.000746758 -0.000630132 -0.000544268 -0.000492403 -0.000466718 -0.00043979 -0.000442334 -0.000421165 -0.000435769 -0.000414343 -0.000433692 -0.000411588 -0.00043225 -0.000410507 -0.000430705 -0.000410275 -0.000429105 -0.000410486 -0.000427623 -0.000410874 -0.000426406 -0.000411262 -0.000425549 -0.000411536 -0.000425109 -0.000411634 -0.000425109 -0.000411536 -0.000425549 -0.000411262 -0.000426406 -0.000410874 -0.000427623 -0.000410485 -0.000429102 -0.000410269 -0.000430687 -0.000410458 -0.000432122 -0.00041126 -0.000432886 -0.000412436 -0.000431433 -0.000411691 -0.000422458 -0.000399772 -0.000389459 -0.00034946 -0.000290921 -0.000200022 -4.70517e-05 0.000149123 0.00045491 0.000820812 0.00133867 0.00194838 0.00275654 0.00372533 0.00494803 0.00641022 0.00812251 0.0100564 0.0121011 0.0142231 0.0162562 0.0181803 0.0198118 0.0210598 0.0217358 0.0217018 0.0209196 0.0193315 0.0170471 0.0140573 0.0105158 0.00656457 0.00242567 -0.00163594 -0.00549795 -0.00894534 -0.0118891 -0.0141821 -0.015776 -0.0167458 -0.0170929 -0.0169332 -0.0163148 -0.0153737 -0.0142611 -0.013003 -0.011721 -0.0104631 -0.00928861 -0.00824185 -0.00727681 -0.00645862 -0.00577244 -0.00517104 -0.004683 -0.00426809 -0.00392848 -0.00365283 -0.003401 -0.00321145 -0.00305122 -0.00289369 -0.0027831 -0.00268067 -0.00257505 -0.00250216 -0.00243117 -0.00236076 -0.00230784 -0.00225366 -0.00221263 -0.0021809 -0.002133 -0.00210149 -0.00208959 -0.00205587 -0.00202528 -0.00202413 -0.00201457 -0.00199318 -0.00198966 
0 8.10942e-05 0.000120369 0.000194125 0.000285978 0.000336711 0.000402364 0.00048707 0.000560069 0.000652209 0.000716591 0.000772476 0.000909149 0.00101247 0.00107028 0.00120937 0.00132633 0.00142162 0.00159195 0.00173605 0.00189874 0.00212207 0.00232963 0.00260278 0.00291143 0.00325426 0.00372301 0.00422818 0.00484962 0.00563463 0.00650473 0.00756466 0.00876913 0.0101183 0.0116379 0.0132024 0.0148452 0.0164376 0.0178567 0.0190374 0.0197592 0.0199627 0.0194733 0.0181898 0.0160965 0.0131124 0.00938061 0.00496391 6.81185e-05 -0.00507693 -0.0102587 -0.0151309 -0.0195147 -0.0231466 -0.0259264 -0.027756 -0.0285771 -0.0284743 -0.027495 -0.0258759 -0.0237379 -0.0212958 -0.0186742 -0.0160067 -0.0134434 -0.0110505 -0.00896167 -0.00715056 -0.00567558 -0.00445237 -0.00348461 -0.00270541 -0.00209535 -0.00163262 -0.00127557 -0.00103558 -0.000849406 -0.000748483 -0.000661339 -0.000630926 -0.000591613 -0.000588619 -0.000569755 -0.00057359 -0.000563904 -0.000566986 -0.000562599 -0.000562936 -0.000562422 -0.00055995 -0.000562478 -0.000557682 -0.000562549 -0.000556012 -0.00056259 -0.000554851 -0.000562602 -0.000554125 -0.0005626 -0.000553776 -0.000562598 -0.000553776 -0.0005626 -0.000554125 -0.000562602 -0.000554851 -0.000562589 -0.000556011 -0.000562548 -0.000557678 -0.000562467 -0.000559917 -0.000562335 -0.000562709 -0.000562033 -0.000565624 -0.000560748 -0.000566558 -0.000554686 -0.000557601 -0.000530317 -0.000514704 -0.000449989 -0.000379936 -0.000233047 -4.6291e-05 0.000250462 0.000634864 0.00116064 0.00183207 0.00268181 0.00375839 0.00507523 0.00671557 0.0086473 0.010922 0.0134256 0.0161249 0.0188635 0.0215402 0.0240165 0.0261099 0.0276831 0.0284862 0.0284332 0.0273682 0.0253211 0.0223088 0.0184151 0.0138329 0.00871535 0.00340087 -0.00190922 -0.00691868 -0.0114205 -0.0152679 -0.0182772 -0.0204751 -0.0217941 -0.0223382 -0.0222081 -0.0214832 -0.0203752 -0.0189301 -0.0173396 -0.015705 -0.0140582 -0.0125397 -0.0111124 -0.00986091 -0.0087827 -0.00780456 -0.00702707 -0.00635536 -0.00577576 -0.00532463 -0.00491182 -0.00459962 -0.00433165 -0.00407344 -0.00391426 -0.00373771 -0.00357131 -0.00348547 -0.00334877 -0.00322691 -0.00317477 -0.00309253 -0.00301817 -0.00295751 -0.00289489 -0.00287912 -0.0028332 -0.00275139 -0.00274249 -0.00274129 -0.00269057 -0.00268021 -0.00269259 -0.00265391 
0 8.7774e-05 0.00017201 0.000254226 0.000336711 0.000422108 0.00052066 0.000614608 0.000693064 0.000799667 0.000920192 0.00101699 0.00112916 0.00124423 0.00135627 0.00151955 0.00167451 0.00181147 0.00201157 0.00221526 0.00241221 0.00267193 0.0029687 0.00330743 0.00370471 0.00418404 0.00477587 0.00543737 0.00623585 0.00722514 0.00834616 0.00965 0.0111588 0.0128516 0.014695 0.0166036 0.0185676 0.0204628 0.0221128 0.023409 0.0241812 0.0242976 0.0235741 0.0218872 0.0192292 0.0155713 0.0110019 0.00563373 -0.000305374 -0.00651571 -0.0127292 -0.0186111 -0.0239051 -0.0283346 -0.031716 -0.0339534 -0.0349981 -0.0349328 -0.0338429 -0.0319326 -0.0293882 -0.026426 -0.0232453 -0.0200005 -0.016869 -0.013944 -0.0113477 -0.00909851 -0.00722442 -0.00568576 -0.00444474 -0.00346209 -0.00268298 -0.00209514 -0.00164208 -0.00132728 -0.00109455 -0.000950811 -0.000848379 -0.000793708 -0.000755667 -0.000737632 -0.000726555 -0.000719583 -0.000718784 -0.000713421 -0.000716702 -0.000710506 -0.000715693 -0.00070852 -0.000714733 -0.000706959 -0.000713737 -0.000705728 -0.00071281 -0.000704812 -0.000712063 -0.000704205 -0.000711581 -0.000703903 -0.000711415 -0.000703903 -0.000711581 -0.000704205 -0.000712063 -0.000704812 -0.000712809 -0.000705727 -0.000713735 -0.000706951 -0.000714712 -0.000708463 -0.000715541 -0.00071012 -0.00071576 -0.000711203 -0.000713752 -0.000708602 -0.000703517 -0.000691189 -0.000665752 -0.000626594 -0.00055028 -0.000440408 -0.00025531 -6.88952e-07 0.000377412 0.000873304 0.00154466 0.00239565 0.00348561 0.00484447 0.006525 0.00857068 0.0109842 0.0137685 0.0168328 0.020109 0.023435 0.0266818 0.029651 0.0321443 0.033954 0.0348587 0.0347252 0.0334131 0.0309141 0.027241 0.0225297 0.0169921 0.0108657 0.00446674 -0.00194095 -0.00801698 -0.0134959 -0.0181745 -0.021914 -0.0246837 -0.0264204 -0.0272036 -0.0271586 -0.0264336 -0.0251923 -0.0235316 -0.0216594 -0.0197142 -0.0177605 -0.0158855 -0.0141312 -0.0125822 -0.01121 -0.00997903 -0.00895977 -0.0081032 -0.00737001 -0.00675934 -0.00625281 -0.00585118 -0.00548452 -0.00516792 -0.00493934 -0.00470711 -0.00449772 -0.00435682 -0.00421694 -0.00408916 -0.00398341 -0.00387726 -0.00379473 -0.00372167 -0.00364429 -0.00357714 -0.00352527 -0.00349859 -0.00346396 -0.00341216 -0.00338743 -0.00335988 -0.00332712 -0.00334118 
0 8.60207e-05 0.000209827 0.000311787 0.000402364 0.00052066 0.000629755 0.000736356 0.000856228 0.000963338 0.00109384 0.00124249 0.00135996 0.00150686 0.00168305 0.00183338 0.0020171 0.00222115 0.00242618 0.00269389 0.00296413 0.00326371 0.00366412 0.00407251 0.00455908 0.00518577 0.00587946 0.00672578 0.00773556 0.00891943 0.0103287 0.0118903 0.013695 0.0157161 0.0178248 0.0200514 0.0222636 0.0243641 0.0261832 0.0275007 0.0282611 0.0282077 0.027186 0.02509 0.0218445 0.0175521 0.0121867 0.00595493 -0.000897631 -0.00806408 -0.0151559 -0.0219388 -0.0280159 -0.0331507 -0.0370812 -0.0396814 -0.040976 -0.0409602 -0.0398337 -0.0376913 -0.0348175 -0.0314142 -0.0277288 -0.0239875 -0.0203183 -0.0169227 -0.0138248 -0.0111615 -0.00887885 -0.00701769 -0.00549806 -0.00428949 -0.00334722 -0.00260455 -0.0020671 -0.00164552 -0.00137748 -0.00116289 -0.00105299 -0.000954915 -0.000920843 -0.000879166 -0.000872527 -0.000855872 -0.000854669 -0.000849826 -0.000846541 -0.000848519 -0.000841624 -0.000848273 -0.000838168 -0.000848177 -0.000835685 -0.000848057 -0.00083396 -0.000847914 -0.000832841 -0.000847788 -0.000832217 -0.000847715 -0.000832017 -0.000847715 -0.000832217 -0.000847788 -0.000832841 -0.000847914 -0.000833959 -0.000848055 -0.00083568 -0.000848163 -0.000838131 -0.000848172 -0.000841366 -0.000847879 -0.00084501 -0.000846296 -0.000846837 -0.000839149 -0.000838198 -0.00081144 -0.00079249 -0.000721292 -0.000644591 -0.000476975 -0.000269686 7.74579e-05 0.000519265 0.00115362 0.00195796 0.00301449 0.00434571 0.00600633 0.00806376 0.010512 0.0134148 0.0166688 0.0202802 0.024064 0.0279385 0.0316739 0.0350657 0.0378805 0.0398384 0.040798 0.0405196 0.0389679 0.0360213 0.0317571 0.0263247 0.0199423 0.0129648 0.00561088 -0.00171823 -0.00873218 -0.0150807 -0.0205148 -0.0249693 -0.0282858 -0.0304996 -0.0315957 -0.0317288 -0.0311114 -0.0298084 -0.028051 -0.0259687 -0.0237542 -0.0215421 -0.0193257 -0.0172844 -0.0154316 -0.0137593 -0.0123128 -0.0110323 -0.00997907 -0.00908442 -0.00828656 -0.00767193 -0.00713885 -0.00666908 -0.00630939 -0.00598071 -0.0057122 -0.00548737 -0.00526215 -0.00510118 -0.00495225 -0.00479158 -0.00468402 -0.00457816 -0.0044771 -0.00441342 -0.00432225 -0.0042485 -0.00422636 -0.00415543 -0.00408644 -0.00409723 -0.00407212 -0.00401108 -0.00402233 
0 0.000120504 0.000234968 0.000359406 0.00048707 0.000614608 0.000736356 0.000857101 0.00101294 0.00116447 0.00128096 0.00143558 0.00162005 0.00179284 0.00198202 0.00217208 0.00238325 0.0026403 0.00289372 0.00318468 0.00353865 0.00391953 0.00437065 0.00489654 0.0055089 0.00624961 0.00710918 0.00814012 0.00936234 0.0107771 0.0124276 0.0142873 0.0163742 0.0186585 0.0210521 0.0235176 0.0259263 0.0281503 0.0300099 0.0313074 0.0319146 0.0316072 0.03023 0.0276677 0.0238848 0.0189454 0.0128833 0.00590451 -0.00172962 -0.0096629 -0.0175304 -0.0250329 -0.031792 -0.0375226 -0.0419349 -0.0449116 -0.0464373 -0.0465563 -0.0454177 -0.0431475 -0.040016 -0.0362513 -0.0321527 -0.0279464 -0.0238244 -0.0199525 -0.0164103 -0.0133085 -0.0106355 -0.00843051 -0.00661896 -0.00518389 -0.00404694 -0.00316989 -0.00250717 -0.00200983 -0.00166422 -0.00141046 -0.00125761 -0.00114184 -0.00108843 -0.0010388 -0.00102695 -0.00100453 -0.00100587 -0.000994104 -0.000997572 -0.000990751 -0.000992958 -0.000989321 -0.000989613 -0.000988455 -0.000987004 -0.000987828 -0.000985026 -0.000987364 -0.000983641 -0.000987053 -0.000982822 -0.000986895 -0.000982552 -0.000986895 -0.000982822 -0.000987053 -0.000983641 -0.000987364 -0.000985025 -0.000987825 -0.000986996 -0.000988431 -0.000989548 -0.000989151 -0.00099253 -0.000989709 -0.000995133 -0.000988602 -0.000993929 -0.00097958 -0.00097683 -0.000942044 -0.000908961 -0.000822009 -0.000709824 -0.000508185 -0.000233204 0.000179727 0.000733321 0.00148412 0.00246337 0.00371859 0.00531734 0.00729169 0.0097216 0.0125906 0.0159341 0.0196628 0.0237341 0.0280001 0.0323164 0.0364688 0.0401854 0.0432183 0.0452744 0.0461923 0.0457731 0.043935 0.0406012 0.0358171 0.0297744 0.0227149 0.0149931 0.00688496 -0.0012371 -0.00902066 -0.0161264 -0.0222804 -0.0273717 -0.031267 -0.0339514 -0.0354431 -0.0358617 -0.0353976 -0.0341716 -0.0323884 -0.0302119 -0.0278202 -0.0253643 -0.0229136 -0.0205936 -0.0184438 -0.0164978 -0.0147863 -0.0132748 -0.0119859 -0.0108868 -0.00994898 -0.00916949 -0.00849861 -0.00795119 -0.0074928 -0.00708167 -0.00675712 -0.00647801 -0.00622117 -0.00600357 -0.00580455 -0.00564996 -0.00551771 -0.00537013 -0.0052549 -0.00516824 -0.00508758 -0.00500919 -0.00491588 -0.00486251 -0.00484112 -0.00477865 -0.00474692 -0.00475265 -0.00470181 
0 0.000154742 0.000276174 0.000417044 0.000560069 0.000693064 0.000856228 0.00101294 0.0011551 0.00132703 0.00150653 0.00168501 0.00187208 0.00206221 0.00228543 0.00252917 0.00278127 0.0030804 0.00339213 0.00372695 0.00415239 0.00461487 0.00513076 0.00578895 0.00654714 0.0074181 0.00847057 0.00970356 0.0111446 0.0127979 0.0146859 0.0168422 0.0191857 0.0216972 0.0243424 0.0269805 0.0295109 0.0317575 0.0335572 0.0347449 0.0350821 0.0344369 0.0326387 0.0295902 0.0252881 0.0197278 0.0130664 0.00546063 -0.00279141 -0.0113293 -0.0198286 -0.027886 -0.0352023 -0.0414046 -0.0462455 -0.0495808 -0.0513507 -0.0516559 -0.0505498 -0.0482484 -0.0449362 -0.0409177 -0.0364846 -0.0318843 -0.0273687 -0.0230488 -0.019103 -0.0155581 -0.0125141 -0.0099413 -0.00783947 -0.00615379 -0.00481463 -0.00379075 -0.00298889 -0.00241524 -0.00197249 -0.00168763 -0.00146945 -0.00134962 -0.00125521 -0.00121353 -0.00117791 -0.00116472 -0.00115419 -0.00114735 -0.00114764 -0.00113975 -0.00114553 -0.00113513 -0.00114427 -0.00113173 -0.00114312 -0.00112916 -0.00114206 -0.0011273 -0.00114121 -0.00112609 -0.00114065 -0.0011255 -0.00114045 -0.0011255 -0.00114065 -0.00112609 -0.00114121 -0.0011273 -0.00114206 -0.00112915 -0.0011431 -0.00113169 -0.00114415 -0.00113484 -0.00114483 -0.00113808 -0.00114383 -0.00113893 -0.0011363 -0.00112816 -0.00110605 -0.00107776 -0.00100869 -0.000919365 -0.000747298 -0.0005208 -0.000154574 0.000322116 0.00100667 0.00188254 0.00305006 0.00452515 0.0063963 0.00870979 0.0114993 0.0147998 0.018547 0.0227321 0.0272044 0.0318929 0.036568 0.0410313 0.0449809 0.0481203 0.0502138 0.0510155 0.0504267 0.0482847 0.0445925 0.0393817 0.0328418 0.025269 0.0169443 0.00825674 -0.000485856 -0.00888084 -0.0166078 -0.0234168 -0.0290859 -0.0335491 -0.0367227 -0.0386673 -0.0394721 -0.0392451 -0.0382055 -0.0365037 -0.0343389 -0.03187 -0.0292333 -0.0266146 -0.0240596 -0.0216342 -0.0194239 -0.0174357 -0.015689 -0.0141491 -0.0128251 -0.0117359 -0.0107827 -0.00996758 -0.00931808 -0.00874811 -0.00825277 -0.00784619 -0.00749311 -0.007197 -0.00693972 -0.00671606 -0.00652955 -0.00634413 -0.00619465 -0.00607982 -0.00593323 -0.00582154 -0.00576093 -0.00566902 -0.00560785 -0.00557622 -0.00548537 -0.0054348 -0.00544634 -0.00540742 
0 0.000158912 0.000305282 0.000473477 0.000652209 0.000799667 0.000963338 0.00116447 0.00132703 0.0014901 0.00172258 0.0019342 0.00212395 0.00237816 0.00263636 0.00289042 0.00320267 0.00353263 0.00389476 0.00432905 0.00481409 0.00537129 0.00601336 0.0067735 0.00768341 0.00871548 0.00994481 0.0114167 0.0130823 0.014986 0.0171541 0.0195585 0.0221454 0.0248521 0.0276521 0.0304039 0.032932 0.0351071 0.0367614 0.0377066 0.0377178 0.0366444 0.0343895 0.030857 0.0260226 0.0199252 0.0127255 0.00463318 -0.00408328 -0.0130893 -0.0220318 -0.0305215 -0.0382201 -0.0447932 -0.0499894 -0.0536429 -0.0556913 -0.056182 -0.0551972 -0.0529159 -0.0495408 -0.0453684 -0.0406917 -0.0357979 -0.0309244 -0.0262374 -0.0218886 -0.0179536 -0.0145221 -0.0115956 -0.00918543 -0.00723061 -0.00568473 -0.00447725 -0.00354817 -0.00285333 -0.00233461 -0.00197355 -0.00171268 -0.00155081 -0.00143427 -0.00137444 -0.00132667 -0.00130984 -0.00129008 -0.00128756 -0.00127833 -0.00127899 -0.00127416 -0.00127454 -0.00127221 -0.00127155 -0.00127103 -0.00126937 -0.00127024 -0.00126781 -0.00126972 -0.00126681 -0.00126942 -0.00126632 -0.00126932 -0.00126632 -0.00126942 -0.00126681 -0.00126972 -0.00126781 -0.00127024 -0.00126936 -0.001271 -0.00127148 -0.00127202 -0.00127407 -0.00127304 -0.00127638 -0.00127247 -0.00127491 -0.00126376 -0.00125717 -0.00122535 -0.00118704 -0.00110105 -0.000981025 -0.000774994 -0.000486401 -5.70351e-05 0.000524051 0.00131714 0.00235606 0.00370489 0.00542718 0.00758168 0.0102366 0.0134035 0.0171013 0.0212631 0.0258392 0.0307005 0.0357202 0.0406887 0.0453543 0.0494246 0.052592 0.0546156 0.0552738 0.0544397 0.0520035 0.0479639 0.042401 0.0355002 0.0275329 0.0188018 0.00967832 0.000516959 -0.00831996 -0.0165358 -0.0238647 -0.0300814 -0.0350606 -0.0387549 -0.041211 -0.042467 -0.0426232 -0.0418566 -0.0403617 -0.0383166 -0.035844 -0.0331391 -0.0303745 -0.0276335 -0.0249919 -0.022515 -0.020289 -0.0182982 -0.016508 -0.0149746 -0.0136633 -0.0125285 -0.0115639 -0.0107472 -0.0100762 -0.00949438 -0.00899233 -0.00859506 -0.00822799 -0.00790791 -0.00766606 -0.00741691 -0.0071933 -0.0070427 -0.00688961 -0.00673671 -0.00662296 -0.00652527 -0.00643299 -0.00634151 -0.00626958 -0.00623684 -0.00619464 -0.00614103 -0.00612678 
0 0.000165529 0.000360578 0.000534461 0.000716591 0.000920192 0.00109384 0.00128096 0.00150653 0.00172258 0.00193408 0.00215779 0.00241585 0.00270763 0.00298434 0.00328896 0.00365159 0.00402837 0.00446613 0.0049731 0.00553017 0.00620115 0.00697424 0.00786859 0.00894021 0.0101656 0.0116109 0.0133021 0.0152029 0.0173693 0.0197834 0.0224101 0.0252027 0.0280663 0.0309615 0.033725 0.0361702 0.0381801 0.0395693 0.0401618 0.0397453 0.0381839 0.0354326 0.0313966 0.0260677 0.019506 0.0118861 0.00344927 -0.00558001 -0.0148799 -0.024105 -0.0328681 -0.0408151 -0.0476626 -0.053147 -0.0571073 -0.05944 -0.0601584 -0.0593524 -0.0571678 -0.0538321 -0.0495985 -0.0447809 -0.0396602 -0.0344932 -0.0294769 -0.0247561 -0.020454 -0.0166384 -0.0133666 -0.0106288 -0.00840349 -0.00662562 -0.00523191 -0.0041571 -0.00333832 -0.00273426 -0.00229136 -0.00198653 -0.00177343 -0.00164032 -0.00155069 -0.00150124 -0.00146775 -0.00145171 -0.00144 -0.00143452 -0.00143054 -0.00142739 -0.00142637 -0.00142327 -0.00142376 -0.00142031 -0.0014218 -0.0014181 -0.00142034 -0.00141654 -0.00141936 -0.00141562 -0.00141887 -0.00141531 -0.00141887 -0.00141562 -0.00141936 -0.00141654 -0.00142034 -0.00141809 -0.00142179 -0.00142027 -0.00142364 -0.00142297 -0.00142563 -0.00142563 -0.00142652 -0.00142569 -0.0014213 -0.00141362 -0.00139314 -0.00136067 -0.00129602 -0.00119666 -0.00102971 -0.000785626 -0.000420372 8.49345e-05 0.000782511 0.00170652 0.00291941 0.00447996 0.00645779 0.00892245 0.0119145 0.0154628 0.0195333 0.0240822 0.0290068 0.0341943 0.0394744 0.0446286 0.0493934 0.0534619 0.0565631 0.0584349 0.0588935 0.0577891 0.0550538 0.0507171 0.0448795 0.0377442 0.0295329 0.0205606 0.0111811 0.00175985 -0.00736107 -0.0159313 -0.0236715 -0.0303599 -0.0358373 -0.0400505 -0.0430418 -0.0448047 -0.045427 -0.0450506 -0.0438577 -0.0420332 -0.0396832 -0.0370128 -0.0341909 -0.0313187 -0.0285114 -0.0258197 -0.0233409 -0.0210996 -0.0190679 -0.0173003 -0.0157582 -0.014423 -0.0133006 -0.0123236 -0.0115073 -0.0108255 -0.0102256 -0.00973839 -0.00931357 -0.0089286 -0.00862027 -0.00835215 -0.00811751 -0.00790464 -0.0077053 -0.00757216 -0.00744856 -0.00729419 -0.00719297 -0.0071145 -0.00702185 -0.00697637 -0.00693573 -0.00687549 -0.00685619 
0 0.00018987 0.0004268 0.000606052 0.000772476 0.00101699 0.00124249 0.00143558 0.00168501 0.0019342 0.00215779 0.00243908 0.00273898 0.00301244 0.00334627 0.0037378 0.00412886 0.00457804 0.00510155 0.00567119 0.00633698 0.0071197 0.00803104 0.00909881 0.0103315 0.0117892 0.013471 0.0153619 0.0175311 0.019944 0.0225693 0.0253972 0.0283283 0.0313084 0.0342079 0.0368674 0.0391613 0.040887 0.0419115 0.0420495 0.0411189 0.0390529 0.0357582 0.0312284 0.0254488 0.0185006 0.0105972 0.00192165 -0.00726028 -0.0166998 -0.0260449 -0.0349154 -0.0430047 -0.0500084 -0.0557317 -0.0599553 -0.0625736 -0.0635587 -0.0629726 -0.0609828 -0.0577615 -0.0535873 -0.0487149 -0.0434571 -0.0380655 -0.032762 -0.0277225 -0.0230624 -0.0188984 -0.015266 -0.012211 -0.00968823 -0.00766924 -0.00606917 -0.00483018 -0.00388149 -0.00316847 -0.00264913 -0.00227386 -0.00202166 -0.00184622 -0.00174188 -0.00166887 -0.00163355 -0.0016047 -0.00159581 -0.00158323 -0.00158242 -0.0015754 -0.00157632 -0.00157152 -0.00157242 -0.0015689 -0.00156949 -0.00156695 -0.00156731 -0.00156556 -0.00156585 -0.00156473 -0.00156512 -0.00156445 -0.00156512 -0.00156473 -0.00156585 -0.00156556 -0.00156731 -0.00156694 -0.00156946 -0.00156882 -0.00157222 -0.00157103 -0.00157514 -0.00157268 -0.00157633 -0.00157012 -0.00156864 -0.00155048 -0.00152948 -0.00147679 -0.0014009 -0.00126384 -0.00106394 -0.000755274 -0.000322819 0.000283751 0.00109763 0.0021744 0.00357515 0.00536254 0.00762041 0.0103933 0.0137414 0.017642 0.0220841 0.0269697 0.0322139 0.0376601 0.0431263 0.0483772 0.0531234 0.0571026 0.0600226 0.0616851 0.0618738 0.0604811 0.057455 0.0528522 0.0468301 0.0395428 0.031244 0.0221808 0.0127215 0.00320875 -0.00606581 -0.0148272 -0.0228703 -0.0299271 -0.0358632 -0.0406011 -0.0441154 -0.0464447 -0.0475969 -0.0477201 -0.0469448 -0.0454179 -0.0433273 -0.0407923 -0.0380021 -0.0350822 -0.0321437 -0.0293091 -0.0265959 -0.0240944 -0.0218492 -0.0198242 -0.0180483 -0.0165071 -0.0151862 -0.0140582 -0.0130708 -0.0122537 -0.0115637 -0.0109403 -0.0104421 -0.0100318 -0.00963685 -0.00931582 -0.00906516 -0.0088118 -0.00858852 -0.00841726 -0.00824373 -0.00809366 -0.00800515 -0.0079127 -0.0078027 -0.00772788 -0.00766916 -0.0076185 -0.00760379 
0 0.000221003 0.000430127 0.000664136 0.000909149 0.00112916 0.00135996 0.00162005 0.00187208 0.00212395 0.00241585 0.00273898 0.00305403 0.0033792 0.00377075 0.00420185 0.00464521 0.00516662 0.00577934 0.00645949 0.00724397 0.00816615 0.00924143 0.0104702 0.0118985 0.0135871 0.0154877 0.0176225 0.0200492 0.0226957 0.0255248 0.028489 0.0315188 0.0345213 0.0373071 0.0397801 0.0417956 0.0431493 0.0437119 0.0433033 0.0418391 0.0392265 0.0353961 0.0303898 0.0242051 0.0169855 0.00888564 0.000103902 -0.00910736 -0.0185383 -0.027831 -0.0366869 -0.0447829 -0.0518674 -0.0577487 -0.0621907 -0.0650927 -0.0663542 -0.0660605 -0.0643219 -0.061321 -0.0572951 -0.05247 -0.0471677 -0.0416161 -0.036098 -0.0307679 -0.0258 -0.0212928 -0.0173211 -0.0139362 -0.0111075 -0.00882976 -0.00699861 -0.00558568 -0.00447854 -0.00365645 -0.00303295 -0.00259234 -0.00227675 -0.00206567 -0.00192823 -0.00183779 -0.00178919 -0.00175154 -0.00174055 -0.00172173 -0.00172451 -0.00171116 -0.00171851 -0.00170659 -0.00171537 -0.00170402 -0.00171323 -0.00170236 -0.00171166 -0.0017013 -0.00171062 -0.0017007 -0.0017101 -0.0017005 -0.0017101 -0.0017007 -0.00171062 -0.0017013 -0.00171166 -0.00170235 -0.00171318 -0.00170389 -0.00171506 -0.00170581 -0.00171669 -0.00170702 -0.00171544 -0.0017026 -0.00170167 -0.00167553 -0.00164623 -0.00157915 -0.00147807 -0.00131144 -0.00105901 -0.000694589 -0.000171599 0.000529959 0.00148551 0.00271672 0.00433013 0.00635566 0.00890773 0.0120001 0.0156924 0.0199445 0.0247176 0.0299223 0.0354227 0.0410807 0.0466462 0.0519072 0.0565421 0.0603274 0.062995 0.0643558 0.0642411 0.0625236 0.0592283 0.0544018 0.0482488 0.0409122 0.0326238 0.02364 0.0142507 0.00480518 -0.00447269 -0.0133013 -0.0214893 -0.0288279 -0.0351481 -0.0403864 -0.0444379 -0.047338 -0.0491062 -0.049806 -0.0495534 -0.048441 -0.0466848 -0.0444095 -0.0417348 -0.0388419 -0.0358553 -0.0329086 -0.0300371 -0.0273128 -0.0248461 -0.0225966 -0.0205671 -0.0187951 -0.0172578 -0.0159282 -0.0147722 -0.0138035 -0.0129951 -0.0122735 -0.0116691 -0.0111825 -0.0107377 -0.0103382 -0.0100171 -0.0097514 -0.00950488 -0.00928335 -0.0091098 -0.00896035 -0.00881152 -0.00868589 -0.008593 -0.00851747 -0.00845237 -0.00839978 -0.00836245 
0 0.000255406 0.000468645 0.000732611 0.00101247 0.00124423 0.00150686 0.00179284 0.00206221 0.00237816 0.00270763 0.00301244 0.0033792 0.0038009 0.00422674 0.00469799 0.0052324 0.0058405 0.00654414 0.0073352 0.00825301 0.00933862 0.010581 0.0120105 0.013677 0.0155814 0.0177203 0.0201085 0.0227475 0.0255971 0.0285734 0.0316251 0.0346933 0.0376063 0.0402139 0.0424083 0.044035 0.0449317 0.0449203 0.0439168 0.0418695 0.0386785 0.0343408 0.0288778 0.0223882 0.0149957 0.00681487 -0.00193199 -0.0110606 -0.0203139 -0.0294311 -0.0381451 -0.0461538 -0.0532619 -0.0592223 -0.0638681 -0.0670235 -0.0686014 -0.0686433 -0.0672185 -0.0645246 -0.060709 -0.0560372 -0.0507464 -0.045124 -0.0394315 -0.0338633 -0.0286197 -0.0237869 -0.0195019 -0.0157729 -0.0126535 -0.0100833 -0.00802978 -0.00640961 -0.00515019 -0.00419674 -0.00347043 -0.00295436 -0.00256927 -0.00232328 -0.0021397 -0.00204154 -0.00196173 -0.00193133 -0.00189728 -0.0018917 -0.00187571 -0.0018766 -0.00186795 -0.0018691 -0.00186423 -0.00186417 -0.00186184 -0.00186056 -0.00186015 -0.00185801 -0.00185903 -0.0018565 -0.00185848 -0.00185599 -0.00185848 -0.0018565 -0.00185903 -0.00185801 -0.00186014 -0.00186053 -0.00186176 -0.00186397 -0.00186373 -0.0018679 -0.00186517 -0.00187041 -0.00186242 -0.0018642 -0.00184251 -0.00182636 -0.00176817 -0.00169814 -0.00155333 -0.00135884 -0.00103927 -0.000608676 1.4183e-05 0.000835119 0.00193757 0.0033617 0.00519022 0.00749782 0.0103383 0.0137787 0.0177934 0.0223923 0.0274605 0.0329401 0.0386477 0.0444279 0.0500247 0.0551758 0.0596246 0.0631049 0.065448 0.0664335 0.0659625 0.0639258 0.0603678 0.0553973 0.0491641 0.0418799 0.0337105 0.0249342 0.0157794 0.00651567 -0.00261681 -0.0114106 -0.0196275 -0.0271403 -0.0337884 -0.0394551 -0.0440439 -0.0475054 -0.0499031 -0.0512417 -0.0515692 -0.0509938 -0.0496648 -0.0477469 -0.0453271 -0.042557 -0.0396201 -0.0366166 -0.0336308 -0.0307459 -0.0280446 -0.0255695 -0.0233116 -0.0212934 -0.0195352 -0.0179973 -0.0166591 -0.0155196 -0.0145463 -0.0137195 -0.0130082 -0.0123842 -0.0118798 -0.0114573 -0.0110532 -0.01072 -0.0104564 -0.010208 -0.0100038 -0.00982483 -0.00964129 -0.00951379 -0.00942438 -0.00931853 -0.00924387 -0.00920207 -0.00914398 
0 0.000275367 0.000555587 0.000822403 0.00107028 0.00135627 0.00168305 0.00198202 0.00228543 0.00263636 0.00298434 0.00334627 0.00377075 0.00422674 0.0047079 0.00525629 0.00589527 0.00660898 0.0073956 0.00832406 0.00941554 0.0106479 0.0120835 0.0137547 0.015645 0.0177814 0.0201669 0.0227889 0.0256252 0.0286138 0.0316926 0.0347812 0.0377655 0.040502 0.0428383 0.0446498 0.0458023 0.0461297 0.0455032 0.0438759 0.0412104 0.0374633 0.032633 0.0267935 0.0200811 0.0125945 0.00445633 -0.00416563 -0.0130713 -0.0220312 -0.0308564 -0.0393089 -0.0471643 -0.0541975 -0.0601935 -0.0649829 -0.0683768 -0.070295 -0.0707 -0.0696715 -0.0673303 -0.0638256 -0.0593743 -0.05419 -0.0485746 -0.0427661 -0.0370267 -0.0315259 -0.0264183 -0.0218113 -0.0177646 -0.0143287 -0.0114655 -0.00916277 -0.00731778 -0.00589263 -0.00478228 -0.00395513 -0.00333371 -0.00289164 -0.00257951 -0.00236799 -0.00223323 -0.00214226 -0.00209509 -0.00205673 -0.0020462 -0.00202667 -0.00202935 -0.00201539 -0.00202237 -0.00200995 -0.00201832 -0.00200658 -0.00201544 -0.00200428 -0.00201338 -0.0020028 -0.00201214 -0.00200208 -0.00201172 -0.00200208 -0.00201214 -0.0020028 -0.00201338 -0.00200426 -0.00201539 -0.00200645 -0.002018 -0.00200917 -0.00202053 -0.00201122 -0.00202024 -0.00200748 -0.00200727 -0.00198071 -0.0019522 -0.00188382 -0.00178336 -0.0016139 -0.00136102 -0.000990666 -0.000463777 0.000249794 0.00121679 0.00247 0.00410742 0.0061693 0.00876481 0.0119157 0.0156836 0.0200311 0.0249294 0.0302827 0.0359709 0.0418415 0.0476633 0.0532085 0.0581754 0.062342 0.0654674 0.0673954 0.0679715 0.0670919 0.0647384 0.0609465 0.055866 0.0496329 0.042448 0.0345067 0.0260283 0.017229 0.00828102 -0.000599106 -0.00921563 -0.0173733 -0.0249434 -0.0318197 -0.0378512 -0.0429189 -0.0469582 -0.0499767 -0.051979 -0.0529634 -0.053001 -0.0522159 -0.0507327 -0.0486679 -0.0461552 -0.0433411 -0.0403639 -0.0373309 -0.0343359 -0.031459 -0.0287547 -0.0262825 -0.0240465 -0.0220313 -0.020275 -0.0187527 -0.0174096 -0.0162528 -0.0152803 -0.0144538 -0.0137259 -0.0131061 -0.0126141 -0.0121737 -0.0117709 -0.0114581 -0.0111741 -0.0109004 -0.0107067 -0.0105537 -0.0103913 -0.0102558 -0.0101518 -0.0100627 -0.00999753 -0.00995855 
0 0.000290327 0.000583184 0.000892242 0.00120937 0.00151955 0.00183338 0.00217208 0.00252917 0.00289042 0.00328896 0.0037378 0.00420185 0.00469799 0.00525629 0.00589166 0.00662879 0.00743898 0.00835826 0.00947371 0.0107317 0.0121416 0.0138043 0.0156968 0.0178138 0.0201823 0.0227978 0.025646 0.0286325 0.0317171 0.0348526 0.0378739 0.0406757 0.0431306 0.0450885 0.0464314 0.0469993 0.0466954 0.045434 0.0431627 0.0398948 0.0356065 0.0303489 0.0242245 0.0173581 0.00987538 0.00186153 -0.0065227 -0.015093 -0.0236707 -0.0320952 -0.0402164 -0.047827 -0.0547206 -0.0606953 -0.0655732 -0.0692008 -0.0714492 -0.0722668 -0.0716711 -0.0697466 -0.0666213 -0.062458 -0.0574762 -0.0519293 -0.0460936 -0.0402212 -0.0345205 -0.0291591 -0.0242539 -0.0198999 -0.0161378 -0.0129831 -0.0103984 -0.00832906 -0.00670037 -0.00543746 -0.00447742 -0.00375608 -0.00323388 -0.00285807 -0.00260539 -0.00243194 -0.00232659 -0.00225596 -0.00221873 -0.0021923 -0.00218111 -0.00217102 -0.00216791 -0.00216345 -0.00216225 -0.00215998 -0.00215899 -0.00215788 -0.0021568 -0.00215651 -0.00215539 -0.00215571 -0.00215469 -0.00215545 -0.00215469 -0.00215571 -0.00215538 -0.0021565 -0.00215677 -0.0021578 -0.00215878 -0.00215947 -0.00216105 -0.00216069 -0.00216176 -0.00215782 -0.00215382 -0.002138 -0.00211469 -0.00206411 -0.00198608 -0.00185006 -0.00164727 -0.00133597 -0.000896529 -0.000277826 0.000554032 0.00166143 0.00310076 0.00494819 0.00727835 0.0101574 0.0136357 0.0177182 0.0223843 0.0275595 0.0331506 0.0390123 0.0449639 0.0507706 0.0561652 0.0608848 0.0646917 0.0674035 0.068869 0.0689809 0.0676856 0.0649985 0.0610136 0.0558549 0.0496791 0.0426637 0.0350102 0.026924 0.0185518 0.010036 0.00152149 -0.00680986 -0.0147952 -0.0223391 -0.0293224 -0.0356289 -0.0411173 -0.0457002 -0.0493463 -0.052003 -0.0536869 -0.0544152 -0.0542485 -0.0532982 -0.0516662 -0.0495136 -0.0469386 -0.0440636 -0.0410731 -0.0380429 -0.035051 -0.0321766 -0.0294893 -0.0270421 -0.0247861 -0.0227663 -0.0210337 -0.0194942 -0.018143 -0.017006 -0.0160347 -0.0152039 -0.0144759 -0.0138481 -0.0133387 -0.0128956 -0.0125022 -0.0121766 -0.0119011 -0.0116663 -0.0114593 -0.0112748 -0.0111315 -0.0110176 -0.0109192 -0.0108444 -0.0107941 
0 0.000323974 0.000639336 0.000972148 0.00132633 0.00167451 0.0020171 0.00238325 0.00278127 0.00320267 0.00365159 0.00412886 0.00464521 0.0052324 0.00589527 0.00662879 0.00744895 0.00838868 0.00949288 0.0107586 0.0121868 0.0138381 0.0157277 0.0178535 0.0202167 0.0228039 0.025638 0.0286408 0.0317127 0.0348493 0.0379277 0.0407943 0.0433313 0.0454055 0.0469191 0.0476895 0.0476034 0.0466327 0.0446942 0.0417909 0.0379206 0.0331376 0.0275458 0.0212163 0.0143075 0.00690773 -0.000875824 -0.00890686 -0.0170604 -0.0251643 -0.0331431 -0.0408632 -0.0481719 -0.0548799 -0.0607776 -0.0657288 -0.0695548 -0.0721446 -0.0733838 -0.0732498 -0.0717876 -0.0690768 -0.0652761 -0.0605491 -0.0551584 -0.0493521 -0.043411 -0.0375558 -0.0319719 -0.0268048 -0.0221475 -0.0180821 -0.0146175 -0.0117584 -0.00943793 -0.00760459 -0.0061684 -0.00506993 -0.00423844 -0.00362564 -0.00318502 -0.00287586 -0.00266973 -0.00253172 -0.00244883 -0.00239342 -0.0023652 -0.00234327 -0.00233542 -0.00232508 -0.00232372 -0.00231713 -0.00231769 -0.00231254 -0.00231376 -0.00230947 -0.0023111 -0.00230749 -0.00230952 -0.00230651 -0.00230899 -0.00230651 -0.00230951 -0.00230748 -0.00231108 -0.00230942 -0.00231364 -0.00231222 -0.00231692 -0.00231532 -0.00231962 -0.00231612 -0.00231656 -0.00230503 -0.00229052 -0.00225299 -0.00219465 -0.0020888 -0.0019262 -0.00167238 -0.00130379 -0.000779601 -5.97311e-05 0.000903745 0.00217397 0.00381086 0.00590144 0.00850488 0.0116979 0.0154926 0.0199003 0.024856 0.0302909 0.0360756 0.0420553 0.0480249 0.0537245 0.0589002 0.0632784 0.0666742 0.0689023 0.0698653 0.0694805 0.0677499 0.0647506 0.0605827 0.0554048 0.0493314 0.0425618 0.0352685 0.0276284 0.0197641 0.0117425 0.00370291 -0.00425728 -0.0119932 -0.0194188 -0.0264354 -0.0329005 -0.0387362 -0.0438027 -0.0480229 -0.0513264 -0.0536846 -0.0551422 -0.0556642 -0.0553245 -0.0542462 -0.0525395 -0.0503276 -0.0476868 -0.0448025 -0.0418163 -0.0387654 -0.0357687 -0.0329089 -0.0302369 -0.0277835 -0.0255368 -0.0235434 -0.0218028 -0.0202646 -0.0189264 -0.01777 -0.0167855 -0.0159574 -0.0152296 -0.0146005 -0.0140841 -0.0136419 -0.0132609 -0.0129447 -0.0126558 -0.0123966 -0.0122137 -0.0120672 -0.0119097 -0.0118 -0.0117369 -0.0116581 
0 0.000355145 0.000733156 0.00108058 0.00142162 0.00181147 0.00222115 0.0026403 0.0030804 0.00353263 0.00402837 0.00457804 0.00516662 0.0058405 0.00660898 0.00743898 0.00838868 0.00951434 0.0107818 0.0122029 0.0138562 0.0157503 0.017865 0.0202243 0.0228193 0.0256311 0.0286269 0.0317174 0.0348498 0.0379413 0.0408578 0.0434745 0.0456358 0.0472553 0.0482113 0.048329 0.0475703 0.0458986 0.0433043 0.0397869 0.0353609 0.0301779 0.0243183 0.017889 0.0110096 0.00376813 -0.00368697 -0.0113003 -0.0189462 -0.0265378 -0.0340181 -0.0412773 -0.0482361 -0.0546846 -0.0604819 -0.0654593 -0.0694716 -0.072392 -0.0740533 -0.0744179 -0.0734375 -0.0712075 -0.0678127 -0.0634228 -0.0582567 -0.0525521 -0.0466094 -0.0406371 -0.0348809 -0.0294598 -0.0245306 -0.0201506 -0.016384 -0.0132279 -0.0106446 -0.00858641 -0.00695693 -0.00571124 -0.0047476 -0.00404607 -0.00351835 -0.00316129 -0.00290156 -0.00274304 -0.00263011 -0.00256982 -0.00252598 -0.00250572 -0.00249003 -0.00248268 -0.0024776 -0.00247313 -0.00247236 -0.00246793 -0.00246939 -0.00246457 -0.00246746 -0.00246242 -0.00246633 -0.00246137 -0.00246595 -0.00246137 -0.00246632 -0.00246241 -0.00246743 -0.00246449 -0.00246919 -0.00246744 -0.00247119 -0.00247043 -0.00247161 -0.00246983 -0.00246348 -0.00245286 -0.00242464 -0.00238275 -0.00229762 -0.00217385 -0.00196239 -0.00166588 -0.00121637 -0.000611936 0.000232003 0.00133009 0.00278368 0.00463078 0.0069772 0.00986982 0.01337 0.0174875 0.0221881 0.0274238 0.0330654 0.0390108 0.0450379 0.0509601 0.056477 0.0613554 0.0653434 0.0682632 0.06999 0.0704108 0.0695354 0.0673717 0.0640774 0.0597595 0.0545761 0.0486651 0.0421719 0.0352977 0.028134 0.0208062 0.0133435 0.00583048 -0.00165436 -0.00906741 -0.016281 -0.0232253 -0.0297644 -0.0358231 -0.0413035 -0.0460343 -0.0499511 -0.05299 -0.0551554 -0.0564211 -0.0567664 -0.0563165 -0.0551541 -0.0533769 -0.0511011 -0.0484383 -0.0455537 -0.0425432 -0.0394986 -0.0365214 -0.0336636 -0.031006 -0.0285709 -0.0263312 -0.0243326 -0.0225959 -0.0210613 -0.0197028 -0.0185467 -0.0175722 -0.016728 -0.0160037 -0.0153906 -0.0148648 -0.0144107 -0.0140201 -0.0137032 -0.0134443 -0.013205 -0.0130032 -0.0128585 -0.0127367 -0.0126321 -0.012567 
