0 0 0 0 0 0 0 0 0 0 0 0 0 0 0 0 0 0 0 0 0 0 0 0 0 0 0 0 0 0 0 0 0 0 0 0 0 0 0 0 0 0 0 0 0 0 0 0 0 0 0 0 0 0 0 0 0 0 0 0 0 0 0 0 0 0 0 0 0 0 0 0 0 0 0 0 0 0 0 0 0 0 0 0 0 0 0 0 0 0 0 0 0 0 0 0 0 0 0 0 0 0 0 0 0 0 0 0 0 0 0 0 0 0 0 0 0 0 0 0 0 0 0 0 0 0 0 0 0 0 0 0 0 0 0 0 0 0 0 0 0 0 0 0 0 0 0 0 0 0 0 0 0 0 0 0 0 0 0 0 0 0 0 0 0 0 0 0 0 0 0 0 0 0 0 0 0 0 0 0 0 0 0 0 0 0 0 0 0 0 0 0 0 0 0 0 0 0 0 0 
0 2.20888e-06 2.06599e-05 2.50631e-05 3.23745e-05 4.76752e-05 4.87193e-05 6.32554e-05 7.4015e-05 7.32639e-05 0.000105345 0.000100857 7.52459e-05 0.000133509 0.000157487 0.000128352 0.000162011 0.000171293 0.000168891 0.000205023 0.000201037 0.000218544 0.000250692 0.00025775 0.000290172 0.000294183 0.000318527 0.000358064 0.000348886 0.000397716 0.00043778 0.000451921 0.000511061 0.000551938 0.000616331 0.000669362 0.000734042 0.000852839 0.000936139 0.00106903 0.00123998 0.0014375 0.00168183 0.00193848 0.00228876 0.00265816 0.0030466 0.00346593 0.00387818 0.00428937 0.00458939 0.00480186 0.00487894 0.00478297 0.00447913 0.00391669 0.00316372 0.00219795 0.00108081 -0.000181071 -0.00149994 -0.00278173 -0.0039696 -0.00498512 -0.00582912 -0.00642315 -0.00677445 -0.00684708 -0.00669377 -0.00635129 -0.00587218 -0.00530483 -0.00466646 -0.00401459 -0.00335788 -0.00276172 -0.00221963 -0.00177296 -0.00139257 -0.00109354 -0.000845097 -0.000652237 -0.000497353 -0.000379544 -0.000292881 -0.000228464 -0.000188367 -0.000157025 -0.00014345 -0.000128536 -0.000127201 -0.000118727 -0.000122059 -0.000115589 -0.000120465 -0.000114514 -0.000119876 -0.000114071 -0.000119611 -0.00011389 -0.000119527 -0.000113884 -0.000119593 -0.000114022 -0.000119752 -0.000114214 -0.000119764 -0.00011401 -0.000118637 -0.000111601 -0.000112949 -0.000101177 -9.30758e-05 -6.81069e-05 -3.79256e-05 1.55799e-05 8.70437e-05 0.000189124 0.00032345 0.000494998 0.000715697 0.000984708 0.00132839 0.00173876 0.00224684 0.00282137 0.00347481 0.00414552 0.00482837 0.00546063 0.0060333 0.00649282 0.00679839 0.00689648 0.00672902 0.006304 0.00560607 0.00470489 0.00359142 0.00234022 0.000983749 -0.000369708 -0.00163526 -0.00277211 -0.00372134 -0.00449385 -0.00500463 -0.00529248 -0.00536005 -0.00527148 -0.00505597 -0.00470173 -0.00430605 -0.00387054 -0.00346699 -0.00305639 -0.00266513 -0.00235149 -0.00206026 -0.00182738 -0.00160033 -0.00143457 -0.00131374 -0.0011705 -0.00108389 -0.00100091 -0.000942702 -0.000886814 -0.000821504 -0.000815564 -0.000764779 -0.000723897 -0.000718755 -0.000675327 -0.000658244 -0.000629322 -0.000610139 -0.000610373 -0.000570493 -0.000575194 -0.000569215 -0.000535662 -0.000558029 -0.000526819 -0.000486446 -0.000521193 -0.000512647 -0.000483215 -0.000484328 -0.000481108 -0.000489975 -0.000479606 -0.000455911 -0.000466545 -0.00045913 -0.000444564 -0.000470168 -0.000468663 -0.000440463 -0.000454674 
0 2.06599e-05 3.68548e-05 4.99501e-05 6.85449e-05 9.03071e-05 0.000101781 0.000120638 0.000149123 0.0001545 0.000169193 0.000213961 0.000235935 0.000239578 0.00025228 0.000276488 0.000319229 0.000344727 0.000355043 0.000395055 0.000434559 0.000449547 0.000476745 0.000523627 0.000552887 0.000584221 0.000650274 0.000695974 0.000735604 0.000807942 0.000872319 0.000934761 0.00100526 0.00110833 0.00122327 0.00132351 0.0014924 0.00169032 0.0019018 0.00217202 0.00250235 0.00292574 0.00338033 0.00392831 0.00459703 0.00532096 0.00611145 0.00691121 0.00775387 0.00852614 0.00913431 0.00954958 0.00967633 0.00949404 0.00884818 0.00776127 0.00623686 0.00432774 0.00210213 -0.00040798 -0.00299656 -0.00556222 -0.00789002 -0.00993659 -0.0115861 -0.0127798 -0.0134704 -0.0136204 -0.0133366 -0.0126469 -0.0117227 -0.0105694 -0.00932914 -0.00800724 -0.00672701 -0.00552054 -0.00445417 -0.00355035 -0.00279041 -0.0021909 -0.00168383 -0.00130814 -0.000980947 -0.000763915 -0.000567851 -0.000462446 -0.00035662 -0.000319694 -0.000266401 -0.000262891 -0.000235044 -0.00024365 -0.000226706 -0.000237795 -0.000225563 -0.000235964 -0.000226066 -0.000235272 -0.000226616 -0.000234995 -0.000226818 -0.000234981 -0.000226574 -0.000235161 -0.00022579 -0.0002353 -0.000224025 -0.000234365 -0.000219343 -0.00022845 -0.000204895 -0.000205468 -0.00016145 -0.000135698 -4.72274e-05 3.67314e-05 0.000205707 0.000389692 0.000679592 0.00100847 0.00146414 0.0019973 0.00268847 0.00351263 0.00451498 0.00567024 0.00694357 0.00829431 0.0096177 0.0108957 0.0119979 0.0129216 0.0134951 0.0136872 0.0133477 0.0124981 0.0111348 0.00932569 0.00715023 0.00464901 0.00200334 -0.000685469 -0.00318059 -0.00543474 -0.00733555 -0.00884383 -0.00990076 -0.0104641 -0.0106503 -0.0104794 -0.0100649 -0.00940171 -0.00860587 -0.00778211 -0.00694384 -0.00614652 -0.00536877 -0.00471495 -0.00415291 -0.00364642 -0.00322787 -0.00287945 -0.0026232 -0.0023777 -0.00217243 -0.00203708 -0.00190053 -0.00178056 -0.0016771 -0.00160451 -0.00153268 -0.00144716 -0.00140796 -0.0013659 -0.00130656 -0.00127617 -0.00124896 -0.00120481 -0.00116658 -0.00115017 -0.00112102 -0.0010782 -0.00106479 -0.00106211 -0.00104527 -0.00101908 -0.000995332 -0.000990803 -0.000987633 -0.000965178 -0.000939819 -0.000938989 -0.000948456 -0.000932056 -0.000925075 -0.000933139 -0.000903463 -0.00089218 -0.000917452 -0.000903285 
0 2.50631e-05 4.99501e-05 7.80862e-05 0.000105264 0.000131076 0.000158185 0.000185197 0.000214762 0.000243361 0.000268846 0.000299893 0.000332681 0.000364136 0.000400747 0.000435572 0.000469515 0.000508159 0.000543175 0.000585721 0.000636716 0.00067642 0.000727168 0.000791279 0.000839252 0.000897745 0.000972465 0.00103766 0.00111226 0.00120285 0.00130354 0.00140936 0.00152719 0.00168258 0.00184746 0.00202927 0.00227094 0.00255578 0.00289079 0.00329597 0.0038036 0.00442186 0.00512763 0.00596876 0.00695003 0.00804014 0.00920454 0.0104061 0.0116201 0.0127237 0.0136068 0.0141746 0.0143349 0.0139901 0.013012 0.0113796 0.00911013 0.00627897 0.00296461 -0.000710689 -0.00453292 -0.00828505 -0.0117366 -0.01475 -0.0171861 -0.0189498 -0.0199648 -0.020224 -0.0198114 -0.0188392 -0.0174639 -0.0157872 -0.0139383 -0.0120024 -0.0101021 -0.00831988 -0.00673443 -0.00537597 -0.00424445 -0.00332447 -0.00257716 -0.0019876 -0.00151636 -0.00116274 -0.000890068 -0.000703158 -0.000565197 -0.000482732 -0.000422303 -0.000393488 -0.000369509 -0.000362774 -0.000352978 -0.000353436 -0.000348465 -0.000350667 -0.000347314 -0.000349735 -0.000347007 -0.000349397 -0.00034693 -0.000349371 -0.00034693 -0.000349535 -0.000346822 -0.000349503 -0.000345807 -0.000347589 -0.000340596 -0.000337546 -0.000320099 -0.000300515 -0.000254307 -0.000191312 -7.98656e-05 7.32445e-05 0.000304433 0.000608294 0.00102183 0.0015428 0.00221084 0.00303675 0.00406512 0.00531541 0.00680744 0.00852594 0.0104162 0.0124039 0.014376 0.0162463 0.0178911 0.0192147 0.0200585 0.0202957 0.0197978 0.0185307 0.0165233 0.0138502 0.0106225 0.00695278 0.00304564 -0.000885979 -0.00459506 -0.00792573 -0.0107578 -0.0129955 -0.0145748 -0.0154698 -0.0157737 -0.0155717 -0.014965 -0.0140319 -0.01289 -0.0116767 -0.0104478 -0.00925759 -0.0081377 -0.00714834 -0.00629713 -0.00554574 -0.00491175 -0.00438879 -0.00396495 -0.00360271 -0.00329418 -0.00306129 -0.00285863 -0.00267875 -0.00253467 -0.00241399 -0.00230778 -0.00220339 -0.0021219 -0.00205284 -0.001972 -0.00191156 -0.00186245 -0.00180413 -0.00175856 -0.00172116 -0.00168257 -0.00164706 -0.00161259 -0.00158307 -0.00155493 -0.00152731 -0.00150697 -0.0014855 -0.00146576 -0.00145297 -0.00143469 -0.00142064 -0.00141275 -0.00139284 -0.00138178 -0.00138309 -0.00137009 -0.00136675 -0.0013739 -0.00135607 
0 3.23745e-05 6.85449e-05 0.000105264 0.000140771 0.000172437 0.000212098 0.000252858 0.000278081 0.000323787 0.000379689 0.00039622 0.00042505 0.000494107 0.000546502 0.000582018 0.000623629 0.000674171 0.000737282 0.000789843 0.000836885 0.000910462 0.00098402 0.00104468 0.00112878 0.00121413 0.00129084 0.0013948 0.00149944 0.00161237 0.00174921 0.00189061 0.00206947 0.00226019 0.00248032 0.0027632 0.00306909 0.00345975 0.00392559 0.00448287 0.00517985 0.00598184 0.00696308 0.0080888 0.00937174 0.010813 0.0123241 0.0139166 0.0154423 0.0168364 0.0179469 0.0186212 0.0187764 0.01821 0.0168938 0.0147073 0.0117209 0.00799397 0.00363564 -0.00112282 -0.0061067 -0.0109507 -0.0154777 -0.0193929 -0.0225807 -0.0248785 -0.0262084 -0.0265995 -0.0260826 -0.0248815 -0.0230765 -0.020926 -0.0184856 -0.0159823 -0.0134806 -0.0111533 -0.00905656 -0.00724674 -0.00574226 -0.00448896 -0.00350347 -0.00268318 -0.0020768 -0.00156829 -0.0012313 -0.000943474 -0.00078676 -0.000639965 -0.000586299 -0.000515518 -0.000509245 -0.000472952 -0.000483347 -0.000461023 -0.000475111 -0.000458503 -0.000472237 -0.000458288 -0.000471071 -0.000458399 -0.000470715 -0.000458354 -0.000470939 -0.000457952 -0.000471425 -0.000456612 -0.000470867 -0.000451844 -0.000464229 -0.00043463 -0.000435361 -0.000378582 -0.000342401 -0.000222536 -0.000100081 0.000143085 0.000424852 0.000868747 0.00139604 0.00212794 0.00300389 0.00413893 0.00550444 0.00718409 0.00915759 0.0114141 0.0138983 0.0164752 0.0190715 0.0214799 0.023641 0.0253019 0.0263823 0.0266202 0.0259609 0.0242939 0.0216755 0.0181973 0.0139663 0.0092252 0.0041381 -0.000928737 -0.00578799 -0.0101413 -0.013865 -0.0168187 -0.0189119 -0.0201909 -0.0206509 -0.0204791 -0.019728 -0.0185818 -0.0171637 -0.0155863 -0.0140042 -0.0124304 -0.0109902 -0.00966967 -0.0085068 -0.00751985 -0.00665617 -0.00595704 -0.00535382 -0.00486464 -0.00446848 -0.0041156 -0.00384589 -0.00360755 -0.0034074 -0.0032402 -0.00308298 -0.00296485 -0.00284334 -0.0027323 -0.00265164 -0.00255896 -0.00247875 -0.00242108 -0.00235684 -0.00229479 -0.00224534 -0.00220553 -0.00216513 -0.00210883 -0.0020626 -0.00204946 -0.00202509 -0.00197929 -0.00195095 -0.00193828 -0.00192792 -0.00190206 -0.00186852 -0.00186659 -0.00185627 -0.00182818 -0.00184181 -0.00183966 -0.00180486 -0.00181841 
0 4.76752e-05 9.03071e-05 0.000131076 0.000172437 0.000218952 0.000267486 0.000307425 0.000358546 0.000412744 0.000441812 0.000507122 0.000590733 0.000604624 0.000645048 0.000736408 0.000784092 0.000852707 0.000933345 0.000982878 0.00107116 0.00115318 0.00122164 0.00131382 0.00140546 0.00152536 0.00162984 0.00174572 0.00191311 0.00204029 0.00220183 0.00240869 0.00260944 0.00285997 0.00314205 0.00350567 0.00392342 0.00439901 0.00502981 0.005756 0.00662691 0.00766239 0.008884 0.0103171 0.0118841 0.0136394 0.0155039 0.0174022 0.0192264 0.020824 0.0221072 0.0228408 0.022898 0.0221059 0.0203803 0.0176797 0.0139749 0.00940381 0.00408346 -0.00169519 -0.00769444 -0.0135779 -0.0190466 -0.0238325 -0.0276869 -0.0304969 -0.032135 -0.0326608 -0.0321115 -0.0306898 -0.0285523 -0.0259244 -0.0229866 -0.0199148 -0.0168871 -0.014016 -0.0114416 -0.0091795 -0.00729355 -0.00571464 -0.00445811 -0.00343229 -0.00264563 -0.0020212 -0.00156718 -0.00122413 -0.000992855 -0.000829845 -0.000728645 -0.000663863 -0.000625252 -0.000605215 -0.000590721 -0.000588033 -0.000580649 -0.000584026 -0.000577933 -0.000583412 -0.000577192 -0.00058341 -0.000577002 -0.000583335 -0.000576973 -0.000582865 -0.000576637 -0.000581065 -0.000574125 -0.000574182 -0.000562397 -0.000549456 -0.00051963 -0.000471418 -0.000391433 -0.000261515 -7.10717e-05 0.000216145 0.000604486 0.00114641 0.00183802 0.00274924 0.00387432 0.00530289 0.00702723 0.00913066 0.0115678 0.0143539 0.0173667 0.0205241 0.0236511 0.0265946 0.0291663 0.0311535 0.0323741 0.0326044 0.0317542 0.0297082 0.0265379 0.0222908 0.0171814 0.0114252 0.00532261 -0.00080716 -0.00669061 -0.0120072 -0.0165811 -0.0202028 -0.0228555 -0.024509 -0.025227 -0.0251206 -0.0243115 -0.0230311 -0.0213773 -0.0195322 -0.0175936 -0.0156982 -0.0139361 -0.0122859 -0.0108359 -0.00956529 -0.00850259 -0.00759352 -0.00680782 -0.00620176 -0.00567566 -0.00523737 -0.00486833 -0.00456248 -0.00432051 -0.00406542 -0.00388094 -0.00372852 -0.00355796 -0.00343746 -0.00332344 -0.00322512 -0.00312618 -0.0030276 -0.00297128 -0.00288131 -0.00280522 -0.00276271 -0.00268345 -0.00265106 -0.00263088 -0.00255219 -0.00251195 -0.00250129 -0.00246353 -0.00242139 -0.00238809 -0.00237355 -0.00236049 -0.00233954 -0.00233069 -0.00231438 -0.0022874 -0.0022755 -0.00227533 -0.00227605 
0 4.87193e-05 0.000101781 0.000158185 0.000212098 0.000267486 0.000322783 0.000371595 0.0004332 0.000498425 0.000541372 0.000604778 0.000684561 0.000733443 0.000806532 0.000896191 0.000946146 0.00102368 0.00111796 0.00118543 0.00128474 0.00138912 0.00148246 0.00159841 0.0017144 0.00184554 0.00197447 0.00211414 0.00230297 0.00247038 0.00266774 0.00292996 0.00318802 0.00349647 0.00386515 0.0043072 0.0048292 0.00542378 0.00619532 0.00710546 0.00816064 0.00943616 0.0109207 0.0126376 0.0145097 0.0165553 0.0187383 0.0208983 0.022943 0.0246932 0.0260428 0.0267617 0.0266389 0.0255645 0.0234076 0.0201713 0.0157965 0.0104272 0.00425573 -0.00243887 -0.00932462 -0.0161203 -0.0224258 -0.027974 -0.0324426 -0.0357075 -0.0376639 -0.0383324 -0.0378085 -0.0362194 -0.033817 -0.0307786 -0.0273985 -0.0238254 -0.0203079 -0.0169459 -0.0139016 -0.011214 -0.00893025 -0.00703454 -0.00548452 -0.004256 -0.00327105 -0.00253044 -0.00194682 -0.00154432 -0.00123078 -0.00104413 -0.000892904 -0.000825009 -0.000756519 -0.000742685 -0.000709585 -0.000715685 -0.000695668 -0.000707489 -0.000692009 -0.000704919 -0.000691111 -0.000704076 -0.000690894 -0.000703952 -0.000690757 -0.000704051 -0.000689988 -0.000702958 -0.000685877 -0.000695296 -0.00066868 -0.000663668 -0.000609598 -0.00056212 -0.000440207 -0.000293613 -3.1871e-05 0.000303635 0.000807092 0.00144807 0.00231875 0.0034084 0.00480457 0.00652307 0.00862811 0.0111381 0.0140427 0.0173155 0.020833 0.024509 0.0281215 0.0315334 0.0344543 0.0367067 0.0380046 0.0382002 0.0371314 0.0347409 0.0310486 0.0261259 0.0202244 0.0135784 0.00658104 -0.000494134 -0.00728048 -0.0134875 -0.0188354 -0.0231211 -0.0263217 -0.0283871 -0.0294116 -0.029436 -0.0286645 -0.0273041 -0.0255038 -0.0234425 -0.0212193 -0.0190457 -0.0169749 -0.015039 -0.0132978 -0.0117602 -0.0104731 -0.00934004 -0.00837596 -0.00760191 -0.0069417 -0.00639462 -0.00591969 -0.00554704 -0.00523891 -0.00493497 -0.00471073 -0.00451348 -0.00431748 -0.00415844 -0.00400941 -0.00388628 -0.00376052 -0.00364705 -0.00357127 -0.00346983 -0.00339054 -0.00333856 -0.00324922 -0.00318731 -0.00314625 -0.00307786 -0.00303164 -0.00299838 -0.0029542 -0.00292077 -0.0028917 -0.00286531 -0.00283883 -0.00280602 -0.00278544 -0.00277513 -0.00276328 -0.00275683 -0.00275007 -0.00273339 
0 6.32554e-05 0.000120638 0.000185197 0.000252858 0.000307425 0.000371595 0.000450689 0.000503024 0.000564737 0.000667181 0.000721933 0.000762324 0.000876782 0.000966281 0.00102415 0.00112238 0.00120531 0.00130486 0.00141926 0.00149918 0.0016281 0.00175541 0.00186494 0.0020289 0.00216396 0.0023239 0.00252268 0.00269788 0.00293501 0.00317683 0.00345548 0.0038044 0.00415399 0.00462294 0.00515956 0.00577721 0.00655637 0.00745325 0.008568 0.0098428 0.0113411 0.013115 0.0150641 0.0172455 0.0195516 0.0219738 0.0243615 0.0265228 0.0283865 0.0296935 0.0303122 0.02996 0.0285318 0.0259569 0.0221427 0.0171653 0.0110537 0.0041401 -0.00334225 -0.0110157 -0.0185602 -0.0256197 -0.0317876 -0.0368336 -0.0404905 -0.0427719 -0.0436019 -0.0431336 -0.0414588 -0.038827 -0.0354853 -0.0316871 -0.0277117 -0.0237141 -0.0199311 -0.016413 -0.0133297 -0.0106374 -0.00842066 -0.00657345 -0.00511881 -0.00394693 -0.00305615 -0.0023672 -0.00186418 -0.00150094 -0.001246 -0.00108247 -0.000966711 -0.000908851 -0.000858248 -0.000847698 -0.000821822 -0.000829457 -0.000810911 -0.000824844 -0.000807798 -0.000823845 -0.000806913 -0.000823612 -0.000806713 -0.000823282 -0.000806443 -0.000821749 -0.000804107 -0.000815037 -0.000792369 -0.000789742 -0.000748425 -0.000708486 -0.000614767 -0.000487127 -0.000275528 2.53249e-05 0.000455615 0.00104832 0.00182926 0.0028635 0.00416346 0.00582877 0.00785233 0.0103439 0.0132431 0.0166147 0.020313 0.0243201 0.028415 0.0324821 0.0362415 0.0394673 0.0418756 0.0432105 0.0433165 0.0420113 0.0393042 0.0351165 0.0296444 0.0230348 0.0156795 0.00789573 4.25004e-05 -0.00752138 -0.0145078 -0.0205345 -0.0254888 -0.0292037 -0.031748 -0.033106 -0.033368 -0.0327423 -0.031376 -0.0295443 -0.0273096 -0.0249109 -0.022483 -0.020122 -0.0179342 -0.015882 -0.0141085 -0.0125466 -0.0111952 -0.0100634 -0.00908006 -0.00830606 -0.00761805 -0.00704857 -0.00659824 -0.00617778 -0.00585728 -0.00555434 -0.00529867 -0.00509717 -0.00487522 -0.00471969 -0.00456234 -0.00440725 -0.00430732 -0.00417364 -0.00406975 -0.00398759 -0.00388599 -0.00382707 -0.00373808 -0.00364905 -0.00362956 -0.00357108 -0.00349102 -0.00345699 -0.003425 -0.00338919 -0.00334764 -0.00330843 -0.0032966 -0.00327077 -0.00323792 -0.00323988 -0.00322736 -0.0031965 -0.00320307 
0 7.4015e-05 0.000149123 0.000214762 0.000278081 0.000358546 0.0004332 0.000503024 0.000591547 0.000662953 0.000733167 0.000834165 0.000922672 0.00100558 0.00108495 0.0011673 0.00130092 0.00140916 0.00149168 0.00163226 0.00175412 0.00186919 0.00202166 0.00216146 0.00232537 0.00250266 0.00269604 0.00292078 0.00313565 0.00340964 0.00371275 0.00402849 0.00443326 0.00488441 0.00542714 0.0060705 0.00682799 0.0077656 0.00884386 0.0101421 0.0116634 0.0134115 0.0154269 0.0176405 0.0200739 0.0226268 0.0252233 0.0277421 0.0299829 0.0318289 0.0330318 0.0334261 0.0327846 0.0309695 0.0279246 0.0235723 0.0179954 0.0112731 0.00370753 -0.00441594 -0.0127412 -0.020906 -0.0285533 -0.0352611 -0.0407673 -0.0448179 -0.0473837 -0.0484219 -0.0480354 -0.0463446 -0.0435676 -0.0399898 -0.035876 -0.0315349 -0.0271478 -0.0229485 -0.019023 -0.0155241 -0.0124599 -0.0098904 -0.00775891 -0.00605062 -0.00469078 -0.00363514 -0.00283001 -0.00222465 -0.00179244 -0.0014782 -0.00127702 -0.00113137 -0.00105519 -0.000992664 -0.0009736 -0.000945138 -0.000947962 -0.000931043 -0.000940998 -0.000927321 -0.000939309 -0.000926399 -0.00093888 -0.000926081 -0.000938429 -0.000925242 -0.000936337 -0.000920991 -0.000927069 -0.000903282 -0.000892816 -0.000842492 -0.000786349 -0.000667782 -0.000506665 -0.000243407 0.000119541 0.000641153 0.0013389 0.00226859 0.00347358 0.00500635 0.00693602 0.00929483 0.0121463 0.0154576 0.0192386 0.0233646 0.0277747 0.0322609 0.0366748 0.04072 0.0441471 0.0466387 0.047956 0.0479175 0.0463875 0.0433428 0.0387518 0.0327873 0.0256371 0.0176923 0.00928306 0.000797004 -0.00741863 -0.0150296 -0.0216902 -0.0272346 -0.0315014 -0.0345187 -0.0362689 -0.0368617 -0.0364573 -0.0352236 -0.0334027 -0.0311202 -0.0286081 -0.0259864 -0.023394 -0.0209402 -0.0186461 -0.0166035 -0.0147737 -0.0132013 -0.0118616 -0.0107005 -0.00974711 -0.00892963 -0.00826087 -0.00768621 -0.00718709 -0.00679995 -0.006434 -0.00612536 -0.00587148 -0.00563551 -0.00544035 -0.00524766 -0.00509528 -0.00495184 -0.00479492 -0.00469645 -0.00457775 -0.00444851 -0.00438036 -0.00430551 -0.00422278 -0.00414528 -0.00407594 -0.00403751 -0.00398011 -0.00391442 -0.0038742 -0.00383387 -0.00380743 -0.00378412 -0.00375397 -0.00373541 -0.00370024 -0.00367527 -0.0036816 -0.00367012 
0 7.32639e-05 0.0001545 0.000243361 0.000323787 0.000412744 0.000498425 0.000564737 0.000662953 0.000763873 0.000831645 0.000933623 0.00104354 0.0011317 0.00124767 0.00135661 0.00146411 0.00159011 0.00169463 0.00183959 0.0020002 0.00211997 0.00230042 0.00248934 0.00264398 0.00286227 0.00308629 0.00331522 0.00359275 0.00389584 0.00426271 0.00465099 0.00511002 0.00569108 0.00631257 0.00707299 0.00799746 0.00907577 0.0103639 0.0118473 0.0136209 0.0156344 0.0178647 0.0203554 0.0229976 0.0257583 0.0284687 0.0310241 0.0332797 0.0349832 0.0359964 0.0360589 0.0350579 0.0328217 0.0292669 0.0244138 0.0182701 0.0110609 0.00295739 -0.00566189 -0.0144883 -0.0231341 -0.0312021 -0.0383535 -0.0442138 -0.0486434 -0.0514667 -0.0527457 -0.052477 -0.0508361 -0.0480072 -0.0442702 -0.0399479 -0.0352919 -0.0306012 -0.0260055 -0.0217312 -0.0178145 -0.014407 -0.0114675 -0.00905516 -0.00707424 -0.00551612 -0.00428496 -0.00334645 -0.00263803 -0.00211481 -0.0017487 -0.00148469 -0.00132322 -0.00120232 -0.00114711 -0.00109294 -0.00108455 -0.00105605 -0.00106531 -0.00104486 -0.00106002 -0.00104164 -0.00105865 -0.00104075 -0.00105815 -0.00104029 -0.00105688 -0.00103795 -0.00105069 -0.00102624 -0.00102596 -0.000981995 -0.000944751 -0.000846744 -0.000721126 -0.000501504 -0.000198512 0.000249392 0.000857882 0.00167988 0.00276369 0.00415375 0.00593479 0.00813271 0.0108443 0.0140372 0.0177673 0.0219097 0.0264515 0.0311879 0.0360256 0.0406818 0.0449412 0.0484633 0.0509681 0.0522098 0.0519855 0.0502329 0.0468457 0.0419293 0.035544 0.0280111 0.0196055 0.0107338 0.00175769 -0.00697203 -0.0150651 -0.0222883 -0.0283484 -0.0331793 -0.0366648 -0.0388592 -0.0398544 -0.039752 -0.03877 -0.0370306 -0.0348151 -0.0322602 -0.0295262 -0.0267684 -0.0240714 -0.0215867 -0.0192702 -0.0171907 -0.0153822 -0.0138047 -0.0124679 -0.0112912 -0.0103341 -0.00954065 -0.00882824 -0.00826201 -0.00777837 -0.00736664 -0.00700627 -0.00668195 -0.00643694 -0.00617808 -0.00594726 -0.00578699 -0.00559414 -0.00543285 -0.00531523 -0.00518078 -0.00506916 -0.00495782 -0.00485855 -0.0047826 -0.00468098 -0.00460987 -0.00455925 -0.00447935 -0.00443354 -0.00439612 -0.00434155 -0.00431036 -0.00425765 -0.00421523 -0.0042192 -0.00418828 -0.00416674 -0.00417893 -0.00413868 
0 0.000105345 0.000169193 0.000268846 0.000379689 0.000441812 0.000541372 0.000667181 0.000733167 0.000831645 0.000971854 0.00105223 0.00114431 0.00127747 0.00139611 0.00152576 0.00164356 0.00176806 0.00193526 0.00207737 0.00222662 0.00240432 0.00257921 0.00278843 0.00299216 0.00321737 0.00349651 0.0037598 0.00407484 0.00444779 0.00484413 0.00531554 0.00585979 0.00652109 0.00728147 0.00816713 0.00926878 0.0105387 0.01202 0.0137521 0.0157533 0.0180171 0.0204756 0.0231691 0.0260084 0.028873 0.0316379 0.034157 0.0363021 0.0378078 0.0384989 0.0381936 0.0367568 0.0340667 0.0300155 0.0246574 0.0180557 0.0104139 0.00193115 -0.0070756 -0.0162507 -0.0252258 -0.0335979 -0.0410456 -0.0472227 -0.0519464 -0.0550565 -0.0565534 -0.0564634 -0.0549183 -0.0521187 -0.0483214 -0.0438536 -0.0389849 -0.0340117 -0.0291053 -0.0244732 -0.0202033 -0.0164249 -0.0131527 -0.0104234 -0.00818361 -0.00639745 -0.00499031 -0.00390362 -0.00308179 -0.00246763 -0.00203075 -0.00171619 -0.00151338 -0.0013698 -0.00129197 -0.00123196 -0.00121068 -0.0011848 -0.00118509 -0.00117079 -0.00117807 -0.00116706 -0.00117631 -0.00116603 -0.00117555 -0.00116502 -0.0011734 -0.0011607 -0.00116414 -0.00114288 -0.00112984 -0.00108172 -0.00102298 -0.000905709 -0.000741348 -0.000476691 -0.000107268 0.000423475 0.00113824 0.00209637 0.00334475 0.0049469 0.00697347 0.00947496 0.0125128 0.0160759 0.0201665 0.0246814 0.0295531 0.0345991 0.0396776 0.0445153 0.0488664 0.0523939 0.0548279 0.0559177 0.0554953 0.0534724 0.0498009 0.044571 0.0379038 0.0300886 0.0213984 0.0122199 0.00290427 -0.00616076 -0.0146381 -0.0222735 -0.0288229 -0.0341567 -0.0381412 -0.0408258 -0.0422717 -0.0425988 -0.0419334 -0.0404325 -0.0383557 -0.0358531 -0.0330991 -0.0302087 -0.027353 -0.0246502 -0.0221006 -0.0197812 -0.0177088 -0.0159194 -0.0143582 -0.0129938 -0.0118731 -0.0109131 -0.0100985 -0.00940595 -0.00882438 -0.00834641 -0.00789939 -0.00753875 -0.00723363 -0.00693721 -0.00669943 -0.00647779 -0.00628523 -0.00611126 -0.00593113 -0.00580243 -0.00567408 -0.00554007 -0.0054333 -0.00532126 -0.00525145 -0.00518026 -0.00506286 -0.00500952 -0.00497483 -0.00488839 -0.00483758 -0.00480946 -0.00475952 -0.00472599 -0.00470206 -0.004674 -0.00465259 -0.00463576 -0.00462718 
0 0.000100857 0.000213961 0.000299893 0.00039622 0.000507122 0.000604778 0.000721933 0.000834165 0.000933623 0.00105223 0.00116743 0.00129997 0.00143288 0.00153438 0.00167833 0.00183786 0.00198261 0.00215567 0.00230734 0.00248197 0.00269816 0.00287814 0.00310062 0.00335551 0.0036049 0.00391183 0.00422959 0.00459403 0.00502221 0.0054789 0.0060423 0.00668638 0.00744075 0.00834971 0.00939595 0.0106683 0.012141 0.0138393 0.0158215 0.0180502 0.0205432 0.0232269 0.0260898 0.0290617 0.031966 0.0347062 0.0371071 0.039027 0.0402321 0.0405143 0.0397692 0.0378427 0.0346607 0.0301265 0.0243061 0.0173305 0.00935683 0.000623155 -0.00862583 -0.0179983 -0.0271495 -0.0356953 -0.0433229 -0.0497442 -0.0547119 -0.0581007 -0.0598255 -0.0599566 -0.0585709 -0.0558845 -0.052123 -0.0475975 -0.0426009 -0.037404 -0.0322448 -0.0272869 -0.0226992 -0.0185591 -0.0149661 -0.0119092 -0.00940452 -0.00737167 -0.0057768 -0.00452586 -0.00357925 -0.00286325 -0.00234505 -0.00197359 -0.00171966 -0.00155117 -0.00144195 -0.00137744 -0.0013355 -0.00131616 -0.00130021 -0.00129756 -0.00128989 -0.00129259 -0.00128708 -0.00129118 -0.00128594 -0.00128954 -0.00128305 -0.00128304 -0.00127062 -0.00125804 -0.00122545 -0.00117668 -0.00108899 -0.000952916 -0.000741404 -0.000428444 1.65696e-05 0.0006377 0.00146887 0.00257609 0.00400051 0.00583218 0.00811262 0.0109306 0.0142879 0.0182166 0.022638 0.0274995 0.0326495 0.0379549 0.0431957 0.0481332 0.0524771 0.0559204 0.0582065 0.0590887 0.0584409 0.0561395 0.0522143 0.0467236 0.0398722 0.0318894 0.0230611 0.0137263 0.00422703 -0.00503229 -0.0137733 -0.0217143 -0.0286774 -0.034464 -0.0389522 -0.0421528 -0.0441006 -0.0449189 -0.0446604 -0.0435107 -0.0416682 -0.0393113 -0.0366166 -0.0336883 -0.0307364 -0.0278496 -0.0251019 -0.0225612 -0.0202412 -0.0182136 -0.016417 -0.0148608 -0.0135432 -0.0124008 -0.0114582 -0.0106383 -0.00994551 -0.00937429 -0.00886013 -0.00844282 -0.00806529 -0.00773862 -0.00747537 -0.00719861 -0.00698088 -0.00679477 -0.00659116 -0.00643074 -0.00627276 -0.00613938 -0.00603669 -0.00590456 -0.00580004 -0.00571526 -0.00562882 -0.00556392 -0.00547313 -0.0054012 -0.00536622 -0.00530318 -0.00527021 -0.00524888 -0.00518485 -0.00516203 -0.00514795 -0.00510811 -0.00512073 
0 7.52459e-05 0.000235935 0.000332681 0.00042505 0.000590733 0.000684561 0.000762324 0.000922672 0.00104354 0.00114431 0.00129997 0.00143148 0.00156084 0.00172604 0.00186856 0.0020215 0.00219745 0.0023598 0.00255025 0.00276289 0.00297664 0.00320815 0.00345016 0.00373325 0.00403328 0.00433845 0.00472798 0.00515411 0.00561515 0.00618671 0.00683679 0.00759525 0.00848312 0.00952872 0.0107821 0.0122137 0.0138972 0.0158474 0.0180448 0.0205179 0.0232032 0.0260926 0.0290933 0.0320982 0.0350004 0.0376096 0.0398132 0.0413992 0.0421904 0.0420188 0.0407448 0.038312 0.034598 0.0296143 0.0234 0.0161168 0.0079384 -0.000955173 -0.0102735 -0.0197181 -0.0288896 -0.0374922 -0.0452052 -0.0517773 -0.0569638 -0.0605843 -0.0625782 -0.0629386 -0.061797 -0.0592833 -0.0556576 -0.0511592 -0.0461098 -0.0407675 -0.0353908 -0.0301723 -0.0252716 -0.0208192 -0.0168849 -0.0135283 -0.0107221 -0.00845458 -0.00663472 -0.00522465 -0.00412516 -0.00330841 -0.00269129 -0.00225969 -0.00194636 -0.00174582 -0.00160511 -0.00152607 -0.00146991 -0.00144485 -0.00142375 -0.00141868 -0.00141001 -0.00141111 -0.00140625 -0.00140885 -0.00140455 -0.00140664 -0.00140014 -0.00139809 -0.00138253 -0.00136534 -0.00132209 -0.00126121 -0.00114761 -0.000983647 -0.000720525 -0.000353501 0.000180418 0.000893706 0.00186501 0.0031195 0.00475434 0.00680809 0.00938002 0.0124924 0.0161945 0.020444 0.0251985 0.0303427 0.035746 0.0412314 0.0465711 0.0515165 0.0557576 0.059041 0.0610867 0.0617326 0.0608011 0.0582508 0.0540738 0.0484065 0.0414399 0.0334032 0.0245717 0.0152136 0.00570739 -0.00363846 -0.0124945 -0.0206635 -0.0279313 -0.0341141 -0.0390967 -0.0428101 -0.0453236 -0.0466499 -0.0469031 -0.0461916 -0.0446876 -0.0425841 -0.0400109 -0.0371718 -0.0341743 -0.0311715 -0.0282654 -0.0255142 -0.0229957 -0.0206916 -0.018667 -0.0169028 -0.0153536 -0.0140379 -0.0129114 -0.0119749 -0.0111634 -0.0104632 -0.00990752 -0.00940005 -0.00895309 -0.00858927 -0.00825683 -0.00796254 -0.00769407 -0.00746929 -0.00727747 -0.00707665 -0.0069175 -0.00677273 -0.00661395 -0.00650357 -0.00638571 -0.0062552 -0.00618705 -0.00609757 -0.00599278 -0.00596631 -0.00590944 -0.005806 -0.00577514 -0.00574135 -0.00567699 -0.0056768 -0.00566517 -0.00561294 -0.00561225 
0 0.000133509 0.000239578 0.000364136 0.000494107 0.000604624 0.000733443 0.000876782 0.00100558 0.0011317 0.00127747 0.00143288 0.00156084 0.00170057 0.00189374 0.00206374 0.00221578 0.00241398 0.00261485 0.00281774 0.00304218 0.00327323 0.00353156 0.00381217 0.00412698 0.00446777 0.00483043 0.00527861 0.00576431 0.00629647 0.00695725 0.0077123 0.00858897 0.00961899 0.0108459 0.0122956 0.0139309 0.0158489 0.0180436 0.0204732 0.0231476 0.0260127 0.02905 0.0321066 0.0350816 0.0378715 0.0402817 0.0421772 0.043338 0.0436497 0.0429549 0.0411372 0.0381537 0.033929 0.0285301 0.0219915 0.0144933 0.00618653 -0.00273595 -0.0120128 -0.0213777 -0.0304595 -0.0390099 -0.0467178 -0.0533738 -0.0587127 -0.062556 -0.0648058 -0.0654433 -0.0645808 -0.0623186 -0.0588968 -0.0545099 -0.0494834 -0.0440572 -0.0385259 -0.03308 -0.0279141 -0.023159 -0.0189126 -0.015244 -0.0121461 -0.00961914 -0.00757435 -0.00598117 -0.00472718 -0.00379232 -0.00307435 -0.00257159 -0.00219601 -0.00195774 -0.0017819 -0.00168724 -0.00161272 -0.00158435 -0.00155342 -0.00155053 -0.00153552 -0.00154072 -0.0015306 -0.00153768 -0.00152811 -0.00153425 -0.00152146 -0.00152172 -0.00149676 -0.00147699 -0.00141665 -0.00134204 -0.00119582 -0.00099749 -0.000675941 -0.000242743 0.000386661 0.00121084 0.00232913 0.00375707 0.00560859 0.00791374 0.010775 0.014201 0.0182258 0.0227932 0.0278361 0.0332351 0.0388274 0.0444347 0.0497897 0.0546556 0.0587089 0.0617404 0.0634868 0.063826 0.062597 0.0597796 0.0553994 0.0496025 0.0426067 0.0346102 0.0258882 0.0166594 0.00727862 -0.00199572 -0.0108664 -0.0191385 -0.0266211 -0.033123 -0.038555 -0.0427986 -0.045882 -0.0477831 -0.0485994 -0.0484287 -0.0473711 -0.0456087 -0.0432719 -0.0405834 -0.0376385 -0.0345733 -0.0315443 -0.0286268 -0.025907 -0.0233691 -0.0211032 -0.0191228 -0.0173603 -0.0158398 -0.0145334 -0.0134397 -0.0124894 -0.0116609 -0.0109978 -0.0104085 -0.00989126 -0.00946357 -0.00908572 -0.00875948 -0.00845996 -0.00820069 -0.00796911 -0.00774776 -0.00757495 -0.0073966 -0.00721502 -0.0070973 -0.00698471 -0.00684934 -0.00673814 -0.00665571 -0.00657445 -0.00647864 -0.00640701 -0.00636256 -0.00629861 -0.00624845 -0.00622359 -0.006176 -0.00614122 -0.00613551 -0.00611168 
0 0.000157487 0.00025228 0.000400747 0.000546502 0.000645048 0.000806532 0.000966281 0.00108495 0.00124767 0.00139611 0.00153438 0.00172604 0.00189374 0.00204869 0.0022386 0.00243125 0.00264925 0.00286946 0.00308084 0.00333803 0.00360469 0.00388393 0.00420722 0.00454569 0.00493056 0.00536918 0.00585466 0.00641877 0.0070561 0.00780787 0.00869681 0.00970738 0.0109094 0.0123312 0.0139631 0.0158381 0.0179805 0.0204055 0.0230594 0.0259024 0.0289348 0.0320428 0.0350962 0.0379735 0.0405516 0.0426838 0.044149 0.0448164 0.0445687 0.0432949 0.0409108 0.037349 0.0326611 0.0268813 0.0201146 0.0124842 0.00415074 -0.00467286 -0.0137952 -0.0229298 -0.031833 -0.0402161 -0.0478556 -0.0545156 -0.0599597 -0.0640082 -0.0665116 -0.0674774 -0.0669251 -0.065002 -0.0618354 -0.0576612 -0.0527177 -0.0472929 -0.0416571 -0.0360365 -0.0306433 -0.0256065 -0.0210732 -0.0170831 -0.0137048 -0.0108867 -0.00862214 -0.0068071 -0.00540586 -0.00431638 -0.00350816 -0.00290218 -0.00247646 -0.0021731 -0.00197474 -0.00184194 -0.00176183 -0.00171193 -0.00168373 -0.00166801 -0.00165879 -0.00165503 -0.00165144 -0.00165086 -0.00164785 -0.00164581 -0.00163903 -0.00162823 -0.00160685 -0.00156877 -0.0015049 -0.00139728 -0.00123228 -0.000976004 -0.000610026 -8.26816e-05 0.000628799 0.00159639 0.00285075 0.00448836 0.00654809 0.0091372 0.0122746 0.0160285 0.0203489 0.0252201 0.0305116 0.0361211 0.041851 0.0475034 0.0528125 0.0575019 0.0613145 0.064005 0.0654199 0.0653904 0.0638617 0.060776 0.0562376 0.0503764 0.043414 0.035557 0.0270202 0.0180597 0.00890648 -0.00016055 -0.00894969 -0.017227 -0.0248253 -0.0315853 -0.0373884 -0.0421568 -0.0457896 -0.0482992 -0.0497164 -0.0501353 -0.049624 -0.0482802 -0.0462999 -0.0438377 -0.0410403 -0.0380154 -0.0349192 -0.0319 -0.0289939 -0.026263 -0.023765 -0.0215337 -0.0195614 -0.0178109 -0.01631 -0.0150317 -0.0139211 -0.0129812 -0.0121778 -0.0114951 -0.0109147 -0.0104008 -0.0099691 -0.00958768 -0.00924542 -0.00896119 -0.00868702 -0.00844156 -0.00823605 -0.00804153 -0.00788244 -0.00771534 -0.00755315 -0.0074546 -0.00733563 -0.00721161 -0.00713392 -0.00702575 -0.00694309 -0.00691377 -0.00683464 -0.00677149 -0.00675383 -0.00668879 -0.00664875 -0.00665862 -0.00662299 
0 0.000128352 0.000276488 0.000435572 0.000582018 0.000736408 0.000896191 0.00102415 0.0011673 0.00135661 0.00152576 0.00167833 0.00186856 0.00206374 0.0022386 0.00244206 0.00267018 0.00287721 0.00310645 0.00338126 0.00365085 0.00394357 0.00427894 0.0046218 0.00500632 0.00544901 0.00593801 0.00649432 0.00713776 0.00789497 0.00876827 0.00977975 0.0109753 0.0123638 0.0139743 0.0158261 0.0179323 0.0203118 0.0229409 0.0257834 0.028791 0.0319081 0.0350249 0.0379917 0.0406856 0.0429774 0.0447041 0.0456766 0.0457743 0.0449222 0.0430411 0.0400604 0.0359656 0.030838 0.02476 0.0178303 0.0101556 0.0019028 -0.00673427 -0.0155703 -0.0243948 -0.0330056 -0.0411586 -0.0486489 -0.0552487 -0.0607542 -0.0649662 -0.0677437 -0.0690384 -0.068859 -0.0673022 -0.064471 -0.0605628 -0.055785 -0.0504271 -0.0447469 -0.0390099 -0.0334182 -0.0281467 -0.0233276 -0.0190477 -0.015366 -0.0122732 -0.00975309 -0.00772538 -0.00614189 -0.00490607 -0.00397921 -0.00327764 -0.00278026 -0.00241781 -0.00218168 -0.0020151 -0.00191974 -0.00185135 -0.00182061 -0.00179391 -0.00178806 -0.00177624 -0.00177821 -0.00177032 -0.00177309 -0.00176325 -0.00176067 -0.00173968 -0.00171758 -0.00166276 -0.00158697 -0.00144868 -0.00125107 -0.000940289 -0.000509688 0.000107044 0.000927949 0.00203371 0.00345919 0.0053009 0.00760736 0.0104689 0.0139116 0.0179661 0.0225894 0.0277193 0.0332392 0.0389998 0.0448151 0.0504412 0.0556244 0.0600726 0.0635611 0.065872 0.0668831 0.0664717 0.0646022 0.061277 0.0566021 0.0507386 0.0438748 0.0362199 0.0279681 0.0193506 0.0105557 0.00178334 -0.00679775 -0.0149885 -0.0226114 -0.0295365 -0.0356568 -0.040872 -0.0450573 -0.048169 -0.0502251 -0.0512783 -0.0513656 -0.0505606 -0.0490151 -0.0468879 -0.0443169 -0.0414234 -0.0383629 -0.0352697 -0.0322384 -0.0293399 -0.0266323 -0.024164 -0.0219456 -0.019987 -0.0182689 -0.0167755 -0.0155061 -0.0144176 -0.0134812 -0.0126802 -0.012004 -0.0114224 -0.0108994 -0.0104612 -0.010082 -0.00972759 -0.00943762 -0.00918316 -0.00892968 -0.00871638 -0.00853921 -0.00835727 -0.00818302 -0.00805027 -0.00792301 -0.00778239 -0.00769325 -0.00762974 -0.0075221 -0.00742987 -0.00738072 -0.00731482 -0.00725647 -0.00723794 -0.00720615 -0.0071609 -0.00715024 
0 0.000162011 0.000319229 0.000469515 0.000623629 0.000784092 0.000946146 0.00112238 0.00130092 0.00146411 0.00164356 0.00183786 0.0020215 0.00221578 0.00243125 0.00267018 0.00290653 0.00312344 0.00339836 0.00370221 0.00397244 0.00430223 0.00467912 0.00506111 0.00550992 0.00601389 0.00657981 0.00721957 0.00795732 0.00884314 0.00983265 0.0109945 0.0123884 0.0139691 0.0157954 0.0178791 0.0202325 0.0228396 0.0256428 0.0286538 0.0317667 0.0348936 0.0379296 0.0407162 0.0431479 0.0450444 0.0462764 0.0466894 0.0461732 0.0446965 0.0421816 0.0386279 0.0340427 0.0285414 0.022237 0.0152096 0.00758663 -0.000502233 -0.00885078 -0.0173205 -0.0257535 -0.0339955 -0.0418575 -0.0491255 -0.0556192 -0.061127 -0.0654852 -0.0685224 -0.0701653 -0.0703851 -0.0692302 -0.0667887 -0.0631972 -0.0586637 -0.0534285 -0.0477801 -0.0419672 -0.0362328 -0.0307496 -0.0256778 -0.0211155 -0.0171392 -0.0137654 -0.0109797 -0.00872928 -0.00694596 -0.00555847 -0.00449457 -0.00369825 -0.00311112 -0.00269499 -0.00240349 -0.00221199 -0.00208475 -0.00200936 -0.0019605 -0.00193602 -0.00191863 -0.00191276 -0.00190562 -0.00190462 -0.00189843 -0.00189471 -0.00188114 -0.001863 -0.00182407 -0.0017638 -0.00165854 -0.00149814 -0.00124875 -0.000888481 -0.00037284 0.000332848 0.00128477 0.00253456 0.00415341 0.0062109 0.00878135 0.011925 0.0156732 0.0200254 0.0249266 0.0302959 0.0359943 0.0418681 0.0476939 0.0532363 0.0582075 0.0623574 0.0654543 0.067343 0.0679087 0.0670857 0.0648695 0.0613071 0.0565384 0.0507072 0.0440097 0.0366098 0.0287194 0.0205177 0.0121628 0.00378633 -0.00449148 -0.0124822 -0.0200496 -0.0270493 -0.0334078 -0.0389962 -0.0436846 -0.0474021 -0.0501032 -0.0518263 -0.0525568 -0.0523726 -0.0513661 -0.0496563 -0.0474063 -0.0447269 -0.0417919 -0.0386977 -0.0355808 -0.0325668 -0.0296815 -0.0270022 -0.0245496 -0.0223719 -0.0204468 -0.0187221 -0.017262 -0.0160042 -0.0149039 -0.01397 -0.0131715 -0.0125022 -0.0119019 -0.0113933 -0.0109794 -0.0105682 -0.0102227 -0.00994902 -0.00966474 -0.00940736 -0.00919372 -0.00901091 -0.00884178 -0.0086674 -0.00853033 -0.00841556 -0.00828598 -0.00817698 -0.00808709 -0.00800157 -0.00793426 -0.00787325 -0.00781592 -0.00777215 -0.00773434 -0.00770263 -0.00768448 
0 0.000171293 0.000344727 0.000508159 0.000674171 0.000852707 0.00102368 0.00120531 0.00140916 0.00159011 0.00176806 0.00198261 0.00219745 0.00241398 0.00264925 0.00287721 0.00312344 0.00341356 0.0037098 0.0040064 0.00433839 0.00471178 0.00511734 0.00555902 0.00605393 0.00663049 0.00727983 0.00800949 0.00888444 0.00989351 0.01104 0.012398 0.0139756 0.0157785 0.0178182 0.0201306 0.0227218 0.0255035 0.0284765 0.0315998 0.0347548 0.0378311 0.0406886 0.0432376 0.0452984 0.0467116 0.0473722 0.0471524 0.0460059 0.0438576 0.0407221 0.0366194 0.0316061 0.0258186 0.0193455 0.0123235 0.0048275 -0.00298318 -0.0109633 -0.0189946 -0.026965 -0.0347915 -0.0422861 -0.0493002 -0.0556256 -0.0611173 -0.0655902 -0.0688876 -0.0708915 -0.0715273 -0.0708192 -0.0687949 -0.0655921 -0.0613476 -0.0563204 -0.0507501 -0.0449299 -0.0390854 -0.0334318 -0.0281272 -0.023297 -0.0190335 -0.015368 -0.0123144 -0.00981505 -0.00782939 -0.00626016 -0.00506195 -0.00414233 -0.00347302 -0.00297699 -0.00264085 -0.00240079 -0.00225467 -0.00215137 -0.00209896 -0.00205803 -0.00204456 -0.0020274 -0.00202698 -0.00201624 -0.00201702 -0.00200265 -0.00199389 -0.00196087 -0.00192039 -0.00183517 -0.0017146 -0.00151027 -0.00122169 -0.000787841 -0.000197573 0.00062322 0.00169941 0.00312115 0.0049312 0.00723016 0.0100624 0.0135004 0.0175425 0.0221802 0.0273348 0.0329048 0.038745 0.0446657 0.0504515 0.0558235 0.060533 0.0643075 0.0669852 0.0684031 0.0685135 0.0672624 0.0647069 0.060934 0.0560955 0.0503557 0.0438567 0.0367883 0.0292976 0.0215781 0.0137089 0.00579461 -0.00208928 -0.0098082 -0.0172214 -0.0242419 -0.030739 -0.0366267 -0.0417467 -0.0460217 -0.0493688 -0.0517391 -0.053153 -0.0536214 -0.0532359 -0.0520443 -0.0501947 -0.04785 -0.0451202 -0.0421396 -0.0390177 -0.0359256 -0.0329253 -0.0300452 -0.0273833 -0.0249683 -0.0228088 -0.0208758 -0.0191838 -0.0177448 -0.0164813 -0.015392 -0.014476 -0.0136836 -0.0129984 -0.0124059 -0.0119023 -0.0114657 -0.0110626 -0.0107123 -0.0104235 -0.0101589 -0.00990707 -0.00968724 -0.00949479 -0.00932273 -0.00917109 -0.00902478 -0.00888433 -0.00876528 -0.00867558 -0.00859632 -0.00850344 -0.0084323 -0.00838579 -0.00831805 -0.0082751 -0.00826712 -0.00822905 
