0 0 0 0 0 0 0 0 0 0 0 0 0 0 0 0 0 0 0 0 0 0 0 0 0 0 0 0 0 0 0 0 0 0 0 0 0 0 0 0 0 0 0 0 0 0 0 0 0 0 0 0 0 0 0 0 0 0 0 0 0 0 0 0 0 0 0 0 0 0 0 0 0 0 0 0 0 0 0 0 0 0 0 0 0 0 0 0 0 0 0 0 0 0 0 0 0 0 0 0 0 0 0 0 0 0 0 0 0 0 0 0 0 0 0 0 0 0 0 0 0 0 0 0 0 0 0 0 0 0 0 0 0 0 0 0 0 0 0 0 0 0 0 0 0 0 0 0 0 0 0 0 0 0 0 0 0 0 0 0 0 0 0 0 0 0 0 0 0 0 0 0 0 0 0 0 0 0 0 0 0 0 0 0 0 0 0 0 0 0 0 0 0 0 0 0 0 0 0 0 
0 1.09666e-05 5.68678e-06 9.56029e-06 3.67766e-05 4.4328e-05 3.75363e-05 5.39975e-05 5.73191e-05 4.90607e-05 7.15482e-05 9.19461e-05 8.79247e-05 8.43275e-05 0.00010462 0.000131874 0.000123037 0.000120791 0.000140012 0.00014479 0.000171502 0.000178833 0.000174083 0.000217901 0.000216796 0.000215581 0.00025367 0.000250425 0.000271554 0.000293125 0.00031211 0.000348521 0.000349228 0.000400174 0.000430185 0.000436513 0.00049837 0.000526873 0.000580771 0.000628414 0.000696801 0.00080656 0.00087464 0.00101646 0.00117105 0.00135772 0.00158067 0.00182291 0.00216639 0.00249675 0.00288266 0.00328272 0.00370004 0.00410831 0.00440714 0.00465822 0.00474808 0.0047051 0.00441964 0.00391385 0.00320639 0.00228125 0.00121227 -3.73754e-05 -0.00130508 -0.00258739 -0.00374011 -0.00477204 -0.00560757 -0.00621365 -0.00657443 -0.00665034 -0.00652827 -0.00618493 -0.00574755 -0.00517095 -0.00457238 -0.00390924 -0.00328858 -0.00268634 -0.00217168 -0.00172359 -0.00135742 -0.00106171 -0.000815616 -0.000632432 -0.000471083 -0.000368926 -0.000268907 -0.000224291 -0.000165549 -0.000156615 -0.000120885 -0.000130052 -0.000104587 -0.000121225 -9.94645e-05 -0.000118659 -9.80246e-05 -0.000117965 -9.76299e-05 -0.000117708 -9.73293e-05 -0.000117069 -9.60318e-05 -0.000114119 -9.04537e-05 -0.000103053 -7.13729e-05 -6.94942e-05 -1.84771e-05 1.39678e-05 0.000101837 0.000186174 0.000330876 0.000489898 0.000713281 0.000976095 0.00131183 0.00172109 0.0022076 0.00278506 0.00340524 0.00408375 0.00472605 0.00536576 0.00589134 0.00634963 0.00661085 0.00670228 0.00650881 0.00607043 0.00536558 0.00444449 0.00335336 0.00209719 0.000791704 -0.000551915 -0.00176062 -0.00286126 -0.00374914 -0.00446116 -0.00493587 -0.00516372 -0.00520973 -0.00506574 -0.00484506 -0.00447585 -0.00407555 -0.00364397 -0.00323439 -0.00285777 -0.00246699 -0.00217216 -0.00189411 -0.00168236 -0.0014806 -0.00131383 -0.00121943 -0.00109188 -0.00101438 -0.000935092 -0.00088304 -0.000838051 -0.00076205 -0.00075362 -0.000709745 -0.000670153 -0.000657643 -0.0006258 -0.000621733 -0.000585139 -0.000576469 -0.00057587 -0.000527414 -0.000533348 -0.000523794 -0.000491066 -0.000493442 -0.000479662 -0.000481594 -0.000479069 -0.000451469 -0.000450311 -0.000451874 -0.000449114 -0.000430575 -0.00040486 -0.000429097 -0.000438475 -0.000409002 -0.000418798 -0.000420733 -0.000388828 -0.000397984 -0.00041644 -0.000397496 -0.000396819 -0.00041303 -0.000395194 
0 5.68678e-06 4.90123e-05 4.34277e-05 4.26673e-05 7.37239e-05 7.24315e-05 9.56356e-05 0.000127759 0.000126057 0.000150753 0.000156941 0.000157878 0.000212684 0.00021398 0.00019768 0.000249872 0.000279079 0.000288029 0.000308054 0.000325132 0.000352943 0.000366718 0.00039601 0.000430719 0.000442456 0.000493829 0.000532636 0.000546188 0.000597846 0.000640812 0.000672284 0.000715388 0.00077694 0.000841821 0.000890094 0.000975867 0.00107898 0.00116652 0.00127806 0.00142971 0.00160586 0.00179205 0.0020352 0.00235668 0.00272884 0.00315721 0.00368502 0.0043215 0.00502291 0.00577465 0.00657959 0.00741528 0.00818548 0.00881546 0.0092587 0.0094559 0.00931955 0.00874934 0.00774106 0.00630508 0.00449097 0.00232292 -0.000108021 -0.00265496 -0.00515885 -0.00746647 -0.00950023 -0.0111499 -0.0123614 -0.0130509 -0.0132403 -0.0129663 -0.0123331 -0.0114256 -0.0103214 -0.00909834 -0.00781243 -0.00655885 -0.00537719 -0.00434518 -0.00344968 -0.00272441 -0.00211728 -0.00164422 -0.00125199 -0.000958582 -0.000721291 -0.000556787 -0.000429771 -0.000351255 -0.000293201 -0.000262462 -0.000239922 -0.000230311 -0.000222822 -0.000220476 -0.000218395 -0.000217875 -0.000217447 -0.00021716 -0.000216884 -0.000216361 -0.000214961 -0.000213122 -0.00020772 -0.000200508 -0.000183406 -0.000159535 -0.000113238 -4.91992e-05 5.70867e-05 0.000197536 0.000404205 0.000663174 0.00101348 0.00143823 0.0019877 0.00264806 0.00347589 0.00444652 0.00558811 0.00683316 0.00815511 0.00945649 0.0106876 0.0117648 0.0126221 0.0131687 0.0132972 0.0129388 0.0120415 0.0106585 0.00882812 0.00665188 0.00418719 0.00157465 -0.00103801 -0.00347525 -0.00562009 -0.00741787 -0.00880909 -0.0097603 -0.0102392 -0.0103217 -0.0100883 -0.00961407 -0.00893788 -0.00813089 -0.00729965 -0.00649395 -0.00572388 -0.00499671 -0.0043656 -0.00384199 -0.00338837 -0.00298687 -0.00266692 -0.00242224 -0.00220638 -0.00201442 -0.00187042 -0.00176816 -0.00165557 -0.00155931 -0.00149938 -0.00143636 -0.00136871 -0.00130903 -0.00127653 -0.00122581 -0.00116719 -0.00115193 -0.00111565 -0.00107755 -0.00106351 -0.00103698 -0.0010169 -0.000993589 -0.000977734 -0.000951143 -0.000912878 -0.000931654 -0.000918943 -0.000866518 -0.000881101 -0.000884199 -0.00086446 -0.000860332 -0.000826719 -0.000823428 -0.00083486 -0.000808881 -0.000824718 -0.00083053 -0.000789041 -0.0008028 -0.000809713 -0.000776613 -0.000802003 
0 9.56029e-06 4.34277e-05 6.24025e-05 8.14272e-05 0.000112355 0.000126209 0.000145493 0.00017208 0.000186985 0.000216297 0.000244289 0.000259041 0.00029187 0.000319293 0.000337553 0.000372869 0.000398733 0.00042087 0.000459284 0.000494488 0.000527656 0.000563591 0.000604773 0.000646672 0.000680749 0.000731394 0.000784061 0.000824616 0.000889048 0.000957705 0.00101629 0.00109152 0.00117855 0.00126879 0.00135969 0.00147483 0.00161677 0.001757 0.00193111 0.00215656 0.00241744 0.00272368 0.00310112 0.00358287 0.00414862 0.00480913 0.00560884 0.00654237 0.00758675 0.00870459 0.00989386 0.0111004 0.0122107 0.0131263 0.0137512 0.0140055 0.0137512 0.0128874 0.0113761 0.00924024 0.0065369 0.00332349 -0.000254041 -0.00400612 -0.00768847 -0.0111094 -0.0141075 -0.0165528 -0.0183343 -0.0193691 -0.0196671 -0.01929 -0.0183768 -0.0170429 -0.0154216 -0.0136074 -0.0117181 -0.00985311 -0.00811242 -0.0065622 -0.00523292 -0.00412922 -0.00322359 -0.00249774 -0.00191336 -0.00146104 -0.00110767 -0.000851731 -0.000661296 -0.000537088 -0.00044833 -0.000398942 -0.000362589 -0.000347803 -0.000333477 -0.000331704 -0.000325036 -0.00032728 -0.000322832 -0.000326022 -0.000321859 -0.000324689 -0.000319226 -0.000319417 -0.000308555 -0.000299198 -0.000271457 -0.000234736 -0.000164061 -6.42489e-05 9.47676e-05 0.000311743 0.000618753 0.00101621 0.00153699 0.0021876 0.00300698 0.00401347 0.00524432 0.00670617 0.00839008 0.0102451 0.0121876 0.0141209 0.0159313 0.0175241 0.0187719 0.0195575 0.0197257 0.01918 0.0178618 0.0158165 0.0131237 0.00989848 0.00627476 0.00242656 -0.00140857 -0.00501366 -0.00820052 -0.010877 -0.0129547 -0.0143816 -0.0151447 -0.0153138 -0.0150131 -0.0143307 -0.0133624 -0.0122011 -0.0109815 -0.00978183 -0.00862915 -0.00756058 -0.00661217 -0.0058136 -0.00512401 -0.00453209 -0.00405181 -0.00366534 -0.00334417 -0.00306206 -0.00284212 -0.00266666 -0.00249987 -0.00235974 -0.0022466 -0.00214905 -0.00205199 -0.00196825 -0.00190964 -0.00184036 -0.00177652 -0.00173321 -0.00168154 -0.00163232 -0.00159233 -0.0015552 -0.00151778 -0.0014809 -0.00146037 -0.00143399 -0.00140035 -0.00138675 -0.001364 -0.00133699 -0.00132676 -0.00130342 -0.00128379 -0.00127881 -0.00126276 -0.00125471 -0.00124826 -0.00122803 -0.00122302 -0.00121866 -0.0012043 -0.00120868 -0.00120843 -0.00119395 -0.00119701 
0 3.67766e-05 4.26673e-05 8.14272e-05 0.000118973 0.000136077 0.000176202 0.000200078 0.00022003 0.000259928 0.000280356 0.000325573 0.000369347 0.000364929 0.000416806 0.000482689 0.000488284 0.00052423 0.000572004 0.000610928 0.000666472 0.000700578 0.000753625 0.000813543 0.000854438 0.000924335 0.00097835 0.00103679 0.0011229 0.00118729 0.00127391 0.00136966 0.00146323 0.00157999 0.00169384 0.00183453 0.00199127 0.00216123 0.00237636 0.00261768 0.00291294 0.00326895 0.00369419 0.00422285 0.00485452 0.00561982 0.00652964 0.00759475 0.0088288 0.0101978 0.0116838 0.0132331 0.0147671 0.0161812 0.0173308 0.0181037 0.0183496 0.0179373 0.016752 0.0147341 0.0119139 0.00833458 0.00413272 -0.000532806 -0.00539712 -0.0101914 -0.0146564 -0.0185663 -0.0217605 -0.0240733 -0.0254509 -0.0258619 -0.0254241 -0.0242544 -0.02254 -0.0204229 -0.0180593 -0.0155922 -0.0131509 -0.0108708 -0.00881556 -0.00705777 -0.00556945 -0.00436593 -0.00337498 -0.0026028 -0.00197858 -0.00151675 -0.00115544 -0.000910381 -0.000725992 -0.000616233 -0.00053434 -0.000494878 -0.000462166 -0.000452346 -0.000439247 -0.000439494 -0.000433025 -0.000435958 -0.000431215 -0.000434405 -0.000428936 -0.000430456 -0.000420425 -0.000414744 -0.000389911 -0.000361321 -0.000296925 -0.000210398 -5.87259e-05 0.000145625 0.000455319 0.000856243 0.00140776 0.00209521 0.00298725 0.00407701 0.00544159 0.00707329 0.00902097 0.0112298 0.0136639 0.0161982 0.0187201 0.021083 0.0231419 0.0247492 0.0257188 0.0259057 0.0251533 0.0234386 0.0207628 0.0172564 0.0130421 0.00832659 0.00333938 -0.00164227 -0.00633495 -0.0105307 -0.0140471 -0.0167986 -0.0187026 -0.019778 -0.020091 -0.0197607 -0.0189271 -0.0177072 -0.0162549 -0.0146858 -0.0131123 -0.0116035 -0.0102022 -0.00895611 -0.00786377 -0.00693361 -0.00614975 -0.00549141 -0.00495529 -0.00450511 -0.00413955 -0.00383404 -0.00357085 -0.00336252 -0.00317243 -0.00301289 -0.00287518 -0.00274884 -0.00265035 -0.00254301 -0.00246046 -0.00239076 -0.00230479 -0.00224912 -0.00218483 -0.00212428 -0.00208285 -0.0020241 -0.00198638 -0.00194505 -0.0019101 -0.00189652 -0.00183458 -0.00180353 -0.00181342 -0.00176725 -0.00173204 -0.00171927 -0.00169957 -0.00170133 -0.00167471 -0.00164976 -0.00165872 -0.00162578 -0.00161026 -0.00163622 -0.00160719 -0.00159226 -0.00162012 -0.00159227 
0 4.4328e-05 7.37239e-05 0.000112355 0.000136077 0.000160467 0.000214391 0.000248075 0.000282072 0.000341774 0.000365493 0.000385175 0.000444335 0.000494543 0.000527321 0.000561817 0.000613626 0.00067852 0.000730611 0.000776213 0.000818259 0.000882968 0.000955867 0.00099541 0.00107464 0.00116566 0.00122285 0.0013199 0.00141404 0.00150178 0.0016051 0.00171279 0.00185354 0.00197146 0.00212643 0.00232648 0.00250567 0.00274391 0.00301487 0.0033414 0.00371919 0.00415649 0.0047384 0.00539622 0.00620226 0.00717321 0.00832549 0.009682 0.0111811 0.012891 0.0147081 0.0165874 0.0184113 0.0200523 0.0214062 0.0222345 0.0224338 0.0217956 0.0202638 0.0177417 0.0142342 0.00984289 0.00468638 -0.000948467 -0.00685139 -0.0126423 -0.0180769 -0.022826 -0.0267012 -0.0295255 -0.0312108 -0.0317822 -0.031289 -0.02994 -0.0278615 -0.0253187 -0.0224295 -0.0194414 -0.0164538 -0.0136635 -0.0111252 -0.00893285 -0.0070743 -0.00554541 -0.00430759 -0.00331324 -0.00254229 -0.00193531 -0.00149721 -0.00115975 -0.000944754 -0.000777136 -0.000692752 -0.000615753 -0.000595211 -0.000558024 -0.000563283 -0.000540436 -0.000554326 -0.000535611 -0.000551597 -0.000533225 -0.000548119 -0.000526932 -0.00053563 -0.000503709 -0.000492566 -0.000429065 -0.000365982 -0.000226618 -5.16343e-05 0.000236873 0.000611281 0.00114485 0.00182462 0.00271639 0.00383004 0.00522394 0.00693165 0.00898109 0.0113929 0.0141089 0.0170883 0.0201637 0.023242 0.0260886 0.0285882 0.0304719 0.0316065 0.0317442 0.0308038 0.0286869 0.0254434 0.0211776 0.0160535 0.0103522 0.00431458 -0.00168123 -0.0074031 -0.0125137 -0.0168563 -0.0202449 -0.0226415 -0.0240691 -0.0245658 -0.0242949 -0.0233456 -0.0219683 -0.0202657 -0.0184099 -0.0165044 -0.0146481 -0.012958 -0.0113926 -0.0100301 -0.00883713 -0.00784784 -0.00701735 -0.00629014 -0.00572697 -0.00524486 -0.0048537 -0.00451049 -0.00422925 -0.00401984 -0.00379166 -0.00361987 -0.00347423 -0.00332918 -0.00320414 -0.00308039 -0.0029974 -0.00289251 -0.00279841 -0.00275108 -0.00266635 -0.0025986 -0.00255776 -0.00250065 -0.00244372 -0.00238497 -0.00234872 -0.00231871 -0.00227583 -0.00223804 -0.00220086 -0.00219405 -0.0021843 -0.00212748 -0.00210036 -0.00209823 -0.00206742 -0.00205658 -0.00206306 -0.00204033 -0.00201847 -0.00201698 -0.00200743 -0.0019945 -0.00200145 
0 3.75363e-05 7.24315e-05 0.000126209 0.000176202 0.000214391 0.000261204 0.000298625 0.00033493 0.000389835 0.000437391 0.000482877 0.000539222 0.000586724 0.000635595 0.000696318 0.000750533 0.000799559 0.000863363 0.000932143 0.00099296 0.00107365 0.00115371 0.00121412 0.00130789 0.00140173 0.001475 0.00158352 0.00169882 0.0018111 0.00193688 0.00208304 0.00224993 0.00240044 0.00259384 0.00282836 0.00305418 0.00333676 0.00367834 0.00408401 0.00455018 0.00511054 0.00583225 0.00666198 0.00765148 0.00884546 0.0102549 0.0118758 0.0136621 0.0156625 0.0177872 0.0199356 0.0219848 0.0238012 0.0252556 0.0260915 0.0261524 0.0252627 0.0233449 0.0203179 0.0161603 0.0109979 0.00499765 -0.00153037 -0.00832941 -0.0150294 -0.0213109 -0.0268264 -0.0313152 -0.0346119 -0.0366111 -0.037348 -0.0368669 -0.0353681 -0.0330134 -0.0300759 -0.0267443 -0.0232631 -0.0197941 -0.0165102 -0.0135201 -0.0108932 -0.00866426 -0.00680446 -0.00530363 -0.00408783 -0.00314776 -0.00240417 -0.00186274 -0.00144686 -0.00117192 -0.000964658 -0.000847793 -0.000755163 -0.000717418 -0.000677494 -0.000672547 -0.000652834 -0.000659084 -0.000645735 -0.000654782 -0.000642155 -0.000649886 -0.000633149 -0.000632942 -0.000601081 -0.000575541 -0.000501523 -0.000411118 -0.000240399 -1.38027e-05 0.000340814 0.000806008 0.00145853 0.00228911 0.00337853 0.00473193 0.00643092 0.0084881 0.0109542 0.0138085 0.0170154 0.020483 0.0240704 0.0276253 0.0309233 0.0337746 0.0359033 0.037125 0.0372027 0.0360489 0.0335649 0.029804 0.0248552 0.018937 0.0123478 0.00540886 -0.0015107 -0.00812913 -0.0141 -0.0192032 -0.0232257 -0.0261343 -0.027943 -0.0287065 -0.0285463 -0.0275953 -0.0261112 -0.024239 -0.0221464 -0.0199483 -0.0177916 -0.0157944 -0.0139431 -0.0122925 -0.0108468 -0.00964071 -0.00861662 -0.00772655 -0.00701548 -0.00642535 -0.00593203 -0.00549978 -0.00514791 -0.00487179 -0.00459488 -0.00436966 -0.00418873 -0.00401626 -0.00386103 -0.00372256 -0.00361812 -0.00349944 -0.00338628 -0.00331319 -0.00321822 -0.00312849 -0.00306653 -0.00299717 -0.00293556 -0.00288537 -0.00283527 -0.00278438 -0.0027419 -0.00270762 -0.00266113 -0.0026213 -0.00259619 -0.00256312 -0.00254178 -0.00253067 -0.0025013 -0.00247482 -0.00246268 -0.00244433 -0.00242959 -0.00242939 -0.00242225 -0.00240719 -0.00240463 
0 5.39975e-05 9.56356e-05 0.000145493 0.000200078 0.000248075 0.000298625 0.000353134 0.00040755 0.00045442 0.000503668 0.00057751 0.000638101 0.000669472 0.000740756 0.000830735 0.000878482 0.000938684 0.00101943 0.00109075 0.00117831 0.00125452 0.00133445 0.00144231 0.00153036 0.00163777 0.00175333 0.00185869 0.00200669 0.00213423 0.00227857 0.00246535 0.00263027 0.00284221 0.00307065 0.00333101 0.00364197 0.00396478 0.00440031 0.00488414 0.00544977 0.00616383 0.00699674 0.00802721 0.00920276 0.0106272 0.0122996 0.01416 0.0162607 0.018507 0.0209122 0.0232735 0.0254853 0.0274237 0.0288619 0.0296445 0.0294708 0.0282938 0.0259429 0.0223945 0.0176273 0.0117385 0.00501681 -0.00232218 -0.00986733 -0.0173698 -0.0243593 -0.0305433 -0.0355732 -0.0392882 -0.0416073 -0.0425004 -0.0420977 -0.0404744 -0.0379372 -0.0346437 -0.0309577 -0.0270212 -0.0231342 -0.0193851 -0.0159709 -0.0129239 -0.0103189 -0.00813636 -0.00634864 -0.00492386 -0.00378417 -0.00292312 -0.00224498 -0.00177406 -0.00140447 -0.00118359 -0.00100004 -0.000919846 -0.000832301 -0.000819004 -0.000772776 -0.000786016 -0.000754439 -0.000776201 -0.000748326 -0.000770927 -0.00074106 -0.000757848 -0.000717109 -0.00071354 -0.00063999 -0.000582059 -0.000428309 -0.0002505 6.54497e-05 0.00046462 0.00105835 0.00181204 0.00282974 0.00410521 0.00573045 0.007728 0.0101521 0.0130233 0.016306 0.0199765 0.0238794 0.027937 0.0318825 0.0355832 0.0386827 0.0410145 0.0422341 0.0422399 0.0408337 0.0380159 0.0337756 0.028231 0.0216395 0.0142779 0.00659329 -0.0011477 -0.00851165 -0.0152667 -0.0210399 -0.0256849 -0.0291105 -0.0313215 -0.0324206 -0.0324247 -0.0315963 -0.0300694 -0.0281218 -0.0258581 -0.0234351 -0.0210464 -0.0187409 -0.0166455 -0.0146996 -0.0130127 -0.011568 -0.0103149 -0.00927512 -0.00837163 -0.00766512 -0.00704947 -0.00652304 -0.00611228 -0.00573621 -0.00543935 -0.00515904 -0.00492655 -0.00473841 -0.00453236 -0.00438421 -0.00423735 -0.00409531 -0.00398724 -0.00386287 -0.00377159 -0.00368347 -0.00358578 -0.00351788 -0.00343969 -0.00338012 -0.00332878 -0.00324578 -0.00319971 -0.00317601 -0.00311963 -0.00306623 -0.00303262 -0.00301142 -0.00298506 -0.00294068 -0.00291983 -0.00291026 -0.00287096 -0.00285674 -0.00286432 -0.00283154 -0.00281674 -0.0028334 -0.00280944 
0 5.73191e-05 0.000127759 0.00017208 0.00022003 0.000282072 0.00033493 0.00040755 0.000472338 0.000524434 0.000603213 0.000648641 0.000698494 0.000809481 0.000868926 0.000911056 0.00101132 0.00109738 0.00118098 0.00126361 0.00134154 0.00144809 0.00154065 0.00165094 0.00177037 0.00187508 0.00202812 0.00216273 0.00229875 0.00247826 0.0026419 0.00283965 0.00305031 0.00328915 0.00357463 0.00386714 0.00424144 0.00466003 0.00514908 0.00574606 0.00643304 0.00728856 0.00828483 0.00948458 0.0109043 0.0125491 0.0144686 0.0165925 0.0189501 0.0214549 0.0240398 0.0265734 0.0288762 0.0308329 0.0321919 0.0327832 0.0323576 0.0308032 0.0280184 0.0239324 0.0185917 0.0120838 0.00471234 -0.00327056 -0.0114813 -0.0196001 -0.027205 -0.0339178 -0.0394312 -0.0435239 -0.0461426 -0.047234 -0.0469154 -0.0452718 -0.0425783 -0.0390564 -0.0350402 -0.0307584 -0.0264649 -0.0223251 -0.0184867 -0.0150527 -0.0120644 -0.00955705 -0.00747849 -0.00582174 -0.00449041 -0.00347761 -0.002683 -0.00211536 -0.00168066 -0.00139984 -0.00118618 -0.00107014 -0.000974686 -0.000939313 -0.000897187 -0.000894712 -0.000872555 -0.000880813 -0.000863947 -0.000873171 -0.000853403 -0.000855042 -0.000820173 -0.000796036 -0.000718104 -0.000627368 -0.000449426 -0.000216701 0.000155495 0.000643683 0.00134083 0.00223428 0.00342504 0.00491617 0.0068113 0.00911961 0.0119138 0.0151702 0.0188787 0.0229512 0.0272754 0.0317013 0.0360105 0.0399833 0.0432982 0.0457111 0.0469154 0.0467802 0.0451365 0.0419917 0.0373246 0.0312961 0.0241305 0.0161818 0.00784697 -0.000528775 -0.00855445 -0.015943 -0.0223332 -0.0275675 -0.031507 -0.0341823 -0.0356267 -0.0359271 -0.035277 -0.0338416 -0.0318818 -0.0295203 -0.0269714 -0.0243655 -0.0218284 -0.0194591 -0.0172645 -0.0153327 -0.0136192 -0.0121587 -0.0109147 -0.00985194 -0.00898161 -0.00823022 -0.00762894 -0.00710589 -0.00666099 -0.00630555 -0.00597457 -0.00570479 -0.00545189 -0.0052402 -0.00505551 -0.0048582 -0.00472117 -0.00457922 -0.00444021 -0.0043369 -0.00422272 -0.00413503 -0.0040434 -0.00395241 -0.00387741 -0.00379121 -0.00375168 -0.00369182 -0.00359546 -0.00357549 -0.00355097 -0.00348676 -0.00344979 -0.00340587 -0.00337031 -0.00335245 -0.00332189 -0.00330965 -0.00329265 -0.0032568 -0.00325093 -0.00324333 -0.00321975 -0.00322688 
0 4.90607e-05 0.000126057 0.000186985 0.000259928 0.000341774 0.000389835 0.00045442 0.000524434 0.000579839 0.000675695 0.000751589 0.000804794 0.000908878 0.000980888 0.00104379 0.00115988 0.00123362 0.0013121 0.00143385 0.00153211 0.00164536 0.00176047 0.00187964 0.00201642 0.00213195 0.00229456 0.00245731 0.00260055 0.00281878 0.00302264 0.0032336 0.00350039 0.00377752 0.00410465 0.00445064 0.00487881 0.00539575 0.0059522 0.0066635 0.00750433 0.00850326 0.00969167 0.0110817 0.0127546 0.0146373 0.016783 0.0191724 0.0217479 0.0244662 0.027166 0.0297882 0.032113 0.033977 0.0351721 0.035472 0.0347384 0.032762 0.0295162 0.0249122 0.0190382 0.012021 0.00410015 -0.00438458 -0.0131358 -0.0217191 -0.0298033 -0.0369346 -0.0428498 -0.0472936 -0.0501897 -0.0515114 -0.0513003 -0.0497164 -0.0469308 -0.0432792 -0.0390016 -0.0344512 -0.0298017 -0.0253154 -0.0210845 -0.0172767 -0.0139186 -0.0110743 -0.00870783 -0.00679408 -0.00527342 -0.00408141 -0.00317613 -0.0024852 -0.00199414 -0.00162848 -0.00139578 -0.00122133 -0.00113113 -0.00105365 -0.00103037 -0.000994056 -0.000996929 -0.00097461 -0.000984693 -0.000963702 -0.000969919 -0.000938995 -0.000925337 -0.000861728 -0.000793525 -0.000648811 -0.000459002 -0.00014783 0.000270255 0.000872815 0.00166552 0.00272552 0.00408495 0.00581787 0.00797918 0.0106147 0.0137664 0.0174012 0.0215054 0.0259433 0.0306398 0.0353641 0.0399665 0.0441122 0.0475679 0.0499704 0.0511212 0.0507977 0.0489263 0.0454613 0.0404354 0.0340152 0.0264124 0.0180301 0.00918742 0.00033123 -0.00823561 -0.0161223 -0.0230614 -0.0288332 -0.0332986 -0.0364628 -0.0383031 -0.0389864 -0.0386015 -0.037375 -0.0354789 -0.0331158 -0.0305072 -0.0277474 -0.0250246 -0.0223941 -0.0199806 -0.0177962 -0.0158267 -0.0141436 -0.0126842 -0.0114629 -0.0104042 -0.00951699 -0.00881016 -0.00816904 -0.00764358 -0.00719916 -0.00682117 -0.00649514 -0.0061835 -0.00596112 -0.00573708 -0.0055168 -0.00536452 -0.00519357 -0.00504219 -0.0049091 -0.00477891 -0.00467283 -0.00455036 -0.00447146 -0.00439681 -0.00428449 -0.00423633 -0.00417671 -0.00408599 -0.00404777 -0.00398554 -0.00391901 -0.00389576 -0.00385451 -0.00382187 -0.00379514 -0.00374624 -0.00372628 -0.00370956 -0.00367679 -0.0036749 -0.00366651 -0.0036384 -0.0036412 
0 7.15482e-05 0.000150753 0.000216297 0.000280356 0.000365493 0.000437391 0.000503668 0.000603213 0.000675695 0.000727132 0.000839213 0.000931962 0.000982072 0.00108975 0.00119889 0.00128576 0.00139253 0.00148029 0.00160214 0.00173608 0.00182386 0.00196854 0.00211904 0.00224319 0.00241854 0.00258176 0.00275969 0.00295861 0.00316103 0.0034154 0.00365081 0.00394019 0.0042946 0.00463941 0.00507824 0.00558404 0.00617689 0.0068698 0.00767551 0.00869506 0.00984906 0.0112165 0.0128456 0.014723 0.016873 0.0192273 0.0218562 0.0246424 0.0274851 0.030287 0.0328877 0.0351688 0.0368399 0.0377612 0.0377174 0.0365656 0.0341642 0.0303973 0.0253204 0.0189541 0.0115173 0.00318016 -0.0057061 -0.0148156 -0.0237586 -0.0321363 -0.0396079 -0.0458127 -0.0505817 -0.0537301 -0.0552855 -0.0552313 -0.0537397 -0.0509746 -0.0472397 -0.0428267 -0.0380348 -0.0331315 -0.0283043 -0.0237524 -0.0195634 -0.015874 -0.0126765 -0.0100303 -0.00784446 -0.00612424 -0.00474827 -0.00371235 -0.00290534 -0.00233132 -0.00189768 -0.00161465 -0.00140621 -0.00128727 -0.00119777 -0.00115793 -0.00112157 -0.00111323 -0.00109588 -0.00109613 -0.00108054 -0.00107567 -0.0010462 -0.0010166 -0.000944036 -0.000848667 -0.000674997 -0.00043764 -6.57395e-05 0.000430946 0.00113947 0.00205571 0.0032857 0.00483449 0.00682408 0.00925696 0.0122376 0.0157234 0.0197468 0.0241881 0.0289888 0.0339644 0.0389633 0.0437318 0.0480006 0.0514643 0.0538106 0.0548243 0.0542953 0.0521821 0.0484065 0.0430936 0.0363428 0.0284682 0.0197543 0.0105982 0.00136851 -0.00756983 -0.0158483 -0.023238 -0.0294725 -0.0344712 -0.0380966 -0.0404183 -0.0415071 -0.0415034 -0.04057 -0.0388396 -0.0365961 -0.0339763 -0.0311852 -0.0283036 -0.0254876 -0.0228683 -0.0204279 -0.0182417 -0.0162818 -0.0146212 -0.0131896 -0.0119332 -0.0109099 -0.0100339 -0.00931275 -0.00867648 -0.00814732 -0.00773015 -0.00731656 -0.0069887 -0.00670285 -0.00643476 -0.00621111 -0.0059878 -0.00581944 -0.00564385 -0.0054759 -0.00536865 -0.00522028 -0.00509585 -0.00501016 -0.00489934 -0.00481263 -0.00471416 -0.00463199 -0.00459514 -0.00450912 -0.00443151 -0.00440437 -0.00435284 -0.0042984 -0.00425664 -0.00421865 -0.00419384 -0.00415495 -0.0041292 -0.00412554 -0.00409032 -0.0040702 -0.00408158 -0.00405605 
0 9.19461e-05 0.000156941 0.000244289 0.000325573 0.000385175 0.000482877 0.00057751 0.000648641 0.000751589 0.000839213 0.000910012 0.00101402 0.00111423 0.00122199 0.00132354 0.00140598 0.0015454 0.00167759 0.00177474 0.00191122 0.00204437 0.00219236 0.00235277 0.00249976 0.00269305 0.00287787 0.00307438 0.00331106 0.00353639 0.00381348 0.00410502 0.00443038 0.00482791 0.00523939 0.00575134 0.00634353 0.00702795 0.00785259 0.00880613 0.00998175 0.0113291 0.0129059 0.014768 0.0168752 0.0192569 0.0218385 0.0246558 0.0275925 0.0305088 0.0333167 0.0358358 0.0379406 0.0393421 0.0398964 0.039438 0.0378236 0.034945 0.0306884 0.0251525 0.0183893 0.0106113 0.00198708 -0.0071672 -0.0164988 -0.0256452 -0.034207 -0.0418897 -0.0483345 -0.0533634 -0.0567715 -0.0585562 -0.0587072 -0.0573636 -0.0546994 -0.0509747 -0.0465013 -0.0415553 -0.0364407 -0.0313389 -0.026481 -0.0219571 -0.0179283 -0.0144016 -0.0114498 -0.00899901 -0.00704822 -0.00548925 -0.00429617 -0.0033729 -0.00269604 -0.00219357 -0.00184623 -0.00160246 -0.00144599 -0.0013432 -0.00128222 -0.00124479 -0.00122339 -0.00121013 -0.00119988 -0.00118884 -0.00117187 -0.00114295 -0.00109446 -0.00101187 -0.000882927 -0.000679182 -0.000383351 4.99026e-05 0.000641382 0.00145571 0.00251799 0.00391701 0.00568317 0.00792378 0.0106536 0.0139583 0.0177877 0.0221554 0.0269216 0.0320194 0.0372366 0.0424221 0.0472858 0.0515751 0.054962 0.0571776 0.0579965 0.0572471 0.0548756 0.0508385 0.0452764 0.0383147 0.0302694 0.0213883 0.0120575 0.00261243 -0.00655766 -0.0151206 -0.0228488 -0.0295037 -0.0349775 -0.0391001 -0.041926 -0.0434945 -0.0439457 -0.0433877 -0.0419523 -0.0399002 -0.037379 -0.0346023 -0.0316467 -0.0286984 -0.0258822 -0.023226 -0.0208086 -0.0186095 -0.0167158 -0.0150607 -0.0136221 -0.0124206 -0.0113843 -0.010537 -0.00979294 -0.00917185 -0.00866111 -0.00819143 -0.00781535 -0.00746566 -0.00716533 -0.00691145 -0.00665593 -0.00645995 -0.00626466 -0.00608421 -0.00593828 -0.00578554 -0.0056693 -0.00553364 -0.00540436 -0.00533457 -0.00523229 -0.00512994 -0.00505413 -0.00498038 -0.00493703 -0.00486955 -0.00479137 -0.00475424 -0.00470386 -0.00465732 -0.00463705 -0.00460064 -0.00456582 -0.00454482 -0.00452153 -0.00450438 -0.00449389 -0.00448434 
0 8.79247e-05 0.000157878 0.000259041 0.000369347 0.000444335 0.000539222 0.000638101 0.000698494 0.000804794 0.000931962 0.00101402 0.00112542 0.00123835 0.00132857 0.00146073 0.00157438 0.00168652 0.00183932 0.00195595 0.00210349 0.00228745 0.00242118 0.00259101 0.00278797 0.00296748 0.00318086 0.00340558 0.00366195 0.00393948 0.00422911 0.00459184 0.00496832 0.00539107 0.00590967 0.00648221 0.00717004 0.00797147 0.00892422 0.0100688 0.0113867 0.01296 0.0147708 0.0168496 0.0192059 0.0217818 0.0245953 0.0275422 0.0305594 0.0334983 0.0362107 0.0385837 0.0403784 0.0414386 0.0415457 0.0406063 0.0384951 0.0350926 0.0303961 0.0244242 0.0173644 0.00932069 0.000534524 -0.00874919 -0.0181727 -0.0273665 -0.0360189 -0.0437824 -0.0504215 -0.0556345 -0.0593068 -0.0613117 -0.0617117 -0.0605706 -0.0580778 -0.05446 -0.049992 -0.0449893 -0.0396997 -0.0344027 -0.0292488 -0.0244498 -0.0200713 -0.0162509 -0.0129662 -0.0102646 -0.0080507 -0.00631219 -0.00493524 -0.00389528 -0.00309763 -0.00252326 -0.00210131 -0.00181695 -0.00161903 -0.00149643 -0.00141544 -0.00136979 -0.00133978 -0.00132313 -0.00130814 -0.001294 -0.00127003 -0.00123395 -0.00116904 -0.00106883 -0.000904303 -0.000663576 -0.000301352 0.000198555 0.000899991 0.00182336 0.00305565 0.00462415 0.00663902 0.00912251 0.0121781 0.0157784 0.0199652 0.0246226 0.0297077 0.0350262 0.0404548 0.0457284 0.0506262 0.0548283 0.0580649 0.0600732 0.060644 0.059658 0.057012 0.0527676 0.0469891 0.0399341 0.0317982 0.0229068 0.0135261 0.00402674 -0.00524182 -0.0139837 -0.0219365 -0.0289586 -0.0348259 -0.0394667 -0.0428001 -0.0449125 -0.0458724 -0.0457617 -0.0447446 -0.0429609 -0.0406568 -0.0379462 -0.0350139 -0.0319988 -0.0290152 -0.0261897 -0.0235334 -0.0211378 -0.0189866 -0.0170974 -0.0154796 -0.0140648 -0.0128759 -0.0118551 -0.0110009 -0.0102795 -0.00963633 -0.00912485 -0.00867154 -0.00826532 -0.00793257 -0.00762877 -0.00736948 -0.00711831 -0.00690221 -0.00672659 -0.00651645 -0.00635598 -0.00623013 -0.00607123 -0.00595594 -0.00584777 -0.00573437 -0.00565646 -0.00555824 -0.00547114 -0.00540223 -0.00531375 -0.00526348 -0.00522423 -0.00516344 -0.00511994 -0.00507217 -0.005036 -0.00501392 -0.00497321 -0.00495955 -0.00494702 -0.00491176 -0.00491844 
0 8.43275e-05 0.000212684 0.00029187 0.000364929 0.000494543 0.000586724 0.000669472 0.000809481 0.000908878 0.000982072 0.00111423 0.00123835 0.00133714 0.00146086 0.00159869 0.00173851 0.00186593 0.00200068 0.00216065 0.00231595 0.00248544 0.00265945 0.00284069 0.00306845 0.00328058 0.00349992 0.00377603 0.00405119 0.00434796 0.00469155 0.00508606 0.00552441 0.00600965 0.00661349 0.00730071 0.0080824 0.00903115 0.010148 0.0114596 0.0129713 0.0147513 0.0168063 0.0191008 0.0216649 0.0244523 0.027428 0.0304767 0.0335013 0.0363865 0.0389491 0.0410485 0.0424729 0.0430798 0.0426962 0.0412157 0.0385578 0.0346446 0.0295081 0.0231941 0.0158785 0.0076865 -0.00116575 -0.0104388 -0.019812 -0.0289437 -0.0375522 -0.0453321 -0.0520541 -0.0574304 -0.0613116 -0.0635658 -0.0642261 -0.0633488 -0.0610927 -0.0576545 -0.0532853 -0.0482822 -0.0429069 -0.0374412 -0.0320664 -0.0269947 -0.0223228 -0.0181899 -0.0146057 -0.0116194 -0.00915839 -0.00720455 -0.00565238 -0.00446688 -0.00355411 -0.00288722 -0.00239375 -0.00205515 -0.00181676 -0.00166645 -0.00156519 -0.00150775 -0.00146818 -0.00144692 -0.00142582 -0.00140757 -0.00137495 -0.00132873 -0.0012456 -0.00112078 -0.00091916 -0.000628785 -0.000199777 0.000386444 0.00119658 0.00225724 0.00365657 0.00543135 0.00768675 0.0104511 0.0138088 0.0177302 0.0222265 0.0271789 0.0325131 0.0380341 0.0435859 0.0488993 0.0537307 0.0577748 0.0607772 0.0625098 0.062794 0.0615266 0.0586322 0.0541819 0.0482782 0.0411742 0.0330716 0.0242573 0.0149742 0.00555537 -0.00368783 -0.0124795 -0.020587 -0.027854 -0.03408 -0.0391746 -0.0430421 -0.0457169 -0.0472226 -0.0476433 -0.0471046 -0.0457293 -0.0437085 -0.0411809 -0.0383531 -0.0353445 -0.0322832 -0.0292935 -0.0264585 -0.0238528 -0.021455 -0.0193284 -0.017479 -0.0158712 -0.0144807 -0.0132869 -0.0123092 -0.0114579 -0.0107208 -0.0101179 -0.00959603 -0.00913752 -0.00872648 -0.00839149 -0.00808849 -0.00778963 -0.0075592 -0.00734668 -0.00713819 -0.00696131 -0.00679439 -0.00665235 -0.00651464 -0.00637698 -0.00625616 -0.00614818 -0.00606828 -0.0059683 -0.0058647 -0.00582581 -0.00575972 -0.00566117 -0.00562729 -0.00558519 -0.00551294 -0.00548898 -0.00546297 -0.00541455 -0.00540197 -0.00538841 -0.00535679 -0.00535279 
0 0.00010462 0.00021398 0.000319293 0.000416806 0.000527321 0.000635595 0.000740756 0.000868926 0.000980888 0.00108975 0.00122199 0.00132857 0.00146086 0.001622 0.00173438 0.00187114 0.00203854 0.00219301 0.00236984 0.00252875 0.00270708 0.00292398 0.00311652 0.00334868 0.00359218 0.00383823 0.00414928 0.00445229 0.00479277 0.00519782 0.00563171 0.00614061 0.006707 0.00739294 0.00819389 0.00909218 0.0102005 0.0114918 0.012987 0.014723 0.0167251 0.0190234 0.0215336 0.0242917 0.0272606 0.030336 0.0334203 0.0363733 0.0391143 0.0414312 0.0431532 0.0441275 0.0442064 0.0432877 0.0412302 0.0380166 0.0336177 0.0280894 0.0215147 0.0140171 0.00577995 -0.00303554 -0.012169 -0.0213749 -0.03034 -0.0388127 -0.0465372 -0.0532667 -0.0587689 -0.0628274 -0.0653494 -0.0662901 -0.0657329 -0.0637673 -0.0605835 -0.0563854 -0.051453 -0.0460593 -0.0404733 -0.0349284 -0.0296083 -0.0246771 -0.0202328 -0.0163637 -0.0130734 -0.010366 -0.00816894 -0.00643908 -0.00508174 -0.0040535 -0.00327225 -0.00270905 -0.00229837 -0.00202282 -0.0018305 -0.00171372 -0.00163309 -0.00158984 -0.00155436 -0.00153353 -0.00150188 -0.00146673 -0.00139993 -0.00130384 -0.00114159 -0.000906957 -0.000551102 -5.8241e-05 0.000633588 0.00155107 0.00277251 0.00433949 0.00634651 0.00884075 0.0119052 0.0155502 0.0197928 0.0245631 0.0297868 0.0353162 0.040992 0.0465952 0.0518764 0.0565613 0.0603684 0.0630725 0.0644661 0.0644317 0.062853 0.0597305 0.0551032 0.0491493 0.042066 0.0340919 0.0254544 0.0163905 0.00718605 -0.00191343 -0.0106392 -0.0188163 -0.026235 -0.0327584 -0.0382593 -0.0426543 -0.0459103 -0.0479972 -0.0490109 -0.0490165 -0.0481448 -0.0464984 -0.0442479 -0.0416025 -0.0386715 -0.0356055 -0.0325025 -0.0295248 -0.0267275 -0.0241107 -0.021759 -0.0196688 -0.0178584 -0.0162613 -0.0148821 -0.0137439 -0.0127428 -0.0118975 -0.0111778 -0.0105654 -0.010048 -0.00956805 -0.00918476 -0.00883924 -0.00851457 -0.00825474 -0.00799278 -0.00777596 -0.00758573 -0.00738258 -0.00722131 -0.00706092 -0.00692836 -0.00681554 -0.00666393 -0.00656169 -0.00648653 -0.00638547 -0.00630591 -0.00622146 -0.00614701 -0.00609801 -0.00603619 -0.00599303 -0.00595293 -0.00590113 -0.00587761 -0.00584806 -0.00581918 -0.00581464 -0.00579278 
0 0.000131874 0.00019768 0.000337553 0.000482689 0.000561817 0.000696318 0.000830735 0.000911056 0.00104379 0.00119889 0.00132354 0.00146073 0.00159869 0.00173438 0.00188842 0.00204634 0.00221163 0.00238308 0.00256068 0.00276022 0.00296506 0.00317969 0.00341281 0.00364721 0.00391707 0.00421879 0.00452503 0.00488273 0.00528438 0.00572487 0.00623592 0.00680776 0.0074814 0.00826669 0.00917106 0.0102477 0.0115045 0.0129856 0.0146922 0.0166461 0.0188973 0.021394 0.0241253 0.0270553 0.0301397 0.0332743 0.036298 0.0391332 0.0416227 0.043599 0.0448694 0.0453033 0.044824 0.0432969 0.0406648 0.0368891 0.0320428 0.0261861 0.019404 0.0118312 0.0036155 -0.00503083 -0.0139354 -0.022851 -0.0315631 -0.039819 -0.0474037 -0.0540897 -0.0596445 -0.0638796 -0.0666444 -0.0679141 -0.0676927 -0.0660872 -0.0632051 -0.0592562 -0.054463 -0.0491157 -0.0434763 -0.0377984 -0.0322858 -0.0271056 -0.0223912 -0.0182224 -0.0146525 -0.0116659 -0.00923948 -0.00729393 -0.00577687 -0.00459846 -0.003716 -0.00305324 -0.00258408 -0.00224591 -0.00202537 -0.00187138 -0.00178172 -0.00171589 -0.00168058 -0.00164225 -0.00161144 -0.00155524 -0.00148147 -0.00135134 -0.00116448 -0.000872005 -0.000462837 0.000123216 0.000909281 0.00196884 0.00334123 0.0051155 0.0073445 0.0101152 0.0134606 0.0174151 0.0219423 0.0269853 0.0324269 0.0381237 0.0438871 0.0494846 0.0546594 0.059123 0.0626355 0.0649701 0.0659965 0.0655855 0.0637041 0.0603355 0.0555918 0.0496209 0.0426404 0.0348567 0.0264793 0.0177385 0.00883995 1.58158e-05 -0.00856693 -0.0166903 -0.0241974 -0.0309235 -0.0367751 -0.0416583 -0.0454683 -0.0481779 -0.0497942 -0.0504231 -0.0501043 -0.0489393 -0.0470728 -0.0446838 -0.0419385 -0.0389242 -0.0358125 -0.0327243 -0.0297608 -0.0269685 -0.0243822 -0.0220749 -0.0200178 -0.0182159 -0.0166507 -0.0152997 -0.0141591 -0.0131709 -0.0123342 -0.0116192 -0.0110044 -0.0104894 -0.0100217 -0.0096224 -0.00928493 -0.00896485 -0.00868331 -0.00843209 -0.0082034 -0.00800097 -0.00781098 -0.00764253 -0.00748577 -0.00734549 -0.0072323 -0.00710352 -0.0069839 -0.00689715 -0.00678569 -0.00670409 -0.00666882 -0.00657168 -0.00649224 -0.00648079 -0.00641061 -0.00635434 -0.00635936 -0.00629795 -0.00625558 -0.00627873 -0.00624175 
0 0.000123037 0.000249872 0.000372869 0.000488284 0.000613626 0.000750533 0.000878482 0.00101132 0.00115988 0.00128576 0.00140598 0.00157438 0.00173851 0.00187114 0.00204634 0.00223962 0.00239916 0.00257538 0.00278344 0.00299392 0.00320724 0.00344723 0.00371007 0.00397473 0.00428259 0.00461676 0.00495048 0.00535543 0.00580936 0.00630027 0.00687742 0.00754633 0.00833395 0.00922818 0.0102842 0.0115435 0.0129776 0.014657 0.0165826 0.0187753 0.0212387 0.0239276 0.0268503 0.0299101 0.0330564 0.0361595 0.0390722 0.0416971 0.0438466 0.045391 0.0461307 0.0459868 0.0448865 0.0427359 0.0395184 0.0352188 0.0299773 0.0238452 0.0169397 0.00936199 0.00127701 -0.00711768 -0.0156896 -0.0242338 -0.0326136 -0.0405784 -0.0479655 -0.0545373 -0.0601109 -0.0644829 -0.0675014 -0.0691046 -0.0692586 -0.0680463 -0.0655214 -0.0618817 -0.0572935 -0.0520636 -0.0464243 -0.0406732 -0.0349995 -0.0296133 -0.0246391 -0.0201949 -0.0163356 -0.0130764 -0.0103985 -0.00823569 -0.00653572 -0.0052052 -0.00420241 -0.00343962 -0.00289697 -0.00249674 -0.00223636 -0.00204674 -0.0019392 -0.00185324 -0.00181096 -0.00175793 -0.00172093 -0.00164597 -0.00155672 -0.0013937 -0.001171 -0.000820502 -0.000343377 0.000337415 0.00123662 0.0024417 0.00398877 0.0059746 0.00845022 0.0114952 0.0151363 0.0193815 0.0241886 0.0294654 0.0350994 0.0409062 0.0467082 0.0522273 0.0572304 0.0614049 0.0645646 0.0664878 0.067103 0.0662992 0.0640929 0.060503 0.0556623 0.0497365 0.0429048 0.0353816 0.0273292 0.0189871 0.0104848 0.00201839 -0.00630939 -0.0142978 -0.0217915 -0.0286548 -0.0347756 -0.0400833 -0.0444143 -0.0477332 -0.0499903 -0.0512589 -0.05156 -0.0509508 -0.0495733 -0.0475448 -0.0450577 -0.0422039 -0.0391558 -0.0360351 -0.032942 -0.0299959 -0.0272153 -0.0246759 -0.0223764 -0.0203476 -0.0185844 -0.0170228 -0.0157016 -0.0145756 -0.0136077 -0.0127735 -0.0120582 -0.0114692 -0.0109271 -0.0104548 -0.0100695 -0.00970641 -0.00938845 -0.00911558 -0.00886287 -0.00863205 -0.00843325 -0.00825815 -0.00806388 -0.00789654 -0.00778239 -0.00764026 -0.00749821 -0.00741345 -0.00732497 -0.00721618 -0.00713575 -0.00707299 -0.00699936 -0.00693354 -0.00688525 -0.00683708 -0.00679687 -0.00677476 -0.00675193 -0.00672365 -0.00670477 
0 0.000120791 0.000279079 0.000398733 0.00052423 0.00067852 0.000799559 0.000938684 0.00109738 0.00123362 0.00139253 0.0015454 0.00168652 0.00186593 0.00203854 0.00221163 0.00239916 0.00257633 0.0028001 0.00303252 0.00323251 0.00347848 0.00374917 0.00402074 0.00432257 0.00465132 0.00501966 0.00541465 0.0058638 0.00638866 0.00694992 0.0076074 0.00839433 0.00928065 0.0103112 0.0115339 0.0129685 0.014611 0.0164916 0.018664 0.0210942 0.0237517 0.0266367 0.0296971 0.0328464 0.0359673 0.0389539 0.0416803 0.0439777 0.0457069 0.0467134 0.0468778 0.0461141 0.0443603 0.0415977 0.0378071 0.0330681 0.0274808 0.0211597 0.0142008 0.00670702 -0.00114802 -0.00922576 -0.0173758 -0.0255095 -0.0334766 -0.0411156 -0.0482398 -0.0546619 -0.0602153 -0.0646987 -0.067975 -0.0699068 -0.0704751 -0.0696644 -0.0675591 -0.0642573 -0.0599551 -0.054885 -0.0493203 -0.043532 -0.0377476 -0.0321804 -0.0269713 -0.0222652 -0.018116 -0.0145864 -0.0116372 -0.0092556 -0.00734495 -0.00586474 -0.00471325 -0.00385852 -0.00321509 -0.00276522 -0.00243888 -0.00222919 -0.002079 -0.00199073 -0.00191768 -0.0018687 -0.00180178 -0.00172622 -0.00159685 -0.00141721 -0.00113267 -0.00073771 -0.000165387 0.000600203 0.00164093 0.00298659 0.00473679 0.00693316 0.00967751 0.0129923 0.0169327 0.021452 0.0265169 0.0319977 0.0377751 0.0436493 0.0494141 0.0548026 0.0595459 0.0633914 0.0661262 0.067623 0.0677794 0.0665861 0.0640397 0.0602551 0.0553471 0.0495083 0.0428877 0.0356687 0.0280235 0.020121 0.0121043 0.00405223 -0.0039148 -0.0116829 -0.0190786 -0.0259972 -0.0323299 -0.0379693 -0.0427913 -0.0466803 -0.0496025 -0.0515264 -0.0524796 -0.0525006 -0.0516764 -0.0501203 -0.0479556 -0.0453553 -0.0424522 -0.0393676 -0.0362242 -0.0331466 -0.0302271 -0.0274791 -0.0249527 -0.0227047 -0.020715 -0.0189553 -0.0174193 -0.0161184 -0.0150043 -0.0140202 -0.0131981 -0.0125037 -0.0118868 -0.0113605 -0.0109048 -0.010507 -0.0101452 -0.00982815 -0.00956372 -0.0092892 -0.00904753 -0.00886337 -0.00867069 -0.00849301 -0.00833005 -0.00818498 -0.00807802 -0.00794958 -0.00782996 -0.00773998 -0.00763297 -0.00756372 -0.00750689 -0.00741782 -0.00737619 -0.00733604 -0.00726268 -0.00724582 -0.00722617 -0.00717402 -0.00717996 
