0 0 0 0 0 0 0 0 0 0 0 0 0 0 0 0 0 0 0 0 0 0 0 0 0 0 0 0 0 0 0 0 0 0 0 0 0 0 0 0 0 0 0 0 0 0 0 0 0 0 0 0 0 0 0 0 0 0 0 0 0 0 0 0 0 0 0 0 0 0 0 0 0 0 0 0 0 0 0 0 0 0 0 0 0 0 0 0 0 0 0 0 0 0 0 0 0 0 0 0 0 0 0 0 0 0 0 0 0 0 0 0 0 0 0 0 0 0 0 0 0 0 0 0 0 0 0 0 0 0 0 0 0 0 0 0 0 0 0 0 0 0 0 0 0 0 0 0 0 0 0 0 0 0 0 0 0 0 0 0 0 0 0 0 0 0 0 0 0 0 0 0 0 0 0 0 0 0 0 0 0 0 0 0 0 0 0 0 0 0 0 0 0 0 0 0 0 0 0 0 
0 3.12256e-06 -1.88802e-06 -1.75567e-06 7.75926e-06 6.51134e-06 9.67863e-06 1.84761e-05 8.91433e-06 8.79793e-06 1.55307e-05 8.29101e-06 1.43575e-05 2.45054e-05 1.83882e-05 1.77756e-05 2.74288e-05 2.20726e-05 2.17149e-05 3.95181e-05 2.88504e-05 2.28006e-05 3.27975e-05 2.50062e-05 3.57146e-05 3.9753e-05 4.54505e-05 4.79926e-05 2.61318e-05 5.24773e-05 6.26614e-05 4.43739e-05 4.5051e-05 4.85999e-05 6.34787e-05 5.10541e-05 6.0132e-05 6.39169e-05 5.90376e-05 8.15373e-05 6.72596e-05 7.7738e-05 8.22025e-05 8.42193e-05 8.62758e-05 8.38878e-05 0.000102369 8.4227e-05 0.000101804 0.000103804 0.000103782 0.000110137 0.00011493 0.000129958 0.000116083 0.000142512 0.000140684 0.000149143 0.000151611 0.0001677 0.000176127 0.000169956 0.000195279 0.000196431 0.000212522 0.000207019 0.000239244 0.00024311 0.000257301 0.000271829 0.000303878 0.000332102 0.000355696 0.00041444 0.000478214 0.000572679 0.00066523 0.000827711 0.00101096 0.00125863 0.00153186 0.00190728 0.00234867 0.00289108 0.00349808 0.00421188 0.00499326 0.00581983 0.00662167 0.00737026 0.00801854 0.00850966 0.00876839 0.00872249 0.00833641 0.00758015 0.00646718 0.00501169 0.0032923 0.00138235 -0.000597058 -0.00255695 -0.00437198 -0.00596055 -0.00722975 -0.00815303 -0.00870321 -0.00890163 -0.00877023 -0.00837677 -0.00779326 -0.00708692 -0.00630522 -0.00548071 -0.00467851 -0.00393347 -0.0032897 -0.00271409 -0.00223635 -0.00182764 -0.00152585 -0.00125857 -0.00105702 -0.000875831 -0.00076957 -0.000665586 -0.000595799 -0.000525386 -0.000497647 -0.000464346 -0.000432278 -0.000408702 -0.000394289 -0.000387602 -0.000354764 -0.000354373 -0.000337403 -0.000337566 -0.000307424 -0.000314176 -0.00030338 -0.000292448 -0.00028366 -0.000280265 -0.000282217 -0.000257502 -0.000271286 -0.000257386 -0.00025738 -0.000244421 -0.000250572 -0.000243973 -0.000227395 -0.000241389 -0.000222595 -0.000224522 -0.000214777 -0.000220178 -0.000209579 -0.000201802 -0.000215482 -0.000196593 -0.000208794 -0.000199434 -0.000193499 -0.00020316 -0.00020197 -0.000195314 -0.000172186 -0.00019662 -0.000197432 -0.000174965 -0.000178521 -0.000172556 -0.000185514 -0.000180741 -0.000175803 -0.000186262 -0.000169177 -0.000170123 -0.000180464 -0.000173939 -0.000168089 -0.000169239 -0.000167718 -0.000158259 -0.00016993 -0.000175473 -0.000163685 -0.00017392 -0.000168925 -0.000154297 -0.000165761 -0.000162321 -0.000156768 -0.000171285 -0.000166083 -0.000159662 -0.000170383 -0.000161493 
0 -1.88802e-06 2.02614e-05 6.19518e-06 1.21109e-05 1.76652e-05 2.32037e-06 1.8838e-05 1.85882e-05 2.46155e-05 3.79042e-05 2.65848e-05 4.15456e-05 3.19895e-05 2.87814e-05 5.60683e-05 3.49013e-05 4.69778e-05 6.15588e-05 3.52128e-05 5.65363e-05 7.18563e-05 6.80651e-05 7.16587e-05 7.78416e-05 7.39954e-05 5.69681e-05 9.01836e-05 9.92218e-05 7.59994e-05 8.83403e-05 9.29776e-05 0.00011455 0.000118719 0.000103719 0.000119277 0.000131394 0.000131384 0.00012495 0.000140436 0.000143987 0.0001386 0.000158977 0.000160353 0.000161636 0.000178143 0.000189371 0.000188834 0.000200428 0.000220153 0.000217902 0.000224895 0.000246349 0.000250613 0.000251752 0.000270648 0.000287316 0.000287319 0.000299535 0.000327788 0.000335341 0.000344144 0.000369271 0.000398383 0.000406666 0.000426129 0.00046595 0.000493746 0.000515685 0.000551775 0.000616464 0.000666642 0.000733139 0.000831843 0.000980834 0.00114581 0.00136244 0.00165982 0.0020515 0.00252259 0.00309716 0.0038282 0.00472708 0.00579589 0.00702208 0.00843762 0.00999574 0.0116345 0.0132275 0.0147177 0.0159946 0.0169669 0.0174589 0.0173675 0.016578 0.0150795 0.0128459 0.00996433 0.00653045 0.00275082 -0.00119873 -0.00507706 -0.00870058 -0.0118451 -0.0143893 -0.0162186 -0.0173348 -0.0177272 -0.0174894 -0.0167101 -0.0155653 -0.014157 -0.0126054 -0.0109663 -0.00936923 -0.00788791 -0.00658998 -0.0054491 -0.00447905 -0.0036775 -0.00304653 -0.00253131 -0.0021026 -0.00176692 -0.00152195 -0.00133815 -0.00117442 -0.00105803 -0.000980042 -0.000926776 -0.000858035 -0.000815204 -0.000789678 -0.00076567 -0.000723811 -0.000701157 -0.000692858 -0.000667571 -0.000639163 -0.000627018 -0.000621441 -0.00059218 -0.000574879 -0.000571619 -0.000556022 -0.000531726 -0.000525462 -0.000521686 -0.00049826 -0.000487568 -0.000489861 -0.000473811 -0.000460895 -0.000462613 -0.000458047 -0.000441669 -0.000442753 -0.000443514 -0.000423596 -0.000427956 -0.000424562 -0.000406935 -0.000401211 -0.00040691 -0.000400056 -0.000375679 -0.000382493 -0.000382847 -0.000387126 -0.000381382 -0.000351131 -0.000375331 -0.000386446 -0.000364616 -0.000355826 -0.000357702 -0.000354292 -0.000337539 -0.000360819 -0.000353664 -0.000327688 -0.000352103 -0.000338847 -0.000338462 -0.0003539 -0.000336451 -0.000340573 -0.000326715 -0.000323946 -0.000334142 -0.000319442 -0.000341364 -0.000337314 -0.000320992 -0.000342598 -0.000318336 -0.000316558 -0.000336693 -0.000310776 -0.000329186 
0 -1.75567e-06 6.19518e-06 6.49159e-06 1.71697e-05 2.34905e-05 2.45798e-05 3.72514e-05 3.18986e-05 3.19928e-05 4.29751e-05 3.77327e-05 4.84367e-05 5.97498e-05 5.60477e-05 6.385e-05 6.96394e-05 6.99354e-05 7.77493e-05 8.83467e-05 8.70508e-05 8.6797e-05 9.34749e-05 9.39528e-05 0.000107779 0.000115446 0.000121842 0.000131002 0.000118599 0.000138941 0.000156485 0.000144119 0.000148447 0.000158832 0.000170696 0.000170107 0.000183794 0.000190346 0.000192897 0.000219043 0.00021496 0.000225463 0.000241295 0.000248254 0.00025358 0.000263953 0.000284956 0.000277156 0.000299659 0.00031496 0.000320177 0.000334692 0.000355523 0.000375186 0.000375203 0.000411193 0.000427242 0.000442002 0.000460519 0.00049504 0.000515198 0.000525866 0.000568103 0.000595344 0.000622858 0.000643787 0.000701553 0.0007366 0.000776011 0.000830821 0.000915288 0.000999509 0.00109723 0.001256 0.00146324 0.00172759 0.00205081 0.00251028 0.00308625 0.00380791 0.00467615 0.00578401 0.00712842 0.00873398 0.0105776 0.0126923 0.0150125 0.0174388 0.019812 0.0220156 0.0239065 0.0253144 0.0260254 0.0258526 0.0246685 0.0224112 0.0190907 0.0147924 0.00970551 0.00408401 -0.00176445 -0.00753197 -0.0128991 -0.0175866 -0.0213676 -0.024117 -0.0257868 -0.0264078 -0.026076 -0.0249605 -0.0232718 -0.0211959 -0.0188853 -0.016462 -0.014087 -0.011881 -0.00993142 -0.00822083 -0.00677054 -0.00556292 -0.00461015 -0.00382317 -0.00319066 -0.00267781 -0.00231251 -0.00201833 -0.00178811 -0.00160306 -0.00148855 -0.00139337 -0.00130211 -0.00123306 -0.00118761 -0.00114894 -0.00108708 -0.00105708 -0.00102636 -0.000999607 -0.00095104 -0.000937378 -0.000915749 -0.000884322 -0.000859345 -0.000847108 -0.000832866 -0.000797264 -0.000796039 -0.000778608 -0.000761422 -0.000741193 -0.00073977 -0.000722333 -0.00069851 -0.000702047 -0.000681191 -0.000668635 -0.00065686 -0.000654924 -0.000635072 -0.000625297 -0.000630487 -0.000609306 -0.000611014 -0.00060253 -0.000592548 -0.000592703 -0.00059119 -0.000577027 -0.000557076 -0.000573658 -0.000565238 -0.000546423 -0.0005457 -0.000536662 -0.000542514 -0.000539578 -0.000533566 -0.00053351 -0.000523757 -0.000520259 -0.000522642 -0.000521084 -0.000509812 -0.000508741 -0.00050662 -0.000495299 -0.00050669 -0.000507327 -0.000499247 -0.000507196 -0.000496807 -0.00048902 -0.000493787 -0.000487588 -0.000489064 -0.000494174 -0.000492447 -0.000492449 -0.000491572 -0.000488315 
0 7.75926e-06 1.21109e-05 1.71697e-05 2.04268e-05 2.50715e-05 3.24711e-05 3.82264e-05 4.3848e-05 4.86756e-05 5.60994e-05 6.13827e-05 6.34809e-05 7.49472e-05 7.84259e-05 7.925e-05 9.44566e-05 9.46476e-05 9.7978e-05 0.000114879 0.000114212 0.000120645 0.000131593 0.000134874 0.000143351 0.000147802 0.000161008 0.000166317 0.000165067 0.000184094 0.000193062 0.000196949 0.000204712 0.000216187 0.000229988 0.000232566 0.000246577 0.000255258 0.00026403 0.000280915 0.000285528 0.000300515 0.00031361 0.000326829 0.000338938 0.000353451 0.000373634 0.000380908 0.000403146 0.000420629 0.000435238 0.000454505 0.000475985 0.000498461 0.000511881 0.000543597 0.000566223 0.000588843 0.000616213 0.000650518 0.000680953 0.000706213 0.000751562 0.000789164 0.000828965 0.000869052 0.000930321 0.000985025 0.00104338 0.00112275 0.00122451 0.00134408 0.00148726 0.00169888 0.00197316 0.00232994 0.00278147 0.0033915 0.00416427 0.00512941 0.00631432 0.00779265 0.00959097 0.0117242 0.0141919 0.0169892 0.0200499 0.0232292 0.0263537 0.0292383 0.0317007 0.0334982 0.0343812 0.0341004 0.0325027 0.0294936 0.0251021 0.0194359 0.0127504 0.00536443 -0.00231463 -0.00989124 -0.0169425 -0.0231169 -0.0281117 -0.0317669 -0.0340036 -0.0348731 -0.0344911 -0.0330842 -0.0308974 -0.0281866 -0.0251463 -0.0219709 -0.0188423 -0.015929 -0.013322 -0.0110468 -0.00910757 -0.00749835 -0.00619958 -0.00514288 -0.00429154 -0.00361265 -0.00310422 -0.00270533 -0.00239756 -0.00215536 -0.00198972 -0.00185506 -0.00174314 -0.00165081 -0.00158538 -0.00152582 -0.00146121 -0.00141415 -0.00137155 -0.00133277 -0.00128361 -0.00125504 -0.00122226 -0.0011882 -0.0011556 -0.00113209 -0.00110778 -0.00107459 -0.00105806 -0.00103444 -0.00101341 -0.000990172 -0.000976711 -0.000957937 -0.000936086 -0.000927687 -0.000908498 -0.000895273 -0.000880803 -0.000871119 -0.000856938 -0.000842436 -0.000837347 -0.000820546 -0.000814528 -0.000803036 -0.000789527 -0.000785991 -0.000777348 -0.00076852 -0.000753685 -0.000754395 -0.000752211 -0.000735444 -0.000732695 -0.000727443 -0.000723602 -0.00071588 -0.000707576 -0.000710423 -0.000697512 -0.000693125 -0.00069748 -0.000685713 -0.000683701 -0.000683804 -0.000677158 -0.000674519 -0.000672608 -0.000671014 -0.000664556 -0.000663655 -0.000664742 -0.000656421 -0.000659919 -0.000661145 -0.00065239 -0.000657633 -0.000654567 -0.000647391 -0.000655578 -0.000651521 
0 6.51134e-06 1.76652e-05 2.34905e-05 2.50715e-05 3.55689e-05 3.97085e-05 3.87037e-05 5.51703e-05 6.57362e-05 6.64585e-05 8.1314e-05 8.7471e-05 8.22942e-05 9.71392e-05 0.000110609 0.000106038 0.000122557 0.000135088 0.000122852 0.000143165 0.000160889 0.000160873 0.000177321 0.000179741 0.00018788 0.000187566 0.000200134 0.000237623 0.000219375 0.00022165 0.000251314 0.000266344 0.000277942 0.000272162 0.000300818 0.000308519 0.000320073 0.000339447 0.000335308 0.000368593 0.000372193 0.000391021 0.000407275 0.000422977 0.000449814 0.00045284 0.000493004 0.000498356 0.000526924 0.000549178 0.000570266 0.000600259 0.000613628 0.000659252 0.000668801 0.000712711 0.000736139 0.000777161 0.000809999 0.00084623 0.000898877 0.00093021 0.000993262 0.00103095 0.00110603 0.00115396 0.00123876 0.00131323 0.00141875 0.0015382 0.00168982 0.00189397 0.00214725 0.0025043 0.00294352 0.00354906 0.00429718 0.00528666 0.00648935 0.00801725 0.00986195 0.0121265 0.0147811 0.0178766 0.0213385 0.0251112 0.0290059 0.0328392 0.0363642 0.0393389 0.0414731 0.0424662 0.0420472 0.0400072 0.0362603 0.0308167 0.0238508 0.0156344 0.00658848 -0.00283519 -0.0121131 -0.0207747 -0.0283589 -0.0345398 -0.0390778 -0.0419033 -0.0430448 -0.0426725 -0.0410271 -0.0384067 -0.0351042 -0.0313809 -0.0274922 -0.0236451 -0.0200458 -0.0167837 -0.0139495 -0.0115126 -0.00950596 -0.00783755 -0.00651448 -0.00542477 -0.0045926 -0.00391598 -0.00342199 -0.0030186 -0.00273307 -0.00249797 -0.00232903 -0.00219058 -0.00207748 -0.00198977 -0.00190065 -0.00184522 -0.00176719 -0.00172477 -0.00165652 -0.0016253 -0.00156578 -0.00153039 -0.00148917 -0.00145122 -0.00141949 -0.0013751 -0.00136162 -0.00131314 -0.00129882 -0.00126225 -0.00124657 -0.00121623 -0.00119278 -0.00118435 -0.00114698 -0.00114484 -0.0011168 -0.00110896 -0.00108464 -0.00107297 -0.00106669 -0.00103512 -0.0010371 -0.0010096 -0.00100733 -0.000998251 -0.000971849 -0.000964037 -0.000958243 -0.00097041 -0.000932615 -0.000918256 -0.000937176 -0.000923066 -0.000915642 -0.000896225 -0.000894371 -0.000890552 -0.000871927 -0.000885325 -0.000875362 -0.000855523 -0.000861095 -0.000859216 -0.000851316 -0.000851438 -0.000853357 -0.000837437 -0.000829266 -0.000836932 -0.000824219 -0.000824943 -0.000837899 -0.000822116 -0.000821445 -0.000829186 -0.000810795 -0.000814459 -0.000822608 -0.000807025 -0.000816947 
0 9.67863e-06 2.32037e-06 2.45798e-05 3.24711e-05 3.97085e-05 5.93504e-05 5.75525e-05 7.09326e-05 7.17904e-05 7.20373e-05 9.4829e-05 8.99942e-05 0.000112604 0.000128643 0.000113694 0.000144755 0.000145795 0.000144276 0.000179922 0.000175445 0.000175282 0.00018847 0.000200869 0.000209587 0.00022646 0.000258728 0.000242895 0.000250479 0.000282482 0.000290023 0.000308044 0.000298443 0.000314021 0.000346882 0.000352409 0.000362224 0.000379777 0.000409793 0.000414806 0.000437733 0.00046399 0.000468454 0.000497036 0.000517533 0.000533791 0.00055038 0.000583226 0.000602933 0.000618709 0.000658867 0.000684214 0.000709166 0.000742802 0.000787151 0.000813385 0.00084913 0.000899802 0.000939723 0.000977169 0.00102773 0.00108796 0.00113188 0.0011878 0.00125739 0.00133045 0.00139599 0.00148459 0.00159342 0.00171363 0.00185401 0.00204645 0.00230017 0.00261889 0.0030371 0.00359603 0.00432949 0.00525734 0.00643733 0.00792262 0.00977347 0.0120233 0.0147342 0.0179347 0.0216331 0.0257549 0.0301944 0.0347672 0.0392542 0.0433614 0.0467844 0.0491807 0.0502283 0.0496147 0.0471204 0.0426281 0.0361847 0.0279739 0.0183388 0.00772943 -0.00330281 -0.0141822 -0.024334 -0.0332635 -0.0405657 -0.0459844 -0.0493999 -0.0508654 -0.0505532 -0.0487471 -0.0457583 -0.0419304 -0.037581 -0.0330246 -0.0285063 -0.0242361 -0.0203455 -0.0169355 -0.0140199 -0.0115825 -0.00956353 -0.0079315 -0.00662862 -0.00560164 -0.00478486 -0.0041557 -0.00368154 -0.00332233 -0.00303503 -0.00281363 -0.0026512 -0.00251734 -0.00239476 -0.00229212 -0.00221671 -0.00213815 -0.00205983 -0.00199486 -0.00194693 -0.00188388 -0.00182726 -0.00178543 -0.00174698 -0.00169426 -0.00165623 -0.00163046 -0.0015896 -0.00155305 -0.00152825 -0.00150537 -0.00146305 -0.00144456 -0.00142332 -0.00139058 -0.00136597 -0.00134944 -0.00132694 -0.00129521 -0.00129142 -0.00126429 -0.00124408 -0.00124112 -0.00122301 -0.00120146 -0.00118798 -0.00119673 -0.00117086 -0.00115093 -0.00113999 -0.00112842 -0.00114032 -0.0011042 -0.00108226 -0.00109231 -0.00108615 -0.00107631 -0.00106845 -0.00107181 -0.00104356 -0.00104234 -0.00105856 -0.00102646 -0.00103195 -0.00102551 -0.00100124 -0.00101513 -0.00100638 -0.00100996 -0.00101234 -0.000997037 -0.00100256 -0.000984733 -0.000982546 -0.00099147 -0.00097407 -0.000990158 -0.000990059 -0.000974243 -0.000991997 -0.000976172 
0 1.84761e-05 1.8838e-05 3.72514e-05 3.82264e-05 3.87037e-05 5.75525e-05 5.95281e-05 7.66524e-05 9.1823e-05 9.5211e-05 0.000115688 0.00011547 0.000122492 0.000140838 0.00014009 0.000160665 0.000172094 0.000173654 0.000193445 0.00020122 0.000215684 0.000234542 0.000244676 0.000251076 0.000260069 0.000275959 0.000283631 0.000308894 0.000321539 0.000320819 0.00035326 0.000369412 0.000381084 0.000402998 0.000415653 0.000430746 0.000452154 0.0004735 0.000479174 0.000506933 0.000533693 0.000542698 0.000573694 0.000603212 0.000622904 0.000647289 0.000687863 0.000710924 0.000733342 0.000778252 0.000808699 0.000834021 0.00087391 0.00092234 0.000949764 0.000990295 0.00104843 0.00109372 0.00113493 0.00119698 0.00126796 0.00131931 0.00138564 0.00147272 0.00155985 0.0016373 0.00174522 0.00188069 0.00202441 0.00219246 0.00242766 0.00273845 0.00312016 0.00361942 0.0042919 0.00517142 0.0062735 0.00766975 0.00943455 0.0116289 0.0142813 0.0174552 0.0211924 0.0254859 0.0302355 0.0353052 0.0405022 0.0455775 0.0501937 0.0539825 0.0565657 0.0575915 0.0567346 0.0537521 0.0485289 0.0411234 0.0317574 0.0208066 0.00877308 -0.00373733 -0.0160742 -0.0276047 -0.0377767 -0.0461479 -0.0524176 -0.0564456 -0.058274 -0.0580938 -0.056199 -0.0529258 -0.0486468 -0.0437414 -0.0385731 -0.0334247 -0.0285165 -0.0240093 -0.0200319 -0.016621 -0.013751 -0.0113593 -0.00941793 -0.00787326 -0.006653 -0.00567509 -0.00491747 -0.00435033 -0.00392126 -0.00357252 -0.00330332 -0.00310983 -0.0029529 -0.00280491 -0.00268291 -0.00259665 -0.00250734 -0.00241401 -0.00233915 -0.00228523 -0.00221307 -0.00214442 -0.00209648 -0.00205086 -0.001988 -0.0019399 -0.00190828 -0.00185883 -0.0018118 -0.00178166 -0.00175186 -0.00170414 -0.00167896 -0.00165725 -0.00162038 -0.00159387 -0.00157824 -0.0015527 -0.00152083 -0.0015138 -0.00148923 -0.00146071 -0.0014492 -0.0014302 -0.00140806 -0.00139039 -0.0013776 -0.00135228 -0.00134906 -0.00134154 -0.00131128 -0.00130952 -0.00130262 -0.00129031 -0.00128255 -0.0012678 -0.00125289 -0.00124262 -0.00124219 -0.00122669 -0.00122062 -0.00121679 -0.00119783 -0.00120515 -0.00119951 -0.00119 -0.00119483 -0.00117563 -0.0011711 -0.00116814 -0.00115657 -0.00116493 -0.00115908 -0.0011577 -0.00116184 -0.00114782 -0.0011494 -0.00114587 -0.00113692 -0.00114682 -0.00114291 
0 8.91433e-06 1.85882e-05 3.18986e-05 4.3848e-05 5.51703e-05 7.09326e-05 7.66524e-05 8.30308e-05 0.000102661 0.000107098 0.000118448 0.000141651 0.000138947 0.000156043 0.000179129 0.000172914 0.000196979 0.0002142 0.000210435 0.000233989 0.000246726 0.000258772 0.000273672 0.000286929 0.000311098 0.000309781 0.00033134 0.000364239 0.000362122 0.000376327 0.000398378 0.00042338 0.000435547 0.000447265 0.000478403 0.000490852 0.000519828 0.000539664 0.000554876 0.00059065 0.000608631 0.000634439 0.000658546 0.000691987 0.00071571 0.000740389 0.000785438 0.000805839 0.000842997 0.000882906 0.000922564 0.000956275 0.00100081 0.00105753 0.00108965 0.00114571 0.00120324 0.00126122 0.0013099 0.00138129 0.00145922 0.00151854 0.00159983 0.00169201 0.00179489 0.00188266 0.00201256 0.00216447 0.00233528 0.00253603 0.00281488 0.00318276 0.00363275 0.00422818 0.00501713 0.0060527 0.00733791 0.00897344 0.0110265 0.0135789 0.0166423 0.0202951 0.0245653 0.0294396 0.0347848 0.0404452 0.0462086 0.051798 0.0568364 0.0609017 0.063588 0.0645153 0.0633585 0.0598578 0.0539172 0.0456012 0.0351749 0.0230304 0.00972212 -0.00411232 -0.0177523 -0.0305299 -0.0418361 -0.051209 -0.0583003 -0.0629581 -0.065198 -0.0652234 -0.0633229 -0.059857 -0.0552191 -0.0498415 -0.0441283 -0.0383981 -0.0328913 -0.0277912 -0.0232579 -0.0193419 -0.0160328 -0.013257 -0.0110012 -0.00919395 -0.00777138 -0.00662233 -0.00573585 -0.00506039 -0.00455467 -0.00414104 -0.00382346 -0.00358976 -0.00340147 -0.00323192 -0.00308498 -0.00298299 -0.00287368 -0.00277285 -0.00267928 -0.00261517 -0.00253213 -0.00245579 -0.00239791 -0.00234054 -0.00227909 -0.00221842 -0.0021844 -0.00212728 -0.00208186 -0.0020427 -0.00200699 -0.00196344 -0.00192506 -0.00190351 -0.00185777 -0.00183182 -0.00180386 -0.00177473 -0.00174487 -0.00171985 -0.00170398 -0.00166846 -0.00165524 -0.00163201 -0.00161176 -0.00160233 -0.00157242 -0.00155739 -0.00154554 -0.00153831 -0.00151024 -0.00148655 -0.00149531 -0.00147349 -0.00145564 -0.00144755 -0.0014363 -0.00143064 -0.0014105 -0.00141336 -0.00140483 -0.00138008 -0.00138862 -0.00137691 -0.00136072 -0.00136527 -0.00135386 -0.00134546 -0.00134356 -0.00134023 -0.0013352 -0.00132884 -0.00133043 -0.00131988 -0.00131441 -0.00132187 -0.00130973 -0.00131134 -0.00131873 -0.00130313 -0.00130926 
0 8.79793e-06 2.46155e-05 3.19928e-05 4.86756e-05 6.57362e-05 7.17904e-05 9.1823e-05 0.000102661 0.000105863 0.000127371 0.000133596 0.000142765 0.000172892 0.000179258 0.000186113 0.000211184 0.000216774 0.000226822 0.000256411 0.000267741 0.000272845 0.000289298 0.000306549 0.000323132 0.000339046 0.000372358 0.000383987 0.000374589 0.000414485 0.000446863 0.000453435 0.000462719 0.000482989 0.000522423 0.000533735 0.000556681 0.000580587 0.000604042 0.000641748 0.000654009 0.000691607 0.000715329 0.00074694 0.000780283 0.000803919 0.00085 0.000871771 0.000920388 0.000950752 0.000996635 0.00104111 0.0010792 0.00114005 0.0011783 0.00124475 0.00128864 0.00136318 0.0014189 0.00148698 0.00156558 0.001639 0.00172912 0.00180542 0.00192548 0.00201903 0.00215033 0.00228097 0.0024648 0.00265627 0.00290398 0.00322984 0.00364827 0.00418951 0.00487579 0.0058094 0.0069822 0.00849178 0.010358 0.0127381 0.0156306 0.0191408 0.0232599 0.0280768 0.0334903 0.0394083 0.045601 0.051873 0.0578837 0.0632472 0.0674897 0.0701855 0.0709374 0.0694138 0.065374 0.058723 0.0495665 0.0381706 0.0249781 0.0105441 -0.00443137 -0.0192198 -0.0330872 -0.0454222 -0.0557081 -0.0635963 -0.0688879 -0.0715969 -0.0718969 -0.0700827 -0.0665203 -0.0616259 -0.0558734 -0.0496841 -0.0434339 -0.0373588 -0.0317095 -0.0266148 -0.0222058 -0.0184226 -0.0152772 -0.012669 -0.0106063 -0.00893568 -0.00763285 -0.00658625 -0.00581149 -0.00519902 -0.00473128 -0.00435721 -0.00407725 -0.00385723 -0.00365738 -0.00350546 -0.00336053 -0.00325585 -0.0031261 -0.00304092 -0.00293973 -0.00286477 -0.0027757 -0.002706 -0.00264158 -0.00256823 -0.00251798 -0.00244922 -0.00241041 -0.00234532 -0.00230897 -0.00225762 -0.00221628 -0.00217908 -0.00213148 -0.00210737 -0.00205861 -0.00203573 -0.00199632 -0.00197129 -0.00194198 -0.00190625 -0.00189446 -0.0018606 -0.00184547 -0.00181359 -0.00179319 -0.00178858 -0.00176351 -0.00173609 -0.00170633 -0.00171702 -0.00170387 -0.00165917 -0.00165103 -0.00164571 -0.00163558 -0.00161987 -0.00160962 -0.00160186 -0.00157751 -0.00157407 -0.00157732 -0.00155669 -0.00154549 -0.00154321 -0.00152617 -0.00151906 -0.00152569 -0.00151699 -0.00150756 -0.00150824 -0.00149781 -0.001487 -0.00149043 -0.00148564 -0.00147805 -0.00148553 -0.0014805 -0.00147277 -0.00148083 -0.00147258 
0 1.55307e-05 3.79042e-05 4.29751e-05 5.60994e-05 6.64585e-05 7.20373e-05 9.5211e-05 0.000107098 0.000127371 0.000148249 0.000151587 0.000176281 0.000180344 0.000185734 0.00022027 0.000222545 0.000242994 0.000269136 0.000266485 0.000290504 0.000314982 0.000332746 0.000349662 0.000367322 0.00037944 0.000382903 0.000421655 0.00044488 0.000459313 0.000479428 0.000489688 0.000538589 0.000560539 0.000568486 0.000597784 0.000626808 0.000654299 0.00066894 0.000709303 0.000729364 0.000758649 0.000802944 0.000825045 0.000865937 0.000902542 0.00094836 0.000977821 0.00102676 0.00107636 0.00110979 0.00116638 0.00121377 0.00127108 0.00131558 0.00138616 0.00144637 0.0015082 0.00158392 0.00165982 0.00174574 0.00182318 0.00193056 0.00202681 0.0021447 0.00226333 0.00241187 0.0025725 0.00276481 0.00300084 0.00329145 0.00367084 0.00414739 0.00478026 0.00558595 0.00665027 0.00799559 0.00971786 0.0118644 0.0145529 0.0178268 0.021765 0.026386 0.0317127 0.037661 0.044089 0.0507791 0.0574699 0.0638179 0.0693876 0.0737079 0.0763114 0.0768074 0.0748554 0.0702508 0.0629127 0.0529787 0.0407258 0.0266233 0.0112401 -0.00469903 -0.0204521 -0.0352596 -0.0484939 -0.0596115 -0.0682523 -0.0741873 -0.0774128 -0.0780625 -0.0764298 -0.0728709 -0.0678388 -0.0618056 -0.0552368 -0.0485124 -0.0419347 -0.0357494 -0.0301339 -0.0252021 -0.0209619 -0.0174054 -0.0144632 -0.0120943 -0.0101866 -0.00868866 -0.00749912 -0.00659136 -0.00587657 -0.00533874 -0.00490963 -0.00458177 -0.00431343 -0.00410112 -0.00392177 -0.00376031 -0.00362736 -0.0035023 -0.00339824 -0.00328253 -0.00319817 -0.00310637 -0.00302681 -0.00294076 -0.00287594 -0.00280878 -0.00273385 -0.00268023 -0.00262049 -0.00256904 -0.00250531 -0.00247191 -0.00241939 -0.0023717 -0.00233856 -0.00229943 -0.00226293 -0.00222243 -0.0022054 -0.0021606 -0.00213552 -0.0021121 -0.00207217 -0.00205181 -0.00202934 -0.00200483 -0.00196112 -0.00195449 -0.00194447 -0.00191217 -0.00189646 -0.00186755 -0.00186946 -0.00186254 -0.00183185 -0.00181522 -0.00180105 -0.00178967 -0.00177115 -0.00177258 -0.00175412 -0.00172709 -0.00173796 -0.00171992 -0.00171472 -0.00172255 -0.001697 -0.00169225 -0.00168234 -0.00166791 -0.00167127 -0.00166359 -0.001665 -0.00166345 -0.00165385 -0.00165454 -0.0016446 -0.00164015 -0.00164303 -0.0016364 -0.00164109 
0 8.29101e-06 2.65848e-05 3.77327e-05 6.13827e-05 8.1314e-05 9.4829e-05 0.000115688 0.000118448 0.000133596 0.000151587 0.000157914 0.000192332 0.00020276 0.000214151 0.000250881 0.000245173 0.000266093 0.00029787 0.000296182 0.000325769 0.00034359 0.000353214 0.00037637 0.000399807 0.000429681 0.000441362 0.000470063 0.000487675 0.000503283 0.000541507 0.000546845 0.000581064 0.000607233 0.000618441 0.000664147 0.000688898 0.000717274 0.000745645 0.000788133 0.000817446 0.000841076 0.000896595 0.000915743 0.000955088 0.00100205 0.00103878 0.00107794 0.00112479 0.0011865 0.00121726 0.0012824 0.00134548 0.00139851 0.00146017 0.00153421 0.00161261 0.00166886 0.00176295 0.00184963 0.00193724 0.00202599 0.00214227 0.00225969 0.0023704 0.0025165 0.00267825 0.00286667 0.00307023 0.00335096 0.00369042 0.00412216 0.00466935 0.00539873 0.00634004 0.00754096 0.00907928 0.011029 0.0134792 0.0164889 0.0201616 0.024538 0.0296656 0.0354883 0.041941 0.0488353 0.0559614 0.062991 0.0695712 0.0752357 0.0795195 0.0819334 0.0820864 0.0796528 0.0744609 0.066467 0.0558238 0.0428316 0.0279645 0.0118146 -0.00490078 -0.0214285 -0.0370175 -0.0510166 -0.0628787 -0.0722207 -0.0788038 -0.0825852 -0.0836634 -0.082305 -0.0788639 -0.0738093 -0.0676105 -0.0607542 -0.0536297 -0.0466031 -0.0399227 -0.0338097 -0.0283598 -0.0236573 -0.0196765 -0.0163902 -0.0136954 -0.011537 -0.009824 -0.0084854 -0.0074293 -0.00660732 -0.0059846 -0.00549957 -0.00511488 -0.00479607 -0.00456215 -0.00435321 -0.0041729 -0.00400536 -0.00388197 -0.00375294 -0.00362668 -0.00352252 -0.00343079 -0.0033375 -0.00323551 -0.00317352 -0.00309406 -0.00301914 -0.0029498 -0.00290111 -0.00283591 -0.00276978 -0.00273588 -0.00267626 -0.00262701 -0.00258029 -0.00254727 -0.00249274 -0.00245184 -0.00242931 -0.00237361 -0.00234874 -0.00231918 -0.00228682 -0.00225254 -0.00223252 -0.0022161 -0.0021733 -0.0021665 -0.0021365 -0.00211049 -0.00210263 -0.00206713 -0.00205404 -0.00203149 -0.00201151 -0.00199987 -0.00198851 -0.00197753 -0.00194748 -0.00195247 -0.00193813 -0.00191287 -0.00192597 -0.00189611 -0.00187953 -0.00188375 -0.00186011 -0.00186276 -0.00186011 -0.00185023 -0.0018501 -0.00183482 -0.00183135 -0.00182389 -0.00181472 -0.00182176 -0.001813 -0.0018122 -0.00181714 -0.00180405 -0.00180732 
0 1.43575e-05 4.15456e-05 4.84367e-05 6.34809e-05 8.7471e-05 8.99942e-05 0.00011547 0.000141651 0.000142765 0.000176281 0.000192332 0.00018829 0.000229161 0.000241062 0.000245529 0.000286017 0.000292603 0.000308559 0.000340315 0.000356137 0.000378813 0.00038972 0.000421542 0.000441471 0.000445571 0.000497256 0.00051199 0.000516047 0.000556696 0.000589775 0.000617944 0.000627429 0.000664703 0.000699621 0.000722256 0.000761323 0.000775262 0.000821874 0.000858981 0.000882598 0.00092829 0.000965901 0.0010117 0.00104254 0.00110206 0.00114496 0.00118257 0.00125003 0.00129549 0.00135078 0.00140495 0.00148156 0.0015339 0.0015984 0.00168768 0.00175617 0.00183593 0.0019224 0.00203435 0.00211661 0.00222609 0.00235424 0.0024832 0.0026129 0.00276954 0.00296909 0.00316541 0.00341311 0.00372269 0.00413019 0.00461043 0.0052462 0.00607991 0.00716042 0.00852054 0.0102556 0.0124661 0.0152145 0.0185827 0.0226444 0.0274891 0.0330923 0.0394131 0.0463114 0.0536408 0.061111 0.0684049 0.0750909 0.0807461 0.0848635 0.0869941 0.0867111 0.0837525 0.0779548 0.069344 0.0580632 0.044453 0.0289712 0.01224 -0.00505908 -0.022168 -0.038374 -0.0529991 -0.0655134 -0.0754978 -0.0827261 -0.0870907 -0.0886761 -0.0876792 -0.0844804 -0.07951 -0.0732752 -0.0662159 -0.0587905 -0.0513552 -0.0442423 -0.0376346 -0.0317003 -0.0265069 -0.0221103 -0.0184375 -0.0154209 -0.0129724 -0.0110399 -0.00952012 -0.00831363 -0.0073703 -0.00664919 -0.00610517 -0.00565029 -0.00529666 -0.00501471 -0.00479782 -0.00457917 -0.00440409 -0.00425763 -0.00412395 -0.00398317 -0.00386353 -0.00377267 -0.00365816 -0.00356195 -0.00347294 -0.00340337 -0.00330608 -0.00323604 -0.00317583 -0.00310054 -0.00303725 -0.00297848 -0.00293363 -0.00286164 -0.00282453 -0.00277893 -0.00272511 -0.00268931 -0.00264863 -0.00261469 -0.00256389 -0.00254541 -0.00250863 -0.00246817 -0.00244551 -0.00240506 -0.00239317 -0.00236129 -0.00232468 -0.00230169 -0.00229176 -0.00227982 -0.00222822 -0.00222344 -0.00221921 -0.00218397 -0.00217518 -0.00215633 -0.00214272 -0.00212096 -0.00210679 -0.0021108 -0.00207771 -0.00207243 -0.00207529 -0.00204491 -0.00204896 -0.00204478 -0.00202174 -0.0020214 -0.00201331 -0.00200323 -0.00200038 -0.00199733 -0.00199284 -0.0019844 -0.00198601 -0.00198087 -0.00197282 -0.00197997 -0.00197337 
0 2.45054e-05 3.19895e-05 5.97498e-05 7.49472e-05 8.22942e-05 0.000112604 0.000122492 0.000138947 0.000172892 0.000180344 0.00020276 0.000229161 0.000235337 0.00025818 0.00027951 0.000298672 0.000322752 0.000345002 0.000365829 0.000376123 0.000408021 0.000439686 0.000451801 0.000483069 0.000505682 0.000515045 0.000544009 0.000590615 0.000616404 0.000621301 0.000654837 0.000699839 0.000732921 0.000753167 0.000782021 0.000824968 0.000858641 0.000894441 0.000927413 0.000969012 0.0010109 0.00105314 0.00109783 0.00114053 0.00119718 0.00124158 0.00129646 0.00135394 0.00141281 0.00147127 0.00153522 0.001612 0.00167186 0.00175303 0.0018348 0.00192175 0.00200316 0.00210627 0.00221634 0.00231442 0.00243735 0.00257022 0.0027179 0.00285557 0.00304286 0.00324923 0.00348375 0.00375634 0.00411988 0.00457518 0.00513014 0.00585777 0.00680842 0.0080391 0.00957079 0.0115373 0.0140102 0.0170929 0.0208172 0.0253099 0.0306011 0.0366945 0.0434636 0.0507957 0.058478 0.0662353 0.0736732 0.0803733 0.0858824 0.089732 0.0914601 0.0906756 0.0871375 0.0807421 0.0715449 0.0597155 0.0456003 0.0296663 0.0125301 -0.00515131 -0.0226568 -0.0393033 -0.0544229 -0.067482 -0.0780572 -0.0859037 -0.0908863 -0.0930317 -0.0925059 -0.0896505 -0.0849019 -0.0787311 -0.0715977 -0.0639431 -0.0561929 -0.0486716 -0.0416272 -0.0352032 -0.0295498 -0.0247 -0.0206472 -0.0172716 -0.014538 -0.0123486 -0.010639 -0.0092644 -0.00819416 -0.00736603 -0.00673974 -0.00622742 -0.00581726 -0.00550276 -0.00524323 -0.00501466 -0.00480627 -0.00464982 -0.00449108 -0.00434786 -0.00420997 -0.00410383 -0.0039857 -0.00387613 -0.00378315 -0.0036929 -0.00360518 -0.00351734 -0.00345234 -0.00337227 -0.00330579 -0.00324106 -0.0031831 -0.00312264 -0.00306682 -0.00302143 -0.00296622 -0.00292336 -0.00287644 -0.00283819 -0.00279726 -0.00275585 -0.00271894 -0.00268534 -0.00265978 -0.00261852 -0.00258135 -0.00255806 -0.00254606 -0.00251465 -0.00246777 -0.00245367 -0.00245074 -0.0024256 -0.00238919 -0.00237582 -0.00235935 -0.00233371 -0.00232908 -0.00231299 -0.00228936 -0.00227286 -0.00226384 -0.00225691 -0.00224065 -0.0022379 -0.00222355 -0.00220268 -0.0022036 -0.00218937 -0.00218038 -0.00218376 -0.0021715 -0.00216704 -0.00216429 -0.00215473 -0.00215182 -0.00214861 -0.00214511 -0.00214403 -0.00214288 
0 1.83882e-05 2.87814e-05 5.60477e-05 7.84259e-05 9.71392e-05 0.000128643 0.000140838 0.000156043 0.000179258 0.000185734 0.000214151 0.000241062 0.00025818 0.000291436 0.000305401 0.000326381 0.000349335 0.000361322 0.000398506 0.000418548 0.000437519 0.000468297 0.000481034 0.00051346 0.000551299 0.000578091 0.000603719 0.000626135 0.000650549 0.000685648 0.000728206 0.000744575 0.000770551 0.000818444 0.000853259 0.00088892 0.000928736 0.000969655 0.00100805 0.00105803 0.00109954 0.00113877 0.00119374 0.00124027 0.00129073 0.00134284 0.00140622 0.00146098 0.00152422 0.00159681 0.001663 0.00174131 0.00181643 0.00190711 0.00198922 0.00208649 0.00218441 0.00229098 0.00240583 0.00252064 0.00265728 0.00279431 0.00295536 0.00311629 0.00332079 0.00354411 0.00381011 0.00412658 0.00453464 0.00504795 0.00568537 0.00652013 0.00759622 0.0089843 0.0107158 0.0129279 0.01569 0.0191107 0.0232244 0.0281495 0.0338983 0.0404487 0.0476498 0.0553593 0.06334 0.071283 0.0787693 0.0853615 0.0906142 0.0940717 0.0953004 0.0939376 0.0897915 0.0828019 0.0730665 0.0607706 0.0462749 0.0300431 0.0126823 -0.00519233 -0.0229063 -0.0398247 -0.0552971 -0.068799 -0.0798977 -0.0883379 -0.0939477 -0.0967121 -0.0967443 -0.0943521 -0.0899383 -0.0839569 -0.0768536 -0.0690818 -0.0610857 -0.0532224 -0.0457663 -0.038893 -0.0327771 -0.0274789 -0.0230132 -0.0192754 -0.0162296 -0.0137718 -0.0118393 -0.0102886 -0.00907931 -0.00813205 -0.00741038 -0.00682995 -0.00636983 -0.00600576 -0.00570683 -0.00545556 -0.00522815 -0.00504443 -0.00486621 -0.004716 -0.00456429 -0.00443798 -0.00431155 -0.00419969 -0.00409149 -0.00398912 -0.00390204 -0.00380906 -0.00372977 -0.00364829 -0.00358314 -0.00350641 -0.00344189 -0.00338442 -0.00332053 -0.00326272 -0.00320971 -0.00316285 -0.00310304 -0.00306171 -0.00301968 -0.00297309 -0.00293663 -0.00289885 -0.00285977 -0.00283095 -0.00281058 -0.00276443 -0.002731 -0.00271713 -0.00268981 -0.00265841 -0.00262823 -0.00260092 -0.00257982 -0.00257209 -0.00254651 -0.00252109 -0.00251119 -0.00248568 -0.00247992 -0.00247043 -0.00244628 -0.00243555 -0.00241205 -0.00240003 -0.00239413 -0.00238164 -0.0023818 -0.00237127 -0.00235981 -0.00235257 -0.00234119 -0.00233551 -0.00233011 -0.00232806 -0.00232302 -0.0023191 -0.00231897 -0.00231168 -0.00231287 
0 1.77756e-05 5.60683e-05 6.385e-05 7.925e-05 0.000110609 0.000113694 0.00014009 0.000179129 0.000186113 0.00022027 0.000250881 0.000245529 0.00027951 0.000305401 0.000310453 0.000356881 0.000379098 0.000392521 0.000431202 0.000450783 0.000475621 0.000502847 0.000534198 0.000559504 0.000573714 0.000614051 0.000642077 0.000674521 0.000705728 0.000736923 0.000790414 0.000800657 0.000842917 0.000896609 0.000913959 0.000958817 0.000996652 0.00104346 0.00107864 0.00113088 0.00118416 0.00121643 0.00129317 0.0013373 0.00139284 0.00145858 0.00152252 0.00158681 0.00164403 0.00173789 0.00179418 0.00187732 0.00196516 0.00205423 0.00214477 0.00224036 0.00236604 0.00246212 0.00259477 0.00272323 0.00287649 0.00302188 0.0031959 0.00339529 0.00360568 0.00386409 0.00415507 0.00453612 0.00497924 0.00556761 0.00629363 0.00725091 0.00846083 0.010017 0.0119766 0.0144457 0.0175235 0.0212843 0.0258206 0.0311708 0.0373829 0.0443474 0.0519598 0.059979 0.0681957 0.0762114 0.0836484 0.0900075 0.0948968 0.0978391 0.0984796 0.0964695 0.0916985 0.0841258 0.0739071 0.0612294 0.0464795 0.0301014 0.0126906 -0.00519832 -0.0229397 -0.0399653 -0.0556473 -0.0694878 -0.081036 -0.0900375 -0.0962711 -0.0997028 -0.100369 -0.0985561 -0.0945847 -0.0889185 -0.0819488 -0.0741801 -0.0660131 -0.0578849 -0.0500453 -0.0427707 -0.0361927 -0.0304582 -0.0255454 -0.0214415 -0.0180524 -0.0153152 -0.0131248 -0.0113846 -0.0100209 -0.00894149 -0.00811341 -0.00744854 -0.00694558 -0.00651579 -0.00618604 -0.00589563 -0.0056663 -0.00544357 -0.00525484 -0.00509281 -0.00493358 -0.00479052 -0.00464788 -0.00454487 -0.00441066 -0.00430676 -0.00420378 -0.00411444 -0.00401284 -0.00392432 -0.00386084 -0.00376361 -0.00369992 -0.00363 -0.00357219 -0.00349827 -0.00344803 -0.00340478 -0.00333254 -0.00330234 -0.00324906 -0.00320378 -0.00316265 -0.00312564 -0.00308177 -0.00302997 -0.00302138 -0.0029691 -0.00292941 -0.00291349 -0.00287648 -0.00285618 -0.00282254 -0.00280727 -0.00278745 -0.00275398 -0.00273586 -0.00271453 -0.00270308 -0.00266972 -0.00265303 -0.00264924 -0.00260915 -0.00261236 -0.00261125 -0.00257711 -0.00258383 -0.0025689 -0.00253868 -0.00254476 -0.00253201 -0.00251632 -0.00252354 -0.00251077 -0.00249977 -0.00250413 -0.00249203 -0.00248895 -0.00249251 -0.00248121 -0.00248361 
0 2.74288e-05 3.49013e-05 6.96394e-05 9.44566e-05 0.000106038 0.000144755 0.000160665 0.000172914 0.000211184 0.000222545 0.000245173 0.000286017 0.000298672 0.000326381 0.000356881 0.000371494 0.000400356 0.000428478 0.000458093 0.000475812 0.00050203 0.000550693 0.000561511 0.000595536 0.000646461 0.00064972 0.000684216 0.000733742 0.000766611 0.000789749 0.000814769 0.000871218 0.000909078 0.000947252 0.000981009 0.0010233 0.00109032 0.00111538 0.00116623 0.00122366 0.00126796 0.00132188 0.00137586 0.0014435 0.00148496 0.00156412 0.00163275 0.00168931 0.00177482 0.00185321 0.00193843 0.00201015 0.00212465 0.0022142 0.00230828 0.00242757 0.00254661 0.00266869 0.00278695 0.00295467 0.00309713 0.0032646 0.00344808 0.00367359 0.00390506 0.00417648 0.004526 0.0049387 0.00545679 0.00609663 0.00695398 0.00801951 0.00939767 0.0111295 0.0133475 0.0160968 0.019503 0.0236385 0.0285963 0.0344006 0.0410351 0.0484157 0.0563652 0.0646681 0.0730018 0.0810224 0.0882645 0.0943124 0.0986928 0.101045 0.100982 0.0983041 0.0928692 0.0847647 0.0740935 0.0611502 0.0462464 0.0298949 0.0125733 -0.00513892 -0.0227628 -0.0397123 -0.0554877 -0.0695332 -0.0814802 -0.0909731 -0.0978476 -0.101949 -0.103349 -0.102184 -0.0987983 -0.0935293 -0.0868438 -0.0791566 -0.070952 -0.0625998 -0.0544658 -0.0467978 -0.0398137 -0.0336222 -0.0282772 -0.0237723 -0.0200374 -0.0169955 -0.0145275 -0.0125843 -0.0110382 -0.009836 -0.0088646 -0.00813411 -0.00754627 -0.00708207 -0.00668182 -0.00637439 -0.00611264 -0.00586668 -0.0056547 -0.00546952 -0.00531292 -0.0051305 -0.00499622 -0.00486221 -0.00473968 -0.00460529 -0.00450651 -0.00441086 -0.00429526 -0.00421447 -0.00412835 -0.00405177 -0.00395821 -0.0039033 -0.00383088 -0.0037532 -0.00370427 -0.00363777 -0.00358205 -0.00352165 -0.00348487 -0.00342181 -0.00337035 -0.00334725 -0.00329338 -0.003255 -0.00320958 -0.0031842 -0.00316167 -0.00311514 -0.00307657 -0.00304781 -0.00304407 -0.00299877 -0.00295622 -0.00295721 -0.00292074 -0.00289605 -0.00288798 -0.00286394 -0.00284217 -0.00282168 -0.00281762 -0.00279575 -0.0027719 -0.00277256 -0.00274594 -0.00273192 -0.00273592 -0.0027128 -0.00270729 -0.00270588 -0.0026872 -0.0026856 -0.00268066 -0.00266859 -0.00266761 -0.00266195 -0.00265595 -0.00265713 -0.00265466 
0 2.20726e-05 4.69778e-05 6.99354e-05 9.46476e-05 0.000122557 0.000145795 0.000172094 0.000196979 0.000216774 0.000242994 0.000266093 0.000292603 0.000322752 0.000349335 0.000379098 0.000400356 0.000430448 0.000457279 0.000477513 0.000523774 0.00054827 0.000570124 0.000608483 0.000631083 0.000671127 0.000710374 0.000750103 0.000775385 0.000794009 0.000855444 0.000896679 0.000928852 0.000960624 0.00100433 0.00106534 0.00109782 0.00115094 0.0011933 0.0012486 0.00131022 0.00135156 0.00141898 0.00147346 0.00154349 0.0015991 0.00167379 0.00175137 0.00181113 0.00190613 0.00198329 0.0020753 0.0021584 0.00227227 0.00237276 0.00247166 0.00260588 0.00272735 0.002863 0.00299385 0.00317456 0.00333072 0.0035111 0.00372042 0.00396356 0.00422326 0.00452258 0.00492262 0.00538497 0.0059689 0.00669414 0.00766913 0.00887432 0.0104174 0.0123635 0.0148433 0.0179018 0.0216479 0.0261798 0.0315671 0.0378159 0.044858 0.052609 0.0608546 0.0693534 0.0777267 0.0856269 0.0925804 0.0981856 0.101969 0.103616 0.102798 0.0993957 0.0933177 0.0846924 0.0736516 0.060516 0.0456017 0.0293987 0.0123366 -0.00506677 -0.0223994 -0.0391426 -0.0548543 -0.069014 -0.0812582 -0.0912122 -0.0986869 -0.103494 -0.105662 -0.105249 -0.102533 -0.0977926 -0.0914862 -0.0840119 -0.0758551 -0.0673802 -0.0590016 -0.0509968 -0.0436251 -0.0369958 -0.0312115 -0.0262882 -0.022189 -0.0188139 -0.0160587 -0.0138729 -0.0121392 -0.0107791 -0.00967573 -0.00884317 -0.00817845 -0.00765693 -0.00720134 -0.00685901 -0.00656486 -0.0063009 -0.00606178 -0.00586233 -0.00568992 -0.00549776 -0.00534935 -0.00520164 -0.00507527 -0.0049279 -0.00482212 -0.00471231 -0.00459805 -0.0045029 -0.00440826 -0.0043282 -0.00422733 -0.00416535 -0.0040825 -0.00401047 -0.00394626 -0.00388048 -0.00382442 -0.00375389 -0.00371469 -0.00365475 -0.00360833 -0.00355778 -0.00350767 -0.00348359 -0.00343415 -0.00339194 -0.00334405 -0.00332508 -0.00330372 -0.00324886 -0.00321708 -0.00318937 -0.00317495 -0.00314462 -0.00311438 -0.00309905 -0.00306087 -0.00305004 -0.00303864 -0.00301095 -0.00299671 -0.00297339 -0.00295633 -0.00294198 -0.00292956 -0.0029223 -0.00290695 -0.00289791 -0.00288566 -0.00287256 -0.00286686 -0.00285735 -0.0028521 -0.00284703 -0.00284057 -0.00283672 -0.0028319 -0.00282956 -0.00282712 
