0 0 0 0 0 0 0 0 0 0 0 0 0 0 0 0 0 0 0 0 0 0 0 0 0 0 0 0 0 0 0 0 0 0 0 0 0 0 0 0 0 0 0 0 0 0 0 0 0 0 0 0 0 0 0 0 0 0 0 0 0 0 0 0 0 0 0 0 0 0 0 0 0 0 0 0 0 0 0 0 0 0 0 0 0 0 0 0 0 0 0 0 0 0 0 0 0 0 0 0 0 0 0 0 0 0 0 0 0 0 0 0 0 0 0 0 0 0 0 0 0 0 0 0 0 0 0 0 0 0 0 0 0 0 0 0 0 0 0 0 0 0 0 0 0 0 0 0 0 0 0 0 0 0 0 0 0 0 0 0 0 0 0 0 0 0 0 0 0 0 0 0 0 0 0 0 0 0 0 0 0 0 0 0 0 0 0 0 0 0 0 0 0 0 0 0 0 0 0 0 
0 1.75326e-06 3.65795e-05 4.27418e-05 5.48902e-05 0.000104546 0.000106454 8.90274e-05 0.000131008 0.000165996 0.000163956 0.00018335 0.00021563 0.000237754 0.00026397 0.000284389 0.000294977 0.00033136 0.000379691 0.000397724 0.000437416 0.000503933 0.000532749 0.000580907 0.000659811 0.000724532 0.000816365 0.000922667 0.00106389 0.0012386 0.00140222 0.00164956 0.00193511 0.00222252 0.00259073 0.00298053 0.00342113 0.00385737 0.00425448 0.0046749 0.00497374 0.00515897 0.00518552 0.00501143 0.00467227 0.00403383 0.00319352 0.00214422 0.000932868 -0.000360476 -0.00176995 -0.00310244 -0.00436305 -0.00542294 -0.0062733 -0.00691899 -0.00726114 -0.00738828 -0.00720529 -0.00686531 -0.00634996 -0.00574741 -0.00509876 -0.00438569 -0.00372553 -0.00304469 -0.0024922 -0.00196848 -0.00157577 -0.00123108 -0.000963723 -0.000755463 -0.000568541 -0.000457429 -0.000329218 -0.000286534 -0.000203837 -0.000201363 -0.000150692 -0.000163709 -0.000134368 -0.000147081 -0.000133008 -0.000138294 -0.00013637 -0.000132501 -0.000140545 -0.000128328 -0.00014425 -0.000125388 -0.000147148 -0.000123452 -0.000149239 -0.000122281 -0.000150644 -0.000121641 -0.000151512 -0.000121331 -0.000151974 -0.000121212 -0.000152118 -0.000121212 -0.000151974 -0.000121331 -0.000151512 -0.000121641 -0.000150644 -0.000122281 -0.000149239 -0.000123451 -0.000147146 -0.000125381 -0.00014423 -0.000128275 -0.00014041 -0.000132169 -0.000135581 -0.000136494 -0.000129068 -0.000138805 -0.000117713 -0.000131611 -9.15024e-05 -9.69796e-05 -2.78115e-05 -2.57725e-06 0.000109507 0.000193314 0.000361533 0.000532074 0.000773473 0.00106784 0.00142245 0.00189226 0.0024086 0.00306419 0.00372021 0.00446363 0.0051523 0.00584108 0.00645073 0.00694365 0.00729941 0.00737938 0.00724886 0.00679022 0.00612326 0.00519318 0.00404561 0.00274425 0.00130297 -8.49609e-05 -0.00145417 -0.00267598 -0.0037535 -0.00463096 -0.00521754 -0.00561805 -0.00577381 -0.00577318 -0.00559439 -0.00526088 -0.00490731 -0.00447439 -0.00403657 -0.00359119 -0.00316651 -0.00282624 -0.00247104 -0.00217486 -0.00194925 -0.0017383 -0.00157634 -0.00142445 -0.00131741 -0.00123634 -0.00112643 -0.00106669 -0.00102326 -0.000951831 -0.000914026 -0.000892504 -0.000859961 -0.000830511 -0.000803683 -0.0007817 -0.000765094 -0.000746599 -0.000717818 -0.000700434 -0.000715108 -0.00071407 -0.000677074 -0.000659222 -0.000668051 -0.00066357 -0.000650923 -0.00065464 -0.000659087 -0.00064353 
0 3.65795e-05 7.61909e-05 9.3486e-05 0.000123428 0.000158798 0.00017935 0.000241054 0.000289297 0.000282187 0.000335042 0.00040595 0.00041259 0.000454486 0.00052087 0.000562513 0.000627119 0.000683765 0.000741316 0.00081476 0.000872427 0.000974861 0.00107857 0.00116388 0.00132894 0.00148836 0.00164396 0.00188355 0.00214807 0.0024665 0.00284458 0.00330171 0.00388128 0.00449255 0.00519884 0.00601743 0.00685764 0.00771857 0.00852901 0.00928755 0.00989696 0.0102192 0.0102578 0.00992326 0.00918382 0.00796649 0.00626865 0.0042092 0.00181932 -0.000779957 -0.00351103 -0.00619592 -0.00864979 -0.0107808 -0.0124765 -0.013732 -0.0144584 -0.0146609 -0.014366 -0.013657 -0.0126696 -0.0114661 -0.010161 -0.00877735 -0.00741661 -0.00612117 -0.0049619 -0.00397009 -0.00313985 -0.00247742 -0.00192956 -0.00150769 -0.00115718 -0.000900329 -0.00069363 -0.000554099 -0.000450203 -0.00038528 -0.000343685 -0.000316394 -0.00030543 -0.000292392 -0.00029392 -0.000284613 -0.000290532 -0.000281712 -0.000288911 -0.000280152 -0.000287464 -0.000279033 -0.000285996 -0.000278158 -0.000284611 -0.000277484 -0.000283429 -0.000276991 -0.000282535 -0.000276669 -0.000281981 -0.00027651 -0.000281794 -0.00027651 -0.000281981 -0.000276669 -0.000282535 -0.000276991 -0.000283429 -0.000277483 -0.00028461 -0.000278156 -0.00028599 -0.000279016 -0.000287418 -0.000280031 -0.000288605 -0.000280966 -0.000288779 -0.000280659 -0.000285355 -0.000274587 -0.000269942 -0.000248634 -0.000219815 -0.000168564 -8.73531e-05 2.7607e-05 0.00020051 0.000420633 0.000725515 0.00109406 0.00157741 0.00216035 0.00290331 0.00380038 0.00488249 0.00612306 0.00747748 0.00889781 0.0102931 0.0116381 0.0128278 0.0138167 0.0144572 0.0146597 0.0143428 0.0134838 0.0121372 0.0102984 0.00805544 0.00545191 0.00267068 -0.000123001 -0.00280161 -0.00523927 -0.00739132 -0.00910015 -0.0103402 -0.0111139 -0.0114689 -0.0114764 -0.011112 -0.0105163 -0.00977046 -0.00893883 -0.00807443 -0.00717821 -0.00638309 -0.00566149 -0.00498691 -0.00441687 -0.00392097 -0.00352718 -0.00317136 -0.00285718 -0.00265328 -0.00244774 -0.00226847 -0.00215573 -0.0020366 -0.0019432 -0.0018552 -0.00177433 -0.00172347 -0.00164419 -0.00160171 -0.00158516 -0.00150903 -0.00148357 -0.00149348 -0.00143191 -0.00139 -0.00138335 -0.00135911 -0.00135854 -0.00134818 -0.00131359 -0.00131461 -0.00130714 -0.00128098 -0.001298 
0 4.27418e-05 9.3486e-05 0.000145826 0.000197889 0.000243363 0.000288363 0.000350171 0.000404881 0.000446307 0.000513581 0.000584713 0.0006341 0.000703122 0.000782503 0.000848638 0.000932629 0.00102379 0.00111464 0.00122678 0.0013412 0.00147274 0.00162898 0.00178777 0.00199575 0.00224164 0.00250551 0.00285633 0.00327298 0.00375425 0.00434962 0.00504566 0.00587771 0.00682228 0.00787033 0.00906469 0.0103056 0.0115573 0.0127708 0.0138407 0.0146955 0.0151547 0.0151595 0.0146366 0.0134684 0.0116479 0.00913567 0.00607017 0.00254929 -0.00131198 -0.00529794 -0.00924157 -0.0128461 -0.0159829 -0.018507 -0.020333 -0.0214297 -0.0217226 -0.0213327 -0.0203141 -0.0188754 -0.0171214 -0.015177 -0.0131601 -0.0111275 -0.00923705 -0.00749679 -0.00602784 -0.00477274 -0.00376827 -0.00294616 -0.00228931 -0.00177742 -0.00136201 -0.00107211 -0.000831034 -0.00069439 -0.000569792 -0.000521936 -0.000463168 -0.000454456 -0.000428041 -0.000430197 -0.000419591 -0.00042066 -0.000419176 -0.000415674 -0.000420553 -0.000412339 -0.000421982 -0.000409932 -0.000423072 -0.000408228 -0.000423802 -0.000407079 -0.000424243 -0.00040636 -0.00042448 -0.000405971 -0.000424579 -0.000405849 -0.000424579 -0.000405971 -0.00042448 -0.00040636 -0.000424243 -0.000407079 -0.000423802 -0.000408226 -0.000423068 -0.000409921 -0.00042195 -0.000412252 -0.000420329 -0.000415116 -0.000417838 -0.000417571 -0.000412735 -0.000415576 -0.000398112 -0.000395682 -0.000352517 -0.000322326 -0.000224831 -0.000123193 7.58612e-05 0.000310689 0.000668121 0.00110319 0.00168035 0.00239583 0.00328758 0.00440685 0.00574737 0.00737366 0.00919364 0.0112202 0.0132952 0.0153846 0.0173517 0.0191095 0.0205377 0.0214434 0.0217316 0.0212329 0.0199871 0.0179671 0.0152585 0.0119388 0.00811827 0.00405682 -7.26303e-05 -0.00400533 -0.0076259 -0.0107783 -0.0133102 -0.0151887 -0.0163638 -0.0169493 -0.0169724 -0.0165032 -0.0156872 -0.0146074 -0.0134129 -0.0121348 -0.0108492 -0.00966123 -0.00855267 -0.00756726 -0.00669863 -0.00595097 -0.00534349 -0.00480556 -0.00436389 -0.00401721 -0.00370615 -0.00345667 -0.00324864 -0.00306633 -0.00292305 -0.00278712 -0.00267658 -0.00258943 -0.00249221 -0.0024215 -0.00236524 -0.00228954 -0.00223726 -0.00220211 -0.00215194 -0.00211326 -0.00208507 -0.00205426 -0.00203224 -0.00200561 -0.00198051 -0.00197665 -0.00196451 -0.00194329 -0.00194493 
0 5.48902e-05 0.000123428 0.000197889 0.000253583 0.000330512 0.000417738 0.000446651 0.000511338 0.000640635 0.00069344 0.000743059 0.000870455 0.00095577 0.00103709 0.00115307 0.00124109 0.00136997 0.00151045 0.00163471 0.00182077 0.0019889 0.00217955 0.00244852 0.0026921 0.00301802 0.00343274 0.00387133 0.00445044 0.00511889 0.00591377 0.00688206 0.00795152 0.00922908 0.0106439 0.0121568 0.0137934 0.0153958 0.0169518 0.0182989 0.0192959 0.0198654 0.0197823 0.0190141 0.0174183 0.0149627 0.0117056 0.00766477 0.00307308 -0.00195308 -0.00712952 -0.0121944 -0.0169055 -0.020968 -0.0242862 -0.0266627 -0.0280906 -0.0285247 -0.0280385 -0.0267976 -0.0249285 -0.0226784 -0.0201322 -0.0175007 -0.0148595 -0.0123655 -0.010104 -0.00812423 -0.00647703 -0.00509646 -0.00400859 -0.00310626 -0.00242133 -0.00186262 -0.00145916 -0.00114851 -0.000936533 -0.000791612 -0.00069271 -0.000641224 -0.000596109 -0.000587967 -0.00056303 -0.000571535 -0.000552798 -0.000566385 -0.000549796 -0.000564034 -0.00054903 -0.000562285 -0.000549028 -0.000560752 -0.000549309 -0.000559443 -0.000549661 -0.000558416 -0.000549971 -0.000557713 -0.000550177 -0.000557356 -0.000550248 -0.000557356 -0.000550177 -0.000557713 -0.000549971 -0.000558416 -0.000549661 -0.000559442 -0.000549306 -0.000560744 -0.000549007 -0.000562227 -0.000548877 -0.000563646 -0.000548849 -0.000564157 -0.000547755 -0.000560556 -0.000540063 -0.000541822 -0.000507119 -0.000476587 -0.000400588 -0.000294508 -0.000124877 0.000124408 0.000461873 0.000935108 0.00152564 0.0023126 0.00326645 0.00449453 0.00597163 0.00779118 0.00990896 0.0123238 0.0149496 0.0176686 0.020395 0.0229411 0.0252277 0.0270073 0.0281588 0.0284568 0.0278072 0.0261673 0.0235188 0.0199967 0.0156498 0.0107479 0.00547862 0.000145437 -0.00498124 -0.00971844 -0.0137962 -0.0171557 -0.0196445 -0.0212855 -0.0221291 -0.0222063 -0.0217216 -0.0207194 -0.0193932 -0.0178626 -0.016205 -0.0145963 -0.0130031 -0.011542 -0.0102469 -0.0090705 -0.008094 -0.0072271 -0.00651234 -0.00594419 -0.00541077 -0.00501277 -0.00467775 -0.00436105 -0.00413722 -0.00391683 -0.00373911 -0.0036064 -0.00345187 -0.00335735 -0.00325369 -0.00312919 -0.00309156 -0.00301446 -0.0028999 -0.00288046 -0.00285313 -0.00278599 -0.00274926 -0.00270416 -0.00267249 -0.00266781 -0.00263299 -0.00261492 -0.0026235 -0.00259256 
0 0.000104546 0.000158798 0.000243363 0.000330512 0.000387358 0.000493407 0.000604769 0.000672308 0.000769672 0.000872624 0.000960717 0.00108455 0.0011932 0.00129497 0.00145039 0.00159807 0.00173353 0.00189961 0.00208296 0.00228871 0.00250782 0.00277483 0.0031068 0.00344711 0.00386784 0.0043992 0.00498457 0.00569517 0.006562 0.0075884 0.00878741 0.0101515 0.0117423 0.0134991 0.0153506 0.0172996 0.0192368 0.0210534 0.0225833 0.0236822 0.0242403 0.0240406 0.0229622 0.0209089 0.017857 0.0138535 0.0089434 0.00333826 -0.00273565 -0.00897454 -0.0150711 -0.020751 -0.0257003 -0.0297241 -0.0326354 -0.0343812 -0.0349635 -0.0344513 -0.0330135 -0.03081 -0.0280857 -0.0250121 -0.0217981 -0.0185933 -0.0155403 -0.0127608 -0.010307 -0.00823495 -0.00650328 -0.00511018 -0.00398067 -0.00309717 -0.00240312 -0.00187788 -0.00149066 -0.00121007 -0.00102473 -0.000893298 -0.000821351 -0.000765744 -0.000745596 -0.000721801 -0.000720307 -0.000708147 -0.000711335 -0.000703642 -0.000706808 -0.000701549 -0.000703488 -0.000700112 -0.000700731 -0.00069896 -0.000698486 -0.000698042 -0.000696783 -0.000697369 -0.000695644 -0.000696958 -0.000695075 -0.00069682 -0.000695075 -0.000696958 -0.000695644 -0.000697369 -0.000696783 -0.000698041 -0.000698484 -0.000698955 -0.000700718 -0.000700074 -0.000703387 -0.000701287 -0.000706158 -0.000702088 -0.000707756 -0.000700215 -0.0007034 -0.000687159 -0.000677407 -0.000636855 -0.000587487 -0.00048598 -0.000343561 -0.000115426 0.000202163 0.000646998 0.00124013 0.00200819 0.00299681 0.00422845 0.00577551 0.00765148 0.00991709 0.0125373 0.0154955 0.0186864 0.0220002 0.0252932 0.0283812 0.0310941 0.0331875 0.0344859 0.0347758 0.0339507 0.0319318 0.0287198 0.0244231 0.0191862 0.0132876 0.0069701 0.000551369 -0.00566927 -0.0114052 -0.0163873 -0.0205022 -0.0236326 -0.0257632 -0.026903 -0.0271392 -0.026666 -0.0255903 -0.0240739 -0.0222608 -0.0203128 -0.018373 -0.0164518 -0.0146522 -0.0130376 -0.0115998 -0.0103429 -0.0092364 -0.00832688 -0.00756947 -0.00689305 -0.00635876 -0.00592492 -0.00554217 -0.00522594 -0.00495942 -0.00474255 -0.00453267 -0.00434212 -0.00421728 -0.00408081 -0.00394569 -0.00386524 -0.00377434 -0.00369156 -0.00363207 -0.00354049 -0.00347465 -0.00345327 -0.00340736 -0.00336432 -0.00334157 -0.00330276 -0.00327541 -0.00327006 -0.00325605 
0 0.000106454 0.00017935 0.000288363 0.000417738 0.000493407 0.000581923 0.000721917 0.000821916 0.000911469 0.00105848 0.00118536 0.00129845 0.00145402 0.00159055 0.00174066 0.00193625 0.00209921 0.00229984 0.00255848 0.0027878 0.00307446 0.00342382 0.00378837 0.00424519 0.00477197 0.00540637 0.00618151 0.00704867 0.00813192 0.00940773 0.0108294 0.0125071 0.0143766 0.0164296 0.0186057 0.0208041 0.0230246 0.0250233 0.026659 0.0278062 0.0282471 0.0278679 0.0264201 0.0238796 0.0202457 0.015502 0.0098108 0.0032846 -0.00370292 -0.0108589 -0.0178646 -0.0243624 -0.0301084 -0.0347393 -0.0381488 -0.0402026 -0.040947 -0.0404759 -0.0388902 -0.036452 -0.033313 -0.0297989 -0.0260622 -0.0223492 -0.0187909 -0.0155083 -0.0126129 -0.0100943 -0.00802284 -0.00629096 -0.00493476 -0.00382777 -0.00299113 -0.00233271 -0.0018526 -0.00150391 -0.00125485 -0.00110114 -0.000983094 -0.00093386 -0.000877508 -0.000874318 -0.000842222 -0.000855116 -0.000831942 -0.000848338 -0.000829447 -0.000844812 -0.000829222 -0.000842171 -0.000829651 -0.000839981 -0.000830223 -0.00083823 -0.000830743 -0.000836957 -0.000831121 -0.000836186 -0.000831318 -0.000835928 -0.000831318 -0.000836186 -0.000831121 -0.000836957 -0.000830743 -0.000838229 -0.00083022 -0.000839972 -0.000829626 -0.000842104 -0.000829048 -0.000844374 -0.000828382 -0.000845847 -0.000826331 -0.000842946 -0.000816836 -0.000823411 -0.000779414 -0.000752288 -0.000660284 -0.000549794 -0.000349624 -7.35094e-05 0.000326784 0.0008774 0.00159515 0.00255197 0.00373921 0.00527353 0.00712885 0.00942846 0.0121127 0.0152351 0.018689 0.0224085 0.0262616 0.0300523 0.0336261 0.0366721 0.0390278 0.040389 0.0406423 0.0396126 0.037226 0.033506 0.0284986 0.0225004 0.0157095 0.0084972 0.00113171 -0.00604613 -0.0126507 -0.0184781 -0.0232791 -0.0270444 -0.0296714 -0.0311576 -0.0316562 -0.031264 -0.0302254 -0.0286136 -0.0266165 -0.0244652 -0.0222157 -0.020021 -0.0179034 -0.0159599 -0.0142612 -0.0127041 -0.0113762 -0.010259 -0.00928933 -0.00849591 -0.00780151 -0.00724055 -0.00678395 -0.00634903 -0.00602492 -0.00575228 -0.00547796 -0.00528183 -0.00509962 -0.00492545 -0.00480076 -0.00465755 -0.00453512 -0.0044618 -0.00436167 -0.00427036 -0.00422014 -0.00415959 -0.00409891 -0.00405256 -0.00401047 -0.0039862 -0.00396141 -0.00393083 -0.00392439 
0 8.90274e-05 0.000241054 0.000350171 0.000446651 0.000604769 0.000721917 0.000807733 0.000960055 0.00111013 0.0012366 0.0013885 0.00153548 0.00170609 0.00190069 0.00206422 0.00226184 0.00250254 0.00274035 0.00301744 0.00332718 0.00367586 0.0040887 0.00454719 0.00510178 0.00576159 0.00652764 0.00745773 0.00854514 0.00983078 0.0113354 0.0130415 0.0149923 0.017148 0.0194731 0.0219089 0.0243517 0.0267233 0.0288236 0.0304862 0.0315512 0.0318197 0.0311337 0.0292971 0.0262673 0.0220401 0.0166455 0.0102184 0.00293905 -0.00483138 -0.0127672 -0.0205167 -0.0277398 -0.0341209 -0.0393161 -0.0431582 -0.0455257 -0.0464687 -0.0460579 -0.0444268 -0.0417878 -0.0383561 -0.034446 -0.0302748 -0.0261039 -0.0220752 -0.0183417 -0.0149901 -0.0120687 -0.00961291 -0.00757337 -0.00594568 -0.00463371 -0.00362815 -0.00283865 -0.00226107 -0.00182789 -0.00152924 -0.00132227 -0.00118605 -0.00110431 -0.00104733 -0.00102397 -0.00099831 -0.000997918 -0.000982155 -0.000989554 -0.000976404 -0.000986036 -0.000973776 -0.000983749 -0.000972235 -0.000981907 -0.000971226 -0.000980419 -0.000970564 -0.000979318 -0.000970162 -0.000978643 -0.000969972 -0.000978415 -0.000969972 -0.000978643 -0.000970162 -0.000979318 -0.000970563 -0.000980417 -0.00097122 -0.000981892 -0.000972192 -0.000983635 -0.000973485 -0.000985318 -0.000974697 -0.000985643 -0.000973531 -0.000979619 -0.000960957 -0.000950669 -0.00090909 -0.00085378 -0.000749727 -0.000591664 -0.000351839 1.11376e-06 0.000483988 0.0011537 0.0020182 0.00316052 0.00459074 0.00640926 0.00862514 0.0113119 0.0144454 0.0180152 0.021948 0.0261335 0.03045 0.0346746 0.0386071 0.0419313 0.0444195 0.0458112 0.0459498 0.0447012 0.0419666 0.0377725 0.0322 0.0255317 0.0180374 0.0100599 0.00192043 -0.00603533 -0.0134149 -0.0199618 -0.0254511 -0.0298057 -0.0329473 -0.0348642 -0.0356755 -0.0355037 -0.0345508 -0.0329519 -0.0308924 -0.028575 -0.0261186 -0.0236685 -0.0212903 -0.0190699 -0.0170627 -0.015255 -0.0136854 -0.0123216 -0.0111551 -0.0101819 -0.00934162 -0.00864418 -0.00805941 -0.00756057 -0.00714851 -0.00678198 -0.00648872 -0.00624291 -0.00599494 -0.00580198 -0.00563989 -0.00547945 -0.00534854 -0.0052112 -0.00510398 -0.00504957 -0.00495617 -0.00485495 -0.00480795 -0.00475658 -0.00469971 -0.00467274 -0.00464485 -0.00461201 -0.00459776 
0 0.000131008 0.000289297 0.000404881 0.000511338 0.000672308 0.000821916 0.000960055 0.00113189 0.00127466 0.0014153 0.00161447 0.00178937 0.00195945 0.00219179 0.00240916 0.00263615 0.00292584 0.00320271 0.00350659 0.00389442 0.00431546 0.00479714 0.00537263 0.00604786 0.0068487 0.00776689 0.00886564 0.0101835 0.0116774 0.0134146 0.0154152 0.017627 0.0200482 0.0226107 0.0252575 0.0278805 0.0303007 0.0324079 0.0339967 0.0348749 0.0348761 0.0337933 0.0315391 0.02801 0.0232114 0.0172266 0.0101561 0.00227951 -0.00612813 -0.014683 -0.023029 -0.0308359 -0.0377126 -0.043395 -0.0476128 -0.0503051 -0.0514644 -0.0511625 -0.0495561 -0.0467912 -0.0431743 -0.0389435 -0.0344322 -0.0298528 -0.0254113 -0.0212561 -0.0174689 -0.0141589 -0.011307 -0.00896425 -0.00703671 -0.00552357 -0.00432044 -0.00340462 -0.00270735 -0.00219143 -0.00182923 -0.00156557 -0.0014065 -0.00128397 -0.00123052 -0.00117481 -0.00116645 -0.00113765 -0.00114428 -0.00112568 -0.00113521 -0.00112136 -0.00112982 -0.00111924 -0.00112568 -0.00111787 -0.00112236 -0.00111691 -0.00111984 -0.00111624 -0.00111814 -0.00111585 -0.00111729 -0.00111572 -0.00111729 -0.00111585 -0.00111814 -0.00111624 -0.00111984 -0.0011169 -0.00112235 -0.00111785 -0.00112561 -0.00111905 -0.00112934 -0.0011202 -0.00113253 -0.00111966 -0.00113127 -0.00111063 -0.00111247 -0.00107113 -0.00103912 -0.000944302 -0.000826884 -0.000613819 -0.000323338 0.00010904 0.000694868 0.00148247 0.00252262 0.00384909 0.00555512 0.00765598 0.0102542 0.0133169 0.0168917 0.0208823 0.0252483 0.0298528 0.034544 0.0391253 0.0432975 0.0468125 0.049337 0.0506955 0.0506727 0.049171 0.0461111 0.0414898 0.0354774 0.0282714 0.0202328 0.0116538 0.00290554 -0.00564424 -0.013668 -0.0208278 -0.0269561 -0.0318738 -0.0355298 -0.0379376 -0.0391367 -0.0392897 -0.0385167 -0.0370311 -0.035023 -0.0326268 -0.030044 -0.0273964 -0.0248091 -0.0223518 -0.020047 -0.0179944 -0.0161754 -0.0145544 -0.0131692 -0.0119894 -0.0109932 -0.0101437 -0.00941949 -0.00884584 -0.008341 -0.00788499 -0.00753752 -0.00722125 -0.00692642 -0.00670781 -0.00649818 -0.00630473 -0.00616968 -0.00603243 -0.00589321 -0.00577957 -0.00567584 -0.00559795 -0.00553617 -0.00546863 -0.00541217 -0.00536382 -0.00532533 -0.00530327 -0.00528139 
0 0.000165996 0.000282187 0.000446307 0.000640635 0.000769672 0.000911469 0.00111013 0.00127466 0.00143357 0.00164064 0.00184237 0.00204301 0.00226376 0.00249323 0.00275509 0.0030344 0.0033361 0.00369112 0.00406777 0.00450619 0.0050281 0.00558646 0.00626409 0.00708842 0.00801594 0.00912122 0.0104375 0.0119669 0.0137181 0.0156987 0.0179587 0.0204307 0.0230492 0.0258103 0.0286053 0.0312949 0.0337113 0.0357102 0.0371344 0.0377415 0.0373586 0.0358463 0.0331083 0.0290795 0.0237404 0.0172034 0.00962973 0.00126709 -0.00759484 -0.0166108 -0.0253995 -0.0336069 -0.0408725 -0.0469102 -0.0514821 -0.054478 -0.0558796 -0.0557469 -0.0542121 -0.0514464 -0.0477169 -0.0433011 -0.0385167 -0.0336137 -0.0288109 -0.0242621 -0.0200838 -0.0163688 -0.0131522 -0.0104618 -0.00825031 -0.00648879 -0.00509225 -0.00401875 -0.00319432 -0.00258473 -0.00213914 -0.00182613 -0.00161484 -0.00147304 -0.00138894 -0.0013312 -0.00130528 -0.00128166 -0.00127801 -0.00126586 -0.00126941 -0.00126065 -0.00126611 -0.00125849 -0.00126424 -0.0012573 -0.00126288 -0.00125652 -0.00126186 -0.00125603 -0.00126117 -0.00125574 -0.00126082 -0.00125565 -0.00126082 -0.00125574 -0.00126117 -0.00125602 -0.00126186 -0.00125652 -0.00126287 -0.00125725 -0.00126412 -0.00125818 -0.00126534 -0.00125883 -0.00126525 -0.00125674 -0.00125872 -0.00124244 -0.00122858 -0.00118697 -0.00112819 -0.00101972 -0.000856568 -0.000604453 -0.000240126 0.000270107 0.000968873 0.00189114 0.00310354 0.00464929 0.0066148 0.00903883 0.0119864 0.0154483 0.0194168 0.0238169 0.0285635 0.0335272 0.0385297 0.0433492 0.0476882 0.0512616 0.0537727 0.0550124 0.0547978 0.0530225 0.0496334 0.0446698 0.0382881 0.0307122 0.0222567 0.0132478 0.00406745 -0.00492876 -0.0134126 -0.0210991 -0.0277604 -0.0332062 -0.0373801 -0.040282 -0.0419693 -0.0425164 -0.0420544 -0.0408067 -0.0389384 -0.0366086 -0.0339693 -0.031201 -0.0284565 -0.0257655 -0.0232213 -0.0209049 -0.0188264 -0.0169834 -0.0153512 -0.0139714 -0.0128021 -0.0117671 -0.0109129 -0.0101996 -0.00957649 -0.00906114 -0.0086175 -0.00824344 -0.00792598 -0.00763962 -0.00740676 -0.00718335 -0.0069784 -0.00684362 -0.00669334 -0.00653317 -0.00645321 -0.00636974 -0.00624817 -0.00618327 -0.00614075 -0.00606742 -0.00602523 -0.0060121 -0.00597588 
0 0.000163956 0.000335042 0.000513581 0.00069344 0.000872624 0.00105848 0.0012366 0.0014153 0.00164064 0.00186804 0.00206097 0.00230059 0.00257417 0.002833 0.00312947 0.0034505 0.0037974 0.00421473 0.00466217 0.00517362 0.00578309 0.00646034 0.00727511 0.00823432 0.00933136 0.0106448 0.012167 0.0139213 0.0159253 0.0181597 0.0206648 0.023355 0.0261627 0.0290665 0.0319206 0.0345891 0.0368933 0.0386852 0.0398195 0.0400423 0.0392093 0.0372109 0.0339715 0.0294504 0.0236208 0.016633 0.00867058 -3.12989e-05 -0.0091956 -0.0185147 -0.0275845 -0.0360559 -0.0435844 -0.049896 -0.0547748 -0.0580615 -0.0597281 -0.0597971 -0.0584025 -0.0557128 -0.0519708 -0.0474674 -0.0424938 -0.0373422 -0.0322241 -0.0273311 -0.022784 -0.0186911 -0.0151144 -0.0120781 -0.00957529 -0.00755082 -0.00595427 -0.00470431 -0.00375204 -0.00303044 -0.00250397 -0.00212501 -0.00186417 -0.00169008 -0.00157679 -0.00150886 -0.00146479 -0.00144301 -0.00142585 -0.00142086 -0.0014125 -0.0014127 -0.00140698 -0.00140858 -0.00140385 -0.00140578 -0.00140169 -0.00140369 -0.00140016 -0.0014022 -0.00139916 -0.0014013 -0.00139867 -0.001401 -0.00139867 -0.0014013 -0.00139916 -0.00140219 -0.00140015 -0.00140367 -0.00140166 -0.0014057 -0.00140365 -0.00140807 -0.00140576 -0.00140987 -0.00140618 -0.00140728 -0.00139774 -0.00138702 -0.00135755 -0.00131134 -0.00122692 -0.00109388 -0.000885953 -0.000577498 -0.000138722 0.00047181 0.00128844 0.00237201 0.00376924 0.00556125 0.00780271 0.010564 0.0138672 0.0177152 0.0220637 0.0268322 0.0319207 0.0371705 0.0424027 0.047351 0.0517411 0.055267 0.0576666 0.0587247 0.0582652 0.056204 0.0525028 0.0472595 0.0406193 0.0328087 0.0241093 0.0148437 0.00541014 -0.0038654 -0.0126673 -0.0207479 -0.0278627 -0.0337955 -0.0384885 -0.0419162 -0.0441288 -0.0451603 -0.0451118 -0.0442021 -0.0425744 -0.0403993 -0.0378241 -0.035021 -0.0321721 -0.0293215 -0.0265803 -0.0240315 -0.0216922 -0.0196082 -0.0177445 -0.0161238 -0.0147444 -0.0135351 -0.0125222 -0.0116622 -0.0109175 -0.010313 -0.00978316 -0.00932968 -0.00895691 -0.00860838 -0.00832825 -0.00809714 -0.00785151 -0.00764988 -0.00750472 -0.00736748 -0.00723022 -0.00710298 -0.00700935 -0.00693243 -0.00685303 -0.00680132 -0.00675691 -0.00670775 -0.00668998 
0 0.00018335 0.00040595 0.000584713 0.000743059 0.000960717 0.00118536 0.0013885 0.00161447 0.00184237 0.00206097 0.00231531 0.00259683 0.00287938 0.00318539 0.00352988 0.003909 0.00431844 0.00477345 0.00530935 0.00591392 0.00660255 0.00744132 0.00840272 0.00950148 0.0108209 0.0123381 0.014075 0.0160727 0.0183111 0.0208115 0.0235179 0.0263793 0.0293565 0.0323074 0.0351398 0.0376887 0.0397747 0.0412787 0.041986 0.0417464 0.0404077 0.0378752 0.0341362 0.0291137 0.0228739 0.0155329 0.00729436 -0.00159663 -0.0109339 -0.0203696 -0.0295728 -0.0381621 -0.0458333 -0.0523489 -0.0574621 -0.0610425 -0.0629703 -0.0632949 -0.0621032 -0.0595708 -0.0559285 -0.0514217 -0.0463713 -0.0410273 -0.0356693 -0.0304646 -0.0255871 -0.021139 -0.0172046 -0.0138336 -0.0110123 -0.00872791 -0.00689395 -0.00547006 -0.00435823 -0.00352664 -0.00289829 -0.00245121 -0.00213107 -0.00191705 -0.00177551 -0.00168518 -0.00163269 -0.00159715 -0.00158211 -0.00156643 -0.00156493 -0.00155511 -0.00155805 -0.00154974 -0.00155417 -0.00154636 -0.0015514 -0.00154398 -0.00154936 -0.00154235 -0.00154799 -0.00154138 -0.0015473 -0.00154107 -0.0015473 -0.00154138 -0.00154798 -0.00154234 -0.00154935 -0.00154396 -0.00155135 -0.00154623 -0.00155384 -0.00154893 -0.00155615 -0.0015508 -0.00155548 -0.00154654 -0.00154178 -0.00151846 -0.00148503 -0.00141867 -0.00131277 -0.00114362 -0.00088539 -0.000514567 1.49796e-05 0.000726465 0.00168861 0.00293189 0.0045505 0.00658605 0.00913586 0.0122235 0.0158898 0.0200996 0.0248009 0.0299042 0.0352705 0.0407544 0.0461092 0.0511049 0.055422 0.0588133 0.0610124 0.0618222 0.0610919 0.0587207 0.0547567 0.0492747 0.0424819 0.0345538 0.0257595 0.0164224 0.00688139 -0.00250029 -0.0114959 -0.0198292 -0.0272848 -0.033662 -0.0388359 -0.042817 -0.0455654 -0.0471438 -0.0476227 -0.047135 -0.0458696 -0.0439387 -0.0415422 -0.038823 -0.0359173 -0.0329899 -0.0301002 -0.0273472 -0.0247803 -0.0224297 -0.0203493 -0.0184836 -0.0168505 -0.0154744 -0.0142757 -0.0132493 -0.0123906 -0.0116562 -0.0110285 -0.0104854 -0.0100326 -0.00964653 -0.00928784 -0.00900417 -0.0087804 -0.0085402 -0.00833452 -0.00818479 -0.0080155 -0.00787628 -0.00780456 -0.00769509 -0.00758121 -0.00755 -0.00750016 -0.00742229 -0.00741843 
0 0.00021563 0.00041259 0.0006341 0.000870455 0.00108455 0.00129845 0.00153548 0.00178937 0.00204301 0.00230059 0.00259683 0.00291257 0.00321577 0.00355724 0.00396144 0.0043921 0.00485864 0.00540625 0.00604084 0.0067404 0.00755484 0.00853415 0.0096419 0.0109268 0.0124582 0.0142059 0.0161861 0.018422 0.0209178 0.02364 0.0265017 0.0295008 0.0325449 0.0354698 0.0381775 0.0405007 0.0423013 0.0433959 0.0436018 0.0428317 0.0409343 0.0378668 0.0335953 0.0281152 0.0215312 0.013932 0.00555031 -0.00342725 -0.0127686 -0.0221718 -0.0313459 -0.0399131 -0.047638 -0.0542548 -0.0595663 -0.0633966 -0.0656063 -0.0662271 -0.0652989 -0.0630221 -0.0595571 -0.0551664 -0.0501142 -0.0446728 -0.039129 -0.0336642 -0.0284954 -0.0237073 -0.0194415 -0.0157192 -0.012588 -0.0100089 -0.00793465 -0.00630386 -0.00502593 -0.00406359 -0.00332392 -0.00280054 -0.00240777 -0.00215593 -0.00197004 -0.00186726 -0.00178925 -0.00175489 -0.00172512 -0.00171574 -0.00170515 -0.0017022 -0.00169923 -0.00169652 -0.00169716 -0.00169328 -0.00169609 -0.00169106 -0.00169536 -0.00168954 -0.00169487 -0.00168864 -0.00169462 -0.00168835 -0.00169462 -0.00168864 -0.00169487 -0.00168953 -0.00169535 -0.00169102 -0.00169601 -0.00169306 -0.00169664 -0.00169526 -0.00169632 -0.00169572 -0.00169127 -0.00168707 -0.00166815 -0.00164598 -0.00158892 -0.00151277 -0.0013663 -0.00116552 -0.00084062 -0.000403866 0.00022809 0.00105454 0.00216933 0.00359833 0.00544089 0.00775122 0.0106004 0.0140325 0.0180336 0.0225958 0.0276067 0.0330033 0.0385926 0.0442281 0.0496332 0.0545618 0.0587302 0.0618797 0.0638156 0.0643129 0.06328 0.060614 0.056406 0.0507658 0.0438777 0.0359519 0.0271914 0.0179346 0.00845435 -0.000915875 -0.00994876 -0.0184188 -0.0260877 -0.0328209 -0.0384516 -0.0429468 -0.0462615 -0.0484143 -0.049499 -0.0495538 -0.0487354 -0.0471828 -0.0450622 -0.0425286 -0.0396756 -0.0367072 -0.0337372 -0.0308199 -0.0280458 -0.0254713 -0.0231566 -0.0210677 -0.0191967 -0.0176001 -0.0162123 -0.0149936 -0.0139693 -0.013106 -0.0123595 -0.0117173 -0.0111918 -0.0107481 -0.0103331 -0.00998085 -0.00970386 -0.00944741 -0.00920544 -0.00900923 -0.00885772 -0.00871343 -0.00856977 -0.00846636 -0.00838517 -0.00829149 -0.00822715 -0.00819597 -0.00815494 
0 0.000237754 0.000454486 0.000703122 0.00095577 0.0011932 0.00145402 0.00170609 0.00195945 0.00226376 0.00257417 0.00287938 0.00321577 0.00358231 0.00399501 0.00444152 0.0049129 0.00546969 0.00611417 0.00682859 0.00765899 0.00862848 0.00975179 0.0110525 0.012551 0.0142919 0.0162779 0.01849 0.0209643 0.02369 0.0265802 0.029588 0.0326641 0.0356904 0.0385142 0.0409848 0.0429964 0.0443905 0.0449625 0.044606 0.0432298 0.0407639 0.0371527 0.0323717 0.0265154 0.019658 0.0119328 0.00350844 -0.00543402 -0.0146386 -0.0238898 -0.0328828 -0.0413458 -0.0490257 -0.0556804 -0.0611372 -0.0651696 -0.0676805 -0.0686036 -0.0680133 -0.0660411 -0.0628399 -0.0586476 -0.053671 -0.048226 -0.042544 -0.0368976 -0.0314587 -0.0263853 -0.0217949 -0.0177445 -0.0142998 -0.0114168 -0.00909769 -0.00723244 -0.00579224 -0.00466636 -0.00382681 -0.00319474 -0.00274274 -0.00242446 -0.00220559 -0.00206849 -0.00197241 -0.00192546 -0.00188351 -0.00187447 -0.00185221 -0.00185678 -0.00184061 -0.00184945 -0.00183519 -0.00184523 -0.00183195 -0.00184225 -0.00182979 -0.00184015 -0.00182843 -0.00183888 -0.00182778 -0.00183846 -0.00182778 -0.00183888 -0.00182843 -0.00184014 -0.00182977 -0.0018422 -0.00183181 -0.00184489 -0.00183437 -0.00184751 -0.00183622 -0.00184721 -0.00183211 -0.00183379 -0.00180426 -0.0017769 -0.00170444 -0.00160333 -0.00142805 -0.00117157 -0.000793374 -0.000259279 0.000463923 0.00144206 0.00270669 0.0043595 0.00643424 0.00904666 0.0122063 0.0159814 0.0203197 0.0251975 0.0305067 0.0361279 0.041902 0.0475916 0.0529722 0.0577315 0.0616563 0.0644857 0.0660613 0.066206 0.0648145 0.06188 0.0574529 0.0517193 0.0448193 0.0369796 0.0284046 0.0193544 0.0101048 0.000875289 -0.00806894 -0.0165415 -0.024338 -0.0313208 -0.0373738 -0.0423561 -0.0462341 -0.0490008 -0.0507082 -0.0513916 -0.0511037 -0.0500176 -0.0482806 -0.0460141 -0.0433467 -0.0404343 -0.0374432 -0.0344459 -0.0315088 -0.0287422 -0.0261917 -0.0238601 -0.0217673 -0.0199211 -0.0183154 -0.0169221 -0.0157111 -0.0146904 -0.0138274 -0.0130709 -0.01243 -0.0118926 -0.0114343 -0.0110373 -0.0106682 -0.0103684 -0.0101423 -0.00990913 -0.00970259 -0.00954668 -0.00938325 -0.00926321 -0.00918608 -0.0090733 -0.00899738 -0.00897375 -0.00891371 
0 0.00026397 0.00052087 0.000782503 0.00103709 0.00129497 0.00159055 0.00190069 0.00219179 0.00249323 0.002833 0.00318539 0.00355724 0.00399501 0.00446268 0.00494158 0.00551609 0.00617714 0.00688594 0.00772014 0.0087045 0.00982692 0.0111303 0.0126362 0.0143686 0.0163386 0.0185442 0.0210089 0.0237079 0.0265989 0.0296336 0.0327254 0.0357955 0.0387156 0.041322 0.0434871 0.0450841 0.0459587 0.0459522 0.0449682 0.0429704 0.0399158 0.0357601 0.0305369 0.0243542 0.0173258 0.00956569 0.00120154 -0.00756908 -0.0165328 -0.0254833 -0.0341948 -0.0424499 -0.0499991 -0.0566383 -0.0621631 -0.0663883 -0.0691793 -0.0704507 -0.0702465 -0.0686399 -0.0657888 -0.0618553 -0.0570613 -0.0516694 -0.045941 -0.0401535 -0.034497 -0.029168 -0.0242674 -0.0199106 -0.0161326 -0.0129568 -0.0103526 -0.0082587 -0.00661593 -0.00533132 -0.00436301 -0.00362387 -0.00309722 -0.00270797 -0.00245333 -0.00227109 -0.00216517 -0.00208981 -0.00205221 -0.00202403 -0.00201181 -0.002002 -0.0019969 -0.0019941 -0.00199 -0.00199038 -0.00198581 -0.00198806 -0.00198294 -0.0019865 -0.0019811 -0.00198557 -0.00198018 -0.00198526 -0.00198018 -0.00198557 -0.00198109 -0.00198649 -0.00198291 -0.00198798 -0.00198559 -0.00198985 -0.00198873 -0.00199117 -0.0019904 -0.00198809 -0.00198315 -0.00196714 -0.00194353 -0.00188998 -0.00181154 -0.00166857 -0.00146417 -0.00114113 -0.000697888 -6.2739e-05 0.000776056 0.00190406 0.00335509 0.00522649 0.00757371 0.0104755 0.0139702 0.0180622 0.0227306 0.0278872 0.0334507 0.0392502 0.0451235 0.0508071 0.0560535 0.0605836 0.0641692 0.0666228 0.0677735 0.0675164 0.0657643 0.062557 0.0579777 0.0521872 0.0453582 0.0376804 0.029383 0.0206678 0.0117475 0.00280403 -0.00594956 -0.0143077 -0.0221221 -0.0292706 -0.0356357 -0.0410705 -0.045483 -0.0488636 -0.0512219 -0.0525584 -0.0529093 -0.0523821 -0.0511162 -0.0492305 -0.0468428 -0.0441104 -0.0411712 -0.0381425 -0.0351305 -0.0322024 -0.0294365 -0.026884 -0.0245609 -0.0224802 -0.0206326 -0.0190352 -0.0176569 -0.0164364 -0.0154104 -0.0145545 -0.013784 -0.0131259 -0.0125949 -0.0121357 -0.0117271 -0.0113809 -0.0110913 -0.0108243 -0.0105883 -0.0104132 -0.0102534 -0.0100898 -0.00997342 -0.00989535 -0.0098174 -0.00974796 -0.00970239 
0 0.000284389 0.000562513 0.000848638 0.00115307 0.00145039 0.00174066 0.00206422 0.00240916 0.00275509 0.00312947 0.00352988 0.00396144 0.00444152 0.00494158 0.00550992 0.00619778 0.00694095 0.00776939 0.00876094 0.00989785 0.0111938 0.0126814 0.0144046 0.0163846 0.0185733 0.0210217 0.0237377 0.026616 0.0296433 0.0327581 0.0358535 0.0388262 0.041516 0.0438211 0.0455917 0.0466701 0.0469573 0.0463123 0.0446887 0.0420614 0.0384065 0.0337546 0.0281453 0.0217234 0.0146075 0.00689049 -0.00129329 -0.00979209 -0.0183945 -0.0269458 -0.0352887 -0.0432399 -0.0506001 -0.057145 -0.0626985 -0.0670787 -0.0701432 -0.0717936 -0.072004 -0.0708334 -0.0683771 -0.0647863 -0.0602428 -0.054987 -0.0492878 -0.0434122 -0.0375991 -0.0320336 -0.0268653 -0.0221985 -0.0181062 -0.0146187 -0.0117244 -0.00938101 -0.00751729 -0.00606364 -0.0049435 -0.00409919 -0.00347286 -0.0030226 -0.00270711 -0.00249386 -0.0023554 -0.00226712 -0.00221522 -0.0021824 -0.00216607 -0.00215374 -0.00214979 -0.00214384 -0.00214372 -0.00213957 -0.00214063 -0.00213709 -0.00213864 -0.00213547 -0.00213735 -0.00213453 -0.00213671 -0.00213421 -0.00213671 -0.00213452 -0.00213735 -0.00213546 -0.00213859 -0.00213695 -0.00214029 -0.00213874 -0.00214179 -0.00213949 -0.00214031 -0.00213383 -0.00212581 -0.002104 -0.00206825 -0.00200193 -0.00189473 -0.00172298 -0.00146325 -0.00108414 -0.00054864 0.000182936 0.00116346 0.00244703 0.00410712 0.00621353 0.00884414 0.0120522 0.0158686 0.0202812 0.0252394 0.030659 0.0364143 0.042346 0.0482369 0.0538358 0.0588697 0.0630869 0.0662827 0.0682876 0.068983 0.0682792 0.066168 0.0627055 0.0580078 0.0522258 0.0455156 0.0380863 0.0301302 0.0218372 0.013343 0.0047842 -0.00365263 -0.0118101 -0.0195371 -0.0267513 -0.0333285 -0.0391217 -0.044042 -0.0480082 -0.0510151 -0.0530314 -0.0540715 -0.0542106 -0.0535006 -0.0520876 -0.0500922 -0.0476313 -0.0448486 -0.0418566 -0.0388244 -0.0358165 -0.0328741 -0.0301308 -0.027604 -0.0252886 -0.0232066 -0.0213668 -0.0197816 -0.0183761 -0.017146 -0.0161428 -0.0152738 -0.0145014 -0.0138616 -0.0133156 -0.0128493 -0.0124465 -0.012079 -0.0117809 -0.0115425 -0.0113179 -0.0111252 -0.0109746 -0.0108381 -0.0107151 -0.0106234 -0.010561 -0.0105172 
0 0.000294977 0.000627119 0.000932629 0.00124109 0.00159807 0.00193625 0.00226184 0.00263615 0.0030344 0.0034505 0.003909 0.0043921 0.0049129 0.00551609 0.00619778 0.0069427 0.00779143 0.00878517 0.00992718 0.0112389 0.0127352 0.014443 0.0164152 0.0186136 0.0210299 0.0237174 0.0266087 0.0296339 0.0327473 0.0358689 0.0389043 0.0416679 0.044051 0.0459673 0.0472238 0.0477101 0.0473229 0.0460064 0.04374 0.0404713 0.0362701 0.0311777 0.025284 0.0187278 0.0115962 0.0040305 -0.00389135 -0.0120126 -0.0201745 -0.0282738 -0.0361739 -0.0437774 -0.0508716 -0.0572771 -0.0628111 -0.0673063 -0.0706383 -0.0726534 -0.0733153 -0.0725989 -0.0705916 -0.067395 -0.063168 -0.058133 -0.0525272 -0.0466476 -0.0407187 -0.0349771 -0.0295626 -0.0246184 -0.0202203 -0.0164232 -0.0132368 -0.0106223 -0.0085341 -0.00688132 -0.00561055 -0.0046319 -0.00391022 -0.00337379 -0.00300135 -0.00273776 -0.00256857 -0.00245507 -0.00238801 -0.00234517 -0.00232091 -0.00230644 -0.00229693 -0.00229261 -0.00228725 -0.00228657 -0.00228217 -0.00228311 -0.00227898 -0.00228088 -0.00227698 -0.00227959 -0.002276 -0.00227916 -0.002276 -0.00227958 -0.00227697 -0.00228085 -0.0022789 -0.00228289 -0.00228165 -0.00228532 -0.00228437 -0.00228623 -0.0022833 -0.00227834 -0.00226515 -0.00223859 -0.0021919 -0.00210765 -0.0019758 -0.00176295 -0.00145423 -0.000999634 -0.000378734 0.000475259 0.0015941 0.00306463 0.00493714 0.0073083 0.0102281 0.0137552 0.017892 0.02261 0.0278463 0.0334849 0.0394038 0.0453929 0.0512461 0.0566701 0.0614248 0.0652599 0.0680039 0.0695205 0.0697063 0.0685484 0.0660567 0.0623643 0.0575713 0.0518396 0.0453176 0.0381883 0.0306577 0.0228367 0.0148562 0.00678013 -0.00124369 -0.00908899 -0.0166637 -0.0238396 -0.0305404 -0.0366117 -0.0419661 -0.0465034 -0.0501185 -0.0528145 -0.0545626 -0.0553982 -0.0553414 -0.0544699 -0.0529636 -0.050893 -0.0483713 -0.04555 -0.0425642 -0.0395392 -0.0365089 -0.0335826 -0.0308609 -0.0283251 -0.0260101 -0.0239412 -0.0221116 -0.020522 -0.0191246 -0.017906 -0.0168816 -0.0160107 -0.0152477 -0.0145869 -0.0140335 -0.0135674 -0.0131688 -0.0128301 -0.0125246 -0.0122551 -0.0120491 -0.0118786 -0.0117178 -0.0115863 -0.0114861 -0.0114091 -0.0113571 
0 0.00033136 0.000683765 0.00102379 0.00136997 0.00173353 0.00209921 0.00250254 0.00292584 0.0033361 0.0037974 0.00431844 0.00485864 0.00546969 0.00617714 0.00694095 0.00779143 0.00879354 0.00995023 0.0112555 0.0127501 0.0144739 0.0164355 0.0186263 0.0210484 0.0237155 0.0265896 0.0296158 0.0327376 0.0358623 0.0389169 0.0417602 0.0442223 0.0462245 0.0476331 0.0483066 0.0481333 0.0470441 0.0450637 0.0421374 0.0382768 0.033576 0.0281173 0.0220407 0.0154128 0.00836733 0.00102469 -0.00654035 -0.0141891 -0.0218604 -0.029435 -0.0368609 -0.0440465 -0.0508224 -0.0570488 -0.0625174 -0.0671236 -0.0706902 -0.0730876 -0.0742048 -0.0739764 -0.0724604 -0.0696976 -0.0658626 -0.0610988 -0.0556749 -0.0498385 -0.0438588 -0.037973 -0.032344 -0.0271453 -0.0224438 -0.0183505 -0.0148498 -0.0119683 -0.00962274 -0.00777235 -0.00632218 -0.0052112 -0.00437512 -0.0037528 -0.00331395 -0.00299668 -0.00279587 -0.00265032 -0.0025744 -0.00251183 -0.00249111 -0.00246248 -0.00246198 -0.0024455 -0.00245099 -0.00243883 -0.00244562 -0.00243543 -0.0024423 -0.00243337 -0.0024402 -0.0024322 -0.00243916 -0.00243182 -0.00243915 -0.0024322 -0.00244018 -0.00243332 -0.00244217 -0.0024351 -0.00244482 -0.00243696 -0.00244676 -0.00243629 -0.00244264 -0.00242338 -0.00241491 -0.00236884 -0.00231605 -0.00220075 -0.00204205 -0.00177756 -0.00140934 -0.000872299 -0.000146339 0.000834005 0.00212039 0.00378026 0.00589973 0.0085332 0.0117679 0.0155986 0.020057 0.0250507 0.030536 0.0363527 0.0423705 0.0483608 0.0540815 0.0592706 0.0636573 0.0670678 0.0693058 0.0703063 0.069972 0.0683508 0.0655133 0.0615968 0.0567587 0.0511049 0.0448281 0.0380556 0.0309796 0.0236831 0.0162355 0.00871918 0.00117602 -0.0062783 -0.0136034 -0.020671 -0.0273734 -0.0336325 -0.0393196 -0.0443441 -0.0485461 -0.0518808 -0.0543488 -0.0559015 -0.0565555 -0.0563406 -0.0553868 -0.0538047 -0.0516589 -0.0491063 -0.0462744 -0.0432829 -0.0402446 -0.0372246 -0.034317 -0.0315896 -0.0290713 -0.0267751 -0.024701 -0.0228802 -0.0213014 -0.0198941 -0.0186626 -0.0176402 -0.0167635 -0.0159853 -0.0153409 -0.0147998 -0.0143141 -0.0139127 -0.0135781 -0.0132769 -0.013026 -0.0128047 -0.0126211 -0.0125079 -0.0124025 -0.0122904 -0.0122297 
