0 0 0 0 0 0 0 0 0 0 0 0 0 0 0 0 0 0 0 0 0 0 0 0 0 0 0 0 0 0 0 0 0 0 0 0 0 0 0 0 0 0 0 0 0 0 0 0 0 0 0 0 0 0 0 0 0 0 0 0 0 0 0 0 0 0 0 0 0 0 0 0 0 0 0 0 0 0 0 0 0 0 0 0 0 0 0 0 0 0 0 0 0 0 0 0 0 0 0 0 0 0 0 0 0 0 0 0 0 0 0 0 0 0 0 0 0 0 0 0 0 0 0 0 0 0 0 0 0 0 0 0 0 0 0 0 0 0 0 0 0 0 0 0 0 0 0 0 0 0 0 0 0 0 0 0 0 0 0 0 0 0 0 0 0 0 0 0 0 0 0 0 0 0 0 0 0 0 0 0 0 0 0 0 0 0 0 0 0 0 0 0 0 0 0 0 0 0 0 0 
0 1.15851e-05 2.62511e-05 4.09229e-05 3.65912e-05 4.7093e-05 6.98957e-05 6.92799e-05 9.87375e-05 0.000128597 9.91997e-05 0.000107558 0.000152801 0.000158874 0.00016859 0.00018326 0.000203144 0.00023498 0.000230457 0.00024726 0.000285597 0.000284523 0.000319305 0.000362806 0.000369745 0.000410152 0.000451922 0.00047928 0.000519253 0.00056668 0.000636461 0.000697107 0.000771395 0.000893078 0.00101185 0.00114685 0.00132964 0.0015511 0.00180356 0.00208575 0.00243049 0.00282707 0.00323155 0.00364794 0.00407357 0.00446762 0.0047771 0.00495584 0.00499956 0.00487026 0.00451188 0.00391593 0.00308811 0.00208328 0.000913126 -0.000381909 -0.00172651 -0.00304311 -0.00422739 -0.00525828 -0.00607583 -0.00666901 -0.00699591 -0.00705217 -0.00687831 -0.00650315 -0.00601213 -0.00541057 -0.00477061 -0.00408902 -0.00343146 -0.00281189 -0.00226588 -0.00180702 -0.00142032 -0.00112056 -0.00086242 -0.000676112 -0.00050817 -0.000400667 -0.000299759 -0.000247141 -0.000193867 -0.000173886 -0.000149438 -0.000143939 -0.000134494 -0.000132716 -0.000130747 -0.000128157 -0.00013032 -0.00012574 -0.000130578 -0.000124126 -0.000130844 -0.000122989 -0.000131008 -0.000122253 -0.000131087 -0.000121891 -0.00013111 -0.000121891 -0.000131087 -0.000122252 -0.000131005 -0.000122983 -0.000130826 -0.00012408 -0.000130461 -0.000125454 -0.000129644 -0.000126621 -0.000127392 -0.000125677 -0.000120319 -0.000116566 -9.87841e-05 -8.41062e-05 -4.14866e-05 5.89183e-07 8.63833e-05 0.000177519 0.00032608 0.000488967 0.000721157 0.000986547 0.00133789 0.0017541 0.00226693 0.00285911 0.00351417 0.00421137 0.0048947 0.00556092 0.00614285 0.00664143 0.00696809 0.00709603 0.00695646 0.00654674 0.00588399 0.00498271 0.00389002 0.0026132 0.00124667 -0.000140342 -0.00144672 -0.0026268 -0.00365412 -0.00447271 -0.00505871 -0.00539056 -0.00552106 -0.00548385 -0.00528868 -0.00496815 -0.00456936 -0.00415477 -0.00373242 -0.00329891 -0.00289822 -0.00255217 -0.00224873 -0.00197448 -0.00173694 -0.00156455 -0.00141668 -0.00127419 -0.00117713 -0.00109897 -0.00102663 -0.000957848 -0.000902451 -0.000873268 -0.000816737 -0.000776069 -0.000769159 -0.000727616 -0.000706785 -0.00070213 -0.000669767 -0.000652857 -0.000636669 -0.000626335 -0.000611601 -0.000572203 -0.000587401 -0.000605251 -0.00056249 -0.000553475 -0.000556394 -0.000540638 -0.000549899 -0.000533725 -0.000519164 -0.000542493 -0.000524107 -0.000511762 -0.000536855 -0.000515026 
0 2.62511e-05 2.84035e-05 6.39835e-05 0.00010117 0.000108176 0.000138056 0.000167351 0.00016295 0.000186077 0.000247253 0.000274791 0.000274655 0.000310641 0.000347457 0.000363333 0.000407616 0.000436732 0.000459764 0.000530604 0.00056519 0.000588608 0.00065625 0.000698329 0.000746965 0.00081042 0.000880826 0.000975352 0.0010411 0.00115542 0.00129739 0.00140101 0.00157831 0.00178594 0.00202213 0.00231582 0.00265712 0.00312515 0.00362565 0.0042038 0.00491272 0.00567046 0.00649992 0.00731063 0.00814027 0.00891112 0.00948109 0.0098491 0.00989507 0.00962568 0.00890356 0.00770423 0.00609063 0.00406937 0.00177397 -0.00080085 -0.00344813 -0.00603981 -0.00840606 -0.0104273 -0.0120804 -0.0132307 -0.0139059 -0.0140172 -0.0136902 -0.0129685 -0.0119843 -0.0108193 -0.00952048 -0.0081998 -0.00686486 -0.00565825 -0.00454887 -0.00364114 -0.00285892 -0.00224945 -0.00173978 -0.00134412 -0.00102908 -0.000782564 -0.000609831 -0.000469244 -0.000394493 -0.000320233 -0.000301854 -0.000261225 -0.000268749 -0.000242022 -0.000258733 -0.000237231 -0.000255927 -0.000236813 -0.000254955 -0.000237488 -0.000254401 -0.000238287 -0.000254 -0.000238908 -0.000253745 -0.00023924 -0.000253657 -0.000239239 -0.000253744 -0.000238906 -0.000253995 -0.000238272 -0.000254361 -0.000237384 -0.000254692 -0.000236176 -0.000254436 -0.000233878 -0.000251478 -0.000226941 -0.000238651 -0.000203594 -0.000196051 -0.000134075 -8.06217e-05 3.80657e-05 0.00017705 0.000391067 0.000659454 0.00100951 0.00145554 0.00199892 0.00269764 0.0035243 0.00455644 0.00571097 0.007033 0.00838279 0.00976733 0.0110573 0.0122331 0.0131953 0.0138406 0.0140877 0.0137975 0.0130121 0.0116763 0.00992112 0.00773094 0.00522817 0.00252487 -0.000220017 -0.00279719 -0.00517071 -0.00718596 -0.00883997 -0.0100014 -0.0106881 -0.010978 -0.0108915 -0.01054 -0.00989535 -0.00913002 -0.00830567 -0.00744858 -0.00662161 -0.00580823 -0.00513569 -0.00452832 -0.00397686 -0.00353452 -0.00315199 -0.00286186 -0.0025792 -0.00235297 -0.00220842 -0.00203711 -0.00191279 -0.00181907 -0.001731 -0.0016613 -0.00157578 -0.00153552 -0.00148368 -0.00140292 -0.00138256 -0.00134579 -0.00129372 -0.00127891 -0.00124626 -0.00122115 -0.00121452 -0.00117819 -0.00113679 -0.00112773 -0.00113519 -0.00111377 -0.00108248 -0.00108683 -0.00108213 -0.00105833 -0.00105799 -0.00105418 -0.00104031 -0.00103941 -0.00103904 
0 4.09229e-05 6.39835e-05 9.6485e-05 0.000135407 0.000161905 0.000198126 0.000243862 0.000272654 0.000304329 0.000351845 0.000386098 0.00041982 0.000473269 0.000516644 0.000557452 0.000614939 0.000661154 0.000710446 0.000777728 0.000833381 0.000896582 0.000977319 0.00105409 0.00113899 0.00123207 0.00133971 0.00146045 0.00158186 0.00174391 0.00193329 0.00213309 0.00239449 0.00271088 0.00308294 0.00353015 0.00407131 0.0047403 0.00550458 0.00638706 0.00741821 0.0085511 0.00975746 0.0109786 0.0121821 0.0132754 0.0141098 0.0146069 0.0146595 0.0141889 0.0130859 0.0112984 0.00888514 0.00590093 0.0024691 -0.00130403 -0.00520877 -0.00900845 -0.0124981 -0.0154961 -0.0179163 -0.0196326 -0.0206063 -0.0208122 -0.0203353 -0.0193065 -0.0178584 -0.0161394 -0.0142297 -0.0122645 -0.0103137 -0.00850397 -0.0068804 -0.00549777 -0.00434639 -0.00340665 -0.00265435 -0.0020454 -0.00157735 -0.00120353 -0.000938879 -0.000732971 -0.000606029 -0.000507325 -0.000458766 -0.000416728 -0.000403549 -0.000386385 -0.000385291 -0.000377867 -0.000379274 -0.000375852 -0.000376786 -0.000375446 -0.000375361 -0.000375372 -0.000374429 -0.000375355 -0.000373881 -0.000375347 -0.000373699 -0.000375347 -0.00037388 -0.000375351 -0.000374419 -0.000375345 -0.000375287 -0.000375256 -0.000376314 -0.000374722 -0.000376673 -0.000372104 -0.000373002 -0.000361196 -0.000353953 -0.000322983 -0.000288753 -0.000211568 -0.000112485 5.7512e-05 0.000277811 0.000600006 0.00100562 0.00154391 0.00220915 0.0030509 0.00408749 0.00535613 0.00687413 0.0086159 0.010549 0.0125647 0.0145959 0.0165096 0.0182356 0.0196268 0.0205605 0.0208744 0.0204535 0.0192642 0.0173127 0.0146948 0.0114676 0.00778523 0.00381385 -0.000198203 -0.00402521 -0.00751327 -0.0105146 -0.0129453 -0.0146923 -0.0157657 -0.0162264 -0.0161564 -0.0156492 -0.0147697 -0.0136745 -0.012466 -0.0112176 -0.00998564 -0.00881298 -0.00777655 -0.00685426 -0.00604062 -0.00535579 -0.00478376 -0.00431731 -0.00391289 -0.00358236 -0.00332788 -0.0030955 -0.00290213 -0.00274631 -0.00260802 -0.00248913 -0.00237854 -0.00229318 -0.00221726 -0.00213484 -0.00207815 -0.0020237 -0.00196154 -0.00191995 -0.0018748 -0.00182741 -0.00179974 -0.00176802 -0.00173279 -0.00171141 -0.00168966 -0.00166289 -0.00164233 -0.00162757 -0.00161317 -0.00159863 -0.00158618 -0.00157805 -0.0015736 -0.00156765 -0.00155949 
0 3.65912e-05 0.00010117 0.000135407 0.000165027 0.000228003 0.000267884 0.000300313 0.00037811 0.000437621 0.000448313 0.000498321 0.000585415 0.000632001 0.000681626 0.000757214 0.000811852 0.000889973 0.000971243 0.00102029 0.00111799 0.00121706 0.00129576 0.00141953 0.00152886 0.00165693 0.00180962 0.00194686 0.00215161 0.00235636 0.00258743 0.00291109 0.00324185 0.00367536 0.00419153 0.00479284 0.0055607 0.00641512 0.00746254 0.00866341 0.00999355 0.0115019 0.0130457 0.0146601 0.0161884 0.0175301 0.0185928 0.0191491 0.0191754 0.0184476 0.0169392 0.0145852 0.0113824 0.00749822 0.00296609 -0.00191016 -0.00698342 -0.011907 -0.0164382 -0.0203804 -0.0235027 -0.025779 -0.0270257 -0.0273606 -0.0267691 -0.0254778 -0.0236194 -0.0213671 -0.0189035 -0.0163046 -0.013794 -0.0113829 -0.00927669 -0.00740735 -0.00588937 -0.00460847 -0.00360088 -0.00278068 -0.0021395 -0.00165166 -0.00126913 -0.00101709 -0.00080914 -0.000707827 -0.000601376 -0.000580188 -0.000522241 -0.00053525 -0.000496805 -0.000520911 -0.000489958 -0.000515901 -0.000488581 -0.000513394 -0.000488597 -0.000511701 -0.00048888 -0.00051055 -0.000489114 -0.000509959 -0.0004892 -0.000509958 -0.000489112 -0.000510544 -0.000488862 -0.000511652 -0.000488468 -0.000513069 -0.00048779 -0.000514045 -0.000485762 -0.000511776 -0.000477667 -0.000496694 -0.000447586 -0.000441336 -0.000353387 -0.000282566 -0.000108741 9.17178e-05 0.000420694 0.000833357 0.00139836 0.00211549 0.00301563 0.00415913 0.0055372 0.00725588 0.00923585 0.0115614 0.0140511 0.0167196 0.0193354 0.0218554 0.0240713 0.0258524 0.0270229 0.0273636 0.0268173 0.0252239 0.0227167 0.019261 0.0150799 0.0102903 0.00515563 -2.25112e-05 -0.00504048 -0.00956867 -0.0135361 -0.0166974 -0.0190462 -0.0205396 -0.0212087 -0.021218 -0.0205841 -0.0195512 -0.0181717 -0.0166185 -0.0150179 -0.0133926 -0.011906 -0.0104969 -0.00926268 -0.00819997 -0.00725522 -0.00650027 -0.00582921 -0.00529877 -0.00486509 -0.00446486 -0.00418122 -0.00391211 -0.00368401 -0.00350784 -0.00332661 -0.00320336 -0.00307042 -0.00294998 -0.00288335 -0.00277739 -0.0026937 -0.0026393 -0.0025584 -0.0025088 -0.00245541 -0.00238307 -0.00235966 -0.00234285 -0.00228804 -0.00223776 -0.00222086 -0.00220876 -0.00217251 -0.00214465 -0.00214104 -0.0021255 -0.00210341 -0.00209895 -0.00209703 -0.00208393 
0 4.7093e-05 0.000108176 0.000161905 0.000228003 0.000290401 0.000335571 0.000400429 0.000451531 0.000498062 0.0005936 0.000672203 0.000717441 0.000783532 0.000862658 0.000950162 0.00102206 0.00109853 0.00121763 0.00130848 0.00140493 0.00154347 0.00164291 0.0017677 0.00193502 0.00208441 0.00226649 0.00247828 0.00272618 0.00300263 0.00330408 0.00370824 0.00416256 0.00468575 0.00535586 0.00614992 0.00710171 0.00820643 0.00951494 0.0110344 0.0126872 0.0145005 0.0164048 0.0183247 0.0201289 0.0216663 0.0228429 0.0234438 0.0233259 0.0223307 0.0203797 0.0174534 0.0135318 0.00875244 0.00325755 -0.0026694 -0.00876288 -0.0147147 -0.0202058 -0.0249883 -0.0288052 -0.0315534 -0.0331242 -0.0335641 -0.0329417 -0.0314246 -0.0292133 -0.0264957 -0.0234942 -0.0203515 -0.0172689 -0.0143426 -0.0117159 -0.00941447 -0.00748262 -0.00588318 -0.00458929 -0.00355713 -0.00273867 -0.00211546 -0.00163408 -0.00129655 -0.00104342 -0.000888407 -0.000771184 -0.000714807 -0.000665134 -0.000652122 -0.000630466 -0.000632548 -0.000621089 -0.000626902 -0.000619177 -0.000625115 -0.000619093 -0.000624347 -0.000619328 -0.000623929 -0.000619521 -0.000623731 -0.00061959 -0.00062373 -0.000619517 -0.000623918 -0.000619296 -0.000624262 -0.000618876 -0.000624579 -0.000617899 -0.00062396 -0.000614567 -0.000618625 -0.000601855 -0.000595568 -0.000557653 -0.000518479 -0.00042656 -0.000306982 -0.000100068 0.000177054 0.000586184 0.00111958 0.00183498 0.00274143 0.00389345 0.00532688 0.00708473 0.00920985 0.0116888 0.0145158 0.0175787 0.0208007 0.0239951 0.0270359 0.0297003 0.0318109 0.0331407 0.033504 0.0327709 0.0308477 0.0277735 0.0235924 0.0185126 0.0127335 0.00656874 0.000307598 -0.00575077 -0.0112985 -0.0161258 -0.0200266 -0.0229669 -0.024898 -0.0258671 -0.0259663 -0.0253304 -0.0241721 -0.0225933 -0.0207671 -0.0188208 -0.0168912 -0.0150647 -0.0133337 -0.0117957 -0.0104511 -0.00929342 -0.00829655 -0.00743894 -0.00676437 -0.00617765 -0.00567349 -0.00527919 -0.00494308 -0.00466387 -0.00440743 -0.00420857 -0.00404698 -0.00385967 -0.00372734 -0.00361181 -0.0034758 -0.00338626 -0.00330145 -0.0032125 -0.00314012 -0.003081 -0.00303804 -0.00295709 -0.00288506 -0.00287182 -0.0028289 -0.00278025 -0.00276135 -0.00272068 -0.00269911 -0.00268827 -0.00265084 -0.00264363 -0.00263327 -0.00260201 -0.00261778 
0 6.98957e-05 0.000138056 0.000198126 0.000267884 0.000335571 0.000400879 0.000490137 0.000561231 0.00061573 0.000708768 0.000791371 0.000855287 0.000956335 0.00105365 0.00114116 0.00124542 0.00134342 0.00146079 0.00158114 0.00169276 0.00185187 0.00200042 0.00214662 0.00235714 0.00254803 0.00275576 0.00303277 0.00331816 0.00365883 0.0040583 0.00454027 0.0051335 0.0057892 0.00662042 0.00762604 0.0087656 0.0101311 0.0116996 0.0135017 0.0154701 0.0175547 0.0197789 0.0219478 0.0239585 0.0256408 0.026843 0.0274174 0.0270822 0.0257719 0.0233588 0.0198453 0.0152457 0.00962346 0.00327027 -0.00359805 -0.0105883 -0.0174382 -0.0237829 -0.0292956 -0.0337486 -0.0369145 -0.0388092 -0.0393674 -0.0387601 -0.0370787 -0.0345729 -0.0314644 -0.027975 -0.0243595 -0.020742 -0.0173531 -0.0142215 -0.0115092 -0.00916001 -0.00724013 -0.00565364 -0.00439885 -0.00340306 -0.00263004 -0.0020547 -0.00161396 -0.00132297 -0.00109524 -0.000976256 -0.000866812 -0.000835487 -0.000780909 -0.000786084 -0.000753052 -0.000770172 -0.000744989 -0.000764592 -0.000742742 -0.000761925 -0.000742061 -0.000760283 -0.00074182 -0.000759313 -0.000741736 -0.000758986 -0.000741734 -0.000759305 -0.0007418 -0.000760228 -0.000741919 -0.000761569 -0.000741877 -0.000762571 -0.000740435 -0.000760277 -0.00073235 -0.000744391 -0.000700119 -0.00068492 -0.000596977 -0.000511212 -0.00032414 -9.17564e-05 0.000281963 0.000767 0.00144044 0.00230786 0.00342218 0.00483638 0.00657425 0.00872446 0.0112521 0.0142271 0.0175188 0.0211275 0.0248385 0.0285654 0.0320482 0.0350983 0.0374586 0.0388835 0.0392222 0.0382723 0.0360364 0.0324237 0.0276044 0.0217159 0.0150797 0.00801327 0.000806553 -0.00615643 -0.012623 -0.0182223 -0.0228367 -0.026349 -0.028744 -0.0300649 -0.0303325 -0.029799 -0.0285914 -0.026912 -0.0248918 -0.0226753 -0.0204865 -0.0183323 -0.0163119 -0.0144633 -0.0128271 -0.0114362 -0.0101867 -0.00915007 -0.00830083 -0.00756608 -0.00696478 -0.00644504 -0.00603528 -0.0056815 -0.00534606 -0.00510647 -0.00487996 -0.00466265 -0.00450829 -0.00435129 -0.00421241 -0.00409564 -0.00397927 -0.00388903 -0.00378516 -0.00369478 -0.00364466 -0.00356334 -0.00349404 -0.0034636 -0.00340316 -0.00335004 -0.00332046 -0.00327705 -0.0032516 -0.00322536 -0.00318671 -0.00318612 -0.00317762 -0.00314385 -0.00314652 
0 6.92799e-05 0.000167351 0.000243862 0.000300313 0.000400429 0.000490137 0.000541431 0.00065449 0.000769718 0.000813542 0.000905858 0.00103269 0.00112486 0.00123545 0.00133783 0.00145272 0.00160503 0.00171425 0.00185073 0.00202411 0.00216604 0.00235867 0.00255973 0.00275992 0.00302423 0.00328152 0.00359445 0.00396877 0.0043636 0.00487572 0.00546084 0.00615408 0.0070018 0.00798346 0.00918954 0.0105715 0.0121729 0.0140393 0.0160939 0.018353 0.0207194 0.0231562 0.0255347 0.0276458 0.0293888 0.0305414 0.0309459 0.0303675 0.0286604 0.0257942 0.0216981 0.0164476 0.0101126 0.0029776 -0.00465013 -0.01244 -0.0200286 -0.027102 -0.0332546 -0.0382415 -0.0418374 -0.044009 -0.0447615 -0.0441802 -0.0424294 -0.0396927 -0.0362677 -0.0323798 -0.0283226 -0.0242612 -0.0204 -0.0168359 -0.0136743 -0.0109495 -0.00866329 -0.00679924 -0.00529074 -0.00411321 -0.00318258 -0.00249191 -0.00196094 -0.00159643 -0.00132498 -0.00115939 -0.00103726 -0.000975333 -0.000926169 -0.000908552 -0.000889644 -0.000887007 -0.000879284 -0.000880182 -0.000876636 -0.000877614 -0.000875948 -0.000876344 -0.000875726 -0.000875672 -0.000875644 -0.000875454 -0.00087564 -0.000875659 -0.000875691 -0.000876252 -0.000875714 -0.000877038 -0.000875269 -0.000877051 -0.000872366 -0.000872282 -0.000859455 -0.000848973 -0.000813022 -0.000768611 -0.000673905 -0.000544765 -0.000323747 -2.37076e-05 0.00042566 0.00101566 0.0018255 0.00285704 0.00419719 0.00586594 0.00794382 0.0104515 0.0134164 0.0168178 0.0205869 0.0246445 0.0288222 0.0329766 0.0368369 0.0401853 0.0427044 0.0441889 0.0444205 0.0432833 0.0406998 0.0366456 0.0312511 0.0246967 0.0173487 0.00950174 0.0015338 -0.00623901 -0.0134571 -0.0197895 -0.025067 -0.0291458 -0.032049 -0.0337315 -0.0343024 -0.0339261 -0.032778 -0.0310774 -0.0289252 -0.0265608 -0.0241158 -0.021703 -0.0194179 -0.0172731 -0.0153858 -0.0137058 -0.0122405 -0.0110047 -0.0099332 -0.00906476 -0.00831107 -0.007679 -0.00717527 -0.00671267 -0.00635064 -0.00602973 -0.00573948 -0.00552267 -0.00529442 -0.00511463 -0.00496676 -0.0047929 -0.00467393 -0.00455947 -0.00444308 -0.00435384 -0.00423931 -0.00417888 -0.00414094 -0.00403047 -0.0039671 -0.00394748 -0.00388253 -0.00383737 -0.00381032 -0.00377084 -0.00374917 -0.00372322 -0.00370204 -0.00369954 -0.00367864 
0 9.87375e-05 0.00016295 0.000272654 0.00037811 0.000451531 0.000561231 0.00065449 0.000729293 0.000847378 0.000961726 0.00107407 0.00119296 0.00128733 0.00141111 0.00155472 0.00168406 0.00183105 0.00198011 0.00215696 0.00234805 0.0025113 0.00273241 0.00297342 0.00319997 0.00350524 0.00383739 0.00420204 0.00464553 0.00514645 0.00575752 0.00645574 0.00728583 0.00831066 0.00948284 0.0108822 0.0125171 0.0143838 0.016509 0.0188221 0.0213325 0.0239394 0.0265342 0.0290137 0.0311661 0.0328604 0.0338695 0.0340082 0.0331017 0.030981 0.0276245 0.0229739 0.0171138 0.0101691 0.00239096 -0.0058689 -0.0142982 -0.0224979 -0.0301414 -0.0368263 -0.0422631 -0.0462528 -0.0487064 -0.0496659 -0.0491707 -0.0474028 -0.0445323 -0.040866 -0.0366716 -0.0322376 -0.0277913 -0.0235027 -0.0195308 -0.0159444 -0.012839 -0.0101934 -0.0080302 -0.00626772 -0.00488517 -0.00379619 -0.00297132 -0.00234883 -0.0018969 -0.00157899 -0.00135809 -0.00121958 -0.00112355 -0.00107555 -0.00103595 -0.00102626 -0.00100763 -0.00101162 -0.000999411 -0.00100761 -0.000997052 -0.00100641 -0.000996275 -0.00100593 -0.000995972 -0.00100573 -0.000995884 -0.00100573 -0.000995951 -0.00100588 -0.000996124 -0.00100603 -0.00099614 -0.00100549 -0.000994641 -0.0010013 -0.000986092 -0.000982976 -0.000952239 -0.000919728 -0.000844437 -0.000738364 -0.000559103 -0.000300111 7.96659e-05 0.000607493 0.00131985 0.00226824 0.00348684 0.00505509 0.00700281 0.00941769 0.012295 0.0156777 0.0194906 0.0236961 0.0281537 0.0327344 0.0372292 0.0413845 0.0449251 0.0475343 0.0489987 0.0490933 0.0477361 0.0448197 0.0403738 0.0344967 0.0274222 0.0194955 0.0110377 0.00244527 -0.00596848 -0.0138079 -0.0207817 -0.0266649 -0.031315 -0.034715 -0.0368249 -0.0377685 -0.0376547 -0.0366726 -0.0350243 -0.0328631 -0.0304184 -0.0277991 -0.0251727 -0.0226459 -0.0202608 -0.018102 -0.0161479 -0.0144559 -0.0129964 -0.0117143 -0.0106571 -0.00975592 -0.0090003 -0.00836395 -0.00781733 -0.0073922 -0.00699515 -0.00665251 -0.00639395 -0.00612518 -0.00589547 -0.00571002 -0.00553164 -0.00537938 -0.00522686 -0.00511281 -0.00502085 -0.00489703 -0.00480387 -0.00471754 -0.00462881 -0.00458868 -0.00451966 -0.00444275 -0.00442147 -0.00437213 -0.00432466 -0.00431793 -0.00426905 -0.00423301 -0.00424415 -0.00422116 
0 0.000128597 0.000186077 0.000304329 0.000437621 0.000498062 0.00061573 0.000769718 0.000847378 0.000953445 0.0011013 0.00120207 0.00133122 0.00148637 0.00160916 0.00177128 0.00193629 0.00207083 0.00226333 0.00246214 0.00264533 0.00287952 0.00312764 0.00340078 0.0037006 0.00402459 0.00443361 0.00486249 0.005355 0.00599415 0.00669637 0.00753242 0.00854992 0.00973921 0.0111484 0.0127488 0.0146318 0.0167766 0.0191071 0.0216756 0.0243815 0.0271609 0.0298631 0.0323321 0.0344688 0.0360013 0.0367743 0.0365734 0.0352502 0.032709 0.02882 0.0236529 0.0172352 0.00977673 0.00150665 -0.00727003 -0.0161596 -0.0248452 -0.032889 -0.0399905 -0.0457946 -0.0501233 -0.0528741 -0.0540301 -0.0536927 -0.0519448 -0.0490503 -0.0452213 -0.0408187 -0.0360874 -0.0313088 -0.0266596 -0.0222923 -0.0183326 -0.0148287 -0.0118548 -0.00935818 -0.00735594 -0.00573575 -0.00449237 -0.0035123 -0.00279335 -0.00224575 -0.0018677 -0.00159465 -0.00141924 -0.00130204 -0.00123028 -0.00118897 -0.00116086 -0.00115122 -0.00113768 -0.00113987 -0.00112982 -0.00113641 -0.00112662 -0.0011351 -0.00112504 -0.0011345 -0.00112433 -0.00113431 -0.00112432 -0.00113446 -0.00112495 -0.00113485 -0.00112602 -0.00113498 -0.00112657 -0.00113273 -0.00112252 -0.00112021 -0.00109978 -0.00107317 -0.00101895 -0.000930781 -0.000791183 -0.000570635 -0.000256449 0.000205688 0.00082234 0.00167336 0.00276358 0.00420023 0.00599189 0.00825737 0.0109897 0.014266 0.0180251 0.0222538 0.0268358 0.0316608 0.0365663 0.0413173 0.045677 0.0492947 0.0519316 0.0532819 0.0532253 0.0515965 0.0483752 0.0435715 0.037309 0.0298568 0.0214822 0.0125986 0.00351158 -0.00535414 -0.0136882 -0.0211849 -0.0275979 -0.0328097 -0.0366803 -0.0392858 -0.0406492 -0.0409089 -0.0402075 -0.0387037 -0.0366695 -0.0342119 -0.0315262 -0.028742 -0.0259989 -0.0234211 -0.0209725 -0.0187701 -0.0168285 -0.015123 -0.0136559 -0.0123712 -0.0113285 -0.0104374 -0.00964486 -0.00902185 -0.00847849 -0.00800534 -0.00760866 -0.00726095 -0.0069848 -0.00671187 -0.00647546 -0.00630621 -0.00610647 -0.00593452 -0.00580689 -0.0056534 -0.00554238 -0.00544922 -0.00532697 -0.00525943 -0.00519722 -0.00509174 -0.00504051 -0.00500843 -0.00492935 -0.00488264 -0.00486944 -0.00483111 -0.00480752 -0.00480125 -0.00476957 
0 9.91997e-05 0.000247253 0.000351845 0.000448313 0.0005936 0.000708768 0.000813542 0.000961726 0.0011013 0.0012241 0.00135089 0.00149772 0.00167382 0.00182393 0.00197182 0.00216706 0.00235645 0.00255368 0.00277452 0.00299591 0.00325928 0.00354474 0.00384701 0.0042012 0.0045939 0.00505598 0.00557573 0.0061741 0.00691374 0.00775109 0.00873899 0.0099308 0.0113192 0.0129385 0.0147835 0.0169167 0.0193041 0.0218712 0.0246391 0.0275109 0.0303863 0.0330945 0.0354943 0.0374674 0.0387512 0.0391744 0.03855 0.036776 0.0337517 0.0293712 0.0237062 0.0168329 0.00897629 0.000339076 -0.00877848 -0.0180057 -0.0269927 -0.0353246 -0.0427117 -0.0488152 -0.0534541 -0.0564835 -0.0578833 -0.0577195 -0.0560903 -0.0532311 -0.049358 -0.0448226 -0.0398778 -0.034828 -0.0298533 -0.0251393 -0.0208055 -0.0169388 -0.0136081 -0.010797 -0.00851422 -0.0066652 -0.00523144 -0.00410027 -0.00326123 -0.002617 -0.00216765 -0.00183567 -0.00162336 -0.00147324 -0.0013871 -0.00132862 -0.00129844 -0.00127935 -0.00126912 -0.00126493 -0.00125997 -0.00126119 -0.00125685 -0.00126025 -0.00125555 -0.00125998 -0.00125501 -0.00125991 -0.00125499 -0.00125992 -0.00125539 -0.00125985 -0.00125591 -0.00125901 -0.00125509 -0.00125439 -0.00124719 -0.00123538 -0.00121354 -0.00117076 -0.00110455 -0.000986215 -0.000814486 -0.000539858 -0.000162007 0.000389086 0.00111411 0.00210393 0.00336728 0.00501575 0.00706873 0.009634 0.0127124 0.0163494 0.0204882 0.0250762 0.0300046 0.0351266 0.0402805 0.0451999 0.0496433 0.053259 0.0558102 0.0570153 0.0567413 0.0548542 0.0513314 0.046235 0.0396951 0.031983 0.0233442 0.0141669 0.00478028 -0.00440939 -0.0130893 -0.0209994 -0.0278847 -0.0335967 -0.0379796 -0.0410832 -0.0429434 -0.0436476 -0.0433134 -0.0420887 -0.0402374 -0.0378862 -0.035205 -0.0323456 -0.0294651 -0.0266962 -0.0240369 -0.0215916 -0.0193998 -0.0174561 -0.0157573 -0.0142665 -0.0130239 -0.0119612 -0.0110393 -0.0102832 -0.00963403 -0.00908792 -0.00861611 -0.00820651 -0.00787267 -0.00756164 -0.00729329 -0.00706105 -0.00684133 -0.00667112 -0.00650231 -0.00633081 -0.00620506 -0.0060949 -0.0059898 -0.00587691 -0.00577166 -0.00571779 -0.00564812 -0.00555976 -0.00552596 -0.00548228 -0.00541601 -0.00540019 -0.00537902 -0.00533489 -0.00533517 
0 0.000107558 0.000274791 0.000386098 0.000498321 0.000672203 0.000791371 0.000905858 0.00107407 0.00120207 0.00135089 0.00154681 0.00168501 0.00183626 0.00203409 0.0022091 0.00241367 0.00263775 0.00284951 0.00310471 0.00337659 0.00366032 0.00398335 0.00433075 0.0047435 0.00521103 0.00572687 0.00635722 0.00708106 0.00791793 0.0089215 0.0100846 0.0114616 0.0130662 0.0149007 0.0170133 0.0193756 0.0219758 0.0247679 0.027679 0.0306589 0.0335373 0.0361719 0.0384246 0.0401112 0.0410583 0.0410359 0.0399367 0.0376657 0.0341209 0.0292791 0.0231535 0.0159289 0.00776936 -0.00110246 -0.0104087 -0.0198282 -0.0289467 -0.037451 -0.0449929 -0.0513307 -0.0562229 -0.0595192 -0.0611819 -0.0612208 -0.0597918 -0.0570336 -0.0532337 -0.0486405 -0.043583 -0.0383172 -0.0330785 -0.0280574 -0.0233768 -0.0191748 -0.0154821 -0.0123702 -0.00977775 -0.00770637 -0.00604637 -0.00477095 -0.0037797 -0.00304618 -0.00249992 -0.00211445 -0.00184683 -0.00166645 -0.00155509 -0.00147925 -0.00144303 -0.00141148 -0.00140601 -0.00138967 -0.0013952 -0.00138294 -0.00139217 -0.00138065 -0.00139122 -0.00137975 -0.00139089 -0.00137948 -0.00139085 -0.00137965 -0.00139097 -0.00138004 -0.00139073 -0.00137965 -0.00138798 -0.00137437 -0.00137478 -0.00135006 -0.00132669 -0.00126706 -0.00118239 -0.0010358 -0.000817922 -0.000493728 -3.03598e-05 0.000603215 0.00146634 0.00258894 0.00406202 0.00591786 0.00826743 0.011123 0.0145642 0.0185384 0.0230433 0.0279545 0.0331827 0.0385508 0.0438644 0.0488778 0.0532851 0.0568228 0.059186 0.0602004 0.0596596 0.0575075 0.0537062 0.0483615 0.0416473 0.0337731 0.0250333 0.0157051 0.00619369 -0.00317405 -0.0120705 -0.020262 -0.0275388 -0.0336727 -0.0385735 -0.0421859 -0.044582 -0.0457998 -0.0459148 -0.0451028 -0.0435238 -0.0413825 -0.0388053 -0.0359593 -0.0330231 -0.0300871 -0.0272656 -0.0246056 -0.0221632 -0.0199816 -0.0180337 -0.0163425 -0.0148769 -0.0136143 -0.0125633 -0.0116521 -0.0108795 -0.010243 -0.00968621 -0.0092135 -0.00879834 -0.00844039 -0.0081434 -0.00785269 -0.00761076 -0.00741211 -0.00720531 -0.00705376 -0.0069099 -0.0067332 -0.00662236 -0.00652613 -0.00640413 -0.00632879 -0.00624606 -0.00615434 -0.00612175 -0.00607457 -0.00600171 -0.00597201 -0.00593899 -0.00589752 -0.00590435 
0 0.000152801 0.000274655 0.00041982 0.000585415 0.000717441 0.000855287 0.00103269 0.00119296 0.00133122 0.00149772 0.00168501 0.00186178 0.00204241 0.00225651 0.00247442 0.00267669 0.00291724 0.00317965 0.0034381 0.00375353 0.00409552 0.00444515 0.00487424 0.00535365 0.00587299 0.00648893 0.0072148 0.00806287 0.00903979 0.0102023 0.0115866 0.0131633 0.0149856 0.0170804 0.0194269 0.0220106 0.024795 0.0277499 0.0307727 0.0337491 0.0365591 0.0390383 0.0410338 0.0423595 0.042848 0.0423378 0.0407104 0.0379003 0.033843 0.0285409 0.0220541 0.0145459 0.00619907 -0.00278461 -0.0121487 -0.0215831 -0.0307184 -0.0392436 -0.0468635 -0.0533408 -0.0584393 -0.0619882 -0.0639088 -0.0642128 -0.0630176 -0.0604697 -0.0568065 -0.0522703 -0.0471683 -0.0417654 -0.0363204 -0.0310285 -0.026051 -0.0215155 -0.017498 -0.0140575 -0.0111764 -0.00884055 -0.00696588 -0.00550739 -0.0043712 -0.0035205 -0.00287946 -0.00242418 -0.00209715 -0.00188107 -0.00173478 -0.00164579 -0.00158935 -0.00155718 -0.00153867 -0.00152743 -0.00152277 -0.00151778 -0.00151784 -0.00151431 -0.00151611 -0.00151288 -0.00151547 -0.00151245 -0.00151542 -0.00151273 -0.00151572 -0.00151336 -0.00151565 -0.00151289 -0.00151224 -0.00150554 -0.00149483 -0.00147259 -0.00143213 -0.00136435 -0.00124947 -0.00107442 -0.000803443 -0.000418908 0.000131211 0.000869968 0.00186749 0.00315838 0.00483386 0.00694059 0.00957154 0.012753 0.0165252 0.0208474 0.0256706 0.0308837 0.0363543 0.0419062 0.0473094 0.0523108 0.0566095 0.0599515 0.0620781 0.0628138 0.061994 0.0595554 0.0555085 0.0499768 0.0431522 0.0352428 0.0265028 0.0172055 0.00770338 -0.00168516 -0.0106718 -0.0190377 -0.0265738 -0.0330831 -0.0384435 -0.0425902 -0.0455382 -0.0473063 -0.0479734 -0.0476514 -0.0464818 -0.0446329 -0.0422623 -0.0395452 -0.0366068 -0.0335896 -0.0306238 -0.0277849 -0.0251281 -0.0226828 -0.0205125 -0.018602 -0.0169076 -0.0154544 -0.0142195 -0.0131637 -0.0122458 -0.0114684 -0.0108339 -0.0102625 -0.0097707 -0.00937764 -0.00901379 -0.00869729 -0.00843359 -0.00818044 -0.00795264 -0.00776099 -0.00759324 -0.00742772 -0.00727907 -0.00717708 -0.00706352 -0.00693688 -0.00687139 -0.00680356 -0.00669295 -0.0066368 -0.00661402 -0.00655496 -0.00652404 -0.00651975 -0.00647069 
0 0.000158874 0.000310641 0.000473269 0.000632001 0.000783532 0.000956335 0.00112486 0.00128733 0.00148637 0.00167382 0.00183626 0.00204241 0.00226744 0.002485 0.00271248 0.00295053 0.00323452 0.00352905 0.0038152 0.00417127 0.00455212 0.00495378 0.00544908 0.00599011 0.00660423 0.00733585 0.00818007 0.00917496 0.0103102 0.0116586 0.0132512 0.0150325 0.0170907 0.0194286 0.0220018 0.0247893 0.0277321 0.0308112 0.0338677 0.0367662 0.039417 0.0416355 0.0432716 0.0441244 0.0440751 0.0430175 0.0408232 0.0374659 0.0329059 0.0272066 0.0204441 0.0127543 0.00433303 -0.00464671 -0.0139228 -0.0232377 -0.0322615 -0.0407084 -0.0483269 -0.0548711 -0.060136 -0.06391 -0.0661092 -0.0667104 -0.0658103 -0.0635421 -0.0600929 -0.0557011 -0.050625 -0.0451614 -0.039555 -0.0340454 -0.0287946 -0.0239557 -0.0196197 -0.0158553 -0.0126771 -0.0100622 -0.00796135 -0.00629897 -0.00501243 -0.00402464 -0.00329021 -0.00274706 -0.00236625 -0.00209842 -0.0019254 -0.0018098 -0.00174276 -0.00169909 -0.0016774 -0.00166238 -0.0016568 -0.00165156 -0.00165069 -0.0016485 -0.00164878 -0.00164758 -0.00164815 -0.00164732 -0.00164807 -0.00164733 -0.00164818 -0.00164707 -0.00164743 -0.00164441 -0.00164167 -0.00163152 -0.00161673 -0.00158417 -0.00153309 -0.00144127 -0.00130115 -0.00107859 -0.000757236 -0.000290847 0.000346619 0.00121395 0.0023519 0.00383562 0.00572512 0.00810217 0.0110232 0.0145308 0.0186271 0.0232689 0.0283836 0.0338434 0.0395075 0.0451607 0.0505776 0.0554674 0.0595712 0.0626313 0.0644478 0.0648536 0.0637186 0.0610061 0.0567444 0.0510981 0.0442387 0.0363941 0.027776 0.0186479 0.00930956 2.69477e-05 -0.00892654 -0.0173633 -0.0250593 -0.0318647 -0.0376491 -0.0423132 -0.0458308 -0.0481757 -0.0494444 -0.0496911 -0.0490135 -0.0475592 -0.0454831 -0.042986 -0.0401485 -0.0371301 -0.034094 -0.0311208 -0.028291 -0.0256199 -0.0232109 -0.0210705 -0.0191368 -0.0174652 -0.0160244 -0.0147901 -0.0137314 -0.0128138 -0.012067 -0.0114089 -0.0108326 -0.0103719 -0.00994161 -0.00956658 -0.00926246 -0.00898011 -0.00873143 -0.00849701 -0.00830178 -0.00815591 -0.0079832 -0.00782109 -0.00771034 -0.00759772 -0.00749232 -0.00740916 -0.00732991 -0.00726276 -0.00720601 -0.00715561 -0.00711664 -0.00708685 -0.00706659 
0 0.00016859 0.000347457 0.000516644 0.000681626 0.000862658 0.00105365 0.00123545 0.00141111 0.00160916 0.00182393 0.00203409 0.00225651 0.002485 0.00271067 0.00297449 0.00326918 0.00355665 0.003872 0.00423613 0.0046188 0.00504311 0.00553241 0.00607346 0.00670127 0.00743163 0.00826943 0.00926145 0.0104043 0.011732 0.0132968 0.0150795 0.0171123 0.0194083 0.0219624 0.0247516 0.0276871 0.0307595 0.0338746 0.036868 0.0396285 0.0420079 0.0438877 0.0450601 0.0453655 0.0447406 0.0430725 0.0403121 0.0363935 0.0313721 0.0253381 0.0183639 0.0106034 0.00218592 -0.00665607 -0.0157306 -0.0247953 -0.0335883 -0.0418753 -0.0493907 -0.0559503 -0.0613049 -0.0652917 -0.0677638 -0.0686974 -0.0681481 -0.0662129 -0.0630681 -0.058883 -0.0539357 -0.0484685 -0.0427836 -0.0370964 -0.0316233 -0.0265079 -0.0218718 -0.0177971 -0.0143093 -0.0114181 -0.0090598 -0.00719507 -0.00572339 -0.00460391 -0.00374455 -0.00312121 -0.00265991 -0.00234796 -0.00212715 -0.00199162 -0.00189891 -0.00184901 -0.00181448 -0.0017992 -0.0017872 -0.0017834 -0.00177914 -0.00177841 -0.00177676 -0.0017767 -0.00177603 -0.0017762 -0.00177589 -0.00177632 -0.00177583 -0.00177626 -0.00177435 -0.00177308 -0.00176577 -0.00175628 -0.00173163 -0.00169494 -0.00162283 -0.00151492 -0.00133353 -0.00107273 -0.000679129 -0.000140739 0.000611594 0.0015994 0.0029107 0.00458354 0.00672084 0.0093656 0.0125978 0.0164204 0.0208346 0.0257726 0.0311419 0.0368133 0.0426011 0.0483044 0.0536383 0.0583576 0.0621722 0.0648984 0.0663343 0.0663676 0.0648949 0.0619031 0.0574774 0.051751 0.0449432 0.0372202 0.0288317 0.0199811 0.010927 0.00188642 -0.00693669 -0.0153109 -0.0230838 -0.0300782 -0.0362158 -0.0413595 -0.0454176 -0.0483798 -0.0502623 -0.0511497 -0.0510496 -0.0500889 -0.0484322 -0.0462215 -0.0436027 -0.0406733 -0.0376293 -0.0345834 -0.0315948 -0.0287593 -0.0261174 -0.0237299 -0.0215854 -0.0196743 -0.0180249 -0.0165887 -0.0153571 -0.014309 -0.0134004 -0.0126388 -0.0119835 -0.0114085 -0.010929 -0.0105084 -0.0101279 -0.00980826 -0.00953983 -0.0092927 -0.00905797 -0.00885388 -0.00868557 -0.00852756 -0.00838233 -0.00826166 -0.00813607 -0.0080306 -0.00797913 -0.00790377 -0.00780798 -0.00777167 -0.00772704 -0.00766505 -0.00767556 
0 0.00018326 0.000363333 0.000557452 0.000757214 0.000950162 0.00114116 0.00133783 0.00155472 0.00177128 0.00197182 0.0022091 0.00247442 0.00271248 0.00297449 0.00328669 0.00358504 0.00388983 0.00426223 0.00467068 0.00509439 0.00559021 0.00616208 0.00678445 0.00750745 0.00835727 0.00933094 0.010461 0.0117831 0.0133318 0.0151004 0.0171095 0.0193974 0.0219239 0.024682 0.0276293 0.030693 0.033821 0.0368722 0.0397304 0.0422474 0.0442808 0.0457099 0.0463304 0.0460514 0.0447935 0.0425083 0.0391629 0.0347203 0.0293035 0.0229908 0.0159047 0.00814379 -0.000150936 -0.00875598 -0.0175219 -0.0262255 -0.0347124 -0.0427406 -0.0501027 -0.0565976 -0.0620034 -0.0661705 -0.0689142 -0.070214 -0.0700426 -0.0685093 -0.0657108 -0.0618207 -0.0570614 -0.0516763 -0.0459705 -0.0401624 -0.0345117 -0.0291452 -0.0242413 -0.0198534 -0.0160725 -0.0128801 -0.0102692 -0.00816962 -0.00651448 -0.00523516 -0.00425278 -0.00352862 -0.00298765 -0.00261808 -0.00234831 -0.00218596 -0.00206459 -0.00200739 -0.00195535 -0.00194316 -0.00191848 -0.00192243 -0.00190707 -0.00191595 -0.00190354 -0.00191381 -0.00190243 -0.00191319 -0.00190223 -0.00191323 -0.00190215 -0.00191279 -0.00190013 -0.00190776 -0.00188854 -0.00188427 -0.0018437 -0.00180342 -0.00170549 -0.00157652 -0.00135048 -0.00103997 -0.000572498 5.65499e-05 0.000924156 0.00205918 0.00354447 0.00543962 0.00782317 0.0107651 0.0142954 0.0184434 0.0231452 0.0283627 0.0339416 0.0397766 0.0456278 0.0512997 0.0564842 0.0609412 0.0644172 0.0667318 0.0677544 0.067363 0.0655439 0.0622807 0.0577219 0.0519802 0.0452694 0.0377587 0.0296616 0.0211966 0.0125196 0.00383072 -0.00474156 -0.012965 -0.0207002 -0.0278158 -0.0342054 -0.0397667 -0.0443385 -0.0479047 -0.0504379 -0.0519735 -0.0525289 -0.0521536 -0.051008 -0.049192 -0.0468629 -0.0441451 -0.0411755 -0.0381098 -0.0350309 -0.0320571 -0.0292336 -0.0266057 -0.0242404 -0.0221173 -0.0202319 -0.0185815 -0.017161 -0.0159413 -0.01487 -0.0139684 -0.0132144 -0.0125413 -0.0119709 -0.0115069 -0.0110831 -0.0106907 -0.0103753 -0.0101051 -0.00983238 -0.00959928 -0.00941713 -0.00923943 -0.00907289 -0.00894219 -0.00883025 -0.00871072 -0.00859444 -0.00851336 -0.00845572 -0.00839856 -0.00835769 -0.00832588 -0.00828078 
0 0.000203144 0.000407616 0.000614939 0.000811852 0.00102206 0.00124542 0.00145272 0.00168406 0.00193629 0.00216706 0.00241367 0.00267669 0.00295053 0.00326918 0.00358504 0.00390325 0.0042888 0.00470651 0.00514338 0.00563175 0.00619309 0.00684537 0.00756518 0.0083991 0.00940153 0.01053 0.0118296 0.0133675 0.0151235 0.0171058 0.0193478 0.0218628 0.0246082 0.0275266 0.0306009 0.0337526 0.0368454 0.0397663 0.0423914 0.0445759 0.0461713 0.0470311 0.0470466 0.046125 0.0442145 0.0413058 0.0373826 0.0324981 0.0267474 0.0202552 0.0131337 0.00546508 -0.00259131 -0.0108805 -0.0192316 -0.0275213 -0.0356186 -0.0433331 -0.0504857 -0.0568564 -0.0622894 -0.0665917 -0.0696255 -0.0712859 -0.0715385 -0.0704334 -0.0680332 -0.0644977 -0.0599839 -0.0547639 -0.0490824 -0.0432288 -0.0374216 -0.0318591 -0.0266912 -0.0220215 -0.0179387 -0.0144502 -0.0115715 -0.00922431 -0.00737573 -0.00591662 -0.00481166 -0.00396408 -0.00335255 -0.0029012 -0.00259734 -0.00238367 -0.00225229 -0.00216412 -0.00211543 -0.00208384 -0.00206809 -0.00205835 -0.00205332 -0.0020511 -0.00204884 -0.00204913 -0.00204747 -0.0020486 -0.00204716 -0.00204826 -0.00204679 -0.0020465 -0.00204341 -0.00203776 -0.00202681 -0.00200407 -0.00196683 -0.00189736 -0.00179064 -0.00161316 -0.00135586 -0.000967299 -0.000434117 0.000313538 0.00129608 0.00260485 0.00427377 0.00641236 0.00905766 0.0123012 0.0161395 0.0205895 0.0255752 0.0310204 0.0367873 0.0427077 0.0485752 0.0541199 0.059091 0.0632054 0.0662842 0.0681421 0.0686997 0.0678742 0.0656802 0.062183 0.0575054 0.0518141 0.0452515 0.0380223 0.0302966 0.0222741 0.0140733 0.00580567 -0.00239522 -0.0103835 -0.0179959 -0.0251465 -0.0317194 -0.0375974 -0.0426514 -0.0467869 -0.0499704 -0.0521651 -0.0533884 -0.0536814 -0.0531119 -0.0517882 -0.0498415 -0.0474253 -0.0446572 -0.0416502 -0.0385642 -0.0355118 -0.0325431 -0.0297212 -0.027118 -0.0247729 -0.022654 -0.0207618 -0.0191415 -0.0177335 -0.0164958 -0.0154511 -0.0145635 -0.0137949 -0.0131195 -0.012546 -0.0120774 -0.0116411 -0.0112489 -0.0109357 -0.010655 -0.0104097 -0.0101846 -0.00996439 -0.00979802 -0.00964925 -0.00949606 -0.00938368 -0.00927877 -0.00918084 -0.00911502 -0.00903926 -0.00897917 -0.00895379 -0.00891522 
0 0.00023498 0.000436732 0.000661154 0.000889973 0.00109853 0.00134342 0.00160503 0.00183105 0.00207083 0.00235645 0.00263775 0.00291724 0.00323452 0.00355665 0.00388983 0.0042888 0.00471468 0.00515652 0.00566443 0.00623453 0.0068827 0.00761769 0.00844767 0.00943385 0.0105707 0.0118676 0.013382 0.0151227 0.0171064 0.0193255 0.0217979 0.0245373 0.0274493 0.0304971 0.0336459 0.0367771 0.0397561 0.0424432 0.0447461 0.0465132 0.0475674 0.0478144 0.0471748 0.0455975 0.0430379 0.0395059 0.0350671 0.0297921 0.0237955 0.0171941 0.0101029 0.00262697 -0.00511796 -0.0129898 -0.0208739 -0.0286832 -0.0363285 -0.0436748 -0.050544 -0.0567604 -0.0621622 -0.0665905 -0.0698904 -0.0719245 -0.0726228 -0.0719722 -0.0700272 -0.0668858 -0.0627047 -0.0577027 -0.0521352 -0.0462813 -0.0403806 -0.0346524 -0.0292523 -0.0243202 -0.0199368 -0.0161603 -0.0129897 -0.0103966 -0.00831903 -0.00668367 -0.00542053 -0.00445715 -0.00374346 -0.00321981 -0.00285517 -0.00259982 -0.00243725 -0.00232719 -0.00226609 -0.00222317 -0.00220513 -0.00218838 -0.00218577 -0.00217777 -0.00217997 -0.00217462 -0.00217825 -0.00217373 -0.00217778 -0.00217333 -0.00217697 -0.00217117 -0.00217181 -0.00215986 -0.00214894 -0.00211646 -0.00207071 -0.00198235 -0.00185036 -0.00163595 -0.00132586 -0.000871631 -0.000246375 0.000608173 0.00173666 0.00321074 0.0050967 0.00747282 0.010406 0.0139403 0.0180915 0.0228222 0.0280688 0.0337116 0.0396145 0.0455783 0.0513809 0.0567484 0.0614202 0.0651564 0.0677783 0.0691607 0.0692258 0.0679583 0.0654024 0.061677 0.0569253 0.0512993 0.044947 0.0380334 0.0307353 0.0231962 0.0155091 0.00774085 -2.28263e-05 -0.00766535 -0.0150824 -0.022172 -0.0288285 -0.0349334 -0.0403678 -0.0450363 -0.0488284 -0.0516856 -0.0535995 -0.0545929 -0.0546957 -0.0539457 -0.052489 -0.0504659 -0.0479812 -0.0451527 -0.0421198 -0.0390462 -0.035989 -0.0330119 -0.0302205 -0.0276441 -0.0253051 -0.0231976 -0.021334 -0.0197241 -0.0183076 -0.0170829 -0.0160388 -0.0151388 -0.014376 -0.0136985 -0.013116 -0.0126486 -0.0122209 -0.0118314 -0.0115119 -0.0112251 -0.0109651 -0.0107518 -0.0105591 -0.010362 -0.0101994 -0.0100896 -0.00997832 -0.00986546 -0.00978159 -0.00970118 -0.00963343 -0.00959657 -0.00956871 
