0 0 0 0 0 0 0 0 0 0 0 0 0 0 0 0 0 0 0 0 0 0 0 0 0 0 0 0 0 0 0 0 0 0 0 0 0 0 0 0 0 0 0 0 0 0 0 0 0 0 0 0 0 0 0 0 0 0 0 0 0 0 0 0 0 0 0 0 0 0 0 0 0 0 0 0 0 0 0 0 0 0 0 0 0 0 0 0 0 0 0 0 0 0 0 0 0 0 0 0 0 0 0 0 0 0 0 0 0 0 0 0 0 0 0 0 0 0 0 0 0 0 0 0 0 0 0 0 0 0 0 0 0 0 0 0 0 0 0 0 0 0 0 0 0 0 0 0 0 0 0 0 0 0 0 0 0 0 0 0 0 0 0 0 0 0 0 0 0 0 0 0 0 0 0 0 0 0 0 0 0 0 0 0 0 0 0 0 0 0 0 0 0 0 0 0 0 0 0 0 
0 9.64781e-06 8.66907e-06 2.19038e-05 1.7199e-05 1.35668e-05 2.74409e-05 2.35016e-05 4.20873e-05 5.44151e-05 3.40865e-05 5.78278e-05 6.1555e-05 4.09516e-05 8.10386e-05 8.14079e-05 5.4045e-05 8.16488e-05 9.94553e-05 0.00010671 0.000101599 9.84872e-05 0.000122866 0.000117586 0.00012649 0.000139889 0.000131955 0.000164538 0.000169244 0.000165688 0.000193682 0.000195241 0.00020394 0.000212943 0.000229054 0.000244308 0.000243756 0.000278211 0.000294309 0.000302673 0.000333567 0.000358106 0.000382486 0.000397685 0.000437824 0.000476343 0.0004994 0.00054731 0.000606616 0.000673178 0.000738393 0.000835088 0.000966052 0.00110536 0.00127385 0.00148824 0.00175667 0.00205399 0.00238113 0.00275715 0.00316303 0.00356466 0.00392237 0.00422588 0.00444581 0.0045252 0.00441848 0.0040982 0.00357811 0.00284961 0.00192549 0.000827248 -0.000374615 -0.00160023 -0.0027815 -0.00385847 -0.0047917 -0.00551791 -0.00601119 -0.00624038 -0.00624062 -0.00603247 -0.0056764 -0.00519465 -0.00463701 -0.00402669 -0.00341292 -0.00282367 -0.0022929 -0.00183214 -0.00144582 -0.00112941 -0.000871215 -0.000666778 -0.000502072 -0.000378201 -0.000280296 -0.00021219 -0.000156899 -0.000119069 -8.02974e-05 -4.55802e-05 3.74336e-06 6.27716e-05 0.000149251 0.000258687 0.000406902 0.000591273 0.000826799 0.00111621 0.00147408 0.00190593 0.00241462 0.00299257 0.00361384 0.00425127 0.00485843 0.00540923 0.00585582 0.00617537 0.00630736 0.00622357 0.00587459 0.00527602 0.00443995 0.00342662 0.00226958 0.00102703 -0.00024269 -0.00145425 -0.00252722 -0.0034191 -0.00410694 -0.00459306 -0.00485494 -0.00490682 -0.00478047 -0.00453871 -0.00421623 -0.00382841 -0.00340955 -0.00300022 -0.00263487 -0.00229865 -0.0019902 -0.00173028 -0.00152481 -0.00135868 -0.00120237 -0.00108128 -0.000994829 -0.00091908 -0.000845657 -0.000782319 -0.000750405 -0.000704798 -0.000659334 -0.000632109 -0.000609177 -0.000585443 -0.000549831 -0.000545982 -0.000530674 -0.000501887 -0.000497737 -0.000482733 -0.000470807 -0.000448249 -0.000442603 -0.000438402 -0.000405537 -0.000413579 -0.000406929 -0.000389156 -0.000395782 -0.000378532 -0.000380635 -0.000380721 -0.000364924 -0.000354028 -0.000338347 -0.000364606 -0.000356502 -0.000314297 -0.000343762 -0.000348003 -0.00032714 -0.000341568 -0.000323819 -0.000314533 -0.000320841 -0.000310621 -0.000328661 -0.000325042 -0.000306554 -0.000324642 -0.000309642 -0.00029691 -0.00032341 -0.000308741 
0 8.66907e-06 4.32942e-06 2.74927e-05 3.92427e-05 4.22465e-05 7.05097e-05 6.70118e-05 5.71155e-05 8.50932e-05 9.18451e-05 9.34394e-05 0.000121759 0.000129337 0.000122408 0.000142337 0.000170555 0.00017315 0.000169775 0.00017669 0.000197763 0.000232988 0.000229772 0.000233151 0.000278198 0.000278379 0.000286211 0.000316059 0.00031955 0.000341309 0.000359915 0.000390444 0.000409661 0.000424162 0.000480684 0.000486359 0.000512361 0.000562129 0.000580841 0.000619565 0.00064669 0.000713442 0.000750193 0.000787821 0.000880167 0.000937057 0.00102123 0.0011001 0.00123155 0.00136501 0.0014928 0.00170513 0.00193575 0.00223863 0.0025592 0.00299733 0.00352493 0.00410917 0.00478246 0.00550777 0.00633275 0.00710234 0.00783101 0.00841623 0.00884458 0.00899134 0.00875915 0.00813541 0.0070733 0.00564225 0.00377825 0.00162406 -0.000775195 -0.00318875 -0.00554325 -0.00767665 -0.0095259 -0.0109726 -0.0119421 -0.0124203 -0.0124115 -0.0120296 -0.0113052 -0.0103777 -0.00924814 -0.00806438 -0.00682333 -0.00567724 -0.00459902 -0.00370046 -0.00290849 -0.00229178 -0.00175772 -0.00136174 -0.0010179 -0.000780758 -0.000572833 -0.000445189 -0.000323806 -0.000255482 -0.000167718 -0.000105396 3.62574e-06 0.000113771 0.000297983 0.00050726 0.000816839 0.00117405 0.00166146 0.00222635 0.00296102 0.00380515 0.0048398 0.00596659 0.00722305 0.00846271 0.00969217 0.0107589 0.0116674 0.0122718 0.0125481 0.0123563 0.0116789 0.0104836 0.00883725 0.00682925 0.00453229 0.00208284 -0.000442584 -0.00281949 -0.00497266 -0.00672645 -0.00812595 -0.00907731 -0.0096268 -0.00973849 -0.0095137 -0.00905406 -0.00841052 -0.00767043 -0.00682788 -0.00604507 -0.00529181 -0.00463515 -0.00401303 -0.00348981 -0.00307969 -0.00271722 -0.00242777 -0.00215764 -0.00199431 -0.00182842 -0.00168474 -0.00157543 -0.00148552 -0.00142556 -0.00132188 -0.00128157 -0.00123295 -0.00117319 -0.00112834 -0.00108187 -0.00106564 -0.00100134 -0.000977454 -0.00096555 -0.000918124 -0.000905593 -0.000883507 -0.000871156 -0.00084502 -0.000826022 -0.000825861 -0.000781696 -0.000776973 -0.000778243 -0.000737097 -0.000729092 -0.000732053 -0.000729566 -0.000717029 -0.000691234 -0.00068936 -0.000697405 -0.000685657 -0.000658076 -0.000651836 -0.000662428 -0.000650017 -0.00065135 -0.000663164 -0.000639002 -0.000625075 -0.000634677 -0.000626765 -0.000622637 -0.000634767 -0.000632791 -0.000620753 -0.000622397 
0 2.19038e-05 2.74927e-05 4.25652e-05 5.38251e-05 6.11974e-05 8.14991e-05 9.42883e-05 0.000109683 0.000131218 0.00013777 0.000152067 0.00017109 0.000180279 0.000200922 0.000219001 0.000227703 0.000248542 0.000274176 0.000291757 0.000305637 0.000327221 0.00034563 0.000362642 0.000393597 0.000411838 0.000432228 0.000471041 0.000494385 0.000518874 0.000554336 0.000587091 0.000614524 0.000647186 0.000696307 0.000728959 0.000768064 0.000829663 0.000878303 0.000929759 0.000993397 0.00107104 0.00113838 0.00121032 0.00131734 0.00142026 0.00153107 0.00166806 0.00184615 0.00204559 0.00226852 0.00257035 0.00294014 0.00338151 0.00390277 0.00455542 0.00534167 0.0062288 0.00722624 0.00832557 0.00950457 0.0106527 0.011697 0.0125561 0.0131404 0.0133138 0.0129456 0.011985 0.0104077 0.00823922 0.00549239 0.00228278 -0.00122915 -0.00481213 -0.00827494 -0.011441 -0.0141617 -0.0162968 -0.0177349 -0.0184471 -0.0184646 -0.0179003 -0.0168573 -0.0154675 -0.0138213 -0.0120465 -0.0102358 -0.00851036 -0.00693179 -0.0055627 -0.00439945 -0.00344589 -0.00266464 -0.00204351 -0.00154701 -0.0011665 -0.000872703 -0.000657337 -0.000491877 -0.000365775 -0.000250005 -0.000132918 1.45536e-05 0.000203584 0.000462721 0.000801061 0.00124706 0.0018094 0.0025219 0.00339809 0.00447812 0.00576794 0.00728436 0.00898261 0.0108157 0.0126727 0.0144637 0.0160604 0.0173726 0.0182676 0.018637 0.0183448 0.0173251 0.0155613 0.0131332 0.0101569 0.00677221 0.00313802 -0.000561226 -0.00409061 -0.00725514 -0.00989677 -0.0119665 -0.0134129 -0.014236 -0.014448 -0.0141589 -0.0134978 -0.0125746 -0.0114728 -0.0102713 -0.00909283 -0.00798827 -0.00698657 -0.00607501 -0.00529667 -0.00465862 -0.00412511 -0.00367276 -0.00329599 -0.00301401 -0.00277079 -0.00255786 -0.00238283 -0.00224812 -0.002128 -0.00200347 -0.00191567 -0.00183861 -0.00175963 -0.00168655 -0.0016323 -0.001586 -0.00152255 -0.00148152 -0.00144657 -0.00139945 -0.00136067 -0.00132959 -0.00129985 -0.00126019 -0.00123746 -0.00121969 -0.00118592 -0.00116947 -0.00115421 -0.00113099 -0.0011158 -0.00109783 -0.00107683 -0.00106149 -0.00105511 -0.00103957 -0.00102034 -0.00101865 -0.00100966 -0.000998233 -0.000995836 -0.00097946 -0.000968082 -0.000966598 -0.000957767 -0.000957164 -0.000956244 -0.000947718 -0.00094538 -0.000938943 -0.000933285 -0.000936465 -0.000934658 
0 1.7199e-05 3.92427e-05 5.38251e-05 7.26266e-05 9.38213e-05 0.000101502 0.000122767 0.000156448 0.000165966 0.000179845 0.000213552 0.000223669 0.000235344 0.000278354 0.000296554 0.000297915 0.000331279 0.000365202 0.000391251 0.000411829 0.000424234 0.000467468 0.000499633 0.000512432 0.000556042 0.000585069 0.000619558 0.000663898 0.000690318 0.000742911 0.000778544 0.000821794 0.000880735 0.000915664 0.000985201 0.00103787 0.00110035 0.00118052 0.00124029 0.00134036 0.00141917 0.00152247 0.00163847 0.00175222 0.00191214 0.00205593 0.00226166 0.00248441 0.00275352 0.00308906 0.00347591 0.00399005 0.00456933 0.00530637 0.00617243 0.00720835 0.0084007 0.00971412 0.01118 0.0126744 0.0141763 0.0155009 0.0165992 0.0172904 0.0174432 0.0169163 0.0156012 0.0135143 0.0106085 0.00701712 0.00279841 -0.00175197 -0.00644346 -0.0109527 -0.0150997 -0.0186437 -0.0214275 -0.023321 -0.0242676 -0.0243409 -0.0236171 -0.0222949 -0.0204649 -0.0183422 -0.0159995 -0.0136576 -0.0113683 -0.00931264 -0.00747195 -0.00594445 -0.00464378 -0.00361671 -0.00276018 -0.00211223 -0.00157967 -0.0012007 -0.000889257 -0.000679476 -0.000487158 -0.000342673 -0.000162378 2.40629e-05 0.000300304 0.000634079 0.0011099 0.0016915 0.0024689 0.00340612 0.00460487 0.00602646 0.00776646 0.00974615 0.0120035 0.0143768 0.016828 0.0191396 0.0212437 0.0229193 0.0240802 0.0245064 0.0241054 0.0227463 0.0204496 0.0172854 0.0133967 0.00898743 0.00423627 -0.00055394 -0.00517215 -0.00929246 -0.0128078 -0.0155324 -0.0174857 -0.018597 -0.0189579 -0.018658 -0.0178455 -0.016687 -0.0152597 -0.0137489 -0.0121953 -0.0107569 -0.00940661 -0.00821663 -0.00718082 -0.00629872 -0.00558333 -0.00495594 -0.00447415 -0.00405143 -0.00372645 -0.00344394 -0.00320285 -0.00302108 -0.00283504 -0.0027055 -0.00256443 -0.00245705 -0.00236096 -0.00225829 -0.00219303 -0.00210304 -0.00204689 -0.00198254 -0.00191668 -0.00187837 -0.00181401 -0.00177778 -0.00173277 -0.00168791 -0.00166196 -0.00161567 -0.0015973 -0.00156536 -0.00152431 -0.00151766 -0.00149115 -0.00146168 -0.00143653 -0.00141422 -0.0014167 -0.00139289 -0.00135666 -0.0013568 -0.00135375 -0.00133267 -0.00131881 -0.00131122 -0.00129824 -0.00128293 -0.00128324 -0.00128552 -0.00126766 -0.00126088 -0.0012669 -0.00125081 -0.00124476 -0.0012579 -0.00124616 
0 1.35668e-05 4.22465e-05 6.11974e-05 9.38213e-05 0.000120773 0.000136951 0.000172097 0.000175801 0.000191191 0.000246268 0.000249952 0.000277226 0.000333129 0.00032043 0.000351255 0.000415547 0.000424197 0.000440745 0.000465602 0.000512494 0.000559103 0.000574585 0.000623888 0.000656259 0.00069368 0.0007525 0.000764672 0.000820462 0.000879817 0.000911066 0.00097858 0.00103464 0.00110278 0.00116179 0.00123107 0.00132362 0.00137953 0.00147478 0.00157517 0.00166935 0.00178402 0.00190683 0.0020657 0.00221058 0.00239533 0.00261926 0.0028624 0.00315596 0.0034994 0.00394078 0.00445037 0.00507516 0.00584359 0.00677098 0.00787659 0.00915364 0.0106382 0.0122827 0.0140568 0.0158718 0.0176435 0.0192385 0.0204932 0.0212469 0.0213216 0.0205882 0.0189217 0.016291 0.0127023 0.00826733 0.0031499 -0.00239418 -0.00807408 -0.0135778 -0.0186136 -0.0229288 -0.0263123 -0.0286328 -0.0298323 -0.0299657 -0.0291457 -0.0275518 -0.0253577 -0.0227606 -0.019931 -0.017054 -0.0142725 -0.0117179 -0.00945503 -0.00752472 -0.00591097 -0.00459576 -0.00353303 -0.00269464 -0.0020372 -0.0015369 -0.00115408 -0.000865053 -0.000629399 -0.000421707 -0.000200685 5.93741e-05 0.000399213 0.000843101 0.00143069 0.00218575 0.00315084 0.00435452 0.00584525 0.00764897 0.00979534 0.012264 0.015013 0.0179324 0.0208951 0.0237249 0.0262548 0.0282861 0.0296383 0.0301129 0.029564 0.0278877 0.0250878 0.0212426 0.0165235 0.0111509 0.00540122 -0.000419382 -0.00600103 -0.0110558 -0.015368 -0.0187729 -0.021208 -0.0226568 -0.0232057 -0.022955 -0.0220699 -0.0207049 -0.0190414 -0.0172272 -0.0153751 -0.0135871 -0.0119219 -0.0104487 -0.00914754 -0.00803523 -0.00709066 -0.00631955 -0.00568384 -0.00514121 -0.00470906 -0.0043483 -0.00405983 -0.00379171 -0.00357789 -0.00340609 -0.0032346 -0.00309257 -0.0029585 -0.00285956 -0.00274145 -0.00263811 -0.00257008 -0.00247525 -0.00240542 -0.00233693 -0.00228431 -0.00222612 -0.002161 -0.00214085 -0.00207772 -0.00202809 -0.00200443 -0.00195103 -0.00192623 -0.00188399 -0.00184649 -0.00183458 -0.00181216 -0.00179657 -0.0017427 -0.00172744 -0.00175126 -0.00169309 -0.00166597 -0.00167371 -0.0016376 -0.00164052 -0.00164183 -0.00161726 -0.00161319 -0.00158934 -0.00158069 -0.00158823 -0.00156722 -0.00157557 -0.00158194 -0.00155425 -0.00156378 
0 2.74409e-05 7.05097e-05 8.14991e-05 0.000101502 0.000136951 0.00015326 0.000193276 0.000230706 0.000247893 0.000288746 0.000310557 0.000328853 0.000378146 0.000403225 0.000432377 0.000474454 0.00049825 0.000545504 0.000593748 0.00062065 0.00065304 0.000695947 0.000748141 0.000781688 0.000830064 0.000896398 0.000932944 0.000997099 0.00106716 0.00111078 0.00117922 0.00125296 0.00132271 0.00139058 0.00148127 0.00158503 0.00166409 0.00177859 0.00190973 0.00202782 0.00216222 0.00232376 0.00250923 0.00268649 0.0029082 0.00318564 0.00348751 0.00384074 0.00427798 0.00482862 0.00546716 0.00623662 0.00719132 0.00833901 0.00967778 0.0112137 0.0129822 0.0149347 0.0169963 0.0190754 0.0210794 0.0228607 0.0242134 0.024947 0.0248869 0.023898 0.0218478 0.0186796 0.0144219 0.00921317 0.00326228 -0.00316256 -0.00974124 -0.0161264 -0.0219686 -0.0269721 -0.0309034 -0.0336235 -0.0350738 -0.0352976 -0.0344119 -0.0326027 -0.030081 -0.027072 -0.0237895 -0.0204349 -0.017181 -0.0141652 -0.0114774 -0.00916046 -0.0072165 -0.00561979 -0.00433151 -0.00330792 -0.00250784 -0.00189085 -0.0014195 -0.00105466 -0.000758388 -0.00049017 -0.00021102 0.000119831 0.000540678 0.001091 0.00180825 0.00273261 0.00390502 0.00537052 0.0071723 0.00934613 0.0119058 0.0148306 0.0180543 0.0214629 0.0249015 0.0281818 0.0310953 0.0334154 0.0349178 0.0353917 0.0346799 0.0326895 0.0294227 0.0249619 0.0194891 0.0132603 0.00660654 -0.00012321 -0.00658664 -0.0124835 -0.0175568 -0.021609 -0.0245416 -0.0263546 -0.0271399 -0.027007 -0.0261084 -0.024621 -0.0227646 -0.0207127 -0.0185871 -0.0164909 -0.0145253 -0.0127706 -0.0112159 -0.00985871 -0.00870108 -0.00775675 -0.00697255 -0.00629964 -0.00575057 -0.00530898 -0.0049431 -0.00460619 -0.00433378 -0.00411692 -0.00390881 -0.00372113 -0.00356461 -0.0034416 -0.00330259 -0.00318211 -0.00309766 -0.00299691 -0.00290304 -0.00282379 -0.00275788 -0.00267768 -0.00260277 -0.00256115 -0.00249252 -0.00243732 -0.00240544 -0.00235182 -0.00231139 -0.002281 -0.00224803 -0.00220146 -0.00216197 -0.00214958 -0.00211264 -0.0020828 -0.00206819 -0.00203288 -0.00202817 -0.00201935 -0.00198345 -0.00197385 -0.00195274 -0.00192995 -0.00193412 -0.00192097 -0.0019124 -0.00191219 -0.00189127 -0.00188513 -0.00188445 -0.00187228 -0.00187959 
0 2.35016e-05 6.70118e-05 9.42883e-05 0.000122767 0.000172097 0.000193276 0.000212981 0.000268847 0.000294409 0.000314572 0.000375736 0.000400574 0.000421772 0.00048698 0.000517627 0.000543273 0.000592204 0.000631308 0.00068922 0.000725149 0.000757307 0.000833542 0.000875684 0.000919826 0.000987923 0.00103542 0.00110335 0.0011647 0.00123247 0.00131166 0.0013747 0.00147469 0.00155591 0.00163754 0.00175681 0.00185292 0.00196848 0.00209227 0.00223518 0.00238785 0.0025348 0.00274226 0.00294876 0.00317591 0.00345259 0.00377634 0.00416002 0.0045814 0.00512926 0.00578742 0.00656291 0.00749951 0.0086347 0.0100099 0.0115737 0.0133778 0.0154123 0.0176419 0.0199596 0.0222548 0.0244433 0.0263273 0.0277119 0.0283507 0.0281039 0.0268097 0.0243487 0.0206507 0.0157574 0.00984956 0.00314436 -0.00404833 -0.0114217 -0.018567 -0.0251222 -0.0307287 -0.0351594 -0.0382527 -0.0399583 -0.0403013 -0.0393931 -0.0374289 -0.0346349 -0.0312807 -0.0275948 -0.0238203 -0.0201254 -0.0166843 -0.013578 -0.0108878 -0.00860229 -0.0067261 -0.00519573 -0.00398703 -0.0030281 -0.00229447 -0.00171861 -0.00127741 -0.000904279 -0.000574558 -0.000220993 0.000181397 0.000699272 0.00135624 0.00221932 0.00331328 0.00471005 0.00643695 0.00856379 0.0110986 0.0140706 0.0174208 0.0210932 0.0249363 0.0288036 0.0324662 0.0357065 0.0382485 0.039852 0.0402844 0.0393952 0.0371033 0.0334093 0.0284098 0.0222774 0.0153193 0.00787948 0.000371557 -0.00687364 -0.0135125 -0.0192895 -0.0239546 -0.027398 -0.0296141 -0.0306896 -0.0307506 -0.0299163 -0.0284081 -0.0264287 -0.0242091 -0.0218538 -0.0194985 -0.0172591 -0.015222 -0.0134148 -0.0117995 -0.0104299 -0.00927778 -0.00832896 -0.00751437 -0.00683661 -0.0063043 -0.00584121 -0.005454 -0.0051148 -0.00485117 -0.0046105 -0.00437946 -0.0042062 -0.00403509 -0.00388599 -0.00373973 -0.00361933 -0.00351614 -0.00339016 -0.00330891 -0.00322058 -0.00313137 -0.00306524 -0.00298734 -0.00293132 -0.00286314 -0.00280826 -0.00276479 -0.00269242 -0.00266251 -0.00262722 -0.00256848 -0.00253916 -0.00250223 -0.0024816 -0.00245318 -0.00239907 -0.00239306 -0.00237728 -0.00233233 -0.00232338 -0.00230812 -0.00228161 -0.00227304 -0.00226028 -0.00224721 -0.00223176 -0.00221883 -0.00221982 -0.00220684 -0.00219752 -0.00220553 -0.00219269 
0 4.20873e-05 5.71155e-05 0.000109683 0.000156448 0.000175801 0.000230706 0.000268847 0.00028283 0.00033702 0.000379004 0.000407607 0.000466701 0.000509139 0.000536925 0.000581839 0.00063945 0.000696794 0.000726352 0.000760417 0.000832852 0.000900396 0.000943407 0.00099631 0.00106993 0.00113261 0.00119484 0.00126821 0.00133721 0.00141898 0.00150231 0.00159207 0.00168901 0.00178486 0.00190277 0.00201207 0.00213635 0.00227515 0.00241307 0.00258204 0.00274731 0.00294724 0.00316789 0.00340893 0.0036983 0.00401292 0.00440939 0.00484978 0.00538336 0.00603415 0.00680762 0.00775183 0.00885432 0.0102113 0.0117856 0.0136082 0.0156671 0.017953 0.0204285 0.0229398 0.0254258 0.0276964 0.0296235 0.0309247 0.0314142 0.0309062 0.0292555 0.0263615 0.0221275 0.0166705 0.0101144 0.00278145 -0.00509556 -0.0131084 -0.0209092 -0.0280421 -0.0341775 -0.039041 -0.042481 -0.0444431 -0.0449192 -0.0440467 -0.0419688 -0.0389908 -0.0353333 -0.0313322 -0.0271625 -0.0230982 -0.0192328 -0.0157558 -0.0126704 -0.0100713 -0.00788164 -0.0061282 -0.00469866 -0.00359759 -0.00271307 -0.00204817 -0.00149709 -0.00106132 -0.000636622 -0.000222485 0.000285058 0.000885498 0.00168342 0.00267709 0.00397672 0.00558122 0.00760529 0.0100334 0.0129551 0.0162969 0.0200769 0.0241299 0.0283861 0.0325925 0.0365947 0.0400634 0.0427785 0.0444054 0.04477 0.0436778 0.0410976 0.0370174 0.0315419 0.0248685 0.0172885 0.00922176 0.00103416 -0.00684919 -0.0141605 -0.0205372 -0.0257986 -0.029741 -0.0324034 -0.0338223 -0.0341304 -0.0334638 -0.0320022 -0.0300138 -0.0276599 -0.0251549 -0.0225736 -0.0201043 -0.0178009 -0.0157256 -0.0138831 -0.0122704 -0.0109262 -0.00977046 -0.00882048 -0.00800888 -0.0073516 -0.00680336 -0.00632926 -0.00594675 -0.00560161 -0.00532409 -0.00506541 -0.00484265 -0.00464996 -0.00446427 -0.00431373 -0.00415755 -0.00402885 -0.003911 -0.00379312 -0.0036966 -0.00359891 -0.0035173 -0.00343403 -0.00335778 -0.00329214 -0.00321613 -0.00316148 -0.00311094 -0.00304239 -0.00298732 -0.00296068 -0.00292744 -0.0028685 -0.00282376 -0.00280288 -0.00278298 -0.00274286 -0.00269544 -0.00268123 -0.00266472 -0.00263382 -0.00262897 -0.00261264 -0.00257949 -0.00256884 -0.00255849 -0.00254257 -0.00253741 -0.00253329 -0.00252513 -0.00251709 -0.002513 
0 5.44151e-05 8.50932e-05 0.000131218 0.000165966 0.000191191 0.000247893 0.000294409 0.00033702 0.00039538 0.000426778 0.000467226 0.000521272 0.000554683 0.000616813 0.000676776 0.000706314 0.000767087 0.000835713 0.000890075 0.000948873 0.00100249 0.00105925 0.00113059 0.0012098 0.00127291 0.00134648 0.00144739 0.00152476 0.00160831 0.00171361 0.0018095 0.00190871 0.00202223 0.00215513 0.00227586 0.00241553 0.00258825 0.00274844 0.00293258 0.00313953 0.00337329 0.00362144 0.00389885 0.00424458 0.00461839 0.00506569 0.00559578 0.00623786 0.00700677 0.00791389 0.00902956 0.0103406 0.0119022 0.0137044 0.0157722 0.018089 0.0206017 0.0232674 0.0259418 0.0285315 0.0308313 0.0326807 0.0338305 0.0340809 0.0332557 0.0312006 0.02784 0.0231054 0.0171197 0.0100276 0.0021408 -0.00627289 -0.0148178 -0.0231146 -0.0307231 -0.0372837 -0.0425289 -0.0462841 -0.0484943 -0.0491338 -0.0483279 -0.0462178 -0.043107 -0.0392431 -0.0349663 -0.0304856 -0.0260681 -0.0218413 -0.0179855 -0.014545 -0.0116047 -0.00912519 -0.0071121 -0.00547887 -0.00419849 -0.00317869 -0.00238873 -0.0017424 -0.00120834 -0.000702523 -0.000192128 0.000406573 0.00112565 0.00205002 0.00321167 0.00470168 0.00655178 0.00885288 0.0116132 0.0148867 0.018611 0.0227621 0.0271842 0.031771 0.0362792 0.0405192 0.0441608 0.0469517 0.0485592 0.0488033 0.0475038 0.0446426 0.0402143 0.0343433 0.0272242 0.0191752 0.0106004 0.00189299 -0.00653704 -0.0143854 -0.0213036 -0.0270891 -0.0315434 -0.0346716 -0.0364851 -0.037111 -0.0366801 -0.0353834 -0.0334509 -0.031065 -0.0284475 -0.0257177 -0.0230503 -0.0205053 -0.0181783 -0.016096 -0.0142652 -0.0126925 -0.011338 -0.0102233 -0.00927378 -0.00848259 -0.00781669 -0.00726704 -0.00680795 -0.00639071 -0.00605544 -0.00576184 -0.00550171 -0.00526345 -0.00506202 -0.0048936 -0.00471144 -0.00456442 -0.00443615 -0.00430374 -0.00417972 -0.00407362 -0.00397956 -0.00386849 -0.0037868 -0.00371974 -0.00363139 -0.00356364 -0.00351166 -0.00345409 -0.00339177 -0.00333816 -0.0032854 -0.00323645 -0.00320949 -0.00315789 -0.00310574 -0.00309403 -0.00306554 -0.0030341 -0.00301438 -0.0029752 -0.00294762 -0.00293211 -0.00291277 -0.00290409 -0.00289261 -0.00287519 -0.00286229 -0.00285057 -0.00284189 -0.00283729 -0.00283557 
0 3.40865e-05 9.18451e-05 0.00013777 0.000179845 0.000246268 0.000288746 0.000314572 0.000379004 0.000426778 0.000460244 0.0005392 0.000589731 0.000618874 0.000697079 0.00075454 0.000793679 0.000860436 0.000922198 0.000989771 0.00105406 0.00111883 0.00120315 0.00127313 0.00135451 0.00143263 0.00150544 0.00161762 0.00169861 0.00178872 0.00192189 0.00202208 0.00214309 0.0022811 0.00242089 0.00256894 0.00271512 0.00291293 0.0030927 0.00328484 0.0035404 0.00379346 0.00408591 0.00441209 0.00481535 0.00527234 0.00577572 0.00642553 0.0071779 0.00807993 0.00914156 0.0104285 0.0119682 0.0137195 0.0157636 0.0180577 0.0206146 0.0233224 0.0261226 0.0289188 0.0315244 0.0337904 0.035457 0.0363875 0.0363208 0.0351247 0.0326305 0.0287838 0.0235916 0.0171232 0.00960456 0.00124878 -0.00755977 -0.0165207 -0.0251634 -0.0331415 -0.0400327 -0.0456066 -0.0496509 -0.0520993 -0.0529335 -0.0522272 -0.0501684 -0.046984 -0.0430116 -0.0385075 -0.0337972 -0.0290515 -0.0245223 -0.0202903 -0.0165306 -0.0132315 -0.0104791 -0.00817749 -0.00634879 -0.00485834 -0.00370941 -0.00276484 -0.00202865 -0.00136741 -0.000785406 -0.000149971 0.000534768 0.00140167 0.00244696 0.0038071 0.0054808 0.0076063 0.0101708 0.0132838 0.0168777 0.0209859 0.0254534 0.0302236 0.0350629 0.0398275 0.0442055 0.0479575 0.0507289 0.052274 0.0523497 0.0508443 0.0477127 0.0429821 0.0367953 0.0293358 0.0209675 0.0120171 0.0029489 -0.00592028 -0.0141718 -0.0215607 -0.0277947 -0.0327596 -0.036365 -0.0386243 -0.039638 -0.0395195 -0.0384993 -0.0367052 -0.0343976 -0.031727 -0.0289276 -0.0261022 -0.023353 -0.0207941 -0.0184616 -0.0164203 -0.0145916 -0.0130364 -0.0117221 -0.0106203 -0.00968671 -0.00888332 -0.00825818 -0.00770377 -0.00723065 -0.00682906 -0.00649309 -0.00620356 -0.00590917 -0.00569116 -0.00548401 -0.0052766 -0.00510689 -0.00494749 -0.00481268 -0.00466183 -0.00454798 -0.00445307 -0.00432365 -0.00424072 -0.00415751 -0.0040616 -0.00398786 -0.0039061 -0.0038443 -0.00378114 -0.00371668 -0.00366764 -0.0036097 -0.00357959 -0.00353456 -0.0034679 -0.00345589 -0.00342043 -0.00335729 -0.00334792 -0.00332651 -0.00328754 -0.00327895 -0.00325817 -0.00322815 -0.00321498 -0.00320132 -0.00318844 -0.00317961 -0.0031711 -0.00316524 -0.00315856 
0 5.78278e-05 9.34394e-05 0.000152067 0.000213552 0.000249952 0.000310557 0.000375736 0.000407607 0.000467226 0.0005392 0.000573606 0.000639031 0.000719039 0.000755709 0.000813824 0.000894386 0.000967084 0.00103161 0.00107643 0.00116504 0.00126297 0.00131909 0.00140822 0.00149603 0.00158467 0.0016935 0.00177802 0.00189211 0.00200347 0.00211878 0.00225826 0.00237219 0.00253441 0.00269077 0.00284242 0.0030413 0.00323042 0.00345499 0.00368014 0.00395294 0.00426521 0.00457368 0.00497814 0.00542568 0.00595402 0.00656086 0.00729687 0.00820529 0.00922926 0.0104851 0.0119644 0.0137184 0.0157087 0.0179603 0.02051 0.0232438 0.0261268 0.0290069 0.0318413 0.034402 0.0365031 0.0379389 0.0385214 0.0381005 0.036446 0.0335006 0.0291641 0.0235438 0.01668 0.00879968 0.000126111 -0.00898956 -0.0181833 -0.0270792 -0.0352664 -0.0424324 -0.0482436 -0.0525646 -0.0552271 -0.0562782 -0.0557154 -0.0537629 -0.0505973 -0.0465725 -0.0419393 -0.0370281 -0.0320389 -0.0272081 -0.0226691 -0.0185658 -0.0149588 -0.0118883 -0.00933542 -0.00725563 -0.0055876 -0.00425212 -0.00318495 -0.00230182 -0.00154511 -0.000829768 -0.000100686 0.000727587 0.00171123 0.00293584 0.00446372 0.00637922 0.00874612 0.011624 0.0150431 0.018988 0.0234139 0.0282036 0.0332376 0.0383072 0.0432264 0.0476889 0.0514445 0.0541341 0.0555474 0.0554204 0.0537053 0.0503036 0.0453344 0.0388739 0.0312131 0.0226124 0.0134686 0.00413279 -0.00500619 -0.0135862 -0.0213262 -0.027965 -0.0334025 -0.0374819 -0.0402397 -0.041669 -0.0419735 -0.0412676 -0.0397442 -0.0375697 -0.0349547 -0.0321363 -0.029202 -0.0263157 -0.023526 -0.0209967 -0.0187044 -0.0166617 -0.0148831 -0.0133587 -0.0120996 -0.0109854 -0.0100742 -0.00930745 -0.00866978 -0.00811864 -0.00763239 -0.00725943 -0.00689506 -0.00659012 -0.0063202 -0.0060803 -0.00587237 -0.00565497 -0.00549909 -0.0053292 -0.00517218 -0.00504776 -0.00490818 -0.00480409 -0.00468487 -0.00458206 -0.00449818 -0.00439977 -0.00433424 -0.0042425 -0.0041648 -0.00412871 -0.00405854 -0.00399071 -0.00393081 -0.00389239 -0.00386915 -0.00379624 -0.00375003 -0.00374088 -0.00369212 -0.0036601 -0.00365013 -0.00361172 -0.00358214 -0.00357012 -0.00354855 -0.00353101 -0.00352242 -0.00351001 -0.00349881 -0.00349232 -0.00348546 
0 6.1555e-05 0.000121759 0.00017109 0.000223669 0.000277226 0.000328853 0.000400574 0.000466701 0.000521272 0.000589731 0.000639031 0.000694767 0.000775421 0.000832201 0.000910747 0.000990043 0.00103421 0.0011282 0.00122293 0.00128706 0.00136931 0.001448 0.0015517 0.00164837 0.00174013 0.00186303 0.00195873 0.00208843 0.00222079 0.00232971 0.00248912 0.00262755 0.00278924 0.00296638 0.00314098 0.0033655 0.00356978 0.00382383 0.00409745 0.00438928 0.00474686 0.00511143 0.00557494 0.00608909 0.00669431 0.00742207 0.00826903 0.0093187 0.010511 0.0119588 0.013652 0.0156129 0.0178438 0.0203131 0.0230711 0.025963 0.0289522 0.0318778 0.0346586 0.0370902 0.0389397 0.0400578 0.0402333 0.0393715 0.0372358 0.033804 0.0290175 0.0229958 0.0158191 0.00766258 -0.00121123 -0.0105036 -0.0198073 -0.0288197 -0.0371235 -0.0444597 -0.0504692 -0.055012 -0.0579018 -0.0591658 -0.0588079 -0.0570065 -0.0539513 -0.049938 -0.0452591 -0.0401995 -0.0350249 -0.0299292 -0.0251167 -0.0206902 -0.016784 -0.0133988 -0.0105836 -0.00824698 -0.00638133 -0.00485262 -0.00364076 -0.00260537 -0.0017306 -0.000877181 -3.16636e-05 0.000945238 0.00206837 0.00347879 0.00519621 0.00735993 0.00998316 0.0131731 0.0168948 0.0211724 0.0258876 0.0309635 0.0362084 0.0414554 0.0464492 0.0509277 0.054591 0.0571409 0.0583483 0.058006 0.0560537 0.0524228 0.0472403 0.0406016 0.0328216 0.0241256 0.0149106 0.00545386 -0.00382517 -0.012621 -0.020612 -0.0276007 -0.0334483 -0.038009 -0.0412659 -0.0431874 -0.043964 -0.0436635 -0.0424908 -0.0405512 -0.038094 -0.0353158 -0.0323527 -0.0293628 -0.0264111 -0.0236832 -0.021154 -0.0188969 -0.0168879 -0.0151526 -0.0136886 -0.0124067 -0.0113557 -0.0104421 -0.00969894 -0.00905578 -0.00850063 -0.00805073 -0.00762942 -0.00729796 -0.00697688 -0.00670419 -0.00647276 -0.00623743 -0.0060533 -0.00585597 -0.00570035 -0.00554684 -0.00538423 -0.00527655 -0.00514037 -0.00502916 -0.00493268 -0.00482392 -0.00474996 -0.00466378 -0.00459084 -0.00450765 -0.00442653 -0.00439695 -0.00432257 -0.00424825 -0.00421617 -0.00416135 -0.00412923 -0.00410062 -0.00404653 -0.00401302 -0.00397975 -0.00394713 -0.00393124 -0.00391073 -0.00388857 -0.00386997 -0.00385354 -0.00383974 -0.00382927 -0.0038233 -0.00381605 
0 4.09516e-05 0.000129337 0.000180279 0.000235344 0.000333129 0.000378146 0.000421772 0.000509139 0.000554683 0.000618874 0.000719039 0.000775421 0.000844184 0.000918723 0.000985067 0.00108121 0.001139 0.00121727 0.00133758 0.00139529 0.00149106 0.00161784 0.00169359 0.00180477 0.00191661 0.00202282 0.0021515 0.00227213 0.0024236 0.00255877 0.00271354 0.00290732 0.00305865 0.00325908 0.00347817 0.00368882 0.00394079 0.00420328 0.00452454 0.00485281 0.00523315 0.00570188 0.00620125 0.00681363 0.00751601 0.00836635 0.00936832 0.010536 0.0119526 0.0135793 0.0154982 0.017668 0.0201163 0.0228192 0.0257084 0.0287461 0.0317575 0.0346852 0.0373209 0.0395236 0.04106 0.0417602 0.0415002 0.0401015 0.0374918 0.0335464 0.028367 0.0219818 0.0145656 0.00623536 -0.00274114 -0.0120591 -0.021384 -0.0303638 -0.0387244 -0.0461096 -0.0522955 -0.0569915 -0.06013 -0.0615982 -0.0615032 -0.0598985 -0.0570316 -0.0531039 -0.0484456 -0.0433102 -0.0379886 -0.0326899 -0.0276158 -0.0229151 -0.0186954 -0.0150285 -0.0119142 -0.00934298 -0.00723189 -0.00552999 -0.00412287 -0.0029564 -0.00191267 -0.000943012 6.99778e-05 0.0011741 0.00248791 0.004064 0.00602076 0.0084113 0.0113318 0.0148025 0.0188472 0.0234093 0.0284079 0.0337069 0.0391303 0.0444793 0.0494864 0.0538989 0.0573918 0.0597408 0.0606782 0.0601097 0.0578903 0.0540819 0.0487007 0.0419953 0.0341505 0.0255079 0.0163075 0.00689547 -0.0024187 -0.0112973 -0.0194558 -0.0267253 -0.0329139 -0.0379495 -0.0416805 -0.0441735 -0.0454425 -0.045652 -0.0448807 -0.0432952 -0.0410888 -0.0384271 -0.0355241 -0.0324621 -0.0294403 -0.0265061 -0.0237819 -0.0212932 -0.0190596 -0.0171135 -0.0153972 -0.0139655 -0.012725 -0.0116823 -0.0108001 -0.0100546 -0.00944572 -0.00888147 -0.00843072 -0.00803489 -0.00767638 -0.0073647 -0.00707601 -0.00684982 -0.0066017 -0.00639363 -0.00623084 -0.00604036 -0.00589267 -0.00575014 -0.00561938 -0.00549811 -0.00537224 -0.00528441 -0.00516119 -0.00506467 -0.00501001 -0.00489635 -0.0048258 -0.00478126 -0.00470016 -0.00464825 -0.00459126 -0.00454142 -0.00449695 -0.00442419 -0.0044007 -0.00437957 -0.00432344 -0.00430916 -0.0042842 -0.00423925 -0.0042299 -0.00421239 -0.00418702 -0.0041781 -0.00416553 -0.00415387 -0.00415035 
0 8.10386e-05 0.000122408 0.000200922 0.000278354 0.00032043 0.000403225 0.00048698 0.000536925 0.000616813 0.000697079 0.000755709 0.000832201 0.000918723 0.00100346 0.00107113 0.00115244 0.001269 0.00134792 0.00142 0.00152704 0.00163103 0.00174616 0.00184075 0.00194771 0.002099 0.00221123 0.00234055 0.00249664 0.00263607 0.00279778 0.00296421 0.00315628 0.00334406 0.00354764 0.003806 0.0040396 0.00431512 0.00463596 0.00497842 0.00536276 0.00579109 0.00632725 0.00690692 0.00758866 0.00842327 0.00939644 0.0105523 0.0118904 0.0135099 0.015369 0.0174896 0.0198928 0.0225515 0.0254486 0.0284565 0.0315481 0.0345583 0.0373719 0.0397969 0.0416601 0.0428023 0.0430261 0.0422447 0.0402951 0.0371568 0.0327559 0.0271905 0.0205321 0.0129281 0.00453641 -0.00442968 -0.0136567 -0.0228732 -0.0317401 -0.040035 -0.0474219 -0.0536846 -0.0585336 -0.0618717 -0.0635927 -0.0637609 -0.0624334 -0.0597928 -0.056042 -0.0514569 -0.046321 -0.0408997 -0.0354477 -0.0301498 -0.0251985 -0.0206896 -0.0167377 -0.0133348 -0.0105053 -0.0081524 -0.00624454 -0.0046459 -0.00331309 -0.0021056 -0.000983716 0.00019155 0.00145928 0.00296027 0.00473762 0.00693129 0.00957775 0.0127876 0.0165501 0.0208957 0.0257269 0.0309718 0.0364517 0.0420049 0.0473865 0.0523495 0.0566059 0.0598795 0.061941 0.0625916 0.0617354 0.0592785 0.055275 0.0497796 0.0430385 0.0352438 0.0267165 0.0176576 0.00839226 -0.000830818 -0.00967976 -0.0179314 -0.0253851 -0.0318837 -0.0373127 -0.0415434 -0.0445892 -0.0464237 -0.047171 -0.0468785 -0.0457308 -0.0438504 -0.0414191 -0.0386142 -0.0355881 -0.0325186 -0.0294565 -0.0265539 -0.0238492 -0.0214202 -0.0192363 -0.0173043 -0.0156661 -0.0142498 -0.0130502 -0.0120037 -0.011154 -0.010431 -0.00978482 -0.00925451 -0.00879339 -0.00840387 -0.00803003 -0.00772351 -0.00746409 -0.00719203 -0.00697374 -0.00676865 -0.00658052 -0.00640055 -0.0062375 -0.00610447 -0.00594311 -0.00582527 -0.0057257 -0.00559718 -0.00549831 -0.00540606 -0.00533274 -0.00525211 -0.00514734 -0.00508863 -0.00503738 -0.00496887 -0.00490329 -0.00484832 -0.00482143 -0.00476902 -0.00471493 -0.00470351 -0.00465518 -0.0046083 -0.00460851 -0.00457144 -0.00453848 -0.00454615 -0.00451839 -0.00449696 -0.00450834 -0.00448493 
0 8.14079e-05 0.000142337 0.000219001 0.000296554 0.000351255 0.000432377 0.000517627 0.000581839 0.000676776 0.00075454 0.000813824 0.000910747 0.000985067 0.00107113 0.00118311 0.00125386 0.00135039 0.00145093 0.0015461 0.00168013 0.00176289 0.00186524 0.00201124 0.00212092 0.00226517 0.0023962 0.00253597 0.00271563 0.00285685 0.00304223 0.00323196 0.00342155 0.00365202 0.00386831 0.00414302 0.00441486 0.0047119 0.00508344 0.00545287 0.00589862 0.00639906 0.006995 0.0076817 0.00845806 0.00943625 0.0105525 0.011871 0.0134143 0.0152292 0.0173255 0.0196445 0.0222685 0.0251173 0.0281518 0.031243 0.0343153 0.0372638 0.0398714 0.0420045 0.0434528 0.0441263 0.0438292 0.0424698 0.0399639 0.0362875 0.031479 0.0255673 0.0187064 0.0109862 0.00262513 -0.00622074 -0.0152602 -0.0242616 -0.0329459 -0.0410816 -0.0484168 -0.0546829 -0.059668 -0.0631808 -0.0651815 -0.0656303 -0.0646343 -0.0622678 -0.0587627 -0.0543133 -0.0492399 -0.0437753 -0.0382133 -0.0327347 -0.0275547 -0.0227837 -0.0185458 -0.0148636 -0.0117561 -0.00915997 -0.00701769 -0.005224 -0.00369488 -0.00232095 -0.00101698 0.000323028 0.00178444 0.00347583 0.00548376 0.00791607 0.0108407 0.014332 0.0183909 0.0230116 0.0280932 0.0335407 0.0391604 0.0447847 0.0501366 0.0549877 0.0590167 0.0620144 0.0637292 0.0640646 0.0628855 0.0602032 0.056012 0.0504681 0.0437413 0.0360909 0.0277464 0.0189379 0.00991546 0.000906647 -0.00780894 -0.0160596 -0.023613 -0.03036 -0.0361158 -0.0408304 -0.0444126 -0.0468555 -0.0481743 -0.0484361 -0.0477969 -0.0463346 -0.0442345 -0.0416113 -0.0387097 -0.0356418 -0.0325239 -0.0294737 -0.0265805 -0.023954 -0.0215319 -0.0193901 -0.0175141 -0.0159111 -0.0145305 -0.0133217 -0.0123439 -0.0114882 -0.0107684 -0.0101431 -0.00961298 -0.00917313 -0.00874468 -0.00840893 -0.00809226 -0.00780586 -0.00756257 -0.00731566 -0.007126 -0.00691796 -0.00674024 -0.00659474 -0.00642426 -0.00629999 -0.00615925 -0.0060467 -0.0059583 -0.00581975 -0.00573464 -0.00565484 -0.00556491 -0.0055009 -0.00540245 -0.00534238 -0.00529967 -0.00523008 -0.00519354 -0.00513501 -0.00507637 -0.00505302 -0.00500691 -0.00497734 -0.00495797 -0.00491808 -0.00489859 -0.00488065 -0.00486037 -0.00485173 -0.00483865 -0.00483146 
0 5.4045e-05 0.000170555 0.000227703 0.000297915 0.000415547 0.000474454 0.000543273 0.00063945 0.000706314 0.000793679 0.000894386 0.000990043 0.00108121 0.00115244 0.00125386 0.00136436 0.00145055 0.00156323 0.00167728 0.00178792 0.00191265 0.00202922 0.00217292 0.00230811 0.00242494 0.00259369 0.00275487 0.00290878 0.00310086 0.00329186 0.00350037 0.00371982 0.00395841 0.00422565 0.00449322 0.00481046 0.00515679 0.00553629 0.00598114 0.00647269 0.0070615 0.0077338 0.00851778 0.00945091 0.0105433 0.0118442 0.0133382 0.0150978 0.0171329 0.0194279 0.0219858 0.0247797 0.0278023 0.0309116 0.0340261 0.0370326 0.0398013 0.0421483 0.0438702 0.044866 0.0449836 0.044127 0.0421622 0.0390874 0.0349201 0.0297167 0.0235526 0.0165229 0.00880343 0.000534418 -0.00806961 -0.0168445 -0.0255394 -0.0339659 -0.0418816 -0.0490837 -0.0553224 -0.0603821 -0.0640903 -0.0663453 -0.0671332 -0.0664687 -0.0644579 -0.0612222 -0.0570012 -0.0520238 -0.0465979 -0.0409528 -0.0353535 -0.0299604 -0.024963 -0.0204404 -0.0164897 -0.0130919 -0.0102454 -0.0078506 -0.00584702 -0.00410383 -0.00254686 -0.00104408 0.000477739 0.00215038 0.00404877 0.00630567 0.0089877 0.0122041 0.0159719 0.0203276 0.025194 0.0305108 0.0361066 0.0418382 0.0474554 0.0527407 0.0573869 0.0611582 0.0637947 0.065156 0.0651106 0.0636263 0.0606843 0.0563591 0.0507828 0.0441518 0.0366945 0.028611 0.020129 0.0114289 0.00274623 -0.0057642 -0.0138924 -0.0214983 -0.0283849 -0.034443 -0.0395652 -0.0436811 -0.0467226 -0.0486447 -0.0495237 -0.049429 -0.0484909 -0.0467752 -0.0444679 -0.0417415 -0.0387629 -0.0356489 -0.0325016 -0.029481 -0.0266342 -0.0240237 -0.0216467 -0.0195502 -0.0177312 -0.0161433 -0.0147934 -0.0136294 -0.0126573 -0.0118231 -0.0111081 -0.0105038 -0.00996857 -0.00952345 -0.00911411 -0.00875293 -0.0084459 -0.0081556 -0.00790164 -0.00766455 -0.00746319 -0.00727089 -0.00707775 -0.00693737 -0.00678264 -0.00662268 -0.00650379 -0.00638082 -0.00626694 -0.00615764 -0.00605754 -0.00598124 -0.0058899 -0.00581583 -0.005756 -0.00567874 -0.0056145 -0.00554424 -0.00549955 -0.00547645 -0.00540125 -0.00536835 -0.00536009 -0.00528514 -0.00527735 -0.00528253 -0.00520702 -0.00521038 -0.00521563 -0.00515422 -0.00518593 
0 8.16488e-05 0.00017315 0.000248542 0.000331279 0.000424197 0.00049825 0.000592204 0.000696794 0.000767087 0.000860436 0.000967084 0.00103421 0.001139 0.001269 0.00135039 0.00145055 0.00158221 0.00169396 0.00179736 0.00191351 0.00205456 0.00219018 0.00232442 0.00247607 0.00262436 0.002806 0.00298059 0.00313854 0.00335317 0.00356097 0.0037705 0.00401626 0.00428097 0.00457375 0.00487034 0.00523407 0.0056318 0.0060475 0.00655864 0.00712734 0.00779237 0.00855342 0.00945847 0.0105408 0.011777 0.0132577 0.0149629 0.0169454 0.0191951 0.0217025 0.0244767 0.027435 0.0305641 0.0337032 0.0367759 0.0396361 0.0421396 0.0441186 0.0453719 0.0458341 0.0453542 0.0438864 0.0413137 0.0376902 0.0330672 0.027529 0.021164 0.014058 0.00640923 -0.00166455 -0.00995644 -0.0183763 -0.0267027 -0.0348011 -0.0424381 -0.0494509 -0.0556102 -0.0607193 -0.0646011 -0.0671249 -0.068256 -0.0679628 -0.0663315 -0.0634281 -0.0594791 -0.0546709 -0.0493279 -0.0436624 -0.0379736 -0.0324121 -0.0272035 -0.0224205 -0.0181985 -0.0145147 -0.0114008 -0.0087456 -0.00650945 -0.00454071 -0.00277767 -0.00106414 0.000662701 0.00255892 0.00468795 0.0072041 0.0101554 0.0136637 0.0177143 0.0223474 0.0274478 0.0329594 0.0386748 0.0444585 0.0500249 0.0551696 0.0595641 0.0630104 0.0652569 0.0662195 0.065785 0.0639724 0.0607852 0.0563383 0.0507744 0.0442843 0.0370749 0.0293118 0.0212119 0.0129111 0.00461729 -0.00359202 -0.0115268 -0.0190852 -0.0260519 -0.0323358 -0.0378173 -0.0424155 -0.0460318 -0.0485746 -0.0500937 -0.0506031 -0.0502274 -0.0489926 -0.0470809 -0.044628 -0.0418094 -0.0387665 -0.035606 -0.0324961 -0.0294805 -0.0266833 -0.0241031 -0.0217874 -0.0197367 -0.0179382 -0.0164123 -0.0150667 -0.0139337 -0.0129681 -0.0121506 -0.011444 -0.0108206 -0.0103245 -0.00986116 -0.00945323 -0.00911036 -0.00879823 -0.0085157 -0.00824238 -0.00802903 -0.00781252 -0.0075919 -0.0074285 -0.00726045 -0.00710454 -0.00696289 -0.00682508 -0.00671598 -0.00660886 -0.00649999 -0.00638543 -0.00629899 -0.00623821 -0.00613188 -0.00605034 -0.00601652 -0.00594232 -0.00587597 -0.00584347 -0.00578866 -0.0057379 -0.00570758 -0.00566826 -0.0056301 -0.00560701 -0.00558893 -0.00557091 -0.0055568 -0.00554471 -0.00552851 
