0 0 0 0 0 0 0 0 0 0 0 0 0 0 0 0 0 0 0 0 0 0 0 0 0 0 0 0 0 0 0 0 0 0 0 0 0 0 0 0 0 0 0 0 0 0 0 0 0 0 0 0 0 0 0 0 0 0 0 0 0 0 0 0 0 0 0 0 0 0 0 0 0 0 0 0 0 0 0 0 0 0 0 0 0 0 0 0 0 0 0 0 0 0 0 0 0 0 0 0 0 0 0 0 0 0 0 0 0 0 0 0 0 0 0 0 0 0 0 0 0 0 0 0 0 0 0 0 0 0 0 0 0 0 0 0 0 0 0 0 0 0 0 0 0 0 0 0 0 0 0 0 0 0 0 0 0 0 0 0 0 0 0 0 0 0 0 0 0 0 0 0 0 0 0 0 0 0 0 0 0 0 0 0 0 0 0 0 0 0 0 0 0 0 0 0 0 0 0 0 
0 9.95413e-06 -6.36208e-06 1.2598e-05 9.52345e-06 -4.54759e-06 1.27793e-05 3.38619e-06 2.30564e-06 1.97786e-05 1.36456e-05 1.65961e-05 2.167e-05 1.35492e-05 1.1876e-05 1.52018e-05 2.01575e-05 2.19832e-05 2.56974e-05 3.10185e-05 2.39275e-05 2.28645e-05 3.61235e-05 3.45777e-05 2.95052e-05 3.73318e-05 3.29261e-05 2.45428e-05 3.77658e-05 5.66867e-05 4.2801e-05 3.20265e-05 5.4952e-05 5.53579e-05 5.44231e-05 5.46127e-05 4.85144e-05 6.18291e-05 6.0101e-05 6.00217e-05 5.87866e-05 6.91306e-05 7.26706e-05 6.51502e-05 8.53574e-05 7.84236e-05 8.39067e-05 9.05302e-05 9.44553e-05 9.56214e-05 9.46374e-05 0.000113115 9.88896e-05 0.000111626 0.000115618 0.000120683 0.000119629 0.000127652 0.000143493 0.000132254 0.000151637 0.000154816 0.000170626 0.000163606 0.000186716 0.000197756 0.000203729 0.000218645 0.000239916 0.000272432 0.000285593 0.000341278 0.000395151 0.000484224 0.00056677 0.000715402 0.000884294 0.00110497 0.00135433 0.00168478 0.00207848 0.00253666 0.00305682 0.00364321 0.00428645 0.00492536 0.00554642 0.00610263 0.00660322 0.00696928 0.00719906 0.0072243 0.00707676 0.00669426 0.00611887 0.00531738 0.00437777 0.00328276 0.00210553 0.000817333 -0.000483811 -0.00178953 -0.00299627 -0.0041288 -0.00511497 -0.00597545 -0.00661978 -0.00707561 -0.0072945 -0.00733832 -0.0071713 -0.006859 -0.00639693 -0.00586983 -0.00526804 -0.00464133 -0.00399326 -0.00339284 -0.00285077 -0.00237438 -0.00195637 -0.00160351 -0.00133134 -0.00109739 -0.000912712 -0.000749739 -0.000654164 -0.000558507 -0.000498148 -0.000433373 -0.000417139 -0.00038197 -0.000361331 -0.000339906 -0.000337523 -0.000325352 -0.00030428 -0.000307755 -0.000296095 -0.00029372 -0.0002721 -0.000285147 -0.000268542 -0.000262444 -0.000257039 -0.000256295 -0.000247872 -0.000233651 -0.000245585 -0.00022646 -0.000226647 -0.000220631 -0.000222327 -0.000211306 -0.000209234 -0.000217357 -0.000198864 -0.000207994 -0.000205497 -0.000201795 -0.000195546 -0.000196615 -0.000200437 -0.000188026 -0.000189938 -0.00017652 -0.000183898 -0.000195043 -0.000170235 -0.000164893 -0.000181275 -0.000187011 -0.000172736 -0.000171122 -0.000177137 -0.000167011 -0.000169946 -0.0001757 -0.000166734 -0.000160242 -0.000159255 -0.000162934 -0.000164095 -0.000163388 -0.000171253 -0.000163272 -0.000153742 -0.000165831 -0.000154515 -0.000152098 -0.000169574 -0.000151163 -0.000156048 -0.000167449 -0.000145634 -0.000161438 -0.000162821 -0.000145162 -0.000164415 -0.000154434 
0 -6.36208e-06 9.19195e-06 2.69941e-06 1.58674e-06 2.30865e-05 1.5637e-05 1.84945e-05 3.19938e-05 1.39289e-05 1.85124e-05 2.65385e-05 2.16914e-05 3.58814e-05 4.39147e-05 4.75325e-05 3.85173e-05 4.3868e-05 5.00418e-05 3.0875e-05 6.4253e-05 6.32841e-05 3.8926e-05 7.31248e-05 5.88972e-05 6.37198e-05 8.79029e-05 8.16056e-05 8.60805e-05 6.49291e-05 8.4353e-05 0.000103046 9.20474e-05 8.79655e-05 8.72885e-05 0.000123522 0.000108581 0.000110004 0.00013304 0.000121595 0.00013956 0.000139037 0.00014612 0.000142779 0.000156284 0.000164348 0.000150704 0.000179392 0.000176034 0.00018219 0.000191231 0.000209053 0.000211295 0.000213872 0.000245237 0.000240455 0.000252847 0.000265787 0.000288133 0.000284269 0.00029931 0.000326652 0.000330524 0.000342545 0.000362412 0.00039698 0.000400413 0.000432633 0.000475887 0.000528923 0.000575836 0.000666049 0.00079688 0.000950131 0.0011477 0.0014193 0.0017816 0.00220338 0.00272707 0.00337388 0.00417193 0.00508144 0.00612721 0.00729728 0.00857223 0.00985123 0.01108 0.0122024 0.0131814 0.0139245 0.0143609 0.0144314 0.014113 0.0133718 0.0122011 0.0106304 0.00873267 0.00657239 0.00419624 0.00165346 -0.000964969 -0.0035424 -0.0059781 -0.00821478 -0.010208 -0.0118975 -0.0132074 -0.0140952 -0.0145582 -0.014625 -0.0143154 -0.0136781 -0.0127796 -0.0117143 -0.0105271 -0.00926947 -0.00798991 -0.006791 -0.00570783 -0.00475954 -0.00391944 -0.00322743 -0.00266469 -0.00221477 -0.00182564 -0.00152687 -0.00130608 -0.00114089 -0.000996049 -0.000892324 -0.000834347 -0.000779756 -0.000729385 -0.000689604 -0.000682385 -0.000647452 -0.00062249 -0.000603192 -0.000600912 -0.000569884 -0.000551862 -0.000550921 -0.000533464 -0.000516404 -0.000503107 -0.000511323 -0.000481378 -0.000480015 -0.000477106 -0.00046808 -0.000453844 -0.000451473 -0.000455482 -0.000425575 -0.000436632 -0.000424925 -0.000414952 -0.000407132 -0.000403206 -0.000398526 -0.000381778 -0.000400348 -0.000370761 -0.000371095 -0.000389813 -0.000376192 -0.00036698 -0.000352301 -0.000377591 -0.000369972 -0.00035346 -0.000343718 -0.000335855 -0.000362454 -0.000333255 -0.000337048 -0.000351629 -0.000316129 -0.00033722 -0.000345591 -0.000333364 -0.000333735 -0.000327221 -0.00032338 -0.000309163 -0.000324686 -0.000326256 -0.000311543 -0.000332821 -0.000317388 -0.000308765 -0.000326669 -0.000308664 -0.000312606 -0.000321791 -0.000306114 -0.000313077 -0.000317795 -0.000306685 -0.000312683 
0 1.2598e-05 2.69941e-06 1.75823e-05 1.71771e-05 1.1145e-05 2.48083e-05 2.02601e-05 2.58341e-05 3.98309e-05 3.96991e-05 4.65398e-05 4.96541e-05 4.69502e-05 4.80238e-05 5.29972e-05 6.0499e-05 6.68531e-05 7.44615e-05 7.79272e-05 7.96556e-05 8.11542e-05 9.03602e-05 0.000100064 9.48239e-05 0.000102777 0.000107001 9.97713e-05 0.000118168 0.000136478 0.000129489 0.00012744 0.000147679 0.000153573 0.000156268 0.000164645 0.000159972 0.000174572 0.00018437 0.000183222 0.000190679 0.000206158 0.000213716 0.000214139 0.00023891 0.000241908 0.000247859 0.000267415 0.000276618 0.00028225 0.000293017 0.000317423 0.000313292 0.000330198 0.000351128 0.00036093 0.000369957 0.000392388 0.000419361 0.000420041 0.000449707 0.00047587 0.000499883 0.000511472 0.00055305 0.000590147 0.000614713 0.000659144 0.000724072 0.000803428 0.000880326 0.0010219 0.00120538 0.00144781 0.00174087 0.00215994 0.002686 0.00333418 0.00411615 0.00509675 0.00627805 0.00764836 0.00921021 0.0109593 0.0128474 0.0147498 0.0165825 0.0182542 0.0197069 0.0208006 0.0214491 0.0215454 0.0210704 0.0199527 0.0182135 0.0158679 0.0130452 0.00980767 0.00626239 0.00245915 -0.00143597 -0.00529043 -0.00892566 -0.0122815 -0.0152516 -0.0177784 -0.0197268 -0.0210654 -0.0217576 -0.0218672 -0.0214055 -0.0204693 -0.0191355 -0.01755 -0.0157748 -0.0139012 -0.0120027 -0.0102123 -0.00859164 -0.00716122 -0.00591313 -0.00486565 -0.00402224 -0.00332795 -0.00275825 -0.00229775 -0.00196931 -0.00170393 -0.00149997 -0.00133702 -0.00124683 -0.00116063 -0.00109048 -0.00103581 -0.00101088 -0.000973149 -0.00093063 -0.000913913 -0.000893499 -0.000867913 -0.000834944 -0.000833977 -0.000808082 -0.000785068 -0.000769694 -0.000762556 -0.000738071 -0.000717584 -0.000718395 -0.000694355 -0.000680175 -0.000670618 -0.000665391 -0.000643025 -0.000638704 -0.00063763 -0.000616116 -0.000615766 -0.000611877 -0.000601154 -0.000588208 -0.000590825 -0.000583047 -0.00056856 -0.000566927 -0.000551088 -0.000552527 -0.000555152 -0.000534346 -0.000523478 -0.0005364 -0.000537243 -0.000520731 -0.000522463 -0.000517694 -0.000509124 -0.000512969 -0.000509097 -0.000501889 -0.000493932 -0.000489459 -0.000490605 -0.000491458 -0.000491051 -0.000492483 -0.000487952 -0.000477778 -0.000482209 -0.000476687 -0.000470802 -0.000482826 -0.000470886 -0.000470724 -0.000479796 -0.000463643 -0.000473509 -0.000473588 -0.000461571 -0.000478015 -0.000465973 
0 9.52345e-06 1.58674e-06 1.71771e-05 2.39958e-05 1.98602e-05 3.48151e-05 3.51896e-05 3.56596e-05 4.87863e-05 4.7987e-05 5.38926e-05 6.34882e-05 6.55278e-05 7.24678e-05 7.69406e-05 8.41209e-05 8.80723e-05 9.13355e-05 0.000103966 0.000103155 0.000108781 0.000122792 0.000122229 0.000130644 0.00014025 0.000145554 0.000149732 0.000155892 0.000172778 0.000171182 0.000175498 0.000192109 0.000195863 0.000207211 0.000212742 0.000222361 0.000235331 0.000242879 0.000254174 0.000260208 0.000277727 0.000284551 0.000293585 0.000312015 0.000318651 0.000333645 0.000346771 0.000364331 0.000374101 0.000392045 0.000413862 0.000423115 0.000445972 0.000465789 0.000487143 0.000502034 0.000530839 0.00055623 0.000573685 0.000604487 0.000635163 0.000666443 0.000690795 0.000737554 0.000779762 0.000824502 0.000881916 0.000966064 0.00106606 0.00118845 0.00137186 0.00161838 0.00194151 0.00235261 0.0029086 0.00361037 0.00448075 0.00554037 0.00685034 0.00841803 0.0102462 0.0123255 0.0146433 0.017122 0.0196337 0.0220526 0.024267 0.0261663 0.0276009 0.0284395 0.0285663 0.0279194 0.0264388 0.0241305 0.0210424 0.0173009 0.0130132 0.00830082 0.00327325 -0.00188346 -0.00697813 -0.0118119 -0.0162634 -0.0202094 -0.0235444 -0.0261335 -0.0279103 -0.0288487 -0.0289965 -0.0284044 -0.0271773 -0.0254379 -0.0233388 -0.0209942 -0.0185161 -0.0160244 -0.0136552 -0.0115013 -0.00959182 -0.00793778 -0.00654229 -0.00540467 -0.0044703 -0.00371186 -0.00310364 -0.00264859 -0.0022923 -0.002019 -0.00181004 -0.00167002 -0.00155794 -0.00146517 -0.00139667 -0.00134704 -0.0013011 -0.00125031 -0.00122045 -0.00118726 -0.00115551 -0.00111992 -0.00110113 -0.00107409 -0.00104504 -0.00102616 -0.00100589 -0.000985603 -0.000961007 -0.00095212 -0.000930015 -0.000913065 -0.000900546 -0.000885537 -0.000870808 -0.000855029 -0.000849134 -0.000829001 -0.000820338 -0.00081152 -0.000797024 -0.000788557 -0.00077662 -0.0007724 -0.000760035 -0.000753222 -0.000743821 -0.000735834 -0.000738088 -0.000720528 -0.000713542 -0.000713991 -0.00070613 -0.000698097 -0.000689379 -0.000691286 -0.00068173 -0.000674496 -0.000678521 -0.000668251 -0.000664688 -0.000663527 -0.000658687 -0.000655948 -0.000649356 -0.000651149 -0.000644784 -0.000639005 -0.000646094 -0.000635675 -0.000634698 -0.00064097 -0.000627513 -0.000632118 -0.000633979 -0.000622192 -0.000632545 -0.000627833 -0.000618195 -0.000631303 -0.000623623 
0 -4.54759e-06 2.30865e-05 1.1145e-05 1.98602e-05 4.13832e-05 3.06127e-05 4.87778e-05 5.8275e-05 4.87601e-05 6.26256e-05 6.68234e-05 7.06823e-05 8.41348e-05 9.49289e-05 0.000102783 0.000101295 0.000111631 0.000117727 0.000115022 0.000137299 0.000147196 0.000139502 0.000154244 0.000166845 0.00016807 0.000182652 0.00020341 0.000202058 0.000189696 0.000216461 0.000241295 0.000231579 0.000240159 0.000252191 0.000270903 0.000286523 0.000286381 0.000305094 0.000317495 0.000335379 0.000341901 0.000355066 0.000378031 0.000379377 0.000405479 0.000415658 0.000434578 0.000451392 0.000470081 0.00049591 0.000504739 0.000541635 0.000554082 0.000584886 0.000606183 0.000636711 0.000665697 0.000687959 0.000731721 0.000752784 0.000799939 0.000826287 0.000881081 0.000917996 0.000976457 0.00103788 0.00111384 0.00121585 0.0013349 0.00151574 0.00173236 0.0020543 0.00244858 0.00299909 0.00367897 0.00457135 0.0056562 0.00701266 0.00864362 0.010603 0.0128811 0.0154763 0.0183453 0.0213892 0.0244885 0.0274694 0.0302112 0.0325248 0.0342848 0.0352869 0.0354438 0.0346081 0.0327784 0.0299034 0.0261089 0.0214596 0.0161556 0.0102857 0.0040782 -0.00231742 -0.00860737 -0.0146313 -0.0201487 -0.025065 -0.0291755 -0.0324051 -0.0346064 -0.0358094 -0.0359948 -0.0352982 -0.033793 -0.0316806 -0.029081 -0.0261901 -0.0231243 -0.0200654 -0.0171339 -0.0144511 -0.0120675 -0.0100037 -0.00826701 -0.00681766 -0.00564756 -0.00468487 -0.00394139 -0.0033381 -0.00289968 -0.00254206 -0.00229849 -0.00209299 -0.00195925 -0.0018415 -0.00175916 -0.00168543 -0.00162376 -0.00157881 -0.00152176 -0.00148898 -0.00143852 -0.00141593 -0.00136683 -0.00134494 -0.00131085 -0.00128384 -0.0012568 -0.00122905 -0.00121545 -0.00117875 -0.0011708 -0.00114324 -0.00112866 -0.00110615 -0.00109133 -0.00107721 -0.00105024 -0.0010488 -0.00102323 -0.00101038 -0.000997753 -0.000987821 -0.000975877 -0.000953973 -0.000953621 -0.000943531 -0.000940878 -0.000920925 -0.00089947 -0.000917197 -0.000911519 -0.000882342 -0.000869847 -0.000876669 -0.00087163 -0.000854148 -0.000857884 -0.000850631 -0.000831928 -0.000839135 -0.000840964 -0.000830529 -0.000825455 -0.000818814 -0.000813361 -0.000803204 -0.000806901 -0.000812111 -0.000794638 -0.000803859 -0.000802708 -0.000780786 -0.000800266 -0.000791572 -0.000776536 -0.00079858 -0.000779126 -0.000778556 -0.000795583 -0.000770226 -0.000784094 
0 1.27793e-05 1.5637e-05 2.48083e-05 3.48151e-05 3.06127e-05 4.24015e-05 5.28133e-05 5.08228e-05 7.27277e-05 8.39571e-05 8.51002e-05 9.80346e-05 9.91789e-05 9.90405e-05 0.000106557 0.000127089 0.000132985 0.000140314 0.000168134 0.000150379 0.000161748 0.000193282 0.000178661 0.00020375 0.000209997 0.000204393 0.000222189 0.000229707 0.000266767 0.000266305 0.000261417 0.000284092 0.000307162 0.000324969 0.000307555 0.000339047 0.000353865 0.000354969 0.0003849 0.000386767 0.000410463 0.000425451 0.000452153 0.000462034 0.000481646 0.000518468 0.000518268 0.000552391 0.000572772 0.00059719 0.000612361 0.000645524 0.00067665 0.000686974 0.000732545 0.000759277 0.000795159 0.000820297 0.000874901 0.000910764 0.00094706 0.00100326 0.001057 0.00111532 0.00116934 0.00126585 0.00135386 0.00147552 0.00162631 0.00185169 0.00212734 0.00250009 0.00300167 0.00366235 0.00450295 0.00555759 0.00689259 0.00852383 0.0105011 0.0128332 0.0155713 0.0186631 0.0220682 0.025651 0.029305 0.0328284 0.0360568 0.03877 0.0408096 0.0419732 0.0421216 0.0411133 0.0389121 0.0355136 0.0310105 0.0255108 0.01919 0.0122244 0.0048462 -0.00271513 -0.010191 -0.0173445 -0.0239325 -0.0297665 -0.0346595 -0.0384872 -0.0411372 -0.0425871 -0.04285 -0.0420476 -0.0403109 -0.0378354 -0.0347775 -0.0313538 -0.027734 -0.024128 -0.0206534 -0.0174565 -0.0145927 -0.0121321 -0.0100322 -0.00828799 -0.00684782 -0.00570465 -0.00478836 -0.00406522 -0.00350561 -0.00309033 -0.00278075 -0.00253043 -0.00235529 -0.00221986 -0.00212302 -0.00201778 -0.00195641 -0.00189424 -0.00184161 -0.00177839 -0.00174212 -0.00170413 -0.00165089 -0.00161866 -0.00158332 -0.00155546 -0.00150394 -0.00149131 -0.00145597 -0.00142273 -0.00139745 -0.00137633 -0.00135154 -0.00131524 -0.0013165 -0.00128053 -0.00126489 -0.00125093 -0.00123533 -0.00121866 -0.00119924 -0.00119769 -0.00116253 -0.0011702 -0.00115354 -0.00111785 -0.0011176 -0.00111233 -0.00110759 -0.00106913 -0.00106663 -0.00107138 -0.00106409 -0.00106099 -0.00102807 -0.00104152 -0.00103093 -0.00101013 -0.00103116 -0.0010034 -0.00098703 -0.000991751 -0.000984239 -0.000982848 -0.000983055 -0.000986781 -0.000967075 -0.000964121 -0.000968706 -0.000947481 -0.000958949 -0.000958426 -0.000941491 -0.000954069 -0.000946905 -0.000938653 -0.000947012 -0.000941867 -0.00093936 -0.000942822 -0.000938674 
0 3.38619e-06 1.84945e-05 2.02601e-05 3.51896e-05 4.87778e-05 5.28133e-05 6.73472e-05 7.01745e-05 7.65945e-05 8.67338e-05 9.02533e-05 0.000106045 0.000119203 0.000130472 0.000141847 0.000148369 0.000153476 0.000159661 0.000175676 0.0001827 0.000197853 0.000212418 0.000209668 0.000234373 0.000245382 0.000253335 0.000280842 0.000277053 0.000284125 0.00030484 0.00031958 0.000330657 0.000342573 0.000360902 0.000370899 0.000402028 0.000413884 0.000421075 0.000454877 0.000466527 0.000481333 0.000503134 0.000527376 0.000537191 0.000561596 0.000594996 0.000602648 0.000634971 0.000667451 0.000691913 0.000714754 0.000758041 0.000792099 0.000812067 0.000860804 0.000901059 0.000934499 0.000970189 0.00103079 0.00107203 0.001112 0.00117578 0.00124252 0.00130168 0.00137089 0.00148114 0.00159257 0.00172963 0.00191828 0.00218956 0.00252263 0.00296492 0.00356651 0.00435751 0.00534916 0.00659559 0.00817008 0.0100999 0.0124125 0.015138 0.0183194 0.0219068 0.0258185 0.0299228 0.0340957 0.0381301 0.0418084 0.0448875 0.0471784 0.0484719 0.0485961 0.047399 0.044838 0.0409249 0.0357491 0.0294221 0.0221324 0.0141036 0.00561329 -0.00307472 -0.0116783 -0.0199307 -0.0275443 -0.0342775 -0.0399206 -0.0443409 -0.0474276 -0.0491418 -0.0494973 -0.0486228 -0.0466812 -0.0438777 -0.0403957 -0.0364732 -0.0323344 -0.0282024 -0.0242144 -0.0205107 -0.0171867 -0.0143146 -0.0118642 -0.00980636 -0.00811106 -0.00676139 -0.00568539 -0.00482366 -0.00415644 -0.00366338 -0.00329351 -0.00299274 -0.00277516 -0.00261891 -0.00249647 -0.00237354 -0.00229115 -0.00222425 -0.00215433 -0.00208004 -0.00203337 -0.00198878 -0.00192573 -0.00188178 -0.00184697 -0.00180769 -0.00175506 -0.00173415 -0.00170204 -0.00166135 -0.00163453 -0.00161478 -0.00158323 -0.0015488 -0.00154095 -0.00150754 -0.00148119 -0.00146582 -0.00144392 -0.00141584 -0.00139972 -0.00139139 -0.00135643 -0.00134894 -0.00133921 -0.00131966 -0.00131145 -0.00129413 -0.00128174 -0.00127361 -0.00127129 -0.00124386 -0.00122886 -0.00123172 -0.00120931 -0.00120931 -0.00120039 -0.00118095 -0.00118209 -0.00117489 -0.00117189 -0.00116816 -0.00115957 -0.00114783 -0.00113874 -0.00113656 -0.00112711 -0.00113015 -0.00112692 -0.00111739 -0.00112164 -0.00111112 -0.0011094 -0.00111048 -0.00110139 -0.00110798 -0.00109946 -0.00109446 -0.00110083 -0.00109071 -0.00109828 
0 2.30564e-06 3.19938e-05 2.58341e-05 3.56596e-05 5.8275e-05 5.08228e-05 7.01745e-05 8.7709e-05 8.6842e-05 0.000105152 0.000113398 0.000120708 0.000132652 0.000141919 0.000158799 0.00016193 0.000179204 0.000196828 0.000192791 0.000218794 0.00023207 0.000230622 0.000253975 0.000264781 0.000274708 0.000286389 0.000309446 0.000326515 0.000320928 0.000353901 0.000374105 0.000378866 0.000400661 0.000409678 0.000437462 0.000452771 0.000465989 0.000487425 0.000507451 0.000536213 0.000543939 0.000578477 0.000602382 0.000618247 0.000654391 0.000676696 0.00070619 0.000728624 0.000771111 0.000794259 0.000822455 0.000870486 0.000898144 0.000936899 0.000975782 0.00103168 0.00106237 0.00111366 0.00117584 0.00122495 0.00128026 0.00134659 0.00143253 0.00149387 0.00159089 0.001707 0.00184951 0.00200695 0.00223922 0.00255416 0.00294904 0.00347245 0.00417369 0.00509956 0.00624401 0.00769813 0.00950985 0.0117446 0.0143905 0.0175183 0.0211292 0.0251973 0.0295874 0.0341897 0.0388424 0.0433459 0.0474286 0.0508359 0.0533415 0.0547309 0.0548042 0.0534054 0.0504896 0.0460769 0.0402564 0.0331371 0.0249281 0.0158884 0.00634495 -0.0034155 -0.0130889 -0.0223894 -0.0309809 -0.0385811 -0.0449489 -0.0499488 -0.0534672 -0.0554579 -0.0559314 -0.0550193 -0.0529081 -0.0498118 -0.0459472 -0.0415664 -0.036946 -0.0323099 -0.0278329 -0.0236363 -0.0198649 -0.0165708 -0.0137671 -0.0113854 -0.00943492 -0.00785921 -0.00661696 -0.0056072 -0.00483222 -0.00424657 -0.00381013 -0.00345848 -0.00319614 -0.00301394 -0.00286042 -0.00273075 -0.00262159 -0.00255329 -0.00246421 -0.00239254 -0.00232902 -0.00228124 -0.00221442 -0.00216014 -0.00212416 -0.00206998 -0.00202598 -0.00198251 -0.00195555 -0.0019029 -0.00187312 -0.00184502 -0.00180556 -0.00177762 -0.00174812 -0.00172784 -0.00168874 -0.00167676 -0.00165191 -0.0016216 -0.00161039 -0.00158669 -0.00157132 -0.00154343 -0.00153251 -0.00151667 -0.00149756 -0.00148458 -0.00145402 -0.00145889 -0.00144668 -0.00141718 -0.0014131 -0.00140552 -0.00139737 -0.00137654 -0.00137444 -0.00136971 -0.00134341 -0.0013485 -0.00133962 -0.00132244 -0.00132273 -0.00131277 -0.00130942 -0.00130013 -0.00129771 -0.00129751 -0.00127838 -0.00128617 -0.00128036 -0.00126266 -0.00128075 -0.00126496 -0.00125346 -0.00127383 -0.00125283 -0.00125482 -0.00126973 -0.00124449 -0.00125615 
0 1.97786e-05 1.39289e-05 3.98309e-05 4.87863e-05 4.87601e-05 7.27277e-05 7.65945e-05 8.6842e-05 0.000104624 0.000115218 0.000131633 0.000138943 0.000153935 0.000159581 0.000164533 0.000194365 0.000198528 0.000212244 0.000241092 0.000235758 0.000247585 0.000274657 0.000285884 0.000296313 0.000315573 0.000332155 0.000329497 0.000354247 0.000395927 0.000398231 0.000400803 0.000427499 0.000457511 0.00047697 0.00048343 0.00050409 0.000533363 0.000553381 0.000574475 0.000594555 0.000624219 0.000650263 0.000673955 0.00070635 0.000731192 0.000766527 0.000794037 0.000828802 0.000864851 0.000895959 0.000938998 0.000973274 0.00102086 0.00105679 0.00110939 0.00115766 0.00120522 0.00126463 0.00132099 0.00138966 0.00144516 0.00153203 0.00160808 0.00170158 0.00180336 0.00194121 0.00210116 0.00229569 0.00257126 0.00292557 0.0033998 0.00400078 0.00482601 0.00586786 0.00720144 0.0088519 0.0109328 0.0134513 0.016461 0.0199759 0.0240259 0.0285398 0.0333973 0.0384623 0.0435617 0.0484828 0.0529201 0.0566156 0.0592897 0.0607429 0.0607245 0.059121 0.0558407 0.0509569 0.0445028 0.0366482 0.0275608 0.017593 0.00704557 -0.00370627 -0.014402 -0.0246691 -0.0341983 -0.0426081 -0.0496916 -0.0552432 -0.0592044 -0.0614719 -0.0621054 -0.061187 -0.0589554 -0.0556026 -0.0514063 -0.0466166 -0.0415534 -0.0364468 -0.0314955 -0.0268395 -0.0226184 -0.0189181 -0.0157336 -0.0130486 -0.0108153 -0.00902769 -0.00758226 -0.00644602 -0.00553866 -0.00487034 -0.00434395 -0.00395142 -0.00363961 -0.00342109 -0.00324131 -0.00309239 -0.00297507 -0.00287429 -0.00279123 -0.00269905 -0.00263702 -0.00256337 -0.00250577 -0.0024394 -0.0023903 -0.00233678 -0.00228367 -0.00224183 -0.00219234 -0.0021562 -0.00210913 -0.0020775 -0.00203786 -0.00200458 -0.00197381 -0.00194028 -0.00191611 -0.00188228 -0.00186145 -0.00183703 -0.00181072 -0.00178608 -0.00176509 -0.00175305 -0.00172579 -0.00169814 -0.00168253 -0.00167652 -0.00166356 -0.0016242 -0.00160754 -0.00161993 -0.00160323 -0.00157529 -0.00156584 -0.00156092 -0.00154321 -0.00153243 -0.00153738 -0.00151191 -0.00149385 -0.00150007 -0.00148421 -0.00148045 -0.00148015 -0.00146894 -0.00146106 -0.00144938 -0.00145241 -0.00144176 -0.00143388 -0.00144396 -0.00142303 -0.00142656 -0.00143346 -0.00140791 -0.00142503 -0.00142203 -0.00140223 -0.00142597 -0.00140989 
0 1.36456e-05 1.85124e-05 3.96991e-05 4.7987e-05 6.26256e-05 8.39571e-05 8.67338e-05 0.000105152 0.000115218 0.000118489 0.000140387 0.000149947 0.000165856 0.000191532 0.000203085 0.000210141 0.000224016 0.000235441 0.00024114 0.000271913 0.000289773 0.000293799 0.000320771 0.000326918 0.000348371 0.000375913 0.000388604 0.000412661 0.000407954 0.000428486 0.000468329 0.000484361 0.000492501 0.000509847 0.000555232 0.000567792 0.000592628 0.000623591 0.000637416 0.000676965 0.000697699 0.00072582 0.000749409 0.000787482 0.000816968 0.00083993 0.0008914 0.000916528 0.000959922 0.0009989 0.00104886 0.00108756 0.00113409 0.00119524 0.00123524 0.00129787 0.00135064 0.00142171 0.00147485 0.00155159 0.0016276 0.00170718 0.00180007 0.00190123 0.00203247 0.0021699 0.00236494 0.00259435 0.00291601 0.00331799 0.00386726 0.00457365 0.00550562 0.00669523 0.00820273 0.0100909 0.0124193 0.0152532 0.0186093 0.0225364 0.0269958 0.0319502 0.0372395 0.0427464 0.0482453 0.0535312 0.0582706 0.0621998 0.0650028 0.0664643 0.0663317 0.0644931 0.0608643 0.0555048 0.0484608 0.0398976 0.030018 0.019179 0.00772395 -0.00396756 -0.0155909 -0.0267691 -0.0371481 -0.046339 -0.0540925 -0.0602021 -0.0645884 -0.0671635 -0.0679767 -0.0671104 -0.0647969 -0.0612446 -0.0567649 -0.0516232 -0.0461641 -0.040614 -0.0352207 -0.0301152 -0.0254734 -0.021348 -0.0177982 -0.0147804 -0.0122863 -0.0102478 -0.00861532 -0.00731834 -0.00630024 -0.00551844 -0.00491147 -0.00446232 -0.00410551 -0.00384588 -0.00362709 -0.0034733 -0.00332671 -0.0032141 -0.00310754 -0.00302297 -0.00293617 -0.00285341 -0.00279177 -0.00271861 -0.00265974 -0.00259208 -0.00255251 -0.00248798 -0.00244209 -0.00239998 -0.00235563 -0.00231257 -0.00227078 -0.00224695 -0.00219336 -0.0021697 -0.00213667 -0.00210181 -0.00206895 -0.00204131 -0.00201947 -0.00198028 -0.00196946 -0.00193232 -0.00191319 -0.00191014 -0.00187847 -0.00185064 -0.00183568 -0.00184221 -0.00181155 -0.00178445 -0.00177188 -0.00175275 -0.00175502 -0.00172914 -0.00171511 -0.00170852 -0.0016838 -0.00168773 -0.00168599 -0.00167058 -0.00165853 -0.00164973 -0.00163458 -0.00162317 -0.0016303 -0.00161615 -0.00160956 -0.00161393 -0.00159558 -0.00159669 -0.00159451 -0.00158443 -0.00159054 -0.00158088 -0.00157651 -0.00157593 -0.00156808 -0.0015731 -0.0015709 
0 1.65961e-05 2.65385e-05 4.65398e-05 5.38926e-05 6.68234e-05 8.51002e-05 9.02533e-05 0.000113398 0.000131633 0.000140387 0.000162759 0.000172163 0.000179596 0.000198101 0.000211242 0.000224843 0.000252179 0.000271755 0.000277874 0.000303581 0.000313713 0.000322995 0.000356924 0.000362682 0.000384101 0.00040373 0.000410925 0.000451335 0.000466595 0.000487075 0.000514578 0.000530484 0.000554856 0.000576768 0.000611183 0.000616871 0.000648174 0.000687089 0.000695664 0.000740203 0.000767842 0.000798823 0.000831768 0.000874269 0.00090919 0.000933494 0.000994932 0.00102009 0.00106174 0.00111059 0.0011586 0.00119963 0.00124732 0.00131996 0.00135699 0.00142478 0.00149167 0.00156587 0.00162643 0.00171154 0.00180893 0.00188819 0.00199754 0.0021175 0.00227065 0.00242221 0.00264752 0.0029246 0.0032872 0.00374897 0.00437558 0.00519573 0.00623924 0.00758303 0.0092779 0.0114075 0.0139957 0.0171428 0.0208578 0.0251852 0.0300501 0.0354142 0.0411185 0.0470237 0.0528838 0.0584689 0.0634589 0.0675571 0.0704404 0.0718536 0.0715751 0.0694767 0.065501 0.0596713 0.0520679 0.0428432 0.0322491 0.0206219 0.00834817 -0.00420341 -0.016667 -0.0286732 -0.0398213 -0.0497412 -0.0581308 -0.064791 -0.0696007 -0.0725059 -0.0735295 -0.072771 -0.0704253 -0.0667377 -0.0620263 -0.0565981 -0.0507834 -0.0448342 -0.039015 -0.0334889 -0.0284292 -0.0238898 -0.019959 -0.0166075 -0.0138355 -0.0115408 -0.00970258 -0.00823576 -0.00709621 -0.00619237 -0.00549852 -0.00498022 -0.00458082 -0.00426961 -0.00401781 -0.00384644 -0.00368222 -0.00355077 -0.0034287 -0.00334691 -0.00324354 -0.00315451 -0.00308536 -0.00301387 -0.00294037 -0.00286726 -0.00282745 -0.0027515 -0.00269872 -0.00264885 -0.00260353 -0.00254472 -0.00250089 -0.00247325 -0.00241142 -0.00238509 -0.00234917 -0.00231506 -0.00227776 -0.00225511 -0.00222861 -0.0021852 -0.002182 -0.00214332 -0.00211286 -0.00209789 -0.00207178 -0.00204949 -0.0020213 -0.00201048 -0.00197946 -0.00197029 -0.001963 -0.0019324 -0.00193043 -0.00190606 -0.00189523 -0.00189524 -0.00186683 -0.00185766 -0.00184492 -0.00182602 -0.00182037 -0.00181855 -0.00180881 -0.00179701 -0.00179738 -0.00178164 -0.00177211 -0.00177526 -0.00176034 -0.00175986 -0.00175676 -0.00174177 -0.00174427 -0.0017408 -0.00173761 -0.00174152 -0.0017383 -0.00173488 -0.00172964 
0 2.167e-05 2.16914e-05 4.96541e-05 6.34882e-05 7.06823e-05 9.80346e-05 0.000106045 0.000120708 0.000138943 0.000149947 0.000172163 0.000184289 0.000208301 0.000224617 0.000227529 0.000262518 0.00026912 0.000277004 0.000318381 0.000320145 0.000335911 0.000369642 0.000382942 0.000401369 0.000422563 0.000454656 0.000457897 0.000475305 0.000525072 0.000528589 0.000549812 0.000576877 0.000603344 0.000644577 0.000652593 0.000685448 0.000720029 0.000752142 0.000778002 0.000803122 0.000854379 0.000868853 0.000913028 0.000954909 0.000982945 0.00103015 0.00107178 0.00112411 0.00115369 0.00122198 0.00127093 0.00131431 0.00138302 0.0014427 0.00150703 0.00155929 0.00165418 0.00171664 0.00179228 0.001884 0.0019852 0.00208132 0.00218598 0.00234344 0.00249149 0.00268516 0.00292323 0.00326337 0.00366163 0.00419824 0.00491126 0.00584482 0.00702338 0.00852056 0.0104353 0.012795 0.0156792 0.0191268 0.0232302 0.0279308 0.0332126 0.0389489 0.0450604 0.0513103 0.0574963 0.0633122 0.0684986 0.0726949 0.0756 0.0769093 0.0764453 0.0740662 0.069733 0.0634455 0.0553059 0.0454816 0.0342459 0.0219322 0.00892712 -0.00438192 -0.0175989 -0.0303298 -0.0421697 -0.0527484 -0.0617452 -0.0689384 -0.0741814 -0.0774346 -0.0787078 -0.0781103 -0.0757941 -0.0720425 -0.0671588 -0.0615134 -0.0553851 -0.0490931 -0.0428629 -0.0369548 -0.0314706 -0.0265475 -0.0222122 -0.0185434 -0.0154597 -0.0129258 -0.010852 -0.00922345 -0.00793694 -0.00691961 -0.00612823 -0.00553341 -0.00509034 -0.00471739 -0.00444557 -0.00422841 -0.00406667 -0.00389268 -0.00377382 -0.00366497 -0.00356115 -0.0034547 -0.00337281 -0.00330391 -0.00320596 -0.0031447 -0.00307633 -0.00301875 -0.00294173 -0.00289986 -0.00284818 -0.00278325 -0.00274784 -0.00269811 -0.00265853 -0.00260529 -0.0025817 -0.00253431 -0.00249202 -0.00247399 -0.00242535 -0.00239717 -0.00236527 -0.00234751 -0.00231141 -0.00227759 -0.00226784 -0.00223913 -0.00222901 -0.00218868 -0.00216704 -0.00217394 -0.00213751 -0.00211439 -0.00210145 -0.00209088 -0.00206705 -0.00204863 -0.00205545 -0.00202236 -0.00201161 -0.00201852 -0.00198947 -0.00198599 -0.00197873 -0.00196197 -0.00195585 -0.00194436 -0.00194638 -0.00193023 -0.00192185 -0.00193125 -0.00190812 -0.0019138 -0.00191897 -0.00189138 -0.00190627 -0.00189912 -0.00187895 -0.00190374 -0.00188969 
0 1.35492e-05 3.58814e-05 4.69502e-05 6.55278e-05 8.41348e-05 9.91789e-05 0.000119203 0.000132652 0.000153935 0.000165856 0.000179596 0.000208301 0.00021259 0.00023974 0.00027111 0.000268809 0.000298373 0.000316073 0.000320884 0.000355857 0.00037894 0.00039653 0.000410859 0.000437918 0.000460863 0.000473015 0.000520062 0.000538952 0.000541378 0.000570634 0.000609646 0.000646031 0.000651236 0.000679154 0.000721174 0.000751463 0.000782891 0.000806775 0.000847881 0.000883127 0.000919689 0.000954649 0.000992808 0.00104041 0.00107506 0.00112344 0.00117085 0.00121887 0.00126693 0.00132547 0.00138299 0.00143442 0.00150426 0.00157102 0.00163667 0.00170716 0.00179568 0.00187363 0.00195614 0.00205883 0.00216773 0.00227435 0.00240122 0.00256592 0.00274233 0.00295589 0.00323878 0.00361515 0.0040761 0.00468437 0.00549437 0.00654463 0.00786255 0.00954048 0.011664 0.0142833 0.0174488 0.0212357 0.0256968 0.0307909 0.0364475 0.0425662 0.0490269 0.0556023 0.0620398 0.0680473 0.0733454 0.0775811 0.0804269 0.0815849 0.0808869 0.0782057 0.0735 0.0667646 0.058121 0.0477567 0.0359652 0.0230618 0.00943372 -0.00452939 -0.0183904 -0.0317464 -0.0441849 -0.0553549 -0.0649163 -0.0726278 -0.078314 -0.0819365 -0.0835042 -0.0831153 -0.0809078 -0.0771565 -0.0721871 -0.0663695 -0.0600022 -0.0533922 -0.0468099 -0.040512 -0.0346425 -0.0293144 -0.0246057 -0.0205782 -0.0171954 -0.0143853 -0.0120893 -0.0102638 -0.00882719 -0.00768207 -0.00678847 -0.00611191 -0.00560125 -0.00518651 -0.00486823 -0.00462684 -0.00443349 -0.00425315 -0.00411022 -0.00399171 -0.0038769 -0.00376444 -0.00367308 -0.00358981 -0.00349785 -0.00341991 -0.00334986 -0.00328143 -0.00320766 -0.00315239 -0.00309295 -0.00303418 -0.00298167 -0.00293366 -0.0028847 -0.00283485 -0.00279884 -0.00275198 -0.00271338 -0.00267378 -0.00264186 -0.00260959 -0.00256938 -0.00253947 -0.0025113 -0.00249735 -0.00245756 -0.00241983 -0.00240835 -0.00239709 -0.00237286 -0.00232449 -0.00231613 -0.00231092 -0.00228086 -0.00226641 -0.00224863 -0.0022313 -0.00220821 -0.00220747 -0.00220266 -0.00216982 -0.00217077 -0.00215435 -0.00213176 -0.00213871 -0.00212258 -0.00211328 -0.00210915 -0.00209846 -0.0020936 -0.00208105 -0.00208308 -0.00207579 -0.00206468 -0.00207349 -0.00205804 -0.00205494 -0.00206386 -0.00204623 -0.00205485 
0 1.1876e-05 4.39147e-05 4.80238e-05 7.24678e-05 9.49289e-05 9.90405e-05 0.000130472 0.000141919 0.000159581 0.000191532 0.000198101 0.000224617 0.00023974 0.000248659 0.000278679 0.000290093 0.000319988 0.000349854 0.000363949 0.000387928 0.000400322 0.000423356 0.000447958 0.000475718 0.000500871 0.000513615 0.000545857 0.000564562 0.000604031 0.000645805 0.000649171 0.000680617 0.000717609 0.000751008 0.000777267 0.000804539 0.000841511 0.000873225 0.000920442 0.000949275 0.000989331 0.00103896 0.001078 0.00112439 0.00116978 0.00122407 0.00126712 0.00132399 0.00137965 0.00143394 0.00149624 0.00155842 0.00162914 0.0016951 0.00177493 0.00185238 0.00194082 0.0020292 0.00212711 0.00223534 0.00235012 0.00247742 0.00262083 0.0027986 0.00299732 0.00324859 0.00356834 0.00398921 0.00451624 0.00521081 0.00612075 0.00729225 0.00876833 0.0106371 0.012985 0.0158643 0.0193357 0.0234627 0.0282889 0.033756 0.0397858 0.0462593 0.0530429 0.0598885 0.0665303 0.0726637 0.0780055 0.0821977 0.0849119 0.0858585 0.084883 0.0818691 0.0767755 0.0696029 0.0604908 0.0496532 0.0373891 0.0240018 0.00986138 -0.00463336 -0.019025 -0.0328944 -0.0458404 -0.0575238 -0.0676037 -0.0758123 -0.0819517 -0.0859701 -0.087874 -0.0877509 -0.0857249 -0.0820597 -0.0770798 -0.0711602 -0.0646058 -0.0577361 -0.050834 -0.0441765 -0.0379239 -0.0322107 -0.027123 -0.0227381 -0.0190296 -0.0159417 -0.0134068 -0.0113768 -0.00976752 -0.0084901 -0.00748944 -0.00672009 -0.00613482 -0.00567059 -0.00531376 -0.00503224 -0.00481226 -0.00461845 -0.00446094 -0.00432063 -0.00419867 -0.00408287 -0.00397834 -0.0038824 -0.00379069 -0.00370762 -0.00362195 -0.00355081 -0.00347604 -0.00340892 -0.00333963 -0.00328334 -0.00322247 -0.00316268 -0.00311647 -0.00306327 -0.00301594 -0.00296949 -0.00293679 -0.0028877 -0.00284984 -0.00282126 -0.00278177 -0.00275335 -0.00271381 -0.002682 -0.00265457 -0.0026375 -0.00259831 -0.00255538 -0.00255344 -0.00252861 -0.00250697 -0.00248607 -0.00245731 -0.00244631 -0.00243111 -0.00242027 -0.00239594 -0.00237741 -0.0023597 -0.00233767 -0.0023415 -0.00232286 -0.00231281 -0.00230999 -0.00228481 -0.00228575 -0.00227226 -0.00226198 -0.00226779 -0.00224512 -0.00224489 -0.00223869 -0.00222109 -0.00223412 -0.00222407 -0.00222209 -0.00223212 -0.00221245 -0.00221637 
0 1.52018e-05 4.75325e-05 5.29972e-05 7.69406e-05 0.000102783 0.000106557 0.000141847 0.000158799 0.000164533 0.000203085 0.000211242 0.000227529 0.00027111 0.000278679 0.00029932 0.000332165 0.000335881 0.000358141 0.000388347 0.000406092 0.000437845 0.000463122 0.000487125 0.000513857 0.000529558 0.0005705 0.000597861 0.000605703 0.000647349 0.000675943 0.000696375 0.000732647 0.000774278 0.000804662 0.000829523 0.000883493 0.000911302 0.000948226 0.000998518 0.00102245 0.00107269 0.00111614 0.00116112 0.00120065 0.00125784 0.00131605 0.00135306 0.00142962 0.00148463 0.00154755 0.00161335 0.00169154 0.00176403 0.00183001 0.00193066 0.00200533 0.00210097 0.00219278 0.00230954 0.00241497 0.00253683 0.00268608 0.00284014 0.0030343 0.00325242 0.00355268 0.00390285 0.00437897 0.00497641 0.00577153 0.00678472 0.00808915 0.00974138 0.0118146 0.0144015 0.0175489 0.0213491 0.0258194 0.0310146 0.036838 0.0432372 0.0500376 0.0571129 0.064172 0.0709682 0.0771595 0.0824726 0.0865332 0.0890417 0.0897135 0.0884154 0.0850331 0.0795364 0.071939 0.0624008 0.0511579 0.038507 0.0247417 0.010209 -0.00468635 -0.0194836 -0.0337523 -0.04711 -0.0592271 -0.0697701 -0.0784505 -0.0850493 -0.0894936 -0.0917764 -0.091979 -0.0902087 -0.0867209 -0.0818114 -0.0758649 -0.0691793 -0.0621112 -0.0549281 -0.0479445 -0.0413159 -0.0352359 -0.0297687 -0.0250283 -0.020973 -0.0176008 -0.0148137 -0.0125709 -0.0107716 -0.0093526 -0.00824176 -0.00737012 -0.00670571 -0.00618131 -0.00579168 -0.00545868 -0.00521323 -0.00499688 -0.00482906 -0.00465966 -0.00452602 -0.00440664 -0.00428345 -0.0041767 -0.00407409 -0.00399436 -0.00388578 -0.00381541 -0.00373818 -0.00366329 -0.00358939 -0.0035304 -0.00347559 -0.00339804 -0.00336107 -0.00330271 -0.00324818 -0.0031993 -0.00315831 -0.00311136 -0.00305794 -0.00303337 -0.00297853 -0.00294745 -0.00292199 -0.00287429 -0.0028472 -0.00282578 -0.00280052 -0.00276019 -0.00274674 -0.00272568 -0.00268228 -0.00267259 -0.00265138 -0.00262427 -0.00260427 -0.0025785 -0.00257094 -0.00255443 -0.00253619 -0.00253501 -0.00251166 -0.00249031 -0.00249 -0.00246861 -0.00245535 -0.00245942 -0.00243724 -0.00242446 -0.0024264 -0.00241174 -0.00240936 -0.00241312 -0.00240181 -0.00239436 -0.00238963 -0.00237868 -0.00237373 -0.00237868 -0.00237982 
0 2.01575e-05 3.85173e-05 6.0499e-05 8.41209e-05 0.000101295 0.000127089 0.000148369 0.00016193 0.000194365 0.000210141 0.000224843 0.000262518 0.000268809 0.000290093 0.000332165 0.000338284 0.000369319 0.00040464 0.000409671 0.000440072 0.000473784 0.000491667 0.000512481 0.000548359 0.000576865 0.000589668 0.000638571 0.000674715 0.000687151 0.000722699 0.00075613 0.000804753 0.000828982 0.000844396 0.000901266 0.000940672 0.000972995 0.00100871 0.00106194 0.00110608 0.00114266 0.00120913 0.00124448 0.0012988 0.00136183 0.0014115 0.00146771 0.00152943 0.00160602 0.00165192 0.00173472 0.00181474 0.00188335 0.00196781 0.00206157 0.00216298 0.00224193 0.00236829 0.00248239 0.00260431 0.00273634 0.00290439 0.00308539 0.00328023 0.00355069 0.00387127 0.0042858 0.00479418 0.00549495 0.00637369 0.00751107 0.00895032 0.0107923 0.0130854 0.0159093 0.0193543 0.023473 0.0283159 0.0338457 0.0400449 0.0467666 0.0538984 0.0611914 0.0684412 0.0753041 0.0815118 0.0866902 0.0905558 0.0927605 0.0931135 0.091427 0.0876545 0.0817283 0.0737345 0.0638091 0.052239 0.0392812 0.0252505 0.0104461 -0.00470618 -0.0197816 -0.0343274 -0.0480054 -0.0604672 -0.0714198 -0.0805308 -0.0876021 -0.0924893 -0.0952115 -0.0957842 -0.0943653 -0.0911245 -0.0863975 -0.0804762 -0.0737519 -0.0665145 -0.0591283 -0.0518193 -0.0448633 -0.0383944 -0.0325821 -0.0274526 -0.0230618 -0.0193655 -0.0163272 -0.013845 -0.0118441 -0.0102682 -0.00902642 -0.00805929 -0.00728514 -0.00671665 -0.00625911 -0.00590474 -0.00560026 -0.00538447 -0.00518607 -0.0050066 -0.00485577 -0.00472869 -0.00460711 -0.00447244 -0.00438513 -0.00428037 -0.00418386 -0.00408735 -0.00401895 -0.00393243 -0.00384506 -0.00379099 -0.00371391 -0.00364811 -0.00358323 -0.00353742 -0.00346991 -0.00341754 -0.00338088 -0.00331724 -0.00328385 -0.00324397 -0.00319832 -0.00315212 -0.00312784 -0.00310195 -0.00304257 -0.00301567 -0.0029902 -0.00296621 -0.00293349 -0.00288574 -0.00288017 -0.0028621 -0.00282599 -0.00280799 -0.00279455 -0.00277063 -0.00274211 -0.00274203 -0.00271899 -0.00268496 -0.00269008 -0.00266717 -0.00264712 -0.00265097 -0.00262714 -0.00261746 -0.00261545 -0.00260047 -0.00259476 -0.00258416 -0.00257537 -0.00256605 -0.00255731 -0.0025603 -0.00255283 -0.00255243 -0.00255593 -0.00254229 -0.00254287 
0 2.19832e-05 4.3868e-05 6.68531e-05 8.80723e-05 0.000111631 0.000132985 0.000153476 0.000179204 0.000198528 0.000224016 0.000252179 0.00026912 0.000298373 0.000319988 0.000335881 0.000369319 0.00039065 0.000418241 0.000453082 0.00047526 0.000497896 0.000520234 0.000558144 0.00058612 0.0006127 0.000653599 0.000668363 0.000696882 0.000743004 0.000787753 0.000813888 0.000829732 0.0008853 0.000927758 0.000965022 0.000999879 0.00103534 0.00109496 0.00113346 0.00118033 0.00122544 0.00128396 0.00133607 0.00138315 0.00145659 0.00150462 0.00157254 0.00163993 0.00171307 0.00177851 0.00185665 0.00195071 0.00201723 0.0021167 0.00221273 0.0023178 0.00241036 0.00253832 0.0026687 0.0027891 0.00294551 0.00312071 0.00332503 0.0035376 0.00384486 0.00420754 0.00466727 0.0052467 0.00603063 0.00702471 0.00827857 0.00988715 0.0119208 0.0144539 0.0175316 0.021288 0.025746 0.0309511 0.036831 0.0433768 0.0504257 0.0578315 0.065324 0.0726833 0.0795767 0.0856993 0.0906851 0.0942443 0.0960926 0.0960385 0.0939335 0.0897127 0.0833668 0.0749799 0.0647371 0.0528935 0.0397323 0.0255264 0.0105955 -0.00468755 -0.0198884 -0.0346085 -0.0484909 -0.0612298 -0.0725077 -0.0820283 -0.0895478 -0.0949236 -0.0981101 -0.099137 -0.0981221 -0.095241 -0.0907617 -0.0849759 -0.0782577 -0.0709392 -0.0633736 -0.0558046 -0.0485211 -0.0416988 -0.035525 -0.0300239 -0.0252766 -0.0212503 -0.0179397 -0.0152056 -0.0129999 -0.0112412 -0.00987308 -0.00878419 -0.00792261 -0.00727418 -0.00676873 -0.0063678 -0.00602621 -0.00578524 -0.00556277 -0.00537301 -0.00519566 -0.00506533 -0.00492414 -0.00478827 -0.0046809 -0.00457263 -0.00446964 -0.00436121 -0.00428988 -0.00419161 -0.00411122 -0.00403678 -0.00396665 -0.00389441 -0.00382538 -0.00377626 -0.00370211 -0.00365557 -0.00360176 -0.0035499 -0.00349759 -0.00345187 -0.00342004 -0.00336579 -0.0033262 -0.00328149 -0.00325971 -0.00323103 -0.0031748 -0.00314418 -0.00312414 -0.00310954 -0.0030673 -0.00303339 -0.00302007 -0.00299055 -0.00297446 -0.00295507 -0.00293179 -0.00290484 -0.00288446 -0.00287984 -0.00285545 -0.00284375 -0.00283592 -0.00281122 -0.0028034 -0.00279112 -0.00277696 -0.0027721 -0.00276033 -0.00275185 -0.00274372 -0.00273514 -0.00273031 -0.0027238 -0.00272092 -0.00271756 -0.00271263 -0.00271151 -0.00270769 
