0 0 0 0 0 0 0 0 0 0 0 0 0 0 0 0 0 0 0 0 0 0 0 0 0 0 0 0 0 0 0 0 0 0 0 0 0 0 0 0 0 0 0 0 0 0 0 0 0 0 0 0 0 0 0 0 0 0 0 0 0 0 0 0 0 0 0 0 0 0 0 0 0 0 0 0 0 0 0 0 0 0 0 0 0 0 0 0 0 0 0 0 0 0 0 0 0 0 0 0 0 0 0 0 0 0 0 0 0 0 0 0 0 0 0 0 0 0 0 0 0 0 0 0 0 0 0 0 0 0 0 0 0 0 0 0 0 0 0 0 0 0 0 0 0 0 0 0 0 0 0 0 0 0 0 0 0 0 0 0 0 0 0 0 0 0 0 0 0 0 0 0 0 0 0 0 0 0 0 0 0 0 0 0 0 0 0 0 0 0 0 0 0 0 0 0 0 0 0 0 
0 6.58519e-08 5.57242e-06 5.2125e-06 3.72631e-06 1.02187e-05 6.8198e-06 7.49465e-06 1.88549e-05 8.1084e-06 1.20435e-05 2.38721e-05 5.49006e-06 2.35461e-05 3.44504e-05 1.22184e-05 3.50781e-05 2.78216e-05 8.78488e-06 3.38624e-05 3.07123e-05 3.37927e-05 4.02949e-05 3.84848e-05 4.0988e-05 3.05982e-05 5.32211e-05 5.42696e-05 3.8864e-05 4.23348e-05 4.21098e-05 6.88413e-05 5.30709e-05 4.72633e-05 7.21822e-05 6.28502e-05 7.29807e-05 7.00194e-05 7.63282e-05 7.61898e-05 7.66029e-05 9.02737e-05 7.32318e-05 9.29338e-05 9.25344e-05 9.15647e-05 0.000101271 0.000105265 0.000115619 0.000106826 0.000131378 0.000127221 0.000130849 0.00014194 0.0001485 0.000153922 0.000150507 0.000175709 0.000169955 0.000179562 0.000186999 0.000205575 0.000207383 0.000213787 0.000238804 0.00024703 0.000261079 0.000269615 0.000305334 0.000315556 0.000337882 0.000361685 0.000407574 0.000441707 0.000485551 0.000554604 0.000648126 0.000762827 0.000898828 0.00109914 0.00135199 0.0016753 0.00205346 0.0025411 0.00312579 0.00382609 0.00459846 0.00545886 0.00635511 0.00725066 0.00803583 0.00865263 0.0090175 0.00909314 0.00879965 0.00810228 0.00696868 0.00544959 0.00361004 0.00157035 -0.000566941 -0.00266872 -0.00462914 -0.00631963 -0.00765843 -0.00857336 -0.00907439 -0.0091833 -0.00897348 -0.00848074 -0.00778233 -0.00693317 -0.00604486 -0.00516671 -0.00436103 -0.00361771 -0.00298235 -0.00244352 -0.00202167 -0.00166213 -0.00137702 -0.00114552 -0.000987287 -0.000856497 -0.000751821 -0.00066838 -0.000617353 -0.000578644 -0.000531777 -0.000501281 -0.000477322 -0.000467502 -0.00043198 -0.000420234 -0.000404417 -0.000399475 -0.000371183 -0.000363718 -0.000358654 -0.000343492 -0.000329852 -0.000318838 -0.000323307 -0.000296801 -0.000296976 -0.000288043 -0.000285719 -0.000268516 -0.000267751 -0.000270865 -0.000250134 -0.000257501 -0.000249028 -0.000251117 -0.00023622 -0.000243458 -0.000240967 -0.000223405 -0.000236113 -0.000220674 -0.00022249 -0.000214841 -0.000213771 -0.000207161 -0.000201208 -0.000220468 -0.000191945 -0.000194848 -0.000207569 -0.000204696 -0.000203527 -0.000180035 -0.000195367 -0.000199704 -0.000189834 -0.000184266 -0.000176262 -0.000189353 -0.000172837 -0.000184345 -0.000199303 -0.000166945 -0.000182516 -0.000184683 -0.000165449 -0.000183849 -0.000177726 -0.000168767 -0.000174304 -0.00016984 -0.000172055 -0.000173722 -0.000176637 -0.00017597 -0.0001688 -0.000171157 -0.000166864 -0.000164245 -0.00017392 -0.000169303 
0 5.57242e-06 -5.76762e-07 1.08058e-05 1.29511e-05 9.28332e-06 2.53201e-05 1.85851e-05 1.76289e-05 3.63143e-05 2.49158e-05 3.34199e-05 4.70777e-05 2.91138e-05 3.81073e-05 4.45122e-05 4.1333e-05 5.75031e-05 6.52095e-05 6.91039e-05 5.93139e-05 5.83615e-05 7.4324e-05 6.43902e-05 7.55491e-05 9.72853e-05 7.4092e-05 7.21429e-05 0.000109571 0.000114601 0.000100789 0.000105481 0.000113302 0.000122448 0.000125417 0.000122317 0.00012402 0.000141797 0.000148379 0.000140403 0.000165011 0.000169771 0.000169376 0.000186492 0.000193906 0.00019808 0.000199466 0.000224799 0.000217381 0.000224054 0.000246773 0.000248074 0.000257327 0.000267239 0.000297869 0.000289897 0.00031207 0.000336908 0.000349516 0.000360914 0.000381377 0.000420627 0.00041788 0.000449591 0.000474625 0.000513951 0.000519853 0.00055861 0.000604934 0.000639891 0.000675744 0.000725853 0.000813992 0.000876135 0.000977734 0.00110001 0.00130312 0.00151354 0.00181307 0.00219284 0.00272141 0.00334805 0.00413174 0.00509093 0.00627678 0.0076578 0.00921252 0.0109144 0.0127015 0.0144649 0.0160206 0.0172342 0.0179509 0.0180871 0.0174876 0.0160923 0.0138318 0.0108179 0.00716229 0.00311814 -0.00112964 -0.00529704 -0.00919267 -0.0125448 -0.0152113 -0.0170361 -0.0180488 -0.0182797 -0.0178746 -0.0169075 -0.0155278 -0.0138576 -0.0120927 -0.0103571 -0.00874068 -0.00727383 -0.00599166 -0.00493092 -0.00406231 -0.00336164 -0.0027693 -0.00232784 -0.00198246 -0.00173911 -0.00150925 -0.00136026 -0.00123781 -0.00116722 -0.0010679 -0.00100733 -0.000958924 -0.000925007 -0.000870838 -0.000826527 -0.000812911 -0.000776739 -0.000747153 -0.000710009 -0.000713698 -0.000675479 -0.000655624 -0.00063874 -0.000634597 -0.000608025 -0.000586938 -0.000593889 -0.000568157 -0.000556371 -0.000542146 -0.000545499 -0.000516704 -0.000508021 -0.000510379 -0.000486482 -0.000479214 -0.000472352 -0.000469604 -0.000447779 -0.000453116 -0.000451944 -0.000430059 -0.000437564 -0.000436679 -0.000427227 -0.000417257 -0.000414639 -0.000412291 -0.000410974 -0.00040211 -0.000374435 -0.00038547 -0.000408024 -0.000379937 -0.000363848 -0.000383375 -0.000379932 -0.000374649 -0.000380379 -0.000370231 -0.000358983 -0.000352283 -0.000360517 -0.000361704 -0.000350119 -0.000359157 -0.000352467 -0.00034349 -0.000356107 -0.000352562 -0.000348306 -0.000348551 -0.000342717 -0.000336871 -0.000336514 -0.000344997 -0.000341818 -0.000344276 -0.000350203 -0.000337221 -0.000340357 
0 5.2125e-06 1.08058e-05 1.40083e-05 1.65139e-05 2.30551e-05 2.55436e-05 2.86904e-05 3.93527e-05 3.78015e-05 4.15147e-05 5.37696e-05 4.70885e-05 6.06003e-05 7.43332e-05 6.31272e-05 7.96712e-05 7.93606e-05 6.84232e-05 9.0716e-05 9.38709e-05 0.000100048 0.000112351 0.00011194 0.000117041 0.000119245 0.00013527 0.0001403 0.000138146 0.000141062 0.00014594 0.000173806 0.000167502 0.000168495 0.000193911 0.000193635 0.000205131 0.000213341 0.000223005 0.000225788 0.000238681 0.000253779 0.000246653 0.000271791 0.00028139 0.000286938 0.000303432 0.000322477 0.000335082 0.000340124 0.000374439 0.000381672 0.000394375 0.000418051 0.000441781 0.000452933 0.000468468 0.000508025 0.000519862 0.000541544 0.00057118 0.000612377 0.000629502 0.000660954 0.000711627 0.000751075 0.000785789 0.000831698 0.000905419 0.000957148 0.0010199 0.00110166 0.00121994 0.0013329 0.00147874 0.00168418 0.00196607 0.00231018 0.00275108 0.00334746 0.00412136 0.00508454 0.00625773 0.0077162 0.00947963 0.011548 0.0138628 0.0163971 0.0190381 0.0216295 0.0239156 0.0256872 0.0267301 0.0268885 0.0259698 0.0238593 0.0205026 0.0160201 0.0106164 0.0046133 -0.00166718 -0.00785276 -0.0136098 -0.0185893 -0.02254 -0.0252816 -0.0268095 -0.0271976 -0.0266176 -0.0252139 -0.0231879 -0.02074 -0.0181355 -0.0155583 -0.0131512 -0.0109585 -0.00905136 -0.00744617 -0.00614293 -0.00506837 -0.00419646 -0.00351077 -0.00300061 -0.00260545 -0.00228419 -0.00204079 -0.00186872 -0.00174032 -0.00161137 -0.00151486 -0.00144252 -0.0013887 -0.00131127 -0.00125811 -0.00121793 -0.00118067 -0.00112511 -0.00108854 -0.00106747 -0.00102786 -0.000991366 -0.000964358 -0.000951758 -0.000909298 -0.000888637 -0.00087292 -0.000852472 -0.000822983 -0.000809922 -0.000803634 -0.000771542 -0.000765252 -0.000754271 -0.000741446 -0.000720906 -0.000719468 -0.000709986 -0.000684756 -0.000688417 -0.000672159 -0.000660273 -0.000650475 -0.000643713 -0.000630167 -0.000621116 -0.000629723 -0.000602494 -0.000600087 -0.000608626 -0.000598524 -0.000592117 -0.000576429 -0.000579159 -0.000577747 -0.00057071 -0.000559281 -0.000549439 -0.000556692 -0.000542483 -0.000549377 -0.000556382 -0.000532414 -0.000540568 -0.000537955 -0.000524653 -0.000534885 -0.00052772 -0.0005202 -0.000521625 -0.000517037 -0.000517376 -0.000519555 -0.000520393 -0.000518099 -0.000514337 -0.000512191 -0.000508379 -0.000506032 -0.000507738 -0.000511404 
0 3.72631e-06 1.29511e-05 1.65139e-05 2.26718e-05 3.24712e-05 3.29737e-05 4.10049e-05 5.1538e-05 4.9409e-05 6.06717e-05 6.96381e-05 6.53058e-05 8.08743e-05 8.79993e-05 8.53507e-05 0.000103024 0.000106907 0.000107024 0.00012117 0.000126612 0.000132675 0.00013945 0.000149485 0.000157216 0.000157735 0.000175535 0.000185725 0.000186651 0.000196943 0.000206448 0.000223121 0.000225719 0.0002316 0.000251204 0.000256176 0.000269386 0.00028026 0.00029204 0.000306295 0.000316983 0.00033584 0.000342546 0.000362828 0.000378919 0.000388963 0.000411327 0.000426085 0.000446755 0.000460201 0.000487759 0.000507225 0.000524232 0.000556129 0.000578292 0.000606473 0.000629516 0.000670588 0.000697279 0.000728616 0.000771264 0.000811736 0.0008529 0.000891343 0.000954735 0.00100243 0.00105997 0.00112122 0.00120553 0.00128226 0.00136894 0.00148428 0.00162459 0.00179128 0.00198988 0.00227569 0.00264046 0.00311825 0.00372032 0.00453165 0.00556272 0.00686132 0.00844663 0.010403 0.0127487 0.0154858 0.0185538 0.0218875 0.0253441 0.0287003 0.0316636 0.033938 0.0352647 0.0354 0.0341342 0.031301 0.0268776 0.0209827 0.0139109 0.00603712 -0.00218164 -0.010294 -0.0178255 -0.024364 -0.0295548 -0.0332061 -0.0352675 -0.0358529 -0.0351387 -0.0333517 -0.0307337 -0.0275756 -0.0241792 -0.0208018 -0.0176184 -0.0147233 -0.0121933 -0.0100502 -0.00829203 -0.00684402 -0.00568051 -0.00475398 -0.00405777 -0.00350845 -0.00308727 -0.00275266 -0.00251789 -0.00232544 -0.00216767 -0.00203248 -0.00193305 -0.00184642 -0.00175626 -0.00168423 -0.00162041 -0.00156889 -0.00150091 -0.00145682 -0.00141091 -0.00137075 -0.00132252 -0.00128944 -0.00125983 -0.00121949 -0.00119242 -0.00116282 -0.00114148 -0.00110646 -0.00108933 -0.00106725 -0.00104144 -0.00102389 -0.00100341 -0.000988791 -0.000963659 -0.000954779 -0.000936761 -0.000918973 -0.000909821 -0.000892559 -0.000883709 -0.000868587 -0.000860639 -0.000846497 -0.000835959 -0.000834348 -0.00081477 -0.000806814 -0.000801487 -0.000795153 -0.000786155 -0.000769403 -0.000771485 -0.000767192 -0.000755367 -0.000750249 -0.000745062 -0.000742991 -0.000731367 -0.000730349 -0.000731207 -0.000714252 -0.0007169 -0.000716887 -0.000703494 -0.000708039 -0.0007051 -0.000696599 -0.000698584 -0.000695225 -0.000691756 -0.000690427 -0.00068871 -0.000686732 -0.000682276 -0.000683581 -0.000684295 -0.000682272 -0.000684064 -0.000679986 
0 1.02187e-05 9.28332e-06 2.30551e-05 3.24712e-05 3.07952e-05 4.91445e-05 5.4997e-05 4.9816e-05 7.47946e-05 7.59249e-05 7.3041e-05 0.000105924 9.35152e-05 9.28415e-05 0.000127034 0.000110675 0.000128921 0.000159231 0.000145365 0.000158556 0.000164313 0.00017293 0.000183397 0.000191365 0.000220833 0.000205368 0.00021367 0.000245912 0.000257054 0.000270493 0.000254064 0.000287447 0.000308868 0.000299649 0.000326052 0.000328539 0.00035455 0.000364122 0.000380755 0.000403084 0.000407628 0.000446391 0.000446932 0.000474483 0.000495473 0.000511233 0.000538642 0.000550805 0.000590966 0.000597662 0.00063655 0.000661605 0.00069018 0.000725085 0.000753623 0.000802508 0.000824541 0.000880725 0.00091494 0.000969766 0.00101277 0.00107038 0.00113138 0.00118675 0.0012631 0.00132797 0.00142222 0.00150048 0.00161578 0.00172487 0.00187597 0.00204105 0.00225951 0.00252988 0.00288568 0.00335358 0.00395612 0.00475183 0.00576755 0.00708196 0.00870793 0.0107361 0.0131811 0.0161182 0.0194976 0.0233062 0.0273925 0.031612 0.0356547 0.0392226 0.0419294 0.0434774 0.043537 0.0418854 0.0383285 0.0328694 0.0256399 0.016995 0.00737226 -0.00266827 -0.0125807 -0.0217816 -0.029785 -0.0361662 -0.0407085 -0.0433285 -0.0441535 -0.0433637 -0.041259 -0.0381223 -0.0343342 -0.0302085 -0.0260844 -0.0221464 -0.0185791 -0.0154243 -0.0127555 -0.0105149 -0.00869943 -0.00721832 -0.00606177 -0.00514659 -0.00445121 -0.00390682 -0.00349437 -0.00317531 -0.0029238 -0.00272975 -0.00255974 -0.00243142 -0.00230287 -0.00221303 -0.00210915 -0.00203665 -0.00195034 -0.00189228 -0.00182299 -0.00176419 -0.00171307 -0.00165978 -0.00162068 -0.00156318 -0.00153969 -0.00148897 -0.00146195 -0.00142034 -0.00139667 -0.0013649 -0.00132759 -0.00131573 -0.00127527 -0.00126149 -0.00122715 -0.00121709 -0.00118788 -0.00116496 -0.00116102 -0.00112634 -0.00112493 -0.00109885 -0.00109132 -0.00107669 -0.00106299 -0.00105591 -0.00101957 -0.00103716 -0.00102081 -0.000992385 -0.000983058 -0.00097468 -0.000991065 -0.000957619 -0.000943271 -0.00094938 -0.000941759 -0.000941923 -0.0009213 -0.000929196 -0.000910378 -0.000887822 -0.000917457 -0.000893427 -0.000883032 -0.000900966 -0.00087404 -0.000874921 -0.000884086 -0.000870825 -0.000871483 -0.000868429 -0.000860162 -0.000855706 -0.000856476 -0.000859455 -0.000854588 -0.000856334 -0.000858445 -0.000850297 -0.00085142 
0 6.8198e-06 2.53201e-05 2.55436e-05 3.29737e-05 4.91445e-05 4.63404e-05 6.24303e-05 7.66897e-05 7.30726e-05 9.41339e-05 9.89057e-05 0.000100294 0.000125641 0.000130494 0.000141736 0.000152302 0.000152887 0.000162822 0.000165209 0.000193509 0.000210633 0.000206683 0.000234961 0.000236216 0.000233025 0.000269277 0.000286557 0.000275901 0.000282262 0.00031301 0.000329349 0.000343091 0.000355586 0.000366647 0.00039768 0.000415005 0.000420648 0.00044118 0.000467851 0.000475602 0.000494355 0.000525169 0.00053633 0.000560208 0.000591415 0.000617353 0.000635324 0.000674371 0.000708579 0.000726915 0.000768787 0.000805978 0.000839862 0.000868254 0.000922607 0.000961972 0.000996992 0.00105219 0.00110725 0.00116113 0.00120824 0.00129007 0.00135486 0.00142808 0.00150559 0.00161013 0.00170759 0.00181076 0.00194439 0.00209645 0.00227524 0.00247363 0.00275312 0.00309219 0.0035402 0.00409969 0.00486258 0.00583727 0.00709788 0.00867778 0.0106739 0.0131275 0.0160937 0.0195909 0.0236191 0.0281149 0.0329218 0.0378158 0.0424727 0.0465431 0.0496059 0.0512904 0.0512169 0.0491372 0.0448578 0.0384045 0.0299266 0.0198279 0.00859576 -0.00311622 -0.0146826 -0.02542 -0.0347838 -0.0422906 -0.0477021 -0.0509035 -0.0520143 -0.0512237 -0.0488753 -0.0453191 -0.0409791 -0.0362175 -0.0313911 -0.0267581 -0.0225213 -0.0187769 -0.0155558 -0.0128513 -0.0106267 -0.00884522 -0.00741691 -0.00629914 -0.00541882 -0.00476612 -0.00424903 -0.0038559 -0.00353116 -0.0033008 -0.00309909 -0.0029311 -0.00277801 -0.0026645 -0.00255815 -0.00244769 -0.00235794 -0.00227968 -0.00221071 -0.00212175 -0.00206633 -0.00200715 -0.00194984 -0.00188391 -0.00184455 -0.00180077 -0.00174331 -0.00170687 -0.00167238 -0.00163555 -0.00158924 -0.00157233 -0.00154032 -0.00150374 -0.00148404 -0.00146356 -0.00143363 -0.00140769 -0.00139845 -0.00136586 -0.00134311 -0.0013338 -0.00130879 -0.00128108 -0.00127174 -0.00126221 -0.00123884 -0.00122595 -0.00120877 -0.00120454 -0.00120854 -0.00118207 -0.00115282 -0.00116153 -0.00116607 -0.00113139 -0.00112386 -0.00111954 -0.00109738 -0.00110399 -0.00110281 -0.0010949 -0.00108447 -0.00107326 -0.00107577 -0.00106294 -0.0010621 -0.0010622 -0.0010439 -0.00104389 -0.00104051 -0.0010366 -0.00104153 -0.00103899 -0.00103672 -0.00103011 -0.00102711 -0.00102145 -0.00101482 -0.00102352 -0.0010227 
0 7.49465e-06 1.85851e-05 2.86904e-05 4.10049e-05 5.4997e-05 6.24303e-05 7.37403e-05 8.47831e-05 9.19096e-05 0.000107196 0.000116006 0.000126218 0.000139402 0.000143482 0.000159922 0.000172087 0.000184963 0.000207552 0.000209775 0.00022234 0.000235246 0.000236695 0.000262131 0.000277387 0.000284522 0.000304536 0.000317446 0.000332522 0.000357669 0.000373505 0.000376615 0.000399562 0.000421928 0.000428974 0.000453126 0.000473934 0.000487432 0.000514724 0.000543673 0.000557835 0.0005844 0.000620738 0.000636232 0.0006625 0.00069959 0.000724639 0.000745909 0.000787768 0.000823947 0.000845427 0.000891204 0.000937765 0.000973116 0.00101241 0.00107563 0.0011251 0.00116745 0.00123501 0.00130474 0.00136403 0.00142543 0.00151914 0.00160038 0.00167877 0.00177461 0.00189652 0.00201058 0.00212858 0.00228722 0.00247357 0.00268078 0.00292146 0.0032562 0.0036774 0.00421071 0.00489033 0.00580709 0.00699 0.00849122 0.0103722 0.0127366 0.0156412 0.019118 0.023183 0.0278302 0.0329816 0.0384402 0.0439322 0.0491058 0.0535785 0.0568976 0.0586279 0.0583566 0.0558082 0.0508156 0.0434133 0.0337901 0.0223661 0.00969306 -0.00352446 -0.0165682 -0.0286986 -0.0392988 -0.0478637 -0.0541116 -0.0579164 -0.0593625 -0.0586545 -0.056158 -0.0522865 -0.0474972 -0.0421885 -0.0367398 -0.0314594 -0.0265935 -0.022263 -0.0185055 -0.0153189 -0.0126894 -0.0105739 -0.00887667 -0.007526 -0.00646686 -0.005673 -0.00505553 -0.00456778 -0.00417528 -0.00389052 -0.00365366 -0.00344421 -0.00325933 -0.00312269 -0.00299665 -0.00286428 -0.00275217 -0.00266478 -0.00257917 -0.00247822 -0.00240752 -0.00234531 -0.00227604 -0.00220192 -0.00215687 -0.00210836 -0.0020451 -0.00200004 -0.00196501 -0.00191911 -0.00186775 -0.00184286 -0.0018058 -0.00176053 -0.00173239 -0.00170765 -0.00166876 -0.00163847 -0.0016246 -0.00159151 -0.0015651 -0.00155299 -0.00153091 -0.00150595 -0.00149471 -0.00147546 -0.00145005 -0.00144479 -0.00142558 -0.00139772 -0.00138823 -0.0013793 -0.00136103 -0.00135002 -0.00134016 -0.00132121 -0.00132266 -0.00131738 -0.00129835 -0.00129475 -0.00127856 -0.00126746 -0.00126645 -0.00125556 -0.00125144 -0.00124363 -0.00123584 -0.00123331 -0.00122906 -0.00122726 -0.0012217 -0.00121659 -0.0012093 -0.00120337 -0.00120133 -0.00119587 -0.00120243 -0.00120438 -0.00119869 -0.00120215 -0.00119191 
0 1.88549e-05 1.76289e-05 3.93527e-05 5.1538e-05 4.9816e-05 7.66897e-05 8.47831e-05 8.67148e-05 0.000117256 0.000118052 0.000125611 0.000158168 0.000154045 0.000166683 0.000193775 0.00019058 0.000208396 0.000230877 0.000239254 0.000252872 0.000267456 0.000289262 0.00029599 0.000312456 0.000343073 0.000343595 0.000356504 0.0003828 0.000406219 0.00042263 0.000425371 0.000460998 0.000486206 0.000495305 0.000524418 0.000542736 0.000569437 0.000592372 0.000617439 0.000643322 0.000665452 0.000706111 0.000724 0.000757904 0.000797967 0.000824879 0.000863325 0.000900491 0.000948489 0.000976576 0.0010282 0.00108054 0.00111809 0.0011738 0.00123018 0.00129466 0.00133947 0.00141849 0.00149248 0.00156018 0.00163951 0.00173468 0.00183795 0.00192094 0.00204539 0.00217352 0.00231596 0.00245231 0.00264276 0.00286107 0.00310476 0.00340168 0.00379355 0.00430706 0.00493168 0.00575726 0.0068322 0.00824322 0.00999292 0.0122047 0.0149435 0.0183116 0.0222914 0.0269217 0.0321561 0.0379144 0.0439457 0.0499454 0.0555298 0.0602915 0.0637532 0.0654281 0.0648885 0.061835 0.0561417 0.0478445 0.0371844 0.0245789 0.0106468 -0.00388779 -0.0182171 -0.0315787 -0.0432836 -0.0528272 -0.0598731 -0.0642943 -0.0661252 -0.0655879 -0.0630496 -0.0589763 -0.053846 -0.0480876 -0.0421038 -0.0362371 -0.0307832 -0.0258768 -0.0215938 -0.0179168 -0.0148786 -0.0123999 -0.0104233 -0.00881861 -0.00757767 -0.00661655 -0.00589255 -0.00529916 -0.00484254 -0.00449132 -0.00421545 -0.00396841 -0.00375345 -0.00359387 -0.00344065 -0.00330058 -0.00316123 -0.00306803 -0.0029579 -0.00285711 -0.00276431 -0.00269366 -0.00261342 -0.00252916 -0.00247529 -0.00240886 -0.00234949 -0.00228535 -0.00224752 -0.00219129 -0.0021393 -0.0021055 -0.00206024 -0.00202225 -0.00198036 -0.00195748 -0.0019152 -0.0018833 -0.00186256 -0.00182538 -0.00180312 -0.00177342 -0.00175203 -0.00172603 -0.00170548 -0.001686 -0.00165217 -0.00164986 -0.00163281 -0.00160274 -0.00158779 -0.00157722 -0.00157432 -0.00154445 -0.00152604 -0.00152731 -0.0015092 -0.00149592 -0.00148425 -0.00147864 -0.00146411 -0.00144768 -0.00145815 -0.00143945 -0.00142371 -0.00143553 -0.00141302 -0.00140553 -0.00141398 -0.00139452 -0.00139255 -0.00139316 -0.0013802 -0.0013835 -0.00138304 -0.00137508 -0.00137342 -0.00136932 -0.0013659 -0.00136634 -0.00136666 
0 8.1084e-06 3.63143e-05 3.78015e-05 4.9409e-05 7.47946e-05 7.30726e-05 9.19096e-05 0.000117256 0.000113036 0.000136859 0.000158857 0.000150469 0.000181745 0.000203984 0.000199357 0.000232623 0.000242286 0.000240164 0.000268632 0.000286097 0.000308812 0.000322048 0.000341118 0.000361383 0.000357587 0.000397944 0.000426543 0.000428628 0.000440523 0.000460712 0.000512632 0.000516389 0.000530189 0.000569747 0.000586171 0.000624826 0.000636373 0.000670348 0.00069869 0.000722771 0.000764592 0.000779134 0.00082956 0.000853953 0.000895575 0.000936199 0.000970283 0.00102632 0.00105571 0.00111898 0.00115632 0.00121839 0.00126894 0.00132557 0.00139724 0.00145019 0.0015331 0.00159486 0.00169195 0.00176191 0.00186315 0.00196317 0.00207198 0.00218853 0.00231196 0.00247189 0.00261451 0.00280271 0.00299969 0.00326519 0.00354046 0.00390736 0.00436273 0.004963 0.00570883 0.00667828 0.00794962 0.00957283 0.011621 0.0141558 0.0173146 0.0211186 0.0256279 0.0307844 0.0365991 0.0428797 0.0494195 0.0558101 0.0617107 0.0666276 0.0701206 0.0716263 0.0707538 0.0671622 0.0607888 0.0516593 0.0400762 0.0264465 0.0114458 -0.00419873 -0.0196127 -0.0340291 -0.0467021 -0.0571356 -0.0649351 -0.0699797 -0.0722407 -0.0719709 -0.0694984 -0.0653562 -0.0599877 -0.053902 -0.0474617 -0.0411058 -0.0350881 -0.0296536 -0.0248276 -0.0206936 -0.0172079 -0.0143769 -0.012069 -0.010227 -0.0087634 -0.0076406 -0.00677138 -0.00608031 -0.00554537 -0.00511969 -0.00479856 -0.00450149 -0.00427476 -0.00406157 -0.00390302 -0.00372691 -0.00359197 -0.00345839 -0.00334481 -0.00323169 -0.00312462 -0.00304265 -0.00294164 -0.00287242 -0.00278105 -0.00272522 -0.00264505 -0.002589 -0.0025281 -0.00246913 -0.00242579 -0.00236263 -0.00233237 -0.00227412 -0.00224496 -0.00219713 -0.00216319 -0.00213381 -0.00208605 -0.00206954 -0.00202466 -0.00200699 -0.00197133 -0.00194221 -0.00192248 -0.00189231 -0.00188834 -0.00183916 -0.00182409 -0.00182622 -0.0018029 -0.00177725 -0.00174209 -0.00175388 -0.00174083 -0.00170878 -0.00169889 -0.00167929 -0.00167495 -0.00165674 -0.00165602 -0.0016548 -0.00161696 -0.001624 -0.0016208 -0.00159334 -0.00160554 -0.00159484 -0.00157147 -0.00157759 -0.00157071 -0.00156071 -0.00156664 -0.0015601 -0.001552 -0.00155353 -0.00154445 -0.00153953 -0.00154134 -0.00153678 -0.00154039 
0 1.20435e-05 2.49158e-05 4.15147e-05 6.06717e-05 7.59249e-05 9.41339e-05 0.000107196 0.000118052 0.000136859 0.000149193 0.000167315 0.000184992 0.000197467 0.000215568 0.000224816 0.000249302 0.000270331 0.00028484 0.000318119 0.000316294 0.000328104 0.000360601 0.000363686 0.000398401 0.000427454 0.000432714 0.00045182 0.000483183 0.000519183 0.000530559 0.000552108 0.00057106 0.00059912 0.000639526 0.000644701 0.000678915 0.000716731 0.000743568 0.000776237 0.000812265 0.000853796 0.000876822 0.000928927 0.000964507 0.000997115 0.00104775 0.00109002 0.00113665 0.00117766 0.00124468 0.00128994 0.00134756 0.00141657 0.00148192 0.00155161 0.00162202 0.00171594 0.00178994 0.00188552 0.00198171 0.00209287 0.0021997 0.0023213 0.00246029 0.0026015 0.00276593 0.0029394 0.00315386 0.00338368 0.00367226 0.00400618 0.0044363 0.00496908 0.00566039 0.0065407 0.00768063 0.0091499 0.0110176 0.013365 0.0162685 0.0198344 0.0241012 0.0291059 0.0347975 0.0411239 0.0478818 0.0548125 0.0615122 0.0675908 0.0725571 0.0759356 0.0771834 0.0758929 0.0717562 0.0647128 0.0548361 0.0424368 0.0279591 0.0120768 -0.00445146 -0.0207522 -0.0360283 -0.0495381 -0.060752 -0.0692681 -0.0749189 -0.0776705 -0.0777411 -0.0754708 -0.0713673 -0.0659027 -0.0595807 -0.052811 -0.0460266 -0.0395285 -0.03357 -0.0282438 -0.0236326 -0.0197207 -0.0164938 -0.0138565 -0.0117401 -0.0100563 -0.00873968 -0.00771427 -0.00691134 -0.00628773 -0.00578681 -0.00539505 -0.00506355 -0.00479918 -0.00455497 -0.00435673 -0.00417142 -0.00401596 -0.00385948 -0.00372583 -0.00360687 -0.00349022 -0.00338313 -0.00328156 -0.00320374 -0.00310624 -0.00303142 -0.00295736 -0.00289411 -0.0028184 -0.00275931 -0.00271035 -0.00264216 -0.00259397 -0.0025435 -0.00250092 -0.0024419 -0.00240909 -0.00237045 -0.00232019 -0.00229548 -0.00225852 -0.00222608 -0.00219258 -0.00217872 -0.00214202 -0.00210604 -0.00209944 -0.00206777 -0.00204617 -0.0020142 -0.00198748 -0.00198031 -0.00196578 -0.00193832 -0.0019059 -0.00191289 -0.00189819 -0.00187664 -0.00188008 -0.00184706 -0.00183162 -0.00182844 -0.00181171 -0.00180759 -0.00179364 -0.0017828 -0.00177346 -0.00176664 -0.00176696 -0.00175778 -0.00175372 -0.00174476 -0.00173399 -0.00172782 -0.00171908 -0.00172304 -0.00172239 -0.00172241 -0.00172601 -0.00171464 -0.00171263 
0 2.38721e-05 3.34199e-05 5.37696e-05 6.96381e-05 7.3041e-05 9.89057e-05 0.000116006 0.000125611 0.000158857 0.000167315 0.000179089 0.000210352 0.000216878 0.000238396 0.000261608 0.000273092 0.000292592 0.000304623 0.000335046 0.000351652 0.000369768 0.000413495 0.000411772 0.000432858 0.000472635 0.000475455 0.000506728 0.000532484 0.000550603 0.000580683 0.000606833 0.000640088 0.000665275 0.000702921 0.000726435 0.000754179 0.000803744 0.000819316 0.000855076 0.0009005 0.000930242 0.000967959 0.00101388 0.001064 0.00109534 0.00115548 0.00121277 0.00125187 0.00131592 0.00137965 0.00143928 0.00149347 0.00157638 0.00164885 0.0017117 0.00180248 0.0018941 0.00198438 0.0020729 0.00219673 0.0023124 0.00242867 0.00256721 0.00272606 0.00289132 0.0030598 0.00327612 0.00351396 0.00378798 0.00410166 0.00450904 0.00500723 0.00563034 0.00642492 0.0074577 0.00878683 0.0104691 0.0126032 0.0152672 0.0185622 0.022538 0.027271 0.0327516 0.0389553 0.0457329 0.0528943 0.0601094 0.067012 0.0731398 0.078031 0.0811622 0.0820532 0.0802753 0.0755816 0.0678945 0.057353 0.0442579 0.0291047 0.0125377 -0.00465313 -0.0216331 -0.0375776 -0.0517799 -0.0636657 -0.0728448 -0.0790862 -0.0823716 -0.0828611 -0.0809133 -0.0769694 -0.0715387 -0.065091 -0.0581055 -0.0509772 -0.0440716 -0.037623 -0.0318243 -0.0267379 -0.0224023 -0.0187597 -0.015777 -0.013362 -0.011443 -0.00991274 -0.00871439 -0.00778545 -0.007062 -0.00648249 -0.00600994 -0.00564428 -0.00533509 -0.00506803 -0.00482352 -0.00463418 -0.0044541 -0.00428266 -0.00412554 -0.00399943 -0.00387464 -0.00374061 -0.00363804 -0.00354088 -0.00344321 -0.0033394 -0.00326972 -0.00319162 -0.00310447 -0.00304032 -0.00298082 -0.00291666 -0.00284756 -0.0028107 -0.0027548 -0.00269727 -0.00266321 -0.00261885 -0.00257277 -0.00253072 -0.00250596 -0.00245593 -0.00241775 -0.0023996 -0.00235369 -0.00232665 -0.00229922 -0.0022711 -0.00224879 -0.00222635 -0.00220596 -0.00217512 -0.00217019 -0.00214278 -0.00211403 -0.0021186 -0.00207998 -0.00205845 -0.00205743 -0.00203489 -0.00202616 -0.00201243 -0.00200402 -0.00198874 -0.001974 -0.00197856 -0.00195651 -0.00194769 -0.00194678 -0.00192339 -0.00192241 -0.00191822 -0.00191233 -0.00191718 -0.00190841 -0.00190442 -0.00189454 -0.00188564 -0.00188719 -0.00188166 -0.00188969 
0 5.49006e-06 4.70777e-05 4.70885e-05 6.53058e-05 0.000105924 0.000100294 0.000126218 0.000158168 0.000150469 0.000184992 0.000210352 0.000208959 0.000245001 0.000264225 0.000275743 0.000306338 0.000325613 0.000344144 0.000357953 0.000388253 0.000415103 0.000422033 0.000461626 0.00048427 0.000492949 0.000530451 0.000565269 0.000593021 0.000597742 0.000632114 0.000684516 0.000694336 0.000724715 0.000760095 0.000793266 0.000833056 0.000863983 0.000904098 0.000938816 0.000989937 0.00102739 0.00106315 0.00112407 0.00116298 0.00121059 0.0012668 0.00132535 0.00137494 0.00143494 0.00151363 0.00156757 0.00164025 0.0017253 0.00180664 0.00188249 0.00197852 0.0020898 0.00217883 0.00229042 0.00241957 0.00255305 0.00267728 0.00283236 0.00301333 0.00318747 0.00338279 0.00361757 0.00389863 0.00419535 0.00456258 0.00502808 0.00561286 0.00632713 0.00724605 0.00844683 0.00997597 0.0119008 0.0143115 0.0173295 0.0210111 0.0254254 0.0305993 0.0365615 0.0432149 0.050405 0.0578623 0.0652822 0.0722518 0.0783247 0.0829937 0.0857754 0.0861979 0.0838921 0.078618 0.0703395 0.059206 0.0455567 0.0298866 0.0128456 -0.00480515 -0.0222447 -0.0386822 -0.0534142 -0.065874 -0.0756393 -0.0824681 -0.0863052 -0.0873052 -0.0857719 -0.0821303 -0.0768424 -0.0704119 -0.063302 -0.0559502 -0.0486924 -0.0418328 -0.0355703 -0.0300466 -0.0252668 -0.021223 -0.0178605 -0.015142 -0.0129536 -0.0112023 -0.00980952 -0.00873523 -0.00790029 -0.00722298 -0.00667668 -0.00624575 -0.00590332 -0.00558686 -0.00531706 -0.00509168 -0.00489991 -0.00470055 -0.00452633 -0.00438503 -0.00424466 -0.00410343 -0.00397912 -0.0038835 -0.00376788 -0.00366475 -0.00357999 -0.00349966 -0.00340916 -0.00333125 -0.00327435 -0.00319469 -0.0031304 -0.00307469 -0.0030187 -0.00295615 -0.00290646 -0.00286733 -0.00280566 -0.00276874 -0.00272966 -0.00268714 -0.00265071 -0.00261216 -0.00258371 -0.0025486 -0.00252762 -0.0024843 -0.00244985 -0.00244981 -0.00241361 -0.00237555 -0.00235179 -0.00234481 -0.0023284 -0.00228701 -0.00228112 -0.00226683 -0.00224071 -0.00223262 -0.00221833 -0.00220472 -0.0021787 -0.00217324 -0.0021705 -0.00213824 -0.00214524 -0.00213695 -0.00210584 -0.00212344 -0.00211113 -0.00208858 -0.00210241 -0.00208246 -0.00207132 -0.00208399 -0.00206737 -0.0020683 -0.0020758 -0.00205851 -0.0020634 
0 2.35461e-05 2.91138e-05 6.06003e-05 8.08743e-05 9.35152e-05 0.000125641 0.000139402 0.000154045 0.000181745 0.000197467 0.000216878 0.000245001 0.000263866 0.000279783 0.000306548 0.000326183 0.000345807 0.000380677 0.0004047 0.000422188 0.000441207 0.000466232 0.000494049 0.000517428 0.00055985 0.000583137 0.000590998 0.00062994 0.000676464 0.000708344 0.000717834 0.000753157 0.000800887 0.000830133 0.000866911 0.000896156 0.00094436 0.000985436 0.00102475 0.00107443 0.00111304 0.0011705 0.00121447 0.00127051 0.00132237 0.0013799 0.001446 0.00149729 0.00157559 0.00163972 0.00171733 0.00179041 0.0018812 0.00197056 0.00205352 0.00216745 0.00226953 0.00238722 0.00249835 0.00264841 0.00278423 0.00293184 0.00310395 0.00329571 0.00349869 0.00370952 0.00398769 0.00428629 0.00464124 0.00505013 0.00560006 0.00626182 0.0070958 0.00815324 0.00953764 0.011287 0.0134676 0.0161936 0.019564 0.0236605 0.0284918 0.0341233 0.0405129 0.0475889 0.055091 0.0627785 0.0702718 0.0772121 0.08308 0.0874231 0.0897241 0.0896117 0.0867124 0.0808714 0.0720308 0.0604104 0.0463258 0.0303196 0.0129851 -0.00490784 -0.0226185 -0.0393537 -0.0544756 -0.0673805 -0.0776749 -0.085052 -0.0894803 -0.0910372 -0.0900323 -0.0867889 -0.0817904 -0.0754776 -0.0683799 -0.060879 -0.0533798 -0.0461492 -0.0394902 -0.0335209 -0.0283257 -0.0238556 -0.0201226 -0.01706 -0.0145914 -0.0125919 -0.0109946 -0.0097552 -0.00878306 -0.00801066 -0.00737026 -0.00688499 -0.00647546 -0.00613589 -0.00581811 -0.00557546 -0.00534719 -0.00513958 -0.00494365 -0.00478128 -0.00463154 -0.00447289 -0.00434697 -0.00422037 -0.00411323 -0.00398995 -0.0039013 -0.00380424 -0.00371328 -0.00363051 -0.00355096 -0.00348273 -0.00340076 -0.00334598 -0.00327534 -0.00321967 -0.00316078 -0.00310669 -0.00306131 -0.00300586 -0.00296792 -0.00291664 -0.00288414 -0.00284545 -0.00280388 -0.00276841 -0.00273143 -0.0027177 -0.00267614 -0.00263085 -0.00260925 -0.00260007 -0.00257457 -0.00252635 -0.00251164 -0.00250006 -0.002479 -0.00246254 -0.00244053 -0.00242188 -0.00239736 -0.00238679 -0.00238154 -0.00235856 -0.00234461 -0.00233577 -0.00231928 -0.00231085 -0.00230993 -0.00229499 -0.00228504 -0.00228467 -0.00226423 -0.00225962 -0.00226195 -0.00224569 -0.00225367 -0.00225197 -0.00223877 -0.00224849 -0.00223626 
0 3.44504e-05 3.81073e-05 7.43332e-05 8.79993e-05 9.28415e-05 0.000130494 0.000143482 0.000166683 0.000203984 0.000215568 0.000238396 0.000264225 0.000279783 0.00030723 0.000335165 0.000354244 0.000378666 0.000401658 0.000420481 0.000456554 0.000487534 0.00051472 0.00054827 0.000561655 0.000587999 0.000626144 0.000656213 0.000687252 0.00071421 0.000747107 0.000782589 0.000834221 0.00086589 0.000890591 0.000948513 0.000981546 0.00102285 0.00106798 0.00111019 0.00115822 0.00120333 0.0012672 0.00130669 0.00137292 0.0014369 0.00149271 0.00156629 0.00163097 0.00171459 0.00177761 0.0018702 0.00195225 0.00204001 0.00213991 0.00223548 0.00235475 0.00245723 0.00259417 0.00271768 0.00287217 0.00302207 0.00319176 0.00338214 0.00358364 0.0038164 0.00405754 0.0043678 0.00469804 0.00510877 0.005584 0.00621052 0.00696996 0.00793384 0.00915811 0.0107358 0.0127247 0.0151864 0.0182494 0.0219894 0.0264966 0.0317518 0.0378171 0.0446072 0.0520292 0.0597735 0.0675834 0.0750553 0.081831 0.087382 0.0912695 0.0930058 0.0922742 0.0887569 0.0823415 0.0730024 0.0609788 0.046604 0.0304133 0.0129803 -0.00497354 -0.0227545 -0.0396238 -0.0549728 -0.0682161 -0.0789509 -0.086858 -0.0918788 -0.0940561 -0.0936471 -0.0909198 -0.0863178 -0.0802598 -0.0732749 -0.0657404 -0.0580784 -0.0505675 -0.0435532 -0.0371755 -0.031565 -0.0266811 -0.0225656 -0.0191442 -0.0163675 -0.0141015 -0.0122878 -0.010858 -0.00973402 -0.0088445 -0.00811634 -0.00755408 -0.00707902 -0.00669967 -0.00634821 -0.00607315 -0.00581031 -0.00559079 -0.00537724 -0.00519241 -0.00502304 -0.00485931 -0.00472021 -0.00457087 -0.00445727 -0.00432731 -0.00422419 -0.00411008 -0.00402007 -0.00392806 -0.00383242 -0.00376271 -0.00367933 -0.00361425 -0.00353598 -0.00348669 -0.00342026 -0.00335754 -0.00331566 -0.00325498 -0.00320973 -0.00315769 -0.00311861 -0.00306503 -0.00302833 -0.00299978 -0.00294079 -0.0029145 -0.00288913 -0.00285764 -0.00282614 -0.00279469 -0.00276998 -0.00274619 -0.00273301 -0.00269669 -0.00266581 -0.00265078 -0.00262488 -0.00261538 -0.00259976 -0.00257447 -0.00256311 -0.00254777 -0.0025322 -0.00252855 -0.00251339 -0.00249321 -0.00248967 -0.00246773 -0.00245411 -0.00246512 -0.00244744 -0.00244846 -0.00245366 -0.00242505 -0.00242986 -0.00242222 -0.00240348 -0.00242389 -0.00241449 
0 1.22184e-05 4.45122e-05 6.31272e-05 8.53507e-05 0.000127034 0.000141736 0.000159922 0.000193775 0.000199357 0.000224816 0.000261608 0.000275743 0.000306548 0.000335165 0.000355786 0.000379874 0.000412593 0.000446169 0.000453517 0.000494433 0.000526403 0.000526125 0.000584869 0.000615377 0.00063115 0.000681604 0.000705821 0.000749111 0.000777205 0.000805062 0.000856937 0.000886186 0.000924729 0.000955829 0.00101514 0.00105998 0.00108686 0.00116118 0.00119949 0.00125126 0.0013129 0.00136594 0.00142398 0.00147777 0.00156035 0.00160609 0.00168189 0.00176628 0.00183304 0.00191953 0.00200572 0.00211352 0.00219229 0.00231033 0.00242734 0.00254005 0.00266892 0.00280554 0.00296517 0.00310341 0.00328745 0.0034691 0.00367822 0.00389254 0.00414694 0.00443553 0.00475445 0.00514267 0.00559205 0.00616536 0.00685085 0.00773933 0.00883728 0.0102585 0.0120392 0.0142879 0.0170607 0.0204734 0.0246047 0.0295056 0.0351978 0.0416537 0.0488202 0.0564899 0.0644148 0.0722241 0.0795916 0.0860572 0.0911978 0.0945014 0.0956162 0.0941877 0.0900501 0.0830533 0.0732941 0.0609466 0.0464327 0.0301943 0.0128521 -0.00500363 -0.0226617 -0.0395191 -0.0549302 -0.0684126 -0.0794869 -0.0879071 -0.0935027 -0.0963592 -0.0965875 -0.0944909 -0.0903734 -0.0847163 -0.0779334 -0.0704965 -0.0627435 -0.055066 -0.0477372 -0.0410131 -0.0349843 -0.0297169 -0.0252038 -0.0214233 -0.0183077 -0.0157594 -0.0137144 -0.0120693 -0.0107818 -0.0097422 -0.00893547 -0.00826251 -0.00773322 -0.00727893 -0.00691331 -0.00657944 -0.00629075 -0.0060429 -0.00581423 -0.00560842 -0.00540445 -0.00525085 -0.00507951 -0.00493265 -0.00478847 -0.00467492 -0.00454868 -0.00442654 -0.00433992 -0.00423282 -0.00414184 -0.00404609 -0.00398192 -0.00388866 -0.00381025 -0.00375584 -0.00367425 -0.0036147 -0.00355076 -0.00350431 -0.00343542 -0.00339199 -0.00335708 -0.00328656 -0.00326236 -0.00322326 -0.00318055 -0.00313823 -0.0031024 -0.00308096 -0.00303144 -0.00300693 -0.00296912 -0.00294472 -0.00292987 -0.00287647 -0.00287817 -0.0028627 -0.00281781 -0.00281442 -0.00279352 -0.00276836 -0.00275102 -0.00274089 -0.00272312 -0.00269409 -0.00269678 -0.00267851 -0.00266215 -0.00267634 -0.0026517 -0.00263847 -0.00263916 -0.00261288 -0.00261121 -0.00261404 -0.00260398 -0.00260828 -0.00260755 -0.00259683 -0.002593 
0 3.50781e-05 4.1333e-05 7.96712e-05 0.000103024 0.000110675 0.000152302 0.000172087 0.00019058 0.000232623 0.000249302 0.000273092 0.000306338 0.000326183 0.000354244 0.000379874 0.000411461 0.000436579 0.000459688 0.000509128 0.0005293 0.00055068 0.000598041 0.000617589 0.000648372 0.00069201 0.00073109 0.000751485 0.000774144 0.000846673 0.000880833 0.000902587 0.000953852 0.000993587 0.00105058 0.00108827 0.00112969 0.00118183 0.00123594 0.00129333 0.00133081 0.00140727 0.00146433 0.00151869 0.00159765 0.00166503 0.00173814 0.00180792 0.00190774 0.0019791 0.00206509 0.00217449 0.00226784 0.00237033 0.00248076 0.00261986 0.00272867 0.00286862 0.00302609 0.0031859 0.00334773 0.00353461 0.00375732 0.00396579 0.00421446 0.00449331 0.00482627 0.00517696 0.00561109 0.00613957 0.00678737 0.00757952 0.00858057 0.00986489 0.0114723 0.0134979 0.016009 0.0191265 0.0228962 0.027421 0.0327144 0.0388154 0.0456418 0.0531028 0.0609608 0.0689444 0.0766797 0.0838 0.0898698 0.0944554 0.0971184 0.0975124 0.0953814 0.0905775 0.0830566 0.0729065 0.0603679 0.0458081 0.0296996 0.012571 -0.00499373 -0.0224032 -0.0390646 -0.0544324 -0.0680036 -0.0793661 -0.0882195 -0.0944145 -0.097936 -0.0988817 -0.0974543 -0.0939528 -0.0887746 -0.082337 -0.0750711 -0.067355 -0.0595745 -0.052028 -0.0449854 -0.0385808 -0.0329319 -0.0280303 -0.0238825 -0.0204028 -0.0175629 -0.0152482 -0.0133934 -0.0118941 -0.0107176 -0.00978394 -0.00902736 -0.00840373 -0.00789599 -0.00748847 -0.00711356 -0.00679337 -0.00651074 -0.00628027 -0.00603595 -0.00582784 -0.00564504 -0.00547702 -0.00530237 -0.00514825 -0.00502715 -0.00488159 -0.00475834 -0.00464358 -0.00454842 -0.00442888 -0.00433765 -0.00425977 -0.00416223 -0.00408599 -0.00401152 -0.00394872 -0.00386503 -0.00381468 -0.00375743 -0.00368471 -0.0036412 -0.00358695 -0.00354159 -0.00348204 -0.00343999 -0.00340131 -0.00336126 -0.00332835 -0.00326372 -0.00324727 -0.00323462 -0.00318392 -0.00314637 -0.00312277 -0.00311189 -0.00307165 -0.00304501 -0.00303476 -0.00299367 -0.00297823 -0.0029672 -0.00294472 -0.00292679 -0.00290638 -0.00290262 -0.00288123 -0.00286411 -0.0028659 -0.00283536 -0.00282797 -0.00283181 -0.00280403 -0.00280991 -0.0028088 -0.00278367 -0.0027942 -0.00278487 -0.00276819 -0.00278459 -0.00277246 
0 2.78216e-05 5.75031e-05 7.93606e-05 0.000106907 0.000128921 0.000152887 0.000184963 0.000208396 0.000242286 0.000270331 0.000292592 0.000325613 0.000345807 0.000378666 0.000412593 0.000436579 0.000474204 0.000496758 0.000526694 0.000560435 0.0005942 0.000641766 0.000664349 0.000703405 0.000733543 0.000757091 0.000822445 0.000855787 0.000887244 0.000922148 0.000969275 0.00103554 0.00106185 0.00111252 0.00116115 0.00121463 0.00127431 0.00131532 0.00138423 0.00143299 0.00150556 0.00156771 0.00162754 0.00171345 0.00177735 0.00186354 0.00193819 0.00203807 0.00212135 0.00221408 0.00233241 0.002428 0.00254754 0.00266496 0.0028121 0.00293314 0.00308555 0.00325771 0.00342453 0.00360664 0.00380787 0.00405223 0.00427589 0.0045521 0.00486306 0.00523123 0.005624 0.00611306 0.00672211 0.00745733 0.00836385 0.00950703 0.0109833 0.0128061 0.0150873 0.0178957 0.021365 0.0255102 0.0304214 0.0361046 0.0425846 0.0497385 0.0574238 0.0653847 0.0733325 0.0808879 0.0876555 0.0932164 0.0971568 0.0990999 0.0987333 0.0958705 0.0904126 0.0823944 0.0719306 0.05929 0.0448121 0.0289564 0.0121894 -0.00495162 -0.0219627 -0.0383013 -0.0534898 -0.0670476 -0.078604 -0.0878454 -0.0946093 -0.0988086 -0.100494 -0.0997994 -0.0969901 -0.0923974 -0.0864088 -0.0794248 -0.0718459 -0.0640595 -0.0563784 -0.0490794 -0.0423439 -0.0363318 -0.0310585 -0.0265368 -0.0226942 -0.0195336 -0.0169393 -0.0148455 -0.0131301 -0.011785 -0.0107137 -0.00985301 -0.00913354 -0.00855647 -0.00809326 -0.00767653 -0.00731671 -0.00699995 -0.00674665 -0.0064785 -0.006253 -0.00604545 -0.00586762 -0.00567742 -0.00551149 -0.00537413 -0.00522203 -0.00509237 -0.00496158 -0.00486228 -0.00473577 -0.00463994 -0.00454704 -0.00445079 -0.00436878 -0.00428114 -0.00421824 -0.00412907 -0.00407104 -0.00400304 -0.00393917 -0.00388581 -0.00381609 -0.00377613 -0.00371822 -0.00367796 -0.00362131 -0.00357102 -0.00355167 -0.0035061 -0.00346835 -0.00341477 -0.00339491 -0.00338022 -0.00332929 -0.00330612 -0.00326903 -0.00324351 -0.00322792 -0.00320086 -0.00318437 -0.00315159 -0.0031365 -0.00312138 -0.00309857 -0.00309358 -0.00307003 -0.0030554 -0.00304248 -0.003021 -0.00301923 -0.00300668 -0.00299925 -0.0029971 -0.00298149 -0.00297822 -0.0029686 -0.00295993 -0.00296137 -0.00295364 -0.00295695 
