0 0 0 0 0 0 0 0 0 0 0 0 0 0 0 0 0 0 0 0 0 0 0 0 0 0 0 0 0 0 0 0 0 0 0 0 0 0 0 0 0 0 0 0 0 0 0 0 0 0 0 0 0 0 0 0 0 0 0 0 0 0 0 0 0 0 0 0 0 0 0 0 0 0 0 0 0 0 0 0 0 0 0 0 0 0 0 0 0 0 0 0 0 0 0 0 0 0 0 0 0 0 0 0 0 0 0 0 0 0 0 0 0 0 0 0 0 0 0 0 0 0 0 0 0 0 0 0 0 0 0 0 0 0 0 0 0 0 0 0 0 0 0 0 0 0 0 0 0 0 0 0 0 0 0 0 0 0 0 0 0 0 0 0 0 0 0 0 0 0 0 0 0 0 0 0 0 0 0 0 0 0 0 0 0 0 0 0 0 0 0 0 0 0 0 0 0 0 0 0 
0 2.13605e-05 3.87694e-05 6.45607e-05 7.01538e-05 6.86269e-05 0.000110596 0.000150434 0.000149039 0.000160873 0.000199062 0.000225144 0.000236081 0.000258135 0.000294507 0.000324235 0.000363961 0.000404991 0.000420553 0.000472646 0.000535692 0.000559354 0.000640038 0.000737621 0.00080453 0.000926713 0.00105865 0.00121322 0.00140794 0.00160722 0.00190471 0.00222086 0.00254616 0.00297543 0.00339679 0.00384246 0.00427033 0.00464127 0.0050041 0.00518703 0.0052344 0.00511586 0.00476389 0.00422788 0.00338574 0.00237537 0.00119689 -0.000125534 -0.00147941 -0.0028959 -0.00415893 -0.00529373 -0.00620764 -0.00687758 -0.00733753 -0.00746652 -0.00739608 -0.00704692 -0.0065755 -0.00598222 -0.00531057 -0.00463776 -0.00390586 -0.00326804 -0.0026263 -0.00212658 -0.0016704 -0.00132321 -0.00104012 -0.000798619 -0.000638427 -0.000468042 -0.000392618 -0.00027959 -0.000257933 -0.000190768 -0.000193584 -0.000159459 -0.00016499 -0.00015384 -0.000151097 -0.000156475 -0.000142714 -0.000160155 -0.000136881 -0.000162664 -0.000132811 -0.000163696 -0.000130185 -0.000163554 -0.000128688 -0.000162683 -0.000127989 -0.000161501 -0.000127777 -0.000160344 -0.000127802 -0.000159449 -0.000127886 -0.000158967 -0.000127926 -0.000158967 -0.000127886 -0.000159449 -0.000127802 -0.000160344 -0.000127777 -0.000161501 -0.000127989 -0.000162682 -0.000128688 -0.000163553 -0.000130181 -0.000163687 -0.000132787 -0.000162599 -0.000136713 -0.000159744 -0.000141743 -0.000154275 -0.000146315 -0.000143877 -0.000145107 -0.000121488 -0.000124242 -6.97265e-05 -5.59783e-05 4.26686e-05 9.99252e-05 0.000254989 0.000385266 0.000607246 0.000844974 0.00116021 0.00155747 0.0020164 0.00261168 0.00322709 0.00396145 0.00465131 0.00538342 0.00604074 0.00663744 0.00712897 0.00739797 0.00748304 0.0072335 0.00677657 0.00602748 0.00505696 0.00388198 0.00250021 0.00110081 -0.000345347 -0.00167065 -0.00290465 -0.00398096 -0.00478647 -0.005396 -0.00572352 -0.00588988 -0.00585675 -0.00561931 -0.00531982 -0.00491216 -0.00449848 -0.00404864 -0.00358314 -0.00321616 -0.00283518 -0.002497 -0.00222104 -0.00196598 -0.00178107 -0.00158794 -0.00143977 -0.0013585 -0.00123795 -0.00115753 -0.00111522 -0.00104355 -0.000993017 -0.000949775 -0.000908887 -0.00088693 -0.000855263 -0.000830505 -0.000813912 -0.000797047 -0.000791993 -0.000760421 -0.000720064 -0.000735175 -0.000751187 -0.000717675 -0.000700683 -0.00071495 -0.000700464 -0.000678486 -0.000697902 
0 3.87694e-05 5.37621e-05 0.000106691 0.000159184 0.000184019 0.000229503 0.000255154 0.000280673 0.000360639 0.00039719 0.000409931 0.000494767 0.000555224 0.000582014 0.000651709 0.000713919 0.000779654 0.000866652 0.000951477 0.00106641 0.00117088 0.00128816 0.00147067 0.00163358 0.00183609 0.00213306 0.00244667 0.00282554 0.00328858 0.003837 0.00447609 0.00515587 0.00594685 0.00681418 0.00766321 0.00850364 0.00927119 0.00991629 0.0103194 0.0103867 0.0101266 0.0094458 0.00830544 0.00668423 0.0046417 0.00229961 -0.000300056 -0.00302787 -0.00575718 -0.00830107 -0.0105098 -0.012325 -0.0136692 -0.0145281 -0.0148443 -0.0146533 -0.0140287 -0.0130758 -0.0119166 -0.0106077 -0.00923942 -0.00784914 -0.00652617 -0.00531677 -0.00426848 -0.00339482 -0.00267618 -0.00210453 -0.00163606 -0.00127308 -0.000978457 -0.000762504 -0.000596041 -0.000483999 -0.000404987 -0.000355465 -0.000325528 -0.000305604 -0.000298015 -0.000288942 -0.000289934 -0.000283961 -0.000287863 -0.000282687 -0.000287402 -0.000282626 -0.000287343 -0.000283015 -0.000287382 -0.000283563 -0.000287438 -0.000284123 -0.000287486 -0.000284611 -0.000287519 -0.00028498 -0.000287538 -0.000285208 -0.000287547 -0.000285284 -0.000287547 -0.000285208 -0.000287538 -0.00028498 -0.000287519 -0.000284611 -0.000287486 -0.000284123 -0.000287438 -0.000283562 -0.00028738 -0.000283007 -0.000287322 -0.000282569 -0.000287251 -0.000282306 -0.000286938 -0.000281804 -0.000285102 -0.000278552 -0.00027659 -0.000263272 -0.000245445 -0.000210497 -0.000153956 -6.81461e-05 6.34765e-05 0.000240481 0.000488341 0.000798376 0.00120447 0.00170118 0.00233408 0.0031107 0.0040677 0.00520023 0.00648584 0.00788174 0.00930896 0.0107263 0.012049 0.0132347 0.0141636 0.0147338 0.0148308 0.0143921 0.0134358 0.011964 0.010038 0.00767588 0.00500555 0.00218567 -0.000622441 -0.00327372 -0.00571273 -0.00779808 -0.00945078 -0.0106191 -0.0113306 -0.0116638 -0.0115965 -0.0112112 -0.0105917 -0.0098357 -0.00901081 -0.00810201 -0.00723055 -0.00643274 -0.00568993 -0.0050307 -0.00444243 -0.0039784 -0.00358122 -0.00320814 -0.00294307 -0.00271463 -0.0024991 -0.00233937 -0.0021975 -0.00209107 -0.00199161 -0.00189994 -0.00185736 -0.00177732 -0.00170045 -0.00168998 -0.00163016 -0.00156117 -0.00155713 -0.00153335 -0.00150606 -0.00149055 -0.00144043 -0.00142541 -0.0014392 -0.00140593 -0.00139659 -0.00141648 -0.00138334 
0 6.45607e-05 0.000106691 0.000158111 0.000219802 0.000274939 0.0003348 0.000392357 0.000450483 0.000525668 0.000588535 0.000644429 0.000732422 0.000815158 0.00088448 0.000985678 0.00108754 0.00118443 0.0013121 0.00144273 0.00159003 0.00177151 0.00196485 0.0022115 0.00249858 0.00281904 0.00324364 0.00373211 0.00429851 0.00500835 0.00581975 0.00676238 0.00782334 0.00898031 0.010252 0.0115105 0.0127273 0.0138487 0.0147222 0.0152773 0.0153513 0.0149019 0.0138651 0.0121234 0.00974015 0.00672873 0.00325304 -0.000564166 -0.00459745 -0.00857148 -0.0123232 -0.0155843 -0.0182672 -0.0202768 -0.0215219 -0.0220281 -0.0217514 -0.0208777 -0.01949 -0.0177806 -0.0158612 -0.0138126 -0.0117833 -0.00979821 -0.00802692 -0.00644378 -0.00514158 -0.00405521 -0.00318309 -0.00249012 -0.00192128 -0.00150362 -0.00115062 -0.00092795 -0.000731858 -0.000635007 -0.000540466 -0.000507848 -0.00046933 -0.000459147 -0.000448796 -0.000440655 -0.000444957 -0.000432233 -0.000445049 -0.000427292 -0.000445322 -0.000424014 -0.000445028 -0.000421851 -0.000444244 -0.000420507 -0.00044321 -0.000419739 -0.000442163 -0.000419342 -0.00044129 -0.000419161 -0.000440717 -0.000419096 -0.000440518 -0.000419096 -0.000440717 -0.000419161 -0.00044129 -0.000419342 -0.000442163 -0.000419739 -0.00044321 -0.000420507 -0.000444242 -0.000421846 -0.000445014 -0.000423973 -0.000445212 -0.000427011 -0.000444354 -0.000430575 -0.000441155 -0.000432277 -0.000431072 -0.000423168 -0.000399307 -0.000377265 -0.000307237 -0.000236103 -7.83222e-05 9.86614e-05 0.000398488 0.000748489 0.00124641 0.00184308 0.00261422 0.00356771 0.00473876 0.00618275 0.00784815 0.0097728 0.0118043 0.0139368 0.0160048 0.017965 0.0196861 0.0210157 0.0218354 0.0219346 0.0213104 0.0198743 0.0177159 0.0148606 0.0113873 0.00749796 0.0033457 -0.000764527 -0.00470651 -0.00829326 -0.0113687 -0.0138459 -0.0156016 -0.016728 -0.0172312 -0.0171752 -0.0166702 -0.0157853 -0.0147102 -0.0134832 -0.0121822 -0.010923 -0.00971391 -0.00862692 -0.00764034 -0.00676452 -0.00604936 -0.00541615 -0.00488361 -0.00445937 -0.00408885 -0.00379461 -0.00354425 -0.00332786 -0.00316528 -0.00300586 -0.0028719 -0.00277682 -0.00266774 -0.0025788 -0.00252099 -0.00244892 -0.00238707 -0.00234168 -0.00229137 -0.00225638 -0.00222234 -0.00217902 -0.0021641 -0.00215243 -0.00211443 -0.00210076 -0.00210698 -0.00208512 
0 7.01538e-05 0.000159184 0.000219802 0.000285553 0.00036677 0.000432879 0.000537671 0.000633858 0.000670736 0.000777653 0.000911488 0.00096513 0.00106835 0.00121237 0.0013155 0.00146128 0.00161106 0.00175475 0.00195499 0.00214444 0.00238204 0.00268489 0.00298194 0.00338888 0.00387099 0.0043957 0.00508187 0.00587016 0.00680022 0.00790695 0.00913642 0.0105639 0.0120967 0.013697 0.0153567 0.016907 0.0183034 0.0193774 0.0199898 0.0200518 0.0193688 0.0179177 0.0156052 0.012445 0.00854321 0.00397914 -0.000994343 -0.00620663 -0.0113622 -0.0161876 -0.0204646 -0.0239535 -0.0265838 -0.0282211 -0.0288831 -0.0285999 -0.027489 -0.025751 -0.023526 -0.0210329 -0.0183656 -0.0157008 -0.0131314 -0.0107768 -0.00871169 -0.00694682 -0.00550613 -0.00431618 -0.00338198 -0.0026201 -0.00204112 -0.00158518 -0.00125552 -0.00101625 -0.000851246 -0.000748012 -0.000674579 -0.000641578 -0.000609126 -0.000605307 -0.000587849 -0.000593474 -0.00058113 -0.000588504 -0.00057859 -0.000585149 -0.000577225 -0.000582253 -0.000576271 -0.000579703 -0.000575537 -0.00057756 -0.000574965 -0.000575875 -0.00057454 -0.000574671 -0.000574255 -0.00057395 -0.000574112 -0.00057371 -0.000574112 -0.00057395 -0.000574255 -0.000574671 -0.00057454 -0.000575875 -0.000574965 -0.000577559 -0.000575536 -0.000579699 -0.000576262 -0.000582225 -0.000577151 -0.000584955 -0.000578103 -0.000587322 -0.000578369 -0.000587268 -0.000574443 -0.000577492 -0.000553727 -0.000535731 -0.000480656 -0.000407408 -0.00027767 -8.95972e-05 0.000182567 0.000563331 0.00105877 0.00171719 0.00253166 0.003579 0.00485556 0.00644836 0.00834307 0.0105678 0.0130584 0.0157342 0.0185002 0.021203 0.0237524 0.0259413 0.0276408 0.028617 0.0287341 0.0278835 0.0260135 0.0231922 0.019444 0.0149687 0.00992225 0.00458922 -0.000758889 -0.00589948 -0.010549 -0.0145864 -0.0178204 -0.0202135 -0.0217646 -0.022476 -0.0225105 -0.0219197 -0.0208817 -0.0195228 -0.0179371 -0.0163169 -0.014666 -0.0130913 -0.0116534 -0.0103308 -0.00920419 -0.00819325 -0.00733204 -0.00664946 -0.00602522 -0.00553109 -0.0051347 -0.00477302 -0.00450331 -0.00424913 -0.00403661 -0.00387929 -0.00369336 -0.00357768 -0.00349123 -0.00334285 -0.00327089 -0.0032311 -0.00312773 -0.00305924 -0.00300863 -0.00295525 -0.00294681 -0.00290314 -0.0028414 -0.00284717 -0.00282623 -0.00277513 -0.00279788 
0 6.86269e-05 0.000184019 0.000274939 0.00036677 0.000487242 0.000563198 0.000642332 0.000773618 0.000878075 0.000981559 0.00111958 0.00123404 0.00136709 0.0015306 0.00166416 0.00182336 0.00202822 0.00223772 0.00247197 0.00273802 0.00305648 0.00342031 0.00381738 0.00433358 0.00495144 0.0056438 0.00651024 0.00754399 0.00872996 0.0100987 0.0116508 0.0134029 0.0152671 0.017191 0.0191581 0.0210073 0.0226022 0.0237908 0.0244265 0.024376 0.0234346 0.0215299 0.0186302 0.0147459 0.00997316 0.00442791 -0.00161749 -0.00788925 -0.0140867 -0.0198972 -0.0250672 -0.0293182 -0.0325046 -0.0345179 -0.0353531 -0.0350861 -0.0338233 -0.0317768 -0.0291236 -0.0260988 -0.0228751 -0.0196267 -0.016506 -0.0136147 -0.0110619 -0.00885774 -0.00703331 -0.00553147 -0.00433052 -0.00337223 -0.00262117 -0.00204936 -0.00161412 -0.00131028 -0.00108661 -0.000950206 -0.000850051 -0.000800404 -0.000760591 -0.000746492 -0.000732054 -0.00072859 -0.00072438 -0.000722201 -0.000722722 -0.000719258 -0.000722532 -0.000717516 -0.000722603 -0.000716372 -0.000722652 -0.000715614 -0.000722636 -0.000715126 -0.000722577 -0.000714829 -0.00072251 -0.00071467 -0.000722468 -0.00071462 -0.000722468 -0.00071467 -0.00072251 -0.000714829 -0.000722577 -0.000715126 -0.000722636 -0.000715613 -0.00072265 -0.000716366 -0.000722585 -0.000717467 -0.000722403 -0.000718927 -0.000721906 -0.00072026 -0.000719943 -0.000718833 -0.000711425 -0.00070459 -0.000678863 -0.000647408 -0.00057522 -0.000476469 -0.000302669 -6.36726e-05 0.000294024 0.00076919 0.00141011 0.00223357 0.00328166 0.00460249 0.00623041 0.00822894 0.0105915 0.0133356 0.0163759 0.0196441 0.0229973 0.0262909 0.0293537 0.0319658 0.0339388 0.035035 0.0351148 0.0340366 0.0317563 0.0282984 0.0237535 0.0183447 0.0122885 0.00589164 -0.000566713 -0.00677476 -0.0124219 -0.0173195 -0.0213011 -0.0243177 -0.0263174 -0.0273235 -0.0274877 -0.0269287 -0.0258084 -0.0242437 -0.0223995 -0.0204677 -0.0184948 -0.0165703 -0.014776 -0.0131568 -0.0117366 -0.0104602 -0.00937798 -0.00849325 -0.00771 -0.00705412 -0.0065218 -0.00607048 -0.0056892 -0.00535786 -0.00510611 -0.00489208 -0.0046712 -0.00451339 -0.00437875 -0.00422557 -0.00411832 -0.00401734 -0.00391232 -0.00386291 -0.00380643 -0.00372012 -0.00366774 -0.00362764 -0.00358321 -0.0035621 -0.00354183 -0.00351375 -0.00350078 
0 0.000110596 0.000229503 0.0003348 0.000432879 0.000563198 0.000695747 0.000793811 0.000922955 0.00108219 0.0011965 0.00132869 0.00150956 0.00166102 0.00183378 0.00204439 0.0022307 0.00247028 0.00274675 0.00300436 0.00335301 0.00375773 0.00418431 0.00473429 0.00537056 0.00611957 0.00702362 0.00805957 0.0093286 0.0107809 0.0124012 0.0142913 0.0163366 0.0185055 0.0207454 0.0229352 0.0250106 0.0267107 0.0279134 0.0284962 0.0282171 0.0269717 0.0245902 0.0211044 0.0165553 0.0109642 0.00457083 -0.00241974 -0.0096132 -0.016705 -0.0233993 -0.0293348 -0.0342912 -0.0379799 -0.0403612 -0.0414001 -0.0411762 -0.0398457 -0.037538 -0.0345455 -0.0310414 -0.0273227 -0.0235463 -0.0199021 -0.0165229 -0.0134757 -0.0108593 -0.00862577 -0.00682007 -0.00533355 -0.00417587 -0.00325127 -0.0025504 -0.00202155 -0.00163075 -0.00136718 -0.00117137 -0.00106487 -0.000974552 -0.000944901 -0.000902544 -0.000902415 -0.000879477 -0.000886867 -0.000872451 -0.000879183 -0.000869967 -0.000873717 -0.00086868 -0.000869211 -0.000867745 -0.000865492 -0.000866976 -0.000862561 -0.000866346 -0.000860408 -0.000865872 -0.000859 -0.000865575 -0.000858306 -0.000865474 -0.000858306 -0.000865575 -0.000859 -0.000865872 -0.000860407 -0.000866346 -0.000862561 -0.000866975 -0.000865488 -0.000867734 -0.000869179 -0.000868594 -0.000873496 -0.000869412 -0.000877845 -0.000869341 -0.000879914 -0.000864518 -0.000871478 -0.000841065 -0.000827564 -0.000759517 -0.000686491 -0.000531893 -0.000328315 -6.18908e-06 0.000429085 0.00102601 0.0018163 0.00282338 0.00412574 0.00572683 0.00773625 0.0101249 0.0129697 0.0161853 0.0197528 0.023544 0.0274222 0.0312324 0.0347106 0.0376766 0.0398175 0.0409892 0.0409709 0.0396634 0.0370003 0.0329619 0.0277434 0.0215062 0.0146038 0.00728012 -0.000133565 -0.00726334 -0.0138281 -0.0195036 -0.0242223 -0.0278459 -0.0303204 -0.0317031 -0.0320535 -0.031621 -0.0304849 -0.0288063 -0.02681 -0.0246078 -0.0223875 -0.020167 -0.0180499 -0.0161597 -0.0144177 -0.0128881 -0.0115689 -0.0104262 -0.00948929 -0.00866041 -0.00797833 -0.00744409 -0.006942 -0.00654318 -0.00622417 -0.00591382 -0.00567802 -0.00546594 -0.00526321 -0.00512758 -0.00498658 -0.00484339 -0.00474953 -0.00465456 -0.00456468 -0.00449484 -0.00441946 -0.00437534 -0.00434417 -0.00428 -0.00424958 -0.00425208 -0.00421419 
0 0.000150434 0.000255154 0.000392357 0.000537671 0.000642332 0.000793811 0.000974398 0.00109901 0.00124029 0.00142272 0.00159001 0.00177349 0.00196723 0.00216455 0.00241317 0.00267212 0.00293588 0.00325366 0.00360805 0.00401706 0.00449321 0.00504279 0.00571285 0.00648859 0.00740231 0.00850004 0.00976907 0.0112608 0.0129714 0.0148959 0.0170566 0.0193758 0.0218142 0.0242835 0.0266599 0.0288261 0.030557 0.0317083 0.032108 0.0315546 0.0299155 0.027055 0.023003 0.0177879 0.0114927 0.00433462 -0.00342815 -0.0113949 -0.0192513 -0.026653 -0.0332602 -0.038783 -0.0429418 -0.0456678 -0.0469225 -0.0468097 -0.0454443 -0.0429944 -0.0397193 -0.035851 -0.0317031 -0.027466 -0.0233629 -0.0195099 -0.0160207 -0.0129652 -0.0103515 -0.00820037 -0.00643559 -0.0050487 -0.00394099 -0.00310274 -0.00245566 -0.0019877 -0.00164914 -0.00141541 -0.0012648 -0.0011605 -0.00110758 -0.00106265 -0.00105179 -0.00102934 -0.0010332 -0.0010183 -0.00102591 -0.00101401 -0.00102159 -0.00101175 -0.00101817 -0.00101025 -0.00101528 -0.00100916 -0.00101291 -0.00100837 -0.00101111 -0.00100783 -0.00100991 -0.00100751 -0.00100931 -0.00100741 -0.00100931 -0.00100751 -0.00100991 -0.00100783 -0.00101111 -0.00100837 -0.00101291 -0.00100916 -0.00101527 -0.00101023 -0.00101812 -0.0010116 -0.00102122 -0.0010131 -0.00102376 -0.00101342 -0.00102252 -0.00100687 -0.00100634 -0.000974297 -0.000942592 -0.000864557 -0.000754817 -0.000570522 -0.000301911 8.37688e-05 0.00062348 0.00133642 0.00228922 0.00349511 0.0050493 0.00696448 0.00933295 0.0121438 0.015424 0.0191152 0.0231467 0.0274189 0.0317537 0.035984 0.0398133 0.0430101 0.045277 0.0464271 0.046287 0.0447206 0.0416822 0.0371541 0.0313334 0.0244383 0.0168003 0.00872437 0.000530587 -0.00737972 -0.0146965 -0.0211098 -0.0264821 -0.0306981 -0.0336785 -0.0354742 -0.0361515 -0.035903 -0.0348668 -0.0332022 -0.031125 -0.0287728 -0.0263222 -0.0238655 -0.0214892 -0.0192908 -0.0172713 -0.0154801 -0.0139087 -0.0125345 -0.011382 -0.0103953 -0.00956052 -0.00886649 -0.00827657 -0.00779243 -0.00736458 -0.00699761 -0.00671231 -0.00644694 -0.00621571 -0.00602749 -0.00585101 -0.00571896 -0.00559445 -0.00544465 -0.0053439 -0.00528336 -0.00520577 -0.00513132 -0.00507676 -0.00503227 -0.00499172 -0.00495979 -0.00494747 
0 0.000149039 0.000280673 0.000450483 0.000633858 0.000773618 0.000922955 0.00109901 0.00125936 0.00144691 0.00165902 0.00183988 0.00205175 0.0023047 0.00253054 0.00279301 0.00311267 0.00342645 0.00380222 0.00426148 0.00474124 0.00530475 0.00599237 0.00677992 0.00770889 0.00880768 0.0101119 0.0116374 0.0133579 0.0153376 0.0175649 0.019956 0.0225173 0.0251649 0.0277902 0.0302709 0.0324123 0.0340912 0.0350909 0.0352068 0.0343072 0.0322097 0.0288748 0.0242635 0.0184258 0.0115251 0.00372123 -0.00463596 -0.013231 -0.0216904 -0.0296459 -0.0367945 -0.0427593 -0.0473489 -0.050391 -0.0518949 -0.0519323 -0.0505922 -0.0480955 -0.0446185 -0.0405037 -0.0359952 -0.031384 -0.0268658 -0.0225818 -0.0186791 -0.015187 -0.0122079 -0.00968454 -0.00764734 -0.0059967 -0.00470865 -0.00370606 -0.00293915 -0.00237896 -0.00195654 -0.00168177 -0.00147165 -0.00136082 -0.00126543 -0.00123293 -0.00119083 -0.00118747 -0.00116794 -0.00117134 -0.00116206 -0.00116422 -0.00116094 -0.00115984 -0.00116091 -0.00115659 -0.00116104 -0.0011541 -0.00116111 -0.00115225 -0.00116111 -0.00115098 -0.00116108 -0.00115025 -0.00116105 -0.00115 -0.00116105 -0.00115025 -0.00116108 -0.00115098 -0.00116111 -0.00115225 -0.00116111 -0.0011541 -0.00116103 -0.00115656 -0.00116082 -0.0011596 -0.00116032 -0.00116276 -0.00115868 -0.00116382 -0.00115184 -0.00115434 -0.00112526 -0.00110823 -0.00103756 -0.000960708 -0.0007962 -0.00058452 -0.000238613 0.000219246 0.000868005 0.00171781 0.00283202 0.00426857 0.00606996 0.00833063 0.0110452 0.0142878 0.0179768 0.022117 0.0265724 0.031255 0.0359825 0.0405177 0.0446137 0.0479271 0.0502498 0.0513106 0.0509971 0.0491613 0.0457488 0.0408218 0.0344998 0.0271001 0.0188782 0.0102088 0.00142945 -0.00710494 -0.0150171 -0.022083 -0.0280487 -0.0328182 -0.0363304 -0.0385812 -0.0396887 -0.0397225 -0.0388866 -0.0373632 -0.0353027 -0.0329039 -0.0302915 -0.0276475 -0.0250682 -0.0225792 -0.0203005 -0.0182543 -0.0164274 -0.0148278 -0.0134366 -0.0122709 -0.0112708 -0.0103912 -0.00968818 -0.00909886 -0.0085674 -0.00814855 -0.00779552 -0.00746609 -0.00720287 -0.0069736 -0.00675273 -0.00657124 -0.00642209 -0.00629715 -0.00618507 -0.00607078 -0.00597761 -0.00590062 -0.00583131 -0.00579089 -0.00574884 -0.00570018 -0.00568741 
0 0.000160873 0.000360639 0.000525668 0.000670736 0.000878075 0.00108219 0.00124029 0.00144691 0.00168102 0.0018748 0.00209607 0.00236056 0.00262497 0.00291355 0.00323114 0.00358082 0.00397672 0.00441407 0.00493001 0.0055238 0.00619597 0.00701975 0.00797996 0.00907261 0.0103819 0.0119133 0.0136567 0.0156348 0.0178713 0.0203504 0.0229819 0.0257289 0.0285384 0.0312545 0.0337143 0.0357619 0.0372539 0.0379817 0.0377317 0.036377 0.033812 0.0299786 0.0248412 0.0184734 0.0110501 0.00278274 -0.00603061 -0.0150784 -0.0239766 -0.0323593 -0.0398843 -0.046227 -0.0511678 -0.0545331 -0.0563072 -0.0565208 -0.0552918 -0.0527949 -0.0492448 -0.0449525 -0.0401902 -0.0352676 -0.0303819 -0.0257236 -0.0214093 -0.0175305 -0.0141593 -0.0112941 -0.0089491 -0.00704357 -0.00555305 -0.00437782 -0.00349025 -0.00281453 -0.00232444 -0.00197433 -0.0017307 -0.0015751 -0.00146631 -0.00141074 -0.00136378 -0.00135106 -0.00132765 -0.00132998 -0.00131453 -0.00132085 -0.0013085 -0.00131512 -0.00130478 -0.0013106 -0.00130209 -0.00130689 -0.0013001 -0.00130399 -0.00129867 -0.00130191 -0.00129775 -0.00130066 -0.00129729 -0.00130024 -0.00129729 -0.00130066 -0.00129775 -0.00130191 -0.00129867 -0.00130399 -0.00130009 -0.00130688 -0.00130207 -0.00131053 -0.00130462 -0.00131471 -0.00130752 -0.00131854 -0.0013093 -0.0013186 -0.00130382 -0.00130305 -0.00127081 -0.00123769 -0.00115674 -0.0010427 -0.000849792 -0.000570284 -0.000164502 0.000401115 0.00115795 0.00216979 0.00346708 0.00514465 0.00723304 0.0098264 0.012924 0.016557 0.0206663 0.0251953 0.0300423 0.0350602 0.0400811 0.0448295 0.049046 0.0524016 0.054659 0.0555906 0.0550443 0.0529226 0.0491786 0.0439046 0.0372417 0.0294597 0.0208453 0.0117522 0.00255537 -0.00640823 -0.0148088 -0.0223934 -0.02891 -0.034209 -0.0382418 -0.0410173 -0.0425884 -0.0430179 -0.0424823 -0.0411794 -0.0392717 -0.0369068 -0.0342518 -0.0315044 -0.0287553 -0.0260667 -0.0235359 -0.0212267 -0.0191545 -0.0172889 -0.0156639 -0.0142906 -0.0130928 -0.0120711 -0.0112212 -0.0104961 -0.00988268 -0.00935672 -0.00891627 -0.00854014 -0.00820065 -0.00793916 -0.00771229 -0.00747146 -0.00729697 -0.00716559 -0.00700226 -0.00686936 -0.00678536 -0.00669566 -0.00661335 -0.00655488 -0.00650592 -0.00646632 -0.00643782 
0 0.000199062 0.00039719 0.000588535 0.000777653 0.000981559 0.0011965 0.00142272 0.00165902 0.0018748 0.00211004 0.0024048 0.00268458 0.00296516 0.00331721 0.00368868 0.00409143 0.00456674 0.0050806 0.00568242 0.00639394 0.0071996 0.00816687 0.00929158 0.0105877 0.0121238 0.013877 0.0158676 0.0181142 0.0205901 0.0232866 0.0261083 0.0289915 0.0318733 0.0345672 0.0369191 0.0387762 0.0399738 0.0403319 0.0396337 0.0377829 0.0347187 0.030374 0.0247508 0.0179218 0.0100928 0.00149564 -0.00762493 -0.0169488 -0.0261257 -0.0347654 -0.0425327 -0.0491483 -0.0543699 -0.0580472 -0.0600919 -0.0605343 -0.0594731 -0.0570685 -0.0535542 -0.0491881 -0.0442855 -0.03912 -0.033944 -0.0289443 -0.02426 -0.0200098 -0.0162531 -0.0130468 -0.0103698 -0.00820369 -0.0064744 -0.00512376 -0.00408269 -0.00329154 -0.00271005 -0.00228314 -0.00199311 -0.00178758 -0.00166375 -0.00157618 -0.00153242 -0.00149814 -0.00148568 -0.00147226 -0.00146913 -0.00146353 -0.00146187 -0.00145975 -0.00145741 -0.0014574 -0.00145408 -0.00145563 -0.0014515 -0.00145425 -0.0014496 -0.00145325 -0.00144835 -0.00145264 -0.00144773 -0.00145244 -0.00144773 -0.00145264 -0.00144835 -0.00145325 -0.0014496 -0.00145425 -0.00145149 -0.00145561 -0.00145404 -0.0014573 -0.00145715 -0.0014591 -0.00146031 -0.00145994 -0.00146119 -0.00145534 -0.00145099 -0.00142974 -0.00140272 -0.00133981 -0.00124958 -0.00108953 -0.000860286 -0.000510147 -2.76267e-05 0.000643296 0.00153331 0.00270375 0.00421474 0.00613163 0.0085313 0.0114509 0.0149308 0.0189362 0.0234335 0.0283224 0.0334975 0.0387973 0.0440092 0.0488795 0.0531018 0.0564051 0.0585217 0.0592568 0.0584521 0.056022 0.0519832 0.0464219 0.0395229 0.0315 0.0226445 0.0133108 0.00385896 -0.00536507 -0.0140991 -0.0220741 -0.0290398 -0.0348332 -0.0393762 -0.0426936 -0.044787 -0.0457032 -0.0455947 -0.0446227 -0.0429684 -0.0407605 -0.0381655 -0.0353876 -0.0325223 -0.02968 -0.0269514 -0.0243928 -0.0220727 -0.0199704 -0.018106 -0.0164986 -0.0150905 -0.0138962 -0.0128814 -0.0119997 -0.0112754 -0.0106483 -0.0101072 -0.00967765 -0.00928297 -0.0089358 -0.00867536 -0.0084389 -0.00821075 -0.00801031 -0.00784961 -0.00773049 -0.00760885 -0.00749459 -0.00741607 -0.00733865 -0.0072771 -0.00724461 -0.00720536 
0 0.000225144 0.000409931 0.000644429 0.000911488 0.00111958 0.00132869 0.00159001 0.00183988 0.00209607 0.0024048 0.00270814 0.00300756 0.0033671 0.00375936 0.00417138 0.00464772 0.00519582 0.00582209 0.00653399 0.00735883 0.00833797 0.00945078 0.0107453 0.0122889 0.0140363 0.016023 0.0182854 0.0207724 0.0234797 0.0263431 0.0292964 0.0322707 0.0351029 0.03768 0.0398329 0.0413828 0.0421982 0.0420695 0.0408684 0.0384977 0.0348971 0.0300697 0.0239969 0.0168131 0.00870533 -0.000106268 -0.00936627 -0.0188218 -0.0280978 -0.0368485 -0.0447455 -0.0515262 -0.0569882 -0.06093 -0.0632662 -0.0639666 -0.0631316 -0.0609123 -0.0575134 -0.0531971 -0.0482312 -0.0429213 -0.0375088 -0.0322201 -0.0272073 -0.0226006 -0.0184897 -0.0149258 -0.0119308 -0.00947047 -0.00750293 -0.00594755 -0.00474616 -0.00382476 -0.00313803 -0.00263337 -0.00227627 -0.00203028 -0.00186697 -0.00176353 -0.00169841 -0.00166137 -0.00163773 -0.00162644 -0.00161744 -0.00161454 -0.00161 -0.0016095 -0.00160629 -0.00160645 -0.00160379 -0.00160419 -0.00160191 -0.00160247 -0.00160052 -0.00160124 -0.00159959 -0.0016005 -0.00159912 -0.00160025 -0.00159912 -0.0016005 -0.00159959 -0.00160124 -0.00160051 -0.00160247 -0.0016019 -0.00160417 -0.00160373 -0.00160628 -0.00160586 -0.00160846 -0.00160757 -0.00160908 -0.00160558 -0.00160171 -0.00158806 -0.00156544 -0.00152029 -0.00144551 -0.00132086 -0.00112761 -0.000838321 -0.000421329 0.000156739 0.00094237 0.00197838 0.003333 0.00506414 0.00725584 0.00996031 0.0132315 0.0170667 0.021442 0.0262857 0.031497 0.0369465 0.0424424 0.0477677 0.0526334 0.056774 0.0599083 0.0618125 0.0622873 0.0611849 0.0584622 0.0541443 0.048383 0.0413292 0.0332052 0.0242735 0.0148607 0.00533847 -0.00401599 -0.0129213 -0.0211551 -0.0284747 -0.0346944 -0.0397556 -0.0435991 -0.0462521 -0.0477352 -0.0481401 -0.0476268 -0.0463073 -0.044372 -0.0419644 -0.0392271 -0.0363379 -0.0333935 -0.0305179 -0.027768 -0.0251892 -0.0228734 -0.0207801 -0.0189053 -0.0172904 -0.0158879 -0.0146776 -0.0136428 -0.0127696 -0.0120445 -0.0114029 -0.0108641 -0.0104372 -0.0100284 -0.00966486 -0.00940114 -0.00915332 -0.00891842 -0.00875785 -0.00860258 -0.00842894 -0.00832329 -0.00824865 -0.00813956 -0.00806924 -0.0080432 -0.00799198 
0 0.000236081 0.000494767 0.000732422 0.00096513 0.00123404 0.00150956 0.00177349 0.00205175 0.00236056 0.00268458 0.00300756 0.00336925 0.00379381 0.00424118 0.00471969 0.00527392 0.00591498 0.00664026 0.00746157 0.00844226 0.00959359 0.0108864 0.0124098 0.0141847 0.0161581 0.0183893 0.020882 0.0235949 0.0264815 0.0294629 0.0325129 0.035477 0.0381841 0.040551 0.042388 0.0435438 0.0438492 0.0431555 0.0414061 0.0384753 0.0343578 0.0290621 0.0226255 0.0152056 0.00693221 -0.00194595 -0.0112227 -0.0206428 -0.029867 -0.0386055 -0.0465186 -0.0534049 -0.0590332 -0.0632178 -0.0658395 -0.0668259 -0.0662822 -0.0643074 -0.0611248 -0.0569358 -0.0520081 -0.0466291 -0.0410476 -0.0355285 -0.0302192 -0.0253006 -0.0208429 -0.0169451 -0.0136197 -0.0108651 -0.00864048 -0.00686689 -0.00549393 -0.00442416 -0.00363067 -0.00302799 -0.00260798 -0.00230106 -0.00210467 -0.00196759 -0.00188749 -0.00183445 -0.00180427 -0.00178683 -0.00177367 -0.00176976 -0.00176085 -0.00176215 -0.00175373 -0.00175739 -0.00174881 -0.00175382 -0.00174519 -0.00175109 -0.00174259 -0.00174914 -0.00174092 -0.00174797 -0.0017401 -0.00174758 -0.0017401 -0.00174797 -0.00174092 -0.00174914 -0.00174259 -0.00175109 -0.00174517 -0.00175378 -0.00174871 -0.00175712 -0.00175305 -0.00176052 -0.00175714 -0.00176157 -0.00175626 -0.00175124 -0.00173426 -0.001702 -0.0016465 -0.00154583 -0.00139442 -0.00114888 -0.000804656 -0.000298583 0.000376001 0.00130011 0.00249412 0.0040564 0.00603108 0.0085122 0.0115437 0.0151578 0.019353 0.0240628 0.0292324 0.0347096 0.0403756 0.0459863 0.0513228 0.05609 0.0600305 0.0629143 0.0645085 0.0646712 0.0632405 0.0602318 0.0556906 0.0497813 0.0426812 0.0345656 0.0257201 0.0163993 0.00695202 -0.00237525 -0.0113372 -0.0196886 -0.0272635 -0.0338549 -0.0393889 -0.0437706 -0.046976 -0.0490705 -0.0500659 -0.0500803 -0.0492148 -0.0476388 -0.0455332 -0.0429698 -0.0401383 -0.0371923 -0.0342241 -0.0313239 -0.0285364 -0.0259775 -0.0236578 -0.0215326 -0.0196772 -0.0180741 -0.0166649 -0.0154537 -0.0144246 -0.0135566 -0.0127999 -0.0121429 -0.0116191 -0.0111712 -0.0107567 -0.0104143 -0.01014 -0.00989498 -0.00966471 -0.00946883 -0.00932127 -0.00918798 -0.00906497 -0.00898074 -0.00891032 -0.00884287 -0.00880448 
0 0.000258135 0.000555224 0.000815158 0.00106835 0.00136709 0.00166102 0.00196723 0.0023047 0.00262497 0.00296516 0.0033671 0.00379381 0.00424519 0.0047484 0.0053207 0.00597958 0.00671835 0.00755354 0.00853658 0.00968224 0.010993 0.0125093 0.0142621 0.0162531 0.0184854 0.0209572 0.0236702 0.0265788 0.0295829 0.0326465 0.0356863 0.038522 0.041025 0.0430607 0.0444956 0.0451609 0.0448758 0.0435986 0.0412516 0.0377678 0.0331484 0.0274166 0.0207136 0.0131298 0.00481735 -0.00401585 -0.0131824 -0.0224013 -0.0314504 -0.0400273 -0.0478732 -0.0547773 -0.060502 -0.0649024 -0.0677832 -0.0691105 -0.0688977 -0.067259 -0.0643737 -0.0604018 -0.0556178 -0.0502395 -0.0445842 -0.0388712 -0.0333281 -0.0281132 -0.0233359 -0.0191087 -0.015443 -0.0123906 -0.00987367 -0.00787939 -0.00629457 -0.00508009 -0.00414681 -0.00345204 -0.00294686 -0.00258216 -0.00234205 -0.00216971 -0.0020752 -0.00199971 -0.00197262 -0.00193825 -0.00193672 -0.00191757 -0.0019235 -0.00191004 -0.00191703 -0.00190642 -0.00191264 -0.00190412 -0.00190926 -0.00190248 -0.0019067 -0.00190134 -0.00190497 -0.00190066 -0.00190411 -0.00190044 -0.00190411 -0.00190066 -0.00190497 -0.00190134 -0.00190669 -0.00190247 -0.00190923 -0.00190405 -0.00191247 -0.00190598 -0.00191596 -0.00190755 -0.00191792 -0.00190549 -0.00191157 -0.00188785 -0.00187545 -0.00181951 -0.00175376 -0.00161802 -0.00143028 -0.00112934 -0.000710645 -0.000118474 0.000681411 0.00173829 0.00312626 0.00489211 0.00714414 0.00990929 0.0132802 0.0172227 0.0217548 0.0267756 0.0322132 0.0379203 0.0437118 0.0493769 0.0546182 0.0592106 0.0628651 0.0654164 0.0666493 0.0664334 0.0646831 0.0613877 0.0566827 0.0506789 0.0435967 0.0356004 0.0269392 0.017871 0.00861915 -0.00054157 -0.00942308 -0.0177815 -0.0254685 -0.0323566 -0.0382847 -0.0431747 -0.0469491 -0.0496553 -0.0513171 -0.0519351 -0.0516313 -0.0505335 -0.0487986 -0.046535 -0.0438609 -0.0409791 -0.0379966 -0.0349921 -0.0320709 -0.0293051 -0.026751 -0.0244178 -0.0223134 -0.0204662 -0.0188536 -0.0174417 -0.0162266 -0.0151928 -0.0143147 -0.0135637 -0.0129073 -0.0123611 -0.0119257 -0.0115229 -0.0111554 -0.0108749 -0.0106251 -0.010402 -0.0102445 -0.0100777 -0.00991879 -0.00984433 -0.00976413 -0.00966587 -0.00964252 
0 0.000294507 0.000582014 0.00088448 0.00121237 0.0015306 0.00183378 0.00216455 0.00253054 0.00291355 0.00331721 0.00375936 0.00424118 0.0047484 0.00532335 0.00600853 0.0067596 0.00759854 0.00860795 0.00976647 0.0110697 0.0125869 0.0143357 0.016313 0.0185352 0.0210096 0.0237195 0.0266201 0.0296527 0.0327474 0.0358138 0.0387301 0.041355 0.0435431 0.0451644 0.0460933 0.0461625 0.0452618 0.0433551 0.0404007 0.0363792 0.0312853 0.0252194 0.0183203 0.0106796 0.00244112 -0.00624585 -0.0151554 -0.024075 -0.0328184 -0.041142 -0.0488469 -0.0556832 -0.0614692 -0.0660194 -0.0691664 -0.0708421 -0.0710062 -0.0697712 -0.0672327 -0.0635758 -0.0589924 -0.0537199 -0.0480501 -0.042217 -0.0364902 -0.0310109 -0.0259569 -0.0213978 -0.0174212 -0.0140426 -0.0112446 -0.00899387 -0.00719616 -0.00581158 -0.00472932 -0.00393257 -0.00332484 -0.00290553 -0.00259758 -0.00240263 -0.00226637 -0.00218694 -0.00213574 -0.00210515 -0.00209033 -0.00207582 -0.00207516 -0.00206415 -0.00206915 -0.00205806 -0.00206571 -0.00205402 -0.0020632 -0.00205113 -0.00206129 -0.00204915 -0.00205998 -0.00204799 -0.00205932 -0.00204761 -0.00205932 -0.00204799 -0.00205998 -0.00204915 -0.00206128 -0.00205112 -0.00206315 -0.00205391 -0.00206543 -0.00205736 -0.0020675 -0.00206039 -0.00206689 -0.00205828 -0.00205453 -0.00203483 -0.00200283 -0.00194524 -0.00184348 -0.00169032 -0.00144144 -0.00109446 -0.000580693 0.000100798 0.00104062 0.00225035 0.00384085 0.00584569 0.00837336 0.0114584 0.0151482 0.0194353 0.0242658 0.0295824 0.0352383 0.0411165 0.0469703 0.0525885 0.0576693 0.0619781 0.0652912 0.0674198 0.0682368 0.0676002 0.0655062 0.061965 0.0571171 0.0511025 0.0440939 0.0363121 0.0279465 0.0192321 0.0103254 0.00143463 -0.00723008 -0.0154928 -0.0231987 -0.0302627 -0.0365263 -0.04186 -0.0461987 -0.0495216 -0.0518418 -0.0531386 -0.0534684 -0.0529459 -0.0516804 -0.0497972 -0.047422 -0.0446992 -0.0417706 -0.0387549 -0.0357516 -0.0328351 -0.0300725 -0.0275244 -0.0252045 -0.0230971 -0.0212385 -0.0196375 -0.0182229 -0.0169921 -0.015972 -0.0151025 -0.0143344 -0.0136767 -0.0131353 -0.0126725 -0.0122572 -0.0119202 -0.0116477 -0.011384 -0.0111641 -0.0110078 -0.010858 -0.010716 -0.0106154 -0.0105484 -0.0105009 
0 0.000324235 0.000651709 0.000985678 0.0013155 0.00166416 0.00204439 0.00241317 0.00279301 0.00323114 0.00368868 0.00417138 0.00471969 0.0053207 0.00600853 0.00678894 0.00763201 0.00862632 0.00980546 0.0111214 0.0126324 0.0143852 0.0163753 0.0185974 0.021042 0.0237451 0.0266527 0.0296657 0.0327766 0.0358909 0.0388619 0.0415747 0.0438874 0.0456788 0.0467986 0.0471098 0.046531 0.0449753 0.0424213 0.0388707 0.0343249 0.0288459 0.022536 0.0155309 0.00794116 -0.000136473 -0.00854534 -0.0170996 -0.0256249 -0.0339696 -0.0419803 -0.0494543 -0.0561794 -0.061963 -0.0666272 -0.0700307 -0.0720494 -0.0726419 -0.0718351 -0.0697157 -0.0664243 -0.0621192 -0.0570352 -0.051417 -0.0455494 -0.0396732 -0.0339946 -0.0286754 -0.0238226 -0.0195342 -0.0158345 -0.0127482 -0.0102191 -0.0082054 -0.0066173 -0.00539258 -0.00445931 -0.00376116 -0.00325615 -0.00289223 -0.00265037 -0.00248066 -0.00238206 -0.00230993 -0.00227723 -0.00224657 -0.00223897 -0.00222364 -0.00222378 -0.00221403 -0.00221589 -0.00220871 -0.00221062 -0.00220514 -0.00220677 -0.00220266 -0.00220409 -0.00220106 -0.00220249 -0.00220027 -0.00220197 -0.00220027 -0.00220249 -0.00220105 -0.00220408 -0.00220265 -0.00220674 -0.00220508 -0.00221044 -0.00220827 -0.00221482 -0.00221154 -0.00221819 -0.00221159 -0.0022139 -0.00219639 -0.00218056 -0.00213068 -0.00206227 -0.0019315 -0.00174201 -0.00144314 -0.00102252 -0.000426225 0.00037866 0.00145011 0.00285023 0.00464469 0.00692084 0.00973225 0.0131475 0.0171606 0.0217695 0.026893 0.0324513 0.0383004 0.0442664 0.0501233 0.0555996 0.060441 0.0643959 0.0672876 0.0689513 0.0692812 0.0682127 0.065755 0.0619961 0.0570495 0.0510699 0.0442234 0.0367152 0.0287451 0.020465 0.0120072 0.0035126 -0.00484308 -0.0128984 -0.0205485 -0.0276855 -0.0341822 -0.0399075 -0.0447575 -0.0486865 -0.0516455 -0.0536261 -0.0546594 -0.0547765 -0.0540768 -0.0526757 -0.0507032 -0.048279 -0.0455008 -0.0425507 -0.0395436 -0.0365205 -0.0335933 -0.0308419 -0.0283054 -0.0259824 -0.0238752 -0.0220487 -0.0204505 -0.0190158 -0.0177971 -0.016765 -0.0158711 -0.0151147 -0.0144532 -0.013899 -0.0134571 -0.0130553 -0.0126976 -0.0124118 -0.0121649 -0.0119558 -0.0117909 -0.0116514 -0.0115425 -0.0114606 -0.0113885 
0 0.000363961 0.000713919 0.00108754 0.00146128 0.00182336 0.0022307 0.00267212 0.00311267 0.00358082 0.00409143 0.00464772 0.00527392 0.00597958 0.0067596 0.00763201 0.00865143 0.00983106 0.0111543 0.012673 0.0144186 0.0163943 0.0186239 0.0210716 0.0237474 0.0266626 0.0296983 0.0328011 0.0359277 0.0389462 0.0417282 0.0441163 0.0460201 0.0473245 0.0478369 0.0474929 0.0462358 0.0440222 0.0408503 0.0367148 0.0317154 0.0259265 0.0194519 0.0124328 0.00495394 -0.00285532 -0.0108895 -0.0189972 -0.0270383 -0.0349302 -0.0425381 -0.0497213 -0.0562683 -0.0619985 -0.0667571 -0.0703876 -0.0727741 -0.0738077 -0.0734806 -0.0718294 -0.0689581 -0.0650115 -0.0601758 -0.0547026 -0.0488507 -0.0428933 -0.0370458 -0.0314933 -0.0263669 -0.0217668 -0.017757 -0.0143562 -0.0115511 -0.00928533 -0.00749411 -0.0060971 -0.00502782 -0.0042217 -0.00362852 -0.00320297 -0.00290682 -0.00270825 -0.00257872 -0.00249829 -0.00244863 -0.00241987 -0.00240233 -0.00239242 -0.0023859 -0.00238179 -0.00237875 -0.00237628 -0.00237449 -0.00237256 -0.00237147 -0.00236987 -0.00236933 -0.00236809 -0.00236805 -0.0023672 -0.00236762 -0.0023672 -0.00236805 -0.00236809 -0.00236933 -0.00236986 -0.00237142 -0.00237245 -0.00237421 -0.00237559 -0.00237712 -0.00237807 -0.00237772 -0.00237511 -0.00236702 -0.00235053 -0.00231754 -0.0022598 -0.00216108 -0.00200393 -0.00176192 -0.00140637 -0.000901115 -0.000205071 0.000729073 0.00196054 0.00355353 0.00558717 0.00813137 0.0112534 0.0149824 0.01932 0.0242202 0.0296057 0.0353644 0.0413388 0.0473349 0.0530967 0.0583668 0.0628794 0.0664304 0.0688469 0.0700057 0.0698349 0.0683145 0.0655233 0.0615569 0.0565604 0.0506612 0.0440303 0.0368648 0.029322 0.021542 0.0135885 0.00558308 -0.00235936 -0.0101295 -0.0176116 -0.0247285 -0.0313377 -0.0373504 -0.0426574 -0.0471343 -0.0507299 -0.0533939 -0.0551542 -0.0559954 -0.055931 -0.0551083 -0.0536224 -0.0515787 -0.0490852 -0.0462787 -0.0433376 -0.040311 -0.0372848 -0.0343871 -0.0316473 -0.0291124 -0.0267966 -0.0246989 -0.022863 -0.0212553 -0.0198338 -0.0186059 -0.0175618 -0.0166819 -0.0159229 -0.0152617 -0.0147076 -0.0142338 -0.0138336 -0.0135138 -0.0132268 -0.0129656 -0.012771 -0.0126266 -0.0124969 -0.0123895 -0.01232 
0 0.000404991 0.000779654 0.00118443 0.00161106 0.00202822 0.00247028 0.00293588 0.00342645 0.00397672 0.00456674 0.00519582 0.00591498 0.00671835 0.00759854 0.00862632 0.00983106 0.0111722 0.0126876 0.0144454 0.0164294 0.018636 0.0210808 0.0237567 0.0266528 0.0296934 0.0328119 0.0359534 0.0389916 0.0418248 0.0443045 0.0462846 0.0477036 0.0484002 0.048253 0.0472182 0.0452609 0.04241 0.0386275 0.0339818 0.0286139 0.0225998 0.016074 0.00911055 0.0018424 -0.0056138 -0.0131993 -0.0207817 -0.028314 -0.0356988 -0.0428664 -0.0497048 -0.0560168 -0.0616701 -0.0664757 -0.0703252 -0.0730539 -0.0745346 -0.0747073 -0.0735462 -0.0711528 -0.0676054 -0.0631031 -0.057838 -0.0520838 -0.0461067 -0.0401396 -0.0344019 -0.0290198 -0.0241421 -0.0198157 -0.0161143 -0.0130104 -0.010488 -0.00846987 -0.00688698 -0.00566749 -0.00473552 -0.00405014 -0.00354205 -0.00319486 -0.00294549 -0.00279307 -0.00268378 -0.00262767 -0.00258319 -0.00256654 -0.00254781 -0.00254421 -0.0025349 -0.00253449 -0.00252896 -0.00252884 -0.00252533 -0.00252494 -0.00252283 -0.00252224 -0.0025212 -0.00252065 -0.0025204 -0.00252011 -0.0025204 -0.00252064 -0.0025212 -0.00252223 -0.0025228 -0.00252487 -0.00252515 -0.0025284 -0.0025279 -0.00253205 -0.00252944 -0.00253242 -0.00252332 -0.00251751 -0.00248867 -0.0024523 -0.00237055 -0.00225435 -0.00205275 -0.00176772 -0.00133728 -0.000750615 6.20407e-05 0.00113247 0.00253907 0.0043443 0.00662701 0.00946368 0.0128913 0.0169485 0.0215853 0.026772 0.0323786 0.0383052 0.044348 0.0503043 0.0559047 0.0608822 0.0650162 0.0680922 0.070003 0.0706157 0.0699306 0.0679635 0.0648392 0.0607001 0.0556636 0.0499004 0.0435305 0.0367606 0.0296981 0.0224415 0.0150626 0.00760052 0.000159709 -0.00723935 -0.0144834 -0.0214736 -0.0281202 -0.0343094 -0.0399792 -0.0449491 -0.0491223 -0.0524636 -0.0549247 -0.0565052 -0.0571618 -0.056981 -0.0560771 -0.0545064 -0.0524077 -0.0498876 -0.0470792 -0.0441282 -0.0411041 -0.0381055 -0.0352056 -0.0324693 -0.0299551 -0.0276318 -0.025527 -0.0237029 -0.0221014 -0.020673 -0.0194472 -0.0184103 -0.0175097 -0.0167371 -0.0160861 -0.0155264 -0.0150582 -0.0146678 -0.0143305 -0.0140671 -0.013846 -0.0136241 -0.0134644 -0.0133751 -0.0132931 
