0 0 0 0 0 0 0 0 0 0 0 0 0 0 0 0 0 0 0 0 0 0 0 0 0 0 0 0 0 0 0 0 0 0 0 0 0 0 0 0 0 0 0 0 0 0 0 0 0 0 0 0 0 0 0 0 0 0 0 0 0 0 0 0 0 0 0 0 0 0 0 0 0 0 0 0 0 0 0 0 0 0 0 0 0 0 0 0 0 0 0 0 0 0 0 0 0 0 0 0 0 0 0 0 0 0 0 0 0 0 0 0 0 0 0 0 0 0 0 0 0 0 0 0 0 0 0 0 0 0 0 0 0 0 0 0 0 0 0 0 0 0 0 0 0 0 0 0 0 0 0 0 0 0 0 0 0 0 0 0 0 0 0 0 0 0 0 0 0 0 0 0 0 0 0 0 0 0 0 0 0 0 0 0 0 0 0 0 0 0 0 0 0 0 0 0 0 0 0 0 
0 -7.88504e-07 7.41807e-06 7.12011e-06 4.91397e-06 1.04923e-05 1.26684e-05 1.06139e-05 1.63714e-05 2.06993e-05 1.35392e-05 1.88089e-05 2.7837e-05 2.31969e-05 3.17438e-05 3.94999e-05 2.77615e-05 2.58153e-05 3.43193e-05 3.62438e-05 4.02482e-05 5.051e-05 5.27096e-05 4.35772e-05 4.28095e-05 6.583e-05 6.93749e-05 4.30643e-05 5.56277e-05 7.11057e-05 6.45027e-05 7.38348e-05 7.20958e-05 7.92355e-05 8.7484e-05 9.00277e-05 9.3238e-05 8.92533e-05 0.000108097 9.87383e-05 0.00010112 0.000117975 0.000109953 0.000121609 0.000124101 0.000140403 0.000135807 0.00014586 0.000166693 0.000156745 0.000175375 0.000179395 0.000197232 0.000191238 0.000207362 0.000227106 0.000222916 0.000242537 0.000250572 0.000281204 0.000275141 0.000304366 0.000326451 0.000349679 0.000367219 0.000393006 0.000443169 0.000464049 0.000512496 0.000552452 0.000637851 0.000695452 0.000791369 0.000899238 0.00105979 0.00123178 0.00143934 0.00169809 0.00200547 0.00235902 0.00271482 0.00310677 0.00348066 0.00384996 0.0041123 0.00429311 0.0043163 0.00422887 0.0039502 0.00353836 0.00296183 0.00233838 0.00167505 0.00108216 0.000546985 0.000156593 -0.000113219 -0.000203161 -0.000176427 -2.56794e-05 0.000145377 0.000318347 0.000384911 0.000342634 0.000118276 -0.000239683 -0.000760024 -0.00136089 -0.00205678 -0.00274281 -0.00340963 -0.00393258 -0.00432736 -0.00452412 -0.00459729 -0.00449755 -0.00429797 -0.0039647 -0.00360293 -0.00320196 -0.00283061 -0.00244923 -0.00210963 -0.00180892 -0.00156943 -0.00136618 -0.00118217 -0.00104561 -0.000932002 -0.000860931 -0.000766842 -0.000715615 -0.000658282 -0.000637393 -0.000582502 -0.00055513 -0.000530197 -0.000512556 -0.000485538 -0.000455383 -0.000456978 -0.000428299 -0.000417944 -0.000390964 -0.000397443 -0.000372402 -0.000356804 -0.000354355 -0.000341191 -0.000334074 -0.000312688 -0.000326298 -0.000304547 -0.000299435 -0.000299788 -0.000292346 -0.000287916 -0.000275505 -0.00028777 -0.000265957 -0.000264597 -0.000267892 -0.000252445 -0.000251353 -0.000243221 -0.000247137 -0.000237926 -0.000237658 -0.000235054 -0.000224279 -0.000246169 -0.00023562 -0.000211421 -0.000222245 -0.000232128 -0.000223363 -0.000206504 -0.000207112 -0.000213517 -0.000209606 -0.000211824 -0.000215781 -0.000208089 -0.000200055 -0.00020512 -0.000207883 -0.000199911 -0.000199655 -0.000202656 -0.000192351 -0.000193685 -0.000207089 -0.000197098 -0.000197136 -0.000206977 -0.000186685 -0.00018936 -0.000201736 -0.000185349 -0.000196657 
0 7.41807e-06 6.00402e-07 1.25567e-05 1.69977e-05 1.61247e-05 2.69153e-05 2.46398e-05 3.1407e-05 3.55229e-05 3.61592e-05 5.49115e-05 4.03719e-05 4.43658e-05 6.41518e-05 3.66661e-05 6.84312e-05 9.20456e-05 6.05955e-05 9.00318e-05 8.62432e-05 6.67751e-05 9.33793e-05 0.00010126 0.000109665 9.40206e-05 0.000102841 0.000133909 0.000131405 0.000140231 0.000125606 0.000146654 0.000165885 0.000140309 0.000166501 0.000170099 0.000173484 0.000187735 0.000196778 0.000211776 0.000206919 0.000240172 0.000239203 0.00024106 0.000269089 0.000270338 0.000281214 0.000287707 0.000318201 0.000316717 0.000328651 0.000362986 0.000371888 0.000389062 0.000408865 0.000450664 0.000457831 0.000482574 0.000523591 0.000554908 0.000577874 0.000608921 0.000669457 0.000702132 0.000743063 0.000797048 0.000877656 0.000940294 0.00101251 0.00112032 0.00125584 0.00140317 0.00157141 0.00181231 0.00211278 0.00247245 0.00288583 0.00340646 0.00402299 0.00471626 0.00544197 0.00620257 0.00696404 0.00766351 0.00820613 0.00853076 0.00860194 0.00838932 0.00786126 0.00701166 0.00590231 0.00464057 0.00335753 0.00215484 0.00112278 0.000323589 -0.000184379 -0.000390373 -0.000317428 -5.11896e-05 0.000303838 0.000613542 0.0007639 0.000651636 0.000232541 -0.00050166 -0.0015049 -0.00272293 -0.00407216 -0.00545773 -0.00674632 -0.00781494 -0.00857378 -0.00900545 -0.00912801 -0.00896805 -0.00855114 -0.00792932 -0.00719437 -0.00642451 -0.005667 -0.00492598 -0.00424322 -0.00364848 -0.00316687 -0.00275061 -0.00239738 -0.00210464 -0.00189588 -0.00172057 -0.00156331 -0.00142905 -0.00133861 -0.00126461 -0.00117642 -0.00110706 -0.00105664 -0.00102103 -0.000955928 -0.000916862 -0.00088834 -0.000861616 -0.000815878 -0.000789581 -0.000782032 -0.000746458 -0.000723635 -0.000704845 -0.000702069 -0.000664677 -0.00065197 -0.000648412 -0.000622165 -0.000606564 -0.000591541 -0.000592266 -0.000556761 -0.000556081 -0.000553308 -0.000528107 -0.000529785 -0.000518935 -0.000518697 -0.000498825 -0.00050825 -0.000500389 -0.00046961 -0.000492445 -0.000476423 -0.000462496 -0.000450682 -0.000444179 -0.000464316 -0.000444584 -0.000434191 -0.000425153 -0.000442748 -0.000453644 -0.000410933 -0.000430897 -0.00042396 -0.000391496 -0.000425276 -0.000414896 -0.000400686 -0.000411104 -0.000400039 -0.000404594 -0.000402274 -0.00040418 -0.000404932 -0.000385489 -0.00039363 -0.000391337 -0.000380908 -0.000402465 -0.000396698 -0.000386075 -0.000402051 -0.000387092 
0 7.12011e-06 1.25567e-05 1.8534e-05 2.21766e-05 2.75568e-05 3.57299e-05 3.82715e-05 4.63139e-05 5.4572e-05 5.33007e-05 6.40268e-05 7.24356e-05 7.51715e-05 9.00207e-05 9.2563e-05 9.32154e-05 9.96675e-05 0.000101537 0.000116563 0.000125932 0.000132647 0.000145887 0.000143332 0.000148783 0.000170209 0.000177481 0.000169384 0.000180959 0.00020043 0.000201775 0.000217231 0.000228436 0.000233374 0.000253718 0.000265043 0.000270986 0.000281847 0.000302713 0.000306995 0.000315881 0.000343429 0.000348754 0.000363657 0.000387472 0.000408623 0.000419314 0.000443058 0.000477233 0.000485151 0.000512007 0.000543946 0.000571211 0.000587509 0.000623568 0.000667299 0.000687082 0.000725618 0.000773074 0.00082582 0.000857179 0.000916562 0.000988536 0.00105173 0.00111535 0.00120199 0.0013168 0.001416 0.00153994 0.0016963 0.00190528 0.00212431 0.0023995 0.00275499 0.00321253 0.00374905 0.00438615 0.00516419 0.00608187 0.0071087 0.00818893 0.00931764 0.0104288 0.0114473 0.0122262 0.0126978 0.0127786 0.0124491 0.0116416 0.0103864 0.00874318 0.00689443 0.00499501 0.0032272 0.00169589 0.000525357 -0.000232709 -0.000535522 -0.000448847 -6.7125e-05 0.000428329 0.00087283 0.00107169 0.000905428 0.000278515 -0.000794399 -0.00228054 -0.00406922 -0.00606513 -0.00809444 -0.00999749 -0.0115698 -0.0127142 -0.0133663 -0.0135734 -0.0133448 -0.0127523 -0.0118496 -0.0107836 -0.00964394 -0.00851872 -0.00741855 -0.00640551 -0.00551798 -0.00478037 -0.00415482 -0.00361855 -0.00318711 -0.00285269 -0.00259074 -0.00234875 -0.00215947 -0.00201023 -0.00189828 -0.00177187 -0.00167213 -0.00159605 -0.00153161 -0.00145327 -0.001386 -0.00134733 -0.00129459 -0.00124156 -0.00119389 -0.00117177 -0.00112488 -0.00108399 -0.00105956 -0.00103437 -0.00099917 -0.000968417 -0.000961136 -0.000929229 -0.000906068 -0.000893559 -0.00087934 -0.0008546 -0.000839305 -0.000835878 -0.000807579 -0.000795872 -0.000788465 -0.000769845 -0.000752937 -0.000745643 -0.000738077 -0.000719228 -0.000717744 -0.000706383 -0.00069492 -0.000701955 -0.000688668 -0.000669099 -0.000668807 -0.000672722 -0.000656602 -0.000643726 -0.000641793 -0.000633219 -0.000635563 -0.000633593 -0.000626749 -0.000625061 -0.000613985 -0.000613107 -0.00061432 -0.000605173 -0.000603544 -0.000600503 -0.000593363 -0.000593918 -0.000597829 -0.000594732 -0.000593141 -0.000594237 -0.000584738 -0.000583035 -0.000584793 -0.00057772 -0.000586777 
0 4.91397e-06 1.69977e-05 2.21766e-05 2.98847e-05 3.96782e-05 4.53064e-05 5.42339e-05 6.11758e-05 7.11069e-05 7.82017e-05 8.1035e-05 9.78207e-05 0.00010189 0.000105498 0.000129037 0.000126302 0.000130622 0.000153689 0.000151454 0.00016306 0.000179592 0.000184878 0.000194329 0.000197996 0.00022307 0.000234425 0.000230021 0.000252425 0.000263561 0.000277956 0.000289488 0.000297218 0.000320426 0.000328661 0.000348097 0.000361474 0.000375654 0.000401341 0.000409337 0.000434644 0.000452869 0.000472286 0.000495444 0.000515204 0.000546093 0.000561492 0.000595268 0.000623554 0.000649497 0.000684115 0.000717189 0.000758579 0.000787118 0.000837113 0.000881725 0.000926283 0.000977341 0.00103627 0.0011023 0.00115708 0.00123685 0.00131897 0.00141031 0.00150063 0.00161883 0.00175599 0.00190064 0.0020732 0.00228568 0.00255547 0.00286096 0.00324544 0.00372624 0.004336 0.00505916 0.00592907 0.0069667 0.00817964 0.00952584 0.0109566 0.0124307 0.0138697 0.0151626 0.0161548 0.0167399 0.0168193 0.0163464 0.0152642 0.0136095 0.0114758 0.00907288 0.00660619 0.00429977 0.00230789 0.000781911 -0.000205348 -0.00061483 -0.000524402 -6.35101e-05 0.000545945 0.0010862 0.00131877 0.00108373 0.000266077 -0.00113078 -0.00306104 -0.00539267 -0.00798481 -0.0106208 -0.0130877 -0.0151481 -0.0166655 -0.0175614 -0.017864 -0.0176012 -0.0168574 -0.0157245 -0.014358 -0.0128823 -0.0113995 -0.0099615 -0.00862937 -0.00745576 -0.0064549 -0.00561208 -0.0048957 -0.00431757 -0.00385278 -0.00348563 -0.00316627 -0.00291139 -0.0027032 -0.00253583 -0.00237832 -0.00224303 -0.00213571 -0.00203599 -0.0019444 -0.00185487 -0.00179235 -0.00172113 -0.00165865 -0.0015992 -0.00155309 -0.00150434 -0.00145241 -0.00141904 -0.0013765 -0.00134302 -0.00130342 -0.00127858 -0.00124701 -0.00121412 -0.0011952 -0.00116454 -0.00114546 -0.00111834 -0.00110259 -0.00108126 -0.00105807 -0.00104946 -0.00102466 -0.00101407 -0.000995993 -0.000982202 -0.000974512 -0.000953679 -0.00094605 -0.000929529 -0.000926883 -0.000917664 -0.000891412 -0.000893694 -0.000888109 -0.000878177 -0.000865167 -0.000854143 -0.000861462 -0.00084373 -0.000837025 -0.000843262 -0.000823464 -0.000820767 -0.000821922 -0.000812502 -0.000810335 -0.000804818 -0.000803963 -0.000797524 -0.000792511 -0.000798996 -0.000787912 -0.000785572 -0.00079183 -0.000776904 -0.000782556 -0.000790605 -0.000774142 -0.000781253 
0 1.04923e-05 1.61247e-05 2.75568e-05 3.96782e-05 4.82739e-05 5.63662e-05 6.95156e-05 7.84141e-05 8.15478e-05 0.000102019 0.000112853 0.000111012 0.00013141 0.000137197 0.000136387 0.00016482 0.000181928 0.000184956 0.000197564 0.000208328 0.000212079 0.00022147 0.000250676 0.000270519 0.000256814 0.000270383 0.00031648 0.000322966 0.000325273 0.000346452 0.000359956 0.000383837 0.000395209 0.000409496 0.000430292 0.000450956 0.000478925 0.000487095 0.000523055 0.000546992 0.000562596 0.000600505 0.000619384 0.000653903 0.000673547 0.000714532 0.000745116 0.000769941 0.000822768 0.000850259 0.00090225 0.000937318 0.000998964 0.00104659 0.00109778 0.00117044 0.00122577 0.00130852 0.00136928 0.00147162 0.00155136 0.0016589 0.00176829 0.00189633 0.00204535 0.00219887 0.00240459 0.00261692 0.00290614 0.00321889 0.0036397 0.00412459 0.00475461 0.00550566 0.00643449 0.00753792 0.00883906 0.0103375 0.0119848 0.0137562 0.0155387 0.0172791 0.0187852 0.0199655 0.0206111 0.0206797 0.0200229 0.0186825 0.016628 0.0140653 0.01114 0.00817721 0.00535942 0.00296515 0.00109516 -8.85413e-05 -0.000626441 -0.000537861 -5.16601e-05 0.000646161 0.0012253 0.00148049 0.0011494 0.000169195 -0.00154137 -0.00385717 -0.0067017 -0.00981528 -0.0130186 -0.015977 -0.0185122 -0.0203744 -0.0215468 -0.0219494 -0.0217042 -0.0208326 -0.0195354 -0.0178995 -0.0161356 -0.0143083 -0.0125592 -0.0109191 -0.00946477 -0.00819889 -0.00712348 -0.00623406 -0.0054888 -0.00490061 -0.0043984 -0.0040181 -0.00367537 -0.00342063 -0.00317684 -0.00299879 -0.00282355 -0.00268119 -0.00255006 -0.00243423 -0.00234096 -0.00223167 -0.0021613 -0.00207231 -0.00201598 -0.00193427 -0.00188445 -0.0018301 -0.00177198 -0.00172933 -0.00167736 -0.00164933 -0.00159017 -0.00156571 -0.00152772 -0.00148956 -0.00146082 -0.00142716 -0.00140843 -0.00136573 -0.00135573 -0.00133038 -0.00130061 -0.00129037 -0.00126785 -0.00125454 -0.00122839 -0.00121551 -0.00120056 -0.00118466 -0.00117508 -0.00113726 -0.00113306 -0.00114648 -0.00111788 -0.00109007 -0.00109187 -0.00109842 -0.00108415 -0.00106548 -0.00106141 -0.00104985 -0.00103362 -0.00103836 -0.00103744 -0.00101979 -0.00101506 -0.00101491 -0.00100802 -0.0010033 -0.00100621 -0.00100016 -0.00098226 -0.000987784 -0.000986616 -0.000972812 -0.000990264 -0.000984386 -0.000970813 -0.000989682 -0.000972948 
0 1.26684e-05 2.69153e-05 3.57299e-05 4.53064e-05 5.63662e-05 6.75445e-05 8.19666e-05 9.06746e-05 0.000106265 0.00011927 0.000119705 0.000146694 0.000159623 0.000160788 0.000197377 0.000190583 0.00018743 0.000226844 0.000224496 0.000247089 0.000280718 0.000279112 0.000292019 0.00030372 0.000334374 0.000352458 0.000351606 0.000368599 0.000386757 0.000427977 0.000432598 0.000444632 0.000492017 0.000497648 0.000525663 0.000552049 0.000571856 0.000594836 0.00062017 0.000659026 0.000666443 0.000712171 0.000749127 0.000771077 0.000816619 0.000857606 0.000903657 0.000930682 0.000995151 0.00104176 0.00108097 0.00114297 0.0012037 0.00126689 0.00131634 0.00140771 0.00148192 0.00156062 0.00165059 0.0017634 0.00187727 0.00198543 0.00213569 0.00229418 0.00247609 0.00266339 0.00291504 0.0032009 0.00353957 0.00394 0.00444905 0.00507868 0.00583532 0.00676261 0.00788506 0.0092397 0.0107956 0.0125683 0.0145062 0.0165785 0.0186516 0.0206221 0.0223166 0.0236032 0.0242985 0.0242859 0.0234605 0.0218245 0.0194325 0.0164505 0.0130997 0.00966646 0.00643047 0.00364677 0.00150145 0.000102992 -0.000536707 -0.000510462 -9.60586e-06 0.000694435 0.00129842 0.00151048 0.00110328 -6.22895e-05 -0.00202094 -0.00470804 -0.00796968 -0.0115721 -0.0152368 -0.0186632 -0.0215952 -0.0238246 -0.0252457 -0.0258122 -0.0255892 -0.0246726 -0.0232344 -0.0214096 -0.0193773 -0.0172578 -0.0152073 -0.0132819 -0.0115526 -0.0100139 -0.00871231 -0.00762091 -0.00672589 -0.00597412 -0.00536279 -0.00487696 -0.00447766 -0.00414018 -0.00384596 -0.00362383 -0.00342009 -0.00324303 -0.00307153 -0.00294979 -0.00282506 -0.00270445 -0.00259763 -0.00251268 -0.00243053 -0.0023305 -0.00226907 -0.00220012 -0.00213655 -0.00206228 -0.00202171 -0.0019715 -0.00190793 -0.00187504 -0.00183344 -0.00179665 -0.00174676 -0.00173162 -0.00169384 -0.00165085 -0.00163748 -0.00160065 -0.00157408 -0.00154231 -0.0015278 -0.00149281 -0.001469 -0.00147055 -0.00142552 -0.00141392 -0.0014104 -0.00139547 -0.00137697 -0.00134666 -0.0013468 -0.0013363 -0.00132516 -0.00129664 -0.00127331 -0.00129248 -0.00126681 -0.0012606 -0.00127298 -0.00123623 -0.00123478 -0.00123849 -0.00122048 -0.00122005 -0.00121112 -0.00120049 -0.00119386 -0.00119265 -0.0011966 -0.00119008 -0.00118965 -0.00118738 -0.0011749 -0.00117125 -0.00116972 -0.00116717 -0.0011735 
0 1.06139e-05 2.46398e-05 3.82715e-05 5.42339e-05 6.95156e-05 8.19666e-05 9.62117e-05 0.000107236 0.000123179 0.000139403 0.000146878 0.000168536 0.000180343 0.0001849 0.000216544 0.000226477 0.00023879 0.000272399 0.000271115 0.00028577 0.000310907 0.000317869 0.00034538 0.000362522 0.000378779 0.000402318 0.000422826 0.00044847 0.000463219 0.000492649 0.000507872 0.000525258 0.00056689 0.000575757 0.000604588 0.000642501 0.000665054 0.000697091 0.000731458 0.000773091 0.00079341 0.000838934 0.000884632 0.000907004 0.000957765 0.00100459 0.00104951 0.00108857 0.00115438 0.00121467 0.00125777 0.00133507 0.00140908 0.00148125 0.00154946 0.00165221 0.00174926 0.00183443 0.00194936 0.00207889 0.00221418 0.00234033 0.00251653 0.00271042 0.00291725 0.00314722 0.00344263 0.00379846 0.00419685 0.00468728 0.00530111 0.00607067 0.00697606 0.00808154 0.00941712 0.0110144 0.0128308 0.0148626 0.0170781 0.0194149 0.0217371 0.0238871 0.0257151 0.0270562 0.027748 0.0276227 0.0266061 0.0246887 0.0219837 0.0186436 0.0149263 0.0111041 0.00750936 0.00440192 0.00201002 0.000421812 -0.000338109 -0.00039601 6.19904e-05 0.000726837 0.00129476 0.00143589 0.000926885 -0.000405773 -0.0025887 -0.0055831 -0.00920075 -0.0132047 -0.0172629 -0.0210838 -0.0243754 -0.0269442 -0.028627 -0.0293819 -0.0292349 -0.028328 -0.0268128 -0.0248581 -0.0226134 -0.0202505 -0.0179271 -0.0157408 -0.0137407 -0.0119442 -0.0104038 -0.00911017 -0.00804204 -0.00713019 -0.00638988 -0.00579366 -0.0053175 -0.00489655 -0.00454468 -0.00426569 -0.00402884 -0.00380712 -0.00360363 -0.00345439 -0.00330664 -0.00316534 -0.00303277 -0.00293991 -0.00283726 -0.00272989 -0.00265066 -0.00257855 -0.00250361 -0.0024195 -0.00237377 -0.00231166 -0.00224519 -0.00219574 -0.00215155 -0.00210142 -0.00204343 -0.00201955 -0.00197154 -0.00192731 -0.00190195 -0.0018675 -0.00183485 -0.00180262 -0.00179003 -0.00175145 -0.00172581 -0.00171696 -0.00167951 -0.00166227 -0.00164038 -0.00161748 -0.00160101 -0.00158242 -0.0015695 -0.00154501 -0.00154117 -0.00152748 -0.00150859 -0.00151212 -0.00148267 -0.00146917 -0.00147215 -0.00144803 -0.00144505 -0.00144043 -0.00142385 -0.00142118 -0.00141561 -0.00141105 -0.0014051 -0.00139801 -0.00139353 -0.00138285 -0.00137783 -0.00137722 -0.00137557 -0.00137906 -0.00137904 -0.00137255 -0.00136789 
0 1.63714e-05 3.1407e-05 4.63139e-05 6.11758e-05 7.84141e-05 9.06746e-05 0.000107236 0.00012979 0.000135158 0.000155343 0.000183686 0.000181535 0.00020784 0.000233994 0.000224806 0.000261138 0.000287514 0.000286161 0.00032022 0.000336101 0.0003493 0.000369982 0.00039396 0.000432718 0.000426149 0.000447519 0.00049597 0.000506644 0.000534713 0.000550676 0.000583747 0.000620719 0.000634463 0.000674587 0.000695157 0.000736715 0.000769309 0.000792129 0.00084658 0.000870341 0.000917191 0.000957796 0.00100309 0.00105148 0.00109076 0.00116161 0.00119913 0.00126329 0.00132793 0.00139186 0.00146 0.00152848 0.00162691 0.00169287 0.00179112 0.0018923 0.00200528 0.00211189 0.00223678 0.0023958 0.00253667 0.00270859 0.00289689 0.00313669 0.00337106 0.00365678 0.0040051 0.00442472 0.00490922 0.00548954 0.0062354 0.0071325 0.00821836 0.00950018 0.0110692 0.0128915 0.0149692 0.0172416 0.0197106 0.022268 0.0247801 0.027058 0.0289505 0.0302951 0.0309131 0.0306494 0.0294114 0.0272411 0.0242411 0.0206159 0.0165851 0.0124714 0.00857544 0.005224 0.00260656 0.000860559 -4.95473e-05 -0.000208342 0.000137398 0.000722374 0.00118184 0.00122985 0.000582462 -0.000892074 -0.00328315 -0.00650668 -0.0104193 -0.0147184 -0.0191044 -0.023231 -0.0268478 -0.0297091 -0.0316678 -0.0326222 -0.0326158 -0.0317659 -0.0302459 -0.0282131 -0.0258232 -0.0232665 -0.0207065 -0.0182805 -0.0160155 -0.0139792 -0.0121865 -0.0106919 -0.00941854 -0.00835773 -0.0074627 -0.00675998 -0.00617749 -0.00568462 -0.00526645 -0.00492838 -0.00465311 -0.00438501 -0.00416559 -0.00396845 -0.00381296 -0.00363756 -0.00349889 -0.00337524 -0.00325904 -0.00314469 -0.00303806 -0.00296387 -0.00286105 -0.00278712 -0.0027085 -0.00264736 -0.00257412 -0.00250973 -0.00246713 -0.0023972 -0.00235724 -0.00230309 -0.00226513 -0.00221749 -0.00217528 -0.00215036 -0.00209603 -0.00207583 -0.00203829 -0.00200871 -0.00198185 -0.00194219 -0.00193348 -0.00190067 -0.00188011 -0.00184906 -0.0018264 -0.00183522 -0.00179254 -0.00176739 -0.00176182 -0.00174953 -0.00173775 -0.00170334 -0.00170573 -0.00169353 -0.00166137 -0.00167603 -0.00165995 -0.00163577 -0.00164054 -0.00162649 -0.00161711 -0.00161268 -0.00160645 -0.00159926 -0.00158504 -0.00159121 -0.00158724 -0.00157185 -0.00158288 -0.00157306 -0.00156044 -0.00157671 -0.00156529 
0 2.06993e-05 3.55229e-05 5.4572e-05 7.11069e-05 8.15478e-05 0.000106265 0.000123179 0.000135158 0.000166131 0.000175696 0.000188751 0.000221356 0.000229854 0.000253483 0.000283471 0.000290691 0.000306094 0.000325704 0.000355057 0.000377267 0.000400615 0.000439072 0.000439152 0.000452852 0.000506965 0.000531615 0.000537483 0.000560147 0.000600738 0.000633918 0.000660941 0.000689422 0.000720663 0.000763846 0.000796374 0.000827112 0.000865955 0.000908195 0.000945089 0.000985457 0.00103703 0.00107858 0.00113147 0.00118506 0.00124259 0.00130095 0.00136233 0.0014349 0.00149798 0.0015781 0.00165276 0.00174098 0.00182943 0.00192406 0.00203238 0.00214046 0.00226986 0.00239276 0.00254773 0.00270474 0.00288535 0.00307797 0.00330455 0.00356596 0.00384907 0.00419324 0.00459321 0.0050904 0.00565576 0.006365 0.00722354 0.00828493 0.00953619 0.0110383 0.0128183 0.0148807 0.0171918 0.0197031 0.0223864 0.0251167 0.0277609 0.0301001 0.0320071 0.0332776 0.0337819 0.0333228 0.0318785 0.0294509 0.0262224 0.0223445 0.0181033 0.0137554 0.00966865 0.00611003 0.00333579 0.00141571 0.000370057 4.50387e-05 0.000253726 0.000669902 0.000993183 0.000877476 9.9384e-05 -0.00154088 -0.00407804 -0.00749734 -0.0115921 -0.0161214 -0.020719 -0.0251054 -0.0289649 -0.0321088 -0.0343105 -0.0355108 -0.0356757 -0.0349643 -0.0334901 -0.0314554 -0.0289821 -0.0262967 -0.0235485 -0.0209008 -0.0184016 -0.0161221 -0.0141037 -0.0123715 -0.0109067 -0.00965859 -0.00863075 -0.00777847 -0.00709679 -0.00650691 -0.00603044 -0.00562079 -0.0052907 -0.00498913 -0.00473257 -0.00450895 -0.00430874 -0.00413224 -0.00396152 -0.00382238 -0.00367955 -0.00356206 -0.00344031 -0.00333753 -0.00323831 -0.00314573 -0.00306234 -0.00297732 -0.00291168 -0.00283591 -0.00277382 -0.00271292 -0.00265872 -0.00260318 -0.00255079 -0.00251044 -0.00245754 -0.00241568 -0.00237786 -0.00233738 -0.00229404 -0.00226182 -0.00223461 -0.00219823 -0.0021679 -0.00213721 -0.00211855 -0.00210506 -0.00207197 -0.00203059 -0.00202445 -0.00202677 -0.00198233 -0.00195303 -0.0019474 -0.00193041 -0.00191823 -0.0019062 -0.00189665 -0.00187379 -0.00185804 -0.00186223 -0.00184407 -0.00183278 -0.00182724 -0.00180861 -0.00180398 -0.0018001 -0.00179748 -0.00179225 -0.00178549 -0.00178689 -0.00177006 -0.00176595 -0.00177133 -0.00175722 -0.00176809 
0 1.35392e-05 3.61592e-05 5.33007e-05 7.82017e-05 0.000102019 0.00011927 0.000139403 0.000155343 0.000175696 0.000196927 0.00021831 0.00024019 0.000257359 0.000281218 0.000298609 0.000325511 0.000360266 0.000374201 0.000402299 0.000420305 0.000429275 0.000470505 0.000497138 0.000523375 0.000555646 0.000572376 0.000609178 0.000652879 0.000677712 0.00069541 0.000736904 0.000775183 0.000797619 0.000844388 0.000881822 0.000916501 0.000968036 0.00101644 0.00105672 0.00110562 0.00116927 0.00121045 0.00126483 0.00133232 0.00138835 0.0014476 0.00151972 0.00160136 0.00166531 0.00175417 0.00185028 0.00194249 0.00204094 0.0021558 0.00228357 0.00239906 0.00254371 0.00269686 0.00286629 0.00303893 0.00324424 0.00347566 0.00372609 0.00401806 0.00435212 0.00475763 0.00521928 0.00578787 0.00646235 0.0072957 0.00829518 0.00951132 0.0109608 0.0126788 0.014684 0.0169666 0.0195047 0.0222303 0.0250896 0.0279405 0.0306464 0.0329942 0.0348407 0.0359884 0.0363082 0.0356403 0.0339705 0.0313312 0.0278998 0.0238522 0.0194584 0.0149851 0.0107719 0.00709307 0.00418122 0.00211784 0.000901119 0.000391834 0.000389913 0.000596184 0.000707011 0.000404362 -0.00054667 -0.00232995 -0.00500133 -0.00853411 -0.0127456 -0.0173886 -0.0221279 -0.0266772 -0.03074 -0.0341052 -0.0365539 -0.0379988 -0.0383997 -0.0378734 -0.0365261 -0.0345459 -0.0320709 -0.0293189 -0.02644 -0.0236054 -0.0208922 -0.018395 -0.0161486 -0.0141871 -0.0125019 -0.0110741 -0.00988435 -0.0088873 -0.00807171 -0.00738853 -0.00683416 -0.00635115 -0.00595321 -0.00560822 -0.00531977 -0.00505222 -0.00481788 -0.00461972 -0.0044349 -0.00426434 -0.00410427 -0.00397966 -0.00384495 -0.00372287 -0.00361499 -0.00352262 -0.00342106 -0.00332606 -0.00325705 -0.00317331 -0.00309445 -0.00302657 -0.00296989 -0.00289611 -0.00283675 -0.0027943 -0.00273335 -0.00268327 -0.00264522 -0.00260562 -0.00255693 -0.00252784 -0.00249353 -0.00244769 -0.00242834 -0.0023959 -0.00235042 -0.00232257 -0.00230876 -0.00227837 -0.00224579 -0.00222938 -0.00220246 -0.00219614 -0.00218469 -0.00214998 -0.00213722 -0.00211758 -0.00209883 -0.0020927 -0.00207626 -0.00206032 -0.00204699 -0.00203971 -0.00203117 -0.00202548 -0.00202122 -0.00200499 -0.0019996 -0.0019861 -0.00197246 -0.00198223 -0.00197409 -0.00197595 -0.00198399 -0.00196404 -0.00196564 
0 1.88089e-05 5.49115e-05 6.40268e-05 8.1035e-05 0.000112853 0.000119705 0.000146878 0.000183686 0.000188751 0.00021831 0.000251987 0.000253655 0.00029032 0.000323269 0.000322721 0.000361635 0.000390225 0.000398465 0.000440724 0.000469144 0.000493623 0.000522773 0.000546558 0.000587252 0.000607198 0.000631885 0.000673585 0.000707092 0.000741911 0.000765524 0.000820322 0.000862721 0.000883341 0.000944991 0.000979706 0.001019 0.0010735 0.00111698 0.00116719 0.00121374 0.00128716 0.00133209 0.00139222 0.00147797 0.0015325 0.00160939 0.00168862 0.00178156 0.00185335 0.00194683 0.00206405 0.00215045 0.00226636 0.00238878 0.00253262 0.00265569 0.00281256 0.002998 0.0031739 0.0033771 0.00360237 0.00388301 0.00415744 0.00449404 0.00488769 0.00536037 0.0058997 0.00654689 0.00735446 0.00831454 0.0094784 0.0108521 0.012521 0.0144513 0.0166839 0.0191686 0.021915 0.024821 0.0278055 0.0307179 0.0334117 0.0357069 0.0374176 0.0383886 0.0384633 0.0375726 0.03567 0.032861 0.0292631 0.0251225 0.020643 0.0161442 0.0118753 0.00815274 0.00512891 0.00294269 0.00152669 0.000806391 0.000529399 0.00047727 0.000308699 -0.000212364 -0.00137067 -0.00328394 -0.0060707 -0.0096449 -0.0139007 -0.0185497 -0.0233507 -0.0279705 -0.032184 -0.0357106 -0.0383951 -0.0400798 -0.0407642 -0.0404679 -0.0393212 -0.037455 -0.035056 -0.0323001 -0.0293516 -0.026371 -0.0234719 -0.0207779 -0.0183082 -0.0161238 -0.0142008 -0.0125903 -0.0112154 -0.0100731 -0.00910105 -0.00832121 -0.0076728 -0.00711806 -0.00664707 -0.00625283 -0.00593405 -0.00561933 -0.00535989 -0.005127 -0.00493606 -0.00472867 -0.00455427 -0.00441162 -0.00426124 -0.00412222 -0.00399127 -0.0038987 -0.00377182 -0.00367157 -0.00358844 -0.00350005 -0.00341384 -0.00333402 -0.00328384 -0.00319667 -0.00313906 -0.00309001 -0.0030245 -0.00297279 -0.00292005 -0.00288088 -0.00281842 -0.00278481 -0.00274883 -0.00268824 -0.00267068 -0.00263662 -0.00259745 -0.00256632 -0.00254137 -0.0025244 -0.00248318 -0.00246134 -0.00243971 -0.00241366 -0.00239513 -0.00235976 -0.00235724 -0.00234293 -0.0023057 -0.00231218 -0.00229479 -0.00226452 -0.002271 -0.00225387 -0.00223085 -0.00223076 -0.00221482 -0.00220011 -0.00220476 -0.00220001 -0.00219093 -0.00218819 -0.00217743 -0.00216762 -0.00216514 -0.00216388 -0.00216729 
0 2.7837e-05 4.03719e-05 7.24356e-05 9.78207e-05 0.000111012 0.000146694 0.000168536 0.000181535 0.000221356 0.00024019 0.000253655 0.000298036 0.000314511 0.000331883 0.000381557 0.000397722 0.000414287 0.000453122 0.000477198 0.000506975 0.00053854 0.00057993 0.000605027 0.000613223 0.000675877 0.000718372 0.0007328 0.000770957 0.000805359 0.00086271 0.000895531 0.000926198 0.000981479 0.00102187 0.00108021 0.00111525 0.00117375 0.00123581 0.00127455 0.0013512 0.00140339 0.00147129 0.00153636 0.00161237 0.00169301 0.00175446 0.00186383 0.00194185 0.00203811 0.00214128 0.00225817 0.00237518 0.00248357 0.00264609 0.00277943 0.00293904 0.00310411 0.00331233 0.00351362 0.00372793 0.00400359 0.00429393 0.00462964 0.00498854 0.00546486 0.00599197 0.00662343 0.00736846 0.00830431 0.00942212 0.0107371 0.0123161 0.0141784 0.0163556 0.0187768 0.0214823 0.024385 0.0274536 0.0304937 0.0334185 0.036029 0.0382051 0.0397206 0.0404507 0.0402566 0.0391121 0.0370108 0.0340441 0.0303601 0.0261672 0.0217125 0.0172423 0.0130293 0.00929092 0.00622396 0.00388896 0.00229122 0.00128851 0.000719787 0.000317475 -0.000149687 -0.000965439 -0.00231972 -0.00439667 -0.0072369 -0.0108302 -0.0150187 -0.0196158 -0.0243571 -0.0289964 -0.0332645 -0.0369287 -0.0397974 -0.0417424 -0.0427192 -0.042716 -0.0418249 -0.0401496 -0.0379008 -0.0352067 -0.032267 -0.02918 -0.0261588 -0.0232668 -0.0206205 -0.0181894 -0.0160637 -0.0142243 -0.0126813 -0.0113546 -0.010237 -0.00932828 -0.00857289 -0.00794131 -0.00737683 -0.00694197 -0.00655033 -0.00621911 -0.00589804 -0.00565261 -0.00542298 -0.00519963 -0.00500698 -0.00483306 -0.00468821 -0.00451334 -0.00439363 -0.00426479 -0.00414904 -0.00403085 -0.00393286 -0.00384885 -0.00373687 -0.00367027 -0.00358337 -0.0035126 -0.00343655 -0.00337297 -0.00331756 -0.00324061 -0.0032051 -0.0031411 -0.00309057 -0.0030479 -0.00300151 -0.00296961 -0.00290919 -0.00288106 -0.00285121 -0.00281819 -0.0027813 -0.00272716 -0.00272741 -0.0027066 -0.00265742 -0.0026338 -0.00261458 -0.00260318 -0.00257147 -0.00255429 -0.00254817 -0.00250697 -0.0024986 -0.00249894 -0.00246689 -0.00245805 -0.00245136 -0.00243059 -0.00242536 -0.00241969 -0.00240668 -0.00239878 -0.00239315 -0.00238568 -0.00237859 -0.00237653 -0.00237389 -0.00236787 -0.00236763 
0 2.31969e-05 4.43658e-05 7.51715e-05 0.00010189 0.00013141 0.000159623 0.000180343 0.00020784 0.000229854 0.000257359 0.00029032 0.000314511 0.000344458 0.00037073 0.000398283 0.000427443 0.000461977 0.00050447 0.000520865 0.00055325 0.000587864 0.000601658 0.000660539 0.000704176 0.000723732 0.000760288 0.000800117 0.000858427 0.000891204 0.000925018 0.000970332 0.00101502 0.00107589 0.00110785 0.00116559 0.00122575 0.0012756 0.00134404 0.00139691 0.00147247 0.00153218 0.00160622 0.00168447 0.00175421 0.00184748 0.00192328 0.00202848 0.00211937 0.00222641 0.00234335 0.00246027 0.00259633 0.00272308 0.00289092 0.00304211 0.00322032 0.00341048 0.00362857 0.00385914 0.00410383 0.00441085 0.00473509 0.00511549 0.00553625 0.00607305 0.00668233 0.00740711 0.00827677 0.00934797 0.0106284 0.0121225 0.0139049 0.0159827 0.0183747 0.0209996 0.0238807 0.0269297 0.0300831 0.0331409 0.0359947 0.0384717 0.040445 0.0417117 0.042146 0.0416605 0.0402575 0.0379731 0.0348929 0.0311726 0.0270078 0.0226449 0.0182958 0.0141955 0.0105119 0.00741706 0.0049577 0.00314394 0.00184211 0.000914873 0.000127827 -0.000707365 -0.00183884 -0.00342987 -0.00565219 -0.00853768 -0.012083 -0.0161495 -0.0205973 -0.0252053 -0.0297696 -0.0340303 -0.0377702 -0.0407944 -0.0429855 -0.0442653 -0.0445946 -0.0440093 -0.0426043 -0.040562 -0.0380147 -0.035131 -0.0320241 -0.0289049 -0.0258704 -0.0230388 -0.0204015 -0.018055 -0.0159983 -0.0142536 -0.0127428 -0.0114668 -0.0104106 -0.0095381 -0.0088048 -0.00816583 -0.00765487 -0.00720626 -0.0068299 -0.00647417 -0.00619126 -0.00592694 -0.00568938 -0.00547221 -0.00527755 -0.00511014 -0.0049322 -0.00479339 -0.00464525 -0.00452532 -0.0043969 -0.00428656 -0.00418509 -0.00407849 -0.00399533 -0.00389506 -0.00382495 -0.00373918 -0.00366746 -0.00360234 -0.00353214 -0.0034788 -0.00341134 -0.00337324 -0.0033122 -0.00325894 -0.00322587 -0.00317696 -0.00313949 -0.00308372 -0.00305076 -0.00302488 -0.00299094 -0.00295273 -0.00290289 -0.00290193 -0.00288198 -0.00284007 -0.00282627 -0.00279331 -0.00276989 -0.00275725 -0.00273866 -0.00271912 -0.00269435 -0.00268405 -0.00266876 -0.00265681 -0.00265298 -0.00263652 -0.00262782 -0.00261232 -0.00259771 -0.00259567 -0.00258483 -0.00258754 -0.002587 -0.00257703 -0.0025798 -0.00256806 
0 3.17438e-05 6.41518e-05 9.00207e-05 0.000105498 0.000137197 0.000160788 0.0001849 0.000233994 0.000253483 0.000281218 0.000323269 0.000331883 0.00037073 0.000410614 0.000428542 0.00046728 0.000494966 0.000529248 0.000559999 0.000599886 0.000657358 0.000667324 0.000709872 0.000758986 0.000771935 0.000834873 0.000872529 0.000904097 0.000962355 0.00100197 0.00106027 0.00110813 0.00116337 0.00121348 0.00126387 0.00134022 0.00137905 0.00144701 0.00152297 0.00158068 0.00166006 0.00173678 0.00182793 0.00190269 0.00200218 0.00210759 0.00219608 0.00231431 0.00242738 0.00255452 0.00267643 0.00282202 0.00297812 0.00313151 0.00331535 0.00350362 0.00372301 0.00394815 0.00421058 0.00449999 0.00482689 0.00520379 0.00562604 0.00613484 0.00672431 0.00743693 0.00826748 0.009282 0.0104987 0.0119483 0.0136467 0.0156321 0.0179339 0.0205124 0.0233408 0.0263562 0.029521 0.0326836 0.0357075 0.0384157 0.0407015 0.0423965 0.043361 0.0434599 0.0426707 0.0410167 0.0385706 0.0354241 0.0317223 0.0276647 0.0234605 0.0193127 0.0153769 0.0118059 0.00870027 0.00613414 0.00407737 0.00245604 0.00111439 -9.34385e-05 -0.00135506 -0.00282696 -0.00468773 -0.00704352 -0.00996283 -0.0134054 -0.0173003 -0.0215163 -0.0259196 -0.0303187 -0.0345049 -0.0382567 -0.0414016 -0.0438143 -0.0453952 -0.0460792 -0.0458441 -0.0447789 -0.0430035 -0.0406778 -0.0379073 -0.0348629 -0.0316897 -0.0285655 -0.0255566 -0.0227488 -0.0201799 -0.0179157 -0.015944 -0.0142457 -0.0127989 -0.011582 -0.0105763 -0.00972206 -0.00901477 -0.00840675 -0.00790516 -0.00746364 -0.00708888 -0.00675334 -0.00645633 -0.00619978 -0.0059578 -0.00574507 -0.00553835 -0.00537 -0.005196 -0.00503711 -0.00489768 -0.00476513 -0.0046416 -0.00451404 -0.00442411 -0.00431484 -0.00421683 -0.00413684 -0.00405322 -0.00397506 -0.00389282 -0.0038416 -0.00376022 -0.00369279 -0.0036483 -0.00357706 -0.00352713 -0.00347145 -0.00342834 -0.00338156 -0.00334003 -0.00330994 -0.00325049 -0.00323634 -0.00320312 -0.00315126 -0.00314267 -0.00309443 -0.00305907 -0.00304627 -0.00302081 -0.00299902 -0.00296599 -0.00295935 -0.00293769 -0.00291003 -0.00291663 -0.00288533 -0.00286473 -0.00285869 -0.00282839 -0.00283028 -0.00282481 -0.00281489 -0.00281814 -0.00279605 -0.00279134 -0.00278269 -0.00276674 -0.00278086 -0.00277393 
0 3.94999e-05 3.66661e-05 9.2563e-05 0.000129037 0.000136387 0.000197377 0.000216544 0.000224806 0.000283471 0.000298609 0.000322721 0.000381557 0.000398283 0.000428542 0.00047578 0.000503754 0.000539614 0.000571539 0.000611791 0.000647266 0.000673143 0.000731878 0.000771988 0.000795862 0.000849665 0.000907217 0.000950639 0.000974918 0.00103368 0.00109986 0.00112822 0.00118976 0.00124804 0.00129897 0.00137211 0.00143269 0.00149772 0.00156652 0.00165107 0.00172002 0.00179008 0.00189319 0.00196909 0.00205686 0.00216268 0.00226965 0.00237173 0.00248711 0.00263161 0.00275273 0.00289527 0.00306011 0.00323063 0.00340213 0.00359577 0.00382554 0.00404922 0.00430334 0.00459244 0.00492402 0.00528167 0.00569547 0.00619096 0.00676288 0.00743866 0.00823857 0.00921261 0.0103676 0.0117492 0.013378 0.0152902 0.0174953 0.0199959 0.0227673 0.0257542 0.0288987 0.0320997 0.0352362 0.0381359 0.0406627 0.0426724 0.0440472 0.0446468 0.0444014 0.0433012 0.0414202 0.0388415 0.0356764 0.0320602 0.0281761 0.0242085 0.0203133 0.0166045 0.0131722 0.0100938 0.00741088 0.00511331 0.00312713 0.00134977 -0.000337818 -0.00204927 -0.00391156 -0.0060447 -0.00855015 -0.0114686 -0.0147868 -0.0184482 -0.0223838 -0.0265008 -0.0306646 -0.0346962 -0.0384026 -0.0416239 -0.0442258 -0.0460988 -0.0471363 -0.0473006 -0.046617 -0.0451935 -0.0431336 -0.0405721 -0.0376386 -0.034508 -0.0313169 -0.0281938 -0.0252187 -0.0224699 -0.0199876 -0.0177934 -0.0158919 -0.0142616 -0.0128805 -0.0117062 -0.010735 -0.00991848 -0.00923081 -0.00863377 -0.00813882 -0.00771657 -0.00733489 -0.00699667 -0.00670526 -0.00645485 -0.00620098 -0.00598401 -0.00579423 -0.00561646 -0.00543633 -0.0052831 -0.00515531 -0.00500618 -0.00488089 -0.00476993 -0.0046633 -0.00454604 -0.00445252 -0.00437307 -0.004267 -0.00419193 -0.00412049 -0.00404482 -0.00397287 -0.00391293 -0.0038589 -0.00379096 -0.00375238 -0.00369215 -0.00363106 -0.00360905 -0.00355799 -0.00349929 -0.00345877 -0.00343823 -0.00340306 -0.00334786 -0.00333076 -0.00330807 -0.00327327 -0.00324897 -0.00322036 -0.00320485 -0.00317074 -0.00314752 -0.00314773 -0.00310333 -0.00308851 -0.00309903 -0.0030606 -0.00305845 -0.00306066 -0.00301902 -0.00302091 -0.00301696 -0.00298976 -0.00300523 -0.00299886 -0.00298197 -0.00299563 -0.00297805 
0 2.77615e-05 6.84312e-05 9.32154e-05 0.000126302 0.00016482 0.000190583 0.000226477 0.000261138 0.000290691 0.000325511 0.000361635 0.000397722 0.000427443 0.00046728 0.000503754 0.000529841 0.000580422 0.00062207 0.000653939 0.000701408 0.000736114 0.000770467 0.0008175 0.000878089 0.000922637 0.000946088 0.00100364 0.00106782 0.00112234 0.00116634 0.00121203 0.00128938 0.00134661 0.00140171 0.00147055 0.00153918 0.00161152 0.00168142 0.0017704 0.0018428 0.00192978 0.00203257 0.00211846 0.00222056 0.00233075 0.00245135 0.00255686 0.00269098 0.00283852 0.0029703 0.00312717 0.00330133 0.00349009 0.00366692 0.0038901 0.00413464 0.00438394 0.00466169 0.0049888 0.00536409 0.00575673 0.00623401 0.00679574 0.00746012 0.00821801 0.00914355 0.0102598 0.0115807 0.0131326 0.0149567 0.0170907 0.0195034 0.0221986 0.025125 0.0282543 0.0314612 0.0346556 0.0376766 0.0404036 0.0426663 0.0443535 0.0453386 0.0455491 0.0449396 0.0435478 0.0414612 0.0387902 0.0356576 0.0321896 0.0285506 0.0248761 0.0212901 0.0178399 0.0145852 0.0115432 0.00875762 0.00619618 0.00383205 0.00157576 -0.000614084 -0.00282072 -0.00509002 -0.00752392 -0.010169 -0.0130818 -0.0162381 -0.0196378 -0.0232373 -0.0270135 -0.0308647 -0.0346721 -0.0382675 -0.0415139 -0.0442675 -0.0463998 -0.0477896 -0.0483622 -0.0481146 -0.0470843 -0.0453676 -0.0430634 -0.0403306 -0.0372913 -0.0341106 -0.0308969 -0.027802 -0.0248801 -0.022203 -0.0197797 -0.0176673 -0.0158434 -0.014279 -0.0129371 -0.0118159 -0.0108943 -0.0100997 -0.00942307 -0.0088491 -0.00838381 -0.007951 -0.00757278 -0.00724772 -0.00696969 -0.00669688 -0.00644704 -0.00624547 -0.00604335 -0.0058532 -0.00567699 -0.00553603 -0.00537862 -0.00523557 -0.00511805 -0.00499685 -0.00488121 -0.00477249 -0.00468733 -0.00458323 -0.00449718 -0.00442137 -0.0043369 -0.00426701 -0.00419728 -0.00413409 -0.00405967 -0.00400952 -0.00396344 -0.00389554 -0.00384181 -0.00379624 -0.00376992 -0.00372205 -0.00366014 -0.00363074 -0.00360756 -0.00357622 -0.00353019 -0.00350016 -0.00347672 -0.00343966 -0.00342504 -0.00340272 -0.00337016 -0.00335325 -0.0033347 -0.00331669 -0.00329852 -0.00328666 -0.00327182 -0.00325044 -0.00324577 -0.0032317 -0.00321786 -0.00322061 -0.00320577 -0.00320019 -0.00320236 -0.00318726 -0.00319021 
0 2.58153e-05 9.20456e-05 9.96675e-05 0.000130622 0.000181928 0.00018743 0.00023879 0.000287514 0.000306094 0.000360266 0.000390225 0.000414287 0.000461977 0.000494966 0.000539614 0.000580422 0.000613784 0.000659022 0.000695099 0.000742008 0.000798685 0.000842655 0.000880604 0.000922774 0.000973838 0.0010279 0.00108514 0.00113568 0.00118294 0.00124733 0.00131948 0.00137687 0.0014352 0.0015099 0.00157731 0.00165123 0.00172686 0.00180399 0.00189249 0.00197514 0.00207509 0.00217017 0.0022742 0.00238653 0.0025003 0.00263047 0.00274885 0.00289872 0.00304457 0.00319834 0.00336901 0.00355328 0.00375757 0.00395279 0.00420261 0.00445838 0.00474031 0.00504706 0.00541368 0.00582776 0.00627088 0.00681748 0.00745232 0.00821336 0.00907359 0.0101406 0.011409 0.0129079 0.0146446 0.016678 0.0190293 0.0216426 0.0245124 0.0275715 0.030798 0.0340148 0.0371357 0.0399783 0.0424652 0.044404 0.0457126 0.0462684 0.0460701 0.0451015 0.043442 0.0411856 0.0384692 0.035424 0.0321691 0.0288358 0.0255082 0.0222679 0.0191067 0.0160481 0.0130577 0.0101686 0.00733532 0.00457106 0.00181435 -0.00090605 -0.00363077 -0.00633216 -0.00907853 -0.0118678 -0.0147621 -0.0177398 -0.0208494 -0.0240796 -0.0274636 -0.0309416 -0.0344542 -0.0378748 -0.0410882 -0.0439463 -0.0463001 -0.0480225 -0.0490067 -0.0492218 -0.0486329 -0.047318 -0.0453398 -0.042876 -0.040003 -0.0368989 -0.0336562 -0.0304794 -0.0274168 -0.0245632 -0.0219277 -0.019599 -0.0175711 -0.0158104 -0.0142935 -0.0130058 -0.0119557 -0.0110423 -0.0102767 -0.00961499 -0.0090852 -0.00859978 -0.0081772 -0.00781333 -0.00749499 -0.00720574 -0.00692642 -0.00670323 -0.00647748 -0.00627891 -0.00608567 -0.00592066 -0.00576164 -0.00560464 -0.0054755 -0.00533934 -0.00522551 -0.00510641 -0.0050033 -0.00490565 -0.00480772 -0.00472395 -0.00463436 -0.00455928 -0.00447914 -0.00441002 -0.00434681 -0.00427061 -0.00421263 -0.00416602 -0.00411179 -0.00405187 -0.00400502 -0.0039664 -0.00392595 -0.0038866 -0.00384091 -0.00379454 -0.00376453 -0.00374082 -0.00370445 -0.00367476 -0.00364551 -0.00361708 -0.00360338 -0.00357523 -0.00356162 -0.00354642 -0.00350339 -0.00349965 -0.00348355 -0.00345412 -0.00347139 -0.00345003 -0.00342954 -0.00344275 -0.00340905 -0.0034035 -0.00341523 -0.00338735 -0.00340274 
