0 0 0 0 0 0 0 0 0 0 0 0 0 0 0 0 0 0 0 0 0 0 0 0 0 0 0 0 0 0 0 0 0 0 0 0 0 0 0 0 0 0 0 0 0 0 0 0 0 0 0 0 0 0 0 0 0 0 0 0 0 0 0 0 0 0 0 0 0 0 0 0 0 0 0 0 0 0 0 0 0 0 0 0 0 0 0 0 0 0 0 0 0 0 0 0 0 0 0 0 0 0 0 0 0 0 0 0 0 0 0 0 0 0 0 0 0 0 0 0 0 0 0 0 0 0 0 0 0 0 0 0 0 0 0 0 0 0 0 0 0 0 0 0 0 0 0 0 0 0 0 0 0 0 0 0 0 0 0 0 0 0 0 0 0 0 0 0 0 0 0 0 0 0 0 0 0 0 0 0 0 0 0 0 0 0 0 0 0 0 0 0 0 0 0 0 0 0 0 0 
0 1.10546e-07 3.36885e-06 9.67619e-07 4.7875e-06 8.94624e-06 3.88396e-06 1.08775e-05 1.12653e-05 5.20263e-06 1.84202e-05 1.51395e-05 1.11061e-05 2.29191e-05 1.18873e-05 1.09393e-05 2.27732e-05 2.01654e-05 2.62e-05 3.21473e-05 2.97493e-05 2.31986e-05 2.19209e-05 3.38735e-05 3.06136e-05 2.85808e-05 4.33394e-05 3.20372e-05 2.46033e-05 5.22841e-05 5.5379e-05 3.9989e-05 4.15954e-05 4.9359e-05 5.59733e-05 5.13628e-05 5.01897e-05 5.00103e-05 5.96413e-05 6.50472e-05 5.44274e-05 7.05967e-05 7.18145e-05 7.0805e-05 7.86389e-05 8.16233e-05 8.47344e-05 8.04836e-05 9.74872e-05 8.82181e-05 9.23072e-05 0.000102388 0.000100864 0.00010477 0.00010632 0.000124187 0.000112326 0.000127455 0.000134777 0.000140634 0.000142244 0.000153227 0.000170295 0.000162368 0.00018206 0.000189489 0.000210596 0.000208189 0.000241166 0.000267037 0.000301274 0.00034284 0.000415216 0.000512072 0.000615943 0.000770162 0.000958797 0.00120997 0.00148069 0.0018392 0.00225142 0.00275338 0.00328161 0.00388043 0.0044907 0.005111 0.00565643 0.00613735 0.00651001 0.00677113 0.00685697 0.00676011 0.00646683 0.00600242 0.00537263 0.0046019 0.00371545 0.00274586 0.00171689 0.000646384 -0.000439684 -0.0015148 -0.00255188 -0.00353476 -0.00444144 -0.00524296 -0.00591167 -0.00642445 -0.00677302 -0.00693338 -0.00690923 -0.00670364 -0.00637448 -0.00593261 -0.00541848 -0.00482012 -0.00421442 -0.00361025 -0.00307008 -0.00255251 -0.00211824 -0.0017362 -0.00144737 -0.00118 -0.000975949 -0.000803749 -0.000690784 -0.000583443 -0.000503629 -0.000450272 -0.000414522 -0.000383635 -0.000347579 -0.00034493 -0.000325223 -0.000317471 -0.000294284 -0.000304103 -0.000287215 -0.000278961 -0.000273226 -0.000273315 -0.000264918 -0.000250719 -0.000261955 -0.000246184 -0.000244343 -0.000236044 -0.000241311 -0.000226215 -0.000221831 -0.000227552 -0.000211484 -0.000212746 -0.000207875 -0.000208655 -0.00019658 -0.000202626 -0.000203335 -0.000188384 -0.000197864 -0.000196017 -0.00019416 -0.00018767 -0.000183083 -0.000186485 -0.000189566 -0.000182867 -0.000160364 -0.00017351 -0.000189297 -0.000168578 -0.000165046 -0.000173823 -0.000168742 -0.000169772 -0.000175504 -0.000172134 -0.000161887 -0.000157589 -0.00016443 -0.000160655 -0.000158859 -0.000167166 -0.00015826 -0.000155365 -0.000162498 -0.000158797 -0.00015886 -0.000161358 -0.000157923 -0.000151273 -0.000153261 -0.000155356 -0.000150139 -0.000160327 -0.000160493 -0.000151233 -0.000159862 -0.000153423 
0 3.36885e-06 6.12088e-06 7.91022e-06 1.1569e-05 9.5353e-06 1.45585e-05 1.9541e-05 1.41863e-05 2.78172e-05 2.39418e-05 1.55392e-05 4.04292e-05 2.604e-05 3.22378e-05 6.17621e-05 2.90416e-05 4.26026e-05 5.28602e-05 2.36285e-05 5.47971e-05 6.20866e-05 5.82517e-05 6.58084e-05 6.2781e-05 7.16277e-05 6.14489e-05 8.47884e-05 8.83816e-05 6.74425e-05 7.55774e-05 7.64437e-05 0.00011135 9.47075e-05 8.12746e-05 0.000117956 0.000111405 0.000119869 0.000117573 0.000128436 0.000128077 0.000130158 0.000148644 0.000127673 0.000153201 0.000155128 0.000155002 0.000166136 0.000176492 0.000187809 0.000179301 0.00021318 0.00020792 0.000215511 0.000230318 0.000243786 0.000246719 0.000249732 0.000282228 0.000274838 0.000289553 0.000302919 0.000329257 0.000326975 0.000347247 0.00038122 0.000398742 0.000423769 0.00046421 0.000537216 0.000591586 0.000692309 0.000829555 0.00102564 0.00124248 0.0015457 0.00193683 0.0024218 0.00298936 0.00368561 0.00453369 0.00550808 0.00659046 0.00775855 0.00899701 0.0102043 0.0113141 0.0122523 0.0130131 0.0135108 0.0136953 0.013489 0.0129201 0.0119846 0.0107397 0.00919509 0.00743548 0.0054931 0.00344364 0.00129882 -0.000865312 -0.00301973 -0.0050871 -0.00705718 -0.00885967 -0.0104661 -0.0117912 -0.0128231 -0.0135043 -0.0138346 -0.0137733 -0.0133839 -0.0127119 -0.0118492 -0.0108018 -0.00963571 -0.00840792 -0.00722936 -0.00612372 -0.00511902 -0.00422802 -0.00348909 -0.0028845 -0.00237199 -0.00194909 -0.00161843 -0.00138074 -0.00117188 -0.00101779 -0.000902926 -0.000842633 -0.000765503 -0.000718701 -0.000686155 -0.000671388 -0.000633147 -0.000609621 -0.000606431 -0.000583416 -0.000563559 -0.000544329 -0.000551116 -0.000516423 -0.000510053 -0.000501991 -0.000494577 -0.000473151 -0.000468235 -0.000474045 -0.000444182 -0.000451972 -0.000442675 -0.000440283 -0.000422448 -0.000429697 -0.000425146 -0.00040097 -0.000416539 -0.000395225 -0.000395551 -0.000388013 -0.00038225 -0.00037025 -0.000368358 -0.000390289 -0.000349347 -0.000354491 -0.000368595 -0.00036713 -0.000364815 -0.000334124 -0.000351654 -0.000353191 -0.000344902 -0.000337951 -0.000329869 -0.000336498 -0.000312259 -0.000339525 -0.000345279 -0.000311895 -0.000340498 -0.000323175 -0.00030877 -0.000333281 -0.000316457 -0.000315875 -0.00031845 -0.00030911 -0.000312031 -0.0003116 -0.000318873 -0.000316683 -0.000312971 -0.000316704 -0.000303307 -0.000304123 -0.000311163 -0.000301469 -0.000310598 
0 9.67619e-07 7.91022e-06 8.59042e-06 1.43472e-05 2.08083e-05 1.94379e-05 2.80895e-05 2.99942e-05 2.92976e-05 4.22035e-05 4.06806e-05 4.38892e-05 5.24588e-05 4.57868e-05 5.28284e-05 5.9284e-05 6.44191e-05 7.60429e-05 7.70488e-05 8.32832e-05 7.93897e-05 7.7881e-05 9.45286e-05 9.40274e-05 9.71927e-05 0.0001111 0.000107009 0.000105791 0.000130629 0.000140272 0.000128521 0.00013726 0.000145496 0.000151696 0.000159732 0.000158164 0.000162774 0.000177904 0.000187467 0.000183878 0.000202677 0.000213937 0.000213139 0.000230555 0.00024074 0.000245344 0.000252143 0.000273565 0.000273477 0.000280545 0.000303892 0.000308694 0.000317783 0.000334137 0.000358822 0.000358441 0.000380692 0.000407164 0.000419624 0.000433918 0.000462146 0.000494303 0.000501021 0.000536247 0.000573681 0.000613693 0.0006439 0.000716729 0.000805184 0.000906764 0.00104895 0.00126169 0.00154343 0.00188117 0.00233699 0.00291934 0.00364749 0.00450082 0.00555643 0.00681256 0.00827617 0.0098835 0.0116395 0.0134643 0.015268 0.0169082 0.0183236 0.0194409 0.0201858 0.020443 0.0201507 0.0192977 0.0179175 0.0160523 0.0137602 0.0111254 0.00823096 0.00515374 0.00195132 -0.00129762 -0.00451619 -0.00762372 -0.0105649 -0.0132688 -0.0156584 -0.0176478 -0.0191772 -0.0201999 -0.0206773 -0.0206019 -0.0200193 -0.0190357 -0.0177331 -0.0161828 -0.0144378 -0.0126294 -0.010858 -0.00921532 -0.00770334 -0.00638491 -0.00526409 -0.00435485 -0.00357884 -0.00294991 -0.0024489 -0.00207879 -0.0017701 -0.00153261 -0.0013655 -0.00125215 -0.00115311 -0.00107005 -0.00102974 -0.000989046 -0.000949116 -0.000908192 -0.000900583 -0.000870052 -0.000842035 -0.00082338 -0.000815616 -0.000789316 -0.000766253 -0.000765316 -0.000743961 -0.000725465 -0.000712396 -0.000709638 -0.000682757 -0.000672613 -0.000669484 -0.000649096 -0.00063738 -0.000631928 -0.000624059 -0.00060439 -0.000608305 -0.000600383 -0.000583436 -0.000585773 -0.000582813 -0.000572276 -0.000562606 -0.000560145 -0.000552083 -0.000553092 -0.000542661 -0.000519696 -0.000528749 -0.000535364 -0.000517799 -0.000510614 -0.000516002 -0.000508092 -0.000507792 -0.000513655 -0.000501376 -0.000495139 -0.000489473 -0.000486682 -0.000488759 -0.000483028 -0.000485963 -0.000481109 -0.000474563 -0.000479816 -0.000476528 -0.000475375 -0.000476395 -0.000471054 -0.000465711 -0.000464628 -0.000465142 -0.000463006 -0.000468485 -0.000469212 -0.000465575 -0.000470291 -0.000461824 
0 4.7875e-06 1.1569e-05 1.43472e-05 1.85121e-05 2.57783e-05 2.76728e-05 3.40706e-05 4.11781e-05 4.0831e-05 5.07258e-05 5.63261e-05 5.54976e-05 6.91753e-05 7.10352e-05 7.14053e-05 8.5434e-05 8.44483e-05 8.91575e-05 0.00010066 0.000102474 0.000109623 0.000114762 0.0001244 0.00012937 0.000130771 0.000147595 0.000146779 0.000148976 0.000166273 0.000169929 0.000175983 0.00018158 0.000193863 0.000203942 0.000208381 0.000220531 0.000225011 0.000240566 0.000248217 0.000252927 0.000270291 0.000276791 0.000288872 0.000299283 0.000315036 0.000324609 0.000336636 0.00035821 0.000364813 0.000383663 0.000400831 0.000418279 0.000431504 0.000452996 0.000476858 0.000487918 0.000514945 0.000538462 0.000562828 0.000581578 0.000616787 0.000647944 0.000673296 0.000713045 0.000759907 0.000812407 0.000866117 0.000958918 0.00107207 0.00122014 0.00141676 0.00170235 0.00207175 0.0025424 0.00315266 0.00393372 0.00489803 0.00605683 0.00746492 0.00913708 0.0110694 0.0132092 0.015529 0.0179312 0.020297 0.0224647 0.0243378 0.0258077 0.0267753 0.0271042 0.0267231 0.0256031 0.0237862 0.0213198 0.0182934 0.0148025 0.0109648 0.00687037 0.00261581 -0.00170756 -0.00598626 -0.0101271 -0.0140354 -0.017627 -0.0207904 -0.0234294 -0.0254504 -0.0267992 -0.0274233 -0.0273319 -0.0265774 -0.0252865 -0.0235607 -0.0215072 -0.0192135 -0.0168341 -0.0144951 -0.0123086 -0.0103105 -0.00855934 -0.0070683 -0.00583575 -0.00480622 -0.00396575 -0.00329988 -0.00278611 -0.002381 -0.00206481 -0.00184048 -0.00167496 -0.00154881 -0.00144393 -0.00138056 -0.00132313 -0.00127326 -0.00122678 -0.001199 -0.00116546 -0.00112869 -0.00110473 -0.00107998 -0.00105502 -0.00102477 -0.00101231 -0.000987402 -0.000965965 -0.000949066 -0.000933794 -0.000915419 -0.000896209 -0.00088986 -0.000868646 -0.000857474 -0.000845923 -0.000833214 -0.000820165 -0.000808643 -0.000803029 -0.000784064 -0.000779225 -0.000769925 -0.000758907 -0.000752566 -0.000739206 -0.000736724 -0.000729715 -0.000722863 -0.000711128 -0.00070658 -0.000710296 -0.000692949 -0.000688848 -0.000688644 -0.000678357 -0.00067502 -0.000669175 -0.000668375 -0.000660491 -0.000655201 -0.000659886 -0.000648807 -0.000646871 -0.000648967 -0.000638707 -0.00063904 -0.000637788 -0.000632419 -0.000631566 -0.000629337 -0.000628316 -0.000624905 -0.000625386 -0.000625644 -0.000620579 -0.000623989 -0.000619675 -0.000613398 -0.000621152 -0.000618099 
0 8.94624e-06 9.5353e-06 2.08083e-05 2.57783e-05 2.60148e-05 4.10491e-05 4.08488e-05 4.52178e-05 6.39028e-05 5.57579e-05 6.48856e-05 8.15647e-05 7.20706e-05 9.1495e-05 0.000104931 9.67406e-05 0.000110303 0.000114465 0.000113958 0.000125351 0.000141799 0.000152915 0.000147474 0.000162295 0.000174445 0.000165508 0.000191018 0.000209533 0.000192622 0.000198627 0.000223366 0.000240362 0.000240933 0.000243346 0.000264024 0.000277904 0.000291134 0.000294874 0.000306215 0.000329437 0.000330856 0.000348244 0.000361539 0.00037512 0.000391102 0.000404738 0.000429028 0.000435569 0.000464906 0.000480181 0.000499785 0.000523766 0.00054334 0.000572556 0.000585883 0.00062446 0.000641295 0.000675304 0.000701564 0.000736658 0.000771714 0.000803149 0.000854394 0.000890944 0.000956241 0.00101008 0.00110527 0.00120237 0.00135361 0.00154066 0.00180545 0.00215661 0.00261903 0.00322823 0.00399497 0.00498006 0.00617522 0.00765604 0.00940781 0.0115036 0.0138821 0.0165588 0.0194106 0.0223787 0.0252658 0.0279553 0.0302579 0.032075 0.0332361 0.0336378 0.0331614 0.0317956 0.0295507 0.0265104 0.0227651 0.0184454 0.0136745 0.00858072 0.00328067 -0.00209973 -0.00743376 -0.0125947 -0.017466 -0.0219255 -0.0258531 -0.0291202 -0.0316277 -0.0332838 -0.0340591 -0.0339488 -0.0330491 -0.0314565 -0.0293333 -0.0267792 -0.0239738 -0.0210343 -0.0181601 -0.0154251 -0.0129638 -0.0107725 -0.00892273 -0.00734816 -0.00607086 -0.0050103 -0.00418047 -0.00351308 -0.00300722 -0.00261562 -0.0023229 -0.00210876 -0.00194195 -0.00182967 -0.00172516 -0.00166233 -0.00159072 -0.00155085 -0.0014925 -0.0014595 -0.00141796 -0.00138328 -0.00134962 -0.00131551 -0.00129495 -0.00125457 -0.00123937 -0.0012078 -0.00119078 -0.00116203 -0.00114656 -0.00112937 -0.00110241 -0.00109534 -0.00107174 -0.00106016 -0.00104058 -0.00103136 -0.00101307 -0.000994475 -0.000993794 -0.000971555 -0.000958377 -0.000946337 -0.000941196 -0.000936249 -0.000915011 -0.000902238 -0.000902612 -0.000911472 -0.000888402 -0.000861317 -0.00087693 -0.00087335 -0.000852457 -0.000852504 -0.00084437 -0.000830988 -0.00082744 -0.000833474 -0.00083106 -0.00081406 -0.000817861 -0.000813116 -0.00079727 -0.000808231 -0.000802735 -0.000790851 -0.000794917 -0.000787549 -0.000783739 -0.000785756 -0.000787425 -0.000784403 -0.000778917 -0.000781576 -0.000772646 -0.000771986 -0.000778354 -0.000767547 -0.000774983 
0 3.88396e-06 1.45585e-05 1.94379e-05 2.76728e-05 4.10491e-05 4.26924e-05 5.09344e-05 6.4697e-05 6.01181e-05 7.49172e-05 9.13183e-05 8.03119e-05 0.000103292 0.000108324 9.31615e-05 0.000130345 0.00013122 0.000133611 0.000169091 0.000155069 0.000158831 0.000171469 0.000177714 0.000194685 0.000199123 0.000220569 0.000215419 0.000223156 0.00025344 0.000266145 0.000279823 0.000259245 0.000290528 0.000319413 0.000304581 0.000327014 0.000335254 0.000357227 0.00036744 0.000387794 0.000404537 0.000411011 0.000452216 0.00045001 0.000474909 0.000497954 0.000514269 0.000532165 0.000550885 0.000587526 0.000587664 0.000628116 0.000652065 0.000677419 0.000703248 0.000741097 0.000779614 0.000796989 0.000852651 0.000886498 0.000932907 0.000967559 0.00103569 0.0010879 0.00114828 0.00123464 0.00134009 0.00147399 0.00163614 0.0018902 0.00220507 0.00263785 0.00318999 0.0039419 0.00487497 0.00605447 0.00750311 0.00928743 0.0114104 0.0138964 0.0167434 0.0199098 0.023304 0.0267767 0.0301874 0.0333427 0.0360809 0.0381961 0.0395568 0.0399971 0.0394477 0.0378278 0.0351917 0.0315854 0.0271629 0.0220253 0.0163551 0.0102675 0.00395094 -0.00248105 -0.00884378 -0.0150233 -0.0208317 -0.0261554 -0.0308141 -0.0347059 -0.0376686 -0.0396406 -0.040546 -0.0404471 -0.039396 -0.0375474 -0.0350202 -0.0320168 -0.0286955 -0.0252548 -0.0218354 -0.0186 -0.0156522 -0.0130561 -0.0108175 -0.00892259 -0.0073686 -0.00610098 -0.00508944 -0.00426915 -0.00365646 -0.00317754 -0.00282615 -0.00253892 -0.00235246 -0.00220064 -0.00208533 -0.00198364 -0.00191814 -0.00186014 -0.00179087 -0.00174855 -0.00170308 -0.00166967 -0.00161081 -0.00159345 -0.00155425 -0.00151964 -0.001486 -0.00146503 -0.00143705 -0.00139462 -0.00139006 -0.00135203 -0.00133143 -0.00130458 -0.00129394 -0.00126365 -0.00124035 -0.00124162 -0.00120506 -0.0012019 -0.00118231 -0.001171 -0.00115852 -0.00114978 -0.00113595 -0.00110089 -0.00112433 -0.00110458 -0.00107312 -0.00106469 -0.0010575 -0.00106884 -0.00104071 -0.00102999 -0.0010265 -0.00102271 -0.00102275 -0.00100816 -0.00101809 -0.000986837 -0.000975218 -0.000996163 -0.000965398 -0.000973631 -0.000979409 -0.000951552 -0.000961033 -0.000959141 -0.000950375 -0.000955945 -0.000950608 -0.000942226 -0.000936155 -0.00093464 -0.000932326 -0.000931203 -0.000936274 -0.000936358 -0.000934533 -0.000934084 -0.000927971 
0 1.08775e-05 1.9541e-05 2.80895e-05 3.40706e-05 4.08488e-05 5.09344e-05 5.82596e-05 6.95798e-05 7.85187e-05 8.45866e-05 9.79688e-05 0.000102006 0.000114176 0.000130007 0.000131472 0.000148632 0.000151232 0.000151602 0.000173174 0.000174683 0.000194644 0.000214525 0.000212114 0.000229419 0.000237942 0.000246026 0.000263801 0.000278071 0.000280354 0.000286096 0.000315 0.00032291 0.00034078 0.000358975 0.000361674 0.000392654 0.000408333 0.000416902 0.000433664 0.00045778 0.000469798 0.000481462 0.00051627 0.000523161 0.000545445 0.0005773 0.000597194 0.000617342 0.000649787 0.000685417 0.000697116 0.000738345 0.000774065 0.000798757 0.000829614 0.000876391 0.000913336 0.000938088 0.0009945 0.0010413 0.00108363 0.00113044 0.0012071 0.00127043 0.00133969 0.00144437 0.00157795 0.00173297 0.00193552 0.00223898 0.00262772 0.00313456 0.00379946 0.00468992 0.00580091 0.00718328 0.0088917 0.0109897 0.0134753 0.0163631 0.0196557 0.0233098 0.0272011 0.0311675 0.0350505 0.038659 0.0417816 0.0441878 0.0457083 0.0461933 0.0455493 0.043701 0.040676 0.0365469 0.0314606 0.025549 0.0189904 0.0119479 0.0046237 -0.00282286 -0.0102073 -0.017371 -0.0241116 -0.0302637 -0.0356467 -0.0401256 -0.0435428 -0.0458058 -0.0468616 -0.0467664 -0.0455998 -0.0434986 -0.0406149 -0.0371718 -0.033383 -0.0294492 -0.0255304 -0.0217974 -0.0183903 -0.0153775 -0.0127638 -0.0105389 -0.00870956 -0.00722537 -0.00602796 -0.00505992 -0.00432659 -0.00376844 -0.00334124 -0.00300203 -0.00277129 -0.00259847 -0.0024539 -0.00233337 -0.00225475 -0.00218623 -0.00210472 -0.00204725 -0.00200075 -0.00195162 -0.00188754 -0.00185663 -0.00181712 -0.0017689 -0.00172977 -0.00170597 -0.00166985 -0.0016269 -0.00161415 -0.00158246 -0.00155173 -0.00152909 -0.00151549 -0.00148282 -0.00146069 -0.00145315 -0.00141844 -0.00140317 -0.00138899 -0.00136746 -0.00134162 -0.00133417 -0.00132305 -0.0012955 -0.00129279 -0.00127308 -0.00126546 -0.00126604 -0.00124324 -0.00122887 -0.00122365 -0.00121982 -0.00120103 -0.00119526 -0.00118341 -0.00116283 -0.00117189 -0.00116104 -0.00115479 -0.00115732 -0.00113817 -0.00113761 -0.00113317 -0.00112408 -0.00112506 -0.00111566 -0.00110915 -0.00110486 -0.0011011 -0.00110084 -0.0011004 -0.00110027 -0.00109755 -0.00109523 -0.00108729 -0.00108158 -0.00108235 -0.00108032 -0.00108655 
0 1.12653e-05 1.41863e-05 2.99942e-05 4.11781e-05 4.52178e-05 6.4697e-05 6.95798e-05 7.33179e-05 9.69402e-05 9.6312e-05 0.000105121 0.000128824 0.000122691 0.000139511 0.000159922 0.000156245 0.000177756 0.000190456 0.000194652 0.000209246 0.00022008 0.000237798 0.000238783 0.000256882 0.000280276 0.000272577 0.000301685 0.000323355 0.000322384 0.000340969 0.000356795 0.000380813 0.000387701 0.000400946 0.000423284 0.000437921 0.000465476 0.000469735 0.000497443 0.000524764 0.000534751 0.000565311 0.000585447 0.000612685 0.000629545 0.000664356 0.000689419 0.000706433 0.000750753 0.000772697 0.000805087 0.000836773 0.000882437 0.000910755 0.000947033 0.00100419 0.00103774 0.00108534 0.00113513 0.00120202 0.00124303 0.00130967 0.00138999 0.00146653 0.00155349 0.00167131 0.00183488 0.00200923 0.00226424 0.0026082 0.00307685 0.00365931 0.00444806 0.00547277 0.00676695 0.00836013 0.0103353 0.0127467 0.015591 0.0188823 0.0226071 0.0267296 0.0310823 0.035517 0.0398335 0.0438629 0.0473252 0.0499985 0.0516519 0.0521737 0.0514223 0.0493574 0.0459575 0.0413405 0.0356169 0.0289692 0.0215496 0.0135902 0.00528403 -0.00314252 -0.0115251 -0.0196396 -0.0272916 -0.0342425 -0.0403314 -0.0453686 -0.0492297 -0.0517739 -0.052994 -0.0529114 -0.0516548 -0.0493219 -0.0461239 -0.0422724 -0.0380543 -0.0336503 -0.0292671 -0.0250562 -0.0212057 -0.0177729 -0.0147869 -0.01223 -0.0101184 -0.00840466 -0.00701211 -0.00589585 -0.00502874 -0.00438331 -0.0038687 -0.00348243 -0.00319219 -0.00299581 -0.00281551 -0.00268255 -0.00258055 -0.002501 -0.00241273 -0.00234017 -0.00229297 -0.00222721 -0.0021726 -0.00212024 -0.00208802 -0.00202798 -0.00199023 -0.00195719 -0.00191518 -0.00187732 -0.00184341 -0.0018211 -0.00177354 -0.0017553 -0.0017263 -0.00169495 -0.0016722 -0.00164842 -0.00162871 -0.00159577 -0.00159116 -0.00156479 -0.00154138 -0.00153121 -0.00150985 -0.00150225 -0.00147574 -0.00146061 -0.00144987 -0.00144055 -0.00142466 -0.00139481 -0.00140441 -0.00139091 -0.00136678 -0.00137078 -0.00135676 -0.00134687 -0.00133661 -0.00133267 -0.00132622 -0.0013049 -0.00131144 -0.00130155 -0.00128479 -0.00129492 -0.00128124 -0.00127303 -0.00127781 -0.0012668 -0.00126427 -0.00126264 -0.00125761 -0.00125133 -0.00124589 -0.00124977 -0.00124464 -0.00124568 -0.00125046 -0.00123923 -0.00124148 
0 5.20263e-06 2.78172e-05 2.92976e-05 4.0831e-05 6.39028e-05 6.01181e-05 7.85187e-05 9.69402e-05 8.98313e-05 0.000117148 0.000128361 0.000126363 0.000157473 0.000158248 0.000161957 0.0001877 0.000194874 0.000210491 0.000227617 0.000243704 0.000246464 0.000251289 0.000285134 0.000288883 0.000300843 0.000335071 0.000332278 0.000339613 0.000372305 0.000401523 0.000407131 0.000407527 0.000438623 0.000466014 0.000479649 0.000492469 0.000512276 0.000543354 0.000562881 0.000582524 0.000609741 0.000634055 0.000662802 0.000687172 0.000716097 0.000746862 0.000774057 0.000808976 0.000839024 0.000876728 0.000909629 0.000949512 0.000992469 0.00102915 0.0010792 0.00112399 0.00117824 0.00122428 0.00128821 0.00134909 0.00140998 0.00148531 0.00156716 0.00166412 0.00176234 0.00191051 0.00208089 0.0023076 0.00259705 0.00300785 0.00353802 0.0042279 0.00513501 0.00630736 0.00778679 0.00960447 0.01186 0.0145753 0.0177909 0.0214686 0.0256344 0.0301772 0.0349824 0.0398293 0.0445681 0.0489482 0.05273 0.0556104 0.057397 0.0579141 0.0570663 0.0547649 0.0510281 0.0459314 0.0396222 0.0322557 0.0240325 0.0151801 0.00594838 -0.00343809 -0.0127646 -0.0218093 -0.0303204 -0.0380583 -0.0448081 -0.0503991 -0.0546681 -0.0575126 -0.0588875 -0.0588582 -0.0575097 -0.0549996 -0.0515041 -0.0473128 -0.0426755 -0.0378557 -0.0330142 -0.0283764 -0.0240743 -0.0202423 -0.0168678 -0.0139944 -0.0115858 -0.0096351 -0.00804037 -0.00676989 -0.00577348 -0.00501517 -0.00442883 -0.00397424 -0.00364521 -0.00339232 -0.00320222 -0.00303721 -0.00292541 -0.0028188 -0.00273211 -0.00264746 -0.00258293 -0.002517 -0.00245145 -0.00239958 -0.00234348 -0.002297 -0.00224311 -0.00220481 -0.00215845 -0.00211848 -0.00208079 -0.0020424 -0.00201036 -0.00197308 -0.00194553 -0.00191295 -0.00188477 -0.00185841 -0.00183297 -0.00181115 -0.00178128 -0.00176283 -0.0017483 -0.00172464 -0.00169919 -0.00167755 -0.001674 -0.00166013 -0.00162487 -0.00160377 -0.0016046 -0.00160427 -0.00156894 -0.00155028 -0.00155833 -0.0015352 -0.00152731 -0.00152823 -0.00150866 -0.00149199 -0.00148297 -0.00148578 -0.00146895 -0.00146211 -0.00146775 -0.00144116 -0.00144228 -0.0014463 -0.00142758 -0.00143457 -0.00142703 -0.0014136 -0.00141645 -0.00140974 -0.001407 -0.00140572 -0.00140523 -0.0014044 -0.00139978 -0.001402 -0.00139689 
0 1.84202e-05 2.39418e-05 4.22035e-05 5.07258e-05 5.57579e-05 7.49172e-05 8.45866e-05 9.6312e-05 0.000117148 0.000124824 0.00013434 0.000156061 0.000161293 0.000175455 0.000203862 0.000202895 0.000217571 0.000235973 0.000232489 0.000260993 0.000282744 0.000297662 0.000318174 0.000323052 0.000342435 0.000354651 0.000376326 0.000402798 0.000409451 0.000417448 0.00043639 0.000484962 0.000493775 0.000499423 0.000539405 0.00055635 0.000585681 0.000604141 0.000627544 0.00065105 0.000679115 0.000711516 0.000723129 0.000769401 0.000794611 0.000825436 0.000863664 0.000900912 0.000940441 0.000971196 0.00102935 0.00105936 0.00110961 0.00115695 0.00120927 0.00125804 0.00131067 0.00138055 0.00143055 0.00150657 0.00157324 0.00166446 0.00174523 0.00185805 0.00198481 0.00214298 0.00234575 0.00260549 0.00296167 0.00341639 0.00403689 0.00482669 0.00587437 0.00719058 0.0088674 0.0109248 0.0134607 0.0164923 0.0200624 0.0241443 0.0287152 0.0336758 0.0388751 0.0441284 0.0492222 0.053931 0.0579552 0.06103 0.0628959 0.0634109 0.0624278 0.0599108 0.0558303 0.0503003 0.0434186 0.0353919 0.0263945 0.0167174 0.00659172 -0.0036916 -0.0139325 -0.0238422 -0.0331859 -0.0416567 -0.049058 -0.0551605 -0.0598447 -0.0629697 -0.064538 -0.0645613 -0.0631724 -0.0604951 -0.0567751 -0.0522657 -0.0472769 -0.0420459 -0.036804 -0.031741 -0.027028 -0.0227776 -0.0190348 -0.0158293 -0.0131309 -0.0109241 -0.00912024 -0.00769457 -0.00655424 -0.00568717 -0.00500418 -0.00450233 -0.00410551 -0.00381654 -0.00358825 -0.00341596 -0.0032721 -0.00314907 -0.00305702 -0.00296022 -0.00288411 -0.00279992 -0.00274566 -0.00266827 -0.00261108 -0.00255416 -0.00250284 -0.00244784 -0.00239675 -0.00236521 -0.00230735 -0.00227606 -0.00223603 -0.00220477 -0.0021618 -0.00213614 -0.00211052 -0.00206465 -0.00204959 -0.00201613 -0.00199155 -0.00196081 -0.00193759 -0.00191252 -0.00189172 -0.00188464 -0.00183674 -0.00182706 -0.00183021 -0.00180812 -0.00178195 -0.00176003 -0.00176045 -0.00174403 -0.00173125 -0.0017112 -0.0016911 -0.00168587 -0.00166621 -0.00167349 -0.00166449 -0.0016395 -0.00164491 -0.00162848 -0.00161722 -0.00162349 -0.00160928 -0.00159732 -0.00159431 -0.00158396 -0.00157748 -0.00158192 -0.00157627 -0.00157453 -0.00157734 -0.00156299 -0.00156041 -0.00155656 -0.00154733 -0.00155686 -0.00155497 
0 1.51395e-05 1.55392e-05 4.06806e-05 5.63261e-05 6.48856e-05 9.13183e-05 9.79688e-05 0.000105121 0.000128361 0.00013434 0.00014812 0.000173856 0.000176772 0.000192416 0.00021686 0.000218118 0.000244409 0.00026848 0.000272282 0.000297655 0.000304819 0.000315149 0.000339963 0.000353454 0.000381235 0.00039706 0.000412321 0.000434613 0.000459039 0.000483216 0.000493772 0.000526613 0.000535524 0.000555069 0.000597952 0.000603089 0.000633774 0.000664605 0.000692294 0.0007191 0.00075273 0.000791184 0.000805367 0.000858543 0.000886243 0.000913665 0.000959558 0.000996864 0.00103556 0.0010683 0.00113378 0.00116415 0.00121509 0.00127689 0.00133082 0.00138558 0.00144673 0.00153185 0.00158331 0.00166797 0.00175311 0.0018517 0.0019421 0.00206919 0.00222556 0.00239641 0.00263005 0.00293272 0.00334798 0.00385986 0.00456543 0.00547246 0.00665489 0.00813095 0.0100054 0.0123187 0.0151343 0.0184872 0.0224088 0.0268891 0.0318497 0.0371991 0.0427654 0.0483844 0.0537962 0.0587741 0.0629966 0.0662134 0.068134 0.0686108 0.0674845 0.0647375 0.0603345 0.0543837 0.0469729 0.0383198 0.0286141 0.0181627 0.00721249 -0.00392187 -0.0150096 -0.0257366 -0.0358488 -0.0450203 -0.0530322 -0.0596365 -0.0647166 -0.0681378 -0.0699088 -0.0700231 -0.0686189 -0.0658262 -0.061924 -0.0571575 -0.0518554 -0.046256 -0.0406393 -0.035182 -0.0300731 -0.0254126 -0.0213017 -0.0177592 -0.0147685 -0.0122896 -0.0102714 -0.00867124 -0.0073881 -0.00639179 -0.00561278 -0.00504439 -0.00458467 -0.00424477 -0.00397872 -0.00379062 -0.00361603 -0.00347595 -0.00337167 -0.00327125 -0.00317753 -0.00308666 -0.00303288 -0.00294666 -0.00288264 -0.00282189 -0.00277291 -0.00270454 -0.00265218 -0.00261801 -0.00255259 -0.00251298 -0.00246923 -0.00243402 -0.00237831 -0.00235146 -0.0023206 -0.00226967 -0.0022533 -0.00221746 -0.00218973 -0.00216117 -0.00214599 -0.00211316 -0.00208285 -0.00208248 -0.00204263 -0.00202426 -0.0020064 -0.00197798 -0.00196546 -0.00194702 -0.00193289 -0.00190721 -0.00189869 -0.00188799 -0.0018747 -0.001873 -0.00184451 -0.00183797 -0.00182881 -0.00180433 -0.00181121 -0.00179673 -0.00177797 -0.00178167 -0.00176759 -0.00175912 -0.00176468 -0.00175401 -0.00174695 -0.00174755 -0.00172955 -0.00172259 -0.00172551 -0.0017158 -0.00172407 -0.00172674 -0.0017178 -0.00172249 -0.00171057 
0 1.11061e-05 4.04292e-05 4.38892e-05 5.54976e-05 8.15647e-05 8.03119e-05 0.000102006 0.000128824 0.000126363 0.000156061 0.000173856 0.000171794 0.000206893 0.000218159 0.000223472 0.00025266 0.000263177 0.000278806 0.00029783 0.000322883 0.000339486 0.000345002 0.000386502 0.000394688 0.000401402 0.000448753 0.000451132 0.000465284 0.00049755 0.000523135 0.000550232 0.000556878 0.000592646 0.000623781 0.000650181 0.000673001 0.000690363 0.0007423 0.00075601 0.000784993 0.000827274 0.000850855 0.000890704 0.000923436 0.000972202 0.000996399 0.0010491 0.00109939 0.0011281 0.00118971 0.001237 0.00129264 0.00133361 0.00140974 0.0014657 0.00151716 0.00159923 0.00166977 0.00174706 0.0018166 0.00193357 0.00202296 0.00213591 0.00227608 0.00245515 0.00265594 0.00291219 0.00328259 0.00373868 0.00434329 0.00512236 0.00617661 0.00748425 0.00915008 0.0112243 0.0138095 0.0169089 0.0205873 0.0248663 0.0297256 0.0350705 0.0407681 0.0466889 0.0526139 0.0583165 0.063486 0.0678747 0.0711592 0.0731157 0.0734971 0.0722295 0.0692206 0.0645228 0.0581465 0.0502609 0.0410077 0.0306774 0.0194996 0.00781554 -0.004123 -0.0159682 -0.0274648 -0.0382608 -0.048104 -0.0566704 -0.0637799 -0.0692279 -0.072976 -0.0749469 -0.075208 -0.0738062 -0.0709706 -0.0669159 -0.0619694 -0.0563804 -0.0504747 -0.0444938 -0.038684 -0.033182 -0.028136 -0.0236493 -0.0197709 -0.016481 -0.0137221 -0.0114871 -0.0096896 -0.00827298 -0.00712577 -0.00626649 -0.00560053 -0.00510116 -0.00468883 -0.00440176 -0.0041769 -0.00398605 -0.00382502 -0.0037012 -0.00360292 -0.00347934 -0.00339775 -0.00331301 -0.00324107 -0.00314734 -0.00309215 -0.00302978 -0.00295394 -0.00290295 -0.00284784 -0.00280079 -0.00273391 -0.00270765 -0.00265561 -0.00260777 -0.00257787 -0.00253483 -0.00250116 -0.00245902 -0.00244122 -0.00239164 -0.00236387 -0.00234908 -0.00230484 -0.00228162 -0.00225065 -0.00224043 -0.0022152 -0.00218184 -0.00216584 -0.0021492 -0.00214642 -0.00210406 -0.00208864 -0.00209399 -0.00205388 -0.00204583 -0.00203857 -0.00201573 -0.00200256 -0.00199239 -0.00199117 -0.00196672 -0.00196194 -0.00196385 -0.00193374 -0.00193876 -0.00193517 -0.00191062 -0.00191568 -0.00190438 -0.00189432 -0.00190107 -0.00189311 -0.00188971 -0.00188657 -0.00187859 -0.00187448 -0.00187096 -0.00187204 -0.00187214 
0 2.29191e-05 2.604e-05 5.24588e-05 6.91753e-05 7.20706e-05 0.000103292 0.000114176 0.000122691 0.000157473 0.000161293 0.000176772 0.000206893 0.000209709 0.000232846 0.000257097 0.000271205 0.000289783 0.000305119 0.000327758 0.000334747 0.000365502 0.000400665 0.000399509 0.000431915 0.00045319 0.000461087 0.000495848 0.000526231 0.000551004 0.000550446 0.000581933 0.00063185 0.000648291 0.000669818 0.000692799 0.000736422 0.000767512 0.000791329 0.000826966 0.000856917 0.000902068 0.00093015 0.000969012 0.00101246 0.00105113 0.00109519 0.00113895 0.00119297 0.00123292 0.00129123 0.001348 0.00140049 0.00146069 0.00152908 0.00159686 0.00165761 0.00174322 0.00182362 0.00190396 0.00199428 0.00210814 0.00221794 0.0023401 0.00250364 0.00269965 0.00292991 0.00322887 0.00364384 0.00416873 0.00484594 0.00573772 0.00690982 0.00837939 0.0102228 0.0125299 0.0153736 0.0187747 0.0227786 0.0274144 0.0326423 0.0383431 0.0443803 0.0506084 0.0568171 0.0627363 0.0680685 0.0725408 0.0758659 0.0777795 0.0780584 0.0765958 0.0733445 0.0683215 0.0615653 0.0532078 0.0434378 0.0325215 0.0207253 0.00835795 -0.00427424 -0.0168267 -0.0289846 -0.0404231 -0.0508504 -0.059964 -0.0675313 -0.0733778 -0.0774343 -0.0796595 -0.0800748 -0.0787565 -0.0759071 -0.0717865 -0.0666891 -0.0608928 -0.0547044 -0.0484131 -0.0422563 -0.0363936 -0.0309691 -0.0261143 -0.0218937 -0.0182899 -0.0152579 -0.0127775 -0.0107876 -0.00919898 -0.00792541 -0.00694486 -0.00619852 -0.00562256 -0.00516342 -0.00482654 -0.00456967 -0.00435613 -0.00417332 -0.00403575 -0.00391611 -0.0037952 -0.00369331 -0.00360603 -0.00352144 -0.00342993 -0.00336236 -0.00329116 -0.00322122 -0.00315469 -0.00310085 -0.00304191 -0.00298263 -0.00293902 -0.00288553 -0.0028411 -0.00279423 -0.00275813 -0.00271219 -0.00267311 -0.00264294 -0.00260369 -0.00257359 -0.00253099 -0.00251022 -0.00248719 -0.00245432 -0.00241846 -0.00239155 -0.00239523 -0.00236214 -0.002324 -0.0023046 -0.00229863 -0.00228623 -0.0022469 -0.00224283 -0.00222252 -0.00219354 -0.00219848 -0.00218341 -0.00216643 -0.00215025 -0.00214185 -0.00213114 -0.00211278 -0.0021203 -0.00210018 -0.0020829 -0.00209205 -0.00206956 -0.00206622 -0.00207093 -0.00205309 -0.00205591 -0.00205201 -0.00203979 -0.0020417 -0.0020361 -0.00203114 -0.00203416 -0.00203171 
0 1.18873e-05 3.22378e-05 4.57868e-05 7.10352e-05 9.1495e-05 0.000108324 0.000130007 0.000139511 0.000158248 0.000175455 0.000192416 0.000218159 0.000232846 0.000254473 0.000271095 0.000288917 0.000314074 0.000331586 0.000363792 0.0003775 0.000392288 0.000417005 0.000424915 0.000465553 0.00049089 0.000509102 0.000544162 0.000551425 0.00058437 0.000625044 0.000650001 0.000664282 0.000687582 0.000733521 0.000756008 0.000791531 0.000820461 0.000851294 0.000900879 0.000931673 0.000971656 0.0010098 0.00105848 0.00109667 0.00113961 0.0011932 0.00123334 0.00128887 0.00133884 0.0013985 0.00145267 0.0015171 0.00158446 0.00165073 0.00172767 0.00180151 0.00189034 0.0019738 0.00207133 0.00217169 0.00228998 0.002414 0.00255848 0.00273817 0.00295333 0.00322161 0.00356548 0.0040309 0.00462173 0.00539356 0.0063961 0.00770007 0.00933263 0.0113793 0.0139223 0.0170349 0.0207409 0.0250803 0.0300683 0.0356464 0.0416865 0.0480376 0.0545466 0.060985 0.0670746 0.0725057 0.0770123 0.0803065 0.0821298 0.0822533 0.0805787 0.0770588 0.0717161 0.0645818 0.0557973 0.0455572 0.034138 0.0217979 0.0088483 -0.00439347 -0.017551 -0.030293 -0.0422856 -0.0532427 -0.0628509 -0.0708684 -0.0771059 -0.0814964 -0.0839917 -0.0846126 -0.0834256 -0.0806376 -0.0765035 -0.0713219 -0.0653657 -0.0589533 -0.0523806 -0.0459045 -0.039695 -0.0339124 -0.0286947 -0.024124 -0.0201992 -0.0168849 -0.0141559 -0.011949 -0.0101837 -0.0087692 -0.00767069 -0.00682098 -0.0061705 -0.00565644 -0.00527162 -0.00497084 -0.00473392 -0.00453443 -0.00437419 -0.00423682 -0.00411149 -0.00400204 -0.00389763 -0.00380889 -0.00371688 -0.00363882 -0.00355676 -0.0034896 -0.00341786 -0.00335073 -0.00329125 -0.00323078 -0.00317523 -0.00311572 -0.00307408 -0.00301607 -0.00297173 -0.00293162 -0.00288766 -0.00284577 -0.00280799 -0.00278399 -0.0027395 -0.00271275 -0.00267792 -0.00264862 -0.00263521 -0.00259531 -0.00255974 -0.00253555 -0.00253001 -0.00249779 -0.00246588 -0.00245442 -0.00242311 -0.00242203 -0.00240821 -0.00238272 -0.00237273 -0.00234558 -0.00233607 -0.00232543 -0.00231176 -0.00230035 -0.00228135 -0.00227533 -0.00226138 -0.00225692 -0.00225441 -0.0022425 -0.00224259 -0.00222516 -0.00221599 -0.00221277 -0.0021987 -0.00220757 -0.00220316 -0.00220005 -0.00220727 -0.0021911 -0.00219289 
0 1.09393e-05 6.17621e-05 5.28284e-05 7.14053e-05 0.000104931 9.31615e-05 0.000131472 0.000159922 0.000161957 0.000203862 0.00021686 0.000223472 0.000257097 0.000271095 0.000290554 0.000317519 0.000334742 0.000355069 0.000374669 0.000402205 0.000430908 0.000451193 0.000481896 0.000505467 0.000516981 0.000545843 0.000580592 0.000602084 0.000621351 0.000662477 0.000692902 0.000709086 0.00076113 0.00079243 0.000814592 0.000860339 0.000889017 0.000926999 0.000964806 0.00100481 0.00103807 0.00108348 0.0011394 0.00116716 0.00122929 0.00128261 0.00133083 0.00138871 0.00145153 0.00151694 0.00156587 0.00165148 0.00171424 0.00178608 0.00186559 0.00195272 0.00203978 0.00212357 0.00224209 0.00234235 0.00247127 0.00260446 0.00277999 0.00296938 0.00321179 0.00352362 0.00391778 0.0044393 0.00510212 0.00598651 0.00710274 0.0085533 0.0103566 0.0126306 0.0154139 0.0188074 0.0228231 0.0275082 0.0328393 0.0387513 0.0451112 0.051753 0.0585093 0.0651244 0.071332 0.076801 0.0812847 0.0844747 0.0861501 0.0860648 0.0841527 0.0803371 0.0746719 0.0671645 0.0579963 0.0473393 0.0354998 0.0226988 0.00927456 -0.00447639 -0.0181286 -0.0313659 -0.043822 -0.0552458 -0.0652943 -0.0737478 -0.0803735 -0.0851225 -0.0879106 -0.0887879 -0.0877889 -0.085139 -0.081053 -0.0758517 -0.069789 -0.0632096 -0.0563922 -0.0496226 -0.0430836 -0.03696 -0.0313892 -0.0264613 -0.0222093 -0.0186014 -0.015621 -0.0131765 -0.0112277 -0.00965866 -0.00844386 -0.00747603 -0.00674875 -0.00617482 -0.00574287 -0.00539393 -0.00512838 -0.00491755 -0.00472834 -0.00457679 -0.00443707 -0.00432788 -0.00419726 -0.00410398 -0.00400696 -0.0039165 -0.0038233 -0.00374834 -0.00368008 -0.00359056 -0.00353684 -0.00347072 -0.00341083 -0.00334696 -0.0033056 -0.0032523 -0.00319119 -0.00316329 -0.00310995 -0.00306634 -0.00302584 -0.00298876 -0.0029464 -0.00291079 -0.00288339 -0.00283116 -0.00281495 -0.00279216 -0.00274797 -0.0027321 -0.00271225 -0.0026817 -0.00265697 -0.00264696 -0.0026236 -0.0025898 -0.00257525 -0.00255597 -0.0025378 -0.00252526 -0.00250782 -0.00249749 -0.00247766 -0.00246542 -0.00246717 -0.00244246 -0.00243666 -0.00243692 -0.00239895 -0.0024012 -0.0024011 -0.00237346 -0.00239637 -0.00238747 -0.00236562 -0.00238467 -0.00235576 -0.00234834 -0.00236517 -0.00233922 -0.00235777 
0 2.27732e-05 2.90416e-05 5.9284e-05 8.5434e-05 9.67406e-05 0.000130345 0.000148632 0.000156245 0.0001877 0.000202895 0.000218118 0.00025266 0.000271205 0.000288917 0.000317519 0.000341775 0.000357874 0.000385191 0.000416765 0.000421468 0.000452545 0.000493105 0.000496527 0.000534684 0.000571433 0.000582156 0.000618774 0.000653349 0.000688026 0.000706605 0.000727153 0.000779531 0.00081379 0.000837128 0.000863852 0.000917727 0.000961792 0.000982522 0.00104085 0.00108004 0.00112099 0.00117586 0.0012198 0.00126784 0.00131671 0.00138494 0.00142416 0.0014868 0.00156111 0.00161322 0.00168486 0.00176008 0.0018457 0.00190785 0.00200755 0.00210406 0.00218942 0.00229597 0.00241324 0.00254238 0.00265797 0.00283096 0.00301153 0.00322992 0.00349258 0.00385194 0.00430125 0.00486928 0.00562978 0.00660758 0.00786987 0.00944568 0.0114623 0.0139462 0.0170049 0.0206645 0.0250174 0.0300363 0.0357118 0.0419374 0.0485985 0.0555112 0.062468 0.0692225 0.075477 0.0809454 0.08532 0.0883596 0.0897968 0.0894795 0.0872668 0.0831602 0.0771336 0.0692969 0.0597554 0.0487743 0.0365629 0.023426 0.00960627 -0.004505 -0.0185679 -0.0321683 -0.0450307 -0.0568176 -0.0672844 -0.0761197 -0.0831665 -0.0882662 -0.0914104 -0.0925658 -0.0918489 -0.0893882 -0.0854478 -0.0802712 -0.0741827 -0.0674766 -0.0604724 -0.0534306 -0.0465876 -0.0401394 -0.0342211 -0.0289449 -0.0243419 -0.0204484 -0.0171824 -0.0145131 -0.0123354 -0.0106273 -0.00925617 -0.00818827 -0.00734764 -0.00672251 -0.00622501 -0.00582814 -0.00552853 -0.00528991 -0.00509033 -0.00489929 -0.00476917 -0.00463196 -0.00450847 -0.0043884 -0.00430189 -0.00420007 -0.004097 -0.00402715 -0.00394298 -0.00386444 -0.00378485 -0.00373419 -0.00365457 -0.00358909 -0.00354263 -0.00347664 -0.00342298 -0.00337027 -0.00332942 -0.00327071 -0.00323694 -0.00319879 -0.00314017 -0.00312109 -0.00308997 -0.00304698 -0.00300391 -0.00298349 -0.0029667 -0.00292088 -0.00288918 -0.00286209 -0.00285037 -0.00282346 -0.00278232 -0.00278314 -0.00275766 -0.00272605 -0.00272778 -0.00270591 -0.0026794 -0.00266868 -0.00265808 -0.00263647 -0.00262215 -0.00261881 -0.00259327 -0.00258663 -0.00259186 -0.00256849 -0.0025675 -0.00256453 -0.00253978 -0.00254161 -0.0025365 -0.002523 -0.00253152 -0.00252698 -0.00251811 -0.00252386 -0.00251494 
0 2.01654e-05 4.26026e-05 6.44191e-05 8.44483e-05 0.000110303 0.00013122 0.000151232 0.000177756 0.000194874 0.000217571 0.000244409 0.000263177 0.000289783 0.000314074 0.000334742 0.000357874 0.000384196 0.000411595 0.000433797 0.000470339 0.00049342 0.000506276 0.000543143 0.000569216 0.000599437 0.000635665 0.000665423 0.000689184 0.00070908 0.000767044 0.000805555 0.00082153 0.000856215 0.000896242 0.000949707 0.000978618 0.00101433 0.0010596 0.00110819 0.00115836 0.00119134 0.00125531 0.0013022 0.00135377 0.00141499 0.00147252 0.001534 0.00159178 0.00167532 0.00173016 0.00180808 0.00189247 0.00197162 0.00205322 0.00214688 0.00225831 0.00234131 0.00246357 0.00258779 0.0027236 0.00285782 0.00304192 0.00325271 0.00348356 0.00379335 0.00419058 0.00470484 0.00533442 0.00619458 0.00728828 0.00868675 0.0104287 0.012647 0.0153798 0.0186978 0.0226629 0.0273363 0.0327085 0.0387007 0.0452395 0.0521706 0.059329 0.0664404 0.0732807 0.0795287 0.0849247 0.0891302 0.0919326 0.0930796 0.0924578 0.0899214 0.0854746 0.0790985 0.0709258 0.0610773 0.0498114 0.0373319 0.0239317 0.00985751 -0.00451213 -0.0188382 -0.0327185 -0.0458712 -0.0579691 -0.0687731 -0.0779827 -0.0854257 -0.0909185 -0.0944354 -0.0959401 -0.0955542 -0.0933743 -0.0896426 -0.0845715 -0.0785118 -0.0717393 -0.0645938 -0.0573123 -0.0501941 -0.0434246 -0.0371817 -0.0315419 -0.0266029 -0.0223857 -0.0188479 -0.0159164 -0.0135253 -0.0116361 -0.0101234 -0.00893203 -0.00798765 -0.00729263 -0.00672982 -0.00629276 -0.00594371 -0.00569008 -0.00545915 -0.00525878 -0.00510449 -0.00496175 -0.00482711 -0.00469302 -0.00460154 -0.00448464 -0.00438527 -0.00429206 -0.00421305 -0.00412155 -0.00403971 -0.00397932 -0.00389599 -0.003835 -0.00376891 -0.00371472 -0.00364873 -0.00360049 -0.00355313 -0.00349033 -0.00345416 -0.00340806 -0.00337023 -0.00331745 -0.00327802 -0.00325347 -0.00321848 -0.00317939 -0.00312715 -0.0031162 -0.00309876 -0.00305654 -0.00302432 -0.0029988 -0.00298649 -0.00295749 -0.0029402 -0.00292309 -0.00288735 -0.00287426 -0.0028611 -0.00284348 -0.00282651 -0.00281088 -0.00279813 -0.00277929 -0.00277342 -0.00276261 -0.00274787 -0.00274499 -0.0027299 -0.0027195 -0.00271543 -0.00270377 -0.00270072 -0.00269717 -0.00269102 -0.00268913 -0.00268516 -0.00268153 -0.00267897 
