0 0 0 0 0 0 0 0 0 0 0 0 0 0 0 0 0 0 0 0 0 0 0 0 0 0 0 0 0 0 0 0 0 0 0 0 0 0 0 0 0 0 0 0 0 0 0 0 0 0 0 0 0 0 0 0 0 0 0 0 0 0 0 0 0 0 0 0 0 0 0 0 0 0 0 0 0 0 0 0 0 0 0 0 0 0 0 0 0 0 0 0 0 0 0 0 0 0 0 0 0 0 0 0 0 0 0 0 0 0 0 0 0 0 0 0 0 0 0 0 0 0 0 0 0 0 0 0 0 0 0 0 0 0 0 0 0 0 0 0 0 0 0 0 0 0 0 0 0 0 0 0 0 0 0 0 0 0 0 0 0 0 0 0 0 0 0 0 0 0 0 0 0 0 0 0 0 0 0 0 0 0 0 0 0 0 0 0 0 0 0 0 0 0 0 0 0 0 0 0 
0 -2.59919e-06 3.13534e-05 3.82627e-05 1.86167e-05 4.22743e-05 6.07232e-05 4.94777e-05 8.11295e-05 0.000105606 8.59168e-05 8.96656e-05 0.000106937 0.000132542 0.000149142 0.000131999 0.000163982 0.000194477 0.00017516 0.000207275 0.000219831 0.000212695 0.000263974 0.000270816 0.000280812 0.000325185 0.000334575 0.000364785 0.000382886 0.000411968 0.000462213 0.000470281 0.000532469 0.00059613 0.000635012 0.000719707 0.000800442 0.000914308 0.00102657 0.00116545 0.00137675 0.00158075 0.00184145 0.0021487 0.00250861 0.00290765 0.00329614 0.00373288 0.00414253 0.00450029 0.00475518 0.00488012 0.00487479 0.00464468 0.0041976 0.00350587 0.00262289 0.00156264 0.00034258 -0.000958447 -0.00228287 -0.00351029 -0.00461446 -0.00552899 -0.00623627 -0.00669154 -0.00687603 -0.00681584 -0.0065369 -0.00611451 -0.00556905 -0.00496155 -0.00430197 -0.00364565 -0.00301402 -0.00244688 -0.00195695 -0.00154725 -0.00121625 -0.000944254 -0.000732372 -0.000557812 -0.00042954 -0.000325596 -0.0002573 -0.000203032 -0.000173271 -0.000148668 -0.000138894 -0.000128691 -0.000126962 -0.000122596 -0.000123238 -0.00012103 -0.000122023 -0.00012067 -0.000121519 -0.000120581 -0.000121272 -0.000120552 -0.000121192 -0.000120548 -0.000121261 -0.000120552 -0.000121446 -0.00012049 -0.000121592 -0.000120036 -0.000121033 -0.000117894 -0.000117328 -0.000109739 -0.000103129 -8.39546e-05 -6.1045e-05 -1.65003e-05 4.00104e-05 0.000129426 0.000240694 0.000395684 0.00058391 0.000828678 0.00112615 0.00150028 0.00195269 0.0024915 0.00310667 0.00376983 0.0044571 0.00511767 0.00573816 0.00626219 0.00667314 0.00689237 0.00688837 0.00660952 0.00606601 0.00528211 0.0042805 0.00311093 0.00179179 0.000433056 -0.000905568 -0.00211854 -0.00318716 -0.00407577 -0.00473883 -0.00517132 -0.00535081 -0.00536845 -0.00521985 -0.00494959 -0.00457673 -0.00415007 -0.00374647 -0.00331992 -0.00292506 -0.00255404 -0.002246 -0.0019897 -0.00173031 -0.00154681 -0.00138761 -0.00125943 -0.00114767 -0.00104422 -0.00100279 -0.00092556 -0.00086712 -0.000842691 -0.000791169 -0.000763924 -0.000719424 -0.000698438 -0.000684915 -0.000632099 -0.000638592 -0.000625263 -0.000588866 -0.00060249 -0.00057233 -0.000550972 -0.000562321 -0.000535874 -0.000519293 -0.000507296 -0.000513567 -0.000533518 -0.000490374 -0.000474431 -0.000504585 -0.000478258 -0.000466371 -0.000486513 -0.000466906 -0.000459627 -0.000475041 -0.00046644 -0.000455933 -0.000461741 
0 3.13534e-05 1.36069e-05 4.89645e-05 9.12373e-05 8.43823e-05 0.000111155 0.000140453 0.000130839 0.000149975 0.000193319 0.000220615 0.000236631 0.000246727 0.000265794 0.000301749 0.000329451 0.000337628 0.000366929 0.000419055 0.000443396 0.000466308 0.000510949 0.000544052 0.000573363 0.00061531 0.000673304 0.000718617 0.000764125 0.00085262 0.000915878 0.000975696 0.00108124 0.00118041 0.00129406 0.00142354 0.00160531 0.0018285 0.0020505 0.00237222 0.00275931 0.00320385 0.00372704 0.00433092 0.00506452 0.0058187 0.00662099 0.00745511 0.00825302 0.00895806 0.00943098 0.00969796 0.00963794 0.0091906 0.00828794 0.0069158 0.00517579 0.00304551 0.000657203 -0.00194191 -0.00453498 -0.00698419 -0.00917078 -0.0109839 -0.0124006 -0.0132858 -0.0136856 -0.0135522 -0.0130379 -0.0121856 -0.0111241 -0.00990883 -0.00860368 -0.00730479 -0.00603937 -0.00492494 -0.00392475 -0.00312532 -0.00243348 -0.00191027 -0.00145732 -0.00112837 -0.000847645 -0.000655856 -0.00050147 -0.00040314 -0.000332966 -0.000288073 -0.000264976 -0.000243618 -0.000242769 -0.000228587 -0.00023728 -0.000223776 -0.00023663 -0.000222111 -0.000236973 -0.000221437 -0.000237307 -0.00022117 -0.000237425 -0.000221162 -0.000237283 -0.000221373 -0.00023681 -0.00022171 -0.000235678 -0.000221604 -0.000232507 -0.0002185 -0.00022228 -0.000203644 -0.000190123 -0.000153609 -0.000101316 -2.03822e-05 0.000105484 0.000269133 0.000510349 0.000798998 0.00119926 0.00166445 0.00228579 0.00300879 0.00393404 0.00498453 0.00621938 0.00752151 0.00888529 0.0101968 0.0114142 0.012465 0.0132473 0.0136971 0.0136553 0.0131287 0.0120363 0.0105003 0.00851369 0.00619346 0.00360689 0.000903101 -0.00171514 -0.00415315 -0.00625709 -0.00803937 -0.00936216 -0.0102282 -0.0106359 -0.0106615 -0.0104096 -0.00986198 -0.00915002 -0.00831692 -0.00748818 -0.00666674 -0.00585023 -0.00513863 -0.00450607 -0.0039812 -0.00350132 -0.00310332 -0.00281386 -0.00254017 -0.00231733 -0.00213236 -0.00199354 -0.00186947 -0.00173491 -0.00166289 -0.00159005 -0.00150483 -0.00145425 -0.00140879 -0.00136157 -0.00130891 -0.00127555 -0.00124539 -0.00118958 -0.00116486 -0.00115526 -0.0011165 -0.00108825 -0.00108305 -0.00107125 -0.001049 -0.00102266 -0.000993144 -0.000991641 -0.001004 -0.000970934 -0.00095225 -0.000973216 -0.000947008 -0.000929362 -0.000953624 -0.00092727 -0.000911773 -0.000939506 -0.000918786 
0 3.82627e-05 4.89645e-05 7.83671e-05 0.000113268 0.000128174 0.000160545 0.000199294 0.00021987 0.000250323 0.000284021 0.000307099 0.000342334 0.000379884 0.000410157 0.000451267 0.000490516 0.000523355 0.000567937 0.00061298 0.000654162 0.000702992 0.000758339 0.000817939 0.000873757 0.000938401 0.00101775 0.00108452 0.00116411 0.00126891 0.00136563 0.00147869 0.0016207 0.00178133 0.00196299 0.00217382 0.00244909 0.0027693 0.00313845 0.00361141 0.00418344 0.00485938 0.00564469 0.00656777 0.00763055 0.00876643 0.00996417 0.011182 0.0123467 0.0133402 0.014039 0.014381 0.0142471 0.0135369 0.0121653 0.0101378 0.00752281 0.00437828 0.000828557 -0.00297772 -0.00679433 -0.0104053 -0.0136257 -0.0163185 -0.0183828 -0.0197125 -0.0202911 -0.0201389 -0.0193864 -0.0181546 -0.0165875 -0.0147917 -0.0128727 -0.0109412 -0.00908837 -0.00741233 -0.00594455 -0.00472025 -0.00370414 -0.00289074 -0.00222968 -0.00171416 -0.00130711 -0.00100441 -0.000779636 -0.000623859 -0.000518327 -0.000449802 -0.000409322 -0.000382725 -0.000371235 -0.000360673 -0.000359971 -0.000354203 -0.000357051 -0.00035231 -0.000356317 -0.000351662 -0.000356105 -0.000351423 -0.000356047 -0.000351409 -0.00035606 -0.000351545 -0.000356023 -0.000351598 -0.000355389 -0.000350466 -0.000351873 -0.000343791 -0.000337389 -0.000317515 -0.00028866 -0.000235461 -0.000152851 -2.5546e-05 0.000161524 0.000420334 0.000773683 0.00122794 0.00181541 0.00254343 0.00346027 0.004577 0.00594017 0.00753139 0.00934176 0.0112866 0.0132888 0.0152355 0.0170296 0.0185643 0.0197062 0.0203226 0.0202582 0.0194466 0.0178565 0.0155637 0.0126395 0.00920283 0.00540077 0.00143919 -0.0024298 -0.00601799 -0.00916218 -0.0117798 -0.0137626 -0.0150669 -0.015721 -0.01581 -0.0154478 -0.0146927 -0.0136652 -0.0124819 -0.0112545 -0.0100387 -0.00885766 -0.00778888 -0.00684815 -0.00603305 -0.00532362 -0.00472398 -0.00424922 -0.0038427 -0.00349962 -0.00322582 -0.00300244 -0.00281401 -0.00264144 -0.00250937 -0.00239778 -0.00228061 -0.0021903 -0.00211304 -0.00203444 -0.00196699 -0.0019092 -0.00186034 -0.00180807 -0.00176109 -0.00172858 -0.00168645 -0.00164703 -0.00162124 -0.001587 -0.00156022 -0.00154462 -0.00151702 -0.00149772 -0.00148668 -0.00146003 -0.00144539 -0.00144272 -0.00142164 -0.0014107 -0.00141246 -0.00139558 -0.00139072 -0.00139927 -0.00138248 
0 1.86167e-05 9.12373e-05 0.000113268 0.000125748 0.000189613 0.000219072 0.00024041 0.000306488 0.000350751 0.00037143 0.000406791 0.000452748 0.000513012 0.000562011 0.000590815 0.000646253 0.000716921 0.000762884 0.000811325 0.000878309 0.000944272 0.001016 0.00109042 0.00117176 0.0012672 0.00135164 0.00145706 0.00157894 0.00168755 0.00183828 0.00200095 0.00217686 0.00240331 0.00264509 0.00295636 0.00331586 0.00373952 0.00428424 0.00490481 0.00568022 0.00658956 0.00764893 0.00889548 0.0102548 0.0117702 0.0133294 0.0148966 0.0163751 0.017595 0.0184898 0.0188429 0.0185991 0.0175848 0.0157421 0.0130827 0.00960956 0.00550869 0.000847055 -0.00406635 -0.00903087 -0.0137267 -0.0179237 -0.0214564 -0.0241201 -0.0258919 -0.0266413 -0.0265179 -0.0255545 -0.0239957 -0.0219529 -0.0196132 -0.0171166 -0.0145783 -0.0121751 -0.00994077 -0.00802697 -0.00635848 -0.00502812 -0.00389955 -0.00303864 -0.0023165 -0.00179008 -0.00136212 -0.00106992 -0.000847644 -0.000705565 -0.000610106 -0.000547975 -0.000518328 -0.000489531 -0.000489101 -0.000470246 -0.000481701 -0.000464029 -0.000480445 -0.00046177 -0.000480485 -0.00046083 -0.000480617 -0.000460547 -0.000480591 -0.000460753 -0.000480286 -0.000461278 -0.000479276 -0.000461346 -0.000475769 -0.000457609 -0.000463189 -0.000438416 -0.000421376 -0.000371245 -0.000300573 -0.000184652 -4.92035e-06 0.000242041 0.000606844 0.00106604 0.00170186 0.00246755 0.00348029 0.00468219 0.00621312 0.00799354 0.0101265 0.012473 0.0150369 0.0176336 0.0201803 0.0225147 0.0244828 0.0259485 0.0266754 0.0265823 0.0254743 0.0234313 0.0204144 0.0166144 0.0121309 0.00719806 0.00208719 -0.00296238 -0.00762394 -0.0117822 -0.0151935 -0.0178315 -0.0195964 -0.0205352 -0.0207533 -0.0203126 -0.019418 -0.0181248 -0.0166428 -0.0150508 -0.0134476 -0.0119394 -0.0105123 -0.00926837 -0.00815727 -0.00721262 -0.00642493 -0.00573798 -0.00520024 -0.00473489 -0.00435664 -0.00404732 -0.00377253 -0.00356827 -0.00336848 -0.00320046 -0.00307108 -0.00293298 -0.00282357 -0.00272536 -0.00263384 -0.00255738 -0.00247918 -0.00242361 -0.00236668 -0.00229386 -0.00225142 -0.0022179 -0.00216135 -0.00211423 -0.00208317 -0.00206062 -0.00204616 -0.00200179 -0.00195701 -0.0019651 -0.00194749 -0.00189957 -0.00190792 -0.00190211 -0.00186085 -0.00187365 -0.00187452 -0.00183837 -0.00185419 
0 4.22743e-05 8.43823e-05 0.000128174 0.000189613 0.000236881 0.000270152 0.000327077 0.000367714 0.000399726 0.000472174 0.000543666 0.00058947 0.000625725 0.000683053 0.000766196 0.000813958 0.000870781 0.000963962 0.00102265 0.00111025 0.00121059 0.00126586 0.0013713 0.00148231 0.00157242 0.00170067 0.00183233 0.00198931 0.00214411 0.00231721 0.00255265 0.00276638 0.00303493 0.00337761 0.00375555 0.00422406 0.00477331 0.00547384 0.0062977 0.00725249 0.00842675 0.00976859 0.0113047 0.0129881 0.0148132 0.01673 0.0185803 0.0203008 0.0217127 0.0226938 0.023042 0.0225926 0.0212632 0.0189375 0.0156461 0.011389 0.00634739 0.00071039 -0.00525136 -0.011224 -0.0169279 -0.0220241 -0.0263157 -0.0295684 -0.031718 -0.0326991 -0.0325889 -0.031511 -0.0296396 -0.0271971 -0.0243476 -0.0213173 -0.0182287 -0.015282 -0.0125487 -0.0101535 -0.00808988 -0.0063855 -0.00498547 -0.00386482 -0.0029761 -0.00228124 -0.00175899 -0.0013636 -0.00109309 -0.000893239 -0.000776752 -0.000686458 -0.000648994 -0.000609359 -0.000605267 -0.0005849 -0.000592425 -0.000578209 -0.000589064 -0.000576595 -0.000588206 -0.000576242 -0.000587974 -0.000576166 -0.00058793 -0.000576113 -0.000587878 -0.000575801 -0.000587209 -0.000574035 -0.000583365 -0.000565957 -0.000567131 -0.000535472 -0.000511291 -0.000439656 -0.00035139 -0.000188059 3.22874e-05 0.000367541 0.000813093 0.00142017 0.0022009 0.00319964 0.00445435 0.00600191 0.00789777 0.0101399 0.0127516 0.01564 0.0187541 0.0219128 0.0250083 0.0278175 0.0301888 0.0318826 0.0327178 0.0325175 0.0311668 0.028658 0.025006 0.0203855 0.0149492 0.00901405 0.00283739 -0.00324042 -0.00894039 -0.0140058 -0.0182095 -0.0214755 -0.0237181 -0.0250133 -0.0253827 -0.0249797 -0.0239708 -0.0225112 -0.0207816 -0.0188584 -0.0169353 -0.0150775 -0.0133492 -0.0117808 -0.0103774 -0.00921241 -0.00819367 -0.007332 -0.00662112 -0.00603098 -0.00555525 -0.00511494 -0.00478002 -0.00450524 -0.00423603 -0.00403183 -0.00384913 -0.00369994 -0.00355296 -0.00341766 -0.00333473 -0.00321113 -0.00310726 -0.00304418 -0.00294698 -0.00288364 -0.00282938 -0.00275568 -0.00271394 -0.0026774 -0.00263423 -0.00257108 -0.00251807 -0.00251906 -0.00248738 -0.0024355 -0.00243248 -0.00240916 -0.00237566 -0.00237408 -0.00235641 -0.00233606 -0.00232839 -0.00231781 -0.00232038 
0 6.07232e-05 0.000111155 0.000160545 0.000219072 0.000270152 0.000324124 0.000396291 0.000454638 0.000504703 0.000569136 0.000630525 0.000694643 0.000764088 0.000837457 0.000920598 0.000986686 0.00106434 0.00116398 0.00123402 0.00132912 0.00144777 0.00153364 0.00165976 0.00180011 0.00191427 0.00206713 0.00223056 0.00240468 0.00259859 0.0028134 0.00309353 0.00337731 0.00370979 0.00414911 0.00462759 0.00520463 0.00590572 0.00675789 0.00777742 0.00894139 0.010359 0.0119901 0.0138007 0.0157981 0.0179198 0.020131 0.0222319 0.0241192 0.0256591 0.0266419 0.0268983 0.0261956 0.0244904 0.0216787 0.0177493 0.0127625 0.00685559 0.000342253 -0.00653951 -0.0134108 -0.019987 -0.0258941 -0.030847 -0.0346442 -0.03714 -0.038361 -0.0383006 -0.0371525 -0.0350402 -0.0322469 -0.0289639 -0.0254426 -0.0218709 -0.0184108 -0.0152204 -0.0123523 -0.00990478 -0.00782134 -0.00614357 -0.00475923 -0.00369209 -0.0028307 -0.00219929 -0.00170646 -0.00137032 -0.00112089 -0.000965316 -0.000857302 -0.000794916 -0.000756572 -0.000733092 -0.000724084 -0.000713126 -0.000715254 -0.000706883 -0.000713239 -0.000704741 -0.000712854 -0.000703974 -0.000712774 -0.000703901 -0.000712642 -0.000704213 -0.000711984 -0.000704009 -0.00070891 -0.000699623 -0.000696391 -0.000678399 -0.000652594 -0.000604691 -0.000522439 -0.000398002 -0.000195371 8.5184e-05 0.000503757 0.00104901 0.00180335 0.00274692 0.00398516 0.00549763 0.00740202 0.00966607 0.0123716 0.0154358 0.0188454 0.0224526 0.0261348 0.0297041 0.0329383 0.035631 0.037498 0.0383795 0.0380416 0.0364446 0.0334893 0.0292705 0.0239004 0.0176361 0.0108044 0.00370376 -0.00328847 -0.00991277 -0.0157987 -0.0207545 -0.024617 -0.0273648 -0.029033 -0.0296303 -0.0293396 -0.0283018 -0.0267638 -0.0248473 -0.022689 -0.0204874 -0.0183265 -0.0163153 -0.0144323 -0.0127556 -0.0113282 -0.010076 -0.00901704 -0.00811348 -0.00738779 -0.00678333 -0.00624032 -0.0058282 -0.00547525 -0.00515942 -0.00489729 -0.00466535 -0.00448051 -0.00428832 -0.00412439 -0.00400911 -0.00386515 -0.00375334 -0.00366984 -0.0035619 -0.00348257 -0.00341101 -0.0033309 -0.00326488 -0.00320095 -0.00315535 -0.00310747 -0.00305306 -0.00302831 -0.00298868 -0.00293749 -0.00292207 -0.00289832 -0.00286194 -0.00284685 -0.00283106 -0.00281538 -0.00280925 -0.00279953 -0.00278796 
0 4.94777e-05 0.000140453 0.000199294 0.00024041 0.000327077 0.000396291 0.000439858 0.000527334 0.000612353 0.000668615 0.000735721 0.000808393 0.000908191 0.00100051 0.00105193 0.00115712 0.0012727 0.00134718 0.00146546 0.00157344 0.00168087 0.00183181 0.00194821 0.002101 0.00227367 0.00242387 0.00264108 0.00284361 0.00307096 0.00336642 0.00365574 0.00402933 0.00444693 0.00494278 0.00556371 0.00624507 0.00712036 0.00815023 0.00935206 0.0107914 0.0124289 0.0143487 0.0164332 0.0186957 0.0211049 0.0235003 0.0258042 0.0277763 0.0293427 0.0302596 0.0303049 0.0293384 0.0271957 0.0239064 0.0193607 0.0136935 0.00705333 -0.000256815 -0.00789099 -0.0155686 -0.0228611 -0.0294807 -0.035011 -0.0392893 -0.0421433 -0.0435811 -0.0436493 -0.0424451 -0.0402001 -0.0370957 -0.0334735 -0.0295103 -0.0255118 -0.021588 -0.0179509 -0.0146514 -0.0117888 -0.00935892 -0.00735065 -0.00573365 -0.0044333 -0.00343637 -0.00264784 -0.00208436 -0.00164426 -0.00136505 -0.00114334 -0.00103015 -0.000927428 -0.000896138 -0.000848113 -0.000849982 -0.000823341 -0.000835903 -0.000816753 -0.000831801 -0.000815269 -0.000830535 -0.000814982 -0.000830183 -0.000814863 -0.000830194 -0.000814434 -0.000829854 -0.000812382 -0.00082644 -0.000803589 -0.000810259 -0.000771174 -0.000752658 -0.000669852 -0.000584973 -0.000402284 -0.000175862 0.000197935 0.000676092 0.00136375 0.00223492 0.00339192 0.00483634 0.00665879 0.00888341 0.0115522 0.0146739 0.0181902 0.0220615 0.0261151 0.0302579 0.0342119 0.0378148 0.0407165 0.0427267 0.0435596 0.0430967 0.0412158 0.0378742 0.0331461 0.027136 0.0201926 0.0125791 0.00473402 -0.00307566 -0.0104574 -0.0170981 -0.0227397 -0.0271898 -0.030479 -0.0325277 -0.0334651 -0.0333459 -0.0324068 -0.0308591 -0.0288235 -0.0265335 -0.0240761 -0.0216813 -0.0193751 -0.0172111 -0.0152862 -0.0135581 -0.012102 -0.0108148 -0.00973174 -0.00885339 -0.00807632 -0.00746231 -0.00692091 -0.00647788 -0.00611803 -0.0057675 -0.00551291 -0.00526509 -0.00504237 -0.00487734 -0.0046869 -0.00455048 -0.00442153 -0.004283 -0.00419524 -0.00407445 -0.00397922 -0.00392473 -0.00382456 -0.003747 -0.00369238 -0.0036398 -0.00360329 -0.00352545 -0.00347256 -0.0034736 -0.00341787 -0.00336578 -0.00337314 -0.00333984 -0.00329573 -0.00330406 -0.00329109 -0.0032565 -0.00326598 
0 8.11295e-05 0.000130839 0.00021987 0.000306488 0.000367714 0.000454638 0.000527334 0.000593015 0.000681989 0.000763866 0.000866708 0.000966095 0.00102793 0.00112155 0.00123621 0.001341 0.00144609 0.00155085 0.00169433 0.00182889 0.00194395 0.00211125 0.00226151 0.00241592 0.00262345 0.00281832 0.00304601 0.0033036 0.00358706 0.00392371 0.0042759 0.00471903 0.00523532 0.00581864 0.00655139 0.00740256 0.00843548 0.00965441 0.0110783 0.0127669 0.0146668 0.0168263 0.0191835 0.0216949 0.0243067 0.0268545 0.0292438 0.0312518 0.0327344 0.0334766 0.0332523 0.0319324 0.0293614 0.0255463 0.0204362 0.0141509 0.00688482 -0.00107403 -0.00935693 -0.0176625 -0.0255658 -0.0327351 -0.0387731 -0.0434634 -0.0466595 -0.0483327 -0.0485429 -0.0473662 -0.0450288 -0.0417315 -0.0378167 -0.0335166 -0.0291255 -0.0248064 -0.0207446 -0.0170405 -0.0137749 -0.0109885 -0.00865852 -0.0067771 -0.00525801 -0.00408603 -0.00316195 -0.00248668 -0.00196777 -0.00161892 -0.00135709 -0.00120269 -0.00108522 -0.00103012 -0.000981688 -0.000968563 -0.000948158 -0.000949337 -0.000938927 -0.000943804 -0.000936772 -0.000942213 -0.000936335 -0.000941783 -0.000936143 -0.000941674 -0.000935475 -0.000940835 -0.000932389 -0.000935454 -0.00091974 -0.000912514 -0.000875213 -0.000835343 -0.000742085 -0.000620414 -0.000404654 -0.000115428 0.000326663 0.000906256 0.00171378 0.00274417 0.0040981 0.00578708 0.0079091 0.0104758 0.0135369 0.0170631 0.0210091 0.025288 0.0297532 0.0342601 0.0385485 0.042396 0.0454562 0.047504 0.0482644 0.0476266 0.0454662 0.0417689 0.036588 0.0300775 0.022562 0.0143528 0.00587249 -0.00257778 -0.0105969 -0.0178759 -0.0241268 -0.0291706 -0.032971 -0.0354714 -0.0367757 -0.0369479 -0.0362045 -0.0347261 -0.0326904 -0.0303164 -0.0277226 -0.025113 -0.022553 -0.0201492 -0.0179589 -0.015972 -0.0142581 -0.0127582 -0.0114885 -0.0104082 -0.0094843 -0.00874393 -0.00808761 -0.00754284 -0.00709511 -0.0067007 -0.006377 -0.00607476 -0.00583769 -0.00562595 -0.00540588 -0.00525056 -0.00508745 -0.00492518 -0.00481108 -0.00469222 -0.00458124 -0.00447645 -0.00439836 -0.0043423 -0.00424233 -0.00416208 -0.00411459 -0.00405164 -0.00401333 -0.0039648 -0.00390807 -0.00389325 -0.00385447 -0.00381705 -0.00381735 -0.00377543 -0.00374546 -0.00376176 -0.00373944 
0 0.000105606 0.000149975 0.000250323 0.000350751 0.000399726 0.000504703 0.000612353 0.000681989 0.000786737 0.000873853 0.000954497 0.00108136 0.0011761 0.00127734 0.00142133 0.00152293 0.00163546 0.00178402 0.00191351 0.00206088 0.00221659 0.00238981 0.00258962 0.00276567 0.00299244 0.00324679 0.00347352 0.00378266 0.00412744 0.00448865 0.00494024 0.00545684 0.00608191 0.00679443 0.00763846 0.00869347 0.00988368 0.0112986 0.0129681 0.0148779 0.0170536 0.0194223 0.0220315 0.0247629 0.0274989 0.030155 0.0325269 0.0344975 0.0357923 0.0362529 0.0356979 0.0339443 0.0309394 0.0265703 0.0209442 0.0141181 0.00633511 -0.00212149 -0.0109351 -0.0196921 -0.0280804 -0.0356413 -0.0421007 -0.0471382 -0.0506514 -0.0525767 -0.0529398 -0.0518683 -0.0494883 -0.0461145 -0.0419712 -0.0374365 -0.0327022 -0.028052 -0.0236002 -0.0195178 -0.0158716 -0.0127206 -0.0100821 -0.00790641 -0.00618107 -0.00479723 -0.00375385 -0.00293034 -0.00235091 -0.00189881 -0.00161495 -0.00139033 -0.00127512 -0.00117273 -0.00113933 -0.00109292 -0.00109216 -0.0010678 -0.00107742 -0.0010609 -0.00107293 -0.00105919 -0.00107156 -0.00105876 -0.00107126 -0.00105835 -0.00107095 -0.00105645 -0.00106779 -0.00104774 -0.0010519 -0.00101503 -0.000994155 -0.000912146 -0.000824513 -0.000639331 -0.000407455 -2.30233e-05 0.000470252 0.00118829 0.00210047 0.00333027 0.00487025 0.00684168 0.00925354 0.0121838 0.0156195 0.0195403 0.0238858 0.0285253 0.0333569 0.0381376 0.0426947 0.0466661 0.0498221 0.0518079 0.0524686 0.0516083 0.0491741 0.0451449 0.0395746 0.0326915 0.0247237 0.016096 0.00710425 -0.00181261 -0.0103419 -0.0181305 -0.0249066 -0.0305201 -0.0348042 -0.0378051 -0.0395047 -0.0400708 -0.0396158 -0.0383064 -0.0363875 -0.0340024 -0.0313868 -0.0286135 -0.0258609 -0.0232511 -0.0207974 -0.018581 -0.0165746 -0.0148579 -0.0133781 -0.0120716 -0.0110039 -0.0100962 -0.00933822 -0.00868744 -0.00813225 -0.00770261 -0.00728467 -0.00693029 -0.00665786 -0.00637683 -0.00614408 -0.00594534 -0.00576244 -0.00560509 -0.00544065 -0.00532342 -0.00520946 -0.00506348 -0.00497772 -0.00488946 -0.00478147 -0.00472767 -0.00465477 -0.00458098 -0.00454491 -0.00446907 -0.00442176 -0.00441373 -0.00433952 -0.0042987 -0.00431437 -0.00426634 -0.00424294 -0.00426672 -0.00421921 
0 8.59168e-05 0.000193319 0.000284021 0.00037143 0.000472174 0.000569136 0.000668615 0.000763866 0.000873853 0.00100094 0.00108384 0.0011826 0.0013401 0.00145326 0.00155943 0.00170999 0.0018468 0.00200418 0.00216477 0.00231087 0.00250692 0.00270134 0.00289614 0.00313003 0.00337398 0.00365639 0.0039541 0.0042929 0.00470599 0.00513509 0.00565409 0.00628125 0.00699382 0.00784407 0.00884897 0.0100682 0.0114756 0.0130995 0.0150191 0.0171816 0.0195839 0.0221892 0.0249825 0.0278689 0.0306744 0.0333159 0.0356162 0.0374025 0.0384333 0.0385249 0.0375574 0.035361 0.0318658 0.0270067 0.0208882 0.0136354 0.00545192 -0.00338098 -0.0125531 -0.0216531 -0.0303408 -0.03821 -0.044966 -0.0503212 -0.0541235 -0.056304 -0.0568677 -0.0559275 -0.0536169 -0.0502152 -0.045975 -0.0412452 -0.0362669 -0.0313067 -0.0265218 -0.0220756 -0.018065 -0.0145596 -0.011592 -0.00913245 -0.00715852 -0.00558098 -0.00436879 -0.00342422 -0.00273439 -0.00221128 -0.0018581 -0.00159703 -0.00144152 -0.00132524 -0.00126995 -0.00122196 -0.00120911 -0.00118838 -0.00119031 -0.00117898 -0.00118505 -0.00117666 -0.00118364 -0.00117606 -0.00118317 -0.00117538 -0.00118206 -0.0011724 -0.00117635 -0.00115984 -0.00115289 -0.00111523 -0.00107475 -0.000981312 -0.000857505 -0.0006406 -0.000345651 0.000102253 0.000696919 0.00152424 0.00259203 0.00399843 0.00577067 0.00800786 0.0107373 0.0140129 0.0178155 0.0221064 0.0268021 0.0317714 0.0368754 0.0418829 0.0465723 0.0506075 0.0537252 0.0556118 0.0560964 0.0550078 0.0522987 0.0479649 0.0421061 0.0349349 0.0267027 0.0177739 0.00847121 -0.000784514 -0.00966678 -0.0178419 -0.0250777 -0.0311792 -0.035984 -0.0394728 -0.0416571 -0.0426758 -0.0426002 -0.0415915 -0.0398532 -0.0375883 -0.0349891 -0.0321476 -0.029263 -0.0264539 -0.0237998 -0.0213349 -0.0190855 -0.0171354 -0.0154189 -0.0139254 -0.0126545 -0.0115819 -0.0106885 -0.00989838 -0.00925356 -0.00871771 -0.0082328 -0.00783547 -0.00748531 -0.00718725 -0.00691878 -0.00666865 -0.00647781 -0.00628047 -0.00609782 -0.00595347 -0.00580322 -0.00569156 -0.00557394 -0.0054389 -0.00536817 -0.00529529 -0.00519436 -0.0051186 -0.00505474 -0.00500672 -0.00495051 -0.00488747 -0.00486973 -0.00483429 -0.00477491 -0.00477303 -0.00475731 -0.00470953 -0.00472277 
0 8.96656e-05 0.000220615 0.000307099 0.000406791 0.000543666 0.000630525 0.000735721 0.000866708 0.000954497 0.00108384 0.00123514 0.0013425 0.0014733 0.00160398 0.00173777 0.00191404 0.00206098 0.00221755 0.00241108 0.00259305 0.00280429 0.00301316 0.00323474 0.00351368 0.00378055 0.00409288 0.00446101 0.00484473 0.00531341 0.00583419 0.00644132 0.0071756 0.00800603 0.00901399 0.0101991 0.0115895 0.0132234 0.0150814 0.0172369 0.0196382 0.0222523 0.0250697 0.0279989 0.0309639 0.0337757 0.0363206 0.0384542 0.0399474 0.0406203 0.0402729 0.0388259 0.0361465 0.0321429 0.0268292 0.0202799 0.0126935 0.00422526 -0.00485027 -0.0142249 -0.0235216 -0.0323577 -0.0404185 -0.0473693 -0.0529855 -0.0570454 -0.0594819 -0.060275 -0.0595139 -0.0573548 -0.054008 -0.0497736 -0.0449256 -0.0397844 -0.034564 -0.0294984 -0.0247174 -0.0203692 -0.0165196 -0.0132237 -0.0104753 -0.00823685 -0.00645758 -0.00505628 -0.0039868 -0.00316688 -0.00257329 -0.00213232 -0.00183849 -0.00162594 -0.00150199 -0.00141025 -0.0013688 -0.00133126 -0.00132331 -0.00130631 -0.00130966 -0.00129939 -0.00130592 -0.00129761 -0.00130487 -0.00129689 -0.00130398 -0.00129496 -0.00130008 -0.00128636 -0.00128327 -0.00125385 -0.00122454 -0.00115125 -0.00105384 -0.000878256 -0.000634583 -0.000258651 0.000250977 0.000967027 0.00190656 0.00315218 0.00474373 0.00676936 0.00928089 0.0123362 0.0159535 0.0201067 0.0247455 0.0297494 0.0350068 0.040312 0.0454761 0.0501963 0.054208 0.0571912 0.0589151 0.0591721 0.0578349 0.0548562 0.0502513 0.044179 0.0368155 0.0284552 0.0193658 0.00991572 0.00046798 -0.00862767 -0.0170717 -0.024669 -0.0311829 -0.0364832 -0.0404657 -0.0431775 -0.0446958 -0.0450791 -0.0444752 -0.0430291 -0.0409856 -0.0384863 -0.0356764 -0.0327369 -0.0297834 -0.0269552 -0.0242681 -0.0217987 -0.0195976 -0.0176329 -0.0159377 -0.0144552 -0.0131962 -0.0121382 -0.0112166 -0.0104611 -0.00980282 -0.00924829 -0.00879159 -0.00836336 -0.00802224 -0.00772003 -0.00743119 -0.00719608 -0.0069687 -0.00678267 -0.0066091 -0.00642533 -0.00630282 -0.00617717 -0.00605176 -0.00595724 -0.00582831 -0.00574131 -0.00569148 -0.00559159 -0.00552711 -0.00548278 -0.00540648 -0.0053791 -0.00535332 -0.00528986 -0.00526956 -0.00524979 -0.00521036 -0.00522129 
0 0.000106937 0.000236631 0.000342334 0.000452748 0.00058947 0.000694643 0.000808393 0.000966095 0.00108136 0.0011826 0.0013425 0.00148464 0.00161222 0.00178991 0.00194936 0.00209722 0.00228806 0.00246151 0.00264841 0.00288343 0.00309583 0.00333383 0.00362317 0.00390881 0.00422466 0.00458093 0.00498825 0.00545079 0.00595848 0.00658812 0.00731649 0.008141 0.00914836 0.0103213 0.0116956 0.0132935 0.0151341 0.0172609 0.0196211 0.0222356 0.0250598 0.0280181 0.0310501 0.0339946 0.0367446 0.0391196 0.0409598 0.0420891 0.0422932 0.0414695 0.0394839 0.0362824 0.0317943 0.0260457 0.019173 0.0113167 0.0026951 -0.00649866 -0.0159294 -0.0252623 -0.0341393 -0.0422523 -0.0493393 -0.0551253 -0.0594325 -0.0621077 -0.0631613 -0.0626331 -0.0606837 -0.0574968 -0.0533329 -0.0484798 -0.043219 -0.0378267 -0.0325019 -0.027445 -0.0227682 -0.0186008 -0.0149746 -0.0119318 -0.00942307 -0.00741724 -0.00582786 -0.00460149 -0.00366237 -0.00296394 -0.00245328 -0.00209172 -0.00184478 -0.00167925 -0.0015766 -0.0015098 -0.00147458 -0.00144959 -0.00144099 -0.00143079 -0.00143122 -0.00142544 -0.00142856 -0.00142389 -0.00142748 -0.00142257 -0.00142475 -0.00141704 -0.00141287 -0.00139419 -0.0013694 -0.00131737 -0.00123726 -0.00110235 -0.000898586 -0.000592735 -0.000155571 0.000451758 0.00127574 0.0023628 0.00378227 0.00559027 0.00787342 0.0106754 0.0140589 0.018004 0.0224998 0.0274387 0.0327314 0.0381973 0.0436654 0.0488749 0.0535635 0.0574343 0.0602197 0.0617013 0.0616891 0.0600895 0.0568373 0.0520264 0.0457825 0.0383503 0.0299492 0.0208617 0.0114034 0.00191546 -0.00725308 -0.0158728 -0.0236994 -0.0305715 -0.0362924 -0.0407848 -0.0440424 -0.0460896 -0.0470147 -0.0468778 -0.0458653 -0.0441205 -0.0418251 -0.0391493 -0.0362241 -0.0332255 -0.0302331 -0.0273771 -0.0247077 -0.0222435 -0.0200497 -0.0181055 -0.0164264 -0.0149616 -0.0137031 -0.0126697 -0.0117622 -0.0109896 -0.0103491 -0.00979397 -0.00931558 -0.0088842 -0.0085355 -0.0082309 -0.00792695 -0.00769538 -0.00748684 -0.00727249 -0.00710739 -0.00693951 -0.00677464 -0.00665547 -0.00653042 -0.00640998 -0.00632553 -0.00623716 -0.00614294 -0.00607273 -0.00602094 -0.00595789 -0.00588261 -0.00584128 -0.00582271 -0.00578177 -0.00575991 -0.00575769 -0.00571636 
0 0.000132542 0.000246727 0.000379884 0.000513012 0.000625725 0.000764088 0.000908191 0.00102793 0.0011761 0.0013401 0.0014733 0.00161222 0.00178499 0.00196772 0.00212834 0.00229753 0.00251677 0.00272555 0.00292896 0.00317704 0.00342016 0.00368729 0.00400183 0.00432043 0.00468399 0.00510027 0.00557357 0.00610691 0.0067027 0.0074401 0.00827877 0.00923439 0.0104047 0.0117622 0.0133389 0.0151508 0.017238 0.0196114 0.0221843 0.0249971 0.027983 0.0310433 0.0340766 0.03693 0.0395176 0.0416151 0.0430714 0.0437252 0.0434147 0.0420554 0.0395104 0.0357838 0.0308335 0.0247342 0.0176068 0.00959241 0.000911987 -0.0082658 -0.0176157 -0.0268621 -0.0356592 -0.0437479 -0.0508785 -0.0567904 -0.0612989 -0.0642183 -0.0655522 -0.0653025 -0.0636301 -0.060669 -0.056667 -0.0518742 -0.0465773 -0.041058 -0.035533 -0.030226 -0.0252556 -0.02078 -0.0168322 -0.0134898 -0.0106984 -0.00845526 -0.00665733 -0.00526771 -0.00418912 -0.00338574 -0.00278681 -0.00236179 -0.00206359 -0.00186376 -0.00173536 -0.0016527 -0.00160689 -0.00157556 -0.0015638 -0.0015511 -0.00155136 -0.0015442 -0.00154808 -0.00154216 -0.00154649 -0.00154 -0.00154204 -0.00153163 -0.00152471 -0.00149992 -0.00146585 -0.0013992 -0.00129611 -0.00112966 -0.000879181 -0.000514372 4.50107e-06 0.000709953 0.00166409 0.00290448 0.00452086 0.00655548 0.00911286 0.0122107 0.0159187 0.0201807 0.0249866 0.0301966 0.0357186 0.0413443 0.0468872 0.0520708 0.0566244 0.0602782 0.0627793 0.06396 0.063635 0.0617534 0.0582549 0.0532752 0.0469478 0.0395201 0.0312005 0.0222343 0.0129218 0.00353941 -0.00558189 -0.0142539 -0.0222261 -0.0293514 -0.0354533 -0.0404297 -0.0442493 -0.0468652 -0.0483675 -0.0487922 -0.0482859 -0.0469515 -0.0449459 -0.0424827 -0.0396708 -0.0366808 -0.0336067 -0.0306111 -0.0277764 -0.0250955 -0.022666 -0.0204932 -0.0185917 -0.0169146 -0.0154485 -0.0142387 -0.0131799 -0.0122671 -0.0115108 -0.0108627 -0.0103126 -0.00981932 -0.00941148 -0.00906158 -0.00872466 -0.00845292 -0.00819935 -0.00795587 -0.00777172 -0.00759415 -0.00741298 -0.00726009 -0.00714058 -0.00703046 -0.00689684 -0.0067886 -0.0067175 -0.0066258 -0.00654384 -0.00649401 -0.00643727 -0.00638251 -0.00634247 -0.00630335 -0.00626986 -0.00624905 -0.00623737 
0 0.000149142 0.000265794 0.000410157 0.000562011 0.000683053 0.000837457 0.00100051 0.00112155 0.00127734 0.00145326 0.00160398 0.00178991 0.00196772 0.00211847 0.00232714 0.00254453 0.0027451 0.00297942 0.00321883 0.00348026 0.00377288 0.00406702 0.00440489 0.00478094 0.0051882 0.0056687 0.00620457 0.00681255 0.00753359 0.00836874 0.00934293 0.0104764 0.011812 0.0133827 0.0151652 0.0172082 0.0195422 0.0221153 0.0249019 0.0278655 0.0309605 0.0340594 0.0370052 0.0397155 0.0420287 0.0437666 0.0447507 0.0448487 0.0439857 0.0420253 0.0389237 0.0346628 0.0292982 0.0229167 0.0156044 0.00754505 -0.00111032 -0.0101245 -0.0192821 -0.0283071 -0.0369252 -0.0449053 -0.0519885 -0.0579804 -0.0626281 -0.0658074 -0.0674203 -0.0675113 -0.0661599 -0.0635033 -0.0597399 -0.0550841 -0.0498383 -0.0442442 -0.038594 -0.0330604 -0.0278533 -0.0230697 -0.0188344 -0.0151726 -0.0121092 -0.00960019 -0.00759138 -0.00601418 -0.00478893 -0.00386557 -0.00316827 -0.0026733 -0.00231105 -0.00207758 -0.00190885 -0.00181691 -0.00174498 -0.00171839 -0.00168732 -0.00168616 -0.00166961 -0.00167682 -0.00166459 -0.00167394 -0.00166226 -0.00167075 -0.00165638 -0.00165898 -0.00163369 -0.00161645 -0.00155819 -0.00148696 -0.00134679 -0.00115364 -0.000843694 -0.000418168 0.000193087 0.00100673 0.00209971 0.00351367 0.00533281 0.00762167 0.0104491 0.013866 0.0178731 0.022459 0.027526 0.0329936 0.0386762 0.0444216 0.0499548 0.055046 0.0593837 0.0627475 0.0649102 0.0657241 0.0650699 0.0628729 0.0591714 0.0540474 0.0477178 0.0403542 0.0322044 0.0234669 0.014407 0.00527327 -0.00370855 -0.0123029 -0.0203403 -0.0276136 -0.0340222 -0.0394391 -0.0437816 -0.0469961 -0.0490815 -0.0501358 -0.0501986 -0.0493707 -0.0477773 -0.045605 -0.0430225 -0.0401184 -0.0370572 -0.0339808 -0.0309941 -0.0281481 -0.0254821 -0.0230832 -0.0209423 -0.019036 -0.0173787 -0.0159497 -0.0147317 -0.0136828 -0.0127824 -0.0120321 -0.0113802 -0.0108197 -0.0103453 -0.00991698 -0.00955373 -0.00923508 -0.00894151 -0.00869496 -0.00845535 -0.00824702 -0.00809138 -0.00791425 -0.00774671 -0.0076192 -0.00749099 -0.0073873 -0.00729219 -0.00718391 -0.00710458 -0.0070409 -0.00698147 -0.00693121 -0.00687404 -0.00683227 -0.00680004 -0.00676731 -0.00676435 
0 0.000131999 0.000301749 0.000451267 0.000590815 0.000766196 0.000920598 0.00105193 0.00123621 0.00142133 0.00155943 0.00173777 0.00194936 0.00212834 0.00232714 0.00255846 0.0027726 0.00299312 0.00324854 0.00352342 0.00380764 0.00412362 0.00447924 0.00485193 0.00527296 0.00575909 0.00628613 0.00689522 0.00761467 0.00844308 0.00940749 0.0105365 0.0118624 0.0133997 0.0151678 0.0171902 0.0194735 0.0220191 0.0247904 0.0277433 0.0308272 0.0339564 0.0369966 0.0398012 0.0422577 0.0442122 0.0454873 0.045923 0.045431 0.0439503 0.0413898 0.0377219 0.0329763 0.0272588 0.0206551 0.0132618 0.00522839 -0.00327523 -0.0120364 -0.0208836 -0.0295926 -0.0379551 -0.0457384 -0.0527278 -0.0587189 -0.0634918 -0.0668995 -0.0688231 -0.0692785 -0.0682969 -0.0660043 -0.0625344 -0.058103 -0.0529601 -0.047379 -0.0416355 -0.0359432 -0.0305121 -0.0254644 -0.0209391 -0.0169743 -0.0136253 -0.0108441 -0.0086098 -0.00682787 -0.00544949 -0.00438546 -0.00359259 -0.00300511 -0.00258861 -0.00229778 -0.00210369 -0.00197866 -0.00189937 -0.00185409 -0.00182487 -0.00181213 -0.00180115 -0.00179969 -0.00179417 -0.0017957 -0.00179081 -0.00179105 -0.0017826 -0.00177466 -0.00175223 -0.00171837 -0.00165494 -0.00155414 -0.0013924 -0.00114697 -0.00078833 -0.000276884 0.000422309 0.00136829 0.00260438 0.00421386 0.00624876 0.00880526 0.0119166 0.0156448 0.0199541 0.0248271 0.0301437 0.0358049 0.0416177 0.0473939 0.0528652 0.0577672 0.0618316 0.0648308 0.0666041 0.0670094 0.0659861 0.0634835 0.0595801 0.0543814 0.0480866 0.0408757 0.0329577 0.0245453 0.0158417 0.00705426 -0.00165894 -0.0100925 -0.0180738 -0.0254283 -0.0320521 -0.0378434 -0.042676 -0.0464643 -0.0491771 -0.0508691 -0.0515669 -0.0513205 -0.0502356 -0.0484694 -0.0461775 -0.0434751 -0.0405088 -0.0374241 -0.0343429 -0.0313478 -0.0285073 -0.0258791 -0.0234923 -0.0213674 -0.0194923 -0.0178525 -0.016438 -0.0152321 -0.0141977 -0.0132965 -0.0125395 -0.0118965 -0.0113237 -0.0108378 -0.0104238 -0.0100524 -0.00972608 -0.0094508 -0.00919965 -0.00894835 -0.00874445 -0.00857627 -0.00838502 -0.00823069 -0.00812077 -0.00797809 -0.00785527 -0.00778986 -0.00770026 -0.0075931 -0.00752633 -0.0074678 -0.0074098 -0.00738579 -0.00736075 -0.00731852 -0.00729458 
0 0.000163982 0.000329451 0.000490516 0.000646253 0.000813958 0.000986686 0.00115712 0.001341 0.00152293 0.00170999 0.00191404 0.00209722 0.00229753 0.00254453 0.0027726 0.00300005 0.00326759 0.00355787 0.00385882 0.00415859 0.00451185 0.00491585 0.00531814 0.00580509 0.00636846 0.00696657 0.00768675 0.00852279 0.00947812 0.0105889 0.0118831 0.0134159 0.0151491 0.0171303 0.0194068 0.0219171 0.0246676 0.0276092 0.0306963 0.0338446 0.036914 0.0398175 0.0423861 0.0444909 0.0459849 0.0467015 0.0465459 0.0454191 0.0433021 0.0401419 0.0359413 0.0307869 0.0247777 0.0180388 0.0106408 0.00273286 -0.00552041 -0.0139456 -0.0223908 -0.0307229 -0.038749 -0.0462854 -0.0531162 -0.0590614 -0.0639263 -0.0675435 -0.0697955 -0.0706263 -0.070063 -0.0681634 -0.065055 -0.0608996 -0.0559364 -0.0504274 -0.0446492 -0.038846 -0.0332224 -0.0279455 -0.0231368 -0.0188889 -0.0152381 -0.0121913 -0.00970307 -0.00771854 -0.00615843 -0.0049573 -0.00404509 -0.00337011 -0.00288056 -0.00253758 -0.00230391 -0.00215083 -0.00205414 -0.00199499 -0.00196083 -0.00194085 -0.00193071 -0.00192437 -0.00192178 -0.00191887 -0.00191701 -0.00191223 -0.00190505 -0.00188987 -0.00186363 -0.00181645 -0.00173794 -0.00161064 -0.00141315 -0.00111829 -0.000692009 -9.71935e-05 0.000714063 0.00179106 0.00319989 0.00500517 0.00728714 0.0101077 0.0135242 0.0175462 0.022157 0.0272823 0.0328215 0.0386255 0.0445124 0.050253 0.0555817 0.0602297 0.0639433 0.0665369 0.0678613 0.0678376 0.0664121 0.0636137 0.0595256 0.0542952 0.0480931 0.041089 0.0334835 0.0254572 0.0172024 0.00883849 0.000499932 -0.00767105 -0.0155058 -0.0228512 -0.0296235 -0.0356986 -0.0409697 -0.0453006 -0.0486452 -0.0509973 -0.0523486 -0.0527515 -0.0522512 -0.0509863 -0.0490701 -0.0466482 -0.0438813 -0.040867 -0.0377649 -0.0346757 -0.0317029 -0.0288947 -0.0262698 -0.0239256 -0.0218274 -0.0199563 -0.018329 -0.0169245 -0.0157335 -0.0146805 -0.0137912 -0.0130618 -0.0123935 -0.011833 -0.0113671 -0.0109329 -0.0105521 -0.0102228 -0.00994854 -0.00968683 -0.00942787 -0.00924042 -0.00907145 -0.00888767 -0.00873823 -0.00859958 -0.00847234 -0.00836658 -0.00825945 -0.00817722 -0.00811413 -0.00804206 -0.00798226 -0.00793325 -0.00788776 -0.00785919 -0.00784397 
0 0.000194477 0.000337628 0.000523355 0.000716921 0.000870781 0.00106434 0.0012727 0.00144609 0.00163546 0.0018468 0.00206098 0.00228806 0.00251677 0.0027451 0.00299312 0.00326759 0.00356204 0.00386627 0.00418439 0.00454639 0.00495378 0.005379 0.00585481 0.00641122 0.0070315 0.00773872 0.00856063 0.00952303 0.0106357 0.0119075 0.0134163 0.0151534 0.0171012 0.0193281 0.0218207 0.0245481 0.0274591 0.0305234 0.0336951 0.036804 0.0397542 0.042429 0.044678 0.0463544 0.0472873 0.0474084 0.0466062 0.0448294 0.0420657 0.0383103 0.0336442 0.0281291 0.0219171 0.0151015 0.00778753 0.000104209 -0.00781816 -0.0158121 -0.0238074 -0.0316793 -0.03932 -0.0465399 -0.0531628 -0.0590228 -0.0639386 -0.0677648 -0.0703301 -0.0715727 -0.0714393 -0.0699875 -0.0672801 -0.0634707 -0.0587544 -0.0533845 -0.0476405 -0.0417683 -0.0360068 -0.0305163 -0.0254623 -0.0209245 -0.0169908 -0.0136541 -0.0109153 -0.00869861 -0.00695418 -0.00559108 -0.00455589 -0.00377576 -0.00320867 -0.00280234 -0.00252367 -0.00233701 -0.00221703 -0.00214319 -0.00209801 -0.00207343 -0.00205788 -0.00205137 -0.00204539 -0.00204372 -0.0020387 -0.00203455 -0.00202283 -0.00200489 -0.00196949 -0.00191099 -0.00181247 -0.00165684 -0.00141926 -0.00106824 -0.000570989 0.000119817 0.00104559 0.00227346 0.00385696 0.00588415 0.00841091 0.0115196 0.0152252 0.0195508 0.0244278 0.0297957 0.0355057 0.0414197 0.0473137 0.0529602 0.058077 0.0624068 0.0657265 0.0678649 0.0687287 0.0682418 0.0664289 0.0633282 0.0590947 0.0538567 0.0477928 0.0410468 0.0337961 0.0262205 0.0184427 0.0105766 0.0026691 -0.00513934 -0.0127432 -0.0200028 -0.0268264 -0.0331108 -0.0387109 -0.0435389 -0.0474721 -0.0504757 -0.0524991 -0.0535686 -0.0537425 -0.0530525 -0.0516269 -0.0495861 -0.0471038 -0.044281 -0.0412237 -0.038116 -0.0350431 -0.032079 -0.0292652 -0.0266776 -0.0243637 -0.0222657 -0.0204146 -0.0188169 -0.0174282 -0.0162291 -0.0151923 -0.0143192 -0.0135671 -0.0129006 -0.0123436 -0.0118656 -0.0114353 -0.011055 -0.010723 -0.0104449 -0.0101949 -0.00994758 -0.00973301 -0.00955452 -0.00938226 -0.00923812 -0.00911176 -0.00896273 -0.00885548 -0.00879325 -0.00869038 -0.00860964 -0.00857337 -0.00849361 -0.00844103 -0.00844155 -0.00839968 
