0 0 0 0 0 0 0 0 0 0 0 0 0 0 0 0 0 0 0 0 0 0 0 0 0 0 0 0 0 0 0 0 0 0 0 0 0 0 0 0 0 0 0 0 0 0 0 0 0 0 0 0 0 0 0 0 0 0 0 0 0 0 0 0 0 0 0 0 0 0 0 0 0 0 0 0 0 0 0 0 0 0 0 0 0 0 0 0 0 0 0 0 0 0 0 0 0 0 0 0 0 0 0 0 0 0 0 0 0 0 0 0 0 0 0 0 0 0 0 0 0 0 0 0 0 0 0 0 0 0 0 0 0 0 0 0 0 0 0 0 0 0 0 0 0 0 0 0 0 0 0 0 0 0 0 0 0 0 0 0 0 0 0 0 0 0 0 0 0 0 0 0 0 0 0 0 0 0 0 0 0 0 0 0 0 0 0 0 0 0 0 0 0 0 0 0 0 0 0 0 
0 1.00999e-05 -3.56405e-06 1.30857e-05 1.21697e-05 -9.99662e-07 1.26511e-05 9.02137e-06 9.66995e-06 2.29098e-05 2.33115e-05 2.52526e-05 2.1234e-05 2.12594e-05 2.27818e-05 1.93683e-05 3.53206e-05 4.0064e-05 3.06345e-05 3.86952e-05 4.26036e-05 3.77852e-05 4.50961e-05 5.72387e-05 4.65304e-05 3.18994e-05 5.31588e-05 7.05497e-05 5.60236e-05 5.72814e-05 7.0124e-05 7.01846e-05 7.88571e-05 7.64483e-05 7.20337e-05 8.47477e-05 8.52564e-05 8.52785e-05 8.78304e-05 9.99273e-05 0.000101109 9.99754e-05 0.000121008 0.00011543 0.000121992 0.000132839 0.000137394 0.000140231 0.000141959 0.000163153 0.000152934 0.000164914 0.000176962 0.000183927 0.000189216 0.000197074 0.000224523 0.000218427 0.000238951 0.000252316 0.000276429 0.000280491 0.000299078 0.000331631 0.000344122 0.000368889 0.000387043 0.000438601 0.000457002 0.000500657 0.000542366 0.000617616 0.000680308 0.000762433 0.000875545 0.00102081 0.00119809 0.00139238 0.00165657 0.00195795 0.00232417 0.00269117 0.00311146 0.00352286 0.00394675 0.00428201 0.00454883 0.00468021 0.00471039 0.00457558 0.00431165 0.00390159 0.00342561 0.00289642 0.00237399 0.00185094 0.00137215 0.000939497 0.000589829 0.000296296 4.23148e-05 -0.000240439 -0.000576543 -0.00100238 -0.0014897 -0.00203681 -0.00259997 -0.00318483 -0.00373718 -0.00424218 -0.00461657 -0.00486214 -0.00493562 -0.00489285 -0.00470098 -0.00442014 -0.00402659 -0.00361999 -0.0031874 -0.0027999 -0.00240477 -0.00206832 -0.00176287 -0.00153563 -0.00132782 -0.00115858 -0.00101645 -0.000916705 -0.00083845 -0.000754691 -0.00069798 -0.000646184 -0.00062309 -0.00056776 -0.000543758 -0.000512757 -0.000503427 -0.000466737 -0.000448073 -0.000439727 -0.000421843 -0.00040576 -0.0003846 -0.000392316 -0.000366035 -0.00035868 -0.00034803 -0.000346531 -0.000329241 -0.000315946 -0.000322886 -0.000301573 -0.000297132 -0.000288812 -0.000289298 -0.000273829 -0.000269308 -0.000276363 -0.000257983 -0.000261062 -0.000260363 -0.000255152 -0.000247343 -0.000247734 -0.000249998 -0.000234077 -0.000234806 -0.000229693 -0.000225431 -0.000233549 -0.000217148 -0.000206098 -0.000225468 -0.000232286 -0.000211434 -0.000203839 -0.000217038 -0.000215725 -0.0002049 -0.000208209 -0.000202941 -0.000191863 -0.000199389 -0.000204128 -0.000204884 -0.000201441 -0.000196323 -0.000200415 -0.000187828 -0.000191134 -0.000203622 -0.000183595 -0.000194727 -0.000201182 -0.000177684 -0.000199255 -0.000196688 -0.000177595 -0.000201301 -0.000188024 
0 -3.56405e-06 8.00682e-06 8.43159e-06 7.26692e-06 2.5959e-05 2.85257e-05 2.51678e-05 3.56556e-05 2.91966e-05 2.54797e-05 3.63124e-05 4.73118e-05 5.24287e-05 5.65639e-05 7.22121e-05 5.38816e-05 5.0674e-05 8.46595e-05 6.28117e-05 7.44349e-05 9.97253e-05 6.93615e-05 8.97325e-05 0.000104937 0.000114179 0.000122798 9.35949e-05 0.000118442 0.000133637 0.00013002 0.000128324 0.000130419 0.000164198 0.000147726 0.000165313 0.000184099 0.000170605 0.000199122 0.000197698 0.000207438 0.000208192 0.000225284 0.000236903 0.000224825 0.000263352 0.000261321 0.000272971 0.000289463 0.000311431 0.000324105 0.000325769 0.000370514 0.000371804 0.000390645 0.000409827 0.000444143 0.00045594 0.000468886 0.000517084 0.000536497 0.000565843 0.000589078 0.00065262 0.000682988 0.000722909 0.000779226 0.00085487 0.000923078 0.000987176 0.00110019 0.00122524 0.00137605 0.00153179 0.00177109 0.00205819 0.00241378 0.00281672 0.00333437 0.00395228 0.00465942 0.00541653 0.00622592 0.00706713 0.00787142 0.00855987 0.00905521 0.00933942 0.00936363 0.00911652 0.00856474 0.00777728 0.0068115 0.00578291 0.00472335 0.00370395 0.0027355 0.00189485 0.00117981 0.000605915 7.41451e-05 -0.000479531 -0.00116828 -0.001996 -0.00297928 -0.00404545 -0.00518317 -0.00632238 -0.00743713 -0.00841196 -0.00917881 -0.00964486 -0.00982471 -0.00971735 -0.00936995 -0.00878941 -0.00804667 -0.00721661 -0.00638675 -0.00558776 -0.00482714 -0.00413796 -0.00354586 -0.0030741 -0.00266464 -0.00232616 -0.00203922 -0.00184604 -0.00167174 -0.00152864 -0.00139319 -0.00131555 -0.00123886 -0.00116043 -0.00108996 -0.00104504 -0.00101076 -0.000945456 -0.000911341 -0.000876514 -0.000857587 -0.000801395 -0.000783266 -0.000764746 -0.000735054 -0.000705701 -0.000686589 -0.000686298 -0.000642477 -0.000640382 -0.000626702 -0.000615819 -0.000592256 -0.000586885 -0.000589181 -0.000551354 -0.000560767 -0.000544519 -0.000533051 -0.000517655 -0.000512335 -0.000509744 -0.000479313 -0.000498904 -0.000474819 -0.000466072 -0.000482117 -0.000465387 -0.000459024 -0.000443013 -0.000466024 -0.00045481 -0.000425883 -0.000430075 -0.000417272 -0.000442383 -0.000422253 -0.000395781 -0.000427955 -0.000408147 -0.000407016 -0.000425479 -0.00040643 -0.000394977 -0.000390797 -0.000396835 -0.000389185 -0.00039022 -0.000405503 -0.000383583 -0.000385558 -0.000396617 -0.000375609 -0.000385631 -0.000391073 -0.000373374 -0.000382892 -0.000386781 -0.000373643 -0.000381367 
0 1.30857e-05 8.43159e-06 2.09397e-05 2.34457e-05 2.12171e-05 3.29111e-05 3.41088e-05 4.25626e-05 5.50115e-05 5.92393e-05 6.6225e-05 6.65697e-05 6.92967e-05 7.47977e-05 8.05476e-05 9.39698e-05 0.000102252 0.000106725 0.00011028 0.000119344 0.000126945 0.000129682 0.000147146 0.000145453 0.000138367 0.000163577 0.000177307 0.000177504 0.000187099 0.000199458 0.000207715 0.000220286 0.000230026 0.000228583 0.000246891 0.000260168 0.000261084 0.000278073 0.000295761 0.000304858 0.000315987 0.00034326 0.00035273 0.00036287 0.00039151 0.000405544 0.000417276 0.000437809 0.000468142 0.000476911 0.000497752 0.000534476 0.000555365 0.00057694 0.000610351 0.000656677 0.00067753 0.000714998 0.000766985 0.000814934 0.000851696 0.000904542 0.00098061 0.00103734 0.00110169 0.00118305 0.00129453 0.00139028 0.00150616 0.00165914 0.00185588 0.00207087 0.00232931 0.00267713 0.00311561 0.00364407 0.00426545 0.00504122 0.00596098 0.00701335 0.00813978 0.00934833 0.010578 0.0117606 0.0127551 0.0134889 0.0138858 0.0139173 0.013525 0.0127172 0.0115441 0.0101332 0.00859821 0.00703896 0.00551554 0.00409584 0.00283864 0.00178316 0.000900869 9.92461e-05 -0.000755762 -0.0017756 -0.00301485 -0.00445521 -0.00604525 -0.00771888 -0.00941766 -0.0110488 -0.012497 -0.0136197 -0.0143348 -0.014607 -0.014476 -0.0139632 -0.0131317 -0.0120438 -0.0108394 -0.0096051 -0.00842107 -0.00728776 -0.00626675 -0.00538012 -0.00465758 -0.00404152 -0.00352509 -0.00310276 -0.00278626 -0.00252842 -0.00229895 -0.00211131 -0.00197017 -0.00185882 -0.00173556 -0.0016381 -0.00156157 -0.00150171 -0.00142004 -0.00135962 -0.00131687 -0.00127182 -0.00121593 -0.00117429 -0.00115263 -0.00110854 -0.00107145 -0.00104516 -0.00102655 -0.000986333 -0.000960827 -0.000948162 -0.000918511 -0.000892136 -0.000876445 -0.000864397 -0.000833572 -0.000822814 -0.00081511 -0.000792387 -0.000780515 -0.000775098 -0.00076197 -0.000742376 -0.000742349 -0.000730727 -0.000711103 -0.000706419 -0.000695233 -0.000685429 -0.000680468 -0.000668798 -0.000653261 -0.000661176 -0.000663936 -0.000639839 -0.000636731 -0.000638463 -0.00062975 -0.000625863 -0.000618869 -0.000609915 -0.00060223 -0.000603213 -0.000603912 -0.000602346 -0.00060031 -0.000591403 -0.000590754 -0.000584273 -0.000579948 -0.000587425 -0.000576244 -0.00057764 -0.000582394 -0.000568341 -0.000577922 -0.000575694 -0.000565962 -0.000580788 -0.00056858 
0 1.21697e-05 7.26692e-06 2.34457e-05 3.47155e-05 3.19755e-05 4.58436e-05 5.24559e-05 5.47876e-05 6.7951e-05 7.50198e-05 8.28862e-05 8.94173e-05 9.78434e-05 0.000108478 0.000108141 0.00012493 0.000136843 0.000131343 0.000152152 0.000160257 0.000159683 0.000180657 0.000189212 0.000197516 0.000200768 0.000213984 0.000238505 0.000234641 0.000247804 0.000263854 0.000273256 0.00029325 0.000296225 0.000315807 0.000330832 0.000343081 0.000362429 0.000371225 0.000397748 0.000407536 0.000427237 0.000451628 0.000464092 0.000491647 0.000509253 0.000539093 0.000557161 0.000586139 0.000619576 0.000639642 0.000677786 0.000708129 0.000748894 0.000777836 0.000824129 0.000871589 0.000910507 0.000964337 0.00101878 0.00108584 0.00113757 0.0012159 0.0012973 0.00138476 0.00147479 0.00158727 0.00172394 0.00186124 0.00203033 0.00223326 0.00249581 0.0027888 0.00315985 0.00362414 0.0042165 0.00492352 0.00577869 0.00681146 0.00803247 0.00941326 0.0109084 0.012492 0.0140898 0.0156048 0.016881 0.0178187 0.0183139 0.018325 0.0177856 0.0167224 0.0151926 0.0133575 0.0113457 0.00930227 0.00730121 0.00544775 0.00379526 0.00239935 0.00120268 0.000109813 -0.00105541 -0.00240953 -0.00404014 -0.00591722 -0.00800018 -0.0101889 -0.0124132 -0.0145334 -0.0164176 -0.0178844 -0.0188418 -0.0192281 -0.0190854 -0.0184392 -0.0173801 -0.0159951 -0.014443 -0.0128355 -0.0112712 -0.00978635 -0.00843852 -0.00726598 -0.00627968 -0.00545426 -0.00475822 -0.00419931 -0.00375185 -0.00339994 -0.00309109 -0.00284763 -0.00264536 -0.00248687 -0.00233133 -0.00220296 -0.00209647 -0.00200204 -0.00191082 -0.00182407 -0.00176361 -0.00169256 -0.00163348 -0.0015716 -0.00153062 -0.00147834 -0.00143065 -0.00139502 -0.0013547 -0.00132193 -0.00128044 -0.00126043 -0.00122433 -0.00119726 -0.00117429 -0.00114754 -0.00112819 -0.0010993 -0.00108878 -0.00106133 -0.00104486 -0.00103137 -0.00100849 -0.000998688 -0.00097707 -0.000970901 -0.000953707 -0.000937807 -0.000931374 -0.000914685 -0.000914773 -0.000893688 -0.000880058 -0.000884133 -0.000871293 -0.00086164 -0.000845166 -0.000846398 -0.000845148 -0.00082359 -0.000828395 -0.00082194 -0.000807271 -0.000810368 -0.000804611 -0.000800069 -0.000792713 -0.00078922 -0.000789829 -0.000776745 -0.000781408 -0.000782085 -0.000766511 -0.000776148 -0.000772269 -0.000759399 -0.000774086 -0.000764934 -0.000754133 -0.000770882 -0.000760324 
0 -9.99662e-07 2.5959e-05 2.12171e-05 3.19755e-05 5.4254e-05 5.30355e-05 6.93922e-05 7.78579e-05 7.86619e-05 8.8691e-05 9.47425e-05 0.00011606 0.000125178 0.000134115 0.000156721 0.000146958 0.000153964 0.000181724 0.000182991 0.000194222 0.000214749 0.000220528 0.000220611 0.000245381 0.000281977 0.000274095 0.000268848 0.000301955 0.000319567 0.000327408 0.000341027 0.00035214 0.000378151 0.000399841 0.000410187 0.00043159 0.000454107 0.000476305 0.000489928 0.000515296 0.000541953 0.00055348 0.000588317 0.000611596 0.000637739 0.000668089 0.000700807 0.000739008 0.00076266 0.000814246 0.000847643 0.000890412 0.000935406 0.000984023 0.00103932 0.00108146 0.0011544 0.00120764 0.00128324 0.00134941 0.00143845 0.00152743 0.00162108 0.00173862 0.00185462 0.00200685 0.00215328 0.00235381 0.00256196 0.002837 0.00314682 0.00354374 0.0040222 0.00462123 0.00536317 0.00626094 0.00735917 0.00864726 0.0101691 0.0118559 0.0137182 0.0156378 0.0175839 0.0193687 0.0209043 0.0219916 0.0225762 0.0225246 0.0218496 0.0205231 0.0186835 0.0164406 0.0140024 0.0114874 0.00905425 0.00677856 0.00476596 0.00301878 0.00151117 9.23433e-05 -0.00138299 -0.00308598 -0.00507483 -0.00737481 -0.00990119 -0.0125866 -0.0152816 -0.0178673 -0.0201316 -0.0219386 -0.0231174 -0.0236536 -0.0235052 -0.022779 -0.0215147 -0.0199002 -0.0180267 -0.0160956 -0.0141569 -0.0123506 -0.0106786 -0.00923052 -0.00796988 -0.00692651 -0.00605025 -0.0053405 -0.00476317 -0.00429128 -0.00391715 -0.00359543 -0.00334625 -0.00311458 -0.00294383 -0.00277101 -0.0026402 -0.0025044 -0.00240228 -0.00229951 -0.002204 -0.00212446 -0.00204378 -0.001983 -0.00190232 -0.00185524 -0.00179354 -0.00174525 -0.00169179 -0.00165104 -0.00161515 -0.00156382 -0.00153932 -0.00150097 -0.00147201 -0.00143619 -0.00141361 -0.00138777 -0.00135099 -0.00133797 -0.00130868 -0.00128329 -0.0012642 -0.00124728 -0.00122617 -0.00120171 -0.00119604 -0.00118087 -0.00116441 -0.00115 -0.00112771 -0.00113033 -0.00112765 -0.00108831 -0.00107048 -0.00108315 -0.00107747 -0.00105051 -0.00103935 -0.00104518 -0.00102942 -0.00102443 -0.00103344 -0.0010114 -0.000999006 -0.000996117 -0.000989012 -0.000990016 -0.000980832 -0.000986177 -0.000978807 -0.000960887 -0.000979024 -0.000964002 -0.000952914 -0.00097507 -0.0009491 -0.000952025 -0.000969586 -0.000938633 -0.000956628 
0 1.26511e-05 2.85257e-05 3.29111e-05 4.58436e-05 5.30355e-05 5.77385e-05 7.80099e-05 8.63416e-05 0.000100546 0.000123895 0.000128367 0.000132037 0.000145015 0.000153387 0.000159529 0.000190357 0.00020908 0.000203137 0.000231992 0.000239311 0.000240063 0.000279047 0.000282415 0.000291159 0.000301479 0.000311628 0.000359089 0.000366045 0.00037055 0.000395228 0.000423676 0.000443825 0.000443349 0.000482143 0.000492444 0.000508332 0.000549041 0.000555989 0.000589095 0.000617254 0.000652109 0.00067258 0.000706063 0.000754893 0.000765032 0.000813766 0.000850997 0.000887916 0.000921258 0.000971084 0.0010272 0.00105446 0.00112412 0.00118034 0.00124427 0.00129864 0.00138367 0.00146761 0.00153612 0.00163626 0.00173781 0.0018574 0.00195724 0.00210593 0.00225895 0.00243202 0.0026167 0.00285175 0.00313413 0.00345047 0.00384381 0.00432396 0.00493922 0.00566411 0.00657254 0.00766694 0.00900931 0.0105633 0.0123617 0.0143619 0.0165435 0.0187955 0.0210145 0.0230527 0.0247647 0.0259932 0.0265976 0.0264947 0.0256451 0.024103 0.0219544 0.0193741 0.0165216 0.0136014 0.0107458 0.00810445 0.00572711 0.00365663 0.00180211 6.0827e-05 -0.0017634 -0.00379166 -0.00614496 -0.00881106 -0.0117666 -0.0148783 -0.0180242 -0.0209982 -0.0236304 -0.0257192 -0.0271463 -0.0278141 -0.0277252 -0.0269264 -0.0255423 -0.0237189 -0.021609 -0.0193649 -0.0171119 -0.0149797 -0.0130181 -0.0112825 -0.00975517 -0.00848089 -0.00741207 -0.00655035 -0.00581646 -0.00523562 -0.00475856 -0.00438218 -0.00404682 -0.00376957 -0.00354695 -0.00335277 -0.00317713 -0.00300926 -0.00289307 -0.00276566 -0.00265623 -0.00254307 -0.00247199 -0.00238313 -0.0022965 -0.00223155 -0.00216978 -0.00210973 -0.0020334 -0.00200199 -0.00194179 -0.00189003 -0.00184365 -0.00180949 -0.0017657 -0.00171329 -0.00170184 -0.00165388 -0.00162407 -0.00159878 -0.00157668 -0.00154725 -0.00151701 -0.00151413 -0.00147087 -0.00146048 -0.00144443 -0.0014058 -0.00139573 -0.00138258 -0.00136949 -0.00132944 -0.00132532 -0.00133171 -0.00130802 -0.00130153 -0.00127079 -0.00127115 -0.00127796 -0.00124332 -0.00124185 -0.00123041 -0.00120699 -0.00121065 -0.00121398 -0.00120591 -0.00119347 -0.00119424 -0.00118032 -0.00116724 -0.00117844 -0.00116515 -0.00115844 -0.00116602 -0.00115262 -0.00115163 -0.00115363 -0.00114857 -0.00115025 -0.00114731 -0.00114543 
0 9.02137e-06 2.51678e-05 3.41088e-05 5.24559e-05 6.93922e-05 7.80099e-05 9.45008e-05 0.000103112 0.000111914 0.000129316 0.000141131 0.000156729 0.000178436 0.000192743 0.000200032 0.000217454 0.000230004 0.000236495 0.000265829 0.000278711 0.000287678 0.000316873 0.000323728 0.000348333 0.000374435 0.000378448 0.000404808 0.000419938 0.000436591 0.000462464 0.000483801 0.000505681 0.00052329 0.000564336 0.000581923 0.000602492 0.000647109 0.000661536 0.000692478 0.000727139 0.000758559 0.00078453 0.000821596 0.00087192 0.000891769 0.000943425 0.000995197 0.00103521 0.00108245 0.00114251 0.00120724 0.00124627 0.00132267 0.0013957 0.00146095 0.00153079 0.00162449 0.001723 0.00180001 0.00191482 0.00203906 0.00217136 0.00229533 0.00246537 0.00265833 0.00285639 0.00308404 0.00336683 0.00371567 0.00409764 0.00457323 0.00516394 0.00590975 0.00678848 0.00786604 0.0091786 0.0107603 0.0125848 0.0146505 0.0169479 0.0194203 0.0219582 0.0244065 0.0266355 0.0284775 0.0297845 0.0303798 0.0301895 0.029176 0.0274216 0.0250114 0.0221228 0.018918 0.0156245 0.0124019 0.00941246 0.00670304 0.00429705 0.00209779 1.3098e-06 -0.00217169 -0.00454008 -0.00722663 -0.0102399 -0.0135645 -0.0170632 -0.0205885 -0.0239098 -0.0268484 -0.0292011 -0.0308505 -0.0316737 -0.0316633 -0.0308517 -0.0293931 -0.027428 -0.0251296 -0.0226296 -0.020099 -0.0176695 -0.0154331 -0.0134148 -0.0116298 -0.0101121 -0.00885054 -0.00781356 -0.00693226 -0.00622097 -0.00564728 -0.00519332 -0.00478582 -0.00445174 -0.00418025 -0.00395668 -0.00373871 -0.003545 -0.00339852 -0.00325588 -0.00311794 -0.00298564 -0.00289745 -0.00279106 -0.00268912 -0.00260408 -0.00253671 -0.00245813 -0.00237553 -0.00233089 -0.00226733 -0.00220765 -0.00215374 -0.0021195 -0.00206679 -0.00201485 -0.0019928 -0.00194444 -0.00190607 -0.0018724 -0.00184539 -0.00180447 -0.00177238 -0.00175901 -0.00171412 -0.00169655 -0.00168036 -0.00165126 -0.00163226 -0.00161351 -0.00160137 -0.00157439 -0.0015637 -0.00154442 -0.00151711 -0.00151749 -0.00149378 -0.00148009 -0.0014751 -0.00145084 -0.00145 -0.00144582 -0.00143026 -0.0014217 -0.00141146 -0.00139886 -0.00138804 -0.00138867 -0.00138078 -0.00137114 -0.00137368 -0.0013627 -0.00135658 -0.00135759 -0.00134983 -0.00134968 -0.00134526 -0.00133859 -0.0013385 -0.00133592 -0.0013388 
0 9.66995e-06 3.56556e-05 4.25626e-05 5.47876e-05 7.78579e-05 8.63416e-05 0.000103112 0.000123162 0.000135854 0.00014844 0.000160631 0.000185051 0.00019669 0.000208151 0.000243171 0.000243688 0.000254274 0.000295191 0.000295402 0.000314653 0.000347063 0.000352782 0.000370951 0.000389772 0.000429404 0.000445692 0.00044305 0.000488876 0.000510273 0.000533251 0.000557864 0.000571487 0.000617978 0.000634884 0.000664591 0.000696086 0.000724174 0.000768031 0.000785164 0.000837863 0.000868407 0.000902785 0.000956018 0.000988739 0.0010427 0.00107901 0.00114525 0.00118874 0.00124083 0.00131614 0.00136815 0.00144247 0.00150616 0.00160342 0.00167165 0.00176138 0.0018703 0.00197147 0.00208489 0.00219905 0.00236107 0.00249467 0.00266242 0.00284719 0.00307652 0.00330882 0.00357724 0.00392108 0.00431818 0.00479199 0.00534318 0.00606834 0.00693214 0.00799034 0.00924051 0.0107856 0.0125994 0.0146901 0.0170171 0.0195849 0.0223177 0.0250806 0.0277176 0.0300667 0.0319954 0.0333081 0.0338708 0.0335563 0.0324005 0.0304374 0.0278203 0.024654 0.02117 0.0175407 0.014015 0.0106933 0.00768503 0.00492793 0.00238973 -9.37373e-05 -0.00261126 -0.00533772 -0.00832686 -0.0116723 -0.0153008 -0.0191436 -0.0229667 -0.0265939 -0.0297726 -0.0323733 -0.0342108 -0.0352148 -0.0352982 -0.034545 -0.0330573 -0.0310287 -0.028588 -0.0259047 -0.0231366 -0.0204513 -0.0179511 -0.0156621 -0.0136272 -0.0118585 -0.0103966 -0.00915659 -0.00813262 -0.00726465 -0.006595 -0.00602836 -0.00556101 -0.00514982 -0.00483175 -0.00455891 -0.00430404 -0.00408655 -0.00389675 -0.00374642 -0.0035711 -0.00344157 -0.00331321 -0.00320936 -0.00308739 -0.00299218 -0.00291362 -0.00281674 -0.00274413 -0.00266342 -0.00261169 -0.00252876 -0.00247665 -0.00242449 -0.00236282 -0.00231933 -0.00226378 -0.0022337 -0.00217476 -0.00214596 -0.00210993 -0.00206378 -0.00204369 -0.00200185 -0.00198192 -0.00194156 -0.00191943 -0.00190334 -0.00186474 -0.00184984 -0.00181427 -0.00180987 -0.00179618 -0.00175043 -0.00174358 -0.00173319 -0.00172426 -0.00169616 -0.00167416 -0.00168392 -0.00165271 -0.00164148 -0.00164763 -0.0016183 -0.00160948 -0.00160568 -0.0015957 -0.00158811 -0.00157788 -0.00157975 -0.00156291 -0.0015543 -0.00156637 -0.00154348 -0.00153973 -0.00155362 -0.00152948 -0.00153496 -0.00154585 -0.0015206 -0.00153248 
0 2.29098e-05 2.91966e-05 5.50115e-05 6.7951e-05 7.86619e-05 0.000100546 0.000111914 0.000135854 0.000151638 0.000171096 0.0001999 0.000198623 0.000220361 0.000242432 0.00024361 0.000285185 0.000309832 0.000315443 0.000341463 0.000360387 0.000378193 0.000397626 0.000437045 0.00045394 0.000445736 0.00049202 0.000532796 0.000549121 0.000571077 0.000593374 0.000634934 0.000664747 0.00068724 0.000714916 0.00075067 0.000789502 0.000815613 0.000857317 0.000898375 0.000936709 0.000981421 0.00102809 0.00107521 0.00112175 0.00117777 0.00122982 0.00128676 0.00134642 0.00141213 0.00147888 0.00155031 0.00162948 0.00171081 0.00180307 0.00189417 0.00200114 0.00211141 0.00223462 0.00236147 0.00250645 0.00266839 0.00283723 0.00303007 0.00324571 0.00350199 0.00377435 0.00410392 0.0044927 0.00496652 0.00551617 0.00619075 0.00702715 0.00804756 0.0092727 0.010736 0.0125003 0.0145545 0.0168964 0.0194752 0.0222896 0.0252274 0.0281716 0.030922 0.0333524 0.0352812 0.0365663 0.0370273 0.0366019 0.0352813 0.0331635 0.030346 0.0269833 0.0232495 0.0193751 0.0155648 0.0119724 0.00864838 0.00556926 0.00265341 -0.000199138 -0.00310017 -0.00615667 -0.00946668 -0.0130843 -0.0169966 -0.0210871 -0.0251681 -0.0290062 -0.0324046 -0.0351845 -0.0372184 -0.0383739 -0.0386092 -0.0379403 -0.0365129 -0.0344604 -0.0319611 -0.0291417 -0.0262077 -0.0232984 -0.0205591 -0.0180154 -0.0157343 -0.0137294 -0.012036 -0.0106015 -0.00939852 -0.00839738 -0.00758478 -0.00692201 -0.00636001 -0.0058951 -0.00550349 -0.00518318 -0.00488965 -0.00464244 -0.0044208 -0.00423236 -0.00405275 -0.00389384 -0.00375195 -0.00361973 -0.00350064 -0.00338532 -0.00328627 -0.00318757 -0.00310146 -0.00301462 -0.00293781 -0.00286566 -0.00279568 -0.00272982 -0.00266931 -0.00261509 -0.0025565 -0.00250847 -0.00246253 -0.00241737 -0.00237313 -0.00233957 -0.0023004 -0.0022591 -0.00223366 -0.002201 -0.00216575 -0.00212974 -0.00210879 -0.00208693 -0.00205653 -0.0020258 -0.00199487 -0.00200262 -0.00198519 -0.00193655 -0.00192658 -0.00192287 -0.00190717 -0.00188092 -0.00187041 -0.00185543 -0.00182388 -0.0018333 -0.00182651 -0.00180481 -0.00180658 -0.00178633 -0.00177804 -0.00177315 -0.00176097 -0.0017641 -0.00174666 -0.00174664 -0.0017478 -0.00172481 -0.00174051 -0.00173555 -0.00171774 -0.00173883 -0.00172107 
0 2.33115e-05 2.54797e-05 5.92393e-05 7.50198e-05 8.8691e-05 0.000123895 0.000129316 0.00014844 0.000171096 0.000176858 0.000207966 0.000228704 0.000249626 0.000282254 0.00029362 0.000309544 0.000328187 0.000348808 0.000375627 0.000402601 0.000430166 0.000443404 0.000472988 0.000503777 0.000528692 0.000567786 0.00057364 0.000595427 0.000645007 0.000667971 0.000693955 0.000730483 0.000769568 0.000801225 0.000845047 0.000886601 0.000913059 0.000966256 0.00100876 0.00104356 0.00109295 0.00114747 0.00119363 0.00124225 0.00131447 0.00136934 0.00143041 0.00150676 0.00158375 0.00165452 0.00173579 0.00183553 0.00192004 0.00201799 0.00212755 0.00224829 0.00236341 0.00249739 0.0026517 0.00280928 0.00298434 0.0031785 0.00340808 0.00365008 0.00393541 0.00426082 0.0046505 0.00510206 0.00564591 0.00630276 0.00709996 0.00807422 0.00924873 0.0106686 0.0123506 0.0143425 0.0166282 0.0192096 0.0220267 0.0250459 0.0281455 0.0311979 0.0340142 0.0364485 0.0383296 0.0395124 0.0398515 0.0392864 0.0378298 0.0355659 0.0326043 0.0290814 0.0251779 0.0211052 0.0170761 0.0132266 0.00961256 0.0061947 0.00290914 -0.000335235 -0.00361141 -0.00701449 -0.0106211 -0.0144984 -0.0186289 -0.0229149 -0.0271633 -0.0311618 -0.0347087 -0.0376444 -0.0398302 -0.0411498 -0.0415431 -0.0410252 -0.0397037 -0.0377079 -0.0352002 -0.0323264 -0.0292783 -0.0262026 -0.0232466 -0.0204715 -0.0179576 -0.0157198 -0.0137928 -0.012142 -0.0107616 -0.00960497 -0.0086524 -0.00786296 -0.00721406 -0.00667645 -0.0062179 -0.00583346 -0.00550279 -0.0052251 -0.00496426 -0.00474175 -0.00454286 -0.00436858 -0.00419443 -0.00404315 -0.00391328 -0.00378319 -0.00365976 -0.00355106 -0.00346144 -0.00335622 -0.00326875 -0.00319458 -0.00312044 -0.00304034 -0.00297871 -0.00292564 -0.00285366 -0.00280105 -0.00275391 -0.00270003 -0.00264274 -0.00260656 -0.00256367 -0.00250948 -0.0024813 -0.00244291 -0.00240602 -0.00238006 -0.00235182 -0.0023131 -0.00229084 -0.00228416 -0.00223883 -0.00220892 -0.00219479 -0.0021686 -0.00215592 -0.00212948 -0.00210429 -0.0020915 -0.00208297 -0.00207251 -0.00205551 -0.00204562 -0.00201915 -0.00200596 -0.00200518 -0.00198316 -0.00198499 -0.00197607 -0.00195733 -0.0019636 -0.00194526 -0.0019433 -0.00195021 -0.0019271 -0.00193276 -0.00192613 -0.00190923 -0.00192661 -0.00191731 
0 2.52526e-05 3.63124e-05 6.6225e-05 8.28862e-05 9.47425e-05 0.000128367 0.000141131 0.000160631 0.0001999 0.000207966 0.000225739 0.000261021 0.000265367 0.000288768 0.000329947 0.000338904 0.000368061 0.000405454 0.000413516 0.000442873 0.00047193 0.000493486 0.000525589 0.000541078 0.000580831 0.000618472 0.00063135 0.000675014 0.000715056 0.000743933 0.000771525 0.000811566 0.000856592 0.000876788 0.000930183 0.000970993 0.0010021 0.00106658 0.00110779 0.00115743 0.00121162 0.00127628 0.00132859 0.00137984 0.00146636 0.00151682 0.00158636 0.00166878 0.00174989 0.00182699 0.00191245 0.00203171 0.00211653 0.00222967 0.00235641 0.00249266 0.00262204 0.00277019 0.00295815 0.00312656 0.00332657 0.00354578 0.00381526 0.00408456 0.00440368 0.00478809 0.00523643 0.00576032 0.00637705 0.00715706 0.00807981 0.00920696 0.010542 0.0121717 0.014076 0.0162949 0.0188029 0.021606 0.0246372 0.0278151 0.0310252 0.0341176 0.036943 0.0393118 0.0410914 0.0421137 0.0423086 0.0415919 0.0400228 0.0376358 0.0345801 0.0309465 0.026946 0.022733 0.0185404 0.0144559 0.0105668 0.00680309 0.00314881 -0.000497448 -0.00414712 -0.00790369 -0.0117938 -0.0159121 -0.0202075 -0.0246285 -0.0289642 -0.0330618 -0.036695 -0.0397509 -0.0420529 -0.0435351 -0.0440965 -0.0437807 -0.0426173 -0.0407515 -0.0382974 -0.0354459 -0.0323452 -0.0291634 -0.0260266 -0.023049 -0.0203172 -0.0178539 -0.0156918 -0.0138108 -0.0122417 -0.0109097 -0.00980801 -0.00886952 -0.00812297 -0.00749355 -0.00696408 -0.0065032 -0.00612752 -0.00581265 -0.00551058 -0.00525558 -0.00502921 -0.00484511 -0.00463944 -0.00447586 -0.00433119 -0.00419317 -0.00405246 -0.00393072 -0.00383969 -0.00371574 -0.00362135 -0.00353324 -0.00345371 -0.00335898 -0.00328453 -0.0032296 -0.00314134 -0.00308625 -0.00303027 -0.00297489 -0.00291551 -0.00287138 -0.00283522 -0.00277243 -0.00274709 -0.00270405 -0.00265503 -0.00263143 -0.00259291 -0.00255436 -0.00251616 -0.00250206 -0.00247116 -0.00242994 -0.00242289 -0.00239593 -0.00237354 -0.0023544 -0.00232735 -0.00232273 -0.00229276 -0.0022658 -0.00226624 -0.00224108 -0.00222399 -0.00222657 -0.00220784 -0.00219097 -0.0021887 -0.00217454 -0.0021614 -0.00216168 -0.00215058 -0.00213568 -0.00213488 -0.00213056 -0.0021235 -0.00212695 -0.00212628 -0.00211624 -0.00211391 
0 2.1234e-05 4.73118e-05 6.65697e-05 8.94173e-05 0.00011606 0.000132037 0.000156729 0.000185051 0.000198623 0.000228704 0.000261021 0.000271651 0.00030344 0.000332002 0.000337814 0.00037808 0.000414138 0.000423286 0.000458479 0.000489892 0.000509218 0.000540685 0.000581165 0.000617821 0.000622985 0.000657775 0.000717299 0.000740053 0.000772255 0.000802236 0.000849114 0.000902581 0.000923644 0.000974289 0.00101986 0.00106737 0.00111472 0.00115901 0.00122591 0.00126267 0.00133266 0.00139501 0.00144731 0.00152529 0.00159117 0.00167479 0.0017369 0.00183818 0.00192602 0.00200621 0.002121 0.00222433 0.00234506 0.00244801 0.00260446 0.00274143 0.00288589 0.00305963 0.00325005 0.00345841 0.0036567 0.00393225 0.00421142 0.00453658 0.00488729 0.00534065 0.00585876 0.00645585 0.00718463 0.00807461 0.00916617 0.0104308 0.011977 0.0137962 0.0159535 0.0183722 0.0211114 0.0241002 0.0273161 0.0305999 0.033858 0.036934 0.0396885 0.0419433 0.0435424 0.0443841 0.0443851 0.0435435 0.0418489 0.0394013 0.0362636 0.032608 0.0285412 0.0242811 0.0199374 0.015676 0.0114866 0.00740919 0.00335028 -0.000666854 -0.00472473 -0.00880174 -0.0130012 -0.0173038 -0.0217525 -0.0262119 -0.0305959 -0.0346903 -0.0383828 -0.0414796 -0.0438955 -0.0454953 -0.0462605 -0.0461509 -0.045219 -0.0435248 -0.0412094 -0.0384359 -0.0353568 -0.032126 -0.0288557 -0.0257182 -0.022775 -0.0201168 -0.0177019 -0.0156166 -0.0138157 -0.0123272 -0.011035 -0.00997012 -0.00908545 -0.0083725 -0.00775462 -0.00722106 -0.0067963 -0.00642301 -0.00610237 -0.00578763 -0.00555703 -0.00532401 -0.00511805 -0.00491639 -0.00475935 -0.00460681 -0.00444154 -0.00432103 -0.00419239 -0.00408533 -0.00395717 -0.00387468 -0.00377897 -0.00367981 -0.00360755 -0.00352495 -0.00346016 -0.00337537 -0.00332712 -0.00325952 -0.00319453 -0.00315304 -0.00308841 -0.00304573 -0.00299315 -0.00295886 -0.00291059 -0.00285904 -0.00284085 -0.0028003 -0.00276818 -0.00272227 -0.00269286 -0.00269214 -0.00264817 -0.00260798 -0.00258873 -0.0025777 -0.00255474 -0.00251809 -0.00251318 -0.00249072 -0.0024586 -0.00246336 -0.00244722 -0.00242002 -0.00241405 -0.00240068 -0.00238461 -0.0023755 -0.00236806 -0.0023577 -0.00234689 -0.00234578 -0.00233708 -0.00232543 -0.00232867 -0.00231955 -0.00231055 -0.00231883 -0.00231104 
0 2.12594e-05 5.24287e-05 6.92967e-05 9.78434e-05 0.000125178 0.000145015 0.000178436 0.00019669 0.000220361 0.000249626 0.000265367 0.00030344 0.000332043 0.000354722 0.000395041 0.000410495 0.000429844 0.000464578 0.000497107 0.000530446 0.00056204 0.000600555 0.000616068 0.000650992 0.000711334 0.000734328 0.000763993 0.000793496 0.000838278 0.000895036 0.000920212 0.000965095 0.00101158 0.00106683 0.00111508 0.00115633 0.00122265 0.00126652 0.00133029 0.00138773 0.00144783 0.00151981 0.00157963 0.00166505 0.00173288 0.00182175 0.00190586 0.00199924 0.00210265 0.00219501 0.00231976 0.00242921 0.00256153 0.0026884 0.00284424 0.00300181 0.00316166 0.00335889 0.00356101 0.00379309 0.00402514 0.00432555 0.00464286 0.00500555 0.00541941 0.00592845 0.00652716 0.00721341 0.00806113 0.00908526 0.0103328 0.0117773 0.0135216 0.0155636 0.0179389 0.0205784 0.0235089 0.0266753 0.03001 0.0333586 0.0365957 0.0395972 0.042213 0.0442886 0.0456647 0.0462847 0.0460923 0.0451147 0.043334 0.0408413 0.0376917 0.0340484 0.0300001 0.0257234 0.021296 0.0168554 0.0124013 0.00798415 0.003547 -0.000868491 -0.00530746 -0.00973079 -0.0142048 -0.0186968 -0.0232328 -0.0277003 -0.0320419 -0.0360909 -0.0397593 -0.0428697 -0.0453448 -0.0470625 -0.0480155 -0.0481444 -0.0474744 -0.0460174 -0.0439068 -0.0412792 -0.0382932 -0.0350682 -0.0317388 -0.0284677 -0.0253614 -0.0224976 -0.0198701 -0.0175545 -0.0155403 -0.0138487 -0.0123802 -0.0111579 -0.0101335 -0.00930776 -0.00859272 -0.00798935 -0.00748938 -0.00706635 -0.00669777 -0.00635493 -0.00608285 -0.00582147 -0.00559736 -0.00537362 -0.0051957 -0.00501895 -0.00485369 -0.00470855 -0.0045674 -0.00444925 -0.00431692 -0.00421903 -0.00410796 -0.00401682 -0.00392465 -0.00383691 -0.00376534 -0.00367962 -0.00361827 -0.00354127 -0.00348467 -0.00341953 -0.00335958 -0.0033153 -0.00324879 -0.00320865 -0.00316374 -0.00312571 -0.00307626 -0.00303137 -0.00301481 -0.00297471 -0.00294148 -0.00289376 -0.00286439 -0.00286136 -0.00281887 -0.00278401 -0.00276229 -0.00274368 -0.00272479 -0.00270786 -0.0026979 -0.00266141 -0.00264512 -0.00263857 -0.0026112 -0.00260862 -0.00259573 -0.00257715 -0.00257275 -0.00255492 -0.00255196 -0.0025476 -0.00253483 -0.00253584 -0.00252161 -0.00251368 -0.0025159 -0.00250552 -0.0025121 
0 2.27818e-05 5.65639e-05 7.47977e-05 0.000108478 0.000134115 0.000153387 0.000192743 0.000208151 0.000242432 0.000282254 0.000288768 0.000332002 0.000354722 0.000365113 0.000422717 0.000443846 0.000474393 0.000524311 0.000540048 0.00056998 0.000601098 0.000644045 0.000677937 0.000704191 0.000758104 0.000778711 0.000830253 0.000886624 0.000907252 0.000969137 0.00100246 0.00104602 0.00110691 0.00114489 0.00120075 0.00124845 0.0013215 0.00137282 0.00143109 0.00151844 0.00156948 0.00165126 0.00172778 0.0018085 0.00188868 0.00197398 0.00208173 0.00216191 0.00227781 0.00238926 0.00250987 0.00263731 0.00277417 0.00293515 0.00308341 0.00326827 0.00345227 0.00366697 0.00389079 0.00414188 0.00442655 0.00473883 0.00510721 0.00550905 0.00599983 0.00656498 0.00724975 0.00804666 0.00902018 0.0101963 0.0115976 0.0132518 0.0151924 0.017468 0.0200386 0.0228978 0.0259896 0.029301 0.0326935 0.0360502 0.0392062 0.0420691 0.0444835 0.0463173 0.0474381 0.0478098 0.04743 0.0463162 0.0444843 0.041974 0.0388751 0.0352873 0.031325 0.0270663 0.022605 0.0179942 0.0132994 0.00853231 0.00373166 -0.00109506 -0.00590027 -0.0106806 -0.015406 -0.0200805 -0.0246554 -0.0290967 -0.0333255 -0.03728 -0.040851 -0.0439354 -0.0464211 -0.0482455 -0.0493673 -0.0497501 -0.0493613 -0.0481988 -0.0463533 -0.0439417 -0.0411124 -0.0379588 -0.03464 -0.0312844 -0.0280561 -0.0249982 -0.0221864 -0.0196381 -0.0174178 -0.0154933 -0.0138484 -0.0124471 -0.011277 -0.0103093 -0.00948807 -0.00880669 -0.0082194 -0.0077386 -0.00730751 -0.00694746 -0.00661744 -0.00633421 -0.00608048 -0.00584781 -0.00564133 -0.00544074 -0.00528061 -0.00510781 -0.00496143 -0.00481943 -0.00469651 -0.00457165 -0.00444788 -0.0043589 -0.0042448 -0.00415364 -0.00406227 -0.00398641 -0.00390181 -0.00382211 -0.0037743 -0.00368897 -0.00363654 -0.00358442 -0.0035263 -0.00347321 -0.00341804 -0.00338683 -0.00332248 -0.00328822 -0.0032466 -0.00318994 -0.0031801 -0.00313278 -0.00309932 -0.0030776 -0.00303985 -0.00302117 -0.00299477 -0.00297902 -0.00293612 -0.00290741 -0.00290918 -0.00286553 -0.0028612 -0.00285752 -0.00281696 -0.00281862 -0.00279954 -0.00278249 -0.00278646 -0.00276122 -0.00275623 -0.00274311 -0.00272401 -0.00273469 -0.00272171 -0.00272232 -0.00273147 -0.00270766 -0.00271064 
0 1.93683e-05 7.22121e-05 8.05476e-05 0.000108141 0.000156721 0.000159529 0.000200032 0.000243171 0.00024361 0.00029362 0.000329947 0.000337814 0.000395041 0.000422717 0.000435578 0.000482719 0.000509727 0.000543947 0.000580371 0.000615282 0.000665525 0.000683999 0.000729203 0.000790581 0.000802426 0.000840874 0.000900688 0.000944662 0.000977852 0.00102174 0.00109035 0.00113125 0.00118789 0.00124992 0.00129133 0.00136852 0.0014263 0.00148092 0.00155311 0.00162664 0.00169917 0.00176473 0.00186708 0.00194613 0.0020294 0.00214252 0.00224283 0.00234943 0.00246084 0.00260236 0.00272215 0.00285647 0.00302072 0.00317974 0.00335058 0.00353377 0.00375869 0.00397504 0.00422179 0.00450447 0.00482345 0.00517519 0.00557247 0.00605522 0.00660353 0.00725907 0.00802721 0.00896612 0.010079 0.0114157 0.0129978 0.0148609 0.0170288 0.0195059 0.0222869 0.0253185 0.0285709 0.0319503 0.0353639 0.038643 0.0416757 0.0443214 0.0464824 0.048016 0.0488566 0.0489718 0.0484056 0.0471757 0.0453099 0.042834 0.0398222 0.036356 0.0325084 0.028324 0.023839 0.0190991 0.014155 0.00906515 0.00388197 -0.00133244 -0.00652339 -0.0116336 -0.0166203 -0.0214357 -0.02604 -0.0303966 -0.034483 -0.0382695 -0.0416987 -0.0446891 -0.0471553 -0.0490491 -0.0503273 -0.0509529 -0.050857 -0.0500298 -0.048498 -0.0463753 -0.043749 -0.0407513 -0.0374896 -0.0341363 -0.0308018 -0.0276079 -0.0246053 -0.0218696 -0.01942 -0.017277 -0.0154276 -0.0138509 -0.0125203 -0.0113926 -0.0104634 -0.00967817 -0.00902267 -0.00844734 -0.0079766 -0.00756595 -0.00720181 -0.00687212 -0.00659118 -0.00634629 -0.00609721 -0.00588673 -0.00569523 -0.00552433 -0.00534056 -0.00519343 -0.00506276 -0.00491797 -0.00479497 -0.00468407 -0.00458626 -0.00446675 -0.00438365 -0.00430278 -0.00420346 -0.00413059 -0.00405757 -0.00398774 -0.00390558 -0.00385262 -0.00379405 -0.00372221 -0.00368294 -0.0036199 -0.00357459 -0.0035435 -0.00349151 -0.00344196 -0.00340807 -0.0033934 -0.00333574 -0.00328905 -0.00328269 -0.00324035 -0.00320765 -0.00318421 -0.00315913 -0.00314455 -0.00310887 -0.00310039 -0.00308586 -0.00304132 -0.00304469 -0.00303154 -0.00299405 -0.002998 -0.00298092 -0.00295785 -0.00296567 -0.00295407 -0.00294181 -0.00294071 -0.00292502 -0.00291506 -0.00291263 -0.00290868 -0.00291249 
0 3.53206e-05 5.38816e-05 9.39698e-05 0.00012493 0.000146958 0.000190357 0.000217454 0.000243688 0.000285185 0.000309544 0.000338904 0.00037808 0.000410495 0.000443846 0.000482719 0.00052338 0.000546111 0.000580822 0.000630634 0.000658079 0.000704004 0.000751925 0.000776505 0.000817171 0.000872052 0.000931105 0.000963509 0.000994836 0.00105926 0.00111873 0.00116744 0.00120741 0.00127263 0.00134072 0.00139011 0.00146284 0.00152744 0.00159592 0.00167268 0.00175222 0.00182967 0.00190801 0.00201276 0.00209503 0.0021908 0.00230485 0.00241461 0.0025253 0.00265002 0.00280047 0.00292695 0.00308068 0.00325566 0.00343523 0.00361549 0.00382603 0.00407272 0.00430882 0.00458336 0.00489774 0.0052614 0.00564215 0.00609763 0.00664329 0.00727496 0.00801036 0.00889144 0.00997205 0.0112395 0.0127474 0.014517 0.0166066 0.0189854 0.0216701 0.0246234 0.027822 0.0311731 0.0345861 0.037938 0.0410957 0.04393 0.0463136 0.0481576 0.0493627 0.0499045 0.0497715 0.0490341 0.0477084 0.0458456 0.0434426 0.0405755 0.0372684 0.0335835 0.0294919 0.02502 0.0201582 0.0149931 0.00957604 0.00402936 -0.00158397 -0.00714282 -0.0125897 -0.0178108 -0.0227615 -0.0273584 -0.0316141 -0.0355105 -0.039093 -0.0423175 -0.0451692 -0.0475673 -0.0495029 -0.0509111 -0.051763 -0.0519636 -0.0514916 -0.0503285 -0.0485425 -0.0461955 -0.043405 -0.0402896 -0.0369867 -0.0336226 -0.0303117 -0.0271682 -0.0242452 -0.0215936 -0.0192152 -0.0171594 -0.015387 -0.0138816 -0.0125838 -0.0115144 -0.0106222 -0.00986638 -0.00920918 -0.00866261 -0.0082101 -0.00779325 -0.00742702 -0.00710909 -0.00684406 -0.00657166 -0.00633585 -0.0061322 -0.00594286 -0.00575143 -0.00558303 -0.00544596 -0.0052895 -0.0051542 -0.00503234 -0.00492166 -0.00479897 -0.00469754 -0.00461082 -0.00450647 -0.00442391 -0.00434327 -0.00426892 -0.00419096 -0.00412728 -0.00406303 -0.00399211 -0.00395028 -0.00389145 -0.00382845 -0.00377801 -0.00374387 -0.00370643 -0.00364123 -0.00359836 -0.00357364 -0.00354833 -0.00350341 -0.00345754 -0.00344325 -0.00341157 -0.00338199 -0.00336706 -0.00333434 -0.00330655 -0.00328734 -0.00327111 -0.00324921 -0.00323148 -0.0032247 -0.00320034 -0.00318692 -0.00318287 -0.00316031 -0.00315496 -0.00314977 -0.00313227 -0.00313316 -0.00312668 -0.0031161 -0.00312028 -0.00311241 
0 4.0064e-05 5.0674e-05 0.000102252 0.000136843 0.000153964 0.00020908 0.000230004 0.000254274 0.000309832 0.000328187 0.000368061 0.000414138 0.000429844 0.000474393 0.000509727 0.000546111 0.000599027 0.000630079 0.000676629 0.000711061 0.000737974 0.000795905 0.000841082 0.000886147 0.000931599 0.000971402 0.00102731 0.00108765 0.00114406 0.00118576 0.00123963 0.00130944 0.00136679 0.00142635 0.00149233 0.00156214 0.00163588 0.00171207 0.00179091 0.00187556 0.00196163 0.0020543 0.0021527 0.0022493 0.00235805 0.0024713 0.00259247 0.00271306 0.00285241 0.00300285 0.00314729 0.00331756 0.00349995 0.00369721 0.00389376 0.00413102 0.0043904 0.00465595 0.00496067 0.00531121 0.00571484 0.00614102 0.00666381 0.00727931 0.00800328 0.00883656 0.00985206 0.0110823 0.0125216 0.0142126 0.0161885 0.0185003 0.0210869 0.0239604 0.0270667 0.030391 0.0337906 0.0371742 0.0404002 0.0433728 0.045946 0.0480138 0.0494945 0.0503502 0.0505868 0.050223 0.0493315 0.0479424 0.0461132 0.0438317 0.0411487 0.0380436 0.034543 0.0305698 0.0261236 0.0211632 0.0157877 0.0100608 0.00415243 -0.00184961 -0.00777601 -0.0135443 -0.0189903 -0.0240527 -0.0286289 -0.0327581 -0.0364438 -0.0397796 -0.0427571 -0.045414 -0.0477027 -0.0496355 -0.0511444 -0.0521911 -0.0526788 -0.0525655 -0.0518039 -0.0503989 -0.048391 -0.0458705 -0.0429688 -0.0397847 -0.0364533 -0.0330794 -0.0298275 -0.0267451 -0.0239049 -0.0213059 -0.0190333 -0.0170569 -0.0153606 -0.0138894 -0.0126607 -0.0116445 -0.0107761 -0.0100331 -0.00940234 -0.00889088 -0.00842223 -0.00801581 -0.00765872 -0.00735855 -0.0070688 -0.00680555 -0.0065821 -0.00636923 -0.00617192 -0.00598402 -0.00582722 -0.00566598 -0.00551812 -0.00538427 -0.00525686 -0.00513771 -0.00502148 -0.00492029 -0.00481925 -0.00472691 -0.00463922 -0.00455619 -0.00448042 -0.00440666 -0.00433895 -0.00427315 -0.00420497 -0.00414838 -0.00410131 -0.00403778 -0.0039781 -0.00393562 -0.00389872 -0.00385353 -0.00380574 -0.0037693 -0.00372929 -0.00370837 -0.00368092 -0.00363281 -0.00360802 -0.00357456 -0.00354963 -0.00353431 -0.00350312 -0.00349262 -0.00346366 -0.00343691 -0.00343881 -0.00341206 -0.00340085 -0.00339708 -0.00336558 -0.00335866 -0.00335119 -0.00333499 -0.00334088 -0.00333661 -0.00332723 -0.00332764 -0.00331609 
