0 0 0 0 0 0 0 0 0 0 0 0 0 0 0 0 0 0 0 0 0 0 0 0 0 0 0 0 0 0 0 0 0 0 0 0 0 0 0 0 0 0 0 0 0 0 0 0 0 0 0 0 0 0 0 0 0 0 0 0 0 0 0 0 0 0 0 0 0 0 0 0 0 0 0 0 0 0 0 0 0 0 0 0 0 0 0 0 0 0 0 0 0 0 0 0 0 0 0 0 0 0 0 0 0 0 0 0 0 0 0 0 0 0 0 0 0 0 0 0 0 0 0 0 0 0 0 0 0 0 0 0 0 0 0 0 0 0 0 0 0 0 0 0 0 0 0 0 0 0 0 0 0 0 0 0 0 0 0 0 0 0 0 0 0 0 0 0 0 0 0 0 0 0 0 0 0 0 0 0 0 0 0 0 0 0 0 0 0 0 0 0 0 0 0 0 0 0 0 0 
0 4.31031e-06 -4.1788e-08 1.56963e-06 1.14921e-05 1.241e-05 1.54859e-05 2.28955e-05 1.82811e-05 1.32032e-05 1.81617e-05 2.47162e-05 2.33218e-05 3.52223e-05 4.80136e-05 2.62301e-05 3.38083e-05 4.97795e-05 2.69692e-05 4.95325e-05 6.02097e-05 3.7338e-05 5.25293e-05 5.58121e-05 7.3061e-05 7.61149e-05 5.10756e-05 7.28933e-05 7.81774e-05 7.81238e-05 7.5968e-05 7.64853e-05 0.000100283 8.47298e-05 0.000102568 0.000111786 0.000100642 0.000124514 0.000118313 0.000127431 0.000126222 0.000137434 0.000146582 0.000134517 0.00016517 0.00016023 0.00016981 0.000180895 0.000194414 0.000207144 0.000202486 0.000237461 0.000236665 0.000250803 0.000262155 0.000285799 0.000300398 0.000302987 0.000341174 0.000355714 0.000384528 0.000397564 0.000447645 0.000483063 0.000519757 0.000571484 0.000640018 0.000728831 0.000806283 0.000932879 0.00107907 0.00127746 0.00148014 0.00174488 0.00204935 0.00240508 0.00276579 0.00313221 0.00349102 0.00380597 0.00403422 0.00411373 0.00404409 0.00378419 0.00334637 0.00268629 0.00185843 0.000879248 -0.000143971 -0.00118224 -0.0021369 -0.00298206 -0.00361421 -0.00400971 -0.0040975 -0.00390549 -0.00342024 -0.00271086 -0.0017947 -0.000764152 0.000339138 0.00140598 0.0023913 0.00319781 0.00380135 0.0041255 0.00417198 0.0038999 0.00336595 0.00258578 0.00165924 0.000613311 -0.000453953 -0.00151362 -0.00245359 -0.00324573 -0.00381812 -0.00420549 -0.00438803 -0.00440726 -0.00425204 -0.00398345 -0.00363994 -0.00327423 -0.00289862 -0.00252012 -0.00217788 -0.00187626 -0.00163918 -0.0014131 -0.00123777 -0.00108406 -0.000989596 -0.000887145 -0.000808905 -0.000741334 -0.000701341 -0.00065955 -0.000606722 -0.000583406 -0.000552811 -0.000536855 -0.000491559 -0.000485532 -0.000465387 -0.000445276 -0.000423647 -0.000411075 -0.000410672 -0.000376322 -0.000380175 -0.000366262 -0.000362017 -0.000344041 -0.000341139 -0.000345247 -0.000316002 -0.0003266 -0.000312827 -0.000307653 -0.000296109 -0.000291182 -0.000294417 -0.000267866 -0.000284646 -0.000270007 -0.000261527 -0.000275137 -0.00026144 -0.00026111 -0.000248051 -0.000264194 -0.000259854 -0.00023118 -0.0002419 -0.000235206 -0.000247841 -0.00023937 -0.000211893 -0.000241174 -0.000236439 -0.000223725 -0.000239435 -0.000226127 -0.000214497 -0.000216075 -0.000222564 -0.000220706 -0.000215036 -0.000226368 -0.000216134 -0.000208074 -0.000223078 -0.00021262 -0.00020822 -0.000220488 -0.000209194 -0.000206797 -0.000220387 -0.000210554 
0 -4.1788e-08 2.14198e-05 1.29704e-05 1.63244e-05 2.5046e-05 1.60667e-05 2.80178e-05 3.59844e-05 4.56421e-05 5.64935e-05 4.9708e-05 5.86654e-05 5.30385e-05 4.84167e-05 7.65678e-05 7.92247e-05 7.87255e-05 9.32875e-05 9.30162e-05 9.06546e-05 0.000102434 0.000127641 0.000114143 9.35038e-05 0.000128721 0.000145454 0.000137196 0.000149491 0.000157266 0.000165853 0.000182704 0.000182385 0.000181003 0.000199768 0.000208196 0.000207481 0.000221422 0.000241858 0.000244659 0.000255001 0.000285834 0.000287312 0.000298857 0.000324354 0.000337595 0.00034516 0.000360417 0.000395287 0.000395158 0.000415656 0.000449568 0.00047172 0.000490495 0.000516749 0.00057171 0.000587564 0.000625372 0.000672412 0.000730635 0.000769242 0.000816991 0.000904656 0.000974645 0.00106019 0.00114834 0.00130324 0.00145265 0.00163874 0.00186603 0.0021802 0.00255354 0.00297786 0.00349845 0.00410751 0.00481313 0.00552261 0.00626269 0.00695363 0.00758829 0.00800812 0.00818269 0.00801124 0.00751153 0.00660625 0.00531578 0.00364844 0.00173154 -0.000318057 -0.00235616 -0.00426556 -0.00591949 -0.00718206 -0.00794723 -0.00813143 -0.00773843 -0.00678624 -0.00536895 -0.00356046 -0.00150784 0.000671349 0.00279543 0.00474099 0.00634964 0.00753621 0.00818865 0.00826973 0.00774603 0.00667858 0.00515184 0.00329982 0.0012443 -0.00089211 -0.00297056 -0.00485848 -0.0064113 -0.00758387 -0.00833913 -0.00873785 -0.00876007 -0.00848913 -0.0079472 -0.0072943 -0.00655392 -0.00582028 -0.00506372 -0.00438597 -0.00378533 -0.00329473 -0.00285647 -0.00248434 -0.00219709 -0.00197199 -0.00179077 -0.00160841 -0.00149217 -0.00138907 -0.00131238 -0.00121054 -0.00115361 -0.00110716 -0.00105344 -0.00099818 -0.000957404 -0.000942707 -0.000889701 -0.000860443 -0.000835949 -0.000819978 -0.000779597 -0.000754844 -0.000750621 -0.000715486 -0.000693789 -0.000678834 -0.000670066 -0.000639658 -0.000627636 -0.000629187 -0.000602825 -0.000594098 -0.000593565 -0.000581209 -0.000563621 -0.000563066 -0.000558871 -0.000535318 -0.000529186 -0.000525848 -0.000512379 -0.00051132 -0.000499893 -0.00047995 -0.000500431 -0.000508506 -0.000473718 -0.000465729 -0.000481809 -0.000480618 -0.000459656 -0.000454541 -0.00045547 -0.000438924 -0.000449723 -0.000458379 -0.000447579 -0.000447076 -0.000434647 -0.000436563 -0.000434923 -0.000423715 -0.000442927 -0.000427481 -0.000418554 -0.000443181 -0.000417425 -0.000422186 -0.000441277 -0.000409377 -0.000427425 
0 1.56963e-06 1.29704e-05 1.646e-05 2.7256e-05 3.80054e-05 4.08881e-05 5.20168e-05 5.4839e-05 5.44008e-05 6.53598e-05 7.36014e-05 8.1318e-05 9.59558e-05 0.000105593 0.000102574 0.000110898 0.000122753 0.000121067 0.000139682 0.00015083 0.000146024 0.000163853 0.000173387 0.000187737 0.000202356 0.000195237 0.000209438 0.000226913 0.000234105 0.000239226 0.000254297 0.00027509 0.000276782 0.000301154 0.000318015 0.000321213 0.00034754 0.000361661 0.000373868 0.000387727 0.000414665 0.000429725 0.000439595 0.000478153 0.000495619 0.000515904 0.000546405 0.000583656 0.000607524 0.000632072 0.000684589 0.000714811 0.000748276 0.000791748 0.000851113 0.000892956 0.000937546 0.00101312 0.00108319 0.00115283 0.00122846 0.00134679 0.00146161 0.00158611 0.00174266 0.0019538 0.00219906 0.00247723 0.00284185 0.00330459 0.00387112 0.00451927 0.00530285 0.00621824 0.0072492 0.00831758 0.00939654 0.0104259 0.0113193 0.0119334 0.0121497 0.0118922 0.0111068 0.00975412 0.00781154 0.00535139 0.00250674 -0.00051597 -0.00353706 -0.00635272 -0.0087913 -0.0106437 -0.0117646 -0.0120335 -0.0114493 -0.0100441 -0.00794315 -0.00527173 -0.00223125 0.00098594 0.00413195 0.00700544 0.00938972 0.0111401 0.0121074 0.0122276 0.0114636 0.00989956 0.00765453 0.00492692 0.00188593 -0.00126357 -0.00434008 -0.00712085 -0.00944177 -0.0111871 -0.0123486 -0.0129442 -0.0130178 -0.012625 -0.0118736 -0.0109072 -0.00983513 -0.00873134 -0.00763109 -0.00661655 -0.00572421 -0.00497506 -0.00431745 -0.00376845 -0.0033244 -0.00298736 -0.00269698 -0.00244789 -0.00225369 -0.00210641 -0.00197554 -0.00184146 -0.00174739 -0.00166725 -0.00159203 -0.00150424 -0.0014496 -0.00140097 -0.00134012 -0.00128602 -0.00124783 -0.00121741 -0.00116269 -0.00113474 -0.00110985 -0.00107858 -0.00104382 -0.00102504 -0.00100988 -0.000971092 -0.000958597 -0.000941304 -0.000916793 -0.000894508 -0.000882326 -0.000868191 -0.000839231 -0.000838139 -0.00082181 -0.000803175 -0.000802838 -0.000789623 -0.000775457 -0.000764648 -0.000767341 -0.000750992 -0.000730846 -0.000731196 -0.000718645 -0.000719045 -0.000710509 -0.000690839 -0.000698677 -0.000695559 -0.000686391 -0.000686718 -0.000677587 -0.000665207 -0.000661421 -0.000664319 -0.00065765 -0.000655997 -0.000658878 -0.00064727 -0.000647392 -0.000648698 -0.000640199 -0.000643167 -0.000640515 -0.000637235 -0.000638314 -0.000633069 -0.000637844 
0 1.14921e-05 1.63244e-05 2.7256e-05 3.5042e-05 4.30254e-05 5.55634e-05 6.41593e-05 7.4563e-05 7.98838e-05 8.88805e-05 0.000103954 0.000105214 0.000121038 0.000139093 0.000133291 0.000150374 0.000167854 0.000165204 0.000184905 0.000201008 0.000204105 0.000213415 0.000228064 0.000252684 0.000258228 0.000261366 0.000286465 0.000300661 0.00031424 0.000327404 0.000341318 0.000365394 0.00037647 0.000396585 0.00041738 0.000431871 0.000459407 0.000476348 0.000500267 0.000524715 0.00054835 0.000578583 0.000598963 0.000636584 0.000664315 0.000694621 0.000735024 0.000769262 0.00081309 0.000848354 0.000904229 0.000950377 0.00099969 0.00106327 0.00112506 0.00119759 0.00126183 0.00135791 0.00144749 0.00154907 0.00166351 0.00180354 0.00196586 0.0021359 0.0023626 0.0026291 0.00296634 0.00335182 0.00385324 0.00446962 0.00522309 0.00610813 0.00715254 0.00836865 0.00970544 0.0111189 0.0125176 0.0138534 0.014966 0.0157324 0.015965 0.015595 0.0145109 0.0126978 0.0101214 0.00689733 0.00317979 -0.00076928 -0.00471438 -0.00838816 -0.0115517 -0.0139526 -0.0153923 -0.0157399 -0.0149667 -0.013136 -0.0103798 -0.00689351 -0.00291109 0.00128469 0.00540424 0.00915324 0.0122785 0.0145578 0.0158278 0.0159825 0.0150057 0.0129805 0.0100747 0.00652051 0.00255472 -0.00155808 -0.00557183 -0.00920715 -0.0122672 -0.0145911 -0.0161679 -0.0169864 -0.017135 -0.016664 -0.0157469 -0.0145087 -0.0131301 -0.0116753 -0.010253 -0.00891309 -0.00773314 -0.00671134 -0.0058354 -0.00510132 -0.0044983 -0.00402735 -0.00362488 -0.00330319 -0.00302859 -0.00282447 -0.00263454 -0.00247497 -0.00233745 -0.00222391 -0.00212207 -0.002017 -0.00194196 -0.00186223 -0.00179738 -0.00172489 -0.00167293 -0.00162092 -0.00156454 -0.00152355 -0.00147712 -0.00144301 -0.00139769 -0.00136806 -0.00133655 -0.00130045 -0.00127743 -0.00124593 -0.00122498 -0.00119686 -0.00117584 -0.00115758 -0.00113173 -0.00111953 -0.00109641 -0.0010803 -0.00106896 -0.00104977 -0.00103677 -0.0010176 -0.00101252 -0.00100485 -0.000979281 -0.000970592 -0.000967146 -0.000961659 -0.000945643 -0.000928102 -0.00093508 -0.000924471 -0.000908305 -0.000914152 -0.000901438 -0.000889282 -0.0008908 -0.000885161 -0.000881171 -0.000874133 -0.000872542 -0.000870214 -0.000857947 -0.000864238 -0.000862343 -0.000848283 -0.000858149 -0.000854123 -0.000844967 -0.000857115 -0.000847548 
0 1.241e-05 2.5046e-05 3.80054e-05 4.30254e-05 5.41188e-05 6.74335e-05 7.13283e-05 8.78727e-05 0.000111691 0.000119015 0.000125402 0.00014521 0.000144675 0.000144542 0.000186157 0.000193822 0.00019241 0.000233606 0.000226354 0.000230755 0.000271211 0.000277607 0.000294406 0.000288463 0.000306571 0.000358252 0.000353821 0.000369809 0.000391079 0.000417554 0.000443121 0.000441075 0.00048441 0.00049218 0.000513318 0.000553731 0.000558212 0.000601974 0.000622436 0.000661256 0.000688796 0.000717538 0.000772651 0.000784468 0.000840942 0.000875379 0.00092028 0.000965643 0.00100956 0.00108058 0.00111466 0.00119496 0.00125385 0.00133438 0.00140854 0.00149506 0.00160465 0.00169367 0.00182643 0.00194515 0.00211237 0.0022692 0.00247697 0.0027118 0.0029948 0.00334197 0.00375195 0.00428223 0.00490503 0.00570042 0.00662954 0.00777021 0.00907189 0.0105777 0.0122084 0.0139334 0.0156392 0.0172195 0.018523 0.0193672 0.0196021 0.0190615 0.0176827 0.0153763 0.0122078 0.00823952 0.00373041 -0.00109724 -0.0058796 -0.0103568 -0.0141637 -0.0170673 -0.0187772 -0.0191982 -0.0182381 -0.0160168 -0.0126439 -0.00840408 -0.00354154 0.00155781 0.00658587 0.0111439 0.0149636 0.0177282 0.0192867 0.0194708 0.0183179 0.0158727 0.0123845 0.00806263 0.00326161 -0.00175772 -0.00661876 -0.011073 -0.0148164 -0.0177377 -0.0197181 -0.020812 -0.021046 -0.0205718 -0.0195193 -0.018082 -0.0164144 -0.0146535 -0.0129219 -0.0112804 -0.00981658 -0.00851223 -0.00742431 -0.00648519 -0.00573668 -0.00509551 -0.00459845 -0.00417525 -0.00383895 -0.00355183 -0.00331081 -0.00312157 -0.00293532 -0.00279591 -0.00264714 -0.00255014 -0.002428 -0.00233807 -0.00225026 -0.00217223 -0.00210296 -0.00201911 -0.00197962 -0.00190291 -0.00185787 -0.00179878 -0.00175912 -0.00171375 -0.00165726 -0.00164259 -0.00158614 -0.00156298 -0.00152729 -0.00150252 -0.0014773 -0.00143752 -0.00143725 -0.00139095 -0.00137944 -0.00136246 -0.00132259 -0.0013169 -0.00129415 -0.00128801 -0.00124921 -0.00123465 -0.0012538 -0.00122247 -0.00120957 -0.00118504 -0.00118256 -0.0011977 -0.0011519 -0.00114593 -0.00114958 -0.00112051 -0.00112666 -0.00113198 -0.00111819 -0.00110357 -0.00110088 -0.00109826 -0.00108071 -0.0010877 -0.00108882 -0.00106746 -0.00107606 -0.00107789 -0.00106035 -0.00106841 -0.00107145 -0.00105695 -0.00106264 
0 1.54859e-05 1.60667e-05 4.08881e-05 5.55634e-05 6.74335e-05 9.00092e-05 9.576e-05 0.000110528 0.00011934 0.000125748 0.000152439 0.000165015 0.000187004 0.000210432 0.000209835 0.000222994 0.000240262 0.000256596 0.000273993 0.000296552 0.000316988 0.000312427 0.000348482 0.000390929 0.000385073 0.000403647 0.000426989 0.000445652 0.000474426 0.000491681 0.000511621 0.000540518 0.000580122 0.00059792 0.00062382 0.000670202 0.000688764 0.000718782 0.000759759 0.000792994 0.000819805 0.000864789 0.000915826 0.000943968 0.000998482 0.00105794 0.00110783 0.00115838 0.00123067 0.00130315 0.00135701 0.00143981 0.00152787 0.00161418 0.00169628 0.00181132 0.00193383 0.002049 0.00218957 0.00235729 0.00255022 0.00274486 0.00299631 0.0032969 0.00365646 0.00407116 0.00459428 0.00524802 0.00603713 0.00698944 0.00813366 0.00951075 0.011087 0.0128598 0.0147699 0.0167788 0.0187429 0.0205305 0.0219474 0.0228355 0.0229954 0.022274 0.0205447 0.0177731 0.0140036 0.00937212 0.00410988 -0.00148597 -0.00704899 -0.0122172 -0.0166131 -0.0199292 -0.0218881 -0.0223449 -0.0212284 -0.0186316 -0.0147136 -0.00977184 -0.00412651 0.00180775 0.00764373 0.0129524 0.0173866 0.0206098 0.0224147 0.0226519 0.0213345 0.018551 0.0145346 0.00955907 0.00398795 -0.00181827 -0.0074728 -0.0126479 -0.0170644 -0.0205374 -0.0229647 -0.0243335 -0.0247272 -0.024279 -0.0231757 -0.0215784 -0.0196857 -0.0176494 -0.0156392 -0.0137205 -0.0119707 -0.0104044 -0.00907544 -0.0079545 -0.00702085 -0.00623636 -0.00560382 -0.00510069 -0.00467582 -0.00431696 -0.00401657 -0.0037859 -0.00356656 -0.00337325 -0.00320601 -0.00307576 -0.0029386 -0.0028082 -0.00270913 -0.00261661 -0.00252071 -0.00242683 -0.0023682 -0.00229508 -0.0022213 -0.00216497 -0.00211993 -0.00206138 -0.00200426 -0.00197558 -0.001926 -0.00187781 -0.00184379 -0.00181227 -0.0017656 -0.00173159 -0.00171481 -0.00167038 -0.00164445 -0.00163025 -0.00160513 -0.00157831 -0.00155898 -0.00154446 -0.00152118 -0.00151328 -0.00147844 -0.00144726 -0.00146203 -0.00144242 -0.00141111 -0.00140232 -0.00139774 -0.00139036 -0.0013789 -0.00137668 -0.00135398 -0.00133591 -0.00133733 -0.00132311 -0.00132495 -0.00131971 -0.00130602 -0.00131067 -0.00129446 -0.00129403 -0.00129773 -0.00127825 -0.00129005 -0.0012821 -0.0012653 -0.00128616 -0.00127346 
0 2.28955e-05 2.80178e-05 5.20168e-05 6.41593e-05 7.13283e-05 9.576e-05 0.000108854 0.000129202 0.000148922 0.000160182 0.000183736 0.00019105 0.000204665 0.0002331 0.000242076 0.000266378 0.000293552 0.000302781 0.00032307 0.000345672 0.000367697 0.00038198 0.000402166 0.000434249 0.000444394 0.000473086 0.000509993 0.000522251 0.000556838 0.000585818 0.000604737 0.000641403 0.000670076 0.00069664 0.000727968 0.00077075 0.000804318 0.000833958 0.000891155 0.000928668 0.000965726 0.00102456 0.00107407 0.00111976 0.00117249 0.00124473 0.00129717 0.00135457 0.00144134 0.00151476 0.00158911 0.00167726 0.00179016 0.00188678 0.0019901 0.00213054 0.00227291 0.00241859 0.00257934 0.00279272 0.00301369 0.00325562 0.00355283 0.00392308 0.00435582 0.00485455 0.00549222 0.00627895 0.00723464 0.00835789 0.00972183 0.0113332 0.0131759 0.0151988 0.0173695 0.0196186 0.0217962 0.0237249 0.0252021 0.026065 0.0261018 0.0251489 0.0230552 0.0198169 0.0154849 0.0102434 0.00431256 -0.00196003 -0.00819846 -0.0139589 -0.0188509 -0.0225064 -0.0246651 -0.0251374 -0.0238753 -0.0209395 -0.0165389 -0.0109732 -0.00463902 0.00203378 0.00857936 0.0145526 0.0195272 0.0231587 0.0251836 0.0254786 0.0240312 0.020972 0.0165131 0.0109824 0.00474952 -0.00174308 -0.00809568 -0.0139238 -0.0189605 -0.0229716 -0.0258486 -0.0275358 -0.0281364 -0.0277862 -0.0266909 -0.0250085 -0.0229458 -0.020691 -0.0184296 -0.0162584 -0.0142331 -0.0124114 -0.010835 -0.00951498 -0.00838719 -0.00744423 -0.00666783 -0.00605952 -0.005541 -0.00509983 -0.00473713 -0.00445066 -0.00419648 -0.00395433 -0.00376454 -0.00360151 -0.00344943 -0.00329284 -0.00317749 -0.00307325 -0.00295726 -0.00285645 -0.00277484 -0.00269926 -0.00260399 -0.0025386 -0.00247997 -0.00240724 -0.00234532 -0.00229643 -0.00224971 -0.00218728 -0.00215182 -0.00211677 -0.00206469 -0.00203439 -0.00200343 -0.00196738 -0.00193074 -0.00190606 -0.00187814 -0.00184015 -0.00182516 -0.00179456 -0.00176519 -0.00175953 -0.00173149 -0.00171031 -0.00170063 -0.00168156 -0.00166285 -0.00164651 -0.00163951 -0.00161623 -0.00159645 -0.00159752 -0.00157913 -0.00157162 -0.00156989 -0.00155148 -0.00154823 -0.00153608 -0.00152709 -0.0015284 -0.00151101 -0.00151473 -0.00151117 -0.00149079 -0.00150679 -0.00150048 -0.00148627 -0.00150434 -0.00148705 
0 1.82811e-05 3.59844e-05 5.4839e-05 7.4563e-05 8.78727e-05 0.000110528 0.000129202 0.000136402 0.000170609 0.00019023 0.000194965 0.00023489 0.000242468 0.000247095 0.000295691 0.00030588 0.000319432 0.000358272 0.000369585 0.000387977 0.000414991 0.000452378 0.000476336 0.000474331 0.000515899 0.000557658 0.000574581 0.000601355 0.000627552 0.000671036 0.000701478 0.000727294 0.000771084 0.000800868 0.000843691 0.000884828 0.0009206 0.000969837 0.00101395 0.00106506 0.00111185 0.00116844 0.00123086 0.00128101 0.00135211 0.0014221 0.00149065 0.00156706 0.00165288 0.00174716 0.00182967 0.00193987 0.00205684 0.00217196 0.00230061 0.00244971 0.00262093 0.00278299 0.0029862 0.0032211 0.00348611 0.00377664 0.00413117 0.00457531 0.00508239 0.00569751 0.00644786 0.0073948 0.00850929 0.00984051 0.0114178 0.0132736 0.015361 0.0176254 0.0200283 0.0224682 0.0248033 0.0267969 0.028281 0.0290361 0.028903 0.027652 0.0251926 0.0214775 0.0166398 0.0108305 0.00433442 -0.00252932 -0.00931316 -0.0155714 -0.0208476 -0.0247805 -0.0270759 -0.0275551 -0.0261472 -0.0229248 -0.0181003 -0.0120095 -0.00508006 0.00221353 0.00937056 0.0159014 0.0213455 0.0253195 0.0275489 0.0278971 0.0263694 0.0230884 0.0182931 0.0123038 0.00554619 -0.00153215 -0.00846234 -0.014881 -0.0204606 -0.0249984 -0.028306 -0.0303642 -0.0312094 -0.03104 -0.0300048 -0.0283205 -0.0261488 -0.0237416 -0.0212662 -0.0188651 -0.0165905 -0.0145175 -0.012707 -0.0111588 -0.00984719 -0.00872305 -0.00781336 -0.0070671 -0.00645915 -0.00592776 -0.005501 -0.00515093 -0.00484712 -0.00457424 -0.00433876 -0.00415164 -0.00396303 -0.00379715 -0.00364874 -0.00352476 -0.00339674 -0.00327708 -0.00318379 -0.00308466 -0.00299453 -0.00290872 -0.00283899 -0.00276485 -0.00269157 -0.002638 -0.00257454 -0.00251954 -0.00246765 -0.00241993 -0.00237571 -0.0023258 -0.00229195 -0.00224915 -0.00221325 -0.00218303 -0.00213927 -0.00211608 -0.0020899 -0.00206169 -0.00202838 -0.00199635 -0.00199833 -0.00197163 -0.00193052 -0.00191587 -0.00190687 -0.00189762 -0.00186128 -0.00184749 -0.00184901 -0.00181272 -0.00181221 -0.00181404 -0.00178186 -0.00177824 -0.00177023 -0.00175585 -0.00175276 -0.00174226 -0.00173982 -0.00172892 -0.00172315 -0.00172845 -0.00170978 -0.00171107 -0.00171814 -0.00169793 -0.00170787 
0 1.32032e-05 4.56421e-05 5.44008e-05 7.98838e-05 0.000111691 0.00011934 0.000148922 0.000170609 0.000175962 0.000205867 0.000228661 0.000245486 0.000283084 0.000311397 0.000317895 0.000339931 0.000369893 0.000383319 0.000419418 0.000455211 0.000468507 0.000494019 0.000519867 0.000570223 0.000604743 0.000601931 0.00064327 0.000686682 0.000717665 0.000747035 0.000780288 0.000833303 0.000861887 0.000914124 0.000957934 0.000991912 0.00105584 0.00109322 0.00114956 0.00119936 0.00125972 0.00132339 0.00137502 0.00146181 0.00152158 0.00160664 0.00168788 0.00177728 0.00187758 0.0019672 0.00209199 0.0021957 0.00233389 0.00246323 0.00261799 0.00278676 0.00296397 0.00317793 0.00339674 0.00367868 0.00396926 0.00433353 0.00474644 0.00526182 0.00586669 0.00659419 0.00749594 0.00857923 0.009894 0.0114188 0.0132411 0.0153104 0.0176413 0.0201183 0.022722 0.0253021 0.0277148 0.0297194 0.0311215 0.031725 0.0313295 0.0297647 0.0268948 0.0227535 0.0174238 0.011146 0.00414696 -0.00316607 -0.0103986 -0.0170101 -0.022592 -0.0267016 -0.029102 -0.0295472 -0.0280218 -0.0245405 -0.0193816 -0.0128475 -0.00544799 0.00236354 0.0100024 0.0169992 0.0228108 0.027083 0.0294734 0.0298989 0.0283104 0.0248953 0.0198361 0.013529 0.00635065 -0.0011608 -0.00858868 -0.015482 -0.0215723 -0.0265671 -0.0303317 -0.0327607 -0.0339382 -0.0339903 -0.0331106 -0.0314782 -0.0292919 -0.0267906 -0.0241534 -0.021555 -0.0190466 -0.0167558 -0.0146922 -0.0129304 -0.0113937 -0.0101126 -0.0090285 -0.00815224 -0.00741928 -0.00680621 -0.0063043 -0.00587328 -0.00552673 -0.00520146 -0.00494594 -0.00469716 -0.0044984 -0.0043036 -0.00413441 -0.00398291 -0.00383532 -0.00371921 -0.00358422 -0.0034888 -0.00337985 -0.00329286 -0.00320144 -0.00311946 -0.0030563 -0.00296797 -0.00291511 -0.00284579 -0.00278985 -0.00272882 -0.002675 -0.00263582 -0.00256999 -0.00254054 -0.0024933 -0.0024521 -0.00242768 -0.00238502 -0.0023519 -0.00231732 -0.00231014 -0.00227212 -0.00221847 -0.00221241 -0.00219379 -0.00217273 -0.00214001 -0.00210924 -0.00211262 -0.00209551 -0.0020744 -0.00206656 -0.00204397 -0.00201797 -0.00201166 -0.00201036 -0.00198902 -0.0019825 -0.00198118 -0.00195883 -0.00195755 -0.00195539 -0.00194075 -0.00194327 -0.00193495 -0.00192529 -0.0019262 -0.0019208 -0.00192401 
0 1.81617e-05 5.64935e-05 6.53598e-05 8.88805e-05 0.000119015 0.000125748 0.000160182 0.00019023 0.000205867 0.000241507 0.000260991 0.00027502 0.000303478 0.000325077 0.000351909 0.000391087 0.000420244 0.000439702 0.000471671 0.000494588 0.000520672 0.00056799 0.000583829 0.000609788 0.000656317 0.000682605 0.000731452 0.000769787 0.000797447 0.00084169 0.000886093 0.000929451 0.000956818 0.00101623 0.00106462 0.00109885 0.00117307 0.00122174 0.00127931 0.00134541 0.00141691 0.00148387 0.00154397 0.00164337 0.00170916 0.00179222 0.00189101 0.00198873 0.0020918 0.0021941 0.00233925 0.00245724 0.00260229 0.00276284 0.00294172 0.00313022 0.00332993 0.00358593 0.00384357 0.00415485 0.00449784 0.00492712 0.00541571 0.00600157 0.00671538 0.00757432 0.00862617 0.00986809 0.0113749 0.0131226 0.0151689 0.0174578 0.0199933 0.0226706 0.0254201 0.0280871 0.0304994 0.0324429 0.0336954 0.0340726 0.0333622 0.0314328 0.0281599 0.0236036 0.0178511 0.0111617 0.00377697 -0.00388445 -0.0114161 -0.0182765 -0.02404 -0.0282659 -0.0307 -0.0311074 -0.0294572 -0.0257814 -0.0203482 -0.0134906 -0.00571981 0.00246939 0.0104863 0.0178198 0.0239246 0.0284142 0.0309556 0.0314466 0.0298541 0.0263529 0.0211442 0.0146195 0.00717339 -0.000659836 -0.00845267 -0.0157486 -0.0222627 -0.027687 -0.031881 -0.0347189 -0.0362712 -0.0366213 -0.0359641 -0.0344639 -0.0323459 -0.0298204 -0.0270871 -0.0243185 -0.0216207 -0.0191151 -0.016825 -0.0148222 -0.0130683 -0.0116008 -0.0103442 -0.00930914 -0.00843934 -0.0077327 -0.00714012 -0.00663002 -0.00621493 -0.00585296 -0.00555533 -0.0052629 -0.00503601 -0.0048241 -0.00463447 -0.00445189 -0.0042965 -0.00416762 -0.0040139 -0.00389884 -0.0037838 -0.00368449 -0.00356939 -0.00348097 -0.00340779 -0.00330576 -0.00323971 -0.00316973 -0.00310722 -0.00303537 -0.00298572 -0.00294139 -0.00286928 -0.00283942 -0.00279102 -0.00273604 -0.00269894 -0.00266188 -0.00262379 -0.00257337 -0.00255253 -0.00251973 -0.0024884 -0.00247627 -0.0024314 -0.00241079 -0.00240155 -0.00237021 -0.00234955 -0.00232469 -0.00229772 -0.00228417 -0.00227753 -0.00226058 -0.00224572 -0.00223866 -0.0022153 -0.00220626 -0.00220264 -0.0021832 -0.00218291 -0.00217205 -0.0021547 -0.00216024 -0.00215214 -0.00214993 -0.00215466 -0.00214124 -0.00214058 
0 2.47162e-05 4.9708e-05 7.36014e-05 0.000103954 0.000125402 0.000152439 0.000183736 0.000194965 0.000228661 0.000260991 0.000272526 0.000321074 0.000347454 0.000354405 0.000405046 0.000427138 0.000442129 0.000489298 0.000519319 0.00054614 0.000576056 0.000624311 0.000663249 0.000673482 0.000727156 0.000768348 0.000794763 0.000846897 0.000871789 0.000927642 0.000983226 0.00101329 0.00107412 0.00112553 0.00118391 0.00123071 0.00129237 0.00136594 0.00140525 0.00149134 0.00156292 0.00162737 0.00171537 0.0018021 0.0019012 0.00197742 0.00210288 0.00221422 0.00231687 0.00245525 0.00259314 0.00274789 0.0028844 0.00308186 0.0032756 0.0034768 0.00371488 0.00398858 0.00430761 0.0046309 0.00505555 0.00553934 0.00612308 0.00679259 0.00762825 0.0086455 0.0098457 0.0112841 0.0129735 0.0149759 0.0172191 0.019736 0.0224343 0.0252895 0.0281228 0.0308135 0.0331496 0.0349502 0.0359879 0.0360559 0.0349894 0.0326431 0.0289874 0.0240231 0.0179273 0.0108801 0.00323606 -0.00467707 -0.0123537 -0.0193644 -0.0251834 -0.0294705 -0.0318661 -0.0322359 -0.0304536 -0.0266518 -0.0210062 -0.0139492 -0.00590882 0.00251348 0.0108021 0.0183393 0.0246619 0.0292856 0.0319691 0.0325117 0.0309745 0.027433 0.0221928 0.0155479 0.0079931 -5.17806e-05 -0.008065 -0.0156894 -0.0225259 -0.0283509 -0.032929 -0.0362089 -0.0381582 -0.0388836 -0.0385065 -0.0372246 -0.0352495 -0.0327765 -0.0300169 -0.0271189 -0.0242824 -0.0215687 -0.0190894 -0.0168269 -0.0148762 -0.0131893 -0.0117728 -0.0105538 -0.00954724 -0.00872952 -0.00803555 -0.00745248 -0.00694482 -0.00655692 -0.00618815 -0.00587379 -0.00558971 -0.00536448 -0.00514388 -0.00492598 -0.00476404 -0.00459747 -0.00445056 -0.00429322 -0.00418727 -0.00406783 -0.00394229 -0.00385555 -0.00375802 -0.00367357 -0.00357507 -0.00351547 -0.00343795 -0.0033523 -0.00330716 -0.00323305 -0.0031748 -0.00311815 -0.00307338 -0.0030235 -0.0029631 -0.002943 -0.00289314 -0.00285425 -0.00282379 -0.00277262 -0.00276134 -0.00272517 -0.00267743 -0.00265801 -0.00263761 -0.00261494 -0.00257492 -0.00256684 -0.00255929 -0.00251408 -0.00251313 -0.00250079 -0.0024621 -0.00246249 -0.00244835 -0.00243023 -0.00242445 -0.00240727 -0.00240535 -0.002395 -0.00238543 -0.00238917 -0.00236758 -0.00236384 -0.00236856 -0.00234996 -0.00236204 
0 2.33218e-05 5.86654e-05 8.1318e-05 0.000105214 0.00014521 0.000165015 0.00019105 0.00023489 0.000245486 0.00027502 0.000321074 0.000328112 0.000370789 0.000419534 0.000427934 0.000465175 0.000500251 0.000527546 0.00056648 0.000603868 0.000651283 0.000664077 0.000698367 0.000772065 0.000800643 0.000831907 0.000870769 0.000924272 0.000983083 0.00101045 0.00106905 0.00112023 0.00117384 0.00123997 0.00128503 0.0013571 0.00141976 0.00148946 0.00155936 0.00163173 0.00172376 0.00179133 0.00188958 0.00198628 0.00208149 0.00218785 0.00230366 0.00243555 0.00254823 0.00270065 0.00285768 0.00301782 0.00319152 0.00339581 0.00362395 0.00384486 0.00412045 0.00443275 0.00478677 0.00517092 0.00564783 0.00622134 0.00688132 0.00766845 0.00862976 0.00980793 0.0111798 0.0128059 0.0147136 0.0169311 0.019395 0.0220856 0.0249502 0.0279052 0.030786 0.0334118 0.0356114 0.0371875 0.0379373 0.0376406 0.0361619 0.0333977 0.0293472 0.0240392 0.017635 0.0103484 0.0025202 -0.00548631 -0.0132137 -0.0202179 -0.026026 -0.0302616 -0.032604 -0.0328816 -0.0310156 -0.0271032 -0.0213606 -0.014177 -0.00602107 0.00254016 0.010942 0.0186006 0.0250126 0.0297386 0.0324996 0.0331325 0.0316516 0.0281698 0.0229547 0.0163403 0.00877056 0.000679576 -0.00746858 -0.0152869 -0.0223975 -0.0285397 -0.0335013 -0.0372043 -0.0395999 -0.0407437 -0.0407255 -0.039741 -0.0379828 -0.0356536 -0.0329223 -0.0299826 -0.0270209 -0.0241608 -0.0214749 -0.0190004 -0.0168162 -0.0149237 -0.0133093 -0.0119089 -0.0107466 -0.0097873 -0.00899292 -0.00830309 -0.00772789 -0.00726221 -0.00685179 -0.00648838 -0.006167 -0.0059121 -0.00565882 -0.00543245 -0.00523247 -0.00506059 -0.00488937 -0.00472477 -0.00459874 -0.00446081 -0.0043396 -0.00422096 -0.00412515 -0.00402175 -0.00392172 -0.0038484 -0.00375638 -0.00368497 -0.00360833 -0.00354628 -0.003482 -0.00341328 -0.00336857 -0.00330568 -0.00326621 -0.00321181 -0.00315602 -0.0031302 -0.00308868 -0.00305137 -0.00299293 -0.00296624 -0.00296333 -0.00291088 -0.00287363 -0.00285052 -0.00283534 -0.00281317 -0.00277722 -0.00277429 -0.00274011 -0.00270794 -0.00271911 -0.00268915 -0.00266871 -0.00267161 -0.00264637 -0.00263527 -0.00262934 -0.00261606 -0.00261046 -0.00260039 -0.00259657 -0.00259019 -0.00258157 -0.0025849 -0.00257849 
0 3.52223e-05 5.30385e-05 9.59558e-05 0.000121038 0.000144675 0.000187004 0.000204665 0.000242468 0.000283084 0.000303478 0.000347454 0.000370789 0.000394714 0.00043864 0.000463006 0.000511829 0.000555641 0.000581991 0.000622266 0.000648709 0.00069293 0.000739795 0.000781141 0.000821108 0.000844936 0.000917053 0.000972457 0.00100197 0.00106521 0.00110865 0.00116931 0.00122714 0.00127757 0.00134398 0.00140102 0.00148232 0.00154376 0.00161963 0.00170952 0.00178194 0.00187911 0.00196487 0.00206909 0.00216859 0.00227557 0.00239967 0.00251567 0.00265791 0.0027928 0.00295589 0.00312347 0.00330343 0.00350653 0.00372528 0.00397698 0.00423434 0.00454691 0.00489519 0.00529442 0.00574637 0.00629211 0.00694907 0.00770936 0.00862643 0.00973323 0.0110759 0.012635 0.0144663 0.0165921 0.0190188 0.0216801 0.0245306 0.0275153 0.0305194 0.0333705 0.035867 0.0378513 0.0391309 0.0395176 0.0388017 0.0368781 0.0336874 0.0292608 0.0236476 0.0170068 0.00956714 0.00166939 -0.00631627 -0.0139661 -0.0208563 -0.0265495 -0.0306664 -0.032902 -0.0330779 -0.031138 -0.0271725 -0.0214074 -0.0142091 -0.00605068 0.00251662 0.0109144 0.0185743 0.0249894 0.0297458 0.0325592 0.0332776 0.0318938 0.0285281 0.023434 0.016953 0.00949724 0.00147984 -0.00667683 -0.0145874 -0.0218815 -0.0282846 -0.0335915 -0.037709 -0.0405647 -0.0421687 -0.0425759 -0.0419613 -0.0405 -0.0383843 -0.0357656 -0.0328488 -0.0298231 -0.0268417 -0.0239826 -0.0213104 -0.0189054 -0.0167935 -0.0149693 -0.0133822 -0.0120499 -0.0109354 -0.0100142 -0.00922126 -0.00856197 -0.00801298 -0.00754356 -0.00713545 -0.00677414 -0.0064754 -0.00619355 -0.00595136 -0.00572252 -0.00552623 -0.00534072 -0.00516708 -0.00501523 -0.00486199 -0.00473735 -0.00460123 -0.00448828 -0.00437834 -0.00427516 -0.00418204 -0.0040846 -0.00401658 -0.00392532 -0.00385564 -0.0037929 -0.00372209 -0.00366471 -0.00359628 -0.00355138 -0.00349067 -0.00344391 -0.00339806 -0.00333093 -0.00331582 -0.00327987 -0.00322769 -0.00319364 -0.00316178 -0.00314614 -0.00310809 -0.00307805 -0.00304631 -0.00300961 -0.00300636 -0.00297776 -0.00295882 -0.00295074 -0.00291452 -0.00290877 -0.00289357 -0.00287265 -0.00287608 -0.00284968 -0.00283774 -0.00283608 -0.00281422 -0.0028227 -0.00282019 -0.00280596 -0.00281473 -0.00279783 
0 4.80136e-05 4.84167e-05 0.000105593 0.000139093 0.000144542 0.000210432 0.0002331 0.000247095 0.000311397 0.000325077 0.000354405 0.000419534 0.00043864 0.00047617 0.000520295 0.000542323 0.000585897 0.000621008 0.000668241 0.000723379 0.000746801 0.000799144 0.00085752 0.00088557 0.00093665 0.000994611 0.0010371 0.00108172 0.0011437 0.00121033 0.00125794 0.00132858 0.00140082 0.00145385 0.00153893 0.00161125 0.00167639 0.00176385 0.00184943 0.00193716 0.00202232 0.00213701 0.00224242 0.00234403 0.00248152 0.00260763 0.00274562 0.00288945 0.00305845 0.00322922 0.00340232 0.00361666 0.00383131 0.00407734 0.00433783 0.00464724 0.00498964 0.00537451 0.00583213 0.00635387 0.00698926 0.00772312 0.00861759 0.00967157 0.0109489 0.0124587 0.0142248 0.0162753 0.0186129 0.0212402 0.024067 0.0270617 0.0301053 0.0331054 0.0358388 0.0381473 0.039833 0.0407512 0.0407001 0.0395248 0.0371349 0.0335228 0.0287453 0.0228703 0.0160699 0.00856555 0.00071458 -0.00714519 -0.0145951 -0.0212763 -0.0267521 -0.030692 -0.0327659 -0.0328399 -0.0308332 -0.026878 -0.0211572 -0.0140589 -0.00600196 0.00243584 0.0107219 0.0182612 0.0246022 0.0293128 0.0321581 0.0329485 0.031705 0.0285037 0.0236267 0.0173699 0.0101508 0.00231487 -0.00572378 -0.0136251 -0.0210058 -0.0276089 -0.0332156 -0.0377256 -0.0410406 -0.0431286 -0.0440213 -0.0438384 -0.0427547 -0.0409137 -0.0384992 -0.0356697 -0.0326571 -0.0295835 -0.0265965 -0.0237448 -0.0211428 -0.0188056 -0.0167625 -0.0149869 -0.0134697 -0.0121957 -0.0111161 -0.0102256 -0.00945999 -0.00882909 -0.00827824 -0.00782436 -0.00741967 -0.00706154 -0.00675393 -0.0064764 -0.00623283 -0.00598983 -0.00579709 -0.00560904 -0.00543083 -0.00526992 -0.0051283 -0.00499901 -0.00485449 -0.00475123 -0.00464302 -0.00452992 -0.0044349 -0.00434709 -0.00426133 -0.00416448 -0.00410049 -0.00402634 -0.00394527 -0.00389653 -0.00382989 -0.0037686 -0.00372701 -0.0036801 -0.00362305 -0.00357429 -0.0035482 -0.0034957 -0.00344555 -0.00342732 -0.00338085 -0.00334179 -0.00332353 -0.00329372 -0.00327743 -0.00324422 -0.00321411 -0.00320749 -0.00316727 -0.00315221 -0.00315476 -0.00311077 -0.003101 -0.00310171 -0.00307061 -0.00307655 -0.00307434 -0.00304744 -0.00304731 -0.00303347 -0.00301803 -0.00302879 -0.00302484 
0 2.62301e-05 7.65678e-05 0.000102574 0.000133291 0.000186157 0.000209835 0.000242076 0.000295691 0.000317895 0.000351909 0.000405046 0.000427934 0.000463006 0.000520295 0.000556062 0.000589546 0.000641189 0.000683723 0.000713373 0.000768019 0.000825526 0.00085182 0.000897106 0.00096535 0.00102082 0.00106996 0.00111379 0.00117807 0.00125495 0.00130088 0.00135588 0.00143584 0.00150353 0.00156954 0.00165027 0.0017362 0.0018121 0.00190419 0.00201005 0.00209357 0.00219944 0.00232052 0.00242762 0.00254499 0.00268174 0.00282965 0.00296158 0.00312729 0.0033143 0.00349092 0.0036921 0.00392061 0.00417805 0.0044314 0.00473584 0.00508766 0.00547075 0.00590749 0.00641942 0.007042 0.00774606 0.00859761 0.00961253 0.0108385 0.0122769 0.0139703 0.015951 0.0182136 0.0207653 0.0235481 0.0265369 0.0296075 0.0326825 0.0355775 0.0381466 0.0401741 0.0415139 0.0419895 0.0414567 0.0397887 0.0369315 0.0329223 0.0278198 0.0217517 0.0148541 0.00740372 -0.000315182 -0.0079172 -0.01509 -0.0214379 -0.0266393 -0.0303074 -0.03221 -0.0321434 -0.0301213 -0.0261966 -0.0206259 -0.0136944 -0.00588043 0.00234026 0.0103699 0.0177151 0.023867 0.0285003 0.031313 0.0322004 0.0310935 0.028141 0.0235294 0.0176163 0.0107056 0.00318243 -0.0046532 -0.0124168 -0.019813 -0.0265313 -0.0324037 -0.0372657 -0.0410321 -0.0436182 -0.045035 -0.045357 -0.0447052 -0.0432316 -0.0410768 -0.0384442 -0.0354877 -0.0324059 -0.0293025 -0.0263291 -0.0235294 -0.0209869 -0.0187092 -0.0167323 -0.0150257 -0.0135585 -0.0123226 -0.0112864 -0.0104297 -0.00967793 -0.00905655 -0.00853078 -0.00808514 -0.0076744 -0.00732264 -0.00703174 -0.00675008 -0.00649462 -0.00626781 -0.00607876 -0.00587582 -0.00569432 -0.00554669 -0.00539287 -0.00524442 -0.0051134 -0.00500451 -0.00487782 -0.00476754 -0.00468212 -0.00458045 -0.00449064 -0.00441587 -0.00433858 -0.00425723 -0.00419496 -0.00413905 -0.00405828 -0.00399791 -0.0039585 -0.00390196 -0.00384368 -0.00379021 -0.00375597 -0.00373127 -0.00367757 -0.00362954 -0.00361112 -0.00358302 -0.00353828 -0.0035097 -0.00349204 -0.00345295 -0.00342859 -0.00342445 -0.0033887 -0.0033674 -0.00336911 -0.00333895 -0.00332238 -0.00332037 -0.00329232 -0.00328181 -0.00328265 -0.00326693 -0.00326665 -0.00326729 -0.00325184 -0.00325022 
0 3.38083e-05 7.92247e-05 0.000110898 0.000150374 0.000193822 0.000222994 0.000266378 0.00030588 0.000339931 0.000391087 0.000427138 0.000465175 0.000511829 0.000542323 0.000589546 0.000640359 0.000683822 0.000736331 0.00077901 0.000821495 0.000866352 0.000926044 0.0009927 0.00102952 0.00107551 0.00114346 0.00121496 0.00127509 0.00132559 0.00139828 0.00147142 0.00154613 0.00161725 0.0016895 0.00178312 0.00186454 0.00195373 0.00205111 0.00215468 0.00225783 0.00236606 0.0024988 0.00261298 0.00274734 0.00289742 0.00304977 0.00320631 0.00338087 0.00358791 0.00377579 0.00400004 0.00425262 0.00452754 0.00481408 0.00514731 0.00554942 0.00597103 0.00646971 0.00705529 0.00776964 0.00857648 0.00954596 0.0107206 0.0121139 0.0137428 0.0156269 0.017833 0.0203062 0.0230475 0.0259744 0.0290711 0.0321861 0.0352038 0.0379405 0.0402484 0.0419431 0.0428519 0.0428386 0.0417703 0.0396 0.0362803 0.0319009 0.0265178 0.0203097 0.013404 0.0060913 -0.00138221 -0.00864647 -0.0154349 -0.021383 -0.0262148 -0.0295731 -0.0312508 -0.0310613 -0.0290261 -0.025203 -0.0198316 -0.0131801 -0.00569145 0.00217886 0.00986677 0.0168997 0.0228062 0.0272822 0.0300497 0.0310049 0.0300777 0.0274026 0.0231469 0.0176397 0.0111439 0.00401102 -0.00350406 -0.0110403 -0.0183467 -0.0251132 -0.031187 -0.0363596 -0.0405487 -0.0436239 -0.0455946 -0.0464561 -0.0463092 -0.0452525 -0.0434508 -0.0410718 -0.0382693 -0.0352231 -0.0320748 -0.0290002 -0.0260456 -0.0233087 -0.020806 -0.0186247 -0.0167118 -0.0150593 -0.0136385 -0.0124593 -0.0114754 -0.0106165 -0.00990053 -0.00929651 -0.00879674 -0.00832663 -0.00793538 -0.00759859 -0.00729377 -0.00700656 -0.00675344 -0.00654376 -0.00632106 -0.00612958 -0.00595486 -0.00579762 -0.00563624 -0.00549402 -0.00537353 -0.00523927 -0.00512781 -0.00502031 -0.00492102 -0.0048204 -0.00473273 -0.00465537 -0.0045657 -0.00449234 -0.00442093 -0.00436108 -0.00429612 -0.00422282 -0.00417117 -0.00412867 -0.00408483 -0.00401975 -0.00396887 -0.00394374 -0.00390782 -0.00386574 -0.00381917 -0.00378852 -0.00376014 -0.00372622 -0.00371055 -0.00368089 -0.00365147 -0.00363445 -0.00360685 -0.00359266 -0.00357859 -0.00355717 -0.00354629 -0.00352899 -0.00351514 -0.00350992 -0.00349927 -0.00349425 -0.0034906 -0.00348135 -0.00347778 
0 4.97795e-05 7.87255e-05 0.000122753 0.000167854 0.00019241 0.000240262 0.000293552 0.000319432 0.000369893 0.000420244 0.000442129 0.000500251 0.000555641 0.000585897 0.000641189 0.000683822 0.000720957 0.000773806 0.000829813 0.000893141 0.000937803 0.000993589 0.00105029 0.00110018 0.00117706 0.00122462 0.00128843 0.00135981 0.00141227 0.00151086 0.00157571 0.0016478 0.00174156 0.00181785 0.00191958 0.00199496 0.00210348 0.00220529 0.00230017 0.00243273 0.00253544 0.00267899 0.00280631 0.00295427 0.00311963 0.00327044 0.0034657 0.003642 0.00386666 0.00407739 0.00432231 0.00460468 0.00488863 0.00522953 0.00558822 0.00604233 0.00651295 0.00708367 0.00775949 0.00855882 0.00949881 0.010594 0.0119513 0.0135107 0.0153485 0.017434 0.0198588 0.022533 0.0254304 0.0284842 0.0316265 0.0347381 0.037611 0.0401318 0.0420939 0.0433984 0.0438073 0.0432659 0.0416359 0.0389638 0.0352069 0.0304902 0.0248876 0.0185968 0.0117785 0.00468189 -0.00243908 -0.0092963 -0.0156043 -0.0210961 -0.025474 -0.0284904 -0.0298982 -0.0296046 -0.0275631 -0.0239067 -0.0187823 -0.0125124 -0.00542746 0.00197165 0.00923711 0.0158519 0.0214598 0.0257065 0.0284135 0.0294075 0.0286946 0.02632 0.0224987 0.0174494 0.0114612 0.00478307 -0.00230567 -0.00953565 -0.0166483 -0.0233966 -0.029596 -0.0350355 -0.0396043 -0.0431536 -0.0456836 -0.0471119 -0.0475269 -0.0469436 -0.0455778 -0.0435144 -0.04096 -0.0380104 -0.0348965 -0.0317503 -0.0286879 -0.0257746 -0.0230699 -0.0206773 -0.0185452 -0.0167055 -0.0150818 -0.0137502 -0.0126035 -0.0116405 -0.0108099 -0.0101197 -0.00954539 -0.00901538 -0.00858542 -0.00818395 -0.00786011 -0.00753462 -0.00726323 -0.00701728 -0.00677961 -0.0065833 -0.00637234 -0.00621466 -0.00603633 -0.0058906 -0.00574805 -0.00560793 -0.0054999 -0.00536021 -0.00526816 -0.00515666 -0.00505418 -0.0049685 -0.00487471 -0.00480816 -0.0047083 -0.00465141 -0.00459243 -0.00451362 -0.00446998 -0.00439649 -0.004349 -0.00430521 -0.00424613 -0.00420567 -0.0041501 -0.00411297 -0.00407829 -0.00404921 -0.00402359 -0.00397061 -0.00395314 -0.00392884 -0.00388523 -0.00388538 -0.00385721 -0.00381453 -0.00381293 -0.00379163 -0.00376946 -0.00377766 -0.00376175 -0.00373857 -0.00373684 -0.00371697 -0.00370195 -0.0037137 -0.00370816 
