0 0 0 0 0 0 0 0 0 0 0 0 0 0 0 0 0 0 0 0 0 0 0 0 0 0 0 0 0 0 0 0 0 0 0 0 0 0 0 0 0 0 0 0 0 0 0 0 0 0 0 0 0 0 0 0 0 0 0 0 0 0 0 0 0 0 0 0 0 0 0 0 0 0 0 0 0 0 0 0 0 0 0 0 0 0 0 0 0 0 0 0 0 0 0 0 0 0 0 0 0 0 0 0 0 0 0 0 0 0 0 0 0 0 0 0 0 0 0 0 0 0 0 0 0 0 0 0 0 0 0 0 0 0 0 0 0 0 0 0 0 0 0 0 0 0 0 0 0 0 0 0 0 0 0 0 0 0 0 0 0 0 0 0 0 0 0 0 0 0 0 0 0 0 0 0 0 0 0 0 0 0 0 0 0 0 0 0 0 0 0 0 0 0 0 0 0 0 0 0 
0 1.82762e-05 -2.93509e-06 1.55045e-05 3.03789e-05 9.08105e-06 2.93885e-05 4.34659e-05 2.73591e-05 4.25797e-05 4.75792e-05 4.86162e-05 6.60221e-05 6.29636e-05 7.8265e-05 7.37269e-05 4.91843e-05 9.56024e-05 0.000110378 8.33902e-05 0.000108496 0.000116253 0.000119817 0.000133346 0.000125906 0.000138481 0.000146688 0.00015894 0.000171126 0.000170116 0.000200267 0.000205655 0.000205343 0.00023378 0.000238586 0.000247059 0.000263036 0.00028477 0.000301228 0.000310243 0.000348146 0.000372578 0.000388527 0.000423905 0.000463174 0.000498542 0.000529389 0.000586368 0.00065382 0.000713578 0.000795999 0.000910753 0.00104979 0.00120326 0.00139408 0.00164553 0.00193226 0.00225001 0.00260476 0.00300366 0.00341693 0.00379487 0.00412788 0.00438358 0.00453381 0.00450647 0.00427724 0.00383725 0.00319229 0.0023492 0.00131097 0.000144737 -0.00109172 -0.00229715 -0.00343484 -0.00443227 -0.00526083 -0.00585541 -0.00620194 -0.00629537 -0.00617092 -0.00587322 -0.00543698 -0.00490977 -0.00431082 -0.00369747 -0.00308473 -0.00253094 -0.00202909 -0.00161712 -0.00126167 -0.000986781 -0.000750637 -0.000577543 -0.000427754 -0.000327937 -0.00023987 -0.000190021 -0.000140398 -0.000116883 -8.18518e-05 -6.10586e-05 -1.69549e-05 2.47557e-05 0.000101949 0.000188484 0.000322374 0.000476926 0.00069135 0.000940882 0.00126788 0.00164965 0.00212442 0.00265886 0.00326801 0.00389604 0.00453266 0.0051169 0.0056329 0.00602943 0.00627729 0.00632331 0.00612696 0.00567206 0.00496215 0.00404912 0.00296129 0.00176525 0.000491727 -0.000760977 -0.00193042 -0.00292861 -0.00374136 -0.00434786 -0.00474288 -0.00491747 -0.0048856 -0.0047108 -0.00442983 -0.00408233 -0.00367278 -0.00325462 -0.00286364 -0.00251054 -0.00218546 -0.00189023 -0.00165631 -0.00146766 -0.00130256 -0.00115751 -0.00104832 -0.00097106 -0.000889469 -0.000817756 -0.000771332 -0.000732598 -0.00068963 -0.000646597 -0.000631133 -0.000608107 -0.000573417 -0.000560291 -0.000545307 -0.000527601 -0.000501336 -0.000492886 -0.000484868 -0.000451457 -0.000451045 -0.000442924 -0.000423082 -0.000420593 -0.000411385 -0.00041289 -0.000398251 -0.000390089 -0.000389402 -0.000367907 -0.000383077 -0.000367354 -0.000331341 -0.000364184 -0.000368206 -0.000344742 -0.000342985 -0.000335937 -0.000346074 -0.00033691 -0.000321983 -0.000337881 -0.000319525 -0.000312343 -0.000340175 -0.000325169 -0.000315532 -0.000329156 -0.00030977 -0.000305248 -0.000325604 -0.000314498 
0 -2.93509e-06 2.61196e-05 2.89153e-05 2.59418e-05 5.53942e-05 6.12928e-05 5.191e-05 8.00856e-05 9.62316e-05 8.64103e-05 0.00010705 0.000119546 0.000109065 0.000132448 0.000161297 0.000173492 0.000175227 0.000168386 0.000194552 0.000219143 0.000218321 0.000228614 0.000247413 0.000281759 0.000288088 0.000294207 0.000336971 0.000331463 0.000349146 0.000388082 0.000387633 0.000420338 0.000446832 0.000481587 0.000506399 0.000528146 0.000593323 0.000601826 0.000640624 0.000698407 0.000732789 0.000786558 0.000827367 0.00092394 0.000983403 0.00105729 0.00118295 0.0012997 0.00145499 0.00160484 0.00185238 0.00212199 0.00243201 0.00283038 0.00330559 0.00389703 0.00450667 0.00523241 0.00600485 0.00681834 0.00756928 0.00821077 0.00872773 0.0089847 0.00894353 0.00845876 0.00759998 0.00629887 0.00462649 0.00256838 0.000253834 -0.0021779 -0.00458576 -0.00681876 -0.00882137 -0.0104356 -0.0116407 -0.0123082 -0.0125244 -0.0122686 -0.0117003 -0.0108285 -0.00979211 -0.00860373 -0.00738781 -0.00617827 -0.00507007 -0.0040823 -0.00324564 -0.00255093 -0.00198171 -0.00152846 -0.00116 -0.000882161 -0.000658384 -0.000505349 -0.000380082 -0.000304531 -0.000231161 -0.000184972 -0.000116789 -5.21963e-05 5.76071e-05 0.000189013 0.000387638 0.000633684 0.000967153 0.00137688 0.00189869 0.00253685 0.00331839 0.00425285 0.00532901 0.00653122 0.00778275 0.00904464 0.0102013 0.0112309 0.0120029 0.0125026 0.0125672 0.0121949 0.0112684 0.0098901 0.00805545 0.00592395 0.00352939 0.00102749 -0.00146543 -0.00377642 -0.0057654 -0.00739699 -0.00859782 -0.00941177 -0.00975078 -0.00973524 -0.00938234 -0.00885541 -0.00815711 -0.0073594 -0.00653899 -0.00574625 -0.00505467 -0.00437895 -0.00381474 -0.0033191 -0.00294466 -0.00260881 -0.00231406 -0.00211166 -0.00192847 -0.0017958 -0.00164103 -0.00155762 -0.00148101 -0.00138478 -0.00132464 -0.00125807 -0.00122607 -0.00114913 -0.00110876 -0.00109024 -0.00102994 -0.00100784 -0.000976136 -0.000961251 -0.000928042 -0.000898742 -0.000904376 -0.000856527 -0.000842578 -0.000837935 -0.000797414 -0.000788096 -0.000779367 -0.000772221 -0.000749668 -0.00073182 -0.000749108 -0.000734838 -0.000712659 -0.000696567 -0.000681906 -0.000701014 -0.000688241 -0.000657234 -0.00067469 -0.000672322 -0.000649441 -0.000666316 -0.000663471 -0.000629257 -0.000637389 -0.000646756 -0.000627178 -0.000643115 -0.000651517 -0.000624906 -0.00063381 
0 1.55045e-05 2.89153e-05 4.21109e-05 5.47399e-05 6.88866e-05 8.46466e-05 9.70658e-05 0.000112385 0.000128521 0.000139232 0.000159336 0.000178786 0.000188838 0.000208946 0.000221168 0.000230034 0.000260561 0.000280912 0.000293605 0.000318514 0.000338024 0.000357447 0.000380657 0.000403151 0.00042239 0.000447475 0.000484383 0.000505309 0.000534037 0.000578509 0.000603437 0.000636346 0.000679883 0.000719005 0.000755099 0.00080014 0.000862514 0.000906601 0.000962509 0.00104143 0.00111073 0.00118464 0.0012728 0.00138684 0.00149392 0.00161412 0.00178171 0.00196958 0.0021857 0.00244515 0.00279176 0.00320596 0.00368906 0.00428906 0.0050194 0.00587832 0.00682729 0.00789259 0.00904769 0.0102258 0.0113277 0.0122709 0.0129887 0.0133454 0.013221 0.0125035 0.0111835 0.00925093 0.00673586 0.00369546 0.000275469 -0.00331348 -0.00686407 -0.0101809 -0.0131217 -0.015524 -0.0172804 -0.0183012 -0.0186132 -0.0182782 -0.0174271 -0.0161651 -0.0146143 -0.0128739 -0.0110611 -0.00928041 -0.00762497 -0.00615652 -0.00489896 -0.00385429 -0.00299697 -0.00230909 -0.00175746 -0.00133075 -0.000999616 -0.000757989 -0.000576316 -0.000449365 -0.000346484 -0.000263012 -0.000168143 -5.73035e-05 0.000100465 0.000310257 0.000602278 0.000981961 0.00147881 0.00210229 0.00288606 0.00384839 0.00502211 0.00641495 0.00802085 0.00979308 0.0116538 0.0135031 0.015227 0.0167235 0.0178733 0.0185673 0.0186644 0.0180721 0.0167232 0.0146658 0.0119786 0.00880942 0.00528512 0.00158989 -0.00207782 -0.00548445 -0.00844914 -0.0108676 -0.0126847 -0.0138825 -0.0144412 -0.0144376 -0.0139756 -0.013202 -0.0121916 -0.0110351 -0.00983068 -0.00867491 -0.00761514 -0.00663805 -0.00578025 -0.00505355 -0.00446477 -0.00395858 -0.00353113 -0.00319696 -0.00292773 -0.00269894 -0.00249127 -0.00234028 -0.00221149 -0.00208542 -0.00197938 -0.00189557 -0.00182488 -0.0017398 -0.00167945 -0.00163143 -0.0015703 -0.00151867 -0.00147613 -0.00143875 -0.00138909 -0.00135414 -0.00133101 -0.00128926 -0.00126347 -0.00124511 -0.00121775 -0.00119387 -0.00117395 -0.00115597 -0.00113179 -0.00111657 -0.00110018 -0.00107485 -0.00107143 -0.00106417 -0.00104309 -0.00103593 -0.0010256 -0.0010126 -0.00100788 -0.000997663 -0.000985779 -0.000980092 -0.000976274 -0.000971818 -0.000969617 -0.000966313 -0.000958037 -0.000953681 -0.000949368 -0.000944341 -0.000951359 
0 3.03789e-05 2.59418e-05 5.47399e-05 8.64438e-05 8.28787e-05 0.000108745 0.000143528 0.000145095 0.000164758 0.000196801 0.00020801 0.00022945 0.000260149 0.000281575 0.000295301 0.000306257 0.000346184 0.000384833 0.000388893 0.000416514 0.00045329 0.000479349 0.000514065 0.000530279 0.000568956 0.000612163 0.000631412 0.000684258 0.000719011 0.000757373 0.000815114 0.000847203 0.000910622 0.000957637 0.00101208 0.00108718 0.00113648 0.00122607 0.00129668 0.00138542 0.00149138 0.00158172 0.00172177 0.0018427 0.00200663 0.00218535 0.00239136 0.00266173 0.0029448 0.00333362 0.0037768 0.00434101 0.00501245 0.00581586 0.00680365 0.00791401 0.00920792 0.0105955 0.0121086 0.0136139 0.0150306 0.0162453 0.01711 0.017525 0.0172718 0.0163135 0.0145211 0.0119673 0.00862806 0.00465251 0.000195407 -0.00448366 -0.00910649 -0.0134573 -0.0172754 -0.02043 -0.0227003 -0.0240787 -0.0244944 -0.0241164 -0.0230079 -0.0213922 -0.0193545 -0.0170972 -0.0147182 -0.0123942 -0.0102126 -0.00827235 -0.00659994 -0.00519969 -0.00405481 -0.00312293 -0.00239003 -0.00180497 -0.00136967 -0.00102928 -0.000794545 -0.000605271 -0.00047621 -0.000344185 -0.000225838 -5.73749e-05 0.000145381 0.000444612 0.000827303 0.00135125 0.00201006 0.00285844 0.00390507 0.00520119 0.00676484 0.00861365 0.0107327 0.0130523 0.0154927 0.0178961 0.0201586 0.0220868 0.0235869 0.0244362 0.0245486 0.0237219 0.0219777 0.0192711 0.0157909 0.0116321 0.00704974 0.0022291 -0.00253406 -0.00697801 -0.0108846 -0.0140737 -0.0165109 -0.0180961 -0.018915 -0.0189658 -0.0184577 -0.017474 -0.0161954 -0.0147188 -0.0131651 -0.0116667 -0.0102343 -0.00896743 -0.0078113 -0.00685377 -0.00602882 -0.00534669 -0.00478726 -0.00430964 -0.00395078 -0.0036174 -0.00337026 -0.00314306 -0.00295804 -0.00280782 -0.00265224 -0.00254971 -0.00242604 -0.00233935 -0.00225244 -0.00216319 -0.00210819 -0.00202495 -0.00197558 -0.0019151 -0.00185813 -0.00182327 -0.00176183 -0.00173535 -0.00169379 -0.00164958 -0.00163471 -0.00159312 -0.0015653 -0.00153687 -0.00151074 -0.0015031 -0.00146156 -0.00143493 -0.00143525 -0.00141937 -0.00140067 -0.00137234 -0.00136162 -0.0013675 -0.00133794 -0.00132296 -0.00133271 -0.00130472 -0.00129261 -0.00131271 -0.00129144 -0.00127402 -0.00128919 -0.00127167 -0.00126114 -0.00128024 -0.00126488 
0 9.08105e-06 5.53942e-05 6.88866e-05 8.28787e-05 0.000128808 0.00014077 0.000155929 0.00019577 0.000213351 0.00024177 0.000266222 0.000282099 0.000320709 0.000331547 0.000373664 0.000439883 0.000422078 0.000443093 0.00050907 0.000523526 0.000562274 0.000596442 0.000627467 0.00068636 0.000720297 0.000765394 0.00080309 0.00084956 0.000912641 0.000939408 0.00100844 0.00107737 0.00112422 0.00120646 0.00128047 0.00136376 0.00144021 0.00153581 0.00164874 0.00173713 0.00186596 0.0020054 0.00215513 0.00232348 0.00252264 0.0027717 0.00303396 0.00336308 0.00376425 0.00425009 0.00483134 0.00553528 0.00640849 0.00743804 0.00865286 0.0100509 0.0116405 0.0133715 0.0151806 0.0169875 0.0186711 0.0200921 0.0210697 0.0214483 0.0210609 0.0197931 0.017559 0.0143588 0.0102519 0.00538553 -2.44299e-05 -0.00569866 -0.0113267 -0.0166095 -0.0212688 -0.0250828 -0.0278734 -0.0295607 -0.0301387 -0.0297116 -0.0284208 -0.02646 -0.0240036 -0.0212483 -0.0183601 -0.0155149 -0.0128387 -0.010438 -0.00835293 -0.00660085 -0.00515371 -0.00398466 -0.00304965 -0.00231897 -0.00175512 -0.00133236 -0.00101716 -0.000783757 -0.00059939 -0.00043773 -0.000266364 -5.88106e-05 0.000217595 0.000589088 0.00108883 0.00174278 0.00258715 0.00365171 0.00498066 0.00660616 0.00856583 0.0108601 0.0134703 0.0163134 0.0192825 0.0222149 0.0249504 0.0272943 0.0290687 0.0300684 0.0301271 0.0290992 0.0269385 0.0236692 0.0194224 0.0143816 0.00880113 0.00296613 -0.00280615 -0.00821371 -0.0129964 -0.0169562 -0.0199753 -0.0220024 -0.0230767 -0.0232795 -0.0227543 -0.0216461 -0.0201408 -0.0183931 -0.0165494 -0.0147065 -0.0129541 -0.0113618 -0.00994963 -0.00872638 -0.0076703 -0.00680359 -0.00608454 -0.00548941 -0.00498994 -0.00458598 -0.00426531 -0.00397244 -0.00373391 -0.00353007 -0.00336241 -0.00319706 -0.00304881 -0.00294324 -0.0028196 -0.00271642 -0.00262511 -0.00254897 -0.00247196 -0.00238881 -0.00235002 -0.00227941 -0.00221626 -0.00218061 -0.00212215 -0.00207879 -0.00202597 -0.00199374 -0.00196386 -0.00191749 -0.0019032 -0.001856 -0.00183809 -0.00184869 -0.0017801 -0.00174781 -0.00175583 -0.00173045 -0.00171297 -0.00168718 -0.00167702 -0.00167468 -0.00164784 -0.00165308 -0.00164355 -0.00160465 -0.00161156 -0.00161104 -0.00158992 -0.00160366 -0.00160609 -0.00158406 -0.00158588 
0 2.93885e-05 6.12928e-05 8.46466e-05 0.000108745 0.00014077 0.000166919 0.000197659 0.000230428 0.00025297 0.000288613 0.000321403 0.00034841 0.000394068 0.000416736 0.000437512 0.000484817 0.000513546 0.00056105 0.000612604 0.000628915 0.000679028 0.000733699 0.000762545 0.000809407 0.00086107 0.000913224 0.000963344 0.00102854 0.00109846 0.00114582 0.00122586 0.00130588 0.00136297 0.00145033 0.00154483 0.00163511 0.0017283 0.00185109 0.00198562 0.00210243 0.00225918 0.00244084 0.00262344 0.00282715 0.00307992 0.00338328 0.00370765 0.00410804 0.00461356 0.00521738 0.00593123 0.00680241 0.00787973 0.00914295 0.010602 0.0122782 0.0141691 0.016205 0.0182909 0.0203455 0.0222411 0.0238015 0.0248132 0.0251003 0.0245095 0.022909 0.0202035 0.0163809 0.0115378 0.00585449 -0.000420668 -0.00699226 -0.0135183 -0.0196476 -0.0250542 -0.0294772 -0.0327352 -0.0347357 -0.0354778 -0.0350489 -0.0336081 -0.0313599 -0.0285258 -0.0253269 -0.0219706 -0.0186442 -0.015501 -0.0126538 -0.0101645 -0.00805338 -0.00630366 -0.00488268 -0.00374619 -0.00285413 -0.00216471 -0.00164313 -0.00125143 -0.000956669 -0.000721353 -0.000512514 -0.000292588 -2.85531e-05 0.000317169 0.000777593 0.00139054 0.00219036 0.00321825 0.00451429 0.00612506 0.00808973 0.010438 0.0131683 0.0162425 0.0195715 0.0230239 0.0264281 0.0295868 0.0322818 0.0342854 0.0353751 0.0353597 0.0341071 0.0315645 0.0277675 0.0228413 0.0169994 0.0105357 0.00379188 -0.00287914 -0.00915527 -0.0147498 -0.0194296 -0.0230316 -0.0255023 -0.0268854 -0.027282 -0.0268187 -0.0256527 -0.0239927 -0.0220374 -0.0199442 -0.0178122 -0.0157548 -0.0138686 -0.0121922 -0.0107134 -0.00942483 -0.00835617 -0.00747475 -0.00673299 -0.00610115 -0.00559522 -0.00518974 -0.00482544 -0.00451622 -0.00426656 -0.00406028 -0.00385584 -0.00367953 -0.00354956 -0.00341138 -0.00328127 -0.00317359 -0.00308328 -0.00298114 -0.00288258 -0.00282162 -0.00273932 -0.00266124 -0.00261116 -0.00255229 -0.00249708 -0.00244886 -0.00241245 -0.00236053 -0.00231193 -0.0022949 -0.00224362 -0.00219724 -0.00218257 -0.0021482 -0.00212911 -0.00210979 -0.00207348 -0.00205886 -0.00204258 -0.00202145 -0.00200389 -0.00198226 -0.00196986 -0.00195914 -0.00195223 -0.00194877 -0.00193703 -0.00192819 -0.00191389 -0.00190213 -0.00190714 -0.00190697 
0 4.34659e-05 5.191e-05 9.70658e-05 0.000143528 0.000155929 0.000197659 0.000240811 0.000261309 0.000301171 0.000338461 0.000371326 0.000410574 0.000444115 0.000496981 0.000532951 0.000551793 0.000616449 0.000665073 0.000691662 0.000744992 0.000791084 0.000852206 0.000905208 0.000943726 0.00102222 0.00107575 0.00113029 0.00121399 0.00127051 0.00134965 0.00143365 0.00151595 0.00161183 0.00169919 0.00182121 0.00192734 0.00203825 0.00219089 0.00232684 0.00248485 0.00266069 0.0028696 0.00309677 0.0033357 0.00365581 0.00400953 0.00441898 0.00491362 0.00552509 0.00626826 0.00712538 0.00818899 0.00946548 0.0109631 0.0126718 0.014611 0.0167832 0.0190734 0.0214022 0.0236427 0.0256827 0.0273001 0.0282698 0.0284083 0.0275548 0.0255948 0.0224007 0.0179927 0.0124658 0.00605583 -0.000986559 -0.00833989 -0.0156447 -0.0225128 -0.0285692 -0.0335414 -0.0372211 -0.0395348 -0.0404499 -0.0400672 -0.0385213 -0.0360543 -0.0328975 -0.0293215 -0.0255463 -0.0217889 -0.0182098 -0.01494 -0.0120551 -0.00958658 -0.00753047 -0.00584962 -0.00450609 -0.00344298 -0.00262378 -0.00199309 -0.00152127 -0.00115404 -0.000864166 -0.000596514 -0.000324236 8.03121e-06 0.000427207 0.000988067 0.00171917 0.00267635 0.0038946 0.00543333 0.00733289 0.00964147 0.0123757 0.015527 0.0190408 0.0228133 0.0267036 0.0305169 0.0340434 0.0370193 0.0392013 0.0403246 0.0402146 0.0387235 0.0358315 0.0315531 0.0260379 0.0194979 0.0122762 0.00474609 -0.00271053 -0.00975158 -0.016085 -0.0214291 -0.0256139 -0.0285447 -0.0302941 -0.0309392 -0.0306199 -0.0294829 -0.0277528 -0.0256619 -0.0233625 -0.020996 -0.0186585 -0.0164994 -0.014546 -0.0128093 -0.0112872 -0.0099964 -0.00894004 -0.00803071 -0.00727676 -0.00665334 -0.00615354 -0.00572288 -0.00534074 -0.00504826 -0.00478147 -0.0045482 -0.0043364 -0.00416079 -0.00400908 -0.00384155 -0.00372195 -0.00360345 -0.00348642 -0.00339043 -0.00329274 -0.00321895 -0.00312776 -0.00305691 -0.00299943 -0.00291571 -0.002871 -0.00281616 -0.00275144 -0.00271279 -0.00266485 -0.00263509 -0.00258882 -0.00253695 -0.00252886 -0.00249516 -0.00245173 -0.00242851 -0.002402 -0.00239034 -0.00236048 -0.00233292 -0.00233784 -0.00230565 -0.00228338 -0.00229906 -0.00226415 -0.00224193 -0.00226547 -0.00224105 -0.00222641 -0.00225035 -0.00222442 
0 2.73591e-05 8.00856e-05 0.000112385 0.000145095 0.00019577 0.000230428 0.000261309 0.000305498 0.000350997 0.000387529 0.000426385 0.00047573 0.000510942 0.000547135 0.000611467 0.000671475 0.000705679 0.000736492 0.000797578 0.000869828 0.000915133 0.000962724 0.00103157 0.0011055 0.00116849 0.0012325 0.00131432 0.00138425 0.00146567 0.00155891 0.00164122 0.00174757 0.00185088 0.00196602 0.00209204 0.00221486 0.00236975 0.00251564 0.0026884 0.00287751 0.00307879 0.0033274 0.00358004 0.00389675 0.00425398 0.00467658 0.00518223 0.00576959 0.00651496 0.00737553 0.00842759 0.00967592 0.0111664 0.0129042 0.0148561 0.0170759 0.0194689 0.0220023 0.0245017 0.0268871 0.0289798 0.0305613 0.0314202 0.0313222 0.0301751 0.027783 0.0241208 0.0191324 0.0130108 0.00594721 -0.00174883 -0.00976296 -0.0177244 -0.0251941 -0.0318199 -0.0372456 -0.0413343 -0.0439182 -0.045049 -0.044719 -0.0431498 -0.0405032 -0.0371134 -0.0332053 -0.0290835 -0.0249303 -0.0209588 -0.0172848 -0.0140172 -0.0111948 -0.00882346 -0.00688155 -0.00531285 -0.0040801 -0.00310989 -0.00237482 -0.0017998 -0.00136656 -0.00099775 -0.000678326 -0.000329015 6.46816e-05 0.000581264 0.00123701 0.00210886 0.0032207 0.00464974 0.00643137 0.00863304 0.0112823 0.0143964 0.017951 0.021868 0.0260474 0.0303076 0.034479 0.038281 0.0414858 0.0437531 0.0448852 0.0446202 0.042915 0.0396656 0.0349866 0.0289446 0.0218445 0.013985 0.00581045 -0.00230799 -0.0100112 -0.0169737 -0.0229396 -0.0276575 -0.0310969 -0.0332249 -0.0342011 -0.034078 -0.033074 -0.0313662 -0.0292073 -0.0267815 -0.0242108 -0.0216738 -0.0192393 -0.0170394 -0.0150341 -0.0132854 -0.0117763 -0.0105007 -0.00943906 -0.00852458 -0.00779375 -0.0071648 -0.00665482 -0.00621438 -0.00583915 -0.00553308 -0.00524452 -0.0050143 -0.00479104 -0.00460321 -0.00443726 -0.00427246 -0.00414173 -0.00400713 -0.00389727 -0.00378788 -0.00368395 -0.00360388 -0.00350788 -0.00343195 -0.00336136 -0.00328228 -0.00322015 -0.00316776 -0.00311628 -0.00304977 -0.00300228 -0.00298192 -0.00293863 -0.00287967 -0.00283733 -0.00281852 -0.00279662 -0.0027548 -0.0027212 -0.00270701 -0.00268874 -0.00266092 -0.00265122 -0.0026375 -0.00259889 -0.00259507 -0.00259602 -0.00256419 -0.00257437 -0.00257986 -0.00254474 -0.00255533 
0 4.25797e-05 9.62316e-05 0.000128521 0.000164758 0.000213351 0.00025297 0.000301171 0.000350997 0.000391072 0.000435925 0.000487327 0.000536808 0.000584489 0.000639908 0.000681832 0.00072004 0.000795315 0.000861997 0.00091123 0.000978098 0.0010349 0.00109903 0.00117744 0.00124066 0.00130753 0.00139441 0.00148954 0.00156754 0.00166326 0.00177923 0.00186933 0.00198124 0.00210909 0.0022307 0.00236368 0.00251296 0.00268998 0.00285501 0.00305223 0.00328702 0.00352253 0.00379975 0.00411078 0.004486 0.00490204 0.00539231 0.00600067 0.0067062 0.00756845 0.00858684 0.00982766 0.011289 0.012992 0.0149677 0.0171799 0.0196402 0.0222455 0.0249473 0.0275863 0.0300303 0.0320932 0.0335487 0.0342027 0.0338218 0.0322989 0.0294663 0.0253057 0.0198048 0.0131417 0.00553607 -0.00271128 -0.0112568 -0.0197322 -0.0276862 -0.034759 -0.040589 -0.0450193 -0.0478872 -0.0492143 -0.0490015 -0.0474369 -0.044708 -0.0411345 -0.0369859 -0.0325592 -0.0280759 -0.0237377 -0.0196956 -0.016054 -0.0128862 -0.0101958 -0.00798395 -0.00618365 -0.00476566 -0.00364092 -0.00278357 -0.00210456 -0.00158588 -0.00113856 -0.00074706 -0.000321298 0.000153914 0.000768116 0.00153786 0.00255299 0.00383712 0.00548259 0.00751982 0.0100278 0.0130152 0.0165019 0.0204308 0.0247257 0.0292522 0.0338385 0.0382783 0.0422985 0.045627 0.0479353 0.0489951 0.0485765 0.0466246 0.0430691 0.038017 0.0315607 0.0240055 0.015662 0.00697877 -0.00167359 -0.00991298 -0.0174187 -0.0239105 -0.0291567 -0.0330865 -0.03566 -0.0369959 -0.0371619 -0.0363702 -0.0347861 -0.0326523 -0.0301553 -0.0274675 -0.0247595 -0.0221146 -0.0196608 -0.0174106 -0.0154335 -0.0136956 -0.0122016 -0.010946 -0.00988423 -0.00900682 -0.00824667 -0.00763656 -0.00712001 -0.00667307 -0.00629423 -0.00596961 -0.00570449 -0.00543997 -0.00522327 -0.00503969 -0.00485591 -0.00469124 -0.004543 -0.00441897 -0.0042789 -0.00416108 -0.00407112 -0.00395951 -0.00386824 -0.00379749 -0.00372234 -0.00364149 -0.00357648 -0.00352451 -0.00345551 -0.0034004 -0.00334624 -0.00328615 -0.00326058 -0.00322811 -0.003175 -0.00314057 -0.00311696 -0.00308562 -0.00305521 -0.00303202 -0.0029975 -0.00297259 -0.00296745 -0.00294584 -0.00293854 -0.00293658 -0.00290082 -0.00289117 -0.00288963 -0.00286761 -0.00288447 
0 4.75792e-05 8.64103e-05 0.000139232 0.000196801 0.00024177 0.000288613 0.000338461 0.000387529 0.000435925 0.000485519 0.000547956 0.000595568 0.000639183 0.000722673 0.000777098 0.000810063 0.000897431 0.000959428 0.00100407 0.00108975 0.00115402 0.00123098 0.00132277 0.00138753 0.00147915 0.00157281 0.00166226 0.00175915 0.00185454 0.00198504 0.00209176 0.00220955 0.00237456 0.0025032 0.00265962 0.00284165 0.00302485 0.00322631 0.00343495 0.00370915 0.00397903 0.00427947 0.00466735 0.00508818 0.00558957 0.00616361 0.00688663 0.00773882 0.00872238 0.00993849 0.0113644 0.0130556 0.0149712 0.017174 0.0196415 0.0222898 0.0250818 0.0278742 0.0305995 0.0330097 0.0349546 0.0362007 0.036561 0.0358529 0.0338871 0.0306159 0.0259492 0.0200093 0.0128732 0.00483954 -0.00384414 -0.0127897 -0.0216313 -0.0299527 -0.0373512 -0.043536 -0.0482445 -0.0514066 -0.0529159 -0.0528809 -0.0513584 -0.0486436 -0.0449489 -0.040651 -0.0359726 -0.0312229 -0.0265543 -0.0221792 -0.0181823 -0.014677 -0.0116715 -0.00917817 -0.00714432 -0.00552131 -0.00424128 -0.00323958 -0.00245808 -0.00183067 -0.00130725 -0.000819602 -0.0003198 0.000260991 0.000971287 0.00187868 0.00303795 0.00451713 0.00638206 0.00869198 0.011505 0.0148311 0.0186753 0.0229527 0.0275929 0.0324124 0.0372744 0.041898 0.0460712 0.0494242 0.0517242 0.0526403 0.0520691 0.0498478 0.046038 0.0406465 0.0338886 0.0259848 0.0173135 0.00825756 -0.000793416 -0.00944535 -0.017402 -0.0243287 -0.0300856 -0.0344863 -0.0375633 -0.0392943 -0.0398425 -0.0393414 -0.0379841 -0.0359722 -0.0334759 -0.0307543 -0.0279087 -0.0251145 -0.0224115 -0.0199367 -0.0177214 -0.0157459 -0.0140354 -0.0125542 -0.0113473 -0.0102975 -0.00941423 -0.00868969 -0.0080824 -0.00757435 -0.00710407 -0.00674533 -0.00642196 -0.00611617 -0.00586493 -0.00563614 -0.00544414 -0.00523777 -0.00507757 -0.00494406 -0.00477977 -0.00466404 -0.00455155 -0.00443592 -0.00433352 -0.00423299 -0.0041588 -0.00406205 -0.00398182 -0.00392579 -0.00384469 -0.00379996 -0.00374496 -0.00366907 -0.00364546 -0.00359988 -0.00353283 -0.00350361 -0.00347286 -0.00343412 -0.00339788 -0.00337341 -0.00335923 -0.00332657 -0.00330507 -0.00329403 -0.00325734 -0.00324153 -0.00324875 -0.00323037 -0.00322034 -0.00322692 -0.00320616 
0 4.86162e-05 0.00010705 0.000159336 0.00020801 0.000266222 0.000321403 0.000371326 0.000426385 0.000487327 0.000547956 0.000597313 0.000660533 0.000731395 0.000769638 0.000841237 0.000941843 0.000986052 0.00104175 0.0011282 0.00120773 0.00129597 0.00135828 0.00144533 0.00155562 0.00163288 0.00174352 0.00184544 0.00194683 0.00208268 0.00219232 0.00233018 0.00247096 0.00262114 0.0027958 0.00295052 0.00316392 0.00337121 0.00358764 0.00385863 0.00413814 0.00447099 0.00481836 0.00525731 0.00576443 0.00632193 0.00702507 0.00784712 0.00884786 0.00999624 0.0113881 0.013048 0.0149354 0.0171042 0.0195189 0.0222154 0.0250399 0.0279423 0.0308108 0.0335005 0.035827 0.0375344 0.0385012 0.0384866 0.0373711 0.0349446 0.0311845 0.0260739 0.0197026 0.0122183 0.00382143 -0.00514618 -0.0143799 -0.0234389 -0.0320012 -0.0396316 -0.0460778 -0.0510468 -0.0544483 -0.0561838 -0.056314 -0.0549334 -0.0522593 -0.048566 -0.0441497 -0.0393243 -0.034324 -0.0294014 -0.0246952 -0.0203912 -0.0165367 -0.013237 -0.0104406 -0.00817583 -0.0063257 -0.00488542 -0.00372148 -0.00282955 -0.00207889 -0.00146964 -0.000872531 -0.000288504 0.000411665 0.0012273 0.00228878 0.00359948 0.00529419 0.00738016 0.00998337 0.0130871 0.0167628 0.0209229 0.0255451 0.0304594 0.0355533 0.0405887 0.0453596 0.0495572 0.0528941 0.0550672 0.0558332 0.0550407 0.0525894 0.0485166 0.042868 0.035876 0.0277504 0.0188884 0.00959071 0.00030051 -0.00866967 -0.0169308 -0.0242525 -0.0304212 -0.0353149 -0.0388728 -0.041069 -0.0420504 -0.0419152 -0.0408879 -0.0390639 -0.036702 -0.0339817 -0.0311043 -0.0281821 -0.0253 -0.0226234 -0.0201626 -0.0179823 -0.0160177 -0.0143427 -0.0129269 -0.0117092 -0.0106867 -0.00980948 -0.00911755 -0.00849428 -0.00797013 -0.00753659 -0.00715244 -0.0068295 -0.00651494 -0.00627684 -0.00604198 -0.0058207 -0.00564662 -0.00546265 -0.00531615 -0.00515975 -0.00502805 -0.00491603 -0.00478372 -0.00469315 -0.00458434 -0.00449129 -0.00442653 -0.00432962 -0.0042566 -0.00418814 -0.00413476 -0.00408871 -0.00399672 -0.00394942 -0.00393182 -0.00387435 -0.00382544 -0.00378973 -0.00376082 -0.00373068 -0.00369281 -0.00367728 -0.00365183 -0.00361451 -0.00360966 -0.00359575 -0.00356758 -0.00356885 -0.00356229 -0.00353861 -0.00354233 
0 6.60221e-05 0.000119546 0.000178786 0.00022945 0.000282099 0.00034841 0.000410574 0.00047573 0.000536808 0.000595568 0.000660533 0.000724532 0.000800971 0.000866739 0.000928226 0.00100523 0.0010686 0.00116786 0.00126614 0.00131381 0.00141342 0.00151362 0.00159186 0.00170566 0.00179622 0.00191062 0.00203547 0.00215043 0.00229706 0.00241716 0.00257501 0.00273903 0.00288526 0.00308766 0.00327042 0.00349103 0.00373002 0.00397847 0.00429106 0.00459889 0.00498172 0.0054023 0.00589139 0.00648274 0.00713642 0.00796163 0.00891314 0.0100609 0.0114073 0.012991 0.0148731 0.016978 0.0193808 0.0220125 0.0248801 0.0278454 0.0308037 0.0336751 0.0362515 0.0383842 0.0397916 0.0403825 0.0399417 0.0383467 0.0354448 0.0311977 0.025679 0.0189426 0.011184 0.00254724 -0.00659709 -0.0159673 -0.0251345 -0.0338011 -0.041584 -0.0482049 -0.0534021 -0.057015 -0.0589888 -0.0593134 -0.058129 -0.0555715 -0.051952 -0.0475026 -0.0425864 -0.0374051 -0.0322602 -0.027275 -0.0226732 -0.0185024 -0.0148955 -0.0118113 -0.00928789 -0.00721734 -0.0055849 -0.00426442 -0.00323045 -0.0023627 -0.00163635 -0.000935934 -0.000236326 0.000577278 0.00153012 0.00274052 0.0042355 0.00614066 0.00847803 0.0113628 0.0147747 0.0187713 0.0232432 0.0281611 0.0333228 0.0386234 0.043781 0.0486123 0.0527614 0.0559959 0.0579788 0.058548 0.0575105 0.0548398 0.0505258 0.0446915 0.0375366 0.0293171 0.0203727 0.0109906 0.00157915 -0.00756527 -0.0160408 -0.023665 -0.0301929 -0.0355468 -0.0395818 -0.0422931 -0.0437535 -0.0440752 -0.0434367 -0.0419163 -0.0397727 -0.0371509 -0.0343025 -0.0313068 -0.0283118 -0.025449 -0.0227729 -0.0203672 -0.0181723 -0.0162856 -0.014641 -0.0132451 -0.0120586 -0.0110384 -0.0102163 -0.00948476 -0.00889458 -0.00837304 -0.00792865 -0.00756236 -0.00720949 -0.00693224 -0.00665635 -0.00642857 -0.00621974 -0.00600399 -0.00585055 -0.00567226 -0.00552196 -0.00539001 -0.00525429 -0.00515407 -0.0050301 -0.00493966 -0.0048478 -0.00474503 -0.00469348 -0.00459536 -0.00450506 -0.00446514 -0.00440109 -0.00434579 -0.00428918 -0.00423586 -0.00420284 -0.00415882 -0.00412393 -0.00408304 -0.00403931 -0.00401731 -0.00398808 -0.00397296 -0.00396372 -0.00393359 -0.00391756 -0.00389897 -0.00387954 -0.00388229 -0.00387672 
0 6.29636e-05 0.000109065 0.000188838 0.000260149 0.000320709 0.000394068 0.000444115 0.000510942 0.000584489 0.000639183 0.000731395 0.000800971 0.000849735 0.000954801 0.00103375 0.00109377 0.0011867 0.00126813 0.00135817 0.00144121 0.00153707 0.00166612 0.001747 0.00185675 0.00199633 0.00208741 0.00222553 0.00236665 0.00248978 0.00265486 0.00281536 0.00299865 0.00317911 0.00338142 0.00362643 0.00383934 0.00411132 0.00441416 0.00472756 0.0051025 0.00551369 0.00602156 0.00657761 0.00724048 0.00804952 0.00897541 0.0101018 0.0114049 0.0129672 0.0147741 0.0168436 0.0192048 0.0217949 0.0246422 0.0276148 0.0306654 0.033634 0.0364005 0.0388058 0.0406132 0.0416832 0.0417992 0.0408922 0.0387655 0.0353757 0.0306827 0.024777 0.0177742 0.00978884 0.0010627 -0.00817256 -0.0175179 -0.0267042 -0.0353476 -0.0432058 -0.0499264 -0.0553021 -0.059119 -0.061318 -0.0618926 -0.0609252 -0.0585865 -0.0550788 -0.0507104 -0.0457311 -0.0404674 -0.035109 -0.0299226 -0.0250151 -0.0205823 -0.0166427 -0.0133015 -0.0104817 -0.00820723 -0.00634227 -0.00487675 -0.00366269 -0.00268783 -0.00180815 -0.00101365 -0.000162404 0.000755435 0.00188305 0.00323265 0.00495214 0.00705482 0.00968278 0.0128241 0.0165725 0.0208421 0.0256364 0.0307777 0.0361806 0.0415933 0.046848 0.0516256 0.0556875 0.0587084 0.0604746 0.0607741 0.059498 0.0565949 0.0520856 0.0461221 0.0388828 0.0306827 0.0217488 0.0124389 0.00300405 -0.00615075 -0.0147776 -0.0225846 -0.0294415 -0.0351836 -0.0396972 -0.0429441 -0.0449258 -0.0457879 -0.0455776 -0.0444878 -0.0426222 -0.0402278 -0.0374525 -0.0344626 -0.0314138 -0.0283927 -0.0255504 -0.0228879 -0.0205083 -0.0183751 -0.0165106 -0.0149155 -0.0135405 -0.0123983 -0.0113934 -0.0105772 -0.00988375 -0.00927721 -0.00876905 -0.00831721 -0.00795493 -0.0075954 -0.00729104 -0.00704607 -0.00678791 -0.00657676 -0.0063784 -0.00620912 -0.00604294 -0.00587597 -0.0057625 -0.0056119 -0.00548454 -0.00539633 -0.00526388 -0.00517017 -0.00509514 -0.00500827 -0.00493248 -0.00485108 -0.0048044 -0.00473744 -0.00465339 -0.00462744 -0.00457177 -0.00450662 -0.00448068 -0.00443513 -0.00441421 -0.00438981 -0.00433708 -0.00432799 -0.00429144 -0.00425148 -0.00427605 -0.00424841 -0.00422192 -0.00424953 -0.00420922 
0 7.8265e-05 0.000132448 0.000208946 0.000281575 0.000331547 0.000416736 0.000496981 0.000547135 0.000639908 0.000722673 0.000769638 0.000866739 0.000954801 0.001009 0.00110553 0.00120657 0.00129682 0.00138207 0.00146341 0.00158631 0.00169563 0.0017837 0.00190004 0.00202247 0.00216076 0.00228302 0.0024169 0.00258932 0.00272744 0.00289669 0.00308927 0.0032657 0.00347529 0.00369816 0.00395426 0.00420907 0.00450133 0.00485981 0.0052112 0.0056344 0.00612661 0.00669508 0.00734491 0.00810148 0.00904503 0.0101155 0.0113893 0.012895 0.0146626 0.016697 0.018974 0.0215589 0.0243589 0.02735 0.0304142 0.0334741 0.0363927 0.0389788 0.0410996 0.0425274 0.0431501 0.0427648 0.0413025 0.0386388 0.034746 0.0296455 0.023408 0.0161876 0.00808394 -0.000655354 -0.0098272 -0.0190672 -0.0281307 -0.0366877 -0.0445064 -0.0512779 -0.0567658 -0.0607725 -0.0631955 -0.0640398 -0.063342 -0.0612636 -0.0579548 -0.053712 -0.0487625 -0.0434435 -0.0379527 -0.0325718 -0.0274239 -0.0227155 -0.0184888 -0.014857 -0.0117687 -0.00924473 -0.00716694 -0.00550852 -0.00413253 -0.00300378 -0.00198879 -0.001054 -6.89654e-05 0.000999834 0.00228474 0.00382164 0.00574757 0.00809477 0.0109885 0.0144231 0.018466 0.0230256 0.0280787 0.0334389 0.0390009 0.0444997 0.0497536 0.0544312 0.0583067 0.0610655 0.0625426 0.0625417 0.061002 0.0578674 0.0532036 0.0471509 0.0399243 0.0318011 0.0230082 0.0138469 0.00454848 -0.00453115 -0.0131747 -0.0211032 -0.0282002 -0.0342741 -0.0392357 -0.0429986 -0.0455557 -0.0469683 -0.0472812 -0.0466599 -0.0451948 -0.0431016 -0.040495 -0.0375955 -0.0345426 -0.0314574 -0.0284559 -0.0256014 -0.0230183 -0.0206609 -0.0185745 -0.0167446 -0.0151886 -0.0138628 -0.0126959 -0.0117428 -0.0109295 -0.0102424 -0.00963477 -0.0091285 -0.00871352 -0.00830635 -0.00797455 -0.00768075 -0.007413 -0.00716482 -0.0069375 -0.00675635 -0.0065512 -0.00638394 -0.00624426 -0.00608244 -0.00595469 -0.00583631 -0.00573175 -0.00561896 -0.00550315 -0.00543441 -0.00535122 -0.00526044 -0.00517911 -0.00510683 -0.00507287 -0.00500275 -0.0049257 -0.00490643 -0.00485621 -0.00479542 -0.00477345 -0.00473373 -0.00469245 -0.00467365 -0.00465107 -0.00462709 -0.00460677 -0.00459121 -0.00457775 -0.00456367 -0.00456071 
0 7.37269e-05 0.000161297 0.000221168 0.000295301 0.000373664 0.000437512 0.000532951 0.000611467 0.000681832 0.000777098 0.000841237 0.000928226 0.00103375 0.00110553 0.00120812 0.00129455 0.00137533 0.00150851 0.00160845 0.00171243 0.00182577 0.00192778 0.00208093 0.00219922 0.00232137 0.00248743 0.00262448 0.00280157 0.00296956 0.00314292 0.00336307 0.00355162 0.00378934 0.00404216 0.00430298 0.0046123 0.00492947 0.00532357 0.00573291 0.00620351 0.00678435 0.00741777 0.00817951 0.00906301 0.0101384 0.0113873 0.012826 0.0145578 0.016534 0.0187892 0.0212852 0.0240578 0.0270424 0.030112 0.0332184 0.0362131 0.0389929 0.0413182 0.0430559 0.0440472 0.044143 0.0432248 0.0411643 0.0379694 0.0335957 0.0281348 0.0216351 0.0142585 0.00614048 -0.00252601 -0.011506 -0.0205576 -0.029391 -0.0377969 -0.0454894 -0.0522576 -0.0578086 -0.0619879 -0.0646421 -0.0657748 -0.065395 -0.0636179 -0.0605843 -0.0565182 -0.0516821 -0.0463495 -0.040798 -0.0352457 -0.0299121 -0.0249322 -0.0204527 -0.0165146 -0.013173 -0.0103701 -0.00808456 -0.00619965 -0.00466448 -0.00334874 -0.00220124 -0.00109362 2.25119e-05 0.00127531 0.00271527 0.00447348 0.0066025 0.00922557 0.0123734 0.0161203 0.0204277 0.0252769 0.0305378 0.0360968 0.0417484 0.0472944 0.0524637 0.0569907 0.0605989 0.0630535 0.0641852 0.0638618 0.0620397 0.0586852 0.0539043 0.0478158 0.0406836 0.032704 0.0241545 0.0152234 0.00619103 -0.00272121 -0.0112637 -0.0192441 -0.0264958 -0.0328466 -0.0382111 -0.04247 -0.0456243 -0.0476108 -0.0485182 -0.0484161 -0.0474493 -0.0457344 -0.0433996 -0.0406691 -0.0376756 -0.0345937 -0.0314713 -0.0284739 -0.0256814 -0.0231165 -0.0208072 -0.0187396 -0.0169888 -0.0154536 -0.0141359 -0.0130196 -0.0120751 -0.0112909 -0.0105796 -0.0100096 -0.00950864 -0.00906221 -0.00868697 -0.00833357 -0.00805078 -0.00776399 -0.00751769 -0.00730984 -0.00708511 -0.0069155 -0.00673414 -0.00658025 -0.00644869 -0.00628509 -0.00618112 -0.00606944 -0.00595189 -0.00585575 -0.00574018 -0.00567794 -0.00560357 -0.005508 -0.00545509 -0.00537711 -0.00532534 -0.00528913 -0.00521565 -0.00517923 -0.00513179 -0.00507955 -0.00507199 -0.00503109 -0.00500272 -0.0049966 -0.00494776 -0.00493671 -0.00493596 -0.00489988 -0.00491337 
0 4.91843e-05 0.000173492 0.000230034 0.000306257 0.000439883 0.000484817 0.000551793 0.000671475 0.00072004 0.000810063 0.000941843 0.00100523 0.00109377 0.00120657 0.00129455 0.00140651 0.00150525 0.0016038 0.00173283 0.00183929 0.00196174 0.00210976 0.00224001 0.0023764 0.00252184 0.00268668 0.00285295 0.00301021 0.00321263 0.00341592 0.00361977 0.0038675 0.0041177 0.00439376 0.00469546 0.00502699 0.0054074 0.00581424 0.00629601 0.00684489 0.00747976 0.00823095 0.00909434 0.0101379 0.0113558 0.0127819 0.0144448 0.0163712 0.0185876 0.0210398 0.023757 0.0266956 0.0297897 0.0329177 0.0359683 0.0388541 0.0413751 0.0433672 0.0446459 0.0451226 0.0446579 0.0431365 0.0405026 0.036756 0.0319699 0.0261761 0.0194963 0.0120348 0.00398638 -0.00449787 -0.0132118 -0.0219587 -0.0305167 -0.0386656 -0.0461992 -0.0528711 -0.0584718 -0.0627767 -0.0656835 -0.0671065 -0.0670843 -0.0656462 -0.0629387 -0.0591163 -0.0544447 -0.0491736 -0.0435948 -0.0379383 -0.0324299 -0.0272325 -0.0224886 -0.0182811 -0.0146534 -0.0115947 -0.0090559 -0.00696203 -0.00521883 -0.00373347 -0.00240457 -0.0011419 0.000154376 0.00157396 0.00321859 0.00518136 0.00756106 0.010439 0.0138779 0.0179029 0.0224915 0.0275778 0.0330402 0.0387305 0.0444425 0.0499567 0.054992 0.0592928 0.0625823 0.0646831 0.0654287 0.064767 0.0626359 0.0590913 0.0541994 0.0481564 0.0411474 0.0334126 0.0251434 0.0165563 0.0078533 -0.000773179 -0.00913343 -0.0170733 -0.0243944 -0.0309704 -0.0366571 -0.0414045 -0.045104 -0.0477148 -0.0492254 -0.0497199 -0.0493029 -0.048046 -0.046095 -0.043599 -0.0407749 -0.0377249 -0.0345833 -0.031472 -0.0285044 -0.0257508 -0.0232085 -0.0209437 -0.0189431 -0.0172132 -0.0157148 -0.0144258 -0.0133436 -0.0124087 -0.0116269 -0.0109449 -0.01036 -0.00986596 -0.00942108 -0.00903877 -0.00869087 -0.00839599 -0.0081259 -0.00786534 -0.00766051 -0.00745401 -0.00725406 -0.00708926 -0.00693113 -0.00678045 -0.00662791 -0.00650763 -0.00640324 -0.00627803 -0.00618688 -0.00609848 -0.0060013 -0.00593369 -0.00584558 -0.00577794 -0.00573226 -0.00563363 -0.00558374 -0.00557454 -0.00550273 -0.00546524 -0.00545004 -0.00538057 -0.00535251 -0.00534768 -0.00530751 -0.00530017 -0.0052958 -0.00526418 -0.00526312 
0 9.56024e-05 0.000175227 0.000260561 0.000346184 0.000422078 0.000513546 0.000616449 0.000705679 0.000795315 0.000897431 0.000986052 0.0010686 0.0011867 0.00129682 0.00137533 0.00150525 0.00164352 0.00173083 0.00185347 0.00199442 0.00212018 0.0022627 0.00239652 0.00255035 0.00272527 0.00289587 0.00307672 0.00325888 0.00348185 0.00370044 0.00391092 0.00418843 0.0044604 0.00475297 0.00509553 0.00547177 0.00590017 0.00635674 0.00691977 0.00755551 0.00827015 0.00913842 0.0101393 0.0113355 0.0127106 0.014333 0.0162199 0.0183555 0.0207872 0.0234472 0.0263595 0.0294255 0.032579 0.0356988 0.0386433 0.0413191 0.0435026 0.0450706 0.0458327 0.0457364 0.0446582 0.0425189 0.0393087 0.035056 0.0298887 0.02383 0.0170297 0.00957136 0.00167448 -0.00654326 -0.0149084 -0.0232838 -0.0314916 -0.0393315 -0.0466359 -0.0531698 -0.0587683 -0.0631872 -0.0663325 -0.0680641 -0.0684131 -0.0673509 -0.0650083 -0.0614851 -0.0570357 -0.0518838 -0.0463328 -0.0406148 -0.0349732 -0.0295823 -0.0245992 -0.0201264 -0.0162199 -0.0128915 -0.0100949 -0.00776945 -0.00580994 -0.00413053 -0.00261211 -0.00116999 0.00031466 0.00192592 0.0037841 0.00597564 0.00861246 0.0117623 0.0154877 0.0197909 0.0246382 0.029941 0.0355646 0.0413458 0.0470619 0.0524861 0.0573241 0.0613383 0.0642614 0.0659657 0.0663025 0.0652769 0.062839 0.0591046 0.0541405 0.0481744 0.0413509 0.0339045 0.0259844 0.0177972 0.00950086 0.00123591 -0.0068558 -0.0146621 -0.0219759 -0.0286943 -0.034651 -0.039815 -0.0440308 -0.0472431 -0.049387 -0.0505124 -0.0506926 -0.0499673 -0.0484806 -0.0463324 -0.0437479 -0.0408212 -0.0377271 -0.0345773 -0.0314828 -0.0285554 -0.025813 -0.0233441 -0.0211038 -0.0191469 -0.0174501 -0.0159773 -0.014721 -0.0136297 -0.0127407 -0.0119534 -0.0112745 -0.0107137 -0.010217 -0.00978703 -0.00938631 -0.0090652 -0.00876262 -0.00846164 -0.00823097 -0.00800232 -0.00778693 -0.00759343 -0.00742186 -0.00727482 -0.0071147 -0.00698112 -0.00685128 -0.00672989 -0.00664234 -0.0065138 -0.00640287 -0.00634814 -0.00626003 -0.00616621 -0.00611203 -0.00605972 -0.00599083 -0.00593102 -0.00588941 -0.00583619 -0.00578988 -0.00576984 -0.00573498 -0.00570001 -0.00568628 -0.00565872 -0.0056362 -0.00563439 -0.00561883 
