0 0 0 0 0 0 0 0 0 0 0 0 0 0 0 0 0 0 0 0 0 0 0 0 0 0 0 0 0 0 0 0 0 0 0 0 0 0 0 0 0 0 0 0 0 0 0 0 0 0 0 0 0 0 0 0 0 0 0 0 0 0 0 0 0 0 0 0 0 0 0 0 0 0 0 0 0 0 0 0 0 0 0 0 0 0 0 0 0 0 0 0 0 0 0 0 0 0 0 0 0 0 0 0 0 0 0 0 0 0 0 0 0 0 0 0 0 0 0 0 0 0 0 0 0 0 0 0 0 0 0 0 0 0 0 0 0 0 0 0 0 0 0 0 0 0 0 0 0 0 0 0 0 0 0 0 0 0 0 0 0 0 0 0 0 0 0 0 0 0 0 0 0 0 0 0 0 0 0 0 0 0 0 0 0 0 0 0 0 0 0 0 0 0 0 0 0 0 0 0 
0 2.67542e-07 2.83543e-05 3.29692e-05 4.47021e-05 7.4938e-05 7.89623e-05 8.55641e-05 9.18629e-05 9.65528e-05 0.000141931 0.000164113 0.000147114 0.000169404 0.000199336 0.000208582 0.000222165 0.000237898 0.000272912 0.000300273 0.000309661 0.000348739 0.000376809 0.000387173 0.000433618 0.000477917 0.00050786 0.000564541 0.000635757 0.000701015 0.000774553 0.000876182 0.00100247 0.00113635 0.00129792 0.00152366 0.00178023 0.0020599 0.00240311 0.00279188 0.00321233 0.00362908 0.00404395 0.00445735 0.00477711 0.00498803 0.00505008 0.00494816 0.00465 0.00408573 0.0033111 0.00232181 0.00118234 -9.11328e-05 -0.00145227 -0.00277862 -0.00403012 -0.00509147 -0.00598187 -0.00663097 -0.00702851 -0.00716271 -0.00702631 -0.00671296 -0.00621897 -0.00565765 -0.00499987 -0.00433288 -0.0036508 -0.00301083 -0.00244197 -0.00193987 -0.00154628 -0.0011978 -0.000949551 -0.000716377 -0.000565656 -0.000417053 -0.000332944 -0.000249587 -0.00020865 -0.000171046 -0.00015206 -0.000141842 -0.000129753 -0.000134214 -0.000121643 -0.000133853 -0.000118648 -0.000135147 -0.000117468 -0.000136412 -0.000117031 -0.000137308 -0.000116943 -0.000137862 -0.000117002 -0.000138167 -0.000117086 -0.000138298 -0.000117121 -0.000138298 -0.000117086 -0.000138167 -0.000117002 -0.000137861 -0.00011694 -0.0001373 -0.000117009 -0.000136354 -0.000117322 -0.000134789 -0.000117807 -0.000131957 -0.000117532 -0.000125659 -0.000112674 -0.000109168 -9.21928e-05 -6.60354e-05 -3.23371e-05 3.38966e-05 0.000104073 0.000230358 0.000359304 0.000564343 0.00077916 0.00109035 0.00143695 0.00189802 0.00242326 0.00304468 0.00371925 0.00441397 0.00511572 0.00575281 0.00634918 0.00679845 0.00711067 0.00716735 0.00697606 0.00650641 0.00578134 0.00484558 0.00368162 0.0023843 0.000975105 -0.000401269 -0.00170269 -0.00287642 -0.00387314 -0.00467502 -0.00520184 -0.00551063 -0.00561067 -0.00554335 -0.00532461 -0.00496848 -0.00457501 -0.00415114 -0.00371818 -0.00328851 -0.00289207 -0.00256468 -0.00225776 -0.00198181 -0.00176451 -0.00158672 -0.00142931 -0.0012893 -0.00118861 -0.00111455 -0.00103231 -0.000967811 -0.000936267 -0.000888549 -0.000838766 -0.000816683 -0.000782686 -0.000745543 -0.000725474 -0.000710238 -0.000694504 -0.000664528 -0.000658332 -0.000668631 -0.000629488 -0.00060167 -0.000609532 -0.000599095 -0.000601293 -0.000590101 -0.000559242 -0.00058306 -0.000582699 -0.000540244 -0.000564621 -0.000571287 -0.000530999 -0.000558441 
0 2.83543e-05 5.77186e-05 7.18265e-05 9.35072e-05 0.000122135 0.000139122 0.000172774 0.000220838 0.000242933 0.000242652 0.000270267 0.000329472 0.000353827 0.000372185 0.000431507 0.000459651 0.000490201 0.000554401 0.000570384 0.000614828 0.000698283 0.000734188 0.000801225 0.000884957 0.00095588 0.00104808 0.00112916 0.00126317 0.00140659 0.0015367 0.00176833 0.00201388 0.0022905 0.00265295 0.00307287 0.0036012 0.00416227 0.00482562 0.00561228 0.0064093 0.00725614 0.00807546 0.00886451 0.00951642 0.00989985 0.0100404 0.00980959 0.00919045 0.0080843 0.00651073 0.00457389 0.00227603 -0.000238606 -0.00292752 -0.00556517 -0.0080119 -0.0101525 -0.0118796 -0.0131898 -0.0139549 -0.0142265 -0.0139744 -0.0133384 -0.0123974 -0.011247 -0.00998215 -0.00862488 -0.00730346 -0.00601761 -0.00489637 -0.003902 -0.00310069 -0.00242979 -0.00189974 -0.0014727 -0.00112988 -0.000875627 -0.000666515 -0.000536924 -0.000421443 -0.000372008 -0.00031241 -0.000304249 -0.000272137 -0.000279874 -0.000259797 -0.00027105 -0.000256725 -0.000266868 -0.000256218 -0.000264039 -0.000256302 -0.00026183 -0.000256476 -0.000260152 -0.000256621 -0.000259022 -0.000256712 -0.000258454 -0.000256742 -0.000258454 -0.000256712 -0.000259022 -0.000256621 -0.00026015 -0.000256469 -0.000261811 -0.000256252 -0.000263907 -0.000255888 -0.00026607 -0.000254872 -0.000266911 -0.000250911 -0.000261556 -0.000235903 -0.000235523 -0.000187491 -0.000154503 -5.86616e-05 4.30295e-05 0.000223278 0.000437652 0.000741453 0.00111401 0.0015883 0.00218364 0.00290875 0.00381848 0.00487275 0.00611663 0.00743705 0.0088438 0.0101997 0.0115005 0.0126367 0.013546 0.0141234 0.0142316 0.0138489 0.0128969 0.0114852 0.00958927 0.00731931 0.00472982 0.00197247 -0.000745903 -0.00333615 -0.00563317 -0.00763631 -0.00919225 -0.010275 -0.0109046 -0.0111136 -0.0110209 -0.0105798 -0.00993269 -0.00915285 -0.00831306 -0.00747396 -0.00659788 -0.00583231 -0.00514563 -0.00452428 -0.00399673 -0.00353115 -0.00319414 -0.0028785 -0.00260023 -0.00242071 -0.00223655 -0.00208689 -0.00195816 -0.00185034 -0.00177883 -0.00167188 -0.00161536 -0.00158352 -0.00150166 -0.00146727 -0.00143449 -0.00137533 -0.0013539 -0.00131736 -0.00127287 -0.00126058 -0.00125402 -0.00123658 -0.00119414 -0.00117114 -0.00118374 -0.00116069 -0.00113173 -0.00114 -0.00113206 -0.00111389 -0.0011167 -0.00111729 -0.00110541 
0 3.29692e-05 7.18265e-05 0.000111498 0.000149331 0.000187808 0.000224129 0.000259327 0.00030324 0.000349135 0.000385697 0.000431624 0.000486678 0.00052582 0.000572229 0.00063525 0.000684267 0.000743082 0.000817343 0.00087603 0.000950136 0.00103871 0.00111448 0.00120927 0.00131983 0.00143636 0.00157247 0.00172349 0.00191333 0.00212864 0.00236705 0.00268414 0.00305594 0.00348808 0.00402773 0.00467326 0.00544271 0.00631825 0.00732108 0.0084642 0.00966402 0.0108988 0.0121133 0.0132296 0.0141403 0.0146942 0.0148397 0.0144672 0.0134845 0.0118347 0.00950967 0.00662472 0.00324237 -0.000490721 -0.00441345 -0.00829837 -0.0118949 -0.0150579 -0.0176256 -0.0195412 -0.0206995 -0.0210951 -0.0207765 -0.0198511 -0.0184916 -0.0167972 -0.0149238 -0.0129308 -0.0109592 -0.00907707 -0.00738423 -0.00592034 -0.00468989 -0.00369425 -0.00287432 -0.0022365 -0.00171132 -0.00132469 -0.00101241 -0.000803588 -0.000641229 -0.000545928 -0.000474824 -0.000438241 -0.000413215 -0.000399772 -0.000394755 -0.000387364 -0.00039062 -0.000383238 -0.000390266 -0.000381532 -0.000390604 -0.000380618 -0.000390921 -0.000380071 -0.000391118 -0.000379755 -0.000391217 -0.000379611 -0.000391246 -0.000379611 -0.000391216 -0.000379755 -0.000391117 -0.000380066 -0.000390908 -0.000380582 -0.000390509 -0.000381291 -0.000389671 -0.000381825 -0.000387388 -0.000380253 -0.000379715 -0.000369209 -0.000353585 -0.000326614 -0.000274419 -0.000200949 -7.17284e-05 9.86834e-05 0.000361559 0.000691357 0.00114935 0.00170699 0.0024343 0.00331812 0.00443005 0.00576957 0.00736337 0.0091806 0.0111526 0.0132108 0.0152264 0.0171399 0.0188032 0.0201311 0.0209357 0.0210957 0.0205002 0.0191223 0.0170191 0.0142275 0.0108769 0.00706878 0.00304334 -0.000979742 -0.00478846 -0.00821579 -0.011164 -0.0134803 -0.0151279 -0.0160959 -0.0164692 -0.0163344 -0.0157391 -0.0148242 -0.0136943 -0.0124735 -0.011218 -0.00996875 -0.00882491 -0.00779007 -0.006874 -0.00607406 -0.00539039 -0.00483959 -0.00436025 -0.00395786 -0.0036439 -0.00337322 -0.00314888 -0.00295852 -0.00280137 -0.00267352 -0.00254424 -0.00244319 -0.00236106 -0.00226819 -0.00219971 -0.0021409 -0.00207499 -0.00202982 -0.0019866 -0.0019372 -0.00190059 -0.00186719 -0.0018345 -0.00180488 -0.00177801 -0.00176168 -0.00174273 -0.00171715 -0.00170563 -0.00169889 -0.00168104 -0.00166882 -0.00166747 -0.00166263 
0 4.47021e-05 9.35072e-05 0.000149331 0.000198529 0.000248312 0.000309156 0.000358793 0.000392089 0.000445392 0.000535063 0.000600352 0.0006262 0.000700659 0.000789807 0.000834862 0.000918763 0.00100667 0.00107077 0.00119166 0.00128713 0.00136994 0.00151349 0.00162663 0.00176607 0.00194139 0.00210597 0.00234372 0.00258122 0.00286304 0.00324368 0.00363104 0.00414575 0.00475939 0.00546996 0.00636551 0.00736087 0.00855917 0.00990523 0.0113576 0.0129583 0.0145383 0.0161123 0.017509 0.0186019 0.0193067 0.01939 0.0188411 0.0174633 0.015255 0.0122254 0.00840118 0.00400673 -0.000890028 -0.00595026 -0.0109816 -0.015669 -0.0197703 -0.023159 -0.0256173 -0.0271703 -0.0276894 -0.0273377 -0.026179 -0.0244258 -0.0222522 -0.019778 -0.0172144 -0.014603 -0.0121745 -0.00991739 -0.00799678 -0.00634049 -0.00500322 -0.0039054 -0.00302776 -0.00234347 -0.00179144 -0.00140272 -0.00108168 -0.000896003 -0.000726787 -0.00066167 -0.000577274 -0.000569479 -0.000525246 -0.000537593 -0.000511 -0.000526684 -0.000508802 -0.000521998 -0.000509705 -0.000519141 -0.000511091 -0.000517076 -0.000512279 -0.000515618 -0.000513099 -0.000514745 -0.000513513 -0.000514455 -0.000513513 -0.000514745 -0.000513098 -0.000515615 -0.00051227 -0.000517053 -0.000511028 -0.000518977 -0.000509293 -0.000521001 -0.000506479 -0.00052147 -0.000499738 -0.000514197 -0.00047853 -0.000479875 -0.000412256 -0.000369967 -0.000231837 -8.95541e-05 0.000181397 0.000502272 0.00098271 0.00157136 0.00234923 0.00331569 0.00451694 0.00601238 0.00778663 0.00991413 0.0122695 0.0148808 0.017529 0.0201954 0.0226524 0.0248206 0.0264928 0.0274838 0.0276617 0.0268382 0.025073 0.0222872 0.0186753 0.014287 0.00937164 0.00417586 -0.0010615 -0.00599826 -0.0105204 -0.0143377 -0.0174109 -0.0196195 -0.0209647 -0.0215614 -0.0214113 -0.0207498 -0.019617 -0.0182064 -0.0166484 -0.014992 -0.0134251 -0.0118961 -0.0105219 -0.00931059 -0.00822311 -0.00733878 -0.00654076 -0.00589992 -0.0053823 -0.00490487 -0.00455751 -0.00424227 -0.00398146 -0.00377974 -0.00356691 -0.00343022 -0.00328704 -0.003135 -0.00305524 -0.00294518 -0.00285075 -0.00279565 -0.00270358 -0.00264831 -0.0026142 -0.00254114 -0.00248059 -0.0024424 -0.00242264 -0.00239579 -0.00233733 -0.00231554 -0.00231861 -0.00227781 -0.00224898 -0.00225795 -0.00224003 -0.00221199 -0.00222323 
0 7.4938e-05 0.000122135 0.000187808 0.000248312 0.000299628 0.000376273 0.000445726 0.000519033 0.000599264 0.000643744 0.000708432 0.000811217 0.000895531 0.000974533 0.00106036 0.00116463 0.00127431 0.00135661 0.00147726 0.00161701 0.00172849 0.00189433 0.0020758 0.00223961 0.00245427 0.0026955 0.00296663 0.00327626 0.00364949 0.00412692 0.0046545 0.00529833 0.00610643 0.00703737 0.00813794 0.00941568 0.010904 0.0125677 0.014345 0.0162571 0.0181896 0.0200348 0.0216496 0.022888 0.0236284 0.0236448 0.0228216 0.0210438 0.0182763 0.0145377 0.00986983 0.00447879 -0.00143589 -0.0075593 -0.0136094 -0.0192796 -0.0242681 -0.0283691 -0.03138 -0.0332573 -0.0339573 -0.0335814 -0.0322555 -0.0301715 -0.0275479 -0.0245609 -0.0214271 -0.018273 -0.0152833 -0.0125333 -0.0101294 -0.00807465 -0.00637604 -0.00499347 -0.00388049 -0.00300796 -0.00231818 -0.00180772 -0.00141549 -0.00115225 -0.000955128 -0.00084145 -0.000754321 -0.000715438 -0.000680018 -0.000670913 -0.000656305 -0.000656031 -0.000649344 -0.000650319 -0.000647099 -0.000647285 -0.00064608 -0.000645249 -0.00064545 -0.000643852 -0.000645045 -0.000643024 -0.000644843 -0.000642749 -0.000644843 -0.000643023 -0.000645043 -0.000643847 -0.000645435 -0.000645208 -0.000645971 -0.000647008 -0.000646418 -0.000648707 -0.000645662 -0.000647933 -0.000639157 -0.000635985 -0.000611616 -0.000586699 -0.000521537 -0.000437086 -0.00028016 -6.87934e-05 0.000259233 0.00069029 0.00128779 0.002048 0.00303301 0.00426228 0.00579392 0.00766713 0.00990222 0.0125115 0.0154234 0.0185825 0.0218262 0.0250448 0.0280275 0.030614 0.0325704 0.0337 0.0338261 0.0328087 0.0306227 0.0272522 0.0228416 0.017537 0.0116202 0.00536465 -0.000929463 -0.00694178 -0.012421 -0.0170971 -0.02087 -0.0236468 -0.0254306 -0.026262 -0.0262252 -0.0255258 -0.0242842 -0.0226694 -0.0208055 -0.0188471 -0.0169367 -0.0150821 -0.0133694 -0.0118344 -0.0105023 -0.00935617 -0.00834511 -0.00753114 -0.006855 -0.00626592 -0.0057841 -0.0053813 -0.00505597 -0.00475398 -0.00449872 -0.00431703 -0.00412128 -0.00395853 -0.00384333 -0.00370891 -0.00359301 -0.00349893 -0.00341172 -0.00332262 -0.00323049 -0.00318982 -0.00314954 -0.00307194 -0.00302765 -0.00298609 -0.00293972 -0.00292327 -0.00288017 -0.00284495 -0.00284736 -0.00281381 -0.00279661 -0.00281241 -0.00277629 
0 7.89623e-05 0.000139122 0.000224129 0.000309156 0.000376273 0.000457591 0.000531059 0.000609522 0.000713813 0.000790513 0.000871497 0.00099021 0.00107706 0.00116412 0.00129028 0.00140162 0.0015235 0.00166099 0.0017949 0.00196156 0.00211863 0.00228897 0.00251713 0.00272351 0.00297424 0.00330192 0.00362511 0.00402737 0.00451544 0.00507786 0.00576342 0.0065502 0.00753699 0.00870142 0.0100124 0.0115892 0.0133637 0.0153269 0.0174329 0.01961 0.0218403 0.0238803 0.0256288 0.0269367 0.0276016 0.0274798 0.0263186 0.0241158 0.0207955 0.0163693 0.0109443 0.00464718 -0.00214832 -0.00920899 -0.0161475 -0.0226743 -0.0284623 -0.0331893 -0.0367298 -0.0389107 -0.0398264 -0.0394697 -0.0380414 -0.0357029 -0.032688 -0.0292658 -0.0256031 -0.0219713 -0.0184425 -0.015236 -0.0123481 -0.00989749 -0.00782526 -0.00614163 -0.00478631 -0.00370397 -0.00287911 -0.00222383 -0.00176885 -0.00140494 -0.00119093 -0.00100836 -0.000930496 -0.000844992 -0.000829784 -0.000788812 -0.000795471 -0.000773311 -0.000784099 -0.000770575 -0.000779559 -0.000771074 -0.000777026 -0.000772081 -0.000775322 -0.00077292 -0.000774213 -0.00077344 -0.000773662 -0.000773615 -0.000773662 -0.000773439 -0.00077421 -0.00077291 -0.000775295 -0.000772011 -0.000776843 -0.000770619 -0.000778462 -0.000768028 -0.000778402 -0.000761035 -0.00077001 -0.000738001 -0.000732269 -0.000665071 -0.000611389 -0.000464216 -0.000298304 5.25259e-06 0.000380435 0.000944126 0.00165078 0.00260245 0.00379314 0.00530046 0.00716679 0.00941725 0.0121094 0.0151674 0.0186108 0.022252 0.0260482 0.029737 0.0331881 0.036109 0.0382851 0.0394957 0.0395287 0.0383212 0.0357261 0.0318467 0.0267138 0.0206206 0.0138257 0.00664556 -0.000565414 -0.00754421 -0.0138728 -0.0193674 -0.0238065 -0.0271599 -0.0294115 -0.0305281 -0.0306977 -0.0300252 -0.0287594 -0.0270106 -0.0249203 -0.022732 -0.0205062 -0.0183777 -0.0163552 -0.014515 -0.0129351 -0.0115076 -0.0102905 -0.00926655 -0.00840003 -0.00769061 -0.00705805 -0.00656554 -0.0061622 -0.00577566 -0.00548808 -0.00523441 -0.00499399 -0.00480584 -0.00462426 -0.00447596 -0.00434062 -0.00420387 -0.00411936 -0.00402066 -0.00390941 -0.00385093 -0.00377713 -0.00369539 -0.00365045 -0.00359248 -0.00354718 -0.00352009 -0.00346235 -0.00343712 -0.00343549 -0.00338146 -0.00335702 -0.00337594 -0.00334589 
0 8.55641e-05 0.000172774 0.000259327 0.000358793 0.000445726 0.000531059 0.000645078 0.000722127 0.00079744 0.000946898 0.0010588 0.00113153 0.00126324 0.00139076 0.00151494 0.00165877 0.00178483 0.00195519 0.00213575 0.00229473 0.00251098 0.00272742 0.00295854 0.00325159 0.00354998 0.00391734 0.00434499 0.00482204 0.00542614 0.00611435 0.00693771 0.00793466 0.00909612 0.0104862 0.01207 0.0138957 0.0159637 0.0181905 0.0205727 0.0230055 0.0254051 0.0275981 0.0293935 0.0306727 0.0312043 0.0308158 0.0293176 0.0266365 0.0227696 0.0176986 0.0115541 0.00451154 -0.00308366 -0.0109068 -0.0186205 -0.0258655 -0.032314 -0.0376138 -0.0415876 -0.0441085 -0.0452096 -0.0449469 -0.0434561 -0.0409396 -0.0376268 -0.0338171 -0.0297351 -0.0256374 -0.0216664 -0.0179898 -0.014679 -0.0118077 -0.00938099 -0.00738005 -0.00576994 -0.0044833 -0.00348984 -0.00271544 -0.00214982 -0.00172304 -0.00143728 -0.00122863 -0.00110591 -0.00101628 -0.000973348 -0.000938486 -0.000927223 -0.00091397 -0.000912404 -0.000907043 -0.000907258 -0.000905062 -0.000904884 -0.000904337 -0.000903457 -0.000903967 -0.000902568 -0.000903765 -0.000902133 -0.000903699 -0.000902132 -0.000903763 -0.000902562 -0.00090395 -0.000903412 -0.000904218 -0.000904582 -0.000904326 -0.000905522 -0.000903098 -0.000903758 -0.000895722 -0.000890152 -0.000866019 -0.000837092 -0.000769895 -0.000677426 -0.000511604 -0.000281712 7.31448e-05 0.000548736 0.00121408 0.00207441 0.00320535 0.00463098 0.00642793 0.00863202 0.0112859 0.014397 0.0179251 0.0218182 0.0259423 0.0301806 0.0343046 0.0381102 0.0412928 0.0436117 0.0448183 0.0447476 0.0432836 0.0403424 0.0359637 0.0302434 0.0234719 0.0159382 0.00800543 -7.51049e-06 -0.00775131 -0.0148532 -0.0210536 -0.0261386 -0.0300687 -0.0327756 -0.0342883 -0.0347141 -0.0342087 -0.0329976 -0.0311976 -0.0290192 -0.0266287 -0.0241744 -0.0217794 -0.0194718 -0.0173719 -0.0154826 -0.0138098 -0.0123713 -0.0111157 -0.0100793 -0.00919377 -0.00844095 -0.00783578 -0.00729943 -0.00686844 -0.00649929 -0.00616318 -0.00590793 -0.00565612 -0.00543858 -0.00527286 -0.00509641 -0.00495637 -0.00482243 -0.00469977 -0.00462782 -0.00450729 -0.00439286 -0.00435427 -0.00428564 -0.00420893 -0.00416134 -0.00410357 -0.00407249 -0.00403865 -0.00398471 -0.00397886 -0.00396073 -0.00391424 -0.00392791 
0 9.18629e-05 0.000220838 0.00030324 0.000392089 0.000519033 0.000609522 0.000722127 0.000862934 0.000956186 0.00106255 0.00119273 0.00131443 0.0014676 0.00161343 0.00174769 0.00191538 0.00208289 0.00226453 0.00245651 0.0026546 0.00291515 0.00317449 0.00344526 0.00380325 0.00417132 0.00458757 0.00510705 0.00569577 0.00640488 0.00723675 0.00823428 0.00943587 0.0108045 0.0124228 0.0142868 0.0163682 0.0186861 0.0211636 0.0237729 0.0263951 0.0288877 0.031131 0.0329003 0.0340431 0.0343439 0.0336125 0.0317253 0.0285604 0.0241414 0.0184752 0.0116974 0.00403859 -0.00420848 -0.0126561 -0.0209909 -0.0288157 -0.0357893 -0.041574 -0.0459328 -0.0487845 -0.0500923 -0.0499609 -0.0484747 -0.0458561 -0.0423393 -0.038225 -0.0338028 -0.0292986 -0.0249342 -0.0208211 -0.0171079 -0.0138252 -0.0110406 -0.00871566 -0.00683646 -0.00533561 -0.00415921 -0.00325821 -0.00256989 -0.00207489 -0.00170721 -0.00146891 -0.00129351 -0.00119816 -0.00112226 -0.00109358 -0.00106117 -0.00105771 -0.00104185 -0.00104567 -0.00103591 -0.00104082 -0.00103377 -0.00103816 -0.00103275 -0.00103645 -0.00103217 -0.00103546 -0.0010319 -0.00103513 -0.0010319 -0.00103545 -0.00103216 -0.00103643 -0.00103267 -0.00103796 -0.00103329 -0.00103965 -0.00103321 -0.00103966 -0.00102895 -0.00103106 -0.00100812 -0.000991986 -0.000935093 -0.000866436 -0.000727735 -0.000539675 -0.000235703 0.000176008 0.00076431 0.00153906 0.00256803 0.00388912 0.00556643 0.00766315 0.0102143 0.0132685 0.0167862 0.0207578 0.0250598 0.0296128 0.0342194 0.0386945 0.0427543 0.0461087 0.0484848 0.0496304 0.049411 0.0476748 0.0444029 0.0395862 0.033393 0.0260782 0.0179646 0.00942635 0.000779268 -0.00757379 -0.015316 -0.0221322 -0.0278294 -0.0323118 -0.0355002 -0.0374565 -0.0382337 -0.0380026 -0.0369343 -0.0351973 -0.0330189 -0.0305249 -0.0279026 -0.025277 -0.0227384 -0.020383 -0.0182022 -0.0162761 -0.0146017 -0.0131281 -0.0118828 -0.0108181 -0.0099341 -0.00918225 -0.00852154 -0.00800801 -0.00755267 -0.00714242 -0.00683207 -0.00654785 -0.00629512 -0.00607795 -0.00588125 -0.00572459 -0.00555363 -0.00540137 -0.00529665 -0.00517576 -0.00508774 -0.00501337 -0.00489803 -0.00483728 -0.00479516 -0.00470977 -0.00466985 -0.00463454 -0.00457143 -0.00456667 -0.00455593 -0.00450697 -0.0045056 
0 9.65528e-05 0.000242933 0.000349135 0.000445392 0.000599264 0.000713813 0.00079744 0.000956186 0.00110531 0.00120608 0.00136432 0.00152661 0.00165117 0.00182463 0.00199926 0.0021629 0.0023858 0.00259335 0.00279904 0.00307081 0.00333909 0.00362911 0.00397505 0.0043606 0.00482103 0.00532463 0.00592929 0.00667589 0.00749209 0.0084844 0.00968513 0.0110579 0.0126694 0.0145148 0.0166411 0.0189976 0.0215197 0.0242433 0.027023 0.0297482 0.0322758 0.0344387 0.0360999 0.036984 0.0369466 0.0358184 0.0334678 0.0298383 0.0248655 0.018676 0.0113783 0.00322409 -0.0054922 -0.0144411 -0.0232148 -0.0314881 -0.0388514 -0.0450247 -0.049744 -0.052895 -0.0544624 -0.0544753 -0.0530845 -0.0504316 -0.0468146 -0.0424918 -0.0377971 -0.0329707 -0.0282331 -0.0237472 -0.0196217 -0.015966 -0.0127969 -0.010158 -0.00798246 -0.00625793 -0.00488517 -0.00383697 -0.00302922 -0.00243763 -0.002004 -0.001703 -0.00149918 -0.00136422 -0.00128407 -0.00122964 -0.0012058 -0.00118351 -0.00118135 -0.00116943 -0.00117452 -0.00116523 -0.00117258 -0.00116376 -0.00117184 -0.00116309 -0.00117145 -0.00116275 -0.00117127 -0.00116264 -0.00117127 -0.00116275 -0.00117144 -0.00116304 -0.00117172 -0.00116344 -0.0011718 -0.00116341 -0.00117041 -0.00116044 -0.00116244 -0.00114521 -0.0011311 -0.00108945 -0.00103092 -0.000924285 -0.00076305 -0.000515811 -0.00015576 0.00034613 0.00103858 0.00194872 0.00315169 0.00467807 0.00662608 0.00901845 0.0119376 0.0153576 0.0192897 0.02364 0.0283345 0.0332277 0.0381439 0.0428614 0.0470739 0.0505096 0.0528452 0.0538986 0.0534655 0.0514774 0.0478715 0.0427049 0.0361474 0.0284292 0.0199119 0.0109007 0.00181248 -0.00702313 -0.0152536 -0.0225987 -0.0288659 -0.0338603 -0.0375739 -0.0399864 -0.0412088 -0.0413368 -0.0405 -0.0389505 -0.0368358 -0.034361 -0.0316438 -0.0288506 -0.0261529 -0.0235482 -0.0211332 -0.0189437 -0.0170085 -0.015327 -0.0138226 -0.0125735 -0.0115267 -0.0106031 -0.00984855 -0.00920952 -0.00867511 -0.00821237 -0.00779688 -0.00748056 -0.00717766 -0.00689274 -0.00669023 -0.00648229 -0.00629667 -0.00616074 -0.00599822 -0.00586742 -0.00577584 -0.00564892 -0.00554706 -0.00548849 -0.00540839 -0.00533169 -0.00528607 -0.00524442 -0.00519732 -0.00515098 -0.00511956 -0.00510594 -0.00509211 
0 0.000141931 0.000242652 0.000385697 0.000535063 0.000643744 0.000790513 0.000946898 0.00106255 0.00120608 0.00137955 0.00154513 0.00170434 0.00186121 0.00205513 0.0022649 0.00245402 0.00267735 0.00292292 0.00317781 0.00347586 0.00378501 0.00413371 0.0045431 0.00499308 0.00552546 0.00613074 0.0068483 0.00771324 0.00869001 0.00986785 0.011264 0.0128611 0.0147115 0.0168077 0.0191812 0.0217602 0.024489 0.027373 0.0302522 0.033002 0.035459 0.0374776 0.0388985 0.0394472 0.038998 0.0374045 0.0345781 0.0304476 0.0249747 0.0183149 0.0105993 0.00208559 -0.00697572 -0.0162473 -0.0253275 -0.0338795 -0.0415135 -0.0479771 -0.0529932 -0.056439 -0.0582543 -0.0584671 -0.0572097 -0.0546221 -0.0509912 -0.0465639 -0.0416874 -0.036603 -0.031563 -0.0267316 -0.0222456 -0.0182185 -0.0146923 -0.0117221 -0.00925445 -0.00728438 -0.00570677 -0.00449706 -0.00355531 -0.00286242 -0.00234389 -0.00198285 -0.00172908 -0.00156271 -0.00145653 -0.00138832 -0.00135246 -0.00132515 -0.00131782 -0.00130425 -0.00130714 -0.00129712 -0.00130355 -0.00129413 -0.00130195 -0.00129255 -0.00130107 -0.0012917 -0.00130065 -0.00129142 -0.00130064 -0.00129169 -0.00130104 -0.00129247 -0.00130175 -0.00129362 -0.00130234 -0.00129434 -0.00130095 -0.00129102 -0.00129052 -0.00127095 -0.00124886 -0.00119771 -0.00111904 -0.000987367 -0.000784052 -0.000485316 -5.01729e-05 0.000541869 0.00135568 0.00241215 0.00380387 0.00555805 0.00778374 0.0104962 0.0137705 0.0175672 0.0218755 0.0265937 0.0316213 0.0368096 0.0419493 0.0468159 0.0510816 0.0544879 0.0567174 0.0575963 0.056932 0.0546567 0.0507501 0.0452853 0.0384629 0.030487 0.0217023 0.012409 0.00302316 -0.00611523 -0.0147004 -0.0224578 -0.0291979 -0.0346915 -0.038908 -0.0418363 -0.043551 -0.0441299 -0.0436601 -0.0423889 -0.0404707 -0.0380901 -0.0353819 -0.0325068 -0.02966 -0.0268672 -0.0242242 -0.0217923 -0.0196033 -0.01768 -0.0159611 -0.0144968 -0.0132567 -0.0121765 -0.0112773 -0.0105065 -0.00986131 -0.00931649 -0.00883129 -0.0084366 -0.00808683 -0.00777981 -0.0075265 -0.00727685 -0.00706981 -0.0069036 -0.00673372 -0.00657815 -0.00643405 -0.00632601 -0.00624378 -0.00612685 -0.00603346 -0.00598351 -0.00590711 -0.00584355 -0.00581322 -0.00576269 -0.00572327 -0.00571143 -0.0056866 
0 0.000164113 0.000270267 0.000431624 0.000600352 0.000708432 0.000871497 0.0010588 0.00119273 0.00136432 0.00154513 0.0016866 0.00188956 0.00211339 0.00229645 0.00252075 0.00276353 0.00299629 0.00327704 0.00357742 0.00389324 0.00426655 0.00468201 0.00515218 0.00568683 0.00629617 0.00702837 0.00787231 0.00885368 0.0100352 0.0114045 0.0129991 0.0148455 0.0169302 0.0192884 0.0218744 0.024646 0.0275654 0.0305236 0.0334328 0.0361112 0.0384067 0.0401896 0.0412339 0.0413762 0.0404369 0.0383361 0.0350113 0.0303692 0.0244728 0.0174102 0.00940376 0.000650675 -0.00861182 -0.018034 -0.0272848 -0.0359532 -0.043765 -0.0504166 -0.0556867 -0.0594081 -0.0614744 -0.0619398 -0.0608562 -0.0584383 -0.0548663 -0.0504499 -0.045464 -0.0402002 -0.0349117 -0.0297712 -0.024967 -0.0205721 -0.0167172 -0.0133922 -0.0106445 -0.0083929 -0.00661424 -0.00521152 -0.00413649 -0.00332192 -0.00271531 -0.00228489 -0.00197312 -0.00177579 -0.00163146 -0.00155816 -0.00149517 -0.00147756 -0.00144767 -0.00145089 -0.00143249 -0.00144215 -0.00142746 -0.0014387 -0.00142542 -0.00143691 -0.00142442 -0.00143593 -0.00142397 -0.00143561 -0.00142397 -0.00143591 -0.00142437 -0.00143678 -0.00142509 -0.00143791 -0.00142559 -0.00143795 -0.00142334 -0.0014317 -0.00140887 -0.00140201 -0.00135357 -0.00130266 -0.00118765 -0.00103314 -0.000774876 -0.000417736 0.000100701 0.000800216 0.00173908 0.00297066 0.00455115 0.00656918 0.00906417 0.0121246 0.0157275 0.0199037 0.0245435 0.0296013 0.0349041 0.0403184 0.0456042 0.0505061 0.05474 0.0579981 0.0600649 0.060692 0.0597809 0.057209 0.0530339 0.0473473 0.0403418 0.032258 0.0233358 0.0139471 0.00441322 -0.00487894 -0.0136809 -0.02175 -0.0288499 -0.0348198 -0.0395207 -0.0429944 -0.0452432 -0.0463253 -0.0463465 -0.0454419 -0.0438321 -0.0416372 -0.0390337 -0.0361899 -0.0332346 -0.0303158 -0.0274861 -0.0248343 -0.0224114 -0.0202193 -0.0182983 -0.0166071 -0.0151361 -0.0138959 -0.0128256 -0.0119123 -0.0111398 -0.0104845 -0.00993948 -0.00945458 -0.00904204 -0.00870811 -0.00838705 -0.00811258 -0.00788821 -0.00764843 -0.00745791 -0.00732068 -0.00715616 -0.00701636 -0.00690976 -0.00678848 -0.00670193 -0.00663289 -0.00653425 -0.0064644 -0.00642861 -0.00638384 -0.00635153 -0.00632955 -0.00629253 
0 0.000147114 0.000329472 0.000486678 0.0006262 0.000811217 0.00099021 0.00113153 0.00131443 0.00152661 0.00170434 0.00188956 0.00211061 0.00233052 0.00254494 0.0027885 0.00306964 0.00335244 0.0036537 0.00400811 0.0043758 0.00478137 0.0052729 0.0058105 0.00642094 0.00716079 0.00802095 0.00900773 0.0101634 0.0115369 0.0131214 0.0149227 0.0169995 0.0193426 0.0219181 0.0246977 0.0276444 0.0306805 0.0336703 0.0365015 0.0390249 0.0410758 0.0424873 0.0430773 0.0427081 0.0412377 0.0385991 0.0347412 0.0296404 0.0233632 0.0160209 0.00782386 -0.00104761 -0.0103514 -0.0197927 -0.0290364 -0.0377228 -0.0455913 -0.0523623 -0.0578338 -0.0617942 -0.064141 -0.0648685 -0.0640466 -0.061849 -0.0584457 -0.0541186 -0.0491138 -0.0437479 -0.0382564 -0.0328713 -0.0277585 -0.0230468 -0.0188475 -0.0151958 -0.0121363 -0.00960928 -0.00759863 -0.00599652 -0.00477078 -0.00382097 -0.00312376 -0.00260409 -0.00224357 -0.00199062 -0.00182606 -0.00172061 -0.00165418 -0.00161859 -0.00159279 -0.00158542 -0.0015731 -0.00157584 -0.00156684 -0.00157311 -0.00156449 -0.00157217 -0.00156339 -0.00157176 -0.00156291 -0.00157163 -0.0015629 -0.00157172 -0.00156331 -0.00157196 -0.00156398 -0.00157188 -0.00156402 -0.00156961 -0.00155979 -0.00155801 -0.00153844 -0.00151479 -0.00146333 -0.00138274 -0.00124995 -0.00104379 -0.000741782 -0.000300992 0.00029967 0.00112624 0.00220269 0.00362219 0.00541812 0.00770108 0.010496 0.0138824 0.0178314 0.0223374 0.0273028 0.0326313 0.0381713 0.0437265 0.0490754 0.0539205 0.0580111 0.0610523 0.0628549 0.0632047 0.0619934 0.059154 0.0547388 0.0489002 0.0418116 0.0337138 0.0248231 0.0154693 0.0059674 -0.00335863 -0.0122531 -0.0205076 -0.0278912 -0.0342481 -0.0394434 -0.0434498 -0.0462582 -0.0478998 -0.0484667 -0.0480561 -0.0468258 -0.0449259 -0.0425357 -0.0398059 -0.0368601 -0.0338553 -0.0309043 -0.0280809 -0.0254209 -0.0229882 -0.0208279 -0.0189011 -0.0172025 -0.0157474 -0.0145156 -0.0134496 -0.0125289 -0.0117749 -0.0111248 -0.0105461 -0.01007 -0.00965644 -0.00928361 -0.00897245 -0.00871051 -0.00846617 -0.00823641 -0.00805926 -0.00790257 -0.00772065 -0.00758435 -0.00749082 -0.00736293 -0.00725851 -0.00720895 -0.00713723 -0.00705671 -0.00701116 -0.00696559 -0.00692379 -0.0069208 
0 0.000169404 0.000353827 0.00052582 0.000700659 0.000895531 0.00107706 0.00126324 0.0014676 0.00165117 0.00186121 0.00211339 0.00233052 0.00255358 0.00282454 0.0031013 0.00339959 0.00371153 0.00405122 0.00446041 0.00488288 0.00535536 0.00592872 0.00654683 0.00726852 0.00813228 0.00911706 0.0102716 0.0116152 0.0131948 0.0150105 0.0170417 0.0193688 0.0219495 0.0247163 0.027661 0.0307142 0.0337875 0.0367147 0.0393721 0.0416538 0.0433536 0.0443089 0.044371 0.0434347 0.0414115 0.0382088 0.0338327 0.0283081 0.0217191 0.0141946 0.00589298 -0.00297378 -0.0121987 -0.0215095 -0.03061 -0.0392047 -0.0470229 -0.0538448 -0.0594379 -0.0636121 -0.0662272 -0.0672493 -0.0667436 -0.0648287 -0.0616879 -0.0575245 -0.0526056 -0.0472026 -0.0415907 -0.0360058 -0.0306352 -0.0256369 -0.0211121 -0.0171488 -0.013765 -0.0109652 -0.00869172 -0.00689054 -0.00548052 -0.00439852 -0.00358138 -0.00297648 -0.00254367 -0.00223783 -0.00203619 -0.00189936 -0.00181965 -0.00176464 -0.00173931 -0.00171754 -0.00171257 -0.00170225 -0.00170379 -0.001697 -0.00170041 -0.0016948 -0.00169882 -0.00169376 -0.00169811 -0.00169344 -0.00169809 -0.00169371 -0.00169868 -0.00169447 -0.00169962 -0.00169514 -0.00169959 -0.00169314 -0.00169348 -0.00167897 -0.00166426 -0.001624 -0.00156587 -0.0014583 -0.00129755 -0.00104466 -0.000681786 -0.000163822 0.00054313 0.00149115 0.00273618 0.00434193 0.0063871 0.00893429 0.0120519 0.0157545 0.0200456 0.0248583 0.0301155 0.0356789 0.0413897 0.0470304 0.0523458 0.057064 0.060912 0.0636697 0.0651324 0.0651542 0.06362 0.0605109 0.0559056 0.0499579 0.0428717 0.0348408 0.0261068 0.0169299 0.00759905 -0.00161579 -0.0104901 -0.0187964 -0.0263596 -0.0330159 -0.0386529 -0.0431861 -0.0465559 -0.0488047 -0.0499775 -0.0501524 -0.0494163 -0.0479101 -0.0458385 -0.0433116 -0.040465 -0.0374522 -0.0344162 -0.0314645 -0.0286101 -0.0259581 -0.0235684 -0.0214053 -0.0194903 -0.017811 -0.0163732 -0.0151381 -0.0140515 -0.0131564 -0.0123892 -0.0117099 -0.0111598 -0.0106776 -0.0102526 -0.00988949 -0.00956409 -0.00930612 -0.00905976 -0.00880867 -0.00862884 -0.00847492 -0.00831298 -0.00817861 -0.00805508 -0.00794815 -0.0078646 -0.0077805 -0.00771043 -0.00765836 -0.00761013 -0.00757296 -0.00755012 
0 0.000199336 0.000372185 0.000572229 0.000789807 0.000974533 0.00116412 0.00139076 0.00161343 0.00182463 0.00205513 0.00229645 0.00254494 0.00282454 0.00312392 0.00342322 0.00374156 0.00410612 0.00451043 0.0049391 0.00543092 0.00600332 0.00663364 0.00736865 0.00822774 0.00920672 0.0103619 0.0116984 0.0132478 0.0150507 0.0170785 0.0193714 0.0219272 0.0246983 0.0276508 0.0307017 0.0338084 0.0368317 0.0395992 0.0420206 0.043936 0.0451903 0.0456029 0.0450633 0.0435345 0.0409089 0.0371604 0.0322962 0.0264083 0.0196074 0.0119791 0.00370066 -0.00506108 -0.0140744 -0.0231272 -0.0319819 -0.0403749 -0.0480865 -0.0548738 -0.0605495 -0.0648975 -0.0677812 -0.0691326 -0.0689775 -0.0674222 -0.064592 -0.0606863 -0.0559144 -0.0505603 -0.0448851 -0.0391536 -0.0335705 -0.0283058 -0.0234895 -0.019207 -0.0155172 -0.0124163 -0.00988542 -0.00785246 -0.00625918 -0.00502026 -0.0040824 -0.00337817 -0.00286898 -0.00250558 -0.00225891 -0.00209413 -0.00199006 -0.00192559 -0.00188724 -0.00186554 -0.00185248 -0.00184624 -0.00184133 -0.00184004 -0.00183742 -0.0018377 -0.00183575 -0.00183667 -0.00183505 -0.00183635 -0.00183502 -0.00183659 -0.00183554 -0.00183719 -0.00183621 -0.00183725 -0.00183518 -0.00183311 -0.00182548 -0.00181202 -0.00178502 -0.00173755 -0.0016569 -0.00152542 -0.00132289 -0.00101842 -0.000583988 2.51498e-05 0.000845655 0.00193964 0.00335808 0.00518383 0.00747813 0.0103218 0.0137475 0.0177797 0.0223783 0.0274825 0.0329804 0.0387296 0.0445446 0.0501842 0.0553918 0.0598809 0.0634264 0.0658102 0.06689 0.0665269 0.0646605 0.0613004 0.0565437 0.0505667 0.0435385 0.0356827 0.0271949 0.0183274 0.00929235 0.000302348 -0.00842297 -0.0166976 -0.0243259 -0.0312126 -0.037221 -0.0422379 -0.0461811 -0.049031 -0.0508576 -0.0516577 -0.051502 -0.0505041 -0.0488219 -0.0466129 -0.0439594 -0.0410438 -0.0380089 -0.034957 -0.0319861 -0.0291427 -0.0265214 -0.0241348 -0.0219792 -0.020086 -0.0184154 -0.0169749 -0.0157425 -0.0146661 -0.0137635 -0.0129968 -0.0123274 -0.0117627 -0.0112822 -0.0108637 -0.0104823 -0.0101501 -0.00988737 -0.00964171 -0.00940693 -0.00922442 -0.00905425 -0.00888822 -0.00877731 -0.00866751 -0.00852286 -0.0084365 -0.00839356 -0.00831454 -0.00826704 -0.00825381 -0.00819145 
0 0.000208582 0.000431507 0.00063525 0.000834862 0.00106036 0.00129028 0.00151494 0.00174769 0.00199926 0.0022649 0.00252075 0.0027885 0.0031013 0.00342322 0.00374528 0.00412288 0.00455633 0.00499749 0.0054793 0.00606259 0.00670735 0.00742138 0.00828739 0.00928592 0.0104239 0.0117628 0.0133109 0.0150904 0.0170988 0.0193633 0.0219033 0.0246456 0.0275863 0.0306649 0.0337795 0.0368567 0.0397252 0.0422712 0.0443499 0.0458056 0.0465199 0.0463144 0.0451534 0.0429833 0.0397571 0.0354853 0.0301876 0.0240269 0.0170778 0.0094545 0.00129182 -0.00724997 -0.0159385 -0.0246421 -0.0331426 -0.0412696 -0.0487895 -0.0554893 -0.0611914 -0.0656771 -0.0688318 -0.0705197 -0.070769 -0.0696074 -0.0671597 -0.0635692 -0.0590244 -0.0537939 -0.0481207 -0.0423087 -0.0365482 -0.0310655 -0.0259683 -0.0213948 -0.0173893 -0.0139929 -0.0111835 -0.00890967 -0.00711391 -0.00570434 -0.00463549 -0.00381688 -0.00322921 -0.00279211 -0.00250426 -0.00229513 -0.00217495 -0.00208534 -0.00204513 -0.00200886 -0.00200023 -0.00198438 -0.00198586 -0.00197708 -0.00198101 -0.00197477 -0.00197905 -0.00197393 -0.00197826 -0.00197368 -0.00197821 -0.0019738 -0.00197873 -0.00197399 -0.00197919 -0.00197298 -0.00197696 -0.00196574 -0.00196259 -0.00193559 -0.00190772 -0.00183713 -0.00174296 -0.00157041 -0.00133123 -0.000957599 -0.000451466 0.000265935 0.00120766 0.00246413 0.00407293 0.00613214 0.00869684 0.0118375 0.0155836 0.0199227 0.0248224 0.0301725 0.0358814 0.0417495 0.047608 0.0531645 0.0581835 0.0623745 0.0655418 0.0675081 0.0681419 0.0673761 0.0651556 0.0615722 0.0567037 0.0507506 0.0438566 0.0362361 0.0280956 0.019615 0.0109891 0.00232979 -0.0061409 -0.0142729 -0.0218944 -0.028905 -0.0352126 -0.0406436 -0.045131 -0.0485941 -0.0510629 -0.0525332 -0.0530115 -0.0526172 -0.0514285 -0.0496091 -0.047274 -0.0445544 -0.0416138 -0.0385407 -0.0354899 -0.0325245 -0.0296875 -0.0270732 -0.024693 -0.0225633 -0.0206651 -0.0190045 -0.0175972 -0.0163552 -0.0152802 -0.0143949 -0.0136169 -0.0129285 -0.0123599 -0.0118859 -0.0114557 -0.0110697 -0.0107612 -0.0104946 -0.0102324 -0.0100052 -0.00981895 -0.00964488 -0.00948259 -0.0093555 -0.0092606 -0.00916417 -0.00906723 -0.00899267 -0.00893052 -0.00888366 -0.00886833 
0 0.000222165 0.000459651 0.000684267 0.000918763 0.00116463 0.00140162 0.00165877 0.00191538 0.0021629 0.00245402 0.00276353 0.00306964 0.00339959 0.00374156 0.00412288 0.00456044 0.00501067 0.00550612 0.00609346 0.00675654 0.00749527 0.0083414 0.00933856 0.0104931 0.0118019 0.0133293 0.015109 0.0171066 0.0193451 0.0218649 0.0246151 0.0275362 0.0305981 0.0337376 0.0368434 0.0397656 0.0423983 0.0446199 0.0462536 0.0471773 0.0472634 0.046429 0.0446243 0.0418077 0.0380119 0.0332457 0.0276118 0.0212351 0.0142175 0.00668224 -0.00128365 -0.0094872 -0.0177863 -0.026042 -0.0341272 -0.0419093 -0.049163 -0.0557271 -0.0613847 -0.0659952 -0.0693853 -0.0714368 -0.072106 -0.0713828 -0.0693711 -0.0661471 -0.0619177 -0.0568683 -0.0512933 -0.0454442 -0.0395783 -0.0339025 -0.0285653 -0.0237133 -0.019401 -0.0157108 -0.0126036 -0.0100861 -0.00805483 -0.00647616 -0.00524148 -0.00431598 -0.00361767 -0.00311725 -0.00276027 -0.00251767 -0.00235883 -0.00225434 -0.00219544 -0.00215342 -0.00213749 -0.00211883 -0.00211893 -0.0021074 -0.00211303 -0.00210326 -0.00211091 -0.00210158 -0.00211012 -0.00210106 -0.00211005 -0.00210138 -0.00211042 -0.00210209 -0.00211034 -0.00210146 -0.00210625 -0.00209273 -0.00208571 -0.00205443 -0.00201309 -0.0019307 -0.00180524 -0.00160441 -0.00130556 -0.000876141 -0.000270714 0.000543113 0.00163756 0.00304973 0.00488172 0.00717288 0.010032 0.0134659 0.0175328 0.0221663 0.0273374 0.0329116 0.0387717 0.044722 0.0505356 0.0559579 0.060698 0.0645456 0.0672738 0.0687843 0.068944 0.0677446 0.0651868 0.061376 0.0564506 0.0505452 0.0438517 0.0365208 0.028783 0.0207657 0.012603 0.00439178 -0.00373927 -0.0116146 -0.0191406 -0.0261878 -0.0326738 -0.0384539 -0.0434112 -0.0474823 -0.0505892 -0.0527357 -0.0539166 -0.0541824 -0.0535991 -0.0522547 -0.0503198 -0.0479092 -0.0451345 -0.0421369 -0.0390615 -0.0360195 -0.0330471 -0.0302248 -0.0276423 -0.0252895 -0.0231537 -0.0212705 -0.0196369 -0.0182075 -0.0169592 -0.0158974 -0.0150071 -0.0142274 -0.013543 -0.0129801 -0.0124985 -0.0120688 -0.0116915 -0.0113503 -0.0110737 -0.0108445 -0.0106125 -0.0104187 -0.0102568 -0.010098 -0.00998322 -0.00987435 -0.00975843 -0.00969971 -0.00964235 -0.00956874 -0.00955344 
0 0.000237898 0.000490201 0.000743082 0.00100667 0.00127431 0.0015235 0.00178483 0.00208289 0.0023858 0.00267735 0.00299629 0.00335244 0.00371153 0.00410612 0.00455633 0.00501067 0.00551363 0.00611658 0.0067778 0.0075208 0.00838382 0.00937583 0.0105309 0.0118492 0.0133623 0.0151192 0.017109 0.0193383 0.0218191 0.0245462 0.0274767 0.0305267 0.0336586 0.0367975 0.0397842 0.0424843 0.0447943 0.0465867 0.0476967 0.0479913 0.0474119 0.0459143 0.0434465 0.0400127 0.0356698 0.0305018 0.0246128 0.0181086 0.0111193 0.00374441 -0.00390676 -0.0117037 -0.0195356 -0.0272964 -0.0349254 -0.0422962 -0.0492544 -0.0556193 -0.0612187 -0.0659146 -0.0695314 -0.0719467 -0.0730384 -0.0727926 -0.0712296 -0.0684379 -0.0645585 -0.0597731 -0.0543483 -0.0485306 -0.0426075 -0.0367742 -0.0312375 -0.0261142 -0.021526 -0.0175248 -0.0141372 -0.0113443 -0.00908622 -0.00730691 -0.00591231 -0.00485679 -0.00405127 -0.00347375 -0.003047 -0.0027656 -0.00256329 -0.00244602 -0.00236017 -0.00232052 -0.00228611 -0.00227701 -0.00226212 -0.0022629 -0.00225471 -0.00225807 -0.00225226 -0.00225622 -0.00225142 -0.00225566 -0.00225131 -0.00225591 -0.00225152 -0.00225633 -0.00225079 -0.00225439 -0.00224428 -0.00224094 -0.0022158 -0.00218845 -0.00212111 -0.00202898 -0.00186179 -0.00162688 -0.00126076 -0.000760767 -5.16311e-05 0.000883498 0.00213282 0.00373561 0.00579025 0.00835134 0.0114949 0.0152479 0.0196087 0.0245378 0.0299383 0.0357079 0.041664 0.0476304 0.0533328 0.0585296 0.0629372 0.0663592 0.0686217 0.0696197 0.0692979 0.0676481 0.0647644 0.0607553 0.0557918 0.0499973 0.043538 0.0365775 0.0292825 0.0217837 0.0141408 0.00643771 -0.00124939 -0.00880544 -0.0161398 -0.0231549 -0.0297293 -0.0357589 -0.0411291 -0.0457354 -0.0494686 -0.0522719 -0.0541573 -0.0551313 -0.0552035 -0.0544455 -0.052995 -0.0509847 -0.0485052 -0.0456791 -0.0426786 -0.0396144 -0.036558 -0.0335961 -0.0308028 -0.0282305 -0.025878 -0.0237566 -0.0218906 -0.0202521 -0.0188295 -0.0175938 -0.0165234 -0.0156359 -0.0148633 -0.0141688 -0.0135966 -0.0131122 -0.0126764 -0.012301 -0.0119791 -0.0116929 -0.011438 -0.0112347 -0.011063 -0.0108759 -0.0107131 -0.0106029 -0.0105041 -0.0104191 -0.0103583 -0.0103029 -0.0102527 
