0 0 0 0 0 0 0 0 0 0 0 0 0 0 0 0 0 0 0 0 0 0 0 0 0 0 0 0 0 0 0 0 0 0 0 0 0 0 0 0 0 0 0 0 0 0 0 0 0 0 0 0 0 0 0 0 0 0 0 0 0 0 0 0 0 0 0 0 0 0 0 0 0 0 0 0 0 0 0 0 0 0 0 0 0 0 0 0 0 0 0 0 0 0 0 0 0 0 0 0 0 0 0 0 0 0 0 0 0 0 0 0 0 0 0 0 0 0 0 0 0 0 0 0 0 0 0 0 0 0 0 0 0 0 0 0 0 0 0 0 0 0 0 0 0 0 0 0 0 0 0 0 0 0 0 0 0 0 0 0 0 0 0 0 0 0 0 0 0 0 0 0 0 0 0 0 0 0 0 0 0 0 0 0 0 0 0 0 0 0 0 0 0 0 0 0 0 0 0 0 
0 3.5757e-06 1.01604e-05 1.76957e-05 1.34543e-05 1.24011e-05 2.10992e-05 2.27316e-05 2.79004e-05 4.46743e-05 4.83537e-05 3.41841e-05 4.22167e-05 5.39777e-05 3.8607e-05 6.28881e-05 8.60144e-05 5.42836e-05 6.79919e-05 8.96697e-05 8.36864e-05 9.75853e-05 7.9482e-05 8.85386e-05 0.000119531 0.000104926 0.000118107 0.000126873 0.00013572 0.000147064 0.000137373 0.00016615 0.000157671 0.000160744 0.000192315 0.000179133 0.000202267 0.00021341 0.000229291 0.000243014 0.000244946 0.000286771 0.000279124 0.000299534 0.000326342 0.000339682 0.000365893 0.00037468 0.000430178 0.000446277 0.00048099 0.000532544 0.000584667 0.000652479 0.000702665 0.000817276 0.000921153 0.00105833 0.00121295 0.00142219 0.00168066 0.00194857 0.00228123 0.00263567 0.00304894 0.00342472 0.00379201 0.00409683 0.00432812 0.00441778 0.00431602 0.00402849 0.00352182 0.00283254 0.00191431 0.000854555 -0.000332848 -0.00151833 -0.00268565 -0.00373822 -0.00466039 -0.00536977 -0.00584844 -0.00607206 -0.00606588 -0.00586868 -0.00551234 -0.00504814 -0.00449086 -0.00390244 -0.00329254 -0.00272922 -0.00220292 -0.00176459 -0.00137563 -0.00107043 -0.000795766 -0.000583408 -0.000378032 -0.000213255 -3.35388e-05 0.000126938 0.000323815 0.000523084 0.000780421 0.00106364 0.00142809 0.00184109 0.00234757 0.00290065 0.00351785 0.00413176 0.004737 0.00526673 0.00571042 0.00601156 0.00614339 0.00605433 0.00571401 0.00512329 0.00429522 0.0032981 0.00215285 0.000946179 -0.000304975 -0.00147434 -0.00253561 -0.0033826 -0.00405148 -0.00449238 -0.00474278 -0.00477285 -0.00463508 -0.00438126 -0.00404683 -0.0036772 -0.00325251 -0.00286397 -0.00248778 -0.00218219 -0.00187914 -0.00163173 -0.00143132 -0.00127087 -0.00114084 -0.00100631 -0.000937725 -0.000858368 -0.000806167 -0.000738697 -0.000704212 -0.000680656 -0.000626788 -0.000609236 -0.000574766 -0.000566663 -0.000525759 -0.000506654 -0.000506506 -0.000467926 -0.000465245 -0.000444953 -0.000444694 -0.000425775 -0.00040934 -0.000425044 -0.000389769 -0.000392451 -0.000388066 -0.000366239 -0.000367209 -0.0003513 -0.000359125 -0.000337175 -0.000329545 -0.000353938 -0.000329495 -0.000328668 -0.000321039 -0.000310555 -0.000337017 -0.000307598 -0.000284791 -0.000308096 -0.000305603 -0.000299929 -0.000301516 -0.000300585 -0.000290506 -0.000280565 -0.000294673 -0.000290661 -0.000277008 -0.000290416 -0.000286127 -0.000274602 -0.000288172 -0.000286535 -0.000272023 -0.000281915 
0 1.01604e-05 3.62108e-06 2.16337e-05 3.18195e-05 3.82373e-05 5.57252e-05 5.34389e-05 5.93233e-05 6.15515e-05 6.10885e-05 9.27013e-05 9.99071e-05 0.000101137 0.000124386 0.000114121 0.00011171 0.000139702 0.000157826 0.000154397 0.00014576 0.000182009 0.000209154 0.00019524 0.00021331 0.000227869 0.000228477 0.000251785 0.000261936 0.000266833 0.000292021 0.000316869 0.00032536 0.000343761 0.000375463 0.000388583 0.000399338 0.00043151 0.000457726 0.000465337 0.000500046 0.00054129 0.000562476 0.000595947 0.000645126 0.000697198 0.000725845 0.000782633 0.000857201 0.000911115 0.000978406 0.00106496 0.00118613 0.00128943 0.00142737 0.00162043 0.00184884 0.0021174 0.0024324 0.00286539 0.00335844 0.00393101 0.00456822 0.0053064 0.00609601 0.00686154 0.00757787 0.00817683 0.0086276 0.00877435 0.00858412 0.0079759 0.00698837 0.0055762 0.003778 0.00164705 -0.000682102 -0.00305383 -0.00535706 -0.00745485 -0.00927949 -0.0106836 -0.0116429 -0.0120815 -0.012093 -0.0116894 -0.0110082 -0.0100647 -0.00898606 -0.00779195 -0.00661022 -0.00546172 -0.00444288 -0.00353762 -0.00278855 -0.00214626 -0.00162419 -0.00116749 -0.000783906 -0.000422752 -9.04883e-05 0.00026192 0.000628398 0.00105857 0.00154591 0.00214417 0.00284462 0.00369999 0.0046798 0.00580875 0.00700435 0.00824967 0.00942182 0.0104974 0.0113504 0.011964 0.0121986 0.0120304 0.0113407 0.010178 0.00853765 0.00655964 0.00429869 0.00189422 -0.000560808 -0.00289799 -0.00497419 -0.00669183 -0.00799627 -0.0089088 -0.00938573 -0.0094818 -0.00921049 -0.00872772 -0.00807268 -0.0073334 -0.00652098 -0.00572939 -0.00501384 -0.00436968 -0.00379986 -0.00328697 -0.00289743 -0.0025686 -0.0022962 -0.00205168 -0.00187533 -0.00174199 -0.00160219 -0.00149075 -0.00140245 -0.00134339 -0.00125931 -0.00119478 -0.00115946 -0.00111286 -0.00106307 -0.00102376 -0.00100757 -0.000966479 -0.00092684 -0.000913423 -0.00088644 -0.000849461 -0.000829294 -0.000817825 -0.000788305 -0.000766483 -0.000764294 -0.00074923 -0.000726115 -0.000723735 -0.000713217 -0.000691658 -0.000693257 -0.000670711 -0.000643289 -0.000657202 -0.000656136 -0.000629204 -0.000611938 -0.000628811 -0.000638211 -0.000608016 -0.000602611 -0.000598669 -0.000581056 -0.000591091 -0.000586488 -0.000584564 -0.000585353 -0.000564009 -0.000578716 -0.000576398 -0.000553074 -0.000577766 -0.00056446 -0.000546409 -0.000577632 -0.00055736 
0 1.76957e-05 2.16337e-05 3.60833e-05 4.51103e-05 5.01973e-05 6.74232e-05 7.76083e-05 9.06382e-05 0.000110094 0.000117541 0.000125098 0.000137428 0.000148062 0.000161345 0.000181399 0.000197999 0.000203777 0.000220343 0.000239432 0.000249959 0.00026977 0.000279156 0.000290804 0.000321968 0.000337527 0.000351812 0.000379007 0.000401482 0.000418037 0.000440435 0.000470792 0.000486238 0.000511351 0.000550704 0.000572844 0.000603303 0.00064616 0.000685414 0.000716629 0.000761163 0.00081806 0.000854988 0.000904419 0.000971181 0.00103488 0.00109401 0.00117142 0.00127419 0.0013651 0.00147137 0.0016116 0.00177942 0.00195837 0.00217363 0.00246479 0.00281035 0.00321879 0.00371579 0.00434721 0.005094 0.00594288 0.006909 0.00799226 0.00914732 0.010275 0.0113174 0.0121931 0.0128072 0.0130051 0.0126818 0.0117763 0.0102749 0.00817177 0.00549252 0.00234863 -0.00108725 -0.0045943 -0.00799366 -0.0111044 -0.0137838 -0.0158711 -0.0172772 -0.0179581 -0.0179743 -0.0174113 -0.016393 -0.0150201 -0.013408 -0.0116606 -0.00989489 -0.00820724 -0.00667472 -0.00533533 -0.00419653 -0.00324183 -0.00244103 -0.00176238 -0.00117025 -0.000634359 -0.000119626 0.000403369 0.000969749 0.00160938 0.00235831 0.0032491 0.00431668 0.00558541 0.00706213 0.00872424 0.0105111 0.0123354 0.0140852 0.0156546 0.0169281 0.0178023 0.0181486 0.0178619 0.0168495 0.0151133 0.0127075 0.00977143 0.00643657 0.00287512 -0.000743639 -0.00419256 -0.00727368 -0.00982981 -0.0117995 -0.0131603 -0.0139072 -0.0140691 -0.0137278 -0.0130304 -0.0120879 -0.0109948 -0.00981139 -0.00864769 -0.00757056 -0.00660669 -0.005741 -0.00498999 -0.00437999 -0.00388139 -0.00346231 -0.00310408 -0.00283361 -0.00261578 -0.00242191 -0.00225279 -0.00212488 -0.0020213 -0.00190793 -0.00181572 -0.00174414 -0.00167669 -0.00159998 -0.00154091 -0.0014993 -0.0014413 -0.00139246 -0.00135801 -0.0013245 -0.00128148 -0.00125087 -0.00123185 -0.00119394 -0.00116706 -0.00114869 -0.00112023 -0.00109397 -0.00107733 -0.00106075 -0.00103298 -0.00102302 -0.00101653 -0.000993164 -0.000982325 -0.00097036 -0.000956039 -0.000950063 -0.000934028 -0.000917081 -0.00091119 -0.000909479 -0.000901073 -0.000893168 -0.000890335 -0.000876274 -0.000869935 -0.000871693 -0.000859977 -0.000858748 -0.000858227 -0.000847956 -0.000851321 -0.000847581 -0.000842874 -0.000850051 -0.000840032 
0 1.34543e-05 3.18195e-05 4.51103e-05 6.20044e-05 7.42531e-05 8.64947e-05 0.000107049 0.000117163 0.000140385 0.000164102 0.000161198 0.000185335 0.000209718 0.000207337 0.000241409 0.000270323 0.000268566 0.000288283 0.0003164 0.000344541 0.000358559 0.000365375 0.000402885 0.00042914 0.000445208 0.000477229 0.000499364 0.000531001 0.000563372 0.00058672 0.000624423 0.000655532 0.000691004 0.000732536 0.000767138 0.00081603 0.000860206 0.000908173 0.00096507 0.00101634 0.0010837 0.00114495 0.00121582 0.00129938 0.00137841 0.00147788 0.00157809 0.00170297 0.00183598 0.00198465 0.00217514 0.00238338 0.00264393 0.00294381 0.00333031 0.00379631 0.00435501 0.00504885 0.00587847 0.00688104 0.00801154 0.00930851 0.0107224 0.0122151 0.013681 0.0150182 0.0161328 0.0168569 0.0170653 0.0165787 0.0153622 0.0133371 0.0105482 0.00701587 0.00290901 -0.00157054 -0.00615525 -0.0105931 -0.0146676 -0.0181502 -0.0208884 -0.0227218 -0.0236543 -0.0236921 -0.0229998 -0.0216687 -0.0198974 -0.0177783 -0.0155101 -0.0131854 -0.0109817 -0.00894645 -0.00717891 -0.00564744 -0.00437631 -0.00328935 -0.00238284 -0.00157482 -0.000858343 -0.000154062 0.000545323 0.00131874 0.00217376 0.00319184 0.00438024 0.00581958 0.00749866 0.00946413 0.0116388 0.0139922 0.0163622 0.0186605 0.0206903 0.0223569 0.0234577 0.0238919 0.023468 0.0221424 0.0198579 0.0167365 0.0128933 0.00854669 0.0038914 -0.000816853 -0.00531149 -0.00934861 -0.0127206 -0.0153514 -0.0171638 -0.0182002 -0.0184622 -0.018105 -0.0172386 -0.0160496 -0.0146344 -0.0131195 -0.0116122 -0.0101865 -0.00890573 -0.00774929 -0.00676776 -0.00592872 -0.00524968 -0.00467615 -0.00420473 -0.00382811 -0.00351161 -0.00325904 -0.0030301 -0.00285418 -0.00269485 -0.00255602 -0.0024374 -0.00232555 -0.00223755 -0.00214325 -0.00206817 -0.00199731 -0.00192851 -0.00187374 -0.00181245 -0.00176652 -0.00171866 -0.00167222 -0.00163638 -0.00159336 -0.00156237 -0.00152737 -0.00149193 -0.00146949 -0.00143702 -0.00141508 -0.00139115 -0.00136011 -0.00135336 -0.00133544 -0.00130596 -0.00128672 -0.00127592 -0.00127553 -0.00124486 -0.0012178 -0.00122928 -0.00121389 -0.00119596 -0.00119751 -0.00118073 -0.00117077 -0.00116366 -0.00115689 -0.00115914 -0.00114134 -0.00113869 -0.00114668 -0.00112608 -0.00112995 -0.00113629 -0.00111468 -0.00112639 
0 1.24011e-05 3.82373e-05 5.01973e-05 7.42531e-05 0.000103663 0.00011293 0.000135753 0.000157981 0.000158275 0.000180169 0.000222432 0.000237559 0.000253545 0.000294684 0.000294806 0.00029772 0.000357067 0.00037708 0.000385883 0.000417003 0.000435419 0.000492054 0.000516668 0.000516721 0.000569008 0.000595733 0.000626419 0.0006595 0.000692739 0.000748961 0.000768846 0.000830747 0.000880297 0.000905926 0.000982147 0.00102092 0.00108024 0.00113784 0.00120291 0.00128662 0.00133588 0.00144571 0.00152989 0.00162417 0.00174131 0.00185583 0.00200901 0.00213281 0.00232419 0.00251966 0.00274677 0.00302299 0.00334198 0.00376375 0.00422567 0.00483484 0.00555216 0.00644408 0.00749502 0.0087275 0.0101716 0.0117604 0.0135113 0.0152873 0.0170667 0.0186515 0.0199439 0.0207341 0.0208777 0.0202205 0.0186401 0.0161179 0.0126247 0.0083091 0.00327981 -0.00214552 -0.00774151 -0.0131358 -0.0181041 -0.0223344 -0.0256668 -0.0279245 -0.0290921 -0.0292002 -0.0283835 -0.0268064 -0.0246419 -0.022088 -0.0193035 -0.0164892 -0.0137623 -0.0112753 -0.00905265 -0.00716065 -0.00553467 -0.00418579 -0.00301113 -0.00200994 -0.00107318 -0.00020175 0.000713614 0.0016717 0.00278235 0.0040466 0.0055723 0.00735471 0.00947451 0.0118824 0.0145798 0.017432 0.0203425 0.023114 0.0255967 0.0275837 0.0289025 0.0293634 0.0288098 0.0271561 0.0243744 0.0205813 0.0159062 0.0106252 0.00495401 -0.00074205 -0.0062203 -0.0111282 -0.0153128 -0.0185638 -0.0208701 -0.0221901 -0.0226271 -0.0222909 -0.0213323 -0.0199434 -0.0182498 -0.0164589 -0.0146199 -0.0128923 -0.0112697 -0.00985709 -0.00861802 -0.00756253 -0.00668269 -0.00594147 -0.00536518 -0.00484888 -0.00445366 -0.00410528 -0.00383775 -0.00359467 -0.00337543 -0.00322176 -0.00305286 -0.00292902 -0.00279067 -0.00269981 -0.00260359 -0.00249397 -0.0024358 -0.00234663 -0.00228523 -0.00220751 -0.00215389 -0.00210678 -0.00202646 -0.00200513 -0.00194991 -0.00190354 -0.0018796 -0.0018353 -0.00181064 -0.00176438 -0.00175322 -0.00172664 -0.00166613 -0.00166356 -0.00164119 -0.00161951 -0.00160167 -0.00155557 -0.00156713 -0.00157084 -0.00152705 -0.00150992 -0.00150265 -0.00148496 -0.00147081 -0.00147369 -0.00146801 -0.00144115 -0.00144199 -0.00144392 -0.00142238 -0.0014229 -0.00142489 -0.0014099 -0.00140686 -0.00141098 -0.00140729 
0 2.10992e-05 5.57252e-05 6.74232e-05 8.64947e-05 0.00011293 0.000127842 0.000159569 0.00018756 0.000210437 0.00024105 0.000254991 0.000272711 0.000301405 0.000328967 0.000362453 0.000394605 0.000422309 0.000437824 0.000472535 0.000522076 0.000531162 0.000559866 0.000608232 0.000632148 0.00068185 0.000724565 0.000754883 0.000804257 0.00085147 0.000895692 0.00093094 0.000993298 0.00105043 0.00108832 0.00116868 0.00123624 0.00129746 0.00137707 0.00146588 0.00155372 0.00162786 0.00174611 0.00185685 0.00195942 0.00209524 0.00224812 0.00241603 0.00258083 0.00280758 0.00306497 0.00334347 0.00368225 0.00410028 0.0046171 0.00520414 0.00594144 0.00684565 0.00793485 0.00920519 0.0106869 0.0124073 0.0143009 0.016324 0.0183766 0.0203908 0.022182 0.023575 0.024367 0.0243968 0.023509 0.0215642 0.0185151 0.0143756 0.00929756 0.00345667 -0.00285149 -0.00933333 -0.0156112 -0.021368 -0.0262856 -0.0301538 -0.0328133 -0.0342223 -0.0344175 -0.0335261 -0.0317315 -0.0292398 -0.0262774 -0.023047 -0.0197588 -0.0165683 -0.0136221 -0.010983 -0.00870103 -0.00674458 -0.00509451 -0.0036722 -0.00243659 -0.00129976 -0.000219641 0.000891651 0.00207618 0.00342277 0.00497436 0.00681545 0.00897485 0.0115014 0.0143652 0.0175293 0.0208683 0.0242472 0.0274656 0.0303286 0.0326048 0.0340797 0.0345426 0.033833 0.031862 0.0286211 0.024211 0.0187973 0.0126579 0.00609425 -0.000516007 -0.00685692 -0.0125983 -0.0175195 -0.0214089 -0.0241928 -0.0258559 -0.0265043 -0.0262626 -0.0252832 -0.0237517 -0.0218584 -0.0198097 -0.0177061 -0.0156652 -0.0137462 -0.0120485 -0.010563 -0.00927639 -0.00818048 -0.00727735 -0.00655383 -0.00592809 -0.0054158 -0.00499635 -0.00466626 -0.0043631 -0.00409813 -0.00389752 -0.00370974 -0.0035372 -0.00337413 -0.00325839 -0.00313405 -0.00300554 -0.0029165 -0.00282681 -0.00273995 -0.00265189 -0.00259746 -0.00253272 -0.00245402 -0.00241527 -0.00235908 -0.00229943 -0.00225237 -0.00221276 -0.00216907 -0.002117 -0.00209575 -0.00205803 -0.00202428 -0.00201432 -0.00196818 -0.00193976 -0.001934 -0.00190507 -0.00187159 -0.00184659 -0.00183608 -0.00182057 -0.00180844 -0.00180125 -0.00177453 -0.001764 -0.00175591 -0.00173641 -0.0017374 -0.00172451 -0.00171174 -0.00171529 -0.0016988 -0.00170073 -0.00170701 -0.00168764 -0.0016923 
0 2.27316e-05 5.34389e-05 7.76083e-05 0.000107049 0.000135753 0.000159569 0.000188717 0.000208098 0.000240008 0.000279718 0.000292937 0.000329588 0.000372435 0.000379474 0.00041894 0.000465329 0.000479854 0.000515263 0.000556405 0.000598435 0.000635023 0.000659257 0.000716287 0.000755877 0.000787036 0.000847754 0.00087959 0.000934507 0.000998629 0.00103616 0.00110599 0.00116634 0.00123102 0.00129793 0.00136426 0.00145858 0.0015189 0.00161206 0.00171965 0.00180411 0.00192158 0.00203842 0.00218257 0.00231076 0.00246628 0.00266566 0.00284338 0.00306905 0.00332217 0.00363725 0.00397538 0.00437687 0.00490234 0.00550391 0.00624108 0.00711374 0.00821686 0.00950942 0.0110097 0.0127558 0.0147345 0.016923 0.0191805 0.021483 0.0236666 0.0255986 0.0270155 0.0277406 0.0275973 0.0264203 0.024088 0.0205017 0.0157582 0.0099654 0.00340468 -0.00369867 -0.0109495 -0.0180112 -0.0244542 -0.0299863 -0.0343358 -0.0373733 -0.0390273 -0.0393321 -0.0384118 -0.0364456 -0.0336886 -0.0303662 -0.0267504 -0.0230253 -0.019416 -0.0160245 -0.0129901 -0.0103092 -0.00802659 -0.00605461 -0.00438312 -0.00288968 -0.00155058 -0.000238229 0.00107116 0.00250566 0.00409002 0.00595076 0.00810477 0.0106535 0.0135691 0.0168794 0.0204679 0.0242587 0.028044 0.0316586 0.0348336 0.0373466 0.0389202 0.0393516 0.0384669 0.0361902 0.0325305 0.02757 0.0215165 0.0146257 0.00729814 -0.000118457 -0.00720746 -0.0137073 -0.0192929 -0.0238029 -0.0270619 -0.0291127 -0.0300203 -0.0299412 -0.0290169 -0.0274225 -0.0254105 -0.023153 -0.0208402 -0.0185151 -0.0163404 -0.0143582 -0.0126302 -0.0111089 -0.00979479 -0.0087208 -0.00782059 -0.00708414 -0.00643573 -0.00593732 -0.00551712 -0.00514993 -0.00483818 -0.00457164 -0.00436688 -0.00414181 -0.00396918 -0.00381801 -0.0036733 -0.0035424 -0.003414 -0.0033287 -0.00321067 -0.00311702 -0.00304448 -0.00295282 -0.00288459 -0.00280828 -0.0027559 -0.00269183 -0.00262724 -0.0025964 -0.00253364 -0.00249354 -0.00245764 -0.00240163 -0.0023791 -0.00234202 -0.00230117 -0.00227012 -0.00224212 -0.00223248 -0.00219083 -0.00216096 -0.00216467 -0.00212978 -0.00210445 -0.00209941 -0.002074 -0.00206105 -0.00204894 -0.00203679 -0.00203145 -0.00200877 -0.00200792 -0.00201058 -0.00198262 -0.0019861 -0.00198955 -0.00196481 -0.00197934 
0 2.79004e-05 5.93233e-05 9.06382e-05 0.000117163 0.000157981 0.00018756 0.000208098 0.000256563 0.000275073 0.000291506 0.000356729 0.000381299 0.000405654 0.00046642 0.000480542 0.000504361 0.000560719 0.000607916 0.000645725 0.000661443 0.000719482 0.000788279 0.000811799 0.00086318 0.000911932 0.000961469 0.00102799 0.0010701 0.0011359 0.00120202 0.00126551 0.00134348 0.00140879 0.00149545 0.00157692 0.00166204 0.00176181 0.00185671 0.00197245 0.00208485 0.00221271 0.00235635 0.00250482 0.00267289 0.00285537 0.00306895 0.00329684 0.00355718 0.00386763 0.00422603 0.004641 0.0051361 0.00574816 0.00647885 0.00735115 0.00840821 0.00969205 0.0112014 0.0129434 0.0149369 0.0171771 0.0195929 0.0220824 0.0245512 0.0268632 0.0288293 0.0302034 0.0307891 0.0304033 0.0289005 0.0261308 0.0220471 0.0167133 0.0103126 0.00308968 -0.00466658 -0.0125926 -0.02029 -0.0273301 -0.0333787 -0.0381626 -0.0415474 -0.0434426 -0.043888 -0.0429703 -0.0409059 -0.0379275 -0.0343308 -0.030363 -0.0262785 -0.0222612 -0.0184819 -0.0150361 -0.0119919 -0.00934646 -0.00707534 -0.0051089 -0.00337654 -0.00178733 -0.000261121 0.00129457 0.00296082 0.00483039 0.0069797 0.00948731 0.0123938 0.0157206 0.0194244 0.0234326 0.0275994 0.0317609 0.0356818 0.0391231 0.0417872 0.04342 0.0437699 0.0427031 0.0401293 0.0360875 0.0306546 0.0240466 0.016546 0.00855909 0.00048726 -0.00727546 -0.0144097 -0.0206266 -0.0256905 -0.029461 -0.0319168 -0.033157 -0.0333008 -0.0325083 -0.0309545 -0.0288849 -0.0265099 -0.0239997 -0.0214675 -0.0190362 -0.0168045 -0.0148112 -0.0130533 -0.0115285 -0.0102471 -0.00918035 -0.00828604 -0.00753357 -0.00691873 -0.00640903 -0.0059771 -0.00560443 -0.00529416 -0.00502705 -0.00478632 -0.00457798 -0.00438992 -0.00422796 -0.00407123 -0.00393479 -0.00381013 -0.00369036 -0.00358846 -0.00348115 -0.00339555 -0.00330875 -0.00322591 -0.00315783 -0.00308376 -0.00303081 -0.0029634 -0.00290668 -0.00286457 -0.00280696 -0.00277234 -0.00271362 -0.00266547 -0.00265568 -0.00261292 -0.00256603 -0.00252884 -0.00252058 -0.0025119 -0.00245193 -0.00243489 -0.00242735 -0.00238305 -0.00238228 -0.00237154 -0.00234098 -0.00233593 -0.0023184 -0.00230969 -0.00230147 -0.00228286 -0.00228944 -0.00227467 -0.00225904 -0.00227542 -0.00226029 
0 4.46743e-05 6.15515e-05 0.000110094 0.000140385 0.000158275 0.000210437 0.000240008 0.000275073 0.000329222 0.000354041 0.000388228 0.000425768 0.00045357 0.000501904 0.000551763 0.000600041 0.00063718 0.000670063 0.000722425 0.000772605 0.000825704 0.000861654 0.000902812 0.000986375 0.0010375 0.00108683 0.00116488 0.00122273 0.00128927 0.00136158 0.00143713 0.00150974 0.00159007 0.00169502 0.00177767 0.00188029 0.00200203 0.00211317 0.00223757 0.00237189 0.00252747 0.00267509 0.00284542 0.0030462 0.00325212 0.00348967 0.00375661 0.00407628 0.00443065 0.00484936 0.00535363 0.00594927 0.00666965 0.00752611 0.00857122 0.00981225 0.0112929 0.0130199 0.0150064 0.0172492 0.0197097 0.0223307 0.0249904 0.027584 0.0299325 0.0318527 0.0330978 0.0334713 0.0327867 0.0308957 0.027681 0.0231008 0.0172491 0.0103005 0.00252908 -0.00578005 -0.0142388 -0.0224507 -0.0299682 -0.0364505 -0.0416134 -0.0453126 -0.047452 -0.0480499 -0.0471913 -0.0450763 -0.041961 -0.0381419 -0.033902 -0.0294926 -0.0251282 -0.0209718 -0.0171517 -0.013731 -0.010739 -0.00813959 -0.00588376 -0.00387742 -0.00204082 -0.000264694 0.00153499 0.00346887 0.00561977 0.00808938 0.0109379 0.0142198 0.0179256 0.022017 0.0263877 0.0308994 0.0353577 0.0395322 0.0431483 0.0459074 0.0475276 0.0477709 0.0465004 0.0436501 0.0392625 0.0334289 0.0263728 0.0183854 0.00988663 0.00127645 -0.0070313 -0.0147198 -0.0214726 -0.0270645 -0.0313277 -0.0342385 -0.0358548 -0.0362944 -0.0357122 -0.0342887 -0.0322607 -0.0298272 -0.0271918 -0.0244838 -0.0218519 -0.0193754 -0.0171271 -0.0151274 -0.0133851 -0.0118959 -0.0106287 -0.00957944 -0.00869776 -0.00796914 -0.0073505 -0.00684375 -0.00641745 -0.00604204 -0.0057233 -0.005446 -0.00521073 -0.00497934 -0.00478512 -0.00461692 -0.00445146 -0.00430225 -0.00416955 -0.00406047 -0.00393502 -0.00383379 -0.00375138 -0.00365214 -0.00356947 -0.00349278 -0.00342243 -0.00334358 -0.00328242 -0.00323133 -0.00315321 -0.003116 -0.00308352 -0.00302199 -0.00297889 -0.0029429 -0.00291571 -0.00287772 -0.00283096 -0.00279684 -0.00276832 -0.00275911 -0.00273255 -0.00270155 -0.00269406 -0.00265954 -0.00264196 -0.00264166 -0.00260963 -0.00260429 -0.00259567 -0.00256749 -0.00257823 -0.00257141 -0.00255594 -0.00256739 -0.0025472 
0 4.83537e-05 6.10885e-05 0.000117541 0.000164102 0.000180169 0.00024105 0.000279718 0.000291506 0.000354041 0.000398789 0.000422715 0.000488989 0.000532997 0.000556683 0.000612957 0.00065728 0.000699697 0.000759115 0.000802217 0.000862742 0.000926435 0.00096499 0.00103354 0.00110247 0.00114958 0.00121598 0.00128962 0.00136588 0.00143457 0.00152001 0.00161974 0.00168989 0.00179532 0.00190656 0.00199229 0.00211312 0.00223744 0.00236709 0.00249667 0.00265421 0.00283726 0.00299468 0.00320304 0.00343434 0.00367492 0.0039447 0.00425627 0.00463813 0.0050364 0.00552697 0.0061213 0.00682428 0.00766075 0.00865623 0.00988907 0.0113224 0.0130125 0.0149629 0.0171973 0.0196768 0.0223313 0.0251205 0.0278993 0.030554 0.0328559 0.0346438 0.0356765 0.0357654 0.0347194 0.0323935 0.0287195 0.0236639 0.0173529 0.00993482 0.00171545 -0.0070308 -0.0158899 -0.0244862 -0.032368 -0.0391989 -0.0446863 -0.0486684 -0.0510482 -0.0518159 -0.0510632 -0.0489581 -0.0457813 -0.0418084 -0.0373642 -0.032681 -0.028016 -0.0235112 -0.0193401 -0.0155483 -0.0122113 -0.00927108 -0.00671438 -0.00441393 -0.00231453 -0.000266881 0.00179251 0.0040149 0.00646007 0.00926465 0.0124557 0.0161109 0.0201759 0.0246294 0.0293187 0.0341259 0.0388133 0.0431702 0.0468787 0.0496613 0.0512068 0.0513105 0.0498248 0.0467158 0.0420231 0.0358625 0.0284635 0.0201215 0.0112542 0.00224089 -0.00648876 -0.0146275 -0.0218285 -0.0278952 -0.0326341 -0.0360228 -0.0380613 -0.0388606 -0.0385676 -0.0373643 -0.0354729 -0.0330637 -0.0303757 -0.0275496 -0.024766 -0.0220788 -0.0195924 -0.0173577 -0.0153933 -0.0136928 -0.0122101 -0.0109884 -0.0099573 -0.00909788 -0.00835738 -0.00775265 -0.00726148 -0.00681037 -0.00643692 -0.00611477 -0.00584897 -0.00558654 -0.00535684 -0.00518184 -0.00498984 -0.00482236 -0.00467312 -0.00454385 -0.00440804 -0.00427594 -0.00418835 -0.00407247 -0.00397095 -0.00389891 -0.00381073 -0.00373412 -0.00366602 -0.00361017 -0.0035397 -0.00347102 -0.0034358 -0.00337332 -0.00331498 -0.00328184 -0.00323148 -0.00319851 -0.00316677 -0.00312352 -0.00310751 -0.00307445 -0.00302705 -0.00301657 -0.00299521 -0.00295888 -0.00295298 -0.00293571 -0.00290523 -0.00290391 -0.00289633 -0.00287527 -0.00286853 -0.00285588 -0.00284291 -0.00284387 -0.00284232 
0 3.41841e-05 9.27013e-05 0.000125098 0.000161198 0.000222432 0.000254991 0.000292937 0.000356729 0.000388228 0.000422715 0.000487827 0.000528886 0.000569687 0.000637136 0.000682889 0.000716648 0.00077853 0.000849861 0.000901492 0.000939735 0.00100432 0.00108769 0.00114486 0.00120596 0.0012803 0.00135195 0.00144119 0.00151266 0.00158966 0.00169497 0.00177942 0.00187882 0.0019877 0.00210066 0.00222218 0.00233888 0.00249512 0.0026322 0.0027804 0.00297024 0.00314684 0.0033508 0.00356623 0.00383234 0.00410776 0.00440283 0.00478816 0.00520131 0.00569071 0.00625172 0.0069566 0.00778707 0.00874436 0.00992959 0.0113274 0.0129925 0.0148753 0.0170652 0.0195267 0.0222043 0.0250341 0.0279128 0.0307759 0.0333766 0.0355769 0.0371209 0.0378792 0.0376041 0.0361424 0.0333621 0.0292126 0.0237428 0.0170087 0.00924459 0.000651936 -0.00837196 -0.0175284 -0.0263487 -0.0345056 -0.0415798 -0.0473477 -0.0515719 -0.054187 -0.0551448 -0.0545345 -0.0525152 -0.0493358 -0.0453029 -0.0406995 -0.0358244 -0.0308784 -0.026089 -0.0215611 -0.0174417 -0.0137295 -0.0104735 -0.00756934 -0.00499044 -0.00257539 -0.000269491 0.00210336 0.00460013 0.00738939 0.0105074 0.0140766 0.0180662 0.0225026 0.0272579 0.0322526 0.0372755 0.042152 0.0465943 0.050335 0.0530514 0.0544765 0.0544001 0.0526942 0.0493469 0.0443836 0.0379809 0.030321 0.021774 0.012646 0.00339491 -0.00566957 -0.0141198 -0.0217196 -0.028176 -0.0333941 -0.0372546 -0.0397671 -0.0409894 -0.0410545 -0.0401753 -0.038484 -0.0362192 -0.0335225 -0.0306704 -0.0277506 -0.0249067 -0.0221965 -0.0197273 -0.017548 -0.0156028 -0.0139309 -0.0124885 -0.011317 -0.0102984 -0.00944054 -0.00873618 -0.00814561 -0.00764892 -0.0071889 -0.00683717 -0.00651295 -0.00621919 -0.00596323 -0.00573636 -0.00554454 -0.00533454 -0.00517701 -0.00502637 -0.0048719 -0.00474696 -0.00462182 -0.00451688 -0.00440083 -0.00430705 -0.00422672 -0.00412417 -0.00405088 -0.00397851 -0.00390855 -0.00384721 -0.00377062 -0.00372035 -0.00368365 -0.00362829 -0.0035667 -0.00352114 -0.00350349 -0.00346534 -0.0034046 -0.00338127 -0.00336228 -0.00331894 -0.00329929 -0.00328553 -0.00325095 -0.0032325 -0.00322164 -0.0031974 -0.00318248 -0.00317457 -0.00316175 -0.00315282 -0.00314723 -0.00314064 -0.00313477 
0 4.22167e-05 9.99071e-05 0.000137428 0.000185335 0.000237559 0.000272711 0.000329588 0.000381299 0.000425768 0.000488989 0.000528886 0.000572042 0.000633936 0.000679036 0.00074222 0.000816016 0.000867917 0.000912152 0.000973297 0.00105793 0.00111882 0.00117462 0.00125079 0.00132373 0.00141722 0.0014953 0.00156895 0.00167119 0.00175957 0.00186003 0.00195914 0.00206787 0.002193 0.0023051 0.00244909 0.00258704 0.00273969 0.00290904 0.00307494 0.00328111 0.00347796 0.0037092 0.00396295 0.00424293 0.00456684 0.00491006 0.00534544 0.00582222 0.00638674 0.00705656 0.00786108 0.00882953 0.00994255 0.0113107 0.0129088 0.0147806 0.0168973 0.0193033 0.0219816 0.0248244 0.0277825 0.0307192 0.0335646 0.0360575 0.0380403 0.0392915 0.0396719 0.0389822 0.0370468 0.033796 0.0291891 0.0233287 0.0162569 0.00820927 -0.000617127 -0.00982827 -0.0191216 -0.0280762 -0.0363717 -0.0436335 -0.0496001 -0.0540532 -0.0568788 -0.0580543 -0.0576204 -0.0557507 -0.0526421 -0.0486175 -0.0439299 -0.0389086 -0.033742 -0.0286884 -0.0238476 -0.0193954 -0.0153323 -0.0117321 -0.00848959 -0.00559045 -0.00286286 -0.000253035 0.0024306 0.00524533 0.00837114 0.0118349 0.0157604 0.0200942 0.0248597 0.0299007 0.0351401 0.0403368 0.0453245 0.0497846 0.0534736 0.0560525 0.0573043 0.0570088 0.0550877 0.0515054 0.0463362 0.0397393 0.031944 0.0232805 0.0140555 0.00466765 -0.0045723 -0.0132533 -0.0211372 -0.0279412 -0.033586 -0.0379161 -0.0409287 -0.0426178 -0.0431303 -0.0426265 -0.04125 -0.0391905 -0.0366079 -0.0337743 -0.0307926 -0.0278298 -0.024937 -0.0222654 -0.0198483 -0.0176855 -0.0157923 -0.0141473 -0.0127868 -0.0116041 -0.0106209 -0.00978605 -0.00909831 -0.00851469 -0.00799667 -0.00758057 -0.00719735 -0.00687862 -0.0065805 -0.00632304 -0.00609861 -0.00587712 -0.00569824 -0.00551389 -0.00536285 -0.00521633 -0.00507343 -0.00496016 -0.00483505 -0.0047301 -0.00462294 -0.00453225 -0.00444891 -0.00434767 -0.00428129 -0.00421276 -0.00414691 -0.00408716 -0.00401244 -0.00396795 -0.00393136 -0.00387687 -0.00381241 -0.00376768 -0.00374967 -0.00370606 -0.00367116 -0.00365158 -0.00360728 -0.00358402 -0.00356704 -0.00353809 -0.00352607 -0.00350145 -0.0034787 -0.0034736 -0.00345719 -0.00345288 -0.0034519 -0.00343449 -0.00343122 
0 5.39777e-05 0.000101137 0.000148062 0.000209718 0.000253545 0.000301405 0.000372435 0.000405654 0.00045357 0.000532997 0.000569687 0.000633936 0.000713971 0.000745178 0.000804842 0.000873819 0.000931343 0.00100592 0.00107186 0.00115236 0.00121806 0.00128764 0.00138812 0.00144634 0.00153583 0.00163421 0.00170087 0.00182702 0.00192631 0.00202322 0.00215636 0.00226997 0.00240809 0.00252926 0.00268276 0.00284701 0.0029857 0.00318995 0.00337742 0.00358743 0.00382591 0.00407804 0.00438222 0.00467941 0.00505704 0.0054701 0.00594093 0.00650676 0.00714702 0.00794419 0.00885413 0.00996605 0.0112704 0.0128145 0.0146365 0.0167025 0.019073 0.021677 0.0245394 0.0275169 0.0305445 0.0334977 0.0362202 0.0385401 0.0402053 0.0411071 0.0410261 0.0398658 0.0374246 0.0336946 0.0286681 0.0224434 0.0151224 0.00685908 -0.00206445 -0.0113669 -0.0206545 -0.0296529 -0.0379701 -0.0453537 -0.0514498 -0.0561052 -0.0591288 -0.0605364 -0.0603212 -0.058651 -0.055692 -0.051734 -0.0470438 -0.0419169 -0.0365966 -0.031297 -0.0261928 -0.021403 -0.0170181 -0.0130459 -0.00947642 -0.00621463 -0.00317755 -0.000216684 0.00277544 0.00595243 0.00940576 0.0132467 0.0175026 0.0221898 0.0272365 0.0325486 0.0379661 0.0432989 0.048314 0.0527332 0.0562828 0.0586674 0.0596873 0.0591471 0.0570048 0.0532044 0.0478827 0.0411515 0.0333272 0.024637 0.0154559 0.0060357 -0.00322901 -0.012054 -0.0201094 -0.0272166 -0.0332223 -0.0380105 -0.0415237 -0.0437237 -0.0447515 -0.0446807 -0.043713 -0.0419297 -0.0395801 -0.0368235 -0.0338619 -0.0308203 -0.0278038 -0.0249607 -0.0223075 -0.0199417 -0.0178102 -0.0159755 -0.0143855 -0.0130325 -0.0119024 -0.0109216 -0.0101236 -0.00942274 -0.00885742 -0.0083524 -0.00791368 -0.00756006 -0.00722031 -0.00694119 -0.00666707 -0.00644958 -0.0062391 -0.00602218 -0.00586966 -0.00569175 -0.00553913 -0.00539724 -0.00526843 -0.00515892 -0.00502178 -0.0049441 -0.00484779 -0.00474126 -0.00468213 -0.00458318 -0.00451175 -0.00445287 -0.00437294 -0.004315 -0.00425128 -0.0042114 -0.0041609 -0.00410843 -0.00409337 -0.00402721 -0.00397989 -0.00397685 -0.00392288 -0.00389463 -0.00388279 -0.00383624 -0.00382414 -0.0038163 -0.00379309 -0.00378499 -0.00376263 -0.00374302 -0.00373597 -0.00372587 -0.0037329 
0 3.8607e-05 0.000124386 0.000161345 0.000207337 0.000294684 0.000328967 0.000379474 0.00046642 0.000501904 0.000556683 0.000637136 0.000679036 0.000745178 0.000823367 0.000885011 0.000956625 0.00100935 0.00109165 0.00118757 0.00122582 0.00130671 0.00141743 0.00149068 0.00157913 0.00167131 0.00177695 0.00187917 0.0019752 0.00210281 0.00220165 0.00233073 0.00248149 0.00259662 0.00276082 0.00292737 0.00309698 0.00327938 0.00347739 0.0037152 0.00392305 0.00418881 0.00448883 0.00479335 0.00515497 0.00555895 0.00605416 0.00658241 0.00722475 0.00800171 0.00889717 0.00997243 0.0112261 0.0127492 0.0144913 0.0165138 0.0188153 0.0213851 0.0242032 0.0271689 0.0302539 0.0332813 0.0361686 0.0386987 0.0407249 0.0420372 0.0424775 0.0419184 0.0402017 0.0372745 0.033059 0.0276667 0.0211296 0.0136245 0.00526099 -0.00367326 -0.0129153 -0.0221265 -0.0310247 -0.0393172 -0.0467004 -0.0529115 -0.0576946 -0.0609448 -0.0625657 -0.0626329 -0.0611903 -0.0584642 -0.0546265 -0.0500096 -0.0448304 -0.0394087 -0.0339058 -0.0285648 -0.0234655 -0.0187583 -0.0144244 -0.0105042 -0.00687669 -0.00349377 -0.000174101 0.00316443 0.00670849 0.0105177 0.0147287 0.0193218 0.0243366 0.0296451 0.0351863 0.0407366 0.0461509 0.051123 0.055442 0.05877 0.0609203 0.06164 0.0608579 0.0584573 0.0544971 0.0490287 0.0422751 0.034461 0.0258831 0.0168075 0.0075098 -0.00169585 -0.0105303 -0.0186904 -0.0260265 -0.0323387 -0.0375641 -0.0415483 -0.044322 -0.0458764 -0.0463453 -0.0458121 -0.0444302 -0.0423735 -0.0397988 -0.0369196 -0.0338466 -0.0307804 -0.0277652 -0.0249376 -0.0223272 -0.0199966 -0.0179404 -0.0161227 -0.0145917 -0.0132755 -0.0121808 -0.0112192 -0.0104313 -0.00977718 -0.00919082 -0.00869935 -0.00826461 -0.00791498 -0.0075641 -0.00726434 -0.00702181 -0.00676975 -0.00655589 -0.0063532 -0.0061908 -0.0060157 -0.0058516 -0.00573745 -0.00558703 -0.00546692 -0.00535868 -0.00523975 -0.00514716 -0.00505101 -0.00497075 -0.00487351 -0.0048002 -0.00476486 -0.00467115 -0.00459904 -0.00456531 -0.00450585 -0.004454 -0.00439331 -0.0043539 -0.00433429 -0.00427212 -0.00424275 -0.00423442 -0.00418115 -0.00416161 -0.00415324 -0.00410555 -0.00409054 -0.00408629 -0.00405861 -0.00405866 -0.00405744 -0.00403357 -0.00403179 
0 6.28881e-05 0.000114121 0.000181399 0.000241409 0.000294806 0.000362453 0.00041894 0.000480542 0.000551763 0.000612957 0.000682889 0.00074222 0.000804842 0.000885011 0.000943957 0.00103092 0.00112196 0.00116979 0.00125284 0.00134742 0.00143786 0.00152801 0.00159415 0.0017099 0.00182179 0.00191194 0.00203309 0.00213869 0.00227405 0.0024 0.00252612 0.00269252 0.00282225 0.00299851 0.00318057 0.00335374 0.00356888 0.00377879 0.00403683 0.00427892 0.00456969 0.00491446 0.00524804 0.00566706 0.00612873 0.00668628 0.00729948 0.00803009 0.00893768 0.00995694 0.011191 0.0126261 0.0143531 0.0163131 0.0185385 0.0210705 0.0238351 0.0268187 0.0298709 0.0329898 0.0359724 0.0386984 0.0409627 0.0426113 0.043497 0.0434219 0.0423186 0.0400321 0.0365966 0.031942 0.0262054 0.0194299 0.0117961 0.00343627 -0.0054131 -0.0144868 -0.0235271 -0.0322425 -0.0404224 -0.0477436 -0.0540005 -0.0588934 -0.0623432 -0.0642067 -0.0645654 -0.0634131 -0.0609544 -0.0573176 -0.0528161 -0.0476602 -0.042168 -0.0365202 -0.0309568 -0.0255859 -0.0205516 -0.0158714 -0.0115761 -0.00758061 -0.00381605 -0.000128626 0.00359292 0.00750816 0.0116998 0.0162683 0.0212057 0.0265126 0.0320688 0.0377815 0.0434323 0.0488512 0.0537342 0.0578671 0.0609308 0.0627747 0.0631744 0.0621076 0.059463 0.0553455 0.0497905 0.0430659 0.0353487 0.0269588 0.0180845 0.00901407 -2.47103e-05 -0.00875301 -0.0169388 -0.024412 -0.0309848 -0.0365755 -0.0410242 -0.0443538 -0.0464826 -0.047525 -0.0474972 -0.0465894 -0.0449086 -0.0426184 -0.0398912 -0.0368816 -0.0338045 -0.0306932 -0.0277144 -0.024894 -0.0223647 -0.0200818 -0.0180482 -0.0163025 -0.0147978 -0.0135447 -0.0124244 -0.0115179 -0.0107475 -0.010083 -0.00951403 -0.00901289 -0.00862035 -0.00822209 -0.0078976 -0.00761167 -0.00734143 -0.00710987 -0.00687424 -0.00669895 -0.00650117 -0.00632895 -0.00618886 -0.00602344 -0.00590431 -0.00577267 -0.00565865 -0.00555115 -0.00543376 -0.00536818 -0.00527213 -0.00517601 -0.00510318 -0.00503236 -0.00498859 -0.00490235 -0.00482853 -0.00479827 -0.00473914 -0.00469596 -0.0046569 -0.00460669 -0.0045747 -0.00453397 -0.00450691 -0.00448598 -0.00444802 -0.00443041 -0.00441017 -0.00438331 -0.00437912 -0.00436477 -0.00434883 -0.00434902 -0.00433493 
0 8.60144e-05 0.00011171 0.000197999 0.000270323 0.00029772 0.000394605 0.000465329 0.000504361 0.000600041 0.00065728 0.000716648 0.000816016 0.000873819 0.000956625 0.00103092 0.00108124 0.00119582 0.00127416 0.00134891 0.0014693 0.00153719 0.00163316 0.00174941 0.00184233 0.00195714 0.00205521 0.00218734 0.0023217 0.0024368 0.00260077 0.0027378 0.00289486 0.00307519 0.00323757 0.00344192 0.00363577 0.00386161 0.00411023 0.00436018 0.00466492 0.00497738 0.00534834 0.00575082 0.00620442 0.00675701 0.00736269 0.0080897 0.00893553 0.00995743 0.0111509 0.0125338 0.0141973 0.0161078 0.0182988 0.0207367 0.0234649 0.0264179 0.0294877 0.0326138 0.0356686 0.0385494 0.0410133 0.0429346 0.044142 0.0445158 0.0439016 0.0421882 0.0393625 0.0354008 0.0303804 0.0243252 0.0173989 0.00970156 0.00144247 -0.00722177 -0.0160452 -0.024814 -0.0332957 -0.0412633 -0.04849 -0.0547061 -0.0597145 -0.0633181 -0.0654702 -0.0661089 -0.0653172 -0.0631418 -0.0597916 -0.0554378 -0.050387 -0.0448534 -0.0391233 -0.0333541 -0.0277516 -0.0223905 -0.0173794 -0.0126912 -0.00832302 -0.004147 -7.83572e-05 0.00405696 0.00835124 0.0129453 0.0178608 0.0231443 0.0287085 0.0344967 0.0403227 0.046044 0.0513884 0.056146 0.0600064 0.0627834 0.0642474 0.064331 0.062927 0.0600743 0.0557832 0.050221 0.0435498 0.0360295 0.0278696 0.0192981 0.0105248 0.00175992 -0.006769 -0.0148978 -0.022417 -0.0292059 -0.0350792 -0.0399887 -0.0438225 -0.0465737 -0.0481926 -0.0487546 -0.0483673 -0.0471472 -0.0452314 -0.0427335 -0.0398919 -0.0368327 -0.0337162 -0.030601 -0.0276321 -0.0248925 -0.0223893 -0.0201529 -0.0181645 -0.016481 -0.0150143 -0.0137618 -0.0126995 -0.0117998 -0.0110509 -0.0103803 -0.00983384 -0.00934761 -0.00892745 -0.008563 -0.00822085 -0.00794324 -0.00766623 -0.00742931 -0.00720834 -0.00699717 -0.00682796 -0.00663547 -0.00648816 -0.00634565 -0.00619353 -0.00608835 -0.00596375 -0.0058557 -0.00574774 -0.00565084 -0.00558377 -0.00546748 -0.00539491 -0.00533695 -0.00524182 -0.00520694 -0.00514945 -0.00507839 -0.00503932 -0.00497343 -0.00494865 -0.00491573 -0.00484668 -0.00483526 -0.00479748 -0.00475072 -0.00476415 -0.00473465 -0.0046979 -0.00470084 -0.00466536 -0.00464136 -0.00465861 -0.00464543 
0 5.42836e-05 0.000139702 0.000203777 0.000268566 0.000357067 0.000422309 0.000479854 0.000560719 0.00063718 0.000699697 0.00077853 0.000867917 0.000931343 0.00100935 0.00112196 0.00119582 0.00126346 0.00137106 0.0014617 0.00155199 0.00165016 0.00174951 0.00188328 0.00199018 0.00208853 0.00223508 0.00236517 0.00248857 0.00263109 0.0027878 0.00294873 0.00310722 0.00330767 0.00350206 0.0036999 0.0039439 0.00418532 0.0044491 0.0047364 0.00506465 0.00542401 0.00581072 0.00628065 0.00680089 0.00740984 0.00811674 0.00894926 0.00994185 0.0110934 0.0124662 0.0140542 0.015919 0.0180494 0.020445 0.0231083 0.0260003 0.0290827 0.0322104 0.0353211 0.0382702 0.0409229 0.043069 0.0445529 0.0452663 0.045069 0.0438663 0.041551 0.0381753 0.0337524 0.0283801 0.0221016 0.0150665 0.00741522 -0.000679354 -0.00905814 -0.0175619 -0.0259875 -0.034167 -0.0418721 -0.0489313 -0.0550818 -0.0601522 -0.0639275 -0.0663438 -0.0673113 -0.0668758 -0.0650554 -0.0620083 -0.057889 -0.0529677 -0.0474735 -0.0416759 -0.0357639 -0.0299292 -0.024283 -0.0189221 -0.0138608 -0.00908347 -0.00450012 -5.92068e-06 0.00454055 0.00925229 0.0142328 0.0195169 0.0251088 0.0309327 0.0368935 0.0428189 0.0485318 0.0537756 0.0583195 0.0618867 0.0643013 0.065386 0.0650997 0.0633791 0.060291 0.0558746 0.0503188 0.0437735 0.0364911 0.0286322 0.0204228 0.0120163 0.00361325 -0.00464795 -0.0126126 -0.0201244 -0.0270262 -0.033157 -0.0384455 -0.0427801 -0.0461156 -0.0483493 -0.0495363 -0.0497241 -0.0490399 -0.0475556 -0.0454104 -0.0427894 -0.0398521 -0.0367579 -0.0335878 -0.0305047 -0.0275711 -0.0248709 -0.0224107 -0.0202183 -0.0183057 -0.0166383 -0.0152257 -0.014001 -0.0129702 -0.012089 -0.0113465 -0.010708 -0.0101393 -0.00967293 -0.00925021 -0.00887475 -0.00853812 -0.00824926 -0.00798851 -0.00772693 -0.00752269 -0.00732371 -0.00712649 -0.00696183 -0.00680655 -0.00665478 -0.00650053 -0.0063884 -0.00627278 -0.00613312 -0.00604207 -0.00595496 -0.00586261 -0.00577984 -0.00569049 -0.00563261 -0.00556851 -0.00547968 -0.00542521 -0.00538556 -0.00532524 -0.00526406 -0.00523343 -0.00520601 -0.00515316 -0.0051317 -0.00511251 -0.00504944 -0.00503266 -0.00503057 -0.00498767 -0.00499586 -0.00500044 -0.00495441 -0.00496089 
