0 0 0 0 0 0 0 0 0 0 0 0 0 0 0 0 0 0 0 0 0 0 0 0 0 0 0 0 0 0 0 0 0 0 0 0 0 0 0 0 0 0 0 0 0 0 0 0 0 0 0 0 0 0 0 0 0 0 0 0 0 0 0 0 0 0 0 0 0 0 0 0 0 0 0 0 0 0 0 0 0 0 0 0 0 0 0 0 0 0 0 0 0 0 0 0 0 0 0 0 0 0 0 0 0 0 0 0 0 0 0 0 0 0 0 0 0 0 0 0 0 0 0 0 0 0 0 0 0 0 0 0 0 0 0 0 0 0 0 0 0 0 0 0 0 0 0 0 0 0 0 0 0 0 0 0 0 0 0 0 0 0 0 0 0 0 0 0 0 0 0 0 0 0 0 0 0 0 0 0 0 0 0 0 0 0 0 0 0 0 0 0 0 0 0 0 0 0 0 0 
0 1.08686e-05 2.30111e-05 3.79333e-05 2.91858e-05 3.55296e-05 6.27308e-05 5.67989e-05 7.8595e-05 0.000111597 7.77192e-05 9.2176e-05 0.0001464 0.000124733 0.000124238 0.000157366 0.000165953 0.000192377 0.000198439 0.000205763 0.000234635 0.00023168 0.000261897 0.000285276 0.00028298 0.000338676 0.000356867 0.000365741 0.00041922 0.000438681 0.000473965 0.000510955 0.000558322 0.000631165 0.000671154 0.000765092 0.000876231 0.000975346 0.00112299 0.0012903 0.00151315 0.00174876 0.00202375 0.00238047 0.00275007 0.00315536 0.00356491 0.0039904 0.0043859 0.00467486 0.00486864 0.00491024 0.00478654 0.00442746 0.00382809 0.00302324 0.00202024 0.00086743 -0.000422883 -0.00174792 -0.00303386 -0.00419894 -0.00519737 -0.00600252 -0.00656242 -0.0068679 -0.00689982 -0.00671004 -0.00633519 -0.00583612 -0.00524691 -0.00460168 -0.00393823 -0.00328626 -0.00268911 -0.00215914 -0.00171704 -0.00134892 -0.00105492 -0.000815435 -0.000627123 -0.000478145 -0.000364951 -0.000281727 -0.000221944 -0.000182996 -0.00015607 -0.000141703 -0.000131028 -0.000127523 -0.000123275 -0.000123566 -0.000121406 -0.0001227 -0.000121141 -0.00012257 -0.000121199 -0.000122566 -0.000121271 -0.00012257 -0.000121296 -0.000122568 -0.000121265 -0.00012255 -0.000121157 -0.000122463 -0.000120879 -0.000122083 -0.000120005 -0.000120508 -0.000116857 -0.000114587 -0.000106007 -9.52935e-05 -7.35622e-05 -4.24344e-05 7.56936e-06 7.77614e-05 0.000176109 0.000306586 0.000474119 0.000687598 0.000951446 0.00128342 0.0016873 0.0021811 0.00275204 0.00339562 0.00407193 0.00475506 0.00540337 0.00598845 0.00647522 0.00681056 0.00694866 0.00682629 0.00644194 0.00578892 0.00491576 0.00383715 0.00259576 0.00125009 -0.000120468 -0.00140789 -0.00257866 -0.00357326 -0.00438651 -0.0049583 -0.00528468 -0.00540501 -0.0053458 -0.0051625 -0.0048331 -0.00443956 -0.00401903 -0.00359811 -0.00319098 -0.00277998 -0.00244819 -0.0021517 -0.00188944 -0.00166755 -0.0014789 -0.0013578 -0.00121902 -0.00111401 -0.00105092 -0.000973589 -0.000921407 -0.000857422 -0.000825555 -0.000793883 -0.000729822 -0.000726392 -0.000699697 -0.000660881 -0.000661682 -0.0006331 -0.000622706 -0.00060881 -0.000580295 -0.000578098 -0.000548066 -0.000550222 -0.000561451 -0.000506567 -0.000516789 -0.000549574 -0.000505943 -0.000493064 -0.000495516 -0.000479454 -0.000494957 -0.00049004 -0.000476651 -0.000488956 -0.000468208 -0.000458464 -0.000482392 -0.000467356 
0 2.30111e-05 1.6911e-05 5.43829e-05 8.90002e-05 8.72855e-05 0.0001209 0.000142507 0.000129573 0.000165497 0.000209258 0.000213333 0.000229849 0.000260862 0.000290458 0.000319889 0.000333692 0.000346454 0.00038683 0.000431645 0.000448675 0.000484269 0.000542372 0.000563691 0.000598958 0.000658652 0.000694593 0.000744326 0.00080808 0.000884897 0.000957599 0.00102746 0.0011533 0.00126027 0.00137127 0.00154825 0.0017383 0.00197303 0.00224013 0.00259686 0.00304102 0.00350974 0.00410195 0.00477963 0.00553968 0.00633764 0.00714307 0.00799113 0.00872476 0.00931304 0.00965923 0.0097309 0.00946422 0.00872342 0.00755709 0.00593137 0.00396568 0.00166125 -0.000876246 -0.00348742 -0.00603924 -0.0083273 -0.0103328 -0.011902 -0.0130366 -0.0136285 -0.0137164 -0.0133513 -0.0126165 -0.0116465 -0.0104641 -0.00920966 -0.0078716 -0.00660502 -0.00539539 -0.00436023 -0.00345852 -0.0027314 -0.00213207 -0.00165082 -0.00127366 -0.000964463 -0.000746917 -0.000561723 -0.000457603 -0.000356025 -0.000322048 -0.000267483 -0.000268551 -0.000235517 -0.000250325 -0.000225766 -0.000244467 -0.000223267 -0.000242308 -0.000222793 -0.000241253 -0.000222795 -0.000240686 -0.000222852 -0.0002405 -0.000222847 -0.000240673 -0.000222759 -0.000241157 -0.000222553 -0.000241727 -0.00022191 -0.000241416 -0.000219168 -0.000236601 -0.000208091 -0.000215933 -0.000170625 -0.000151061 -6.6583e-05 1.23482e-05 0.000170839 0.000351385 0.00062384 0.000950813 0.00138144 0.00191223 0.00257044 0.00339061 0.00435837 0.00551443 0.00676746 0.00813365 0.00946429 0.0107737 0.0119154 0.0128876 0.0135393 0.0138007 0.0135675 0.0127894 0.0115236 0.0097669 0.00765303 0.00517583 0.00252957 -0.000180905 -0.0027456 -0.005057 -0.00706424 -0.00865364 -0.00982315 -0.010476 -0.0107381 -0.0106425 -0.0102608 -0.00964938 -0.00885235 -0.00804051 -0.00719449 -0.00637848 -0.00559849 -0.00490666 -0.00434231 -0.00380806 -0.00337036 -0.00301074 -0.00272081 -0.00247485 -0.0022405 -0.00209477 -0.00195591 -0.00181805 -0.00172764 -0.00164653 -0.00157987 -0.00150213 -0.00144971 -0.00141428 -0.0013418 -0.00130211 -0.00127826 -0.00122479 -0.0011918 -0.00117981 -0.00115853 -0.00112569 -0.0011001 -0.00108556 -0.00107027 -0.00105241 -0.00101855 -0.00100032 -0.00101975 -0.00101133 -0.000980211 -0.000976846 -0.000967634 -0.000948847 -0.000952665 -0.000957811 -0.000950578 -0.000943493 -0.000939467 
0 3.79333e-05 5.43829e-05 8.1397e-05 0.000113885 0.00013405 0.000166784 0.000204417 0.000226843 0.000258116 0.000295718 0.000320646 0.000353744 0.000393806 0.000424149 0.000464004 0.000508583 0.000543447 0.0005913 0.000640379 0.000676866 0.000732342 0.000793142 0.0008433 0.000909871 0.00098416 0.00105725 0.00113624 0.00122598 0.00133354 0.00143753 0.00156008 0.00172305 0.00189061 0.00208911 0.00234254 0.00264422 0.00300242 0.00342652 0.00396517 0.00460742 0.00534291 0.00621785 0.00722442 0.00834391 0.0095222 0.0107344 0.0119415 0.0130142 0.0138511 0.0143427 0.0144132 0.0139509 0.0128437 0.0110795 0.00867976 0.00573802 0.0023257 -0.00140985 -0.00526053 -0.00899862 -0.012403 -0.0153437 -0.0176807 -0.0193346 -0.0202256 -0.0203709 -0.0198519 -0.0187965 -0.0173541 -0.0156295 -0.0137501 -0.0117977 -0.00989987 -0.0081283 -0.0065671 -0.0052312 -0.00412741 -0.00322784 -0.00250218 -0.00192773 -0.00147198 -0.00112982 -0.000867858 -0.000689483 -0.000557887 -0.000481178 -0.000423527 -0.000398388 -0.000374862 -0.000370651 -0.000360123 -0.000362593 -0.000356392 -0.000360379 -0.000355623 -0.000359682 -0.000355513 -0.000359403 -0.000355511 -0.000359318 -0.000355503 -0.000359378 -0.000355446 -0.000359508 -0.000355194 -0.000359355 -0.000354036 -0.000357371 -0.000348983 -0.00034779 -0.000329767 -0.000312939 -0.000268072 -0.00020973 -0.000102948 4.26694e-05 0.000264836 0.000558016 0.00095762 0.00146412 0.00211178 0.00291726 0.00391718 0.00514172 0.00660368 0.00830319 0.0101799 0.0121731 0.0141631 0.0160707 0.0177705 0.0191684 0.0201112 0.0204621 0.0200953 0.0189527 0.0170662 0.0144907 0.0113412 0.00771687 0.00381549 -0.00014882 -0.00393453 -0.00736366 -0.0103237 -0.0126979 -0.0144241 -0.0154593 -0.0158842 -0.015789 -0.0152591 -0.0143877 -0.0132751 -0.0120716 -0.0108378 -0.00962426 -0.00847972 -0.00745012 -0.00656487 -0.00577961 -0.00511046 -0.0045639 -0.00411231 -0.00373563 -0.00341229 -0.00316398 -0.00295673 -0.00276342 -0.00261303 -0.00248512 -0.00236822 -0.00226361 -0.00217447 -0.00210418 -0.00202703 -0.00196182 -0.00191668 -0.00185817 -0.00180698 -0.00177018 -0.00172528 -0.0016879 -0.00165777 -0.0016238 -0.00159886 -0.00157778 -0.00155193 -0.00153124 -0.0015134 -0.00149236 -0.00147537 -0.00146492 -0.00145588 -0.00144532 -0.00143457 -0.00142652 -0.00141926 -0.00141314 -0.00141309 
0 2.91858e-05 8.90002e-05 0.000113885 0.000136418 0.000194645 0.000222154 0.000250535 0.000323093 0.000358955 0.000370175 0.000429306 0.0004906 0.000523997 0.000564768 0.000615229 0.000675677 0.000743568 0.000790638 0.000840687 0.000921426 0.000985784 0.00104671 0.00113999 0.0012214 0.00131163 0.00142147 0.00152413 0.00165401 0.00178275 0.0019319 0.00212196 0.00230523 0.00255268 0.00283983 0.00316573 0.00358902 0.00406545 0.00467281 0.00539033 0.00623295 0.00726155 0.00841044 0.00975073 0.0112042 0.0127481 0.0143456 0.0158467 0.0172176 0.0182381 0.0188356 0.0188497 0.0181395 0.0166601 0.0142909 0.0111593 0.00726447 0.00281029 -0.00204326 -0.00704675 -0.011877 -0.016348 -0.0201542 -0.023233 -0.0253643 -0.0265614 -0.0267829 -0.0261493 -0.0248246 -0.0229396 -0.0207248 -0.0182394 -0.0157263 -0.0132114 -0.0109168 -0.00882825 -0.00706974 -0.00557805 -0.00437278 -0.00339633 -0.00261281 -0.00201306 -0.00153003 -0.00119968 -0.000926866 -0.000777278 -0.000636133 -0.000590164 -0.00051773 -0.000520117 -0.000477292 -0.000497578 -0.000465816 -0.000490904 -0.000463269 -0.000488735 -0.000462993 -0.000487815 -0.000463121 -0.000487411 -0.000463188 -0.000487396 -0.000463077 -0.000487698 -0.000462699 -0.000488021 -0.000461596 -0.000487121 -0.000457577 -0.000480296 -0.000442411 -0.000452411 -0.00039141 -0.000363724 -0.000246172 -0.000131973 9.99361e-05 0.000373474 0.000795635 0.00131452 0.00201296 0.00287825 0.00396666 0.00531666 0.00694087 0.00889971 0.011111 0.0135985 0.0161667 0.0187985 0.0212513 0.023485 0.025253 0.026448 0.0268528 0.0263372 0.0248565 0.022371 0.0190407 0.0148968 0.0102182 0.005144 2.38683e-05 -0.00490838 -0.00941353 -0.0132755 -0.0164266 -0.0186935 -0.0201554 -0.0207844 -0.0207343 -0.0201114 -0.0190205 -0.0176662 -0.0160974 -0.0145083 -0.012923 -0.011429 -0.0100862 -0.00886029 -0.00783601 -0.00693495 -0.00618576 -0.00556977 -0.00503828 -0.00463187 -0.00426307 -0.00396738 -0.0037328 -0.00350681 -0.00333477 -0.00317202 -0.00303586 -0.00292236 -0.0028011 -0.00272099 -0.00263697 -0.00254525 -0.0024913 -0.00242828 -0.0023561 -0.00230279 -0.00225663 -0.00221935 -0.00217886 -0.00212603 -0.00209679 -0.00209125 -0.00205583 -0.00200397 -0.00198719 -0.00198106 -0.00195787 -0.00194106 -0.00193422 -0.00191882 -0.0018986 -0.00189265 -0.00189496 -0.00188602 
0 3.55296e-05 8.72855e-05 0.00013405 0.000194645 0.000247811 0.000279455 0.000338293 0.00038115 0.000410818 0.000501351 0.000561284 0.000577933 0.000658507 0.000735853 0.000781894 0.000847346 0.000907868 0.000985689 0.00106966 0.00114926 0.00124945 0.00132711 0.00143207 0.00155574 0.00163817 0.00177671 0.00193101 0.00206622 0.00225198 0.00245249 0.00268848 0.00294238 0.00323924 0.00363172 0.00404628 0.00456297 0.00521008 0.00597231 0.00689384 0.0079621 0.00925677 0.0107272 0.0123508 0.0141467 0.0160258 0.0179395 0.0197179 0.0212712 0.0224508 0.0230582 0.0229581 0.0219696 0.0200587 0.0171397 0.013256 0.00850547 0.0030595 -0.00280174 -0.00883605 -0.0146848 -0.0200905 -0.0247428 -0.0284571 -0.031081 -0.032546 -0.0328914 -0.0321853 -0.0306335 -0.0283858 -0.0256916 -0.0226961 -0.0196146 -0.0165761 -0.0137357 -0.0111819 -0.00896632 -0.00711094 -0.00557315 -0.00434419 -0.00334657 -0.00258247 -0.00197459 -0.00153936 -0.00120353 -0.000987658 -0.000824458 -0.000735686 -0.000665569 -0.000637396 -0.000609198 -0.000604165 -0.000592184 -0.000593876 -0.000587753 -0.000590571 -0.000586732 -0.00058931 -0.000586516 -0.000588814 -0.000586471 -0.000588788 -0.000586441 -0.000589116 -0.000586252 -0.000589425 -0.000585117 -0.000588029 -0.000579684 -0.00057843 -0.0005582 -0.000540172 -0.000487314 -0.000421447 -0.000291769 -0.000118921 0.00016085 0.000527579 0.001053 0.00171881 0.00260231 0.00369633 0.00508376 0.00677236 0.00882575 0.0112332 0.0139793 0.0169905 0.0201443 0.0233174 0.0263138 0.0289888 0.0310968 0.0324772 0.0328904 0.0322322 0.0303933 0.0273973 0.0233216 0.0183157 0.0126387 0.0065357 0.000361725 -0.00562892 -0.0111073 -0.015864 -0.0197141 -0.0225716 -0.0244535 -0.0253563 -0.0254196 -0.0247424 -0.0235442 -0.0219643 -0.020129 -0.0182049 -0.016279 -0.0144848 -0.0128017 -0.0112887 -0.00998779 -0.00886149 -0.00791663 -0.00708854 -0.00643009 -0.00588935 -0.00540234 -0.00502276 -0.00469962 -0.00443685 -0.00419662 -0.00398766 -0.00384588 -0.00367288 -0.00352858 -0.00342755 -0.00330109 -0.00320162 -0.00310982 -0.00302977 -0.00296662 -0.0028921 -0.00284525 -0.0027777 -0.00271236 -0.00270379 -0.00263924 -0.00256411 -0.00256441 -0.00254106 -0.00250302 -0.00248748 -0.00245018 -0.00242439 -0.00241364 -0.00239254 -0.00239212 -0.0023873 -0.00236415 -0.00236408 
0 6.27308e-05 0.0001209 0.000166784 0.000222154 0.000279455 0.000334563 0.00041112 0.000470449 0.000515241 0.000596768 0.000661538 0.000708202 0.00079715 0.000872987 0.000934974 0.00102954 0.0011142 0.00119839 0.00129389 0.00138575 0.00149721 0.00160247 0.00172467 0.00187504 0.00199705 0.00215999 0.00235272 0.00251724 0.0027365 0.0029896 0.00326334 0.00358904 0.00396539 0.0044484 0.00498863 0.00562603 0.00644598 0.00738936 0.00850922 0.00982583 0.0113696 0.0131387 0.0150446 0.0171394 0.0193264 0.0214882 0.0234922 0.0251683 0.0264201 0.0269768 0.0266827 0.0253867 0.0230092 0.019542 0.01494 0.00938783 0.00305474 -0.00372106 -0.0106534 -0.017416 -0.0236402 -0.0290531 -0.0333392 -0.0364128 -0.0381492 -0.0386273 -0.0379062 -0.0361682 -0.0336306 -0.0305041 -0.027063 -0.0234597 -0.019944 -0.0165932 -0.0135902 -0.0109333 -0.00870387 -0.00683928 -0.0053382 -0.00413324 -0.00318592 -0.0024619 -0.00190485 -0.00151403 -0.00121717 -0.00103859 -0.000895759 -0.000833607 -0.000767481 -0.000758429 -0.000723916 -0.000734774 -0.000711217 -0.000728117 -0.000707971 -0.000726235 -0.000707214 -0.000725615 -0.000707044 -0.000725436 -0.000707002 -0.000725491 -0.000706897 -0.000725466 -0.000706173 -0.000724059 -0.000702391 -0.000716271 -0.000686554 -0.000685802 -0.000631615 -0.000589063 -0.00047226 -0.000332685 -8.37994e-05 0.000241121 0.000721921 0.00134735 0.00218385 0.00325072 0.00459964 0.00628617 0.00833385 0.0108078 0.01366 0.0169099 0.0204059 0.0240951 0.0277441 0.0312258 0.0342597 0.0366483 0.0381335 0.0385198 0.037682 0.0355024 0.0320301 0.027283 0.0215193 0.0149566 0.00796972 0.000860739 -0.00604653 -0.0124061 -0.0179746 -0.0224914 -0.0259394 -0.0282554 -0.0294993 -0.0297395 -0.0291179 -0.0278899 -0.0261693 -0.0241514 -0.0219484 -0.019742 -0.017647 -0.0156501 -0.0138514 -0.0122556 -0.0108962 -0.00972515 -0.008701 -0.00789138 -0.00720363 -0.00661782 -0.00613529 -0.00572902 -0.0054061 -0.00509258 -0.00483683 -0.00464271 -0.00442994 -0.00426309 -0.00412562 -0.00398565 -0.00387224 -0.00375918 -0.00366573 -0.00357479 -0.00347797 -0.00342076 -0.00334516 -0.00326585 -0.00323625 -0.00318066 -0.00311896 -0.00309566 -0.00304934 -0.00300075 -0.0029783 -0.00294923 -0.00292941 -0.00291314 -0.00288453 -0.0028722 -0.00286102 -0.00284234 -0.00284543 
0 5.67989e-05 0.000142507 0.000204417 0.000250535 0.000338293 0.00041112 0.000450982 0.000549276 0.000643276 0.000671703 0.000757349 0.000872232 0.000931641 0.00101401 0.00110639 0.00119782 0.00132108 0.00140557 0.00150845 0.00165035 0.00175201 0.00189488 0.00204679 0.00218157 0.00237536 0.00255002 0.00275441 0.00300081 0.00323487 0.00355555 0.00389155 0.00427468 0.00477224 0.00531443 0.00599585 0.00679067 0.00774811 0.00891815 0.0102334 0.0118209 0.0136293 0.0156533 0.0178763 0.020208 0.0226589 0.0250002 0.0271307 0.028883 0.0300635 0.0305077 0.0299298 0.0282855 0.025438 0.0213949 0.0161644 0.00986012 0.00279387 -0.00478928 -0.0124792 -0.0200093 -0.0269514 -0.0329863 -0.0378208 -0.0412712 -0.0433203 -0.0439308 -0.0432648 -0.0414036 -0.0386438 -0.0351817 -0.0313348 -0.0273093 -0.0233237 -0.0195439 -0.0160708 -0.0130215 -0.0103816 -0.00820882 -0.00640365 -0.00499028 -0.00384452 -0.00298891 -0.00231218 -0.00183847 -0.00147696 -0.00124597 -0.00107674 -0.00098037 -0.000912322 -0.000877847 -0.000855091 -0.000843309 -0.00083831 -0.000832617 -0.00083422 -0.000829223 -0.000833433 -0.000828019 -0.000833325 -0.000827671 -0.000833255 -0.000827816 -0.000832925 -0.000828015 -0.000831449 -0.000826487 -0.000825235 -0.000816434 -0.000801882 -0.000776413 -0.000726186 -0.000651593 -0.000517629 -0.000329974 -2.96604e-05 0.000370701 0.000952941 0.00169722 0.00270753 0.00396331 0.00558808 0.00756177 0.00999916 0.0128535 0.0161723 0.0198511 0.0238314 0.0279562 0.0320517 0.0359132 0.039248 0.0418357 0.0433599 0.0436963 0.042632 0.0401627 0.0362189 0.0309304 0.0244914 0.0172043 0.00946144 0.0015483 -0.00612056 -0.0132816 -0.0195432 -0.0247377 -0.0287443 -0.0315339 -0.033167 -0.0336435 -0.0332086 -0.0319949 -0.0302465 -0.0280988 -0.0256993 -0.0232818 -0.020881 -0.0186397 -0.0165486 -0.0146836 -0.0130835 -0.0116536 -0.0104692 -0.00944835 -0.0086041 -0.00790912 -0.00728667 -0.00681437 -0.00638572 -0.00602039 -0.00573298 -0.00544555 -0.00523426 -0.00502755 -0.00483526 -0.00469927 -0.00453278 -0.0044123 -0.0043081 -0.00417417 -0.00409109 -0.00400044 -0.00392022 -0.00386299 -0.00375894 -0.00371003 -0.00369549 -0.00360741 -0.00354783 -0.00353259 -0.00348761 -0.00345299 -0.00343205 -0.00340226 -0.00338089 -0.00335859 -0.00334255 -0.00333958 -0.00332652 
0 7.8595e-05 0.000129573 0.000226843 0.000323093 0.00038115 0.000470449 0.000549276 0.00060613 0.000708029 0.00080349 0.000887588 0.000989523 0.00106534 0.00117209 0.00130287 0.00138068 0.00148694 0.00162708 0.00175175 0.00189292 0.00203416 0.00219636 0.0023663 0.00252846 0.00274588 0.00295731 0.00318435 0.00348278 0.00378384 0.00414047 0.00455709 0.00503512 0.00561754 0.00627248 0.00708673 0.00805592 0.00918513 0.0105512 0.0121216 0.0139571 0.0160242 0.0183047 0.0207895 0.0233582 0.0259682 0.0284327 0.0306111 0.0323319 0.0333714 0.0335695 0.0326791 0.0306219 0.0272953 0.0226903 0.0168645 0.00993868 0.00222807 -0.00599417 -0.0143316 -0.0224671 -0.0299946 -0.036547 -0.0418395 -0.0456611 -0.0479893 -0.0487891 -0.048193 -0.0463021 -0.0433807 -0.0396778 -0.0355001 -0.0311128 -0.0267248 -0.0225361 -0.0186457 -0.0151897 -0.0121732 -0.00965681 -0.00756769 -0.00590734 -0.00457676 -0.00355864 -0.00277041 -0.00219278 -0.00176832 -0.00147367 -0.00127387 -0.00114137 -0.00106269 -0.00100888 -0.000985556 -0.000963151 -0.000961371 -0.000949071 -0.000954711 -0.000944906 -0.000953006 -0.000943613 -0.00095257 -0.000943258 -0.000952457 -0.000943287 -0.000952207 -0.00094304 -0.000950513 -0.000939963 -0.000942322 -0.000924758 -0.000911017 -0.000869519 -0.000811833 -0.00070651 -0.000547642 -0.000304188 5.02638e-05 0.000543565 0.00122385 0.00211485 0.0032901 0.00477236 0.00665807 0.00895786 0.011757 0.0150145 0.0187513 0.0228506 0.0272473 0.0317595 0.0362192 0.0403703 0.0439271 0.0466118 0.0481367 0.048348 0.0470697 0.0442854 0.0399425 0.0341848 0.0272064 0.0193471 0.0109788 0.00243767 -0.00588058 -0.0136738 -0.0205654 -0.0263711 -0.0309336 -0.0342224 -0.0362612 -0.0370898 -0.036905 -0.0358385 -0.0341335 -0.0319455 -0.0294592 -0.0268615 -0.0242373 -0.0217466 -0.0194066 -0.0172873 -0.0154085 -0.0137514 -0.0123571 -0.0111356 -0.0101128 -0.00926566 -0.00853787 -0.00794276 -0.00741861 -0.00700225 -0.00664491 -0.00630579 -0.00605241 -0.00581004 -0.00558509 -0.00540258 -0.00522553 -0.00507692 -0.00492795 -0.00481202 -0.00472206 -0.00458804 -0.00449811 -0.00443881 -0.00434161 -0.00426723 -0.00419502 -0.00413012 -0.00410739 -0.00405662 -0.00399862 -0.00397133 -0.00392609 -0.00389067 -0.00388258 -0.0038585 -0.003838 -0.00383219 -0.00381434 
0 0.000111597 0.000165497 0.000258116 0.000358955 0.000410818 0.000515241 0.000643276 0.000708029 0.000800785 0.000918719 0.000997316 0.00110765 0.00122608 0.00132273 0.00146371 0.00158577 0.00169531 0.00186538 0.00199991 0.00212815 0.00232201 0.00249409 0.00267857 0.0029037 0.00313264 0.00339566 0.00366569 0.00398928 0.00437269 0.00475756 0.00525812 0.00585243 0.00651093 0.00732762 0.00828752 0.00944423 0.0107837 0.0123362 0.0141892 0.0162495 0.0185569 0.0210827 0.0237639 0.0265388 0.0292153 0.0317354 0.0338809 0.0354611 0.0362886 0.0361294 0.0348908 0.032369 0.0285531 0.0234125 0.0170336 0.00961436 0.00135757 -0.00734263 -0.0162041 -0.0247865 -0.0327563 -0.0397208 -0.0453769 -0.0495586 -0.0521325 -0.053167 -0.0526579 -0.0508217 -0.0478093 -0.0439588 -0.0395366 -0.0348474 -0.0301305 -0.0255547 -0.0213038 -0.0174337 -0.0140767 -0.0111891 -0.00883395 -0.00689442 -0.00538687 -0.00418159 -0.00328346 -0.0025878 -0.0020957 -0.00173302 -0.00149233 -0.00132809 -0.00122435 -0.00116287 -0.00112154 -0.00110549 -0.00108711 -0.00108857 -0.00107659 -0.00108432 -0.00107339 -0.00108339 -0.00107239 -0.00108318 -0.00107221 -0.00108288 -0.00107215 -0.00108148 -0.00107033 -0.00107525 -0.00105979 -0.00105148 -0.00101869 -0.000974233 -0.000891154 -0.000761073 -0.000562108 -0.000260009 0.000159583 0.000758714 0.00154287 0.00260485 0.00394563 0.00568865 0.0078272 0.010487 0.0136213 0.0172992 0.0214036 0.025913 0.0306542 0.0355045 0.0402347 0.0445828 0.0482678 0.0509497 0.0524274 0.0524447 0.0509579 0.0478361 0.0431632 0.0370081 0.0296312 0.0213509 0.0125033 0.00350943 -0.00532857 -0.0135838 -0.021022 -0.027356 -0.0324594 -0.0362591 -0.0387275 -0.0400048 -0.0401413 -0.039356 -0.0377855 -0.0356619 -0.0331925 -0.0304722 -0.0277096 -0.0249798 -0.0224249 -0.02006 -0.0178879 -0.0160147 -0.0143695 -0.0129593 -0.0117465 -0.0107226 -0.00989992 -0.00915336 -0.00853856 -0.0080448 -0.00758908 -0.00721153 -0.00687845 -0.00660254 -0.00635853 -0.00611479 -0.00594722 -0.00577442 -0.00558477 -0.00546659 -0.00533314 -0.00519445 -0.00510048 -0.00499196 -0.00490739 -0.00484119 -0.00474992 -0.00469411 -0.00464089 -0.00455749 -0.00451556 -0.00448887 -0.00444103 -0.00440977 -0.0043845 -0.00435451 -0.00433516 -0.00432115 -0.00431161 
0 7.77192e-05 0.000209258 0.000295718 0.000370175 0.000501351 0.000596768 0.000671703 0.00080349 0.000918719 0.00100793 0.00112491 0.00125024 0.00138394 0.00150236 0.00161427 0.00177724 0.0019314 0.0020722 0.0022473 0.00241566 0.00261087 0.00282364 0.00302164 0.00327524 0.00354646 0.00382682 0.00416525 0.00453994 0.00497542 0.00546169 0.00603802 0.00674155 0.00752605 0.0084754 0.00961927 0.0109513 0.0125056 0.0142982 0.0163885 0.0187081 0.021236 0.0239782 0.0268355 0.0297065 0.0324163 0.0348695 0.0368841 0.038224 0.0387105 0.0381551 0.0364662 0.0334827 0.0291616 0.0235296 0.0166974 0.00886767 0.000241689 -0.00883036 -0.018026 -0.0269293 -0.0351903 -0.0424538 -0.0484207 -0.0529018 -0.0557576 -0.05701 -0.0566758 -0.0549308 -0.051945 -0.048025 -0.0434549 -0.0385426 -0.0335416 -0.0286462 -0.0240367 -0.0198078 -0.0160806 -0.0128591 -0.0101888 -0.00799211 -0.00625775 -0.00487906 -0.00383231 -0.00302568 -0.00244092 -0.00200979 -0.00171624 -0.00151295 -0.00138397 -0.00130198 -0.00125218 -0.0012252 -0.00120687 -0.00120121 -0.00119299 -0.00119467 -0.00118897 -0.00119305 -0.00118781 -0.00119264 -0.00118752 -0.00119226 -0.00118708 -0.00119043 -0.0011838 -0.00118202 -0.00116826 -0.00115031 -0.00111226 -0.00105016 -0.000947327 -0.000783177 -0.000539497 -0.000176417 0.00032462 0.00102382 0.00194111 0.0031607 0.00470867 0.00669053 0.00912711 0.0121096 0.0156104 0.0196509 0.0241273 0.0289747 0.0340286 0.0391329 0.0440513 0.0485066 0.0522055 0.0548302 0.0561662 0.055995 0.0542486 0.0508442 0.0458657 0.0394252 0.0317763 0.0232129 0.0140693 0.0047412 -0.00442769 -0.0130551 -0.020904 -0.0277137 -0.0333276 -0.037625 -0.0405931 -0.042333 -0.0429073 -0.0424678 -0.0411466 -0.0391927 -0.0367922 -0.0340744 -0.0312098 -0.028328 -0.0255846 -0.0229873 -0.0205876 -0.018456 -0.0165786 -0.0149522 -0.013523 -0.0123277 -0.0113292 -0.010454 -0.00973154 -0.00911924 -0.00860494 -0.00815671 -0.00776266 -0.00745083 -0.00714935 -0.00688414 -0.00666949 -0.00645657 -0.00628101 -0.00610942 -0.0059491 -0.00583736 -0.00571198 -0.00558848 -0.00548494 -0.00539466 -0.005334 -0.00523946 -0.00514536 -0.00511869 -0.00506262 -0.00498812 -0.0049703 -0.00493247 -0.00487574 -0.00486607 -0.00484854 -0.00481305 -0.00481505 
0 9.2176e-05 0.000213333 0.000320646 0.000429306 0.000561284 0.000661538 0.000757349 0.000887588 0.000997316 0.00112491 0.00128088 0.00138645 0.00151512 0.00168316 0.00181615 0.00197767 0.00214498 0.00229632 0.00250969 0.0027135 0.00290837 0.00315357 0.00339565 0.00367169 0.00397695 0.00430077 0.00470141 0.00513022 0.00562705 0.00622478 0.00689411 0.00770663 0.00864823 0.00975689 0.0110901 0.0126172 0.0144026 0.0164473 0.0187554 0.0213146 0.0240471 0.0269575 0.0299256 0.0328117 0.0354855 0.0377807 0.0395581 0.040562 0.040625 0.0396188 0.0374219 0.0339569 0.0291411 0.0230715 0.0158697 0.00772735 -0.00113401 -0.0104432 -0.0198126 -0.0288978 -0.0373133 -0.0447705 -0.0509737 -0.0557065 -0.0588393 -0.0603142 -0.0602056 -0.0586048 -0.0557395 -0.0518336 -0.047211 -0.0421489 -0.0369274 -0.031764 -0.02683 -0.0222776 -0.0181876 -0.0146489 -0.011648 -0.00919735 -0.00721094 -0.00565875 -0.00443974 -0.00352316 -0.00282684 -0.00232864 -0.00196806 -0.00172664 -0.00156297 -0.00146099 -0.00139764 -0.00135967 -0.00133972 -0.00132603 -0.00132217 -0.00131597 -0.00131746 -0.0013131 -0.00131627 -0.00131231 -0.00131583 -0.00131189 -0.00131463 -0.00130972 -0.00130888 -0.0012988 -0.00128592 -0.00125728 -0.00120986 -0.00112922 -0.000997981 -0.0007987 -0.000496428 -7.11264e-05 0.000530711 0.00133203 0.00240782 0.00378911 0.00557391 0.00779756 0.010556 0.0138519 0.0177223 0.0220964 0.0269213 0.0320594 0.0373723 0.0426595 0.0476743 0.052145 0.0557518 0.0582455 0.059365 0.0589767 0.0569475 0.0532843 0.0480457 0.0414059 0.0336024 0.0248911 0.0156158 0.00610502 -0.00323528 -0.0121103 -0.0202495 -0.0274446 -0.0335123 -0.0382925 -0.0417922 -0.0440324 -0.0451151 -0.0451089 -0.0441557 -0.0424804 -0.0402387 -0.0376181 -0.0347372 -0.0317767 -0.0288744 -0.0260734 -0.0234722 -0.0210866 -0.0189668 -0.0171066 -0.0154657 -0.0140795 -0.0128811 -0.0118701 -0.0110244 -0.0102827 -0.00968223 -0.00915904 -0.00870175 -0.00832232 -0.00797158 -0.0076865 -0.00741637 -0.00716259 -0.00698213 -0.00678684 -0.0066082 -0.00647183 -0.00631626 -0.00620439 -0.00610187 -0.005964 -0.00587241 -0.00579972 -0.00572252 -0.00566437 -0.00559282 -0.0055301 -0.00548692 -0.00544057 -0.00541013 -0.00538113 -0.00535112 -0.00533682 -0.00531912 
0 0.0001464 0.000229849 0.000353744 0.0004906 0.000577933 0.000708202 0.000872232 0.000989523 0.00110765 0.00125024 0.00138645 0.00153052 0.00168459 0.00184719 0.00201911 0.00218797 0.00237473 0.0025716 0.0027694 0.00299912 0.00322962 0.00348055 0.00379281 0.00409604 0.00442996 0.00484399 0.00527685 0.00577128 0.00635708 0.00703872 0.007842 0.00876447 0.00988348 0.0111976 0.0127016 0.0144723 0.0164908 0.0187755 0.0213057 0.0240467 0.0269788 0.0299812 0.0329788 0.0358186 0.0383461 0.04042 0.0418301 0.0424214 0.0420012 0.0404771 0.0377612 0.0337726 0.0285224 0.0220641 0.0145853 0.00623836 -0.00275449 -0.0121311 -0.0215563 -0.0306573 -0.0391326 -0.0466713 -0.0530405 -0.057985 -0.061363 -0.0630969 -0.0632251 -0.0618598 -0.0591654 -0.0553869 -0.0507796 -0.0456585 -0.0402763 -0.034895 -0.0296869 -0.0248261 -0.0204143 -0.0165422 -0.0132368 -0.0104942 -0.00827204 -0.0065036 -0.00512622 -0.00406303 -0.00326757 -0.00267419 -0.00225569 -0.00195661 -0.00176355 -0.00163021 -0.00155515 -0.00150189 -0.00147905 -0.00145834 -0.00145486 -0.00144535 -0.00144795 -0.0014418 -0.00144607 -0.00144082 -0.00144539 -0.00143998 -0.00144376 -0.00143627 -0.00143591 -0.00142022 -0.00140513 -0.00136376 -0.00130641 -0.00119854 -0.00104119 -0.000790013 -0.000434771 7.83277e-05 0.000772146 0.00171057 0.00293446 0.00452091 0.00653038 0.00903908 0.012098 0.0157333 0.0199352 0.0246393 0.0297614 0.0351528 0.0406622 0.0460524 0.0510884 0.0554607 0.0589095 0.0611647 0.0620374 0.0613673 0.0590703 0.0551564 0.0497185 0.0429639 0.0350944 0.0263863 0.0170997 0.00759335 -0.00180032 -0.0107788 -0.0191029 -0.0265889 -0.0330189 -0.0382822 -0.0422941 -0.0450942 -0.046715 -0.0472231 -0.046756 -0.0454433 -0.0434896 -0.0410296 -0.0382454 -0.0352843 -0.0322588 -0.0293179 -0.0265109 -0.0239145 -0.0215446 -0.0194294 -0.0176012 -0.0159838 -0.0145962 -0.0134249 -0.0124238 -0.0115717 -0.0108272 -0.0102237 -0.00970101 -0.00921809 -0.00884032 -0.00850717 -0.00819464 -0.00793494 -0.00769683 -0.00748563 -0.00729215 -0.00711153 -0.00695697 -0.00680613 -0.00668553 -0.00658346 -0.0064598 -0.00637673 -0.00630491 -0.00618562 -0.00612581 -0.0061029 -0.00601136 -0.00596023 -0.00595957 -0.00589385 -0.00585952 -0.00587867 -0.0058308 
0 0.000124733 0.000260862 0.000393806 0.000523997 0.000658507 0.00079715 0.000931641 0.00106534 0.00122608 0.00138394 0.00151512 0.00168459 0.00187438 0.00202941 0.00220004 0.00240346 0.00261684 0.00283236 0.00305368 0.00331306 0.00358019 0.00386144 0.0041986 0.00453734 0.00492461 0.00539663 0.00589496 0.0064775 0.00716599 0.00796743 0.00889995 0.00997065 0.0112749 0.0127781 0.0144868 0.0164895 0.0187486 0.0212673 0.023994 0.0269166 0.0299855 0.0330276 0.0359771 0.0386745 0.0409758 0.0427023 0.0436569 0.0437432 0.0427799 0.0407055 0.0374349 0.0329524 0.0273071 0.0205548 0.0128912 0.00444421 -0.0045467 -0.0138616 -0.0231878 -0.0321955 -0.0406183 -0.0481618 -0.0546272 -0.0597374 -0.0633535 -0.0653539 -0.0657719 -0.0646908 -0.062253 -0.0586748 -0.0541742 -0.0490664 -0.0435912 -0.038046 -0.0326021 -0.0274695 -0.0227483 -0.0185606 -0.0149393 -0.0119046 -0.0094216 -0.0074294 -0.00586853 -0.00465208 -0.00373813 -0.00304478 -0.00255473 -0.00219406 -0.00196293 -0.00179497 -0.00170394 -0.00163269 -0.00160612 -0.00157588 -0.00157412 -0.0015586 -0.00156486 -0.00155391 -0.00156236 -0.00155258 -0.00156135 -0.00155121 -0.00155877 -0.0015456 -0.00154748 -0.00152324 -0.00150588 -0.00144872 -0.00137851 -0.00123999 -0.00104982 -0.000743024 -0.000323886 0.00028088 0.00108243 0.00216276 0.00355602 0.00535316 0.00761002 0.010403 0.0137737 0.0177296 0.0222513 0.0272459 0.0326283 0.0382157 0.0438562 0.0492733 0.0542395 0.0584342 0.0616345 0.0635939 0.0641561 0.0631868 0.0606148 0.0564918 0.0509149 0.044123 0.0362893 0.0276876 0.0185392 0.0091673 -0.000134516 -0.00911128 -0.0175163 -0.0251946 -0.0319223 -0.0376128 -0.0421471 -0.0455077 -0.0477065 -0.0487802 -0.0488668 -0.0480236 -0.0464331 -0.044242 -0.0416348 -0.0387629 -0.035708 -0.0326695 -0.0297215 -0.0269348 -0.0243429 -0.0219819 -0.0199255 -0.0180842 -0.0164739 -0.015111 -0.0139405 -0.012947 -0.0120783 -0.0113666 -0.0107657 -0.0102127 -0.00976618 -0.0093731 -0.00901349 -0.00871584 -0.00843952 -0.00819274 -0.00797496 -0.00779036 -0.00762803 -0.00744361 -0.0072978 -0.00719776 -0.00706759 -0.00694259 -0.00685544 -0.00677665 -0.00669816 -0.00662642 -0.00657381 -0.00652212 -0.00646454 -0.00643395 -0.00640672 -0.0063716 -0.00636598 
0 0.000124238 0.000290458 0.000424149 0.000564768 0.000735853 0.000872987 0.00101401 0.00117209 0.00132273 0.00150236 0.00168316 0.00184719 0.00202941 0.00221721 0.00242599 0.00264887 0.00285431 0.00309447 0.00336601 0.00363633 0.00394095 0.00426916 0.0046231 0.00503186 0.00548082 0.00599431 0.00658742 0.00725872 0.00805926 0.0089919 0.0100613 0.011332 0.0128185 0.0145283 0.0164822 0.018703 0.0212068 0.0239212 0.0268196 0.0298848 0.0329918 0.036018 0.0388221 0.0412974 0.0432801 0.0445532 0.0450041 0.0445054 0.0429768 0.0403191 0.0364931 0.0315593 0.0255551 0.0186083 0.0108224 0.00238952 -0.00649674 -0.0156253 -0.0247196 -0.0335428 -0.0417988 -0.0492892 -0.0557558 -0.0609963 -0.064813 -0.0670907 -0.0678322 -0.0670742 -0.0649702 -0.0616446 -0.0573516 -0.0523117 -0.046837 -0.0411686 -0.0355552 -0.030178 -0.0251844 -0.0206962 -0.0167646 -0.0134414 -0.0106785 -0.00846348 -0.00668961 -0.00532606 -0.00426266 -0.00348129 -0.00288967 -0.00248268 -0.00218537 -0.00199984 -0.00186749 -0.00179626 -0.00174354 -0.00172195 -0.0017019 -0.00169819 -0.00168969 -0.0016913 -0.0016864 -0.00168925 -0.0016849 -0.00168736 -0.00168094 -0.00167984 -0.00166493 -0.00165022 -0.00160934 -0.00155427 -0.00144679 -0.00129441 -0.0010435 -0.000695952 -0.000181868 0.000503103 0.00144617 0.00266303 0.00426096 0.00627013 0.00880385 0.011882 0.0155735 0.0198406 0.0246602 0.0299234 0.0355131 0.0412606 0.0469473 0.0523382 0.0571317 0.0610932 0.063954 0.065571 0.0657627 0.0644664 0.0616226 0.0573075 0.0516628 0.0448766 0.037179 0.0287549 0.0198764 0.0107568 0.00167353 -0.00717464 -0.0155691 -0.0233139 -0.0302733 -0.0363016 -0.0413321 -0.0452451 -0.0480342 -0.0497358 -0.0504144 -0.0501525 -0.0490167 -0.0472053 -0.0448751 -0.0421618 -0.0391917 -0.0361025 -0.0330622 -0.030115 -0.0273183 -0.0247487 -0.0224316 -0.0203759 -0.0185503 -0.0169684 -0.0156233 -0.0144549 -0.0134604 -0.0126175 -0.0118914 -0.0112793 -0.0107442 -0.0102789 -0.00988343 -0.00952403 -0.00921836 -0.00895428 -0.00869764 -0.0084778 -0.00828861 -0.00811752 -0.00795833 -0.00778931 -0.00766139 -0.00756316 -0.00744426 -0.00736127 -0.00727872 -0.00717042 -0.00713076 -0.00708617 -0.00699914 -0.00698429 -0.00695884 -0.00689169 -0.00690645 
0 0.000157366 0.000319889 0.000464004 0.000615229 0.000781894 0.000934974 0.00110639 0.00130287 0.00146371 0.00161427 0.00181615 0.00201911 0.00220004 0.00242599 0.00266626 0.00287646 0.00312436 0.00340554 0.00367561 0.00397827 0.00432295 0.00468991 0.00509894 0.0055659 0.00608902 0.00667051 0.00734893 0.00814532 0.00905658 0.0101235 0.0113808 0.0128443 0.0145338 0.0164693 0.0186675 0.0211248 0.0238258 0.0267213 0.0297639 0.0328886 0.0359729 0.0388803 0.041471 0.043627 0.0451745 0.045934 0.0458001 0.044692 0.0425552 0.0393085 0.0349693 0.0296184 0.0233477 0.0162641 0.0084636 0.000138948 -0.00853771 -0.0173594 -0.0261388 -0.034665 -0.0427008 -0.0500482 -0.0564694 -0.0617856 -0.0657808 -0.0683497 -0.0694279 -0.0690546 -0.0673143 -0.0643267 -0.060289 -0.0554097 -0.0499892 -0.0442686 -0.0385299 -0.0329468 -0.0277147 -0.0229343 -0.0187141 -0.0150831 -0.0120507 -0.00957761 -0.00759832 -0.0060505 -0.00484777 -0.00394563 -0.00326436 -0.00278362 -0.00243197 -0.00220684 -0.00204431 -0.00195626 -0.0018876 -0.00186215 -0.00183285 -0.00183148 -0.00181612 -0.00182257 -0.0018114 -0.00181983 -0.00180922 -0.00181689 -0.00180371 -0.0018059 -0.00178224 -0.00176562 -0.00171013 -0.00164169 -0.0015066 -0.00131985 -0.00101853 -0.000604273 -6.0015e-06 0.000790703 0.00186562 0.00325595 0.00505117 0.00731004 0.0101109 0.0134994 0.0174902 0.0220676 0.0271494 0.0326502 0.0383995 0.0442421 0.0499153 0.0551877 0.0597518 0.0633888 0.0658739 0.0670756 0.0668776 0.0652196 0.0621184 0.0576451 0.0519788 0.0452776 0.0377669 0.0296256 0.0210882 0.0123445 0.00357711 -0.00503065 -0.0133042 -0.0210394 -0.0281247 -0.0344379 -0.0398835 -0.0443328 -0.0477171 -0.0500601 -0.0513855 -0.051741 -0.0511752 -0.0498327 -0.0478699 -0.0454149 -0.0426054 -0.0395793 -0.0364872 -0.0334264 -0.030478 -0.0277095 -0.0251613 -0.022867 -0.0208299 -0.0190361 -0.0174682 -0.0161252 -0.0149776 -0.0139787 -0.0131266 -0.0124103 -0.0117926 -0.011251 -0.0107946 -0.0104043 -0.0100377 -0.0097285 -0.00947074 -0.00920146 -0.00896621 -0.00879003 -0.00860828 -0.00843359 -0.00830726 -0.00818643 -0.00804513 -0.00793662 -0.00786491 -0.00777441 -0.00768473 -0.00763033 -0.00758081 -0.00753186 -0.00750263 -0.00747807 -0.0074449 
0 0.000165953 0.000333692 0.000508583 0.000675677 0.000847346 0.00102954 0.00119782 0.00138068 0.00158577 0.00177724 0.00197767 0.00218797 0.00240346 0.00264887 0.00287646 0.00311362 0.00342242 0.00371982 0.00401268 0.00436733 0.00474758 0.00515879 0.00561395 0.00613787 0.00674513 0.00740677 0.00820348 0.00914111 0.0101826 0.0114253 0.012878 0.0145395 0.0164418 0.0185979 0.0210423 0.0237087 0.0265792 0.0296359 0.0327656 0.0358882 0.0388635 0.0415694 0.0438668 0.0455888 0.0466135 0.0467817 0.0460189 0.0442729 0.0414999 0.0376963 0.0328872 0.0272004 0.0207367 0.0135955 0.00588644 -0.00224051 -0.0105947 -0.0190347 -0.0274102 -0.0355723 -0.0433243 -0.0504638 -0.0568 -0.0621382 -0.066308 -0.0691548 -0.0706038 -0.0706384 -0.0693093 -0.0667106 -0.0629857 -0.0583436 -0.0530331 -0.0473361 -0.0415064 -0.0357746 -0.0303172 -0.0252809 -0.020768 -0.0168418 -0.013523 -0.0107858 -0.00858216 -0.00683625 -0.00548234 -0.00444385 -0.00366949 -0.00309849 -0.00269569 -0.00241374 -0.00222937 -0.00210728 -0.00203495 -0.00198869 -0.00196501 -0.00194911 -0.00194315 -0.00193749 -0.00193686 -0.0019338 -0.00193373 -0.00192943 -0.00192579 -0.00191393 -0.00189657 -0.00186038 -0.00180302 -0.00170301 -0.00154955 -0.0013099 -0.000962871 -0.000463795 0.000219735 0.00114543 0.00236087 0.00394053 0.00594894 0.00846679 0.0115499 0.01524 0.019533 0.0243868 0.0297165 0.0353971 0.041271 0.0471287 0.0527305 0.057797 0.0620702 0.065319 0.0673795 0.0681331 0.0675092 0.0654939 0.0621331 0.0575521 0.0518993 0.0453539 0.038089 0.0303024 0.0221846 0.0138855 0.00553581 -0.00274825 -0.010791 -0.018442 -0.0255728 -0.0320893 -0.0378815 -0.0428031 -0.0467788 -0.0497557 -0.0517454 -0.052751 -0.0528141 -0.0520408 -0.0505236 -0.0484244 -0.0458714 -0.0430071 -0.0399614 -0.0368418 -0.0338016 -0.0308752 -0.0281146 -0.0255892 -0.023315 -0.0213028 -0.0195004 -0.0179482 -0.0166373 -0.0154731 -0.0144883 -0.0136597 -0.012938 -0.0123145 -0.0117711 -0.011324 -0.0109087 -0.0105254 -0.0102419 -0.00997188 -0.00970079 -0.00948531 -0.0092912 -0.00911899 -0.00895547 -0.00879071 -0.00866966 -0.0085607 -0.00844725 -0.00836563 -0.00828887 -0.00821228 -0.00815596 -0.00809845 -0.00805198 -0.00802951 -0.00800727 
0 0.000192377 0.000346454 0.000543447 0.000743568 0.000907868 0.0011142 0.00132108 0.00148694 0.00169531 0.0019314 0.00214498 0.00237473 0.00261684 0.00285431 0.00312436 0.00342242 0.00371541 0.0040278 0.00438561 0.00477625 0.00520243 0.00566586 0.00618729 0.0067996 0.00747665 0.00825063 0.00917704 0.010233 0.0114527 0.0128807 0.0145363 0.0164288 0.0185469 0.0209536 0.0236166 0.0264584 0.029483 0.0326183 0.03577 0.038791 0.0415634 0.0439937 0.0458836 0.0471049 0.0475288 0.0470686 0.0456659 0.0432565 0.0398785 0.0355414 0.0303414 0.0243868 0.0177919 0.0106792 0.0031286 -0.00469249 -0.0126626 -0.0206447 -0.0285597 -0.0362985 -0.0436941 -0.0505832 -0.0567665 -0.0621042 -0.066405 -0.0695319 -0.0713509 -0.0718157 -0.0709329 -0.0687577 -0.0654144 -0.0610605 -0.0559481 -0.0503242 -0.044479 -0.0386314 -0.0329994 -0.0277256 -0.0229445 -0.0187284 -0.0151214 -0.0121156 -0.00966884 -0.00772062 -0.00619112 -0.00501784 -0.00412554 -0.00347117 -0.00299295 -0.00266466 -0.00243549 -0.00229243 -0.00219538 -0.00214321 -0.00210589 -0.00209141 -0.00207686 -0.00207552 -0.00206816 -0.00207026 -0.00206373 -0.00206422 -0.00205289 -0.00204363 -0.00201445 -0.00197464 -0.00189571 -0.00177853 -0.00158488 -0.00130433 -0.000887833 -0.000312465 0.000481724 0.00153329 0.00291609 0.00468886 0.00693505 0.00971828 0.0130952 0.0170862 0.0216688 0.0267861 0.0323255 0.0381602 0.0440942 0.0499241 0.05537 0.0601821 0.0640903 0.0669171 0.0685085 0.0687916 0.0677283 0.0653464 0.0617511 0.0570705 0.0514823 0.0451161 0.0381609 0.0307698 0.0231235 0.0153242 0.0074478 -0.000408669 -0.00814325 -0.0156007 -0.0227039 -0.0293253 -0.0353653 -0.0406922 -0.0451944 -0.048809 -0.0514503 -0.0531404 -0.0538872 -0.053752 -0.0527987 -0.0511317 -0.048942 -0.0463247 -0.043408 -0.0403222 -0.0372132 -0.0341867 -0.0312516 -0.0285143 -0.0260259 -0.0237744 -0.0217659 -0.019991 -0.0184697 -0.0171459 -0.0159869 -0.0150169 -0.0141794 -0.0134506 -0.0128275 -0.0122894 -0.0118357 -0.0114267 -0.0110521 -0.0107466 -0.0104827 -0.010224 -0.0099926 -0.00979502 -0.00960868 -0.00945511 -0.00933147 -0.00918839 -0.00905777 -0.00897317 -0.00888779 -0.00880357 -0.00874436 -0.00868604 -0.00863387 -0.00860259 -0.00858078 
