0 0 0 0 0 0 0 0 0 0 0 0 0 0 0 0 0 0 0 0 0 0 0 0 0 0 0 0 0 0 0 0 0 0 0 0 0 0 0 0 0 0 0 0 0 0 0 0 0 0 0 0 0 0 0 0 0 0 0 0 0 0 0 0 0 0 0 0 0 0 0 0 0 0 0 0 0 0 0 0 0 0 0 0 0 0 0 0 0 0 0 0 0 0 0 0 0 0 0 0 0 0 0 0 0 0 0 0 0 0 0 0 0 0 0 0 0 0 0 0 0 0 0 0 0 0 0 0 0 0 0 0 0 0 0 0 0 0 0 0 0 0 0 0 0 0 0 0 0 0 0 0 0 0 0 0 0 0 0 0 0 0 0 0 0 0 0 0 0 0 0 0 0 0 0 0 0 0 0 0 0 0 0 0 0 0 0 0 0 0 0 0 0 0 0 0 0 0 0 0 
0 6.518e-06 6.09017e-07 1.31685e-05 7.77413e-06 2.35949e-06 1.02668e-05 3.63339e-06 1.46495e-05 1.76729e-05 1.59855e-05 2.89747e-05 1.25776e-05 2.00947e-05 3.17715e-05 1.25161e-05 3.49457e-05 3.48873e-05 1.4992e-05 3.60372e-05 3.76143e-05 3.68049e-05 4.52878e-05 5.00888e-05 4.23717e-05 2.77421e-05 5.51733e-05 5.89411e-05 4.36889e-05 5.22767e-05 5.07771e-05 6.97511e-05 7.10153e-05 5.95787e-05 7.32102e-05 7.73033e-05 7.81837e-05 7.43161e-05 8.40614e-05 8.57353e-05 8.07528e-05 9.70831e-05 9.49819e-05 9.6851e-05 0.000108444 0.000114401 0.00011532 0.000121087 0.000135965 0.000132713 0.000137202 0.000151457 0.000154056 0.000155008 0.000165323 0.000179194 0.000178576 0.000185753 0.000204873 0.000212966 0.00021839 0.00023299 0.000256214 0.000264546 0.000275549 0.000300919 0.000324687 0.000340668 0.000358042 0.000396496 0.00042785 0.000458282 0.000493558 0.000555271 0.000620094 0.000691651 0.000786283 0.000922549 0.00109707 0.00130247 0.00156718 0.00190278 0.0023212 0.00279237 0.00332985 0.00391934 0.00456601 0.00521119 0.00583116 0.00637283 0.00682285 0.00711256 0.00720111 0.00702593 0.00659367 0.0059033 0.00499537 0.00387613 0.00258853 0.00116279 -0.00031822 -0.00178913 -0.00316043 -0.00439217 -0.00543433 -0.00627612 -0.006873 -0.0072158 -0.00728383 -0.00712603 -0.00677888 -0.00631275 -0.00574367 -0.00512332 -0.00447542 -0.00386535 -0.0032971 -0.00279059 -0.00233018 -0.00194932 -0.00164144 -0.00140267 -0.00119884 -0.00103609 -0.000917189 -0.000831318 -0.000755924 -0.000684103 -0.000638039 -0.000603027 -0.00057017 -0.000527392 -0.000505489 -0.00048843 -0.000466963 -0.000438677 -0.000426073 -0.00041883 -0.000397845 -0.000380696 -0.000373837 -0.000368173 -0.000347686 -0.00033755 -0.000336362 -0.000323378 -0.000308884 -0.000304182 -0.000302277 -0.000285493 -0.000278696 -0.000281103 -0.000269006 -0.000261943 -0.0002615 -0.000261014 -0.000248768 -0.000249491 -0.000252656 -0.000237605 -0.000241538 -0.00023871 -0.000229365 -0.000223876 -0.000226896 -0.000225492 -0.000205528 -0.000213658 -0.000214772 -0.000214323 -0.000213461 -0.00019159 -0.000209916 -0.000220045 -0.000201975 -0.000192141 -0.000194713 -0.000201996 -0.000184662 -0.000196606 -0.000201464 -0.000174122 -0.00019352 -0.000194463 -0.000184517 -0.000198234 -0.000184372 -0.000182969 -0.000180039 -0.000174496 -0.000189132 -0.000178901 -0.000185827 -0.000192839 -0.000171004 -0.000184377 -0.00018125 -0.000166559 -0.000188573 -0.000177928 
0 6.09017e-07 -8.52229e-07 9.29008e-06 8.31603e-06 1.7625e-05 3.26974e-05 2.17021e-05 2.77971e-05 3.32614e-05 1.92932e-05 3.48e-05 4.65696e-05 3.84514e-05 5.01736e-05 5.76137e-05 4.63177e-05 5.73682e-05 7.595e-05 6.5328e-05 6.83995e-05 7.37926e-05 6.48703e-05 7.91867e-05 8.67679e-05 0.000105918 0.000104832 7.78145e-05 0.000116722 0.000129262 0.000110952 0.000115449 0.000120922 0.000137664 0.00012926 0.000146836 0.000149047 0.000148977 0.000182675 0.000165978 0.000183409 0.000195077 0.000199069 0.00020509 0.000208345 0.000236067 0.000215531 0.000243777 0.000255258 0.000256885 0.000273121 0.000286608 0.000314902 0.000301257 0.000343844 0.000354956 0.000369715 0.000383869 0.000413542 0.000442288 0.000437853 0.000485233 0.000504454 0.000541541 0.000546866 0.000604767 0.000641802 0.000675099 0.000716511 0.000778078 0.000854888 0.000899958 0.000994456 0.00109426 0.00124614 0.00137452 0.00158736 0.00184607 0.00220866 0.00261725 0.00315752 0.00382942 0.00466147 0.00560904 0.0066747 0.00786081 0.00912949 0.0104231 0.0116339 0.0127246 0.0135902 0.0141747 0.0143186 0.0139864 0.0131031 0.0117517 0.00992139 0.007716 0.00513353 0.00232573 -0.000634742 -0.00353077 -0.00627749 -0.00870483 -0.0108011 -0.0124526 -0.0136617 -0.0143245 -0.0144909 -0.0141686 -0.0135104 -0.0125712 -0.011465 -0.0102218 -0.00895666 -0.0077318 -0.00661101 -0.00559258 -0.0046833 -0.00392181 -0.00330269 -0.00282576 -0.00241016 -0.0020983 -0.00184298 -0.00168505 -0.00151395 -0.00139512 -0.00127975 -0.00122692 -0.00114177 -0.00107478 -0.0010173 -0.000983927 -0.000940264 -0.000878592 -0.000861133 -0.000823979 -0.000802698 -0.000746714 -0.000749159 -0.000717374 -0.000692353 -0.00066729 -0.000659806 -0.000647845 -0.000607751 -0.000619725 -0.000595064 -0.000587623 -0.000562618 -0.000569688 -0.000552673 -0.000525697 -0.000539382 -0.000511939 -0.000507304 -0.000489947 -0.000495222 -0.00047545 -0.000460953 -0.00047828 -0.00044971 -0.000458235 -0.00044966 -0.000440064 -0.000445637 -0.00044135 -0.000433053 -0.000401475 -0.000428676 -0.000430826 -0.000392944 -0.000396792 -0.000394967 -0.000406971 -0.000402903 -0.000387852 -0.000397635 -0.000385189 -0.000379478 -0.000391319 -0.000385768 -0.000369078 -0.000368565 -0.000373716 -0.000362107 -0.000373625 -0.000384591 -0.000365213 -0.000368403 -0.000368286 -0.000349847 -0.00035932 -0.000365902 -0.000356804 -0.000365948 -0.000369186 -0.000355894 -0.000359319 
0 1.31685e-05 9.29008e-06 2.04637e-05 1.99227e-05 1.91872e-05 2.93989e-05 2.71436e-05 4.06208e-05 4.88069e-05 4.90108e-05 6.35466e-05 5.66039e-05 6.21323e-05 7.63753e-05 6.87159e-05 8.52149e-05 9.14164e-05 8.34241e-05 9.92551e-05 0.000108075 0.00011353 0.000122397 0.000132245 0.000128154 0.000124863 0.000150358 0.000153238 0.00015424 0.000165461 0.000166664 0.000190019 0.00019814 0.000196463 0.00021015 0.000223875 0.000229246 0.000231425 0.000252307 0.000255093 0.000261649 0.000285092 0.000291114 0.000301642 0.000321327 0.000341057 0.000345422 0.000366472 0.000392003 0.000397676 0.000415914 0.000442464 0.000461535 0.000470082 0.000501996 0.000531146 0.000545608 0.000571937 0.000612726 0.000644741 0.000665571 0.000712168 0.000761639 0.000799918 0.000837847 0.000904101 0.000969149 0.00102246 0.00108895 0.00118399 0.00128426 0.00137798 0.00150351 0.00167227 0.00187464 0.00210128 0.00240571 0.00281488 0.00334016 0.00397849 0.00478644 0.00580256 0.00703665 0.00845403 0.0100485 0.0118083 0.0136897 0.015587 0.0173842 0.0189755 0.0202522 0.0210728 0.0212772 0.0207501 0.0194524 0.0174212 0.0147165 0.0114137 0.00759961 0.00341804 -0.000941869 -0.00525077 -0.00930323 -0.0129314 -0.0160277 -0.0185018 -0.0202777 -0.0212899 -0.02154 -0.0211089 -0.0201412 -0.0187792 -0.017137 -0.0153189 -0.0134449 -0.0116354 -0.00995785 -0.00843733 -0.00708448 -0.00593959 -0.00501007 -0.00426881 -0.00365658 -0.00316861 -0.00279741 -0.00252336 -0.00228731 -0.00208788 -0.00193418 -0.00182391 -0.00171382 -0.00160731 -0.00152733 -0.00146912 -0.0014022 -0.00133027 -0.00128495 -0.00124664 -0.0011975 -0.00114566 -0.00112096 -0.00108988 -0.00104792 -0.00101459 -0.000998545 -0.000968496 -0.000932051 -0.000917213 -0.000898307 -0.000869569 -0.000845926 -0.000840561 -0.000816133 -0.000794604 -0.000789265 -0.000775579 -0.000756423 -0.000746251 -0.000744226 -0.000720886 -0.000714151 -0.000709849 -0.000689217 -0.000680538 -0.000676223 -0.000666021 -0.000645212 -0.000646765 -0.000643895 -0.000632151 -0.000631465 -0.000613046 -0.00061728 -0.000624248 -0.000605231 -0.000594286 -0.000592313 -0.000590933 -0.000578984 -0.000583157 -0.000581098 -0.000561602 -0.00057288 -0.000569896 -0.000562578 -0.000571536 -0.000556383 -0.000553107 -0.000550714 -0.00054198 -0.000552176 -0.000546959 -0.000548189 -0.000553065 -0.000538964 -0.000543911 -0.000540245 -0.000530588 -0.000543916 -0.000538422 
0 7.77413e-06 8.31603e-06 1.99227e-05 2.96139e-05 3.22091e-05 3.93784e-05 4.61639e-05 5.2803e-05 5.80506e-05 6.6799e-05 7.61361e-05 7.62749e-05 8.86039e-05 9.86126e-05 9.57711e-05 0.000113736 0.000121366 0.000117134 0.000135604 0.000141901 0.000145028 0.000159305 0.00016767 0.000176322 0.000177387 0.000194255 0.000211229 0.000207625 0.000221687 0.000231923 0.000245493 0.000258629 0.000259391 0.000281345 0.000291311 0.000303089 0.000318331 0.000329138 0.000349894 0.000356393 0.00038011 0.000393225 0.00040632 0.000432317 0.000443865 0.000468255 0.000483822 0.000513159 0.000531105 0.00055314 0.000588494 0.000607198 0.000640744 0.000667457 0.000709696 0.00073519 0.000773865 0.000821087 0.000858778 0.000905519 0.000951402 0.00101931 0.00106509 0.00113235 0.00120363 0.00128944 0.00136711 0.00146085 0.00158208 0.00170743 0.0018528 0.0020189 0.0022504 0.00251097 0.00284288 0.00325423 0.00381465 0.00451113 0.00539003 0.00647924 0.00784139 0.00947172 0.0113552 0.0134701 0.0157888 0.0182489 0.020717 0.023061 0.0251205 0.0267615 0.0277798 0.0280082 0.0272801 0.0255703 0.0228832 0.0193237 0.0149614 0.00995638 0.00446604 -0.0012309 -0.00688237 -0.0121915 -0.0169735 -0.0210422 -0.0243063 -0.0266357 -0.0279911 -0.0283517 -0.027845 -0.026615 -0.0248645 -0.022729 -0.0203734 -0.0179331 -0.0155627 -0.0133453 -0.0113313 -0.00954748 -0.00802411 -0.00677764 -0.0057631 -0.00494837 -0.00428649 -0.00378864 -0.00339206 -0.00308317 -0.00281087 -0.00261111 -0.00244012 -0.00229966 -0.00216059 -0.00205336 -0.00196293 -0.00187238 -0.00179049 -0.00171553 -0.0016636 -0.00159202 -0.00154061 -0.00148671 -0.0014489 -0.00139629 -0.00135597 -0.00132509 -0.00128446 -0.0012541 -0.00121806 -0.00120014 -0.00116212 -0.00114105 -0.00111885 -0.00109303 -0.00107377 -0.00104902 -0.00103836 -0.00100965 -0.000998783 -0.000981906 -0.000961771 -0.000953007 -0.00093363 -0.000925482 -0.000906097 -0.000900328 -0.000890851 -0.000870949 -0.000867587 -0.000854426 -0.000852021 -0.000838077 -0.000820571 -0.000825183 -0.000816279 -0.000805969 -0.0007948 -0.000792136 -0.000791951 -0.000774578 -0.000777809 -0.000775176 -0.000757833 -0.000762163 -0.000758295 -0.000749173 -0.000748919 -0.000744417 -0.000741168 -0.000735645 -0.000735988 -0.000735911 -0.000726529 -0.000730956 -0.000728074 -0.000717514 -0.000727356 -0.000723077 -0.000715652 -0.000727087 -0.000717986 
0 2.35949e-06 1.7625e-05 1.91872e-05 3.22091e-05 4.3168e-05 5.04035e-05 6.66779e-05 6.2513e-05 7.4504e-05 8.32487e-05 7.80887e-05 0.000111589 0.000110494 0.000108972 0.000144766 0.000126938 0.000139146 0.000174437 0.000162181 0.00017476 0.00018678 0.000191514 0.000198639 0.000217259 0.000252782 0.00023567 0.000241584 0.000274827 0.000283258 0.000301689 0.000293292 0.000312237 0.000342488 0.000343722 0.00036231 0.000376121 0.000402168 0.000414444 0.000432137 0.000460646 0.000467083 0.000496941 0.000515989 0.000535084 0.000558717 0.000583272 0.000612458 0.000630323 0.000668634 0.000697106 0.000727161 0.000764307 0.000802467 0.000842949 0.000878848 0.000930413 0.000975678 0.00102477 0.00107898 0.00113912 0.00120258 0.00126619 0.00134397 0.00142397 0.0015136 0.00160971 0.00172058 0.00184499 0.00198379 0.00214693 0.00233426 0.00256369 0.00283808 0.00318247 0.00360918 0.00415734 0.00485685 0.00574755 0.0068664 0.00825676 0.00995918 0.0119823 0.0143225 0.0169411 0.0197978 0.0227888 0.0257908 0.0286215 0.0311122 0.0330479 0.034227 0.0344241 0.0334978 0.0313655 0.0280641 0.0236637 0.0183064 0.0121515 0.00544833 -0.00152055 -0.00841246 -0.0149272 -0.0207874 -0.0258032 -0.0298029 -0.0326824 -0.0343621 -0.034876 -0.034322 -0.0328981 -0.0307958 -0.0282308 -0.0253769 -0.0224275 -0.0195233 -0.0167925 -0.0142962 -0.0120923 -0.0101976 -0.00862059 -0.00733031 -0.00629136 -0.00546467 -0.00481186 -0.00430016 -0.00389013 -0.00356418 -0.0032937 -0.00307372 -0.00288441 -0.00272608 -0.0025838 -0.00245831 -0.00234846 -0.00224923 -0.00215919 -0.00207187 -0.00200048 -0.00193061 -0.00186544 -0.00180385 -0.00175215 -0.0017035 -0.00164958 -0.00161066 -0.0015697 -0.00153237 -0.00149164 -0.00146337 -0.00143346 -0.00139518 -0.00137417 -0.00134434 -0.00131952 -0.00128946 -0.00127221 -0.00124888 -0.00121939 -0.00121214 -0.0011834 -0.00116894 -0.00115591 -0.00114146 -0.00112295 -0.00110269 -0.00111159 -0.00108631 -0.00106726 -0.00105516 -0.00104503 -0.00105676 -0.00101851 -0.000999264 -0.00101065 -0.00100733 -0.00099555 -0.000976192 -0.000987755 -0.000966361 -0.000951388 -0.00097819 -0.00094657 -0.00093721 -0.000946574 -0.000922496 -0.000932041 -0.00093167 -0.000926403 -0.000928089 -0.000910545 -0.000916033 -0.000906946 -0.000898279 -0.000916539 -0.000899737 -0.000902147 -0.000915609 -0.000890911 -0.000901993 
0 1.02668e-05 3.26974e-05 2.93989e-05 3.93784e-05 5.04035e-05 4.62747e-05 6.96579e-05 7.92886e-05 8.57745e-05 0.000114436 0.000112454 0.000116216 0.000136172 0.000136445 0.000150387 0.00017038 0.000175906 0.000181801 0.000196312 0.000213277 0.000228712 0.00024592 0.000255251 0.00026398 0.000263095 0.00028118 0.000324008 0.000315207 0.000317684 0.000355414 0.000373217 0.000389902 0.000401942 0.000424666 0.00043727 0.000461152 0.000484135 0.000483885 0.000524323 0.000541654 0.000558557 0.000590233 0.000618665 0.000647763 0.000665136 0.000718288 0.00073593 0.000767094 0.00081239 0.000844689 0.000881338 0.000913731 0.000978146 0.00100327 0.00105651 0.00111368 0.00117252 0.00122572 0.00128741 0.00137883 0.00143788 0.00152711 0.00161291 0.00173086 0.00182238 0.00194521 0.00208601 0.00224102 0.00240843 0.00259823 0.00285097 0.00312365 0.0034712 0.00388004 0.0044365 0.0051063 0.00597614 0.00705327 0.00843777 0.0101259 0.0121754 0.0145822 0.0173641 0.0204696 0.0238206 0.0273071 0.030773 0.0340475 0.0368873 0.0390732 0.0403324 0.0404788 0.0393127 0.0367889 0.0328747 0.0277007 0.0213803 0.0141759 0.00632418 -0.00179217 -0.00985402 -0.0174631 -0.0243564 -0.0302374 -0.034956 -0.0383366 -0.0403653 -0.0410357 -0.040506 -0.0389267 -0.0365559 -0.0336049 -0.0303296 -0.0269106 -0.0235275 -0.0203045 -0.0173506 -0.0147358 -0.0124704 -0.0105641 -0.00897628 -0.00771496 -0.00669261 -0.00589471 -0.00523172 -0.0047361 -0.00432235 -0.00400165 -0.00370487 -0.00348248 -0.00328772 -0.00311888 -0.00295706 -0.00282157 -0.00271816 -0.00259647 -0.00249971 -0.00240226 -0.0023414 -0.00224425 -0.00217771 -0.00211505 -0.002059 -0.00199152 -0.00193351 -0.00190235 -0.00183561 -0.0017961 -0.00175165 -0.00172308 -0.00166939 -0.00163948 -0.0016202 -0.00157197 -0.0015533 -0.00152627 -0.00150668 -0.0014693 -0.00145857 -0.0014411 -0.00140075 -0.0013957 -0.00136919 -0.00135071 -0.00133297 -0.0013115 -0.00129193 -0.00128407 -0.00128919 -0.00124643 -0.00123354 -0.00125022 -0.001233 -0.00121518 -0.00119628 -0.00118743 -0.00118198 -0.0011714 -0.00116583 -0.00115676 -0.0011435 -0.00113521 -0.00114407 -0.00113733 -0.00112431 -0.00112852 -0.00110775 -0.00109622 -0.00110636 -0.00109576 -0.00109747 -0.00110423 -0.00109284 -0.00108995 -0.00108739 -0.00107932 -0.00107831 -0.00108074 -0.00108217 
0 3.63339e-06 2.17021e-05 2.71436e-05 4.61639e-05 6.66779e-05 6.96579e-05 8.6307e-05 9.3966e-05 9.7856e-05 0.000117624 0.000124331 0.00013937 0.000160567 0.000165778 0.00018111 0.00019527 0.000204084 0.000222877 0.000236301 0.000245154 0.000259731 0.000272353 0.000286347 0.000313993 0.000328652 0.000337851 0.000363923 0.000373306 0.000391405 0.000418431 0.000424829 0.000442635 0.00046912 0.000491561 0.000506104 0.000536694 0.000565306 0.000577233 0.000617762 0.00064221 0.000660991 0.000696179 0.000728297 0.000754148 0.000779702 0.00083114 0.000855791 0.000889617 0.000943526 0.000984431 0.00102495 0.00107347 0.00114326 0.00118219 0.00124108 0.00131501 0.00138198 0.00144298 0.00151965 0.00162122 0.00169461 0.00178895 0.00189885 0.00202863 0.00213926 0.00227771 0.00245038 0.00263322 0.00282867 0.00305989 0.00336459 0.00370278 0.00411409 0.00462135 0.00529576 0.00612078 0.00715816 0.00845718 0.0101045 0.0121102 0.0145007 0.0172941 0.0204991 0.0240625 0.0278694 0.0317952 0.0356717 0.0393113 0.0424379 0.04479 0.0460825 0.0461197 0.0447106 0.0417839 0.0373039 0.0313887 0.0241935 0.0160081 0.00712832 -0.00204593 -0.0111513 -0.0197755 -0.0275989 -0.0342963 -0.0396679 -0.0435429 -0.0459049 -0.0467756 -0.0463046 -0.0446498 -0.0420716 -0.03882 -0.0351826 -0.0313625 -0.0275482 -0.0238778 -0.0204949 -0.0174806 -0.0148565 -0.0126123 -0.0107347 -0.00922376 -0.00800967 -0.00703691 -0.00623698 -0.00562409 -0.00513353 -0.00473731 -0.00438091 -0.00410609 -0.0038775 -0.00367463 -0.00347659 -0.00331661 -0.00318908 -0.0030504 -0.00292396 -0.00281502 -0.00273458 -0.00262572 -0.00253917 -0.00246816 -0.00240256 -0.0023219 -0.0022586 -0.0022177 -0.00215057 -0.00209856 -0.00205492 -0.00201916 -0.00196111 -0.0019257 -0.00189874 -0.00184815 -0.00181593 -0.00178666 -0.00175669 -0.00171456 -0.00169655 -0.00167254 -0.00163467 -0.00162451 -0.00160022 -0.00157487 -0.00155993 -0.00154761 -0.00152212 -0.00149967 -0.00149524 -0.00146975 -0.00145474 -0.00144396 -0.0014183 -0.00141181 -0.00140603 -0.00139221 -0.00138233 -0.00137197 -0.00135954 -0.00135424 -0.00134817 -0.00133276 -0.00132707 -0.00131603 -0.00130362 -0.0013083 -0.00130184 -0.00129678 -0.00129837 -0.00128592 -0.0012799 -0.00127648 -0.00126857 -0.00126981 -0.00127034 -0.00126887 -0.00126869 -0.00126549 -0.00126231 
0 1.46495e-05 2.77971e-05 4.06208e-05 5.2803e-05 6.2513e-05 7.92886e-05 9.3966e-05 0.00010471 0.000126372 0.000133062 0.000141198 0.000171244 0.000173979 0.000184422 0.000217235 0.000214393 0.000229238 0.000262844 0.000265854 0.000282507 0.00030473 0.000317844 0.000330612 0.000347992 0.000384046 0.000389202 0.00039569 0.000433634 0.000452803 0.000476803 0.000487603 0.00050973 0.000550746 0.000559114 0.000587895 0.00061407 0.000640418 0.00067118 0.00069308 0.00073627 0.000753889 0.000796435 0.000835093 0.000860019 0.000909994 0.000944167 0.000993971 0.00102573 0.00108512 0.00113479 0.00117373 0.00124409 0.00129668 0.00136506 0.00141734 0.00150848 0.00157946 0.00165281 0.00175086 0.00184849 0.00195648 0.0020489 0.00219699 0.00232549 0.00247485 0.00262825 0.00283394 0.00304703 0.00327476 0.00356195 0.00390649 0.00432784 0.00480049 0.00543313 0.00621588 0.0072202 0.00842872 0.00997688 0.0118837 0.0142149 0.0169407 0.0201156 0.0237194 0.0276986 0.0319145 0.0362158 0.0404416 0.0443581 0.0476982 0.0501291 0.0514055 0.051278 0.0496179 0.0462786 0.0412787 0.034666 0.0266914 0.0176084 0.00782535 -0.00230613 -0.0123249 -0.0218707 -0.0305133 -0.0379646 -0.0439218 -0.0482802 -0.0509633 -0.0520733 -0.0516957 -0.0500443 -0.0473276 -0.0438675 -0.0399333 -0.035784 -0.0315906 -0.027526 -0.0237457 -0.0203462 -0.0173698 -0.0147834 -0.0126183 -0.0108322 -0.00941659 -0.00824031 -0.00730836 -0.00654847 -0.00597923 -0.0054831 -0.00507949 -0.00473543 -0.00447179 -0.00422801 -0.00400015 -0.00381806 -0.0036543 -0.00351294 -0.0033515 -0.0032453 -0.00312758 -0.00302729 -0.00291506 -0.00283776 -0.00275875 -0.00266659 -0.0026033 -0.00253173 -0.00247779 -0.00239917 -0.00235929 -0.00230331 -0.00224698 -0.0022065 -0.00215878 -0.00212485 -0.0020708 -0.00204978 -0.00200755 -0.00197116 -0.00194916 -0.0019094 -0.00188872 -0.00185517 -0.00183804 -0.00180477 -0.00177689 -0.00177243 -0.00173886 -0.00171891 -0.00169457 -0.00168504 -0.00168074 -0.00164144 -0.00162859 -0.00162482 -0.00161222 -0.00159268 -0.00157393 -0.00157681 -0.00155254 -0.00153834 -0.00154939 -0.00152342 -0.00151221 -0.00151722 -0.00149909 -0.00149386 -0.00149261 -0.00148317 -0.0014745 -0.00146819 -0.00146915 -0.00145978 -0.00145669 -0.0014622 -0.00144762 -0.00144808 -0.00145357 -0.00143863 -0.00144626 
0 1.76729e-05 3.32614e-05 4.88069e-05 5.80506e-05 7.4504e-05 8.57745e-05 9.7856e-05 0.000126372 0.000131845 0.000152255 0.00018356 0.000171766 0.000198022 0.000224534 0.000215294 0.00025845 0.000275408 0.000270562 0.00030418 0.000320375 0.000341698 0.000361572 0.000387439 0.000403824 0.000395276 0.000442196 0.000473701 0.000483017 0.000503287 0.000517249 0.000571461 0.000588801 0.000601796 0.000639965 0.000662866 0.000701153 0.000717927 0.000757008 0.000788899 0.000816832 0.00086566 0.000890548 0.000940637 0.000977161 0.00102482 0.00107125 0.00111451 0.00117503 0.00121772 0.00128331 0.00133479 0.00140344 0.00146863 0.00153694 0.00161784 0.00169448 0.00178923 0.0018727 0.00198402 0.00209011 0.00221047 0.00233548 0.00248211 0.0026415 0.00280425 0.00299992 0.00321744 0.00347066 0.00374047 0.00407993 0.00448219 0.00497026 0.00554957 0.00628914 0.00722344 0.00838601 0.00982081 0.0116045 0.0138057 0.0164384 0.0195192 0.0230506 0.0270358 0.0313778 0.0359489 0.0405659 0.0450613 0.0491787 0.0526314 0.05508 0.0562632 0.0559509 0.0539971 0.0502726 0.0447623 0.0375425 0.028852 0.0190046 0.00840688 -0.00253435 -0.0133738 -0.0236978 -0.0330814 -0.041175 -0.0476865 -0.0524776 -0.0555068 -0.0568576 -0.0566377 -0.0550376 -0.0522817 -0.0486885 -0.0445479 -0.0401333 -0.0356281 -0.0312298 -0.0270883 -0.0233362 -0.0200004 -0.017098 -0.0146216 -0.0125766 -0.0109083 -0.00954767 -0.00844074 -0.00755586 -0.0068583 -0.00628093 -0.00580457 -0.00540374 -0.00508533 -0.00479658 -0.00454988 -0.00432619 -0.00414341 -0.00396681 -0.0038079 -0.00366641 -0.00353697 -0.00342066 -0.00330179 -0.0032084 -0.00310617 -0.00302476 -0.00293463 -0.00286222 -0.00278842 -0.00271853 -0.00265879 -0.00259072 -0.0025455 -0.00248161 -0.00243919 -0.00238846 -0.00234698 -0.0023064 -0.00226025 -0.00223614 -0.00218664 -0.00216378 -0.00212733 -0.00209196 -0.00206751 -0.00203701 -0.00201961 -0.0019696 -0.0019593 -0.00194972 -0.00191839 -0.00189652 -0.00186093 -0.001873 -0.00186005 -0.00181893 -0.00180556 -0.00179211 -0.00178755 -0.00176003 -0.00175769 -0.00175188 -0.00170921 -0.00172611 -0.00172083 -0.00169373 -0.00170728 -0.00168449 -0.00166768 -0.00167031 -0.00165741 -0.00165877 -0.00165332 -0.00165011 -0.00164889 -0.00163431 -0.00163818 -0.00163262 -0.00162223 -0.00163416 -0.00162671 
0 1.59855e-05 1.92932e-05 4.90108e-05 6.6799e-05 8.32487e-05 0.000114436 0.000117624 0.000133062 0.000152255 0.000156057 0.000186719 0.000203302 0.000221057 0.000253037 0.000255956 0.000278439 0.000300059 0.000311632 0.000346231 0.000356839 0.000371044 0.000396448 0.000414469 0.000445823 0.000477665 0.000502701 0.000505564 0.000537267 0.000581942 0.000588195 0.000619067 0.000644227 0.000670035 0.000713019 0.000739924 0.000771903 0.000805821 0.000854898 0.000882545 0.000917957 0.000972455 0.00100005 0.00104619 0.00109384 0.00114308 0.00118477 0.00124272 0.00130778 0.00135347 0.00142597 0.00149524 0.00156838 0.00163688 0.00172662 0.00181632 0.00189866 0.00200304 0.00210903 0.00222638 0.00233825 0.00248034 0.00262425 0.00278253 0.00295427 0.0031517 0.00337298 0.00361474 0.00390117 0.00422657 0.00462188 0.00508269 0.00565487 0.00634668 0.00722053 0.00830278 0.0096563 0.0113216 0.0133732 0.0158578 0.0188057 0.0222243 0.0261082 0.0304303 0.0350901 0.0399503 0.0448189 0.0495039 0.0537322 0.0572103 0.0595982 0.0606379 0.0600979 0.0578381 0.0537259 0.0477506 0.0399847 0.0306835 0.0201739 0.00889068 -0.00274792 -0.0142749 -0.0252665 -0.0352706 -0.0439253 -0.0509219 -0.0561265 -0.0594937 -0.0611121 -0.0610839 -0.0596022 -0.0568865 -0.0532529 -0.0489903 -0.0443844 -0.0396406 -0.0349677 -0.0305221 -0.026437 -0.0227676 -0.0195452 -0.0167754 -0.0144473 -0.0125257 -0.0109482 -0.00967189 -0.00863435 -0.00780555 -0.00712396 -0.00657621 -0.00611032 -0.00572705 -0.00539271 -0.00511532 -0.00486198 -0.0046377 -0.00444001 -0.00426465 -0.00410252 -0.00394395 -0.00381685 -0.00368989 -0.00357441 -0.00345806 -0.00337105 -0.00327625 -0.00318346 -0.00310811 -0.00303715 -0.00296603 -0.00288996 -0.00284407 -0.00277788 -0.00271819 -0.0026692 -0.002622 -0.00256787 -0.00251744 -0.00248953 -0.00243249 -0.00239663 -0.00236875 -0.00233043 -0.0022954 -0.00226642 -0.00224834 -0.00221141 -0.00219444 -0.00216064 -0.00212698 -0.002129 -0.00209581 -0.00205937 -0.00204109 -0.00203278 -0.00201755 -0.00199725 -0.00198887 -0.00196047 -0.00195388 -0.0019496 -0.00192618 -0.00192474 -0.00189902 -0.00188192 -0.00188452 -0.00186676 -0.00187133 -0.00186748 -0.00185115 -0.00185151 -0.00183497 -0.00182696 -0.00182865 -0.00181899 -0.00182278 -0.00182192 -0.00181465 -0.00181711 -0.00180993 
0 2.89747e-05 3.48e-05 6.35466e-05 7.61361e-05 7.80887e-05 0.000112454 0.000124331 0.000141198 0.00018356 0.000186719 0.00020298 0.000235537 0.000235941 0.000261739 0.000290753 0.000301236 0.000330739 0.000350369 0.000372673 0.000398532 0.000415336 0.000452967 0.000467934 0.000477996 0.000522822 0.000540835 0.000557882 0.000600732 0.00062937 0.000653938 0.000685861 0.000724972 0.000752393 0.000784229 0.000826702 0.000847061 0.000892471 0.000937634 0.00096277 0.00101431 0.00106311 0.00110786 0.00115153 0.0012156 0.00127077 0.00131225 0.00139009 0.00144921 0.00150798 0.00157825 0.00166168 0.00173458 0.00180456 0.00191333 0.00200163 0.00209835 0.0022065 0.00233926 0.00246011 0.00258715 0.0027532 0.00291696 0.00309496 0.00328185 0.00352288 0.00376686 0.00404401 0.00436518 0.00475636 0.00520867 0.00573855 0.00640457 0.00722144 0.0082418 0.00948289 0.0110452 0.0129527 0.0152849 0.0180494 0.0213113 0.0250506 0.0292658 0.0338772 0.0388008 0.0438795 0.048929 0.0537163 0.0579673 0.0613814 0.0636399 0.0644832 0.063684 0.0611011 0.0566108 0.0502092 0.0419709 0.0321571 0.0211002 0.00925154 -0.00296078 -0.0150519 -0.0265882 -0.0371006 -0.046223 -0.0536428 -0.0592292 -0.0629316 -0.0648323 -0.0650322 -0.0637238 -0.0611279 -0.0575394 -0.0532442 -0.048523 -0.0436171 -0.0387319 -0.0340401 -0.0296539 -0.0256757 -0.0221388 -0.0190823 -0.01646 -0.0142736 -0.0124573 -0.0109962 -0.00978818 -0.00881259 -0.00801115 -0.0073777 -0.00684149 -0.00638367 -0.00600189 -0.00568357 -0.00540632 -0.00513664 -0.00492197 -0.0047258 -0.00455029 -0.00436608 -0.00422648 -0.00409526 -0.00395763 -0.00383406 -0.00372986 -0.00363622 -0.00351814 -0.00343819 -0.00335769 -0.00327279 -0.00318969 -0.00312831 -0.00306719 -0.002986 -0.00294232 -0.00288825 -0.00282968 -0.00278144 -0.00274395 -0.00269857 -0.00264496 -0.00262231 -0.00257701 -0.00253421 -0.00250865 -0.00246646 -0.00243565 -0.00241033 -0.00238107 -0.00234522 -0.00232847 -0.00231642 -0.00227543 -0.00226358 -0.00225412 -0.00221653 -0.00220237 -0.00218716 -0.00216797 -0.00215313 -0.00213007 -0.00212473 -0.00211006 -0.00209307 -0.00209855 -0.00207994 -0.0020636 -0.00206294 -0.00204199 -0.00203302 -0.00203444 -0.00202539 -0.00202164 -0.00201877 -0.0020123 -0.00200412 -0.00200101 -0.00200027 -0.00199397 -0.00199669 
0 1.25776e-05 4.65696e-05 5.66039e-05 7.62749e-05 0.000111589 0.000116216 0.00013937 0.000171244 0.000171766 0.000203302 0.000235537 0.000238429 0.000272785 0.000297334 0.000304086 0.000340764 0.000367153 0.00037905 0.000403495 0.000434563 0.000458841 0.000478329 0.000519258 0.000546454 0.000552444 0.000591722 0.000635496 0.00066107 0.000679532 0.00070615 0.000760752 0.000792498 0.000813025 0.00086037 0.000899717 0.000939778 0.000980604 0.00102542 0.00106968 0.00111233 0.00117328 0.00121219 0.00126641 0.00133282 0.00138263 0.00144596 0.00151252 0.00159095 0.00164951 0.00173352 0.00182704 0.0019002 0.00199692 0.00209878 0.0022136 0.00230654 0.0024388 0.00257829 0.00270864 0.00285759 0.00302874 0.00322601 0.00340167 0.00363185 0.00388514 0.00417487 0.00447453 0.00485051 0.0053023 0.00581956 0.00643944 0.00720261 0.00817503 0.00933633 0.0107819 0.0125467 0.0147377 0.0173318 0.0204052 0.0239528 0.0280166 0.0325124 0.0373815 0.0424986 0.0477355 0.0528826 0.0576885 0.0618756 0.0651421 0.0672129 0.0678059 0.0667291 0.0638015 0.0589592 0.0521598 0.0435378 0.0332939 0.0218194 0.00950859 -0.00313798 -0.0156869 -0.0276302 -0.0385556 -0.048038 -0.0558321 -0.0617515 -0.065793 -0.0679753 -0.0684435 -0.0673506 -0.0649499 -0.0614856 -0.0572457 -0.0524957 -0.0475003 -0.0424807 -0.0375908 -0.0329664 -0.0286939 -0.0248819 -0.0215227 -0.0186336 -0.016151 -0.0141101 -0.0124209 -0.0110534 -0.00989971 -0.00898319 -0.00823681 -0.00762724 -0.00709267 -0.00664938 -0.00629334 -0.00596749 -0.00567692 -0.00541272 -0.00521213 -0.00499618 -0.00480655 -0.00463403 -0.00449469 -0.00434189 -0.00419841 -0.00409137 -0.00397321 -0.00386457 -0.00375706 -0.00368267 -0.00358448 -0.00349846 -0.00343234 -0.00335671 -0.00328683 -0.00321806 -0.00317039 -0.00310043 -0.0030459 -0.0030024 -0.00294459 -0.00290192 -0.00285577 -0.002815 -0.00277169 -0.00274133 -0.0027084 -0.00265632 -0.00263624 -0.00261723 -0.00257978 -0.00254105 -0.00251259 -0.00250916 -0.00248145 -0.00243839 -0.00242474 -0.00241235 -0.00238953 -0.00236775 -0.0023592 -0.00234202 -0.00231064 -0.00231244 -0.00230329 -0.00227181 -0.00227443 -0.00226086 -0.00223723 -0.00224404 -0.00223226 -0.00221807 -0.00222008 -0.00220818 -0.00219988 -0.00219854 -0.00219179 -0.002188 -0.0021859 -0.00218336 -0.00218161 
0 2.00947e-05 3.84514e-05 6.21323e-05 8.86039e-05 0.000110494 0.000136172 0.000160567 0.000173979 0.000198022 0.000221057 0.000235941 0.000272785 0.000296394 0.000313652 0.000353024 0.000364477 0.000383039 0.000423642 0.00044513 0.000473139 0.000498045 0.000523578 0.000549823 0.000579858 0.000632336 0.000655528 0.000673013 0.000705766 0.00075006 0.000798258 0.000809415 0.000848506 0.000898063 0.000935896 0.000981873 0.00101586 0.00107261 0.00111539 0.00116648 0.00122062 0.0012666 0.00133215 0.00138055 0.00145117 0.00150875 0.00157752 0.00165477 0.00172356 0.00181061 0.00188781 0.00199137 0.00207493 0.00218178 0.00229518 0.00240815 0.00253218 0.00266201 0.00282226 0.0029601 0.00313538 0.00331985 0.00353154 0.00373948 0.00398858 0.00428148 0.0045922 0.00495019 0.00536822 0.00589406 0.00648036 0.00720468 0.00808783 0.00920864 0.0105467 0.0121918 0.014203 0.0166526 0.0195403 0.022891 0.0267411 0.0310737 0.0358305 0.0408836 0.0461504 0.0514579 0.0566305 0.061361 0.065407 0.0684533 0.0702781 0.0705841 0.0692013 0.0659336 0.0607492 0.0536085 0.0446631 0.0340975 0.0223018 0.00966056 -0.00331422 -0.0161857 -0.0284328 -0.0396508 -0.049418 -0.0575104 -0.0637352 -0.0680907 -0.0705678 -0.0713232 -0.0704922 -0.0683447 -0.0650763 -0.0609795 -0.0562786 -0.0512841 -0.0461851 -0.041176 -0.0363466 -0.0318456 -0.0277543 -0.0241294 -0.0209469 -0.0181982 -0.0158907 -0.0139803 -0.0124094 -0.0110873 -0.0100253 -0.0091551 -0.00845514 -0.00783491 -0.00733642 -0.00691131 -0.00655528 -0.00621877 -0.00593388 -0.00569222 -0.00546132 -0.00525327 -0.0050575 -0.00490325 -0.00473071 -0.00458947 -0.00445001 -0.0043329 -0.00420939 -0.00409809 -0.00400545 -0.00390084 -0.00381926 -0.00372606 -0.00365732 -0.00357435 -0.00350615 -0.00344091 -0.00337197 -0.00332032 -0.00325212 -0.00320777 -0.00314966 -0.00310504 -0.0030627 -0.00301213 -0.00297582 -0.00293332 -0.00291386 -0.00286405 -0.00281878 -0.00280408 -0.00277731 -0.00274696 -0.0026974 -0.00267673 -0.00266821 -0.00264132 -0.00261724 -0.00258924 -0.00257751 -0.00255387 -0.00253853 -0.00253783 -0.00250081 -0.00248462 -0.0024793 -0.0024543 -0.00245291 -0.00244785 -0.00243124 -0.00242478 -0.00241366 -0.00240096 -0.00239532 -0.00239033 -0.00238408 -0.00238177 -0.00237805 -0.00237272 -0.00237159 -0.00236764 
0 3.17715e-05 5.01736e-05 7.63753e-05 9.86126e-05 0.000108972 0.000136445 0.000165778 0.000184422 0.000224534 0.000253037 0.000261739 0.000297334 0.000313652 0.000328336 0.000376664 0.000393251 0.000422387 0.000463899 0.000474511 0.000510893 0.000543971 0.000574322 0.000609846 0.00062865 0.00066262 0.000691077 0.000738595 0.00077725 0.000802453 0.000857544 0.000880849 0.000934387 0.000985202 0.00100563 0.00106413 0.00110545 0.00115845 0.00120077 0.00125851 0.00132243 0.00136256 0.00144746 0.00150034 0.00157 0.00164487 0.00171789 0.00180166 0.00186908 0.00197637 0.00205216 0.00215507 0.00225792 0.00236792 0.00249013 0.0026052 0.00275793 0.00289006 0.00306157 0.00322222 0.0034179 0.0036212 0.00384438 0.00409636 0.00436646 0.00469619 0.00503846 0.00546018 0.00593363 0.00652805 0.00720531 0.00804332 0.00906835 0.010339 0.0118774 0.0137377 0.0160113 0.0187175 0.0218966 0.02552 0.0296518 0.0342184 0.0391803 0.044367 0.0497135 0.0550235 0.0601285 0.0647091 0.0685322 0.0713068 0.0728275 0.0728217 0.0711074 0.0675138 0.0620037 0.0545788 0.0453703 0.0345816 0.02256 0.00971078 -0.00348436 -0.0165524 -0.0290012 -0.0404029 -0.0503817 -0.0587003 -0.0651972 -0.0698348 -0.072615 -0.0736667 -0.0731421 -0.0712862 -0.0682846 -0.0643981 -0.0598394 -0.0549181 -0.049817 -0.0447451 -0.0397771 -0.0350937 -0.0307584 -0.0268797 -0.0234132 -0.0204048 -0.0178221 -0.0156752 -0.0138762 -0.0123808 -0.011152 -0.0101466 -0.00932975 -0.00862647 -0.00805842 -0.00756044 -0.00715959 -0.00678179 -0.00647439 -0.00618482 -0.00593977 -0.00571142 -0.00550081 -0.00531856 -0.00513585 -0.00499137 -0.0048252 -0.00470006 -0.00456425 -0.00445081 -0.00433087 -0.00422377 -0.00413808 -0.00402568 -0.00395136 -0.00386165 -0.00379355 -0.00370935 -0.00364692 -0.00359299 -0.00351227 -0.00347495 -0.00341136 -0.00336064 -0.00330902 -0.00326694 -0.00322312 -0.00315801 -0.00314098 -0.00309095 -0.00305234 -0.00302598 -0.00297702 -0.00296175 -0.00293346 -0.00290868 -0.00287638 -0.00284545 -0.00282962 -0.00279768 -0.0027906 -0.00275774 -0.00272516 -0.00272854 -0.00269609 -0.00268885 -0.00269173 -0.00265817 -0.00265038 -0.00263833 -0.00261301 -0.00261173 -0.00260604 -0.00259305 -0.00259118 -0.002584 -0.00257157 -0.00257056 -0.00256549 -0.00255841 -0.00256109 -0.00255548 
0 1.25161e-05 5.76137e-05 6.87159e-05 9.57711e-05 0.000144766 0.000150387 0.00018111 0.000217235 0.000215294 0.000255956 0.000290753 0.000304086 0.000353024 0.000376664 0.000395508 0.000429456 0.000454318 0.00049262 0.000508875 0.00054678 0.000594732 0.000596515 0.000652457 0.000702468 0.00070814 0.000758644 0.000801595 0.000835853 0.000868219 0.000905418 0.000959981 0.000995853 0.00104946 0.00108807 0.0011391 0.00121187 0.00124236 0.00130634 0.00137108 0.0014234 0.00148522 0.00155072 0.00162889 0.00168011 0.00177142 0.0018549 0.00192539 0.00202591 0.00212188 0.00222782 0.00231933 0.00245232 0.00257207 0.00269057 0.00283753 0.00298677 0.0031509 0.00330571 0.00351107 0.0037095 0.00393171 0.00417392 0.00445493 0.00476768 0.00510603 0.00551781 0.00598 0.00654398 0.00719019 0.00799466 0.00895243 0.0101403 0.0115767 0.0133281 0.0154383 0.0179645 0.0209502 0.024389 0.0283049 0.0326616 0.0374484 0.0425292 0.0478212 0.0531546 0.0584171 0.0633476 0.0677237 0.0712426 0.0737125 0.0748749 0.0745422 0.072478 0.0685792 0.0627689 0.0551131 0.0457032 0.0347767 0.0226244 0.00967563 -0.0036293 -0.0167821 -0.02933 -0.0408222 -0.0509399 -0.0594208 -0.0661488 -0.0710332 -0.0741159 -0.0754654 -0.0752853 -0.073743 -0.0710743 -0.0674454 -0.0631299 -0.0583374 -0.0533316 -0.0482343 -0.0432228 -0.0383857 -0.0338804 -0.029742 -0.0260374 -0.0227546 -0.0199232 -0.0175096 -0.0154814 -0.0137933 -0.0123881 -0.011238 -0.0102747 -0.00949768 -0.00882815 -0.00827758 -0.00778993 -0.00739571 -0.00703367 -0.00671368 -0.00643029 -0.00618297 -0.00595848 -0.00573004 -0.00555277 -0.00537382 -0.00521377 -0.00504785 -0.00492346 -0.00479506 -0.00465866 -0.00455667 -0.00445105 -0.00435491 -0.00424556 -0.00417717 -0.00408898 -0.00399742 -0.00393737 -0.0038601 -0.00379174 -0.00372042 -0.00367578 -0.00360647 -0.00354367 -0.00351533 -0.0034529 -0.00341202 -0.00336756 -0.00332619 -0.00329807 -0.00325387 -0.00321563 -0.00317171 -0.00316012 -0.00312252 -0.00306542 -0.00307095 -0.00303837 -0.00299819 -0.00299323 -0.00296716 -0.00294896 -0.00292513 -0.00291165 -0.00289656 -0.00285783 -0.00285927 -0.00284612 -0.00281906 -0.00282985 -0.00280976 -0.00279092 -0.00279581 -0.00277645 -0.00276962 -0.00277009 -0.00275668 -0.00275352 -0.00275141 -0.00274532 -0.00274569 
0 3.49457e-05 4.63177e-05 8.52149e-05 0.000113736 0.000126938 0.00017038 0.00019527 0.000214393 0.00025845 0.000278439 0.000301236 0.000340764 0.000364477 0.000393251 0.000429456 0.000464008 0.00048749 0.000517751 0.000567053 0.000589951 0.000622114 0.000667968 0.000687865 0.000726513 0.000775733 0.000823402 0.000851976 0.000874414 0.000945712 0.000996102 0.00102391 0.00107055 0.00112431 0.00118107 0.00122525 0.00128523 0.00133688 0.00139677 0.00147178 0.00152327 0.00159572 0.00167294 0.00174768 0.00181852 0.00190787 0.00200226 0.0020764 0.00218346 0.00228967 0.00239231 0.00250048 0.00263597 0.00276837 0.00289204 0.00305471 0.00322153 0.00339201 0.00356941 0.00379283 0.00401845 0.00425351 0.00452843 0.00484569 0.00519184 0.0055686 0.00603306 0.00657055 0.00720221 0.00794122 0.00886166 0.00997283 0.0113196 0.012945 0.0149212 0.0172878 0.0200757 0.0233187 0.0270224 0.0311856 0.0357538 0.0406801 0.0458474 0.0511537 0.0564345 0.0615455 0.0662511 0.0703305 0.0735184 0.0756226 0.0764175 0.0757207 0.0733245 0.0691251 0.0630662 0.0552153 0.0456776 0.0346766 0.0224936 0.00953436 -0.00376551 -0.0169104 -0.0294522 -0.0409644 -0.0511416 -0.0597409 -0.0666399 -0.0717523 -0.0751062 -0.0767748 -0.076937 -0.0757551 -0.0734342 -0.0701414 -0.0661135 -0.0615514 -0.0566835 -0.0516556 -0.0466376 -0.0417369 -0.0370843 -0.0327446 -0.0288002 -0.0252745 -0.0221841 -0.019506 -0.0172296 -0.0153274 -0.0137383 -0.0124113 -0.0113038 -0.0104088 -0.00965412 -0.00901365 -0.00845946 -0.00801322 -0.00761427 -0.00725316 -0.00693418 -0.00666957 -0.00642056 -0.00617513 -0.00597333 -0.00578915 -0.00561103 -0.00543133 -0.00529514 -0.00515416 -0.0050113 -0.00488808 -0.00478076 -0.00466879 -0.0045534 -0.0044732 -0.00437692 -0.00428613 -0.00420838 -0.00413871 -0.00406128 -0.00398799 -0.003938 -0.00386766 -0.00381329 -0.00375771 -0.00370002 -0.00365788 -0.00361358 -0.00356284 -0.00350177 -0.00348297 -0.00345638 -0.00339701 -0.00335888 -0.00333345 -0.00331891 -0.0032786 -0.00324163 -0.00322862 -0.00319244 -0.0031699 -0.00315652 -0.00313106 -0.00310511 -0.00308528 -0.00307886 -0.00305416 -0.0030399 -0.00303958 -0.00300914 -0.00300121 -0.00299919 -0.00297202 -0.00297363 -0.00296915 -0.00294978 -0.0029568 -0.00294918 -0.00293678 -0.00294512 -0.0029346 
0 3.48873e-05 5.73682e-05 9.14164e-05 0.000121366 0.000139146 0.000175906 0.000204084 0.000229238 0.000275408 0.000300059 0.000330739 0.000367153 0.000383039 0.000422387 0.000454318 0.00048749 0.000533624 0.00055677 0.000600504 0.000630018 0.000659299 0.000718634 0.000745214 0.00078882 0.000824989 0.000850694 0.000916798 0.000962922 0.00100739 0.00104388 0.00109438 0.00116431 0.00120291 0.00126076 0.00131233 0.00137345 0.00144075 0.00149414 0.00157108 0.00163244 0.00171194 0.0017906 0.00186642 0.00195593 0.00204198 0.00214361 0.0022309 0.00234325 0.00245661 0.0025658 0.00269281 0.0028289 0.00297398 0.00311172 0.00328669 0.00346573 0.00364755 0.00384976 0.0040859 0.00433519 0.00459046 0.00489978 0.00524951 0.00563296 0.00605901 0.00658383 0.00720021 0.00791244 0.00876321 0.0098159 0.0110939 0.0126164 0.014452 0.016667 0.0192969 0.0223437 0.0258377 0.0297872 0.0341671 0.0388995 0.0439105 0.0491024 0.0543586 0.0595173 0.0644046 0.0688178 0.0725448 0.0753624 0.0770712 0.0774794 0.0764085 0.0736899 0.0692143 0.0629476 0.0549476 0.0453401 0.0343299 0.022198 0.00931663 -0.00388098 -0.0169266 -0.0293756 -0.0408372 -0.0510113 -0.0596783 -0.0667002 -0.072005 -0.0756064 -0.0775893 -0.0780989 -0.0772936 -0.0753451 -0.0724298 -0.0687456 -0.0644807 -0.0598201 -0.0549294 -0.0499721 -0.0450716 -0.0403315 -0.0358366 -0.0316863 -0.0279358 -0.0246004 -0.0216621 -0.0191336 -0.0170011 -0.0152139 -0.0136992 -0.0124349 -0.0114031 -0.0105478 -0.00981236 -0.00918448 -0.00867318 -0.00822775 -0.00782619 -0.00746801 -0.00717428 -0.0068971 -0.00663657 -0.00640621 -0.00620652 -0.00601206 -0.00582187 -0.00566681 -0.00551164 -0.00536705 -0.00522632 -0.00511027 -0.00498918 -0.00487306 -0.00477661 -0.00467399 -0.00458691 -0.0044927 -0.00441899 -0.00433866 -0.00426481 -0.00420012 -0.00412518 -0.00407438 -0.00400803 -0.00395543 -0.0038953 -0.00383953 -0.00381005 -0.00375389 -0.00370608 -0.00365731 -0.00363409 -0.00360763 -0.00355236 -0.00352855 -0.00348637 -0.00346202 -0.00344768 -0.00340285 -0.00338315 -0.00335142 -0.00332839 -0.00331814 -0.00329291 -0.00328584 -0.00325958 -0.00323774 -0.00322998 -0.00320445 -0.0032008 -0.00319167 -0.00317418 -0.00317164 -0.00315701 -0.00314935 -0.0031461 -0.00313858 -0.00313704 -0.00313105 -0.003129 
