0 0 0 0 0 0 0 0 0 0 0 0 0 0 0 0 0 0 0 0 0 0 0 0 0 0 0 0 0 0 0 0 0 0 0 0 0 0 0 0 0 0 0 0 0 0 0 0 0 0 0 0 0 0 0 0 0 0 0 0 0 0 0 0 0 0 0 0 0 0 0 0 0 0 0 0 0 0 0 0 0 0 0 0 0 0 0 0 0 0 0 0 0 0 0 0 0 0 0 0 0 0 0 0 0 0 0 0 0 0 0 0 0 0 0 0 0 0 0 0 0 0 0 0 0 0 0 0 0 0 0 0 0 0 0 0 0 0 0 0 0 0 0 0 0 0 0 0 0 0 0 0 0 0 0 0 0 0 0 0 0 0 0 0 0 0 0 0 0 0 0 0 0 0 0 0 0 0 0 0 0 0 0 0 0 0 0 0 0 0 0 0 0 0 0 0 0 0 0 0 
0 -4.9906e-06 1.54069e-05 1.09803e-05 1.89806e-06 1.79854e-05 9.14935e-06 5.01281e-06 2.84252e-05 2.41915e-05 2.51754e-05 3.6886e-05 2.63185e-05 2.43113e-05 2.77857e-05 4.10162e-05 4.46006e-05 3.66344e-05 6.03213e-05 4.59562e-05 3.63433e-05 7.67814e-05 6.11398e-05 5.14916e-05 6.069e-05 5.89703e-05 8.6052e-05 7.54172e-05 7.25019e-05 9.05851e-05 9.17379e-05 0.000100876 8.945e-05 0.000106171 0.000109573 9.89546e-05 0.000124789 0.000116859 0.000125032 0.000137005 0.00014349 0.000152349 0.00015117 0.000177791 0.000171201 0.00017881 0.000197313 0.000199992 0.000209444 0.000214197 0.000241979 0.00024099 0.000254173 0.000278903 0.000295072 0.000310695 0.000325041 0.000365661 0.000381774 0.000406871 0.00043938 0.00048648 0.000525141 0.000564127 0.000634002 0.00071136 0.000803025 0.000901236 0.00105072 0.00122929 0.00144081 0.00168112 0.00197773 0.00232285 0.0026884 0.00305868 0.00341797 0.00375559 0.00401061 0.0041437 0.00410829 0.00390389 0.00350071 0.00289514 0.00207931 0.00110392 2.49718e-05 -0.00108073 -0.00215833 -0.0031425 -0.00397294 -0.00458463 -0.00493586 -0.0050108 -0.00482058 -0.00438949 -0.00374296 -0.00290967 -0.00192148 -0.000826512 0.000318489 0.00144543 0.00249381 0.00340959 0.00415599 0.00470073 0.00501629 0.00507281 0.00485016 0.00435014 0.00360322 0.00266662 0.00160044 0.000469017 -0.000672288 -0.00174716 -0.00269042 -0.00343759 -0.00397989 -0.00431337 -0.00446374 -0.00442682 -0.00424076 -0.00394036 -0.0035937 -0.00321902 -0.00283784 -0.0024613 -0.00212585 -0.00184519 -0.00160121 -0.0013893 -0.00120763 -0.00108138 -0.000971479 -0.00087957 -0.000792312 -0.000742026 -0.000696012 -0.000646944 -0.000604974 -0.000577421 -0.000561064 -0.000521069 -0.000503577 -0.000486126 -0.000475518 -0.000446489 -0.000433278 -0.000431305 -0.000406027 -0.000395612 -0.000381143 -0.000381282 -0.0003555 -0.00034818 -0.000350561 -0.000328551 -0.000327751 -0.000318151 -0.00032156 -0.000304716 -0.000303615 -0.000310504 -0.000284905 -0.000296273 -0.000287372 -0.000275542 -0.000272109 -0.000267649 -0.000276294 -0.000249988 -0.000254701 -0.000261853 -0.000256731 -0.000266668 -0.000232614 -0.000242539 -0.000265732 -0.000235837 -0.000234886 -0.000235152 -0.000230342 -0.000231228 -0.000233505 -0.000246439 -0.000225776 -0.000222521 -0.000237181 -0.000214439 -0.00022347 -0.000234901 -0.000213765 -0.000223944 -0.000227822 -0.000214146 -0.000224605 -0.000225357 -0.000212994 -0.000221141 
0 1.54069e-05 -1.01324e-05 1.6344e-05 2.67049e-05 1.279e-05 4.35522e-05 4.25926e-05 2.78565e-05 4.45721e-05 4.20513e-05 4.36283e-05 6.41447e-05 7.45883e-05 7.66663e-05 7.43362e-05 7.74681e-05 8.44147e-05 8.69014e-05 9.82409e-05 0.000113514 0.000103807 9.97505e-05 0.000135861 0.000152235 0.000134274 0.000134752 0.000157767 0.000164325 0.000158605 0.000177442 0.000179474 0.000187669 0.00021675 0.000210447 0.000225167 0.000244592 0.000251377 0.000258644 0.000267832 0.000295703 0.00028523 0.000307524 0.000334639 0.000334202 0.000359244 0.000377924 0.000412605 0.000412237 0.000447549 0.000485577 0.000493342 0.000527974 0.000555971 0.000607651 0.000614479 0.000664831 0.000718425 0.000761802 0.000810101 0.000867817 0.00097078 0.00103181 0.00113854 0.00125478 0.00143278 0.0016019 0.00182215 0.00211491 0.00247576 0.00290655 0.00338438 0.00399249 0.00465894 0.00540542 0.00611906 0.00685269 0.00749035 0.00800454 0.0082387 0.00817539 0.0077452 0.00694169 0.00572232 0.00410186 0.00216579 2.25937e-05 -0.0021668 -0.004313 -0.00625377 -0.00790937 -0.0091067 -0.0098181 -0.00995291 -0.00959388 -0.00872034 -0.00745241 -0.00577627 -0.00383083 -0.00163709 0.000616852 0.00287365 0.00493778 0.0067778 0.00824403 0.00934464 0.00995235 0.0100794 0.00962188 0.00864795 0.00715825 0.0053166 0.00319395 0.000958632 -0.00130801 -0.00343438 -0.00530562 -0.00679807 -0.00787825 -0.00856003 -0.00885309 -0.00880543 -0.00843008 -0.007867 -0.00716194 -0.0064419 -0.00566426 -0.00494148 -0.00425696 -0.00370791 -0.00320936 -0.00279235 -0.00243487 -0.00216981 -0.0019626 -0.0017619 -0.00161435 -0.00148653 -0.00141427 -0.00129974 -0.0012302 -0.00116471 -0.0011229 -0.0010568 -0.000999637 -0.000981552 -0.000930949 -0.000897804 -0.000852676 -0.000850161 -0.000808672 -0.00077701 -0.000771566 -0.000746699 -0.000729193 -0.000699595 -0.000707647 -0.000676216 -0.000654845 -0.00065702 -0.000631391 -0.000617509 -0.000600777 -0.000602193 -0.000577949 -0.000565374 -0.000575001 -0.000551935 -0.000553406 -0.000548648 -0.000529427 -0.000532581 -0.000536295 -0.000515454 -0.00048647 -0.000502169 -0.000513638 -0.000485918 -0.000476243 -0.000482561 -0.000484229 -0.000484337 -0.000477625 -0.000470871 -0.000463418 -0.000448089 -0.00045599 -0.000467622 -0.000446827 -0.000455489 -0.000462757 -0.000432651 -0.000451394 -0.000456117 -0.000427224 -0.000452424 -0.000445273 -0.000425263 -0.000454797 -0.000436824 
0 1.09803e-05 1.6344e-05 2.45734e-05 2.71e-05 3.34201e-05 4.19124e-05 4.52015e-05 5.99388e-05 7.12317e-05 7.52998e-05 8.47987e-05 8.81087e-05 9.01622e-05 9.92576e-05 0.000114988 0.000123643 0.000128965 0.000146472 0.000145265 0.000151097 0.000177764 0.000175594 0.000180747 0.00019355 0.000199126 0.000223748 0.000232396 0.000237329 0.000255089 0.000272241 0.000282838 0.00028721 0.000312112 0.000320314 0.000328107 0.000357755 0.0003671 0.000383519 0.00040808 0.000432821 0.000446883 0.000468782 0.000506216 0.000517246 0.000542814 0.000578228 0.000606336 0.000628341 0.000663966 0.000713752 0.000738752 0.000780904 0.000836593 0.000892053 0.000935592 0.000997731 0.00108254 0.00115099 0.00122854 0.00132789 0.00145686 0.00157703 0.0017225 0.0019173 0.00215912 0.00243402 0.00276665 0.00320808 0.00374873 0.00438834 0.00512906 0.00601781 0.00702426 0.00810349 0.00918662 0.0102418 0.011186 0.0118979 0.0122374 0.012109 0.0114579 0.0102328 0.00840825 0.00600114 0.00313368 -2.80779e-05 -0.0032766 -0.00643867 -0.0093174 -0.0117404 -0.0135209 -0.0145526 -0.0147747 -0.0142247 -0.0129501 -0.0110427 -0.00857304 -0.00566148 -0.00243144 0.000931277 0.00425305 0.00733837 0.0100488 0.0122498 0.0138601 0.0147779 0.0149398 0.0142808 0.0128266 0.0106502 0.00791773 0.00479405 0.00147533 -0.00186597 -0.00501534 -0.00778554 -0.0100145 -0.0116463 -0.0126775 -0.0131459 -0.0130882 -0.0125836 -0.0117605 -0.0107547 -0.00966713 -0.00854355 -0.00745441 -0.00645865 -0.00560734 -0.00486658 -0.0042311 -0.00369747 -0.00328755 -0.00295368 -0.00266627 -0.00242614 -0.00224633 -0.00210372 -0.00195918 -0.00184055 -0.00174873 -0.00167588 -0.00158505 -0.0015149 -0.00146472 -0.00141158 -0.00135069 -0.00130259 -0.00127531 -0.00122454 -0.00118321 -0.00115349 -0.00112677 -0.00108558 -0.00105554 -0.00104293 -0.00100699 -0.000983992 -0.00096861 -0.00095181 -0.000926208 -0.000912104 -0.000906003 -0.000876276 -0.000868529 -0.000857889 -0.000834401 -0.00082275 -0.00081437 -0.000804221 -0.000781869 -0.000779559 -0.000776015 -0.000763555 -0.000763453 -0.000741871 -0.000737164 -0.000744585 -0.000725015 -0.000715458 -0.000711307 -0.000703341 -0.00070002 -0.000701711 -0.000701176 -0.00068803 -0.000686245 -0.000683586 -0.00067258 -0.000677871 -0.000673958 -0.00066715 -0.000671092 -0.000665037 -0.000664324 -0.000664629 -0.000661526 -0.000665226 -0.000658929 
0 1.89806e-06 2.67049e-05 2.71e-05 3.44664e-05 5.68103e-05 5.31158e-05 6.22727e-05 8.35801e-05 8.51716e-05 9.72159e-05 0.000113312 0.000117988 0.000126448 0.00013748 0.000153833 0.000163079 0.000169462 0.000191813 0.00019652 0.000199808 0.000230231 0.000241564 0.00024338 0.00025811 0.00027542 0.000298687 0.00030461 0.000316021 0.000342687 0.000354266 0.000374845 0.000390245 0.000408165 0.000434452 0.000446167 0.000475703 0.000494705 0.000516326 0.00054875 0.000567073 0.000602101 0.000625768 0.000662129 0.000694722 0.000723346 0.000772912 0.000802374 0.000851149 0.000893119 0.000947267 0.000999453 0.00104905 0.00112562 0.00118342 0.00126362 0.00133834 0.00144091 0.00153899 0.00164651 0.00178753 0.00193694 0.00212232 0.00231739 0.00259051 0.00290101 0.00328939 0.0037528 0.00434523 0.00507132 0.005925 0.00694006 0.00810565 0.00943807 0.0108333 0.0122676 0.0136187 0.0148268 0.0156943 0.0161006 0.0158836 0.0149869 0.0133284 0.0108972 0.00773122 0.00397304 -0.000153614 -0.00441186 -0.00853538 -0.012301 -0.0154407 -0.0177695 -0.0191024 -0.0194128 -0.018682 -0.0170244 -0.0144976 -0.0112625 -0.00741973 -0.00319786 0.00122618 0.00556572 0.00963285 0.0131811 0.0160925 0.0181904 0.0194028 0.0195914 0.0187424 0.0168369 0.0140224 0.0104526 0.00638671 0.00204007 -0.00231423 -0.00643361 -0.0100597 -0.0130116 -0.0151962 -0.0165944 -0.0172557 -0.017222 -0.0166288 -0.0155935 -0.0143194 -0.012889 -0.0114403 -0.0100066 -0.00871168 -0.00755445 -0.00656922 -0.00571445 -0.00500881 -0.00444165 -0.00397597 -0.00359866 -0.00327154 -0.00303107 -0.00281228 -0.00263976 -0.00247277 -0.00234994 -0.00223507 -0.00212574 -0.00203654 -0.00194899 -0.00188524 -0.00180138 -0.0017479 -0.0016871 -0.00163462 -0.00158456 -0.00153477 -0.00150258 -0.00145034 -0.00142223 -0.00138398 -0.00135222 -0.00132381 -0.00128989 -0.00127245 -0.00123764 -0.00122033 -0.00119699 -0.00117149 -0.00115932 -0.00113346 -0.00112027 -0.00109908 -0.00108455 -0.00107819 -0.00105236 -0.00104009 -0.00103168 -0.00102493 -0.00101206 -0.000985519 -0.000987767 -0.000987189 -0.000965058 -0.000958273 -0.000952832 -0.000944545 -0.000937111 -0.000931376 -0.000932806 -0.000917605 -0.000908727 -0.000917527 -0.000901788 -0.000896673 -0.000908088 -0.0008897 -0.000887128 -0.000898524 -0.000881931 -0.000883147 -0.000889712 -0.000874692 -0.000882758 
0 1.79854e-05 1.279e-05 3.34201e-05 5.68103e-05 5.27033e-05 7.69183e-05 9.86477e-05 8.83731e-05 0.000106385 0.000122179 0.000124928 0.00015021 0.000171121 0.000185239 0.000184296 0.000198031 0.000225499 0.000214976 0.000250738 0.000282463 0.000255787 0.000290304 0.000320501 0.000336765 0.000359141 0.000346094 0.000385343 0.000412391 0.000416767 0.000442772 0.000456735 0.000499657 0.000509786 0.000536492 0.000579084 0.000583265 0.000630312 0.000652739 0.000681378 0.00071589 0.000745445 0.000794804 0.000812794 0.000872516 0.000913609 0.000955178 0.0010142 0.00106375 0.00113334 0.00117816 0.00126135 0.00132957 0.00140478 0.0014925 0.00158372 0.00169704 0.0017956 0.0019374 0.00207732 0.00225126 0.00243874 0.00267071 0.00295002 0.00327524 0.00368549 0.00417407 0.00479633 0.0055358 0.00645309 0.00753289 0.00881414 0.0102691 0.0118866 0.0136022 0.0153319 0.0169704 0.0183637 0.0193609 0.0197646 0.0194451 0.0182596 0.016167 0.0131278 0.00924189 0.00464782 -0.000379828 -0.00557168 -0.0105953 -0.015166 -0.0189742 -0.0217886 -0.023417 -0.0237933 -0.0229156 -0.0208743 -0.0177795 -0.0137917 -0.00908856 -0.00390694 0.00149263 0.00681461 0.0117868 0.016154 0.0197176 0.0222979 0.023762 0.0239909 0.0229448 0.0206436 0.0172321 0.0129091 0.0079627 0.00267266 -0.00262599 -0.00764458 -0.0120761 -0.0157329 -0.0184637 -0.0202607 -0.021128 -0.0211815 -0.0205295 -0.019365 -0.0178409 -0.0161323 -0.0143588 -0.0126319 -0.011028 -0.0095843 -0.00833718 -0.00726541 -0.0063851 -0.00564032 -0.00504818 -0.00455159 -0.00416108 -0.00382392 -0.00354969 -0.00332291 -0.00312486 -0.00295873 -0.00279671 -0.00268085 -0.0025532 -0.00245198 -0.00234726 -0.00226872 -0.00218976 -0.00210368 -0.00205084 -0.00198058 -0.00193241 -0.00186567 -0.00183055 -0.00178431 -0.00172831 -0.0017044 -0.00165495 -0.00162704 -0.00158044 -0.00155862 -0.00152758 -0.00148306 -0.00148031 -0.00143592 -0.00141863 -0.00140442 -0.00138077 -0.00136379 -0.00132832 -0.00133966 -0.00131481 -0.00128174 -0.00127241 -0.00124693 -0.00126747 -0.00123808 -0.00119707 -0.00122046 -0.00120762 -0.0011939 -0.00118981 -0.00117703 -0.00116341 -0.00114168 -0.00115711 -0.00115102 -0.00112664 -0.00114646 -0.00112908 -0.00111048 -0.00113223 -0.00111467 -0.00110337 -0.00111921 -0.00110518 -0.00109763 -0.00111032 -0.00110217 
0 9.14935e-06 4.35522e-05 4.19124e-05 5.31158e-05 7.69183e-05 7.6422e-05 9.90444e-05 0.00012101 0.000133199 0.00015725 0.000166849 0.000175985 0.000187369 0.000201152 0.000228475 0.000248441 0.000266402 0.000282976 0.000297716 0.000312554 0.000334263 0.000369664 0.000368927 0.000373034 0.000421607 0.000444483 0.000459689 0.0004883 0.00051302 0.00053818 0.000567735 0.000595434 0.000608474 0.000647905 0.000683585 0.00070035 0.000745037 0.000786428 0.000820699 0.000857657 0.000913929 0.000957093 0.000990491 0.00105718 0.00110689 0.00115511 0.00121347 0.00128949 0.00135292 0.00141413 0.00151285 0.00159868 0.00168979 0.00178897 0.00192189 0.00204665 0.00217563 0.00234443 0.00253076 0.00273952 0.00296236 0.00326196 0.00360477 0.00401442 0.00450313 0.00512616 0.00589047 0.00680101 0.00790476 0.00921806 0.0107664 0.0124904 0.0143894 0.0163772 0.0183876 0.0202388 0.0217867 0.0228286 0.0232017 0.0227136 0.021231 0.0186764 0.0150589 0.0104844 0.00512796 -0.00072511 -0.0067622 -0.0125964 -0.0178916 -0.0222887 -0.025543 -0.0274276 -0.0278759 -0.026851 -0.0244657 -0.0208235 -0.016145 -0.0106228 -0.00456537 0.00175369 0.00797026 0.0138001 0.0189162 0.0231036 0.0261166 0.0278228 0.028072 0.0268566 0.0241919 0.0202575 0.0152566 0.00952332 0.00338047 -0.0027753 -0.0086105 -0.0137978 -0.0181181 -0.021407 -0.023606 -0.0247384 -0.0249084 -0.0242843 -0.0230283 -0.0213392 -0.0193752 -0.0173376 -0.0153235 -0.0134422 -0.0117081 -0.0101995 -0.00890595 -0.00782929 -0.00691336 -0.00615916 -0.00555693 -0.00506357 -0.00465021 -0.00429087 -0.00401999 -0.00377873 -0.0035683 -0.00337181 -0.00322678 -0.0030902 -0.00294981 -0.00283533 -0.00273822 -0.00264908 -0.00254067 -0.00247072 -0.00240057 -0.00232217 -0.00225007 -0.00219716 -0.00214494 -0.0020725 -0.00203551 -0.00199317 -0.00194223 -0.00190198 -0.00187505 -0.00183927 -0.00179342 -0.00177923 -0.00174582 -0.00170652 -0.00168537 -0.00165821 -0.00163096 -0.00160882 -0.00158875 -0.00155492 -0.00155154 -0.00155241 -0.00150979 -0.00149197 -0.00149253 -0.00147861 -0.0014594 -0.00143951 -0.00142552 -0.00141193 -0.00141013 -0.00140599 -0.00139685 -0.00138954 -0.0013694 -0.00136864 -0.00136374 -0.00134651 -0.00135738 -0.00134379 -0.00133213 -0.00134649 -0.00132554 -0.00132914 -0.00134232 -0.00131641 -0.00132736 
0 5.01281e-06 4.25926e-05 4.52015e-05 6.22727e-05 9.86477e-05 9.90444e-05 0.000117457 0.000141849 0.000146212 0.00017072 0.000191488 0.000208737 0.000234352 0.000247035 0.000268394 0.000286778 0.000297682 0.000328992 0.000350037 0.000363456 0.000393022 0.000419408 0.000440164 0.000461487 0.000493004 0.000518551 0.00053167 0.000568864 0.000598511 0.000617848 0.000661982 0.000690654 0.000720042 0.000766046 0.000800726 0.00083521 0.000875039 0.000925771 0.000960618 0.00100144 0.001067 0.00110757 0.00115986 0.00122833 0.00129356 0.00135344 0.00142391 0.00151955 0.00158839 0.00167314 0.00178029 0.00188616 0.0019888 0.00210607 0.00226266 0.00240198 0.0025607 0.00275354 0.00298368 0.00322529 0.00350071 0.00386228 0.00428258 0.00478064 0.00537303 0.00613696 0.00705683 0.00815312 0.00945626 0.0110137 0.0128172 0.0148081 0.01696 0.0191974 0.021428 0.0234421 0.0250707 0.026101 0.0263735 0.0256699 0.0238521 0.0208302 0.016653 0.0114357 0.00538913 -0.00120446 -0.00798329 -0.0145329 -0.0204521 -0.0253665 -0.028995 -0.0311119 -0.0316154 -0.0304665 -0.0277578 -0.0236221 -0.0182988 -0.0120358 -0.00516954 0.00197647 0.00901739 0.0156204 0.0214318 0.0261803 0.029596 0.0315101 0.0317851 0.0304122 0.0274408 0.0230488 0.0174708 0.0110501 0.00416988 -0.00274366 -0.00930281 -0.01518 -0.0201212 -0.0239543 -0.0265741 -0.0280086 -0.0283577 -0.0278179 -0.0265455 -0.0247485 -0.0226002 -0.0203334 -0.018073 -0.0159253 -0.0139254 -0.0121541 -0.0106376 -0.00935343 -0.00826208 -0.00734478 -0.00661999 -0.00602083 -0.00551985 -0.00508442 -0.00475101 -0.00446596 -0.00420505 -0.00397532 -0.00379027 -0.00363259 -0.00345948 -0.00332247 -0.00320431 -0.00309433 -0.0029742 -0.00288106 -0.00280756 -0.00271181 -0.00263595 -0.00257159 -0.00251181 -0.00243824 -0.00238405 -0.00234267 -0.00227615 -0.00223111 -0.00219132 -0.0021448 -0.0020992 -0.00206475 -0.00203578 -0.00199067 -0.0019681 -0.00194269 -0.00190421 -0.00189033 -0.00186478 -0.00183168 -0.0018131 -0.00179462 -0.00177079 -0.00174516 -0.00173566 -0.00171986 -0.00169445 -0.0016909 -0.00167894 -0.00166118 -0.00165242 -0.00163269 -0.00162569 -0.00161591 -0.00159933 -0.00160567 -0.00159022 -0.00157666 -0.00158786 -0.00156547 -0.00156182 -0.00157616 -0.00154809 -0.00155024 -0.00156017 -0.00153535 -0.0015512 
0 2.84252e-05 2.78565e-05 5.99388e-05 8.35801e-05 8.83731e-05 0.00012101 0.000141849 0.00015453 0.000178612 0.000195424 0.000216382 0.000235893 0.000264486 0.000293658 0.000297517 0.000326867 0.000358866 0.000362729 0.000401382 0.000438174 0.000442219 0.000464759 0.000504635 0.000544417 0.00056229 0.000576488 0.000622467 0.000658995 0.000683606 0.000717928 0.000751577 0.00079544 0.000831566 0.000869107 0.000918358 0.000954872 0.00100763 0.00105697 0.00110192 0.00116299 0.00121593 0.00128066 0.00133797 0.00141093 0.00148815 0.00155214 0.00164693 0.00173183 0.00182882 0.00192476 0.00204201 0.00216965 0.00228324 0.00243956 0.00259637 0.00277852 0.00295961 0.00319189 0.00345791 0.00374023 0.00408751 0.0044979 0.00501588 0.00559286 0.00632484 0.00721493 0.00831048 0.00959194 0.0111118 0.0129102 0.0149497 0.0172005 0.0195673 0.0220312 0.0244017 0.026533 0.0281535 0.029128 0.0292146 0.0282597 0.0260611 0.0225868 0.0178701 0.0120735 0.00541099 -0.00182118 -0.0092274 -0.0163806 -0.0228136 -0.0281667 -0.0320973 -0.0344195 -0.0349539 -0.0337059 -0.0306926 -0.0261287 -0.0202102 -0.0132988 -0.00569282 0.00217467 0.00996748 0.0172447 0.0236931 0.0289257 0.0327131 0.0347953 0.0351067 0.0335878 0.0303702 0.025587 0.0195382 0.0125399 0.00504599 -0.00251406 -0.00970536 -0.0161961 -0.0217185 -0.0260665 -0.0291359 -0.0309026 -0.0315134 -0.0311069 -0.0299114 -0.02806 -0.0258214 -0.0233604 -0.020906 -0.0185011 -0.0162653 -0.0142341 -0.0124844 -0.0109833 -0.00969515 -0.00862219 -0.00773603 -0.00703272 -0.00641415 -0.00591782 -0.00549546 -0.00516354 -0.00485222 -0.00458608 -0.00436912 -0.00416837 -0.00399214 -0.00381628 -0.00368947 -0.00354921 -0.00342647 -0.00331498 -0.00321495 -0.0031235 -0.00302247 -0.00295441 -0.00287154 -0.00280014 -0.00273445 -0.00267089 -0.00261691 -0.00255264 -0.00250973 -0.00245749 -0.00240992 -0.00237274 -0.00232457 -0.00229132 -0.00225581 -0.00222265 -0.00218819 -0.00214925 -0.00213529 -0.00211108 -0.00206898 -0.00204114 -0.00202916 -0.00202221 -0.00198432 -0.00195072 -0.00195674 -0.00193769 -0.00191142 -0.00190735 -0.00188757 -0.00186843 -0.00185684 -0.00185227 -0.00184624 -0.0018225 -0.00182353 -0.00181943 -0.00179334 -0.00180502 -0.00179716 -0.00177316 -0.00179355 -0.0017808 -0.001763 -0.00178685 -0.00176866 
0 2.41915e-05 4.45721e-05 7.12317e-05 8.51716e-05 0.000106385 0.000133199 0.000146212 0.000178612 0.00020808 0.000223189 0.000253839 0.000273768 0.000283827 0.000309639 0.000348012 0.00037492 0.000395867 0.000436659 0.000448901 0.00046417 0.000520018 0.00054355 0.000566232 0.000589379 0.00061727 0.000683072 0.000705203 0.000729435 0.000778421 0.000817122 0.000861883 0.000888391 0.000942918 0.000984271 0.00102296 0.00109123 0.00112756 0.00119211 0.00125164 0.00131381 0.00138194 0.0014422 0.0015321 0.00159233 0.00168186 0.00176916 0.00185865 0.00196353 0.00206118 0.00219304 0.00230529 0.00245283 0.00259859 0.00276681 0.00295364 0.00314925 0.00338906 0.00363848 0.00395182 0.00428498 0.00470195 0.00518725 0.00577916 0.0064853 0.00733842 0.00839572 0.00964704 0.0111483 0.0128836 0.014921 0.0171857 0.019661 0.0222354 0.024849 0.0273232 0.0294627 0.0310404 0.0318536 0.03172 0.0304266 0.0278484 0.0239047 0.018705 0.0123738 0.00518953 -0.00258136 -0.0104913 -0.0181234 -0.0249663 -0.0306611 -0.0348411 -0.0373136 -0.0378806 -0.036526 -0.0332644 -0.0283079 -0.02189 -0.0143916 -0.00616133 0.00235652 0.0107827 0.0186673 0.0256474 0.0313177 0.0354056 0.0376502 0.0379804 0.0363595 0.032934 0.0278501 0.0214254 0.0139789 0.006 -0.00208734 -0.00980329 -0.0168396 -0.0228712 -0.0277256 -0.0312278 -0.0333974 -0.0343013 -0.0341318 -0.0330504 -0.0312597 -0.028975 -0.0264157 -0.0237815 -0.0211713 -0.0187105 -0.0164402 -0.0144569 -0.0127148 -0.0112424 -0.00997926 -0.00894923 -0.00808843 -0.00737677 -0.00678534 -0.00628661 -0.00588377 -0.00551972 -0.00522883 -0.00495227 -0.00473206 -0.00452005 -0.00433937 -0.0041724 -0.00401505 -0.00388975 -0.00374812 -0.0036406 -0.00352237 -0.00343119 -0.00332958 -0.00323732 -0.00316944 -0.00307838 -0.00301653 -0.00294368 -0.00289167 -0.00282738 -0.00276975 -0.00273504 -0.00266787 -0.00263492 -0.00258892 -0.00253948 -0.00250346 -0.00246743 -0.00244192 -0.00238217 -0.00236231 -0.00235331 -0.00231528 -0.00229161 -0.00224979 -0.00224235 -0.00223902 -0.00219326 -0.00217132 -0.0021563 -0.00213678 -0.00212307 -0.00211872 -0.00210936 -0.00207754 -0.00207368 -0.00206879 -0.00204234 -0.00204662 -0.00203918 -0.00201964 -0.00202209 -0.00201282 -0.00200595 -0.00200936 -0.00200439 -0.00199981 -0.00199506 
0 2.51754e-05 4.20513e-05 7.52998e-05 9.72159e-05 0.000122179 0.00015725 0.00017072 0.000195424 0.000223189 0.000239282 0.000274594 0.000307286 0.000333043 0.000363987 0.000389297 0.000408219 0.000432335 0.000474461 0.0005023 0.000532604 0.000575616 0.000590783 0.000638112 0.000685404 0.000699823 0.00074897 0.000778732 0.000812726 0.00086874 0.000904051 0.000950747 0.000995495 0.00105965 0.0011053 0.00114857 0.00122871 0.00126711 0.00132965 0.00140289 0.0014636 0.00153515 0.00160692 0.0017078 0.00177533 0.00187338 0.00198739 0.0020822 0.00219984 0.00231899 0.00246841 0.0025919 0.00275051 0.00293048 0.00311007 0.00331653 0.00354023 0.00382194 0.00410482 0.00445392 0.00485768 0.00534482 0.00591518 0.00659614 0.00744173 0.00844347 0.0096667 0.0111017 0.0128212 0.0147934 0.0170494 0.019531 0.0221973 0.0249461 0.0276507 0.0301533 0.032228 0.0336813 0.0342705 0.0338375 0.032166 0.0291732 0.0247873 0.0191326 0.0123457 0.00471392 -0.0034717 -0.0117711 -0.0197442 -0.0268964 -0.0328337 -0.0372065 -0.0397785 -0.0403682 -0.0389106 -0.0354454 -0.0301531 -0.0233214 -0.015322 -0.0065692 0.00250455 0.0114601 0.0198607 0.0272786 0.0333176 0.0376473 0.0400351 0.0403806 0.0386955 0.0351091 0.0298136 0.0231095 0.0153534 0.007014 -0.00146087 -0.00960684 -0.0170896 -0.0235804 -0.0288903 -0.0328378 -0.0354311 -0.036699 -0.0368235 -0.0359394 -0.0342828 -0.0320388 -0.02945 -0.0266871 -0.0239145 -0.0212515 -0.0187728 -0.0165483 -0.0145746 -0.0128954 -0.0114505 -0.0102522 -0.00923089 -0.00840705 -0.00771553 -0.00713525 -0.00664456 -0.00623132 -0.00589532 -0.0055711 -0.00530762 -0.00506641 -0.0048678 -0.00466065 -0.00448463 -0.00434267 -0.00418755 -0.0040561 -0.0039278 -0.00383575 -0.0037145 -0.00361662 -0.00354291 -0.00344688 -0.00336955 -0.00329016 -0.00323445 -0.00315013 -0.00308758 -0.00304561 -0.00296712 -0.00292507 -0.00287994 -0.00283411 -0.00278696 -0.002748 -0.00272498 -0.0026718 -0.00264868 -0.00261168 -0.00256392 -0.00255791 -0.00251923 -0.00248568 -0.00246911 -0.00244044 -0.00242824 -0.00241437 -0.00239433 -0.00236658 -0.00234853 -0.00233871 -0.00231343 -0.00230994 -0.00230179 -0.00227774 -0.00227752 -0.00226504 -0.00225371 -0.00225824 -0.00224396 -0.00223537 -0.00223035 -0.00222053 -0.00222294 -0.0022224 
0 3.6886e-05 4.36283e-05 8.47987e-05 0.000113312 0.000124928 0.000166849 0.000191488 0.000216382 0.000253839 0.000274594 0.000306542 0.000328951 0.000356791 0.000405245 0.00041792 0.000454014 0.000506679 0.000513004 0.000553814 0.00060476 0.000623008 0.000655088 0.000695752 0.000750991 0.000781328 0.000810101 0.00087668 0.000909994 0.000960034 0.00101263 0.00104258 0.00111463 0.00116197 0.00121104 0.00127686 0.00133855 0.00141138 0.00146419 0.00155748 0.00163132 0.00169649 0.00180387 0.00188495 0.0019816 0.00207641 0.00220094 0.00231383 0.00242135 0.00258309 0.00272105 0.0028807 0.00304759 0.00325919 0.00346902 0.00368585 0.00397066 0.00427007 0.00461939 0.00499679 0.00548873 0.00604867 0.00670694 0.00750449 0.00847818 0.00966139 0.0110327 0.0126869 0.0146042 0.0168271 0.0192728 0.021955 0.024776 0.0276445 0.0303868 0.0328273 0.0347805 0.0360118 0.0363326 0.0355139 0.0334511 0.030008 0.0252275 0.0191454 0.0119973 0.00399556 -0.00447147 -0.0130436 -0.0212181 -0.0285746 -0.0346575 -0.0391588 -0.041783 -0.0423753 -0.0408251 -0.0371932 -0.0316349 -0.0244694 -0.0160699 -0.00688916 0.00263218 0.0120205 0.0208307 0.0285982 0.0349221 0.0394419 0.0419442 0.0423106 0.0405929 0.0368989 0.0314752 0.0245899 0.0166577 0.00808114 -0.00064026 -0.00912244 -0.0169445 -0.0238492 -0.0295519 -0.0339624 -0.03698 -0.0386914 -0.0391524 -0.0385686 -0.0371057 -0.035006 -0.0324488 -0.029632 -0.0267394 -0.023906 -0.0212478 -0.0187783 -0.0165907 -0.0146688 -0.0130527 -0.0116445 -0.0104717 -0.00949439 -0.00869948 -0.00802069 -0.00743257 -0.00697009 -0.00656259 -0.00621739 -0.0058859 -0.00563814 -0.00540136 -0.00517558 -0.00498067 -0.00480898 -0.00466057 -0.00448375 -0.00436475 -0.00423865 -0.0041138 -0.00400068 -0.00390088 -0.00381736 -0.00370262 -0.00363879 -0.00356105 -0.00347726 -0.0034186 -0.00335225 -0.00329963 -0.00322606 -0.00318577 -0.00313755 -0.00307199 -0.00304194 -0.00298314 -0.00294956 -0.00292273 -0.00286654 -0.00283725 -0.00281305 -0.00279371 -0.00274953 -0.00271266 -0.00271652 -0.00267382 -0.00264146 -0.00264009 -0.00260609 -0.00259026 -0.00257854 -0.00256117 -0.00255188 -0.0025234 -0.00252309 -0.00251778 -0.00248336 -0.00249387 -0.0024828 -0.00245376 -0.00247868 -0.00246518 -0.00244504 -0.00247074 -0.00244575 
0 2.63185e-05 6.41447e-05 8.81087e-05 0.000117988 0.00015021 0.000175985 0.000208737 0.000235893 0.000273768 0.000307286 0.000328951 0.000376413 0.000398244 0.000415369 0.000475039 0.000502835 0.000532696 0.000585363 0.000609036 0.000639906 0.000684291 0.00074163 0.000779287 0.000792095 0.000852916 0.000912545 0.000953323 0.000997812 0.00104227 0.0011106 0.00116035 0.00121396 0.00127836 0.00133321 0.00140771 0.00147201 0.00154364 0.00162004 0.00170178 0.0017897 0.00186907 0.00197546 0.0020735 0.00217541 0.00229271 0.00241889 0.00254792 0.00267831 0.00284469 0.00300597 0.00317715 0.00337319 0.00359946 0.00383395 0.00408621 0.00440023 0.00474758 0.00513669 0.00558489 0.00614618 0.00679878 0.00756174 0.00848694 0.00962057 0.0109708 0.0125401 0.0143947 0.0165447 0.0189787 0.0216238 0.0244626 0.0274059 0.0303302 0.033035 0.0353494 0.0370849 0.0380385 0.0379934 0.0367642 0.0342473 0.0303832 0.025201 0.0187751 0.0113121 0.00306674 -0.00559143 -0.0142871 -0.0225608 -0.0299945 -0.0361498 -0.0406991 -0.0433412 -0.0439075 -0.0422816 -0.0385185 -0.0327668 -0.0253526 -0.0166537 -0.00714651 0.00271653 0.0124341 0.0215493 0.0295726 0.036098 0.0407562 0.0433423 0.0437422 0.042016 0.0382826 0.0327982 0.0258508 0.017847 0.00918577 0.000323325 -0.00835337 -0.0164462 -0.0236608 -0.0297399 -0.0345614 -0.0380456 -0.0402059 -0.0410931 -0.0408561 -0.0396883 -0.0377939 -0.0353577 -0.0325553 -0.0295982 -0.0266452 -0.0238164 -0.0211488 -0.0187293 -0.0165942 -0.0147614 -0.013168 -0.0118114 -0.0106848 -0.00975915 -0.00897206 -0.00829613 -0.00774884 -0.00728627 -0.00688201 -0.00651518 -0.00621963 -0.00595304 -0.0057034 -0.00547898 -0.00528826 -0.00511235 -0.00493282 -0.00478724 -0.00464792 -0.00451731 -0.00438909 -0.00428262 -0.00418019 -0.00407271 -0.00398873 -0.00389987 -0.00382191 -0.00374148 -0.00367286 -0.0036088 -0.00353963 -0.00348672 -0.00341956 -0.00337269 -0.00332895 -0.00327442 -0.00322578 -0.0031775 -0.0031628 -0.00312259 -0.00306189 -0.00303557 -0.00301753 -0.00299559 -0.00294612 -0.00291836 -0.00290927 -0.00286738 -0.00285899 -0.00284955 -0.00281176 -0.00280101 -0.00278487 -0.00276746 -0.00275541 -0.00273986 -0.00273764 -0.00271761 -0.00270666 -0.00271224 -0.00268958 -0.00268988 -0.00269644 -0.0026728 -0.00268127 
0 2.43113e-05 7.45883e-05 9.01622e-05 0.000126448 0.000171121 0.000187369 0.000234352 0.000264486 0.000283827 0.000333043 0.000356791 0.000398244 0.000448691 0.000470087 0.000516267 0.000545187 0.000569921 0.000624649 0.000664409 0.000713303 0.000753435 0.000788091 0.000840444 0.000889205 0.000949417 0.000979567 0.00102048 0.00109738 0.00114042 0.0012002 0.00126483 0.00132281 0.00139699 0.00146306 0.00153946 0.00160635 0.00168863 0.00177622 0.0018511 0.00195109 0.00204628 0.00215091 0.0022604 0.00237934 0.00251058 0.00264001 0.00279009 0.00294351 0.00311506 0.00329573 0.0034912 0.0037119 0.00395146 0.00421742 0.00451053 0.00485719 0.00524837 0.00569459 0.00622121 0.00685813 0.00761085 0.00849708 0.00957028 0.0108675 0.0123992 0.014177 0.0162461 0.0186159 0.0212461 0.0240675 0.0270308 0.0300437 0.0329515 0.0355496 0.0376601 0.0391078 0.0397022 0.0392341 0.0375476 0.0345674 0.0302851 0.024739 0.0180235 0.0103323 0.0019438 -0.00678747 -0.0154869 -0.0237423 -0.0311473 -0.0372881 -0.0418161 -0.044433 -0.0449511 -0.0432626 -0.0394057 -0.033533 -0.0259545 -0.0170604 -0.00732689 0.00276759 0.0127127 0.0220244 0.0302112 0.0368541 0.041599 0.0442399 0.0446813 0.0429764 0.0392628 0.0337951 0.026886 0.0189245 0.0103012 0.00142224 -0.00733506 -0.0155962 -0.0230477 -0.0294481 -0.0346593 -0.0386017 -0.041241 -0.0425997 -0.0427873 -0.0419854 -0.0403785 -0.0381372 -0.0354338 -0.032479 -0.0294551 -0.0264883 -0.0236485 -0.0210201 -0.0186679 -0.016611 -0.0148172 -0.0132753 -0.0119794 -0.0109032 -0.00999309 -0.00922289 -0.00858143 -0.00804381 -0.00757991 -0.00717286 -0.00682636 -0.00651841 -0.00624636 -0.00599625 -0.0057763 -0.00557483 -0.00539099 -0.00522353 -0.00506342 -0.0049274 -0.00479141 -0.00466882 -0.00455197 -0.00444848 -0.0043477 -0.00424309 -0.00416553 -0.00407505 -0.00399326 -0.00392024 -0.00385066 -0.00378798 -0.00372024 -0.00367395 -0.00360784 -0.00356142 -0.00353237 -0.00346378 -0.00341819 -0.00338301 -0.00334886 -0.00331046 -0.00326176 -0.00323556 -0.00320143 -0.00318653 -0.00316782 -0.00312225 -0.00311055 -0.00308007 -0.0030523 -0.00305156 -0.00301939 -0.00300941 -0.00299655 -0.00296581 -0.00297396 -0.00295851 -0.00294303 -0.00295182 -0.00292226 -0.00291478 -0.00292116 -0.00289913 -0.00291411 
0 2.77857e-05 7.66663e-05 9.92576e-05 0.00013748 0.000185239 0.000201152 0.000247035 0.000293658 0.000309639 0.000363987 0.000405245 0.000415369 0.000470087 0.000515309 0.000539662 0.000600398 0.000646205 0.000675121 0.000723218 0.00076339 0.000813003 0.000861605 0.000896406 0.000965023 0.00101985 0.00105606 0.00113015 0.00119365 0.00124354 0.00130345 0.00137317 0.00144202 0.00149891 0.0015877 0.00166226 0.00173278 0.00184076 0.00192381 0.00201794 0.00212429 0.00223631 0.0023465 0.00245548 0.00260377 0.00272714 0.00286935 0.00303485 0.00320378 0.00338878 0.00357886 0.00381801 0.00405092 0.00431874 0.00462184 0.00496193 0.0053526 0.00578456 0.00631551 0.00691649 0.00764808 0.00850305 0.00953618 0.0107694 0.0122323 0.0139612 0.0159474 0.0182437 0.0208025 0.0236171 0.0265735 0.0296293 0.032641 0.0354612 0.0378774 0.0397118 0.0408044 0.0409623 0.0400283 0.0378479 0.0344172 0.0297231 0.0238664 0.0169117 0.00909432 0.000655446 -0.00802417 -0.0166254 -0.0247436 -0.0320291 -0.0380615 -0.0425083 -0.0450501 -0.045507 -0.043762 -0.0398551 -0.0339252 -0.0262725 -0.0172801 -0.00742716 0.00279394 0.012858 0.0222647 0.0305181 0.0372031 0.0419782 0.0446524 0.0451345 0.0434869 0.0398427 0.034476 0.0276908 0.0198854 0.0114015 0.00263242 -0.00610411 -0.0144194 -0.0220418 -0.0286952 -0.0342761 -0.038648 -0.0417882 -0.0436467 -0.0443325 -0.0439619 -0.0427205 -0.0407502 -0.0382285 -0.0353577 -0.0323129 -0.0292583 -0.0262672 -0.023469 -0.0208935 -0.0186167 -0.0166005 -0.0148718 -0.0133877 -0.0121376 -0.0110913 -0.0102061 -0.00947242 -0.00883185 -0.00831336 -0.00785308 -0.00746156 -0.00710662 -0.00680675 -0.00654421 -0.00628232 -0.00606769 -0.00586379 -0.00568474 -0.0054967 -0.00534329 -0.0052069 -0.00505053 -0.00492947 -0.0048117 -0.00470421 -0.00458891 -0.00449948 -0.00442102 -0.00431659 -0.00425193 -0.0041782 -0.00409698 -0.00403651 -0.00397462 -0.0039092 -0.00383892 -0.00380257 -0.0037528 -0.00368491 -0.00365817 -0.0036183 -0.00357259 -0.00354261 -0.0035027 -0.00347639 -0.00343949 -0.0033933 -0.00338088 -0.00335733 -0.00332054 -0.00331287 -0.00329204 -0.00325755 -0.00325265 -0.00324334 -0.00321676 -0.00320438 -0.00319282 -0.0031713 -0.0031641 -0.0031688 -0.00316125 -0.00315451 -0.00315585 -0.00314075 
0 4.10162e-05 7.43362e-05 0.000114988 0.000153833 0.000184296 0.000228475 0.000268394 0.000297517 0.000348012 0.000389297 0.00041792 0.000475039 0.000516267 0.000539662 0.000596132 0.000642888 0.000674009 0.000734463 0.000787686 0.000818516 0.000870971 0.000942359 0.000993493 0.00102728 0.00108555 0.00115699 0.00121638 0.00127599 0.00133118 0.00140848 0.00149417 0.0015506 0.00163136 0.00172205 0.00179898 0.00188585 0.00198174 0.00208467 0.0021731 0.00229266 0.00241785 0.00252318 0.002666 0.00281175 0.00296149 0.00311212 0.0032975 0.00349383 0.00367463 0.00390747 0.00415332 0.00442182 0.0047034 0.0050477 0.00543908 0.00585705 0.00636592 0.00695847 0.00767389 0.00848628 0.00948365 0.0106724 0.0120823 0.0137349 0.0156571 0.0178867 0.020376 0.0231377 0.0260772 0.0291617 0.0322323 0.0351908 0.0378325 0.0399963 0.0414854 0.0421427 0.041816 0.0403525 0.0376895 0.0337891 0.0287403 0.022584 0.0154894 0.00760158 -0.000753886 -0.00930873 -0.0176818 -0.0255932 -0.0326422 -0.0385083 -0.0427894 -0.0452343 -0.0455976 -0.0438233 -0.0398916 -0.0339813 -0.0263269 -0.0173446 -0.00746625 0.00276465 0.0128515 0.0222414 0.0304811 0.0371231 0.0418907 0.0445599 0.045101 0.0435226 0.040021 0.034809 0.0282594 0.0206807 0.0124645 0.00388323 -0.00469148 -0.0129896 -0.0206648 -0.0275415 -0.033414 -0.0382158 -0.0418187 -0.0442223 -0.0454323 -0.0455698 -0.0447511 -0.0431268 -0.0408722 -0.0381536 -0.0351742 -0.0320586 -0.0289875 -0.0260211 -0.0232765 -0.0207564 -0.0185408 -0.0166018 -0.0149327 -0.0134984 -0.0122894 -0.0112959 -0.0104334 -0.00971164 -0.00909223 -0.0085934 -0.00813145 -0.00772928 -0.00739237 -0.00709128 -0.00681251 -0.0065478 -0.00634575 -0.00613319 -0.00593622 -0.00576633 -0.00561467 -0.00546317 -0.00531157 -0.00520377 -0.00507565 -0.00495555 -0.00485829 -0.00475796 -0.00465971 -0.00456753 -0.00449889 -0.00440872 -0.00432857 -0.00427807 -0.0042097 -0.00414448 -0.00408282 -0.00403281 -0.00399651 -0.00393953 -0.00387638 -0.00383723 -0.0038159 -0.00377005 -0.00371413 -0.00369654 -0.00367077 -0.00362624 -0.00361151 -0.00358835 -0.0035492 -0.00353481 -0.00351606 -0.00348728 -0.0034727 -0.00345879 -0.00344372 -0.00343223 -0.0034232 -0.00341327 -0.00339726 -0.0033896 -0.00338502 -0.00337557 -0.00337911 
0 4.46006e-05 7.74681e-05 0.000123643 0.000163079 0.000198031 0.000248441 0.000286778 0.000326867 0.00037492 0.000408219 0.000454014 0.000502835 0.000545187 0.000600398 0.000642888 0.000683961 0.000733901 0.000777801 0.000834185 0.000896534 0.000951274 0.000993117 0.00104565 0.00112325 0.00118636 0.00123998 0.00129567 0.00136884 0.00145132 0.0015148 0.00159289 0.00167041 0.00175779 0.00185205 0.00193163 0.00203585 0.00213512 0.00224312 0.00235208 0.00247092 0.00260791 0.00272388 0.00287983 0.00303337 0.00319185 0.0033668 0.00355899 0.00377607 0.0039747 0.00423486 0.00450584 0.00479889 0.00512296 0.00550455 0.00595065 0.00641765 0.00700379 0.00768332 0.00850009 0.00943098 0.0105693 0.0119357 0.0135225 0.015376 0.0175028 0.0199582 0.0226382 0.0255576 0.0286075 0.0317491 0.0347911 0.0376044 0.0400078 0.0418364 0.0429211 0.0430802 0.0422214 0.0402114 0.037061 0.0327283 0.0273491 0.0209649 0.0137853 0.00593879 -0.00225515 -0.0105669 -0.0186423 -0.0262376 -0.0329866 -0.0385894 -0.0426645 -0.0449556 -0.0452309 -0.0434215 -0.0395187 -0.0336711 -0.026111 -0.017217 -0.00743163 0.00271869 0.012708 0.0219983 0.0301223 0.0366695 0.0413663 0.044025 0.044608 0.0431436 0.0398154 0.0348472 0.0285926 0.0213459 0.0134633 0.00518512 -0.00314954 -0.0113118 -0.018976 -0.0259907 -0.0321215 -0.0373008 -0.0413595 -0.0443058 -0.0460789 -0.0467766 -0.0464426 -0.0452447 -0.043325 -0.0408558 -0.0380008 -0.0349095 -0.0317854 -0.0287078 -0.0258015 -0.0230688 -0.0206409 -0.0184847 -0.0166197 -0.0149823 -0.0136039 -0.0124599 -0.0114745 -0.0106428 -0.00992752 -0.0093605 -0.00883352 -0.00838686 -0.00799794 -0.00766762 -0.00735895 -0.00706835 -0.00684151 -0.00660622 -0.00640124 -0.00620386 -0.00603947 -0.00587443 -0.00571207 -0.00558688 -0.00544539 -0.00532639 -0.00520765 -0.00510414 -0.00500313 -0.00489868 -0.00482091 -0.00473216 -0.00465702 -0.00457698 -0.00450378 -0.00445301 -0.00438699 -0.00432144 -0.00425685 -0.0042143 -0.00417824 -0.00411818 -0.00406381 -0.00402553 -0.00399956 -0.00396262 -0.00392443 -0.00389614 -0.00385641 -0.00382943 -0.00380834 -0.00378147 -0.0037638 -0.00373813 -0.0037156 -0.00370234 -0.0036849 -0.00367438 -0.00366415 -0.00364944 -0.0036383 -0.00362783 -0.00361983 -0.00361644 -0.00361531 
0 3.66344e-05 8.44147e-05 0.000128965 0.000169462 0.000225499 0.000266402 0.000297682 0.000358866 0.000395867 0.000432335 0.000506679 0.000532696 0.000569921 0.000646205 0.000674009 0.000733901 0.000808207 0.000840146 0.000896518 0.000947194 0.00100665 0.00107162 0.00112455 0.00120324 0.00125349 0.00132737 0.00141148 0.00146664 0.00156268 0.00162183 0.00170104 0.00180618 0.00187402 0.00198053 0.00207093 0.00218385 0.00229567 0.00239844 0.00254427 0.00265299 0.00280158 0.0029441 0.00309349 0.00327039 0.00342765 0.00363773 0.00382993 0.00406183 0.00430162 0.00456718 0.00488134 0.00518955 0.00557729 0.00599155 0.00649146 0.00703687 0.00769417 0.00848904 0.00939604 0.0104902 0.01177 0.013332 0.0151033 0.0171667 0.019513 0.02216 0.0250298 0.0280518 0.0311951 0.0343068 0.037269 0.039844 0.041949 0.0433636 0.0439807 0.0435942 0.0421632 0.0396137 0.0359725 0.0312623 0.0255755 0.0190513 0.0118351 0.00414549 -0.00382516 -0.0117805 -0.0195061 -0.0266825 -0.033081 -0.038328 -0.0421649 -0.044248 -0.0444445 -0.042594 -0.0387708 -0.0330247 -0.0256481 -0.0169175 -0.00733921 0.0026403 0.0124158 0.0215266 0.0294401 0.0358458 0.0404142 0.0430581 0.0436654 0.0423572 0.0392271 0.0345876 0.028676 0.0218599 0.0143608 0.00649499 -0.0015384 -0.00944522 -0.0170415 -0.0240928 -0.0304473 -0.0359316 -0.0404356 -0.0438938 -0.0462553 -0.0475393 -0.0477495 -0.0470467 -0.0455263 -0.0433964 -0.0407287 -0.0377599 -0.0346164 -0.0314957 -0.0284375 -0.025544 -0.022896 -0.0205278 -0.0184535 -0.0166063 -0.0150558 -0.013721 -0.0126172 -0.0116451 -0.0108452 -0.0101718 -0.00958397 -0.0090879 -0.00863525 -0.00827608 -0.00791861 -0.00762541 -0.00734609 -0.00709754 -0.00687968 -0.00665343 -0.00647849 -0.00628344 -0.00613203 -0.00596921 -0.00582209 -0.00570649 -0.00556051 -0.00546129 -0.00534569 -0.00525067 -0.00515182 -0.00505208 -0.00499323 -0.00488667 -0.00481823 -0.00474849 -0.0046667 -0.00462453 -0.00454775 -0.00449456 -0.00444528 -0.00439348 -0.00435841 -0.00430288 -0.00427563 -0.00421854 -0.00416697 -0.00416764 -0.00411318 -0.00408096 -0.00407432 -0.00402026 -0.00400552 -0.00399985 -0.00396773 -0.00395529 -0.00393377 -0.00390747 -0.0038947 -0.00388356 -0.00388157 -0.00387849 -0.00387086 -0.00386519 -0.00385173 
