0 0 0 0 0 0 0 0 0 0 0 0 0 0 0 0 0 0 0 0 0 0 0 0 0 0 0 0 0 0 0 0 0 0 0 0 0 0 0 0 0 0 0 0 0 0 0 0 0 0 0 0 0 0 0 0 0 0 0 0 0 0 0 0 0 0 0 0 0 0 0 0 0 0 0 0 0 0 0 0 0 0 0 0 0 0 0 0 0 0 0 0 0 0 0 0 0 0 0 0 0 0 0 0 0 0 0 0 0 0 0 0 0 0 0 0 0 0 0 0 0 0 0 0 0 0 0 0 0 0 0 0 0 0 0 0 0 0 0 0 0 0 0 0 0 0 0 0 0 0 0 0 0 0 0 0 0 0 0 0 0 0 0 0 0 0 0 0 0 0 0 0 0 0 0 0 0 0 0 0 0 0 0 0 0 0 0 0 0 0 0 0 0 0 0 0 0 0 0 0 
0 1.38954e-06 9.79786e-06 1.43106e-05 5.42331e-06 1.22456e-05 1.22036e-05 5.13982e-06 2.94785e-05 2.55523e-05 1.83634e-05 4.3673e-05 2.243e-05 2.16287e-05 5.20941e-05 3.15109e-05 3.62747e-05 5.1059e-05 3.88594e-05 4.66384e-05 5.79045e-05 7.4566e-05 5.97712e-05 4.54895e-05 7.50066e-05 7.03105e-05 7.36865e-05 7.61637e-05 6.78729e-05 9.96613e-05 9.33266e-05 9.09705e-05 0.000107498 0.000105705 0.000113931 0.000109527 0.000125145 0.000123798 0.00012208 0.000147004 0.000139329 0.000150735 0.000163316 0.000173173 0.000178686 0.000184363 0.000209842 0.000204633 0.000216746 0.000234178 0.000245125 0.000252454 0.000264047 0.000294633 0.000300165 0.000317997 0.000344268 0.000375214 0.000394919 0.000419672 0.000468278 0.000507787 0.000550404 0.000601106 0.000683035 0.000767795 0.000862999 0.000988795 0.00115685 0.00135841 0.00158267 0.00185669 0.00218077 0.00254523 0.00291315 0.00328059 0.00362951 0.00392823 0.00411859 0.00415784 0.00402604 0.0037078 0.00318882 0.00245625 0.00153819 0.000485155 -0.000627554 -0.00174144 -0.00279203 -0.00372353 -0.00446653 -0.00497225 -0.00520824 -0.0051798 -0.00490433 -0.00441239 -0.00372736 -0.0028782 -0.00189453 -0.000819892 0.000297237 0.00139992 0.00243684 0.00336019 0.00413597 0.00473287 0.00512582 0.00528193 0.00517647 0.00479267 0.00414897 0.00328449 0.00226434 0.00114459 -1.08042e-05 -0.00114406 -0.00217636 -0.00304573 -0.00370718 -0.00416157 -0.00441682 -0.00448616 -0.00438063 -0.00413704 -0.00381237 -0.00344927 -0.00307117 -0.00268353 -0.00232264 -0.00200716 -0.00174626 -0.00151163 -0.00131122 -0.00115335 -0.00103696 -0.000936412 -0.000840961 -0.00077522 -0.000725548 -0.000683786 -0.000629889 -0.000600285 -0.000577998 -0.000550455 -0.000518944 -0.000498723 -0.000492251 -0.000461413 -0.000445087 -0.000431769 -0.000423448 -0.000399359 -0.000384968 -0.000387382 -0.000363828 -0.000356908 -0.000348708 -0.000347839 -0.000332141 -0.000324937 -0.000334196 -0.000310601 -0.000313425 -0.000308662 -0.000298378 -0.000292397 -0.000285043 -0.000291009 -0.000264782 -0.000271902 -0.000279748 -0.00026194 -0.000268974 -0.000252544 -0.000263023 -0.000274463 -0.000246969 -0.000240095 -0.000242 -0.000256507 -0.000241647 -0.000227032 -0.000252018 -0.000229179 -0.000229389 -0.000256291 -0.000228723 -0.000228797 -0.00023293 -0.000215887 -0.000228321 -0.000228184 -0.000228698 -0.00023437 -0.000220927 -0.000225717 -0.000222807 -0.000214008 -0.000227706 -0.000221784 
0 9.79786e-06 -7.45005e-06 1.63007e-05 2.30652e-05 1.66068e-05 4.77232e-05 3.88298e-05 2.74582e-05 5.21907e-05 4.1384e-05 4.48324e-05 7.37572e-05 6.65016e-05 6.55286e-05 8.12568e-05 8.3478e-05 8.97654e-05 0.000101047 0.000103894 0.000101734 9.63063e-05 0.000112883 0.00014947 0.000137293 0.000124076 0.000159952 0.00016659 0.000163886 0.000171857 0.00017702 0.000187893 0.000193262 0.00021459 0.000212042 0.000226632 0.00025829 0.000246668 0.000271352 0.000287562 0.00029518 0.000305491 0.000319081 0.000349964 0.000337747 0.000372846 0.000396948 0.000405798 0.00043256 0.00045739 0.000501693 0.000500202 0.000550343 0.000587807 0.000616727 0.000650256 0.000693693 0.000764115 0.000785026 0.000857171 0.000923901 0.00102074 0.0010921 0.00120428 0.00136188 0.00152687 0.00173502 0.00197456 0.00233123 0.00271334 0.00319129 0.00372231 0.00438716 0.00509546 0.00583901 0.00656376 0.00725253 0.00783805 0.00819711 0.00827854 0.00799331 0.00736798 0.00630667 0.00486716 0.00302215 0.000956202 -0.00127393 -0.0034627 -0.00556777 -0.00739224 -0.00888256 -0.00986624 -0.0103539 -0.010284 -0.00975458 -0.00876235 -0.00741331 -0.00571024 -0.00376696 -0.00161858 0.000588522 0.00279204 0.00484089 0.00669066 0.00822101 0.00942189 0.0101864 0.0105092 0.0102813 0.00953825 0.00824674 0.00655629 0.00451495 0.00231601 3.22234e-06 -0.00221974 -0.00428852 -0.00599524 -0.00733903 -0.00823308 -0.00876746 -0.00889954 -0.00871476 -0.00823866 -0.00760903 -0.00689392 -0.00613955 -0.00538578 -0.004658 -0.00404818 -0.00350253 -0.00305751 -0.00263791 -0.00234167 -0.00208632 -0.00189464 -0.00170126 -0.00156478 -0.00146806 -0.00136475 -0.0012794 -0.00119213 -0.00116293 -0.00108625 -0.00103816 -0.000989293 -0.000966834 -0.000923603 -0.000873834 -0.000871015 -0.000832382 -0.000811528 -0.000776253 -0.000777013 -0.000748368 -0.000714372 -0.000719073 -0.000688653 -0.000673643 -0.000649997 -0.000649892 -0.000626998 -0.000602805 -0.000617015 -0.000589509 -0.000583056 -0.000580551 -0.000569752 -0.000564897 -0.000554462 -0.00054986 -0.000523298 -0.000532073 -0.000539326 -0.000496671 -0.000493858 -0.000512493 -0.000510226 -0.000498273 -0.000484152 -0.000486382 -0.00049043 -0.000478874 -0.000474349 -0.000475775 -0.000455698 -0.000452911 -0.000473618 -0.000463336 -0.000460445 -0.000469803 -0.000448376 -0.000442935 -0.000451664 -0.000443974 -0.000448768 -0.000454707 -0.000449918 -0.000448558 -0.000444453 
0 1.43106e-05 1.63007e-05 2.62255e-05 2.82778e-05 3.23145e-05 4.36914e-05 4.54564e-05 6.19611e-05 7.33225e-05 7.2492e-05 8.92242e-05 8.97558e-05 9.16329e-05 0.000113632 0.000114263 0.000120277 0.000135519 0.000138363 0.000148967 0.000166336 0.000180832 0.000178978 0.000184385 0.000203226 0.000208358 0.000225712 0.000233141 0.000237708 0.000267897 0.000276429 0.000284678 0.000304858 0.000319694 0.000330275 0.000342781 0.00036906 0.000374932 0.000392639 0.000424381 0.000435555 0.000457671 0.000486912 0.00051615 0.000531405 0.000563246 0.00060363 0.000620879 0.000654092 0.000696128 0.000736601 0.000763832 0.000813171 0.000874181 0.00091667 0.000971048 0.00104329 0.00112737 0.00119358 0.0012846 0.00140365 0.00153135 0.00166411 0.00183395 0.00206401 0.00232352 0.0026327 0.00302086 0.00352783 0.00412549 0.00482505 0.00564773 0.00661247 0.00767134 0.00876084 0.00983633 0.0108387 0.0116708 0.0121825 0.012266 0.0118375 0.0108626 0.00928572 0.00711422 0.00440533 0.00132501 -0.00194859 -0.00521315 -0.0082999 -0.0110149 -0.0131876 -0.0146614 -0.0153649 -0.015287 -0.0144863 -0.0130313 -0.0110065 -0.00849007 -0.0055856 -0.00241242 0.000878333 0.00413203 0.0071906 0.00992326 0.0122154 0.0139805 0.0151283 0.0155795 0.0152559 0.0141354 0.012254 0.00973908 0.00674803 0.00347044 7.50929e-05 -0.00323525 -0.00626935 -0.008831 -0.0108209 -0.0121962 -0.0129921 -0.013228 -0.0129701 -0.0123081 -0.0113944 -0.0103423 -0.00923111 -0.00810871 -0.00704786 -0.00611214 -0.00530589 -0.00460911 -0.00400746 -0.00353156 -0.00315386 -0.00284387 -0.00256837 -0.00235891 -0.00219773 -0.00205507 -0.00191807 -0.00181095 -0.0017349 -0.00164764 -0.00156667 -0.00150208 -0.00145739 -0.00139226 -0.00133573 -0.00129966 -0.0012591 -0.00121128 -0.00117058 -0.00115177 -0.00111068 -0.00107712 -0.00105844 -0.00103563 -0.00100636 -0.000984032 -0.000977281 -0.000946356 -0.000928745 -0.000919752 -0.000895868 -0.000878349 -0.000865586 -0.00085471 -0.000829141 -0.000823669 -0.000821377 -0.000798314 -0.000794832 -0.000784789 -0.000777136 -0.000776689 -0.000758041 -0.000743904 -0.000740164 -0.000741451 -0.000727739 -0.000717487 -0.000722547 -0.000707186 -0.000707843 -0.000715092 -0.000697133 -0.000695911 -0.000690336 -0.000678201 -0.000684903 -0.000681435 -0.000680858 -0.000683636 -0.000674152 -0.00067446 -0.00067009 -0.000663828 -0.00067123 -0.000668559 
0 5.42331e-06 2.30652e-05 2.82778e-05 3.84043e-05 5.56808e-05 5.38747e-05 6.51814e-05 8.70192e-05 8.52129e-05 9.85991e-05 0.000119802 0.000114607 0.000128773 0.000151908 0.000151134 0.000164442 0.000182141 0.000186786 0.000198794 0.00021466 0.000236153 0.000243468 0.000242831 0.000272287 0.00029029 0.000295687 0.000313481 0.000325916 0.000351686 0.000366279 0.000377763 0.000406302 0.000418543 0.000443944 0.000463979 0.000483331 0.000513754 0.000528891 0.000564946 0.000586267 0.000614285 0.000652492 0.000675911 0.000718831 0.000747549 0.000795409 0.000832583 0.000873551 0.000932892 0.000973806 0.00103746 0.00108977 0.00116731 0.00123239 0.00130779 0.00140555 0.00149696 0.00161248 0.00172354 0.00188547 0.00204466 0.00224253 0.00247653 0.00277335 0.00313381 0.00355496 0.00410235 0.00476085 0.00557803 0.00651051 0.00762823 0.00888564 0.0102768 0.0116992 0.0131031 0.0143879 0.0154214 0.0160482 0.0161035 0.0155113 0.0141684 0.0120707 0.00918191 0.00564664 0.00160169 -0.00266304 -0.00695081 -0.0109667 -0.0145197 -0.0173323 -0.0192687 -0.0201817 -0.0201023 -0.0190467 -0.0171462 -0.0144681 -0.011163 -0.00733127 -0.00317076 0.00116037 0.00542452 0.00945511 0.0130419 0.0160699 0.0183787 0.0198894 0.0204567 0.0200358 0.0185579 0.0161245 0.0128376 0.00895228 0.00465325 0.000233238 -0.0041058 -0.00805538 -0.011443 -0.0140732 -0.0159414 -0.017016 -0.0173832 -0.0170897 -0.0162919 -0.0151355 -0.0137792 -0.0123326 -0.0108686 -0.00949261 -0.00823852 -0.00716602 -0.00621747 -0.00543633 -0.00477562 -0.00426452 -0.00382755 -0.0034732 -0.00318326 -0.00294911 -0.00275813 -0.00257357 -0.00243981 -0.0023071 -0.0022067 -0.00209399 -0.00201194 -0.00193492 -0.00185594 -0.00179414 -0.00172546 -0.0016823 -0.00161679 -0.00157603 -0.00153116 -0.00148676 -0.00145284 -0.0014088 -0.0013866 -0.00134425 -0.00132019 -0.00129348 -0.00126151 -0.00124518 -0.00121314 -0.00119842 -0.00117332 -0.0011541 -0.0011422 -0.00111354 -0.00110465 -0.00108922 -0.00107596 -0.0010612 -0.00103679 -0.00104042 -0.00103107 -0.00100659 -0.000996528 -0.000990604 -0.000989864 -0.000972901 -0.000959499 -0.000965074 -0.000948535 -0.000938923 -0.000947481 -0.000932395 -0.000921407 -0.000924969 -0.000916032 -0.000910477 -0.000912692 -0.000908782 -0.000902223 -0.000899342 -0.000899571 -0.000895176 -0.000892966 -0.000896516 -0.000891921 
0 1.22456e-05 1.66068e-05 3.23145e-05 5.56808e-05 5.77283e-05 7.83319e-05 0.000102423 8.67419e-05 0.000109729 0.000133226 0.000118618 0.000161818 0.000179945 0.0001613 0.000201394 0.000213145 0.000215348 0.000246677 0.00025791 0.000267045 0.000263511 0.000300211 0.000342123 0.000329801 0.000354888 0.00037253 0.000397222 0.000431388 0.000418305 0.000455543 0.000483299 0.000495111 0.00052944 0.000547345 0.000588376 0.000604537 0.000642074 0.000681091 0.000693738 0.000746892 0.000773105 0.000811609 0.000849797 0.00089388 0.000946498 0.000978436 0.00104963 0.00109929 0.00116067 0.00122668 0.00130019 0.00138314 0.00145244 0.00155783 0.00165205 0.00176628 0.00188295 0.00202694 0.0021892 0.0023638 0.00258376 0.00283354 0.00314886 0.00351174 0.00397422 0.00453322 0.0052273 0.00606741 0.00707981 0.00828142 0.00966474 0.0112273 0.012908 0.0146542 0.0163437 0.0178695 0.0190527 0.0197369 0.0197373 0.0189341 0.0172244 0.0145785 0.0110212 0.00667841 0.00176145 -0.00345514 -0.00866588 -0.0135698 -0.0178651 -0.0212909 -0.0236288 -0.0247659 -0.0246675 -0.0233989 -0.0210538 -0.0177728 -0.0136926 -0.00899719 -0.00387882 0.00141878 0.00666091 0.0115955 0.0160168 0.0197255 0.0225708 0.0243965 0.0250875 0.0245448 0.0227589 0.0197938 0.0158271 0.0110907 0.00587424 0.000475312 -0.00478926 -0.00962223 -0.0137691 -0.0170555 -0.0194027 -0.0208011 -0.0213173 -0.0210497 -0.0201654 -0.0188216 -0.0172067 -0.0154468 -0.0136853 -0.0119935 -0.0104544 -0.00908415 -0.00790964 -0.00691677 -0.00608998 -0.00541206 -0.0048529 -0.00440954 -0.00403082 -0.00372792 -0.0034632 -0.00325707 -0.00306555 -0.00290078 -0.00276052 -0.00263509 -0.00252726 -0.00241104 -0.00233349 -0.00224417 -0.00217026 -0.00209412 -0.00203569 -0.00198183 -0.00190994 -0.00187411 -0.00181822 -0.00177642 -0.00172583 -0.00169088 -0.00165821 -0.00160293 -0.00159011 -0.00154769 -0.00151933 -0.00149732 -0.00146899 -0.0014519 -0.0014141 -0.00141806 -0.00138638 -0.00135022 -0.00135117 -0.00132316 -0.00132055 -0.00128678 -0.00125732 -0.00127639 -0.00126389 -0.00124498 -0.00121682 -0.00122032 -0.00122544 -0.00118446 -0.00119975 -0.00118949 -0.00114655 -0.00117198 -0.00116501 -0.00114838 -0.00116363 -0.00114366 -0.0011336 -0.0011329 -0.00112249 -0.00112837 -0.00112334 -0.00112316 -0.00112777 -0.00111446 -0.00111758 
0 1.22036e-05 4.77232e-05 4.36914e-05 5.38747e-05 7.83319e-05 7.45981e-05 0.00010236 0.000126775 0.000131523 0.000162743 0.000170489 0.000174765 0.000201177 0.000212096 0.000234152 0.000252549 0.000261468 0.00028627 0.000302429 0.000326743 0.00035936 0.000369213 0.000369452 0.000397521 0.000439564 0.000444702 0.000463428 0.0005026 0.000520964 0.000555191 0.000585685 0.000606046 0.000635273 0.000672395 0.00070127 0.000720336 0.000771614 0.000805685 0.000833853 0.000888863 0.000934918 0.00097816 0.00102353 0.00109366 0.00114103 0.00119041 0.00126906 0.00133277 0.00139937 0.00147122 0.00157382 0.00165585 0.00174689 0.00186935 0.00199484 0.00212726 0.0022665 0.00245986 0.00265315 0.00287511 0.0031368 0.00346817 0.00385358 0.0043022 0.00487448 0.00557422 0.00643551 0.00744572 0.00868152 0.0101272 0.0117941 0.0136207 0.0155869 0.0176032 0.0195453 0.0212471 0.0225227 0.0232072 0.0230971 0.0220558 0.0199451 0.01677 0.0125543 0.00748098 0.00174356 -0.00431704 -0.0103871 -0.0160684 -0.0210508 -0.0250026 -0.0277247 -0.029048 -0.028958 -0.0274755 -0.0247352 -0.0208674 -0.0160753 -0.0105495 -0.00455188 0.00166708 0.00780561 0.0136052 0.0187914 0.0231569 0.0264818 0.0286137 0.02939 0.0287494 0.0266606 0.0232403 0.018644 0.0131668 0.00710026 0.000838208 -0.0052898 -0.0109126 -0.0157934 -0.0196977 -0.0225483 -0.0242844 -0.0250039 -0.024812 -0.0239049 -0.0224385 -0.0206095 -0.0185924 -0.0165464 -0.0145813 -0.0127435 -0.0111024 -0.00967064 -0.0084792 -0.00745747 -0.00661541 -0.00591692 -0.00537178 -0.0049084 -0.00451577 -0.0041971 -0.0039389 -0.00371772 -0.00349975 -0.00333698 -0.00318922 -0.00305574 -0.00291542 -0.00281305 -0.00272093 -0.00261221 -0.00252501 -0.00244945 -0.00238311 -0.00229431 -0.00223987 -0.00218961 -0.00212327 -0.00207304 -0.00203283 -0.001994 -0.00193682 -0.0019117 -0.00187907 -0.00182883 -0.00180274 -0.00177374 -0.00173892 -0.00170294 -0.0016847 -0.0016558 -0.00163065 -0.00162488 -0.00158711 -0.00156652 -0.0015721 -0.00155169 -0.00151558 -0.00149734 -0.00149504 -0.00147705 -0.00146411 -0.00145024 -0.00143144 -0.00143266 -0.00142126 -0.0014172 -0.00141537 -0.00138585 -0.00138184 -0.0013775 -0.00136108 -0.00137307 -0.0013683 -0.00135766 -0.00136239 -0.00134732 -0.00134151 -0.00134492 -0.00133652 -0.00134391 
0 5.13982e-06 3.88298e-05 4.54564e-05 6.51814e-05 0.000102423 0.00010236 0.000119393 0.000147937 0.000147916 0.000173685 0.000201521 0.000207694 0.000236793 0.000257755 0.00026917 0.00029651 0.000313598 0.000336144 0.000357846 0.000369017 0.00040426 0.000428754 0.000441674 0.00048129 0.000507539 0.000524095 0.000555978 0.000585849 0.000612337 0.000638405 0.000676434 0.000707269 0.000736686 0.000788513 0.000818148 0.000854761 0.000910576 0.000947097 0.000990033 0.00104082 0.00109852 0.00114162 0.00119638 0.00127454 0.00132553 0.00139436 0.00147831 0.00156249 0.0016395 0.00173165 0.00185305 0.0019486 0.00206418 0.00220262 0.00235685 0.00250538 0.00267664 0.00290214 0.00313296 0.0033978 0.0037118 0.00411816 0.00457968 0.00512891 0.00581838 0.00667377 0.00770371 0.00891018 0.0103692 0.0120696 0.0140023 0.0160881 0.0183093 0.0205592 0.0226974 0.0245137 0.0258216 0.0264394 0.0261689 0.0248401 0.0223192 0.0186137 0.0137868 0.00803258 0.00156796 -0.00525243 -0.012069 -0.0184404 -0.0240125 -0.028433 -0.0314856 -0.0329866 -0.0329009 -0.0312353 -0.0281269 -0.0237247 -0.0182666 -0.0119797 -0.00516448 0.00189647 0.00886696 0.0154577 0.0213563 0.0263194 0.0300888 0.0324869 0.0333415 0.0326007 0.0302512 0.0264255 0.0212928 0.0151638 0.00836694 0.00133838 -0.00554367 -0.0118881 -0.0174353 -0.0219401 -0.0252851 -0.0273983 -0.0283645 -0.028318 -0.0274511 -0.0259349 -0.0239599 -0.0217415 -0.0194565 -0.0172395 -0.0151326 -0.0132248 -0.0115474 -0.0101375 -0.00892408 -0.00790418 -0.00706351 -0.00639579 -0.00583863 -0.00535388 -0.00496733 -0.00464972 -0.00438146 -0.00411916 -0.00391593 -0.0037424 -0.00357618 -0.00341693 -0.00328668 -0.00318325 -0.00305626 -0.00295554 -0.00287011 -0.00278943 -0.00269842 -0.00262508 -0.0025721 -0.00249205 -0.00243224 -0.00238171 -0.00232726 -0.00226933 -0.00222354 -0.00219042 -0.00213404 -0.00210081 -0.00207283 -0.00202929 -0.00200299 -0.0019745 -0.00194301 -0.001913 -0.00189273 -0.0018674 -0.00182983 -0.00181936 -0.00180118 -0.00176909 -0.00176218 -0.00174622 -0.0017259 -0.00171442 -0.00169564 -0.00168857 -0.00167358 -0.00165095 -0.00164963 -0.00163566 -0.00162121 -0.00162705 -0.00161471 -0.00160301 -0.00160329 -0.00158845 -0.00158066 -0.00158238 -0.00157603 -0.00157534 -0.00157546 -0.00156934 -0.0015674 
0 2.94785e-05 2.74582e-05 6.19611e-05 8.70192e-05 8.67419e-05 0.000126775 0.000147937 0.000149756 0.000189122 0.000203087 0.000210929 0.00025485 0.000272353 0.000282679 0.000314178 0.00033744 0.000359097 0.00038332 0.000416387 0.000439874 0.000443538 0.000483882 0.000533486 0.000544506 0.000565236 0.000602933 0.000642108 0.000676489 0.000696561 0.0007371 0.000779833 0.000810846 0.000856298 0.000893449 0.00094004 0.000987336 0.00103185 0.00109027 0.00113295 0.00119814 0.00125737 0.00131208 0.00138846 0.00145307 0.00153498 0.00160543 0.00170102 0.00179633 0.00188233 0.00200371 0.00211506 0.00224899 0.00237314 0.00253912 0.00271266 0.00288705 0.00310678 0.00334766 0.00364207 0.00394194 0.0043396 0.00480473 0.00536534 0.0060264 0.00684515 0.00786746 0.00906133 0.0104953 0.0121608 0.0141276 0.016285 0.0186302 0.0210532 0.0234975 0.0257521 0.0276194 0.0288895 0.0293704 0.0288838 0.0272131 0.0242824 0.0200472 0.0146722 0.00828449 0.00120522 -0.00628947 -0.0137136 -0.0206881 -0.0267319 -0.0315705 -0.0348828 -0.0365594 -0.0364578 -0.0346513 -0.0311936 -0.0263275 -0.0202464 -0.0132862 -0.0057114 0.00209461 0.00983615 0.017125 0.0236854 0.0291666 0.0333493 0.0359592 0.0368972 0.0360441 0.0334902 0.0292979 0.0237377 0.0170412 0.00965665 0.00195685 -0.00555145 -0.0125549 -0.0186855 -0.023773 -0.0275906 -0.0301238 -0.0313808 -0.0315523 -0.0307918 -0.0292962 -0.0272567 -0.0248907 -0.0224259 -0.0199652 -0.0176322 -0.01545 -0.0135487 -0.0118848 -0.0104848 -0.00926758 -0.00827984 -0.00746983 -0.0067995 -0.00623467 -0.00575729 -0.00539108 -0.00504991 -0.00477042 -0.00451081 -0.00431372 -0.00411618 -0.00393626 -0.00378965 -0.00364646 -0.00352568 -0.00339144 -0.00329954 -0.00319423 -0.00309844 -0.0030164 -0.00293306 -0.00286614 -0.00278353 -0.00272978 -0.00266512 -0.00260406 -0.00255726 -0.00249949 -0.0024595 -0.00240981 -0.00237032 -0.00233112 -0.00228781 -0.00226471 -0.0022249 -0.00218658 -0.00215965 -0.00213764 -0.00211859 -0.00207244 -0.00204476 -0.00204915 -0.00202531 -0.00198982 -0.00197067 -0.0019621 -0.00194904 -0.001922 -0.00191562 -0.00190596 -0.00187211 -0.00187456 -0.00187557 -0.00184744 -0.00184868 -0.00184268 -0.00181931 -0.00182262 -0.00181818 -0.00180565 -0.00180902 -0.00180371 -0.00179648 -0.00179858 -0.00179356 
0 2.55523e-05 5.21907e-05 7.33225e-05 8.52129e-05 0.000109729 0.000131523 0.000147916 0.000189122 0.000210521 0.000224857 0.000267661 0.00027322 0.000287134 0.0003376 0.00035089 0.000375618 0.000413042 0.000428612 0.0004574 0.000493196 0.000538682 0.00055734 0.000565995 0.000612249 0.000648204 0.000691001 0.000715031 0.000740515 0.000809832 0.000837773 0.000876138 0.000926687 0.000964502 0.0010177 0.00105622 0.00111905 0.00116331 0.00121931 0.00129471 0.00134232 0.00142257 0.00149033 0.00157203 0.00164979 0.00173257 0.00183736 0.00191882 0.00203543 0.00214096 0.0022688 0.00239834 0.00253977 0.00270848 0.00287312 0.00308045 0.00328675 0.00354562 0.00382393 0.00415497 0.00453714 0.00498989 0.00554805 0.00619596 0.00700064 0.00795846 0.00914593 0.010533 0.0121821 0.0140895 0.0162737 0.0186727 0.0212169 0.023835 0.0263845 0.0287032 0.0305335 0.0317036 0.0319775 0.031205 0.0291639 0.0257967 0.0210802 0.0151797 0.00826242 0.000630795 -0.00738659 -0.0153311 -0.0227544 -0.0292099 -0.0343542 -0.0379127 -0.0397016 -0.0396186 -0.0376581 -0.0339287 -0.0286232 -0.0220219 -0.0144328 -0.00621308 0.00228559 0.0106814 0.0186192 0.025732 0.0316964 0.0362038 0.0390239 0.0399977 0.0390814 0.0363247 0.031867 0.0259313 0.0188188 0.0109378 0.00273183 -0.00532544 -0.0128629 -0.0195386 -0.0251355 -0.029436 -0.0323947 -0.0340092 -0.0344594 -0.0338756 -0.0324847 -0.0304474 -0.0280304 -0.0254124 -0.0227765 -0.0202107 -0.0178139 -0.0156596 -0.013765 -0.0121415 -0.0107394 -0.00958599 -0.00861257 -0.00782747 -0.00715337 -0.00660954 -0.00614685 -0.00576025 -0.00543162 -0.00513701 -0.00489621 -0.00466353 -0.00447967 -0.00428892 -0.00413367 -0.00398452 -0.00384965 -0.00372724 -0.00360124 -0.0035119 -0.00339895 -0.00331381 -0.00322679 -0.00315185 -0.00307873 -0.00300052 -0.00295631 -0.00287988 -0.002829 -0.00277796 -0.00272145 -0.00267709 -0.00262442 -0.00259328 -0.00253227 -0.00250299 -0.00248546 -0.00242981 -0.00240304 -0.00237368 -0.00236025 -0.00233733 -0.00228653 -0.00226511 -0.00225026 -0.00223971 -0.00220562 -0.00217709 -0.0021806 -0.00214701 -0.00214011 -0.00214975 -0.00210942 -0.0020977 -0.00209295 -0.00206649 -0.00206785 -0.00206592 -0.00205408 -0.00205185 -0.00204262 -0.00203327 -0.00202841 -0.00202371 -0.00202277 -0.00202242 
0 1.83634e-05 4.1384e-05 7.2492e-05 9.85991e-05 0.000133226 0.000162743 0.000173685 0.000203087 0.000224857 0.000241553 0.000288739 0.000310795 0.000334173 0.000379841 0.000389952 0.000419007 0.000461977 0.000481383 0.000516938 0.000544292 0.000573404 0.000613514 0.000654487 0.000698944 0.000720459 0.000767299 0.00080887 0.000835254 0.000898244 0.000924505 0.000967161 0.00103484 0.00107404 0.00113179 0.00118717 0.00125673 0.00130813 0.00136888 0.00145674 0.00150314 0.00158554 0.00167024 0.00174944 0.00183657 0.00193173 0.00205373 0.00214247 0.00227228 0.00240941 0.0025443 0.00269367 0.00285668 0.00305644 0.00323569 0.00346422 0.00371585 0.00400459 0.0043235 0.00469752 0.00516098 0.00568385 0.00632906 0.00709123 0.0080412 0.00916261 0.0105159 0.0121159 0.0139876 0.0161361 0.0185269 0.021139 0.0238602 0.0266159 0.0292161 0.0315103 0.033241 0.0342276 0.0342365 0.0331081 0.0306699 0.0268582 0.0216971 0.0153231 0.00795645 -0.000127339 -0.00854691 -0.0168817 -0.0246374 -0.0314015 -0.036781 -0.0405274 -0.0424058 -0.0423304 -0.0402459 -0.036283 -0.0306107 -0.023557 -0.0154309 -0.00664498 0.00244857 0.0114183 0.0199091 0.0275001 0.0338655 0.0386471 0.0416333 0.0426403 0.0416705 0.038759 0.0340956 0.0278809 0.0204652 0.012224 0.00364382 -0.00484297 -0.0128163 -0.0199636 -0.0260132 -0.0307808 -0.034174 -0.0362026 -0.0369866 -0.036663 -0.0354438 -0.0335061 -0.0311066 -0.0284122 -0.0256384 -0.0228852 -0.0202961 -0.017907 -0.015782 -0.0139249 -0.0123374 -0.0109989 -0.00985955 -0.00892974 -0.00814766 -0.00751419 -0.00695381 -0.00650271 -0.00611786 -0.00578534 -0.00548641 -0.00522358 -0.0050169 -0.00479767 -0.00461603 -0.00444696 -0.00430995 -0.00416018 -0.0040248 -0.00392827 -0.00380591 -0.00370551 -0.00360627 -0.003531 -0.00343484 -0.00334817 -0.00329611 -0.00320658 -0.00314578 -0.0030887 -0.00303353 -0.00297542 -0.00292379 -0.00289854 -0.00283219 -0.00279717 -0.00276668 -0.00271204 -0.00269024 -0.00264641 -0.00260712 -0.00258146 -0.00255757 -0.00253657 -0.00249997 -0.00248756 -0.00246126 -0.00243644 -0.00243825 -0.00239729 -0.00237486 -0.00237228 -0.00233971 -0.00233866 -0.00233764 -0.00231516 -0.00231096 -0.0022969 -0.00227957 -0.00227643 -0.00226948 -0.00226534 -0.00226396 -0.00225911 -0.00225496 -0.00225041 
0 4.3673e-05 4.48324e-05 8.92242e-05 0.000119802 0.000118618 0.000170489 0.000201521 0.000210929 0.000267661 0.000288739 0.000298175 0.000349325 0.000372899 0.000398031 0.000437349 0.000465819 0.000507495 0.000530355 0.000571692 0.000625248 0.000627611 0.000674135 0.000736306 0.000752525 0.000795412 0.000840314 0.000891042 0.000940639 0.000977973 0.00103881 0.00108045 0.00114337 0.00120088 0.00123816 0.00132295 0.0013774 0.00143893 0.00152003 0.00159373 0.00167769 0.00174848 0.00186119 0.00194639 0.00203585 0.00216371 0.00226923 0.00239267 0.00251445 0.00267873 0.00282342 0.00297837 0.00318366 0.00338331 0.00361043 0.00384731 0.00416026 0.0044821 0.0048482 0.00529439 0.00582495 0.00645612 0.00717766 0.0080951 0.00918102 0.0104909 0.0120147 0.0138337 0.0159347 0.0182968 0.0208928 0.0236612 0.0265399 0.0293448 0.0319477 0.0341136 0.0356866 0.0363979 0.0360869 0.0345425 0.0316849 0.0274372 0.0218642 0.0150889 0.00734547 -0.00106714 -0.00978185 -0.0183555 -0.0263447 -0.033293 -0.0388545 -0.0427079 -0.0446686 -0.0445675 -0.0424059 -0.0382302 -0.0322849 -0.0248331 -0.0162839 -0.00699659 0.00257305 0.0120501 0.0209757 0.0289833 0.0356447 0.0406654 0.0437538 0.0448109 0.0437792 0.0407805 0.0359513 0.029572 0.0219434 0.0134949 0.00465267 -0.00412484 -0.0124489 -0.0199753 -0.0264307 -0.0316328 -0.0354684 -0.0379521 -0.0391209 -0.0391414 -0.0381551 -0.0364198 -0.0340933 -0.0314185 -0.0285344 -0.0256595 -0.0228798 -0.0202918 -0.017926 -0.015837 -0.0140491 -0.012505 -0.0112021 -0.0100919 -0.00921034 -0.00844947 -0.00781487 -0.00727105 -0.00683842 -0.00646044 -0.00610546 -0.00582378 -0.00556769 -0.00534864 -0.00511512 -0.00494225 -0.00477806 -0.00460679 -0.00446323 -0.00432932 -0.00421981 -0.00407908 -0.00398687 -0.00389413 -0.0037877 -0.00370956 -0.00362699 -0.0035618 -0.00347276 -0.00341858 -0.00336234 -0.00328105 -0.00324137 -0.00318013 -0.00313162 -0.00308597 -0.00303182 -0.00299858 -0.00295652 -0.00293339 -0.00288233 -0.00283959 -0.00284393 -0.00279471 -0.0027532 -0.0027422 -0.00271181 -0.00269165 -0.00266163 -0.00264796 -0.0026386 -0.00260025 -0.00260183 -0.00259265 -0.00255123 -0.00255581 -0.00254547 -0.00251743 -0.00252741 -0.00251681 -0.00249742 -0.00250412 -0.00249275 -0.00248179 -0.00248944 -0.0024808 
0 2.243e-05 7.37572e-05 8.97558e-05 0.000114607 0.000161818 0.000174765 0.000207694 0.00025485 0.00027322 0.000310795 0.000349325 0.000373573 0.000405919 0.000438151 0.000484411 0.000515241 0.00054425 0.000597168 0.000616545 0.000656113 0.000725282 0.000753478 0.000780058 0.000822252 0.000885191 0.000938607 0.000965216 0.00102158 0.00108029 0.00113662 0.00119282 0.00124546 0.00131533 0.00137463 0.00144633 0.00151681 0.00158524 0.00167249 0.00175187 0.0018399 0.00193069 0.00203648 0.00213853 0.00224352 0.00237483 0.00249847 0.00263213 0.00277897 0.00294973 0.00311558 0.00329674 0.00351726 0.00374659 0.00399478 0.00427493 0.00461937 0.00498816 0.00541097 0.0059236 0.00654324 0.00726389 0.00811309 0.00916683 0.0104273 0.0119156 0.0136433 0.0156819 0.0180048 0.0205783 0.0233425 0.0262577 0.029213 0.0320321 0.0345337 0.0365264 0.0378355 0.0382233 0.0375099 0.0355254 0.0322223 0.0275586 0.0216135 0.0144998 0.00647616 -0.00216823 -0.0110407 -0.0197462 -0.0278325 -0.0348908 -0.0405335 -0.0444651 -0.0464483 -0.0463425 -0.0440964 -0.0397857 -0.0336083 -0.0258726 -0.0169623 -0.00729782 0.00268248 0.0125411 0.0218369 0.0301407 0.0370478 0.0422166 0.0454008 0.0464724 0.0454273 0.0423589 0.0374575 0.0309794 0.0232734 0.0147244 0.00576992 -0.00318976 -0.0117454 -0.0195719 -0.0263673 -0.0319675 -0.0362459 -0.0391962 -0.0408155 -0.0412275 -0.0405782 -0.0390974 -0.0369559 -0.0343483 -0.0314557 -0.0284834 -0.0255725 -0.0227948 -0.0202188 -0.0179021 -0.0158971 -0.0141529 -0.0126561 -0.0113837 -0.0103486 -0.00947555 -0.00873086 -0.00810542 -0.00759519 -0.0071592 -0.00676001 -0.00642852 -0.00614141 -0.00588558 -0.00563707 -0.0054321 -0.0052473 -0.00506563 -0.00490204 -0.00475665 -0.00462634 -0.00448765 -0.00437583 -0.00426789 -0.00416311 -0.00406641 -0.0039774 -0.00389852 -0.00381107 -0.00374278 -0.00366997 -0.00360467 -0.00354645 -0.0034802 -0.00342803 -0.00337478 -0.00333717 -0.00328442 -0.00322554 -0.00319952 -0.0031713 -0.00313288 -0.00307325 -0.00304457 -0.00304194 -0.00299518 -0.00296372 -0.00294469 -0.00291378 -0.00289716 -0.00287806 -0.00286607 -0.0028397 -0.00281191 -0.00281214 -0.00278712 -0.00277198 -0.00277947 -0.00275384 -0.00274478 -0.00274791 -0.00272459 -0.00272356 -0.0027265 -0.0027096 -0.00271553 
0 2.16287e-05 6.65016e-05 9.16329e-05 0.000128773 0.000179945 0.000201177 0.000236793 0.000272353 0.000287134 0.000334173 0.000372899 0.000405919 0.000459062 0.000482788 0.000521807 0.000564059 0.00058707 0.000648915 0.000686847 0.000714756 0.000769856 0.000804111 0.000865126 0.000925851 0.000958569 0.00100631 0.00106205 0.00112742 0.00117228 0.00122725 0.0013012 0.00135507 0.00143287 0.00150636 0.00157448 0.00165909 0.00174084 0.00182881 0.00191232 0.00201316 0.00211509 0.00221589 0.00233567 0.00245683 0.00259001 0.00272884 0.00288305 0.00304902 0.00322586 0.00341937 0.00362877 0.00386513 0.00412066 0.00440419 0.00472798 0.00510386 0.00552749 0.00601898 0.00660965 0.00731726 0.00814835 0.00914068 0.0103472 0.011786 0.0134669 0.0154137 0.0176681 0.0202014 0.0229595 0.025872 0.0288823 0.0318561 0.034609 0.0369414 0.0386821 0.0396533 0.0396453 0.0384779 0.0360287 0.0322756 0.0272218 0.020946 0.0135725 0.00535659 -0.0034011 -0.0123199 -0.02103 -0.0291112 -0.0361753 -0.0418311 -0.0457766 -0.0477572 -0.0476305 -0.045328 -0.0409221 -0.0345905 -0.0266488 -0.0174781 -0.00752589 0.00276019 0.0129099 0.0224715 0.030987 0.0380522 0.0433161 0.0465534 0.0476406 0.0465941 0.0435086 0.0385933 0.0321127 0.0244267 0.0159038 0.00695208 -0.00206118 -0.0107464 -0.0187761 -0.0258527 -0.031806 -0.0365146 -0.0399367 -0.0420443 -0.0429097 -0.0426711 -0.0415243 -0.0396406 -0.0371871 -0.0343578 -0.0313554 -0.0283459 -0.0254155 -0.02265 -0.0201219 -0.0178898 -0.015934 -0.0142378 -0.0127905 -0.0115852 -0.0105749 -0.00971761 -0.0089976 -0.0083983 -0.00788982 -0.00744597 -0.00706366 -0.00673207 -0.0064399 -0.00617502 -0.00594 -0.00572562 -0.00553483 -0.00535679 -0.00519207 -0.00504256 -0.00490458 -0.00477598 -0.00464749 -0.0045415 -0.00443374 -0.00432883 -0.00423751 -0.00415155 -0.00407056 -0.00398536 -0.00392478 -0.00385443 -0.00378785 -0.00374157 -0.00367251 -0.00361893 -0.00357655 -0.00353183 -0.00347325 -0.00341875 -0.00339943 -0.00335582 -0.00332116 -0.00329246 -0.00324202 -0.00323296 -0.0032096 -0.00317262 -0.00315553 -0.00311601 -0.00309619 -0.00308279 -0.00306053 -0.00305854 -0.00303752 -0.0030176 -0.00301004 -0.00298898 -0.00298184 -0.00297764 -0.00296576 -0.00296209 -0.00295677 -0.00294994 -0.00294759 
0 5.20941e-05 6.55286e-05 0.000113632 0.000151908 0.0001613 0.000212096 0.000257755 0.000282679 0.0003376 0.000379841 0.000398031 0.000438151 0.000482788 0.000517396 0.000561664 0.000612569 0.00065438 0.00069033 0.000742278 0.000795468 0.000833053 0.000880211 0.000931223 0.000985513 0.00103722 0.00108255 0.00116303 0.00122361 0.00126557 0.00135181 0.001416 0.00147638 0.00155619 0.00162948 0.00170897 0.00178661 0.00189104 0.0019777 0.00206937 0.00219804 0.00229747 0.0024169 0.00254698 0.00268637 0.00282486 0.00296884 0.00315461 0.00331834 0.00351238 0.00372683 0.00396323 0.00422003 0.0044962 0.00483707 0.00519445 0.00562107 0.00610393 0.00668383 0.00736405 0.00816489 0.00913622 0.0102779 0.0116625 0.013273 0.0151701 0.0173334 0.0197988 0.0225166 0.0254275 0.0284581 0.0314974 0.0344273 0.0370216 0.0391258 0.0405271 0.0411007 0.0406208 0.0389711 0.0360375 0.0318516 0.0264339 0.0198807 0.0123263 0.00401344 -0.00474187 -0.0136015 -0.0221969 -0.0301794 -0.0371456 -0.0427512 -0.0466419 -0.0486005 -0.0484307 -0.0461052 -0.0416347 -0.0352325 -0.0271545 -0.0178328 -0.00767539 0.00280184 0.0131584 0.0228729 0.0315239 0.0386537 0.0439695 0.0472118 0.0483226 0.0472793 0.0442336 0.0393568 0.0329703 0.0253908 0.0170112 0.0081661 -0.000778628 -0.00948974 -0.0176269 -0.0249178 -0.03118 -0.0362883 -0.0401814 -0.04279 -0.0441702 -0.0443977 -0.0436702 -0.0421025 -0.039898 -0.0371999 -0.034248 -0.0311773 -0.0281365 -0.0252093 -0.022487 -0.0200326 -0.0178456 -0.0159538 -0.0143084 -0.0129305 -0.0117501 -0.0107789 -0.00995108 -0.00925399 -0.00866724 -0.00816576 -0.00774555 -0.00735115 -0.00703143 -0.00673754 -0.00647754 -0.00622897 -0.0060142 -0.00583078 -0.00562833 -0.00546727 -0.00531378 -0.00517383 -0.00502964 -0.0049089 -0.00481064 -0.00468211 -0.00459269 -0.00450449 -0.00440977 -0.00432662 -0.0042491 -0.00417949 -0.00409085 -0.00403932 -0.00398007 -0.00389671 -0.00385935 -0.00381331 -0.0037575 -0.00371305 -0.00367127 -0.00363788 -0.00359066 -0.0035504 -0.003522 -0.00348719 -0.00345139 -0.00341643 -0.00340261 -0.00338372 -0.00334811 -0.00334277 -0.00332087 -0.00327634 -0.00328008 -0.00326729 -0.00323105 -0.00324481 -0.00322978 -0.00319706 -0.00321737 -0.00320034 -0.00317857 -0.00320317 -0.00318009 
0 3.15109e-05 8.12568e-05 0.000114263 0.000151134 0.000201394 0.000234152 0.00026917 0.000314178 0.00035089 0.000389952 0.000437349 0.000484411 0.000521807 0.000561664 0.000615401 0.000654481 0.000694084 0.000757907 0.000795665 0.000831277 0.000911383 0.000968038 0.000999974 0.00105885 0.00112587 0.00119258 0.00124667 0.00130003 0.00137558 0.00145182 0.0015256 0.00159092 0.00167866 0.00177483 0.00184421 0.00194672 0.00204838 0.0021391 0.0022498 0.0023669 0.00249093 0.00260276 0.00275588 0.00290722 0.00304707 0.00322853 0.00341465 0.00361473 0.00381302 0.00406491 0.00432903 0.00459746 0.00492487 0.00528998 0.00571259 0.00616625 0.00673583 0.0073979 0.00817248 0.00909282 0.010198 0.0115324 0.0130737 0.0149015 0.0169963 0.0194023 0.0220502 0.0249369 0.0279718 0.0310671 0.0340926 0.0368793 0.0392691 0.0410424 0.0420696 0.042146 0.0411745 0.0389887 0.0355977 0.030979 0.0252489 0.0184633 0.0108125 0.00249883 -0.00615485 -0.014846 -0.0232416 -0.0310172 -0.0378189 -0.0432817 -0.0470887 -0.0489705 -0.0487785 -0.0464211 -0.0419586 -0.0355222 -0.0274215 -0.0180119 -0.00777906 0.00281978 0.0132519 0.0230531 0.0317202 0.0388706 0.0441553 0.0474019 0.048503 0.0475089 0.0445208 0.0397708 0.0335392 0.0261765 0.0180223 0.00939906 0.00062371 -0.00800086 -0.0161487 -0.0235847 -0.0300911 -0.0355759 -0.0398973 -0.0430358 -0.0449364 -0.0457181 -0.0454423 -0.0442958 -0.0423875 -0.0399357 -0.0370887 -0.0340389 -0.0309274 -0.0278817 -0.0250039 -0.0223273 -0.0199354 -0.0178133 -0.0159957 -0.0144013 -0.0130632 -0.0119353 -0.0109965 -0.0101871 -0.00949539 -0.00893895 -0.00844076 -0.00801067 -0.00762177 -0.00731396 -0.00701493 -0.00673684 -0.00650798 -0.0062951 -0.0060969 -0.00589742 -0.00575044 -0.00559073 -0.00543355 -0.00530811 -0.00518239 -0.00506254 -0.00494129 -0.00485293 -0.00474813 -0.00464629 -0.00457874 -0.00449178 -0.00441116 -0.00434167 -0.00428406 -0.00422367 -0.00415086 -0.00409501 -0.00404532 -0.00400696 -0.00395147 -0.00388141 -0.00386029 -0.00383617 -0.00377845 -0.00374472 -0.00372255 -0.00368679 -0.00365564 -0.0036346 -0.00360864 -0.00357473 -0.0035568 -0.00354539 -0.00351752 -0.00350439 -0.0034989 -0.0034728 -0.00346386 -0.00346136 -0.003438 -0.00343491 -0.00343515 -0.0034178 -0.0034234 
0 3.62747e-05 8.3478e-05 0.000120277 0.000164442 0.000213145 0.000252549 0.00029651 0.00033744 0.000375618 0.000419007 0.000465819 0.000515241 0.000564059 0.000612569 0.000654481 0.000701736 0.000754306 0.000800773 0.000863192 0.00091908 0.000959768 0.00101561 0.00108411 0.00115942 0.00121135 0.00126326 0.00134039 0.00141263 0.00148919 0.0015542 0.0016327 0.00172432 0.00180489 0.00190317 0.00198788 0.00209504 0.00220519 0.00230326 0.00243204 0.00254996 0.00268645 0.00281758 0.00297358 0.00314069 0.00329152 0.00349431 0.00368933 0.00390739 0.00413295 0.00440323 0.00469906 0.00499297 0.00536871 0.00577566 0.00625299 0.00677272 0.00742396 0.00818996 0.00906852 0.0101304 0.0113914 0.0129149 0.0146411 0.0166765 0.0189891 0.0216033 0.0244265 0.0274356 0.0305576 0.0336531 0.0365901 0.0391618 0.0412605 0.0426463 0.0432172 0.0427611 0.0412427 0.0385336 0.0346812 0.0296823 0.0236688 0.0167316 0.00905437 0.000848457 -0.00761469 -0.0160371 -0.0241496 -0.0316299 -0.0381868 -0.0434386 -0.0471083 -0.048889 -0.0486628 -0.0462964 -0.0418735 -0.0354727 -0.0274194 -0.0180231 -0.00780329 0.00280625 0.0132237 0.0230059 0.0316129 0.0387052 0.043918 0.0471337 0.0482263 0.047292 0.0444049 0.0398386 0.0338372 0.0267729 0.0189247 0.0106164 0.00209887 -0.00633063 -0.0144091 -0.0219006 -0.0286085 -0.0344062 -0.0391441 -0.0427824 -0.0452413 -0.0465985 -0.0468509 -0.0461752 -0.0446515 -0.0425146 -0.0398579 -0.0368988 -0.0337692 -0.030655 -0.0276393 -0.0247798 -0.022171 -0.0198321 -0.0178105 -0.0160084 -0.0144877 -0.0131889 -0.0121213 -0.0111861 -0.010396 -0.00975208 -0.00918793 -0.00870514 -0.00826154 -0.00791818 -0.0075807 -0.00728275 -0.0070191 -0.00678405 -0.0065702 -0.00634989 -0.00618548 -0.00600521 -0.00584662 -0.0056991 -0.00556154 -0.00543888 -0.00530468 -0.00520749 -0.00509515 -0.00499565 -0.00490603 -0.00481441 -0.00474544 -0.00465753 -0.0045838 -0.00451727 -0.00445818 -0.00440233 -0.0043248 -0.00427131 -0.00423141 -0.00419065 -0.00413798 -0.00408063 -0.00405368 -0.00402096 -0.00398243 -0.00395355 -0.00391475 -0.00387992 -0.00385594 -0.00383399 -0.00381236 -0.00379517 -0.00377292 -0.00374837 -0.00373794 -0.0037191 -0.00370464 -0.00370373 -0.00368363 -0.00367656 -0.00367677 -0.00365887 -0.00366385 
0 5.1059e-05 8.97654e-05 0.000135519 0.000182141 0.000215348 0.000261468 0.000313598 0.000359097 0.000413042 0.000461977 0.000507495 0.00054425 0.00058707 0.00065438 0.000694084 0.000754306 0.000830324 0.000849494 0.000917656 0.000992518 0.00102485 0.00110632 0.00116006 0.00121523 0.00129708 0.00135576 0.00144668 0.00151468 0.0015909 0.0016798 0.00175085 0.00186169 0.00193206 0.00202909 0.00214761 0.0022347 0.00236489 0.00247396 0.00261146 0.00274542 0.00287977 0.00305174 0.00319389 0.00338268 0.00355834 0.00376193 0.00398551 0.0042049 0.00448082 0.00475261 0.00508442 0.00542372 0.00583327 0.0063053 0.00682207 0.00744985 0.00817085 0.00906014 0.0100596 0.0112784 0.012722 0.0144195 0.0163711 0.0185946 0.0211447 0.0239205 0.0269108 0.0299939 0.0331534 0.0361817 0.038944 0.0412438 0.0429566 0.0439133 0.0439405 0.0429426 0.0408296 0.0376327 0.0333174 0.0280041 0.0217412 0.0147385 0.00710428 -0.000895995 -0.00908624 -0.0171587 -0.0249091 -0.0320256 -0.0382561 -0.0432467 -0.0467187 -0.0483895 -0.0481055 -0.0457655 -0.0413964 -0.0351099 -0.0271558 -0.0178856 -0.00775195 0.00274352 0.0130712 0.0227174 0.031207 0.0381545 0.0432743 0.0464144 0.0475147 0.0466375 0.0439049 0.0395629 0.0338715 0.0271681 0.0197058 0.0117866 0.00361077 -0.00452875 -0.0124578 -0.0199117 -0.0267701 -0.0328041 -0.037941 -0.0420271 -0.0450707 -0.046994 -0.0478501 -0.0476774 -0.0466345 -0.0448639 -0.0424945 -0.0396973 -0.036623 -0.0334959 -0.0303692 -0.0273811 -0.024554 -0.0220278 -0.0197645 -0.017777 -0.0160449 -0.0145715 -0.0133455 -0.0122709 -0.011387 -0.0106184 -0.00999706 -0.00943188 -0.00895472 -0.00854562 -0.00817077 -0.00785707 -0.00754402 -0.00729712 -0.0070428 -0.00682767 -0.00662404 -0.00642639 -0.00627299 -0.00609186 -0.00595734 -0.00581309 -0.00568778 -0.00556982 -0.00544327 -0.00536394 -0.00523935 -0.00514956 -0.00506958 -0.00497227 -0.00490545 -0.00481333 -0.00475476 -0.00468829 -0.00462601 -0.00458233 -0.00450232 -0.00447356 -0.00442156 -0.00435577 -0.0043456 -0.00428109 -0.00422806 -0.0042129 -0.00417464 -0.00414949 -0.00412197 -0.00409622 -0.00406538 -0.00403223 -0.00402814 -0.00400254 -0.00397778 -0.00397648 -0.00394901 -0.00393387 -0.00393816 -0.0039235 -0.00391525 -0.00391682 -0.00390382 
