0 0 0 0 0 0 0 0 0 0 0 0 0 0 0 0 0 0 0 0 0 0 0 0 0 0 0 0 0 0 0 0 0 0 0 0 0 0 0 0 0 0 0 0 0 0 0 0 0 0 0 0 0 0 0 0 0 0 0 0 0 0 0 0 0 0 0 0 0 0 0 0 0 0 0 0 0 0 0 0 0 0 0 0 0 0 0 0 0 0 0 0 0 0 0 0 0 0 0 0 0 0 0 0 0 0 0 0 0 0 0 0 0 0 0 0 0 0 0 0 0 0 0 0 0 0 0 0 0 0 0 0 0 0 0 0 0 0 0 0 0 0 0 0 0 0 0 0 0 0 0 0 0 0 0 0 0 0 0 0 0 0 0 0 0 0 0 0 0 0 0 0 0 0 0 0 0 0 0 0 0 0 0 0 0 0 0 0 0 0 0 0 0 0 0 0 0 0 0 0 
0 -9.54579e-06 4.37679e-05 4.90995e-05 4.14748e-05 9.68071e-05 0.000113664 8.81523e-05 0.000112346 0.000151372 0.000169524 0.000189864 0.000203051 0.000215869 0.000249357 0.000274427 0.00028172 0.000315823 0.000363389 0.000386846 0.000418739 0.000463783 0.000504525 0.000550113 0.000599778 0.000682189 0.000768521 0.000843829 0.000984194 0.00113185 0.00127866 0.00149401 0.00173395 0.00202778 0.00235004 0.00270789 0.00315393 0.00357192 0.00399945 0.00442185 0.00477479 0.00506174 0.00515662 0.0051187 0.00489273 0.00441524 0.00372799 0.00277119 0.00168396 0.000432383 -0.000920036 -0.00228191 -0.00362373 -0.00476979 -0.00577614 -0.00652859 -0.00705788 -0.00732505 -0.00729735 -0.00707826 -0.00662547 -0.00610524 -0.00545532 -0.00479286 -0.00409546 -0.00341361 -0.00280504 -0.00223471 -0.00180153 -0.00139423 -0.00111864 -0.000847408 -0.000673026 -0.000504116 -0.00039341 -0.000305631 -0.000236253 -0.000207888 -0.000161337 -0.000168826 -0.000131813 -0.000156319 -0.000122879 -0.000152715 -0.000122041 -0.00015097 -0.000124148 -0.00014915 -0.000127213 -0.000147087 -0.000130384 -0.000145015 -0.00013324 -0.000143167 -0.000135562 -0.000141694 -0.000137248 -0.000140682 -0.000138264 -0.000140169 -0.000138602 -0.000140169 -0.000138264 -0.000140682 -0.000137248 -0.000141694 -0.000135562 -0.000143166 -0.00013324 -0.000145014 -0.00013038 -0.000147074 -0.000127177 -0.000149059 -0.000123919 -0.000150416 -0.000120759 -0.000149863 -0.000116788 -0.000143849 -0.000107356 -0.000122911 -7.88715e-05 -6.6238e-05 -3.52688e-06 6.04097e-05 0.000158737 0.000297124 0.000450592 0.000684217 0.000923736 0.00128493 0.00166686 0.00219595 0.00276279 0.00343976 0.00413791 0.00484689 0.00555109 0.00616783 0.00674566 0.00712696 0.00735911 0.00729285 0.00697967 0.00639959 0.00555821 0.0045288 0.00325085 0.00189105 0.000449551 -0.000922683 -0.0021957 -0.00335765 -0.00428594 -0.00501947 -0.00546191 -0.00571141 -0.00577849 -0.00563727 -0.00538467 -0.00500242 -0.00461063 -0.00418414 -0.00371725 -0.00331273 -0.0029237 -0.00258809 -0.00227737 -0.00199862 -0.00180937 -0.00161509 -0.00145039 -0.001345 -0.00124192 -0.00115848 -0.00108208 -0.00102515 -0.000982443 -0.000916251 -0.000879853 -0.000865685 -0.000822385 -0.000793216 -0.000788261 -0.00076721 -0.00074346 -0.000725157 -0.000693438 -0.000687058 -0.000708223 -0.000677816 -0.000641945 -0.000670656 -0.000666197 -0.000625656 -0.000642871 -0.000647052 -0.000616664 -0.000635424 
0 4.37679e-05 6.33299e-05 8.60634e-05 0.000129325 0.000149459 0.00016819 0.000233048 0.000277906 0.000286065 0.000315882 0.000358073 0.000410005 0.000454425 0.000481152 0.000549583 0.000606254 0.000631506 0.000712914 0.000772739 0.000816232 0.000931884 0.00101915 0.00110356 0.00124328 0.00137568 0.00153904 0.00172254 0.00195382 0.0022673 0.00258265 0.0029958 0.00351968 0.00408222 0.00474417 0.00547881 0.00630646 0.0071675 0.00798349 0.00880473 0.0095085 0.0100159 0.010246 0.0101306 0.00967177 0.00873354 0.00732781 0.00548354 0.00327658 0.000814823 -0.00186878 -0.00458256 -0.00719315 -0.00951905 -0.0114665 -0.0129975 -0.0140223 -0.0145465 -0.0145218 -0.014053 -0.0132164 -0.0121316 -0.010891 -0.00953958 -0.00817616 -0.00682663 -0.00560103 -0.00450456 -0.00359291 -0.00283573 -0.00222657 -0.00173983 -0.00134414 -0.00104446 -0.000799523 -0.000634066 -0.000498767 -0.000423285 -0.00035828 -0.000331671 -0.000303806 -0.000297037 -0.000286047 -0.00028427 -0.000280831 -0.000278533 -0.000279074 -0.000274975 -0.000278097 -0.000272333 -0.000277289 -0.000270316 -0.000276572 -0.000268827 -0.000275971 -0.000267791 -0.000275519 -0.000267142 -0.000275239 -0.000266832 -0.000275144 -0.000266832 -0.000275239 -0.000267142 -0.000275519 -0.000267791 -0.000275971 -0.000268826 -0.00027657 -0.000270313 -0.000277278 -0.000272303 -0.000278015 -0.000274766 -0.000278557 -0.000277299 -0.000278004 -0.000278047 -0.000272895 -0.000270375 -0.000252006 -0.000235278 -0.000186566 -0.000130522 -2.09109e-05 0.000113358 0.000322911 0.000579016 0.000927636 0.00135299 0.00189454 0.00256619 0.00339211 0.00440278 0.00556869 0.00689312 0.0082779 0.00970194 0.0110598 0.012325 0.0134003 0.0141896 0.0145877 0.0144711 0.0138436 0.0126718 0.01104 0.00894883 0.00648157 0.00376604 0.000950469 -0.00175899 -0.00430735 -0.00655925 -0.00844829 -0.0098749 -0.0108026 -0.0113299 -0.0114489 -0.0112373 -0.0107194 -0.0100071 -0.00922693 -0.00835072 -0.00747313 -0.00662756 -0.00586611 -0.0052022 -0.00456567 -0.00405808 -0.00364205 -0.00326134 -0.00295888 -0.00269451 -0.00249966 -0.00232294 -0.00214781 -0.0020596 -0.00195582 -0.0018463 -0.00179929 -0.00172317 -0.00165305 -0.00161373 -0.0015564 -0.00151349 -0.00147281 -0.00145025 -0.00144869 -0.00139158 -0.00134997 -0.0013654 -0.00133793 -0.00130373 -0.00130741 -0.00129267 -0.00127863 -0.00127963 -0.00127029 -0.00126376 
0 4.90995e-05 8.60634e-05 0.000136753 0.000195314 0.000233028 0.000274232 0.000336002 0.000387116 0.000433152 0.000493995 0.000552833 0.000612684 0.000677225 0.00073753 0.000814074 0.000895641 0.000968468 0.00106691 0.001169 0.0012639 0.00139647 0.00153381 0.00167532 0.00186856 0.00208129 0.00232747 0.00263324 0.00299125 0.00343815 0.00395497 0.00457078 0.00533513 0.0061916 0.00717403 0.00828939 0.00949059 0.010757 0.011986 0.013155 0.0141676 0.0148603 0.0151693 0.0149664 0.0142066 0.0127971 0.0106842 0.00796922 0.00470128 0.00104894 -0.00287758 -0.0068748 -0.0106791 -0.0141238 -0.0169966 -0.0192575 -0.0207828 -0.0215461 -0.0215597 -0.0208791 -0.0196958 -0.0180959 -0.0162755 -0.0142815 -0.0122575 -0.0102801 -0.0084407 -0.00683058 -0.00543658 -0.00431516 -0.00337185 -0.00264534 -0.00203704 -0.0015822 -0.00121577 -0.000951552 -0.000761148 -0.000623828 -0.000546872 -0.000479952 -0.000462852 -0.00042696 -0.000435177 -0.000410573 -0.000426841 -0.000406591 -0.000423695 -0.000406352 -0.000421589 -0.000407174 -0.000419677 -0.000408235 -0.000417941 -0.000409237 -0.000416488 -0.000410048 -0.000415405 -0.000410608 -0.000414739 -0.000410892 -0.000414515 -0.000410892 -0.000414739 -0.000410608 -0.000415405 -0.000410048 -0.000416488 -0.000409236 -0.000417938 -0.000408228 -0.000419656 -0.000407117 -0.000421437 -0.000405969 -0.000422762 -0.000404405 -0.000421912 -0.000399892 -0.000412951 -0.000382571 -0.000377832 -0.000323866 -0.000272304 -0.000161058 -1.34709e-05 0.00020779 0.000513157 0.000905616 0.00143228 0.0020681 0.0029004 0.00389543 0.00515899 0.00664236 0.00839656 0.0103313 0.0123928 0.0144869 0.0164953 0.0183638 0.0199154 0.0210701 0.021605 0.021444 0.0204982 0.0187803 0.0163611 0.0132617 0.00965201 0.00565132 0.00154098 -0.00247982 -0.00623973 -0.00956329 -0.0123639 -0.0144768 -0.0159212 -0.0167221 -0.016937 -0.0166633 -0.0159433 -0.014959 -0.0137996 -0.0125377 -0.0112672 -0.0100209 -0.00889518 -0.00787206 -0.00694669 -0.00617322 -0.00550662 -0.00494874 -0.00448229 -0.00408693 -0.00378265 -0.00351127 -0.0032791 -0.00310759 -0.00294126 -0.0028002 -0.00269192 -0.0025828 -0.00249479 -0.00242027 -0.00234755 -0.00229042 -0.00222955 -0.00217685 -0.0021441 -0.00209624 -0.00205239 -0.00203628 -0.00200919 -0.00197329 -0.00195809 -0.00194614 -0.00192567 -0.00191044 -0.00190359 -0.00189979 
0 4.14748e-05 0.000129325 0.000195314 0.000231806 0.000319312 0.000405107 0.000430584 0.000492388 0.000593615 0.000669323 0.000747914 0.000815674 0.000894262 0.00101339 0.001088 0.00117819 0.00132556 0.00142322 0.0015589 0.00173541 0.00186205 0.00206023 0.0022873 0.00250802 0.00282234 0.00315824 0.00357417 0.00409041 0.00465437 0.00539378 0.00624198 0.00721747 0.00840078 0.00969477 0.0111675 0.0127376 0.014343 0.0159748 0.0174294 0.0186722 0.0195209 0.0198288 0.0195241 0.0184104 0.0165075 0.0137291 0.0101489 0.00590477 0.00109783 -0.0039758 -0.00915046 -0.0140806 -0.01854 -0.0223252 -0.025243 -0.0272631 -0.0282543 -0.0283201 -0.0274954 -0.025981 -0.0239495 -0.0215501 -0.0189815 -0.0163129 -0.0137503 -0.0113292 -0.00920263 -0.00735855 -0.00583339 -0.00458874 -0.00357583 -0.00278685 -0.0021414 -0.00167387 -0.00129228 -0.00104827 -0.00084907 -0.000743388 -0.000653632 -0.000616843 -0.000582542 -0.00057115 -0.000561876 -0.000555576 -0.000557675 -0.000549631 -0.000557645 -0.000546659 -0.000558218 -0.00054482 -0.000558605 -0.000543605 -0.000558745 -0.000542816 -0.000558729 -0.000542333 -0.000558656 -0.000542076 -0.0005586 -0.000541995 -0.0005586 -0.000542076 -0.000558656 -0.000542333 -0.000558729 -0.000542816 -0.000558744 -0.0005436 -0.000558591 -0.000544782 -0.000558115 -0.000546395 -0.00055699 -0.000548067 -0.000554082 -0.000547631 -0.000544987 -0.000536655 -0.000514896 -0.000489538 -0.000423811 -0.00034545 -0.000188036 5.99069e-06 0.000324454 0.000715711 0.00127419 0.00195477 0.00284784 0.00394249 0.00531143 0.00698241 0.00896187 0.0112681 0.0137887 0.0164988 0.0192037 0.0218534 0.0242398 0.0262492 0.0276753 0.028324 0.0280889 0.026826 0.0246103 0.0214105 0.0174005 0.0127021 0.00754862 0.00224335 -0.0030114 -0.00788392 -0.0122519 -0.0158856 -0.018701 -0.020683 -0.0217855 -0.022171 -0.0218586 -0.0210372 -0.0198343 -0.0183338 -0.0167504 -0.015092 -0.0134989 -0.0120077 -0.0106161 -0.00943886 -0.00836942 -0.00745916 -0.00671909 -0.0060612 -0.00555295 -0.00510182 -0.00472649 -0.00445478 -0.00416287 -0.00394811 -0.00378309 -0.00358807 -0.00346874 -0.00335438 -0.00322565 -0.00315213 -0.00306633 -0.0029914 -0.0029227 -0.00282888 -0.00280721 -0.00278829 -0.0026974 -0.00266548 -0.00266811 -0.00261548 -0.0025834 -0.00258295 -0.0025588 -0.00253612 -0.00253895 
0 9.68071e-05 0.000149459 0.000233028 0.000319312 0.000377209 0.000470694 0.000573731 0.000656168 0.000744264 0.000823009 0.00091512 0.00103609 0.00114629 0.00125651 0.00137754 0.00151388 0.00166377 0.00179474 0.00196308 0.00217635 0.00236762 0.00261063 0.00291407 0.00322038 0.00359287 0.00404621 0.00458401 0.00522074 0.00597045 0.00690997 0.00800024 0.0092398 0.0107048 0.0123457 0.0141373 0.0160282 0.0179674 0.0198894 0.0215976 0.0229824 0.0239015 0.0241796 0.0236709 0.022209 0.0197784 0.0163536 0.0119765 0.00678499 0.000956991 -0.00519418 -0.0114061 -0.0173557 -0.0227536 -0.0273484 -0.0309112 -0.0333561 -0.0346067 -0.0347313 -0.0338182 -0.0320418 -0.0296131 -0.0267206 -0.0235897 -0.0203611 -0.017224 -0.014278 -0.0116417 -0.00935592 -0.00743362 -0.00586132 -0.00458068 -0.00357241 -0.00276518 -0.00215722 -0.00168564 -0.00135448 -0.00111138 -0.000954901 -0.000848483 -0.000784306 -0.000746219 -0.000721059 -0.00071165 -0.000699252 -0.000700443 -0.00069101 -0.00069597 -0.000686891 -0.00069326 -0.000684234 -0.000691141 -0.000682349 -0.000689424 -0.000681022 -0.000688114 -0.000680145 -0.000687229 -0.000679648 -0.000686785 -0.000679486 -0.000686785 -0.000679648 -0.000687229 -0.000680145 -0.000688113 -0.000681021 -0.000689421 -0.00068234 -0.000691116 -0.000684166 -0.000693083 -0.000686445 -0.000694888 -0.00068848 -0.000694751 -0.000686927 -0.000685989 -0.000669712 -0.00064753 -0.000602178 -0.00052582 -0.000406058 -0.000214538 5.49371e-05 0.000448543 0.000964978 0.00166319 0.00254217 0.00367328 0.00507092 0.00680687 0.00889966 0.0113696 0.0141922 0.0172861 0.0205671 0.0238687 0.0270654 0.029938 0.0323102 0.033947 0.0346596 0.0343011 0.0327573 0.0300346 0.0261506 0.0212823 0.0156217 0.00944888 0.00305805 -0.00327087 -0.00919861 -0.0144946 -0.0189368 -0.0224413 -0.0249572 -0.0264527 -0.0270299 -0.0267935 -0.0259362 -0.0245779 -0.0228461 -0.0209457 -0.0189793 -0.0170529 -0.0152036 -0.0135004 -0.0120211 -0.0106957 -0.0095415 -0.00857564 -0.0077614 -0.00707963 -0.00648177 -0.00600748 -0.00562692 -0.00526495 -0.00498838 -0.00476907 -0.00454908 -0.00436782 -0.0042153 -0.00408044 -0.0039494 -0.00382553 -0.00374912 -0.00367368 -0.00358886 -0.00352894 -0.00345376 -0.00339749 -0.00337571 -0.00331393 -0.00326885 -0.00326575 -0.00322437 -0.00320282 -0.00321439 -0.00317442 
0 0.000113664 0.00016819 0.000274232 0.000405107 0.000470694 0.000559829 0.000689646 0.000782125 0.00088818 0.00101615 0.0011194 0.00125333 0.00139423 0.00150509 0.00166763 0.00184409 0.0019961 0.00219807 0.0024116 0.00263588 0.00290957 0.00319129 0.0035466 0.00396342 0.00440645 0.00499699 0.00568007 0.00645154 0.00742478 0.00855032 0.00987495 0.0113995 0.0131172 0.0150934 0.0171776 0.019361 0.0216074 0.0237303 0.0256331 0.02708 0.0279729 0.0281423 0.0273318 0.0254956 0.0225134 0.0184543 0.013343 0.00727853 0.000575814 -0.0065304 -0.0136281 -0.0204624 -0.0266883 -0.0319825 -0.0361513 -0.0389773 -0.0405144 -0.0407289 -0.039791 -0.0378348 -0.035072 -0.0317784 -0.0281299 -0.0244185 -0.0207365 -0.0173101 -0.0141762 -0.0114503 -0.00913051 -0.00720319 -0.00565654 -0.00439474 -0.00343451 -0.00265567 -0.00210417 -0.00166278 -0.00138171 -0.00116153 -0.00103878 -0.000945681 -0.000898619 -0.000868167 -0.000848363 -0.000845504 -0.000831352 -0.000840443 -0.000825019 -0.000839752 -0.000822012 -0.000839686 -0.000820254 -0.000839481 -0.000819148 -0.000839127 -0.000818463 -0.000838754 -0.00081807 -0.000838479 -0.000817893 -0.000838379 -0.000817893 -0.000838479 -0.00081807 -0.000838754 -0.000818462 -0.000839125 -0.000819142 -0.000839465 -0.000820209 -0.000839569 -0.000821713 -0.000839017 -0.000823272 -0.000836448 -0.000822554 -0.000826859 -0.000810365 -0.000793732 -0.000758523 -0.000692382 -0.000598816 -0.000427091 -0.000202325 0.000161889 0.000621837 0.00128879 0.00211345 0.00321978 0.00457798 0.00630426 0.00839818 0.0109159 0.0138572 0.0171588 0.0207919 0.0245709 0.0284254 0.0320777 0.0353805 0.0380262 0.0398143 0.0405424 0.0400262 0.0382231 0.0350123 0.030539 0.0248988 0.0184072 0.0113479 0.00400021 -0.00324845 -0.0101338 -0.0162546 -0.021467 -0.0256332 -0.0286723 -0.0306137 -0.0314318 -0.0313695 -0.030548 -0.0291187 -0.0272721 -0.0251235 -0.0229265 -0.0207059 -0.0185387 -0.0165585 -0.0147435 -0.0131612 -0.0117536 -0.0105346 -0.00955518 -0.00868013 -0.00795295 -0.00737416 -0.00685726 -0.00644289 -0.00607879 -0.00576784 -0.00552842 -0.00527964 -0.00508512 -0.00494234 -0.00477006 -0.00464065 -0.00453611 -0.00441166 -0.00433353 -0.00425162 -0.0041499 -0.00411308 -0.00406791 -0.00397941 -0.00395469 -0.00394404 -0.00387581 -0.00384861 -0.00386171 -0.00382805 
0 8.81523e-05 0.000233048 0.000336002 0.000430584 0.000573731 0.000689646 0.000791618 0.000915034 0.00104136 0.00119874 0.00134589 0.00146102 0.00162565 0.00180683 0.00197023 0.00216338 0.00236905 0.00260226 0.00286591 0.00313241 0.00345778 0.00382905 0.00423851 0.00474334 0.0053245 0.00601661 0.00684759 0.00781297 0.00897609 0.0103314 0.0118972 0.013699 0.0157121 0.0179452 0.0203132 0.0227547 0.0251982 0.0274739 0.0294365 0.0308834 0.0316645 0.0315982 0.0304694 0.0281892 0.0246872 0.0200089 0.0142018 0.00740644 -8.32896e-05 -0.00795928 -0.015834 -0.0234068 -0.0303175 -0.0362345 -0.0408974 -0.0441221 -0.0459112 -0.0462737 -0.0453523 -0.0432784 -0.0402851 -0.0366366 -0.0325894 -0.0284175 -0.0242846 -0.0203888 -0.0168046 -0.0136473 -0.0109254 -0.00865786 -0.00680643 -0.00531806 -0.00415424 -0.00323812 -0.00255787 -0.00203508 -0.00167734 -0.00141015 -0.00124824 -0.00112869 -0.00106761 -0.00102071 -0.00100141 -0.00098535 -0.000978974 -0.000975127 -0.000970716 -0.000972166 -0.000966663 -0.000970992 -0.000964027 -0.000970232 -0.000962126 -0.000969625 -0.000960779 -0.000969159 -0.000959915 -0.000968863 -0.000959494 -0.000968762 -0.000959494 -0.000968863 -0.000959915 -0.000969159 -0.000960778 -0.000969621 -0.000962116 -0.000970203 -0.000963951 -0.000970794 -0.00096617 -0.000970978 -0.000967954 -0.000968943 -0.000965645 -0.000957705 -0.000946275 -0.000914986 -0.00087279 -0.00078367 -0.000660871 -0.000448135 -0.000159532 0.000276238 0.000848376 0.00163589 0.00264208 0.00394965 0.00558818 0.00762826 0.0101095 0.0130442 0.0164377 0.0202087 0.0243067 0.0285642 0.0328534 0.036917 0.0405207 0.0433738 0.045228 0.0459003 0.0452144 0.0431031 0.0394844 0.034462 0.0282029 0.0210096 0.013206 0.00509396 -0.00294908 -0.0105944 -0.0174732 -0.0233783 -0.0281714 -0.0317631 -0.034148 -0.0353423 -0.0355226 -0.034837 -0.0334526 -0.0315522 -0.0292957 -0.0268889 -0.0244242 -0.0220107 -0.0197393 -0.0176424 -0.0157772 -0.0141188 -0.0126811 -0.0114603 -0.0104098 -0.0095407 -0.00879784 -0.00817101 -0.00766284 -0.00721008 -0.00683282 -0.00651894 -0.0062417 -0.00601159 -0.00579151 -0.00561543 -0.00548043 -0.00531717 -0.0051797 -0.00507776 -0.00497799 -0.00490884 -0.00481871 -0.00472617 -0.00470372 -0.00465128 -0.00457158 -0.00456773 -0.0045408 -0.00447854 -0.00449728 
0 0.000112346 0.000277906 0.000387116 0.000492388 0.000656168 0.000782125 0.000915034 0.00109414 0.00122035 0.00135036 0.00153834 0.00170539 0.00188499 0.002097 0.00229181 0.00251269 0.00276481 0.00302655 0.00332523 0.00365589 0.00404948 0.0045072 0.00499776 0.00560361 0.00632867 0.00713712 0.00812349 0.00930264 0.0106662 0.0122604 0.0140834 0.0161629 0.0184598 0.0209156 0.0235284 0.0261708 0.028724 0.0310585 0.0329777 0.0343341 0.0349008 0.0345033 0.0330011 0.0302463 0.0262379 0.0209642 0.014534 0.00712944 -0.00100621 -0.0094881 -0.0180018 -0.0261556 -0.0336141 -0.0400374 -0.045117 -0.0487246 -0.0507624 -0.051319 -0.0504559 -0.0483462 -0.0452085 -0.0412972 -0.0369448 -0.0323744 -0.0278613 -0.0235242 -0.019533 -0.0159482 -0.0128378 -0.0102195 -0.00805388 -0.00632885 -0.00494184 -0.00388703 -0.00305497 -0.00245624 -0.00199794 -0.00169215 -0.00146948 -0.00133236 -0.00124075 -0.00118493 -0.00115573 -0.00113103 -0.0011278 -0.00111177 -0.00111868 -0.00110376 -0.00111482 -0.00109941 -0.00111235 -0.00109657 -0.00111043 -0.00109463 -0.00110894 -0.00109337 -0.00110791 -0.00109266 -0.00110739 -0.00109243 -0.00110739 -0.00109266 -0.00110791 -0.00109337 -0.00110893 -0.00109462 -0.00111041 -0.00109652 -0.00111222 -0.00109908 -0.00111402 -0.00110188 -0.00111439 -0.00110237 -0.00110797 -0.00109077 -0.00107713 -0.00103739 -0.000974533 -0.000870491 -0.000698622 -0.000453106 -7.67234e-05 0.000424302 0.00113385 0.00204139 0.0032534 0.00477092 0.00670763 0.00907404 0.0119405 0.0152941 0.0191072 0.0233283 0.0278279 0.0325116 0.0371406 0.0415236 0.0453244 0.0482884 0.0501417 0.05069 0.0498108 0.0473711 0.0433917 0.037905 0.031158 0.0234181 0.0150186 0.00632102 -0.00235185 -0.01059 -0.0181121 -0.0246413 -0.0300176 -0.0341624 -0.0370154 -0.038668 -0.0391874 -0.038736 -0.0375031 -0.0356501 -0.0333915 -0.0308505 -0.0282018 -0.0255937 -0.0230682 -0.0207151 -0.0185703 -0.0166661 -0.0150049 -0.0135278 -0.0122826 -0.0112433 -0.0103265 -0.00956703 -0.00894238 -0.00840793 -0.00795685 -0.00756263 -0.00724444 -0.00696571 -0.00669192 -0.00648464 -0.00629692 -0.00610784 -0.00599157 -0.0058672 -0.00571572 -0.00563429 -0.00555103 -0.0054462 -0.00539783 -0.00533284 -0.00525419 -0.00524786 -0.00522482 -0.00516463 -0.00516083 
0 0.000151372 0.000286065 0.000433152 0.000593615 0.000744264 0.00088818 0.00104136 0.00122035 0.00140112 0.00155789 0.00174795 0.00196808 0.00215306 0.00236778 0.00263124 0.00287619 0.00316566 0.00350168 0.00383025 0.00423308 0.00470461 0.00521052 0.00582125 0.00654556 0.00739789 0.0083927 0.00955101 0.0109497 0.0125492 0.0143574 0.0164526 0.0187828 0.0213101 0.0239912 0.0267722 0.0295594 0.0321539 0.0344336 0.0362448 0.0373762 0.0376325 0.0368246 0.0348605 0.0316342 0.027094 0.0212853 0.0143208 0.00642114 -0.00217236 -0.011127 -0.0200858 -0.0286778 -0.0365328 -0.0433322 -0.0487831 -0.0527188 -0.0550519 -0.0558125 -0.0550843 -0.053014 -0.0498216 -0.0457705 -0.041179 -0.03632 -0.0314513 -0.026744 -0.0223512 -0.0183681 -0.0148696 -0.0118876 -0.00941034 -0.0074083 -0.00581056 -0.00456946 -0.0036067 -0.00288895 -0.00235161 -0.00197458 -0.00170649 -0.00153323 -0.00141739 -0.001349 -0.00130647 -0.00128257 -0.00126986 -0.00126103 -0.00125898 -0.00125389 -0.00125556 -0.00125083 -0.00125402 -0.00124896 -0.00125299 -0.00124762 -0.00125219 -0.00124668 -0.00125163 -0.00124611 -0.00125135 -0.00124592 -0.00125135 -0.00124611 -0.00125163 -0.00124668 -0.00125219 -0.00124761 -0.00125295 -0.00124888 -0.00125381 -0.0012503 -0.00125429 -0.00125096 -0.00125244 -0.00124699 -0.00124086 -0.00122492 -0.00119627 -0.00114644 -0.00105933 -0.000924405 -0.000709796 -0.000401462 4.71731e-05 0.000654541 0.00148096 0.00255572 0.00395555 0.00572658 0.00794912 0.0106624 0.013902 0.0176537 0.0218707 0.0264775 0.0313526 0.0363558 0.0412653 0.045834 0.0497462 0.0527221 0.0545001 0.0548945 0.0537672 0.0510343 0.0467064 0.0408736 0.0337568 0.0256183 0.0167993 0.00765138 -0.00145219 -0.0101594 -0.0181835 -0.0252505 -0.0311767 -0.0358272 -0.0391962 -0.0413279 -0.0422743 -0.0421678 -0.0411691 -0.0395065 -0.0373299 -0.0347754 -0.0320447 -0.0292727 -0.0265689 -0.0239698 -0.0215538 -0.0194083 -0.0174764 -0.0157702 -0.0143103 -0.0130635 -0.0120079 -0.0110871 -0.0103262 -0.00970181 -0.00913015 -0.00866475 -0.00828149 -0.00792198 -0.00763959 -0.00739394 -0.00715305 -0.0069632 -0.00679715 -0.00663943 -0.00649741 -0.00636986 -0.00628249 -0.00619505 -0.00608981 -0.00603926 -0.00600015 -0.00591336 -0.00587103 -0.0058741 -0.00583404 
0 0.000169524 0.000315882 0.000493995 0.000669323 0.000823009 0.00101615 0.00119874 0.00135036 0.00155789 0.00178476 0.00198476 0.00220348 0.00243572 0.00269422 0.00298262 0.00326648 0.00359897 0.00397963 0.00438045 0.00485979 0.00539809 0.0060076 0.00674689 0.00759321 0.00859476 0.00977333 0.0111345 0.0127514 0.0145835 0.0166514 0.0190026 0.0215617 0.0243032 0.0271552 0.0300457 0.0328682 0.0354033 0.0375413 0.0391197 0.0399263 0.0397804 0.0385039 0.0360513 0.0323291 0.0272892 0.0210038 0.0136028 0.00533507 -0.00358435 -0.0128498 -0.0221021 -0.0309753 -0.0390862 -0.0461535 -0.0518929 -0.0561274 -0.0587468 -0.0597378 -0.059191 -0.0572284 -0.0540786 -0.0499833 -0.045258 -0.0401888 -0.0350356 -0.0300087 -0.0252532 -0.0209042 -0.0170292 -0.0136955 -0.0108947 -0.00861176 -0.00678268 -0.00534599 -0.00423555 -0.00338802 -0.00276084 -0.00229985 -0.00198099 -0.00175752 -0.00161695 -0.00152211 -0.0014695 -0.00143367 -0.00141685 -0.001404 -0.00139894 -0.00139412 -0.00139198 -0.00139008 -0.00138829 -0.00138777 -0.00138583 -0.00138618 -0.00138409 -0.00138507 -0.00138296 -0.00138442 -0.0013824 -0.0013842 -0.0013824 -0.00138442 -0.00138296 -0.00138507 -0.00138408 -0.00138616 -0.00138577 -0.00138763 -0.00138795 -0.00138924 -0.00138999 -0.00138963 -0.00138913 -0.00138339 -0.00137513 -0.00135245 -0.00131741 -0.0012482 -0.00114244 -0.00096627 -0.00070958 -0.000327796 0.000198941 0.000923448 0.00188126 0.00313567 0.00474666 0.00678311 0.00931389 0.0123746 0.0159915 0.0201221 0.0247217 0.0296763 0.0348731 0.0401275 0.0452184 0.0498719 0.0537798 0.0566757 0.0582977 0.0584814 0.0570763 0.0540426 0.0494123 0.0433091 0.0359493 0.0275632 0.0184935 0.00908045 -0.00028916 -0.0092968 -0.0176867 -0.0251811 -0.0315883 -0.0367404 -0.0406331 -0.0432948 -0.0447398 -0.0450808 -0.0444447 -0.0430585 -0.041069 -0.0386025 -0.0358738 -0.0330132 -0.0301603 -0.0273798 -0.0247375 -0.0223429 -0.0201629 -0.018221 -0.0165347 -0.0150594 -0.0138141 -0.0127392 -0.0118182 -0.0110608 -0.0103957 -0.00984201 -0.0093797 -0.0089585 -0.0086175 -0.00832261 -0.00805801 -0.00783682 -0.00761047 -0.00743026 -0.00731072 -0.00715854 -0.00701646 -0.00693019 -0.00683842 -0.00675312 -0.00669511 -0.00663179 -0.00657979 -0.00655258 -0.00652821 
0 0.000189864 0.000358073 0.000552833 0.000747914 0.00091512 0.0011194 0.00134589 0.00153834 0.00174795 0.00198476 0.00220513 0.00245981 0.00275998 0.00303899 0.0033384 0.00370287 0.00407502 0.00448409 0.00498575 0.00553341 0.00615614 0.00691022 0.00776887 0.00876613 0.00993896 0.0113037 0.0129041 0.0147239 0.0167989 0.0191494 0.02171 0.0244835 0.0273966 0.0303576 0.0332959 0.0360286 0.0384282 0.0403276 0.0415481 0.0419445 0.0412961 0.0395224 0.0365467 0.0323088 0.026823 0.020119 0.012412 0.00388913 -0.00521672 -0.0146231 -0.0240229 -0.0330011 -0.0412583 -0.0484788 -0.05444 -0.0589416 -0.0618295 -0.0630967 -0.0627622 -0.061001 -0.0579712 -0.0539402 -0.0491785 -0.0439757 -0.0386186 -0.0333051 -0.0282455 -0.0235381 -0.0193207 -0.0156262 -0.0125053 -0.00992518 -0.0078465 -0.00620497 -0.00492041 -0.0039458 -0.00320059 -0.00266608 -0.00226946 -0.00200898 -0.00182089 -0.00171239 -0.00163323 -0.00159562 -0.00156493 -0.00155411 -0.00154231 -0.00153918 -0.00153451 -0.00153256 -0.00153104 -0.00152862 -0.00152894 -0.0015259 -0.00152751 -0.00152405 -0.00152657 -0.00152296 -0.00152611 -0.00152261 -0.00152611 -0.00152296 -0.00152657 -0.00152405 -0.00152749 -0.00152587 -0.00152886 -0.0015284 -0.00153049 -0.00153124 -0.00153146 -0.00153242 -0.00152784 -0.00152431 -0.00150586 -0.00148293 -0.00142645 -0.00134736 -0.00120075 -0.000994173 -0.000667645 -0.000222237 0.000413115 0.0012502 0.00237001 0.00380986 0.00565736 0.00797322 0.0108186 0.0142357 0.0182044 0.022708 0.0276353 0.0329111 0.0383495 0.0437889 0.0489567 0.0535887 0.057396 0.060106 0.0615192 0.0614226 0.0597401 0.0564062 0.0515278 0.0452384 0.0377333 0.0292615 0.0200847 0.0105963 0.00110651 -0.00805799 -0.0166665 -0.0244889 -0.0312749 -0.0369192 -0.0413274 -0.0445321 -0.0465378 -0.0473898 -0.0472482 -0.0462269 -0.0445207 -0.0422692 -0.0396269 -0.036783 -0.0338303 -0.0309192 -0.0281201 -0.025471 -0.0230631 -0.0208876 -0.0189537 -0.0172572 -0.0157769 -0.0145326 -0.013454 -0.0125217 -0.0117679 -0.011112 -0.0105358 -0.010072 -0.00966069 -0.00928394 -0.00897902 -0.00872491 -0.00849017 -0.00828145 -0.00810478 -0.00794922 -0.00780903 -0.00769175 -0.00758703 -0.00747853 -0.00739933 -0.00736566 -0.00732008 -0.00725937 -0.00723403 
0 0.000203051 0.000410005 0.000612684 0.000815674 0.00103609 0.00125333 0.00146102 0.00170539 0.00196808 0.00220348 0.00245981 0.00276484 0.00306944 0.0033759 0.00373978 0.00415738 0.00458864 0.00507368 0.00565249 0.00628857 0.00701508 0.00789019 0.00890074 0.0100665 0.0114325 0.0130333 0.0148619 0.016908 0.0192378 0.021818 0.0245743 0.0275045 0.030528 0.0335487 0.0364212 0.0389961 0.0411674 0.0427201 0.0435034 0.0433707 0.0421753 0.03986 0.036328 0.031599 0.0256905 0.0186832 0.0107733 0.00211786 -0.00702323 -0.0164344 -0.0257941 -0.0347531 -0.0430273 -0.0503145 -0.0564382 -0.0611501 -0.0643208 -0.0658675 -0.0658184 -0.064318 -0.0615012 -0.0576316 -0.0529168 -0.0476808 -0.0421686 -0.036643 -0.0312998 -0.0262798 -0.021727 -0.0176849 -0.0142406 -0.011346 -0.00901215 -0.00713395 -0.00567687 -0.00454284 -0.00368827 -0.00305261 -0.00258859 -0.00227008 -0.00204288 -0.00190772 -0.00180687 -0.00176259 -0.00171863 -0.0017118 -0.00168941 -0.00169511 -0.00168007 -0.00168883 -0.00167658 -0.00168547 -0.00167478 -0.00168311 -0.00167363 -0.00168142 -0.0016729 -0.00168038 -0.00167254 -0.00168003 -0.00167254 -0.00168038 -0.0016729 -0.00168141 -0.00167361 -0.00168306 -0.00167464 -0.00168511 -0.00167571 -0.0016868 -0.00167547 -0.00168509 -0.00166842 -0.00166941 -0.00163625 -0.00160855 -0.00152975 -0.00142793 -0.00124301 -0.000984612 -0.000593648 -5.58717e-05 0.000682083 0.00166607 0.00294586 0.00460702 0.00669434 0.00931407 0.0124742 0.0162422 0.0205506 0.0253856 0.0306157 0.0361388 0.0417708 0.0472903 0.0524548 0.0569545 0.0605681 0.0630136 0.0641372 0.0637381 0.0617472 0.058162 0.053075 0.0466834 0.0391337 0.0306904 0.0215803 0.0121503 0.00270486 -0.00650091 -0.015201 -0.0232193 -0.030314 -0.0363736 -0.0412978 -0.045032 -0.0476137 -0.0490526 -0.0494676 -0.048938 -0.0476095 -0.0456802 -0.043261 -0.0405128 -0.0375657 -0.0345745 -0.0316495 -0.0288054 -0.0261537 -0.0237521 -0.0215805 -0.0196454 -0.017951 -0.0165061 -0.0152507 -0.0141537 -0.0132474 -0.0124713 -0.0117841 -0.0112207 -0.0107546 -0.0103316 -0.00995822 -0.00966222 -0.00940597 -0.00915048 -0.00893394 -0.00876516 -0.00860811 -0.00846569 -0.00835015 -0.00825878 -0.00817346 -0.00808293 -0.00802104 -0.00799072 -0.00795768 
0 0.000215869 0.000454425 0.000677225 0.000894262 0.00114629 0.00139423 0.00162565 0.00188499 0.00215306 0.00243572 0.00275998 0.00306944 0.0033868 0.00377921 0.00419627 0.00463536 0.0051449 0.00571765 0.00637693 0.00713147 0.007988 0.00900717 0.0101872 0.0115339 0.0131169 0.0149406 0.0169908 0.0192943 0.0218582 0.0246447 0.0275807 0.0306145 0.0336938 0.036667 0.0393703 0.0417014 0.0435135 0.0446283 0.0448798 0.0441532 0.0423935 0.0395025 0.035444 0.0302519 0.0239886 0.0167839 0.00875309 9.49727e-05 -0.00898098 -0.0182529 -0.0274318 -0.0362599 -0.0444296 -0.0517221 -0.0579139 -0.0627968 -0.0662188 -0.0680531 -0.0683424 -0.0671453 -0.0646395 -0.0609936 -0.0564369 -0.0512413 -0.0456609 -0.0399895 -0.0344078 -0.0291306 -0.0242526 -0.0199028 -0.0161167 -0.0129243 -0.010302 -0.00818594 -0.00652721 -0.0052231 -0.00424339 -0.00348887 -0.00295452 -0.00255424 -0.00229497 -0.00210603 -0.00199777 -0.00191929 -0.00188055 -0.00185164 -0.00183855 -0.00182943 -0.00182325 -0.00182195 -0.00181643 -0.00181876 -0.00181245 -0.00181691 -0.00180982 -0.0018157 -0.00180815 -0.00181499 -0.00180733 -0.00181475 -0.00180733 -0.00181499 -0.00180814 -0.00181569 -0.00180978 -0.00181682 -0.00181222 -0.00181819 -0.00181508 -0.00181886 -0.00181641 -0.00181484 -0.00180854 -0.00179223 -0.00176734 -0.0017117 -0.00163144 -0.00148364 -0.00127606 -0.000944749 -0.000496441 0.000150382 0.00099647 0.00213924 0.00360061 0.00548924 0.00784921 0.0107657 0.0142676 0.0183578 0.023012 0.0281325 0.0336418 0.0393533 0.0451132 0.0506411 0.0556999 0.0599992 0.0633109 0.0654359 0.0661835 0.0654489 0.0631346 0.0593138 0.0540809 0.0476283 0.0401389 0.0318137 0.0229211 0.0136981 0.00443333 -0.00465937 -0.0133433 -0.0214143 -0.0287285 -0.0351313 -0.0405265 -0.0448073 -0.0479655 -0.0500505 -0.0510835 -0.0511309 -0.050298 -0.048761 -0.0466684 -0.0441138 -0.0412614 -0.0382792 -0.0352703 -0.0323079 -0.0294691 -0.0268399 -0.024446 -0.0222683 -0.0203404 -0.0186684 -0.0172022 -0.0159386 -0.0148617 -0.0139409 -0.0131639 -0.0124837 -0.0119066 -0.011443 -0.011019 -0.0106347 -0.0103241 -0.0100581 -0.00982949 -0.00962077 -0.00942422 -0.00927498 -0.00915024 -0.0090308 -0.00893547 -0.00884735 -0.00877642 -0.00873544 -0.00869845 
0 0.000249357 0.000481152 0.00073753 0.00101339 0.00125651 0.00150509 0.00180683 0.002097 0.00236778 0.00269422 0.00303899 0.0033759 0.00377921 0.00422307 0.00466784 0.00517817 0.00577133 0.00643555 0.00719107 0.00806494 0.00909332 0.0102709 0.0116205 0.0132012 0.0150016 0.0170391 0.01934 0.0218796 0.0246538 0.0276066 0.0306619 0.0337628 0.0367945 0.0396182 0.0420829 0.0440599 0.045425 0.0459995 0.0456467 0.0443039 0.0419277 0.0384671 0.0339013 0.0282986 0.0217776 0.014447 0.00642011 -0.00213709 -0.011023 -0.0200178 -0.0289121 -0.0374805 -0.0454801 -0.0526917 -0.0588957 -0.0639092 -0.0675501 -0.0697065 -0.070352 -0.069537 -0.0673912 -0.064052 -0.0597309 -0.0546486 -0.0490886 -0.0433137 -0.037566 -0.0320455 -0.0268908 -0.0222318 -0.0181222 -0.0146215 -0.0116993 -0.00933643 -0.00744819 -0.00597628 -0.00483925 -0.00397871 -0.00334244 -0.00287786 -0.00255828 -0.00233306 -0.00219509 -0.00209721 -0.00204862 -0.00200805 -0.00199622 -0.00197746 -0.00197813 -0.00196678 -0.0019709 -0.00196221 -0.00196699 -0.00195965 -0.00196442 -0.00195803 -0.00196276 -0.0019571 -0.00196193 -0.0019568 -0.00196193 -0.0019571 -0.00196275 -0.00195801 -0.00196436 -0.0019595 -0.00196662 -0.00196134 -0.00196885 -0.00196217 -0.00196813 -0.0019565 -0.00195396 -0.00192598 -0.00189523 -0.00182125 -0.00171715 -0.00153571 -0.00127552 -0.000884547 -0.000343692 0.000401494 0.00139344 0.00269232 0.00437118 0.00649452 0.00914951 0.0123715 0.0162077 0.0206194 0.0255766 0.0309672 0.0366826 0.0425412 0.048331 0.0537949 0.0586531 0.0626685 0.0656136 0.0673344 0.067674 0.0665506 0.0639364 0.0599005 0.0545824 0.0481413 0.0407759 0.0326841 0.024097 0.01522 0.00624838 -0.00261263 -0.0111568 -0.0191979 -0.0266121 -0.0332847 -0.0390769 -0.0438685 -0.0476167 -0.0503339 -0.0520316 -0.0527179 -0.0524749 -0.0514445 -0.0497486 -0.047513 -0.0448699 -0.0419751 -0.0389662 -0.0359297 -0.0329692 -0.0301479 -0.0275156 -0.0251264 -0.0229623 -0.0210344 -0.0193607 -0.0179048 -0.0166453 -0.0155603 -0.0146487 -0.0138763 -0.0131763 -0.0125933 -0.0121282 -0.0116903 -0.0113119 -0.0110183 -0.0107398 -0.0104926 -0.0103086 -0.0101331 -0.00995259 -0.0098147 -0.00972002 -0.00963835 -0.00957073 -0.00951408 -0.00945763 
0 0.000274427 0.000549583 0.000814074 0.001088 0.00137754 0.00166763 0.00197023 0.00229181 0.00263124 0.00298262 0.0033384 0.00373978 0.00419627 0.00466784 0.00518794 0.0057964 0.0064859 0.00725438 0.00811586 0.00914069 0.0103375 0.01167 0.0132371 0.0150609 0.0170847 0.019367 0.0219056 0.0246642 0.0276063 0.0306554 0.0337832 0.0368587 0.0397389 0.0423319 0.0444608 0.0460066 0.0468279 0.0467795 0.0457966 0.0438009 0.0408005 0.0367781 0.0317455 0.0258241 0.0191161 0.0117566 0.00383156 -0.00451644 -0.013085 -0.0217107 -0.0302109 -0.0384419 -0.0461934 -0.0532531 -0.0594247 -0.064512 -0.0683666 -0.0708397 -0.0718802 -0.0714918 -0.0697558 -0.0667959 -0.0627672 -0.0578909 -0.052411 -0.046613 -0.040744 -0.035027 -0.0296269 -0.0246736 -0.0202608 -0.0164382 -0.0132233 -0.0105826 -0.0084656 -0.00679454 -0.00550018 -0.00451115 -0.00377129 -0.00322996 -0.00284451 -0.00257975 -0.0024025 -0.00229003 -0.00221893 -0.00217773 -0.00215218 -0.0021388 -0.00212973 -0.00212545 -0.00212163 -0.00211992 -0.0021178 -0.00211682 -0.00211547 -0.00211481 -0.00211399 -0.00211362 -0.00211325 -0.00211323 -0.00211325 -0.00211362 -0.00211398 -0.00211477 -0.00211538 -0.00211659 -0.00211724 -0.00211858 -0.00211857 -0.00211868 -0.0021153 -0.00210915 -0.00209352 -0.00206595 -0.0020139 -0.00192796 -0.00178671 -0.00157029 -0.00124736 -0.000786329 -0.000146566 0.000717598 0.00185946 0.00334542 0.00524456 0.00763685 0.0105827 0.0141307 0.0182817 0.023008 0.0282344 0.0338558 0.0397285 0.0456573 0.0514108 0.0567111 0.0613048 0.0649511 0.0674779 0.0687364 0.0686257 0.0671023 0.0641839 0.0599813 0.0546143 0.0482584 0.0410835 0.0333012 0.0251111 0.0166577 0.0080975 -0.000433124 -0.00872892 -0.0166469 -0.0240786 -0.0309061 -0.0370184 -0.042256 -0.0465694 -0.0499141 -0.0522637 -0.0536433 -0.0540632 -0.0536335 -0.0524409 -0.0506127 -0.0483074 -0.0456037 -0.0426676 -0.0396344 -0.0365933 -0.0336337 -0.0307963 -0.0281904 -0.025825 -0.0236505 -0.021745 -0.0200917 -0.0186258 -0.0173535 -0.0162665 -0.0153569 -0.0145666 -0.0138656 -0.0133007 -0.0128259 -0.0123913 -0.01202 -0.0116987 -0.0114233 -0.0111943 -0.0109856 -0.0108147 -0.0106828 -0.0105519 -0.0104333 -0.0103491 -0.010291 -0.0102512 
0 0.00028172 0.000606254 0.000895641 0.00117819 0.00151388 0.00184409 0.00216338 0.00251269 0.00287619 0.00326648 0.00370287 0.00415738 0.00463536 0.00517817 0.0057964 0.00648835 0.00726833 0.00815185 0.0091787 0.0103798 0.0117345 0.0132821 0.0150836 0.0171165 0.019381 0.0218919 0.0246441 0.0275986 0.0306501 0.0337728 0.0368976 0.0398375 0.0424894 0.0447304 0.0464282 0.0474442 0.0476197 0.0469219 0.045275 0.0426378 0.0390404 0.0344884 0.0290906 0.0229244 0.0161218 0.00881134 0.00106158 -0.00696396 -0.0151455 -0.0233129 -0.0313608 -0.0391885 -0.0466109 -0.0534686 -0.0595322 -0.0646644 -0.068692 -0.0714783 -0.0729307 -0.0729905 -0.0717226 -0.0691797 -0.0655272 -0.0609199 -0.0556109 -0.0498607 -0.0439335 -0.0380771 -0.032459 -0.0272526 -0.022536 -0.0184122 -0.0148833 -0.0119644 -0.00959043 -0.00770808 -0.00623535 -0.00510125 -0.004248 -0.00361052 -0.00315864 -0.00283315 -0.00262287 -0.00247475 -0.00239206 -0.00233076 -0.00230485 -0.00227954 -0.00227456 -0.00226227 -0.00226359 -0.00225584 -0.00225862 -0.00225276 -0.00225575 -0.00225099 -0.002254 -0.00225 -0.00225314 -0.00224968 -0.00225314 -0.00224999 -0.00225398 -0.00225093 -0.00225561 -0.00225241 -0.00225776 -0.00225383 -0.00225908 -0.00225247 -0.00225406 -0.0022382 -0.00222453 -0.00218054 -0.00212154 -0.00200559 -0.00183885 -0.00156939 -0.00119064 -0.000643195 9.60277e-05 0.00109307 0.00239629 0.00408029 0.00622123 0.00888484 0.0121421 0.016 0.0204721 0.0254772 0.0309579 0.0367594 0.0427438 0.0486767 0.0543165 0.0593899 0.0636389 0.0668773 0.068922 0.0696943 0.0690969 0.0671662 0.0639553 0.0595963 0.0542312 0.0479897 0.0410791 0.0336558 0.025923 0.017967 0.00989097 0.00181663 -0.00614296 -0.0138307 -0.0211878 -0.0280774 -0.0343933 -0.0400264 -0.0448491 -0.04881 -0.0518153 -0.0538864 -0.0550363 -0.05526 -0.0546582 -0.0533286 -0.0514279 -0.0490462 -0.0462813 -0.0433378 -0.0403087 -0.0372661 -0.0343036 -0.0314952 -0.0289092 -0.0265255 -0.0243626 -0.0224703 -0.0208046 -0.0193423 -0.0180789 -0.0169904 -0.0160749 -0.0152929 -0.0145959 -0.0140028 -0.013519 -0.0130954 -0.0127245 -0.0124159 -0.0121314 -0.0118914 -0.0117238 -0.0115515 -0.0113816 -0.0112833 -0.0111914 -0.0110958 -0.0110692 
0 0.000315823 0.000631506 0.000968468 0.00132556 0.00166377 0.0019961 0.00236905 0.00276481 0.00316566 0.00359897 0.00407502 0.00458864 0.0051449 0.00577133 0.0064859 0.00726833 0.00815003 0.00919789 0.0104023 0.0117555 0.0133163 0.015114 0.0171352 0.0193932 0.021896 0.0246253 0.0275619 0.0306317 0.0337552 0.0368817 0.0398801 0.0426048 0.0449283 0.0467337 0.0479171 0.0483021 0.0478071 0.0464233 0.0440999 0.0408439 0.0366637 0.0316687 0.0259771 0.0196584 0.0128598 0.00566588 -0.00179299 -0.00942032 -0.0171259 -0.024777 -0.0323384 -0.0396953 -0.0467574 -0.0533459 -0.0592783 -0.0644241 -0.068601 -0.0717032 -0.0735535 -0.0740994 -0.073309 -0.0712375 -0.0680013 -0.0637267 -0.0586607 -0.0530148 -0.0471035 -0.0411372 -0.0353573 -0.0299071 -0.0249217 -0.0204943 -0.01666 -0.0134533 -0.0108093 -0.00870883 -0.0070353 -0.00575858 -0.00476763 -0.00404383 -0.00350172 -0.0031284 -0.00286356 -0.00269305 -0.00258117 -0.00251171 -0.00247239 -0.00244461 -0.00243491 -0.00242095 -0.00242218 -0.0024117 -0.00241705 -0.00240709 -0.0024143 -0.00240435 -0.00241265 -0.00240281 -0.00241184 -0.00240231 -0.00241184 -0.0024028 -0.00241261 -0.00240426 -0.00241408 -0.00240654 -0.00241575 -0.00240873 -0.00241563 -0.00240697 -0.00240617 -0.00238772 -0.00236389 -0.00231243 -0.00222868 -0.00209234 -0.00187658 -0.00156293 -0.00110029 -0.000472354 0.000397302 0.00152801 0.00302432 0.00491625 0.00732417 0.0102722 0.0138452 0.0180182 0.0227856 0.0280613 0.0337426 0.0396953 0.0457111 0.051589 0.0570246 0.0617986 0.065639 0.0684058 0.0699426 0.0701821 0.0691086 0.0667603 0.0632897 0.0587986 0.0534689 0.0474059 0.040799 0.0338097 0.0265575 0.0191508 0.0116125 0.0040571 -0.00346846 -0.0108697 -0.0180513 -0.0249235 -0.0313454 -0.0372621 -0.0425325 -0.0470322 -0.0506787 -0.0534259 -0.0552997 -0.0562472 -0.0563024 -0.0555784 -0.0541724 -0.0522007 -0.0497528 -0.0469821 -0.0440353 -0.0409911 -0.0379562 -0.0350077 -0.0322082 -0.0296224 -0.0272531 -0.0251008 -0.023201 -0.0215516 -0.0200986 -0.0188198 -0.0177329 -0.0168163 -0.0160157 -0.0153164 -0.0147367 -0.0142464 -0.0138081 -0.0134515 -0.0131597 -0.0128753 -0.0126277 -0.0124379 -0.0122809 -0.0121615 -0.012063 -0.0119709 -0.0119076 
