0 0 0 0 0 0 0 0 0 0 0 0 0 0 0 0 0 0 0 0 0 0 0 0 0 0 0 0 0 0 0 0 0 0 0 0 0 0 0 0 0 0 0 0 0 0 0 0 0 0 0 0 0 0 0 0 0 0 0 0 0 0 0 0 0 0 0 0 0 0 0 0 0 0 0 0 0 0 0 0 0 0 0 0 0 0 0 0 0 0 0 0 0 0 0 0 0 0 0 0 0 0 0 0 0 0 0 0 0 0 0 0 0 0 0 0 0 0 0 0 0 0 0 0 0 0 0 0 0 0 0 0 0 0 0 0 0 0 0 0 0 0 0 0 0 0 0 0 0 0 0 0 0 0 0 0 0 0 0 0 0 0 0 0 0 0 0 0 0 0 0 0 0 0 0 0 0 0 0 0 0 0 0 0 0 0 0 0 0 0 0 0 0 0 0 0 0 0 0 0 
0 1.17448e-05 -4.86687e-06 1.6128e-05 1.31181e-05 -5.6031e-06 1.71447e-05 8.89238e-06 5.01319e-06 3.13261e-05 1.89384e-05 1.76464e-05 3.0951e-05 1.8746e-05 2.37889e-05 3.35252e-05 3.16197e-05 3.18e-05 2.89562e-05 3.75326e-05 4.36699e-05 4.14649e-05 5.65522e-05 5.53511e-05 3.29063e-05 4.74016e-05 6.85376e-05 5.64449e-05 5.02086e-05 6.03956e-05 7.24504e-05 7.27665e-05 7.54497e-05 8.00922e-05 7.69908e-05 9.30835e-05 8.79116e-05 8.40292e-05 0.000100465 9.57676e-05 0.000101568 0.000105107 0.00011786 0.000117233 0.00012025 0.000142915 0.000132952 0.000146524 0.000153934 0.000163299 0.000163501 0.000169936 0.000192696 0.000181606 0.000200378 0.000208023 0.000226544 0.000225677 0.000242502 0.000269368 0.000271554 0.000294076 0.000307498 0.000347631 0.000350283 0.000383317 0.000413048 0.000455138 0.000483592 0.000523345 0.000592278 0.000653444 0.000737101 0.000820397 0.000968622 0.00111686 0.00131733 0.00153044 0.00182724 0.00214878 0.00251859 0.00289212 0.00329749 0.0036916 0.00404337 0.00430505 0.00445155 0.00447886 0.0043537 0.00408351 0.00365162 0.00313217 0.00254779 0.00198858 0.00144763 0.000995198 0.000609074 0.000355935 0.000188703 0.000133368 9.14911e-05 5.37107e-05 -8.54163e-05 -0.000309793 -0.000676999 -0.00112482 -0.00167902 -0.00226921 -0.00290838 -0.00350656 -0.00404144 -0.00442378 -0.00466118 -0.00473206 -0.00467272 -0.00447808 -0.0041746 -0.00379843 -0.00339267 -0.0030017 -0.00261073 -0.00225587 -0.00192173 -0.00166907 -0.00143766 -0.00126215 -0.00108633 -0.000979823 -0.000878114 -0.000808753 -0.000725292 -0.000677667 -0.000640103 -0.000599991 -0.000562724 -0.000527224 -0.000522366 -0.000484667 -0.000469652 -0.000442723 -0.000445246 -0.000415877 -0.000400409 -0.000394889 -0.000381535 -0.000369378 -0.000347058 -0.00035721 -0.000331829 -0.000324867 -0.000316806 -0.000313161 -0.000301021 -0.000287793 -0.000299552 -0.000278351 -0.000278761 -0.000277077 -0.000272877 -0.000265426 -0.000260562 -0.000268109 -0.000246925 -0.000249327 -0.000249342 -0.000237666 -0.000238484 -0.000228766 -0.000227165 -0.000231855 -0.000235034 -0.000218201 -0.000210211 -0.000236407 -0.000230457 -0.000206201 -0.000209943 -0.000212314 -0.000208433 -0.000208946 -0.000206433 -0.000205889 -0.000199548 -0.000199174 -0.000214104 -0.000203833 -0.000196158 -0.000206265 -0.000187635 -0.00018747 -0.000204023 -0.000191329 -0.000198412 -0.000204976 -0.000188291 -0.00019384 -0.000193107 -0.000185157 -0.000195188 -0.000191934 
0 -4.86687e-06 7.01071e-06 8.05989e-06 5.3371e-06 3.01201e-05 2.94102e-05 2.08135e-05 4.38943e-05 2.51805e-05 2.26765e-05 5.57711e-05 3.60874e-05 4.81011e-05 7.06754e-05 4.59632e-05 6.05243e-05 7.57417e-05 7.46579e-05 7.69996e-05 7.773e-05 8.7099e-05 6.81982e-05 9.24006e-05 0.000122982 9.98675e-05 0.000112138 0.00010993 0.000128931 0.000149307 0.000115543 0.000137112 0.000149154 0.000149926 0.000156932 0.000161865 0.000185218 0.000173634 0.000202055 0.000209559 0.000201766 0.000231947 0.000230063 0.000241116 0.000243224 0.000268103 0.000271557 0.000271383 0.00030905 0.00030896 0.000325996 0.000341295 0.000374452 0.000381161 0.000395171 0.000437703 0.00044988 0.000472098 0.000493038 0.000542549 0.000556619 0.000584071 0.000630415 0.000676934 0.000713286 0.000750981 0.0008302 0.000893411 0.000965143 0.00104318 0.00117497 0.00130912 0.00146446 0.00165937 0.0019296 0.00225696 0.00263311 0.00309552 0.00365998 0.00432696 0.00504074 0.00580722 0.00659476 0.00738399 0.00806608 0.00858537 0.00887037 0.00891557 0.00866519 0.00811638 0.00727176 0.00623175 0.00509075 0.00396459 0.00290957 0.00199263 0.0012483 0.000723827 0.000409494 0.000268799 0.000197722 9.07144e-05 -0.00016878 -0.000637413 -0.00134308 -0.0022507 -0.00332988 -0.00451865 -0.00576653 -0.00696387 -0.00800872 -0.00878114 -0.00925132 -0.00940575 -0.00929206 -0.00891116 -0.00832331 -0.00757778 -0.00679051 -0.00599725 -0.00524102 -0.00451425 -0.00387813 -0.00334252 -0.00290715 -0.00252647 -0.00220718 -0.00196552 -0.00178078 -0.00162407 -0.0014717 -0.00137113 -0.00128742 -0.00121782 -0.00112693 -0.00107756 -0.00103314 -0.000986487 -0.000928444 -0.00089465 -0.000875697 -0.000827075 -0.000797774 -0.000771623 -0.000763503 -0.000718223 -0.000704515 -0.00069582 -0.000672336 -0.000651976 -0.000637044 -0.000641014 -0.000601674 -0.000601241 -0.000591992 -0.000572982 -0.000558421 -0.000547525 -0.000549 -0.00051293 -0.00052406 -0.000512256 -0.000494014 -0.000502774 -0.000488515 -0.000486368 -0.00047056 -0.00048869 -0.00047266 -0.000441696 -0.000463077 -0.000448822 -0.000452108 -0.00043183 -0.000409811 -0.000443604 -0.00043588 -0.000423717 -0.000418676 -0.000420608 -0.00041849 -0.000401043 -0.000426655 -0.000406382 -0.000380595 -0.000411705 -0.000390203 -0.00039143 -0.000417663 -0.000392399 -0.000394333 -0.000394986 -0.000377348 -0.000386668 -0.000386665 -0.000387001 -0.000392769 -0.000388403 -0.000388758 -0.000383583 
0 1.6128e-05 8.05989e-06 2.32377e-05 2.44121e-05 1.87104e-05 3.6045e-05 3.37795e-05 4.16657e-05 6.02593e-05 5.59596e-05 6.54008e-05 7.15617e-05 6.92649e-05 8.23081e-05 8.69355e-05 9.3829e-05 0.000100929 0.000100691 0.000113455 0.000124024 0.000130213 0.000142119 0.000147835 0.000141306 0.000150809 0.00017567 0.000172781 0.000174219 0.000193378 0.000201464 0.000213997 0.000226115 0.000232145 0.000240397 0.000258951 0.000266048 0.000267522 0.00029172 0.000300072 0.000307293 0.00032873 0.000346773 0.000356868 0.000373292 0.000404651 0.000411476 0.000430049 0.000460179 0.000478404 0.000493285 0.000519456 0.00055665 0.00056759 0.000598113 0.000638074 0.000672034 0.000697069 0.000740606 0.00079875 0.000832834 0.000881663 0.000943976 0.00101994 0.00107286 0.0011491 0.00124929 0.00135653 0.00146159 0.0015938 0.00177969 0.00198432 0.0022264 0.00252445 0.00293213 0.00341513 0.00399616 0.0046871 0.00553978 0.00651681 0.00758984 0.00871991 0.00989208 0.0110342 0.0120332 0.0127796 0.0131947 0.0132383 0.0128531 0.0120268 0.0107814 0.0092497 0.00756899 0.0059037 0.0043414 0.00298657 0.00188576 0.00110886 0.000630218 0.000403122 0.00027004 9.05346e-05 -0.00031027 -0.00100616 -0.00204954 -0.00338787 -0.00498438 -0.00674103 -0.00858012 -0.0103414 -0.0118792 -0.0130308 -0.0137406 -0.0139928 -0.0138339 -0.0132917 -0.0124344 -0.0113603 -0.0101947 -0.00902686 -0.00789022 -0.00682374 -0.00586529 -0.00506589 -0.0043908 -0.00382475 -0.00333937 -0.00297287 -0.00267965 -0.00243932 -0.00221868 -0.00205707 -0.00193113 -0.00181452 -0.00169968 -0.00161089 -0.00155065 -0.00147374 -0.00140451 -0.00134804 -0.00131395 -0.0012544 -0.00120637 -0.00117465 -0.00114295 -0.00109835 -0.00106173 -0.00104723 -0.00100921 -0.000978081 -0.000956719 -0.000940987 -0.000907711 -0.00088737 -0.000881146 -0.000853788 -0.000837159 -0.000827799 -0.000816103 -0.000792838 -0.00078649 -0.000779511 -0.00075403 -0.000747968 -0.000739735 -0.00072363 -0.000711128 -0.000704586 -0.000693594 -0.000687665 -0.000688967 -0.000667281 -0.0006615 -0.00067299 -0.000660715 -0.000643839 -0.00063922 -0.000635963 -0.000628088 -0.00062763 -0.000621857 -0.000612694 -0.00061323 -0.000607541 -0.000611363 -0.000610307 -0.00059679 -0.000599403 -0.000588991 -0.00058199 -0.000593222 -0.000585469 -0.000587498 -0.000592211 -0.000579305 -0.000582079 -0.000578774 -0.000571128 -0.000580573 -0.000577265 
0 1.31181e-05 5.3371e-06 2.44121e-05 3.75556e-05 2.9677e-05 4.84835e-05 5.58788e-05 5.091e-05 7.44911e-05 7.79853e-05 7.61118e-05 9.90213e-05 9.88421e-05 0.000103165 0.0001226 0.000125035 0.000133699 0.000141239 0.000151837 0.000163612 0.000164278 0.000187556 0.000194747 0.000190094 0.000214225 0.000225822 0.000235819 0.000241886 0.000251615 0.000276154 0.000279103 0.000295132 0.000308587 0.000319588 0.000343622 0.000348735 0.000370232 0.000386613 0.000402164 0.000423216 0.000436734 0.000465305 0.000476895 0.000503457 0.00052906 0.000547274 0.000578106 0.00060195 0.000637131 0.000658676 0.000697735 0.000734651 0.000765214 0.000808744 0.000850452 0.000901876 0.000939577 0.00100101 0.00106023 0.00112008 0.0011855 0.00126439 0.00135584 0.00143701 0.00154517 0.0016664 0.00181166 0.00195906 0.00215017 0.00238585 0.00266832 0.00300264 0.00342151 0.00396093 0.00461286 0.0054009 0.00633866 0.00746935 0.00875488 0.0101723 0.0116609 0.0131916 0.0146556 0.0159345 0.0168802 0.0174034 0.0174234 0.0168926 0.0157877 0.0141678 0.0121733 0.00999291 0.00781185 0.00577397 0.00399754 0.00256577 0.00153725 0.00089492 0.000553431 0.000338763 5.56501e-05 -0.000490129 -0.0014158 -0.00277153 -0.00452247 -0.00660138 -0.00890025 -0.0112864 -0.013577 -0.0155713 -0.0170943 -0.0180473 -0.0184178 -0.0182341 -0.0175595 -0.0164711 -0.0151075 -0.0135982 -0.0120704 -0.0105734 -0.00917646 -0.00791358 -0.00684002 -0.00592655 -0.00516403 -0.00452295 -0.00401746 -0.00361288 -0.00327908 -0.00299743 -0.00276933 -0.00259267 -0.00242862 -0.00228884 -0.00216335 -0.00207067 -0.00197001 -0.00188327 -0.00180622 -0.00174265 -0.00167711 -0.00161107 -0.00156654 -0.00151294 -0.00146903 -0.00141956 -0.00138877 -0.0013483 -0.00130976 -0.00128333 -0.0012492 -0.00122459 -0.00119047 -0.00117409 -0.00114521 -0.00112101 -0.00110568 -0.00107901 -0.0010655 -0.00104151 -0.00103092 -0.00101127 -0.000992732 -0.000986427 -0.000964968 -0.0009593 -0.00094015 -0.00092796 -0.000926637 -0.000909122 -0.0008993 -0.000882722 -0.000884967 -0.000880744 -0.000854439 -0.000856195 -0.000851293 -0.000841706 -0.000836651 -0.00082779 -0.000829009 -0.000813285 -0.000810446 -0.000817914 -0.000797433 -0.000799233 -0.000802371 -0.000784082 -0.000790669 -0.000790693 -0.00077871 -0.000784465 -0.000779823 -0.000772139 -0.000777245 -0.000773847 -0.00077076 -0.00077459 -0.000770246 
0 -5.6031e-06 3.01201e-05 1.87104e-05 2.9677e-05 6.3157e-05 4.90646e-05 7.00707e-05 8.81778e-05 6.91122e-05 9.43818e-05 0.00010883 0.000106352 0.000132113 0.000139492 0.000143179 0.000154659 0.000167861 0.000188944 0.000188768 0.000198682 0.000218608 0.000210774 0.000229691 0.000271395 0.000271727 0.000264635 0.000290342 0.00031907 0.000327581 0.00033044 0.000349279 0.000367538 0.00038539 0.000406913 0.000413952 0.000443378 0.000468531 0.000479694 0.000509784 0.000529665 0.000556239 0.000574033 0.000604937 0.000634331 0.000649766 0.000694602 0.000718019 0.000755559 0.000788741 0.000832175 0.00087618 0.00090863 0.000972206 0.00101104 0.00107291 0.00112192 0.00119313 0.00125795 0.00132356 0.00141279 0.00148958 0.00159662 0.00168578 0.00181966 0.00194127 0.00210132 0.00226969 0.00247808 0.00272467 0.00301331 0.00338099 0.00381017 0.00437029 0.00503034 0.00587423 0.00685907 0.00806959 0.0094537 0.0110553 0.0127847 0.0146288 0.0164718 0.0182267 0.0197315 0.0208453 0.0214403 0.0214134 0.0207223 0.0193425 0.0173792 0.0149583 0.012329 0.00966394 0.00719398 0.00501602 0.003286 0.00200316 0.0011992 0.000706141 0.00038886 -3.86125e-05 -0.000732078 -0.00189466 -0.00353065 -0.00567319 -0.00818702 -0.0109938 -0.0138699 -0.0166465 -0.0190529 -0.0209332 -0.0221328 -0.0226419 -0.0224648 -0.0216904 -0.0204241 -0.01881 -0.0170088 -0.015134 -0.0133125 -0.0115835 -0.0100453 -0.00867568 -0.00753559 -0.00655082 -0.00576738 -0.00509915 -0.00458318 -0.00414094 -0.00379882 -0.0035025 -0.00326048 -0.00305809 -0.00287814 -0.00273421 -0.00258431 -0.00247952 -0.00236008 -0.00227511 -0.0021718 -0.00210189 -0.00202666 -0.00195442 -0.00189542 -0.00183296 -0.00179195 -0.00172479 -0.00169275 -0.00164513 -0.0016064 -0.00156596 -0.00153135 -0.00150572 -0.00145777 -0.00144115 -0.00140695 -0.00137797 -0.00135236 -0.00132915 -0.00130882 -0.00127585 -0.00127063 -0.00124798 -0.00122443 -0.0012144 -0.00119583 -0.00118777 -0.00117072 -0.00114591 -0.00113089 -0.00113456 -0.00112552 -0.00108363 -0.0010759 -0.00109484 -0.00107653 -0.00105813 -0.00105735 -0.00104477 -0.00103718 -0.00103233 -0.0010295 -0.00102099 -0.000997064 -0.00100367 -0.0010047 -0.000986388 -0.00100447 -0.000996286 -0.00097301 -0.000986563 -0.00097235 -0.000963259 -0.000979989 -0.000966916 -0.000967792 -0.000976346 -0.000960157 -0.00096545 
0 1.71447e-05 2.94102e-05 3.6045e-05 4.84835e-05 4.90646e-05 5.96371e-05 8.22272e-05 8.22837e-05 0.000107339 0.000129383 0.000118216 0.000142917 0.000153213 0.000148821 0.000182968 0.0001924 0.000194825 0.000213076 0.000227686 0.000244481 0.000259148 0.000289043 0.000289467 0.00028651 0.000318002 0.000331481 0.000360418 0.000363594 0.000367909 0.000420665 0.000429735 0.000443956 0.000468838 0.000490766 0.000512193 0.000525455 0.0005647 0.000569897 0.000601274 0.000641254 0.00065281 0.000693327 0.000725798 0.000766513 0.00078809 0.000837013 0.000883349 0.000904851 0.000961882 0.00100573 0.00105631 0.00109336 0.00116377 0.00122442 0.0012733 0.00135199 0.00142874 0.00151512 0.00158485 0.00169973 0.00180599 0.00191908 0.00204224 0.0021971 0.00236866 0.00254023 0.00276168 0.00301721 0.0033322 0.00367881 0.00413034 0.00467872 0.00536408 0.00618077 0.00719149 0.00841441 0.00986314 0.0115301 0.0134008 0.015453 0.0175951 0.0197335 0.0217103 0.0234044 0.0246285 0.0252618 0.0251566 0.0242909 0.0226511 0.020368 0.0175795 0.0145399 0.0114565 0.00858026 0.00605606 0.00403115 0.00252298 0.00152266 0.000871977 0.000392287 -0.000188761 -0.00107024 -0.00244456 -0.00436052 -0.00683736 -0.00975886 -0.0130011 -0.016324 -0.0195152 -0.0223 -0.0245056 -0.025958 -0.026625 -0.0264877 -0.0256655 -0.0242634 -0.0224679 -0.0204031 -0.0182421 -0.0160948 -0.0140825 -0.0122446 -0.010615 -0.00920621 -0.00802461 -0.00705577 -0.00624326 -0.00558188 -0.00503735 -0.00461798 -0.00424786 -0.00394568 -0.00368306 -0.00348552 -0.00329235 -0.00312074 -0.00297689 -0.00285676 -0.00274131 -0.00261768 -0.00253719 -0.00244724 -0.00236693 -0.00227605 -0.00222371 -0.0021563 -0.00208244 -0.00203227 -0.00198062 -0.00193257 -0.0018672 -0.00184507 -0.00179642 -0.001751 -0.00172321 -0.00169179 -0.0016608 -0.00161923 -0.00161437 -0.00157289 -0.00154547 -0.00153295 -0.00149638 -0.00147845 -0.00145488 -0.00144074 -0.00140208 -0.00139408 -0.00139926 -0.00135721 -0.00134884 -0.00133613 -0.00133254 -0.00133006 -0.00129112 -0.00128044 -0.00127631 -0.00126864 -0.00125304 -0.00124351 -0.00124325 -0.00121444 -0.00122482 -0.00123279 -0.00120242 -0.00121164 -0.00119832 -0.00117325 -0.00118677 -0.00117861 -0.00117482 -0.00118346 -0.00117293 -0.00116926 -0.00116477 -0.00115737 -0.0011575 -0.00115625 -0.00115992 
0 8.89238e-06 2.08135e-05 3.37795e-05 5.58788e-05 7.00707e-05 8.22272e-05 9.90059e-05 0.000101186 0.00011711 0.000135187 0.000138293 0.000165473 0.000181852 0.000185743 0.00021135 0.000221704 0.000233403 0.000256165 0.000268883 0.000282163 0.000294402 0.000317072 0.000334624 0.000354616 0.000381685 0.000387367 0.000415688 0.000436803 0.000445753 0.000482076 0.000492253 0.000511898 0.000546004 0.000568158 0.000593482 0.000619433 0.000660905 0.000678044 0.00071103 0.000756356 0.000772149 0.000813057 0.000852792 0.000889612 0.000920953 0.000971392 0.00102534 0.0010542 0.0011188 0.0011781 0.00123214 0.00128756 0.0013662 0.00144312 0.00149991 0.00159345 0.00168715 0.00178087 0.00186906 0.00199614 0.00212799 0.00225013 0.00240081 0.00258149 0.00278692 0.00298906 0.00325308 0.00356979 0.00394531 0.00437078 0.00491153 0.00559109 0.00641209 0.00739785 0.00859504 0.0100552 0.011753 0.0136884 0.0158299 0.0181685 0.0205846 0.0229593 0.0251185 0.0269356 0.0282274 0.0288437 0.0286398 0.0275831 0.0257051 0.0231323 0.0200327 0.0166377 0.0131984 0.00996529 0.0071373 0.00484012 0.00311271 0.00189985 0.001061 0.000379825 -0.000388283 -0.00147832 -0.00306305 -0.00523874 -0.008008 -0.0112843 -0.0148944 -0.0185993 -0.0221377 -0.0252564 -0.0277523 -0.0294595 -0.0302962 -0.0302483 -0.0294224 -0.0279548 -0.0260256 -0.0237664 -0.0213564 -0.0189338 -0.0166487 -0.0145368 -0.0126445 -0.0109792 -0.0095863 -0.00842673 -0.00745955 -0.00664763 -0.00599522 -0.00548061 -0.00504034 -0.00466488 -0.00435011 -0.00411078 -0.00387904 -0.00367263 -0.00349382 -0.00335647 -0.0032104 -0.00306909 -0.00296288 -0.00286347 -0.00276268 -0.00265794 -0.00259523 -0.00251611 -0.00243667 -0.00237218 -0.00232157 -0.00226161 -0.00219392 -0.00216291 -0.00210906 -0.00205838 -0.00201762 -0.00198389 -0.00193943 -0.00189405 -0.00187791 -0.00183143 -0.00180082 -0.00178148 -0.00174979 -0.00172367 -0.00170061 -0.00168963 -0.00165406 -0.00163761 -0.0016253 -0.00159181 -0.00158587 -0.00156205 -0.00153932 -0.00153153 -0.00151393 -0.00150544 -0.00149262 -0.00148195 -0.00146559 -0.00145651 -0.00145663 -0.0014322 -0.00142754 -0.00142213 -0.00139804 -0.00140517 -0.00140118 -0.00138834 -0.00139396 -0.00138216 -0.00137226 -0.00137048 -0.00136141 -0.00136133 -0.00136151 -0.00135972 -0.00135989 -0.00135537 -0.00135305 
0 5.01319e-06 4.38943e-05 4.16657e-05 5.091e-05 8.81778e-05 8.22837e-05 0.000101186 0.000138249 0.00012822 0.00014934 0.000179984 0.000176107 0.000203279 0.000225579 0.000230489 0.00025175 0.000268872 0.000295553 0.000306231 0.000321505 0.000358346 0.00035261 0.000376784 0.000422135 0.000426133 0.000444742 0.000463197 0.000501387 0.000529436 0.000533478 0.000573967 0.000593952 0.000627812 0.00065749 0.000672329 0.000722396 0.000742853 0.000780498 0.000815951 0.000851062 0.000897057 0.000923361 0.000985276 0.00101699 0.00106523 0.00112319 0.00116854 0.0012293 0.00127795 0.00135963 0.00140948 0.00148343 0.00156779 0.00164478 0.00173213 0.00181913 0.00194336 0.00203493 0.00215936 0.00229354 0.00244874 0.00259835 0.00277038 0.00299237 0.00321544 0.00347797 0.00377383 0.00416639 0.00459606 0.00512091 0.005759 0.00657169 0.00754186 0.00870075 0.0101079 0.0117888 0.0137457 0.0159228 0.0183368 0.0209096 0.0235683 0.0261075 0.0284071 0.0302741 0.0315847 0.0321247 0.0318008 0.0305443 0.0284519 0.025626 0.0222707 0.018586 0.0148563 0.0113286 0.00823691 0.00569548 0.00374594 0.00230842 0.00124346 0.000328282 -0.000667343 -0.00198189 -0.00378516 -0.00619614 -0.00922048 -0.0127867 -0.0166943 -0.0207044 -0.0245236 -0.0279241 -0.0306731 -0.0326273 -0.0336438 -0.0337348 -0.0329536 -0.0314936 -0.0294782 -0.0271 -0.0244815 -0.0218447 -0.0192927 -0.0169374 -0.014773 -0.0128715 -0.0112415 -0.00988639 -0.00874137 -0.00777745 -0.00700216 -0.00637195 -0.00585859 -0.00539754 -0.00504055 -0.00473168 -0.0044783 -0.00422437 -0.00402732 -0.00385424 -0.00368988 -0.0035366 -0.00339961 -0.00329722 -0.0031665 -0.00307016 -0.00297083 -0.00289408 -0.00279913 -0.00272234 -0.00266372 -0.00258275 -0.00252828 -0.00246123 -0.00241939 -0.00235387 -0.00230895 -0.00227155 -0.00221399 -0.00218605 -0.00213787 -0.00211053 -0.00206724 -0.00203708 -0.00201592 -0.00196845 -0.00195405 -0.00191894 -0.00190151 -0.00187921 -0.0018371 -0.00183184 -0.00181264 -0.00179783 -0.00176303 -0.0017406 -0.00175599 -0.00172153 -0.00170058 -0.00169721 -0.00167684 -0.00166818 -0.00165116 -0.00165152 -0.00163675 -0.00161022 -0.00162568 -0.00160786 -0.00158903 -0.00160698 -0.00158199 -0.00156937 -0.00158396 -0.00156275 -0.00156027 -0.00157008 -0.00155146 -0.00155296 -0.00155801 -0.00154324 -0.00154969 
0 3.13261e-05 2.51805e-05 6.02593e-05 7.44911e-05 6.91122e-05 0.000107339 0.00011711 0.00012822 0.00016647 0.000174378 0.000193593 0.00021318 0.000221469 0.000246753 0.000261277 0.000291237 0.000310957 0.00031193 0.000351622 0.000370258 0.00038355 0.000428414 0.000443137 0.000443889 0.000469118 0.000517178 0.000541478 0.000547101 0.000581579 0.000616318 0.000650894 0.000679338 0.000701073 0.000739624 0.000776309 0.000807002 0.000838724 0.0008818 0.000920582 0.000959203 0.00100759 0.00105349 0.0011022 0.0011528 0.00121179 0.00126456 0.00132554 0.00139021 0.00145553 0.00152795 0.00159947 0.00168526 0.0017667 0.00186299 0.00195873 0.00206924 0.00218766 0.00231011 0.00245169 0.00260101 0.00277614 0.00295042 0.0031642 0.00339872 0.00367135 0.00397221 0.00433659 0.00477791 0.00529273 0.00591663 0.00667416 0.00762464 0.00875005 0.0101115 0.0117225 0.0136448 0.0158269 0.0182647 0.0209015 0.0236996 0.0265161 0.0291896 0.0315437 0.0334234 0.0346687 0.0351016 0.0346164 0.0331764 0.0308835 0.0278544 0.0242942 0.0203928 0.0164437 0.0126859 0.00937723 0.00661062 0.00444158 0.00275542 0.00143697 0.000245473 -0.00100643 -0.00257308 -0.00459588 -0.00722871 -0.0104632 -0.0142553 -0.018381 -0.0226141 -0.0266474 -0.0302678 -0.0332385 -0.0354102 -0.0366305 -0.0368843 -0.036227 -0.0348171 -0.0328037 -0.0303451 -0.0276121 -0.0247844 -0.0220285 -0.0194182 -0.0170253 -0.0148709 -0.0130219 -0.0114386 -0.0101158 -0.00898856 -0.00807751 -0.00732415 -0.00670976 -0.00618359 -0.00575129 -0.00539282 -0.00508032 -0.00481048 -0.00456763 -0.00436885 -0.00417548 -0.0040115 -0.00385324 -0.00371991 -0.00358967 -0.00347155 -0.00336393 -0.00326006 -0.00317112 -0.00307779 -0.00299926 -0.0029199 -0.00285206 -0.00278137 -0.0027181 -0.0026639 -0.00260523 -0.00255412 -0.00250656 -0.0024637 -0.0024149 -0.00237792 -0.0023415 -0.00229775 -0.00226182 -0.00223366 -0.00220094 -0.00216117 -0.00213465 -0.00210899 -0.00209277 -0.00206681 -0.00202424 -0.00201355 -0.00201462 -0.00198941 -0.0019443 -0.00193465 -0.00193397 -0.00190085 -0.00189543 -0.00188283 -0.00185503 -0.00185115 -0.00184147 -0.00184038 -0.00182613 -0.00180708 -0.00180786 -0.00178244 -0.00177916 -0.00178866 -0.00176541 -0.00177309 -0.00177257 -0.00174848 -0.00175905 -0.00175105 -0.00173702 -0.00175324 -0.00174334 
0 1.89384e-05 2.26765e-05 5.59596e-05 7.79853e-05 9.43818e-05 0.000129383 0.000135187 0.00014934 0.000174378 0.000180251 0.000212688 0.00023603 0.000251774 0.000288321 0.000294737 0.00031457 0.000347836 0.000358734 0.000391172 0.000412908 0.000424016 0.000453839 0.000483153 0.000517225 0.00054713 0.000570492 0.000587729 0.000624223 0.000668088 0.000677946 0.0007103 0.000753404 0.00078055 0.000821681 0.000863984 0.000901018 0.000939721 0.000995046 0.00103457 0.00107261 0.00113365 0.00117956 0.00122636 0.00128506 0.00135171 0.00140433 0.0014709 0.00155408 0.00162221 0.00170148 0.00179172 0.00189123 0.00197814 0.00208636 0.0022069 0.00232388 0.00245174 0.00259482 0.00275953 0.00291933 0.00311024 0.00332042 0.00356214 0.00382387 0.00413248 0.00449565 0.00491825 0.00542507 0.00602757 0.00677034 0.00766027 0.00875385 0.0100568 0.011625 0.0134633 0.0156069 0.0180224 0.0206881 0.0235397 0.0264997 0.029431 0.0321614 0.0345218 0.0363398 0.0374677 0.0377401 0.0370792 0.0354613 0.0329982 0.0298108 0.0261025 0.0220598 0.0179628 0.0140474 0.0105602 0.00759563 0.00519544 0.00324855 0.00163633 0.000142346 -0.00140729 -0.00324027 -0.00549874 -0.00833062 -0.0117414 -0.0156859 -0.0199532 -0.0243212 -0.0284992 -0.0322786 -0.0354278 -0.0377936 -0.0392185 -0.039675 -0.0391916 -0.0379059 -0.0359493 -0.0334923 -0.0306997 -0.0277576 -0.0248215 -0.0220009 -0.0193803 -0.0170042 -0.0149202 -0.0131132 -0.0115891 -0.0102989 -0.00923718 -0.00834608 -0.00762185 -0.00701512 -0.00651362 -0.00608129 -0.00571852 -0.00541204 -0.0051363 -0.00489248 -0.0046738 -0.00449297 -0.00430988 -0.00414869 -0.00400414 -0.00387954 -0.00374817 -0.00363103 -0.00353762 -0.00343751 -0.00334216 -0.00325828 -0.00319165 -0.00310603 -0.00303547 -0.00297921 -0.00291297 -0.00284677 -0.00279526 -0.00274895 -0.00268359 -0.0026424 -0.00260416 -0.00255453 -0.0025162 -0.00248545 -0.00244877 -0.00241268 -0.00239649 -0.00235399 -0.00231632 -0.00230734 -0.00227742 -0.00224193 -0.00221407 -0.0021961 -0.00217838 -0.00216519 -0.0021463 -0.00211534 -0.00211235 -0.00209659 -0.00207688 -0.00207573 -0.00204404 -0.00202879 -0.00202489 -0.00200625 -0.00201112 -0.00200326 -0.00199009 -0.0019882 -0.00196921 -0.00196251 -0.00196102 -0.00195114 -0.00195508 -0.00195277 -0.00194589 -0.00194765 -0.0019406 
0 1.76464e-05 5.57711e-05 6.54008e-05 7.61118e-05 0.00010883 0.000118216 0.000138293 0.000179984 0.000193593 0.000212688 0.000244475 0.000253814 0.000275024 0.000307339 0.000325802 0.000348132 0.000378206 0.000406162 0.000423752 0.000454547 0.000491405 0.000504697 0.000533694 0.000565536 0.000591998 0.00062664 0.00064416 0.00069341 0.000734772 0.000747034 0.000799989 0.000838857 0.00087039 0.00091157 0.000952533 0.000997627 0.00103071 0.0010945 0.00113536 0.00117881 0.0012545 0.00129998 0.00136156 0.00142717 0.00150327 0.00156327 0.00163299 0.00173285 0.0017963 0.00188693 0.00198518 0.00209201 0.00218707 0.00230168 0.00244791 0.002566 0.00271513 0.00287635 0.00306802 0.00324475 0.00345749 0.00371214 0.00397959 0.00428376 0.00462936 0.00506825 0.00554881 0.00613571 0.00683462 0.00770801 0.00874113 0.00998503 0.0114817 0.0132579 0.015331 0.0176785 0.0203204 0.0231803 0.026217 0.0292764 0.0322662 0.0349805 0.0372875 0.0389751 0.0399314 0.0400016 0.0391533 0.0373712 0.03477 0.0314738 0.027676 0.0235688 0.0193968 0.0153946 0.011768 0.0086289 0.00598718 0.00376476 0.00182305 -9.71121e-08 -0.0018841 -0.00400033 -0.00650928 -0.00952226 -0.0130758 -0.0171027 -0.021435 -0.0258505 -0.0301024 -0.0339769 -0.037259 -0.0397889 -0.0414149 -0.0421017 -0.0418396 -0.0407436 -0.0389059 -0.0365255 -0.033736 -0.0307498 -0.0276734 -0.0246842 -0.0218478 -0.019271 -0.0169457 -0.0149153 -0.0131694 -0.0117058 -0.0104757 -0.00943355 -0.00858473 -0.0078804 -0.00730605 -0.00678833 -0.00637627 -0.00601983 -0.0057188 -0.00542702 -0.00518685 -0.0049861 -0.00478287 -0.00460125 -0.00443576 -0.00430933 -0.00415163 -0.00402572 -0.00391557 -0.00380778 -0.00369558 -0.00359573 -0.00352702 -0.003422 -0.00334742 -0.00327967 -0.00321108 -0.00313923 -0.00307933 -0.00303899 -0.00296378 -0.00292409 -0.00288049 -0.00282421 -0.00278633 -0.00274257 -0.00270408 -0.00265385 -0.00263339 -0.00259824 -0.00254565 -0.002537 -0.00250717 -0.0024764 -0.00245341 -0.0024257 -0.00241442 -0.00238235 -0.0023562 -0.00234505 -0.002324 -0.00230195 -0.00228251 -0.00227829 -0.00225948 -0.00224066 -0.00224796 -0.0022234 -0.00220278 -0.00220952 -0.00218322 -0.00217361 -0.00218646 -0.00216422 -0.00216034 -0.00216815 -0.00214411 -0.00214518 -0.00215187 -0.00213227 -0.00214179 
0 3.0951e-05 3.60874e-05 7.15617e-05 9.90213e-05 0.000106352 0.000142917 0.000165473 0.000176107 0.00021318 0.00023603 0.000253814 0.000287919 0.000309724 0.000329645 0.000357257 0.000391052 0.00041819 0.000430337 0.000470072 0.000501814 0.00051333 0.000567311 0.000600427 0.00060826 0.000644817 0.000688219 0.000735319 0.000751624 0.00078025 0.000836988 0.000871244 0.000917934 0.000947195 0.000996236 0.00105624 0.00108521 0.00114775 0.00119516 0.0012506 0.00130698 0.00136466 0.00143796 0.00148349 0.00157265 0.00164021 0.00171116 0.00180094 0.0018866 0.0019858 0.0020646 0.00219465 0.00229714 0.00241146 0.00254571 0.00268993 0.00284249 0.00298376 0.00318938 0.00337548 0.00359081 0.00381869 0.00410912 0.00441438 0.00474656 0.00516355 0.005647 0.00622706 0.00687753 0.0077163 0.00870823 0.00991503 0.0113192 0.0130255 0.0150225 0.0173162 0.0198814 0.0227089 0.0257612 0.0289065 0.0320431 0.0349949 0.0376609 0.0398152 0.0413425 0.0420488 0.0419142 0.0408493 0.0389422 0.0362202 0.0328813 0.0290433 0.0249548 0.0207717 0.016752 0.0130214 0.00972772 0.00683601 0.00432013 0.00201963 -0.000161625 -0.00240959 -0.00482924 -0.00759962 -0.0107794 -0.0144431 -0.018486 -0.0228131 -0.0271854 -0.0314465 -0.0353379 -0.0387178 -0.0413595 -0.0431976 -0.0441056 -0.0441309 -0.0432523 -0.0416325 -0.0393673 -0.0366854 -0.033688 -0.0305642 -0.0274215 -0.0244293 -0.0216454 -0.0191106 -0.0168485 -0.0148819 -0.0132324 -0.0118141 -0.0106296 -0.00962136 -0.00883156 -0.00814099 -0.00756812 -0.00706657 -0.00667551 -0.00632016 -0.00599342 -0.00572206 -0.00548135 -0.0052733 -0.00504581 -0.00488408 -0.0047149 -0.00456502 -0.00441065 -0.00429041 -0.00417798 -0.00404469 -0.00395546 -0.00385114 -0.00376768 -0.00366665 -0.0035981 -0.0035245 -0.00343758 -0.00338649 -0.00331159 -0.00325826 -0.00319366 -0.00314666 -0.00309505 -0.00303376 -0.00300935 -0.00295394 -0.00291314 -0.0028722 -0.00283792 -0.00282027 -0.00276537 -0.00273062 -0.00270927 -0.00269444 -0.00266234 -0.00260885 -0.00260702 -0.00259141 -0.00255424 -0.00254464 -0.00252403 -0.00250063 -0.00248217 -0.00247421 -0.00246547 -0.00243457 -0.00242877 -0.00242303 -0.00239386 -0.00239878 -0.00239482 -0.00236849 -0.00237657 -0.00236848 -0.00234682 -0.00235887 -0.00234878 -0.00233488 -0.00235009 -0.0023378 
0 1.8746e-05 4.81011e-05 6.92649e-05 9.88421e-05 0.000132113 0.000153213 0.000181852 0.000203279 0.000221469 0.000251774 0.000275024 0.000309724 0.000340319 0.00036264 0.000401956 0.000415424 0.000441344 0.000489858 0.000506517 0.00054226 0.000577181 0.000594759 0.000633794 0.00068036 0.0007277 0.000744935 0.000775114 0.00082856 0.00086607 0.000913305 0.000938693 0.000986089 0.00104715 0.00108469 0.00114132 0.00118803 0.0012518 0.00130581 0.00136194 0.0014335 0.00148613 0.00156525 0.00162854 0.00170915 0.00178878 0.00186795 0.00196843 0.00205414 0.00216583 0.00226415 0.00239118 0.0025114 0.00263879 0.00279048 0.00293973 0.00311223 0.00327799 0.00349474 0.0037046 0.0039432 0.00420898 0.00452304 0.00487148 0.00525256 0.00573149 0.00628366 0.00694718 0.00770804 0.0086702 0.00981466 0.0111843 0.012785 0.0146961 0.0169177 0.0194217 0.0221888 0.0251869 0.0283746 0.0315914 0.0347235 0.0375984 0.0401224 0.0420845 0.043367 0.0438129 0.0434284 0.0421766 0.0401409 0.0373622 0.0340114 0.0302193 0.0261984 0.0220913 0.0180923 0.0143122 0.0108628 0.00773222 0.00488988 0.00222019 -0.000360964 -0.00298437 -0.00574222 -0.00876719 -0.0121191 -0.0158438 -0.0198656 -0.0240999 -0.0283727 -0.0325478 -0.0364112 -0.0398122 -0.0425538 -0.0445612 -0.0457206 -0.0460317 -0.0454471 -0.044082 -0.0420295 -0.0394972 -0.0365791 -0.0334511 -0.0302289 -0.0271031 -0.0241419 -0.0214078 -0.0189223 -0.0167396 -0.0148745 -0.0132712 -0.0119118 -0.0107587 -0.00983414 -0.00904036 -0.00838108 -0.00780635 -0.00735131 -0.00694241 -0.006584 -0.00627043 -0.00599959 -0.00576087 -0.0055222 -0.00533251 -0.00514146 -0.00498173 -0.00481373 -0.00467826 -0.0045457 -0.00441707 -0.00430873 -0.00419261 -0.00410417 -0.00399789 -0.00391766 -0.00382938 -0.00375134 -0.00368023 -0.00359987 -0.00354624 -0.00347093 -0.00341822 -0.0033625 -0.00330912 -0.00325937 -0.00320608 -0.00318203 -0.00312688 -0.00308304 -0.00304755 -0.0030125 -0.00299235 -0.00293866 -0.00289957 -0.00287998 -0.00286541 -0.00283529 -0.00279419 -0.00278701 -0.00275776 -0.00273667 -0.0027358 -0.00269952 -0.00267931 -0.00266453 -0.00264327 -0.00263882 -0.00262634 -0.00261758 -0.00260665 -0.00258943 -0.00258248 -0.00257078 -0.00256325 -0.00256162 -0.00255383 -0.00255028 -0.0025475 -0.00254144 -0.00253989 
0 2.37889e-05 7.06754e-05 8.23081e-05 0.000103165 0.000139492 0.000148821 0.000185743 0.000225579 0.000246753 0.000288321 0.000307339 0.000329645 0.00036264 0.000379331 0.000430151 0.000455704 0.000478436 0.000538561 0.000543626 0.000580233 0.000640542 0.000651528 0.000695707 0.00072948 0.000759357 0.000807693 0.000847171 0.000900641 0.000931534 0.000985243 0.00103676 0.00107234 0.0011433 0.00117525 0.00122847 0.00129786 0.0013442 0.0014101 0.00147115 0.00155175 0.00161215 0.00169045 0.00178434 0.00185046 0.00194903 0.00203996 0.00214059 0.00223703 0.00234884 0.00247524 0.00258521 0.00272944 0.00286992 0.00303111 0.00319383 0.0033794 0.0035859 0.00379892 0.00404882 0.00431051 0.00462313 0.00496082 0.0053575 0.00580742 0.00634413 0.00698282 0.00772957 0.00863361 0.00971663 0.0110332 0.0125694 0.0143893 0.0165043 0.0189418 0.0216445 0.0245911 0.0277345 0.0309955 0.0342332 0.0372863 0.0400353 0.0423359 0.0440563 0.0450308 0.0452051 0.0445513 0.0431365 0.0409859 0.0382051 0.0348878 0.031216 0.0273178 0.0233544 0.0194164 0.015627 0.0120292 0.00866326 0.00547299 0.00241817 -0.000593001 -0.00360907 -0.00672885 -0.0100088 -0.0135292 -0.0172789 -0.0212409 -0.025315 -0.0294288 -0.0334368 -0.0372144 -0.0405691 -0.0433828 -0.0455228 -0.0469388 -0.0475333 -0.0472937 -0.0462272 -0.0444695 -0.0421381 -0.0393788 -0.0363024 -0.0330758 -0.0298526 -0.0267484 -0.0238297 -0.0211387 -0.0187444 -0.016647 -0.0148503 -0.0132962 -0.011999 -0.0109064 -0.0100056 -0.00923746 -0.00859647 -0.00805541 -0.00759105 -0.0071971 -0.00684068 -0.0065399 -0.00625859 -0.00602402 -0.00579391 -0.00559104 -0.00540817 -0.00523746 -0.0050803 -0.00492187 -0.00480155 -0.00466366 -0.00454359 -0.00443277 -0.00433251 -0.00423295 -0.00413062 -0.00406575 -0.00397118 -0.00389741 -0.00383402 -0.00376485 -0.00370055 -0.00363418 -0.003596 -0.00352137 -0.00347105 -0.00343207 -0.00336812 -0.00333891 -0.00328816 -0.00324663 -0.00321428 -0.00318297 -0.00315712 -0.00310981 -0.00309746 -0.00305622 -0.00301898 -0.00302556 -0.00297306 -0.00294671 -0.00294054 -0.00290491 -0.00290149 -0.00288555 -0.00286995 -0.00285585 -0.00282538 -0.00282331 -0.00280469 -0.00278931 -0.0027985 -0.00277583 -0.00276811 -0.00277228 -0.0027505 -0.00275146 -0.0027551 -0.00273806 -0.00274288 
0 3.35252e-05 4.59632e-05 8.69355e-05 0.0001226 0.000143179 0.000182968 0.00021135 0.000230489 0.000261277 0.000294737 0.000325802 0.000357257 0.000401956 0.000430151 0.000447444 0.000497677 0.000528081 0.000548072 0.000600374 0.0006321 0.000662713 0.000708356 0.000753607 0.000799368 0.00081786 0.000872105 0.000938997 0.000953053 0.00100034 0.00106186 0.00110761 0.0011611 0.00121318 0.00127597 0.00133017 0.00140253 0.00146566 0.00151773 0.00160784 0.00167265 0.00174126 0.00182863 0.00191604 0.00200041 0.0020881 0.00220888 0.00230348 0.00241318 0.00254728 0.00267599 0.00280851 0.00295299 0.00313011 0.00328798 0.00346949 0.00367799 0.00390119 0.00413537 0.0043962 0.0047103 0.00504094 0.00542352 0.00586328 0.00639171 0.00699832 0.00771903 0.00858699 0.00962597 0.010872 0.0123446 0.0140927 0.0161201 0.0184611 0.021088 0.0239849 0.0270836 0.0303312 0.0336144 0.0367981 0.0397265 0.0422689 0.0443049 0.0457016 0.0463574 0.0462199 0.0453308 0.0437424 0.0415352 0.0387701 0.0355706 0.0320538 0.0283599 0.0245644 0.0207495 0.0169551 0.0132436 0.00961975 0.00609016 0.00261133 -0.000830135 -0.00427886 -0.00775463 -0.0113146 -0.0149721 -0.0187434 -0.0225851 -0.0264737 -0.0303453 -0.034144 -0.0377417 -0.041018 -0.0438318 -0.0461014 -0.0477256 -0.0486287 -0.0487293 -0.0480359 -0.0466098 -0.0445658 -0.0420116 -0.0390738 -0.0359022 -0.0326455 -0.0294369 -0.0263582 -0.0234965 -0.0208881 -0.0185788 -0.0165542 -0.0148253 -0.0133461 -0.0121007 -0.0110507 -0.010182 -0.00945155 -0.00882097 -0.00829156 -0.00784029 -0.00745515 -0.00709174 -0.0067881 -0.00651958 -0.00627333 -0.00603555 -0.00583293 -0.00565923 -0.00547094 -0.00531114 -0.00516799 -0.0050386 -0.00489451 -0.00478043 -0.00468202 -0.00456135 -0.00446585 -0.00437685 -0.004292 -0.00419394 -0.0041239 -0.0040574 -0.00396763 -0.00391306 -0.00384973 -0.00378921 -0.00373692 -0.00368365 -0.00363291 -0.00358416 -0.00356079 -0.00349805 -0.00344333 -0.00343453 -0.00338896 -0.00334164 -0.00330881 -0.0032858 -0.00326348 -0.00321989 -0.00320545 -0.00318858 -0.00315112 -0.00313833 -0.00311985 -0.00309202 -0.00306988 -0.00305827 -0.00305005 -0.00302382 -0.00302134 -0.00301613 -0.00298253 -0.00299128 -0.00298478 -0.00295357 -0.00297262 -0.00295831 -0.00293541 -0.00296239 -0.00294283 
0 3.16197e-05 6.05243e-05 9.3829e-05 0.000125035 0.000154659 0.0001924 0.000221704 0.00025175 0.000291237 0.00031457 0.000348132 0.000391052 0.000415424 0.000455704 0.000497677 0.000523954 0.000560856 0.000602643 0.000643354 0.000678473 0.000722822 0.000762236 0.000786902 0.000847353 0.00090609 0.000939395 0.000976989 0.00102613 0.00109834 0.00114572 0.00118409 0.00124649 0.00131062 0.00137306 0.00142609 0.00150102 0.00156897 0.00163523 0.00172386 0.0017952 0.00187852 0.00196942 0.00206712 0.0021557 0.00225756 0.00238159 0.00248169 0.00260565 0.00274264 0.0028854 0.00302148 0.00318631 0.00337407 0.00354483 0.00374761 0.00397521 0.00422762 0.00447576 0.00477764 0.00512514 0.00549978 0.00592352 0.00642785 0.00703652 0.00772063 0.00854632 0.00953674 0.0107384 0.0121377 0.0137988 0.0157471 0.0180015 0.020542 0.0233529 0.0264087 0.0296274 0.0329254 0.0361635 0.0392329 0.0419636 0.0442504 0.0459486 0.0469921 0.0472877 0.0468584 0.0457312 0.0440163 0.0417691 0.0390891 0.0360458 0.0327607 0.0293014 0.0257302 0.022051 0.0182908 0.0144614 0.0105971 0.00670443 0.00280345 -0.00109995 -0.00498139 -0.00883992 -0.0126664 -0.016468 -0.0202248 -0.0239352 -0.0275848 -0.0311854 -0.034698 -0.0380714 -0.041191 -0.0439775 -0.0463192 -0.0481434 -0.0493203 -0.0497887 -0.0494844 -0.048459 -0.0467473 -0.0444749 -0.0417351 -0.0386954 -0.0354652 -0.0321992 -0.029 -0.0259821 -0.0231876 -0.0206538 -0.0184125 -0.0164734 -0.0148182 -0.0133865 -0.0121872 -0.0111848 -0.0103589 -0.00963021 -0.00902295 -0.00851415 -0.00808022 -0.00767794 -0.00732911 -0.00704243 -0.00676587 -0.00651135 -0.00628226 -0.00609597 -0.00589364 -0.00571368 -0.00556018 -0.00541253 -0.00526394 -0.00512881 -0.00502241 -0.00489397 -0.00478656 -0.0046902 -0.00459617 -0.00450129 -0.00441704 -0.00434698 -0.00426007 -0.00419818 -0.00413075 -0.00405959 -0.004004 -0.00395262 -0.00389939 -0.00382899 -0.00378874 -0.00375689 -0.00370926 -0.0036553 -0.0036068 -0.00359433 -0.00356206 -0.00351276 -0.00348428 -0.00345584 -0.00342906 -0.00340203 -0.00338295 -0.00335531 -0.0033223 -0.00331285 -0.00329233 -0.00327136 -0.00326465 -0.00324442 -0.00322743 -0.00321629 -0.00320268 -0.00319164 -0.00318299 -0.00317794 -0.00316813 -0.00316293 -0.00316095 -0.00315139 -0.00315129 
0 3.18e-05 7.57417e-05 0.000100929 0.000133699 0.000167861 0.000194825 0.000233403 0.000268872 0.000310957 0.000347836 0.000378206 0.00041819 0.000441344 0.000478436 0.000528081 0.000560856 0.000608026 0.000648714 0.000683386 0.000725778 0.00076576 0.000822543 0.000865215 0.000899272 0.000949786 0.000996005 0.00105613 0.00111772 0.00116087 0.00121312 0.00128171 0.00134537 0.00140175 0.00146481 0.00153402 0.00160641 0.00167804 0.00175788 0.00183865 0.00192428 0.00201785 0.00211038 0.00221521 0.00231448 0.00243059 0.0025503 0.00266842 0.00280497 0.00294525 0.00310139 0.00325035 0.00343427 0.00362544 0.00381961 0.00404236 0.0042886 0.004564 0.00483836 0.00518099 0.00555906 0.0059838 0.00645939 0.00703879 0.00772737 0.00850823 0.00945395 0.0105863 0.0119567 0.0135284 0.0153918 0.0175492 0.0200249 0.0227525 0.0257301 0.028911 0.0322056 0.0354911 0.0386241 0.0415095 0.0439838 0.0459514 0.0472668 0.0479202 0.0478504 0.0471366 0.0458007 0.0439892 0.0417471 0.0391992 0.0363691 0.0333624 0.0301776 0.0268559 0.023334 0.0196221 0.0156861 0.0115829 0.00732392 0.00299088 -0.00138432 -0.00570987 -0.00995687 -0.0140508 -0.0179868 -0.0217154 -0.0252735 -0.0286602 -0.0319518 -0.0351312 -0.0382195 -0.0411264 -0.0438297 -0.0462011 -0.0481833 -0.0496114 -0.050436 -0.0505419 -0.0499509 -0.04863 -0.0466972 -0.0442275 -0.0413851 -0.0382549 -0.03499 -0.0317206 -0.0285761 -0.0256204 -0.0228788 -0.0204249 -0.0182679 -0.0164214 -0.0147991 -0.0134354 -0.0122849 -0.0113404 -0.0105117 -0.00981503 -0.00923677 -0.00874012 -0.00829925 -0.00790257 -0.00758287 -0.00727481 -0.00700184 -0.00674767 -0.00653433 -0.00632397 -0.00612524 -0.00595684 -0.00578927 -0.00563967 -0.0054896 -0.0053644 -0.00523708 -0.00511876 -0.00501285 -0.00490705 -0.00481625 -0.00472148 -0.00463872 -0.00455836 -0.00448056 -0.00441074 -0.00434249 -0.00427464 -0.00420635 -0.00415547 -0.00410597 -0.00404111 -0.0039871 -0.00395204 -0.00390988 -0.00386935 -0.00382846 -0.00377974 -0.00375185 -0.00372455 -0.00369027 -0.00365527 -0.00361818 -0.00359726 -0.00357226 -0.00355276 -0.00353939 -0.00351226 -0.00349198 -0.00346846 -0.00345439 -0.00344319 -0.00342184 -0.00342318 -0.00340315 -0.00338422 -0.0033951 -0.00336973 -0.00336834 -0.0033803 -0.00334996 -0.00336076 
