0 0 0 0 0 0 0 0 0 0 0 0 0 0 0 0 0 0 0 0 0 0 0 0 0 0 0 0 0 0 0 0 0 0 0 0 0 0 0 0 0 0 0 0 0 0 0 0 0 0 0 0 0 0 0 0 0 0 0 0 0 0 0 0 0 0 0 0 0 0 0 0 0 0 0 0 0 0 0 0 0 0 0 0 0 0 0 0 0 0 0 0 0 0 0 0 0 0 0 0 0 0 0 0 0 0 0 0 0 0 0 0 0 0 0 0 0 0 0 0 0 0 0 0 0 0 0 0 0 0 0 0 0 0 0 0 0 0 0 0 0 0 0 0 0 0 0 0 0 0 0 0 0 0 0 0 0 0 0 0 0 0 0 0 0 0 0 0 0 0 0 0 0 0 0 0 0 0 0 0 0 0 0 0 0 0 0 0 0 0 0 0 0 0 0 0 0 0 0 0 
0 1.00933e-05 -5.88831e-06 6.44362e-06 1.55729e-05 1.69194e-06 1.49633e-05 2.08415e-05 6.65522e-06 2.15897e-05 2.88477e-05 1.64758e-05 2.82272e-05 2.95306e-05 1.79732e-05 2.91939e-05 3.86329e-05 4.23033e-05 4.27884e-05 4.39313e-05 4.56584e-05 3.41928e-05 4.76262e-05 6.26721e-05 5.2752e-05 4.90187e-05 5.22861e-05 8.00838e-05 7.57853e-05 5.80436e-05 8.36513e-05 7.65609e-05 7.96942e-05 8.75167e-05 8.05793e-05 9.34838e-05 9.13495e-05 0.000107565 0.000101356 0.00010976 0.00013005 0.000113864 0.00013564 0.000136214 0.000143062 0.000144313 0.000151713 0.000169954 0.00015361 0.000181648 0.000183687 0.00019438 0.000199948 0.000216669 0.000238474 0.000229796 0.000263438 0.000271247 0.000296157 0.000297179 0.000329696 0.000355552 0.00036661 0.000397616 0.000424158 0.000476684 0.00049222 0.000552639 0.00060561 0.000692228 0.000761823 0.000872767 0.00101533 0.00118839 0.00139128 0.00162375 0.00192955 0.00225583 0.00262639 0.00297677 0.00335891 0.00368439 0.00396435 0.00409489 0.00411097 0.00394524 0.00363078 0.00310916 0.00243612 0.00162408 0.000772478 -7.75001e-05 -0.000840266 -0.00147035 -0.00188954 -0.0020601 -0.00195785 -0.00161369 -0.00107968 -0.000428171 0.000272804 0.000954382 0.00154782 0.00197829 0.00218248 0.00211571 0.00178294 0.00121251 0.000474037 -0.000384361 -0.00128164 -0.00217166 -0.00295397 -0.00359842 -0.00403883 -0.00431863 -0.00440553 -0.00435995 -0.00414365 -0.00385286 -0.00348036 -0.00312434 -0.00273658 -0.00238506 -0.00204094 -0.0017733 -0.00153556 -0.00133813 -0.00116385 -0.00103041 -0.000939403 -0.000843335 -0.000774737 -0.000701937 -0.000678284 -0.000620576 -0.000589518 -0.00054697 -0.000537376 -0.000505954 -0.000474403 -0.000464744 -0.000444461 -0.000436264 -0.000400322 -0.000410891 -0.000388726 -0.000378428 -0.00036464 -0.000361313 -0.000356389 -0.000327823 -0.000341649 -0.00032067 -0.000315996 -0.000303101 -0.000302659 -0.000296583 -0.000274536 -0.000292535 -0.00027196 -0.000271077 -0.00027082 -0.000265399 -0.000266958 -0.000253139 -0.00026324 -0.00024417 -0.000249137 -0.000255599 -0.000223006 -0.000231863 -0.000240177 -0.00023814 -0.000224129 -0.000214473 -0.000235851 -0.000232433 -0.000223757 -0.000219374 -0.000214154 -0.000216345 -0.000206548 -0.000217469 -0.000220403 -0.000198445 -0.000212249 -0.000216182 -0.000198828 -0.000215664 -0.00021414 -0.000192599 -0.000206202 -0.000204125 -0.000191373 -0.000212524 -0.000208766 -0.000195997 -0.000211219 -0.000200009 
0 -5.88831e-06 2.26181e-05 8.92971e-06 8.96424e-06 3.236e-05 1.58222e-05 2.66575e-05 4.28184e-05 2.84329e-05 4.17421e-05 4.43564e-05 4.71805e-05 6.26069e-05 5.86178e-05 7.77936e-05 6.53125e-05 5.14136e-05 8.90817e-05 7.25724e-05 8.20623e-05 0.000121539 9.25942e-05 9.29539e-05 0.000116055 0.000127562 0.000126989 0.000112395 0.000129649 0.000138728 0.000152044 0.000155711 0.00014974 0.000184247 0.00018357 0.000182499 0.000203941 0.000206235 0.000210999 0.000219106 0.00023817 0.000235704 0.000246597 0.000274569 0.000274524 0.000288208 0.000312991 0.00033022 0.000335076 0.000358095 0.000387578 0.00039232 0.000409684 0.00044267 0.000464626 0.000475393 0.000506515 0.000548358 0.000570756 0.000596093 0.000647211 0.000698003 0.000735246 0.000782493 0.000860863 0.000936783 0.00100689 0.00110125 0.00123475 0.00138692 0.00154868 0.00176659 0.00205234 0.00240447 0.00280117 0.00328788 0.0038724 0.00454549 0.00525161 0.00597842 0.00670087 0.00736704 0.0078821 0.0081599 0.00815848 0.00784134 0.00718655 0.00616074 0.00481025 0.00321229 0.0015174 -0.000160441 -0.00167281 -0.00291507 -0.00374 -0.00407738 -0.00387332 -0.00320018 -0.00214185 -0.000859403 0.000533334 0.00187558 0.00305253 0.00389557 0.00430158 0.00416773 0.00351571 0.0023913 0.000931035 -0.000763962 -0.00254508 -0.00429761 -0.00585814 -0.00712661 -0.00802576 -0.00857083 -0.00877264 -0.00866383 -0.00827143 -0.00767519 -0.00697187 -0.00623303 -0.00549216 -0.004765 -0.00410788 -0.00354624 -0.00308445 -0.00267559 -0.00233479 -0.00206649 -0.00187053 -0.00169425 -0.00153855 -0.00142141 -0.00134016 -0.00125909 -0.00117249 -0.0011147 -0.00107412 -0.00102388 -0.000965822 -0.000933164 -0.00090918 -0.000865865 -0.000826287 -0.00080861 -0.000786896 -0.000748884 -0.000724487 -0.000718226 -0.000690391 -0.000664828 -0.000657704 -0.000647953 -0.000623694 -0.000610609 -0.000614876 -0.000589871 -0.000578325 -0.000576909 -0.000561851 -0.000545751 -0.000538197 -0.000537287 -0.000507618 -0.00051023 -0.000514077 -0.00048927 -0.000490068 -0.000484274 -0.000490631 -0.000485842 -0.000465804 -0.000458862 -0.000460765 -0.000479042 -0.00043985 -0.000422323 -0.000456296 -0.000431582 -0.000435546 -0.000449446 -0.000425774 -0.000426862 -0.000421367 -0.000426384 -0.000424563 -0.000407899 -0.000421761 -0.000406604 -0.000400556 -0.00042531 -0.000408628 -0.000409583 -0.000420376 -0.00039483 -0.000399531 -0.000408741 -0.000392308 -0.000406252 
0 6.44362e-06 8.92971e-06 1.76489e-05 2.66587e-05 2.92507e-05 3.69966e-05 4.61643e-05 4.65675e-05 5.55347e-05 6.77373e-05 6.61905e-05 7.54486e-05 8.36479e-05 7.95962e-05 9.49204e-05 0.000106973 0.00011198 0.00012529 0.000125564 0.000129347 0.000136997 0.000144192 0.000160941 0.000166609 0.000166995 0.000178495 0.000202788 0.000209091 0.000205728 0.000228486 0.000233629 0.000239564 0.000258882 0.000262188 0.000274972 0.000291794 0.000309558 0.00031593 0.000335562 0.000361887 0.00036276 0.0003876 0.000409474 0.000422114 0.000437279 0.0004641 0.000490137 0.000496305 0.000534076 0.00056351 0.000585682 0.000613322 0.000657258 0.000696993 0.000718526 0.000772893 0.000822703 0.000869689 0.000910155 0.000982615 0.0010544 0.00111276 0.0011923 0.00129358 0.00141139 0.00151577 0.00166745 0.00185592 0.00208656 0.0023389 0.00267256 0.00310312 0.0036261 0.00423835 0.00496823 0.00584912 0.00683701 0.00789661 0.0089685 0.0100389 0.0109975 0.0117435 0.0121323 0.0121165 0.0116223 0.01063 0.0090972 0.00709554 0.00474072 0.00223759 -0.000231981 -0.00246301 -0.00427867 -0.00548988 -0.00597458 -0.00568407 -0.00469302 -0.00314897 -0.00125474 0.000789036 0.00277248 0.00449186 0.00573236 0.00631738 0.00613018 0.00517254 0.00353262 0.00138 -0.00111277 -0.00374315 -0.00632309 -0.00863211 -0.0105189 -0.0118739 -0.0127077 -0.013026 -0.0128895 -0.012331 -0.011483 -0.0104521 -0.0093695 -0.00826314 -0.00719937 -0.00621676 -0.00538102 -0.0046706 -0.00406281 -0.0035486 -0.00314254 -0.00283295 -0.00256233 -0.00233514 -0.00214883 -0.00202088 -0.00188772 -0.00177075 -0.00167197 -0.00160588 -0.00152723 -0.00144775 -0.00139599 -0.0013486 -0.00129754 -0.00123767 -0.00121374 -0.00117508 -0.0011331 -0.00109861 -0.00107915 -0.00104931 -0.00100859 -0.000998064 -0.000971279 -0.000943421 -0.000919554 -0.000908843 -0.000884508 -0.000857766 -0.000857059 -0.000833929 -0.00081741 -0.000809288 -0.000800061 -0.000783984 -0.000771298 -0.000769328 -0.000746503 -0.000743162 -0.000737192 -0.000711098 -0.000708146 -0.000709284 -0.000699739 -0.000683078 -0.000680207 -0.000681981 -0.000675414 -0.000672704 -0.000657696 -0.000651428 -0.000650496 -0.000638749 -0.00064396 -0.000640265 -0.000626815 -0.000631453 -0.000628962 -0.000622266 -0.000626597 -0.000622309 -0.00061157 -0.000612291 -0.00061029 -0.000605023 -0.000612625 -0.00061197 -0.000608291 -0.000614073 -0.000603807 
0 1.55729e-05 8.96424e-06 2.66587e-05 3.74262e-05 3.30172e-05 5.32892e-05 6.02426e-05 5.91835e-05 7.83307e-05 8.41945e-05 8.97345e-05 0.0001032 0.000109534 0.00011896 0.000123234 0.00013825 0.000153023 0.000150148 0.00017091 0.000181642 0.000177376 0.000201521 0.000214928 0.000221019 0.000228338 0.000239062 0.000266233 0.000269743 0.00027823 0.000299662 0.000309714 0.0003296 0.000339832 0.000356414 0.000375949 0.000389039 0.000412797 0.000424776 0.00044884 0.000471162 0.000487004 0.000515957 0.000536813 0.00056458 0.000588001 0.000619461 0.000651578 0.000675856 0.000717334 0.000751086 0.000789276 0.000827962 0.000876432 0.000925647 0.000968251 0.00103121 0.0010914 0.00115727 0.00122272 0.00130906 0.00140077 0.00149079 0.00160285 0.0017327 0.00188602 0.00204484 0.00225163 0.00250354 0.00280981 0.00317046 0.00362593 0.00420355 0.00490066 0.00573398 0.00671694 0.00788042 0.00917572 0.0105661 0.0119749 0.0133548 0.0145751 0.0155033 0.0159813 0.0159189 0.0152346 0.0138857 0.0118583 0.00922849 0.00616464 0.00289856 -0.000309937 -0.00321195 -0.00555189 -0.00711443 -0.00773025 -0.00736326 -0.00608412 -0.00409544 -0.0016341 0.00101621 0.00359532 0.00581335 0.00741526 0.00816108 0.00792798 0.00669486 0.00458708 0.0017927 -0.00144149 -0.00486904 -0.00821987 -0.0112408 -0.0137211 -0.0155398 -0.0166698 -0.0171313 -0.016985 -0.0163058 -0.0152386 -0.0139233 -0.0125082 -0.0110607 -0.00966814 -0.00837837 -0.00725981 -0.00629639 -0.00548267 -0.00479597 -0.00424656 -0.00380837 -0.00344444 -0.00314194 -0.00289362 -0.00270293 -0.00252744 -0.00237834 -0.00224688 -0.00214521 -0.00204312 -0.00194878 -0.00187193 -0.0018012 -0.00173588 -0.00166648 -0.00161889 -0.00156533 -0.0015157 -0.00147028 -0.00143111 -0.00139487 -0.00135117 -0.00132502 -0.00129061 -0.00126091 -0.0012332 -0.0012072 -0.00118572 -0.00115575 -0.00114135 -0.00111724 -0.00109669 -0.00108152 -0.00105962 -0.00104904 -0.001028 -0.0010148 -0.00100061 -0.000986568 -0.000981806 -0.000956707 -0.000948415 -0.00094663 -0.000933727 -0.000921414 -0.000902817 -0.000908692 -0.000902838 -0.000879891 -0.000882884 -0.000874452 -0.000863398 -0.000861952 -0.000856411 -0.000853972 -0.000840351 -0.000839892 -0.000842444 -0.000824757 -0.000831514 -0.000831133 -0.000812318 -0.000823378 -0.000820046 -0.000807444 -0.000821586 -0.000811953 -0.00080094 -0.000816238 -0.000807225 
0 1.69194e-06 3.236e-05 2.92507e-05 3.30172e-05 6.11374e-05 5.75392e-05 6.51767e-05 9.29001e-05 9.08955e-05 9.6566e-05 0.000120424 0.000123772 0.000134289 0.000158831 0.000166308 0.000167493 0.000176123 0.000194354 0.000205803 0.000218913 0.000250396 0.000252483 0.000249252 0.000276118 0.000303099 0.000317465 0.000303639 0.00032844 0.000367892 0.000363731 0.000391697 0.000407984 0.000426015 0.000457413 0.000466818 0.000497004 0.000507317 0.000541775 0.000563066 0.00057502 0.00062367 0.000634161 0.000674207 0.000702595 0.000740932 0.000778866 0.000804807 0.000868188 0.000889946 0.000947477 0.000989815 0.00104615 0.00110004 0.00114911 0.00123284 0.00128209 0.00137299 0.00144121 0.00154782 0.00163806 0.00174983 0.00188199 0.00201532 0.00218981 0.00235946 0.00260088 0.00284592 0.00318109 0.00355357 0.00404335 0.00462469 0.005353 0.00623534 0.00728783 0.00854208 0.00996319 0.0115706 0.0132521 0.0149954 0.0166258 0.0180817 0.0191255 0.0196722 0.019516 0.0186323 0.0169047 0.0144045 0.0111763 0.00746432 0.0034961 -0.0003833 -0.00388992 -0.00669534 -0.00856125 -0.00929352 -0.00885646 -0.00733189 -0.00494432 -0.00198064 0.00122342 0.0043317 0.00699871 0.00891085 0.00980091 0.00952478 0.00805759 0.00553667 0.0021698 -0.00173528 -0.00589052 -0.00994307 -0.0136306 -0.0166707 -0.0189623 -0.0203935 -0.0210398 -0.0209042 -0.0201705 -0.0189166 -0.0173837 -0.0156473 -0.0139055 -0.012184 -0.0106211 -0.00920385 -0.00799557 -0.00696016 -0.00610301 -0.00540164 -0.00481822 -0.00436304 -0.00396762 -0.0036714 -0.00338935 -0.00318934 -0.00298776 -0.00283978 -0.0026849 -0.0025647 -0.00245782 -0.00234687 -0.00226405 -0.00216583 -0.00211046 -0.0020165 -0.00196395 -0.00189754 -0.00184475 -0.00179021 -0.00173332 -0.00170841 -0.00164381 -0.00161987 -0.00157638 -0.00154866 -0.00151224 -0.00147789 -0.00146713 -0.00141598 -0.00140593 -0.0013766 -0.00135019 -0.00132993 -0.00130068 -0.00129413 -0.00126151 -0.00125738 -0.00123279 -0.00120742 -0.00122495 -0.00119782 -0.00116908 -0.0011582 -0.00116234 -0.00115674 -0.00111708 -0.00110993 -0.00111131 -0.0011013 -0.00109644 -0.00108734 -0.00108394 -0.00106499 -0.00105682 -0.00107055 -0.00104967 -0.00103796 -0.00105038 -0.00102717 -0.00102256 -0.00104433 -0.00102368 -0.00101998 -0.00103364 -0.00100622 -0.00100979 -0.00102194 -0.000997896 -0.00101466 
0 1.49633e-05 1.58222e-05 3.69966e-05 5.32892e-05 5.75392e-05 7.88094e-05 8.81213e-05 9.5674e-05 0.00011535 0.000124103 0.000142176 0.000151436 0.000158968 0.000180964 0.000179699 0.000209868 0.000240707 0.000229222 0.000260783 0.000269899 0.000260024 0.000302552 0.000322801 0.000331056 0.000342301 0.000363562 0.000399019 0.000413694 0.000432852 0.000439997 0.000469352 0.000502692 0.000499978 0.000536212 0.000564824 0.0005829 0.000615993 0.000649033 0.00068118 0.000701616 0.000752448 0.00078103 0.000805806 0.000856773 0.000893299 0.000930167 0.00096987 0.00103337 0.00107362 0.00112193 0.00119452 0.00125649 0.00131871 0.00138878 0.00148579 0.0015608 0.00164831 0.00175605 0.00187461 0.00198805 0.0021155 0.00228217 0.00245346 0.00264558 0.00286783 0.00315525 0.00347886 0.00386624 0.00434282 0.00494592 0.0056767 0.00655734 0.00763135 0.00891984 0.0104277 0.0121236 0.0139977 0.0159804 0.0179879 0.0198616 0.0214629 0.0226068 0.0231397 0.0228858 0.0217468 0.0196623 0.0166834 0.0129233 0.0086105 0.00403293 -0.000447548 -0.00446846 -0.0076755 -0.00978876 -0.0106199 -0.0101238 -0.00839613 -0.00567126 -0.00227491 0.00140757 0.00497321 0.00802121 0.0101925 0.011202 0.0108894 0.00923269 0.00635996 0.00250883 -0.00199022 -0.00677532 -0.011468 -0.0157448 -0.019333 -0.0220667 -0.0238443 -0.0246786 -0.0246341 -0.0238662 -0.0225226 -0.0207896 -0.0188155 -0.0167781 -0.0147869 -0.0129371 -0.0112527 -0.00978011 -0.00852711 -0.00748894 -0.00661978 -0.00589667 -0.00531554 -0.00484802 -0.00446078 -0.00411941 -0.00384963 -0.00362321 -0.00342734 -0.00323498 -0.00308573 -0.00295686 -0.00283037 -0.00270796 -0.00261138 -0.00253206 -0.00243286 -0.00235531 -0.00228938 -0.00223016 -0.00215188 -0.0021 -0.00205636 -0.00199316 -0.0019438 -0.00190249 -0.00186562 -0.00180661 -0.00177962 -0.00174898 -0.0017022 -0.00167847 -0.00165198 -0.00162583 -0.0015911 -0.00158386 -0.00155566 -0.00151797 -0.00151817 -0.00149055 -0.00146509 -0.00144095 -0.00142412 -0.00141997 -0.00140083 -0.00138253 -0.00135459 -0.00136715 -0.00136797 -0.00132495 -0.00133017 -0.00131444 -0.00128841 -0.00130011 -0.00128689 -0.0012758 -0.0012683 -0.00125945 -0.00126109 -0.00125093 -0.00125279 -0.00124644 -0.00122755 -0.0012304 -0.00122347 -0.00121636 -0.00122647 -0.00122506 -0.00122172 -0.00122307 -0.00121345 
0 2.08415e-05 2.66575e-05 4.61643e-05 6.02426e-05 6.51767e-05 8.81213e-05 0.00010248 0.000112636 0.000134212 0.000145039 0.000161681 0.000178819 0.000192811 0.00021688 0.000222107 0.000239487 0.000262878 0.000262426 0.000296701 0.000321569 0.000324012 0.000357837 0.000371515 0.000385658 0.000414795 0.000429196 0.000451556 0.000471469 0.000498526 0.000521739 0.000547626 0.000584543 0.000596796 0.000634155 0.000670616 0.000685029 0.000724586 0.000758635 0.000789257 0.000820426 0.000867707 0.000909447 0.000937858 0.00100037 0.00104757 0.00108953 0.00114803 0.00121306 0.00126968 0.00132136 0.00140788 0.00147806 0.00154514 0.00163313 0.00173523 0.00183037 0.00192321 0.00205879 0.00219311 0.00232929 0.00248326 0.00268195 0.0028948 0.00311723 0.00339807 0.00374067 0.00414487 0.00460472 0.00519275 0.0059224 0.00680785 0.00785688 0.00913104 0.0106569 0.0124132 0.0143708 0.0164945 0.0187402 0.0209684 0.0230244 0.0247161 0.025894 0.0263608 0.0259581 0.0245412 0.022093 0.0186629 0.0144173 0.00957823 0.00447663 -0.000508293 -0.00495328 -0.0084828 -0.0107907 -0.0116988 -0.0111581 -0.00927244 -0.00627881 -0.00253182 0.00154173 0.00547927 0.00883281 0.0112075 0.0123095 0.0119693 0.0101662 0.0070156 0.00277181 -0.00221804 -0.00753544 -0.0127785 -0.0175796 -0.0216698 -0.0248338 -0.0269654 -0.0280276 -0.028121 -0.0273828 -0.0260051 -0.0241366 -0.0219739 -0.019687 -0.0174481 -0.0153293 -0.0133847 -0.0116511 -0.010173 -0.00893897 -0.00789522 -0.00702224 -0.0063106 -0.00575332 -0.005276 -0.00487118 -0.00453444 -0.00427413 -0.00403335 -0.00381004 -0.00362852 -0.00347754 -0.00333139 -0.00318015 -0.00307171 -0.00296741 -0.00285926 -0.00275554 -0.00268084 -0.00260524 -0.002513 -0.00245206 -0.00239297 -0.00233009 -0.00226459 -0.00222468 -0.00217924 -0.00211817 -0.00208805 -0.00204794 -0.0020042 -0.00196553 -0.00193819 -0.0019022 -0.00185814 -0.00184493 -0.0018087 -0.00177617 -0.00176138 -0.0017329 -0.00171492 -0.00169376 -0.00167683 -0.0016537 -0.00163674 -0.00162827 -0.00159538 -0.00158895 -0.00157512 -0.00154443 -0.00155126 -0.0015378 -0.001519 -0.00151731 -0.00150155 -0.00149421 -0.00148472 -0.00147648 -0.00147114 -0.001454 -0.00145335 -0.00144945 -0.00143797 -0.00144449 -0.00144051 -0.00143108 -0.00143012 -0.0014199 -0.00141396 -0.00141961 -0.00142026 
0 6.65522e-06 4.28184e-05 4.65675e-05 5.91835e-05 9.29001e-05 9.5674e-05 0.000112636 0.000139938 0.000147734 0.000167286 0.000184879 0.000203114 0.000221408 0.000235743 0.000270751 0.000276509 0.00028523 0.000329114 0.000329872 0.000350937 0.000395015 0.000398779 0.000417219 0.000440094 0.000479314 0.000507599 0.000503589 0.000546568 0.000578067 0.000599871 0.000633076 0.000651282 0.000695839 0.00072318 0.000756915 0.000794993 0.000823537 0.000876869 0.000903698 0.000950334 0.000999666 0.00103846 0.00109292 0.00113949 0.00120424 0.00124996 0.0013163 0.00138938 0.00144779 0.00152709 0.00160607 0.00169932 0.00177677 0.00188207 0.00199741 0.00210401 0.00222873 0.00236962 0.00253438 0.00268619 0.00287733 0.00309997 0.00334815 0.00361816 0.00394665 0.00435891 0.00482875 0.00539334 0.00608634 0.0069618 0.00799965 0.00924017 0.0107227 0.0124831 0.0144853 0.0166851 0.0190506 0.0215059 0.0239172 0.0260788 0.0278195 0.0289517 0.0293108 0.0286953 0.026995 0.0241742 0.0203401 0.0156536 0.0103796 0.0048424 -0.000531402 -0.00530617 -0.00906867 -0.0115214 -0.0124808 -0.0119128 -0.00991294 -0.00672652 -0.00271809 0.00164542 0.00586094 0.00943568 0.0119577 0.0131218 0.0127652 0.0108547 0.00750695 0.00296429 -0.002397 -0.00814623 -0.0138357 -0.0191 -0.0236307 -0.0272172 -0.0296964 -0.031042 -0.0313148 -0.0306906 -0.0293269 -0.0274099 -0.0251083 -0.0226431 -0.0201771 -0.0178223 -0.0156254 -0.0136466 -0.0119379 -0.0104906 -0.00926849 -0.00822846 -0.00738872 -0.00670547 -0.00614461 -0.00565402 -0.00525945 -0.00493616 -0.00465333 -0.00439574 -0.00417502 -0.00399961 -0.00381998 -0.00366256 -0.00351971 -0.00340525 -0.00327949 -0.00316651 -0.00307728 -0.00298215 -0.00289735 -0.00281018 -0.00275039 -0.00267214 -0.00260562 -0.00255204 -0.0024897 -0.00244028 -0.00238159 -0.00234619 -0.00229214 -0.00224939 -0.0022185 -0.00217023 -0.00214383 -0.00210078 -0.00207613 -0.00204819 -0.00201239 -0.001991 -0.00195343 -0.00194988 -0.00192247 -0.0018789 -0.0018719 -0.001857 -0.00184685 -0.00180843 -0.00178799 -0.00180021 -0.00176533 -0.00175403 -0.00175365 -0.00172565 -0.00171688 -0.0017072 -0.00170334 -0.00169001 -0.00167274 -0.00168142 -0.00165999 -0.00165118 -0.00166853 -0.00163917 -0.00163524 -0.00165056 -0.00162199 -0.00162903 -0.00164095 -0.00161321 -0.00162653 
0 2.15897e-05 2.84329e-05 5.55347e-05 7.83307e-05 9.08955e-05 0.00011535 0.000134212 0.000147734 0.000168168 0.000192718 0.000209666 0.000227755 0.000253967 0.000265571 0.000283309 0.000317691 0.000342479 0.000363384 0.000383409 0.000404406 0.000419056 0.00044146 0.000489802 0.000513938 0.000517124 0.000549149 0.000601287 0.000628324 0.000640877 0.000679858 0.000711094 0.000745066 0.000783222 0.000808994 0.000854056 0.000894343 0.000939332 0.000979276 0.0010266 0.00108374 0.00112103 0.00118416 0.0012354 0.00129342 0.00135527 0.00141717 0.00149491 0.00155588 0.00164664 0.00172402 0.00181897 0.00191555 0.00201725 0.00213931 0.00225142 0.00239553 0.00252803 0.00269976 0.00286784 0.00306364 0.00328206 0.00353071 0.00382287 0.004138 0.00454099 0.00499958 0.00557211 0.00623039 0.00706696 0.00807201 0.00929049 0.0107269 0.012431 0.0144207 0.0166483 0.0190873 0.0216491 0.0242866 0.0267932 0.0290204 0.0307186 0.0317668 0.0319272 0.0310775 0.0290502 0.0258928 0.0216724 0.0166263 0.0109852 0.00513288 -0.000528669 -0.00551507 -0.00943554 -0.011971 -0.0129682 -0.0123813 -0.0103192 -0.00701299 -0.00284533 0.00170297 0.00608901 0.0098017 0.0124074 0.0136109 0.0132394 0.0112703 0.00779379 0.00306651 -0.00255772 -0.00860807 -0.014658 -0.0202892 -0.0252232 -0.0291794 -0.0320303 -0.0336692 -0.034206 -0.0337345 -0.0324797 -0.0305573 -0.0282152 -0.025609 -0.0229772 -0.0203935 -0.0179765 -0.0157589 -0.0138191 -0.0121502 -0.0107259 -0.00952979 -0.00852835 -0.00772742 -0.00704239 -0.00649046 -0.00600764 -0.00563064 -0.0052865 -0.00500164 -0.00474453 -0.00452427 -0.004331 -0.00414433 -0.00399397 -0.00383651 -0.00371627 -0.00358335 -0.0034774 -0.00336949 -0.00327438 -0.00318858 -0.00309367 -0.00302748 -0.00294436 -0.00288035 -0.00280859 -0.00275237 -0.00269491 -0.00263064 -0.00259342 -0.00253724 -0.00249418 -0.00245188 -0.00241687 -0.00237962 -0.00233621 -0.00231137 -0.00227208 -0.00224879 -0.00221881 -0.00217071 -0.00215335 -0.00214695 -0.00211642 -0.00207093 -0.00206142 -0.00206216 -0.00203702 -0.00201381 -0.00199414 -0.00197766 -0.00196074 -0.00194936 -0.00194422 -0.00192414 -0.00190651 -0.00190353 -0.00189748 -0.00188462 -0.00188233 -0.00187526 -0.00185236 -0.00185463 -0.00185033 -0.0018315 -0.00184925 -0.00184406 -0.0018285 -0.00184567 -0.00182659 
0 2.88477e-05 4.17421e-05 6.77373e-05 8.41945e-05 9.6566e-05 0.000124103 0.000145039 0.000167286 0.000192718 0.000212023 0.000232255 0.000256831 0.000281468 0.000303254 0.000331124 0.000348745 0.000363932 0.000397103 0.000419773 0.00045338 0.000493078 0.000505513 0.000531309 0.000564477 0.000591966 0.0006265 0.000654415 0.00067725 0.000715193 0.000767559 0.000793306 0.000828004 0.000883332 0.000913883 0.000957009 0.00100586 0.00104799 0.0010892 0.00114452 0.00120423 0.00124308 0.00131523 0.00138192 0.00144003 0.00151375 0.00159361 0.00167617 0.00174438 0.00184907 0.00194195 0.00203511 0.00214505 0.00226546 0.00239468 0.00251495 0.00267882 0.00283865 0.00301911 0.00321147 0.00344241 0.0036985 0.0039755 0.00431337 0.00469617 0.00516456 0.00569753 0.0063643 0.00715475 0.00812751 0.009289 0.0106872 0.0123412 0.0142666 0.0164749 0.0189166 0.0215617 0.0242967 0.027043 0.029595 0.0317965 0.033406 0.0342797 0.034201 0.0330512 0.0307054 0.0272109 0.0226679 0.0173124 0.01141 0.00533871 -0.000479762 -0.00558069 -0.00956569 -0.0121409 -0.0131493 -0.0125644 -0.0104811 -0.00713951 -0.00291086 0.00170232 0.00615428 0.00991023 0.0125453 0.013755 0.0133818 0.0113866 0.00786485 0.00304828 -0.00270466 -0.00894635 -0.0152361 -0.0211647 -0.0264211 -0.0307265 -0.033922 -0.0359029 -0.0367356 -0.0365044 -0.0354041 -0.0335707 -0.0312419 -0.0285807 -0.0258147 -0.0230475 -0.0204238 -0.0179893 -0.0158206 -0.0139171 -0.0122878 -0.0109131 -0.00975648 -0.00880294 -0.00800236 -0.00736021 -0.00680459 -0.00635014 -0.00595115 -0.00563172 -0.00533758 -0.00507749 -0.00485393 -0.00465571 -0.00447647 -0.0042933 -0.00415599 -0.00401357 -0.00388317 -0.00375495 -0.00365575 -0.00355454 -0.00344379 -0.00336801 -0.00328542 -0.00320736 -0.00312769 -0.00307526 -0.00300946 -0.00293783 -0.00289694 -0.00283903 -0.00278328 -0.0027346 -0.00269515 -0.00264219 -0.00259917 -0.00257481 -0.00252165 -0.00248919 -0.00247261 -0.00243876 -0.00240379 -0.00237863 -0.00235631 -0.00233004 -0.00231254 -0.00227693 -0.0022461 -0.00224113 -0.00222015 -0.00220451 -0.00219341 -0.00216928 -0.00215619 -0.00214859 -0.00213434 -0.00212059 -0.00211031 -0.00209156 -0.00208102 -0.00208089 -0.00206733 -0.00207201 -0.00207282 -0.00204998 -0.00205269 -0.00204106 -0.00202499 -0.00204322 -0.00203621 
0 1.64758e-05 4.43564e-05 6.61905e-05 8.97345e-05 0.000120424 0.000142176 0.000161681 0.000184879 0.000209666 0.000232255 0.000254083 0.000287888 0.000306268 0.000324554 0.00037263 0.000386518 0.000405415 0.000459027 0.00046412 0.000487173 0.00053762 0.000552998 0.000587116 0.000619881 0.000656074 0.000701061 0.000720279 0.000761255 0.000802739 0.000842235 0.00087725 0.00090717 0.000972946 0.00100436 0.00104747 0.00111613 0.00115288 0.00121401 0.00127269 0.00133578 0.00138994 0.00145501 0.00154111 0.00158853 0.00167607 0.00176352 0.00184274 0.00193232 0.00203391 0.00215561 0.00224389 0.00238009 0.00251865 0.00265617 0.0028038 0.00297596 0.00317842 0.00335636 0.00359044 0.00384528 0.00414186 0.00445107 0.00483235 0.00529455 0.00581718 0.00644939 0.00720399 0.00815379 0.00925784 0.0106007 0.012182 0.0140669 0.0162118 0.0186265 0.021271 0.0240838 0.0269615 0.0297426 0.0322891 0.0343778 0.0358496 0.0364657 0.0361111 0.0346103 0.0319596 0.0281403 0.0233415 0.0177386 0.0116822 0.00549582 -0.000352351 -0.00546831 -0.00943115 -0.012002 -0.0130002 -0.0124345 -0.0103741 -0.00707843 -0.00289237 0.0016662 0.00607373 0.00978073 0.0123878 0.0135743 0.0132076 0.0112198 0.00772872 0.00291855 -0.00283505 -0.0091537 -0.0155637 -0.0217112 -0.0272091 -0.0318337 -0.035345 -0.0377047 -0.0388636 -0.0389552 -0.038063 -0.0364141 -0.0341594 -0.0315338 -0.0286795 -0.0257871 -0.0229787 -0.0203552 -0.0179661 -0.0158269 -0.0139892 -0.0124141 -0.0111023 -0.0099674 -0.00905168 -0.00828474 -0.00766027 -0.00710496 -0.00664989 -0.00627724 -0.00594042 -0.0056426 -0.00537276 -0.00516989 -0.00494798 -0.00475869 -0.00458852 -0.00444754 -0.00429676 -0.00415196 -0.0040541 -0.0039303 -0.00382418 -0.00372087 -0.00364433 -0.00354766 -0.00345528 -0.0034006 -0.00331312 -0.00324667 -0.0031832 -0.00312962 -0.0030672 -0.0030101 -0.00298072 -0.00291241 -0.00287676 -0.00284602 -0.00279224 -0.00275669 -0.00271712 -0.00269386 -0.00265118 -0.00261312 -0.00259379 -0.00256113 -0.00254792 -0.00250953 -0.00248595 -0.00249015 -0.00244386 -0.0024248 -0.00242381 -0.00238804 -0.00237427 -0.00236614 -0.00234765 -0.00233212 -0.00232224 -0.00231938 -0.00230308 -0.0022956 -0.00229181 -0.00226675 -0.0022632 -0.00226686 -0.00225209 -0.00225829 -0.00226214 -0.00224365 -0.00224498 
0 2.82272e-05 4.71805e-05 7.54486e-05 0.0001032 0.000123772 0.000151436 0.000178819 0.000203114 0.000227755 0.000256831 0.000287888 0.000305719 0.000339153 0.000373913 0.00037976 0.000422963 0.000466448 0.000475031 0.000521662 0.00055371 0.000567705 0.000608432 0.000650036 0.000698374 0.000709622 0.000738332 0.000809291 0.000837631 0.000877429 0.000914989 0.000959269 0.00102141 0.00105292 0.00110956 0.00115649 0.00121552 0.0012763 0.00131969 0.0014027 0.00145502 0.00152576 0.00160353 0.00167665 0.00176129 0.00183509 0.00194713 0.00202622 0.00212985 0.00224862 0.00236087 0.00248521 0.00261138 0.00278065 0.00291778 0.00309081 0.0032841 0.00349666 0.00371479 0.00395985 0.00427177 0.00458607 0.00495953 0.00538794 0.00593055 0.0065343 0.00726067 0.00815006 0.00923421 0.0105196 0.0120245 0.0138318 0.0159192 0.0182961 0.0208888 0.0237159 0.0266555 0.0296096 0.0323748 0.0348225 0.0367503 0.0379816 0.0383086 0.0375945 0.0357541 0.032765 0.028689 0.0236554 0.0179193 0.0117743 0.00561736 -0.000176933 -0.00517861 -0.00907124 -0.0115667 -0.0125638 -0.0120088 -0.0100399 -0.00684703 -0.00282924 0.00157857 0.0058097 0.0093994 0.0118979 0.0130566 0.0126772 0.0107561 0.00733647 0.00265564 -0.00301201 -0.0092564 -0.0157061 -0.0219428 -0.0276418 -0.0324989 -0.0363394 -0.0390473 -0.040602 -0.041036 -0.0404529 -0.039032 -0.0369514 -0.0344111 -0.0315489 -0.0285751 -0.0256188 -0.0228335 -0.0202236 -0.0178766 -0.0157978 -0.0140399 -0.0125238 -0.0112363 -0.0101582 -0.00928055 -0.00855224 -0.00791001 -0.00739029 -0.00694739 -0.00658306 -0.00622499 -0.00594109 -0.00568837 -0.00545904 -0.0052384 -0.00504673 -0.00489261 -0.00471335 -0.00457287 -0.00443314 -0.00431926 -0.00418722 -0.00407943 -0.00399084 -0.00387945 -0.00379997 -0.00370911 -0.0036416 -0.00355595 -0.00349006 -0.00343452 -0.00335486 -0.00331146 -0.00324848 -0.00320225 -0.00314757 -0.00309423 -0.00306658 -0.003014 -0.00297981 -0.00292647 -0.00289794 -0.00289057 -0.00283253 -0.00279666 -0.00277426 -0.00276281 -0.0027367 -0.00268701 -0.00268452 -0.00265966 -0.0026252 -0.00262866 -0.00260466 -0.00257863 -0.00256765 -0.00255596 -0.00254483 -0.00252519 -0.0025209 -0.00250976 -0.0024884 -0.00249375 -0.00248333 -0.00246666 -0.00247721 -0.00246525 -0.00245276 -0.00246558 -0.00245317 
0 2.95306e-05 6.26069e-05 8.36479e-05 0.000109534 0.000134289 0.000158968 0.000192811 0.000221408 0.000253967 0.000281468 0.000306268 0.000339153 0.000365662 0.000401382 0.000433407 0.000461409 0.000493253 0.000514418 0.000561256 0.000599809 0.000632131 0.00068648 0.000697015 0.000730096 0.000793493 0.000826745 0.00086584 0.00089739 0.00095252 0.00100773 0.00105003 0.00110753 0.00114655 0.00121618 0.00127096 0.00131879 0.00139203 0.00144606 0.00152255 0.0015855 0.00166598 0.00174824 0.00182372 0.00192595 0.00200896 0.00212 0.00221817 0.00233388 0.00245873 0.00257918 0.00272459 0.00286316 0.00303788 0.00319777 0.00339154 0.00360287 0.0038323 0.00408495 0.00436323 0.00470692 0.00506493 0.00549542 0.0059923 0.00660716 0.00730769 0.00814939 0.00917848 0.0104169 0.011881 0.0135839 0.0156042 0.0179068 0.0204851 0.0232562 0.026221 0.0292473 0.032208 0.0348951 0.0371754 0.0388674 0.0397942 0.0397676 0.0386698 0.0364662 0.0331661 0.028856 0.0236672 0.0178662 0.011752 0.00571626 0.000100089 -0.00471293 -0.00844876 -0.0108449 -0.0118106 -0.0112992 -0.00945107 -0.00645438 -0.00268906 0.00143883 0.00540327 0.00877226 0.011121 0.0122075 0.0118349 0.00999486 0.00672505 0.00224271 -0.00321556 -0.0092892 -0.0156488 -0.0218924 -0.0276958 -0.0327467 -0.0368714 -0.0399366 -0.0418948 -0.0427277 -0.0425117 -0.0413987 -0.039563 -0.0371802 -0.0343874 -0.0313903 -0.0283437 -0.0254107 -0.022618 -0.0200613 -0.0177636 -0.0157904 -0.0140746 -0.0126107 -0.0113714 -0.0103545 -0.00950719 -0.00877598 -0.0081745 -0.00766164 -0.0072404 -0.00684429 -0.00652168 -0.00622804 -0.00597409 -0.00573344 -0.00551873 -0.00533536 -0.00514707 -0.00499303 -0.00483115 -0.004703 -0.00456585 -0.00444735 -0.00433772 -0.00422745 -0.0041414 -0.00403592 -0.00396295 -0.00387673 -0.00380142 -0.0037312 -0.00365928 -0.00360457 -0.00352496 -0.00348154 -0.00342559 -0.00336617 -0.00332305 -0.0032687 -0.00324168 -0.00319797 -0.0031562 -0.00311162 -0.00308092 -0.0030747 -0.00301565 -0.00297875 -0.0029622 -0.0029274 -0.00291598 -0.00289003 -0.00286365 -0.00284336 -0.00282221 -0.00281404 -0.00279299 -0.00277745 -0.00276078 -0.00273905 -0.00273098 -0.00271664 -0.00271427 -0.00271113 -0.00269665 -0.0026948 -0.00267859 -0.00266835 -0.00267058 -0.00266032 -0.00266838 
0 1.79732e-05 5.86178e-05 7.95962e-05 0.00011896 0.000158831 0.000180964 0.00021688 0.000235743 0.000265571 0.000303254 0.000324554 0.000373913 0.000401382 0.00042114 0.000475105 0.0004998 0.000533372 0.000581715 0.000609125 0.000640713 0.000670754 0.000725455 0.000767169 0.000794762 0.000863213 0.000895358 0.000931267 0.00100063 0.00103495 0.00108443 0.00113889 0.00118715 0.00124711 0.00130694 0.00137521 0.00142912 0.00150684 0.00158743 0.00164457 0.00173435 0.00181782 0.00189706 0.00198652 0.00208576 0.00219041 0.00228414 0.0024114 0.00253524 0.00266003 0.00280583 0.00295983 0.00312941 0.00329645 0.00349885 0.00370955 0.00393864 0.00419462 0.00447706 0.00480484 0.00516184 0.00558723 0.00606883 0.00665079 0.00733371 0.0081479 0.00912414 0.0102971 0.0117077 0.0133512 0.0152819 0.0174992 0.020021 0.022768 0.0257098 0.0287607 0.0318241 0.0347169 0.0372638 0.0393092 0.0406936 0.0412557 0.0408224 0.0393297 0.0367544 0.0331777 0.0286644 0.0234034 0.0176126 0.0116463 0.00581936 0.000493147 -0.00406551 -0.00756719 -0.00984277 -0.010751 -0.0103165 -0.00861978 -0.00590796 -0.0024745 0.00125372 0.00486692 0.00791764 0.0100751 0.0110455 0.0106956 0.00894917 0.00589915 0.00167574 -0.00346387 -0.00927789 -0.0154231 -0.0215871 -0.027396 -0.0325953 -0.0369538 -0.0403712 -0.0427274 -0.0440018 -0.0442044 -0.0434748 -0.0419531 -0.039799 -0.0371559 -0.0342029 -0.0311322 -0.0280762 -0.0251429 -0.022384 -0.0198947 -0.0176823 -0.0157694 -0.0141069 -0.0127059 -0.0115238 -0.0105389 -0.00971043 -0.00900988 -0.00842503 -0.00791781 -0.00749588 -0.00711391 -0.00678707 -0.00649147 -0.00623778 -0.0060017 -0.00577986 -0.00559535 -0.00541583 -0.00525234 -0.00509237 -0.00496361 -0.00483131 -0.00469692 -0.00459273 -0.00448351 -0.00437906 -0.00427708 -0.0041988 -0.00411085 -0.00401877 -0.00396287 -0.00388721 -0.00381757 -0.00376205 -0.0037056 -0.00365137 -0.00359458 -0.00355447 -0.00349218 -0.00344954 -0.00342316 -0.00335612 -0.00332637 -0.00329985 -0.00325195 -0.00323116 -0.00320658 -0.00317937 -0.00313959 -0.00311609 -0.00310709 -0.0030653 -0.00305143 -0.00303548 -0.00300039 -0.00299599 -0.00297745 -0.0029713 -0.00296571 -0.00293595 -0.00293705 -0.00291145 -0.00289206 -0.00291282 -0.0028867 -0.00289087 -0.0029074 -0.00286865 -0.00288087 
0 2.91939e-05 7.77936e-05 9.49204e-05 0.000123234 0.000166308 0.000179699 0.000222107 0.000270751 0.000283309 0.000331124 0.00037263 0.00037976 0.000433407 0.000475105 0.000486904 0.000540741 0.00058174 0.000608257 0.000659588 0.000702149 0.000740687 0.00077483 0.000821537 0.000882643 0.000912108 0.000947614 0.00101137 0.00107426 0.00111817 0.00116051 0.00123781 0.0012968 0.0013457 0.00142235 0.00148137 0.00154664 0.00162721 0.00170152 0.00177466 0.00186206 0.00196343 0.0020444 0.0021451 0.00226569 0.00236795 0.00248204 0.00261651 0.00275563 0.00288499 0.00304039 0.00321911 0.00338642 0.00357424 0.00379306 0.00403095 0.00427461 0.00455635 0.00488834 0.00524626 0.00565304 0.00613095 0.0067019 0.00735925 0.00813936 0.00908096 0.0102074 0.0115473 0.0131249 0.0149831 0.0171228 0.0195571 0.0222512 0.0251674 0.0282221 0.0313256 0.0343422 0.037103 0.039436 0.0411771 0.0421908 0.0423191 0.041458 0.0395445 0.0366311 0.032785 0.0281426 0.0228564 0.017194 0.011447 0.00595025 0.000969864 -0.00323732 -0.00647868 -0.00857502 -0.00944515 -0.00908118 -0.00760736 -0.00522395 -0.00223363 0.00102638 0.00417312 0.00685457 0.0087403 0.00959046 0.00923468 0.00763208 0.00482199 0.000949387 -0.0038191 -0.00925308 -0.0151089 -0.0210644 -0.0268179 -0.0320738 -0.0366446 -0.0403617 -0.0431254 -0.0448398 -0.0455193 -0.0452234 -0.0440862 -0.042227 -0.0398028 -0.0369775 -0.0339307 -0.0308151 -0.0277502 -0.0248407 -0.0221475 -0.019724 -0.017579 -0.0157299 -0.0141408 -0.0127907 -0.0116502 -0.0107059 -0.00991347 -0.00923028 -0.00865552 -0.00817364 -0.00775902 -0.00737572 -0.00704932 -0.00677078 -0.00650826 -0.00626024 -0.00604682 -0.00586295 -0.00566804 -0.00549445 -0.00535003 -0.00520612 -0.00506081 -0.0049377 -0.00483524 -0.004713 -0.00460961 -0.00452708 -0.00443176 -0.00434199 -0.00426601 -0.00419593 -0.00411264 -0.00404932 -0.00398959 -0.00391124 -0.00386718 -0.00381998 -0.00375289 -0.00370234 -0.00367208 -0.00363921 -0.00357806 -0.00353737 -0.00351534 -0.00347901 -0.003441 -0.00339831 -0.00338083 -0.00335755 -0.00331279 -0.00330899 -0.00328725 -0.00324489 -0.0032485 -0.00323041 -0.00319334 -0.0031891 -0.00317154 -0.00314884 -0.00314928 -0.00314133 -0.0031274 -0.00312165 -0.00311199 -0.00310035 -0.00309484 -0.00309428 -0.00309311 
0 3.86329e-05 6.53125e-05 0.000106973 0.00013825 0.000167493 0.000209868 0.000239487 0.000276509 0.000317691 0.000348745 0.000386518 0.000422963 0.000461409 0.0004998 0.000540741 0.000586324 0.000615341 0.000657331 0.000704327 0.000739984 0.000798061 0.000849239 0.000884674 0.000922556 0.00097978 0.00105184 0.00109021 0.00113382 0.00119671 0.00126191 0.0013305 0.00137859 0.00144867 0.00152657 0.00159414 0.00166953 0.00174772 0.0018368 0.00191334 0.0020115 0.0021118 0.00220114 0.00231596 0.00243179 0.00255128 0.00267 0.00282031 0.00296684 0.00310932 0.00328768 0.00347348 0.00366599 0.00386574 0.0041166 0.00437158 0.00464105 0.00495821 0.00532571 0.0057312 0.00617738 0.00673334 0.00737766 0.00813264 0.00901511 0.0101016 0.0113904 0.0129012 0.0146717 0.0167378 0.0191043 0.0217247 0.0245914 0.0276294 0.0307715 0.0338562 0.0367685 0.0393218 0.0413779 0.0427531 0.0433338 0.0429929 0.0416749 0.0393614 0.0361205 0.0320627 0.0273306 0.0221162 0.0166534 0.0112386 0.00613431 0.0015902 -0.00222858 -0.00514547 -0.00705684 -0.00786642 -0.00761479 -0.00638984 -0.00441751 -0.00192712 0.000765018 0.00338591 0.00561059 0.00719128 0.00787131 0.00752361 0.00606406 0.00355275 6.39865e-05 -0.00424711 -0.0092419 -0.014695 -0.0203652 -0.0259547 -0.0312157 -0.0359268 -0.0399215 -0.043055 -0.0452253 -0.0464016 -0.0465991 -0.0459045 -0.0444105 -0.0422834 -0.0396581 -0.0367194 -0.0335915 -0.0304578 -0.0274135 -0.024561 -0.0219203 -0.0195621 -0.0175004 -0.0157236 -0.0141867 -0.0128764 -0.0117983 -0.0108863 -0.0101088 -0.00943584 -0.00889579 -0.00841848 -0.00799294 -0.0076182 -0.00730861 -0.00702206 -0.0067437 -0.0065145 -0.00630403 -0.00610548 -0.00590857 -0.00575392 -0.00559836 -0.00544251 -0.00531091 -0.0051877 -0.00506908 -0.0049472 -0.00485506 -0.00475193 -0.004655 -0.00457428 -0.00448879 -0.00441065 -0.00433434 -0.0042773 -0.00420428 -0.00413515 -0.00408551 -0.00403469 -0.00398774 -0.00391846 -0.00387155 -0.00384717 -0.00380497 -0.00375349 -0.00370408 -0.00368357 -0.0036549 -0.00361605 -0.0035936 -0.00355876 -0.00353097 -0.00351141 -0.00348918 -0.00346877 -0.00344315 -0.00342852 -0.00340809 -0.00338868 -0.0033854 -0.00336662 -0.00335611 -0.00335149 -0.00333139 -0.00332846 -0.00332165 -0.0033095 -0.00331482 -0.00330712 
0 4.23033e-05 5.14136e-05 0.00011198 0.000153023 0.000176123 0.000240707 0.000262878 0.00028523 0.000342479 0.000363932 0.000405415 0.000466448 0.000493253 0.000533372 0.00058174 0.000615341 0.000663457 0.000715297 0.000755527 0.000800154 0.000840154 0.000886417 0.000953674 0.00100424 0.00105556 0.00111325 0.00116056 0.0012295 0.00129249 0.00135036 0.00141002 0.00147673 0.00156325 0.00162386 0.00170677 0.00179365 0.00187146 0.00197267 0.00205549 0.0021639 0.00226123 0.00236888 0.00249231 0.00260262 0.00274445 0.00286926 0.00303075 0.00318355 0.00334739 0.00354308 0.00373219 0.0039555 0.00417137 0.00444942 0.004722 0.00502838 0.00538506 0.00578657 0.0062486 0.00674975 0.00739241 0.00811596 0.00898462 0.00999167 0.0112351 0.0126969 0.0143905 0.0163699 0.0186428 0.021226 0.0240122 0.0270263 0.0301446 0.0333161 0.0363153 0.0390507 0.0413285 0.0430371 0.0439882 0.0440834 0.0432487 0.0414652 0.0387744 0.0352376 0.0310219 0.026261 0.0212017 0.0160224 0.0110264 0.00638242 0.00233395 -0.00105324 -0.00360917 -0.00531832 -0.00606747 -0.00595374 -0.00501985 -0.00351638 -0.00158884 0.000467942 0.00249876 0.00420585 0.00543386 0.00591116 0.0055635 0.00425776 0.00207639 -0.000989539 -0.00478918 -0.0092819 -0.014249 -0.0195477 -0.0248825 -0.0300762 -0.0348611 -0.0390878 -0.0425526 -0.0451695 -0.0468491 -0.0475785 -0.0473758 -0.0463145 -0.0445514 -0.0422015 -0.0394434 -0.0363737 -0.0332256 -0.0300834 -0.0271003 -0.0242627 -0.0217021 -0.0194179 -0.0174424 -0.0157089 -0.0142204 -0.0129867 -0.0119365 -0.0110567 -0.0102792 -0.00966602 -0.00911401 -0.00864708 -0.0082223 -0.00787066 -0.00755594 -0.00725122 -0.0070035 -0.00675731 -0.00655517 -0.00633944 -0.00616612 -0.00599597 -0.00583173 -0.00569297 -0.00554209 -0.00542766 -0.00529374 -0.00518566 -0.00507807 -0.00497381 -0.00488783 -0.00478733 -0.00471977 -0.00463076 -0.00455571 -0.0045 -0.00442643 -0.00436275 -0.00429605 -0.00425103 -0.00419627 -0.00413673 -0.00409369 -0.00403713 -0.00400482 -0.0039751 -0.00392899 -0.00389495 -0.00385594 -0.00382476 -0.00380652 -0.00377083 -0.00373818 -0.00372177 -0.00368544 -0.0036622 -0.00366575 -0.00363788 -0.00362032 -0.00361723 -0.00358085 -0.00357001 -0.00356831 -0.00354587 -0.00355152 -0.00354731 -0.00353207 -0.00353719 -0.00352332 
