0 0 0 0 0 0 0 0 0 0 0 0 0 0 0 0 0 0 0 0 0 0 0 0 0 0 0 0 0 0 0 0 0 0 0 0 0 0 0 0 0 0 0 0 0 0 0 0 0 0 0 0 0 0 0 0 0 0 0 0 0 0 0 0 0 0 0 0 0 0 0 0 0 0 0 0 0 0 0 0 0 0 0 0 0 0 0 0 0 0 0 0 0 0 0 0 0 0 0 0 0 0 0 0 0 0 0 0 0 0 0 0 0 0 0 0 0 0 0 0 0 0 0 0 0 0 0 0 0 0 0 0 0 0 0 0 0 0 0 0 0 0 0 0 0 0 0 0 0 0 0 0 0 0 0 0 0 0 0 0 0 0 0 0 0 0 0 0 0 0 0 0 0 0 0 0 0 0 0 0 0 0 0 0 0 0 0 0 0 0 0 0 0 0 0 0 0 0 0 0 
0 2.33705e-05 -1.98348e-06 2.33378e-05 3.5015e-05 2.92752e-06 2.97915e-05 4.86191e-05 3.39049e-05 5.76059e-05 6.2571e-05 5.16576e-05 6.62109e-05 7.08868e-05 8.54346e-05 8.95743e-05 7.05557e-05 9.92575e-05 0.000129215 0.000114112 0.000115 0.00013306 0.000139546 0.000142345 0.000152949 0.00016618 0.000173591 0.000189127 0.000208373 0.000211688 0.000222089 0.000247591 0.000250834 0.000258661 0.000289015 0.000302171 0.000318319 0.000343544 0.000376685 0.000403205 0.000419369 0.000471568 0.000507101 0.00053934 0.000593868 0.00065595 0.000737406 0.000804156 0.00092393 0.00106778 0.00122536 0.00142456 0.00165854 0.00196869 0.00228101 0.00264429 0.00303738 0.00345334 0.0038535 0.00417654 0.0044531 0.00459349 0.00460117 0.00437491 0.00395108 0.00331073 0.00247063 0.001451 0.000264594 -0.000968524 -0.0022221 -0.00336454 -0.00441426 -0.00525837 -0.00591044 -0.00628629 -0.00642226 -0.00632019 -0.00603556 -0.00561539 -0.00508067 -0.00449556 -0.00385566 -0.00324973 -0.00265356 -0.00215592 -0.00169821 -0.00135214 -0.00103599 -0.000814807 -0.000605183 -0.000473261 -0.000341062 -0.00027316 -0.000196141 -0.00017075 -0.000128074 -0.000126097 -0.000100594 -0.000108341 -8.83716e-05 -9.7011e-05 -7.38511e-05 -7.51167e-05 -3.80848e-05 -1.95268e-05 4.74803e-05 0.00010407 0.000221566 0.000337306 0.000527053 0.000725605 0.00101492 0.00133073 0.00175772 0.00222712 0.00280701 0.00341036 0.00407192 0.00469623 0.00529689 0.00579835 0.00619391 0.00642323 0.00644028 0.00621611 0.00571067 0.00498195 0.00401822 0.00292307 0.00167398 0.000397456 -0.000890159 -0.00204573 -0.00305443 -0.00386311 -0.00446876 -0.00486358 -0.00501124 -0.00498756 -0.00479228 -0.00452691 -0.00415257 -0.00374326 -0.00332031 -0.0029274 -0.00257561 -0.00222575 -0.00194573 -0.00170024 -0.00151556 -0.00133621 -0.00118955 -0.0010937 -0.000996616 -0.000920162 -0.000842375 -0.000803658 -0.0007589 -0.000702759 -0.000679562 -0.000652252 -0.000626944 -0.000595342 -0.000581921 -0.000571965 -0.000537304 -0.000526093 -0.000517793 -0.000492265 -0.000476835 -0.00046986 -0.000458423 -0.000445193 -0.000441447 -0.000436355 -0.000420746 -0.000420147 -0.000424332 -0.000393619 -0.000378679 -0.000401389 -0.000391136 -0.00037096 -0.000370197 -0.000369623 -0.000383846 -0.000371931 -0.000347967 -0.000362991 -0.000349856 -0.000335894 -0.000367452 -0.000356127 -0.000336991 -0.000357188 -0.000340796 -0.000328947 -0.000352282 -0.000339987 
0 -1.98348e-06 1.92187e-05 3.33151e-05 3.2814e-05 6.37803e-05 8.26461e-05 6.14398e-05 8.27598e-05 0.000105436 9.18033e-05 0.000124527 0.000150412 0.000135848 0.000151805 0.000178352 0.000200055 0.000199879 0.000192902 0.000228411 0.000244115 0.000261049 0.000288244 0.000282504 0.000326569 0.000347465 0.000335056 0.000383912 0.000396239 0.000411586 0.000449624 0.000473474 0.000517145 0.00052903 0.000582059 0.000628235 0.00063518 0.00070377 0.000745593 0.000793723 0.000846991 0.000916157 0.0010167 0.00107211 0.0011932 0.0013291 0.00147442 0.00165094 0.00186197 0.00216791 0.00247604 0.00287228 0.00335594 0.00393616 0.00459083 0.00528449 0.00608542 0.0068895 0.00767583 0.00832916 0.00884504 0.00914167 0.009107 0.00868505 0.00781116 0.00655385 0.00486922 0.00284239 0.000505904 -0.00195565 -0.00441042 -0.00671256 -0.00875875 -0.0104696 -0.0117282 -0.0125094 -0.0127634 -0.0125909 -0.0120237 -0.0111999 -0.0101451 -0.00897652 -0.00772496 -0.00650214 -0.00534425 -0.0043229 -0.00344186 -0.00271275 -0.00211572 -0.00163269 -0.00125062 -0.00094582 -0.00071911 -0.000542836 -0.000425839 -0.000335582 -0.000286572 -0.00024444 -0.000229405 -0.000207728 -0.00020367 -0.000184062 -0.000173754 -0.000138882 -0.000101232 -2.56983e-05 7.11237e-05 0.000223688 0.000420545 0.000692124 0.00103344 0.00147119 0.00201324 0.00268393 0.0035024 0.00447207 0.00559533 0.00681919 0.0081096 0.00936382 0.0105453 0.0115414 0.0123254 0.0127609 0.0128061 0.0123333 0.0113647 0.00988977 0.00801966 0.00581283 0.00337477 0.000822574 -0.00170062 -0.00400384 -0.00601107 -0.0076161 -0.00884672 -0.00961271 -0.00995992 -0.00990163 -0.00956548 -0.00902379 -0.00830636 -0.00750596 -0.006661 -0.00589929 -0.0051613 -0.00449796 -0.00390678 -0.00342511 -0.00303874 -0.00267065 -0.00239979 -0.00217049 -0.00200563 -0.00183679 -0.00169826 -0.00162343 -0.00151645 -0.001441 -0.00136218 -0.00131772 -0.00126125 -0.00118304 -0.00117009 -0.00111624 -0.00107421 -0.00104864 -0.00101799 -0.0010036 -0.000955236 -0.000955667 -0.000935271 -0.000883531 -0.000892994 -0.000864666 -0.000837929 -0.000830191 -0.000805252 -0.000814641 -0.000802832 -0.000779303 -0.000767376 -0.000756911 -0.000774669 -0.000741797 -0.000705181 -0.000738206 -0.000725469 -0.000706672 -0.000733847 -0.000711013 -0.000685412 -0.000699296 -0.000691375 -0.000684879 -0.000696854 -0.000694179 -0.000684412 -0.000683642 
0 2.33378e-05 3.33151e-05 4.95496e-05 6.23776e-05 7.4606e-05 9.70846e-05 0.000111483 0.000130516 0.000154165 0.000162549 0.000180514 0.000203141 0.000215525 0.000238745 0.000258852 0.000273292 0.000299759 0.000326236 0.000347766 0.00036533 0.0003909 0.000419115 0.00043672 0.000471956 0.000504104 0.00052506 0.000570252 0.000605813 0.000634034 0.000677834 0.000720608 0.000762653 0.00080244 0.000862475 0.000922162 0.000969082 0.00104684 0.00112637 0.00120115 0.00128945 0.00139856 0.00152314 0.00164153 0.00180303 0.00200379 0.00222571 0.0024934 0.0028317 0.00326364 0.00375985 0.00435925 0.00509543 0.00596087 0.0069344 0.00799559 0.00915875 0.010349 0.0114766 0.0124409 0.013169 0.0135609 0.0134711 0.0128041 0.0115051 0.00960094 0.00710251 0.00407787 0.000645494 -0.00299041 -0.00660596 -0.0100104 -0.0130358 -0.0155515 -0.0174171 -0.0185643 -0.0189706 -0.0187197 -0.0179129 -0.016686 -0.0151441 -0.0134023 -0.0115652 -0.00974404 -0.00803547 -0.00650576 -0.00519285 -0.00409277 -0.00319543 -0.0024658 -0.00188857 -0.00143049 -0.00108477 -0.000821998 -0.000638985 -0.000506921 -0.000424925 -0.000366687 -0.000335517 -0.000309081 -0.000294331 -0.000271044 -0.000246594 -0.000199324 -0.000133497 -2.3526e-05 0.000130691 0.000357866 0.000660652 0.00106846 0.00158656 0.00224764 0.00306556 0.00407871 0.00530304 0.00675717 0.0084186 0.0102403 0.0121356 0.0140011 0.0157302 0.0172108 0.0183371 0.0189732 0.0189996 0.0183002 0.0168529 0.014686 0.0119155 0.0086538 0.00505538 0.00129084 -0.00241308 -0.00583164 -0.00879921 -0.0112125 -0.0130307 -0.0142004 -0.0147388 -0.0147057 -0.0142418 -0.0134519 -0.0124221 -0.0112465 -0.0100316 -0.00887727 -0.0077921 -0.00680281 -0.00592949 -0.00520444 -0.00459819 -0.00407207 -0.00364469 -0.00330272 -0.00302878 -0.00277995 -0.00257809 -0.00242664 -0.00228353 -0.00215695 -0.00204951 -0.0019703 -0.0018851 -0.00180225 -0.0017504 -0.00168952 -0.0016295 -0.00157973 -0.00153798 -0.00149403 -0.00144393 -0.00141852 -0.00138463 -0.00134486 -0.00132746 -0.00129949 -0.0012726 -0.0012547 -0.0012316 -0.00120779 -0.00118576 -0.00117569 -0.0011583 -0.00113597 -0.00113134 -0.00111757 -0.00110477 -0.00110279 -0.00108334 -0.00107003 -0.00106762 -0.00105603 -0.00105373 -0.00105262 -0.00104329 -0.00104001 -0.00103316 -0.00102694 -0.00102938 -0.00102722 
0 3.5015e-05 3.2814e-05 6.23776e-05 0.00010168 9.53988e-05 0.000117265 0.000165671 0.000169875 0.000191079 0.000234409 0.000238676 0.00025829 0.000298671 0.000323861 0.000347006 0.000357082 0.000397011 0.000449144 0.000454685 0.000488159 0.000527152 0.000550384 0.000603783 0.000623695 0.000662985 0.000724197 0.000746838 0.00080827 0.000854845 0.000899304 0.000970447 0.00101037 0.0010901 0.00115419 0.00122086 0.00132183 0.00139208 0.00150757 0.00161075 0.00173098 0.00188455 0.00202479 0.00222794 0.00243174 0.0026981 0.00301293 0.00337749 0.00385908 0.0044073 0.00510667 0.00591742 0.00690041 0.0080477 0.0093243 0.0107563 0.0122477 0.0137937 0.0152217 0.0164623 0.0173641 0.0177935 0.017617 0.016674 0.0149571 0.0124027 0.00911616 0.0051318 0.000669368 -0.00406488 -0.00877827 -0.0132194 -0.0171809 -0.0204459 -0.0228979 -0.0243924 -0.0249753 -0.0246669 -0.0236617 -0.0220597 -0.0200664 -0.0177824 -0.015392 -0.0130036 -0.0107627 -0.00874165 -0.00699451 -0.00552813 -0.00431763 -0.00334446 -0.00255811 -0.00195199 -0.00147362 -0.00113059 -0.000867761 -0.000700666 -0.000572327 -0.000505711 -0.000445977 -0.000423382 -0.000386069 -0.000367868 -0.000317146 -0.000265622 -0.00015868 -2.15488e-05 0.000203526 0.000498481 0.000920526 0.0014584 0.00216702 0.00304756 0.00415548 0.00550753 0.0071445 0.00906907 0.0112555 0.0136448 0.0161149 0.0185581 0.0208006 0.0227357 0.0241635 0.0249728 0.0249487 0.0240304 0.0221176 0.019312 0.0156841 0.0114367 0.00674156 0.00185112 -0.00295628 -0.00743102 -0.011321 -0.0145336 -0.0169258 -0.0185221 -0.0192787 -0.0193357 -0.0187901 -0.0178008 -0.0165031 -0.0149958 -0.0134538 -0.0119117 -0.0104957 -0.00917868 -0.00803269 -0.00704873 -0.00620535 -0.00552275 -0.00492526 -0.00446911 -0.00406737 -0.00374773 -0.00348416 -0.0032447 -0.00307313 -0.00289032 -0.00276107 -0.00263214 -0.00251553 -0.00243429 -0.00232396 -0.00226066 -0.00218066 -0.00210849 -0.00205901 -0.00198338 -0.0019492 -0.00188913 -0.00184002 -0.00182028 -0.00176027 -0.00173523 -0.00170387 -0.00166663 -0.00165571 -0.00160484 -0.00157942 -0.00157599 -0.00154814 -0.00152781 -0.00149376 -0.00148963 -0.00149855 -0.00145205 -0.0014403 -0.00144931 -0.00141043 -0.00140825 -0.00142429 -0.00139482 -0.00138634 -0.00139612 -0.00137547 -0.0013689 -0.00138186 -0.00137016 
0 2.92752e-06 6.37803e-05 7.4606e-05 9.53988e-05 0.000157401 0.000164185 0.000182407 0.00022443 0.000233095 0.000271645 0.000313143 0.00033517 0.000376401 0.000389872 0.000425126 0.000494321 0.000501394 0.000514682 0.000574512 0.00062123 0.000658795 0.000697739 0.000750932 0.000797314 0.000839057 0.000901372 0.000943766 0.000995761 0.00107312 0.00113325 0.00119939 0.00128469 0.00137353 0.00145166 0.00154592 0.00166129 0.00176523 0.00188276 0.00202711 0.00219024 0.00235785 0.0025604 0.0028145 0.00309276 0.00342517 0.00382893 0.00433216 0.00492501 0.00563756 0.00651975 0.0075646 0.00879763 0.010202 0.0118055 0.0135526 0.0153793 0.0172057 0.0189061 0.0203636 0.0213726 0.0217992 0.0214556 0.0202431 0.0180615 0.0149005 0.0108269 0.00595961 0.000537905 -0.00520389 -0.0109156 -0.0163334 -0.0211339 -0.0251217 -0.0280869 -0.0299529 -0.0306931 -0.0303925 -0.0292024 -0.0272911 -0.0248713 -0.0220993 -0.0191912 -0.0162722 -0.0135315 -0.0110254 -0.00886389 -0.00701147 -0.00550356 -0.00425637 -0.00328104 -0.0024935 -0.00190702 -0.00144854 -0.00113272 -0.000894398 -0.000748305 -0.000637405 -0.000579305 -0.000525303 -0.000496395 -0.000448077 -0.000401571 -0.00030989 -0.000190883 9.94247e-06 0.000278435 0.000677211 0.00119287 0.00189552 0.00277274 0.00390591 0.00528682 0.00700369 0.009034 0.0114322 0.014111 0.0170391 0.0200431 0.0230142 0.0257369 0.0280633 0.029769 0.0306812 0.0306098 0.0294346 0.0271173 0.0236884 0.0193018 0.0141213 0.00844067 0.00251376 -0.0032997 -0.00874308 -0.0135248 -0.0174821 -0.0204778 -0.0224804 -0.0235331 -0.02371 -0.0231686 -0.022034 -0.02052 -0.0187559 -0.0168986 -0.0150349 -0.0132645 -0.0116605 -0.0102243 -0.00897809 -0.00790155 -0.00702147 -0.00628478 -0.00566468 -0.00515704 -0.00474606 -0.00441082 -0.00410674 -0.00386294 -0.00366306 -0.00347863 -0.00330824 -0.00316802 -0.00305145 -0.00292436 -0.00281751 -0.00273454 -0.00265024 -0.00256341 -0.00249956 -0.0024464 -0.00237251 -0.00231936 -0.00227293 -0.0022141 -0.0021707 -0.00213019 -0.00208565 -0.0020415 -0.00202981 -0.00201298 -0.00194751 -0.00192797 -0.00192973 -0.0018913 -0.00186563 -0.00183377 -0.00181737 -0.00182564 -0.00179647 -0.00178929 -0.0017891 -0.00174384 -0.00174345 -0.00175224 -0.00172109 -0.00173369 -0.0017405 -0.00170822 -0.00171937 
0 2.97915e-05 8.26461e-05 9.70846e-05 0.000117265 0.000164185 0.000186121 0.000225682 0.000274894 0.000295265 0.000335974 0.000371785 0.000392559 0.000447089 0.000485304 0.000510689 0.000564806 0.000605802 0.000649488 0.000706933 0.000743863 0.000784067 0.000841638 0.000899877 0.000948736 0.00100793 0.00108662 0.00114667 0.00121209 0.00130276 0.00137455 0.00144777 0.00154932 0.00164964 0.00174286 0.00186091 0.00200268 0.00213591 0.00228067 0.00246724 0.00266825 0.00287219 0.00312497 0.00343618 0.00378243 0.00418502 0.00469224 0.00532041 0.00605222 0.00693426 0.00801887 0.0093077 0.0107904 0.0124724 0.0143754 0.0164297 0.0185414 0.0206082 0.0225194 0.0241129 0.0251659 0.0255008 0.0249514 0.0234086 0.0207612 0.0169925 0.0121796 0.00650004 0.000205237 -0.00642561 -0.0130442 -0.0193164 -0.0248885 -0.0295067 -0.0329607 -0.0351633 -0.0360877 -0.0358165 -0.034494 -0.0323208 -0.0295244 -0.026321 -0.022934 -0.0195393 -0.016315 -0.0133619 -0.0107744 -0.00855733 -0.00672439 -0.00521975 -0.00402496 -0.00307383 -0.00234976 -0.00179442 -0.00139707 -0.00110619 -0.00091511 -0.000779095 -0.000696953 -0.000631265 -0.000585787 -0.000526897 -0.000458849 -0.000345574 -0.000186904 6.00871e-05 0.000401364 0.000886833 0.00152675 0.0023777 0.0034557 0.00482657 0.00651187 0.00857542 0.0110177 0.0138554 0.0170173 0.0204288 0.0239306 0.0273655 0.0305167 0.0331737 0.0350973 0.0360697 0.0359068 0.0344829 0.0317656 0.0277861 0.0226949 0.0166984 0.0101205 0.00328759 -0.00343603 -0.00974852 -0.0153537 -0.0200222 -0.0236005 -0.026044 -0.0274129 -0.0277863 -0.0273004 -0.0261088 -0.0244401 -0.0224771 -0.0203621 -0.0182064 -0.0161293 -0.0142345 -0.0125301 -0.0110187 -0.00971067 -0.00862778 -0.00772556 -0.0069504 -0.00630975 -0.00579741 -0.00537103 -0.00499011 -0.00467601 -0.00442951 -0.00420187 -0.00399056 -0.00382414 -0.00368349 -0.00353696 -0.003406 -0.00330605 -0.00320365 -0.00309263 -0.00301126 -0.00293783 -0.00284858 -0.00278312 -0.00273058 -0.00266643 -0.00260977 -0.00257059 -0.0025286 -0.00247003 -0.0024312 -0.00240001 -0.00235304 -0.0023297 -0.00229918 -0.002258 -0.00225189 -0.00223139 -0.00219982 -0.00218649 -0.00215505 -0.00213535 -0.00213338 -0.00211409 -0.00210897 -0.00210504 -0.00208119 -0.00207608 -0.00207317 -0.00205948 -0.00206638 
0 4.86191e-05 6.14398e-05 0.000111483 0.000165671 0.000182407 0.000225682 0.000274842 0.000300728 0.000347038 0.000394646 0.000430795 0.00047225 0.000514596 0.000574685 0.000618169 0.000641459 0.000709507 0.000772579 0.000810098 0.000870725 0.000925732 0.000991422 0.00106342 0.00111208 0.00119064 0.00127128 0.00133663 0.00142789 0.00151613 0.00160917 0.00171096 0.00181798 0.00194438 0.00205868 0.00219683 0.00236051 0.00251116 0.00269489 0.00290708 0.00314122 0.00340199 0.00370377 0.0040857 0.00450731 0.00500735 0.00563498 0.00638575 0.00728449 0.00834336 0.00964165 0.0111644 0.0128934 0.0148545 0.0170204 0.0193514 0.021691 0.0239557 0.0260048 0.0276524 0.0286769 0.0288477 0.0280533 0.0261299 0.0230168 0.018653 0.0131668 0.00675475 -0.000312093 -0.00771474 -0.0151284 -0.0221308 -0.0283905 -0.0335555 -0.0374712 -0.0399858 -0.0411222 -0.0409085 -0.0395153 -0.0371368 -0.0340311 -0.0304581 -0.0266464 -0.0228282 -0.01915 -0.0157815 -0.0127689 -0.0101995 -0.00802406 -0.00626678 -0.00482982 -0.00372053 -0.0028364 -0.00219127 -0.00169071 -0.00135555 -0.00109904 -0.000947627 -0.000822584 -0.000756193 -0.000676211 -0.00061798 -0.000510054 -0.000385533 -0.000167558 0.000116485 0.000551365 0.00111541 0.00190124 0.00289385 0.00419519 0.00579854 0.00780801 0.010208 0.013067 0.0163162 0.0199383 0.0237828 0.0277328 0.0315678 0.0350809 0.0380053 0.0400802 0.041073 0.0407812 0.0391195 0.0360177 0.0315623 0.0258452 0.0191621 0.0118064 0.00420426 -0.00331311 -0.0103886 -0.0167294 -0.0220681 -0.0262111 -0.0291354 -0.0308556 -0.0315016 -0.031146 -0.0299986 -0.0282633 -0.0261656 -0.0238592 -0.0214531 -0.0191175 -0.0169302 -0.0149607 -0.0131819 -0.0116333 -0.0103345 -0.00923358 -0.00830848 -0.00752201 -0.00689723 -0.00637371 -0.00591498 -0.00554278 -0.00522702 -0.00495967 -0.00470945 -0.00449918 -0.00432776 -0.0041484 -0.00399973 -0.00386975 -0.00374411 -0.00363344 -0.00352556 -0.00344084 -0.00334973 -0.00326193 -0.00320341 -0.0031244 -0.00305529 -0.00300408 -0.00294426 -0.00290139 -0.00284298 -0.00279104 -0.00277429 -0.00273141 -0.00268239 -0.0026519 -0.00262695 -0.00260954 -0.00256756 -0.00253901 -0.0025406 -0.00250413 -0.0024822 -0.00249294 -0.00245768 -0.00243698 -0.00245301 -0.00242661 -0.00241203 -0.00243181 -0.00241047 
0 3.39049e-05 8.27598e-05 0.000130516 0.000169875 0.00022443 0.000274894 0.000300728 0.000348222 0.000404257 0.000435913 0.000494344 0.000561899 0.000595441 0.000637935 0.000701896 0.000771654 0.000822466 0.000858175 0.000929116 0.0010054 0.00107319 0.00114318 0.00120325 0.0012975 0.00137895 0.00144446 0.00155221 0.0016385 0.00173952 0.00185773 0.00196556 0.00210569 0.00222935 0.00238328 0.00254944 0.0027078 0.00291801 0.0031195 0.0033689 0.00364509 0.00395158 0.00433854 0.00475765 0.00528714 0.00589438 0.00663893 0.00754385 0.00859543 0.00988484 0.011378 0.0131464 0.0151297 0.0173477 0.0197768 0.0223025 0.024852 0.0272272 0.0293489 0.0309518 0.0318493 0.0318084 0.0306813 0.0283695 0.0247408 0.0198433 0.0137271 0.00669207 -0.00104312 -0.00909949 -0.0171591 -0.0247856 -0.0315928 -0.0372615 -0.0415559 -0.0444029 -0.0457256 -0.0456345 -0.044198 -0.0417016 -0.0383432 -0.0344764 -0.0303 -0.0261042 -0.0220226 -0.0182495 -0.0148476 -0.0119055 -0.00941267 -0.0073647 -0.0057098 -0.00439864 -0.00338216 -0.00260247 -0.00202933 -0.00160518 -0.0013159 -0.00110522 -0.000971543 -0.000861513 -0.000781973 -0.000681408 -0.000567832 -0.000387909 -0.00014313 0.000223477 0.000721535 0.00141041 0.00231447 0.00349501 0.00499554 0.0068743 0.00918383 0.0119488 0.0151907 0.018851 0.022883 0.0271243 0.0314581 0.0356224 0.0394289 0.0425295 0.0447082 0.0456438 0.0452258 0.0432876 0.0398629 0.034952 0.0287381 0.0214618 0.0134905 0.00523884 -0.00294179 -0.0106605 -0.0176564 -0.0235776 -0.0283008 -0.0316905 -0.0338383 -0.0347825 -0.0346582 -0.0336414 -0.0319294 -0.0297877 -0.0273266 -0.0247663 -0.0221873 -0.0197601 -0.0175148 -0.0154816 -0.0137092 -0.0121568 -0.0108708 -0.00975277 -0.00883717 -0.00806936 -0.00742297 -0.00690226 -0.00643314 -0.00606589 -0.00572826 -0.00544702 -0.00520408 -0.00496694 -0.0047903 -0.00460221 -0.00444651 -0.00430706 -0.00417026 -0.00406535 -0.00393997 -0.00385243 -0.00376196 -0.00365531 -0.00359382 -0.00351524 -0.00343854 -0.00337271 -0.00331236 -0.00327917 -0.00322034 -0.00315881 -0.00312009 -0.0030888 -0.00306321 -0.00300248 -0.00295643 -0.0029569 -0.0029247 -0.0028914 -0.00289045 -0.00285913 -0.00282285 -0.00282161 -0.0028089 -0.00278639 -0.00278986 -0.00278472 -0.00276327 -0.00276587 
0 5.76059e-05 0.000105436 0.000154165 0.000191079 0.000233095 0.000295265 0.000347038 0.000404257 0.000466546 0.000504262 0.000557183 0.000618525 0.000665765 0.00073753 0.000800994 0.000847926 0.000923561 0.00100166 0.00106861 0.00113273 0.00120704 0.00128856 0.00136234 0.00146489 0.00155634 0.00163883 0.00176924 0.00187196 0.00197539 0.00211291 0.00223926 0.00238177 0.00252583 0.00270682 0.00289603 0.00307701 0.0033274 0.00357697 0.00385491 0.00418232 0.00455525 0.00500572 0.00549511 0.00611881 0.0068568 0.00772653 0.00878481 0.01003 0.0115377 0.0132583 0.0152549 0.0175016 0.0199647 0.0226083 0.0252986 0.0279726 0.0304138 0.0324948 0.0339715 0.0346451 0.0343209 0.0328154 0.0300588 0.0259314 0.0205123 0.0138693 0.00628748 -0.00198097 -0.0105758 -0.0191325 -0.0272472 -0.034493 -0.0405742 -0.0452173 -0.0483579 -0.049897 -0.0499352 -0.048536 -0.0459678 -0.042458 -0.0383497 -0.033893 -0.0293568 -0.0249276 -0.0207696 -0.0170041 -0.0136926 -0.0108831 -0.00853898 -0.00665346 -0.00513594 -0.00397006 -0.00305601 -0.00239182 -0.00188298 -0.00154186 -0.00127933 -0.00111801 -0.000973694 -0.000875649 -0.000742243 -0.000603562 -0.000375983 -8.42782e-05 0.000360124 0.000941576 0.00175448 0.00279643 0.00416896 0.00588567 0.00804611 0.0106619 0.0137909 0.0173984 0.0214524 0.0258464 0.0304481 0.0350861 0.0395242 0.0435189 0.0467368 0.0489229 0.0497762 0.0491807 0.0469874 0.0432446 0.037953 0.0313279 0.0235931 0.0151518 0.00638402 -0.00231436 -0.0105756 -0.0180978 -0.0245559 -0.0298057 -0.0336959 -0.0362897 -0.0375963 -0.0377783 -0.0369792 -0.0354048 -0.0332804 -0.0307652 -0.0280926 -0.0253487 -0.0227049 -0.0202051 -0.0179388 -0.0159289 -0.0141441 -0.0126312 -0.0113277 -0.010256 -0.00932832 -0.00855272 -0.00792949 -0.00738005 -0.00692707 -0.00652371 -0.00620693 -0.00591802 -0.00564193 -0.00543927 -0.00523382 -0.00504911 -0.00488054 -0.00473407 -0.00460307 -0.00445025 -0.00435075 -0.004249 -0.0041302 -0.00405533 -0.00397252 -0.00389398 -0.0038265 -0.00375576 -0.00368863 -0.00362301 -0.00358383 -0.00352889 -0.00346267 -0.00343895 -0.00340373 -0.00336312 -0.00334346 -0.0032984 -0.00325769 -0.00324285 -0.00321837 -0.00319869 -0.00319132 -0.00317169 -0.00314916 -0.00314106 -0.00313196 -0.00311922 -0.00312077 
0 6.2571e-05 9.18033e-05 0.000162549 0.000234409 0.000271645 0.000335974 0.000394646 0.000435913 0.000504262 0.000567295 0.000630883 0.000697277 0.000744448 0.000829776 0.000907013 0.000938855 0.0010297 0.00112457 0.00117687 0.00126997 0.0013599 0.0014442 0.00154861 0.0016355 0.00174232 0.00184823 0.00196162 0.00209977 0.00220759 0.00236354 0.00253032 0.00266554 0.00286106 0.00305387 0.00325831 0.00348662 0.00373922 0.00405298 0.00435168 0.00473502 0.0051956 0.00569376 0.00630773 0.0070222 0.00791652 0.0089365 0.0101505 0.0116311 0.0133275 0.0153031 0.0175038 0.0199985 0.0226816 0.0254695 0.0282973 0.0309928 0.0334497 0.0353769 0.0366516 0.0370228 0.0363408 0.0344338 0.03118 0.0265987 0.0206732 0.0136173 0.00556772 -0.00309834 -0.0121076 -0.021024 -0.0294822 -0.0370771 -0.0434687 -0.0484488 -0.0518325 -0.0536315 -0.0537974 -0.0525259 -0.0499323 -0.046379 -0.0420876 -0.0374342 -0.0326045 -0.027876 -0.0233669 -0.0192533 -0.0155926 -0.012453 -0.0098238 -0.00767673 -0.00596398 -0.00461172 -0.00357939 -0.00278593 -0.00221317 -0.00178188 -0.00149162 -0.00126477 -0.00111236 -0.000958306 -0.000818648 -0.000617155 -0.000367196 9.58109e-06 0.000509111 0.00121224 0.0021305 0.00334814 0.00489887 0.00686555 0.00929492 0.0122362 0.0157082 0.0196735 0.0240863 0.0288025 0.0337161 0.0385831 0.0432317 0.0473082 0.0505844 0.0526786 0.0534356 0.0526071 0.0501987 0.0461345 0.0405576 0.033596 0.0255557 0.0167824 0.0076494 -0.00142012 -0.0101143 -0.0180298 -0.0249783 -0.0306831 -0.0351103 -0.0381545 -0.0399044 -0.0404601 -0.0399732 -0.0386518 -0.0366202 -0.034169 -0.0314222 -0.028602 -0.0257633 -0.0230444 -0.0205553 -0.0182861 -0.0162918 -0.014509 -0.0130296 -0.011765 -0.0106766 -0.00977623 -0.00901359 -0.00840731 -0.00784241 -0.00738482 -0.00701332 -0.00665747 -0.00636292 -0.00608831 -0.00587316 -0.00565458 -0.00544736 -0.00530756 -0.00513572 -0.00499088 -0.00487237 -0.00474428 -0.0046416 -0.0045264 -0.00443516 -0.00434786 -0.00425272 -0.00419919 -0.0041114 -0.00403482 -0.00401237 -0.00394089 -0.00387195 -0.00384074 -0.00379313 -0.00375132 -0.00370445 -0.00366854 -0.00365932 -0.00361615 -0.00358461 -0.00358467 -0.00354256 -0.00351761 -0.00352982 -0.00349843 -0.00348031 -0.00349832 -0.0034742 
0 5.16576e-05 0.000124527 0.000180514 0.000238676 0.000313143 0.000371785 0.000430795 0.000494344 0.000557183 0.000630883 0.000690619 0.000766565 0.000856216 0.000897205 0.000972839 0.00108847 0.00115054 0.00122131 0.00131151 0.00140652 0.00151923 0.00159867 0.00170344 0.00182807 0.00192901 0.00206272 0.0021855 0.00232027 0.00247721 0.00262274 0.00280719 0.00297863 0.00317752 0.00341147 0.00362967 0.00390455 0.00419879 0.00453608 0.00491322 0.00534127 0.00588074 0.00646395 0.00717546 0.00803186 0.00904945 0.0102542 0.0116523 0.0133498 0.0152799 0.0174734 0.0199216 0.0226144 0.0254881 0.028384 0.0312631 0.0339398 0.036271 0.0379932 0.0389404 0.0389516 0.0378341 0.0354714 0.0317289 0.0266797 0.0203441 0.0129132 0.00454835 -0.00442875 -0.0136827 -0.0228373 -0.0314956 -0.039325 -0.0459589 -0.0512014 -0.0548365 -0.0568587 -0.0572226 -0.0560871 -0.0535861 -0.0500271 -0.0456737 -0.0408563 -0.0358246 -0.0308163 -0.0260154 -0.0215628 -0.0175803 -0.0141089 -0.0111938 -0.0087793 -0.0068545 -0.00531456 -0.00414077 -0.00322413 -0.00256143 -0.00205188 -0.00170608 -0.00142923 -0.00123997 -0.00104679 -0.000871589 -0.000623088 -0.00032129 0.000128058 0.000711617 0.0015294 0.0025805 0.00397428 0.00572662 0.00794937 0.010658 0.0139278 0.0177268 0.0220417 0.0267646 0.0317834 0.0369268 0.0419884 0.0467296 0.0508413 0.0540467 0.0560231 0.056591 0.0555494 0.0528899 0.048565 0.0427383 0.0355462 0.0273185 0.0183416 0.00900727 -0.00032672 -0.0092888 -0.0175358 -0.0248472 -0.0309965 -0.0359067 -0.0394397 -0.0416707 -0.0426555 -0.0425799 -0.0415628 -0.0397669 -0.0374277 -0.0347229 -0.0318631 -0.0289009 -0.0260228 -0.023307 -0.0208287 -0.0185888 -0.0165825 -0.0148844 -0.0134096 -0.0121642 -0.0110899 -0.0102053 -0.00947374 -0.00881872 -0.00829218 -0.00782853 -0.00744136 -0.00709115 -0.00678038 -0.00653363 -0.00627682 -0.00607006 -0.00587719 -0.00569499 -0.00554609 -0.00538383 -0.00525888 -0.00512861 -0.00500781 -0.00491864 -0.00479946 -0.0047094 -0.00463276 -0.00455732 -0.00449284 -0.00439289 -0.0043417 -0.00431643 -0.00423529 -0.0041765 -0.00413947 -0.00409843 -0.00406694 -0.00402561 -0.00399986 -0.00397209 -0.00392768 -0.00391813 -0.00390512 -0.00387097 -0.0038703 -0.0038636 -0.00383527 -0.00384033 
0 6.62109e-05 0.000150412 0.000203141 0.00025829 0.00033517 0.000392559 0.00047225 0.000561899 0.000618525 0.000697277 0.000766565 0.00082345 0.000929365 0.00100506 0.00107764 0.00118802 0.0012515 0.00135238 0.00147753 0.00154354 0.001651 0.00176683 0.00187595 0.00201056 0.00212446 0.00227647 0.0024197 0.00255908 0.00274915 0.00289981 0.00309021 0.00330752 0.00351137 0.00377181 0.004029 0.00434042 0.00468374 0.00505149 0.00551335 0.00600709 0.00661341 0.00731306 0.00813442 0.00914318 0.010301 0.0117003 0.013317 0.015217 0.01739 0.0197957 0.0224789 0.0253372 0.0283367 0.0313021 0.0341499 0.0367339 0.0388304 0.0402661 0.0408106 0.0403865 0.0387857 0.0359225 0.0317139 0.0262169 0.0195473 0.0118117 0.00324864 -0.00591796 -0.0152814 -0.0245379 -0.033284 -0.0412341 -0.0480477 -0.0534863 -0.0573674 -0.0595977 -0.0602046 -0.0592415 -0.0569177 -0.0534217 -0.0490947 -0.0441778 -0.0390077 -0.033767 -0.028712 -0.0239523 -0.0196603 -0.0158719 -0.01266 -0.00998047 -0.00782006 -0.00609279 -0.00475166 -0.00371545 -0.00293796 -0.00235693 -0.00193174 -0.00161356 -0.00136415 -0.00114124 -0.000907171 -0.000620592 -0.000243008 0.000271614 0.000964255 0.00189233 0.00310287 0.00467204 0.00665187 0.00912928 0.012133 0.0157186 0.0198381 0.024472 0.029473 0.0347471 0.0400617 0.0452524 0.0499995 0.05407 0.0571119 0.0589182 0.0592368 0.0579797 0.0550585 0.0505254 0.0444964 0.0371795 0.0288662 0.0198252 0.0104267 0.000969051 -0.00812816 -0.0166104 -0.0241881 -0.0307347 -0.0360758 -0.0401175 -0.042855 -0.0443392 -0.0447374 -0.0441071 -0.0426543 -0.0405186 -0.0379548 -0.0351076 -0.0321045 -0.0291137 -0.0262101 -0.023533 -0.0210501 -0.0188399 -0.0168966 -0.0152051 -0.0137759 -0.0125251 -0.0114998 -0.0106126 -0.00987226 -0.00925426 -0.00869848 -0.00826061 -0.00785413 -0.0075129 -0.00720995 -0.00692834 -0.00671006 -0.00646507 -0.00627194 -0.00610215 -0.00591338 -0.00577777 -0.00562938 -0.00550354 -0.00538937 -0.00527344 -0.00519815 -0.00507491 -0.00498283 -0.00493449 -0.0048298 -0.00476387 -0.00470558 -0.00462707 -0.00459972 -0.00455142 -0.00449393 -0.00445725 -0.00440056 -0.00437098 -0.0043507 -0.00431164 -0.00429667 -0.00427499 -0.0042426 -0.00423608 -0.00422585 -0.00420597 -0.00420472 
0 7.08868e-05 0.000135848 0.000215525 0.000298671 0.000376401 0.000447089 0.000514596 0.000595441 0.000665765 0.000744448 0.000856216 0.000929365 0.000994398 0.00110815 0.0011941 0.0012725 0.0013794 0.00147689 0.00159653 0.00170242 0.00180069 0.00195573 0.00207267 0.00218207 0.00234813 0.00248508 0.00263719 0.00281673 0.0029964 0.00319793 0.003397 0.00364441 0.00389518 0.00414433 0.00447301 0.00480543 0.00518005 0.00562148 0.00612866 0.00673249 0.0074025 0.00823683 0.00921516 0.0103531 0.0117158 0.0132959 0.0151605 0.0172628 0.0196493 0.0222918 0.0251363 0.0281485 0.0311817 0.0341672 0.0369102 0.0392884 0.0410889 0.0421194 0.0422397 0.0412848 0.0391856 0.0357944 0.031146 0.0252636 0.0183008 0.0103782 0.00168405 -0.00750555 -0.0168905 -0.0260941 -0.0348495 -0.042809 -0.049738 -0.0553231 -0.0594164 -0.061877 -0.0627278 -0.0620179 -0.0599005 -0.0565823 -0.0523178 -0.0474128 -0.0421257 -0.0367413 -0.0314378 -0.0264343 -0.021825 -0.0177549 -0.0142252 -0.0112915 -0.00886951 -0.00695327 -0.00542317 -0.00426166 -0.00335473 -0.00269482 -0.00218076 -0.00181267 -0.00149634 -0.00123456 -0.000935344 -0.000601641 -0.000140258 0.000447954 0.00126185 0.00230746 0.00369608 0.00544515 0.00767624 0.0104025 0.0137214 0.0175942 0.0220415 0.0269368 0.0322088 0.0376541 0.043118 0.0483276 0.0530427 0.0569508 0.0597941 0.0613336 0.0613947 0.0598788 0.0567249 0.0520125 0.0458476 0.0385021 0.0301874 0.0212293 0.0118647 0.0024617 -0.00668583 -0.0152594 -0.0230531 -0.0299023 -0.0356377 -0.0401769 -0.0434313 -0.0454929 -0.046387 -0.0462607 -0.0452056 -0.0434104 -0.0410597 -0.0383047 -0.0353461 -0.0322755 -0.0292676 -0.0263689 -0.0236894 -0.0212595 -0.0190707 -0.0171673 -0.0155039 -0.0141106 -0.0128947 -0.0118648 -0.0110209 -0.0102842 -0.00966576 -0.00911676 -0.00867493 -0.0082775 -0.00790007 -0.0076122 -0.00733278 -0.00708061 -0.00685995 -0.00666129 -0.00648953 -0.00629994 -0.00616265 -0.00602767 -0.00586158 -0.00576025 -0.00565224 -0.00552984 -0.00543959 -0.00534848 -0.00528137 -0.00520327 -0.00511457 -0.00506945 -0.00500651 -0.00493153 -0.00488541 -0.00484237 -0.00481017 -0.00476503 -0.00472122 -0.00471154 -0.00466755 -0.00463207 -0.00464404 -0.00460251 -0.00457435 -0.00460145 -0.00456941 
0 8.54346e-05 0.000151805 0.000238745 0.000323861 0.000389872 0.000485304 0.000574685 0.000637935 0.00073753 0.000829776 0.000897205 0.00100506 0.00110815 0.00118771 0.00128604 0.00139952 0.00152141 0.00161477 0.00171351 0.00185666 0.00198011 0.00211106 0.00224975 0.00238448 0.00256506 0.00272054 0.00288147 0.00308722 0.00327702 0.003493 0.00372172 0.00398263 0.00426686 0.00455125 0.00492252 0.00530674 0.00572972 0.00624757 0.0068316 0.00752316 0.00830036 0.00926389 0.0103992 0.0116956 0.0132531 0.0150532 0.0171443 0.0194665 0.0220642 0.0249156 0.0279081 0.0309985 0.0340326 0.0369446 0.0395095 0.0415826 0.0429887 0.0435522 0.0431618 0.0416473 0.0389926 0.0350945 0.0300258 0.0238222 0.0166351 0.00860486 -9.88588e-05 -0.00920547 -0.0184674 -0.0275287 -0.0361725 -0.0440727 -0.0510236 -0.0567134 -0.0609815 -0.0636756 -0.0647926 -0.0643735 -0.062528 -0.0594444 -0.0553294 -0.0504904 -0.0451677 -0.0396747 -0.0341878 -0.0289564 -0.0240756 -0.0197198 -0.0158964 -0.0126875 -0.0100127 -0.00787956 -0.00616448 -0.00485137 -0.00381919 -0.00305733 -0.00245893 -0.00201969 -0.00164076 -0.00131931 -0.000958842 -0.000556473 -1.46389e-05 0.000670789 0.00160373 0.00279421 0.00436008 0.00631951 0.00879824 0.0117995 0.0154166 0.0195869 0.0243229 0.0294697 0.0349528 0.0405391 0.0460732 0.0512507 0.055843 0.0595295 0.062097 0.0633241 0.0630855 0.0612935 0.0579199 0.0530556 0.0468284 0.0395119 0.0313007 0.0225013 0.0133067 0.00406029 -0.00500303 -0.0135817 -0.0215002 -0.0285762 -0.034652 -0.0396387 -0.0434292 -0.0460683 -0.0475235 -0.0479349 -0.0473679 -0.0459959 -0.0439485 -0.0413864 -0.0385297 -0.0354787 -0.0324052 -0.0293559 -0.0264975 -0.0238625 -0.0214536 -0.0193141 -0.0174279 -0.0158405 -0.0144344 -0.013239 -0.0122468 -0.0113947 -0.0106751 -0.010034 -0.00952884 -0.00907184 -0.00865348 -0.00832124 -0.00800527 -0.00773196 -0.0074721 -0.00725134 -0.00705654 -0.00684196 -0.00668594 -0.00653287 -0.00637675 -0.00624918 -0.00611277 -0.00601595 -0.00591819 -0.00579707 -0.00570569 -0.0056285 -0.00556515 -0.00548081 -0.00539398 -0.00535922 -0.00530319 -0.00523711 -0.00520892 -0.00516051 -0.00510993 -0.00508516 -0.00505335 -0.00502485 -0.00500618 -0.00498736 -0.00497146 -0.00495757 -0.00494833 
0 8.95743e-05 0.000178352 0.000258852 0.000347006 0.000425126 0.000510689 0.000618169 0.000701896 0.000800994 0.000907013 0.000972839 0.00107764 0.0011941 0.00128604 0.00141386 0.00151687 0.00161834 0.00176215 0.00187757 0.00201316 0.00215124 0.00227071 0.00244785 0.00260853 0.00276514 0.00296022 0.00314141 0.00335657 0.0035757 0.00380065 0.00407481 0.00434638 0.00465906 0.00500748 0.00539193 0.00584373 0.00632865 0.00691769 0.0076025 0.00837725 0.0093101 0.0104065 0.0117096 0.0132062 0.014956 0.0170033 0.0192924 0.0218443 0.024633 0.0276391 0.0307432 0.0338256 0.0368174 0.0395473 0.0418574 0.0435365 0.0444692 0.0445204 0.0435484 0.0414734 0.0382325 0.033877 0.0284175 0.0219666 0.0146266 0.00656776 -0.00203061 -0.010967 -0.0199771 -0.0288332 -0.0372574 -0.0450511 -0.0519351 -0.057699 -0.0621039 -0.0650393 -0.066442 -0.0663454 -0.0648302 -0.0620264 -0.0581452 -0.0534172 -0.0481451 -0.0425713 -0.0369731 -0.0315218 -0.0264239 -0.0217707 -0.0176873 -0.0141739 -0.011263 -0.00887595 -0.00698583 -0.00548562 -0.0043377 -0.0034423 -0.00276947 -0.00223003 -0.0017983 -0.00138907 -0.000977106 -0.000477676 0.000134776 0.000947669 0.00199018 0.00335936 0.00509311 0.00729891 0.0100107 0.0133167 0.0172012 0.021682 0.0266539 0.0320451 0.0376666 0.0433668 0.0488813 0.0539808 0.0583575 0.0617747 0.0639955 0.0648752 0.0643018 0.06222 0.058647 0.0536576 0.0474478 0.0402099 0.0322079 0.0236281 0.0147344 0.00573276 -0.00311307 -0.01161 -0.0195573 -0.0267789 -0.0331396 -0.0385084 -0.0428394 -0.0460375 -0.0481163 -0.0490964 -0.0491011 -0.048228 -0.0465757 -0.0443201 -0.0416264 -0.0386921 -0.0355932 -0.032472 -0.0294567 -0.0266255 -0.0240206 -0.0216319 -0.01954 -0.0177134 -0.0161229 -0.0147554 -0.0135852 -0.0126164 -0.0117649 -0.0110462 -0.0104439 -0.00991015 -0.009463 -0.00905282 -0.00870652 -0.00839927 -0.00810417 -0.00786316 -0.00762567 -0.00742175 -0.00723448 -0.00704095 -0.00690661 -0.00675701 -0.00660731 -0.00649394 -0.00636416 -0.00627046 -0.00617305 -0.00605774 -0.00598542 -0.00590158 -0.00583639 -0.00578855 -0.00570446 -0.00564991 -0.00560081 -0.00554707 -0.00552451 -0.00547402 -0.00543919 -0.00542577 -0.00537561 -0.00537019 -0.00536902 -0.00532367 -0.00533323 
0 7.05557e-05 0.000200055 0.000273292 0.000357082 0.000494321 0.000564806 0.000641459 0.000771654 0.000847926 0.000938855 0.00108847 0.00118802 0.0012725 0.00139952 0.00151687 0.00162927 0.00175696 0.00189062 0.00203317 0.0021744 0.00232205 0.00248218 0.00264965 0.00282417 0.00299281 0.00319182 0.00341773 0.00362745 0.00387209 0.00414998 0.00443171 0.00474509 0.00509367 0.00548822 0.00591888 0.00641126 0.00699425 0.00765407 0.00843279 0.00934422 0.0104197 0.011689 0.0131618 0.014881 0.0168559 0.0191141 0.0216266 0.0243725 0.0273382 0.0304413 0.0335807 0.0366163 0.0394572 0.0419406 0.0438781 0.0451039 0.045497 0.0449731 0.0434001 0.040729 0.036951 0.0321484 0.0263783 0.019729 0.0123256 0.00432591 -0.0040802 -0.0127349 -0.0214267 -0.0299726 -0.0381357 -0.0457277 -0.0525114 -0.0582793 -0.0628144 -0.0659751 -0.0676863 -0.0679393 -0.0667901 -0.0643258 -0.0607244 -0.0561894 -0.0510093 -0.0454348 -0.0397476 -0.0341423 -0.0288295 -0.0239273 -0.0195661 -0.0157772 -0.0125971 -0.00997203 -0.00786871 -0.00619355 -0.00489377 -0.00387719 -0.00309662 -0.00246941 -0.00195287 -0.00146802 -0.000972663 -0.000388211 0.000327809 0.0012565 0.00244425 0.00398125 0.00592133 0.00836025 0.0113401 0.0149259 0.0190989 0.0238455 0.0290546 0.0346262 0.0403671 0.0461001 0.0515556 0.0564891 0.0606036 0.0636814 0.0655193 0.0660125 0.0650792 0.0627075 0.0589356 0.0538765 0.0477146 0.0406445 0.0328893 0.0246308 0.0160943 0.00745159 -0.00109641 -0.00940773 -0.0172925 -0.0245896 -0.031147 -0.0368652 -0.0416634 -0.0454327 -0.0481243 -0.0497314 -0.05035 -0.050035 -0.0488795 -0.0470054 -0.0445967 -0.0418231 -0.0387966 -0.0356631 -0.0325412 -0.0295542 -0.0267427 -0.024156 -0.021831 -0.0197691 -0.0179773 -0.0164171 -0.0150829 -0.013939 -0.01297 -0.0121487 -0.0114278 -0.0108217 -0.0103001 -0.00984058 -0.00943196 -0.00907955 -0.00877963 -0.00848352 -0.00823007 -0.00801891 -0.00780112 -0.00760271 -0.00742797 -0.00726843 -0.00711574 -0.00697042 -0.00684563 -0.00672656 -0.00662737 -0.00653246 -0.00642359 -0.00635576 -0.00628234 -0.00616985 -0.00612114 -0.00608796 -0.00599826 -0.00595457 -0.00593227 -0.00586487 -0.00583911 -0.00582735 -0.00577332 -0.00575322 -0.0057423 -0.0057111 -0.00571977 
0 9.92575e-05 0.000199879 0.000299759 0.000397011 0.000501394 0.000605802 0.000709507 0.000822466 0.000923561 0.0010297 0.00115054 0.0012515 0.0013794 0.00152141 0.00161834 0.00175696 0.00192154 0.00203812 0.00217589 0.00233687 0.0025046 0.00267827 0.00284506 0.00304787 0.00324686 0.00345926 0.00370725 0.00392549 0.00419831 0.00450521 0.00479949 0.00515654 0.00554955 0.00599813 0.00648748 0.00705057 0.00773889 0.00848407 0.00937723 0.0104373 0.0116678 0.0131124 0.0147702 0.0167234 0.0189206 0.0213846 0.0241098 0.0270357 0.0301386 0.0332796 0.0363935 0.0393134 0.0419197 0.0440587 0.0455357 0.0462431 0.0460393 0.0448942 0.0426929 0.0394351 0.0351579 0.0299568 0.0239377 0.0171582 0.00977992 0.00192608 -0.00619807 -0.0144921 -0.0227907 -0.0309574 -0.0387983 -0.0461264 -0.0527601 -0.0584842 -0.0631291 -0.0665026 -0.0685363 -0.0691541 -0.0684056 -0.0663195 -0.0630535 -0.0587709 -0.0537455 -0.0482287 -0.0425018 -0.0367868 -0.0312894 -0.0261661 -0.0215375 -0.0174833 -0.0140259 -0.0111605 -0.00882674 -0.00697077 -0.00550077 -0.00435833 -0.00345259 -0.00273395 -0.0021154 -0.00155131 -0.000955101 -0.000281557 0.000556195 0.00160615 0.00295891 0.00467121 0.00683768 0.00951545 0.0127762 0.0166364 0.0210936 0.0260827 0.0315046 0.0372161 0.0430322 0.0487415 0.0540769 0.0587825 0.0625766 0.0652713 0.0666882 0.0667745 0.0654616 0.0628036 0.0588423 0.0537508 0.0476756 0.0408274 0.0333697 0.025492 0.0173735 0.00915646 0.000984076 -0.00705869 -0.014789 -0.0220839 -0.0287635 -0.0347663 -0.0399663 -0.0442624 -0.0475561 -0.0498063 -0.0510715 -0.0513555 -0.0507662 -0.0493651 -0.0473363 -0.0448097 -0.0419359 -0.0388758 -0.0357202 -0.0326266 -0.0296422 -0.0268791 -0.0243376 -0.0220338 -0.0200215 -0.0182505 -0.0167299 -0.0153919 -0.0142727 -0.0133334 -0.0124905 -0.0117964 -0.0111972 -0.0106852 -0.0102211 -0.00981292 -0.00948801 -0.00914931 -0.00886082 -0.00861781 -0.00837061 -0.00816863 -0.00796967 -0.00778856 -0.00762986 -0.00748405 -0.00736161 -0.00720347 -0.00708118 -0.00700724 -0.00688291 -0.00677764 -0.00670806 -0.0066244 -0.00655717 -0.00649319 -0.00643085 -0.00637999 -0.00632292 -0.00627939 -0.00624182 -0.00620186 -0.00618117 -0.00615954 -0.0061367 -0.00612515 -0.0061053 
