0 0 0 0 0 0 0 0 0 0 0 0 0 0 0 0 0 0 0 0 0 0 0 0 0 0 0 0 0 0 0 0 0 0 0 0 0 0 0 0 0 0 0 0 0 0 0 0 0 0 0 0 0 0 0 0 0 0 0 0 0 0 0 0 0 0 0 0 0 0 0 0 0 0 0 0 0 0 0 0 0 0 0 0 0 0 0 0 0 0 0 0 0 0 0 0 0 0 0 0 0 0 0 0 0 0 0 0 0 0 0 0 0 0 0 0 0 0 0 0 0 0 0 0 0 0 0 0 0 0 0 0 0 0 0 0 0 0 0 0 0 0 0 0 0 0 0 0 0 0 0 0 0 0 0 0 0 0 0 0 0 0 0 0 0 0 0 0 0 0 0 0 0 0 0 0 0 0 0 0 0 0 0 0 0 0 0 0 0 0 0 0 0 0 0 0 0 0 0 0 
0 -4.49025e-06 9.38259e-06 6.00044e-07 3.26952e-06 1.4448e-05 5.23308e-06 1.16696e-05 1.41332e-05 1.15747e-05 1.98973e-05 1.60032e-05 2.43506e-05 1.9489e-05 1.10143e-05 3.19126e-05 1.73387e-05 2.60513e-05 5.23386e-05 2.29672e-05 3.26752e-05 4.19498e-05 2.38714e-05 4.04808e-05 4.60516e-05 4.68749e-05 3.56888e-05 3.99632e-05 6.5373e-05 5.71953e-05 5.81823e-05 5.09711e-05 6.08972e-05 7.62736e-05 5.4355e-05 6.7091e-05 7.21524e-05 7.09731e-05 7.76253e-05 8.04226e-05 8.97098e-05 8.35078e-05 0.000101348 0.000100493 9.74559e-05 0.000113019 0.000111173 0.000114747 0.000115892 0.000130616 0.000126431 0.000129697 0.000146763 0.000146783 0.000152584 0.000161187 0.000179185 0.000177386 0.000187615 0.000206289 0.000214814 0.000220608 0.000233737 0.000257607 0.000262652 0.000274919 0.000295996 0.000321104 0.00033274 0.000351549 0.000386228 0.000419118 0.000447929 0.000485463 0.000549292 0.000619846 0.000701547 0.000809502 0.000968537 0.00117035 0.00141726 0.00172758 0.00212581 0.00261248 0.00317338 0.00380872 0.00452007 0.00529529 0.00608272 0.00682688 0.00746642 0.00795078 0.00820867 0.00817939 0.00781395 0.00711034 0.00608115 0.00476032 0.00318142 0.00141496 -0.000444464 -0.00227141 -0.00396126 -0.00542998 -0.0066329 -0.0075274 -0.00808978 -0.0083068 -0.00821253 -0.00785945 -0.00731763 -0.00663787 -0.00588104 -0.00510469 -0.00437022 -0.00370079 -0.00310128 -0.00257019 -0.00212456 -0.00176995 -0.00148797 -0.00125597 -0.00106883 -0.000936339 -0.000839019 -0.000757742 -0.000682465 -0.000633958 -0.000599035 -0.000563743 -0.000522789 -0.000497893 -0.000482965 -0.000457898 -0.000431842 -0.000415619 -0.000410159 -0.000386607 -0.000370717 -0.000362631 -0.000357775 -0.00033841 -0.000328042 -0.000329951 -0.00031641 -0.000306505 -0.000299892 -0.000303115 -0.00028448 -0.000280386 -0.000281398 -0.000269107 -0.000262102 -0.00025661 -0.000259345 -0.000239711 -0.000243689 -0.000242507 -0.000229984 -0.000234162 -0.000228724 -0.00022931 -0.000219446 -0.000230577 -0.000222083 -0.000204992 -0.00022258 -0.000213414 -0.000209519 -0.000196192 -0.000193558 -0.00021224 -0.000201304 -0.000193133 -0.000184679 -0.000202854 -0.000204416 -0.0001821 -0.00020494 -0.000186326 -0.000170976 -0.000195719 -0.000182193 -0.000183002 -0.000186723 -0.000179218 -0.000183036 -0.000177246 -0.000187002 -0.000183632 -0.000172678 -0.000184614 -0.000170488 -0.000168608 -0.00018559 -0.000172132 -0.000178685 -0.000187185 -0.000167214 -0.000177207 
0 9.38259e-06 2.01845e-06 1.12299e-05 1.73413e-05 9.82389e-06 1.83946e-05 2.66667e-05 2.12989e-05 2.77619e-05 3.55711e-05 2.75161e-05 3.53337e-05 4.99835e-05 4.68367e-05 5.29622e-05 5.92026e-05 4.91543e-05 4.65878e-05 5.99362e-05 7.07731e-05 7.22806e-05 8.08619e-05 8.46596e-05 7.88142e-05 8.09975e-05 0.000103384 0.000113436 7.9367e-05 9.16116e-05 0.000123598 0.00011129 0.000120958 0.000123947 0.000132733 0.000146132 0.000148812 0.000155364 0.000149736 0.000176289 0.000167419 0.0001678 0.00019355 0.00018443 0.000199369 0.000205045 0.000227635 0.00022224 0.000237947 0.00026644 0.000254928 0.000280884 0.000289743 0.000313262 0.000305688 0.0003337 0.000356708 0.000353401 0.000380214 0.000396617 0.000431759 0.000423697 0.00046981 0.000494964 0.000523345 0.000541731 0.000586859 0.00063909 0.000659458 0.000714238 0.000765914 0.000852059 0.000893881 0.000994254 0.00110082 0.00126126 0.00141387 0.00164754 0.00195655 0.00236637 0.00286222 0.00348621 0.0042872 0.00524936 0.00637903 0.00763503 0.00906552 0.0105856 0.0121604 0.0136125 0.0148939 0.0158241 0.0163429 0.0162518 0.0155387 0.0141146 0.0120859 0.00943607 0.00631908 0.00279302 -0.000872387 -0.00451674 -0.0078516 -0.010793 -0.0131649 -0.014966 -0.0160673 -0.016529 -0.0163338 -0.0156647 -0.0145768 -0.0132531 -0.0117383 -0.0102187 -0.00874207 -0.00742031 -0.00621029 -0.00516167 -0.00426348 -0.00355419 -0.00298329 -0.00251555 -0.00214719 -0.00186892 -0.00168198 -0.00150288 -0.00137385 -0.00125576 -0.00120439 -0.00111439 -0.00105717 -0.000991249 -0.000972737 -0.000917683 -0.000872867 -0.000843998 -0.000821074 -0.000792465 -0.000743539 -0.000745334 -0.000710859 -0.000693448 -0.000655568 -0.000661018 -0.000632116 -0.000604702 -0.000601925 -0.000583937 -0.000572906 -0.000543153 -0.000559829 -0.000530964 -0.000521356 -0.000521764 -0.000510364 -0.000501739 -0.00048611 -0.00050015 -0.000468092 -0.000468036 -0.000469548 -0.000448431 -0.000445837 -0.000433826 -0.000437688 -0.000425101 -0.000427537 -0.000414564 -0.000403262 -0.000436809 -0.000415339 -0.000387903 -0.00039905 -0.000407521 -0.000399516 -0.000380351 -0.000380336 -0.00037804 -0.000373695 -0.00038146 -0.000384502 -0.000377456 -0.000365174 -0.000369538 -0.00037124 -0.000359466 -0.000366946 -0.000366106 -0.000347359 -0.000356759 -0.000363093 -0.00034918 -0.00036536 -0.000366213 -0.000343185 -0.000357868 -0.000350894 -0.000336088 -0.000360648 -0.000350024 
0 6.00044e-07 1.12299e-05 1.18545e-05 1.76608e-05 2.66368e-05 2.65448e-05 3.43794e-05 3.7809e-05 4.16281e-05 5.12942e-05 5.08409e-05 6.12597e-05 6.18613e-05 5.80835e-05 7.73739e-05 7.33845e-05 8.34125e-05 0.000106276 9.08957e-05 0.000100116 0.000109634 0.000102057 0.000119039 0.000128463 0.000131782 0.000130942 0.000141787 0.000159978 0.000164012 0.000172602 0.000166783 0.000182823 0.00020002 0.000189009 0.00020506 0.000216352 0.000222167 0.000232631 0.000248501 0.000258996 0.000262432 0.000289843 0.000293992 0.000301446 0.000323625 0.000334953 0.000342639 0.000357014 0.000384324 0.000386665 0.000405191 0.000433902 0.000450043 0.000464356 0.000493136 0.000528112 0.000539293 0.000570009 0.000609121 0.000641435 0.000662271 0.000706068 0.000756814 0.000789392 0.000829327 0.000888922 0.00095578 0.00100277 0.00107039 0.00116111 0.00126283 0.00135687 0.00148687 0.00166581 0.00188455 0.00214225 0.00248791 0.00296391 0.00357388 0.00433163 0.00528099 0.00647935 0.00792528 0.00960463 0.0114994 0.0136135 0.0158804 0.0181817 0.0203405 0.0221991 0.0235744 0.0242879 0.0241485 0.0230481 0.0209479 0.0179023 0.0139859 0.00933543 0.00414036 -0.00130308 -0.00666963 -0.0116379 -0.0159826 -0.0195344 -0.02219 -0.0238623 -0.024548 -0.0243152 -0.0233301 -0.0217635 -0.0197983 -0.0175931 -0.0153338 -0.0131618 -0.0111725 -0.00937895 -0.00780441 -0.00646931 -0.00539188 -0.00452519 -0.00382314 -0.00326339 -0.0028479 -0.00253951 -0.00228562 -0.00207359 -0.00191499 -0.00180231 -0.00169015 -0.00158545 -0.00150308 -0.00144843 -0.00137759 -0.00130974 -0.00125984 -0.00122553 -0.00117265 -0.00112358 -0.00109727 -0.00106771 -0.00102754 -0.000993275 -0.000982389 -0.000950501 -0.000920798 -0.000902995 -0.000890814 -0.000860416 -0.000839017 -0.000834189 -0.000807769 -0.000788442 -0.000776167 -0.000766864 -0.000740056 -0.000731819 -0.0007276 -0.000703746 -0.000699841 -0.000691942 -0.000681604 -0.000669156 -0.00067083 -0.000658908 -0.000638127 -0.000648338 -0.000635191 -0.000621148 -0.00061267 -0.000604453 -0.000609776 -0.000600845 -0.000590408 -0.000580387 -0.000589771 -0.000589078 -0.00057073 -0.000581471 -0.000564829 -0.000551139 -0.00056581 -0.000553167 -0.000552046 -0.000553708 -0.000543791 -0.000545723 -0.000542732 -0.000544468 -0.000542518 -0.000535225 -0.000536328 -0.000528132 -0.000526805 -0.000533011 -0.000528513 -0.000531802 -0.000535799 -0.000528531 -0.000526578 
0 3.26952e-06 1.73413e-05 1.76608e-05 2.23694e-05 3.472e-05 3.61353e-05 4.30152e-05 5.20288e-05 5.61305e-05 6.32335e-05 7.03095e-05 7.95638e-05 8.29774e-05 8.85927e-05 0.000102071 0.000100372 0.000109537 0.000126881 0.000122013 0.000133318 0.000147654 0.000146175 0.00015872 0.000169696 0.00017819 0.000181821 0.000187483 0.0002091 0.000213426 0.000219456 0.000231503 0.000242177 0.000260467 0.000261534 0.00027696 0.000292974 0.00029908 0.000317897 0.000326625 0.000344279 0.000355607 0.000373098 0.000391697 0.00040021 0.000428594 0.000440768 0.000461543 0.000482579 0.000505521 0.000528649 0.00054577 0.000583235 0.00060068 0.000631283 0.00066135 0.000697393 0.000727555 0.000759849 0.000811191 0.000844455 0.000891971 0.000937202 0.00100265 0.00105043 0.00111229 0.00118756 0.00126698 0.00134836 0.00143618 0.00156091 0.00168397 0.00183405 0.002006 0.0022511 0.00253713 0.00290595 0.00337906 0.00402145 0.004839 0.00586724 0.00715405 0.00874995 0.0106727 0.0128963 0.0154194 0.0181981 0.0211705 0.0241536 0.0269652 0.0293547 0.0311186 0.031984 0.0317604 0.030269 0.0274994 0.0234679 0.0183199 0.0122005 0.00541117 -0.00171377 -0.00872095 -0.0152474 -0.0209488 -0.0256376 -0.0291285 -0.0313611 -0.0322941 -0.0320577 -0.0308089 -0.0288078 -0.0262548 -0.0234057 -0.020454 -0.0176118 -0.0149703 -0.0125995 -0.0105084 -0.0087382 -0.00728296 -0.00610942 -0.00516454 -0.00441355 -0.00384734 -0.00341017 -0.00307185 -0.00278491 -0.0025772 -0.00240231 -0.00226325 -0.00212198 -0.00202048 -0.00192752 -0.00184402 -0.00175855 -0.00169037 -0.00163598 -0.00156891 -0.00151686 -0.00146419 -0.00142927 -0.00137385 -0.00133876 -0.00130295 -0.00126859 -0.00123295 -0.00120106 -0.00118152 -0.00114328 -0.00112478 -0.00109853 -0.001079 -0.00105376 -0.00103495 -0.00102172 -0.000994106 -0.000985686 -0.000965168 -0.000951482 -0.000936307 -0.000921562 -0.00091137 -0.00089157 -0.000889372 -0.000871814 -0.000858111 -0.000853742 -0.000842209 -0.000837004 -0.000818316 -0.000813925 -0.000814018 -0.000800745 -0.000791534 -0.000781357 -0.000784095 -0.000774688 -0.000760864 -0.000767501 -0.0007552 -0.000746041 -0.000751304 -0.000742698 -0.00073741 -0.000734764 -0.000731437 -0.000727165 -0.000721097 -0.000724725 -0.0007181 -0.0007116 -0.000718921 -0.000709348 -0.000706785 -0.000716126 -0.000704311 -0.000703434 -0.000708482 -0.00069752 -0.000704888 
0 1.4448e-05 9.82389e-06 2.66368e-05 3.472e-05 3.35572e-05 4.99463e-05 5.4597e-05 6.27525e-05 7.28976e-05 7.70185e-05 9.08465e-05 8.84631e-05 0.00010708 0.000125866 0.000111925 0.000142759 0.000143319 0.000124152 0.000169021 0.000169162 0.000171745 0.000202692 0.000197742 0.000205819 0.000212298 0.000242012 0.000255611 0.000236355 0.000260863 0.000276363 0.000300419 0.000304751 0.0003036 0.000345531 0.000347488 0.000364225 0.000381413 0.000393321 0.000416132 0.000423392 0.000454119 0.000459404 0.000485524 0.000511794 0.00052346 0.000556844 0.000575656 0.000609925 0.000627399 0.000664136 0.00069547 0.000719576 0.000761097 0.000791282 0.00083494 0.000865063 0.000916883 0.000959141 0.00100656 0.00106098 0.00111707 0.00118304 0.00124235 0.00132312 0.00139823 0.00149099 0.00158305 0.00169546 0.00181679 0.00195734 0.00212111 0.00231267 0.00255206 0.00284383 0.00322137 0.00369567 0.0043218 0.00512632 0.00616766 0.0074749 0.00911162 0.0111094 0.0134986 0.0162663 0.0193934 0.0228202 0.0264365 0.0300578 0.0334414 0.0363141 0.0383819 0.0393612 0.0389958 0.0371232 0.0336783 0.0287164 0.0223709 0.0148822 0.00658042 -0.00208986 -0.0106481 -0.0186204 -0.0256303 -0.0313858 -0.0357022 -0.0384689 -0.0396924 -0.0394801 -0.0380485 -0.0356594 -0.0326028 -0.0291575 -0.0255858 -0.0220985 -0.0188398 -0.0158952 -0.0133058 -0.0110986 -0.00926022 -0.00776872 -0.00656757 -0.00562651 -0.00488758 -0.00432311 -0.00387566 -0.00353065 -0.00324858 -0.00302521 -0.00283559 -0.0026776 -0.00253947 -0.00241515 -0.00231113 -0.00221131 -0.00212793 -0.00203957 -0.00197421 -0.00190228 -0.00184223 -0.00177926 -0.00172952 -0.00168077 -0.00162597 -0.00158896 -0.00154321 -0.00151057 -0.00146348 -0.00144035 -0.00140542 -0.0013715 -0.00134969 -0.00131997 -0.00130143 -0.00126643 -0.00125935 -0.00122976 -0.00120792 -0.00119644 -0.00116837 -0.00115858 -0.00113311 -0.00112625 -0.00109763 -0.00108789 -0.00109166 -0.00105477 -0.00105005 -0.00103967 -0.00104367 -0.00103086 -0.000994105 -0.00100187 -0.000998633 -0.00099432 -0.000966299 -0.000954799 -0.000971599 -0.000936635 -0.000949289 -0.000959366 -0.000921502 -0.000931428 -0.000926388 -0.000914057 -0.000917934 -0.00090942 -0.000908684 -0.000894121 -0.000895174 -0.000902289 -0.000885714 -0.000899068 -0.000896292 -0.000874485 -0.000890937 -0.000882324 -0.000868448 -0.000889539 -0.000878828 
0 5.23308e-06 1.83946e-05 2.65448e-05 3.61353e-05 4.99463e-05 5.89845e-05 6.46257e-05 7.70995e-05 8.79268e-05 9.19516e-05 0.00011018 0.000119972 0.000118942 0.000135398 0.000142492 0.000152299 0.000175618 0.000188791 0.000198686 0.000199205 0.000208745 0.000224807 0.000230506 0.000254795 0.000273917 0.000266694 0.000277906 0.000322128 0.000335066 0.000326964 0.000352213 0.00036657 0.00038302 0.000402578 0.000408954 0.000429565 0.000453838 0.000478705 0.000486656 0.000519837 0.000549096 0.000556599 0.000594955 0.000617636 0.000641444 0.000663115 0.000702499 0.000728542 0.000746936 0.000799922 0.000825952 0.000864191 0.000901362 0.000959324 0.000996016 0.00103932 0.00110902 0.0011576 0.00121894 0.00127504 0.00136593 0.00142507 0.00150637 0.00159691 0.00170098 0.00180003 0.00190771 0.00205526 0.00219739 0.00237114 0.00255562 0.00281628 0.00309969 0.00346953 0.00392108 0.00453464 0.00530463 0.00629927 0.0075646 0.0091724 0.0111648 0.0135674 0.016423 0.0197161 0.023436 0.0274592 0.03168 0.0358521 0.0397504 0.0430045 0.0453212 0.0463256 0.0458006 0.0435098 0.0394313 0.033557 0.0261089 0.0173226 0.00765568 -0.00245085 -0.0124043 -0.0217367 -0.0299432 -0.0367299 -0.0418114 -0.0451308 -0.0466458 -0.0465352 -0.0449691 -0.0422942 -0.0387935 -0.0348488 -0.0307049 -0.0266388 -0.0227825 -0.0192952 -0.0162113 -0.0135744 -0.0113479 -0.00952386 -0.00806265 -0.00690724 -0.00600046 -0.00527653 -0.00473263 -0.00429608 -0.00396029 -0.00365635 -0.00343556 -0.00323477 -0.00307482 -0.00290495 -0.00278139 -0.00266719 -0.00255736 -0.00245129 -0.00236221 -0.00229634 -0.00220256 -0.00213853 -0.00207232 -0.00202659 -0.00195147 -0.0019077 -0.00186787 -0.00181484 -0.00177062 -0.00173165 -0.00170616 -0.00164807 -0.00162633 -0.00159504 -0.00155721 -0.0015254 -0.00150253 -0.00147934 -0.00143774 -0.00143355 -0.00140681 -0.00137885 -0.00136825 -0.00135331 -0.0013345 -0.00131067 -0.00130294 -0.00128031 -0.00127377 -0.00125934 -0.00121825 -0.00121986 -0.00122804 -0.0012023 -0.0011763 -0.00117907 -0.00117796 -0.00116575 -0.0011627 -0.00114772 -0.00113314 -0.00112269 -0.00111839 -0.00112074 -0.00110704 -0.00110064 -0.00109979 -0.00108861 -0.001088 -0.00109269 -0.00108329 -0.00107331 -0.00107479 -0.0010624 -0.00105731 -0.00106968 -0.00105841 -0.00106343 -0.00107408 -0.00105271 -0.00105783 
0 1.16696e-05 2.66667e-05 3.43794e-05 4.30152e-05 5.4597e-05 6.46257e-05 7.64508e-05 8.97101e-05 0.000100837 0.000110353 0.000124501 0.000135388 0.000147288 0.00016537 0.000173258 0.000184525 0.000195867 0.000201346 0.000222038 0.000237461 0.000251945 0.000273566 0.000279406 0.000291186 0.000313717 0.000326238 0.000338583 0.000358292 0.000367728 0.000383776 0.000417139 0.000428033 0.00044371 0.000474983 0.000491529 0.000510503 0.000537016 0.000559782 0.000572678 0.000605937 0.000633953 0.000646498 0.00068604 0.000717936 0.00074312 0.000775616 0.000822514 0.000854184 0.000883131 0.000941136 0.000978234 0.00101644 0.00106577 0.00112765 0.00116926 0.00121915 0.00129639 0.00135562 0.001418 0.00149174 0.00159133 0.0016659 0.00175559 0.00186969 0.00199271 0.00210833 0.00223989 0.00241628 0.00259418 0.00279318 0.00302534 0.00333793 0.00369288 0.00413142 0.0046894 0.00543484 0.00637516 0.00756402 0.00907766 0.0109921 0.0133473 0.0161583 0.0194699 0.0232785 0.0275474 0.0321302 0.0368758 0.0415354 0.04584 0.0493996 0.0518573 0.0528357 0.0520844 0.0493813 0.0446654 0.037951 0.0294618 0.0195131 0.00859646 -0.00277539 -0.0140001 -0.0245417 -0.0338637 -0.0415871 -0.0474147 -0.0512583 -0.0531113 -0.0531364 -0.0515334 -0.0486435 -0.0448094 -0.040432 -0.0358041 -0.0312026 -0.0268038 -0.0227893 -0.0192297 -0.0161595 -0.0135434 -0.0113792 -0.00963737 -0.00825858 -0.00715912 -0.0062806 -0.0056108 -0.00509075 -0.00467502 -0.00431185 -0.00403601 -0.00380714 -0.00361057 -0.00341273 -0.0032624 -0.00313354 -0.00300513 -0.00287697 -0.00277652 -0.00269531 -0.00259147 -0.00250619 -0.00243484 -0.00237351 -0.00228794 -0.00222977 -0.00218175 -0.00211985 -0.00206163 -0.00201977 -0.00198371 -0.00192379 -0.00189301 -0.00186234 -0.00182085 -0.00178472 -0.00176286 -0.00173405 -0.00169242 -0.00167887 -0.00165066 -0.0016172 -0.00159839 -0.00157662 -0.00154875 -0.00152919 -0.00151903 -0.00148818 -0.00147395 -0.00147084 -0.00144767 -0.00143321 -0.00142232 -0.00140461 -0.00139364 -0.00138672 -0.00136561 -0.00134969 -0.00134524 -0.0013325 -0.00132929 -0.00132387 -0.00130976 -0.00130502 -0.00129617 -0.0012881 -0.00128585 -0.00127725 -0.00126735 -0.00126363 -0.00125782 -0.00125209 -0.00125654 -0.001252 -0.00124785 -0.00125185 -0.00123638 -0.0012317 -0.00123649 -0.00122637 -0.00123714 
0 1.41332e-05 2.12989e-05 3.7809e-05 5.20288e-05 6.27525e-05 7.70995e-05 8.97101e-05 0.000102927 0.000112911 0.000129803 0.000144495 0.000147228 0.000172037 0.00018754 0.000187765 0.000220637 0.000230528 0.000228732 0.000262931 0.000273396 0.000281003 0.000307756 0.000321651 0.000334939 0.000346604 0.00037765 0.000402732 0.000401353 0.000425611 0.000451915 0.000476069 0.000491853 0.000502497 0.000543212 0.000559541 0.000580843 0.000614088 0.000633051 0.000667777 0.0006921 0.00072816 0.000753057 0.000786339 0.000831092 0.000849986 0.000899054 0.000936117 0.000977009 0.001017 0.00106689 0.00112322 0.00115657 0.00122839 0.00128272 0.00134472 0.00140425 0.00148572 0.0015644 0.00162788 0.00173063 0.00182258 0.00192871 0.00202025 0.00216102 0.00229282 0.00243053 0.00258898 0.00278277 0.00300177 0.00322166 0.00351737 0.00386729 0.00431078 0.00481858 0.00550791 0.00638355 0.00751513 0.00891198 0.0106976 0.0129272 0.0156498 0.0188746 0.0226339 0.0269423 0.0317115 0.0368064 0.0419974 0.0470705 0.0516711 0.0554459 0.0579395 0.0588333 0.0577969 0.05468 0.0493335 0.0418521 0.0324049 0.0214359 0.00940493 -0.00305942 -0.0154123 -0.0270064 -0.0373404 -0.0459042 -0.0524478 -0.0567949 -0.0590256 -0.0592292 -0.057685 -0.0546675 -0.0506156 -0.0458882 -0.040868 -0.0357901 -0.0309135 -0.0264006 -0.0223874 -0.0188848 -0.0158831 -0.0133746 -0.0113351 -0.00971711 -0.00840431 -0.00737037 -0.00655027 -0.00594108 -0.00542289 -0.00501118 -0.00466009 -0.00440295 -0.00415436 -0.0039377 -0.00375022 -0.00359846 -0.00345184 -0.00329909 -0.00319058 -0.00307702 -0.00297925 -0.00286468 -0.00279542 -0.00271021 -0.0026286 -0.0025577 -0.00249603 -0.00243846 -0.0023632 -0.00232634 -0.00226719 -0.00221922 -0.00217015 -0.00213245 -0.00209139 -0.00204082 -0.00202017 -0.00197389 -0.00194388 -0.00191272 -0.00188266 -0.00185687 -0.00182462 -0.00181006 -0.00177237 -0.00175713 -0.00174374 -0.00170928 -0.00169147 -0.00167184 -0.00166675 -0.0016417 -0.00161013 -0.00160865 -0.00159809 -0.00158289 -0.00155924 -0.0015515 -0.00155098 -0.00152156 -0.00152186 -0.00152031 -0.00149006 -0.00149055 -0.00148685 -0.00147015 -0.00146786 -0.00146232 -0.00145477 -0.00144492 -0.00144374 -0.00144337 -0.00142878 -0.00143098 -0.00142707 -0.00141263 -0.00142503 -0.00142033 -0.00140919 -0.00142286 -0.00141079 
0 1.15747e-05 2.77619e-05 4.16281e-05 5.61305e-05 7.28976e-05 8.79268e-05 0.000100837 0.000112911 0.000132625 0.000144414 0.000154921 0.000185668 0.000188261 0.000195634 0.000233082 0.000227227 0.00025126 0.000294688 0.000283007 0.000306382 0.000327362 0.000331285 0.000360806 0.000380934 0.000413018 0.00041243 0.000424523 0.000476856 0.000493054 0.000512448 0.000518238 0.000553722 0.000594 0.000594541 0.000634039 0.000655027 0.00068899 0.000721709 0.000745339 0.0007906 0.000810961 0.000861522 0.000889459 0.000928769 0.000975152 0.0010076 0.00106373 0.00109674 0.00115875 0.00120219 0.00126115 0.00132062 0.00137852 0.00145499 0.00151254 0.0016008 0.00167246 0.00176765 0.00185086 0.00195605 0.00206708 0.00217581 0.00230651 0.00244075 0.00260496 0.00275566 0.00295265 0.00316291 0.00341542 0.00368449 0.00402598 0.00444407 0.00495171 0.00557958 0.00638148 0.00742909 0.0087368 0.0103892 0.0124442 0.0150128 0.0180927 0.0217373 0.0259335 0.030708 0.0359333 0.0414624 0.0470364 0.0524116 0.057222 0.0610793 0.0635384 0.0642485 0.0629094 0.0593343 0.0534096 0.0451966 0.0349304 0.0230487 0.0100922 -0.00333168 -0.0166167 -0.0291414 -0.0403266 -0.0496698 -0.05685 -0.0617217 -0.0643248 -0.0647886 -0.0633579 -0.0603409 -0.0561565 -0.0511991 -0.0458538 -0.0403899 -0.0350873 -0.0301272 -0.025677 -0.0217471 -0.0183693 -0.0155026 -0.0131668 -0.0112663 -0.00974903 -0.00851992 -0.00756727 -0.00681678 -0.00621897 -0.00572423 -0.00532236 -0.00500265 -0.00471642 -0.00447448 -0.00425055 -0.00407742 -0.00389641 -0.00374821 -0.00360006 -0.00348252 -0.00335955 -0.00324918 -0.00315376 -0.00305565 -0.00297759 -0.00288489 -0.00282326 -0.00274155 -0.00268455 -0.00261636 -0.002559 -0.00250856 -0.00244679 -0.00240823 -0.00234879 -0.00231784 -0.00226365 -0.00222886 -0.00219521 -0.0021504 -0.00212923 -0.00208474 -0.00206682 -0.00203091 -0.00201151 -0.00198446 -0.00194145 -0.00194513 -0.00191447 -0.00188596 -0.00185429 -0.00184212 -0.0018492 -0.00180604 -0.00178607 -0.00177347 -0.00177183 -0.00176206 -0.00172807 -0.0017377 -0.0017083 -0.00168347 -0.00170466 -0.00167803 -0.00166518 -0.00166731 -0.00164786 -0.00164302 -0.00164076 -0.00163831 -0.00162655 -0.00161683 -0.00161844 -0.0016032 -0.00160078 -0.00160736 -0.00159528 -0.00159925 -0.00160346 -0.00158858 -0.00159146 
0 1.98973e-05 3.55711e-05 5.12942e-05 6.32335e-05 7.70185e-05 9.19516e-05 0.000110353 0.000129803 0.000144414 0.00016426 0.000177353 0.000193716 0.00021597 0.000229544 0.000255102 0.000267464 0.000278023 0.000301486 0.000308837 0.000345136 0.000372772 0.000380053 0.000415191 0.000421143 0.000436033 0.000477965 0.00049849 0.000509464 0.000526021 0.000567482 0.000592771 0.000620558 0.000652395 0.000667703 0.000716645 0.00074435 0.000765983 0.000804394 0.000839164 0.000873352 0.000902133 0.000956409 0.00098711 0.00102913 0.00108685 0.00112837 0.00118029 0.00123308 0.00130036 0.00134586 0.00141304 0.00148501 0.00154732 0.00162082 0.00169873 0.00179089 0.00186606 0.00196955 0.00207275 0.00218553 0.00230056 0.0024345 0.00258323 0.00273306 0.00291 0.00309825 0.00332221 0.00355861 0.00384646 0.00417192 0.00457319 0.00505233 0.00565111 0.0063978 0.00734775 0.00855842 0.0100802 0.0119896 0.0143496 0.017246 0.0206975 0.0247459 0.0293725 0.0345679 0.0401937 0.0460817 0.0519538 0.057535 0.0624394 0.0662748 0.0685973 0.069063 0.0673675 0.0633317 0.056843 0.0479839 0.0370022 0.0243675 0.0106334 -0.0035692 -0.0176326 -0.0309142 -0.0428263 -0.0528365 -0.060612 -0.0659844 -0.0689925 -0.0697564 -0.0685272 -0.0656048 -0.0614047 -0.0563166 -0.05074 -0.0449715 -0.0393118 -0.0339605 -0.0290943 -0.0247584 -0.0209981 -0.0177877 -0.0151266 -0.0129418 -0.0111815 -0.00976519 -0.00864419 -0.00775495 -0.00704569 -0.00647794 -0.00600827 -0.00562554 -0.00529448 -0.00502442 -0.00477334 -0.00456124 -0.00436327 -0.00419991 -0.00403589 -0.00388928 -0.00375967 -0.00364001 -0.00352475 -0.00341047 -0.00332575 -0.00322679 -0.00314038 -0.0030561 -0.00299208 -0.00291305 -0.00284245 -0.00279264 -0.00272831 -0.00267342 -0.00262038 -0.00258482 -0.00252554 -0.00248608 -0.00245431 -0.00240289 -0.00236908 -0.00233444 -0.0023022 -0.00225406 -0.00223389 -0.00220882 -0.00216685 -0.00215017 -0.00211709 -0.00210265 -0.00209051 -0.00205964 -0.00202884 -0.00201734 -0.00201786 -0.00197844 -0.00196031 -0.00194807 -0.00191811 -0.00192258 -0.00190954 -0.00189305 -0.00188556 -0.0018654 -0.00186112 -0.00185272 -0.00184279 -0.00183406 -0.00181921 -0.00181155 -0.00180292 -0.00180099 -0.00179833 -0.00179654 -0.00179727 -0.00178314 -0.00177902 -0.00177253 -0.00176252 -0.00177265 -0.00177075 
0 1.60032e-05 2.75161e-05 5.08409e-05 7.03095e-05 9.08465e-05 0.00011018 0.000124501 0.000144495 0.000154921 0.000177353 0.000201611 0.000208415 0.000237474 0.000256086 0.000265275 0.000299629 0.00031823 0.000336334 0.000360421 0.000377504 0.000398013 0.000410592 0.000447105 0.000475065 0.000480339 0.000525117 0.000551265 0.000563072 0.00060527 0.000629499 0.000652592 0.000683577 0.000712008 0.000742585 0.000776452 0.000817263 0.000841446 0.000886282 0.000936562 0.000960719 0.00101198 0.00106142 0.00109965 0.00114495 0.00120206 0.00125482 0.00129386 0.00136749 0.00142784 0.00148159 0.00155637 0.00163636 0.00171171 0.00178246 0.0018901 0.00198088 0.00207332 0.00218462 0.00231051 0.00243219 0.0025532 0.002716 0.00287445 0.00304607 0.00322966 0.00346081 0.00370285 0.00397144 0.00429363 0.00468136 0.00514476 0.00569186 0.0063956 0.00727245 0.00838906 0.00977391 0.0115349 0.0137151 0.0164007 0.0196247 0.0234536 0.0278918 0.0329312 0.038498 0.0444651 0.0506303 0.0567147 0.062397 0.0672876 0.0709931 0.073092 0.0732473 0.0711569 0.0666516 0.0596309 0.0502049 0.0386294 0.0253922 0.0110426 -0.00377137 -0.018446 -0.0323223 -0.04482 -0.0553925 -0.063705 -0.0695628 -0.0729938 -0.0741056 -0.0731511 -0.0704228 -0.0663146 -0.0612058 -0.0554936 -0.0495128 -0.0435699 -0.0378926 -0.0326448 -0.0279301 -0.0237924 -0.0202471 -0.017248 -0.0147703 -0.0127428 -0.0111281 -0.00981816 -0.00877805 -0.00793824 -0.00728624 -0.00673932 -0.00628417 -0.00590155 -0.00559092 -0.00531368 -0.00505243 -0.00483795 -0.00464671 -0.00447245 -0.00429064 -0.00415419 -0.00402212 -0.00389072 -0.0037653 -0.00366802 -0.00357392 -0.00346239 -0.00338429 -0.0033072 -0.00322813 -0.00314419 -0.00308902 -0.0030256 -0.00294822 -0.0029014 -0.00284673 -0.00278844 -0.00273437 -0.00269942 -0.00264948 -0.00259776 -0.00257647 -0.00253216 -0.00249337 -0.00246734 -0.00243467 -0.00240389 -0.00237492 -0.00234939 -0.00231094 -0.00229407 -0.00227474 -0.00223084 -0.00222469 -0.00220726 -0.00217269 -0.00216739 -0.00215455 -0.00213597 -0.00211489 -0.00210072 -0.00209091 -0.00206632 -0.00206201 -0.00205184 -0.00202986 -0.00202803 -0.00201671 -0.00200951 -0.002005 -0.00199665 -0.00199537 -0.00197376 -0.00196904 -0.00196977 -0.00195109 -0.00196809 -0.0019666 -0.00195024 -0.00196731 -0.00194727 
0 2.43506e-05 3.53337e-05 6.12597e-05 7.95638e-05 8.84631e-05 0.000119972 0.000135388 0.000147228 0.000185668 0.000193716 0.000208415 0.000250047 0.000252123 0.000273228 0.000311229 0.000311215 0.000339771 0.000376744 0.000388672 0.000412951 0.000439501 0.0004652 0.000482841 0.000512477 0.000554642 0.000562867 0.000581524 0.000626323 0.000664549 0.000687934 0.000703506 0.000752449 0.000794287 0.00081468 0.000857319 0.000893304 0.000930946 0.000975174 0.00101522 0.00105731 0.00110165 0.00115989 0.00120141 0.00125265 0.00132143 0.00137019 0.00143132 0.0015009 0.00157307 0.0016342 0.0017127 0.00180623 0.00187586 0.00196849 0.00207151 0.0021784 0.00227434 0.00239865 0.00254063 0.00266461 0.00281283 0.00298127 0.00317327 0.00334914 0.0035701 0.00382509 0.00410407 0.00440679 0.0047751 0.00523446 0.00575878 0.00640477 0.0072098 0.0082528 0.00952711 0.0111314 0.013126 0.0156148 0.018612 0.0221857 0.0263699 0.0311922 0.0365982 0.0424888 0.0487228 0.0550799 0.0612814 0.0669526 0.0717285 0.0751935 0.0769971 0.0767678 0.074262 0.0692676 0.0617689 0.0518411 0.0398129 0.0261034 0.0113178 -0.00396238 -0.019064 -0.033394 -0.0463172 -0.0573626 -0.0661299 -0.0724674 -0.0763174 -0.0778325 -0.0772051 -0.07477 -0.070845 -0.0658285 -0.060076 -0.053977 -0.0478297 -0.0418869 -0.0363112 -0.0312368 -0.0267476 -0.0228529 -0.0195306 -0.0167274 -0.0144383 -0.0125786 -0.0110877 -0.00985886 -0.00889604 -0.00812424 -0.0075065 -0.00696678 -0.00653228 -0.00617616 -0.00586343 -0.00557319 -0.00532174 -0.00512205 -0.00491538 -0.0047285 -0.00456039 -0.00442699 -0.00427381 -0.00413777 -0.00402738 -0.00391704 -0.00380449 -0.00370121 -0.00362633 -0.00352828 -0.00344462 -0.00337532 -0.00330551 -0.00323162 -0.00316739 -0.00312009 -0.00305113 -0.00299991 -0.002956 -0.00290329 -0.00285713 -0.00281316 -0.00277553 -0.00273034 -0.00269872 -0.00266038 -0.00261403 -0.00259967 -0.0025711 -0.00252752 -0.00249656 -0.00248309 -0.00247188 -0.00242783 -0.00239924 -0.002393 -0.0023727 -0.00234849 -0.00232543 -0.00231769 -0.00229348 -0.00226932 -0.00227905 -0.00225354 -0.00223082 -0.00223846 -0.00221307 -0.00220181 -0.00220523 -0.0021835 -0.00217443 -0.00217226 -0.00216337 -0.00215795 -0.00215448 -0.00215125 -0.00214095 -0.0021378 -0.00213833 -0.00212947 -0.0021335 
0 1.9489e-05 4.99835e-05 6.18613e-05 8.29774e-05 0.00010708 0.000118942 0.000147288 0.000172037 0.000188261 0.00021597 0.000237474 0.000252123 0.000280734 0.000307808 0.000323099 0.000355919 0.000379446 0.000386828 0.000421925 0.000451098 0.000477565 0.000512527 0.000534253 0.0005604 0.000577198 0.000616976 0.000665506 0.000677068 0.000700421 0.000738778 0.000791387 0.00082227 0.000844328 0.000896157 0.000931873 0.00097885 0.00101587 0.00105751 0.00111052 0.00114966 0.00120947 0.00125302 0.00131349 0.0013705 0.00143053 0.00149965 0.00155699 0.00164191 0.00170631 0.00178956 0.00187126 0.0019634 0.00205516 0.0021471 0.00226918 0.00237035 0.002496 0.00262174 0.00277692 0.0029169 0.00307987 0.00327181 0.00346814 0.00368262 0.00391628 0.00421335 0.0045127 0.00487043 0.00528589 0.0058148 0.00641886 0.00716554 0.00810783 0.00930353 0.01078 0.0125989 0.0148752 0.0176548 0.0209952 0.0248979 0.02945 0.0346129 0.0403547 0.0465009 0.0529357 0.059394 0.0656114 0.0711701 0.0757244 0.0788688 0.0802926 0.0796387 0.0766753 0.0712135 0.0632639 0.0529382 0.0405591 0.0265414 0.0114558 -0.00411022 -0.019499 -0.0341088 -0.0473405 -0.0587327 -0.0679044 -0.0746749 -0.0789664 -0.0809049 -0.0806761 -0.0786 -0.0749598 -0.0701322 -0.0644481 -0.0583267 -0.0520554 -0.0459237 -0.040069 -0.0346905 -0.0298546 -0.0256379 -0.0219711 -0.018866 -0.0162742 -0.0141763 -0.0124569 -0.0110548 -0.00992934 -0.00903811 -0.00831921 -0.00770016 -0.00720387 -0.00678457 -0.00644023 -0.00610436 -0.00583557 -0.00559066 -0.00537717 -0.00516222 -0.00498175 -0.00482343 -0.0046598 -0.0045184 -0.00438029 -0.00427066 -0.00413932 -0.00403997 -0.00393698 -0.00384446 -0.00375363 -0.00366804 -0.00359921 -0.00351371 -0.003455 -0.00338172 -0.00332651 -0.00326508 -0.00320745 -0.00316063 -0.00310238 -0.00306469 -0.00300896 -0.0029696 -0.0029264 -0.00288998 -0.00286062 -0.00280483 -0.00278 -0.0027606 -0.00273453 -0.00268924 -0.00265353 -0.00265253 -0.00262562 -0.00259589 -0.00256496 -0.00254284 -0.00253276 -0.00250582 -0.00249976 -0.00248345 -0.00245157 -0.00244627 -0.00243619 -0.00241861 -0.00240958 -0.00239821 -0.00237952 -0.00237016 -0.0023658 -0.00235211 -0.00235244 -0.00234948 -0.00233594 -0.00233577 -0.00232485 -0.00231678 -0.0023192 -0.0023119 -0.00231692 
0 1.10143e-05 4.68367e-05 5.80835e-05 8.85927e-05 0.000125866 0.000135398 0.00016537 0.00018754 0.000195634 0.000229544 0.000256086 0.000273228 0.000307808 0.000330999 0.000345102 0.000383286 0.000409424 0.000430903 0.000472868 0.000485656 0.00050747 0.000543195 0.000563428 0.000612541 0.000643325 0.000665636 0.000704984 0.000736097 0.00078057 0.000810984 0.000848409 0.000878151 0.000915082 0.000977287 0.000997573 0.00105035 0.00110417 0.00114505 0.00120469 0.00125154 0.00131722 0.00135957 0.00143123 0.00149357 0.00154519 0.00162899 0.00168964 0.00177478 0.00184366 0.00194135 0.00202898 0.00211921 0.00223468 0.00233345 0.00246354 0.00257422 0.00272296 0.00285833 0.0030182 0.00318456 0.00336277 0.00357249 0.00377885 0.00403082 0.00428764 0.00461307 0.0049484 0.00536075 0.00583798 0.00643108 0.00713371 0.00799632 0.00909232 0.0104526 0.0121477 0.0142097 0.0167774 0.0198599 0.0235358 0.027776 0.0326704 0.0381475 0.0441604 0.0505089 0.057058 0.063536 0.0696564 0.0750099 0.079243 0.0819973 0.0829706 0.081854 0.0784081 0.0724995 0.0641445 0.053512 0.0408924 0.0267075 0.0114663 -0.00422701 -0.0197543 -0.0344947 -0.0479108 -0.059541 -0.0690498 -0.0762105 -0.0809468 -0.0833295 -0.0835546 -0.0818942 -0.0786268 -0.0740752 -0.0685723 -0.062517 -0.0562163 -0.049959 -0.043902 -0.0382608 -0.0331189 -0.028582 -0.0245866 -0.0211739 -0.0182784 -0.015915 -0.0139515 -0.0123608 -0.0110587 -0.0100288 -0.00918703 -0.00848779 -0.00791502 -0.00742954 -0.00703328 -0.00666208 -0.00636342 -0.00607468 -0.00584249 -0.00560674 -0.00541119 -0.00522104 -0.00505175 -0.00490093 -0.00474415 -0.00462166 -0.00448573 -0.00438385 -0.00425788 -0.00416749 -0.00407153 -0.00397465 -0.00389461 -0.00380835 -0.00374404 -0.0036508 -0.00359916 -0.00352918 -0.00346087 -0.00341117 -0.00335073 -0.00330596 -0.00324584 -0.00321908 -0.00316314 -0.00311566 -0.00309801 -0.00304622 -0.00301247 -0.00297128 -0.00294084 -0.00291177 -0.00287949 -0.00285439 -0.00280949 -0.00280027 -0.00278176 -0.00275371 -0.00274537 -0.00270624 -0.00268922 -0.00268165 -0.0026523 -0.00264294 -0.00262799 -0.0026017 -0.00259314 -0.00258702 -0.00257093 -0.00257001 -0.00256566 -0.00254107 -0.00253603 -0.00252498 -0.00250859 -0.0025182 -0.00251195 -0.00250971 -0.00251554 -0.00249944 -0.00249912 
0 3.19126e-05 5.29622e-05 7.73739e-05 0.000102071 0.000111925 0.000142492 0.000173258 0.000187765 0.000233082 0.000255102 0.000265275 0.000311229 0.000323099 0.000345102 0.000391742 0.000403757 0.000430852 0.000466405 0.000497148 0.000524496 0.000554159 0.000606196 0.000614449 0.0006426 0.000704594 0.000710661 0.000749028 0.000796367 0.000827252 0.000878136 0.000904962 0.000954353 0.00100521 0.00104779 0.00109017 0.00112959 0.00120065 0.00123296 0.0012853 0.0013575 0.0014 0.00146931 0.00153458 0.00161005 0.00167004 0.00175335 0.00184499 0.00190721 0.00201011 0.00210171 0.00220082 0.00229438 0.00241466 0.00253786 0.00264505 0.0027939 0.00293535 0.0030974 0.00325165 0.00344909 0.0036502 0.00386273 0.00410845 0.00437689 0.00469043 0.00501938 0.00542808 0.00588431 0.00644774 0.00710488 0.00792563 0.00892835 0.0101818 0.0117376 0.0136493 0.0160004 0.0188413 0.0222556 0.0262324 0.0308301 0.0360118 0.0417818 0.0479785 0.0544807 0.0610445 0.0674627 0.0733703 0.0784323 0.0822564 0.0845595 0.0850268 0.083412 0.0794767 0.0731421 0.0644434 0.0535817 0.0408354 0.0266011 0.0113523 -0.0043306 -0.0198441 -0.0345897 -0.0480646 -0.0598413 -0.0696061 -0.0771165 -0.0822817 -0.0851271 -0.0858427 -0.0846461 -0.0818215 -0.0776228 -0.0724086 -0.0665025 -0.0602732 -0.0539464 -0.0477785 -0.0419091 -0.0365264 -0.0316594 -0.0273751 -0.0236305 -0.0204568 -0.0177827 -0.0155802 -0.0137634 -0.0122873 -0.0110891 -0.0101111 -0.0093238 -0.00865926 -0.00811661 -0.0076387 -0.00725718 -0.00690056 -0.00659716 -0.00631597 -0.00608334 -0.00585899 -0.00564366 -0.00546719 -0.00529405 -0.0051387 -0.00497194 -0.0048544 -0.00471919 -0.00459161 -0.00448113 -0.00438078 -0.00428191 -0.00417181 -0.00410822 -0.00401506 -0.00393488 -0.00386834 -0.00380225 -0.00373493 -0.00366495 -0.00362807 -0.00355113 -0.00349969 -0.0034626 -0.00340021 -0.00335486 -0.00330608 -0.00327785 -0.00323073 -0.00319155 -0.0031618 -0.00312097 -0.00311419 -0.00306328 -0.00302773 -0.00302936 -0.00298063 -0.00295077 -0.00293622 -0.0029145 -0.00288834 -0.00286539 -0.00286523 -0.00283072 -0.0028146 -0.00282119 -0.00278654 -0.0027807 -0.00277058 -0.0027394 -0.00274022 -0.0027288 -0.00272328 -0.00272427 -0.00271045 -0.00270976 -0.00269402 -0.00268518 -0.00268949 -0.00267647 -0.00268644 
0 1.73387e-05 5.92026e-05 7.33845e-05 0.000100372 0.000142759 0.000152299 0.000184525 0.000220637 0.000227227 0.000267464 0.000299629 0.000311215 0.000355919 0.000383286 0.000403757 0.000444151 0.000472488 0.000500282 0.000524061 0.000562381 0.000601844 0.000622859 0.000672747 0.000706452 0.000724755 0.000772611 0.000824505 0.000865572 0.000878186 0.000926699 0.000993143 0.00102074 0.00106849 0.00111426 0.001167 0.0012259 0.00127578 0.0013322 0.00138619 0.00146251 0.00151463 0.00157762 0.00166125 0.00172369 0.00179983 0.00188247 0.00197599 0.00205049 0.00215167 0.00226428 0.0023571 0.00247287 0.0026002 0.00273549 0.00285486 0.00301426 0.00318072 0.00334165 0.00352147 0.00373129 0.00395849 0.00417977 0.004453 0.00475707 0.00509719 0.00546529 0.00591999 0.00645492 0.00708256 0.00783811 0.0087769 0.0099444 0.0113689 0.0131332 0.0152939 0.0179331 0.021077 0.024796 0.0290963 0.0340049 0.0394717 0.0454502 0.051797 0.0583515 0.0648764 0.0711163 0.0767397 0.0814049 0.0847726 0.0865558 0.0864921 0.084344 0.0799345 0.0731997 0.064226 0.0532097 0.0404393 0.026265 0.0111414 -0.00439886 -0.0197619 -0.0343965 -0.0478202 -0.0596583 -0.0695985 -0.0774152 -0.0829782 -0.0863031 -0.0875226 -0.0868432 -0.084498 -0.0807443 -0.075887 -0.0702486 -0.0641529 -0.0578652 -0.0516326 -0.0456337 -0.0400304 -0.034898 -0.0303145 -0.0262796 -0.0228056 -0.0198363 -0.0173622 -0.0153143 -0.0136436 -0.0122595 -0.0111358 -0.0102267 -0.00948022 -0.00884359 -0.00830366 -0.00786624 -0.00747627 -0.00712659 -0.00681081 -0.00655814 -0.00630703 -0.00607412 -0.0058683 -0.00569468 -0.00551456 -0.00534126 -0.00520772 -0.00506819 -0.00493345 -0.00480628 -0.00471096 -0.00459369 -0.00448793 -0.00440486 -0.00431285 -0.00422422 -0.00414201 -0.00408046 -0.00399285 -0.00392819 -0.00387299 -0.0038046 -0.00374872 -0.00369084 -0.00364809 -0.00359541 -0.00355406 -0.00350079 -0.00345241 -0.00344122 -0.00339029 -0.00333578 -0.00330526 -0.00328922 -0.00326006 -0.00320701 -0.00319061 -0.00316813 -0.00313648 -0.0031215 -0.00309808 -0.00307707 -0.00304614 -0.00303485 -0.00302642 -0.00298916 -0.00298629 -0.00297524 -0.00294513 -0.00295133 -0.00293722 -0.00291655 -0.00292044 -0.00290292 -0.00289137 -0.00289407 -0.00288117 -0.00287856 -0.00287968 -0.0028693 -0.00287029 
0 2.60513e-05 4.91543e-05 8.34125e-05 0.000109537 0.000143319 0.000175618 0.000195867 0.000230528 0.00025126 0.000278023 0.00031823 0.000339771 0.000379446 0.000409424 0.000430852 0.000472488 0.000497208 0.000537561 0.000575829 0.000602736 0.000641524 0.000662054 0.000708381 0.000751595 0.000789742 0.00084301 0.000856857 0.00090663 0.000966842 0.0010054 0.00105125 0.00108206 0.00114911 0.00120057 0.00124748 0.00130902 0.00135789 0.00143233 0.0014864 0.00155767 0.00162491 0.00169178 0.00177995 0.00184442 0.00193518 0.00201926 0.00211479 0.00220571 0.00230818 0.00242893 0.00252749 0.00265877 0.00279005 0.00293339 0.00306986 0.00323827 0.00341989 0.00359045 0.00379483 0.00401941 0.00426827 0.00451179 0.00481593 0.00515583 0.00552949 0.00594772 0.00646052 0.00707569 0.00778431 0.00865293 0.00973026 0.0110722 0.0126876 0.0146782 0.0171052 0.0200387 0.0234852 0.0275032 0.0321096 0.0373 0.0430027 0.0491311 0.0555548 0.062086 0.0684829 0.074456 0.0797052 0.0839031 0.0867565 0.0879817 0.0873565 0.0846678 0.0797977 0.0727077 0.06352 0.0524264 0.0397167 0.0257048 0.0108205 -0.00445165 -0.0195464 -0.0339614 -0.0472432 -0.0590588 -0.0691043 -0.077169 -0.0830995 -0.0868946 -0.0886323 -0.088493 -0.0866689 -0.0834148 -0.0789922 -0.0737035 -0.0678298 -0.0616592 -0.0554399 -0.0493769 -0.043613 -0.038256 -0.0334015 -0.0290889 -0.0253216 -0.0220566 -0.019299 -0.017002 -0.0151156 -0.0135348 -0.0122463 -0.011199 -0.0103509 -0.00961912 -0.00900739 -0.00850561 -0.00807386 -0.00768209 -0.00733189 -0.00704943 -0.0067748 -0.00652536 -0.00629368 -0.00610637 -0.00590931 -0.00572822 -0.00557336 -0.00542415 -0.00528301 -0.00514164 -0.00503547 -0.00490866 -0.00480277 -0.00470038 -0.00460596 -0.00451499 -0.00442133 -0.00435351 -0.00426418 -0.00420003 -0.00412583 -0.00406174 -0.00400746 -0.00394018 -0.00389349 -0.00382788 -0.00379222 -0.0037471 -0.00369013 -0.00364634 -0.00360015 -0.00358707 -0.00353338 -0.00348524 -0.00346401 -0.00342693 -0.00341347 -0.00337835 -0.00334698 -0.00332243 -0.00329188 -0.00328351 -0.00325293 -0.00323496 -0.00321798 -0.00318618 -0.00318251 -0.00316233 -0.00315074 -0.00314821 -0.00312317 -0.00311778 -0.00310204 -0.00308644 -0.00308869 -0.00307392 -0.00307542 -0.00307378 -0.00306059 -0.00306642 -0.00305487 
