0 0 0 0 0 0 0 0 0 0 0 0 0 0 0 0 0 0 0 0 0 0 0 0 0 0 0 0 0 0 0 0 0 0 0 0 0 0 0 0 0 0 0 0 0 0 0 0 0 0 0 0 0 0 0 0 0 0 0 0 0 0 0 0 0 0 0 0 0 0 0 0 0 0 0 0 0 0 0 0 0 0 0 0 0 0 0 0 0 0 0 0 0 0 0 0 0 0 0 0 0 0 0 0 0 0 0 0 0 0 0 0 0 0 0 0 0 0 0 0 0 0 0 0 0 0 0 0 0 0 0 0 0 0 0 0 0 0 0 0 0 0 0 0 0 0 0 0 0 0 0 0 0 0 0 0 0 0 0 0 0 0 0 0 0 0 0 0 0 0 0 0 0 0 0 0 0 0 0 0 0 0 0 0 0 0 0 0 0 0 0 0 0 0 0 0 0 0 0 0 
0 1.15124e-05 6.03036e-06 1.40973e-05 3.02791e-05 3.0431e-05 3.05757e-05 4.40829e-05 5.31751e-05 5.23203e-05 6.31412e-05 7.47198e-05 6.59878e-05 6.77543e-05 9.48717e-05 0.000113977 0.00010847 0.000102438 0.000117341 0.00013533 0.000138718 0.000136517 0.000154493 0.000179493 0.000175929 0.000191622 0.000215918 0.000206871 0.00022839 0.000247942 0.000249872 0.000273839 0.000290214 0.000321288 0.000333313 0.000354234 0.000404002 0.000407735 0.000443979 0.000485748 0.000521153 0.000570447 0.000608542 0.000703929 0.000772296 0.000862489 0.00099761 0.00114265 0.00133861 0.00152811 0.00180882 0.00211696 0.00245474 0.00283442 0.00322419 0.00366359 0.00402386 0.00435306 0.0045689 0.00467883 0.00461099 0.00430951 0.003817 0.00308153 0.00219304 0.00108226 -0.000120068 -0.00140209 -0.00262994 -0.00376846 -0.00476773 -0.00556222 -0.00615077 -0.0064454 -0.00652623 -0.00634291 -0.00603093 -0.00554591 -0.00500866 -0.00437751 -0.00375465 -0.00312473 -0.00255974 -0.00205541 -0.00163073 -0.00128492 -0.000994107 -0.000775081 -0.000581747 -0.000453749 -0.000330567 -0.000268314 -0.000194418 -0.000175643 -0.000131501 -0.000136728 -0.00010705 -0.000123049 -9.89282e-05 -0.000118744 -9.60781e-05 -0.000116313 -9.28436e-05 -0.000110489 -8.28178e-05 -9.207e-05 -5.25734e-05 -4.17632e-05 2.36185e-05 7.28968e-05 0.000183329 0.000293017 0.000469022 0.000663072 0.000929964 0.00124252 0.00163824 0.00210944 0.0026571 0.00327821 0.00391992 0.00458589 0.00518604 0.00575139 0.00617061 0.00648512 0.00655636 0.00642735 0.0059913 0.00533429 0.00443006 0.00336194 0.00214973 0.000843666 -0.000449774 -0.00169184 -0.00274599 -0.00366187 -0.00433759 -0.00483164 -0.00506272 -0.00509755 -0.00497339 -0.00471929 -0.00439763 -0.00396812 -0.00356154 -0.00314028 -0.00277249 -0.00241093 -0.00208619 -0.00184439 -0.00161344 -0.00144161 -0.00126709 -0.00116137 -0.00106963 -0.000966095 -0.000908185 -0.000842304 -0.000807949 -0.000745782 -0.00070588 -0.000694416 -0.000643597 -0.000625166 -0.000604265 -0.00058838 -0.000569854 -0.000542504 -0.000548317 -0.000519801 -0.000498345 -0.000502452 -0.000474301 -0.000461921 -0.000463621 -0.00045397 -0.000439619 -0.000430265 -0.000440918 -0.000435101 -0.000407694 -0.000398186 -0.00040378 -0.000407789 -0.00039677 -0.000379415 -0.000386369 -0.000396636 -0.00037952 -0.000375738 -0.000385673 -0.000360811 -0.000355678 -0.000385334 -0.000370027 -0.0003595 -0.000382591 -0.000361564 
0 6.03036e-06 3.28988e-05 3.64543e-05 4.12884e-05 6.39515e-05 7.05003e-05 8.53814e-05 9.87138e-05 0.000100473 0.000129116 0.000135862 0.000144582 0.000194131 0.000173442 0.000158316 0.00022308 0.000230677 0.000234791 0.000270467 0.000271419 0.000302726 0.000324826 0.000328159 0.000355934 0.000371013 0.000410895 0.000430367 0.0004472 0.000510162 0.00051938 0.000548463 0.00060432 0.000626378 0.000668755 0.000708432 0.000775429 0.000826926 0.000873107 0.000977949 0.00105404 0.00114353 0.00125958 0.00140551 0.00157489 0.00174424 0.00200435 0.00231037 0.0026658 0.00309168 0.00361467 0.00424906 0.00492184 0.0056724 0.0064759 0.00730223 0.0080556 0.00866732 0.00911413 0.00929792 0.00914404 0.0085506 0.00753472 0.00610163 0.00428374 0.0021182 -0.000301487 -0.00280959 -0.00526273 -0.00751518 -0.00949125 -0.0110808 -0.0122191 -0.0128407 -0.0129677 -0.012655 -0.011997 -0.0110786 -0.00997288 -0.00875423 -0.00748902 -0.00625976 -0.00511973 -0.00412154 -0.00326948 -0.00257067 -0.0019967 -0.00154015 -0.00117211 -0.000889677 -0.000670217 -0.000513061 -0.000397769 -0.000323322 -0.000271447 -0.000242555 -0.000222241 -0.000213607 -0.000205905 -0.000204287 -0.000200051 -0.000199109 -0.000193012 -0.000187162 -0.000171561 -0.000149767 -0.000108456 -4.83874e-05 4.77778e-05 0.000181237 0.000371844 0.000620554 0.00094887 0.00135904 0.00187857 0.00251566 0.00330245 0.00424017 0.00533709 0.00655302 0.00784547 0.00913476 0.0103565 0.0114341 0.0123001 0.0128682 0.0130405 0.0127363 0.0119045 0.0105769 0.00880236 0.00667948 0.0042722 0.00171091 -0.000871824 -0.00329055 -0.00542606 -0.00720461 -0.00858612 -0.00954121 -0.0100295 -0.0101185 -0.00987431 -0.00940954 -0.00874444 -0.00795237 -0.00711981 -0.00631476 -0.00557048 -0.00485179 -0.00423171 -0.00370531 -0.00327504 -0.00289152 -0.00256332 -0.00233312 -0.00212353 -0.00194974 -0.00179493 -0.0016935 -0.00160605 -0.0014942 -0.00143914 -0.00137856 -0.0013193 -0.00125994 -0.00121203 -0.00118923 -0.00111903 -0.00109239 -0.00107625 -0.00102449 -0.00101097 -0.000987277 -0.000971889 -0.000948073 -0.000915846 -0.00091839 -0.00088281 -0.000868725 -0.000864317 -0.000814581 -0.00083746 -0.000849657 -0.000795693 -0.000794185 -0.000798473 -0.000785204 -0.000778725 -0.000757605 -0.000758348 -0.000756946 -0.000742964 -0.000760894 -0.000755422 -0.000726677 -0.000735626 -0.000735065 -0.000716575 -0.000734474 
0 1.40973e-05 3.64543e-05 5.34606e-05 7.07608e-05 9.23414e-05 0.000107607 0.000127048 0.000148428 0.000163724 0.000187394 0.00020534 0.000218392 0.000249378 0.000271185 0.000290145 0.000323362 0.000336966 0.000356776 0.000394668 0.000413817 0.000440504 0.000477743 0.000506734 0.000540268 0.00057536 0.000615118 0.000648252 0.000684649 0.000740066 0.000778246 0.000824665 0.000893226 0.000948574 0.00100976 0.00108425 0.00116934 0.00125091 0.00133802 0.00146226 0.00158722 0.00172247 0.00190009 0.00211651 0.00236843 0.0026594 0.00304142 0.00351014 0.00405426 0.0047098 0.00549944 0.00642629 0.00744397 0.00855324 0.00973958 0.0109299 0.012023 0.0129132 0.0135358 0.0137696 0.013491 0.0125988 0.0110715 0.00893734 0.00622656 0.00302351 -0.000538048 -0.00423222 -0.00784622 -0.0111821 -0.0140946 -0.0164464 -0.018121 -0.0190573 -0.019261 -0.0188275 -0.0178689 -0.0165231 -0.0148911 -0.0130926 -0.011225 -0.00940557 -0.00771658 -0.00622577 -0.00495337 -0.0038983 -0.00303765 -0.00234378 -0.00179343 -0.00136161 -0.00103508 -0.0007911 -0.000620836 -0.000500996 -0.000426332 -0.00037563 -0.000349178 -0.000329797 -0.000322951 -0.000314657 -0.000313286 -0.000306086 -0.000301766 -0.000286766 -0.000267564 -0.000227716 -0.000168975 -7.06715e-05 7.11093e-05 0.00027995 0.000563613 0.000945483 0.00143673 0.00206227 0.00284286 0.00380908 0.00498809 0.00639499 0.00802484 0.00982998 0.0117404 0.0136474 0.0154539 0.0170418 0.0183125 0.0191276 0.0193638 0.0188931 0.0176679 0.0157037 0.0130912 0.00994537 0.00639676 0.00262023 -0.00117656 -0.00474952 -0.00792414 -0.0105739 -0.0126426 -0.0140691 -0.0148403 -0.0150138 -0.0147022 -0.0140304 -0.0130703 -0.0119271 -0.0107073 -0.00951714 -0.00838995 -0.00733727 -0.00640598 -0.00561298 -0.00495222 -0.00437801 -0.00390226 -0.00352994 -0.00322026 -0.00295552 -0.00273056 -0.00256272 -0.00241219 -0.00226734 -0.00215817 -0.00206338 -0.00197444 -0.00188825 -0.00182421 -0.0017701 -0.00170016 -0.00165338 -0.00161247 -0.00156041 -0.00151979 -0.00148251 -0.00144878 -0.00141123 -0.00138288 -0.00136351 -0.0013279 -0.00131019 -0.00129826 -0.0012653 -0.00124886 -0.00123373 -0.00121067 -0.0012022 -0.00118814 -0.0011721 -0.00116437 -0.00115405 -0.00114704 -0.00113783 -0.00112508 -0.00111907 -0.0011126 -0.00110684 -0.00110731 -0.00110743 -0.00110313 -0.00109586 
0 3.02791e-05 4.12884e-05 7.07608e-05 0.00010098 0.000117601 0.000145704 0.000168509 0.000194939 0.000227552 0.000241196 0.000279008 0.000309743 0.000304849 0.000362932 0.000416826 0.000408352 0.000448869 0.000490891 0.000515603 0.000566796 0.000586275 0.000630059 0.000687527 0.000714855 0.000775386 0.000815726 0.000864436 0.000935163 0.000971484 0.00104937 0.00111769 0.0011802 0.00127769 0.00135038 0.00145757 0.00156062 0.00167039 0.00181771 0.00195085 0.00213519 0.00233115 0.00256681 0.00286278 0.00319234 0.00362374 0.00412492 0.00475156 0.00550064 0.00638534 0.00745106 0.00865291 0.0100182 0.011479 0.0130189 0.0145425 0.0159269 0.01707 0.0178117 0.0180496 0.0176012 0.0163908 0.0143544 0.0115187 0.00794741 0.00374319 -0.00087992 -0.00569399 -0.0103934 -0.0147594 -0.0185543 -0.0216223 -0.0238085 -0.0250482 -0.0253546 -0.0248209 -0.0236054 -0.0218528 -0.0197356 -0.0173786 -0.0149483 -0.0125579 -0.0103447 -0.00836597 -0.00667714 -0.00526036 -0.00410693 -0.00317142 -0.00243109 -0.00184961 -0.00140742 -0.00107875 -0.000843615 -0.00068226 -0.000574518 -0.000507786 -0.00046529 -0.000442543 -0.000427073 -0.000420354 -0.000412503 -0.000407371 -0.00039528 -0.00037875 -0.000345869 -0.000294122 -0.000207276 -7.50716e-05 0.000122918 0.000404342 0.000790429 0.0013044 0.0019668 0.00281021 0.00385923 0.0051594 0.00673027 0.00860267 0.0107441 0.0131177 0.015605 0.0181026 0.0204482 0.0225202 0.0241449 0.0251771 0.0254352 0.0247944 0.0231834 0.0206228 0.0172195 0.0131059 0.00849004 0.00357389 -0.00134125 -0.00600867 -0.0101658 -0.0136702 -0.0164029 -0.0183065 -0.0193876 -0.0196914 -0.0193719 -0.0185286 -0.0173317 -0.0158792 -0.0143246 -0.0127693 -0.011272 -0.00990651 -0.00866433 -0.00760898 -0.00669305 -0.0059298 -0.0052978 -0.00476345 -0.0043465 -0.00397645 -0.00369054 -0.00343925 -0.00322499 -0.0030596 -0.0028881 -0.00276638 -0.00264053 -0.00253505 -0.00245012 -0.00234758 -0.00229079 -0.00221022 -0.0021408 -0.00209666 -0.00202461 -0.00198614 -0.00193101 -0.00188397 -0.00186309 -0.00180705 -0.00178294 -0.0017513 -0.00171407 -0.00171655 -0.00166197 -0.00162194 -0.00163838 -0.00160945 -0.00157963 -0.00156656 -0.00155039 -0.00154951 -0.00152641 -0.00151163 -0.00151607 -0.00148487 -0.00147815 -0.00149912 -0.00147285 -0.00146214 -0.00148392 -0.00146165 
0 3.0431e-05 6.39515e-05 9.23414e-05 0.000117601 0.000147132 0.00018486 0.000215078 0.000238916 0.000279939 0.000311182 0.000335796 0.000389472 0.00042934 0.000445596 0.000473345 0.000516532 0.000579795 0.000621944 0.000643012 0.000701226 0.000761458 0.000796316 0.000842247 0.000905342 0.000960095 0.00101468 0.00109735 0.00116587 0.00123031 0.00132608 0.00140946 0.00149412 0.00159207 0.00170841 0.00182945 0.00194514 0.00211407 0.0022858 0.00246809 0.00269875 0.00296155 0.00328068 0.00362938 0.00408131 0.00463161 0.00527266 0.00606767 0.00701109 0.00816181 0.00946888 0.0109705 0.0126537 0.0144522 0.0163195 0.0181092 0.0197625 0.0210705 0.0218995 0.0220577 0.0214051 0.0198499 0.0172906 0.0137877 0.00936749 0.00425678 -0.00137075 -0.00718272 -0.0128998 -0.0182021 -0.0228174 -0.0265485 -0.0292041 -0.0307583 -0.0311668 -0.0305956 -0.0291386 -0.0270512 -0.0244634 -0.0216167 -0.0186406 -0.0157342 -0.0130052 -0.0105641 -0.00845376 -0.00667581 -0.00522284 -0.00403526 -0.0031055 -0.00235919 -0.00180877 -0.00137607 -0.00108811 -0.000862937 -0.000737993 -0.000631784 -0.000592409 -0.0005427 -0.000539962 -0.000511252 -0.000519136 -0.000492419 -0.000494315 -0.000452352 -0.00042576 -0.000337976 -0.000240046 -5.03071e-05 0.000190353 0.000565754 0.00104464 0.00170844 0.00253833 0.00361347 0.00493492 0.00657466 0.00854207 0.010863 0.0135077 0.0164005 0.0194438 0.022463 0.0253272 0.0278069 0.0297642 0.0309375 0.0312065 0.0303608 0.0283965 0.025273 0.0211428 0.0161448 0.0105378 0.00460665 -0.00135038 -0.006994 -0.0121006 -0.0163956 -0.0197953 -0.022173 -0.0235958 -0.0240978 -0.0238118 -0.0228907 -0.0214872 -0.0198146 -0.0179555 -0.0160799 -0.0142416 -0.0125579 -0.0110423 -0.00968822 -0.00853845 -0.00755523 -0.00675918 -0.00606535 -0.00549915 -0.00504979 -0.00466337 -0.00434456 -0.00406214 -0.00385381 -0.00365607 -0.00346917 -0.0033319 -0.00319753 -0.0030736 -0.00295377 -0.00286335 -0.00277688 -0.00267589 -0.00261428 -0.00255127 -0.00247868 -0.00242879 -0.00238208 -0.00232214 -0.00226864 -0.0022427 -0.00219693 -0.00213583 -0.00211192 -0.00209839 -0.00207228 -0.00203359 -0.00199891 -0.00198976 -0.00197583 -0.0019448 -0.00191862 -0.00190794 -0.00189794 -0.0018801 -0.00188414 -0.00187853 -0.00184397 -0.0018459 -0.0018447 -0.00181768 -0.00183959 
0 3.05757e-05 7.05003e-05 0.000107607 0.000145704 0.00018486 0.000219755 0.000256572 0.000295269 0.000335947 0.000374891 0.000412112 0.000453716 0.000494845 0.000545808 0.000600449 0.00063794 0.0006833 0.000736497 0.000780595 0.000841466 0.000905816 0.000955318 0.00102426 0.00110506 0.00116445 0.00123288 0.00132475 0.00140073 0.00148031 0.0015889 0.00169648 0.0018012 0.00192646 0.00207742 0.00221972 0.00237018 0.00257198 0.00278001 0.00300243 0.00327861 0.003614 0.00400082 0.00444092 0.00500972 0.00569868 0.00650273 0.00747475 0.00864743 0.0100432 0.0116153 0.0133974 0.0153785 0.0174831 0.019611 0.0216333 0.0234593 0.0248786 0.0257012 0.0257252 0.0248205 0.0228826 0.0198169 0.015651 0.0104683 0.00450887 -0.00199425 -0.00871113 -0.015322 -0.0214655 -0.02682 -0.0311427 -0.0342508 -0.036094 -0.0366545 -0.0360614 -0.0344457 -0.0320524 -0.0290774 -0.0257729 -0.0223221 -0.0189272 -0.0157257 -0.0128339 -0.0103118 -0.0081729 -0.00640942 -0.0049715 -0.00383322 -0.00293051 -0.00224858 -0.0017255 -0.00135816 -0.0010866 -0.000916356 -0.000791564 -0.000727178 -0.000674206 -0.000656504 -0.000631105 -0.000627246 -0.000604496 -0.000592693 -0.000549713 -0.000501132 -0.000399273 -0.000261496 -3.28847e-05 0.000278556 0.000732909 0.00133046 0.00213396 0.00315436 0.00445829 0.00607013 0.00805067 0.0104163 0.0131785 0.0162963 0.0196844 0.0232223 0.0267313 0.0300355 0.0328921 0.0350973 0.0363901 0.0366063 0.0355702 0.0332487 0.0296269 0.0248335 0.0190484 0.0125652 0.00572226 -0.00114391 -0.00768927 -0.0136414 -0.018708 -0.0227365 -0.0256222 -0.0274157 -0.0281733 -0.0280026 -0.0270646 -0.0255525 -0.0236942 -0.0216057 -0.0194355 -0.0172938 -0.0153064 -0.0135061 -0.0118792 -0.0104715 -0.00928076 -0.00829641 -0.00744588 -0.00673692 -0.00617685 -0.00570152 -0.00529188 -0.00494281 -0.00467153 -0.0044258 -0.00419118 -0.00401283 -0.00385594 -0.00370122 -0.00356371 -0.00345642 -0.00335334 -0.00323926 -0.00315568 -0.0030799 -0.00298609 -0.00291378 -0.00285895 -0.00279084 -0.00272958 -0.00268884 -0.00264262 -0.00259629 -0.00255968 -0.00251485 -0.00247297 -0.00244606 -0.00241823 -0.00238485 -0.00235975 -0.00234208 -0.0023193 -0.00230483 -0.00229066 -0.00226056 -0.00224831 -0.00224043 -0.00221929 -0.00222828 -0.00223103 -0.00220487 -0.00220633 
0 4.40829e-05 8.53814e-05 0.000127048 0.000168509 0.000215078 0.000256572 0.00029549 0.000351826 0.000394301 0.00042962 0.000497818 0.000541691 0.000565002 0.000639413 0.000707192 0.000741478 0.000798763 0.000863124 0.000928289 0.000997061 0.00105152 0.00112476 0.00120862 0.00128001 0.0013655 0.00145226 0.0015471 0.00165357 0.00174799 0.0018714 0.00199981 0.00211755 0.00227603 0.00243578 0.00260722 0.00280587 0.00302578 0.00329172 0.00356291 0.00390266 0.00431639 0.00477138 0.00533733 0.00601142 0.00684806 0.00782398 0.00898131 0.0103968 0.0120148 0.0138714 0.0159183 0.0181789 0.0205501 0.0228844 0.025102 0.0270092 0.028472 0.0291924 0.0290275 0.0278153 0.0254532 0.0218829 0.0170679 0.0112072 0.00446872 -0.00278514 -0.0103051 -0.017676 -0.0245515 -0.0305506 -0.0353924 -0.0389269 -0.0410365 -0.0417856 -0.0411901 -0.0394908 -0.0368321 -0.033552 -0.0298308 -0.0259735 -0.0221212 -0.0184884 -0.0151592 -0.0122355 -0.00973466 -0.00765037 -0.00595932 -0.00459477 -0.00353799 -0.00270429 -0.00209806 -0.0016294 -0.00132234 -0.00108429 -0.000955055 -0.000843711 -0.000804303 -0.000750439 -0.00074669 -0.000710151 -0.000709807 -0.000662939 -0.000636072 -0.000543125 -0.000441803 -0.00024081 1.51536e-05 0.0004207 0.000945689 0.00168388 0.00262288 0.00385372 0.00538715 0.0073035 0.00962499 0.0123849 0.015575 0.0191303 0.0229795 0.0269444 0.0308942 0.0345496 0.0377297 0.0400918 0.041466 0.041569 0.0403452 0.0376654 0.033603 0.0282218 0.0217602 0.0145354 0.0069025 -0.00072888 -0.00807639 -0.0147529 -0.0205407 -0.0251543 -0.0285685 -0.0307614 -0.0318232 -0.0318528 -0.0309769 -0.0294679 -0.0274821 -0.0252473 -0.0228395 -0.0204489 -0.0181885 -0.016098 -0.0142244 -0.012543 -0.0111386 -0.00993341 -0.00890994 -0.00805665 -0.00734586 -0.00677942 -0.00626799 -0.00585617 -0.00551755 -0.00521271 -0.0049575 -0.0047226 -0.00453726 -0.0043567 -0.00418642 -0.00405893 -0.00392092 -0.00380035 -0.00369728 -0.00359441 -0.00350902 -0.00341761 -0.00334219 -0.00328122 -0.00320512 -0.00314342 -0.00308707 -0.00303561 -0.00299983 -0.00293634 -0.00288411 -0.00287485 -0.002837 -0.00278528 -0.00276264 -0.0027404 -0.00271529 -0.00268824 -0.00266567 -0.00265603 -0.00263127 -0.00261654 -0.00262134 -0.00259479 -0.00257976 -0.00259511 -0.00257685 
0 5.31751e-05 9.87138e-05 0.000148428 0.000194939 0.000238916 0.000295269 0.000351826 0.000394443 0.000446848 0.000512399 0.00055299 0.000609338 0.000699475 0.000733078 0.000766079 0.000861971 0.00093031 0.000995769 0.00107177 0.00112884 0.00122443 0.00130749 0.00137635 0.00147526 0.00156422 0.00167793 0.00178328 0.00189059 0.00203788 0.00215249 0.00230007 0.00246404 0.0026188 0.00281847 0.00301208 0.00325433 0.00351756 0.00380596 0.00417076 0.00455995 0.00504974 0.00561103 0.00628493 0.00711382 0.00807742 0.00925973 0.0106291 0.0122643 0.0141386 0.0162369 0.0185714 0.0210495 0.0236355 0.0261308 0.0284465 0.0303865 0.031752 0.0323254 0.0318778 0.030326 0.0275067 0.023418 0.0180279 0.0115347 0.00416553 -0.00376598 -0.0119185 -0.0199465 -0.0274023 -0.0339553 -0.0392485 -0.0431624 -0.0455551 -0.0464802 -0.045964 -0.0441997 -0.0413938 -0.0378376 -0.0338139 -0.0295702 -0.0253469 -0.0212894 -0.0175725 -0.014241 -0.011393 -0.00897702 -0.00702483 -0.00542944 -0.00419896 -0.0032192 -0.00250316 -0.0019477 -0.00157355 -0.00128918 -0.00112123 -0.000990018 -0.000928929 -0.000869818 -0.000852209 -0.000815512 -0.000801899 -0.000751724 -0.000705139 -0.000596539 -0.0004602 -0.000219784 9.74227e-05 0.000579577 0.00120537 0.00207476 0.00317391 0.00461585 0.00639434 0.00862359 0.0112823 0.0144424 0.0180235 0.0220103 0.0262456 0.0306172 0.034899 0.0388732 0.0422521 0.0447444 0.0461002 0.0460936 0.0446397 0.0416411 0.0371752 0.0312937 0.0242887 0.0164385 0.00818942 -0.000116278 -0.00809876 -0.0154351 -0.0218297 -0.0270265 -0.0309656 -0.0335919 -0.0350262 -0.0353016 -0.0346254 -0.0331748 -0.0311821 -0.0288408 -0.0262765 -0.0236978 -0.0211711 -0.0188368 -0.0166855 -0.0147756 -0.0131217 -0.0116847 -0.0104922 -0.00945775 -0.00861866 -0.00790582 -0.00731017 -0.0068259 -0.00638699 -0.00604652 -0.00573148 -0.00546418 -0.00523236 -0.00501111 -0.00484329 -0.00465493 -0.00450614 -0.00438033 -0.00423653 -0.00413397 -0.00402546 -0.00393576 -0.00384596 -0.00374703 -0.00369259 -0.00361248 -0.00353854 -0.00348273 -0.00340684 -0.00338414 -0.00334903 -0.00326655 -0.00323399 -0.00321717 -0.00317559 -0.00313455 -0.00310334 -0.00308165 -0.00305433 -0.00303749 -0.00303198 -0.00300871 -0.00298743 -0.00297621 -0.00296172 -0.00295428 -0.00295667 
0 5.23203e-05 0.000100473 0.000163724 0.000227552 0.000279939 0.000335947 0.000394301 0.000446848 0.000506941 0.00057849 0.000631008 0.000685775 0.000769295 0.000830594 0.000900363 0.000993879 0.0010395 0.0011104 0.00121662 0.00128153 0.00137626 0.0014815 0.00156763 0.00168181 0.00178858 0.00190624 0.00202139 0.00214383 0.00230921 0.00243839 0.00260404 0.00281026 0.00298755 0.0032125 0.00345467 0.00373164 0.00403504 0.00436712 0.00480339 0.00526612 0.00582512 0.00651009 0.00731544 0.00829596 0.00942812 0.0108168 0.0124284 0.0142815 0.0164054 0.0187494 0.0213264 0.0239952 0.0267136 0.0293151 0.0316406 0.0335166 0.0346942 0.0350218 0.0342477 0.0322903 0.029008 0.0243966 0.0184984 0.0114604 0.00357156 -0.00490599 -0.0135666 -0.0220921 -0.0300118 -0.0369933 -0.0426872 -0.0469283 -0.0496107 -0.050718 -0.0503304 -0.0485619 -0.045687 -0.0419406 -0.037683 -0.0331286 -0.0285746 -0.0241479 -0.0200557 -0.0163498 -0.0131425 -0.0104103 -0.00817113 -0.00635244 -0.00492025 -0.00380112 -0.00294992 -0.00231485 -0.00185138 -0.0015284 -0.00130268 -0.00116023 -0.00106135 -0.00100662 -0.000960936 -0.000934131 -0.000893294 -0.00084946 -0.000767729 -0.000652043 -0.000462509 -0.000190066 0.000209786 0.000761958 0.00151334 0.00250821 0.00379578 0.00544336 0.00749535 0.0100263 0.0130399 0.0165724 0.02054 0.0249081 0.0294976 0.0342036 0.0387548 0.0429578 0.0464546 0.0490012 0.0502787 0.0501379 0.0484346 0.0451494 0.0403132 0.0340395 0.0265978 0.0182858 0.00955069 0.000719926 -0.00777679 -0.0156573 -0.0225695 -0.0283199 -0.0327704 -0.0358794 -0.0377159 -0.0383289 -0.0379321 -0.0366488 -0.0347381 -0.0323607 -0.0297258 -0.0269995 -0.0242689 -0.0216936 -0.0192908 -0.0171562 -0.0152461 -0.0135832 -0.0121889 -0.0109863 -0.00999011 -0.00912432 -0.0084316 -0.00784748 -0.00731898 -0.00690398 -0.00653328 -0.00622363 -0.00593354 -0.00568764 -0.00549962 -0.00527922 -0.00511296 -0.00497007 -0.0048115 -0.00468283 -0.00455306 -0.00445045 -0.00433899 -0.00423462 -0.00417004 -0.00406911 -0.00400179 -0.00395949 -0.00386672 -0.00380825 -0.00376524 -0.00370102 -0.00366035 -0.00361806 -0.00357176 -0.00353978 -0.00351467 -0.00349084 -0.00345736 -0.00342857 -0.00340316 -0.00337714 -0.00337241 -0.00336854 -0.00335727 -0.0033495 -0.00333168 
0 6.31412e-05 0.000129116 0.000187394 0.000241196 0.000311182 0.000374891 0.00042962 0.000512399 0.00057849 0.000624994 0.000718933 0.000794367 0.000834326 0.000926462 0.0010195 0.00108739 0.00117194 0.00125469 0.00136206 0.00145897 0.00153037 0.00165742 0.00176533 0.00186215 0.00201349 0.0021294 0.00226589 0.00243459 0.00258184 0.00276134 0.00293778 0.00315232 0.0033815 0.00359952 0.00390966 0.00421825 0.00456128 0.0049887 0.00546716 0.00604921 0.00668932 0.00750139 0.00847185 0.00957741 0.0109297 0.0125013 0.0143627 0.0164416 0.0187836 0.0213912 0.0241361 0.0269848 0.0297574 0.0323999 0.034662 0.0363559 0.0372922 0.0372543 0.0361283 0.0336896 0.0299453 0.0248228 0.018465 0.0109926 0.00266282 -0.00619817 -0.0152704 -0.0241104 -0.0323958 -0.0396711 -0.0457127 -0.0502324 -0.0531895 -0.0545011 -0.0542577 -0.0525729 -0.0496719 -0.0458546 -0.0413991 -0.0366396 -0.0317671 -0.0270504 -0.0225768 -0.0185474 -0.0149607 -0.0119351 -0.00938214 -0.00734451 -0.0056882 -0.00442543 -0.00342592 -0.00270225 -0.00214493 -0.00177092 -0.00148975 -0.00132167 -0.00119253 -0.00112696 -0.00106376 -0.00103122 -0.000974026 -0.000920543 -0.000812116 -0.000673285 -0.00043435 -0.000114805 0.000370172 0.00100493 0.00189232 0.00302144 0.00451703 0.00637191 0.00872235 0.0115398 0.0149279 0.0187892 0.0231483 0.027823 0.0327536 0.0376881 0.0424699 0.046771 0.0503314 0.0528173 0.0539848 0.0536547 0.051704 0.0481469 0.0429804 0.036421 0.0286378 0.0200449 0.0109348 0.00176546 -0.00714652 -0.0154174 -0.0227716 -0.0290078 -0.033944 -0.0375698 -0.0398201 -0.0408756 -0.0408038 -0.039824 -0.0380732 -0.0357687 -0.0331534 -0.0303303 -0.027492 -0.0246796 -0.0220828 -0.0197022 -0.0175457 -0.0156583 -0.0140102 -0.0126503 -0.0114428 -0.0104374 -0.00961588 -0.00890805 -0.00832296 -0.0077945 -0.00739322 -0.00702391 -0.00667687 -0.00641778 -0.00615727 -0.00593632 -0.0057266 -0.0055437 -0.00539681 -0.00521915 -0.00509878 -0.00498047 -0.00484172 -0.00476097 -0.004655 -0.0045486 -0.00447424 -0.00439396 -0.00433083 -0.00424607 -0.00417806 -0.0041572 -0.00408948 -0.00402339 -0.00400044 -0.0039558 -0.00391328 -0.00387866 -0.00384361 -0.0038309 -0.0038027 -0.00377734 -0.00377604 -0.00374161 -0.00372021 -0.00373609 -0.0037161 
0 7.47198e-05 0.000135862 0.00020534 0.000279008 0.000335796 0.000412112 0.000497818 0.00055299 0.000631008 0.000718933 0.000776165 0.000863915 0.000962428 0.00103576 0.00111119 0.00119154 0.00130968 0.00141882 0.00148879 0.00160569 0.00172519 0.0018332 0.00196436 0.0020791 0.00222594 0.00237725 0.00252081 0.00270597 0.00287513 0.00307179 0.00329084 0.00351295 0.00377991 0.00404835 0.00437992 0.00474644 0.00514194 0.00564182 0.00619928 0.00686776 0.00764309 0.00858157 0.00971555 0.0110049 0.012561 0.0143661 0.016447 0.0187686 0.0213273 0.0241355 0.0270329 0.0299597 0.0327538 0.0353184 0.0374269 0.0388494 0.0394397 0.0389966 0.0374214 0.0345125 0.0302752 0.0247088 0.0179469 0.0101397 0.00149911 -0.00763336 -0.0169435 -0.025994 -0.0344781 -0.0419841 -0.0482688 -0.0530581 -0.056257 -0.0578002 -0.0577367 -0.0561956 -0.0533625 -0.0495421 -0.0449963 -0.0400722 -0.034973 -0.0299761 -0.0251937 -0.0208271 -0.016911 -0.0135585 -0.0107206 -0.0084215 -0.00655862 -0.00511227 -0.00397816 -0.00313286 -0.00249339 -0.0020419 -0.00171549 -0.00150079 -0.00135098 -0.00125763 -0.00118641 -0.00113304 -0.00106889 -0.000989837 -0.000863916 -0.00068282 -0.000403879 -1.32611e-05 0.000546434 0.00129397 0.00230555 0.00360648 0.00529574 0.00740019 0.0100257 0.0131661 0.0168852 0.0210943 0.0257778 0.0307567 0.0359408 0.0410735 0.0459777 0.0503155 0.0538331 0.0561966 0.057197 0.0566463 0.0544596 0.0506338 0.0452214 0.0384294 0.0304618 0.021687 0.0123862 0.0029917 -0.00617977 -0.0147377 -0.0224459 -0.0290903 -0.0345102 -0.0386251 -0.0413723 -0.0428931 -0.043254 -0.0426437 -0.0411595 -0.039038 -0.0364946 -0.0336782 -0.0307517 -0.0277936 -0.0250035 -0.0223935 -0.0200153 -0.0178828 -0.0160143 -0.0144361 -0.0130429 -0.0118803 -0.0108959 -0.0100733 -0.00937887 -0.00876684 -0.00828486 -0.00784292 -0.00746637 -0.0071445 -0.00684662 -0.00660469 -0.00636037 -0.00616079 -0.00597843 -0.00579575 -0.00565794 -0.00550596 -0.00537727 -0.00525873 -0.00513776 -0.00505851 -0.00494677 -0.00484108 -0.00478279 -0.0047151 -0.00464483 -0.00456178 -0.00450509 -0.0044792 -0.00441184 -0.00435845 -0.00433055 -0.00428081 -0.00425049 -0.00422957 -0.0042013 -0.0041809 -0.00415224 -0.00413464 -0.0041243 -0.00410604 -0.00410854 
0 6.59878e-05 0.000144582 0.000218392 0.000309743 0.000389472 0.000453716 0.000541691 0.000609338 0.000685775 0.000794367 0.000863915 0.000945279 0.0010494 0.00113178 0.0012424 0.00134133 0.00142878 0.00154417 0.00163842 0.00177161 0.00191126 0.00200715 0.00216862 0.00232042 0.00244832 0.00263065 0.00279298 0.00297664 0.0031827 0.00339334 0.00365074 0.00389627 0.00419435 0.00453422 0.00487917 0.00531093 0.00578327 0.00634338 0.00700348 0.00776214 0.00869789 0.00977682 0.0110726 0.0125884 0.0143448 0.0163981 0.0186858 0.0212457 0.0240125 0.0269553 0.0299678 0.0328914 0.0356491 0.0380315 0.039885 0.0409593 0.0411147 0.0402221 0.0381229 0.0347465 0.0300181 0.0240679 0.016969 0.00891579 9.27358e-05 -0.00919478 -0.0185826 -0.0277357 -0.0362767 -0.0439386 -0.0503758 -0.0554057 -0.0588212 -0.0606098 -0.0607637 -0.0594172 -0.0567398 -0.0529825 -0.048446 -0.0434051 -0.0381614 -0.032907 -0.027878 -0.0231765 -0.0189707 -0.0152745 -0.0121692 -0.00958032 -0.00751598 -0.00585794 -0.00459103 -0.00360172 -0.00288127 -0.00233554 -0.00196471 -0.00169109 -0.00152147 -0.00139129 -0.00131315 -0.00123129 -0.00116112 -0.00104795 -0.000904818 -0.000670059 -0.000350857 0.000126405 0.000761186 0.0016425 0.00277867 0.00427865 0.0061601 0.00854351 0.0114322 0.0149155 0.018932 0.0234899 0.0284402 0.0337043 0.0390619 0.0443488 0.0492735 0.0535806 0.0569539 0.0591344 0.0599078 0.05911 0.0566887 0.0526109 0.0470226 0.0400622 0.0320396 0.0231854 0.0138584 0.00436229 -0.00491607 -0.0136583 -0.0216232 -0.0285976 -0.0344622 -0.0390366 -0.0423301 -0.0443443 -0.0452206 -0.0450394 -0.0439296 -0.0420964 -0.0397067 -0.0369875 -0.0340253 -0.0310111 -0.028052 -0.0252425 -0.0226558 -0.0202832 -0.0182061 -0.0163705 -0.0147971 -0.0134544 -0.0122929 -0.0113372 -0.0105056 -0.00981963 -0.00922383 -0.00870603 -0.00829485 -0.00789897 -0.00757198 -0.00728881 -0.00702382 -0.00680198 -0.00657479 -0.00639992 -0.0062222 -0.00603777 -0.00592269 -0.00577162 -0.00563279 -0.00554437 -0.00543296 -0.00534379 -0.00524794 -0.00515653 -0.00509637 -0.00500913 -0.00495093 -0.00489719 -0.00481584 -0.00478808 -0.00475156 -0.00470014 -0.00467965 -0.0046229 -0.00458506 -0.0045789 -0.00453942 -0.00453961 -0.00454059 -0.00449681 -0.00450112 
0 6.77543e-05 0.000194131 0.000249378 0.000304849 0.00042934 0.000494845 0.000565002 0.000699475 0.000769295 0.000834326 0.000962428 0.0010494 0.00112946 0.0012437 0.00134536 0.00146428 0.00157715 0.00167975 0.00182396 0.00195325 0.00207045 0.0022141 0.00236569 0.0025353 0.00269168 0.00287183 0.00309165 0.00327701 0.00350338 0.00376575 0.00401324 0.00430802 0.00463716 0.00501382 0.00542434 0.00589592 0.00648129 0.00711897 0.0078784 0.00879125 0.00986044 0.0111229 0.012584 0.0143256 0.016314 0.0185652 0.0210893 0.0238404 0.0267938 0.0298244 0.032867 0.0357598 0.0383615 0.0405054 0.0419844 0.0426486 0.0423102 0.0408934 0.0382621 0.0343753 0.0292282 0.0229127 0.0155757 0.00734752 -0.00153908 -0.0108446 -0.0201988 -0.029307 -0.0378347 -0.0455231 -0.0520795 -0.0572656 -0.0609101 -0.0629255 -0.063346 -0.062236 -0.0597832 -0.0561717 -0.0517064 -0.0466387 -0.0412837 -0.0358514 -0.0305812 -0.0256109 -0.0210971 -0.0171043 -0.0136927 -0.010844 -0.00853014 -0.0066829 -0.00523727 -0.00412516 -0.00328381 -0.00266464 -0.00221481 -0.00190257 -0.00168269 -0.00153574 -0.00142275 -0.00133229 -0.00122837 -0.00110048 -0.000910264 -0.00064078 -0.00024753 0.000297495 0.00104638 0.00204264 0.00334875 0.00502847 0.00715135 0.00978828 0.0129828 0.0167666 0.0211037 0.0259465 0.0311627 0.0366307 0.042134 0.0474787 0.0523646 0.0565429 0.0596987 0.0616295 0.0621153 0.0610599 0.0583761 0.054106 0.0483606 0.0413486 0.0333271 0.0245401 0.0152883 0.00584921 -0.00340988 -0.0122282 -0.0203364 -0.0275862 -0.0337923 -0.0388331 -0.0426419 -0.0452151 -0.0466365 -0.046953 -0.0463203 -0.0448529 -0.0427552 -0.0401804 -0.037302 -0.0342848 -0.031223 -0.0282625 -0.0254557 -0.0228944 -0.020567 -0.0184905 -0.0167029 -0.0151507 -0.0138285 -0.0126806 -0.011736 -0.0109427 -0.0102344 -0.00965624 -0.00915811 -0.00872818 -0.00833549 -0.007997 -0.00772257 -0.00743199 -0.00719488 -0.00699901 -0.00678911 -0.00661421 -0.00645678 -0.00631851 -0.0061752 -0.00603106 -0.00593501 -0.00582264 -0.00571019 -0.00562683 -0.00553218 -0.00547353 -0.00540719 -0.00530893 -0.00527891 -0.00523627 -0.00513956 -0.00511029 -0.00508824 -0.00502531 -0.0050132 -0.00499916 -0.00494574 -0.00493178 -0.00492113 -0.00489115 -0.00489983 
0 9.48717e-05 0.000173442 0.000271185 0.000362932 0.000445596 0.000545808 0.000639413 0.000733078 0.000830594 0.000926462 0.00103576 0.00113178 0.0012437 0.00137713 0.00146172 0.00156985 0.00172322 0.00184613 0.00197969 0.0021149 0.00225902 0.00243655 0.00258803 0.00276113 0.00295045 0.00314111 0.00337398 0.00358374 0.00383542 0.00413077 0.00440646 0.00474909 0.00512479 0.00554571 0.00602271 0.00656195 0.00723569 0.00796891 0.00884536 0.00991222 0.0111411 0.0125921 0.0142591 0.0162332 0.0184561 0.0209168 0.0236542 0.0265803 0.0296556 0.0327179 0.0357139 0.0384853 0.0408422 0.0426374 0.0436667 0.0438402 0.0429629 0.0409796 0.0378035 0.0334315 0.0279118 0.0213103 0.0138068 0.00550923 -0.00333385 -0.0125252 -0.0217305 -0.0306876 -0.0391113 -0.0467488 -0.0533546 -0.058659 -0.0625107 -0.0647712 -0.0654847 -0.0646688 -0.0624986 -0.0591117 -0.0547884 -0.0497692 -0.0443629 -0.0388077 -0.0333382 -0.0281326 -0.0233338 -0.0190552 -0.0153408 -0.0122236 -0.00965141 -0.00759829 -0.00596369 -0.00471268 -0.00374327 -0.00303715 -0.00250415 -0.00214191 -0.00186984 -0.00169643 -0.00154817 -0.00144024 -0.00130241 -0.00115057 -0.000912087 -0.000597308 -0.000126977 0.000498278 0.00136701 0.0024933 0.0039785 0.00585476 0.00822832 0.0111299 0.0146294 0.0187071 0.0233448 0.0284435 0.0338866 0.0395081 0.0450995 0.0504304 0.055207 0.059178 0.062055 0.0636747 0.0638397 0.0624995 0.0595658 0.0551321 0.0492957 0.0423048 0.0343734 0.0257517 0.0166877 0.00743606 -0.00168815 -0.0104689 -0.0186412 -0.0260785 -0.0325689 -0.0380288 -0.0423486 -0.0455016 -0.047503 -0.0483797 -0.0482841 -0.047281 -0.0455563 -0.0432225 -0.0405014 -0.0375484 -0.0344566 -0.0313848 -0.0284056 -0.0256604 -0.0231105 -0.0208042 -0.0187897 -0.0170271 -0.0155186 -0.0141842 -0.0130875 -0.0121586 -0.0113356 -0.0106603 -0.0100701 -0.00958159 -0.00913169 -0.00874381 -0.00843447 -0.00811303 -0.00785218 -0.00761901 -0.00739405 -0.00720684 -0.00700703 -0.00685011 -0.00670707 -0.00655631 -0.00643353 -0.00629691 -0.00620389 -0.00612615 -0.0060001 -0.0059149 -0.00585176 -0.00577485 -0.00571021 -0.00564108 -0.0055911 -0.00554474 -0.00548928 -0.00546516 -0.00542766 -0.00538181 -0.00537038 -0.00534055 -0.00531394 -0.00531756 -0.00529649 
0 0.000113977 0.000158316 0.000290145 0.000416826 0.000473345 0.000600449 0.000707192 0.000766079 0.000900363 0.0010195 0.00111119 0.0012424 0.00134536 0.00146172 0.00160993 0.00172618 0.00185972 0.00199942 0.00213281 0.00230394 0.00246835 0.00263444 0.00281914 0.0030036 0.00321959 0.00343474 0.00365613 0.00392366 0.00419619 0.00449975 0.0048418 0.00521028 0.00564467 0.00611983 0.00666408 0.00731189 0.00805122 0.00892331 0.00994126 0.0111564 0.0125827 0.0142126 0.0161255 0.0183105 0.020755 0.0234354 0.0263337 0.0294169 0.0325269 0.0355789 0.0384511 0.0410028 0.0430442 0.0443806 0.0449223 0.0445179 0.0430775 0.0404957 0.0367781 0.0319655 0.0261042 0.0193117 0.0116897 0.00344329 -0.00527615 -0.0142248 -0.0231873 -0.0319015 -0.0401328 -0.0476595 -0.0542271 -0.0596281 -0.0636367 -0.0661755 -0.0671772 -0.0667197 -0.0648602 -0.061777 -0.0576499 -0.052755 -0.0473569 -0.0417308 -0.0361135 -0.0306973 -0.0256543 -0.021088 -0.0170969 -0.013686 -0.0108711 -0.00857471 -0.00676532 -0.00533643 -0.0042564 -0.0034263 -0.00283055 -0.00238318 -0.00208116 -0.00184753 -0.00168714 -0.00152849 -0.00137977 -0.00117 -0.000905055 -0.000509293 1.8309e-05 0.000761788 0.00173361 0.00303068 0.00468192 0.00679573 0.00940664 0.0126044 0.0163855 0.0207669 0.0256659 0.031003 0.0366201 0.0423494 0.0479647 0.0532088 0.0578116 0.0614932 0.0640494 0.0652857 0.0651182 0.0634437 0.0602922 0.0556962 0.0498476 0.0429218 0.0351679 0.0267853 0.0180038 0.0090581 0.000162304 -0.00845104 -0.0166209 -0.0241287 -0.0308549 -0.0366511 -0.0414563 -0.0451776 -0.0477685 -0.0492679 -0.0497381 -0.0493033 -0.0480164 -0.0460485 -0.0435689 -0.0407546 -0.0377288 -0.0345913 -0.0315197 -0.0285832 -0.0258445 -0.0233214 -0.0210603 -0.0190901 -0.0173486 -0.0158487 -0.0145633 -0.0134713 -0.0125449 -0.0117381 -0.011068 -0.010487 -0.00998228 -0.00955291 -0.00916161 -0.00883484 -0.00853617 -0.00825314 -0.00801949 -0.00779715 -0.00759457 -0.00740777 -0.00723158 -0.00709458 -0.0069508 -0.00681723 -0.00670621 -0.0065779 -0.00648899 -0.00640444 -0.00629382 -0.00623026 -0.00614815 -0.00606736 -0.00605399 -0.00598527 -0.0059077 -0.00589772 -0.005835 -0.00578388 -0.00579955 -0.00575723 -0.00572415 -0.00574201 -0.00570199 
0 0.00010847 0.00022308 0.000323362 0.000408352 0.000516532 0.00063794 0.000741478 0.000861971 0.000993879 0.00108739 0.00119154 0.00134133 0.00146428 0.00156985 0.00172618 0.0018801 0.00200515 0.00216527 0.00233506 0.00249057 0.00266851 0.00285031 0.0030408 0.00326236 0.00349177 0.00372618 0.00398551 0.00428181 0.00458621 0.00490977 0.00529813 0.00572088 0.0061898 0.00673989 0.00737778 0.00811864 0.00897038 0.0099863 0.011176 0.0125584 0.0141762 0.0160327 0.0181693 0.0205669 0.0232165 0.0260883 0.0291291 0.0322788 0.0353816 0.03834 0.0410131 0.0432541 0.0448756 0.0457084 0.0456813 0.0446738 0.0426235 0.0394544 0.035226 0.0300101 0.0238838 0.0169499 0.00931704 0.00119017 -0.00729079 -0.0159181 -0.0245444 -0.0329405 -0.0409166 -0.0482554 -0.0547437 -0.060178 -0.0643453 -0.0671408 -0.0684716 -0.0683833 -0.0668935 -0.064153 -0.0602934 -0.0555823 -0.0502567 -0.0446176 -0.0388935 -0.0333136 -0.0280427 -0.0232216 -0.0189462 -0.0152593 -0.0121753 -0.00964463 -0.00762688 -0.00602909 -0.00480561 -0.00386354 -0.00317458 -0.00265641 -0.00229577 -0.00201758 -0.00181746 -0.00162421 -0.001437 -0.00118488 -0.000864794 -0.00040228 0.000213167 0.00106292 0.00217109 0.00363022 0.00548264 0.00782623 0.0107046 0.0141832 0.0182591 0.022913 0.0280627 0.0335915 0.039347 0.0451235 0.0507014 0.055792 0.0601483 0.0634911 0.0656638 0.0664954 0.0659473 0.0639475 0.0605621 0.0558569 0.050024 0.0432392 0.0357141 0.0276463 0.0192267 0.0106669 0.00210862 -0.00625932 -0.0143081 -0.0218236 -0.0286874 -0.0347693 -0.0399929 -0.044249 -0.0474391 -0.0495726 -0.0506738 -0.0508365 -0.0500905 -0.0485744 -0.0464404 -0.0438539 -0.0409575 -0.0378619 -0.0347357 -0.0316647 -0.0287478 -0.026027 -0.0235421 -0.021325 -0.019362 -0.0176663 -0.0161876 -0.0149199 -0.0138513 -0.0129359 -0.0121497 -0.0114697 -0.0109052 -0.0104037 -0.00994839 -0.00957212 -0.00923731 -0.00892506 -0.00864799 -0.00841429 -0.0081978 -0.00798817 -0.00781153 -0.0076372 -0.00747418 -0.007347 -0.00720263 -0.00706399 -0.00697578 -0.00687867 -0.00676199 -0.00668956 -0.00663521 -0.00653983 -0.00645602 -0.00641589 -0.00635912 -0.00630219 -0.00628215 -0.00624452 -0.00619276 -0.00617634 -0.00615718 -0.00612529 -0.00612681 
0 0.000102438 0.000230677 0.000336966 0.000448869 0.000579795 0.0006833 0.000798763 0.00093031 0.0010395 0.00117194 0.00130968 0.00142878 0.00157715 0.00172322 0.00185972 0.00200515 0.00215297 0.00234623 0.00252292 0.0026714 0.00288795 0.0030972 0.00329536 0.00353865 0.00377304 0.00403495 0.00432629 0.0046387 0.00498763 0.00535128 0.00579676 0.0062836 0.00680347 0.00744908 0.00817905 0.00901829 0.010002 0.0111666 0.0125424 0.0141018 0.015933 0.0180357 0.0203897 0.0230041 0.0258393 0.0288794 0.0320087 0.0351469 0.0381764 0.0409471 0.0433345 0.0451543 0.0462753 0.0465476 0.0458984 0.0442651 0.041585 0.0378721 0.0331768 0.0276289 0.0213036 0.0143064 0.00676085 -0.00116678 -0.00931219 -0.0175597 -0.0257679 -0.033798 -0.0414522 -0.0485583 -0.054919 -0.0603509 -0.0646649 -0.0677085 -0.0693947 -0.0696859 -0.0686158 -0.0662465 -0.0627268 -0.0582455 -0.0530697 -0.0474607 -0.0416898 -0.0359754 -0.0305146 -0.0254538 -0.0209088 -0.0169461 -0.0135872 -0.0108135 -0.00857092 -0.0067958 -0.0054105 -0.00435257 -0.00355286 -0.00296396 -0.00252789 -0.00220767 -0.00195142 -0.00172715 -0.00148512 -0.00119383 -0.000801992 -0.000274141 0.000446384 0.00140431 0.00266706 0.00429454 0.00636554 0.00894635 0.0121009 0.0158597 0.0202194 0.0251303 0.0304964 0.0361867 0.0420235 0.0478027 0.0532661 0.0581531 0.062187 0.0651584 0.0668944 0.0673114 0.0663531 0.0640375 0.0604241 0.0556468 0.0498733 0.0432792 0.0360474 0.0283448 0.0203639 0.0122418 0.00411058 -0.00394088 -0.0117668 -0.019214 -0.0261415 -0.0324397 -0.0380236 -0.042752 -0.0465357 -0.0493019 -0.051072 -0.0518614 -0.0517172 -0.0507398 -0.0490344 -0.0467697 -0.0440689 -0.0411055 -0.0379945 -0.034847 -0.0317964 -0.0289016 -0.0262298 -0.0237705 -0.0215849 -0.0196817 -0.0179946 -0.0165393 -0.0152884 -0.0142403 -0.013323 -0.012522 -0.0118794 -0.0112984 -0.0107905 -0.0103605 -0.00997778 -0.00964632 -0.00932738 -0.00906352 -0.00881628 -0.00857127 -0.00839521 -0.00819936 -0.00800374 -0.00786898 -0.00773229 -0.00760118 -0.00746819 -0.00735017 -0.0072686 -0.00716145 -0.0070688 -0.007004 -0.00691806 -0.00686197 -0.00681612 -0.00674713 -0.00670982 -0.00667378 -0.00662209 -0.00660443 -0.00658605 -0.00655273 -0.00655037 
