0 0 0 0 0 0 0 0 0 0 0 0 0 0 0 0 0 0 0 0 0 0 0 0 0 0 0 0 0 0 0 0 0 0 0 0 0 0 0 0 0 0 0 0 0 0 0 0 0 0 0 0 0 0 0 0 0 0 0 0 0 0 0 0 0 0 0 0 0 0 0 0 0 0 0 0 0 0 0 0 0 0 0 0 0 0 0 0 0 0 0 0 0 0 0 0 0 0 0 0 0 0 0 0 0 0 0 0 0 0 0 0 0 0 0 0 0 0 0 0 0 0 0 0 0 0 0 0 0 0 0 0 0 0 0 0 0 0 0 0 0 0 0 0 0 0 0 0 0 0 0 0 0 0 0 0 0 0 0 0 0 0 0 0 0 0 0 0 0 0 0 0 0 0 0 0 0 0 0 0 0 0 0 0 0 0 0 0 0 0 0 0 0 0 0 0 0 0 0 0 
0 -3.83205e-06 1.9461e-05 1.98643e-05 3.6266e-06 2.11845e-05 2.34838e-05 1.06419e-05 4.16335e-05 4.74064e-05 2.76254e-05 4.94597e-05 5.09313e-05 4.11118e-05 6.05453e-05 6.5883e-05 6.34677e-05 5.65327e-05 7.32451e-05 0.000103554 8.45953e-05 8.61675e-05 9.77115e-05 9.47935e-05 0.000120762 0.000104386 0.000109573 0.000143874 0.000128498 0.000147204 0.000157468 0.000159537 0.000173605 0.000169111 0.00019716 0.000188708 0.000199444 0.00023197 0.000221682 0.000249447 0.00026215 0.00028494 0.00029714 0.000307162 0.000352459 0.000350235 0.00038014 0.000408188 0.000441867 0.000473873 0.000498706 0.000572755 0.000614931 0.000685064 0.000761654 0.000876998 0.00100645 0.00114098 0.00134311 0.00156827 0.0018529 0.00214222 0.00250048 0.00288758 0.00328695 0.00366311 0.0039887 0.0042674 0.00440995 0.0044067 0.00418119 0.00377889 0.00315239 0.00233724 0.00132055 0.000179016 -0.00102236 -0.0022091 -0.00331663 -0.00430938 -0.0051109 -0.00570297 -0.00602663 -0.00612674 -0.00599452 -0.00571251 -0.00527715 -0.00476573 -0.00417277 -0.00357652 -0.00297652 -0.00244023 -0.00195233 -0.00155188 -0.00120474 -0.000931034 -0.000692671 -0.000505132 -0.000333315 -0.000191189 -4.485e-05 9.30602e-05 0.000256235 0.000431328 0.000652542 0.000905513 0.00122751 0.00160186 0.00206465 0.00258416 0.00317984 0.003791 0.00441852 0.00498569 0.0054958 0.0058724 0.00611899 0.00614973 0.00596576 0.00550505 0.00481495 0.00389886 0.00283561 0.00165109 0.000413822 -0.000814634 -0.00195449 -0.00292368 -0.00370854 -0.00427133 -0.00464852 -0.00478953 -0.00475723 -0.00455015 -0.00426992 -0.00391078 -0.00351539 -0.00310115 -0.00270832 -0.00237513 -0.00205424 -0.00178852 -0.00154323 -0.00137889 -0.00122168 -0.00109127 -0.000987404 -0.000907775 -0.000855557 -0.000772625 -0.000738317 -0.000694154 -0.0006643 -0.000620563 -0.000587927 -0.000584098 -0.00053707 -0.00052619 -0.000504707 -0.000495526 -0.000476087 -0.000452333 -0.000467177 -0.000432211 -0.000428003 -0.00042408 -0.000403953 -0.000401093 -0.000378656 -0.00038769 -0.000364375 -0.000353729 -0.000375227 -0.000343817 -0.000346031 -0.000347837 -0.000338402 -0.000348011 -0.000317293 -0.000311555 -0.00032536 -0.0003214 -0.000313703 -0.000291577 -0.000311426 -0.000320736 -0.000290729 -0.000310139 -0.000304601 -0.000271106 -0.000294821 -0.000298658 -0.000282649 -0.000299698 -0.000294956 -0.000278135 -0.000285904 -0.0002859 -0.000277624 -0.000285868 
0 1.9461e-05 -9.56611e-06 2.33555e-05 4.34543e-05 2.6264e-05 6.20401e-05 6.42383e-05 4.41619e-05 7.18949e-05 7.58635e-05 8.22551e-05 0.000103986 0.000100834 0.000116023 0.000121316 0.000125001 0.000162101 0.000154037 0.000133797 0.000166583 0.00019499 0.000195155 0.000199877 0.000223443 0.00023687 0.000243136 0.000262444 0.000268136 0.000275919 0.00030421 0.000319457 0.000326098 0.000358783 0.000386128 0.000392544 0.000422442 0.000453451 0.000470023 0.000488451 0.000525781 0.000562809 0.000574579 0.000623194 0.000674294 0.00071005 0.000756572 0.000819127 0.000899392 0.000947235 0.0010338 0.00114285 0.00125539 0.00138095 0.00153783 0.00177001 0.00200715 0.00230958 0.00268111 0.00315845 0.00370074 0.00430226 0.00501015 0.00577345 0.00657637 0.00730272 0.0079733 0.00848554 0.00878482 0.00873935 0.00830924 0.00748348 0.00624117 0.00461068 0.00259 0.000337399 -0.0020586 -0.004394 -0.00661622 -0.00855888 -0.0101756 -0.0113227 -0.011999 -0.0121789 -0.0119513 -0.0113739 -0.0105356 -0.00950365 -0.00834593 -0.00714991 -0.00597141 -0.00489551 -0.00393057 -0.00312448 -0.00243312 -0.0018814 -0.00140403 -0.00102672 -0.00068067 -0.000395283 -9.92909e-05 0.000177502 0.000506908 0.000858822 0.00130325 0.0018129 0.00245656 0.00321033 0.00412905 0.00517144 0.00634548 0.00757016 0.00880043 0.00994223 0.0109338 0.0116996 0.0121587 0.0122386 0.0118413 0.010956 0.00956256 0.00777791 0.00564504 0.00332118 0.000852107 -0.00156275 -0.00382907 -0.00575383 -0.00731647 -0.0084555 -0.00919425 -0.00951136 -0.00943805 -0.00907728 -0.00850337 -0.00782467 -0.00702822 -0.00622912 -0.00544961 -0.00477469 -0.00415146 -0.00359723 -0.00313712 -0.00276585 -0.00247231 -0.00218972 -0.00198612 -0.00182124 -0.00169214 -0.00155809 -0.00145429 -0.00139414 -0.00131274 -0.00124544 -0.00118814 -0.00115794 -0.00110426 -0.00105111 -0.00103272 -0.00099464 -0.000953574 -0.000921691 -0.000905957 -0.000873215 -0.000838224 -0.000834591 -0.000813569 -0.000785313 -0.000779378 -0.000770732 -0.000747032 -0.000734115 -0.000724408 -0.000702394 -0.000693799 -0.000688996 -0.000663356 -0.000646829 -0.00066919 -0.000666573 -0.000625725 -0.000628563 -0.000637126 -0.000623296 -0.000617988 -0.000596425 -0.000595569 -0.000601686 -0.00058498 -0.000605976 -0.000602609 -0.000568072 -0.000585355 -0.000577233 -0.000556976 -0.000586689 -0.000577908 -0.000563468 -0.000585801 -0.000565327 
0 1.98643e-05 2.33555e-05 3.74495e-05 4.5724e-05 5.08609e-05 6.9864e-05 7.86282e-05 9.30458e-05 0.00011393 0.000116188 0.000129487 0.000146382 0.000150836 0.00017053 0.000186681 0.000192005 0.00020907 0.00022925 0.000246719 0.000261428 0.000275264 0.000287451 0.000305181 0.00033106 0.00034122 0.000359591 0.000392931 0.000408314 0.000430184 0.000461274 0.000483161 0.000503721 0.000534418 0.000568603 0.000588095 0.000624626 0.000670503 0.000699974 0.000740754 0.000793521 0.00084466 0.000885432 0.000945439 0.00101838 0.00107414 0.00114425 0.00123495 0.00133541 0.00142974 0.00155167 0.00171394 0.00188568 0.00208571 0.00234002 0.00267164 0.00305348 0.00351142 0.00408812 0.00479182 0.00560667 0.00652055 0.00756389 0.00869707 0.00985411 0.0109388 0.0118964 0.012635 0.0130245 0.0129318 0.0122694 0.0110188 0.00915958 0.00671508 0.00373832 0.000396359 -0.00312049 -0.00659398 -0.00985957 -0.0127475 -0.0151135 -0.0168254 -0.0178211 -0.0181152 -0.0177863 -0.0169489 -0.0157102 -0.0141861 -0.0124761 -0.0107028 -0.00896206 -0.00735464 -0.00592329 -0.00470376 -0.00367527 -0.00282976 -0.00212211 -0.00153662 -0.00102712 -0.00057868 -0.000144507 0.000291189 0.000775423 0.00132321 0.00198088 0.00276447 0.00372154 0.00486572 0.00622888 0.00778984 0.00952291 0.0113401 0.0131537 0.0148413 0.0163034 0.0174216 0.0180881 0.0181758 0.0175828 0.0162535 0.014212 0.0115584 0.00842379 0.00496578 0.00134063 -0.00223976 -0.00556941 -0.00844489 -0.01077 -0.0124879 -0.0135991 -0.0140938 -0.0140322 -0.0135253 -0.0127132 -0.0117 -0.010552 -0.00936572 -0.00822593 -0.00719898 -0.00626787 -0.00544609 -0.00474983 -0.00419085 -0.00372698 -0.00332641 -0.00300792 -0.00275941 -0.00255546 -0.00236278 -0.00221283 -0.00209691 -0.00198524 -0.00187793 -0.00179204 -0.00172869 -0.00164977 -0.00158204 -0.00153421 -0.00148604 -0.00143181 -0.00138811 -0.00136156 -0.00131714 -0.00127909 -0.00125604 -0.00122375 -0.00118966 -0.00116459 -0.00114568 -0.0011137 -0.00109388 -0.00108481 -0.00105753 -0.00104124 -0.00103325 -0.00101663 -0.000999556 -0.000983727 -0.000970161 -0.000957945 -0.000952843 -0.00093922 -0.000922039 -0.000925082 -0.00091771 -0.000905622 -0.00090604 -0.000890264 -0.000879415 -0.000881261 -0.000873213 -0.000873427 -0.000873738 -0.000864897 -0.000863589 -0.000857626 -0.000851947 -0.000856383 -0.000854376 
0 3.6266e-06 4.34543e-05 4.5724e-05 5.3211e-05 8.84951e-05 8.62987e-05 9.88296e-05 0.000136044 0.00014078 0.000154505 0.000178187 0.000188826 0.000209086 0.000224813 0.000248263 0.000270364 0.000267965 0.000299833 0.000340991 0.000343511 0.000359861 0.000388873 0.000414313 0.000440678 0.000456819 0.000486881 0.000519864 0.000543542 0.00057949 0.000608259 0.000640677 0.000681936 0.000712187 0.000755559 0.000797148 0.000838888 0.000893228 0.000937588 0.000998077 0.00105766 0.00111866 0.00119396 0.0012627 0.00135425 0.00143938 0.00153972 0.00165981 0.00178089 0.00193388 0.00209473 0.00230582 0.00254038 0.00282182 0.00317806 0.00360243 0.00413648 0.00475949 0.00554594 0.00647202 0.00755875 0.00879082 0.0101582 0.0116409 0.0131211 0.0145418 0.0157503 0.0166716 0.0171037 0.0169309 0.0160197 0.0143333 0.0118599 0.00861665 0.00473122 0.000355998 -0.0042144 -0.00877231 -0.0130239 -0.0168102 -0.0198804 -0.0221345 -0.0234453 -0.0238707 -0.0234661 -0.0223973 -0.0207881 -0.0188001 -0.0165705 -0.0142476 -0.0119726 -0.00984821 -0.00796256 -0.00632767 -0.00496271 -0.00381434 -0.00287447 -0.00207073 -0.0013958 -0.000773883 -0.000199328 0.000405839 0.00104703 0.00180114 0.00267449 0.00374241 0.00501426 0.00655426 0.00835364 0.010423 0.0126899 0.0150735 0.0174372 0.0196418 0.0215433 0.0229846 0.0238289 0.0239014 0.0231075 0.0213495 0.0187005 0.0152263 0.0111501 0.00661613 0.00190868 -0.0027694 -0.00709801 -0.0108924 -0.0139642 -0.016265 -0.0177576 -0.018459 -0.0184568 -0.0178574 -0.0168549 -0.0155415 -0.0140831 -0.0125428 -0.0110684 -0.00969133 -0.00845643 -0.00737114 -0.00643656 -0.00567598 -0.00502609 -0.00450575 -0.0040625 -0.0037176 -0.0034264 -0.00317723 -0.00297887 -0.00279832 -0.00265825 -0.00251731 -0.00240604 -0.00230488 -0.00220771 -0.00213071 -0.00204745 -0.00198575 -0.00191931 -0.00186003 -0.00181156 -0.00175577 -0.00171622 -0.00166904 -0.00162826 -0.00159631 -0.00155476 -0.00152651 -0.00149452 -0.00146417 -0.0014455 -0.00141631 -0.00139212 -0.00137018 -0.00135409 -0.00134425 -0.00130621 -0.00128581 -0.00129391 -0.00127244 -0.0012488 -0.00123742 -0.00122984 -0.00122801 -0.00120616 -0.00119871 -0.00120028 -0.0011703 -0.00117124 -0.00118319 -0.00115639 -0.00115874 -0.00116545 -0.00113932 -0.00114574 -0.00115253 -0.00113182 -0.00114264 
0 2.11845e-05 2.6264e-05 5.08609e-05 8.84951e-05 9.55899e-05 0.000116055 0.000153647 0.000146858 0.000160649 0.000207787 0.000214549 0.000235872 0.000274204 0.00028197 0.00030002 0.000332091 0.00037067 0.000383787 0.000380748 0.000428978 0.000465223 0.000491027 0.000524869 0.000533869 0.000592446 0.00062599 0.000631359 0.000691924 0.000717278 0.000756116 0.000805474 0.000844464 0.000906375 0.000937318 0.0010118 0.00106639 0.00110648 0.00119602 0.00124746 0.00132732 0.00139966 0.00149271 0.00159724 0.00167719 0.00182066 0.00193933 0.00208848 0.00224923 0.00243916 0.00267378 0.00290549 0.00323138 0.00359164 0.00405251 0.00459094 0.00526055 0.00609185 0.00706074 0.00823938 0.00957687 0.0111347 0.0128109 0.0146019 0.0163903 0.0180769 0.0195201 0.0205311 0.0209813 0.0206571 0.019492 0.0173442 0.0142661 0.0102571 0.00550702 0.000193432 -0.00537482 -0.0109088 -0.0161069 -0.0206899 -0.0244466 -0.0271763 -0.0288301 -0.0293728 -0.0289511 -0.0276622 -0.0257408 -0.0233106 -0.0206143 -0.0177694 -0.0149982 -0.0123755 -0.0100476 -0.00800199 -0.00629283 -0.00484122 -0.00365368 -0.00263266 -0.00177421 -0.000980993 -0.000246752 0.000525501 0.00134255 0.00230142 0.00340781 0.00476021 0.00635886 0.00829141 0.0105219 0.0130824 0.015851 0.0187707 0.0216336 0.0243274 0.0266101 0.0283549 0.0293147 0.0293722 0.0283385 0.0262041 0.0229574 0.0187609 0.0137811 0.00828568 0.00255367 -0.00310862 -0.00838143 -0.013034 -0.0168348 -0.0197224 -0.0215993 -0.0225642 -0.0226477 -0.0220511 -0.0208826 -0.0193531 -0.0176012 -0.0157691 -0.0139754 -0.0122612 -0.010738 -0.00936968 -0.00822279 -0.00721701 -0.00640112 -0.0057261 -0.00516626 -0.00471175 -0.00431362 -0.00402616 -0.00374605 -0.00352831 -0.00332997 -0.00317144 -0.00303385 -0.00287937 -0.00278911 -0.00267262 -0.00258124 -0.0024866 -0.00240765 -0.0023474 -0.00224811 -0.00220872 -0.00214439 -0.00208252 -0.00204373 -0.00198972 -0.00196249 -0.00190379 -0.00188222 -0.00185222 -0.00178749 -0.001784 -0.00174923 -0.0017103 -0.00168717 -0.00165316 -0.00165967 -0.00163727 -0.00159775 -0.00158167 -0.0015729 -0.00157487 -0.00153328 -0.00150881 -0.00152333 -0.00148866 -0.00148484 -0.00150756 -0.00147036 -0.00145612 -0.00146514 -0.00143936 -0.00143546 -0.00144895 -0.00143633 -0.00143104 -0.00143815 -0.00142574 
0 2.34838e-05 6.20401e-05 6.9864e-05 8.62987e-05 0.000116055 0.000128778 0.000163776 0.000195141 0.00021233 0.000247555 0.000261537 0.00028031 0.00032054 0.000337295 0.000369117 0.00040307 0.00041596 0.000456885 0.000502319 0.000528065 0.000547638 0.000582324 0.000627003 0.000650946 0.000696917 0.000741998 0.000769591 0.000834336 0.000879797 0.000915299 0.000975341 0.00102891 0.00108079 0.00113048 0.00120894 0.00127498 0.00133167 0.00143192 0.00151515 0.00159898 0.001699 0.0018171 0.00193273 0.00204004 0.00219966 0.0023572 0.00252216 0.0027194 0.00296221 0.00324116 0.00353897 0.00393256 0.00440545 0.00497041 0.00564052 0.00647534 0.00750094 0.00869341 0.010098 0.0117167 0.0135609 0.0155379 0.0175955 0.019641 0.0215484 0.0231364 0.0241952 0.0245676 0.0240706 0.0225857 0.0199886 0.0162969 0.011577 0.0060226 -0.000141183 -0.00660365 -0.0130279 -0.0190628 -0.0243833 -0.028739 -0.0319342 -0.0338929 -0.0345976 -0.0341616 -0.0327226 -0.0305069 -0.0277076 -0.024567 -0.0212664 -0.0180146 -0.0149382 -0.0121651 -0.00972802 -0.00765755 -0.00590766 -0.00445184 -0.0032139 -0.00215205 -0.00118629 -0.000272932 0.000667963 0.00168042 0.00284471 0.00420448 0.00583892 0.00778255 0.0100934 0.0127603 0.0157727 0.0190275 0.0224185 0.0257534 0.0288596 0.0314973 0.0334675 0.0345267 0.0345084 0.0332551 0.0307346 0.0269647 0.0220916 0.016317 0.0099409 0.00329948 -0.00325404 -0.00938677 -0.014829 -0.0193402 -0.022789 -0.0250965 -0.026336 -0.0265931 -0.0260337 -0.0247953 -0.0230907 -0.0211118 -0.0190238 -0.0169353 -0.0149217 -0.0130934 -0.0114726 -0.0100757 -0.00885337 -0.00784006 -0.00701352 -0.00632947 -0.00575028 -0.00526643 -0.00489778 -0.00456654 -0.00427972 -0.00403498 -0.00384308 -0.00366068 -0.00347814 -0.00334897 -0.0032222 -0.00310043 -0.00298531 -0.00290239 -0.00282025 -0.00271867 -0.00266034 -0.0025935 -0.00251911 -0.0024574 -0.002406 -0.00235368 -0.00228525 -0.00225446 -0.00221329 -0.00215958 -0.00213836 -0.00209888 -0.00206533 -0.00204579 -0.00201357 -0.001974 -0.00194377 -0.00193947 -0.00190952 -0.00187539 -0.00187111 -0.001847 -0.00183743 -0.00183459 -0.001803 -0.00179115 -0.00177673 -0.00175721 -0.00176253 -0.00175332 -0.00174455 -0.00174534 -0.00172694 -0.00172066 -0.00172103 -0.00171068 -0.00171776 
0 1.06419e-05 6.42383e-05 7.86282e-05 9.88296e-05 0.000153647 0.000163776 0.000180286 0.000228565 0.000246496 0.000273053 0.0003125 0.000336595 0.000372427 0.000398938 0.000432846 0.000479014 0.000488309 0.000527399 0.000587706 0.000602986 0.000642657 0.000693039 0.00072978 0.000780434 0.000815156 0.000866117 0.000916835 0.000959857 0.00102813 0.00106879 0.00113491 0.00121249 0.00125889 0.00134434 0.00141978 0.00149721 0.00158251 0.00167026 0.00178605 0.00186909 0.00199327 0.00213181 0.00225453 0.00241199 0.00257761 0.00278547 0.00297895 0.00322124 0.0035238 0.00384165 0.00423083 0.00468641 0.00527775 0.00594936 0.00676449 0.00777629 0.00898723 0.0104197 0.0120464 0.0139527 0.0160543 0.0183112 0.0206015 0.0228551 0.0249233 0.0265758 0.0276244 0.0278463 0.0271337 0.0252798 0.0222318 0.0179403 0.0125658 0.00627856 -0.000641804 -0.00789058 -0.0150993 -0.0218621 -0.0278418 -0.0327248 -0.03636 -0.0386053 -0.0395006 -0.0390765 -0.0375481 -0.0350838 -0.0319833 -0.0284451 -0.0247483 -0.0210499 -0.0175578 -0.0143508 -0.0115353 -0.00909597 -0.00704574 -0.00530667 -0.00384477 -0.00256328 -0.00141671 -0.000307854 0.000810235 0.00203461 0.00341244 0.0050417 0.00696314 0.00926248 0.0119442 0.0150413 0.0184739 0.0221849 0.0259912 0.0297515 0.0332015 0.0361444 0.0382737 0.0393976 0.0392644 0.0377985 0.0349055 0.0306765 0.0251995 0.018743 0.0115989 0.00417323 -0.003161 -0.0100574 -0.016211 -0.0213917 -0.0253834 -0.0281554 -0.0297071 -0.0302115 -0.029752 -0.0285381 -0.0267353 -0.0246047 -0.0223115 -0.0199695 -0.0176991 -0.0155757 -0.0137118 -0.012046 -0.0106143 -0.0093832 -0.00838612 -0.00755572 -0.00683832 -0.00626512 -0.00578477 -0.00540399 -0.00504087 -0.00475582 -0.00452118 -0.00429612 -0.00410533 -0.0039253 -0.00379573 -0.00364068 -0.00351019 -0.00341068 -0.00329306 -0.0032001 -0.0031007 -0.00303078 -0.00294815 -0.00286506 -0.00282158 -0.0027449 -0.0026905 -0.00264306 -0.00258437 -0.00254764 -0.00249384 -0.00245538 -0.00241409 -0.00237434 -0.00235898 -0.00230494 -0.00227481 -0.00227333 -0.00223128 -0.00220425 -0.00218608 -0.00216324 -0.00215053 -0.002118 -0.0021075 -0.0021048 -0.00206953 -0.00207015 -0.00207149 -0.00203378 -0.00203587 -0.00203884 -0.00200911 -0.00201822 -0.0020229 -0.00199674 -0.0020071 
0 4.16335e-05 4.41619e-05 9.30458e-05 0.000136044 0.000146858 0.000195141 0.000228565 0.000244995 0.000284891 0.000313836 0.000355446 0.000393769 0.000418034 0.000470879 0.000492026 0.000520844 0.000599303 0.000620111 0.000635353 0.00069612 0.0007491 0.000800653 0.000833964 0.000883134 0.00094982 0.000993507 0.00105422 0.00110854 0.00116698 0.00124346 0.00130353 0.00138094 0.00145966 0.00154077 0.00163296 0.00172016 0.00182432 0.00192917 0.00204288 0.00216676 0.00229938 0.00245073 0.00260711 0.00278503 0.00298644 0.00321038 0.00345773 0.00374714 0.00408987 0.00448248 0.0049444 0.00550727 0.00619471 0.00700726 0.00798871 0.00917829 0.0106026 0.0122524 0.0141443 0.016293 0.0186492 0.02113 0.0236178 0.0260207 0.0281534 0.0298074 0.0307398 0.0307773 0.0297549 0.0275228 0.0239875 0.0191504 0.0131674 0.00623947 -0.00133569 -0.00925878 -0.0171126 -0.0245048 -0.0310229 -0.0363925 -0.0403966 -0.0429477 -0.0440125 -0.0436685 -0.0420701 -0.0394496 -0.0360823 -0.0322348 -0.0281706 -0.024093 -0.0201972 -0.0165957 -0.0133938 -0.0106002 -0.00822894 -0.00620771 -0.00449765 -0.00299295 -0.00164158 -0.000332377 0.000986793 0.00242768 0.00404332 0.00594361 0.00817389 0.0108194 0.0138824 0.0173769 0.0212198 0.0253245 0.0295162 0.0336145 0.0373672 0.0405162 0.0427719 0.0438779 0.0436336 0.0419172 0.0387064 0.0340388 0.0280689 0.0210168 0.013252 0.00515698 -0.00283435 -0.0103926 -0.0171825 -0.02296 -0.0274994 -0.0307288 -0.0326729 -0.0334495 -0.0331933 -0.032059 -0.03027 -0.0280473 -0.0256053 -0.0230626 -0.0205569 -0.0181907 -0.0160518 -0.0141477 -0.0124754 -0.0110465 -0.00984986 -0.00885452 -0.00801157 -0.00731558 -0.00674335 -0.00626619 -0.00585548 -0.00550921 -0.00521695 -0.00496052 -0.00473177 -0.00453077 -0.00435495 -0.00419023 -0.00404473 -0.00390768 -0.00378688 -0.0036736 -0.00356587 -0.00347343 -0.00338081 -0.00330415 -0.00322278 -0.00315189 -0.0030945 -0.00302349 -0.00297085 -0.00291087 -0.002859 -0.00282286 -0.00276638 -0.00272029 -0.00267936 -0.00266315 -0.0026369 -0.0025653 -0.00255132 -0.00254774 -0.00250228 -0.0024789 -0.00245055 -0.00243066 -0.00241898 -0.00239362 -0.00239696 -0.00237519 -0.00234029 -0.00235272 -0.00233156 -0.00230791 -0.00233058 -0.00231025 -0.00229256 -0.0023149 -0.00229246 
0 4.74064e-05 7.18949e-05 0.00011393 0.00014078 0.000160649 0.00021233 0.000246496 0.000284891 0.000339972 0.000360067 0.000397355 0.000443779 0.000464863 0.000522014 0.000571833 0.000597448 0.000648801 0.000693596 0.000749277 0.000808252 0.000838482 0.000883438 0.000945382 0.00101041 0.00105941 0.00111566 0.00120071 0.00125827 0.00132824 0.0014156 0.00148023 0.00156267 0.00165322 0.0017462 0.00183708 0.00194473 0.00207191 0.00218116 0.0023173 0.00246853 0.00262083 0.00278588 0.00297075 0.00318559 0.00340218 0.00365945 0.00395696 0.00429574 0.00468875 0.00515131 0.00571739 0.00638047 0.00718708 0.00815283 0.00931911 0.0107058 0.0123347 0.0142263 0.0163668 0.0187559 0.0213198 0.023988 0.0266227 0.0290981 0.0312193 0.0327703 0.033528 0.0332949 0.0319224 0.0292588 0.0252479 0.019897 0.0133782 0.00590069 -0.00222799 -0.0106899 -0.0190694 -0.0269506 -0.0339266 -0.0396939 -0.0440465 -0.0468681 -0.0481326 -0.0478848 -0.0462888 -0.0435636 -0.0400134 -0.0359104 -0.0315464 -0.0271288 -0.0228715 -0.0188944 -0.0153214 -0.0121732 -0.00947555 -0.00716076 -0.00518759 -0.00344544 -0.00187165 -0.00034781 0.00119053 0.00286238 0.00473253 0.00691651 0.00946479 0.0124597 0.0158943 0.0197704 0.023987 0.028448 0.032961 0.0373409 0.0413104 0.0446039 0.0469025 0.0479576 0.0475567 0.0456079 0.0420833 0.0370505 0.0306531 0.0231412 0.0148749 0.006261 -0.00227416 -0.0103802 -0.0177166 -0.0240279 -0.0290799 -0.0327937 -0.0351585 -0.036284 -0.0362829 -0.0353334 -0.0336365 -0.031417 -0.0288838 -0.026194 -0.0235063 -0.0209179 -0.0185312 -0.0163708 -0.0144755 -0.0128307 -0.011429 -0.0102504 -0.00926505 -0.00845052 -0.0077563 -0.00718721 -0.00670748 -0.00630265 -0.00594363 -0.00563842 -0.00538368 -0.00514039 -0.00492877 -0.00474241 -0.00458279 -0.00442008 -0.0042777 -0.00416538 -0.0040393 -0.00392823 -0.00383054 -0.00374149 -0.00364378 -0.00355779 -0.0034944 -0.0034063 -0.00334388 -0.00329509 -0.003225 -0.00317169 -0.00313255 -0.00309506 -0.00303431 -0.00298467 -0.00295882 -0.00291638 -0.00288934 -0.00284933 -0.00280514 -0.00280508 -0.00277982 -0.00274867 -0.00273867 -0.00270054 -0.0026772 -0.00267112 -0.00265162 -0.00264664 -0.00263864 -0.00262042 -0.00261248 -0.00260151 -0.00259239 -0.00259252 -0.0025892 
0 2.76254e-05 7.58635e-05 0.000116188 0.000154505 0.000207787 0.000247555 0.000273053 0.000313836 0.000360067 0.000398491 0.000445406 0.000498804 0.000538845 0.000577159 0.00063297 0.000682245 0.000719695 0.000775267 0.000830203 0.000881206 0.000944429 0.00099668 0.0010664 0.0011389 0.00118019 0.00125947 0.00134059 0.00139471 0.00148367 0.00157119 0.00165616 0.00174964 0.00185404 0.00196921 0.00206089 0.00219284 0.00232964 0.00244321 0.00260096 0.00276412 0.00293893 0.00311874 0.00333674 0.0035909 0.00383139 0.00413887 0.00449013 0.00488912 0.00534354 0.00588735 0.00656599 0.00733442 0.00827437 0.00940266 0.0107628 0.0123517 0.0141883 0.0163241 0.0187008 0.0213092 0.0240433 0.0268542 0.0295777 0.0320503 0.0340777 0.0354392 0.0359516 0.0353808 0.0336103 0.0304858 0.0260097 0.0201906 0.0132094 0.00527699 -0.00329722 -0.0121673 -0.0209432 -0.029186 -0.0365277 -0.0426207 -0.0472875 -0.0503599 -0.0518384 -0.0517185 -0.0501861 -0.0474253 -0.0437692 -0.0394794 -0.0348772 -0.0301691 -0.0255888 -0.0212637 -0.0173337 -0.0138366 -0.010806 -0.00818866 -0.00593504 -0.00394112 -0.00212471 -0.000371085 0.001407 0.00332488 0.00546859 0.00794755 0.0108242 0.0141665 0.0179639 0.0221982 0.0267551 0.0315263 0.036303 0.0408965 0.0450045 0.0483665 0.050637 0.051596 0.0510116 0.0488379 0.0450229 0.0396858 0.0329446 0.0250979 0.016466 0.00747983 -0.0014717 -0.0100076 -0.0177941 -0.0245652 -0.0300923 -0.0342959 -0.0371155 -0.0386505 -0.0389746 -0.0383016 -0.0367909 -0.0346705 -0.032126 -0.0293563 -0.0265423 -0.0237712 -0.0211636 -0.0187528 -0.0166334 -0.014763 -0.013143 -0.0117626 -0.0106096 -0.00966013 -0.00882779 -0.0081538 -0.00759056 -0.00712026 -0.00669903 -0.00633904 -0.00605931 -0.00577693 -0.00553484 -0.00532398 -0.00514085 -0.00495919 -0.00478279 -0.0046599 -0.00451254 -0.00437808 -0.00427514 -0.00416673 -0.00406802 -0.00397128 -0.00390271 -0.00381757 -0.00373076 -0.00368538 -0.00360758 -0.00353447 -0.00348942 -0.00343066 -0.00338268 -0.00333447 -0.00329027 -0.00325986 -0.00321906 -0.00318091 -0.00315 -0.00312143 -0.00308777 -0.00304925 -0.0030366 -0.00302221 -0.00298868 -0.00298378 -0.00297136 -0.00293123 -0.00293006 -0.00292812 -0.0028962 -0.00290375 -0.00290621 -0.00287568 -0.00288658 
0 4.94597e-05 8.22551e-05 0.000129487 0.000178187 0.000214549 0.000261537 0.0003125 0.000355446 0.000397355 0.000445406 0.000497395 0.000540564 0.000590521 0.00065303 0.000691586 0.000735637 0.000819473 0.00087511 0.000905233 0.000973399 0.00104832 0.00111359 0.00117528 0.00123593 0.00132227 0.00140105 0.00147579 0.001562 0.00164334 0.00174985 0.00183973 0.00193492 0.00206415 0.00216635 0.00229371 0.00243275 0.0025752 0.00273095 0.00288595 0.00309071 0.00327374 0.00348254 0.00374023 0.0040002 0.00430336 0.00463096 0.00505182 0.00550608 0.00602943 0.00668846 0.00745632 0.00838406 0.00945315 0.0107845 0.012341 0.0141407 0.0162141 0.0185611 0.0211858 0.0239456 0.0268377 0.0297065 0.0324547 0.0348337 0.0366688 0.0377731 0.0379339 0.0369925 0.0347444 0.0311796 0.0262249 0.0200182 0.0126327 0.00436097 -0.00454589 -0.0136931 -0.02272 -0.031216 -0.0388008 -0.0451751 -0.0500803 -0.0534171 -0.055079 -0.0551546 -0.0537043 -0.0510139 -0.0472924 -0.0429194 -0.038109 -0.0331904 -0.0282999 -0.0236816 -0.0193892 -0.0155717 -0.0121853 -0.00927339 -0.00670647 -0.00445954 -0.00236548 -0.000378471 0.00167456 0.00384136 0.00629251 0.00906232 0.0122926 0.0159597 0.0201274 0.0246709 0.0295564 0.0345623 0.0395719 0.0442764 0.048476 0.0517915 0.0539996 0.0547768 0.0540214 0.0515888 0.0475436 0.0419244 0.0349496 0.0268582 0.0180082 0.00877711 -0.000459744 -0.00930358 -0.0174569 -0.0245921 -0.0305785 -0.0352287 -0.0385604 -0.0405179 -0.041267 -0.0409215 -0.0397002 -0.037758 -0.0352834 -0.0325176 -0.0296056 -0.0267246 -0.0238954 -0.0212879 -0.018918 -0.0168363 -0.0149931 -0.0133975 -0.0120823 -0.0109523 -0.0100125 -0.00919445 -0.00855123 -0.00799377 -0.007499 -0.00709531 -0.00673881 -0.00644321 -0.0061439 -0.00591075 -0.00570121 -0.0054876 -0.00531548 -0.00514646 -0.00500714 -0.00485556 -0.00472933 -0.00462474 -0.004495 -0.00440222 -0.00430768 -0.00421516 -0.00413364 -0.00404651 -0.00398739 -0.00391985 -0.0038494 -0.00378828 -0.00373173 -0.00370237 -0.00364513 -0.00357259 -0.00354894 -0.00352431 -0.00347387 -0.00343315 -0.00340711 -0.00338278 -0.00335018 -0.00332722 -0.0033151 -0.00328155 -0.00325668 -0.00325699 -0.00323178 -0.00321212 -0.00322114 -0.00319951 -0.00318366 -0.0031977 -0.00317932 
0 5.09313e-05 0.000103986 0.000146382 0.000188826 0.000235872 0.00028031 0.000336595 0.000393769 0.000443779 0.000498804 0.000540564 0.000590194 0.000653475 0.000698737 0.000767964 0.000837096 0.000871562 0.000939843 0.00102256 0.00108771 0.00114751 0.00120603 0.00129064 0.00137138 0.0014507 0.00153631 0.0016161 0.00172635 0.00181975 0.00191408 0.00203293 0.00213732 0.00226622 0.00238894 0.00252826 0.0026844 0.00283198 0.0030176 0.00319565 0.00340562 0.0036272 0.0038621 0.0041505 0.00444021 0.00479095 0.00517802 0.00564299 0.00617868 0.00678968 0.00755882 0.00844591 0.00951919 0.0107702 0.0122858 0.0140579 0.0160714 0.0183792 0.0209397 0.0237537 0.0266604 0.0296339 0.0325249 0.0351919 0.0374071 0.0389655 0.0397307 0.0394812 0.0380909 0.0353638 0.0313288 0.0259565 0.019385 0.0117038 0.00317039 -0.00593108 -0.0152419 -0.0243872 -0.0330231 -0.0407631 -0.0473393 -0.0524561 -0.0560182 -0.0578936 -0.0581693 -0.0568844 -0.0543037 -0.0506235 -0.0462069 -0.0412832 -0.0361747 -0.0310478 -0.0261372 -0.0215338 -0.0173761 -0.0136616 -0.0104176 -0.0075497 -0.00500393 -0.00263892 -0.000371078 0.00195086 0.00441329 0.00716208 0.0102628 0.0138232 0.0178382 0.0223296 0.027184 0.032328 0.0375502 0.0427 0.0474762 0.0516571 0.0548803 0.0569297 0.0575086 0.056535 0.053873 0.0496078 0.0437801 0.0366452 0.0284234 0.0194824 0.010134 0.000758378 -0.00829082 -0.0166842 -0.0241347 -0.0304961 -0.0355992 -0.0394176 -0.0418647 -0.0430816 -0.0431529 -0.0422971 -0.0406189 -0.0383257 -0.0356262 -0.032709 -0.029737 -0.0267652 -0.0239673 -0.0213729 -0.019068 -0.0169949 -0.0151961 -0.0136702 -0.0123667 -0.0112761 -0.0103288 -0.00957104 -0.00890948 -0.00835389 -0.00787705 -0.00746299 -0.00712027 -0.00678962 -0.00652452 -0.00626998 -0.00604958 -0.00585262 -0.00565772 -0.00550413 -0.00533966 -0.00520191 -0.00506743 -0.00494221 -0.00483674 -0.00471202 -0.00462477 -0.00453549 -0.004441 -0.00436553 -0.00428638 -0.00423004 -0.00416575 -0.0040957 -0.00403173 -0.00397862 -0.00395196 -0.00388851 -0.00382552 -0.00380589 -0.00376853 -0.00373494 -0.00371134 -0.00367147 -0.00363869 -0.00361288 -0.00359147 -0.00357552 -0.00355898 -0.00354281 -0.0035252 -0.00351251 -0.00350132 -0.00349152 -0.00348839 -0.0034817 
0 4.11118e-05 0.000100834 0.000150836 0.000209086 0.000274204 0.00032054 0.000372427 0.000418034 0.000464863 0.000538845 0.000590521 0.000653475 0.00073263 0.000760158 0.000829195 0.00091767 0.000948751 0.00103186 0.00111323 0.00116116 0.00125785 0.00133601 0.00141632 0.00150616 0.00158081 0.0016838 0.0017669 0.00187561 0.00199014 0.00207759 0.00222822 0.00234978 0.00247166 0.00263514 0.00277671 0.00294799 0.00310968 0.00330812 0.0035206 0.00372045 0.00399213 0.00425711 0.00456638 0.00491289 0.00530379 0.00577539 0.00628101 0.0069158 0.00763943 0.00851132 0.00954911 0.0107641 0.0122335 0.0139242 0.0159176 0.0181543 0.0206788 0.0234466 0.0263857 0.0294217 0.0324009 0.0352572 0.0377437 0.0397146 0.0409277 0.0412703 0.0405636 0.0386551 0.0354624 0.0309467 0.0252206 0.0183191 0.0104432 0.00173923 -0.0074298 -0.0167852 -0.0259369 -0.0345992 -0.0424195 -0.0491115 -0.0544175 -0.0581612 -0.0602818 -0.0607589 -0.0597183 -0.0572843 -0.0537459 -0.0493281 -0.0443811 -0.0391106 -0.0338158 -0.0286238 -0.0237554 -0.0192489 -0.015228 -0.0116248 -0.00845957 -0.00557822 -0.00293864 -0.000350918 0.0022444 0.00504022 0.00808591 0.011547 0.0154208 0.0197953 0.0245691 0.0297255 0.0350632 0.0404748 0.0456774 0.0504816 0.0545405 0.0576273 0.0594283 0.0597955 0.0585569 0.0556978 0.0512205 0.0452639 0.0380321 0.0297935 0.0208666 0.0115292 0.00214632 -0.00699432 -0.0155114 -0.0232177 -0.0298727 -0.0354152 -0.0396819 -0.04267 -0.0443855 -0.0449597 -0.0445292 -0.0432054 -0.0411943 -0.0386428 -0.0358107 -0.0327834 -0.0297486 -0.0267794 -0.0239996 -0.0214598 -0.0191614 -0.0171612 -0.015395 -0.013914 -0.0126328 -0.0115657 -0.0106599 -0.00988487 -0.00926189 -0.0086979 -0.00823733 -0.00782085 -0.00747646 -0.00716841 -0.00686554 -0.00663949 -0.0064011 -0.0061932 -0.00600161 -0.00582814 -0.00568127 -0.00550612 -0.00539542 -0.00527232 -0.00513719 -0.00505126 -0.00494015 -0.00485191 -0.00476085 -0.00467144 -0.00460087 -0.00451037 -0.0044655 -0.00439611 -0.00431702 -0.00429968 -0.00423066 -0.00417511 -0.00416186 -0.0040961 -0.00404885 -0.0040215 -0.00398485 -0.00396611 -0.00393585 -0.00391297 -0.0038933 -0.00385731 -0.00384909 -0.00383926 -0.00381102 -0.00380925 -0.00380347 -0.00378182 -0.00378687 
0 6.05453e-05 0.000116023 0.00017053 0.000224813 0.00028197 0.000337295 0.000398938 0.000470879 0.000522014 0.000577159 0.00065303 0.000698737 0.000760158 0.000854248 0.000904898 0.000964924 0.00105878 0.00113271 0.00120422 0.00126554 0.00135496 0.00146642 0.00152305 0.00161622 0.00173705 0.00182119 0.00193753 0.00204864 0.00215972 0.0022869 0.00241244 0.00256146 0.00268789 0.00285435 0.00303879 0.00319307 0.00340485 0.00361978 0.00384814 0.00409277 0.0043709 0.00469919 0.00501446 0.00541524 0.00587117 0.00638488 0.00698649 0.00769324 0.00856622 0.00955061 0.0107463 0.0121589 0.0138215 0.0157441 0.0179258 0.0204169 0.0231291 0.0260664 0.0291028 0.03218 0.0351373 0.0378265 0.0400823 0.0416865 0.0425081 0.0423452 0.0411255 0.0386783 0.0349999 0.0300664 0.0239942 0.0168702 0.00884104 0.000118506 -0.00903973 -0.0182898 -0.0273694 -0.0359406 -0.0437676 -0.0505019 -0.055947 -0.0598619 -0.0622131 -0.0629399 -0.062159 -0.0599626 -0.0565964 -0.0522836 -0.0473347 -0.0419988 -0.0365384 -0.0311452 -0.0259936 -0.0211981 -0.0168306 -0.0129068 -0.00938657 -0.00619491 -0.00321547 -0.00032899 0.0026058 0.00571167 0.00911452 0.0129014 0.0171327 0.021811 0.0268892 0.03227 0.0378019 0.0433069 0.0485425 0.0532647 0.0571692 0.060017 0.0615474 0.0616358 0.060137 0.0570681 0.05242 0.0463861 0.0391274 0.0309714 0.0221351 0.0129451 0.00363803 -0.00543871 -0.0140243 -0.021864 -0.0287947 -0.0346883 -0.0394089 -0.0429213 -0.0451834 -0.0463151 -0.0463556 -0.0454864 -0.0438068 -0.0415357 -0.0388202 -0.0358429 -0.0327687 -0.0296962 -0.0267611 -0.0239885 -0.0215016 -0.0192629 -0.0173014 -0.0155906 -0.0141364 -0.0129225 -0.0118539 -0.0109751 -0.0102248 -0.00960558 -0.00904639 -0.00856711 -0.0081856 -0.00781177 -0.00749576 -0.00720997 -0.00697213 -0.00673711 -0.0065132 -0.00635277 -0.00616269 -0.00599864 -0.00585673 -0.00571409 -0.00558861 -0.00545577 -0.00535806 -0.00524278 -0.00514202 -0.00508103 -0.00497018 -0.00488865 -0.00484015 -0.00476737 -0.00469619 -0.00461959 -0.004579 -0.00454055 -0.00446331 -0.0044262 -0.0044 -0.00435133 -0.00431898 -0.0042868 -0.00425689 -0.00422569 -0.00419498 -0.00418717 -0.00415965 -0.00413306 -0.00414036 -0.00411661 -0.00409721 -0.00411217 -0.00408856 
0 6.5883e-05 0.000121316 0.000186681 0.000248263 0.00030002 0.000369117 0.000432846 0.000492026 0.000571833 0.00063297 0.000691586 0.000767964 0.000829195 0.000904898 0.000984184 0.00105765 0.00114186 0.00119967 0.00129349 0.00140754 0.00146962 0.00155993 0.00165755 0.00176102 0.00188151 0.00196417 0.0020921 0.00222165 0.00233466 0.00248541 0.00261441 0.00277567 0.00293197 0.00309842 0.00330337 0.00347246 0.00370457 0.00394064 0.00418166 0.00446972 0.00477075 0.0051398 0.00550201 0.00595527 0.00648663 0.00706302 0.00776761 0.00858112 0.00958754 0.0107193 0.0120785 0.0137006 0.0155619 0.0177062 0.0200935 0.0228029 0.0256929 0.0287432 0.0318409 0.0348937 0.0377538 0.0402022 0.0421338 0.0433164 0.043665 0.0429628 0.0411751 0.038193 0.0340353 0.0287303 0.0223614 0.0150778 0.00698511 -0.00166593 -0.0106955 -0.0197572 -0.0286601 -0.0370769 -0.0448184 -0.0515502 -0.0570759 -0.0611591 -0.0637315 -0.0647428 -0.0642502 -0.0623513 -0.0592112 -0.0550717 -0.0501791 -0.0448338 -0.0392543 -0.033696 -0.0282915 -0.0232209 -0.0185173 -0.0142641 -0.0103819 -0.00685589 -0.00352085 -0.00030639 0.00298425 0.00642607 0.0101951 0.01432 0.0189007 0.0238727 0.0292264 0.0347982 0.0404779 0.0460218 0.0512299 0.055801 0.059491 0.0620358 0.063258 0.063026 0.0612648 0.0579799 0.0532089 0.0471378 0.0399422 0.0319319 0.0232919 0.0143317 0.00522616 -0.00368688 -0.0122295 -0.0201244 -0.0272578 -0.0334409 -0.0385811 -0.0425935 -0.0454347 -0.0471473 -0.0477355 -0.0473732 -0.0461265 -0.0442156 -0.041718 -0.0388718 -0.0358212 -0.0327141 -0.0296541 -0.0267 -0.0240124 -0.0215503 -0.019377 -0.017431 -0.0157833 -0.0143839 -0.0131585 -0.0121406 -0.0112631 -0.010559 -0.00990921 -0.00937008 -0.008924 -0.00850701 -0.00815982 -0.00782558 -0.00756667 -0.00730044 -0.00705819 -0.00686865 -0.00665525 -0.00649049 -0.00631743 -0.00616738 -0.00603271 -0.0058847 -0.00578861 -0.0056602 -0.00554778 -0.00546427 -0.00536685 -0.00529651 -0.00519038 -0.00511124 -0.00507361 -0.00499314 -0.0049272 -0.00486699 -0.00481486 -0.00478311 -0.0047271 -0.00468864 -0.00465183 -0.00459979 -0.0045779 -0.00455104 -0.00451965 -0.00450387 -0.00447742 -0.00445577 -0.00444314 -0.00442708 -0.00441673 -0.00440979 -0.00440239 
0 6.34677e-05 0.000125001 0.000192005 0.000270364 0.000332091 0.00040307 0.000479014 0.000520844 0.000597448 0.000682245 0.000735637 0.000837096 0.00091767 0.000964924 0.00105765 0.0011342 0.00122003 0.00131552 0.00138641 0.00149927 0.0015877 0.00167771 0.00181674 0.0019001 0.00200567 0.00214103 0.00225075 0.00239209 0.00252285 0.00267322 0.0028369 0.00298893 0.0031842 0.0033612 0.00356095 0.00378782 0.00400888 0.00427751 0.00454555 0.00485937 0.00521306 0.00559092 0.00604204 0.00654007 0.00714221 0.00781922 0.00861446 0.00958221 0.010699 0.0120247 0.0135629 0.015392 0.0174778 0.019817 0.0224439 0.0253075 0.0283623 0.0314615 0.0345676 0.0375285 0.0401823 0.042336 0.0438305 0.0445599 0.0443397 0.0430866 0.0406908 0.0371948 0.0325868 0.0269511 0.0203642 0.0129696 0.00493163 -0.00358682 -0.0123537 -0.0211771 -0.0297886 -0.0380113 -0.0455688 -0.0522634 -0.0578092 -0.0620553 -0.0648423 -0.0661583 -0.0659871 -0.0644209 -0.0615718 -0.0576485 -0.0528908 -0.0475691 -0.0419427 -0.0362317 -0.0306329 -0.0252771 -0.020278 -0.0156623 -0.0114406 -0.00753001 -0.00385154 -0.000252471 0.00338276 0.00721307 0.0113282 0.0158284 0.0207209 0.0260012 0.0315734 0.037328 0.0430824 0.0486354 0.0537331 0.0581104 0.0615127 0.0637181 0.0645875 0.0640124 0.0619801 0.0584787 0.0536286 0.0475513 0.0405063 0.0326802 0.0243422 0.0156563 0.00688166 -0.00180841 -0.0101795 -0.0180771 -0.0253148 -0.0317419 -0.0372451 -0.0417248 -0.0451515 -0.0474434 -0.0486544 -0.0488223 -0.0481145 -0.0466071 -0.0444489 -0.0418012 -0.0388547 -0.0357757 -0.0326284 -0.0295686 -0.0266661 -0.0240224 -0.0216088 -0.0194552 -0.0175914 -0.0159762 -0.0146041 -0.0134059 -0.0124184 -0.0115738 -0.0108484 -0.0102379 -0.00969764 -0.00925368 -0.00883996 -0.00848686 -0.00817213 -0.00787843 -0.00763525 -0.00738262 -0.00717695 -0.0069849 -0.00679327 -0.00664087 -0.00647843 -0.00634537 -0.00620772 -0.00608391 -0.00598946 -0.00584869 -0.00575707 -0.00568094 -0.00557035 -0.00550218 -0.00542096 -0.00534978 -0.00529508 -0.0052248 -0.00518818 -0.00511879 -0.00504808 -0.00502842 -0.00497723 -0.00494081 -0.00491665 -0.00486852 -0.00484983 -0.00481785 -0.00479384 -0.0047927 -0.00475014 -0.00474068 -0.00474177 -0.00470431 -0.00472175 
0 5.65327e-05 0.000162101 0.00020907 0.000267965 0.00037067 0.00041596 0.000488309 0.000599303 0.000648801 0.000719695 0.000819473 0.000871562 0.000948751 0.00105878 0.00114186 0.00122003 0.00131135 0.0014163 0.00151007 0.00159178 0.00170081 0.00181653 0.00192929 0.00203878 0.00215685 0.00231192 0.00243971 0.00256411 0.00273384 0.00288518 0.00304413 0.00322701 0.00342075 0.00362352 0.00383592 0.00409434 0.00434797 0.00462301 0.00494969 0.00529123 0.00567871 0.00610718 0.00661579 0.00719109 0.00785037 0.00864467 0.00956299 0.0106646 0.0119439 0.0134551 0.0152167 0.0172442 0.0195554 0.0221094 0.0249343 0.0279455 0.031081 0.0342063 0.0372317 0.0400236 0.0423799 0.0441472 0.0451577 0.0453421 0.0445338 0.0426722 0.0397025 0.0356941 0.0306954 0.0247739 0.0180399 0.0106197 0.00270815 -0.00557177 -0.0140187 -0.0225015 -0.030785 -0.0387199 -0.0460641 -0.05264 -0.0581946 -0.0625611 -0.0655814 -0.0671972 -0.067383 -0.0661739 -0.0636659 -0.06001 -0.0554427 -0.0502025 -0.044571 -0.0387561 -0.0329835 -0.0273769 -0.0220802 -0.0171183 -0.0125333 -0.00823916 -0.00417981 -0.00019083 0.00382777 0.00804725 0.0125359 0.0173975 0.0226082 0.0281641 0.0339384 0.0398269 0.0456178 0.0511189 0.0560516 0.060177 0.0632397 0.0650724 0.0655517 0.0646286 0.0623023 0.0586139 0.0536888 0.047676 0.0408061 0.0332522 0.0252453 0.0169301 0.00853189 0.000170187 -0.00796448 -0.0157669 -0.0230368 -0.0296429 -0.0354431 -0.0403627 -0.0443207 -0.0472201 -0.0490506 -0.0498286 -0.0496868 -0.0486714 -0.0469264 -0.0445712 -0.0418194 -0.0388108 -0.0356684 -0.0325272 -0.0294811 -0.0266441 -0.024017 -0.0216645 -0.0195695 -0.0177478 -0.0161795 -0.0148275 -0.013684 -0.0126922 -0.0118734 -0.0111615 -0.0105444 -0.0100175 -0.00956159 -0.00916766 -0.00879265 -0.00848814 -0.00821167 -0.0079425 -0.00771323 -0.00750343 -0.00730959 -0.00711214 -0.00695452 -0.00680519 -0.0066328 -0.00651025 -0.00639663 -0.00627075 -0.00615885 -0.00606074 -0.00598289 -0.00589072 -0.00579714 -0.00572239 -0.00565511 -0.00559216 -0.00550883 -0.00545674 -0.00543495 -0.00536003 -0.00531057 -0.00529901 -0.00523367 -0.00519763 -0.00519306 -0.0051366 -0.00511071 -0.00510943 -0.00507176 -0.00506809 -0.00506885 -0.00503585 -0.00503622 
