0 0 0 0 0 0 0 0 0 0 0 0 0 0 0 0 0 0 0 0 0 0 0 0 0 0 0 0 0 0 0 0 0 0 0 0 0 0 0 0 0 0 0 0 0 0 0 0 0 0 0 0 0 0 0 0 0 0 0 0 0 0 0 0 0 0 0 0 0 0 0 0 0 0 0 0 0 0 0 0 0 0 0 0 0 0 0 0 0 0 0 0 0 0 0 0 0 0 0 0 0 0 0 0 0 0 0 0 0 0 0 0 0 0 0 0 0 0 0 0 0 0 0 0 0 0 0 0 0 0 0 0 0 0 0 0 0 0 0 0 0 0 0 0 0 0 0 0 0 0 0 0 0 0 0 0 0 0 0 0 0 0 0 0 0 0 0 0 0 0 0 0 0 0 0 0 0 0 0 0 0 0 0 0 0 0 0 0 0 0 0 0 0 0 0 0 0 0 0 0 
0 -9.24611e-06 1.55855e-05 -6.72264e-07 3.68474e-06 3.43426e-05 1.51115e-05 1.93574e-05 3.67079e-05 1.37045e-05 2.47134e-05 4.4282e-05 3.36239e-05 4.14793e-05 4.78862e-05 4.54961e-05 5.27516e-05 5.75629e-05 6.76907e-05 6.43124e-05 4.67436e-05 6.61528e-05 9.30791e-05 7.92569e-05 7.59781e-05 9.5932e-05 9.96751e-05 0.000101147 0.000104069 0.000108056 0.00011176 0.000118146 0.000132246 0.000126423 0.000141754 0.000159681 0.00015145 0.000170421 0.000178859 0.000185563 0.000190153 0.000200733 0.000222201 0.000211837 0.00023798 0.000254067 0.000262173 0.000280353 0.000297135 0.000332937 0.000331267 0.000366768 0.000396238 0.000422158 0.000450163 0.000481337 0.000546536 0.000575403 0.000642486 0.000710881 0.000818656 0.000921815 0.00105149 0.00123766 0.00144629 0.00170796 0.00197693 0.00233256 0.00269624 0.00309576 0.00345575 0.00380711 0.00409223 0.00426862 0.0042896 0.00411297 0.00376364 0.00318631 0.00242782 0.00144636 0.000363621 -0.00081676 -0.00195835 -0.0030732 -0.00404177 -0.00486821 -0.00544779 -0.00580656 -0.00590648 -0.00581426 -0.00553405 -0.00512657 -0.00460327 -0.00401249 -0.00337805 -0.0027396 -0.00211926 -0.00153076 -0.000977525 -0.000447155 6.95225e-05 0.000594982 0.00113953 0.00172027 0.00233701 0.00298397 0.00364069 0.00427348 0.00485458 0.00533947 0.00571123 0.00591446 0.00593654 0.00570897 0.00525036 0.00452627 0.00362572 0.00254577 0.00140074 0.000179081 -0.000986564 -0.0020891 -0.00299089 -0.00372163 -0.00421565 -0.00453324 -0.00463199 -0.00455752 -0.00433326 -0.00402037 -0.00367051 -0.00327135 -0.00288485 -0.00249442 -0.00218647 -0.00188753 -0.00164718 -0.00141953 -0.0012617 -0.00112978 -0.00100777 -0.000914298 -0.000831709 -0.000792311 -0.000717682 -0.000678767 -0.00063727 -0.000615625 -0.000578407 -0.000542307 -0.000540422 -0.000508348 -0.00049421 -0.000469139 -0.000469485 -0.000449688 -0.000424328 -0.000429934 -0.000407739 -0.000397202 -0.000381304 -0.000379887 -0.000367251 -0.000346847 -0.000358592 -0.000342246 -0.000333692 -0.000336251 -0.000328413 -0.000324972 -0.000317095 -0.000313994 -0.000300472 -0.000300302 -0.000308254 -0.000280777 -0.000273338 -0.000297407 -0.000294013 -0.000276334 -0.000272421 -0.000275393 -0.000280601 -0.000271393 -0.000260393 -0.000267567 -0.000256242 -0.000251379 -0.000274867 -0.000264447 -0.000253066 -0.000265262 -0.000248315 -0.000243414 -0.000259031 -0.000250513 -0.000252723 -0.000259664 -0.000248594 -0.000251288 
0 1.55855e-05 1.39082e-05 1.95831e-05 3.39556e-05 1.89322e-05 2.44499e-05 5.34078e-05 4.05641e-05 5.81225e-05 8.46032e-05 5.36884e-05 7.12848e-05 9.5679e-05 7.61622e-05 9.83663e-05 0.000110232 0.000101529 0.000109534 0.000128482 0.000160707 0.000142585 0.000136969 0.000165813 0.000162072 0.000186838 0.000182045 0.00018018 0.000228346 0.000218861 0.000231099 0.000254319 0.000258001 0.00027482 0.000275723 0.000307797 0.000305665 0.000317188 0.000359953 0.000354681 0.000384037 0.000409298 0.000437044 0.000453059 0.00047373 0.00052645 0.000529849 0.000564548 0.000604904 0.00064452 0.000675092 0.000712315 0.000790318 0.000830511 0.000893475 0.000969904 0.00107614 0.00117228 0.00128121 0.00145197 0.00164209 0.00187176 0.00213217 0.00249875 0.00292896 0.00342864 0.00399922 0.00467017 0.00542049 0.00617653 0.00691573 0.00758354 0.00814846 0.00847687 0.0085047 0.00815478 0.00743331 0.00629867 0.0047584 0.00284202 0.000663199 -0.00164117 -0.0039409 -0.00611676 -0.00806852 -0.00967285 -0.0108509 -0.0115391 -0.0117667 -0.0115678 -0.0110329 -0.0102094 -0.00918359 -0.00799959 -0.00674771 -0.00547062 -0.00423958 -0.00305977 -0.0019557 -0.000889923 0.000143948 0.00119988 0.0022877 0.00345167 0.00467712 0.00596955 0.00726679 0.008531 0.00967258 0.010646 0.0113642 0.011779 0.0117935 0.0113591 0.01042 0.00901376 0.00719751 0.00508856 0.0027812 0.000393791 -0.00195079 -0.00410304 -0.00592881 -0.00736185 -0.00837644 -0.00899836 -0.00921363 -0.00907724 -0.00864076 -0.00804177 -0.00732686 -0.00656296 -0.00576632 -0.0050249 -0.0043708 -0.00379877 -0.00329356 -0.00285508 -0.00252853 -0.00225297 -0.00202765 -0.00181913 -0.00168439 -0.00156967 -0.00145735 -0.00136155 -0.0012896 -0.00124476 -0.00116115 -0.00111425 -0.00107139 -0.00103541 -0.000981333 -0.000940957 -0.000932259 -0.000879415 -0.000856631 -0.000833081 -0.00081934 -0.000788931 -0.000763925 -0.000773624 -0.000731225 -0.000723434 -0.000714506 -0.000690972 -0.000678489 -0.000657163 -0.000662452 -0.000625388 -0.000622085 -0.000636845 -0.000600203 -0.000605235 -0.00059433 -0.000591637 -0.000601343 -0.000562833 -0.000553592 -0.000558163 -0.000565484 -0.000550946 -0.000521093 -0.000550695 -0.000539856 -0.000519894 -0.000553916 -0.000524231 -0.000502273 -0.000523001 -0.000504404 -0.000508984 -0.000523444 -0.000510005 -0.000510941 -0.000505461 -0.000497639 -0.000500828 -0.000497738 -0.00050347 
0 -6.72264e-07 1.95831e-05 2.32348e-05 3.54322e-05 5.436e-05 5.43522e-05 6.74163e-05 7.59649e-05 7.50854e-05 9.38289e-05 0.000103502 0.000111814 0.000128698 0.000132021 0.000144354 0.000159331 0.000166691 0.000181868 0.000189045 0.000193086 0.000210156 0.000234016 0.000244477 0.000249188 0.000274328 0.000287819 0.000295797 0.000319456 0.000328331 0.000342369 0.000367709 0.000385916 0.000401526 0.00042624 0.000457623 0.00047051 0.000496799 0.000532752 0.000549939 0.00057626 0.000612767 0.000647774 0.000671214 0.000713635 0.000766076 0.000799336 0.000846712 0.000908418 0.000971323 0.00102148 0.00109362 0.00118558 0.00126541 0.00135568 0.00147314 0.00162083 0.00176656 0.0019467 0.00218661 0.00248075 0.00282152 0.00323774 0.00377853 0.00442721 0.00518183 0.00604547 0.00704992 0.00814856 0.00927475 0.0103579 0.0113441 0.0121403 0.0126031 0.0126107 0.0120773 0.0109777 0.00927203 0.00697239 0.00413145 0.000913712 -0.00249815 -0.00589814 -0.00912475 -0.0120023 -0.0143792 -0.0161165 -0.017154 -0.0174994 -0.0172285 -0.0164386 -0.0152319 -0.0137069 -0.0119611 -0.0100979 -0.00820745 -0.00636545 -0.00460698 -0.0029427 -0.00134539 0.000218919 0.00180267 0.00344473 0.0051825 0.00701894 0.00893474 0.0108665 0.0127322 0.0144296 0.0158607 0.0169242 0.0175166 0.0175293 0.0168652 0.0154799 0.0133968 0.0107243 0.00760082 0.0041942 0.00066155 -0.00279442 -0.00597719 -0.00868901 -0.0108341 -0.0123664 -0.0133059 -0.0136574 -0.0134839 -0.0128867 -0.0120155 -0.010979 -0.00984719 -0.00869102 -0.00759108 -0.00661518 -0.00575149 -0.00499613 -0.00434865 -0.00383782 -0.00342168 -0.00306801 -0.00277026 -0.00254363 -0.00236514 -0.00219365 -0.00205005 -0.00193866 -0.00184942 -0.00174764 -0.0016647 -0.00160628 -0.00154459 -0.0014788 -0.00142566 -0.00139267 -0.00134007 -0.00129386 -0.00126424 -0.00123056 -0.00118925 -0.0011565 -0.00113902 -0.00110185 -0.00107425 -0.00106092 -0.00103626 -0.00101285 -0.000998208 -0.000987188 -0.000962344 -0.000948888 -0.000938556 -0.000913236 -0.00090674 -0.000895972 -0.000872538 -0.000863711 -0.000863801 -0.000855692 -0.00083824 -0.000833134 -0.000826735 -0.000816901 -0.000815698 -0.000800268 -0.000791654 -0.000791108 -0.000780337 -0.000785855 -0.000784605 -0.000771616 -0.000773233 -0.000763698 -0.000756269 -0.000762247 -0.000756221 -0.000758057 -0.000761835 -0.000752054 -0.00075346 
0 3.68474e-06 3.39556e-05 3.54322e-05 3.71515e-05 7.17215e-05 7.56209e-05 7.74582e-05 0.000110529 0.000108476 0.00011304 0.000150432 0.000150148 0.000158275 0.000187097 0.000189913 0.000205442 0.000224824 0.000243145 0.000259183 0.000254023 0.000287008 0.000316502 0.000315201 0.000341015 0.000355747 0.000381225 0.000407179 0.000411487 0.000447445 0.00046513 0.00048799 0.000520744 0.000535005 0.000576657 0.00059828 0.000630227 0.000669314 0.000694245 0.000742642 0.000770688 0.000819834 0.000864163 0.000904185 0.00096671 0.00101219 0.00108009 0.00113702 0.00121321 0.00129325 0.00136788 0.00147254 0.00157135 0.00169694 0.00182078 0.00198313 0.00216986 0.00237816 0.0026404 0.00295328 0.00335493 0.00381785 0.00440456 0.00511871 0.00598682 0.00699704 0.0081581 0.00948072 0.0109044 0.0123742 0.0137752 0.0150433 0.0160212 0.016574 0.0165263 0.015791 0.0142958 0.0120182 0.0089729 0.00525112 0.00104749 -0.00341087 -0.00785768 -0.0120789 -0.0158316 -0.0189358 -0.0212066 -0.0225866 -0.023061 -0.0227377 -0.0217152 -0.0201487 -0.0181483 -0.0158672 -0.0134162 -0.0109334 -0.00849183 -0.0061609 -0.00393329 -0.00179991 0.000304073 0.00242119 0.00462259 0.0069303 0.00936852 0.0118875 0.0144295 0.0168676 0.0190935 0.0209544 0.0223366 0.0230799 0.0230702 0.0221709 0.0203539 0.0176306 0.0141489 0.0100658 0.00561403 0.000999265 -0.00350794 -0.00766561 -0.0112358 -0.0140829 -0.0161428 -0.0174114 -0.0179274 -0.0177561 -0.0170491 -0.015946 -0.0146172 -0.0131434 -0.011653 -0.010213 -0.00891332 -0.00775483 -0.00674612 -0.00589216 -0.00518395 -0.00461654 -0.00413066 -0.00374613 -0.00342239 -0.00317173 -0.00294679 -0.00275835 -0.00260653 -0.00246591 -0.00235246 -0.00223386 -0.00215124 -0.00205997 -0.00198237 -0.00191405 -0.00184455 -0.00179468 -0.0017268 -0.00168702 -0.00163466 -0.00158979 -0.00155484 -0.00150701 -0.00148377 -0.00143948 -0.0014147 -0.00138791 -0.0013526 -0.00133875 -0.00130252 -0.00129074 -0.0012683 -0.00123682 -0.00123061 -0.00120537 -0.00119789 -0.00117458 -0.00114721 -0.0011584 -0.00114063 -0.00111949 -0.00110647 -0.0010976 -0.00110258 -0.00107465 -0.00106731 -0.00107524 -0.00104391 -0.00104707 -0.0010566 -0.0010306 -0.00103237 -0.00103239 -0.00101411 -0.00101833 -0.00101877 -0.00100941 -0.00101121 -0.00100964 -0.0010038 -0.0010051 
0 3.43426e-05 1.89322e-05 5.436e-05 7.17215e-05 5.56659e-05 9.57213e-05 0.000109706 0.000110466 0.000156739 0.000163553 0.000163812 0.000193191 0.00020377 0.000223741 0.000243947 0.000258704 0.000281777 0.000285636 0.000315167 0.000364851 0.000365133 0.000362008 0.00040112 0.000435515 0.000445953 0.000467216 0.000499055 0.00052758 0.000558786 0.000590432 0.000616749 0.000645017 0.000688551 0.000714956 0.000743215 0.00079606 0.000828386 0.000871345 0.000921862 0.00097519 0.00102774 0.0010761 0.00115504 0.00120801 0.00127586 0.00135708 0.00143501 0.00152598 0.00160882 0.00173448 0.00184236 0.00197468 0.00212789 0.00230084 0.00250861 0.00272592 0.00302364 0.00335012 0.00376815 0.00425742 0.00487541 0.0056293 0.00652759 0.00762094 0.00887924 0.0103544 0.0119577 0.0137065 0.0154625 0.0171699 0.01865 0.0197706 0.0203468 0.0202085 0.0192421 0.0173293 0.0144893 0.0107081 0.00617483 0.00103221 -0.00437516 -0.00982087 -0.0149409 -0.019529 -0.0232826 -0.0260791 -0.0277717 -0.0284095 -0.0280391 -0.0268321 -0.0249215 -0.022494 -0.019698 -0.0167029 -0.0136425 -0.010628 -0.00772244 -0.00493856 -0.00225408 0.000391067 0.00305781 0.00581458 0.00869722 0.0117147 0.0148231 0.017933 0.0209199 0.0236245 0.0258942 0.0275437 0.0284242 0.0283494 0.0272313 0.0249798 0.0216849 0.0174312 0.012485 0.00703883 0.00144717 -0.00405537 -0.00909964 -0.0135044 -0.0170237 -0.0196272 -0.0212402 -0.0219556 -0.0218446 -0.0210756 -0.0198136 -0.0182155 -0.0164632 -0.0146457 -0.012915 -0.0112773 -0.00984209 -0.00856777 -0.00750754 -0.0065985 -0.00585342 -0.00524864 -0.00474625 -0.00434581 -0.00398929 -0.00372684 -0.00348191 -0.0032858 -0.00310128 -0.00295416 -0.00282752 -0.00268937 -0.00259045 -0.00248625 -0.0024046 -0.00230787 -0.00223679 -0.00217775 -0.00209874 -0.00204767 -0.00199331 -0.00194834 -0.00189275 -0.00185282 -0.00182231 -0.00176675 -0.00173637 -0.00170584 -0.00166594 -0.00163389 -0.00160614 -0.00158082 -0.00155575 -0.00154028 -0.00151087 -0.00148207 -0.00148671 -0.00147329 -0.00142259 -0.00140531 -0.00141483 -0.00139527 -0.00137281 -0.00135705 -0.00134904 -0.00134959 -0.00133115 -0.00133042 -0.00132516 -0.00128732 -0.00129221 -0.00129674 -0.00127345 -0.00128869 -0.00128571 -0.00126197 -0.00127191 -0.00126183 -0.00124917 -0.00126436 -0.00125613 
0 1.51115e-05 2.44499e-05 5.43522e-05 7.56209e-05 9.57213e-05 0.000122719 0.0001275 0.000147674 0.00016891 0.000173325 0.000212028 0.000236709 0.000242055 0.00027723 0.000293214 0.000307208 0.000344081 0.00036529 0.00037763 0.0003939 0.000429117 0.000463912 0.00048973 0.000519317 0.000534479 0.000577849 0.000615855 0.000622301 0.000667115 0.00070474 0.000731962 0.000775704 0.000821289 0.00086595 0.000900425 0.000965575 0.00101264 0.00104908 0.00112133 0.00117587 0.00123199 0.00129494 0.0013807 0.00145457 0.00152354 0.0016361 0.00173364 0.00183713 0.00195223 0.0020998 0.00224516 0.00239026 0.0025891 0.00280433 0.00305005 0.00332184 0.00368165 0.00410639 0.0046031 0.00521736 0.00597904 0.00691769 0.00801043 0.00932497 0.0108552 0.0126097 0.0145115 0.0165257 0.0185656 0.0205018 0.0221616 0.0233455 0.0238961 0.0236157 0.0223764 0.0200421 0.0166258 0.0121669 0.00685139 0.000880646 -0.00542338 -0.0117433 -0.017713 -0.0230256 -0.0274036 -0.030659 -0.0326852 -0.0334732 -0.0331095 -0.031733 -0.0295384 -0.0267088 -0.0234545 -0.0199405 -0.0163442 -0.0127673 -0.00930466 -0.00595634 -0.0027205 0.000482601 0.00370133 0.00702436 0.0104695 0.0140587 0.0177195 0.0213718 0.0248524 0.0280064 0.0306241 0.0325188 0.0334784 0.0333396 0.0319727 0.0293407 0.0254938 0.020575 0.014818 0.00850887 0.00200261 -0.00436706 -0.0102526 -0.0154084 -0.0196001 -0.0227294 -0.0247256 -0.0256789 -0.0256853 -0.0249315 -0.0235612 -0.0217809 -0.0197721 -0.0177018 -0.0156756 -0.0137529 -0.0120213 -0.0105019 -0.00921752 -0.00810202 -0.00717933 -0.00642166 -0.00581538 -0.00529608 -0.00485741 -0.00451644 -0.00422493 -0.00397204 -0.00373577 -0.00356537 -0.00340228 -0.00324467 -0.0031104 -0.00300183 -0.00290142 -0.00278143 -0.00270582 -0.00262714 -0.00254193 -0.00246456 -0.00240498 -0.00234756 -0.00226702 -0.00222755 -0.00217894 -0.00212042 -0.00208291 -0.00204672 -0.00200983 -0.0019645 -0.00194853 -0.00191157 -0.00186316 -0.00185426 -0.00182231 -0.00178794 -0.00176278 -0.0017386 -0.00173027 -0.00171417 -0.0016917 -0.00166316 -0.00165761 -0.00165522 -0.00161972 -0.00161228 -0.00160068 -0.00157042 -0.00158064 -0.00157701 -0.00155975 -0.00156144 -0.00154401 -0.00153065 -0.00152928 -0.00152034 -0.00152282 -0.00152281 -0.001517 -0.00151727 -0.00150895 
0 1.93574e-05 5.34078e-05 6.74163e-05 7.74582e-05 0.000109706 0.0001275 0.000145229 0.000184976 0.000199349 0.000213342 0.000252569 0.000266702 0.000283338 0.000320879 0.000341242 0.000362835 0.000392439 0.000425147 0.000453725 0.000471284 0.000509642 0.000541419 0.000562924 0.000601683 0.000626932 0.000670479 0.000713537 0.00073357 0.000789248 0.000831423 0.000863814 0.000916759 0.000960403 0.00101163 0.00105518 0.00111895 0.00118079 0.00122543 0.00131153 0.00137884 0.00144621 0.00153233 0.00162165 0.00171677 0.00179742 0.0019239 0.00204037 0.00215255 0.00229935 0.00245892 0.00263866 0.0028106 0.0030494 0.00331484 0.00360367 0.00395144 0.00437842 0.00491016 0.00550529 0.00625909 0.00717988 0.00830265 0.00960799 0.0111437 0.0129451 0.0149545 0.0171327 0.0193769 0.0216493 0.0237504 0.025514 0.0266966 0.0271494 0.0266752 0.0251136 0.0223493 0.0183641 0.0132775 0.007242 0.000536733 -0.00656596 -0.01365 -0.02037 -0.0263182 -0.0312545 -0.0349284 -0.0372728 -0.0382232 -0.0378919 -0.0363895 -0.0339529 -0.0307736 -0.0271026 -0.0231162 -0.0190119 -0.0149003 -0.0108854 -0.00697847 -0.00317832 0.000587032 0.00437228 0.00825838 0.0122647 0.0164008 0.020588 0.0247355 0.0286656 0.0322112 0.0351274 0.0372131 0.038214 0.0379828 0.0363664 0.0333766 0.0290301 0.0235236 0.0170516 0.00999033 0.00267593 -0.00445597 -0.0111039 -0.0169429 -0.0217789 -0.0254238 -0.0278382 -0.0290718 -0.0292637 -0.028586 -0.0271849 -0.0252893 -0.0230841 -0.0207999 -0.0185045 -0.0163219 -0.0142998 -0.0125364 -0.0110085 -0.00968714 -0.008574 -0.00765544 -0.00692637 -0.00628687 -0.00576798 -0.00533868 -0.00499908 -0.0046867 -0.00441037 -0.00420194 -0.0040017 -0.00382408 -0.0036508 -0.00352674 -0.00339592 -0.00326117 -0.00316465 -0.0030646 -0.00297533 -0.00287774 -0.00281357 -0.00274447 -0.00266044 -0.00261402 -0.00255139 -0.00249411 -0.00244131 -0.00239494 -0.0023517 -0.00229328 -0.00226899 -0.00222807 -0.00218006 -0.00216189 -0.0021258 -0.00210033 -0.00207266 -0.00203833 -0.00202473 -0.00199828 -0.00197141 -0.00194889 -0.00193291 -0.00192321 -0.00189129 -0.00188311 -0.0018834 -0.00185009 -0.00184471 -0.00184269 -0.00181225 -0.00180952 -0.00180919 -0.00179162 -0.00179248 -0.00178963 -0.00177482 -0.00177282 -0.00177074 -0.00176308 -0.00176587 
0 3.67079e-05 4.05641e-05 7.59649e-05 0.000110529 0.000110466 0.000147674 0.000184976 0.000185602 0.000229824 0.000269998 0.000267453 0.000304782 0.000341686 0.000355743 0.000393738 0.000424764 0.00045318 0.000473329 0.000504913 0.000571484 0.000585342 0.000600027 0.000654833 0.000688344 0.000737838 0.00076311 0.000798825 0.000866855 0.000893914 0.000950955 0.000998033 0.0010435 0.00111425 0.0011509 0.00122611 0.00128435 0.00134704 0.00143066 0.00149091 0.00159089 0.00166135 0.00176107 0.00186757 0.00195929 0.00208954 0.00220102 0.00235334 0.00248611 0.00265361 0.0028478 0.0030359 0.00327552 0.00352679 0.00385432 0.00419131 0.00461464 0.00512975 0.00574221 0.00648361 0.00736109 0.00847455 0.0097675 0.0113094 0.0130762 0.01513 0.017393 0.0197974 0.0222693 0.0246872 0.0269138 0.0286768 0.0298144 0.0300839 0.0293673 0.0274348 0.0242272 0.0197042 0.0140255 0.00736269 -8.92153e-06 -0.00777252 -0.0155348 -0.0228632 -0.0293894 -0.0347842 -0.0388691 -0.0414853 -0.042639 -0.0423419 -0.040787 -0.0381368 -0.0346875 -0.0306303 -0.0262386 -0.0216433 -0.0170406 -0.012469 -0.00802246 -0.00363608 0.000684688 0.00505997 0.00949412 0.0140694 0.018714 0.0234127 0.0279916 0.0323393 0.0361957 0.0393754 0.0415722 0.0426003 0.0422257 0.0403925 0.0370414 0.0322846 0.0262416 0.0191968 0.0114749 0.00350696 -0.00430399 -0.0115968 -0.0180665 -0.0234856 -0.0276434 -0.0305007 -0.0320621 -0.0325168 -0.0319671 -0.0306415 -0.0286864 -0.0263907 -0.0239113 -0.0214165 -0.0189826 -0.0167133 -0.0146983 -0.0129186 -0.0113966 -0.010069 -0.00900065 -0.00809494 -0.00735614 -0.00672213 -0.00621028 -0.00579538 -0.00541581 -0.00511424 -0.0048322 -0.00461863 -0.00439421 -0.00421142 -0.00405206 -0.00389269 -0.00376693 -0.00362372 -0.00352916 -0.00340984 -0.0033143 -0.00323127 -0.00313454 -0.00307346 -0.00298275 -0.00292859 -0.00286037 -0.00279282 -0.00275212 -0.00268211 -0.00264779 -0.00258908 -0.00254533 -0.00252498 -0.00246509 -0.00243592 -0.00239838 -0.00237676 -0.0023591 -0.00229419 -0.00227726 -0.00227074 -0.00224291 -0.00221485 -0.00218052 -0.00218375 -0.0021633 -0.00213046 -0.00214462 -0.0021134 -0.00207899 -0.0020962 -0.00207569 -0.00205595 -0.00206948 -0.00205089 -0.00203469 -0.00204235 -0.00202868 -0.00201958 -0.00202885 -0.00202018 
0 1.37045e-05 5.81225e-05 7.50854e-05 0.000108476 0.000156739 0.00016891 0.000199349 0.000229824 0.000243028 0.000283709 0.000313701 0.000347752 0.00039009 0.000403911 0.000444264 0.000480243 0.000501416 0.000559012 0.000584529 0.000597714 0.000650371 0.000706682 0.00074874 0.000773676 0.000825118 0.000876281 0.000913248 0.00097313 0.00100865 0.00106192 0.00113251 0.00118108 0.00124689 0.00131363 0.00139047 0.00145579 0.00153089 0.00162526 0.00169459 0.00179118 0.00189001 0.00199346 0.0021036 0.00222287 0.00236771 0.00249833 0.00266177 0.0028345 0.00302598 0.00323644 0.00346819 0.00374704 0.00404548 0.00440962 0.00482271 0.00532744 0.0059265 0.00664844 0.00752532 0.00857494 0.009855 0.0113547 0.0131214 0.0151367 0.0174233 0.0199074 0.0225204 0.0251552 0.0276809 0.0299223 0.0316362 0.0326258 0.0326716 0.0316277 0.0293022 0.0256334 0.0206106 0.0143974 0.00718116 -0.000747042 -0.00906814 -0.0173638 -0.0252054 -0.0321896 -0.0380005 -0.0424257 -0.0453243 -0.0466588 -0.0464545 -0.0448664 -0.0420891 -0.0384025 -0.0340424 -0.0292673 -0.0242452 -0.0191531 -0.0140645 -0.00905805 -0.00410567 0.000801638 0.00574852 0.0107535 0.0158621 0.0210165 0.026166 0.0311552 0.0358373 0.039968 0.0433181 0.0455959 0.0465797 0.0460699 0.0439953 0.0403412 0.0352025 0.0287351 0.0212063 0.0129764 0.00446699 -0.0038915 -0.0117417 -0.0187583 -0.0247052 -0.0293634 -0.0326721 -0.0346307 -0.0353888 -0.0350664 -0.0338685 -0.0319747 -0.0296383 -0.02705 -0.0243784 -0.0217463 -0.0192526 -0.0169895 -0.0149663 -0.0132151 -0.0116973 -0.0104322 -0.00936257 -0.00848222 -0.00774547 -0.00713055 -0.00662161 -0.00618505 -0.00582835 -0.00550097 -0.00523211 -0.00498972 -0.00478102 -0.00458604 -0.00440948 -0.00426752 -0.00411439 -0.00398618 -0.00386349 -0.00375874 -0.00364764 -0.00354442 -0.00346963 -0.00337157 -0.00329511 -0.00322605 -0.00316049 -0.00309321 -0.00303197 -0.00299487 -0.00292831 -0.00288121 -0.0028401 -0.00278541 -0.0027572 -0.00271104 -0.00266084 -0.00262873 -0.00261796 -0.00259208 -0.00253416 -0.00252308 -0.0025098 -0.00247468 -0.00246427 -0.00242948 -0.00240362 -0.00239485 -0.00237394 -0.00237564 -0.00236109 -0.00233814 -0.00233618 -0.00231239 -0.00230109 -0.00230687 -0.0022911 -0.0022911 -0.0022935 -0.00227684 -0.00227898 
0 2.47134e-05 8.46032e-05 9.38289e-05 0.00011304 0.000163553 0.000173325 0.000213342 0.000269998 0.000283709 0.000323168 0.000358677 0.00037737 0.000424163 0.000451836 0.000492764 0.000542104 0.000556651 0.000612708 0.000663686 0.00068291 0.000742055 0.000782724 0.000811751 0.00086835 0.000919527 0.000971304 0.0010199 0.00108374 0.00114452 0.00119269 0.00127253 0.00132945 0.00138517 0.00147565 0.00154347 0.00161805 0.00171015 0.00180853 0.00190165 0.00199833 0.00213057 0.0022413 0.00235871 0.00250991 0.00265759 0.00281278 0.00298067 0.00319079 0.00340183 0.00362804 0.00391141 0.00422521 0.00458391 0.00498949 0.00549718 0.00609251 0.00679032 0.00764138 0.00866828 0.0099105 0.0113605 0.0130829 0.0150721 0.0173347 0.0198271 0.022501 0.0252788 0.028018 0.0305796 0.0327454 0.0343321 0.0350912 0.0348513 0.0334149 0.0306702 0.026537 0.0210587 0.0143713 0.0066909 -0.00169047 -0.010443 -0.0191409 -0.027375 -0.0347175 -0.0408763 -0.0455929 -0.048756 -0.0502693 -0.0501907 -0.0486118 -0.0457737 -0.0419065 -0.0373081 -0.0321927 -0.0267897 -0.0212293 -0.0156475 -0.0100808 -0.00456826 0.000937073 0.00645108 0.0120297 0.0176503 0.0232958 0.028852 0.0342094 0.0391597 0.0435034 0.0469486 0.0492521 0.0501425 0.0494835 0.0471684 0.0432454 0.0377771 0.0309725 0.0230713 0.014466 0.00554868 -0.00323886 -0.0115421 -0.0190262 -0.025436 -0.0305738 -0.0343394 -0.0367455 -0.0378605 -0.0378435 -0.0368476 -0.0351085 -0.0328091 -0.0301819 -0.0273835 -0.0245926 -0.0219065 -0.0194051 -0.0171448 -0.0151511 -0.0134425 -0.0119633 -0.010722 -0.00968211 -0.00883455 -0.0081113 -0.00749872 -0.00700303 -0.00658025 -0.00621362 -0.00587884 -0.00561527 -0.00537307 -0.00513918 -0.00494053 -0.00476718 -0.00460827 -0.00443898 -0.00431275 -0.00419609 -0.00406482 -0.00396186 -0.00386899 -0.00377903 -0.00367983 -0.00360732 -0.00354056 -0.0034473 -0.00339015 -0.00332923 -0.00325738 -0.00320963 -0.00315729 -0.00310723 -0.00305887 -0.00302903 -0.00299122 -0.00293336 -0.00291609 -0.00287804 -0.00282829 -0.00282026 -0.00278138 -0.00274727 -0.00273508 -0.00270758 -0.00270063 -0.00267673 -0.0026482 -0.00264408 -0.00261026 -0.00259617 -0.00260429 -0.00257816 -0.00257358 -0.00257528 -0.00254843 -0.00254749 -0.00254905 -0.00253154 -0.00253894 
0 4.4282e-05 5.36884e-05 0.000103502 0.000150432 0.000163812 0.000212028 0.000252569 0.000267453 0.000313701 0.000358677 0.000388653 0.000427083 0.00046857 0.000511515 0.000542347 0.000588471 0.000642354 0.000660296 0.000709023 0.000779447 0.000814762 0.00085789 0.000905225 0.00096865 0.00103394 0.00106463 0.00112927 0.00120226 0.00125379 0.00132503 0.00139551 0.00147025 0.00154523 0.00163027 0.00172218 0.00179769 0.00190403 0.00201045 0.0021035 0.00222428 0.0023533 0.00248296 0.00261545 0.00278032 0.00295609 0.00312102 0.00332685 0.00355944 0.0038007 0.0040641 0.00438272 0.00475526 0.00515349 0.00563329 0.0062207 0.00691565 0.00772731 0.00870845 0.0099154 0.0113331 0.0129923 0.0149228 0.0171541 0.0196393 0.0223226 0.0251579 0.0280438 0.0308421 0.0333433 0.035379 0.036733 0.0372131 0.036599 0.0347423 0.0315403 0.0269645 0.0210668 0.0139732 0.00592111 -0.00281501 -0.0118629 -0.0208524 -0.029343 -0.0369718 -0.0433867 -0.048376 -0.0517566 -0.0534781 -0.0535269 -0.0520328 -0.049171 -0.0452142 -0.0404137 -0.0350333 -0.029267 -0.0232914 -0.0172137 -0.0111185 -0.00502655 0.00105605 0.0071577 0.0132809 0.019419 0.0255061 0.0314538 0.0371069 0.0422896 0.0467542 0.050251 0.0524951 0.0532782 0.0524284 0.0499094 0.0457259 0.0400125 0.0329337 0.0247964 0.0159286 0.0067564 -0.00234703 -0.0109847 -0.0188502 -0.025657 -0.0312325 -0.035465 -0.0383333 -0.039881 -0.0402175 -0.039532 -0.0380096 -0.0358614 -0.0332557 -0.0304166 -0.0275091 -0.0246726 -0.0219679 -0.0194737 -0.017258 -0.0153248 -0.0136494 -0.0121999 -0.0110009 -0.0100056 -0.00916237 -0.00844131 -0.00785109 -0.00736843 -0.00693058 -0.00655338 -0.00623988 -0.00596952 -0.00570907 -0.00547727 -0.00529349 -0.00510668 -0.00493064 -0.00478111 -0.00464759 -0.00451154 -0.00437996 -0.00428249 -0.004172 -0.00406541 -0.00398375 -0.00389571 -0.00381615 -0.00374043 -0.00367744 -0.00360771 -0.00354059 -0.00350303 -0.00343528 -0.00337267 -0.00333819 -0.00329458 -0.00325369 -0.00319505 -0.00316024 -0.00315165 -0.00310454 -0.00306469 -0.00304413 -0.00301997 -0.00299292 -0.00296089 -0.00295158 -0.00292673 -0.00289187 -0.00290128 -0.002881 -0.00284733 -0.00286099 -0.00283916 -0.00281245 -0.002831 -0.00281122 -0.00279344 -0.00281457 -0.00279524 
0 3.36239e-05 7.12848e-05 0.000111814 0.000150148 0.000193191 0.000236709 0.000266702 0.000304782 0.000347752 0.00037737 0.000427083 0.000478254 0.0005104 0.000560366 0.000602956 0.000637985 0.000692675 0.000746293 0.000796664 0.000829943 0.000875804 0.000955606 0.00101316 0.00105885 0.00111177 0.00118192 0.00125696 0.00130822 0.00138112 0.00145664 0.00153151 0.00161909 0.00169609 0.00179478 0.00188594 0.00198498 0.00209772 0.00220225 0.00232786 0.00244884 0.0025935 0.00273637 0.00288833 0.00307345 0.0032517 0.00345812 0.00367744 0.00393876 0.00421109 0.00451295 0.00488494 0.00529355 0.00577205 0.00632086 0.00701054 0.00781059 0.00875537 0.00990054 0.0112764 0.012903 0.0147597 0.0169267 0.0193679 0.0220626 0.0249027 0.027853 0.030795 0.033557 0.0359388 0.0377388 0.0388058 0.0389063 0.037881 0.0355489 0.0318971 0.0268892 0.0206249 0.0131994 0.00486579 -0.00410124 -0.0133346 -0.0224726 -0.0311262 -0.0389239 -0.045549 -0.0507374 -0.0543378 -0.0562399 -0.0564671 -0.0550772 -0.0522775 -0.0482693 -0.0433514 -0.0377329 -0.0316677 -0.025285 -0.0187551 -0.0121222 -0.00547872 0.00119915 0.00786163 0.0145398 0.0211537 0.0276755 0.0339522 0.0398742 0.0452043 0.0497464 0.0532011 0.0553536 0.0559634 0.0549345 0.0521941 0.0478101 0.0418828 0.0346375 0.0263469 0.01736 0.00804317 -0.001238 -0.0101099 -0.0182602 -0.0253979 -0.0313751 -0.0360515 -0.0394134 -0.0414195 -0.0421997 -0.0418762 -0.0406763 -0.0387369 -0.0362599 -0.0334373 -0.0304784 -0.0275254 -0.0246455 -0.0219527 -0.0195001 -0.0173552 -0.0154505 -0.0138128 -0.0124196 -0.0112682 -0.0102899 -0.00945168 -0.00877074 -0.00819093 -0.00770427 -0.0072621 -0.00690647 -0.00658869 -0.00629958 -0.00604716 -0.00581801 -0.00562338 -0.00542182 -0.00525807 -0.00509952 -0.00495167 -0.00481939 -0.00468751 -0.00458047 -0.00446323 -0.00436758 -0.00427357 -0.0041819 -0.00410677 -0.00402353 -0.00396177 -0.00388582 -0.00381496 -0.00376897 -0.00371209 -0.00365145 -0.00358668 -0.00355426 -0.00352762 -0.0034709 -0.00342526 -0.00338988 -0.00337028 -0.00334172 -0.00329488 -0.00327354 -0.00324454 -0.00321177 -0.00320587 -0.00318814 -0.00316217 -0.00314862 -0.00313143 -0.00311033 -0.00310165 -0.00309626 -0.00308125 -0.00307708 -0.00307427 -0.00306032 -0.00306141 
0 4.14793e-05 9.5679e-05 0.000128698 0.000158275 0.00020377 0.000242055 0.000283338 0.000341686 0.00039009 0.000424163 0.00046857 0.0005104 0.000548484 0.000604726 0.000657683 0.000705567 0.000758086 0.000804811 0.000861732 0.000924398 0.000978642 0.00102863 0.00108622 0.00115234 0.00121499 0.00129576 0.00136367 0.00142435 0.00152453 0.00159842 0.0016729 0.00177073 0.00185641 0.00195655 0.00205189 0.00217248 0.00228707 0.00240065 0.00255481 0.00268376 0.00284035 0.00300381 0.00317931 0.00337505 0.00356587 0.00380977 0.00404727 0.00433022 0.00464123 0.0049911 0.00541113 0.00586845 0.00643458 0.00707424 0.00786661 0.0087899 0.00988974 0.0112149 0.0127705 0.0146085 0.0166826 0.0190766 0.0217145 0.0245803 0.0275491 0.0305609 0.0334894 0.0361322 0.0383125 0.0398056 0.0405036 0.0401612 0.0386665 0.035847 0.0317425 0.0263393 0.0197514 0.0120773 0.00355476 -0.00552517 -0.0148297 -0.0239984 -0.0327105 -0.0405875 -0.0473525 -0.0526954 -0.056488 -0.0585738 -0.0589969 -0.0577594 -0.0550721 -0.0510808 -0.046097 -0.0402988 -0.0339688 -0.0272193 -0.020253 -0.0131067 -0.00591415 0.00134238 0.00856395 0.0157738 0.0228492 0.0297665 0.0363396 0.0424723 0.0478974 0.0524448 0.0558001 0.0578013 0.058208 0.0569821 0.0540352 0.049482 0.0434018 0.0360697 0.0277254 0.0187335 0.00939054 5.72815e-05 -0.0089404 -0.0172751 -0.0246807 -0.0310046 -0.036107 -0.0399527 -0.0424571 -0.0437317 -0.0438494 -0.0430399 -0.0413937 -0.0391314 -0.0364101 -0.0334665 -0.0304392 -0.027431 -0.0245666 -0.0219 -0.0195307 -0.0173987 -0.015564 -0.013969 -0.0126385 -0.0115076 -0.0105495 -0.00975982 -0.00907411 -0.00852096 -0.00801932 -0.00760836 -0.00723466 -0.00691429 -0.00663608 -0.00636185 -0.00614427 -0.00592576 -0.00574181 -0.00555706 -0.00539846 -0.00526439 -0.00510738 -0.00499461 -0.00487588 -0.00476322 -0.00465892 -0.00456126 -0.00447867 -0.00437149 -0.0043042 -0.00423603 -0.00414627 -0.00409093 -0.00403203 -0.00397672 -0.00392633 -0.00387131 -0.00381988 -0.00377286 -0.0037397 -0.0036936 -0.00364795 -0.00361705 -0.00357946 -0.00356026 -0.00354385 -0.00350502 -0.00348096 -0.0034614 -0.00342509 -0.00341361 -0.00341173 -0.00338109 -0.0033727 -0.00337244 -0.00334048 -0.00334163 -0.00334622 -0.00331814 -0.00332838 
0 4.78862e-05 7.61622e-05 0.000132021 0.000187097 0.000223741 0.00027723 0.000320879 0.000355743 0.000403911 0.000451836 0.000511515 0.000560366 0.000604726 0.000671743 0.000704209 0.00075244 0.000838967 0.000866034 0.000916346 0.0010097 0.00105659 0.00111796 0.00118975 0.00125659 0.00133692 0.00139747 0.00147322 0.00155304 0.00163965 0.00173551 0.00180656 0.00192391 0.0020328 0.00211905 0.00225224 0.0023685 0.00249153 0.00262263 0.00277187 0.00293253 0.00307343 0.00327465 0.00346767 0.00366701 0.00390542 0.00416008 0.00445265 0.00474353 0.00511431 0.00552089 0.00597518 0.00651852 0.0071481 0.00791842 0.0087923 0.00986915 0.0111352 0.0126419 0.0144033 0.0164309 0.0187629 0.021339 0.0241809 0.027158 0.030234 0.033244 0.0360806 0.038536 0.0404178 0.0415639 0.0417898 0.0409807 0.0389436 0.0356666 0.031096 0.0253592 0.0184804 0.0106498 0.00202904 -0.00705417 -0.0163165 -0.0254252 -0.0340849 -0.0419798 -0.0487928 -0.0542739 -0.0582044 -0.0605073 -0.0611112 -0.0601011 -0.0575407 -0.0536618 -0.0486308 -0.0427416 -0.0361512 -0.0291067 -0.0216927 -0.0140905 -0.00632697 0.00145733 0.00926025 0.0169454 0.0244944 0.0317369 0.0386029 0.0448583 0.050359 0.054813 0.0580494 0.0598155 0.0600254 0.0585569 0.0554495 0.0507316 0.0445867 0.0372211 0.0289373 0.0200263 0.0107799 0.00150663 -0.00750385 -0.0159176 -0.0235313 -0.0301263 -0.0356429 -0.0399233 -0.0429757 -0.0447538 -0.0454127 -0.0450288 -0.0437822 -0.0418017 -0.0392868 -0.0364332 -0.0333845 -0.0303176 -0.0272994 -0.0244799 -0.0218587 -0.0195326 -0.0174675 -0.0156813 -0.0141435 -0.0128327 -0.0117534 -0.0108114 -0.010035 -0.00936345 -0.00882006 -0.00833087 -0.00789933 -0.00755334 -0.00722736 -0.0069455 -0.00667323 -0.00646222 -0.00625028 -0.00603739 -0.00587849 -0.00570826 -0.00555512 -0.00540358 -0.00528345 -0.00516259 -0.00502591 -0.00494606 -0.00484161 -0.004739 -0.0046647 -0.0045816 -0.00451278 -0.00442955 -0.00436247 -0.00430134 -0.0042369 -0.0041932 -0.00411491 -0.0040725 -0.0040584 -0.00398391 -0.00394551 -0.00393134 -0.00388068 -0.00384428 -0.00381312 -0.00378494 -0.00375819 -0.00373052 -0.00372426 -0.00369699 -0.00366731 -0.00366917 -0.00364494 -0.00362314 -0.0036305 -0.00360899 -0.00359326 -0.00360614 -0.00359215 
0 4.54961e-05 9.83663e-05 0.000144354 0.000189913 0.000243947 0.000293214 0.000341242 0.000393738 0.000444264 0.000492764 0.000542347 0.000602956 0.000657683 0.000704209 0.000773601 0.000828019 0.000872893 0.000955118 0.00102159 0.0010694 0.00112845 0.00120541 0.00130083 0.00135527 0.00141959 0.00152178 0.00159902 0.00168898 0.00177696 0.00186774 0.00197422 0.00207406 0.00219332 0.00229546 0.00242651 0.00256972 0.00268802 0.00285048 0.00300972 0.00317916 0.00335344 0.00355551 0.00378257 0.00398685 0.00425654 0.00454116 0.0048502 0.00519208 0.00559541 0.00607396 0.00657686 0.00720724 0.00794312 0.00882253 0.00983786 0.0110596 0.0125318 0.0142212 0.0161957 0.0184336 0.020989 0.0237571 0.0267296 0.0298085 0.0329012 0.0358614 0.0385045 0.0406947 0.042205 0.042922 0.0426349 0.0412841 0.0387187 0.0349589 0.0299908 0.0239298 0.0168563 0.0089225 0.000330566 -0.00867046 -0.0177742 -0.0267391 -0.0352547 -0.0430865 -0.0498874 -0.0554495 -0.0595086 -0.0620068 -0.062828 -0.062052 -0.0596884 -0.0559444 -0.0509487 -0.0449861 -0.0382095 -0.0308719 -0.0230721 -0.0150037 -0.00672341 0.00160365 0.00993367 0.0181046 0.0260652 0.0336314 0.0407149 0.0470751 0.0525648 0.0568994 0.0599379 0.0614553 0.0614179 0.0597189 0.0564427 0.051608 0.0454427 0.0381208 0.0299764 0.0212282 0.0121825 0.00305751 -0.00584005 -0.0142656 -0.0219833 -0.0288261 -0.0346754 -0.0393991 -0.0429619 -0.0453048 -0.0465262 -0.0466495 -0.0458582 -0.044242 -0.0420247 -0.0393235 -0.036345 -0.0332395 -0.0301464 -0.0271691 -0.0243479 -0.0218046 -0.0195198 -0.0175344 -0.015772 -0.0142899 -0.0130404 -0.0119749 -0.0110671 -0.0102944 -0.00967885 -0.0091098 -0.00863179 -0.00821744 -0.00786751 -0.00753906 -0.0072339 -0.00699973 -0.0067525 -0.00653676 -0.00633822 -0.00616732 -0.00599909 -0.00583025 -0.00571047 -0.00556597 -0.00544093 -0.0053299 -0.00521839 -0.00512396 -0.00501873 -0.00493593 -0.0048438 -0.00477134 -0.00471372 -0.00461742 -0.00455465 -0.00451211 -0.00446017 -0.00439646 -0.0043269 -0.00430149 -0.00426479 -0.00420567 -0.00417378 -0.00413745 -0.00409967 -0.00407251 -0.00404841 -0.00402545 -0.00399292 -0.0039724 -0.00395642 -0.00392853 -0.00391854 -0.00391019 -0.00388916 -0.00388505 -0.00388019 -0.00386375 -0.003864 
0 5.27516e-05 0.000110232 0.000159331 0.000205442 0.000258704 0.000307208 0.000362835 0.000424764 0.000480243 0.000542104 0.000588471 0.000637985 0.000705567 0.00075244 0.000828019 0.000902577 0.000941984 0.00102498 0.00108605 0.00114657 0.00124998 0.00129887 0.00136967 0.00145995 0.00153733 0.00164429 0.00171396 0.00181486 0.00192295 0.00201019 0.00213971 0.00223161 0.00235857 0.00249133 0.00260936 0.00277328 0.00290232 0.0030802 0.00325384 0.00342705 0.00364356 0.0038433 0.00409774 0.00433216 0.00462197 0.00494742 0.00527476 0.00568373 0.00612398 0.00666763 0.00724878 0.00796391 0.00882524 0.00981115 0.0109968 0.0123777 0.0140573 0.0159467 0.0181306 0.0205952 0.0233379 0.0262862 0.0293405 0.0324829 0.0355223 0.0383556 0.0407325 0.0425716 0.043655 0.0438634 0.0430334 0.0410932 0.0380158 0.0337771 0.028465 0.0221184 0.014924 0.00696292 -0.00150597 -0.0103298 -0.0191948 -0.0279296 -0.0362381 -0.0439234 -0.050668 -0.0562522 -0.0604368 -0.0631079 -0.0641788 -0.0636411 -0.0615315 -0.0579461 -0.0530553 -0.0470455 -0.040146 -0.032531 -0.024397 -0.0158692 -0.00711789 0.00174773 0.010559 0.0192088 0.0275291 0.0354031 0.0426404 0.0490776 0.0544841 0.0586715 0.0614496 0.0627084 0.0623841 0.0604697 0.0570179 0.052118 0.0459685 0.0387727 0.0308271 0.0223293 0.0135601 0.00468271 -0.0040048 -0.0123503 -0.0200861 -0.0271181 -0.0332323 -0.0383728 -0.0424084 -0.0453414 -0.0471372 -0.0478385 -0.0475506 -0.0463877 -0.0445398 -0.0420846 -0.0392592 -0.0361787 -0.0330731 -0.0299695 -0.0270021 -0.0242413 -0.0217524 -0.0195488 -0.017569 -0.0158971 -0.0144494 -0.0132487 -0.0121873 -0.0113117 -0.0105846 -0.00993929 -0.00940401 -0.00891406 -0.0085315 -0.00815073 -0.00782925 -0.00754978 -0.00727774 -0.00705789 -0.00681961 -0.00664312 -0.00645224 -0.00628055 -0.00613839 -0.00597376 -0.00586267 -0.00571817 -0.00560266 -0.00550109 -0.00538031 -0.00530558 -0.00519577 -0.00511376 -0.00504214 -0.00496369 -0.00491439 -0.00481641 -0.00476381 -0.00472663 -0.00464796 -0.00461389 -0.00455375 -0.00449571 -0.00447707 -0.00443452 -0.00440386 -0.00436927 -0.00432916 -0.0043055 -0.00427164 -0.00425607 -0.00424031 -0.00420903 -0.00419876 -0.00418293 -0.0041633 -0.00416132 -0.00415373 -0.00414053 -0.00413608 
0 5.75629e-05 0.000101529 0.000166691 0.000224824 0.000281777 0.000344081 0.000392439 0.00045318 0.000501416 0.000556651 0.000642354 0.000692675 0.000758086 0.000838967 0.000872893 0.000941984 0.00102785 0.0010898 0.00116343 0.00123123 0.00132789 0.00140901 0.00146545 0.00158349 0.00166765 0.00173537 0.00185167 0.00194367 0.00205171 0.00216727 0.00228153 0.00241218 0.00253371 0.00268796 0.00282387 0.00296844 0.00315105 0.00330924 0.00349998 0.00369927 0.00391885 0.0041585 0.00440421 0.0047049 0.00500857 0.00536317 0.00575511 0.00619742 0.00672183 0.00730165 0.00800294 0.00881007 0.00978822 0.0109261 0.0122636 0.0138611 0.0157074 0.0178381 0.0202163 0.0229025 0.0258102 0.0288787 0.0320074 0.0351124 0.0380655 0.0406467 0.0427215 0.0441088 0.0447205 0.0443562 0.0429495 0.0404249 0.036828 0.0321732 0.0265278 0.0199968 0.0127096 0.00484613 -0.00345776 -0.0119822 -0.0205718 -0.0289768 -0.0370417 -0.0444959 -0.0511478 -0.056703 -0.0609989 -0.0638354 -0.0651603 -0.0648846 -0.0630465 -0.0596702 -0.0549116 -0.0489178 -0.0419171 -0.0340842 -0.0256264 -0.0166944 -0.00747742 0.0018715 0.0111587 0.0202309 0.0289011 0.0370212 0.0443911 0.0508377 0.0561325 0.0601149 0.0626135 0.0635813 0.0629647 0.0608312 0.0572149 0.0522878 0.0461898 0.0391956 0.0314882 0.0233331 0.0148776 0.00636334 -0.00206954 -0.0102057 -0.017922 -0.0250268 -0.0313848 -0.0368568 -0.0413617 -0.0448478 -0.0472417 -0.0485582 -0.0488216 -0.0481988 -0.0467624 -0.0446776 -0.0420522 -0.0391192 -0.036018 -0.0328734 -0.0297844 -0.0268449 -0.0241643 -0.0217183 -0.0195566 -0.0176442 -0.0160205 -0.0146211 -0.0134246 -0.0124181 -0.0115527 -0.0108389 -0.0102045 -0.0096774 -0.00920669 -0.00880342 -0.00845398 -0.0081191 -0.0078442 -0.00757941 -0.00734835 -0.00712196 -0.00692088 -0.00675138 -0.00655662 -0.00640749 -0.00626271 -0.00611947 -0.00599671 -0.00587354 -0.00577419 -0.0056582 -0.00557342 -0.00548903 -0.00537048 -0.00531442 -0.00524204 -0.00514601 -0.00508969 -0.00502942 -0.00497604 -0.00491033 -0.00486307 -0.00484192 -0.00477257 -0.00472524 -0.00469821 -0.00464825 -0.00462603 -0.0045943 -0.00456532 -0.00454622 -0.00450497 -0.00450483 -0.00448922 -0.00444836 -0.00446248 -0.00443375 -0.00440236 -0.00443459 -0.00440933 
