0 0 0 0 0 0 0 0 0 0 0 0 0 0 0 0 0 0 0 0 0 0 0 0 0 0 0 0 0 0 0 0 0 0 0 0 0 0 0 0 0 0 0 0 0 0 0 0 0 0 0 0 0 0 0 0 0 0 0 0 0 0 0 0 0 0 0 0 0 0 0 0 0 0 0 0 0 0 0 0 0 0 0 0 0 0 0 0 0 0 0 0 0 0 0 0 0 0 0 0 0 0 0 0 0 0 0 0 0 0 0 0 0 0 0 0 0 0 0 0 0 0 0 0 0 0 0 0 0 0 0 0 0 0 0 0 0 0 0 0 0 0 0 0 0 0 0 0 0 0 0 0 0 0 0 0 0 0 0 0 0 0 0 0 0 0 0 0 0 0 0 0 0 0 0 0 0 0 0 0 0 0 0 0 0 0 0 0 0 0 0 0 0 0 0 0 0 0 0 0 
0 1.65721e-05 -4.91125e-06 1.69188e-05 2.34471e-05 -1.9854e-06 1.94836e-05 2.71126e-05 1.47554e-05 3.98301e-05 4.57956e-05 2.9053e-05 3.66212e-05 4.12109e-05 3.88675e-05 5.15067e-05 6.15272e-05 6.32997e-05 5.93658e-05 5.76086e-05 8.17547e-05 8.86837e-05 6.53395e-05 7.37949e-05 9.29046e-05 9.76311e-05 9.70662e-05 0.000102105 0.000120501 0.000115126 0.000125261 0.000138142 0.000123992 0.000146437 0.000150633 0.000150024 0.0001664 0.000172751 0.000192217 0.000186505 0.000212585 0.000227481 0.000220736 0.000250951 0.000256001 0.000276068 0.000277882 0.000304652 0.000331981 0.000330322 0.000371471 0.000391515 0.000432989 0.00044887 0.00049688 0.000555638 0.000593439 0.000664806 0.000732816 0.000854676 0.000950051 0.00109985 0.00127861 0.0015068 0.00176496 0.00204804 0.00240746 0.00277475 0.00317967 0.00352922 0.00388362 0.00414353 0.00431248 0.00429398 0.00409985 0.00370637 0.00310574 0.00230645 0.00130398 0.000197249 -0.000990801 -0.00213381 -0.00324247 -0.00419236 -0.00500041 -0.00554626 -0.00588219 -0.00594657 -0.00583935 -0.00553298 -0.005125 -0.00459128 -0.00402019 -0.00339853 -0.00280611 -0.00222596 -0.0017102 -0.00122269 -0.000789441 -0.000364669 3.44454e-05 0.000453783 0.000877212 0.00135089 0.00185362 0.00242424 0.00301905 0.00365699 0.00426458 0.00485166 0.00533312 0.00572857 0.00594438 0.00600207 0.00579748 0.00537637 0.00467339 0.00379757 0.00272675 0.00158652 0.000359173 -0.00082545 -0.00194986 -0.00289155 -0.00365033 -0.00419128 -0.00453238 -0.00467585 -0.00461457 -0.00442177 -0.00410789 -0.00377321 -0.00336644 -0.00297964 -0.00257965 -0.00225835 -0.00195609 -0.00169543 -0.00147062 -0.00128993 -0.00116573 -0.00102621 -0.000938256 -0.000847933 -0.000807615 -0.000738167 -0.000689268 -0.000661578 -0.000625858 -0.000602604 -0.00055535 -0.000557779 -0.000524794 -0.000501154 -0.000485146 -0.000468497 -0.00045991 -0.000422793 -0.000432125 -0.000413024 -0.000395167 -0.000394524 -0.000382636 -0.000382154 -0.000359291 -0.000368101 -0.000358866 -0.000337233 -0.000347142 -0.000328046 -0.000322228 -0.000323337 -0.000313185 -0.000304901 -0.000301152 -0.000319607 -0.000304812 -0.000280904 -0.000295944 -0.000298862 -0.000289349 -0.00027662 -0.0002663 -0.000279765 -0.000280685 -0.000269507 -0.000282037 -0.000275588 -0.000252655 -0.000269562 -0.000271716 -0.000250576 -0.000269234 -0.000267024 -0.000246722 -0.000268483 -0.00026339 -0.000248316 -0.000266772 -0.000255743 
0 -4.91125e-06 1.60818e-05 1.76033e-05 1.46051e-05 4.53848e-05 4.78244e-05 3.72029e-05 6.04249e-05 5.17622e-05 4.64511e-05 7.91937e-05 8.58045e-05 9.15405e-05 9.96442e-05 0.00010202 0.000106311 9.91657e-05 0.000136935 0.000147658 0.000112662 0.000152481 0.000172501 0.000170292 0.000193375 0.00017679 0.000197682 0.000219598 0.000211715 0.000228699 0.000238973 0.000266036 0.000269009 0.00028328 0.000320946 0.000310448 0.000337309 0.000361617 0.000366513 0.000386183 0.000406415 0.0004412 0.000443719 0.000479423 0.000522897 0.000537502 0.000574165 0.000615367 0.000666229 0.000689197 0.000739572 0.00080855 0.000856302 0.000915077 0.000992414 0.00110191 0.00119367 0.00131354 0.00148159 0.00168731 0.00191917 0.00219886 0.00257754 0.00302704 0.00354492 0.00413262 0.00482515 0.0055835 0.00635091 0.00708118 0.00774309 0.00827631 0.00857081 0.00854121 0.00813519 0.00734446 0.00614431 0.00453691 0.00256488 0.000345691 -0.00198234 -0.00428436 -0.0064502 -0.00836969 -0.00993471 -0.0110553 -0.0116916 -0.011861 -0.0116226 -0.0110495 -0.0102135 -0.00918171 -0.00802454 -0.00681298 -0.00561456 -0.00447792 -0.00342993 -0.00247089 -0.00158637 -0.000749617 6.6416e-05 0.000892747 0.00175746 0.00269046 0.00371233 0.00483239 0.00603481 0.0072809 0.00850878 0.00964878 0.0106293 0.0113824 0.0118354 0.0119102 0.0115327 0.0106605 0.00930503 0.0075351 0.00544948 0.00315425 0.000755254 -0.00161796 -0.00381956 -0.00570894 -0.00721033 -0.00829846 -0.00898541 -0.00926788 -0.00917859 -0.0087863 -0.00820524 -0.00750988 -0.00674345 -0.00594771 -0.0051894 -0.0045238 -0.00393441 -0.00341385 -0.00296169 -0.0026167 -0.00233532 -0.00209232 -0.00188228 -0.00173022 -0.00161566 -0.0014911 -0.00139158 -0.00131453 -0.00126129 -0.00118196 -0.00112276 -0.0010903 -0.00104468 -0.000999906 -0.00095859 -0.000950408 -0.000907309 -0.000874 -0.000864591 -0.000836201 -0.000811653 -0.000781169 -0.000780428 -0.000746758 -0.000720238 -0.000727005 -0.000693615 -0.000684794 -0.000677408 -0.000670782 -0.000656381 -0.000634887 -0.000651703 -0.000625563 -0.000611339 -0.000607595 -0.000577797 -0.000606117 -0.00059295 -0.000552807 -0.000571285 -0.00057837 -0.000573622 -0.000554308 -0.000547664 -0.000551531 -0.000523314 -0.000539719 -0.000551951 -0.00052076 -0.000534916 -0.000534333 -0.000513615 -0.000529178 -0.000524043 -0.000512867 -0.000520363 -0.000516922 -0.000513311 -0.000515489 
0 1.69188e-05 1.76033e-05 3.16836e-05 3.9648e-05 4.16146e-05 5.74824e-05 6.62944e-05 7.71132e-05 9.4704e-05 0.00010204 0.000108442 0.000116566 0.000125571 0.000137654 0.000153332 0.000168758 0.000176341 0.000188453 0.00019998 0.000212982 0.000234415 0.000235047 0.000243413 0.000272815 0.000283486 0.000297173 0.000319847 0.000335789 0.000351109 0.000372154 0.000393831 0.000402704 0.000428544 0.000457177 0.000468767 0.000499056 0.000532638 0.000557619 0.000583447 0.000624319 0.000662294 0.000684625 0.000731222 0.000778756 0.000815364 0.00085881 0.000920966 0.000984121 0.00103285 0.00111024 0.00120066 0.00128828 0.00138005 0.00150615 0.00165936 0.00181267 0.00200434 0.00225301 0.00256347 0.00291546 0.00335412 0.00391255 0.00458615 0.00536191 0.00624984 0.00727544 0.0083868 0.0095189 0.0105914 0.0115585 0.0123105 0.0127167 0.0126435 0.0120244 0.0108257 0.00902394 0.00662879 0.00370989 0.000434541 -0.00300751 -0.00641096 -0.00961672 -0.0124477 -0.0147605 -0.0164163 -0.0173718 -0.0176355 -0.0173003 -0.0164588 -0.015228 -0.0137002 -0.0119897 -0.0101928 -0.00841439 -0.00671887 -0.0051517 -0.00371026 -0.00237944 -0.00111712 0.00011282 0.00135992 0.00266219 0.00406638 0.00559709 0.0072702 0.00905653 0.0109051 0.0127204 0.014408 0.0158532 0.0169617 0.0176143 0.017709 0.0171315 0.0158375 0.0138318 0.0112219 0.00813513 0.00474129 0.00119224 -0.00230948 -0.00556439 -0.00837097 -0.0106184 -0.0122595 -0.0132986 -0.0137466 -0.0136473 -0.0131112 -0.012273 -0.0112584 -0.0101276 -0.00896389 -0.00784265 -0.00684119 -0.00595117 -0.00516693 -0.00449586 -0.00395772 -0.00352589 -0.00315265 -0.00284545 -0.0026058 -0.00242192 -0.00224542 -0.00209694 -0.00198525 -0.0018906 -0.00179142 -0.00170231 -0.0016449 -0.00157835 -0.00151005 -0.00145482 -0.00141541 -0.00136398 -0.0013112 -0.00128416 -0.00124755 -0.00120773 -0.00117841 -0.00115918 -0.00112835 -0.00109759 -0.00108743 -0.0010603 -0.00103377 -0.0010196 -0.000999758 -0.000978005 -0.000962274 -0.000952064 -0.000929075 -0.00092101 -0.000921212 -0.000896915 -0.000885011 -0.000881832 -0.000870297 -0.000860657 -0.000846406 -0.000835525 -0.000831294 -0.000829483 -0.000824104 -0.000816712 -0.0008133 -0.0008011 -0.000796645 -0.000799045 -0.000787288 -0.00078804 -0.000788072 -0.000776781 -0.000782627 -0.000778714 -0.000772762 -0.000782384 -0.000771434 
0 2.34471e-05 1.46051e-05 3.9648e-05 6.38907e-05 5.29838e-05 7.59952e-05 9.86902e-05 9.27248e-05 0.000121255 0.000142081 0.000138387 0.000159551 0.00017379 0.000185413 0.000203902 0.00021811 0.000244988 0.00024496 0.000255258 0.000301264 0.000304346 0.000312963 0.000339469 0.000354303 0.000387994 0.000397377 0.000416741 0.000452261 0.000464688 0.000498554 0.000518495 0.00054413 0.000581487 0.000599504 0.000641304 0.000669357 0.00070568 0.000748824 0.000779413 0.000834075 0.000871535 0.000923013 0.000977721 0.00103018 0.00109748 0.00115383 0.00123646 0.00131087 0.0013956 0.00149607 0.00160235 0.00172978 0.00185808 0.00202919 0.00221833 0.00244134 0.00270987 0.00304187 0.00345677 0.0039432 0.00455431 0.00529642 0.00619679 0.00723634 0.00843204 0.00977803 0.0112229 0.0126941 0.0140864 0.0153203 0.0162445 0.016716 0.0165678 0.0157154 0.0140936 0.0116882 0.00852147 0.00469931 0.000421084 -0.00407543 -0.008529 -0.0127201 -0.0164154 -0.0194328 -0.0216037 -0.0228743 -0.023249 -0.022838 -0.0217548 -0.0201533 -0.0181577 -0.01592 -0.0135648 -0.0112258 -0.00898492 -0.00690228 -0.00497742 -0.00319404 -0.00149949 0.000152881 0.00182794 0.00357523 0.00545382 0.00749244 0.00970808 0.0120608 0.0144855 0.0168608 0.0190658 0.0209493 0.0223837 0.0232108 0.023302 0.0225193 0.0208156 0.0181975 0.0147948 0.0107648 0.00632847 0.00169596 -0.00286964 -0.00711722 -0.0108064 -0.0137859 -0.0159842 -0.0173859 -0.018023 -0.0179545 -0.017324 -0.0162745 -0.0149713 -0.0135084 -0.0120058 -0.0105474 -0.0092139 -0.00802508 -0.00697996 -0.00609507 -0.00535624 -0.0047619 -0.00425699 -0.00385086 -0.00351722 -0.00324925 -0.00302092 -0.00282082 -0.00266584 -0.00251975 -0.00240067 -0.00228355 -0.00219101 -0.00210482 -0.00201795 -0.00195278 -0.0018791 -0.00182572 -0.00176277 -0.00171278 -0.00166939 -0.00161603 -0.00158506 -0.00153779 -0.00150795 -0.00147401 -0.00143632 -0.00141802 -0.00137926 -0.00136016 -0.00133215 -0.00130623 -0.0012976 -0.00126194 -0.0012487 -0.00123284 -0.00121686 -0.00121094 -0.00117143 -0.00116742 -0.00117244 -0.00114362 -0.00113014 -0.0011177 -0.0011169 -0.00110873 -0.00108781 -0.00109828 -0.00108152 -0.00105904 -0.00107724 -0.0010619 -0.00104655 -0.00106163 -0.00104507 -0.00103642 -0.00105027 -0.00103593 -0.00102856 -0.00104097 -0.0010314 
0 -1.9854e-06 4.53848e-05 4.16146e-05 5.29838e-05 9.95351e-05 9.58069e-05 0.000110591 0.000141928 0.000135247 0.000151927 0.000186372 0.000204013 0.000223797 0.000242165 0.000255979 0.000267519 0.00028419 0.000319441 0.000347599 0.000345389 0.000362494 0.00041611 0.000441198 0.000445694 0.000470477 0.000504702 0.000530803 0.00054963 0.000588007 0.00061522 0.000644417 0.000697794 0.000719478 0.000760194 0.000809287 0.000842817 0.000889516 0.000928419 0.000992164 0.0010319 0.00108655 0.00116568 0.00121527 0.00129686 0.00136898 0.00146537 0.00155004 0.00164315 0.00177388 0.00187882 0.0020258 0.00216858 0.00236095 0.00256058 0.00279424 0.0030977 0.00343637 0.00387741 0.0043775 0.00503636 0.00580708 0.00675596 0.00787508 0.00918418 0.0106911 0.0123282 0.0140988 0.0158532 0.0175527 0.0189785 0.020041 0.0205037 0.0202557 0.0191324 0.017078 0.0140723 0.0101561 0.00549604 0.000270701 -0.00518616 -0.0106378 -0.0157203 -0.0202403 -0.0238861 -0.0265685 -0.0281252 -0.0286514 -0.0281688 -0.0268983 -0.0249394 -0.0225306 -0.0197835 -0.0169193 -0.0140303 -0.0112747 -0.00866958 -0.00627226 -0.00401764 -0.0018932 0.000203162 0.0023048 0.00451706 0.0068624 0.00941866 0.0121508 0.0150609 0.0180142 0.020929 0.0235954 0.0258989 0.027602 0.0285914 0.0286299 0.0276581 0.0255364 0.0223737 0.0182137 0.013336 0.00791054 0.00229775 -0.00326844 -0.00842284 -0.0129588 -0.0166451 -0.0194036 -0.0211906 -0.0220397 -0.0220686 -0.0213837 -0.0202038 -0.0186338 -0.016905 -0.0150762 -0.013326 -0.0116584 -0.0101785 -0.00887503 -0.00776359 -0.00683368 -0.0060411 -0.0054223 -0.00488602 -0.00447186 -0.00409686 -0.00381581 -0.0035688 -0.00334942 -0.00317125 -0.00300354 -0.00288385 -0.00273557 -0.00263516 -0.00253641 -0.00244427 -0.00236148 -0.00227766 -0.00222965 -0.00214412 -0.00209021 -0.00204024 -0.00198034 -0.00193251 -0.00187925 -0.00185127 -0.00179525 -0.00175937 -0.00173906 -0.00169308 -0.0016727 -0.00164525 -0.00161295 -0.00159192 -0.00157517 -0.00154739 -0.0015023 -0.00149801 -0.00150049 -0.00146135 -0.0014338 -0.00143204 -0.00143036 -0.00141838 -0.00139378 -0.00137689 -0.00137241 -0.00135189 -0.00134517 -0.00135933 -0.00133196 -0.00131856 -0.00133707 -0.00130868 -0.00130396 -0.00132215 -0.00129057 -0.00129579 -0.00130812 -0.00127779 -0.00129625 
0 1.94836e-05 4.78244e-05 5.74824e-05 7.59952e-05 9.58069e-05 0.000107232 0.000137969 0.000159606 0.000178972 0.000209975 0.000220053 0.000231079 0.000256612 0.000280873 0.000305368 0.000336205 0.00036596 0.000371483 0.000397802 0.000443992 0.000454203 0.000479274 0.00050806 0.000528614 0.000580982 0.000609073 0.000631829 0.000676995 0.000715889 0.000748601 0.000778088 0.00083221 0.000866771 0.000900979 0.000970029 0.00101115 0.00106225 0.00112897 0.00119602 0.00125457 0.00131779 0.00141333 0.00147793 0.00155687 0.00166007 0.00176198 0.00186422 0.00197682 0.00213409 0.0022741 0.00243512 0.00263344 0.00286557 0.00311948 0.0034059 0.00378674 0.00422541 0.00475344 0.00538654 0.00619006 0.00715696 0.00829528 0.00964804 0.0112224 0.013016 0.014943 0.0169781 0.0190082 0.0209242 0.0225179 0.0236208 0.0240449 0.0236259 0.022215 0.019708 0.0161134 0.0114961 0.00604821 -1.85539e-05 -0.00637058 -0.0126965 -0.0186171 -0.0238481 -0.0281012 -0.0312231 -0.0330969 -0.0337533 -0.0332657 -0.0318121 -0.0295706 -0.0267615 -0.0235768 -0.0202149 -0.0168319 -0.0135571 -0.0104608 -0.0075683 -0.00485609 -0.00227057 0.000261774 0.00282186 0.00548805 0.00832527 0.011373 0.0146288 0.0180445 0.0215145 0.0248975 0.0280074 0.030653 0.0326121 0.0336893 0.0336828 0.0324768 0.0299937 0.0262944 0.0214836 0.0158062 0.0095194 0.00299219 -0.00345425 -0.00945781 -0.0147691 -0.019143 -0.022461 -0.0246497 -0.0257696 -0.025931 -0.0252882 -0.0240115 -0.0222743 -0.0202937 -0.0182125 -0.0161688 -0.0142056 -0.0124288 -0.0108619 -0.009526 -0.00837237 -0.00740115 -0.00661793 -0.00597489 -0.0054416 -0.00497884 -0.00462777 -0.00432699 -0.0040634 -0.00382785 -0.00364372 -0.00348644 -0.00331482 -0.00318234 -0.00306488 -0.00295785 -0.00283709 -0.00274767 -0.00267521 -0.002577 -0.00250613 -0.00244413 -0.00238624 -0.0023156 -0.00226882 -0.00223245 -0.00216534 -0.00213089 -0.00209361 -0.0020434 -0.0020038 -0.00197408 -0.00194421 -0.00189468 -0.00187876 -0.00186104 -0.00182702 -0.0018149 -0.00177905 -0.0017586 -0.00175851 -0.00172642 -0.00169531 -0.00168161 -0.00167495 -0.00165997 -0.00165088 -0.00164777 -0.00162017 -0.00161079 -0.00161023 -0.00158932 -0.00158979 -0.00158372 -0.00156894 -0.0015722 -0.00156141 -0.00156072 -0.00156612 -0.00155152 -0.00155406 
0 2.71126e-05 3.72029e-05 6.62944e-05 9.86902e-05 0.000110591 0.000137969 0.00016596 0.000175024 0.00020469 0.000236867 0.000253361 0.000282281 0.000311724 0.000335332 0.000355956 0.000382802 0.000422399 0.000437309 0.000463095 0.000514855 0.000533295 0.00056444 0.000606144 0.0006294 0.000677809 0.000707575 0.000735872 0.000791363 0.000827125 0.000871747 0.000917958 0.000971017 0.00102605 0.00106544 0.00113994 0.00119305 0.00124404 0.00132763 0.00139071 0.00146648 0.00154392 0.0016436 0.00173689 0.0018223 0.00195705 0.00207105 0.00219747 0.00234085 0.00251168 0.00269344 0.00287032 0.0031203 0.00338624 0.00369339 0.00404625 0.00449741 0.00504562 0.00566885 0.00645728 0.00741306 0.00858568 0.00993103 0.0115256 0.0133689 0.0154273 0.0176315 0.0198929 0.0221569 0.0242187 0.0259139 0.0269857 0.0273068 0.0266597 0.0249174 0.0219478 0.0177753 0.0125079 0.00633384 -0.000478528 -0.00763262 -0.0147202 -0.0213885 -0.0272404 -0.0320469 -0.0355672 -0.0377559 -0.0385534 -0.038099 -0.0365034 -0.0340327 -0.0308723 -0.027301 -0.0234836 -0.0196417 -0.0158697 -0.0122928 -0.00890529 -0.00572773 -0.00266969 0.000312797 0.00334379 0.00647405 0.00980607 0.013339 0.0171001 0.0209899 0.0249351 0.028735 0.0322357 0.0351657 0.0373315 0.0384496 0.0383747 0.0369244 0.0341079 0.0299168 0.0245399 0.0181543 0.0111266 0.00379243 -0.00341868 -0.0101871 -0.016196 -0.0212202 -0.0250811 -0.0276968 -0.0291307 -0.0294845 -0.0289516 -0.0276501 -0.0258259 -0.0236526 -0.0213732 -0.0190645 -0.0168445 -0.0147843 -0.0129631 -0.0113933 -0.0100166 -0.00886484 -0.00790173 -0.00713986 -0.00647332 -0.00592506 -0.00548164 -0.00511664 -0.00479896 -0.00450375 -0.00428999 -0.00408146 -0.00389544 -0.00372436 -0.00358864 -0.00346512 -0.00332229 -0.00322885 -0.00312843 -0.00303303 -0.00294241 -0.00286596 -0.00280152 -0.00271063 -0.00265952 -0.00260023 -0.00253145 -0.00248775 -0.00243566 -0.00239429 -0.00234284 -0.00230916 -0.00228049 -0.0022275 -0.00220472 -0.0021705 -0.00213566 -0.00211893 -0.00207443 -0.00205441 -0.00204543 -0.00201229 -0.00199213 -0.00197762 -0.00196497 -0.00194183 -0.00191843 -0.00191865 -0.00189674 -0.00187661 -0.00188481 -0.00186556 -0.00184841 -0.00185463 -0.00184074 -0.00183106 -0.00183407 -0.00182077 -0.00181309 -0.00181933 -0.0018148 
0 1.47554e-05 6.04249e-05 7.71132e-05 9.27248e-05 0.000141928 0.000159606 0.000175024 0.000222253 0.000236387 0.000251932 0.000297113 0.000326456 0.000356051 0.000383353 0.000414935 0.000445585 0.000456898 0.0005169 0.000562053 0.000557423 0.000608306 0.000656124 0.000694669 0.000738161 0.000753661 0.000816838 0.00086364 0.000895462 0.000957579 0.000993436 0.00106169 0.00111443 0.00116468 0.00124363 0.00129169 0.00137441 0.00143985 0.00151579 0.00160971 0.001679 0.0017917 0.00188279 0.00199581 0.00211451 0.0022383 0.00239338 0.00252527 0.00271025 0.00289404 0.00310499 0.00333909 0.00360889 0.00394331 0.00429247 0.0047411 0.00526649 0.00591848 0.00667826 0.00760751 0.00875466 0.0101028 0.0116939 0.0135134 0.0156217 0.0179177 0.0203581 0.0228259 0.0252364 0.0273995 0.0290846 0.0300897 0.0302103 0.0293045 0.0271698 0.0237485 0.0190191 0.013161 0.00634498 -0.00112544 -0.0089494 -0.0167005 -0.023979 -0.0303903 -0.0356531 -0.0395669 -0.0420241 -0.0430103 -0.0425884 -0.0409339 -0.0382573 -0.034836 -0.0309014 -0.0267056 -0.0224129 -0.0181967 -0.0141251 -0.0102707 -0.00659534 -0.00307777 0.000394499 0.003885 0.00751403 0.0113171 0.0153529 0.0195714 0.0239295 0.0282757 0.0324676 0.0362669 0.0394505 0.0417314 0.0428779 0.0426727 0.0410096 0.0378483 0.0332497 0.0273542 0.0203956 0.0127226 0.00472757 -0.00315315 -0.0105804 -0.0172168 -0.0228433 -0.0272231 -0.0303053 -0.0320819 -0.0327201 -0.0323358 -0.0311246 -0.0292651 -0.0270055 -0.024553 -0.0220369 -0.0195832 -0.0172619 -0.0151981 -0.0133619 -0.011783 -0.0104113 -0.00928582 -0.00835216 -0.00756541 -0.00691643 -0.00636899 -0.00594143 -0.0055445 -0.00522667 -0.00494324 -0.00470723 -0.00449289 -0.00428938 -0.00413741 -0.00396838 -0.00383909 -0.00370227 -0.00358966 -0.00348663 -0.00337205 -0.00329751 -0.00319525 -0.0031253 -0.00304718 -0.00297135 -0.0029213 -0.00284118 -0.00279982 -0.00274194 -0.00269147 -0.00265245 -0.00258897 -0.00257254 -0.00252711 -0.00247783 -0.00244887 -0.00240756 -0.00240698 -0.0023624 -0.00230855 -0.00231441 -0.00229509 -0.00226752 -0.00223973 -0.00221968 -0.0022116 -0.00217595 -0.00217597 -0.00217665 -0.00213228 -0.00213659 -0.00213858 -0.00210182 -0.00210898 -0.00211015 -0.00208257 -0.00208929 -0.00209062 -0.00207012 -0.00207908 
0 3.98301e-05 5.17622e-05 9.4704e-05 0.000121255 0.000135247 0.000178972 0.00020469 0.000236387 0.000279232 0.000303554 0.000337557 0.00036046 0.000384953 0.000430734 0.00046483 0.000508528 0.00054909 0.000572934 0.000605706 0.00065209 0.000709705 0.000729922 0.000757436 0.000830317 0.000871107 0.000918988 0.000977317 0.00101984 0.00108253 0.00113892 0.00119761 0.0012522 0.00132052 0.00140102 0.00145759 0.00154806 0.00163644 0.00171847 0.00181785 0.0019188 0.00203404 0.00213544 0.0022679 0.00240509 0.00254115 0.00270526 0.00287712 0.00307997 0.00328571 0.00353624 0.00381719 0.00413504 0.00451187 0.00494501 0.005478 0.00609797 0.00686132 0.0077682 0.00887154 0.0101924 0.0117503 0.0135687 0.0156386 0.0179738 0.0204888 0.0231262 0.0257493 0.0282489 0.0304126 0.0320284 0.0328695 0.0327482 0.0314989 0.0289588 0.0250659 0.019833 0.0134356 0.00606854 -0.00195885 -0.010333 -0.0186138 -0.0263954 -0.0332596 -0.0389287 -0.0431783 -0.0459097 -0.0470737 -0.0467408 -0.0450564 -0.0422591 -0.0386164 -0.0344002 -0.0298526 -0.0251712 -0.0205155 -0.0159868 -0.011647 -0.00749017 -0.00347895 0.000476063 0.00446157 0.00857589 0.012872 0.0173772 0.022052 0.0268197 0.0315421 0.0360444 0.0400994 0.0434447 0.0458012 0.0469056 0.0465672 0.0446693 0.0412085 0.0362363 0.0299203 0.0224865 0.0143087 0.00577933 -0.00264929 -0.0106311 -0.0178191 -0.0239759 -0.028866 -0.0324104 -0.0346007 -0.0355603 -0.0354209 -0.0343575 -0.032575 -0.0302942 -0.0277418 -0.0250612 -0.0224102 -0.0198701 -0.0175543 -0.0154716 -0.0136571 -0.0120883 -0.0107626 -0.00965499 -0.00872616 -0.00796632 -0.00731825 -0.00679164 -0.00633851 -0.00596643 -0.00563477 -0.0053473 -0.00510781 -0.00488218 -0.00468679 -0.00449877 -0.00434988 -0.00419538 -0.00405203 -0.00393667 -0.00381886 -0.00371427 -0.00360828 -0.00353326 -0.00344431 -0.00335737 -0.00330094 -0.00322493 -0.00315856 -0.00309515 -0.00304304 -0.00298623 -0.00292782 -0.00289167 -0.00283193 -0.00280304 -0.00278308 -0.00272116 -0.00268632 -0.00267005 -0.00264623 -0.00260399 -0.00256407 -0.00254844 -0.00252236 -0.0025102 -0.00249658 -0.00246636 -0.00245655 -0.00243254 -0.00241754 -0.00241665 -0.002389 -0.00238695 -0.00237952 -0.00235266 -0.00236694 -0.00235942 -0.00234296 -0.00235874 -0.00233792 
0 4.57956e-05 4.64511e-05 0.00010204 0.000142081 0.000151927 0.000209975 0.000236867 0.000251932 0.000303554 0.000330286 0.000369373 0.000417535 0.000443999 0.000491631 0.000520365 0.000545486 0.000606084 0.000641396 0.000677402 0.000734968 0.000777915 0.000821972 0.000871342 0.000929088 0.000974919 0.00101469 0.00108728 0.00114052 0.00119262 0.0012775 0.00133599 0.00140411 0.00149348 0.00156725 0.00164479 0.00173233 0.00183517 0.00192216 0.00201995 0.00215347 0.00226301 0.00238859 0.00254096 0.00269878 0.00286022 0.00303489 0.00325689 0.00347131 0.00370973 0.00399869 0.00432425 0.004694 0.00511173 0.0056421 0.0062565 0.00698733 0.00787066 0.0089443 0.0102355 0.0117398 0.0135237 0.0155709 0.0178946 0.0204298 0.0231405 0.0259272 0.0286545 0.0311655 0.0332463 0.0347105 0.0353099 0.0348823 0.0332279 0.030258 0.0258927 0.0202046 0.0133274 0.00550286 -0.00298121 -0.0117754 -0.0204613 -0.0286243 -0.0358515 -0.0418594 -0.0464061 -0.0493949 -0.0507451 -0.0505355 -0.0488732 -0.0460223 -0.0422222 -0.0377885 -0.0329368 -0.0279112 -0.0228409 -0.0178769 -0.013053 -0.00841523 -0.00389433 0.000553046 0.00505113 0.00965286 0.0144441 0.0194004 0.02451 0.0296451 0.0346978 0.039446 0.0436905 0.0471225 0.0494921 0.0505053 0.0500116 0.0478815 0.0441481 0.0388573 0.0322018 0.0244096 0.0158572 0.00693648 -0.00191934 -0.0103403 -0.0179957 -0.0246069 -0.029979 -0.0339825 -0.0366298 -0.0379622 -0.0381408 -0.0373037 -0.0356888 -0.0334753 -0.0308935 -0.0281122 -0.025306 -0.0225924 -0.0200398 -0.0177267 -0.01567 -0.0139049 -0.0123691 -0.0110739 -0.00998987 -0.00909859 -0.00834498 -0.00769732 -0.00717975 -0.00673445 -0.00635069 -0.00600328 -0.00572565 -0.00548048 -0.00523656 -0.00503769 -0.00486152 -0.00470068 -0.00453358 -0.00440171 -0.00428754 -0.00414943 -0.00404262 -0.00394662 -0.00384634 -0.00374775 -0.00366723 -0.00359961 -0.00350962 -0.00345 -0.00339773 -0.00332251 -0.00327946 -0.00323247 -0.00317082 -0.0031248 -0.00308539 -0.00304482 -0.0029925 -0.00296262 -0.00293756 -0.00288957 -0.00287577 -0.00285627 -0.00281496 -0.00279859 -0.00276625 -0.0027457 -0.0027381 -0.0027025 -0.00270154 -0.00268948 -0.00265067 -0.00266822 -0.00265672 -0.0026231 -0.00264296 -0.00261882 -0.00259451 -0.00262471 -0.00260541 
0 2.9053e-05 7.91937e-05 0.000108442 0.000138387 0.000186372 0.000220053 0.000253361 0.000297113 0.000337557 0.000369373 0.000401759 0.000455226 0.000495423 0.000524124 0.000587052 0.000624675 0.000647734 0.000719695 0.00077066 0.00079954 0.000849579 0.000904597 0.000973688 0.00102342 0.00106471 0.00114084 0.00120831 0.00126566 0.0013322 0.00140636 0.00148385 0.00155363 0.00164384 0.00173468 0.00181508 0.00192515 0.00203325 0.0021339 0.00225651 0.00238994 0.00252315 0.0026579 0.00282618 0.00300394 0.00317245 0.0033834 0.00362036 0.00386984 0.00414246 0.00447294 0.00486134 0.00527532 0.00578011 0.00639195 0.00712018 0.00796764 0.00899242 0.0102508 0.0117199 0.0134403 0.015427 0.0177211 0.0202533 0.0229772 0.0258315 0.028715 0.0314809 0.0339106 0.0358443 0.0370528 0.0373637 0.0365408 0.0344658 0.0310275 0.0262302 0.0201211 0.0128518 0.00465973 -0.00416481 -0.0132462 -0.0222144 -0.0306274 -0.0381399 -0.0443996 -0.0492232 -0.0524264 -0.0539945 -0.0539133 -0.0523536 -0.0494874 -0.0456257 -0.0410095 -0.035934 -0.0305794 -0.0251525 -0.0197469 -0.0144733 -0.00932703 -0.00431235 0.000665785 0.00566231 0.0107818 0.0160376 0.0214546 0.026945 0.0324351 0.0377407 0.0427002 0.0470358 0.0505095 0.0528 0.0537033 0.0530061 0.0506736 0.0466719 0.0411379 0.0342044 0.0261793 0.0173681 0.00819872 -0.000962668 -0.00971429 -0.0177397 -0.0247494 -0.030549 -0.0350291 -0.0381377 -0.039924 -0.0404644 -0.0399621 -0.0385784 -0.0365391 -0.033997 -0.031188 -0.0282795 -0.0254165 -0.0226712 -0.0201161 -0.0178407 -0.0158389 -0.0141051 -0.0125943 -0.011344 -0.0103038 -0.00942213 -0.00867156 -0.00805276 -0.00755224 -0.00709617 -0.0067067 -0.00638124 -0.00610078 -0.00583312 -0.00559236 -0.00540166 -0.00520831 -0.00502607 -0.00487225 -0.00473344 -0.00459489 -0.00446278 -0.00436144 -0.00425316 -0.00414499 -0.00406378 -0.00397545 -0.00389042 -0.00381846 -0.00374955 -0.00367828 -0.0036071 -0.0035631 -0.00350931 -0.0034401 -0.00339763 -0.00335927 -0.00332572 -0.00327728 -0.00321928 -0.00320816 -0.00318235 -0.00312844 -0.00310611 -0.00308438 -0.00305441 -0.00303164 -0.00301567 -0.0029995 -0.00296846 -0.00295929 -0.00295439 -0.00291884 -0.00291578 -0.0029182 -0.00288689 -0.00289369 -0.00289906 -0.00286867 -0.00287845 
0 3.66212e-05 8.58045e-05 0.000116566 0.000159551 0.000204013 0.000231079 0.000282281 0.000326456 0.00036046 0.000417535 0.000455226 0.00048773 0.000537868 0.000580184 0.000629628 0.000686656 0.00074189 0.000781717 0.000818013 0.000888602 0.000952693 0.000999654 0.00104913 0.00110787 0.00119406 0.00125587 0.00131307 0.00139522 0.00146715 0.0015508 0.00162716 0.00171295 0.00181039 0.00189835 0.00200959 0.00211338 0.00223235 0.00235631 0.00248315 0.0026356 0.0027743 0.00294245 0.00311908 0.00331043 0.0035175 0.00374211 0.00401483 0.00428662 0.00461174 0.00498496 0.0054199 0.0059124 0.00648988 0.00721153 0.00804128 0.00903837 0.010222 0.0116648 0.0133391 0.0152674 0.0174906 0.0199918 0.0227328 0.0255989 0.0285655 0.0314797 0.0342001 0.0364811 0.0381678 0.0390656 0.0389855 0.0377376 0.0351813 0.0312952 0.0260673 0.0196045 0.0120066 0.003551 -0.00550089 -0.01475 -0.0238682 -0.0324341 -0.0401239 -0.0465902 -0.0516243 -0.0550483 -0.0568119 -0.0569172 -0.0554818 -0.0526943 -0.0488083 -0.0441014 -0.0388256 -0.0332139 -0.0274338 -0.0216368 -0.0158962 -0.0102696 -0.004726 0.000766143 0.0062976 0.0119092 0.0176495 0.02348 0.0293495 0.0351249 0.0406607 0.0457395 0.0501254 0.0535394 0.0557179 0.0564382 0.0555466 0.0529898 0.0487758 0.04303 0.0359204 0.0277502 0.0188172 0.00952096 0.000186627 -0.00877793 -0.0170821 -0.024404 -0.0306002 -0.0355143 -0.0391183 -0.0413698 -0.0423641 -0.0422443 -0.0411958 -0.0393949 -0.0369947 -0.0342329 -0.0312805 -0.0283232 -0.0254062 -0.0226641 -0.0201531 -0.0179362 -0.0159761 -0.014265 -0.0128256 -0.0116112 -0.0105986 -0.00971767 -0.00900691 -0.00840361 -0.00788954 -0.00744104 -0.00705848 -0.00673976 -0.00643172 -0.00617599 -0.00593769 -0.00573116 -0.00553382 -0.00535317 -0.00520147 -0.00504247 -0.00491293 -0.0047805 -0.00466563 -0.00455872 -0.00444969 -0.00436367 -0.00426623 -0.00418461 -0.00410391 -0.00403229 -0.00396788 -0.00388352 -0.00383416 -0.00378944 -0.00373043 -0.00367284 -0.00361866 -0.00359516 -0.00355826 -0.00350155 -0.00345771 -0.00342815 -0.00340896 -0.00337221 -0.00334655 -0.00332979 -0.00328911 -0.00327341 -0.00326228 -0.00323271 -0.00322464 -0.00320813 -0.00318532 -0.00318205 -0.00317129 -0.00316405 -0.00316262 -0.00315141 -0.00314729 
0 4.12109e-05 9.15405e-05 0.000125571 0.00017379 0.000223797 0.000256612 0.000311724 0.000356051 0.000384953 0.000443999 0.000495423 0.000537868 0.000599118 0.000648085 0.000684355 0.000734377 0.000793486 0.000847276 0.000912327 0.000975047 0.00102048 0.00109591 0.00116326 0.00121762 0.00130194 0.0013563 0.00142829 0.0015267 0.00159694 0.00168805 0.00177922 0.00188354 0.00198271 0.00207705 0.00221135 0.0023103 0.00243731 0.00258249 0.00271375 0.00287807 0.0030338 0.00323144 0.00341916 0.00362919 0.00388023 0.00412435 0.00442704 0.00473644 0.00511522 0.00553542 0.00601918 0.00660355 0.00726831 0.00809941 0.00905012 0.0102114 0.0115769 0.013204 0.0150961 0.0172418 0.0196983 0.0223868 0.0252995 0.0282792 0.0312987 0.0341785 0.0367608 0.0388213 0.0401798 0.0406961 0.0401538 0.038435 0.0353826 0.0310557 0.0254343 0.0186656 0.0108269 0.00220034 -0.00695443 -0.016263 -0.0254069 -0.0340319 -0.0418028 -0.0484184 -0.053612 -0.0572443 -0.0592008 -0.0595256 -0.0582572 -0.0556125 -0.051764 -0.04703 -0.0416055 -0.0357813 -0.0296813 -0.0235167 -0.0173226 -0.0112185 -0.0051423 0.000872412 0.00694379 0.0130473 0.0192609 0.0254837 0.0317007 0.037719 0.0434337 0.0485683 0.052939 0.0562231 0.0582357 0.0587282 0.05763 0.054849 0.0504608 0.0445507 0.0373525 0.0291256 0.020193 0.0108811 0.00150794 -0.00756197 -0.0160367 -0.0236039 -0.0301375 -0.0354587 -0.0395477 -0.0422916 -0.0437958 -0.0441258 -0.0434906 -0.0420016 -0.0398412 -0.0372066 -0.0342883 -0.0312797 -0.0282435 -0.0253483 -0.0226245 -0.0201911 -0.0179989 -0.0160902 -0.0144448 -0.013041 -0.0118717 -0.0108575 -0.0100354 -0.00931287 -0.00872763 -0.00821357 -0.00776988 -0.0073959 -0.00705141 -0.00677584 -0.00649174 -0.00626636 -0.00605646 -0.0058551 -0.0056821 -0.00550764 -0.00537528 -0.00521336 -0.00508512 -0.00497558 -0.00484178 -0.00474511 -0.00464384 -0.00455805 -0.00446355 -0.00438366 -0.00433091 -0.00423901 -0.00417882 -0.00412133 -0.00404741 -0.00400734 -0.00394766 -0.00388848 -0.00384984 -0.00380953 -0.00377585 -0.00374212 -0.00370673 -0.00366289 -0.00363302 -0.0036163 -0.00357971 -0.00355912 -0.00354385 -0.00350749 -0.00349709 -0.00349504 -0.00347289 -0.00346197 -0.00345241 -0.00342938 -0.00341888 -0.00342331 -0.0034215 
0 3.88675e-05 9.96442e-05 0.000137654 0.000185413 0.000242165 0.000280873 0.000335332 0.000383353 0.000430734 0.000491631 0.000524124 0.000580184 0.000648085 0.00067859 0.000754655 0.000826154 0.00084935 0.000924337 0.00100081 0.00104426 0.00110558 0.00117804 0.00126282 0.00132703 0.0013978 0.00149232 0.00156238 0.0016606 0.00174749 0.00181993 0.00194376 0.00203813 0.00213854 0.00226626 0.00238927 0.00252489 0.00265078 0.00282083 0.00297655 0.00312756 0.00333478 0.00352299 0.00373706 0.00396575 0.00423691 0.00452943 0.00482955 0.00521967 0.00563293 0.00612015 0.00667611 0.00734849 0.00814889 0.00906573 0.010195 0.011509 0.0130867 0.0148973 0.017002 0.0193865 0.0220262 0.0249056 0.0279077 0.03099 0.0339666 0.0367519 0.0390991 0.0408625 0.0418344 0.041881 0.0408497 0.0385954 0.0350886 0.030306 0.0243735 0.0173227 0.00936163 0.000641109 -0.00848111 -0.0177536 -0.0268107 -0.0354017 -0.043175 -0.0498646 -0.0551901 -0.058991 -0.0611682 -0.0617087 -0.0606806 -0.0582006 -0.0544857 -0.0497471 -0.0442649 -0.0382337 -0.0318888 -0.0253424 -0.0187512 -0.0121355 -0.00556663 0.0010153 0.0075879 0.0142197 0.0208527 0.027485 0.0339762 0.0402343 0.046037 0.0512058 0.0554608 0.0585895 0.0603521 0.0606128 0.0592646 0.0562906 0.0517389 0.0457349 0.0385127 0.0303224 0.0214909 0.0122626 0.00298108 -0.00610317 -0.0146227 -0.0223941 -0.0291728 -0.0349017 -0.0394155 -0.042703 -0.0447255 -0.0455968 -0.0454218 -0.0443314 -0.0424982 -0.0400697 -0.0372846 -0.0342522 -0.031183 -0.0281358 -0.0252631 -0.022587 -0.020181 -0.0180597 -0.0161935 -0.014603 -0.0132274 -0.0121043 -0.0111233 -0.0103054 -0.00961647 -0.0090384 -0.00854339 -0.00808465 -0.00773047 -0.00739262 -0.00709216 -0.00681954 -0.00658551 -0.00637716 -0.00614867 -0.00598645 -0.00581862 -0.0056529 -0.00551514 -0.00538434 -0.00527086 -0.00513495 -0.00504387 -0.00495031 -0.00483199 -0.00475878 -0.00466746 -0.00458874 -0.00452448 -0.00444169 -0.00438153 -0.00432819 -0.00428487 -0.00421853 -0.00415361 -0.00414267 -0.00408415 -0.00401807 -0.00400738 -0.00396493 -0.00392636 -0.00390638 -0.00387038 -0.00385289 -0.00382658 -0.00380344 -0.00379488 -0.0037552 -0.0037414 -0.00374378 -0.00371306 -0.00371991 -0.00372565 -0.00369085 -0.00369704 
0 5.15067e-05 0.00010202 0.000153332 0.000203902 0.000255979 0.000305368 0.000355956 0.000414935 0.00046483 0.000520365 0.000587052 0.000629628 0.000684355 0.000754655 0.000799768 0.000868405 0.000947149 0.00100046 0.00105924 0.00112502 0.00121783 0.00129471 0.00133965 0.00142949 0.00152285 0.00160609 0.00169266 0.00177904 0.00189142 0.00198478 0.00209713 0.00221635 0.00231758 0.0024631 0.00259101 0.00272746 0.00288303 0.00304619 0.00322738 0.0033932 0.0036182 0.00383623 0.0040602 0.00433518 0.0046255 0.00495668 0.00529585 0.00573178 0.00621212 0.00674731 0.00739938 0.00816562 0.00909133 0.0101379 0.0114294 0.0129446 0.0147132 0.0167426 0.0190554 0.0216727 0.0244883 0.0275041 0.0305842 0.0336793 0.036577 0.0391529 0.0412103 0.042582 0.0431104 0.0426237 0.0410515 0.0382591 0.0342872 0.0291078 0.0228773 0.0156395 0.00760395 -0.00107742 -0.0100962 -0.0192061 -0.0281128 -0.0365643 -0.0442814 -0.0509699 -0.0563942 -0.0603401 -0.0627398 -0.0635192 -0.0627595 -0.0605011 -0.056961 -0.052288 -0.0467821 -0.0406068 -0.034032 -0.027152 -0.020159 -0.0130642 -0.0059825 0.00114245 0.00823753 0.015366 0.0224248 0.0294183 0.0361702 0.0426033 0.0484605 0.0535881 0.0576835 0.0605899 0.0620688 0.0620606 0.0604524 0.0572923 0.0526028 0.0465665 0.0393779 0.0313221 0.022657 0.0136345 0.00452184 -0.00443464 -0.0129331 -0.0207924 -0.0277848 -0.0338363 -0.0387651 -0.042563 -0.0451386 -0.0465875 -0.0469271 -0.0463139 -0.0448671 -0.0427595 -0.0401606 -0.0372145 -0.0341403 -0.031024 -0.0280223 -0.0251452 -0.0225371 -0.0201918 -0.0181262 -0.0163116 -0.0147488 -0.013459 -0.0123304 -0.0113874 -0.0105749 -0.00992324 -0.00934002 -0.0088251 -0.0084105 -0.00803104 -0.00770335 -0.0073856 -0.00714022 -0.00689887 -0.00666305 -0.00647699 -0.00628751 -0.00612327 -0.00595159 -0.00581671 -0.00568381 -0.00554043 -0.00543841 -0.00531682 -0.00521804 -0.00512765 -0.00502942 -0.00494599 -0.00486217 -0.00481042 -0.00473162 -0.00464221 -0.00459845 -0.00454997 -0.00449646 -0.00442794 -0.00437631 -0.00435613 -0.00430376 -0.00426313 -0.0042413 -0.00419585 -0.00416358 -0.00414075 -0.00411335 -0.00409085 -0.00406814 -0.00405216 -0.00403391 -0.00401556 -0.00400907 -0.00399487 -0.00398241 -0.00398273 -0.00397322 
0 6.15272e-05 0.000106311 0.000168758 0.00021811 0.000267519 0.000336205 0.000382802 0.000445585 0.000508528 0.000545486 0.000624675 0.000686656 0.000734377 0.000826154 0.000868405 0.000920401 0.00101137 0.00106361 0.00115336 0.00123425 0.00129018 0.00138186 0.00145604 0.00155666 0.00163938 0.00170912 0.00183314 0.00191747 0.00203093 0.00215113 0.00224792 0.00239606 0.00250984 0.0026541 0.00280313 0.0029407 0.00312855 0.00328525 0.00348583 0.00368692 0.00390581 0.00416409 0.00440202 0.0047176 0.00503411 0.00539564 0.00580548 0.00627229 0.00683662 0.007437 0.00819778 0.00907895 0.010126 0.0113482 0.0127987 0.0145369 0.016492 0.0187508 0.0212703 0.024083 0.0270572 0.0301464 0.0332729 0.0362867 0.0390437 0.041315 0.0430161 0.0439247 0.043946 0.0428924 0.040742 0.0374358 0.033004 0.0274967 0.021 0.0136699 0.00562318 -0.00290325 -0.0117408 -0.0205886 -0.0292764 -0.0375087 -0.0451023 -0.0517338 -0.0572127 -0.0612942 -0.063906 -0.0649539 -0.0644751 -0.062496 -0.0591596 -0.0546247 -0.0491235 -0.0428713 -0.0360806 -0.0289193 -0.0215212 -0.0139849 -0.00637368 0.00126404 0.00889903 0.0164877 0.0239776 0.0312813 0.0382817 0.0448227 0.0507061 0.0557169 0.0596217 0.0622421 0.063421 0.0631056 0.0612423 0.0578932 0.0531037 0.0470799 0.039991 0.0321421 0.023712 0.014986 0.00612013 -0.00259452 -0.010999 -0.0188429 -0.0260053 -0.0322981 -0.0376235 -0.0418865 -0.0450377 -0.0470771 -0.0479913 -0.0479151 -0.0469254 -0.0452281 -0.0428879 -0.0401319 -0.0370991 -0.0339891 -0.0308815 -0.027859 -0.0250545 -0.022488 -0.020221 -0.0181699 -0.0164243 -0.0149232 -0.0136508 -0.0125579 -0.0116219 -0.0108713 -0.0101888 -0.00962954 -0.00912785 -0.00871275 -0.00834045 -0.00798992 -0.00771673 -0.00743098 -0.00720297 -0.00697271 -0.0067682 -0.00659547 -0.00640064 -0.0062598 -0.00609475 -0.00596371 -0.00584129 -0.00570126 -0.00561433 -0.00549101 -0.00540458 -0.00532452 -0.00521299 -0.00514847 -0.00506727 -0.00500604 -0.00493247 -0.00484787 -0.00481854 -0.00474932 -0.00470499 -0.00467884 -0.00459845 -0.00457048 -0.00454044 -0.00448951 -0.00447578 -0.00443264 -0.0043981 -0.00438251 -0.00434939 -0.00434569 -0.00433092 -0.00430018 -0.00429722 -0.00427268 -0.00425228 -0.00426564 -0.00425489 
0 6.32997e-05 9.91657e-05 0.000176341 0.000244988 0.00028419 0.00036596 0.000422399 0.000456898 0.00054909 0.000606084 0.000647734 0.00074189 0.000793486 0.00084935 0.000947149 0.00101137 0.00108405 0.00115214 0.00122028 0.00132433 0.00138312 0.00146143 0.00158553 0.00165974 0.00174958 0.0018628 0.00196644 0.00207418 0.00217682 0.00230716 0.00242482 0.00255142 0.00271205 0.00284312 0.00300806 0.00318776 0.00336087 0.00355826 0.00375907 0.00399585 0.00422672 0.00448795 0.00478969 0.0051001 0.00546884 0.0058657 0.0063381 0.00687253 0.00748839 0.0082211 0.00906844 0.0100975 0.0112803 0.01269 0.0143417 0.0162647 0.0184568 0.0209056 0.0236504 0.0265981 0.0296983 0.0328197 0.0359078 0.0387887 0.0412817 0.0432167 0.0444487 0.0448697 0.0442992 0.0426766 0.0399315 0.036136 0.0312873 0.025488 0.0188135 0.0114351 0.00349682 -0.004829 -0.0133617 -0.0219169 -0.0302774 -0.0382668 -0.0456391 -0.0521955 -0.0576633 -0.0618882 -0.0646889 -0.0660323 -0.0658419 -0.0641821 -0.0610842 -0.0567363 -0.051288 -0.0449995 -0.0380353 -0.0306156 -0.0228434 -0.014873 -0.00675523 0.00139472 0.00954679 0.0175897 0.0254794 0.0330726 0.0402778 0.0468877 0.0527448 0.0575896 0.0612613 0.0635546 0.0644173 0.0637665 0.0616606 0.0581109 0.0532745 0.0472781 0.0403783 0.0327597 0.0246669 0.0162635 0.00776338 -0.000668238 -0.00885319 -0.0166359 -0.0238626 -0.0303569 -0.0360125 -0.0407096 -0.0444215 -0.0470424 -0.048591 -0.0490732 -0.048644 -0.0473843 -0.0454299 -0.0429159 -0.040035 -0.0369713 -0.0338151 -0.0307053 -0.0277131 -0.0249685 -0.0224555 -0.020215 -0.0182414 -0.0165382 -0.0150885 -0.0138318 -0.0127854 -0.0118794 -0.0111291 -0.0104777 -0.00991631 -0.00943576 -0.00900579 -0.00864698 -0.00829679 -0.00800243 -0.00773853 -0.00748653 -0.00726372 -0.00705282 -0.00688207 -0.00669379 -0.0065333 -0.00640174 -0.00624625 -0.00612496 -0.00600467 -0.00588453 -0.00577388 -0.00567628 -0.0055963 -0.00548009 -0.00540628 -0.00535861 -0.00526142 -0.00520053 -0.00514884 -0.00508353 -0.00502956 -0.00495848 -0.00492705 -0.00489458 -0.00482284 -0.00479888 -0.00477225 -0.00472477 -0.00471341 -0.00468898 -0.00464998 -0.00462376 -0.00460092 -0.00458678 -0.00457377 -0.00457253 -0.0045691 -0.004546 -0.00453975 
