0 0 0 0 0 0 0 0 0 0 0 0 0 0 0 0 0 0 0 0 0 0 0 0 0 0 0 0 0 0 0 0 0 0 0 0 0 0 0 0 0 0 0 0 0 0 0 0 0 0 0 0 0 0 0 0 0 0 0 0 0 0 0 0 0 0 0 0 0 0 0 0 0 0 0 0 0 0 0 0 0 0 0 0 0 0 0 0 0 0 0 0 0 0 0 0 0 0 0 0 0 0 0 0 0 0 0 0 0 0 0 0 0 0 0 0 0 0 0 0 0 0 0 0 0 0 0 0 0 0 0 0 0 0 0 0 0 0 0 0 0 0 0 0 0 0 0 0 0 0 0 0 0 0 0 0 0 0 0 0 0 0 0 0 0 0 0 0 0 0 0 0 0 0 0 0 0 0 0 0 0 0 0 0 0 0 0 0 0 0 0 0 0 0 0 0 0 0 0 0 
0 7.16082e-06 3.37091e-06 7.69053e-06 2.58118e-05 2.43047e-05 3.04076e-05 4.71288e-05 2.68046e-05 3.09571e-05 5.78943e-05 4.59512e-05 6.22484e-05 8.535e-05 6.4511e-05 6.45055e-05 8.08446e-05 9.76509e-05 9.77669e-05 8.00366e-05 0.000111594 0.000129425 0.000116504 0.000139044 0.000137813 0.000138763 0.00016264 0.000158098 0.000167011 0.000184563 0.000197547 0.000208725 0.000216347 0.000243527 0.000250138 0.000254756 0.000284273 0.000295956 0.000306129 0.00033007 0.000359885 0.000381837 0.000401801 0.000445987 0.000486947 0.00051619 0.000565541 0.000630598 0.000697115 0.000766601 0.0008649 0.00100021 0.00114274 0.00131687 0.00154002 0.00181528 0.00212373 0.00245694 0.00284515 0.00325315 0.00365811 0.00400873 0.00430281 0.00450505 0.00455668 0.0044199 0.00405937 0.00350642 0.00273551 0.00178203 0.000651059 -0.000564241 -0.00179969 -0.00297501 -0.00404038 -0.00495306 -0.00564995 -0.00611336 -0.00630549 -0.00627932 -0.00603958 -0.00566781 -0.00516345 -0.0046001 -0.00397655 -0.00336662 -0.00277348 -0.00225324 -0.00179378 -0.00141907 -0.00110455 -0.000855873 -0.000652616 -0.000495362 -0.000372592 -0.000281238 -0.000215402 -0.000167919 -0.000136358 -0.000111166 -9.22826e-05 -6.93772e-05 -4.28231e-05 -2.3656e-06 5.32617e-05 0.000132788 0.000240245 0.000380872 0.000563223 0.000789156 0.00107565 0.0014214 0.00185015 0.00234665 0.0029257 0.00354063 0.00418862 0.00479938 0.00537138 0.00583234 0.00618375 0.00634261 0.00629994 0.00598542 0.00542502 0.00461722 0.00362628 0.00248383 0.00124236 -3.27614e-05 -0.0012697 -0.00236881 -0.00330279 -0.00402532 -0.00455722 -0.00485547 -0.004946 -0.00484653 -0.00462573 -0.00431884 -0.00393731 -0.00352325 -0.00310663 -0.00273783 -0.00239018 -0.00207408 -0.00180075 -0.00158487 -0.00140868 -0.00124247 -0.00111355 -0.00101855 -0.000939966 -0.000860894 -0.000797921 -0.000763293 -0.000721288 -0.00067584 -0.000650149 -0.000630319 -0.000602967 -0.000571181 -0.000559166 -0.000544859 -0.000510682 -0.000500738 -0.000490459 -0.000469197 -0.000456723 -0.000449147 -0.000447555 -0.000426275 -0.00042231 -0.000425496 -0.000400238 -0.000403312 -0.000391321 -0.000367723 -0.000384923 -0.000379207 -0.000359588 -0.00035263 -0.000363077 -0.000378719 -0.000344646 -0.000332259 -0.000351454 -0.000331029 -0.000334942 -0.000346085 -0.000327819 -0.000332514 -0.000328207 -0.000323401 -0.000334248 -0.000317633 -0.000319508 -0.000330061 -0.000313358 -0.000323032 
0 3.37091e-06 3.47803e-05 2.88418e-05 2.90562e-05 5.44483e-05 4.61179e-05 5.53757e-05 9.49415e-05 9.55376e-05 9.20885e-05 0.000117087 0.000113018 0.000105676 0.000149433 0.000169168 0.000156872 0.000176588 0.000188878 0.000208993 0.000231351 0.000210841 0.000234591 0.000270355 0.0002697 0.000293918 0.000312802 0.00033816 0.000352551 0.000363762 0.000407055 0.000401567 0.000429715 0.000476567 0.000478608 0.000523012 0.00055651 0.000600507 0.000631429 0.000664305 0.000742464 0.000761416 0.000819695 0.000891346 0.00095897 0.00103977 0.00111353 0.00126412 0.00138348 0.00154093 0.00174917 0.00200459 0.00232127 0.00265456 0.00312637 0.00365634 0.00427781 0.00494919 0.00570217 0.00652261 0.00728981 0.00800486 0.00855371 0.00895344 0.00902773 0.00874492 0.00803068 0.00690917 0.00539299 0.00347231 0.00126182 -0.00116755 -0.00358699 -0.00593648 -0.00803121 -0.0098468 -0.0112214 -0.012138 -0.0125332 -0.0124754 -0.0120256 -0.01127 -0.0102969 -0.00915348 -0.00794675 -0.00670859 -0.0055607 -0.00449695 -0.00360861 -0.00283251 -0.00222827 -0.00170571 -0.00132109 -0.000984662 -0.000758485 -0.000556392 -0.000441598 -0.000328947 -0.000280976 -0.000213896 -0.000190457 -0.000127986 -8.9182e-05 9.34533e-06 0.000105392 0.000283743 0.000481627 0.000784679 0.00113029 0.0016075 0.00215917 0.0028786 0.00370974 0.00472836 0.00585138 0.00710147 0.00835742 0.00959724 0.0107036 0.0116402 0.0123082 0.0126322 0.0125247 0.0119049 0.0107908 0.00918663 0.00723054 0.004947 0.00250646 -4.2872e-05 -0.00246518 -0.00467673 -0.00651409 -0.00798084 -0.00902846 -0.0096387 -0.00983561 -0.00964755 -0.0092377 -0.00860886 -0.00788252 -0.00704165 -0.0062375 -0.00548225 -0.00478916 -0.00416706 -0.00360672 -0.00319252 -0.002811 -0.0025087 -0.0022393 -0.00205161 -0.00190054 -0.00173121 -0.00163051 -0.00152707 -0.00145807 -0.00136028 -0.00129447 -0.00126292 -0.0011828 -0.00114667 -0.00110346 -0.00107759 -0.00103691 -0.000995114 -0.00100008 -0.000947585 -0.000924635 -0.00091552 -0.000876331 -0.000861188 -0.000836195 -0.000829887 -0.000803349 -0.000782212 -0.000803725 -0.000771509 -0.000749372 -0.000753089 -0.000734801 -0.000738181 -0.000713943 -0.000680853 -0.000702624 -0.000710112 -0.000685801 -0.000680849 -0.000683249 -0.000663665 -0.000656284 -0.000670517 -0.000657396 -0.000645411 -0.000656593 -0.000648806 -0.000643884 -0.000649384 -0.000642971 -0.000642996 
0 7.69053e-06 2.88418e-05 4.13734e-05 5.67606e-05 7.7104e-05 8.7145e-05 0.000100895 0.000115394 0.000125456 0.000144229 0.000165538 0.000181989 0.000197796 0.000214032 0.000226061 0.0002427 0.000270108 0.000283583 0.000297566 0.000329699 0.000347696 0.000368477 0.000398533 0.000413325 0.000437469 0.000468533 0.000493634 0.000519459 0.000553157 0.000594905 0.000620746 0.000659537 0.000710898 0.00074125 0.000785548 0.000840311 0.000891986 0.00094153 0.00100408 0.0010873 0.00115225 0.00123421 0.00134263 0.00145285 0.00157141 0.00171262 0.00190315 0.00210564 0.00234374 0.0026556 0.00304148 0.00350178 0.00404242 0.00472497 0.00553314 0.00645108 0.00746986 0.00859207 0.00978009 0.0109232 0.0119492 0.0127671 0.0132961 0.0133849 0.0129233 0.0118521 0.0101674 0.00788965 0.00504687 0.00176112 -0.00179951 -0.00539687 -0.00884858 -0.0119714 -0.0146311 -0.0166793 -0.0180252 -0.0186364 -0.0185656 -0.0179199 -0.0168147 -0.0153733 -0.0136932 -0.0118966 -0.0100797 -0.00835927 -0.0067945 -0.00544438 -0.00430036 -0.00336647 -0.00260105 -0.00199591 -0.00151143 -0.00114479 -0.000862311 -0.000662927 -0.000514474 -0.000415638 -0.000335647 -0.000273953 -0.000200961 -0.000116169 1.08661e-05 0.000181628 0.000428007 0.000751411 0.00118478 0.00173044 0.00242658 0.00328182 0.00434081 0.00560795 0.00710568 0.0087919 0.010624 0.0124948 0.0143132 0.0159554 0.0173259 0.0182995 0.0187585 0.0185731 0.0176579 0.0159983 0.013652 0.0107421 0.00739171 0.00376709 3.9271e-05 -0.00354966 -0.00680288 -0.0095523 -0.0117365 -0.0133049 -0.0142396 -0.0145581 -0.0143478 -0.0137515 -0.0128662 -0.0117889 -0.0105914 -0.00940134 -0.00827906 -0.00724848 -0.00631299 -0.0054994 -0.00483606 -0.00427366 -0.00379936 -0.00340299 -0.00310073 -0.00284913 -0.00262106 -0.00244302 -0.00229968 -0.00217782 -0.00205319 -0.00195998 -0.00188713 -0.00180145 -0.00173026 -0.00167122 -0.00161981 -0.00155696 -0.00150685 -0.00147469 -0.00142319 -0.00138507 -0.00135856 -0.00132566 -0.0012937 -0.0012676 -0.00124961 -0.00121763 -0.00119336 -0.00117868 -0.00114923 -0.00113546 -0.00112387 -0.00109871 -0.00108806 -0.00108221 -0.00106842 -0.00105279 -0.00104054 -0.00102892 -0.00101777 -0.00101544 -0.00100767 -0.000996767 -0.000995505 -0.000986619 -0.000980112 -0.000980702 -0.000971747 -0.000970284 -0.000968754 -0.000959343 -0.000966305 
0 2.58118e-05 2.90562e-05 5.67606e-05 8.26266e-05 8.72782e-05 0.000120199 0.00014747 0.000142757 0.000169734 0.000205399 0.00020741 0.000238043 0.000279948 0.000277206 0.000294412 0.000336192 0.000358337 0.000384402 0.000398648 0.00042574 0.000478096 0.000492192 0.00051887 0.00056098 0.000584196 0.000630403 0.000657828 0.000696683 0.000750771 0.000777473 0.000840685 0.000885273 0.000932123 0.00100402 0.00104698 0.00112742 0.00119012 0.00126444 0.00136207 0.00143671 0.00155817 0.00166005 0.00179639 0.00195017 0.00210564 0.00232538 0.00254539 0.00284452 0.00317761 0.00359877 0.00412532 0.00473358 0.00550673 0.00639528 0.00748176 0.00869087 0.0100515 0.0115265 0.0130381 0.0145277 0.0158188 0.0168702 0.017468 0.0175285 0.0168587 0.0154195 0.0131757 0.0101427 0.00642148 0.00211151 -0.00249803 -0.0072125 -0.011696 -0.0157977 -0.0192451 -0.021932 -0.0236884 -0.0245218 -0.0244636 -0.0236485 -0.0222299 -0.0203442 -0.0181664 -0.0158037 -0.0134469 -0.0111682 -0.00912679 -0.00731147 -0.00580897 -0.0045327 -0.00352935 -0.00269088 -0.0020636 -0.00154509 -0.00118724 -0.000892219 -0.000712295 -0.000551765 -0.000462885 -0.00035221 -0.000272477 -0.000130581 2.14016e-05 0.000278541 0.000589149 0.00105028 0.00161008 0.0023696 0.00328179 0.00445583 0.00584907 0.00756067 0.00951854 0.0117585 0.0141358 0.0165987 0.0189549 0.0211083 0.022873 0.0241227 0.0246806 0.0244 0.0231918 0.0210115 0.0179702 0.0141526 0.00980033 0.00505096 0.000229861 -0.00446474 -0.00870107 -0.0123461 -0.0152326 -0.0173268 -0.018602 -0.0190802 -0.0189047 -0.0181623 -0.017067 -0.0156671 -0.0141612 -0.012605 -0.0111286 -0.00976217 -0.00851824 -0.00746006 -0.00652937 -0.00578531 -0.00513111 -0.00461431 -0.00418551 -0.00382495 -0.00354667 -0.00328224 -0.00309706 -0.00290875 -0.00276264 -0.00263539 -0.00250577 -0.00242144 -0.00230981 -0.00223727 -0.00215719 -0.00208027 -0.00203094 -0.00195204 -0.00191349 -0.00185886 -0.00180553 -0.0017788 -0.00172446 -0.00169701 -0.00165902 -0.00162467 -0.00160794 -0.00155658 -0.00153833 -0.00152764 -0.0014941 -0.0014758 -0.00144501 -0.00143846 -0.00144166 -0.00139771 -0.00137747 -0.00138467 -0.00136297 -0.00134748 -0.00134979 -0.00133641 -0.00131869 -0.00131732 -0.00131575 -0.00130263 -0.0012957 -0.00129778 -0.00129322 -0.00128594 -0.00128743 
0 2.43047e-05 5.44483e-05 7.7104e-05 8.72782e-05 0.00011986 0.00014392 0.000153264 0.00020617 0.000235977 0.000236749 0.000279591 0.000296071 0.000304545 0.000359289 0.00039847 0.00042104 0.000433557 0.000471606 0.000535497 0.000540225 0.000566242 0.000622554 0.000643432 0.000701963 0.000747061 0.000775087 0.000840846 0.00088623 0.000934432 0.000984413 0.0010443 0.00111417 0.0011608 0.00124783 0.00133118 0.00140087 0.00150177 0.00160256 0.00171238 0.00181842 0.00195521 0.00210948 0.00225795 0.0024498 0.00267274 0.00293374 0.00323001 0.00359912 0.00405773 0.00459595 0.00525432 0.00605593 0.00703127 0.0081721 0.00949994 0.0110187 0.0127021 0.0144942 0.0163134 0.0180686 0.0196155 0.0208005 0.0214424 0.0213904 0.020495 0.0186655 0.0158565 0.0121075 0.00752718 0.00230183 -0.00330893 -0.00901126 -0.0144859 -0.0194567 -0.0236606 -0.0269163 -0.0290808 -0.0301346 -0.0301175 -0.0291771 -0.027472 -0.0252023 -0.0225431 -0.0196846 -0.016792 -0.0140202 -0.0114828 -0.00924955 -0.00734871 -0.00576606 -0.00447874 -0.00344114 -0.00262659 -0.0019903 -0.00151435 -0.00115663 -0.000903603 -0.000713327 -0.000574754 -0.000446636 -0.000319421 -0.000151859 6.65881e-05 0.000378145 0.000795568 0.00136143 0.00209202 0.00303233 0.00420741 0.00566654 0.00743778 0.00955063 0.0119945 0.0147252 0.0176486 0.0206292 0.0235093 0.0261051 0.0282391 0.0297072 0.030332 0.0299352 0.0284284 0.0257764 0.0220696 0.0174444 0.0121332 0.0063895 0.000529685 -0.00514182 -0.0103295 -0.014802 -0.0183926 -0.0210083 -0.0226417 -0.0233443 -0.0232349 -0.0224466 -0.0211562 -0.0195275 -0.0177266 -0.015865 -0.0140466 -0.012348 -0.010825 -0.00948792 -0.00832554 -0.00734846 -0.00653945 -0.00587748 -0.00531271 -0.00485465 -0.00448509 -0.00417266 -0.00390021 -0.00366665 -0.00348772 -0.00330868 -0.00315179 -0.00302301 -0.00290902 -0.0028006 -0.00269182 -0.00262505 -0.00254017 -0.0024568 -0.0024027 -0.00233551 -0.00227603 -0.00221099 -0.0021708 -0.00212439 -0.00206056 -0.00204156 -0.00199689 -0.00196247 -0.00195149 -0.00189343 -0.00186681 -0.00186104 -0.00183239 -0.00179147 -0.00175175 -0.00176602 -0.00175653 -0.00171349 -0.00171973 -0.00169709 -0.00166669 -0.00167731 -0.00165773 -0.00164533 -0.00164484 -0.00162594 -0.00163072 -0.00162348 -0.0016119 -0.00162464 -0.00160753 
0 3.04076e-05 4.61179e-05 8.7145e-05 0.000120199 0.00014392 0.000182874 0.000202905 0.000226649 0.000263467 0.000288518 0.000329489 0.000371593 0.000398414 0.000428539 0.000457176 0.000496046 0.000536395 0.000574124 0.00061653 0.000648302 0.000704981 0.000760306 0.000783349 0.000841144 0.000897293 0.000933215 0.000999187 0.00106278 0.00112068 0.00118839 0.00127009 0.00134847 0.00141332 0.00151312 0.00161034 0.00169114 0.00180538 0.00193265 0.00205817 0.00219131 0.00236443 0.00255648 0.00274417 0.00298129 0.00326893 0.00358984 0.0039562 0.00441678 0.00498927 0.00565454 0.0064582 0.0074496 0.00864324 0.0100246 0.0116107 0.0134228 0.0154136 0.0174965 0.0195779 0.0215606 0.023287 0.0245524 0.0251601 0.0249481 0.0237788 0.0215362 0.018168 0.0137245 0.00835418 0.00228094 -0.00422013 -0.0108241 -0.0171799 -0.0229449 -0.0278263 -0.0316085 -0.0341587 -0.0354394 -0.0354973 -0.0344675 -0.0325339 -0.0299193 -0.0268418 -0.0235215 -0.0201505 -0.0169032 -0.0139066 -0.0112495 -0.00896586 -0.00705681 -0.00549222 -0.00423392 -0.00323782 -0.00246443 -0.00187591 -0.00143767 -0.00111649 -0.000879657 -0.00069615 -0.000534391 -0.000364485 -0.000154934 0.000124951 0.000507806 0.00102628 0.00171472 0.00260982 0.00375085 0.00518214 0.00694627 0.00908208 0.0116047 0.0145009 0.0177069 0.0211188 0.0245819 0.0279175 0.0309129 0.0333493 0.0349928 0.0356358 0.0351043 0.033303 0.0302126 0.025909 0.0205532 0.0143963 0.00775727 0.000987471 -0.00557031 -0.0116096 -0.0168623 -0.0211203 -0.0242638 -0.0262843 -0.0272557 -0.0272876 -0.0265167 -0.025124 -0.0233227 -0.0212974 -0.0191717 -0.0170529 -0.01505 -0.0132457 -0.0116429 -0.0102305 -0.00902432 -0.00803064 -0.00720735 -0.00649931 -0.00591879 -0.00545652 -0.00506957 -0.00472411 -0.00443835 -0.00421804 -0.00400598 -0.00381258 -0.0036567 -0.00352367 -0.00338489 -0.00325383 -0.00316315 -0.00305916 -0.00295429 -0.0028799 -0.00280695 -0.0027321 -0.00266278 -0.00261723 -0.00255867 -0.00249504 -0.00246545 -0.00240906 -0.00235236 -0.00232777 -0.00228797 -0.00224855 -0.00221576 -0.00219072 -0.00217154 -0.00214413 -0.0021225 -0.00208844 -0.00206268 -0.00205899 -0.00203287 -0.00201939 -0.00201494 -0.00198728 -0.00198417 -0.00197761 -0.00195732 -0.0019635 -0.00194752 -0.00193106 -0.00194574 -0.00193439 
0 4.71288e-05 5.53757e-05 0.000100895 0.00014747 0.000153264 0.000202905 0.000257314 0.00026194 0.000307697 0.000361049 0.000369795 0.000419895 0.000475484 0.000495235 0.000539761 0.000584942 0.000633268 0.000685178 0.000707504 0.000765215 0.000831617 0.000866842 0.000927036 0.000984483 0.00104656 0.00111489 0.00116879 0.00125269 0.00131998 0.00139021 0.00149211 0.00156599 0.00166316 0.001774 0.00188024 0.00200178 0.00212385 0.00228157 0.00242909 0.00258887 0.00279899 0.00300876 0.0032502 0.00352891 0.003873 0.00426685 0.00471222 0.00528765 0.00597343 0.00679168 0.00776648 0.00895677 0.0103803 0.0119992 0.0138561 0.0159355 0.0182015 0.0205297 0.0228198 0.0249673 0.0267804 0.0280517 0.0285433 0.0281194 0.0266228 0.0239469 0.02003 0.0149369 0.00885777 0.00202651 -0.0052443 -0.0126382 -0.0197468 -0.0262097 -0.0316791 -0.035941 -0.0388482 -0.0403633 -0.0405238 -0.0394507 -0.0373481 -0.0344459 -0.0310163 -0.0272848 -0.0234926 -0.0198013 -0.0163815 -0.0133065 -0.0106541 -0.00840724 -0.00656902 -0.00507372 -0.00389827 -0.00297198 -0.00227335 -0.00173937 -0.00135225 -0.0010538 -0.000827302 -0.000616766 -0.000405764 -0.000138591 0.000201567 0.000672077 0.0012908 0.00211927 0.00317896 0.00453966 0.00622732 0.00831302 0.0108058 0.0137401 0.0170603 0.0207179 0.0245655 0.0284642 0.032188 0.0355238 0.038195 0.0399592 0.0405764 0.0398872 0.0377989 0.0342991 0.0294698 0.0234682 0.0165879 0.00916654 0.00161495 -0.00572955 -0.0125216 -0.0184915 -0.0233816 -0.0270574 -0.0295031 -0.0307878 -0.0310333 -0.0303496 -0.0289501 -0.0270427 -0.0248546 -0.0225085 -0.0201303 -0.0178554 -0.0157662 -0.0139049 -0.0122363 -0.0108085 -0.00961172 -0.00861355 -0.00776759 -0.00705386 -0.00649503 -0.00601252 -0.00560138 -0.00525406 -0.00496842 -0.00472331 -0.00448091 -0.00429722 -0.00412732 -0.0039642 -0.00382539 -0.00369566 -0.00359179 -0.00347127 -0.00337687 -0.00329853 -0.00319778 -0.00313113 -0.00305733 -0.00298479 -0.00292849 -0.00286513 -0.00282333 -0.0027614 -0.00271077 -0.00269151 -0.00263745 -0.00259443 -0.00256226 -0.00252874 -0.00251565 -0.00246641 -0.00243284 -0.00243958 -0.00240003 -0.00237253 -0.00237666 -0.00234319 -0.00232344 -0.00232651 -0.0023036 -0.00228877 -0.0022895 -0.00227925 -0.00227224 -0.00227049 -0.00226262 
0 2.68046e-05 9.49415e-05 0.000115394 0.000142757 0.00020617 0.000226649 0.00026194 0.000328821 0.000360295 0.000396467 0.000449256 0.000480206 0.00051467 0.000575033 0.000637975 0.00067927 0.000713817 0.000767722 0.000839465 0.000895926 0.000929369 0.000993801 0.00107298 0.00113168 0.00120282 0.00127591 0.00135525 0.00143742 0.00151592 0.00161554 0.00170151 0.00180588 0.00192465 0.00203145 0.00217141 0.00230403 0.00245929 0.00262858 0.00279941 0.00301497 0.00322858 0.00349156 0.00377903 0.00411238 0.00452385 0.0049767 0.0055489 0.00621548 0.00704047 0.00801733 0.00917688 0.0105896 0.0122146 0.0141068 0.0162059 0.0185527 0.0210426 0.0235715 0.0260314 0.0282499 0.0300895 0.03125 0.0315845 0.0308643 0.0290086 0.0258667 0.0214147 0.0157372 0.00901207 0.00154627 -0.00640868 -0.0144349 -0.0221994 -0.0292207 -0.0352198 -0.0398892 -0.0431443 -0.0448886 -0.0451813 -0.0441167 -0.0418982 -0.0387908 -0.0350577 -0.0309981 -0.0268116 -0.0227447 -0.0189012 -0.0154549 -0.0124086 -0.00985282 -0.00770281 -0.00599238 -0.0045975 -0.00353929 -0.0026922 -0.00208334 -0.00159343 -0.00125384 -0.000948334 -0.000709288 -0.000421325 -0.000116828 0.000320019 0.000857596 0.00161423 0.002562 0.00382584 0.00538507 0.0073682 0.00974868 0.0126271 0.0159296 0.0196793 0.0237216 0.0279822 0.0322303 0.0362943 0.0398774 0.0427246 0.0445384 0.0450903 0.0442259 0.0418487 0.0379897 0.0326836 0.0261643 0.0186615 0.0106268 0.00239497 -0.00558732 -0.0130501 -0.0196337 -0.0251183 -0.029322 -0.0322156 -0.0338801 -0.0343785 -0.0338962 -0.0325575 -0.0306629 -0.0283605 -0.025867 -0.0232865 -0.0207702 -0.0184339 -0.0162872 -0.0143978 -0.0127196 -0.0113195 -0.0101191 -0.00911415 -0.00827953 -0.00757364 -0.00701022 -0.00650631 -0.00610474 -0.00574883 -0.00544542 -0.00519077 -0.00494564 -0.0047541 -0.00456275 -0.00440413 -0.00425645 -0.00411323 -0.00400525 -0.0038795 -0.00377799 -0.00368427 -0.00358691 -0.0035084 -0.00342607 -0.00335985 -0.00328559 -0.00322291 -0.0031876 -0.00312219 -0.0030584 -0.00302347 -0.00299131 -0.00294726 -0.00288982 -0.00285071 -0.00283936 -0.00281856 -0.00277442 -0.0027487 -0.00273814 -0.00270078 -0.00268275 -0.00268324 -0.00264942 -0.00263598 -0.00263789 -0.00261095 -0.00261015 -0.00261352 -0.00259094 -0.00259501 
0 3.09571e-05 9.55376e-05 0.000125456 0.000169734 0.000235977 0.000263467 0.000307697 0.000360295 0.000389153 0.000447009 0.00050687 0.000551314 0.000611517 0.000657126 0.000692184 0.000753397 0.000824514 0.0008769 0.000931591 0.00100565 0.00106897 0.00114129 0.00122036 0.00127536 0.00135529 0.00144853 0.00152678 0.00161683 0.00172169 0.00183475 0.00193319 0.00205642 0.00219621 0.00231107 0.00246165 0.00262496 0.00279237 0.00297761 0.003186 0.00343784 0.00368538 0.00398836 0.00434522 0.00474086 0.00521411 0.00576235 0.00644673 0.00723772 0.00819428 0.00935048 0.0107151 0.0123363 0.0141884 0.0163259 0.0186841 0.0212489 0.0239283 0.0266069 0.0291641 0.0313929 0.0331402 0.0341324 0.0342101 0.03316 0.0308807 0.0272665 0.022301 0.0160967 0.00882817 0.000812738 -0.0076805 -0.016233 -0.0244891 -0.0319811 -0.0383974 -0.0434452 -0.0470041 -0.0489927 -0.0494334 -0.0484305 -0.0461634 -0.0429197 -0.0389665 -0.0346303 -0.0301224 -0.0257029 -0.0214908 -0.0176683 -0.0142637 -0.0113716 -0.00893233 -0.00696854 -0.00537324 -0.00414329 -0.00316754 -0.00244485 -0.00187266 -0.00145358 -0.00108971 -0.000783983 -0.00043966 -5.95365e-05 0.000453546 0.00109704 0.00197177 0.00307879 0.004528 0.00632537 0.00858279 0.0112893 0.0145203 0.0182014 0.0223275 0.0267373 0.0313374 0.0358876 0.0402022 0.0439613 0.046901 0.0487011 0.04915 0.048084 0.0454411 0.0412394 0.0355504 0.0285933 0.0206323 0.0120999 0.00335455 -0.00516477 -0.0131649 -0.0202824 -0.0262984 -0.0310149 -0.0343926 -0.0364642 -0.0373035 -0.0370777 -0.0359284 -0.0341176 -0.0318021 -0.0292198 -0.0265004 -0.0238028 -0.0212265 -0.0188309 -0.0166966 -0.0147924 -0.013158 -0.0117424 -0.0105666 -0.00957976 -0.00873558 -0.00804732 -0.00746366 -0.00698929 -0.00655874 -0.00620492 -0.00591425 -0.00563526 -0.0053982 -0.00518423 -0.00500635 -0.00482142 -0.00465558 -0.00453104 -0.00438611 -0.00426197 -0.00416056 -0.00406181 -0.00396206 -0.00387398 -0.00381096 -0.0037231 -0.00364372 -0.00358894 -0.00351858 -0.00346323 -0.00341419 -0.00335333 -0.00331093 -0.00328842 -0.00324927 -0.00319459 -0.00316489 -0.00313339 -0.00309646 -0.00308553 -0.00305607 -0.00302616 -0.00301993 -0.00299147 -0.00297964 -0.00298061 -0.0029487 -0.00293939 -0.00293749 -0.00291676 -0.00292915 
0 5.78943e-05 9.20885e-05 0.000144229 0.000205399 0.000236749 0.000288518 0.000361049 0.000396467 0.000447009 0.000517216 0.000550188 0.000601957 0.00067884 0.00073205 0.000786509 0.000850487 0.00092471 0.000988542 0.00103645 0.00112167 0.00119809 0.00126135 0.00135996 0.00143257 0.0015217 0.00163721 0.00171138 0.00181834 0.00193835 0.00204261 0.0021682 0.0022961 0.00245421 0.00259748 0.00275545 0.00296687 0.0031442 0.00335922 0.0036117 0.00387854 0.00418111 0.00450969 0.00493919 0.00539967 0.00593617 0.00661129 0.00739866 0.00835169 0.00945295 0.0108124 0.0124033 0.0142274 0.0163332 0.0186852 0.0212987 0.0240261 0.0268473 0.0296114 0.0321733 0.0343381 0.0358737 0.036635 0.0363593 0.0349424 0.0321905 0.0281072 0.0226666 0.0160001 0.00830222 -0.000168373 -0.00904484 -0.018008 -0.0265891 -0.0344567 -0.0411795 -0.0465688 -0.05039 -0.0526297 -0.053238 -0.0523449 -0.0501048 -0.0467939 -0.0427137 -0.0381536 -0.0334044 -0.0286574 -0.0241381 -0.0199387 -0.0162173 -0.0129656 -0.010262 -0.00800919 -0.00623156 -0.00479175 -0.00370474 -0.00283127 -0.00219433 -0.00165954 -0.00125446 -0.000845857 -0.000461932 3.04903e-05 0.000603385 0.00139069 0.00236792 0.00367416 0.00529372 0.0073688 0.0098807 0.0129429 0.0164915 0.0205602 0.0250069 0.0297678 0.0346313 0.0394383 0.0439082 0.0477744 0.0507169 0.052446 0.0527511 0.0514653 0.0485758 0.044054 0.0380697 0.0307567 0.0224946 0.0135811 0.00448664 -0.00446804 -0.0128722 -0.0204467 -0.0269242 -0.0321338 -0.0360173 -0.038524 -0.0397851 -0.0398702 -0.0390258 -0.0373686 -0.0351448 -0.0325352 -0.0297397 -0.0269157 -0.0241204 -0.0215168 -0.0191208 -0.017013 -0.0151288 -0.0134999 -0.0121427 -0.0109801 -0.010011 -0.00916718 -0.00850403 -0.00793215 -0.00742102 -0.0070103 -0.00664801 -0.00634609 -0.00604639 -0.00580853 -0.00561049 -0.0053893 -0.00522293 -0.00506612 -0.00491872 -0.0047791 -0.00464825 -0.00455242 -0.00442302 -0.00432122 -0.00424763 -0.00414255 -0.00407344 -0.00400165 -0.00392302 -0.00387783 -0.00381483 -0.00375069 -0.00369744 -0.00365427 -0.00361751 -0.00355287 -0.00352246 -0.00351336 -0.00345585 -0.00342685 -0.00341926 -0.00337617 -0.00335688 -0.00334657 -0.0033133 -0.00329981 -0.00329538 -0.00328303 -0.00327655 -0.00326987 -0.00325896 
0 4.59512e-05 0.000117087 0.000165538 0.00020741 0.000279591 0.000329489 0.000369795 0.000449256 0.00050687 0.000550188 0.000627951 0.000683704 0.000729937 0.00080444 0.000881614 0.000958101 0.00100637 0.00107052 0.00118169 0.00124962 0.00131637 0.00141067 0.00149424 0.00160244 0.00169184 0.00179045 0.00191444 0.00201415 0.0021519 0.00227731 0.00240443 0.00257374 0.00271838 0.00289566 0.00308054 0.00328623 0.0035174 0.00374131 0.00404144 0.00434462 0.00468509 0.0050972 0.00556456 0.00612629 0.00674679 0.00753779 0.00846842 0.00955334 0.0108584 0.0123964 0.0142238 0.0162634 0.0185972 0.0211851 0.0239756 0.0268694 0.0297496 0.0325519 0.0350313 0.0370322 0.0382999 0.0387133 0.038059 0.0361784 0.0329705 0.0283918 0.0225386 0.0154698 0.00743364 -0.00136352 -0.0105222 -0.0197259 -0.0285423 -0.0366281 -0.0436187 -0.0492502 -0.0533463 -0.0557968 -0.0566235 -0.0558637 -0.0537331 -0.0504251 -0.0462961 -0.0415882 -0.0366432 -0.0316344 -0.0268209 -0.0222987 -0.018244 -0.0146728 -0.0116642 -0.00915292 -0.00714004 -0.00552005 -0.00426617 -0.0032741 -0.00251682 -0.0019002 -0.00139828 -0.000921183 -0.000442066 0.000128344 0.000816531 0.00171443 0.00284986 0.00432433 0.00616846 0.00848983 0.0113005 0.0146778 0.0185656 0.0229655 0.0277253 0.0327671 0.0378544 0.0428347 0.0473843 0.0512711 0.0541273 0.0557369 0.055836 0.0543471 0.0511875 0.0464267 0.0401738 0.0326546 0.0241766 0.0150672 0.00573339 -0.00349372 -0.0121958 -0.0201239 -0.0269801 -0.0326648 -0.0370153 -0.0400276 -0.041722 -0.0422363 -0.0417436 -0.0403638 -0.0383209 -0.0357733 -0.0329961 -0.0300727 -0.0271562 -0.0243388 -0.0217332 -0.0193939 -0.0172677 -0.0154301 -0.0138374 -0.0125128 -0.0113603 -0.0103851 -0.00959837 -0.00891234 -0.00834512 -0.0078374 -0.00743655 -0.00707586 -0.00673993 -0.00647786 -0.00621911 -0.00600446 -0.00579269 -0.00561116 -0.00545715 -0.00528211 -0.00515718 -0.00502136 -0.0048981 -0.00479987 -0.0046795 -0.00459467 -0.00450493 -0.00442561 -0.00435579 -0.0042561 -0.00420794 -0.00416442 -0.00408708 -0.00402558 -0.00397412 -0.00395229 -0.00391036 -0.00384365 -0.00382925 -0.0037981 -0.00374429 -0.00373769 -0.00371592 -0.00367652 -0.00366894 -0.00365283 -0.00362789 -0.00362364 -0.00361532 -0.00359975 -0.00359828 
0 6.22484e-05 0.000113018 0.000181989 0.000238043 0.000296071 0.000371593 0.000419895 0.000480206 0.000551314 0.000601957 0.000683704 0.000760517 0.00081865 0.000897947 0.000954217 0.00102329 0.00112084 0.00120081 0.00128521 0.00135887 0.00145922 0.00157304 0.00164306 0.0017574 0.00186747 0.00196324 0.00210974 0.0022235 0.00236129 0.00251727 0.00266132 0.00284395 0.00300276 0.00320451 0.00341834 0.00362646 0.00389824 0.00416036 0.0044845 0.00483797 0.00523133 0.00571913 0.00624644 0.00690183 0.00764607 0.00855207 0.00963698 0.0108855 0.0124001 0.0141429 0.0161863 0.0184637 0.0210094 0.0238049 0.026731 0.0297297 0.0326257 0.0353639 0.0376843 0.0394149 0.040348 0.0403331 0.0392355 0.036856 0.0331751 0.0281414 0.0219093 0.0145318 0.00623911 -0.00274757 -0.0120706 -0.0213711 -0.030305 -0.0384982 -0.0456714 -0.0514928 -0.0558251 -0.0584926 -0.0595446 -0.0589787 -0.057007 -0.0537968 -0.0496804 -0.0449142 -0.0398182 -0.0346151 -0.0295329 -0.0247336 -0.0203525 -0.0164842 -0.0131598 -0.0103939 -0.00812584 -0.00632179 -0.00488093 -0.00376519 -0.00286953 -0.0021657 -0.00154986 -0.000998468 -0.000407054 0.000247264 0.00106879 0.0020835 0.00339749 0.00504636 0.00713647 0.00970479 0.0128284 0.0165046 0.0207285 0.0254198 0.0304705 0.0357306 0.041 0.0460665 0.0506337 0.0544408 0.0571519 0.0585661 0.0584384 0.0567221 0.0533188 0.048353 0.0419069 0.0342771 0.0256983 0.0165321 0.0070868 -0.00226475 -0.0111635 -0.019332 -0.0265132 -0.0326061 -0.0374183 -0.0409428 -0.0431257 -0.044135 -0.0440602 -0.0430554 -0.0412766 -0.0389063 -0.0362034 -0.0332588 -0.0302681 -0.0272909 -0.0245012 -0.0219241 -0.019579 -0.0175158 -0.0156945 -0.0141694 -0.0128306 -0.0117169 -0.0107759 -0.00997455 -0.00932187 -0.00873156 -0.00826346 -0.00783561 -0.00747372 -0.00716257 -0.00685704 -0.00662685 -0.00638321 -0.00617545 -0.0059929 -0.00581077 -0.00567104 -0.00550552 -0.00538649 -0.00527227 -0.00513807 -0.00505713 -0.00494162 -0.00484152 -0.00477567 -0.00468645 -0.00461046 -0.00452968 -0.00448153 -0.00444182 -0.00436472 -0.00432297 -0.00427159 -0.00421397 -0.00419824 -0.00415228 -0.0041114 -0.00409379 -0.00405164 -0.0040358 -0.00402707 -0.00399575 -0.00398306 -0.00396282 -0.00394164 -0.00394509 -0.00393879 
0 8.535e-05 0.000105676 0.000197796 0.000279948 0.000304545 0.000398414 0.000475484 0.00051467 0.000611517 0.00067884 0.000729937 0.00081865 0.000883437 0.000975883 0.00106926 0.00112062 0.00122953 0.00132456 0.0013803 0.00149476 0.0016001 0.00169363 0.00180711 0.00191984 0.00205501 0.00216847 0.00230064 0.00245828 0.00257768 0.00275085 0.00293127 0.00309113 0.00330562 0.00352018 0.00375962 0.00400998 0.00429174 0.00463017 0.00495776 0.00536833 0.00583864 0.00636685 0.00700094 0.00772969 0.00863285 0.00966618 0.0109042 0.0123751 0.0140768 0.0160695 0.0183018 0.0208306 0.0235753 0.026516 0.0295568 0.0325613 0.0354421 0.0379887 0.0400761 0.0414398 0.0419618 0.0414697 0.0398442 0.0369773 0.0327937 0.0273853 0.0207961 0.0132165 0.00474946 -0.00429563 -0.0136513 -0.0229366 -0.0318528 -0.0400835 -0.0473226 -0.0533145 -0.05781 -0.0607295 -0.061987 -0.0616935 -0.0599095 -0.0568978 -0.0528481 -0.0481126 -0.0429172 -0.0375794 -0.0322711 -0.0272254 -0.0225498 -0.0183861 -0.0147644 -0.0117212 -0.00920887 -0.00718575 -0.00556933 -0.00429123 -0.00327171 -0.00244076 -0.00172714 -0.00106075 -0.000373257 0.000405773 0.00134588 0.00251799 0.00399902 0.0058611 0.00818733 0.0110319 0.014452 0.0184343 0.0229639 0.0279251 0.0332239 0.0386519 0.04405 0.0491215 0.0536462 0.0572735 0.0597975 0.06093 0.0605781 0.0585857 0.0549965 0.0498295 0.0432987 0.0356123 0.0270669 0.017941 0.00852668 -0.000820893 -0.00980948 -0.0181062 -0.025568 -0.031974 -0.037253 -0.0412493 -0.0439936 -0.0455226 -0.0459452 -0.0453866 -0.0439541 -0.0418824 -0.0393004 -0.0364426 -0.033401 -0.0303542 -0.0273958 -0.0246015 -0.0220621 -0.0197529 -0.01774 -0.0159602 -0.0144558 -0.0131747 -0.0120653 -0.0111488 -0.0103576 -0.0097128 -0.00912779 -0.00863603 -0.00823745 -0.00785184 -0.00753312 -0.00724332 -0.0070001 -0.00676691 -0.00654104 -0.00638125 -0.00618983 -0.00602068 -0.00588972 -0.00573468 -0.00561055 -0.00549301 -0.00538921 -0.00528626 -0.0051789 -0.00512627 -0.00503559 -0.00493544 -0.00489642 -0.00481679 -0.00474387 -0.00470197 -0.00464047 -0.00461185 -0.00456045 -0.00449889 -0.0045002 -0.00445623 -0.00440246 -0.00440752 -0.0043601 -0.00432113 -0.00434508 -0.00431735 -0.00429519 -0.00431494 -0.00427816 
0 6.4511e-05 0.000149433 0.000214032 0.000277206 0.000359289 0.000428539 0.000495235 0.000575033 0.000657126 0.00073205 0.00080444 0.000897947 0.000975883 0.0010357 0.00114875 0.0012518 0.00131549 0.00141836 0.00152716 0.00163744 0.00174781 0.00183494 0.00196782 0.00210395 0.00221755 0.00235992 0.00250693 0.00267082 0.0028277 0.00300253 0.00321026 0.00338812 0.00361431 0.00386381 0.00410742 0.00439628 0.00471363 0.00508642 0.00547146 0.00593259 0.0064924 0.00709554 0.00782641 0.00868618 0.00972299 0.0109183 0.0123215 0.0140082 0.015926 0.018128 0.0205806 0.023315 0.026244 0.0292832 0.0323721 0.0353474 0.0381044 0.0404097 0.0421447 0.0430948 0.0431275 0.0421079 0.0399228 0.0365396 0.0319031 0.0261325 0.0192788 0.0115368 0.0030212 -0.0059934 -0.0152478 -0.0244188 -0.03322 -0.041393 -0.0486366 -0.0547201 -0.0593715 -0.062506 -0.064017 -0.0639984 -0.062487 -0.0597055 -0.0558216 -0.0511565 -0.0459478 -0.0405056 -0.0350336 -0.0297603 -0.0248277 -0.0203738 -0.0164661 -0.0131376 -0.010373 -0.00811761 -0.00630956 -0.00485795 -0.00369651 -0.00273016 -0.00189998 -0.00111154 -0.000309029 0.000602181 0.00167942 0.00301862 0.00468403 0.00677114 0.00934441 0.0124727 0.0161825 0.0204646 0.0252666 0.0304757 0.0359629 0.0415238 0.0469648 0.0519945 0.0563729 0.0597773 0.0620178 0.0628515 0.0622102 0.0599638 0.056176 0.0508789 0.0443101 0.0366645 0.0282384 0.0192594 0.010007 0.00077407 -0.00816224 -0.0165191 -0.0241452 -0.0308279 -0.0364875 -0.0409608 -0.0442613 -0.0463562 -0.0473337 -0.047274 -0.0463027 -0.0445954 -0.0422681 -0.0395498 -0.0365597 -0.0334972 -0.0304221 -0.0274611 -0.0247111 -0.0221957 -0.019951 -0.017933 -0.016223 -0.0147467 -0.013476 -0.0123944 -0.0114845 -0.0107407 -0.0100601 -0.00950388 -0.00903425 -0.00861273 -0.00824231 -0.00790846 -0.00764203 -0.0073639 -0.00712317 -0.00692774 -0.00671774 -0.00654317 -0.00638055 -0.00623711 -0.00609242 -0.00595257 -0.00585964 -0.00573928 -0.00562219 -0.00553127 -0.00544098 -0.00537794 -0.00528428 -0.0051938 -0.00515852 -0.00510024 -0.00502895 -0.00497942 -0.00493673 -0.00489149 -0.00483874 -0.00481236 -0.00478826 -0.0047408 -0.00472836 -0.00471509 -0.00467115 -0.00466524 -0.00465898 -0.0046273 -0.00463723 
0 6.45055e-05 0.000169168 0.000226061 0.000294412 0.00039847 0.000457176 0.000539761 0.000637975 0.000692184 0.000786509 0.000881614 0.000954217 0.00106926 0.00114875 0.00122505 0.00133982 0.00142622 0.00154999 0.00166664 0.00174726 0.00188727 0.00201258 0.00213646 0.0022786 0.00239851 0.00257011 0.00272822 0.00288433 0.00308385 0.003262 0.00348201 0.00370147 0.00393401 0.00421991 0.004486 0.00481456 0.00517872 0.00557423 0.00603861 0.00655402 0.00719219 0.00789523 0.00872781 0.00974428 0.0109149 0.0123002 0.0138998 0.0158 0.017954 0.0203527 0.0230352 0.0259348 0.0290047 0.0320923 0.0351523 0.0380327 0.0405539 0.0425455 0.0438291 0.0443066 0.0437867 0.0421977 0.0394443 0.0355442 0.0305132 0.024419 0.0173922 0.00955164 0.001105 -0.00778082 -0.0168159 -0.0257781 -0.0343798 -0.0424094 -0.0495978 -0.0557024 -0.0604965 -0.0638198 -0.0656217 -0.0658892 -0.0647194 -0.0622059 -0.0585739 -0.0540292 -0.0488875 -0.043384 -0.0378084 -0.0323374 -0.0271853 -0.0224556 -0.018275 -0.0146597 -0.0116361 -0.00913828 -0.00712274 -0.00548685 -0.00416542 -0.0030546 -0.00208922 -0.0011703 -0.000233743 0.000818761 0.00205247 0.00356991 0.00543835 0.00776226 0.0105945 0.0140112 0.0180048 0.022576 0.0276202 0.0330503 0.0386724 0.0443249 0.0497336 0.0546706 0.0588177 0.0619574 0.0638423 0.0643597 0.0633827 0.0608989 0.0569122 0.0515483 0.0449906 0.0374705 0.0292363 0.0204951 0.0115104 0.00249348 -0.00627247 -0.0146151 -0.0223071 -0.0292186 -0.035183 -0.0401171 -0.0439539 -0.0466429 -0.0482155 -0.0487061 -0.0482768 -0.0469991 -0.0450368 -0.0425269 -0.0396789 -0.0366521 -0.0335244 -0.03045 -0.0275057 -0.0248098 -0.0223269 -0.0200965 -0.0181589 -0.0164732 -0.0150352 -0.0137707 -0.0127328 -0.011849 -0.011077 -0.010437 -0.00987184 -0.00940951 -0.0089759 -0.00860563 -0.00829527 -0.00798374 -0.00773635 -0.00748996 -0.00727641 -0.00708955 -0.00688791 -0.00674462 -0.00658649 -0.00643749 -0.00631297 -0.00617604 -0.00609004 -0.00597224 -0.00585329 -0.00578869 -0.00569426 -0.00563034 -0.00556359 -0.00546772 -0.00542632 -0.00536585 -0.00530771 -0.00528221 -0.00521251 -0.00517333 -0.00515794 -0.00510535 -0.00509246 -0.00507932 -0.00502901 -0.00502012 -0.00501176 -0.00498053 -0.00499191 
0 8.08446e-05 0.000156872 0.0002427 0.000336192 0.00042104 0.000496046 0.000584942 0.00067927 0.000753397 0.000850487 0.000958101 0.00102329 0.00112062 0.0012518 0.00133982 0.00144205 0.00156199 0.00165993 0.0017818 0.00190173 0.00202284 0.00217859 0.00230799 0.00244615 0.00262433 0.00278252 0.0029476 0.00313293 0.00333115 0.00354301 0.00375876 0.00401706 0.00428704 0.00457019 0.00490705 0.00526325 0.00566832 0.00612387 0.00664281 0.00725589 0.00795084 0.00877972 0.00974847 0.0108992 0.0122547 0.013818 0.0156564 0.0177598 0.0201377 0.0227571 0.0256162 0.0286734 0.0317961 0.0348983 0.0378506 0.0405404 0.042753 0.0443213 0.0451202 0.0450285 0.0439394 0.0417356 0.0384318 0.0340431 0.028654 0.0223172 0.0151626 0.00734 -0.000979078 -0.00960596 -0.0183599 -0.0270067 -0.0353541 -0.0431608 -0.0502331 -0.056312 -0.0612057 -0.0647272 -0.0668077 -0.0674129 -0.0665912 -0.0644254 -0.0610696 -0.0567408 -0.0516953 -0.046218 -0.0405575 -0.0349568 -0.0295904 -0.0246303 -0.020167 -0.0162865 -0.0129808 -0.0102455 -0.00799452 -0.00617239 -0.00466429 -0.00340531 -0.00227989 -0.00122627 -0.000131056 0.00106713 0.00248349 0.00418288 0.00628219 0.00884154 0.0119567 0.0156455 0.0199341 0.0247544 0.0300362 0.0356236 0.0413614 0.0470198 0.0523644 0.0571104 0.0609966 0.0637847 0.0653026 0.0654416 0.0641358 0.0613885 0.0572397 0.0518389 0.0453538 0.0380264 0.0300414 0.0216317 0.0129758 0.00429967 -0.00423257 -0.0124335 -0.0201383 -0.0271755 -0.0334012 -0.0387349 -0.043075 -0.0463659 -0.0485366 -0.0496551 -0.049789 -0.0490457 -0.0475084 -0.0453253 -0.0426989 -0.0397693 -0.0366805 -0.0335257 -0.0304669 -0.0275733 -0.0248905 -0.0224524 -0.0202743 -0.0183845 -0.0167276 -0.0153102 -0.014094 -0.0130584 -0.0121872 -0.0114286 -0.01079 -0.0102318 -0.00975915 -0.00934398 -0.00896293 -0.00865189 -0.00835967 -0.00809026 -0.00785618 -0.00764121 -0.00744239 -0.0072416 -0.00708355 -0.0069375 -0.0067701 -0.00664724 -0.0065335 -0.00641433 -0.00631909 -0.00621221 -0.00612105 -0.00604361 -0.00594627 -0.00587949 -0.00583 -0.0057556 -0.00568785 -0.00564727 -0.00561673 -0.00556402 -0.00551688 -0.00549631 -0.00544165 -0.0054043 -0.00542096 -0.00538947 -0.00536429 -0.00538326 -0.00534057 
0 9.76509e-05 0.000176588 0.000270108 0.000358337 0.000433557 0.000536395 0.000633268 0.000713817 0.000824514 0.00092471 0.00100637 0.00112084 0.00122953 0.00131549 0.00142622 0.00156199 0.00167935 0.0017774 0.00192029 0.00207216 0.00218695 0.00233442 0.00248494 0.00263543 0.00282525 0.00298928 0.00317295 0.00339289 0.00360651 0.00383724 0.00407607 0.00436259 0.00465397 0.00495485 0.0053402 0.005735 0.00618339 0.00670849 0.00731081 0.00801693 0.00880688 0.00977817 0.0109006 0.0122059 0.0137481 0.0155208 0.0175855 0.0198899 0.0224786 0.0252986 0.0283084 0.0314537 0.0345832 0.0376279 0.0404041 0.0428101 0.044627 0.0457131 0.0459631 0.0452639 0.0435624 0.0407521 0.0369176 0.0320864 0.0263894 0.0198708 0.0126692 0.00494015 -0.00315991 -0.0114581 -0.0198488 -0.028122 -0.0361466 -0.0436777 -0.0505753 -0.0565848 -0.0615479 -0.0652549 -0.067621 -0.0685761 -0.0681337 -0.0663469 -0.0633222 -0.0592588 -0.0543753 -0.0489727 -0.043283 -0.0375864 -0.0320447 -0.0268714 -0.0221455 -0.0179988 -0.0144131 -0.0114253 -0.00893046 -0.00690216 -0.00519639 -0.0037694 -0.00247314 -0.00126548 -7.72659e-07 0.00136286 0.00297317 0.00487474 0.0072146 0.0100257 0.0134243 0.0173882 0.0219542 0.0270079 0.0324896 0.0382003 0.0439974 0.0496108 0.0548212 0.05932 0.0628819 0.065279 0.0663898 0.0661311 0.0644789 0.0614715 0.057178 0.0517758 0.0454135 0.0383288 0.0306567 0.0226343 0.0143848 0.00611673 -0.00208793 -0.0100645 -0.0176842 -0.024771 -0.0311853 -0.0368543 -0.0416475 -0.0455031 -0.0482874 -0.0500555 -0.0508087 -0.0506482 -0.0496253 -0.0478677 -0.0455572 -0.0428142 -0.0398304 -0.0366842 -0.0335558 -0.0305058 -0.0276341 -0.024998 -0.022589 -0.0204657 -0.0185844 -0.0169844 -0.0155852 -0.0143801 -0.0133838 -0.0125161 -0.011783 -0.0111339 -0.0106041 -0.0101356 -0.00969114 -0.00934086 -0.00901106 -0.00870843 -0.00843766 -0.00820092 -0.00799575 -0.0077725 -0.00759918 -0.00744108 -0.00727275 -0.00714273 -0.00699189 -0.00685815 -0.00676659 -0.00665327 -0.00653661 -0.0064475 -0.00638437 -0.00630287 -0.00621185 -0.00616579 -0.00610571 -0.00602715 -0.00598767 -0.0059403 -0.00588781 -0.00586714 -0.0058375 -0.00580109 -0.00577867 -0.00574926 -0.00572609 -0.00572068 -0.00571304 
