0 0 0 0 0 0 0 0 0 0 0 0 0 0 0 0 0 0 0 0 0 0 0 0 0 0 0 0 0 0 0 0 0 0 0 0 0 0 0 0 0 0 0 0 0 0 0 0 0 0 0 0 0 0 0 0 0 0 0 0 0 0 0 0 0 0 0 0 0 0 0 0 0 0 0 0 0 0 0 0 0 0 0 0 0 0 0 0 0 0 0 0 0 0 0 0 0 0 0 0 0 0 0 0 0 0 0 0 0 0 0 0 0 0 0 0 0 0 0 0 0 0 0 0 0 0 0 0 0 0 0 0 0 0 0 0 0 0 0 0 0 0 0 0 0 0 0 0 0 0 0 0 0 0 0 0 0 0 0 0 0 0 0 0 0 0 0 0 0 0 0 0 0 0 0 0 0 0 0 0 0 0 0 0 0 0 0 0 0 0 0 0 0 0 0 0 0 0 0 0 
0 8.17594e-06 -6.91183e-07 1.3559e-05 1.24784e-05 -2.3206e-07 1.48267e-05 1.20841e-05 7.52638e-06 3.08895e-05 2.78792e-05 1.7913e-05 3.44196e-05 2.34579e-05 1.3228e-05 4.07488e-05 3.77951e-05 3.23963e-05 5.04528e-05 3.96194e-05 4.16009e-05 5.11249e-05 5.3867e-05 6.36508e-05 4.01262e-05 4.68361e-05 7.4231e-05 6.78582e-05 6.72183e-05 6.54991e-05 8.61183e-05 8.54646e-05 7.6459e-05 9.81541e-05 8.19626e-05 9.49819e-05 0.000103337 9.48659e-05 0.000110706 0.000109442 0.000127087 0.00011842 0.000134732 0.000148799 0.000135596 0.000160808 0.000158389 0.000171289 0.000167445 0.000185104 0.000197909 0.000187931 0.000217456 0.000219702 0.000240142 0.000238094 0.000269015 0.000285894 0.000290697 0.000319671 0.000337824 0.000374029 0.00037547 0.000422891 0.000452355 0.00049589 0.000526586 0.00058621 0.000663029 0.000732976 0.000832982 0.00094827 0.00112594 0.00129933 0.00153353 0.00179029 0.00212668 0.00246684 0.00283831 0.00319636 0.00355595 0.0038522 0.00404704 0.00410219 0.00399829 0.00373195 0.00326729 0.00262888 0.00182007 0.000937901 1.25302e-05 -0.000848932 -0.00162879 -0.00221201 -0.00258292 -0.00264688 -0.00244926 -0.00197066 -0.00132475 -0.000529494 0.000289776 0.00111691 0.00182628 0.00239729 0.00270733 0.00276148 0.00249593 0.00199176 0.00125571 0.000403163 -0.000550023 -0.00149405 -0.00239977 -0.00315692 -0.00375187 -0.00414069 -0.00435862 -0.0043994 -0.00428524 -0.00403884 -0.00370491 -0.00334643 -0.00296607 -0.0026027 -0.0022351 -0.00193787 -0.00166751 -0.0014637 -0.00125591 -0.00111294 -0.000986694 -0.000904615 -0.000811148 -0.000741049 -0.000695042 -0.000650706 -0.000614057 -0.000561723 -0.000555011 -0.000518945 -0.000502673 -0.0004664 -0.000466219 -0.000447017 -0.000421279 -0.000416114 -0.00040019 -0.000398425 -0.000364225 -0.000374985 -0.000357023 -0.000343475 -0.000335597 -0.000326715 -0.000326348 -0.000297362 -0.000313554 -0.000296568 -0.00028851 -0.000290478 -0.000282472 -0.000285364 -0.000265897 -0.000281261 -0.000265589 -0.000258429 -0.000268056 -0.000242082 -0.000250056 -0.000249719 -0.000244288 -0.00023045 -0.00022748 -0.000254926 -0.00023573 -0.000225169 -0.000227815 -0.000226205 -0.00023905 -0.000216627 -0.000213596 -0.000224433 -0.000203426 -0.000215444 -0.000229886 -0.000212015 -0.000211736 -0.000216956 -0.000204348 -0.000204308 -0.000214335 -0.000206204 -0.000204166 -0.000211064 -0.000203599 -0.000204124 -0.000209234 -0.00020394 -0.000202704 -0.000204441 
0 -6.91183e-07 6.49827e-06 1.03308e-05 1.04234e-05 2.9123e-05 3.09736e-05 2.76099e-05 4.43983e-05 2.76673e-05 2.89104e-05 5.41195e-05 4.26223e-05 6.17618e-05 7.91921e-05 6.02604e-05 6.64925e-05 7.28498e-05 7.91784e-05 8.10983e-05 9.01553e-05 0.000107641 8.01951e-05 0.000100751 0.000142266 0.000119303 0.00012143 0.000128505 0.000134728 0.000152766 0.000145054 0.000149261 0.000163339 0.000181065 0.000182533 0.000186413 0.000214025 0.000210752 0.000217237 0.000238739 0.000240205 0.000244539 0.000262091 0.000278032 0.000277656 0.000296409 0.000323158 0.000328068 0.000342632 0.000374608 0.000392489 0.000401806 0.000429667 0.00046361 0.000476653 0.000495332 0.000538444 0.000568609 0.00059045 0.000624831 0.000682764 0.000722728 0.000760577 0.000825539 0.000904491 0.000979431 0.00105336 0.0011765 0.00131909 0.00148258 0.00166622 0.00192844 0.00225352 0.00263527 0.00307984 0.00362248 0.00426692 0.00496191 0.00568696 0.00640617 0.00710829 0.00768421 0.00806687 0.0081584 0.00795674 0.00739924 0.00648739 0.00519345 0.00361373 0.00183945 3.26187e-05 -0.00170213 -0.00321531 -0.00439444 -0.00509466 -0.00524919 -0.00483003 -0.00391554 -0.00260951 -0.00106507 0.00058751 0.00219573 0.00362815 0.00472583 0.00536705 0.00544565 0.00495439 0.00393309 0.00250959 0.000794398 -0.00106451 -0.00296014 -0.00472696 -0.0062542 -0.00741878 -0.0082206 -0.00864461 -0.00874652 -0.00851869 -0.0080469 -0.00739301 -0.00668074 -0.00593429 -0.0051992 -0.004491 -0.00387525 -0.0033591 -0.0029197 -0.00253822 -0.00222345 -0.00199598 -0.00180522 -0.00164014 -0.00149246 -0.00140061 -0.00131639 -0.0012314 -0.00115207 -0.00110574 -0.00106202 -0.000999778 -0.00095395 -0.000925496 -0.000894689 -0.000844801 -0.00081846 -0.000803056 -0.000770803 -0.000738164 -0.000726708 -0.00071435 -0.000683575 -0.000668057 -0.000666678 -0.000644406 -0.000624043 -0.000621821 -0.000609394 -0.000586846 -0.000576991 -0.000575541 -0.000549291 -0.000540795 -0.000544029 -0.000521494 -0.000514995 -0.000516399 -0.00051487 -0.000498708 -0.000491551 -0.00049616 -0.000485627 -0.000490889 -0.000460348 -0.000444089 -0.000480252 -0.000461448 -0.000439034 -0.000444633 -0.000448025 -0.000447739 -0.000439317 -0.000451713 -0.00043227 -0.00041156 -0.000432966 -0.000418875 -0.000419388 -0.00043273 -0.000414936 -0.000420164 -0.000415556 -0.000410719 -0.000419688 -0.000405727 -0.000412957 -0.000412967 -0.000400777 -0.000416405 -0.000406676 
0 1.3559e-05 1.03308e-05 2.31553e-05 2.64507e-05 2.44276e-05 3.83818e-05 4.03923e-05 4.74012e-05 6.4968e-05 6.74214e-05 7.10064e-05 7.97934e-05 7.88335e-05 8.23468e-05 9.98513e-05 0.000107433 0.000112266 0.000126682 0.000126238 0.000133469 0.000148849 0.000152134 0.000164569 0.000162923 0.000166267 0.000193741 0.000201728 0.000204138 0.000216159 0.000235165 0.000241901 0.000248212 0.000269375 0.000268088 0.000283817 0.000304668 0.000307274 0.000325839 0.000345254 0.000364083 0.000371947 0.000399779 0.000423567 0.000428019 0.000459586 0.000482287 0.000500892 0.000517947 0.000554942 0.000582672 0.000596755 0.000641465 0.000677984 0.000712144 0.000742578 0.000802691 0.000851911 0.000890466 0.000952909 0.00102483 0.00109756 0.00115638 0.00125766 0.00136645 0.00148229 0.00160506 0.00178093 0.00199739 0.00223766 0.00253458 0.00291819 0.00341173 0.00397937 0.00466262 0.00547151 0.00642818 0.00745737 0.008533 0.00960001 0.0106161 0.011452 0.011987 0.0121156 0.0117843 0.0109459 0.00956192 0.00765122 0.00530338 0.00269778 1.8107e-05 -0.00252778 -0.00476424 -0.00647842 -0.00750971 -0.00772134 -0.00711673 -0.00576482 -0.00385407 -0.00156721 0.000862074 0.00324397 0.00534209 0.006963 0.00789225 0.00802024 0.00729512 0.00581374 0.00371216 0.00119667 -0.0015588 -0.00434284 -0.00696398 -0.00921531 -0.0109709 -0.012172 -0.012837 -0.012997 -0.0126949 -0.0120165 -0.0110816 -0.0100304 -0.00892881 -0.00783889 -0.00679253 -0.00587574 -0.00508723 -0.00442683 -0.00384627 -0.00338173 -0.00301555 -0.00272767 -0.0024697 -0.00225716 -0.00210218 -0.00197 -0.00184591 -0.00172798 -0.00165607 -0.00157856 -0.0015031 -0.00142992 -0.00138901 -0.00133869 -0.00127808 -0.00123985 -0.00120635 -0.0011703 -0.00111969 -0.00110217 -0.001072 -0.00103455 -0.00100786 -0.000989334 -0.000965261 -0.000929388 -0.000924523 -0.000901752 -0.000877605 -0.000866626 -0.000855107 -0.00083812 -0.000818032 -0.000819154 -0.000797206 -0.000782431 -0.000779186 -0.000756993 -0.000748568 -0.000743388 -0.000732289 -0.000712681 -0.000712462 -0.000718877 -0.000699246 -0.000693339 -0.000686556 -0.000680101 -0.000683359 -0.000666772 -0.000658267 -0.000656937 -0.000646942 -0.000648188 -0.000652658 -0.000644883 -0.00063677 -0.000637809 -0.000629158 -0.000623721 -0.000630728 -0.000621811 -0.000619701 -0.000624157 -0.000614536 -0.000617953 -0.000617535 -0.000612127 -0.000619424 -0.000611393 
0 1.24784e-05 1.04234e-05 2.64507e-05 3.95101e-05 3.59661e-05 5.25101e-05 6.15028e-05 5.84911e-05 8.19932e-05 8.84504e-05 8.63763e-05 0.000111313 0.000111657 0.00011278 0.000137571 0.000140534 0.000148101 0.000162852 0.000170363 0.000181328 0.000187028 0.000209255 0.000221551 0.000215508 0.000237539 0.000255303 0.000264973 0.000275728 0.000284494 0.000309573 0.000319787 0.000332151 0.000353068 0.000363526 0.000386795 0.00040178 0.000419062 0.000441356 0.00045885 0.000484596 0.000501074 0.000529448 0.000555126 0.000575782 0.000609947 0.000636564 0.000669333 0.000699126 0.00073878 0.000777439 0.000810261 0.000861064 0.000905495 0.000955531 0.00100482 0.00106963 0.00113482 0.00119566 0.00127756 0.00136337 0.00146056 0.00155518 0.00168262 0.00182515 0.00198262 0.00216693 0.00239754 0.00268701 0.00301842 0.00343644 0.00395527 0.00461091 0.00538113 0.00630451 0.00738874 0.0086386 0.00999486 0.0114018 0.0127988 0.0140902 0.0151464 0.0157985 0.0159368 0.015456 0.0143165 0.0124617 0.00994792 0.00687576 0.00348015 -1.55508e-05 -0.00332881 -0.00622904 -0.00843847 -0.00975996 -0.0100274 -0.00924486 -0.00749849 -0.0050192 -0.00204572 0.00112085 0.00421997 0.00694512 0.0090406 0.0102418 0.010411 0.00948615 0.00758197 0.00486398 0.00159598 -0.00199316 -0.00561674 -0.00903625 -0.0119848 -0.0143168 -0.0159301 -0.0168498 -0.0170924 -0.0167468 -0.0159035 -0.0147303 -0.0133664 -0.0119327 -0.0105003 -0.00913995 -0.0079213 -0.00686386 -0.00596808 -0.00519857 -0.00457537 -0.00406906 -0.00366989 -0.00332467 -0.00304803 -0.0028239 -0.00264124 -0.00247618 -0.00233013 -0.00221791 -0.0021105 -0.00201567 -0.00192233 -0.00185446 -0.00178252 -0.0017142 -0.00165627 -0.00160339 -0.00155575 -0.00150073 -0.00146504 -0.001423 -0.00138411 -0.00134925 -0.00131681 -0.00128932 -0.00125337 -0.00123316 -0.0012053 -0.00117954 -0.00115987 -0.0011355 -0.00111949 -0.00109485 -0.00108047 -0.00106336 -0.00104426 -0.00103481 -0.00101155 -0.00100274 -0.000993933 -0.000977228 -0.000964414 -0.000948308 -0.000952189 -0.000939961 -0.000915755 -0.000915551 -0.000910132 -0.000903012 -0.000889721 -0.000882218 -0.000884829 -0.000865317 -0.000865782 -0.000871199 -0.000849233 -0.000851149 -0.000851253 -0.000836309 -0.000840605 -0.000837679 -0.000830523 -0.000831017 -0.000826018 -0.000825511 -0.000824313 -0.000820214 -0.000820005 -0.000817724 -0.00081852 
0 -2.3206e-07 2.9123e-05 2.44276e-05 3.59661e-05 6.51914e-05 5.83649e-05 7.63092e-05 9.71515e-05 8.14297e-05 9.95918e-05 0.000124243 0.000118246 0.000145542 0.000171019 0.000156619 0.00017243 0.000192311 0.000191663 0.0002159 0.000230753 0.000241345 0.000249427 0.00025472 0.000302721 0.000313736 0.000300885 0.000325766 0.000348088 0.000372734 0.000371082 0.000392878 0.000425827 0.000428559 0.000470044 0.00047995 0.00050117 0.000537251 0.000548384 0.000583963 0.00059614 0.000639104 0.000658745 0.000683297 0.00073513 0.000750096 0.000802125 0.000831406 0.00088598 0.000923467 0.000967195 0.00103574 0.00107043 0.00114443 0.00119263 0.00127691 0.0013365 0.00141814 0.00151319 0.00159897 0.00171697 0.00181867 0.00197504 0.00210882 0.00229939 0.00249414 0.00274868 0.0030402 0.00339511 0.00384159 0.00437223 0.00505395 0.00585258 0.00685513 0.00800425 0.00938023 0.0108945 0.0125718 0.0142805 0.0159796 0.0175023 0.018725 0.0194582 0.0195604 0.0189168 0.0174424 0.0151364 0.0120263 0.0082998 0.00415417 -6.81225e-05 -0.00410304 -0.00757571 -0.0102435 -0.011791 -0.0121256 -0.0111606 -0.00908551 -0.00607123 -0.00249609 0.00136703 0.00509692 0.00841126 0.0109077 0.0123738 0.0125605 0.01149 0.00919489 0.00595187 0.00198018 -0.00234715 -0.00676247 -0.0108974 -0.0145234 -0.0173976 -0.0194496 -0.0206299 -0.0210007 -0.0206434 -0.0196952 -0.0183309 -0.0166951 -0.0149622 -0.0132033 -0.0115601 -0.0100326 -0.00872205 -0.00756308 -0.00662321 -0.0058131 -0.00517749 -0.00463679 -0.0042144 -0.00386054 -0.00356463 -0.00332733 -0.00311095 -0.002952 -0.00277643 -0.00265777 -0.00252227 -0.00243002 -0.00231717 -0.00223076 -0.00215647 -0.0020713 -0.00201196 -0.00193253 -0.00189741 -0.0018218 -0.00178143 -0.00173541 -0.00168995 -0.00165388 -0.00160344 -0.00159094 -0.00153378 -0.00151332 -0.00148384 -0.00144801 -0.00142629 -0.00138916 -0.00138298 -0.00134003 -0.00132819 -0.0013123 -0.00127957 -0.00128512 -0.00125398 -0.00123458 -0.00122373 -0.00122125 -0.00120658 -0.00115831 -0.00116629 -0.00116814 -0.00114635 -0.00113307 -0.00111178 -0.00112284 -0.00111506 -0.0010948 -0.00110694 -0.0010845 -0.00105991 -0.00107423 -0.0010669 -0.00105175 -0.00106231 -0.00105452 -0.00103671 -0.0010454 -0.00104135 -0.00102904 -0.00103542 -0.00102991 -0.00102466 -0.0010277 -0.00102217 -0.00102478 
0 1.48267e-05 3.09736e-05 3.83818e-05 5.25101e-05 5.83649e-05 6.92665e-05 9.04137e-05 9.54141e-05 0.0001206 0.000141047 0.000138601 0.000158589 0.000164577 0.000168605 0.000196941 0.000216808 0.000232228 0.0002414 0.000262576 0.000273415 0.000278229 0.000324195 0.000326621 0.00031916 0.000357781 0.000375684 0.000403781 0.00042204 0.000430741 0.000464242 0.000489735 0.000509638 0.000519214 0.0005546 0.000581829 0.000591218 0.000636572 0.000662343 0.000688036 0.000727496 0.000768143 0.000799435 0.000831156 0.00088922 0.000919051 0.000958034 0.00101366 0.00106372 0.00110712 0.00116156 0.00123842 0.00129077 0.00135853 0.00144258 0.0015321 0.00161074 0.00170745 0.00183045 0.00194328 0.00206784 0.00221371 0.00239416 0.00257268 0.00278365 0.0030417 0.00335529 0.00371387 0.00414792 0.00469917 0.00537454 0.00619437 0.00717851 0.00838174 0.00979561 0.0114219 0.0132191 0.0151675 0.0171693 0.0191117 0.0208248 0.0221542 0.0229158 0.0229453 0.0220953 0.0202869 0.0175167 0.0138677 0.00951844 0.00472573 -0.000171467 -0.00481059 -0.00880719 -0.0118292 -0.0135916 -0.0139444 -0.0128533 -0.010462 -0.00701569 -0.00287831 0.00156611 0.0058848 0.00967934 0.0125542 0.0142151 0.0144541 0.0132363 0.0106476 0.00692519 0.002371 -0.00263828 -0.00773108 -0.0125397 -0.0167682 -0.020187 -0.0226626 -0.0241451 -0.024673 -0.0243626 -0.0233674 -0.0218664 -0.0200211 -0.018013 -0.0159803 -0.0140467 -0.0122537 -0.0106558 -0.00926554 -0.00810846 -0.00713656 -0.00632923 -0.00566046 -0.0051318 -0.00469918 -0.00432766 -0.00401635 -0.00376533 -0.0035586 -0.00335594 -0.00318684 -0.0030453 -0.00292488 -0.00279168 -0.0026846 -0.00259844 -0.00250891 -0.00241653 -0.0023418 -0.00228633 -0.00220612 -0.00214293 -0.00209159 -0.00204141 -0.00197658 -0.00193242 -0.00190024 -0.00184293 -0.00180778 -0.00177747 -0.00174517 -0.00170366 -0.00168433 -0.00166184 -0.00161743 -0.00160804 -0.00158209 -0.00154782 -0.00152476 -0.00151041 -0.00149245 -0.0014582 -0.00144867 -0.00142844 -0.00142588 -0.00142306 -0.00137533 -0.00137481 -0.00137984 -0.00135501 -0.00134098 -0.00132666 -0.0013155 -0.00129905 -0.00130475 -0.0013071 -0.00128282 -0.00128621 -0.00127396 -0.00125724 -0.00126657 -0.00125256 -0.00124989 -0.00125036 -0.00123758 -0.0012433 -0.00123436 -0.00123366 -0.00124171 -0.00122601 -0.00123137 
0 1.20841e-05 2.76099e-05 4.03923e-05 6.15028e-05 7.63092e-05 9.04137e-05 0.000108893 0.000113311 0.000132111 0.000150698 0.000156857 0.000186587 0.000204404 0.000212559 0.000236221 0.000246919 0.000260457 0.000279855 0.000302167 0.000322056 0.000330792 0.000363334 0.000382561 0.000393913 0.00043195 0.000441145 0.00045972 0.000492441 0.000504487 0.000535965 0.000563694 0.000587003 0.000616166 0.000650423 0.000685383 0.000703787 0.000748881 0.000784517 0.000805393 0.000854416 0.000893092 0.000928507 0.000970542 0.00102788 0.00107417 0.00111513 0.00118921 0.00124614 0.00130102 0.00137238 0.00145506 0.00152635 0.0015967 0.00170379 0.001799 0.00189327 0.00200556 0.00214621 0.00228257 0.00241996 0.00260433 0.00281004 0.00303269 0.00327791 0.0036003 0.00397949 0.004416 0.00494466 0.00561437 0.00644136 0.00741727 0.00859783 0.0100145 0.0116875 0.0135617 0.0156247 0.0178213 0.0200727 0.0222069 0.0240514 0.025426 0.0261573 0.0260594 0.0249689 0.0228088 0.0195903 0.0154369 0.010532 0.00516965 -0.000303391 -0.0054539 -0.00987803 -0.0131846 -0.0151096 -0.0154721 -0.0142725 -0.0116233 -0.00781549 -0.00320904 0.00172825 0.00653922 0.0107364 0.0139208 0.0157458 0.0160318 0.0147078 0.0118884 0.00778228 0.0027437 -0.00283766 -0.00851573 -0.0139128 -0.0186901 -0.022618 -0.0255175 -0.0273224 -0.0280547 -0.0278464 -0.0268673 -0.0252917 -0.0232969 -0.0210669 -0.0187952 -0.0165972 -0.0145498 -0.0126788 -0.0110533 -0.00967498 -0.00852722 -0.00754735 -0.00674243 -0.00609888 -0.00557818 -0.00512933 -0.00474643 -0.00445032 -0.00419457 -0.00396149 -0.00374673 -0.00358636 -0.00343414 -0.00328046 -0.00314718 -0.00304141 -0.00293851 -0.00282103 -0.00273927 -0.0026626 -0.00258004 -0.00249943 -0.00244344 -0.00238761 -0.00231302 -0.00226909 -0.00222294 -0.00216942 -0.00211978 -0.0020851 -0.00204557 -0.00199166 -0.00196934 -0.00193234 -0.00189011 -0.00186738 -0.00183944 -0.00181223 -0.00178223 -0.00176812 -0.00174197 -0.00171678 -0.00170893 -0.00167279 -0.00165779 -0.0016478 -0.00161673 -0.00160917 -0.00159496 -0.00157622 -0.00156452 -0.00155758 -0.00155246 -0.00152939 -0.00152375 -0.00151521 -0.00149233 -0.00149701 -0.00148801 -0.00147518 -0.00147838 -0.00146524 -0.00146163 -0.00145789 -0.00144991 -0.00145481 -0.00144212 -0.00143813 -0.00144253 -0.00143036 -0.00143897 
0 7.52638e-06 4.43983e-05 4.74012e-05 5.84911e-05 9.71515e-05 9.54141e-05 0.000113311 0.000153892 0.000144644 0.000165516 0.000201771 0.00019508 0.000227398 0.000258458 0.000257968 0.000284218 0.000304089 0.000324962 0.000344643 0.000364171 0.000401938 0.000399921 0.000420744 0.000474125 0.000485333 0.000503948 0.000525212 0.000561877 0.000599286 0.000607032 0.000647291 0.00067663 0.000707036 0.000748587 0.000770598 0.000816581 0.000851748 0.000892606 0.000934362 0.000973642 0.00103122 0.00106615 0.0011238 0.00118063 0.00123121 0.001294 0.00135685 0.00143271 0.00149201 0.001577 0.00166561 0.00174652 0.00184297 0.00194987 0.00207033 0.00217725 0.00231672 0.00247217 0.00263113 0.00280371 0.00301063 0.00325752 0.00351158 0.00381744 0.00419037 0.00464424 0.00516388 0.00579941 0.00659892 0.00757088 0.00872813 0.0101014 0.0117517 0.0136562 0.0157848 0.0180796 0.0205076 0.0229448 0.0252205 0.0271274 0.0284893 0.029126 0.0288441 0.0274823 0.0249578 0.0213213 0.0167004 0.0113229 0.00547022 -0.000456409 -0.00602277 -0.0107574 -0.0142863 -0.0163075 -0.0166831 -0.0153791 -0.012545 -0.00843897 -0.00348001 0.0018624 0.00704423 0.0115715 0.0149795 0.0169493 0.0172632 0.0158854 0.0128866 0.00850904 0.00308222 -0.00294033 -0.00911329 -0.0149999 -0.0202757 -0.0246645 -0.0279879 -0.0301321 -0.0311231 -0.0310795 -0.030182 -0.0286041 -0.026522 -0.0241436 -0.0216655 -0.0192447 -0.0169432 -0.0148311 -0.012954 -0.01136 -0.0100036 -0.00885567 -0.00789475 -0.00712383 -0.00649595 -0.005958 -0.00550925 -0.00514216 -0.00484385 -0.00456207 -0.00432291 -0.00412088 -0.00394595 -0.00377294 -0.00361762 -0.00349565 -0.00336808 -0.00325244 -0.00314368 -0.00305885 -0.0029634 -0.00287448 -0.00280652 -0.00272979 -0.00266398 -0.00259431 -0.00254504 -0.0024835 -0.0024271 -0.00238788 -0.00233229 -0.00229444 -0.00224781 -0.0022146 -0.00217735 -0.00213533 -0.00211281 -0.00207172 -0.00205369 -0.00202083 -0.00198182 -0.00197226 -0.00194773 -0.00192756 -0.00188698 -0.00187058 -0.00188017 -0.00184054 -0.001818 -0.00180905 -0.00179592 -0.00178447 -0.00175973 -0.00176358 -0.00174216 -0.00171383 -0.00173286 -0.00171059 -0.00169268 -0.00170718 -0.001681 -0.00167334 -0.00168208 -0.0016621 -0.00165933 -0.00166142 -0.00165092 -0.00165086 -0.00165001 -0.00164448 -0.00164413 
0 3.08895e-05 2.76673e-05 6.4968e-05 8.19932e-05 8.14297e-05 0.0001206 0.000132111 0.000144644 0.00018511 0.000197551 0.000214579 0.000241515 0.000249703 0.000265574 0.000297079 0.000326193 0.000347255 0.000370411 0.000392024 0.000410783 0.000434211 0.000468419 0.000503638 0.000505146 0.000523882 0.00058202 0.000612426 0.000630414 0.000658699 0.00070127 0.000736716 0.000763327 0.000805511 0.000831411 0.000877647 0.00092233 0.000954148 0.00100919 0.00105246 0.00110899 0.00115478 0.0012147 0.00127775 0.00132642 0.00140394 0.00146221 0.0015408 0.00161149 0.00169556 0.00178772 0.00187165 0.00198534 0.00208297 0.00221426 0.00233323 0.00247877 0.00263252 0.00280057 0.00299429 0.00319094 0.00344352 0.00370308 0.00402505 0.00437554 0.00482321 0.00534171 0.00596637 0.00672595 0.00765565 0.00879538 0.0101282 0.0117326 0.0135897 0.0157421 0.0180829 0.0206139 0.0232107 0.0257937 0.0281282 0.0300421 0.0313192 0.0317963 0.0312749 0.029602 0.0267219 0.0226825 0.0176624 0.0118692 0.00564548 -0.000641535 -0.00648205 -0.0114475 -0.0150942 -0.0171904 -0.0175394 -0.0161803 -0.0131904 -0.00889959 -0.00366741 0.00193645 0.00740421 0.0121377 0.015727 0.0177776 0.018145 0.0167211 0.0136377 0.00906241 0.00339223 -0.00296992 -0.00950168 -0.0158058 -0.0214913 -0.0263104 -0.0300265 -0.032537 -0.0338281 -0.0340158 -0.0332693 -0.0317524 -0.0296675 -0.0271961 -0.0245844 -0.0219507 -0.0194434 -0.0170818 -0.0149893 -0.0131447 -0.0115904 -0.0102457 -0.00913674 -0.00821501 -0.00746388 -0.0068366 -0.00630445 -0.00587848 -0.00550139 -0.00519762 -0.00490766 -0.00468212 -0.00446109 -0.00427902 -0.00410458 -0.00394884 -0.00381458 -0.00367691 -0.00356936 -0.00344516 -0.00335657 -0.00325382 -0.00316705 -0.00308378 -0.00300422 -0.00293931 -0.00285644 -0.00280754 -0.00274075 -0.00268529 -0.00263494 -0.00258632 -0.00254501 -0.00248919 -0.00246292 -0.00241758 -0.00237743 -0.0023465 -0.00230195 -0.00227821 -0.00225086 -0.00221674 -0.00217429 -0.00216273 -0.00216315 -0.0021173 -0.00208597 -0.00207857 -0.00206667 -0.00204732 -0.00201937 -0.00200168 -0.00198592 -0.00196867 -0.00196415 -0.00196196 -0.00193967 -0.00192325 -0.00192496 -0.00190357 -0.00189523 -0.00190179 -0.00187814 -0.00187763 -0.00187893 -0.00185688 -0.00186771 -0.00186499 -0.00185099 -0.00186356 -0.00184984 
0 2.78792e-05 2.89104e-05 6.74214e-05 8.84504e-05 9.95918e-05 0.000141047 0.000150698 0.000165516 0.000197551 0.000206163 0.000235149 0.000267708 0.000286977 0.000319221 0.000339091 0.000351682 0.000378007 0.000405393 0.000430977 0.000466586 0.000493832 0.000509035 0.000549845 0.000585579 0.000610008 0.000646515 0.000665381 0.000696767 0.000743901 0.000777127 0.000806377 0.000850182 0.000904051 0.000933413 0.000984574 0.00103923 0.00107119 0.00112967 0.00118262 0.0012336 0.0012841 0.00135403 0.0014211 0.00147285 0.00156353 0.00163824 0.00171719 0.00180406 0.00190642 0.00200696 0.00209826 0.00223024 0.00234727 0.00247969 0.0026166 0.00278478 0.0029572 0.00313592 0.00335891 0.00359474 0.00387418 0.00417107 0.00454708 0.00497105 0.00548277 0.0060889 0.0068281 0.00772895 0.00880532 0.0101147 0.011653 0.0134805 0.0155626 0.0179272 0.0204835 0.0231999 0.0259383 0.0285839 0.0309209 0.0327598 0.0338924 0.034137 0.0333236 0.0313119 0.0280781 0.0236763 0.0183062 0.0121889 0.00568557 -0.000826887 -0.00683563 -0.0119101 -0.0156151 -0.017723 -0.0180527 -0.0166412 -0.0135723 -0.00916513 -0.00379248 0.00196994 0.0075845 0.0124448 0.0161247 0.0182397 0.0186395 0.0172211 0.0141016 0.00944551 0.00363829 -0.00291746 -0.00970236 -0.0163122 -0.0223416 -0.0275281 -0.0316169 -0.0344991 -0.0361326 -0.0366154 -0.0360821 -0.0347067 -0.0326831 -0.030209 -0.0275066 -0.0247223 -0.0220171 -0.0194515 -0.0171345 -0.0150588 -0.0132786 -0.0117432 -0.0104684 -0.00938887 -0.00850133 -0.00776769 -0.00715919 -0.00665057 -0.00620706 -0.0058537 -0.00553207 -0.00526074 -0.00500142 -0.00479834 -0.00460208 -0.00441696 -0.00425582 -0.00411184 -0.00398342 -0.00383873 -0.00373861 -0.0036321 -0.00353037 -0.00343356 -0.00335741 -0.00328273 -0.00318994 -0.00313635 -0.00306824 -0.00299963 -0.00293872 -0.00288937 -0.00283341 -0.00277015 -0.00273995 -0.00268516 -0.00263867 -0.00261354 -0.00257278 -0.00253153 -0.00250258 -0.0024848 -0.00244399 -0.00241184 -0.00238764 -0.00235224 -0.00234065 -0.00231594 -0.00227948 -0.00226561 -0.00225297 -0.00223623 -0.00222548 -0.00220869 -0.00218059 -0.00216981 -0.00215795 -0.00213892 -0.00214072 -0.00212459 -0.00211024 -0.00211298 -0.00209174 -0.00209219 -0.00209583 -0.00207345 -0.00207783 -0.00206934 -0.00205375 -0.00206851 -0.0020608 
0 1.7913e-05 5.41195e-05 7.10064e-05 8.63763e-05 0.000124243 0.000138601 0.000156857 0.000201771 0.000214579 0.000235149 0.000275117 0.000281789 0.000307515 0.000347746 0.000365387 0.000394165 0.00042826 0.000459046 0.000477224 0.000506649 0.00055444 0.000563109 0.000594173 0.00064654 0.00066601 0.00070965 0.000740604 0.000777266 0.000836054 0.000855784 0.000898202 0.00094828 0.000989843 0.00103397 0.00107574 0.00114417 0.00118131 0.00124104 0.00131659 0.00135873 0.00143472 0.00150449 0.00157825 0.0016439 0.00172864 0.00182732 0.00189117 0.00200212 0.00210716 0.00221412 0.00232433 0.00245916 0.0026119 0.00273595 0.00291333 0.00309446 0.00329594 0.00349606 0.00374638 0.00403565 0.00433019 0.00469101 0.00510712 0.00562465 0.0061934 0.00690686 0.0077662 0.00881543 0.010054 0.0115323 0.0132984 0.0153319 0.0176495 0.0201889 0.022954 0.0257977 0.0286395 0.0312656 0.0335451 0.0352297 0.0361555 0.0361035 0.0349524 0.0325879 0.0290086 0.0242957 0.0186312 0.0122909 0.00560414 -0.000993945 -0.00706487 -0.0121267 -0.0158332 -0.017891 -0.0182094 -0.0167477 -0.0136757 -0.00922146 -0.00384327 0.00197102 0.00759039 0.0124962 0.016176 0.0183387 0.0187482 0.0173839 0.0142722 0.00964876 0.0038069 -0.00279662 -0.00972882 -0.0165278 -0.0228328 -0.0283179 -0.0327572 -0.0360073 -0.0380211 -0.0388557 -0.0386021 -0.0374489 -0.0355567 -0.0331694 -0.0304303 -0.0275657 -0.0246817 -0.0219573 -0.0194105 -0.017127 -0.0150968 -0.0133715 -0.0119044 -0.0106586 -0.00961693 -0.00875389 -0.00806246 -0.0074478 -0.00694648 -0.00651387 -0.00617227 -0.00583904 -0.00555465 -0.00531952 -0.00510372 -0.00490231 -0.00470603 -0.00456947 -0.00440713 -0.00426476 -0.00413591 -0.00402834 -0.00391261 -0.00379234 -0.00372007 -0.00361624 -0.00352914 -0.00345017 -0.00338288 -0.00330894 -0.00323223 -0.00319479 -0.00311987 -0.00306771 -0.00302775 -0.00296979 -0.00292511 -0.00287782 -0.00284973 -0.00279351 -0.00275171 -0.00273299 -0.00268577 -0.00266388 -0.00262529 -0.00259487 -0.00259227 -0.00254929 -0.002522 -0.00251135 -0.00248735 -0.00245963 -0.00243558 -0.0024332 -0.00240535 -0.00238459 -0.00239469 -0.00236345 -0.00234731 -0.00235328 -0.00232625 -0.00232134 -0.00232012 -0.00229721 -0.00229501 -0.00229243 -0.00228353 -0.00228568 -0.00228364 -0.00227613 -0.0022716 
0 3.44196e-05 4.26223e-05 7.97934e-05 0.000111313 0.000118246 0.000158589 0.000186587 0.00019508 0.000241515 0.000267708 0.000281789 0.000327608 0.000347292 0.000364809 0.000402784 0.000435145 0.000470318 0.000491604 0.000530365 0.000565142 0.000575699 0.00063717 0.000679259 0.00068881 0.000727781 0.000771097 0.0008303 0.000855923 0.000885999 0.000950077 0.000986133 0.00104376 0.00108427 0.0011312 0.00120017 0.00124296 0.0013092 0.0013634 0.00143575 0.00150144 0.00156308 0.00165797 0.00172034 0.00181076 0.00190094 0.00199774 0.00209414 0.00219542 0.00233031 0.00243234 0.00256948 0.0027139 0.00287261 0.00302724 0.00320559 0.00342556 0.00362803 0.00387195 0.00414355 0.00447423 0.00481166 0.00521867 0.00571524 0.00629549 0.00697391 0.00778268 0.00880032 0.00999438 0.0114194 0.0130866 0.0150747 0.0173306 0.019847 0.0225746 0.0254792 0.0284363 0.0312817 0.033854 0.0359692 0.0374541 0.0380778 0.0376927 0.0361505 0.0334341 0.0295214 0.0245448 0.0186578 0.0121801 0.00543049 -0.00114572 -0.00714661 -0.0121167 -0.0157348 -0.0177258 -0.0180012 -0.0165372 -0.0134929 -0.00910696 -0.00381129 0.00190127 0.00743102 0.0122553 0.0158916 0.0180401 0.0184804 0.0171746 0.0141528 0.00963277 0.00389014 -0.00265015 -0.00959306 -0.0164819 -0.0229672 -0.0286876 -0.0334399 -0.0370411 -0.0394653 -0.0406795 -0.0407891 -0.0399055 -0.03825 -0.0359911 -0.0333221 -0.0304033 -0.0274251 -0.0245374 -0.0218127 -0.0193088 -0.0170535 -0.0151179 -0.0134486 -0.0120352 -0.0108164 -0.00983427 -0.00901307 -0.00832283 -0.00772431 -0.0072374 -0.0068356 -0.00645995 -0.0061414 -0.00585944 -0.00563201 -0.00538772 -0.00518816 -0.00500983 -0.00484409 -0.00468214 -0.00453316 -0.00442098 -0.00427993 -0.00417232 -0.00406405 -0.00397095 -0.00387171 -0.00378078 -0.0037152 -0.00361988 -0.00355927 -0.0034875 -0.00342444 -0.00336307 -0.00329968 -0.00326158 -0.00319369 -0.00315222 -0.00310293 -0.00306086 -0.00303554 -0.00297151 -0.00293941 -0.00291462 -0.0028915 -0.00285217 -0.00279537 -0.00279722 -0.00277603 -0.00273389 -0.00271651 -0.00269014 -0.00267287 -0.00264757 -0.00263883 -0.00263172 -0.00258987 -0.002589 -0.00258331 -0.00254695 -0.00255374 -0.00254504 -0.00251903 -0.00252638 -0.00251498 -0.00249847 -0.00250514 -0.0024949 -0.00248549 -0.00249242 -0.00248413 
0 2.34579e-05 6.17618e-05 7.88335e-05 0.000111657 0.000145542 0.000164577 0.000204404 0.000227398 0.000249703 0.000286977 0.000307515 0.000347292 0.000383448 0.000409786 0.000451192 0.000468505 0.000496425 0.000537331 0.000570255 0.000616305 0.000649828 0.000685353 0.000714749 0.000759985 0.000825881 0.000840499 0.000878088 0.000933587 0.000973901 0.0010348 0.00107132 0.00112698 0.0011867 0.00124256 0.00130775 0.00135442 0.00143393 0.00149322 0.00155976 0.0016412 0.0017088 0.0018012 0.00187699 0.00197913 0.00207383 0.00217588 0.00229382 0.00240349 0.00254266 0.0026645 0.00281833 0.00297282 0.00314244 0.00332445 0.0035207 0.00375615 0.00398551 0.00426405 0.00456915 0.00493349 0.00532555 0.00579473 0.00636393 0.00702725 0.00781561 0.00875454 0.00992107 0.0112846 0.0128998 0.0147774 0.0169797 0.0194471 0.02215 0.0250354 0.0280455 0.0310437 0.0338398 0.0362751 0.0381698 0.0393662 0.0396386 0.0388599 0.0369185 0.0338397 0.0296315 0.0244338 0.01841 0.0118858 0.0051908 -0.00125152 -0.0070701 -0.0118595 -0.0153234 -0.0172119 -0.0174386 -0.0159951 -0.0130361 -0.00880315 -0.0037036 0.00178696 0.00710711 0.0117545 0.0152766 0.0173756 0.0178395 0.0166175 0.0137406 0.00940615 0.00387018 -0.00249197 -0.00932194 -0.0161958 -0.0227616 -0.0286563 -0.0336685 -0.0376137 -0.0404419 -0.0420821 -0.0425972 -0.0420709 -0.0407116 -0.0386705 -0.036131 -0.0332443 -0.0302187 -0.0272147 -0.0243301 -0.0216287 -0.0191611 -0.0170041 -0.0151261 -0.0135212 -0.0121328 -0.010997 -0.0100423 -0.00924784 -0.00856187 -0.00799868 -0.00752734 -0.00710682 -0.00674798 -0.00642529 -0.00616102 -0.00589651 -0.00567656 -0.00546721 -0.00528439 -0.00511159 -0.00494734 -0.00481171 -0.00466604 -0.00455234 -0.00442483 -0.00432373 -0.00422222 -0.0041223 -0.00403957 -0.00394645 -0.00387913 -0.00378894 -0.00372614 -0.00366199 -0.00358634 -0.00353598 -0.00347403 -0.00343232 -0.00337255 -0.00332622 -0.00328884 -0.00324205 -0.00322099 -0.00315764 -0.0031158 -0.00310534 -0.00306637 -0.00303077 -0.00299133 -0.00297195 -0.00295136 -0.0029284 -0.00291816 -0.00287937 -0.00286076 -0.00284593 -0.00281786 -0.0028164 -0.00279517 -0.00277871 -0.00277312 -0.00274814 -0.00274881 -0.00274276 -0.00272674 -0.00273015 -0.00271191 -0.00270219 -0.00270532 -0.00269248 -0.00270131 
0 1.3228e-05 7.91921e-05 8.23468e-05 0.00011278 0.000171019 0.000168605 0.000212559 0.000258458 0.000265574 0.000319221 0.000347746 0.000364809 0.000409786 0.000431189 0.000477817 0.000518239 0.000544202 0.000603089 0.000621813 0.000647611 0.000709719 0.000738397 0.000775348 0.000825216 0.000870822 0.000912959 0.000959827 0.0010265 0.00106386 0.0011113 0.00117879 0.00121789 0.00128315 0.00134792 0.00139878 0.00147286 0.00154692 0.00162141 0.00169166 0.00178313 0.00187345 0.00194777 0.00205552 0.00215504 0.00225372 0.00236646 0.00248959 0.00261994 0.002744 0.00290371 0.00306223 0.00323038 0.00341916 0.00362473 0.00385493 0.00409115 0.0043739 0.00467807 0.00503007 0.00542581 0.00588533 0.00643006 0.00706627 0.00783511 0.00873482 0.00983498 0.0111403 0.0126976 0.0145043 0.0166082 0.0190092 0.0216715 0.0245421 0.0275472 0.0306184 0.0335786 0.0362695 0.0384858 0.0401057 0.0409277 0.0408078 0.0395877 0.0372542 0.033813 0.0293555 0.0239841 0.0179157 0.0114384 0.00491391 -0.0012917 -0.00682532 -0.0113549 -0.0146037 -0.0163587 -0.016533 -0.0151354 -0.0123179 -0.00832009 -0.00352343 0.00163154 0.00662984 0.0110091 0.0143487 0.0163611 0.0168399 0.0157226 0.0130412 0.0089649 0.00373221 -0.00234912 -0.00894804 -0.0157032 -0.0222451 -0.0282502 -0.0334628 -0.0377363 -0.0409476 -0.0430461 -0.043998 -0.0439115 -0.0429046 -0.0411682 -0.0388183 -0.0360548 -0.0330385 -0.0299737 -0.0269545 -0.0240837 -0.0214236 -0.0190401 -0.0169499 -0.0151284 -0.0135761 -0.0122539 -0.0111605 -0.0102292 -0.00946028 -0.00880062 -0.0082502 -0.00777835 -0.00737144 -0.00701717 -0.00669491 -0.00642794 -0.00617393 -0.00594863 -0.00573713 -0.00555828 -0.00538543 -0.00521295 -0.00507477 -0.00493548 -0.00480413 -0.00467554 -0.00457324 -0.00446661 -0.00435325 -0.00427565 -0.00418684 -0.00409998 -0.00402609 -0.00396219 -0.00389344 -0.00381965 -0.00377464 -0.00370834 -0.00364892 -0.00361065 -0.00354316 -0.00349706 -0.00346369 -0.00341829 -0.00337424 -0.00334077 -0.00331878 -0.00326976 -0.00324637 -0.00323526 -0.0031798 -0.00315728 -0.00313679 -0.00310426 -0.00309705 -0.0030672 -0.00305653 -0.00304136 -0.00300367 -0.00301639 -0.00299701 -0.00296634 -0.0029818 -0.00294629 -0.00292912 -0.0029504 -0.00292159 -0.00292786 -0.00294238 -0.00290689 -0.00291542 
0 4.07488e-05 6.02604e-05 9.98513e-05 0.000137571 0.000156619 0.000196941 0.000236221 0.000257968 0.000297079 0.000339091 0.000365387 0.000402784 0.000451192 0.000477817 0.000503329 0.000557252 0.000591501 0.000618767 0.000680023 0.000716666 0.000745679 0.000804935 0.000853648 0.000896626 0.000930253 0.000977161 0.00105208 0.00109281 0.00113107 0.00120192 0.00126858 0.00132358 0.0013842 0.00146092 0.00152346 0.00159235 0.00168001 0.00174596 0.00182643 0.00192528 0.00201183 0.00210235 0.00221287 0.00233072 0.00243368 0.00256042 0.00270689 0.00283709 0.00298311 0.00315411 0.00333279 0.00350754 0.00371218 0.00394985 0.00418663 0.00445211 0.00476079 0.00511412 0.00549639 0.00594202 0.00647867 0.00709951 0.00783144 0.00870097 0.00975936 0.0110095 0.0124943 0.0142371 0.0162678 0.0185873 0.0211805 0.0240175 0.0270204 0.0301161 0.0331677 0.0360392 0.0385278 0.0404835 0.0417313 0.0421407 0.0415535 0.0398961 0.0371513 0.0333898 0.0287044 0.0232359 0.0171959 0.010874 0.00461565 -0.00125373 -0.00641889 -0.0106186 -0.0135988 -0.0151977 -0.0153148 -0.0139981 -0.0113695 -0.00769401 -0.00328852 0.00141701 0.00600143 0.0100178 0.0131188 0.0149987 0.0154884 0.0144881 0.0120507 0.00829595 0.00344913 -0.002255 -0.00852156 -0.0150431 -0.0214704 -0.027494 -0.0328642 -0.0374089 -0.0410004 -0.0435343 -0.0449774 -0.0453577 -0.0447948 -0.0434016 -0.0413399 -0.0387518 -0.0358399 -0.0327529 -0.0296537 -0.0266388 -0.0238126 -0.0212208 -0.0189042 -0.0168779 -0.0151314 -0.0136412 -0.0123679 -0.0113123 -0.0104273 -0.00968124 -0.00903445 -0.00849978 -0.00804731 -0.00763904 -0.00727693 -0.00696831 -0.00670097 -0.00643428 -0.00620119 -0.00600352 -0.00581274 -0.00562439 -0.00546328 -0.00532731 -0.00517536 -0.00504123 -0.00493287 -0.00481802 -0.00470295 -0.00460713 -0.00452308 -0.00442124 -0.00433726 -0.00426839 -0.00418171 -0.00411333 -0.00405289 -0.00398251 -0.0039194 -0.00387744 -0.00383095 -0.00375879 -0.00371893 -0.00369282 -0.00364205 -0.00359386 -0.0035477 -0.00352505 -0.0034977 -0.00344403 -0.00342268 -0.00340533 -0.00336728 -0.00334669 -0.00333218 -0.0033021 -0.00327408 -0.0032681 -0.00324831 -0.00321542 -0.00321551 -0.00320207 -0.00317574 -0.0031864 -0.00317423 -0.00314907 -0.0031577 -0.00314008 -0.00312269 -0.00314082 -0.00312983 
0 3.77951e-05 6.64925e-05 0.000107433 0.000140534 0.00017243 0.000216808 0.000246919 0.000284218 0.000326193 0.000351682 0.000394165 0.000435145 0.000468505 0.000518239 0.000557252 0.000593681 0.000632503 0.000671961 0.000721223 0.000764117 0.000819948 0.000863941 0.00089191 0.000955854 0.00102087 0.00106979 0.0011101 0.00116299 0.00123926 0.00129713 0.00135524 0.00141624 0.00148985 0.00157039 0.00163208 0.00171655 0.0018007 0.00188276 0.00197337 0.00207091 0.00217265 0.00226652 0.00239127 0.00250744 0.0026241 0.00276343 0.00291148 0.00306065 0.00321327 0.0034083 0.00359428 0.00379147 0.00402004 0.00427871 0.00454552 0.00483331 0.00519156 0.00557823 0.00601341 0.0065139 0.00713295 0.00784181 0.00867014 0.00967193 0.0108797 0.0123083 0.0139639 0.0159186 0.0181607 0.0206948 0.0234569 0.0264404 0.0295425 0.032665 0.0356441 0.0383387 0.0405748 0.0421845 0.0430196 0.0429442 0.0418796 0.0397628 0.0366432 0.0325808 0.0277315 0.0222248 0.0163117 0.0102367 0.00434496 -0.00110648 -0.0058285 -0.00963749 -0.0123062 -0.0137244 -0.0137921 -0.0125813 -0.0102004 -0.00691377 -0.00299216 0.00117802 0.00525279 0.00883439 0.0116299 0.0133434 0.0138252 0.0129583 0.0107983 0.00742118 0.00302754 -0.00222135 -0.0080604 -0.0142536 -0.0204626 -0.0264328 -0.0318875 -0.0366707 -0.0405953 -0.0435708 -0.0455024 -0.0464116 -0.0463302 -0.0453678 -0.0436467 -0.0413308 -0.0385845 -0.0355574 -0.032422 -0.0293079 -0.0263433 -0.0235574 -0.0210293 -0.018777 -0.0168391 -0.0151483 -0.013701 -0.0124807 -0.011474 -0.0106158 -0.00987036 -0.00925877 -0.00874044 -0.00828904 -0.00787104 -0.00753387 -0.0072302 -0.00694555 -0.00668466 -0.00646559 -0.00626361 -0.00605421 -0.00588407 -0.0057236 -0.00557054 -0.00541813 -0.00529481 -0.00517321 -0.0050457 -0.00494466 -0.00484089 -0.00474466 -0.00464991 -0.00457225 -0.00448874 -0.00440563 -0.00434656 -0.00427656 -0.00421122 -0.00414298 -0.00409201 -0.00405172 -0.00398973 -0.00393101 -0.00388373 -0.0038611 -0.00382016 -0.00376054 -0.00372963 -0.00369943 -0.00367213 -0.00364223 -0.00361011 -0.00358552 -0.00355 -0.00353166 -0.00351462 -0.00348688 -0.00347653 -0.00345505 -0.00343367 -0.00342615 -0.00340863 -0.0033984 -0.00339102 -0.00337659 -0.00337007 -0.00336213 -0.00335395 -0.00335312 -0.00334927 
0 3.23963e-05 7.28498e-05 0.000112266 0.000148101 0.000192311 0.000232228 0.000260457 0.000304089 0.000347255 0.000378007 0.00042826 0.000470318 0.000496425 0.000544202 0.000591501 0.000632503 0.000685567 0.000736286 0.000773781 0.00081356 0.000865074 0.000916006 0.00097589 0.00102627 0.00107201 0.00114073 0.00119408 0.00126355 0.00133246 0.0013762 0.00145562 0.00152549 0.00159773 0.00167268 0.0017469 0.0018461 0.00192005 0.00202369 0.0021209 0.00221752 0.00233745 0.00243715 0.00257302 0.00268792 0.00282679 0.00297482 0.00312158 0.00329668 0.00345741 0.00367121 0.00386473 0.00409197 0.00434321 0.0046166 0.00492205 0.00523838 0.00564653 0.00606712 0.00656919 0.00713833 0.00784251 0.00865318 0.00959559 0.0107522 0.0121155 0.0137376 0.0155778 0.0177543 0.020201 0.022932 0.0258435 0.0289358 0.0320907 0.0351694 0.0380112 0.040451 0.0423708 0.0435628 0.0439345 0.0433305 0.0417764 0.0392054 0.0357412 0.03142 0.0264646 0.0209945 0.0152937 0.00955886 0.00411383 -0.000844644 -0.00506886 -0.00843346 -0.0107616 -0.0119778 -0.0120107 -0.0109311 -0.00885538 -0.0060166 -0.00266046 0.000902781 0.00438481 0.00746972 0.00989682 0.0114116 0.0118624 0.0111424 0.00928257 0.00633236 0.00244169 -0.00228109 -0.00761691 -0.0133874 -0.019288 -0.0251184 -0.0305873 -0.0355516 -0.0397647 -0.0431576 -0.0455716 -0.047035 -0.0474742 -0.047007 -0.0456885 -0.0437231 -0.041211 -0.0383249 -0.035213 -0.0320526 -0.0289789 -0.0260289 -0.023307 -0.020831 -0.0186919 -0.0167883 -0.0151642 -0.0137608 -0.0126144 -0.0116263 -0.0107804 -0.0100784 -0.00947859 -0.00897796 -0.00850382 -0.00813164 -0.0077786 -0.00747836 -0.00718995 -0.00694163 -0.00672297 -0.0064961 -0.00631708 -0.00612364 -0.00597097 -0.00580538 -0.00566201 -0.00553267 -0.00539571 -0.00529122 -0.0051646 -0.00507523 -0.00497255 -0.00487705 -0.00480441 -0.00471226 -0.00464158 -0.00456112 -0.00450508 -0.00443616 -0.00435651 -0.00431445 -0.00425164 -0.00420406 -0.00415804 -0.00409935 -0.00406362 -0.00402552 -0.00399245 -0.00395545 -0.00391061 -0.00387373 -0.00384492 -0.0038228 -0.00379113 -0.00376845 -0.00374838 -0.00371226 -0.00369957 -0.00369381 -0.00366574 -0.00365276 -0.00364278 -0.00361056 -0.00360167 -0.0036049 -0.00358584 -0.00359027 -0.0035946 -0.00356887 -0.00357039 
