0 0 0 0 0 0 0 0 0 0 0 0 0 0 0 0 0 0 0 0 0 0 0 0 0 0 0 0 0 0 0 0 0 0 0 0 0 0 0 0 0 0 0 0 0 0 0 0 0 0 0 0 0 0 0 0 0 0 0 0 0 0 0 0 0 0 0 0 0 0 0 0 0 0 0 0 0 0 0 0 0 0 0 0 0 0 0 0 0 0 0 0 0 0 0 0 0 0 0 0 0 0 0 0 0 0 0 0 0 0 0 0 0 0 0 0 0 0 0 0 0 0 0 0 0 0 0 0 0 0 0 0 0 0 0 0 0 0 0 0 0 0 0 0 0 0 0 0 0 0 0 0 0 0 0 0 0 0 0 0 0 0 0 0 0 0 0 0 0 0 0 0 0 0 0 0 0 0 0 0 0 0 0 0 0 0 0 0 0 0 0 0 0 0 0 0 0 0 0 0 
0 -8.5218e-06 3.49599e-05 3.57952e-05 2.41354e-05 6.61624e-05 7.18358e-05 5.69638e-05 9.52443e-05 0.000111527 0.000105792 0.000118658 0.000119287 0.000156054 0.000191231 0.000164552 0.000188944 0.000227776 0.000212545 0.000241524 0.000272095 0.000276367 0.000314265 0.000339931 0.000363024 0.000390187 0.000412908 0.000463055 0.00048933 0.000526085 0.000604305 0.000656787 0.000724592 0.000822863 0.000932776 0.00105992 0.00120094 0.00140141 0.00163759 0.00189028 0.00220428 0.00257211 0.0029747 0.00338556 0.003804 0.00422738 0.00458988 0.00484522 0.00497402 0.00495041 0.0047365 0.00428095 0.00358784 0.00269287 0.00161788 0.000400508 -0.000924391 -0.00226123 -0.00352473 -0.00465003 -0.00558825 -0.00632349 -0.00680053 -0.00702055 -0.00697222 -0.00671237 -0.00628706 -0.00574487 -0.00513299 -0.0044656 -0.00380212 -0.00314898 -0.00257009 -0.00205348 -0.00163393 -0.00128151 -0.00100316 -0.00077705 -0.000596273 -0.000459671 -0.00034805 -0.000276907 -0.000214031 -0.000186302 -0.000152759 -0.000148436 -0.000129182 -0.000134693 -0.000121361 -0.00012982 -0.000119003 -0.000127678 -0.000118309 -0.000126358 -0.000118107 -0.000125412 -0.000118059 -0.000124775 -0.000118057 -0.000124452 -0.000118061 -0.000124452 -0.000118057 -0.000124773 -0.000118054 -0.000125401 -0.000118076 -0.000126279 -0.000118112 -0.000127205 -0.000117912 -0.000127398 -0.000116196 -0.000124116 -0.000108405 -0.00010931 -8.21642e-05 -6.43084e-05 -1.21095e-05 4.34133e-05 0.000139684 0.000254978 0.00041526 0.000613045 0.000862342 0.00117655 0.00155795 0.00203474 0.00258431 0.00322392 0.00389568 0.00459743 0.00526457 0.00589067 0.00642381 0.00682859 0.00704757 0.00701825 0.00672728 0.00615856 0.00536033 0.00433837 0.00313755 0.0017993 0.000409326 -0.000932426 -0.0021704 -0.00325444 -0.00416271 -0.00484133 -0.00526832 -0.00547179 -0.00548996 -0.00535652 -0.00507845 -0.00469957 -0.00428949 -0.00386839 -0.00344452 -0.00302927 -0.00265958 -0.00235332 -0.0020649 -0.00181382 -0.00161681 -0.00145597 -0.00132022 -0.0011904 -0.00111066 -0.00104735 -0.000964345 -0.000919741 -0.000878821 -0.000833572 -0.000795237 -0.000754785 -0.000741926 -0.000706062 -0.000676387 -0.000685009 -0.000646601 -0.000629495 -0.000645023 -0.00060328 -0.000579417 -0.000583018 -0.000574101 -0.0005746 -0.000546185 -0.00053345 -0.000564329 -0.000543638 -0.000514348 -0.000528133 -0.000516428 -0.0005053 -0.000526342 -0.000522639 -0.000503423 -0.00050962 
0 3.49599e-05 3.59147e-05 5.78609e-05 9.69957e-05 0.000103057 0.000117076 0.000164268 0.000178591 0.000176206 0.000225749 0.000269519 0.000273466 0.000296067 0.000321042 0.000347996 0.000398986 0.000424897 0.000451213 0.000501823 0.000538218 0.000575827 0.000609406 0.000661891 0.000729074 0.000762238 0.000843495 0.000935643 0.000986144 0.00109255 0.00120434 0.00131946 0.00146436 0.00163003 0.00187555 0.00211944 0.0024224 0.0028407 0.00329117 0.00383653 0.00444942 0.00517557 0.00597841 0.00676746 0.00761663 0.00841534 0.0091243 0.00962723 0.00985654 0.00981924 0.00935268 0.00846312 0.00708146 0.00530153 0.00317961 0.000740322 -0.00185308 -0.00452004 -0.00700516 -0.00924955 -0.0111173 -0.0125634 -0.0135316 -0.013947 -0.0138898 -0.01336 -0.0125441 -0.0114569 -0.0102458 -0.00892405 -0.007593 -0.00631459 -0.00513607 -0.00413204 -0.00326087 -0.00258097 -0.00199443 -0.00156173 -0.00118132 -0.000918933 -0.000689515 -0.000546977 -0.000426909 -0.000360798 -0.000309621 -0.000282207 -0.000267387 -0.00025395 -0.000256004 -0.000244865 -0.000254587 -0.000241944 -0.000255499 -0.000240843 -0.000256556 -0.000240329 -0.000257306 -0.000240069 -0.000257728 -0.000239957 -0.000257862 -0.000239957 -0.000257727 -0.000240066 -0.000257297 -0.000240303 -0.000256486 -0.000240664 -0.000255058 -0.000240897 -0.000252195 -0.000239609 -0.000244901 -0.000231421 -0.00022351 -0.000200244 -0.000162846 -0.000108894 -1.25035e-05 0.000106973 0.000301941 0.000529016 0.000863444 0.00124421 0.00176773 0.00237246 0.00316484 0.00408605 0.00520596 0.00644712 0.00779505 0.00916947 0.0104931 0.0117336 0.0127678 0.0135767 0.0139708 0.0139324 0.0133294 0.0122278 0.0106357 0.00861516 0.00625153 0.0035971 0.000883873 -0.0017954 -0.00422895 -0.00639826 -0.00819817 -0.00954521 -0.0104362 -0.0108429 -0.0109245 -0.0106554 -0.0101278 -0.0094046 -0.00857481 -0.00775848 -0.00689017 -0.00608151 -0.00534511 -0.0047058 -0.00416064 -0.003645 -0.00326612 -0.00294501 -0.00265596 -0.00243046 -0.00223229 -0.00209773 -0.00194576 -0.00181978 -0.00175771 -0.00165735 -0.00158409 -0.00153882 -0.00148065 -0.00143297 -0.0013763 -0.00134629 -0.00131248 -0.00125349 -0.00123831 -0.00121957 -0.00118899 -0.00118342 -0.00114548 -0.00111286 -0.0011283 -0.00110817 -0.00106039 -0.00106221 -0.00107412 -0.0010512 -0.00104426 -0.00104941 -0.00102036 -0.00100846 -0.00102666 -0.00101719 
0 3.57952e-05 5.78609e-05 9.36871e-05 0.000134798 0.000158032 0.000189857 0.0002344 0.000263224 0.000293053 0.000336747 0.000372133 0.000408696 0.000455313 0.000496139 0.000540182 0.000588674 0.000632914 0.000684985 0.000741418 0.000801302 0.000866446 0.000929767 0.00100994 0.00109267 0.00116727 0.00127284 0.00138542 0.00149568 0.00164278 0.00181114 0.00200215 0.00222622 0.00249931 0.00284294 0.00323091 0.00370642 0.00430341 0.00499644 0.0058079 0.00674361 0.00781754 0.00898871 0.010192 0.0114217 0.0125898 0.0135926 0.0143051 0.0146275 0.0144958 0.0137757 0.0124058 0.0103633 0.00771451 0.00455368 0.000964383 -0.00287015 -0.00675666 -0.0104358 -0.0137308 -0.0164996 -0.0186291 -0.0200484 -0.0206885 -0.0206073 -0.0198789 -0.0186695 -0.0170978 -0.0152925 -0.0133564 -0.0113852 -0.00949729 -0.00775642 -0.00624728 -0.00495896 -0.00391243 -0.00305101 -0.0023702 -0.00182117 -0.00139823 -0.00107363 -0.000834638 -0.000668138 -0.000550159 -0.000480589 -0.000428706 -0.000407757 -0.00038479 -0.000383723 -0.000370916 -0.000376594 -0.000366756 -0.000374348 -0.000365366 -0.00037337 -0.000364771 -0.000372789 -0.000364472 -0.000372448 -0.00036434 -0.000372334 -0.00036434 -0.000372446 -0.000364465 -0.000372771 -0.000364721 -0.000373241 -0.000365042 -0.000373563 -0.00036492 -0.000372462 -0.000361968 -0.000365085 -0.000347485 -0.000336049 -0.000296407 -0.000246411 -0.000152517 -2.01992e-05 0.000179439 0.000453426 0.000820344 0.00130039 0.00190326 0.00267003 0.00361014 0.00478267 0.00618146 0.00783731 0.00968385 0.0116783 0.0137036 0.0156757 0.0174861 0.0190234 0.0201657 0.0207424 0.0206435 0.0197626 0.018128 0.0157708 0.0127896 0.00928402 0.00540914 0.00140161 -0.00252394 -0.00614543 -0.00935161 -0.0120097 -0.0140277 -0.0153633 -0.0160406 -0.0161738 -0.0158189 -0.0150761 -0.0140483 -0.0128668 -0.0116397 -0.0103906 -0.00919787 -0.00810696 -0.00714432 -0.00630254 -0.00555928 -0.00495415 -0.00445234 -0.00402262 -0.00367141 -0.00338248 -0.00315306 -0.0029469 -0.00277095 -0.00264094 -0.00251046 -0.00239513 -0.00230657 -0.00221941 -0.00214329 -0.00207485 -0.00201632 -0.00196678 -0.00191168 -0.00186888 -0.0018303 -0.00178489 -0.00175619 -0.00172637 -0.00168917 -0.0016731 -0.00165427 -0.00162235 -0.00161039 -0.00159993 -0.00157287 -0.00156136 -0.00155868 -0.00154296 -0.00153954 -0.00154356 -0.00152632 
0 2.41354e-05 9.69957e-05 0.000134798 0.000153448 0.000222179 0.000273412 0.00028774 0.000347673 0.000420707 0.000446419 0.000482365 0.000547764 0.00060925 0.000675125 0.000725504 0.000773732 0.00085628 0.000922845 0.000987018 0.00107563 0.00115331 0.00125709 0.00135739 0.00144801 0.00159049 0.00170812 0.00184449 0.00203585 0.00220734 0.00244204 0.00270823 0.00301095 0.00340976 0.00383665 0.00439599 0.00506101 0.00582903 0.00678971 0.00786056 0.0091292 0.0105328 0.0120366 0.01365 0.0152029 0.0166989 0.017933 0.0188017 0.0191873 0.0188924 0.0179024 0.0160295 0.0133519 0.00986924 0.00569999 0.00104291 -0.00396912 -0.00896412 -0.0137754 -0.0180537 -0.021676 -0.0244597 -0.0262929 -0.027182 -0.0270832 -0.02622 -0.0246422 -0.0226369 -0.020265 -0.0177479 -0.0151767 -0.0126945 -0.0104284 -0.00840121 -0.00671759 -0.00527494 -0.00415286 -0.00319736 -0.00249102 -0.00189076 -0.00147618 -0.00113323 -0.000917288 -0.000748728 -0.000650823 -0.000583984 -0.000541994 -0.000525546 -0.00050289 -0.000508781 -0.000489454 -0.000505201 -0.000484294 -0.000504885 -0.000481797 -0.000505087 -0.000480389 -0.000505244 -0.000479635 -0.00050531 -0.000479395 -0.000505309 -0.000479631 -0.000505232 -0.000480357 -0.000505 -0.000481576 -0.000504339 -0.000482995 -0.000502221 -0.000482865 -0.00049476 -0.000474187 -0.000469052 -0.000435151 -0.000389905 -0.000312291 -0.000181624 -4.42069e-06 0.000280443 0.000634088 0.00115447 0.00177303 0.00262152 0.00361999 0.00492529 0.00645871 0.00835332 0.0105074 0.0129489 0.0155407 0.0181852 0.0207658 0.0230972 0.0251019 0.0265072 0.0272439 0.0270401 0.0259087 0.0237551 0.0206853 0.0167993 0.0122203 0.00723785 0.00201808 -0.00304606 -0.0078114 -0.0119944 -0.0154785 -0.0181643 -0.0199538 -0.0209692 -0.0211833 -0.0208078 -0.0199037 -0.0186305 -0.0171598 -0.0155311 -0.0139457 -0.0123819 -0.0109478 -0.00966808 -0.00851068 -0.00756328 -0.00671408 -0.00602001 -0.0054554 -0.00495784 -0.00458252 -0.00423501 -0.00396617 -0.00375038 -0.00352387 -0.00337352 -0.00322337 -0.00307827 -0.00297711 -0.00286454 -0.00278345 -0.0027018 -0.00261417 -0.0025708 -0.00250575 -0.00243586 -0.00239145 -0.00233526 -0.00230827 -0.00228472 -0.00221607 -0.00218857 -0.00220067 -0.0021571 -0.00210881 -0.00211275 -0.00209486 -0.00206194 -0.00207465 -0.00206974 -0.00203655 -0.00204503 
0 6.61624e-05 0.000103057 0.000158032 0.000222179 0.000263017 0.000322364 0.00039161 0.000437648 0.000496457 0.000561622 0.000631597 0.000714673 0.000752511 0.000806345 0.000921263 0.000989052 0.00105918 0.00117532 0.00125334 0.00134818 0.00146777 0.00156918 0.00169393 0.00183021 0.00199393 0.00216647 0.00233778 0.00257991 0.00282631 0.00309097 0.00344661 0.00385006 0.00433396 0.00490828 0.00561904 0.00648804 0.00747235 0.00866259 0.0100488 0.0116083 0.0133305 0.0151644 0.0170994 0.0189764 0.0206891 0.0221114 0.0230725 0.0234269 0.022963 0.0216103 0.0192748 0.0159477 0.011681 0.00658325 0.000906819 -0.00512534 -0.0111757 -0.0169684 -0.0221865 -0.0265786 -0.0299682 -0.0322148 -0.0333198 -0.0332878 -0.0322834 -0.0304468 -0.0280107 -0.0251573 -0.0220816 -0.01896 -0.0159284 -0.013138 -0.0106407 -0.00851639 -0.00672362 -0.00527602 -0.00409326 -0.0031687 -0.0024345 -0.0018821 -0.00146586 -0.00116913 -0.000964403 -0.000825185 -0.000742278 -0.000684058 -0.000659497 -0.00063498 -0.000633693 -0.000620333 -0.000626995 -0.000616443 -0.000625555 -0.00061544 -0.000625286 -0.000615147 -0.000625221 -0.000615044 -0.000625193 -0.000615015 -0.000625191 -0.000615036 -0.0006252 -0.000615091 -0.000625139 -0.000615073 -0.000624667 -0.00061437 -0.000622331 -0.000610222 -0.000612588 -0.000592589 -0.000577606 -0.000531974 -0.000470819 -0.000359482 -0.000196229 5.02292e-05 0.000399568 0.0008745 0.00151216 0.00232599 0.00337535 0.00467162 0.00629504 0.00824516 0.0105826 0.0132505 0.0162287 0.0193823 0.022603 0.0257163 0.0285489 0.0309105 0.0325716 0.0333608 0.0330761 0.0316591 0.0290422 0.0253144 0.0205819 0.0150675 0.00904395 0.00279149 -0.00335236 -0.0091342 -0.0142455 -0.0185244 -0.0218353 -0.0241509 -0.0254966 -0.0259055 -0.0255505 -0.0245624 -0.0231401 -0.0213968 -0.0194716 -0.0175376 -0.0156514 -0.0138963 -0.0122727 -0.0108516 -0.00964516 -0.00857972 -0.00769015 -0.00694566 -0.00633962 -0.00582139 -0.00536542 -0.00502904 -0.00472269 -0.00444776 -0.00423981 -0.00405226 -0.00389363 -0.00373704 -0.00361238 -0.00351087 -0.00337824 -0.0032945 -0.00321796 -0.00310941 -0.00306373 -0.0030199 -0.00293984 -0.00288522 -0.00284256 -0.00280929 -0.00276606 -0.0027077 -0.00268763 -0.00267424 -0.00264345 -0.00263021 -0.00261152 -0.0025806 -0.00256444 -0.00256033 -0.00256207 
0 7.18358e-05 0.000117076 0.000189857 0.000273412 0.000322364 0.00038715 0.000472278 0.000532611 0.000600996 0.000680651 0.000751288 0.000841238 0.000922709 0.00099932 0.00111141 0.00119602 0.00127655 0.00140949 0.00151356 0.00162228 0.00177982 0.00191007 0.00205797 0.00223917 0.00241653 0.00262667 0.00285038 0.0031248 0.00345076 0.00378386 0.00422895 0.00475578 0.00534067 0.00607834 0.00695259 0.00800788 0.00923002 0.010647 0.0123354 0.0141815 0.0162012 0.0183564 0.0205565 0.0227038 0.0245732 0.0261013 0.0270793 0.0273036 0.0266151 0.0248494 0.022032 0.0180686 0.0130553 0.0071243 0.000525851 -0.00638971 -0.0133731 -0.0200169 -0.0260625 -0.031142 -0.0350701 -0.0377158 -0.0390308 -0.0391133 -0.0380134 -0.0359927 -0.0331906 -0.0299236 -0.0263553 -0.0227335 -0.0192087 -0.0159167 -0.012981 -0.010409 -0.00827539 -0.00648203 -0.0050724 -0.00391141 -0.00304071 -0.00233784 -0.00184192 -0.00145667 -0.00120563 -0.00102253 -0.00091138 -0.000839579 -0.000793942 -0.000774399 -0.000752569 -0.000754758 -0.000738686 -0.000749667 -0.000733525 -0.00074844 -0.000731116 -0.000748087 -0.000729826 -0.000747939 -0.000729234 -0.000747891 -0.00072923 -0.000747926 -0.00072979 -0.000747991 -0.000730874 -0.000747845 -0.000732112 -0.000746436 -0.00073156 -0.000739618 -0.000721592 -0.000713402 -0.000678393 -0.00062906 -0.000542523 -0.000400826 -0.000196909 0.00012071 0.000539823 0.0011435 0.0019009 0.00292469 0.00417656 0.00579213 0.00773132 0.0101143 0.0128746 0.016048 0.0195175 0.0231964 0.0269332 0.0305217 0.0337905 0.0364359 0.038296 0.0390749 0.0386919 0.0369751 0.0339363 0.0296026 0.0241193 0.0177805 0.0108367 0.00368929 -0.0034192 -0.0100925 -0.01606 -0.0210759 -0.0249981 -0.0278474 -0.0295502 -0.0302294 -0.0299655 -0.0289891 -0.0274887 -0.0255587 -0.0234238 -0.0211908 -0.0190314 -0.016971 -0.0150346 -0.0133456 -0.011851 -0.0105655 -0.00945438 -0.00851763 -0.00777579 -0.00710887 -0.00656288 -0.00613333 -0.00574558 -0.00542784 -0.00514386 -0.00491189 -0.00471302 -0.00450512 -0.0043615 -0.0042256 -0.00407438 -0.00398306 -0.00388235 -0.00377045 -0.00369757 -0.00361699 -0.00354286 -0.00348106 -0.00341429 -0.00337575 -0.00333151 -0.00327281 -0.00325018 -0.00322182 -0.00317073 -0.00314758 -0.003135 -0.00311368 -0.00310459 -0.00309763 -0.003078 
0 5.69638e-05 0.000164268 0.0002344 0.00028774 0.00039161 0.000472278 0.000529112 0.000627085 0.000720138 0.000803443 0.000889441 0.000962323 0.00108645 0.00121007 0.00127584 0.00139931 0.00153589 0.00163776 0.00178945 0.00192727 0.00207304 0.00226572 0.00242841 0.00263757 0.00287195 0.00309902 0.00340481 0.00372275 0.00409515 0.00455284 0.00505906 0.0057041 0.00643932 0.00731842 0.00840482 0.00964244 0.0111187 0.01281 0.0147413 0.0168948 0.0191704 0.0215958 0.0240152 0.0263065 0.0283015 0.0298164 0.0307262 0.0307468 0.0297479 0.027588 0.0242344 0.0196925 0.0139742 0.00731237 -6.43845e-05 -0.00777147 -0.0155108 -0.0229226 -0.0296361 -0.0353401 -0.0397405 -0.0427596 -0.0443173 -0.0445121 -0.0434154 -0.0412299 -0.0381817 -0.0345328 -0.030567 -0.0264829 -0.0225134 -0.0187604 -0.0153832 -0.0124009 -0.00988329 -0.00778054 -0.00608534 -0.00472644 -0.00366358 -0.00284634 -0.00222577 -0.00177908 -0.00145077 -0.00123902 -0.00108437 -0.00100248 -0.0009356 -0.000913806 -0.000883847 -0.000884995 -0.000868119 -0.000876407 -0.000863688 -0.00087367 -0.000862367 -0.000872536 -0.000861888 -0.000871978 -0.000861705 -0.000871798 -0.000861697 -0.000871956 -0.000861827 -0.000872378 -0.000861974 -0.000872722 -0.000861484 -0.000871465 -0.000857438 -0.000862755 -0.000839254 -0.000827743 -0.000775776 -0.000716923 -0.000593391 -0.000426285 -0.000154158 0.000217659 0.000748993 0.00145325 0.00238522 0.0035844 0.00510029 0.00699866 0.0093058 0.0120802 0.0152807 0.0189095 0.0228353 0.026986 0.0311505 0.0351635 0.0387416 0.0416325 0.0435694 0.0443276 0.0437778 0.0417809 0.0383473 0.0334729 0.0273823 0.0203171 0.0126471 0.00470724 -0.00318022 -0.0106294 -0.017353 -0.0230339 -0.0275933 -0.0309415 -0.0330869 -0.0340824 -0.0340243 -0.0331691 -0.0316405 -0.0296542 -0.0273494 -0.0249066 -0.022498 -0.0201372 -0.0179567 -0.015964 -0.0142064 -0.0126884 -0.0113429 -0.0102408 -0.00929407 -0.00849702 -0.00784822 -0.0072727 -0.00682513 -0.00642396 -0.00607479 -0.00580653 -0.00553309 -0.00532312 -0.00513664 -0.00494633 -0.00481659 -0.00466354 -0.00453662 -0.00445588 -0.0043231 -0.00422331 -0.00416311 -0.00408373 -0.00401945 -0.00393854 -0.0038813 -0.00387093 -0.00380219 -0.00373699 -0.0037371 -0.00369769 -0.00364949 -0.0036581 -0.00364174 -0.00360122 -0.00360811 
0 9.52443e-05 0.000178591 0.000263224 0.000347673 0.000437648 0.000532611 0.000627085 0.000727639 0.000815477 0.000913596 0.00104127 0.0011422 0.00124065 0.00136183 0.00147465 0.00162661 0.00177679 0.00189177 0.00206795 0.00224516 0.00239726 0.00260673 0.00282182 0.00305499 0.00332754 0.00362197 0.00398059 0.00435948 0.00480667 0.00536436 0.00597491 0.00672695 0.00762997 0.00869035 0.00996376 0.0114287 0.0131579 0.0151216 0.0173003 0.0197089 0.0222413 0.0248637 0.0274279 0.0297909 0.031804 0.0332389 0.0339517 0.033696 0.032328 0.0297373 0.0258587 0.0207393 0.0144125 0.0071163 -0.000891805 -0.00925222 -0.0176118 -0.025631 -0.0328975 -0.0391026 -0.0439352 -0.0472923 -0.0491118 -0.0494486 -0.0484068 -0.0461398 -0.0429176 -0.0389888 -0.0346853 -0.0302206 -0.0258416 -0.0216777 -0.0178734 -0.0144978 -0.0115946 -0.00917362 -0.0071868 -0.00560979 -0.00435342 -0.00339916 -0.0026579 -0.00212719 -0.00172841 -0.00146709 -0.00127729 -0.0011677 -0.00108871 -0.00105086 -0.0010217 -0.00101134 -0.00100153 -0.000999223 -0.000996373 -0.00099542 -0.000995251 -0.000993964 -0.000995038 -0.000993304 -0.000994999 -0.000993097 -0.000994986 -0.000993266 -0.000994937 -0.000993707 -0.000994623 -0.000993937 -0.000992992 -0.000991794 -0.000985789 -0.000979225 -0.000958581 -0.000931458 -0.000871305 -0.000786732 -0.000634475 -0.000421928 -8.86733e-05 0.000359929 0.00099855 0.00182714 0.00293333 0.00433123 0.00611622 0.00831305 0.0109911 0.0141501 0.0177795 0.0218239 0.0261749 0.0307228 0.035258 0.0395903 0.0434004 0.0464352 0.0483854 0.0490674 0.048317 0.0460445 0.0422325 0.0369151 0.0303173 0.0226905 0.0144302 0.00585704 -0.00265301 -0.0107426 -0.0180902 -0.0243957 -0.0295449 -0.0334127 -0.036022 -0.0373994 -0.0376614 -0.0370043 -0.0355691 -0.0335973 -0.0312298 -0.0286582 -0.0260312 -0.0234372 -0.0210141 -0.0187558 -0.01673 -0.014955 -0.0134014 -0.0120874 -0.0109386 -0.00999125 -0.00920464 -0.00850506 -0.00794545 -0.00746726 -0.0070593 -0.0067141 -0.00640374 -0.00616665 -0.00592607 -0.00570635 -0.00555583 -0.00537417 -0.00521109 -0.00509949 -0.00497924 -0.00487973 -0.00477985 -0.00467993 -0.00461595 -0.00454509 -0.00447127 -0.00440614 -0.00434789 -0.00431999 -0.00428346 -0.00424269 -0.00422358 -0.0041776 -0.00414463 -0.00415209 -0.00413581 
0 0.000111527 0.000176206 0.000293053 0.000420707 0.000496457 0.000600996 0.000720138 0.000815477 0.000931986 0.00104559 0.00115741 0.00129932 0.00142194 0.00154793 0.00170667 0.00184541 0.00199492 0.00216727 0.0023416 0.00255263 0.00275435 0.00297007 0.00325257 0.0035099 0.00380293 0.00418421 0.00456862 0.00502809 0.00558259 0.00622458 0.00699223 0.00786605 0.00894821 0.0102215 0.0116615 0.0133864 0.0153511 0.017565 0.0199975 0.0226048 0.0253801 0.0281251 0.0307602 0.0331302 0.0350405 0.0363242 0.0367138 0.0361091 0.0343166 0.0312465 0.0268668 0.0211741 0.0143481 0.00652038 -0.00196978 -0.0108273 -0.0196709 -0.028115 -0.0358216 -0.04239 -0.0476149 -0.0512719 -0.0533653 -0.0538812 -0.0529345 -0.0506879 -0.0473581 -0.0432756 -0.0386925 -0.0339445 -0.0291925 -0.0246732 -0.0204653 -0.0167112 -0.0134364 -0.010677 -0.00840835 -0.00657464 -0.00513813 -0.00400444 -0.00315982 -0.00250531 -0.00205354 -0.00170862 -0.00149873 -0.00133536 -0.00125588 -0.00118448 -0.00116372 -0.00113203 -0.00113261 -0.00111607 -0.00112244 -0.00111157 -0.00111867 -0.00111026 -0.00111695 -0.00110982 -0.00111621 -0.0011097 -0.00111618 -0.00110975 -0.00111679 -0.00110985 -0.00111768 -0.00110929 -0.00111734 -0.00110508 -0.00110979 -0.00108637 -0.00107576 -0.00102132 -0.000964562 -0.000834506 -0.000669077 -0.000383102 -7.50771e-06 0.00055282 0.00127887 0.00227184 0.00353551 0.0051731 0.00721499 0.00973976 0.0127746 0.0163185 0.0203549 0.0247773 0.0295219 0.0343872 0.0392416 0.0437727 0.0477478 0.0508097 0.052726 0.0532683 0.0522954 0.0497486 0.0455746 0.0399146 0.0328997 0.0248853 0.0161602 0.00712535 -0.00185883 -0.010448 -0.0182793 -0.0251563 -0.0308231 -0.0352279 -0.0383038 -0.0401192 -0.0407959 -0.0404123 -0.0392066 -0.0373252 -0.0350137 -0.0324059 -0.0296238 -0.026879 -0.0242166 -0.021738 -0.0194443 -0.017389 -0.0156311 -0.0140584 -0.0127181 -0.0115949 -0.0106415 -0.00984723 -0.00914359 -0.00858833 -0.00811604 -0.00766395 -0.00732238 -0.0070172 -0.00672666 -0.00649644 -0.00628344 -0.00610643 -0.0059387 -0.00577152 -0.00565409 -0.00552511 -0.005397 -0.00531116 -0.00520768 -0.00512725 -0.00507353 -0.00498134 -0.00493375 -0.00490887 -0.00481276 -0.00476972 -0.00478222 -0.00472223 -0.00469636 -0.0047219 -0.00466609 
0 0.000105792 0.000225749 0.000336747 0.000446419 0.000561622 0.000680651 0.000803443 0.000913596 0.00104559 0.00119732 0.0013048 0.00142858 0.00160491 0.00175716 0.00190616 0.0020754 0.00225023 0.00245272 0.0026533 0.00286417 0.00311123 0.00336866 0.00366532 0.00398476 0.00433641 0.00476854 0.00523395 0.00577398 0.00643013 0.00718597 0.0080814 0.00912811 0.01039 0.0118668 0.0135426 0.0155071 0.0177283 0.0201802 0.0228286 0.0256306 0.028537 0.0313487 0.03396 0.036225 0.037953 0.038944 0.0389629 0.0379238 0.0356713 0.0321206 0.0272346 0.0210631 0.0137953 0.00558419 -0.00326787 -0.0124753 -0.0216413 -0.0303904 -0.0383761 -0.0452437 -0.0507699 -0.054727 -0.0570836 -0.0578077 -0.057014 -0.0548415 -0.051518 -0.0473429 -0.0425956 -0.0376016 -0.0325568 -0.0277009 -0.0231337 -0.0190126 -0.0153738 -0.0122822 -0.00970943 -0.00762681 -0.00597398 -0.00467657 -0.0036901 -0.00293372 -0.00239254 -0.00198761 -0.00172566 -0.00153091 -0.00142519 -0.00133994 -0.0013084 -0.00127142 -0.00126896 -0.00125014 -0.00125686 -0.00124421 -0.00125306 -0.00124258 -0.00125164 -0.00124209 -0.00125108 -0.00124196 -0.00125104 -0.00124199 -0.00125137 -0.00124194 -0.00125154 -0.00124075 -0.00124929 -0.00123414 -0.00123638 -0.00120749 -0.0011876 -0.00112019 -0.00104023 -0.000881254 -0.000668614 -0.000327067 0.000130975 0.000785741 0.00164324 0.00278761 0.00425304 0.00612373 0.00845641 0.0113028 0.0146998 0.018614 0.0230235 0.0277996 0.0328635 0.0380039 0.0430583 0.0477174 0.0517197 0.0547377 0.0565255 0.0568846 0.0556648 0.0528306 0.0483567 0.0424041 0.0351282 0.0268443 0.0178439 0.00850315 -0.000792839 -0.00971529 -0.0179331 -0.0252528 -0.0314204 -0.036327 -0.0399108 -0.0422237 -0.0433673 -0.0433916 -0.0424904 -0.0408341 -0.0386528 -0.0360841 -0.0332563 -0.0303806 -0.0275488 -0.024857 -0.0223279 -0.0200313 -0.0180212 -0.0162271 -0.0146743 -0.0133471 -0.0122234 -0.0112726 -0.0104438 -0.00977171 -0.00919633 -0.0086884 -0.00827316 -0.00790428 -0.00759183 -0.00731454 -0.00705806 -0.00685018 -0.00665525 -0.00648255 -0.00632282 -0.00616272 -0.00605767 -0.00595577 -0.00582431 -0.00573084 -0.00566077 -0.0055884 -0.00551323 -0.00544122 -0.00540464 -0.00536041 -0.00530093 -0.00529018 -0.00526856 -0.00521959 -0.00522475 
0 0.000118658 0.000269519 0.000372133 0.000482365 0.000631597 0.000751288 0.000889441 0.00104127 0.00115741 0.0013048 0.0014714 0.00161916 0.00178104 0.00193906 0.00211743 0.00232797 0.00252181 0.00273866 0.00297227 0.00320537 0.00349343 0.00378897 0.00410209 0.00449505 0.00491491 0.00539101 0.00595728 0.00659665 0.00736148 0.0082503 0.0092921 0.010541 0.0119852 0.0136725 0.0156109 0.0178023 0.0202676 0.0229314 0.0257696 0.0287248 0.0316709 0.034484 0.0369832 0.0390478 0.0404877 0.0410745 0.0406655 0.0391191 0.0363734 0.0323254 0.0269607 0.0203934 0.0127642 0.0043054 -0.00478541 -0.0141765 -0.0235116 -0.0324216 -0.0405501 -0.047634 -0.0533779 -0.0576236 -0.0602266 -0.0611995 -0.0606041 -0.0585831 -0.0553633 -0.0511831 -0.0463773 -0.0411958 -0.0359388 -0.0307738 -0.0259012 -0.0214213 -0.0174437 -0.0140124 -0.011132 -0.00878662 -0.00689763 -0.00542848 -0.0042749 -0.00341795 -0.00276038 -0.00230375 -0.00196252 -0.0017493 -0.00159159 -0.00150836 -0.00144284 -0.00141777 -0.00139171 -0.00138778 -0.00137649 -0.00137844 -0.00137243 -0.00137532 -0.00137137 -0.00137412 -0.00137108 -0.00137376 -0.00137102 -0.00137395 -0.00137095 -0.00137432 -0.00137012 -0.00137329 -0.00136543 -0.00136483 -0.00134586 -0.00132954 -0.00127928 -0.00121639 -0.00108954 -0.000917176 -0.000631712 -0.000246635 0.000319966 0.00106292 0.00207742 0.0033759 0.00506584 0.0071801 0.00981393 0.0129895 0.0167327 0.0210111 0.0257483 0.0308562 0.0361668 0.0415337 0.0466855 0.0513909 0.0553119 0.0582029 0.059795 0.0599179 0.058444 0.0553143 0.0506014 0.044413 0.0369977 0.028567 0.0194475 0.00996647 0.000501135 -0.00860162 -0.0171025 -0.0247433 -0.0313487 -0.0367237 -0.0408228 -0.0436754 -0.0453184 -0.0458461 -0.0453452 -0.0440305 -0.0420766 -0.0396329 -0.0368746 -0.0339379 -0.0309965 -0.0281252 -0.0253924 -0.0228825 -0.0205986 -0.0185803 -0.0168079 -0.0152588 -0.0139458 -0.0128138 -0.0118598 -0.0110507 -0.0103495 -0.00978426 -0.00928499 -0.00884135 -0.00848832 -0.00816145 -0.00787182 -0.00762174 -0.0073849 -0.00719579 -0.00702054 -0.00685667 -0.00672016 -0.00657331 -0.00646879 -0.00638244 -0.00625172 -0.00616935 -0.0061079 -0.00601734 -0.00598972 -0.00595166 -0.00586325 -0.00584526 -0.00582222 -0.00576295 -0.00578431 
0 0.000119287 0.000273466 0.000408696 0.000547764 0.000714673 0.000841238 0.000962323 0.0011422 0.00129932 0.00142858 0.00161916 0.00180812 0.00195898 0.00216085 0.00237448 0.00256052 0.00279155 0.00303904 0.00328584 0.00358323 0.00389986 0.00423254 0.00461143 0.00504268 0.00553575 0.00607818 0.00672652 0.00750831 0.00838422 0.00942598 0.0106697 0.0121048 0.0137662 0.0156726 0.0178573 0.0202891 0.0229403 0.0258042 0.028791 0.0318161 0.0347506 0.037455 0.0397794 0.0415384 0.0425736 0.0426947 0.0417679 0.0396957 0.0364066 0.0318671 0.0260827 0.0191791 0.0113155 0.00269254 -0.00647813 -0.0159133 -0.0252631 -0.0341873 -0.0423662 -0.0495476 -0.0554723 -0.0599422 -0.062809 -0.0640429 -0.0637001 -0.0619089 -0.0588643 -0.0547947 -0.0499927 -0.0447314 -0.0392971 -0.0338999 -0.0287392 -0.0239449 -0.0196356 -0.0158722 -0.0126833 -0.0100528 -0.00792784 -0.00625048 -0.00493891 -0.00394178 -0.00318484 -0.00263771 -0.00223803 -0.00197064 -0.00178281 -0.00167081 -0.00159252 -0.00155408 -0.00152372 -0.00151433 -0.00150178 -0.00150193 -0.00149522 -0.00149799 -0.00149318 -0.00149661 -0.00149251 -0.0014962 -0.00149242 -0.00149634 -0.00149253 -0.00149647 -0.00149177 -0.00149438 -0.00148584 -0.0014819 -0.00146013 -0.00143397 -0.00137402 -0.00128791 -0.00113616 -0.000917346 -0.000581069 -0.000115383 0.000540023 0.00141056 0.00256868 0.00406039 0.00597029 0.00835796 0.0112912 0.0147998 0.0188805 0.023491 0.0285383 0.0339118 0.0394385 0.0449314 0.0501248 0.0547562 0.0585262 0.0611928 0.06253 0.0623761 0.0606188 0.0572311 0.0522986 0.0459763 0.0384878 0.0300495 0.0209429 0.011476 0.00200263 -0.00717501 -0.0158127 -0.0236935 -0.0306254 -0.036432 -0.0410438 -0.0444338 -0.0466352 -0.0476966 -0.0477146 -0.0468375 -0.0452074 -0.0430093 -0.0403947 -0.0375223 -0.0345241 -0.0315222 -0.0286412 -0.0259122 -0.0233903 -0.0211197 -0.0191138 -0.0173583 -0.0158109 -0.0145081 -0.0134085 -0.0124421 -0.0116307 -0.0109489 -0.0103639 -0.00984856 -0.00940389 -0.00904478 -0.00870881 -0.00841365 -0.00818143 -0.00794002 -0.00773115 -0.00757374 -0.00739031 -0.00722684 -0.00711797 -0.00699574 -0.0068734 -0.00679642 -0.00672683 -0.00663322 -0.00655053 -0.0065019 -0.0064604 -0.00641569 -0.00638936 -0.00637128 -0.00633746 
0 0.000156054 0.000296067 0.000455313 0.00060925 0.000752511 0.000922709 0.00108645 0.00124065 0.00142194 0.00160491 0.00178104 0.00195898 0.00215596 0.00239509 0.00261334 0.0028206 0.00309241 0.00336728 0.00364332 0.00397104 0.00431597 0.00470494 0.00514506 0.00563865 0.00621722 0.00685213 0.00761526 0.00852317 0.00953203 0.0107489 0.0121828 0.0138241 0.0157136 0.0178561 0.0202937 0.022943 0.0257753 0.028796 0.0318642 0.0348827 0.0377035 0.04021 0.0422498 0.0435979 0.0441433 0.0437255 0.0422489 0.0396236 0.0357921 0.0307966 0.0246551 0.0175122 0.00950439 0.000827222 -0.00830195 -0.0176468 -0.0268748 -0.0357072 -0.0438368 -0.0510429 -0.05708 -0.0617342 -0.0648555 -0.066365 -0.066323 -0.0648135 -0.0620235 -0.0581374 -0.0534252 -0.0481549 -0.0426077 -0.0370313 -0.0316202 -0.0265483 -0.0219218 -0.0178449 -0.0143394 -0.0114249 -0.00904418 -0.00715299 -0.00566483 -0.00452216 -0.00365336 -0.00301087 -0.00254579 -0.00221884 -0.00199864 -0.00185201 -0.00176281 -0.00170482 -0.00167514 -0.00165364 -0.00164672 -0.0016378 -0.00163833 -0.0016331 -0.00163584 -0.00163163 -0.00163508 -0.00163122 -0.00163493 -0.00163122 -0.00163485 -0.00163081 -0.00163324 -0.00162687 -0.00162408 -0.00160844 -0.00158814 -0.00154351 -0.00147468 -0.00135607 -0.00117556 -0.000900395 -0.00050404 5.25774e-05 0.000812251 0.00182185 0.00314624 0.00484394 0.00700014 0.00966863 0.0129184 0.0167496 0.0211619 0.0260717 0.0313971 0.0369828 0.042663 0.0482052 0.0533481 0.0578182 0.0613413 0.0637107 0.064719 0.0642487 0.0621878 0.058563 0.0534623 0.047073 0.0396048 0.0312613 0.0223098 0.0130039 0.00367122 -0.00545002 -0.014112 -0.0221168 -0.0292904 -0.0354645 -0.0405717 -0.0445098 -0.0472938 -0.0489479 -0.0495511 -0.0492098 -0.0480014 -0.0461371 -0.0437617 -0.0410289 -0.0380642 -0.0349952 -0.0320058 -0.0291118 -0.02638 -0.0238836 -0.0216391 -0.0196628 -0.01789 -0.0163714 -0.015091 -0.0139564 -0.0130056 -0.0121998 -0.0115097 -0.0109258 -0.0104085 -0.00998443 -0.00960048 -0.00925187 -0.00898501 -0.00871702 -0.00846211 -0.00827247 -0.0080977 -0.00793272 -0.00777393 -0.00763373 -0.00753617 -0.00742467 -0.00731189 -0.00724208 -0.00716721 -0.00709525 -0.00705362 -0.00700419 -0.00696076 -0.00694021 -0.00691403 
0 0.000191231 0.000321042 0.000496139 0.000675125 0.000806345 0.00099932 0.00121007 0.00136183 0.00154793 0.00175716 0.00193906 0.00216085 0.00239509 0.00259895 0.0028443 0.00312757 0.00340334 0.00370165 0.00403026 0.00438379 0.00478425 0.00522673 0.00572455 0.006303 0.00695481 0.0077149 0.00860829 0.00963292 0.0108364 0.0122394 0.0138693 0.0157458 0.0178547 0.0202498 0.0228977 0.0257289 0.0287315 0.0318246 0.0349166 0.0378406 0.0404667 0.0427015 0.0443314 0.0452037 0.0451743 0.0441666 0.0421087 0.038894 0.0345573 0.0291273 0.0227148 0.015414 0.00735592 -0.0012504 -0.0102342 -0.0193339 -0.0283364 -0.0369563 -0.0449562 -0.0521126 -0.0581887 -0.0630022 -0.0663477 -0.0681757 -0.068459 -0.0673073 -0.064831 -0.0612118 -0.0566733 -0.0514653 -0.045888 -0.0401733 -0.0345766 -0.0292408 -0.02434 -0.0199423 -0.0161368 -0.0129163 -0.0102744 -0.00814587 -0.00646572 -0.00516316 -0.0041637 -0.00342197 -0.00287057 -0.00248829 -0.00221358 -0.00204268 -0.0019205 -0.00185775 -0.0018074 -0.00179131 -0.00176943 -0.00177021 -0.00175798 -0.00176394 -0.00175465 -0.00176203 -0.00175367 -0.00176149 -0.00175345 -0.00176141 -0.00175316 -0.00176056 -0.00175059 -0.00175463 -0.00173774 -0.00172915 -0.00168994 -0.00164387 -0.00154522 -0.00140788 -0.00117765 -0.000855201 -0.000378982 0.000265997 0.00114767 0.00230302 0.00380874 0.00572893 0.0081386 0.0111061 0.0146597 0.0188201 0.0235247 0.0287226 0.0342638 0.0400278 0.0457794 0.0513083 0.0563131 0.0605458 0.0637565 0.0657561 0.0664019 0.0655626 0.0632152 0.0593602 0.0541597 0.0477591 0.0403864 0.0322322 0.0235268 0.0145226 0.00542938 -0.00350014 -0.0120936 -0.0201165 -0.0274325 -0.0339112 -0.0394349 -0.0439192 -0.0472707 -0.0495508 -0.0507848 -0.0510334 -0.0503703 -0.0489231 -0.0469014 -0.0444003 -0.0415637 -0.0385399 -0.0354699 -0.0324692 -0.0295617 -0.0268506 -0.0243819 -0.0221486 -0.0201721 -0.018428 -0.0169248 -0.0156354 -0.014517 -0.0135739 -0.012766 -0.0120741 -0.0114893 -0.0109745 -0.0105354 -0.0101528 -0.00979973 -0.00951294 -0.00926789 -0.00901427 -0.00880332 -0.00863893 -0.00846504 -0.00831602 -0.00819117 -0.00804641 -0.00793849 -0.00787475 -0.0077894 -0.00770979 -0.0076562 -0.00759512 -0.00754812 -0.00752618 -0.00750381 
0 0.000164552 0.000347996 0.000540182 0.000725504 0.000921263 0.00111141 0.00127584 0.00147465 0.00170667 0.00190616 0.00211743 0.00237448 0.00261334 0.0028443 0.00312639 0.00342909 0.00372019 0.00405153 0.00444079 0.00484673 0.00529023 0.00580728 0.0063839 0.0070295 0.00778791 0.00868032 0.00969978 0.010889 0.012296 0.0139081 0.0157544 0.0178584 0.0202165 0.0228313 0.0256512 0.0286472 0.0317502 0.0348595 0.0378743 0.0406186 0.0429833 0.0448244 0.0459674 0.0462784 0.04563 0.044006 0.0413247 0.0375521 0.0327339 0.0269465 0.0203342 0.0129519 0.00495677 -0.00349375 -0.0122017 -0.0209672 -0.0296348 -0.0379583 -0.0457597 -0.0527855 -0.0588604 -0.0637708 -0.0673454 -0.0694876 -0.0701408 -0.0693872 -0.067279 -0.0639991 -0.0596945 -0.0546405 -0.0490844 -0.0433113 -0.0375587 -0.032014 -0.0268524 -0.0221615 -0.0180558 -0.0145285 -0.0116167 -0.00923152 -0.00735302 -0.00586508 -0.00473656 -0.00386952 -0.00323993 -0.00277692 -0.00245971 -0.00224083 -0.00209999 -0.00201133 -0.0019558 -0.00192653 -0.0019053 -0.00189927 -0.00188932 -0.00189138 -0.0018844 -0.0018892 -0.00188289 -0.0018886 -0.00188255 -0.00188826 -0.0018822 -0.00188646 -0.00187874 -0.00187736 -0.00186152 -0.00184219 -0.00179923 -0.00173122 -0.00161695 -0.00143742 -0.00116966 -0.000774016 -0.000226845 0.000534033 0.00153456 0.00286411 0.00455599 0.00672376 0.00939557 0.0126716 0.0165306 0.0210021 0.0259871 0.0314259 0.0371555 0.0430218 0.0487957 0.0542155 0.0590211 0.0629325 0.0657759 0.0673509 0.0675849 0.0663613 0.0637087 0.0596693 0.0543957 0.0480617 0.0408384 0.0329564 0.0245875 0.0159724 0.00724262 -0.00140597 -0.00980251 -0.0177626 -0.0251247 -0.0318195 -0.0376959 -0.0426588 -0.0465904 -0.0494893 -0.051386 -0.0522721 -0.0522245 -0.0513189 -0.0497231 -0.0475605 -0.0449515 -0.0420637 -0.0390071 -0.0359259 -0.0329066 -0.030017 -0.0273247 -0.0248546 -0.022653 -0.0206949 -0.0189614 -0.0174768 -0.0162001 -0.0150886 -0.0141345 -0.0133322 -0.0126402 -0.0120285 -0.0115242 -0.0110974 -0.0106948 -0.0103518 -0.0100803 -0.00981267 -0.00955145 -0.00935436 -0.00917783 -0.0089877 -0.00884677 -0.0087407 -0.00861537 -0.00850012 -0.00840865 -0.00832823 -0.00826569 -0.00821245 -0.00816825 -0.00813556 -0.00810356 
0 0.000188944 0.000398986 0.000588674 0.000773732 0.000989052 0.00119602 0.00139931 0.00162661 0.00184541 0.0020754 0.00232797 0.00256052 0.0028206 0.00312757 0.00342909 0.00374257 0.00407891 0.00445699 0.00489176 0.00533155 0.00583269 0.00644264 0.0070988 0.00784993 0.00874764 0.00977277 0.0109514 0.0123217 0.0139277 0.0157603 0.0178174 0.020163 0.0227656 0.0255669 0.0285514 0.0316622 0.0348051 0.03785 0.0406769 0.0431657 0.0451551 0.0465018 0.0470754 0.0467573 0.0454821 0.0432087 0.039921 0.0356303 0.030395 0.0243463 0.0175907 0.0102283 0.00237457 -0.00581672 -0.0141587 -0.0225241 -0.0307686 -0.0387492 -0.0462679 -0.0531221 -0.0591328 -0.0641052 -0.0678923 -0.070339 -0.0713978 -0.0710533 -0.0693758 -0.0664661 -0.0624766 -0.0576324 -0.0521756 -0.0464034 -0.0405441 -0.0348404 -0.0294367 -0.0244914 -0.0200779 -0.0162672 -0.0130581 -0.0104271 -0.00831674 -0.00664974 -0.00536391 -0.00437632 -0.00364851 -0.00310687 -0.00273485 -0.00246684 -0.0023021 -0.00218359 -0.00212372 -0.00207501 -0.00205989 -0.00203872 -0.00203962 -0.00202778 -0.00203358 -0.00202464 -0.0020318 -0.00202376 -0.00203129 -0.00202325 -0.00203035 -0.00202071 -0.00202468 -0.0020083 -0.00200018 -0.001962 -0.00191757 -0.00182106 -0.00168736 -0.0014609 -0.00114443 -0.000673139 -3.55056e-05 0.000841768 0.00199008 0.00349353 0.00540845 0.00782024 0.0107891 0.014358 0.0185402 0.0232896 0.0285474 0.0341788 0.040058 0.0459639 0.0516862 0.0569296 0.0614489 0.0649929 0.067394 0.068521 0.0682881 0.0666773 0.0637099 0.0595126 0.0542095 0.0479823 0.0409872 0.0334248 0.0254851 0.0173182 0.00905154 0.000784848 -0.00731516 -0.0151026 -0.0224461 -0.0292512 -0.0354102 -0.0407794 -0.045262 -0.0487905 -0.0513413 -0.0529099 -0.0535194 -0.0532432 -0.0521648 -0.0504104 -0.0481356 -0.0454651 -0.0425222 -0.0394401 -0.0363573 -0.0333627 -0.0304814 -0.0277989 -0.0253749 -0.0231822 -0.0212221 -0.0195045 -0.0180318 -0.0167516 -0.0156276 -0.0147011 -0.0139068 -0.0131919 -0.0126019 -0.0120994 -0.011652 -0.011253 -0.0108963 -0.0106146 -0.0103603 -0.010107 -0.00990339 -0.00972169 -0.00955427 -0.00941636 -0.0092728 -0.00915074 -0.00906594 -0.00897536 -0.00889666 -0.00884499 -0.0087924 -0.00874552 -0.00872211 
0 0.000227776 0.000424897 0.000632914 0.00085628 0.00105918 0.00127655 0.00153589 0.00177679 0.00199492 0.00225023 0.00252181 0.00279155 0.00309241 0.00340334 0.00372019 0.00407891 0.0044771 0.00490713 0.00536323 0.00587449 0.00647688 0.00714355 0.00789941 0.00878664 0.009808 0.0109971 0.0123581 0.0139337 0.015766 0.0178119 0.0201121 0.022688 0.0254816 0.0284504 0.0315367 0.0346984 0.0377983 0.0406776 0.0432557 0.0453871 0.0469172 0.0476958 0.0476275 0.0466632 0.0447238 0.0418051 0.0379301 0.0331637 0.0276027 0.0213522 0.0145464 0.00727864 -0.000334972 -0.00816403 -0.0160741 -0.0239567 -0.0317371 -0.0392982 -0.0464865 -0.0531165 -0.0590194 -0.0640361 -0.0680046 -0.0707755 -0.0722371 -0.0723471 -0.0711246 -0.0686415 -0.0650239 -0.0604539 -0.055174 -0.0494525 -0.0435556 -0.0377149 -0.0321194 -0.0269209 -0.0222284 -0.0181196 -0.0146183 -0.0117182 -0.00936562 -0.0075 -0.00604061 -0.00492298 -0.00407855 -0.00345816 -0.00301132 -0.00270121 -0.00249177 -0.00235589 -0.00227097 -0.00221915 -0.00218978 -0.00217206 -0.00216367 -0.00215761 -0.00215608 -0.00215346 -0.00215397 -0.00215227 -0.00215321 -0.00215142 -0.00215143 -0.00214758 -0.00214285 -0.0021304 -0.00210938 -0.00206957 -0.00200271 -0.00189198 -0.00171783 -0.00145444 -0.00106911 -0.000526587 0.00021974 0.00121663 0.00252855 0.00421827 0.00636666 0.0090394 0.0123009 0.0161726 0.0206495 0.0256718 0.0311506 0.0369519 0.0429086 0.0488065 0.0543925 0.0593968 0.0635633 0.0666871 0.0686169 0.0692571 0.0685616 0.0665469 0.063301 0.0589589 0.0536746 0.0475951 0.0408778 0.0336991 0.0262198 0.0185631 0.0107945 0.00299684 -0.00472835 -0.0122618 -0.0194974 -0.0263424 -0.0326687 -0.0383694 -0.0433249 -0.0474421 -0.0506387 -0.0528752 -0.054189 -0.0545884 -0.0541244 -0.0528877 -0.0510303 -0.0486963 -0.0459589 -0.0429768 -0.0398983 -0.036824 -0.0338216 -0.0309457 -0.0283013 -0.0258881 -0.023695 -0.021762 -0.0200641 -0.018593 -0.0173155 -0.0162058 -0.015277 -0.0144719 -0.0137655 -0.0131639 -0.0126497 -0.0122142 -0.0118147 -0.0114587 -0.011175 -0.0109101 -0.0106689 -0.0104773 -0.010279 -0.0100896 -0.00996713 -0.00985892 -0.00972827 -0.00963209 -0.00956287 -0.0094775 -0.00942114 -0.00939733 -0.00935374 
