0 0 0 0 0 0 0 0 0 0 0 0 0 0 0 0 0 0 0 0 0 0 0 0 0 0 0 0 0 0 0 0 0 0 0 0 0 0 0 0 0 0 0 0 0 0 0 0 0 0 0 0 0 0 0 0 0 0 0 0 0 0 0 0 0 0 0 0 0 0 0 0 0 0 0 0 0 0 0 0 0 0 0 0 0 0 0 0 0 0 0 0 0 0 0 0 0 0 0 0 0 0 0 0 0 0 0 0 0 0 0 0 0 0 0 0 0 0 0 0 0 0 0 0 0 0 0 0 0 0 0 0 0 0 0 0 0 0 0 0 0 0 0 0 0 0 0 0 0 0 0 0 0 0 0 0 0 0 0 0 0 0 0 0 0 0 0 0 0 0 0 0 0 0 0 0 0 0 0 0 0 0 0 0 0 0 0 0 0 0 0 0 0 0 0 0 0 0 0 0 
0 3.45491e-05 1.652e-05 4.02158e-05 6.95112e-05 5.14489e-05 6.98031e-05 0.000111452 0.000124332 0.000134532 0.000135858 0.000145551 0.000185702 0.000205078 0.000207894 0.000235845 0.000269032 0.000286772 0.000299375 0.000326262 0.00036272 0.00038886 0.000421927 0.000475517 0.000520332 0.000555463 0.000622726 0.000698109 0.000756718 0.000857654 0.000988121 0.00112472 0.00129685 0.00150271 0.00176872 0.0020555 0.00236719 0.00276379 0.00317174 0.0035956 0.00401807 0.00441673 0.00478817 0.00501038 0.00511026 0.00504467 0.00477133 0.00428372 0.0035139 0.00257129 0.0014361 0.000172377 -0.00117336 -0.00255588 -0.00381546 -0.00496152 -0.00587659 -0.00659688 -0.00705798 -0.00724001 -0.00718524 -0.00687232 -0.0064415 -0.00585403 -0.00523504 -0.00454491 -0.00386363 -0.00320884 -0.00259982 -0.0020989 -0.00164531 -0.00131805 -0.00100934 -0.00080641 -0.000604138 -0.000480585 -0.000360362 -0.000289181 -0.000232017 -0.00019148 -0.000176319 -0.000148577 -0.000156987 -0.000131643 -0.000151549 -0.000125083 -0.000149853 -0.000122401 -0.000148569 -0.000121314 -0.00014705 -0.000121006 -0.000145415 -0.000121097 -0.000143901 -0.000121347 -0.000142698 -0.000121596 -0.000141932 -0.000121745 -0.00014167 -0.000121745 -0.000141932 -0.000121596 -0.000142698 -0.000121347 -0.0001439 -0.000121095 -0.000145411 -0.000120996 -0.000147022 -0.000121241 -0.000148385 -0.000121955 -0.000148813 -0.000122752 -0.000146534 -0.000121291 -0.000136502 -0.000109755 -0.000105891 -6.92308e-05 -2.89737e-05 3.3699e-05 0.000131971 0.000241184 0.000417299 0.0005965 0.000872275 0.00116071 0.00157461 0.00202894 0.00261076 0.00324137 0.00393629 0.00464884 0.00532774 0.00599031 0.00653222 0.00699307 0.00722208 0.00724632 0.00697393 0.00644337 0.00567734 0.00466102 0.00348127 0.00211109 0.000718017 -0.000670306 -0.00195495 -0.00309971 -0.00409496 -0.00482589 -0.00534054 -0.00560244 -0.00568871 -0.00560795 -0.00534377 -0.00500363 -0.00459004 -0.00417017 -0.00372725 -0.00327992 -0.00291011 -0.00256316 -0.00225485 -0.0019903 -0.00177376 -0.00161146 -0.00144422 -0.00131406 -0.00122886 -0.00113262 -0.00104959 -0.000994291 -0.000947314 -0.000898633 -0.000859339 -0.000839321 -0.000812262 -0.000771682 -0.000751762 -0.00074407 -0.000708864 -0.000679528 -0.000683536 -0.000676152 -0.000665197 -0.00065291 -0.000616857 -0.000623476 -0.000643714 -0.000597956 -0.000590951 -0.000626485 -0.000591776 -0.000579767 -0.000615098 -0.00058417 
0 1.652e-05 5.04496e-05 8.65182e-05 0.000107212 0.000142259 0.000182543 0.000190307 0.000206032 0.000253444 0.000303158 0.000337282 0.000349999 0.000389651 0.000447615 0.000462746 0.000507971 0.000576 0.000600086 0.000672395 0.000747887 0.000774353 0.000859817 0.000945123 0.00101379 0.00112506 0.00123957 0.00139587 0.00155542 0.00173319 0.00200883 0.0022786 0.00260532 0.00304269 0.00353391 0.00412433 0.00477042 0.00553094 0.00637734 0.00719777 0.00804807 0.0088382 0.00951732 0.009979 0.0101263 0.00998723 0.00942217 0.00841345 0.00692587 0.00501648 0.00279965 0.000281174 -0.00237496 -0.00507311 -0.00759696 -0.00982211 -0.011682 -0.013078 -0.0140112 -0.0143824 -0.0142694 -0.0137025 -0.0128172 -0.011708 -0.0104377 -0.00910677 -0.00773215 -0.00644113 -0.00523575 -0.00421199 -0.00333536 -0.00263063 -0.00205612 -0.00159333 -0.00123362 -0.000938432 -0.00073209 -0.000559335 -0.0004607 -0.000371097 -0.000336453 -0.00029404 -0.000288706 -0.000268956 -0.000272786 -0.000263381 -0.000267663 -0.000263686 -0.000265683 -0.000265287 -0.000264612 -0.00026689 -0.0002639 -0.000268187 -0.00026341 -0.000269128 -0.000263092 -0.000269731 -0.000262914 -0.000270023 -0.000262857 -0.000270023 -0.000262914 -0.000269731 -0.000263092 -0.000269127 -0.000263409 -0.000268184 -0.000263891 -0.000266866 -0.000264548 -0.00026512 -0.000265268 -0.000262692 -0.000265369 -0.000258294 -0.000261951 -0.000246807 -0.000245283 -0.000212458 -0.00018965 -0.000118158 -4.33567e-05 0.000100579 0.000269519 0.000524806 0.000832159 0.00123978 0.00174045 0.00236722 0.0031502 0.00408938 0.00522221 0.00647771 0.00786161 0.00924908 0.0106321 0.0118997 0.0130171 0.0138756 0.014355 0.0143792 0.0138448 0.0128153 0.0112645 0.00929181 0.00691188 0.00424597 0.00147119 -0.00127838 -0.00381604 -0.00612468 -0.00805533 -0.0095512 -0.0105641 -0.0111068 -0.0113014 -0.011113 -0.010646 -0.00995825 -0.00916031 -0.0083401 -0.00744863 -0.00661515 -0.00585122 -0.00516708 -0.00456758 -0.00400894 -0.00359119 -0.0032279 -0.00289116 -0.00265149 -0.00244008 -0.00227728 -0.00212676 -0.00199456 -0.00192517 -0.00181172 -0.00171993 -0.00168121 -0.00159774 -0.00154632 -0.00151799 -0.00146041 -0.00143317 -0.00140926 -0.00137274 -0.00133413 -0.00129255 -0.00129738 -0.00129352 -0.00124151 -0.00123396 -0.00124263 -0.0012112 -0.00119936 -0.00120264 -0.00118697 -0.00117707 -0.00118185 
0 4.02158e-05 8.65182e-05 0.00012394 0.000158776 0.000207424 0.000255328 0.0002954 0.000340591 0.00038789 0.000436887 0.000487897 0.000534672 0.000594156 0.000660079 0.000711923 0.000778996 0.00085584 0.000918263 0.00100358 0.00109888 0.00118247 0.00129741 0.00142423 0.00154984 0.00170906 0.00188945 0.00210243 0.00235309 0.00264596 0.00302646 0.00346486 0.00398086 0.00463141 0.00538343 0.00625533 0.00724927 0.00836179 0.00958364 0.0108149 0.0120415 0.0131942 0.0141438 0.014793 0.0150025 0.0147312 0.013868 0.0123271 0.0101287 0.00730184 0.00399625 0.00028945 -0.00364271 -0.00757949 -0.0113079 -0.0145885 -0.0173365 -0.0194077 -0.0207624 -0.0213417 -0.0211737 -0.0203855 -0.0190828 -0.0174606 -0.0155846 -0.0136099 -0.0115952 -0.00966772 -0.00790471 -0.00635508 -0.0050649 -0.00398322 -0.00313249 -0.00242293 -0.00188571 -0.00144127 -0.00112333 -0.00087276 -0.000706063 -0.00058755 -0.000510669 -0.000467845 -0.000432991 -0.000426114 -0.000405921 -0.000413732 -0.000396883 -0.000410145 -0.000393514 -0.000408599 -0.000391957 -0.000407404 -0.000391127 -0.000406316 -0.000390676 -0.000405397 -0.000390446 -0.000404733 -0.000390344 -0.000404387 -0.000390315 -0.000404387 -0.000390344 -0.000404733 -0.000390446 -0.000405396 -0.000390674 -0.00040631 -0.00039111 -0.000407359 -0.000391837 -0.000408294 -0.000392767 -0.000408383 -0.000392883 -0.000404997 -0.000387597 -0.000389197 -0.000361625 -0.000335539 -0.000275543 -0.000187049 -5.19953e-05 0.000152353 0.000421336 0.000802876 0.00127044 0.00189526 0.00264562 0.00361338 0.00477566 0.00620831 0.00787153 0.00975535 0.0117807 0.013846 0.0158813 0.0177472 0.0193851 0.0206029 0.0212952 0.0212824 0.0205085 0.0189664 0.0166819 0.0137597 0.0102496 0.00636147 0.00227625 -0.00174558 -0.00551654 -0.00891151 -0.0117618 -0.0139974 -0.0155251 -0.0164073 -0.0167124 -0.0164884 -0.0158509 -0.0148802 -0.0137421 -0.0125079 -0.0112249 -0.00999413 -0.00884312 -0.00782061 -0.0069067 -0.00610253 -0.00544962 -0.0048878 -0.00441294 -0.00402769 -0.00370342 -0.00344317 -0.00321114 -0.00301901 -0.0028738 -0.00272741 -0.00260851 -0.00251803 -0.00241954 -0.00234158 -0.002276 -0.00220454 -0.00214894 -0.00209962 -0.0020536 -0.00201509 -0.00197277 -0.00194331 -0.00192081 -0.00188265 -0.00185746 -0.0018496 -0.0018262 -0.00180316 -0.00179955 -0.00179261 -0.0017783 -0.00177348 
0 6.95112e-05 0.000107212 0.000158776 0.000231756 0.000274186 0.000317648 0.000401575 0.000474745 0.000525436 0.000573817 0.000635525 0.000735023 0.000807215 0.0008564 0.000968149 0.00105735 0.00112621 0.00125468 0.00134463 0.00144983 0.00161686 0.00173803 0.00190474 0.00210846 0.00229838 0.00256571 0.00284112 0.00318175 0.00362383 0.00408888 0.00471073 0.00544082 0.00627988 0.0073168 0.00846148 0.00980267 0.0112712 0.0128155 0.0144597 0.0160142 0.0174688 0.0186435 0.0193957 0.0196471 0.0191733 0.0179756 0.0159049 0.0129937 0.00932178 0.00495051 0.000146671 -0.00497386 -0.0100572 -0.0148813 -0.0191836 -0.0227394 -0.0254783 -0.0272151 -0.0280168 -0.0278336 -0.0268554 -0.0252136 -0.0230896 -0.0206801 -0.0180677 -0.0154721 -0.0129245 -0.0106282 -0.00856815 -0.00684556 -0.00540366 -0.00423585 -0.0033048 -0.00254763 -0.00198216 -0.00151705 -0.00120982 -0.000950958 -0.000812829 -0.000684391 -0.000638211 -0.000579585 -0.000571683 -0.000545784 -0.000547981 -0.000537302 -0.000538494 -0.000536128 -0.000533349 -0.000536548 -0.000529796 -0.000537091 -0.000527176 -0.000537472 -0.000525314 -0.000537693 -0.000524125 -0.000537799 -0.000523546 -0.00053783 -0.000523546 -0.000537799 -0.000524124 -0.000537692 -0.000525313 -0.000537469 -0.000527165 -0.00053706 -0.000529715 -0.000536339 -0.000532828 -0.000534876 -0.000535598 -0.000530851 -0.000534158 -0.000517312 -0.000515339 -0.000472532 -0.000443011 -0.000342881 -0.000239482 -2.67392e-05 0.000222422 0.000621118 0.00110216 0.00176845 0.00258129 0.00362336 0.00490884 0.00647899 0.00838313 0.0105663 0.013053 0.0156691 0.0183975 0.0210159 0.0234715 0.0255469 0.0270974 0.0279384 0.0278724 0.0268724 0.0248253 0.0218756 0.0180249 0.0134922 0.00845914 0.00317576 -0.00202542 -0.00698258 -0.0113782 -0.0151346 -0.0180682 -0.020141 -0.0214046 -0.0218411 -0.0216576 -0.0208834 -0.0197166 -0.0182865 -0.016664 -0.0150558 -0.0134354 -0.0119329 -0.010571 -0.00933135 -0.00830802 -0.0073801 -0.00661532 -0.00600061 -0.00544115 -0.00501703 -0.00463635 -0.00432344 -0.00408742 -0.00383341 -0.00366737 -0.00352181 -0.00335151 -0.00325734 -0.00314221 -0.0030276 -0.0029688 -0.002875 -0.00279388 -0.00274625 -0.00269567 -0.00266213 -0.00259429 -0.00253194 -0.00253828 -0.00250452 -0.00243998 -0.00244111 -0.00243516 -0.00239068 -0.0023842 -0.00239413 -0.00236744 
0 5.14489e-05 0.000142259 0.000207424 0.000274186 0.000364688 0.00042695 0.000489703 0.000566289 0.000641994 0.000745632 0.000838996 0.000905902 0.000997335 0.00110229 0.00120863 0.00131204 0.00142338 0.00157623 0.00171278 0.00184489 0.00203531 0.00221146 0.00239892 0.00265631 0.00293151 0.00324811 0.00362731 0.00408751 0.00463885 0.00525824 0.0060375 0.00697835 0.00804827 0.00931952 0.0107851 0.0124439 0.0142402 0.0161269 0.0180905 0.0199648 0.0216314 0.0229492 0.0237647 0.0239344 0.0232486 0.0216407 0.0190426 0.0154567 0.0109531 0.00564132 -0.00021046 -0.00636381 -0.012492 -0.018306 -0.0235181 -0.0278559 -0.0311697 -0.0333171 -0.034313 -0.0341795 -0.0330617 -0.0311334 -0.0285922 -0.0256645 -0.0225084 -0.019331 -0.0162437 -0.0134048 -0.0108704 -0.00870247 -0.00689094 -0.00540732 -0.00421979 -0.00326556 -0.00253262 -0.00195602 -0.00154233 -0.00122846 -0.00102567 -0.000877354 -0.000794275 -0.000734236 -0.000706186 -0.000685637 -0.000677185 -0.000672172 -0.000668387 -0.000669413 -0.000665511 -0.000669275 -0.000664264 -0.000669568 -0.000663544 -0.000669818 -0.000663081 -0.000669968 -0.000662798 -0.000670041 -0.000662664 -0.000670062 -0.000662664 -0.000670041 -0.000662798 -0.000669967 -0.000663079 -0.000669811 -0.000663524 -0.000669515 -0.000664125 -0.000668923 -0.000664651 -0.00066739 -0.000663799 -0.000662159 -0.000656161 -0.000643192 -0.000623833 -0.000580752 -0.000519561 -0.000405137 -0.000245804 1.01309e-05 0.000352424 0.000842527 0.00147107 0.00230397 0.00334539 0.0046648 0.00628921 0.00826919 0.0106247 0.0133303 0.0163491 0.0195535 0.0228488 0.0260417 0.0289912 0.0314662 0.0332746 0.034204 0.0340814 0.0328185 0.0303443 0.0267347 0.0220718 0.0165918 0.0105355 0.00419731 -0.00210791 -0.00810625 -0.0134786 -0.0180545 -0.0216813 -0.0243212 -0.025967 -0.0266418 -0.0265137 -0.0257109 -0.0244143 -0.0227422 -0.0208423 -0.0189038 -0.0169753 -0.0151376 -0.0134318 -0.0119141 -0.0106064 -0.00943289 -0.00844525 -0.00763494 -0.00694314 -0.00636574 -0.00587815 -0.00549973 -0.00516856 -0.00486028 -0.00463897 -0.00443023 -0.0042257 -0.00407932 -0.00394499 -0.00381773 -0.00370551 -0.0036174 -0.00354838 -0.00344784 -0.00336303 -0.0033158 -0.00325407 -0.00321163 -0.00317097 -0.00310948 -0.00309375 -0.00307248 -0.00301969 -0.00301565 -0.00300014 -0.00295794 -0.00297819 
0 6.98031e-05 0.000182543 0.000255328 0.000317648 0.00042695 0.000517968 0.00059824 0.000701252 0.000786031 0.000884681 0.00100349 0.00109067 0.00120671 0.00135205 0.00145922 0.00159066 0.00174854 0.00189146 0.00206682 0.00224982 0.00245254 0.00270333 0.00294229 0.00324431 0.00361266 0.00397954 0.00446282 0.00504402 0.00569861 0.00651332 0.00746633 0.00862295 0.00996095 0.0114691 0.0132558 0.0152016 0.0172881 0.0194907 0.0216887 0.0238158 0.0256171 0.0269999 0.0278126 0.0278072 0.0268737 0.0248208 0.0216925 0.0174591 0.0121616 0.00601518 -0.000790109 -0.00784102 -0.0148937 -0.0215793 -0.0275819 -0.0326326 -0.0364464 -0.0389973 -0.0401794 -0.0401368 -0.0389317 -0.0367756 -0.0338964 -0.0304996 -0.0268799 -0.0231577 -0.0195949 -0.0162355 -0.0132567 -0.0106486 -0.00846431 -0.00666625 -0.00520321 -0.00406013 -0.00313601 -0.00246085 -0.00191572 -0.00155889 -0.00126844 -0.00110886 -0.000971448 -0.000914466 -0.000856122 -0.000840775 -0.000818554 -0.000814345 -0.000808345 -0.000803689 -0.000806041 -0.000797989 -0.000805567 -0.000794174 -0.000805389 -0.000791467 -0.000805227 -0.000789641 -0.000805082 -0.000788587 -0.000804996 -0.000788242 -0.000804996 -0.000788586 -0.000805081 -0.000789639 -0.000805222 -0.000791455 -0.000805355 -0.000794083 -0.000805333 -0.000797409 -0.000804654 -0.000800493 -0.000801249 -0.000799182 -0.000787379 -0.000779134 -0.000738965 -0.000700479 -0.000595861 -0.000475185 -0.000239993 4.88646e-05 0.000510063 0.00108121 0.00188625 0.00288067 0.00418056 0.00578156 0.00776608 0.0101609 0.0129598 0.0161767 0.0196795 0.0234412 0.027226 0.030944 0.0342951 0.0371011 0.0390843 0.0400364 0.0398233 0.038271 0.0354098 0.0311814 0.025817 0.0194999 0.0125611 0.00532024 -0.00195306 -0.00884089 -0.0151067 -0.0204267 -0.0247283 -0.0279403 -0.0299982 -0.0310061 -0.0310132 -0.0302887 -0.028944 -0.0271169 -0.0250324 -0.022795 -0.0205995 -0.018445 -0.0164148 -0.0146289 -0.013014 -0.0116187 -0.0104082 -0.00938353 -0.00855579 -0.00780574 -0.00720189 -0.00672101 -0.00627244 -0.00592143 -0.00562074 -0.00535619 -0.00514423 -0.00493267 -0.0047724 -0.00463233 -0.00446699 -0.00436001 -0.00426528 -0.00414778 -0.00407494 -0.00399988 -0.00392096 -0.00387944 -0.00380911 -0.00374525 -0.00373738 -0.00368719 -0.00362669 -0.00363994 -0.00362334 -0.00356983 -0.00358227 
0 0.000111452 0.000190307 0.0002954 0.000401575 0.000489703 0.00059824 0.000704505 0.000823981 0.000952336 0.00103304 0.00114776 0.00131466 0.00143523 0.00156408 0.00172738 0.00188221 0.00206398 0.00224288 0.00243219 0.00267561 0.00291388 0.00318923 0.00352133 0.00387092 0.00429965 0.00479267 0.00536625 0.00607276 0.00688487 0.00786694 0.00903687 0.0103958 0.0119875 0.0137877 0.0158308 0.0180685 0.0204271 0.0228777 0.0252877 0.0275325 0.0294157 0.0307719 0.0314512 0.0312177 0.0299236 0.0274399 0.0237594 0.0188985 0.012909 0.00600084 -0.00156543 -0.00941019 -0.0172177 -0.0246392 -0.0313231 -0.0369559 -0.0412629 -0.0441556 -0.045586 -0.0456468 -0.044432 -0.0421295 -0.038975 -0.0352248 -0.0311692 -0.0270099 -0.0229718 -0.0191643 -0.0157284 -0.0127026 -0.0101345 -0.00800152 -0.00626892 -0.00489269 -0.0038036 -0.0029759 -0.00233676 -0.00188259 -0.0015427 -0.0013252 -0.00116575 -0.00107864 -0.00101249 -0.00098459 -0.000959305 -0.000952655 -0.000943227 -0.000941886 -0.000938655 -0.000937414 -0.000937151 -0.000934831 -0.000936419 -0.000933047 -0.000935941 -0.000931822 -0.000935625 -0.000931099 -0.000935465 -0.000930861 -0.000935464 -0.000931099 -0.000935624 -0.000931819 -0.000935933 -0.000933025 -0.000936361 -0.000934678 -0.000936765 -0.000936477 -0.000936461 -0.000936936 -0.000932468 -0.000930145 -0.00091399 -0.000896855 -0.000849171 -0.000786383 -0.000662867 -0.000492675 -0.000215251 0.000159518 0.000701443 0.00140889 0.00235651 0.00356152 0.00510068 0.00701345 0.00935497 0.0121558 0.0154001 0.0190677 0.02305 0.0272642 0.0315151 0.0356321 0.0393317 0.0423625 0.044451 0.0453846 0.0450161 0.0432108 0.0399444 0.0352187 0.029232 0.0222309 0.0145573 0.00653594 -0.00150935 -0.00919323 -0.0162008 -0.0222349 -0.0271775 -0.0309348 -0.0334704 -0.0348296 -0.0351093 -0.0345252 -0.033215 -0.0313616 -0.0291451 -0.0267314 -0.0242873 -0.0218667 -0.0195832 -0.0174898 -0.0156037 -0.0139566 -0.0125058 -0.011279 -0.0102391 -0.00934721 -0.00861792 -0.00798508 -0.00746462 -0.00703398 -0.00664347 -0.0063382 -0.00606703 -0.00581874 -0.00561847 -0.00542616 -0.00527571 -0.00513129 -0.00497137 -0.00488303 -0.00480042 -0.00468417 -0.00460339 -0.00452623 -0.0044657 -0.00442706 -0.00434825 -0.00430538 -0.00430131 -0.00423912 -0.00421117 -0.00423171 -0.00418425 
0 0.000124332 0.000206032 0.000340591 0.000474745 0.000566289 0.000701252 0.000823981 0.000917611 0.00107353 0.00122734 0.00135172 0.00150755 0.00165362 0.00180676 0.00199793 0.00217987 0.00237948 0.00260403 0.00284339 0.00312075 0.00339719 0.0037191 0.00412255 0.00453874 0.00504112 0.00566525 0.0063616 0.00719699 0.00819115 0.00936322 0.0107449 0.0123242 0.0141697 0.0162583 0.0185425 0.0210346 0.0236381 0.0262757 0.0288165 0.0310888 0.0329586 0.034196 0.0346323 0.0340827 0.0323712 0.0294361 0.0252082 0.0197518 0.0131552 0.00560927 -0.00256453 -0.0110555 -0.0194665 -0.0274759 -0.0347043 -0.0408121 -0.0455583 -0.0487726 -0.050473 -0.0506701 -0.0495095 -0.0471369 -0.0437986 -0.0397881 -0.0353742 -0.0308507 -0.0263817 -0.0221717 -0.018295 -0.01487 -0.0119124 -0.00944081 -0.00742424 -0.00580132 -0.00453677 -0.0035409 -0.00280387 -0.0022359 -0.0018474 -0.00155565 -0.00137833 -0.00124666 -0.00117909 -0.00112711 -0.00110585 -0.0010881 -0.00108164 -0.00107746 -0.00107351 -0.00107507 -0.0010701 -0.00107465 -0.00106814 -0.00107458 -0.00106685 -0.00107454 -0.00106602 -0.0010745 -0.00106562 -0.00107448 -0.00106562 -0.0010745 -0.00106602 -0.00107453 -0.00106683 -0.00107454 -0.00106804 -0.0010744 -0.00106947 -0.00107359 -0.00107011 -0.00106993 -0.00106561 -0.00105527 -0.00104113 -0.00100439 -0.000955332 -0.000854292 -0.000716333 -0.00048008 -0.000162125 0.00031601 0.000940869 0.00180183 0.00290041 0.00433232 0.00612468 0.00835836 0.0110658 0.0142615 0.0179408 0.0220202 0.026445 0.0310438 0.0356888 0.040108 0.0440586 0.0472216 0.049336 0.0501986 0.0496318 0.0475674 0.0439178 0.0387765 0.0322867 0.0247481 0.0164932 0.00784737 -0.000800669 -0.00912592 -0.0167481 -0.0234239 -0.0289665 -0.0332575 -0.0362916 -0.0380641 -0.0387127 -0.0383629 -0.0371893 -0.0354093 -0.0331681 -0.0306664 -0.028033 -0.0254058 -0.0229021 -0.0205289 -0.0183735 -0.016461 -0.0147733 -0.0133172 -0.012051 -0.0110042 -0.0101263 -0.00934846 -0.00872963 -0.00820944 -0.00773824 -0.00735274 -0.00701871 -0.00673575 -0.00648375 -0.00625131 -0.0060826 -0.00591577 -0.00575149 -0.00563499 -0.00549205 -0.00537104 -0.00531301 -0.00521117 -0.00511877 -0.00508043 -0.00500657 -0.00495387 -0.00493866 -0.00487118 -0.00482917 -0.00483952 -0.00480942 
0 0.000134532 0.000253444 0.00038789 0.000525436 0.000641994 0.000786031 0.000952336 0.00107353 0.00120471 0.00139117 0.00154367 0.00168917 0.00189735 0.00208577 0.00226993 0.00250635 0.00272256 0.00296447 0.00327046 0.00356346 0.00390385 0.00431789 0.00476351 0.00528372 0.00588223 0.00660202 0.00745622 0.00842042 0.0096081 0.0110093 0.0125922 0.0144423 0.016543 0.0188871 0.0214197 0.0240944 0.0268954 0.0296377 0.0321956 0.0344319 0.0361582 0.0371963 0.0372995 0.0363473 0.0342062 0.0307731 0.0260371 0.02002 0.0129002 0.00486048 -0.00380598 -0.0127613 -0.0216523 -0.0300804 -0.0377163 -0.0442009 -0.0492996 -0.0528429 -0.0547884 -0.0551813 -0.0541066 -0.0517515 -0.0483243 -0.0441392 -0.0394781 -0.0346357 -0.0298261 -0.0252261 -0.0209694 -0.0171426 -0.0138191 -0.0110005 -0.00868947 -0.00681838 -0.00534799 -0.0041957 -0.00332157 -0.00266077 -0.00218195 -0.00183961 -0.00160586 -0.00145149 -0.00135153 -0.00129266 -0.00125402 -0.00123591 -0.00122047 -0.0012171 -0.00120894 -0.00121033 -0.00120413 -0.00120706 -0.00120144 -0.001205 -0.00119969 -0.00120361 -0.00119858 -0.0012028 -0.00119804 -0.00120252 -0.00119804 -0.00120279 -0.00119858 -0.0012036 -0.00119966 -0.00120494 -0.00120128 -0.00120665 -0.00120314 -0.00120801 -0.00120374 -0.00120585 -0.001197 -0.0011888 -0.00116308 -0.00112374 -0.00104973 -0.000932695 -0.000747235 -0.00046978 -7.15802e-05 0.000486653 0.00123653 0.00223611 0.00352514 0.00518351 0.00725614 0.00982117 0.0128924 0.0164922 0.020566 0.0250558 0.0298472 0.034801 0.0397298 0.0443737 0.0484567 0.0516542 0.0537245 0.0544341 0.0536573 0.0512861 0.047307 0.041801 0.0349382 0.0270139 0.0183218 0.00924891 0.000140727 -0.00862873 -0.0167446 -0.0239592 -0.0300334 -0.0348671 -0.0383874 -0.0406596 -0.0417487 -0.0417424 -0.0408395 -0.0392104 -0.0370762 -0.0345571 -0.0318116 -0.0290448 -0.0263221 -0.0237329 -0.0213142 -0.0191372 -0.0172366 -0.0155236 -0.0140525 -0.012817 -0.0117452 -0.0108406 -0.0100642 -0.00943108 -0.00889618 -0.00840555 -0.00802904 -0.00770107 -0.00738373 -0.00714286 -0.00691129 -0.00669369 -0.00653922 -0.00637661 -0.00622127 -0.00611403 -0.00600867 -0.00590268 -0.00581049 -0.00573501 -0.00567725 -0.00560544 -0.00554519 -0.00553238 -0.00550228 -0.00545097 -0.00544463 
0 0.000135858 0.000303158 0.000436887 0.000573817 0.000745632 0.000884681 0.00103304 0.00122734 0.00139117 0.0015425 0.00172697 0.00192626 0.00214063 0.00234659 0.00256288 0.00282811 0.00309245 0.00337611 0.00370823 0.00405587 0.00446691 0.00493794 0.0054582 0.00608375 0.00680046 0.00765105 0.00865716 0.00980808 0.0111986 0.0128068 0.0146294 0.0167306 0.019074 0.0216544 0.0243928 0.0272407 0.0301538 0.0329232 0.0354273 0.0375123 0.0390023 0.0397103 0.0393942 0.0379781 0.0353457 0.0314184 0.0261845 0.0196907 0.0121548 0.00375083 -0.00524035 -0.0145123 -0.023704 -0.0324081 -0.0403133 -0.0470745 -0.0524763 -0.0563203 -0.0585387 -0.0591526 -0.0582349 -0.0559736 -0.0525574 -0.0483011 -0.043477 -0.0383976 -0.0332912 -0.0283521 -0.0237332 -0.0195292 -0.0158393 -0.0126718 -0.0100537 -0.00791578 -0.00622773 -0.00489739 -0.00388146 -0.00310891 -0.00254037 -0.00213202 -0.0018449 -0.00165668 -0.00152834 -0.00145613 -0.00140396 -0.0013831 -0.00136136 -0.0013594 -0.00134793 -0.00135173 -0.00134344 -0.00134861 -0.00134147 -0.00134683 -0.00134035 -0.00134565 -0.00133966 -0.00134494 -0.00133933 -0.0013447 -0.00133933 -0.00134494 -0.00133966 -0.00134563 -0.00134031 -0.00134672 -0.00134121 -0.00134796 -0.00134188 -0.00134819 -0.00134013 -0.00134284 -0.00132754 -0.00131659 -0.00127813 -0.00122709 -0.00112718 -0.00098032 -0.000746114 -0.000409505 7.09596e-05 0.000730093 0.00160958 0.00277046 0.00425924 0.00616423 0.00852638 0.011427 0.0148587 0.0188384 0.0232846 0.0281327 0.0332465 0.0384723 0.043603 0.04836 0.0524702 0.0556081 0.0575533 0.0580696 0.0570435 0.0543812 0.0500999 0.0443175 0.0371987 0.0290292 0.0200729 0.0107241 0.00133329 -0.00774573 -0.0162193 -0.0238663 -0.0304167 -0.0357519 -0.0397872 -0.0425731 -0.0441624 -0.0445923 -0.0440518 -0.0426997 -0.0407492 -0.0383307 -0.0355863 -0.0327419 -0.0298769 -0.0270965 -0.0244619 -0.0220315 -0.0198739 -0.017925 -0.0162224 -0.0147692 -0.0135046 -0.0124434 -0.011529 -0.0107577 -0.0101219 -0.00955701 -0.00909164 -0.00869013 -0.00832801 -0.00804159 -0.00777474 -0.00752838 -0.00732728 -0.00714673 -0.00700386 -0.00685773 -0.00669977 -0.00660475 -0.00652251 -0.00641278 -0.00633936 -0.00628177 -0.0062136 -0.00617266 -0.00614185 -0.00610495 -0.00608555 
0 0.000145551 0.000337282 0.000487897 0.000635525 0.000838996 0.00100349 0.00114776 0.00135172 0.00154367 0.00172697 0.00196036 0.00216861 0.00236402 0.00262612 0.0028923 0.00315484 0.00347788 0.00381833 0.00417628 0.00460551 0.00507832 0.00560616 0.00623319 0.00696143 0.00782 0.00881819 0.00998276 0.0113684 0.0129546 0.0147766 0.0168694 0.0191968 0.0217773 0.0245518 0.0274543 0.0304376 0.0333486 0.0360707 0.0384271 0.0402542 0.0414152 0.0416689 0.0408885 0.0389534 0.0357959 0.0313852 0.0256741 0.0188121 0.010948 0.00231217 -0.00686071 -0.0163034 -0.0256148 -0.0344712 -0.0425004 -0.0494578 -0.0550908 -0.0592021 -0.0617061 -0.0625527 -0.0618686 -0.059756 -0.0564644 -0.0522225 -0.0473372 -0.0421002 -0.0367535 -0.0315372 -0.0265759 -0.0220415 -0.0179786 -0.0144859 -0.0115359 -0.00913292 -0.00720092 -0.00568266 -0.00450974 -0.00360929 -0.00294819 -0.00245268 -0.00211863 -0.00187242 -0.00172867 -0.00161862 -0.00156978 -0.00152314 -0.00151328 -0.00149195 -0.0014947 -0.00148266 -0.00148808 -0.00147978 -0.00148494 -0.00147864 -0.00148299 -0.00147803 -0.00148174 -0.0014777 -0.00148113 -0.00147759 -0.00148113 -0.0014777 -0.00148174 -0.00147801 -0.00148292 -0.00147846 -0.00148451 -0.00147875 -0.0014857 -0.00147732 -0.00148318 -0.00146798 -0.00146529 -0.00143065 -0.00139825 -0.00131248 -0.00120275 -0.00100217 -0.000729899 -0.000311638 0.000248719 0.00102788 0.00204674 0.00338387 0.00509568 0.00725355 0.00993265 0.013155 0.0169614 0.0212815 0.0260913 0.0312399 0.0366348 0.0420546 0.0472978 0.0520738 0.0560932 0.059097 0.0608186 0.0611091 0.0597878 0.0568493 0.0523017 0.0463066 0.0390502 0.0307469 0.0217087 0.0122337 0.00273432 -0.00651007 -0.0152163 -0.0231545 -0.0301169 -0.0358929 -0.0404589 -0.0437762 -0.0458953 -0.0468623 -0.0467691 -0.0458223 -0.0441444 -0.041923 -0.0393087 -0.0364494 -0.0335202 -0.0305906 -0.0277782 -0.0251392 -0.0226996 -0.0205294 -0.0185954 -0.0168953 -0.015438 -0.0141851 -0.013126 -0.0122106 -0.0114302 -0.0107915 -0.0102212 -0.00972857 -0.0093353 -0.00897136 -0.00865504 -0.0084133 -0.00817313 -0.00794359 -0.00776799 -0.0076053 -0.00745453 -0.00733407 -0.00721416 -0.00710688 -0.00703419 -0.00696999 -0.00689911 -0.00683108 -0.00678257 -0.00675784 -0.00674112 
0 0.000185702 0.000349999 0.000534672 0.000735023 0.000905902 0.00109067 0.00131466 0.00150755 0.00168917 0.00192626 0.00216861 0.00238972 0.00264649 0.00293996 0.00322993 0.00352956 0.00388227 0.00427385 0.00468849 0.00517912 0.00574585 0.00636699 0.00709925 0.00796722 0.0089605 0.0101103 0.0114747 0.0130724 0.0148795 0.0169437 0.0192903 0.0218635 0.0246376 0.0275685 0.0305976 0.0336041 0.0364394 0.0390015 0.0411082 0.0425961 0.0432987 0.0430469 0.0417418 0.0392609 0.0355809 0.0306765 0.0245749 0.017414 0.00933711 0.000584905 -0.00865349 -0.0180914 -0.0273971 -0.0362466 -0.0443058 -0.0513642 -0.0571544 -0.061509 -0.0642684 -0.0653991 -0.0649747 -0.0631035 -0.0600104 -0.0558822 -0.051033 -0.0457081 -0.0402087 -0.0347463 -0.0295102 -0.0246524 -0.0202585 -0.0164311 -0.0131584 -0.0104733 -0.00828213 -0.00656547 -0.00520905 -0.00418276 -0.00339806 -0.00282671 -0.00241326 -0.0021251 -0.00193528 -0.00180509 -0.00173331 -0.00167788 -0.001659 -0.00163278 -0.00163414 -0.00161732 -0.00162552 -0.0016113 -0.00162173 -0.0016083 -0.00161952 -0.00160654 -0.00161814 -0.00160557 -0.00161746 -0.00160526 -0.00161746 -0.00160556 -0.00161813 -0.0016065 -0.00161941 -0.00160802 -0.00162106 -0.00160972 -0.00162192 -0.0016094 -0.00161738 -0.00159862 -0.00159192 -0.00155112 -0.00150277 -0.00140147 -0.00125477 -0.00101916 -0.000678263 -0.000193657 0.000478048 0.00137 0.0025584 0.00407757 0.00603625 0.00846319 0.0114635 0.015021 0.0191744 0.0238358 0.0289525 0.0343831 0.039978 0.0455373 0.0507919 0.0554951 0.059332 0.0621004 0.0635448 0.0635308 0.0619164 0.0586885 0.0539318 0.047784 0.0404726 0.0321696 0.0231735 0.0137635 0.00428764 -0.00496627 -0.013775 -0.0218884 -0.0291378 -0.0353254 -0.0403809 -0.0442539 -0.0469322 -0.048484 -0.0489591 -0.0484953 -0.0472119 -0.0452813 -0.0428835 -0.0401278 -0.0371791 -0.0341752 -0.0312329 -0.0284114 -0.0257493 -0.0233414 -0.0211871 -0.0192534 -0.0175581 -0.016106 -0.0148613 -0.0137731 -0.0128563 -0.0120981 -0.0114314 -0.0108635 -0.0103973 -0.0099807 -0.00960244 -0.00929298 -0.00903619 -0.00877852 -0.00855236 -0.00839328 -0.00823226 -0.00806619 -0.00794952 -0.00784442 -0.00772867 -0.00763881 -0.0075753 -0.00752427 -0.00748046 -0.00743893 -0.00740508 
0 0.000205078 0.000389651 0.000594156 0.000807215 0.000997335 0.00120671 0.00143523 0.00165362 0.00189735 0.00214063 0.00236402 0.00264649 0.0029568 0.00324335 0.00357099 0.00393799 0.00433418 0.00478216 0.00526142 0.00582188 0.00647892 0.00720005 0.00806122 0.00907662 0.0102275 0.0115809 0.0131591 0.0149701 0.0170183 0.0193156 0.0218926 0.0246741 0.0275991 0.0306548 0.0337315 0.0366834 0.0393711 0.0416721 0.0434426 0.0444779 0.0446324 0.0438134 0.0419207 0.0388849 0.0346704 0.0293155 0.0229041 0.015535 0.00737713 -0.00138779 -0.010541 -0.0198331 -0.0289934 -0.0377078 -0.0457223 -0.0527884 -0.058697 -0.0632453 -0.0662659 -0.06771 -0.0675909 -0.0660437 -0.0632079 -0.0592983 -0.0545488 -0.0492304 -0.0436303 -0.0379793 -0.0325076 -0.0273485 -0.0226539 -0.0184828 -0.0149046 -0.0119053 -0.00946165 -0.00750979 -0.00597381 -0.00479367 -0.00388775 -0.00322453 -0.0027299 -0.00239475 -0.00215193 -0.00200621 -0.00190011 -0.00184821 -0.00180544 -0.00179193 -0.00177428 -0.0017733 -0.0017647 -0.0017666 -0.00176147 -0.00176344 -0.00176003 -0.00176157 -0.00175924 -0.0017605 -0.00175887 -0.00176015 -0.00175886 -0.0017605 -0.00175922 -0.00176151 -0.00175986 -0.00176301 -0.00176043 -0.0017642 -0.00175934 -0.00176174 -0.00175029 -0.00174395 -0.00171305 -0.00167692 -0.00159445 -0.00148096 -0.00128224 -0.0010056 -0.000585577 -1.8133e-05 0.000770462 0.00180319 0.00316323 0.00490206 0.00710487 0.00983613 0.0131414 0.0170476 0.0215128 0.0264963 0.0318706 0.0375274 0.0432585 0.048861 0.0540517 0.0585676 0.0621545 0.0645895 0.0657057 0.0653362 0.0634179 0.059935 0.0550098 0.0488009 0.0415005 0.0333218 0.0244887 0.0152898 0.00598171 -0.00317361 -0.011953 -0.0201504 -0.0275778 -0.0341102 -0.0396192 -0.0440192 -0.0472788 -0.0494262 -0.0505295 -0.0506305 -0.0498331 -0.0483113 -0.0462187 -0.0436855 -0.0408309 -0.0378268 -0.0348205 -0.0318535 -0.0290085 -0.0263723 -0.0239712 -0.0218123 -0.0198799 -0.0182054 -0.0167687 -0.0155027 -0.0144349 -0.0135335 -0.0127449 -0.0120826 -0.0115114 -0.0110287 -0.0106182 -0.0102283 -0.00991416 -0.00966721 -0.00941464 -0.00919025 -0.0090029 -0.00883659 -0.00870433 -0.00857459 -0.00845204 -0.0083638 -0.00828466 -0.00821568 -0.00816612 -0.00812332 -0.00809111 
0 0.000207894 0.000447615 0.000660079 0.0008564 0.00110229 0.00135205 0.00156408 0.00180676 0.00208577 0.00234659 0.00262612 0.00293996 0.00324335 0.00357232 0.00395975 0.00437632 0.00482454 0.00532484 0.00590126 0.00655483 0.00728401 0.00814869 0.00915629 0.0103065 0.0116643 0.0132296 0.0150213 0.0170699 0.0193515 0.0218955 0.024671 0.0276083 0.0306702 0.0337656 0.0367984 0.0396078 0.0420413 0.0440043 0.0453172 0.0458154 0.0453765 0.0439348 0.0414507 0.0378441 0.0331328 0.0273935 0.0207336 0.0132657 0.00510695 -0.00354871 -0.0125011 -0.0215295 -0.0304104 -0.0389066 -0.0467701 -0.053785 -0.0597368 -0.0644338 -0.0677078 -0.0694681 -0.0697162 -0.0685302 -0.0660401 -0.0624113 -0.0578546 -0.0526235 -0.0469933 -0.0412281 -0.0355548 -0.0301528 -0.0251633 -0.0206851 -0.0167861 -0.0134825 -0.0107609 -0.00856424 -0.00682882 -0.00547613 -0.00444173 -0.00366305 -0.0030909 -0.0026819 -0.00239725 -0.00220824 -0.00208389 -0.00200913 -0.00196097 -0.00193632 -0.00191842 -0.00191228 -0.00190447 -0.00190426 -0.00189941 -0.00190098 -0.00189703 -0.00189924 -0.00189572 -0.0018983 -0.0018951 -0.00189799 -0.00189509 -0.00189828 -0.00189568 -0.00189913 -0.00189676 -0.00190031 -0.00189783 -0.00190067 -0.00189661 -0.00189566 -0.00188456 -0.00186989 -0.00183544 -0.00178077 -0.00168385 -0.00153315 -0.00129877 -0.000956005 -0.000467237 0.000206152 0.00111108 0.00230467 0.00384925 0.00582198 0.0082916 0.0113257 0.0149545 0.0191821 0.0239616 0.0292167 0.0348279 0.0406413 0.0464532 0.0520164 0.057059 0.0613178 0.0645664 0.0666207 0.0673301 0.0665848 0.0643369 0.0606277 0.0555804 0.0493594 0.0421563 0.0341676 0.0256235 0.0167419 0.00773507 -0.00119308 -0.00983683 -0.0179882 -0.0255119 -0.0322817 -0.0381813 -0.0430808 -0.0469077 -0.0496899 -0.0514361 -0.0521783 -0.0519685 -0.0509427 -0.0492653 -0.0470303 -0.0443875 -0.0414819 -0.0384539 -0.0354197 -0.0324363 -0.0296095 -0.0269841 -0.0245819 -0.0224404 -0.020526 -0.0188557 -0.0174226 -0.0161668 -0.0150931 -0.0141818 -0.0134001 -0.0127261 -0.0121428 -0.0116717 -0.0112614 -0.010869 -0.0105564 -0.0102951 -0.0100313 -0.00982077 -0.00964896 -0.00945869 -0.00931025 -0.00922479 -0.00911841 -0.00900216 -0.00893279 -0.00886698 -0.00880539 -0.0087992 
0 0.000235845 0.000462746 0.000711923 0.000968149 0.00120863 0.00145922 0.00172738 0.00199793 0.00226993 0.00256288 0.0028923 0.00322993 0.00357099 0.00395975 0.00439499 0.00485143 0.00534603 0.00592938 0.00661156 0.00735094 0.00820715 0.00923949 0.0103912 0.0117167 0.0132837 0.0150615 0.0170822 0.0193552 0.0218867 0.024659 0.0275853 0.0306594 0.0337887 0.0368422 0.0397344 0.0422882 0.0443929 0.0459043 0.0466611 0.0465652 0.0454855 0.0434183 0.0403239 0.036171 0.0310289 0.0249695 0.0181558 0.0106607 0.002605 -0.00583349 -0.0144857 -0.0231365 -0.0316585 -0.039839 -0.0474842 -0.0543783 -0.060311 -0.0651236 -0.0686213 -0.0707226 -0.0713591 -0.0705905 -0.0684978 -0.0652154 -0.0609314 -0.055857 -0.0502836 -0.0444558 -0.0386463 -0.0330299 -0.0277842 -0.0230115 -0.0188016 -0.0151925 -0.0121778 -0.00972891 -0.00776748 -0.00623861 -0.00504898 -0.00415673 -0.0034836 -0.00300512 -0.00265948 -0.0024318 -0.00227522 -0.00218148 -0.00211935 -0.00208593 -0.00206387 -0.0020529 -0.00204558 -0.00204143 -0.0020392 -0.00203671 -0.00203642 -0.00203428 -0.00203496 -0.00203298 -0.00203429 -0.00203257 -0.00203428 -0.00203296 -0.0020349 -0.0020341 -0.00203599 -0.00203569 -0.00203683 -0.00203616 -0.00203422 -0.00202934 -0.00201677 -0.00199521 -0.00195109 -0.00188094 -0.00175815 -0.00157432 -0.00128734 -0.000882804 -0.0003034 0.00047315 0.00152084 0.00287737 0.00463539 0.00684886 0.00960692 0.0129467 0.0168983 0.0214374 0.0265018 0.0320037 0.0377941 0.0437179 0.0495252 0.054982 0.0597887 0.0637245 0.0665715 0.0681856 0.0684519 0.0672901 0.0647231 0.0607984 0.0556814 0.0495 0.0424572 0.0347414 0.0265572 0.0181001 0.00948734 0.000909417 -0.00748648 -0.0154981 -0.0230114 -0.0299366 -0.0361238 -0.0414725 -0.0458509 -0.0492585 -0.051674 -0.0530802 -0.0535447 -0.0531096 -0.0519231 -0.0500918 -0.0477468 -0.0450505 -0.0420887 -0.0390392 -0.0360027 -0.033031 -0.0302168 -0.0275967 -0.0252297 -0.0230896 -0.0211618 -0.0195154 -0.0180778 -0.0168061 -0.0157434 -0.0148455 -0.0140627 -0.0133778 -0.0128033 -0.01233 -0.0118923 -0.0115021 -0.0111934 -0.0109237 -0.010677 -0.0104667 -0.0102858 -0.0101245 -0.00997282 -0.00984357 -0.00975141 -0.00967839 -0.00961394 -0.00955912 -0.00951197 
0 0.000269032 0.000507971 0.000778996 0.00105735 0.00131204 0.00159066 0.00188221 0.00217987 0.00250635 0.00282811 0.00315484 0.00352956 0.00393799 0.00437632 0.00485143 0.00536671 0.0059602 0.00664313 0.00739527 0.00825123 0.00926641 0.0104396 0.0117722 0.0133134 0.0150969 0.017119 0.0193658 0.0218664 0.0246284 0.0275542 0.0306026 0.0337462 0.0368526 0.0397968 0.0424401 0.0446724 0.0463594 0.0473146 0.0474598 0.0466963 0.0449639 0.0422538 0.0385427 0.0339055 0.0283869 0.0221162 0.0152258 0.00779196 -4.29226e-05 -0.00817536 -0.0164093 -0.0246228 -0.0327065 -0.0405079 -0.0478821 -0.0545878 -0.060479 -0.0653563 -0.0690817 -0.0715179 -0.0725704 -0.0722568 -0.0705937 -0.0677244 -0.063756 -0.0589265 -0.053461 -0.0476473 -0.0417425 -0.0359562 -0.0304848 -0.0254323 -0.0209331 -0.017006 -0.0137086 -0.010978 -0.00879518 -0.00705934 -0.00571903 -0.00468976 -0.00391949 -0.00335663 -0.00295075 -0.00267742 -0.00248574 -0.00237325 -0.00229107 -0.00225498 -0.00221988 -0.00221432 -0.0021962 -0.00220099 -0.0021882 -0.00219606 -0.00218494 -0.0021937 -0.00218332 -0.00219247 -0.00218259 -0.00219206 -0.00218257 -0.00219243 -0.00218321 -0.00219343 -0.00218429 -0.00219452 -0.00218471 -0.00219334 -0.00218004 -0.00218139 -0.00215524 -0.00213273 -0.00206841 -0.0019826 -0.00182526 -0.00160039 -0.0012546 -0.000771827 -9.81698e-05 0.000807306 0.00200026 0.00355436 0.00552766 0.00801786 0.0110593 0.0147257 0.01898 0.0238237 0.0291386 0.0348478 0.0407686 0.0467249 0.0524636 0.0577132 0.0622261 0.0657533 0.0681591 0.0692781 0.0690727 0.0674859 0.0645966 0.0605024 0.0553392 0.0492745 0.0424437 0.0350789 0.0273225 0.0193447 0.0112223 0.00306574 -0.00496712 -0.0127687 -0.0201912 -0.0271742 -0.0335718 -0.0392658 -0.0441638 -0.0481546 -0.0512181 -0.0533058 -0.0544587 -0.0547093 -0.0540937 -0.0527645 -0.0508383 -0.0484426 -0.0456824 -0.0426944 -0.0396547 -0.0366103 -0.0336294 -0.0308222 -0.0282304 -0.025863 -0.0237183 -0.0218272 -0.0201894 -0.0187438 -0.0174831 -0.016419 -0.0155099 -0.0147197 -0.0140371 -0.0134516 -0.0129663 -0.0125566 -0.0121739 -0.0118412 -0.011573 -0.011326 -0.0111202 -0.0109482 -0.010765 -0.0106334 -0.0105478 -0.0104303 -0.0103508 -0.0103206 -0.0102536 
0 0.000286772 0.000576 0.00085584 0.00112621 0.00142338 0.00174854 0.00206398 0.00237948 0.00272256 0.00309245 0.00347788 0.00388227 0.00433418 0.00482454 0.00534603 0.0059602 0.00666114 0.00741287 0.00828321 0.00930686 0.010469 0.0118045 0.013344 0.0151106 0.0171225 0.0193692 0.021855 0.0245857 0.0275153 0.0305713 0.0336977 0.0368229 0.0398227 0.0425378 0.0448494 0.0466643 0.0478145 0.0481586 0.0476309 0.0461882 0.0438091 0.0404591 0.0362 0.0311299 0.0253315 0.0189338 0.0120301 0.00475492 -0.00279657 -0.0105197 -0.018277 -0.0260002 -0.0335841 -0.0409659 -0.0479853 -0.054469 -0.0602574 -0.0651747 -0.0691041 -0.0718588 -0.073352 -0.0734976 -0.0723235 -0.0698953 -0.0663212 -0.0617973 -0.0565202 -0.0507939 -0.0448454 -0.0389512 -0.0332719 -0.0279855 -0.0231904 -0.0189702 -0.0153657 -0.0123562 -0.009923 -0.00796957 -0.00645805 -0.00527536 -0.00439964 -0.0037322 -0.00326792 -0.00292603 -0.00270873 -0.00255367 -0.00246637 -0.00240431 -0.00237435 -0.00235201 -0.00234259 -0.0023353 -0.00233152 -0.00232985 -0.00232696 -0.00232771 -0.00232471 -0.00232674 -0.0023237 -0.00232644 -0.00232368 -0.00232667 -0.00232455 -0.0023273 -0.00232598 -0.00232757 -0.00232644 -0.00232437 -0.00231989 -0.0023066 -0.0022868 -0.00224168 -0.00217535 -0.00205186 -0.00187452 -0.00158753 -0.00119179 -0.000612318 0.000155003 0.00120428 0.00255335 0.00431523 0.00652498 0.00929114 0.0126369 0.0166085 0.0211738 0.026279 0.0318344 0.0376919 0.0437049 0.0496213 0.0552232 0.0602011 0.0643481 0.0674354 0.0693418 0.0699617 0.0692511 0.0672561 0.0640496 0.0598063 0.0546337 0.0487058 0.0421559 0.035168 0.0278983 0.0204281 0.0128493 0.00520137 -0.00239694 -0.00987519 -0.0171376 -0.0240697 -0.0305771 -0.036531 -0.0418522 -0.0464014 -0.0500762 -0.0528512 -0.0547153 -0.0556791 -0.0557365 -0.054983 -0.0535618 -0.0515639 -0.0490961 -0.0462958 -0.043315 -0.0402621 -0.0372091 -0.03425 -0.0314623 -0.0288788 -0.0265207 -0.0243967 -0.0225076 -0.0208657 -0.0194322 -0.0181621 -0.0170862 -0.0161862 -0.0153947 -0.0147075 -0.0141307 -0.0136418 -0.0132109 -0.0128347 -0.0125243 -0.0122377 -0.011974 -0.0117861 -0.0116321 -0.0114695 -0.0113341 -0.0112241 -0.0111296 -0.0110668 -0.0110311 
