0 0 0 0 0 0 0 0 0 0 0 0 0 0 0 0 0 0 0 0 0 0 0 0 0 0 0 0 0 0 0 0 0 0 0 0 0 0 0 0 0 0 0 0 0 0 0 0 0 0 0 0 0 0 0 0 0 0 0 0 0 0 0 0 0 0 0 0 0 0 0 0 0 0 0 0 0 0 0 0 0 0 0 0 0 0 0 0 0 0 0 0 0 0 0 0 0 0 0 0 0 0 0 0 0 0 0 0 0 0 0 0 0 0 0 0 0 0 0 0 0 0 0 0 0 0 0 0 0 0 0 0 0 0 0 0 0 0 0 0 0 0 0 0 0 0 0 0 0 0 0 0 0 0 0 0 0 0 0 0 0 0 0 0 0 0 0 0 0 0 0 0 0 0 0 0 0 0 0 0 0 0 0 0 0 0 0 0 0 0 0 0 0 0 0 0 0 0 0 0 
0 -4.29383e-06 2.05744e-05 1.97394e-05 5.49837e-06 2.62073e-05 2.49469e-05 1.41706e-05 4.84863e-05 5.21522e-05 3.75293e-05 5.64818e-05 5.06674e-05 4.59707e-05 6.39654e-05 7.7036e-05 8.82636e-05 6.7709e-05 7.86111e-05 0.000117756 9.3843e-05 9.6597e-05 0.000114511 0.000104867 0.000134502 0.000135614 0.000132926 0.000159913 0.000160562 0.000171631 0.000173627 0.000186602 0.000203057 0.000193452 0.000224952 0.000237042 0.00023944 0.00026849 0.000283512 0.00030429 0.000312289 0.000342903 0.000370455 0.000375813 0.000413199 0.000446371 0.000481233 0.000512472 0.000565807 0.000637106 0.00069266 0.000776728 0.000885313 0.00102174 0.00116797 0.00134967 0.00159121 0.00186572 0.00217477 0.00251647 0.00290974 0.00331673 0.00369989 0.00403841 0.00431092 0.00448265 0.00448688 0.00429396 0.0038911 0.00328687 0.0024783 0.00147624 0.000330066 -0.00088929 -0.00209715 -0.00323866 -0.00425644 -0.00510636 -0.00573434 -0.00611304 -0.00624078 -0.00614592 -0.00587251 -0.00545766 -0.00494356 -0.0043578 -0.00374661 -0.0031385 -0.00257752 -0.00207482 -0.00165166 -0.00129483 -0.00100906 -0.000772992 -0.000590037 -0.000441045 -0.000331231 -0.000242764 -0.000180267 -0.000125356 -8.15375e-05 -3.0009e-05 2.59025e-05 0.000104707 0.000202162 0.000336055 0.000501228 0.000716284 0.000977683 0.00130713 0.00170199 0.00217974 0.00272477 0.00333247 0.00396256 0.00458898 0.00516394 0.00566063 0.00603592 0.00625468 0.00626683 0.00603482 0.00554224 0.0048035 0.00386277 0.0027622 0.00155478 0.000289207 -0.000951868 -0.00209062 -0.0030583 -0.00383064 -0.00440011 -0.004755 -0.00489372 -0.00483282 -0.00463468 -0.0043406 -0.00398081 -0.00357014 -0.0031509 -0.00276798 -0.0024189 -0.00210317 -0.00181523 -0.00159126 -0.00141066 -0.00125212 -0.00111675 -0.00101248 -0.000945171 -0.000865247 -0.000802721 -0.000757436 -0.000722232 -0.000681025 -0.000634401 -0.000623032 -0.00059067 -0.000560385 -0.000541356 -0.000526285 -0.000513744 -0.000481725 -0.000486919 -0.00047337 -0.000448216 -0.000451542 -0.000434098 -0.000425302 -0.000406706 -0.000402608 -0.000402693 -0.000372368 -0.000383696 -0.000377108 -0.000365321 -0.000381477 -0.000348547 -0.000344883 -0.000365922 -0.000346943 -0.000330362 -0.000318972 -0.000337767 -0.00034431 -0.000316418 -0.000333004 -0.000328366 -0.000300654 -0.000323395 -0.000320404 -0.00030367 -0.000317346 -0.000310134 -0.000305195 -0.000313952 -0.000308123 -0.000304406 -0.000306652 
0 2.05744e-05 -3.70925e-06 2.55877e-05 4.84917e-05 3.29815e-05 6.37665e-05 7.64556e-05 5.29988e-05 7.251e-05 9.30321e-05 9.22644e-05 0.000116069 0.000136622 0.000128369 0.000129383 0.000146372 0.000165553 0.000182257 0.000173639 0.000182848 0.000227978 0.000234817 0.000232788 0.000254343 0.000269325 0.000281659 0.000289423 0.000318336 0.000333169 0.000341776 0.000390788 0.000397591 0.000414948 0.000458068 0.000471538 0.000499292 0.000519075 0.000567592 0.000593932 0.000613276 0.000687159 0.000719168 0.000770045 0.000826236 0.000903154 0.000980847 0.00103419 0.00116132 0.0012708 0.00140722 0.00156124 0.00177625 0.00205207 0.00233196 0.00272369 0.00317912 0.00375004 0.00435612 0.0050524 0.00583384 0.00662833 0.00740473 0.0080529 0.00860833 0.0089085 0.0089231 0.00851434 0.00771529 0.00650086 0.00488091 0.00289849 0.000610595 -0.00178569 -0.00420495 -0.00644744 -0.00849094 -0.0101525 -0.0114186 -0.0121562 -0.0124317 -0.0122417 -0.011712 -0.0108895 -0.00986952 -0.00871274 -0.00749265 -0.00629626 -0.00516732 -0.0041804 -0.00331694 -0.00262045 -0.00202661 -0.00157322 -0.00118363 -0.000906233 -0.00066222 -0.000506648 -0.000356637 -0.000268413 -0.000155542 -7.42544e-05 6.24902e-05 0.000198155 0.000417221 0.000663264 0.00101697 0.00142664 0.00197186 0.00261186 0.0034201 0.00435544 0.00545463 0.00664709 0.00790655 0.00913976 0.0102835 0.0112649 0.0120013 0.0124335 0.0124386 0.0119879 0.0109939 0.00955355 0.00766866 0.00551207 0.00309681 0.000617141 -0.00185521 -0.00409409 -0.00602832 -0.00756468 -0.00869825 -0.00941916 -0.00969172 -0.00961154 -0.00921143 -0.00866189 -0.00793394 -0.00714823 -0.00631757 -0.00555927 -0.0048714 -0.00422799 -0.00368162 -0.00320499 -0.00285821 -0.00252038 -0.00225647 -0.00204342 -0.00188138 -0.00174218 -0.00159078 -0.00151826 -0.00142778 -0.0013546 -0.00127959 -0.00123258 -0.00120052 -0.00112371 -0.00110208 -0.00106617 -0.00102538 -0.000988288 -0.000956149 -0.000945635 -0.000892223 -0.000880188 -0.000872001 -0.000833473 -0.000829218 -0.000813924 -0.000796512 -0.000778758 -0.000770174 -0.00076058 -0.000719616 -0.000720841 -0.000730586 -0.000700442 -0.000687349 -0.000685101 -0.000688971 -0.000692913 -0.000664117 -0.000643625 -0.00065607 -0.000647552 -0.000631959 -0.000650858 -0.000641296 -0.000614687 -0.000635693 -0.00063057 -0.000607906 -0.000628348 -0.000617655 -0.000602703 -0.000624613 -0.000610574 
0 1.97394e-05 2.55877e-05 4.11132e-05 5.29932e-05 6.01588e-05 7.87267e-05 9.24627e-05 0.000107065 0.000127324 0.000137282 0.000146694 0.000161747 0.000175614 0.000191986 0.000214712 0.000231673 0.000239558 0.000262082 0.00028509 0.000294265 0.000316319 0.00033496 0.000349988 0.000381723 0.000404509 0.000423293 0.000452216 0.000482417 0.000504923 0.000528025 0.000568116 0.000594611 0.000621235 0.000670425 0.000707843 0.000745138 0.00079436 0.000851898 0.000900139 0.000948932 0.0010264 0.00109225 0.00115803 0.00124623 0.00135074 0.00145832 0.0015711 0.00173398 0.00191819 0.00212283 0.00237602 0.00270359 0.00310516 0.00356434 0.00413957 0.00484273 0.00567096 0.00659639 0.00763253 0.00877509 0.00994504 0.0110612 0.0120306 0.0127962 0.0132229 0.0131856 0.0125739 0.0113597 0.00954105 0.00712628 0.00417874 0.000820202 -0.00273214 -0.00628135 -0.00962252 -0.0126145 -0.0150905 -0.0169355 -0.0180558 -0.0184613 -0.0182153 -0.0174342 -0.0162335 -0.0147235 -0.0130156 -0.0112148 -0.00943868 -0.00777145 -0.00628966 -0.00501055 -0.00394883 -0.0030715 -0.00236944 -0.0018013 -0.00136192 -0.00101406 -0.000755777 -0.000549111 -0.000390421 -0.000239264 -9.05807e-05 9.64459e-05 0.000325957 0.000636641 0.00103052 0.0015448 0.00218356 0.00298838 0.00396983 0.00516811 0.00657935 0.00820354 0.0099793 0.0118365 0.0136614 0.0153518 0.0167931 0.0178778 0.0184847 0.0184864 0.0177863 0.0163358 0.014186 0.0114277 0.00821122 0.00466646 0.000985421 -0.00263839 -0.00596478 -0.00883382 -0.0111366 -0.0128408 -0.0139196 -0.0143748 -0.0142797 -0.0137507 -0.0129304 -0.0118896 -0.0107252 -0.00952181 -0.00838715 -0.0073454 -0.0063977 -0.00556518 -0.00486749 -0.00430512 -0.00381833 -0.00341539 -0.00309449 -0.00284518 -0.00262474 -0.0024295 -0.00228763 -0.0021622 -0.00204455 -0.00193581 -0.0018583 -0.00178436 -0.00169957 -0.00164139 -0.00158971 -0.00153545 -0.00148119 -0.00144512 -0.00141124 -0.00136163 -0.00133374 -0.00130591 -0.00126727 -0.00123849 -0.00121595 -0.00119081 -0.0011602 -0.00114621 -0.00113102 -0.00110621 -0.00109628 -0.00107785 -0.001058 -0.00105243 -0.00103593 -0.00101482 -0.00100532 -0.00100083 -0.000991242 -0.000983132 -0.000977688 -0.000963086 -0.000956216 -0.000954493 -0.000942995 -0.000941498 -0.000938433 -0.000928723 -0.000931392 -0.000926322 -0.000922158 -0.000928774 -0.00091841 
0 5.49837e-06 4.84917e-05 5.29932e-05 6.0006e-05 9.99672e-05 0.000101516 0.000110323 0.000154907 0.000165883 0.000173933 0.000206925 0.000218521 0.000229053 0.000260092 0.000287885 0.000309429 0.000319059 0.000339731 0.000385955 0.00040372 0.00041235 0.00044914 0.000477175 0.000508535 0.000537841 0.000562989 0.000609316 0.000635821 0.000672682 0.000719104 0.000746024 0.000801702 0.000841969 0.000889034 0.000951508 0.000995005 0.00107077 0.00112788 0.00120007 0.0012855 0.00135726 0.00146647 0.00155437 0.00167914 0.00181144 0.00195161 0.002138 0.002327 0.00258833 0.00286512 0.00322407 0.00366418 0.00418725 0.00484439 0.00560546 0.00656145 0.00764016 0.00889103 0.0102641 0.0117437 0.0132636 0.0146834 0.0159494 0.0168728 0.017382 0.0172474 0.0164144 0.0147741 0.0123486 0.00915625 0.00527746 0.000914598 -0.00373469 -0.00834436 -0.0127371 -0.0166181 -0.0198706 -0.022258 -0.0237585 -0.0243033 -0.0240297 -0.0230255 -0.021476 -0.0195066 -0.0172756 -0.0149277 -0.012594 -0.0104128 -0.00844071 -0.00675474 -0.00531848 -0.00415986 -0.00319652 -0.00245264 -0.00183916 -0.00139105 -0.00101761 -0.000757541 -0.000515278 -0.0003288 -9.95928e-05 0.000134401 0.000470158 0.000868472 0.00142193 0.00209315 0.0029733 0.00403522 0.00536878 0.00694988 0.0088356 0.0109621 0.0133004 0.0157194 0.0181064 0.0203087 0.0221787 0.0235782 0.0243262 0.024304 0.0233472 0.0214664 0.0186421 0.0150699 0.0108441 0.00624437 0.00142972 -0.00326216 -0.0076226 -0.0113872 -0.0144456 -0.0167169 -0.0181624 -0.018835 -0.0187701 -0.0181716 -0.0171159 -0.0158092 -0.0143018 -0.0127685 -0.0112736 -0.00988456 -0.00864278 -0.00752698 -0.00660942 -0.00580945 -0.00517212 -0.0046217 -0.00418369 -0.00383075 -0.00351948 -0.0032854 -0.00305951 -0.00289745 -0.00273512 -0.00259994 -0.0024904 -0.00237148 -0.00229328 -0.00219396 -0.00212436 -0.00205586 -0.00198324 -0.00193767 -0.00186932 -0.00183004 -0.00178117 -0.00173014 -0.00170258 -0.00165151 -0.00162287 -0.00159285 -0.00155543 -0.00153276 -0.00149988 -0.0014884 -0.00146582 -0.0014236 -0.0014162 -0.00140711 -0.00138268 -0.00135861 -0.00133631 -0.00134 -0.00133341 -0.00130129 -0.00130021 -0.00129752 -0.00126655 -0.00126954 -0.00127548 -0.00124716 -0.00124706 -0.00125449 -0.00123378 -0.00123569 -0.0012396 -0.00122308 -0.00123039 
0 2.62073e-05 3.29815e-05 6.01588e-05 9.99672e-05 0.00010735 0.000133088 0.000173366 0.000167641 0.000186823 0.000231932 0.00024563 0.000279028 0.000315207 0.000330373 0.000343818 0.00036262 0.000423574 0.000447778 0.000441091 0.000503264 0.000537918 0.000564745 0.000616075 0.000622821 0.0006721 0.000722061 0.000742948 0.000797274 0.000839427 0.00089968 0.000946004 0.000996294 0.00107853 0.00111535 0.00118857 0.00126825 0.00133003 0.00141742 0.00149997 0.00161406 0.00170746 0.00182542 0.00197685 0.00211203 0.00228524 0.00247239 0.00270954 0.00296461 0.00326721 0.00365756 0.00410879 0.00467004 0.0053368 0.00617433 0.00716743 0.00833689 0.00970257 0.0112472 0.0129589 0.0147468 0.0165639 0.0182709 0.019748 0.0208116 0.021302 0.0210595 0.0199447 0.0178867 0.0148475 0.0109024 0.00615779 0.00084481 -0.00478653 -0.0104101 -0.0157386 -0.0204815 -0.024412 -0.0273444 -0.0291786 -0.0299082 -0.0296115 -0.0284421 -0.0265686 -0.024188 -0.0214719 -0.0186131 -0.0157641 -0.0130812 -0.0106501 -0.00854159 -0.00675245 -0.00528122 -0.0040789 -0.00312326 -0.00236184 -0.00177525 -0.0013146 -0.000960699 -0.000663085 -0.000399709 -0.000118254 0.00020379 0.000617483 0.00114276 0.00182861 0.00269438 0.00379223 0.00514599 0.00680976 0.00879611 0.0111258 0.0137502 0.0166063 0.0195559 0.0224593 0.0251279 0.0273919 0.0290488 0.0299189 0.0298197 0.0286334 0.0263103 0.0228999 0.0185381 0.013421 0.00781247 0.00199369 -0.00370475 -0.00900338 -0.0136284 -0.0174199 -0.0202461 -0.0220969 -0.0229957 -0.0230563 -0.0224106 -0.0212191 -0.0196636 -0.0178897 -0.0160536 -0.0142248 -0.0125168 -0.0109597 -0.00960111 -0.00841808 -0.00740775 -0.00658016 -0.00588776 -0.00532617 -0.0048378 -0.00446075 -0.00414277 -0.00386601 -0.00363552 -0.00343564 -0.00328475 -0.00311517 -0.00298833 -0.00287911 -0.00276627 -0.00267018 -0.00257087 -0.00250945 -0.00241502 -0.00234143 -0.00229609 -0.00221802 -0.00217191 -0.00212037 -0.00208218 -0.00203643 -0.00198309 -0.00197393 -0.00191924 -0.00188006 -0.00185934 -0.00180773 -0.00180903 -0.00178148 -0.00172755 -0.00172593 -0.00172204 -0.00170677 -0.00166436 -0.00164018 -0.00165042 -0.0016147 -0.00160697 -0.00162118 -0.00158116 -0.00157563 -0.00158478 -0.00155854 -0.00155744 -0.00155779 -0.00154318 -0.00154061 -0.00153917 -0.00153929 
0 2.49469e-05 6.37665e-05 7.87267e-05 0.000101516 0.000133088 0.000151454 0.000187878 0.000221733 0.000246187 0.000279955 0.000299976 0.000322069 0.000355823 0.000390972 0.000431506 0.000461999 0.000493793 0.000525467 0.000561388 0.000612843 0.000632264 0.000664576 0.000729898 0.000760854 0.000808917 0.000870907 0.000909978 0.000964873 0.00102375 0.00108223 0.00113262 0.00119989 0.0012853 0.00134107 0.00142731 0.0015304 0.0016137 0.00171272 0.00182829 0.00195768 0.00207065 0.00221305 0.00239197 0.00256032 0.0027583 0.00300019 0.00329206 0.00360841 0.00398893 0.00447958 0.00505556 0.0057425 0.00657507 0.00760857 0.00882652 0.0102333 0.0118628 0.0137055 0.0157121 0.0177805 0.019844 0.0217739 0.0234034 0.0245212 0.024945 0.0245221 0.0231064 0.0206016 0.0169722 0.0123089 0.00676916 0.00059933 -0.00591912 -0.0124425 -0.018623 -0.0241273 -0.028685 -0.0321034 -0.0342739 -0.0351869 -0.0349136 -0.0336112 -0.031472 -0.028723 -0.0255771 -0.0222519 -0.0189295 -0.0157765 -0.0129026 -0.0103837 -0.00823621 -0.00645458 -0.00499943 -0.00383404 -0.00290915 -0.00218741 -0.00162262 -0.00117808 -0.000806662 -0.000469074 -0.000116436 0.000290992 0.000800839 0.00145048 0.00228612 0.00334533 0.00467778 0.00632344 0.00832867 0.0107128 0.0134785 0.0165735 0.0199117 0.0233475 0.0267135 0.0298008 0.0323981 0.0342705 0.0352068 0.0350154 0.0335803 0.0308558 0.0268953 0.0218355 0.0159035 0.00940237 0.00267533 -0.00392207 -0.0100778 -0.0155062 -0.0199945 -0.0233858 -0.0256523 -0.0268404 -0.0270687 -0.0264635 -0.0251932 -0.0234649 -0.0214729 -0.0193723 -0.0172511 -0.0152282 -0.0133811 -0.011755 -0.0103216 -0.00908325 -0.00806025 -0.00721832 -0.00651509 -0.00591133 -0.00543799 -0.00505033 -0.00470741 -0.0044114 -0.0041715 -0.00397532 -0.00376932 -0.00360165 -0.00346693 -0.0033325 -0.003204 -0.00309536 -0.00301618 -0.00291166 -0.00282598 -0.0027679 -0.00268786 -0.00261789 -0.0025578 -0.00250585 -0.0024421 -0.00238754 -0.00235704 -0.00229753 -0.00226373 -0.00224555 -0.00219218 -0.0021611 -0.00214032 -0.00211036 -0.00207861 -0.00204406 -0.00202491 -0.00200503 -0.00199319 -0.00198119 -0.00195055 -0.00194116 -0.00192728 -0.00190438 -0.00190607 -0.0018895 -0.00187503 -0.00187785 -0.00185917 -0.00186077 -0.00186653 -0.0018461 -0.00185039 
0 1.41706e-05 7.64556e-05 9.24627e-05 0.000110323 0.000173366 0.000187878 0.000203232 0.000262769 0.000285321 0.000310584 0.000362738 0.000388266 0.000421368 0.000459887 0.000495794 0.000547414 0.000568161 0.000604555 0.000675213 0.000705164 0.000744254 0.000799423 0.00084493 0.000904905 0.000945181 0.0010053 0.00107337 0.00111824 0.00120259 0.00126708 0.00133047 0.00142689 0.00149904 0.00158987 0.00168156 0.00178725 0.00190133 0.00200021 0.00215132 0.00228927 0.00243401 0.00261647 0.00281108 0.00303674 0.00326512 0.00356872 0.0039148 0.00429612 0.00477441 0.00535126 0.00606402 0.00688266 0.00789723 0.00913016 0.0105703 0.0122335 0.0141178 0.0162522 0.0185156 0.0208381 0.0231 0.025187 0.0268962 0.0279867 0.0282874 0.0276164 0.0258654 0.0228863 0.0186897 0.0133511 0.00709215 0.000157681 -0.00714333 -0.0144491 -0.0213795 -0.0275451 -0.0326697 -0.0365234 -0.0390261 -0.0401261 -0.0399189 -0.0385245 -0.0361828 -0.0331179 -0.0296041 -0.0258607 -0.0221116 -0.0185197 -0.0152243 -0.012304 -0.00979724 -0.00770134 -0.00598285 -0.00460165 -0.00350106 -0.00263904 -0.00195723 -0.00141703 -0.000958033 -0.000541061 -0.000103424 0.000394158 0.00101302 0.00179142 0.00278886 0.00404661 0.00562457 0.00756604 0.00991621 0.012691 0.0158754 0.0194117 0.0231877 0.0270594 0.030824 0.0342709 0.0371314 0.0391673 0.0401147 0.039812 0.0381169 0.0350277 0.0305661 0.0249044 0.0182611 0.0109978 0.00348305 -0.00389534 -0.0108073 -0.0169627 -0.0220947 -0.0260492 -0.028747 -0.0302808 -0.0307272 -0.0302473 -0.0289791 -0.0271673 -0.0250248 -0.022711 -0.0203537 -0.0180468 -0.0159382 -0.014034 -0.0123596 -0.0108869 -0.00965488 -0.00864182 -0.00777271 -0.00705509 -0.00645438 -0.00598556 -0.00556385 -0.00520398 -0.00492048 -0.00466387 -0.00444492 -0.00423206 -0.00407525 -0.00392024 -0.00376234 -0.00364848 -0.00352514 -0.0034215 -0.00331352 -0.0032254 -0.00315153 -0.00305302 -0.00299717 -0.00292837 -0.00285708 -0.00281469 -0.00274964 -0.00270212 -0.00265339 -0.00261048 -0.00257896 -0.00251552 -0.00249037 -0.002475 -0.00242569 -0.0023996 -0.00237169 -0.00235257 -0.00233753 -0.0022923 -0.00228506 -0.00227837 -0.00223449 -0.00223851 -0.00223537 -0.00219361 -0.00220184 -0.00220348 -0.00216793 -0.00217473 -0.0021766 -0.00215008 -0.00216418 
0 4.84863e-05 5.29988e-05 0.000107065 0.000154907 0.000167641 0.000221733 0.000262769 0.000280265 0.000323928 0.000362969 0.000403389 0.000450619 0.000493217 0.000538484 0.000563067 0.00060003 0.000672389 0.000720917 0.000747463 0.000796733 0.000869278 0.000928058 0.000969641 0.00102907 0.00109552 0.00115802 0.00122459 0.00129713 0.00137339 0.00145248 0.00154473 0.00163153 0.00172646 0.00183415 0.00193798 0.00206041 0.00218193 0.0023219 0.00247568 0.00263396 0.00282427 0.00302046 0.00325734 0.00351213 0.00380361 0.004159 0.0045547 0.00503957 0.00560095 0.00630391 0.00713784 0.00812919 0.00933905 0.0107649 0.0124517 0.0143483 0.0165116 0.0188768 0.021377 0.0238944 0.0262976 0.0284694 0.0301496 0.0311576 0.0312385 0.0302921 0.0281336 0.0246922 0.0199395 0.0139995 0.00710628 -0.000494647 -0.00844512 -0.0164232 -0.0239552 -0.0307058 -0.0362934 -0.0405679 -0.0433572 -0.0446814 -0.0445492 -0.0431366 -0.0406384 -0.0373397 -0.0335129 -0.0294162 -0.0252867 -0.0212929 -0.0176053 -0.0142905 -0.0114376 -0.00901279 -0.00703738 -0.00541648 -0.00414728 -0.00311798 -0.00232775 -0.00166286 -0.00112515 -0.000598518 -8.46411e-05 0.000533123 0.00125259 0.00218863 0.00334102 0.00482434 0.00664243 0.00890003 0.0115847 0.0147517 0.0183289 0.0222784 0.026447 0.030696 0.0348008 0.038526 0.0415925 0.04371 0.0446422 0.0441776 0.0422492 0.0387928 0.0339176 0.0277151 0.0205069 0.0125901 0.00443742 -0.00361701 -0.0111754 -0.0179703 -0.0237016 -0.0281895 -0.0313693 -0.0332687 -0.0340245 -0.0337163 -0.032568 -0.0307454 -0.028533 -0.0260633 -0.0235072 -0.0209816 -0.0186015 -0.0164509 -0.0145054 -0.0128219 -0.0113611 -0.0101527 -0.00912316 -0.00826069 -0.00755492 -0.00695764 -0.00647325 -0.00604223 -0.00569577 -0.00539064 -0.00512425 -0.00489789 -0.00468417 -0.00451029 -0.00433898 -0.00419026 -0.00405342 -0.00392439 -0.00381594 -0.00370091 -0.0036068 -0.00351968 -0.00343285 -0.00335888 -0.00328691 -0.00321998 -0.00315718 -0.00310521 -0.00304516 -0.00297982 -0.00294306 -0.00291374 -0.00285896 -0.00280233 -0.0027847 -0.00277 -0.0027271 -0.00268762 -0.00265736 -0.00264167 -0.00262091 -0.00258933 -0.00258697 -0.00256482 -0.00253062 -0.00254227 -0.00252237 -0.00249403 -0.00251271 -0.00248891 -0.00246772 -0.00249259 -0.00247169 
0 5.21522e-05 7.251e-05 0.000127324 0.000165883 0.000186823 0.000246187 0.000285321 0.000323928 0.000386207 0.000416317 0.000453613 0.000504049 0.000536718 0.000593272 0.000659821 0.000705522 0.000746587 0.000800144 0.000862539 0.000915645 0.000974437 0.00103013 0.00108777 0.00117612 0.00124576 0.00130722 0.00139712 0.00148011 0.00155658 0.00164489 0.00174929 0.00184342 0.00194559 0.00207987 0.0022001 0.00233147 0.00248628 0.00265008 0.00281906 0.00300091 0.00322619 0.00345317 0.00370983 0.0040163 0.00436524 0.00477319 0.00523983 0.00582262 0.00650478 0.00732342 0.00831061 0.00949012 0.0109042 0.0125426 0.0144571 0.0166127 0.0190142 0.0215938 0.02427 0.026932 0.0294128 0.0315676 0.0331462 0.0339645 0.0337849 0.0324798 0.0298971 0.0259703 0.0207098 0.0142364 0.00679832 -0.00134919 -0.0098397 -0.0183318 -0.0263596 -0.0335603 -0.0395635 -0.0441857 -0.0472701 -0.048801 -0.0487974 -0.0474029 -0.0448315 -0.0413618 -0.0372992 -0.0329082 -0.0284495 -0.0240978 -0.0200397 -0.0163566 -0.0131522 -0.0104106 -0.00815589 -0.00630272 -0.00483594 -0.00364755 -0.0027177 -0.00193722 -0.00128819 -0.000661087 -3.79315e-05 0.000690996 0.00154348 0.00262909 0.00396765 0.0056698 0.0077547 0.0103183 0.0133497 0.0168857 0.020842 0.0251627 0.0296802 0.0342468 0.0386182 0.042551 0.0457352 0.0478815 0.0487324 0.0481039 0.0459193 0.0421502 0.0368916 0.0302702 0.0225942 0.0141899 0.00551517 -0.00307417 -0.0111789 -0.0185157 -0.024778 -0.0297886 -0.033452 -0.0357844 -0.0368823 -0.0368486 -0.0358876 -0.0341713 -0.0319566 -0.0294016 -0.0267084 -0.024 -0.0213982 -0.0189863 -0.0167978 -0.0148824 -0.0132015 -0.0117772 -0.0105671 -0.00956593 -0.00872332 -0.00800797 -0.0074291 -0.0069335 -0.00651502 -0.00614155 -0.00583764 -0.00557114 -0.00531509 -0.0051042 -0.00491687 -0.00474671 -0.00457858 -0.00444402 -0.00432481 -0.00419018 -0.00408476 -0.00398907 -0.00388657 -0.00378999 -0.00371524 -0.00363921 -0.00354933 -0.00349525 -0.00344387 -0.00337711 -0.00332644 -0.0032764 -0.00323159 -0.00319357 -0.00314834 -0.00309295 -0.00305644 -0.00304596 -0.00300958 -0.00297809 -0.00296466 -0.00292377 -0.00290608 -0.00289751 -0.00286379 -0.00285885 -0.00284226 -0.00281331 -0.00282437 -0.00281368 -0.00279828 -0.00280963 -0.00278711 
0 3.75293e-05 9.30321e-05 0.000137282 0.000173933 0.000231932 0.000279955 0.000310584 0.000362969 0.000416317 0.000457714 0.000513946 0.000573757 0.000619824 0.000660891 0.000722782 0.000787535 0.000825517 0.000892153 0.000971391 0.00101994 0.00109548 0.00116475 0.00122448 0.00131987 0.00138287 0.00145519 0.00156272 0.00164526 0.00174225 0.00184765 0.00196351 0.00207955 0.00218669 0.00234167 0.00247288 0.00260814 0.0027947 0.00296669 0.00316134 0.00337393 0.00363063 0.0039066 0.00418931 0.00456584 0.00497364 0.00544321 0.00600047 0.00667623 0.00749642 0.00842993 0.00959004 0.0109643 0.012584 0.0144501 0.0165812 0.019003 0.021607 0.0243773 0.0271769 0.0299254 0.0324147 0.0344558 0.0358589 0.0363913 0.0359008 0.034167 0.0311412 0.0267214 0.020999 0.0140648 0.00617085 -0.00240362 -0.0113204 -0.0201747 -0.0285867 -0.0361128 -0.0424762 -0.0473829 -0.0507598 -0.0524872 -0.0526552 -0.0513227 -0.0487562 -0.0451874 -0.0409636 -0.0363425 -0.0316038 -0.0269409 -0.0225349 -0.0185117 -0.0149533 -0.0119065 -0.00935203 -0.00727007 -0.00557814 -0.00423333 -0.0031347 -0.0022421 -0.00145204 -0.000728223 3.39656e-05 0.000870242 0.00188504 0.00311693 0.00466993 0.00658724 0.0089616 0.0118205 0.015205 0.0190827 0.0233996 0.0280446 0.0328652 0.0376828 0.0422466 0.0463058 0.0495212 0.051634 0.0523462 0.0515449 0.0490931 0.0450582 0.0394583 0.0325326 0.0244973 0.0157679 0.0066999 -0.00227801 -0.0108184 -0.0185896 -0.0253078 -0.0308096 -0.0349505 -0.0377631 -0.039243 -0.0395746 -0.0388747 -0.0373767 -0.0352441 -0.0326922 -0.029933 -0.0270941 -0.0243267 -0.0216679 -0.0192623 -0.0171017 -0.0152046 -0.0135484 -0.0121347 -0.0109777 -0.00996855 -0.00913213 -0.00842804 -0.00785888 -0.00736301 -0.00691684 -0.00657789 -0.00626123 -0.00598136 -0.00573008 -0.00552008 -0.00533329 -0.00512614 -0.00497998 -0.00483363 -0.00467918 -0.0045602 -0.00444301 -0.00434137 -0.00422933 -0.00414541 -0.00407555 -0.00397153 -0.00390858 -0.00384379 -0.00376447 -0.00371583 -0.00364563 -0.00359026 -0.00355923 -0.00350526 -0.00345913 -0.0034264 -0.00339693 -0.00335476 -0.003309 -0.00329762 -0.00327079 -0.00322912 -0.00322476 -0.0032036 -0.00317096 -0.0031753 -0.0031622 -0.0031311 -0.00312927 -0.00312214 -0.00310313 -0.00311262 
0 5.64818e-05 9.22644e-05 0.000146694 0.000206925 0.00024563 0.000299976 0.000362738 0.000403389 0.000453613 0.000513946 0.000565409 0.000622784 0.000684903 0.000751607 0.000801433 0.000843701 0.000936194 0.00101334 0.00105057 0.00112744 0.00121006 0.00129139 0.00137288 0.00143935 0.00154236 0.00163277 0.00172307 0.00183741 0.00192589 0.00205479 0.00217862 0.00229206 0.00244659 0.00258599 0.0027524 0.00291574 0.00310396 0.00332412 0.00351906 0.00378356 0.00406096 0.00436549 0.00471743 0.0051204 0.00562038 0.00614796 0.00681493 0.00761311 0.00855337 0.00967053 0.0109875 0.0125966 0.0144149 0.0165153 0.0188777 0.0215075 0.0243158 0.0271882 0.0300874 0.0328148 0.0352364 0.0370726 0.0381998 0.0383942 0.0374918 0.0353273 0.0318016 0.0269491 0.0207831 0.0134966 0.00523421 -0.00363981 -0.0128436 -0.0219362 -0.030579 -0.0383552 -0.0449651 -0.0501496 -0.0537543 -0.0557247 -0.0560511 -0.0548754 -0.052349 -0.0487944 -0.0444568 -0.0396978 -0.0347156 -0.0298028 -0.0250731 -0.0207413 -0.0168393 -0.0134907 -0.0106358 -0.00830962 -0.00638903 -0.00486428 -0.00359529 -0.00256396 -0.00163287 -0.000784334 0.000116864 0.00108856 0.0022673 0.00367224 0.00544384 0.00759767 0.0102641 0.0134239 0.0171537 0.021352 0.0260073 0.0309256 0.0360139 0.0409995 0.0457058 0.0497804 0.0529802 0.0549554 0.0555245 0.0544893 0.0518201 0.0475079 0.0416677 0.034492 0.026248 0.0173057 0.00799841 -0.00124164 -0.0101064 -0.0181978 -0.0253264 -0.0312436 -0.0358951 -0.039171 -0.0411272 -0.0418597 -0.0415281 -0.0403226 -0.0383647 -0.0359177 -0.0331344 -0.0302546 -0.0273244 -0.0244946 -0.0218554 -0.0194671 -0.0173499 -0.0154484 -0.0138516 -0.0124803 -0.0113359 -0.010343 -0.00952048 -0.00885905 -0.00825943 -0.00777151 -0.0073392 -0.00699065 -0.00666325 -0.00636622 -0.00613988 -0.00589866 -0.00570156 -0.00551322 -0.00534872 -0.00520153 -0.00504082 -0.00493181 -0.00480243 -0.00468638 -0.00459296 -0.00448134 -0.00440787 -0.00431953 -0.00423229 -0.00416465 -0.00409399 -0.00405248 -0.00397717 -0.003901 -0.00388041 -0.00383866 -0.00378051 -0.00373099 -0.00369629 -0.00367616 -0.00363015 -0.00359987 -0.00359211 -0.00354903 -0.00352312 -0.003523 -0.00349006 -0.00347082 -0.00347559 -0.0034513 -0.00343719 -0.00344691 -0.0034303 
0 5.06674e-05 0.000116069 0.000161747 0.000218521 0.000279028 0.000322069 0.000388266 0.000450619 0.000504049 0.000573757 0.000622784 0.000677461 0.000746998 0.000805612 0.000887804 0.000964957 0.0010217 0.00108684 0.00116411 0.00126139 0.00132817 0.00139887 0.00150938 0.00159087 0.00169707 0.00180621 0.0018935 0.00202394 0.00213503 0.00225941 0.00239638 0.00252799 0.00270072 0.00284873 0.00303368 0.00323469 0.0034299 0.00367674 0.00391083 0.0042029 0.00451491 0.00485847 0.00527853 0.00573349 0.00630319 0.00693308 0.00770738 0.00863815 0.00971859 0.0110246 0.0125374 0.0143554 0.0164008 0.0187242 0.0213146 0.0241209 0.0270798 0.0300284 0.0329397 0.0355869 0.0378258 0.0393934 0.0401542 0.0399425 0.0385693 0.0359314 0.0319212 0.0266438 0.0201111 0.0125261 0.00402185 -0.00505307 -0.0143955 -0.0236121 -0.0323569 -0.0402884 -0.0470698 -0.0524788 -0.0562967 -0.0584989 -0.0590266 -0.0580401 -0.0556427 -0.0521571 -0.0478033 -0.04295 -0.0378037 -0.0326641 -0.0276695 -0.0230332 -0.0188244 -0.0151586 -0.0120195 -0.00942052 -0.0072762 -0.00553926 -0.00410177 -0.00290007 -0.00182933 -0.000825007 0.000214 0.00135256 0.00269403 0.00430436 0.00629151 0.00871175 0.0116579 0.0151364 0.0191789 0.023696 0.0286338 0.033804 0.0390823 0.044193 0.0489421 0.0529723 0.0560558 0.0578485 0.0582126 0.0569411 0.0540493 0.0495029 0.0434794 0.0361429 0.0278077 0.0187716 0.00937679 -8.35535e-06 -0.00905234 -0.0173859 -0.0248222 -0.0311233 -0.0362369 -0.0399986 -0.0424633 -0.0436624 -0.0437772 -0.042932 -0.041264 -0.0389973 -0.0362989 -0.0334174 -0.0304014 -0.0274413 -0.0246023 -0.0220012 -0.0196477 -0.017529 -0.0157137 -0.0141292 -0.0128116 -0.0116604 -0.0107091 -0.00991482 -0.00922463 -0.00866422 -0.0081522 -0.00774543 -0.00736938 -0.00704343 -0.00676708 -0.00649561 -0.00628892 -0.00606657 -0.00588211 -0.0057211 -0.00555125 -0.00541775 -0.00526833 -0.00515625 -0.00503857 -0.0049134 -0.00483345 -0.00472596 -0.00464793 -0.00458075 -0.00448392 -0.0044229 -0.00436871 -0.00431207 -0.00424052 -0.00417231 -0.00414449 -0.00409625 -0.00405362 -0.00402701 -0.00397421 -0.00394646 -0.00392387 -0.00388779 -0.00387421 -0.00384507 -0.00381463 -0.00380776 -0.00379077 -0.0037835 -0.00378157 -0.00376389 -0.00375719 
0 4.59707e-05 0.000136622 0.000175614 0.000229053 0.000315207 0.000355823 0.000421368 0.000493217 0.000536718 0.000619824 0.000684903 0.000746998 0.000841522 0.000880151 0.000946774 0.00105408 0.00110272 0.00118732 0.00129329 0.00136477 0.00145736 0.00154642 0.00165035 0.00174959 0.00183696 0.001971 0.00207453 0.00219553 0.00235576 0.00247006 0.00262804 0.00279768 0.00295446 0.00314037 0.00332546 0.00355549 0.00377373 0.00402041 0.00432996 0.00462774 0.00499262 0.00539859 0.00587299 0.0064219 0.00704088 0.00781666 0.00869739 0.00976366 0.0110195 0.0124998 0.0142519 0.0162433 0.018542 0.0210736 0.0238669 0.026825 0.0298589 0.0328667 0.0356812 0.0381932 0.0401332 0.041372 0.0416929 0.0410007 0.0391262 0.0359683 0.031524 0.0258226 0.0190179 0.0111785 0.00256526 -0.00661257 -0.0159557 -0.0251832 -0.0339265 -0.0419085 -0.0488071 -0.0543652 -0.0584027 -0.0608035 -0.0615944 -0.0608057 -0.0586395 -0.0552578 -0.050997 -0.0460815 -0.0408608 -0.0355126 -0.0303186 -0.0253827 -0.020907 -0.0169134 -0.0135049 -0.0106104 -0.0082413 -0.00626623 -0.00465344 -0.00325707 -0.00203842 -0.000855263 0.000330126 0.00165927 0.00317154 0.00501261 0.00721932 0.00992905 0.0131452 0.0169539 0.0212752 0.0261057 0.0312654 0.0366675 0.0420496 0.0472506 0.0519326 0.0558762 0.0587319 0.0603204 0.0604011 0.0589131 0.0557732 0.0510592 0.0448894 0.037496 0.0291598 0.0201502 0.0108016 0.00139034 -0.00768721 -0.0161904 -0.0238197 -0.0304796 -0.0359741 -0.0402449 -0.0432164 -0.0449543 -0.04557 -0.0451535 -0.0438822 -0.0418703 -0.0393833 -0.0365363 -0.0335356 -0.0304783 -0.0275009 -0.0247039 -0.0221083 -0.0198022 -0.01773 -0.0159499 -0.0144045 -0.0130987 -0.0119978 -0.0110384 -0.0102665 -0.00959128 -0.00902889 -0.00853226 -0.00811174 -0.00776729 -0.00741654 -0.00714096 -0.00688767 -0.00664855 -0.00643599 -0.00623243 -0.00607819 -0.00589396 -0.00574355 -0.0056307 -0.00548016 -0.00537718 -0.00527282 -0.00515885 -0.00507136 -0.00497782 -0.00490435 -0.00480713 -0.00473239 -0.00469774 -0.00460594 -0.00455507 -0.00453154 -0.00445218 -0.00441097 -0.0043725 -0.00432484 -0.00430747 -0.00425222 -0.00422183 -0.0042191 -0.00416959 -0.00416638 -0.00416726 -0.00410852 -0.00410736 -0.00410816 -0.00406622 -0.00409237 
0 6.39654e-05 0.000128369 0.000191986 0.000260092 0.000330373 0.000390972 0.000459887 0.000538484 0.000593272 0.000660891 0.000751607 0.000805612 0.000880151 0.000989395 0.00104663 0.00111467 0.00121962 0.00130515 0.00139625 0.00147234 0.00156719 0.00170117 0.00179038 0.0018916 0.00202342 0.00214285 0.00227249 0.00239842 0.00255235 0.00270141 0.00284983 0.00304987 0.00322241 0.00341883 0.00365385 0.00388673 0.00414585 0.00442121 0.00476125 0.0051086 0.00549504 0.00598089 0.00651173 0.00713765 0.00786257 0.00875457 0.00979458 0.0109985 0.0124576 0.0141481 0.0161167 0.0183283 0.0208363 0.0235934 0.0265293 0.029593 0.0326509 0.035621 0.0382867 0.0405266 0.0421202 0.0429203 0.042765 0.0415231 0.0391184 0.0354535 0.030588 0.0245462 0.0174993 0.0095315 0.000876972 -0.00824508 -0.0175032 -0.0266068 -0.0352705 -0.0432055 -0.0501522 -0.055815 -0.0600354 -0.0626559 -0.0637088 -0.0631914 -0.0612818 -0.0581091 -0.0539749 -0.0491041 -0.0438301 -0.0383641 -0.032975 -0.0278103 -0.0230547 -0.0187805 -0.0150713 -0.0119072 -0.0092709 -0.00707251 -0.00523949 -0.00366001 -0.00224941 -0.00089823 0.000477659 0.00198704 0.00371569 0.00577581 0.00824678 0.0112257 0.014747 0.0188462 0.0234637 0.0285438 0.0339249 0.0394738 0.0449423 0.0501294 0.0547125 0.0584608 0.0610611 0.0623608 0.0621537 0.06041 0.0570524 0.0521955 0.0459466 0.0385776 0.0303186 0.0214543 0.012238 0.0029548 -0.00607919 -0.0146157 -0.0224017 -0.0293202 -0.0351764 -0.0399117 -0.0434109 -0.0457289 -0.0468825 -0.0469848 -0.046152 -0.0445262 -0.0422989 -0.0395991 -0.0366548 -0.0335687 -0.0305076 -0.0275246 -0.0247383 -0.0222098 -0.0199267 -0.0179179 -0.0161523 -0.0146799 -0.0133992 -0.0123039 -0.0113893 -0.0106195 -0.00996971 -0.00937626 -0.00890774 -0.00849145 -0.00810858 -0.00778287 -0.00749373 -0.00724775 -0.00699038 -0.00678814 -0.00660634 -0.00640806 -0.00625651 -0.00610241 -0.00595889 -0.00582369 -0.00570584 -0.00560592 -0.00547341 -0.0053859 -0.00531812 -0.00522062 -0.00514108 -0.00505863 -0.00500597 -0.0049576 -0.00486457 -0.00481511 -0.00478556 -0.00472376 -0.00468083 -0.00465163 -0.0046167 -0.00457842 -0.00454715 -0.00452909 -0.00449411 -0.00446853 -0.00447051 -0.00444757 -0.00443021 -0.00443827 -0.004415 
0 7.7036e-05 0.000129383 0.000214712 0.000287885 0.000343818 0.000431506 0.000495794 0.000563067 0.000659821 0.000722782 0.000801433 0.000887804 0.000946774 0.00104663 0.00113749 0.00122189 0.00133115 0.00139433 0.00149474 0.00162368 0.00170939 0.00182484 0.00193026 0.00205475 0.00220407 0.00231029 0.0024633 0.00261362 0.00276099 0.00294392 0.00310098 0.00330995 0.00351077 0.00371823 0.00398564 0.00422881 0.00452498 0.00484413 0.00520537 0.00561696 0.00605127 0.00661269 0.00722164 0.00793442 0.00879213 0.00980224 0.0110093 0.0123786 0.0140409 0.015954 0.0181267 0.0205693 0.0232684 0.02622 0.0292621 0.0323741 0.0354075 0.0382503 0.0406964 0.0425698 0.0437502 0.0440417 0.0433555 0.0415295 0.0385718 0.034426 0.0291643 0.02285 0.0156115 0.00761021 -0.000998325 -0.00994852 -0.0190253 -0.0279113 -0.036412 -0.0442268 -0.0511473 -0.056875 -0.0612416 -0.0640939 -0.0654128 -0.0652165 -0.0635955 -0.0607058 -0.0567464 -0.0519987 -0.046715 -0.0411952 -0.0356405 -0.0302919 -0.0252693 -0.0207376 -0.0167222 -0.0132912 -0.0103683 -0.00793783 -0.00586089 -0.00408661 -0.00246079 -0.000929786 0.000659704 0.00236126 0.00432986 0.00661907 0.00937444 0.0126226 0.0164564 0.0208259 0.0257273 0.0310138 0.036586 0.0422174 0.0477256 0.0528171 0.0572465 0.0607175 0.0630206 0.0639698 0.0634586 0.061431 0.0578786 0.0529031 0.0466428 0.0393628 0.0312637 0.0226315 0.0136456 0.00460847 -0.0042789 -0.012737 -0.0206073 -0.0276947 -0.0338636 -0.0390058 -0.0430286 -0.0459316 -0.0476645 -0.0483403 -0.0480112 -0.0468634 -0.0449785 -0.0425351 -0.0397182 -0.0366862 -0.0335949 -0.0304854 -0.0275423 -0.0247961 -0.0223143 -0.0200664 -0.0180821 -0.0164039 -0.0149288 -0.0136835 -0.0126036 -0.0117226 -0.0109632 -0.0102873 -0.00974953 -0.00925674 -0.00884702 -0.00846635 -0.00814059 -0.00786664 -0.00757828 -0.0073613 -0.00713768 -0.00693583 -0.00676535 -0.00658002 -0.00644729 -0.00628781 -0.00614916 -0.00604792 -0.0059202 -0.00582526 -0.00570934 -0.00562013 -0.00556696 -0.00545806 -0.0053838 -0.00531857 -0.00524404 -0.00521119 -0.00514374 -0.0050871 -0.00505399 -0.004992 -0.00496824 -0.00494082 -0.00488866 -0.00487415 -0.00484169 -0.00480692 -0.00481092 -0.00478894 -0.00476867 -0.00477521 -0.00475135 
0 8.82636e-05 0.000146372 0.000231673 0.000309429 0.00036262 0.000461999 0.000547414 0.00060003 0.000705522 0.000787535 0.000843701 0.000964957 0.00105408 0.00111467 0.00122189 0.00131006 0.00141034 0.0015276 0.0016181 0.00174452 0.00185955 0.00195472 0.00210116 0.00223042 0.00235093 0.00250251 0.00265668 0.00282605 0.0029909 0.00317704 0.00338412 0.00357646 0.00381032 0.00405531 0.00431013 0.00460821 0.00492201 0.00528928 0.00569026 0.00614496 0.00668122 0.00728478 0.00800466 0.00882797 0.00981457 0.0109852 0.0123373 0.0139343 0.0157829 0.0179248 0.020311 0.022957 0.0258558 0.0289147 0.0320485 0.0351232 0.0380723 0.0406965 0.042822 0.0442785 0.044944 0.0447058 0.0434091 0.0410156 0.0374899 0.0329108 0.027299 0.0207682 0.0134302 0.00545589 -0.00297964 -0.0116971 -0.0204663 -0.0290923 -0.0373247 -0.0449805 -0.0517902 -0.0575554 -0.0620341 -0.0651213 -0.066724 -0.0668696 -0.0655918 -0.0630184 -0.0593161 -0.0547276 -0.0495231 -0.0439713 -0.038329 -0.0327988 -0.0275714 -0.022764 -0.0184849 -0.0147487 -0.0115653 -0.0088525 -0.00655016 -0.00452773 -0.00270392 -0.00093974 0.00084637 0.00279389 0.00498514 0.00755539 0.010572 0.0141312 0.0182385 0.0229007 0.028027 0.0335213 0.0392076 0.0449029 0.0503601 0.0553211 0.0595076 0.0626677 0.0646088 0.0651864 0.0643399 0.0620225 0.0582919 0.0532221 0.0470218 0.0398711 0.0320292 0.0236689 0.015033 0.00629802 -0.00230991 -0.0106278 -0.0184712 -0.0256689 -0.0320788 -0.037573 -0.042101 -0.0455556 -0.0479219 -0.0491787 -0.0494492 -0.0488127 -0.0473795 -0.0452757 -0.0426751 -0.0397846 -0.0366984 -0.0335627 -0.0304707 -0.0275621 -0.0248646 -0.0223969 -0.020205 -0.0182763 -0.0166234 -0.0151784 -0.0139553 -0.0129189 -0.0120322 -0.0112899 -0.0106364 -0.0100923 -0.0096138 -0.00919547 -0.00882965 -0.00849053 -0.00821122 -0.00793669 -0.00768862 -0.00748251 -0.00727329 -0.00709031 -0.00692242 -0.0067764 -0.00663164 -0.00647979 -0.00637915 -0.00626172 -0.00613226 -0.00604661 -0.00594409 -0.00585721 -0.00578784 -0.00570378 -0.00565263 -0.00558093 -0.00549963 -0.00547309 -0.00542373 -0.00535707 -0.00532014 -0.00527964 -0.00524464 -0.00522048 -0.0052038 -0.00518235 -0.00514013 -0.0051237 -0.00511311 -0.00508627 -0.00510082 
0 6.7709e-05 0.000165553 0.000239558 0.000319059 0.000423574 0.000493793 0.000568161 0.000672389 0.000746587 0.000825517 0.000936194 0.0010217 0.00110272 0.00121962 0.00133115 0.00141034 0.00151095 0.00164617 0.00174876 0.0018506 0.0019886 0.00211657 0.00226155 0.00240509 0.00253443 0.00270895 0.00287771 0.00303722 0.00322286 0.00342593 0.00364569 0.00385723 0.00411784 0.0044004 0.00467293 0.0050107 0.00537261 0.00577238 0.00622031 0.00673856 0.00735399 0.00802939 0.00885326 0.00981661 0.0109469 0.0122807 0.0138246 0.0156475 0.0177109 0.0200662 0.0226698 0.0255104 0.0285534 0.0316816 0.0348247 0.0378137 0.0405741 0.0428913 0.0446103 0.0455761 0.0456801 0.0448449 0.0429321 0.0399586 0.0359151 0.0309345 0.02504 0.0183597 0.0110031 0.0031492 -0.00503764 -0.0134266 -0.0218304 -0.0301119 -0.0380327 -0.045454 -0.0521166 -0.0578651 -0.0624458 -0.0657553 -0.0676591 -0.0681652 -0.0672635 -0.065052 -0.0616564 -0.057293 -0.0522184 -0.0466988 -0.0410046 -0.0353435 -0.0299278 -0.0248786 -0.0203314 -0.0163053 -0.0128384 -0.00984529 -0.00728523 -0.00501221 -0.00295601 -0.000955702 0.00106179 0.00325842 0.00570621 0.00855762 0.0118618 0.0157203 0.0201104 0.025035 0.0303741 0.036028 0.0417968 0.0474927 0.0528501 0.0576118 0.0615051 0.0643029 0.0658487 0.0660304 0.0648305 0.0622275 0.0583244 0.0532049 0.0470976 0.0401466 0.0326019 0.0245927 0.0163558 0.00801278 -0.000249935 -0.00833172 -0.0160689 -0.0232976 -0.0298783 -0.0356772 -0.0406475 -0.0446406 -0.0476211 -0.0495093 -0.0504071 -0.0503474 -0.0494294 -0.0477541 -0.0454714 -0.0427833 -0.0397892 -0.0366729 -0.0335113 -0.0304618 -0.0275723 -0.0249058 -0.0225042 -0.0203437 -0.0184755 -0.0168414 -0.0154529 -0.0142457 -0.0132196 -0.012371 -0.0116145 -0.0109771 -0.0104235 -0.00995854 -0.00953397 -0.00914968 -0.00884814 -0.00854459 -0.00827304 -0.00804308 -0.00782734 -0.00762159 -0.00742115 -0.00726913 -0.00710705 -0.00694197 -0.00681722 -0.00668632 -0.00658023 -0.00647895 -0.00635669 -0.00627275 -0.00620385 -0.00610999 -0.0060172 -0.00596097 -0.00590799 -0.00582407 -0.00577554 -0.0057483 -0.00568568 -0.00564908 -0.00562498 -0.0055666 -0.00553551 -0.00552175 -0.00549019 -0.0054832 -0.00547712 -0.00544943 -0.00544224 
