0 0 0 0 0 0 0 0 0 0 0 0 0 0 0 0 0 0 0 0 0 0 0 0 0 0 0 0 0 0 0 0 0 0 0 0 0 0 0 0 0 0 0 0 0 0 0 0 0 0 0 0 0 0 0 0 0 0 0 0 0 0 0 0 0 0 0 0 0 0 0 0 0 0 0 0 0 0 0 0 0 0 0 0 0 0 0 0 0 0 0 0 0 0 0 0 0 0 0 0 0 0 0 0 0 0 0 0 0 0 0 0 0 0 0 0 0 0 0 0 0 0 0 0 0 0 0 0 0 0 0 0 0 0 0 0 0 0 0 0 0 0 0 0 0 0 0 0 0 0 0 0 0 0 0 0 0 0 0 0 0 0 0 0 0 0 0 0 0 0 0 0 0 0 0 0 0 0 0 0 0 0 0 0 0 0 0 0 0 0 0 0 0 0 0 0 0 0 0 0 
0 -4.2688e-06 1.24333e-05 8.17043e-06 4.08818e-07 1.32127e-05 2.53273e-06 -7.87651e-08 2.02867e-05 9.65273e-06 1.43242e-05 2.87236e-05 1.06154e-05 1.69326e-05 2.54159e-05 1.75789e-05 2.45608e-05 2.79343e-05 2.68178e-05 1.86345e-05 3.1225e-05 4.28384e-05 2.90659e-05 4.76403e-05 4.13912e-05 2.68919e-05 4.25683e-05 4.12793e-05 5.74529e-05 4.10883e-05 3.32269e-05 6.5652e-05 5.89509e-05 5.95484e-05 5.65011e-05 6.80028e-05 7.11149e-05 6.17834e-05 8.0429e-05 6.3959e-05 7.70547e-05 8.2849e-05 7.60878e-05 8.81109e-05 8.75144e-05 0.000101874 9.06123e-05 0.000110513 0.000113211 0.000108138 0.000124891 0.000123847 0.000133834 0.000125815 0.000149136 0.000144691 0.000147298 0.000161042 0.000167515 0.00017564 0.000173263 0.000202356 0.000200002 0.000213491 0.00022165 0.000247812 0.000253575 0.000263843 0.00029072 0.000310525 0.00033235 0.000346505 0.000396126 0.000430792 0.000484497 0.000539197 0.000645587 0.000760722 0.000913988 0.00110308 0.00136889 0.00169529 0.00209147 0.00257475 0.00316868 0.00387778 0.00466969 0.00553478 0.00642965 0.00732248 0.00811008 0.00873157 0.00909329 0.00916789 0.00886929 0.00817197 0.00702268 0.00548577 0.00361746 0.00156295 -0.000593224 -0.00270712 -0.00469343 -0.00639979 -0.00775293 -0.00866393 -0.00916485 -0.00926853 -0.00905776 -0.008555 -0.00784936 -0.00699745 -0.00611054 -0.00522877 -0.00440587 -0.00365135 -0.00300696 -0.00247344 -0.00203759 -0.00167428 -0.00137594 -0.00115613 -0.000983468 -0.00085203 -0.000731563 -0.000662569 -0.000601908 -0.000563734 -0.0005082 -0.00048928 -0.000464863 -0.000447974 -0.00041645 -0.000406298 -0.000399325 -0.000377665 -0.000365133 -0.000352449 -0.000356101 -0.000327217 -0.000327668 -0.000317 -0.000314597 -0.000294111 -0.000292214 -0.000292729 -0.000271099 -0.000273074 -0.000262354 -0.000265708 -0.00024351 -0.000252621 -0.00024754 -0.000233605 -0.000241064 -0.000232229 -0.000236127 -0.000219868 -0.000233015 -0.000222367 -0.000213856 -0.000223951 -0.000202965 -0.000211743 -0.000206965 -0.000203796 -0.000189795 -0.000192572 -0.000215302 -0.000187645 -0.000188374 -0.000190175 -0.000195929 -0.000204516 -0.000175829 -0.000185216 -0.000185517 -0.000173728 -0.000184194 -0.000182744 -0.000178799 -0.000168204 -0.000180151 -0.000183142 -0.000168312 -0.000188219 -0.000174974 -0.000158824 -0.000178337 -0.000163654 -0.000164809 -0.000182709 -0.000168512 -0.000171355 -0.000176019 -0.000161661 -0.000166078 -0.00017038 -0.000162212 -0.000169131 
0 1.24333e-05 -1.55768e-05 1.30129e-05 1.3997e-05 2.62515e-06 3.7172e-05 2.16969e-05 1.74604e-05 3.51881e-05 1.59781e-05 2.85377e-05 3.87232e-05 3.60708e-05 4.7714e-05 4.03279e-05 5.03678e-05 5.24716e-05 4.92321e-05 7.44063e-05 6.18224e-05 5.10192e-05 6.98826e-05 6.54928e-05 6.68746e-05 9.22338e-05 9.91095e-05 7.58379e-05 8.39322e-05 0.000114524 0.000108524 0.000100172 0.000104676 0.000108446 0.000123457 0.000127134 0.000118605 0.000136703 0.000150394 0.000146419 0.000156621 0.000169597 0.000172138 0.00017166 0.000191985 0.000191243 0.000189278 0.000211725 0.000213332 0.000218345 0.000228117 0.000251752 0.000249309 0.000260457 0.00028963 0.000292437 0.000305732 0.000321125 0.000353027 0.000348971 0.000371507 0.000399733 0.000416802 0.000428393 0.000451597 0.00049592 0.000502998 0.000535213 0.00056776 0.000625022 0.000646504 0.000701209 0.000772594 0.000864205 0.000954779 0.00108479 0.00128359 0.0015237 0.00183123 0.00221517 0.00275238 0.00339902 0.00420805 0.00516644 0.00637178 0.00776704 0.00936584 0.0110675 0.0128675 0.0146114 0.01619 0.0173921 0.0181249 0.0182366 0.0176509 0.0162288 0.0139624 0.0108871 0.00720172 0.00309987 -0.00116018 -0.0053804 -0.00930011 -0.0127103 -0.0153793 -0.017224 -0.0182121 -0.0184563 -0.0180253 -0.0170608 -0.015647 -0.0139884 -0.0122076 -0.0104769 -0.00881767 -0.00733673 -0.0060326 -0.00497954 -0.00408985 -0.00337443 -0.00277112 -0.00233258 -0.00198304 -0.00171536 -0.00148575 -0.00133283 -0.0012247 -0.00112741 -0.00104218 -0.000977464 -0.000949122 -0.000891037 -0.000850567 -0.000809619 -0.000801705 -0.000753992 -0.000726163 -0.000706043 -0.000692962 -0.000659862 -0.000634651 -0.000636253 -0.000608797 -0.000591877 -0.000576062 -0.000580008 -0.000550667 -0.00054106 -0.000542552 -0.000525214 -0.000511557 -0.000504599 -0.000505429 -0.00047797 -0.00047711 -0.000474194 -0.000454071 -0.000448816 -0.000447303 -0.000436996 -0.000422342 -0.000432545 -0.00042694 -0.000409801 -0.000414132 -0.000413646 -0.000410918 -0.000406674 -0.000384815 -0.000382601 -0.000403941 -0.000388375 -0.000358311 -0.00036703 -0.000383024 -0.000368397 -0.000368438 -0.000378407 -0.000355083 -0.000356667 -0.000366526 -0.000356584 -0.000357882 -0.000344875 -0.000345669 -0.000345189 -0.000336413 -0.000361063 -0.000348902 -0.000340276 -0.00035756 -0.000326932 -0.000332275 -0.000346982 -0.000323283 -0.000346267 -0.000347081 -0.000327834 -0.000350212 -0.000333036 
0 8.17043e-06 1.30129e-05 1.73436e-05 1.48381e-05 2.1128e-05 2.33941e-05 2.1332e-05 3.87103e-05 4.0857e-05 4.26852e-05 5.83135e-05 4.97903e-05 5.36142e-05 6.64278e-05 6.26447e-05 7.19609e-05 7.95535e-05 7.87889e-05 8.08545e-05 9.30234e-05 0.000103697 0.000103515 0.000117911 0.000114739 0.000111268 0.000126343 0.000128111 0.000146059 0.000141527 0.000137345 0.000167327 0.000171766 0.000174057 0.000179953 0.000194658 0.000198911 0.000201927 0.000221708 0.000213343 0.000230639 0.000245007 0.000245471 0.000260527 0.000274743 0.000290594 0.000290205 0.00031939 0.000330353 0.000334538 0.000359218 0.000374656 0.000387642 0.000395314 0.000431014 0.000438851 0.000453118 0.000482297 0.000509083 0.000525708 0.000545737 0.000593544 0.000614036 0.000642894 0.000679155 0.00073432 0.00076381 0.000804358 0.000867321 0.00093264 0.000991083 0.00106182 0.00117932 0.00130384 0.00145664 0.00165331 0.00194951 0.00231277 0.00277749 0.00337252 0.00416672 0.00515237 0.00635845 0.00782421 0.00961117 0.0117107 0.014072 0.016624 0.0192703 0.0218578 0.0241549 0.025932 0.0269757 0.0271248 0.0261998 0.0240728 0.0206792 0.0161334 0.0106598 0.0045958 -0.00173485 -0.00797515 -0.0137948 -0.0188326 -0.0228157 -0.0255643 -0.0270844 -0.0274656 -0.026871 -0.0254475 -0.0233961 -0.0209398 -0.0183265 -0.0157341 -0.0132834 -0.0110571 -0.00912569 -0.00751757 -0.00618876 -0.0050944 -0.0042023 -0.00352168 -0.0029934 -0.00258109 -0.00224153 -0.00200728 -0.00183009 -0.00169136 -0.00155752 -0.00147279 -0.00140626 -0.00134032 -0.00126917 -0.00122327 -0.00119171 -0.00113874 -0.0010966 -0.00106473 -0.00104601 -0.000996949 -0.000972761 -0.00095255 -0.000928928 -0.000892885 -0.0008757 -0.000865248 -0.000829128 -0.000814879 -0.000799502 -0.000786406 -0.000756198 -0.000753467 -0.000742554 -0.000717262 -0.000715163 -0.000704168 -0.000694046 -0.000675488 -0.000680064 -0.00066414 -0.000648172 -0.000651729 -0.000630457 -0.000626476 -0.000620549 -0.000610744 -0.000593542 -0.000595008 -0.00060451 -0.000578404 -0.00057768 -0.000576153 -0.00057411 -0.000577845 -0.000556153 -0.000553892 -0.000551733 -0.000543473 -0.000544051 -0.000542594 -0.000536825 -0.000525337 -0.000534585 -0.000532609 -0.000523254 -0.000535307 -0.000519819 -0.000510633 -0.00051873 -0.000506049 -0.000511333 -0.000518355 -0.00051032 -0.00051383 -0.000510737 -0.00050396 -0.000503852 -0.000502184 -0.000502939 -0.000504925 
0 4.08818e-07 1.3997e-05 1.48381e-05 2.21543e-05 3.51081e-05 3.12491e-05 3.93942e-05 5.06065e-05 4.79423e-05 5.84199e-05 6.74063e-05 6.76055e-05 7.69768e-05 8.44914e-05 8.95796e-05 9.51234e-05 0.00010414 0.000112114 0.000110952 0.000123996 0.00013375 0.000131874 0.000147928 0.000155164 0.000156949 0.000168378 0.00017735 0.000191205 0.000191271 0.000197266 0.000217179 0.000221742 0.00023002 0.000239125 0.000252695 0.000264545 0.00027139 0.000289559 0.000295751 0.000311462 0.00032727 0.000334824 0.00035352 0.00036629 0.000384043 0.000395101 0.000416522 0.000435643 0.00044686 0.000474631 0.000492478 0.000515133 0.000534745 0.00056624 0.000590174 0.00061149 0.000649525 0.000677791 0.000710916 0.000740543 0.000789786 0.000824817 0.000864457 0.000915569 0.000971142 0.00102494 0.00107782 0.0011596 0.00123661 0.00132673 0.00142679 0.00157542 0.00174378 0.0019567 0.00223607 0.00262221 0.00311888 0.00374838 0.00456923 0.00562453 0.00695423 0.00857189 0.010553 0.0129264 0.0157123 0.0188253 0.0221951 0.0256569 0.0290252 0.0319922 0.0342831 0.0356024 0.0357383 0.0344522 0.0316017 0.0271172 0.0211505 0.0139792 0.00603043 -0.00227184 -0.0104527 -0.0180758 -0.02468 -0.029926 -0.0335837 -0.0356489 -0.036214 -0.0354887 -0.0336665 -0.0310273 -0.0278422 -0.0244351 -0.0210216 -0.0177956 -0.0148496 -0.0122928 -0.0101286 -0.00834709 -0.00687191 -0.00568867 -0.00475659 -0.00404117 -0.0034756 -0.00303376 -0.0027059 -0.00246038 -0.00226782 -0.00209965 -0.00198081 -0.00187912 -0.00179491 -0.00170366 -0.00164256 -0.00158238 -0.00152493 -0.00146594 -0.00142239 -0.00138354 -0.00133301 -0.00129788 -0.0012621 -0.00123381 -0.00119223 -0.00116972 -0.00114342 -0.00111379 -0.00109015 -0.00106793 -0.00105015 -0.00102072 -0.00100938 -0.000988522 -0.00096893 -0.000953859 -0.00093762 -0.000924388 -0.000903886 -0.000897558 -0.000880284 -0.000867775 -0.000859967 -0.000843165 -0.00083725 -0.00082684 -0.000818653 -0.000804094 -0.000796562 -0.000797898 -0.000780611 -0.000771603 -0.00076613 -0.00076253 -0.000757469 -0.000741304 -0.000743188 -0.000739213 -0.000726686 -0.000728552 -0.00072356 -0.000715845 -0.000710866 -0.000709577 -0.000706635 -0.000696692 -0.000700365 -0.00069654 -0.000685735 -0.000693884 -0.000687978 -0.000680092 -0.000688555 -0.000679429 -0.000674739 -0.000681694 -0.000673327 -0.00067442 -0.00067966 -0.00067081 -0.000673525 
0 1.32127e-05 2.62515e-06 2.1128e-05 3.51081e-05 2.59154e-05 5.08187e-05 6.14405e-05 4.82193e-05 7.05798e-05 7.30109e-05 6.73296e-05 9.53961e-05 9.88286e-05 0.000100249 0.000115903 0.000120584 0.000125891 0.000134355 0.000158073 0.00015483 0.000151014 0.000179573 0.00017032 0.00018595 0.000214439 0.000213268 0.000223912 0.000215947 0.000251565 0.000273129 0.000251688 0.000274352 0.000285908 0.000308627 0.000311973 0.000321897 0.00035087 0.000349087 0.000384198 0.00038723 0.000404864 0.000430394 0.000437354 0.000466068 0.000470759 0.00050756 0.000514172 0.000540094 0.000570079 0.000583593 0.000621171 0.000637002 0.000682547 0.000697294 0.000741301 0.000774514 0.000808599 0.000852574 0.000886867 0.00094487 0.000975602 0.00104167 0.00108493 0.00115482 0.00121005 0.00128585 0.00136427 0.00144867 0.00155447 0.00166231 0.00181377 0.00197426 0.00220536 0.00247167 0.00285123 0.00332185 0.00396213 0.00476729 0.00582276 0.00715166 0.00882457 0.0108769 0.0133696 0.0163418 0.0197818 0.0236387 0.0277709 0.0320129 0.036073 0.0396544 0.0423709 0.0439239 0.0439745 0.0423079 0.0387079 0.0331848 0.0258541 0.0171045 0.00736763 -0.0027708 -0.012792 -0.0220901 -0.0301886 -0.0366263 -0.0412012 -0.0438184 -0.0446317 -0.0438132 -0.0416777 -0.0385063 -0.0346861 -0.0305274 -0.0263557 -0.0223672 -0.0187404 -0.0155498 -0.0128388 -0.0105793 -0.00872527 -0.00723505 -0.00604573 -0.00512709 -0.00439894 -0.00385567 -0.00342012 -0.00310901 -0.00284437 -0.00265925 -0.00248596 -0.0023635 -0.00224182 -0.00215038 -0.00205891 -0.00197783 -0.00191162 -0.00183906 -0.00178751 -0.00171664 -0.00168182 -0.00161932 -0.00158433 -0.00153301 -0.00150299 -0.00146361 -0.00142268 -0.00140353 -0.00136097 -0.00134415 -0.00130298 -0.00129418 -0.00125728 -0.00123534 -0.00122128 -0.00118812 -0.00117827 -0.00114619 -0.00114423 -0.00111137 -0.00110059 -0.00109135 -0.00106381 -0.00106979 -0.00104018 -0.00103289 -0.0010221 -0.00102109 -0.00100665 -0.000966659 -0.000987323 -0.000977878 -0.000960388 -0.00094333 -0.000927599 -0.00094956 -0.000926624 -0.000918758 -0.000925135 -0.000902388 -0.000899384 -0.000898762 -0.000900546 -0.000883074 -0.000873996 -0.000884472 -0.0008587 -0.000867197 -0.000881915 -0.000854142 -0.000865837 -0.000864624 -0.000838366 -0.000854129 -0.000851155 -0.000837461 -0.000854698 -0.000848163 -0.000838093 -0.000851374 -0.000840644 
0 2.53273e-06 3.7172e-05 2.33941e-05 3.12491e-05 5.08187e-05 3.65143e-05 5.96417e-05 7.16047e-05 7.38114e-05 0.000100552 9.84708e-05 0.000107077 0.000115961 0.000116358 0.000141151 0.000140185 0.000153445 0.00017206 0.00015928 0.000185234 0.000208015 0.000207909 0.000224976 0.000237108 0.000232786 0.000236762 0.000276248 0.000287604 0.000277142 0.000300567 0.000319656 0.000342316 0.000357277 0.000359129 0.000379802 0.000405396 0.000414827 0.000421954 0.000451155 0.000466284 0.000478439 0.000508397 0.000530457 0.000546358 0.000575849 0.00060946 0.000623584 0.000655467 0.000691364 0.000715283 0.000740851 0.000781931 0.000818163 0.000840373 0.000888152 0.000931477 0.00097108 0.0010101 0.00107296 0.00112579 0.00117346 0.00124161 0.00131424 0.00138714 0.00145353 0.00155465 0.00165016 0.00175693 0.00187062 0.00202773 0.0022014 0.00240895 0.00267627 0.00303077 0.0034908 0.00407343 0.00485045 0.00585296 0.00714902 0.00876189 0.0107946 0.0132832 0.0163077 0.0198563 0.0239531 0.0284979 0.0333687 0.0382956 0.0429929 0.0470709 0.0501578 0.051838 0.0517706 0.0496524 0.0453293 0.0387794 0.0302019 0.019964 0.00860781 -0.00325138 -0.0149386 -0.02581 -0.0352675 -0.0428637 -0.0483085 -0.0515325 -0.0526158 -0.0518044 -0.0494067 -0.0458216 -0.041424 -0.0366174 -0.0317181 -0.0270323 -0.0227255 -0.0189316 -0.0156527 -0.0129183 -0.0106626 -0.00885802 -0.00739823 -0.00625786 -0.00536584 -0.00469611 -0.0041666 -0.00375778 -0.00344434 -0.00320746 -0.00301047 -0.00283469 -0.00270286 -0.00258713 -0.00248467 -0.0023742 -0.0023003 -0.00222385 -0.00214957 -0.0020729 -0.00202249 -0.00196714 -0.00190133 -0.00185401 -0.00181225 -0.00176622 -0.00171082 -0.00168372 -0.00164494 -0.00160079 -0.00156817 -0.00154536 -0.0015091 -0.00147508 -0.00146237 -0.00143312 -0.00140488 -0.00139008 -0.00137308 -0.00134268 -0.00133055 -0.0013179 -0.00128601 -0.00127056 -0.00126357 -0.00124311 -0.00121698 -0.00120758 -0.0011958 -0.00119372 -0.00118211 -0.00114625 -0.00115204 -0.00116309 -0.00114038 -0.00111705 -0.00111574 -0.00110694 -0.00108639 -0.00109921 -0.00108703 -0.00106478 -0.00107238 -0.00106012 -0.00106334 -0.00106269 -0.00105023 -0.0010521 -0.0010283 -0.00102888 -0.00103396 -0.00101659 -0.00103618 -0.00102926 -0.00101479 -0.00103123 -0.0010089 -0.00100634 -0.00102031 -0.000999677 -0.0010146 
0 -7.87651e-08 2.16969e-05 2.1332e-05 3.93942e-05 6.14405e-05 5.96417e-05 7.77131e-05 8.3326e-05 8.48928e-05 0.000104216 0.000106 0.000123529 0.000141077 0.000142928 0.000163675 0.000168568 0.000176995 0.000199812 0.000203476 0.000216824 0.00022965 0.000233944 0.000250285 0.000271428 0.000287029 0.000298314 0.000316676 0.000323989 0.000339977 0.000368309 0.000369656 0.000382693 0.000408728 0.000421343 0.000439972 0.000465675 0.000482397 0.000499972 0.000534091 0.000551734 0.000567669 0.000602325 0.000625286 0.000641631 0.000673962 0.000708231 0.000724575 0.000759322 0.000802032 0.000828582 0.000861452 0.000912215 0.000955025 0.000985572 0.00104241 0.00109854 0.00114188 0.00119218 0.00126546 0.00132759 0.00138091 0.00146039 0.00154774 0.00162638 0.00170558 0.0018215 0.00193865 0.00205622 0.00219459 0.00238229 0.0025944 0.00283934 0.00316379 0.00359897 0.00415557 0.0048572 0.00578831 0.00700121 0.00854828 0.0104691 0.0128707 0.0158191 0.0193671 0.0235023 0.0282219 0.0334332 0.0389652 0.0445154 0.0497398 0.0542333 0.057575 0.0593106 0.0590383 0.0564463 0.0513858 0.0438756 0.0341325 0.0225573 0.0097262 -0.00366714 -0.0168686 -0.0291481 -0.0398638 -0.0485298 -0.0548367 -0.0586717 -0.0600988 -0.0593594 -0.0568135 -0.0528984 -0.0480402 -0.0426574 -0.0371209 -0.0317721 -0.0268318 -0.0224328 -0.0186043 -0.0153767 -0.0127174 -0.0105746 -0.00883899 -0.00746374 -0.00639607 -0.00559023 -0.00495374 -0.0044529 -0.00407245 -0.00378989 -0.0035507 -0.00333822 -0.00317514 -0.00304315 -0.00291542 -0.00278497 -0.00269135 -0.00260536 -0.00251225 -0.00242062 -0.00235969 -0.00229472 -0.00221756 -0.00215892 -0.00211471 -0.0020595 -0.00199895 -0.0019663 -0.00192634 -0.00187607 -0.00183902 -0.00181434 -0.00177194 -0.00173293 -0.00171374 -0.00167972 -0.00164264 -0.00162182 -0.00160011 -0.00156327 -0.00154502 -0.00153038 -0.00150112 -0.00148441 -0.00147176 -0.00144991 -0.0014344 -0.00142863 -0.00140126 -0.00138268 -0.0013818 -0.00136065 -0.00134428 -0.00133246 -0.00131676 -0.00130876 -0.0013068 -0.00129581 -0.00127963 -0.00127875 -0.00126559 -0.00125753 -0.00125966 -0.0012395 -0.00123485 -0.00122785 -0.00121457 -0.00122283 -0.00121482 -0.00121257 -0.00121415 -0.00119775 -0.00119883 -0.00119187 -0.00118259 -0.00119222 -0.00118534 -0.00118585 -0.00119189 -0.0011794 -0.00118177 
0 2.02867e-05 1.74604e-05 3.87103e-05 5.06065e-05 4.82193e-05 7.16047e-05 8.3326e-05 8.98128e-05 0.00011131 0.000118351 0.000126967 0.000143815 0.000156437 0.000166641 0.000177107 0.000198213 0.000204464 0.000213825 0.000245583 0.000247228 0.000257789 0.000286453 0.000288426 0.000304971 0.000325956 0.000343756 0.00035727 0.000359863 0.000396945 0.000419622 0.000421856 0.000445812 0.000468693 0.000494037 0.000506974 0.000530179 0.000556377 0.000571893 0.000607774 0.000624232 0.000650378 0.000686095 0.000709621 0.000741431 0.000771316 0.00081367 0.000837493 0.00087695 0.000924204 0.000952418 0.000998762 0.00104419 0.00109612 0.00113252 0.00119363 0.0012562 0.00130327 0.00137053 0.00144226 0.00152149 0.00158155 0.00167827 0.00177438 0.00186756 0.00196744 0.00209531 0.00223826 0.00236955 0.00254541 0.00275525 0.00301509 0.0033004 0.00369618 0.00420886 0.00487266 0.00570544 0.00680628 0.00823892 0.0100471 0.012297 0.0150804 0.0185003 0.0225634 0.0272814 0.0325923 0.0384288 0.0445397 0.0506288 0.0562694 0.0610765 0.0645533 0.0662514 0.0656913 0.0625968 0.0568004 0.0483943 0.0375826 0.0248241 0.0106889 -0.00403922 -0.0185747 -0.0320916 -0.0439466 -0.053594 -0.0607369 -0.0651895 -0.0670251 -0.0664398 -0.0638605 -0.0597176 -0.0545129 -0.0486445 -0.0425627 -0.0366024 -0.0310689 -0.0260726 -0.0217063 -0.0179751 -0.0149003 -0.0123931 -0.0103679 -0.00874381 -0.00748366 -0.00652351 -0.00576575 -0.00517284 -0.00471213 -0.00437889 -0.00408718 -0.00384884 -0.00364543 -0.00349818 -0.00334262 -0.00320336 -0.0030872 -0.00298939 -0.00288606 -0.00278159 -0.00271228 -0.00263055 -0.00255505 -0.00247826 -0.00242923 -0.00236215 -0.00229831 -0.00225355 -0.0022021 -0.00215323 -0.00210125 -0.00207311 -0.00202313 -0.00198413 -0.00195587 -0.00191791 -0.00188656 -0.00185332 -0.00183452 -0.00179722 -0.00177375 -0.00175425 -0.00172203 -0.00170839 -0.00168018 -0.00165757 -0.00164025 -0.0016274 -0.00160723 -0.0015733 -0.00157528 -0.00156541 -0.00153956 -0.00152484 -0.00151169 -0.00151235 -0.00148917 -0.00147379 -0.00147734 -0.00145232 -0.00144361 -0.00144451 -0.00143049 -0.00142065 -0.00141415 -0.0014127 -0.00139831 -0.00139339 -0.00139869 -0.00137681 -0.00137658 -0.00138136 -0.00135991 -0.00137004 -0.00137082 -0.00135102 -0.00136445 -0.00135745 -0.00134344 -0.00136086 -0.00135014 
0 9.65273e-06 3.51881e-05 4.0857e-05 4.79423e-05 7.05798e-05 7.38114e-05 8.48928e-05 0.00011131 0.000116264 0.000132365 0.000157893 0.000158891 0.000169748 0.000190862 0.000202372 0.000215821 0.000237108 0.000254162 0.000253396 0.00027771 0.000307084 0.0003095 0.00033824 0.000354037 0.000356915 0.000375691 0.000399058 0.000441356 0.000435806 0.000443239 0.000492636 0.000510247 0.000534108 0.000543409 0.000576163 0.000606904 0.00062028 0.000658895 0.000670231 0.000712372 0.000738143 0.000765477 0.000807476 0.000830122 0.000881855 0.000904464 0.000955853 0.000992217 0.00103461 0.00108672 0.00112252 0.00118914 0.00122537 0.00129506 0.00134503 0.00141615 0.00147971 0.0015479 0.00163763 0.00170657 0.00180699 0.00188999 0.00201315 0.00210787 0.00223919 0.0023743 0.00253258 0.00269924 0.00289398 0.00314942 0.00343071 0.00379739 0.00424356 0.00486477 0.00562191 0.0066251 0.00789811 0.00957288 0.0116533 0.0142552 0.0174449 0.0213329 0.0259199 0.0311912 0.0370849 0.0434676 0.0500991 0.0566002 0.0625753 0.0675499 0.0710713 0.0725943 0.0717015 0.0680436 0.061559 0.052291 0.0405522 0.0267358 0.0115181 -0.004366 -0.0200032 -0.0346134 -0.047444 -0.0580149 -0.0659219 -0.0710291 -0.0732984 -0.0729924 -0.0704655 -0.0662435 -0.0607777 -0.0545602 -0.0480024 -0.0415268 -0.0354189 -0.0298672 -0.0249582 -0.0207387 -0.0172253 -0.0143374 -0.0120059 -0.010117 -0.00865877 -0.00750926 -0.00663767 -0.00592449 -0.00540359 -0.00497836 -0.00465858 -0.00436713 -0.0041467 -0.00395435 -0.00378502 -0.00363171 -0.00348974 -0.00338177 -0.00325289 -0.00316076 -0.00305057 -0.00297791 -0.00287917 -0.00280906 -0.0027338 -0.00266368 -0.00260445 -0.00253255 -0.00249067 -0.00242035 -0.00238431 -0.00232405 -0.00228671 -0.00224336 -0.00219648 -0.00217033 -0.00212135 -0.00210165 -0.00205451 -0.00203498 -0.00200406 -0.00196876 -0.00195212 -0.00191043 -0.00190303 -0.00187308 -0.00184599 -0.00181919 -0.00180508 -0.00181097 -0.00176046 -0.00174156 -0.0017424 -0.00173253 -0.00171656 -0.00168077 -0.00168159 -0.00166778 -0.00164616 -0.0016506 -0.00163436 -0.00161561 -0.00160526 -0.00160662 -0.0015989 -0.00158349 -0.00159075 -0.00157084 -0.00155185 -0.00156526 -0.00154857 -0.00154146 -0.00155638 -0.00153747 -0.0015331 -0.0015422 -0.00152185 -0.00152356 -0.00153156 -0.00151456 -0.00152411 
0 1.43242e-05 1.59781e-05 4.26852e-05 5.84199e-05 7.30109e-05 0.000100552 0.000104216 0.000118351 0.000132365 0.000137815 0.000163766 0.000174054 0.000196536 0.0002224 0.000221492 0.000248652 0.000261318 0.00026921 0.000306394 0.000313637 0.000323811 0.000346138 0.000362403 0.000383567 0.00041362 0.000445433 0.000443107 0.000464525 0.000500149 0.000516657 0.000546809 0.000551827 0.000578138 0.000619625 0.00064022 0.000664975 0.000694261 0.000737687 0.000756374 0.00079476 0.000834693 0.000855572 0.000901192 0.00093604 0.00097558 0.00100865 0.0010623 0.00110573 0.00114442 0.00120879 0.00125739 0.00131656 0.0013718 0.0014485 0.00150878 0.0015788 0.00166274 0.00174115 0.00182886 0.00191493 0.002027 0.00212408 0.00224421 0.00236654 0.00251168 0.00266093 0.00283277 0.00303312 0.00326171 0.00354284 0.00387469 0.0043054 0.00483923 0.00554588 0.00643802 0.00760502 0.00909151 0.0110034 0.0133902 0.0163562 0.0199761 0.0243329 0.0294339 0.0352457 0.041676 0.0485515 0.0555964 0.0624197 0.0685938 0.0736333 0.0770507 0.0783127 0.0769893 0.0727696 0.065596 0.0555638 0.0429875 0.0283027 0.0121758 -0.00461793 -0.0211722 -0.0366669 -0.0503608 -0.0617332 -0.0703806 -0.0761152 -0.0788944 -0.0789378 -0.0766074 -0.0724082 -0.0668236 -0.0603523 -0.05344 -0.0465147 -0.0398961 -0.0338089 -0.0283798 -0.0236753 -0.0197106 -0.0164285 -0.0137611 -0.0116087 -0.00991637 -0.00858092 -0.00755379 -0.00674096 -0.0061225 -0.00562364 -0.00524076 -0.00491877 -0.00465942 -0.0044292 -0.00423648 -0.00406748 -0.00390808 -0.00376774 -0.0036354 -0.00352767 -0.0034054 -0.00330915 -0.00321297 -0.00313212 -0.00303949 -0.00296691 -0.00290298 -0.00282746 -0.00276706 -0.00270797 -0.00266103 -0.00259257 -0.00255353 -0.00250713 -0.00245431 -0.00241277 -0.00237334 -0.00233589 -0.0022852 -0.0022653 -0.00222255 -0.00218711 -0.00216933 -0.00213616 -0.00210552 -0.00207986 -0.00207441 -0.00203886 -0.00201169 -0.00199403 -0.00196931 -0.00196848 -0.00193209 -0.00190022 -0.00189608 -0.0018873 -0.00187062 -0.00185345 -0.00184891 -0.00182102 -0.00181518 -0.00181962 -0.00179106 -0.00178843 -0.0017722 -0.00175136 -0.00175692 -0.00174503 -0.00174594 -0.00174347 -0.00172893 -0.00172853 -0.00171315 -0.00170719 -0.00170963 -0.00169933 -0.00170513 -0.00170416 -0.00169571 -0.00170073 -0.0016925 
0 2.87236e-05 2.85377e-05 5.83135e-05 6.74063e-05 6.73296e-05 9.84708e-05 0.000106 0.000126967 0.000157893 0.000163766 0.000187077 0.000197071 0.000210623 0.000236488 0.000238632 0.00027393 0.0002929 0.000293629 0.000337086 0.000344643 0.000359322 0.000400452 0.000407909 0.000424986 0.000446368 0.000471484 0.000492159 0.000514636 0.000551144 0.00056316 0.000599076 0.000628689 0.000645829 0.000691948 0.000707372 0.000734166 0.000774845 0.000803257 0.000832686 0.000867359 0.00091738 0.00094114 0.000988123 0.00104267 0.00107293 0.00112606 0.00117974 0.0012311 0.00127309 0.00134071 0.00140314 0.00144866 0.0015247 0.00159724 0.00166773 0.00173675 0.00183554 0.00192565 0.00200936 0.00212105 0.00223855 0.00235846 0.00247623 0.00263401 0.00279231 0.00296093 0.00315281 0.00338898 0.00365776 0.00396507 0.00436055 0.00485728 0.00549241 0.00628827 0.0073358 0.00867786 0.0103987 0.0125597 0.0152751 0.0186217 0.0226842 0.0275075 0.033108 0.0394332 0.046349 0.0536435 0.0609995 0.0680347 0.0742811 0.0792602 0.0824411 0.0833388 0.0815118 0.0767183 0.0688826 0.058169 0.0448716 0.0294907 0.0126531 -0.00482152 -0.0220829 -0.0382704 -0.0526883 -0.0647551 -0.0740907 -0.0804381 -0.0837758 -0.0842532 -0.0822424 -0.0781889 -0.0726147 -0.0660049 -0.0588495 -0.0515592 -0.0444935 -0.0379062 -0.0319781 -0.0267947 -0.0223703 -0.018677 -0.0156494 -0.0132164 -0.0112661 -0.00972924 -0.00852198 -0.00760074 -0.00686813 -0.00629278 -0.00583226 -0.00547945 -0.00517526 -0.00491014 -0.00469003 -0.00450554 -0.00433338 -0.00416124 -0.00402938 -0.00390249 -0.00377905 -0.00365468 -0.00356475 -0.00346902 -0.00336476 -0.00328354 -0.00320953 -0.00313213 -0.00304594 -0.00299516 -0.00292856 -0.00285838 -0.00280763 -0.00275936 -0.00270503 -0.00264933 -0.00262353 -0.00257056 -0.00252722 -0.00250241 -0.0024598 -0.00242245 -0.0023898 -0.00236825 -0.00232227 -0.00229487 -0.00227601 -0.00223429 -0.00222297 -0.00219307 -0.00216632 -0.00215617 -0.00213228 -0.00211557 -0.00209704 -0.00208712 -0.00205501 -0.0020379 -0.00204345 -0.00200499 -0.00199875 -0.00199437 -0.00196317 -0.00196908 -0.00195841 -0.00194809 -0.0019442 -0.00192405 -0.00192307 -0.00190462 -0.00189616 -0.00190555 -0.00188588 -0.00189147 -0.00189305 -0.00187002 -0.00188026 -0.00187313 -0.0018586 -0.00187538 -0.00186509 
0 1.06154e-05 3.87232e-05 4.97903e-05 6.76055e-05 9.53961e-05 0.000107077 0.000123529 0.000143815 0.000158891 0.000174054 0.000197071 0.000224032 0.00023135 0.000254152 0.000284586 0.000285345 0.000317949 0.000346129 0.000343436 0.00037908 0.000403572 0.000417986 0.000448408 0.000471102 0.000500558 0.000507458 0.000540031 0.000590755 0.000590733 0.000612833 0.000652979 0.000687348 0.000713278 0.000735307 0.00078012 0.000807779 0.000849807 0.000886004 0.000912037 0.000967103 0.00100132 0.00104055 0.00108599 0.00113693 0.00118066 0.00122476 0.00129474 0.00133814 0.00139657 0.00146744 0.00153317 0.00159542 0.00167039 0.00176317 0.0018296 0.00191904 0.00202164 0.00212187 0.00221604 0.00233455 0.00247211 0.00259051 0.00273179 0.00289719 0.00308158 0.00325901 0.00347975 0.00374894 0.00405225 0.00440546 0.00485638 0.00544524 0.00616927 0.00709535 0.00829367 0.00985156 0.0118057 0.0142586 0.0173112 0.0210686 0.0255742 0.030868 0.0369508 0.0437526 0.0510995 0.0587234 0.0662985 0.0734177 0.0796244 0.0843974 0.0872348 0.0876502 0.0852794 0.0798827 0.0714442 0.0601124 0.046242 0.0303126 0.0129894 -0.00496729 -0.0227004 -0.0394152 -0.0543869 -0.0670615 -0.0770007 -0.0839652 -0.0878769 -0.0888886 -0.0872927 -0.0835299 -0.0780802 -0.0714694 -0.0641717 -0.0566225 -0.0491773 -0.0421457 -0.0357462 -0.0300947 -0.0252168 -0.0210945 -0.0177013 -0.0149514 -0.012744 -0.01097 -0.00958875 -0.00851814 -0.00768421 -0.00700439 -0.00647826 -0.00606749 -0.00572562 -0.00541931 -0.00516606 -0.00496371 -0.00476377 -0.00457827 -0.00441729 -0.00428769 -0.00413965 -0.00400837 -0.00390059 -0.00379752 -0.00368614 -0.00358826 -0.00351684 -0.00342278 -0.00334301 -0.00327438 -0.00321194 -0.0031363 -0.00307586 -0.00303042 -0.00296089 -0.0029132 -0.00286561 -0.00281868 -0.0027659 -0.00272738 -0.00269412 -0.00264047 -0.00261411 -0.00257515 -0.00254419 -0.00251993 -0.00247868 -0.00245125 -0.00242946 -0.00241871 -0.00237226 -0.0023383 -0.00234402 -0.0023141 -0.00228657 -0.0022641 -0.00225176 -0.00224008 -0.00220835 -0.00221122 -0.00219452 -0.00216293 -0.00216742 -0.00215165 -0.00213348 -0.00212767 -0.00211586 -0.00210395 -0.00209174 -0.00209537 -0.00208357 -0.00206852 -0.00207901 -0.00205925 -0.00205 -0.00206488 -0.00204124 -0.00204304 -0.00205543 -0.00202996 -0.0020419 
0 1.69326e-05 3.60708e-05 5.36142e-05 7.69768e-05 9.88286e-05 0.000115961 0.000141077 0.000156437 0.000169748 0.000196536 0.000210623 0.00023135 0.000262263 0.00027812 0.00030142 0.000324244 0.000339094 0.000362058 0.000391423 0.000418632 0.000432245 0.000456179 0.000484407 0.000503329 0.000539558 0.000577517 0.000596519 0.000605115 0.00064566 0.000696137 0.000711376 0.000734813 0.000768921 0.000813683 0.000849876 0.000876887 0.000921976 0.000958592 0.00100622 0.00104522 0.0010891 0.00113856 0.00118216 0.00124098 0.00128303 0.00134605 0.00140287 0.0014622 0.00152794 0.00159509 0.00167426 0.00173647 0.00183031 0.00191168 0.00200159 0.00209455 0.00220464 0.00231595 0.00241893 0.00255935 0.00269228 0.00284105 0.00298636 0.00318097 0.00337173 0.00358148 0.00382804 0.00412973 0.00447701 0.00487633 0.00540777 0.00607161 0.0069194 0.00796983 0.00936193 0.0111245 0.0133536 0.0161025 0.0195299 0.0236939 0.0286541 0.0344047 0.0409484 0.048179 0.0558803 0.0637501 0.0714285 0.0785243 0.0845472 0.0890007 0.0913601 0.0912233 0.0882388 0.0822572 0.0732388 0.0614008 0.0470658 0.0307798 0.0131456 -0.00505782 -0.0230792 -0.0401136 -0.0555103 -0.0686568 -0.0791518 -0.086689 -0.091221 -0.0928151 -0.0917557 -0.0883887 -0.0832099 -0.0767081 -0.0693933 -0.0616752 -0.053942 -0.0465236 -0.0396889 -0.0335867 -0.0282528 -0.0237068 -0.0199162 -0.0168405 -0.014333 -0.0123284 -0.0107293 -0.00951148 -0.00853436 -0.00776723 -0.0071461 -0.00668079 -0.00628301 -0.00594336 -0.00565631 -0.00542048 -0.00520761 -0.00499499 -0.00482763 -0.00466491 -0.00452193 -0.00436719 -0.00425368 -0.0041324 -0.00401896 -0.00391371 -0.00382027 -0.00373354 -0.0036362 -0.00356837 -0.00348566 -0.0034188 -0.00334578 -0.00328717 -0.00322609 -0.00316291 -0.00311635 -0.00305685 -0.003015 -0.0029612 -0.00291952 -0.00287903 -0.00283856 -0.00280444 -0.00275732 -0.00273162 -0.00270416 -0.0026751 -0.00263103 -0.00259671 -0.00259597 -0.00256721 -0.00252345 -0.00249593 -0.0024882 -0.00247161 -0.00244375 -0.00243014 -0.00240779 -0.00238684 -0.00237656 -0.00236776 -0.00235166 -0.0023278 -0.00231872 -0.00230464 -0.00229004 -0.00229136 -0.00228049 -0.00226802 -0.00226405 -0.0022522 -0.00224061 -0.00223904 -0.00223376 -0.0022252 -0.00222813 -0.002223 -0.0022149 -0.00222012 -0.002213 
0 2.54159e-05 4.7714e-05 6.64278e-05 8.44914e-05 0.000100249 0.000116358 0.000142928 0.000166641 0.000190862 0.0002224 0.000236488 0.000254152 0.00027812 0.000291481 0.000320958 0.000347359 0.00037095 0.000402176 0.000417979 0.000444193 0.000474898 0.000499474 0.000532926 0.000556556 0.00057226 0.000600915 0.000640962 0.00067114 0.000706919 0.000737687 0.000759817 0.000813292 0.000850654 0.000875942 0.000915259 0.000956628 0.000998234 0.00103317 0.00108751 0.00112489 0.00117441 0.00123572 0.00127882 0.0013412 0.00139685 0.00146535 0.00152018 0.00159113 0.00166646 0.00172925 0.00181603 0.00189004 0.00198573 0.00206729 0.00217237 0.0022758 0.00238543 0.00251006 0.00263041 0.00278141 0.0029201 0.00309185 0.00325802 0.00346576 0.00367604 0.00391767 0.00419863 0.00452964 0.00492588 0.00538901 0.00600108 0.00675565 0.00773002 0.0089404 0.0105302 0.012526 0.0150379 0.0181221 0.0219313 0.0265166 0.0319197 0.0381219 0.0450898 0.0526923 0.0606643 0.0686837 0.0763598 0.0833078 0.0890222 0.0930262 0.0948099 0.0940385 0.0904108 0.0838397 0.0743011 0.0620417 0.0473864 0.0308993 0.0131532 -0.00510897 -0.0232129 -0.0403982 -0.0560569 -0.0695682 -0.0805343 -0.0886243 -0.0937823 -0.0960213 -0.0955788 -0.0927289 -0.0879426 -0.0816792 -0.0744578 -0.0666764 -0.0587483 -0.0510161 -0.0437951 -0.0372592 -0.0314863 -0.0265103 -0.0223202 -0.0188825 -0.016064 -0.0137991 -0.0119785 -0.0105756 -0.00944948 -0.00857455 -0.00786096 -0.00731996 -0.00686195 -0.00648766 -0.00616371 -0.00589267 -0.0056554 -0.00543085 -0.00524394 -0.00505698 -0.00490633 -0.00474362 -0.00461373 -0.00447542 -0.00436159 -0.00424607 -0.00413466 -0.00404188 -0.00394175 -0.00385982 -0.00376376 -0.00369914 -0.00361683 -0.00354506 -0.00348449 -0.00342064 -0.00336352 -0.00330096 -0.0032638 -0.00320266 -0.00315796 -0.00311869 -0.00306689 -0.00303042 -0.00299192 -0.0029526 -0.00290216 -0.00288114 -0.00285474 -0.00280868 -0.00278484 -0.00275526 -0.00273433 -0.0027196 -0.00269073 -0.00265849 -0.00263921 -0.00262353 -0.0026007 -0.00258664 -0.00256112 -0.0025386 -0.0025305 -0.00251444 -0.00250932 -0.0025005 -0.00248121 -0.0024704 -0.00245551 -0.0024405 -0.00243645 -0.00243263 -0.00242165 -0.00241982 -0.00241522 -0.00239989 -0.00240339 -0.00239809 -0.00238714 -0.0023972 -0.00238794 
0 1.75789e-05 4.03279e-05 6.26447e-05 8.95796e-05 0.000115903 0.000141151 0.000163675 0.000177107 0.000202372 0.000221492 0.000238632 0.000284586 0.00030142 0.000320958 0.000366802 0.000364313 0.000394162 0.00044022 0.000437566 0.000480175 0.000515265 0.000526425 0.00056555 0.000597452 0.000636006 0.000657481 0.000689655 0.000732559 0.000753 0.000793685 0.000818461 0.000868177 0.000912525 0.000926735 0.000993987 0.00103522 0.0010739 0.00112581 0.0011741 0.00122753 0.00126595 0.0013398 0.00138063 0.00143616 0.00151387 0.00156494 0.00163798 0.00170679 0.00179762 0.00186179 0.00195283 0.0020559 0.00213701 0.00224533 0.00234976 0.00247721 0.00257986 0.00272053 0.00286322 0.00300787 0.0031698 0.00334357 0.00354958 0.00374569 0.00399502 0.00425769 0.0045815 0.00494003 0.00539017 0.00593706 0.00662436 0.00749757 0.00859696 0.0100134 0.0117968 0.014068 0.0168653 0.020332 0.0245203 0.0295442 0.0353709 0.042016 0.0493611 0.0572686 0.0654222 0.0734885 0.0810597 0.087731 0.093022 0.0964499 0.0975829 0.0961032 0.0918239 0.0846584 0.0746736 0.0620722 0.0472506 0.0307029 0.0130409 -0.00511828 -0.0231041 -0.0402905 -0.0560406 -0.0698166 -0.0811555 -0.0897809 -0.0955509 -0.0984896 -0.09872 -0.0965032 -0.0922181 -0.0863267 -0.0793049 -0.0715732 -0.0635475 -0.0555874 -0.0480412 -0.0410986 -0.0349142 -0.0295054 -0.0249267 -0.02109 -0.0179596 -0.0153957 -0.0133609 -0.0117288 -0.0104568 -0.00944169 -0.00864529 -0.00800388 -0.00748358 -0.00706647 -0.00670016 -0.00639634 -0.00611367 -0.00589221 -0.00566264 -0.00546833 -0.00528285 -0.0051283 -0.00496795 -0.00481564 -0.00469922 -0.00456775 -0.0044548 -0.0043367 -0.00425694 -0.00414787 -0.00405659 -0.00398562 -0.00390026 -0.00382565 -0.00374799 -0.00369975 -0.00361445 -0.00355869 -0.00350981 -0.00343893 -0.00339452 -0.00334165 -0.00329985 -0.00323958 -0.00321433 -0.00318024 -0.00311814 -0.00310368 -0.0030651 -0.00303412 -0.00300017 -0.00296131 -0.00294593 -0.00290762 -0.00288094 -0.0028527 -0.00283995 -0.0028194 -0.00277581 -0.00278605 -0.00276066 -0.00272654 -0.00273953 -0.00270435 -0.00268067 -0.00267934 -0.00265438 -0.00264752 -0.00264215 -0.0026323 -0.00262151 -0.0026091 -0.00260611 -0.00259219 -0.00258637 -0.00258872 -0.00257366 -0.00257236 -0.00257471 -0.00256175 -0.00256669 
0 2.45608e-05 5.03678e-05 7.19609e-05 9.51234e-05 0.000120584 0.000140185 0.000168568 0.000198213 0.000215821 0.000248652 0.00027393 0.000285345 0.000324244 0.000347359 0.000364313 0.000411287 0.000429474 0.000449438 0.000492511 0.000518843 0.000547436 0.000571791 0.000609143 0.000638909 0.000656044 0.00072035 0.000749172 0.000758007 0.000812854 0.000859701 0.000900669 0.000925354 0.000967845 0.00102012 0.00106046 0.00111218 0.00114124 0.00120516 0.00126274 0.00130113 0.0013694 0.00142701 0.00149143 0.0015467 0.00162887 0.00169538 0.00175675 0.00185404 0.00192623 0.00201102 0.00209867 0.00221033 0.00229922 0.00240275 0.00253667 0.00265079 0.00278084 0.00291954 0.0030922 0.00323816 0.00341701 0.00361975 0.00383658 0.0040626 0.00432294 0.00464375 0.00498462 0.00540091 0.00589992 0.00654466 0.00731788 0.00831245 0.0095724 0.0111886 0.0132107 0.0157432 0.0188816 0.0227134 0.027322 0.0327454 0.0390109 0.0460393 0.0537314 0.0618415 0.0700979 0.0780929 0.0854579 0.0917262 0.0964792 0.0992297 0.0996376 0.0974129 0.0924631 0.084734 0.0743536 0.0615225 0.0466539 0.0302106 0.012779 -0.00509926 -0.0228184 -0.0398333 -0.0555435 -0.0694521 -0.0810928 -0.0901995 -0.0965818 -0.100235 -0.101197 -0.0996961 -0.0960206 -0.0906221 -0.0839063 -0.0763425 -0.068308 -0.0602288 -0.0524043 -0.0451226 -0.0385221 -0.0327229 -0.0277205 -0.0235044 -0.0200039 -0.0171522 -0.01485 -0.0129957 -0.0115308 -0.0103734 -0.00947004 -0.00872041 -0.00813299 -0.00764876 -0.00725944 -0.00689416 -0.00659695 -0.00634008 -0.00610633 -0.0058791 -0.00568188 -0.00552108 -0.00533969 -0.00518551 -0.00504217 -0.00492396 -0.00477826 -0.00466584 -0.00456635 -0.00445382 -0.00435348 -0.00426247 -0.00418833 -0.00408441 -0.00402026 -0.0039493 -0.00387202 -0.00381017 -0.00375092 -0.00369658 -0.00362459 -0.00359195 -0.00353747 -0.00348 -0.00344063 -0.00339178 -0.00336393 -0.00331378 -0.00326783 -0.00323137 -0.00321428 -0.00318802 -0.00312233 -0.00311113 -0.0030988 -0.00305878 -0.00303734 -0.00301168 -0.00299233 -0.00296081 -0.00294526 -0.00293873 -0.00289954 -0.00288937 -0.00288255 -0.00285548 -0.00285099 -0.0028397 -0.00282174 -0.00281142 -0.0028008 -0.00279211 -0.00277873 -0.00277546 -0.00277027 -0.00275646 -0.00276125 -0.00275499 -0.00274382 -0.00275233 -0.00274193 
0 2.79343e-05 5.24716e-05 7.95535e-05 0.00010414 0.000125891 0.000153445 0.000176995 0.000204464 0.000237108 0.000261318 0.0002929 0.000317949 0.000339094 0.00037095 0.000394162 0.000429474 0.00046064 0.000488061 0.000528101 0.000542746 0.000580151 0.000623242 0.000645927 0.000693912 0.000717716 0.000744275 0.000786653 0.000832838 0.000885853 0.000899971 0.000945025 0.00100083 0.0010449 0.00109348 0.0011239 0.00118886 0.0012353 0.00128915 0.00134825 0.00139362 0.00147051 0.00152344 0.00159487 0.00165967 0.00173733 0.00181559 0.00188239 0.00198621 0.00206089 0.00215831 0.00225466 0.00236767 0.00247079 0.00258155 0.00272689 0.00284498 0.00299096 0.00314052 0.00332351 0.00348286 0.00367673 0.00390142 0.00413183 0.00438354 0.00467054 0.0050321 0.00540938 0.00587956 0.00645062 0.0071885 0.0080705 0.00920162 0.0106456 0.0124807 0.0147598 0.0175851 0.0210788 0.0252999 0.030321 0.0361501 0.04282 0.0502039 0.0581639 0.0664044 0.0746517 0.0824818 0.0895173 0.0952794 0.0993784 0.101377 0.100997 0.0980107 0.0923862 0.0841317 0.0734163 0.060461 0.0456666 0.0294716 0.0124096 -0.00503963 -0.0223516 -0.0390469 -0.0545859 -0.0685062 -0.0803681 -0.0898985 -0.0968779 -0.101246 -0.102981 -0.102254 -0.0992912 -0.0944839 -0.0881972 -0.0808995 -0.0729742 -0.0648595 -0.0568506 -0.0492745 -0.0423079 -0.0361236 -0.0307177 -0.0261073 -0.0222329 -0.0190639 -0.0164808 -0.0143852 -0.0127103 -0.0113925 -0.0103607 -0.00950478 -0.00883034 -0.00827976 -0.00784433 -0.00743346 -0.00710285 -0.00681313 -0.00656176 -0.00630961 -0.0060942 -0.00591367 -0.00572101 -0.00555353 -0.00539229 -0.00526606 -0.00510977 -0.00499039 -0.0048741 -0.00476144 -0.00465345 -0.00455192 -0.00447275 -0.00436597 -0.00429682 -0.00421277 -0.00414125 -0.0040686 -0.00400068 -0.00394803 -0.00387314 -0.00382812 -0.00376334 -0.00372047 -0.00367395 -0.00361277 -0.0035747 -0.0035284 -0.00350751 -0.00345349 -0.00340376 -0.00338472 -0.00335691 -0.00333248 -0.00328177 -0.00325936 -0.00323773 -0.00320337 -0.00319684 -0.00316081 -0.00313414 -0.00311861 -0.00309389 -0.00308709 -0.00306791 -0.00305293 -0.00303803 -0.00301543 -0.00300682 -0.00299209 -0.0029828 -0.00297702 -0.00296415 -0.00295821 -0.00294865 -0.00294079 -0.00293717 -0.00293145 -0.00292857 -0.0029252 -0.00292275 
