0 0 0 0 0 0 0 0 0 0 0 0 0 0 0 0 0 0 0 0 0 0 0 0 0 0 0 0 0 0 0 0 0 0 0 0 0 0 0 0 0 0 0 0 0 0 0 0 0 0 0 0 0 0 0 0 0 0 0 0 0 0 0 0 0 0 0 0 0 0 0 0 0 0 0 0 0 0 0 0 0 0 0 0 0 0 0 0 0 0 0 0 0 0 0 0 0 0 0 0 0 0 0 0 0 0 0 0 0 0 0 0 0 0 0 0 0 0 0 0 0 0 0 0 0 0 0 0 0 0 0 0 0 0 0 0 0 0 0 0 0 0 0 0 0 0 0 0 0 0 0 0 0 0 0 0 0 0 0 0 0 0 0 0 0 0 0 0 0 0 0 0 0 0 0 0 0 0 0 0 0 0 0 0 0 0 0 0 0 0 0 0 0 0 0 0 0 0 0 0 
0 6.66254e-06 -1.79491e-06 1.30956e-05 7.14524e-06 -2.14652e-06 1.25143e-05 9.03527e-07 4.82996e-06 2.20461e-05 8.9472e-06 1.69201e-05 2.35231e-05 7.98699e-06 1.81551e-05 2.4154e-05 1.63099e-05 2.42485e-05 2.52583e-05 1.89962e-05 2.37122e-05 3.04997e-05 3.82946e-05 3.53926e-05 3.15932e-05 4.02888e-05 2.7031e-05 3.05799e-05 5.49899e-05 4.07765e-05 3.06886e-05 4.22373e-05 5.82146e-05 5.53341e-05 4.77646e-05 5.98648e-05 5.45803e-05 6.64736e-05 6.41823e-05 5.50951e-05 7.15372e-05 6.61575e-05 7.09562e-05 6.9547e-05 8.16831e-05 8.02033e-05 7.90868e-05 9.94851e-05 8.75144e-05 0.000100224 0.000102322 0.000111372 0.000107035 0.000113951 0.000128684 0.000115421 0.000132598 0.000132424 0.000145726 0.00013647 0.000155988 0.000163817 0.000162567 0.000176209 0.000185599 0.000205123 0.000197336 0.000229526 0.000240491 0.000269003 0.000281705 0.000335136 0.000385531 0.000450165 0.000537657 0.000662831 0.000825988 0.0010055 0.00125284 0.00154725 0.0019254 0.00233746 0.00285198 0.00342292 0.00408095 0.00473539 0.005417 0.00605329 0.00665652 0.00712985 0.00748071 0.00764099 0.00761783 0.00733369 0.00679942 0.00599723 0.00499552 0.00380081 0.00246272 0.000989744 -0.00052842 -0.00203035 -0.0034185 -0.00467555 -0.00575159 -0.00664056 -0.00727272 -0.00765354 -0.00776452 -0.00767765 -0.00739026 -0.00696695 -0.00639956 -0.00578204 -0.00510911 -0.0044539 -0.00378487 -0.00319135 -0.00264945 -0.00221353 -0.00181246 -0.0014961 -0.00122536 -0.00103209 -0.000854954 -0.000719426 -0.000616963 -0.000548366 -0.000491501 -0.000435004 -0.000415039 -0.000387892 -0.000376568 -0.000342091 -0.000349211 -0.000330194 -0.000323895 -0.000304543 -0.000309477 -0.000299279 -0.000281556 -0.000284724 -0.000273889 -0.000272221 -0.000250546 -0.00026417 -0.00024636 -0.000240975 -0.000238578 -0.000235323 -0.000230049 -0.00021819 -0.000232698 -0.000212844 -0.000217683 -0.000216958 -0.00021236 -0.000208242 -0.000205411 -0.000213304 -0.000192729 -0.00019968 -0.000195127 -0.000190723 -0.000195445 -0.000177542 -0.000178968 -0.000188785 -0.000194253 -0.000171754 -0.000168319 -0.000192865 -0.000181187 -0.000175381 -0.000176242 -0.000168272 -0.000168027 -0.000166767 -0.000173138 -0.000170548 -0.00015896 -0.00016655 -0.000168623 -0.000160904 -0.000171948 -0.000170326 -0.000155084 -0.000161984 -0.000158342 -0.000151109 -0.000164657 -0.000162963 -0.000159607 -0.000165665 -0.000158165 -0.000154754 -0.000157247 -0.000155187 -0.000156123 -0.00015794 
0 -1.79491e-06 1.23973e-06 5.02894e-06 3.13935e-06 1.95065e-05 2.08707e-05 1.67727e-05 3.29483e-05 1.36406e-05 1.80237e-05 3.68342e-05 1.46982e-05 4.13678e-05 4.75053e-05 2.34281e-05 5.24898e-05 4.56142e-05 4.09071e-05 6.30566e-05 5.88914e-05 5.29969e-05 4.63974e-05 6.54326e-05 6.14097e-05 6.38193e-05 9.77671e-05 7.13916e-05 7.33162e-05 8.83861e-05 9.38421e-05 0.000110569 7.9108e-05 9.03248e-05 0.000111559 0.000109348 0.000107679 0.00010964 0.000134484 0.00012212 0.000139007 0.000149121 0.000139526 0.000160529 0.000160932 0.00016605 0.000164578 0.000184427 0.000182706 0.000180665 0.000206655 0.000204138 0.000212152 0.00022295 0.000245187 0.000241593 0.000255085 0.00028131 0.000284133 0.000294365 0.000312823 0.000338864 0.000336194 0.000357574 0.000384987 0.000403442 0.000413685 0.000447387 0.000493063 0.000523602 0.000574473 0.000657714 0.000771503 0.00089364 0.00107449 0.00132476 0.00164302 0.00201854 0.00249964 0.0031084 0.0038412 0.0046944 0.00569819 0.0068642 0.0081458 0.00947882 0.0108116 0.0121047 0.0132776 0.0142418 0.0149166 0.0152532 0.0151805 0.0146275 0.0135451 0.0119651 0.00995362 0.00758413 0.00490105 0.00198158 -0.00105184 -0.00402843 -0.00681078 -0.00930669 -0.0114681 -0.0132238 -0.014501 -0.0152487 -0.015497 -0.0153103 -0.0147622 -0.0139 -0.0127989 -0.0115467 -0.0102319 -0.00889865 -0.0075961 -0.00638737 -0.00533234 -0.00443123 -0.00365553 -0.00300167 -0.00247914 -0.00207169 -0.0017297 -0.00145324 -0.00124815 -0.00111016 -0.000986091 -0.000889595 -0.000825727 -0.000790837 -0.000740977 -0.000700321 -0.000682361 -0.00066515 -0.000634258 -0.000608029 -0.000608164 -0.000584927 -0.000564496 -0.000550918 -0.000553029 -0.000527372 -0.000514731 -0.00051758 -0.000502547 -0.000489211 -0.00048108 -0.000486839 -0.000458465 -0.000458942 -0.000456391 -0.000439738 -0.000431545 -0.000426421 -0.000425741 -0.000401072 -0.00041374 -0.000399958 -0.000389423 -0.000403093 -0.000389243 -0.000382027 -0.000375562 -0.000397946 -0.000378719 -0.000357397 -0.000367175 -0.000360012 -0.000377177 -0.000345456 -0.000332573 -0.000358225 -0.000343887 -0.000347433 -0.000349154 -0.000347282 -0.000330281 -0.000331501 -0.000353479 -0.000321768 -0.000332213 -0.000337316 -0.000303833 -0.00032989 -0.000327318 -0.000319872 -0.000338745 -0.000321479 -0.000321278 -0.000317665 -0.000308493 -0.00031906 -0.000312086 -0.00032026 -0.000324033 -0.000313256 -0.000323443 -0.000313269 
0 1.30956e-05 5.02894e-06 1.89302e-05 1.64074e-05 1.15697e-05 2.58348e-05 1.82523e-05 2.7776e-05 4.25954e-05 3.57132e-05 4.83053e-05 5.04323e-05 4.42632e-05 5.63195e-05 5.84177e-05 6.18372e-05 6.91593e-05 6.9958e-05 7.31179e-05 7.79947e-05 8.72847e-05 9.82132e-05 0.00010067 9.88922e-05 0.000107033 0.000104902 0.000106889 0.000131933 0.00012719 0.000119081 0.000137847 0.000151711 0.000155021 0.00015775 0.000168039 0.000169347 0.000184217 0.000189895 0.000183459 0.000204088 0.00020877 0.00021252 0.000223247 0.000239442 0.00024361 0.000250933 0.000277932 0.000275561 0.000290255 0.00030821 0.000320837 0.000325106 0.000343481 0.00036753 0.000364279 0.000388565 0.000408181 0.000426395 0.000432172 0.000465716 0.000491576 0.000501657 0.000532019 0.000567199 0.000602593 0.000619572 0.000678578 0.000733474 0.000798088 0.000870964 0.00100386 0.00116493 0.00136385 0.00163671 0.00201164 0.00248819 0.00305827 0.00378992 0.00469492 0.00579926 0.00707616 0.00859178 0.0103193 0.0122338 0.0142105 0.0162085 0.0181203 0.0198665 0.0212852 0.0222927 0.022774 0.0226554 0.0218089 0.0201993 0.0178406 0.0148471 0.0113 0.00729962 0.00294611 -0.00155828 -0.00599479 -0.0101424 -0.0138804 -0.0171021 -0.0197251 -0.0216251 -0.0227606 -0.0231425 -0.022886 -0.0220677 -0.020799 -0.0191591 -0.0173077 -0.0153351 -0.0133542 -0.0114053 -0.00961446 -0.008022 -0.00667191 -0.00549924 -0.00452784 -0.00373313 -0.0031155 -0.00259914 -0.00218836 -0.00187961 -0.00165946 -0.00148136 -0.00133381 -0.00124518 -0.00117628 -0.00111818 -0.00105298 -0.00103143 -0.000996548 -0.000962402 -0.000925274 -0.000915947 -0.000889338 -0.000854983 -0.000842131 -0.000825415 -0.00080362 -0.000773601 -0.000774839 -0.000749386 -0.000729561 -0.000719048 -0.000710764 -0.000690533 -0.000675531 -0.000679961 -0.000655764 -0.000649855 -0.000645791 -0.000636063 -0.000621326 -0.000619405 -0.000616627 -0.000593013 -0.000595067 -0.000586407 -0.00057623 -0.000572453 -0.000558871 -0.000551698 -0.000556806 -0.000558837 -0.000533294 -0.000533079 -0.000546188 -0.00053353 -0.000529025 -0.000523634 -0.000513692 -0.0005104 -0.000510098 -0.000508875 -0.000504867 -0.000498134 -0.000495181 -0.000499636 -0.000494257 -0.000496203 -0.000498322 -0.000481817 -0.000483707 -0.000481689 -0.000472307 -0.000484627 -0.000482108 -0.000478961 -0.000484892 -0.00047496 -0.000473996 -0.000473373 -0.000467895 -0.000474107 -0.000473132 
0 7.14524e-06 3.13935e-06 1.64074e-05 2.40023e-05 2.19167e-05 3.47601e-05 3.59972e-05 3.65028e-05 5.10147e-05 4.85121e-05 5.37761e-05 6.79297e-05 6.31127e-05 7.27879e-05 8.36276e-05 8.03887e-05 9.21091e-05 9.82347e-05 0.000100166 0.000108106 0.000112732 0.000123248 0.000124765 0.000132311 0.00014624 0.000142867 0.00015411 0.0001676 0.000169817 0.00017481 0.000182522 0.000198184 0.000200263 0.000207534 0.000220641 0.000225472 0.000241869 0.000247056 0.000256908 0.000271771 0.000280641 0.000292784 0.000301897 0.000320363 0.000326877 0.00034127 0.000360127 0.000368342 0.000386465 0.000402605 0.000422362 0.000433526 0.000457765 0.000480076 0.000494019 0.000520278 0.000544981 0.00057073 0.000588977 0.000625744 0.000655061 0.00068153 0.000716637 0.00075991 0.00080202 0.000840664 0.000906687 0.000979121 0.00106719 0.0011768 0.00134538 0.00155929 0.00183661 0.00220773 0.00270641 0.00333833 0.004118 0.00509852 0.00631012 0.00777535 0.00949496 0.0115102 0.0138023 0.0163192 0.01894 0.0215761 0.0241003 0.0263835 0.0282484 0.029561 0.0301803 0.0299873 0.0288479 0.0267102 0.023601 0.0196384 0.0149396 0.00963909 0.00389612 -0.00204047 -0.00789015 -0.0133843 -0.0183409 -0.0226136 -0.0260782 -0.0286007 -0.0301234 -0.030668 -0.030352 -0.0292919 -0.0276261 -0.0254845 -0.0230438 -0.0204419 -0.0178136 -0.0152502 -0.0128781 -0.0107652 -0.00894833 -0.00739116 -0.00609277 -0.00503204 -0.0041871 -0.00350038 -0.00295366 -0.00253833 -0.00222911 -0.00199028 -0.00180069 -0.00167201 -0.00157289 -0.00149288 -0.0014179 -0.00137243 -0.00132641 -0.00128127 -0.00123976 -0.00121142 -0.00118023 -0.00114207 -0.00111986 -0.00109387 -0.00106931 -0.00103997 -0.00102627 -0.00100314 -0.000979631 -0.000965368 -0.000947182 -0.000930351 -0.000910157 -0.000902615 -0.000882063 -0.000868071 -0.000858896 -0.000842434 -0.000831575 -0.000818396 -0.000812706 -0.000796751 -0.000788609 -0.000781912 -0.00076942 -0.000767595 -0.000752352 -0.00074496 -0.000742971 -0.000735193 -0.00072434 -0.000713298 -0.000717975 -0.000707476 -0.000696603 -0.000698666 -0.000689907 -0.000686283 -0.000681089 -0.000678819 -0.000676155 -0.000664482 -0.000668764 -0.000663656 -0.000653267 -0.000659899 -0.000651996 -0.000646409 -0.000651557 -0.000644444 -0.0006429 -0.00064411 -0.000638668 -0.000637679 -0.000635996 -0.0006338 -0.000634221 -0.000633879 -0.000633869 -0.000632666 -0.000631067 
0 -2.14652e-06 1.95065e-05 1.15697e-05 2.19167e-05 4.06049e-05 3.1408e-05 5.21517e-05 5.90622e-05 4.5461e-05 6.87495e-05 7.0013e-05 6.72379e-05 9.46437e-05 9.30406e-05 9.27828e-05 0.000110961 0.000111347 0.000117838 0.000132845 0.000140886 0.00014223 0.000140965 0.00015858 0.000168726 0.000168561 0.000197501 0.00020155 0.000187202 0.00021159 0.000234954 0.000239168 0.00023063 0.000245925 0.000269655 0.000271632 0.000288292 0.00029045 0.000310651 0.000331167 0.000332535 0.000355704 0.000364306 0.000386537 0.000393646 0.00041321 0.000433963 0.000438573 0.000471168 0.000478718 0.000506742 0.000520896 0.000549734 0.000573027 0.000590587 0.000630621 0.000645548 0.000687069 0.000706141 0.000752489 0.000777854 0.000818549 0.000860818 0.000899708 0.000954656 0.000996463 0.00107297 0.00113095 0.00123606 0.00133729 0.00150193 0.00169422 0.00197254 0.00232869 0.00280649 0.0034295 0.00421707 0.00522032 0.00644762 0.00797759 0.00979336 0.0119732 0.0144712 0.017329 0.0204122 0.023672 0.0269093 0.0300328 0.0328078 0.0351043 0.0366844 0.0374281 0.0371262 0.0356933 0.0330258 0.0291977 0.0242832 0.0184682 0.0118948 0.00481948 -0.00249963 -0.00970308 -0.0165148 -0.0226558 -0.0279645 -0.0322409 -0.0353856 -0.0372942 -0.0380349 -0.0376742 -0.0364094 -0.0343606 -0.0317609 -0.0287444 -0.0255492 -0.0222769 -0.0191337 -0.0161801 -0.0135658 -0.0112635 -0.00933228 -0.00769322 -0.00637131 -0.00528186 -0.00442594 -0.00373966 -0.00321374 -0.00281198 -0.00250331 -0.00228206 -0.00209878 -0.00197922 -0.00186269 -0.00179566 -0.00171003 -0.00166347 -0.00160047 -0.00156172 -0.00151097 -0.00147119 -0.00144 -0.00139544 -0.00137204 -0.00133019 -0.00131659 -0.00127311 -0.00125854 -0.00123087 -0.001207 -0.00118661 -0.00116109 -0.00115162 -0.001116 -0.00111225 -0.00108634 -0.00106967 -0.00105579 -0.00103888 -0.0010287 -0.00100257 -0.00100624 -0.000987737 -0.00097566 -0.000965195 -0.000948674 -0.000957337 -0.000940814 -0.000917808 -0.000905888 -0.000918043 -0.000912709 -0.000875225 -0.000878459 -0.000881239 -0.000867224 -0.000867875 -0.000863254 -0.00085435 -0.000841798 -0.00084025 -0.000846894 -0.000830662 -0.000825101 -0.000829698 -0.000809522 -0.000810959 -0.000822426 -0.000807413 -0.000811435 -0.000813542 -0.000795622 -0.000798181 -0.000797917 -0.000790378 -0.000796131 -0.000795653 -0.000792671 -0.000793813 -0.00079113 -0.000789738 
0 1.25143e-05 2.08707e-05 2.58348e-05 3.47601e-05 3.1408e-05 4.14221e-05 5.42162e-05 4.96234e-05 7.76432e-05 8.58366e-05 7.85489e-05 0.000107974 9.59898e-05 9.85008e-05 0.000131085 0.000119046 0.000134892 0.00015133 0.000144391 0.000157781 0.000175095 0.000194895 0.000191183 0.000206533 0.000216272 0.000200868 0.000236359 0.000248568 0.000255785 0.000262531 0.000259412 0.000307551 0.000314582 0.000312508 0.000329428 0.000349525 0.000367182 0.000363976 0.000395988 0.00039829 0.000414789 0.000444644 0.00044816 0.000474616 0.000493631 0.000523156 0.000531021 0.000564577 0.000593665 0.000602903 0.000640249 0.00066458 0.000694254 0.000711092 0.000757607 0.000784548 0.000810487 0.000855359 0.000895642 0.00093596 0.000970642 0.00103723 0.00108186 0.00113893 0.00120319 0.00129177 0.00137572 0.00148295 0.00163527 0.00182623 0.00207396 0.00239929 0.00285606 0.00343575 0.00418999 0.00514375 0.0063664 0.00786295 0.00969392 0.0118901 0.0145021 0.0175089 0.0208838 0.0245456 0.0283835 0.0322261 0.0358804 0.0391436 0.0418044 0.0436486 0.0444554 0.0440457 0.0422812 0.0391159 0.0345682 0.028756 0.0218407 0.0140633 0.00569545 -0.00291832 -0.0114336 -0.0194925 -0.0268017 -0.0330947 -0.0381828 -0.041917 -0.0442457 -0.0451811 -0.0448356 -0.043371 -0.0410042 -0.0379497 -0.0344238 -0.0306306 -0.0267737 -0.023037 -0.0195512 -0.0164085 -0.0136513 -0.0113118 -0.00935251 -0.0077414 -0.00641703 -0.00537428 -0.00454808 -0.00391 -0.00340206 -0.00303574 -0.00275779 -0.00254696 -0.002374 -0.00225391 -0.00216101 -0.00206874 -0.001995 -0.00193437 -0.00188792 -0.00181803 -0.00177764 -0.00173389 -0.00169392 -0.00164044 -0.00161206 -0.00158052 -0.0015326 -0.00150706 -0.0014768 -0.0014515 -0.00140849 -0.00140105 -0.00137098 -0.0013414 -0.00132957 -0.00130842 -0.00129027 -0.00126303 -0.00126446 -0.00123196 -0.00122038 -0.00121194 -0.00117906 -0.00117517 -0.00116281 -0.00115054 -0.0011139 -0.00111781 -0.00112514 -0.00109569 -0.00108995 -0.00106677 -0.00108115 -0.00108113 -0.00104743 -0.00104942 -0.00103566 -0.00102539 -0.00101996 -0.00102462 -0.00101381 -0.000988078 -0.00100875 -0.000992701 -0.000984078 -0.0010077 -0.000977271 -0.000974489 -0.00097662 -0.000953763 -0.000965905 -0.000964287 -0.000960877 -0.000967042 -0.000957241 -0.00095757 -0.000950514 -0.000945357 -0.000950103 -0.000943482 -0.000950414 
0 9.03527e-07 1.67727e-05 1.82523e-05 3.59972e-05 5.21517e-05 5.42162e-05 7.05815e-05 7.12131e-05 7.71953e-05 9.11363e-05 9.01038e-05 0.000111089 0.000122115 0.000125968 0.000146425 0.000145822 0.000157299 0.000174633 0.000178324 0.000193693 0.000200443 0.000205749 0.000217412 0.00023585 0.000250543 0.00026156 0.000282547 0.00027928 0.000296168 0.000324722 0.000322335 0.000339025 0.000351639 0.000363957 0.000386211 0.000403524 0.000416291 0.000431962 0.000466202 0.000473544 0.00049255 0.000524831 0.000534821 0.000556343 0.000583207 0.000607548 0.00061906 0.000655408 0.000685356 0.000699909 0.000738831 0.000775411 0.000804259 0.000832505 0.000886553 0.000921233 0.000953355 0.00100691 0.00105953 0.00110035 0.00114716 0.00122144 0.00127717 0.00133689 0.00141696 0.00152085 0.00161815 0.00174499 0.00192894 0.00216226 0.00245262 0.00284578 0.0033915 0.00408699 0.00497327 0.00610605 0.00755287 0.009323 0.0114695 0.0140457 0.0171 0.0205966 0.0244887 0.0286941 0.0330953 0.0374907 0.0416525 0.0453479 0.0483477 0.0503983 0.0512459 0.0506862 0.0485934 0.0449224 0.039692 0.0330055 0.025053 0.0161203 0.0065446 -0.00330078 -0.0130424 -0.0222988 -0.0307131 -0.0379669 -0.0438306 -0.0481614 -0.0509066 -0.0520785 -0.0517722 -0.0501677 -0.0475113 -0.0440602 -0.0400497 -0.0357139 -0.0312904 -0.0269999 -0.0229838 -0.0193369 -0.0161172 -0.0133755 -0.0110804 -0.00917963 -0.00761412 -0.0063761 -0.00540502 -0.0046423 -0.00403606 -0.00359165 -0.00326402 -0.0030051 -0.00279463 -0.0026468 -0.00253655 -0.0024242 -0.00233035 -0.00226128 -0.00220214 -0.00212244 -0.0020676 -0.00202328 -0.00197216 -0.00191303 -0.00187909 -0.00184566 -0.00179323 -0.00176091 -0.00173395 -0.0017 -0.00165704 -0.00164209 -0.00161167 -0.00157397 -0.0015557 -0.00153235 -0.00150225 -0.00147588 -0.00146771 -0.00143365 -0.00141494 -0.00140907 -0.00138335 -0.00136709 -0.00135483 -0.00134546 -0.00132591 -0.00131858 -0.00129862 -0.00127784 -0.00128575 -0.00126217 -0.00124341 -0.00123807 -0.00122489 -0.00122099 -0.00121589 -0.0012087 -0.0011928 -0.00119032 -0.00118452 -0.00117225 -0.00117714 -0.0011587 -0.00114978 -0.00115067 -0.00113493 -0.0011434 -0.00114143 -0.00113309 -0.0011375 -0.00112331 -0.00111997 -0.00111766 -0.00110855 -0.00111609 -0.00111274 -0.00111213 -0.00111706 -0.00110699 -0.00110812 
0 4.82996e-06 3.29483e-05 2.7776e-05 3.65028e-05 5.90622e-05 4.96234e-05 7.12131e-05 9.28993e-05 8.34215e-05 0.000109388 0.000120213 0.000114644 0.000143902 0.000147783 0.000151433 0.000175869 0.000179138 0.000192347 0.000206236 0.000220378 0.000235704 0.000236104 0.00026293 0.000272741 0.000272464 0.000306222 0.000313572 0.000318578 0.000338661 0.000362458 0.000380598 0.000381283 0.000410116 0.00042773 0.000443372 0.000467242 0.000472374 0.000504664 0.000523255 0.000539567 0.000564249 0.000588095 0.000616449 0.000630641 0.000671779 0.000692866 0.000717273 0.000757459 0.000784154 0.000816922 0.000846992 0.000896691 0.000920792 0.000961841 0.00101344 0.00105171 0.00109589 0.00114658 0.00121331 0.00125238 0.00131941 0.00139208 0.00146531 0.001534 0.00163118 0.00175138 0.00186655 0.00202623 0.00223764 0.00252181 0.00285945 0.00333524 0.00396677 0.00478756 0.00581413 0.00713833 0.00881099 0.0108608 0.0133336 0.0162944 0.0197873 0.0237586 0.0281559 0.0328764 0.0378072 0.042704 0.0473309 0.0514058 0.0546984 0.0568974 0.057746 0.0570014 0.0545723 0.0503934 0.0445059 0.0369816 0.0280582 0.0180406 0.00734385 -0.00365422 -0.0145351 -0.0249172 -0.0343676 -0.0425424 -0.049153 -0.0540802 -0.0572471 -0.0586871 -0.0584573 -0.0567702 -0.0538703 -0.0500738 -0.0456183 -0.0407897 -0.0358327 -0.0310166 -0.0264798 -0.0223422 -0.0186623 -0.0155141 -0.0128688 -0.0106697 -0.00885923 -0.00741479 -0.00628836 -0.00539106 -0.0046907 -0.00415727 -0.00377706 -0.00346365 -0.00322574 -0.00304227 -0.00291553 -0.00278518 -0.0026786 -0.00259838 -0.00252433 -0.00244545 -0.0023721 -0.00232793 -0.00226005 -0.00220484 -0.00215298 -0.00211565 -0.00205855 -0.0020147 -0.00198532 -0.00193714 -0.0019026 -0.00186666 -0.00184296 -0.00179909 -0.00177687 -0.00175405 -0.00171701 -0.00170053 -0.00167413 -0.00165462 -0.00162391 -0.00161169 -0.00159285 -0.00156367 -0.00155394 -0.00152639 -0.00152063 -0.00150453 -0.00147635 -0.00146797 -0.00146074 -0.00145325 -0.00142239 -0.00141898 -0.00141989 -0.00139127 -0.00139014 -0.00138065 -0.00136622 -0.00135828 -0.00134757 -0.00135019 -0.00133104 -0.00132632 -0.00133258 -0.00130837 -0.00131293 -0.00131339 -0.00129132 -0.00129884 -0.00129218 -0.00127907 -0.00128816 -0.00128144 -0.00127599 -0.0012796 -0.00127147 -0.0012689 -0.00126987 -0.00126591 -0.00126791 
0 2.20461e-05 1.36406e-05 4.25954e-05 5.10147e-05 4.5461e-05 7.76432e-05 7.71953e-05 8.34215e-05 0.000115822 0.000113044 0.000130258 0.000151636 0.00014572 0.000164312 0.000181533 0.000190448 0.000206111 0.000219726 0.000233958 0.0002369 0.000259186 0.000287841 0.000287179 0.000305718 0.000327617 0.000323927 0.000343331 0.000380783 0.000393962 0.000391487 0.000410713 0.000450358 0.000468296 0.000476073 0.00049722 0.00052096 0.000550109 0.000564741 0.000584794 0.000614998 0.000636091 0.000666826 0.000688254 0.000721897 0.000751154 0.000780128 0.00081821 0.000845835 0.000889775 0.000918482 0.000964506 0.00100324 0.00104396 0.00109324 0.00113656 0.00119471 0.00123581 0.00130575 0.00135902 0.00142623 0.00149257 0.00157348 0.00165747 0.00173909 0.00185755 0.00197606 0.0021331 0.00230652 0.00256834 0.00287853 0.00329743 0.00384085 0.00457799 0.00551606 0.00670628 0.00822824 0.0101309 0.0124739 0.0152769 0.0186427 0.0225516 0.0270053 0.0318721 0.0371068 0.0425018 0.0478744 0.0528894 0.0573165 0.0608184 0.0631311 0.0639081 0.062972 0.0601705 0.0555069 0.0489612 0.0406671 0.030825 0.0198314 0.00808609 -0.00395307 -0.0159012 -0.0272995 -0.0377294 -0.0467523 -0.0541067 -0.0596059 -0.0632289 -0.0649421 -0.0648595 -0.0631264 -0.0600694 -0.0559575 -0.051135 -0.0458411 -0.0404213 -0.0350843 -0.0300663 -0.0254295 -0.0213181 -0.0177435 -0.0147488 -0.0122329 -0.0101788 -0.00851874 -0.00721838 -0.00618774 -0.00537739 -0.00476707 -0.00430095 -0.00395327 -0.00366294 -0.00346395 -0.00328934 -0.00316028 -0.00302841 -0.00293892 -0.00284539 -0.00276253 -0.00268599 -0.00261573 -0.00255656 -0.00248352 -0.00243684 -0.00237378 -0.00232983 -0.00227364 -0.00223281 -0.00218881 -0.00214395 -0.00211125 -0.0020671 -0.00204056 -0.00199987 -0.0019742 -0.00194334 -0.00191291 -0.00188852 -0.00185965 -0.00184268 -0.00180894 -0.00178676 -0.00177007 -0.00175082 -0.00172938 -0.0016962 -0.00168672 -0.0016863 -0.00166349 -0.00162853 -0.00161876 -0.00162934 -0.00160685 -0.00157966 -0.0015794 -0.00156163 -0.00154391 -0.00154661 -0.00153679 -0.00152027 -0.00150706 -0.0015057 -0.00150006 -0.00148575 -0.00149391 -0.00148037 -0.00145987 -0.00146961 -0.00145378 -0.00144727 -0.00145943 -0.00144302 -0.00144329 -0.00144608 -0.00143048 -0.00143461 -0.00143213 -0.00142391 -0.0014314 -0.00142691 
0 8.9472e-06 1.80237e-05 3.57132e-05 4.85121e-05 6.87495e-05 8.58366e-05 9.11363e-05 0.000109388 0.000113044 0.000121467 0.000146754 0.000148223 0.000173315 0.000197733 0.000193585 0.000218823 0.000230518 0.000236757 0.00026523 0.000278483 0.000288781 0.000298186 0.000318479 0.0003359 0.000356562 0.000389477 0.000394527 0.000410398 0.00042442 0.000451436 0.000488997 0.000479103 0.00050037 0.000535792 0.00055889 0.000578647 0.000600178 0.000637079 0.000652546 0.000693382 0.000717295 0.000738353 0.000781036 0.00080483 0.000839306 0.000866591 0.000914092 0.000940671 0.000979987 0.00103154 0.00106553 0.00111717 0.00116223 0.00122482 0.00126585 0.0013319 0.00139409 0.00145515 0.00152449 0.00159594 0.00168258 0.0017547 0.00185835 0.00195608 0.00208395 0.00221713 0.00239742 0.00261417 0.00289704 0.00326605 0.00374712 0.0043893 0.00521479 0.00629446 0.0076517 0.00938645 0.0115268 0.0141665 0.017324 0.0210836 0.0254213 0.0303217 0.0356675 0.0413608 0.0472038 0.0529671 0.0583429 0.0630313 0.0667054 0.0690361 0.0697181 0.0685307 0.0653689 0.0601929 0.0530355 0.0439983 0.0333451 0.0214508 0.00878351 -0.00422012 -0.0171098 -0.0294472 -0.040744 -0.0505798 -0.0586254 -0.0647204 -0.0687863 -0.0708295 -0.0709158 -0.069232 -0.0660584 -0.061725 -0.0565649 -0.0508934 -0.0450307 -0.0392346 -0.0337266 -0.0286298 -0.0240731 -0.0200902 -0.0167186 -0.0138862 -0.0115753 -0.00969125 -0.00820783 -0.00702311 -0.00611392 -0.00539988 -0.00486309 -0.00444714 -0.00413216 -0.00388516 -0.00368341 -0.00353049 -0.00339078 -0.00327987 -0.00316477 -0.00308517 -0.0029913 -0.00291494 -0.0028369 -0.00277654 -0.002709 -0.002642 -0.00259747 -0.00253713 -0.00249009 -0.00243546 -0.00240458 -0.00234868 -0.00230932 -0.00227767 -0.00223203 -0.00219741 -0.00216035 -0.0021379 -0.00208994 -0.00207032 -0.00204315 -0.00200953 -0.00199679 -0.00196455 -0.00194174 -0.00192242 -0.0019205 -0.00188362 -0.0018499 -0.00185457 -0.00183301 -0.00181784 -0.0017873 -0.00176737 -0.00176832 -0.00175221 -0.00174304 -0.0017293 -0.0017177 -0.00169908 -0.00169577 -0.00169873 -0.00166984 -0.00166928 -0.00165782 -0.00163239 -0.00164546 -0.00163655 -0.0016289 -0.00163551 -0.00161931 -0.00161324 -0.00160847 -0.00159824 -0.00159896 -0.00159682 -0.00159596 -0.00159641 -0.00159313 -0.0015912 -0.00158738 
0 1.69201e-05 3.68342e-05 4.83053e-05 5.37761e-05 7.0013e-05 7.85489e-05 9.01038e-05 0.000120213 0.000130258 0.000146754 0.000170914 0.000167455 0.00018893 0.000207432 0.000207771 0.000240745 0.000255204 0.000263899 0.000289306 0.000301837 0.000321958 0.000341366 0.000364308 0.000376555 0.000387202 0.000413068 0.000423996 0.000458094 0.000475415 0.000488421 0.000529731 0.00053654 0.000570106 0.000601815 0.000613597 0.000641932 0.000668555 0.000702377 0.000714047 0.000757001 0.000787888 0.00080621 0.000860283 0.000886564 0.000924865 0.000963379 0.00101457 0.00104756 0.00108725 0.0011526 0.00118233 0.00123742 0.0012914 0.00135363 0.00139792 0.00146565 0.00154382 0.00159814 0.00167925 0.0017613 0.00185895 0.00193524 0.00205338 0.00217652 0.00231101 0.00246911 0.00267622 0.00293999 0.00325202 0.00368387 0.00424095 0.0049816 0.00591129 0.00713531 0.00867963 0.0106287 0.0130237 0.0159639 0.0194909 0.0236398 0.0284023 0.0337321 0.0395376 0.0456541 0.0518961 0.0579913 0.0636611 0.0685422 0.0723097 0.0745901 0.0751174 0.073648 0.0701029 0.0644174 0.0566653 0.0469475 0.0355672 0.0228863 0.00940307 -0.00444861 -0.018174 -0.0313334 -0.0434055 -0.0539808 -0.0626911 -0.0693725 -0.0739007 -0.0763002 -0.076611 -0.0750417 -0.0718313 -0.0673462 -0.0619171 -0.0559271 -0.0496733 -0.0434546 -0.0374773 -0.0319354 -0.0269368 -0.0225481 -0.0187842 -0.0156279 -0.0130407 -0.0109292 -0.00924217 -0.00789966 -0.00687443 -0.00605877 -0.00543881 -0.0049546 -0.00460758 -0.0043153 -0.00408626 -0.00390626 -0.00376384 -0.00362924 -0.00350179 -0.00341571 -0.00331569 -0.0032271 -0.00313571 -0.00307927 -0.00299444 -0.00292153 -0.00286644 -0.00280518 -0.00274258 -0.00268136 -0.00265029 -0.0025818 -0.00254081 -0.00250357 -0.00246066 -0.00241753 -0.0023832 -0.00236115 -0.00230725 -0.00229307 -0.00226016 -0.00222105 -0.00220183 -0.00217383 -0.00214646 -0.0021085 -0.00210257 -0.00207094 -0.00204607 -0.00204042 -0.00200383 -0.00199848 -0.00198313 -0.00196533 -0.00195547 -0.00192949 -0.00191639 -0.00190204 -0.00189536 -0.00187515 -0.00186143 -0.00186029 -0.0018323 -0.00183805 -0.00183805 -0.00181318 -0.00182098 -0.00180502 -0.00178564 -0.00179041 -0.00177653 -0.00177357 -0.00177827 -0.001769 -0.00176678 -0.00176353 -0.00175482 -0.00175252 -0.00175136 -0.00174859 -0.00175003 
0 2.35231e-05 1.46982e-05 5.04323e-05 6.79297e-05 6.72379e-05 0.000107974 0.000111089 0.000114644 0.000151636 0.000148223 0.000167455 0.000202727 0.000201681 0.000224876 0.000246429 0.000257433 0.000278461 0.00029203 0.000319528 0.000325695 0.000342035 0.000384235 0.000381139 0.000408207 0.000446408 0.000445204 0.000472002 0.000503335 0.000530489 0.000538602 0.000557003 0.000602417 0.000617585 0.000648761 0.000668007 0.000697686 0.000746829 0.000757816 0.000796695 0.000832057 0.000866982 0.000898218 0.000934408 0.000984136 0.00100307 0.00106167 0.00110269 0.00114083 0.00119427 0.00124745 0.0013034 0.00134367 0.00142655 0.00147822 0.00154024 0.00161542 0.00169578 0.00176836 0.00184102 0.00195437 0.00203712 0.0021418 0.00225595 0.00240758 0.00254673 0.00272742 0.00296975 0.00326194 0.00362918 0.00410651 0.00476715 0.00558696 0.00665593 0.00801603 0.00977531 0.0119368 0.0146118 0.0178615 0.0217669 0.0263099 0.0314865 0.0372441 0.0434726 0.0499921 0.0565663 0.0629539 0.0688267 0.0738449 0.0776021 0.0797831 0.0800752 0.0783107 0.0743383 0.0681677 0.059824 0.0495119 0.0374755 0.0241467 0.00994462 -0.00461007 -0.019073 -0.0329121 -0.04568 -0.0568971 -0.0662583 -0.0734949 -0.0785254 -0.0812915 -0.0819056 -0.0804993 -0.0773594 -0.0727837 -0.0671852 -0.0609219 -0.0543527 -0.0477371 -0.0413373 -0.0353544 -0.0299321 -0.0251332 -0.0209767 -0.0174869 -0.0146037 -0.0122631 -0.0103501 -0.00885596 -0.00768057 -0.00677874 -0.00604674 -0.00551056 -0.00509741 -0.00477657 -0.00450177 -0.00429789 -0.00413982 -0.00397876 -0.00384677 -0.00373045 -0.00364184 -0.00352018 -0.00343906 -0.00335845 -0.00328033 -0.00319492 -0.00313174 -0.00307756 -0.00299503 -0.00294981 -0.00289229 -0.00284307 -0.00278116 -0.00274581 -0.00270064 -0.00264246 -0.00261877 -0.00256834 -0.00253286 -0.00249434 -0.00246911 -0.00242965 -0.00239021 -0.00238255 -0.0023421 -0.00232056 -0.00228893 -0.00226548 -0.00226154 -0.00222375 -0.00219657 -0.00217735 -0.00217531 -0.00214632 -0.0021116 -0.00212225 -0.00209207 -0.00207233 -0.00207622 -0.00205284 -0.00204133 -0.00202658 -0.00202165 -0.00200933 -0.00198702 -0.0019958 -0.00197366 -0.00195848 -0.00197471 -0.00195004 -0.00194633 -0.00195465 -0.00192827 -0.00193185 -0.00193279 -0.00191469 -0.00192422 -0.00192006 -0.00190925 -0.00191914 -0.00191076 
0 7.98699e-06 4.13678e-05 4.42632e-05 6.31127e-05 9.46437e-05 9.59898e-05 0.000122115 0.000143902 0.00014572 0.000173315 0.00018893 0.000201681 0.000226902 0.000246138 0.000267702 0.000278127 0.000302088 0.000322482 0.00033169 0.000373084 0.000385593 0.000391564 0.000427687 0.000443206 0.000466264 0.000499226 0.000528145 0.000538048 0.000550046 0.000601543 0.000631625 0.000643775 0.00066448 0.000701335 0.000743494 0.000763554 0.000795323 0.000829481 0.000868002 0.000906202 0.000937993 0.000979576 0.00102032 0.00106474 0.00110308 0.00115329 0.00120221 0.00124737 0.00130343 0.0013607 0.00141675 0.00147392 0.00154797 0.00161163 0.00167984 0.00176056 0.00184641 0.00192443 0.00201515 0.00212536 0.00222671 0.00233834 0.00247288 0.00263367 0.00279533 0.0030047 0.00327557 0.00361318 0.00402672 0.0045833 0.0053219 0.00625831 0.00745237 0.00898873 0.0109452 0.0133527 0.0163076 0.0198909 0.0241688 0.0291064 0.0346932 0.0408565 0.0474864 0.0543515 0.0612226 0.0678191 0.0738378 0.0788814 0.0825668 0.0845469 0.0845709 0.0824418 0.0780482 0.0713667 0.0624928 0.0516241 0.0390571 0.0251697 0.010406 -0.00474815 -0.0197887 -0.0342116 -0.0475396 -0.0593478 -0.0692852 -0.0770918 -0.0826105 -0.0858079 -0.086753 -0.0856088 -0.082599 -0.0780488 -0.0723418 -0.0658961 -0.0590476 -0.0520981 -0.045297 -0.0389016 -0.0330541 -0.0278469 -0.0232983 -0.0194552 -0.0162687 -0.0136654 -0.0115387 -0.00985531 -0.00854078 -0.007513 -0.00669653 -0.0060742 -0.00560959 -0.00523745 -0.00493486 -0.00469776 -0.00451708 -0.00434353 -0.00419438 -0.00406877 -0.00396069 -0.00384302 -0.0037434 -0.00365768 -0.00356952 -0.00348257 -0.00340861 -0.00334197 -0.00326586 -0.00320388 -0.00314463 -0.00308685 -0.00302719 -0.00297992 -0.00292947 -0.00287865 -0.00283683 -0.00279379 -0.00275392 -0.00271007 -0.00267782 -0.00264341 -0.00261242 -0.00257464 -0.00253962 -0.00252514 -0.00249899 -0.00246392 -0.00242418 -0.00241626 -0.00240937 -0.00236778 -0.00233748 -0.00232405 -0.00231798 -0.00229025 -0.00227508 -0.00226919 -0.00223226 -0.00222671 -0.00222337 -0.00220198 -0.00219271 -0.00217606 -0.00216513 -0.00214998 -0.00214557 -0.00214584 -0.00212469 -0.00212763 -0.00211966 -0.00209837 -0.00210745 -0.00209494 -0.002085 -0.00209575 -0.00208103 -0.00207962 -0.00208578 -0.00207079 -0.00207583 
0 1.81551e-05 4.75053e-05 5.63195e-05 7.27879e-05 9.30406e-05 9.85008e-05 0.000125968 0.000147783 0.000164312 0.000197733 0.000207432 0.000224876 0.000246138 0.000253395 0.000284879 0.000301086 0.000324465 0.000357805 0.00036191 0.000391984 0.000415052 0.000433334 0.000472307 0.000485316 0.00050492 0.000527074 0.000550721 0.000586773 0.000619435 0.000645706 0.000657281 0.0007027 0.000744312 0.00076216 0.00079782 0.000826442 0.000864039 0.00090117 0.000936789 0.000971441 0.00101283 0.00106369 0.00109884 0.00114993 0.00120051 0.00124998 0.00130178 0.00135894 0.00141819 0.00147266 0.00154075 0.00160416 0.00167514 0.00174565 0.00182596 0.00190793 0.00199504 0.00208898 0.00218834 0.00230141 0.00241448 0.00254627 0.0026917 0.00286503 0.00305447 0.00329554 0.00359772 0.00397799 0.00445764 0.00509047 0.00592018 0.00697289 0.00831901 0.0100348 0.0122044 0.0148677 0.0181261 0.0220523 0.0267031 0.0320355 0.0380243 0.0445797 0.0515682 0.0587404 0.0658457 0.0725937 0.078663 0.0836492 0.0871633 0.0888785 0.0885618 0.0860346 0.0811865 0.0740135 0.0646379 0.0532945 0.0402829 0.0259675 0.0107659 -0.00483473 -0.0203244 -0.0351923 -0.0489831 -0.0612876 -0.0717584 -0.0801024 -0.0861322 -0.0897876 -0.0911327 -0.0903117 -0.0875312 -0.0830927 -0.077381 -0.0708183 -0.0637596 -0.0565185 -0.0493661 -0.0425757 -0.0363153 -0.0306976 -0.0257592 -0.0215539 -0.0180425 -0.0151624 -0.0128063 -0.01093 -0.00945021 -0.0082938 -0.00737885 -0.00667567 -0.00613873 -0.00571825 -0.00538283 -0.00511428 -0.00490269 -0.00471482 -0.00455634 -0.00441156 -0.00428879 -0.00416785 -0.00406117 -0.0039574 -0.0038643 -0.00377552 -0.0036887 -0.00360991 -0.00353456 -0.00346603 -0.00339202 -0.00333423 -0.00327305 -0.00321462 -0.00316033 -0.0031147 -0.00306416 -0.00301387 -0.00298135 -0.00293487 -0.00289404 -0.00285591 -0.0028229 -0.00278622 -0.00275305 -0.00271838 -0.00267543 -0.00266681 -0.002639 -0.00259708 -0.00257433 -0.00255847 -0.00254436 -0.00251859 -0.00250035 -0.00246905 -0.00245278 -0.00244676 -0.00241742 -0.00241121 -0.00238711 -0.00236374 -0.00236547 -0.00234725 -0.00234511 -0.0023359 -0.00231685 -0.00231127 -0.00229138 -0.00228523 -0.00228198 -0.00227132 -0.00227296 -0.00226464 -0.00225722 -0.00225481 -0.00224688 -0.00224449 -0.00224289 -0.0022397 -0.00223886 
0 2.4154e-05 2.34281e-05 5.84177e-05 8.36276e-05 9.27828e-05 0.000131085 0.000146425 0.000151433 0.000181533 0.000193585 0.000207771 0.000246429 0.000267702 0.000284879 0.000314188 0.000330541 0.000346042 0.000372752 0.000398141 0.000417435 0.000442767 0.000471926 0.000489582 0.00051858 0.0005531 0.000582333 0.000607427 0.00062474 0.000669205 0.000691524 0.000706946 0.000762567 0.000784123 0.000812034 0.000856603 0.000894663 0.000933841 0.000969165 0.00102198 0.00104928 0.00110227 0.00115314 0.00118154 0.00124403 0.00129064 0.00134506 0.00139236 0.00146369 0.00152381 0.00157657 0.001665 0.0017277 0.0018083 0.00188333 0.00198302 0.00206436 0.0021564 0.00227121 0.00237177 0.00249412 0.00261243 0.00277131 0.0029168 0.00310778 0.00332439 0.00359785 0.00393152 0.00435533 0.00491471 0.00562142 0.00655511 0.00772802 0.00925084 0.0111504 0.013552 0.0164837 0.0200703 0.0243467 0.0293733 0.0350998 0.041483 0.0484115 0.0557146 0.0631504 0.0704277 0.0772625 0.0832849 0.0881255 0.0913713 0.0927559 0.0920268 0.0890649 0.0837335 0.0760931 0.0662537 0.0545186 0.0411497 0.026535 0.0110252 -0.00486349 -0.0206663 -0.0358402 -0.0499943 -0.0626991 -0.0736511 -0.0824933 -0.0890502 -0.0931924 -0.0950053 -0.0945712 -0.0921173 -0.087883 -0.0822742 -0.07567 -0.0684737 -0.0609911 -0.0535405 -0.0463819 -0.0397241 -0.0336983 -0.0283719 -0.0238001 -0.0199438 -0.0167728 -0.0141691 -0.0120962 -0.0104277 -0.00913686 -0.00810754 -0.0073258 -0.00669981 -0.00622765 -0.00585202 -0.00555022 -0.00530187 -0.00509062 -0.0049266 -0.00475345 -0.00461913 -0.00448402 -0.00437839 -0.00425081 -0.00415385 -0.00406482 -0.00396638 -0.0038826 -0.00380152 -0.00373996 -0.00364715 -0.00359451 -0.00353097 -0.00346294 -0.00340558 -0.0033529 -0.00330395 -0.0032344 -0.00320544 -0.00315032 -0.0031017 -0.00307003 -0.00302235 -0.00298815 -0.00295444 -0.00293141 -0.00288156 -0.00285885 -0.00284617 -0.00279529 -0.00277768 -0.00275482 -0.00272166 -0.00269609 -0.00267282 -0.00266195 -0.00263613 -0.00261405 -0.00260089 -0.0025858 -0.0025704 -0.00255514 -0.00254822 -0.00252281 -0.00250254 -0.00250273 -0.00247869 -0.00247145 -0.00248119 -0.00245479 -0.00244999 -0.00245454 -0.00242427 -0.00242962 -0.00243267 -0.00240617 -0.00242136 -0.00241481 -0.00239491 -0.00241653 -0.00240158 
0 1.63099e-05 5.24898e-05 6.18372e-05 8.03887e-05 0.000110961 0.000119046 0.000145822 0.000175869 0.000190448 0.000218823 0.000240745 0.000257433 0.000278127 0.000301086 0.000330541 0.000347252 0.000378809 0.000408292 0.000414442 0.000459806 0.00048811 0.000490968 0.000537278 0.000561006 0.000575502 0.000617396 0.000652448 0.000678442 0.000696067 0.000742838 0.000788405 0.000812095 0.000842374 0.000872935 0.000932318 0.000962354 0.000985208 0.00104572 0.00108278 0.00112789 0.001175 0.00123008 0.00127596 0.00132849 0.0014013 0.00143911 0.00151019 0.00157846 0.00163967 0.0017054 0.00178402 0.00186974 0.00192859 0.00203287 0.00212256 0.00221557 0.00231316 0.00243618 0.00255686 0.00266762 0.00282612 0.00298055 0.0031613 0.00335231 0.00362031 0.00391851 0.00429344 0.0047765 0.0054089 0.00621667 0.00723802 0.00857456 0.0102545 0.0123818 0.0149976 0.0182446 0.022147 0.0268018 0.0321855 0.0383143 0.0450696 0.0523439 0.0599175 0.0675564 0.0749516 0.0817796 0.0876765 0.0922533 0.0951646 0.0961188 0.0949394 0.0914695 0.0856677 0.0775517 0.0673315 0.0552501 0.0416504 0.0268233 0.011177 -0.00487853 -0.020815 -0.036196 -0.0505735 -0.0636201 -0.0749543 -0.0842862 -0.0913399 -0.0960309 -0.0983411 -0.0983915 -0.0963262 -0.0924175 -0.0869931 -0.0804526 -0.0731762 -0.0655205 -0.0578148 -0.0503238 -0.0432883 -0.03685 -0.0311462 -0.0261818 -0.0219868 -0.0184771 -0.0156357 -0.0133188 -0.0114799 -0.010007 -0.00888083 -0.00798748 -0.00728856 -0.00674408 -0.00632955 -0.00599806 -0.0057039 -0.00548667 -0.00529146 -0.00512594 -0.00495084 -0.00483044 -0.00470082 -0.00457335 -0.00446019 -0.0043643 -0.00426765 -0.00415506 -0.00408793 -0.00399772 -0.00391621 -0.00383834 -0.00377968 -0.00370642 -0.0036336 -0.00359381 -0.00352325 -0.00347369 -0.00342517 -0.00337803 -0.00332609 -0.00328703 -0.00325682 -0.00319088 -0.00316344 -0.00313651 -0.00309479 -0.00305457 -0.0030128 -0.00300234 -0.00297501 -0.00293587 -0.00290416 -0.00289168 -0.00287906 -0.00283369 -0.00282623 -0.00281213 -0.00276818 -0.00276621 -0.00275149 -0.00272226 -0.00271181 -0.00269851 -0.00268599 -0.00267069 -0.00266567 -0.00265411 -0.00263163 -0.00263367 -0.0026201 -0.00260307 -0.00261142 -0.00259468 -0.00258543 -0.00259438 -0.00257713 -0.0025767 -0.0025831 -0.00256567 -0.00257066 
0 2.42485e-05 4.56142e-05 6.91593e-05 9.21091e-05 0.000111347 0.000134892 0.000157299 0.000179138 0.000206111 0.000230518 0.000255204 0.000278461 0.000302088 0.000324465 0.000346042 0.000378809 0.000400234 0.000427413 0.000464176 0.000476115 0.000505591 0.000542662 0.000569054 0.000602951 0.000628538 0.000659478 0.000679874 0.000719155 0.000774731 0.000792467 0.00081886 0.000858345 0.000912262 0.000951423 0.000976256 0.00102583 0.00106618 0.00112227 0.00116041 0.00120323 0.0012654 0.00131074 0.00136925 0.00142064 0.00149123 0.0015435 0.0016107 0.00169016 0.00174837 0.00183123 0.00190947 0.00200105 0.00207306 0.00217917 0.00228203 0.00237394 0.00249135 0.00261424 0.00274835 0.00286648 0.00304047 0.00320967 0.00340124 0.00362156 0.00391377 0.0042548 0.00466536 0.0052206 0.00592857 0.00683808 0.00797423 0.00947087 0.0113414 0.0136881 0.0165653 0.0201207 0.0243786 0.0293958 0.0351636 0.0416702 0.0487969 0.0563702 0.0641799 0.0719582 0.0794059 0.086141 0.0918155 0.0960382 0.0985229 0.0989815 0.0972797 0.0932734 0.0869786 0.0784301 0.0678711 0.0555382 0.0417858 0.0268808 0.0112187 -0.00483406 -0.0207757 -0.0362165 -0.0507266 -0.064006 -0.0756661 -0.085426 -0.0929824 -0.0982355 -0.101109 -0.101705 -0.100122 -0.0966296 -0.0914964 -0.085114 -0.0778381 -0.0700807 -0.0621666 -0.0543964 -0.0469968 -0.0401752 -0.0340743 -0.028735 -0.0241673 -0.0203293 -0.0172035 -0.0146523 -0.0126079 -0.0109622 -0.00970616 -0.00870376 -0.00792187 -0.00729818 -0.00683975 -0.00646063 -0.00613975 -0.0058864 -0.00567689 -0.0054916 -0.0053015 -0.00516684 -0.00502299 -0.00489338 -0.00476067 -0.00466364 -0.00455301 -0.00444303 -0.00436005 -0.00426785 -0.00418611 -0.0040966 -0.00403814 -0.0039551 -0.00388905 -0.0038309 -0.00376445 -0.00370918 -0.00364983 -0.0036095 -0.00354492 -0.00350114 -0.0034595 -0.00341663 -0.00337836 -0.00332087 -0.00329464 -0.00326776 -0.0032356 -0.00318584 -0.00314946 -0.0031455 -0.00311276 -0.00308037 -0.00304972 -0.00302736 -0.00300727 -0.00298104 -0.00297382 -0.00294276 -0.00291634 -0.00290989 -0.00288857 -0.00287709 -0.00286594 -0.00284923 -0.00283386 -0.00281907 -0.00280978 -0.00279696 -0.00279056 -0.00278447 -0.00277304 -0.00276862 -0.00276041 -0.00275269 -0.00274996 -0.0027446 -0.00274124 -0.00273964 -0.00273735 
