0 0 0 0 0 0 0 0 0 0 0 0 0 0 0 0 0 0 0 0 0 0 0 0 0 0 0 0 0 0 0 0 0 0 0 0 0 0 0 0 0 0 0 0 0 0 0 0 0 0 0 0 0 0 0 0 0 0 0 0 0 0 0 0 0 0 0 0 0 0 0 0 0 0 0 0 0 0 0 0 0 0 0 0 0 0 0 0 0 0 0 0 0 0 0 0 0 0 0 0 0 0 0 0 0 0 0 0 0 0 0 0 0 0 0 0 0 0 0 0 0 0 0 0 0 0 0 0 0 0 0 0 0 0 0 0 0 0 0 0 0 0 0 0 0 0 0 0 0 0 0 0 0 0 0 0 0 0 0 0 0 0 0 0 0 0 0 0 0 0 0 0 0 0 0 0 0 0 0 0 0 0 0 0 0 0 0 0 0 0 0 0 0 0 0 0 0 0 0 0 
0 -5.53551e-06 2.48644e-05 2.45967e-05 1.16594e-05 3.82441e-05 4.83219e-05 3.45271e-05 5.39327e-05 6.84513e-05 5.48831e-05 7.23635e-05 9.98415e-05 9.5943e-05 9.06775e-05 9.23338e-05 0.000111728 0.000136737 0.000131218 0.000138051 0.000158509 0.000168379 0.00017999 0.000175002 0.000196043 0.000218091 0.00020821 0.000246963 0.000264399 0.000263518 0.000303456 0.000312612 0.00033512 0.000352039 0.000374468 0.000421459 0.000422085 0.000475957 0.000527009 0.000558082 0.000626617 0.000681507 0.000785044 0.000860853 0.000970803 0.00113841 0.00129482 0.00151661 0.00174762 0.00206893 0.00241089 0.00276855 0.00318666 0.00358958 0.00401423 0.00432897 0.00459045 0.00472334 0.00469449 0.00446925 0.00398569 0.00333128 0.00243469 0.00139825 0.00017668 -0.0010914 -0.0023605 -0.00354322 -0.00457755 -0.00545868 -0.00608345 -0.00649378 -0.00659785 -0.00651226 -0.0061949 -0.0057739 -0.00521913 -0.00462027 -0.00397387 -0.00333908 -0.00274694 -0.00220997 -0.00176847 -0.0013798 -0.00109055 -0.000825955 -0.000649138 -0.000473649 -0.000376764 -0.000266519 -0.000225853 -0.000160437 -0.000154324 -0.000114842 -0.000125825 -9.86627e-05 -0.000116216 -9.39795e-05 -0.000113394 -9.28211e-05 -0.000112543 -9.21621e-05 -0.000111667 -9.01891e-05 -0.000108392 -8.32004e-05 -9.64894e-05 -6.14105e-05 -6.09268e-05 -3.77016e-06 2.64229e-05 0.000123843 0.000204751 0.000362758 0.000517058 0.000757942 0.0010155 0.00137314 0.0017769 0.00228666 0.00285516 0.00349207 0.00415369 0.00479935 0.00541467 0.00592714 0.00635496 0.00658212 0.00663772 0.00639265 0.00592468 0.00516775 0.00423474 0.0031043 0.00185562 0.000538625 -0.000775583 -0.00195876 -0.00302129 -0.003857 -0.00453504 -0.00494266 -0.0051468 -0.00513653 -0.00498142 -0.00473126 -0.00435162 -0.00395669 -0.00351392 -0.00313407 -0.00274483 -0.00238521 -0.00209121 -0.00182418 -0.00163004 -0.00141499 -0.00127747 -0.00116439 -0.00105399 -0.000978473 -0.00089337 -0.000867588 -0.00080333 -0.00075363 -0.000740624 -0.000693011 -0.000672083 -0.000633095 -0.000618937 -0.000602123 -0.00055701 -0.00056727 -0.000545111 -0.000519423 -0.000527785 -0.000507731 -0.000496059 -0.000480234 -0.0004732 -0.000474374 -0.00044232 -0.000436943 -0.000446 -0.000439937 -0.000440315 -0.000414971 -0.000405759 -0.000432543 -0.000412821 -0.00038567 -0.000405986 -0.000401646 -0.000382259 -0.000406357 -0.000406719 -0.00037386 -0.000385013 -0.000391927 -0.000370448 -0.000387729 
0 2.48644e-05 1.11398e-05 3.72341e-05 6.63186e-05 5.55101e-05 7.771e-05 0.000101465 9.92143e-05 0.00012553 0.0001399 0.000145038 0.00016385 0.000159851 0.000202018 0.000247645 0.000215796 0.000237375 0.000281534 0.000273905 0.000304031 0.0003279 0.000340088 0.000380403 0.000403087 0.00043087 0.000450071 0.000478549 0.000523892 0.000530715 0.000575719 0.000632924 0.000656115 0.000711074 0.000771963 0.000832549 0.000884659 0.000954285 0.00105705 0.00113211 0.00123479 0.00138116 0.00154525 0.0017305 0.00195866 0.00227346 0.0026314 0.00304351 0.00355292 0.00416435 0.00485045 0.0055792 0.0063743 0.00720183 0.00798364 0.00863686 0.00911644 0.00937011 0.00929965 0.00881674 0.00788924 0.0065428 0.00480307 0.0027059 0.000322953 -0.00219977 -0.00470251 -0.00703732 -0.00910781 -0.0108211 -0.0120966 -0.0128697 -0.0131292 -0.0129287 -0.012348 -0.0114879 -0.0104157 -0.00921554 -0.0079432 -0.00668873 -0.00550409 -0.00445451 -0.00354923 -0.0028022 -0.00218757 -0.00169536 -0.00129959 -0.00099018 -0.000751832 -0.000574112 -0.000447807 -0.000358969 -0.0003031 -0.000264698 -0.000245261 -0.000229943 -0.000225866 -0.000219041 -0.000220309 -0.000215963 -0.00021862 -0.000214536 -0.000216591 -0.000210942 -0.000209276 -0.000197402 -0.00018396 -0.000153789 -0.000110424 -3.75624e-05 6.72244e-05 0.000219549 0.000426567 0.000700542 0.00105372 0.00149721 0.00205391 0.00273737 0.00357679 0.00457012 0.00571998 0.00697478 0.00829027 0.00957876 0.0107848 0.0118243 0.0126355 0.0131156 0.013175 0.01273 0.0117606 0.0103014 0.00842025 0.00619808 0.00371639 0.00110594 -0.00147498 -0.00385639 -0.00593387 -0.0076467 -0.00895563 -0.00981197 -0.0102129 -0.0102209 -0.00993481 -0.00941651 -0.00871062 -0.00789182 -0.00705626 -0.00626218 -0.00549981 -0.00479561 -0.00418379 -0.00368551 -0.00325366 -0.00287202 -0.00257722 -0.00234403 -0.00214701 -0.00195955 -0.00182525 -0.00172533 -0.00160802 -0.00151869 -0.00144925 -0.00139445 -0.00132602 -0.00126964 -0.00125209 -0.00119501 -0.00115292 -0.00113383 -0.00109268 -0.00106132 -0.00102504 -0.00101006 -0.000986948 -0.000953256 -0.000958553 -0.000924538 -0.000906759 -0.000928145 -0.000877869 -0.000847424 -0.000863079 -0.000850422 -0.000839772 -0.000818148 -0.000811051 -0.000827685 -0.000804417 -0.000795284 -0.000802736 -0.000771604 -0.000769 -0.000790226 -0.000776351 -0.00077307 -0.000784676 -0.000766094 
0 2.45967e-05 3.72341e-05 5.84145e-05 8.11705e-05 9.53009e-05 0.000118611 0.000141224 0.00015688 0.00018182 0.000203029 0.000224476 0.000254481 0.000270193 0.000291171 0.000322359 0.000339563 0.000372517 0.000409091 0.000425661 0.000461211 0.000498678 0.00052179 0.000558862 0.000597952 0.00063521 0.000675969 0.000724019 0.000778368 0.000820491 0.000878176 0.000947644 0.000999385 0.00106894 0.00115491 0.00123825 0.0013292 0.00144043 0.00157888 0.00171748 0.00188128 0.00209955 0.00234681 0.0026357 0.00299362 0.00344855 0.00399033 0.00461954 0.00538812 0.00629282 0.00730992 0.00840997 0.00958529 0.0107962 0.0119272 0.0128829 0.0135691 0.0139027 0.0137525 0.013003 0.0116147 0.00959656 0.00700294 0.0038828 0.000369947 -0.00334844 -0.00703627 -0.0104901 -0.0135517 -0.0160794 -0.0179629 -0.0191068 -0.0195123 -0.0192323 -0.0183983 -0.0171288 -0.0155525 -0.0137709 -0.0118953 -0.0100331 -0.00827966 -0.00671175 -0.00535843 -0.00423279 -0.0033056 -0.00256223 -0.00196238 -0.00149716 -0.00113309 -0.000867712 -0.000670465 -0.000539942 -0.000447765 -0.000394666 -0.000357325 -0.000340468 -0.000326458 -0.000323361 -0.000317467 -0.000318519 -0.000314659 -0.000316098 -0.000311211 -0.000309882 -0.00029917 -0.000287552 -0.000258735 -0.000218137 -0.000144028 -3.76792e-05 0.000128206 0.000355028 0.000672874 0.00108372 0.00161997 0.00228856 0.00312975 0.00415973 0.00541714 0.00690158 0.00860452 0.0104647 0.0124014 0.0143092 0.0160812 0.0176147 0.0187874 0.0194761 0.0195327 0.0188663 0.0174294 0.0152796 0.0124995 0.00921556 0.0055603 0.00172185 -0.00206797 -0.00558998 -0.00867026 -0.0112231 -0.0131663 -0.0144599 -0.0150952 -0.0151596 -0.0147726 -0.0140293 -0.0130207 -0.0118416 -0.0106264 -0.00944024 -0.00831383 -0.00727331 -0.00635898 -0.00559279 -0.00492966 -0.00436526 -0.00390473 -0.00353861 -0.00323158 -0.0029613 -0.00275607 -0.0025879 -0.00243245 -0.00229952 -0.00219214 -0.00210219 -0.0020038 -0.00192427 -0.00186502 -0.00179264 -0.00173255 -0.00168576 -0.00163884 -0.00159362 -0.00155278 -0.00152422 -0.00148443 -0.00144793 -0.00142988 -0.00139318 -0.00136279 -0.00135021 -0.00132427 -0.00130627 -0.00129266 -0.00127045 -0.00125738 -0.0012433 -0.0012287 -0.00121834 -0.00120255 -0.00119471 -0.00119171 -0.00118217 -0.00117696 -0.00117217 -0.00116243 -0.00115502 -0.00115316 -0.00115664 
0 1.16594e-05 6.63186e-05 8.11705e-05 9.01969e-05 0.000141787 0.000161737 0.000176112 0.00022128 0.00024149 0.000265395 0.000302037 0.00033104 0.000380293 0.000392592 0.000400703 0.000476103 0.00050868 0.000522891 0.000582675 0.000613769 0.000659627 0.000711863 0.000739786 0.000802493 0.000851306 0.000904713 0.000976299 0.00102541 0.00110853 0.00118159 0.00125024 0.00135233 0.00143568 0.0015449 0.00166246 0.00178771 0.00194858 0.00210907 0.00231562 0.00255142 0.00282703 0.00317213 0.00357057 0.00407417 0.00467598 0.00540379 0.00627831 0.0073007 0.00849946 0.00983377 0.0112949 0.0128319 0.0143723 0.0158162 0.0170203 0.0178752 0.0182299 0.0179522 0.0169163 0.0150579 0.0123902 0.00895487 0.00486833 0.000287086 -0.00453825 -0.00933686 -0.0138462 -0.0178394 -0.0211409 -0.0235889 -0.0251036 -0.0256579 -0.0253415 -0.0242816 -0.0226482 -0.0205956 -0.0182719 -0.0158257 -0.0133874 -0.0110922 -0.0090162 -0.00722615 -0.00571267 -0.00447709 -0.00346738 -0.00266925 -0.00203321 -0.00155103 -0.00118305 -0.000922594 -0.000735728 -0.000615121 -0.000533963 -0.000487174 -0.000457053 -0.000442077 -0.000432238 -0.000428377 -0.00042504 -0.000423929 -0.000421258 -0.000418709 -0.000411689 -0.000401072 -0.000378673 -0.000343158 -0.000279476 -0.000182606 -2.85044e-05 0.000190859 0.000507225 0.000928387 0.00149165 0.00220519 0.00311587 0.00423877 0.00562984 0.00729828 0.0092722 0.0115055 0.0139461 0.0164715 0.0189632 0.0212723 0.0232576 0.0247616 0.025611 0.0256502 0.0247484 0.0228779 0.020069 0.0164478 0.0121571 0.00740267 0.00242409 -0.00249959 -0.00709316 -0.0111514 -0.0145118 -0.0170902 -0.018824 -0.0197364 -0.0199094 -0.019465 -0.0185476 -0.0172723 -0.0157926 -0.0142203 -0.0126627 -0.0111832 -0.0098167 -0.00861357 -0.00755941 -0.00667109 -0.0059189 -0.00529159 -0.00478361 -0.004351 -0.00400986 -0.00371362 -0.00346931 -0.0032716 -0.00308665 -0.00294382 -0.0028017 -0.0026873 -0.00258785 -0.00247703 -0.00240668 -0.00232307 -0.00224947 -0.00219477 -0.00212525 -0.00208612 -0.00202915 -0.00197771 -0.00194868 -0.0018914 -0.00187074 -0.00183615 -0.00177524 -0.00177869 -0.00176175 -0.00171528 -0.00169439 -0.00167168 -0.00166957 -0.00164875 -0.00160719 -0.00161636 -0.00160465 -0.00157216 -0.00159084 -0.00157976 -0.00154245 -0.00155738 -0.00155723 -0.00152923 -0.00154525 
0 3.82441e-05 5.55101e-05 9.53009e-05 0.000141787 0.000163265 0.000193622 0.000240011 0.000269767 0.000297469 0.000348285 0.000383135 0.00039864 0.000446024 0.000505203 0.000551464 0.000588746 0.000613574 0.000666052 0.000730945 0.000768113 0.000815885 0.000882813 0.000951919 0.00100745 0.00106973 0.0011564 0.00121277 0.00128836 0.00139382 0.00146916 0.00157378 0.00169277 0.0018175 0.00195162 0.0020897 0.00228227 0.00245954 0.00266654 0.00293934 0.00323339 0.00359927 0.00401843 0.0045629 0.00521109 0.00596589 0.0069126 0.00801412 0.00932388 0.0107883 0.0124407 0.0142452 0.0160935 0.0179397 0.0196108 0.0210318 0.0219717 0.0222941 0.0218373 0.0204714 0.0181577 0.0148271 0.0106143 0.00559644 5.43417e-05 -0.00579202 -0.0116007 -0.0170751 -0.0219401 -0.025935 -0.028933 -0.0307775 -0.031525 -0.0311812 -0.0299648 -0.027995 -0.0255252 -0.0226969 -0.019725 -0.0167544 -0.0139371 -0.0113865 -0.00914714 -0.00726733 -0.00569222 -0.00443663 -0.00340527 -0.00262197 -0.0019874 -0.00154101 -0.00118427 -0.000964283 -0.000784596 -0.000697839 -0.000614282 -0.000592887 -0.000552643 -0.000557559 -0.000533414 -0.000546762 -0.000526911 -0.000541087 -0.000519071 -0.000527528 -0.000493679 -0.000481991 -0.000413711 -0.000348724 -0.0001996 -2.00795e-05 0.000285184 0.000667693 0.00122644 0.00191869 0.00284552 0.00397773 0.00541778 0.00715002 0.00925137 0.0116838 0.0144388 0.0174143 0.0204909 0.0235225 0.0263147 0.0287166 0.0304822 0.0314697 0.0314338 0.0303209 0.0280135 0.0246204 0.0202041 0.0150015 0.00923876 0.00322152 -0.00272169 -0.00832656 -0.0132808 -0.0174456 -0.0206218 -0.0228324 -0.0240505 -0.0243924 -0.0239651 -0.0229156 -0.0214625 -0.0197098 -0.0178511 -0.015937 -0.0141266 -0.012459 -0.0109492 -0.0096352 -0.00848621 -0.00755939 -0.0067532 -0.00608282 -0.00553991 -0.00508628 -0.00472016 -0.00437586 -0.00412256 -0.00390158 -0.00368729 -0.00352236 -0.00337136 -0.00325124 -0.00311827 -0.0030131 -0.00293716 -0.00282563 -0.00274799 -0.00268177 -0.00259942 -0.00253434 -0.00248152 -0.00243727 -0.00237408 -0.00232897 -0.00231252 -0.00226493 -0.00221527 -0.00217807 -0.00214707 -0.00213739 -0.00210669 -0.00206075 -0.00205294 -0.00205218 -0.00202011 -0.00199984 -0.00199699 -0.00196346 -0.00194693 -0.00196641 -0.00194801 -0.0019369 -0.00195486 -0.00192521 
0 4.83219e-05 7.771e-05 0.000118611 0.000161737 0.000193622 0.00023793 0.000285691 0.000321411 0.000363233 0.000413314 0.00045717 0.00050353 0.000554106 0.000593176 0.000638569 0.000700586 0.000755913 0.000812403 0.000877108 0.000934982 0.00099456 0.00106726 0.00113954 0.00120198 0.00128784 0.00138832 0.00146476 0.00156697 0.00168915 0.00178906 0.00190907 0.00205013 0.00219968 0.00235157 0.00253036 0.00276056 0.00298471 0.00324969 0.00358932 0.003971 0.00441851 0.00495081 0.00562905 0.00642689 0.00735862 0.00850625 0.00985857 0.0114255 0.0131705 0.0151221 0.0172328 0.0193723 0.0214519 0.0233224 0.0248641 0.0258345 0.0260495 0.0253572 0.0236375 0.0208313 0.0168792 0.0119038 0.00605506 -0.000376708 -0.00712132 -0.0138379 -0.0201764 -0.0258141 -0.0304514 -0.0339319 -0.036119 -0.0370434 -0.036737 -0.0353848 -0.0331557 -0.0303025 -0.0270358 -0.0235781 -0.0201206 -0.016816 -0.0138027 -0.0111343 -0.00887001 -0.00696876 -0.00543566 -0.00418801 -0.00322302 -0.0024577 -0.00189797 -0.00146877 -0.00118109 -0.000967299 -0.000842133 -0.000747865 -0.00070475 -0.000666012 -0.000657108 -0.000639646 -0.000642056 -0.00063032 -0.000633747 -0.000618894 -0.000614334 -0.000583445 -0.000552111 -0.000476408 -0.00037722 -0.000200069 3.99457e-05 0.000407756 0.000892243 0.00156639 0.00242322 0.00354455 0.00493231 0.00667414 0.00877125 0.0112841 0.0141706 0.0174087 0.0208782 0.024456 0.0279597 0.0311868 0.033921 0.0359093 0.0369534 0.0368362 0.0354746 0.0327816 0.0288346 0.0237221 0.0177004 0.0110495 0.0041253 -0.00273327 -0.00922126 -0.0150187 -0.0199094 -0.0236964 -0.0263767 -0.027953 -0.0285221 -0.0281822 -0.027106 -0.0255289 -0.023602 -0.0214935 -0.019296 -0.0171806 -0.0152192 -0.0134254 -0.0118273 -0.0104336 -0.00928439 -0.00829351 -0.00745147 -0.00676767 -0.00620862 -0.00574351 -0.00532608 -0.00500543 -0.00473788 -0.0044794 -0.00426724 -0.00408682 -0.00392741 -0.00376447 -0.00363 -0.00352748 -0.00340258 -0.00330244 -0.003229 -0.00314112 -0.003061 -0.00299642 -0.00293512 -0.00286715 -0.00280805 -0.00276102 -0.00270688 -0.00266773 -0.00263854 -0.00259265 -0.00255735 -0.00253504 -0.00249957 -0.00247085 -0.00245291 -0.00241976 -0.00239878 -0.00239898 -0.00237768 -0.0023619 -0.00236342 -0.0023334 -0.00231586 -0.00233157 -0.00232079 
0 3.45271e-05 0.000101465 0.000141224 0.000176112 0.000240011 0.000285691 0.000323589 0.000380916 0.000433281 0.000478847 0.000526804 0.000588682 0.000659761 0.000699682 0.000742114 0.000828741 0.000896098 0.000944335 0.00102113 0.00109354 0.00117071 0.00125883 0.00132956 0.00142417 0.0015254 0.00161657 0.00173221 0.00184085 0.0019703 0.00211091 0.00224019 0.00242087 0.00259284 0.00277756 0.00301423 0.00325515 0.00354973 0.00386949 0.00426577 0.0047466 0.00527122 0.00595294 0.00675648 0.0077244 0.00886977 0.0102183 0.0118451 0.0136478 0.0156885 0.0179103 0.0202729 0.0226599 0.024889 0.026906 0.0284528 0.0293785 0.0294069 0.0284239 0.0263259 0.0229969 0.0184753 0.01278 0.00622013 -0.00100719 -0.00851423 -0.0160136 -0.0230962 -0.0293902 -0.0346122 -0.0385093 -0.0410527 -0.0421442 -0.0419409 -0.0404878 -0.0380859 -0.0349046 -0.0312761 -0.02739 -0.0234961 -0.0197511 -0.0162907 -0.0132224 -0.0105577 -0.00834795 -0.0065057 -0.00505836 -0.00387664 -0.00299958 -0.00229184 -0.00181021 -0.0014216 -0.00119406 -0.000999922 -0.000915888 -0.000823681 -0.000807979 -0.0007605 -0.000771536 -0.000739764 -0.000758052 -0.000727824 -0.000742068 -0.000700713 -0.000694555 -0.000617653 -0.000555764 -0.000393355 -0.00020873 0.000123871 0.000534123 0.0011549 0.0019253 0.00298274 0.00428216 0.00596114 0.00798935 0.0104764 0.0133763 0.0167148 0.0203935 0.0243198 0.0283425 0.0322516 0.0358543 0.0388369 0.0410033 0.0420306 0.0418278 0.0401869 0.0371592 0.0326944 0.0269958 0.0202613 0.0128566 0.00515915 -0.0025044 -0.00974549 -0.0163204 -0.0218597 -0.0262717 -0.0294241 -0.0314108 -0.0322634 -0.0320859 -0.0310926 -0.029451 -0.0274389 -0.0251196 -0.0227116 -0.0203236 -0.0180754 -0.0160231 -0.0141335 -0.0125206 -0.0111175 -0.00994098 -0.00893269 -0.00808318 -0.00741659 -0.00681881 -0.00633679 -0.00592711 -0.00558173 -0.00529438 -0.00501536 -0.00480984 -0.00460998 -0.00442248 -0.00427892 -0.00412744 -0.00400565 -0.00388485 -0.00377226 -0.00368834 -0.00358536 -0.0035028 -0.0034315 -0.00335352 -0.00330206 -0.00323285 -0.00316276 -0.00313391 -0.00309152 -0.00303117 -0.0029861 -0.00295586 -0.00293565 -0.00289491 -0.00285107 -0.00284622 -0.00282467 -0.00278397 -0.00278544 -0.00277081 -0.00273147 -0.0027418 -0.0027402 -0.00270563 -0.00271841 
0 5.39327e-05 9.92143e-05 0.00015688 0.00022128 0.000269767 0.000321411 0.000380916 0.000435715 0.000494835 0.000552341 0.00061811 0.000678118 0.000717411 0.000809597 0.000906404 0.000937357 0.00100957 0.00110109 0.00116681 0.00126538 0.0013449 0.00143133 0.00154882 0.00164347 0.00175781 0.00186771 0.00198984 0.00213743 0.00225912 0.00242933 0.00260639 0.00278112 0.00300556 0.00322797 0.00349916 0.00379217 0.00412689 0.00454125 0.00499299 0.00556181 0.00622223 0.00702205 0.00799397 0.00912649 0.0105003 0.0120834 0.0139361 0.0160161 0.0183049 0.0207909 0.0233485 0.0259051 0.0282558 0.0302936 0.0317958 0.0325443 0.0323434 0.0310082 0.0284856 0.024648 0.0195497 0.0132559 0.0060382 -0.00182454 -0.0100034 -0.0181255 -0.0258276 -0.0326698 -0.0383774 -0.0426774 -0.0455221 -0.0468385 -0.0467246 -0.0452756 -0.0427255 -0.0393314 -0.0353799 -0.0311538 -0.0268606 -0.0227227 -0.0188458 -0.0153824 -0.0123407 -0.00979348 -0.00766548 -0.00597215 -0.00460407 -0.0035625 -0.00274419 -0.00215496 -0.00170725 -0.00141058 -0.00119208 -0.00106447 -0.000969772 -0.000925452 -0.00088715 -0.000876656 -0.000858861 -0.000857779 -0.000841978 -0.000835472 -0.000804893 -0.000772069 -0.000696022 -0.000594195 -0.000413126 -0.000165077 0.000217959 0.000727393 0.0014458 0.00236814 0.00359346 0.00512256 0.00706666 0.00941936 0.0122706 0.0155656 0.0193222 0.0234075 0.0277473 0.0321366 0.0364015 0.0402651 0.0434543 0.0456807 0.046686 0.0463171 0.0444368 0.0410567 0.0361642 0.0299591 0.0226477 0.0146425 0.00628932 -0.00200884 -0.00992096 -0.0171166 -0.0232816 -0.0282582 -0.0319224 -0.0343454 -0.0355276 -0.0356249 -0.0347769 -0.0332147 -0.0311521 -0.0287327 -0.0261694 -0.0235586 -0.021073 -0.0187363 -0.0166154 -0.0147425 -0.0130954 -0.0117108 -0.0105083 -0.00951721 -0.00867643 -0.00797083 -0.00739945 -0.00688725 -0.00647976 -0.00611795 -0.0058128 -0.0055511 -0.00530156 -0.00511817 -0.00492229 -0.004751 -0.00461537 -0.00446599 -0.00434616 -0.00421985 -0.00411989 -0.004033 -0.00392427 -0.00385908 -0.00377985 -0.00370858 -0.00367158 -0.00357946 -0.00351101 -0.00349245 -0.00344317 -0.0033871 -0.00334209 -0.00331759 -0.00329753 -0.00325528 -0.00323267 -0.00321156 -0.0031713 -0.00315849 -0.00315487 -0.00313902 -0.00313251 -0.00312668 -0.00311052 
0 6.84513e-05 0.00012553 0.00018182 0.00024149 0.000297469 0.000363233 0.000433281 0.000494835 0.000561452 0.000624271 0.00069621 0.000778734 0.000833746 0.000908527 0.000996064 0.00105315 0.00115955 0.00126345 0.00132133 0.00143575 0.00153917 0.00162095 0.00174907 0.00185962 0.00198251 0.00212228 0.00226563 0.00243586 0.00258004 0.00277053 0.00298416 0.00316685 0.00342275 0.00369644 0.00399407 0.00434694 0.00474645 0.00524798 0.00578884 0.00645191 0.00726891 0.00820466 0.00934315 0.0106707 0.0122642 0.0140941 0.0161596 0.0185036 0.0210294 0.0237248 0.0264381 0.0290843 0.0314963 0.0334615 0.0348222 0.0353116 0.0348014 0.033079 0.0300829 0.0257493 0.0201018 0.0132997 0.00552762 -0.00285204 -0.0115647 -0.0201781 -0.0283463 -0.0356346 -0.0417298 -0.0464027 -0.0495186 -0.0510795 -0.0510794 -0.0496954 -0.0470696 -0.0435416 -0.03935 -0.0348432 -0.0302168 -0.0257163 -0.021468 -0.0176133 -0.0142184 -0.0113166 -0.00891148 -0.00694632 -0.00539566 -0.0041648 -0.00323967 -0.00252188 -0.00201901 -0.00163603 -0.00139735 -0.00121268 -0.0011203 -0.00103717 -0.00101346 -0.000973415 -0.000975264 -0.00094759 -0.000951743 -0.000916688 -0.000901891 -0.000832629 -0.000761535 -0.000606809 -0.000410198 -8.20032e-05 0.000348884 0.000978046 0.00179181 0.00289069 0.00428191 0.00606764 0.00827122 0.0109689 0.0141645 0.0178557 0.021988 0.0264543 0.0311418 0.0358411 0.0403729 0.0444129 0.0477181 0.0499277 0.0508619 0.050289 0.0481753 0.0444518 0.0392069 0.032581 0.0248438 0.0163747 0.00752485 -0.00127284 -0.00972023 -0.0174159 -0.0241342 -0.0296276 -0.033823 -0.0366956 -0.038276 -0.0387175 -0.0381229 -0.0367436 -0.0347184 -0.0322972 -0.0296417 -0.0268891 -0.0241926 -0.0216038 -0.019261 -0.0171245 -0.0152364 -0.0136077 -0.0122094 -0.0110477 -0.0100236 -0.00919869 -0.00851464 -0.00791563 -0.00742434 -0.00699277 -0.00665382 -0.00632458 -0.00603301 -0.00581891 -0.00558137 -0.00538408 -0.00521637 -0.00505694 -0.00492179 -0.00477611 -0.00467653 -0.00456542 -0.00444237 -0.00437829 -0.00427266 -0.00417338 -0.00412872 -0.00405099 -0.00398655 -0.00393962 -0.00387873 -0.00383585 -0.00379029 -0.00374901 -0.00371131 -0.00366198 -0.00363993 -0.00362427 -0.00359776 -0.00358547 -0.00356235 -0.00353229 -0.00351919 -0.00351428 -0.00351559 
0 5.48831e-05 0.0001399 0.000203029 0.000265395 0.000348285 0.000413314 0.000478847 0.000552341 0.000624271 0.000708143 0.000772574 0.00084728 0.000961045 0.00102881 0.00109192 0.0012092 0.00130097 0.00138953 0.00149197 0.0015919 0.00172815 0.00183584 0.00194901 0.00211082 0.00222789 0.00237952 0.00256054 0.00270963 0.00291016 0.00311694 0.00334522 0.00359767 0.0038595 0.00420568 0.00454414 0.00493976 0.00544258 0.00598746 0.00665191 0.00742192 0.00837868 0.00950371 0.0107925 0.0123718 0.0141789 0.0162571 0.0185642 0.0211183 0.0238869 0.0267007 0.029527 0.0321773 0.0345405 0.0363614 0.0374412 0.0376286 0.0367025 0.0345754 0.031075 0.0262597 0.0201398 0.0128918 0.00472275 -0.00408541 -0.0131477 -0.0221405 -0.0306063 -0.0382387 -0.0446376 -0.0496291 -0.053022 -0.0548077 -0.0549938 -0.0536943 -0.0511167 -0.0475012 -0.0431958 -0.0384472 -0.0335792 -0.0287408 -0.0241744 -0.0199434 -0.0162108 -0.0129613 -0.0102633 -0.00803218 -0.00626571 -0.00485878 -0.00378636 -0.00296201 -0.00236019 -0.00191963 -0.00161555 -0.00140764 -0.00127251 -0.00118821 -0.0011349 -0.00110542 -0.00108342 -0.00107032 -0.00105111 -0.00102835 -0.000985566 -0.000918959 -0.000808187 -0.000636507 -0.000379145 -2.37744e-06 0.000521005 0.00124431 0.00219616 0.00345441 0.00504973 0.00708314 0.00957114 0.0126059 0.0161432 0.0202154 0.0246848 0.0295085 0.034467 0.0394399 0.044122 0.04829 0.0515822 0.0537475 0.0545218 0.0537594 0.0513841 0.0473668 0.0418232 0.0348752 0.0268606 0.0180489 0.00888653 -0.000311824 -0.0091213 -0.0172459 -0.0244054 -0.0303921 -0.0351111 -0.0384473 -0.040506 -0.0413248 -0.0411143 -0.0399736 -0.0381124 -0.0357594 -0.0330781 -0.0302693 -0.0273783 -0.0246166 -0.0220298 -0.0196681 -0.0175463 -0.0156573 -0.0140835 -0.0126971 -0.0115221 -0.0105352 -0.00970895 -0.00902918 -0.00840299 -0.0079209 -0.00750161 -0.00711359 -0.00680426 -0.00651488 -0.00628335 -0.00604846 -0.00584282 -0.00568901 -0.0054961 -0.00535518 -0.00523008 -0.00508003 -0.00497851 -0.0048731 -0.00477917 -0.00468916 -0.0045865 -0.00453966 -0.00447151 -0.00437395 -0.00432814 -0.0042799 -0.00422735 -0.00418156 -0.00412685 -0.00411082 -0.00408085 -0.00401983 -0.0040145 -0.00399576 -0.00394378 -0.00395748 -0.0039549 -0.0039065 -0.00392121 
0 7.23635e-05 0.000145038 0.000224476 0.000302037 0.000383135 0.00045717 0.000526804 0.00061811 0.00069621 0.000772574 0.00087683 0.000951643 0.00102661 0.00113942 0.00124447 0.00134641 0.00143101 0.00153057 0.00167511 0.00178199 0.00189707 0.00204519 0.00217551 0.00233633 0.00249014 0.00265127 0.00284891 0.00302786 0.00324999 0.00348673 0.00373315 0.0040321 0.00433928 0.00471575 0.00512511 0.00559011 0.00617224 0.00681352 0.00759305 0.00851182 0.00961471 0.0109223 0.0124178 0.0142156 0.0162584 0.0185616 0.0211017 0.0238554 0.0267849 0.0296984 0.0325441 0.0351445 0.0373532 0.0389309 0.0396656 0.0394489 0.0380773 0.0354706 0.0314856 0.0261963 0.0196704 0.0120655 0.00359492 -0.00549033 -0.0147917 -0.0239901 -0.0326515 -0.0404879 -0.0471306 -0.0523746 -0.0560296 -0.0580433 -0.0584358 -0.0572888 -0.0548129 -0.0512183 -0.0468539 -0.041965 -0.0368861 -0.031786 -0.0269117 -0.0223555 -0.0182795 -0.014706 -0.0116969 -0.00920233 -0.00720006 -0.00560977 -0.0043768 -0.00343509 -0.002729 -0.00221791 -0.00184958 -0.00160411 -0.00143255 -0.0013323 -0.00125953 -0.00122576 -0.00119212 -0.00117858 -0.00114834 -0.00112242 -0.00106217 -0.000982158 -0.000838624 -0.000633593 -0.00031744 0.000123754 0.000743785 0.00157569 0.00267748 0.00410715 0.00592581 0.0082112 0.0110027 0.0143589 0.0182449 0.0226536 0.0274503 0.032559 0.0377587 0.0429029 0.0476777 0.0518521 0.0550653 0.0570912 0.0576686 0.0566826 0.0540456 0.0497703 0.043974 0.036822 0.0286268 0.0196473 0.0102925 0.000871599 -0.00818633 -0.0166085 -0.0241193 -0.0305421 -0.0357356 -0.0395746 -0.0421219 -0.0434142 -0.0436362 -0.0428498 -0.0412589 -0.039067 -0.0364686 -0.0336457 -0.0306698 -0.0277565 -0.0249658 -0.0223864 -0.0200242 -0.0179039 -0.0160917 -0.014493 -0.0131384 -0.0119755 -0.0110044 -0.0101964 -0.00947766 -0.00890515 -0.00839837 -0.00796654 -0.0076007 -0.0072612 -0.00699261 -0.00672628 -0.00649855 -0.00630306 -0.00610044 -0.00594363 -0.00578052 -0.00564194 -0.00552385 -0.00537909 -0.00528682 -0.00520231 -0.00509371 -0.00500152 -0.00491562 -0.00486427 -0.00480102 -0.0047121 -0.00466754 -0.0046248 -0.00457385 -0.00453904 -0.00449494 -0.00446034 -0.00442546 -0.00439273 -0.00438829 -0.00436588 -0.00434463 -0.00434763 -0.00432265 
0 9.98415e-05 0.00016385 0.000254481 0.00033104 0.00039864 0.00050353 0.000588682 0.000678118 0.000778734 0.00084728 0.000951643 0.00106371 0.00114164 0.0012525 0.00135728 0.00145907 0.00159397 0.00171048 0.00184196 0.00197128 0.00208895 0.00226232 0.00240826 0.00255224 0.00276004 0.00293899 0.00313906 0.00337565 0.00360638 0.00387583 0.00415536 0.00448397 0.00485765 0.00525161 0.00574841 0.00630499 0.00695186 0.00773123 0.00863 0.00972231 0.0109864 0.0124776 0.0142245 0.0162169 0.0185052 0.0210174 0.0237702 0.026698 0.0297013 0.0326787 0.03545 0.0379267 0.0398731 0.0411081 0.0414419 0.0407316 0.0388877 0.035746 0.0313098 0.0255786 0.0187184 0.0108514 0.00217536 -0.00703219 -0.0164592 -0.0256989 -0.0344611 -0.0423741 -0.0491992 -0.0546326 -0.0585303 -0.0607794 -0.0613969 -0.0604724 -0.0581488 -0.0546838 -0.0503158 -0.0453905 -0.0401353 -0.0348521 -0.0296857 -0.0248571 -0.0204385 -0.0165654 -0.0132325 -0.0104746 -0.00821981 -0.00643419 -0.00502973 -0.00395462 -0.0031415 -0.00254193 -0.0021133 -0.00181112 -0.00161239 -0.00147679 -0.0013978 -0.00134053 -0.00131078 -0.00127765 -0.00125222 -0.00120369 -0.00114011 -0.00102671 -0.000861075 -0.00060246 -0.000233374 0.000291901 0.00100892 0.00196788 0.00322793 0.00484494 0.00690212 0.00944586 0.012554 0.0162154 0.0204504 0.0251502 0.0302593 0.03558 0.0409881 0.046202 0.051014 0.055078 0.0581543 0.0599504 0.060301 0.0590586 0.0561689 0.0516744 0.0456784 0.0384316 0.0301451 0.0211578 0.0117277 0.00225795 -0.00693899 -0.0155329 -0.0233098 -0.0300986 -0.0357089 -0.0400703 -0.0431133 -0.044959 -0.0456509 -0.0453208 -0.0440989 -0.0421679 -0.0397549 -0.0369713 -0.0340166 -0.0309911 -0.0280491 -0.0252652 -0.0226717 -0.0203483 -0.0182599 -0.0164559 -0.0148932 -0.0135482 -0.0124203 -0.0114453 -0.010651 -0.00995722 -0.00935855 -0.00887492 -0.00843114 -0.00805541 -0.00771794 -0.00742619 -0.00717748 -0.00691976 -0.00673004 -0.00655004 -0.00635099 -0.00621645 -0.00607371 -0.00592834 -0.00580732 -0.00568329 -0.00559431 -0.00549488 -0.00539907 -0.00533881 -0.00524732 -0.00518415 -0.00514274 -0.00506138 -0.00501487 -0.00496324 -0.00490322 -0.00490541 -0.00486632 -0.00481726 -0.00482507 -0.00477178 -0.00473543 -0.00476909 -0.00473639 
0 9.5943e-05 0.000159851 0.000270193 0.000380293 0.000446024 0.000554106 0.000659761 0.000717411 0.000833746 0.000961045 0.00102661 0.00114164 0.00128209 0.00137153 0.00148501 0.00161383 0.00173446 0.00187701 0.00200394 0.00214478 0.00231866 0.00247959 0.00264715 0.00282499 0.00302816 0.00324278 0.00344482 0.00370656 0.00398561 0.00426154 0.00460605 0.00498444 0.00540134 0.00587311 0.00643227 0.00709338 0.00782692 0.00872312 0.00979198 0.0110325 0.0124921 0.0141931 0.0161805 0.0184091 0.0209011 0.023643 0.0265663 0.0296095 0.0326413 0.0355729 0.0382234 0.0404409 0.0420436 0.042841 0.0426979 0.041462 0.0390722 0.0354243 0.0305327 0.0244505 0.0173144 0.00928326 0.000522708 -0.00869299 -0.0180809 -0.0272705 -0.0359879 -0.0439198 -0.0508205 -0.0564159 -0.0605163 -0.0630132 -0.0638879 -0.0632271 -0.0611428 -0.0578618 -0.0536019 -0.0486831 -0.0433528 -0.037906 -0.0325265 -0.0274268 -0.0227195 -0.0185321 -0.0149007 -0.0118535 -0.00935022 -0.00734362 -0.00576195 -0.00453617 -0.00360639 -0.00291012 -0.00240898 -0.00204916 -0.00180939 -0.00164323 -0.00154357 -0.00147159 -0.00143122 -0.00138906 -0.00135386 -0.0012926 -0.00121101 -0.00107109 -0.000868918 -0.000558753 -0.000123479 0.000490307 0.00131554 0.00241454 0.0038413 0.00566769 0.00796449 0.0107912 0.0141982 0.0181802 0.022718 0.0277093 0.033058 0.0385752 0.0440947 0.0493409 0.0540766 0.057979 0.0608196 0.0623444 0.0624165 0.060902 0.057778 0.0530887 0.0469845 0.0396968 0.031455 0.0225411 0.0132038 0.00379563 -0.00539671 -0.0140662 -0.0220277 -0.029087 -0.0350886 -0.0399189 -0.0435136 -0.0459175 -0.0471519 -0.0473371 -0.0465665 -0.0450165 -0.0428429 -0.0402166 -0.0373252 -0.034282 -0.0312372 -0.0282713 -0.0255029 -0.0229576 -0.0206409 -0.018601 -0.0168222 -0.0152991 -0.0139629 -0.0128353 -0.0119029 -0.0110845 -0.0103912 -0.00980372 -0.00931651 -0.00887564 -0.00848289 -0.00817747 -0.00787537 -0.0076 -0.00737541 -0.00716047 -0.00696185 -0.00677133 -0.0066203 -0.00648257 -0.00633106 -0.00621592 -0.00610069 -0.00599683 -0.00591667 -0.0057968 -0.00571258 -0.00567131 -0.00557546 -0.00550019 -0.00547746 -0.00542199 -0.00536147 -0.00532865 -0.00528704 -0.00524606 -0.00522536 -0.00521063 -0.00519221 -0.00517283 -0.00516011 
0 9.06775e-05 0.000202018 0.000291171 0.000392592 0.000505203 0.000593176 0.000699682 0.000809597 0.000908527 0.00102881 0.00113942 0.0012525 0.00137153 0.0014797 0.00163511 0.00177853 0.00188215 0.0020386 0.00219731 0.00235271 0.00253108 0.00269076 0.00289027 0.00310079 0.00330641 0.00355243 0.00378861 0.00407384 0.00438641 0.0046928 0.00508709 0.00550923 0.00597935 0.00653682 0.0071765 0.00794612 0.00880327 0.00984449 0.0110915 0.0125052 0.0141746 0.0160978 0.0183127 0.0207643 0.0234471 0.0263809 0.0294283 0.0325224 0.035521 0.0383305 0.0407753 0.0426457 0.0438205 0.0441147 0.0434373 0.0416375 0.0386754 0.0345305 0.0292195 0.0228478 0.0155069 0.00739535 -0.00134415 -0.0104505 -0.019674 -0.0287083 -0.0372809 -0.0451506 -0.0520468 -0.0577505 -0.0620196 -0.0647635 -0.0659162 -0.0655584 -0.0637707 -0.0607368 -0.0566613 -0.0518151 -0.0464804 -0.040919 -0.035379 -0.0300379 -0.0250754 -0.0205838 -0.0166662 -0.0133214 -0.010566 -0.00832201 -0.00655473 -0.00516331 -0.00410969 -0.00330577 -0.00272664 -0.00230158 -0.00201659 -0.00181493 -0.00169162 -0.00160195 -0.00154869 -0.0014952 -0.00144773 -0.00137053 -0.00126718 -0.00109528 -0.000851035 -0.000480814 2.80499e-05 0.000742478 0.00168555 0.0029412 0.00454645 0.00660168 0.00914687 0.0122699 0.0159699 0.020268 0.0250802 0.0303368 0.0358749 0.0415409 0.0470999 0.0523094 0.0568841 0.0605521 0.0630844 0.0642824 0.0640328 0.0622248 0.0588754 0.0540253 0.0478769 0.040618 0.0325105 0.0237662 0.0146461 0.00542567 -0.00363591 -0.0122744 -0.0203229 -0.0275635 -0.0338847 -0.0391373 -0.0432757 -0.046252 -0.0480711 -0.0488274 -0.0485907 -0.0475172 -0.0456892 -0.0433202 -0.040578 -0.0376001 -0.0345195 -0.0314271 -0.0285025 -0.0257492 -0.0232128 -0.0209306 -0.018919 -0.0171919 -0.0156506 -0.0143536 -0.0132624 -0.0123169 -0.0115209 -0.0108252 -0.0102643 -0.00975536 -0.00930219 -0.00894433 -0.00859431 -0.0082988 -0.0080321 -0.0077835 -0.00758632 -0.0073753 -0.00719681 -0.00703675 -0.00687819 -0.00676658 -0.00662063 -0.00648388 -0.00640406 -0.00630375 -0.00621109 -0.00612382 -0.00604062 -0.00599204 -0.00592122 -0.00585943 -0.00582424 -0.00575792 -0.00571908 -0.00570144 -0.00565383 -0.00563844 -0.00562735 -0.00558995 -0.00559068 
0 9.23338e-05 0.000247645 0.000322359 0.000400703 0.000551464 0.000638569 0.000742114 0.000906404 0.000996064 0.00109192 0.00124447 0.00135728 0.00148501 0.00163511 0.00175382 0.0019025 0.00206861 0.00222103 0.00239434 0.00256388 0.00273735 0.00294027 0.00314794 0.00337118 0.00360901 0.00386547 0.00416017 0.00446182 0.00479483 0.00518078 0.00559676 0.00607974 0.00662825 0.00726061 0.00801615 0.00887765 0.00989792 0.0111038 0.0125121 0.0141507 0.0160222 0.0181908 0.020619 0.0232749 0.026159 0.0292079 0.032344 0.0354029 0.0383002 0.0409044 0.0430213 0.0444833 0.0451262 0.0448819 0.0436058 0.0412231 0.0377007 0.033074 0.0274243 0.0208056 0.0133707 0.0052475 -0.0033489 -0.0122427 -0.0211956 -0.0299708 -0.0383355 -0.0460465 -0.0528993 -0.0586329 -0.0630714 -0.0660392 -0.067512 -0.0674819 -0.0660486 -0.0633215 -0.0594942 -0.0548015 -0.0495139 -0.0439155 -0.0382415 -0.0327225 -0.0275078 -0.0227573 -0.0185349 -0.0149177 -0.0118763 -0.00940647 -0.0074167 -0.00586735 -0.00465795 -0.00375395 -0.00307102 -0.00258819 -0.00223725 -0.00200759 -0.00184392 -0.0017444 -0.00166409 -0.00160732 -0.00153388 -0.00144855 -0.001308 -0.00111149 -0.000806368 -0.000383335 0.000222453 0.00103024 0.00212033 0.00352552 0.00534416 0.00761845 0.0104462 0.0138438 0.0178578 0.0224294 0.0275166 0.0329763 0.0386819 0.0444176 0.0499692 0.0550551 0.0594079 0.0627718 0.0649398 0.0657745 0.065159 0.0630656 0.0594819 0.0545398 0.0483804 0.0412474 0.0333271 0.0248573 0.0160451 0.00712332 -0.00169026 -0.0102141 -0.0182342 -0.025603 -0.0321448 -0.0377908 -0.0424244 -0.0459784 -0.0484138 -0.0497682 -0.0501471 -0.0495939 -0.0482355 -0.0462006 -0.0437003 -0.040869 -0.037813 -0.0346941 -0.0316232 -0.0287119 -0.0259698 -0.0234597 -0.0212279 -0.0192487 -0.0175282 -0.0160277 -0.0147544 -0.0136716 -0.0127346 -0.0119489 -0.0112654 -0.0106865 -0.0101883 -0.00973672 -0.00935941 -0.009025 -0.00872065 -0.0084525 -0.0082087 -0.00800148 -0.00780048 -0.00760875 -0.00744968 -0.00728683 -0.00714897 -0.00703595 -0.00689793 -0.00679498 -0.00671235 -0.00660215 -0.00653971 -0.00647441 -0.00636066 -0.00631062 -0.00627925 -0.00620718 -0.00617969 -0.00615427 -0.00609219 -0.00607011 -0.00605495 -0.00602216 -0.00602582 
0 0.000111728 0.000215796 0.000339563 0.000476103 0.000588746 0.000700586 0.000828741 0.000937357 0.00105315 0.0012092 0.00134641 0.00145907 0.00161383 0.00177853 0.0019025 0.00205228 0.00224181 0.00240359 0.00257315 0.00277939 0.00298122 0.00319632 0.00343041 0.00366783 0.00392447 0.00421303 0.00453186 0.00486042 0.00524113 0.00568929 0.00616035 0.00670873 0.00735242 0.00808698 0.00894199 0.00993506 0.0111244 0.0124987 0.0140935 0.0159529 0.0180616 0.0204555 0.0230872 0.0259459 0.028983 0.03211 0.035243 0.0382084 0.0409212 0.0432125 0.0449176 0.0458732 0.045946 0.0450966 0.0431968 0.0402263 0.0361664 0.0311217 0.0251772 0.0184037 0.010942 0.00291609 -0.00544959 -0.0140328 -0.0226241 -0.0310705 -0.0391445 -0.0466489 -0.0533818 -0.0591164 -0.0636816 -0.0668839 -0.0686823 -0.0690161 -0.0679745 -0.0656031 -0.0620896 -0.0576084 -0.052445 -0.0468562 -0.0411139 -0.0354424 -0.0300238 -0.0250201 -0.0205212 -0.0166182 -0.0133001 -0.01058 -0.00836738 -0.00663526 -0.00526834 -0.00424416 -0.00345659 -0.0029006 -0.0024836 -0.00221422 -0.00201082 -0.00189243 -0.00178633 -0.00171845 -0.00162026 -0.00151829 -0.00134105 -0.00110912 -0.0007427 -0.000252696 0.00045131 0.00137109 0.00261067 0.00418918 0.00622342 0.00874176 0.0118463 0.0155341 0.019838 0.0246807 0.0299975 0.0356381 0.0414466 0.0472084 0.0526726 0.057577 0.0616345 0.0646442 0.066402 0.0668366 0.0658391 0.0634438 0.0596561 0.0546439 0.0485447 0.0415809 0.0339298 0.0257933 0.0173779 0.00883955 0.000364692 -0.00793843 -0.0158522 -0.0232493 -0.0299594 -0.0359149 -0.0410023 -0.0451005 -0.0481586 -0.0501498 -0.0511654 -0.0512079 -0.0503825 -0.0487962 -0.0466187 -0.0440108 -0.0410762 -0.0379949 -0.0348609 -0.0318106 -0.0289061 -0.0261988 -0.0237409 -0.0215211 -0.0195864 -0.0178873 -0.0164062 -0.0151452 -0.0140676 -0.013154 -0.01235 -0.0116818 -0.0111212 -0.0106056 -0.0101691 -0.0097959 -0.00945699 -0.00914538 -0.00887048 -0.00863094 -0.00839817 -0.00820354 -0.00802977 -0.00784177 -0.00769948 -0.00758318 -0.00743265 -0.00730171 -0.0072163 -0.00711198 -0.0069949 -0.00692752 -0.00687388 -0.00679311 -0.00673156 -0.00668486 -0.00662223 -0.00657864 -0.00655547 -0.00652182 -0.0064957 -0.00648305 -0.00646209 
0 0.000136737 0.000237375 0.000372517 0.00050868 0.000613574 0.000755913 0.000896098 0.00100957 0.00115955 0.00130097 0.00143101 0.00159397 0.00173446 0.00188215 0.00206861 0.00224181 0.00241846 0.00259093 0.00278179 0.00301863 0.00322177 0.00344148 0.00371582 0.0039744 0.00426599 0.00459385 0.00493384 0.00531641 0.00574164 0.006236 0.00677596 0.00739061 0.00814443 0.00898904 0.00996577 0.011135 0.0124983 0.0140717 0.0158716 0.0179573 0.0203087 0.0228906 0.0257157 0.0287313 0.0318648 0.0350057 0.0380451 0.0408618 0.0432899 0.0451892 0.0463989 0.0467875 0.0462634 0.0447582 0.0422395 0.0386805 0.0341434 0.0287308 0.02255 0.0156984 0.00827702 0.000454568 -0.00761918 -0.0157984 -0.0239778 -0.0320178 -0.0397466 -0.0469853 -0.0535398 -0.0592416 -0.0638883 -0.067332 -0.0694399 -0.0701754 -0.0695318 -0.0675733 -0.0644075 -0.060211 -0.0552255 -0.0497124 -0.0439527 -0.0381712 -0.0325889 -0.0273501 -0.0226024 -0.0184076 -0.0148271 -0.0118326 -0.00940476 -0.00745883 -0.00594336 -0.00476843 -0.0038887 -0.00323091 -0.00276289 -0.00242685 -0.0022005 -0.00203765 -0.00192347 -0.00181937 -0.00171395 -0.00156938 -0.0013716 -0.00107644 -0.000662756 -7.56811e-05 0.00071541 0.00178 0.00316188 0.00494849 0.00719347 0.00998627 0.0133573 0.0173495 0.0219193 0.0270235 0.0325315 0.0383181 0.0441779 0.0499041 0.0552211 0.0598686 0.0635857 0.0661774 0.0675077 0.0674949 0.0661202 0.0633998 0.0594409 0.0543727 0.0483847 0.0416319 0.0343019 0.0265625 0.0185906 0.0105183 0.00243976 -0.00552988 -0.0132601 -0.0205828 -0.0273898 -0.0335737 -0.0390303 -0.0436314 -0.0472753 -0.0499336 -0.0515936 -0.0522884 -0.0520649 -0.0510211 -0.0492799 -0.0469717 -0.0442672 -0.0412953 -0.0381811 -0.0350424 -0.0319953 -0.0291266 -0.0264398 -0.0239924 -0.0218237 -0.0199134 -0.018235 -0.0167701 -0.0155451 -0.0144878 -0.0135563 -0.0127846 -0.0121193 -0.011539 -0.0110289 -0.0105899 -0.010216 -0.00985735 -0.0095636 -0.00930372 -0.00903175 -0.00882151 -0.00863305 -0.0084391 -0.00826321 -0.00809631 -0.00797437 -0.00785058 -0.00771088 -0.00761671 -0.00751645 -0.00742079 -0.00735897 -0.0072691 -0.00719454 -0.00715326 -0.00708762 -0.00704167 -0.0070204 -0.00697529 -0.00694455 -0.00693692 -0.00691152 
