0 0 0 0 0 0 0 0 0 0 0 0 0 0 0 0 0 0 0 0 0 0 0 0 0 0 0 0 0 0 0 0 0 0 0 0 0 0 0 0 0 0 0 0 0 0 0 0 0 0 0 0 0 0 0 0 0 0 0 0 0 0 0 0 0 0 0 0 0 0 0 0 0 0 0 0 0 0 0 0 0 0 0 0 0 0 0 0 0 0 0 0 0 0 0 0 0 0 0 0 0 0 0 0 0 0 0 0 0 0 0 0 0 0 0 0 0 0 0 0 0 0 0 0 0 0 0 0 0 0 0 0 0 0 0 0 0 0 0 0 0 0 0 0 0 0 0 0 0 0 0 0 0 0 0 0 0 0 0 0 0 0 0 0 0 0 0 0 0 0 0 0 0 0 0 0 0 0 0 0 0 0 0 0 0 0 0 0 0 0 0 0 0 0 0 0 0 0 0 0 
0 1.26213e-05 7.03082e-06 2.12274e-05 2.37237e-05 1.63857e-05 2.78312e-05 3.26807e-05 4.73727e-05 5.86953e-05 5.01114e-05 6.25144e-05 6.0461e-05 5.1172e-05 8.51504e-05 9.83147e-05 8.28788e-05 8.88858e-05 0.000108808 0.00012512 0.000114176 0.000112441 0.000138385 0.000139713 0.000146694 0.000169419 0.000169963 0.000181343 0.000202833 0.00020462 0.000210693 0.000230646 0.000243595 0.000251693 0.000269656 0.000297983 0.000313534 0.000326174 0.000365139 0.000388217 0.000404317 0.00044064 0.000477871 0.000517857 0.00054835 0.000613423 0.000687543 0.000752021 0.000852322 0.000972679 0.00113355 0.00129631 0.00150898 0.00178104 0.00207979 0.00242252 0.00278061 0.00320089 0.00360238 0.00397634 0.00428246 0.00450286 0.00460741 0.00450631 0.00421622 0.00368672 0.00298205 0.00205467 0.000969573 -0.000246343 -0.00149417 -0.00269716 -0.00381331 -0.00476543 -0.00554806 -0.00606538 -0.00635546 -0.00636694 -0.00620014 -0.00583881 -0.00538104 -0.0048117 -0.00420897 -0.00357614 -0.00297582 -0.00242249 -0.00194102 -0.00153883 -0.00120118 -0.000937204 -0.000712452 -0.000549748 -0.000406099 -0.000316687 -0.000231308 -0.000192618 -0.000144846 -0.000136011 -0.000107771 -0.000112239 -9.03763e-05 -9.61887e-05 -7.04069e-05 -6.61383e-05 -2.41571e-05 5.69215e-06 8.11432e-05 0.000156886 0.000286295 0.000430098 0.000635377 0.000873436 0.00118481 0.0015549 0.0020097 0.00253923 0.00313406 0.00377584 0.00441391 0.00503577 0.00557133 0.00602881 0.00631774 0.00644787 0.00631167 0.0059452 0.00529026 0.0044388 0.00338207 0.00220571 0.00092971 -0.000359134 -0.00157313 -0.00265429 -0.00353253 -0.00423758 -0.00470302 -0.00496917 -0.00499475 -0.00487426 -0.00462718 -0.00429665 -0.00390299 -0.00346804 -0.00307415 -0.00269152 -0.00235553 -0.00203265 -0.00177795 -0.00157456 -0.00138913 -0.00123946 -0.00111172 -0.00103395 -0.000944098 -0.000867351 -0.000818435 -0.00077233 -0.000729019 -0.000678495 -0.000659362 -0.000633763 -0.000594988 -0.000579881 -0.000566537 -0.000546249 -0.00052442 -0.000516435 -0.000507162 -0.000480584 -0.000469828 -0.000466291 -0.000443192 -0.00043407 -0.000433658 -0.000415382 -0.000415259 -0.000420098 -0.000401592 -0.000386924 -0.000390115 -0.000399 -0.000374675 -0.000349635 -0.000371264 -0.000374767 -0.000362638 -0.000364041 -0.000350286 -0.000351996 -0.00035042 -0.000337134 -0.000355903 -0.000343701 -0.000325412 -0.00035542 -0.000340395 -0.000323785 -0.000353125 -0.000332928 
0 7.03082e-06 1.34954e-05 3.12548e-05 4.1251e-05 5.32584e-05 7.5142e-05 7.61193e-05 7.17239e-05 8.85092e-05 0.000106753 0.000112822 0.000136904 0.000165214 0.000143115 0.0001462 0.000196762 0.000192775 0.000196987 0.000224007 0.000224195 0.000267879 0.000283575 0.000271382 0.000312303 0.000323498 0.000336052 0.000358907 0.000377728 0.000418606 0.000421476 0.000465688 0.000507539 0.000505245 0.000562634 0.000592037 0.000621419 0.000661101 0.000703377 0.000775134 0.000797865 0.000877492 0.000964307 0.0010292 0.00112982 0.00123399 0.00139515 0.00152852 0.00171755 0.0019762 0.00226234 0.00262035 0.00302574 0.00357349 0.00417116 0.00484306 0.00558675 0.00638651 0.00720991 0.00792379 0.00854723 0.00896578 0.00915185 0.00895356 0.00834528 0.00731714 0.00587319 0.00405725 0.00187254 -0.000511743 -0.00300029 -0.00538033 -0.00759484 -0.0094944 -0.0110269 -0.0120793 -0.0126302 -0.012696 -0.0123383 -0.011663 -0.0107222 -0.00962608 -0.00840082 -0.00717137 -0.00595686 -0.00487284 -0.00389824 -0.00310146 -0.00241902 -0.00188872 -0.00143965 -0.00110559 -0.000825656 -0.000633107 -0.000474712 -0.000379755 -0.000300194 -0.000262654 -0.000224657 -0.000212717 -0.00018867 -0.000179334 -0.000147216 -0.000118505 -5.24315e-05 2.54676e-05 0.000161123 0.000327302 0.000574738 0.000872266 0.00127727 0.00175764 0.00238205 0.00311782 0.00403397 0.00507418 0.00627213 0.00752175 0.00881156 0.0100135 0.0111062 0.0119737 0.0125743 0.0127872 0.012544 0.0117861 0.0105163 0.00881354 0.00673123 0.00439991 0.00187011 -0.000658528 -0.00308291 -0.00519877 -0.00698167 -0.0083528 -0.00931344 -0.00982955 -0.00991706 -0.00969431 -0.00920977 -0.00858261 -0.00778895 -0.00697175 -0.00616194 -0.00542484 -0.0047402 -0.0041043 -0.00360047 -0.00316023 -0.002812 -0.00248076 -0.00224188 -0.00206042 -0.00187852 -0.00174477 -0.00161912 -0.00155435 -0.00145293 -0.00137262 -0.00133565 -0.00126643 -0.00122153 -0.00115996 -0.00113775 -0.0010948 -0.00103353 -0.00103432 -0.00098903 -0.000959989 -0.000947482 -0.000922003 -0.000910661 -0.000872597 -0.000875986 -0.000857807 -0.000809473 -0.000820353 -0.00079974 -0.00078488 -0.000786871 -0.000747856 -0.000757914 -0.000775096 -0.000740702 -0.000717875 -0.000716023 -0.000719565 -0.000707512 -0.000700789 -0.000711679 -0.000691736 -0.000680803 -0.000697458 -0.000684144 -0.000672053 -0.000682156 -0.000677074 -0.00066742 -0.000674247 
0 2.12274e-05 3.12548e-05 4.76095e-05 6.17182e-05 7.30802e-05 9.29336e-05 0.000109966 0.000127538 0.000148144 0.000161901 0.000174158 0.000190661 0.000211101 0.000230668 0.000252519 0.000274873 0.000287005 0.000312033 0.000341079 0.000350429 0.000376613 0.00040618 0.000422928 0.000458418 0.000489626 0.000514045 0.000548046 0.000583492 0.000618316 0.000645873 0.000691913 0.000738828 0.000770238 0.000829064 0.000888127 0.000939097 0.00100191 0.00107668 0.00115823 0.0012273 0.00132639 0.00144443 0.0015562 0.00169518 0.001869 0.00208323 0.00231571 0.00260844 0.0029906 0.00343995 0.003976 0.00462124 0.00541505 0.00632065 0.00732337 0.00842951 0.00960739 0.0107863 0.0118468 0.0127277 0.0133298 0.0135414 0.0132226 0.0122953 0.0107516 0.00859879 0.00588257 0.00266967 -0.0008606 -0.00450692 -0.00804077 -0.0112962 -0.0141146 -0.0163621 -0.017925 -0.0187476 -0.0188644 -0.0183596 -0.0173668 -0.0159923 -0.0143612 -0.0125662 -0.0107332 -0.00895241 -0.00732421 -0.00588822 -0.00467579 -0.00366745 -0.00285077 -0.00219067 -0.0016706 -0.00126393 -0.000958013 -0.000732279 -0.00057391 -0.000465361 -0.000394427 -0.000347932 -0.00031642 -0.000290728 -0.000263123 -0.000224961 -0.000167179 -7.77674e-05 5.53765e-05 0.000248722 0.000515682 0.000875647 0.00134161 0.0019379 0.00268129 0.00360631 0.00473149 0.00608541 0.00765364 0.00941316 0.0112794 0.0131697 0.0149607 0.0165597 0.0178421 0.0187031 0.0189981 0.0186195 0.0174888 0.0156217 0.0130963 0.0100314 0.00656688 0.00285511 -0.000887978 -0.00444636 -0.00760397 -0.0102517 -0.0123094 -0.0137482 -0.0145381 -0.0147248 -0.0144212 -0.0137486 -0.0128136 -0.0116812 -0.0104753 -0.00928547 -0.00817726 -0.00714934 -0.00622467 -0.00544498 -0.00479336 -0.0042474 -0.00377509 -0.00340631 -0.00311294 -0.00285667 -0.00263989 -0.00246462 -0.00233072 -0.00219182 -0.00207481 -0.00198825 -0.00190208 -0.00182113 -0.00174883 -0.00170027 -0.00164022 -0.00158055 -0.00154684 -0.00150009 -0.00145461 -0.00141872 -0.0013866 -0.0013523 -0.00131538 -0.00129801 -0.00127075 -0.00124243 -0.00123284 -0.00120542 -0.00118278 -0.00117428 -0.00115292 -0.00113248 -0.00111809 -0.00110727 -0.00109769 -0.00108792 -0.00107999 -0.00106483 -0.00105531 -0.00105191 -0.00103998 -0.00103568 -0.00103242 -0.00102292 -0.00102232 -0.00101794 -0.00101459 -0.00101821 -0.001009 
0 2.37237e-05 4.1251e-05 6.17182e-05 8.63687e-05 0.000103963 0.000118522 0.000143153 0.000175408 0.000195625 0.000209622 0.000243059 0.000260422 0.000264161 0.000317505 0.000352596 0.00034607 0.000386137 0.000422926 0.000445919 0.000485038 0.000494796 0.0005363 0.000585717 0.000601166 0.000653571 0.000689117 0.000728884 0.000785754 0.000812955 0.000879575 0.000926209 0.000974308 0.00105464 0.00110061 0.00118705 0.00126052 0.00133989 0.00144889 0.00153089 0.00166316 0.00178115 0.00192757 0.00210426 0.0022823 0.00253596 0.00279673 0.00314178 0.00354757 0.00404377 0.00466738 0.00538174 0.00628199 0.00730957 0.00851979 0.0098549 0.0113072 0.0128439 0.0143322 0.0157171 0.0168106 0.0175547 0.0177394 0.0172648 0.0160088 0.0139401 0.0110946 0.00749289 0.00331265 -0.00130481 -0.0060305 -0.0106622 -0.0149003 -0.0185889 -0.0215119 -0.023559 -0.0246601 -0.0248413 -0.024229 -0.0229411 -0.0211738 -0.0190281 -0.0167049 -0.0142887 -0.0119756 -0.00981153 -0.0079287 -0.00629413 -0.0049608 -0.00384747 -0.00297412 -0.0022606 -0.00172463 -0.00130035 -0.00100378 -0.00077847 -0.000636886 -0.000530586 -0.000471789 -0.000420015 -0.000389174 -0.000342888 -0.000295046 -0.000206967 -9.03569e-05 0.000100483 0.000354869 0.000726118 0.00120081 0.00184056 0.00262994 0.00364481 0.00487059 0.00639196 0.00817229 0.0102615 0.0125503 0.0150109 0.0174578 0.0198137 0.0218748 0.0235466 0.0246216 0.0249771 0.0244421 0.022956 0.0205229 0.0172253 0.0132356 0.00869991 0.00388994 -0.000992695 -0.00560393 -0.00976691 -0.013245 -0.0159874 -0.0178988 -0.0189909 -0.0193234 -0.0189916 -0.0181846 -0.0169764 -0.0155635 -0.0140032 -0.0124689 -0.0109937 -0.00963418 -0.00843243 -0.00736668 -0.00649725 -0.00573203 -0.00512406 -0.00460701 -0.00418696 -0.00385296 -0.00354734 -0.00332746 -0.00310801 -0.00294468 -0.00279466 -0.00265207 -0.00255466 -0.0024325 -0.00235602 -0.00226524 -0.00218578 -0.00213353 -0.00204816 -0.00200719 -0.00194723 -0.00189037 -0.00185701 -0.00179791 -0.00177467 -0.00172844 -0.00168667 -0.00168012 -0.00163414 -0.0016093 -0.00158388 -0.00155111 -0.00155593 -0.00151655 -0.00147623 -0.00148586 -0.00147394 -0.00145054 -0.00143396 -0.0014225 -0.00141556 -0.00139405 -0.00139069 -0.0013941 -0.00136722 -0.00136389 -0.00137681 -0.00135382 -0.00134654 -0.00136345 -0.00134737 
0 1.63857e-05 5.32584e-05 7.30802e-05 0.000103963 0.000138432 0.000159102 0.000192067 0.000204614 0.000224494 0.000272866 0.000292553 0.000331162 0.000380139 0.000379808 0.000402638 0.000455911 0.000496859 0.000520712 0.000539532 0.000602697 0.000652799 0.000672545 0.000729162 0.000768061 0.000804248 0.000869047 0.000913046 0.0009645 0.00103206 0.00110203 0.00116567 0.00123291 0.0013251 0.00140055 0.00147959 0.00158632 0.00169328 0.00180158 0.00192958 0.00208883 0.00224954 0.0024303 0.00265521 0.00291612 0.00321156 0.0035619 0.00400761 0.00453476 0.0051696 0.00594223 0.00688548 0.00800571 0.00929693 0.0107899 0.0124485 0.014242 0.0160726 0.0178634 0.0194839 0.0207723 0.0215684 0.0216859 0.0210087 0.0193941 0.0168175 0.013265 0.00885296 0.00373384 -0.00184744 -0.00759631 -0.0132139 -0.0183798 -0.0228614 -0.0264116 -0.0289216 -0.0302872 -0.0305777 -0.029868 -0.0283578 -0.0262052 -0.0236226 -0.0207761 -0.0178519 -0.0150042 -0.012359 -0.01001 -0.00798246 -0.00629565 -0.00490088 -0.00378928 -0.00289216 -0.00220872 -0.00167179 -0.00129135 -0.00100112 -0.000817468 -0.00067576 -0.000598817 -0.000526029 -0.00048572 -0.000419776 -0.00035721 -0.000238014 -8.65926e-05 0.000161411 0.000487906 0.000959778 0.0015647 0.00237077 0.00337532 0.00465003 0.00620382 0.00809837 0.010326 0.0128881 0.0157093 0.0186909 0.021687 0.0245267 0.0270404 0.029021 0.0302961 0.0306491 0.0299634 0.0281203 0.0251674 0.0211605 0.0163085 0.0108077 0.0049685 -0.000919889 -0.00653412 -0.0116016 -0.0159096 -0.019293 -0.0217037 -0.02312 -0.0236464 -0.0233681 -0.0224611 -0.021076 -0.0193987 -0.0175713 -0.0156989 -0.0138935 -0.0122146 -0.0107248 -0.00940252 -0.00826566 -0.00731043 -0.006523 -0.00586574 -0.00530823 -0.00486593 -0.00450184 -0.00419077 -0.00392018 -0.00370666 -0.00352499 -0.00334816 -0.00319918 -0.00307695 -0.00296067 -0.0028388 -0.00274762 -0.00266606 -0.00257286 -0.00249916 -0.00243928 -0.00238083 -0.00231302 -0.00226859 -0.00222808 -0.00216565 -0.0021342 -0.00208878 -0.00203334 -0.00201831 -0.00199103 -0.00194733 -0.00191015 -0.00190558 -0.00190497 -0.00185039 -0.00182154 -0.00181793 -0.00178872 -0.00178529 -0.00177179 -0.00174928 -0.00175088 -0.00172517 -0.00172053 -0.00172857 -0.00169379 -0.00170066 -0.00170734 -0.0016723 -0.00169466 
0 2.78312e-05 7.5142e-05 9.29336e-05 0.000118522 0.000159102 0.000180803 0.000221989 0.000264164 0.000289006 0.000329028 0.000356873 0.000380459 0.000426734 0.000469476 0.000510015 0.00054909 0.000587394 0.000631387 0.000673216 0.000724072 0.00076335 0.000802882 0.000875412 0.00092746 0.000974677 0.00105283 0.00111341 0.00117027 0.00124858 0.00132675 0.00139705 0.00148119 0.00158983 0.00168567 0.00178557 0.00192191 0.00205714 0.00218711 0.00234852 0.0025404 0.00273491 0.00295107 0.0032287 0.00355388 0.00391362 0.00435503 0.00491376 0.00557806 0.00636187 0.00731814 0.00848565 0.0098458 0.0113988 0.0131699 0.0151371 0.0172236 0.0193194 0.0213388 0.023141 0.0245371 0.0253166 0.0253039 0.0243678 0.0223789 0.0192757 0.0150624 0.00987856 0.00392124 -0.0025362 -0.00918905 -0.0156905 -0.0216874 -0.0268753 -0.0310035 -0.0339308 -0.0355759 -0.0359803 -0.0352347 -0.0335311 -0.0310662 -0.0280805 -0.0247804 -0.0213802 -0.0180506 -0.0149416 -0.0121503 -0.00972957 -0.00769069 -0.00600844 -0.00465106 -0.00356771 -0.00272636 -0.00207828 -0.00160118 -0.0012503 -0.00101022 -0.000839672 -0.000729824 -0.000644187 -0.000579507 -0.000502082 -0.000409336 -0.000265515 -6.33274e-05 0.000237887 0.000651898 0.00122332 0.00197243 0.00294797 0.00418 0.00572235 0.00761046 0.00988304 0.0125446 0.0155677 0.0188778 0.0223501 0.0258295 0.0291164 0.0320077 0.0342616 0.0356647 0.035997 0.0351246 0.0329533 0.029508 0.0248689 0.0192366 0.0128736 0.00612047 -0.000674453 -0.00718056 -0.0130941 -0.0181656 -0.0221915 -0.0250964 -0.0268847 -0.0276508 -0.0274934 -0.0265656 -0.0250636 -0.0231973 -0.0211342 -0.0189808 -0.0168632 -0.0148864 -0.0131121 -0.0115284 -0.0101392 -0.00897232 -0.00800908 -0.00719615 -0.00650363 -0.00594718 -0.00549956 -0.00510568 -0.00476393 -0.00449345 -0.00426447 -0.00404414 -0.00385321 -0.0037068 -0.0035653 -0.00342145 -0.00331378 -0.00321857 -0.00311232 -0.00301912 -0.00294623 -0.00286888 -0.00278293 -0.00272671 -0.00267045 -0.00259736 -0.00255809 -0.00251958 -0.00246476 -0.00242531 -0.00239066 -0.00235611 -0.00231711 -0.00228227 -0.00225148 -0.00221974 -0.00221146 -0.00219127 -0.00215697 -0.00214884 -0.00212463 -0.00210208 -0.00210302 -0.00207773 -0.00206646 -0.00206762 -0.00204148 -0.00204706 -0.0020528 -0.00202607 -0.00203331 
0 3.26807e-05 7.61193e-05 0.000109966 0.000143153 0.000192067 0.000221989 0.000247785 0.000306369 0.000341614 0.000366566 0.000432432 0.000464714 0.000484405 0.000557568 0.000603138 0.000629754 0.000685953 0.000735143 0.000797136 0.000850749 0.000888204 0.000962482 0.00102603 0.00107954 0.00115288 0.00121988 0.00130103 0.00137758 0.0014589 0.00156252 0.00164509 0.00175101 0.00187286 0.00197859 0.00211098 0.00225505 0.00241199 0.00257745 0.00276378 0.00299678 0.00322995 0.00350313 0.00384282 0.00422877 0.00468139 0.00521796 0.00589675 0.00670024 0.00764433 0.00880185 0.0101793 0.0117881 0.013598 0.015644 0.0178911 0.0202278 0.0225563 0.0247399 0.0266618 0.0280745 0.0287726 0.0285659 0.0273208 0.0249289 0.0212889 0.0164592 0.0105575 0.00386133 -0.00337998 -0.010813 -0.0180885 -0.0248057 -0.0306151 -0.0352646 -0.0385746 -0.0405052 -0.0410375 -0.0403102 -0.0384565 -0.0357526 -0.032412 -0.0287279 -0.0248908 -0.0211309 -0.0175776 -0.0143685 -0.0115525 -0.00916422 -0.00718248 -0.00557317 -0.00429226 -0.00328523 -0.00251801 -0.00193597 -0.0015191 -0.00121416 -0.00101179 -0.000861132 -0.000761471 -0.000664998 -0.000575302 -0.000444748 -0.000274378 -1.33697e-05 0.000344791 0.000854137 0.0015309 0.00243133 0.00358502 0.00505056 0.00687078 0.00909244 0.0117455 0.0148202 0.018286 0.0220354 0.0259576 0.0298482 0.0335285 0.0367161 0.0391899 0.0406528 0.0409363 0.0398529 0.0373747 0.0334774 0.0282859 0.0219808 0.0148769 0.00734804 -0.000236904 -0.00750939 -0.014184 -0.0199392 -0.024589 -0.0279909 -0.0301922 -0.0312518 -0.031284 -0.0304339 -0.0288989 -0.0269338 -0.0246878 -0.0223209 -0.0199366 -0.0176883 -0.0156379 -0.0137847 -0.0121545 -0.0107509 -0.00959249 -0.00860114 -0.00776328 -0.00708252 -0.00652071 -0.00605126 -0.0056354 -0.00530628 -0.00502779 -0.00476557 -0.00454888 -0.00435711 -0.00419097 -0.00402798 -0.00388426 -0.0037716 -0.00364225 -0.00353701 -0.00344734 -0.00334957 -0.00327201 -0.00319273 -0.00312709 -0.00306001 -0.0029876 -0.00294836 -0.00289079 -0.00282969 -0.00279138 -0.00274549 -0.00272045 -0.00267748 -0.00262077 -0.00261692 -0.00259279 -0.00254283 -0.00252866 -0.00250806 -0.00248147 -0.00246717 -0.00244888 -0.00243738 -0.00242048 -0.00240647 -0.00240747 -0.00238755 -0.00237486 -0.00238658 -0.0023732 
0 4.73727e-05 7.17239e-05 0.000127538 0.000175408 0.000204614 0.000264164 0.000306369 0.000330538 0.000385822 0.00043542 0.00047315 0.000536856 0.000598729 0.000624893 0.000662945 0.000738806 0.000798889 0.000847508 0.000902154 0.000960594 0.00104887 0.00111319 0.00116251 0.00125187 0.00132504 0.00140393 0.00149399 0.00157969 0.0016907 0.00178418 0.00190262 0.00202973 0.00214118 0.00229619 0.00243612 0.00260203 0.00278666 0.00297527 0.00321753 0.00345632 0.00375561 0.00408988 0.00447667 0.004954 0.00548366 0.00615962 0.00694671 0.0079064 0.00904771 0.0103964 0.0120173 0.0138441 0.0159389 0.0182299 0.0207164 0.023266 0.025748 0.0280581 0.0299757 0.0313418 0.031856 0.031406 0.029799 0.0269626 0.0228112 0.0173856 0.0108805 0.00351149 -0.00436477 -0.0124785 -0.020371 -0.0277016 -0.0340299 -0.0391359 -0.0428064 -0.0450005 -0.0457057 -0.0450114 -0.0431012 -0.0401935 -0.0366049 -0.0325668 -0.028385 -0.0242087 -0.0202758 -0.0166436 -0.0134669 -0.0107095 -0.00844094 -0.00655768 -0.00508156 -0.00389209 -0.00300339 -0.00230568 -0.0018173 -0.00144146 -0.00119984 -0.00100573 -0.000883854 -0.000754432 -0.000643878 -0.000473381 -0.000267751 5.72424e-05 0.000480171 0.00109442 0.00188218 0.0029494 0.00428355 0.00600415 0.00809665 0.0106732 0.0136817 0.0171786 0.0210319 0.0252101 0.0294963 0.0337689 0.0377342 0.0411781 0.0437656 0.0452629 0.0454314 0.0441476 0.0413581 0.0370624 0.0313955 0.0245231 0.0168275 0.00863676 0.000419483 -0.0075359 -0.0148337 -0.0212292 -0.0264405 -0.0303685 -0.0330094 -0.0344119 -0.0347165 -0.0340113 -0.0325715 -0.0305557 -0.028223 -0.0256778 -0.0230951 -0.0206079 -0.0182764 -0.0161845 -0.0142885 -0.0126759 -0.0112784 -0.0101079 -0.00912308 -0.00828788 -0.00762169 -0.00703347 -0.00656748 -0.00615438 -0.00580809 -0.00552168 -0.00524724 -0.00503309 -0.00481687 -0.00464267 -0.0044802 -0.00431586 -0.00419877 -0.004063 -0.00395285 -0.0038537 -0.00375347 -0.00367411 -0.00357916 -0.00351788 -0.00344715 -0.00335675 -0.00331149 -0.0032592 -0.00320268 -0.00314927 -0.00309276 -0.0030734 -0.00304795 -0.00298902 -0.0029425 -0.00292482 -0.00290425 -0.00286543 -0.00284791 -0.00283529 -0.00279985 -0.00278728 -0.00278216 -0.00275855 -0.00274907 -0.00274056 -0.00272614 -0.00272303 -0.00272018 
0 5.86953e-05 8.85092e-05 0.000148144 0.000195625 0.000224494 0.000289006 0.000341614 0.000385822 0.000452047 0.000496679 0.000536843 0.000594525 0.000647515 0.000709626 0.000783574 0.000841649 0.000887807 0.000961536 0.00103855 0.00109039 0.00116958 0.00124835 0.00131628 0.00142244 0.00151038 0.00159272 0.0017012 0.00180503 0.00191424 0.00201932 0.0021568 0.00229771 0.00242274 0.00260504 0.00277967 0.00296122 0.0031784 0.00341139 0.00368336 0.00395764 0.00430773 0.00471077 0.00515553 0.00571197 0.00635976 0.00716044 0.0080893 0.00921499 0.0105702 0.0121387 0.0139824 0.0160563 0.0184033 0.0209338 0.0236028 0.0263076 0.02889 0.031226 0.033069 0.034265 0.0345423 0.0337647 0.031762 0.0284492 0.0237983 0.017845 0.0108083 0.0028966 -0.00551934 -0.0141506 -0.0225454 -0.0303368 -0.0371051 -0.0425882 -0.046596 -0.0490428 -0.0499375 -0.0493266 -0.0474119 -0.044392 -0.0406132 -0.0363145 -0.0318243 -0.0273067 -0.0230051 -0.0190019 -0.0154517 -0.0123552 -0.00977114 -0.00763041 -0.00592638 -0.00456678 -0.00352647 -0.00272456 -0.00213796 -0.00170225 -0.00139739 -0.00117073 -0.00100439 -0.00085284 -0.000699295 -0.000499235 -0.000234603 0.000144465 0.000658642 0.00136803 0.0022969 0.0035211 0.00506937 0.00703265 0.00942927 0.012337 0.0157193 0.0195929 0.0238292 0.0283662 0.0329858 0.0375472 0.0417409 0.0453391 0.0479803 0.0494413 0.0494663 0.0479695 0.044879 0.040239 0.0341619 0.0268589 0.0186876 0.0100051 0.00126219 -0.00722696 -0.0150609 -0.0219938 -0.0277328 -0.0321841 -0.0352886 -0.0370976 -0.0377203 -0.0372753 -0.0360014 -0.0340506 -0.0316861 -0.0290408 -0.0263185 -0.023624 -0.0210533 -0.0187067 -0.0165804 -0.014734 -0.0131035 -0.0117362 -0.0105848 -0.00960481 -0.0087919 -0.00809658 -0.00754749 -0.00704876 -0.0066281 -0.00628641 -0.00597562 -0.00571042 -0.00545855 -0.00526924 -0.00508082 -0.00489278 -0.00476006 -0.00461452 -0.00447921 -0.00435717 -0.00425137 -0.0041508 -0.00403567 -0.00396543 -0.00388856 -0.00380138 -0.00374985 -0.00367835 -0.0036131 -0.00357352 -0.00351592 -0.00345103 -0.00340528 -0.00337662 -0.00333848 -0.00330466 -0.00327888 -0.00323606 -0.00321214 -0.00319636 -0.00316291 -0.00314983 -0.00313067 -0.00310227 -0.00310379 -0.00309584 -0.00308273 -0.00308398 -0.00306552 
0 5.01114e-05 0.000106753 0.000161901 0.000209622 0.000272866 0.000329028 0.000366566 0.00043542 0.000496679 0.000536378 0.000620553 0.000685266 0.000716484 0.000798664 0.000874592 0.000923154 0.000995562 0.00107371 0.00116061 0.00123444 0.0013055 0.00140971 0.00148774 0.00157869 0.00169294 0.00177273 0.00189895 0.00202949 0.00213283 0.00228367 0.00242806 0.00258132 0.00274315 0.00291897 0.00313772 0.00332526 0.00357036 0.00385979 0.00414217 0.00449468 0.0048897 0.00537463 0.00590796 0.00654055 0.00734561 0.00825313 0.00935668 0.0106549 0.0122187 0.0140276 0.0160648 0.0184091 0.020961 0.0237146 0.0265154 0.0293122 0.0319441 0.0341966 0.0359076 0.0368164 0.0368102 0.0356262 0.0331962 0.0293932 0.0242534 0.017853 0.0103458 0.0020299 -0.00683746 -0.0158198 -0.0246073 -0.0327115 -0.0398403 -0.0456289 -0.0499423 -0.0526396 -0.0537268 -0.0532597 -0.0513799 -0.0483534 -0.0444323 -0.0399783 -0.0352069 -0.0304308 -0.0257651 -0.0214492 -0.0175107 -0.0141081 -0.0111792 -0.00879585 -0.00683102 -0.00530842 -0.00408791 -0.00318661 -0.00247878 -0.00198684 -0.00159997 -0.00134378 -0.00111675 -0.000945894 -0.000733636 -0.000506841 -0.000165899 0.000263984 0.000890032 0.00169033 0.00278585 0.004161 0.00595357 0.0081472 0.010876 0.0140855 0.0178561 0.0220512 0.0266659 0.0314799 0.0364057 0.0411476 0.0455177 0.0491508 0.0517946 0.0531354 0.053002 0.0512707 0.0479024 0.0429661 0.0365529 0.0289553 0.0204286 0.0114333 0.00227685 -0.00657978 -0.0148627 -0.0222107 -0.0284395 -0.0333853 -0.0369724 -0.0392428 -0.0402316 -0.0401607 -0.0391209 -0.0373689 -0.0350405 -0.0323956 -0.0295948 -0.0267429 -0.0239897 -0.0213802 -0.019056 -0.0169429 -0.0150907 -0.0134975 -0.0121474 -0.0110225 -0.0100244 -0.00923433 -0.00856445 -0.00799115 -0.00750327 -0.00708277 -0.00675693 -0.00641996 -0.00614579 -0.00592071 -0.00568852 -0.00549525 -0.00530789 -0.0051618 -0.00500754 -0.00485664 -0.00476219 -0.0046332 -0.00452459 -0.00444186 -0.00433403 -0.00425931 -0.00418115 -0.00409736 -0.00403093 -0.00396724 -0.00392772 -0.00386062 -0.00379522 -0.00378416 -0.00373066 -0.00366695 -0.00365236 -0.00361541 -0.00357793 -0.00355805 -0.00352664 -0.00351206 -0.00349385 -0.00347006 -0.00346579 -0.00344034 -0.00342171 -0.00343292 -0.00341934 
0 6.25144e-05 0.000112822 0.000174158 0.000243059 0.000292553 0.000356873 0.000432432 0.00047315 0.000536843 0.000620553 0.000664265 0.000740414 0.000835111 0.000882092 0.000944742 0.00102838 0.00111971 0.00120577 0.00126011 0.00135944 0.00147084 0.00154996 0.00165727 0.00175505 0.00186769 0.0019948 0.00210239 0.00224884 0.00238145 0.0025285 0.00270695 0.00286105 0.00305913 0.00326361 0.00348543 0.00373453 0.0039956 0.00432722 0.00465916 0.00505456 0.00553353 0.00606946 0.00671274 0.00745484 0.00838661 0.00946202 0.0107253 0.0122481 0.0140165 0.0160631 0.0183308 0.0208925 0.023661 0.0265489 0.0294576 0.0322608 0.0348467 0.0369394 0.03839 0.0389707 0.0385594 0.0369542 0.0340324 0.0297654 0.0241668 0.0173831 0.00952207 0.000888538 -0.00825784 -0.0174944 -0.0264883 -0.0348252 -0.0421766 -0.0482381 -0.0527952 -0.0557484 -0.0570364 -0.0567514 -0.0549832 -0.05201 -0.0480572 -0.0434924 -0.0385437 -0.0335228 -0.02858 -0.0239392 -0.0196801 -0.0159369 -0.0127101 -0.0100345 -0.00784258 -0.00610449 -0.00473313 -0.00368372 -0.00288291 -0.00229027 -0.00184873 -0.0015213 -0.0012602 -0.0010294 -0.000784566 -0.000489512 -9.82176e-05 0.000426721 0.00113866 0.00207857 0.00331472 0.00489451 0.0069029 0.00938029 0.0124016 0.0159541 0.0200527 0.0245893 0.0295008 0.0345878 0.0397188 0.0446059 0.0490365 0.0526462 0.0551968 0.0563732 0.0560475 0.0540695 0.0504591 0.0452492 0.038613 0.030791 0.022086 0.0128736 0.00348783 -0.00564661 -0.0142351 -0.0219291 -0.0285802 -0.0339832 -0.0380811 -0.040817 -0.0422757 -0.042606 -0.0419274 -0.040433 -0.0382579 -0.0356894 -0.0328588 -0.0299359 -0.0270087 -0.0242138 -0.0216585 -0.0193139 -0.0172393 -0.0154058 -0.0138692 -0.0125429 -0.0114013 -0.0104636 -0.00966457 -0.00900873 -0.00841778 -0.00794218 -0.00753704 -0.00716019 -0.00685459 -0.00656636 -0.00633081 -0.00609977 -0.00589323 -0.00572831 -0.00554443 -0.00540422 -0.0052614 -0.00512568 -0.00502089 -0.0048987 -0.00480578 -0.00470136 -0.00460729 -0.00455358 -0.00446257 -0.00438062 -0.00432126 -0.00427342 -0.00423303 -0.00414715 -0.00409696 -0.00408379 -0.00402226 -0.00398508 -0.0039688 -0.00392276 -0.00389553 -0.00387663 -0.00385172 -0.00383619 -0.00381509 -0.00380174 -0.00379297 -0.00377729 -0.00377733 
0 6.0461e-05 0.000136904 0.000190661 0.000260422 0.000331162 0.000380459 0.000464714 0.000536856 0.000594525 0.000685266 0.000740414 0.000800292 0.000898093 0.000966689 0.00106004 0.00115482 0.00121538 0.00131135 0.00140619 0.00150597 0.00160663 0.00169054 0.00182968 0.00194425 0.00205237 0.00221048 0.00232481 0.00247392 0.00264087 0.00278821 0.00298177 0.00316201 0.00338342 0.00361782 0.00385309 0.00415857 0.00445471 0.00481283 0.00521628 0.00566542 0.00622268 0.00683319 0.00759032 0.00847259 0.00952744 0.01079 0.0122412 0.013988 0.0159739 0.0182422 0.0207541 0.0234998 0.0264431 0.0294162 0.0323688 0.0351161 0.0375457 0.0394006 0.0404949 0.0406858 0.0397949 0.0377207 0.0342949 0.0295743 0.0235749 0.0164615 0.00835598 -0.000495642 -0.00977542 -0.0191447 -0.0282073 -0.0366694 -0.044149 -0.0504163 -0.0551835 -0.058372 -0.0598847 -0.0598065 -0.0582251 -0.0553645 -0.0514766 -0.0468597 -0.0418156 -0.0365882 -0.0314273 -0.0264818 -0.0219384 -0.0178561 -0.0143443 -0.0113628 -0.00894123 -0.00696914 -0.00543975 -0.00422639 -0.0033255 -0.00261992 -0.002117 -0.0017083 -0.00140644 -0.00110643 -0.000822208 -0.000449152 -4.16724e-07 0.000631162 0.0014367 0.00253125 0.00391651 0.00571933 0.00794909 0.0107255 0.0140313 0.0179276 0.0223227 0.0271827 0.0323355 0.0376585 0.0429148 0.0478878 0.052278 0.0557967 0.0581641 0.0591366 0.0585748 0.0563564 0.0525178 0.04709 0.0403087 0.0323641 0.023611 0.014309 0.00484875 -0.00444417 -0.0132068 -0.0211708 -0.028158 -0.0339827 -0.0385692 -0.0417996 -0.0437834 -0.0445732 -0.0443422 -0.0431839 -0.0412828 -0.0388686 -0.0360942 -0.0331579 -0.030123 -0.0271916 -0.0244124 -0.021858 -0.0195538 -0.0174937 -0.0157395 -0.0141966 -0.012905 -0.0117952 -0.0108587 -0.0100874 -0.0094027 -0.00885314 -0.00835302 -0.00794148 -0.00758841 -0.00724786 -0.00698753 -0.00672646 -0.00650594 -0.00630144 -0.0061037 -0.00595654 -0.00577318 -0.00563539 -0.00551391 -0.00536381 -0.00527478 -0.00516934 -0.00506292 -0.00497926 -0.00489298 -0.00483719 -0.00474382 -0.00466258 -0.00462268 -0.00454678 -0.00450913 -0.00447393 -0.00440003 -0.00437545 -0.00434086 -0.00429526 -0.00428438 -0.00424114 -0.00420721 -0.004201 -0.00417153 -0.00416863 -0.00416888 -0.00413839 -0.00413627 
0 5.1172e-05 0.000165214 0.000211101 0.000264161 0.000380139 0.000426734 0.000484405 0.000598729 0.000647515 0.000716484 0.000835111 0.000898093 0.000973537 0.001067 0.00114096 0.00125016 0.001336 0.00142004 0.00155957 0.00165326 0.00174486 0.00188298 0.00199753 0.0021204 0.00225164 0.00239787 0.00255972 0.00270358 0.00289778 0.00308692 0.00326211 0.00350302 0.00372993 0.00397569 0.00426213 0.00457594 0.00494119 0.00532017 0.00579803 0.00634383 0.00695063 0.00769841 0.00856247 0.00960667 0.0108124 0.0122457 0.0139409 0.0158703 0.0180983 0.0205666 0.0233023 0.0262183 0.0292471 0.0322916 0.0351838 0.0378274 0.0399873 0.0415213 0.0422009 0.0419125 0.0405217 0.0379018 0.0340144 0.0288364 0.0225176 0.0151262 0.00687217 -0.00207586 -0.0113812 -0.02073 -0.0297825 -0.0382283 -0.0457917 -0.0521586 -0.0571331 -0.0605105 -0.062286 -0.0624304 -0.0611024 -0.0584197 -0.0546688 -0.0500833 -0.0449927 -0.0396363 -0.034276 -0.0290925 -0.0242573 -0.0198879 -0.0160587 -0.0128073 -0.0101066 -0.00792881 -0.00618747 -0.00483845 -0.00378541 -0.00299697 -0.0023828 -0.00192371 -0.00153231 -0.00119412 -0.000821862 -0.000401684 0.000153931 0.000861952 0.00181256 0.00303326 0.00462153 0.00661956 0.00912203 0.0121629 0.0157897 0.0199787 0.0246823 0.0297969 0.0351771 0.040654 0.0459916 0.0509579 0.0552365 0.0585816 0.0606936 0.0614229 0.0605768 0.0581408 0.0540663 0.0485112 0.0416211 0.0336907 0.0249609 0.0157316 0.00630594 -0.00299287 -0.0118219 -0.0199678 -0.0271963 -0.0334099 -0.0384159 -0.0421907 -0.0446978 -0.0460383 -0.0462947 -0.0455712 -0.0440513 -0.0418726 -0.0392725 -0.0363567 -0.0333278 -0.0302802 -0.0273315 -0.0245761 -0.0220351 -0.0197798 -0.0177521 -0.0160138 -0.0145212 -0.0132405 -0.0121586 -0.0112277 -0.0104819 -0.0098129 -0.00924372 -0.0087771 -0.00835625 -0.00799507 -0.00765352 -0.00738481 -0.00712884 -0.00687107 -0.00668612 -0.00648976 -0.00630919 -0.0061607 -0.00601389 -0.00588356 -0.00574175 -0.00564153 -0.00554137 -0.00540437 -0.00533153 -0.00525637 -0.00515835 -0.00509994 -0.00502649 -0.0049707 -0.00492205 -0.00483551 -0.00480519 -0.00477923 -0.00469966 -0.00467449 -0.00465935 -0.00460688 -0.0045978 -0.0045865 -0.00454058 -0.00452566 -0.00451494 -0.0044931 -0.00450255 
0 8.51504e-05 0.000143115 0.000230668 0.000317505 0.000379808 0.000469476 0.000557568 0.000624893 0.000709626 0.000798664 0.000882092 0.000966689 0.001067 0.00117544 0.00124552 0.00133789 0.00147413 0.00156909 0.00166774 0.0017877 0.0019067 0.00205462 0.00217665 0.00230535 0.00247232 0.00262345 0.00279012 0.0029604 0.00315588 0.00336827 0.00356536 0.00382767 0.00409021 0.00436051 0.00469565 0.00505061 0.00545841 0.00589949 0.00644104 0.00707204 0.00776346 0.00862873 0.00963861 0.010835 0.0122217 0.0138578 0.0157867 0.0179372 0.0203809 0.0230665 0.0259851 0.0290253 0.0320928 0.0351164 0.0378935 0.0403085 0.0421259 0.0432347 0.0434376 0.0426141 0.0406685 0.0375067 0.0331534 0.0275942 0.020995 0.013427 0.00510464 -0.00381063 -0.0130199 -0.0222331 -0.0311611 -0.0395134 -0.0470591 -0.0534832 -0.0585996 -0.0621775 -0.0642043 -0.0646273 -0.0635844 -0.0611612 -0.057607 -0.0531363 -0.0480618 -0.0426389 -0.037131 -0.0317468 -0.0266584 -0.0220139 -0.0178895 -0.014356 -0.0113852 -0.00897492 -0.00702698 -0.00551194 -0.0043144 -0.00341314 -0.00269775 -0.00215859 -0.00168853 -0.00128225 -0.000832737 -0.00033519 0.000317553 0.00113309 0.00222161 0.00360098 0.00538834 0.00761271 0.0103822 0.0137072 0.0176374 0.0221162 0.0270938 0.0324349 0.0379935 0.0435709 0.0489281 0.0538108 0.0579148 0.0610055 0.0628216 0.0632456 0.0621138 0.059436 0.0551779 0.0495248 0.042621 0.0347687 0.0261709 0.0171129 0.00784549 -0.00133456 -0.0101358 -0.0183591 -0.0257777 -0.0322902 -0.0377004 -0.0419851 -0.0450559 -0.0469748 -0.0477729 -0.0475604 -0.046488 -0.0446608 -0.0422917 -0.0395006 -0.0365232 -0.0334335 -0.030366 -0.0274289 -0.0246936 -0.0222257 -0.0199651 -0.0180044 -0.0163041 -0.014846 -0.013586 -0.0125043 -0.0116343 -0.0108535 -0.0101946 -0.00963996 -0.00916321 -0.00874942 -0.00836048 -0.00806199 -0.0077707 -0.0074977 -0.0072817 -0.00706279 -0.00687143 -0.00668462 -0.00652838 -0.00638836 -0.00622523 -0.0061076 -0.00599559 -0.00588705 -0.00579165 -0.0056719 -0.00559997 -0.00554223 -0.00544447 -0.00536729 -0.00531056 -0.00525957 -0.0052014 -0.00514577 -0.00511852 -0.00506957 -0.00501977 -0.00500658 -0.00496759 -0.00493108 -0.00492972 -0.00490285 -0.00488091 -0.00488609 -0.0048641 
0 9.83147e-05 0.0001462 0.000252519 0.000352596 0.000402638 0.000510015 0.000603138 0.000662945 0.000783574 0.000874592 0.000944742 0.00106004 0.00114096 0.00124552 0.00137949 0.00146579 0.00158271 0.00169726 0.00180161 0.00195728 0.0020768 0.00220237 0.00236479 0.00251025 0.00268677 0.00285082 0.00302422 0.00323811 0.00343059 0.00366084 0.00390585 0.00416436 0.00447062 0.00477546 0.00514507 0.00555651 0.00599972 0.00653528 0.00714211 0.00786233 0.00868481 0.00966549 0.0108509 0.0122011 0.0137951 0.0156505 0.0177879 0.0201784 0.0228064 0.0257013 0.028745 0.0318562 0.034915 0.0378256 0.0404262 0.0424996 0.0439188 0.0445173 0.0441938 0.0427934 0.0402602 0.0365792 0.0317678 0.0259055 0.0190637 0.0114182 0.00309912 -0.0056664 -0.0146772 -0.0236581 -0.032366 -0.0405611 -0.0479956 -0.054439 -0.0596299 -0.0634197 -0.0656787 -0.0664312 -0.0656908 -0.0635988 -0.0602869 -0.0560087 -0.0510065 -0.0455788 -0.0399725 -0.0344247 -0.0291214 -0.0242139 -0.0198183 -0.0159903 -0.0127604 -0.0100889 -0.00794103 -0.00622599 -0.00489294 -0.00384486 -0.00304013 -0.00238715 -0.00185158 -0.00134337 -0.000829875 -0.000221045 0.00051642 0.0014738 0.00269034 0.00426329 0.00624242 0.00872444 0.0117502 0.0153761 0.0195857 0.0243466 0.0295581 0.0350919 0.0407754 0.0463933 0.0517064 0.0564256 0.060297 0.0630552 0.0645436 0.0646009 0.0631855 0.0602387 0.0558501 0.0501236 0.043297 0.0355769 0.027209 0.0184087 0.00941104 0.00046938 -0.00820935 -0.0163963 -0.023944 -0.0306548 -0.0364373 -0.041174 -0.0448215 -0.0473308 -0.0487173 -0.0490856 -0.0485196 -0.0471587 -0.0450959 -0.0425484 -0.0396812 -0.0366302 -0.0335099 -0.0304275 -0.0275362 -0.0248385 -0.0223779 -0.0201734 -0.0182508 -0.016597 -0.015137 -0.0139123 -0.0128704 -0.011984 -0.0112274 -0.0105696 -0.0100346 -0.00954484 -0.009126 -0.00876831 -0.00843274 -0.00815632 -0.00788237 -0.00764865 -0.00744468 -0.00722934 -0.00705884 -0.00688782 -0.00674178 -0.00660983 -0.00645371 -0.00635603 -0.0062508 -0.00613479 -0.00605398 -0.00593961 -0.00586316 -0.00580982 -0.00572042 -0.00567171 -0.00560631 -0.00553338 -0.00551811 -0.0054654 -0.00540944 -0.00539403 -0.00534233 -0.00530681 -0.00530897 -0.00528189 -0.00526257 -0.00526323 -0.00523707 
0 8.28788e-05 0.000196762 0.000274873 0.00034607 0.000455911 0.00054909 0.000629754 0.000738806 0.000841649 0.000923154 0.00102838 0.00115482 0.00125016 0.00133789 0.00146579 0.00158789 0.00169593 0.00183526 0.0019719 0.00210345 0.00225289 0.00238967 0.00254889 0.00273025 0.00288754 0.00307471 0.0032912 0.00350228 0.00373029 0.00397982 0.00425809 0.00454483 0.00486056 0.0052326 0.00562749 0.00608188 0.00660808 0.00721201 0.00791992 0.0087352 0.00970693 0.0108444 0.0121807 0.0137396 0.0155376 0.0176223 0.0199674 0.0225689 0.0253987 0.0284276 0.0315644 0.0346707 0.0376571 0.0403813 0.042687 0.0443648 0.0452851 0.0453423 0.0444207 0.042427 0.0393081 0.0351242 0.02992 0.0237868 0.0168046 0.00913342 0.000937044 -0.00760565 -0.0163088 -0.0249807 -0.0333943 -0.0413554 -0.0486292 -0.0550151 -0.0602679 -0.064226 -0.0667528 -0.0678265 -0.0674505 -0.0657078 -0.0627166 -0.0586732 -0.053823 -0.0484383 -0.0427938 -0.0371221 -0.0316389 -0.0264971 -0.0218398 -0.0177322 -0.0142294 -0.0113018 -0.00892678 -0.00701564 -0.00551612 -0.00432822 -0.00340275 -0.0026453 -0.00201243 -0.00141234 -0.000802861 -9.23765e-05 0.00076187 0.0018535 0.00323036 0.00499251 0.00719356 0.00992859 0.0132296 0.0171424 0.0216284 0.026643 0.0320593 0.0377449 0.0434982 0.049105 0.0542962 0.0588019 0.0623605 0.0647591 0.0658538 0.0655442 0.0638002 0.0606178 0.0560972 0.0503702 0.0436592 0.0361517 0.0280752 0.0196113 0.01098 0.00235638 -0.00608028 -0.0141658 -0.021727 -0.0285927 -0.0346577 -0.0398165 -0.0440002 -0.047102 -0.0491201 -0.050095 -0.050122 -0.0492712 -0.0476423 -0.0454137 -0.0427501 -0.0398122 -0.0366971 -0.0335602 -0.0305135 -0.027634 -0.0249666 -0.0225367 -0.0203883 -0.0184947 -0.0168587 -0.0154463 -0.0142365 -0.0132165 -0.0123424 -0.0116017 -0.0109539 -0.0104088 -0.00993875 -0.00950532 -0.00913902 -0.00881572 -0.00852044 -0.00824846 -0.00801473 -0.00781482 -0.0076008 -0.00741965 -0.00727017 -0.00710576 -0.00696213 -0.00682783 -0.00669828 -0.00659617 -0.00649052 -0.00638813 -0.00631134 -0.00623572 -0.00614583 -0.00607107 -0.00603134 -0.00596811 -0.00588183 -0.00585195 -0.00582112 -0.00575807 -0.00575306 -0.00573585 -0.00566569 -0.00565723 -0.00564858 -0.00560227 -0.00562657 
0 8.88858e-05 0.000192775 0.000287005 0.000386137 0.000496859 0.000587394 0.000685953 0.000798889 0.000887807 0.000995562 0.00111971 0.00121538 0.001336 0.00147413 0.00158271 0.00169593 0.00183341 0.00198695 0.00211508 0.00224257 0.00242667 0.00258916 0.00275124 0.00295074 0.00312264 0.00333353 0.0035647 0.00377716 0.00403325 0.00430701 0.00461474 0.00493383 0.00528872 0.00572485 0.00616063 0.00667711 0.00728947 0.00797377 0.00878166 0.00971148 0.0108433 0.0121416 0.0136503 0.0154321 0.0174543 0.0197666 0.0223158 0.0251243 0.0281264 0.031242 0.0344027 0.0374391 0.0402734 0.042713 0.0446269 0.0458267 0.0461896 0.0456508 0.0440933 0.0414976 0.0378183 0.0331799 0.0276382 0.0213021 0.0142586 0.00665177 -0.00133183 -0.00956787 -0.0178845 -0.0261786 -0.0342323 -0.0419021 -0.0489588 -0.0552407 -0.0605214 -0.0646328 -0.0674307 -0.0688402 -0.0688566 -0.0674977 -0.0648779 -0.0611242 -0.0564915 -0.0512073 -0.0455826 -0.0398302 -0.0342081 -0.0288578 -0.0239609 -0.019581 -0.0158085 -0.0126168 -0.010006 -0.00788476 -0.00620719 -0.00486579 -0.00380854 -0.00293401 -0.00219309 -0.00148875 -0.000772387 5.25005e-05 0.00103499 0.00227492 0.00382473 0.00579134 0.0082255 0.0112244 0.0148018 0.0189985 0.0237436 0.0289901 0.034575 0.0403728 0.0461415 0.0516815 0.0566854 0.0609213 0.0641137 0.0661168 0.066788 0.0660954 0.0640154 0.0606074 0.055982 0.050296 0.0437524 0.0365109 0.0287858 0.0207187 0.0125222 0.00428859 -0.0038233 -0.01172 -0.0192118 -0.0261591 -0.0324441 -0.0379628 -0.0426342 -0.0463067 -0.0489681 -0.0505818 -0.051239 -0.050957 -0.049841 -0.0480267 -0.0456503 -0.0428998 -0.0398693 -0.0367481 -0.0336066 -0.0305761 -0.0277318 -0.025099 -0.0227309 -0.0205954 -0.0187619 -0.0171553 -0.0157553 -0.0145726 -0.0135582 -0.0127094 -0.0119434 -0.0113161 -0.0107883 -0.0102905 -0.00988173 -0.00951678 -0.00919869 -0.00889605 -0.00862202 -0.0084056 -0.00816642 -0.00796606 -0.00779044 -0.00760028 -0.00746714 -0.00733046 -0.00717897 -0.00705867 -0.006958 -0.00686477 -0.00674439 -0.00664867 -0.00658977 -0.00649732 -0.00642536 -0.00638105 -0.00631338 -0.00626408 -0.00622336 -0.00616775 -0.00613003 -0.0060997 -0.00606959 -0.00605432 -0.00603831 -0.00601703 -0.00600397 
