0 0 0 0 0 0 0 0 0 0 0 0 0 0 0 0 0 0 0 0 0 0 0 0 0 0 0 0 0 0 0 0 0 0 0 0 0 0 0 0 0 0 0 0 0 0 0 0 0 0 0 0 0 0 0 0 0 0 0 0 0 0 0 0 0 0 0 0 0 0 0 0 0 0 0 0 0 0 0 0 0 0 0 0 0 0 0 0 0 0 0 0 0 0 0 0 0 0 0 0 0 0 0 0 0 0 0 0 0 0 0 0 0 0 0 0 0 0 0 0 0 0 0 0 0 0 0 0 0 0 0 0 0 0 0 0 0 0 0 0 0 0 0 0 0 0 0 0 0 0 0 0 0 0 0 0 0 0 0 0 0 0 0 0 0 0 0 0 0 0 0 0 0 0 0 0 0 0 0 0 0 0 0 0 0 0 0 0 0 0 0 0 0 0 0 0 0 0 0 0 
0 1.88199e-06 3.94207e-06 9.42167e-06 5.52754e-06 4.38563e-06 8.2894e-06 3.55567e-06 8.19039e-06 1.89941e-05 1.58693e-05 1.82208e-05 2.62202e-05 1.14121e-05 1.15219e-05 2.79367e-05 1.3453e-05 2.60752e-05 4.19831e-05 1.78843e-05 3.13364e-05 3.68732e-05 2.88613e-05 4.3143e-05 3.57549e-05 4.03421e-05 3.11674e-05 3.09744e-05 6.01639e-05 5.00544e-05 4.49332e-05 4.48983e-05 6.33492e-05 6.82597e-05 4.7071e-05 6.884e-05 6.0232e-05 6.38257e-05 7.31348e-05 6.37448e-05 7.63091e-05 7.32603e-05 8.86305e-05 7.89925e-05 9.04725e-05 0.000102652 8.9758e-05 0.000109135 0.000105588 0.000115425 0.000108539 0.000124246 0.000127728 0.000119732 0.000140671 0.000137986 0.000149657 0.000144317 0.000169987 0.000168515 0.000173639 0.00019003 0.000200782 0.000212215 0.000211071 0.000243568 0.000246159 0.000264105 0.000270918 0.000306992 0.000320351 0.000342241 0.000376025 0.000425291 0.000480138 0.000538312 0.000643337 0.000768714 0.000938918 0.00112845 0.00140458 0.00173484 0.00215753 0.00264029 0.00324896 0.00395304 0.00476583 0.00561762 0.00650573 0.00735961 0.00813527 0.00872779 0.00908189 0.00912454 0.00881735 0.00809989 0.00695904 0.00541798 0.00357003 0.00152363 -0.000602372 -0.00270517 -0.00466605 -0.00636932 -0.00770526 -0.00862602 -0.00912659 -0.00925496 -0.00904649 -0.00856623 -0.0078669 -0.00705136 -0.00617413 -0.00531038 -0.00446929 -0.00372103 -0.00306397 -0.00253595 -0.00207532 -0.00170914 -0.0013993 -0.0011836 -0.000993979 -0.00085313 -0.000729829 -0.000660764 -0.000597305 -0.000544468 -0.000500221 -0.00047563 -0.000459135 -0.00042356 -0.00041068 -0.000392413 -0.000391325 -0.000357802 -0.00035802 -0.000345551 -0.000340604 -0.000319632 -0.000317533 -0.000317792 -0.000296267 -0.000296982 -0.000285963 -0.000290516 -0.000264497 -0.000273187 -0.000264936 -0.000252613 -0.000250847 -0.000244032 -0.000246426 -0.000224132 -0.00024058 -0.000226617 -0.000221702 -0.000225953 -0.000219287 -0.00022266 -0.00020853 -0.000221451 -0.000204852 -0.000209515 -0.000213174 -0.000185929 -0.000199672 -0.000200666 -0.000198991 -0.000179518 -0.000180287 -0.00020331 -0.000188813 -0.000189509 -0.000179184 -0.000183386 -0.0001911 -0.000171404 -0.000189245 -0.000178314 -0.000158864 -0.000180143 -0.000174941 -0.000171793 -0.00018212 -0.000176489 -0.000168112 -0.00016865 -0.000171877 -0.000164669 -0.000168735 -0.00017405 -0.000163459 -0.000168263 -0.000171294 -0.000162595 -0.000168994 -0.000170166 -0.000160723 -0.000167229 
0 3.94207e-06 -2.27696e-06 8.19066e-06 8.76719e-06 1.47193e-05 2.44141e-05 2.20832e-05 2.8802e-05 1.98609e-05 2.12462e-05 3.05524e-05 2.28991e-05 4.6203e-05 5.16673e-05 4.03921e-05 5.63652e-05 4.67404e-05 4.21438e-05 5.79383e-05 6.49269e-05 6.22177e-05 5.78319e-05 7.66797e-05 6.97897e-05 7.09845e-05 0.000109263 9.18029e-05 7.28297e-05 9.36906e-05 0.000104052 0.000106236 0.000101208 0.000101433 0.000116049 0.000130998 0.000128051 0.000128084 0.000148329 0.000152095 0.000147537 0.00016398 0.000168466 0.000163358 0.000179369 0.000186596 0.000185759 0.000195055 0.00021436 0.000215323 0.000219895 0.00024766 0.000250404 0.000258235 0.000275022 0.000297266 0.000297156 0.000309742 0.000340184 0.000344527 0.000357056 0.000375158 0.000409463 0.000409998 0.000433252 0.000466152 0.000495274 0.000511343 0.000542395 0.000599488 0.000633177 0.000682211 0.000743816 0.000853572 0.000949579 0.0010925 0.00128137 0.00155724 0.00187575 0.00228714 0.00281842 0.00350299 0.00433014 0.0053202 0.00652334 0.00794077 0.00954738 0.0112511 0.0130108 0.014706 0.0162365 0.0174025 0.0180985 0.0181666 0.0175469 0.0161011 0.0138351 0.010765 0.00710548 0.00303181 -0.00118269 -0.00536901 -0.00925217 -0.0126434 -0.0152938 -0.0171429 -0.0181456 -0.0184196 -0.0180122 -0.0170719 -0.0156929 -0.0140787 -0.0123405 -0.0106168 -0.00895272 -0.00745259 -0.00615317 -0.00507699 -0.00417263 -0.0034202 -0.00282313 -0.00236273 -0.00200677 -0.00170173 -0.00148182 -0.00131764 -0.00120994 -0.00109068 -0.00101693 -0.00095848 -0.000925104 -0.000863025 -0.000826299 -0.000803552 -0.000777457 -0.000738322 -0.000709453 -0.000705111 -0.000671267 -0.000647327 -0.000628163 -0.000625763 -0.000592114 -0.000576816 -0.000574074 -0.000557297 -0.000537834 -0.000529982 -0.000532438 -0.000506271 -0.000502233 -0.000502347 -0.000488216 -0.000474839 -0.000474994 -0.000468737 -0.000447762 -0.00045022 -0.000443909 -0.000424089 -0.000425175 -0.000426222 -0.000409203 -0.000402396 -0.000409615 -0.000408905 -0.000399541 -0.000391528 -0.000384977 -0.000396868 -0.000402728 -0.000362496 -0.000359736 -0.000384106 -0.000366501 -0.000361107 -0.000364802 -0.000358208 -0.000350682 -0.00035942 -0.000371462 -0.000350554 -0.000350226 -0.000349581 -0.00033192 -0.000344124 -0.000343184 -0.00034365 -0.000345942 -0.000336011 -0.000344847 -0.000331939 -0.00033359 -0.000345654 -0.000323287 -0.000338445 -0.000338813 -0.000320095 -0.000344496 -0.00033001 
0 9.42167e-06 8.19066e-06 1.72608e-05 1.698e-05 1.70643e-05 2.55709e-05 2.34404e-05 3.19216e-05 4.4187e-05 4.45626e-05 5.16487e-05 5.7266e-05 5.03303e-05 5.42106e-05 6.65915e-05 6.4212e-05 7.70332e-05 9.08042e-05 7.94312e-05 9.1745e-05 9.89758e-05 9.70055e-05 0.000113889 0.000110502 0.000114589 0.000117789 0.000119208 0.000144107 0.000147764 0.000145066 0.000150136 0.000171215 0.000178109 0.000168866 0.000190696 0.000188714 0.000195764 0.000212509 0.000211184 0.000223566 0.000234472 0.000251942 0.000250085 0.000270702 0.000288714 0.000285364 0.000309114 0.000320997 0.000333109 0.000337765 0.000365756 0.00037687 0.000380727 0.000411742 0.000427603 0.000444242 0.000457485 0.000498927 0.00051284 0.000532383 0.000568491 0.000604049 0.000628449 0.000653623 0.000710752 0.000744675 0.000783701 0.000827992 0.000905501 0.000963109 0.00103475 0.0011378 0.00128193 0.00144506 0.00165088 0.00195141 0.00234498 0.00284264 0.00345721 0.00427081 0.00528743 0.00653985 0.00803027 0.00983982 0.0119533 0.0143406 0.0168781 0.0194837 0.0219937 0.0242323 0.0259463 0.0269416 0.0270239 0.0260552 0.0238909 0.020498 0.0159574 0.010521 0.00449632 -0.00177051 -0.0079631 -0.0137309 -0.0187434 -0.0227013 -0.0254598 -0.0269977 -0.0274244 -0.0268602 -0.0254822 -0.0234736 -0.021088 -0.0185201 -0.0159529 -0.0134833 -0.0112475 -0.00929934 -0.00767706 -0.00630807 -0.00518538 -0.00427481 -0.00358213 -0.00302454 -0.00258211 -0.0022343 -0.00199407 -0.0018073 -0.00164675 -0.00152265 -0.00143844 -0.00137408 -0.00129197 -0.00123736 -0.00119342 -0.00116031 -0.00109988 -0.00107039 -0.00104395 -0.00101308 -0.000971996 -0.000951904 -0.000938202 -0.000899182 -0.000880773 -0.000863041 -0.000849391 -0.000812803 -0.000806856 -0.000792522 -0.000765539 -0.000752693 -0.000741398 -0.000729453 -0.000701971 -0.000707357 -0.000689956 -0.000673589 -0.000672434 -0.000662769 -0.00065336 -0.000639396 -0.00064404 -0.000623821 -0.000620823 -0.000618981 -0.000592619 -0.00059624 -0.000595243 -0.000584915 -0.000566231 -0.000568088 -0.000576298 -0.000563661 -0.000563788 -0.000549459 -0.000549479 -0.000553548 -0.000537 -0.000543994 -0.000533492 -0.000518019 -0.000527638 -0.000525368 -0.000521991 -0.00052617 -0.000522579 -0.000511822 -0.000511769 -0.000511972 -0.000503591 -0.000509471 -0.000508085 -0.000500899 -0.000506425 -0.000502092 -0.000500315 -0.000502383 -0.000499723 -0.000502233 -0.00049795 
0 5.52754e-06 8.76719e-06 1.698e-05 2.44556e-05 2.77485e-05 3.54541e-05 3.95463e-05 4.2635e-05 5.36491e-05 5.55093e-05 6.06854e-05 7.46922e-05 7.22374e-05 7.98004e-05 9.37697e-05 8.86661e-05 0.000100404 0.00011215 0.000108542 0.000120523 0.00012872 0.000133615 0.000142259 0.000149339 0.000161526 0.00016132 0.000169527 0.00018721 0.000189719 0.000195549 0.000203563 0.000219352 0.000228628 0.000230744 0.000249094 0.000256383 0.000267855 0.000282003 0.000289096 0.000304701 0.00031547 0.000331441 0.000340441 0.000356965 0.000375766 0.000383357 0.000406514 0.000422346 0.000440383 0.00045741 0.000481651 0.000503868 0.000518424 0.000551254 0.000573171 0.000598807 0.000623981 0.000661037 0.000690027 0.000717106 0.000761676 0.000799404 0.000840165 0.000878228 0.000939934 0.000989623 0.00104489 0.00111168 0.00119771 0.00128698 0.00138694 0.00153187 0.00171283 0.00194385 0.00223124 0.00263833 0.00316199 0.00383628 0.00467963 0.00577227 0.00713625 0.00881093 0.0108231 0.0132323 0.0160375 0.0191761 0.0225269 0.0259387 0.0292199 0.032108 0.0343195 0.035568 0.0356269 0.0342799 0.0313882 0.0268936 0.0209388 0.0138045 0.00591099 -0.00232219 -0.0104374 -0.0180047 -0.0245717 -0.0297976 -0.0334627 -0.0355566 -0.0361699 -0.0354912 -0.033725 -0.0311463 -0.0280387 -0.0246853 -0.0212999 -0.0180577 -0.0150978 -0.0125129 -0.0103275 -0.00849721 -0.00699175 -0.00577462 -0.00482693 -0.00407157 -0.00348089 -0.00301617 -0.00268362 -0.00242069 -0.00221632 -0.00204834 -0.00193271 -0.00183244 -0.00173972 -0.00166166 -0.00160038 -0.00154623 -0.00148071 -0.00143578 -0.001391 -0.00135215 -0.00130231 -0.00127216 -0.0012398 -0.00120305 -0.00117259 -0.00114604 -0.00112346 -0.00108887 -0.00107308 -0.0010496 -0.00102742 -0.00100676 -0.000990487 -0.000974162 -0.00095037 -0.000942659 -0.000923012 -0.000908062 -0.000895328 -0.000881638 -0.000870242 -0.000854009 -0.000847999 -0.000831891 -0.000824919 -0.000818216 -0.00080025 -0.000796787 -0.00079066 -0.000783497 -0.000769265 -0.000761023 -0.000764396 -0.000751305 -0.000742596 -0.000737529 -0.000733197 -0.000729242 -0.000717788 -0.000721356 -0.000714805 -0.000702142 -0.00070944 -0.000701467 -0.000692966 -0.000696879 -0.000689135 -0.000684719 -0.000684879 -0.000681947 -0.000679218 -0.000676458 -0.000677188 -0.000672654 -0.000669534 -0.000673484 -0.000668439 -0.000666375 -0.000668764 -0.00066362 -0.000666384 
0 4.38563e-06 1.47193e-05 1.70643e-05 2.77485e-05 3.80836e-05 4.0454e-05 5.59619e-05 6.19611e-05 5.65313e-05 7.13063e-05 7.78597e-05 7.46821e-05 0.000102459 0.000111303 0.00010176 0.000129185 0.000125102 0.000117159 0.000152562 0.000150852 0.000155743 0.000171922 0.00017153 0.000188842 0.000190844 0.000218773 0.000230945 0.000208607 0.000233884 0.000252907 0.000268703 0.000262318 0.000269608 0.000308012 0.000301676 0.000326553 0.00033562 0.000346611 0.000374248 0.000375848 0.000403069 0.000405362 0.000435531 0.000446775 0.000458666 0.0004937 0.00049747 0.000533129 0.000544592 0.000581223 0.000598102 0.000625593 0.000664168 0.000679824 0.000725211 0.000745223 0.000795981 0.000817688 0.000867256 0.000907305 0.000950277 0.00100303 0.00104734 0.00111749 0.00116328 0.00124636 0.00130767 0.001407 0.00149325 0.00161812 0.00175399 0.00193409 0.00216235 0.0024528 0.00284565 0.00334552 0.00402062 0.00486201 0.00596451 0.00732814 0.00906101 0.0111531 0.0137084 0.0167071 0.0201956 0.0240515 0.0281822 0.03235 0.0363397 0.0398085 0.0424463 0.043893 0.0438727 0.0421193 0.0384853 0.0329301 0.0256246 0.0169007 0.00723836 -0.00283943 -0.0127744 -0.022025 -0.0300696 -0.036505 -0.0410769 -0.0437434 -0.0445935 -0.0438501 -0.0417669 -0.0386871 -0.0349269 -0.0308425 -0.0266798 -0.0227018 -0.0190344 -0.0158264 -0.0130609 -0.0107717 -0.00886305 -0.00734615 -0.0061132 -0.00516643 -0.00440378 -0.00383609 -0.00338504 -0.00305437 -0.00279067 -0.00258887 -0.00242973 -0.00229247 -0.00219187 -0.00208523 -0.00201362 -0.00192295 -0.00187181 -0.00179402 -0.00174644 -0.0016839 -0.00164161 -0.00159233 -0.00154258 -0.0015136 -0.00146358 -0.00144004 -0.00139107 -0.00137849 -0.00133499 -0.00131241 -0.00128955 -0.00126004 -0.00124401 -0.00120939 -0.00120782 -0.00116766 -0.00115959 -0.00114047 -0.00111684 -0.0011063 -0.00107905 -0.00108001 -0.00104927 -0.00104753 -0.00102806 -0.00101003 -0.00102493 -0.000994036 -0.000980869 -0.000970671 -0.00098108 -0.000969589 -0.000929166 -0.000939111 -0.000932012 -0.000928325 -0.000916678 -0.000901313 -0.00091239 -0.00088626 -0.00089194 -0.000906078 -0.000874361 -0.000875708 -0.000875345 -0.000856526 -0.000860226 -0.00086459 -0.000856673 -0.000850945 -0.000854528 -0.000846415 -0.000839077 -0.000847975 -0.00083996 -0.000832701 -0.000842073 -0.000835216 -0.000829525 -0.000838383 -0.000832551 
0 8.2894e-06 2.44141e-05 2.55709e-05 3.54541e-05 4.0454e-05 4.5404e-05 5.90295e-05 6.11646e-05 8.26462e-05 9.37953e-05 9.48048e-05 0.000115122 0.000106155 0.000110936 0.000133445 0.000133819 0.000154341 0.00017096 0.000173781 0.000176462 0.000190833 0.000212853 0.00020642 0.000229677 0.000243595 0.000222639 0.000255929 0.000285034 0.000289808 0.000297116 0.000306364 0.00033272 0.000350711 0.000359245 0.00036124 0.000385942 0.000409333 0.000409534 0.000434935 0.000457822 0.000470888 0.000493632 0.000523476 0.000539652 0.000559569 0.000595913 0.000614179 0.000634687 0.0006685 0.000699466 0.000717023 0.00075301 0.00079327 0.000819414 0.000854435 0.000902576 0.000947101 0.000980109 0.00103776 0.00109439 0.00114619 0.00119898 0.00127473 0.0013463 0.0014123 0.00149728 0.00159619 0.00170258 0.00180966 0.00196043 0.00213738 0.00235814 0.00262537 0.002998 0.00347835 0.00410382 0.00490708 0.00595769 0.00729761 0.00897521 0.0110559 0.0136053 0.0166831 0.0202917 0.0244234 0.0289815 0.0338293 0.0387023 0.043315 0.0472873 0.0502656 0.0518383 0.0516794 0.0494787 0.0451028 0.0385228 0.0299578 0.019754 0.00846366 -0.00332735 -0.0149364 -0.025751 -0.0351652 -0.0427561 -0.0482149 -0.0514826 -0.0526183 -0.0518795 -0.0495607 -0.0460613 -0.0417363 -0.0369817 -0.0321086 -0.0274199 -0.0230882 -0.0192449 -0.0159201 -0.0131348 -0.0108407 -0.00898043 -0.00748147 -0.00629745 -0.00538426 -0.00467457 -0.00412451 -0.00369509 -0.00338369 -0.00313265 -0.00293108 -0.00275735 -0.00263454 -0.0025179 -0.00241044 -0.00231345 -0.00224261 -0.00216775 -0.00208799 -0.00202848 -0.00197655 -0.00191946 -0.00185724 -0.00182147 -0.00177718 -0.001727 -0.0016854 -0.00165825 -0.00161552 -0.00157356 -0.00155096 -0.00151948 -0.00148119 -0.00145627 -0.00143913 -0.00140333 -0.00138228 -0.00136888 -0.0013439 -0.00132138 -0.00131399 -0.00129367 -0.00126557 -0.00126542 -0.00124823 -0.00122174 -0.00120494 -0.00119726 -0.00118934 -0.001171 -0.00115085 -0.00113235 -0.00115271 -0.00114361 -0.00110544 -0.00111428 -0.00110624 -0.00109158 -0.00109174 -0.00108385 -0.00106646 -0.0010488 -0.00105919 -0.00105144 -0.00104549 -0.00105623 -0.00103515 -0.00103204 -0.00102883 -0.00101723 -0.0010248 -0.00101311 -0.00101541 -0.00101451 -0.00100163 -0.00101447 -0.00100119 -0.00100069 -0.00101449 -0.000992577 -0.00100278 
0 3.55567e-06 2.20832e-05 2.34404e-05 3.95463e-05 5.59619e-05 5.90295e-05 7.54566e-05 7.95487e-05 8.61491e-05 9.94696e-05 0.00010329 0.000121803 0.000136389 0.000146384 0.000161192 0.000166247 0.000173604 0.000183849 0.000199075 0.000210881 0.000223547 0.000240823 0.000242848 0.000263888 0.000284627 0.000289833 0.000313185 0.000317497 0.000323905 0.00035226 0.000366169 0.000374759 0.000394302 0.000417836 0.000430295 0.000456227 0.000479177 0.000487831 0.000518076 0.000541968 0.000553988 0.000578449 0.000610062 0.000625891 0.000648628 0.000689008 0.000710824 0.00073631 0.000778953 0.000815952 0.00084035 0.0008851 0.000934925 0.000965747 0.00100825 0.00106643 0.00111569 0.00115416 0.00121947 0.00128698 0.00134123 0.00140338 0.00149121 0.00157461 0.00164818 0.00174853 0.00186961 0.00199256 0.00212101 0.00230171 0.00252315 0.00278478 0.00311029 0.00356133 0.00414978 0.00489755 0.00586001 0.00711833 0.00872366 0.0107163 0.013175 0.0161833 0.0197972 0.0240009 0.0287619 0.0339801 0.0394893 0.0449905 0.0501368 0.0545203 0.0577412 0.0593583 0.0589864 0.0563064 0.051183 0.0436352 0.0338967 0.0223528 0.00957984 -0.00375092 -0.0168824 -0.029108 -0.0397879 -0.0484556 -0.0547868 -0.0586696 -0.0601543 -0.0594941 -0.0570367 -0.0532102 -0.0484162 -0.0430747 -0.0375588 -0.0322095 -0.0272381 -0.0227799 -0.0188909 -0.0156115 -0.0129066 -0.0107026 -0.00891343 -0.00749692 -0.00640507 -0.00555959 -0.00489208 -0.00437433 -0.00399698 -0.00370174 -0.00345348 -0.00324635 -0.00309822 -0.00296443 -0.00283262 -0.00271677 -0.00263363 -0.00254479 -0.00244849 -0.002374 -0.00231471 -0.00224315 -0.00216903 -0.00212313 -0.00207281 -0.00201165 -0.00196259 -0.0019319 -0.00188368 -0.0018368 -0.00181122 -0.00177884 -0.00173602 -0.00170863 -0.00168907 -0.00164893 -0.00162212 -0.00160489 -0.00157368 -0.00154302 -0.00152941 -0.00150697 -0.00147592 -0.00146642 -0.00144656 -0.00142615 -0.00141828 -0.0014015 -0.00137927 -0.00137248 -0.00136875 -0.00134079 -0.00132942 -0.00131968 -0.00129992 -0.00130079 -0.00128651 -0.00127022 -0.00126586 -0.00125819 -0.00125377 -0.0012487 -0.00124319 -0.00122776 -0.00121962 -0.00121542 -0.00120354 -0.00120824 -0.00120136 -0.00119398 -0.00119766 -0.00118389 -0.00118596 -0.00118368 -0.00117369 -0.0011839 -0.00117077 -0.00116672 -0.00117545 -0.00116081 -0.00117105 
0 8.19039e-06 2.8802e-05 3.19216e-05 4.2635e-05 6.19611e-05 6.11646e-05 7.95487e-05 0.000100416 9.63841e-05 0.000119014 0.000132871 0.000127103 0.000157713 0.000166792 0.000166058 0.000199123 0.000202604 0.000208953 0.00023581 0.000243833 0.000257937 0.000269605 0.000287423 0.000302476 0.000306051 0.00033947 0.000355604 0.000356954 0.000379544 0.000404579 0.000428417 0.000430686 0.000453158 0.000483837 0.000492644 0.000521425 0.000538127 0.000560276 0.000590447 0.000611475 0.00063896 0.000661935 0.000700693 0.000721699 0.000751079 0.000794168 0.000816931 0.000854769 0.000892218 0.000935408 0.000965711 0.00101271 0.00106731 0.00110131 0.00115749 0.00121444 0.00127587 0.00132344 0.00139856 0.0014758 0.00153896 0.00162017 0.00171311 0.00181564 0.00189896 0.00202216 0.00215633 0.00230203 0.00245599 0.00266723 0.00293053 0.00323572 0.00363179 0.00415995 0.00486393 0.00573849 0.00688178 0.00835257 0.0102386 0.0125552 0.0154152 0.0188876 0.0230391 0.027822 0.0331904 0.0390226 0.0451245 0.0511646 0.0567446 0.0614364 0.0647936 0.0663607 0.0656998 0.0625072 0.0566426 0.0481872 0.037374 0.0246363 0.0105493 -0.00413117 -0.0186083 -0.0320835 -0.0439113 -0.0535738 -0.0607493 -0.0652608 -0.0671565 -0.0666613 -0.0641699 -0.0601201 -0.0549619 -0.0491303 -0.0430515 -0.037098 -0.0315171 -0.0264646 -0.0220151 -0.0182388 -0.0150995 -0.0125383 -0.01044 -0.00878326 -0.00748653 -0.00649419 -0.00569514 -0.0050875 -0.00462653 -0.00427946 -0.00398098 -0.00373992 -0.0035592 -0.0034007 -0.00325246 -0.0031144 -0.00301943 -0.00291145 -0.00281219 -0.00271941 -0.00265357 -0.00257188 -0.00249302 -0.00243718 -0.00237617 -0.00231597 -0.00225359 -0.00221801 -0.00216052 -0.00211188 -0.00207436 -0.0020333 -0.00199187 -0.00195071 -0.00192857 -0.00188356 -0.00185516 -0.00183116 -0.00179826 -0.00177347 -0.00174577 -0.00172957 -0.00169898 -0.00168163 -0.00165988 -0.00163243 -0.00162943 -0.00160136 -0.00157617 -0.0015646 -0.00155773 -0.00154245 -0.00150947 -0.00150945 -0.00150327 -0.00148264 -0.00147361 -0.00146039 -0.00145607 -0.00143625 -0.0014287 -0.00143364 -0.00140486 -0.00140389 -0.00140722 -0.00138312 -0.00138814 -0.00138552 -0.00136893 -0.00137057 -0.00136425 -0.00135713 -0.00135636 -0.00135156 -0.00134696 -0.00134336 -0.00134494 -0.00134246 -0.00133798 -0.00134141 -0.0013363 
0 1.89941e-05 1.98609e-05 4.4187e-05 5.36491e-05 5.65313e-05 8.26462e-05 8.61491e-05 9.63841e-05 0.000125065 0.000128087 0.000144533 0.0001698 0.000163684 0.000177168 0.000204335 0.000204784 0.000228763 0.000257383 0.000255726 0.000271949 0.000290474 0.00030693 0.000325713 0.000338577 0.000366654 0.000364038 0.000376871 0.000427541 0.000440705 0.000448707 0.000460542 0.000499955 0.000529041 0.000529645 0.000564368 0.000579977 0.000613016 0.000638569 0.000655395 0.000696442 0.00071428 0.000758165 0.000779519 0.00081787 0.000856651 0.000883273 0.000934688 0.000959182 0.0010158 0.00104733 0.0010992 0.00114791 0.00119446 0.00125735 0.00130119 0.00138089 0.00142913 0.0015103 0.00157707 0.00166492 0.00174513 0.00183244 0.00194528 0.00204095 0.00216755 0.00228441 0.00245422 0.00260384 0.00280823 0.00303993 0.0033494 0.00371005 0.00418022 0.00480683 0.00561321 0.00665444 0.00797243 0.00969847 0.0118487 0.0145373 0.0177914 0.0217638 0.0264224 0.0317899 0.0377176 0.044129 0.0507306 0.0572209 0.0631179 0.0680113 0.0713878 0.0728022 0.0717773 0.068038 0.061453 0.052149 0.0403752 0.0265886 0.0113809 -0.00445283 -0.0200721 -0.0346357 -0.0474759 -0.0580526 -0.0660272 -0.0711805 -0.0735429 -0.0733068 -0.070893 -0.0667296 -0.0613251 -0.0551024 -0.0485631 -0.0420556 -0.0359205 -0.0302782 -0.0253036 -0.0210036 -0.0174392 -0.0144737 -0.0120828 -0.0101443 -0.00865193 -0.00746888 -0.00655461 -0.00583295 -0.00529259 -0.00487484 -0.00452838 -0.00425886 -0.00402853 -0.00385756 -0.00367328 -0.00354119 -0.00339997 -0.00329832 -0.00317408 -0.00308225 -0.00299004 -0.00290262 -0.00282628 -0.00274248 -0.00268812 -0.00260529 -0.00255878 -0.00248759 -0.00244308 -0.00238526 -0.00233519 -0.00229559 -0.00224036 -0.00221285 -0.00215748 -0.00213533 -0.00209113 -0.00205911 -0.00203255 -0.00199572 -0.00197941 -0.00193615 -0.00192342 -0.00189315 -0.00187285 -0.00185238 -0.00180937 -0.00180937 -0.00179326 -0.00176797 -0.00173184 -0.00172349 -0.00173675 -0.00169965 -0.001681 -0.00167144 -0.00165978 -0.00165224 -0.00163237 -0.00163232 -0.00160959 -0.00158675 -0.00159925 -0.00158593 -0.00157221 -0.00157858 -0.0015626 -0.00154625 -0.00155056 -0.00154284 -0.00153091 -0.00153446 -0.00152774 -0.00151904 -0.00152113 -0.001515 -0.00151124 -0.00151278 -0.00150954 -0.00150709 -0.00150544 
0 1.58693e-05 2.12462e-05 4.45626e-05 5.55093e-05 7.13063e-05 9.37953e-05 9.94696e-05 0.000119014 0.000128087 0.000136687 0.00016066 0.000168127 0.000193276 0.000218176 0.00022469 0.000242491 0.000252955 0.000263246 0.000281607 0.000310482 0.000327252 0.000334579 0.00036768 0.000373928 0.000394237 0.000438695 0.00044158 0.000456153 0.000472999 0.000499437 0.00053475 0.000546738 0.000566865 0.000593527 0.000637552 0.000654948 0.000676977 0.000722316 0.000738978 0.000775194 0.00080736 0.000839375 0.000869068 0.000908925 0.000953336 0.000978 0.00103477 0.00107659 0.00112231 0.00117142 0.00123021 0.00128575 0.00133402 0.0014098 0.00146719 0.00153789 0.0016056 0.0016925 0.0017691 0.00185408 0.00195527 0.0020543 0.0021679 0.00228069 0.00242492 0.00256492 0.00273823 0.00292493 0.00315996 0.00343331 0.0037784 0.00421125 0.00476696 0.00549307 0.00642447 0.00763252 0.0091679 0.0111394 0.0135972 0.0166486 0.0203463 0.0247943 0.0299796 0.0358817 0.0423598 0.0492655 0.0563014 0.0631139 0.0692304 0.0741898 0.0774798 0.0786226 0.0771702 0.0728502 0.065577 0.0554886 0.0428732 0.028191 0.012063 -0.00471246 -0.0212628 -0.0367427 -0.0504557 -0.061859 -0.0705778 -0.0763819 -0.0792558 -0.0793835 -0.07715 -0.0730068 -0.0674591 -0.0609788 -0.0540587 -0.0470936 -0.0404266 -0.0342512 -0.0287411 -0.0239487 -0.0199148 -0.0165561 -0.0138278 -0.0116213 -0.00988869 -0.00851841 -0.0074599 -0.00663 -0.00599385 -0.00549543 -0.00510403 -0.00479192 -0.00452773 -0.00431433 -0.00412268 -0.0039665 -0.0038067 -0.00367989 -0.00355399 -0.00344681 -0.00333179 -0.00323876 -0.00315271 -0.00306101 -0.00298265 -0.00290791 -0.0028477 -0.00276703 -0.00271667 -0.00265956 -0.00260404 -0.00254966 -0.00250807 -0.00246627 -0.00240874 -0.0023827 -0.00233764 -0.00229813 -0.00226074 -0.0022311 -0.0021931 -0.00215681 -0.00214305 -0.00209582 -0.00207383 -0.00206079 -0.00203514 -0.00200598 -0.00198075 -0.00197609 -0.00195415 -0.00193796 -0.00190215 -0.00188097 -0.00189046 -0.00185806 -0.00184177 -0.00183311 -0.00180986 -0.00180388 -0.001802 -0.00179525 -0.00177347 -0.00176558 -0.00175283 -0.00173374 -0.00174129 -0.00172783 -0.00171984 -0.00172187 -0.00170439 -0.00170605 -0.00169866 -0.0016923 -0.00169871 -0.00168303 -0.00168415 -0.00168114 -0.00166846 -0.00168062 -0.00167443 
0 1.82208e-05 3.05524e-05 5.16487e-05 6.06854e-05 7.78597e-05 9.48048e-05 0.00010329 0.000132871 0.000144533 0.00016066 0.000188406 0.000185665 0.000209105 0.000229543 0.000231148 0.00026722 0.000287014 0.000300337 0.000324065 0.000340272 0.000357673 0.000369795 0.000405199 0.000419365 0.000426395 0.000468884 0.000477746 0.000506797 0.000542711 0.000552405 0.000590152 0.000609622 0.000633567 0.00066606 0.00069255 0.000718729 0.000741474 0.000791746 0.000812366 0.000844841 0.000898265 0.000923587 0.000966996 0.00101218 0.00105884 0.0010921 0.00114553 0.00120341 0.00123537 0.00129918 0.00135884 0.00141515 0.00147034 0.00154942 0.00162412 0.00168455 0.00177814 0.00186825 0.00195937 0.00204867 0.00217081 0.00228713 0.00240114 0.00254101 0.00269804 0.00286739 0.0030423 0.00327318 0.00353679 0.00385506 0.00423986 0.00475095 0.00540058 0.00623071 0.00730256 0.0086888 0.0104633 0.0126904 0.0154786 0.0189056 0.0230661 0.0279848 0.0336878 0.0400918 0.0470791 0.054405 0.0617834 0.0688021 0.0750195 0.0799174 0.0830001 0.0837645 0.081818 0.0768984 0.0689699 0.0581736 0.044836 0.0294209 0.0125739 -0.00492215 -0.022191 -0.0384061 -0.0528516 -0.0649828 -0.0743895 -0.0808387 -0.0842699 -0.0848533 -0.0829147 -0.0789183 -0.0733504 -0.0667354 -0.0595379 -0.052202 -0.0450566 -0.0383897 -0.0323606 -0.0270864 -0.0225678 -0.018803 -0.0157114 -0.0132234 -0.0112246 -0.00965125 -0.00842571 -0.0074776 -0.0067312 -0.0061424 -0.00569514 -0.00533362 -0.00503382 -0.00477056 -0.00457106 -0.004385 -0.00421394 -0.00405578 -0.00393295 -0.00380901 -0.00367997 -0.0035794 -0.00348603 -0.00339293 -0.0032911 -0.0032265 -0.00314868 -0.00306694 -0.0030008 -0.00294405 -0.00287937 -0.00280798 -0.00277185 -0.00271122 -0.0026562 -0.0026157 -0.00257503 -0.00252804 -0.00248547 -0.00246661 -0.00241422 -0.00238582 -0.00236558 -0.00232449 -0.00229678 -0.00226773 -0.00224735 -0.00221046 -0.00219131 -0.00216723 -0.00213306 -0.0021324 -0.00209906 -0.0020837 -0.00207934 -0.00204438 -0.00203689 -0.00202744 -0.00201106 -0.00198871 -0.00197486 -0.00196806 -0.00193962 -0.00194575 -0.00194012 -0.00191495 -0.00192392 -0.00190541 -0.00189288 -0.00189575 -0.00187942 -0.00188211 -0.00187085 -0.00186063 -0.00186492 -0.00184997 -0.00185809 -0.00185901 -0.00184632 -0.00185732 -0.00184306 
0 2.62202e-05 2.28991e-05 5.7266e-05 7.46922e-05 7.46821e-05 0.000115122 0.000121803 0.000127103 0.0001698 0.000168127 0.000185665 0.000229284 0.000224117 0.000247563 0.00027873 0.000279184 0.000308204 0.000331253 0.000348911 0.000368397 0.000385627 0.000423106 0.000432133 0.000456152 0.00049873 0.000499404 0.000521485 0.000560363 0.00059309 0.000606472 0.000621121 0.000675452 0.000697914 0.000724968 0.000761938 0.000784968 0.000833475 0.000862829 0.000896225 0.00093365 0.000977458 0.00101915 0.00104886 0.00111152 0.00114948 0.00119484 0.00125577 0.00130936 0.00136328 0.0014202 0.00150067 0.00155233 0.00162349 0.00170876 0.00178499 0.00186115 0.00195211 0.00206286 0.0021468 0.00225712 0.00238304 0.00251409 0.002637 0.00279095 0.00297417 0.00315216 0.00335938 0.00361299 0.00392919 0.00428039 0.00473306 0.00532101 0.00608024 0.00702956 0.00825801 0.00985102 0.0118706 0.0143919 0.0175147 0.0213577 0.0259675 0.031378 0.0375586 0.0444533 0.0518708 0.0595591 0.0671586 0.0742863 0.0804605 0.0851837 0.0879216 0.0882213 0.0857082 0.0801894 0.0716337 0.0602204 0.0462758 0.0303014 0.0129298 -0.00505974 -0.0228419 -0.0396008 -0.0546415 -0.0673874 -0.0774287 -0.0844983 -0.0885344 -0.0896428 -0.088125 -0.0843872 -0.0789438 -0.0722988 -0.0649533 -0.0573182 -0.0497858 -0.0426512 -0.0361527 -0.0303843 -0.0254032 -0.021197 -0.0177436 -0.0149349 -0.0126705 -0.0108653 -0.00946408 -0.00837921 -0.00751517 -0.00683703 -0.00631415 -0.00591277 -0.00555857 -0.00526874 -0.00503134 -0.00483599 -0.00463461 -0.00446205 -0.0043217 -0.00418374 -0.00404425 -0.00392047 -0.00382756 -0.00371105 -0.00361063 -0.00352357 -0.00344707 -0.0033545 -0.00327867 -0.00322275 -0.00314382 -0.00308285 -0.00302549 -0.00297656 -0.00291088 -0.00286674 -0.00282709 -0.00276608 -0.00273231 -0.00268955 -0.00265126 -0.00260576 -0.00257439 -0.00254573 -0.00250414 -0.00248367 -0.0024389 -0.00242133 -0.0024106 -0.00236677 -0.00233847 -0.00232267 -0.00231926 -0.00227981 -0.00224903 -0.00225135 -0.00222137 -0.00220528 -0.00219327 -0.00217727 -0.00216356 -0.00213923 -0.00214607 -0.00212785 -0.0021021 -0.00211495 -0.00208708 -0.00207275 -0.00208662 -0.00205892 -0.00205347 -0.00206002 -0.00204017 -0.00204167 -0.00204141 -0.0020275 -0.00202794 -0.00202293 -0.00201625 -0.00201965 -0.0020174 
0 1.14121e-05 4.6203e-05 5.03303e-05 7.22374e-05 0.000102459 0.000106155 0.000136389 0.000157713 0.000163684 0.000193276 0.000209105 0.000224117 0.000253131 0.000275665 0.000296849 0.000316366 0.000337087 0.000351086 0.000372249 0.000408179 0.000429358 0.000448475 0.000475569 0.000498807 0.000518124 0.000555493 0.000596427 0.000601194 0.000618922 0.000664683 0.000704478 0.00072689 0.000746141 0.000791061 0.000829453 0.000864796 0.000898496 0.000934999 0.000982307 0.00101762 0.00106593 0.00110493 0.00115378 0.00120629 0.00125179 0.00131015 0.00136267 0.00142993 0.00148243 0.00155508 0.00162712 0.00169357 0.00177517 0.0018567 0.00195012 0.00202737 0.00213951 0.00224261 0.00235102 0.00246773 0.0026062 0.00274946 0.00288537 0.00306552 0.00325305 0.00346608 0.00368775 0.00398935 0.00433181 0.00474601 0.00525907 0.00594181 0.00680879 0.00789586 0.00930384 0.0111107 0.0134037 0.016225 0.0197256 0.0239757 0.0290603 0.0349295 0.0415915 0.0489084 0.0567126 0.0646506 0.0723899 0.0794875 0.0855102 0.0899103 0.0922032 0.0919335 0.0888191 0.0826858 0.0735588 0.0616051 0.0471923 0.030816 0.0131267 -0.00515245 -0.0232319 -0.0403606 -0.0558382 -0.0690993 -0.0796971 -0.0873776 -0.0920316 -0.0937496 -0.0927423 -0.0894059 -0.0841994 -0.0776684 -0.0702665 -0.0624547 -0.0545933 -0.0470726 -0.0401116 -0.0338897 -0.0284262 -0.0237947 -0.0199358 -0.0168013 -0.0142359 -0.0121944 -0.0105864 -0.00934563 -0.0083544 -0.00757142 -0.00697265 -0.00649994 -0.00611048 -0.00576904 -0.0055116 -0.0052751 -0.00506908 -0.00486649 -0.00471425 -0.00455719 -0.00440991 -0.0042762 -0.0041602 -0.00404842 -0.00392919 -0.00384215 -0.00374365 -0.00365958 -0.00356959 -0.00350187 -0.00342542 -0.00335279 -0.00329468 -0.00322802 -0.00317462 -0.00311231 -0.0030678 -0.00301291 -0.00296563 -0.00292148 -0.00287468 -0.0028417 -0.00279554 -0.00275935 -0.00272148 -0.00269672 -0.00266962 -0.00262429 -0.0025939 -0.00257946 -0.00256698 -0.00252039 -0.00248425 -0.00248092 -0.00246276 -0.00243517 -0.00241293 -0.00239639 -0.00237376 -0.00236051 -0.00235676 -0.00233841 -0.00231849 -0.00230336 -0.00229293 -0.0022781 -0.00226904 -0.00226673 -0.00224721 -0.00224313 -0.00223908 -0.00221898 -0.00222435 -0.00221778 -0.00220417 -0.00221118 -0.00219766 -0.00219207 -0.00219755 -0.00218539 -0.00219151 
0 1.15219e-05 5.16673e-05 5.42106e-05 7.98004e-05 0.000111303 0.000110936 0.000146384 0.000166792 0.000177168 0.000218176 0.000229543 0.000247563 0.000275665 0.00028379 0.000312558 0.000338231 0.000362982 0.00039832 0.000416337 0.000435561 0.000460159 0.000482361 0.000511153 0.000546393 0.00056752 0.000586826 0.000624306 0.000655277 0.000694581 0.000729719 0.000747432 0.000782436 0.000827434 0.000861933 0.000885854 0.000931482 0.000971801 0.00100772 0.00106191 0.00110033 0.00114999 0.00120141 0.00125705 0.00130648 0.00136082 0.00142964 0.00147822 0.00154906 0.00161336 0.00168648 0.00175742 0.00183632 0.00192688 0.00200616 0.00211049 0.00220343 0.00232079 0.00242897 0.00255614 0.00268866 0.00283187 0.00299078 0.00314927 0.00334731 0.00354718 0.00378859 0.00404504 0.00438017 0.00476356 0.0052401 0.00583476 0.00661077 0.00759928 0.00884314 0.0104507 0.0124915 0.0150683 0.0182236 0.0221141 0.0267922 0.0323338 0.0386624 0.0457635 0.0534635 0.0615605 0.069666 0.0774245 0.0843862 0.090116 0.0940774 0.0958061 0.0949011 0.0911391 0.0844051 0.0747471 0.062353 0.0475967 0.0309915 0.0131671 -0.00519436 -0.023381 -0.0406929 -0.0564634 -0.0701182 -0.0812084 -0.0894629 -0.0947579 -0.0971316 -0.0967382 -0.0939124 -0.0890838 -0.0827782 -0.0754463 -0.0675496 -0.0594654 -0.0516122 -0.0442432 -0.0375754 -0.0316554 -0.0265839 -0.0223135 -0.018817 -0.01594 -0.0136393 -0.0118069 -0.0103846 -0.00925077 -0.00835988 -0.0076661 -0.00711778 -0.00667648 -0.00629687 -0.0059997 -0.00572851 -0.00550629 -0.00528669 -0.00511123 -0.00493545 -0.00478463 -0.0046382 -0.00450368 -0.00438539 -0.00426423 -0.00416318 -0.00405123 -0.00396847 -0.00387039 -0.0037872 -0.00370664 -0.00363268 -0.00356005 -0.00348434 -0.00343346 -0.00336162 -0.00330635 -0.00325413 -0.00320525 -0.00315315 -0.00310708 -0.00307238 -0.00302016 -0.0029911 -0.00295225 -0.00290431 -0.00287538 -0.00285056 -0.0028121 -0.00276864 -0.00274873 -0.00272249 -0.00270041 -0.00268056 -0.00264453 -0.00262536 -0.00261484 -0.00259511 -0.00257426 -0.00255494 -0.00252698 -0.00251062 -0.00250345 -0.00248466 -0.0024807 -0.00246558 -0.00244665 -0.00244609 -0.00242422 -0.00242084 -0.00242202 -0.00239736 -0.00239901 -0.00238839 -0.00237152 -0.00238298 -0.00237348 -0.00237235 -0.00237988 -0.00236255 -0.00236371 
0 2.79367e-05 4.03921e-05 6.65915e-05 9.37697e-05 0.00010176 0.000133445 0.000161192 0.000166058 0.000204335 0.00022469 0.000231148 0.00027873 0.000296849 0.000312558 0.000353651 0.000364341 0.000382808 0.000414886 0.00044177 0.000464708 0.000496095 0.000538319 0.000547168 0.000581331 0.000625665 0.000637608 0.000678877 0.000701398 0.0007373 0.000780835 0.00079211 0.000849398 0.000891149 0.00092155 0.000963262 0.00100942 0.00106216 0.00108621 0.00115051 0.00119278 0.00123083 0.00130118 0.0013432 0.00140399 0.00146022 0.00153699 0.00159326 0.0016607 0.0017549 0.00181493 0.0019052 0.00198993 0.00209127 0.00217421 0.00228032 0.00240121 0.00250194 0.00263316 0.0027608 0.0029176 0.00305448 0.00323221 0.00341733 0.0036214 0.00384867 0.00410665 0.00442229 0.00477292 0.00522385 0.00575875 0.00646191 0.0073306 0.00846302 0.00988557 0.0117132 0.0140129 0.0168845 0.0204139 0.024698 0.0298269 0.0357958 0.0425856 0.0500674 0.058108 0.0663873 0.0745791 0.0822273 0.0889527 0.0942448 0.0976638 0.0987169 0.0971301 0.0926826 0.0853729 0.0752259 0.0624977 0.0475218 0.0308589 0.0130679 -0.00518252 -0.0233025 -0.0406154 -0.0565372 -0.0704582 -0.0819748 -0.0907564 -0.0967068 -0.0997623 -0.100075 -0.0978531 -0.093543 -0.0875665 -0.0804376 -0.0725445 -0.0643582 -0.0562298 -0.0485254 -0.0414198 -0.035083 -0.0295571 -0.024882 -0.020985 -0.0177903 -0.0152042 -0.0131348 -0.0115068 -0.0102126 -0.00921199 -0.00840396 -0.00778368 -0.00726669 -0.00686759 -0.00650834 -0.00621707 -0.00595815 -0.00573612 -0.00552612 -0.0053303 -0.00517461 -0.00500633 -0.00486278 -0.00471502 -0.00460753 -0.00447385 -0.00436046 -0.00426503 -0.00416519 -0.00407185 -0.00397743 -0.00391916 -0.00382245 -0.00375641 -0.00369528 -0.00362701 -0.00356369 -0.00350284 -0.00346213 -0.00338551 -0.00334988 -0.00330091 -0.00323916 -0.00320917 -0.00316506 -0.0031262 -0.00307509 -0.00305999 -0.00302779 -0.00297948 -0.00296737 -0.00292673 -0.00290821 -0.00287731 -0.00283854 -0.00283577 -0.00279894 -0.00276944 -0.00275761 -0.00274261 -0.00272189 -0.00270256 -0.00270374 -0.00266947 -0.00265144 -0.002658 -0.00262237 -0.00262066 -0.00261927 -0.00258485 -0.00258948 -0.00258372 -0.00256737 -0.00257625 -0.00256677 -0.00255378 -0.00255112 -0.00253944 -0.00253342 -0.00253766 -0.00253914 
0 1.3453e-05 5.63652e-05 6.4212e-05 8.86661e-05 0.000129185 0.000133819 0.000166247 0.000199123 0.000204784 0.000242491 0.00026722 0.000279184 0.000316366 0.000338231 0.000364341 0.000396719 0.000421776 0.000452316 0.00046687 0.00050526 0.000543268 0.000550311 0.000597098 0.000629675 0.000642279 0.000691002 0.000736354 0.000765719 0.000780322 0.000830664 0.000885217 0.000905882 0.000949983 0.00098167 0.00103474 0.00108893 0.00111605 0.00117395 0.00122657 0.00128365 0.00132828 0.0013937 0.00146004 0.00150309 0.00158716 0.00164877 0.00171628 0.00179029 0.00187802 0.00195718 0.00203139 0.00214785 0.0022341 0.00233768 0.00244935 0.00258205 0.00269751 0.00282698 0.00299241 0.00314041 0.0033085 0.00348707 0.00371173 0.00392033 0.00417261 0.00446682 0.00481654 0.00521585 0.00570694 0.00634313 0.00712635 0.00812925 0.0093934 0.0110356 0.0130849 0.0156705 0.0188553 0.022776 0.027476 0.0330378 0.0394394 0.046638 0.05448 0.0627564 0.0711556 0.0792947 0.0867569 0.0930933 0.0978628 0.100597 0.100931 0.0985852 0.0934748 0.0855791 0.0750336 0.0620398 0.0470084 0.0304128 0.0128484 -0.00515487 -0.0230123 -0.0401935 -0.0560891 -0.0701883 -0.0820204 -0.0913184 -0.0978831 -0.101678 -0.102723 -0.101236 -0.0975247 -0.0920319 -0.085186 -0.0774431 -0.0692263 -0.0609441 -0.0529371 -0.045462 -0.0387082 -0.0327588 -0.0276582 -0.0233524 -0.0198134 -0.0169177 -0.0145992 -0.012726 -0.0112708 -0.0101146 -0.00921105 -0.00847098 -0.00790003 -0.00743744 -0.00704281 -0.00670215 -0.00641627 -0.00618149 -0.00593696 -0.00573469 -0.00554835 -0.00539193 -0.00521156 -0.0050709 -0.00494417 -0.00481037 -0.00468527 -0.00457543 -0.00448544 -0.00436268 -0.00428119 -0.00419467 -0.00410853 -0.00402223 -0.0039539 -0.00388898 -0.00380209 -0.00375769 -0.00369055 -0.00362976 -0.00357892 -0.0035337 -0.0034843 -0.00342294 -0.00339861 -0.00335118 -0.00331221 -0.00326847 -0.00321892 -0.00321008 -0.00317284 -0.00312405 -0.00308891 -0.00308007 -0.00305919 -0.00300894 -0.00300272 -0.00297978 -0.00294385 -0.00293825 -0.00291562 -0.00289401 -0.0028702 -0.00285596 -0.00284953 -0.00281931 -0.00281665 -0.00280951 -0.00278086 -0.00278779 -0.00277479 -0.00275171 -0.00275915 -0.0027404 -0.0027282 -0.00273805 -0.00272262 -0.00272234 -0.00272828 -0.00271092 -0.002714 
0 2.60752e-05 4.67404e-05 7.70332e-05 0.000100404 0.000125102 0.000154341 0.000173604 0.000202604 0.000228763 0.000252955 0.000287014 0.000308204 0.000337087 0.000362982 0.000382808 0.000421776 0.000445203 0.000479906 0.000520262 0.00053583 0.00056861 0.000598038 0.000633058 0.00067201 0.000703937 0.000743676 0.000758526 0.000806755 0.000864754 0.00089286 0.000929569 0.000960248 0.00102384 0.00106759 0.00110147 0.00115756 0.001198 0.0012643 0.00130989 0.00136663 0.0014273 0.00148659 0.00156043 0.00161039 0.00169787 0.00176377 0.00183879 0.00192411 0.00200883 0.00210168 0.00218246 0.00230516 0.00239679 0.0025104 0.00263335 0.00276812 0.00289783 0.00303587 0.00321663 0.0033717 0.00355712 0.00375383 0.00399754 0.00422701 0.00450462 0.00483956 0.00522746 0.00567943 0.00623497 0.00696802 0.00785848 0.00899773 0.0104338 0.0122989 0.0146056 0.017487 0.0210207 0.0253409 0.030469 0.0364535 0.0432688 0.0508388 0.0589759 0.0674096 0.0758209 0.0838082 0.0909603 0.0968033 0.100926 0.102897 0.102436 0.0993179 0.0935313 0.0850953 0.0741998 0.0610558 0.0460825 0.0297139 0.0125072 -0.00508698 -0.0225496 -0.0394339 -0.055178 -0.0693223 -0.081401 -0.091149 -0.0983218 -0.102848 -0.104683 -0.10399 -0.100993 -0.0960825 -0.0896452 -0.0821533 -0.0740215 -0.0656726 -0.0574442 -0.0496483 -0.0425103 -0.0361544 -0.0306277 -0.0259106 -0.0219985 -0.0187826 -0.0161829 -0.0140632 -0.0124094 -0.0110955 -0.0100688 -0.00921897 -0.00856983 -0.00804405 -0.00760606 -0.00721969 -0.00690333 -0.00664195 -0.006378 -0.00615439 -0.00594758 -0.00577969 -0.00558372 -0.00543177 -0.00528622 -0.00514864 -0.0050107 -0.00488969 -0.00478966 -0.00466287 -0.00457403 -0.00447324 -0.00439026 -0.00429507 -0.00422094 -0.00415005 -0.00406435 -0.00401064 -0.00393657 -0.00388422 -0.00381698 -0.00376491 -0.00371859 -0.00366197 -0.00362219 -0.00355808 -0.00353034 -0.0034946 -0.00344676 -0.00340266 -0.0033595 -0.00335451 -0.00331376 -0.00327106 -0.00324543 -0.00321766 -0.0032022 -0.00317123 -0.00315357 -0.0031221 -0.00309163 -0.00308726 -0.00305994 -0.0030475 -0.00303546 -0.00301048 -0.00300159 -0.00298232 -0.00297223 -0.00296546 -0.00294895 -0.00294395 -0.0029302 -0.00291908 -0.00291643 -0.0029063 -0.00290561 -0.00290325 -0.00289585 -0.00289606 -0.00288916 
