0 0 0 0 0 0 0 0 0 0 0 0 0 0 0 0 0 0 0 0 0 0 0 0 0 0 0 0 0 0 0 0 0 0 0 0 0 0 0 0 0 0 0 0 0 0 0 0 0 0 0 0 0 0 0 0 0 0 0 0 0 0 0 0 0 0 0 0 0 0 0 0 0 0 0 0 0 0 0 0 0 0 0 0 0 0 0 0 0 0 0 0 0 0 0 0 0 0 0 0 0 0 0 0 0 0 0 0 0 0 0 0 0 0 0 0 0 0 0 0 0 0 0 0 0 0 0 0 0 0 0 0 0 0 0 0 0 0 0 0 0 0 0 0 0 0 0 0 0 0 0 0 0 0 0 0 0 0 0 0 0 0 0 0 0 0 0 0 0 0 0 0 0 0 0 0 0 0 0 0 0 0 0 0 0 0 0 0 0 0 0 0 0 0 0 0 0 0 0 0 
0 -5.94327e-06 9.75358e-06 -4.40537e-06 1.21355e-06 1.69801e-05 2.66006e-06 1.45587e-05 1.96383e-05 7.41541e-07 1.31186e-05 1.47515e-05 4.20521e-06 2.52235e-05 2.72938e-05 1.65474e-05 2.96297e-05 2.24178e-05 1.58111e-05 2.88983e-05 2.85316e-05 3.1538e-05 2.75081e-05 2.92223e-05 3.86825e-05 3.06163e-05 4.78849e-05 5.29554e-05 3.48791e-05 3.50124e-05 4.75017e-05 6.16705e-05 3.8942e-05 4.37376e-05 6.04649e-05 5.13635e-05 6.74269e-05 5.91503e-05 6.49579e-05 7.30499e-05 7.26853e-05 7.71124e-05 6.97138e-05 8.99302e-05 7.55001e-05 8.31005e-05 9.32087e-05 8.62567e-05 9.68119e-05 9.55903e-05 0.000113204 9.96588e-05 0.000119051 0.000124789 0.000122419 0.000134171 0.000138202 0.000153424 0.00013998 0.000166669 0.0001651 0.000173774 0.000175487 0.000193789 0.000203371 0.000199891 0.000224943 0.000233315 0.000256387 0.000255911 0.000300372 0.000323273 0.00036788 0.000408946 0.000496266 0.000591883 0.000711088 0.000868851 0.00107727 0.00134195 0.0016415 0.00202864 0.00248765 0.00305452 0.00366989 0.00437998 0.00512447 0.00591869 0.00665299 0.00733586 0.00788098 0.00829696 0.00846484 0.00836746 0.00791569 0.00715363 0.006052 0.00468693 0.00305909 0.00128333 -0.000590183 -0.00241108 -0.00412222 -0.00559907 -0.00683087 -0.00773516 -0.00833219 -0.0085672 -0.00851511 -0.0081876 -0.00770534 -0.00706695 -0.00635933 -0.00557155 -0.00481491 -0.00408136 -0.00343955 -0.0028413 -0.00234939 -0.001929 -0.00160671 -0.00132064 -0.00109488 -0.000916725 -0.000788218 -0.000682077 -0.000587957 -0.000535468 -0.00048881 -0.000462712 -0.000414702 -0.000410349 -0.000385987 -0.000378779 -0.000347293 -0.00035065 -0.000337514 -0.00032163 -0.000311535 -0.00030485 -0.000304135 -0.000276571 -0.000287166 -0.000272006 -0.000271522 -0.000254083 -0.000262591 -0.000255008 -0.000240255 -0.000250882 -0.000238079 -0.000240601 -0.000225978 -0.000238552 -0.000222633 -0.00021714 -0.000225982 -0.000208259 -0.000211571 -0.000201786 -0.000209225 -0.000196994 -0.000196173 -0.000198858 -0.000186687 -0.000208375 -0.000190801 -0.000178922 -0.000191971 -0.00019846 -0.000189808 -0.000166752 -0.000180991 -0.0001817 -0.000174592 -0.000179478 -0.000170646 -0.000174577 -0.000168326 -0.000173497 -0.000185856 -0.000166074 -0.000168264 -0.000172494 -0.000154209 -0.000164925 -0.000173287 -0.000159819 -0.000168663 -0.000170436 -0.000156023 -0.000165936 -0.000165321 -0.000156192 -0.000167008 -0.000160965 -0.000157149 -0.000165712 -0.000159382 -0.000161508 
0 9.75358e-06 3.04875e-06 1.20013e-05 1.81837e-05 3.02158e-06 1.5103e-05 1.75577e-05 7.79916e-06 3.59562e-05 3.23514e-05 2.74348e-05 4.76514e-05 2.64257e-05 2.73697e-05 4.1691e-05 3.77332e-05 4.94216e-05 5.46943e-05 6.20743e-05 4.8365e-05 5.45555e-05 8.13715e-05 5.55248e-05 7.37332e-05 8.42509e-05 5.17462e-05 7.49459e-05 9.06117e-05 9.79028e-05 9.23619e-05 8.46858e-05 0.000108758 0.000116251 0.000117078 0.000103572 0.000118588 0.000133662 0.000116497 0.00013444 0.000139397 0.000139825 0.000151285 0.000162698 0.000166057 0.000168379 0.000192273 0.000188709 0.000192773 0.000211752 0.000216053 0.000216181 0.000229121 0.000247175 0.00024252 0.00025457 0.000277139 0.000283416 0.000288391 0.000311987 0.00033418 0.000337567 0.00035559 0.000387861 0.000404774 0.000416042 0.00044676 0.000486584 0.000508324 0.000538993 0.000597898 0.000667447 0.000737369 0.000838426 0.000997993 0.00119395 0.00143395 0.00174657 0.00217041 0.00268447 0.00330443 0.0040604 0.00500013 0.00610467 0.00736038 0.00875013 0.0102591 0.011808 0.0132941 0.0146249 0.0157314 0.0165235 0.0168692 0.016642 0.01576 0.0142178 0.0120428 0.00930256 0.00608299 0.00253272 -0.00117063 -0.00480973 -0.00819449 -0.0111566 -0.0135919 -0.015417 -0.0165886 -0.0170881 -0.0169739 -0.0163586 -0.0153797 -0.0141369 -0.0127035 -0.0111666 -0.00963359 -0.00819688 -0.00688572 -0.00571793 -0.0047095 -0.00388819 -0.00321647 -0.00265997 -0.0021946 -0.00184415 -0.0015768 -0.00136176 -0.00118096 -0.00106096 -0.000980036 -0.000905684 -0.000837466 -0.000798853 -0.000775987 -0.000736849 -0.000701851 -0.00068771 -0.000674731 -0.000643247 -0.000622591 -0.000619828 -0.00060188 -0.000576876 -0.000568757 -0.000565263 -0.000541838 -0.000525546 -0.000527335 -0.000510113 -0.000491959 -0.000486739 -0.000484075 -0.000461358 -0.000455424 -0.000459009 -0.000439301 -0.000435782 -0.000434705 -0.000429958 -0.000416929 -0.000423401 -0.000417385 -0.000396208 -0.000413038 -0.000402834 -0.000385867 -0.000378097 -0.000382706 -0.000388377 -0.000367262 -0.000360886 -0.000355255 -0.000380433 -0.000376294 -0.00034053 -0.000366472 -0.000356559 -0.000343089 -0.000360487 -0.000348538 -0.000337146 -0.000328257 -0.000341155 -0.000338508 -0.000332456 -0.000354464 -0.000330981 -0.000326822 -0.000338572 -0.000316976 -0.000329771 -0.000330925 -0.000321231 -0.000330987 -0.000321883 -0.000324512 -0.000326058 -0.000320737 -0.000325993 -0.000320185 -0.000323165 
0 -4.40537e-06 1.20013e-05 5.67158e-06 1.37708e-05 2.74211e-05 2.11932e-05 3.37482e-05 3.68413e-05 2.82055e-05 3.88821e-05 4.09757e-05 4.16958e-05 5.84097e-05 6.38693e-05 6.20084e-05 7.101e-05 6.9169e-05 6.74992e-05 8.12356e-05 8.3838e-05 8.98529e-05 9.40088e-05 9.33093e-05 0.000107762 0.000109779 0.000120407 0.000133334 0.000122356 0.000123352 0.000140504 0.000153504 0.000142351 0.000150758 0.000168544 0.000166234 0.000185874 0.000188051 0.000192368 0.000209187 0.000216065 0.000221102 0.000225284 0.000247599 0.000242033 0.000253758 0.00027409 0.000274039 0.000288206 0.000302927 0.000323285 0.00032138 0.000349159 0.000368405 0.000373327 0.000395008 0.000417539 0.000438572 0.000440986 0.000479947 0.000498979 0.000516018 0.00053715 0.000577456 0.00060441 0.000621158 0.000670016 0.000714115 0.000761141 0.000802343 0.000895985 0.00098987 0.00110964 0.0012634 0.00150266 0.00179741 0.00216547 0.00264685 0.00327604 0.00405677 0.00498907 0.00614283 0.00754133 0.00920369 0.0110742 0.0131642 0.0153993 0.0177062 0.0199021 0.0218879 0.0235143 0.0246754 0.025152 0.0247963 0.0234638 0.0211655 0.0179154 0.0138368 0.00904274 0.00377425 -0.0017262 -0.00712502 -0.0121625 -0.0165711 -0.0202096 -0.0229305 -0.0246928 -0.0254529 -0.0253215 -0.0244287 -0.0229968 -0.0211451 -0.0190274 -0.0167405 -0.014473 -0.0123162 -0.0103636 -0.00860784 -0.00711076 -0.00586236 -0.00485437 -0.00400922 -0.00332265 -0.00278711 -0.00238177 -0.00205684 -0.00179137 -0.00161094 -0.00147736 -0.00137387 -0.00126921 -0.0012168 -0.00116536 -0.00111994 -0.001062 -0.0010407 -0.00101058 -0.000969929 -0.000939066 -0.000920889 -0.000900326 -0.000858377 -0.000851036 -0.000830293 -0.000809999 -0.000782778 -0.000781473 -0.00076293 -0.000737663 -0.000737067 -0.000721817 -0.000708163 -0.000690514 -0.000694333 -0.000670909 -0.000658422 -0.000659543 -0.000639143 -0.00062972 -0.000620941 -0.000619245 -0.000599881 -0.000598053 -0.00059403 -0.000580002 -0.000591087 -0.000574837 -0.000560864 -0.000567058 -0.00057057 -0.000554116 -0.000537046 -0.000543924 -0.000535832 -0.000533801 -0.000532079 -0.000520359 -0.00052292 -0.000516207 -0.000518598 -0.000524393 -0.000510506 -0.000506791 -0.000505512 -0.000494136 -0.000496285 -0.000503076 -0.000494026 -0.000495949 -0.000498948 -0.000485524 -0.00049151 -0.000491479 -0.000481694 -0.000491019 -0.000484349 -0.000482046 -0.000488567 -0.00047761 -0.000485399 
0 1.21355e-06 1.81837e-05 1.37708e-05 1.68819e-05 3.1656e-05 2.68327e-05 3.677e-05 4.85427e-05 4.26723e-05 5.6332e-05 6.28329e-05 5.8236e-05 7.38538e-05 7.70828e-05 7.76906e-05 9.14149e-05 9.38777e-05 9.93063e-05 0.00010697 0.000114155 0.000121833 0.000122342 0.000135004 0.000140942 0.000141123 0.000157044 0.000163772 0.00016773 0.000173655 0.00018676 0.000200431 0.000197653 0.000210995 0.000222622 0.000228164 0.000241719 0.000246606 0.000259697 0.000270513 0.00028254 0.000293093 0.000303604 0.000323423 0.000329051 0.000346388 0.000363081 0.00037458 0.000391076 0.000407809 0.000428325 0.000438093 0.000463803 0.000483947 0.000500204 0.000524405 0.000550351 0.000576204 0.000594572 0.000632398 0.000661081 0.000689818 0.000723168 0.000767384 0.000806508 0.000842064 0.000899071 0.000957051 0.00102115 0.00109167 0.00120287 0.00133231 0.00149645 0.00171575 0.00202461 0.00242152 0.00292314 0.00357663 0.00441326 0.0054554 0.00671673 0.00826554 0.0101318 0.0123332 0.0148261 0.0175928 0.0205455 0.0235657 0.0264565 0.0290572 0.0311853 0.0326621 0.033243 0.0327217 0.030945 0.0278887 0.0235961 0.0182016 0.0118922 0.00495667 -0.00226181 -0.00936602 -0.0159928 -0.0218213 -0.0266277 -0.0302427 -0.032585 -0.0336376 -0.0335137 -0.032398 -0.0305346 -0.0281144 -0.0253267 -0.0223344 -0.0193425 -0.0164905 -0.0138869 -0.0115609 -0.00956477 -0.00789246 -0.00652595 -0.00539435 -0.00447918 -0.00375549 -0.00319971 -0.00275914 -0.00241369 -0.0021611 -0.00197514 -0.00182975 -0.00170472 -0.00162129 -0.00155021 -0.00148832 -0.00142434 -0.00138421 -0.00134219 -0.0012974 -0.00125847 -0.00122852 -0.00119874 -0.00115934 -0.00113779 -0.00111087 -0.00108534 -0.00105689 -0.00104057 -0.00101865 -0.000992464 -0.00097952 -0.000959045 -0.000942228 -0.000922643 -0.000912995 -0.000894847 -0.0008785 -0.000872083 -0.000854259 -0.000844598 -0.000832032 -0.000823849 -0.000812283 -0.000800783 -0.000794097 -0.000779562 -0.000779112 -0.000766794 -0.000751899 -0.000751809 -0.000745825 -0.00073829 -0.000724857 -0.000724393 -0.000723308 -0.000709498 -0.000708921 -0.000703691 -0.000696956 -0.000692154 -0.000687301 -0.000688348 -0.000676577 -0.000675576 -0.000678781 -0.000664867 -0.000669253 -0.000669238 -0.000656532 -0.000662452 -0.000658461 -0.000650759 -0.000656614 -0.000651161 -0.000648554 -0.000651666 -0.000644941 -0.000646894 -0.000649777 -0.000643204 -0.000645503 
0 1.69801e-05 3.02158e-06 2.74211e-05 3.1656e-05 2.16895e-05 4.78708e-05 4.1599e-05 4.21604e-05 7.29178e-05 6.6036e-05 7.29496e-05 9.49226e-05 8.06095e-05 8.73394e-05 0.000106856 0.000103194 0.000118466 0.000134007 0.000134043 0.000139169 0.000145569 0.000164657 0.000167839 0.000171035 0.000193683 0.000182562 0.000188492 0.000219458 0.000233258 0.000231502 0.000226258 0.000263885 0.000274002 0.000271366 0.000291304 0.00029138 0.000318485 0.000323873 0.000334575 0.000352705 0.000363126 0.000390518 0.00038955 0.000422957 0.00043372 0.000449558 0.000476658 0.000487049 0.000518321 0.00052448 0.000564002 0.000574142 0.000602923 0.000632075 0.000653964 0.000691431 0.000709887 0.000761469 0.000779183 0.000830928 0.000862303 0.000913747 0.000956523 0.0010059 0.00106988 0.00112176 0.00120595 0.00127467 0.00139381 0.0015055 0.00168614 0.00188868 0.002188 0.00256095 0.00306695 0.0037112 0.00454067 0.0055942 0.00689473 0.0085073 0.0104471 0.012796 0.0155162 0.0186405 0.0220528 0.0257117 0.0293918 0.0329559 0.0361187 0.03872 0.0404471 0.0410983 0.0403665 0.0381493 0.0343342 0.0290394 0.0223637 0.0146149 0.00608202 -0.00275569 -0.011492 -0.019627 -0.0268349 -0.0327646 -0.0372691 -0.0401824 -0.0415662 -0.0414819 -0.0402098 -0.0379472 -0.0350134 -0.0315783 -0.0279353 -0.0242342 -0.0207217 -0.0174596 -0.0145856 -0.0120768 -0.00998834 -0.00823951 -0.00682594 -0.00567074 -0.0047596 -0.00404159 -0.00348132 -0.00305891 -0.00272452 -0.00248972 -0.00228829 -0.00215897 -0.00202657 -0.00194823 -0.00185442 -0.00180026 -0.0017275 -0.00167814 -0.00162779 -0.00157908 -0.00154087 -0.00148955 -0.00146898 -0.00141576 -0.00139621 -0.00135302 -0.0013347 -0.00129691 -0.00127064 -0.00125382 -0.00121579 -0.00120521 -0.00117155 -0.00116453 -0.00113067 -0.00112152 -0.00110676 -0.00107864 -0.0010776 -0.00105324 -0.0010493 -0.00102377 -0.00101796 -0.00100869 -0.000989852 -0.000987037 -0.000952957 -0.000960706 -0.000961319 -0.000933419 -0.000916635 -0.000916221 -0.000932186 -0.000905205 -0.000892122 -0.000897276 -0.000881793 -0.000881107 -0.000874926 -0.000871158 -0.000858483 -0.000842021 -0.000856403 -0.000847945 -0.000837289 -0.000852984 -0.000835112 -0.000822031 -0.000836033 -0.000820129 -0.000815824 -0.000829712 -0.000812495 -0.000812172 -0.000820658 -0.000806125 -0.000811892 -0.000812247 -0.000802742 -0.000812231 -0.000805496 
0 2.66006e-06 1.5103e-05 2.11932e-05 2.68327e-05 4.78708e-05 4.93494e-05 5.57965e-05 7.58678e-05 6.36779e-05 7.38095e-05 9.07368e-05 8.51815e-05 0.000112039 0.000125812 0.000125497 0.000136863 0.000139948 0.000146708 0.000149661 0.000177527 0.000185435 0.000173918 0.000210211 0.000205868 0.00021277 0.000254038 0.000248505 0.000253061 0.000255185 0.000276387 0.000303419 0.000298956 0.000307706 0.000322714 0.000358076 0.000361203 0.000368763 0.000404417 0.000406607 0.000428866 0.000447432 0.000462362 0.000476037 0.000499565 0.000524514 0.0005291 0.000566453 0.000588488 0.000607664 0.000636598 0.000672059 0.000698164 0.000720779 0.000769236 0.000796951 0.000828781 0.000868548 0.000917501 0.000950157 0.000991662 0.00105062 0.001099 0.0011484 0.00120893 0.00128773 0.00135408 0.00143762 0.00154444 0.00167792 0.00182728 0.00202947 0.00230501 0.00266376 0.00312506 0.00373468 0.00453544 0.00554955 0.00682044 0.00840243 0.0103587 0.0127207 0.0155282 0.0187938 0.0225071 0.0265772 0.0308744 0.035207 0.0393626 0.0430719 0.0460564 0.0480075 0.0486421 0.0476944 0.0449926 0.0404607 0.0341703 0.0263014 0.0171662 0.00716176 -0.00321739 -0.0134567 -0.0230407 -0.0315335 -0.038572 -0.0439176 -0.047438 -0.0491534 -0.049192 -0.0477915 -0.0452225 -0.0417942 -0.0377956 -0.0335122 -0.0291743 -0.0249926 -0.0211197 -0.0176719 -0.0146803 -0.0121433 -0.0100261 -0.00830327 -0.00691455 -0.00580277 -0.00491738 -0.00423756 -0.00372174 -0.00332186 -0.00301011 -0.00277936 -0.00261027 -0.00246341 -0.00234137 -0.00224571 -0.0021723 -0.00208694 -0.00201653 -0.00195926 -0.00190807 -0.00184202 -0.00179366 -0.00175635 -0.00170717 -0.00166079 -0.00162682 -0.00160008 -0.00155112 -0.00152696 -0.00150213 -0.00147155 -0.00143874 -0.00142305 -0.00140173 -0.00136386 -0.00135594 -0.00133055 -0.00130684 -0.00128516 -0.00127249 -0.00124783 -0.00122697 -0.00122883 -0.0011918 -0.00118294 -0.00118372 -0.00117029 -0.00114972 -0.00112983 -0.0011397 -0.00112744 -0.00111583 -0.00108548 -0.00107497 -0.00109644 -0.00106189 -0.00105902 -0.00106176 -0.00103458 -0.00103979 -0.00104284 -0.0010397 -0.00102256 -0.00101768 -0.00101372 -0.00099008 -0.00100616 -0.00100177 -0.000987379 -0.00100237 -0.000984476 -0.000981314 -0.000987864 -0.000974123 -0.000978948 -0.000975634 -0.000971944 -0.000972483 -0.000965901 -0.000971049 -0.000967904 
0 1.45587e-05 1.75577e-05 3.37482e-05 3.677e-05 4.1599e-05 5.57965e-05 5.95979e-05 7.59617e-05 8.76333e-05 9.60571e-05 0.000112151 0.000114176 0.000121131 0.000130372 0.000138122 0.000153514 0.000167998 0.000182473 0.000188073 0.000201074 0.000211111 0.00021735 0.000242514 0.000244024 0.000252777 0.000272512 0.000272178 0.000300589 0.000321413 0.000324213 0.000340461 0.000360418 0.000376888 0.000387306 0.000409482 0.000416205 0.000433457 0.000464071 0.000468922 0.000491672 0.000520371 0.000539239 0.000557164 0.000590471 0.00061685 0.000629512 0.000669227 0.000696622 0.000715896 0.000748292 0.000788617 0.0008129 0.000841146 0.00089328 0.000926813 0.000960424 0.00101049 0.00106815 0.001106 0.00115785 0.00122962 0.00128943 0.00134563 0.00142288 0.00151749 0.00159689 0.00169465 0.00182742 0.00198853 0.00216561 0.00240837 0.00274388 0.00317523 0.0037219 0.0044484 0.00540493 0.00660972 0.00810885 0.0099784 0.0122914 0.0150718 0.0183505 0.022146 0.0264442 0.0311295 0.0360388 0.0409617 0.0456662 0.0498436 0.0531564 0.0552507 0.0558231 0.0546047 0.0514137 0.0461651 0.0389344 0.029933 0.0195193 0.00814592 -0.00364234 -0.0152786 -0.0261974 -0.0359056 -0.0439882 -0.0501647 -0.054289 -0.0563846 -0.0565887 -0.0551395 -0.0523207 -0.0484792 -0.0439631 -0.039104 -0.0341571 -0.0293518 -0.0248738 -0.0208695 -0.0173796 -0.0143972 -0.011894 -0.00985455 -0.00821365 -0.0068925 -0.00583366 -0.00501998 -0.00440615 -0.00392512 -0.00354518 -0.00326535 -0.00306375 -0.00288707 -0.00273689 -0.00262435 -0.0025388 -0.00243977 -0.00235404 -0.00229151 -0.00223266 -0.00215765 -0.00210037 -0.00206053 -0.00200452 -0.00194889 -0.0019109 -0.00187741 -0.00182184 -0.00178713 -0.00175949 -0.00171896 -0.00167896 -0.00165751 -0.00163009 -0.00158861 -0.00157425 -0.00155091 -0.00152086 -0.0015014 -0.0014899 -0.0014631 -0.00143972 -0.00143673 -0.00140887 -0.00139153 -0.00137838 -0.00135616 -0.0013441 -0.00133376 -0.0013155 -0.0012913 -0.00129633 -0.00128665 -0.00126772 -0.0012686 -0.00124721 -0.00124122 -0.00124066 -0.00122482 -0.00121725 -0.0012046 -0.00119504 -0.00118842 -0.0011889 -0.00118612 -0.00117702 -0.00117779 -0.00116405 -0.0011589 -0.00116009 -0.00114765 -0.00115209 -0.00114656 -0.0011403 -0.00114456 -0.00113237 -0.00113818 -0.00113959 -0.00112978 -0.00113904 -0.00112905 
0 1.96383e-05 7.79916e-06 3.68413e-05 4.85427e-05 4.21604e-05 7.58678e-05 7.59617e-05 7.41178e-05 0.00010688 0.000103155 0.000113568 0.000141724 0.000137448 0.000153605 0.000171108 0.00017407 0.000190224 0.000201133 0.000217822 0.000224771 0.000235036 0.000263401 0.000263745 0.000280184 0.000306653 0.000307875 0.000321795 0.000341338 0.000367135 0.000371183 0.000377924 0.000415948 0.000425295 0.000443987 0.000464628 0.000479277 0.000510419 0.000525599 0.000548707 0.000567565 0.000597226 0.000620834 0.000635935 0.000677274 0.00069546 0.000724428 0.000758854 0.000791797 0.000821961 0.000854726 0.000905944 0.000930402 0.000975703 0.00102454 0.00106893 0.00111026 0.0011646 0.00123003 0.00127076 0.00133754 0.00140793 0.00148153 0.00154343 0.00163525 0.00173837 0.00183251 0.00195082 0.00210315 0.00229537 0.00250366 0.00279964 0.00319175 0.00370575 0.0043474 0.00520605 0.00632239 0.00772939 0.00947355 0.0116463 0.0143259 0.0175293 0.0212882 0.0256082 0.0304755 0.0357378 0.0412203 0.0466767 0.0518686 0.0564324 0.0599984 0.0621582 0.0626113 0.0610724 0.0573762 0.0514201 0.0433036 0.0332497 0.0216724 0.00905395 -0.00400443 -0.0169105 -0.0290423 -0.0398756 -0.0489351 -0.0559211 -0.0606557 -0.063175 -0.0635981 -0.0621761 -0.0591836 -0.0550149 -0.0500487 -0.0446762 -0.0391637 -0.0337789 -0.0287185 -0.0241695 -0.0201751 -0.0167461 -0.0138505 -0.0114841 -0.00957558 -0.00803613 -0.0068029 -0.00584597 -0.00512658 -0.00455656 -0.00411492 -0.00377718 -0.00354033 -0.00332881 -0.00315818 -0.00302072 -0.00291844 -0.00280635 -0.00270537 -0.00263181 -0.00255593 -0.00247903 -0.0024039 -0.00235855 -0.00229029 -0.00223243 -0.00218327 -0.00214108 -0.00208829 -0.00204105 -0.00201468 -0.00196488 -0.0019312 -0.00189747 -0.00186934 -0.00183063 -0.00180271 -0.0017834 -0.00174197 -0.0017251 -0.00169907 -0.00167495 -0.00164978 -0.00162823 -0.00161484 -0.00158769 -0.00157746 -0.00154936 -0.00153775 -0.00153718 -0.00150433 -0.00148917 -0.00148137 -0.00147634 -0.00145393 -0.00143313 -0.00143882 -0.00141728 -0.00140576 -0.00140507 -0.00139049 -0.00138346 -0.00137058 -0.00137214 -0.00136222 -0.00134417 -0.00135519 -0.00133649 -0.00132512 -0.00133976 -0.00131759 -0.00131693 -0.00132543 -0.00130208 -0.00131009 -0.00131314 -0.00129433 -0.00130431 -0.00129943 -0.00128802 -0.00130095 -0.00129325 
0 7.41541e-07 3.59562e-05 2.82055e-05 4.26723e-05 7.29178e-05 6.36779e-05 8.76333e-05 0.00010688 9.98416e-05 0.000124025 0.000134144 0.0001371 0.000164795 0.000179899 0.000188435 0.00020313 0.000215181 0.000223559 0.000235264 0.00026181 0.000278125 0.000279503 0.000302864 0.000321361 0.000325088 0.000357519 0.000383969 0.000382631 0.00038811 0.000420998 0.000456984 0.000455858 0.000470957 0.000501612 0.000524398 0.000553163 0.000563151 0.000594351 0.000621033 0.000644194 0.000674392 0.000692847 0.000733248 0.000753033 0.000789867 0.000821424 0.000852808 0.000896742 0.000923406 0.000976711 0.00100783 0.0010602 0.00110167 0.0011538 0.00120855 0.00125324 0.00132534 0.00137479 0.00145037 0.00150746 0.00159725 0.00166883 0.001755 0.0018554 0.00196186 0.00208664 0.00221368 0.00240448 0.00260331 0.00287732 0.00320592 0.00367883 0.00425821 0.00502538 0.00601203 0.00730107 0.00891581 0.0109211 0.0134169 0.0164587 0.0201031 0.0243297 0.0291884 0.0345772 0.0403997 0.0463819 0.0523384 0.0579153 0.0628021 0.0665058 0.0686789 0.0689229 0.0670417 0.062794 0.05617 0.0472009 0.0362127 0.0235715 0.00987146 -0.00433263 -0.0183418 -0.0315792 -0.0434079 -0.0533962 -0.061138 -0.0665179 -0.0694764 -0.0702037 -0.0688586 -0.0658071 -0.0613782 -0.0560712 -0.0502243 -0.0442246 -0.0382801 -0.032692 -0.0275867 -0.0231037 -0.0192052 -0.0159252 -0.0132076 -0.0110173 -0.0092447 -0.00782668 -0.00672492 -0.00587111 -0.00522148 -0.00469483 -0.00431814 -0.00400983 -0.00378695 -0.0035739 -0.00342989 -0.00328866 -0.00317613 -0.00306118 -0.00296888 -0.00288651 -0.00279417 -0.00272748 -0.00264668 -0.0025939 -0.00251591 -0.00246984 -0.002408 -0.00235916 -0.00231083 -0.0022603 -0.00222632 -0.00217312 -0.00214638 -0.0020987 -0.0020716 -0.00203348 -0.00199957 -0.00197666 -0.00193693 -0.00191661 -0.0018822 -0.00186662 -0.0018383 -0.00180883 -0.0017939 -0.00177236 -0.00176618 -0.00172998 -0.00170431 -0.00170878 -0.00169903 -0.00166726 -0.00163605 -0.00164209 -0.0016336 -0.00160664 -0.00160255 -0.00158925 -0.00157023 -0.00156573 -0.00156484 -0.00155623 -0.0015373 -0.00153013 -0.00152553 -0.00150568 -0.00150932 -0.00151209 -0.00148861 -0.00149484 -0.00149237 -0.00147127 -0.00148443 -0.00147466 -0.00146187 -0.00147746 -0.00146015 -0.00145763 -0.00146898 -0.00145027 -0.00146003 
0 1.31186e-05 3.23514e-05 3.88821e-05 5.6332e-05 6.6036e-05 7.38095e-05 9.60571e-05 0.000103155 0.000124025 0.000144481 0.000149264 0.000171615 0.000178248 0.000182294 0.000204352 0.0002212 0.000239616 0.000260573 0.000280951 0.000282134 0.00029816 0.00032818 0.000330277 0.000360007 0.000377143 0.00037616 0.000406274 0.00042683 0.00046223 0.000478775 0.000482104 0.000514382 0.000545418 0.00056935 0.000572398 0.000607942 0.000637047 0.000651066 0.000692427 0.000711877 0.000745451 0.0007785 0.000816357 0.000845679 0.00087925 0.000930425 0.000952851 0.00100082 0.00104213 0.00108657 0.00112653 0.00117829 0.00123576 0.00127622 0.00134473 0.00140163 0.00147151 0.00153172 0.00161539 0.00169354 0.00177415 0.00187 0.00196785 0.00208335 0.00219532 0.00234524 0.00250153 0.00270629 0.00294266 0.00325917 0.0036564 0.00418214 0.00486164 0.00574311 0.00688646 0.0083416 0.0101847 0.0124669 0.0152966 0.0187154 0.0227926 0.0275068 0.0328735 0.038778 0.0450901 0.0515465 0.0579068 0.0638132 0.0688929 0.0726687 0.0747409 0.0747409 0.0724386 0.06765 0.0603462 0.0506179 0.0387684 0.0252257 0.0105653 -0.00459685 -0.0195837 -0.0337563 -0.0464941 -0.0573018 -0.0657947 -0.0717967 -0.075265 -0.0763261 -0.0751679 -0.0721213 -0.067566 -0.0619802 -0.0557638 -0.0493064 -0.0428796 -0.0367734 -0.0311506 -0.0261576 -0.0218016 -0.0181176 -0.0150434 -0.0125486 -0.0105241 -0.00891963 -0.00764874 -0.00666536 -0.00590202 -0.00531369 -0.00486297 -0.00450636 -0.00423702 -0.00401005 -0.00383431 -0.00366803 -0.00354462 -0.00341987 -0.00331588 -0.00320983 -0.00312693 -0.00304299 -0.00295671 -0.00288913 -0.00281857 -0.0027577 -0.00268286 -0.00263957 -0.00257719 -0.00252262 -0.00247344 -0.00243011 -0.00238255 -0.00233145 -0.00230816 -0.00225699 -0.00222447 -0.00219293 -0.00216396 -0.00212989 -0.0021015 -0.0020832 -0.00204088 -0.0020334 -0.00200516 -0.00196656 -0.00194981 -0.00193734 -0.00191856 -0.00187703 -0.00186672 -0.00185425 -0.00184653 -0.00183375 -0.00179637 -0.00179954 -0.00178626 -0.00176702 -0.001768 -0.00174531 -0.00172437 -0.00171446 -0.00171304 -0.00170184 -0.00169747 -0.00169867 -0.0016741 -0.0016732 -0.00166948 -0.00165165 -0.0016587 -0.00164839 -0.0016416 -0.00164237 -0.00162901 -0.00163345 -0.00163052 -0.00162716 -0.00163249 -0.00162193 -0.0016231 
0 1.47515e-05 2.74348e-05 4.09757e-05 6.28329e-05 7.29496e-05 9.07368e-05 0.000112151 0.000113568 0.000134144 0.000149264 0.000155382 0.000186319 0.000200124 0.000214707 0.0002396 0.000248307 0.00025946 0.00027476 0.000299032 0.000311588 0.000332696 0.000364337 0.000362893 0.000393722 0.000420895 0.000428378 0.000465461 0.000469839 0.000491691 0.000522403 0.000533845 0.000568678 0.000590566 0.000618047 0.000639744 0.000678237 0.000711439 0.000721464 0.000773349 0.000795388 0.000822125 0.000864618 0.000895554 0.000930583 0.000963989 0.00102176 0.00104663 0.00109608 0.00115565 0.00119469 0.00124892 0.00130624 0.00137502 0.00141641 0.00149295 0.00156589 0.00162856 0.00170333 0.00179001 0.00188376 0.00195739 0.00207114 0.00218219 0.00230414 0.00242927 0.00259846 0.00278924 0.00300567 0.00328864 0.00365153 0.00412374 0.00471112 0.00550073 0.00651267 0.00782123 0.00946127 0.0115455 0.0141294 0.0173026 0.0211145 0.0256254 0.030833 0.036688 0.043081 0.0498314 0.0567071 0.0633921 0.0695369 0.0747008 0.0784492 0.0803314 0.0800213 0.07725 0.0719053 0.0639444 0.0535257 0.040923 0.0266188 0.0111569 -0.00479582 -0.0205968 -0.0355549 -0.049079 -0.0606197 -0.0698231 -0.0764482 -0.0804634 -0.0819178 -0.0810302 -0.0780861 -0.0735152 -0.0677496 -0.0612517 -0.0544003 -0.0475494 -0.0409604 -0.0348474 -0.0293451 -0.0245343 -0.0204332 -0.016997 -0.014176 -0.0118896 -0.0100812 -0.00863659 -0.00751034 -0.00662719 -0.00596899 -0.00544172 -0.00503423 -0.00471166 -0.00447101 -0.00425844 -0.00407107 -0.00392586 -0.00379479 -0.00367197 -0.00354458 -0.00346027 -0.00335952 -0.00326589 -0.00317773 -0.00311362 -0.00303449 -0.00295389 -0.00290638 -0.00284017 -0.00278152 -0.00272258 -0.00268945 -0.00262782 -0.00257991 -0.00255182 -0.00249858 -0.00246092 -0.00242163 -0.002394 -0.00234265 -0.00231817 -0.00229349 -0.00224223 -0.00223016 -0.00220133 -0.00217501 -0.00214812 -0.00213023 -0.00211243 -0.00208277 -0.00207928 -0.00204373 -0.00202696 -0.00201644 -0.00198291 -0.001986 -0.00196131 -0.00193689 -0.00193602 -0.00192177 -0.001913 -0.00190244 -0.00189733 -0.0018756 -0.00186138 -0.00186549 -0.00184133 -0.00184137 -0.00184267 -0.00182071 -0.00182532 -0.00181625 -0.00180701 -0.00181401 -0.00180326 -0.00180008 -0.00179604 -0.001787 -0.00178719 -0.00178491 -0.00178922 
0 4.20521e-06 4.76514e-05 4.16958e-05 5.8236e-05 9.49226e-05 8.51815e-05 0.000114176 0.000141724 0.0001371 0.000171615 0.000186319 0.000188894 0.000218485 0.000232392 0.000252065 0.000270043 0.00028957 0.000315248 0.000317525 0.000351327 0.000376491 0.000373907 0.000412651 0.000431659 0.000440902 0.000472653 0.000503895 0.000527542 0.0005286 0.000572674 0.000610385 0.000616326 0.000651836 0.000670357 0.000709232 0.000742245 0.00075943 0.000799519 0.000832009 0.000875449 0.000898018 0.000946019 0.000991474 0.00101609 0.00107567 0.00111425 0.00116079 0.00120492 0.00126696 0.00131571 0.00136032 0.0014405 0.00149174 0.00155786 0.00162714 0.00171629 0.00178269 0.00186384 0.00197224 0.00206051 0.00216165 0.00227194 0.00241629 0.0025344 0.00268873 0.00287479 0.00309514 0.00333996 0.0036588 0.00408912 0.00461584 0.00529827 0.00618239 0.00735491 0.0088164 0.0106749 0.0130012 0.0159114 0.019432 0.0236502 0.0285991 0.0342878 0.0406165 0.0474509 0.0546024 0.0618147 0.0687567 0.0750189 0.0801782 0.0837727 0.0853973 0.0846852 0.0814258 0.0754914 0.0669273 0.0558672 0.0426482 0.0277026 0.0116282 -0.00496497 -0.0213852 -0.0369978 -0.0511567 -0.0633639 -0.073206 -0.0804721 -0.085041 -0.0869725 -0.086417 -0.0837007 -0.0792042 -0.0733875 -0.0666833 -0.0595318 -0.052299 -0.0452826 -0.038696 -0.0327038 -0.0274311 -0.022902 -0.0190925 -0.0159219 -0.0133647 -0.0113158 -0.00970012 -0.00839797 -0.00740495 -0.0066373 -0.00604959 -0.00556447 -0.00520185 -0.00492274 -0.00468327 -0.00447274 -0.0043001 -0.00416917 -0.0040175 -0.00389459 -0.00378249 -0.0036928 -0.00357621 -0.00348921 -0.00341522 -0.00332797 -0.00324918 -0.00317852 -0.00312577 -0.00304039 -0.00299142 -0.00293636 -0.00287738 -0.00282355 -0.00277793 -0.00273848 -0.00267652 -0.00265406 -0.00260796 -0.00256568 -0.00253722 -0.00250371 -0.00247503 -0.00243 -0.00241503 -0.00238277 -0.00235771 -0.00233075 -0.00228659 -0.00229008 -0.00226615 -0.00222801 -0.00220853 -0.00220062 -0.00219046 -0.00215175 -0.00215099 -0.00213879 -0.00210442 -0.00210714 -0.00209054 -0.00207304 -0.00206102 -0.00204841 -0.00204709 -0.00202355 -0.00202591 -0.00202355 -0.00199139 -0.00200677 -0.00199783 -0.00197111 -0.00199086 -0.00197095 -0.00195705 -0.00197799 -0.00195528 -0.00195707 -0.00197115 -0.00194476 -0.00195492 
0 2.52235e-05 2.64257e-05 5.84097e-05 7.38538e-05 8.06095e-05 0.000112039 0.000121131 0.000137448 0.000164795 0.000178248 0.000200124 0.000218485 0.000238247 0.000252136 0.000265196 0.000297377 0.000311503 0.000335863 0.000368861 0.000372318 0.000393334 0.000424252 0.00044433 0.000466636 0.000495725 0.000518134 0.000523823 0.000562438 0.000609545 0.000624523 0.000638527 0.000670576 0.000716941 0.000743417 0.000764945 0.000798686 0.000836705 0.000874591 0.00090626 0.000945798 0.000984062 0.00103005 0.00107171 0.00111378 0.00116546 0.0012131 0.00126423 0.0013154 0.00137913 0.00143112 0.00149348 0.00156465 0.00163068 0.00170099 0.00177931 0.00187053 0.00194466 0.00204224 0.00214615 0.00225303 0.00235741 0.00248864 0.00263466 0.00277433 0.00294708 0.0031542 0.00340436 0.00367937 0.00405526 0.00453469 0.00514713 0.00591389 0.00693299 0.00824773 0.00990324 0.0119796 0.0145881 0.0178224 0.0217166 0.0263472 0.0317412 0.0378981 0.0446687 0.0519141 0.0594011 0.0668893 0.0739772 0.0802689 0.0852923 0.0886482 0.0898997 0.0887408 0.084931 0.0784302 0.069274 0.0576749 0.0439279 0.0285132 0.0119683 -0.00506137 -0.0219524 -0.0380349 -0.0527242 -0.0654774 -0.0759287 -0.0837945 -0.0889643 -0.0914052 -0.0912911 -0.0888831 -0.0845944 -0.0788179 -0.0720297 -0.0646474 -0.0571109 -0.0497018 -0.0426839 -0.0362184 -0.0304874 -0.025523 -0.0213198 -0.0178004 -0.0149391 -0.0126481 -0.0108222 -0.00936292 -0.00822338 -0.00735963 -0.00667754 -0.00613915 -0.00571295 -0.00540039 -0.00512466 -0.0048948 -0.00469836 -0.00454515 -0.00438726 -0.0042448 -0.00412629 -0.0040142 -0.00390264 -0.00379627 -0.00371493 -0.00361977 -0.00353638 -0.00345791 -0.00339013 -0.00331427 -0.00324818 -0.00319161 -0.00312742 -0.00307322 -0.0030194 -0.00297301 -0.00292001 -0.0028776 -0.00283613 -0.00279468 -0.00275613 -0.00271476 -0.00268467 -0.0026534 -0.00261979 -0.00257795 -0.00255215 -0.0025383 -0.00250868 -0.002466 -0.00243747 -0.00244057 -0.00241861 -0.00237983 -0.00236232 -0.0023503 -0.00233103 -0.00231216 -0.00230715 -0.00227991 -0.00225495 -0.00225455 -0.00223763 -0.00222848 -0.00222092 -0.0022061 -0.00219583 -0.00218193 -0.00218059 -0.00216691 -0.00215751 -0.00216369 -0.00214186 -0.00214081 -0.00214458 -0.00212281 -0.00213421 -0.00213114 -0.00211517 -0.00213085 -0.00211755 
0 2.72938e-05 2.73697e-05 6.38693e-05 7.70828e-05 8.73394e-05 0.000125812 0.000130372 0.000153605 0.000179899 0.000182294 0.000214707 0.000232392 0.000252136 0.000286805 0.000297615 0.00032402 0.00034058 0.000350197 0.000382398 0.000405567 0.000434036 0.000461154 0.000481873 0.000502647 0.000529524 0.000566978 0.0005886 0.00061648 0.000636061 0.000655978 0.000707275 0.000737456 0.00075807 0.000794374 0.000836967 0.000872544 0.00090867 0.000950047 0.000981863 0.00102888 0.00107229 0.0011105 0.0011568 0.00120853 0.00125802 0.00130628 0.00137022 0.00142528 0.00148776 0.00155347 0.00162471 0.00169526 0.00176941 0.0018544 0.00193438 0.00202782 0.00211726 0.00222355 0.00232842 0.00244523 0.00256768 0.00270586 0.00286002 0.00302065 0.00321748 0.00344301 0.00372138 0.00404264 0.00447139 0.00501179 0.00570669 0.00658597 0.00773896 0.00921575 0.0110723 0.013399 0.0163019 0.0198768 0.0241562 0.0292121 0.035052 0.0416527 0.0488378 0.0564441 0.0642155 0.0718861 0.0790288 0.085229 0.0900188 0.0930179 0.0938169 0.0921321 0.0877551 0.0806817 0.0709909 0.0589192 0.0447733 0.0290224 0.0121884 -0.00511314 -0.0222862 -0.0386929 -0.0537674 -0.0669828 -0.0779679 -0.0864208 -0.0921907 -0.0952063 -0.0956045 -0.0936206 -0.0896378 -0.084027 -0.0772534 -0.0697465 -0.0619679 -0.0542258 -0.046809 -0.0399041 -0.0337195 -0.0283123 -0.0237019 -0.0198199 -0.0166423 -0.0140784 -0.0120307 -0.010394 -0.00910905 -0.00812095 -0.00734546 -0.00673962 -0.00625698 -0.00589215 -0.00558215 -0.00533149 -0.00510979 -0.00493049 -0.00475989 -0.00460948 -0.00447083 -0.00434324 -0.00422777 -0.00411288 -0.00401317 -0.00391243 -0.00382831 -0.00373682 -0.00365915 -0.00358559 -0.00351491 -0.00344563 -0.00338358 -0.00332941 -0.00326413 -0.00321445 -0.00316502 -0.00311306 -0.00306121 -0.00302221 -0.00297832 -0.00293092 -0.00289719 -0.00285478 -0.00282179 -0.00279632 -0.002762 -0.00271926 -0.00270267 -0.00268947 -0.0026495 -0.00262409 -0.00259642 -0.0025744 -0.00256163 -0.00253667 -0.0025099 -0.00248726 -0.00247701 -0.00245975 -0.00245265 -0.00244264 -0.0024137 -0.00240798 -0.00238888 -0.00237439 -0.00237518 -0.00235326 -0.00235353 -0.00234131 -0.00232162 -0.00233217 -0.00231525 -0.00231309 -0.00232013 -0.00229548 -0.00229966 -0.00229352 -0.00227686 -0.00229395 -0.00228626 
0 1.65474e-05 4.1691e-05 6.20084e-05 7.76906e-05 0.000106856 0.000125497 0.000138122 0.000171108 0.000188435 0.000204352 0.0002396 0.000252065 0.000265196 0.000297615 0.000316295 0.000335857 0.00037423 0.000399077 0.000411273 0.000446874 0.000466472 0.000479171 0.000521829 0.000542627 0.000569699 0.000599231 0.000622065 0.000673309 0.000689295 0.000720209 0.000771183 0.000788822 0.000821425 0.000857933 0.000904217 0.000928868 0.000967856 0.00102456 0.00104753 0.00111042 0.00115492 0.00119726 0.00125586 0.00130867 0.00136714 0.00140914 0.00149029 0.00154023 0.00160093 0.00168085 0.00174754 0.00182583 0.00189778 0.0020043 0.00207841 0.00218064 0.00228916 0.00239993 0.00251689 0.00263905 0.00279414 0.00292865 0.00310466 0.00328405 0.00351139 0.00375388 0.00406306 0.00444259 0.00491882 0.00553304 0.00630794 0.00732517 0.00860802 0.0102689 0.0123332 0.0149421 0.0181475 0.0220802 0.0267541 0.0322456 0.0385245 0.0455387 0.0531046 0.0610167 0.0690129 0.0767644 0.0838656 0.0898527 0.0943136 0.0968396 0.0971106 0.0948262 0.0898745 0.0822311 0.0720707 0.0595956 0.0451809 0.0292239 0.0122802 -0.00513324 -0.0224018 -0.0389898 -0.0543037 -0.0678955 -0.0793318 -0.0883508 -0.0947092 -0.0983577 -0.0993337 -0.0978873 -0.0943056 -0.088986 -0.0823293 -0.0748117 -0.0668616 -0.0588527 -0.0510756 -0.0437703 -0.0371437 -0.0312894 -0.0262592 -0.0219975 -0.0184919 -0.0156223 -0.0133384 -0.0114968 -0.0100659 -0.00892402 -0.00805279 -0.00735965 -0.00682564 -0.00639221 -0.00604609 -0.00577118 -0.00552288 -0.00531961 -0.00512703 -0.0049816 -0.00481455 -0.0046831 -0.00455469 -0.00444395 -0.00432372 -0.00421749 -0.00413672 -0.00402786 -0.00394736 -0.00386132 -0.00379515 -0.00370301 -0.00364012 -0.00358311 -0.00350213 -0.00345265 -0.00339347 -0.00334652 -0.00328223 -0.00324827 -0.00320326 -0.00314738 -0.0031288 -0.00307411 -0.00303667 -0.00300738 -0.0029758 -0.00293216 -0.00289291 -0.00288419 -0.00283635 -0.00281154 -0.00279586 -0.00276316 -0.00274998 -0.00271611 -0.00270512 -0.00269564 -0.00265959 -0.00264642 -0.00263013 -0.00260423 -0.0025899 -0.00258622 -0.00256941 -0.00255069 -0.00255187 -0.00253046 -0.00251676 -0.00252655 -0.00250475 -0.00249372 -0.00249662 -0.00247208 -0.00246835 -0.00247646 -0.00246317 -0.00246846 -0.00247375 -0.00245503 -0.00245539 
0 2.96297e-05 3.77332e-05 7.101e-05 9.14149e-05 0.000103194 0.000136863 0.000153514 0.00017407 0.00020313 0.0002212 0.000248307 0.000270043 0.000297377 0.00032402 0.000335857 0.000371622 0.000391172 0.000406803 0.000457083 0.000470396 0.000488728 0.00053712 0.00055573 0.00058123 0.00062018 0.000652864 0.000667413 0.000695007 0.000755341 0.000777415 0.00080268 0.000842818 0.000881807 0.000939995 0.000960356 0.000999099 0.00105631 0.00109663 0.00113947 0.0011814 0.00124553 0.00128098 0.00134015 0.00140712 0.00144907 0.00152219 0.00158728 0.00165966 0.0017184 0.00180915 0.00189075 0.00195718 0.00206181 0.00215223 0.00225179 0.00234254 0.00247515 0.00258619 0.00270354 0.00285033 0.00300248 0.00316526 0.003331 0.00356068 0.00379004 0.004074 0.00440918 0.00485576 0.00539118 0.00607628 0.00696705 0.00810992 0.00956807 0.0113982 0.0137287 0.0166089 0.0201681 0.0244452 0.0295537 0.0354637 0.0421858 0.0495701 0.0574817 0.0656399 0.0737826 0.0815218 0.0884624 0.094139 0.0981497 0.100122 0.0997612 0.0968474 0.0912842 0.0831207 0.0725207 0.0597553 0.0451592 0.0291652 0.0122414 -0.00508863 -0.0223165 -0.0389041 -0.0543547 -0.0681919 -0.080032 -0.0895463 -0.09651 -0.1008 -0.102446 -0.10161 -0.0985512 -0.0936179 -0.0872049 -0.0797754 -0.0717481 -0.0635388 -0.0554502 -0.0477918 -0.0407335 -0.034453 -0.0289722 -0.0243437 -0.0204655 -0.0173037 -0.0147287 -0.0126998 -0.0110776 -0.00980334 -0.00879884 -0.00803076 -0.00742804 -0.00692997 -0.0065459 -0.00622971 -0.0059751 -0.00572039 -0.0055322 -0.00535212 -0.00519012 -0.00502252 -0.00489451 -0.0047718 -0.00463229 -0.00452611 -0.00442078 -0.00432705 -0.00421198 -0.00414297 -0.00405728 -0.00396864 -0.00390119 -0.0038331 -0.00376817 -0.00369123 -0.00365183 -0.00358161 -0.00352498 -0.00348445 -0.00342476 -0.00337623 -0.00332992 -0.00330257 -0.00324298 -0.00320096 -0.00317871 -0.00314114 -0.00311551 -0.00306215 -0.00303854 -0.00303245 -0.00299252 -0.00295495 -0.00293218 -0.0029221 -0.00288376 -0.00286171 -0.00286014 -0.00281794 -0.00280469 -0.00280248 -0.00277437 -0.00276381 -0.00274836 -0.0027343 -0.00272155 -0.00270525 -0.00270218 -0.00268141 -0.00267291 -0.00267671 -0.00265482 -0.00265898 -0.00265883 -0.00263414 -0.00264274 -0.00263351 -0.00261673 -0.00263489 -0.00262465 
0 2.24178e-05 4.94216e-05 6.9169e-05 9.38777e-05 0.000118466 0.000139948 0.000167998 0.000190224 0.000215181 0.000239616 0.00025946 0.00028957 0.000311503 0.00034058 0.00037423 0.000391172 0.000423862 0.000447391 0.000465066 0.000504013 0.000535654 0.00056784 0.000592742 0.000623583 0.000655921 0.000681273 0.000735923 0.000766199 0.000784244 0.000820123 0.00086678 0.000921351 0.000939829 0.000981237 0.00103166 0.00107601 0.00112936 0.0011621 0.00122081 0.00127114 0.00132744 0.0013793 0.00143415 0.00150834 0.00155448 0.00163271 0.00170027 0.0017725 0.00184661 0.00193165 0.00202365 0.00209479 0.00220909 0.0023039 0.00241023 0.00251693 0.00265236 0.00277839 0.00290204 0.00306915 0.00322909 0.00340831 0.00359231 0.00384584 0.00410147 0.00441215 0.00479687 0.00529634 0.0059038 0.0066685 0.00768199 0.00896651 0.0105997 0.0126357 0.0152321 0.0184228 0.022329 0.0269899 0.032519 0.038865 0.045989 0.0537271 0.0619186 0.0702706 0.0784623 0.086096 0.0927604 0.0980236 0.101481 0.102808 0.101747 0.0981608 0.0919884 0.0833314 0.072361 0.0593872 0.044733 0.0288289 0.0120831 -0.00501785 -0.0220413 -0.0384918 -0.0539418 -0.0679276 -0.0800845 -0.0900499 -0.0975959 -0.102554 -0.104925 -0.104783 -0.102348 -0.0979074 -0.0918562 -0.0846188 -0.0766217 -0.0682798 -0.0599538 -0.0519697 -0.0445271 -0.037812 -0.0318983 -0.0268641 -0.0226183 -0.0191222 -0.0162558 -0.0139941 -0.0121778 -0.0107451 -0.00960194 -0.00873862 -0.00805346 -0.00749586 -0.00705358 -0.00670414 -0.00641805 -0.00613943 -0.00592813 -0.00573034 -0.00555928 -0.00537368 -0.00523781 -0.00509975 -0.00496038 -0.00483817 -0.00472696 -0.00462667 -0.00450601 -0.0044285 -0.00433146 -0.00424744 -0.00416317 -0.00409284 -0.00402069 -0.00394143 -0.00389267 -0.00381789 -0.00376412 -0.003705 -0.00365713 -0.00360657 -0.00354784 -0.00351175 -0.00346396 -0.00343589 -0.00338177 -0.00333565 -0.0033175 -0.00328717 -0.00325261 -0.00319886 -0.00318086 -0.0031654 -0.00312934 -0.00310578 -0.00307492 -0.00305335 -0.00302947 -0.00301773 -0.00300458 -0.00297105 -0.00296131 -0.0029419 -0.00291983 -0.00291493 -0.00289761 -0.00288692 -0.00287496 -0.00286022 -0.00285332 -0.00284136 -0.00283646 -0.00283034 -0.00282047 -0.00281753 -0.00280825 -0.0028025 -0.00280189 -0.002796 -0.00279755 
