0 0 0 0 0 0 0 0 0 0 0 0 0 0 0 0 0 0 0 0 0 0 0 0 0 0 0 0 0 0 0 0 0 0 0 0 0 0 0 0 0 0 0 0 0 0 0 0 0 0 0 0 0 0 0 0 0 0 0 0 0 0 0 0 0 0 0 0 0 0 0 0 0 0 0 0 0 0 0 0 0 0 0 0 0 0 0 0 0 0 0 0 0 0 0 0 0 0 0 0 0 0 0 0 0 0 0 0 0 0 0 0 0 0 0 0 0 0 0 0 0 0 0 0 0 0 0 0 0 0 0 0 0 0 0 0 0 0 0 0 0 0 0 0 0 0 0 0 0 0 0 0 0 0 0 0 0 0 0 0 0 0 0 0 0 0 0 0 0 0 0 0 0 0 0 0 0 0 0 0 0 0 0 0 0 0 0 0 0 0 0 0 0 0 0 0 0 0 0 0 
0 4.99324e-06 6.12743e-06 1.39195e-05 1.04502e-05 1.08743e-05 1.34866e-05 1.14333e-05 2.81274e-05 2.91195e-05 2.86771e-05 4.40833e-05 2.56763e-05 2.48159e-05 4.65503e-05 3.82937e-05 4.70316e-05 6.04468e-05 5.35759e-05 4.98464e-05 5.82657e-05 8.23897e-05 6.90783e-05 5.04598e-05 7.83918e-05 8.36905e-05 8.19937e-05 9.32402e-05 9.04977e-05 0.000101861 0.000112374 0.000109269 0.000111294 0.00012076 0.000127764 0.000124951 0.000135586 0.000150419 0.000148293 0.000159512 0.000178211 0.000179384 0.000187482 0.000203393 0.000214729 0.000216905 0.000228599 0.000252469 0.000253596 0.000267226 0.000290277 0.000310286 0.00032363 0.000341894 0.000383368 0.000401659 0.000430122 0.000465883 0.000517938 0.000561086 0.000605924 0.000686589 0.000771176 0.000877576 0.000988017 0.00116006 0.00135717 0.001592 0.00185684 0.00217708 0.00254592 0.00291921 0.00329798 0.00364225 0.00396224 0.00416473 0.00424065 0.00411961 0.00383212 0.00332704 0.00262614 0.00171423 0.000661775 -0.000477214 -0.00162693 -0.0027323 -0.00374199 -0.00458706 -0.00522934 -0.00561651 -0.00577089 -0.00568514 -0.00542204 -0.00497793 -0.0044188 -0.00373628 -0.00300367 -0.0022115 -0.00142706 -0.000620167 0.000164218 0.0009742 0.00176776 0.00258023 0.00334786 0.00408302 0.00471092 0.0052403 0.00560251 0.00580266 0.00577175 0.00551174 0.00498329 0.00422971 0.00327577 0.00219322 0.00102704 -0.000163258 -0.00130951 -0.00234552 -0.00319311 -0.00384489 -0.00427425 -0.00452369 -0.00456055 -0.00444383 -0.00417611 -0.00385699 -0.0034817 -0.00310037 -0.00270246 -0.00234533 -0.00203659 -0.00176778 -0.00153318 -0.00132592 -0.00118305 -0.00105494 -0.000954133 -0.000853313 -0.000796439 -0.000744231 -0.000690744 -0.000645201 -0.000613805 -0.000596182 -0.000554316 -0.000533426 -0.000516741 -0.00050143 -0.000473471 -0.000456371 -0.000453327 -0.000428022 -0.000411801 -0.000403566 -0.000394965 -0.000375755 -0.000365489 -0.000367861 -0.000351269 -0.000341964 -0.000345652 -0.000335845 -0.000324932 -0.000324199 -0.000321317 -0.000307825 -0.000298791 -0.000302206 -0.00029183 -0.000286146 -0.000286028 -0.000270307 -0.000284869 -0.00029237 -0.000263645 -0.000260631 -0.000274254 -0.000276218 -0.000255579 -0.000245898 -0.000260293 -0.000247746 -0.000250806 -0.000265706 -0.000247914 -0.000246846 -0.000245357 -0.000240045 -0.000247971 -0.000237338 -0.000243888 -0.000245981 -0.00022868 -0.000247204 -0.000243051 -0.00022746 -0.000247851 -0.000235507 
0 6.12743e-06 1.6215e-06 1.67858e-05 2.26478e-05 2.52405e-05 4.61595e-05 4.40319e-05 3.59964e-05 5.0552e-05 5.02312e-05 4.79787e-05 8.0162e-05 8.99359e-05 7.20453e-05 9.51953e-05 9.62348e-05 7.80275e-05 0.000116631 0.000122485 0.00011103 0.000125745 0.000126091 0.000163171 0.000168376 0.000144645 0.000171969 0.000180766 0.00018914 0.000188141 0.000200034 0.000227912 0.000214618 0.000251212 0.000261406 0.000256389 0.000294331 0.000293166 0.000310975 0.000316453 0.000343349 0.000359857 0.000354634 0.00040736 0.000411769 0.000435112 0.000462771 0.000497395 0.000528428 0.000535413 0.000601802 0.000622972 0.000660138 0.000697507 0.000758785 0.000814716 0.000847294 0.000940719 0.00101687 0.00112102 0.00120846 0.00136743 0.00154733 0.00174788 0.00200168 0.00232169 0.00274406 0.00319369 0.00375078 0.00437571 0.00511505 0.00585416 0.00660073 0.00729191 0.00789705 0.00830707 0.0084205 0.00819835 0.00758702 0.00659954 0.00517113 0.00338322 0.00127238 -0.000967865 -0.00326728 -0.00544865 -0.00746061 -0.00912899 -0.0104062 -0.0111777 -0.0114869 -0.0113275 -0.010801 -0.00992979 -0.0088082 -0.00746452 -0.00599411 -0.0044317 -0.00285209 -0.00125632 0.000327538 0.00192985 0.00352895 0.00513192 0.00667339 0.00812085 0.00938093 0.0104207 0.0111471 0.0115323 0.0114708 0.0109486 0.00990055 0.00841219 0.00651729 0.0043812 0.00205566 -0.000286374 -0.0025757 -0.00460636 -0.00631804 -0.00759388 -0.00848433 -0.00895833 -0.00906841 -0.00882443 -0.00832956 -0.00768611 -0.00695564 -0.00619575 -0.00540999 -0.00471119 -0.00407813 -0.00356057 -0.0030704 -0.00268715 -0.00237159 -0.00213607 -0.00191842 -0.0017313 -0.00161153 -0.00149489 -0.00140492 -0.00129186 -0.00124788 -0.00118035 -0.00111859 -0.00106104 -0.00102338 -0.000997838 -0.000929019 -0.000917968 -0.000884241 -0.000861888 -0.000823449 -0.00080846 -0.000804224 -0.000752843 -0.000756227 -0.000732673 -0.000714492 -0.000691323 -0.00067657 -0.000676389 -0.000632144 -0.000644609 -0.000628879 -0.00060573 -0.000618181 -0.00059852 -0.000592568 -0.000575845 -0.00058599 -0.000578331 -0.000534937 -0.000549994 -0.000545496 -0.000541249 -0.000536639 -0.000502565 -0.000529483 -0.000537721 -0.000507917 -0.000516034 -0.000508214 -0.000487015 -0.000491492 -0.000502262 -0.000494761 -0.000486033 -0.000494803 -0.000485307 -0.000476081 -0.000488531 -0.000481037 -0.000472695 -0.00048025 -0.00047747 -0.000472002 -0.000475712 
0 1.39195e-05 1.67858e-05 2.7695e-05 3.28946e-05 3.73533e-05 4.86413e-05 5.46319e-05 6.87109e-05 8.12114e-05 8.69641e-05 9.72866e-05 9.96011e-05 0.000105246 0.000119147 0.00013103 0.000143206 0.000152723 0.000164645 0.000168734 0.000179539 0.000204996 0.000202356 0.000205968 0.000230542 0.000238805 0.000255278 0.000272044 0.00028121 0.000298426 0.0003178 0.00033161 0.000338391 0.000363818 0.000381875 0.000389184 0.000419615 0.000442136 0.000458659 0.000484577 0.000518589 0.000540948 0.000561024 0.000604587 0.000632528 0.000656995 0.000697052 0.000743311 0.000777926 0.00081475 0.000879682 0.000933131 0.000983666 0.00105055 0.00113834 0.00121794 0.00129796 0.00141532 0.00154889 0.00169079 0.00185116 0.00207558 0.00234555 0.00265745 0.00303986 0.0035341 0.00414227 0.00484237 0.00566191 0.00661318 0.00768291 0.00878835 0.00988153 0.0108994 0.0117663 0.0123382 0.0124883 0.0121272 0.0112107 0.00970404 0.00758819 0.00491723 0.00181744 -0.00151481 -0.00489795 -0.00814473 -0.0110984 -0.0135774 -0.015449 -0.0166116 -0.0170676 -0.0168549 -0.0160707 -0.0147913 -0.0131189 -0.0111321 -0.00893991 -0.00662015 -0.00425587 -0.00187352 0.000505291 0.00289878 0.00529347 0.00767529 0.00997267 0.0121137 0.0139901 0.0155204 0.0165997 0.017147 0.0170533 0.0162562 0.0147181 0.0125049 0.00972395 0.00654604 0.0031232 -0.000359935 -0.00372187 -0.00674801 -0.00927781 -0.0112132 -0.012544 -0.0132845 -0.0134636 -0.0131456 -0.0124456 -0.0115125 -0.0104436 -0.00931289 -0.00817312 -0.00711838 -0.00618468 -0.00537704 -0.00466435 -0.0040693 -0.00359689 -0.00321805 -0.00289255 -0.00261821 -0.00241605 -0.00224864 -0.00209626 -0.00195755 -0.00186245 -0.00177559 -0.00168319 -0.00160465 -0.00154884 -0.00149396 -0.00142391 -0.00137874 -0.00133987 -0.0012928 -0.00124357 -0.0012145 -0.00118536 -0.00113984 -0.0011158 -0.00109448 -0.00106551 -0.00103736 -0.00102472 -0.0010061 -0.000975613 -0.000967925 -0.000950559 -0.000925352 -0.000911654 -0.000899732 -0.000883171 -0.000865132 -0.000859518 -0.000843764 -0.000836774 -0.000838276 -0.000812944 -0.000804193 -0.000807941 -0.000794837 -0.000782079 -0.000772321 -0.000766911 -0.000760494 -0.000759958 -0.000759891 -0.000748119 -0.000745104 -0.000738492 -0.000731065 -0.000734589 -0.000726055 -0.000724787 -0.000726041 -0.000715981 -0.000721238 -0.000718113 -0.000712186 -0.000721901 -0.000711414 
0 1.04502e-05 2.26478e-05 3.28946e-05 4.54446e-05 5.83542e-05 6.29545e-05 7.44107e-05 9.43303e-05 9.92875e-05 0.000111511 0.00013532 0.000132064 0.000141342 0.000171565 0.000169685 0.000183764 0.000213239 0.000210375 0.000223529 0.000245312 0.000263081 0.000280891 0.00027695 0.000304012 0.000331847 0.000335255 0.000360838 0.000372823 0.000398274 0.000423146 0.000431168 0.000466432 0.000480709 0.000508143 0.000536575 0.000553875 0.00059584 0.000612302 0.000652153 0.000685867 0.000714149 0.0007623 0.00079111 0.000846032 0.000880669 0.000934318 0.000992374 0.00103789 0.00111055 0.00116803 0.00125367 0.00132132 0.00141532 0.00152057 0.00162351 0.00175533 0.00189159 0.0020788 0.00226276 0.00250657 0.00279632 0.00315957 0.00359426 0.00412046 0.00479438 0.00559004 0.00654966 0.007638 0.00891136 0.0102913 0.0117451 0.0131619 0.0144766 0.0155587 0.0162486 0.0163995 0.0158762 0.0146356 0.0125998 0.00980564 0.00628357 0.00224481 -0.00212704 -0.00654017 -0.0108026 -0.0146452 -0.0178921 -0.0203262 -0.0218719 -0.0224791 -0.0222322 -0.0212083 -0.0195446 -0.0173423 -0.0147397 -0.0118476 -0.00879304 -0.00565522 -0.00249584 0.000676246 0.00385268 0.0070337 0.0101731 0.0132044 0.0160101 0.0184796 0.0204741 0.0218856 0.0225714 0.0224342 0.0213618 0.0193587 0.0164601 0.0128475 0.00868152 0.00422085 -0.000343514 -0.00471577 -0.00868947 -0.012011 -0.0146029 -0.0163837 -0.0174068 -0.0176837 -0.017333 -0.0164778 -0.0152925 -0.0139149 -0.0124371 -0.0109717 -0.00957597 -0.00834486 -0.00724303 -0.00631186 -0.00550683 -0.00486947 -0.00433771 -0.00390252 -0.00354391 -0.00325043 -0.0030245 -0.00280817 -0.00264587 -0.0024898 -0.0023754 -0.00225301 -0.00215189 -0.00206932 -0.00198042 -0.00191523 -0.00183436 -0.00178738 -0.00172062 -0.00166919 -0.00162502 -0.00157205 -0.0015409 -0.00148839 -0.00146438 -0.00142396 -0.00139055 -0.0013694 -0.00132919 -0.00131528 -0.00128056 -0.00126218 -0.00124328 -0.00121049 -0.00120407 -0.00117807 -0.00116624 -0.0011465 -0.0011215 -0.00112855 -0.00110669 -0.00108625 -0.0010752 -0.00106556 -0.00106985 -0.00104068 -0.00102758 -0.00103737 -0.0010151 -0.00100961 -0.00101382 -0.000997131 -0.000988643 -0.000986013 -0.000982484 -0.000975458 -0.000969934 -0.000972741 -0.000962688 -0.000957175 -0.000966541 -0.000955064 -0.00094804 -0.000960252 -0.000951003 
0 1.08743e-05 2.52405e-05 3.73533e-05 5.83542e-05 6.92629e-05 8.6887e-05 0.000109626 0.000103692 0.000123211 0.000143037 0.000138941 0.000181743 0.000203157 0.000195266 0.000225563 0.000234856 0.000240076 0.000268184 0.000295571 0.000311866 0.000301635 0.000339934 0.000388785 0.000381287 0.000402174 0.000426024 0.000444331 0.000479443 0.000490929 0.000514867 0.000549226 0.000580295 0.000607772 0.000634296 0.000678833 0.000705189 0.000735097 0.000781903 0.000814749 0.000851266 0.000899237 0.00094934 0.00099382 0.00104741 0.00111405 0.00117386 0.00123538 0.00131537 0.00139538 0.00147522 0.00156678 0.00167286 0.00178681 0.00190238 0.00204869 0.00221022 0.00239561 0.00260725 0.00286571 0.00318081 0.00354937 0.00401122 0.00456965 0.00526907 0.00610359 0.00711865 0.00831328 0.00970043 0.01126 0.0129482 0.0147094 0.0164243 0.0179921 0.0192285 0.0199951 0.0200851 0.0193904 0.0177789 0.015235 0.0117509 0.00744995 0.0025069 -0.00280735 -0.00820452 -0.0133899 -0.0180751 -0.0220155 -0.0249895 -0.0268912 -0.0276661 -0.0273964 -0.026164 -0.0241406 -0.0214412 -0.0182541 -0.0146924 -0.01093 -0.0070342 -0.00311059 0.000850828 0.00479863 0.00875288 0.0126234 0.0163588 0.0197946 0.0228223 0.0252507 0.0269597 0.0277634 0.0275587 0.0262243 0.0237708 0.0202523 0.0158552 0.0107934 0.00534751 -0.000195344 -0.00553014 -0.0103638 -0.0144719 -0.0176844 -0.0199544 -0.0212594 -0.0216952 -0.0213471 -0.0204084 -0.0190167 -0.0173717 -0.0155884 -0.0138135 -0.0121163 -0.0105681 -0.00919856 -0.00801719 -0.00702705 -0.0061903 -0.00551186 -0.00494966 -0.00450243 -0.00412018 -0.00380855 -0.00355119 -0.00333416 -0.00314337 -0.00297149 -0.00283603 -0.0027068 -0.00258816 -0.00248188 -0.00239534 -0.00231039 -0.00222431 -0.0021589 -0.00209857 -0.00203238 -0.00197473 -0.00192921 -0.00188031 -0.00182653 -0.00178687 -0.00175216 -0.0017015 -0.00166889 -0.00164153 -0.00160231 -0.00157317 -0.00155043 -0.00153219 -0.00149806 -0.00147739 -0.00146376 -0.00143649 -0.00142967 -0.00139069 -0.00136139 -0.00137905 -0.00135858 -0.00132409 -0.00130824 -0.00131647 -0.00131388 -0.00128069 -0.00128461 -0.00126964 -0.00123758 -0.00125339 -0.00124384 -0.00123166 -0.00123479 -0.00121662 -0.00121957 -0.00121191 -0.00120172 -0.00121287 -0.00119276 -0.00119425 -0.00120449 -0.0011798 -0.00119496 
0 1.34866e-05 4.61595e-05 4.86413e-05 6.29545e-05 8.6887e-05 8.93999e-05 0.00011579 0.000141305 0.000152226 0.000179926 0.000195103 0.000198048 0.000216676 0.00024214 0.000260773 0.000286323 0.000315786 0.000321811 0.00034053 0.000372533 0.000390962 0.000419912 0.000426737 0.000443477 0.000497088 0.000517098 0.000535829 0.000572436 0.000605939 0.000632394 0.000659241 0.000703309 0.00072158 0.000759192 0.000812446 0.000835506 0.000884708 0.000937408 0.000986771 0.00102932 0.00108942 0.00115962 0.00119777 0.00127162 0.00134633 0.00141396 0.00148551 0.0015772 0.00168419 0.00176451 0.00188572 0.0020175 0.00215764 0.00229951 0.00247784 0.00269527 0.00291055 0.0031789 0.00349839 0.00390099 0.0043521 0.0049159 0.00561944 0.00647771 0.00750324 0.00871624 0.0101719 0.0118276 0.0136758 0.0156348 0.0176744 0.0196429 0.0214011 0.0227443 0.0235095 0.0235098 0.0225797 0.0206025 0.0175225 0.0134024 0.00834941 0.0026005 -0.00359293 -0.00986593 -0.0159036 -0.0213378 -0.0259158 -0.0293783 -0.0316218 -0.0325671 -0.0322943 -0.0308865 -0.0285334 -0.0253814 -0.0216402 -0.0174543 -0.0130038 -0.0083826 -0.00369731 0.00103158 0.00574982 0.0104463 0.0150299 0.0194223 0.0234562 0.0269919 0.0298199 0.0317841 0.0326782 0.0323884 0.0307947 0.0279261 0.0238367 0.0187403 0.0128559 0.00653317 8.47223e-05 -0.00610552 -0.0117559 -0.016582 -0.0204287 -0.0231716 -0.0248181 -0.0254364 -0.0251742 -0.0241998 -0.0226791 -0.0208148 -0.0187711 -0.0167252 -0.0147356 -0.0128997 -0.0112403 -0.00982719 -0.00861496 -0.0075924 -0.0067346 -0.00604472 -0.00549096 -0.00500962 -0.00461877 -0.00429436 -0.00404285 -0.00379408 -0.00358976 -0.00342298 -0.00327516 -0.0031285 -0.00299314 -0.0029025 -0.00278897 -0.0026882 -0.00260004 -0.00253091 -0.00244664 -0.00236451 -0.00232071 -0.00225078 -0.00219112 -0.00214306 -0.0021048 -0.00205306 -0.00200501 -0.00198678 -0.00193455 -0.00189838 -0.00187355 -0.0018321 -0.00180063 -0.00177589 -0.00175364 -0.00171012 -0.00169785 -0.00169722 -0.00165844 -0.00163985 -0.00162303 -0.0016079 -0.00160253 -0.00157088 -0.00154743 -0.00154158 -0.00153215 -0.00152148 -0.00151859 -0.00150986 -0.00148483 -0.0014827 -0.0014795 -0.00145957 -0.00146532 -0.00145751 -0.00144303 -0.00145031 -0.00143825 -0.00143764 -0.00144496 -0.00142933 -0.00143326 
0 1.14333e-05 4.40319e-05 5.46319e-05 7.44107e-05 0.000109626 0.00011579 0.000133721 0.000164935 0.00017005 0.000194314 0.000230193 0.000237602 0.000264063 0.00029734 0.000301979 0.000327889 0.000359988 0.000374016 0.000404115 0.000428734 0.000455588 0.000491962 0.000507201 0.000539925 0.000578441 0.000598153 0.000628904 0.000663109 0.000703288 0.000733125 0.000769802 0.000823669 0.000850268 0.000900077 0.000954469 0.000987243 0.00104324 0.00109691 0.00115306 0.00120225 0.00127074 0.00134853 0.00139975 0.00148831 0.0015768 0.00165981 0.00175026 0.0018593 0.00198387 0.00208262 0.00222415 0.00237992 0.00254012 0.00271139 0.00292095 0.00317989 0.00343767 0.00376086 0.0041535 0.00463871 0.00519268 0.00587333 0.00673381 0.00776415 0.00899081 0.0104239 0.0121339 0.0140586 0.0161701 0.0183847 0.020654 0.0228249 0.024703 0.0260883 0.0267856 0.0266333 0.0254228 0.0230498 0.0194429 0.0147103 0.00897024 0.00248469 -0.00448509 -0.0115426 -0.0183245 -0.0244292 -0.0295662 -0.0334798 -0.036036 -0.037163 -0.036902 -0.0353606 -0.032713 -0.0291597 -0.0249034 -0.02014 -0.0150304 -0.00971447 -0.00428074 0.0011959 0.00667264 0.0120826 0.0173518 0.0223549 0.0269456 0.0309346 0.0341209 0.0362914 0.037251 0.036854 0.0350177 0.0317613 0.0271719 0.0214526 0.0148572 0.00775865 0.000522909 -0.00643442 -0.0128134 -0.0183105 -0.0227568 -0.0259829 -0.0279986 -0.028855 -0.0287395 -0.0277966 -0.0262207 -0.024201 -0.0219584 -0.0196715 -0.0174268 -0.0153164 -0.0133893 -0.0117333 -0.0102993 -0.00908258 -0.00804518 -0.00721576 -0.00653892 -0.00596013 -0.00547917 -0.00508575 -0.00477709 -0.00447672 -0.00422945 -0.00402194 -0.00384528 -0.00366742 -0.00350715 -0.00339309 -0.00326179 -0.00314573 -0.00304148 -0.00296082 -0.00286767 -0.0027757 -0.00272067 -0.00264247 -0.00257398 -0.00251415 -0.002462 -0.00240411 -0.00234349 -0.00231306 -0.00225706 -0.00221308 -0.00218673 -0.00214121 -0.00210926 -0.00207962 -0.00205429 -0.00201828 -0.0019856 -0.00197399 -0.00193885 -0.0019129 -0.00189705 -0.00187071 -0.00186162 -0.00183826 -0.00181795 -0.00181899 -0.00179306 -0.00177202 -0.00177158 -0.00175143 -0.0017365 -0.00173731 -0.00172446 -0.00171243 -0.00171019 -0.00170048 -0.00169366 -0.00169296 -0.00168458 -0.00167746 -0.00167496 -0.00167269 -0.00167396 
0 2.81274e-05 3.59964e-05 6.87109e-05 9.43303e-05 0.000103692 0.000141305 0.000164935 0.000172738 0.000210183 0.000229651 0.000236998 0.000284882 0.000313884 0.000319119 0.000359348 0.000384663 0.000394377 0.000436418 0.000472468 0.000497468 0.000513748 0.000541846 0.000604833 0.000626781 0.000643108 0.000691212 0.000724296 0.000772292 0.000801246 0.000838211 0.000897574 0.000928056 0.000986834 0.00103117 0.00108196 0.00114691 0.00118822 0.00126748 0.00131863 0.00138868 0.00146979 0.00153436 0.00163032 0.00170295 0.00181568 0.00190703 0.00201272 0.00214766 0.00226277 0.00241574 0.00255441 0.00274899 0.00292849 0.00313786 0.00339544 0.00367395 0.00401309 0.00437623 0.00487 0.00542256 0.00610457 0.00691639 0.00793052 0.00915284 0.0105686 0.0122567 0.0141845 0.0163856 0.0187122 0.0211716 0.0236061 0.0259187 0.0278429 0.0291954 0.0297706 0.0293854 0.0278687 0.0250558 0.0209639 0.0156334 0.00930166 0.00213876 -0.00547368 -0.0132255 -0.0206155 -0.0273147 -0.0329166 -0.0372468 -0.0400771 -0.041396 -0.0411586 -0.039527 -0.0366272 -0.0327257 -0.0280022 -0.0227059 -0.0169752 -0.0109922 -0.00483504 0.0013717 0.00758264 0.0136804 0.0195971 0.025167 0.0302632 0.0346488 0.0381419 0.0404664 0.0414648 0.0409384 0.0388813 0.03526 0.0302498 0.0239778 0.0168024 0.00902503 0.00114463 -0.00650525 -0.0135023 -0.0196389 -0.0246231 -0.0283615 -0.0307578 -0.0319334 -0.0320149 -0.0311878 -0.0296299 -0.0275339 -0.0251649 -0.0226658 -0.0202165 -0.0178329 -0.0156804 -0.0137477 -0.0121044 -0.0106617 -0.00945313 -0.00845741 -0.00763506 -0.00695971 -0.00636633 -0.00591746 -0.00551176 -0.0051881 -0.00487977 -0.00464056 -0.00442774 -0.00421815 -0.00405483 -0.00388541 -0.0037626 -0.00361139 -0.0035027 -0.00339583 -0.00328563 -0.00320311 -0.00310145 -0.00303874 -0.00294752 -0.00288294 -0.00282194 -0.00274712 -0.00270527 -0.0026361 -0.00259597 -0.00254382 -0.00249446 -0.00246873 -0.00241203 -0.00238108 -0.00234387 -0.00231641 -0.00229226 -0.00223297 -0.00221857 -0.00220901 -0.00217584 -0.00214406 -0.00211237 -0.00211591 -0.00209937 -0.00205927 -0.00205788 -0.00204008 -0.00200783 -0.00201018 -0.00200435 -0.00197993 -0.00197197 -0.00196831 -0.00195342 -0.00194422 -0.00194241 -0.00193393 -0.00192569 -0.00192513 -0.00192133 -0.00191429 -0.00191525 
0 2.91195e-05 5.0552e-05 8.12114e-05 9.92875e-05 0.000123211 0.000152226 0.00017005 0.000210183 0.000237631 0.000256805 0.000298702 0.000309275 0.000326082 0.000370997 0.000397968 0.000432691 0.000469549 0.000498607 0.000517146 0.000546518 0.00061081 0.00062961 0.000644658 0.000699467 0.000734156 0.000788061 0.000827336 0.000856466 0.000917356 0.000961661 0.00100916 0.00105111 0.00110939 0.00117029 0.00121283 0.00129234 0.00135322 0.00141981 0.00150101 0.00157746 0.00166508 0.0017417 0.00184903 0.00194262 0.00204475 0.00216672 0.0022864 0.00242754 0.00256452 0.00273823 0.0029124 0.00311171 0.00333629 0.00358516 0.00388118 0.00420508 0.00460279 0.00505538 0.00561655 0.00627789 0.00708073 0.0080533 0.00922787 0.0106382 0.0122776 0.0141967 0.0163669 0.0187827 0.0213349 0.0239667 0.026537 0.0288928 0.0307992 0.0320406 0.0324218 0.0317489 0.0298607 0.0266168 0.0220321 0.0161851 0.00929702 0.00158575 -0.00659436 -0.0148796 -0.0227951 -0.029953 -0.0359766 -0.0406405 -0.0437458 -0.0452266 -0.0450567 -0.043352 -0.0402706 -0.0360582 -0.0309366 -0.0251398 -0.0188417 -0.012212 -0.00537146 0.00155124 0.00845718 0.0152225 0.021735 0.0278378 0.0333697 0.0381083 0.0418312 0.0442795 0.0452615 0.0446195 0.0423292 0.0384111 0.033014 0.0263149 0.0186417 0.0103519 0.00191547 -0.00628006 -0.0138428 -0.0205148 -0.0260261 -0.0302408 -0.0330722 -0.0346063 -0.0349623 -0.0343211 -0.032857 -0.0307847 -0.0283402 -0.02571 -0.0230595 -0.0204734 -0.0180789 -0.0159081 -0.0140159 -0.0123619 -0.0109647 -0.0097871 -0.00881306 -0.00800467 -0.00732643 -0.00677325 -0.00629648 -0.00591123 -0.00556535 -0.00527893 -0.00501813 -0.00479754 -0.00460008 -0.00440972 -0.00425388 -0.00409947 -0.0039696 -0.00383042 -0.00372144 -0.00361678 -0.00350573 -0.00342028 -0.00333139 -0.00325868 -0.00317248 -0.00311376 -0.00305331 -0.00297792 -0.00293599 -0.00287693 -0.00282286 -0.00276933 -0.00273025 -0.00269184 -0.00263155 -0.00260573 -0.00256799 -0.00254253 -0.00252287 -0.00246286 -0.00244544 -0.00244027 -0.00240717 -0.00236896 -0.00234155 -0.00233443 -0.0023064 -0.00229689 -0.00229599 -0.00225713 -0.0022494 -0.00224202 -0.00221689 -0.00221841 -0.00220356 -0.00219193 -0.00218911 -0.00217093 -0.00217662 -0.00217331 -0.00216125 -0.00217026 -0.00215548 
0 2.86771e-05 5.02312e-05 8.69641e-05 0.000111511 0.000143037 0.000179926 0.000194314 0.000229651 0.000256805 0.00027452 0.000326817 0.000353394 0.000380067 0.000428901 0.000443704 0.000470718 0.00051194 0.000547289 0.000587458 0.000617941 0.000666671 0.000700816 0.0007365 0.000800763 0.000820959 0.000864185 0.000924359 0.000951864 0.00101695 0.00107089 0.00111788 0.00118345 0.00124613 0.00131495 0.00136527 0.00144815 0.00152419 0.00157919 0.00167818 0.00176214 0.00184843 0.00194628 0.00206115 0.00217876 0.00228276 0.00243417 0.00257696 0.00272235 0.00289128 0.00308184 0.00329018 0.00349655 0.00376297 0.0040547 0.00438255 0.00476161 0.00521961 0.00577236 0.00640718 0.00719177 0.00813425 0.00928096 0.0106325 0.0122389 0.0141186 0.0162656 0.0186703 0.021272 0.0240202 0.026775 0.0294164 0.0317349 0.0335419 0.0345979 0.0347113 0.0336902 0.0313839 0.0277042 0.0226481 0.0163426 0.00896786 0.000808877 -0.00782723 -0.0165144 -0.0248385 -0.0323497 -0.038722 -0.0436638 -0.0470174 -0.0486514 -0.0485699 -0.0468297 -0.043622 -0.0391553 -0.0336925 -0.0274433 -0.0206212 -0.0133808 -0.00589126 0.00171607 0.00928298 0.0166803 0.0237453 0.0303327 0.036242 0.0412723 0.0451618 0.0476842 0.0486159 0.0478532 0.0453448 0.0411741 0.0354534 0.0284253 0.0203704 0.0117068 0.00284178 -0.00577891 -0.0138161 -0.0209422 -0.0269337 -0.0316028 -0.0348943 -0.0368323 -0.0375299 -0.0371448 -0.0358577 -0.0338952 -0.0314542 -0.0287573 -0.0259509 -0.0232048 -0.0205924 -0.0182018 -0.0160563 -0.0141919 -0.0125959 -0.011231 -0.0100891 -0.0091348 -0.00836156 -0.00769231 -0.00713691 -0.00667294 -0.0062865 -0.00594052 -0.00562848 -0.00538379 -0.00514939 -0.00493771 -0.00474205 -0.00458736 -0.00443385 -0.00427479 -0.00416153 -0.00404196 -0.00392844 -0.00381785 -0.00373379 -0.00364509 -0.0035395 -0.00348004 -0.00339968 -0.00332023 -0.00326032 -0.0032012 -0.00314682 -0.00308087 -0.00304895 -0.00299756 -0.00294449 -0.00292445 -0.00286233 -0.00282474 -0.00280231 -0.00275513 -0.00272677 -0.00269427 -0.00267014 -0.00264341 -0.00262353 -0.00261689 -0.00257164 -0.00255345 -0.00254709 -0.00250869 -0.00250765 -0.00249612 -0.00247013 -0.00247005 -0.00244918 -0.00244419 -0.00244562 -0.0024227 -0.00242497 -0.00241284 -0.00239566 -0.00241122 -0.00240181 
0 4.40833e-05 4.79787e-05 9.72866e-05 0.00013532 0.000138941 0.000195103 0.000230193 0.000236998 0.000298702 0.000326817 0.000332955 0.000394344 0.000425476 0.000447147 0.000501693 0.000532215 0.000568365 0.000606472 0.000646672 0.000703823 0.00071945 0.000758955 0.000833352 0.000867411 0.000909066 0.000959797 0.00102055 0.00107816 0.0011174 0.00119049 0.00124252 0.00130089 0.00138442 0.00143551 0.00151578 0.00159956 0.00167888 0.00176423 0.00185423 0.00196851 0.00205194 0.00216647 0.00229762 0.00240939 0.00254467 0.00269227 0.00286365 0.00301696 0.00320795 0.00343414 0.00365425 0.00390818 0.00420088 0.00455395 0.00492211 0.00536458 0.00590826 0.00654515 0.00729431 0.00819086 0.00930627 0.0106168 0.012164 0.0139723 0.0160831 0.0184594 0.0210564 0.0238364 0.0267096 0.0295536 0.0321693 0.0343923 0.036004 0.0368114 0.0365844 0.0351627 0.0324149 0.0282929 0.0228157 0.0160958 0.00833887 -0.000186753 -0.0091324 -0.018117 -0.0267014 -0.0344886 -0.0411063 -0.0462951 -0.049841 -0.051641 -0.0516429 -0.0499253 -0.0466263 -0.0419816 -0.0362179 -0.0295823 -0.0222662 -0.0144701 -0.0063565 0.00188346 0.0100858 0.0180603 0.0256471 0.0326531 0.0388964 0.0441382 0.0481491 0.0506761 0.0515463 0.0506363 0.0479505 0.0435459 0.0375916 0.0303015 0.0220066 0.0130743 0.0039358 -0.00501804 -0.0134088 -0.0209325 -0.0273334 -0.03245 -0.0362044 -0.0385942 -0.0396967 -0.0396376 -0.0386224 -0.0368397 -0.0345067 -0.031792 -0.0289136 -0.0260222 -0.0232443 -0.0206309 -0.0182511 -0.0161602 -0.014349 -0.0127927 -0.0114509 -0.0103539 -0.00943911 -0.00867067 -0.00800748 -0.00747072 -0.00702862 -0.00662258 -0.00627749 -0.00598151 -0.00573677 -0.00548364 -0.0052702 -0.00509371 -0.00491404 -0.00474917 -0.00459674 -0.00447994 -0.00433762 -0.00421778 -0.00412443 -0.00401408 -0.00392192 -0.00383122 -0.00376283 -0.00367639 -0.00360099 -0.0035504 -0.003469 -0.00341905 -0.00336256 -0.00329675 -0.00325531 -0.00320931 -0.00317025 -0.00310843 -0.00307608 -0.00306698 -0.00300901 -0.00297278 -0.00294931 -0.00292186 -0.00290018 -0.00285403 -0.00284317 -0.00282968 -0.00278369 -0.00278858 -0.00277507 -0.00273187 -0.00273895 -0.00272702 -0.00269531 -0.00269825 -0.00268572 -0.00266742 -0.00267264 -0.00266555 -0.00265665 -0.00265838 -0.00264829 
0 2.56763e-05 8.0162e-05 9.96011e-05 0.000132064 0.000181743 0.000198048 0.000237602 0.000284882 0.000309275 0.000353394 0.000394344 0.000423393 0.000457488 0.000495345 0.000543538 0.000582944 0.000628836 0.000677606 0.000701843 0.000745758 0.000810879 0.000862289 0.000893071 0.000933336 0.0010088 0.00106692 0.00111331 0.00117256 0.00123457 0.00130708 0.00136659 0.00143612 0.00151227 0.00158446 0.00167155 0.00175256 0.001847 0.00193921 0.00204292 0.00215651 0.00225962 0.00239131 0.00252044 0.00266002 0.00280623 0.0029738 0.00315755 0.00333369 0.00355611 0.0037919 0.00405266 0.00433366 0.00467399 0.0050675 0.00549251 0.00601368 0.00663293 0.0073822 0.00824023 0.00929548 0.0105708 0.0120755 0.0138241 0.0158498 0.0181916 0.0207694 0.0235552 0.0264579 0.0294277 0.0322658 0.0348032 0.0368307 0.0381844 0.0386529 0.0380267 0.0361572 0.0329454 0.0283982 0.0225238 0.0154682 0.00739522 -0.00137069 -0.0105304 -0.0196649 -0.0284185 -0.0363584 -0.0431691 -0.0485267 -0.0522546 -0.0541888 -0.0543092 -0.0526314 -0.0493118 -0.0445299 -0.0385385 -0.0315525 -0.0238044 -0.0154827 -0.00680347 0.0020384 0.0108174 0.0193376 0.0273838 0.0347707 0.0412735 0.04668 0.0507343 0.0532358 0.0539969 0.0529567 0.0500927 0.045521 0.0393768 0.0319403 0.0234939 0.0144443 0.00513725 -0.00400546 -0.0126659 -0.0204831 -0.0272497 -0.0327682 -0.0369892 -0.0398517 -0.0414084 -0.0417524 -0.0410743 -0.0395687 -0.0374043 -0.0347774 -0.0318713 -0.0289094 -0.0259789 -0.0231911 -0.020586 -0.0182756 -0.0162435 -0.0144782 -0.0129514 -0.0116725 -0.0106217 -0.00971739 -0.00896225 -0.0083246 -0.00781239 -0.00734752 -0.00694982 -0.006614 -0.00631941 -0.00605231 -0.00580153 -0.00560212 -0.00540042 -0.00522093 -0.00505538 -0.00490855 -0.00477049 -0.00463209 -0.00452329 -0.00440586 -0.00430472 -0.00420726 -0.00411589 -0.00403543 -0.00395018 -0.00388209 -0.00380469 -0.00373855 -0.00368121 -0.00362149 -0.00356483 -0.00349975 -0.00346631 -0.00343367 -0.00337349 -0.00332202 -0.00329456 -0.0032774 -0.0032302 -0.00318446 -0.00316163 -0.00313364 -0.00311154 -0.00308864 -0.0030683 -0.00304453 -0.00301556 -0.00300991 -0.00298984 -0.00296712 -0.00296945 -0.00294524 -0.00292909 -0.00293444 -0.00291408 -0.00291154 -0.00291578 -0.00289623 -0.00289991 
0 2.48159e-05 8.99359e-05 0.000105246 0.000141342 0.000203157 0.000216676 0.000264063 0.000313884 0.000326082 0.000380067 0.000425476 0.000457488 0.000517997 0.000552659 0.000588761 0.000635124 0.000666297 0.000723883 0.000783683 0.000824798 0.000874591 0.00092808 0.000982465 0.00104329 0.00110202 0.00114745 0.00120624 0.00128439 0.00134862 0.00141208 0.00149386 0.00157572 0.00164915 0.00174028 0.00183212 0.00191481 0.00201912 0.00212297 0.00223113 0.00234593 0.00247471 0.00261463 0.00274916 0.0029144 0.00308029 0.00326273 0.00346054 0.0036722 0.00391741 0.0041701 0.00446938 0.00479183 0.0051752 0.00561144 0.00611061 0.00671528 0.00742394 0.00828593 0.00928432 0.0105071 0.0119556 0.0136609 0.0156251 0.0178758 0.0204267 0.0231899 0.0261263 0.029121 0.0321128 0.0348772 0.0372505 0.0390147 0.0400294 0.0400879 0.0390062 0.0366567 0.0329821 0.0280228 0.0218017 0.0144689 0.00618103 -0.00272817 -0.0119746 -0.021154 -0.0299564 -0.0379651 -0.0448821 -0.0503634 -0.0542299 -0.0562965 -0.0565389 -0.0549422 -0.0516432 -0.0467868 -0.0406169 -0.0333391 -0.0252027 -0.0164096 -0.00720872 0.00217944 0.0114902 0.0205005 0.028961 0.0366688 0.0433788 0.0488829 0.0529309 0.0553548 0.0559898 0.0548087 0.051797 0.0470929 0.0408359 0.0333303 0.0248485 0.0157868 0.00644407 -0.00277969 -0.0115916 -0.019626 -0.0266874 -0.0325772 -0.0372418 -0.0405913 -0.0426401 -0.0434524 -0.0431884 -0.0420309 -0.0401224 -0.0376611 -0.0348166 -0.0318317 -0.0288007 -0.0258645 -0.0230717 -0.0205442 -0.0182872 -0.0163049 -0.014586 -0.0131175 -0.0118995 -0.0108535 -0.00998882 -0.00924689 -0.0086398 -0.00811132 -0.0076591 -0.00727159 -0.00692384 -0.00663258 -0.00635527 -0.00611932 -0.00589721 -0.00570508 -0.00552525 -0.0053506 -0.00520909 -0.00506392 -0.00493133 -0.00480592 -0.00469685 -0.00458771 -0.00447688 -0.00439326 -0.00430056 -0.00421205 -0.00414348 -0.00407237 -0.00399645 -0.00393818 -0.00389155 -0.00382547 -0.00376405 -0.00372034 -0.00367301 -0.00362568 -0.00358474 -0.00353534 -0.00349557 -0.00348068 -0.0034467 -0.00341206 -0.00338817 -0.00334621 -0.00332917 -0.00331082 -0.00327714 -0.00327402 -0.00324597 -0.00321715 -0.00322553 -0.00320337 -0.00319089 -0.00319592 -0.00316505 -0.00315613 -0.0031582 -0.00313987 -0.00315257 
0 4.65503e-05 7.20453e-05 0.000119147 0.000171565 0.000195266 0.00024214 0.00029734 0.000319119 0.000370997 0.000428901 0.000447147 0.000495345 0.000552659 0.000584941 0.000639164 0.000700253 0.000744551 0.000782818 0.000841062 0.000903873 0.000937768 0.000998924 0.00106864 0.00112044 0.00119539 0.00124826 0.00131984 0.00141126 0.00145834 0.00153751 0.00162633 0.00170114 0.00178757 0.0018777 0.00198929 0.00207629 0.00219101 0.00232391 0.00242367 0.00256452 0.00270535 0.00285066 0.00300082 0.00317016 0.00336962 0.00354434 0.00377093 0.00401434 0.00427557 0.00456693 0.00489337 0.00528845 0.00570155 0.00620785 0.0067915 0.00748847 0.00830905 0.00927975 0.010461 0.0118382 0.0134878 0.0153816 0.0175787 0.0200424 0.0227728 0.0256996 0.0287306 0.0317872 0.034702 0.0373383 0.0394457 0.0408992 0.0414848 0.0410837 0.0394948 0.0366565 0.0325334 0.0271845 0.0206784 0.0131248 0.00473809 -0.00422927 -0.0134262 -0.0225703 -0.0312931 -0.0393086 -0.0462287 -0.0518064 -0.0557509 -0.0579646 -0.0583135 -0.0568508 -0.0535926 -0.0487353 -0.0424199 -0.0349234 -0.0264311 -0.0172382 -0.00755126 0.00230924 0.0121147 0.0215425 0.0303821 0.0383362 0.0452164 0.0507403 0.054753 0.0570377 0.0575492 0.0562012 0.0530891 0.0482694 0.0419931 0.0344734 0.0260799 0.017082 0.00784117 -0.00137571 -0.0102095 -0.0183941 -0.02567 -0.0319001 -0.036974 -0.0408082 -0.0433799 -0.0447067 -0.0449404 -0.0441836 -0.0426321 -0.0403975 -0.0377264 -0.0347602 -0.0317007 -0.0286389 -0.0257033 -0.0229708 -0.0204823 -0.0182863 -0.0163485 -0.0147003 -0.0132692 -0.0120855 -0.0110792 -0.0102354 -0.00951783 -0.00891027 -0.00841545 -0.0079556 -0.00757472 -0.0072343 -0.00694689 -0.00666797 -0.00641575 -0.00621715 -0.00600103 -0.00581505 -0.00564178 -0.00549507 -0.00534101 -0.00519397 -0.00509382 -0.00496091 -0.00485237 -0.00476164 -0.0046635 -0.0045724 -0.00448327 -0.00442281 -0.00432897 -0.00425045 -0.00420591 -0.00412766 -0.00407293 -0.004017 -0.00396162 -0.00393308 -0.00387749 -0.00382847 -0.00379757 -0.0037623 -0.00371559 -0.00367053 -0.00366127 -0.0036274 -0.00358461 -0.00358526 -0.00355049 -0.00351651 -0.00352524 -0.00349574 -0.0034662 -0.00346567 -0.00343968 -0.00342406 -0.00343292 -0.00342268 -0.00341357 -0.00341559 -0.00339941 
0 3.82937e-05 9.51953e-05 0.00013103 0.000169685 0.000225563 0.000260773 0.000301979 0.000359348 0.000397968 0.000443704 0.000501693 0.000543538 0.000588761 0.000639164 0.000688963 0.000742883 0.000793855 0.000860539 0.000912078 0.000946674 0.00103127 0.00110616 0.00114421 0.0012056 0.00128044 0.00136183 0.00142702 0.00149631 0.00158473 0.00166215 0.00176264 0.0018453 0.00193126 0.00205125 0.00214418 0.00225391 0.00237329 0.00250262 0.00263006 0.0027618 0.00293687 0.00308127 0.00325332 0.00345246 0.0036541 0.00386953 0.00410045 0.00439125 0.0046664 0.00498931 0.00536877 0.00579721 0.00628094 0.00683362 0.00753124 0.00831709 0.00926114 0.0103773 0.0117309 0.0133113 0.0151386 0.017269 0.0196721 0.0223591 0.025233 0.0282896 0.0313801 0.0344159 0.0372043 0.039597 0.0413995 0.0424336 0.0425587 0.041609 0.0395096 0.0361584 0.0316217 0.0259096 0.0191707 0.0114751 0.00307035 -0.00583628 -0.0149069 -0.0238956 -0.0324799 -0.0403869 -0.0472741 -0.0528587 -0.0568865 -0.0591977 -0.0596978 -0.0583544 -0.0552114 -0.0503619 -0.0439888 -0.0362903 -0.0275323 -0.0179599 -0.00788116 0.00242707 0.0126321 0.0224543 0.0315802 0.0397602 0.0467187 0.0522476 0.0561437 0.0582948 0.0586279 0.0571515 0.0539223 0.0490675 0.0427996 0.0353793 0.0271281 0.0183168 0.00925171 0.000171779 -0.00859558 -0.0168268 -0.0242517 -0.0307686 -0.036202 -0.0405132 -0.043591 -0.0454952 -0.0462473 -0.0459899 -0.0448285 -0.0429387 -0.0404922 -0.03765 -0.0346049 -0.0314796 -0.0284443 -0.0255272 -0.0228465 -0.0204102 -0.0182868 -0.0164175 -0.0147996 -0.0134342 -0.0122849 -0.0113232 -0.0104729 -0.00979099 -0.00920249 -0.00869855 -0.00824129 -0.00786284 -0.00754217 -0.00721897 -0.00695392 -0.00671109 -0.00650031 -0.00627999 -0.00609785 -0.00594326 -0.00576523 -0.00562534 -0.00548883 -0.00536503 -0.00523457 -0.00512448 -0.00503363 -0.00491481 -0.00483129 -0.00474652 -0.00466439 -0.00459598 -0.00451155 -0.004448 -0.00439198 -0.00434239 -0.0042717 -0.00419865 -0.00417939 -0.0041363 -0.00407062 -0.00403216 -0.00399838 -0.00396824 -0.00392968 -0.00389879 -0.00387888 -0.00383794 -0.00381326 -0.00380099 -0.00376656 -0.00375006 -0.00374303 -0.00371678 -0.00370679 -0.0037012 -0.00367867 -0.00367241 -0.00366915 -0.00365481 -0.00365826 
0 4.70316e-05 9.62348e-05 0.000143206 0.000183764 0.000234856 0.000286323 0.000327889 0.000384663 0.000432691 0.000470718 0.000532215 0.000582944 0.000635124 0.000700253 0.000742883 0.000796994 0.000852427 0.000905534 0.0009829 0.00104489 0.00110659 0.00116304 0.00122939 0.00132558 0.00138111 0.00145157 0.0015355 0.00160935 0.00171552 0.0017885 0.00188571 0.00199273 0.00208367 0.00221133 0.00230663 0.00243562 0.00256648 0.0026912 0.00284796 0.00298324 0.00316949 0.00333047 0.00351759 0.00374002 0.0039454 0.00419907 0.00444902 0.00476745 0.00507866 0.00543764 0.00587694 0.00634613 0.00691004 0.00753858 0.00834297 0.00924401 0.0103195 0.0116086 0.0131363 0.0149274 0.0169461 0.0193052 0.0219109 0.0247805 0.0277793 0.0309061 0.034009 0.0369397 0.0395315 0.0416 0.0430274 0.0435809 0.0431863 0.0416616 0.0390306 0.0351954 0.030265 0.0242519 0.0173263 0.0095828 0.00123822 -0.00749823 -0.0163648 -0.025104 -0.0334801 -0.0411948 -0.0479885 -0.0535249 -0.0576085 -0.0600032 -0.0606591 -0.0594525 -0.056453 -0.0516538 -0.0452682 -0.0374243 -0.0284535 -0.0185659 -0.00815317 0.00253408 0.0130796 0.0232298 0.0325867 0.0409317 0.0479194 0.0534047 0.0571507 0.059143 0.0592868 0.0576858 0.0543583 0.0495132 0.0433085 0.0360654 0.0280246 0.0194886 0.0106742 0.00183807 -0.00677978 -0.0149554 -0.0224719 -0.0292018 -0.0349634 -0.0397065 -0.0432962 -0.0457857 -0.0471078 -0.0474028 -0.046704 -0.0452371 -0.0430935 -0.0404669 -0.0375002 -0.0343833 -0.0312773 -0.0282262 -0.0253645 -0.0227066 -0.0203806 -0.018285 -0.0164736 -0.0149039 -0.0135967 -0.0124877 -0.0115133 -0.0107289 -0.0100418 -0.00948137 -0.00895297 -0.00853189 -0.00815975 -0.00780945 -0.00751784 -0.00723426 -0.00701298 -0.00676637 -0.00657158 -0.00638886 -0.00620277 -0.00605582 -0.00588808 -0.00576722 -0.00562433 -0.00550144 -0.00539758 -0.00527653 -0.00519627 -0.0050847 -0.00500246 -0.00493029 -0.00484358 -0.00478551 -0.00469416 -0.00463508 -0.00459177 -0.0045232 -0.00446646 -0.00440335 -0.00437105 -0.00433446 -0.0042836 -0.00425625 -0.0042047 -0.00416935 -0.00415132 -0.00411034 -0.00409177 -0.00406762 -0.00402927 -0.00401756 -0.00400235 -0.0039819 -0.00397524 -0.00396047 -0.00393941 -0.00392968 -0.00392173 -0.00391302 -0.00391588 
0 6.04468e-05 7.80275e-05 0.000152723 0.000213239 0.000240076 0.000315786 0.000359988 0.000394377 0.000469549 0.00051194 0.000568365 0.000628836 0.000666297 0.000744551 0.000793855 0.000852427 0.000947795 0.000972145 0.00103523 0.00112871 0.00116785 0.00124912 0.00133029 0.00140221 0.00148455 0.00155761 0.0016629 0.00173888 0.00182746 0.00193523 0.00201147 0.00213812 0.00224449 0.00234966 0.0024903 0.00261274 0.00276274 0.00289897 0.00306321 0.00323644 0.00339651 0.00360474 0.00379783 0.00402698 0.00426562 0.00452617 0.00483214 0.00514398 0.00552161 0.00592311 0.00640909 0.00695536 0.00758065 0.00834033 0.00922076 0.010281 0.011497 0.0129748 0.0146955 0.0166788 0.0189349 0.0214756 0.0242998 0.0272817 0.0303985 0.033521 0.0365732 0.0393212 0.0416267 0.0433224 0.0442744 0.0443252 0.0433288 0.0412543 0.0380563 0.0338013 0.0284844 0.022254 0.0151862 0.00748962 -0.000718228 -0.00919741 -0.0177782 -0.0262067 -0.0342903 -0.0417659 -0.0483811 -0.0538506 -0.0579294 -0.0604281 -0.0612032 -0.0601814 -0.0573084 -0.0526328 -0.0462385 -0.0383428 -0.0291764 -0.0190779 -0.00835523 0.00260216 0.0134631 0.0238343 0.0334016 0.041813 0.0488211 0.0541828 0.0577907 0.0595692 0.0595556 0.0578001 0.0544289 0.0496005 0.0435414 0.036514 0.0287698 0.0205611 0.0120809 0.00356591 -0.00481835 -0.0128444 -0.020391 -0.0272441 -0.0333076 -0.0384065 -0.042522 -0.045552 -0.0475086 -0.0483616 -0.0482251 -0.0472182 -0.0454761 -0.0431359 -0.0403347 -0.037305 -0.0341581 -0.0310474 -0.0280057 -0.0251884 -0.0226176 -0.0203261 -0.018293 -0.0165231 -0.0150351 -0.0137442 -0.0126659 -0.01173 -0.0109657 -0.0102996 -0.00972755 -0.00924281 -0.00880404 -0.00844348 -0.00809374 -0.00780172 -0.00752441 -0.00727901 -0.00705995 -0.00683301 -0.00666161 -0.00647517 -0.00631206 -0.00616237 -0.00602154 -0.00590278 -0.00575847 -0.00566504 -0.00555546 -0.00544127 -0.00536371 -0.00525406 -0.00517694 -0.00510141 -0.00502199 -0.00495228 -0.00487749 -0.0048451 -0.00476996 -0.00470799 -0.00469416 -0.00461115 -0.00456131 -0.00453982 -0.00448658 -0.00446202 -0.00441683 -0.00438402 -0.00436887 -0.00432457 -0.00432325 -0.00430365 -0.00425211 -0.00425317 -0.00422732 -0.00419647 -0.00421883 -0.00420325 -0.00418404 -0.0041987 -0.00417054 
