0 0 0 0 0 0 0 0 0 0 0 0 0 0 0 0 0 0 0 0 0 0 0 0 0 0 0 0 0 0 0 0 0 0 0 0 0 0 0 0 0 0 0 0 0 0 0 0 0 0 0 0 0 0 0 0 0 0 0 0 0 0 0 0 0 0 0 0 0 0 0 0 0 0 0 0 0 0 0 0 0 0 0 0 0 0 0 0 0 0 0 0 0 0 0 0 0 0 0 0 0 0 0 0 0 0 0 0 0 0 0 0 0 0 0 0 0 0 0 0 0 0 0 0 0 0 0 0 0 0 0 0 0 0 0 0 0 0 0 0 0 0 0 0 0 0 0 0 0 0 0 0 0 0 0 0 0 0 0 0 0 0 0 0 0 0 0 0 0 0 0 0 0 0 0 0 0 0 0 0 0 0 0 0 0 0 0 0 0 0 0 0 0 0 0 0 0 0 0 0 
0 -2.26294e-06 1.22554e-05 1.26449e-05 2.84308e-06 1.2183e-05 1.05698e-05 3.73329e-06 2.27141e-05 2.5068e-05 1.84598e-05 3.05418e-05 2.71907e-05 2.12797e-05 3.11044e-05 3.93757e-05 3.40716e-05 3.03674e-05 4.54629e-05 3.89761e-05 4.11673e-05 6.77092e-05 5.49835e-05 4.96648e-05 5.05625e-05 5.62325e-05 8.09762e-05 5.5263e-05 5.84543e-05 8.3981e-05 7.64714e-05 8.68634e-05 8.35042e-05 9.55092e-05 9.53006e-05 9.44263e-05 0.000112956 9.34994e-05 0.000114736 0.000118816 0.000114053 0.000131145 0.00013142 0.000149675 0.000139349 0.000164093 0.000170489 0.00016481 0.000188591 0.000188447 0.000205603 0.000197844 0.000226833 0.000233335 0.000235281 0.00025942 0.000271185 0.000296727 0.000293544 0.000335829 0.000352244 0.000377483 0.000398234 0.000438616 0.000484015 0.000508799 0.00056823 0.000625098 0.000716988 0.000785394 0.000908027 0.00104734 0.00123589 0.00143463 0.00168462 0.00198721 0.00232814 0.00269273 0.00304946 0.0034197 0.00373626 0.00398961 0.00408801 0.00405823 0.00383504 0.00345292 0.00284857 0.00208992 0.00117908 0.000231834 -0.000729551 -0.00160103 -0.00235759 -0.00289319 -0.00318177 -0.00315711 -0.0028533 -0.00227936 -0.00152249 -0.000626337 0.000310703 0.00124047 0.00206404 0.00273386 0.0031563 0.003308 0.0031399 0.00270043 0.0020078 0.00116254 0.000192768 -0.000799874 -0.00179028 -0.00265996 -0.00339214 -0.00390483 -0.00424927 -0.00438704 -0.00438082 -0.00419524 -0.00391912 -0.00356001 -0.00320035 -0.00281773 -0.00245205 -0.00210903 -0.00182211 -0.00158634 -0.00137078 -0.00119904 -0.00105067 -0.000962046 -0.000857861 -0.000788774 -0.000714849 -0.000686501 -0.000635496 -0.000595038 -0.000564237 -0.000542916 -0.000524551 -0.000482366 -0.000481486 -0.000456299 -0.00044794 -0.000415206 -0.000415863 -0.000403801 -0.000377479 -0.000375661 -0.000358837 -0.0003597 -0.00032851 -0.000338201 -0.000327473 -0.000310247 -0.000314833 -0.00030285 -0.000307447 -0.000284937 -0.000298358 -0.000288703 -0.000271932 -0.000284742 -0.000263927 -0.00026745 -0.000259044 -0.000256158 -0.000248547 -0.000240594 -0.000265364 -0.000237935 -0.000231368 -0.000247675 -0.000242646 -0.000246644 -0.000220169 -0.000220247 -0.00023716 -0.000222421 -0.000221641 -0.000222173 -0.000219775 -0.00021437 -0.000219238 -0.000232217 -0.000211449 -0.000209642 -0.000219019 -0.000197049 -0.000207865 -0.000222119 -0.000204961 -0.000213803 -0.000217455 -0.000198048 -0.000205726 -0.000211122 -0.000197681 -0.000208439 
0 1.22554e-05 -1.13001e-05 1.48101e-05 2.10549e-05 1.31611e-05 4.26367e-05 3.29145e-05 2.9131e-05 4.1526e-05 3.14402e-05 4.98761e-05 5.29653e-05 5.51813e-05 7.49735e-05 5.40379e-05 7.07646e-05 9.40196e-05 7.28676e-05 9.23236e-05 9.90452e-05 7.86821e-05 9.11992e-05 0.000120467 0.000131987 0.000110941 0.000123387 0.000147546 0.000143236 0.000154398 0.000148837 0.00015249 0.000177348 0.000175169 0.000178345 0.000197753 0.000211376 0.000212867 0.000227747 0.000247668 0.000245646 0.000257 0.000279764 0.000281492 0.000287646 0.000313503 0.000326455 0.000332341 0.000354573 0.000385304 0.00039416 0.000411196 0.000451067 0.000471941 0.000489834 0.000518881 0.00056584 0.000586925 0.000613345 0.000665186 0.000713105 0.000753456 0.000795361 0.000879453 0.000949572 0.00102666 0.00111836 0.00126014 0.00141422 0.00158464 0.00181219 0.0021084 0.00247653 0.00288381 0.00339215 0.00398674 0.00467933 0.00538594 0.0061202 0.00682566 0.00747303 0.007937 0.00815394 0.00805886 0.00763331 0.00683839 0.00565632 0.00412801 0.00234257 0.000447665 -0.00144279 -0.00318154 -0.00466491 -0.00572947 -0.00628872 -0.00624503 -0.00563938 -0.00450911 -0.00300752 -0.00123535 0.000624801 0.00246428 0.0040981 0.00541914 0.00625823 0.00655371 0.00623112 0.00535916 0.00400239 0.00231959 0.000411928 -0.00156962 -0.00351334 -0.00525709 -0.0066924 -0.00774379 -0.00841265 -0.00872262 -0.00869063 -0.00836346 -0.00779967 -0.00712374 -0.00638584 -0.00565092 -0.00490864 -0.00424494 -0.00366207 -0.00319107 -0.00276477 -0.00241418 -0.00213318 -0.00192807 -0.00174622 -0.00158079 -0.00146197 -0.00137048 -0.00129102 -0.00119408 -0.00113791 -0.00108889 -0.00103939 -0.000976184 -0.000942283 -0.000917825 -0.00087164 -0.000835804 -0.000815109 -0.000799404 -0.000759035 -0.0007409 -0.000733786 -0.000708856 -0.000683781 -0.000675853 -0.000666294 -0.000636678 -0.000624824 -0.00062127 -0.000596646 -0.000579954 -0.000579655 -0.000563495 -0.00054691 -0.000547417 -0.000544331 -0.000524453 -0.000521598 -0.000529145 -0.000509902 -0.000504271 -0.000493967 -0.00048233 -0.000496563 -0.00047868 -0.000452218 -0.00045722 -0.000480012 -0.000469808 -0.000440705 -0.000460387 -0.000451995 -0.000435077 -0.000456427 -0.000437135 -0.000427139 -0.000428416 -0.000419528 -0.000438082 -0.000427927 -0.000428563 -0.000438496 -0.00040497 -0.000416869 -0.000423022 -0.000398046 -0.00042832 -0.000423562 -0.000403395 -0.000431492 -0.000409532 
0 1.26449e-05 1.48101e-05 2.38972e-05 2.41712e-05 2.76573e-05 3.84611e-05 3.79519e-05 5.28961e-05 6.55541e-05 6.3018e-05 7.67435e-05 8.02886e-05 7.90753e-05 9.54147e-05 0.000101834 0.000105246 0.000114053 0.000121526 0.000128577 0.000140764 0.000156919 0.000158659 0.000162967 0.000168466 0.000177648 0.000201428 0.000196779 0.000202133 0.000229572 0.00023485 0.000246379 0.000260339 0.000273101 0.000280713 0.000295336 0.000314598 0.000312796 0.000337689 0.00035657 0.000362696 0.000386556 0.000408942 0.000429333 0.000440052 0.000476473 0.000498237 0.000510164 0.00054604 0.000574368 0.000599568 0.000620124 0.00066951 0.000701404 0.000728337 0.000777797 0.00083044 0.000878353 0.000918509 0.000997175 0.00106636 0.00113428 0.00121136 0.00132311 0.00144027 0.00155429 0.00171017 0.0019076 0.00214765 0.00240934 0.00276031 0.00320313 0.00374911 0.00437595 0.00513308 0.00602878 0.00703766 0.00809985 0.00917291 0.01022 0.0111398 0.0118129 0.0121018 0.0119499 0.0112864 0.010089 0.00831852 0.00605568 0.00341746 0.000617327 -0.00217272 -0.00474007 -0.00691387 -0.00847646 -0.00928342 -0.00922252 -0.00832292 -0.00666801 -0.00444528 -0.00183816 0.000919317 0.00362646 0.00604529 0.00798084 0.00922291 0.00965108 0.0091912 0.0079117 0.00592815 0.00344538 0.00063339 -0.00229467 -0.00516222 -0.00773991 -0.00987767 -0.0114539 -0.0124768 -0.0129502 -0.0129336 -0.0124652 -0.011672 -0.0106753 -0.00959974 -0.00849474 -0.00741218 -0.00641381 -0.00554801 -0.00481933 -0.004184 -0.00365435 -0.00322621 -0.00290543 -0.00262196 -0.00238642 -0.00219422 -0.00205871 -0.00192655 -0.00180205 -0.00170774 -0.00163425 -0.00156133 -0.00147602 -0.00142754 -0.00137722 -0.00132479 -0.0012659 -0.00123542 -0.00120034 -0.00114892 -0.00111889 -0.00109121 -0.00106285 -0.00102009 -0.00100721 -0.000984953 -0.000951634 -0.00093721 -0.000921449 -0.000903532 -0.00087696 -0.000875125 -0.000856189 -0.000831972 -0.000829026 -0.000809831 -0.000795044 -0.000782516 -0.000774033 -0.000755863 -0.000747781 -0.000753555 -0.000728234 -0.000720867 -0.0007252 -0.000715234 -0.000708584 -0.000692184 -0.000684458 -0.000684285 -0.000678919 -0.000670255 -0.00066378 -0.000663732 -0.000653641 -0.00065635 -0.000660975 -0.000643496 -0.00064299 -0.000639534 -0.000625981 -0.000634263 -0.000634368 -0.000629336 -0.000633852 -0.00062785 -0.000622663 -0.00062138 -0.000618271 -0.000619763 -0.000620986 
0 2.84308e-06 2.10549e-05 2.41712e-05 3.32924e-05 4.83587e-05 4.77748e-05 5.81858e-05 7.13197e-05 7.69974e-05 8.81016e-05 9.53951e-05 0.000107131 0.00011424 0.000119469 0.000141784 0.000143668 0.000147069 0.000171907 0.000171032 0.000180089 0.000204846 0.000210269 0.000217635 0.000225672 0.000246904 0.000265524 0.000263371 0.000281408 0.000299813 0.000312542 0.0003292 0.000339275 0.000361638 0.000376611 0.000393114 0.000415665 0.00042818 0.000454614 0.000473802 0.000493471 0.000520344 0.000542172 0.000571337 0.000593257 0.000627453 0.000658026 0.000684751 0.000726279 0.000760189 0.00080108 0.000838734 0.000890013 0.000938815 0.000983657 0.00104773 0.00110813 0.00117725 0.0012424 0.00133256 0.00142428 0.00151849 0.00163305 0.00176647 0.00192522 0.00208873 0.00230557 0.00256468 0.00288559 0.00325928 0.00373611 0.00433422 0.00505754 0.00591796 0.00692972 0.00812052 0.00943475 0.0108365 0.0122374 0.0135918 0.0147513 0.0155878 0.0159273 0.0156881 0.0147757 0.0131584 0.0108167 0.00784336 0.00440509 0.000743542 -0.00288878 -0.00623772 -0.00904389 -0.0110643 -0.0120872 -0.0120101 -0.0108324 -0.00869297 -0.00579114 -0.00240204 0.00120548 0.00472637 0.00788525 0.0103897 0.0120102 0.0125602 0.0119858 0.0103346 0.00778177 0.00454939 0.000894203 -0.00293055 -0.00666115 -0.0100367 -0.0128478 -0.0149574 -0.0163408 -0.017006 -0.0170245 -0.0164621 -0.0154776 -0.0142053 -0.0128114 -0.0113609 -0.00995514 -0.00863953 -0.00749214 -0.00649849 -0.00565583 -0.00494443 -0.00437027 -0.00391499 -0.00353323 -0.00322097 -0.00295999 -0.00276315 -0.00257989 -0.00242677 -0.00229098 -0.00218486 -0.00208144 -0.00198291 -0.00190601 -0.00183116 -0.00176605 -0.00169456 -0.00164564 -0.00159179 -0.00153992 -0.00149586 -0.00145377 -0.00141849 -0.00137391 -0.00134665 -0.00131314 -0.00128088 -0.0012552 -0.00122652 -0.00120545 -0.00117594 -0.00115845 -0.0011372 -0.00111357 -0.0011002 -0.00107685 -0.00106448 -0.00104865 -0.00103086 -0.00101818 -0.00100161 -0.000999113 -0.000980865 -0.000960589 -0.000959825 -0.000951918 -0.000942186 -0.000921557 -0.000915229 -0.000921869 -0.000900549 -0.000894734 -0.000896248 -0.000879489 -0.000876671 -0.000874123 -0.000869247 -0.000862295 -0.000853064 -0.000857384 -0.000847149 -0.000841188 -0.000852181 -0.000837036 -0.000833403 -0.000843139 -0.000826123 -0.000829889 -0.000838505 -0.000821518 -0.000829615 
0 1.2183e-05 1.31611e-05 2.76573e-05 4.83587e-05 5.12195e-05 6.6645e-05 8.79908e-05 8.21625e-05 9.03684e-05 0.000111818 0.000114523 0.000129396 0.000152628 0.000158075 0.000159802 0.000181505 0.000202293 0.000200425 0.000223936 0.000239838 0.000227309 0.000254323 0.000280547 0.000302383 0.000310368 0.000301042 0.000351559 0.000368715 0.000363443 0.000392207 0.000402788 0.000433649 0.000444582 0.00046929 0.000498092 0.000506717 0.000556231 0.000562837 0.000593749 0.000629909 0.000646459 0.000687405 0.000704129 0.000757133 0.000775727 0.000817284 0.000869372 0.000897221 0.000958289 0.000994269 0.0010675 0.00110728 0.00117616 0.00124839 0.00131058 0.00139827 0.00146813 0.00158278 0.00166389 0.00179112 0.00191041 0.00206225 0.00222593 0.00241251 0.00265278 0.00291194 0.00325808 0.00364321 0.00415925 0.00475552 0.00552288 0.00642421 0.00752472 0.00880029 0.0102655 0.0118838 0.0135856 0.015309 0.0169076 0.0182815 0.0192086 0.0195827 0.0192025 0.0180393 0.0159743 0.0130935 0.00943476 0.0052672 0.000799233 -0.00359819 -0.00766555 -0.0110315 -0.0134568 -0.0146599 -0.014563 -0.0131315 -0.0105517 -0.00703103 -0.0029225 0.00146556 0.00573599 0.00956981 0.0125918 0.0145542 0.015218 0.0145519 0.0125761 0.00952313 0.00560838 0.00118994 -0.00346749 -0.00798222 -0.0121147 -0.0155545 -0.0182111 -0.0199514 -0.0208562 -0.0209243 -0.0203399 -0.019194 -0.017718 -0.0160178 -0.01427 -0.0125446 -0.010943 -0.00950533 -0.00824764 -0.007191 -0.00628962 -0.00557132 -0.00495431 -0.00448523 -0.0040707 -0.00376013 -0.00347129 -0.0032534 -0.00305625 -0.00288744 -0.00274208 -0.00260164 -0.00250481 -0.00237985 -0.00230012 -0.00219968 -0.0021382 -0.00205395 -0.00198672 -0.00193801 -0.00186908 -0.00182889 -0.00176378 -0.00174114 -0.0016807 -0.0016437 -0.00161499 -0.00156663 -0.00154311 -0.0014963 -0.00148582 -0.00143944 -0.00141584 -0.00140426 -0.00136236 -0.00135844 -0.00132669 -0.00131307 -0.0012952 -0.0012794 -0.00126819 -0.00122159 -0.00123428 -0.00122657 -0.00118784 -0.00117632 -0.00116233 -0.00117716 -0.00116017 -0.00112895 -0.00113593 -0.00112525 -0.00111303 -0.00110892 -0.00110385 -0.00108735 -0.00106839 -0.00108306 -0.00107739 -0.00106189 -0.00107891 -0.00106169 -0.00104069 -0.00105662 -0.00104415 -0.00103372 -0.00105337 -0.00104274 -0.00103289 -0.00104833 -0.00103425 
0 1.05698e-05 4.26367e-05 3.84611e-05 4.77748e-05 6.6645e-05 6.48464e-05 8.97632e-05 0.000105109 0.000117751 0.000144318 0.00014161 0.000159156 0.000174894 0.000173915 0.000211805 0.000219069 0.000219265 0.000253758 0.000260014 0.00027692 0.000310642 0.000326046 0.000323979 0.000333362 0.000375613 0.000388021 0.000400564 0.000427109 0.000438765 0.000481126 0.000502996 0.000512391 0.000546477 0.000573765 0.000594793 0.000614158 0.000655503 0.000677687 0.000701655 0.000752563 0.000780477 0.000815043 0.000860973 0.000910753 0.000943632 0.000990357 0.00105438 0.00109357 0.00114594 0.00121091 0.00127969 0.00133271 0.00140843 0.00150057 0.00157862 0.00166728 0.00177537 0.00190194 0.00201363 0.00215327 0.00231945 0.00250485 0.00269905 0.00293599 0.00323222 0.00357098 0.00397487 0.00446989 0.00510095 0.00585541 0.00677374 0.0078778 0.00921134 0.0107496 0.0124833 0.0143726 0.0163652 0.0183471 0.020169 0.0216681 0.0226641 0.0229878 0.0224634 0.020989 0.0185058 0.0150747 0.0108089 0.00595142 0.00078293 -0.00431849 -0.00899694 -0.0128621 -0.0156104 -0.0169714 -0.0168352 -0.0151894 -0.0122103 -0.0081512 -0.00339208 0.00168398 0.00663199 0.0110548 0.0145424 0.0167951 0.0175757 0.0168285 0.0145989 0.0111046 0.00661391 0.00150082 -0.0038771 -0.00912221 -0.0139202 -0.0179818 -0.0211431 -0.0232885 -0.0244296 -0.024629 -0.0240427 -0.0228295 -0.0211735 -0.0192426 -0.017208 -0.0152074 -0.0133222 -0.0116057 -0.0100836 -0.00879459 -0.00771129 -0.00681303 -0.00605499 -0.00545201 -0.00496295 -0.00456063 -0.00420841 -0.00392617 -0.00369821 -0.0034918 -0.00330254 -0.00314353 -0.00301979 -0.00288549 -0.00276523 -0.00266422 -0.00258224 -0.00248214 -0.00239609 -0.00233315 -0.00226201 -0.00218757 -0.00212603 -0.00208468 -0.00201796 -0.00196727 -0.00193193 -0.00188913 -0.00184154 -0.00180895 -0.00178664 -0.00173705 -0.00171335 -0.00169027 -0.00165133 -0.00162295 -0.00160332 -0.0015795 -0.00153798 -0.00152968 -0.00151365 -0.00148765 -0.00147876 -0.00144695 -0.00144195 -0.00144435 -0.00141642 -0.00138533 -0.00137633 -0.00138227 -0.00135307 -0.00134449 -0.00134533 -0.00131309 -0.00132146 -0.00132196 -0.00130448 -0.00130693 -0.00128367 -0.00127581 -0.00127447 -0.00126073 -0.00127483 -0.00126663 -0.00125727 -0.00126749 -0.00124514 -0.00124331 -0.00125246 -0.00123434 -0.00124796 
0 3.73329e-06 3.29145e-05 3.79519e-05 5.81858e-05 8.79908e-05 8.97632e-05 0.000108276 0.000123253 0.000130212 0.000154542 0.000164591 0.000186501 0.000209373 0.000212601 0.000242711 0.000256859 0.000263352 0.000299675 0.000307749 0.000318123 0.00034817 0.000364864 0.0003872 0.000410204 0.000436697 0.000454775 0.000473808 0.000508003 0.000520569 0.00054909 0.000581066 0.000593992 0.000635289 0.000667451 0.000691426 0.000729274 0.000768452 0.000803188 0.000831469 0.000883896 0.000920956 0.000951364 0.00101052 0.00105616 0.00109992 0.00115445 0.00122412 0.00127974 0.00133575 0.00142468 0.00149787 0.00157055 0.00165948 0.0017677 0.00186364 0.00196104 0.00209827 0.0022351 0.0023746 0.00253028 0.00273465 0.00295027 0.00318095 0.0034692 0.0038246 0.00424278 0.0047216 0.00533437 0.00609264 0.00701323 0.00809984 0.00941887 0.0109882 0.0127876 0.0147782 0.0169243 0.0191699 0.0213681 0.0233526 0.0249232 0.0259229 0.026145 0.0254276 0.0236223 0.0207186 0.0167682 0.0119466 0.0064766 0.000697554 -0.00500806 -0.0101993 -0.0144755 -0.0174776 -0.0189578 -0.0187757 -0.0169463 -0.0136246 -0.00910844 -0.00378861 0.00187619 0.00740837 0.0123313 0.0162173 0.0187155 0.0196052 0.0188021 0.0163789 0.0125271 0.00756119 0.00186011 -0.00413597 -0.0100196 -0.015414 -0.0200489 -0.0236998 -0.0262571 -0.0276749 -0.0280546 -0.0275341 -0.0263138 -0.0245484 -0.0224421 -0.0201746 -0.0179271 -0.0157833 -0.0138001 -0.0120236 -0.0104983 -0.00922262 -0.00813875 -0.00723219 -0.00648962 -0.00590801 -0.00541071 -0.00498831 -0.00463831 -0.00436478 -0.00411627 -0.00388261 -0.00369558 -0.00353715 -0.00338679 -0.0032315 -0.00311895 -0.00301411 -0.00290217 -0.0028007 -0.00272348 -0.00264993 -0.0025576 -0.00249676 -0.00243943 -0.00237274 -0.00231009 -0.00226465 -0.00221854 -0.00215408 -0.00211983 -0.00207993 -0.00202938 -0.00199518 -0.00196411 -0.00193059 -0.00189069 -0.00187437 -0.00184636 -0.00181055 -0.00179908 -0.00176684 -0.00174335 -0.00172859 -0.00169977 -0.00167941 -0.00166156 -0.00164946 -0.00162697 -0.00161565 -0.00161268 -0.00158093 -0.0015768 -0.00157401 -0.00154679 -0.00154507 -0.00153024 -0.00151459 -0.00151482 -0.00150157 -0.00150388 -0.00149703 -0.00148227 -0.00148744 -0.0014694 -0.0014618 -0.00147292 -0.00145656 -0.00146052 -0.00146862 -0.00144875 -0.00145552 
0 2.27141e-05 2.9131e-05 5.28961e-05 7.13197e-05 8.21625e-05 0.000105109 0.000123253 0.000142932 0.000156067 0.000171896 0.0001999 0.000206284 0.000232901 0.000263589 0.000256211 0.000291502 0.000323082 0.000320597 0.000360603 0.000383089 0.000389197 0.00041475 0.000443586 0.000485315 0.000489495 0.000504776 0.000556116 0.000577148 0.000604243 0.000628115 0.000660233 0.000701513 0.00072292 0.000765274 0.000795732 0.000833704 0.000881264 0.000910691 0.000961688 0.00100555 0.00105347 0.00110224 0.00115465 0.00121847 0.00126516 0.00133539 0.00140472 0.00146995 0.00154579 0.00162934 0.0017221 0.00180227 0.00191021 0.00202563 0.00213776 0.00226301 0.00240987 0.00257621 0.00273493 0.00293068 0.00316057 0.00341638 0.0036966 0.00403812 0.00446501 0.0049542 0.00554163 0.00626443 0.00717265 0.00825003 0.00953293 0.0110638 0.0128695 0.0149146 0.0171447 0.0195272 0.0219711 0.0243375 0.0264051 0.0279995 0.0289194 0.028996 0.0280189 0.0258802 0.0225464 0.0181299 0.0127962 0.00681225 0.000511049 -0.00567317 -0.0112788 -0.0158599 -0.0190536 -0.0206034 -0.0203768 -0.0183865 -0.01479 -0.00989747 -0.00412517 0.0020242 0.00802761 0.0133602 0.0175639 0.020269 0.0212508 0.0204254 0.0178598 0.0137481 0.00840538 0.00224624 -0.00426706 -0.0106768 -0.0166064 -0.0217453 -0.0258767 -0.0288327 -0.0305819 -0.0311808 -0.0308102 -0.0296313 -0.0278417 -0.025613 -0.0231804 -0.0207116 -0.018335 -0.0160988 -0.0140745 -0.0123137 -0.0108184 -0.00955005 -0.0084707 -0.00759451 -0.00688231 -0.00629676 -0.00578756 -0.00537647 -0.00504056 -0.0047478 -0.00448223 -0.0042556 -0.00407323 -0.00389114 -0.003728 -0.00358439 -0.00346388 -0.00333835 -0.00322137 -0.00313041 -0.00303354 -0.0029451 -0.00285983 -0.00279312 -0.0027187 -0.00264663 -0.00259465 -0.00253049 -0.00247849 -0.00242414 -0.00238086 -0.00233457 -0.00228516 -0.00225605 -0.00220926 -0.00217833 -0.00214266 -0.00210484 -0.00208549 -0.00205029 -0.00202486 -0.00198814 -0.00197101 -0.00196622 -0.00191984 -0.00189664 -0.00188677 -0.00187858 -0.00185781 -0.00181821 -0.00182494 -0.00180917 -0.00177769 -0.00178792 -0.00176661 -0.00174467 -0.00174362 -0.00173203 -0.00172762 -0.00171387 -0.00170954 -0.00170468 -0.00168236 -0.00169216 -0.00168718 -0.00166634 -0.00168446 -0.00167284 -0.00165628 -0.00167829 -0.00166182 
0 2.5068e-05 4.1526e-05 6.55541e-05 7.69974e-05 9.03684e-05 0.000117751 0.000130212 0.000156067 0.000188039 0.000197675 0.00022391 0.000245527 0.000251102 0.000281119 0.000310976 0.00032856 0.000349452 0.000374435 0.000397818 0.000420625 0.000458898 0.000488661 0.000499875 0.000513014 0.000552385 0.000604563 0.000611895 0.000634532 0.00068654 0.000716306 0.000755188 0.00078552 0.000823745 0.000863706 0.00090082 0.000949888 0.000978429 0.00103713 0.00108465 0.00112887 0.00119351 0.00124372 0.00131386 0.00136679 0.00144451 0.00151429 0.00158282 0.00167389 0.00174834 0.0018515 0.00193692 0.00205263 0.00216318 0.00228639 0.00242679 0.00256519 0.0027428 0.00290954 0.00312184 0.00333637 0.00360618 0.00389666 0.0042365 0.00464673 0.00512983 0.00572281 0.00640917 0.00728314 0.00832008 0.00959073 0.011065 0.0128307 0.014856 0.0171353 0.0195907 0.0221699 0.024775 0.027224 0.0293293 0.0308553 0.0316556 0.0314937 0.0302392 0.0277223 0.0240018 0.0191351 0.0133796 0.00694785 0.000256182 -0.00630438 -0.0121902 -0.0169934 -0.0202935 -0.0218854 -0.0215978 -0.0194865 -0.0156705 -0.0105021 -0.00438099 0.00212576 0.00849092 0.0141229 0.0185745 0.021432 0.022506 0.0216731 0.0190369 0.014742 0.0091532 0.00264634 -0.00424151 -0.0110928 -0.0174515 -0.0230586 -0.0276092 -0.0309893 -0.0330742 -0.0339793 -0.0337977 -0.032757 -0.0309907 -0.0287383 -0.0261869 -0.0235559 -0.0209651 -0.0185017 -0.016249 -0.0142442 -0.0125326 -0.0110474 -0.00981434 -0.00876592 -0.00793371 -0.00721965 -0.00664269 -0.00614748 -0.00574664 -0.00540219 -0.00509681 -0.00484544 -0.00460722 -0.00441893 -0.0042225 -0.00407027 -0.00391072 -0.00378061 -0.00365425 -0.00353155 -0.00343243 -0.00332278 -0.003242 -0.00313996 -0.00307098 -0.00299339 -0.0029183 -0.00285942 -0.00279288 -0.00274545 -0.00267718 -0.00264002 -0.00259001 -0.00253548 -0.00250207 -0.00245317 -0.00242011 -0.00237629 -0.00234266 -0.00230571 -0.00227689 -0.00226658 -0.00221374 -0.00218499 -0.00218538 -0.00216435 -0.00212873 -0.00209369 -0.00208549 -0.00207369 -0.00204971 -0.00203052 -0.00201407 -0.00199989 -0.00198327 -0.00198468 -0.00197715 -0.00194825 -0.00194254 -0.00193194 -0.00191205 -0.00191645 -0.00191409 -0.00190084 -0.00190102 -0.00189576 -0.00188112 -0.00188065 -0.00188057 -0.00187135 -0.00187651 
0 1.84598e-05 3.14402e-05 6.3018e-05 8.81016e-05 0.000111818 0.000144318 0.000154542 0.000171896 0.000197675 0.00021049 0.000243786 0.000272235 0.000291546 0.000325814 0.000341309 0.000362301 0.000397223 0.0004179 0.00044651 0.000473767 0.000491822 0.000522323 0.000566642 0.000598987 0.000623538 0.00066178 0.000685044 0.000723757 0.000770869 0.000786401 0.000828627 0.000877686 0.000915457 0.000958033 0.00100907 0.00106393 0.00109928 0.00116648 0.00122119 0.00126298 0.0013353 0.0013949 0.0014599 0.00152156 0.0016107 0.00168719 0.00175959 0.00186898 0.00196078 0.00206664 0.00217145 0.0023077 0.00243301 0.00256352 0.00272941 0.00289272 0.00308084 0.00327 0.00351527 0.00376725 0.00406056 0.0043994 0.00480228 0.0052824 0.00583735 0.00653123 0.0073514 0.0083679 0.00956612 0.0110222 0.0127212 0.0147093 0.0169578 0.0194466 0.0221079 0.0248466 0.0275501 0.0300205 0.0320802 0.0334845 0.0340792 0.0336362 0.0320417 0.0291586 0.0250524 0.019806 0.013678 0.00691448 -7.15179e-05 -0.00686198 -0.0129268 -0.0178356 -0.0211896 -0.0227694 -0.0224316 -0.0202151 -0.0162593 -0.0108971 -0.00455809 0.0021925 0.00878255 0.0146204 0.0192263 0.0222048 0.0233463 0.022546 0.0198808 0.01551 0.00977474 0.00307124 -0.00408133 -0.0112419 -0.0179617 -0.0239483 -0.0288976 -0.0326697 -0.035138 -0.0363826 -0.0364763 -0.0356275 -0.0339761 -0.0317671 -0.0291784 -0.0264348 -0.023668 -0.0210099 -0.0185413 -0.0163129 -0.0143631 -0.0126711 -0.0112552 -0.0100468 -0.00905831 -0.00822023 -0.00755089 -0.00697356 -0.00649394 -0.00608463 -0.00574308 -0.00544691 -0.0051662 -0.00494314 -0.00473151 -0.00455092 -0.00436218 -0.00421967 -0.00408201 -0.00394176 -0.00382369 -0.00371534 -0.00362291 -0.00350653 -0.00343214 -0.0033511 -0.00326341 -0.00319006 -0.00312368 -0.0030621 -0.00298082 -0.00293865 -0.00288123 -0.00281811 -0.00278129 -0.00273447 -0.00268981 -0.00264768 -0.00262532 -0.00257911 -0.00253469 -0.00252011 -0.00247937 -0.00244777 -0.00241946 -0.00238232 -0.00236472 -0.002351 -0.00232594 -0.00229726 -0.00228496 -0.00226666 -0.00224868 -0.0022414 -0.00221139 -0.00219249 -0.00218438 -0.00216467 -0.00216435 -0.00215998 -0.00214399 -0.00213837 -0.00212527 -0.00211079 -0.00210791 -0.00210421 -0.00209865 -0.00209885 -0.00209688 -0.00208885 -0.00208731 
0 3.05418e-05 4.98761e-05 7.67435e-05 9.53951e-05 0.000114523 0.00014161 0.000164591 0.0001999 0.00022391 0.000243786 0.000279503 0.000288388 0.000317198 0.000362425 0.000363703 0.000402766 0.000448229 0.000450639 0.000494863 0.000535325 0.000551642 0.000583815 0.000616746 0.000660301 0.00068343 0.000714645 0.000765974 0.000798348 0.000849052 0.000878913 0.000920095 0.000986606 0.00100954 0.00106217 0.00111899 0.00116285 0.00121983 0.00127477 0.00134843 0.00139453 0.00147239 0.00155572 0.0016096 0.001703 0.0017865 0.00187775 0.00195862 0.00206925 0.0021865 0.00227621 0.0024157 0.00254916 0.002697 0.00283783 0.00302268 0.00322341 0.00341146 0.00365225 0.00391448 0.00422675 0.00454145 0.00494671 0.00541926 0.00597187 0.00662327 0.00741526 0.00839989 0.00954752 0.0109393 0.01257 0.0145143 0.0167047 0.0191704 0.0218388 0.0246703 0.0275213 0.0302488 0.0326786 0.0346024 0.0358305 0.0361318 0.0353723 0.0333827 0.0301543 0.0256698 0.0201207 0.0136773 0.00670334 -0.000474849 -0.0073481 -0.0134882 -0.0183896 -0.021744 -0.0232618 -0.0228823 -0.0205791 -0.0165602 -0.0110908 -0.00466445 0.00220941 0.00888734 0.0148321 0.0195011 0.0225654 0.0237512 0.0230181 0.0203652 0.0160195 0.0102371 0.0034847 -0.00382007 -0.0111555 -0.0181624 -0.0244356 -0.0297577 -0.0338823 -0.0367728 -0.03838 -0.0388331 -0.0382275 -0.0367851 -0.0346824 -0.0321418 -0.029338 -0.0264443 -0.0236223 -0.0209523 -0.0185188 -0.0163152 -0.014423 -0.0127889 -0.0114275 -0.0102478 -0.00928948 -0.00849567 -0.00783843 -0.00726985 -0.00678909 -0.00641199 -0.00605835 -0.00575724 -0.00547867 -0.00526972 -0.00504722 -0.00484645 -0.00468063 -0.00452581 -0.00437877 -0.00422303 -0.00412344 -0.00399618 -0.00388111 -0.00378325 -0.0036943 -0.00360587 -0.00350685 -0.00345539 -0.00337093 -0.00329946 -0.00324742 -0.00318276 -0.00312782 -0.00306631 -0.00303228 -0.00296835 -0.00291695 -0.00289424 -0.00283528 -0.00280075 -0.00276258 -0.00272966 -0.00271014 -0.00266596 -0.00263923 -0.00261439 -0.00259662 -0.00256509 -0.00252342 -0.00252862 -0.00249716 -0.00245956 -0.00246946 -0.00244038 -0.00241884 -0.002421 -0.00239881 -0.00238526 -0.00237018 -0.00235782 -0.00235184 -0.00233564 -0.00233888 -0.00233192 -0.00231318 -0.00232171 -0.00231024 -0.00229677 -0.00231153 -0.00229936 
0 2.71907e-05 5.29653e-05 8.02886e-05 0.000107131 0.000129396 0.000159156 0.000186501 0.000206284 0.000245527 0.000272235 0.000288388 0.00033643 0.000353984 0.000367798 0.000427158 0.000446125 0.000466729 0.000515838 0.000534759 0.000568686 0.000609639 0.000654593 0.000687948 0.000693828 0.000756109 0.000809822 0.000832436 0.00087508 0.000912559 0.000975766 0.0010177 0.00105876 0.00111922 0.00116188 0.00123309 0.00127942 0.00133829 0.00141351 0.00146834 0.0015461 0.00161306 0.00170172 0.00177468 0.00186055 0.0019686 0.00205018 0.00216245 0.00227309 0.00240108 0.00251607 0.00265649 0.00282104 0.00296583 0.00314411 0.00333649 0.00356253 0.00377611 0.00404009 0.00434914 0.00468355 0.00506275 0.0055123 0.00607361 0.0067002 0.00746141 0.00838092 0.00951634 0.0108401 0.0124085 0.0142631 0.0164167 0.0188365 0.0214771 0.0243234 0.0272659 0.0301814 0.0328645 0.0351772 0.0369024 0.0378645 0.0378315 0.036682 0.0343054 0.0307048 0.0259111 0.020083 0.0134439 0.00632707 -0.000886531 -0.00775348 -0.013819 -0.018655 -0.0219134 -0.0233689 -0.0229151 -0.0205877 -0.016542 -0.0110921 -0.00467018 0.00216714 0.00883484 0.0147492 0.0194308 0.0225051 0.0237538 0.0230772 0.0205214 0.0162516 0.0105671 0.00385837 -0.00343272 -0.0108601 -0.0180164 -0.0245341 -0.0301391 -0.0346254 -0.0379092 -0.0399416 -0.0407823 -0.0405132 -0.0393397 -0.037433 -0.0350121 -0.0322175 -0.0292665 -0.0263064 -0.0234857 -0.0208376 -0.0184268 -0.0162975 -0.0144707 -0.01291 -0.0115629 -0.0104488 -0.0095263 -0.00877107 -0.00810116 -0.00755813 -0.00710178 -0.00671567 -0.00635582 -0.00605063 -0.00580094 -0.00555406 -0.00533647 -0.00513446 -0.00497661 -0.00479767 -0.00464662 -0.00451501 -0.0043857 -0.00426505 -0.00414526 -0.00406043 -0.0039475 -0.00386151 -0.00377937 -0.00369639 -0.0036239 -0.00354485 -0.00349373 -0.00341506 -0.00336088 -0.00330911 -0.00324936 -0.00320968 -0.00314519 -0.00311141 -0.00307397 -0.00303254 -0.00298969 -0.00293716 -0.00293593 -0.00290228 -0.00284812 -0.00282228 -0.00280045 -0.00279084 -0.00274768 -0.00272484 -0.00272053 -0.00267498 -0.00267051 -0.00266789 -0.00263054 -0.0026213 -0.00260808 -0.00258902 -0.00258068 -0.00257085 -0.00256571 -0.00255112 -0.00254329 -0.00254248 -0.00252513 -0.00252427 -0.0025268 -0.0025114 -0.00251717 
0 2.12797e-05 5.51813e-05 7.90753e-05 0.00011424 0.000152628 0.000174894 0.000209373 0.000232901 0.000251102 0.000291546 0.000317198 0.000353984 0.000396325 0.000416064 0.000457508 0.000482347 0.000508262 0.000563257 0.000585452 0.000624705 0.000664466 0.000683909 0.000742721 0.000793553 0.000832159 0.000860759 0.000903301 0.000969798 0.00100094 0.00105372 0.00110296 0.00114937 0.00122439 0.00126978 0.00133578 0.00140001 0.00146785 0.00154179 0.00160266 0.00169398 0.00176255 0.00185085 0.00194231 0.00203234 0.00214229 0.00223884 0.00236642 0.00248257 0.00261951 0.00275958 0.002911 0.00308592 0.00325182 0.00345546 0.00366444 0.00390902 0.00415875 0.00445528 0.00479872 0.00517525 0.00561692 0.00613386 0.00677251 0.00749762 0.00838055 0.00944373 0.0107375 0.012246 0.0140152 0.0160871 0.0184526 0.0210732 0.0238828 0.0268585 0.0298686 0.0327714 0.0353494 0.0374674 0.0389234 0.0395464 0.0391223 0.0375517 0.0347747 0.0308227 0.025753 0.0197203 0.0129661 0.00582437 -0.00131652 -0.00804696 -0.0139409 -0.0186128 -0.0217271 -0.0230787 -0.0225633 -0.0202327 -0.0162373 -0.0108904 -0.00460226 0.00208221 0.00860442 0.0143943 0.0189982 0.0220474 0.023333 0.022742 0.02032 0.0162156 0.0107199 0.00418448 -0.00298035 -0.0103706 -0.0175819 -0.0242516 -0.0300903 -0.0348991 -0.0385743 -0.0410455 -0.0423206 -0.0424536 -0.0416225 -0.0399907 -0.0377574 -0.0350559 -0.0321056 -0.029069 -0.0261147 -0.0232883 -0.020675 -0.018325 -0.0162824 -0.0145161 -0.0129891 -0.0117083 -0.0106398 -0.00976092 -0.00899514 -0.00836884 -0.00783476 -0.00739093 -0.00698754 -0.00664365 -0.00634911 -0.00607638 -0.00583928 -0.00561171 -0.00542733 -0.00523659 -0.00507666 -0.00492054 -0.00477988 -0.00465465 -0.00452317 -0.00441967 -0.00430356 -0.00421367 -0.00411092 -0.00402328 -0.00394809 -0.00385593 -0.00379222 -0.00371685 -0.00365914 -0.00358984 -0.00353259 -0.00349293 -0.00342709 -0.00339074 -0.00333391 -0.00328869 -0.0032655 -0.00321344 -0.00316706 -0.00312442 -0.00311328 -0.0030832 -0.00303541 -0.00302251 -0.00298454 -0.0029676 -0.00295887 -0.00291869 -0.00290385 -0.00287627 -0.00285204 -0.00284979 -0.00282991 -0.00282257 -0.00281154 -0.00278983 -0.00278247 -0.00276869 -0.00275935 -0.00275724 -0.00274809 -0.00274384 -0.00274038 -0.00273365 -0.00273203 
0 3.11044e-05 7.49735e-05 9.54147e-05 0.000119469 0.000158075 0.000173915 0.000212601 0.000263589 0.000281119 0.000325814 0.000362425 0.000367798 0.000416064 0.00045385 0.000478699 0.000530383 0.000563144 0.000601903 0.000637933 0.000673024 0.000734344 0.000756781 0.000791182 0.000856149 0.000881186 0.000929678 0.000995965 0.00103839 0.00108961 0.00114672 0.00120718 0.00125887 0.00132022 0.00138733 0.00143657 0.00151686 0.00159214 0.00165342 0.00174478 0.00183167 0.00191851 0.00200884 0.00211717 0.00222406 0.00232057 0.00245223 0.00257496 0.00270324 0.00284632 0.00300409 0.0031737 0.00334141 0.00355014 0.00376297 0.00400118 0.00426178 0.00455816 0.00489655 0.00526758 0.00571169 0.00621312 0.00682269 0.00753061 0.00838372 0.00939818 0.0106206 0.0120801 0.0137815 0.0157715 0.0180459 0.02062 0.0234044 0.0263714 0.0294154 0.0324423 0.0352472 0.0376606 0.0395054 0.0406251 0.0408393 0.039979 0.0379698 0.0347921 0.0305184 0.0252111 0.0190549 0.0122694 0.00522314 -0.00174414 -0.00821523 -0.0138524 -0.0182661 -0.0211955 -0.0224025 -0.0218438 -0.0195299 -0.0156634 -0.0104967 -0.00446909 0.00195541 0.00820022 0.0137792 0.0182149 0.0212062 0.0224972 0.0220201 0.0197617 0.015908 0.0106799 0.00443807 -0.00249893 -0.00972422 -0.0168955 -0.0236195 -0.0296388 -0.0347232 -0.0387763 -0.0416848 -0.0434267 -0.0440195 -0.043598 -0.042318 -0.0403359 -0.0378152 -0.034928 -0.0318875 -0.0288219 -0.0258611 -0.0230534 -0.0205074 -0.0182302 -0.0162528 -0.0145319 -0.0130739 -0.011845 -0.010814 -0.00995516 -0.00922319 -0.00861758 -0.00808952 -0.00765523 -0.00726277 -0.0069242 -0.00662358 -0.00636076 -0.00612191 -0.0058899 -0.00570186 -0.00551592 -0.00534466 -0.0051806 -0.0050438 -0.00491002 -0.0047684 -0.00466404 -0.00455425 -0.00444736 -0.00435027 -0.00427045 -0.00418698 -0.00409461 -0.00403746 -0.00396333 -0.00388695 -0.00383277 -0.00376657 -0.00370708 -0.00365512 -0.00360785 -0.00354945 -0.00350435 -0.00348426 -0.0034271 -0.00338897 -0.00337298 -0.00331885 -0.0032883 -0.00326643 -0.00323185 -0.00320377 -0.00316645 -0.00315393 -0.00313672 -0.00310712 -0.00310626 -0.00308154 -0.00305152 -0.00304379 -0.00302414 -0.00301265 -0.00300404 -0.00299486 -0.00298648 -0.00297006 -0.00297186 -0.00296355 -0.00295067 -0.00296101 -0.00294785 
0 3.93757e-05 5.40379e-05 0.000101834 0.000141784 0.000159802 0.000211805 0.000242711 0.000256211 0.000310976 0.000341309 0.000363703 0.000427158 0.000457508 0.000478699 0.00053396 0.000568199 0.000597943 0.000647154 0.000690052 0.000723875 0.000767809 0.000830522 0.000874317 0.000905226 0.000959515 0.00102082 0.00107568 0.00111171 0.00116236 0.00124343 0.00129566 0.00134851 0.00142788 0.00149506 0.00156313 0.00164393 0.00172428 0.00179709 0.00188584 0.00198629 0.00206683 0.00216769 0.00228774 0.00239228 0.00250798 0.002646 0.00279002 0.00292411 0.00308524 0.00327069 0.00344322 0.00363782 0.00386209 0.00410735 0.00435627 0.00464547 0.00498736 0.00535415 0.00577504 0.00626767 0.00686267 0.00754311 0.00835641 0.00933607 0.0105096 0.0119013 0.0135346 0.0154567 0.017657 0.0201523 0.0228911 0.0258445 0.0289076 0.031994 0.0349465 0.0376002 0.0397665 0.0412799 0.0419916 0.0417391 0.0404154 0.037952 0.0344025 0.029821 0.0243475 0.0181205 0.0114237 0.00455159 -0.00211163 -0.00825434 -0.0135203 -0.0176338 -0.0203017 -0.0213719 -0.0207499 -0.0185172 -0.0148148 -0.00994304 -0.00425303 0.00177126 0.00765767 0.0129042 0.0171273 0.0199861 0.0212918 0.0209111 0.0188846 0.015318 0.0104684 0.00458735 -0.00198933 -0.00896589 -0.0159637 -0.0226746 -0.028783 -0.034115 -0.0384965 -0.0418432 -0.0440562 -0.0451581 -0.0452071 -0.0443423 -0.0426918 -0.0404157 -0.0376911 -0.0346939 -0.0315955 -0.0285125 -0.0255717 -0.0228253 -0.0203447 -0.0181332 -0.0162242 -0.0145759 -0.0131715 -0.0119826 -0.0109958 -0.0101705 -0.00945432 -0.00885585 -0.00835096 -0.00792094 -0.00752093 -0.00718246 -0.00689439 -0.00662313 -0.00636926 -0.00615002 -0.00596394 -0.00576574 -0.00559089 -0.00544562 -0.00530035 -0.00515401 -0.00502945 -0.00492394 -0.00479937 -0.00469164 -0.00460535 -0.00450549 -0.00441265 -0.0043358 -0.00426004 -0.00417897 -0.00411756 -0.00406057 -0.00398224 -0.00393346 -0.00389591 -0.00383112 -0.0037731 -0.00373118 -0.00370015 -0.00365439 -0.00359682 -0.00356497 -0.00354297 -0.00350949 -0.00346717 -0.00344515 -0.00342922 -0.00338501 -0.0033689 -0.00335849 -0.00331092 -0.00330035 -0.00329589 -0.00326013 -0.00325601 -0.00324916 -0.00322118 -0.00321873 -0.00321073 -0.00319214 -0.00319091 -0.00318233 -0.00317216 -0.00317467 -0.0031693 
0 3.40716e-05 7.07646e-05 0.000105246 0.000143668 0.000181505 0.000219069 0.000256859 0.000291502 0.00032856 0.000362301 0.000402766 0.000446125 0.000482347 0.000530383 0.000568199 0.000602235 0.00065284 0.000691825 0.000739367 0.000791983 0.00083159 0.000872902 0.000919569 0.000992217 0.00104807 0.00108016 0.00113962 0.0012056 0.00127346 0.00132837 0.00138414 0.0014612 0.00153332 0.0016077 0.00167727 0.00176482 0.00185282 0.00193189 0.00203528 0.00213161 0.00223253 0.00234123 0.00246528 0.00258415 0.00270566 0.00286115 0.00300431 0.00315844 0.00333131 0.00352883 0.00372013 0.00392894 0.00418569 0.00444511 0.00472911 0.00504915 0.00543806 0.00584906 0.00632164 0.0068932 0.00756884 0.00835309 0.00927269 0.0104076 0.0117419 0.0133155 0.0151375 0.0172759 0.0196935 0.0223747 0.025272 0.0283371 0.0314672 0.0345115 0.0373335 0.0397475 0.0416084 0.0427168 0.0429652 0.042203 0.0403959 0.037494 0.0335908 0.0287563 0.0231624 0.0169625 0.0104333 0.00385564 -0.00242873 -0.00813627 -0.0129766 -0.0167056 -0.0190913 -0.019986 -0.0193334 -0.0171969 -0.0137405 -0.00922205 -0.00398622 0.00155811 0.00696654 0.0118164 0.015737 0.0184384 0.0197147 0.0194578 0.0176738 0.0144707 0.0100473 0.00462831 -0.00151877 -0.00812673 -0.0148691 -0.0214577 -0.0275994 -0.0331099 -0.0377919 -0.0415428 -0.0442337 -0.0458688 -0.0464378 -0.0460537 -0.0447951 -0.0428492 -0.04035 -0.037487 -0.0343971 -0.0312586 -0.0281964 -0.0252926 -0.0226037 -0.0201709 -0.0180527 -0.0162039 -0.0146148 -0.0132444 -0.0121222 -0.01117 -0.0103569 -0.00966023 -0.0090904 -0.00860322 -0.00815375 -0.00777555 -0.00744788 -0.00715873 -0.00687074 -0.00663492 -0.006422 -0.00621268 -0.0060197 -0.00585163 -0.00570004 -0.0055352 -0.00540366 -0.00527692 -0.00515263 -0.00503584 -0.00493321 -0.00483648 -0.00473231 -0.00465447 -0.00456908 -0.00448652 -0.00441342 -0.00434764 -0.00428707 -0.00421167 -0.00415286 -0.00410273 -0.00405959 -0.00400204 -0.00393461 -0.0039054 -0.00387491 -0.00383155 -0.00378359 -0.00374484 -0.00372482 -0.00368896 -0.00366134 -0.00363696 -0.00359872 -0.00357627 -0.0035561 -0.0035366 -0.00352045 -0.00350182 -0.00348561 -0.00346504 -0.00345278 -0.00344144 -0.00342725 -0.00342397 -0.00341217 -0.00340407 -0.00340259 -0.00339152 -0.00339238 
0 3.03674e-05 9.40196e-05 0.000114053 0.000147069 0.000202293 0.000219265 0.000263352 0.000323082 0.000349452 0.000397223 0.000448229 0.000466729 0.000508262 0.000563144 0.000597943 0.00065284 0.000706505 0.000741846 0.000792691 0.00083739 0.000892262 0.00095181 0.000991955 0.00104812 0.0011001 0.00116325 0.0012331 0.00129016 0.00136217 0.00141578 0.0014974 0.00157807 0.00163188 0.00172568 0.00179981 0.00189006 0.00198175 0.00207101 0.00218692 0.00227694 0.00240496 0.00251757 0.00264327 0.00278365 0.00291145 0.00308196 0.00322484 0.00340733 0.00358998 0.00379384 0.00401436 0.0042378 0.00452541 0.004797 0.00512718 0.00548175 0.0059121 0.00637979 0.00691328 0.00757714 0.00833275 0.00924239 0.0102866 0.0115909 0.013096 0.0148632 0.0168929 0.0192408 0.0218702 0.0247092 0.027746 0.0308715 0.0340153 0.0369423 0.0395661 0.0416671 0.0431545 0.0437981 0.0435322 0.0422389 0.0399393 0.0366267 0.0323975 0.0273706 0.0217124 0.0156326 0.00935185 0.00317049 -0.00266391 -0.00785383 -0.0122169 -0.0155001 -0.0175803 -0.0182794 -0.0176207 -0.0156089 -0.0124648 -0.00836347 -0.00367473 0.00130971 0.00614558 0.0105314 0.0140783 0.0165865 0.0178007 0.0176784 0.016153 0.0133689 0.0094194 0.00454061 -0.00110952 -0.00724871 -0.0136516 -0.0200163 -0.026123 -0.031737 -0.0366778 -0.0407878 -0.0439479 -0.0461178 -0.047244 -0.0473893 -0.0465892 -0.0450448 -0.0428433 -0.0401958 -0.0371828 -0.0340554 -0.0309058 -0.0278847 -0.0250052 -0.0223726 -0.0200336 -0.0179782 -0.0161945 -0.0146347 -0.0133582 -0.0122549 -0.0113409 -0.0105327 -0.00988723 -0.00932309 -0.0088271 -0.00840311 -0.00802423 -0.00771216 -0.00739081 -0.00713901 -0.00688636 -0.00667023 -0.00646136 -0.00626607 -0.00610528 -0.00592519 -0.00579017 -0.00563499 -0.00551352 -0.00539144 -0.00526738 -0.00517546 -0.00506118 -0.00497783 -0.00487907 -0.00480212 -0.00472374 -0.0046279 -0.00457864 -0.00450198 -0.00443428 -0.00437472 -0.00431347 -0.00427366 -0.0042175 -0.00417557 -0.00412373 -0.00407663 -0.0040508 -0.00400382 -0.00397259 -0.00393112 -0.00388472 -0.00387569 -0.00384586 -0.00381458 -0.00380885 -0.00377324 -0.00373867 -0.00373737 -0.00371255 -0.00368868 -0.00369371 -0.00366644 -0.00364729 -0.00365548 -0.00363137 -0.00362919 -0.00363694 -0.00361146 -0.00361709 
